iteration,job object,job ID,job Length,job ressource requirement,job enter time,job start time,job finish time,job waiting time,current time
1,<environment.Job instance at 0x7f93d54e9640>,1,3,[ 2 10],2,17,20,15,8
1,<environment.Job instance at 0x7f93cc0e0a50>,4,13,[3 6],5,25,38,20,25
1,<environment.Job instance at 0x7f93cc0e34b0>,16,18,[7 3],17,26,44,9,26
1,<environment.Job instance at 0x7f93cc0e0cd0>,6,15,[2 8],7,50,65,43,50
1,<environment.Job instance at 0x7f93cc0e0b90>,8,17,[1 8],9,65,82,56,54
1,<environment.Job instance at 0x7f93cc0e38c0>,22,12,[3 8],23,82,94,59,65
1,<environment.Job instance at 0x7f93cc0e3e60>,27,17,[4 6],28,99,116,71,99
1,<environment.Job instance at 0x7f93cc0e6550>,35,16,[1 9],36,116,132,80,107
1,<environment.Job instance at 0x7f93cc0e6b90>,45,15,[7 5],46,132,147,86,125
1,<environment.Job instance at 0x7f93cc0e6b40>,48,12,[9 2],49,147,159,98,134
1,<environment.Job instance at 0x7f93d54348c0>,6,3,[8 4],7,7,10,0,7
1,<environment.Job instance at 0x7f93d5434be0>,4,18,[7 1],5,16,34,11,16
1,<environment.Job instance at 0x7f93d5435be0>,18,14,[6 4],19,34,48,15,20
1,<environment.Job instance at 0x7f93d56695a0>,21,2,[5 1],22,48,50,26,23
1,<environment.Job instance at 0x7f93d5669320>,22,18,[3 5],23,24,42,1,24
1,<environment.Job instance at 0x7f93d54356e0>,17,16,[1 9],18,48,64,30,37
1,<environment.Job instance at 0x7f93d5660cd0>,27,16,[8 1],28,57,73,29,57
1,<environment.Job instance at 0x7f93d5660640>,31,14,[8 5],32,73,87,41,64
1,<environment.Job instance at 0x7f93d5519410>,37,18,[7 1],38,87,105,49,78
1,<environment.Job instance at 0x7f93d5519370>,41,18,[5 4],42,105,123,63,94
1,<environment.Job instance at 0x7f93d5519aa0>,46,18,[2 6],47,107,125,60,107
1,<environment.Job instance at 0x7f93d5435140>,12,14,[4 9],13,125,139,112,112
1,<environment.Job instance at 0x7f93cbf5d320>,33,18,[ 3 10],34,184,202,150,184
1,<environment.Job instance at 0x7f938a4ae0f0>,11,17,[6 4],12,13,30,1,13
1,<environment.Job instance at 0x7f938a4aee10>,12,12,[1 6],13,14,26,1,14
1,<environment.Job instance at 0x7f938a4aea50>,16,12,[8 4],17,30,42,13,17
1,<environment.Job instance at 0x7f938a4ae780>,5,16,[7 5],6,42,58,36,39
1,<environment.Job instance at 0x7f93d5519eb0>,2,13,[9 4],3,58,71,55,51
1,<environment.Job instance at 0x7f938a4d5e10>,30,17,[9 5],31,71,88,40,59
1,<environment.Job instance at 0x7f938a4a9dc0>,39,1,[5 5],40,88,89,48,86
1,<environment.Job instance at 0x7f938a4a9460>,40,2,[7 5],41,89,91,48,86
1,<environment.Job instance at 0x7f938a4a9230>,41,14,[ 3 10],42,91,105,49,86
1,<environment.Job instance at 0x7f938a4d5690>,38,3,[4 6],39,105,108,66,86
1,<environment.Job instance at 0x7f938a4a90f0>,43,1,[2 7],44,108,109,64,86
1,<environment.Job instance at 0x7f938a4a9280>,45,3,[9 2],46,109,112,63,86
1,<environment.Job instance at 0x7f938a4d5550>,35,15,[8 3],36,112,127,76,98
1,<environment.Job instance at 0x7f93cbf5d320>,3,16,[1 9],4,172,188,168,172
1,<environment.Job instance at 0x7f938a4ae8c0>,2,1,[9 2],3,3,4,0,3
1,<environment.Job instance at 0x7f938a7811e0>,0,12,[5 1],1,4,16,3,3
1,<environment.Job instance at 0x7f938a55b320>,11,12,[5 4],12,19,31,7,19
1,<environment.Job instance at 0x7f938a781a50>,8,2,[9 1],9,31,33,22,23
1,<environment.Job instance at 0x7f938a55bbe0>,15,2,[5 6],16,26,28,10,26
1,<environment.Job instance at 0x7f938a55b280>,18,2,[8 1],19,33,35,14,30
1,<environment.Job instance at 0x7f938a55b2d0>,19,14,[ 5 10],20,35,49,15,32
1,<environment.Job instance at 0x7f938a55be60>,22,3,[8 5],23,49,52,26,37
1,<environment.Job instance at 0x7f938a796d70>,26,3,[10  3],27,52,55,25,43
1,<environment.Job instance at 0x7f938a796b90>,25,17,[5 1],26,55,72,29,43
1,<environment.Job instance at 0x7f938a796410>,28,2,[5 7],29,55,57,26,43
1,<environment.Job instance at 0x7f938a796550>,29,2,[10  2],30,72,74,42,45
1,<environment.Job instance at 0x7f938a796780>,31,18,[6 2],32,74,92,42,63
1,<environment.Job instance at 0x7f938a55b500>,20,17,[4 7],21,74,91,53,67
1,<environment.Job instance at 0x7f938a838280>,36,17,[9 1],37,92,109,55,80
1,<environment.Job instance at 0x7f938a781230>,5,17,[10  4],6,109,126,103,99
1,<environment.Job instance at 0x7f938a511b90>,45,15,[5 3],46,129,144,83,129
1,<environment.Job instance at 0x7f938a7d54b0>,4,3,[5 6],5,6,9,1,6
1,<environment.Job instance at 0x7f938a7d5780>,7,2,[10  3],8,9,11,1,8
1,<environment.Job instance at 0x7f938a8269b0>,5,19,[ 1 10],6,15,34,9,15
1,<environment.Job instance at 0x7f938a7d5aa0>,14,16,[5 6],15,34,50,19,27
1,<environment.Job instance at 0x7f938a511b40>,1,14,[ 1 10],2,50,64,48,40
1,<environment.Job instance at 0x7f938a7c93c0>,23,18,[5 1],24,64,82,40,53
1,<environment.Job instance at 0x7f938a8265a0>,3,14,[5 9],4,64,78,60,61
1,<environment.Job instance at 0x7f938a7c96e0>,29,13,[4 5],30,78,91,48,67
1,<environment.Job instance at 0x7f938a7c9b40>,35,18,[5 4],36,82,100,46,76
1,<environment.Job instance at 0x7f938a7c9f00>,38,13,[2 7],39,100,113,61,84
1,<environment.Job instance at 0x7f938a7d3280>,41,13,[8 1],42,100,113,58,92
1,<environment.Job instance at 0x7f938a7d3500>,42,12,[ 5 10],43,113,125,70,98
1,<environment.Job instance at 0x7f938a7d30f0>,44,13,[4 5],45,125,138,80,109
1,<environment.Job instance at 0x7f938a38caa0>,1,16,[5 8],2,4,20,2,4
1,<environment.Job instance at 0x7f93cbe9cd20>,5,1,[5 1],6,6,7,0,6
1,<environment.Job instance at 0x7f93d4922cd0>,17,1,[4 6],18,20,21,2,18
1,<environment.Job instance at 0x7f93d4922be0>,18,17,[1 5],19,21,38,2,20
1,<environment.Job instance at 0x7f93cc1ba6e0>,21,3,[5 9],22,38,41,16,22
1,<environment.Job instance at 0x7f93d4922e60>,15,18,[ 1 10],16,41,59,25,30
1,<environment.Job instance at 0x7f93cc1ba2d0>,23,13,[8 3],24,59,72,35,43
1,<environment.Job instance at 0x7f93cc1ba460>,26,17,[8 4],27,72,89,45,60
1,<environment.Job instance at 0x7f93cc1ba960>,27,15,[3 6],28,89,104,61,78
1,<environment.Job instance at 0x7f93cbe8dc80>,41,3,[9 4],42,104,107,62,87
1,<environment.Job instance at 0x7f93cbe8d870>,42,2,[2 9],43,107,109,64,87
1,<environment.Job instance at 0x7f93d5061f00>,43,15,[7 2],44,89,104,45,87
1,<environment.Job instance at 0x7f93d5061820>,44,12,[8 3],45,109,121,64,93
1,<environment.Job instance at 0x7f93d5061780>,48,12,[5 5],49,121,133,72,104
1,<environment.Job instance at 0x7f93d4922e10>,11,17,[10  2],12,334,351,322,334
1,<environment.Job instance at 0x7f93d4922e10>,3,17,[7 4],4,4,21,0,4
1,<environment.Job instance at 0x7f938a9c49b0>,9,12,[6 3],10,21,33,11,11
1,<environment.Job instance at 0x7f938a56b690>,12,2,[6 5],13,33,35,20,15
1,<environment.Job instance at 0x7f938a56b8c0>,13,16,[4 5],14,21,37,7,19
1,<environment.Job instance at 0x7f938a56bfa0>,18,14,[9 4],19,37,51,18,24
1,<environment.Job instance at 0x7f938aa06870>,19,18,[5 6],20,51,69,31,40
1,<environment.Job instance at 0x7f938a9460a0>,20,16,[8 3],21,69,85,48,56
1,<environment.Job instance at 0x7f938a7d3cd0>,1,2,[4 5],2,2,4,0,2
1,<environment.Job instance at 0x7f93d4baff50>,2,1,[ 4 10],3,4,5,1,4
1,<environment.Job instance at 0x7f93cc03e0a0>,4,16,[5 2],5,6,22,1,6
1,<environment.Job instance at 0x7f938a26de60>,7,14,[3 6],8,10,24,2,10
1,<environment.Job instance at 0x7f938a286280>,11,3,[6 1],12,22,25,10,12
1,<environment.Job instance at 0x7f938a2863c0>,13,3,[4 6],14,24,27,10,14
1,<environment.Job instance at 0x7f938a2865a0>,14,14,[3 8],15,27,41,12,17
1,<environment.Job instance at 0x7f938a286960>,18,16,[5 2],19,25,41,6,25
1,<environment.Job instance at 0x7f938a286fa0>,25,15,[1 5],26,41,56,15,28
1,<environment.Job instance at 0x7f938a268730>,29,18,[5 2],30,47,65,17,47
1,<environment.Job instance at 0x7f938a286d20>,22,14,[2 8],23,56,70,33,48
1,<environment.Job instance at 0x7f938a268460>,27,13,[ 5 10],28,70,83,42,60
1,<environment.Job instance at 0x7f938a268a50>,34,17,[6 1],35,83,100,48,71
1,<environment.Job instance at 0x7f938a286b40>,21,18,[5 8],22,100,118,78,89
1,<environment.Job instance at 0x7f938a268eb0>,41,13,[1 7],42,118,131,76,105
1,<environment.Job instance at 0x7f938a268500>,43,14,[5 6],44,131,145,87,119
1,<environment.Job instance at 0x7f938a2880f0>,45,3,[8 3],46,120,123,74,120
1,<environment.Job instance at 0x7f938a288500>,48,15,[10  4],49,145,160,96,138
1,<environment.Job instance at 0x7f938a2687d0>,30,16,[ 4 10],31,245,261,214,245
1,<environment.Job instance at 0x7f938a27f550>,1,16,[4 5],2,3,19,1,3
1,<environment.Job instance at 0x7f938a504640>,7,16,[7 4],8,19,35,11,8
1,<environment.Job instance at 0x7f93cc52f5a0>,4,17,[2 6],5,19,36,14,10
1,<environment.Job instance at 0x7f93cc08cd70>,19,3,[2 7],20,36,39,16,21
1,<environment.Job instance at 0x7f93d5669460>,21,3,[3 8],22,39,42,17,22
1,<environment.Job instance at 0x7f938a656be0>,14,12,[8 1],15,42,54,27,28
1,<environment.Job instance at 0x7f93cc459410>,24,14,[3 6],25,54,68,29,40
1,<environment.Job instance at 0x7f93d4910460>,25,13,[7 4],26,55,68,29,55
1,<environment.Job instance at 0x7f938a27f640>,0,16,[8 5],1,68,84,67,56
1,<environment.Job instance at 0x7f93d4eb8870>,37,1,[7 2],38,98,99,60,98
1,<environment.Job instance at 0x7f938a38e9b0>,38,14,[8 2],39,99,113,60,99
1,<environment.Job instance at 0x7f93cbec8050>,32,12,[7 5],33,113,125,80,99
1,<environment.Job instance at 0x7f93d4e16690>,1,17,[7 5],2,2,19,0,2
1,<environment.Job instance at 0x7f93d4e16a50>,3,3,[10  3],4,19,22,15,4
1,<environment.Job instance at 0x7f938a9e36e0>,13,15,[6 4],14,22,37,8,14
1,<environment.Job instance at 0x7f938a765190>,18,13,[8 3],19,37,50,18,22
1,<environment.Job instance at 0x7f938a9e3fa0>,16,12,[10  2],17,50,62,33,34
1,<environment.Job instance at 0x7f93cc5ff320>,26,3,[6 4],27,62,65,35,43
1,<environment.Job instance at 0x7f938a5e8780>,27,3,[3 5],28,62,65,34,48
1,<environment.Job instance at 0x7f93d4e6a640>,28,1,[6 5],29,65,66,36,48
1,<environment.Job instance at 0x7f93d496e730>,29,2,[1 9],30,66,68,36,48
1,<environment.Job instance at 0x7f938a7325f0>,30,13,[5 5],31,68,81,37,53
1,<environment.Job instance at 0x7f93d4e16320>,0,13,[5 5],1,68,81,67,62
1,<environment.Job instance at 0x7f93cbe9b6e0>,40,15,[2 5],41,82,97,41,82
1,<environment.Job instance at 0x7f93cbe9b1e0>,37,18,[8 2],38,82,100,44,82
1,<environment.Job instance at 0x7f93cbe9b230>,42,17,[4 5],43,100,117,57,91
1,<environment.Job instance at 0x7f938a8d2aa0>,45,17,[8 2],46,117,134,71,105
1,<environment.Job instance at 0x7f93d4a6a230>,11,15,[8 1],12,29,44,17,29
1,<environment.Job instance at 0x7f938a554140>,13,2,[5 9],14,44,46,30,30
1,<environment.Job instance at 0x7f938aa675a0>,15,3,[4 6],16,46,49,30,34
1,<environment.Job instance at 0x7f938aa67be0>,16,18,[ 5 10],17,49,67,32,38
1,<environment.Job instance at 0x7f938aa75460>,19,3,[6 3],20,67,70,47,50
1,<environment.Job instance at 0x7f938a5bd280>,20,3,[2 9],21,70,73,49,50
1,<environment.Job instance at 0x7f938a5e3960>,23,2,[7 2],24,73,75,49,61
1,<environment.Job instance at 0x7f938a545870>,24,3,[ 5 10],25,75,78,50,61
1,<environment.Job instance at 0x7f938a5452d0>,28,15,[2 8],29,78,93,49,65
1,<environment.Job instance at 0x7f938a545190>,30,14,[7 2],31,78,92,47,66
1,<environment.Job instance at 0x7f93d4a6a460>,9,18,[5 8],10,93,111,83,83
1,<environment.Job instance at 0x7f938a562b90>,34,12,[3 9],35,116,128,81,116
1,<environment.Job instance at 0x7f938a5612d0>,41,12,[1 6],42,128,140,86,116
1,<environment.Job instance at 0x7f938a561820>,46,18,[9 3],47,128,146,81,125
1,<environment.Job instance at 0x7f938a561cd0>,48,16,[1 7],49,140,156,91,128
1,<environment.Job instance at 0x7f93d4b81730>,2,16,[10  4],3,185,201,182,185
1,<environment.Job instance at 0x7f93d4a30a00>,10,18,[ 2 10],11,259,277,248,259
1,<environment.Job instance at 0x7f93cc3da690>,1,12,[2 6],2,13,25,11,13
1,<environment.Job instance at 0x7f938a26e6e0>,14,16,[1 5],15,25,41,10,15
1,<environment.Job instance at 0x7f93cc3dac80>,4,16,[ 5 10],5,41,57,36,30
1,<environment.Job instance at 0x7f93cc0c6af0>,20,13,[10  1],21,57,70,36,43
1,<environment.Job instance at 0x7f93cc0c6730>,24,12,[9 3],25,70,82,45,55
1,<environment.Job instance at 0x7f93cc3da190>,3,17,[4 7],4,87,104,83,87
1,<environment.Job instance at 0x7f93cc3a81e0>,39,13,[4 7],40,108,121,68,108
1,<environment.Job instance at 0x7f938a26e410>,15,18,[4 9],16,121,139,105,117
1,<environment.Job instance at 0x7f938a9f65f0>,2,14,[5 1],3,3,17,0,3
1,<environment.Job instance at 0x7f938a9f6af0>,1,13,[10  2],2,17,30,15,3
1,<environment.Job instance at 0x7f93d495f820>,8,3,[ 1 10],9,30,33,21,25
1,<environment.Job instance at 0x7f93cc164aa0>,12,18,[6 2],13,33,51,20,26
1,<environment.Job instance at 0x7f93cc430c30>,18,13,[1 5],19,33,46,14,31
1,<environment.Job instance at 0x7f93cc170190>,23,1,[1 6],24,46,47,22,37
1,<environment.Job instance at 0x7f93cc170960>,25,16,[9 2],26,61,77,35,61
1,<environment.Job instance at 0x7f93cc164e60>,10,14,[5 8],11,77,91,66,63
1,<environment.Job instance at 0x7f938a1f16e0>,29,17,[5 2],30,80,97,50,80
1,<environment.Job instance at 0x7f938a167640>,26,15,[10  3],27,97,112,70,85
1,<environment.Job instance at 0x7f938a84caf0>,38,2,[2 7],39,112,114,73,99
1,<environment.Job instance at 0x7f938a84c9b0>,39,17,[6 2],40,112,129,72,104
1,<environment.Job instance at 0x7f938a84c320>,41,18,[4 9],42,129,147,87,128
1,<environment.Job instance at 0x7f938a2577d0>,45,16,[6 2],46,147,163,101,136
1,<environment.Job instance at 0x7f938a8451e0>,1,18,[ 3 10],2,5,23,3,5
1,<environment.Job instance at 0x7f93cc04f960>,5,13,[5 7],6,23,36,17,7
1,<environment.Job instance at 0x7f93d4c9e0a0>,7,2,[1 6],8,36,38,28,9
1,<environment.Job instance at 0x7f93cc04ff50>,11,15,[8 1],12,36,51,24,22
1,<environment.Job instance at 0x7f93cbebb640>,9,15,[1 6],10,38,53,28,33
1,<environment.Job instance at 0x7f938a132500>,17,14,[7 2],18,51,65,33,36
1,<environment.Job instance at 0x7f93cbebb500>,13,15,[ 3 10],14,65,80,51,51
1,<environment.Job instance at 0x7f938a129be0>,26,14,[6 5],27,80,94,53,68
1,<environment.Job instance at 0x7f938a1a2a00>,30,2,[10  4],31,94,96,63,83
1,<environment.Job instance at 0x7f938a1a2190>,31,13,[2 5],32,96,109,64,83
1,<environment.Job instance at 0x7f938a1a26e0>,34,18,[6 4],35,96,114,61,95
1,<environment.Job instance at 0x7f938a1a2eb0>,35,15,[4 7],36,114,129,78,103
1,<environment.Job instance at 0x7f938a1a2820>,37,17,[8 4],38,129,146,91,117
1,<environment.Job instance at 0x7f938a1a2f50>,39,15,[ 2 10],40,146,161,106,133
1,<environment.Job instance at 0x7f938a53cfa0>,21,17,[ 4 10],22,161,178,139,149
1,<environment.Job instance at 0x7f938a17f370>,2,1,[5 9],3,3,4,0,3
1,<environment.Job instance at 0x7f938a16e8c0>,3,18,[6 4],4,4,22,0,4
1,<environment.Job instance at 0x7f93d4d96f50>,4,1,[2 5],5,5,6,0,5
1,<environment.Job instance at 0x7f93d4d95050>,5,1,[7 2],6,22,23,16,6
1,<environment.Job instance at 0x7f93d4d951e0>,6,1,[10  4],7,23,24,16,7
1,<environment.Job instance at 0x7f93d4d95460>,9,1,[ 2 10],10,24,25,14,10
1,<environment.Job instance at 0x7f93d4d95690>,12,12,[4 7],13,25,37,12,14
1,<environment.Job instance at 0x7f93d4d95c30>,18,12,[7 5],19,37,49,18,22
1,<environment.Job instance at 0x7f93d4d95eb0>,20,12,[2 5],21,37,49,16,22
1,<environment.Job instance at 0x7f93d4d7c6e0>,27,17,[5 7],28,49,66,21,37
1,<environment.Job instance at 0x7f93d4d7caf0>,30,3,[8 5],31,66,69,35,53
1,<environment.Job instance at 0x7f93d4d95d20>,17,14,[1 9],18,69,83,51,56
1,<environment.Job instance at 0x7f93d4d7c8c0>,36,12,[6 4],37,83,95,46,68
1,<environment.Job instance at 0x7f93d4d7ceb0>,37,17,[2 6],38,83,100,45,72
1,<environment.Job instance at 0x7f93d4db7050>,38,17,[5 4],39,95,112,56,85
1,<environment.Job instance at 0x7f93d4db75f0>,43,13,[5 6],44,100,113,56,94
1,<environment.Job instance at 0x7f93d4db7320>,40,16,[9 4],41,113,129,72,104
1,<environment.Job instance at 0x7f93d4d10960>,3,3,[ 1 10],4,5,8,1,5
1,<environment.Job instance at 0x7f93d4d10c80>,5,2,[ 2 10],6,8,10,2,6
1,<environment.Job instance at 0x7f93d4d10b90>,1,18,[4 8],2,10,28,8,7
1,<environment.Job instance at 0x7f938a12c320>,10,16,[10  3],11,28,44,17,22
1,<environment.Job instance at 0x7f938a12caf0>,16,13,[8 5],17,44,57,27,29
1,<environment.Job instance at 0x7f938a12c4b0>,19,18,[5 2],20,57,75,37,46
1,<environment.Job instance at 0x7f93d5430a00>,25,12,[3 7],26,57,69,31,55
1,<environment.Job instance at 0x7f93d5430410>,27,16,[2 7],28,69,85,41,56
1,<environment.Job instance at 0x7f93d54305a0>,29,14,[7 2],30,75,89,45,61
1,<environment.Job instance at 0x7f938a5acf00>,31,14,[1 7],32,85,99,53,77
1,<environment.Job instance at 0x7f938a5acf50>,37,3,[4 6],38,102,105,64,102
1,<environment.Job instance at 0x7f938a5aceb0>,44,13,[7 3],45,120,133,75,120
1,<environment.Job instance at 0x7f93d4d109b0>,6,17,[2 9],7,133,150,126,127
1,<environment.Job instance at 0x7f93d48ec5a0>,0,15,[3 8],1,11,26,10,11
1,<environment.Job instance at 0x7f938a6acf50>,11,2,[3 5],12,26,28,14,12
1,<environment.Job instance at 0x7f938a94f820>,14,14,[4 6],15,28,42,13,15
1,<environment.Job instance at 0x7f93d50451e0>,18,15,[5 5],19,42,57,23,28
1,<environment.Job instance at 0x7f93cbfe8f00>,16,15,[3 6],17,57,72,40,43
1,<environment.Job instance at 0x7f938aa53dc0>,30,18,[2 7],31,72,90,41,64
1,<environment.Job instance at 0x7f938a80ea00>,33,13,[5 2],34,65,78,31,65
1,<environment.Job instance at 0x7f938a80edc0>,35,13,[8 4],36,90,103,54,75
1,<environment.Job instance at 0x7f938a80e910>,38,12,[5 5],39,103,115,64,98
1,<environment.Job instance at 0x7f938a80e730>,39,18,[7 4],40,115,133,75,104
1,<environment.Job instance at 0x7f93d5045aa0>,23,18,[3 7],24,133,151,109,125
1,<environment.Job instance at 0x7f93cc158640>,1,2,[8 5],2,2,4,0,2
1,<environment.Job instance at 0x7f938a24fcd0>,2,2,[5 1],3,4,6,1,3
1,<environment.Job instance at 0x7f938a1a1730>,4,16,[2 7],5,5,21,0,5
1,<environment.Job instance at 0x7f938a3729b0>,6,14,[10  1],7,21,35,14,7
1,<environment.Job instance at 0x7f938a1a1190>,5,17,[6 3],6,35,52,29,23
1,<environment.Job instance at 0x7f93cc367a50>,22,13,[9 2],23,52,65,29,41
1,<environment.Job instance at 0x7f93cbf549b0>,11,17,[2 9],12,65,82,53,64
1,<environment.Job instance at 0x7f938a729640>,34,17,[1 8],35,82,99,47,70
1,<environment.Job instance at 0x7f938a7571e0>,41,12,[7 1],42,73,85,31,73
1,<environment.Job instance at 0x7f93d4cd8640>,48,12,[10  2],49,105,117,56,105
1,<environment.Job instance at 0x7f938a6285f0>,1,1,[3 5],2,2,3,0,2
1,<environment.Job instance at 0x7f938a628410>,2,3,[7 4],3,3,6,0,3
1,<environment.Job instance at 0x7f93d50bc5a0>,3,15,[4 8],4,9,24,5,9
1,<environment.Job instance at 0x7f93d50bce60>,6,18,[5 8],7,24,42,17,13
1,<environment.Job instance at 0x7f93d50bc500>,12,15,[3 9],13,42,57,29,30
1,<environment.Job instance at 0x7f938a9d0a50>,21,15,[2 7],22,57,72,35,48
1,<environment.Job instance at 0x7f938a9d0eb0>,23,16,[5 2],24,57,73,33,55
1,<environment.Job instance at 0x7f938a9d0d20>,20,13,[3 8],21,72,85,51,60
1,<environment.Job instance at 0x7f93d4c2daf0>,30,13,[1 9],31,85,98,54,70
1,<environment.Job instance at 0x7f93d4c2de10>,34,18,[5 2],35,98,116,63,93
1,<environment.Job instance at 0x7f93d4c2d820>,36,12,[9 5],37,116,128,79,103
1,<environment.Job instance at 0x7f93d4c2dd70>,40,16,[5 4],41,128,144,87,117
1,<environment.Job instance at 0x7f93d4c2d5a0>,42,12,[5 2],43,128,140,85,120
1,<environment.Job instance at 0x7f93d4c2d320>,44,12,[7 2],45,144,156,99,144
1,<environment.Job instance at 0x7f938a2c3e10>,1,15,[5 5],2,2,17,0,2
1,<environment.Job instance at 0x7f938a950be0>,2,19,[2 5],3,3,22,0,3
1,<environment.Job instance at 0x7f938a415c30>,3,16,[6 1],4,17,33,13,4
1,<environment.Job instance at 0x7f938a2bf6e0>,8,16,[6 5],9,33,49,24,20
1,<environment.Job instance at 0x7f93cc1f3eb0>,18,3,[3 5],19,32,35,13,32
1,<environment.Job instance at 0x7f93cc43d690>,14,13,[5 7],15,49,62,34,33
1,<environment.Job instance at 0x7f93d4bac190>,15,17,[8 5],16,62,79,46,52
1,<environment.Job instance at 0x7f93d48dbfa0>,23,18,[8 3],24,79,97,55,68
1,<environment.Job instance at 0x7f93cbeff910>,25,15,[7 1],26,97,112,71,83
1,<environment.Job instance at 0x7f938a7baa00>,29,14,[5 3],30,112,126,82,97
1,<environment.Job instance at 0x7f93d4a53b40>,34,14,[5 8],35,126,140,91,111
1,<environment.Job instance at 0x7f938a49d780>,37,2,[10  5],38,140,142,102,113
1,<environment.Job instance at 0x7f938a4b4280>,32,18,[8 1],33,142,160,109,131
1,<environment.Job instance at 0x7f938a49d550>,39,14,[7 5],40,160,174,120,145
1,<environment.Job instance at 0x7f93d53e2aa0>,46,3,[10  3],47,174,177,127,166
1,<environment.Job instance at 0x7f2554e0c640>,1,3,[ 2 10],2,4,7,2,4
1,<environment.Job instance at 0x7f254d9fee10>,7,14,[7 5],8,9,23,1,9
1,<environment.Job instance at 0x7f254d9fedc0>,8,17,[1 8],9,23,40,14,11
1,<environment.Job instance at 0x7f254d9fefa0>,11,3,[4 9],12,40,43,28,20
1,<environment.Job instance at 0x7f2554e0c370>,4,13,[3 6],5,43,56,38,27
1,<environment.Job instance at 0x7f254d9fec80>,6,15,[2 8],7,56,71,49,50
1,<environment.Job instance at 0x7f254da018c0>,22,12,[3 8],23,71,83,48,56
1,<environment.Job instance at 0x7f254da01960>,23,16,[6 2],24,56,72,32,56
1,<environment.Job instance at 0x7f254da01a00>,24,2,[4 6],25,83,85,58,56
1,<environment.Job instance at 0x7f254da01550>,17,12,[5 1],18,72,84,54,62
1,<environment.Job instance at 0x7f254da01fa0>,29,2,[4 7],30,85,87,55,62
1,<environment.Job instance at 0x7f254da014b0>,16,18,[7 3],17,87,105,70,79
1,<environment.Job instance at 0x7f254da04690>,37,14,[5 8],38,105,119,67,98
1,<environment.Job instance at 0x7f254da04a50>,43,12,[4 5],44,124,136,80,124
1,<environment.Job instance at 0x7f254da04cd0>,46,2,[3 5],47,124,126,77,124
1,<environment.Job instance at 0x7f254da04be0>,47,13,[ 3 10],48,136,149,88,124
1,<environment.Job instance at 0x7f254da04550>,35,16,[1 9],36,149,165,113,136
1,<environment.Job instance at 0x7f254da07370>,54,18,[7 1],55,149,167,94,140
1,<environment.Job instance at 0x7f254da01f50>,27,17,[4 6],28,167,184,139,158
1,<environment.Job instance at 0x7f254da04d20>,4,2,[2 8],5,5,7,0,5
1,<environment.Job instance at 0x7f2554f82d20>,3,12,[5 3],4,7,19,3,7
1,<environment.Job instance at 0x7f2554f7f4b0>,10,1,[5 4],11,12,13,1,12
1,<environment.Job instance at 0x7f2554f82410>,9,14,[9 4],10,19,33,9,13
1,<environment.Job instance at 0x7f2554f7f190>,13,2,[9 3],14,33,35,19,14
1,<environment.Job instance at 0x7f2554f87cd0>,14,2,[1 7],15,15,17,0,15
1,<environment.Job instance at 0x7f2554f87e10>,15,3,[10  4],16,35,38,19,16
1,<environment.Job instance at 0x7f2554f87fa0>,18,14,[6 1],19,38,52,19,23
1,<environment.Job instance at 0x7f2554f82230>,7,16,[1 9],8,38,54,30,27
1,<environment.Job instance at 0x7f2554e38d70>,27,18,[7 1],28,52,70,24,44
1,<environment.Job instance at 0x7f2554f884b0>,34,1,[ 5 10],35,70,71,35,55
1,<environment.Job instance at 0x7f2554f88e10>,35,3,[8 5],36,71,74,35,56
1,<environment.Job instance at 0x7f2554f887d0>,37,2,[6 2],38,74,76,36,62
1,<environment.Job instance at 0x7f2554f88460>,41,15,[2 7],42,74,89,32,63
1,<environment.Job instance at 0x7f2554f88870>,43,16,[1 9],44,89,105,45,81
1,<environment.Job instance at 0x7f2554f7c370>,45,16,[7 5],46,105,121,59,92
1,<environment.Job instance at 0x7f2554e36a50>,55,2,[1 6],56,121,123,65,111
1,<environment.Job instance at 0x7f2554f7ef00>,51,17,[6 4],52,121,138,69,111
1,<environment.Job instance at 0x7f2509daca00>,1,3,[1 6],2,2,5,0,2
1,<environment.Job instance at 0x7f2554e36f00>,2,18,[7 5],3,5,23,2,3
1,<environment.Job instance at 0x7f2509da1690>,3,3,[10  1],4,23,26,19,5
1,<environment.Job instance at 0x7f2509da1820>,5,2,[7 4],6,26,28,20,6
1,<environment.Job instance at 0x7f2509da1fa0>,9,13,[5 5],10,28,41,18,13
1,<environment.Job instance at 0x7f2509da1410>,19,1,[5 5],20,28,29,8,21
1,<environment.Job instance at 0x7f2509dcd500>,21,14,[ 3 10],22,41,55,19,27
1,<environment.Job instance at 0x7f2509dcdb90>,25,3,[9 2],26,55,58,29,38
1,<environment.Job instance at 0x7f2509dcdfa0>,26,13,[10  5],27,58,71,31,44
1,<environment.Job instance at 0x7f2509dcd3c0>,29,17,[5 7],30,71,88,41,59
1,<environment.Job instance at 0x7f2509db0140>,41,12,[5 4],42,88,100,46,74
1,<environment.Job instance at 0x7f2509dcda50>,35,17,[10  4],36,100,117,64,88
1,<environment.Job instance at 0x7f2509db00a0>,49,14,[ 5 10],50,117,131,67,106
1,<environment.Job instance at 0x7f2509db0d20>,51,13,[5 7],52,131,144,79,117
1,<environment.Job instance at 0x7f250a1bad70>,1,18,[6 2],2,3,21,1,3
1,<environment.Job instance at 0x7f2509da62d0>,3,3,[2 5],4,5,8,1,5
1,<environment.Job instance at 0x7f250a1bacd0>,5,1,[9 3],6,21,22,15,6
1,<environment.Job instance at 0x7f250a1bab40>,0,17,[3 5],1,22,39,21,11
1,<environment.Job instance at 0x7f250a15a460>,16,3,[7 5],17,33,36,16,33
1,<environment.Job instance at 0x7f250a15aaa0>,17,2,[5 3],18,36,38,18,33
1,<environment.Job instance at 0x7f250a15a140>,15,15,[5 3],16,57,72,41,57
1,<environment.Job instance at 0x7f2509cb3730>,24,3,[5 6],25,57,60,32,57
1,<environment.Job instance at 0x7f250a1ba960>,10,17,[9 5],11,72,89,61,61
1,<environment.Job instance at 0x7f2509cb38c0>,21,14,[ 1 10],22,89,103,67,74
1,<environment.Job instance at 0x7f2509dd5280>,32,13,[2 5],33,103,116,70,92
1,<environment.Job instance at 0x7f2509dd5320>,34,16,[5 6],35,117,133,82,117
1,<environment.Job instance at 0x7f250a1bad20>,6,17,[9 1],7,133,150,126,132
1,<environment.Job instance at 0x7f250a1d1a00>,44,15,[8 5],45,150,165,105,136
1,<environment.Job instance at 0x7f250a1d13c0>,46,2,[10  2],47,165,167,118,140
1,<environment.Job instance at 0x7f250a1d15a0>,49,13,[4 5],50,167,180,117,153
1,<environment.Job instance at 0x7f2509dd55a0>,39,17,[8 5],40,180,197,140,168
1,<environment.Job instance at 0x7f2509dd8690>,1,13,[8 1],2,3,16,1,3
1,<environment.Job instance at 0x7f254de90e60>,3,13,[9 2],4,16,29,12,11
1,<environment.Job instance at 0x7f250a3c2460>,15,1,[5 1],16,29,30,13,16
1,<environment.Job instance at 0x7f250a3c2690>,16,1,[2 6],17,29,30,12,17
1,<environment.Job instance at 0x7f250a3c23c0>,14,2,[7 1],15,30,32,15,17
1,<environment.Job instance at 0x7f250a3c2140>,18,2,[5 3],19,32,34,13,19
1,<environment.Job instance at 0x7f250a3c2a50>,19,3,[4 8],20,34,37,14,20
1,<environment.Job instance at 0x7f254d978050>,2,12,[ 5 10],3,37,49,34,20
1,<environment.Job instance at 0x7f250a39f2d0>,26,15,[6 5],27,49,64,22,36
1,<environment.Job instance at 0x7f250a39f410>,28,17,[1 5],29,49,66,20,39
1,<environment.Job instance at 0x7f250a39f550>,30,18,[5 8],31,66,84,35,55
1,<environment.Job instance at 0x7f250a3a0d70>,7,14,[10  3],8,84,98,76,70
1,<environment.Job instance at 0x7f250a39fc30>,36,17,[8 4],37,98,115,61,88
1,<environment.Job instance at 0x7f250a3c1230>,44,16,[7 5],45,115,131,70,105
1,<environment.Job instance at 0x7f250a3c1550>,48,13,[8 4],49,131,144,82,116
1,<environment.Job instance at 0x7f250a3c1730>,51,3,[9 4],52,144,147,92,118
1,<environment.Job instance at 0x7f250a3c1910>,54,12,[8 3],55,147,159,92,130
1,<environment.Job instance at 0x7f250a3c1aa0>,58,12,[5 5],59,159,171,100,143
1,<environment.Job instance at 0x7f250a39ff50>,40,15,[5 8],41,174,189,133,174
1,<environment.Job instance at 0x7f250a3c2af0>,21,17,[10  2],22,211,228,189,211
1,<environment.Job instance at 0x7f2550165500>,3,17,[7 4],4,5,22,1,5
1,<environment.Job instance at 0x7f25501659b0>,6,3,[4 5],7,22,25,15,10
1,<environment.Job instance at 0x7f2550165280>,9,12,[6 3],10,22,34,12,11
1,<environment.Job instance at 0x7f2550165a50>,11,3,[9 4],12,34,37,22,14
1,<environment.Job instance at 0x7f25504411e0>,13,16,[4 5],14,37,53,23,25
1,<environment.Job instance at 0x7f2550446c30>,15,16,[7 5],16,53,69,37,40
1,<environment.Job instance at 0x7f2550446be0>,23,16,[ 4 10],24,69,85,45,65
1,<environment.Job instance at 0x7f254d82e640>,1,3,[6 1],2,6,9,4,6
1,<environment.Job instance at 0x7f254ddfe820>,6,18,[8 3],7,9,27,2,7
1,<environment.Job instance at 0x7f25501603c0>,7,3,[10  5],8,27,30,19,8
1,<environment.Job instance at 0x7f2550508e10>,13,2,[10  2],14,30,32,16,17
1,<environment.Job instance at 0x7f254ddbb410>,16,2,[2 7],17,17,19,0,17
1,<environment.Job instance at 0x7f2550160320>,4,14,[3 8],5,32,46,27,20
1,<environment.Job instance at 0x7f2509f06b40>,19,18,[5 2],20,32,50,12,29
1,<environment.Job instance at 0x7f2509f06370>,21,15,[5 7],22,46,61,24,37
1,<environment.Job instance at 0x7f255005f0f0>,24,17,[6 1],25,61,78,36,49
1,<environment.Job instance at 0x7f250a0201e0>,30,15,[1 9],31,61,76,30,60
1,<environment.Job instance at 0x7f254d921690>,31,13,[1 7],32,76,89,44,60
1,<environment.Job instance at 0x7f254ddfecd0>,11,18,[5 8],12,89,107,77,80
1,<environment.Job instance at 0x7f25503e02d0>,38,15,[10  4],39,107,122,68,93
1,<environment.Job instance at 0x7f254d8e6f50>,41,16,[4 5],42,122,138,80,110
1,<environment.Job instance at 0x7f254d8e6550>,44,17,[2 6],45,138,155,93,126
1,<environment.Job instance at 0x7f254d7eb8c0>,26,17,[7 4],27,138,155,111,137
1,<environment.Job instance at 0x7f254d941aa0>,51,16,[4 5],52,155,171,103,143
1,<environment.Job instance at 0x7f254da38280>,55,14,[6 1],56,155,169,99,150
1,<environment.Job instance at 0x7f2509f06a50>,20,16,[ 4 10],21,171,187,150,167
1,<environment.Job instance at 0x7f254dc65320>,1,3,[3 8],2,2,5,0,2
1,<environment.Job instance at 0x7f2509f06af0>,2,16,[6 4],3,5,21,2,4
1,<environment.Job instance at 0x7f254d92b460>,0,12,[10  5],1,21,33,20,6
1,<environment.Job instance at 0x7f25501a71e0>,5,13,[7 4],6,33,46,27,22
1,<environment.Job instance at 0x7f25501a7a00>,16,14,[9 4],17,46,60,29,31
1,<environment.Job instance at 0x7f25501a7b40>,18,14,[8 2],19,60,74,41,45
1,<environment.Job instance at 0x7f2550181280>,29,15,[9 5],30,74,89,44,73
1,<environment.Job instance at 0x7f25501815a0>,30,13,[5 5],31,89,102,58,73
1,<environment.Job instance at 0x7f2550181c30>,35,14,[3 8],36,102,116,66,91
1,<environment.Job instance at 0x7f2550181d70>,37,13,[3 7],38,116,129,78,102
1,<environment.Job instance at 0x7f2550181b90>,40,12,[4 5],41,129,141,88,119
1,<environment.Job instance at 0x7f25501a6550>,45,13,[6 3],46,131,144,85,131
1,<environment.Job instance at 0x7f25501a64b0>,46,12,[10  2],47,144,156,97,131
1,<environment.Job instance at 0x7f25501a65a0>,48,13,[8 3],49,156,169,107,144
1,<environment.Job instance at 0x7f25501a6d70>,2,3,[8 3],3,3,6,0,3
1,<environment.Job instance at 0x7f250a292d20>,3,2,[9 1],4,6,8,2,4
1,<environment.Job instance at 0x7f25501a6be0>,5,12,[4 5],6,8,20,2,7
1,<environment.Job instance at 0x7f2509feaf50>,0,13,[5 5],1,8,21,7,8
1,<environment.Job instance at 0x7f250a292140>,9,3,[5 8],10,21,24,11,10
1,<environment.Job instance at 0x7f254de78aa0>,13,14,[9 3],14,24,38,10,16
1,<environment.Job instance at 0x7f254d7f71e0>,20,1,[4 8],21,38,39,17,24
1,<environment.Job instance at 0x7f255003ee60>,21,1,[8 1],22,39,40,17,24
1,<environment.Job instance at 0x7f254d90c370>,16,16,[1 9],17,39,55,22,29
1,<environment.Job instance at 0x7f254d90cb40>,23,16,[6 5],24,55,71,31,42
1,<environment.Job instance at 0x7f250a1fa320>,30,18,[ 2 10],31,71,89,40,63
1,<environment.Job instance at 0x7f254da01050>,34,16,[6 1],35,89,105,54,76
1,<environment.Job instance at 0x7f250a0a0aa0>,24,16,[9 5],25,105,121,80,94
1,<environment.Job instance at 0x7f250a1f6500>,38,13,[9 1],39,121,134,82,105
1,<environment.Job instance at 0x7f254d769dc0>,49,18,[1 7],50,121,139,71,120
1,<environment.Job instance at 0x7f254de7b190>,54,12,[3 9],55,139,151,84,126
1,<environment.Job instance at 0x7f254de7b460>,55,18,[4 6],56,156,174,100,156
1,<environment.Job instance at 0x7f254d7a0730>,5,16,[4 7],6,7,23,1,7
1,<environment.Job instance at 0x7f254da01c30>,1,12,[1 6],2,23,35,21,7
1,<environment.Job instance at 0x7f254d7a0e60>,6,18,[9 3],7,23,41,16,17
1,<environment.Job instance at 0x7f250a2cc9b0>,22,12,[2 9],23,41,53,18,24
1,<environment.Job instance at 0x7f250a045550>,23,12,[8 2],24,53,65,29,36
1,<environment.Job instance at 0x7f25505abdc0>,28,13,[5 5],29,65,78,36,56
1,<environment.Job instance at 0x7f25500cc640>,25,18,[4 9],26,78,96,52,68
1,<environment.Job instance at 0x7f254d92adc0>,36,12,[10  1],37,96,108,59,83
1,<environment.Job instance at 0x7f254d92a820>,40,17,[5 6],41,108,125,67,98
1,<environment.Job instance at 0x7f254d7dd050>,46,15,[10  2],47,125,140,78,118
1,<environment.Job instance at 0x7f254db94b40>,49,13,[4 7],50,140,153,90,133
1,<environment.Job instance at 0x7f250a0a7780>,50,16,[10  1],51,153,169,102,140
1,<environment.Job instance at 0x7f2554d530f0>,1,13,[10  2],2,3,16,1,3
1,<environment.Job instance at 0x7f254dd51b40>,6,14,[8 4],7,16,30,9,14
1,<environment.Job instance at 0x7f254dd51e60>,10,14,[5 8],11,30,44,19,20
1,<environment.Job instance at 0x7f254dd30320>,16,3,[3 9],17,44,47,27,28
1,<environment.Job instance at 0x7f254dd30460>,17,15,[6 1],18,44,59,26,33
1,<environment.Job instance at 0x7f254dd304b0>,18,13,[1 5],19,47,60,28,33
1,<environment.Job instance at 0x7f254dd308c0>,23,1,[1 6],24,60,61,36,51
1,<environment.Job instance at 0x7f254dd30140>,14,18,[6 2],15,93,111,78,93
1,<environment.Job instance at 0x7f254dd30be0>,27,15,[9 1],28,111,126,83,97
1,<environment.Job instance at 0x7f254dd56460>,35,15,[6 2],36,126,141,90,112
1,<environment.Job instance at 0x7f254dd566e0>,38,2,[2 7],39,126,128,87,112
1,<environment.Job instance at 0x7f254dd56820>,40,17,[5 2],41,141,158,100,129
1,<environment.Job instance at 0x7f254dd56960>,42,12,[6 2],43,158,170,115,147
1,<environment.Job instance at 0x7f254dd56b40>,45,16,[6 2],46,170,186,124,157
1,<environment.Job instance at 0x7f254da45500>,0,17,[10  2],1,222,239,221,222
1,<environment.Job instance at 0x7f254dd56e60>,48,14,[8 5],49,239,253,190,224
1,<environment.Job instance at 0x7f254dd56d20>,4,2,[2 7],5,5,7,0,5
1,<environment.Job instance at 0x7f254d7edbe0>,5,15,[5 6],6,7,22,1,7
1,<environment.Job instance at 0x7f2509ef29b0>,7,14,[7 2],8,22,36,14,10
1,<environment.Job instance at 0x7f2509ef2370>,16,14,[6 5],17,39,53,22,39
1,<environment.Job instance at 0x7f2509ef2a50>,14,17,[3 5],15,54,71,39,54
1,<environment.Job instance at 0x7f254d85d820>,21,13,[2 5],22,54,67,32,54
1,<environment.Job instance at 0x7f2509e788c0>,24,18,[6 4],25,67,85,42,57
1,<environment.Job instance at 0x7f2509e78910>,25,15,[4 7],26,85,100,59,73
1,<environment.Job instance at 0x7f2509e787d0>,27,17,[8 4],28,100,117,72,89
1,<environment.Job instance at 0x7f254d97af50>,31,3,[8 3],32,117,120,85,97
1,<environment.Job instance at 0x7f254ddc2f00>,35,13,[6 4],36,120,133,84,104
1,<environment.Job instance at 0x7f250a3b9e60>,41,16,[8 4],42,133,149,91,121
1,<environment.Job instance at 0x7f254dd3c4b0>,0,12,[2 9],1,149,161,148,138
1,<environment.Job instance at 0x7f25500617d0>,52,12,[4 7],53,161,173,108,146
1,<environment.Job instance at 0x7f25500613c0>,53,15,[6 2],54,161,176,107,148
1,<environment.Job instance at 0x7f2509b89500>,58,12,[7 5],59,176,188,117,174
1,<environment.Job instance at 0x7f2514a147d0>,1,16,[1 6],2,2,18,0,2
1,<environment.Job instance at 0x7f254dd60690>,2,1,[5 3],3,5,6,2,5
1,<environment.Job instance at 0x7f254dd60fa0>,13,12,[9 3],14,14,26,0,14
1,<environment.Job instance at 0x7f254dd601e0>,6,12,[4 8],7,26,38,19,15
1,<environment.Job instance at 0x7f254dd95be0>,16,12,[6 4],17,38,50,21,21
1,<environment.Job instance at 0x7f254dd95320>,14,12,[1 5],15,38,50,23,29
1,<environment.Job instance at 0x7f254dab3230>,0,12,[2 5],1,50,62,49,33
1,<environment.Job instance at 0x7f254dd95eb0>,22,12,[8 3],23,50,62,27,37
1,<environment.Job instance at 0x7f254dd95a50>,23,13,[5 6],24,62,75,38,48
1,<environment.Job instance at 0x7f254dd95960>,20,16,[9 4],21,75,91,54,62
1,<environment.Job instance at 0x7f255016d370>,33,3,[ 1 10],34,91,94,57,66
1,<environment.Job instance at 0x7f255016dcd0>,29,14,[9 4],30,94,108,64,80
1,<environment.Job instance at 0x7f254dc65c30>,39,14,[4 7],40,108,122,68,93
1,<environment.Job instance at 0x7f254dc65b40>,40,16,[10  3],41,122,138,81,110
1,<environment.Job instance at 0x7f25505022d0>,46,13,[8 5],47,138,151,91,124
1,<environment.Job instance at 0x7f25505026e0>,52,3,[5 7],53,151,154,98,128
1,<environment.Job instance at 0x7f2550502d20>,54,12,[3 7],55,154,166,99,138
1,<environment.Job instance at 0x7f254da09a00>,58,15,[6 2],59,154,169,95,152
1,<environment.Job instance at 0x7f254dc65eb0>,41,17,[10  5],42,624,641,582,624
1,<environment.Job instance at 0x7f25500b9730>,1,14,[1 7],2,2,16,0,2
1,<environment.Job instance at 0x7f2550431410>,2,14,[8 5],3,16,30,13,3
1,<environment.Job instance at 0x7f255054c550>,4,2,[2 7],5,30,32,25,5
1,<environment.Job instance at 0x7f25505437d0>,18,1,[6 4],19,32,33,13,32
1,<environment.Job instance at 0x7f2550543550>,13,18,[ 2 10],14,76,94,62,76
1,<environment.Job instance at 0x7f2509a306e0>,30,12,[3 6],31,94,106,63,94
1,<environment.Job instance at 0x7f2509a338c0>,31,2,[3 5],32,106,108,74,94
1,<environment.Job instance at 0x7f2509b5d910>,32,1,[5 5],33,106,107,73,94
1,<environment.Job instance at 0x7f2550559eb0>,21,12,[3 9],22,108,120,86,102
1,<environment.Job instance at 0x7f255054c9b0>,8,16,[8 4],9,120,136,111,107
1,<environment.Job instance at 0x7f2509ee04b0>,38,15,[5 5],39,136,151,97,122
1,<environment.Job instance at 0x7f250a010c80>,46,15,[5 1],47,136,151,89,134
1,<environment.Job instance at 0x7f2509a1adc0>,37,17,[2 7],38,151,168,113,140
1,<environment.Job instance at 0x7f2509b69be0>,51,15,[6 3],52,151,166,99,140
1,<environment.Job instance at 0x7f2509f285a0>,56,13,[6 5],57,168,181,111,153
1,<environment.Job instance at 0x7f2509ef85a0>,50,18,[2 7],51,181,199,130,170
1,<environment.Job instance at 0x7f2509a07be0>,41,18,[5 9],42,209,227,167,209
1,<environment.Job instance at 0x7f254daf5550>,0,1,[1 7],1,3,4,2,3
1,<environment.Job instance at 0x7f254daf50f0>,2,2,[3 6],3,4,6,1,4
1,<environment.Job instance at 0x7f25504c6dc0>,1,1,[9 4],2,6,7,4,4
1,<environment.Job instance at 0x7f2509f28c80>,4,18,[3 6],5,7,25,2,6
1,<environment.Job instance at 0x7f255038f320>,9,20,[6 3],10,10,30,0,10
1,<environment.Job instance at 0x7f25500c85f0>,11,2,[8 5],12,30,32,18,12
1,<environment.Job instance at 0x7f254db0faa0>,12,2,[5 1],13,32,34,19,13
1,<environment.Job instance at 0x7f2509e1e190>,18,2,[2 5],19,25,27,6,22
1,<environment.Job instance at 0x7f254dd1e4b0>,19,12,[7 5],20,34,46,14,22
1,<environment.Job instance at 0x7f254db0faf0>,15,17,[6 3],16,46,63,30,34
1,<environment.Job instance at 0x7f254da3ffa0>,24,12,[10  2],25,63,75,38,53
1,<environment.Job instance at 0x7f2509fe6d20>,29,14,[5 1],30,75,89,45,60
1,<environment.Job instance at 0x7f2509fe6f50>,32,13,[9 2],33,89,102,56,81
1,<environment.Job instance at 0x7f254da965f0>,39,13,[8 5],40,102,115,62,93
1,<environment.Job instance at 0x7f250a125a50>,48,2,[5 5],49,115,117,66,105
1,<environment.Job instance at 0x7f250a125780>,44,17,[1 8],45,117,134,72,106
1,<environment.Job instance at 0x7f254dd08410>,1,1,[3 5],2,3,4,1,3
1,<environment.Job instance at 0x7f250a289410>,3,15,[4 8],4,4,19,0,4
1,<environment.Job instance at 0x7f2509a9e320>,4,1,[6 4],5,19,20,14,5
1,<environment.Job instance at 0x7f2509a9e190>,6,18,[5 8],7,20,38,13,10
1,<environment.Job instance at 0x7f2509a9ed70>,11,18,[8 1],12,38,56,26,31
1,<environment.Job instance at 0x7f2509a9eeb0>,21,15,[2 7],22,57,72,35,57
1,<environment.Job instance at 0x7f2509a9e730>,22,17,[3 5],23,72,89,49,72
1,<environment.Job instance at 0x7f2509adf910>,23,16,[5 2],24,78,94,54,78
1,<environment.Job instance at 0x7f2509adf730>,28,13,[8 3],29,94,107,65,83
1,<environment.Job instance at 0x7f2509adff50>,30,13,[1 9],31,107,120,76,95
1,<environment.Job instance at 0x7f2509ae5c30>,34,18,[5 2],35,125,143,90,125
1,<environment.Job instance at 0x7f2509ae55a0>,36,12,[9 5],37,143,155,106,129
1,<environment.Job instance at 0x7f250a2891e0>,0,16,[ 2 10],1,155,171,154,145
1,<environment.Job instance at 0x7f2509ae5230>,42,12,[5 2],43,171,183,128,163
1,<environment.Job instance at 0x7f250a023190>,1,3,[5 9],2,3,6,1,3
1,<environment.Job instance at 0x7f250a3595a0>,2,3,[7 1],3,6,9,3,4
1,<environment.Job instance at 0x7f250a0b2aa0>,3,2,[7 5],4,9,11,5,4
1,<environment.Job instance at 0x7f250a062320>,4,13,[5 7],5,11,24,6,5
1,<environment.Job instance at 0x7f2509f585f0>,6,14,[5 7],7,24,38,17,10
1,<environment.Job instance at 0x7f2509f625a0>,12,15,[4 9],13,38,53,25,29
1,<environment.Job instance at 0x7f2509f5f460>,19,14,[5 3],20,53,67,33,38
1,<environment.Job instance at 0x7f2509c42cd0>,23,2,[9 1],24,67,69,43,52
1,<environment.Job instance at 0x7f2509c449b0>,22,18,[8 1],23,69,87,46,58
1,<environment.Job instance at 0x7f2509c07280>,28,17,[9 2],29,87,104,58,75
1,<environment.Job instance at 0x7f2509f59140>,29,14,[7 5],30,104,118,74,103
1,<environment.Job instance at 0x7f2509c31280>,36,3,[10  3],37,118,121,81,103
1,<environment.Job instance at 0x7f254d80d6e0>,39,15,[4 7],40,121,136,81,107
1,<environment.Job instance at 0x7f2509e01d20>,43,18,[5 5],44,136,154,92,125
1,<environment.Job instance at 0x7f250a354a00>,45,17,[6 4],46,154,171,108,143
1,<environment.Job instance at 0x7f250a2b7e10>,46,17,[1 6],47,154,171,107,145
1,<environment.Job instance at 0x7f2509f62b40>,13,18,[8 3],14,171,189,157,164
1,<environment.Job instance at 0x7f2509f59820>,34,18,[6 3],35,191,209,156,191
1,<environment.Job instance at 0x7f25505baa50>,58,17,[5 3],59,209,226,150,197
1,<environment.Job instance at 0x7f2509a7d500>,48,18,[ 3 10],49,232,250,183,232
1,<environment.Job instance at 0x7f255054e500>,1,1,[2 8],2,2,3,0,2
1,<environment.Job instance at 0x7f254d80e960>,2,14,[3 8],3,3,17,0,3
1,<environment.Job instance at 0x7f250a1e9e10>,10,13,[7 1],11,11,24,0,11
1,<environment.Job instance at 0x7f25099e3f00>,8,15,[3 9],9,17,32,8,15
1,<environment.Job instance at 0x7f2509a7d500>,4,12,[9 3],5,32,44,27,16
1,<environment.Job instance at 0x7f254ff70eb0>,16,1,[4 5],17,44,45,27,17
1,<environment.Job instance at 0x7f250a1e95f0>,14,15,[10  1],15,45,60,30,36
1,<environment.Job instance at 0x7f2509a46af0>,24,15,[5 5],25,60,75,35,46
1,<environment.Job instance at 0x7f254dda8f00>,15,18,[7 4],16,75,93,59,64
1,<environment.Job instance at 0x7f255002c230>,30,13,[7 3],31,93,106,62,77
1,<environment.Job instance at 0x7f255002ccd0>,37,12,[3 8],38,106,118,68,100
1,<environment.Job instance at 0x7f255002ce60>,38,16,[1 7],39,118,134,79,109
1,<environment.Job instance at 0x7f254d774370>,43,18,[5 3],44,143,161,99,143
1,<environment.Job instance at 0x7f254d7ce230>,50,13,[1 6],51,148,161,97,148
1,<environment.Job instance at 0x7f250a2c4280>,54,17,[5 1],55,161,178,106,149
1,<environment.Job instance at 0x7f250a2c4f00>,56,18,[5 4],57,161,179,104,150
1,<environment.Job instance at 0x7f2554d03910>,0,17,[7 1],1,3,20,2,3
1,<environment.Job instance at 0x7f2554d03190>,2,15,[3 6],3,5,20,2,5
1,<environment.Job instance at 0x7f254da1ad20>,1,17,[7 4],2,20,37,18,10
1,<environment.Job instance at 0x7f254dcfa870>,10,1,[3 6],11,20,21,9,18
1,<environment.Job instance at 0x7f2509ece550>,17,2,[4 9],18,37,39,19,21
1,<environment.Job instance at 0x7f2509ece780>,16,15,[10  2],17,39,54,22,25
1,<environment.Job instance at 0x7f2509ece910>,24,1,[7 5],25,54,55,29,31
1,<environment.Job instance at 0x7f2509ece3c0>,26,3,[8 5],27,55,58,28,32
1,<environment.Job instance at 0x7f2509acd6e0>,28,16,[10  1],29,58,74,29,45
1,<environment.Job instance at 0x7f2509acdaa0>,33,14,[5 7],34,74,88,40,59
1,<environment.Job instance at 0x7f2509acd0f0>,35,18,[9 1],36,88,106,52,77
1,<environment.Job instance at 0x7f2509d1daf0>,40,15,[5 8],41,106,121,65,92
1,<environment.Job instance at 0x7f2509d1dd20>,42,12,[5 5],43,121,133,78,104
1,<environment.Job instance at 0x7f2509efbf00>,52,2,[6 5],53,133,135,80,118
1,<environment.Job instance at 0x7f2509bcfeb0>,53,3,[4 7],54,135,138,81,118
1,<environment.Job instance at 0x7f2509bcf910>,54,17,[5 4],55,138,155,83,126
1,<environment.Job instance at 0x7f2509bcf140>,56,15,[4 7],57,155,170,98,141
1,<environment.Job instance at 0x7f2554e50f50>,1,3,[9 5],2,4,7,2,4
1,<environment.Job instance at 0x7f2509b3b2d0>,5,15,[9 1],6,7,22,1,6
1,<environment.Job instance at 0x7f2509b3bd70>,8,16,[6 5],9,22,38,13,11
1,<environment.Job instance at 0x7f2509edaf50>,13,14,[4 9],14,38,52,24,27
1,<environment.Job instance at 0x7f2550189460>,20,16,[3 7],21,52,68,31,43
1,<environment.Job instance at 0x7f2509a61140>,22,14,[5 7],23,68,82,45,54
1,<environment.Job instance at 0x7f254ddd0d20>,32,14,[4 9],33,82,96,49,78
1,<environment.Job instance at 0x7f254ddb92d0>,12,18,[ 2 10],13,96,114,83,93
1,<environment.Job instance at 0x7f254dde7410>,37,18,[3 9],38,114,132,76,103
1,<environment.Job instance at 0x7f254d9224b0>,48,17,[10  4],49,132,149,83,124
1,<environment.Job instance at 0x7f254d9225f0>,51,17,[4 7],52,149,166,97,139
1,<environment.Job instance at 0x7f254dde0780>,58,16,[9 2],59,166,182,107,153
1,<environment.Job instance at 0x7ff05ec2c370>,1,3,[ 2 10],2,2,5,0,2
1,<environment.Job instance at 0x7ff05ec2c190>,0,17,[6 1],1,5,22,4,5
1,<environment.Job instance at 0x7ff05781c370>,4,13,[3 6],5,8,21,3,8
1,<environment.Job instance at 0x7ff05781c6e0>,8,17,[1 8],9,25,42,16,25
1,<environment.Job instance at 0x7ff05781c5a0>,6,15,[2 8],7,50,65,43,50
1,<environment.Job instance at 0x7ff05781f0f0>,22,12,[3 8],23,65,77,42,52
1,<environment.Job instance at 0x7ff05781f4b0>,25,2,[5 7],26,77,79,51,53
1,<environment.Job instance at 0x7ff05781f870>,27,17,[4 6],28,79,96,51,67
1,<environment.Job instance at 0x7ff05781feb0>,37,14,[5 8],38,102,116,64,102
1,<environment.Job instance at 0x7ff05781ff00>,39,14,[9 4],40,116,130,76,104
1,<environment.Job instance at 0x7ff057820410>,45,15,[7 5],46,130,145,84,125
1,<environment.Job instance at 0x7ff0578202d0>,43,12,[4 5],44,145,157,101,129
1,<environment.Job instance at 0x7ff0578203c0>,48,12,[9 2],49,157,169,108,144
1,<environment.Job instance at 0x7ff05781ca00>,13,18,[5 9],14,169,187,155,158
1,<environment.Job instance at 0x7ff057823410>,62,14,[4 9],63,187,201,124,172
1,<environment.Job instance at 0x7ff0578236e0>,68,14,[6 4],69,201,215,132,186
1,<environment.Job instance at 0x7ff0578205a0>,49,17,[10  2],50,626,643,576,626
1,<environment.Job instance at 0x7ff05ec2b320>,0,1,[5 4],1,2,3,1,2
1,<environment.Job instance at 0x7ff05ec2bc80>,1,2,[5 1],2,2,4,0,2
1,<environment.Job instance at 0x7ff057820730>,3,2,[9 3],4,4,6,0,4
1,<environment.Job instance at 0x7ff05ec53aa0>,4,2,[1 7],5,6,8,1,6
1,<environment.Job instance at 0x7ff05ec53460>,8,14,[6 1],9,9,23,0,9
1,<environment.Job instance at 0x7ff05ec53b40>,10,1,[5 5],11,23,24,12,11
1,<environment.Job instance at 0x7ff05ec56f50>,11,14,[8 5],12,24,38,12,13
1,<environment.Job instance at 0x7ff05ed92780>,16,3,[6 3],17,38,41,21,17
1,<environment.Job instance at 0x7ff05ed99be0>,20,3,[6 1],21,41,44,20,30
1,<environment.Job instance at 0x7ff0578205a0>,2,18,[3 5],3,38,56,35,32
1,<environment.Job instance at 0x7ff05ed99f00>,21,18,[5 4],22,44,62,22,33
1,<environment.Job instance at 0x7ff05ed990a0>,24,1,[ 5 10],25,62,63,37,35
1,<environment.Job instance at 0x7ff05ed99a50>,25,3,[8 5],26,63,66,37,41
1,<environment.Job instance at 0x7ff05ed99dc0>,27,2,[6 2],28,66,68,38,41
1,<environment.Job instance at 0x7ff05ed9e730>,28,1,[2 9],29,68,69,39,42
1,<environment.Job instance at 0x7ff05ed9e410>,31,15,[2 7],32,69,84,37,56
1,<environment.Job instance at 0x7ff05ed9bd70>,33,16,[1 9],34,84,100,50,73
1,<environment.Job instance at 0x7ff05eda5820>,41,17,[6 4],42,100,117,58,92
1,<environment.Job instance at 0x7ff05eda5870>,42,12,[1 6],43,100,112,57,96
1,<environment.Job instance at 0x7ff05ed9f7d0>,46,12,[8 4],47,117,129,70,102
1,<environment.Job instance at 0x7ff05ed999b0>,18,16,[4 9],19,129,145,110,121
1,<environment.Job instance at 0x7ff05ed9fd20>,52,18,[7 5],53,145,163,92,135
1,<environment.Job instance at 0x7ff05ed978c0>,62,18,[10  4],63,163,181,100,152
1,<environment.Job instance at 0x7ff05ed976e0>,60,17,[9 5],61,693,710,632,693
1,<environment.Job instance at 0x7ff05ed97780>,3,1,[2 7],4,4,5,0,4
1,<environment.Job instance at 0x7ff013be8af0>,6,13,[10  5],7,7,20,0,7
1,<environment.Job instance at 0x7ff013be8c30>,8,3,[4 8],9,20,23,11,9
1,<environment.Job instance at 0x7ff013be8dc0>,9,17,[5 7],10,23,40,13,19
1,<environment.Job instance at 0x7ff013b95550>,19,2,[ 4 10],20,40,42,20,20
1,<environment.Job instance at 0x7ff013b42910>,21,12,[5 4],22,42,54,20,28
1,<environment.Job instance at 0x7ff013b42e10>,24,14,[10  5],25,54,68,29,39
1,<environment.Job instance at 0x7ff013b42eb0>,29,14,[ 5 10],30,68,82,38,54
1,<environment.Job instance at 0x7ff013b42780>,35,17,[5 1],36,82,99,46,73
1,<environment.Job instance at 0x7ff013b0beb0>,40,17,[3 5],41,82,99,41,81
1,<environment.Job instance at 0x7ff013b95730>,15,17,[10  4],16,99,116,83,90
1,<environment.Job instance at 0x7ff013b5b4b0>,49,1,[5 3],50,116,117,66,101
1,<environment.Job instance at 0x7ff013b5b780>,47,13,[9 5],48,117,130,69,104
1,<environment.Job instance at 0x7ff013b5b910>,53,12,[1 9],54,130,142,76,120
1,<environment.Job instance at 0x7ff013b11e10>,56,3,[7 5],57,142,145,85,133
1,<environment.Job instance at 0x7ff013b11a00>,57,2,[5 3],58,145,147,87,133
1,<environment.Job instance at 0x7ff013b11c80>,59,3,[10  4],60,147,150,87,146
1,<environment.Job instance at 0x7ff013b5b730>,50,17,[9 5],51,150,167,99,148
1,<environment.Job instance at 0x7ff013b16c30>,65,19,[ 1 10],66,167,186,101,157
1,<environment.Job instance at 0x7ff013f84f00>,10,3,[4 8],11,11,14,0,11
1,<environment.Job instance at 0x7ff013f84dc0>,11,3,[5 3],12,14,17,2,12
1,<environment.Job instance at 0x7ff013f84730>,12,15,[8 2],13,17,32,4,13
1,<environment.Job instance at 0x7ff013f84a50>,14,15,[8 5],15,32,47,17,18
1,<environment.Job instance at 0x7ff013bf25f0>,19,13,[4 5],20,47,60,27,36
1,<environment.Job instance at 0x7ff013f84af0>,4,16,[5 6],5,60,76,55,47
1,<environment.Job instance at 0x7ff013c9dcd0>,28,13,[2 7],29,76,89,47,62
1,<environment.Job instance at 0x7ff013c9d140>,31,13,[8 1],32,76,89,44,65
1,<environment.Job instance at 0x7ff013f73eb0>,33,13,[9 2],34,89,102,55,75
1,<environment.Job instance at 0x7ff013f734b0>,37,14,[10  3],38,102,116,64,88
1,<environment.Job instance at 0x7ff013f73f00>,44,2,[7 1],45,116,118,71,94
1,<environment.Job instance at 0x7ff013c51d70>,47,14,[10  5],48,118,132,70,103
1,<environment.Job instance at 0x7ff013c51140>,51,17,[10  2],52,132,149,80,120
1,<environment.Job instance at 0x7ff01414dd70>,59,18,[5 2],60,149,167,89,138
1,<environment.Job instance at 0x7ff01414d640>,60,18,[5 8],61,149,167,88,139
1,<environment.Job instance at 0x7ff01414d870>,64,3,[7 5],65,167,170,102,145
1,<environment.Job instance at 0x7ff01414dc80>,66,17,[8 4],67,170,187,103,158
1,<environment.Job instance at 0x7ff01414d0a0>,2,15,[9 2],3,5,20,2,5
1,<environment.Job instance at 0x7ff057b05b40>,5,2,[5 7],6,20,22,14,6
1,<environment.Job instance at 0x7ff013f0a640>,6,2,[8 1],7,22,24,15,8
1,<environment.Job instance at 0x7ff057b05910>,0,15,[5 8],1,24,39,23,14
1,<environment.Job instance at 0x7ff013f092d0>,13,15,[7 2],14,39,54,25,34
1,<environment.Job instance at 0x7ff013f09410>,16,13,[8 2],17,54,67,37,38
1,<environment.Job instance at 0x7ff013f09aa0>,19,15,[6 5],20,67,82,47,53
1,<environment.Job instance at 0x7ff013f09eb0>,27,16,[5 3],28,82,98,54,70
1,<environment.Job instance at 0x7ff013f130f0>,29,12,[6 3],30,98,110,68,81
1,<environment.Job instance at 0x7ff013f13410>,33,16,[4 5],34,85,101,51,85
1,<environment.Job instance at 0x7ff013f135a0>,34,15,[2 6],35,101,116,66,88
1,<environment.Job instance at 0x7ff013f13b40>,38,14,[9 4],39,116,130,77,101
1,<environment.Job instance at 0x7ff013f13aa0>,40,16,[8 3],41,130,146,89,118
1,<environment.Job instance at 0x7ff05a40f5f0>,1,2,[4 5],2,2,4,0,2
1,<environment.Job instance at 0x7ff059d70500>,3,3,[7 5],4,4,7,0,4
1,<environment.Job instance at 0x7ff059d70e10>,4,16,[5 2],5,7,23,2,5
1,<environment.Job instance at 0x7ff059d70730>,5,2,[6 3],6,23,25,17,7
1,<environment.Job instance at 0x7ff059d70820>,7,14,[3 6],8,15,29,7,15
1,<environment.Job instance at 0x7ff057afa320>,15,13,[9 1],16,29,42,13,17
1,<environment.Job instance at 0x7ff05ec54c30>,19,2,[5 3],20,25,27,5,20
1,<environment.Job instance at 0x7ff0575fbbe0>,20,12,[3 8],21,42,54,21,25
1,<environment.Job instance at 0x7ff05a547320>,22,14,[2 8],23,54,68,31,39
1,<environment.Job instance at 0x7ff05a547eb0>,29,18,[5 2],30,42,60,12,39
1,<environment.Job instance at 0x7ff05a547b40>,21,18,[5 8],22,68,86,46,57
1,<environment.Job instance at 0x7ff05a547a00>,27,13,[ 5 10],28,86,99,58,72
1,<environment.Job instance at 0x7ff0579ac190>,36,17,[7 4],37,99,116,62,87
1,<environment.Job instance at 0x7ff0575e2e60>,43,14,[5 6],44,116,130,72,102
1,<environment.Job instance at 0x7ff05a547140>,30,16,[ 4 10],31,130,146,99,117
1,<environment.Job instance at 0x7ff05eb2e6e0>,50,16,[8 5],51,146,162,95,133
1,<environment.Job instance at 0x7ff05eb2ec30>,53,18,[1 6],54,162,180,108,151
1,<environment.Job instance at 0x7ff057ad2d20>,57,16,[7 4],58,162,178,104,154
1,<environment.Job instance at 0x7ff0575e2aa0>,46,16,[2 9],47,180,196,133,169
1,<environment.Job instance at 0x7ff057ad2fa0>,61,16,[4 5],62,196,212,134,184
1,<environment.Job instance at 0x7ff0579ab9b0>,65,14,[6 1],66,184,198,118,184
1,<environment.Job instance at 0x7ff0575e21e0>,44,18,[10  5],45,357,375,312,357
1,<environment.Job instance at 0x7ff05ebb0b90>,1,3,[3 8],2,2,5,0,2
1,<environment.Job instance at 0x7ff013cc80a0>,2,16,[6 4],3,5,21,2,4
1,<environment.Job instance at 0x7ff0578de140>,4,14,[3 6],5,5,19,0,5
1,<environment.Job instance at 0x7ff013d4c0a0>,5,13,[7 4],6,21,34,15,6
1,<environment.Job instance at 0x7ff0578de730>,10,13,[6 2],11,34,47,23,22
1,<environment.Job instance at 0x7ff05774a280>,11,3,[7 4],12,47,50,35,22
1,<environment.Job instance at 0x7ff057bd7640>,16,14,[9 4],17,50,64,33,48
1,<environment.Job instance at 0x7ff013cb66e0>,25,3,[8 5],26,94,97,68,94
1,<environment.Job instance at 0x7ff013f6fdc0>,26,14,[2 5],27,94,108,67,94
1,<environment.Job instance at 0x7ff05ebb0cd0>,0,12,[10  5],1,108,120,107,98
1,<environment.Job instance at 0x7ff059efdd70>,29,15,[9 5],30,120,135,90,107
1,<environment.Job instance at 0x7ff013e1a640>,15,17,[ 5 10],16,135,152,119,125
1,<environment.Job instance at 0x7ff0577586e0>,40,12,[4 5],41,152,164,111,135
1,<environment.Job instance at 0x7ff0577583c0>,43,15,[6 4],44,152,167,108,138
1,<environment.Job instance at 0x7ff0577585a0>,46,12,[10  2],47,167,179,120,150
1,<environment.Job instance at 0x7ff057758460>,50,12,[3 7],51,179,191,128,164
1,<environment.Job instance at 0x7ff013e146e0>,57,3,[3 5],58,192,195,134,192
1,<environment.Job instance at 0x7ff05a0bd730>,60,13,[5 5],61,197,210,136,197
1,<environment.Job instance at 0x7ff013dd9cd0>,61,15,[7 1],62,210,225,148,203
1,<environment.Job instance at 0x7ff013e16a00>,7,16,[7 2],8,8,24,0,8
1,<environment.Job instance at 0x7ff013e16eb0>,13,16,[6 5],14,24,40,10,14
1,<environment.Job instance at 0x7ff013df8320>,19,18,[5 8],20,44,62,24,44
1,<environment.Job instance at 0x7ff013e16820>,6,16,[1 9],7,62,78,55,51
1,<environment.Job instance at 0x7ff013df8870>,24,16,[6 1],25,62,78,37,59
1,<environment.Job instance at 0x7ff013df8b40>,29,3,[6 3],30,78,81,48,69
1,<environment.Job instance at 0x7ff013df8be0>,30,3,[2 9],31,81,84,50,69
1,<environment.Job instance at 0x7ff013df8c80>,31,14,[9 2],32,84,98,52,69
1,<environment.Job instance at 0x7ff013df8f00>,34,3,[ 5 10],35,98,101,63,72
1,<environment.Job instance at 0x7ff013e1b1e0>,39,18,[1 7],40,101,119,61,90
1,<environment.Job instance at 0x7ff013e1b280>,40,14,[7 2],41,101,115,60,90
1,<environment.Job instance at 0x7ff013e1b9b0>,44,12,[3 9],45,119,131,74,105
1,<environment.Job instance at 0x7ff013e1b6e0>,46,3,[6 3],47,115,118,68,105
1,<environment.Job instance at 0x7ff013df85f0>,21,15,[8 1],22,131,146,109,117
1,<environment.Job instance at 0x7ff013dfc1e0>,55,16,[4 7],56,146,162,90,144
1,<environment.Job instance at 0x7ff013dfc780>,59,18,[8 2],60,162,180,102,151
1,<environment.Job instance at 0x7ff013dfc460>,61,12,[2 6],62,162,174,100,152
1,<environment.Job instance at 0x7ff013dfca00>,64,16,[ 5 10],65,180,196,115,167
1,<environment.Job instance at 0x7ff013dfcdc0>,68,1,[10  1],69,196,197,127,179
1,<environment.Job instance at 0x7ff013dfc410>,58,16,[1 7],59,220,236,161,220
1,<environment.Job instance at 0x7ff013df8050>,2,12,[2 9],3,3,15,0,3
1,<environment.Job instance at 0x7ff059e36d70>,3,12,[8 2],4,15,27,11,4
1,<environment.Job instance at 0x7ff013aad140>,13,14,[6 5],14,27,41,13,22
1,<environment.Job instance at 0x7ff05a4790a0>,18,2,[1 6],19,41,43,22,27
1,<environment.Job instance at 0x7ff013aada00>,14,12,[9 3],15,41,53,26,30
1,<environment.Job instance at 0x7ff059df7f50>,20,17,[5 6],21,53,70,32,48
1,<environment.Job instance at 0x7ff0577ce0a0>,26,15,[10  2],27,70,85,43,69
1,<environment.Job instance at 0x7ff014028690>,5,18,[4 9],6,92,110,86,92
1,<environment.Job instance at 0x7ff013aadc80>,7,18,[10  5],8,110,128,102,101
1,<environment.Job instance at 0x7ff0579cf8c0>,9,17,[6 2],10,12,29,2,12
1,<environment.Job instance at 0x7ff05ec2c190>,0,13,[5 4],1,29,42,28,15
1,<environment.Job instance at 0x7ff0579cfa00>,10,17,[5 2],11,29,46,18,28
1,<environment.Job instance at 0x7ff057c694b0>,18,14,[8 5],19,46,60,27,31
1,<environment.Job instance at 0x7ff059f60190>,16,16,[8 2],17,60,76,43,47
1,<environment.Job instance at 0x7ff059db2320>,22,12,[7 2],23,76,88,53,62
1,<environment.Job instance at 0x7ff057aa1050>,24,14,[ 1 10],25,88,102,63,74
1,<environment.Job instance at 0x7ff013e55870>,29,15,[1 6],30,102,117,72,95
1,<environment.Job instance at 0x7ff057d4ba50>,30,12,[2 9],31,117,129,86,100
1,<environment.Job instance at 0x7ff057d4bc80>,31,15,[8 1],32,102,117,70,100
1,<environment.Job instance at 0x7ff057d4b0f0>,33,15,[ 3 10],34,129,144,95,117
1,<environment.Job instance at 0x7ff057d4bfa0>,40,16,[5 4],41,144,160,103,131
1,<environment.Job instance at 0x7ff013b7e140>,0,2,[2 7],1,2,4,1,2
1,<environment.Job instance at 0x7ff057829aa0>,1,16,[8 4],2,4,20,2,4
1,<environment.Job instance at 0x7ff013b33fa0>,4,1,[2 5],5,6,7,1,6
1,<environment.Job instance at 0x7ff013b51140>,6,1,[10  4],7,20,21,13,7
1,<environment.Job instance at 0x7ff057d4b960>,7,2,[8 3],8,21,23,13,8
1,<environment.Job instance at 0x7ff013b51690>,12,12,[4 7],13,23,35,10,14
1,<environment.Job instance at 0x7ff013b51be0>,17,14,[1 9],18,35,49,17,21
1,<environment.Job instance at 0x7ff013b51dc0>,18,12,[7 5],19,49,61,30,33
1,<environment.Job instance at 0x7ff0141b34b0>,28,12,[7 5],29,61,73,32,49
1,<environment.Job instance at 0x7ff0141b36e0>,29,12,[1 9],30,73,85,43,56
1,<environment.Job instance at 0x7ff0141b3e60>,36,12,[6 4],37,85,97,48,68
1,<environment.Job instance at 0x7ff0141b3e10>,37,17,[2 6],38,85,102,47,73
1,<environment.Job instance at 0x7ff0141b3fa0>,38,17,[5 4],39,97,114,58,87
1,<environment.Job instance at 0x7ff0141d61e0>,43,13,[5 6],44,102,115,58,88
1,<environment.Job instance at 0x7ff0141b3320>,27,17,[5 7],28,115,132,87,103
1,<environment.Job instance at 0x7ff013b51af0>,16,18,[10  5],17,132,150,115,123
1,<environment.Job instance at 0x7ff0141d6f50>,57,13,[4 7],58,150,163,92,141
1,<environment.Job instance at 0x7ff0141ca0f0>,59,14,[4 7],60,163,177,103,149
1,<environment.Job instance at 0x7ff0141d6140>,40,16,[9 4],41,177,193,136,171
1,<environment.Job instance at 0x7ff0141ca140>,61,17,[10  5],62,193,210,131,181
1,<environment.Job instance at 0x7ff05a0d6730>,2,3,[5 7],3,3,6,0,3
1,<environment.Job instance at 0x7ff0141ca6e0>,4,12,[3 7],5,9,21,4,9
1,<environment.Job instance at 0x7ff013fb2eb0>,9,14,[7 2],10,12,26,2,12
1,<environment.Job instance at 0x7ff0140c7be0>,11,14,[1 7],12,33,47,21,33
1,<environment.Job instance at 0x7ff013ed48c0>,18,16,[8 4],19,54,70,35,54
1,<environment.Job instance at 0x7ff013fb2f50>,5,12,[3 7],6,70,82,64,58
1,<environment.Job instance at 0x7ff0140c7190>,12,14,[8 5],13,82,96,69,82
1,<environment.Job instance at 0x7ff057c0e550>,44,14,[4 6],45,112,126,67,112
1,<environment.Job instance at 0x7ff057c0ec30>,46,15,[3 6],47,126,141,79,112
1,<environment.Job instance at 0x7ff057c0ee10>,48,15,[5 5],49,141,156,92,127
1,<environment.Job instance at 0x7ff057c0ea00>,55,3,[6 4],56,156,159,100,143
1,<environment.Job instance at 0x7ff05e9abeb0>,56,15,[5 1],57,159,174,102,145
1,<environment.Job instance at 0x7ff057926910>,58,12,[1 8],59,159,171,100,145
1,<environment.Job instance at 0x7ff0579261e0>,61,15,[6 3],62,174,189,112,160
1,<environment.Job instance at 0x7ff057926e60>,60,18,[2 7],61,171,189,110,169
1,<environment.Job instance at 0x7ff057926b40>,63,13,[5 2],64,189,202,125,173
1,<environment.Job instance at 0x7ff05ed94050>,66,13,[6 5],67,202,215,135,186
1,<environment.Job instance at 0x7ff0578d5320>,23,18,[ 2 10],24,220,238,196,220
1,<environment.Job instance at 0x7ff057bc61e0>,0,1,[1 7],1,1,2,0,1
1,<environment.Job instance at 0x7ff0578d5320>,2,2,[3 6],3,4,6,1,4
1,<environment.Job instance at 0x7ff057746c30>,5,2,[2 9],6,6,8,0,6
1,<environment.Job instance at 0x7ff013ce4fa0>,7,2,[4 6],8,8,10,0,8
1,<environment.Job instance at 0x7ff013caee10>,11,2,[8 5],12,13,15,1,13
1,<environment.Job instance at 0x7ff013caecd0>,13,20,[5 3],14,15,35,1,15
1,<environment.Job instance at 0x7ff013cae7d0>,14,16,[2 7],15,22,38,7,22
1,<environment.Job instance at 0x7ff059efc460>,18,2,[2 5],19,38,40,19,22
1,<environment.Job instance at 0x7ff059efc140>,19,12,[7 5],20,38,50,18,25
1,<environment.Job instance at 0x7ff013caed20>,15,17,[6 3],16,50,67,34,39
1,<environment.Job instance at 0x7ff059efc5a0>,26,13,[9 1],27,67,80,40,52
1,<environment.Job instance at 0x7ff059efc280>,29,14,[5 1],30,80,94,50,65
1,<environment.Job instance at 0x7ff059efc9b0>,21,17,[2 9],22,80,97,58,74
1,<environment.Job instance at 0x7ff014199d20>,41,2,[2 6],42,97,99,55,79
1,<environment.Job instance at 0x7ff014199050>,32,13,[9 2],33,99,112,66,88
1,<environment.Job instance at 0x7ff013aca500>,44,17,[1 8],45,99,116,54,93
1,<environment.Job instance at 0x7ff013acad70>,45,13,[4 7],46,116,129,70,100
1,<environment.Job instance at 0x7ff013b9c7d0>,51,12,[7 1],52,129,141,77,116
1,<environment.Job instance at 0x7ff013a03910>,55,2,[1 5],56,129,131,73,128
1,<environment.Job instance at 0x7ff05a497a00>,1,18,[8 1],2,3,21,1,3
1,<environment.Job instance at 0x7ff059d6fa00>,11,15,[2 7],12,22,37,10,22
1,<environment.Job instance at 0x7ff059d84c30>,16,17,[7 3],17,24,41,7,24
1,<environment.Job instance at 0x7ff057aa4550>,0,14,[6 3],1,41,55,40,27
1,<environment.Job instance at 0x7ff059d86410>,24,18,[5 2],25,55,73,30,55
1,<environment.Job instance at 0x7ff059d84500>,21,17,[9 4],22,73,90,51,61
1,<environment.Job instance at 0x7ff059d84230>,20,13,[1 9],21,90,103,69,76
1,<environment.Job instance at 0x7ff057c5c410>,32,12,[5 2],33,103,115,70,90
1,<environment.Job instance at 0x7ff0575cf460>,34,12,[7 2],35,115,127,80,99
1,<environment.Job instance at 0x7ff057bedb40>,37,12,[7 2],38,127,139,89,117
1,<environment.Job instance at 0x7ff057b47dc0>,39,18,[ 5 10],40,139,157,99,138
1,<environment.Job instance at 0x7ff057b47730>,4,14,[5 8],5,29,43,24,29
1,<environment.Job instance at 0x7ff057bdbaf0>,17,1,[ 4 10],18,61,62,43,61
1,<environment.Job instance at 0x7ff0576727d0>,19,15,[4 7],20,62,77,42,61
1,<environment.Job instance at 0x7ff05768baf0>,2,18,[8 1],3,77,95,74,66
1,<environment.Job instance at 0x7ff014055640>,25,17,[6 4],26,95,112,69,83
1,<environment.Job instance at 0x7ff014055e10>,26,17,[1 6],27,83,100,56,83
1,<environment.Job instance at 0x7ff0140a22d0>,29,13,[8 4],30,112,125,82,98
1,<environment.Job instance at 0x7ff057902280>,34,16,[2 5],35,124,140,89,124
1,<environment.Job instance at 0x7ff0139f8640>,38,17,[5 3],39,125,142,86,125
1,<environment.Job instance at 0x7ff013e21af0>,43,16,[7 2],44,142,158,98,130
1,<environment.Job instance at 0x7ff013e215a0>,44,12,[9 3],45,158,170,113,141
1,<environment.Job instance at 0x7ff013e212d0>,48,15,[3 9],49,170,185,121,157
1,<environment.Job instance at 0x7ff057793c30>,8,17,[9 2],9,185,202,176,173
1,<environment.Job instance at 0x7ff013e21460>,57,13,[5 1],58,202,215,144,186
1,<environment.Job instance at 0x7ff0139f5500>,22,17,[5 9],23,202,219,179,194
1,<environment.Job instance at 0x7ff05778bfa0>,59,13,[5 8],60,219,232,159,206
1,<environment.Job instance at 0x7ff059d8b0f0>,65,14,[5 9],66,232,246,166,223
1,<environment.Job instance at 0x7ff013c4caf0>,1,12,[3 8],2,3,15,1,3
1,<environment.Job instance at 0x7ff013e21fa0>,3,18,[6 4],4,15,33,11,4
1,<environment.Job instance at 0x7ff013c4c8c0>,0,13,[7 3],1,33,46,32,18
1,<environment.Job instance at 0x7ff013e44a50>,18,13,[2 9],19,46,59,27,30
1,<environment.Job instance at 0x7ff013e449b0>,20,13,[1 6],21,31,44,10,31
1,<environment.Job instance at 0x7ff013e44320>,24,17,[5 1],25,46,63,21,35
1,<environment.Job instance at 0x7ff013e44eb0>,26,18,[5 4],27,59,77,32,55
1,<environment.Job instance at 0x7ff01395fdc0>,10,18,[2 9],11,77,95,66,67
1,<environment.Job instance at 0x7ff0137f8960>,31,17,[7 4],32,95,112,63,83
1,<environment.Job instance at 0x7ff0139385a0>,44,13,[5 5],45,112,125,67,96
1,<environment.Job instance at 0x7ff013938dc0>,46,15,[10  2],47,125,140,78,116
1,<environment.Job instance at 0x7ff013866be0>,51,15,[7 2],52,140,155,88,128
1,<environment.Job instance at 0x7ff013866d70>,59,18,[8 2],60,155,173,95,144
1,<environment.Job instance at 0x7ff013812910>,64,15,[7 2],65,173,188,108,159
1,<environment.Job instance at 0x7ff013812d20>,66,3,[4 7],67,188,191,121,171
1,<environment.Job instance at 0x7ff013812fa0>,67,12,[9 1],68,191,203,123,174
1,<environment.Job instance at 0x7ff013812410>,2,12,[5 5],3,3,15,0,3
1,<environment.Job instance at 0x7ff059edfaa0>,3,1,[9 5],4,15,16,11,4
1,<environment.Job instance at 0x7ff014042550>,5,13,[2 6],6,16,29,10,6
1,<environment.Job instance at 0x7ff014042690>,6,2,[7 3],7,16,18,9,7
1,<environment.Job instance at 0x7ff014042960>,7,1,[1 7],8,29,30,21,8
1,<environment.Job instance at 0x7ff014042f00>,11,12,[ 1 10],12,30,42,18,15
1,<environment.Job instance at 0x7ff014058aa0>,15,15,[9 4],16,42,57,26,28
1,<environment.Job instance at 0x7ff014027370>,24,1,[1 8],25,57,58,32,31
1,<environment.Job instance at 0x7ff0140544b0>,28,16,[6 5],29,58,74,29,45
1,<environment.Job instance at 0x7ff013cc7af0>,31,14,[1 5],32,58,72,26,57
1,<environment.Job instance at 0x7ff014046640>,30,15,[7 2],31,74,89,43,62
1,<environment.Job instance at 0x7ff014047870>,34,12,[9 4],35,89,101,54,74
1,<environment.Job instance at 0x7ff013cc49b0>,37,15,[1 6],38,87,102,49,87
1,<environment.Job instance at 0x7ff0577b1d20>,40,16,[3 7],41,102,118,61,89
1,<environment.Job instance at 0x7ff0576894b0>,44,16,[4 7],45,118,134,73,106
1,<environment.Job instance at 0x7ff014058280>,23,17,[7 4],24,134,151,110,125
1,<environment.Job instance at 0x7ff013b50910>,2,15,[2 7],3,9,24,6,9
1,<environment.Job instance at 0x7ff05e9b2b90>,14,15,[3 8],15,24,39,9,15
1,<environment.Job instance at 0x7ff013c99190>,15,18,[6 2],16,16,34,0,16
1,<environment.Job instance at 0x7ff059eaa140>,18,13,[ 5 10],19,39,52,20,29
1,<environment.Job instance at 0x7ff057cac870>,1,17,[4 7],2,52,69,50,41
1,<environment.Job instance at 0x7ff05a4e0550>,20,18,[8 5],21,69,87,48,64
1,<environment.Job instance at 0x7ff013b50b90>,3,17,[4 9],4,87,104,83,75
1,<environment.Job instance at 0x7ff05a2bedc0>,37,3,[ 5 10],38,105,108,67,105
1,<environment.Job instance at 0x7ff0578a8410>,40,18,[7 3],41,108,126,67,105
1,<environment.Job instance at 0x7ff0578a8500>,41,2,[1 5],42,108,110,66,105
1,<environment.Job instance at 0x7ff0578a8780>,42,3,[9 5],43,126,129,83,105
1,<environment.Job instance at 0x7ff0578a8050>,44,2,[7 4],45,129,131,84,117
1,<environment.Job instance at 0x7ff0578a8af0>,43,17,[10  3],44,131,148,87,121
1,<environment.Job instance at 0x7ff0578a8c30>,48,17,[3 8],49,148,165,99,136
1,<environment.Job instance at 0x7ff05a1c2780>,53,18,[9 2],54,165,183,111,160
1,<environment.Job instance at 0x7ff05a1c2f00>,55,16,[10  3],56,183,199,127,170
1,<environment.Job instance at 0x7ff013884280>,61,3,[9 4],62,199,202,137,194
1,<environment.Job instance at 0x7ff013987fa0>,62,13,[9 1],63,202,215,139,194
1,<environment.Job instance at 0x7ff0139879b0>,64,16,[3 9],65,215,231,150,202
1,<environment.Job instance at 0x7ff013987eb0>,68,16,[3 5],69,231,247,162,219
1,<environment.Job instance at 0x7ff0139878c0>,67,18,[ 3 10],68,302,320,234,302
1,<environment.Job instance at 0x7ff05764e690>,0,1,[9 3],1,2,3,1,2
1,<environment.Job instance at 0x7ff05764ecd0>,1,1,[4 6],2,3,4,1,3
1,<environment.Job instance at 0x7ff05764e780>,4,1,[4 7],5,5,6,0,5
1,<environment.Job instance at 0x7ff013961190>,15,2,[4 9],16,17,19,1,17
1,<environment.Job instance at 0x7ff0575f9730>,17,3,[1 6],18,19,22,1,19
1,<environment.Job instance at 0x7ff0139619b0>,11,12,[10  4],12,22,34,10,19
1,<environment.Job instance at 0x7ff0575f9af0>,20,3,[4 8],21,34,37,13,22
1,<environment.Job instance at 0x7ff0575f9cd0>,22,13,[7 3],23,37,50,14,23
1,<environment.Job instance at 0x7ff013961a00>,5,17,[9 3],6,50,67,44,38
1,<environment.Job instance at 0x7ff0575f9550>,28,17,[4 9],29,67,84,38,57
1,<environment.Job instance at 0x7ff013bd4230>,31,17,[8 2],32,84,101,52,72
1,<environment.Job instance at 0x7ff013bd4f00>,35,16,[3 8],36,101,117,65,89
1,<environment.Job instance at 0x7ff013bd43c0>,39,12,[5 9],40,117,129,77,100
1,<environment.Job instance at 0x7ff0575b51e0>,43,16,[3 9],44,129,145,85,116
1,<environment.Job instance at 0x7ff0575b5690>,45,13,[ 3 10],46,145,158,99,129
1,<environment.Job instance at 0x7ff0575b5c30>,51,17,[3 7],52,158,175,106,151
1,<environment.Job instance at 0x7ff0575b5fa0>,55,3,[9 3],56,175,178,119,157
1,<environment.Job instance at 0x7ff0575b58c0>,56,17,[1 6],57,175,192,118,163
1,<environment.Job instance at 0x7ff0575b53c0>,57,18,[5 2],58,178,196,120,168
1,<environment.Job instance at 0x7ff013ab5a50>,61,15,[10  5],62,196,211,134,182
1,<environment.Job instance at 0x7ff05a09e7d0>,0,2,[8 2],1,2,4,1,2
1,<environment.Job instance at 0x7ff05a09ee60>,1,18,[7 1],2,10,28,8,10
1,<environment.Job instance at 0x7ff013d79f50>,9,2,[10  1],10,28,30,18,10
1,<environment.Job instance at 0x7ff057b94690>,10,3,[8 2],11,30,33,19,11
1,<environment.Job instance at 0x7ff05a3924b0>,11,15,[9 5],12,33,48,21,19
1,<environment.Job instance at 0x7ff05a38ea00>,17,15,[ 3 10],18,48,63,30,39
1,<environment.Job instance at 0x7ff013b25a50>,25,12,[7 2],26,63,75,37,46
1,<environment.Job instance at 0x7ff013b25eb0>,28,15,[10  2],29,75,90,46,64
1,<environment.Job instance at 0x7ff013b250f0>,32,15,[1 7],33,90,105,57,78
1,<environment.Job instance at 0x7ff013b603c0>,36,13,[8 3],37,93,106,56,93
1,<environment.Job instance at 0x7ff013b60be0>,37,12,[ 3 10],38,106,118,68,93
1,<environment.Job instance at 0x7ff0140de4b0>,38,15,[8 2],39,118,133,79,104
1,<environment.Job instance at 0x7ff0140dec30>,43,12,[5 9],44,133,145,89,116
1,<environment.Job instance at 0x7ff013b5b8c0>,53,18,[8 1],54,172,190,118,172
1,<environment.Job instance at 0x7ff013b57190>,62,2,[9 4],63,236,238,173,236
1,<environment.Job instance at 0x7ff0140ac320>,63,14,[5 6],64,238,252,174,236
1,<environment.Job instance at 0x7ff0140c07d0>,64,15,[6 4],65,252,267,187,238
1,<environment.Job instance at 0x7f16ec7e8280>,0,17,[6 1],1,2,19,1,2
1,<environment.Job instance at 0x7f16ec7e8370>,1,3,[ 2 10],2,19,22,17,3
1,<environment.Job instance at 0x7f16e73d83c0>,4,13,[3 6],5,6,19,1,6
1,<environment.Job instance at 0x7f16ec7e8230>,2,14,[ 2 10],3,25,39,22,25
1,<environment.Job instance at 0x7f16e73d8d20>,16,18,[7 3],17,50,68,33,50
1,<environment.Job instance at 0x7f16e73db730>,26,12,[8 5],27,68,80,41,51
1,<environment.Job instance at 0x7f16e73db550>,27,17,[4 6],28,80,97,52,74
1,<environment.Job instance at 0x7f16e73d86e0>,8,17,[1 8],9,99,116,90,99
1,<environment.Job instance at 0x7f16e73dbf50>,38,2,[6 1],39,105,107,66,105
1,<environment.Job instance at 0x7f16e73dbd70>,35,16,[1 9],36,116,132,80,105
1,<environment.Job instance at 0x7f16e73dd230>,42,2,[4 7],43,132,134,89,125
1,<environment.Job instance at 0x7f16e73d8820>,13,18,[5 9],14,134,152,120,126
1,<environment.Job instance at 0x7f16e73dd410>,45,15,[7 5],46,152,167,106,141
1,<environment.Job instance at 0x7f16e73dddc0>,54,18,[7 1],55,167,185,112,156
1,<environment.Job instance at 0x7f16e73ddf00>,55,12,[2 6],56,167,179,111,156
1,<environment.Job instance at 0x7f16e73df0a0>,58,17,[3 7],59,179,196,120,167
1,<environment.Job instance at 0x7f16e73df5f0>,63,12,[5 3],64,185,197,121,174
1,<environment.Job instance at 0x7f16e73df550>,62,14,[4 9],63,197,211,134,182
1,<environment.Job instance at 0x7f16e73df9b0>,69,14,[9 4],70,211,225,141,201
1,<environment.Job instance at 0x7f16e73dfd70>,75,3,[10  4],76,225,228,149,202
1,<environment.Job instance at 0x7f16e73dffa0>,77,16,[8 1],78,228,244,150,217
1,<environment.Job instance at 0x7f16ec95be10>,0,1,[5 5],1,1,2,0,1
1,<environment.Job instance at 0x7f16ec95a460>,11,18,[5 4],12,12,30,0,12
1,<environment.Job instance at 0x7f16ec957780>,15,3,[8 5],16,30,33,14,20
1,<environment.Job instance at 0x7f16e73dd730>,1,14,[8 5],2,33,47,31,25
1,<environment.Job instance at 0x7f16ec80f320>,22,13,[9 4],23,47,60,24,40
1,<environment.Job instance at 0x7f16ec95af00>,8,16,[4 9],9,60,76,51,49
1,<environment.Job instance at 0x7f16ec80fa00>,27,18,[5 5],28,76,94,48,65
1,<environment.Job instance at 0x7f16ec961550>,32,12,[1 6],33,94,106,61,82
1,<environment.Job instance at 0x7f16ec961730>,31,17,[6 4],32,94,111,62,83
1,<environment.Job instance at 0x7f16ec9611e0>,38,16,[5 2],39,111,127,72,99
1,<environment.Job instance at 0x7f16ec953f00>,47,14,[7 2],48,127,141,79,120
1,<environment.Job instance at 0x7f16ec9534b0>,49,13,[5 5],50,141,154,91,125
1,<environment.Job instance at 0x7f16e73b6050>,51,13,[3 8],52,154,167,102,146
1,<environment.Job instance at 0x7f16e7370fa0>,55,15,[8 3],56,167,182,111,153
1,<environment.Job instance at 0x7f16ec960be0>,66,13,[10  5],67,182,195,115,169
1,<environment.Job instance at 0x7f16ec95b730>,3,18,[ 3 10],4,195,213,191,184
1,<environment.Job instance at 0x7f16a16c3cd0>,3,2,[9 4],4,5,7,1,5
1,<environment.Job instance at 0x7f16a16c31e0>,5,2,[5 6],6,7,9,1,6
1,<environment.Job instance at 0x7f16ec86bfa0>,1,12,[5 4],2,10,22,8,10
1,<environment.Job instance at 0x7f16a16c3f00>,10,17,[4 7],11,22,39,11,11
1,<environment.Job instance at 0x7f16a16fe730>,16,3,[10  3],17,39,42,22,23
1,<environment.Job instance at 0x7f16a16fe960>,19,2,[10  2],20,42,44,22,25
1,<environment.Job instance at 0x7f16a16c62d0>,4,14,[10  5],5,44,58,39,31
1,<environment.Job instance at 0x7f16a16fe7d0>,22,1,[8 3],23,58,59,35,39
1,<environment.Job instance at 0x7f16a16fe140>,23,3,[2 5],24,58,61,34,40
1,<environment.Job instance at 0x7f16a16fe8c0>,21,18,[6 2],22,59,77,37,49
1,<environment.Job instance at 0x7f16a16fe870>,20,17,[3 5],21,61,78,40,53
1,<environment.Job instance at 0x7f16a16c3f50>,9,14,[ 5 10],10,78,92,68,66
1,<environment.Job instance at 0x7f16a16ae2d0>,35,15,[5 3],36,92,107,56,82
1,<environment.Job instance at 0x7f16a170da50>,44,3,[5 6],45,100,103,55,100
1,<environment.Job instance at 0x7f16a16aee60>,41,14,[ 1 10],42,107,121,65,102
1,<environment.Job instance at 0x7f16a170df00>,46,16,[6 5],47,121,137,74,109
1,<environment.Job instance at 0x7f16a170db40>,52,13,[2 5],53,132,145,79,132
1,<environment.Job instance at 0x7f16a170d500>,54,16,[5 6],55,145,161,90,133
1,<environment.Job instance at 0x7f16a1729960>,59,17,[8 5],60,183,200,123,183
1,<environment.Job instance at 0x7f16a17dddc0>,64,15,[8 5],65,200,215,135,193
1,<environment.Job instance at 0x7f16a17dd690>,67,12,[4 8],68,219,231,151,219
1,<environment.Job instance at 0x7f16a1ae1a50>,1,13,[8 1],2,2,15,0,2
1,<environment.Job instance at 0x7f16a16dc4b0>,2,12,[ 5 10],3,15,27,12,12
1,<environment.Job instance at 0x7f16a16dcc80>,14,2,[7 1],15,27,29,12,15
1,<environment.Job instance at 0x7f16a16dc1e0>,15,1,[5 1],16,29,30,13,16
1,<environment.Job instance at 0x7f16a16dcb90>,10,13,[3 5],11,27,40,16,17
1,<environment.Job instance at 0x7f16a16dcb40>,7,14,[10  3],8,40,54,32,32
1,<environment.Job instance at 0x7f16a1698500>,28,17,[1 5],29,54,71,25,42
1,<environment.Job instance at 0x7f16a1698eb0>,29,18,[5 2],30,54,72,24,43
1,<environment.Job instance at 0x7f16a16981e0>,30,18,[5 8],31,71,89,40,60
1,<environment.Job instance at 0x7f16a1698190>,34,3,[7 5],35,89,92,54,67
1,<environment.Job instance at 0x7f16a1698cd0>,36,17,[8 4],37,92,109,55,82
1,<environment.Job instance at 0x7f16a1b92230>,42,15,[9 2],43,109,124,66,100
1,<environment.Job instance at 0x7f16a1b92b90>,45,2,[5 7],46,124,126,78,113
1,<environment.Job instance at 0x7f16a1b92dc0>,46,2,[8 1],47,126,128,79,113
1,<environment.Job instance at 0x7f16a1b92280>,48,13,[8 4],49,128,141,79,113
1,<environment.Job instance at 0x7f16a1a91e10>,17,14,[10  5],18,141,155,123,128
1,<environment.Job instance at 0x7f16a1b92690>,51,3,[9 4],52,155,158,103,129
1,<environment.Job instance at 0x7f16a1b587d0>,54,12,[8 3],55,158,170,103,141
1,<environment.Job instance at 0x7f16a1b58690>,56,13,[8 2],57,170,183,113,155
1,<environment.Job instance at 0x7f16ec94daa0>,63,17,[7 4],64,183,200,119,173
1,<environment.Job instance at 0x7f16a1a91e60>,21,17,[10  2],22,200,217,178,188
1,<environment.Job instance at 0x7f16a1689870>,68,14,[7 1],69,217,231,148,203
1,<environment.Job instance at 0x7f16a1689eb0>,74,15,[2 6],75,217,232,142,213
1,<environment.Job instance at 0x7f16a16898c0>,75,16,[7 5],76,232,248,156,219
1,<environment.Job instance at 0x7f16a1621c30>,2,2,[7 5],3,3,5,0,3
1,<environment.Job instance at 0x7f16a1acdd70>,13,12,[2 7],14,14,26,0,14
1,<environment.Job instance at 0x7f16a1ad2370>,16,2,[5 5],17,26,28,9,17
1,<environment.Job instance at 0x7f16a1ad2640>,18,3,[10  2],19,28,31,9,19
1,<environment.Job instance at 0x7f16a1ad26e0>,19,15,[ 2 10],20,31,46,11,21
1,<environment.Job instance at 0x7f16a1ad2d70>,25,3,[5 2],26,46,49,20,31
1,<environment.Job instance at 0x7f16a1ad29b0>,26,13,[2 5],27,46,59,19,31
1,<environment.Job instance at 0x7f16e777bc30>,3,16,[ 4 10],4,59,75,55,59
1,<environment.Job instance at 0x7f16a1add0a0>,30,14,[2 9],31,116,130,85,116
1,<environment.Job instance at 0x7f16a1addb40>,44,14,[3 8],45,143,157,98,143
1,<environment.Job instance at 0x7f16a1ada8c0>,64,17,[6 1],65,451,468,386,451
1,<environment.Job instance at 0x7f16e7851230>,1,16,[4 5],2,2,18,0,2
1,<environment.Job instance at 0x7f16e78515a0>,3,18,[1 6],4,18,36,14,8
1,<environment.Job instance at 0x7f16e9a518c0>,7,16,[7 4],8,18,34,10,10
1,<environment.Job instance at 0x7f16e9e0a0a0>,14,12,[8 1],15,34,46,19,23
1,<environment.Job instance at 0x7f16a1a6dc30>,22,16,[6 4],23,46,62,23,34
1,<environment.Job instance at 0x7f16a1a6dc80>,24,14,[3 6],25,46,60,21,37
1,<environment.Job instance at 0x7f16a1a6dd70>,30,13,[6 2],31,62,75,31,57
1,<environment.Job instance at 0x7f16a1a6d6e0>,31,3,[7 4],32,75,78,43,57
1,<environment.Job instance at 0x7f16e9a51640>,8,16,[9 2],9,78,94,69,69
1,<environment.Job instance at 0x7f16e9e16050>,38,14,[8 2],39,94,108,55,89
1,<environment.Job instance at 0x7f16e9e16b40>,35,17,[ 5 10],36,141,158,105,141
1,<environment.Job instance at 0x7f16a1a66370>,50,13,[5 5],51,158,171,107,146
1,<environment.Job instance at 0x7f16a1a66820>,54,1,[ 3 10],55,171,172,116,155
1,<environment.Job instance at 0x7f16a1a66190>,55,14,[3 8],56,172,186,116,158
1,<environment.Job instance at 0x7f16e9d510f0>,63,15,[6 4],64,215,230,151,215
1,<environment.Job instance at 0x7f16e9d51a50>,65,13,[6 3],66,230,243,164,219
1,<environment.Job instance at 0x7f16e9cd7320>,1,15,[7 1],2,2,17,0,2
1,<environment.Job instance at 0x7f16e77c25f0>,2,3,[8 3],3,17,20,14,3
1,<environment.Job instance at 0x7f16e9cd79b0>,0,13,[5 5],1,20,33,19,7
1,<environment.Job instance at 0x7f16e7632e10>,8,3,[3 7],9,10,13,1,10
1,<environment.Job instance at 0x7f16e71847d0>,10,15,[2 5],11,13,28,2,12
1,<environment.Job instance at 0x7f16e789e870>,12,17,[4 5],13,28,45,15,19
1,<environment.Job instance at 0x7f16e9b42460>,21,1,[8 1],22,45,46,23,26
1,<environment.Job instance at 0x7f16a18d5b40>,16,16,[1 9],17,45,61,28,33
1,<environment.Job instance at 0x7f16e7802e10>,24,16,[9 5],25,61,77,36,48
1,<environment.Job instance at 0x7f16e9b96d70>,7,18,[8 2],8,77,95,69,76
1,<environment.Job instance at 0x7f16e9b44190>,34,16,[6 1],35,95,111,60,89
1,<environment.Job instance at 0x7f16e9b447d0>,38,13,[9 1],39,111,124,72,97
1,<environment.Job instance at 0x7f16e9b440f0>,40,3,[2 9],41,97,100,56,97
1,<environment.Job instance at 0x7f16e9b44910>,41,14,[9 2],42,124,138,82,111
1,<environment.Job instance at 0x7f16e9b44820>,45,1,[5 4],46,138,139,92,111
1,<environment.Job instance at 0x7f16e9f308c0>,49,18,[1 7],50,139,157,89,128
1,<environment.Job instance at 0x7f16e75070a0>,55,18,[4 6],56,157,175,101,147
1,<environment.Job instance at 0x7f16e9b44be0>,36,18,[ 5 10],37,177,195,140,177
1,<environment.Job instance at 0x7f16e9b98730>,65,16,[4 7],66,195,211,129,182
1,<environment.Job instance at 0x7f16a1c7c7d0>,69,18,[8 2],70,211,229,141,202
1,<environment.Job instance at 0x7f16e7542d20>,73,17,[4 7],74,229,246,155,219
1,<environment.Job instance at 0x7f16e7542c30>,74,16,[ 5 10],75,246,262,171,234
1,<environment.Job instance at 0x7f16e9914dc0>,2,12,[2 9],3,3,15,0,3
1,<environment.Job instance at 0x7f16e725e1e0>,3,12,[8 2],4,15,27,11,4
1,<environment.Job instance at 0x7f16a15b6d70>,4,16,[1 5],5,15,31,10,8
1,<environment.Job instance at 0x7f16a15a61e0>,8,13,[5 5],9,27,40,18,11
1,<environment.Job instance at 0x7f16a15a64b0>,11,3,[5 1],12,12,15,0,12
1,<environment.Job instance at 0x7f16a15a6190>,13,14,[6 5],14,40,54,26,27
1,<environment.Job instance at 0x7f16a15a60f0>,7,18,[10  5],8,73,91,65,73
1,<environment.Job instance at 0x7f16a15a6910>,20,17,[5 6],21,91,108,70,81
1,<environment.Job instance at 0x7f16a15a7460>,29,13,[4 7],30,108,121,78,92
1,<environment.Job instance at 0x7f16a15a7690>,3,1,[1 5],4,5,6,1,5
1,<environment.Job instance at 0x7f16a1a67c30>,5,16,[6 2],6,6,22,0,6
1,<environment.Job instance at 0x7f16a1a675f0>,8,14,[8 5],9,22,36,13,9
1,<environment.Job instance at 0x7f16a1a67320>,6,16,[8 2],7,36,52,29,24
1,<environment.Job instance at 0x7f16e9b47690>,0,17,[5 2],1,52,69,51,42
1,<environment.Job instance at 0x7f16a1a7b5a0>,11,18,[ 3 10],12,69,87,57,62
1,<environment.Job instance at 0x7f16a19371e0>,20,12,[2 9],21,87,99,66,71
1,<environment.Job instance at 0x7f16a1c84a50>,21,15,[8 1],22,87,102,65,73
1,<environment.Job instance at 0x7f16a1bd72d0>,27,14,[7 2],28,102,116,74,90
1,<environment.Job instance at 0x7f16ab090550>,23,15,[ 3 10],24,116,131,92,102
1,<environment.Job instance at 0x7f16a1625f00>,36,14,[6 5],37,131,145,94,117
1,<environment.Job instance at 0x7f16ea106aa0>,41,13,[2 5],42,135,148,93,135
1,<environment.Job instance at 0x7f16a17898c0>,43,2,[9 2],44,148,150,104,137
1,<environment.Job instance at 0x7f16e7834050>,44,18,[6 4],45,150,168,105,140
1,<environment.Job instance at 0x7f16a1a63780>,46,12,[1 7],47,168,180,121,152
1,<environment.Job instance at 0x7f16e7834140>,48,16,[1 7],49,180,196,131,169
1,<environment.Job instance at 0x7f16a1be75a0>,55,13,[6 4],56,196,209,140,184
1,<environment.Job instance at 0x7f16a1a585a0>,1,16,[1 6],2,2,18,0,2
1,<environment.Job instance at 0x7f16a1a18780>,2,1,[5 3],3,3,4,0,3
1,<environment.Job instance at 0x7f16a1a58280>,0,12,[2 5],1,18,30,17,7
1,<environment.Job instance at 0x7f16e9b5fe60>,8,12,[7 5],9,18,30,9,14
1,<environment.Job instance at 0x7f16e9e88690>,13,12,[9 3],14,30,42,16,15
1,<environment.Job instance at 0x7f16e9b5fd20>,6,12,[4 8],7,42,54,35,30
1,<environment.Job instance at 0x7f16e9f705f0>,23,13,[5 6],24,54,67,30,40
1,<environment.Job instance at 0x7f16a1bc6960>,18,17,[5 4],19,54,71,35,46
1,<environment.Job instance at 0x7f16e727a8c0>,20,16,[9 4],21,71,87,50,58
1,<environment.Job instance at 0x7f16a18d70a0>,31,18,[4 8],32,87,105,55,76
1,<environment.Job instance at 0x7f16e73f89b0>,39,14,[4 7],40,105,119,65,93
1,<environment.Job instance at 0x7f16e73f8370>,36,17,[2 9],37,119,136,82,107
1,<environment.Job instance at 0x7f16e75c9140>,43,17,[6 1],44,108,125,64,108
1,<environment.Job instance at 0x7f16e73f8c30>,40,16,[10  3],41,136,152,95,124
1,<environment.Job instance at 0x7f16e7154b40>,52,3,[5 7],53,152,155,99,129
1,<environment.Job instance at 0x7f16e9f7a820>,53,3,[4 8],54,155,158,101,129
1,<environment.Job instance at 0x7f16e7884370>,58,15,[6 2],59,155,170,96,151
1,<environment.Job instance at 0x7f16e7884690>,59,14,[7 2],60,170,184,110,155
1,<environment.Job instance at 0x7f16a1cae230>,60,18,[1 7],61,158,176,97,156
1,<environment.Job instance at 0x7f16ea0c94b0>,62,14,[8 5],63,184,198,121,169
1,<environment.Job instance at 0x7f16e9b5f4b0>,7,17,[5 7],8,198,215,190,187
1,<environment.Job instance at 0x7f16e71590f0>,73,18,[ 2 10],74,215,233,141,212
1,<environment.Job instance at 0x7f16e73f8aa0>,41,17,[10  5],42,315,332,273,315
1,<environment.Job instance at 0x7f16e7351c80>,1,12,[3 9],2,3,15,1,3
1,<environment.Job instance at 0x7f16a17a4cd0>,14,14,[4 6],15,29,43,14,29
1,<environment.Job instance at 0x7f16a17cb0f0>,20,15,[6 3],21,45,60,24,45
1,<environment.Job instance at 0x7f16a17a4e10>,16,15,[3 6],17,49,64,32,49
1,<environment.Job instance at 0x7f16a17a4d70>,15,14,[10  1],16,64,78,48,59
1,<environment.Job instance at 0x7f16a17cb5a0>,23,18,[3 7],24,78,96,54,67
1,<environment.Job instance at 0x7f16a17cbc30>,31,15,[6 3],32,78,93,46,67
1,<environment.Job instance at 0x7f16a17cbf50>,36,13,[6 5],37,96,109,59,80
1,<environment.Job instance at 0x7f16a17cbbe0>,38,12,[5 5],39,109,121,70,95
1,<environment.Job instance at 0x7f16a17cb7d0>,30,18,[2 7],31,121,139,90,117
1,<environment.Job instance at 0x7f16a17cdc80>,50,17,[5 8],51,139,156,88,127
1,<environment.Job instance at 0x7f16a17cdd20>,51,2,[8 5],52,156,158,104,129
1,<environment.Job instance at 0x7f16a17cdaf0>,56,14,[10  1],57,158,172,101,145
1,<environment.Job instance at 0x7f16a17ce2d0>,59,12,[7 5],60,172,184,112,155
1,<environment.Job instance at 0x7f16a17ce820>,61,17,[2 9],62,184,201,122,176
1,<environment.Job instance at 0x7f16e7370a50>,6,2,[2 8],7,7,9,0,7
1,<environment.Job instance at 0x7f16a17ced20>,2,13,[ 3 10],3,12,25,9,12
1,<environment.Job instance at 0x7f16e7370fa0>,4,17,[1 8],5,25,42,20,18
1,<environment.Job instance at 0x7f16e77d1c80>,11,12,[7 1],12,29,41,17,29
1,<environment.Job instance at 0x7f16a1ba3c80>,22,3,[7 4],23,42,45,19,38
1,<environment.Job instance at 0x7f16a1ba3a00>,23,15,[4 8],24,45,60,21,38
1,<environment.Job instance at 0x7f16a1ba35f0>,27,13,[5 8],28,60,73,32,47
1,<environment.Job instance at 0x7f16e752a0a0>,28,13,[5 5],29,73,86,44,57
1,<environment.Job instance at 0x7f16e752a7d0>,30,14,[6 3],31,86,100,55,71
1,<environment.Job instance at 0x7f16a1a68460>,41,15,[2 7],42,110,125,68,110
1,<environment.Job instance at 0x7f16a1a681e0>,42,17,[3 5],43,125,142,82,113
1,<environment.Job instance at 0x7f16a1a680f0>,43,16,[5 2],44,113,129,69,113
1,<environment.Job instance at 0x7f16a1a68c30>,46,17,[7 3],47,129,146,82,124
1,<environment.Job instance at 0x7f16e9bc18c0>,47,3,[10  5],48,146,149,98,124
1,<environment.Job instance at 0x7f16e9bc1e60>,48,13,[8 3],49,149,162,100,133
1,<environment.Job instance at 0x7f16ac3c5050>,51,17,[9 4],52,162,179,110,150
1,<environment.Job instance at 0x7f16a189f1e0>,55,14,[10  1],56,179,193,123,164
1,<environment.Job instance at 0x7f16e789e4b0>,2,3,[7 1],3,3,6,0,3
1,<environment.Job instance at 0x7f16e789edc0>,3,2,[7 5],4,6,8,2,4
1,<environment.Job instance at 0x7f16e789efa0>,1,3,[5 9],2,8,11,6,8
1,<environment.Job instance at 0x7f16e7872eb0>,9,12,[1 6],10,11,23,1,11
1,<environment.Job instance at 0x7f16e7872cd0>,11,3,[7 5],12,23,26,11,12
1,<environment.Job instance at 0x7f16e7872320>,14,2,[8 1],15,15,17,0,15
1,<environment.Job instance at 0x7f16e78725f0>,13,18,[8 3],14,26,44,12,16
1,<environment.Job instance at 0x7f16e789e190>,5,17,[8 5],6,44,61,38,33
1,<environment.Job instance at 0x7f16e722b8c0>,19,14,[5 3],20,61,75,41,48
1,<environment.Job instance at 0x7f16e7872c30>,12,15,[4 9],13,75,90,62,62
1,<environment.Job instance at 0x7f16a1821820>,29,14,[7 5],30,90,104,60,77
1,<environment.Job instance at 0x7f16a1821190>,28,17,[9 2],29,109,126,80,109
1,<environment.Job instance at 0x7f16a1882af0>,38,13,[2 7],39,126,139,87,112
1,<environment.Job instance at 0x7f16a1882780>,32,18,[5 3],33,126,144,93,116
1,<environment.Job instance at 0x7f16e9aba820>,43,18,[5 5],44,139,157,95,129
1,<environment.Job instance at 0x7f16e9aba460>,46,17,[1 6],47,157,174,110,145
1,<environment.Job instance at 0x7f16e9aba7d0>,42,17,[5 9],43,174,191,131,170
1,<environment.Job instance at 0x7f16e9aba1e0>,48,18,[ 3 10],49,201,219,152,201
1,<environment.Job instance at 0x7f16e9b37a50>,57,3,[5 6],58,219,222,161,201
1,<environment.Job instance at 0x7f16e9b37780>,58,17,[5 3],59,219,236,160,211
1,<environment.Job instance at 0x7f16e9b37820>,62,14,[3 8],63,236,250,173,221
1,<environment.Job instance at 0x7f16e9b37eb0>,63,16,[7 2],64,240,256,176,240
1,<environment.Job instance at 0x7f16a1829690>,69,12,[10  4],70,256,268,186,242
1,<environment.Job instance at 0x7f16ea08be60>,74,15,[10  1],75,268,283,193,255
1,<environment.Job instance at 0x7f16e9aba140>,45,17,[6 4],46,283,300,237,280
1,<environment.Job instance at 0x7f16a1829e10>,68,15,[3 9],69,300,315,231,297
1,<environment.Job instance at 0x7f16ec6dd640>,1,3,[10  5],2,2,5,0,2
1,<environment.Job instance at 0x7f16ea08b370>,2,14,[4 6],3,5,19,2,3
1,<environment.Job instance at 0x7f16ea08b690>,4,15,[5 5],5,19,34,14,5
1,<environment.Job instance at 0x7f16e71decd0>,7,3,[3 6],8,34,37,26,18
1,<environment.Job instance at 0x7f16e71deb40>,5,14,[5 9],6,37,51,31,22
1,<environment.Job instance at 0x7f16e71c6550>,17,12,[3 8],18,51,63,33,34
1,<environment.Job instance at 0x7f16e71e67d0>,20,18,[2 9],21,63,81,42,52
1,<environment.Job instance at 0x7f16e7468af0>,26,13,[7 1],27,69,82,42,69
1,<environment.Job instance at 0x7f16a156e230>,28,13,[2 9],29,81,94,52,73
1,<environment.Job instance at 0x7f16e77573c0>,34,17,[5 1],35,83,100,48,83
1,<environment.Job instance at 0x7f16e71c6370>,13,18,[6 4],14,100,118,86,93
1,<environment.Job instance at 0x7f16e7757e60>,40,17,[7 1],41,118,135,77,106
1,<environment.Job instance at 0x7f16ec3f7370>,44,12,[1 5],45,107,119,62,107
1,<environment.Job instance at 0x7f16e99a7960>,52,13,[9 3],53,135,148,82,124
1,<environment.Job instance at 0x7f16e76e7eb0>,54,13,[5 5],55,148,161,93,136
1,<environment.Job instance at 0x7f16a1cc5fa0>,1,2,[4 7],2,2,4,0,2
1,<environment.Job instance at 0x7f16e744f2d0>,2,12,[5 5],3,4,16,1,4
1,<environment.Job instance at 0x7f16a19fccd0>,5,13,[2 6],6,16,29,10,6
1,<environment.Job instance at 0x7f16e99b55f0>,7,1,[1 7],8,29,30,21,8
1,<environment.Job instance at 0x7f16e99b55a0>,8,3,[1 5],9,9,12,0,9
1,<environment.Job instance at 0x7f16e7491230>,0,15,[5 8],1,30,45,29,16
1,<environment.Job instance at 0x7f16a1b22a00>,18,3,[6 1],19,21,24,2,21
1,<environment.Job instance at 0x7f16a15807d0>,21,3,[9 5],22,45,48,23,24
1,<environment.Job instance at 0x7f16e9f04be0>,25,15,[9 1],26,48,63,22,37
1,<environment.Job instance at 0x7f16e9f04f50>,26,3,[1 7],27,48,51,21,37
1,<environment.Job instance at 0x7f16e9bc8960>,28,16,[6 5],29,63,79,34,51
1,<environment.Job instance at 0x7f16e9bc8370>,31,14,[1 5],32,56,70,24,56
1,<environment.Job instance at 0x7f16e9bc87d0>,30,15,[7 2],31,79,94,48,66
1,<environment.Job instance at 0x7f16a197e640>,14,17,[5 4],15,94,111,79,86
1,<environment.Job instance at 0x7f16a1aee2d0>,37,15,[1 6],38,93,108,55,93
1,<environment.Job instance at 0x7f16e9bc8640>,32,18,[ 2 10],33,111,129,78,100
1,<environment.Job instance at 0x7f16a1aee870>,40,16,[3 7],41,129,145,88,116
1,<environment.Job instance at 0x7f16a1aeec30>,44,16,[4 7],45,145,161,100,137
1,<environment.Job instance at 0x7f16a1aeec30>,2,3,[7 5],3,3,6,0,3
1,<environment.Job instance at 0x7f16a13c0d70>,5,18,[6 2],6,6,24,0,6
1,<environment.Job instance at 0x7f16a1cfd1e0>,7,13,[ 5 10],8,24,37,16,11
1,<environment.Job instance at 0x7f16a1cfd5a0>,14,13,[4 6],15,37,50,22,21
1,<environment.Job instance at 0x7f16ec711190>,4,15,[3 8],5,50,65,45,39
1,<environment.Job instance at 0x7f16a13d8640>,21,2,[9 4],22,65,67,43,46
1,<environment.Job instance at 0x7f16a13d8aa0>,22,16,[3 5],23,67,83,44,54
1,<environment.Job instance at 0x7f16a1cfd870>,19,15,[5 9],20,83,98,63,71
1,<environment.Job instance at 0x7f16a1cfd500>,18,17,[10  4],19,98,115,79,89
1,<environment.Job instance at 0x7f16a147feb0>,37,15,[6 4],38,115,130,77,106
1,<environment.Job instance at 0x7f16a147f280>,33,17,[10  3],34,130,147,96,118
1,<environment.Job instance at 0x7f16a139f5a0>,45,16,[10  3],46,147,163,101,134
1,<environment.Job instance at 0x7f16a139f2d0>,50,17,[10  1],51,163,180,112,151
1,<environment.Job instance at 0x7f16a139fbe0>,54,16,[3 9],55,180,196,125,167
1,<environment.Job instance at 0x7f16a13aec80>,59,16,[8 5],60,196,212,136,195
1,<environment.Job instance at 0x7f16a13aee60>,65,17,[9 3],66,213,230,147,213
1,<environment.Job instance at 0x7f16a13ae8c0>,69,15,[5 5],70,230,245,160,221
1,<environment.Job instance at 0x7f16a14eceb0>,71,12,[10  4],72,245,257,173,228
1,<environment.Job instance at 0x7f16a147f460>,2,13,[7 3],3,5,18,2,5
1,<environment.Job instance at 0x7f16a16de730>,11,17,[8 2],12,18,35,6,13
1,<environment.Job instance at 0x7f16a16de460>,9,18,[9 5],10,35,53,25,25
1,<environment.Job instance at 0x7f16e9a8fc80>,16,14,[4 7],17,53,67,36,39
1,<environment.Job instance at 0x7f16e9a8fcd0>,18,12,[6 1],19,53,65,34,44
1,<environment.Job instance at 0x7f16e9a8f370>,19,12,[5 9],20,67,79,47,50
1,<environment.Job instance at 0x7f16a1d81b40>,8,17,[4 9],9,79,96,70,71
1,<environment.Job instance at 0x7f16e9a91f00>,24,13,[10  1],25,96,109,71,80
1,<environment.Job instance at 0x7f16a1d4f640>,26,14,[1 5],27,109,123,82,94
1,<environment.Job instance at 0x7f16e9a68b90>,31,17,[3 7],32,123,140,91,116
1,<environment.Job instance at 0x7f16e9a5f9b0>,37,18,[5 2],38,123,141,85,123
1,<environment.Job instance at 0x7f16e9a5fd20>,38,17,[3 5],39,140,157,101,128
1,<environment.Job instance at 0x7f16a17c1cd0>,41,15,[10  5],42,157,172,115,144
1,<environment.Job instance at 0x7f16a1d446e0>,46,3,[7 4],47,147,150,100,147
1,<environment.Job instance at 0x7f16a1d42c80>,51,18,[7 1],52,172,190,120,161
1,<environment.Job instance at 0x7f16a16f5b40>,5,17,[5 9],6,190,207,184,178
1,<environment.Job instance at 0x7f16a1d59550>,65,15,[10  1],66,207,222,141,194
1,<environment.Job instance at 0x7f16a1d59910>,67,15,[ 3 10],68,222,237,154,208
1,<environment.Job instance at 0x7f16a177b410>,71,17,[5 6],72,237,254,165,229
1,<environment.Job instance at 0x7f16a177bbe0>,74,12,[4 9],75,254,266,179,239
1,<environment.Job instance at 0x7f16a176f9b0>,78,15,[10  2],79,266,281,187,258
1,<environment.Job instance at 0x7f16e9b45190>,1,18,[4 6],2,6,24,4,6
1,<environment.Job instance at 0x7f16e9d4d410>,6,13,[8 3],7,24,37,17,8
1,<environment.Job instance at 0x7f16ea0eee60>,14,16,[1 8],15,37,53,22,33
1,<environment.Job instance at 0x7f16e77e4410>,13,12,[5 9],14,53,65,39,47
1,<environment.Job instance at 0x7f16a1af3500>,25,12,[10  3],26,65,77,39,55
1,<environment.Job instance at 0x7f16e76f5f00>,29,12,[7 1],30,77,89,47,63
1,<environment.Job instance at 0x7f16a1681d70>,32,2,[9 4],33,89,91,56,78
1,<environment.Job instance at 0x7f16a1681050>,33,14,[5 6],34,91,105,57,78
1,<environment.Job instance at 0x7f16e9c5a780>,34,15,[6 4],35,105,120,70,91
1,<environment.Job instance at 0x7f16e9c5adc0>,36,18,[1 5],37,105,123,68,104
1,<environment.Job instance at 0x7f16a150fb40>,3,18,[6 1],4,4,22,0,4
1,<environment.Job instance at 0x7f16a1b156e0>,5,15,[4 9],6,6,21,0,6
1,<environment.Job instance at 0x7f16a1b15e10>,7,17,[3 7],8,21,38,13,10
1,<environment.Job instance at 0x7f16a19302d0>,20,13,[5 8],21,38,51,17,25
1,<environment.Job instance at 0x7f16a150f500>,8,16,[8 5],9,51,67,42,38
1,<environment.Job instance at 0x7f16a1466230>,30,1,[10  3],31,67,68,36,41
1,<environment.Job instance at 0x7f16a1466c30>,31,3,[5 8],32,68,71,36,42
1,<environment.Job instance at 0x7f16a19307d0>,23,16,[5 8],24,71,87,47,59
1,<environment.Job instance at 0x7f16a1930be0>,22,15,[ 5 10],23,87,102,64,75
1,<environment.Job instance at 0x7f16a1bf5230>,41,12,[ 4 10],42,102,114,60,88
1,<environment.Job instance at 0x7f16e9f635a0>,2,17,[5 9],3,114,131,111,104
1,<environment.Job instance at 0x7f16a1466f50>,40,18,[9 4],41,131,149,90,125
1,<environment.Job instance at 0x7f16a58349b0>,53,17,[6 3],54,149,166,95,145
1,<environment.Job instance at 0x7f16a1bf5050>,55,3,[5 4],56,166,169,110,145
1,<environment.Job instance at 0x7f16a1959d20>,60,14,[5 7],61,169,183,108,159
1,<environment.Job instance at 0x7f16a1959a50>,64,15,[9 5],65,183,198,118,176
1,<environment.Job instance at 0x7f16a19590f0>,70,15,[9 2],71,198,213,127,195
1,<environment.Job instance at 0x7f16a1959320>,71,12,[7 1],72,213,225,141,199
1,<environment.Job instance at 0x7f16a1b075a0>,75,12,[9 2],76,225,237,149,216
1,<environment.Job instance at 0x7f16a1b07fa0>,78,3,[3 9],79,237,240,158,226
1,<environment.Job instance at 0x7f16e9f91d20>,2,14,[1 9],3,6,20,3,6
1,<environment.Job instance at 0x7f16e9f910f0>,1,17,[3 7],2,20,37,18,8
1,<environment.Job instance at 0x7f16e78dfc80>,15,16,[5 1],16,29,45,13,29
1,<environment.Job instance at 0x7f16e78dfdc0>,16,3,[2 7],17,37,40,20,29
1,<environment.Job instance at 0x7f16e78df9b0>,18,12,[9 4],19,45,57,26,32
1,<environment.Job instance at 0x7f16e78ea410>,9,15,[4 6],10,57,72,47,43
1,<environment.Job instance at 0x7f16e78df230>,22,14,[7 1],23,72,86,49,63
1,<environment.Job instance at 0x7f16e78dfe10>,21,14,[9 4],22,86,100,64,71
1,<environment.Job instance at 0x7f16e9bd59b0>,32,16,[6 1],33,100,116,67,87
1,<environment.Job instance at 0x7f16e9bd50f0>,33,14,[ 4 10],34,116,130,82,101
1,<environment.Job instance at 0x7f16e9bd5410>,35,13,[10  4],36,130,143,94,119
1,<environment.Job instance at 0x7f16e9bd5280>,42,13,[ 4 10],43,143,156,100,129
1,<environment.Job instance at 0x7f16e9bd54b0>,41,1,[9 5],42,156,157,114,131
1,<environment.Job instance at 0x7f16e78ee870>,47,15,[2 5],48,167,182,119,167
1,<environment.Job instance at 0x7f16e78eec80>,53,18,[8 3],54,187,205,133,187
1,<environment.Job instance at 0x7f16e78d5e10>,62,15,[4 5],63,228,243,165,228
1,<environment.Job instance at 0x7f16e78d52d0>,67,17,[8 3],68,243,260,175,234
1,<environment.Job instance at 0x7f16e78d5960>,70,17,[8 5],71,265,282,194,265
1,<environment.Job instance at 0x7f16e78d2640>,76,15,[3 5],77,282,297,205,269
1,<environment.Job instance at 0x7f16e78d2460>,78,2,[10  3],79,297,299,218,297
1,<environment.Job instance at 0x7f3b84e7f9b0>,4,13,[3 6],5,5,18,0,5
1,<environment.Job instance at 0x7f3b84e3c280>,0,17,[6 1],1,8,25,7,8
1,<environment.Job instance at 0x7f3b81a2cd70>,17,12,[5 1],18,27,39,9,27
1,<environment.Job instance at 0x7f3b81a2c5f0>,8,17,[1 8],9,50,67,41,50
1,<environment.Job instance at 0x7f3b81a2f140>,21,18,[9 4],22,67,85,45,56
1,<environment.Job instance at 0x7f3b81a2ccd0>,16,18,[7 3],17,85,103,68,74
1,<environment.Job instance at 0x7f3b81a2fd70>,35,16,[1 9],36,103,119,67,100
1,<environment.Job instance at 0x7f3b81a2ff00>,39,14,[9 4],40,119,133,79,104
1,<environment.Job instance at 0x7f3b81a31410>,45,15,[7 5],46,133,148,87,125
1,<environment.Job instance at 0x7f3b81a2fcd0>,34,14,[1 9],35,148,162,113,138
1,<environment.Job instance at 0x7f3b81a31460>,47,13,[ 3 10],48,162,175,114,149
1,<environment.Job instance at 0x7f3b81a334b0>,61,1,[7 5],62,175,176,113,163
1,<environment.Job instance at 0x7f3b81a33280>,62,14,[4 9],63,176,190,113,168
1,<environment.Job instance at 0x7f3b81a331e0>,63,12,[5 3],64,190,202,126,173
1,<environment.Job instance at 0x7f3b81a33820>,68,14,[6 4],69,202,216,133,188
1,<environment.Job instance at 0x7f3b81a33e10>,77,16,[8 1],78,216,232,138,203
1,<environment.Job instance at 0x7f3b81a36280>,81,14,[8 5],82,232,246,150,218
1,<environment.Job instance at 0x7f3b81a366e0>,88,16,[4 9],89,246,262,157,233
1,<environment.Job instance at 0x7f3b81a40280>,0,3,[6 1],1,4,7,3,4
1,<environment.Job instance at 0x7f3b81a366e0>,4,1,[ 5 10],5,7,8,2,5
1,<environment.Job instance at 0x7f3b84e66f50>,5,3,[8 5],6,8,11,2,6
1,<environment.Job instance at 0x7f3b84e66d70>,6,18,[2 6],7,11,29,4,7
1,<environment.Job instance at 0x7f3b84e63690>,16,1,[4 8],17,29,30,12,18
1,<environment.Job instance at 0x7f3b84e63f50>,13,16,[1 9],14,30,46,16,18
1,<environment.Job instance at 0x7f3b84fae870>,22,12,[1 6],23,46,58,23,32
1,<environment.Job instance at 0x7f3b84fae230>,23,17,[5 1],24,32,49,8,32
1,<environment.Job instance at 0x7f3b84fae6e0>,24,1,[9 2],25,49,50,24,32
1,<environment.Job instance at 0x7f3b84faeeb0>,26,12,[8 4],27,50,62,23,34
1,<environment.Job instance at 0x7f3b84e63460>,12,13,[9 4],13,62,75,49,48
1,<environment.Job instance at 0x7f3b84fb50f0>,32,18,[7 5],33,75,93,42,64
1,<environment.Job instance at 0x7f3b84fb5230>,37,14,[7 2],38,93,107,55,79
1,<environment.Job instance at 0x7f3b84fb5410>,41,13,[3 8],42,93,106,51,88
1,<environment.Job instance at 0x7f3b84fb5960>,40,17,[9 5],41,107,124,66,97
1,<environment.Job instance at 0x7f3b84fafcd0>,48,3,[4 6],49,124,127,75,101
1,<environment.Job instance at 0x7f3b84fb5460>,42,18,[10  4],43,127,145,84,120
1,<environment.Job instance at 0x7f3b84fa7aa0>,55,3,[9 2],56,145,148,89,122
1,<environment.Job instance at 0x7f3b84fa7730>,57,2,[3 8],58,148,150,90,132
1,<environment.Job instance at 0x7f3b84fa7b90>,58,3,[4 8],59,150,153,91,132
1,<environment.Job instance at 0x7f3b84fa78c0>,59,17,[5 7],60,153,170,93,142
1,<environment.Job instance at 0x7f3b819c9960>,66,12,[1 6],67,170,182,103,163
1,<environment.Job instance at 0x7f3b84ec21e0>,68,2,[9 1],69,170,172,101,163
1,<environment.Job instance at 0x7f3b84fb49b0>,69,2,[ 4 10],70,182,184,112,163
1,<environment.Job instance at 0x7f3b84fb4e60>,71,12,[5 4],72,184,196,112,167
1,<environment.Job instance at 0x7f3b84fb4280>,75,2,[5 6],76,188,190,112,188
1,<environment.Job instance at 0x7f3b84fb4820>,77,3,[5 6],78,198,201,120,198
1,<environment.Job instance at 0x7f3b84fb4e10>,78,2,[8 1],79,201,203,122,198
1,<environment.Job instance at 0x7f3b84fb4500>,79,14,[ 5 10],80,203,217,123,198
1,<environment.Job instance at 0x7f3b84fb4af0>,80,17,[4 7],81,217,234,136,209
1,<environment.Job instance at 0x7f3b84fa4cd0>,82,3,[8 5],83,234,237,151,210
1,<environment.Job instance at 0x7f3b39ccb370>,1,18,[6 2],2,5,23,3,5
1,<environment.Job instance at 0x7f3b39c7fd20>,5,1,[9 3],6,23,24,17,6
1,<environment.Job instance at 0x7f3b39c7f320>,11,3,[9 5],12,24,27,12,12
1,<environment.Job instance at 0x7f3b39c7f7d0>,9,1,[5 3],10,27,28,17,13
1,<environment.Job instance at 0x7f3b39c7f5a0>,7,13,[9 5],8,28,41,20,16
1,<environment.Job instance at 0x7f3b817f17d0>,22,3,[8 2],23,56,59,33,56
1,<environment.Job instance at 0x7f3b81791f00>,24,3,[5 6],25,59,62,34,56
1,<environment.Job instance at 0x7f3b817f18c0>,23,14,[5 9],24,62,76,38,59
1,<environment.Job instance at 0x7f3b818ace10>,27,2,[10  3],28,76,78,48,62
1,<environment.Job instance at 0x7f3b39c7fe60>,6,17,[9 1],7,78,95,71,66
1,<environment.Job instance at 0x7f3b8179e320>,29,15,[5 5],30,95,110,65,81
1,<environment.Job instance at 0x7f3b81ba9cd0>,32,13,[2 5],33,95,108,62,85
1,<environment.Job instance at 0x7f3b81eed8c0>,34,16,[5 6],35,116,132,81,116
1,<environment.Job instance at 0x7f3b39d3e780>,43,18,[5 1],44,122,140,78,122
1,<environment.Job instance at 0x7f3b39d3e550>,44,15,[8 5],45,140,155,95,126
1,<environment.Job instance at 0x7f3b39d3e410>,47,12,[4 8],48,155,167,107,141
1,<environment.Job instance at 0x7f3b39d3e8c0>,55,18,[5 4],56,167,185,111,156
1,<environment.Job instance at 0x7f3b39d01b40>,60,13,[5 9],61,185,198,124,169
1,<environment.Job instance at 0x7f3b39d2e280>,63,13,[9 2],64,198,211,134,182
1,<environment.Job instance at 0x7f3b39c7a870>,67,14,[10  3],68,211,225,143,197
1,<environment.Job instance at 0x7f3b8181d820>,74,2,[7 1],75,225,227,150,203
1,<environment.Job instance at 0x7f3b8180b280>,76,1,[2 6],77,225,226,148,203
1,<environment.Job instance at 0x7f3b8180b780>,77,14,[10  5],78,227,241,149,212
1,<environment.Job instance at 0x7f3b817f6230>,81,17,[10  2],82,241,258,159,229
1,<environment.Job instance at 0x7f3b39c730a0>,88,17,[1 5],89,258,275,169,246
1,<environment.Job instance at 0x7f3b3a1c3190>,1,3,[5 9],2,2,5,0,2
1,<environment.Job instance at 0x7f3b81b3bd20>,13,2,[7 3],14,27,29,13,27
1,<environment.Job instance at 0x7f3b81ab8a00>,12,15,[9 2],13,29,44,16,27
1,<environment.Job instance at 0x7f3b81dee230>,16,2,[8 1],17,44,46,27,28
1,<environment.Job instance at 0x7f3b3a1c3960>,0,18,[5 8],1,46,64,45,35
1,<environment.Job instance at 0x7f3b819031e0>,20,2,[4 9],21,64,66,43,39
1,<environment.Job instance at 0x7f3b3a200a50>,21,3,[9 4],22,66,69,44,40
1,<environment.Job instance at 0x7f3b39cdad70>,22,2,[2 9],23,44,46,21,40
1,<environment.Job instance at 0x7f3b81e1a1e0>,23,15,[7 2],24,69,84,45,56
1,<environment.Job instance at 0x7f3b39cd24b0>,28,12,[5 5],29,84,96,55,67
1,<environment.Job instance at 0x7f3b39cc60a0>,26,13,[8 2],27,96,109,69,82
1,<environment.Job instance at 0x7f3b81b87550>,6,17,[8 4],7,109,126,102,98
1,<environment.Job instance at 0x7f3b3a176a00>,38,14,[7 1],39,126,140,87,114
1,<environment.Job instance at 0x7f3b3a176500>,39,12,[6 3],40,140,152,100,125
1,<environment.Job instance at 0x7f3b3a176f50>,43,16,[4 5],44,140,156,96,131
1,<environment.Job instance at 0x7f3b39dfa0a0>,48,14,[9 4],49,156,170,107,148
1,<environment.Job instance at 0x7f3b81ecce10>,49,18,[5 6],50,170,188,120,160
1,<environment.Job instance at 0x7f3b39e047d0>,3,3,[4 6],4,4,7,0,4
1,<environment.Job instance at 0x7f3b81e79a00>,5,13,[9 1],6,7,20,1,7
1,<environment.Job instance at 0x7f3b3a3e7cd0>,7,3,[10  5],8,20,23,12,8
1,<environment.Job instance at 0x7f3b81e79370>,8,16,[5 2],9,23,39,14,10
1,<environment.Job instance at 0x7f3b3a3ccb90>,15,15,[1 5],16,23,38,7,17
1,<environment.Job instance at 0x7f3b819ae9b0>,17,13,[ 5 10],18,39,52,21,23
1,<environment.Job instance at 0x7f3b819b1780>,22,17,[8 2],23,52,69,29,41
1,<environment.Job instance at 0x7f3b81816140>,12,14,[2 8],13,52,66,39,41
1,<environment.Job instance at 0x7f3b81847960>,30,15,[1 9],31,69,84,38,58
1,<environment.Job instance at 0x7f3b81847be0>,33,14,[5 6],34,84,98,50,71
1,<environment.Job instance at 0x7f3b818177d0>,11,18,[5 8],12,98,116,86,87
1,<environment.Job instance at 0x7f3b81847320>,36,16,[2 9],37,116,132,79,103
1,<environment.Job instance at 0x7f3b8182fd20>,40,16,[8 5],41,132,148,91,119
1,<environment.Job instance at 0x7f3b81847280>,29,18,[10  4],30,148,166,118,137
1,<environment.Job instance at 0x7f3b81842eb0>,51,16,[4 5],52,166,182,114,154
1,<environment.Job instance at 0x7f3b818425f0>,55,14,[6 1],56,166,180,110,164
1,<environment.Job instance at 0x7f3b81891be0>,60,12,[10  5],61,182,194,121,165
1,<environment.Job instance at 0x7f3b81e80050>,65,13,[7 4],66,194,207,128,186
1,<environment.Job instance at 0x7f3b8184f320>,26,17,[7 4],27,229,246,202,229
1,<environment.Job instance at 0x7f3b81e64b90>,70,13,[6 2],71,278,291,207,278
1,<environment.Job instance at 0x7f3b81e641e0>,72,12,[7 5],73,291,303,218,287
1,<environment.Job instance at 0x7f3b818325f0>,75,17,[ 5 10],76,330,347,254,330
1,<environment.Job instance at 0x7f3b81ea1730>,85,3,[8 5],86,635,638,549,635
1,<environment.Job instance at 0x7f3b81ea1960>,86,14,[2 5],87,635,649,548,635
1,<environment.Job instance at 0x7f3b81e885a0>,1,17,[7 5],2,2,19,0,2
1,<environment.Job instance at 0x7f3b82113dc0>,3,3,[10  3],4,19,22,15,4
1,<environment.Job instance at 0x7f3b819fe960>,15,13,[6 3],16,22,35,6,16
1,<environment.Job instance at 0x7f3b821135a0>,7,13,[3 7],8,22,35,14,18
1,<environment.Job instance at 0x7f3b81e88690>,0,13,[5 5],1,35,48,34,21
1,<environment.Job instance at 0x7f3b82113730>,8,15,[2 9],9,48,63,39,36
1,<environment.Job instance at 0x7f3b820fd190>,26,3,[6 4],27,63,66,36,49
1,<environment.Job instance at 0x7f3b820fd6e0>,27,3,[3 5],28,63,66,35,49
1,<environment.Job instance at 0x7f3b820fd8c0>,28,1,[6 5],29,66,67,37,49
1,<environment.Job instance at 0x7f3b820fd690>,29,2,[1 9],30,67,69,37,49
1,<environment.Job instance at 0x7f3b820fd2d0>,30,13,[5 5],31,69,82,38,53
1,<environment.Job instance at 0x7f3b820fdf00>,33,2,[9 1],34,67,69,33,66
1,<environment.Job instance at 0x7f3b820fd9b0>,31,15,[7 1],32,82,97,50,68
1,<environment.Job instance at 0x7f3b823d8230>,40,15,[2 5],41,69,84,28,68
1,<environment.Job instance at 0x7f3b8206c500>,45,17,[8 2],46,97,114,51,85
1,<environment.Job instance at 0x7f3b8206c9b0>,52,16,[10  4],53,114,130,61,102
1,<environment.Job instance at 0x7f3b8206c870>,54,16,[9 5],55,130,146,75,124
1,<environment.Job instance at 0x7f3b8206c820>,59,18,[5 8],60,146,164,86,145
1,<environment.Job instance at 0x7f3b81b58280>,64,16,[6 1],65,164,180,99,151
1,<environment.Job instance at 0x7f3b8211f0a0>,68,13,[9 1],69,180,193,111,165
1,<environment.Job instance at 0x7f3b8211f780>,71,14,[9 2],72,193,207,121,178
1,<environment.Job instance at 0x7f3b8270b410>,75,1,[5 4],76,207,208,131,180
1,<environment.Job instance at 0x7f3b820ae2d0>,79,18,[1 7],80,208,226,128,197
1,<environment.Job instance at 0x7f3b824971e0>,80,14,[7 2],81,208,222,127,197
1,<environment.Job instance at 0x7f3b3a1afc30>,85,18,[4 6],86,226,244,140,215
1,<environment.Job instance at 0x7f3b3a220eb0>,3,3,[5 7],4,4,7,0,4
1,<environment.Job instance at 0x7f3b82443e60>,1,12,[1 6],2,7,19,5,4
1,<environment.Job instance at 0x7f3b3a2200a0>,4,2,[ 5 10],5,19,21,14,5
1,<environment.Job instance at 0x7f3b81ffb6e0>,13,17,[4 7],14,21,38,7,16
1,<environment.Job instance at 0x7f3b81cee500>,8,16,[1 7],9,38,54,29,26
1,<environment.Job instance at 0x7f3b3a2207d0>,6,18,[9 3],7,38,56,31,37
1,<environment.Job instance at 0x7f3b81fb9e10>,22,12,[2 9],23,56,68,33,41
1,<environment.Job instance at 0x7f3b81d2e190>,28,13,[5 5],29,68,81,39,52
1,<environment.Job instance at 0x7f3b81f9b3c0>,34,12,[9 3],35,81,93,46,65
1,<environment.Job instance at 0x7f3b81cf7b90>,27,18,[10  5],28,93,111,65,83
1,<environment.Job instance at 0x7f3b81ff6640>,25,18,[4 9],26,111,129,85,106
1,<environment.Job instance at 0x7f3b3a2e1640>,50,16,[10  1],51,131,147,80,131
1,<environment.Job instance at 0x7f3b3a338960>,9,17,[6 2],10,12,29,2,12
1,<environment.Job instance at 0x7f3b3a338e10>,15,16,[6 2],16,29,45,13,17
1,<environment.Job instance at 0x7f3b3a338c80>,12,12,[6 2],13,45,57,32,28
1,<environment.Job instance at 0x7f3b39de10a0>,19,16,[7 4],20,57,73,37,47
1,<environment.Job instance at 0x7f3b3a3387d0>,11,18,[4 9],12,73,91,61,64
1,<environment.Job instance at 0x7f3b39de15f0>,25,13,[5 7],26,91,104,65,76
1,<environment.Job instance at 0x7f3b39de1f50>,35,15,[5 6],36,767,782,731,767
1,<environment.Job instance at 0x7f3b39dcc050>,40,16,[5 4],41,787,803,746,787
1,<environment.Job instance at 0x7f3b819c8fa0>,8,12,[7 5],9,9,21,0,9
1,<environment.Job instance at 0x7f3b81a31960>,14,12,[1 5],15,15,27,0,15
1,<environment.Job instance at 0x7f3b3a30ad20>,0,12,[2 5],1,21,33,20,15
1,<environment.Job instance at 0x7f3b3a273500>,13,12,[9 3],14,33,45,19,19
1,<environment.Job instance at 0x7f3b82538e60>,19,3,[3 7],20,45,48,25,23
1,<environment.Job instance at 0x7f3b821bed20>,22,12,[8 3],23,48,60,25,32
1,<environment.Job instance at 0x7f3b81a31f00>,9,12,[1 9],10,60,72,50,44
1,<environment.Job instance at 0x7f3b821be140>,27,1,[5 6],28,72,73,44,44
1,<environment.Job instance at 0x7f3b39ff30f0>,28,14,[4 5],29,73,87,44,61
1,<environment.Job instance at 0x7f3b821beb90>,20,16,[9 4],21,87,103,66,74
1,<environment.Job instance at 0x7f3b81c6d730>,38,13,[ 3 10],39,103,116,64,89
1,<environment.Job instance at 0x7f3b819c8690>,7,17,[5 7],8,116,133,108,104
1,<environment.Job instance at 0x7f3b39f59550>,40,16,[10  3],41,133,149,92,121
1,<environment.Job instance at 0x7f3b84e63f50>,50,3,[ 1 10],51,149,152,98,133
1,<environment.Job instance at 0x7f3b84d782d0>,55,12,[3 7],56,152,164,96,135
1,<environment.Job instance at 0x7f3b82417550>,58,15,[6 2],59,152,167,93,146
1,<environment.Job instance at 0x7f3b82417370>,60,18,[1 7],61,164,182,103,153
1,<environment.Job instance at 0x7f3b82417a00>,62,14,[8 5],63,182,196,119,168
1,<environment.Job instance at 0x7f3b82057690>,74,13,[7 3],75,204,217,129,204
1,<environment.Job instance at 0x7f3b82057a50>,76,12,[5 9],77,217,229,140,210
1,<environment.Job instance at 0x7f3b82057780>,78,1,[6 4],79,229,230,150,225
1,<environment.Job instance at 0x7f3b82057410>,81,12,[3 9],82,239,251,157,239
1,<environment.Job instance at 0x7f3b825c4690>,31,18,[4 8],32,251,269,219,240
1,<environment.Job instance at 0x7f3b82057af0>,85,14,[7 3],86,269,283,183,255
1,<environment.Job instance at 0x7f3b820ce5f0>,1,2,[3 5],2,2,4,0,2
1,<environment.Job instance at 0x7f3b82053e10>,5,14,[10  1],6,6,20,0,6
1,<environment.Job instance at 0x7f3b82053e60>,6,15,[3 6],7,20,35,13,9
1,<environment.Job instance at 0x7f3b39fbe320>,16,15,[5 1],17,20,35,3,18
1,<environment.Job instance at 0x7f3b820ce9b0>,0,12,[3 6],1,35,47,34,19
1,<environment.Job instance at 0x7f3b3a0635f0>,21,15,[6 3],22,36,51,14,36
1,<environment.Job instance at 0x7f3b82230b40>,23,13,[5 2],24,51,64,27,36
1,<environment.Job instance at 0x7f3b820c1eb0>,13,18,[3 7],14,47,65,33,41
1,<environment.Job instance at 0x7f3b8222efa0>,25,13,[8 4],26,65,78,39,52
1,<environment.Job instance at 0x7f3b820531e0>,7,17,[2 7],8,78,95,70,66
1,<environment.Job instance at 0x7f3b39f2ed70>,11,18,[5 9],12,95,113,83,84
1,<environment.Job instance at 0x7f3b8234c2d0>,42,2,[5 1],43,93,95,50,93
1,<environment.Job instance at 0x7f3b8234c0f0>,44,16,[2 7],45,113,129,68,100
1,<environment.Job instance at 0x7f3b8234c460>,40,17,[5 8],41,129,146,88,124
1,<environment.Job instance at 0x7f3b820dc2d0>,51,17,[2 9],52,146,163,94,134
1,<environment.Job instance at 0x7f3b39f83a00>,54,12,[10  2],55,163,175,108,149
1,<environment.Job instance at 0x7f3b826c1a00>,67,1,[5 3],68,180,181,112,180
1,<environment.Job instance at 0x7f3b826c19b0>,68,3,[9 3],69,181,184,112,180
1,<environment.Job instance at 0x7f3b3a152cd0>,69,13,[8 5],70,184,197,114,180
1,<environment.Job instance at 0x7f3b3a08f690>,72,13,[ 3 10],73,197,210,124,182
1,<environment.Job instance at 0x7f3b81ec2910>,74,17,[1 8],75,219,236,144,219
1,<environment.Job instance at 0x7f3b819dd370>,1,1,[3 5],2,2,3,0,2
1,<environment.Job instance at 0x7f3b81809f50>,8,13,[5 5],9,9,22,0,9
1,<environment.Job instance at 0x7f3b81809e60>,10,14,[6 3],11,22,36,11,11
1,<environment.Job instance at 0x7f3b817dc8c0>,20,13,[3 8],21,59,72,38,59
1,<environment.Job instance at 0x7f3b817dc0a0>,21,15,[2 7],22,72,87,50,59
1,<environment.Job instance at 0x7f3b817dcaa0>,23,16,[5 2],24,59,75,35,59
1,<environment.Job instance at 0x7f3b817dc870>,26,17,[7 3],27,75,92,48,63
1,<environment.Job instance at 0x7f3b81809c30>,6,18,[5 8],7,92,110,85,83
1,<environment.Job instance at 0x7f3b817d12d0>,31,17,[9 4],32,110,127,78,108
1,<environment.Job instance at 0x7f3b817d14b0>,35,14,[10  1],36,127,141,91,113
1,<environment.Job instance at 0x7f3b817d1870>,41,18,[7 2],42,141,159,99,138
1,<environment.Job instance at 0x7f3b817d1a50>,44,12,[7 2],45,159,171,114,152
1,<environment.Job instance at 0x7f3b817d1af0>,2,18,[5 3],3,27,45,24,27
1,<environment.Job instance at 0x7f3b39ea2870>,9,15,[4 7],10,37,52,27,37
1,<environment.Job instance at 0x7f3b81976aa0>,8,13,[2 7],9,52,65,43,39
1,<environment.Job instance at 0x7f3b819a8820>,15,17,[6 4],16,65,82,49,53
1,<environment.Job instance at 0x7f3b819a8050>,19,13,[8 4],20,82,95,62,66
1,<environment.Job instance at 0x7f3b3a274780>,25,13,[ 5 10],26,95,108,69,92
1,<environment.Job instance at 0x7f3b3a274aa0>,28,17,[5 3],29,108,125,79,96
1,<environment.Job instance at 0x7f3b3a274370>,32,14,[3 8],33,125,139,92,111
1,<environment.Job instance at 0x7f3b81c6a960>,33,16,[7 2],34,125,141,91,117
1,<environment.Job instance at 0x7f3b81c6a3c0>,38,15,[3 9],39,141,156,102,127
1,<environment.Job instance at 0x7f3b81c6a140>,40,13,[7 1],41,141,154,100,129
1,<environment.Job instance at 0x7f3b3a210280>,46,1,[4 5],47,156,157,109,134
1,<environment.Job instance at 0x7f3b3a210690>,47,13,[5 1],48,154,167,106,139
1,<environment.Job instance at 0x7f3b39ea25f0>,12,17,[5 9],13,157,174,144,145
1,<environment.Job instance at 0x7f3b81c86e60>,54,15,[5 5],55,174,189,119,160
1,<environment.Job instance at 0x7f3b81c86b40>,60,13,[7 3],61,189,202,128,175
1,<environment.Job instance at 0x7f3b39ff5e60>,63,18,[6 4],64,202,220,138,191
1,<environment.Job instance at 0x7f3b8243ca00>,66,14,[5 7],67,220,234,153,205
1,<environment.Job instance at 0x7f3b8243cb40>,68,16,[1 7],69,234,250,165,221
1,<environment.Job instance at 0x7f3b819a8f00>,18,18,[ 3 10],19,250,268,231,245
1,<environment.Job instance at 0x7f3b3a024d70>,86,18,[5 4],87,268,286,181,259
1,<environment.Job instance at 0x7f3b3a024730>,88,12,[5 5],89,268,280,179,264
1,<environment.Job instance at 0x7f3b819cebe0>,8,1,[3 8],9,9,10,0,9
1,<environment.Job instance at 0x7f3b819ce370>,9,1,[10  3],10,10,11,0,10
1,<environment.Job instance at 0x7f3b819ce5f0>,1,17,[7 4],2,12,29,10,12
1,<environment.Job instance at 0x7f3b3a01f2d0>,14,13,[5 5],15,29,42,14,15
1,<environment.Job instance at 0x7f3b3a01feb0>,16,15,[10  2],17,42,57,25,30
1,<environment.Job instance at 0x7f3b39c1b050>,27,3,[8 1],28,57,60,29,44
1,<environment.Job instance at 0x7f3b39c1b820>,28,16,[10  1],29,60,76,31,49
1,<environment.Job instance at 0x7f3b3a01f190>,20,14,[10  4],21,76,90,55,64
1,<environment.Job instance at 0x7f3b81ada4b0>,33,14,[5 7],34,90,104,56,77
1,<environment.Job instance at 0x7f3b81adae60>,40,15,[5 8],41,104,119,63,90
1,<environment.Job instance at 0x7f3b81ada910>,37,12,[9 1],38,119,131,81,103
1,<environment.Job instance at 0x7f3b81a7dfa0>,52,2,[6 5],53,131,133,78,108
1,<environment.Job instance at 0x7f3b81a7d190>,53,3,[4 7],54,133,136,79,108
1,<environment.Job instance at 0x7f3b81a7de60>,54,17,[5 4],55,136,153,81,124
1,<environment.Job instance at 0x7f3b81a7d9b0>,56,15,[4 7],57,153,168,96,139
1,<environment.Job instance at 0x7f3b81a16d20>,65,15,[9 1],66,168,183,102,156
1,<environment.Job instance at 0x7f3b81a160a0>,70,15,[7 2],71,183,198,112,170
1,<environment.Job instance at 0x7f3b81a16960>,73,14,[4 9],74,198,212,124,193
1,<environment.Job instance at 0x7f3b81a16a50>,74,12,[9 4],75,212,224,137,195
1,<environment.Job instance at 0x7f3b81ab8af0>,0,2,[5 8],1,2,4,1,2
1,<environment.Job instance at 0x7f3b81f9b960>,1,3,[6 5],2,4,7,2,3
1,<environment.Job instance at 0x7f3b81ab87d0>,3,1,[6 5],4,7,8,3,4
1,<environment.Job instance at 0x7f3b3a2d45a0>,4,1,[4 9],5,8,9,3,5
1,<environment.Job instance at 0x7f3b3a2bfc30>,15,16,[5 5],16,22,38,6,22
1,<environment.Job instance at 0x7f3b3a2bf3c0>,19,2,[8 4],20,38,40,18,33
1,<environment.Job instance at 0x7f3b3a2d4870>,7,18,[3 9],8,40,58,32,33
1,<environment.Job instance at 0x7f3b3a2bf550>,21,17,[4 7],22,58,75,36,47
1,<environment.Job instance at 0x7f3b3a2bfcd0>,25,14,[5 1],26,62,76,36,62
1,<environment.Job instance at 0x7f3b3a06b690>,28,16,[9 2],29,76,92,47,64
1,<environment.Job instance at 0x7f3b82453500>,32,3,[7 5],33,92,95,59,79
1,<environment.Job instance at 0x7f3b81de9370>,33,3,[10  4],34,95,98,61,79
1,<environment.Job instance at 0x7f3b81de96e0>,34,15,[3 8],35,98,113,63,84
1,<environment.Job instance at 0x7f3b3a068d20>,35,18,[6 2],36,98,116,62,88
1,<environment.Job instance at 0x7f3b81f7b370>,37,13,[ 5 10],38,116,129,78,103
1,<environment.Job instance at 0x7f3b81e13320>,42,18,[4 5],43,129,147,86,118
1,<environment.Job instance at 0x7f3b81df9cd0>,46,13,[5 6],47,147,160,100,139
1,<environment.Job instance at 0x7f3b39c03d70>,48,17,[10  4],49,160,177,111,149
1,<environment.Job instance at 0x7f3b3a2bff50>,20,14,[2 8],21,177,191,156,173
1,<environment.Job instance at 0x7f3b819c1640>,60,18,[7 3],61,191,209,130,180
1,<environment.Job instance at 0x7f3b8199bb40>,67,15,[6 4],68,232,247,164,232
1,<environment.Job instance at 0x7f3b8199bdc0>,69,15,[ 5 10],70,261,276,191,261
1,<environment.Job instance at 0x7f3b8199bbe0>,76,1,[3 9],77,318,319,241,318
1,<environment.Job instance at 0x7f3b826e1190>,78,3,[1 9],79,319,322,240,318
1,<environment.Job instance at 0x7f3b819ac3c0>,79,15,[6 5],80,322,337,242,318
1,<environment.Job instance at 0x7f3b819acc80>,80,17,[10  1],81,337,354,256,325
1,<environment.Job instance at 0x7f3b819ac910>,84,16,[3 9],85,354,370,269,341
1,<environment.Job instance at 0x7f3b819ac2d0>,88,16,[3 5],89,434,450,345,434
1,<environment.Job instance at 0x7f3b3a288d70>,11,12,[10  4],12,15,27,3,15
1,<environment.Job instance at 0x7f3b39ca57d0>,5,17,[9 3],6,27,44,21,16
1,<environment.Job instance at 0x7f3b821b47d0>,23,2,[9 4],24,44,46,20,27
1,<environment.Job instance at 0x7f3b821b45f0>,22,13,[7 3],23,46,59,23,33
1,<environment.Job instance at 0x7f3b821b4230>,25,17,[5 9],26,59,76,33,47
1,<environment.Job instance at 0x7f3b821b4370>,30,3,[10  4],31,76,79,45,56
1,<environment.Job instance at 0x7f3b821b4a50>,31,17,[8 2],32,79,96,47,67
1,<environment.Job instance at 0x7f3b81d5feb0>,35,16,[3 8],36,96,112,60,83
1,<environment.Job instance at 0x7f3b81d5ff00>,38,12,[6 1],39,96,108,57,88
1,<environment.Job instance at 0x7f3b81d5f460>,39,12,[5 9],40,112,124,72,95
1,<environment.Job instance at 0x7f3b3a1b1550>,41,17,[7 2],42,124,141,82,113
1,<environment.Job instance at 0x7f3b81d62c30>,45,13,[ 3 10],46,141,154,95,126
1,<environment.Job instance at 0x7f3b39d7a050>,51,17,[3 7],52,154,171,102,142
1,<environment.Job instance at 0x7f3b39f43dc0>,54,18,[8 2],55,171,189,116,160
1,<environment.Job instance at 0x7f3b39f43190>,55,3,[9 3],56,189,192,133,163
1,<environment.Job instance at 0x7f3b39f436e0>,58,17,[3 5],59,192,209,133,180
1,<environment.Job instance at 0x7f3b81d32eb0>,60,14,[6 3],61,192,206,131,181
1,<environment.Job instance at 0x7f3b39eadeb0>,65,12,[5 9],66,209,221,143,192
1,<environment.Job instance at 0x7f3b81d5f370>,32,18,[10  5],33,221,239,188,211
1,<environment.Job instance at 0x7f3b81aff230>,78,12,[10  2],79,239,251,160,224
1,<environment.Job instance at 0x7f3b81dd4dc0>,85,15,[10  1],86,251,266,165,247
1,<environment.Job instance at 0x7f3b81dd4a50>,87,15,[ 3 10],88,266,281,178,256
1,<environment.Job instance at 0x7f3b821b4730>,28,17,[4 9],29,802,819,773,802
1,<environment.Job instance at 0x7f3b8210d1e0>,1,17,[5 6],2,5,22,3,5
1,<environment.Job instance at 0x7f3b3a03dd70>,5,12,[7 2],6,22,34,16,6
1,<environment.Job instance at 0x7f3b3a03d5f0>,9,18,[3 8],10,22,40,12,12
1,<environment.Job instance at 0x7f3b39f1b4b0>,15,12,[1 9],16,40,52,24,26
1,<environment.Job instance at 0x7f3b39f1b460>,17,12,[ 3 10],18,52,64,34,35
1,<environment.Job instance at 0x7f3b3a03ddc0>,8,15,[10  2],9,64,79,55,55
1,<environment.Job instance at 0x7f3b39f1b5f0>,24,16,[1 8],25,79,95,54,69
1,<environment.Job instance at 0x7f3b39f1b780>,31,19,[5 5],32,95,114,63,94
1,<environment.Job instance at 0x7f3b39f1bcd0>,32,3,[5 8],33,114,117,81,94
1,<environment.Job instance at 0x7f3b39f1b050>,33,18,[8 1],34,117,135,83,106
1,<environment.Job instance at 0x7f3b84dc0780>,37,3,[5 7],38,135,138,97,116
1,<environment.Job instance at 0x7f3b84dc0d20>,39,12,[7 1],40,138,150,98,122
1,<environment.Job instance at 0x7f3b84d782d0>,42,2,[9 4],43,150,152,107,137
1,<environment.Job instance at 0x7f3b84d78e10>,43,14,[5 6],44,152,166,108,137
1,<environment.Job instance at 0x7f3b84e62690>,2,17,[5 9],3,4,21,1,4
1,<environment.Job instance at 0x7f3b81b5e410>,4,2,[5 6],5,21,23,16,5
1,<environment.Job instance at 0x7f3b81afe6e0>,9,16,[5 1],10,10,26,0,10
1,<environment.Job instance at 0x7f3b81b01f50>,18,14,[3 7],19,23,37,4,22
1,<environment.Job instance at 0x7f3b81b01e10>,21,12,[10  5],22,37,49,15,23
1,<environment.Job instance at 0x7f3b81afe5a0>,8,16,[8 5],9,49,65,40,36
1,<environment.Job instance at 0x7f3b81aefb40>,31,3,[5 8],32,65,68,33,40
1,<environment.Job instance at 0x7f3b81b01a00>,22,15,[ 5 10],23,68,83,45,56
1,<environment.Job instance at 0x7f3b81d714b0>,36,12,[3 8],37,83,95,46,66
1,<environment.Job instance at 0x7f3b81afe500>,7,17,[3 7],8,95,112,87,83
1,<environment.Job instance at 0x7f3b81ad7370>,43,14,[ 1 10],44,112,126,68,99
1,<environment.Job instance at 0x7f3b81ad7eb0>,40,18,[9 4],41,126,144,85,116
1,<environment.Job instance at 0x7f3b81ad27d0>,52,18,[1 9],53,144,162,91,134
1,<environment.Job instance at 0x7f3b81ad2eb0>,54,17,[7 1],55,145,162,90,145
1,<environment.Job instance at 0x7f3b81b4f050>,57,13,[ 2 10],58,162,175,104,146
1,<environment.Job instance at 0x7f3b81b2c050>,64,15,[9 5],65,177,192,112,177
1,<environment.Job instance at 0x7f3b81b2ce60>,66,18,[8 5],67,192,210,125,181
1,<environment.Job instance at 0x7f3b81b388c0>,71,12,[7 1],72,210,222,138,195
1,<environment.Job instance at 0x7f3b81b387d0>,74,13,[1 9],75,210,223,135,200
1,<environment.Job instance at 0x7f3b81b516e0>,79,13,[9 5],80,223,236,143,209
1,<environment.Job instance at 0x7f3b81b51e10>,81,17,[3 7],82,236,253,154,228
1,<environment.Job instance at 0x7f3b81b51b40>,83,14,[4 6],84,253,267,169,242
1,<environment.Job instance at 0x7f3b81b4a9b0>,86,12,[5 8],87,267,279,180,251
1,<environment.Job instance at 0x7f3b3a0d1be0>,3,14,[9 2],4,10,24,6,10
1,<environment.Job instance at 0x7f3b81e7c320>,8,12,[9 4],9,24,36,15,11
1,<environment.Job instance at 0x7f3b81b4ab40>,2,14,[9 2],3,36,50,33,21
1,<environment.Job instance at 0x7f3b84a33f00>,21,16,[9 2],22,50,66,28,38
1,<environment.Job instance at 0x7f3b82556d70>,22,16,[6 1],23,66,82,43,53
1,<environment.Job instance at 0x7f3b820075a0>,27,17,[9 1],28,82,99,54,75
1,<environment.Job instance at 0x7f3b3a2e55f0>,23,14,[ 4 10],24,99,113,75,84
1,<environment.Job instance at 0x7f3b82145870>,31,1,[9 5],32,113,114,81,87
1,<environment.Job instance at 0x7f3b82145640>,36,14,[9 1],37,114,128,77,101
1,<environment.Job instance at 0x7f3b82145aa0>,43,18,[8 3],44,128,146,84,127
1,<environment.Job instance at 0x7f3b8234cd70>,48,2,[5 6],49,146,148,97,135
1,<environment.Job instance at 0x7f3b817940a0>,57,17,[8 3],58,178,195,120,178
1,<environment.Job instance at 0x7f3b81794140>,58,14,[9 3],59,195,209,136,180
1,<environment.Job instance at 0x7f3b82333230>,66,15,[3 5],67,219,234,152,219
1,<environment.Job instance at 0x7f3b84faef00>,71,18,[5 5],72,227,245,155,227
1,<environment.Job instance at 0x7f3b826dd460>,74,18,[9 2],75,248,266,173,248
1,<environment.Job instance at 0x7f3b817988c0>,77,15,[5 9],78,281,296,203,281
1,<environment.Job instance at 0x7f3b81798640>,80,15,[10  5],81,296,311,215,286
1,<environment.Job instance at 0x7f3b81d77eb0>,83,2,[5 2],84,311,313,227,305
1,<environment.Job instance at 0x7f3b81d77320>,84,18,[8 4],85,313,331,228,307
1,<environment.Job instance at 0x7f3b3a187410>,6,12,[6 4],7,8,20,1,8
1,<environment.Job instance at 0x7f3b3a187910>,10,17,[1 5],11,11,28,0,11
1,<environment.Job instance at 0x7f3b3a1876e0>,13,13,[4 6],14,28,41,14,16
1,<environment.Job instance at 0x7f3b3a187d70>,17,18,[7 5],18,41,59,23,30
1,<environment.Job instance at 0x7f3b3a187a00>,19,16,[6 3],20,59,75,39,47
1,<environment.Job instance at 0x7f3b3a187960>,21,17,[5 3],22,75,92,53,63
1,<environment.Job instance at 0x7f3b3a187f50>,23,12,[5 7],24,75,87,51,72
1,<environment.Job instance at 0x7f3b81958280>,26,14,[8 4],27,92,106,65,84
1,<environment.Job instance at 0x7f3b81958cd0>,31,16,[3 9],32,106,122,74,93
1,<environment.Job instance at 0x7f3b81958190>,34,16,[7 2],35,122,138,87,109
1,<environment.Job instance at 0x7f3b3a077690>,40,16,[8 2],41,138,154,97,126
1,<environment.Job instance at 0x7f3b3a077be0>,44,2,[ 2 10],45,154,156,109,133
1,<environment.Job instance at 0x7f3b3a187460>,11,17,[10  2],12,156,173,144,146
1,<environment.Job instance at 0x7f3b3a077fa0>,49,17,[4 5],50,173,190,123,164
1,<environment.Job instance at 0x7f3b3a0774b0>,51,3,[5 9],52,190,193,138,164
1,<environment.Job instance at 0x7f3b3a077e10>,47,16,[10  4],48,193,209,145,181
1,<environment.Job instance at 0x7f3b3a00adc0>,1,16,[6 2],2,4,20,2,4
1,<environment.Job instance at 0x7f3b81d16410>,4,1,[10  5],5,20,21,15,5
1,<environment.Job instance at 0x7f3b39edeb40>,8,17,[2 5],9,21,38,12,21
1,<environment.Job instance at 0x7f3b81d711e0>,13,1,[9 2],14,38,39,24,24
1,<environment.Job instance at 0x7f3b81889690>,22,2,[6 2],23,65,67,42,65
1,<environment.Job instance at 0x7f3b81889aa0>,23,12,[10  3],24,67,79,43,65
1,<environment.Job instance at 0x7f3b81889230>,27,14,[4 5],28,79,93,51,74
1,<environment.Job instance at 0x7f3b8201b500>,33,3,[9 5],34,105,108,71,105
1,<environment.Job instance at 0x7f3b81889140>,14,18,[2 9],15,108,126,93,105
1,<environment.Job instance at 0x7f3b8201b550>,34,17,[6 3],35,126,143,91,114
1,<environment.Job instance at 0x7f3b82517280>,41,16,[ 2 10],42,143,159,101,132
1,<environment.Job instance at 0x7f3b82517be0>,38,13,[2 8],39,159,172,120,143
1,<environment.Job instance at 0x7f3b8251f4b0>,48,2,[5 1],49,159,161,110,148
1,<environment.Job instance at 0x7f3b8251f1e0>,46,18,[8 3],47,172,190,125,161
1,<environment.Job instance at 0x7f3b8251f460>,51,14,[8 1],52,190,204,138,175
1,<environment.Job instance at 0x7f3b8251f280>,52,17,[9 5],53,204,221,151,196
1,<environment.Job instance at 0x7f3b3a096f50>,3,18,[3 7],4,221,239,217,217
1,<environment.Job instance at 0x7f3b824fdfa0>,65,12,[9 4],66,239,251,173,224
1,<environment.Job instance at 0x7f3b824fdd20>,68,16,[8 2],69,251,267,182,238
1,<environment.Job instance at 0x7f3b8251fdc0>,49,17,[1 9],50,267,284,217,256
1,<environment.Job instance at 0x7f3b8252b190>,77,13,[ 2 10],78,284,297,206,270
1,<environment.Job instance at 0x7f3b8252b780>,80,18,[7 3],81,297,315,216,286
1,<environment.Job instance at 0x7f3b8252b0a0>,87,18,[1 7],88,339,357,251,339
1,<environment.Job instance at 0x7fb340288230>,2,14,[ 2 10],3,3,17,0,3
1,<environment.Job instance at 0x7fb340288370>,1,3,[ 2 10],2,17,20,15,3
1,<environment.Job instance at 0x7fb33ae78550>,6,15,[2 8],7,20,35,13,12
1,<environment.Job instance at 0x7fb3402881e0>,0,17,[6 1],1,25,42,24,25
1,<environment.Job instance at 0x7fb33ae78d70>,17,12,[5 1],18,50,62,32,50
1,<environment.Job instance at 0x7fb33ae78fa0>,21,18,[9 4],22,62,80,40,51
1,<environment.Job instance at 0x7fb33ae7b4b0>,25,2,[5 7],26,80,82,54,61
1,<environment.Job instance at 0x7fb33ae78cd0>,16,18,[7 3],17,82,100,65,71
1,<environment.Job instance at 0x7fb33ae7b870>,27,17,[4 6],28,100,117,72,100
1,<environment.Job instance at 0x7fb33ae78780>,8,17,[1 8],9,117,134,108,105
1,<environment.Job instance at 0x7fb33ae7b6e0>,41,1,[7 1],42,125,126,83,125
1,<environment.Job instance at 0x7fb33ae7d230>,42,2,[4 7],43,134,136,91,125
1,<environment.Job instance at 0x7fb33ae7bd70>,35,16,[1 9],36,136,152,100,127
1,<environment.Job instance at 0x7fb33ae7d5a0>,49,17,[10  2],50,152,169,102,140
1,<environment.Job instance at 0x7fb33ae7d910>,51,2,[5 3],52,169,171,117,142
1,<environment.Job instance at 0x7fb33ae7dc80>,55,12,[2 6],56,169,181,113,157
1,<environment.Job instance at 0x7fb33ae7dd20>,58,17,[3 7],59,181,198,122,169
1,<environment.Job instance at 0x7fb33ae7f3c0>,63,12,[5 3],64,182,194,118,182
1,<environment.Job instance at 0x7fb33ae7f910>,68,14,[6 4],69,198,212,129,189
1,<environment.Job instance at 0x7fb33ae7f9b0>,69,14,[9 4],70,212,226,142,197
1,<environment.Job instance at 0x7fb33ae7fc30>,78,14,[6 1],79,226,240,147,212
1,<environment.Job instance at 0x7fb33ae82500>,85,15,[1 7],86,232,247,146,232
1,<environment.Job instance at 0x7fb33ae82640>,87,18,[7 1],88,240,258,152,232
1,<environment.Job instance at 0x7fb33ae826e0>,88,16,[4 9],89,258,274,169,245
1,<environment.Job instance at 0x7fb33ae7bf00>,39,14,[9 4],40,274,288,234,260
1,<environment.Job instance at 0x7fb33ae828c0>,91,18,[5 4],92,288,306,196,279
1,<environment.Job instance at 0x7fb33ae82e10>,96,18,[2 6],97,303,321,206,303
1,<environment.Job instance at 0x7fb3403f5d20>,7,18,[5 5],8,12,30,4,12
1,<environment.Job instance at 0x7fb3402b20a0>,12,12,[1 6],13,30,42,17,14
1,<environment.Job instance at 0x7fb3402afb90>,14,1,[9 2],15,30,31,15,15
1,<environment.Job instance at 0x7fb3403f5960>,11,17,[6 4],12,31,48,19,19
1,<environment.Job instance at 0x7fb3402afeb0>,22,18,[7 5],23,48,66,25,41
1,<environment.Job instance at 0x7fb3403faf50>,27,14,[7 2],28,66,80,38,52
1,<environment.Job instance at 0x7fb3403faa50>,31,13,[3 8],32,66,79,34,52
1,<environment.Job instance at 0x7fb3403fa410>,35,15,[8 3],36,80,95,44,67
1,<environment.Job instance at 0x7fb3403faf00>,30,17,[9 5],31,95,112,64,86
1,<environment.Job instance at 0x7fb340401780>,43,1,[2 7],44,86,87,42,86
1,<environment.Job instance at 0x7fb3403ee4b0>,3,16,[1 9],4,112,128,108,99
1,<environment.Job instance at 0x7fb3403fbaf0>,49,17,[5 7],50,128,145,78,117
1,<environment.Job instance at 0x7fb3403f35f0>,58,2,[9 1],59,118,120,59,118
1,<environment.Job instance at 0x7fb33ae165a0>,61,12,[5 4],62,145,157,83,132
1,<environment.Job instance at 0x7fb34030e370>,67,3,[5 6],68,145,148,77,141
1,<environment.Job instance at 0x7fb34030e0a0>,68,2,[8 1],69,157,159,88,141
1,<environment.Job instance at 0x7fb34030e460>,69,14,[ 5 10],70,159,173,89,145
1,<environment.Job instance at 0x7fb34030e1e0>,72,3,[8 5],73,173,176,100,161
1,<environment.Job instance at 0x7fb34030eb40>,71,13,[5 7],72,176,189,104,166
1,<environment.Job instance at 0x7fb340400e60>,77,16,[8 4],78,189,205,111,176
1,<environment.Job instance at 0x7fb340400820>,82,1,[8 3],83,205,206,122,182
1,<environment.Job instance at 0x7fb340400a50>,83,3,[2 5],84,189,192,105,182
1,<environment.Job instance at 0x7fb340400b40>,85,1,[9 3],86,206,207,120,183
1,<environment.Job instance at 0x7fb3403f0b40>,86,17,[9 1],87,207,224,120,195
1,<environment.Job instance at 0x7fb3402b1f00>,90,17,[9 5],91,224,241,133,212
1,<environment.Job instance at 0x7fb3402b1730>,97,2,[5 3],98,241,243,143,229
1,<environment.Job instance at 0x7fb3403f3be0>,2,3,[8 2],3,3,6,0,3
1,<environment.Job instance at 0x7fb2f51e5f00>,3,14,[5 9],4,6,20,2,5
1,<environment.Job instance at 0x7fb2f51e55f0>,6,16,[6 5],7,20,36,13,16
1,<environment.Job instance at 0x7fb2f52ae140>,16,16,[1 8],17,36,52,19,23
1,<environment.Job instance at 0x7fb2f52139b0>,20,3,[4 8],21,52,55,31,40
1,<environment.Job instance at 0x7fb33b2565a0>,22,15,[8 2],23,55,70,32,41
1,<environment.Job instance at 0x7fb33b330500>,24,15,[8 5],25,70,85,45,57
1,<environment.Job instance at 0x7fb33ac42cd0>,32,2,[10  4],33,85,87,52,78
1,<environment.Job instance at 0x7fb2f51e94b0>,34,2,[3 8],35,87,89,52,79
1,<environment.Job instance at 0x7fb2f51e9230>,35,18,[5 4],36,89,107,53,79
1,<environment.Job instance at 0x7fb2f50c8d20>,40,13,[5 9],41,107,120,66,99
1,<environment.Job instance at 0x7fb2f50c8b40>,43,13,[9 2],44,120,133,76,108
1,<environment.Job instance at 0x7fb33ac3af50>,19,17,[8 5],20,133,150,113,124
1,<environment.Job instance at 0x7fb2f51f5820>,54,2,[7 1],55,150,152,95,135
1,<environment.Job instance at 0x7fb2f51f57d0>,55,1,[5 1],56,152,153,96,135
1,<environment.Job instance at 0x7fb2f51f5910>,56,1,[2 6],57,150,151,93,135
1,<environment.Job instance at 0x7fb2f50c8550>,47,14,[10  3],48,153,167,105,138
1,<environment.Job instance at 0x7fb33b32c780>,64,3,[5 4],65,167,170,102,149
1,<environment.Job instance at 0x7fb2f51fb320>,61,17,[10  2],62,170,187,108,158
1,<environment.Job instance at 0x7fb33abdf1e0>,69,18,[5 2],70,187,205,117,178
1,<environment.Job instance at 0x7fb33abdf370>,72,18,[3 8],73,187,205,114,182
1,<environment.Job instance at 0x7fb33ac34730>,73,13,[8 3],74,205,218,131,189
1,<environment.Job instance at 0x7fb33b342e10>,77,15,[3 6],78,218,233,140,204
1,<environment.Job instance at 0x7fb2f50fe550>,82,15,[9 2],83,233,248,150,221
1,<environment.Job instance at 0x7fb2f50fec30>,86,2,[8 1],87,248,250,161,237
1,<environment.Job instance at 0x7fb2f50fe640>,88,13,[8 4],89,250,263,161,237
1,<environment.Job instance at 0x7fb2f50fe690>,84,16,[7 5],85,263,279,178,251
1,<environment.Job instance at 0x7fb2f51ad0a0>,94,12,[8 3],95,279,291,184,262
1,<environment.Job instance at 0x7fb2f51ad9b0>,98,12,[5 5],99,291,303,192,274
1,<environment.Job instance at 0x7fb33d6192d0>,7,16,[5 3],8,8,24,0,8
1,<environment.Job instance at 0x7fb33af88690>,10,3,[5 2],11,11,14,0,11
1,<environment.Job instance at 0x7fb33b316960>,8,14,[7 1],9,24,38,15,11
1,<environment.Job instance at 0x7fb33af88aa0>,13,16,[4 5],14,38,54,24,27
1,<environment.Job instance at 0x7fb33b0b2370>,18,14,[9 4],19,54,68,35,40
1,<environment.Job instance at 0x7fb33af04eb0>,19,18,[5 6],20,68,86,48,57
1,<environment.Job instance at 0x7fb2f52f3eb0>,23,16,[ 4 10],24,86,102,62,78
1,<environment.Job instance at 0x7fb2f5487e10>,1,16,[4 5],2,4,20,2,4
1,<environment.Job instance at 0x7fb2f581db40>,5,1,[1 6],6,20,21,14,6
1,<environment.Job instance at 0x7fb33ac63b90>,7,16,[7 4],8,20,36,12,8
1,<environment.Job instance at 0x7fb33d96aaf0>,11,16,[4 5],12,36,52,24,23
1,<environment.Job instance at 0x7fb33ac8d320>,22,16,[6 4],23,36,52,13,36
1,<environment.Job instance at 0x7fb33ac70500>,14,12,[8 1],15,52,64,37,42
1,<environment.Job instance at 0x7fb33ac79a00>,30,13,[6 2],31,85,98,54,85
1,<environment.Job instance at 0x7fb33ac79280>,32,12,[7 5],33,98,110,65,85
1,<environment.Job instance at 0x7fb33ac79c80>,35,17,[ 5 10],36,140,157,104,140
1,<environment.Job instance at 0x7fb2f512bcd0>,0,16,[8 5],1,157,173,156,146
1,<environment.Job instance at 0x7fb33ac7f410>,43,13,[ 4 10],44,184,197,140,184
1,<environment.Job instance at 0x7fb33ac82d20>,49,15,[9 5],50,197,212,147,186
1,<environment.Job instance at 0x7fb33b2dbcd0>,2,16,[10  4],3,29,45,26,29
1,<environment.Job instance at 0x7fb33ad39e10>,14,16,[6 1],15,45,61,30,34
1,<environment.Job instance at 0x7fb33d8f9370>,19,3,[6 3],20,61,64,41,35
1,<environment.Job instance at 0x7fb33ad39780>,4,16,[9 5],5,64,80,59,52
1,<environment.Job instance at 0x7fb33d8f9640>,23,2,[7 2],24,80,82,56,55
1,<environment.Job instance at 0x7fb33d8f99b0>,25,1,[5 4],26,82,83,56,56
1,<environment.Job instance at 0x7fb33d8f90a0>,24,3,[ 5 10],25,83,86,58,57
1,<environment.Job instance at 0x7fb33d8f9d70>,27,1,[6 2],28,86,87,58,58
1,<environment.Job instance at 0x7fb33d9afe10>,30,14,[7 2],31,87,101,56,73
1,<environment.Job instance at 0x7fb33d9afb90>,34,12,[3 9],35,101,113,66,84
1,<environment.Job instance at 0x7fb33d9af050>,39,18,[3 8],40,113,131,73,104
1,<environment.Job instance at 0x7fb33ad2ad70>,45,16,[4 7],46,131,147,85,118
1,<environment.Job instance at 0x7fb33d9afb40>,35,18,[4 6],36,147,165,111,137
1,<environment.Job instance at 0x7fb33ad2a5f0>,51,12,[2 6],52,165,177,113,148
1,<environment.Job instance at 0x7fb2f55301e0>,62,12,[2 9],63,177,189,114,173
1,<environment.Job instance at 0x7fb2f5530a00>,63,12,[8 2],64,189,201,125,180
1,<environment.Job instance at 0x7fb2f5530c80>,67,18,[10  5],68,201,219,133,190
1,<environment.Job instance at 0x7fb2f551f140>,70,13,[10  1],71,219,232,148,216
1,<environment.Job instance at 0x7fb33d7f13c0>,76,12,[10  1],77,232,244,155,218
1,<environment.Job instance at 0x7fb33ad2a500>,54,16,[ 5 10],55,297,313,242,297
1,<environment.Job instance at 0x7fb33b2fad70>,90,16,[10  1],91,313,329,222,302
1,<environment.Job instance at 0x7fb33d4d2c30>,1,13,[10  2],2,3,16,1,3
1,<environment.Job instance at 0x7fb2f5294cd0>,7,14,[9 2],8,16,30,8,10
1,<environment.Job instance at 0x7fb33da2ea50>,10,14,[5 8],11,30,44,19,15
1,<environment.Job instance at 0x7fb33da2e960>,16,3,[3 9],17,44,47,27,29
1,<environment.Job instance at 0x7fb2f5175b90>,20,3,[1 9],21,47,50,26,36
1,<environment.Job instance at 0x7fb2f5588f50>,17,15,[6 1],18,44,59,26,36
1,<environment.Job instance at 0x7fb33d4d2730>,0,17,[10  2],1,59,76,58,58
1,<environment.Job instance at 0x7fb2f570d0a0>,23,1,[1 6],24,58,59,34,58
1,<environment.Job instance at 0x7fb33af04320>,27,15,[9 1],28,76,91,48,62
1,<environment.Job instance at 0x7fb33af42960>,30,13,[5 4],31,91,104,60,75
1,<environment.Job instance at 0x7fb2f57aa500>,29,17,[5 2],30,91,108,61,80
1,<environment.Job instance at 0x7fb2f54c0b40>,37,3,[10  1],38,108,111,70,84
1,<environment.Job instance at 0x7fb33af86730>,38,2,[2 7],39,104,106,65,84
1,<environment.Job instance at 0x7fb33af86960>,40,17,[5 2],41,111,128,70,101
1,<environment.Job instance at 0x7fb33af86f50>,41,18,[4 9],42,128,146,86,119
1,<environment.Job instance at 0x7fb33af86550>,46,16,[8 2],47,146,162,99,133
1,<environment.Job instance at 0x7fb33d5d0370>,48,14,[8 5],49,163,177,114,163
1,<environment.Job instance at 0x7fb33add1050>,0,2,[2 7],1,2,4,1,2
1,<environment.Job instance at 0x7fb2f54b6370>,1,16,[8 4],2,5,21,3,5
1,<environment.Job instance at 0x7fb2f54afb40>,6,1,[10  4],7,21,22,14,7
1,<environment.Job instance at 0x7fb2f54afc30>,7,2,[8 3],8,22,24,14,8
1,<environment.Job instance at 0x7fb2f54afe60>,10,13,[5 8],11,24,37,13,11
1,<environment.Job instance at 0x7fb2f548ea50>,21,16,[1 6],22,37,53,15,24
1,<environment.Job instance at 0x7fb2f548eb90>,26,12,[4 8],27,53,65,26,37
1,<environment.Job instance at 0x7fb2f548f190>,29,12,[1 9],30,65,77,35,52
1,<environment.Job instance at 0x7fb2f548f820>,35,14,[5 2],36,77,91,41,63
1,<environment.Job instance at 0x7fb2f548f9b0>,37,17,[2 6],38,77,94,39,71
1,<environment.Job instance at 0x7fb2f548fb40>,38,17,[5 4],39,91,108,52,79
1,<environment.Job instance at 0x7fb2f548fdc0>,42,12,[8 3],43,108,120,65,92
1,<environment.Job instance at 0x7fb2f548fe60>,43,13,[5 6],44,94,107,50,92
1,<environment.Job instance at 0x7fb2f54a8050>,48,14,[4 5],49,120,134,71,105
1,<environment.Job instance at 0x7fb2f548f0f0>,28,12,[7 5],29,134,146,105,127
1,<environment.Job instance at 0x7fb2f54a8a00>,57,13,[4 7],58,146,159,88,140
1,<environment.Job instance at 0x7fb2f548e0f0>,16,18,[10  5],17,159,177,142,151
1,<environment.Job instance at 0x7fb2f54a8dc0>,60,16,[10  3],61,177,193,116,164
1,<environment.Job instance at 0x7fb2f54a8cd0>,63,17,[6 1],64,193,210,129,184
1,<environment.Job instance at 0x7fb2f54a8be0>,58,13,[ 3 10],59,210,223,151,203
1,<environment.Job instance at 0x7fb2f548b5f0>,72,3,[5 7],73,223,226,150,208
1,<environment.Job instance at 0x7fb2f548b550>,73,3,[4 8],74,226,229,152,208
1,<environment.Job instance at 0x7fb2f548b7d0>,75,12,[3 7],76,229,241,153,213
1,<environment.Job instance at 0x7fb2f548b9b0>,78,15,[6 2],79,226,241,147,218
1,<environment.Job instance at 0x7fb2f548bcd0>,80,18,[1 7],81,241,259,160,232
1,<environment.Job instance at 0x7fb2f548bc30>,82,14,[8 5],83,259,273,176,244
1,<environment.Job instance at 0x7fb2f5496a00>,94,13,[7 3],95,279,292,184,279
1,<environment.Job instance at 0x7fb2f56516e0>,14,14,[4 6],15,17,31,2,17
1,<environment.Job instance at 0x7fb2f5496870>,5,14,[7 3],6,31,45,25,21
1,<environment.Job instance at 0x7fb2f55854b0>,18,15,[5 5],19,45,60,26,31
1,<environment.Job instance at 0x7fb33db10820>,15,14,[10  1],16,60,74,44,45
1,<environment.Job instance at 0x7fb3403f2dc0>,23,18,[3 7],24,74,92,50,64
1,<environment.Job instance at 0x7fb2f515e9b0>,35,13,[8 4],36,92,105,56,76
1,<environment.Job instance at 0x7fb33dba8140>,30,18,[2 7],31,105,123,74,94
1,<environment.Job instance at 0x7fb2f52b1050>,44,18,[3 6],45,123,141,78,113
1,<environment.Job instance at 0x7fb33adc2dc0>,21,18,[5 9],22,141,159,119,130
1,<environment.Job instance at 0x7fb2f5336460>,51,2,[8 5],52,159,161,107,132
1,<environment.Job instance at 0x7fb2f539cc80>,55,17,[6 3],56,161,178,105,149
1,<environment.Job instance at 0x7fb34000ee60>,57,3,[ 4 10],58,178,181,120,161
1,<environment.Job instance at 0x7fb34000e7d0>,59,12,[7 5],60,181,193,121,166
1,<environment.Job instance at 0x7fb34000eeb0>,61,17,[2 9],62,193,210,131,193
1,<environment.Job instance at 0x7fb33d591af0>,64,12,[10  2],65,210,222,145,193
1,<environment.Job instance at 0x7fb33ae736e0>,3,15,[4 8],4,4,19,0,4
1,<environment.Job instance at 0x7fb2f515ebe0>,6,18,[5 8],7,19,37,12,16
1,<environment.Job instance at 0x7fb33d3c8d70>,21,15,[2 7],22,61,76,39,61
1,<environment.Job instance at 0x7fb33d3c8050>,22,17,[3 5],23,76,93,53,65
1,<environment.Job instance at 0x7fb33b083f00>,26,17,[7 3],27,76,93,49,76
1,<environment.Job instance at 0x7fb33b083640>,28,13,[8 3],29,93,106,64,77
1,<environment.Job instance at 0x7fb33b30d0f0>,31,17,[9 4],32,106,123,74,94
1,<environment.Job instance at 0x7fb2f5714550>,35,14,[10  1],36,123,137,87,108
1,<environment.Job instance at 0x7fb2f5719370>,40,16,[5 4],41,140,156,99,140
1,<environment.Job instance at 0x7fb2f57193c0>,41,18,[7 2],42,156,174,114,145
1,<environment.Job instance at 0x7fb2f5719d70>,44,12,[7 2],45,187,199,142,187
1,<environment.Job instance at 0x7fb33b2223c0>,3,18,[5 5],4,4,22,0,4
1,<environment.Job instance at 0x7fb2f53512d0>,4,15,[8 2],5,22,37,17,10
1,<environment.Job instance at 0x7fb2f5351280>,7,18,[5 5],8,54,72,46,54
1,<environment.Job instance at 0x7fb2f5351aa0>,15,13,[ 5 10],16,72,85,56,59
1,<environment.Job instance at 0x7fb2f5351f00>,24,12,[9 3],25,85,97,60,70
1,<environment.Job instance at 0x7fb2f535b280>,28,15,[3 9],29,97,112,68,83
1,<environment.Job instance at 0x7fb2f535b3c0>,29,12,[10  4],30,112,124,82,97
1,<environment.Job instance at 0x7fb2f535b730>,35,18,[7 4],36,124,142,88,113
1,<environment.Job instance at 0x7fb33af3fe10>,2,17,[5 9],3,142,159,139,131
1,<environment.Job instance at 0x7fb2f537c050>,49,1,[1 6],50,159,160,109,144
1,<environment.Job instance at 0x7fb2f537c0a0>,50,13,[7 3],51,159,172,108,147
1,<environment.Job instance at 0x7fb2f535b690>,34,15,[10  1],35,172,187,137,160
1,<environment.Job instance at 0x7fb2f537c910>,57,12,[3 8],58,187,199,129,174
1,<environment.Job instance at 0x7fb2f535b910>,38,18,[ 2 10],39,199,217,160,188
1,<environment.Job instance at 0x7fb2f537a190>,66,13,[7 1],67,217,230,150,204
1,<environment.Job instance at 0x7fb2f537a870>,70,13,[1 6],71,217,230,146,208
1,<environment.Job instance at 0x7fb2f537a960>,71,3,[7 2],72,230,233,158,208
1,<environment.Job instance at 0x7fb2f537abe0>,75,1,[8 4],76,233,234,157,218
1,<environment.Job instance at 0x7fb2f537ac80>,76,18,[5 4],77,234,252,157,223
1,<environment.Job instance at 0x7fb2f537afa0>,81,17,[7 4],82,252,269,170,241
1,<environment.Job instance at 0x7fb2f5364280>,83,3,[2 7],84,269,272,185,243
1,<environment.Job instance at 0x7fb2f53640f0>,84,12,[1 5],85,244,256,159,244
1,<environment.Job instance at 0x7fb2f53645a0>,88,1,[3 8],89,272,273,183,262
1,<environment.Job instance at 0x7fb2f5351460>,8,18,[ 3 10],9,273,291,264,263
1,<environment.Job instance at 0x7fb2f5364a00>,94,13,[5 5],95,291,304,196,275
1,<environment.Job instance at 0x7fb33ac28370>,1,15,[7 2],2,2,17,0,2
1,<environment.Job instance at 0x7fb2f562d6e0>,5,1,[3 6],6,6,7,0,6
1,<environment.Job instance at 0x7fb2f56c0a50>,6,3,[8 5],7,17,20,10,8
1,<environment.Job instance at 0x7fb340007f50>,8,16,[10  1],9,20,36,11,9
1,<environment.Job instance at 0x7fb2f5504be0>,14,15,[7 2],15,36,51,21,22
1,<environment.Job instance at 0x7fb33d5b1af0>,22,12,[5 5],23,51,63,28,34
1,<environment.Job instance at 0x7fb3401a6910>,25,13,[2 6],26,63,76,37,48
1,<environment.Job instance at 0x7fb33ae62280>,33,3,[4 7],34,76,79,42,60
1,<environment.Job instance at 0x7fb33ae625a0>,34,17,[5 4],35,79,96,44,67
1,<environment.Job instance at 0x7fb33ae62870>,38,3,[6 1],39,96,99,57,79
1,<environment.Job instance at 0x7fb33abff870>,43,17,[7 4],44,99,116,55,90
1,<environment.Job instance at 0x7fb33abff5a0>,45,15,[9 1],46,116,131,70,102
1,<environment.Job instance at 0x7fb33ae62230>,40,15,[4 8],41,131,146,90,119
1,<environment.Job instance at 0x7fb33b0c1690>,55,3,[7 5],56,146,149,90,126
1,<environment.Job instance at 0x7fb33b0c1550>,54,12,[9 4],55,149,161,94,133
1,<environment.Job instance at 0x7fb33b0c12d0>,57,15,[1 6],58,149,164,91,135
1,<environment.Job instance at 0x7fb33b2f3d20>,61,18,[5 5],62,164,182,102,154
1,<environment.Job instance at 0x7fb33b2f34b0>,64,16,[4 7],65,182,198,117,169
1,<environment.Job instance at 0x7fb33ac28c80>,0,14,[10  4],1,198,212,197,187
1,<environment.Job instance at 0x7fb33d93fcd0>,4,15,[3 8],5,9,24,4,9
1,<environment.Job instance at 0x7fb33b1567d0>,11,1,[10  4],12,24,25,12,12
1,<environment.Job instance at 0x7fb33d93f050>,10,18,[8 5],11,25,43,14,16
1,<environment.Job instance at 0x7fb33b156910>,13,18,[8 1],14,43,61,29,32
1,<environment.Job instance at 0x7fb33d4fcf00>,22,16,[3 5],23,61,77,38,48
1,<environment.Job instance at 0x7fb33d4fc550>,19,15,[5 9],20,77,92,57,67
1,<environment.Job instance at 0x7fb2f506e050>,33,17,[10  3],34,92,109,58,80
1,<environment.Job instance at 0x7fb2f506e460>,36,12,[4 7],37,109,121,72,92
1,<environment.Job instance at 0x7fb2f5060820>,39,15,[ 5 10],40,121,136,81,111
1,<environment.Job instance at 0x7fb2f5060230>,41,17,[ 2 10],42,136,153,94,128
1,<environment.Job instance at 0x7fb2f5060a00>,46,1,[3 9],47,153,154,106,128
1,<environment.Job instance at 0x7fb2f5009230>,48,3,[1 9],49,154,157,105,145
1,<environment.Job instance at 0x7fb2f5009dc0>,49,15,[6 5],50,157,172,107,145
1,<environment.Job instance at 0x7fb2f50093c0>,51,3,[9 4],52,172,175,120,146
1,<environment.Job instance at 0x7fb2f5009d70>,50,17,[10  1],51,175,192,124,163
1,<environment.Job instance at 0x7fb33d96a230>,58,16,[3 5],59,192,208,133,179
1,<environment.Job instance at 0x7fb33d96a550>,62,18,[4 7],63,208,226,145,197
1,<environment.Job instance at 0x7fb33ad17960>,69,15,[5 5],70,226,241,156,214
1,<environment.Job instance at 0x7fb33ad17550>,74,3,[3 9],75,241,244,166,222
1,<environment.Job instance at 0x7fb2f5009e10>,54,16,[3 9],55,244,260,189,232
1,<environment.Job instance at 0x7fb2f5071e10>,87,15,[5 5],88,277,292,189,277
1,<environment.Job instance at 0x7fb2f5071500>,88,17,[4 9],89,292,309,203,287
1,<environment.Job instance at 0x7fb2f5071140>,91,17,[8 2],92,309,326,217,300
1,<environment.Job instance at 0x7fb33d858af0>,96,14,[4 7],97,326,340,229,326
1,<environment.Job instance at 0x7fb33d858fa0>,97,18,[5 4],98,340,358,242,330
1,<environment.Job instance at 0x7fb33d973960>,1,17,[7 2],2,3,20,1,3
1,<environment.Job instance at 0x7fb2f5599dc0>,3,16,[3 9],4,30,46,26,30
1,<environment.Job instance at 0x7fb33d971140>,0,12,[2 9],1,46,58,45,30
1,<environment.Job instance at 0x7fb33b077870>,15,3,[9 3],16,58,61,42,32
1,<environment.Job instance at 0x7fb2f581f690>,19,13,[4 7],20,61,74,41,46
1,<environment.Job instance at 0x7fb33d8588c0>,4,13,[10  1],5,74,87,69,63
1,<environment.Job instance at 0x7fb33d569fa0>,35,3,[7 3],36,87,90,51,73
1,<environment.Job instance at 0x7fb33b38a3c0>,37,3,[ 1 10],38,90,93,52,75
1,<environment.Job instance at 0x7fb33af794b0>,40,3,[8 2],41,93,96,52,86
1,<environment.Job instance at 0x7fb2f513e4b0>,11,17,[3 7],12,96,113,84,88
1,<environment.Job instance at 0x7fb33af792d0>,41,15,[9 5],42,113,128,71,102
1,<environment.Job instance at 0x7fb33ac68320>,50,3,[10  4],51,128,131,77,115
1,<environment.Job instance at 0x7fb33ac68e60>,51,17,[5 6],52,131,148,79,119
1,<environment.Job instance at 0x7fb33ac684b0>,47,15,[ 3 10],48,148,163,100,138
1,<environment.Job instance at 0x7fb33ac8f1e0>,55,12,[7 2],56,163,175,107,149
1,<environment.Job instance at 0x7fb33ac8fd70>,58,15,[10  2],59,175,190,116,165
1,<environment.Job instance at 0x7fb33ac8f460>,61,18,[4 6],62,190,208,128,182
1,<environment.Job instance at 0x7fb33ac978c0>,65,12,[1 9],66,208,220,142,193
1,<environment.Job instance at 0x7fb33ac7ec30>,68,15,[8 2],69,220,235,151,206
1,<environment.Job instance at 0x7fb2f56c8910>,73,12,[5 9],74,235,247,161,229
1,<environment.Job instance at 0x7fb2f522d5a0>,74,16,[1 8],75,247,263,172,237
1,<environment.Job instance at 0x7fb33ac680a0>,52,16,[10  1],53,263,279,210,250
1,<environment.Job instance at 0x7fb2f56f8e10>,87,3,[5 7],88,336,339,248,336
1,<environment.Job instance at 0x7fb33d838410>,89,12,[7 1],90,339,351,249,336
1,<environment.Job instance at 0x7fb33d838050>,90,18,[5 7],91,351,369,260,342
1,<environment.Job instance at 0x7fb33ac28a50>,9,14,[8 2],10,16,30,6,16
1,<environment.Job instance at 0x7fb2f5398b40>,4,14,[10  5],5,30,44,25,17
1,<environment.Job instance at 0x7fb33b399dc0>,14,18,[5 3],15,44,62,29,33
1,<environment.Job instance at 0x7fb33d4e4190>,28,2,[3 5],29,81,83,52,81
1,<environment.Job instance at 0x7fb2f5544320>,32,3,[7 2],33,81,84,48,81
1,<environment.Job instance at 0x7fb2f5544730>,37,13,[3 5],38,113,126,75,113
1,<environment.Job instance at 0x7fb2f55449b0>,38,1,[8 3],39,126,127,87,113
1,<environment.Job instance at 0x7fb2f5544e10>,31,15,[10  1],32,127,142,95,120
1,<environment.Job instance at 0x7fb2f57f9dc0>,42,17,[5 9],43,142,159,99,131
1,<environment.Job instance at 0x7fb2f57f9640>,47,17,[3 7],48,159,176,111,147
1,<environment.Job instance at 0x7fb2f57f9aa0>,49,16,[5 1],50,162,178,112,162
1,<environment.Job instance at 0x7fb2f552dfa0>,51,12,[4 8],52,176,188,124,164
1,<environment.Job instance at 0x7fb2f5488690>,60,13,[5 8],61,188,201,127,176
1,<environment.Job instance at 0x7fb2f5488280>,62,15,[ 5 10],63,201,216,138,197
1,<environment.Job instance at 0x7fb2f5488e10>,65,12,[3 5],66,216,228,150,203
1,<environment.Job instance at 0x7fb2f5015b40>,67,14,[6 2],68,216,230,148,205
1,<environment.Job instance at 0x7fb2f5667d70>,76,12,[3 8],77,271,283,194,271
1,<environment.Job instance at 0x7fb2f56675f0>,78,17,[3 7],79,283,300,204,273
1,<environment.Job instance at 0x7fb2f514f1e0>,80,18,[9 4],81,300,318,219,292
1,<environment.Job instance at 0x7fb2f4e61870>,5,2,[4 6],6,6,8,0,6
1,<environment.Job instance at 0x7fb2f4e61a50>,11,12,[7 1],12,13,25,1,13
1,<environment.Job instance at 0x7fb2f4e610a0>,12,2,[7 2],13,25,27,12,15
1,<environment.Job instance at 0x7fb2f4e61f50>,6,18,[8 5],7,27,45,20,17
1,<environment.Job instance at 0x7fb2f4e53b40>,0,14,[5 7],1,45,59,44,34
1,<environment.Job instance at 0x7fb2f4e61280>,14,13,[1 9],15,59,72,44,43
1,<environment.Job instance at 0x7fb2f4e010f0>,21,17,[3 7],22,72,89,50,60
1,<environment.Job instance at 0x7fb2f4e01410>,26,12,[5 8],27,89,101,62,74
1,<environment.Job instance at 0x7fb2f4e01f00>,32,14,[9 2],33,101,115,68,86
1,<environment.Job instance at 0x7fb2f4e01eb0>,34,3,[2 7],35,115,118,80,94
1,<environment.Job instance at 0x7fb2f4e015a0>,29,15,[4 6],30,118,133,88,107
1,<environment.Job instance at 0x7fb2f4ecaa50>,41,14,[9 4],42,133,147,91,121
1,<environment.Job instance at 0x7fb2f4eca7d0>,43,17,[3 7],44,147,164,103,136
1,<environment.Job instance at 0x7fb2f4eca9b0>,50,14,[6 3],51,147,161,96,137
1,<environment.Job instance at 0x7fb2f4eca3c0>,51,16,[9 2],52,164,180,112,153
1,<environment.Job instance at 0x7fb2f4eca6e0>,53,14,[ 4 10],54,180,194,126,166
1,<environment.Job instance at 0x7fb2f4e05910>,57,17,[9 1],58,194,211,136,183
1,<environment.Job instance at 0x7fb2f4e66460>,63,17,[7 2],64,211,228,147,199
1,<environment.Job instance at 0x7fb2f4e66690>,71,14,[ 2 10],72,243,257,171,243
1,<environment.Job instance at 0x7fb2f4e7dfa0>,87,17,[8 3],88,330,347,242,330
1,<environment.Job instance at 0x7fb2f4e7d190>,88,14,[9 3],89,347,361,258,332
1,<environment.Job instance at 0x7fb2f4e07190>,96,15,[3 5],97,399,414,302,399
1,<environment.Job instance at 0x7fb33ad6c1e0>,4,18,[9 2],5,6,24,1,6
1,<environment.Job instance at 0x7fb33ad6c140>,6,17,[3 5],7,24,41,17,13
1,<environment.Job instance at 0x7fb33ad807d0>,12,12,[4 6],13,41,53,28,25
1,<environment.Job instance at 0x7fb33ad80050>,15,12,[5 2],16,36,48,20,36
1,<environment.Job instance at 0x7fb33ad6caf0>,7,15,[5 9],8,53,68,45,40
1,<environment.Job instance at 0x7fb33ad80aa0>,19,14,[6 4],20,68,82,48,53
1,<environment.Job instance at 0x7fb33ad808c0>,21,13,[ 5 10],22,82,95,60,67
1,<environment.Job instance at 0x7fb33ad61dc0>,24,18,[3 9],25,102,120,77,102
1,<environment.Job instance at 0x7fb33af25c80>,26,12,[6 4],27,120,132,93,105
1,<environment.Job instance at 0x7fb33af06dc0>,31,17,[10  2],32,132,149,100,120
1,<environment.Job instance at 0x7fb33b0db280>,38,12,[1 8],39,149,161,110,146
1,<environment.Job instance at 0x7fb33d88de60>,39,16,[6 3],40,161,177,121,148
1,<environment.Job instance at 0x7fb33ad050f0>,46,14,[8 4],47,200,214,153,200
1,<environment.Job instance at 0x7fb2f5515b90>,54,16,[7 2],55,262,278,207,262
1,<environment.Job instance at 0x7fb2f5515780>,55,14,[6 4],56,278,292,222,265
1,<environment.Job instance at 0x7fb2f552bd20>,60,16,[8 2],61,292,308,231,282
1,<environment.Job instance at 0x7fb2f552b910>,64,2,[ 2 10],65,308,310,243,290
1,<environment.Job instance at 0x7fb2f5512050>,70,12,[1 9],71,376,388,305,376
1,<environment.Job instance at 0x7fb2f5512af0>,72,14,[4 6],73,388,402,315,380
1,<environment.Job instance at 0x7fb33ae7f3c0>,1,3,[4 9],2,3,6,1,3
1,<environment.Job instance at 0x7fb2f5512aa0>,3,1,[1 6],4,6,7,2,4
1,<environment.Job instance at 0x7fb33ac7d690>,4,13,[3 8],5,7,20,2,5
1,<environment.Job instance at 0x7fb33b2b9a00>,13,18,[3 7],14,20,38,6,15
1,<environment.Job instance at 0x7fb2f4e7d640>,0,15,[4 9],1,38,53,37,36
1,<environment.Job instance at 0x7fb2f4f958c0>,24,18,[2 9],25,59,77,34,59
1,<environment.Job instance at 0x7fb33d7d86e0>,29,15,[2 8],30,77,92,47,64
1,<environment.Job instance at 0x7fb33d591190>,37,14,[4 5],38,109,123,71,109
1,<environment.Job instance at 0x7fb33b2119b0>,46,15,[7 3],47,123,138,76,120
1,<environment.Job instance at 0x7fb33d3c55f0>,53,13,[5 1],54,142,155,88,142
1,<environment.Job instance at 0x7fb33d3c5e60>,54,12,[1 9],55,145,157,90,145
1,<environment.Job instance at 0x7fb33d3c5190>,55,16,[10  3],56,157,173,101,147
1,<environment.Job instance at 0x7fb33d3c5a50>,56,18,[8 3],57,173,191,116,162
1,<environment.Job instance at 0x7fb33aca7550>,61,14,[8 1],62,191,205,129,177
1,<environment.Job instance at 0x7fb3402d6500>,66,16,[6 4],67,205,221,138,192
1,<environment.Job instance at 0x7fb33d3f4aa0>,62,17,[9 5],63,221,238,158,221
1,<environment.Job instance at 0x7fb33d776b40>,78,16,[8 2],79,238,254,159,229
1,<environment.Job instance at 0x7fb33d776a50>,82,2,[6 2],83,254,256,171,238
1,<environment.Job instance at 0x7fb33d776370>,84,13,[3 6],85,254,267,169,247
1,<environment.Job instance at 0x7fb34017d910>,73,18,[10  5],74,267,285,193,256
1,<environment.Job instance at 0x7fb33d5d0a00>,94,15,[6 1],95,285,300,190,276
1,<environment.Job instance at 0x7fb33d776e60>,87,13,[ 2 10],88,300,313,212,285
1,<environment.Job instance at 0x7fb33d966b90>,1,2,[8 3],2,2,4,0,2
1,<environment.Job instance at 0x7fb33d966e10>,3,12,[5 8],4,4,16,0,4
1,<environment.Job instance at 0x7fb33d7da730>,4,3,[5 2],5,5,8,0,5
1,<environment.Job instance at 0x7fb33d7da050>,5,3,[ 1 10],6,16,19,10,6
1,<environment.Job instance at 0x7fb33d7da370>,7,15,[6 1],8,19,34,11,9
1,<environment.Job instance at 0x7fb33d7da0a0>,9,2,[ 5 10],10,34,36,24,10
1,<environment.Job instance at 0x7fb33d682c80>,16,3,[4 6],17,19,22,2,17
1,<environment.Job instance at 0x7fb33d6826e0>,19,13,[3 8],20,36,49,16,22
1,<environment.Job instance at 0x7fb33d65b2d0>,25,13,[4 8],26,49,62,23,37
1,<environment.Job instance at 0x7fb33d65ba50>,26,16,[5 6],27,62,78,35,50
1,<environment.Job instance at 0x7fb33d65b0f0>,32,15,[5 5],33,78,93,45,64
1,<environment.Job instance at 0x7fb33d65b9b0>,24,16,[10  2],25,93,109,68,81
1,<environment.Job instance at 0x7fb33d65b870>,36,14,[5 5],37,109,123,72,94
1,<environment.Job instance at 0x7fb33d408a50>,42,3,[3 5],43,109,112,66,109
1,<environment.Job instance at 0x7fb33d408e60>,43,2,[3 8],44,123,125,79,109
1,<environment.Job instance at 0x7fb33d408370>,38,16,[7 5],39,125,141,86,113
1,<environment.Job instance at 0x7fb2f57f1dc0>,51,14,[10  5],52,141,155,89,130
1,<environment.Job instance at 0x7fb2f57f18c0>,55,15,[7 2],56,155,170,99,141
1,<environment.Job instance at 0x7fb2f57f1690>,58,15,[8 5],59,170,185,111,156
1,<environment.Job instance at 0x7fb33db5fa50>,1,2,[ 5 10],2,2,4,0,2
1,<environment.Job instance at 0x7fb2f4fd2dc0>,2,12,[ 4 10],3,7,19,4,7
1,<environment.Job instance at 0x7fb33db5f8c0>,0,16,[6 4],1,19,35,18,12
1,<environment.Job instance at 0x7fb33d943eb0>,13,2,[6 4],14,35,37,21,14
1,<environment.Job instance at 0x7fb2f57f2cd0>,11,13,[6 3],12,37,50,25,22
1,<environment.Job instance at 0x7fb3401c5500>,18,16,[6 3],19,50,66,31,38
1,<environment.Job instance at 0x7fb3401c50a0>,20,17,[10  5],21,66,83,45,54
1,<environment.Job instance at 0x7fb2f57f2c30>,16,16,[5 8],17,83,99,66,70
1,<environment.Job instance at 0x7fb33d680d20>,29,3,[8 3],30,99,102,69,73
1,<environment.Job instance at 0x7fb33d680370>,31,12,[3 5],32,102,114,70,85
1,<environment.Job instance at 0x7fb33d680eb0>,28,14,[10  3],29,114,128,85,99
1,<environment.Job instance at 0x7fb33d66e1e0>,40,15,[5 9],41,128,143,87,117
1,<environment.Job instance at 0x7fb33d677b90>,25,17,[9 4],26,143,160,117,133
1,<environment.Job instance at 0x7fb33d6789b0>,45,14,[1 5],46,143,157,97,136
1,<environment.Job instance at 0x7fb3401c5820>,24,13,[10  2],25,160,173,135,149
1,<environment.Job instance at 0x7fb33b381aa0>,49,14,[ 5 10],50,173,187,123,160
1,<environment.Job instance at 0x7fb2f4ff8960>,57,3,[9 3],58,187,190,129,166
1,<environment.Job instance at 0x7fb2f4ff8320>,58,14,[3 7],59,190,204,131,175
1,<environment.Job instance at 0x7fb33d66e730>,38,18,[2 8],39,204,222,165,195
1,<environment.Job instance at 0x7fb33d6564b0>,66,17,[7 1],67,195,212,128,195
1,<environment.Job instance at 0x7fb33db990a0>,72,3,[3 6],73,222,225,149,196
1,<environment.Job instance at 0x7fb33ffd7d20>,77,12,[8 1],78,225,237,147,208
1,<environment.Job instance at 0x7fc220d55190>,0,17,[6 1],1,2,19,1,2
1,<environment.Job instance at 0x7fc2199453c0>,4,13,[3 6],5,6,19,1,6
1,<environment.Job instance at 0x7fc2199459b0>,11,3,[4 9],12,19,22,7,12
1,<environment.Job instance at 0x7fc219945550>,6,15,[2 8],7,25,40,18,25
1,<environment.Job instance at 0x7fc220d98640>,2,14,[ 2 10],3,50,64,47,50
1,<environment.Job instance at 0x7fc219948140>,21,18,[9 4],22,64,82,42,53
1,<environment.Job instance at 0x7fc219945d70>,17,12,[5 1],18,82,94,64,66
1,<environment.Job instance at 0x7fc2199489b0>,29,2,[4 7],30,82,84,52,66
1,<environment.Job instance at 0x7fc2199457d0>,13,18,[5 9],14,84,102,70,77
1,<environment.Job instance at 0x7fc219948eb0>,37,14,[5 8],38,102,116,64,98
1,<environment.Job instance at 0x7fc219948cd0>,34,14,[1 9],35,124,138,89,124
1,<environment.Job instance at 0x7fc21994a230>,42,2,[4 7],43,138,140,95,124
1,<environment.Job instance at 0x7fc21994a2d0>,43,12,[4 5],44,140,152,96,126
1,<environment.Job instance at 0x7fc21994a410>,45,15,[7 5],46,152,167,106,139
1,<environment.Job instance at 0x7fc21994aa50>,52,2,[ 2 10],53,167,169,114,140
1,<environment.Job instance at 0x7fc21994ad70>,56,3,[8 4],57,169,172,112,151
1,<environment.Job instance at 0x7fc21994acd0>,55,12,[2 6],56,169,181,113,152
1,<environment.Job instance at 0x7fc21994c320>,62,14,[4 9],63,181,195,118,168
1,<environment.Job instance at 0x7fc21994c8c0>,66,2,[7 2],67,177,179,110,177
1,<environment.Job instance at 0x7fc21994c140>,58,17,[3 7],59,195,212,136,183
1,<environment.Job instance at 0x7fc21994caf0>,69,14,[9 4],70,212,226,142,197
1,<environment.Job instance at 0x7fc21994f2d0>,78,14,[6 1],79,226,240,147,211
1,<environment.Job instance at 0x7fc21994c9b0>,67,16,[1 9],68,226,242,158,221
1,<environment.Job instance at 0x7fc21994f730>,85,15,[1 7],86,242,257,156,228
1,<environment.Job instance at 0x7fc21994f870>,87,18,[7 1],88,240,258,152,230
1,<environment.Job instance at 0x7fc21994f910>,88,16,[4 9],89,258,274,169,246
1,<environment.Job instance at 0x7fc21994fb90>,92,12,[5 5],93,274,286,181,260
1,<environment.Job instance at 0x7fc21994fe60>,97,2,[6 2],98,286,288,188,265
1,<environment.Job instance at 0x7fc2199532d0>,100,2,[5 9],101,288,290,187,269
1,<environment.Job instance at 0x7fc2199533c0>,101,15,[2 7],102,290,305,188,276
1,<environment.Job instance at 0x7fc219953730>,103,16,[1 9],104,305,321,201,292
1,<environment.Job instance at 0x7fc219953a50>,2,12,[1 6],3,4,16,1,4
1,<environment.Job instance at 0x7fc220ec2eb0>,5,2,[1 6],6,16,18,10,6
1,<environment.Job instance at 0x7fc220ec2d70>,6,12,[8 4],7,7,19,0,7
1,<environment.Job instance at 0x7fc220d7f0a0>,12,18,[7 5],13,19,37,6,13
1,<environment.Job instance at 0x7fc220ebbe60>,16,2,[1 6],17,37,39,20,20
1,<environment.Job instance at 0x7fc220ec7730>,19,13,[5 5],20,39,52,19,24
1,<environment.Job instance at 0x7fc220ece140>,24,12,[5 4],25,37,49,12,30
1,<environment.Job instance at 0x7fc220d7c0a0>,1,17,[6 4],2,59,76,57,59
1,<environment.Job instance at 0x7fc220ecea50>,31,14,[ 3 10],32,76,90,44,61
1,<environment.Job instance at 0x7fc220ec8550>,35,3,[9 2],36,90,93,54,64
1,<environment.Job instance at 0x7fc220ec8cd0>,37,2,[3 8],38,93,95,55,69
1,<environment.Job instance at 0x7fc220ec8230>,38,3,[4 8],39,95,98,56,69
1,<environment.Job instance at 0x7fc220ec8730>,40,12,[5 1],41,93,105,52,76
1,<environment.Job instance at 0x7fc220ec4eb0>,49,2,[ 4 10],50,105,107,55,88
1,<environment.Job instance at 0x7fc220ec4870>,51,12,[5 4],52,107,119,55,106
1,<environment.Job instance at 0x7fc220ec0370>,53,2,[9 4],54,119,121,65,106
1,<environment.Job instance at 0x7fc220ec00f0>,55,2,[5 6],56,107,109,51,106
1,<environment.Job instance at 0x7fc220ec00a0>,54,14,[10  5],55,121,135,66,106
1,<environment.Job instance at 0x7fc220ec0f00>,57,3,[5 6],58,109,112,51,106
1,<environment.Job instance at 0x7fc220ec0b90>,58,2,[8 1],59,135,137,76,108
1,<environment.Job instance at 0x7fc220ddb1e0>,60,17,[4 7],61,137,154,76,125
1,<environment.Job instance at 0x7fc220ecd730>,65,17,[5 1],66,137,154,71,132
1,<environment.Job instance at 0x7fc220ecd460>,66,3,[10  3],67,154,157,87,132
1,<environment.Job instance at 0x7fc220ecdb40>,68,2,[5 7],69,157,159,88,146
1,<environment.Job instance at 0x7fc220ecdaf0>,69,2,[10  2],70,159,161,89,146
1,<environment.Job instance at 0x7fc220ecd6e0>,70,17,[3 5],71,161,178,90,149
1,<environment.Job instance at 0x7fc220ecd0f0>,71,18,[6 2],72,161,179,89,151
1,<environment.Job instance at 0x7fc220dd8b40>,79,1,[5 3],80,179,180,99,172
1,<environment.Job instance at 0x7fc220ec41e0>,45,17,[10  4],46,180,197,134,173
1,<environment.Job instance at 0x7fc220d7d190>,83,12,[1 9],84,197,209,113,181
1,<environment.Job instance at 0x7fc1d5c465f0>,93,14,[5 9],94,221,235,127,221
1,<environment.Job instance at 0x7fc1d5c46d70>,94,3,[5 6],95,235,238,140,221
1,<environment.Job instance at 0x7fc1d5c46f50>,95,19,[ 1 10],96,238,257,142,228
1,<environment.Job instance at 0x7fc1d5c3a280>,101,17,[3 6],102,257,274,155,246
1,<environment.Job instance at 0x7fc1d5cb5b40>,103,1,[4 8],104,274,275,170,246
1,<environment.Job instance at 0x7fc1d5cc9820>,106,16,[1 8],107,275,291,168,262
1,<environment.Job instance at 0x7fc1d5cc9cd0>,2,15,[8 2],3,8,23,5,8
1,<environment.Job instance at 0x7fc2196ae9b0>,7,12,[4 8],8,23,35,15,10
1,<environment.Job instance at 0x7fc1d5bf9640>,16,1,[5 1],17,23,24,6,18
1,<environment.Job instance at 0x7fc1d5ba2050>,12,2,[10  4],13,35,37,22,18
1,<environment.Job instance at 0x7fc1d5bf9190>,18,13,[2 7],19,37,50,18,25
1,<environment.Job instance at 0x7fc1d5bf9b90>,19,2,[7 2],20,37,39,17,26
1,<environment.Job instance at 0x7fc1d5cdd910>,21,13,[8 1],22,39,52,17,28
1,<environment.Job instance at 0x7fc1d5cddf50>,22,12,[ 5 10],23,52,64,29,35
1,<environment.Job instance at 0x7fc1d5cdd960>,23,13,[9 2],24,64,77,40,48
1,<environment.Job instance at 0x7fc1d5c6f0a0>,37,14,[10  5],38,77,91,39,64
1,<environment.Job instance at 0x7fc219b86280>,27,14,[10  3],28,91,105,63,78
1,<environment.Job instance at 0x7fc1d5c8a410>,48,17,[1 5],49,105,122,56,93
1,<environment.Job instance at 0x7fc1d5c8a910>,49,18,[5 2],50,105,123,55,96
1,<environment.Job instance at 0x7fc2196afeb0>,53,13,[8 3],54,123,136,69,107
1,<environment.Job instance at 0x7fc1d5bce9b0>,54,3,[7 5],55,136,139,81,110
1,<environment.Job instance at 0x7fc1d5c5adc0>,57,15,[3 6],58,139,154,81,125
1,<environment.Job instance at 0x7fc1d5c5a190>,62,15,[9 2],63,154,169,91,143
1,<environment.Job instance at 0x7fc219715f00>,68,13,[8 4],69,169,182,100,154
1,<environment.Job instance at 0x7fc21973dfa0>,70,2,[4 9],71,182,184,111,169
1,<environment.Job instance at 0x7fc219711a50>,71,3,[9 4],72,184,187,112,171
1,<environment.Job instance at 0x7fc219b2a5f0>,72,2,[2 9],73,187,189,114,171
1,<environment.Job instance at 0x7fc219786320>,73,15,[7 2],74,189,204,115,175
1,<environment.Job instance at 0x7fc2197861e0>,74,12,[8 3],75,204,216,129,187
1,<environment.Job instance at 0x7fc1d5c46370>,77,1,[1 5],78,189,190,111,187
1,<environment.Job instance at 0x7fc1d5c46190>,78,12,[5 5],79,216,228,137,199
1,<environment.Job instance at 0x7fc1d5c46dc0>,80,1,[7 2],81,228,229,147,201
1,<environment.Job instance at 0x7fc1d5c46a50>,83,17,[7 4],84,229,246,145,217
1,<environment.Job instance at 0x7fc2196fb050>,0,3,[10  4],1,3,6,2,3
1,<environment.Job instance at 0x7fc220ebba00>,1,2,[2 9],2,6,8,4,4
1,<environment.Job instance at 0x7fc1d5c46a50>,4,1,[10  5],5,8,9,3,5
1,<environment.Job instance at 0x7fc21997e2d0>,6,2,[5 5],7,9,11,2,7
1,<environment.Job instance at 0x7fc21997e410>,5,3,[10  5],6,11,14,5,7
1,<environment.Job instance at 0x7fc21bfe53c0>,7,3,[9 3],8,14,17,6,8
1,<environment.Job instance at 0x7fc1d5c46960>,3,12,[2 7],4,17,29,13,14
1,<environment.Job instance at 0x7fc21c0eb8c0>,15,3,[5 2],16,17,20,1,17
1,<environment.Job instance at 0x7fc21c4f7aa0>,9,15,[ 2 10],10,29,44,19,22
1,<environment.Job instance at 0x7fc1d5d74b90>,28,12,[6 4],29,44,56,15,44
1,<environment.Job instance at 0x7fc21979a500>,31,3,[6 1],32,56,59,24,45
1,<environment.Job instance at 0x7fc1d5d172d0>,33,3,[4 6],34,45,48,11,45
1,<environment.Job instance at 0x7fc1d5d171e0>,35,13,[9 1],36,59,72,23,45
1,<environment.Job instance at 0x7fc219a15c30>,12,17,[5 9],13,72,89,59,61
1,<environment.Job instance at 0x7fc1d6007af0>,45,15,[1 5],46,89,104,43,75
1,<environment.Job instance at 0x7fc1d5d176e0>,36,18,[8 3],37,89,107,52,79
1,<environment.Job instance at 0x7fc1d6007be0>,51,15,[5 7],52,107,122,55,94
1,<environment.Job instance at 0x7fc1d60073c0>,50,16,[ 4 10],51,122,138,71,110
1,<environment.Job instance at 0x7fc1d6008690>,56,17,[7 4],57,138,155,81,126
1,<environment.Job instance at 0x7fc1d60e6dc0>,63,14,[5 6],64,155,169,91,140
1,<environment.Job instance at 0x7fc219aa75a0>,68,15,[10  4],69,169,184,100,158
1,<environment.Job instance at 0x7fc1d6103870>,71,16,[4 5],72,184,200,112,172
1,<environment.Job instance at 0x7fc1d6103320>,73,18,[1 6],74,200,218,126,189
1,<environment.Job instance at 0x7fc1d5d09550>,77,16,[7 4],78,200,216,122,189
1,<environment.Job instance at 0x7fc1d5d097d0>,78,16,[9 2],79,216,232,137,205
1,<environment.Job instance at 0x7fc220d54c30>,84,12,[8 1],85,232,244,147,219
1,<environment.Job instance at 0x7fc1d613e190>,90,12,[10  5],91,244,256,153,227
1,<environment.Job instance at 0x7fc1d5d61410>,100,13,[6 2],101,282,295,181,282
1,<environment.Job instance at 0x7fc1d6232190>,1,1,[3 6],2,5,6,3,5
1,<environment.Job instance at 0x7fc1d5c4a870>,7,1,[4 6],8,8,9,0,8
1,<environment.Job instance at 0x7fc2199df3c0>,15,14,[3 8],16,25,39,9,25
1,<environment.Job instance at 0x7fc21c0ebd70>,17,13,[3 7],18,39,52,21,30
1,<environment.Job instance at 0x7fc1d5d74280>,20,12,[4 5],21,52,64,31,35
1,<environment.Job instance at 0x7fc1d5bf9c80>,23,15,[6 4],24,52,67,28,39
1,<environment.Job instance at 0x7fc1d5bf94b0>,27,12,[6 2],28,67,79,39,57
1,<environment.Job instance at 0x7fc1d5bf9a00>,28,13,[8 3],29,79,92,50,66
1,<environment.Job instance at 0x7fc1d5bf9460>,26,12,[10  2],27,92,104,65,76
1,<environment.Job instance at 0x7fc1d5d1e410>,33,12,[2 7],34,80,92,46,80
1,<environment.Job instance at 0x7fc1d5d1e9b0>,36,3,[6 4],37,104,107,67,81
1,<environment.Job instance at 0x7fc1d60c82d0>,41,15,[7 1],42,107,122,65,93
1,<environment.Job instance at 0x7fc1d5d0a320>,47,18,[8 2],48,122,140,74,116
1,<environment.Job instance at 0x7fc1d61cc690>,50,15,[2 5],51,116,131,65,116
1,<environment.Job instance at 0x7fc2197b2a50>,53,14,[9 3],54,140,154,86,132
1,<environment.Job instance at 0x7fc21c42daf0>,54,2,[9 4],55,154,156,99,132
1,<environment.Job instance at 0x7fc1d61f1aa0>,55,17,[8 2],56,156,173,100,144
1,<environment.Job instance at 0x7fc1d60e60f0>,11,17,[7 5],12,173,190,161,161
1,<environment.Job instance at 0x7fc2197d2780>,64,16,[9 5],65,190,206,125,184
1,<environment.Job instance at 0x7fc2197e6500>,69,18,[5 8],70,207,225,137,207
1,<environment.Job instance at 0x7fc2197e63c0>,72,13,[1 5],73,225,238,152,209
1,<environment.Job instance at 0x7fc2197e6960>,74,16,[6 1],75,225,241,150,212
1,<environment.Job instance at 0x7fc2197c01e0>,76,18,[ 5 10],77,241,259,164,239
1,<environment.Job instance at 0x7fc2197df870>,78,13,[9 1],79,259,272,180,245
1,<environment.Job instance at 0x7fc2197e5b90>,90,14,[7 2],91,272,286,181,267
1,<environment.Job instance at 0x7fc2197e5eb0>,94,12,[3 9],95,286,298,191,275
1,<environment.Job instance at 0x7fc2197d0460>,101,12,[1 6],102,304,316,202,304
1,<environment.Job instance at 0x7fc2197d0a50>,105,16,[4 7],106,316,332,210,306
1,<environment.Job instance at 0x7fc219a5d320>,9,2,[4 7],10,10,12,0,10
1,<environment.Job instance at 0x7fc219d01050>,13,12,[8 2],14,15,27,1,15
1,<environment.Job instance at 0x7fc219d01820>,14,16,[1 5],15,16,32,1,16
1,<environment.Job instance at 0x7fc219d01370>,15,18,[4 9],16,32,50,16,21
1,<environment.Job instance at 0x7fc219d01a50>,20,13,[10  1],21,50,63,29,34
1,<environment.Job instance at 0x7fc219d01550>,24,12,[9 3],25,63,75,38,48
1,<environment.Job instance at 0x7fc21c317460>,26,12,[10  1],27,75,87,48,58
1,<environment.Job instance at 0x7fc219a5d500>,4,16,[ 5 10],5,87,103,82,77
1,<environment.Job instance at 0x7fc21c317140>,40,16,[10  1],41,103,119,62,101
1,<environment.Job instance at 0x7fc219d01c30>,17,18,[10  5],18,119,137,101,109
1,<environment.Job instance at 0x7fc219a54af0>,1,15,[8 1],2,2,17,0,2
1,<environment.Job instance at 0x7fc2199f34b0>,5,15,[5 6],6,17,32,11,6
1,<environment.Job instance at 0x7fc220ec5190>,7,14,[7 2],8,32,46,24,18
1,<environment.Job instance at 0x7fc21c635050>,21,13,[2 5],22,49,62,27,49
1,<environment.Job instance at 0x7fc1d6055780>,22,14,[2 6],23,62,76,39,49
1,<environment.Job instance at 0x7fc1d6055280>,24,18,[6 4],25,52,70,27,52
1,<environment.Job instance at 0x7fc1d5de1b90>,19,13,[10  5],20,76,89,56,64
1,<environment.Job instance at 0x7fc2199c5fa0>,27,17,[8 4],28,89,106,61,81
1,<environment.Job instance at 0x7fc1d61f8910>,35,13,[6 4],36,106,119,70,97
1,<environment.Job instance at 0x7fc220ec5410>,3,15,[ 3 10],4,119,134,115,109
1,<environment.Job instance at 0x7fc2199295f0>,43,18,[6 4],44,134,152,90,124
1,<environment.Job instance at 0x7fc1d6218cd0>,29,15,[ 2 10],30,152,167,122,139
1,<environment.Job instance at 0x7fc219a464b0>,56,18,[10  5],57,167,185,110,160
1,<environment.Job instance at 0x7fc1d61f4500>,61,16,[1 6],62,185,201,123,172
1,<environment.Job instance at 0x7fc1d5dc5640>,67,17,[5 7],68,201,218,133,189
1,<environment.Job instance at 0x7fc21c1f70a0>,69,12,[1 9],70,218,230,148,201
1,<environment.Job instance at 0x7fc220953e10>,76,12,[6 4],77,230,242,153,220
1,<environment.Job instance at 0x7fc2209533c0>,77,17,[2 6],78,230,247,152,220
1,<environment.Job instance at 0x7fc1d61e8050>,80,16,[9 4],81,247,263,166,235
1,<environment.Job instance at 0x7fc1d5e06460>,83,13,[5 6],84,263,276,179,248
1,<environment.Job instance at 0x7fc219bfe780>,88,14,[4 5],89,276,290,187,261
1,<environment.Job instance at 0x7fc219bfe870>,91,18,[4 8],92,290,308,198,279
1,<environment.Job instance at 0x7fc21c52c5f0>,98,13,[ 3 10],99,320,333,221,320
1,<environment.Job instance at 0x7fc21c52c0f0>,101,17,[10  5],102,356,373,254,356
1,<environment.Job instance at 0x7fc2199f37d0>,2,3,[5 7],3,4,7,1,4
1,<environment.Job instance at 0x7fc1d60f61e0>,3,3,[4 8],4,7,10,3,4
1,<environment.Job instance at 0x7fc2198043c0>,5,12,[3 7],6,10,22,4,7
1,<environment.Job instance at 0x7fc1d5dd7e60>,19,1,[5 6],20,33,34,13,33
1,<environment.Job instance at 0x7fc21c52c280>,4,12,[3 7],5,34,46,29,33
1,<environment.Job instance at 0x7fc1d5dd7eb0>,23,18,[ 2 10],24,46,64,22,35
1,<environment.Job instance at 0x7fc1d609b0f0>,12,14,[8 5],13,77,91,64,77
1,<environment.Job instance at 0x7fc21c498c30>,38,2,[6 4],39,106,108,67,106
1,<environment.Job instance at 0x7fc219c149b0>,7,16,[2 7],8,108,124,100,106
1,<environment.Job instance at 0x7fc219d01be0>,26,12,[5 9],27,124,136,97,107
1,<environment.Job instance at 0x7fc21bf9cf50>,45,14,[10  1],46,136,150,90,121
1,<environment.Job instance at 0x7fc1d5be98c0>,50,15,[6 3],51,150,165,99,136
1,<environment.Job instance at 0x7fc21bf9c4b0>,47,17,[2 7],48,150,167,102,139
1,<environment.Job instance at 0x7fc1d5be9fa0>,57,3,[3 8],58,167,170,109,156
1,<environment.Job instance at 0x7fc219d664b0>,30,15,[3 8],31,170,185,139,157
1,<environment.Job instance at 0x7fc1d5be82d0>,62,12,[6 2],63,165,177,102,162
1,<environment.Job instance at 0x7fc1d5be8370>,63,13,[5 2],64,177,190,113,167
1,<environment.Job instance at 0x7fc1d5be9780>,48,15,[5 5],49,185,200,136,173
1,<environment.Job instance at 0x7fc1d5be8690>,68,12,[5 5],69,190,202,121,183
1,<environment.Job instance at 0x7fc1d5be84b0>,65,13,[8 4],66,202,215,136,187
1,<environment.Job instance at 0x7fc1d5be8d20>,77,2,[4 6],78,215,217,137,196
1,<environment.Job instance at 0x7fc1d5be9aa0>,53,18,[3 7],54,217,235,163,207
1,<environment.Job instance at 0x7fc1d5be8f50>,82,2,[5 1],83,215,217,132,214
1,<environment.Job instance at 0x7fc1d5be8aa0>,84,16,[2 7],85,235,251,150,222
1,<environment.Job instance at 0x7fc1d5bef190>,85,17,[6 3],86,223,240,137,223
1,<environment.Job instance at 0x7fc1d5bef0f0>,89,12,[7 5],90,251,263,161,236
1,<environment.Job instance at 0x7fc1d5bef640>,91,17,[2 9],92,263,280,171,255
1,<environment.Job instance at 0x7fc1d5bef960>,96,13,[9 1],97,280,293,183,264
1,<environment.Job instance at 0x7fc220ebf0f0>,1,2,[2 6],2,4,6,2,4
1,<environment.Job instance at 0x7fc220ebfe10>,5,13,[4 7],6,13,26,7,13
1,<environment.Job instance at 0x7fc1d624b280>,11,12,[7 1],12,26,38,14,19
1,<environment.Job instance at 0x7fc219c858c0>,4,17,[1 8],5,27,44,22,27
1,<environment.Job instance at 0x7fc219c81b40>,17,13,[5 3],18,44,57,26,31
1,<environment.Job instance at 0x7fc219804410>,21,1,[3 5],22,44,45,22,44
1,<environment.Job instance at 0x7fc21c463690>,23,15,[4 8],24,57,72,33,45
1,<environment.Job instance at 0x7fc1d60b94b0>,18,12,[10  2],19,72,84,53,61
1,<environment.Job instance at 0x7fc1d61a3230>,28,13,[5 5],29,84,97,55,68
1,<environment.Job instance at 0x7fc219c5a550>,30,14,[6 3],31,97,111,66,82
1,<environment.Job instance at 0x7fc1d61a3e10>,29,17,[ 2 10],30,111,128,81,99
1,<environment.Job instance at 0x7fc1d6055820>,41,15,[2 7],42,128,143,86,123
1,<environment.Job instance at 0x7fc21c1f7cd0>,42,17,[3 5],43,143,160,100,133
1,<environment.Job instance at 0x7fc21c1f74b0>,46,17,[7 3],47,135,152,88,135
1,<environment.Job instance at 0x7fc1d60a7690>,48,13,[8 3],49,160,173,111,145
1,<environment.Job instance at 0x7fc1d60a7500>,51,17,[9 4],52,173,190,121,163
1,<environment.Job instance at 0x7fc1d60a70a0>,54,18,[5 2],55,190,208,135,179
1,<environment.Job instance at 0x7fc21c034e10>,1,13,[5 2],2,2,15,0,2
1,<environment.Job instance at 0x7fc1d5eccc30>,3,27,[1 7],4,4,31,0,4
1,<environment.Job instance at 0x7fc1d5d26dc0>,2,18,[5 3],3,15,33,12,6
1,<environment.Job instance at 0x7fc21979d870>,15,17,[6 4],16,33,50,17,26
1,<environment.Job instance at 0x7fc21bf9c8c0>,9,15,[4 7],10,50,65,40,38
1,<environment.Job instance at 0x7fc1d5ecef00>,24,16,[2 5],25,72,88,47,72
1,<environment.Job instance at 0x7fc219d069b0>,28,17,[5 3],29,72,89,43,72
1,<environment.Job instance at 0x7fc2198cc7d0>,29,13,[7 1],30,89,102,59,75
1,<environment.Job instance at 0x7fc219b7e870>,32,14,[3 8],33,89,103,56,75
1,<environment.Job instance at 0x7fc21c138780>,34,12,[9 3],35,103,115,68,89
1,<environment.Job instance at 0x7fc21bea5b40>,25,13,[ 5 10],26,115,128,89,99
1,<environment.Job instance at 0x7fc2199a30f0>,40,13,[7 1],41,128,141,87,112
1,<environment.Job instance at 0x7fc21c3b0b90>,38,15,[3 9],39,130,145,91,130
1,<environment.Job instance at 0x7fc21c45d3c0>,48,18,[ 2 10],49,145,163,96,134
1,<environment.Job instance at 0x7fc2198bd9b0>,54,15,[5 5],55,163,178,108,152
1,<environment.Job instance at 0x7fc1d5eca410>,60,13,[7 3],61,178,191,117,162
1,<environment.Job instance at 0x7fc21979d910>,18,18,[ 3 10],19,191,209,172,190
1,<environment.Job instance at 0x7fc219ac55f0>,67,12,[3 8],68,209,221,141,192
1,<environment.Job instance at 0x7fc21979d370>,12,17,[5 9],13,221,238,208,209
1,<environment.Job instance at 0x7fc1d5fcbc80>,80,13,[1 6],81,238,251,157,228
1,<environment.Job instance at 0x7fc1d61b76e0>,84,17,[5 1],85,230,247,145,230
1,<environment.Job instance at 0x7fc219d51780>,86,18,[5 4],87,247,265,160,236
1,<environment.Job instance at 0x7fc219d513c0>,91,17,[7 4],92,265,282,173,258
1,<environment.Job instance at 0x7fc1d5f144b0>,1,15,[7 2],2,2,17,0,2
1,<environment.Job instance at 0x7fc1d6306820>,4,1,[7 5],5,17,18,12,5
1,<environment.Job instance at 0x7fc1d6306af0>,6,3,[8 5],7,18,21,11,7
1,<environment.Job instance at 0x7fc1d6306d70>,9,18,[8 2],10,21,39,11,13
1,<environment.Job instance at 0x7fc1d62fe500>,16,3,[4 7],17,39,42,22,18
1,<environment.Job instance at 0x7fc1d62fea50>,22,12,[5 5],23,42,54,19,26
1,<environment.Job instance at 0x7fc1d62d4050>,28,3,[1 5],29,31,34,2,31
1,<environment.Job instance at 0x7fc1d62fe4b0>,17,12,[9 1],18,54,66,36,38
1,<environment.Job instance at 0x7fc1d62d4500>,33,3,[4 7],34,66,69,32,46
1,<environment.Job instance at 0x7fc1d62d4780>,31,12,[ 1 10],32,69,81,37,55
1,<environment.Job instance at 0x7fc1d62d4730>,35,15,[9 4],36,81,96,45,67
1,<environment.Job instance at 0x7fc1d62d47d0>,34,17,[5 4],35,96,113,61,84
1,<environment.Job instance at 0x7fc1d62ff050>,48,16,[6 5],49,113,129,64,101
1,<environment.Job instance at 0x7fc1d62ff6e0>,51,14,[1 5],52,108,122,56,108
1,<environment.Job instance at 0x7fc1d62d49b0>,36,15,[4 7],37,129,144,92,117
1,<environment.Job instance at 0x7fc1d62ff7d0>,54,12,[9 4],55,144,156,89,127
1,<environment.Job instance at 0x7fc1d62ffcd0>,60,16,[3 7],61,156,172,95,146
1,<environment.Job instance at 0x7fc1d62ff690>,52,18,[ 2 10],53,172,190,119,161
1,<environment.Job instance at 0x7fc1d62fffa0>,62,14,[5 7],63,190,204,127,179
1,<environment.Job instance at 0x7fc21bf28af0>,1,1,[10  4],2,2,3,0,2
1,<environment.Job instance at 0x7fc1d630a7d0>,3,18,[8 1],4,4,22,0,4
1,<environment.Job instance at 0x7fc220acc5f0>,4,13,[4 6],5,22,35,17,8
1,<environment.Job instance at 0x7fc21c473fa0>,12,16,[3 5],13,35,51,22,22
1,<environment.Job instance at 0x7fc2197a1cd0>,16,14,[6 1],17,22,36,5,22
1,<environment.Job instance at 0x7fc21c473910>,8,17,[10  4],9,51,68,42,41
1,<environment.Job instance at 0x7fc2198f8b40>,26,12,[4 7],27,68,80,41,54
1,<environment.Job instance at 0x7fc2198f8500>,23,17,[10  3],24,80,97,56,69
1,<environment.Job instance at 0x7fc219b36500>,28,17,[3 8],29,97,114,68,87
1,<environment.Job instance at 0x7fc1d62737d0>,32,3,[5 9],33,114,117,81,88
1,<environment.Job instance at 0x7fc1d62735a0>,31,17,[ 2 10],32,117,134,85,107
1,<environment.Job instance at 0x7fc219d784b0>,40,17,[10  1],41,134,151,93,124
1,<environment.Job instance at 0x7fc220b1b960>,33,18,[9 2],34,151,169,117,146
1,<environment.Job instance at 0x7fc219d78370>,48,16,[3 5],49,169,185,120,156
1,<environment.Job instance at 0x7fc1d5f12280>,52,18,[4 7],53,185,203,132,176
1,<environment.Job instance at 0x7fc219a56410>,59,15,[5 5],60,203,218,143,190
1,<environment.Job instance at 0x7fc219b49eb0>,72,13,[7 3],73,235,248,162,235
1,<environment.Job instance at 0x7fc219d26820>,74,17,[5 9],75,248,265,173,240
1,<environment.Job instance at 0x7fc219d264b0>,78,17,[4 9],79,266,283,187,266
1,<environment.Job instance at 0x7fc219d26410>,79,18,[9 5],80,283,301,203,272
1,<environment.Job instance at 0x7fc219d26b90>,82,18,[10  5],83,301,319,218,296
1,<environment.Job instance at 0x7fc21c0395f0>,87,18,[5 4],88,321,339,233,321
1,<environment.Job instance at 0x7fc219b825a0>,90,12,[2 9],91,339,351,248,331
1,<environment.Job instance at 0x7fc219b82b90>,91,17,[7 2],92,351,368,259,341
1,<environment.Job instance at 0x7fc219b823c0>,94,13,[10  1],95,368,381,273,356
1,<environment.Job instance at 0x7fc219b82be0>,96,14,[1 5],97,381,395,284,366
1,<environment.Job instance at 0x7fc21c129280>,103,18,[2 6],104,395,413,291,387
1,<environment.Job instance at 0x7fc21c129d70>,104,18,[8 2],105,387,405,282,387
1,<environment.Job instance at 0x7fc21c40dc80>,107,18,[5 2],108,405,423,297,395
1,<environment.Job instance at 0x7fc21c41c0a0>,108,17,[3 5],109,413,430,304,401
1,<environment.Job instance at 0x7fc1d6301fa0>,3,2,[4 8],4,6,8,2,6
1,<environment.Job instance at 0x7fc1d630a460>,0,14,[6 3],1,8,22,7,7
1,<environment.Job instance at 0x7fc21c0ca500>,9,1,[ 3 10],10,22,23,12,11
1,<environment.Job instance at 0x7fc219d78410>,11,18,[7 1],12,23,41,11,18
1,<environment.Job instance at 0x7fc219907780>,5,12,[5 9],6,41,53,35,26
1,<environment.Job instance at 0x7fc219d6feb0>,22,14,[ 1 10],23,53,67,30,39
1,<environment.Job instance at 0x7fc1d5e5a910>,31,17,[5 6],32,67,84,35,55
1,<environment.Job instance at 0x7fc1d5e5ac30>,34,12,[4 9],35,84,96,49,67
1,<environment.Job instance at 0x7fc1d63017d0>,2,18,[10  1],3,96,114,93,85
1,<environment.Job instance at 0x7fc1d5e5aaf0>,32,16,[10  1],33,114,130,81,106
1,<environment.Job instance at 0x7fc21c129cd0>,45,12,[1 9],46,130,142,84,113
1,<environment.Job instance at 0x7fc1d5e5ab90>,39,18,[3 8],40,142,160,102,134
1,<environment.Job instance at 0x7fc21c1291e0>,47,12,[ 3 10],48,160,172,112,145
1,<environment.Job instance at 0x7fc21c469050>,57,2,[1 5],58,172,174,114,165
1,<environment.Job instance at 0x7fc1d5e5a0f0>,27,15,[ 3 10],28,174,189,146,170
1,<environment.Job instance at 0x7fc21c0c6b90>,61,19,[5 5],62,189,208,127,179
1,<environment.Job instance at 0x7fc21c0c69b0>,65,12,[10  3],66,208,220,142,208
1,<environment.Job instance at 0x7fc1d5f17cd0>,73,14,[5 6],74,240,254,166,240
1,<environment.Job instance at 0x7fc1d5f17460>,74,15,[6 4],75,254,269,179,244
1,<environment.Job instance at 0x7fc1d59b65f0>,0,3,[4 8],1,3,6,2,3
1,<environment.Job instance at 0x7fc219aa6050>,8,1,[8 3],9,27,28,18,27
1,<environment.Job instance at 0x7fc219aa69b0>,11,1,[4 8],12,28,29,16,27
1,<environment.Job instance at 0x7fc219aa65f0>,12,17,[5 9],13,34,51,21,34
1,<environment.Job instance at 0x7fc219aa6870>,9,18,[5 1],10,41,59,31,41
1,<environment.Job instance at 0x7fc219a8d550>,19,16,[5 1],20,51,67,31,41
1,<environment.Job instance at 0x7fc219a8d820>,21,12,[4 8],22,59,71,37,44
1,<environment.Job instance at 0x7fc219a8d4b0>,18,16,[8 5],19,71,87,52,58
1,<environment.Job instance at 0x7fc21c0bfa00>,32,15,[ 5 10],33,87,102,54,80
1,<environment.Job instance at 0x7fc2199605f0>,35,12,[3 5],36,102,114,66,85
1,<environment.Job instance at 0x7fc21c0a6eb0>,37,14,[6 2],38,102,116,64,89
1,<environment.Job instance at 0x7fc21c09b5f0>,46,12,[3 8],47,114,126,67,99
1,<environment.Job instance at 0x7fc219dcc870>,1,15,[10  1],2,126,141,124,116
1,<environment.Job instance at 0x7fc1d5e24c80>,51,12,[ 4 10],52,141,153,89,129
1,<environment.Job instance at 0x7fc21c2021e0>,48,17,[3 7],49,153,170,104,142
1,<environment.Job instance at 0x7fc1d5e24320>,56,13,[2 9],57,170,183,113,154
1,<environment.Job instance at 0x7fc1d59676e0>,50,18,[9 4],51,183,201,132,176
1,<environment.Job instance at 0x7fc1d5e1e500>,63,17,[6 3],64,201,218,137,190
1,<environment.Job instance at 0x7fc1d5e1e5f0>,69,2,[10  1],70,218,220,148,199
1,<environment.Job instance at 0x7fc1d5e1ea00>,70,14,[5 7],71,220,234,149,206
1,<environment.Job instance at 0x7fc21c2a2c80>,74,15,[9 5],75,234,249,159,222
1,<environment.Job instance at 0x7fc21c2a2b90>,80,15,[9 2],81,249,264,168,235
1,<environment.Job instance at 0x7fc21c2a2d20>,84,13,[1 9],85,264,277,179,248
1,<environment.Job instance at 0x7fc21c2a23c0>,88,3,[3 9],89,277,280,188,260
1,<environment.Job instance at 0x7fc1d5c44a00>,89,13,[9 5],90,280,293,190,265
1,<environment.Job instance at 0x7fc1d5c0e820>,91,17,[3 7],92,293,310,201,283
1,<environment.Job instance at 0x7fc1d5c0ee60>,93,14,[4 6],94,310,324,216,296
1,<environment.Job instance at 0x7fc1d5c0e5f0>,96,12,[5 8],97,324,336,227,307
1,<environment.Job instance at 0x7fc219ca80a0>,102,14,[9 2],103,336,350,233,323
1,<environment.Job instance at 0x7fc219ca85f0>,104,3,[2 7],105,350,353,245,332
1,<environment.Job instance at 0x7fc21c271190>,105,16,[5 1],106,350,366,244,338
1,<environment.Job instance at 0x7fc21c271460>,2,14,[7 1],3,3,17,0,3
1,<environment.Job instance at 0x7fc2197fb5a0>,6,2,[1 6],7,8,10,1,8
1,<environment.Job instance at 0x7fc2197fb870>,9,1,[2 6],10,10,11,0,10
1,<environment.Job instance at 0x7fc2197fbcd0>,8,2,[7 4],9,17,19,8,10
1,<environment.Job instance at 0x7fc21c271c30>,1,14,[9 4],2,19,33,17,11
1,<environment.Job instance at 0x7fc1d5ff0fa0>,13,14,[ 4 10],14,33,47,19,20
1,<environment.Job instance at 0x7fc1d5d62730>,15,13,[10  4],16,47,60,31,33
1,<environment.Job instance at 0x7fc219b4deb0>,23,17,[7 2],24,60,77,36,48
1,<environment.Job instance at 0x7fc219b4d0a0>,27,15,[2 5],28,72,87,44,72
1,<environment.Job instance at 0x7fc220c571e0>,30,12,[8 4],31,77,89,46,72
1,<environment.Job instance at 0x7fc220c57410>,31,14,[ 2 10],32,89,103,57,78
1,<environment.Job instance at 0x7fc21c2c3d70>,34,12,[7 5],35,103,115,68,86
1,<environment.Job instance at 0x7fc21c2c3730>,42,15,[4 5],43,115,130,72,110
1,<environment.Job instance at 0x7fc1d6174230>,45,18,[4 5],46,120,138,74,120
1,<environment.Job instance at 0x7fc1d61742d0>,47,17,[8 3],48,138,155,90,128
1,<environment.Job instance at 0x7fc1d6019af0>,51,15,[3 7],52,155,170,103,141
1,<environment.Job instance at 0x7fc219a0be10>,64,18,[9 2],65,171,189,106,171
1,<environment.Job instance at 0x7fc219dd0a00>,48,14,[9 3],49,189,203,140,175
1,<environment.Job instance at 0x7fc1d5f0a280>,65,18,[10  4],66,203,221,137,198
1,<environment.Job instance at 0x7fc2198e0fa0>,71,17,[8 2],72,221,238,149,209
1,<environment.Job instance at 0x7fc219d37690>,75,12,[5 2],76,238,250,162,228
1,<environment.Job instance at 0x7fc21979abe0>,79,14,[6 4],80,275,289,195,275
1,<environment.Job instance at 0x7fc219a53aa0>,8,2,[4 8],9,9,11,0,9
1,<environment.Job instance at 0x7fc219a534b0>,5,14,[6 4],6,12,26,6,12
1,<environment.Job instance at 0x7fc219a53870>,12,14,[7 1],13,26,40,13,13
1,<environment.Job instance at 0x7fc1d5a6c050>,15,1,[ 1 10],16,40,41,24,33
1,<environment.Job instance at 0x7fc219a53af0>,16,18,[9 2],17,41,59,24,33
1,<environment.Job instance at 0x7fc219d040a0>,22,14,[4 6],23,59,73,36,45
1,<environment.Job instance at 0x7fc219a53c30>,19,17,[4 5],20,73,90,53,62
1,<environment.Job instance at 0x7fc21c143eb0>,32,18,[6 5],33,79,97,46,79
1,<environment.Job instance at 0x7fc1d628ed70>,40,17,[9 5],41,97,114,56,86
1,<environment.Job instance at 0x7fc1d62c52d0>,43,12,[2 8],44,114,126,70,97
1,<environment.Job instance at 0x7fc1d62c5a50>,48,18,[1 8],49,126,144,77,115
1,<environment.Job instance at 0x7fc1d629d640>,51,3,[4 9],52,144,147,92,131
1,<environment.Job instance at 0x7fc1d629d0f0>,52,3,[1 8],53,147,150,94,131
1,<environment.Job instance at 0x7fc1d629d780>,54,13,[3 8],55,150,163,95,134
1,<environment.Job instance at 0x7fc1d629ddc0>,57,16,[2 6],58,163,179,105,150
1,<environment.Job instance at 0x7fc1d59c3320>,58,17,[7 4],59,163,180,104,151
1,<environment.Job instance at 0x7fc1d59c3140>,63,18,[3 7],64,180,198,116,169
1,<environment.Job instance at 0x7fc21c2c3aa0>,17,16,[10  4],18,198,214,180,185
1,<environment.Job instance at 0x7fc1d59a8410>,79,15,[2 8],80,214,229,134,205
1,<environment.Job instance at 0x7fc1d59c67d0>,83,12,[10  3],84,229,241,145,223
1,<environment.Job instance at 0x7fc1d59c6a50>,87,14,[4 5],88,241,255,153,227
1,<environment.Job instance at 0x7fc1d59c6f50>,94,17,[6 3],95,256,273,161,256
1,<environment.Job instance at 0x7fc1d59c66e0>,96,15,[7 3],97,273,288,176,261
1,<environment.Job instance at 0x7fc1d59c61e0>,99,14,[ 1 10],100,288,302,188,282
1,<environment.Job instance at 0x7fc1d599e410>,104,12,[1 9],105,320,332,215,320
1,<environment.Job instance at 0x7fc1d599ec80>,105,16,[10  3],106,332,348,226,320
1,<environment.Job instance at 0x7fc21c675500>,1,14,[8 1],2,2,16,0,2
1,<environment.Job instance at 0x7fc219e37dc0>,4,18,[6 4],5,16,34,11,5
1,<environment.Job instance at 0x7fc21c291190>,2,17,[9 5],3,34,51,31,29
1,<environment.Job instance at 0x7fc219c6cf50>,20,14,[5 7],21,51,65,30,36
1,<environment.Job instance at 0x7fc1d5f52050>,22,2,[6 2],23,65,67,42,38
1,<environment.Job instance at 0x7fc1d62b4aa0>,25,17,[4 6],26,65,82,39,54
1,<environment.Job instance at 0x7fc1d5928c30>,29,3,[ 2 10],30,82,85,52,56
1,<environment.Job instance at 0x7fc1d62a1d70>,34,15,[6 1],35,67,82,32,66
1,<environment.Job instance at 0x7fc1d591be10>,36,17,[5 2],37,85,102,48,73
1,<environment.Job instance at 0x7fc219a20a00>,37,18,[1 7],38,85,103,47,74
1,<environment.Job instance at 0x7fc1d58cbd70>,39,1,[ 4 10],40,103,104,63,75
1,<environment.Job instance at 0x7fc1d58cb3c0>,43,12,[5 8],44,104,116,60,93
1,<environment.Job instance at 0x7fc1d60af870>,44,3,[5 2],45,104,107,59,93
1,<environment.Job instance at 0x7fc1d5dc0870>,46,3,[5 8],47,116,119,69,94
1,<environment.Job instance at 0x7fc1d5dc0050>,49,2,[ 5 10],50,119,121,69,99
1,<environment.Job instance at 0x7fc1d5dc00f0>,51,16,[5 4],52,121,137,69,108
1,<environment.Job instance at 0x7fc1d5dc0d20>,53,14,[3 7],54,137,151,83,122
1,<environment.Job instance at 0x7fc1d5db4320>,60,2,[3 7],61,151,153,90,139
1,<environment.Job instance at 0x7fc1d5db4460>,59,13,[3 8],60,153,166,93,139
1,<environment.Job instance at 0x7fc1d5db4be0>,63,18,[5 5],64,166,184,102,155
1,<environment.Job instance at 0x7fc1d5dc2eb0>,66,16,[5 6],67,184,200,117,171
1,<environment.Job instance at 0x7fc1d5da1f00>,69,13,[4 7],70,200,213,130,186
1,<environment.Job instance at 0x7fc2196c20f0>,73,12,[9 5],74,213,225,139,197
1,<environment.Job instance at 0x7fc2199952d0>,74,18,[ 3 10],75,225,243,150,217
1,<environment.Job instance at 0x7fc2196cad20>,77,17,[3 7],78,243,260,165,231
1,<environment.Job instance at 0x7fc1d60a1e60>,81,13,[6 3],82,244,257,162,244
1,<environment.Job instance at 0x7fc219986780>,85,15,[1 9],86,260,275,174,251
1,<environment.Job instance at 0x7fc1d5eeb410>,92,2,[10  3],93,275,277,182,261
1,<environment.Job instance at 0x7fc2199b2910>,93,13,[7 4],94,277,290,183,261
1,<environment.Job instance at 0x7fc2199b2820>,94,3,[3 5],95,277,280,182,261
1,<environment.Job instance at 0x7fc2196d5410>,75,14,[5 8],76,290,304,214,276
1,<environment.Job instance at 0x7fc2199b2460>,99,13,[5 1],100,296,309,196,296
1,<environment.Job instance at 0x7fc219996910>,1,17,[6 1],2,21,38,19,21
1,<environment.Job instance at 0x7fc219b64050>,9,18,[2 5],10,25,43,15,25
1,<environment.Job instance at 0x7fc21c45d2d0>,14,3,[5 4],15,38,41,23,25
1,<environment.Job instance at 0x7fc1d61b7af0>,6,14,[8 5],7,41,55,34,27
1,<environment.Job instance at 0x7fc1d5ff0960>,20,2,[3 7],21,55,57,34,42
1,<environment.Job instance at 0x7fc219c35e10>,21,12,[9 4],22,57,69,35,43
1,<environment.Job instance at 0x7fc219b64820>,8,18,[8 4],9,69,87,60,61
1,<environment.Job instance at 0x7fc219dbd550>,24,3,[4 7],25,87,90,62,62
1,<environment.Job instance at 0x7fc219a6e3c0>,38,12,[9 1],39,91,103,52,91
1,<environment.Job instance at 0x7fc219a6ea50>,35,16,[5 5],36,103,119,67,92
1,<environment.Job instance at 0x7fc219a6e0f0>,43,2,[6 4],44,119,121,75,92
1,<environment.Job instance at 0x7fc220ebaa50>,45,12,[5 7],46,121,133,75,106
1,<environment.Job instance at 0x7fc219a6e1e0>,42,18,[9 2],43,133,151,90,122
1,<environment.Job instance at 0x7fc1d62fe370>,53,14,[8 3],54,151,165,97,137
1,<environment.Job instance at 0x7fc219b4d140>,50,17,[10  5],51,165,182,114,154
1,<environment.Job instance at 0x7fc219e377d0>,58,14,[10  3],59,182,196,123,167
1,<environment.Job instance at 0x7fc219966dc0>,62,18,[3 6],63,196,214,133,185
1,<environment.Job instance at 0x7fc21c299c80>,66,2,[9 3],67,214,216,147,197
1,<environment.Job instance at 0x7fc1d5c7c1e0>,70,15,[5 9],71,216,231,145,202
1,<environment.Job instance at 0x7fc1d5c7c500>,72,17,[5 3],73,231,248,158,219
1,<environment.Job instance at 0x7fc21c469230>,73,18,[4 6],74,231,249,157,221
1,<environment.Job instance at 0x7fc21c469640>,75,14,[1 5],76,249,263,173,234
1,<environment.Job instance at 0x7fc21c469be0>,76,16,[7 4],77,249,265,172,236
1,<environment.Job instance at 0x7fc21c31ddc0>,80,16,[7 5],81,265,281,184,252
1,<environment.Job instance at 0x7fc1d58cf910>,88,14,[3 7],89,281,295,192,267
1,<environment.Job instance at 0x7fc1d6183690>,92,14,[1 7],93,295,309,202,281
1,<environment.Job instance at 0x7fc1d6183aa0>,93,16,[10  5],94,309,325,215,298
1,<environment.Job instance at 0x7fc1d630a460>,107,12,[8 1],108,325,337,217,308
1,<environment.Job instance at 0x7fc1d630a0a0>,2,3,[2 8],3,3,6,0,3
1,<environment.Job instance at 0x7fc219c02d20>,5,14,[4 5],6,11,25,5,11
1,<environment.Job instance at 0x7fc219c02050>,10,1,[10  2],11,25,26,14,12
1,<environment.Job instance at 0x7fc21be88d70>,11,15,[4 5],12,26,41,14,14
1,<environment.Job instance at 0x7fc21be88be0>,14,13,[6 3],15,26,39,11,15
1,<environment.Job instance at 0x7fc21be88b90>,16,12,[3 9],17,41,53,24,24
1,<environment.Job instance at 0x7fc21be88c80>,18,18,[2 9],19,53,71,34,53
1,<environment.Job instance at 0x7fc21be88500>,20,14,[3 9],21,71,85,50,56
1,<environment.Job instance at 0x7fc1d5942280>,24,3,[4 7],25,85,88,60,73
1,<environment.Job instance at 0x7fc1d5942460>,26,16,[7 1],27,88,104,61,76
1,<environment.Job instance at 0x7fc21be88410>,21,16,[ 4 10],22,104,120,82,91
1,<environment.Job instance at 0x7fc1d59426e0>,35,16,[5 2],36,120,136,84,107
1,<environment.Job instance at 0x7fc1d5942fa0>,40,14,[3 8],41,120,134,79,108
1,<environment.Job instance at 0x7fc1d5942b40>,44,17,[4 9],45,136,153,91,124
1,<environment.Job instance at 0x7fc1d5af57d0>,46,13,[7 5],47,153,166,106,145
1,<environment.Job instance at 0x7fc1d5af5e10>,48,2,[6 4],49,166,168,117,145
1,<environment.Job instance at 0x7fc1d5af53c0>,49,18,[9 4],50,168,186,118,160
1,<environment.Job instance at 0x7fc1d5af5820>,54,17,[5 2],55,186,203,131,176
1,<environment.Job instance at 0x7fc1d5af5c30>,60,12,[3 8],61,186,198,125,177
1,<environment.Job instance at 0x7fc1d5af5a50>,63,17,[9 1],64,203,220,139,191
1,<environment.Job instance at 0x7fc21c35ba50>,68,2,[9 5],69,220,222,151,208
1,<environment.Job instance at 0x7fc21c35bdc0>,69,18,[ 3 10],70,222,240,152,212
1,<environment.Job instance at 0x7fc21c35bb90>,72,14,[9 2],73,240,254,167,235
1,<environment.Job instance at 0x7fc21c35b6e0>,73,17,[8 4],74,254,271,180,243
1,<environment.Job instance at 0x7fc21c35b0f0>,77,17,[8 2],78,271,288,193,259
1,<environment.Job instance at 0x7fc1d5a7e2d0>,80,15,[8 3],81,288,303,207,274
1,<environment.Job instance at 0x7fc1d5a7eaa0>,86,12,[10  1],87,303,315,216,291
1,<environment.Job instance at 0x7fc1d5a7e0f0>,89,16,[10  3],90,315,331,225,305
1,<environment.Job instance at 0x7fc1d5a7eb90>,96,14,[5 9],97,331,345,234,316
1,<environment.Job instance at 0x7fc1d5a4d4b0>,0,1,[7 1],1,1,2,0,1
1,<environment.Job instance at 0x7fc1d61832d0>,2,17,[7 4],3,3,20,0,3
1,<environment.Job instance at 0x7fc219733e10>,3,14,[2 7],4,20,34,16,9
1,<environment.Job instance at 0x7fc219733140>,7,14,[7 2],8,20,34,12,11
1,<environment.Job instance at 0x7fc1d6128a00>,11,3,[7 5],12,34,37,22,15
1,<environment.Job instance at 0x7fc1d61281e0>,9,17,[1 7],10,37,54,27,25
1,<environment.Job instance at 0x7fc1d61280f0>,16,15,[4 7],17,54,69,37,40
1,<environment.Job instance at 0x7fc1d5f7caf0>,6,17,[10  4],7,69,86,62,58
1,<environment.Job instance at 0x7fc1d5d8fbe0>,26,13,[4 6],27,86,99,59,73
1,<environment.Job instance at 0x7fc1d6128230>,27,18,[6 1],28,86,104,58,77
1,<environment.Job instance at 0x7fc219b5aaf0>,31,12,[ 5 10],32,104,116,72,87
1,<environment.Job instance at 0x7fc219b5a3c0>,33,14,[9 2],34,116,130,82,102
1,<environment.Job instance at 0x7fc1d5f53640>,40,13,[4 7],41,130,143,89,118
1,<environment.Job instance at 0x7fc219753460>,43,12,[5 5],44,143,155,99,128
1,<environment.Job instance at 0x7fc2197532d0>,44,14,[1 7],45,155,169,110,140
1,<environment.Job instance at 0x7fc219753410>,48,18,[4 6],49,169,187,120,158
1,<environment.Job instance at 0x7fc219753e60>,52,14,[5 6],53,187,201,134,172
1,<environment.Job instance at 0x7fc1d59d6cd0>,56,17,[ 2 10],57,201,218,144,191
1,<environment.Job instance at 0x7fc1d6128a50>,12,18,[ 1 10],13,218,236,205,209
1,<environment.Job instance at 0x7fc1d59d6640>,64,14,[5 8],65,248,262,183,248
1,<environment.Job instance at 0x7fe98fcb4370>,4,13,[3 6],5,6,19,1,6
1,<environment.Job instance at 0x7fe98fcb4690>,8,17,[1 8],9,19,36,10,11
1,<environment.Job instance at 0x7fe9950c4280>,0,17,[6 1],1,12,29,11,12
1,<environment.Job instance at 0x7fe98fcb47d0>,9,12,[8 2],10,29,41,19,20
1,<environment.Job instance at 0x7fe98fcb4d70>,17,12,[5 1],18,50,62,32,50
1,<environment.Job instance at 0x7fe98fcb4a50>,13,18,[5 9],14,50,68,36,50
1,<environment.Job instance at 0x7fe98fcb7640>,26,12,[8 5],27,68,80,41,51
1,<environment.Job instance at 0x7fe98fcb7cd0>,34,14,[1 9],35,99,113,64,99
1,<environment.Job instance at 0x7fe98fcb7f50>,38,2,[6 1],39,99,101,60,99
1,<environment.Job instance at 0x7fe9950c4190>,2,14,[ 2 10],3,113,127,110,99
1,<environment.Job instance at 0x7fe98fcb7f00>,39,14,[9 4],40,127,141,87,125
1,<environment.Job instance at 0x7fe98fcb9370>,44,3,[5 1],45,141,144,96,125
1,<environment.Job instance at 0x7fe98fcb9550>,46,2,[3 5],47,141,143,94,125
1,<environment.Job instance at 0x7fe98fcb93c0>,48,12,[9 2],49,144,156,95,129
1,<environment.Job instance at 0x7fe98fcb9be0>,53,3,[2 9],54,156,159,102,146
1,<environment.Job instance at 0x7fe98fcb9f50>,55,12,[2 6],56,159,171,103,147
1,<environment.Job instance at 0x7fe98fcb4f50>,21,18,[9 4],22,171,189,149,162
1,<environment.Job instance at 0x7fe98fcb9460>,47,13,[ 3 10],48,189,202,141,173
1,<environment.Job instance at 0x7fe98fcbba50>,68,14,[6 4],69,202,216,133,187
1,<environment.Job instance at 0x7fe98fcbbd70>,72,18,[3 5],73,202,220,129,200
1,<environment.Job instance at 0x7fe98fcbbaf0>,69,14,[9 4],70,220,234,150,206
1,<environment.Job instance at 0x7fe98fcbd2d0>,78,14,[6 1],79,234,248,155,224
1,<environment.Job instance at 0x7fe98fcbb870>,76,13,[10  1],77,248,261,171,232
1,<environment.Job instance at 0x7fe98fcbd910>,88,16,[4 9],89,261,277,172,251
1,<environment.Job instance at 0x7fe98fcbdaf0>,91,18,[5 4],92,277,295,185,273
1,<environment.Job instance at 0x7fe98fcbdd70>,95,3,[8 5],96,295,298,199,277
1,<environment.Job instance at 0x7fe98fcbde10>,96,18,[2 6],97,298,316,201,291
1,<environment.Job instance at 0x7fe98fcc2690>,102,13,[9 4],103,316,329,213,305
1,<environment.Job instance at 0x7fe98fcc2870>,105,16,[7 5],106,329,345,223,318
1,<environment.Job instance at 0x7fe98fcc2c30>,111,17,[6 4],112,345,362,233,333
1,<environment.Job instance at 0x7fe98fcc2eb0>,115,2,[1 6],116,345,347,229,343
1,<environment.Job instance at 0x7fe98fccf0a0>,1,3,[1 6],2,2,5,0,2
1,<environment.Job instance at 0x7fe98fccf050>,2,18,[7 5],3,5,23,2,5
1,<environment.Job instance at 0x7fe98fccf370>,9,13,[5 5],10,23,36,13,10
1,<environment.Job instance at 0x7fe98fccf320>,11,13,[3 8],12,36,49,24,21
1,<environment.Job instance at 0x7fe98fccfb40>,10,17,[9 5],11,49,66,38,39
1,<environment.Job instance at 0x7fe98fccba50>,27,2,[3 8],28,66,68,38,47
1,<environment.Job instance at 0x7fe98fccbc80>,28,3,[4 8],29,68,71,39,48
1,<environment.Job instance at 0x7fe98fccbe60>,29,17,[5 7],30,71,88,41,59
1,<environment.Job instance at 0x7fe98fcd3780>,36,12,[1 6],37,88,100,51,75
1,<environment.Job instance at 0x7fe98fcd3550>,38,2,[9 1],39,88,90,49,75
1,<environment.Job instance at 0x7fe94a0ac0a0>,39,2,[ 4 10],40,100,102,60,75
1,<environment.Job instance at 0x7fe94a0aca00>,41,12,[5 4],42,102,114,60,85
1,<environment.Job instance at 0x7fe94a0b4e60>,43,2,[9 4],44,94,96,50,94
1,<environment.Job instance at 0x7fe98fccbe10>,26,13,[10  5],27,114,127,87,99
1,<environment.Job instance at 0x7fe98fccbcd0>,21,14,[ 3 10],22,127,141,105,112
1,<environment.Job instance at 0x7fe94a0b4730>,50,17,[4 7],51,141,158,90,130
1,<environment.Job instance at 0x7fe94a0b62d0>,55,17,[5 1],56,141,158,85,136
1,<environment.Job instance at 0x7fe94a0b65a0>,58,2,[5 7],59,158,160,99,136
1,<environment.Job instance at 0x7fe94a0b6e10>,60,17,[3 5],61,160,177,99,148
1,<environment.Job instance at 0x7fe94a0b7fa0>,69,1,[5 3],70,161,162,91,161
1,<environment.Job instance at 0x7fe94a0b7a00>,70,17,[9 5],71,177,194,106,172
1,<environment.Job instance at 0x7fe94a0ad2d0>,75,15,[5 3],76,194,209,118,187
1,<environment.Job instance at 0x7fe94a203cd0>,86,16,[6 5],87,230,246,143,230
1,<environment.Job instance at 0x7fe94a22dd70>,89,15,[5 5],90,246,261,156,233
1,<environment.Job instance at 0x7fe94a1a5960>,92,13,[2 5],93,246,259,153,246
1,<environment.Job instance at 0x7fe94a1a5050>,94,16,[5 6],95,261,277,166,248
1,<environment.Job instance at 0x7fe94a1c6320>,102,15,[8 2],103,330,345,227,330
1,<environment.Job instance at 0x7fe94a1d2cd0>,104,15,[8 5],105,345,360,240,337
1,<environment.Job instance at 0x7fe98fccbbe0>,1,13,[8 1],2,2,15,0,2
1,<environment.Job instance at 0x7fe949f74050>,10,13,[3 5],11,15,28,4,12
1,<environment.Job instance at 0x7fe949f74e10>,14,2,[7 1],15,15,17,0,15
1,<environment.Job instance at 0x7fe949ff30f0>,7,14,[10  3],8,28,42,20,15
1,<environment.Job instance at 0x7fe949f74140>,17,14,[10  5],18,42,56,24,34
1,<environment.Job instance at 0x7fe94a1d2cd0>,3,13,[9 2],4,56,69,52,40
1,<environment.Job instance at 0x7fe98fef6820>,33,13,[8 3],34,69,82,35,53
1,<environment.Job instance at 0x7fe98fe3e640>,37,15,[3 6],38,82,97,44,70
1,<environment.Job instance at 0x7fe98fa265f0>,40,15,[5 8],41,97,112,56,84
1,<environment.Job instance at 0x7fe949efd9b0>,44,16,[7 5],45,112,128,67,103
1,<environment.Job instance at 0x7fe98feaf4b0>,32,18,[3 8],33,128,146,95,117
1,<environment.Job instance at 0x7fe949f14190>,54,12,[8 3],55,146,158,91,132
1,<environment.Job instance at 0x7fe949f7ef50>,58,12,[5 5],59,158,170,99,141
1,<environment.Job instance at 0x7fe9901da0f0>,21,17,[10  2],22,170,187,148,158
1,<environment.Job instance at 0x7fe98fef6550>,30,18,[5 8],31,187,205,156,176
1,<environment.Job instance at 0x7fe98ff183c0>,69,12,[6 3],70,218,230,148,218
1,<environment.Job instance at 0x7fe949f0ff50>,74,15,[2 6],75,239,254,164,239
1,<environment.Job instance at 0x7fe949f0fd70>,75,16,[7 5],76,254,270,178,248
1,<environment.Job instance at 0x7fe98ff02410>,79,18,[5 6],80,270,288,190,259
1,<environment.Job instance at 0x7fe9903d2aa0>,3,3,[4 6],4,4,7,0,4
1,<environment.Job instance at 0x7fe94a33c320>,2,2,[5 3],3,5,7,2,5
1,<environment.Job instance at 0x7fe94a567640>,7,3,[10  5],8,8,11,0,8
1,<environment.Job instance at 0x7fe94a544730>,8,16,[5 2],9,11,27,2,9
1,<environment.Job instance at 0x7fe94a544e10>,9,2,[5 3],10,11,13,1,10
1,<environment.Job instance at 0x7fe94a544960>,10,12,[3 8],11,13,25,2,11
1,<environment.Job instance at 0x7fe94a5444b0>,11,18,[5 8],12,25,43,13,15
1,<environment.Job instance at 0x7fe990446500>,19,18,[5 2],20,27,45,7,26
1,<environment.Job instance at 0x7fe94a542e60>,12,14,[2 8],13,43,57,30,28
1,<environment.Job instance at 0x7fe98fa590f0>,24,17,[6 1],25,45,62,20,33
1,<environment.Job instance at 0x7fe990446e10>,21,15,[5 7],22,62,77,40,48
1,<environment.Job instance at 0x7fe99077d280>,30,15,[1 9],31,77,92,46,64
1,<environment.Job instance at 0x7fe98fb0c190>,33,14,[5 6],34,92,106,58,77
1,<environment.Job instance at 0x7fe98fd876e0>,36,16,[2 9],37,106,122,69,93
1,<environment.Job instance at 0x7fe9907d7fa0>,40,16,[8 5],41,122,138,81,110
1,<environment.Job instance at 0x7fe98fe44820>,44,17,[2 6],45,138,155,93,129
1,<environment.Job instance at 0x7fe98fc9caf0>,48,16,[9 2],49,155,171,106,142
1,<environment.Job instance at 0x7fe9902f4730>,51,16,[4 5],52,171,187,119,159
1,<environment.Job instance at 0x7fe9902f45a0>,55,14,[6 1],56,171,185,115,165
1,<environment.Job instance at 0x7fe98fb0c690>,34,18,[10  5],35,187,205,152,176
1,<environment.Job instance at 0x7fe990273230>,65,13,[7 4],66,205,218,139,189
1,<environment.Job instance at 0x7fe98fd09410>,72,12,[7 5],73,243,255,170,243
1,<environment.Job instance at 0x7fe98fdd4230>,75,17,[ 5 10],76,339,356,263,339
1,<environment.Job instance at 0x7fe98fc98c30>,89,15,[9 5],90,380,395,290,380
1,<environment.Job instance at 0x7fe98fceca50>,91,17,[7 5],92,395,412,303,383
1,<environment.Job instance at 0x7fe9908a2230>,1,15,[7 1],2,2,17,0,2
1,<environment.Job instance at 0x7fe94a27fcd0>,2,3,[8 3],3,17,20,14,3
1,<environment.Job instance at 0x7fe98fa7acd0>,6,2,[ 3 10],7,20,22,13,7
1,<environment.Job instance at 0x7fe94a438870>,12,17,[4 5],13,22,39,9,13
1,<environment.Job instance at 0x7fe94a4387d0>,13,14,[9 3],14,39,53,25,24
1,<environment.Job instance at 0x7fe990157190>,22,16,[10  4],23,53,69,30,42
1,<environment.Job instance at 0x7fe990157e60>,28,1,[9 2],29,75,76,46,75
1,<environment.Job instance at 0x7fe9901573c0>,29,18,[5 8],30,76,94,46,75
1,<environment.Job instance at 0x7fe990157d70>,31,15,[8 1],32,94,109,62,82
1,<environment.Job instance at 0x7fe99021f370>,34,16,[6 1],35,109,125,74,96
1,<environment.Job instance at 0x7fe99021f960>,38,13,[9 1],39,125,138,86,111
1,<environment.Job instance at 0x7fe99021fc30>,44,3,[ 5 10],45,138,141,93,123
1,<environment.Job instance at 0x7fe990157f50>,23,16,[6 5],24,141,157,117,128
1,<environment.Job instance at 0x7fe9900e80f0>,52,17,[8 1],53,157,174,104,146
1,<environment.Job instance at 0x7fe99021f870>,49,18,[1 7],50,157,175,107,150
1,<environment.Job instance at 0x7fe990157cd0>,16,16,[1 9],17,175,191,158,164
1,<environment.Job instance at 0x7fe94a671230>,61,12,[1 6],62,191,203,129,176
1,<environment.Job instance at 0x7fe94a657280>,66,18,[9 3],67,191,209,124,188
1,<environment.Job instance at 0x7fe94a3997d0>,68,16,[1 7],69,203,219,134,190
1,<environment.Job instance at 0x7fe94a399910>,73,17,[4 7],74,219,236,145,207
1,<environment.Job instance at 0x7fe99021f910>,36,18,[ 5 10],37,236,254,199,233
1,<environment.Job instance at 0x7fe94a3aa190>,83,12,[8 2],84,254,266,170,237
1,<environment.Job instance at 0x7fe94a397230>,84,16,[1 5],85,254,270,169,242
1,<environment.Job instance at 0x7fe94a39b1e0>,88,13,[5 5],89,266,279,177,254
1,<environment.Job instance at 0x7fe94a39baa0>,93,14,[6 5],94,279,293,185,265
1,<environment.Job instance at 0x7fe94a39be60>,96,12,[10  1],97,293,305,196,276
1,<environment.Job instance at 0x7fe94a39b6e0>,87,18,[10  5],88,305,323,217,294
1,<environment.Job instance at 0x7fe94a3a2640>,104,1,[3 5],105,323,324,218,295
1,<environment.Job instance at 0x7fe94a3a96e0>,109,13,[4 7],110,324,337,214,322
1,<environment.Job instance at 0x7fe94a3a90a0>,110,16,[10  1],111,337,353,226,324
1,<environment.Job instance at 0x7fe98fe03eb0>,1,13,[10  2],2,2,15,0,2
1,<environment.Job instance at 0x7fe98fc98af0>,2,14,[5 1],3,15,29,12,3
1,<environment.Job instance at 0x7fe94a064a00>,8,3,[ 1 10],9,29,32,20,11
1,<environment.Job instance at 0x7fe94a0643c0>,10,14,[5 8],11,32,46,21,18
1,<environment.Job instance at 0x7fe94a2a96e0>,14,18,[6 2],15,46,64,31,37
1,<environment.Job instance at 0x7fe9908ea500>,25,16,[9 2],26,64,80,38,62
1,<environment.Job instance at 0x7fe9908ea280>,27,15,[9 1],28,80,95,52,66
1,<environment.Job instance at 0x7fe94a2a94b0>,12,18,[6 2],13,95,113,82,85
1,<environment.Job instance at 0x7fe9908eab40>,37,3,[10  1],38,113,116,75,100
1,<environment.Job instance at 0x7fe94a29f0a0>,39,17,[6 2],40,116,133,76,104
1,<environment.Job instance at 0x7fe94a29f370>,41,18,[4 9],42,133,151,91,129
1,<environment.Job instance at 0x7fe94a29fb90>,45,16,[6 2],46,151,167,105,143
1,<environment.Job instance at 0x7fe9902cb1e0>,49,16,[7 4],50,310,326,260,310
1,<environment.Job instance at 0x7fe94a16d5f0>,1,16,[1 6],2,8,24,6,8
1,<environment.Job instance at 0x7fe94a16d190>,0,12,[2 5],1,24,36,23,9
1,<environment.Job instance at 0x7fe9906525f0>,8,12,[7 5],9,24,36,15,11
1,<environment.Job instance at 0x7fe9907c90f0>,15,14,[5 2],16,36,50,20,21
1,<environment.Job instance at 0x7fe98fced1e0>,18,17,[5 4],19,36,53,17,29
1,<environment.Job instance at 0x7fe94a45deb0>,22,12,[8 3],23,53,65,30,39
1,<environment.Job instance at 0x7fe98fececd0>,23,13,[5 6],24,65,78,41,52
1,<environment.Job instance at 0x7fe94a042870>,17,17,[2 6],18,78,95,60,69
1,<environment.Job instance at 0x7fe990607690>,31,18,[4 8],32,95,113,63,86
1,<environment.Job instance at 0x7fe98fc50af0>,39,14,[4 7],40,113,127,73,98
1,<environment.Job instance at 0x7fe9902d8910>,40,16,[10  3],41,127,143,86,114
1,<environment.Job instance at 0x7fe94a498410>,20,16,[9 4],21,143,159,122,130
1,<environment.Job instance at 0x7fe94a24a500>,54,12,[3 7],55,159,171,104,144
1,<environment.Job instance at 0x7fe94a24a6e0>,58,15,[6 2],59,159,174,100,159
1,<environment.Job instance at 0x7fe94a24a140>,59,14,[7 2],60,174,188,114,159
1,<environment.Job instance at 0x7fe94a24a190>,60,18,[1 7],61,171,189,110,169
1,<environment.Job instance at 0x7fe94a24af00>,62,14,[8 5],63,189,203,126,174
1,<environment.Job instance at 0x7fe94a4c96e0>,74,13,[7 3],75,217,230,142,217
1,<environment.Job instance at 0x7fe94a12ce60>,76,12,[5 9],77,230,242,153,217
1,<environment.Job instance at 0x7fe94a4c93c0>,73,18,[ 2 10],74,242,260,168,232
1,<environment.Job instance at 0x7fe99023e190>,85,14,[7 3],86,262,276,176,262
1,<environment.Job instance at 0x7fe98fb6dbe0>,94,14,[4 6],95,276,290,181,275
1,<environment.Job instance at 0x7fe98fb6d690>,95,14,[10  1],96,290,304,194,277
1,<environment.Job instance at 0x7fe98fd3c460>,97,17,[2 7],98,304,321,206,292
1,<environment.Job instance at 0x7fe98fc3c640>,100,15,[6 3],101,308,323,207,308
1,<environment.Job instance at 0x7fe94a0ebeb0>,101,18,[5 9],102,323,341,221,312
1,<environment.Job instance at 0x7fe990236d20>,105,3,[6 4],106,341,344,235,325
1,<environment.Job instance at 0x7fe990236050>,108,12,[1 8],109,344,356,235,327
1,<environment.Job instance at 0x7fe99040c5f0>,112,12,[6 2],113,344,356,231,344
1,<environment.Job instance at 0x7fe9902366e0>,113,13,[5 2],114,356,369,242,344
1,<environment.Job instance at 0x7fe99084c550>,115,13,[8 4],116,369,382,253,355
1,<environment.Job instance at 0x7fe9900519b0>,118,12,[5 5],119,387,399,268,387
1,<environment.Job instance at 0x7fe94a57a0a0>,1,1,[9 4],2,4,5,2,4
1,<environment.Job instance at 0x7fe94a54bd70>,11,2,[8 5],12,12,14,0,12
1,<environment.Job instance at 0x7fe990369dc0>,12,2,[5 1],13,14,16,1,13
1,<environment.Job instance at 0x7fe990369a50>,15,17,[6 3],16,22,39,6,22
1,<environment.Job instance at 0x7fe990369460>,14,16,[2 7],15,22,38,7,22
1,<environment.Job instance at 0x7fe990369730>,20,18,[5 6],21,39,57,18,28
1,<environment.Job instance at 0x7fe98fb707d0>,23,3,[10  2],24,57,60,33,41
1,<environment.Job instance at 0x7fe94a33e370>,24,12,[10  2],25,60,72,35,43
1,<environment.Job instance at 0x7fe9903692d0>,16,14,[10  1],17,72,86,55,57
1,<environment.Job instance at 0x7fe9950e8960>,33,1,[5 7],34,86,87,52,83
1,<environment.Job instance at 0x7fe9950e8320>,37,1,[5 3],38,86,87,48,84
1,<environment.Job instance at 0x7fe9950e8870>,38,3,[9 3],39,87,90,48,84
1,<environment.Job instance at 0x7fe9950e83c0>,39,13,[8 5],40,90,103,50,84
1,<environment.Job instance at 0x7fe9950e87d0>,40,1,[10  4],41,103,104,62,85
1,<environment.Job instance at 0x7fe99066e190>,41,2,[2 6],42,104,106,62,85
1,<environment.Job instance at 0x7fe9950e8280>,42,13,[ 3 10],43,106,119,63,91
1,<environment.Job instance at 0x7fe99066e1e0>,43,16,[6 3],44,119,135,75,107
1,<environment.Job instance at 0x7fe99069e230>,51,12,[7 1],52,135,147,83,122
1,<environment.Job instance at 0x7fe9908ae910>,3,2,[7 5],4,4,6,0,4
1,<environment.Job instance at 0x7fe98fcd45f0>,5,17,[8 5],6,6,23,0,6
1,<environment.Job instance at 0x7fe98fb70c30>,6,14,[5 7],7,23,37,16,9
1,<environment.Job instance at 0x7fe99023e230>,4,13,[5 7],5,37,50,32,28
1,<environment.Job instance at 0x7fe94a5dfa00>,18,13,[7 1],19,50,63,31,34
1,<environment.Job instance at 0x7fe94a5ecf00>,19,14,[5 3],20,34,48,14,34
1,<environment.Job instance at 0x7fe94a5df7d0>,16,16,[7 5],17,63,79,46,50
1,<environment.Job instance at 0x7fe94a2fedc0>,10,18,[6 4],11,79,97,68,78
1,<environment.Job instance at 0x7fe94a2bc1e0>,34,18,[6 3],35,97,115,62,86
1,<environment.Job instance at 0x7fe94a5c7be0>,39,15,[4 7],40,105,120,65,105
1,<environment.Job instance at 0x7fe9900b0640>,38,13,[2 7],39,120,133,81,107
1,<environment.Job instance at 0x7fe9904bae10>,44,15,[8 2],45,120,135,75,112
1,<environment.Job instance at 0x7fe94a2c1460>,45,17,[6 4],46,135,152,89,125
1,<environment.Job instance at 0x7fe9904baaa0>,42,17,[5 9],43,152,169,109,144
1,<environment.Job instance at 0x7fe9908b23c0>,56,3,[3 9],57,171,174,114,171
1,<environment.Job instance at 0x7fe9908b2640>,57,3,[5 6],58,174,177,116,171
1,<environment.Job instance at 0x7fe9904c8190>,58,17,[5 3],59,174,191,115,171
1,<environment.Job instance at 0x7fe9904c8820>,54,16,[2 5],55,177,193,122,172
1,<environment.Job instance at 0x7fe949fd9b40>,59,13,[7 1],60,191,204,131,175
1,<environment.Job instance at 0x7fe949fd9b90>,61,1,[2 8],62,193,194,131,176
1,<environment.Job instance at 0x7fe949fd9be0>,64,12,[9 3],65,204,216,139,189
1,<environment.Job instance at 0x7fe949fd9460>,65,2,[7 1],66,216,218,150,189
1,<environment.Job instance at 0x7fe949fd9a50>,66,2,[2 6],67,194,196,127,189
1,<environment.Job instance at 0x7fe949fd9050>,68,15,[3 9],69,216,231,147,205
1,<environment.Job instance at 0x7fe9909d52d0>,75,18,[7 4],76,231,249,155,224
1,<environment.Job instance at 0x7fe9909d5410>,74,15,[10  1],75,249,264,174,236
1,<environment.Job instance at 0x7fe9909d5e60>,82,14,[4 6],83,264,278,181,258
1,<environment.Job instance at 0x7fe9909d5be0>,85,14,[5 9],86,278,292,192,263
1,<environment.Job instance at 0x7fe949f20050>,91,12,[3 8],92,292,304,200,287
1,<environment.Job instance at 0x7fe9909d5b90>,78,18,[ 2 10],79,304,322,225,295
1,<environment.Job instance at 0x7fe949f204b0>,97,12,[3 8],98,322,334,224,308
1,<environment.Job instance at 0x7fe949f205f0>,100,18,[2 9],101,334,352,233,324
1,<environment.Job instance at 0x7fe94a2fabe0>,4,12,[1 5],5,5,17,0,5
1,<environment.Job instance at 0x7fe9909115a0>,0,17,[7 1],1,8,25,7,8
1,<environment.Job instance at 0x7fe98fbf2a00>,9,1,[10  3],10,25,26,15,10
1,<environment.Job instance at 0x7fe9900dad70>,14,13,[5 5],15,26,39,11,15
1,<environment.Job instance at 0x7fe94a309f00>,12,13,[9 3],13,39,52,26,23
1,<environment.Job instance at 0x7fe9902a8690>,16,15,[10  2],17,52,67,35,38
1,<environment.Job instance at 0x7fe99071f460>,24,1,[7 5],25,67,68,42,40
1,<environment.Job instance at 0x7fe98fa98cd0>,26,3,[8 5],27,68,71,41,44
1,<environment.Job instance at 0x7fe949f54a00>,29,18,[8 2],30,71,89,41,60
1,<environment.Job instance at 0x7fe94a12c460>,34,15,[7 2],35,89,104,54,76
1,<environment.Job instance at 0x7fe94a360c80>,37,12,[9 1],38,104,116,66,87
1,<environment.Job instance at 0x7fe990969b40>,40,15,[5 8],41,116,131,75,102
1,<environment.Job instance at 0x7fe9900e6410>,28,16,[10  1],29,131,147,102,118
1,<environment.Job instance at 0x7fe98fb5c960>,55,15,[9 4],56,147,162,91,133
1,<environment.Job instance at 0x7fe94a1b1f50>,60,15,[4 8],61,162,177,101,149
1,<environment.Job instance at 0x7fe9909e2140>,66,3,[1 7],67,177,180,110,159
1,<environment.Job instance at 0x7fe9909e2f50>,65,15,[9 1],66,177,192,111,163
1,<environment.Job instance at 0x7fe94a5c4190>,71,14,[1 5],72,180,194,108,175
1,<environment.Job instance at 0x7fe94a5c4b40>,73,14,[4 9],74,194,208,120,179
1,<environment.Job instance at 0x7fe94a5c4140>,72,18,[ 2 10],73,208,226,135,205
1,<environment.Job instance at 0x7fe94a5c4960>,1,16,[2 7],2,4,20,2,4
1,<environment.Job instance at 0x7fe94a623f00>,4,15,[3 8],5,20,35,15,8
1,<environment.Job instance at 0x7fe94a606410>,9,3,[ 4 10],10,35,38,25,10
1,<environment.Job instance at 0x7fe94a606870>,14,13,[4 6],15,38,51,23,24
1,<environment.Job instance at 0x7fe94a606a00>,16,13,[5 6],17,51,64,34,35
1,<environment.Job instance at 0x7fe94a606c80>,19,15,[5 9],20,64,79,44,50
1,<environment.Job instance at 0x7fe94a6061e0>,8,13,[ 5 10],9,79,92,70,68
1,<environment.Job instance at 0x7fe94a635640>,33,17,[10  3],34,92,109,58,81
1,<environment.Job instance at 0x7fe94a635a00>,36,12,[4 7],37,109,121,72,92
1,<environment.Job instance at 0x7fe94a635b40>,38,17,[3 8],39,121,138,82,112
1,<environment.Job instance at 0x7fe94a635d20>,41,17,[ 2 10],42,138,155,96,128
1,<environment.Job instance at 0x7fe94a635e10>,46,1,[3 9],47,155,156,108,145
1,<environment.Job instance at 0x7fe94a61f280>,48,3,[1 9],49,156,159,107,145
1,<environment.Job instance at 0x7fe94a61f320>,49,15,[6 5],50,159,174,109,145
1,<environment.Job instance at 0x7fe94a61f4b0>,51,3,[9 4],52,174,177,122,161
1,<environment.Job instance at 0x7fe94a61f6e0>,52,13,[9 1],53,177,190,124,161
1,<environment.Job instance at 0x7fe94a606b40>,18,17,[10  4],19,190,207,171,180
1,<environment.Job instance at 0x7fe94a61ffa0>,59,16,[8 5],60,207,223,147,194
1,<environment.Job instance at 0x7fe94a61fd20>,62,18,[4 7],63,223,241,160,213
1,<environment.Job instance at 0x7fe94a6103c0>,65,17,[9 3],66,241,258,175,230
1,<environment.Job instance at 0x7fe94a610960>,73,3,[9 3],74,258,261,184,232
1,<environment.Job instance at 0x7fe94a61fe60>,57,18,[ 3 10],58,261,279,203,250
1,<environment.Job instance at 0x7fe94a6211e0>,84,17,[5 9],85,279,296,194,267
1,<environment.Job instance at 0x7fe94a621410>,87,15,[5 5],88,296,311,208,282
1,<environment.Job instance at 0x7fe94a621550>,89,18,[9 5],90,311,329,221,300
1,<environment.Job instance at 0x7fe94a621960>,92,18,[10  5],93,329,347,236,319
1,<environment.Job instance at 0x7fe94a621d20>,96,14,[4 7],97,347,361,250,332
1,<environment.Job instance at 0x7fe94a621cd0>,98,12,[6 1],99,347,359,248,344
1,<environment.Job instance at 0x7fe94a621d70>,99,12,[5 9],100,361,373,261,345
1,<environment.Job instance at 0x7fe94a621f50>,101,17,[7 2],102,373,390,271,361
1,<environment.Job instance at 0x7fe94a608280>,104,13,[10  1],105,390,403,285,374
1,<environment.Job instance at 0x7fe94a608230>,106,14,[1 5],107,403,417,296,388
1,<environment.Job instance at 0x7fe94a6084b0>,110,2,[5 5],111,403,405,292,388
1,<environment.Job instance at 0x7fe94a608a00>,113,18,[2 6],114,417,435,303,412
1,<environment.Job instance at 0x7fe94a6087d0>,114,18,[8 2],115,413,431,298,413
1,<environment.Job instance at 0x7fe94a608c80>,117,18,[5 2],118,431,449,313,420
1,<environment.Job instance at 0x7fe94a608c30>,118,17,[3 5],119,435,452,316,423
1,<environment.Job instance at 0x7fe94a30ad70>,1,15,[10  5],2,9,24,7,9
1,<environment.Job instance at 0x7fe9904725a0>,8,2,[8 3],9,24,26,15,10
1,<environment.Job instance at 0x7fe94a5362d0>,16,2,[5 5],17,26,28,9,18
1,<environment.Job instance at 0x7fe94a4ebaf0>,11,18,[7 1],12,28,46,16,18
1,<environment.Job instance at 0x7fe949e830f0>,20,3,[8 2],21,46,49,25,21
1,<environment.Job instance at 0x7fe94a5361e0>,22,14,[ 1 10],23,49,63,26,35
1,<environment.Job instance at 0x7fe94a30a960>,0,14,[6 3],1,63,77,62,50
1,<environment.Job instance at 0x7fe949e83640>,32,16,[10  1],33,77,93,44,65
1,<environment.Job instance at 0x7fe9900749b0>,34,12,[4 9],35,93,105,58,76
1,<environment.Job instance at 0x7fe990074be0>,38,15,[10  2],39,105,120,66,91
1,<environment.Job instance at 0x7fe94a39bd20>,42,15,[1 7],43,120,135,77,108
1,<environment.Job instance at 0x7fe94a39b820>,43,17,[6 1],44,120,137,76,108
1,<environment.Job instance at 0x7fe94a39b870>,45,12,[1 9],46,135,147,89,121
1,<environment.Job instance at 0x7fe94a1ebdc0>,49,3,[5 6],50,147,150,97,122
1,<environment.Job instance at 0x7fe94a1eb550>,53,12,[5 9],54,150,162,96,136
1,<environment.Job instance at 0x7fe94a1eba50>,54,16,[1 8],55,162,178,107,149
1,<environment.Job instance at 0x7fe94a48dd20>,63,18,[8 1],64,186,204,122,186
1,<environment.Job instance at 0x7fe94a48d1e0>,72,2,[9 4],73,380,382,307,380
1,<environment.Job instance at 0x7fe990167b90>,1,1,[4 8],2,2,3,0,2
1,<environment.Job instance at 0x7fe9950e4fa0>,2,17,[5 9],3,4,21,1,4
1,<environment.Job instance at 0x7fe94a580be0>,5,15,[4 9],6,21,36,15,7
1,<environment.Job instance at 0x7fe9904a18c0>,8,16,[8 5],9,36,52,27,24
1,<environment.Job instance at 0x7fe99030bc30>,20,13,[5 8],21,52,65,31,36
1,<environment.Job instance at 0x7fe99037e230>,21,12,[10  5],22,65,77,43,51
1,<environment.Job instance at 0x7fe990077dc0>,23,16,[5 8],24,77,93,53,65
1,<environment.Job instance at 0x7fe94a117b90>,38,17,[3 7],39,93,110,54,81
1,<environment.Job instance at 0x7fe94a117e60>,43,14,[ 1 10],44,110,124,66,95
1,<environment.Job instance at 0x7fe94a0b4a50>,51,15,[10  3],52,125,140,73,125
1,<environment.Job instance at 0x7fe949f6b9b0>,52,18,[1 9],53,140,158,87,129
1,<environment.Job instance at 0x7fe94a0b44b0>,54,17,[7 1],55,144,161,89,144
1,<environment.Job instance at 0x7fe94a0b43c0>,57,13,[ 2 10],58,161,174,103,147
1,<environment.Job instance at 0x7fe94a0b42d0>,62,18,[4 9],63,174,192,111,173
1,<environment.Job instance at 0x7fe94a0663c0>,66,18,[8 5],67,192,210,125,181
1,<environment.Job instance at 0x7fe94a066e60>,71,12,[7 1],72,210,222,138,196
1,<environment.Job instance at 0x7fe949f5db90>,75,12,[9 2],76,222,234,146,205
1,<environment.Job instance at 0x7fe949f5d230>,79,13,[9 5],80,234,247,154,223
1,<environment.Job instance at 0x7fe949f5d320>,80,15,[2 8],81,247,262,166,234
1,<environment.Job instance at 0x7fe949f5daa0>,82,14,[1 9],83,262,276,179,248
1,<environment.Job instance at 0x7fe9900d3b90>,84,15,[9 2],85,276,291,191,262
1,<environment.Job instance at 0x7fe9900d30f0>,89,15,[4 6],90,291,306,201,277
1,<environment.Job instance at 0x7fe9900d36e0>,91,13,[5 2],92,291,304,199,277
1,<environment.Job instance at 0x7fe9900d3fa0>,93,14,[9 2],94,306,320,212,292
1,<environment.Job instance at 0x7fe9900d3d70>,98,12,[9 4],99,320,332,221,303
1,<environment.Job instance at 0x7fe99036c370>,1,1,[9 5],2,2,3,0,2
1,<environment.Job instance at 0x7fe9950e4c30>,3,17,[7 2],4,4,21,0,4
1,<environment.Job instance at 0x7fe94a498af0>,12,2,[7 4],13,21,23,8,21
1,<environment.Job instance at 0x7fe98fcb7870>,13,18,[8 3],14,23,41,9,21
1,<environment.Job instance at 0x7fe9900d3370>,2,13,[ 4 10],3,41,54,38,26
1,<environment.Job instance at 0x7fe94a5661e0>,14,12,[7 5],15,54,66,39,37
1,<environment.Job instance at 0x7fe98fc9e370>,25,18,[4 5],26,66,84,40,62
1,<environment.Job instance at 0x7fe98fe67be0>,28,14,[9 3],29,84,98,55,69
1,<environment.Job instance at 0x7fe98fd87cd0>,36,15,[3 5],37,98,113,61,90
1,<environment.Job instance at 0x7fe949ccfaf0>,41,18,[5 5],42,103,121,61,103
1,<environment.Job instance at 0x7fe990236410>,42,15,[ 1 10],43,121,136,78,110
1,<environment.Job instance at 0x7fe94a091dc0>,46,17,[3 5],47,136,153,89,125
1,<environment.Job instance at 0x7fe99040c780>,47,15,[5 9],48,153,168,105,139
1,<environment.Job instance at 0x7fe98fbf99b0>,52,12,[4 6],53,168,180,115,156
1,<environment.Job instance at 0x7fe98fbf9c80>,54,18,[8 4],55,180,198,125,170
1,<environment.Job instance at 0x7fe98fbf9910>,57,17,[2 7],58,198,215,140,188
1,<environment.Job instance at 0x7fe94a4fadc0>,45,18,[10  4],46,215,233,169,204
1,<environment.Job instance at 0x7fe98fc03960>,73,13,[4 6],74,699,712,625,699
1,<environment.Job instance at 0x7fe94a0d0690>,1,3,[8 2],2,3,6,1,3
1,<environment.Job instance at 0x7fe9904aa5a0>,9,14,[3 7],10,11,25,1,11
1,<environment.Job instance at 0x7fe949cedf00>,11,14,[9 4],12,25,39,13,12
1,<environment.Job instance at 0x7fe98ff5dcd0>,13,12,[2 8],14,39,51,25,24
1,<environment.Job instance at 0x7fe949cf2280>,14,18,[6 5],15,51,69,36,41
1,<environment.Job instance at 0x7fe949ec7eb0>,26,3,[ 4 10],27,69,72,42,53
1,<environment.Job instance at 0x7fe98ff0ef00>,27,16,[2 6],28,72,88,44,59
1,<environment.Job instance at 0x7fe98ff0ed20>,30,12,[4 8],31,88,100,57,73
1,<environment.Job instance at 0x7fe98ff0ee60>,31,16,[6 2],32,78,94,46,78
1,<environment.Job instance at 0x7fe990074e60>,35,3,[4 7],36,100,103,64,88
1,<environment.Job instance at 0x7fe990074730>,38,17,[2 5],39,121,138,82,121
1,<environment.Job instance at 0x7fe98fae60f0>,46,3,[7 1],47,140,143,93,140
1,<environment.Job instance at 0x7fe98fae69b0>,44,18,[2 9],45,140,158,95,140
1,<environment.Job instance at 0x7fe9901b7aa0>,10,17,[9 5],11,158,175,147,147
1,<environment.Job instance at 0x7fe98fd05190>,57,14,[4 5],58,175,189,117,164
1,<environment.Job instance at 0x7fe995001b40>,69,14,[ 1 10],70,235,249,165,235
1,<environment.Job instance at 0x7fe98fc04410>,50,17,[2 7],51,249,266,198,243
1,<environment.Job instance at 0x7fe990051e10>,75,16,[10  3],76,266,282,190,253
1,<environment.Job instance at 0x7fe9900515f0>,78,2,[5 1],79,264,266,185,264
1,<environment.Job instance at 0x7fe990051cd0>,76,18,[8 3],77,282,300,205,271
1,<environment.Job instance at 0x7fe990051910>,80,15,[9 4],81,300,315,219,286
1,<environment.Job instance at 0x7fe990789870>,93,18,[10  5],94,319,337,225,319
1,<environment.Job instance at 0x7fe9907890f0>,95,12,[9 4],96,337,349,241,322
1,<environment.Job instance at 0x7fe94a313460>,100,14,[5 7],101,349,363,248,337
1,<environment.Job instance at 0x7fe94a3131e0>,102,2,[6 2],103,363,365,260,338
1,<environment.Job instance at 0x7fe98fbe9c80>,105,17,[4 6],106,363,380,257,357
1,<environment.Job instance at 0x7fe98fbe93c0>,109,3,[ 2 10],110,380,383,270,367
1,<environment.Job instance at 0x7fe98fbe90f0>,110,18,[7 3],111,383,401,272,377
1,<environment.Job instance at 0x7fe9950edb90>,116,17,[5 2],117,401,418,284,389
1,<environment.Job instance at 0x7fe99062df00>,117,18,[1 7],118,397,415,279,397
1,<environment.Job instance at 0x7fe94a1c2eb0>,82,17,[9 5],83,418,435,335,407
1,<environment.Job instance at 0x7fe94a2d8050>,1,2,[8 3],2,2,4,0,2
1,<environment.Job instance at 0x7fe94a580640>,3,12,[5 8],4,5,17,1,5
1,<environment.Job instance at 0x7fe94a3f32d0>,5,3,[ 1 10],6,17,20,11,6
1,<environment.Job instance at 0x7fe94a3f3320>,6,3,[5 8],7,20,23,13,7
1,<environment.Job instance at 0x7fe94a3f3e10>,7,15,[6 1],8,23,38,15,11
1,<environment.Job instance at 0x7fe9900955f0>,9,2,[ 5 10],10,38,40,28,17
1,<environment.Job instance at 0x7fe9907a2640>,20,2,[3 7],21,23,25,2,23
1,<environment.Job instance at 0x7fe94a3f3f00>,11,16,[5 4],12,40,56,28,27
1,<environment.Job instance at 0x7fe9907a2960>,26,16,[5 6],27,42,58,15,42
1,<environment.Job instance at 0x7fe9907a25a0>,24,16,[10  2],25,58,74,33,47
1,<environment.Job instance at 0x7fe9907a28c0>,29,13,[4 7],30,74,87,44,58
1,<environment.Job instance at 0x7fe98fbcb460>,34,18,[ 3 10],35,87,105,52,76
1,<environment.Job instance at 0x7fe98fbcb1e0>,36,14,[5 5],37,105,119,68,90
1,<environment.Job instance at 0x7fe94a20caf0>,41,13,[6 3],42,119,132,77,103
1,<environment.Job instance at 0x7fe94a01b960>,45,15,[1 9],46,132,147,86,118
1,<environment.Job instance at 0x7fe94a01b6e0>,53,13,[7 4],54,147,160,93,131
1,<environment.Job instance at 0x7fe94a3f34b0>,12,18,[2 9],13,160,178,147,149
1,<environment.Job instance at 0x7fe94a01be60>,59,13,[5 1],60,160,173,100,149
1,<environment.Job instance at 0x7fe94a01b0a0>,2,2,[6 1],3,3,5,0,3
1,<environment.Job instance at 0x7fe94a20c730>,8,14,[10  3],9,9,23,0,9
1,<environment.Job instance at 0x7fe949d2e910>,11,12,[3 5],12,23,35,11,12
1,<environment.Job instance at 0x7fe949fa0aa0>,13,16,[5 8],14,35,51,21,22
1,<environment.Job instance at 0x7fe98ff60be0>,20,15,[5 9],21,51,66,30,37
1,<environment.Job instance at 0x7fe9904240a0>,25,14,[1 5],26,66,80,40,52
1,<environment.Job instance at 0x7fe94a00a870>,26,16,[7 4],27,66,82,39,54
1,<environment.Job instance at 0x7fe99067aeb0>,30,16,[7 5],31,82,98,51,70
1,<environment.Job instance at 0x7fe94a239140>,37,3,[9 3],38,98,101,60,84
1,<environment.Job instance at 0x7fe98fff15a0>,38,14,[3 7],39,101,115,62,86
1,<environment.Job instance at 0x7fe990167e60>,42,14,[1 7],43,115,129,72,100
1,<environment.Job instance at 0x7fe98fd40050>,45,2,[5 5],46,129,131,83,117
1,<environment.Job instance at 0x7fe99000a370>,46,17,[7 1],47,131,148,84,119
1,<environment.Job instance at 0x7fe94a04fe60>,57,12,[8 1],58,148,160,90,134
1,<environment.Job instance at 0x7fe94a00a3c0>,1,2,[9 4],2,2,4,0,2
1,<environment.Job instance at 0x7fe94a5808c0>,9,18,[ 3 10],10,12,30,2,12
1,<environment.Job instance at 0x7fe949fa0190>,12,14,[9 2],13,30,44,17,15
1,<environment.Job instance at 0x7fe949ca4eb0>,3,17,[9 1],4,44,61,40,32
1,<environment.Job instance at 0x7fe949fa0d20>,13,17,[8 4],14,61,78,47,49
1,<environment.Job instance at 0x7fe98fe2d190>,15,18,[9 4],16,78,96,62,76
1,<environment.Job instance at 0x7fe94a4eb870>,34,15,[4 9],35,96,111,61,84
1,<environment.Job instance at 0x7fe9907d5230>,44,13,[8 2],45,111,124,66,95
1,<environment.Job instance at 0x7fe990331960>,46,12,[7 2],47,124,136,77,107
1,<environment.Job instance at 0x7fe99522e0f0>,23,15,[3 8],24,124,139,100,122
1,<environment.Job instance at 0x7fe949f2a690>,51,16,[5 9],52,139,155,87,127
1,<environment.Job instance at 0x7fe949f2a550>,55,13,[1 5],56,155,168,99,145
1,<environment.Job instance at 0x7fe949f2a500>,52,17,[7 4],53,155,172,102,145
1,<environment.Job instance at 0x7fe949f2a190>,56,17,[10  4],57,172,189,115,160
1,<environment.Job instance at 0x7fe949f2a2d0>,60,14,[2 6],61,189,203,128,176
1,<environment.Job instance at 0x7fe949ecbe60>,64,12,[9 4],65,204,216,139,204
1,<environment.Job instance at 0x7fe949ecbaf0>,62,18,[ 1 10],63,216,234,153,208
1,<environment.Job instance at 0x7fe9907dbe60>,72,18,[10  1],73,234,252,161,224
1,<environment.Job instance at 0x7fe94a48e5f0>,75,1,[10  2],76,252,253,176,237
1,<environment.Job instance at 0x7fe94a48ebe0>,76,13,[4 6],77,253,266,176,238
1,<environment.Job instance at 0x7fe94a48e7d0>,77,18,[6 1],78,253,271,175,242
1,<environment.Job instance at 0x7fe98fc59960>,82,15,[4 7],83,266,281,183,253
1,<environment.Job instance at 0x7fe94a388f50>,87,3,[2 5],88,281,284,193,279
1,<environment.Job instance at 0x7fe94a3882d0>,90,13,[4 7],91,284,297,193,280
1,<environment.Job instance at 0x7fe94a388140>,91,18,[4 6],92,297,315,205,286
1,<environment.Job instance at 0x7fe94a5b9d70>,94,14,[1 7],95,315,329,220,300
1,<environment.Job instance at 0x7fe949d80aa0>,68,17,[9 3],69,315,332,246,304
1,<environment.Job instance at 0x7fe94a65af00>,99,13,[8 2],100,332,345,232,322
1,<environment.Job instance at 0x7fe94a65a320>,102,14,[5 6],103,345,359,242,331
1,<environment.Job instance at 0x7fe98fbf2a00>,108,3,[9 1],109,359,362,250,358
1,<environment.Job instance at 0x7fe94a6701e0>,111,16,[9 3],112,389,405,277,389
1,<environment.Job instance at 0x7fe94a3f3a00>,0,3,[5 9],1,1,4,0,1
1,<environment.Job instance at 0x7fe94a38ae10>,6,3,[3 9],7,8,11,1,8
1,<environment.Job instance at 0x7fe9900a5690>,13,2,[5 4],14,14,16,0,14
1,<environment.Job instance at 0x7fe9900a5190>,14,15,[7 5],15,16,31,1,15
1,<environment.Job instance at 0x7fe9900a5320>,15,14,[7 4],16,31,45,15,17
1,<environment.Job instance at 0x7fe9900a5f50>,18,1,[10  3],19,45,46,26,28
1,<environment.Job instance at 0x7fe9900a5c30>,19,14,[6 4],20,46,60,26,31
1,<environment.Job instance at 0x7fe94a27ddc0>,21,14,[5 5],22,60,74,38,49
1,<environment.Job instance at 0x7fe94a27d9b0>,23,15,[3 8],24,74,89,50,60
1,<environment.Job instance at 0x7fe94a3f38c0>,1,15,[5 5],2,2,17,0,2
1,<environment.Job instance at 0x7fe94a17dc80>,2,3,[10  5],3,17,20,14,3
1,<environment.Job instance at 0x7fe94a17de60>,7,14,[3 8],8,20,34,12,10
1,<environment.Job instance at 0x7fe94a17d820>,4,17,[7 2],5,20,37,15,15
1,<environment.Job instance at 0x7fe94a196f50>,14,1,[6 2],15,37,38,22,16
1,<environment.Job instance at 0x7fe949f30eb0>,20,13,[4 7],21,37,50,16,22
1,<environment.Job instance at 0x7fe94a1acb90>,26,2,[6 4],27,50,52,23,29
1,<environment.Job instance at 0x7fe94a1acc80>,30,13,[1 5],31,50,63,19,34
1,<environment.Job instance at 0x7fe94a1a6b90>,31,3,[3 5],32,34,37,2,34
1,<environment.Job instance at 0x7fe94a1965f0>,12,15,[9 5],13,52,67,39,49
1,<environment.Job instance at 0x7fe94a1ac9b0>,27,18,[3 6],28,67,85,39,56
1,<environment.Job instance at 0x7fe94a1a6e10>,40,12,[9 1],41,85,97,44,68
1,<environment.Job instance at 0x7fe94a1a6dc0>,44,18,[2 6],45,97,115,52,88
1,<environment.Job instance at 0x7fe94a1870f0>,47,3,[7 2],48,99,102,51,99
1,<environment.Job instance at 0x7fe94a187e60>,48,17,[2 8],49,115,132,66,103
1,<environment.Job instance at 0x7fe94a187a00>,53,2,[ 3 10],54,132,134,78,105
1,<environment.Job instance at 0x7fe94a187410>,54,3,[ 2 10],55,134,137,79,108
1,<environment.Job instance at 0x7fe94a187910>,56,3,[9 5],57,137,140,80,119
1,<environment.Job instance at 0x7fe94a1870a0>,60,3,[2 7],61,140,143,79,119
1,<environment.Job instance at 0x7fe94a187e10>,61,2,[6 4],62,143,145,81,119
1,<environment.Job instance at 0x7fe94a187a50>,62,3,[10  5],63,145,148,82,119
1,<environment.Job instance at 0x7fe949f25aa0>,64,2,[9 3],65,148,150,83,121
1,<environment.Job instance at 0x7fe949f25320>,67,16,[8 2],68,150,166,82,137
1,<environment.Job instance at 0x7fe949f25910>,71,13,[8 5],72,166,179,94,150
1,<environment.Job instance at 0x7fddfc1e2370>,1,3,[ 2 10],2,2,5,0,2
1,<environment.Job instance at 0x7fddf4dd25a0>,6,15,[2 8],7,10,25,3,10
1,<environment.Job instance at 0x7fddfc1e20f0>,2,14,[ 2 10],3,25,39,22,12
1,<environment.Job instance at 0x7fddf4dd2dc0>,17,12,[5 1],18,39,51,21,26
1,<environment.Job instance at 0x7fddf4dd2f00>,20,3,[10  5],21,51,54,30,50
1,<environment.Job instance at 0x7fddf4dd5140>,21,18,[9 4],22,54,72,32,50
1,<environment.Job instance at 0x7fddf4dd5690>,26,12,[8 5],27,72,84,45,55
1,<environment.Job instance at 0x7fddf4dd2d20>,16,18,[7 3],17,84,102,67,75
1,<environment.Job instance at 0x7fddf4dd5eb0>,37,14,[5 8],38,102,116,64,100
1,<environment.Job instance at 0x7fddf4dd5f00>,39,14,[9 4],40,116,130,76,102
1,<environment.Job instance at 0x7fddf4dd5d70>,35,16,[1 9],36,130,146,94,124
1,<environment.Job instance at 0x7fddf4dd7410>,45,15,[7 5],46,146,161,100,134
1,<environment.Job instance at 0x7fddf4dd7c80>,54,18,[7 1],55,161,179,106,150
1,<environment.Job instance at 0x7fddf4dd92d0>,58,17,[3 7],59,161,178,102,154
1,<environment.Job instance at 0x7fddf4dd90f0>,63,12,[5 3],64,179,191,115,163
1,<environment.Job instance at 0x7fddf4dd7460>,47,13,[ 3 10],48,191,204,143,175
1,<environment.Job instance at 0x7fddf4dd99b0>,69,14,[9 4],70,204,218,134,189
1,<environment.Job instance at 0x7fddf4dd9140>,67,16,[1 9],68,218,234,150,206
1,<environment.Job instance at 0x7fddf4ddc050>,78,14,[6 1],79,218,232,139,206
1,<environment.Job instance at 0x7fddf4ddc730>,85,15,[1 7],86,234,249,148,223
1,<environment.Job instance at 0x7fddf4ddc7d0>,86,3,[6 3],87,234,237,147,223
1,<environment.Job instance at 0x7fddf4ddc870>,87,18,[7 1],88,237,255,149,226
1,<environment.Job instance at 0x7fddf4dd27d0>,13,18,[5 9],14,255,273,241,244
1,<environment.Job instance at 0x7fddf4ddce10>,96,18,[2 6],97,273,291,176,266
1,<environment.Job instance at 0x7fddf4ddcaf0>,91,18,[5 4],92,273,291,181,270
1,<environment.Job instance at 0x7fddf4ddf640>,102,13,[9 4],103,291,304,188,280
1,<environment.Job instance at 0x7fddf4ddf870>,105,16,[7 5],106,304,320,198,291
1,<environment.Job instance at 0x7fddf4ddfc30>,111,17,[6 4],112,320,337,208,309
1,<environment.Job instance at 0x7fddf4ddfcd0>,112,12,[1 6],113,320,332,207,309
1,<environment.Job instance at 0x7fddf4ddf9b0>,107,18,[5 5],108,337,355,229,326
1,<environment.Job instance at 0x7fddf4dc9050>,122,18,[7 5],123,355,373,232,344
1,<environment.Job instance at 0x7fddf4dee050>,3,2,[ 5 10],4,4,6,0,4
1,<environment.Job instance at 0x7fddf4dee460>,4,12,[5 4],5,6,18,1,5
1,<environment.Job instance at 0x7fddf4dee320>,9,1,[5 5],10,10,11,0,10
1,<environment.Job instance at 0x7fddf4deeaa0>,10,2,[7 5],11,18,20,7,11
1,<environment.Job instance at 0x7fddf4dee5f0>,8,3,[4 6],9,11,14,2,11
1,<environment.Job instance at 0x7fddf4dee4b0>,11,14,[ 3 10],12,20,34,8,14
1,<environment.Job instance at 0x7fddf4deed70>,13,1,[2 7],14,34,35,20,15
1,<environment.Job instance at 0x7fddf4deec30>,15,3,[9 2],16,35,38,19,16
1,<environment.Job instance at 0x7fddf4deeeb0>,17,2,[3 8],18,38,40,20,19
1,<environment.Job instance at 0x7fddf4deefa0>,18,3,[4 8],19,40,43,21,19
1,<environment.Job instance at 0x7fddf4dee6e0>,20,12,[5 1],21,38,50,17,21
1,<environment.Job instance at 0x7fddf4debcd0>,25,17,[10  4],26,56,73,30,56
1,<environment.Job instance at 0x7fddf4df1550>,33,2,[9 4],34,76,78,42,76
1,<environment.Job instance at 0x7fddf4df1050>,34,14,[10  5],35,78,92,43,76
1,<environment.Job instance at 0x7fddf4df1230>,35,2,[5 6],36,92,94,56,76
1,<environment.Job instance at 0x7fddb102da50>,40,17,[4 7],41,94,111,53,82
1,<environment.Job instance at 0x7fddb104ef00>,45,17,[5 1],46,99,116,53,99
1,<environment.Job instance at 0x7fddf4deb050>,19,17,[5 7],20,111,128,91,99
1,<environment.Job instance at 0x7fddb104e0f0>,50,17,[3 5],51,128,145,77,116
1,<environment.Job instance at 0x7fddb10508c0>,54,19,[6 2],55,128,147,73,122
1,<environment.Job instance at 0x7fddb1047870>,57,13,[9 5],58,147,160,89,134
1,<environment.Job instance at 0x7fddb1199dc0>,60,17,[9 5],61,160,177,99,148
1,<environment.Job instance at 0x7fddf4de8820>,2,18,[10  4],3,177,195,174,166
1,<environment.Job instance at 0x7fddb11cb4b0>,71,14,[ 1 10],72,195,209,123,186
1,<environment.Job instance at 0x7fddb11cb910>,74,3,[5 6],75,209,212,134,192
1,<environment.Job instance at 0x7fddb11cc9b0>,65,15,[5 3],66,209,224,143,200
1,<environment.Job instance at 0x7fddb11d44b0>,77,2,[10  3],78,224,226,146,211
1,<environment.Job instance at 0x7fddb11d4190>,79,15,[5 5],80,226,241,146,212
1,<environment.Job instance at 0x7fddb11ab230>,82,13,[2 5],83,226,239,143,225
1,<environment.Job instance at 0x7fddb1158be0>,84,16,[5 6],85,241,257,156,229
1,<environment.Job instance at 0x7fddb1158640>,89,17,[8 5],90,269,286,179,269
1,<environment.Job instance at 0x7fddb1158e60>,94,15,[8 5],95,286,301,191,282
1,<environment.Job instance at 0x7fddf4de8d20>,0,2,[4 5],1,5,7,4,5
1,<environment.Job instance at 0x7fddf4dee3c0>,1,17,[10  2],2,8,25,6,8
1,<environment.Job instance at 0x7fddfc35b730>,9,18,[5 2],10,25,43,15,16
1,<environment.Job instance at 0x7fddfc35b6e0>,8,17,[1 5],9,25,42,16,17
1,<environment.Job instance at 0x7fddfc225e60>,17,15,[3 6],18,42,57,24,31
1,<environment.Job instance at 0x7fddb1021140>,24,16,[7 5],25,57,73,32,52
1,<environment.Job instance at 0x7fddb1021370>,26,2,[8 1],27,73,75,46,56
1,<environment.Job instance at 0x7fddfc352c80>,22,15,[9 2],23,75,90,52,61
1,<environment.Job instance at 0x7fddb1021280>,33,15,[7 2],34,90,105,56,76
1,<environment.Job instance at 0x7fddf4baf910>,36,13,[8 2],37,105,118,68,89
1,<environment.Job instance at 0x7fddb107ed70>,39,15,[6 5],40,118,133,78,106
1,<environment.Job instance at 0x7fddb11150a0>,16,17,[8 4],17,133,150,116,121
1,<environment.Job instance at 0x7fddb1034d20>,10,18,[5 8],11,150,168,139,139
1,<environment.Job instance at 0x7fddb107ad70>,48,14,[7 1],49,168,182,119,155
1,<environment.Job instance at 0x7fddb107aa00>,54,15,[2 6],55,168,183,113,157
1,<environment.Job instance at 0x7fddf4bae410>,55,16,[7 5],56,183,199,127,172
1,<environment.Job instance at 0x7fddb1074d20>,59,18,[5 6],60,199,217,139,189
1,<environment.Job instance at 0x7fddb13ba5a0>,1,13,[1 7],2,2,15,0,2
1,<environment.Job instance at 0x7fddf7676640>,2,1,[10  4],3,15,16,12,3
1,<environment.Job instance at 0x7fddb168b460>,3,14,[5 6],4,16,30,12,4
1,<environment.Job instance at 0x7fddb1433fa0>,13,18,[1 6],14,30,48,16,26
1,<environment.Job instance at 0x7fddf4e8b2d0>,17,16,[7 4],18,30,46,12,30
1,<environment.Job instance at 0x7fddf4cb5e60>,18,16,[9 2],19,46,62,27,35
1,<environment.Job instance at 0x7fddb1494140>,6,16,[2 9],7,62,78,55,50
1,<environment.Job instance at 0x7fddf4f1ddc0>,24,12,[8 1],25,62,74,37,52
1,<environment.Job instance at 0x7fddf4c2afa0>,28,3,[2 9],29,78,81,49,54
1,<environment.Job instance at 0x7fddfc20b9b0>,14,17,[2 6],15,81,98,66,69
1,<environment.Job instance at 0x7fddf5117fa0>,32,16,[6 4],33,81,97,48,71
1,<environment.Job instance at 0x7fddf50f3d70>,40,13,[6 2],41,97,110,56,97
1,<environment.Job instance at 0x7fddf76ca730>,42,12,[7 5],43,110,122,67,99
1,<environment.Job instance at 0x7fddf4ee06e0>,46,14,[9 4],47,122,136,75,113
1,<environment.Job instance at 0x7fddf76cad20>,45,17,[ 5 10],46,136,153,90,130
1,<environment.Job instance at 0x7fddf4e80550>,56,14,[2 5],57,153,167,96,153
1,<environment.Job instance at 0x7fddf4e80c30>,60,13,[5 5],61,161,174,100,161
1,<environment.Job instance at 0x7fddf4e80460>,61,17,[7 5],62,174,191,112,162
1,<environment.Job instance at 0x7fddf4f7a190>,70,12,[4 5],71,221,233,150,221
1,<environment.Job instance at 0x7fddf50c3190>,73,15,[6 4],74,221,236,147,221
1,<environment.Job instance at 0x7fddf745d5a0>,75,13,[6 3],76,236,249,160,223
1,<environment.Job instance at 0x7fddf4bd8f00>,77,12,[6 2],78,249,261,171,234
1,<environment.Job instance at 0x7fddf4bd8550>,78,13,[8 3],79,261,274,182,245
1,<environment.Job instance at 0x7fddb14d5b40>,0,3,[2 9],1,4,7,3,4
1,<environment.Job instance at 0x7fddf4e88370>,4,3,[ 5 10],5,7,10,2,6
1,<environment.Job instance at 0x7fddf4ef4410>,10,14,[7 2],11,14,28,3,14
1,<environment.Job instance at 0x7fddf4e3b730>,14,12,[3 9],15,28,40,13,23
1,<environment.Job instance at 0x7fddf4ed7f00>,19,18,[3 8],20,46,64,26,46
1,<environment.Job instance at 0x7fddf4ed79b0>,24,2,[ 5 10],25,64,66,39,53
1,<environment.Job instance at 0x7fddf4ed7230>,25,16,[4 7],26,66,82,40,54
1,<environment.Job instance at 0x7fddf4ed7370>,26,18,[9 3],27,82,100,55,71
1,<environment.Job instance at 0x7fddf4ed7730>,28,16,[1 7],29,82,98,53,75
1,<environment.Job instance at 0x7fddf4e9cbe0>,33,17,[4 7],34,100,117,66,88
1,<environment.Job instance at 0x7fddf4e135f0>,43,12,[8 2],44,117,129,73,100
1,<environment.Job instance at 0x7fddf4e13c80>,44,16,[1 5],45,117,133,72,108
1,<environment.Job instance at 0x7fddf4e13960>,47,18,[10  5],48,133,151,85,122
1,<environment.Job instance at 0x7fddf4bbd0f0>,54,12,[9 3],55,151,163,96,134
1,<environment.Job instance at 0x7fddf78a3640>,57,2,[3 7],58,163,165,105,138
1,<environment.Job instance at 0x7fddb1747dc0>,60,17,[5 6],61,182,199,121,182
1,<environment.Job instance at 0x7fddf78bad20>,70,16,[10  1],71,209,225,138,209
1,<environment.Job instance at 0x7fddf7461f50>,1,18,[ 3 10],2,9,27,7,9
1,<environment.Job instance at 0x7fddf4e9f230>,4,14,[ 1 10],5,27,41,22,15
1,<environment.Job instance at 0x7fddf4c173c0>,10,12,[2 9],11,41,53,30,27
1,<environment.Job instance at 0x7fddb1448dc0>,17,14,[7 2],18,53,67,35,40
1,<environment.Job instance at 0x7fddf4d4f8c0>,21,17,[ 4 10],22,67,84,45,56
1,<environment.Job instance at 0x7fddf4d4ff00>,30,2,[10  4],31,84,86,53,78
1,<environment.Job instance at 0x7fddf4d4f6e0>,31,13,[2 5],32,86,99,54,79
1,<environment.Job instance at 0x7fddf4d4f0f0>,32,14,[2 6],33,99,113,66,84
1,<environment.Job instance at 0x7fddf4d4fc80>,34,18,[6 4],35,86,104,51,86
1,<environment.Job instance at 0x7fddf4c000f0>,36,12,[1 7],37,113,125,76,97
1,<environment.Job instance at 0x7fddf4c00500>,37,17,[8 4],38,125,142,87,114
1,<environment.Job instance at 0x7fddf4c00320>,43,3,[3 8],44,142,145,98,123
1,<environment.Job instance at 0x7fddf4c00280>,45,13,[6 4],46,145,158,99,130
1,<environment.Job instance at 0x7fddf4c0e280>,49,12,[5 2],50,158,170,108,141
1,<environment.Job instance at 0x7fddf4dc5f50>,7,3,[4 6],8,23,26,15,23
1,<environment.Job instance at 0x7fddb13bb230>,1,14,[1 7],2,40,54,38,40
1,<environment.Job instance at 0x7fddf4c2cd20>,18,1,[6 4],19,62,63,43,62
1,<environment.Job instance at 0x7fddf4c2cb40>,20,15,[3 8],21,75,90,54,75
1,<environment.Job instance at 0x7fddf4c2c050>,16,12,[5 9],17,90,102,73,78
1,<environment.Job instance at 0x7fddb11a62d0>,25,14,[7 3],26,102,116,76,92
1,<environment.Job instance at 0x7fddb14940a0>,36,15,[3 6],37,102,117,65,100
1,<environment.Job instance at 0x7fddb1494c80>,35,14,[10  1],36,117,131,81,102
1,<environment.Job instance at 0x7fddb11cdc30>,40,15,[6 3],41,131,146,90,117
1,<environment.Job instance at 0x7fddf77f4910>,37,17,[2 7],38,131,148,93,120
1,<environment.Job instance at 0x7fddb1036d70>,43,18,[3 7],44,148,166,104,138
1,<environment.Job instance at 0x7fddf4cb5320>,51,15,[6 3],52,150,165,98,150
1,<environment.Job instance at 0x7fddf4e70aa0>,52,12,[6 2],53,165,177,112,150
1,<environment.Job instance at 0x7fddb12143c0>,56,13,[6 5],57,177,190,120,161
1,<environment.Job instance at 0x7fddf4cca640>,59,18,[7 4],60,190,208,130,189
1,<environment.Job instance at 0x7fddf4ccab90>,58,12,[5 5],59,208,220,149,191
1,<environment.Job instance at 0x7fddf510ac80>,13,18,[ 2 10],14,220,238,206,209
1,<environment.Job instance at 0x7fddf73a5aa0>,74,16,[2 7],75,238,254,163,233
1,<environment.Job instance at 0x7fddf4d431e0>,75,17,[6 3],76,238,255,162,233
1,<environment.Job instance at 0x7fddb120afa0>,77,3,[ 4 10],78,255,258,177,254
1,<environment.Job instance at 0x7fddf4bac640>,83,3,[10  2],84,311,314,227,311
1,<environment.Job instance at 0x7fddf75adeb0>,1,18,[8 1],2,3,21,1,3
1,<environment.Job instance at 0x7fddf4b97eb0>,4,2,[7 1],5,21,23,16,5
1,<environment.Job instance at 0x7fddb11a6370>,5,3,[2 6],6,7,10,1,7
1,<environment.Job instance at 0x7fddb1036140>,2,15,[3 9],3,22,37,19,22
1,<environment.Job instance at 0x7fddf4f2d780>,11,15,[2 7],12,37,52,25,24
1,<environment.Job instance at 0x7fddf4e1adc0>,16,17,[7 3],17,37,54,20,27
1,<environment.Job instance at 0x7fddf4f2d410>,10,13,[3 8],11,54,67,43,39
1,<environment.Job instance at 0x7fddfc3520a0>,24,18,[5 2],25,54,72,29,54
1,<environment.Job instance at 0x7fddfc352640>,25,14,[10  1],26,72,86,46,57
1,<environment.Job instance at 0x7fddf4e1a730>,18,13,[8 3],19,86,99,67,75
1,<environment.Job instance at 0x7fddf74180a0>,32,12,[5 2],33,99,111,66,82
1,<environment.Job instance at 0x7fddf74187d0>,34,12,[7 2],35,111,123,76,99
1,<environment.Job instance at 0x7fddf74186e0>,30,16,[5 4],31,123,139,92,110
1,<environment.Job instance at 0x7fddf7418a50>,39,18,[ 5 10],40,139,157,99,133
1,<environment.Job instance at 0x7fddf4f2de10>,1,3,[10  5],2,2,5,0,2
1,<environment.Job instance at 0x7fddf4f2ddc0>,2,14,[4 6],3,5,19,2,3
1,<environment.Job instance at 0x7fddf4f2df00>,4,15,[5 5],5,19,34,14,6
1,<environment.Job instance at 0x7fddf4ccaaa0>,8,2,[7 4],9,34,36,25,10
1,<environment.Job instance at 0x7fddfbf95870>,5,14,[5 9],6,36,50,30,21
1,<environment.Job instance at 0x7fddf76d0730>,17,12,[3 8],18,50,62,32,38
1,<environment.Job instance at 0x7fddb1703e10>,18,16,[1 7],19,62,78,43,51
1,<environment.Job instance at 0x7fddf4d5dc30>,26,13,[7 1],27,61,74,34,61
1,<environment.Job instance at 0x7fddf51bd780>,28,13,[2 9],29,78,91,49,63
1,<environment.Job instance at 0x7fddf4cfbfa0>,34,17,[5 1],35,74,91,39,65
1,<environment.Job instance at 0x7fddf4d66dc0>,38,12,[5 5],39,91,103,52,82
1,<environment.Job instance at 0x7fddf76cf140>,40,17,[7 1],41,103,120,62,91
1,<environment.Job instance at 0x7fddf50966e0>,42,15,[3 6],43,103,118,60,99
1,<environment.Job instance at 0x7fddf4d6c5f0>,45,18,[8 2],46,120,138,74,109
1,<environment.Job instance at 0x7fddf5138cd0>,20,18,[2 9],21,138,156,117,130
1,<environment.Job instance at 0x7fddf76e8780>,1,3,[6 5],2,2,5,0,2
1,<environment.Job instance at 0x7fddfc1e20f0>,3,1,[6 5],4,5,6,1,4
1,<environment.Job instance at 0x7fddb90207d0>,4,1,[4 9],5,6,7,1,5
1,<environment.Job instance at 0x7fddf4d99820>,12,15,[ 1 10],13,13,28,0,13
1,<environment.Job instance at 0x7fddf4f5cc30>,7,18,[3 9],8,28,46,20,19
1,<environment.Job instance at 0x7fddb1468c80>,21,17,[4 7],22,46,63,24,34
1,<environment.Job instance at 0x7fddb14a1a00>,23,17,[4 9],24,63,80,39,51
1,<environment.Job instance at 0x7fddf77b3550>,2,14,[4 9],3,80,94,77,66
1,<environment.Job instance at 0x7fddf748a6e0>,32,3,[7 5],33,94,97,61,68
1,<environment.Job instance at 0x7fddb1423280>,36,2,[1 9],37,97,99,60,79
1,<environment.Job instance at 0x7fddb169a2d0>,37,13,[ 5 10],38,99,112,61,83
1,<environment.Job instance at 0x7fddf7a85820>,39,3,[ 4 10],40,112,115,72,93
1,<environment.Job instance at 0x7fddf7a85aa0>,40,18,[8 5],41,115,133,74,104
1,<environment.Job instance at 0x7fddf50edfa0>,18,17,[10  4],19,133,150,114,121
1,<environment.Job instance at 0x7fddb160da50>,43,18,[8 1],44,150,168,106,139
1,<environment.Job instance at 0x7fddb15bcf00>,49,15,[5 9],50,168,183,118,154
1,<environment.Job instance at 0x7fddb15bc9b0>,51,2,[9 4],52,183,185,131,156
1,<environment.Job instance at 0x7fddb15bca50>,57,3,[ 5 10],58,185,188,127,170
1,<environment.Job instance at 0x7fddf4b531e0>,58,2,[3 9],59,188,190,129,171
1,<environment.Job instance at 0x7fddb121d2d0>,60,18,[7 3],61,193,211,132,193
1,<environment.Job instance at 0x7fddf51b0190>,67,15,[6 4],68,218,233,150,218
1,<environment.Job instance at 0x7fddf4e47af0>,68,17,[3 8],69,233,250,164,227
1,<environment.Job instance at 0x7fddf4e470f0>,73,18,[9 2],74,293,311,219,293
1,<environment.Job instance at 0x7fddb13f57d0>,78,3,[1 9],79,311,314,232,307
1,<environment.Job instance at 0x7fddf7903280>,79,15,[6 5],80,314,329,234,307
1,<environment.Job instance at 0x7fddf4d205f0>,82,13,[9 1],83,329,342,246,317
1,<environment.Job instance at 0x7fddb151f780>,87,18,[ 3 10],88,344,362,256,344
1,<environment.Job instance at 0x7fddf51387d0>,98,3,[9 2],99,403,406,304,403
1,<environment.Job instance at 0x7fddf51388c0>,99,15,[5 5],100,409,424,309,409
1,<environment.Job instance at 0x7fddf5138190>,104,3,[3 9],105,424,427,319,415
1,<environment.Job instance at 0x7fddf4eb7d70>,107,3,[1 6],108,427,430,319,415
1,<environment.Job instance at 0x7fddb13a9f00>,1,17,[7 2],2,4,21,2,4
1,<environment.Job instance at 0x7fddf7874c80>,4,13,[10  1],5,21,34,16,6
1,<environment.Job instance at 0x7fddf7aa9a00>,11,17,[3 7],12,34,51,22,34
1,<environment.Job instance at 0x7fddf7aa9be0>,19,13,[4 7],20,51,64,31,38
1,<environment.Job instance at 0x7fddf7aa9460>,20,14,[6 3],21,38,52,17,38
1,<environment.Job instance at 0x7fddf7aa98c0>,21,15,[10  5],22,64,79,42,50
1,<environment.Job instance at 0x7fddf5253c30>,25,12,[5 9],26,79,91,53,62
1,<environment.Job instance at 0x7fddb0f8e0a0>,35,3,[7 3],36,91,94,55,74
1,<environment.Job instance at 0x7fddb0f8e7d0>,38,12,[10  2],39,94,106,55,77
1,<environment.Job instance at 0x7fddb176eeb0>,42,14,[ 1 10],43,106,120,63,92
1,<environment.Job instance at 0x7fddb15bc5f0>,3,16,[3 9],4,120,136,116,108
1,<environment.Job instance at 0x7fddf5132e10>,50,3,[10  4],51,136,139,85,117
1,<environment.Job instance at 0x7fddf78f3910>,51,17,[5 6],52,139,156,87,129
1,<environment.Job instance at 0x7fddf51180f0>,54,12,[4 9],55,156,168,101,145
1,<environment.Job instance at 0x7fddf5132fa0>,53,17,[ 2 10],54,168,185,114,157
1,<environment.Job instance at 0x7fddf5118b40>,65,12,[1 9],66,185,197,119,179
1,<environment.Job instance at 0x7fddf5118be0>,66,13,[8 3],67,197,210,130,183
1,<environment.Job instance at 0x7fddf51189b0>,62,15,[1 7],63,197,212,134,184
1,<environment.Job instance at 0x7fddf5118d20>,68,15,[8 2],69,210,225,141,200
1,<environment.Job instance at 0x7fddf51271e0>,74,16,[1 8],75,215,231,140,215
1,<environment.Job instance at 0x7fddf78f38c0>,47,15,[ 3 10],48,231,246,183,222
1,<environment.Job instance at 0x7fddf51277d0>,81,19,[5 5],82,246,265,164,236
1,<environment.Job instance at 0x7fddf5127cd0>,89,12,[7 1],90,364,376,274,364
1,<environment.Job instance at 0x7fddf5127eb0>,93,14,[5 6],94,376,390,282,372
1,<environment.Job instance at 0x7fddf5111280>,94,15,[6 4],95,390,405,295,378
1,<environment.Job instance at 0x7fddf5115eb0>,0,3,[4 8],1,27,30,26,27
1,<environment.Job instance at 0x7fddf74c5410>,6,18,[7 2],7,30,48,23,27
1,<environment.Job instance at 0x7fddf5115050>,1,15,[10  1],2,48,63,46,35
1,<environment.Job instance at 0x7fddf74eb690>,18,16,[8 5],19,63,79,44,51
1,<environment.Job instance at 0x7fddfc205cd0>,31,12,[10  5],32,79,91,47,64
1,<environment.Job instance at 0x7fddfc2055a0>,33,16,[5 8],34,91,107,57,78
1,<environment.Job instance at 0x7fddfc2057d0>,38,2,[5 5],39,107,109,68,86
1,<environment.Job instance at 0x7fddfc205640>,32,15,[ 5 10],33,109,124,76,96
1,<environment.Job instance at 0x7fddf766a870>,48,17,[3 7],49,124,141,75,118
1,<environment.Job instance at 0x7fddf766a4b0>,51,12,[ 4 10],52,141,153,89,124
1,<environment.Job instance at 0x7fddb1494c30>,56,13,[2 9],57,153,166,96,150
1,<environment.Job instance at 0x7fddf74c55a0>,12,17,[5 9],13,169,186,156,169
1,<environment.Job instance at 0x7fddb1494dc0>,62,18,[1 9],63,188,206,125,188
1,<environment.Job instance at 0x7fddb14a3960>,64,17,[7 1],65,192,209,127,192
1,<environment.Job instance at 0x7fddb14a3910>,67,13,[ 2 10],68,209,222,141,197
1,<environment.Job instance at 0x7fddfc34a7d0>,72,18,[4 9],73,226,244,153,226
1,<environment.Job instance at 0x7fddf51b00a0>,76,18,[8 5],77,244,262,167,235
1,<environment.Job instance at 0x7fddf51b03c0>,81,12,[7 1],82,262,274,180,246
1,<environment.Job instance at 0x7fddb15b4820>,84,13,[1 9],85,262,275,177,248
1,<environment.Job instance at 0x7fddb15b41e0>,89,13,[9 5],90,275,288,185,261
1,<environment.Job instance at 0x7fddb15b4c80>,91,17,[3 7],92,288,305,196,276
1,<environment.Job instance at 0x7fddb15b4320>,93,14,[4 6],94,305,319,211,290
1,<environment.Job instance at 0x7fddb15b4f00>,96,12,[5 8],97,319,331,222,304
1,<environment.Job instance at 0x7fddf50d3410>,101,13,[5 2],102,315,328,213,315
1,<environment.Job instance at 0x7fddf50d3190>,102,14,[9 2],103,331,345,228,316
1,<environment.Job instance at 0x7fddf50d38c0>,103,14,[9 2],104,345,359,241,332
1,<environment.Job instance at 0x7fddfc1b8320>,1,1,[9 5],2,2,3,0,2
1,<environment.Job instance at 0x7fddfc205690>,2,13,[ 4 10],3,3,16,0,3
1,<environment.Job instance at 0x7fddf5115b40>,3,17,[7 2],4,16,33,12,4
1,<environment.Job instance at 0x7fddf739caa0>,10,12,[8 4],11,33,45,22,19
1,<environment.Job instance at 0x7fddb15ea5a0>,6,14,[9 1],7,45,59,38,32
1,<environment.Job instance at 0x7fddb0fab820>,27,17,[8 3],28,59,76,31,48
1,<environment.Job instance at 0x7fddb11df4b0>,11,14,[ 2 10],12,76,90,64,61
1,<environment.Job instance at 0x7fddf4f3c050>,33,2,[4 9],34,90,92,56,73
1,<environment.Job instance at 0x7fddf4f3c870>,36,15,[3 5],37,92,107,55,79
1,<environment.Job instance at 0x7fddf4f3c190>,41,18,[5 5],42,95,113,53,95
1,<environment.Job instance at 0x7fddb16b1500>,13,18,[8 3],14,113,131,99,103
1,<environment.Job instance at 0x7fddb0f625f0>,46,17,[3 5],47,131,148,84,120
1,<environment.Job instance at 0x7fddb0f621e0>,49,1,[10  5],50,148,149,98,129
1,<environment.Job instance at 0x7fddb0f62f50>,47,15,[5 9],48,149,164,101,135
1,<environment.Job instance at 0x7fddb0f622d0>,52,12,[4 6],53,164,176,111,154
1,<environment.Job instance at 0x7fddb0f62690>,55,12,[5 2],56,164,176,108,160
1,<environment.Job instance at 0x7fddb16b1910>,19,18,[ 1 10],20,176,194,156,165
1,<environment.Job instance at 0x7fddf7a4d820>,61,13,[ 5 10],62,194,207,132,191
1,<environment.Job instance at 0x7fddb0f62230>,45,18,[10  4],46,207,225,161,197
1,<environment.Job instance at 0x7fddf7a4d0f0>,66,12,[6 4],67,225,237,158,215
1,<environment.Job instance at 0x7fddb13db5f0>,70,17,[1 5],71,228,245,157,228
1,<environment.Job instance at 0x7fddb13dbaf0>,72,12,[3 7],73,245,257,172,235
1,<environment.Job instance at 0x7fddf4ee3870>,77,18,[7 5],78,258,276,180,258
1,<environment.Job instance at 0x7fddf4ee35f0>,78,12,[1 8],79,276,288,197,260
1,<environment.Job instance at 0x7fddf4cd4640>,1,14,[9 4],2,2,16,0,2
1,<environment.Job instance at 0x7fddb1050730>,7,1,[1 8],8,16,17,8,9
1,<environment.Job instance at 0x7fddb107a910>,14,13,[3 8],15,27,40,12,27
1,<environment.Job instance at 0x7fddb16b7e60>,17,16,[2 6],18,40,56,22,27
1,<environment.Job instance at 0x7fddb16b7500>,18,17,[7 4],19,40,57,21,28
1,<environment.Job instance at 0x7fddf4ee3b90>,4,18,[6 5],5,57,75,52,47
1,<environment.Job instance at 0x7fddf4d23a00>,24,1,[10  5],25,75,76,50,47
1,<environment.Job instance at 0x7fddf77d0dc0>,28,17,[2 5],29,76,93,47,66
1,<environment.Job instance at 0x7fddb11cb370>,37,15,[8 4],38,92,107,54,92
1,<environment.Job instance at 0x7fddf5118690>,0,17,[9 5],1,107,124,106,95
1,<environment.Job instance at 0x7fddb0f2b050>,46,2,[5 5],47,124,126,77,112
1,<environment.Job instance at 0x7fddb1613280>,40,17,[2 7],41,126,143,85,115
1,<environment.Job instance at 0x7fddf793e5f0>,56,15,[7 3],57,170,185,113,170
1,<environment.Job instance at 0x7fddf791a8c0>,65,16,[10  3],66,193,209,127,193
1,<environment.Job instance at 0x7fddf791ad20>,66,18,[8 3],67,209,227,142,198
1,<environment.Job instance at 0x7fddf791afa0>,59,14,[ 1 10],60,227,241,167,212
1,<environment.Job instance at 0x7fddf7947f50>,69,17,[1 9],70,241,258,171,229
1,<environment.Job instance at 0x7fddf73ff960>,74,18,[6 4],75,264,282,189,264
1,<environment.Job instance at 0x7fddf73ebe10>,81,2,[7 1],82,282,284,200,264
1,<environment.Job instance at 0x7fddb0f54b40>,83,18,[10  5],84,284,302,200,274
1,<environment.Job instance at 0x7fddb15c7dc0>,92,2,[6 2],93,302,304,209,287
1,<environment.Job instance at 0x7fddf7725910>,94,13,[3 6],95,302,315,207,298
1,<environment.Job instance at 0x7fddb15b90a0>,97,13,[ 2 10],98,315,328,217,305
1,<environment.Job instance at 0x7fddb15b9640>,100,18,[7 3],101,328,346,227,321
1,<environment.Job instance at 0x7fddf4ea0f00>,106,17,[5 2],107,346,363,239,336
1,<environment.Job instance at 0x7fddf5008c30>,111,2,[8 3],112,363,365,251,361
1,<environment.Job instance at 0x7fddb15a7640>,113,12,[5 8],114,365,377,251,362
1,<environment.Job instance at 0x7fddb15a7460>,114,3,[5 2],115,365,368,250,362
1,<environment.Job instance at 0x7fddb15a74b0>,121,16,[5 4],122,377,393,255,364
1,<environment.Job instance at 0x7fddb15a7dc0>,123,14,[3 7],124,393,407,269,386
1,<environment.Job instance at 0x7fddb15a7af0>,2,2,[8 4],3,3,5,0,3
1,<environment.Job instance at 0x7fddb0fca050>,3,18,[5 5],4,5,23,1,5
1,<environment.Job instance at 0x7fddf51752d0>,5,13,[4 8],6,23,36,17,9
1,<environment.Job instance at 0x7fddb0f8e280>,12,15,[5 5],13,36,51,23,22
1,<environment.Job instance at 0x7fddb12b7a50>,16,14,[5 5],17,38,52,21,38
1,<environment.Job instance at 0x7fddb0f8ee60>,17,17,[3 7],18,52,69,34,43
1,<environment.Job instance at 0x7fddf73d2370>,21,13,[6 3],22,57,70,35,57
1,<environment.Job instance at 0x7fddb0e9c140>,22,3,[3 5],23,69,72,46,57
1,<environment.Job instance at 0x7fddf4c6c370>,25,15,[1 9],26,72,87,46,58
1,<environment.Job instance at 0x7fddb0da69b0>,30,3,[1 7],31,87,90,56,71
1,<environment.Job instance at 0x7fddf4cb04b0>,31,14,[10  5],32,90,104,58,75
1,<environment.Job instance at 0x7fddf4e57460>,14,18,[ 3 10],15,104,122,89,93
1,<environment.Job instance at 0x7fddb10f5d20>,39,13,[5 1],40,122,135,82,107
1,<environment.Job instance at 0x7fddf51272d0>,1,2,[ 3 10],2,2,4,0,2
1,<environment.Job instance at 0x7fddf4cb1c80>,2,1,[1 8],3,4,5,1,4
1,<environment.Job instance at 0x7fddb16f05f0>,4,1,[6 5],5,5,6,0,5
1,<environment.Job instance at 0x7fddb16f0b40>,6,15,[6 4],7,7,22,0,7
1,<environment.Job instance at 0x7fddb16f0b90>,7,3,[9 3],8,22,25,14,8
1,<environment.Job instance at 0x7fddb16f09b0>,9,18,[1 5],10,11,29,1,11
1,<environment.Job instance at 0x7fddb11f0870>,0,16,[7 5],1,25,41,24,13
1,<environment.Job instance at 0x7fddb0e7fa00>,22,3,[3 6],23,41,44,18,33
1,<environment.Job instance at 0x7fddb145a320>,24,1,[1 9],25,44,45,19,35
1,<environment.Job instance at 0x7fddb145ac30>,27,12,[8 1],28,44,56,16,35
1,<environment.Job instance at 0x7fddb1492870>,34,14,[ 1 10],35,63,77,28,63
1,<environment.Job instance at 0x7fddb1492460>,39,12,[7 5],40,77,89,37,66
1,<environment.Job instance at 0x7fddb14924b0>,44,13,[6 3],45,165,178,120,165
1,<environment.Job instance at 0x7fddf4cb1b90>,1,12,[7 4],2,5,17,3,5
1,<environment.Job instance at 0x7fddb11f0dc0>,6,12,[7 2],7,17,29,10,10
1,<environment.Job instance at 0x7fddfc354780>,12,17,[7 4],13,29,46,16,17
1,<environment.Job instance at 0x7fddb0de9230>,17,14,[7 2],18,46,60,28,31
1,<environment.Job instance at 0x7fddf4e96b40>,13,14,[2 7],14,46,60,32,33
1,<environment.Job instance at 0x7fddf76d07d0>,20,14,[2 6],21,60,74,39,48
1,<environment.Job instance at 0x7fddf4e13cd0>,25,18,[6 1],26,60,78,34,54
1,<environment.Job instance at 0x7fddf7b005a0>,16,17,[10  4],17,78,95,61,69
1,<environment.Job instance at 0x7fddb1755fa0>,30,14,[10  1],31,95,109,64,81
1,<environment.Job instance at 0x7fddf73a51e0>,33,15,[7 2],34,109,124,75,95
1,<environment.Job instance at 0x7fddf5013d70>,38,17,[3 6],39,113,130,74,113
1,<environment.Job instance at 0x7fddb15405f0>,41,12,[ 5 10],42,130,142,88,118
1,<environment.Job instance at 0x7fddb1479af0>,43,14,[9 2],44,142,156,98,128
1,<environment.Job instance at 0x7fddf4ee4550>,50,13,[4 7],51,156,169,105,142
1,<environment.Job instance at 0x7fddf4ee4370>,51,18,[4 6],52,169,187,117,158
1,<environment.Job instance at 0x7fddf4ee4a50>,55,13,[10  4],56,187,200,131,173
1,<environment.Job instance at 0x7fddf4ee4c80>,58,18,[4 6],59,200,218,141,196
1,<environment.Job instance at 0x7fddf4ee2a00>,62,14,[5 6],63,218,232,155,207
1,<environment.Job instance at 0x7fddf4ee2be0>,64,15,[9 3],65,232,247,167,219
1,<environment.Job instance at 0x7fddf4ee28c0>,66,17,[ 2 10],67,247,264,180,235
1,<environment.Job instance at 0x7fddf4ee2370>,63,18,[10  1],64,264,282,200,259
1,<environment.Job instance at 0x7fddf51fae60>,71,16,[9 3],72,282,298,210,275
1,<environment.Job instance at 0x7fddb0e435a0>,3,3,[2 7],4,4,7,0,4
1,<environment.Job instance at 0x7fddf5127500>,7,2,[7 5],8,9,11,1,9
1,<environment.Job instance at 0x7fddf5127780>,9,15,[8 4],10,11,26,1,10
1,<environment.Job instance at 0x7fddf4f398c0>,10,12,[4 9],11,26,38,15,11
1,<environment.Job instance at 0x7fddb1602f00>,12,14,[6 3],13,38,52,25,23
1,<environment.Job instance at 0x7fddf770f690>,22,1,[10  1],23,52,53,29,26
1,<environment.Job instance at 0x7fddb14926e0>,31,3,[5 8],32,53,56,21,32
1,<environment.Job instance at 0x7fddf5136320>,35,3,[7 2],36,56,59,20,36
1,<environment.Job instance at 0x7fddb0defcd0>,20,13,[8 5],21,59,72,38,43
1,<environment.Job instance at 0x7fddb0f27500>,40,17,[8 5],41,72,89,31,61
1,<environment.Job instance at 0x7fddb0f275f0>,41,3,[2 5],42,61,64,19,61
1,<environment.Job instance at 0x7fddb0f27140>,42,13,[3 8],43,89,102,46,73
1,<environment.Job instance at 0x7fddf7490050>,45,14,[7 2],46,89,103,43,86
1,<environment.Job instance at 0x7fddb156cfa0>,47,16,[2 5],48,102,118,54,89
1,<environment.Job instance at 0x7fddb151cfa0>,48,15,[5 5],49,103,118,54,92
1,<environment.Job instance at 0x7fddf77ddb90>,36,15,[9 4],37,118,133,81,108
1,<environment.Job instance at 0x7fddf77dd320>,37,18,[5 9],38,133,151,95,126
1,<environment.Job instance at 0x7fddb16e55f0>,63,13,[5 5],64,151,164,87,147
1,<environment.Job instance at 0x7fddf76d2af0>,69,15,[8 4],70,164,179,94,150
1,<environment.Job instance at 0x7fddf76d2960>,70,13,[4 5],71,151,164,80,150
1,<environment.Job instance at 0x7fddf7506cd0>,72,3,[10  5],73,179,182,106,162
1,<environment.Job instance at 0x7fddf7506690>,74,17,[7 2],75,182,199,107,171
1,<environment.Job instance at 0x7fddb14ddaa0>,77,14,[3 8],78,182,196,104,171
1,<environment.Job instance at 0x7fddf74f56e0>,87,17,[3 5],88,243,260,155,243
1,<environment.Job instance at 0x7fddb14b4370>,90,13,[4 7],91,260,273,169,245
1,<environment.Job instance at 0x7fddf78fde60>,100,13,[1 5],101,273,286,172,271
1,<environment.Job instance at 0x7fddf78fd2d0>,103,17,[6 1],104,271,288,167,271
1,<environment.Job instance at 0x7fddf4e9f0f0>,4,2,[9 3],5,9,11,4,9
1,<environment.Job instance at 0x7fddf5132190>,11,13,[8 5],12,12,25,0,12
1,<environment.Job instance at 0x7fddb0e06870>,5,13,[4 8],6,25,38,19,14
1,<environment.Job instance at 0x7fddf5132690>,20,12,[5 2],21,25,37,4,24
1,<environment.Job instance at 0x7fddb0e06910>,7,16,[8 2],8,38,54,30,25
1,<environment.Job instance at 0x7fddf7518fa0>,24,13,[9 1],25,54,67,29,38
1,<environment.Job instance at 0x7fddf5132410>,12,18,[ 5 10],13,70,88,57,70
1,<environment.Job instance at 0x7fddb0e39820>,35,12,[5 4],36,88,100,52,72
1,<environment.Job instance at 0x7fddb0e39c80>,38,18,[7 1],39,100,118,61,90
1,<environment.Job instance at 0x7fddb0e39280>,40,12,[8 1],41,118,130,77,105
1,<environment.Job instance at 0x7fddb0e39460>,42,15,[5 7],43,130,145,87,116
1,<environment.Job instance at 0x7fddb0e39550>,47,16,[6 1],48,145,161,97,132
1,<environment.Job instance at 0x7fddb160a780>,50,18,[6 2],51,161,179,110,151
1,<environment.Job instance at 0x7fddb160ad20>,51,15,[4 5],52,151,166,99,151
1,<environment.Job instance at 0x7fddf5132e60>,3,14,[7 2],4,5,19,1,5
1,<environment.Job instance at 0x7fddf4b821e0>,5,2,[5 9],6,19,21,13,6
1,<environment.Job instance at 0x7fddf5291870>,11,14,[5 7],12,21,35,9,12
1,<environment.Job instance at 0x7fddf4b79140>,6,15,[2 9],7,35,50,28,23
1,<environment.Job instance at 0x7fddf5291050>,12,18,[5 7],13,50,68,37,40
1,<environment.Job instance at 0x7fddb14fdcd0>,19,18,[8 4],20,68,86,48,58
1,<environment.Job instance at 0x7fddb14fd9b0>,24,12,[5 4],25,86,98,61,72
1,<environment.Job instance at 0x7fddb14fd5a0>,27,14,[3 8],28,98,112,70,87
1,<environment.Job instance at 0x7fddb16e3aa0>,33,12,[6 1],34,104,116,70,104
1,<environment.Job instance at 0x7fddb16e3320>,34,14,[2 9],35,112,126,77,107
1,<environment.Job instance at 0x7fddf787ab40>,7,17,[3 8],8,126,143,118,115
1,<environment.Job instance at 0x7fddf78f0eb0>,36,18,[9 5],37,143,161,106,133
1,<environment.Job instance at 0x7fddf78f0f50>,43,15,[ 4 10],44,161,176,117,147
1,<environment.Job instance at 0x7fddf78f0d20>,49,13,[3 6],50,176,189,126,160
1,<environment.Job instance at 0x7fddf766e730>,53,17,[ 4 10],54,189,206,135,177
1,<environment.Job instance at 0x7fddf766e960>,60,18,[7 5],61,206,224,145,195
1,<environment.Job instance at 0x7fddf766ee60>,63,12,[1 5],64,207,219,143,207
1,<environment.Job instance at 0x7fddf78ff820>,67,13,[2 9],68,224,237,156,210
1,<environment.Job instance at 0x7fddf766ea00>,56,16,[ 1 10],57,237,253,180,225
1,<environment.Job instance at 0x7fddf78ffaa0>,76,17,[6 1],77,253,270,176,242
1,<environment.Job instance at 0x7fddf78ff960>,77,1,[1 5],78,253,254,175,242
1,<environment.Job instance at 0x7fddf78ffeb0>,78,3,[1 8],79,254,257,175,242
1,<environment.Job instance at 0x7fddf78ff190>,81,18,[ 5 10],82,272,290,190,272
1,<environment.Job instance at 0x7fddf78ff1e0>,85,15,[10  1],86,290,305,204,279
1,<environment.Job instance at 0x7fddf52a5d70>,95,15,[6 2],96,305,320,209,291
1,<environment.Job instance at 0x7fddf52a5410>,97,13,[3 5],98,307,320,209,307
1,<environment.Job instance at 0x7fddf52a5e60>,98,12,[9 5],99,320,332,221,307
1,<environment.Job instance at 0x7fddf5294960>,102,15,[7 5],103,332,347,229,321
1,<environment.Job instance at 0x7fddf5294b90>,106,18,[6 5],107,347,365,240,339
1,<environment.Job instance at 0x7fddf52954b0>,116,15,[8 4],117,365,380,248,352
1,<environment.Job instance at 0x7fddf5295690>,122,3,[10  2],123,380,383,257,365
1,<environment.Job instance at 0x7fddf52951e0>,123,12,[9 4],124,383,395,259,368
1,<environment.Job instance at 0x7f2f9c961370>,1,3,[ 2 10],2,2,5,0,2
1,<environment.Job instance at 0x7f2f95552280>,5,2,[1 6],6,6,8,0,6
1,<environment.Job instance at 0x7f2f9c961190>,0,17,[6 1],1,9,26,8,9
1,<environment.Job instance at 0x7f2f95552370>,4,13,[3 6],5,11,24,6,11
1,<environment.Job instance at 0x7f2f95552640>,11,3,[4 9],12,24,27,12,12
1,<environment.Job instance at 0x7f2f95552f00>,20,3,[10  5],21,50,53,29,50
1,<environment.Job instance at 0x7f2f95555140>,21,18,[9 4],22,53,71,31,50
1,<environment.Job instance at 0x7f2f95555870>,27,17,[4 6],28,71,88,43,59
1,<environment.Job instance at 0x7f2f9c9e9e60>,2,14,[ 2 10],3,88,102,85,73
1,<environment.Job instance at 0x7f2f95555f00>,39,14,[9 4],40,102,116,62,101
1,<environment.Job instance at 0x7f2f95557230>,42,2,[4 7],43,124,126,81,124
1,<environment.Job instance at 0x7f2f955572d0>,43,12,[4 5],44,126,138,82,124
1,<environment.Job instance at 0x7f2f95557370>,44,3,[5 1],45,124,127,79,124
1,<environment.Job instance at 0x7f2f955573c0>,48,12,[9 2],49,138,150,89,128
1,<environment.Job instance at 0x7f2f95552d20>,16,18,[7 3],17,150,168,133,142
1,<environment.Job instance at 0x7f2f95557fa0>,56,3,[8 4],57,168,171,111,150
1,<environment.Job instance at 0x7f2f95555d70>,35,16,[1 9],36,171,187,135,160
1,<environment.Job instance at 0x7f2f95559460>,63,12,[5 3],64,187,199,123,170
1,<environment.Job instance at 0x7f2f95559960>,68,14,[6 4],69,199,213,130,186
1,<environment.Job instance at 0x7f2f955596e0>,67,16,[1 9],68,213,229,145,202
1,<environment.Job instance at 0x7f2f9555c4b0>,81,14,[8 5],82,229,243,147,214
1,<environment.Job instance at 0x7f2f9555c640>,86,3,[6 3],87,243,246,156,225
1,<environment.Job instance at 0x7f2f9555c780>,88,16,[4 9],89,246,262,157,236
1,<environment.Job instance at 0x7f2f9555caf0>,91,18,[5 4],92,262,280,170,252
1,<environment.Job instance at 0x7f2f9555ccd0>,94,1,[ 5 10],95,280,281,185,255
1,<environment.Job instance at 0x7f2f9555cd70>,95,3,[8 5],96,281,284,185,255
1,<environment.Job instance at 0x7f2f95560370>,100,2,[5 9],101,284,286,183,272
1,<environment.Job instance at 0x7f2f9555ce10>,96,18,[2 6],97,286,304,189,275
1,<environment.Job instance at 0x7f2f955605a0>,101,15,[2 7],102,304,319,202,294
1,<environment.Job instance at 0x7f2f95560730>,103,16,[1 9],104,319,335,215,310
1,<environment.Job instance at 0x7f2f95560e10>,114,1,[9 2],115,335,336,220,320
1,<environment.Job instance at 0x7f2f95560eb0>,115,2,[1 6],116,335,337,219,320
1,<environment.Job instance at 0x7f2f9c9af500>,116,12,[8 4],117,336,348,219,321
1,<environment.Job instance at 0x7f2f95560d70>,113,17,[5 1],114,348,365,234,340
1,<environment.Job instance at 0x7f2f95549190>,123,3,[10  1],124,365,368,241,359
1,<environment.Job instance at 0x7f2f95545a50>,129,13,[5 5],130,368,381,238,362
1,<environment.Job instance at 0x7f2f95549050>,122,18,[7 5],123,381,399,258,370
1,<environment.Job instance at 0x7f2f95600d20>,134,12,[5 4],135,399,411,264,382
1,<environment.Job instance at 0x7f2f95575050>,3,1,[2 7],4,5,6,1,5
1,<environment.Job instance at 0x7f2f955664b0>,1,14,[ 3 10],2,7,21,5,7
1,<environment.Job instance at 0x7f2f955757d0>,7,2,[3 8],8,21,23,13,8
1,<environment.Job instance at 0x7f2f95575640>,8,3,[4 8],9,23,26,14,9
1,<environment.Job instance at 0x7f2f955758c0>,19,2,[ 4 10],20,26,28,6,21
1,<environment.Job instance at 0x7f2f9556df00>,23,2,[9 4],24,42,44,18,42
1,<environment.Job instance at 0x7f2f95575910>,9,17,[5 7],10,44,61,34,42
1,<environment.Job instance at 0x7f2f95571050>,28,2,[8 1],29,61,63,32,43
1,<environment.Job instance at 0x7f2f955710f0>,29,14,[ 5 10],30,63,77,33,48
1,<environment.Job instance at 0x7f2f9556d960>,24,14,[10  5],25,77,91,52,62
1,<environment.Job instance at 0x7f2f95571960>,36,3,[10  3],37,91,94,54,72
1,<environment.Job instance at 0x7f2f955717d0>,37,16,[8 4],38,94,110,56,81
1,<environment.Job instance at 0x7f2f95571dc0>,42,1,[8 3],43,110,111,67,96
1,<environment.Job instance at 0x7f2f517cf7d0>,43,3,[2 5],44,96,99,52,96
1,<environment.Job instance at 0x7f2f519305a0>,46,17,[9 1],47,111,128,64,99
1,<environment.Job instance at 0x7f2f51930d20>,49,1,[5 3],50,128,129,78,108
1,<environment.Job instance at 0x7f2f51955690>,51,3,[9 5],52,129,132,77,110
1,<environment.Job instance at 0x7f2f51930af0>,50,17,[9 5],51,132,149,81,122
1,<environment.Job instance at 0x7f2f51955410>,56,3,[7 5],57,149,152,92,136
1,<environment.Job instance at 0x7f2f51955f50>,57,2,[5 3],58,152,154,94,136
1,<environment.Job instance at 0x7f2f51955960>,61,14,[ 1 10],62,154,168,92,146
1,<environment.Job instance at 0x7f2f519319b0>,62,3,[8 2],63,168,171,105,146
1,<environment.Job instance at 0x7f2f51931960>,64,3,[5 6],65,171,174,106,152
1,<environment.Job instance at 0x7f2f519531e0>,66,16,[6 5],67,174,190,107,165
1,<environment.Job instance at 0x7f2f51953500>,67,2,[10  3],68,190,192,122,165
1,<environment.Job instance at 0x7f2f51953640>,71,17,[3 6],72,192,209,120,185
1,<environment.Job instance at 0x7f2f518d9460>,73,1,[4 8],74,209,210,135,186
1,<environment.Job instance at 0x7f2f518d9f00>,74,16,[5 6],75,210,226,135,210
1,<environment.Job instance at 0x7f2f518d8dc0>,80,3,[4 8],81,226,229,145,217
1,<environment.Job instance at 0x7f2f518d8820>,81,3,[5 3],82,217,220,135,217
1,<environment.Job instance at 0x7f2f518d81e0>,82,15,[8 2],83,229,244,146,217
1,<environment.Job instance at 0x7f2f518d8640>,83,18,[5 1],84,244,262,160,233
1,<environment.Job instance at 0x7f2f9556d1e0>,4,16,[7 5],5,5,21,0,5
1,<environment.Job instance at 0x7f2f9556c280>,8,13,[8 4],9,21,34,12,9
1,<environment.Job instance at 0x7f2f9556d5a0>,10,2,[4 9],11,34,36,23,16
1,<environment.Job instance at 0x7f2f9553c9b0>,17,1,[1 5],18,19,20,1,19
1,<environment.Job instance at 0x7f2f9553cdc0>,18,12,[5 5],19,36,48,17,20
1,<environment.Job instance at 0x7f2f51806f00>,20,1,[7 2],21,48,49,27,29
1,<environment.Job instance at 0x7f2f9556d9b0>,2,15,[9 2],3,49,64,46,36
1,<environment.Job instance at 0x7f2f959f40f0>,23,17,[7 4],24,64,81,40,52
1,<environment.Job instance at 0x7f2f51843820>,29,12,[6 3],30,99,111,69,99
1,<environment.Job instance at 0x7f2f5192f780>,34,15,[2 6],35,109,124,74,109
1,<environment.Job instance at 0x7f2f9bdbc870>,39,18,[5 6],40,150,168,110,150
1,<environment.Job instance at 0x7f2f955662d0>,1,3,[3 8],2,2,5,0,2
1,<environment.Job instance at 0x7f2f51a35190>,2,16,[6 4],3,5,21,2,3
1,<environment.Job instance at 0x7f2f9c100730>,5,13,[7 4],6,21,34,15,6
1,<environment.Job instance at 0x7f2f9bf5a320>,12,12,[7 5],13,34,46,21,24
1,<environment.Job instance at 0x7f2f9c0bc7d0>,16,14,[9 4],17,46,60,29,31
1,<environment.Job instance at 0x7f2f9c0b0dc0>,21,1,[3 6],22,60,61,38,41
1,<environment.Job instance at 0x7f2f95330a00>,25,3,[8 5],26,64,67,38,64
1,<environment.Job instance at 0x7f2f95330d70>,26,14,[2 5],27,64,78,37,64
1,<environment.Job instance at 0x7f2f95566190>,0,12,[10  5],1,78,90,77,68
1,<environment.Job instance at 0x7f2f51b39fa0>,31,17,[7 5],32,90,107,58,79
1,<environment.Job instance at 0x7f2f95912a50>,37,13,[3 7],38,108,121,70,108
1,<environment.Job instance at 0x7f2f953ad5a0>,40,12,[4 5],41,124,136,83,124
1,<environment.Job instance at 0x7f2f9565c230>,47,12,[6 2],48,152,164,104,152
1,<environment.Job instance at 0x7f2f9565c460>,48,13,[8 3],49,164,177,115,153
1,<environment.Job instance at 0x7f2f9561cb90>,56,3,[6 4],57,177,180,120,173
1,<environment.Job instance at 0x7f2f9561ce10>,57,3,[3 5],58,177,180,119,173
1,<environment.Job instance at 0x7f2f9567b870>,58,1,[6 5],59,180,181,121,173
1,<environment.Job instance at 0x7f2f95818b90>,60,13,[5 5],61,181,194,120,173
1,<environment.Job instance at 0x7f2f95818050>,61,15,[7 1],62,194,209,132,180
1,<environment.Job instance at 0x7f2f9c0b0410>,3,12,[8 2],4,7,19,3,7
1,<environment.Job instance at 0x7f2f95a01c30>,14,12,[9 3],15,22,34,7,22
1,<environment.Job instance at 0x7f2f95a01f50>,16,12,[10  1],17,34,46,17,22
1,<environment.Job instance at 0x7f2f959e2a00>,10,13,[10  1],11,46,59,35,32
1,<environment.Job instance at 0x7f2f51e35280>,30,16,[10  1],31,99,115,68,99
1,<environment.Job instance at 0x7f2f95a01050>,0,2,[2 7],1,1,3,0,1
1,<environment.Job instance at 0x7f2f95a01d20>,2,1,[5 9],3,4,5,1,4
1,<environment.Job instance at 0x7f2f9c1a7f00>,6,1,[10  4],7,7,8,0,7
1,<environment.Job instance at 0x7f2f959e25f0>,5,1,[7 2],6,8,9,2,7
1,<environment.Job instance at 0x7f2f9c3acb90>,9,1,[ 2 10],10,10,11,0,10
1,<environment.Job instance at 0x7f2f958ff320>,10,13,[5 8],11,11,24,0,11
1,<environment.Job instance at 0x7f2f958ff780>,11,3,[3 5],12,24,27,12,12
1,<environment.Job instance at 0x7f2f9c3acf50>,12,12,[4 7],13,27,39,14,13
1,<environment.Job instance at 0x7f2f958ff230>,13,15,[6 2],14,24,39,10,14
1,<environment.Job instance at 0x7f2f958ff410>,14,1,[6 4],15,39,40,24,15
1,<environment.Job instance at 0x7f2f958ff550>,17,14,[1 9],18,40,54,22,33
1,<environment.Job instance at 0x7f2f9bf7c370>,28,12,[7 5],29,54,66,25,42
1,<environment.Job instance at 0x7f2f9bf7c960>,29,12,[1 9],30,66,78,36,52
1,<environment.Job instance at 0x7f2f95614cd0>,36,12,[6 4],37,78,90,41,63
1,<environment.Job instance at 0x7f2f9c355c30>,40,16,[9 4],41,90,106,49,78
1,<environment.Job instance at 0x7f2f955bba50>,48,14,[4 5],49,106,120,57,100
1,<environment.Job instance at 0x7f2f9c518f50>,49,14,[9 4],50,120,134,70,106
1,<environment.Job instance at 0x7f2f95520e10>,55,2,[ 2 10],56,134,136,78,123
1,<environment.Job instance at 0x7f2f955209b0>,57,13,[4 7],58,136,149,78,129
1,<environment.Job instance at 0x7f2f95520b40>,58,13,[ 3 10],59,149,162,90,134
1,<environment.Job instance at 0x7f2f9c45f5a0>,60,16,[10  3],61,162,178,101,149
1,<environment.Job instance at 0x7f2f95520410>,61,17,[10  5],62,178,195,116,166
1,<environment.Job instance at 0x7f2f9540ad70>,75,12,[3 7],76,195,207,119,178
1,<environment.Job instance at 0x7f2f9540ac30>,78,15,[6 2],79,195,210,116,182
1,<environment.Job instance at 0x7f2f9540ae10>,77,16,[2 7],78,207,223,129,194
1,<environment.Job instance at 0x7f2f9543a140>,88,16,[8 4],89,223,239,134,221
1,<environment.Job instance at 0x7f2f9540a6e0>,80,18,[1 7],81,239,257,158,238
1,<environment.Job instance at 0x7f2f9c3b4e60>,100,15,[3 8],101,286,301,185,286
1,<environment.Job instance at 0x7f2f9be70b90>,115,14,[10  1],116,317,331,201,317
1,<environment.Job instance at 0x7f2f9c4b5190>,116,15,[3 6],117,331,346,214,317
1,<environment.Job instance at 0x7f2f9c084910>,118,15,[5 5],119,346,361,227,334
1,<environment.Job instance at 0x7f2f9c326f50>,121,18,[5 9],122,361,379,239,350
1,<environment.Job instance at 0x7f2f9c320190>,128,12,[1 8],129,379,391,250,365
1,<environment.Job instance at 0x7f2f9c20a6e0>,132,12,[6 2],133,379,391,246,374
1,<environment.Job instance at 0x7f2f9c20a190>,133,13,[5 2],134,391,404,257,375
1,<environment.Job instance at 0x7f2f9c22c730>,136,13,[6 5],137,404,417,267,389
1,<environment.Job instance at 0x7f2f51d97a00>,2,2,[3 6],3,3,5,0,3
1,<environment.Job instance at 0x7f2f519ba3c0>,15,17,[6 3],16,21,38,5,21
1,<environment.Job instance at 0x7f2f519ba050>,17,3,[ 4 10],18,38,41,20,21
1,<environment.Job instance at 0x7f2f9c32a2d0>,18,2,[2 5],19,21,23,2,21
1,<environment.Job instance at 0x7f2f9c32a0a0>,19,12,[7 5],20,41,53,21,24
1,<environment.Job instance at 0x7f2f519ba820>,16,14,[10  1],17,53,67,36,39
1,<environment.Job instance at 0x7f2f9c1ac5a0>,23,3,[10  2],24,67,70,43,41
1,<environment.Job instance at 0x7f2f51cbf140>,26,13,[9 1],27,70,83,43,54
1,<environment.Job instance at 0x7f2f51d9c370>,29,14,[5 1],30,83,97,53,68
1,<environment.Job instance at 0x7f2f952cdd70>,35,1,[9 5],36,97,98,61,80
1,<environment.Job instance at 0x7f2f957b0550>,39,13,[8 5],40,98,111,58,87
1,<environment.Job instance at 0x7f2f9c14d460>,41,2,[2 6],42,88,90,46,88
1,<environment.Job instance at 0x7f2f9c14d960>,43,16,[6 3],44,111,127,67,98
1,<environment.Job instance at 0x7f2f9c14da00>,45,13,[4 7],46,114,127,68,114
1,<environment.Job instance at 0x7f2f51cbf7d0>,21,17,[2 9],22,127,144,105,115
1,<environment.Job instance at 0x7f2f95a53370>,7,2,[10  5],8,9,11,1,9
1,<environment.Job instance at 0x7f2f9540a640>,8,17,[9 2],9,11,28,2,10
1,<environment.Job instance at 0x7f2f51b9be10>,9,14,[7 5],10,28,42,18,25
1,<environment.Job instance at 0x7f2f959e29b0>,12,18,[5 3],13,52,70,39,52
1,<environment.Job instance at 0x7f2f955a3410>,16,3,[10  3],17,70,73,53,52
1,<environment.Job instance at 0x7f2f955a34b0>,19,15,[4 7],20,54,69,34,54
1,<environment.Job instance at 0x7f2f955a3960>,23,18,[5 5],24,73,91,49,63
1,<environment.Job instance at 0x7f2f955a3280>,25,17,[6 4],26,91,108,65,79
1,<environment.Job instance at 0x7f2f51e96730>,29,13,[8 4],30,108,121,78,92
1,<environment.Job instance at 0x7f2f95509a00>,34,16,[2 5],35,118,134,83,118
1,<environment.Job instance at 0x7f2f95509e60>,37,3,[5 6],38,134,137,96,120
1,<environment.Job instance at 0x7f2f95509460>,35,13,[ 5 10],36,137,150,101,123
1,<environment.Job instance at 0x7f2f955094b0>,43,16,[7 2],44,150,166,106,138
1,<environment.Job instance at 0x7f2f955ecd70>,47,18,[2 6],48,150,168,102,148
1,<environment.Job instance at 0x7f2f955ecf50>,49,12,[10  4],50,168,180,118,157
1,<environment.Job instance at 0x7f2f517a6eb0>,54,15,[10  1],55,180,195,125,166
1,<environment.Job instance at 0x7f2f517a84b0>,59,13,[5 8],60,195,208,135,179
1,<environment.Job instance at 0x7f2f51e96f00>,28,18,[ 3 10],29,208,226,179,199
1,<environment.Job instance at 0x7f2f517a8c30>,70,13,[7 3],71,226,239,155,210
1,<environment.Job instance at 0x7f2f517a8730>,73,18,[6 4],74,239,257,165,229
1,<environment.Job instance at 0x7f2f517a8d20>,74,18,[9 1],75,257,275,182,248
1,<environment.Job instance at 0x7f2f517a89b0>,78,16,[1 7],79,260,276,181,260
1,<environment.Job instance at 0x7f2f517d23c0>,80,18,[2 9],81,276,294,195,266
1,<environment.Job instance at 0x7f2f517d27d0>,86,13,[7 1],87,276,289,189,276
1,<environment.Job instance at 0x7f2f517d20f0>,88,13,[2 9],89,294,307,205,284
1,<environment.Job instance at 0x7f2f517d2fa0>,100,17,[7 1],101,303,320,202,303
1,<environment.Job instance at 0x7f2f518a30f0>,101,17,[7 4],102,320,337,218,312
1,<environment.Job instance at 0x7f2f955a3460>,1,2,[4 7],2,2,4,0,2
1,<environment.Job instance at 0x7f2f518a37d0>,2,12,[5 5],3,4,16,1,3
1,<environment.Job instance at 0x7f2f51b9b410>,5,13,[2 6],6,16,29,10,7
1,<environment.Job instance at 0x7f2f51842b90>,7,1,[1 7],8,29,30,21,9
1,<environment.Job instance at 0x7f2f954fe910>,0,15,[5 8],1,30,45,29,17
1,<environment.Job instance at 0x7f2f957f5280>,19,3,[1 9],20,45,48,25,20
1,<environment.Job instance at 0x7f2f95628c80>,15,15,[9 4],16,48,63,32,34
1,<environment.Job instance at 0x7f2f9c989910>,28,16,[6 5],29,63,79,34,55
1,<environment.Job instance at 0x7f2f9c0bf960>,31,14,[1 5],32,56,70,24,56
1,<environment.Job instance at 0x7f2f95374140>,30,15,[7 2],31,79,94,48,65
1,<environment.Job instance at 0x7f2f9bf57870>,23,17,[7 4],24,94,111,70,82
1,<environment.Job instance at 0x7f2f9beaecd0>,37,15,[1 6],38,84,99,46,84
1,<environment.Job instance at 0x7f2f51cb36e0>,42,14,[5 7],43,111,125,68,98
1,<environment.Job instance at 0x7f2f9bfc23c0>,45,3,[6 4],46,125,128,79,112
1,<environment.Job instance at 0x7f2f9547e410>,46,2,[10  1],47,128,130,81,113
1,<environment.Job instance at 0x7f2f9c48a050>,44,16,[4 7],45,130,146,85,121
1,<environment.Job instance at 0x7f2f955fa0a0>,53,1,[6 5],54,146,147,92,121
1,<environment.Job instance at 0x7f2f51b90780>,32,18,[ 2 10],33,147,165,114,136
1,<environment.Job instance at 0x7f2f9c10d050>,59,14,[5 4],60,165,179,105,151
1,<environment.Job instance at 0x7f2f955fa4b0>,60,15,[5 3],61,165,180,104,155
1,<environment.Job instance at 0x7f2f9c2d7410>,64,2,[1 6],65,179,181,114,166
1,<environment.Job instance at 0x7f2f51d79690>,65,16,[5 5],66,181,197,115,168
1,<environment.Job instance at 0x7f2f51d79820>,70,14,[2 8],71,197,211,126,189
1,<environment.Job instance at 0x7f2f51d79d20>,71,17,[4 7],72,211,228,139,199
1,<environment.Job instance at 0x7f2f51d791e0>,73,17,[4 9],74,228,245,154,217
1,<environment.Job instance at 0x7f2f958190f0>,81,16,[2 7],82,245,261,163,232
1,<environment.Job instance at 0x7f2f958198c0>,85,18,[6 2],86,245,263,159,240
1,<environment.Job instance at 0x7f2f95819640>,87,13,[ 5 10],88,263,276,175,248
1,<environment.Job instance at 0x7f2f95819320>,90,18,[8 5],91,276,294,185,265
1,<environment.Job instance at 0x7f2f95819aa0>,93,18,[8 1],94,294,312,200,285
1,<environment.Job instance at 0x7f2f51c68a50>,1,1,[4 6],2,4,5,2,4
1,<environment.Job instance at 0x7f2f9bff5f50>,4,1,[4 7],5,5,6,0,5
1,<environment.Job instance at 0x7f2f954fef50>,5,17,[9 3],6,15,32,9,15
1,<environment.Job instance at 0x7f2f51bfc190>,20,3,[4 8],21,32,35,11,24
1,<environment.Job instance at 0x7f2f9533ce60>,11,12,[10  4],12,35,47,23,24
1,<environment.Job instance at 0x7f2f95549c30>,24,17,[5 9],25,47,64,22,39
1,<environment.Job instance at 0x7f2f9cad0870>,25,17,[5 9],26,64,81,38,53
1,<environment.Job instance at 0x7f2f958f0af0>,31,17,[8 2],32,81,98,49,69
1,<environment.Job instance at 0x7f2f9560e780>,32,18,[10  5],33,98,116,65,87
1,<environment.Job instance at 0x7f2f51ce33c0>,38,12,[6 1],39,116,128,77,108
1,<environment.Job instance at 0x7f2f51ce30f0>,39,12,[5 9],40,128,140,88,111
1,<environment.Job instance at 0x7f2f51ce3190>,40,12,[2 9],41,116,128,75,112
1,<environment.Job instance at 0x7f2f953673c0>,43,16,[3 9],44,140,156,96,127
1,<environment.Job instance at 0x7f2f95367910>,46,14,[1 5],47,156,170,109,142
1,<environment.Job instance at 0x7f2f95367230>,54,18,[8 2],55,168,186,113,168
1,<environment.Job instance at 0x7f2f953677d0>,55,3,[9 3],56,186,189,130,168
1,<environment.Job instance at 0x7f2f953676e0>,56,17,[1 6],57,170,187,113,168
1,<environment.Job instance at 0x7f2f9be02be0>,57,18,[5 2],58,189,207,131,179
1,<environment.Job instance at 0x7f2f953675a0>,51,17,[3 7],52,189,206,137,179
1,<environment.Job instance at 0x7f2f953e07d0>,61,15,[10  5],62,207,222,145,193
1,<environment.Job instance at 0x7f2f953d3640>,65,12,[5 9],66,222,234,156,208
1,<environment.Job instance at 0x7f2f9bee4640>,81,15,[9 5],82,234,249,152,221
1,<environment.Job instance at 0x7f2f953e0dc0>,62,18,[10  1],63,249,267,186,238
1,<environment.Job instance at 0x7f2f9bd4aa00>,92,16,[10  1],93,267,283,174,258
1,<environment.Job instance at 0x7f2f957716e0>,94,12,[4 9],95,283,295,188,266
1,<environment.Job instance at 0x7f2f95771730>,93,17,[ 2 10],94,295,312,201,284
1,<environment.Job instance at 0x7f2f957715f0>,101,18,[4 6],102,313,331,211,313
1,<environment.Job instance at 0x7f2f957710a0>,102,15,[1 7],103,331,346,228,317
1,<environment.Job instance at 0x7f2f957710f0>,106,13,[8 3],107,331,344,224,322
1,<environment.Job instance at 0x7f2f957714b0>,108,15,[8 2],109,344,359,235,337
1,<environment.Job instance at 0x7f2f95771a50>,109,3,[5 6],110,359,362,249,337
1,<environment.Job instance at 0x7f2f952eef50>,114,16,[1 8],115,384,400,269,384
1,<environment.Job instance at 0x7f2f9bff57d0>,10,1,[1 6],11,15,16,4,15
1,<environment.Job instance at 0x7f2f954fee10>,11,17,[10  3],12,17,34,5,17
1,<environment.Job instance at 0x7f2f51cf6280>,4,14,[10  5],5,34,48,29,21
1,<environment.Job instance at 0x7f2f95363d70>,21,1,[5 7],22,48,49,26,37
1,<environment.Job instance at 0x7f2f954fe190>,14,18,[5 3],15,48,66,33,44
1,<environment.Job instance at 0x7f2f953634b0>,23,1,[7 1],24,66,67,42,45
1,<environment.Job instance at 0x7f2f95667960>,25,1,[7 1],26,67,68,41,50
1,<environment.Job instance at 0x7f2f95667d20>,32,3,[7 2],33,68,71,35,57
1,<environment.Job instance at 0x7f2f956676e0>,35,2,[4 9],36,105,107,69,105
1,<environment.Job instance at 0x7f2f956678c0>,36,18,[7 2],37,107,125,70,105
1,<environment.Job instance at 0x7f2f95667550>,37,13,[3 5],38,107,120,69,106
1,<environment.Job instance at 0x7f2f952eebe0>,3,16,[ 3 10],4,125,141,121,112
1,<environment.Job instance at 0x7f2f9c259fa0>,47,17,[3 7],48,141,158,93,135
1,<environment.Job instance at 0x7f2f9c259e10>,49,16,[5 1],50,143,159,93,143
1,<environment.Job instance at 0x7f2f9c271370>,51,12,[4 8],52,158,170,106,145
1,<environment.Job instance at 0x7f2f9c2717d0>,58,14,[3 7],59,170,184,111,156
1,<environment.Job instance at 0x7f2f9c271af0>,61,12,[10  5],62,184,196,122,167
1,<environment.Job instance at 0x7f2f9c271c30>,63,16,[5 8],64,196,212,132,183
1,<environment.Job instance at 0x7f2f9c2644b0>,76,12,[3 8],77,218,230,141,218
1,<environment.Job instance at 0x7f2f9c264690>,79,12,[ 5 10],80,232,244,152,232
1,<environment.Job instance at 0x7f2f9c264870>,80,18,[9 4],81,244,262,163,240
1,<environment.Job instance at 0x7f2f95667230>,31,15,[10  1],32,262,277,230,257
1,<environment.Job instance at 0x7f2f9c264c80>,2,14,[7 1],3,3,17,0,3
1,<environment.Job instance at 0x7f2f959ca640>,3,17,[3 7],4,5,22,1,5
1,<environment.Job instance at 0x7f2f9c8e5c30>,8,2,[7 4],9,22,24,13,11
1,<environment.Job instance at 0x7f2f9c264e10>,1,14,[9 4],2,24,38,22,14
1,<environment.Job instance at 0x7f2f9c8e5cd0>,11,16,[9 2],12,38,54,26,30
1,<environment.Job instance at 0x7f2f9563ba00>,15,13,[10  4],16,54,67,38,38
1,<environment.Job instance at 0x7f2f9563b6e0>,22,13,[ 4 10],23,67,80,44,53
1,<environment.Job instance at 0x7f2f953bb820>,27,15,[2 5],28,80,95,52,70
1,<environment.Job instance at 0x7f2f953bbc30>,30,12,[8 4],31,80,92,49,75
1,<environment.Job instance at 0x7f2f953bbe10>,33,18,[8 3],34,92,110,58,81
1,<environment.Job instance at 0x7f2f51a50730>,37,3,[3 6],38,110,113,72,89
1,<environment.Job instance at 0x7f2f9563be10>,23,17,[7 2],24,110,127,86,104
1,<environment.Job instance at 0x7f2f9bef2460>,45,18,[4 5],46,127,145,81,117
1,<environment.Job instance at 0x7f2f9bef2140>,48,14,[9 3],49,145,159,96,131
1,<environment.Job instance at 0x7f2f517698c0>,51,15,[3 7],52,159,174,107,148
1,<environment.Job instance at 0x7f2f51769230>,59,3,[4 7],60,174,177,114,166
1,<environment.Job instance at 0x7f2f51769780>,60,1,[5 1],61,166,167,105,166
1,<environment.Job instance at 0x7f2f9c0a3e10>,61,18,[5 5],62,177,195,115,168
1,<environment.Job instance at 0x7f2f9c0a3410>,62,15,[ 1 10],63,195,210,132,181
1,<environment.Job instance at 0x7f2f51add320>,66,17,[3 5],67,210,227,143,198
1,<environment.Job instance at 0x7f2f51addbe0>,70,15,[10  5],71,227,242,156,213
1,<environment.Job instance at 0x7f2f51add230>,74,18,[8 4],75,242,260,167,231
1,<environment.Job instance at 0x7f2f959eccd0>,78,2,[6 2],79,310,312,231,310
1,<environment.Job instance at 0x7f2f953c1320>,1,3,[8 2],2,2,5,0,2
1,<environment.Job instance at 0x7f2f9c400aa0>,2,18,[6 5],3,8,26,5,8
1,<environment.Job instance at 0x7f2f519f3730>,9,14,[3 7],10,26,40,16,14
1,<environment.Job instance at 0x7f2f51729280>,12,1,[9 1],13,40,41,27,15
1,<environment.Job instance at 0x7f2f95a4df00>,18,18,[1 8],19,40,58,21,30
1,<environment.Job instance at 0x7f2f959105f0>,13,12,[2 8],14,58,70,44,51
1,<environment.Job instance at 0x7f2f95a4d140>,26,3,[ 4 10],27,70,73,43,62
1,<environment.Job instance at 0x7f2f51573870>,10,17,[9 5],11,73,90,62,62
1,<environment.Job instance at 0x7f2f95a4d8c0>,29,1,[5 9],30,90,91,60,76
1,<environment.Job instance at 0x7f2f95a4d4b0>,28,17,[7 4],29,91,108,62,79
1,<environment.Job instance at 0x7f2f95a4d0a0>,27,16,[2 6],28,91,107,63,89
1,<environment.Job instance at 0x7f2f95a4d870>,31,16,[6 2],32,108,124,76,95
1,<environment.Job instance at 0x7f2f9587b960>,36,18,[3 6],37,107,125,70,107
1,<environment.Job instance at 0x7f2f9587baa0>,33,18,[3 7],34,137,155,103,137
1,<environment.Job instance at 0x7f2f51b96320>,47,15,[8 4],48,155,170,107,141
1,<environment.Job instance at 0x7f2f51b96780>,49,15,[2 8],50,170,185,120,156
1,<environment.Job instance at 0x7f2f9c858be0>,63,3,[9 5],64,205,208,141,205
1,<environment.Job instance at 0x7f2f51b35960>,67,15,[5 4],68,209,224,141,209
1,<environment.Job instance at 0x7f2f51b35640>,68,13,[2 8],69,224,237,155,210
1,<environment.Job instance at 0x7f2f51bb37d0>,71,16,[ 2 10],72,237,253,165,234
1,<environment.Job instance at 0x7f2f51bb3f50>,73,13,[5 1],74,253,266,179,239
1,<environment.Job instance at 0x7f2f51bb3780>,76,18,[8 3],77,266,284,189,256
1,<environment.Job instance at 0x7f2f51bb3190>,78,2,[5 1],79,256,258,177,256
1,<environment.Job instance at 0x7f2f9c3205a0>,81,14,[8 1],82,284,298,202,272
1,<environment.Job instance at 0x7f2f51bb3870>,79,17,[1 9],80,284,301,204,272
1,<environment.Job instance at 0x7f2f51bb3690>,80,15,[9 4],81,301,316,220,289
1,<environment.Job instance at 0x7f2f9c320aa0>,86,16,[6 4],87,316,332,229,310
1,<environment.Job instance at 0x7f2f9c4b5eb0>,95,12,[9 4],96,332,344,236,317
1,<environment.Job instance at 0x7f2f9c4b5aa0>,100,14,[5 7],101,344,358,243,330
1,<environment.Job instance at 0x7f2f9c4b5280>,105,17,[4 6],106,358,375,252,346
1,<environment.Job instance at 0x7f2f51b5fe60>,109,3,[ 2 10],110,375,378,265,357
1,<environment.Job instance at 0x7f2f51b5fa50>,110,18,[7 3],111,378,396,267,367
1,<environment.Job instance at 0x7f2f51b5f230>,115,17,[2 7],116,378,395,262,371
1,<environment.Job instance at 0x7f2f51b5f690>,116,17,[5 2],117,396,413,279,385
1,<environment.Job instance at 0x7f2f51b72aa0>,121,2,[8 3],122,413,415,291,404
1,<environment.Job instance at 0x7f2f51b726e0>,122,13,[3 9],123,415,428,292,404
1,<environment.Job instance at 0x7f2f51b72550>,129,2,[ 5 10],130,428,430,298,409
1,<environment.Job instance at 0x7f2f51b72f50>,131,16,[5 4],132,430,446,298,419
1,<environment.Job instance at 0x7f2f51b72c80>,133,14,[3 7],134,446,460,312,431
1,<environment.Job instance at 0x7f2f51b93370>,135,13,[6 3],136,446,459,310,431
1,<environment.Job instance at 0x7f2f95a4df50>,0,2,[3 7],1,3,5,2,3
1,<environment.Job instance at 0x7f2f953d6be0>,4,16,[10  2],5,7,23,2,7
1,<environment.Job instance at 0x7f2f954340f0>,7,3,[5 5],8,23,26,15,8
1,<environment.Job instance at 0x7f2f51b5f3c0>,5,13,[4 8],6,26,39,20,13
1,<environment.Job instance at 0x7f2f9592e9b0>,12,15,[5 5],13,39,54,26,25
1,<environment.Job instance at 0x7f2f51a42fa0>,16,14,[5 5],17,39,53,22,38
1,<environment.Job instance at 0x7f2f953e3280>,17,17,[3 7],18,54,71,36,42
1,<environment.Job instance at 0x7f2f953e39b0>,21,13,[6 3],22,54,67,32,52
1,<environment.Job instance at 0x7f2f959df0a0>,22,3,[3 5],23,71,74,48,52
1,<environment.Job instance at 0x7f2f955522d0>,25,15,[1 9],26,74,89,48,60
1,<environment.Job instance at 0x7f2f51bd0cd0>,33,13,[7 4],34,89,102,55,76
1,<environment.Job instance at 0x7f2f959ca050>,14,18,[ 3 10],15,102,120,87,91
1,<environment.Job instance at 0x7f2f51c25e10>,39,13,[5 1],40,120,133,80,104
1,<environment.Job instance at 0x7f2f51d1a1e0>,2,14,[1 7],3,3,17,0,3
1,<environment.Job instance at 0x7f2f519cc9b0>,3,16,[10  5],4,17,33,13,4
1,<environment.Job instance at 0x7f2f9bef2960>,4,2,[4 5],5,33,35,28,6
1,<environment.Job instance at 0x7f2f9575b1e0>,14,1,[1 9],15,35,36,20,22
1,<environment.Job instance at 0x7f2f51cd6eb0>,9,2,[1 8],10,36,38,26,22
1,<environment.Job instance at 0x7f2f5156e780>,7,3,[2 7],8,38,41,30,22
1,<environment.Job instance at 0x7f2f9575bb40>,17,12,[8 1],18,35,47,17,23
1,<environment.Job instance at 0x7f2f95842c30>,25,14,[4 5],26,47,61,21,47
1,<environment.Job instance at 0x7f2f95842910>,26,2,[5 9],27,61,63,34,48
1,<environment.Job instance at 0x7f2f95842c80>,27,3,[6 2],28,48,51,20,48
1,<environment.Job instance at 0x7f2f95842690>,28,2,[6 5],29,51,53,22,48
1,<environment.Job instance at 0x7f2f9bf6b050>,29,12,[7 5],30,63,75,33,51
1,<environment.Job instance at 0x7f2f51c257d0>,32,16,[10  5],33,75,91,42,67
1,<environment.Job instance at 0x7f2f954fe820>,35,15,[10  3],36,91,106,55,79
1,<environment.Job instance at 0x7f2f5156fc80>,1,3,[7 5],2,2,5,0,2
1,<environment.Job instance at 0x7f2f5156f050>,3,15,[1 5],4,4,19,0,4
1,<environment.Job instance at 0x7f2f51ebee10>,7,3,[6 4],8,8,11,0,8
1,<environment.Job instance at 0x7f2f9c1a4690>,4,12,[9 4],5,11,23,6,8
1,<environment.Job instance at 0x7f2f51b5f5a0>,8,17,[9 3],9,23,40,14,11
1,<environment.Job instance at 0x7f2f516d6e60>,6,15,[4 7],7,40,55,33,28
1,<environment.Job instance at 0x7f2f516ab370>,17,18,[6 1],18,40,58,22,31
1,<environment.Job instance at 0x7f2f516abbe0>,22,15,[4 7],23,55,70,32,41
1,<environment.Job instance at 0x7f2f51a5c7d0>,23,14,[9 2],24,70,84,46,59
1,<environment.Job instance at 0x7f2f51a5c190>,26,16,[1 9],27,84,100,57,71
1,<environment.Job instance at 0x7f2f518b54b0>,34,14,[1 7],35,100,114,65,85
1,<environment.Job instance at 0x7f2f518b53c0>,37,17,[1 8],38,114,131,76,102
1,<environment.Job instance at 0x7f2f518b5640>,42,14,[5 6],43,131,145,88,117
1,<environment.Job instance at 0x7f2f9c3179b0>,2,18,[ 1 10],3,145,163,142,134
1,<environment.Job instance at 0x7f2f516ab910>,12,18,[10  1],13,163,181,150,152
1,<environment.Job instance at 0x7f2f5165f460>,54,14,[5 8],55,181,195,126,166
1,<environment.Job instance at 0x7f2f51631460>,57,3,[5 5],58,195,198,137,189
1,<environment.Job instance at 0x7f2f51631230>,58,12,[4 5],59,195,207,136,189
1,<environment.Job instance at 0x7f2f516312d0>,60,3,[5 9],61,207,210,146,189
1,<environment.Job instance at 0x7f2f51631690>,61,15,[7 4],62,210,225,148,196
1,<environment.Job instance at 0x7f2f51631aa0>,65,14,[ 2 10],66,225,239,159,210
1,<environment.Job instance at 0x7f2f5164e5f0>,9,13,[3 8],10,11,24,1,11
1,<environment.Job instance at 0x7f2f95847cd0>,4,15,[2 8],5,24,39,19,12
1,<environment.Job instance at 0x7f2f95346be0>,14,12,[6 3],15,39,51,24,22
1,<environment.Job instance at 0x7f2f9593ca00>,17,16,[2 5],18,39,55,21,28
1,<environment.Job instance at 0x7f2f51a5c870>,18,15,[5 5],19,51,66,32,37
1,<environment.Job instance at 0x7f2f51a5c2d0>,27,15,[3 8],28,66,81,38,52
1,<environment.Job instance at 0x7f2f51a5c4b0>,23,17,[10  4],24,81,98,57,73
1,<environment.Job instance at 0x7f2f51b3c230>,33,13,[5 5],34,98,111,64,83
1,<environment.Job instance at 0x7f2f5158f280>,40,13,[4 5],41,101,114,60,101
1,<environment.Job instance at 0x7f2f9be024b0>,41,15,[5 5],42,111,126,69,101
1,<environment.Job instance at 0x7f2f9be02730>,43,14,[5 2],44,114,128,70,109
1,<environment.Job instance at 0x7f2f95384e60>,30,16,[10  1],31,128,144,97,119
1,<environment.Job instance at 0x7f2f51de80a0>,52,15,[9 5],53,144,159,91,136
1,<environment.Job instance at 0x7f2f51dde4b0>,60,13,[4 7],61,159,172,98,155
1,<environment.Job instance at 0x7f2f959d8f00>,62,3,[8 5],63,172,175,109,155
1,<environment.Job instance at 0x7f2f51d0b3c0>,65,3,[ 1 10],66,175,178,109,155
1,<environment.Job instance at 0x7f2f51e0a870>,70,13,[1 5],71,178,191,107,164
1,<environment.Job instance at 0x7f2f51e29a00>,2,15,[5 7],3,3,18,0,3
1,<environment.Job instance at 0x7f2f51571f50>,5,1,[9 3],6,18,19,12,6
1,<environment.Job instance at 0x7f2f515714b0>,6,2,[5 3],7,7,9,0,7
1,<environment.Job instance at 0x7f2f9c17a820>,8,14,[5 4],9,19,33,10,10
1,<environment.Job instance at 0x7f2f9be59f50>,11,15,[4 5],12,19,34,7,14
1,<environment.Job instance at 0x7f2f9be59050>,10,18,[6 2],11,33,51,22,22
1,<environment.Job instance at 0x7f2f9c316550>,9,18,[4 5],10,34,52,24,25
1,<environment.Job instance at 0x7f2f9be97780>,19,2,[5 2],20,51,53,31,38
1,<environment.Job instance at 0x7f2f51db49b0>,20,13,[10  5],21,53,66,32,38
1,<environment.Job instance at 0x7f2f51e892d0>,24,3,[5 8],25,66,69,41,40
1,<environment.Job instance at 0x7f2f516554b0>,27,13,[8 1],28,69,82,41,55
1,<environment.Job instance at 0x7f2f51655460>,29,1,[4 9],30,82,83,52,55
1,<environment.Job instance at 0x7f2f51babf00>,31,3,[8 3],32,83,86,51,57
1,<environment.Job instance at 0x7f2f51babc80>,33,1,[1 8],34,72,73,38,72
1,<environment.Job instance at 0x7f2f95535500>,34,1,[8 4],35,86,87,51,72
1,<environment.Job instance at 0x7f2f51596230>,35,3,[1 5],36,73,76,37,72
1,<environment.Job instance at 0x7f2f9531a1e0>,36,3,[1 9],37,76,79,39,72
1,<environment.Job instance at 0x7f2f9531aa50>,37,2,[5 2],38,87,89,49,72
1,<environment.Job instance at 0x7f2f51e5d230>,38,16,[2 8],39,87,103,48,74
1,<environment.Job instance at 0x7f2f5170c410>,41,2,[5 4],42,103,105,61,76
1,<environment.Job instance at 0x7f2f514e7fa0>,14,18,[ 3 10],15,105,123,90,96
1,<environment.Job instance at 0x7f2f5170caf0>,47,14,[ 4 10],48,123,137,75,111
1,<environment.Job instance at 0x7f2f9c320dc0>,49,16,[3 7],50,137,153,87,124
1,<environment.Job instance at 0x7f2f953ea2d0>,56,12,[8 5],57,153,165,96,138
1,<environment.Job instance at 0x7f2f5170c820>,44,18,[5 8],45,165,183,120,154
1,<environment.Job instance at 0x7f2f51b53f50>,62,14,[8 4],63,183,197,120,168
1,<environment.Job instance at 0x7f2f51b53780>,67,3,[10  2],68,197,200,129,171
1,<environment.Job instance at 0x7f2f959a65a0>,69,3,[2 8],70,200,203,130,183
1,<environment.Job instance at 0x7f2f5195ebe0>,18,16,[10  5],19,203,219,184,190
1,<environment.Job instance at 0x7f2f953eaa50>,59,15,[10  1],60,219,234,159,207
1,<environment.Job instance at 0x7f2f51663730>,79,14,[7 4],80,234,248,154,221
1,<environment.Job instance at 0x7f2f516dbf00>,81,17,[ 5 10],82,248,265,166,240
1,<environment.Job instance at 0x7f2f95787460>,83,14,[1 7],84,265,279,181,251
1,<environment.Job instance at 0x7f2f95787c30>,85,12,[10  5],86,279,291,193,266
1,<environment.Job instance at 0x7f2f958770a0>,93,14,[7 2],94,309,323,215,309
1,<environment.Job instance at 0x7f2f95742500>,98,18,[5 5],99,339,357,240,339
1,<environment.Job instance at 0x7f2f953dfbe0>,0,13,[9 1],1,3,16,2,3
1,<environment.Job instance at 0x7f2f51b35b40>,10,18,[7 5],11,16,34,5,13
1,<environment.Job instance at 0x7f2f51b35410>,14,12,[ 5 10],15,34,46,19,18
1,<environment.Job instance at 0x7f2f955a8820>,20,16,[1 7],21,46,62,25,42
1,<environment.Job instance at 0x7f2f955a8fa0>,21,18,[6 5],22,62,80,40,53
1,<environment.Job instance at 0x7f2f51676aa0>,30,2,[2 7],31,80,82,49,60
1,<environment.Job instance at 0x7f2f51b35820>,6,16,[ 1 10],7,82,98,75,70
1,<environment.Job instance at 0x7f2f51811a50>,39,14,[8 2],40,98,112,58,93
1,<environment.Job instance at 0x7f2f51811690>,31,18,[ 5 10],32,112,130,80,102
1,<environment.Job instance at 0x7f2f95742500>,3,17,[ 4 10],4,130,147,126,126
1,<environment.Job instance at 0x7f2f51542460>,48,12,[9 5],49,147,159,98,130
1,<environment.Job instance at 0x7f2f51542690>,51,13,[1 5],52,147,160,95,132
1,<environment.Job instance at 0x7f2f51542230>,47,13,[3 5],48,159,172,111,144
1,<environment.Job instance at 0x7f2f51542780>,56,18,[6 5],57,160,178,103,156
1,<environment.Job instance at 0x7f2f51542f00>,55,16,[9 5],56,178,194,122,166
1,<environment.Job instance at 0x7f2f959142d0>,68,3,[8 4],69,194,197,125,178
1,<environment.Job instance at 0x7f2f95914af0>,70,13,[7 3],71,197,210,126,181
1,<environment.Job instance at 0x7f2f95935820>,81,3,[6 4],82,210,213,128,197
1,<environment.Job instance at 0x7f2f95935230>,79,12,[6 4],80,213,225,133,200
1,<environment.Job instance at 0x7f2f95935a00>,88,2,[1 8],89,225,227,136,216
1,<environment.Job instance at 0x7f2f9bddf320>,90,15,[3 9],91,227,242,136,216
1,<environment.Job instance at 0x7f2f515420f0>,52,15,[7 5],53,242,257,189,228
1,<environment.Job instance at 0x7f2f9bddfe10>,91,17,[5 8],92,257,274,165,246
1,<environment.Job instance at 0x7f2f9bddf780>,101,14,[ 5 10],102,274,288,172,265
1,<environment.Job instance at 0x7f2f959051e0>,105,16,[7 5],106,288,304,182,280
1,<environment.Job instance at 0x7f2f959050a0>,111,16,[10  5],112,363,379,251,363
1,<environment.Job instance at 0x7f2f959052d0>,115,12,[3 7],116,379,391,263,363
1,<environment.Job instance at 0x7f2f959215a0>,122,15,[1 7],123,391,406,268,377
1,<environment.Job instance at 0x7f2f95921190>,125,17,[6 3],126,397,414,271,397
1,<environment.Job instance at 0x7f2f95921500>,128,3,[ 1 10],129,414,417,285,408
1,<environment.Job instance at 0x7f2f95921cd0>,129,12,[5 4],130,417,429,287,409
1,<environment.Job instance at 0x7f2f95921b90>,132,16,[8 2],133,429,445,296,418
1,<environment.Job instance at 0x7f2f51616b40>,137,13,[4 9],138,445,458,307,429
1,<environment.Job instance at 0x7f2f955a3a00>,0,3,[9 4],1,1,4,0,1
1,<environment.Job instance at 0x7f2f955a31e0>,1,1,[7 1],2,4,5,2,3
1,<environment.Job instance at 0x7f2f51b35500>,2,3,[4 9],3,5,8,2,5
1,<environment.Job instance at 0x7f2f955a3500>,5,1,[1 6],6,8,9,2,6
1,<environment.Job instance at 0x7f2f9c379230>,7,12,[10  3],8,9,21,1,8
1,<environment.Job instance at 0x7f2f953dfe10>,9,14,[ 5 10],10,21,35,11,10
1,<environment.Job instance at 0x7f2f9bd63f00>,17,16,[6 3],18,35,51,17,23
1,<environment.Job instance at 0x7f2f955ff460>,10,18,[5 7],11,51,69,40,40
1,<environment.Job instance at 0x7f2f9bd62af0>,27,12,[10  4],28,69,81,41,60
1,<environment.Job instance at 0x7f2f9bd77e60>,30,12,[4 7],31,81,93,50,69
1,<environment.Job instance at 0x7f2f5195a6e0>,34,18,[1 8],35,93,111,58,93
1,<environment.Job instance at 0x7f2f9c4953c0>,39,17,[9 1],40,102,119,62,102
1,<environment.Job instance at 0x7f2f9c371aa0>,43,12,[1 5],44,111,123,67,106
1,<environment.Job instance at 0x7f2f9c4ab820>,45,13,[1 9],46,123,136,77,108
1,<environment.Job instance at 0x7f2f9c4ab410>,46,17,[7 1],47,119,136,72,112
1,<environment.Job instance at 0x7f2f9c4ab910>,47,16,[6 1],48,136,152,88,123
1,<environment.Job instance at 0x7f2f9c36d8c0>,54,3,[7 3],55,152,155,97,138
1,<environment.Job instance at 0x7f2f9c36df00>,53,17,[2 7],54,140,157,86,140
1,<environment.Job instance at 0x7f2f9c36d370>,57,16,[3 9],58,157,173,99,144
1,<environment.Job instance at 0x7f2f9c36d3c0>,60,14,[7 4],61,173,187,112,158
1,<environment.Job instance at 0x7f2f9c36dd20>,56,17,[ 2 10],57,187,204,130,176
1,<environment.Job instance at 0x7f2f9c488550>,65,14,[5 5],66,204,218,138,193
1,<environment.Job instance at 0x7f2f9c488e60>,63,18,[5 3],64,204,222,140,201
1,<environment.Job instance at 0x7f2f9c4961e0>,71,2,[2 9],72,222,224,150,206
1,<environment.Job instance at 0x7f2f9c4966e0>,74,2,[9 2],75,224,226,149,210
1,<environment.Job instance at 0x7f2f9c24ec80>,76,3,[5 1],77,218,221,141,211
1,<environment.Job instance at 0x7f2f9c24eaa0>,77,14,[5 4],78,226,240,148,212
1,<environment.Job instance at 0x7f2f9c4960a0>,72,15,[6 5],73,240,255,167,226
1,<environment.Job instance at 0x7f2f9c24ed70>,81,12,[8 3],82,255,267,173,242
1,<environment.Job instance at 0x7f2f9556d640>,91,2,[8 5],92,267,269,175,253
1,<environment.Job instance at 0x7f2f9c48cc80>,92,2,[8 3],93,269,271,176,253
1,<environment.Job instance at 0x7f2f9c48ca00>,93,16,[8 1],94,271,287,177,259
1,<environment.Job instance at 0x7f2f9c48ca50>,96,15,[10  3],97,287,302,190,275
1,<environment.Job instance at 0x7f2f51e1ac30>,102,13,[4 8],103,302,315,199,290
1,<environment.Job instance at 0x7f2f9bd7ec30>,103,16,[6 1],104,302,318,198,290
1,<environment.Job instance at 0x7f2f9c48c550>,99,18,[4 9],100,315,333,215,304
1,<environment.Job instance at 0x7f2f9c850af0>,113,17,[6 2],114,333,350,219,322
1,<environment.Job instance at 0x7f2f952b7140>,116,15,[3 6],117,339,354,222,339
1,<environment.Job instance at 0x7f2f9564fd70>,118,18,[1 6],119,354,372,235,345
1,<environment.Job instance at 0x7f2f9c015b90>,120,12,[1 7],121,372,384,251,355
1,<environment.Job instance at 0x7f2f5186ca50>,122,15,[9 3],123,370,385,247,370
1,<environment.Job instance at 0x7f2f5186c0f0>,123,14,[1 6],124,384,398,260,372
1,<environment.Job instance at 0x7f2f5186c730>,124,17,[7 2],125,385,402,260,381
1,<environment.Job instance at 0x7f2f514590a0>,127,17,[10  1],128,402,419,274,390
1,<environment.Job instance at 0x7f2f51459730>,129,17,[3 7],130,419,436,289,407
1,<environment.Job instance at 0x7f2f51ec85f0>,133,3,[8 1],134,436,439,302,417
1,<environment.Job instance at 0x7f2f514e48c0>,134,18,[8 4],135,439,457,304,429
1,<environment.Job instance at 0x7fd1cd02d370>,1,3,[ 2 10],2,2,5,0,2
1,<environment.Job instance at 0x7fd1c5c1e370>,4,13,[3 6],5,5,18,0,5
1,<environment.Job instance at 0x7fd1c5c1e5a0>,6,15,[2 8],7,18,33,11,9
1,<environment.Job instance at 0x7fd1c5c1e820>,9,12,[8 2],10,21,33,11,21
1,<environment.Job instance at 0x7fd1c5c1e910>,11,3,[4 9],12,33,36,21,25
1,<environment.Job instance at 0x7fd1c5c1ecd0>,16,18,[7 3],17,36,54,19,25
1,<environment.Job instance at 0x7fd1c5c1ef50>,20,3,[10  5],21,54,57,33,50
1,<environment.Job instance at 0x7fd1c5c21140>,21,18,[9 4],22,57,75,35,50
1,<environment.Job instance at 0x7fd1c5c217d0>,26,12,[8 5],27,75,87,48,59
1,<environment.Job instance at 0x7fd1c5c21e10>,36,2,[7 5],37,101,103,64,101
1,<environment.Job instance at 0x7fd1c5c1e7d0>,13,18,[5 9],14,103,121,89,102
1,<environment.Job instance at 0x7fd1c5c21f00>,39,14,[9 4],40,121,135,81,106
1,<environment.Job instance at 0x7fd1c5c22410>,45,15,[7 5],46,135,150,89,127
1,<environment.Job instance at 0x7fd1c5c225a0>,49,17,[10  2],50,150,167,100,140
1,<environment.Job instance at 0x7fd1c5c228c0>,50,2,[5 6],51,167,169,116,141
1,<environment.Job instance at 0x7fd1c5c22820>,53,3,[2 9],54,169,172,115,143
1,<environment.Job instance at 0x7fd1c5c21d70>,35,16,[1 9],36,172,188,136,161
1,<environment.Job instance at 0x7fd1c5c25410>,62,14,[4 9],63,188,202,125,173
1,<environment.Job instance at 0x7fd1c5c25af0>,69,14,[9 4],70,202,216,132,199
1,<environment.Job instance at 0x7fd1c5c25dc0>,75,3,[10  4],76,216,219,140,203
1,<environment.Job instance at 0x7fd1c5c25e60>,76,13,[10  1],77,219,232,142,203
1,<environment.Job instance at 0x7fd1c5c25870>,78,14,[6 1],79,232,246,153,219
1,<environment.Job instance at 0x7fd1c5c271e0>,81,14,[8 5],82,246,260,164,232
1,<environment.Job instance at 0x7fd1c5c275a0>,87,18,[7 1],88,260,278,172,249
1,<environment.Job instance at 0x7fd1c5c27320>,83,18,[ 3 10],84,278,296,194,268
1,<environment.Job instance at 0x7fd1c5c2a0a0>,101,15,[2 7],102,296,311,194,288
1,<environment.Job instance at 0x7fd1c5c2a500>,105,16,[7 5],106,311,327,205,298
1,<environment.Job instance at 0x7fd1c5c155a0>,112,12,[1 6],113,327,339,214,315
1,<environment.Job instance at 0x7fd1c5c735a0>,113,17,[5 1],114,327,344,213,319
1,<environment.Job instance at 0x7fd1c5c57320>,118,16,[5 2],119,339,355,220,328
1,<environment.Job instance at 0x7fd1c5c11f00>,121,3,[1 6],122,364,367,242,364
1,<environment.Job instance at 0x7fd1c5c11a50>,122,18,[7 5],123,367,385,244,364
1,<environment.Job instance at 0x7fd1c5c11870>,123,3,[10  1],124,385,388,261,366
1,<environment.Job instance at 0x7fd1c5cc63c0>,129,13,[5 5],130,388,401,258,373
1,<environment.Job instance at 0x7fd1c5d4d8c0>,130,17,[9 5],131,401,418,270,389
1,<environment.Job instance at 0x7fd1c5cb8690>,139,1,[5 5],140,398,399,258,398
1,<environment.Job instance at 0x7fd1c5d4d370>,135,15,[8 3],136,418,433,282,404
1,<environment.Job instance at 0x7fd1c5c33640>,0,12,[5 1],1,3,15,2,3
1,<environment.Job instance at 0x7fd1c5c3f5a0>,8,2,[9 1],9,15,17,6,11
1,<environment.Job instance at 0x7fd1c5c38fa0>,6,12,[1 6],7,17,29,10,17
1,<environment.Job instance at 0x7fd1c5c38f50>,4,1,[8 3],5,20,21,15,20
1,<environment.Job instance at 0x7fd1c5c3f190>,13,2,[9 4],14,21,23,7,21
1,<environment.Job instance at 0x7fd1c5c3f230>,17,3,[5 6],18,29,32,11,24
1,<environment.Job instance at 0x7fd1c5c3faf0>,21,13,[5 7],22,35,48,13,35
1,<environment.Job instance at 0x7fd1c5c3fcd0>,19,14,[ 5 10],20,48,62,28,43
1,<environment.Job instance at 0x7fd1c5c3c5a0>,29,2,[10  2],30,62,64,32,46
1,<environment.Job instance at 0x7fd1c5c3fe60>,25,17,[5 1],26,64,81,38,52
1,<environment.Job instance at 0x7fd1c5bc3050>,33,3,[2 5],34,64,67,30,64
1,<environment.Job instance at 0x7fd1c5bc33c0>,30,17,[3 5],31,67,84,36,66
1,<environment.Job instance at 0x7fd1c5bc3a50>,37,13,[9 5],38,84,97,46,69
1,<environment.Job instance at 0x7fd1c5bc3b90>,39,1,[5 3],40,81,82,41,69
1,<environment.Job instance at 0x7fd1c5bc37d0>,43,12,[1 9],44,97,109,53,85
1,<environment.Job instance at 0x7fd1c5bc3550>,45,15,[5 3],46,109,124,63,96
1,<environment.Job instance at 0x7fd182020eb0>,47,2,[5 3],48,109,111,61,96
1,<environment.Job instance at 0x7fd1c5bc3be0>,40,17,[9 5],41,124,141,83,116
1,<environment.Job instance at 0x7fd182017280>,56,16,[6 5],57,141,157,84,129
1,<environment.Job instance at 0x7fd1820178c0>,61,17,[3 6],62,157,174,95,147
1,<environment.Job instance at 0x7fd181fa40a0>,66,16,[1 8],67,174,190,107,161
1,<environment.Job instance at 0x7fd181fa4280>,69,17,[8 5],70,199,216,129,199
1,<environment.Job instance at 0x7fd182022230>,74,15,[8 5],75,216,231,141,209
1,<environment.Job instance at 0x7fd1c5c33780>,5,17,[10  4],6,231,248,225,221
1,<environment.Job instance at 0x7fd1c5c3fc30>,6,3,[4 5],7,8,11,1,8
1,<environment.Job instance at 0x7fd1cd19feb0>,8,14,[7 1],9,11,25,2,9
1,<environment.Job instance at 0x7fd1c59d6eb0>,7,16,[5 3],8,25,41,17,13
1,<environment.Job instance at 0x7fd1cd1a0280>,14,15,[2 6],15,15,30,0,15
1,<environment.Job instance at 0x7fd181ffb190>,16,1,[9 2],17,41,42,24,17
1,<environment.Job instance at 0x7fd181ffbd20>,15,16,[7 5],16,42,58,26,31
1,<environment.Job instance at 0x7fd181efa7d0>,19,18,[5 6],20,58,76,38,48
1,<environment.Job instance at 0x7fd1820e8550>,1,17,[7 5],2,3,20,1,3
1,<environment.Job instance at 0x7fd1824e79b0>,3,3,[10  3],4,20,23,16,4
1,<environment.Job instance at 0x7fd1822a8280>,10,12,[4 5],11,23,35,12,11
1,<environment.Job instance at 0x7fd182281320>,13,15,[6 4],14,23,38,9,15
1,<environment.Job instance at 0x7fd182281140>,18,13,[8 3],19,38,51,19,22
1,<environment.Job instance at 0x7fd1824e4d70>,22,14,[5 3],23,51,65,28,36
1,<environment.Job instance at 0x7fd1824e4410>,23,12,[2 7],24,38,50,14,36
1,<environment.Job instance at 0x7fd18227f0a0>,0,13,[5 5],1,51,64,50,36
1,<environment.Job instance at 0x7fd1ccbbdb90>,27,3,[3 5],28,64,67,36,38
1,<environment.Job instance at 0x7fd1c5e3d730>,28,1,[6 5],29,65,66,36,38
1,<environment.Job instance at 0x7fd1c5fdc190>,26,3,[6 4],27,66,69,39,40
1,<environment.Job instance at 0x7fd1cc8eaa50>,32,3,[8 3],33,69,72,36,46
1,<environment.Job instance at 0x7fd1c5f99e10>,33,2,[9 1],34,72,74,38,48
1,<environment.Job instance at 0x7fd1c5f99730>,35,12,[4 5],36,74,86,38,57
1,<environment.Job instance at 0x7fd1cc9747d0>,40,15,[2 5],41,74,89,33,61
1,<environment.Job instance at 0x7fd1cc8f0eb0>,37,18,[8 2],38,86,104,48,82
1,<environment.Job instance at 0x7fd1cc9fb460>,47,16,[7 2],48,104,120,56,96
1,<environment.Job instance at 0x7fd1c60b80a0>,52,16,[10  4],53,120,136,67,117
1,<environment.Job instance at 0x7fd1c60b8320>,54,16,[9 5],55,136,152,81,128
1,<environment.Job instance at 0x7fd1824e5e60>,61,15,[8 1],62,154,169,92,154
1,<environment.Job instance at 0x7fd1c60b84b0>,62,13,[1 5],63,156,169,93,156
1,<environment.Job instance at 0x7fd1824e5960>,64,16,[6 1],65,169,185,104,161
1,<environment.Job instance at 0x7fd1c5f7b320>,71,14,[9 2],72,190,204,118,190
1,<environment.Job instance at 0x7fd1c5fdafa0>,78,15,[2 8],79,204,219,125,204
1,<environment.Job instance at 0x7fd1c5f47550>,79,18,[1 7],80,219,237,139,208
1,<environment.Job instance at 0x7fd1c601b9b0>,82,17,[8 1],83,222,239,139,222
1,<environment.Job instance at 0x7fd1ccac1550>,85,18,[4 6],86,239,257,153,228
1,<environment.Job instance at 0x7fd1c5d80960>,95,16,[4 7],96,257,273,161,254
1,<environment.Job instance at 0x7fd1cc9532d0>,96,18,[9 3],97,273,291,176,262
1,<environment.Job instance at 0x7fd1c5ea2780>,102,3,[6 5],103,291,294,188,285
1,<environment.Job instance at 0x7fd1c5ea2cd0>,103,17,[4 7],104,294,311,190,290
1,<environment.Job instance at 0x7fd1c59fc460>,105,15,[5 9],106,311,326,205,300
1,<environment.Job instance at 0x7fd1c59fc550>,112,12,[2 9],113,326,338,213,316
1,<environment.Job instance at 0x7fd1c59fc370>,117,18,[10  5],118,349,367,231,349
1,<environment.Job instance at 0x7fd1c59fc8c0>,120,13,[10  1],121,367,380,246,355
1,<environment.Job instance at 0x7fd1c59fc1e0>,124,12,[9 3],125,380,392,255,370
1,<environment.Job instance at 0x7fd1c5ccc870>,126,12,[10  1],127,392,404,265,377
1,<environment.Job instance at 0x7fd18227f8c0>,7,14,[9 2],8,8,22,0,8
1,<environment.Job instance at 0x7fd1821eb3c0>,9,3,[3 7],10,22,25,12,10
1,<environment.Job instance at 0x7fd1c5d8b410>,10,14,[5 8],11,25,39,14,13
1,<environment.Job instance at 0x7fd1c5d8b820>,17,15,[6 1],18,39,54,21,25
1,<environment.Job instance at 0x7fd1c5d8b280>,21,14,[3 6],22,39,53,17,36
1,<environment.Job instance at 0x7fd1c5c3b4b0>,26,15,[10  3],27,58,73,31,58
1,<environment.Job instance at 0x7fd1c5d4d3c0>,27,15,[9 1],28,73,88,45,62
1,<environment.Job instance at 0x7fd1c5d4db90>,29,17,[5 2],30,88,105,58,76
1,<environment.Job instance at 0x7fd1c5d4d0a0>,30,13,[5 4],31,88,101,57,76
1,<environment.Job instance at 0x7fd1c5cd45f0>,38,2,[2 7],39,101,103,62,91
1,<environment.Job instance at 0x7fd1c5cd4f00>,39,17,[6 2],40,105,122,65,97
1,<environment.Job instance at 0x7fd1c5cd42d0>,41,18,[4 9],42,122,140,80,114
1,<environment.Job instance at 0x7fd1c5cb75f0>,45,16,[6 2],46,140,156,94,132
1,<environment.Job instance at 0x7fd1cc86a910>,3,3,[ 1 10],4,5,8,1,5
1,<environment.Job instance at 0x7fd181fc9320>,6,17,[2 9],7,12,29,5,12
1,<environment.Job instance at 0x7fd181fc9140>,8,13,[ 3 10],9,29,42,20,15
1,<environment.Job instance at 0x7fd181fc9d70>,11,17,[10  5],12,42,59,30,31
1,<environment.Job instance at 0x7fd1ccc32c30>,22,3,[5 7],23,59,62,36,45
1,<environment.Job instance at 0x7fd1c5b4f870>,25,12,[3 7],26,62,74,36,46
1,<environment.Job instance at 0x7fd1c5b4fa50>,28,15,[6 2],29,62,77,33,57
1,<environment.Job instance at 0x7fd1c5b4f0a0>,27,16,[2 7],28,74,90,46,61
1,<environment.Job instance at 0x7fd1c5b4f820>,30,18,[1 7],31,90,108,59,80
1,<environment.Job instance at 0x7fd1c5b4f410>,37,3,[4 6],38,108,111,70,97
1,<environment.Job instance at 0x7fd1c5b4f3c0>,38,16,[8 4],39,111,127,72,98
1,<environment.Job instance at 0x7fd181e8c7d0>,44,13,[7 3],45,127,140,82,111
1,<environment.Job instance at 0x7fd181fc9be0>,10,16,[10  3],11,140,156,129,131
1,<environment.Job instance at 0x7fd1824c8500>,51,12,[3 9],52,156,168,104,142
1,<environment.Job instance at 0x7fd1824c8410>,55,14,[7 3],56,168,182,112,153
1,<environment.Job instance at 0x7fd1824e4aa0>,64,14,[4 6],65,182,196,117,167
1,<environment.Job instance at 0x7fd1824e44b0>,65,14,[10  1],66,196,210,130,183
1,<environment.Job instance at 0x7fd1824e48c0>,67,17,[2 7],68,210,227,142,201
1,<environment.Job instance at 0x7fd1824e4be0>,72,3,[9 4],73,227,230,154,203
1,<environment.Job instance at 0x7fd1cc634aa0>,75,3,[6 4],76,230,233,154,221
1,<environment.Job instance at 0x7fd1cc634e60>,76,15,[5 1],77,233,248,156,222
1,<environment.Job instance at 0x7fd1cc634960>,78,12,[1 8],79,233,245,154,224
1,<environment.Job instance at 0x7fd1cc634f50>,81,15,[6 3],82,248,263,166,240
1,<environment.Job instance at 0x7fd1c60b8460>,85,13,[8 4],86,263,276,177,247
1,<environment.Job instance at 0x7fd1c60b8910>,86,13,[6 5],87,276,289,189,260
1,<environment.Job instance at 0x7fd1c60b8dc0>,89,18,[7 4],90,289,307,199,279
1,<environment.Job instance at 0x7fd1c5cd7be0>,1,1,[3 5],2,3,4,1,3
1,<environment.Job instance at 0x7fd182521460>,8,13,[5 5],9,9,22,0,9
1,<environment.Job instance at 0x7fd182521fa0>,10,14,[6 3],11,22,36,11,11
1,<environment.Job instance at 0x7fd1c59c4a00>,6,18,[5 8],7,36,54,29,30
1,<environment.Job instance at 0x7fd181eac960>,21,15,[2 7],22,60,75,38,60
1,<environment.Job instance at 0x7fd181eac410>,23,16,[5 2],24,62,78,38,62
1,<environment.Job instance at 0x7fd1821fcdc0>,25,13,[10  5],26,78,91,52,63
1,<environment.Job instance at 0x7fd181eace10>,28,13,[8 3],29,91,104,62,76
1,<environment.Job instance at 0x7fd181ec0500>,30,13,[1 9],31,104,117,73,92
1,<environment.Job instance at 0x7fd1c5f470a0>,35,14,[10  1],36,117,131,81,115
1,<environment.Job instance at 0x7fd1c5f475a0>,36,12,[9 5],37,131,143,94,115
1,<environment.Job instance at 0x7fd1824dd4b0>,41,18,[7 2],42,143,161,101,132
1,<environment.Job instance at 0x7fd1ccb56f50>,2,1,[6 5],3,3,4,0,3
1,<environment.Job instance at 0x7fd1cc648aa0>,1,12,[3 8],2,4,16,2,3
1,<environment.Job instance at 0x7fd1c5f38910>,3,18,[6 4],4,16,34,12,5
1,<environment.Job instance at 0x7fd1c5c6fb40>,13,18,[5 3],14,34,52,20,27
1,<environment.Job instance at 0x7fd1cc5e75f0>,16,13,[7 1],17,52,65,35,37
1,<environment.Job instance at 0x7fd1cc5e7500>,18,13,[2 9],19,52,65,33,38
1,<environment.Job instance at 0x7fd1c5d2eeb0>,24,17,[5 1],25,65,82,40,53
1,<environment.Job instance at 0x7fd1c5b564b0>,31,17,[7 4],32,82,99,50,71
1,<environment.Job instance at 0x7fd1c5b565f0>,34,12,[1 5],35,74,86,39,74
1,<environment.Job instance at 0x7fd1c5a8a8c0>,10,18,[2 9],11,99,117,88,96
1,<environment.Job instance at 0x7fd1cc999190>,44,13,[5 5],45,117,130,72,101
1,<environment.Job instance at 0x7fd1cc999e10>,46,15,[10  2],47,130,145,83,128
1,<environment.Job instance at 0x7fd1c59f7f00>,50,14,[10  4],51,146,160,95,146
1,<environment.Job instance at 0x7fd1c59d8a00>,64,15,[7 2],65,189,204,124,189
1,<environment.Job instance at 0x7fd1c59d8b90>,67,12,[9 1],68,204,216,136,192
1,<environment.Job instance at 0x7fd1c59d8d20>,70,15,[5 8],71,222,237,151,222
1,<environment.Job instance at 0x7fd1c59ea460>,2,3,[7 5],3,4,7,1,4
1,<environment.Job instance at 0x7fd1c5cd7b40>,5,18,[6 2],6,7,25,1,6
1,<environment.Job instance at 0x7fd1cc599d70>,10,18,[8 5],11,25,43,14,16
1,<environment.Job instance at 0x7fd1c5ab4280>,8,13,[ 5 10],9,43,56,34,29
1,<environment.Job instance at 0x7fd1c599aa50>,16,13,[5 6],17,56,69,39,41
1,<environment.Job instance at 0x7fd1c5ab46e0>,7,13,[ 5 10],8,69,82,61,53
1,<environment.Job instance at 0x7fd195c92230>,26,14,[6 1],27,82,96,55,68
1,<environment.Job instance at 0x7fd1c5eedf00>,22,16,[3 5],23,82,98,59,69
1,<environment.Job instance at 0x7fd1c599a140>,19,15,[5 9],20,98,113,78,87
1,<environment.Job instance at 0x7fd1cc939d20>,36,12,[4 7],37,113,125,76,99
1,<environment.Job instance at 0x7fd1cc58ed70>,33,17,[10  3],34,125,142,91,113
1,<environment.Job instance at 0x7fd1c5d47dc0>,39,15,[ 5 10],40,142,157,102,128
1,<environment.Job instance at 0x7fd1cc937e60>,45,16,[10  3],46,157,173,111,144
1,<environment.Job instance at 0x7fd1c5cf9f00>,41,17,[ 2 10],42,173,190,131,161
1,<environment.Job instance at 0x7fd1c5e325f0>,54,16,[3 9],55,190,206,135,178
1,<environment.Job instance at 0x7fd1c5e32960>,58,16,[3 5],59,206,222,147,193
1,<environment.Job instance at 0x7fd1824f37d0>,38,17,[3 8],39,222,239,183,211
1,<environment.Job instance at 0x7fd1ccabcaa0>,69,15,[5 5],70,239,254,169,225
1,<environment.Job instance at 0x7fd1c5b8a8c0>,77,3,[1 6],78,254,257,176,236
1,<environment.Job instance at 0x7fd1ccabc550>,62,18,[4 7],63,257,275,194,248
1,<environment.Job instance at 0x7fd1c5b8a730>,82,13,[7 3],83,275,288,192,259
1,<environment.Job instance at 0x7fd1c5b8a640>,85,17,[5 9],86,288,305,202,276
1,<environment.Job instance at 0x7fd1821f0b40>,88,17,[4 9],89,305,322,216,293
1,<environment.Job instance at 0x7fd1821f0c80>,91,17,[8 2],92,322,339,230,310
1,<environment.Job instance at 0x7fd1c5b9ffa0>,95,16,[3 8],96,339,355,243,326
1,<environment.Job instance at 0x7fd1c5b9fd70>,97,18,[5 4],98,355,373,257,344
1,<environment.Job instance at 0x7fd1cc45e870>,101,17,[7 2],102,373,390,271,362
1,<environment.Job instance at 0x7fd1cc45eb90>,104,13,[10  1],105,390,403,285,376
1,<environment.Job instance at 0x7fd1823cc730>,106,14,[1 5],107,403,417,296,389
1,<environment.Job instance at 0x7fd1823cc3c0>,111,17,[3 7],112,417,434,305,405
1,<environment.Job instance at 0x7fd1823cc5a0>,116,17,[1 6],117,434,451,317,422
1,<environment.Job instance at 0x7fd1823ccdc0>,117,18,[5 2],118,422,440,304,422
1,<environment.Job instance at 0x7fd1823cc8c0>,119,13,[4 7],120,451,464,331,435
1,<environment.Job instance at 0x7fd1c5ce05a0>,122,18,[10  1],123,464,482,341,453
1,<environment.Job instance at 0x7fd1c5ce0e60>,138,12,[10  2],139,482,494,343,470
1,<environment.Job instance at 0x7fd1c5ce0820>,139,2,[10  1],140,494,496,354,471
1,<environment.Job instance at 0x7fd1cd070e10>,140,3,[8 2],141,496,499,355,471
1,<environment.Job instance at 0x7fd1cd0708c0>,142,14,[ 1 10],143,499,513,356,485
1,<environment.Job instance at 0x7fd1cc4a8eb0>,145,15,[10  1],146,513,528,367,500
1,<environment.Job instance at 0x7fd1ccb63640>,1,17,[5 6],2,5,22,3,5
1,<environment.Job instance at 0x7fd1c5f2ef00>,8,15,[10  2],9,22,37,13,14
1,<environment.Job instance at 0x7fd1c5f2e050>,12,15,[1 7],13,37,52,24,25
1,<environment.Job instance at 0x7fd1cc9798c0>,13,17,[6 1],14,37,54,23,25
1,<environment.Job instance at 0x7fd1cc9792d0>,16,13,[8 3],17,54,67,37,42
1,<environment.Job instance at 0x7fd18225cdc0>,2,16,[10  1],3,67,83,64,64
1,<environment.Job instance at 0x7fd181fa6e10>,23,12,[5 9],24,83,95,59,66
1,<environment.Job instance at 0x7fd1822bc140>,31,19,[5 5],32,99,118,67,99
1,<environment.Job instance at 0x7fd1c606ac80>,33,18,[8 1],34,118,136,84,108
1,<environment.Job instance at 0x7fd1c5a01640>,37,3,[5 7],38,136,139,98,125
1,<environment.Job instance at 0x7fd181e68e60>,39,12,[7 1],40,139,151,99,125
1,<environment.Job instance at 0x7fd1ccac11e0>,43,14,[5 6],44,151,165,107,144
1,<environment.Job instance at 0x7fd1ccbe4e60>,44,15,[6 4],45,165,180,120,151
1,<environment.Job instance at 0x7fd1cc977fa0>,4,15,[9 5],5,9,24,4,9
1,<environment.Job instance at 0x7fd1821b5820>,10,15,[9 2],11,24,39,13,12
1,<environment.Job instance at 0x7fd181ffbb90>,18,3,[3 9],19,39,42,20,20
1,<environment.Job instance at 0x7fd1821b5af0>,15,12,[9 2],16,42,54,26,25
1,<environment.Job instance at 0x7fd181ffba00>,16,17,[1 8],17,42,59,25,35
1,<environment.Job instance at 0x7fd18231b640>,20,15,[2 8],21,59,74,38,46
1,<environment.Job instance at 0x7fd1cc617be0>,23,14,[4 6],24,74,88,50,60
1,<environment.Job instance at 0x7fd1c5ac7a50>,31,13,[5 2],32,60,73,28,60
1,<environment.Job instance at 0x7fd181e6cf50>,33,14,[9 2],34,88,102,54,73
1,<environment.Job instance at 0x7fd181e6c0a0>,36,3,[2 7],37,102,105,65,83
1,<environment.Job instance at 0x7fd181e6c460>,37,2,[9 5],38,105,107,67,84
1,<environment.Job instance at 0x7fd1cc617410>,24,15,[9 2],25,107,122,82,96
1,<environment.Job instance at 0x7fd1c5ac7eb0>,29,15,[4 6],30,122,137,92,108
1,<environment.Job instance at 0x7fd181fceb40>,42,14,[7 1],43,137,151,94,122
1,<environment.Job instance at 0x7fd1c5c9e230>,50,14,[6 3],51,151,165,100,144
1,<environment.Job instance at 0x7fd1c5c56640>,2,18,[4 9],3,165,183,162,156
1,<environment.Job instance at 0x7fd1c5c9eaa0>,55,13,[10  4],56,183,196,127,167
1,<environment.Job instance at 0x7fd18212db90>,62,13,[ 4 10],63,196,209,133,183
1,<environment.Job instance at 0x7fd18212d6e0>,57,17,[9 1],58,209,226,151,201
1,<environment.Job instance at 0x7fd18212df50>,67,15,[2 5],68,226,241,158,212
1,<environment.Job instance at 0x7fd18212dfa0>,70,12,[8 4],71,226,238,155,216
1,<environment.Job instance at 0x7fd18214b2d0>,74,12,[7 5],75,238,250,163,225
1,<environment.Job instance at 0x7fd18214b730>,82,15,[4 5],83,250,265,167,245
1,<environment.Job instance at 0x7fd18214ba00>,85,18,[4 5],86,250,268,164,249
1,<environment.Job instance at 0x7fd18214bc30>,87,17,[8 3],88,268,285,180,256
1,<environment.Job instance at 0x7fd18214bc80>,89,3,[3 8],90,285,288,195,262
1,<environment.Job instance at 0x7fd18214bdc0>,91,15,[3 7],92,288,303,196,275
1,<environment.Job instance at 0x7fd182161320>,96,15,[3 5],97,303,318,206,289
1,<environment.Job instance at 0x7fd1821616e0>,100,1,[5 1],101,295,296,194,295
1,<environment.Job instance at 0x7fd182161820>,102,15,[ 1 10],103,318,333,215,304
1,<environment.Job instance at 0x7fd182161a00>,105,18,[10  4],106,333,351,227,324
1,<environment.Job instance at 0x7fd182161a50>,107,15,[5 9],108,351,366,243,337
1,<environment.Job instance at 0x7fd182161e60>,111,17,[8 2],112,366,383,254,361
1,<environment.Job instance at 0x7fd182161b90>,114,18,[8 4],115,383,401,268,372
1,<environment.Job instance at 0x7fd182161e10>,2,12,[7 5],3,5,17,2,5
1,<environment.Job instance at 0x7fd1821b5280>,5,14,[6 4],6,17,31,11,9
1,<environment.Job instance at 0x7fd1c5d4d6e0>,9,3,[8 2],10,31,34,21,12
1,<environment.Job instance at 0x7fd1c5ce82d0>,20,12,[1 9],21,35,47,14,35
1,<environment.Job instance at 0x7fd1cc4f1f50>,17,16,[10  4],18,47,63,29,35
1,<environment.Job instance at 0x7fd1cc4f1320>,10,16,[8 2],11,63,79,52,50
1,<environment.Job instance at 0x7fd1c5ff6910>,32,18,[6 5],33,79,97,46,70
1,<environment.Job instance at 0x7fd182050820>,40,17,[9 5],41,97,114,56,86
1,<environment.Job instance at 0x7fd182050e60>,43,12,[2 8],44,114,126,70,98
1,<environment.Job instance at 0x7fd1824c4a00>,50,15,[4 9],51,142,157,91,142
1,<environment.Job instance at 0x7fd1824c4c80>,54,13,[3 8],55,157,170,102,146
1,<environment.Job instance at 0x7fd1cc750b40>,60,12,[4 8],61,170,182,109,153
1,<environment.Job instance at 0x7fd1cc750fa0>,61,16,[6 2],62,157,173,95,153
1,<environment.Job instance at 0x7fd1c5f0e9b0>,66,18,[3 6],67,182,200,115,173
1,<environment.Job instance at 0x7fd181e6cbe0>,70,2,[10  3],71,200,202,129,186
1,<environment.Job instance at 0x7fd1cc750050>,63,18,[3 7],64,202,220,138,196
1,<environment.Job instance at 0x7fd181e6c780>,79,15,[2 8],80,220,235,140,212
1,<environment.Job instance at 0x7fd1820c0be0>,83,12,[10  3],84,235,247,151,221
1,<environment.Job instance at 0x7fd1820c0230>,87,14,[4 5],88,247,261,159,232
1,<environment.Job instance at 0x7fd1cca78f50>,94,17,[6 3],95,266,283,171,266
1,<environment.Job instance at 0x7fd1c599bb40>,98,13,[2 8],99,283,296,184,278
1,<environment.Job instance at 0x7fd1c599b140>,99,14,[ 1 10],100,296,310,196,283
1,<environment.Job instance at 0x7fd1c599b460>,103,13,[5 1],104,310,323,206,302
1,<environment.Job instance at 0x7fd1c599b550>,105,16,[10  3],106,323,339,217,310
1,<environment.Job instance at 0x7fd1c599beb0>,107,3,[2 9],108,339,342,231,322
1,<environment.Job instance at 0x7fd1c59fc690>,109,17,[1 9],110,342,359,232,330
1,<environment.Job instance at 0x7fd1c59fcaf0>,111,14,[8 1],112,339,353,227,337
1,<environment.Job instance at 0x7fd1c59fc3c0>,112,17,[9 5],113,359,376,246,347
1,<environment.Job instance at 0x7fd18202c1e0>,118,2,[10  1],119,376,378,257,356
1,<environment.Job instance at 0x7fd18202c9b0>,128,16,[8 2],129,414,430,285,414
1,<environment.Job instance at 0x7fd1c5c56be0>,137,13,[ 2 10],138,460,473,322,460
1,<environment.Job instance at 0x7fd1822c9be0>,140,18,[7 3],141,473,491,332,462
1,<environment.Job instance at 0x7fd1c5b38b40>,147,18,[1 7],148,474,492,326,474
1,<environment.Job instance at 0x7fd1cd19a1e0>,3,12,[5 8],4,5,17,1,5
1,<environment.Job instance at 0x7fd1c59fcb90>,5,3,[ 1 10],6,17,20,11,6
1,<environment.Job instance at 0x7fd1cc805be0>,6,3,[5 8],7,20,23,13,7
1,<environment.Job instance at 0x7fd1cca787d0>,7,15,[6 1],8,23,38,15,9
1,<environment.Job instance at 0x7fd1820d93c0>,19,13,[3 8],20,23,36,3,22
1,<environment.Job instance at 0x7fd1cc612a50>,15,13,[6 3],16,38,51,22,26
1,<environment.Job instance at 0x7fd1820d9780>,25,13,[4 8],26,51,64,25,42
1,<environment.Job instance at 0x7fd18210dd70>,12,18,[2 9],13,64,82,51,53
1,<environment.Job instance at 0x7fd1820d9230>,29,13,[4 7],30,82,95,52,66
1,<environment.Job instance at 0x7fd1820d9af0>,33,12,[9 5],34,95,107,61,78
1,<environment.Job instance at 0x7fd1820d9c30>,34,18,[ 3 10],35,107,125,72,96
1,<environment.Job instance at 0x7fd1820d92d0>,38,16,[7 5],39,125,141,86,113
1,<environment.Job instance at 0x7fd1c5b6a1e0>,45,15,[1 9],46,141,156,95,132
1,<environment.Job instance at 0x7fd1c5b6adc0>,51,14,[10  5],52,156,170,104,142
1,<environment.Job instance at 0x7fd1cc6cf230>,55,15,[7 2],56,170,185,114,158
1,<environment.Job instance at 0x7fd1c5b6ac30>,46,18,[1 8],47,170,188,123,159
1,<environment.Job instance at 0x7fd1cc6cf8c0>,59,13,[5 1],60,185,198,125,169
1,<environment.Job instance at 0x7fd1820d9fa0>,36,14,[5 5],37,188,202,151,173
1,<environment.Job instance at 0x7fd1824dadc0>,3,2,[7 5],4,4,6,0,4
1,<environment.Job instance at 0x7fd1cc8052d0>,4,1,[6 5],5,6,7,1,5
1,<environment.Job instance at 0x7fd1cc805730>,6,15,[6 4],7,7,22,0,7
1,<environment.Job instance at 0x7fd1c5a44c30>,7,3,[9 3],8,22,25,14,8
1,<environment.Job instance at 0x7fd1cca789b0>,8,14,[3 7],9,25,39,16,11
1,<environment.Job instance at 0x7fd181d3d8c0>,16,17,[7 1],17,25,42,8,20
1,<environment.Job instance at 0x7fd1cc55a4b0>,21,1,[5 3],22,42,43,20,29
1,<environment.Job instance at 0x7fd181f12320>,12,14,[1 7],13,39,53,26,30
1,<environment.Job instance at 0x7fd1ccb5e370>,24,1,[1 9],25,53,54,28,30
1,<environment.Job instance at 0x7fd1ccb5efa0>,27,12,[8 1],28,43,55,15,30
1,<environment.Job instance at 0x7fd18249c9b0>,13,16,[10  5],14,58,74,44,58
1,<environment.Job instance at 0x7fd181e08b90>,34,14,[ 1 10],35,74,88,39,61
1,<environment.Job instance at 0x7fd1c5d8b4b0>,41,15,[4 5],42,88,103,46,75
1,<environment.Job instance at 0x7fd1c5d8b5a0>,43,13,[5 1],44,88,101,44,83
1,<environment.Job instance at 0x7fd1cc9f2870>,44,13,[6 3],45,101,114,56,88
1,<environment.Job instance at 0x7fd1ccba8190>,46,12,[3 9],47,114,126,67,102
1,<environment.Job instance at 0x7fd1c5a440a0>,0,14,[2 6],1,9,23,8,9
1,<environment.Job instance at 0x7fd18219d9b0>,10,14,[10  1],11,23,37,12,13
1,<environment.Job instance at 0x7fd1ccc24e10>,6,15,[4 7],7,37,52,30,23
1,<environment.Job instance at 0x7fd1824dd0a0>,20,3,[5 5],21,52,55,31,28
1,<environment.Job instance at 0x7fd1cc7e7460>,13,15,[7 2],14,55,70,41,42
1,<environment.Job instance at 0x7fd1824dd5a0>,21,12,[ 5 10],22,70,82,48,58
1,<environment.Job instance at 0x7fd1cc9ec5f0>,30,13,[4 7],31,82,95,51,67
1,<environment.Job instance at 0x7fd1cc4e5be0>,33,12,[5 5],34,95,107,61,81
1,<environment.Job instance at 0x7fd1cc7ccf00>,35,13,[10  4],36,107,120,71,91
1,<environment.Job instance at 0x7fd18254c4b0>,39,13,[8 2],40,120,133,80,106
1,<environment.Job instance at 0x7fd1c5ba9c80>,43,18,[10  1],44,133,151,89,122
1,<environment.Job instance at 0x7fd1cc50ccd0>,31,18,[4 6],32,151,169,119,144
1,<environment.Job instance at 0x7fd1c5eac0a0>,48,3,[9 1],49,169,172,120,145
1,<environment.Job instance at 0x7fd1c5ff65a0>,50,2,[5 6],51,172,174,121,150
1,<environment.Job instance at 0x7fd1cc68eeb0>,46,17,[ 2 10],47,174,191,127,163
1,<environment.Job instance at 0x7fd18209a0f0>,55,13,[7 3],56,191,204,135,177
1,<environment.Job instance at 0x7fd1ccf563c0>,38,18,[4 6],39,204,222,165,196
1,<environment.Job instance at 0x7fd181e65730>,62,16,[7 2],63,222,238,159,214
1,<environment.Job instance at 0x7fd1ccc24d70>,1,3,[2 5],2,2,5,0,2
1,<environment.Job instance at 0x7fd181c39d70>,2,13,[3 8],3,5,18,2,3
1,<environment.Job instance at 0x7fd1c5a0a280>,3,12,[5 7],4,18,30,14,7
1,<environment.Job instance at 0x7fd1c5daebe0>,9,2,[2 7],10,30,32,20,10
1,<environment.Job instance at 0x7fd1c5dae5a0>,10,3,[1 7],11,32,35,21,11
1,<environment.Job instance at 0x7fd1c5dae8c0>,8,15,[5 5],9,35,50,26,22
1,<environment.Job instance at 0x7fd1822a7280>,20,16,[10  1],21,50,66,29,39
1,<environment.Job instance at 0x7fd1c5cf9820>,23,13,[5 5],24,66,79,42,50
1,<environment.Job instance at 0x7fd1c5cf9230>,30,13,[4 5],31,66,79,35,57
1,<environment.Job instance at 0x7fd1c5cf93c0>,31,15,[5 5],32,79,94,47,66
1,<environment.Job instance at 0x7fd1c5cf9b40>,33,14,[5 2],34,79,93,45,67
1,<environment.Job instance at 0x7fd1c5dae2d0>,13,17,[10  4],14,94,111,80,82
1,<environment.Job instance at 0x7fd1c5eca5f0>,42,15,[9 5],43,111,126,68,97
1,<environment.Job instance at 0x7fd1c5eca0a0>,48,3,[9 2],49,126,129,77,104
1,<environment.Job instance at 0x7fd181c06140>,50,13,[4 7],51,129,142,78,114
1,<environment.Job instance at 0x7fd181c06dc0>,56,2,[6 4],57,142,144,85,117
1,<environment.Job instance at 0x7fd181c06f50>,58,3,[2 6],59,142,145,83,128
1,<environment.Job instance at 0x7fd181c06fa0>,60,13,[1 5],61,145,158,84,131
1,<environment.Job instance at 0x7fd181c069b0>,64,3,[5 7],65,158,161,93,132
1,<environment.Job instance at 0x7fd1c5dae910>,1,2,[6 1],2,2,4,0,2
1,<environment.Job instance at 0x7fd181d52960>,3,2,[5 6],4,5,7,1,5
1,<environment.Job instance at 0x7fd182468d20>,5,18,[10  1],6,7,25,1,6
1,<environment.Job instance at 0x7fd1c5a066e0>,7,13,[8 1],8,25,38,17,10
1,<environment.Job instance at 0x7fd181c37d20>,17,2,[5 2],18,38,40,20,18
1,<environment.Job instance at 0x7fd1c6047960>,13,1,[1 8],14,25,26,11,21
1,<environment.Job instance at 0x7fd181c56eb0>,21,2,[5 4],22,38,40,16,22
1,<environment.Job instance at 0x7fd1c5cf9c80>,0,13,[10  5],1,40,53,39,26
1,<environment.Job instance at 0x7fd181c568c0>,24,18,[5 8],25,53,71,28,42
1,<environment.Job instance at 0x7fd1824e73c0>,33,13,[5 5],34,71,84,37,55
1,<environment.Job instance at 0x7fd1824e7be0>,29,16,[3 7],30,84,100,54,71
1,<environment.Job instance at 0x7fd1c606a410>,39,15,[10  1],40,100,115,60,87
1,<environment.Job instance at 0x7fd1c5a28320>,47,3,[10  2],48,115,118,67,101
1,<environment.Job instance at 0x7fd1822ce7d0>,42,14,[8 4],43,118,132,75,103
1,<environment.Job instance at 0x7fd1820959b0>,26,17,[5 7],27,132,149,105,120
1,<environment.Job instance at 0x7fd181de1050>,58,12,[4 6],59,149,161,90,135
1,<environment.Job instance at 0x7fd181de1140>,60,13,[5 7],61,161,174,100,147
1,<environment.Job instance at 0x7fd181de12d0>,59,14,[7 4],60,174,188,114,160
1,<environment.Job instance at 0x7fd181de1f50>,61,17,[ 5 10],62,188,205,126,177
1,<environment.Job instance at 0x7fd182551280>,67,17,[4 5],68,205,222,137,193
1,<environment.Job instance at 0x7fd182551320>,68,2,[4 7],69,222,224,153,196
1,<environment.Job instance at 0x7fd1825515a0>,69,1,[7 5],70,224,225,154,196
1,<environment.Job instance at 0x7fd1c5d32500>,72,2,[1 8],73,225,227,152,205
1,<environment.Job instance at 0x7fd182530e10>,73,14,[7 2],74,225,239,151,210
1,<environment.Job instance at 0x7fd18210b1e0>,76,15,[2 9],77,239,254,162,225
1,<environment.Job instance at 0x7fd18255cbe0>,78,18,[5 5],79,254,272,175,243
1,<environment.Job instance at 0x7fd1820f9870>,81,14,[5 7],82,272,286,190,257
1,<environment.Job instance at 0x7fd182545730>,84,13,[5 9],85,286,299,201,271
1,<environment.Job instance at 0x7fd182545af0>,86,15,[8 4],87,299,314,212,285
1,<environment.Job instance at 0x7fd1825457d0>,90,15,[1 8],91,314,329,223,301
1,<environment.Job instance at 0x7fd1c59f6d70>,94,12,[5 4],95,329,341,234,315
1,<environment.Job instance at 0x7fd1820eedc0>,97,14,[3 8],98,341,355,243,328
1,<environment.Job instance at 0x7fd1cc685640>,102,17,[9 3],103,355,372,252,344
1,<environment.Job instance at 0x7fd182120780>,106,18,[9 5],107,372,390,265,361
1,<environment.Job instance at 0x7fd1821202d0>,109,16,[ 2 10],110,390,406,280,377
1,<environment.Job instance at 0x7fd1821205f0>,113,15,[ 4 10],114,406,421,292,392
1,<environment.Job instance at 0x7fd1c5c9d910>,119,13,[3 6],120,421,434,301,410
1,<environment.Job instance at 0x7fd1c5c9dc80>,123,17,[ 4 10],124,434,451,310,423
1,<environment.Job instance at 0x7fd1c5d17690>,132,13,[5 5],133,478,491,345,478
1,<environment.Job instance at 0x7fd1c5d17b90>,133,12,[1 5],134,478,490,344,478
1,<environment.Job instance at 0x7fd1c5ca6be0>,137,13,[2 9],138,491,504,353,491
1,<environment.Job instance at 0x7fd1c5ccd3c0>,138,13,[7 3],139,504,517,365,492
1,<environment.Job instance at 0x7fd1c5ccd050>,140,16,[1 7],141,504,520,363,493
1,<environment.Job instance at 0x7fd1822a7910>,10,2,[5 1],11,12,14,1,12
1,<environment.Job instance at 0x7fd181c80910>,3,18,[2 7],4,13,31,9,13
1,<environment.Job instance at 0x7fd1822a76e0>,18,12,[9 5],19,35,47,16,35
1,<environment.Job instance at 0x7fd18225c0a0>,21,13,[1 5],22,35,48,13,35
1,<environment.Job instance at 0x7fd18225c3c0>,22,15,[7 5],23,47,62,24,35
1,<environment.Job instance at 0x7fd1ccba8410>,26,18,[6 5],27,62,80,35,51
1,<environment.Job instance at 0x7fd1c5aca2d0>,36,15,[8 4],37,80,95,43,69
1,<environment.Job instance at 0x7fd1ccb92140>,40,13,[7 3],41,95,108,54,80
1,<environment.Job instance at 0x7fd18223b1e0>,43,12,[9 4],44,108,120,64,94
1,<environment.Job instance at 0x7fd1cc5bc820>,53,3,[7 2],54,120,123,66,94
1,<environment.Job instance at 0x7fd1cc5bcd70>,60,15,[3 9],61,130,145,69,130
1,<environment.Job instance at 0x7fd1c5c15d20>,69,2,[5 8],70,145,147,75,144
1,<environment.Job instance at 0x7fd1c5c153c0>,64,16,[ 5 10],65,147,163,82,144
1,<environment.Job instance at 0x7fd1c5c15f50>,71,14,[ 5 10],72,163,177,91,149
1,<environment.Job instance at 0x7fd1c5cb9140>,1,18,[ 5 10],2,177,195,175,168
1,<environment.Job instance at 0x7fd1c5c15dc0>,76,13,[4 7],77,195,208,118,184
1,<environment.Job instance at 0x7fd18205e960>,80,15,[9 1],81,208,223,127,195
1,<environment.Job instance at 0x7fd1ccbf5a00>,84,16,[2 6],85,223,239,138,211
1,<environment.Job instance at 0x7fd1cca59910>,86,17,[7 1],87,223,240,136,221
1,<environment.Job instance at 0x7fd181fa6960>,92,15,[1 7],93,239,254,146,227
1,<environment.Job instance at 0x7fd181d25e10>,95,17,[6 3],96,240,257,144,234
1,<environment.Job instance at 0x7fd18217c5f0>,99,12,[5 4],100,257,269,157,245
1,<environment.Job instance at 0x7fd18217c9b0>,101,2,[8 5],102,269,271,167,252
1,<environment.Job instance at 0x7fd181fe4500>,102,16,[8 2],103,271,287,168,260
1,<environment.Job instance at 0x7fd1cc979b40>,113,15,[ 5 10],114,287,302,173,274
1,<environment.Job instance at 0x7fd1cc979aa0>,117,12,[10  3],118,302,314,184,286
1,<environment.Job instance at 0x7fd1cc979c80>,119,14,[ 5 10],120,314,328,194,299
1,<environment.Job instance at 0x7fd1cc979500>,122,18,[6 5],123,328,346,205,317
1,<environment.Job instance at 0x7fd1cc9790f0>,127,16,[6 3],128,346,362,218,334
1,<environment.Job instance at 0x7fd1cc894460>,131,16,[7 1],132,362,378,230,349
1,<environment.Job instance at 0x7fd1cc8944b0>,136,17,[10  5],137,378,395,241,370
1,<environment.Job instance at 0x7fd1cc894a00>,140,12,[4 7],141,395,407,254,379
1,<environment.Job instance at 0x7fd1cc894eb0>,144,18,[1 8],145,407,425,262,398
1,<environment.Job instance at 0x7fd1cc8a6140>,3,12,[1 5],4,4,16,0,4
1,<environment.Job instance at 0x7fd1824cf9b0>,5,13,[1 9],6,16,29,10,6
1,<environment.Job instance at 0x7fd1cc8a64b0>,6,17,[7 1],7,21,38,14,21
1,<environment.Job instance at 0x7fd1820e60a0>,18,14,[3 5],19,29,43,10,22
1,<environment.Job instance at 0x7fd1820e64b0>,19,16,[6 3],20,38,54,18,25
1,<environment.Job instance at 0x7fd1820e6b40>,21,13,[6 4],22,54,67,32,40
1,<environment.Job instance at 0x7fd181c16730>,24,14,[7 5],25,67,81,42,57
1,<environment.Job instance at 0x7fd1cc921fa0>,29,14,[ 2 10],30,81,95,51,69
1,<environment.Job instance at 0x7fd1cc9213c0>,31,2,[2 9],32,95,97,63,70
1,<environment.Job instance at 0x7fd1cc921910>,37,14,[5 4],38,97,111,59,82
1,<environment.Job instance at 0x7fd1cc9215f0>,41,12,[8 3],42,111,123,69,94
1,<environment.Job instance at 0x7fd1cc921b90>,44,17,[5 1],45,123,140,78,111
1,<environment.Job instance at 0x7fd181c0b2d0>,50,15,[4 6],51,126,141,75,126
1,<environment.Job instance at 0x7fd181c0b6e0>,51,2,[8 5],52,141,143,89,126
1,<environment.Job instance at 0x7fd181c0b410>,53,16,[8 1],54,143,159,89,130
1,<environment.Job instance at 0x7fd181c0beb0>,54,17,[5 5],55,159,176,104,147
1,<environment.Job instance at 0x7fd181c0b4b0>,57,15,[5 3],58,159,174,101,150
1,<environment.Job instance at 0x7fd181c0b3c0>,62,13,[4 8],63,176,189,113,160
1,<environment.Job instance at 0x7fd181c0baf0>,70,13,[10  5],71,189,202,118,173
1,<environment.Job instance at 0x7fd1c59fc8c0>,74,18,[2 9],75,202,220,127,196
1,<environment.Job instance at 0x7fd1820e6c80>,16,17,[ 2 10],17,220,237,203,208
1,<environment.Job instance at 0x7fd181c308c0>,81,15,[4 5],82,237,252,155,225
1,<environment.Job instance at 0x7fd181c30d70>,83,14,[1 6],84,252,266,168,237
1,<environment.Job instance at 0x7fd181c30aa0>,87,17,[10  1],88,266,283,178,255
1,<environment.Job instance at 0x7fd181c306e0>,92,14,[5 4],93,284,298,191,284
1,<environment.Job instance at 0x7fd181c30820>,95,3,[10  2],96,298,301,202,285
1,<environment.Job instance at 0x7fd181c30dc0>,96,3,[5 3],97,285,288,188,285
1,<environment.Job instance at 0x7fd181c30410>,97,3,[5 8],98,301,304,203,285
1,<environment.Job instance at 0x7fd181c30a50>,98,3,[9 1],99,304,307,205,285
1,<environment.Job instance at 0x7fd1cc5b9780>,99,1,[2 5],100,288,289,188,285
1,<environment.Job instance at 0x7fd1cc5b9280>,104,12,[ 3 10],105,307,319,202,300
1,<environment.Job instance at 0x7fd1cc5b9960>,105,13,[10  4],106,319,332,213,305
1,<environment.Job instance at 0x7fd1cc5b9d20>,110,14,[8 4],111,332,346,221,321
1,<environment.Job instance at 0x7fd1cc5b9eb0>,116,12,[8 4],117,346,358,229,334
1,<environment.Job instance at 0x7fd1c6065e60>,119,14,[ 4 10],120,358,372,238,349
1,<environment.Job instance at 0x7fd1c6065640>,121,16,[5 5],122,372,388,250,361
1,<environment.Job instance at 0x7fd1c60659b0>,126,16,[ 3 10],127,388,404,261,378
1,<environment.Job instance at 0x7fd181c0bf00>,59,18,[4 9],60,404,422,344,395
1,<environment.Job instance at 0x7fd1cca784b0>,137,15,[3 7],138,422,437,284,409
1,<environment.Job instance at 0x7fd1cc421870>,141,15,[3 7],142,437,452,295,423
1,<environment.Job instance at 0x7fd1cc421690>,144,16,[8 1],145,452,468,307,441
1,<environment.Job instance at 0x7fd1cc421960>,146,17,[5 4],147,468,485,321,456
1,<environment.Job instance at 0x7fd1cc421500>,148,15,[1 7],149,485,500,336,471
1,<environment.Job instance at 0x7fd181c30d20>,86,15,[9 5],87,557,572,470,557
1,<environment.Job instance at 0x7fd1820e6320>,1,1,[4 8],2,2,3,0,2
1,<environment.Job instance at 0x7fd1cc590410>,6,13,[6 4],7,9,22,2,9
1,<environment.Job instance at 0x7fd1ccc3c0a0>,3,17,[5 3],4,22,39,18,11
1,<environment.Job instance at 0x7fd181f2f910>,15,3,[10  5],16,39,42,23,24
1,<environment.Job instance at 0x7fd181f2f820>,16,17,[6 5],17,42,59,25,30
1,<environment.Job instance at 0x7fd181f2f550>,20,3,[2 8],21,59,62,38,37
1,<environment.Job instance at 0x7fd181f2fe10>,22,3,[5 7],23,62,65,39,48
1,<environment.Job instance at 0x7fd181f2fbe0>,23,13,[3 9],24,65,78,41,49
1,<environment.Job instance at 0x7fd181f2fb90>,27,15,[10  1],28,78,93,50,67
1,<environment.Job instance at 0x7fd181f3e9b0>,33,18,[6 3],34,94,112,60,94
1,<environment.Job instance at 0x7fd181f3ee10>,34,2,[ 3 10],35,112,114,77,94
1,<environment.Job instance at 0x7fd181f3e1e0>,35,1,[9 1],36,114,115,78,94
1,<environment.Job instance at 0x7fd181f3e2d0>,37,3,[10  4],38,115,118,77,95
1,<environment.Job instance at 0x7fd181f3e460>,39,17,[10  5],40,118,135,78,107
1,<environment.Job instance at 0x7fd181f2fb40>,29,16,[3 8],30,135,151,105,124
1,<environment.Job instance at 0x7fd181f3f690>,48,17,[6 1],49,135,152,86,125
1,<environment.Job instance at 0x7fd181f45aa0>,57,14,[5 3],58,152,166,94,137
1,<environment.Job instance at 0x7fd181f45d20>,59,16,[4 7],60,151,167,91,150
1,<environment.Job instance at 0x7fd181f45050>,61,14,[8 4],62,167,181,105,152
1,<environment.Job instance at 0x7fd181f453c0>,67,17,[6 2],68,181,198,113,169
1,<environment.Job instance at 0x7fd181f455f0>,69,14,[4 8],70,181,195,111,175
1,<environment.Job instance at 0x7fd181f26690>,74,17,[3 7],75,195,212,120,184
1,<environment.Job instance at 0x7fd181f26e60>,79,15,[9 4],80,212,227,132,198
1,<environment.Job instance at 0x7fd181f2f690>,24,17,[9 4],25,227,244,202,215
1,<environment.Job instance at 0x7fd181f26960>,87,18,[1 6],88,230,248,142,230
1,<environment.Job instance at 0x7fd181f267d0>,88,16,[6 3],89,244,260,155,238
1,<environment.Job instance at 0x7fd181f26460>,91,13,[5 5],92,260,273,168,252
1,<environment.Job instance at 0x7fd181f264b0>,92,16,[8 5],93,273,289,180,260
1,<environment.Job instance at 0x7fd181f30cd0>,96,13,[5 4],97,289,302,192,278
1,<environment.Job instance at 0x7fd181f306e0>,102,12,[7 5],103,302,314,199,285
1,<environment.Job instance at 0x7fd181f309b0>,105,12,[5 6],106,314,326,208,298
1,<environment.Job instance at 0x7fd181f30f50>,107,15,[4 6],108,326,341,218,313
1,<environment.Job instance at 0x7fd181f30730>,111,15,[8 2],112,341,356,229,329
1,<environment.Job instance at 0x7f8666b80280>,0,17,[6 1],1,4,21,3,4
1,<environment.Job instance at 0x7f8661770780>,9,12,[8 2],10,21,33,11,10
1,<environment.Job instance at 0x7f8661770a00>,11,3,[4 9],12,12,15,0,12
1,<environment.Job instance at 0x7f8661770dc0>,17,12,[5 1],18,33,45,15,26
1,<environment.Job instance at 0x7f8661770690>,8,17,[1 8],9,50,67,41,50
1,<environment.Job instance at 0x7f8661770f00>,20,3,[10  5],21,67,70,46,50
1,<environment.Job instance at 0x7f86617731e0>,23,16,[6 2],24,70,86,46,57
1,<environment.Job instance at 0x7f8661773870>,27,17,[4 6],28,73,90,45,73
1,<environment.Job instance at 0x7f8661773d70>,35,16,[1 9],36,99,115,63,99
1,<environment.Job instance at 0x7f8661773eb0>,37,14,[5 8],38,115,129,77,105
1,<environment.Job instance at 0x7f8661775410>,45,15,[7 5],46,129,144,83,128
1,<environment.Job instance at 0x7f86617753c0>,48,12,[9 2],49,144,156,95,132
1,<environment.Job instance at 0x7f8666b80190>,2,14,[ 2 10],3,156,170,153,143
1,<environment.Job instance at 0x7f8661775a50>,52,2,[ 2 10],53,170,172,117,143
1,<environment.Job instance at 0x7f86617755a0>,49,17,[10  2],50,172,189,122,160
1,<environment.Job instance at 0x7f8661770aa0>,13,18,[5 9],14,189,207,175,178
1,<environment.Job instance at 0x7f8661777640>,67,16,[1 9],68,207,223,139,195
1,<environment.Job instance at 0x7f86617775a0>,69,14,[9 4],70,223,237,153,209
1,<environment.Job instance at 0x7f866177a0a0>,78,14,[6 1],79,237,251,158,227
1,<environment.Job instance at 0x7f8661777cd0>,76,13,[10  1],77,251,264,174,235
1,<environment.Job instance at 0x7f866177a500>,85,15,[1 7],86,264,279,178,250
1,<environment.Job instance at 0x7f866177a8c0>,91,18,[5 4],92,279,297,187,269
1,<environment.Job instance at 0x7f866177a960>,92,12,[5 5],93,279,291,186,270
1,<environment.Job instance at 0x7f866177e410>,101,15,[2 7],102,297,312,195,283
1,<environment.Job instance at 0x7f866177e550>,103,16,[1 9],104,312,328,208,299
1,<environment.Job instance at 0x7f8661767050>,107,18,[5 5],108,328,346,220,317
1,<environment.Job instance at 0x7f86617d98c0>,112,12,[1 6],113,346,358,233,330
1,<environment.Job instance at 0x7f86617675f0>,113,17,[5 1],114,330,347,216,330
1,<environment.Job instance at 0x7f8661826f50>,118,16,[5 2],119,347,363,228,341
1,<environment.Job instance at 0x7f8661763320>,122,18,[7 5],123,363,381,240,360
1,<environment.Job instance at 0x7f8661829a50>,127,14,[7 2],128,381,395,253,368
1,<environment.Job instance at 0x7f866181eb90>,131,13,[3 8],132,381,394,249,373
1,<environment.Job instance at 0x7f866180a5a0>,130,17,[9 5],131,395,412,264,384
1,<environment.Job instance at 0x7f866187e0a0>,141,14,[ 3 10],142,412,426,270,400
1,<environment.Job instance at 0x7f86618901e0>,145,3,[9 2],146,426,429,280,415
1,<environment.Job instance at 0x7f86618907d0>,146,13,[10  5],147,429,442,282,417
1,<environment.Job instance at 0x7f866189fe10>,150,12,[5 1],151,442,454,291,436
1,<environment.Job instance at 0x7f86618cb5f0>,155,17,[10  4],156,454,471,298,444
1,<environment.Job instance at 0x7f8661785be0>,3,2,[9 4],4,4,6,0,4
1,<environment.Job instance at 0x7f8661791b90>,8,2,[8 1],9,10,12,1,10
1,<environment.Job instance at 0x7f8661791f00>,10,17,[4 7],11,12,29,1,12
1,<environment.Job instance at 0x7f8661791cd0>,12,3,[8 5],13,29,32,16,18
1,<environment.Job instance at 0x7f8661715140>,16,3,[10  3],17,32,35,15,18
1,<environment.Job instance at 0x7f86617150a0>,17,16,[8 4],18,35,51,17,22
1,<environment.Job instance at 0x7f8661715dc0>,22,1,[8 3],23,51,52,28,29
1,<environment.Job instance at 0x7f86617157d0>,23,3,[2 5],24,29,32,5,29
1,<environment.Job instance at 0x7f86617910f0>,9,14,[ 5 10],10,52,66,42,38
1,<environment.Job instance at 0x7f8661715960>,26,17,[9 1],27,66,83,39,55
1,<environment.Job instance at 0x7f8661717780>,36,3,[7 5],37,83,86,46,74
1,<environment.Job instance at 0x7f8661717cd0>,43,14,[5 9],44,99,113,55,99
1,<environment.Job instance at 0x7f8661717be0>,41,14,[ 1 10],42,113,127,71,104
1,<environment.Job instance at 0x7f861baf7820>,49,15,[5 5],50,127,142,77,126
1,<environment.Job instance at 0x7f866178fe10>,4,14,[10  5],5,160,174,155,160
1,<environment.Job instance at 0x7f861bb75f00>,62,15,[8 2],63,174,189,111,171
1,<environment.Job instance at 0x7f861baf6aa0>,67,12,[4 8],68,203,215,135,203
1,<environment.Job instance at 0x7f861baf60a0>,69,13,[4 5],70,215,228,145,204
1,<environment.Job instance at 0x7f861bc3a500>,1,2,[9 2],2,3,5,1,3
1,<environment.Job instance at 0x7f8661786140>,4,2,[5 8],5,5,7,0,5
1,<environment.Job instance at 0x7f86614f1280>,13,12,[2 7],14,14,26,0,14
1,<environment.Job instance at 0x7f861bb4ef00>,14,1,[10  5],15,26,27,11,15
1,<environment.Job instance at 0x7f861bb4eaf0>,15,3,[10  5],16,27,30,11,16
1,<environment.Job instance at 0x7f861bb4e640>,18,3,[10  2],19,30,33,11,19
1,<environment.Job instance at 0x7f861bab0dc0>,19,15,[ 2 10],20,33,48,13,23
1,<environment.Job instance at 0x7f861bab0280>,22,17,[5 9],23,48,65,25,36
1,<environment.Job instance at 0x7f86614d5230>,34,16,[5 2],35,80,96,45,80
1,<environment.Job instance at 0x7f8661994fa0>,37,14,[3 6],38,86,100,48,86
1,<environment.Job instance at 0x7f86615534b0>,38,12,[6 4],39,96,108,57,86
1,<environment.Job instance at 0x7f861b9bc410>,39,2,[8 2],40,108,110,68,86
1,<environment.Job instance at 0x7f861b9ed050>,41,3,[6 1],42,110,113,68,86
1,<environment.Job instance at 0x7f86615cc230>,44,14,[3 8],45,110,124,65,107
1,<environment.Job instance at 0x7f861b9debe0>,48,16,[5 2],49,115,131,66,115
1,<environment.Job instance at 0x7f861b9de690>,50,12,[3 8],51,124,136,73,120
1,<environment.Job instance at 0x7f861b9b8410>,57,13,[ 5 10],58,184,197,126,184
1,<environment.Job instance at 0x7f861b9b86e0>,64,17,[6 1],65,256,273,191,256
1,<environment.Job instance at 0x7f861bdd0460>,1,15,[7 1],2,2,17,0,2
1,<environment.Job instance at 0x7f861bdafa50>,2,3,[8 3],3,17,20,14,3
1,<environment.Job instance at 0x7f861bd447d0>,3,2,[9 1],4,20,22,16,4
1,<environment.Job instance at 0x7f861bc5b140>,6,2,[ 3 10],7,22,24,15,8
1,<environment.Job instance at 0x7f861be34780>,9,3,[5 8],10,24,27,14,10
1,<environment.Job instance at 0x7f8661552b40>,0,13,[5 5],1,27,40,26,14
1,<environment.Job instance at 0x7f861be34e60>,10,15,[2 5],11,27,42,16,16
1,<environment.Job instance at 0x7f861bdf8f00>,12,17,[4 5],13,40,57,27,29
1,<environment.Job instance at 0x7f86617548c0>,23,16,[6 5],24,46,62,22,46
1,<environment.Job instance at 0x7f86623228c0>,16,16,[1 9],17,62,78,45,50
1,<environment.Job instance at 0x7f861bdf9b90>,22,16,[10  4],23,78,94,55,74
1,<environment.Job instance at 0x7f8661a8ae60>,34,16,[6 1],35,94,110,59,83
1,<environment.Job instance at 0x7f86617ddbe0>,35,3,[4 6],36,94,97,58,83
1,<environment.Job instance at 0x7f8661a8aa50>,38,13,[9 1],39,110,123,71,100
1,<environment.Job instance at 0x7f8661869280>,43,2,[7 2],44,123,125,79,107
1,<environment.Job instance at 0x7f86618691e0>,44,3,[ 5 10],45,125,128,80,110
1,<environment.Job instance at 0x7f8661880eb0>,29,18,[5 8],30,128,146,98,117
1,<environment.Job instance at 0x7f8661d91550>,49,18,[1 7],50,146,164,96,135
1,<environment.Job instance at 0x7f8661bc3500>,30,18,[ 2 10],31,164,182,133,159
1,<environment.Job instance at 0x7f86615596e0>,55,18,[4 6],56,198,216,142,198
1,<environment.Job instance at 0x7f86619e6a50>,74,16,[ 5 10],75,216,232,141,207
1,<environment.Job instance at 0x7f8661840500>,73,17,[4 7],74,232,249,158,220
1,<environment.Job instance at 0x7f8661c220a0>,83,12,[8 2],84,249,261,165,232
1,<environment.Job instance at 0x7f866188f320>,84,16,[1 5],85,249,265,164,237
1,<environment.Job instance at 0x7f86617a9b90>,88,13,[5 5],89,261,274,172,246
1,<environment.Job instance at 0x7f86617a97d0>,93,14,[6 5],94,274,288,180,259
1,<environment.Job instance at 0x7f86617c1aa0>,96,12,[10  1],97,288,300,191,272
1,<environment.Job instance at 0x7f86617a9eb0>,87,18,[10  5],88,300,318,212,289
1,<environment.Job instance at 0x7f8661a38320>,110,16,[10  1],111,318,334,207,317
1,<environment.Job instance at 0x7f861bdefb40>,0,17,[5 2],1,7,24,6,7
1,<environment.Job instance at 0x7f86617d3960>,9,16,[7 4],10,24,40,14,12
1,<environment.Job instance at 0x7f861bdcc230>,6,16,[8 2],7,40,56,33,28
1,<environment.Job instance at 0x7f8661b8d230>,15,13,[5 7],16,56,69,40,44
1,<environment.Job instance at 0x7f86618cbaa0>,1,18,[4 9],2,69,87,67,58
1,<environment.Job instance at 0x7f8661b8daf0>,22,16,[5 4],23,87,103,64,77
1,<environment.Job instance at 0x7f8661b8d2d0>,25,15,[5 6],26,87,102,61,87
1,<environment.Job instance at 0x7f8661b8d7d0>,27,14,[7 2],28,103,117,75,88
1,<environment.Job instance at 0x7f861c0b4910>,11,18,[ 3 10],12,117,135,105,106
1,<environment.Job instance at 0x7f8661ad33c0>,32,3,[3 7],33,106,109,73,106
1,<environment.Job instance at 0x7f8661ad3be0>,34,17,[3 5],35,135,152,100,124
1,<environment.Job instance at 0x7f8661ad35a0>,36,14,[6 5],37,135,149,98,125
1,<environment.Job instance at 0x7f8661ad3f50>,39,13,[10  5],40,152,165,112,140
1,<environment.Job instance at 0x7f8661ad3b40>,45,15,[4 7],46,165,180,119,151
1,<environment.Job instance at 0x7f8661ad34b0>,47,17,[8 4],48,180,197,132,168
1,<environment.Job instance at 0x7f861bebea50>,49,15,[ 2 10],50,197,212,147,184
1,<environment.Job instance at 0x7f86621f16e0>,5,14,[7 3],6,12,26,6,12
1,<environment.Job instance at 0x7f86617d0690>,12,1,[5 5],13,26,27,13,13
1,<environment.Job instance at 0x7f86617d06e0>,14,14,[4 6],15,27,41,12,15
1,<environment.Job instance at 0x7f86617def00>,18,15,[5 5],19,41,56,22,27
1,<environment.Job instance at 0x7f86617decd0>,21,18,[5 9],22,56,74,34,49
1,<environment.Job instance at 0x7f86617de0a0>,23,18,[3 7],24,74,92,50,64
1,<environment.Job instance at 0x7f86617ded20>,31,15,[6 3],32,74,89,42,64
1,<environment.Job instance at 0x7f86624a0410>,36,13,[6 5],37,92,105,55,76
1,<environment.Job instance at 0x7f86624a00a0>,38,12,[5 5],39,105,117,66,88
1,<environment.Job instance at 0x7f86624a02d0>,42,2,[3 6],43,117,119,74,106
1,<environment.Job instance at 0x7f8661b8dc30>,1,12,[3 9],2,119,131,117,115
1,<environment.Job instance at 0x7f86624a0c80>,44,18,[3 6],45,131,149,86,120
1,<environment.Job instance at 0x7f8661741780>,54,16,[2 7],55,149,165,94,136
1,<environment.Job instance at 0x7f8661741690>,55,17,[6 3],56,152,169,96,152
1,<environment.Job instance at 0x7f86617418c0>,59,12,[7 5],60,169,181,109,152
1,<environment.Job instance at 0x7f86617416e0>,64,12,[10  2],65,192,204,127,192
1,<environment.Job instance at 0x7f8661741640>,66,13,[9 1],67,204,217,137,193
1,<environment.Job instance at 0x7f8662089eb0>,3,2,[7 5],4,4,6,0,4
1,<environment.Job instance at 0x7f861be249b0>,4,13,[5 7],5,7,20,2,7
1,<environment.Job instance at 0x7f861be24500>,9,12,[1 6],10,20,32,10,10
1,<environment.Job instance at 0x7f86616036e0>,10,18,[6 4],11,20,38,9,16
1,<environment.Job instance at 0x7f86621bbe60>,5,17,[8 5],6,38,55,32,26
1,<environment.Job instance at 0x7f8661d949b0>,19,14,[5 3],20,55,69,35,43
1,<environment.Job instance at 0x7f86618fe5a0>,23,2,[9 1],24,69,71,45,48
1,<environment.Job instance at 0x7f866188ffa0>,27,2,[10  5],28,71,73,43,59
1,<environment.Job instance at 0x7f8661b5f2d0>,12,15,[4 9],13,73,88,60,64
1,<environment.Job instance at 0x7f8661551f00>,29,14,[7 5],30,88,102,58,75
1,<environment.Job instance at 0x7f861be73b40>,34,18,[6 3],35,102,120,67,91
1,<environment.Job instance at 0x7f86616df140>,16,16,[7 5],17,120,136,103,107
1,<environment.Job instance at 0x7f8661551b40>,28,17,[9 2],29,136,153,107,127
1,<environment.Job instance at 0x7f866183a550>,45,17,[6 4],46,153,170,107,141
1,<environment.Job instance at 0x7f866236ea50>,46,17,[1 6],47,141,158,94,141
1,<environment.Job instance at 0x7f86616d2d70>,49,13,[8 4],50,170,183,120,154
1,<environment.Job instance at 0x7f866180e230>,55,13,[ 5 10],56,183,196,127,180
1,<environment.Job instance at 0x7f8661a38af0>,58,17,[5 3],59,196,213,137,184
1,<environment.Job instance at 0x7f8661d00a50>,64,12,[9 3],65,213,225,148,196
1,<environment.Job instance at 0x7f8661e5dbe0>,69,12,[10  4],70,225,237,155,208
1,<environment.Job instance at 0x7f861bd4f320>,74,15,[10  1],75,237,252,162,223
1,<environment.Job instance at 0x7f8662071b40>,79,13,[5 8],80,252,265,172,244
1,<environment.Job instance at 0x7f8661b5ee60>,48,18,[ 3 10],49,265,283,216,254
1,<environment.Job instance at 0x7f8661ab5780>,84,15,[5 5],85,283,298,198,270
1,<environment.Job instance at 0x7f8661ab5aa0>,87,3,[3 6],88,298,301,210,274
1,<environment.Job instance at 0x7f861bee7c30>,90,13,[7 3],91,298,311,207,283
1,<environment.Job instance at 0x7f86616ba870>,94,18,[9 1],95,311,329,216,305
1,<environment.Job instance at 0x7f861bb74730>,42,17,[5 9],43,329,346,286,318
1,<environment.Job instance at 0x7f86616ba730>,98,16,[1 7],99,346,362,247,336
1,<environment.Job instance at 0x7f861be82c80>,1,2,[4 7],2,2,4,0,2
1,<environment.Job instance at 0x7f8661d94af0>,2,12,[5 5],3,4,16,1,4
1,<environment.Job instance at 0x7f866218ccd0>,5,13,[2 6],6,16,29,10,7
1,<environment.Job instance at 0x7f861bf57780>,7,1,[1 7],8,29,30,21,10
1,<environment.Job instance at 0x7f86623cd500>,15,15,[9 4],16,30,45,14,16
1,<environment.Job instance at 0x7f86616f0aa0>,20,15,[4 8],21,45,60,24,32
1,<environment.Job instance at 0x7f86616f05f0>,28,16,[6 5],29,60,76,31,47
1,<environment.Job instance at 0x7f86616f0550>,23,17,[7 4],24,76,93,52,64
1,<environment.Job instance at 0x7f86616f0230>,25,15,[9 1],26,93,108,67,79
1,<environment.Job instance at 0x7f86616f0c30>,32,18,[ 2 10],33,108,126,75,101
1,<environment.Job instance at 0x7f866191baf0>,41,18,[5 5],42,126,144,84,115
1,<environment.Job instance at 0x7f866191beb0>,44,16,[4 7],45,144,160,99,131
1,<environment.Job instance at 0x7f861bc232d0>,52,14,[4 9],53,160,174,107,149
1,<environment.Job instance at 0x7f861bc235f0>,57,18,[3 9],58,246,264,188,246
1,<environment.Job instance at 0x7f861bc23b90>,65,16,[5 5],66,264,280,198,260
1,<environment.Job instance at 0x7f861bc23f00>,70,14,[2 8],71,280,294,209,266
1,<environment.Job instance at 0x7f861bc23e10>,72,15,[2 7],73,294,309,221,281
1,<environment.Job instance at 0x7f861bc0a230>,73,17,[4 9],74,309,326,235,298
1,<environment.Job instance at 0x7f861bc0a1e0>,75,14,[5 1],76,298,312,222,298
1,<environment.Job instance at 0x7f861bc0a3c0>,81,16,[2 7],82,326,342,244,313
1,<environment.Job instance at 0x7f861bc0ad70>,88,13,[ 5 10],89,342,355,253,328
1,<environment.Job instance at 0x7f861bc0ac30>,94,13,[4 6],95,355,368,260,346
1,<environment.Job instance at 0x7f86618157d0>,9,18,[9 5],10,10,28,0,10
1,<environment.Job instance at 0x7f86615d4280>,11,17,[8 2],12,28,45,16,17
1,<environment.Job instance at 0x7f86615d4410>,15,16,[3 8],16,45,61,29,33
1,<environment.Job instance at 0x7f86615d4aa0>,17,18,[5 4],18,61,79,43,50
1,<environment.Job instance at 0x7f861bca8a50>,23,16,[3 9],24,79,95,55,66
1,<environment.Job instance at 0x7f861bca8e10>,25,13,[ 3 10],26,95,108,69,80
1,<environment.Job instance at 0x7f861bb8f410>,31,17,[3 7],32,108,125,76,106
1,<environment.Job instance at 0x7f861bb8fd20>,34,18,[8 2],35,125,143,90,114
1,<environment.Job instance at 0x7f8661f60dc0>,36,17,[1 6],37,125,142,88,118
1,<environment.Job instance at 0x7f861ba135a0>,39,13,[4 7],40,143,156,103,128
1,<environment.Job instance at 0x7f861bc2c960>,4,17,[5 9],5,156,173,151,145
1,<environment.Job instance at 0x7f861bb5feb0>,42,18,[10  1],43,173,191,130,163
1,<environment.Job instance at 0x7f8661c0a8c0>,61,15,[9 5],62,191,206,129,177
1,<environment.Job instance at 0x7f8661a2b870>,65,15,[10  1],66,206,221,140,192
1,<environment.Job instance at 0x7f861bfbaf50>,71,17,[5 6],72,221,238,149,209
1,<environment.Job instance at 0x7f861bf60a50>,74,12,[4 9],75,238,250,163,234
1,<environment.Job instance at 0x7f861bf60d70>,75,12,[7 2],76,250,262,174,236
1,<environment.Job instance at 0x7f866215d500>,53,18,[ 3 10],54,262,280,208,252
1,<environment.Job instance at 0x7f861bf60cd0>,81,18,[4 6],82,280,298,198,269
1,<environment.Job instance at 0x7f861bf60eb0>,79,18,[3 8],80,298,316,218,287
1,<environment.Job instance at 0x7f86668f7960>,87,12,[ 3 10],88,316,328,228,300
1,<environment.Job instance at 0x7f8661d4b230>,94,16,[1 8],95,328,344,233,322
1,<environment.Job instance at 0x7f86618150f0>,12,18,[10  5],13,344,362,331,340
1,<environment.Job instance at 0x7f866151f500>,1,1,[4 8],2,2,3,0,2
1,<environment.Job instance at 0x7f8661c092d0>,2,17,[5 9],3,3,20,0,3
1,<environment.Job instance at 0x7f86616efaf0>,7,17,[3 7],8,20,37,12,8
1,<environment.Job instance at 0x7f86623f46e0>,10,3,[6 3],11,20,23,9,13
1,<environment.Job instance at 0x7f86623f4c80>,13,2,[2 5],14,37,39,23,16
1,<environment.Job instance at 0x7f86616ef4b0>,9,16,[5 1],10,23,39,13,16
1,<environment.Job instance at 0x7f86623f4370>,11,12,[4 8],12,39,51,27,22
1,<environment.Job instance at 0x7f866191dd70>,17,2,[10  1],18,51,53,33,24
1,<environment.Job instance at 0x7f866169da50>,16,1,[1 5],17,53,54,36,25
1,<environment.Job instance at 0x7f8661b4e820>,20,13,[5 8],21,54,67,33,39
1,<environment.Job instance at 0x7f861bbbfaf0>,23,16,[5 8],24,67,83,43,55
1,<environment.Job instance at 0x7f861be748c0>,27,14,[6 2],28,83,97,55,69
1,<environment.Job instance at 0x7f861baf62d0>,36,12,[3 8],37,83,95,46,69
1,<environment.Job instance at 0x7f8662077d70>,39,12,[ 5 10],40,97,109,57,80
1,<environment.Job instance at 0x7f861bb30640>,41,12,[ 4 10],42,109,121,67,94
1,<environment.Job instance at 0x7f861bbbfaa0>,22,15,[ 5 10],23,121,136,98,110
1,<environment.Job instance at 0x7f86616beeb0>,5,15,[4 9],6,136,151,130,122
1,<environment.Job instance at 0x7f8661ecd730>,52,18,[1 9],53,151,169,98,140
1,<environment.Job instance at 0x7f861c113780>,54,17,[7 1],55,154,171,99,154
1,<environment.Job instance at 0x7f861c113550>,57,13,[ 2 10],58,171,184,113,155
1,<environment.Job instance at 0x7f861c113820>,62,18,[4 9],63,184,202,121,177
1,<environment.Job instance at 0x7f8661f2ba50>,66,18,[8 5],67,202,220,135,191
1,<environment.Job instance at 0x7f861bdc4f50>,71,12,[7 1],72,220,232,148,206
1,<environment.Job instance at 0x7f861bdc4e60>,74,13,[1 9],75,220,233,145,208
1,<environment.Job instance at 0x7f86618bb5f0>,79,13,[9 5],80,233,246,153,217
1,<environment.Job instance at 0x7f8661843280>,81,17,[3 7],82,246,263,164,234
1,<environment.Job instance at 0x7f8666785730>,83,14,[4 6],84,263,277,179,249
1,<environment.Job instance at 0x7f86622982d0>,86,12,[5 8],87,277,289,190,260
1,<environment.Job instance at 0x7f861bc704b0>,91,13,[5 2],92,271,284,179,271
1,<environment.Job instance at 0x7f86619b2640>,92,14,[9 2],93,289,303,196,274
1,<environment.Job instance at 0x7f8661994c30>,95,16,[5 1],96,303,319,207,290
1,<environment.Job instance at 0x7f861bdd3820>,98,12,[9 4],99,319,331,220,302
1,<environment.Job instance at 0x7f861bdd3550>,3,2,[5 7],4,4,6,0,4
1,<environment.Job instance at 0x7f86618b5050>,7,15,[5 9],8,8,23,0,8
1,<environment.Job instance at 0x7f86618a20a0>,11,17,[8 2],12,23,40,11,12
1,<environment.Job instance at 0x7f8662241140>,13,2,[5 2],14,40,42,26,21
1,<environment.Job instance at 0x7f866223ae10>,10,15,[10  5],11,42,57,31,29
1,<environment.Job instance at 0x7f8661babcd0>,17,17,[2 7],18,57,74,39,45
1,<environment.Job instance at 0x7f86618a2be0>,14,18,[8 4],15,74,92,59,63
1,<environment.Job instance at 0x7f86618b5e60>,5,18,[10  4],6,92,110,86,81
1,<environment.Job instance at 0x7f8661bab550>,26,12,[6 4],27,110,122,83,93
1,<environment.Job instance at 0x7f861c002f50>,27,3,[3 6],28,110,113,82,93
1,<environment.Job instance at 0x7f861c0025f0>,30,17,[1 5],31,113,130,82,101
1,<environment.Job instance at 0x7f861c002460>,33,13,[4 6],34,130,143,96,120
1,<environment.Job instance at 0x7f861bc5b370>,38,12,[1 8],39,159,171,120,159
1,<environment.Job instance at 0x7f861bc5bf00>,39,16,[6 3],40,171,187,131,159
1,<environment.Job instance at 0x7f861c0fdbe0>,54,16,[7 2],55,528,544,473,528
1,<environment.Job instance at 0x7f861c12c4b0>,70,12,[1 9],71,730,742,659,730
1,<environment.Job instance at 0x7f861c12c870>,71,3,[5 9],72,742,745,670,730
1,<environment.Job instance at 0x7f861c12c8c0>,72,14,[4 6],73,745,759,672,731
1,<environment.Job instance at 0x7f861c12cbe0>,80,18,[7 1],81,804,822,723,804
1,<environment.Job instance at 0x7f8661bab6e0>,1,14,[8 1],2,3,17,1,3
1,<environment.Job instance at 0x7f86622705f0>,6,16,[6 4],7,17,33,10,8
1,<environment.Job instance at 0x7f861bec9280>,12,1,[4 6],13,29,30,16,29
1,<environment.Job instance at 0x7f861bab0320>,15,12,[9 4],16,33,45,17,29
1,<environment.Job instance at 0x7f861bab0f50>,16,3,[7 5],17,45,48,28,29
1,<environment.Job instance at 0x7f8661f053c0>,2,17,[9 5],3,48,65,45,36
1,<environment.Job instance at 0x7f86614d56e0>,22,2,[6 2],23,65,67,42,39
1,<environment.Job instance at 0x7f86614d5050>,23,2,[ 5 10],24,67,69,43,40
1,<environment.Job instance at 0x7f8661c09af0>,26,2,[7 1],27,69,71,42,56
1,<environment.Job instance at 0x7f86614d5820>,20,14,[5 7],21,71,85,50,56
1,<environment.Job instance at 0x7f8661c091e0>,25,17,[4 6],26,85,102,59,73
1,<environment.Job instance at 0x7f861b9cd5a0>,36,17,[5 2],37,81,98,44,81
1,<environment.Job instance at 0x7f866223a3c0>,0,15,[9 4],1,102,117,101,91
1,<environment.Job instance at 0x7f861bfdaf00>,43,12,[5 8],44,117,129,73,110
1,<environment.Job instance at 0x7f866221adc0>,46,3,[5 8],47,129,132,82,111
1,<environment.Job instance at 0x7f866180a3c0>,47,15,[6 1],48,132,147,84,119
1,<environment.Job instance at 0x7f861b9cd050>,42,13,[3 9],43,132,145,89,121
1,<environment.Job instance at 0x7f8661f27f50>,55,13,[6 3],56,147,160,91,131
1,<environment.Job instance at 0x7f861bf89370>,59,13,[3 8],60,160,173,100,151
1,<environment.Job instance at 0x7f861bb45910>,64,16,[10  2],65,173,189,108,161
1,<environment.Job instance at 0x7f8661d87410>,72,15,[5 5],73,189,204,116,177
1,<environment.Job instance at 0x7f8661d87dc0>,74,18,[ 3 10],75,204,222,129,197
1,<environment.Job instance at 0x7f8661d875f0>,76,14,[5 5],77,222,236,145,208
1,<environment.Job instance at 0x7f8661d871e0>,78,16,[7 5],79,236,252,157,225
1,<environment.Job instance at 0x7f866187ecd0>,86,18,[1 8],87,252,270,165,241
1,<environment.Job instance at 0x7f8661ef5aa0>,93,13,[7 4],94,270,283,176,255
1,<environment.Job instance at 0x7f8661ef5690>,95,15,[7 2],96,255,270,159,255
1,<environment.Job instance at 0x7f8662270460>,1,3,[5 8],2,2,5,0,2
1,<environment.Job instance at 0x7f8661f05410>,2,2,[6 1],3,5,7,2,3
1,<environment.Job instance at 0x7f8661c096e0>,3,14,[8 3],4,7,21,3,4
1,<environment.Job instance at 0x7f8661881e60>,5,17,[9 4],6,21,38,15,12
1,<environment.Job instance at 0x7f8661b5e5a0>,11,12,[3 5],12,38,50,26,21
1,<environment.Job instance at 0x7f86619adc80>,8,14,[10  3],9,50,64,41,42
1,<environment.Job instance at 0x7f861bdd19b0>,13,16,[5 8],14,64,80,50,51
1,<environment.Job instance at 0x7f8661bab820>,25,14,[1 5],26,80,94,54,65
1,<environment.Job instance at 0x7f8661bab230>,26,16,[7 4],27,80,96,53,72
1,<environment.Job instance at 0x7f861b9edaa0>,30,16,[7 5],31,96,112,65,84
1,<environment.Job instance at 0x7f861bca8be0>,38,14,[3 7],39,112,126,73,99
1,<environment.Job instance at 0x7f861bca8960>,36,15,[6 4],37,126,141,89,113
1,<environment.Job instance at 0x7f8661bab1e0>,23,18,[4 6],24,132,150,108,132
1,<environment.Job instance at 0x7f861c0544b0>,53,13,[10  4],54,150,163,96,135
1,<environment.Job instance at 0x7f861c054b90>,1,12,[7 4],2,5,17,3,5
1,<environment.Job instance at 0x7f86619ad550>,6,12,[7 2],7,17,29,10,7
1,<environment.Job instance at 0x7f86619f3af0>,10,1,[7 1],11,29,30,18,11
1,<environment.Job instance at 0x7f8661802050>,5,12,[8 3],6,30,42,24,14
1,<environment.Job instance at 0x7f861b7f24b0>,12,17,[7 4],13,42,59,29,30
1,<environment.Job instance at 0x7f8661c068c0>,20,14,[2 6],21,30,44,9,30
1,<environment.Job instance at 0x7f8661c062d0>,23,15,[1 5],24,45,60,21,45
1,<environment.Job instance at 0x7f866180a280>,24,12,[9 4],25,59,71,34,45
1,<environment.Job instance at 0x7f866180a8c0>,26,15,[4 7],27,71,86,44,57
1,<environment.Job instance at 0x7f861bf09640>,33,15,[7 2],34,86,101,52,72
1,<environment.Job instance at 0x7f861be736e0>,38,17,[3 6],39,86,103,47,80
1,<environment.Job instance at 0x7f8661ef53c0>,40,3,[5 5],41,103,106,62,80
1,<environment.Job instance at 0x7f861bbd9640>,30,14,[10  1],31,106,120,75,93
1,<environment.Job instance at 0x7f861bc00d20>,43,14,[9 2],44,120,134,76,106
1,<environment.Job instance at 0x7f861c0e57d0>,49,3,[6 5],50,134,137,84,108
1,<environment.Job instance at 0x7f8661b770f0>,51,18,[4 6],52,137,155,85,126
1,<environment.Job instance at 0x7f861bdd10f0>,46,16,[1 9],47,155,171,108,142
1,<environment.Job instance at 0x7f861c0b94b0>,58,18,[4 6],59,171,189,112,161
1,<environment.Job instance at 0x7f8661c55cd0>,61,3,[5 4],62,171,174,109,167
1,<environment.Job instance at 0x7f861ba4cc30>,62,14,[5 6],63,189,203,126,174
1,<environment.Job instance at 0x7f861bc0bf00>,16,17,[10  4],17,203,220,186,192
1,<environment.Job instance at 0x7f861c0ef5f0>,67,3,[9 2],68,220,223,152,204
1,<environment.Job instance at 0x7f8661c06e10>,22,18,[ 1 10],23,223,241,200,213
1,<environment.Job instance at 0x7f861ba45550>,75,13,[7 3],76,265,278,189,265
1,<environment.Job instance at 0x7f86617a2b90>,0,3,[4 7],1,1,4,0,1
1,<environment.Job instance at 0x7f86615a5c30>,1,3,[5 8],2,4,7,2,2
1,<environment.Job instance at 0x7f8661869be0>,10,17,[8 5],11,11,28,0,11
1,<environment.Job instance at 0x7f86618699b0>,13,12,[5 7],14,28,40,14,15
1,<environment.Job instance at 0x7f8661af15a0>,18,15,[5 5],19,40,55,21,26
1,<environment.Job instance at 0x7f8661e89aa0>,23,17,[10  4],24,55,72,31,43
1,<environment.Job instance at 0x7f861b7ad730>,28,1,[5 7],29,72,73,43,57
1,<environment.Job instance at 0x7f8661d3fdc0>,7,18,[5 9],8,73,91,65,64
1,<environment.Job instance at 0x7f861b7adb90>,31,18,[3 7],32,91,109,59,83
1,<environment.Job instance at 0x7f861bbd95a0>,38,17,[7 2],39,91,108,52,86
1,<environment.Job instance at 0x7f8666ce6f50>,40,13,[4 5],41,109,122,68,101
1,<environment.Job instance at 0x7f8666ce6780>,41,15,[5 5],42,109,124,67,101
1,<environment.Job instance at 0x7f8661c37fa0>,42,3,[10  5],43,124,127,81,101
1,<environment.Job instance at 0x7f8666ba95a0>,44,17,[7 2],45,127,144,82,116
1,<environment.Job instance at 0x7f861c0b2640>,47,14,[3 8],48,127,141,79,117
1,<environment.Job instance at 0x7f86616c18c0>,51,12,[ 5 10],52,144,156,92,138
1,<environment.Job instance at 0x7f86616c12d0>,52,15,[9 5],53,156,171,103,144
1,<environment.Job instance at 0x7f861be241e0>,64,14,[2 5],65,171,185,106,161
1,<environment.Job instance at 0x7f861be24050>,65,3,[ 1 10],66,185,188,119,161
1,<environment.Job instance at 0x7f861be24550>,70,13,[1 5],71,188,201,117,181
1,<environment.Job instance at 0x7f86621686e0>,73,17,[6 1],74,188,205,114,182
1,<environment.Job instance at 0x7f8661580550>,1,2,[6 1],2,2,4,0,2
1,<environment.Job instance at 0x7f861b73c460>,3,2,[5 6],4,6,8,2,6
1,<environment.Job instance at 0x7f861b73c960>,0,13,[10  5],1,8,21,7,8
1,<environment.Job instance at 0x7f861bdc0af0>,9,1,[4 9],10,21,22,11,10
1,<environment.Job instance at 0x7f861bdc06e0>,13,1,[1 8],14,22,23,8,21
1,<environment.Job instance at 0x7f861bdc0460>,16,3,[1 9],17,23,26,6,21
1,<environment.Job instance at 0x7f861bdc05f0>,17,2,[5 2],18,26,28,8,21
1,<environment.Job instance at 0x7f8661bcd730>,11,3,[8 3],12,28,31,16,21
1,<environment.Job instance at 0x7f861bdc0690>,19,12,[5 1],20,31,43,11,21
1,<environment.Job instance at 0x7f861bdc0cd0>,18,16,[2 8],19,31,47,12,25
1,<environment.Job instance at 0x7f861bdc09b0>,7,13,[8 1],8,43,56,35,32
1,<environment.Job instance at 0x7f8661569fa0>,25,15,[3 7],26,56,71,30,45
1,<environment.Job instance at 0x7f861b6ff190>,33,13,[5 5],34,71,84,37,57
1,<environment.Job instance at 0x7f861b6ffb90>,35,12,[5 5],36,71,83,35,59
1,<environment.Job instance at 0x7f861b6ffc80>,32,13,[4 9],33,84,97,51,72
1,<environment.Job instance at 0x7f861b7cfb40>,42,14,[8 4],43,97,111,54,83
1,<environment.Job instance at 0x7f861b7cf690>,39,15,[10  1],40,111,126,71,98
1,<environment.Job instance at 0x7f861b7cf960>,49,3,[2 8],50,126,129,76,100
1,<environment.Job instance at 0x7f861b7cfd20>,52,14,[6 4],53,129,143,76,115
1,<environment.Job instance at 0x7f861b8aa9b0>,57,2,[3 6],58,130,132,72,130
1,<environment.Job instance at 0x7f861b7cf320>,54,17,[9 3],55,143,160,88,131
1,<environment.Job instance at 0x7f861b8aa960>,58,12,[4 6],59,160,172,101,144
1,<environment.Job instance at 0x7f861b8aa870>,63,14,[1 7],64,172,186,108,158
1,<environment.Job instance at 0x7f861b74be60>,65,12,[10  5],66,186,198,120,175
1,<environment.Job instance at 0x7f861b8aae60>,61,17,[ 5 10],62,198,215,136,186
1,<environment.Job instance at 0x7f861b74b640>,74,13,[9 2],75,215,228,140,199
1,<environment.Job instance at 0x7f861b74b2d0>,70,16,[4 9],71,228,244,157,215
1,<environment.Job instance at 0x7f861b7ceb40>,81,14,[5 7],82,244,258,162,229
1,<environment.Job instance at 0x7f861b74b050>,84,13,[5 9],85,258,271,173,242
1,<environment.Job instance at 0x7f861b7ce4b0>,82,18,[5 7],83,271,289,188,261
1,<environment.Job instance at 0x7f861b7ceeb0>,89,18,[8 4],90,289,307,199,278
1,<environment.Job instance at 0x7f861b7cec30>,93,15,[10  2],94,307,322,213,295
1,<environment.Job instance at 0x7f861b707d20>,102,17,[9 3],103,322,339,219,310
1,<environment.Job instance at 0x7f861b7ce780>,95,17,[2 9],96,339,356,243,329
1,<environment.Job instance at 0x7f861b7075a0>,111,14,[10  4],112,356,370,244,343
1,<environment.Job instance at 0x7f861b707a50>,118,13,[4 5],119,370,383,251,359
1,<environment.Job instance at 0x7f861b7077d0>,119,13,[3 6],120,383,396,263,367
1,<environment.Job instance at 0x7f861b7076e0>,122,13,[2 5],123,396,409,273,382
1,<environment.Job instance at 0x7f861b7d73c0>,126,16,[ 1 10],127,409,425,282,398
1,<environment.Job instance at 0x7f861b7d7690>,131,16,[5 5],132,425,441,293,419
1,<environment.Job instance at 0x7f861b7d77d0>,137,13,[2 9],138,441,454,303,430
1,<environment.Job instance at 0x7f861b7d7e60>,138,13,[7 3],139,454,467,315,438
1,<environment.Job instance at 0x7f861b7d7eb0>,140,16,[1 7],141,454,470,313,441
1,<environment.Job instance at 0x7f861b6ffcd0>,0,2,[5 1],1,1,3,0,1
1,<environment.Job instance at 0x7f8666a6cfa0>,8,12,[9 5],9,25,37,16,25
1,<environment.Job instance at 0x7f8661569730>,5,15,[6 2],6,37,52,31,25
1,<environment.Job instance at 0x7f8661bcd320>,15,16,[9 5],16,52,68,36,41
1,<environment.Job instance at 0x7f861bf3e5a0>,21,3,[ 5 10],22,68,71,46,50
1,<environment.Job instance at 0x7f8661ba6870>,26,15,[8 4],27,71,86,44,60
1,<environment.Job instance at 0x7f861c0a36e0>,28,3,[8 4],29,86,89,57,60
1,<environment.Job instance at 0x7f866231e640>,31,2,[4 6],32,89,91,57,72
1,<environment.Job instance at 0x7f8661ba6af0>,30,13,[7 3],31,91,104,60,75
1,<environment.Job instance at 0x7f861bbe80a0>,39,12,[6 4],40,104,116,64,89
1,<environment.Job instance at 0x7f861bf2ecd0>,50,15,[3 9],51,116,131,65,108
1,<environment.Job instance at 0x7f861bf0aaf0>,55,2,[8 5],56,131,133,75,124
1,<environment.Job instance at 0x7f861bf0a2d0>,56,13,[9 4],57,133,146,76,124
1,<environment.Job instance at 0x7f861bf0a690>,58,21,[1 6],59,133,154,74,126
1,<environment.Job instance at 0x7f861bf2ea00>,51,17,[5 8],52,154,171,102,143
1,<environment.Job instance at 0x7f861b8530f0>,3,17,[ 1 10],4,171,188,167,168
1,<environment.Job instance at 0x7f861bf11dc0>,66,13,[4 7],67,188,201,121,172
1,<environment.Job instance at 0x7f8661b5daa0>,70,15,[9 1],71,201,216,130,197
1,<environment.Job instance at 0x7f861b9d9f50>,74,16,[2 6],75,216,232,141,204
1,<environment.Job instance at 0x7f861b904f00>,81,17,[9 1],82,232,249,150,220
1,<environment.Job instance at 0x7f8661c7a9b0>,82,15,[1 7],83,232,247,149,220
1,<environment.Job instance at 0x7f861befc370>,85,17,[6 3],86,249,266,163,237
1,<environment.Job instance at 0x7f861b9e40a0>,88,3,[ 1 10],89,266,269,177,246
1,<environment.Job instance at 0x7f861b9e4730>,89,12,[5 4],90,269,281,179,253
1,<environment.Job instance at 0x7f861b9cb6e0>,92,16,[8 2],93,281,297,188,272
1,<environment.Job instance at 0x7f861b9d6230>,100,3,[9 4],101,297,300,196,274
1,<environment.Job instance at 0x7f861b9d65f0>,101,1,[7 1],102,300,301,198,274
1,<environment.Job instance at 0x7f861b9d6dc0>,102,3,[4 9],103,301,304,198,275
1,<environment.Job instance at 0x7f8661bb1cd0>,104,18,[8 1],105,304,322,199,294
1,<environment.Job instance at 0x7f8661bb58c0>,109,14,[ 5 10],110,322,336,212,308
1,<environment.Job instance at 0x7f8661bb5dc0>,110,18,[5 7],111,336,354,225,329
1,<environment.Job instance at 0x7f8661bb5460>,112,18,[6 5],113,354,372,241,347
1,<environment.Job instance at 0x7f8661bc89b0>,118,14,[5 7],119,372,386,253,357
1,<environment.Job instance at 0x7f8661bc8f00>,114,16,[9 5],115,386,402,271,374
1,<environment.Job instance at 0x7f8661bc8730>,127,12,[10  4],128,402,414,274,386
1,<environment.Job instance at 0x7f8661d7ab90>,10,15,[ 4 10],11,414,429,403,404
1,<environment.Job instance at 0x7f8661bb0aa0>,134,18,[1 8],135,429,447,294,423
1,<environment.Job instance at 0x7f861b712140>,146,17,[7 1],147,435,452,288,435
1,<environment.Job instance at 0x7f861b712af0>,147,16,[6 1],148,452,468,304,439
1,<environment.Job instance at 0x7f8661cdf3c0>,153,17,[2 7],154,453,470,299,453
1,<environment.Job instance at 0x7f8661bc4aa0>,154,3,[7 3],155,468,471,313,454
1,<environment.Job instance at 0x7f8661bb0b40>,144,15,[5 9],145,471,486,326,465
1,<environment.Job instance at 0x7f8661be4870>,158,14,[3 5],159,486,500,327,471
1,<environment.Job instance at 0x7f861bf2e960>,1,13,[6 4],2,3,16,1,3
1,<environment.Job instance at 0x7f8661be4780>,3,18,[5 3],4,16,34,12,6
1,<environment.Job instance at 0x7f861b7d77d0>,5,14,[5 5],6,16,30,10,10
1,<environment.Job instance at 0x7f861b707550>,11,2,[2 9],12,34,36,22,12
1,<environment.Job instance at 0x7f86624348c0>,18,3,[ 4 10],19,36,39,17,27
1,<environment.Job instance at 0x7f86623f2b90>,12,15,[6 5],13,39,54,26,27
1,<environment.Job instance at 0x7f8662434640>,20,3,[ 1 10],21,54,57,33,29
1,<environment.Job instance at 0x7f8662434230>,19,13,[7 2],20,57,70,37,49
1,<environment.Job instance at 0x7f8662434cd0>,24,17,[5 1],25,70,87,45,58
1,<environment.Job instance at 0x7f861b97e870>,30,15,[4 6],31,74,89,43,74
1,<environment.Job instance at 0x7f861c04c4b0>,33,16,[8 1],34,89,105,55,76
1,<environment.Job instance at 0x7f861bf3e910>,36,15,[10  3],37,105,120,68,92
1,<environment.Job instance at 0x7f8661d365a0>,22,12,[10  2],23,120,132,97,107
1,<environment.Job instance at 0x7f86615ee960>,44,13,[5 5],45,132,145,87,116
1,<environment.Job instance at 0x7f86615ee280>,49,12,[10  1],50,145,157,95,128
1,<environment.Job instance at 0x7f86615ee640>,53,17,[6 2],54,157,174,103,146
1,<environment.Job instance at 0x7f86615eee10>,50,13,[10  5],51,174,187,123,158
1,<environment.Job instance at 0x7f8661acd640>,59,15,[1 8],60,187,202,127,173
1,<environment.Job instance at 0x7f8661acdc80>,61,15,[4 5],62,202,217,140,188
1,<environment.Job instance at 0x7f861b70a640>,66,15,[9 5],67,217,232,150,204
1,<environment.Job instance at 0x7f86615eed70>,55,17,[5 9],56,232,249,176,220
1,<environment.Job instance at 0x7f8666ba42d0>,78,3,[9 1],79,249,252,170,239
1,<environment.Job instance at 0x7f8666ba43c0>,74,18,[8 4],75,252,270,177,241
1,<environment.Job instance at 0x7f86619ab4b0>,85,13,[10  4],86,270,283,184,254
1,<environment.Job instance at 0x7f8661cd0870>,90,14,[8 4],91,283,297,192,281
1,<environment.Job instance at 0x7f861c0b90a0>,96,12,[8 4],97,297,309,200,289
1,<environment.Job instance at 0x7f8661ba6d70>,100,14,[6 3],101,309,323,208,309
1,<environment.Job instance at 0x7f8661558a50>,102,17,[1 6],103,318,335,215,318
1,<environment.Job instance at 0x7f8661558af0>,105,17,[10  3],106,335,352,229,323
1,<environment.Job instance at 0x7f8661efc0a0>,106,16,[ 3 10],107,352,368,245,339
1,<environment.Job instance at 0x7f8661b77d20>,117,15,[3 7],118,368,383,250,357
1,<environment.Job instance at 0x7f8661b77280>,121,15,[3 7],122,383,398,261,369
1,<environment.Job instance at 0x7f8661b77c30>,124,16,[8 1],125,398,414,273,388
1,<environment.Job instance at 0x7f8661b77370>,126,17,[5 4],127,414,431,287,405
1,<environment.Job instance at 0x7f8661b70aa0>,128,15,[1 7],129,431,446,302,420
1,<environment.Job instance at 0x7f8661b708c0>,136,13,[6 4],137,446,459,309,435
1,<environment.Job instance at 0x7f8661b70a00>,141,18,[7 5],142,459,477,317,449
1,<environment.Job instance at 0x7f861b6fd410>,151,14,[5 2],152,539,553,387,539
1,<environment.Job instance at 0x7f861b6fd6e0>,153,13,[3 9],154,553,566,399,549
1,<environment.Job instance at 0x7f861b6fd0a0>,157,15,[10  1],158,566,581,408,561
1,<environment.Job instance at 0x7f8661c77e10>,0,3,[6 3],1,26,29,25,26
1,<environment.Job instance at 0x7f861b9ac7d0>,7,3,[10  4],8,29,32,21,26
1,<environment.Job instance at 0x7f861b9ac960>,6,16,[7 3],7,32,48,25,26
1,<environment.Job instance at 0x7f861b9acaa0>,12,1,[ 5 10],13,48,49,35,27
1,<environment.Job instance at 0x7f8661a0c230>,16,18,[7 1],17,49,67,32,38
1,<environment.Job instance at 0x7f861b9acc30>,13,1,[2 9],14,49,50,35,41
1,<environment.Job instance at 0x7f8661a0c190>,20,1,[5 1],21,67,68,46,41
1,<environment.Job instance at 0x7f8661a0c500>,22,1,[2 8],23,50,51,27,44
1,<environment.Job instance at 0x7f8661a0c280>,24,12,[1 8],25,51,63,26,45
1,<environment.Job instance at 0x7f8661a0c8c0>,23,1,[ 3 10],24,68,69,44,46
1,<environment.Job instance at 0x7f8661a0ca00>,27,14,[5 3],28,69,83,41,54
1,<environment.Job instance at 0x7f8661a0cc80>,29,16,[4 7],30,69,85,39,60
1,<environment.Job instance at 0x7f8661a0c1e0>,26,13,[ 1 10],27,85,98,58,69
1,<environment.Job instance at 0x7f861b9a60f0>,36,15,[4 5],37,98,113,61,84
1,<environment.Job instance at 0x7f861b9a6320>,37,17,[6 2],38,98,115,60,87
1,<environment.Job instance at 0x7f861b9a6820>,39,14,[4 8],40,113,127,73,99
1,<environment.Job instance at 0x7f861b9a60a0>,45,14,[4 9],46,127,141,81,112
1,<environment.Job instance at 0x7f861b9a6c30>,49,15,[9 4],50,141,156,91,127
1,<environment.Job instance at 0x7f8661a8b4b0>,52,13,[4 6],53,156,169,103,141
1,<environment.Job instance at 0x7f8661a8be60>,58,16,[6 3],59,156,172,97,143
1,<environment.Job instance at 0x7f8661a8b5a0>,56,13,[ 3 10],57,172,185,115,156
1,<environment.Job instance at 0x7f8661a8b3c0>,60,15,[7 1],61,185,200,124,171
1,<environment.Job instance at 0x7f861b7977d0>,65,3,[6 5],66,200,203,134,182
1,<environment.Job instance at 0x7f861b7979b0>,66,13,[5 4],67,203,216,136,187
1,<environment.Job instance at 0x7f861b797320>,70,12,[2 7],71,216,228,145,199
1,<environment.Job instance at 0x7f8661a8bf50>,59,15,[6 3],60,216,231,156,209
1,<environment.Job instance at 0x7f861b797140>,75,12,[5 6],76,231,243,155,216
1,<environment.Job instance at 0x7f861b9b12d0>,81,15,[8 2],82,243,258,161,229
1,<environment.Job instance at 0x7f861b9b1aa0>,88,15,[6 2],89,258,273,169,256
1,<environment.Job instance at 0x7f861b9b1280>,89,15,[6 1],90,273,288,183,260
1,<environment.Job instance at 0x7f861b9b1500>,90,13,[1 6],91,260,273,169,260
1,<environment.Job instance at 0x7f86618f47d0>,96,14,[8 1],97,288,302,191,273
1,<environment.Job instance at 0x7f86618f4550>,107,14,[2 5],108,292,306,184,292
1,<environment.Job instance at 0x7f86618f4780>,108,16,[10  1],109,306,322,197,293
1,<environment.Job instance at 0x7f86618f4140>,109,3,[3 9],110,322,325,212,296
1,<environment.Job instance at 0x7f86616abeb0>,116,17,[3 7],117,327,344,210,327
1,<environment.Job instance at 0x7f86616abfa0>,118,15,[10  2],119,344,359,225,332
1,<environment.Job instance at 0x7f86616ab780>,122,14,[8 4],123,359,373,236,344
1,<environment.Job instance at 0x7f86616ab7d0>,129,18,[4 8],130,374,392,244,374
1,<environment.Job instance at 0x7f8661599140>,135,17,[2 6],136,392,409,256,382
1,<environment.Job instance at 0x7f8666a7aeb0>,143,15,[ 2 10],144,409,424,265,395
1,<environment.Job instance at 0x7f8661b1d0a0>,4,12,[3 8],5,5,17,0,5
1,<environment.Job instance at 0x7f861b791e60>,0,13,[8 2],1,17,30,16,9
1,<environment.Job instance at 0x7f861ba0b190>,8,13,[6 3],9,30,43,21,21
1,<environment.Job instance at 0x7f861be39690>,16,15,[5 3],17,47,62,30,47
1,<environment.Job instance at 0x7f861be707d0>,19,17,[5 7],20,55,72,35,55
1,<environment.Job instance at 0x7f861ba15320>,25,16,[7 4],26,72,88,46,61
1,<environment.Job instance at 0x7f861ba153c0>,27,13,[7 2],28,88,101,60,73
1,<environment.Job instance at 0x7f861ba158c0>,30,17,[1 6],31,80,97,49,80
1,<environment.Job instance at 0x7f8666785d20>,32,2,[ 1 10],33,101,103,68,81
1,<environment.Job instance at 0x7f8662401500>,34,16,[6 1],35,103,119,68,91
1,<environment.Job instance at 0x7f8662401d70>,36,15,[7 3],37,119,134,82,105
1,<environment.Job instance at 0x7f8662401690>,39,15,[8 1],40,134,149,94,121
1,<environment.Job instance at 0x7f8662401a00>,41,2,[8 5],42,149,151,107,129
1,<environment.Job instance at 0x7f8662401d20>,45,1,[7 1],46,151,152,105,142
1,<environment.Job instance at 0x7f8662401f00>,47,14,[6 5],48,152,166,104,142
1,<environment.Job instance at 0x7f86624014b0>,48,15,[10  5],49,166,181,117,153
1,<environment.Job instance at 0x7f8661cd49b0>,51,1,[6 1],52,181,182,129,170
1,<environment.Job instance at 0x7f8661c71320>,53,17,[8 4],54,182,199,128,172
1,<environment.Job instance at 0x7f8661c82d70>,56,15,[8 3],57,199,214,142,187
1,<environment.Job instance at 0x7f8661c814b0>,59,16,[5 4],60,214,230,154,204
1,<environment.Job instance at 0x7f7ddf2f1640>,4,13,[3 6],5,6,19,1,6
1,<environment.Job instance at 0x7f7ddf2ae1e0>,0,17,[6 1],1,7,24,6,7
1,<environment.Job instance at 0x7f7dd7e9f780>,9,12,[8 2],10,24,36,14,10
1,<environment.Job instance at 0x7f7dd7e9fd20>,16,18,[7 3],17,36,54,19,25
1,<environment.Job instance at 0x7f7dd7ea2140>,21,18,[9 4],22,54,72,32,51
1,<environment.Job instance at 0x7f7dd7ea27d0>,26,12,[8 5],27,72,84,45,62
1,<environment.Job instance at 0x7f7ddf2ae230>,2,14,[ 2 10],3,84,98,81,75
1,<environment.Job instance at 0x7f7dd7ea2cd0>,34,14,[1 9],35,102,116,67,102
1,<environment.Job instance at 0x7f7dd7ea2d70>,35,16,[1 9],36,116,132,80,106
1,<environment.Job instance at 0x7f7dd7ea45f0>,48,12,[9 2],49,137,149,88,137
1,<environment.Job instance at 0x7f7dd7ea2eb0>,37,14,[5 8],38,149,163,111,137
1,<environment.Job instance at 0x7f7dd7ea2f00>,39,14,[9 4],40,163,177,123,152
1,<environment.Job instance at 0x7f7dd7e9f640>,7,14,[7 5],8,177,191,169,164
1,<environment.Job instance at 0x7f7dd7ea6370>,67,16,[1 9],68,191,207,123,178
1,<environment.Job instance at 0x7f7dd7ea6820>,69,14,[9 4],70,207,221,137,195
1,<environment.Job instance at 0x7f7dd7ea6f00>,76,13,[10  1],77,221,234,144,206
1,<environment.Job instance at 0x7f7dd7ea94b0>,81,14,[8 5],82,234,248,152,230
1,<environment.Job instance at 0x7f7dd7ea9690>,84,1,[5 5],85,248,249,163,231
1,<environment.Job instance at 0x7f7dd7ea4730>,49,17,[10  2],50,249,266,199,238
1,<environment.Job instance at 0x7f7dd7ea95f0>,83,18,[ 3 10],84,266,284,182,257
1,<environment.Job instance at 0x7f7dd7ea9e10>,96,18,[2 6],97,284,302,187,273
1,<environment.Job instance at 0x7f7dd7ead280>,102,13,[9 4],103,302,315,199,288
1,<environment.Job instance at 0x7f7dd7ead690>,105,16,[7 5],106,315,331,209,304
1,<environment.Job instance at 0x7f7dd7e962d0>,111,17,[6 4],112,331,348,219,322
1,<environment.Job instance at 0x7f7dd7f75a00>,116,12,[8 4],117,348,360,231,334
1,<environment.Job instance at 0x7f7dd7e92870>,122,18,[7 5],123,360,378,237,352
1,<environment.Job instance at 0x7f7dd7e92fa0>,127,14,[7 2],128,378,392,250,366
1,<environment.Job instance at 0x7f7dd7f61820>,131,13,[3 8],132,378,391,246,368
1,<environment.Job instance at 0x7f7dd7f39690>,134,12,[5 4],135,392,404,257,388
1,<environment.Job instance at 0x7f7dd800ee10>,138,3,[4 6],139,399,402,260,399
1,<environment.Job instance at 0x7f7dd802d3c0>,139,1,[5 5],140,402,403,262,399
1,<environment.Job instance at 0x7f7dd7fce820>,141,14,[ 3 10],142,404,418,262,399
1,<environment.Job instance at 0x7f7dd7f61460>,132,18,[10  4],133,418,436,285,409
1,<environment.Job instance at 0x7f7dd7f5b140>,148,3,[4 8],149,436,439,287,423
1,<environment.Job instance at 0x7f7dd7f5bd20>,149,17,[5 7],150,439,456,289,427
1,<environment.Job instance at 0x7f7dd7fb0960>,156,12,[1 6],157,456,468,299,448
1,<environment.Job instance at 0x7f7dd7fb1b40>,161,12,[5 4],162,459,471,297,459
1,<environment.Job instance at 0x7f7dd7fb1dc0>,162,20,[10  5],163,471,491,308,464
1,<environment.Job instance at 0x7f7dd7eb35f0>,0,17,[4 7],1,8,25,7,8
1,<environment.Job instance at 0x7f7dd7e460f0>,9,2,[10  2],10,25,27,15,10
1,<environment.Job instance at 0x7f7dd7e467d0>,13,3,[2 5],14,27,30,13,15
1,<environment.Job instance at 0x7f7dd7e46960>,14,19,[6 2],15,27,46,12,17
1,<environment.Job instance at 0x7f7dd7e46be0>,19,1,[5 3],20,46,47,26,34
1,<environment.Job instance at 0x7f7dd7e469b0>,16,17,[9 1],17,47,64,30,35
1,<environment.Job instance at 0x7f7dd7e46b90>,23,12,[1 9],24,47,59,23,43
1,<environment.Job instance at 0x7f7dd7e43730>,25,15,[5 3],26,64,79,38,52
1,<environment.Job instance at 0x7f7dd7ebb2d0>,5,17,[5 1],6,75,92,69,75
1,<environment.Job instance at 0x7f7dd7e43e10>,31,14,[ 1 10],32,92,106,60,82
1,<environment.Job instance at 0x7f7dd7e43be0>,36,16,[6 5],37,106,122,69,95
1,<environment.Job instance at 0x7f7dd7e46c80>,20,17,[9 5],21,122,139,101,113
1,<environment.Job instance at 0x7f7dd7e4a050>,41,17,[3 6],42,139,156,97,139
1,<environment.Job instance at 0x7f7d94226e60>,53,18,[5 1],54,143,161,89,143
1,<environment.Job instance at 0x7f7d94226690>,54,15,[8 5],55,161,176,106,148
1,<environment.Job instance at 0x7f7d94226280>,59,13,[4 5],60,176,189,116,160
1,<environment.Job instance at 0x7f7d94224550>,64,2,[3 8],65,189,191,124,173
1,<environment.Job instance at 0x7f7d94224690>,65,18,[5 4],66,191,209,125,181
1,<environment.Job instance at 0x7f7d942240f0>,66,1,[5 1],67,181,182,114,181
1,<environment.Job instance at 0x7f7d942248c0>,70,13,[5 9],71,209,222,138,193
1,<environment.Job instance at 0x7f7d94225a00>,74,13,[4 5],75,222,235,147,206
1,<environment.Job instance at 0x7f7d942251e0>,80,13,[3 5],81,222,235,141,213
1,<environment.Job instance at 0x7f7d942254b0>,81,16,[5 8],82,235,251,153,223
1,<environment.Job instance at 0x7f7d942bcb90>,91,17,[10  2],92,251,268,159,239
1,<environment.Job instance at 0x7f7d943d10f0>,96,15,[6 5],97,268,283,171,254
1,<environment.Job instance at 0x7f7d943d4050>,98,17,[1 5],99,268,285,169,256
1,<environment.Job instance at 0x7f7d94391780>,101,3,[5 9],102,285,288,183,261
1,<environment.Job instance at 0x7f7d94391410>,103,13,[8 3],104,288,301,184,275
1,<environment.Job instance at 0x7f7d943916e0>,107,15,[3 6],108,301,316,193,288
1,<environment.Job instance at 0x7f7d943cbfa0>,112,15,[9 2],113,316,331,203,305
1,<environment.Job instance at 0x7f7d9416b7d0>,118,13,[8 4],119,331,344,212,316
1,<environment.Job instance at 0x7f7dd7e43640>,0,3,[6 2],1,4,7,3,4
1,<environment.Job instance at 0x7f7dd7ebea50>,5,3,[5 2],6,7,10,1,7
1,<environment.Job instance at 0x7f7d9411cbe0>,15,2,[6 3],16,16,18,0,16
1,<environment.Job instance at 0x7f7dd7d02690>,14,16,[5 2],15,24,40,9,24
1,<environment.Job instance at 0x7f7d9411ca50>,17,14,[3 6],18,24,38,6,24
1,<environment.Job instance at 0x7f7d9410d2d0>,21,3,[6 1],22,40,43,18,24
1,<environment.Job instance at 0x7f7d9410d5f0>,22,2,[5 3],23,38,40,15,24
1,<environment.Job instance at 0x7f7d9410dcd0>,23,3,[4 6],24,40,43,16,24
1,<environment.Job instance at 0x7f7d9410d870>,19,2,[8 2],20,43,45,23,24
1,<environment.Job instance at 0x7f7ddf41d550>,25,13,[9 1],26,45,58,19,32
1,<environment.Job instance at 0x7f7dd80ea690>,30,12,[3 8],31,58,70,27,44
1,<environment.Job instance at 0x7f7d941065f0>,10,14,[2 9],11,70,84,59,56
1,<environment.Job instance at 0x7f7ddf4167d0>,37,13,[ 5 10],38,84,97,46,70
1,<environment.Job instance at 0x7f7dd7c787d0>,35,15,[1 5],36,97,112,61,83
1,<environment.Job instance at 0x7f7d941786e0>,42,17,[8 2],43,97,114,54,87
1,<environment.Job instance at 0x7f7d940f4370>,46,17,[7 4],47,114,131,67,102
1,<environment.Job instance at 0x7f7ddf2d5910>,50,15,[1 9],51,131,146,80,119
1,<environment.Job instance at 0x7f7ddf2d5b90>,53,14,[5 6],54,146,160,92,131
1,<environment.Job instance at 0x7f7ddf419460>,58,15,[10  4],59,160,175,101,147
1,<environment.Job instance at 0x7f7ddf419be0>,61,16,[4 5],62,175,191,113,162
1,<environment.Job instance at 0x7f7ddf2ad9b0>,68,16,[9 2],69,191,207,122,178
1,<environment.Job instance at 0x7f7ddf2adb90>,71,16,[4 5],72,207,223,135,194
1,<environment.Job instance at 0x7f7ddf420f50>,75,14,[6 1],76,207,221,131,203
1,<environment.Job instance at 0x7f7ddf427820>,80,12,[10  5],81,223,235,142,209
1,<environment.Job instance at 0x7f7dd7cc3d20>,85,13,[7 4],86,235,248,149,221
1,<environment.Job instance at 0x7f7dd7c05280>,90,13,[6 2],91,286,299,195,286
1,<environment.Job instance at 0x7f7d940ea460>,1,15,[8 1],2,2,17,0,2
1,<environment.Job instance at 0x7f7d94528820>,2,13,[1 5],3,4,17,1,4
1,<environment.Job instance at 0x7f7d94528640>,4,16,[6 1],5,17,33,12,6
1,<environment.Job instance at 0x7f7d947a1f00>,13,2,[7 2],14,33,35,19,14
1,<environment.Job instance at 0x7f7d9474aeb0>,9,3,[6 3],10,35,38,25,22
1,<environment.Job instance at 0x7f7d946e8d20>,17,1,[6 2],18,38,39,20,29
1,<environment.Job instance at 0x7f7d947a3730>,20,14,[7 2],21,39,53,18,31
1,<environment.Job instance at 0x7f7d94785cd0>,24,12,[3 9],25,53,65,28,37
1,<environment.Job instance at 0x7f7d945242d0>,0,18,[ 2 10],1,65,83,64,65
1,<environment.Job instance at 0x7f7d947a3e10>,18,15,[2 8],19,83,98,64,71
1,<environment.Job instance at 0x7f7dd7ffa050>,38,16,[1 7],39,98,114,59,87
1,<environment.Job instance at 0x7f7dde807e60>,43,17,[4 7],44,114,131,70,110
1,<environment.Job instance at 0x7f7dd7f1f7d0>,45,15,[5 9],46,131,146,85,117
1,<environment.Job instance at 0x7f7dd7f08780>,53,12,[8 2],54,146,158,92,133
1,<environment.Job instance at 0x7f7dd7fae6e0>,54,16,[1 5],55,146,162,91,135
1,<environment.Job instance at 0x7f7dd7e92f50>,55,18,[4 9],56,162,180,106,151
1,<environment.Job instance at 0x7f7dd800e4b0>,60,13,[10  1],61,180,193,119,165
1,<environment.Job instance at 0x7f7d94604230>,64,12,[9 3],65,193,205,128,176
1,<environment.Job instance at 0x7f7d94171190>,70,17,[5 6],71,205,222,134,193
1,<environment.Job instance at 0x7f7d941714b0>,79,13,[4 7],80,222,235,142,219
1,<environment.Job instance at 0x7f7d94171500>,80,16,[10  1],81,235,251,154,223
1,<environment.Job instance at 0x7f7dd7ef5690>,1,13,[2 5],2,2,15,0,2
1,<environment.Job instance at 0x7f7dd800e460>,2,14,[2 6],3,15,29,12,4
1,<environment.Job instance at 0x7f7d94484500>,0,2,[10  4],1,29,31,28,5
1,<environment.Job instance at 0x7f7dd7f24820>,8,16,[1 7],9,31,47,22,18
1,<environment.Job instance at 0x7f7d9463b7d0>,19,12,[5 2],20,31,43,11,26
1,<environment.Job instance at 0x7f7d947e3dc0>,7,17,[8 4],8,47,64,39,35
1,<environment.Job instance at 0x7f7d944f86e0>,23,18,[6 4],24,64,82,40,54
1,<environment.Job instance at 0x7f7dd7fa03c0>,32,12,[4 7],33,82,94,49,66
1,<environment.Job instance at 0x7f7dd7fa04b0>,33,15,[6 2],34,82,97,48,70
1,<environment.Job instance at 0x7f7dd7fa0e60>,38,12,[7 5],39,97,109,58,85
1,<environment.Job instance at 0x7f7dd7fa0870>,40,12,[2 5],41,98,110,57,98
1,<environment.Job instance at 0x7f7dd7fa0910>,41,16,[1 6],42,110,126,68,98
1,<environment.Job instance at 0x7f7d9452c050>,5,15,[4 7],6,126,141,120,113
1,<environment.Job instance at 0x7f7dd830cbe0>,49,12,[1 9],50,141,153,91,124
1,<environment.Job instance at 0x7f7dd830c820>,55,14,[5 2],56,153,167,97,138
1,<environment.Job instance at 0x7f7d94810dc0>,58,17,[5 4],59,156,173,97,156
1,<environment.Job instance at 0x7f7d94803690>,60,16,[9 4],61,173,189,112,163
1,<environment.Job instance at 0x7f7dd7cec9b0>,63,13,[5 6],64,189,202,125,173
1,<environment.Job instance at 0x7f7d9480d960>,65,18,[3 9],66,202,220,136,191
1,<environment.Job instance at 0x7f7d94811050>,76,17,[2 9],77,220,237,143,208
1,<environment.Job instance at 0x7f7d94811910>,78,13,[ 3 10],79,237,250,158,230
1,<environment.Job instance at 0x7f7d94811870>,80,16,[10  3],81,250,266,169,238
1,<environment.Job instance at 0x7f7d94811af0>,83,17,[6 1],84,269,286,185,269
1,<environment.Job instance at 0x7f7d947fe410>,86,13,[8 5],87,286,299,199,270
1,<environment.Job instance at 0x7f7d947fe190>,87,3,[2 7],88,270,273,182,270
1,<environment.Job instance at 0x7f7d9480c870>,95,12,[3 7],96,299,311,203,293
1,<environment.Job instance at 0x7f7d9480cd70>,98,15,[6 2],99,307,322,208,307
1,<environment.Job instance at 0x7f7d9480c410>,99,14,[7 2],100,322,336,222,307
1,<environment.Job instance at 0x7f7d94808d20>,101,14,[1 7],102,330,344,228,330
1,<environment.Job instance at 0x7f7d94809e10>,114,13,[7 3],115,387,400,272,387
1,<environment.Job instance at 0x7f7d94809690>,118,1,[6 4],119,400,401,281,398
1,<environment.Job instance at 0x7f7dd82c4c80>,2,2,[5 1],3,4,6,1,4
1,<environment.Job instance at 0x7f7ddf418820>,9,12,[7 5],10,13,25,3,13
1,<environment.Job instance at 0x7f7dd82fd1e0>,11,17,[2 9],12,25,42,13,17
1,<environment.Job instance at 0x7f7dd82fd5f0>,19,14,[5 1],20,28,42,8,28
1,<environment.Job instance at 0x7f7ddf418910>,10,18,[5 6],11,42,60,31,31
1,<environment.Job instance at 0x7f7dd82fd0f0>,14,12,[10  2],15,60,72,45,43
1,<environment.Job instance at 0x7f7d94499910>,33,16,[6 3],34,72,88,38,59
1,<environment.Job instance at 0x7f7d94499d70>,35,13,[4 7],36,72,85,36,63
1,<environment.Job instance at 0x7f7ddeadf190>,41,12,[7 1],42,88,100,46,74
1,<environment.Job instance at 0x7f7dd7f24910>,0,17,[5 8],1,100,117,99,92
1,<environment.Job instance at 0x7f7ddeadffa0>,45,2,[1 5],46,117,119,71,102
1,<environment.Job instance at 0x7f7dde788b90>,48,12,[10  2],49,119,131,70,113
1,<environment.Job instance at 0x7f7dde788230>,50,16,[ 2 10],51,154,170,103,154
1,<environment.Job instance at 0x7f7dde898690>,57,13,[5 8],58,170,183,112,157
1,<environment.Job instance at 0x7f7dde898730>,59,17,[ 2 10],60,190,207,130,190
1,<environment.Job instance at 0x7f7d94401500>,69,17,[1 5],70,229,246,159,229
1,<environment.Job instance at 0x7f7d944014b0>,70,13,[3 8],71,246,259,175,231
1,<environment.Job instance at 0x7f7d94401460>,73,16,[5 2],74,237,253,163,237
1,<environment.Job instance at 0x7f7dd8030b90>,75,13,[10  5],76,259,272,183,246
1,<environment.Job instance at 0x7f7dd80303c0>,77,3,[10  5],78,272,275,194,246
1,<environment.Job instance at 0x7f7dd7e52be0>,80,13,[1 9],81,275,288,194,260
1,<environment.Job instance at 0x7f7dd80a22d0>,10,13,[7 1],11,12,25,1,12
1,<environment.Job instance at 0x7f7dd7f24af0>,0,3,[10  2],1,25,28,24,15
1,<environment.Job instance at 0x7f7dde952e10>,8,15,[3 9],9,28,43,19,16
1,<environment.Job instance at 0x7f7ddea6faa0>,9,12,[10  4],10,43,55,33,26
1,<environment.Job instance at 0x7f7ddea76910>,22,14,[4 6],23,55,69,32,44
1,<environment.Job instance at 0x7f7dde9cf410>,25,14,[5 9],26,69,83,43,55
1,<environment.Job instance at 0x7f7dd7ee7cd0>,31,12,[3 8],32,83,95,51,70
1,<environment.Job instance at 0x7f7d946e3320>,34,18,[9 1],35,95,113,60,84
1,<environment.Job instance at 0x7f7d945f4e10>,36,14,[5 7],37,113,127,76,99
1,<environment.Job instance at 0x7f7dd7ebea00>,38,16,[1 7],39,127,143,88,115
1,<environment.Job instance at 0x7f7dd7faf960>,42,3,[8 4],43,143,146,100,129
1,<environment.Job instance at 0x7f7dd802f0a0>,43,18,[5 3],44,146,164,102,137
1,<environment.Job instance at 0x7f7ddeeb3690>,54,17,[5 1],55,147,164,92,147
1,<environment.Job instance at 0x7f7d9411c820>,56,18,[5 4],57,164,182,107,153
1,<environment.Job instance at 0x7f7dd8139e10>,61,17,[7 4],62,182,199,120,173
1,<environment.Job instance at 0x7f7dd7fce4b0>,62,15,[3 6],63,173,188,110,173
1,<environment.Job instance at 0x7f7dd7d93be0>,64,12,[1 5],65,188,200,123,173
1,<environment.Job instance at 0x7f7d945eb1e0>,74,13,[5 5],75,205,218,130,205
1,<environment.Job instance at 0x7f7dde73e370>,1,17,[4 7],2,2,19,0,2
1,<environment.Job instance at 0x7f7dd7d87c80>,11,16,[2 7],12,19,35,7,17
1,<environment.Job instance at 0x7f7d945995a0>,17,13,[ 5 10],18,35,48,17,22
1,<environment.Job instance at 0x7f7d944ecaa0>,18,13,[ 5 10],19,48,61,29,36
1,<environment.Job instance at 0x7f7d944eca00>,14,15,[3 8],15,61,76,46,49
1,<environment.Job instance at 0x7f7dd7e17a00>,26,13,[5 6],27,76,89,49,60
1,<environment.Job instance at 0x7f7dd7e174b0>,29,15,[5 9],30,89,104,59,75
1,<environment.Job instance at 0x7f7dd7e17c30>,37,3,[ 5 10],38,104,107,66,83
1,<environment.Job instance at 0x7f7ddf2d2230>,40,18,[7 3],41,107,125,66,97
1,<environment.Job instance at 0x7f7dd83906e0>,44,2,[7 4],45,125,127,80,114
1,<environment.Job instance at 0x7f7dd8390e10>,46,12,[4 7],47,127,139,80,114
1,<environment.Job instance at 0x7f7d944feeb0>,47,15,[6 4],48,139,154,91,125
1,<environment.Job instance at 0x7f7dde888780>,48,17,[3 8],49,154,171,105,142
1,<environment.Job instance at 0x7f7dde6d1d20>,53,18,[9 2],54,171,189,117,160
1,<environment.Job instance at 0x7f7ddecc23c0>,58,3,[1 9],59,189,192,130,165
1,<environment.Job instance at 0x7f7ddecc2500>,59,15,[6 5],60,192,207,132,178
1,<environment.Job instance at 0x7f7ddecc2870>,62,13,[9 1],63,207,220,144,193
1,<environment.Job instance at 0x7f7ddecc2410>,67,18,[ 3 10],68,220,238,152,212
1,<environment.Job instance at 0x7f7ddecc2d20>,69,16,[8 5],70,238,254,168,227
1,<environment.Job instance at 0x7f7ddecc2eb0>,75,17,[9 3],76,254,271,178,242
1,<environment.Job instance at 0x7f7ddecb0640>,81,12,[10  4],82,271,283,189,254
1,<environment.Job instance at 0x7f7dd7ebed20>,3,17,[4 9],4,283,300,279,271
1,<environment.Job instance at 0x7f7ddecb0870>,95,17,[5 9],96,300,317,204,288
1,<environment.Job instance at 0x7f7d940b71e0>,97,15,[5 5],98,317,332,219,303
1,<environment.Job instance at 0x7f7d940b7550>,102,18,[10  5],103,332,350,229,321
1,<environment.Job instance at 0x7f7d940b77d0>,106,14,[4 7],107,350,364,243,336
1,<environment.Job instance at 0x7f7d940b7b40>,109,12,[5 9],110,364,376,254,347
1,<environment.Job instance at 0x7f7d940b7dc0>,113,16,[3 9],114,376,392,262,364
1,<environment.Job instance at 0x7f7d940a8370>,121,17,[3 7],122,392,409,270,380
1,<environment.Job instance at 0x7f7d940a8730>,125,3,[9 3],126,409,412,283,396
1,<environment.Job instance at 0x7f7d940a8690>,126,17,[1 6],127,409,426,282,397
1,<environment.Job instance at 0x7f7d940a80f0>,127,18,[5 2],128,412,430,284,401
1,<environment.Job instance at 0x7f7d940a89b0>,129,13,[4 7],130,426,439,296,410
1,<environment.Job instance at 0x7f7d940a8cd0>,135,12,[5 9],136,439,451,303,423
1,<environment.Job instance at 0x7f7d940a8dc0>,141,18,[7 1],142,451,469,309,441
1,<environment.Job instance at 0x7f7ddecba320>,148,12,[10  2],149,469,481,320,452
1,<environment.Job instance at 0x7f7d947b32d0>,155,15,[10  1],156,481,496,325,467
1,<environment.Job instance at 0x7f7d9423f5a0>,160,3,[10  4],161,496,499,335,483
1,<environment.Job instance at 0x7f7ddec7ce60>,161,17,[5 6],162,499,516,337,487
1,<environment.Job instance at 0x7f7dd7d11460>,163,17,[ 2 10],164,516,533,352,504
1,<environment.Job instance at 0x7f7d9db49f00>,3,17,[6 1],4,9,26,5,9
1,<environment.Job instance at 0x7f7d94524a50>,8,15,[8 2],9,26,41,17,12
1,<environment.Job instance at 0x7f7dd827cf50>,14,16,[1 8],15,26,42,11,26
1,<environment.Job instance at 0x7f7dde85b500>,5,12,[1 9],6,42,54,36,33
1,<environment.Job instance at 0x7f7dde8c98c0>,2,15,[1 7],3,54,69,51,40
1,<environment.Job instance at 0x7f7ddec54230>,25,12,[10  3],26,69,81,43,53
1,<environment.Job instance at 0x7f7d945e10f0>,27,3,[5 7],28,91,94,63,91
1,<environment.Job instance at 0x7f7d94145a50>,32,2,[9 4],33,110,112,77,110
1,<environment.Job instance at 0x7f7d94145aa0>,34,15,[6 4],35,117,132,82,117
1,<environment.Job instance at 0x7f7d9429c870>,44,14,[10  5],45,162,176,117,162
1,<environment.Job instance at 0x7f7dd7ed5500>,1,13,[5 2],2,4,17,2,4
1,<environment.Job instance at 0x7f7ddecd28c0>,11,14,[9 4],12,17,31,5,12
1,<environment.Job instance at 0x7f7ddea76190>,12,14,[7 1],13,31,45,18,18
1,<environment.Job instance at 0x7f7dd7df91e0>,16,2,[1 6],17,18,20,1,18
1,<environment.Job instance at 0x7f7d944aea50>,19,1,[2 6],20,31,32,11,29
1,<environment.Job instance at 0x7f7d944aedc0>,20,14,[6 3],21,45,59,24,30
1,<environment.Job instance at 0x7f7dd7c8a870>,22,16,[6 1],23,59,75,36,47
1,<environment.Job instance at 0x7f7d944c2a50>,25,13,[10  4],26,75,88,49,59
1,<environment.Job instance at 0x7f7dd7c82320>,31,1,[9 5],32,88,89,56,83
1,<environment.Job instance at 0x7f7d9451d5f0>,32,13,[ 4 10],33,92,105,59,92
1,<environment.Job instance at 0x7f7ddec79d70>,36,14,[9 1],37,105,119,68,102
1,<environment.Job instance at 0x7f7dd7d0b870>,37,15,[2 5],38,119,134,81,108
1,<environment.Job instance at 0x7f7ddec776e0>,41,14,[ 2 10],42,134,148,92,126
1,<environment.Job instance at 0x7f7d942a3140>,44,12,[7 5],45,148,160,103,136
1,<environment.Job instance at 0x7f7dd802caf0>,49,18,[ 1 10],50,160,178,110,157
1,<environment.Job instance at 0x7f7dd7c050a0>,57,17,[8 3],58,178,195,120,166
1,<environment.Job instance at 0x7f7dd7c05f50>,60,17,[8 5],61,195,212,134,185
1,<environment.Job instance at 0x7f7dde843d70>,66,15,[3 5],67,212,227,145,198
1,<environment.Job instance at 0x7f7dde893320>,72,15,[ 1 10],73,227,242,154,214
1,<environment.Job instance at 0x7f7d94152aa0>,75,18,[10  4],76,242,260,166,232
1,<environment.Job instance at 0x7f7d94152fa0>,77,15,[5 9],78,260,275,182,247
1,<environment.Job instance at 0x7f7dde7a9d20>,81,17,[8 2],82,275,292,193,264
1,<environment.Job instance at 0x7f7d94547fa0>,84,18,[8 4],85,292,310,207,281
1,<environment.Job instance at 0x7f7d946f76e0>,1,3,[4 9],2,2,5,0,2
1,<environment.Job instance at 0x7f7dd7cf3aa0>,2,3,[1 8],3,5,8,2,3
1,<environment.Job instance at 0x7f7d947834b0>,3,1,[1 6],4,8,9,4,4
1,<environment.Job instance at 0x7f7ddeaaedc0>,4,13,[3 8],5,9,22,4,5
1,<environment.Job instance at 0x7f7dd7f24960>,7,16,[2 6],8,22,38,14,11
1,<environment.Job instance at 0x7f7dd8089a00>,18,17,[2 5],19,38,55,19,32
1,<environment.Job instance at 0x7f7d94783230>,0,15,[4 9],1,59,74,58,59
1,<environment.Job instance at 0x7f7dd80891e0>,30,17,[2 7],31,74,91,43,65
1,<environment.Job instance at 0x7f7dd80898c0>,27,15,[8 4],28,91,106,63,78
1,<environment.Job instance at 0x7f7ddec54aa0>,36,2,[5 5],37,106,108,69,79
1,<environment.Job instance at 0x7f7ddec54be0>,43,3,[9 5],44,108,111,64,108
1,<environment.Job instance at 0x7f7d9452ed20>,13,18,[3 7],14,111,129,97,109
1,<environment.Job instance at 0x7f7ddec54eb0>,33,12,[10  3],34,129,141,95,112
1,<environment.Job instance at 0x7f7ddeb258c0>,49,14,[ 1 10],50,141,155,91,127
1,<environment.Job instance at 0x7f7ddec546e0>,44,17,[6 3],45,155,172,110,151
1,<environment.Job instance at 0x7f7ddeb25d70>,57,3,[2 9],58,172,175,114,155
1,<environment.Job instance at 0x7f7ddeb25e60>,58,2,[5 1],59,172,174,113,155
1,<environment.Job instance at 0x7f7ddeb25f50>,60,15,[9 4],61,175,190,114,164
1,<environment.Job instance at 0x7f7ddeb08280>,66,16,[6 4],67,190,206,123,181
1,<environment.Job instance at 0x7f7ddeb081e0>,62,17,[9 5],63,219,236,156,219
1,<environment.Job instance at 0x7f7ddeb08a50>,74,1,[1 6],75,236,237,161,219
1,<environment.Job instance at 0x7f7ddeb08c30>,75,12,[9 4],76,236,248,160,220
1,<environment.Job instance at 0x7f7ddeb25c80>,55,16,[10  3],56,248,264,192,242
1,<environment.Job instance at 0x7f7ddeb08d20>,80,14,[5 7],81,264,278,183,252
1,<environment.Job instance at 0x7f7ddeb31320>,85,17,[4 6],86,278,295,192,267
1,<environment.Job instance at 0x7f7ddeb318c0>,94,15,[6 1],95,278,293,183,271
1,<environment.Job instance at 0x7f7ddeb31aa0>,97,18,[1 7],98,295,313,197,284
1,<environment.Job instance at 0x7f7ddeb31fa0>,103,12,[5 8],104,313,325,209,303
1,<environment.Job instance at 0x7f7ddeb26280>,106,3,[5 8],107,325,328,218,304
1,<environment.Job instance at 0x7f7ddeb31dc0>,102,13,[3 9],103,328,341,225,316
1,<environment.Job instance at 0x7f7ddeb26820>,114,3,[6 5],115,341,344,226,338
1,<environment.Job instance at 0x7f7ddeb26780>,115,13,[6 3],116,344,357,228,338
1,<environment.Job instance at 0x7f7ddeb26a00>,118,1,[1 5],119,343,344,224,343
1,<environment.Job instance at 0x7f7ddeb26b40>,119,13,[3 8],120,357,370,237,343
1,<environment.Job instance at 0x7f7ddeb26870>,112,18,[2 9],113,370,388,257,359
1,<environment.Job instance at 0x7f7ddeb26f50>,124,16,[10  2],125,388,404,263,381
1,<environment.Job instance at 0x7f7ddeb26eb0>,126,16,[5 6],127,404,420,277,391
1,<environment.Job instance at 0x7f7ddeb00640>,133,12,[9 5],134,420,432,286,417
1,<environment.Job instance at 0x7f7ddeb00280>,134,18,[ 3 10],135,432,450,297,425
1,<environment.Job instance at 0x7f7ddeb00960>,137,17,[3 7],138,450,467,312,438
1,<environment.Job instance at 0x7f7ddeb00b40>,141,13,[6 3],142,455,468,313,455
1,<environment.Job instance at 0x7f7ddeb00dc0>,145,15,[1 9],146,468,483,322,456
1,<environment.Job instance at 0x7f7ddeb11550>,153,13,[7 4],154,483,496,329,467
1,<environment.Job instance at 0x7f7dded85140>,6,14,[8 5],7,21,35,14,21
1,<environment.Job instance at 0x7f7dd81f65f0>,11,3,[5 7],12,35,38,23,21
1,<environment.Job instance at 0x7f7dde86da00>,1,17,[6 1],2,38,55,36,26
1,<environment.Job instance at 0x7f7dd81f6a50>,18,3,[1 5],19,26,29,7,26
1,<environment.Job instance at 0x7f7dd81f6a00>,9,18,[2 5],10,38,56,28,27
1,<environment.Job instance at 0x7f7dd81f6b40>,22,17,[4 5],23,55,72,32,43
1,<environment.Job instance at 0x7f7ddee261e0>,24,3,[4 7],25,72,75,47,48
1,<environment.Job instance at 0x7f7ddee26910>,25,2,[6 4],26,56,58,30,48
1,<environment.Job instance at 0x7f7ddee26e10>,26,2,[ 5 10],27,75,77,48,48
1,<environment.Job instance at 0x7f7ddef82230>,30,16,[6 4],31,77,93,46,64
1,<environment.Job instance at 0x7f7ddf414f50>,33,3,[2 6],34,77,80,43,67
1,<environment.Job instance at 0x7f7d940508c0>,38,12,[9 1],39,93,105,54,85
1,<environment.Job instance at 0x7f7ddebe1140>,43,2,[6 4],44,105,107,61,87
1,<environment.Job instance at 0x7f7ddebe1f50>,42,18,[9 2],43,107,125,64,96
1,<environment.Job instance at 0x7f7ddebe1640>,45,12,[5 7],46,125,137,79,109
1,<environment.Job instance at 0x7f7ddebe11e0>,46,16,[5 8],47,137,153,90,129
1,<environment.Job instance at 0x7f7ddebd6190>,50,17,[10  5],51,153,170,102,141
1,<environment.Job instance at 0x7f7dd81f6b90>,8,18,[8 4],9,170,188,161,162
1,<environment.Job instance at 0x7f7dd80b9eb0>,60,12,[1 9],61,188,200,127,171
1,<environment.Job instance at 0x7f7ddebd63c0>,56,16,[10  4],57,200,216,143,189
1,<environment.Job instance at 0x7f7dde8192d0>,63,16,[5 8],64,216,232,152,205
1,<environment.Job instance at 0x7f7dde889d20>,71,18,[8 4],72,232,250,160,221
1,<environment.Job instance at 0x7f7dde6d4190>,73,18,[4 6],74,250,268,176,239
1,<environment.Job instance at 0x7f7dde6d4e60>,79,14,[ 5 10],80,268,282,188,254
1,<environment.Job instance at 0x7f7dde8aedc0>,86,15,[6 4],87,282,297,195,268
1,<environment.Job instance at 0x7f7dde8ae4b0>,89,18,[1 5],90,282,300,192,280
1,<environment.Job instance at 0x7f7dde889550>,70,15,[5 9],71,300,315,229,287
1,<environment.Job instance at 0x7f7dd82d0a00>,96,17,[7 1],97,316,333,219,316
1,<environment.Job instance at 0x7f7dd82d02d0>,107,12,[8 1],108,333,345,225,319
1,<environment.Job instance at 0x7f7dd81f6460>,1,2,[9 4],2,3,5,1,3
1,<environment.Job instance at 0x7f7dd818b550>,7,18,[7 5],8,9,27,1,9
1,<environment.Job instance at 0x7f7ddeb08aa0>,5,14,[3 5],6,13,27,7,13
1,<environment.Job instance at 0x7f7dd818b8c0>,12,14,[9 2],13,27,41,14,16
1,<environment.Job instance at 0x7f7dd7dc66e0>,17,17,[8 2],18,41,58,23,29
1,<environment.Job instance at 0x7f7dd7dc6410>,15,18,[9 4],16,58,76,42,49
1,<environment.Job instance at 0x7f7d94725230>,20,15,[8 3],21,76,91,55,64
1,<environment.Job instance at 0x7f7d9417b410>,25,18,[3 6],26,91,109,65,81
1,<environment.Job instance at 0x7f7ddee26eb0>,0,12,[3 8],1,109,121,108,92
1,<environment.Job instance at 0x7f7d94024870>,41,12,[7 4],42,121,133,79,110
1,<environment.Job instance at 0x7f7d94809140>,45,12,[8 3],46,133,145,87,116
1,<environment.Job instance at 0x7f7d94809320>,47,12,[7 5],48,145,157,97,128
1,<environment.Job instance at 0x7f7d948099b0>,52,17,[7 4],53,157,174,104,145
1,<environment.Job instance at 0x7f7d94809690>,54,12,[4 7],55,174,186,119,157
1,<environment.Job instance at 0x7f7d948095f0>,55,13,[1 5],56,157,170,101,157
1,<environment.Job instance at 0x7f7d94809550>,57,14,[7 2],58,186,200,128,172
1,<environment.Job instance at 0x7f7d947275f0>,59,17,[1 7],60,186,203,126,178
1,<environment.Job instance at 0x7f7d94727fa0>,63,15,[1 5],64,203,218,139,189
1,<environment.Job instance at 0x7f7d94727e10>,64,12,[9 4],65,203,215,138,189
1,<environment.Job instance at 0x7f7ddeb2c550>,68,17,[9 3],69,215,232,146,203
1,<environment.Job instance at 0x7f7d940ae320>,70,14,[10  1],71,232,246,161,218
1,<environment.Job instance at 0x7f7d9442baf0>,78,17,[3 6],79,246,263,167,234
1,<environment.Job instance at 0x7f7d9442bbe0>,82,15,[4 7],83,263,278,180,249
1,<environment.Job instance at 0x7f7d9407c190>,90,13,[4 7],91,278,291,187,267
1,<environment.Job instance at 0x7f7d9408f140>,94,14,[1 7],95,291,305,196,276
1,<environment.Job instance at 0x7f7d9408feb0>,98,18,[4 6],99,305,323,206,294
1,<environment.Job instance at 0x7f7d9408f5a0>,102,14,[5 6],103,323,337,220,309
1,<environment.Job instance at 0x7f7d9408f5f0>,106,17,[ 2 10],107,337,354,230,325
1,<environment.Job instance at 0x7f7d940dd7d0>,111,16,[9 3],112,354,370,242,341
1,<environment.Job instance at 0x7f7d940dddc0>,2,12,[ 4 10],3,4,16,1,4
1,<environment.Job instance at 0x7f7d947255f0>,6,2,[6 1],7,16,18,9,8
1,<environment.Job instance at 0x7f7dde8aee10>,0,2,[8 4],1,18,20,17,8
1,<environment.Job instance at 0x7f7dd80ac820>,10,12,[4 9],11,20,32,9,13
1,<environment.Job instance at 0x7f7dd8049dc0>,13,3,[1 5],14,16,19,2,16
1,<environment.Job instance at 0x7f7ddea65fa0>,15,3,[2 5],16,32,35,16,16
1,<environment.Job instance at 0x7f7d947f14b0>,16,2,[3 9],17,35,37,18,17
1,<environment.Job instance at 0x7f7ddec67190>,19,1,[5 6],20,37,38,17,21
1,<environment.Job instance at 0x7f7ddec67fa0>,17,13,[7 4],18,38,51,20,22
1,<environment.Job instance at 0x7f7ddf1d7140>,24,2,[5 6],25,51,53,26,26
1,<environment.Job instance at 0x7f7dd816a960>,27,2,[2 7],28,53,55,25,29
1,<environment.Job instance at 0x7f7ddec67a00>,20,13,[8 5],21,55,68,34,39
1,<environment.Job instance at 0x7f7d9435b500>,39,13,[3 8],40,68,81,28,54
1,<environment.Job instance at 0x7f7d9435b5a0>,36,15,[9 4],37,81,96,44,69
1,<environment.Job instance at 0x7f7d9435bcd0>,44,12,[6 3],45,96,108,51,81
1,<environment.Job instance at 0x7f7d9435bb90>,40,17,[8 5],41,108,125,67,97
1,<environment.Job instance at 0x7f7d9432fe10>,57,15,[3 8],58,125,140,67,119
1,<environment.Job instance at 0x7f7d9432fa50>,53,17,[10  4],54,140,157,86,130
1,<environment.Job instance at 0x7f7d9432a820>,61,18,[3 7],62,157,175,95,146
1,<environment.Job instance at 0x7f7dde94baf0>,65,2,[3 9],66,175,177,109,149
1,<environment.Job instance at 0x7f7dde9687d0>,68,17,[7 2],69,157,174,88,149
1,<environment.Job instance at 0x7f7dde89d780>,69,15,[8 4],70,177,192,107,163
1,<environment.Job instance at 0x7f7d94513640>,77,14,[3 8],78,192,206,114,181
1,<environment.Job instance at 0x7f7dde722460>,37,18,[5 9],38,207,225,169,207
1,<environment.Job instance at 0x7f7dd7e8d8c0>,87,17,[3 5],88,225,242,137,213
1,<environment.Job instance at 0x7f7d946e72d0>,94,14,[2 5],95,226,240,131,226
1,<environment.Job instance at 0x7f7d946e74b0>,97,18,[3 6],98,242,260,144,234
1,<environment.Job instance at 0x7f7d946e82d0>,103,17,[6 1],104,241,258,137,241
1,<environment.Job instance at 0x7f7d94130820>,2,15,[5 7],3,9,24,6,9
1,<environment.Job instance at 0x7f7dde7eaf00>,9,18,[4 5],10,24,42,14,13
1,<environment.Job instance at 0x7f7dde7ea5f0>,10,18,[6 2],11,24,42,13,22
1,<environment.Job instance at 0x7f7d93f23690>,12,15,[4 8],13,42,57,29,28
1,<environment.Job instance at 0x7f7dd82fabe0>,7,16,[6 1],8,42,58,34,29
1,<environment.Job instance at 0x7f7d944a3050>,18,16,[10  5],19,58,74,39,51
1,<environment.Job instance at 0x7f7dd7e5bd20>,38,16,[2 8],39,74,90,35,73
1,<environment.Job instance at 0x7f7ddf41b320>,25,18,[10  1],26,90,108,64,79
1,<environment.Job instance at 0x7f7d93e69f50>,45,15,[3 7],46,108,123,62,94
1,<environment.Job instance at 0x7f7d93e69eb0>,47,14,[ 4 10],48,123,137,75,111
1,<environment.Job instance at 0x7f7dde785320>,51,3,[6 5],52,137,140,85,119
1,<environment.Job instance at 0x7f7dd7df7500>,53,13,[5 5],54,140,153,86,128
1,<environment.Job instance at 0x7f7dde9e3b40>,52,13,[4 9],53,153,166,100,144
1,<environment.Job instance at 0x7f7dde7856e0>,49,16,[3 7],50,166,182,116,153
1,<environment.Job instance at 0x7f7dde814fa0>,63,15,[3 5],64,182,197,118,168
1,<environment.Job instance at 0x7f7dd80500f0>,65,12,[5 5],66,182,194,116,169
1,<environment.Job instance at 0x7f7d94607320>,60,18,[8 5],61,197,215,136,186
1,<environment.Job instance at 0x7f7d9473d0a0>,68,15,[7 3],69,215,230,146,201
1,<environment.Job instance at 0x7f7d93f85960>,76,17,[2 5],77,204,221,127,204
1,<environment.Job instance at 0x7f7d93f85a50>,80,13,[5 7],81,230,243,149,214
1,<environment.Job instance at 0x7f7d93f85eb0>,81,17,[ 5 10],82,243,260,161,236
1,<environment.Job instance at 0x7f7d93f85320>,89,1,[7 5],90,260,261,170,255
1,<environment.Job instance at 0x7f7d93f85640>,90,16,[4 9],91,261,277,170,258
1,<environment.Job instance at 0x7f7dd7c2b910>,93,14,[7 2],94,277,291,183,264
1,<environment.Job instance at 0x7f7dd80290a0>,96,15,[2 9],97,291,306,194,282
1,<environment.Job instance at 0x7f7dd80292d0>,98,18,[5 5],99,306,324,207,296
1,<environment.Job instance at 0x7f7ddeb2b1e0>,1,18,[ 5 10],2,7,25,5,7
1,<environment.Job instance at 0x7f7dd7d08690>,11,14,[2 5],12,25,39,13,14
1,<environment.Job instance at 0x7f7dd7d08410>,18,12,[9 5],19,39,51,20,34
1,<environment.Job instance at 0x7f7d9425dd70>,22,15,[7 5],23,51,66,28,37
1,<environment.Job instance at 0x7f7dde857b90>,28,2,[9 3],29,66,68,37,61
1,<environment.Job instance at 0x7f7dde857320>,29,2,[5 5],30,68,70,38,61
1,<environment.Job instance at 0x7f7dde857460>,31,3,[ 5 10],32,70,73,38,61
1,<environment.Job instance at 0x7f7dde857280>,32,1,[1 6],33,66,67,33,61
1,<environment.Job instance at 0x7f7dde857c30>,26,18,[6 5],27,73,91,46,62
1,<environment.Job instance at 0x7f7d93e38500>,37,16,[2 5],38,73,89,35,62
1,<environment.Job instance at 0x7f7d93e38b40>,40,13,[7 3],41,91,104,50,76
1,<environment.Job instance at 0x7f7ddeac9b40>,49,12,[6 4],50,104,116,54,90
1,<environment.Job instance at 0x7f7ddeac9e60>,53,3,[7 2],54,116,119,62,102
1,<environment.Job instance at 0x7f7ddeac9140>,54,3,[5 6],55,119,122,64,103
1,<environment.Job instance at 0x7f7ddeac9550>,52,16,[4 9],53,122,138,69,109
1,<environment.Job instance at 0x7f7dd7d08820>,5,15,[10  1],6,138,153,132,129
1,<environment.Job instance at 0x7f7d93e39140>,69,2,[5 8],70,153,155,83,139
1,<environment.Job instance at 0x7f7dde857a50>,25,16,[9 5],26,155,171,129,142
1,<environment.Job instance at 0x7f7d93e39aa0>,64,16,[ 5 10],65,171,187,106,161
1,<environment.Job instance at 0x7f7d93e39870>,75,16,[7 5],76,187,203,111,174
1,<environment.Job instance at 0x7f7d93e398c0>,70,17,[2 8],71,203,220,132,193
1,<environment.Job instance at 0x7f7d93ef1730>,81,16,[10  5],82,220,236,138,208
1,<environment.Job instance at 0x7f7d93ef1eb0>,85,12,[3 7],86,236,248,150,224
1,<environment.Job instance at 0x7f7d93ef12d0>,93,13,[10  5],94,248,261,154,233
1,<environment.Job instance at 0x7f7d93f06780>,99,12,[5 4],100,261,273,161,247
1,<environment.Job instance at 0x7f7d93f060f0>,100,14,[6 2],101,273,287,172,259
1,<environment.Job instance at 0x7f7d93f06280>,96,18,[5 9],97,287,305,190,278
1,<environment.Job instance at 0x7f7d93f380a0>,113,15,[ 5 10],114,305,320,191,293
1,<environment.Job instance at 0x7f7d93f380f0>,117,12,[10  3],118,320,332,202,303
1,<environment.Job instance at 0x7f7d93f615f0>,121,13,[ 3 10],122,332,345,210,316
1,<environment.Job instance at 0x7f7d93f61c30>,122,18,[6 5],123,345,363,222,334
1,<environment.Job instance at 0x7f7d93f61050>,125,1,[7 3],126,363,364,237,335
1,<environment.Job instance at 0x7f7d93f61e10>,128,14,[5 7],129,364,378,235,349
1,<environment.Job instance at 0x7f7dd7d085a0>,13,17,[ 1 10],14,378,395,364,366
1,<environment.Job instance at 0x7f7d93f2adc0>,137,12,[10  4],138,395,407,257,379
1,<environment.Job instance at 0x7f7d93e34230>,142,3,[6 3],143,407,410,264,390
1,<environment.Job instance at 0x7f7d93e341e0>,143,2,[2 9],144,410,412,266,390
1,<environment.Job instance at 0x7f7d93e34e10>,144,18,[1 8],145,412,430,267,404
1,<environment.Job instance at 0x7f7d93e34780>,149,17,[9 1],150,425,442,275,425
1,<environment.Job instance at 0x7f7d93e301e0>,154,15,[5 9],155,442,457,287,432
1,<environment.Job instance at 0x7f7d93f2aaf0>,136,17,[10  5],137,457,474,320,449
1,<environment.Job instance at 0x7f7dd7cea640>,166,17,[ 2 10],167,474,491,307,464
1,<environment.Job instance at 0x7f7dde8578c0>,1,13,[6 4],2,2,15,0,2
1,<environment.Job instance at 0x7f7d93ec00f0>,2,1,[2 7],3,15,16,12,3
1,<environment.Job instance at 0x7f7dd7cea320>,3,18,[5 3],4,15,33,11,4
1,<environment.Job instance at 0x7f7d93f389b0>,5,14,[5 5],6,16,30,10,9
1,<environment.Job instance at 0x7f7dde94e9b0>,13,1,[7 3],14,33,34,19,17
1,<environment.Job instance at 0x7f7d93e38f00>,0,14,[7 4],1,34,48,33,20
1,<environment.Job instance at 0x7f7ddeaae5a0>,12,15,[6 5],13,48,63,35,35
1,<environment.Job instance at 0x7f7d93efc780>,19,13,[7 2],20,63,76,43,47
1,<environment.Job instance at 0x7f7d94401eb0>,23,13,[3 6],24,63,76,39,48
1,<environment.Job instance at 0x7f7dde9f30f0>,17,14,[5 4],18,76,90,58,63
1,<environment.Job instance at 0x7f7d93fbae10>,34,17,[5 5],35,76,93,41,76
1,<environment.Job instance at 0x7f7d93ebd370>,36,15,[10  3],37,93,108,56,80
1,<environment.Job instance at 0x7f7d93efcc80>,22,12,[10  2],23,108,120,85,94
1,<environment.Job instance at 0x7f7d93f04320>,43,16,[6 1],44,120,136,76,108
1,<environment.Job instance at 0x7f7d9425d7d0>,9,14,[ 2 10],10,136,150,126,123
1,<environment.Job instance at 0x7f7d946e1c30>,53,17,[6 2],54,150,167,96,141
1,<environment.Job instance at 0x7f7d93ebd460>,39,18,[4 9],40,167,185,127,159
1,<environment.Job instance at 0x7f7d946e1820>,60,12,[1 7],61,185,197,124,171
1,<environment.Job instance at 0x7f7d946e0cd0>,61,15,[4 5],62,197,212,135,184
1,<environment.Job instance at 0x7f7d946e0af0>,64,17,[7 2],65,212,229,147,202
1,<environment.Job instance at 0x7f7d946e04b0>,68,16,[ 5 10],69,229,245,160,219
1,<environment.Job instance at 0x7f7d946e00f0>,69,17,[3 7],70,245,262,175,236
1,<environment.Job instance at 0x7f7d946ac1e0>,73,3,[8 1],74,262,265,188,236
1,<environment.Job instance at 0x7f7d9429f820>,75,3,[10  2],76,265,268,189,239
1,<environment.Job instance at 0x7f7d946de4b0>,77,3,[5 8],78,268,271,190,245
1,<environment.Job instance at 0x7f7d946b3fa0>,79,1,[2 5],80,262,263,182,245
1,<environment.Job instance at 0x7f7d946b63c0>,84,12,[ 3 10],85,271,283,186,256
1,<environment.Job instance at 0x7f7d942a0aa0>,89,17,[4 5],90,283,300,193,272
1,<environment.Job instance at 0x7f7dd81d78c0>,93,15,[8 1],94,300,315,206,286
1,<environment.Job instance at 0x7f7dd81d64b0>,96,12,[8 4],97,315,327,218,298
1,<environment.Job instance at 0x7f7dd81d6140>,100,14,[6 3],101,327,341,226,312
1,<environment.Job instance at 0x7f7dd81d6e10>,102,17,[1 6],103,321,338,218,321
1,<environment.Job instance at 0x7f7dd81d6640>,105,17,[10  3],106,341,358,235,329
1,<environment.Job instance at 0x7f7dd82080a0>,110,13,[10  2],111,358,371,247,343
1,<environment.Job instance at 0x7f7dd8208500>,114,14,[1 5],115,371,385,256,356
1,<environment.Job instance at 0x7f7d947e7140>,115,3,[2 6],116,385,388,269,359
1,<environment.Job instance at 0x7f7d947e7e60>,116,17,[6 4],117,371,388,254,359
1,<environment.Job instance at 0x7f7dd7fdf780>,120,17,[3 6],121,388,405,267,376
1,<environment.Job instance at 0x7f7dd7fdfeb0>,121,15,[3 7],122,405,420,283,391
1,<environment.Job instance at 0x7f7d9481b0f0>,125,12,[ 4 10],126,420,432,294,403
1,<environment.Job instance at 0x7f7d9481b190>,127,14,[5 5],128,432,446,304,417
1,<environment.Job instance at 0x7f7d94811d70>,129,16,[4 5],130,433,449,303,433
1,<environment.Job instance at 0x7f7d94811fa0>,133,17,[5 3],134,446,463,312,434
1,<environment.Job instance at 0x7f7d94811960>,136,13,[6 4],137,463,476,326,448
1,<environment.Job instance at 0x7f7d947ff960>,141,18,[7 5],142,476,494,334,465
1,<environment.Job instance at 0x7f7d947ff500>,144,13,[ 2 10],145,494,507,349,493
1,<environment.Job instance at 0x7f7d94814460>,146,17,[6 5],147,507,524,360,498
1,<environment.Job instance at 0x7f7d948142d0>,148,13,[10  3],149,524,537,375,511
1,<environment.Job instance at 0x7f7d94814550>,153,13,[3 9],154,537,550,383,521
1,<environment.Job instance at 0x7f7d948145f0>,157,15,[10  1],158,550,565,392,536
1,<environment.Job instance at 0x7f7d947f02d0>,163,18,[6 3],164,574,592,410,574
1,<environment.Job instance at 0x7f7d947f0230>,168,12,[9 2],169,592,604,423,578
1,<environment.Job instance at 0x7f7d93efccd0>,1,2,[5 1],2,2,4,0,2
1,<environment.Job instance at 0x7f7d93ef1af0>,7,1,[8 1],8,8,9,0,8
1,<environment.Job instance at 0x7f7d94279910>,5,2,[10  4],6,9,11,3,9
1,<environment.Job instance at 0x7f7ddeb2bb90>,8,17,[6 1],9,11,28,2,10
1,<environment.Job instance at 0x7f7d93e39e60>,12,1,[2 8],13,13,14,0,13
1,<environment.Job instance at 0x7f7dd7d08320>,13,1,[ 3 10],14,28,29,14,14
1,<environment.Job instance at 0x7f7dd7d085f0>,14,12,[1 8],15,15,27,0,15
1,<environment.Job instance at 0x7f7dde6b0d70>,15,16,[3 7],16,29,45,13,16
1,<environment.Job instance at 0x7f7dd7c6a320>,20,1,[10  2],21,45,46,24,22
1,<environment.Job instance at 0x7f7d940f48c0>,17,14,[5 3],18,29,43,11,24
1,<environment.Job instance at 0x7f7d94328230>,23,3,[6 5],24,46,49,22,25
1,<environment.Job instance at 0x7f7ddf1cc5f0>,26,15,[4 5],27,46,61,19,35
1,<environment.Job instance at 0x7f7d93fb9b40>,24,16,[5 5],25,49,65,24,36
1,<environment.Job instance at 0x7f7dde7d8730>,29,14,[4 8],30,65,79,35,53
1,<environment.Job instance at 0x7f7dde8cc140>,35,14,[4 9],36,79,93,43,64
1,<environment.Job instance at 0x7f7d9400bd70>,42,13,[4 6],43,93,106,50,78
1,<environment.Job instance at 0x7f7dd7c6a500>,19,16,[4 7],20,106,122,86,93
1,<environment.Job instance at 0x7f7d94599140>,48,16,[6 3],49,104,120,55,104
1,<environment.Job instance at 0x7f7d944e8460>,46,13,[ 3 10],47,122,135,75,106
1,<environment.Job instance at 0x7f7d94599370>,50,15,[7 1],51,135,150,84,121
1,<environment.Job instance at 0x7f7dde7d2f50>,55,3,[6 5],56,150,153,94,130
1,<environment.Job instance at 0x7f7dd7f50190>,52,16,[8 5],53,153,169,100,143
1,<environment.Job instance at 0x7f7ddeb5a230>,65,12,[5 6],66,169,181,103,158
1,<environment.Job instance at 0x7f7ddeb5a280>,67,15,[4 6],68,181,196,113,167
1,<environment.Job instance at 0x7f7d94272e60>,70,15,[6 2],71,181,196,110,170
1,<environment.Job instance at 0x7f7ddf4f9820>,74,14,[9 4],75,196,210,121,181
1,<environment.Job instance at 0x7f7d94523aa0>,78,15,[6 2],79,210,225,131,196
1,<environment.Job instance at 0x7f7ddefaeb90>,86,14,[8 1],87,225,239,138,222
1,<environment.Job instance at 0x7f7dde819b90>,91,3,[5 6],92,239,242,147,223
1,<environment.Job instance at 0x7f7dd7c26b40>,94,3,[8 4],95,242,245,147,223
1,<environment.Job instance at 0x7f7d93e39500>,11,18,[9 3],12,245,263,233,243
1,<environment.Job instance at 0x7f7ddebe6320>,97,14,[2 5],98,263,277,165,248
1,<environment.Job instance at 0x7f7ddebe6e10>,107,16,[10  1],108,279,295,171,279
1,<environment.Job instance at 0x7f7ddebe6b40>,110,16,[8 1],111,295,311,184,287
1,<environment.Job instance at 0x7f7ddebe6a00>,112,14,[8 4],113,311,325,198,296
1,<environment.Job instance at 0x7f7dd7ea4410>,125,17,[2 6],126,384,401,258,384
1,<environment.Job instance at 0x7f7dd7ea49b0>,130,2,[ 4 10],131,401,403,270,387
1,<environment.Job instance at 0x7f7d93fc3320>,134,2,[6 3],135,403,405,268,402
1,<environment.Job instance at 0x7f7d93fc3140>,135,12,[8 2],136,405,417,269,403
1,<environment.Job instance at 0x7f7d93fc3cd0>,137,3,[2 8],138,405,408,267,404
1,<environment.Job instance at 0x7f7d93fc3dc0>,4,15,[4 7],5,8,23,3,8
1,<environment.Job instance at 0x7f7dde92a4b0>,9,1,[8 4],10,23,24,13,10
1,<environment.Job instance at 0x7f7dd81c90f0>,8,15,[6 4],9,24,39,15,11
1,<environment.Job instance at 0x7f7dde92a820>,16,15,[7 3],17,39,54,22,26
1,<environment.Job instance at 0x7f7dde92af00>,19,15,[8 1],20,54,69,34,40
1,<environment.Job instance at 0x7f7d940b25f0>,22,2,[10  3],23,69,71,46,45
1,<environment.Job instance at 0x7f7d94599b90>,20,14,[10  4],21,71,85,50,61
1,<environment.Job instance at 0x7f7d940b2910>,27,14,[6 5],28,85,99,57,72
1,<environment.Job instance at 0x7f7d940b28c0>,30,15,[1 5],31,85,100,54,84
1,<environment.Job instance at 0x7f7d940b2e10>,33,17,[8 4],34,99,116,65,88
1,<environment.Job instance at 0x7f7d940b27d0>,29,13,[10  1],30,116,129,86,104
1,<environment.Job instance at 0x7f7d93e61b90>,38,18,[5 3],39,129,147,90,118
1,<environment.Job instance at 0x7f7d93e61af0>,39,16,[5 4],40,129,145,89,124
1,<environment.Job instance at 0x7f7ddf413aa0>,43,17,[10  5],44,147,164,103,139
1,<environment.Job instance at 0x7f7dde92a230>,15,16,[10  3],16,164,180,148,153
1,<environment.Job instance at 0x7f7d9482d140>,51,17,[1 7],52,180,197,128,170
1,<environment.Job instance at 0x7f7d9482db90>,57,14,[5 3],58,180,194,122,178
1,<environment.Job instance at 0x7f7d9482d910>,62,19,[2 9],63,197,216,134,187
1,<environment.Job instance at 0x7f7d940e0fa0>,65,17,[3 5],66,216,233,150,204
1,<environment.Job instance at 0x7f7d940e04b0>,66,14,[6 5],67,216,230,149,204
1,<environment.Job instance at 0x7f7d940e0b40>,68,13,[6 4],69,230,243,161,216
1,<environment.Job instance at 0x7f7d940e09b0>,70,13,[ 2 10],71,243,256,172,231
1,<environment.Job instance at 0x7f7d940e0910>,73,17,[3 6],74,256,273,182,244
1,<environment.Job instance at 0x7f7d93f0f5a0>,77,14,[9 5],78,273,287,195,258
1,<environment.Job instance at 0x7f7d93f0f910>,82,1,[ 4 10],83,287,288,204,281
1,<environment.Job instance at 0x7f7dde93cf50>,84,18,[6 5],85,296,314,211,296
1,<environment.Job instance at 0x7f7dde93c9b0>,85,3,[ 2 10],86,314,317,228,296
1,<environment.Job instance at 0x7f7dde93c500>,86,12,[2 6],87,317,329,230,300
1,<environment.Job instance at 0x7f7ddf413dc0>,1,2,[9 1],2,2,4,0,2
1,<environment.Job instance at 0x7f7d93fb2f00>,9,13,[7 2],10,11,24,1,11
1,<environment.Job instance at 0x7f7d93fb2c30>,11,1,[3 9],12,24,25,12,13
1,<environment.Job instance at 0x7f7dde93c550>,12,1,[7 1],13,24,25,11,14
1,<environment.Job instance at 0x7f7dde9e3a00>,14,3,[8 5],15,25,28,10,15
1,<environment.Job instance at 0x7f7dde9e3140>,13,14,[10  5],14,28,42,14,15
1,<environment.Job instance at 0x7f7ddee0d1e0>,16,1,[5 2],17,42,43,25,21
1,<environment.Job instance at 0x7f7ddee0dc30>,18,1,[5 5],19,42,43,23,27
1,<environment.Job instance at 0x7f7ddee0daf0>,20,16,[9 2],21,43,59,22,32
1,<environment.Job instance at 0x7f7ddee0de10>,21,3,[6 4],22,59,62,37,33
1,<environment.Job instance at 0x7f7ddee10d70>,28,3,[ 1 10],29,62,65,33,51
1,<environment.Job instance at 0x7f7ddee0daa0>,29,18,[8 4],30,65,83,35,55
1,<environment.Job instance at 0x7f7ddee10cd0>,35,14,[5 2],36,83,97,47,68
1,<environment.Job instance at 0x7f7ddee0d730>,27,14,[ 4 10],28,97,111,69,84
1,<environment.Job instance at 0x7f7dd82c94b0>,50,16,[2 5],51,111,127,60,101
1,<environment.Job instance at 0x7f7dd82c9780>,51,14,[7 4],52,111,125,59,101
1,<environment.Job instance at 0x7f7dd82cbf00>,54,17,[6 2],55,125,142,70,113
1,<environment.Job instance at 0x7f7dd82cb960>,59,12,[7 5],60,142,154,82,127
1,<environment.Job instance at 0x7f7dd82cbf50>,61,16,[1 7],62,154,170,92,142
1,<environment.Job instance at 0x7f7dd82cb690>,65,18,[6 5],66,170,188,104,161
1,<environment.Job instance at 0x7f7d9482dd70>,0,17,[5 6],1,188,205,187,176
1,<environment.Job instance at 0x7f7dd8290730>,75,3,[8 4],76,205,208,129,179
1,<environment.Job instance at 0x7f7dd82af280>,78,18,[10  5],79,208,226,129,197
1,<environment.Job instance at 0x7f7dd82af230>,80,15,[7 3],81,226,241,145,212
1,<environment.Job instance at 0x7f7dd82af0f0>,82,17,[7 5],83,241,258,158,229
1,<environment.Job instance at 0x7f7dd82af640>,87,16,[2 8],88,258,274,170,245
1,<environment.Job instance at 0x7f7dd82a1c30>,96,14,[5 5],97,274,288,177,260
1,<environment.Job instance at 0x7f7dd82af140>,85,16,[9 5],86,288,304,202,278
1,<environment.Job instance at 0x7f7dd82c4320>,110,12,[4 6],111,304,316,193,292
1,<environment.Job instance at 0x7f7dd82c4a00>,111,17,[2 7],112,316,333,204,304
1,<environment.Job instance at 0x7f7dd82c4910>,117,16,[2 8],118,333,349,215,322
1,<environment.Job instance at 0x7f7dd82a81e0>,121,18,[8 2],122,335,353,213,335
1,<environment.Job instance at 0x7f7dd82a8690>,122,18,[5 9],123,353,371,230,348
1,<environment.Job instance at 0x7f7dd82a8b90>,126,15,[7 5],127,371,386,244,357
1,<environment.Job instance at 0x7f7dd82a89b0>,129,12,[10  4],130,386,398,256,369
1,<environment.Job instance at 0x7f7dd82b7460>,135,14,[6 4],136,398,412,262,383
1,<environment.Job instance at 0x7f7dd82b7410>,138,3,[5 1],139,412,415,273,396
1,<environment.Job instance at 0x7f7dd82b7e60>,139,3,[4 9],140,412,415,272,397
1,<environment.Job instance at 0x7f7dd82b7a00>,141,14,[1 6],142,398,412,256,397
1,<environment.Job instance at 0x7f7d93fb23c0>,142,3,[5 9],143,415,418,272,397
1,<environment.Job instance at 0x7f7dd8287460>,143,16,[10  1],144,418,434,274,405
1,<environment.Job instance at 0x7f7d9448e0f0>,149,13,[2 7],150,445,458,295,445
1,<environment.Job instance at 0x7f7ddefaeeb0>,154,12,[8 5],155,459,471,304,459
1,<environment.Job instance at 0x7f7d946c8f50>,156,12,[7 5],157,471,483,314,462
1,<environment.Job instance at 0x7fc59b71f640>,4,13,[3 6],5,6,19,1,6
1,<environment.Job instance at 0x7fc5982cd320>,5,2,[1 6],6,19,21,13,6
1,<environment.Job instance at 0x7fc5982cd690>,9,12,[8 2],10,19,31,9,10
1,<environment.Job instance at 0x7fc5982cd4b0>,6,15,[2 8],7,25,40,18,25
1,<environment.Job instance at 0x7fc59b6dc140>,2,14,[ 2 10],3,40,54,37,25
1,<environment.Job instance at 0x7fc5982d00a0>,22,12,[3 8],23,54,66,31,50
1,<environment.Job instance at 0x7fc5982d01e0>,23,16,[6 2],24,54,70,30,52
1,<environment.Job instance at 0x7fc5982d0280>,24,2,[4 6],25,66,68,41,55
1,<environment.Job instance at 0x7fc5982cdf50>,21,18,[9 4],22,70,88,48,59
1,<environment.Job instance at 0x7fc5982d0870>,27,17,[4 6],28,88,105,60,76
1,<environment.Job instance at 0x7fc5982d0eb0>,37,14,[5 8],38,105,119,67,100
1,<environment.Job instance at 0x7fc5982d2230>,42,2,[4 7],43,124,126,81,124
1,<environment.Job instance at 0x7fc5982d22d0>,43,12,[4 5],44,126,138,82,124
1,<environment.Job instance at 0x7fc5982d2550>,46,2,[3 5],47,126,128,79,125
1,<environment.Job instance at 0x7fc5982d0cd0>,34,14,[1 9],35,138,152,103,125
1,<environment.Job instance at 0x7fc5982d26e0>,50,2,[5 6],51,152,154,101,140
1,<environment.Job instance at 0x7fc5982d2b90>,51,2,[5 3],52,152,154,100,140
1,<environment.Job instance at 0x7fc5982d2aa0>,52,2,[ 2 10],53,154,156,101,140
1,<environment.Job instance at 0x7fc5982d2d70>,53,3,[2 9],54,156,159,102,141
1,<environment.Job instance at 0x7fc5982d2e10>,54,18,[7 1],55,156,174,101,146
1,<environment.Job instance at 0x7fc5982d2f50>,56,3,[8 4],57,174,177,117,152
1,<environment.Job instance at 0x7fc5982d2460>,47,13,[ 3 10],48,177,190,129,161
1,<environment.Job instance at 0x7fc5982d4730>,63,12,[5 3],64,190,202,126,174
1,<environment.Job instance at 0x7fc5982d4230>,58,17,[3 7],59,190,207,131,178
1,<environment.Job instance at 0x7fc5982d4af0>,69,14,[9 4],70,207,221,137,192
1,<environment.Job instance at 0x7fc5982d7190>,77,16,[8 1],78,221,237,143,208
1,<environment.Job instance at 0x7fc5982d73c0>,81,14,[8 5],82,237,251,155,222
1,<environment.Job instance at 0x7fc5982d7730>,84,1,[5 5],85,251,252,166,223
1,<environment.Job instance at 0x7fc5982d79b0>,88,16,[4 9],89,252,268,163,240
1,<environment.Job instance at 0x7fc5982d7c30>,92,12,[5 5],93,268,280,175,258
1,<environment.Job instance at 0x7fc5982d7e10>,95,3,[8 5],96,280,283,184,259
1,<environment.Job instance at 0x7fc5982d95f0>,101,15,[2 7],102,283,298,181,269
1,<environment.Job instance at 0x7fc5982d9870>,105,16,[7 5],106,298,314,192,289
1,<environment.Job instance at 0x7fc5982d9c30>,111,17,[6 4],112,314,331,202,302
1,<environment.Job instance at 0x7fc5982d9f00>,118,16,[5 2],119,331,347,212,318
1,<environment.Job instance at 0x7fc5982c4050>,122,18,[7 5],123,347,365,224,340
1,<environment.Job instance at 0x7fc5982c4190>,123,3,[10  1],124,365,368,241,340
1,<environment.Job instance at 0x7fc5982c0a50>,131,13,[3 8],132,368,381,236,352
1,<environment.Job instance at 0x7fc5982c0cd0>,134,12,[5 4],135,381,393,246,368
1,<environment.Job instance at 0x7fc598342b90>,135,15,[8 3],136,393,408,257,380
1,<environment.Job instance at 0x7fc59838f140>,146,13,[10  5],147,408,421,261,403
1,<environment.Job instance at 0x7fc5983fcbe0>,149,17,[5 7],150,421,438,271,409
1,<environment.Job instance at 0x7fc59845bd20>,150,12,[5 1],151,421,433,270,409
1,<environment.Job instance at 0x7fc598367280>,156,12,[1 6],157,438,450,281,430
1,<environment.Job instance at 0x7fc5983d7370>,159,2,[ 4 10],160,450,452,290,430
1,<environment.Job instance at 0x7fc598389960>,164,14,[10  5],165,452,466,287,447
1,<environment.Job instance at 0x7fc5982e13c0>,1,18,[6 2],2,3,21,1,3
1,<environment.Job instance at 0x7fc5983895a0>,3,3,[2 5],4,4,7,0,4
1,<environment.Job instance at 0x7fc5982e8230>,5,1,[9 3],6,21,22,15,6
1,<environment.Job instance at 0x7fc5982e1640>,0,17,[3 5],1,22,39,21,10
1,<environment.Job instance at 0x7fc5982771e0>,15,15,[5 3],16,22,37,6,17
1,<environment.Job instance at 0x7fc598277b40>,21,14,[ 1 10],22,56,70,34,56
1,<environment.Job instance at 0x7fc598277cd0>,22,3,[8 2],23,70,73,47,56
1,<environment.Job instance at 0x7fc598277dc0>,25,19,[ 1 10],26,73,92,47,63
1,<environment.Job instance at 0x7fc598273370>,32,13,[2 5],33,92,105,59,87
1,<environment.Job instance at 0x7fc5982e5550>,7,13,[9 5],8,105,118,97,98
1,<environment.Job instance at 0x7fc5982737d0>,36,16,[1 8],37,118,134,81,106
1,<environment.Job instance at 0x7fc598273b40>,39,17,[8 5],40,134,151,94,131
1,<environment.Job instance at 0x7fc598273d20>,44,15,[8 5],45,151,166,106,137
1,<environment.Job instance at 0x7fc5982734b0>,49,13,[4 5],50,166,179,116,152
1,<environment.Job instance at 0x7fc5506d1a50>,55,18,[5 4],56,166,184,110,159
1,<environment.Job instance at 0x7fc5506d1050>,60,13,[5 9],61,184,197,123,169
1,<environment.Job instance at 0x7fc5506c87d0>,63,13,[9 2],64,197,210,133,183
1,<environment.Job instance at 0x7fc5506c8550>,64,13,[4 5],65,210,223,145,195
1,<environment.Job instance at 0x7fc550655d20>,77,14,[10  5],78,223,237,145,215
1,<environment.Job instance at 0x7fc550652190>,81,17,[10  2],82,237,254,155,225
1,<environment.Job instance at 0x7fc550652aa0>,86,15,[6 5],87,254,269,167,241
1,<environment.Job instance at 0x7fc5506caeb0>,90,18,[5 8],91,269,287,178,263
1,<environment.Job instance at 0x7fc5506cac80>,93,13,[8 3],94,287,300,193,275
1,<environment.Job instance at 0x7fc5506ca690>,97,15,[3 6],98,300,315,202,294
1,<environment.Job instance at 0x7fc550653960>,102,15,[9 2],103,315,330,212,311
1,<environment.Job instance at 0x7fc5506e9870>,108,13,[8 4],109,330,343,221,322
1,<environment.Job instance at 0x7fc598272460>,1,3,[6 1],2,4,7,2,4
1,<environment.Job instance at 0x7fc5982774b0>,6,18,[8 3],7,9,27,2,9
1,<environment.Job instance at 0x7fc5505fffa0>,9,2,[5 3],10,27,29,17,10
1,<environment.Job instance at 0x7fc59b84f280>,13,2,[10  2],14,29,31,15,14
1,<environment.Job instance at 0x7fc5982e8320>,12,14,[2 8],13,31,45,18,18
1,<environment.Job instance at 0x7fc5505905a0>,16,2,[2 7],17,19,21,2,19
1,<environment.Job instance at 0x7fc550590780>,17,13,[ 5 10],18,45,58,27,30
1,<environment.Job instance at 0x7fc59805bf50>,24,17,[6 1],25,58,75,33,46
1,<environment.Job instance at 0x7fc598504c30>,26,17,[7 4],27,75,92,48,63
1,<environment.Job instance at 0x7fc550533230>,30,15,[1 9],31,92,107,61,79
1,<environment.Job instance at 0x7fc5985185a0>,33,14,[5 6],34,107,121,73,93
1,<environment.Job instance at 0x7fc550666730>,20,16,[ 4 10],21,121,137,100,108
1,<environment.Job instance at 0x7fc55052a6e0>,40,16,[8 5],41,137,153,96,124
1,<environment.Job instance at 0x7fc598052be0>,43,18,[1 6],44,153,171,109,142
1,<environment.Job instance at 0x7fc59b7036e0>,48,16,[9 2],49,153,169,104,148
1,<environment.Job instance at 0x7fc59b703460>,49,1,[8 5],50,171,172,121,148
1,<environment.Job instance at 0x7fc5987ed140>,34,18,[10  5],35,172,190,137,167
1,<environment.Job instance at 0x7fc59b703fa0>,54,12,[8 1],55,190,202,135,173
1,<environment.Job instance at 0x7fc59b855190>,62,16,[6 4],63,202,218,139,189
1,<environment.Job instance at 0x7fc5980a7af0>,75,17,[ 5 10],76,235,252,159,235
1,<environment.Job instance at 0x7fc550530190>,78,14,[8 2],79,252,266,173,237
1,<environment.Job instance at 0x7fc59b8511e0>,83,13,[ 4 10],84,266,279,182,264
1,<environment.Job instance at 0x7fc59b84ef00>,85,3,[8 5],86,279,282,193,264
1,<environment.Job instance at 0x7fc5980952d0>,89,15,[9 5],90,291,306,201,291
1,<environment.Job instance at 0x7fc598688dc0>,91,17,[7 5],92,306,323,214,294
1,<environment.Job instance at 0x7fc550b783c0>,1,12,[1 6],2,3,15,1,3
1,<environment.Job instance at 0x7fc55090c960>,4,2,[ 5 10],5,15,17,10,7
1,<environment.Job instance at 0x7fc550bcf460>,10,3,[10  1],11,17,20,6,11
1,<environment.Job instance at 0x7fc550b723c0>,9,18,[8 2],10,20,38,10,12
1,<environment.Job instance at 0x7fc550b72a50>,8,16,[1 7],9,27,43,18,27
1,<environment.Job instance at 0x7fc5980e2500>,15,15,[5 9],16,43,58,27,31
1,<environment.Job instance at 0x7fc550b95640>,24,16,[1 5],25,58,74,33,47
1,<environment.Job instance at 0x7fc550b95140>,23,12,[8 2],24,58,70,34,53
1,<environment.Job instance at 0x7fc55092cd70>,25,18,[4 9],26,74,92,48,63
1,<environment.Job instance at 0x7fc550c04370>,14,16,[ 5 10],15,92,108,77,83
1,<environment.Job instance at 0x7fc5986e8be0>,36,12,[10  1],37,108,120,71,94
1,<environment.Job instance at 0x7fc5984787d0>,46,15,[10  2],47,122,137,75,122
1,<environment.Job instance at 0x7fc5983a00f0>,49,13,[4 7],50,137,150,87,129
1,<environment.Job instance at 0x7fc55092c0a0>,27,18,[10  5],28,155,173,127,155
1,<environment.Job instance at 0x7fc5982b5af0>,50,16,[10  1],51,226,242,175,226
1,<environment.Job instance at 0x7fc59b100140>,1,16,[1 6],2,4,20,2,4
1,<environment.Job instance at 0x7fc59ac479b0>,8,12,[7 5],9,20,32,11,10
1,<environment.Job instance at 0x7fc5983ffd20>,10,3,[8 5],11,32,35,21,12
1,<environment.Job instance at 0x7fc5983ffaa0>,11,2,[4 5],12,35,37,23,12
1,<environment.Job instance at 0x7fc598397370>,12,3,[4 7],13,37,40,24,13
1,<environment.Job instance at 0x7fc5983970f0>,15,14,[5 2],16,35,49,19,22
1,<environment.Job instance at 0x7fc598397af0>,18,17,[5 4],19,40,57,21,30
1,<environment.Job instance at 0x7fc598397280>,23,13,[5 6],24,49,62,25,37
1,<environment.Job instance at 0x7fc598397410>,22,12,[8 3],23,62,74,39,47
1,<environment.Job instance at 0x7fc598477320>,28,14,[4 5],29,74,88,45,61
1,<environment.Job instance at 0x7fc598477050>,29,14,[9 4],30,88,102,58,75
1,<environment.Job instance at 0x7fc598303be0>,37,13,[4 7],38,102,115,64,89
1,<environment.Job instance at 0x7fc598303280>,39,14,[4 7],40,115,129,75,101
1,<environment.Job instance at 0x7fc598303dc0>,40,16,[10  3],41,129,145,88,118
1,<environment.Job instance at 0x7fc5983039b0>,46,13,[8 5],47,145,158,98,133
1,<environment.Job instance at 0x7fc55098e0f0>,52,3,[5 7],53,158,161,105,150
1,<environment.Job instance at 0x7fc550b80550>,53,3,[4 8],54,161,164,107,150
1,<environment.Job instance at 0x7fc59811c1e0>,54,12,[3 7],55,164,176,109,150
1,<environment.Job instance at 0x7fc598122960>,58,15,[6 2],59,161,176,102,160
1,<environment.Job instance at 0x7fc550b80280>,59,14,[7 2],60,176,190,116,161
1,<environment.Job instance at 0x7fc59b04a5a0>,60,18,[1 7],61,176,194,115,166
1,<environment.Job instance at 0x7fc59811fb40>,62,14,[8 5],63,194,208,131,179
1,<environment.Job instance at 0x7fc5981110f0>,69,1,[5 6],70,208,209,138,197
1,<environment.Job instance at 0x7fc59810ff50>,74,13,[7 3],75,214,227,139,214
1,<environment.Job instance at 0x7fc59810fcd0>,76,12,[5 9],77,227,239,150,223
1,<environment.Job instance at 0x7fc598303230>,31,18,[4 8],32,239,257,207,236
1,<environment.Job instance at 0x7fc598114410>,85,14,[7 3],86,264,278,178,264
1,<environment.Job instance at 0x7fc598114820>,86,2,[5 7],87,278,280,191,264
1,<environment.Job instance at 0x7fc598114af0>,90,12,[3 6],91,264,276,173,264
1,<environment.Job instance at 0x7fc598114370>,95,14,[10  1],96,280,294,184,265
1,<environment.Job instance at 0x7fc598116960>,97,17,[2 7],98,294,311,196,286
1,<environment.Job instance at 0x7fc598116780>,100,15,[6 3],101,294,309,193,288
1,<environment.Job instance at 0x7fc5981160f0>,101,18,[5 9],102,311,329,209,302
1,<environment.Job instance at 0x7fc598116c80>,106,15,[5 1],107,309,324,202,303
1,<environment.Job instance at 0x7fc598117320>,108,12,[1 8],109,329,341,220,312
1,<environment.Job instance at 0x7fc598117e10>,112,12,[6 2],113,329,341,216,320
1,<environment.Job instance at 0x7fc598117370>,115,13,[8 4],116,341,354,225,325
1,<environment.Job instance at 0x7fc59810f910>,73,18,[ 2 10],74,354,372,280,353
1,<environment.Job instance at 0x7fc59b054eb0>,1,1,[3 5],2,2,3,0,2
1,<environment.Job instance at 0x7fc5980e2f50>,2,3,[7 4],3,3,6,0,3
1,<environment.Job instance at 0x7fc5987071e0>,8,13,[5 5],9,10,23,1,10
1,<environment.Job instance at 0x7fc598707320>,6,18,[5 8],7,23,41,16,20
1,<environment.Job instance at 0x7fc598707a00>,12,15,[3 9],13,41,56,28,27
1,<environment.Job instance at 0x7fc59b2abeb0>,20,13,[3 8],21,56,69,35,46
1,<environment.Job instance at 0x7fc59b2ab370>,23,16,[5 2],24,56,72,32,53
1,<environment.Job instance at 0x7fc550691a00>,25,13,[10  5],26,72,85,46,57
1,<environment.Job instance at 0x7fc550691820>,28,13,[8 3],29,85,98,56,73
1,<environment.Job instance at 0x7fc598707820>,9,17,[ 2 10],10,98,115,88,87
1,<environment.Job instance at 0x7fc550691460>,31,17,[9 4],32,115,132,83,113
1,<environment.Job instance at 0x7fc550691140>,36,12,[9 5],37,132,144,95,117
1,<environment.Job instance at 0x7fc550691780>,41,18,[7 2],42,144,162,102,133
1,<environment.Job instance at 0x7fc550691370>,44,12,[7 2],45,162,174,117,154
1,<environment.Job instance at 0x7fc59ac47f50>,2,15,[3 6],3,5,20,2,5
1,<environment.Job instance at 0x7fc59ac47cd0>,1,17,[7 4],2,10,27,8,10
1,<environment.Job instance at 0x7fc5984e1be0>,6,1,[6 4],7,27,28,20,12
1,<environment.Job instance at 0x7fc59b215fa0>,13,2,[5 9],14,28,30,14,14
1,<environment.Job instance at 0x7fc550c33d70>,10,1,[3 6],11,20,21,9,16
1,<environment.Job instance at 0x7fc5987fbe10>,16,15,[10  2],17,30,45,13,20
1,<environment.Job instance at 0x7fc5982b10a0>,21,15,[7 2],22,45,60,23,32
1,<environment.Job instance at 0x7fc59ad6acd0>,22,3,[2 8],23,45,48,22,32
1,<environment.Job instance at 0x7fc59ad6aaa0>,23,2,[6 4],24,60,62,36,33
1,<environment.Job instance at 0x7fc59ad6a230>,25,1,[3 6],26,48,49,22,33
1,<environment.Job instance at 0x7fc5982b1c30>,20,14,[10  4],21,62,76,41,49
1,<environment.Job instance at 0x7fc59ab07a00>,29,18,[8 2],30,76,94,46,65
1,<environment.Job instance at 0x7fc59ab07b40>,34,15,[7 2],35,94,109,59,81
1,<environment.Job instance at 0x7fc550a62640>,37,12,[9 1],38,109,121,71,92
1,<environment.Job instance at 0x7fc59ab57a00>,42,12,[5 5],43,121,133,78,106
1,<environment.Job instance at 0x7fc59ab50910>,51,12,[ 1 10],52,133,145,81,126
1,<environment.Job instance at 0x7fc59ab500a0>,52,2,[6 5],53,145,147,92,126
1,<environment.Job instance at 0x7fc59ab50190>,53,3,[4 7],54,147,150,93,126
1,<environment.Job instance at 0x7fc5985e71e0>,54,17,[5 4],55,150,167,95,138
1,<environment.Job instance at 0x7fc5509c6910>,56,15,[4 7],57,167,182,110,154
1,<environment.Job instance at 0x7fc5509c61e0>,61,3,[9 5],62,182,185,120,160
1,<environment.Job instance at 0x7fc5509c6640>,63,17,[7 4],64,185,202,121,174
1,<environment.Job instance at 0x7fc59ac44320>,70,15,[7 2],71,202,217,131,191
1,<environment.Job instance at 0x7fc59ab47780>,71,14,[1 5],72,191,205,119,191
1,<environment.Job instance at 0x7fc59ab47be0>,72,18,[ 2 10],73,217,235,144,209
1,<environment.Job instance at 0x7fc59ab47550>,77,15,[1 6],78,242,257,164,242
1,<environment.Job instance at 0x7fc59b7008c0>,81,18,[5 5],82,264,282,182,264
1,<environment.Job instance at 0x7fc59b700b90>,84,16,[4 7],85,282,298,197,269
1,<environment.Job instance at 0x7fc59813fd20>,92,14,[4 9],93,298,312,205,283
1,<environment.Job instance at 0x7fc550aa34b0>,10,2,[7 3],11,11,13,0,11
1,<environment.Job instance at 0x7fc59ac24fa0>,9,15,[5 5],10,13,28,3,12
1,<environment.Job instance at 0x7fc59813f9b0>,14,3,[3 9],15,28,31,13,15
1,<environment.Job instance at 0x7fc59ae96280>,23,2,[9 4],24,31,33,7,29
1,<environment.Job instance at 0x7fc59afda370>,5,17,[9 3],6,33,50,27,29
1,<environment.Job instance at 0x7fc550a26e60>,27,15,[5 5],28,50,65,22,38
1,<environment.Job instance at 0x7fc59b127690>,24,17,[5 9],25,65,82,40,54
1,<environment.Job instance at 0x7fc59ad81af0>,32,18,[10  5],33,82,100,49,72
1,<environment.Job instance at 0x7fc59ad81870>,35,16,[3 8],36,100,116,64,90
1,<environment.Job instance at 0x7fc59ad818c0>,38,12,[6 1],39,105,117,66,105
1,<environment.Job instance at 0x7fc59ad816e0>,39,12,[5 9],40,117,129,77,105
1,<environment.Job instance at 0x7fc550999c80>,29,18,[9 5],30,129,147,99,121
1,<environment.Job instance at 0x7fc550a70e10>,44,13,[10  1],45,147,160,102,132
1,<environment.Job instance at 0x7fc550a70230>,46,14,[1 5],47,160,174,113,145
1,<environment.Job instance at 0x7fc59ad81410>,41,17,[7 2],42,160,177,118,148
1,<environment.Job instance at 0x7fc550417690>,54,18,[8 2],55,177,195,122,167
1,<environment.Job instance at 0x7fc550417780>,56,17,[1 6],57,174,191,117,168
1,<environment.Job instance at 0x7fc550a70370>,43,16,[3 9],44,195,211,151,182
1,<environment.Job instance at 0x7fc550417af0>,61,15,[10  5],62,211,226,149,200
1,<environment.Job instance at 0x7fc550417d70>,65,12,[5 9],66,226,238,160,209
1,<environment.Job instance at 0x7fc550435730>,78,12,[10  2],79,238,250,159,229
1,<environment.Job instance at 0x7fc550435910>,81,15,[9 5],82,250,265,168,236
1,<environment.Job instance at 0x7fc550417be0>,73,18,[ 3 10],74,265,283,191,255
1,<environment.Job instance at 0x7fc550435f50>,91,17,[5 6],92,283,300,191,271
1,<environment.Job instance at 0x7fc550435fa0>,90,3,[10  4],91,300,303,209,276
1,<environment.Job instance at 0x7fc550438230>,94,12,[4 9],95,303,315,208,288
1,<environment.Job instance at 0x7fc5504384b0>,98,15,[10  2],99,315,330,216,306
1,<environment.Job instance at 0x7fc550438690>,101,18,[4 6],102,330,348,228,319
1,<environment.Job instance at 0x7fc550438aa0>,106,13,[8 3],107,348,361,241,332
1,<environment.Job instance at 0x7fc550438be0>,108,15,[8 2],109,361,376,252,347
1,<environment.Job instance at 0x7fc550438f00>,113,12,[5 9],114,376,388,262,367
1,<environment.Job instance at 0x7fc550438a50>,117,2,[1 5],118,388,390,270,387
1,<environment.Job instance at 0x7fc59ab7dcd0>,1,1,[4 8],2,2,3,0,2
1,<environment.Job instance at 0x7fc55043b1e0>,2,17,[5 9],3,5,22,2,5
1,<environment.Job instance at 0x7fc59ab47b40>,11,12,[4 8],12,22,34,10,12
1,<environment.Job instance at 0x7fc550a5ec30>,18,14,[3 7],19,34,48,15,19
1,<environment.Job instance at 0x7fc550a5ea00>,21,12,[10  5],22,48,60,26,32
1,<environment.Job instance at 0x7fc598506460>,25,12,[3 5],26,60,72,34,46
1,<environment.Job instance at 0x7fc598058fa0>,31,3,[5 8],32,72,75,40,52
1,<environment.Job instance at 0x7fc550733aa0>,8,16,[8 5],9,75,91,66,62
1,<environment.Job instance at 0x7fc59afae7d0>,36,12,[3 8],37,91,103,54,76
1,<environment.Job instance at 0x7fc59b0355f0>,38,17,[3 7],39,103,120,64,91
1,<environment.Job instance at 0x7fc5643414b0>,41,12,[ 4 10],42,120,132,78,103
1,<environment.Job instance at 0x7fc550634a50>,46,13,[2 9],47,132,145,85,116
1,<environment.Job instance at 0x7fc550786a50>,51,15,[10  3],52,145,160,93,139
1,<environment.Job instance at 0x7fc598172e10>,52,18,[1 9],53,160,178,107,149
1,<environment.Job instance at 0x7fc59842f140>,57,13,[ 2 10],58,178,191,120,166
1,<environment.Job instance at 0x7fc59ac0c5a0>,59,2,[10  1],60,191,193,131,169
1,<environment.Job instance at 0x7fc59ac0c280>,60,14,[5 7],61,193,207,132,178
1,<environment.Job instance at 0x7fc59ac0ca00>,64,15,[9 5],65,207,222,142,193
1,<environment.Job instance at 0x7fc598687dc0>,70,15,[9 2],71,222,237,151,208
1,<environment.Job instance at 0x7fc59aedd0a0>,75,12,[9 2],76,237,249,161,221
1,<environment.Job instance at 0x7fc55051bc30>,76,17,[1 8],77,229,246,152,229
1,<environment.Job instance at 0x7fc55051b690>,80,15,[2 8],81,249,264,168,235
1,<environment.Job instance at 0x7fc55051bbe0>,82,14,[1 9],83,264,278,181,252
1,<environment.Job instance at 0x7fc55051b1e0>,84,15,[9 2],85,278,293,193,265
1,<environment.Job instance at 0x7fc55051b460>,89,15,[4 6],90,293,308,203,282
1,<environment.Job instance at 0x7fc55051b370>,93,14,[9 2],94,308,322,214,293
1,<environment.Job instance at 0x7fc550923d70>,98,12,[9 4],99,322,334,223,308
1,<environment.Job instance at 0x7fc59ab94320>,5,15,[6 1],6,7,22,1,7
1,<environment.Job instance at 0x7fc55076c410>,7,3,[3 6],8,8,11,0,8
1,<environment.Job instance at 0x7fc59814bfa0>,10,17,[1 5],11,12,29,1,12
1,<environment.Job instance at 0x7fc550b55b90>,12,12,[3 7],13,29,41,16,13
1,<environment.Job instance at 0x7fc5508532d0>,17,18,[7 5],18,41,59,23,31
1,<environment.Job instance at 0x7fc59b025c80>,19,16,[6 3],20,59,75,39,46
1,<environment.Job instance at 0x7fc55061ea50>,21,17,[5 3],22,75,92,53,64
1,<environment.Job instance at 0x7fc59823c230>,23,12,[5 7],24,75,87,51,66
1,<environment.Job instance at 0x7fc550726730>,4,18,[3 9],5,92,110,87,83
1,<environment.Job instance at 0x7fc598760460>,32,12,[7 5],33,110,122,77,93
1,<environment.Job instance at 0x7fc5508a3780>,35,14,[6 4],36,122,136,86,107
1,<environment.Job instance at 0x7fc598095730>,42,14,[7 1],43,136,150,93,121
1,<environment.Job instance at 0x7fc598095cd0>,47,16,[10  4],48,150,166,102,139
1,<environment.Job instance at 0x7fc598095f00>,46,18,[9 2],47,166,184,119,160
1,<environment.Job instance at 0x7fc59804f280>,50,12,[1 9],51,184,196,133,173
1,<environment.Job instance at 0x7fc5982d2f00>,62,18,[6 5],63,198,216,135,198
1,<environment.Job instance at 0x7fc59ac1fcd0>,3,12,[5 8],4,5,17,1,5
1,<environment.Job instance at 0x7fc550726a50>,5,3,[ 1 10],6,17,20,11,6
1,<environment.Job instance at 0x7fc5509cbdc0>,6,3,[5 8],7,20,23,13,7
1,<environment.Job instance at 0x7fc59824a4b0>,7,15,[6 1],8,23,38,15,9
1,<environment.Job instance at 0x7fc5503b9370>,13,14,[3 7],14,23,37,9,14
1,<environment.Job instance at 0x7fc5985e7be0>,12,18,[2 9],13,37,55,24,29
1,<environment.Job instance at 0x7fc59b6dc230>,19,13,[3 8],20,55,68,35,39
1,<environment.Job instance at 0x7fc59ac7ed20>,29,13,[4 7],30,68,81,38,52
1,<environment.Job instance at 0x7fc59826ca50>,33,12,[9 5],34,81,93,47,65
1,<environment.Job instance at 0x7fc59826c460>,35,14,[5 8],36,93,107,57,79
1,<environment.Job instance at 0x7fc59826cd70>,41,13,[6 3],42,107,120,65,92
1,<environment.Job instance at 0x7fc55051db90>,45,15,[1 9],46,120,135,74,107
1,<environment.Job instance at 0x7fc598427e10>,53,13,[7 4],54,135,148,81,119
1,<environment.Job instance at 0x7fc598423500>,58,15,[8 5],59,148,163,89,134
1,<environment.Job instance at 0x7fc59afae140>,2,3,[2 8],3,3,6,0,3
1,<environment.Job instance at 0x7fc5985083c0>,5,14,[4 5],6,13,27,7,13
1,<environment.Job instance at 0x7fc59ad70410>,13,13,[5 1],14,14,27,0,14
1,<environment.Job instance at 0x7fc59ad703c0>,14,13,[6 3],15,27,40,12,15
1,<environment.Job instance at 0x7fc59ad70f50>,15,15,[10  3],16,40,55,24,27
1,<environment.Job instance at 0x7fc59ad70460>,16,12,[3 9],17,55,67,38,39
1,<environment.Job instance at 0x7fc59ad70820>,19,17,[6 4],20,67,84,47,58
1,<environment.Job instance at 0x7fc59ae21be0>,26,16,[7 1],27,84,100,57,73
1,<environment.Job instance at 0x7fc59ad70550>,18,18,[2 9],19,84,102,65,83
1,<environment.Job instance at 0x7fc598149780>,29,15,[7 2],30,102,117,72,90
1,<environment.Job instance at 0x7fc5505933c0>,40,14,[3 8],41,102,116,61,91
1,<environment.Job instance at 0x7fc550593f00>,41,16,[6 5],42,117,133,75,104
1,<environment.Job instance at 0x7fc550593aa0>,46,13,[7 5],47,133,146,86,125
1,<environment.Job instance at 0x7fc5983df370>,49,18,[9 4],50,146,164,96,137
1,<environment.Job instance at 0x7fc5981bfe60>,59,16,[4 9],60,164,180,104,151
1,<environment.Job instance at 0x7fc5981bf7d0>,65,14,[3 5],66,180,194,114,165
1,<environment.Job instance at 0x7fc59ab3cfa0>,71,18,[5 9],72,194,212,122,183
1,<environment.Job instance at 0x7fc59ab3c1e0>,77,17,[8 2],78,212,229,134,211
1,<environment.Job instance at 0x7fc59ab3c730>,79,17,[7 1],80,229,246,149,217
1,<environment.Job instance at 0x7fc59b5fefa0>,83,15,[3 8],84,229,244,145,219
1,<environment.Job instance at 0x7fc59813f550>,86,12,[10  1],87,246,258,159,236
1,<environment.Job instance at 0x7fc5987842d0>,89,16,[10  3],90,258,274,168,246
1,<environment.Job instance at 0x7fc5986f2c30>,96,14,[5 9],97,274,288,177,259
1,<environment.Job instance at 0x7fc5986f2f00>,101,12,[7 4],102,288,300,186,271
1,<environment.Job instance at 0x7fc5986f2a50>,105,12,[8 3],106,300,312,194,283
1,<environment.Job instance at 0x7fc5505c0280>,111,16,[5 9],112,312,328,200,305
1,<environment.Job instance at 0x7fc5505c0e60>,112,17,[7 4],113,328,345,215,320
1,<environment.Job instance at 0x7fc5505c0d70>,114,12,[4 7],115,345,357,230,330
1,<environment.Job instance at 0x7fc59b01fcd0>,115,13,[1 5],116,331,344,215,331
1,<environment.Job instance at 0x7fc59b01f500>,117,14,[7 2],118,357,371,239,342
1,<environment.Job instance at 0x7fc598422dc0>,3,3,[1 5],4,4,7,0,4
1,<environment.Job instance at 0x7fc59ae2bd20>,1,15,[7 4],2,6,21,4,6
1,<environment.Job instance at 0x7fc59813fa50>,6,3,[3 9],7,21,24,14,7
1,<environment.Job instance at 0x7fc55071c5f0>,9,15,[8 5],10,24,39,14,12
1,<environment.Job instance at 0x7fc5983eff00>,5,14,[ 2 10],6,39,53,33,25
1,<environment.Job instance at 0x7fc5504ed280>,14,15,[7 5],15,53,68,38,39
1,<environment.Job instance at 0x7fc59b26d5f0>,23,15,[3 8],24,68,83,44,54
1,<environment.Job instance at 0x7fc598246be0>,29,18,[5 9],30,89,107,59,89
1,<environment.Job instance at 0x7fc598246280>,34,17,[7 2],35,107,124,72,107
1,<environment.Job instance at 0x7fc598273be0>,1,2,[6 4],2,2,4,0,2
1,<environment.Job instance at 0x7fc59826c9b0>,6,1,[10  1],7,7,8,0,7
1,<environment.Job instance at 0x7fc5504ed460>,4,2,[9 3],5,8,10,3,8
1,<environment.Job instance at 0x7fc5504ed870>,5,13,[4 8],6,10,23,4,8
1,<environment.Job instance at 0x7fc59ab3ca00>,3,1,[7 3],4,23,24,19,8
1,<environment.Job instance at 0x7fc59ae93230>,8,3,[1 8],9,24,27,15,9
1,<environment.Job instance at 0x7fc5982730a0>,0,3,[2 7],1,27,30,26,10
1,<environment.Job instance at 0x7fc59ac08c80>,16,13,[6 4],17,30,43,13,17
1,<environment.Job instance at 0x7fc55071ce10>,21,16,[ 5 10],22,43,59,21,41
1,<environment.Job instance at 0x7fc550a7e820>,24,13,[9 1],25,59,72,34,45
1,<environment.Job instance at 0x7fc550995af0>,26,1,[ 2 10],27,72,73,45,45
1,<environment.Job instance at 0x7fc550886aa0>,12,18,[ 5 10],13,73,91,60,64
1,<environment.Job instance at 0x7fc59acc9c80>,35,12,[5 4],36,91,103,55,80
1,<environment.Job instance at 0x7fc59acc9780>,34,17,[10  1],35,103,120,68,91
1,<environment.Job instance at 0x7fc59825eaf0>,39,12,[4 5],40,120,132,80,104
1,<environment.Job instance at 0x7fc59acc95f0>,36,17,[10  2],37,132,149,95,127
1,<environment.Job instance at 0x7fc5509c5190>,47,16,[6 1],48,149,165,101,145
1,<environment.Job instance at 0x7fc5509c5690>,50,18,[6 2],51,165,183,114,157
1,<environment.Job instance at 0x7fc5982b3b90>,52,15,[4 8],53,157,172,104,157
1,<environment.Job instance at 0x7fc5502dad70>,9,2,[9 5],10,10,12,0,10
1,<environment.Job instance at 0x7fc55029cb90>,10,18,[7 5],11,12,30,1,12
1,<environment.Job instance at 0x7fc55029c730>,11,16,[5 5],12,30,46,18,17
1,<environment.Job instance at 0x7fc5981f8870>,14,12,[ 5 10],15,46,58,31,29
1,<environment.Job instance at 0x7fc5982b3b90>,3,17,[ 4 10],4,58,75,54,51
1,<environment.Job instance at 0x7fc598273e60>,29,17,[8 3],30,75,92,45,63
1,<environment.Job instance at 0x7fc59876f690>,33,18,[2 7],34,75,93,41,66
1,<environment.Job instance at 0x7fc598272640>,38,3,[5 1],39,92,95,53,84
1,<environment.Job instance at 0x7fc59876fa50>,35,15,[10  1],36,95,110,59,84
1,<environment.Job instance at 0x7fc5984d0050>,40,2,[5 1],41,93,95,52,84
1,<environment.Job instance at 0x7fc5984d0cd0>,41,14,[2 5],42,110,124,68,96
1,<environment.Job instance at 0x7fc59b605050>,45,15,[6 2],46,116,131,70,116
1,<environment.Job instance at 0x7fc5982138c0>,21,18,[6 5],22,131,149,109,120
1,<environment.Job instance at 0x7fc5508b0870>,48,12,[9 5],49,149,161,100,132
1,<environment.Job instance at 0x7fc5509400a0>,51,13,[1 5],52,132,145,80,132
1,<environment.Job instance at 0x7fc550940a50>,56,18,[6 5],57,161,179,104,154
1,<environment.Job instance at 0x7fc59b5fa5f0>,64,12,[10  4],65,179,191,114,164
1,<environment.Job instance at 0x7fc5509f30f0>,66,15,[8 4],67,191,206,124,178
1,<environment.Job instance at 0x7fc5509f39b0>,67,16,[2 5],68,191,207,123,180
1,<environment.Job instance at 0x7fc55069d6e0>,79,12,[6 4],80,206,218,126,194
1,<environment.Job instance at 0x7fc55069d960>,83,3,[7 2],84,218,221,134,204
1,<environment.Job instance at 0x7fc55069da50>,84,3,[5 6],85,221,224,136,204
1,<environment.Job instance at 0x7fc59aea0dc0>,90,15,[3 9],91,224,239,133,218
1,<environment.Job instance at 0x7fc59aea0690>,94,16,[ 5 10],95,239,255,144,238
1,<environment.Job instance at 0x7fc550895820>,55,16,[9 5],56,255,271,199,242
1,<environment.Job instance at 0x7fc598796aa0>,101,14,[ 5 10],102,271,285,169,256
1,<environment.Job instance at 0x7fc598796320>,105,16,[7 5],106,285,301,179,276
1,<environment.Job instance at 0x7fc598796820>,106,13,[4 7],107,301,314,194,285
1,<environment.Job instance at 0x7fc59aba8dc0>,111,16,[10  5],112,331,347,219,331
1,<environment.Job instance at 0x7fc59b618aa0>,121,17,[9 1],122,347,364,225,338
1,<environment.Job instance at 0x7fc59b700a50>,123,13,[10  5],124,364,377,240,362
1,<environment.Job instance at 0x7fc59b7007d0>,129,12,[5 4],130,377,389,247,371
1,<environment.Job instance at 0x7fc59b700b40>,130,14,[6 2],131,389,403,258,374
1,<environment.Job instance at 0x7fc59b7008c0>,135,12,[4 8],136,391,403,255,391
1,<environment.Job instance at 0x7fc59b700c30>,137,13,[4 9],138,403,416,265,395
1,<environment.Job instance at 0x7fc59ac9b0f0>,144,18,[8 1],145,416,434,271,409
1,<environment.Job instance at 0x7fc59ac9b9b0>,147,12,[10  3],148,434,446,286,418
1,<environment.Job instance at 0x7fc59ac9b820>,151,13,[ 3 10],152,446,459,294,444
1,<environment.Job instance at 0x7fc59ac9bd70>,154,16,[9 5],155,459,475,304,458
1,<environment.Job instance at 0x7fc59ac9b550>,155,1,[7 3],156,475,476,319,458
1,<environment.Job instance at 0x7fc59ac9b230>,156,1,[3 9],157,476,477,319,458
1,<environment.Job instance at 0x7fc59ac9beb0>,157,16,[6 3],158,477,493,319,464
1,<environment.Job instance at 0x7fc55052a230>,159,2,[ 5 10],160,493,495,333,472
1,<environment.Job instance at 0x7fc55052a9b0>,161,16,[7 1],162,495,511,333,483
1,<environment.Job instance at 0x7fc5982d90a0>,0,1,[5 6],1,2,3,1,2
1,<environment.Job instance at 0x7fc59b605500>,1,2,[4 7],2,3,5,1,3
1,<environment.Job instance at 0x7fc5981810f0>,3,12,[1 5],4,5,17,1,4
1,<environment.Job instance at 0x7fc598181a00>,4,15,[5 9],5,17,32,12,7
1,<environment.Job instance at 0x7fc59ac22eb0>,13,17,[2 7],14,32,49,18,20
1,<environment.Job instance at 0x7fc59ac22be0>,20,14,[7 4],21,49,63,28,35
1,<environment.Job instance at 0x7fc59ac22d70>,21,13,[6 4],22,63,76,41,47
1,<environment.Job instance at 0x7fc5987f9f50>,24,14,[7 5],25,76,90,51,62
1,<environment.Job instance at 0x7fc5987f9870>,29,14,[ 2 10],30,90,104,60,77
1,<environment.Job instance at 0x7fc5987f92d0>,37,14,[5 4],38,104,118,66,89
1,<environment.Job instance at 0x7fc5503dcdc0>,40,3,[ 1 10],41,118,121,77,102
1,<environment.Job instance at 0x7fc5503dceb0>,41,12,[8 3],42,121,133,79,106
1,<environment.Job instance at 0x7fc5503dcd70>,43,13,[3 6],44,133,146,89,117
1,<environment.Job instance at 0x7fc550395410>,49,16,[7 1],50,146,162,96,146
1,<environment.Job instance at 0x7fc550395f50>,51,2,[8 5],52,162,164,110,146
1,<environment.Job instance at 0x7fc550395820>,54,17,[5 5],55,164,181,109,153
1,<environment.Job instance at 0x7fc59ac22b40>,17,16,[3 9],18,181,197,163,168
1,<environment.Job instance at 0x7fc550395640>,60,3,[7 5],61,197,200,136,182
1,<environment.Job instance at 0x7fc550395be0>,62,13,[4 8],63,200,213,137,184
1,<environment.Job instance at 0x7fc550343820>,69,12,[10  1],70,213,225,143,197
1,<environment.Job instance at 0x7fc550343f00>,72,1,[3 6],73,225,226,152,209
1,<environment.Job instance at 0x7fc550323280>,73,17,[6 2],74,225,242,151,213
1,<environment.Job instance at 0x7fc5503238c0>,76,15,[3 6],77,227,242,150,227
1,<environment.Job instance at 0x7fc550323b90>,74,18,[2 9],75,242,260,167,231
1,<environment.Job instance at 0x7fc550323dc0>,80,12,[1 7],81,260,272,179,243
1,<environment.Job instance at 0x7fc550323370>,81,15,[4 5],82,272,287,190,259
1,<environment.Job instance at 0x7fc550323550>,83,14,[1 6],84,287,301,203,272
1,<environment.Job instance at 0x7fc550323410>,82,15,[9 3],83,287,302,204,274
1,<environment.Job instance at 0x7fc550323a50>,75,17,[5 9],76,302,319,226,294
1,<environment.Job instance at 0x7fc5503331e0>,92,14,[5 4],93,319,333,226,305
1,<environment.Job instance at 0x7fc550333820>,104,12,[ 3 10],105,333,345,228,324
1,<environment.Job instance at 0x7fc550266a00>,105,13,[10  4],106,345,358,239,333
1,<environment.Job instance at 0x7fc550266050>,110,14,[8 4],111,358,372,247,344
1,<environment.Job instance at 0x7fc550267aa0>,115,3,[8 1],116,372,375,256,355
1,<environment.Job instance at 0x7fc550267640>,116,12,[8 4],117,375,387,258,359
1,<environment.Job instance at 0x7fc550267280>,120,14,[6 3],121,387,401,266,372
1,<environment.Job instance at 0x7fc550267c30>,122,17,[1 6],123,388,405,265,388
1,<environment.Job instance at 0x7fc550267c80>,125,17,[10  3],126,405,422,279,400
1,<environment.Job instance at 0x7fc59ac22c80>,16,17,[ 2 10],17,422,439,405,412
1,<environment.Job instance at 0x7fc550265aa0>,135,3,[2 6],136,439,442,303,418
1,<environment.Job instance at 0x7fc550265b40>,132,18,[10  1],133,442,460,309,436
1,<environment.Job instance at 0x7fc550265280>,142,16,[8 3],143,460,476,317,449
1,<environment.Job instance at 0x7fc55025df50>,146,17,[5 4],147,476,493,329,476
1,<environment.Job instance at 0x7fc598303190>,147,14,[5 5],148,476,490,328,476
1,<environment.Job instance at 0x7fc55066a140>,148,15,[1 7],149,493,508,344,479
1,<environment.Job instance at 0x7fc5503bdd20>,155,13,[1 9],156,508,521,352,493
1,<environment.Job instance at 0x7fc550267550>,126,16,[ 3 10],127,521,537,394,508
1,<environment.Job instance at 0x7fc5505732d0>,164,13,[ 2 10],165,537,550,372,528
1,<environment.Job instance at 0x7fc5505155f0>,167,18,[9 5],168,550,568,382,539
1,<environment.Job instance at 0x7fc55046ae60>,173,13,[3 9],174,568,581,394,556
1,<environment.Job instance at 0x7fc55046a7d0>,177,15,[10  1],178,581,596,403,572
1,<environment.Job instance at 0x7fc5503dc0f0>,0,3,[6 3],1,26,29,25,26
1,<environment.Job instance at 0x7fc59b1fdfa0>,8,12,[9 2],9,29,41,20,27
1,<environment.Job instance at 0x7fc5980f9d70>,15,2,[10  4],16,41,43,25,27
1,<environment.Job instance at 0x7fc59ad583c0>,16,18,[7 1],17,43,61,26,32
1,<environment.Job instance at 0x7fc59ac9be60>,23,1,[ 3 10],24,61,62,37,45
1,<environment.Job instance at 0x7fc550c2ec80>,3,18,[6 3],4,62,80,58,51
1,<environment.Job instance at 0x7fc59b6055a0>,25,16,[3 7],26,62,78,36,62
1,<environment.Job instance at 0x7fc55038d320>,27,14,[5 3],28,80,94,52,66
1,<environment.Job instance at 0x7fc59b0ebb40>,34,16,[5 5],35,80,96,45,79
1,<environment.Job instance at 0x7fc550350f50>,36,15,[4 5],37,94,109,57,81
1,<environment.Job instance at 0x7fc598656730>,37,17,[6 2],38,96,113,58,94
1,<environment.Job instance at 0x7fc59b7623c0>,39,14,[4 8],40,109,123,69,95
1,<environment.Job instance at 0x7fc55064f0f0>,49,15,[9 4],50,123,138,73,116
1,<environment.Job instance at 0x7fc5503f60f0>,44,17,[3 7],45,138,155,93,126
1,<environment.Job instance at 0x7fc550632730>,57,18,[1 6],58,155,173,97,147
1,<environment.Job instance at 0x7fc550632be0>,59,15,[6 3],60,148,163,88,148
1,<environment.Job instance at 0x7fc5506325f0>,60,15,[7 1],61,163,178,102,150
1,<environment.Job instance at 0x7fc598354460>,54,14,[ 1 10],55,178,192,123,166
1,<environment.Job instance at 0x7fc55043d6e0>,9,17,[10  5],10,192,209,182,191
1,<environment.Job instance at 0x7fc550341aa0>,72,12,[7 5],73,209,221,136,192
1,<environment.Job instance at 0x7fc55062c870>,75,12,[5 6],76,221,233,145,204
1,<environment.Job instance at 0x7fc550440690>,81,15,[8 2],82,233,248,151,219
1,<environment.Job instance at 0x7fc550623b40>,68,17,[ 1 10],69,248,265,179,245
1,<environment.Job instance at 0x7fc59abe2730>,89,15,[6 1],90,265,280,175,252
1,<environment.Job instance at 0x7fc55042a640>,91,17,[ 3 10],92,280,297,188,269
1,<environment.Job instance at 0x7fc59aeb13c0>,106,13,[ 4 10],107,297,310,190,296
1,<environment.Job instance at 0x7fc59aeb1c30>,109,3,[3 9],110,310,313,200,296
1,<environment.Job instance at 0x7fc550baa6e0>,113,12,[2 9],114,313,325,199,304
1,<environment.Job instance at 0x7fc550b98dc0>,117,16,[10  1],118,328,344,210,328
1,<environment.Job instance at 0x7fc550bb7be0>,120,16,[8 1],121,344,360,223,334
1,<environment.Job instance at 0x7fc550bbacd0>,129,18,[4 8],130,589,607,459,589
1,<environment.Job instance at 0x7fc59aec4050>,139,14,[3 7],140,607,621,467,592
1,<environment.Job instance at 0x7fc59aec4500>,143,15,[ 2 10],144,621,636,477,609
1,<environment.Job instance at 0x7fc550425e60>,5,16,[7 4],6,6,22,0,6
1,<environment.Job instance at 0x7fc5503432d0>,8,15,[6 4],9,22,37,13,9
1,<environment.Job instance at 0x7fc55083b5a0>,16,15,[7 3],17,37,52,20,23
1,<environment.Job instance at 0x7fc598393910>,20,14,[10  4],21,52,66,31,37
1,<environment.Job instance at 0x7fc59828ae10>,25,1,[7 1],26,66,67,40,53
1,<environment.Job instance at 0x7fc5503f6e10>,19,15,[8 1],20,67,82,47,53
1,<environment.Job instance at 0x7fc59b115cd0>,29,13,[10  1],30,82,95,52,67
1,<environment.Job instance at 0x7fc55080bd20>,33,17,[8 4],34,95,112,61,83
1,<environment.Job instance at 0x7fc59abf0eb0>,35,17,[2 5],36,95,112,59,83
1,<environment.Job instance at 0x7fc59ac185f0>,38,18,[5 3],39,112,130,73,102
1,<environment.Job instance at 0x7fc59abf0050>,39,16,[5 4],40,112,128,72,104
1,<environment.Job instance at 0x7fc5508a3a50>,15,16,[10  3],16,130,146,114,117
1,<environment.Job instance at 0x7fc550864230>,44,17,[1 9],45,146,163,101,134
1,<environment.Job instance at 0x7fc550864370>,48,14,[10  4],49,163,177,114,148
1,<environment.Job instance at 0x7fc5504c18c0>,57,14,[5 3],58,177,191,119,169
1,<environment.Job instance at 0x7fc5504c1aa0>,61,16,[2 6],62,177,193,115,172
1,<environment.Job instance at 0x7fc5504c1eb0>,63,18,[8 4],64,191,209,127,188
1,<environment.Job instance at 0x7fc5504c1b90>,66,14,[6 5],67,209,223,142,197
1,<environment.Job instance at 0x7fc550435aa0>,69,18,[6 3],70,223,241,153,212
1,<environment.Job instance at 0x7fc550435e10>,73,17,[3 6],74,233,250,159,233
1,<environment.Job instance at 0x7fc5509745a0>,77,14,[9 5],78,250,264,172,239
1,<environment.Job instance at 0x7fc598585e60>,79,16,[3 8],80,264,280,184,254
1,<environment.Job instance at 0x7fc59aab4730>,84,18,[6 5],85,280,298,195,270
1,<environment.Job instance at 0x7fc550864e10>,1,1,[3 9],2,2,3,0,2
1,<environment.Job instance at 0x7fc5985f6fa0>,7,18,[9 5],8,13,31,5,13
1,<environment.Job instance at 0x7fc5983fe370>,17,14,[ 4 10],18,31,45,13,18
1,<environment.Job instance at 0x7fc59b09b6e0>,20,1,[ 5 10],21,45,46,24,21
1,<environment.Job instance at 0x7fc59b09b370>,23,15,[5 3],24,46,61,22,33
1,<environment.Job instance at 0x7fc59b09b230>,22,16,[1 6],23,49,65,26,49
1,<environment.Job instance at 0x7fc5503b4640>,30,15,[8 2],31,61,76,30,50
1,<environment.Job instance at 0x7fc5503b4b40>,36,3,[10  1],37,76,79,39,50
1,<environment.Job instance at 0x7fc55040b5a0>,39,3,[5 5],40,79,82,39,53
1,<environment.Job instance at 0x7fc55040ba00>,44,17,[6 2],45,82,99,37,71
1,<environment.Job instance at 0x7fc5503b4a00>,28,17,[1 7],29,82,99,53,75
1,<environment.Job instance at 0x7fc55040b460>,49,12,[7 5],50,99,111,49,85
1,<environment.Job instance at 0x7fc5503b4280>,26,14,[6 2],27,111,125,84,97
1,<environment.Job instance at 0x7fc55040b500>,51,16,[1 7],52,112,128,60,112
1,<environment.Job instance at 0x7fc5985f6d70>,10,16,[9 2],11,125,141,114,112
1,<environment.Job instance at 0x7fc5983e5780>,58,14,[5 1],59,141,155,82,126
1,<environment.Job instance at 0x7fc59876ff00>,55,18,[6 5],56,155,173,99,144
1,<environment.Job instance at 0x7fc5983fe8c0>,13,18,[6 2],14,173,191,159,162
1,<environment.Job instance at 0x7fc550265960>,72,17,[7 5],73,191,208,118,181
1,<environment.Job instance at 0x7fc59b00e6e0>,75,16,[9 5],76,208,224,132,203
1,<environment.Job instance at 0x7fc598247370>,88,15,[8 3],89,224,239,135,210
1,<environment.Job instance at 0x7fc59b00e5f0>,79,16,[1 7],80,224,240,144,219
1,<environment.Job instance at 0x7fc598247fa0>,100,12,[4 6],101,240,252,139,240
1,<environment.Job instance at 0x7fc59b00e780>,76,17,[7 5],77,252,269,175,240
1,<environment.Job instance at 0x7fc59b851320>,108,14,[5 4],109,269,283,160,266
1,<environment.Job instance at 0x7fc59b851370>,109,13,[1 5],110,266,279,156,266
1,<environment.Job instance at 0x7fc59b0d9280>,104,15,[9 3],105,283,298,178,271
1,<environment.Job instance at 0x7fc59af39a50>,116,15,[7 5],117,298,313,181,284
1,<environment.Job instance at 0x7fc5502b7eb0>,119,12,[10  4],120,313,325,193,297
1,<environment.Job instance at 0x7fc5502b7190>,125,14,[6 4],126,325,339,199,312
1,<environment.Job instance at 0x7fc598665b40>,131,14,[1 6],132,328,342,196,328
1,<environment.Job instance at 0x7fc5986652d0>,133,16,[10  1],134,342,358,208,329
1,<environment.Job instance at 0x7fc5502b7410>,127,17,[9 5],128,358,375,230,347
1,<environment.Job instance at 0x7fc598665870>,139,13,[2 7],140,375,388,235,360
1,<environment.Job instance at 0x7fc598118410>,144,12,[8 5],145,388,400,243,371
1,<environment.Job instance at 0x7fc598665fa0>,138,17,[4 8],139,400,417,261,391
1,<environment.Job instance at 0x7fc598421780>,154,16,[5 4],155,417,433,262,404
1,<environment.Job instance at 0x7fc59af45640>,158,15,[7 4],159,433,448,274,420
1,<environment.Job instance at 0x7fc59af450a0>,160,13,[10  3],161,448,461,287,432
1,<environment.Job instance at 0x7fc5506df1e0>,163,15,[10  3],164,461,476,297,447
1,<environment.Job instance at 0x7fc59841caa0>,167,15,[10  1],168,476,491,308,464
1,<environment.Job instance at 0x7fc59838b550>,169,16,[7 4],170,491,507,321,478
1,<environment.Job instance at 0x7fc5983e5dc0>,66,17,[10  4],67,531,548,464,531
1,<environment.Job instance at 0x7fc550a1e7d0>,177,3,[10  1],178,548,551,370,544
1,<environment.Job instance at 0x7fc5505e3f00>,0,2,[5 5],1,5,7,4,5
1,<environment.Job instance at 0x7fc5985f6c80>,6,18,[5 5],7,7,25,0,7
1,<environment.Job instance at 0x7fc55092d550>,7,2,[8 4],8,25,27,17,8
1,<environment.Job instance at 0x7fc5982ae820>,13,18,[9 4],14,27,45,13,17
1,<environment.Job instance at 0x7fc550435e60>,16,17,[4 8],17,45,62,28,33
1,<environment.Job instance at 0x7fc59ae21d70>,9,18,[9 3],10,62,80,52,51
1,<environment.Job instance at 0x7fc550435cd0>,26,16,[7 5],27,80,96,53,67
1,<environment.Job instance at 0x7fc5504354b0>,27,2,[6 5],28,96,98,68,69
1,<environment.Job instance at 0x7fc5980adb90>,33,3,[ 4 10],34,98,101,64,76
1,<environment.Job instance at 0x7fc59b0951e0>,3,15,[ 1 10],4,101,116,97,91
1,<environment.Job instance at 0x7fc5504353c0>,23,16,[9 2],24,117,133,93,117
1,<environment.Job instance at 0x7fc5980ad0f0>,43,14,[5 3],44,133,147,89,122
1,<environment.Job instance at 0x7fc5980ad190>,44,15,[9 1],45,147,162,102,135
1,<environment.Job instance at 0x7fc598078410>,49,17,[ 4 10],50,162,179,112,153
1,<environment.Job instance at 0x7fc598078460>,55,12,[2 6],56,179,191,123,163
1,<environment.Job instance at 0x7fc5980780f0>,60,14,[4 9],61,191,205,130,177
1,<environment.Job instance at 0x7fc59807f320>,64,13,[7 3],65,205,218,140,189
1,<environment.Job instance at 0x7fc59807fa50>,69,12,[9 2],70,218,230,148,206
1,<environment.Job instance at 0x7fc59807f910>,71,15,[7 3],72,230,245,158,217
1,<environment.Job instance at 0x7fc5980714b0>,74,16,[4 8],75,245,261,170,234
1,<environment.Job instance at 0x7fc598071a50>,79,13,[7 1],80,261,274,181,245
1,<environment.Job instance at 0x7fc5980718c0>,81,14,[1 8],82,261,275,179,246
1,<environment.Job instance at 0x7fc5980a9b40>,91,3,[5 1],92,258,261,166,258
1,<environment.Job instance at 0x7fc5980a98c0>,93,2,[1 8],94,275,277,181,258
1,<environment.Job instance at 0x7fc5980a9460>,94,1,[5 3],95,277,278,182,261
1,<environment.Job instance at 0x7fc5980a9910>,95,1,[10  4],96,278,279,182,261
1,<environment.Job instance at 0x7fc5980a9640>,96,2,[5 1],97,274,276,177,261
1,<environment.Job instance at 0x7fc5980a9a00>,98,3,[9 3],99,279,282,180,262
1,<environment.Job instance at 0x7fc598071910>,84,12,[5 7],85,282,294,197,267
1,<environment.Job instance at 0x7fc55082ccd0>,101,18,[4 7],102,294,312,192,283
1,<environment.Job instance at 0x7fc598071870>,83,16,[8 4],84,312,328,228,299
1,<environment.Job instance at 0x7fc55082cd70>,107,12,[10  4],108,328,340,220,314
1,<environment.Job instance at 0x7fc550826370>,111,15,[5 5],112,340,355,228,329
1,<environment.Job instance at 0x7fc550826230>,113,13,[6 3],114,355,368,241,342
1,<environment.Job instance at 0x7fc5508265f0>,114,16,[1 7],115,355,371,240,352
1,<environment.Job instance at 0x7fc55084e320>,116,12,[ 5 10],117,371,383,254,359
1,<environment.Job instance at 0x7fc55084e4b0>,117,16,[7 5],118,383,399,265,371
1,<environment.Job instance at 0x7fc55084eb90>,120,16,[3 9],121,399,415,278,389
1,<environment.Job instance at 0x7fc55084e960>,127,15,[5 9],128,415,430,287,401
1,<environment.Job instance at 0x7fc5508510f0>,131,13,[5 2],132,430,443,298,414
1,<environment.Job instance at 0x7fc550851050>,132,13,[ 5 10],133,443,456,310,427
1,<environment.Job instance at 0x7fc5508513c0>,138,14,[9 5],139,456,470,317,445
1,<environment.Job instance at 0x7fc550851c30>,143,15,[10  2],144,470,485,326,457
1,<environment.Job instance at 0x7fc550851230>,146,16,[7 5],147,485,501,338,473
1,<environment.Job instance at 0x7fc550837eb0>,148,16,[5 2],149,501,517,352,488
1,<environment.Job instance at 0x7fc59ac24dc0>,153,18,[2 5],154,488,506,334,488
1,<environment.Job instance at 0x7fc59ac24960>,154,18,[5 6],155,506,524,351,495
1,<environment.Job instance at 0x7fc550834550>,160,17,[5 3],161,517,534,356,512
1,<environment.Job instance at 0x7fc55082c690>,100,15,[10  2],101,534,549,433,520
1,<environment.Job instance at 0x7fc598341c30>,168,13,[10  1],169,549,562,380,537
1,<environment.Job instance at 0x7fc55099c960>,172,12,[5 3],173,562,574,389,551
1,<environment.Job instance at 0x7fc55099caf0>,173,17,[4 6],174,562,579,388,552
1,<environment.Job instance at 0x7fc59ae8b550>,174,14,[3 7],175,579,593,404,564
1,<environment.Job instance at 0x7fc59b89f960>,178,18,[5 2],179,574,592,395,568
1,<environment.Job instance at 0x7f94ae3db370>,1,3,[ 2 10],2,2,5,0,2
1,<environment.Job instance at 0x7f94ae3db190>,5,2,[1 6],6,6,8,0,6
1,<environment.Job instance at 0x7f94a6fcc550>,6,15,[2 8],7,8,23,1,8
1,<environment.Job instance at 0x7f94a6fcc3c0>,4,13,[3 6],5,23,36,18,12
1,<environment.Job instance at 0x7f94a6fccc80>,15,3,[2 8],16,36,39,20,25
1,<environment.Job instance at 0x7f94a6fccdc0>,17,12,[5 1],18,25,37,7,25
1,<environment.Job instance at 0x7f94a6fccf00>,20,3,[10  5],21,50,53,29,50
1,<environment.Job instance at 0x7f94a6fcf140>,21,18,[9 4],22,53,71,31,50
1,<environment.Job instance at 0x7f94a6fcf7d0>,26,12,[8 5],27,71,83,44,55
1,<environment.Job instance at 0x7f94a6fcf9b0>,29,2,[4 7],30,83,85,53,69
1,<environment.Job instance at 0x7f94ae3db230>,2,14,[ 2 10],3,99,113,96,99
1,<environment.Job instance at 0x7f94a6fcff00>,39,14,[9 4],40,113,127,73,103
1,<environment.Job instance at 0x7f94a6fd1410>,45,15,[7 5],46,127,142,81,126
1,<environment.Job instance at 0x7f94a6fd13c0>,48,12,[9 2],49,142,154,93,129
1,<environment.Job instance at 0x7f94a6fcfd70>,35,16,[1 9],36,154,170,118,141
1,<environment.Job instance at 0x7f94a6fd1a00>,54,18,[7 1],55,154,172,99,144
1,<environment.Job instance at 0x7f94a6fd30f0>,58,17,[3 7],59,170,187,111,159
1,<environment.Job instance at 0x7f94a6fd34b0>,63,12,[5 3],64,172,184,108,169
1,<environment.Job instance at 0x7f94a6fd3870>,67,16,[1 9],68,187,203,119,174
1,<environment.Job instance at 0x7f94a6fd3aa0>,69,14,[9 4],70,203,217,133,191
1,<environment.Job instance at 0x7f94a6fd3be0>,74,2,[1 7],75,217,219,142,191
1,<environment.Job instance at 0x7f94a6fd39b0>,77,16,[8 1],78,217,233,139,208
1,<environment.Job instance at 0x7f94a6fd64b0>,81,14,[8 5],82,233,247,151,218
1,<environment.Job instance at 0x7f94a6fd65f0>,83,18,[ 3 10],84,247,265,163,236
1,<environment.Job instance at 0x7f94a6fd6af0>,91,18,[5 4],92,265,283,173,254
1,<environment.Job instance at 0x7f94a6fd6b90>,92,12,[5 5],93,265,277,172,254
1,<environment.Job instance at 0x7f94a6fd6e10>,96,18,[2 6],97,277,295,180,266
1,<environment.Job instance at 0x7f94a6fda5f0>,102,13,[9 4],103,295,308,192,282
1,<environment.Job instance at 0x7f94a6fc30f0>,105,16,[7 5],106,308,324,202,295
1,<environment.Job instance at 0x7f94a7014d70>,111,17,[6 4],112,324,341,212,313
1,<environment.Job instance at 0x7f94a6fbff00>,118,16,[5 2],119,341,357,222,333
1,<environment.Job instance at 0x7f94a6fbfaf0>,121,3,[1 6],122,340,343,218,340
1,<environment.Job instance at 0x7f94a6fbf5a0>,122,18,[7 5],123,357,375,234,346
1,<environment.Job instance at 0x7f94a70663c0>,129,13,[5 5],130,375,388,245,359
1,<environment.Job instance at 0x7f94a7183a50>,134,12,[5 4],135,378,390,243,378
1,<environment.Job instance at 0x7f94a707a5a0>,135,15,[8 3],136,390,405,254,380
1,<environment.Job instance at 0x7f94a707d370>,141,14,[ 3 10],142,405,419,263,400
1,<environment.Job instance at 0x7f94a7088d20>,145,3,[9 2],146,419,422,273,402
1,<environment.Job instance at 0x7f94a7088e60>,146,13,[10  5],147,422,435,275,410
1,<environment.Job instance at 0x7f94a7088640>,150,12,[5 1],151,435,447,284,419
1,<environment.Job instance at 0x7f94a70dbf00>,156,12,[1 6],157,436,448,279,436
1,<environment.Job instance at 0x7f94a70eb1e0>,158,2,[9 1],159,447,449,288,437
1,<environment.Job instance at 0x7f94a70eb460>,159,2,[ 4 10],160,449,451,289,438
1,<environment.Job instance at 0x7f94a70eb230>,161,12,[5 4],162,451,463,289,438
1,<environment.Job instance at 0x7f94a71275a0>,165,2,[5 6],166,457,459,291,457
1,<environment.Job instance at 0x7f94a6fe2410>,1,3,[9 5],2,2,5,0,2
1,<environment.Job instance at 0x7f94a6f73050>,11,14,[ 1 10],12,25,39,13,25
1,<environment.Job instance at 0x7f94a6f73870>,16,16,[6 5],17,39,55,22,26
1,<environment.Job instance at 0x7f94a6f73280>,14,3,[5 6],15,55,58,40,29
1,<environment.Job instance at 0x7f94a6fe2d20>,0,17,[9 5],1,58,75,57,49
1,<environment.Job instance at 0x7f94a6f739b0>,23,1,[4 8],24,75,76,51,49
1,<environment.Job instance at 0x7f94a6f73c30>,21,17,[3 6],22,76,93,54,66
1,<environment.Job instance at 0x7f94a6f72aa0>,33,18,[5 1],34,85,103,51,85
1,<environment.Job instance at 0x7f94a6f72f50>,34,15,[8 5],35,103,118,68,90
1,<environment.Job instance at 0x7f94a6f725a0>,29,17,[8 5],30,118,135,88,107
1,<environment.Job instance at 0x7f94a6f79370>,46,1,[5 1],47,135,136,88,124
1,<environment.Job instance at 0x7f94a6f79730>,48,13,[2 7],49,135,148,86,125
1,<environment.Job instance at 0x7f94633c8690>,49,2,[7 2],50,136,138,86,125
1,<environment.Job instance at 0x7f94633c8f50>,50,13,[5 9],51,148,161,97,133
1,<environment.Job instance at 0x7f94633c7c80>,52,12,[ 5 10],53,161,173,108,149
1,<environment.Job instance at 0x7f94633c7b40>,54,13,[4 5],55,173,186,118,157
1,<environment.Job instance at 0x7f94633d0d70>,60,13,[3 5],61,173,186,112,164
1,<environment.Job instance at 0x7f94633d0370>,61,16,[5 8],62,186,202,124,173
1,<environment.Job instance at 0x7f94633d0050>,65,1,[5 1],66,186,187,120,173
1,<environment.Job instance at 0x7f94633540a0>,71,17,[10  2],72,202,219,130,190
1,<environment.Job instance at 0x7f9463351910>,79,18,[5 2],80,219,237,139,208
1,<environment.Job instance at 0x7f94633517d0>,80,18,[5 8],81,219,237,138,209
1,<environment.Job instance at 0x7f9463351190>,86,17,[8 4],87,237,254,150,225
1,<environment.Job instance at 0x7f9463351cd0>,92,15,[9 2],93,255,270,162,255
1,<environment.Job instance at 0x7f94633c9aa0>,94,16,[7 5],95,270,286,175,257
1,<environment.Job instance at 0x7f94a6f72280>,1,15,[5 7],2,3,18,1,3
1,<environment.Job instance at 0x7f94a6f71050>,4,17,[6 1],5,18,35,13,6
1,<environment.Job instance at 0x7f9463310cd0>,11,13,[1 7],12,18,31,6,12
1,<environment.Job instance at 0x7f94633c7e60>,13,14,[5 6],14,35,49,21,21
1,<environment.Job instance at 0x7f9463216dc0>,16,16,[2 9],17,49,65,32,36
1,<environment.Job instance at 0x7f94a6dc13c0>,21,16,[4 5],22,65,81,43,52
1,<environment.Job instance at 0x7f946326f0a0>,23,18,[1 6],24,81,99,57,70
1,<environment.Job instance at 0x7f94a6dc1820>,27,16,[7 4],28,81,97,53,70
1,<environment.Job instance at 0x7f94a6dc18c0>,28,16,[9 2],29,97,113,68,84
1,<environment.Job instance at 0x7f9463214550>,34,12,[8 1],35,113,125,78,97
1,<environment.Job instance at 0x7f946326d1e0>,42,16,[6 4],43,125,141,82,112
1,<environment.Job instance at 0x7f9463272a50>,44,14,[3 6],45,125,139,80,114
1,<environment.Job instance at 0x7f94632afd70>,50,13,[6 2],51,141,154,90,133
1,<environment.Job instance at 0x7f94a6f721e0>,0,16,[ 4 10],1,154,170,153,146
1,<environment.Job instance at 0x7f94632af460>,56,14,[9 4],57,170,184,113,159
1,<environment.Job instance at 0x7f94a6d586e0>,69,15,[9 5],70,234,249,164,234
1,<environment.Job instance at 0x7f94a6d36870>,70,13,[5 5],71,249,262,178,234
1,<environment.Job instance at 0x7f94a6f711e0>,1,3,[5 1],2,2,5,0,2
1,<environment.Job instance at 0x7f94635af2d0>,6,12,[10  1],7,9,21,2,9
1,<environment.Job instance at 0x7f94635b20a0>,9,3,[7 2],10,21,24,11,10
1,<environment.Job instance at 0x7f94635afaf0>,10,17,[5 6],11,24,41,13,24
1,<environment.Job instance at 0x7f946364bd70>,0,13,[10  1],1,50,63,49,50
1,<environment.Job instance at 0x7f9463903af0>,16,15,[10  2],17,63,78,46,56
1,<environment.Job instance at 0x7f9463877be0>,28,3,[9 3],29,78,81,49,58
1,<environment.Job instance at 0x7f9463877370>,29,15,[ 3 10],30,81,96,51,68
1,<environment.Job instance at 0x7f9463897fa0>,31,13,[10  2],32,96,109,64,81
1,<environment.Job instance at 0x7f94a72f6aa0>,1,17,[10  5],2,6,23,4,6
1,<environment.Job instance at 0x7f94635ae0f0>,6,13,[8 5],7,23,36,16,7
1,<environment.Job instance at 0x7f94635ae190>,7,3,[2 7],8,36,39,28,10
1,<environment.Job instance at 0x7f94a7139960>,15,12,[3 7],16,39,51,23,22
1,<environment.Job instance at 0x7f94639065f0>,19,14,[7 2],20,36,50,16,22
1,<environment.Job instance at 0x7f9463625500>,22,14,[8 5],23,51,65,28,37
1,<environment.Job instance at 0x7f9463625eb0>,29,1,[5 6],30,65,66,35,55
1,<environment.Job instance at 0x7f9463906500>,20,18,[1 7],21,75,93,54,75
1,<environment.Job instance at 0x7f9463630960>,0,16,[10  3],1,93,109,92,80
1,<environment.Job instance at 0x7f94a7051870>,36,12,[5 9],37,109,121,72,97
1,<environment.Job instance at 0x7f94a7051c30>,40,15,[3 8],41,121,136,80,110
1,<environment.Job instance at 0x7f9463890af0>,45,14,[7 3],46,136,150,90,133
1,<environment.Job instance at 0x7f946385e1e0>,55,14,[10  1],56,150,164,94,148
1,<environment.Job instance at 0x7f94a6e1a2d0>,56,15,[3 6],57,164,179,107,151
1,<environment.Job instance at 0x7f94ad8fa960>,60,15,[6 3],61,164,179,103,161
1,<environment.Job instance at 0x7f94a6dfe190>,57,17,[2 7],58,179,196,121,171
1,<environment.Job instance at 0x7f9463869780>,68,12,[1 8],69,196,208,127,180
1,<environment.Job instance at 0x7f9463862f00>,72,12,[6 2],73,190,202,117,190
1,<environment.Job instance at 0x7f9463862b40>,73,13,[5 2],74,202,215,128,193
1,<environment.Job instance at 0x7f9463862dc0>,75,13,[8 4],76,215,228,139,199
1,<environment.Job instance at 0x7f9463862050>,78,12,[5 5],79,228,240,149,219
1,<environment.Job instance at 0x7f94a6f71690>,3,16,[6 1],4,4,20,0,4
1,<environment.Job instance at 0x7f94636303c0>,4,12,[7 1],5,20,32,15,5
1,<environment.Job instance at 0x7f94635ea370>,8,16,[6 5],9,32,48,23,19
1,<environment.Job instance at 0x7f94635eaeb0>,19,12,[1 6],20,48,60,28,32
1,<environment.Job instance at 0x7f94635ea9b0>,16,14,[5 7],17,60,74,43,47
1,<environment.Job instance at 0x7f946360c370>,25,15,[7 1],26,74,89,48,62
1,<environment.Job instance at 0x7f94636309b0>,7,17,[6 2],8,89,106,81,77
1,<environment.Job instance at 0x7f9463633280>,29,14,[5 3],30,106,120,76,92
1,<environment.Job instance at 0x7f946360c050>,30,3,[9 1],31,120,123,89,94
1,<environment.Job instance at 0x7f9463633aa0>,33,2,[9 1],34,123,125,89,104
1,<environment.Job instance at 0x7f94635eae60>,20,18,[6 4],21,125,143,104,117
1,<environment.Job instance at 0x7f94ad95a550>,39,14,[7 5],40,143,157,103,128
1,<environment.Job instance at 0x7f94636339b0>,32,18,[8 1],33,162,180,129,162
1,<environment.Job instance at 0x7f94a6e49a00>,52,17,[5 9],53,180,197,127,168
1,<environment.Job instance at 0x7f94a6e497d0>,54,15,[8 2],55,197,212,142,183
1,<environment.Job instance at 0x7f94a6e49140>,56,17,[1 6],57,197,214,140,196
1,<environment.Job instance at 0x7f94a6e49eb0>,53,18,[5 5],54,214,232,160,203
1,<environment.Job instance at 0x7f94a6e49d20>,57,18,[5 5],58,214,232,156,204
1,<environment.Job instance at 0x7f94a6e49c30>,65,13,[ 5 10],66,236,249,170,236
1,<environment.Job instance at 0x7f94a6e490f0>,68,17,[5 3],69,249,266,180,237
1,<environment.Job instance at 0x7f9463650500>,73,16,[7 2],74,266,282,192,253
1,<environment.Job instance at 0x7f94a6e49f00>,58,18,[ 3 10],59,283,301,224,283
1,<environment.Job instance at 0x7f9463650050>,78,15,[3 9],79,301,316,222,289
1,<environment.Job instance at 0x7f9463643410>,85,18,[7 4],86,316,334,230,305
1,<environment.Job instance at 0x7f9463643a00>,89,13,[5 8],90,334,347,244,321
1,<environment.Job instance at 0x7f94636430a0>,88,18,[ 2 10],89,347,365,258,342
1,<environment.Job instance at 0x7f94a6f5ebe0>,95,14,[5 9],96,365,379,269,351
1,<environment.Job instance at 0x7f94adf5f9b0>,101,12,[3 8],102,379,391,277,362
1,<environment.Job instance at 0x7f9463636a50>,103,18,[6 4],104,391,409,287,380
1,<environment.Job instance at 0x7f94ad9e25f0>,4,1,[1 8],5,5,6,0,5
1,<environment.Job instance at 0x7f94a6f88a50>,5,15,[9 1],6,6,21,0,6
1,<environment.Job instance at 0x7f94a7127aa0>,6,3,[1 7],7,8,11,1,8
1,<environment.Job instance at 0x7f94adda0b90>,8,16,[6 5],9,21,37,12,11
1,<environment.Job instance at 0x7f946359ba50>,10,15,[7 2],11,37,52,26,26
1,<environment.Job instance at 0x7f94a73b5870>,17,15,[1 6],18,37,52,19,29
1,<environment.Job instance at 0x7f94add214b0>,13,14,[4 9],14,52,66,38,39
1,<environment.Job instance at 0x7f94a70daeb0>,22,14,[5 7],23,66,80,43,51
1,<environment.Job instance at 0x7f94ad868d20>,29,2,[4 6],30,80,82,50,69
1,<environment.Job instance at 0x7f94ad868960>,31,3,[6 5],32,82,85,50,69
1,<environment.Job instance at 0x7f94ad868500>,32,14,[4 9],33,85,99,52,70
1,<environment.Job instance at 0x7f94ad868640>,37,18,[3 9],38,101,119,63,101
1,<environment.Job instance at 0x7f94a7387c30>,39,14,[5 4],40,119,133,79,105
1,<environment.Job instance at 0x7f94adb68870>,40,15,[5 3],41,119,134,78,107
1,<environment.Job instance at 0x7f94adbb2aa0>,45,16,[5 5],46,133,149,87,122
1,<environment.Job instance at 0x7f946376fcd0>,50,14,[2 8],51,149,163,98,135
1,<environment.Job instance at 0x7f94a6f49320>,52,15,[2 7],53,163,178,110,150
1,<environment.Job instance at 0x7f94a6ed41e0>,55,14,[5 1],56,167,181,111,167
1,<environment.Job instance at 0x7f94a6f9f910>,58,16,[9 2],59,181,197,122,168
1,<environment.Job instance at 0x7f94a6f9f9b0>,64,15,[3 8],65,197,212,132,184
1,<environment.Job instance at 0x7f94a6fa5a00>,68,13,[ 5 10],69,212,225,143,197
1,<environment.Job instance at 0x7f94a70965f0>,74,13,[4 6],75,225,238,150,213
1,<environment.Job instance at 0x7f94ae4058c0>,1,18,[7 1],2,2,20,0,2
1,<environment.Job instance at 0x7f9463954af0>,4,1,[5 8],5,20,21,15,5
1,<environment.Job instance at 0x7f94a6f18050>,11,15,[9 5],12,21,36,9,12
1,<environment.Job instance at 0x7f94a7272eb0>,17,15,[ 3 10],18,36,51,18,30
1,<environment.Job instance at 0x7f94a7214aa0>,8,12,[10  2],9,51,63,42,38
1,<environment.Job instance at 0x7f946374ea50>,12,14,[ 1 10],13,63,77,50,51
1,<environment.Job instance at 0x7f94a6f876e0>,28,15,[10  2],29,77,92,48,65
1,<environment.Job instance at 0x7f94a72e0f50>,32,15,[1 7],33,92,107,59,78
1,<environment.Job instance at 0x7f94a72e0500>,38,15,[8 2],39,92,107,53,91
1,<environment.Job instance at 0x7f94a72e07d0>,39,3,[5 6],40,107,110,67,91
1,<environment.Job instance at 0x7f94a72e0190>,37,12,[ 3 10],38,110,122,72,93
1,<environment.Job instance at 0x7f94a72e02d0>,44,16,[1 8],45,122,138,77,111
1,<environment.Job instance at 0x7f94a70965f0>,3,18,[ 3 10],4,138,156,134,132
1,<environment.Job instance at 0x7f94631508c0>,53,18,[8 1],54,156,174,102,145
1,<environment.Job instance at 0x7f9463150cd0>,55,12,[10  3],56,174,186,118,157
1,<environment.Job instance at 0x7f9463150eb0>,60,18,[5 7],61,188,206,127,188
1,<environment.Job instance at 0x7f9463249460>,64,15,[6 4],65,206,221,141,192
1,<environment.Job instance at 0x7f94a6f18910>,2,14,[1 9],3,7,21,4,7
1,<environment.Job instance at 0x7f94a6f18e10>,0,15,[2 8],1,21,36,20,11
1,<environment.Job instance at 0x7f94ade63af0>,14,3,[2 7],15,36,39,21,21
1,<environment.Job instance at 0x7f94634f8aa0>,15,16,[5 1],16,23,39,7,23
1,<environment.Job instance at 0x7f94ada76780>,18,12,[9 4],19,39,51,20,23
1,<environment.Job instance at 0x7f946359b0a0>,4,15,[9 2],5,51,66,46,37
1,<environment.Job instance at 0x7f94ad87c2d0>,21,14,[9 4],22,66,80,44,51
1,<environment.Job instance at 0x7f94ade631e0>,9,15,[4 6],10,80,95,70,66
1,<environment.Job instance at 0x7f94ad87c500>,23,17,[3 7],24,95,112,71,85
1,<environment.Job instance at 0x7f94a70022d0>,32,16,[6 1],33,87,103,54,87
1,<environment.Job instance at 0x7f94637e2640>,35,13,[10  4],36,112,125,76,98
1,<environment.Job instance at 0x7f94a7098e60>,33,14,[ 4 10],34,125,139,91,110
1,<environment.Job instance at 0x7f94a70ebf00>,41,1,[9 5],42,139,140,97,118
1,<environment.Job instance at 0x7f9463180500>,43,17,[7 2],44,140,157,96,131
1,<environment.Job instance at 0x7f94a6eb0fa0>,47,15,[2 5],48,140,155,92,133
1,<environment.Job instance at 0x7f94a7284730>,51,14,[ 2 10],52,157,171,105,144
1,<environment.Job instance at 0x7f9463516eb0>,53,18,[8 3],54,171,189,117,162
1,<environment.Job instance at 0x7f94ad880af0>,61,2,[1 7],62,180,182,118,180
1,<environment.Job instance at 0x7f94ad880cd0>,62,15,[4 5],63,189,204,126,181
1,<environment.Job instance at 0x7f94ad8930f0>,65,18,[4 5],66,189,207,123,185
1,<environment.Job instance at 0x7f94ad893730>,67,17,[8 3],68,207,224,139,195
1,<environment.Job instance at 0x7f94636248c0>,70,17,[8 5],71,224,241,153,216
1,<environment.Job instance at 0x7f94add471e0>,78,2,[10  3],79,241,243,162,232
1,<environment.Job instance at 0x7f9463592cd0>,81,18,[5 5],82,243,261,161,234
1,<environment.Job instance at 0x7f94635927d0>,82,15,[ 1 10],83,261,276,178,247
1,<environment.Job instance at 0x7f9463592d70>,86,17,[3 5],87,276,293,189,270
1,<environment.Job instance at 0x7f94635929b0>,87,15,[5 9],88,293,308,205,282
1,<environment.Job instance at 0x7f9463592af0>,91,17,[8 2],92,308,325,216,299
1,<environment.Job instance at 0x7f9463592f00>,95,12,[5 2],96,325,337,229,317
1,<environment.Job instance at 0x7f94ad9e20a0>,1,16,[6 2],2,2,18,0,2
1,<environment.Job instance at 0x7f94a73b6eb0>,3,18,[3 7],4,4,22,0,4
1,<environment.Job instance at 0x7f94adce4b90>,4,1,[10  5],5,22,23,17,5
1,<environment.Job instance at 0x7f94adce4d70>,5,3,[4 7],6,23,26,17,6
1,<environment.Job instance at 0x7f94ad9e2f50>,0,12,[4 8],1,26,38,25,20
1,<environment.Job instance at 0x7f94635a5550>,11,3,[1 9],12,38,41,26,20
1,<environment.Job instance at 0x7f946346b7d0>,23,12,[10  3],24,63,75,39,63
1,<environment.Job instance at 0x7f946346b870>,27,14,[4 5],28,75,89,47,75
1,<environment.Job instance at 0x7f94635a5370>,14,18,[2 9],15,95,113,80,95
1,<environment.Job instance at 0x7f94ad886410>,34,17,[6 3],35,113,130,78,107
1,<environment.Job instance at 0x7f94a6d96460>,38,13,[2 8],39,130,143,91,117
1,<environment.Job instance at 0x7f94ad95c0a0>,44,12,[1 9],45,143,155,98,142
1,<environment.Job instance at 0x7f94a715b820>,41,16,[ 2 10],42,155,171,113,147
1,<environment.Job instance at 0x7f94ad9b6a00>,46,18,[8 3],47,171,189,124,160
1,<environment.Job instance at 0x7f94a717f550>,52,17,[9 5],53,189,206,136,177
1,<environment.Job instance at 0x7f94636749b0>,58,2,[10  1],59,206,208,147,179
1,<environment.Job instance at 0x7f94636740f0>,61,2,[7 1],62,208,210,146,198
1,<environment.Job instance at 0x7f94ad9b61e0>,45,16,[10  3],46,210,226,164,198
1,<environment.Job instance at 0x7f94638b19b0>,68,16,[8 2],69,226,242,157,213
1,<environment.Job instance at 0x7f946323aa00>,74,13,[3 6],75,242,255,167,232
1,<environment.Job instance at 0x7f9463674d70>,63,18,[10  5],64,255,273,191,245
1,<environment.Job instance at 0x7f9463219910>,86,17,[5 2],87,273,290,186,261
1,<environment.Job instance at 0x7f94adc98d20>,87,18,[1 7],88,273,291,185,262
1,<environment.Job instance at 0x7f94a6f4aaa0>,95,3,[ 1 10],96,291,294,195,289
1,<environment.Job instance at 0x7f94a6f4af00>,96,3,[5 8],97,294,297,197,289
1,<environment.Job instance at 0x7f94637f4b40>,97,15,[6 1],98,297,312,199,292
1,<environment.Job instance at 0x7f94a747b820>,99,2,[ 5 10],100,312,314,212,293
1,<environment.Job instance at 0x7f94a738d5f0>,101,16,[5 4],102,314,330,212,301
1,<environment.Job instance at 0x7f94635dbfa0>,104,3,[6 5],105,330,333,225,314
1,<environment.Job instance at 0x7f94635dbaa0>,109,13,[3 8],110,333,346,223,317
1,<environment.Job instance at 0x7f94635db320>,113,18,[5 5],114,346,364,232,335
1,<environment.Job instance at 0x7f94635dba50>,115,13,[4 8],116,364,377,248,349
1,<environment.Job instance at 0x7f94635db730>,117,3,[5 5],118,377,380,259,362
1,<environment.Job instance at 0x7f94a738d5a0>,102,18,[2 9],103,380,398,277,372
1,<environment.Job instance at 0x7f9463418780>,122,15,[5 5],123,398,413,275,384
1,<environment.Job instance at 0x7f9463418280>,124,18,[ 3 10],125,413,431,288,405
1,<environment.Job instance at 0x7f9463418b90>,126,14,[5 5],127,431,445,304,416
1,<environment.Job instance at 0x7f9463418960>,128,16,[7 5],129,445,461,316,433
1,<environment.Job instance at 0x7f94634189b0>,135,15,[1 9],136,461,476,325,449
1,<environment.Job instance at 0x7f94637800a0>,143,13,[7 4],144,476,489,332,468
1,<environment.Job instance at 0x7f9463780c30>,148,15,[8 5],149,493,508,344,493
1,<environment.Job instance at 0x7f9463780780>,149,13,[5 1],150,508,521,358,493
1,<environment.Job instance at 0x7f94adb10410>,1,2,[ 5 10],2,2,4,0,2
1,<environment.Job instance at 0x7f9463780370>,5,16,[5 5],6,6,22,0,6
1,<environment.Job instance at 0x7f94ad92c0a0>,9,2,[1 5],10,13,15,3,13
1,<environment.Job instance at 0x7f94a738db90>,12,18,[9 2],13,22,40,9,13
1,<environment.Job instance at 0x7f94a70d1e60>,13,2,[6 4],14,40,42,26,15
1,<environment.Job instance at 0x7f94638bf820>,15,12,[5 7],16,42,54,26,25
1,<environment.Job instance at 0x7f94a6f69d70>,23,14,[8 3],24,54,68,30,40
1,<environment.Job instance at 0x7f94a6f69e60>,24,13,[10  2],25,68,81,43,52
1,<environment.Job instance at 0x7f94a6f69af0>,25,17,[9 4],26,81,98,55,69
1,<environment.Job instance at 0x7f94a6f69aa0>,26,16,[10  4],27,98,114,71,87
1,<environment.Job instance at 0x7f94a6f69f00>,33,16,[5 8],34,114,130,80,101
1,<environment.Job instance at 0x7f94adc8a500>,40,15,[5 9],41,130,145,89,116
1,<environment.Job instance at 0x7f94638bf320>,20,17,[10  5],21,145,162,124,135
1,<environment.Job instance at 0x7f94adc8a1e0>,47,3,[10  4],48,162,165,114,136
1,<environment.Job instance at 0x7f94adc63640>,56,15,[6 4],57,165,180,108,153
1,<environment.Job instance at 0x7f94adc8afa0>,49,14,[ 5 10],50,180,194,130,165
1,<environment.Job instance at 0x7f94adc63a00>,63,16,[10  5],64,194,210,130,188
1,<environment.Job instance at 0x7f94adc3a280>,72,3,[3 6],73,210,213,137,188
1,<environment.Job instance at 0x7f94adc3a230>,73,13,[10  4],74,213,226,139,201
1,<environment.Job instance at 0x7f94adc3a640>,2,17,[7 4],3,4,21,1,4
1,<environment.Job instance at 0x7f94a6f69a50>,4,12,[4 7],5,21,33,16,5
1,<environment.Job instance at 0x7f94a6f69320>,5,13,[1 5],6,6,19,0,6
1,<environment.Job instance at 0x7f94635dbeb0>,10,14,[2 6],11,33,47,22,20
1,<environment.Job instance at 0x7f94a6fe4050>,15,18,[6 1],16,26,44,10,26
1,<environment.Job instance at 0x7f94a6fe4910>,16,15,[4 7],17,47,62,30,34
1,<environment.Job instance at 0x7f94a6fe4820>,20,14,[10  1],21,62,76,41,47
1,<environment.Job instance at 0x7f94ade07cd0>,26,13,[4 6],27,76,89,49,64
1,<environment.Job instance at 0x7f94ade070f0>,27,18,[6 1],28,76,94,48,67
1,<environment.Job instance at 0x7f94ade07c80>,31,12,[ 5 10],32,94,106,62,78
1,<environment.Job instance at 0x7f94ade074b0>,33,14,[9 2],34,106,120,72,99
1,<environment.Job instance at 0x7f94638b1e60>,40,13,[4 7],41,120,133,79,104
1,<environment.Job instance at 0x7f94a6db09b0>,44,14,[1 7],45,133,147,88,118
1,<environment.Job instance at 0x7f94a6db0fa0>,47,17,[1 8],48,147,164,99,139
1,<environment.Job instance at 0x7f946375df00>,49,13,[8 2],50,155,168,105,155
1,<environment.Job instance at 0x7f946375d280>,52,14,[5 6],53,168,182,115,161
1,<environment.Job instance at 0x7f946375df50>,54,15,[9 3],55,182,197,127,169
1,<environment.Job instance at 0x7f94ad8065a0>,12,18,[ 1 10],13,197,215,184,187
1,<environment.Job instance at 0x7f94a6f45eb0>,56,17,[ 2 10],57,215,232,158,203
1,<environment.Job instance at 0x7f94a6f45dc0>,64,14,[5 8],65,232,246,167,228
1,<environment.Job instance at 0x7f9463780730>,1,15,[5 5],2,3,18,1,3
1,<environment.Job instance at 0x7f9462fd5a50>,3,14,[5 2],4,6,20,2,6
1,<environment.Job instance at 0x7f94a6db8730>,17,17,[3 5],18,21,38,3,21
1,<environment.Job instance at 0x7f9463694370>,12,15,[9 5],13,38,53,25,27
1,<environment.Job instance at 0x7f94add01050>,26,2,[6 4],27,28,30,1,28
1,<environment.Job instance at 0x7f94a73e5460>,29,1,[5 4],30,31,32,1,31
1,<environment.Job instance at 0x7f94a6db8eb0>,30,13,[1 5],31,41,54,10,41
1,<environment.Job instance at 0x7f9463694870>,11,12,[ 5 10],12,54,66,42,41
1,<environment.Job instance at 0x7f94a73e5e60>,27,18,[3 6],28,66,84,38,57
1,<environment.Job instance at 0x7f94a73e5910>,39,2,[ 5 10],40,84,86,44,58
1,<environment.Job instance at 0x7f94adc987d0>,43,2,[5 4],44,69,71,25,69
1,<environment.Job instance at 0x7f94a73e5870>,36,16,[ 2 10],37,86,102,49,75
1,<environment.Job instance at 0x7f9463695640>,46,17,[3 9],47,102,119,55,90
1,<environment.Job instance at 0x7f9463695c30>,53,2,[ 3 10],54,119,121,65,106
1,<environment.Job instance at 0x7f9463695140>,55,16,[4 8],56,121,137,65,109
1,<environment.Job instance at 0x7f9463797a50>,64,2,[9 3],65,137,139,72,121
1,<environment.Job instance at 0x7f9463797aa0>,65,13,[4 8],66,139,152,73,123
1,<environment.Job instance at 0x7f94637978c0>,70,16,[ 4 10],71,152,168,81,139
1,<environment.Job instance at 0x7f9463797190>,72,18,[ 5 10],73,168,186,95,157
1,<environment.Job instance at 0x7f9462f96500>,1,1,[4 5],2,2,3,0,2
1,<environment.Job instance at 0x7f94ad913320>,2,2,[1 8],3,3,5,0,3
1,<environment.Job instance at 0x7f9463278d20>,3,14,[7 2],4,5,19,1,5
1,<environment.Job instance at 0x7f94ade5da00>,5,2,[5 9],6,19,21,13,6
1,<environment.Job instance at 0x7f9463797cd0>,8,18,[5 5],9,21,39,12,10
1,<environment.Job instance at 0x7f94adea2dc0>,14,13,[5 9],15,39,52,24,23
1,<environment.Job instance at 0x7f94636119b0>,18,18,[5 3],19,52,70,33,42
1,<environment.Job instance at 0x7f94636111e0>,20,15,[1 8],21,70,85,49,56
1,<environment.Job instance at 0x7f94a6df00a0>,24,12,[5 4],25,85,97,60,70
1,<environment.Job instance at 0x7f94a6df0c30>,26,2,[8 2],27,97,99,70,87
1,<environment.Job instance at 0x7f946326d960>,27,14,[3 8],28,99,113,71,87
1,<environment.Job instance at 0x7f946326db40>,29,18,[4 6],30,113,131,83,102
1,<environment.Job instance at 0x7f946326d190>,36,18,[9 5],37,131,149,94,120
1,<environment.Job instance at 0x7f94ada65d20>,7,17,[3 8],8,149,166,141,139
1,<environment.Job instance at 0x7f94632c1e10>,43,15,[ 4 10],44,166,181,122,154
1,<environment.Job instance at 0x7f94632c1be0>,39,16,[ 2 10],40,181,197,141,174
1,<environment.Job instance at 0x7f9463917e10>,50,13,[9 1],51,197,210,146,185
1,<environment.Job instance at 0x7f94636c0e10>,56,16,[ 1 10],57,210,226,153,198
1,<environment.Job instance at 0x7f94636ce1e0>,61,16,[5 5],62,226,242,164,214
1,<environment.Job instance at 0x7f94636ce050>,64,12,[ 5 10],65,242,254,177,226
1,<environment.Job instance at 0x7f94636ce280>,68,13,[7 3],69,254,267,185,241
1,<environment.Job instance at 0x7f94636a0c80>,71,18,[6 5],72,267,285,195,256
1,<environment.Job instance at 0x7f94adc8d730>,77,1,[1 5],78,267,268,189,267
1,<environment.Job instance at 0x7f94636c2550>,78,3,[1 8],79,285,288,206,267
1,<environment.Job instance at 0x7f94636c05a0>,53,17,[ 4 10],54,288,305,234,276
1,<environment.Job instance at 0x7f94a7275410>,83,18,[2 7],84,305,323,221,294
1,<environment.Job instance at 0x7f94a726f320>,89,14,[8 2],90,305,319,215,303
1,<environment.Job instance at 0x7f94a7260370>,90,2,[5 1],91,319,321,228,303
1,<environment.Job instance at 0x7f946349a370>,91,14,[2 5],92,323,337,231,314
1,<environment.Job instance at 0x7f94636c2230>,79,17,[8 3],80,321,338,241,321
1,<environment.Job instance at 0x7f94adb33b90>,98,12,[9 5],99,338,350,239,338
1,<environment.Job instance at 0x7f94a725fa00>,101,13,[1 5],102,338,351,236,338
1,<environment.Job instance at 0x7f94a725fbe0>,102,15,[7 5],103,350,365,247,338
1,<environment.Job instance at 0x7f94ade0c460>,106,18,[6 5],107,365,383,258,364
1,<environment.Job instance at 0x7f94ade0c4b0>,111,3,[ 5 10],112,383,386,271,366
1,<environment.Job instance at 0x7f94ade25960>,114,12,[10  4],115,386,398,271,370
1,<environment.Job instance at 0x7f94632de640>,118,3,[8 4],119,398,401,279,373
1,<environment.Job instance at 0x7f946398f2d0>,120,13,[7 3],121,401,414,280,385
1,<environment.Job instance at 0x7f946398f5a0>,129,12,[6 4],130,414,426,284,397
1,<environment.Job instance at 0x7f946398f500>,133,3,[7 2],134,426,429,292,415
1,<environment.Job instance at 0x7f94639822d0>,141,17,[5 8],142,438,455,296,438
1,<environment.Job instance at 0x7f9463982f00>,144,16,[ 5 10],145,455,471,310,442
1,<environment.Job instance at 0x7f9463982cd0>,149,2,[5 8],150,471,473,321,457
1,<environment.Job instance at 0x7f9463982f50>,150,17,[2 8],151,473,490,322,461
1,<environment.Job instance at 0x7f9463982640>,154,16,[2 9],155,501,517,346,501
1,<environment.Job instance at 0x7f94ade14a00>,160,15,[9 1],161,619,634,458,619
1,<environment.Job instance at 0x7f94ade141e0>,161,16,[10  5],162,634,650,472,621
1,<environment.Job instance at 0x7f94ade32e10>,170,13,[10  5],174,650,663,476,634
1,<environment.Job instance at 0x7f9463344fa0>,176,13,[4 9],188,663,676,475,657
1,<environment.Job instance at 0x7f94636b4960>,2,3,[4 9],3,9,12,6,9
1,<environment.Job instance at 0x7f9463344fa0>,3,15,[ 5 10],4,12,27,8,9
1,<environment.Job instance at 0x7f94630f5b90>,9,14,[ 5 10],10,27,41,17,16
1,<environment.Job instance at 0x7f9462fecb40>,15,1,[7 3],16,41,42,25,20
1,<environment.Job instance at 0x7f94a6e775f0>,16,1,[3 9],17,42,43,25,21
1,<environment.Job instance at 0x7f94630e60a0>,18,14,[5 7],19,43,57,24,32
1,<environment.Job instance at 0x7f94630da230>,19,2,[ 5 10],20,57,59,37,33
1,<environment.Job instance at 0x7f946398bc30>,4,18,[8 1],5,59,77,54,48
1,<environment.Job instance at 0x7f94630f67d0>,14,16,[9 5],15,77,93,62,64
1,<environment.Job instance at 0x7f94a6f4a500>,27,12,[10  4],28,93,105,65,78
1,<environment.Job instance at 0x7f9463355500>,32,3,[6 3],33,105,108,72,79
1,<environment.Job instance at 0x7f94630f6af0>,12,18,[6 5],13,108,126,95,97
1,<environment.Job instance at 0x7f94ade63e60>,41,2,[4 7],42,105,107,63,98
1,<environment.Job instance at 0x7f94635d0690>,43,12,[1 5],44,108,120,64,108
1,<environment.Job instance at 0x7f94635d05f0>,44,15,[5 9],45,126,141,81,114
1,<environment.Job instance at 0x7f94ae2caa50>,48,1,[5 4],49,141,142,92,124
1,<environment.Job instance at 0x7f94636f58c0>,49,16,[9 2],50,142,158,92,129
1,<environment.Job instance at 0x7f94adc629b0>,52,2,[2 9],53,158,160,105,131
1,<environment.Job instance at 0x7f94a6eef500>,57,16,[3 9],58,160,176,102,147
1,<environment.Job instance at 0x7f94ad859870>,59,16,[6 3],60,176,192,116,164
1,<environment.Job instance at 0x7f94ad859230>,63,18,[5 3],64,192,210,128,181
1,<environment.Job instance at 0x7f94ad8597d0>,65,14,[5 5],66,192,206,126,188
1,<environment.Job instance at 0x7f94632332d0>,69,14,[ 2 10],70,210,224,140,201
1,<environment.Job instance at 0x7f9463233050>,72,15,[6 5],73,224,239,151,210
1,<environment.Job instance at 0x7f9463233af0>,79,13,[7 2],80,239,252,159,228
1,<environment.Job instance at 0x7f94ad99a230>,82,12,[10  2],83,252,264,169,240
1,<environment.Job instance at 0x7f94a7098820>,89,16,[7 1],90,264,280,174,256
1,<environment.Job instance at 0x7f946385fb40>,91,2,[8 5],92,280,282,188,260
1,<environment.Job instance at 0x7f946385f2d0>,92,2,[8 3],93,282,284,189,261
1,<environment.Job instance at 0x7f946385f870>,93,16,[8 1],94,284,300,190,271
1,<environment.Job instance at 0x7f94a7495d70>,96,15,[10  3],97,300,315,203,286
1,<environment.Job instance at 0x7f94a6ded7d0>,103,16,[6 1],104,315,331,211,302
1,<environment.Job instance at 0x7f9463155820>,107,3,[8 2],108,331,334,223,311
1,<environment.Job instance at 0x7f94631556e0>,109,12,[10  1],110,334,346,224,319
1,<environment.Job instance at 0x7f94a6e68fa0>,112,1,[3 6],113,325,326,212,325
1,<environment.Job instance at 0x7f94a6ded320>,102,13,[4 8],103,346,359,243,331
1,<environment.Job instance at 0x7f94a7023c80>,113,17,[6 2],114,346,363,232,334
1,<environment.Job instance at 0x7f94a7023280>,116,15,[3 6],117,359,374,242,347
1,<environment.Job instance at 0x7f94a73750a0>,119,15,[1 8],120,374,389,254,360
1,<environment.Job instance at 0x7f94631cb6e0>,121,15,[4 5],122,389,404,267,377
1,<environment.Job instance at 0x7f9463640140>,126,15,[9 5],127,404,419,277,390
1,<environment.Job instance at 0x7f94636408c0>,128,16,[ 5 10],129,419,435,290,410
1,<environment.Job instance at 0x7f9463640550>,132,14,[5 4],133,435,449,302,423
1,<environment.Job instance at 0x7f9463640370>,134,18,[8 4],135,449,467,314,438
1,<environment.Job instance at 0x7f9463640230>,145,13,[10  4],146,467,480,321,452
1,<environment.Job instance at 0x7f94633ca140>,149,17,[4 5],150,480,497,330,468
1,<environment.Job instance at 0x7f94633ca690>,153,15,[8 1],154,497,512,343,483
1,<environment.Job instance at 0x7f94633cae10>,160,14,[6 3],161,512,526,351,497
1,<environment.Job instance at 0x7f94633cafa0>,162,17,[1 6],163,510,527,347,510
1,<environment.Job instance at 0x7f94633ca0a0>,165,17,[10  3],166,527,544,361,515
1,<environment.Job instance at 0x7f946370bb40>,172,18,[10  1],173,544,562,371,535
1,<environment.Job instance at 0x7f946370b7d0>,166,16,[ 3 10],167,562,578,395,552
1,<environment.Job instance at 0x7f94a7022960>,181,15,[3 7],182,578,593,396,569
1,<environment.Job instance at 0x7f94a7022aa0>,182,16,[8 3],183,593,609,410,580
1,<environment.Job instance at 0x7f94a70220f0>,186,15,[1 7],189,599,614,410,599
1,<environment.Job instance at 0x7f9463279f50>,2,2,[10  1],3,4,6,1,4
1,<environment.Job instance at 0x7f9463975aa0>,9,18,[7 1],10,10,28,0,10
1,<environment.Job instance at 0x7f9463135fa0>,11,18,[7 5],12,28,46,16,17
1,<environment.Job instance at 0x7f9463135a00>,15,3,[10  5],16,46,49,30,28
1,<environment.Job instance at 0x7f94631356e0>,16,17,[6 5],17,49,66,32,37
1,<environment.Job instance at 0x7f9463135550>,21,14,[5 2],22,66,80,44,51
1,<environment.Job instance at 0x7f94631352d0>,14,13,[ 2 10],15,80,93,65,65
1,<environment.Job instance at 0x7f94630fa280>,28,2,[9 2],29,93,95,64,71
1,<environment.Job instance at 0x7f94630fa190>,29,16,[3 8],30,95,111,65,82
1,<environment.Job instance at 0x7f94630fab90>,27,15,[10  1],28,111,126,83,109
1,<environment.Job instance at 0x7f94630fad70>,35,1,[9 1],36,126,127,90,109
1,<environment.Job instance at 0x7f94630fa050>,37,3,[10  4],38,127,130,89,109
1,<environment.Job instance at 0x7f94630fa230>,38,12,[9 2],39,130,142,91,116
1,<environment.Job instance at 0x7f9463209dc0>,45,2,[10  4],46,142,144,96,122
1,<environment.Job instance at 0x7f94631351e0>,17,18,[9 5],18,144,162,126,133
1,<environment.Job instance at 0x7f9463209e60>,39,17,[10  5],40,162,179,122,150
1,<environment.Job instance at 0x7f9463787550>,57,14,[5 3],58,179,193,121,164
1,<environment.Job instance at 0x7f94637879b0>,59,16,[4 7],60,179,195,119,179
1,<environment.Job instance at 0x7f9463787e60>,56,13,[ 1 10],57,195,208,138,180
1,<environment.Job instance at 0x7f9463787500>,64,16,[5 5],65,208,224,143,195
1,<environment.Job instance at 0x7f94637874b0>,66,15,[4 5],67,208,223,141,204
1,<environment.Job instance at 0x7f946304a500>,69,14,[4 8],70,224,238,154,210
1,<environment.Job instance at 0x7f946304aa50>,79,15,[9 4],80,238,253,158,225
1,<environment.Job instance at 0x7f946304af00>,84,14,[ 1 10],85,253,267,168,239
1,<environment.Job instance at 0x7f946304a0a0>,86,13,[ 3 10],87,267,280,180,251
1,<environment.Job instance at 0x7f94addaed20>,91,13,[5 5],92,280,293,188,264
1,<environment.Job instance at 0x7f94addaecd0>,94,13,[7 1],95,293,306,198,279
1,<environment.Job instance at 0x7f94addae6e0>,92,16,[8 5],93,306,322,213,293
1,<environment.Job instance at 0x7f94addae690>,102,12,[7 5],103,322,334,219,306
1,<environment.Job instance at 0x7f94addae190>,105,12,[5 6],106,334,346,228,325
1,<environment.Job instance at 0x7f94addaedc0>,107,15,[4 6],108,346,361,238,332
1,<environment.Job instance at 0x7f94addae8c0>,110,15,[6 2],111,346,361,235,333
1,<environment.Job instance at 0x7f9462fddcd0>,114,14,[9 4],115,361,375,246,346
1,<environment.Job instance at 0x7f9462fdd0a0>,3,16,[6 3],4,4,20,0,4
1,<environment.Job instance at 0x7f9463975140>,4,12,[3 8],5,20,32,15,5
1,<environment.Job instance at 0x7f94adb14be0>,13,3,[2 6],14,32,35,18,22
1,<environment.Job instance at 0x7f9463975fa0>,0,13,[8 2],1,32,45,31,23
1,<environment.Job instance at 0x7f94632792d0>,15,18,[5 5],16,45,63,29,34
1,<environment.Job instance at 0x7f94a6eb8960>,17,18,[6 1],18,63,81,45,63
1,<environment.Job instance at 0x7f94637e6d70>,24,15,[4 7],25,86,101,61,86
1,<environment.Job instance at 0x7f94a72b4e60>,27,13,[7 2],28,101,114,73,87
1,<environment.Job instance at 0x7f946368b730>,28,15,[6 4],29,114,129,85,100
1,<environment.Job instance at 0x7f94631f6730>,35,16,[10  3],36,129,145,93,118
1,<environment.Job instance at 0x7f94631b4a00>,38,17,[5 7],39,145,162,106,133
1,<environment.Job instance at 0x7f94631b4c30>,40,14,[10  4],41,162,176,121,148
1,<environment.Job instance at 0x7f94ad88a1e0>,47,14,[6 5],48,176,190,128,161
1,<environment.Job instance at 0x7f94ad88af00>,49,13,[10  1],50,190,203,140,175
1,<environment.Job instance at 0x7f94ad88a0f0>,54,14,[2 5],55,203,217,148,188
1,<environment.Job instance at 0x7f94a70c5320>,55,17,[2 5],56,203,220,147,191
1,<environment.Job instance at 0x7f94a70d28c0>,57,16,[7 2],58,217,233,159,205
1,<environment.Job instance at 0x7f94adf6daa0>,1,2,[9 1],2,2,4,0,2
1,<environment.Job instance at 0x7f94a72bc460>,0,17,[5 6],1,4,21,3,4
1,<environment.Job instance at 0x7f94a70dbb40>,13,14,[10  5],14,21,35,7,19
1,<environment.Job instance at 0x7f9463787eb0>,18,1,[5 5],19,35,36,16,19
1,<environment.Job instance at 0x7f94630fadc0>,15,15,[1 7],16,36,51,20,22
1,<environment.Job instance at 0x7f94a73a5a50>,23,18,[6 2],24,36,54,12,26
1,<environment.Job instance at 0x7f9463206b40>,20,16,[9 2],21,54,70,33,42
1,<environment.Job instance at 0x7f94636f8140>,32,16,[1 6],33,51,67,18,51
1,<environment.Job instance at 0x7f946315daa0>,33,15,[5 3],34,70,85,36,56
1,<environment.Job instance at 0x7f946315d9b0>,35,14,[5 2],36,70,84,34,56
1,<environment.Job instance at 0x7f94ad8867d0>,40,15,[8 2],41,85,100,44,72
1,<environment.Job instance at 0x7f94633aa780>,50,16,[2 5],51,84,100,33,73
1,<environment.Job instance at 0x7f94633aaaa0>,54,17,[6 2],55,100,117,45,89
1,<environment.Job instance at 0x7f9463290be0>,58,12,[7 4],59,117,129,58,107
1,<environment.Job instance at 0x7f94a71d9960>,60,14,[4 9],61,129,143,68,116
1,<environment.Job instance at 0x7f94a6dd6d70>,64,3,[5 6],65,143,146,78,132
1,<environment.Job instance at 0x7f94636f8a00>,29,18,[8 4],30,146,164,116,135
1,<environment.Job instance at 0x7f94a6d39690>,72,2,[6 2],73,164,166,91,145
1,<environment.Job instance at 0x7f94adc64f50>,74,2,[6 5],75,166,168,91,150
1,<environment.Job instance at 0x7f9463665460>,75,3,[8 4],76,168,171,92,150
1,<environment.Job instance at 0x7f946362cc30>,65,18,[6 5],66,171,189,105,162
1,<environment.Job instance at 0x7f946375d320>,78,18,[10  5],79,189,207,110,179
1,<environment.Job instance at 0x7f94a7217aa0>,82,17,[7 5],83,207,224,124,195
1,<environment.Job instance at 0x7f94a748d5a0>,86,17,[7 5],87,224,241,137,212
1,<environment.Job instance at 0x7f94631f20a0>,89,16,[1 7],90,241,257,151,228
1,<environment.Job instance at 0x7f9463102370>,98,15,[8 3],99,241,256,142,239
1,<environment.Job instance at 0x7f9463102a00>,103,16,[8 3],104,256,272,152,243
1,<environment.Job instance at 0x7f9463102a50>,106,3,[9 5],107,272,275,165,253
1,<environment.Job instance at 0x7f94636655a0>,76,17,[10  4],77,275,292,198,263
1,<environment.Job instance at 0x7f94631020a0>,112,12,[9 4],113,292,304,179,276
1,<environment.Job instance at 0x7f94adc874b0>,114,15,[9 3],115,304,319,189,291
1,<environment.Job instance at 0x7f94adc87dc0>,118,14,[5 4],119,319,333,200,304
1,<environment.Job instance at 0x7f94adc87a50>,119,13,[1 5],120,305,318,185,305
1,<environment.Job instance at 0x7f94adc87050>,122,18,[5 9],123,333,351,210,322
1,<environment.Job instance at 0x7f94adc870f0>,128,15,[6 3],129,351,366,222,337
1,<environment.Job instance at 0x7f94adc87960>,131,15,[8 3],132,366,381,234,352
1,<environment.Job instance at 0x7f94adc87190>,132,2,[7 1],133,381,383,248,354
1,<environment.Job instance at 0x7f94a70299b0>,134,1,[5 5],135,383,384,248,355
1,<environment.Job instance at 0x7f94a7029870>,137,17,[9 5],138,384,401,246,373
1,<environment.Job instance at 0x7f94a7029500>,144,12,[8 3],145,401,413,256,388
1,<environment.Job instance at 0x7f94a7029550>,143,16,[10  1],144,413,429,269,402
1,<environment.Job instance at 0x7f94a7029eb0>,149,13,[2 7],150,429,442,279,414
1,<environment.Job instance at 0x7f94add47eb0>,156,12,[7 5],157,442,454,285,429
1,<environment.Job instance at 0x7f9462fdda50>,1,17,[8 2],2,6,23,4,6
1,<environment.Job instance at 0x7f94addafd20>,10,13,[9 5],11,23,36,12,11
1,<environment.Job instance at 0x7f94a74d8f50>,16,17,[4 8],17,36,53,19,26
1,<environment.Job instance at 0x7f94a74d8c80>,19,17,[8 1],20,53,70,33,41
1,<environment.Job instance at 0x7f94a74d8af0>,22,13,[1 9],23,53,66,30,41
1,<environment.Job instance at 0x7f94a74d8690>,25,12,[7 1],26,70,82,44,53
1,<environment.Job instance at 0x7f94a6fb9a50>,30,1,[1 5],31,66,67,35,65
1,<environment.Job instance at 0x7f94a6fb9aa0>,31,2,[4 9],32,82,84,50,65
1,<environment.Job instance at 0x7f94a6fb9460>,32,12,[5 5],33,84,96,51,67
1,<environment.Job instance at 0x7f94a6fb9b90>,38,3,[8 5],39,96,99,57,88
1,<environment.Job instance at 0x7f94add471e0>,9,18,[9 3],10,99,117,89,88
1,<environment.Job instance at 0x7f94adb7ad20>,43,14,[5 3],44,117,131,73,111
1,<environment.Job instance at 0x7f94a74d8730>,20,12,[9 5],21,131,143,110,114
1,<environment.Job instance at 0x7f94adb7a640>,44,15,[9 1],45,143,158,98,129
1,<environment.Job instance at 0x7f9462fe4be0>,53,15,[5 8],54,158,173,104,146
1,<environment.Job instance at 0x7f9462fe4b90>,55,12,[2 6],56,173,185,117,157
1,<environment.Job instance at 0x7f9462fe4870>,60,14,[4 9],61,185,199,124,170
1,<environment.Job instance at 0x7f9462fe4910>,64,13,[7 3],65,199,212,134,186
1,<environment.Job instance at 0x7f94ae401e10>,71,15,[7 3],72,212,227,140,198
1,<environment.Job instance at 0x7f94a6f25fa0>,78,12,[4 6],79,227,239,148,222
1,<environment.Job instance at 0x7f94a6f25410>,79,13,[7 1],80,239,252,159,226
1,<environment.Job instance at 0x7f94a6f25190>,81,14,[1 8],82,239,253,157,226
1,<environment.Job instance at 0x7f94a6f25b40>,83,16,[8 4],84,253,269,169,242
1,<environment.Job instance at 0x7f94a6f25a50>,84,12,[5 7],85,269,281,184,252
1,<environment.Job instance at 0x7f94a72d19b0>,101,18,[4 7],102,281,299,179,270
1,<environment.Job instance at 0x7f94a72d1640>,106,13,[4 9],107,299,312,192,287
1,<environment.Job instance at 0x7f94a72d18c0>,107,12,[10  4],108,312,324,204,297
1,<environment.Job instance at 0x7f94636149b0>,113,13,[6 3],114,333,346,219,333
1,<environment.Job instance at 0x7f9463614eb0>,114,16,[1 7],115,335,351,220,335
1,<environment.Job instance at 0x7f94636142d0>,116,12,[ 5 10],117,351,363,234,342
1,<environment.Job instance at 0x7f9463614550>,117,16,[7 5],118,363,379,245,351
1,<environment.Job instance at 0x7f94636145a0>,123,12,[3 7],124,379,391,255,371
1,<environment.Job instance at 0x7f94636144b0>,126,13,[2 7],127,391,404,264,375
1,<environment.Job instance at 0x7f94638bf5a0>,128,14,[2 5],129,404,418,275,389
1,<environment.Job instance at 0x7f94638bf690>,129,14,[7 5],130,404,418,274,389
1,<environment.Job instance at 0x7f94638bff00>,131,13,[5 2],132,389,402,257,389
1,<environment.Job instance at 0x7f94638bf2d0>,135,13,[9 1],136,418,431,282,404
1,<environment.Job instance at 0x7f94638bf230>,138,14,[9 5],139,431,445,292,422
1,<environment.Job instance at 0x7f94638bf8c0>,139,12,[5 2],140,445,457,305,428
1,<environment.Job instance at 0x7f94adc0aaa0>,146,16,[7 5],147,457,473,310,444
1,<environment.Job instance at 0x7f946360baf0>,148,16,[5 2],149,473,489,324,462
1,<environment.Job instance at 0x7f9463013be0>,154,18,[5 6],155,473,491,318,464
1,<environment.Job instance at 0x7f94a7217eb0>,160,17,[5 3],161,489,506,328,478
1,<environment.Job instance at 0x7f94a74d82d0>,1,13,[10  5],2,8,21,6,8
1,<environment.Job instance at 0x7f9463698050>,4,13,[2 9],5,21,34,16,10
1,<environment.Job instance at 0x7f9463698780>,5,17,[7 2],6,34,51,28,32
1,<environment.Job instance at 0x7f946328a730>,18,14,[8 3],19,51,65,32,37
1,<environment.Job instance at 0x7f94a6fb1550>,9,17,[7 3],10,65,82,55,55
1,<environment.Job instance at 0x7f94632726e0>,25,18,[8 3],26,82,100,56,73
1,<environment.Job instance at 0x7f9463272870>,29,12,[4 7],30,100,112,70,86
1,<environment.Job instance at 0x7f946328af00>,19,17,[5 9],20,112,129,92,104
1,<environment.Job instance at 0x7f94632720f0>,24,18,[4 8],25,129,147,104,120
1,<environment.Job instance at 0x7f946327c0a0>,40,15,[5 2],41,129,144,88,129
1,<environment.Job instance at 0x7f946327cc30>,42,17,[2 6],43,152,169,109,152
1,<environment.Job instance at 0x7f9463265d20>,48,13,[6 4],49,183,196,134,183
1,<environment.Job instance at 0x7f9463265a00>,50,12,[3 9],51,196,208,145,186
1,<environment.Job instance at 0x7f9463261cd0>,59,15,[8 4],60,208,223,148,202
1,<environment.Job instance at 0x7f9463261fa0>,60,16,[10  3],61,223,239,162,212
1,<environment.Job instance at 0x7f94632610f0>,64,18,[5 2],65,250,268,185,250
1,<environment.Job instance at 0x7fe1ef743500>,4,18,[10  4],5,7,25,2,7
1,<environment.Job instance at 0x7fe1ee5ead70>,7,14,[5 1],8,25,39,17,10
1,<environment.Job instance at 0x7fe1ee5ed0f0>,13,13,[1 8],14,35,48,21,35
1,<environment.Job instance at 0x7fe1ee5ed190>,14,12,[3 7],15,48,60,33,35
1,<environment.Job instance at 0x7fe1ee5ed460>,16,12,[1 8],17,60,72,43,43
1,<environment.Job instance at 0x7fe1ee5eaeb0>,8,17,[ 2 10],9,72,89,63,62
1,<environment.Job instance at 0x7fe1ee5eda50>,25,3,[1 6],26,89,92,63,71
1,<environment.Job instance at 0x7fe1ee5edb90>,28,2,[5 9],29,92,94,63,73
1,<environment.Job instance at 0x7fe1ee5ede10>,31,17,[4 9],32,94,111,62,83
1,<environment.Job instance at 0x7fe1ee5edd70>,33,2,[5 3],34,89,91,55,89
1,<environment.Job instance at 0x7fe1ee5eddc0>,34,3,[9 5],35,111,114,76,89
1,<environment.Job instance at 0x7fe1ee5f0320>,35,16,[8 1],36,114,130,78,101
1,<environment.Job instance at 0x7fe1ee5f0460>,39,18,[5 8],40,130,148,90,119
1,<environment.Job instance at 0x7fe1ee5eaf50>,9,17,[ 4 10],10,148,165,138,139
1,<environment.Job instance at 0x7fe1ee5f0b40>,48,13,[6 1],49,165,178,116,158
1,<environment.Job instance at 0x7fe1ef8c3910>,12,20,[9 1],13,15,35,2,15
1,<environment.Job instance at 0x7fe1ef8bdb90>,15,13,[3 5],16,35,48,19,20
1,<environment.Job instance at 0x7fe1ef8c3370>,13,15,[1 5],14,33,48,19,33
1,<environment.Job instance at 0x7fe1ee57bfa0>,5,17,[4 7],6,48,65,42,36
1,<environment.Job instance at 0x7fe1ef8baaf0>,24,1,[6 2],25,48,49,23,47
1,<environment.Job instance at 0x7fe1ef8ba550>,27,15,[4 7],28,65,80,37,52
1,<environment.Job instance at 0x7fe1ef8b9eb0>,29,17,[2 7],30,80,97,50,71
1,<environment.Job instance at 0x7fe1ef8b9be0>,34,12,[3 5],35,97,109,62,80
1,<environment.Job instance at 0x7fe1a4635730>,41,16,[5 8],42,109,125,67,96
1,<environment.Job instance at 0x7fe1a462ae60>,1,1,[9 4],2,2,3,0,2
1,<environment.Job instance at 0x7fe1a462acd0>,3,17,[5 6],4,5,22,1,5
1,<environment.Job instance at 0x7fe1a462ad70>,5,1,[3 6],6,22,23,16,6
1,<environment.Job instance at 0x7fe1a4622f00>,12,2,[4 8],13,23,25,10,21
1,<environment.Job instance at 0x7fe1a4622d70>,14,12,[6 1],15,22,34,7,21
1,<environment.Job instance at 0x7fe1a4622140>,15,14,[9 1],16,34,48,18,21
1,<environment.Job instance at 0x7fe1a4601a00>,16,15,[9 2],17,48,63,31,34
1,<environment.Job instance at 0x7fe1a466cfa0>,19,16,[1 8],20,34,50,14,34
1,<environment.Job instance at 0x7fe1a4622f50>,13,3,[1 6],14,50,53,36,34
1,<environment.Job instance at 0x7fe1a466ceb0>,25,15,[5 3],26,63,78,37,50
1,<environment.Job instance at 0x7fe1a466c280>,29,14,[8 1],30,78,92,48,63
1,<environment.Job instance at 0x7fe1a4614fa0>,34,15,[10  5],35,92,107,57,79
1,<environment.Job instance at 0x7fe1a4767230>,10,12,[6 3],11,11,23,0,11
1,<environment.Job instance at 0x7fe1a4767aa0>,7,17,[3 8],8,23,40,15,16
1,<environment.Job instance at 0x7fe1a47670a0>,0,13,[2 6],1,40,53,39,24
1,<environment.Job instance at 0x7fe1a49e8eb0>,17,18,[5 2],18,36,54,18,36
1,<environment.Job instance at 0x7fe1a49f4460>,23,12,[1 7],24,53,65,29,36
1,<environment.Job instance at 0x7fe1a49f43c0>,28,14,[4 7],29,65,79,36,55
1,<environment.Job instance at 0x7fe1a49eed20>,34,12,[5 7],35,79,91,44,72
1,<environment.Job instance at 0x7fe1a47676e0>,13,15,[4 8],14,91,106,77,82
1,<environment.Job instance at 0x7fe1a4767730>,8,16,[3 9],9,106,122,97,94
1,<environment.Job instance at 0x7fe1a4acf550>,43,3,[5 4],44,122,125,78,97
1,<environment.Job instance at 0x7fe1a47670f0>,1,16,[1 9],2,125,141,123,117
1,<environment.Job instance at 0x7fe1a4cf5500>,6,13,[5 1],7,7,20,0,7
1,<environment.Job instance at 0x7fe1a4cf55a0>,4,17,[10  2],5,26,43,21,26
1,<environment.Job instance at 0x7fe1a4cf5cd0>,15,17,[8 1],16,43,60,27,31
1,<environment.Job instance at 0x7fe1a4cf5c30>,14,13,[5 9],15,60,73,45,44
1,<environment.Job instance at 0x7fe1a4cf5910>,21,1,[8 3],22,73,74,51,50
1,<environment.Job instance at 0x7fe1a4cd8370>,25,17,[3 5],26,76,93,50,76
1,<environment.Job instance at 0x7fe1a4cd83c0>,26,15,[ 5 10],27,93,108,66,81
1,<environment.Job instance at 0x7fe1a4cd8780>,30,15,[7 4],31,108,123,77,94
1,<environment.Job instance at 0x7fe1a4cd8960>,32,16,[8 5],33,123,139,90,111
1,<environment.Job instance at 0x7fe1a4cd88c0>,35,12,[2 6],36,139,151,103,125
1,<environment.Job instance at 0x7fe1a4cf5e10>,17,18,[ 1 10],18,151,169,133,140
1,<environment.Job instance at 0x7fe1a4cfc0f0>,42,3,[3 9],43,169,172,126,152
1,<environment.Job instance at 0x7fe1a4cfc1e0>,44,15,[9 5],45,172,187,127,161
1,<environment.Job instance at 0x7fe1a4cd8f00>,39,16,[9 4],40,187,203,147,174
1,<environment.Job instance at 0x7fe1a4cd8d20>,38,18,[3 8],39,752,770,713,752
1,<environment.Job instance at 0x7fe1a4cf6050>,1,3,[1 8],2,2,5,0,2
1,<environment.Job instance at 0x7fe1eebc2a00>,2,13,[2 5],3,5,18,2,4
1,<environment.Job instance at 0x7fe1a4cd7fa0>,4,17,[1 9],5,18,35,13,8
1,<environment.Job instance at 0x7fe1ef08ecd0>,14,18,[10  2],15,38,56,23,38
1,<environment.Job instance at 0x7fe1ef08e0f0>,22,17,[8 2],23,56,73,33,47
1,<environment.Job instance at 0x7fe1eeb28dc0>,27,14,[4 7],28,80,94,52,80
1,<environment.Job instance at 0x7fe1eeb280a0>,31,16,[6 2],32,98,114,66,98
1,<environment.Job instance at 0x7fe1a4836e60>,40,13,[7 4],41,119,132,78,119
1,<environment.Job instance at 0x7fe1a4836f00>,43,18,[9 2],44,132,150,88,130
1,<environment.Job instance at 0x7fe1a4836230>,46,16,[5 7],47,150,166,103,146
1,<environment.Job instance at 0x7fe1a48e3320>,48,15,[2 5],49,166,181,117,153
1,<environment.Job instance at 0x7fe1ee860eb0>,1,2,[3 8],2,2,4,0,2
1,<environment.Job instance at 0x7fe1ee860a50>,0,17,[4 5],1,5,22,4,5
1,<environment.Job instance at 0x7fe1ee860410>,3,13,[8 3],4,22,35,18,8
1,<environment.Job instance at 0x7fe1ee9ce910>,12,2,[7 1],13,35,37,22,18
1,<environment.Job instance at 0x7fe1ee9ce6e0>,15,2,[4 6],16,37,39,21,25
1,<environment.Job instance at 0x7fe1ef1122d0>,16,2,[6 5],17,39,41,22,25
1,<environment.Job instance at 0x7fe1ee689f00>,6,15,[7 3],7,41,56,34,27
1,<environment.Job instance at 0x7fe1ef1c84b0>,7,17,[7 5],8,56,73,48,44
1,<environment.Job instance at 0x7fe1a492c140>,26,15,[6 2],27,73,88,46,62
1,<environment.Job instance at 0x7fe1eebc8690>,19,17,[4 8],20,73,90,53,62
1,<environment.Job instance at 0x7fe1a4be0a50>,30,13,[ 4 10],31,90,103,59,75
1,<environment.Job instance at 0x7fe1ee420f50>,31,16,[2 8],32,103,119,71,90
1,<environment.Job instance at 0x7fe1a47efc30>,41,15,[3 5],42,128,143,86,128
1,<environment.Job instance at 0x7fe1a47ef5a0>,44,12,[3 5],45,130,142,85,130
1,<environment.Job instance at 0x7fe1a47ef410>,45,17,[6 3],46,142,159,96,131
1,<environment.Job instance at 0x7fe1a46f71e0>,1,14,[3 6],2,2,16,0,2
1,<environment.Job instance at 0x7fe1ee5d7e60>,2,15,[7 3],3,5,20,2,5
1,<environment.Job instance at 0x7fe1ee4346e0>,5,16,[2 6],6,16,32,10,6
1,<environment.Job instance at 0x7fe1a4b813c0>,13,12,[8 5],14,32,44,18,27
1,<environment.Job instance at 0x7fe1eef58c30>,20,17,[7 1],21,44,61,23,32
1,<environment.Job instance at 0x7fe1eef585f0>,21,18,[3 8],22,44,62,22,35
1,<environment.Job instance at 0x7fe1a44a4a50>,26,15,[4 9],27,62,77,35,60
1,<environment.Job instance at 0x7fe1a449bf50>,30,18,[4 8],31,77,95,46,68
1,<environment.Job instance at 0x7fe1ee799780>,7,16,[ 3 10],8,95,111,87,84
1,<environment.Job instance at 0x7fe1a449b5a0>,37,13,[4 9],38,111,124,73,96
1,<environment.Job instance at 0x7fe1a44a2550>,47,20,[5 2],48,124,144,76,115
1,<environment.Job instance at 0x7fe1a449baa0>,35,18,[ 3 10],36,770,788,734,770
1,<environment.Job instance at 0x7fe1eee049b0>,1,3,[3 7],2,2,5,0,2
1,<environment.Job instance at 0x7fe1eee04af0>,7,13,[4 6],8,8,21,0,8
1,<environment.Job instance at 0x7fe1eee04460>,5,12,[4 7],6,21,33,15,12
1,<environment.Job instance at 0x7fe1ee99eaa0>,12,13,[8 1],13,33,46,20,18
1,<environment.Job instance at 0x7fe1ee99e050>,13,16,[3 5],14,46,62,32,34
1,<environment.Job instance at 0x7fe1ee99e910>,17,14,[10  3],18,62,76,44,47
1,<environment.Job instance at 0x7fe1a4cceeb0>,26,13,[8 4],27,76,89,49,63
1,<environment.Job instance at 0x7fe1a4cceb40>,30,17,[9 4],31,89,106,58,79
1,<environment.Job instance at 0x7fe1a4cce870>,35,15,[5 7],36,106,121,70,95
1,<environment.Job instance at 0x7fe1eee04e60>,2,17,[4 6],3,121,138,118,110
1,<environment.Job instance at 0x7fe1ee99e690>,11,18,[5 7],12,138,156,126,130
1,<environment.Job instance at 0x7fe1a4a42a00>,1,3,[9 3],2,2,5,0,2
1,<environment.Job instance at 0x7fe1a4b34dc0>,3,13,[9 5],4,5,18,1,4
1,<environment.Job instance at 0x7fe1a4981820>,10,13,[3 8],11,18,31,7,15
1,<environment.Job instance at 0x7fe1a4a42cd0>,2,17,[10  3],3,31,48,28,19
1,<environment.Job instance at 0x7fe1a445f7d0>,17,13,[6 5],18,48,61,30,35
1,<environment.Job instance at 0x7fe1a4c38af0>,16,15,[ 5 10],17,61,76,44,47
1,<environment.Job instance at 0x7fe1ee4318c0>,25,14,[7 3],26,76,90,50,61
1,<environment.Job instance at 0x7fe1eebfceb0>,32,3,[1 7],33,84,87,51,84
1,<environment.Job instance at 0x7fe1eebfc410>,33,3,[9 4],34,90,93,56,84
1,<environment.Job instance at 0x7fe1a4425a00>,21,14,[1 9],22,93,107,71,86
1,<environment.Job instance at 0x7fe1ee571140>,40,14,[ 4 10],41,107,121,66,93
1,<environment.Job instance at 0x7fe1ee5719b0>,46,18,[8 2],47,121,139,74,113
1,<environment.Job instance at 0x7fe1ee571500>,42,17,[2 5],43,121,138,78,120
1,<environment.Job instance at 0x7fe1a4a6e410>,47,18,[6 2],48,139,157,91,131
1,<environment.Job instance at 0x7fe1a4426370>,23,18,[4 8],24,139,157,115,131
1,<environment.Job instance at 0x7fe1a4981e10>,4,15,[ 1 10],5,400,415,395,400
1,<environment.Job instance at 0x7fe1a4981e10>,3,15,[6 5],4,4,19,0,4
1,<environment.Job instance at 0x7fe1a49812d0>,2,3,[ 3 10],3,19,22,16,4
1,<environment.Job instance at 0x7fe1a4bff9b0>,4,1,[2 5],5,5,6,0,5
1,<environment.Job instance at 0x7fe1a4414690>,5,2,[9 3],6,22,24,16,6
1,<environment.Job instance at 0x7fe1a44146e0>,8,14,[3 8],9,24,38,15,9
1,<environment.Job instance at 0x7fe1a4414be0>,11,17,[5 7],12,38,55,26,26
1,<environment.Job instance at 0x7fe1a4979280>,20,18,[4 6],21,55,73,34,45
1,<environment.Job instance at 0x7fe1ee682370>,26,14,[ 5 10],27,73,87,46,58
1,<environment.Job instance at 0x7fe1a4414af0>,6,14,[7 5],7,87,101,80,79
1,<environment.Job instance at 0x7fe1a45cb1e0>,31,14,[5 4],32,101,115,69,86
1,<environment.Job instance at 0x7fe1ee94d5f0>,39,12,[9 1],40,115,127,75,107
1,<environment.Job instance at 0x7fe1eed79190>,40,14,[8 4],41,127,141,86,113
1,<environment.Job instance at 0x7fe1eeb344b0>,2,3,[4 9],3,3,6,0,3
1,<environment.Job instance at 0x7fe1a4583d70>,3,12,[ 2 10],4,6,18,2,6
1,<environment.Job instance at 0x7fe1a4741c80>,8,14,[6 4],9,18,32,9,9
1,<environment.Job instance at 0x7fe1ee95c5f0>,14,14,[7 5],15,32,46,17,23
1,<environment.Job instance at 0x7fe1ee95c8c0>,19,14,[9 5],20,46,60,26,33
1,<environment.Job instance at 0x7fe1ee95cb90>,25,17,[ 5 10],26,60,77,34,60
1,<environment.Job instance at 0x7fe1ee95ca00>,26,17,[ 1 10],27,77,94,50,66
1,<environment.Job instance at 0x7fe1ee95ceb0>,30,12,[7 2],31,94,106,63,81
1,<environment.Job instance at 0x7fe1ee94f8c0>,36,14,[9 2],37,106,120,69,96
1,<environment.Job instance at 0x7fe1ee790410>,1,3,[5 9],2,3,6,1,3
1,<environment.Job instance at 0x7fe1ee94f960>,3,3,[5 5],4,6,9,2,6
1,<environment.Job instance at 0x7fe1ee94f870>,4,2,[9 2],5,9,11,4,8
1,<environment.Job instance at 0x7fe1ee790c30>,8,17,[2 6],9,11,28,2,9
1,<environment.Job instance at 0x7fe1ee790500>,0,18,[8 1],1,14,32,13,14
1,<environment.Job instance at 0x7fe1ee790dc0>,15,13,[8 5],16,32,45,16,18
1,<environment.Job instance at 0x7fe1eea82140>,17,14,[2 5],18,28,42,10,19
1,<environment.Job instance at 0x7fe1eea82cd0>,22,15,[2 5],23,42,57,19,31
1,<environment.Job instance at 0x7fe1eea82640>,23,14,[4 8],24,57,71,33,45
1,<environment.Job instance at 0x7fe1eea82780>,26,15,[9 1],27,71,86,44,57
1,<environment.Job instance at 0x7fe1ee999a00>,31,13,[6 5],32,86,99,54,70
1,<environment.Job instance at 0x7fe1ee999730>,33,15,[6 1],34,99,114,65,85
1,<environment.Job instance at 0x7fe1ee5f39b0>,39,16,[10  2],40,114,130,74,103
1,<environment.Job instance at 0x7fe1ee5f3320>,44,15,[7 3],45,130,145,85,118
1,<environment.Job instance at 0x7fe1ee5f3d20>,47,15,[10  1],48,145,160,97,132
1,<environment.Job instance at 0x7fe1ee790730>,6,18,[9 4],7,404,422,397,404
1,<environment.Job instance at 0x7fe1eea82f50>,24,16,[9 2],25,531,547,506,531
1,<environment.Job instance at 0x7fe1eea82910>,16,13,[3 9],17,547,560,530,539
1,<environment.Job instance at 0x7fe1eedd9870>,1,2,[5 7],2,2,4,0,2
1,<environment.Job instance at 0x7fe1a448df50>,2,1,[4 6],3,4,5,1,3
1,<environment.Job instance at 0x7fe1a448d280>,3,1,[4 9],4,5,6,1,4
1,<environment.Job instance at 0x7fe1a448daf0>,4,12,[3 5],5,6,18,1,5
1,<environment.Job instance at 0x7fe1a4bf2c30>,5,3,[9 2],6,18,21,12,7
1,<environment.Job instance at 0x7fe1a4bf2460>,7,3,[10  4],8,21,24,13,8
1,<environment.Job instance at 0x7fe1a4bf2780>,8,3,[3 9],9,24,27,15,9
1,<environment.Job instance at 0x7fe1ee9e2c30>,15,3,[10  4],16,27,30,11,16
1,<environment.Job instance at 0x7fe1ee9e20a0>,13,13,[7 5],14,32,45,18,32
1,<environment.Job instance at 0x7fe1eea3fdc0>,23,16,[8 5],24,45,61,21,32
1,<environment.Job instance at 0x7fe1eea3f230>,27,13,[ 4 10],28,61,74,33,49
1,<environment.Job instance at 0x7fe1eea3feb0>,30,14,[1 8],31,74,88,43,63
1,<environment.Job instance at 0x7fe1a4afbaa0>,36,12,[1 5],37,88,100,51,76
1,<environment.Job instance at 0x7fe1eea3fa00>,24,16,[9 4],25,88,104,63,85
1,<environment.Job instance at 0x7fe1a4afb870>,39,17,[1 9],40,104,121,64,93
1,<environment.Job instance at 0x7fe1ee90e9b0>,48,18,[6 5],49,121,139,72,115
1,<environment.Job instance at 0x7fe1ee9e2690>,12,15,[10  1],13,151,166,138,151
1,<environment.Job instance at 0x7fe1eea3ff50>,20,18,[ 5 10],21,500,518,479,500
1,<environment.Job instance at 0x7fe1a4784e60>,1,12,[1 8],2,4,16,2,4
1,<environment.Job instance at 0x7fe1a4524fa0>,4,17,[5 1],5,5,22,0,5
1,<environment.Job instance at 0x7fe1ee50a370>,3,16,[5 3],4,16,32,12,12
1,<environment.Job instance at 0x7fe1a450b0a0>,11,3,[5 2],12,22,25,10,13
1,<environment.Job instance at 0x7fe1a4524eb0>,5,15,[ 1 10],6,32,47,26,19
1,<environment.Job instance at 0x7fe1a450b190>,12,17,[9 4],13,47,64,34,35
1,<environment.Job instance at 0x7fe1a450b550>,15,16,[9 4],16,64,80,48,55
1,<environment.Job instance at 0x7fe1a4536500>,33,15,[5 5],34,81,96,47,81
1,<environment.Job instance at 0x7fe1a4536780>,36,13,[4 7],37,96,109,59,87
1,<environment.Job instance at 0x7fe1a4530690>,2,15,[4 8],3,4,19,1,4
1,<environment.Job instance at 0x7fe1a4536cd0>,4,14,[3 8],5,19,33,14,6
1,<environment.Job instance at 0x7fe1eecd90a0>,8,18,[4 6],9,33,51,24,22
1,<environment.Job instance at 0x7fe1eecd9dc0>,12,16,[3 8],13,51,67,38,38
1,<environment.Job instance at 0x7fe1eecd9550>,19,16,[7 2],20,51,67,31,50
1,<environment.Job instance at 0x7fe1eecd99b0>,18,17,[9 5],19,67,84,48,56
1,<environment.Job instance at 0x7fe1eeb78c30>,23,13,[5 5],24,84,97,60,69
1,<environment.Job instance at 0x7fe1ef0e1140>,28,3,[2 6],29,97,100,68,76
1,<environment.Job instance at 0x7fe1ef0e1320>,33,3,[10  3],34,100,103,66,94
1,<environment.Job instance at 0x7fe1ef0e1190>,34,13,[5 3],35,103,116,68,94
1,<environment.Job instance at 0x7fe1ef0e15a0>,35,12,[8 5],36,116,128,80,105
1,<environment.Job instance at 0x7fe1eeaae550>,40,13,[5 3],41,128,141,87,114
1,<environment.Job instance at 0x7fe1eeaaeeb0>,43,12,[7 4],44,141,153,97,126
1,<environment.Job instance at 0x7fe1eeaaef00>,48,12,[ 4 10],49,153,165,104,138
1,<environment.Job instance at 0x7fe1eeaae4b0>,42,17,[6 4],43,171,188,128,171
1,<environment.Job instance at 0x7fe1ef0e1cd0>,38,17,[3 7],39,483,500,444,483
1,<environment.Job instance at 0x7fe1ee79f230>,1,3,[3 9],2,2,5,0,2
1,<environment.Job instance at 0x7fe1a46653c0>,4,16,[5 5],5,8,24,3,8
1,<environment.Job instance at 0x7fe1a44b9e60>,8,18,[1 5],9,10,28,1,10
1,<environment.Job instance at 0x7fe1a47f4e60>,12,13,[9 4],13,24,37,11,13
1,<environment.Job instance at 0x7fe1a47f4780>,13,12,[2 6],14,37,49,23,20
1,<environment.Job instance at 0x7fe1eeef2d20>,5,17,[ 3 10],6,49,66,43,37
1,<environment.Job instance at 0x7fe1ef291cd0>,25,18,[5 5],26,66,84,40,56
1,<environment.Job instance at 0x7fe1eea4d960>,31,1,[7 3],32,85,86,53,85
1,<environment.Job instance at 0x7fe1a47ee230>,33,18,[7 1],34,86,104,52,85
1,<environment.Job instance at 0x7fe1ee4c0dc0>,18,16,[8 3],19,104,120,85,91
1,<environment.Job instance at 0x7fe1eea4d730>,32,18,[4 7],33,120,138,87,112
1,<environment.Job instance at 0x7fe1eea3fc30>,43,14,[3 6],44,138,152,94,126
1,<environment.Job instance at 0x7fe1ee79f050>,2,16,[ 3 10],3,152,168,149,143
1,<environment.Job instance at 0x7fe1ee840870>,45,18,[1 8],46,168,186,122,163
1,<environment.Job instance at 0x7fe1eea50b40>,0,14,[1 5],1,4,18,3,4
1,<environment.Job instance at 0x7fe1ee35af00>,7,19,[1 5],8,8,27,0,8
1,<environment.Job instance at 0x7fe1ee385190>,9,18,[6 4],10,18,36,8,12
1,<environment.Job instance at 0x7fe1eef89460>,12,14,[3 9],13,36,50,23,22
1,<environment.Job instance at 0x7fe1ee8404b0>,5,14,[ 1 10],6,50,64,44,35
1,<environment.Job instance at 0x7fe1a4c0c0f0>,19,17,[9 2],20,64,81,44,53
1,<environment.Job instance at 0x7fe1a4c3bb90>,22,3,[7 1],23,81,84,58,57
1,<environment.Job instance at 0x7fe1a49c7230>,25,17,[3 6],26,81,98,55,77
1,<environment.Job instance at 0x7fe1a49c7870>,26,13,[8 2],27,98,111,71,85
1,<environment.Job instance at 0x7fe1a49c7910>,28,12,[ 4 10],29,111,123,82,95
1,<environment.Job instance at 0x7fe1a49c7690>,32,15,[5 9],33,123,138,90,109
1,<environment.Job instance at 0x7fe1a49c77d0>,35,18,[ 5 10],36,138,156,102,129
1,<environment.Job instance at 0x7fe1a49cb3c0>,47,18,[3 8],48,156,174,108,146
1,<environment.Job instance at 0x7fe1ee3c0fa0>,1,18,[10  5],2,10,28,8,10
1,<environment.Job instance at 0x7fe1a4c0d320>,5,18,[9 2],6,28,46,22,21
1,<environment.Job instance at 0x7fe1a4c0d730>,14,3,[2 7],15,46,49,31,21
1,<environment.Job instance at 0x7fe1ee472be0>,27,16,[1 7],28,49,65,21,46
1,<environment.Job instance at 0x7fe1ee472910>,19,18,[6 1],20,47,65,27,47
1,<environment.Job instance at 0x7fe1ef091370>,38,13,[2 5],39,65,78,26,63
1,<environment.Job instance at 0x7fe1a4c0d4b0>,18,16,[4 8],19,78,94,59,66
1,<environment.Job instance at 0x7fe1ee547a00>,42,15,[ 2 10],43,94,109,51,80
1,<environment.Job instance at 0x7fe1ee472320>,25,16,[10  5],26,670,686,644,670
1,<environment.Job instance at 0x7fe1ef8c3460>,0,3,[5 3],1,2,5,1,2
1,<environment.Job instance at 0x7fe1ee69e3c0>,2,2,[5 7],3,4,6,1,4
1,<environment.Job instance at 0x7fe1ee4585f0>,6,16,[1 6],7,8,24,1,8
1,<environment.Job instance at 0x7fe1ee64fa00>,15,15,[3 5],16,24,39,8,16
1,<environment.Job instance at 0x7fe1ee4582d0>,7,15,[7 4],8,18,33,10,18
1,<environment.Job instance at 0x7fe1a4a95f50>,19,2,[5 1],20,33,35,13,20
1,<environment.Job instance at 0x7fe1eeb40d70>,21,3,[9 1],22,39,42,17,23
1,<environment.Job instance at 0x7fe1eeef2690>,22,13,[9 1],23,42,55,19,26
1,<environment.Job instance at 0x7fe1eeef2870>,25,12,[2 8],26,55,67,29,40
1,<environment.Job instance at 0x7fe1eeb40640>,17,13,[9 1],18,67,80,49,51
1,<environment.Job instance at 0x7fe1ee72ab90>,29,15,[2 6],30,80,95,50,66
1,<environment.Job instance at 0x7fe1a4635050>,27,17,[10  4],28,95,112,67,84
1,<environment.Job instance at 0x7fe1a4642460>,35,18,[7 5],36,112,130,76,101
1,<environment.Job instance at 0x7fe1ee458e10>,4,15,[4 8],5,130,145,125,120
1,<environment.Job instance at 0x7fe1a4c30050>,47,15,[5 8],48,145,160,97,135
1,<environment.Job instance at 0x7f168c84f500>,4,18,[10  4],5,8,26,3,8
1,<environment.Job instance at 0x7f168c84f370>,3,18,[ 3 10],4,26,44,22,16
1,<environment.Job instance at 0x7f1687444230>,14,12,[3 7],15,44,56,29,29
1,<environment.Job instance at 0x7f16874445f0>,17,3,[10  3],18,56,59,38,42
1,<environment.Job instance at 0x7f16874440f0>,18,16,[8 5],19,59,75,40,46
1,<environment.Job instance at 0x7f1687444640>,21,3,[ 2 10],22,75,78,53,58
1,<environment.Job instance at 0x7f16874448c0>,23,18,[5 2],24,78,96,54,67
1,<environment.Job instance at 0x7f1687444cd0>,28,2,[5 9],29,96,98,67,69
1,<environment.Job instance at 0x7f1687444f00>,29,13,[1 6],30,78,91,48,69
1,<environment.Job instance at 0x7f1687444fa0>,30,1,[5 5],31,91,92,60,69
1,<environment.Job instance at 0x7f1687444e10>,31,17,[4 9],32,98,115,66,86
1,<environment.Job instance at 0x7f1687448320>,37,14,[5 5],38,115,129,77,101
1,<environment.Job instance at 0x7f1687448460>,39,18,[5 8],40,129,147,89,118
1,<environment.Job instance at 0x7f1687448820>,45,16,[6 2],46,149,165,103,149
1,<environment.Job instance at 0x7f1687448c80>,48,13,[6 1],49,165,178,116,157
1,<environment.Job instance at 0x7f168c9bfd20>,1,2,[9 2],2,2,4,0,2
1,<environment.Job instance at 0x7f168c9bfbe0>,3,15,[1 5],4,4,19,0,4
1,<environment.Job instance at 0x7f168c9c4eb0>,6,3,[ 2 10],7,19,22,12,7
1,<environment.Job instance at 0x7f168c9c4aa0>,5,13,[3 5],6,22,35,16,20
1,<environment.Job instance at 0x7f168c9c2550>,13,3,[10  4],14,35,38,21,20
1,<environment.Job instance at 0x7f168c9c2a00>,14,1,[6 2],15,22,23,7,20
1,<environment.Job instance at 0x7f168c9c42d0>,9,13,[7 2],10,38,51,28,24
1,<environment.Job instance at 0x7f168c87ac80>,22,3,[10  1],23,51,54,28,32
1,<environment.Job instance at 0x7f168c87a7d0>,23,3,[9 2],24,54,57,30,32
1,<environment.Job instance at 0x7f168c87a370>,24,12,[3 5],25,57,69,32,40
1,<environment.Job instance at 0x7f168c87ae60>,28,12,[3 5],29,57,69,28,45
1,<environment.Job instance at 0x7f168c9c5a50>,32,2,[2 5],33,69,71,36,56
1,<environment.Job instance at 0x7f168c9c5410>,33,12,[4 9],34,71,83,37,56
1,<environment.Job instance at 0x7f168c87bc30>,44,17,[5 4],45,106,123,61,106
1,<environment.Job instance at 0x7f168c87b280>,46,12,[2 6],47,106,118,59,106
1,<environment.Job instance at 0x7f168c9c55a0>,31,16,[5 8],32,129,145,97,129
1,<environment.Job instance at 0x7f168c9bc9b0>,56,15,[9 2],57,145,160,88,131
1,<environment.Job instance at 0x7f168c87b050>,43,17,[5 6],44,160,177,116,158
1,<environment.Job instance at 0x7f1641730f50>,9,14,[8 1],10,10,24,0,10
1,<environment.Job instance at 0x7f1641730500>,8,16,[7 1],9,24,40,15,11
1,<environment.Job instance at 0x7f1641730140>,12,3,[8 5],13,40,43,27,15
1,<environment.Job instance at 0x7f164177e370>,14,15,[10  5],15,43,58,28,29
1,<environment.Job instance at 0x7f164177ebe0>,21,16,[5 4],22,58,74,36,45
1,<environment.Job instance at 0x7f164181a8c0>,25,15,[6 2],26,74,89,48,61
1,<environment.Job instance at 0x7f164181a500>,28,12,[3 9],29,89,101,60,76
1,<environment.Job instance at 0x7f164181ae10>,30,13,[2 6],31,76,89,45,76
1,<environment.Job instance at 0x7f164181a460>,32,16,[6 2],33,101,117,68,90
1,<environment.Job instance at 0x7f164181a2d0>,35,14,[3 8],36,101,115,65,96
1,<environment.Job instance at 0x7f164181a5f0>,37,17,[3 8],38,115,132,77,105
1,<environment.Job instance at 0x7f164173bf00>,43,15,[4 8],44,132,147,88,118
1,<environment.Job instance at 0x7f164173b190>,44,13,[1 9],45,147,160,102,131
1,<environment.Job instance at 0x7f164173b320>,51,14,[5 3],52,160,174,108,150
1,<environment.Job instance at 0x7f1641738050>,57,13,[ 4 10],58,174,187,116,166
1,<environment.Job instance at 0x7f16417382d0>,58,14,[4 7],59,187,201,128,173
1,<environment.Job instance at 0x7f16417e0d70>,1,1,[5 1],2,2,3,0,2
1,<environment.Job instance at 0x7f16417e0820>,0,12,[2 5],1,3,15,2,3
1,<environment.Job instance at 0x7f16417382d0>,4,12,[5 7],5,15,27,10,10
1,<environment.Job instance at 0x7f164186d730>,8,14,[8 5],9,27,41,18,17
1,<environment.Job instance at 0x7f164186d8c0>,18,2,[ 3 10],19,41,43,22,19
1,<environment.Job instance at 0x7f1641bbd5a0>,19,1,[10  3],20,43,44,23,20
1,<environment.Job instance at 0x7f1641bfdc30>,9,17,[9 2],10,44,61,34,34
1,<environment.Job instance at 0x7f164186df00>,15,16,[ 3 10],16,61,77,45,48
1,<environment.Job instance at 0x7f1641d6d370>,32,17,[10  4],33,77,94,44,70
1,<environment.Job instance at 0x7f1641d6db90>,34,13,[5 9],35,94,107,59,79
1,<environment.Job instance at 0x7f1641b911e0>,43,15,[5 6],44,107,122,63,103
1,<environment.Job instance at 0x7f1641bfd320>,5,17,[10  5],6,131,148,125,131
1,<environment.Job instance at 0x7f1641bbd2d0>,22,14,[9 2],23,148,162,125,139
1,<environment.Job instance at 0x7f1641af8b90>,50,15,[7 4],51,162,177,111,149
1,<environment.Job instance at 0x7f1641af8690>,54,14,[8 5],55,177,191,122,162
1,<environment.Job instance at 0x7f1641af8640>,52,16,[8 5],53,191,207,138,178
1,<environment.Job instance at 0x7f1641bcbe10>,4,15,[9 5],5,7,22,2,7
1,<environment.Job instance at 0x7f1641b2c3c0>,6,17,[2 6],7,22,39,15,10
1,<environment.Job instance at 0x7f1641b2c5f0>,8,12,[9 2],9,39,51,30,24
1,<environment.Job instance at 0x7f1641b2a730>,19,12,[1 8],20,39,51,19,33
1,<environment.Job instance at 0x7f16416f0050>,1,16,[7 4],2,51,67,49,47
1,<environment.Job instance at 0x7f1641b2ad20>,27,14,[3 5],28,58,72,30,58
1,<environment.Job instance at 0x7f1641b340f0>,30,1,[9 5],31,72,73,41,58
1,<environment.Job instance at 0x7f1641b2aaa0>,24,18,[10  2],25,73,91,48,62
1,<environment.Job instance at 0x7f1641b34690>,36,14,[5 4],37,91,105,54,76
1,<environment.Job instance at 0x7f1641b34960>,39,13,[5 7],40,105,118,65,89
1,<environment.Job instance at 0x7f1641b43410>,49,14,[5 7],50,133,147,83,133
1,<environment.Job instance at 0x7f1641b434b0>,50,13,[7 4],51,147,160,96,133
1,<environment.Job instance at 0x7f1641b43870>,56,16,[5 7],57,160,176,103,147
1,<environment.Job instance at 0x7f1641cd67d0>,1,2,[3 8],2,2,4,0,2
1,<environment.Job instance at 0x7f1641cd6190>,3,13,[8 3],4,4,17,0,4
1,<environment.Job instance at 0x7f1641cd6c80>,4,1,[3 8],5,17,18,12,5
1,<environment.Job instance at 0x7f1641cd60a0>,5,18,[9 5],6,18,36,12,7
1,<environment.Job instance at 0x7f1641cf70a0>,14,16,[8 3],15,36,52,21,26
1,<environment.Job instance at 0x7f1641cd6f00>,7,17,[7 5],8,52,69,44,40
1,<environment.Job instance at 0x7f16878254b0>,26,15,[6 2],27,69,84,42,57
1,<environment.Job instance at 0x7f1641cf7cd0>,19,17,[4 8],20,69,86,49,64
1,<environment.Job instance at 0x7f1687825af0>,30,13,[ 4 10],31,86,99,55,71
1,<environment.Job instance at 0x7f1687264a00>,33,13,[2 5],34,99,112,65,88
1,<environment.Job instance at 0x7f1641cf75f0>,11,15,[10  3],12,112,127,100,99
1,<environment.Job instance at 0x7f1687264af0>,38,14,[10  4],39,132,146,93,132
1,<environment.Job instance at 0x7f1687542a00>,44,12,[3 5],45,146,158,101,132
1,<environment.Job instance at 0x7f16879989b0>,51,14,[3 6],52,158,172,106,145
1,<environment.Job instance at 0x7f1687998820>,54,12,[2 9],55,172,184,117,161
1,<environment.Job instance at 0x7f1687998460>,56,15,[10  5],57,184,199,127,170
1,<environment.Job instance at 0x7f1687513730>,58,16,[3 6],59,199,215,140,190
1,<environment.Job instance at 0x7f1687b25b90>,0,1,[5 1],1,1,2,0,1
1,<environment.Job instance at 0x7f1687a19320>,2,2,[1 5],3,5,7,2,5
1,<environment.Job instance at 0x7f1687a19780>,5,12,[2 5],6,6,18,0,6
1,<environment.Job instance at 0x7f1641aa5f50>,6,3,[2 7],7,18,21,11,7
1,<environment.Job instance at 0x7f1687a19e10>,7,13,[ 1 10],8,21,34,13,8
1,<environment.Job instance at 0x7f1687a19640>,8,3,[4 7],9,34,37,25,9
1,<environment.Job instance at 0x7f168770f1e0>,19,3,[9 2],20,45,48,25,45
1,<environment.Job instance at 0x7f1641b6b500>,18,14,[3 6],19,48,62,29,45
1,<environment.Job instance at 0x7f16875b3820>,11,18,[3 8],12,70,88,58,70
1,<environment.Job instance at 0x7f16878e3960>,30,12,[1 5],31,88,100,57,72
1,<environment.Job instance at 0x7f16875925a0>,32,17,[9 1],33,88,105,55,86
1,<environment.Job instance at 0x7f16878e3230>,27,13,[4 9],28,105,118,77,90
1,<environment.Job instance at 0x7f1687ec3550>,41,3,[3 7],42,118,121,76,101
1,<environment.Job instance at 0x7f1687ec3a50>,42,17,[4 6],43,121,138,78,112
1,<environment.Job instance at 0x7f1687998550>,46,13,[8 3],47,138,151,91,122
1,<environment.Job instance at 0x7f1687998910>,48,14,[2 7],49,138,152,89,128
1,<environment.Job instance at 0x7f1687998780>,51,18,[5 7],52,152,170,100,141
1,<environment.Job instance at 0x7f1687a9d370>,57,14,[10  3],58,170,184,112,166
1,<environment.Job instance at 0x7f1687c32d20>,25,18,[ 3 10],26,528,546,502,528
1,<environment.Job instance at 0x7f168740f8c0>,12,12,[8 5],13,15,27,2,15
1,<environment.Job instance at 0x7f168740f1e0>,5,16,[10  5],6,27,43,21,15
1,<environment.Job instance at 0x7f168740f370>,7,14,[9 1],8,43,57,35,31
1,<environment.Job instance at 0x7f168740fe60>,20,3,[9 1],21,57,60,36,31
1,<environment.Job instance at 0x7f16873e63c0>,23,17,[1 8],24,43,60,19,43
1,<environment.Job instance at 0x7f168740f6e0>,10,17,[9 4],11,60,77,49,49
1,<environment.Job instance at 0x7f16873e6730>,27,3,[10  3],28,77,80,49,51
1,<environment.Job instance at 0x7f16873e6c30>,31,3,[9 3],32,80,83,48,70
1,<environment.Job instance at 0x7f16873e68c0>,33,13,[9 5],34,83,96,49,72
1,<environment.Job instance at 0x7f16873e6b90>,32,17,[10  3],33,96,113,63,86
1,<environment.Job instance at 0x7f16873e83c0>,43,14,[3 6],44,113,127,69,109
1,<environment.Job instance at 0x7f16873e86e0>,47,13,[6 5],48,127,140,79,117
1,<environment.Job instance at 0x7f16873e8960>,49,14,[2 6],50,140,154,90,129
1,<environment.Job instance at 0x7f16873e8be0>,52,12,[4 9],53,154,166,101,140
1,<environment.Job instance at 0x7f16873e8d70>,54,17,[7 4],55,166,183,111,157
1,<environment.Job instance at 0x7f16873e8f00>,58,12,[5 6],59,183,195,124,166
1,<environment.Job instance at 0x7f1687c375f0>,0,1,[10  3],1,2,3,1,2
1,<environment.Job instance at 0x7f16873e8f00>,2,3,[1 7],3,4,7,1,4
1,<environment.Job instance at 0x7f16873eb050>,3,3,[9 4],4,7,10,3,5
1,<environment.Job instance at 0x7f1687209320>,5,19,[7 5],6,10,29,4,6
1,<environment.Job instance at 0x7f164171b8c0>,15,2,[7 5],16,29,31,13,16
1,<environment.Job instance at 0x7f164171b5a0>,16,18,[8 2],17,31,49,14,20
1,<environment.Job instance at 0x7f168816ecd0>,23,15,[6 5],24,49,64,25,47
1,<environment.Job instance at 0x7f1687719140>,24,1,[2 5],25,47,48,22,47
1,<environment.Job instance at 0x7f1687efe500>,25,2,[9 3],26,64,66,38,47
1,<environment.Job instance at 0x7f1687c3f0a0>,28,14,[3 8],29,66,80,37,51
1,<environment.Job instance at 0x7f1687585e10>,13,14,[8 2],14,80,94,66,68
1,<environment.Job instance at 0x7f168c9cb5f0>,34,13,[1 9],35,94,107,59,80
1,<environment.Job instance at 0x7f1687286460>,41,15,[3 5],42,107,122,65,98
1,<environment.Job instance at 0x7f1641a0c410>,39,17,[ 5 10],40,122,139,82,110
1,<environment.Job instance at 0x7f16874783c0>,46,14,[ 5 10],47,139,153,92,125
1,<environment.Job instance at 0x7f1641b70e60>,50,1,[6 5],51,153,154,102,141
1,<environment.Job instance at 0x7f1641b70190>,51,14,[5 4],52,154,168,102,141
1,<environment.Job instance at 0x7f1641a0c8c0>,40,18,[4 6],41,164,182,123,164
1,<environment.Job instance at 0x7f1687b8c9b0>,10,14,[ 4 10],11,182,196,171,171
1,<environment.Job instance at 0x7f16873eb320>,1,12,[5 9],2,3,15,1,3
1,<environment.Job instance at 0x7f16419bf1e0>,3,18,[6 1],4,15,33,11,4
1,<environment.Job instance at 0x7f1641b53d70>,9,1,[5 7],10,33,34,23,10
1,<environment.Job instance at 0x7f1641d29cd0>,0,14,[8 4],1,34,48,33,32
1,<environment.Job instance at 0x7f1687ba87d0>,6,14,[10  4],7,48,62,41,33
1,<environment.Job instance at 0x7f16875ec3c0>,24,14,[7 5],25,62,76,37,52
1,<environment.Job instance at 0x7f1688112be0>,29,14,[9 5],30,76,90,46,61
1,<environment.Job instance at 0x7f1641910460>,35,17,[ 5 10],36,90,107,54,90
1,<environment.Job instance at 0x7f1641910140>,40,12,[7 2],41,125,137,84,125
1,<environment.Job instance at 0x7f16419fab90>,41,13,[1 9],42,137,150,95,125
1,<environment.Job instance at 0x7f16419fa820>,42,3,[1 9],43,150,153,107,125
1,<environment.Job instance at 0x7f168722fc80>,47,17,[3 8],48,153,170,105,141
1,<environment.Job instance at 0x7f1687f8e370>,1,3,[5 9],2,2,5,0,2
1,<environment.Job instance at 0x7f168722f730>,2,2,[7 4],3,5,7,2,3
1,<environment.Job instance at 0x7f1641b94230>,3,3,[5 5],4,7,10,3,4
1,<environment.Job instance at 0x7f16416c08c0>,4,2,[9 2],5,10,12,5,5
1,<environment.Job instance at 0x7f1641b94be0>,6,18,[9 4],7,12,30,5,9
1,<environment.Job instance at 0x7f1641697140>,15,13,[8 5],16,30,43,14,17
1,<environment.Job instance at 0x7f16416971e0>,16,13,[3 9],17,43,56,26,32
1,<environment.Job instance at 0x7f1641697870>,23,14,[4 8],24,56,70,32,43
1,<environment.Job instance at 0x7f16416975f0>,26,15,[9 1],27,70,85,43,56
1,<environment.Job instance at 0x7f1641697af0>,28,13,[6 1],29,57,70,28,57
1,<environment.Job instance at 0x7f1641697c30>,29,13,[1 8],30,70,83,40,57
1,<environment.Job instance at 0x7f1641697cd0>,32,13,[ 5 10],33,85,98,52,69
1,<environment.Job instance at 0x7f164169c4b0>,34,3,[7 4],35,98,101,63,82
1,<environment.Job instance at 0x7f164169c640>,35,3,[9 4],36,101,104,65,84
1,<environment.Job instance at 0x7f164169c410>,38,17,[7 2],39,104,121,65,96
1,<environment.Job instance at 0x7f164169c960>,40,15,[5 6],41,121,136,80,107
1,<environment.Job instance at 0x7f164169caf0>,45,12,[10  3],46,136,148,90,120
1,<environment.Job instance at 0x7f164169ccd0>,46,14,[5 4],47,121,135,74,120
1,<environment.Job instance at 0x7f164169ce10>,50,17,[2 6],51,148,165,97,137
1,<environment.Job instance at 0x7f16416a2870>,57,3,[10  4],58,165,168,107,141
1,<environment.Job instance at 0x7f164169c8c0>,39,16,[10  2],40,168,184,128,157
1,<environment.Job instance at 0x7f16878ddeb0>,6,14,[1 7],7,13,27,6,13
1,<environment.Job instance at 0x7f1687e4e6e0>,13,16,[8 5],14,27,43,13,19
1,<environment.Job instance at 0x7f1641892320>,2,15,[10  1],3,43,58,40,29
1,<environment.Job instance at 0x7f1687e4e8c0>,17,13,[ 4 10],18,58,71,40,45
1,<environment.Job instance at 0x7f1641900500>,21,12,[5 6],22,71,83,49,54
1,<environment.Job instance at 0x7f16419005a0>,26,12,[1 5],27,83,95,56,66
1,<environment.Job instance at 0x7f16877ab2d0>,28,14,[9 1],29,83,97,54,69
1,<environment.Job instance at 0x7f16877aba00>,29,17,[1 9],30,95,112,65,84
1,<environment.Job instance at 0x7f1687e4ea50>,18,17,[3 9],19,112,129,93,101
1,<environment.Job instance at 0x7f16876d8cd0>,43,16,[5 3],44,129,145,85,116
1,<environment.Job instance at 0x7f16876d82d0>,39,18,[ 5 10],40,145,163,105,139
1,<environment.Job instance at 0x7f1641b75780>,52,17,[9 4],53,163,180,110,151
1,<environment.Job instance at 0x7f16416fd2d0>,55,16,[9 4],56,180,196,124,167
1,<environment.Job instance at 0x7f1687e4ec30>,16,15,[10  4],17,295,310,278,295
1,<environment.Job instance at 0x7f1687ee53c0>,1,2,[8 4],2,3,5,1,3
1,<environment.Job instance at 0x7f1687ee54b0>,2,2,[8 4],3,5,7,2,3
1,<environment.Job instance at 0x7f16879798c0>,13,15,[5 5],14,14,29,0,14
1,<environment.Job instance at 0x7f16879791e0>,10,12,[1 7],11,29,41,18,17
1,<environment.Job instance at 0x7f168c73ed20>,16,13,[4 7],17,41,54,24,35
1,<environment.Job instance at 0x7f1687860aa0>,25,2,[4 7],26,54,56,28,47
1,<environment.Job instance at 0x7f1687860500>,26,18,[6 3],27,48,66,21,48
1,<environment.Job instance at 0x7f16878601e0>,30,15,[10  4],31,66,81,35,58
1,<environment.Job instance at 0x7f1687860230>,32,15,[4 8],33,81,96,48,67
1,<environment.Job instance at 0x7f16419bfd20>,36,12,[2 7],37,96,108,59,82
1,<environment.Job instance at 0x7f1687979550>,12,17,[ 2 10],13,108,125,95,96
1,<environment.Job instance at 0x7f16873e98c0>,42,16,[3 8],43,125,141,82,112
1,<environment.Job instance at 0x7f16419bfaa0>,38,18,[4 6],39,141,159,102,130
1,<environment.Job instance at 0x7f16873e90a0>,49,16,[7 2],50,159,175,109,149
1,<environment.Job instance at 0x7f16873e97d0>,53,13,[5 5],54,175,188,121,166
1,<environment.Job instance at 0x7f1687b1e5a0>,55,14,[4 6],56,188,202,132,173
1,<environment.Job instance at 0x7f16873e9f50>,50,16,[ 3 10],51,202,218,151,199
1,<environment.Job instance at 0x7f16414620f0>,4,13,[5 3],5,5,18,0,5
1,<environment.Job instance at 0x7f16878f1410>,5,12,[8 5],6,18,30,12,6
1,<environment.Job instance at 0x7f16878f1690>,13,12,[7 4],14,30,42,16,15
1,<environment.Job instance at 0x7f16871eaf00>,12,17,[6 4],13,42,59,29,30
1,<environment.Job instance at 0x7f16878ba8c0>,24,16,[5 5],25,59,75,34,46
1,<environment.Job instance at 0x7f16878d4eb0>,28,18,[1 5],29,51,69,22,51
1,<environment.Job instance at 0x7f16878f1820>,8,17,[3 7],9,75,92,66,63
1,<environment.Job instance at 0x7f168784f4b0>,33,12,[2 6],34,92,104,58,75
1,<environment.Job instance at 0x7f1687867190>,36,13,[5 5],37,104,117,67,91
1,<environment.Job instance at 0x7f16878be820>,18,12,[ 4 10],19,117,129,98,115
1,<environment.Job instance at 0x7f168792e780>,45,18,[5 5],46,129,147,83,119
1,<environment.Job instance at 0x7f1687867d20>,34,16,[2 7],35,147,163,112,144
1,<environment.Job instance at 0x7f16873bd550>,55,12,[7 1],56,148,160,92,148
1,<environment.Job instance at 0x7f16873bd320>,56,18,[8 3],57,160,178,103,150
1,<environment.Job instance at 0x7f1641884e60>,22,16,[ 3 10],23,220,236,197,220
1,<environment.Job instance at 0x7f1641dfc230>,53,18,[7 1],54,236,254,182,236
1,<environment.Job instance at 0x7f168738cb90>,6,13,[9 3],7,10,23,3,10
1,<environment.Job instance at 0x7f16417d0500>,9,15,[5 7],10,23,38,13,10
1,<environment.Job instance at 0x7f1687c42410>,3,14,[3 6],4,38,52,34,28
1,<environment.Job instance at 0x7f1687681b40>,16,18,[7 4],17,38,56,21,32
1,<environment.Job instance at 0x7f1687f385a0>,18,14,[1 7],19,56,70,37,46
1,<environment.Job instance at 0x7f1687681730>,15,14,[ 1 10],16,70,84,54,55
1,<environment.Job instance at 0x7f16419e2820>,24,14,[5 3],25,84,98,59,69
1,<environment.Job instance at 0x7f16879c81e0>,1,18,[10  5],2,2,20,0,2
1,<environment.Job instance at 0x7f1641438c30>,8,3,[6 1],9,20,23,11,20
1,<environment.Job instance at 0x7f16414386e0>,17,20,[5 7],18,27,47,9,27
1,<environment.Job instance at 0x7f16417f5fa0>,20,15,[2 8],21,47,62,26,35
1,<environment.Job instance at 0x7f16417f5370>,22,12,[6 1],23,47,59,24,35
1,<environment.Job instance at 0x7f16417f5e10>,27,16,[1 7],28,62,78,34,49
1,<environment.Job instance at 0x7f1641438460>,5,18,[9 2],6,62,80,56,54
1,<environment.Job instance at 0x7f16417f5a50>,34,13,[8 2],35,80,93,45,65
1,<environment.Job instance at 0x7f1641441780>,38,13,[2 5],39,80,93,41,66
1,<environment.Job instance at 0x7f16417f5960>,30,15,[4 7],31,93,108,62,80
1,<environment.Job instance at 0x7f16414414b0>,44,17,[8 1],45,108,125,63,99
1,<environment.Job instance at 0x7f16414192d0>,50,3,[5 3],51,125,128,74,110
1,<environment.Job instance at 0x7f1641419050>,49,18,[2 7],50,116,134,66,116
1,<environment.Job instance at 0x7f1641419d20>,54,15,[4 8],55,134,149,79,121
1,<environment.Job instance at 0x7f1641419820>,57,15,[7 4],58,149,164,91,135
1,<environment.Job instance at 0x7f1641419a00>,51,18,[3 8],52,726,744,674,726
1,<environment.Job instance at 0x7f16414c5460>,2,3,[1 8],3,3,6,0,3
1,<environment.Job instance at 0x7f1641419690>,3,12,[3 8],4,6,18,2,4
1,<environment.Job instance at 0x7f168792fa00>,4,3,[1 5],5,18,21,13,5
1,<environment.Job instance at 0x7f168792f280>,5,15,[3 5],6,18,33,12,6
1,<environment.Job instance at 0x7f16878fc4b0>,14,13,[4 8],15,33,46,18,24
1,<environment.Job instance at 0x7f1687906be0>,21,14,[9 4],22,46,60,24,39
1,<environment.Job instance at 0x7f1687906780>,24,3,[4 5],25,60,63,35,43
1,<environment.Job instance at 0x7f16878fcf00>,16,12,[9 5],17,63,75,46,48
1,<environment.Job instance at 0x7f1687923410>,28,13,[1 5],29,62,75,33,62
1,<environment.Job instance at 0x7f16879237d0>,29,18,[ 2 10],30,75,93,45,74
1,<environment.Job instance at 0x7f1687923460>,35,3,[5 6],36,93,96,57,74
1,<environment.Job instance at 0x7f1687924820>,37,15,[5 8],38,96,111,58,83
1,<environment.Job instance at 0x7f16872bfb40>,38,18,[5 8],39,111,129,72,101
1,<environment.Job instance at 0x7f168733eaa0>,43,14,[ 5 10],44,129,143,85,116
1,<environment.Job instance at 0x7f16872a7730>,50,13,[5 6],51,143,156,92,135
1,<environment.Job instance at 0x7f16872d39b0>,54,13,[ 5 10],55,156,169,101,144
1,<environment.Job instance at 0x7f16872e0870>,58,18,[5 5],59,169,187,110,163
1,<environment.Job instance at 0x7f16872dc370>,46,17,[3 5],47,171,188,124,171
1,<environment.Job instance at 0x7f1641421aa0>,1,15,[5 4],2,2,17,0,2
1,<environment.Job instance at 0x7f1687efe410>,2,2,[1 7],3,17,19,14,3
1,<environment.Job instance at 0x7f16872dc370>,4,17,[2 5],5,19,36,14,7
1,<environment.Job instance at 0x7f1687b2ba50>,6,15,[3 5],7,24,39,17,24
1,<environment.Job instance at 0x7f16416a5f00>,13,12,[10  1],14,39,51,25,25
1,<environment.Job instance at 0x7f16416a5230>,12,16,[9 4],13,51,67,38,39
1,<environment.Job instance at 0x7f1687aa23c0>,0,16,[7 5],1,67,83,66,54
1,<environment.Job instance at 0x7f1641860c30>,28,18,[5 3],29,83,101,54,73
1,<environment.Job instance at 0x7f1641860550>,29,12,[4 6],30,83,95,53,73
1,<environment.Job instance at 0x7f164143bd70>,32,15,[8 4],33,101,116,68,89
1,<environment.Job instance at 0x7f16415e2cd0>,3,17,[5 9],4,116,133,112,106
1,<environment.Job instance at 0x7f16415ee690>,39,13,[6 4],40,133,146,93,119
1,<environment.Job instance at 0x7f16415ee230>,42,2,[3 6],43,133,135,90,121
1,<environment.Job instance at 0x7f164143b280>,36,17,[2 5],37,135,152,98,123
1,<environment.Job instance at 0x7f1641afb690>,24,18,[5 5],25,151,169,126,151
1,<environment.Job instance at 0x7f16874fc5f0>,47,17,[1 9],48,169,186,121,158
1,<environment.Job instance at 0x7f16878ed780>,49,18,[7 5],50,186,204,136,176
1,<environment.Job instance at 0x7f164192e410>,54,17,[7 2],55,204,221,149,192
1,<environment.Job instance at 0x7f16417f5be0>,1,1,[4 5],2,2,3,0,2
1,<environment.Job instance at 0x7f1641c12a50>,2,3,[8 1],3,3,6,0,3
1,<environment.Job instance at 0x7f1641c129b0>,4,16,[7 4],5,6,22,1,6
1,<environment.Job instance at 0x7f168c60a500>,11,18,[4 7],12,22,40,10,13
1,<environment.Job instance at 0x7f168c60a460>,12,14,[4 6],13,40,54,27,27
1,<environment.Job instance at 0x7f1687dc1910>,20,15,[5 5],21,54,69,33,41
1,<environment.Job instance at 0x7f1687dc1af0>,24,15,[10  2],25,69,84,44,55
1,<environment.Job instance at 0x7f1641c12b90>,8,17,[9 5],9,84,101,75,79
1,<environment.Job instance at 0x7f1687b02410>,38,2,[6 3],39,101,103,62,86
1,<environment.Job instance at 0x7f1687b02fa0>,39,2,[1 9],40,103,105,63,87
1,<environment.Job instance at 0x7f1687b029b0>,34,12,[9 1],35,103,115,68,94
1,<environment.Job instance at 0x7f1687e84960>,42,1,[5 9],43,115,116,72,96
1,<environment.Job instance at 0x7f1687e84500>,43,1,[2 6],44,101,102,57,96
1,<environment.Job instance at 0x7f1687e843c0>,44,13,[2 7],45,116,129,71,100
1,<environment.Job instance at 0x7f1687b02230>,41,16,[3 9],42,129,145,87,117
1,<environment.Job instance at 0x7f1687dc15a0>,19,15,[3 9],20,145,160,125,133
1,<environment.Job instance at 0x7f16874367d0>,56,12,[8 4],57,160,172,103,144
1,<environment.Job instance at 0x7f1687436960>,58,2,[4 6],59,172,174,113,159
1,<environment.Job instance at 0x7f1687436d70>,55,16,[7 3],56,174,190,118,162
1,<environment.Job instance at 0x7f1687e84c30>,45,17,[10  3],46,232,249,186,232
1,<environment.Job instance at 0x7f16416d22d0>,2,14,[9 2],3,3,17,0,3
1,<environment.Job instance at 0x7f1687e7a4b0>,3,16,[2 6],4,17,33,13,5
1,<environment.Job instance at 0x7f1687e7afa0>,5,17,[5 3],6,17,34,11,7
1,<environment.Job instance at 0x7f1687851a50>,6,12,[2 7],7,33,45,26,22
1,<environment.Job instance at 0x7f1687a13cd0>,17,12,[1 6],18,45,57,27,43
1,<environment.Job instance at 0x7f1687e7aaa0>,1,15,[8 4],2,46,61,44,46
1,<environment.Job instance at 0x7f1641412aa0>,19,17,[5 7],20,64,81,44,64
1,<environment.Job instance at 0x7f1687a1f780>,25,2,[3 9],26,81,83,55,70
1,<environment.Job instance at 0x7f1687a1f960>,27,1,[8 1],28,83,84,55,74
1,<environment.Job instance at 0x7f16876310f0>,29,15,[3 9],30,84,99,54,75
1,<environment.Job instance at 0x7f16416f87d0>,23,14,[ 2 10],24,99,113,75,84
1,<environment.Job instance at 0x7f1687631910>,36,13,[5 7],37,113,126,76,97
1,<environment.Job instance at 0x7f16875d88c0>,41,12,[4 7],42,126,138,84,113
1,<environment.Job instance at 0x7f1687631be0>,32,14,[ 2 10],33,138,152,105,124
1,<environment.Job instance at 0x7f16875f16e0>,47,12,[1 6],48,152,164,104,135
1,<environment.Job instance at 0x7f1687a19550>,50,12,[4 8],51,164,176,113,147
1,<environment.Job instance at 0x7f16875d8460>,40,18,[9 2],41,176,194,135,170
1,<environment.Job instance at 0x7f3979c01e10>,3,18,[ 3 10],4,7,25,3,7
1,<environment.Job instance at 0x7f3979c01820>,4,18,[10  4],5,25,43,20,14
1,<environment.Job instance at 0x7f397276a6e0>,8,17,[ 2 10],9,43,60,34,37
1,<environment.Job instance at 0x7f397276ac80>,18,16,[8 5],19,60,76,41,49
1,<environment.Job instance at 0x7f397276d460>,27,2,[6 4],28,76,78,48,64
1,<environment.Job instance at 0x7f397276a460>,9,17,[ 4 10],10,78,95,68,66
1,<environment.Job instance at 0x7f397276d6e0>,31,17,[4 9],32,95,112,63,86
1,<environment.Job instance at 0x7f397276d730>,33,2,[5 3],34,112,114,78,86
1,<environment.Job instance at 0x7f397276d960>,36,2,[5 1],37,95,97,58,90
1,<environment.Job instance at 0x7f397276db90>,37,14,[5 5],38,112,126,74,98
1,<environment.Job instance at 0x7f397276dbe0>,39,18,[5 8],40,126,144,86,121
1,<environment.Job instance at 0x7f397276f2d0>,45,16,[6 2],46,152,168,106,152
1,<environment.Job instance at 0x7f3979ba0eb0>,1,1,[8 2],2,3,4,1,3
1,<environment.Job instance at 0x7f3979ba33c0>,4,1,[6 2],5,5,6,0,5
1,<environment.Job instance at 0x7f3979ba30a0>,5,3,[6 4],6,6,9,0,6
1,<environment.Job instance at 0x7f3979ba3780>,6,13,[1 5],7,7,20,0,7
1,<environment.Job instance at 0x7f3979cdfd70>,7,15,[4 7],8,20,35,12,9
1,<environment.Job instance at 0x7f3939756d20>,19,13,[7 2],20,35,48,15,23
1,<environment.Job instance at 0x7f3979cecd20>,21,16,[5 8],22,48,64,26,43
1,<environment.Job instance at 0x7f3979ce8eb0>,30,18,[7 5],31,68,86,37,68
1,<environment.Job instance at 0x7f3979cf2910>,36,12,[2 6],37,86,98,49,69
1,<environment.Job instance at 0x7f3979ce8f50>,34,17,[5 4],35,91,108,56,91
1,<environment.Job instance at 0x7f3979ce4b90>,46,15,[9 2],47,108,123,61,94
1,<environment.Job instance at 0x7f3979ce46e0>,48,3,[2 7],49,123,126,74,109
1,<environment.Job instance at 0x7f3979ce44b0>,49,16,[1 8],50,126,142,76,115
1,<environment.Job instance at 0x7f3979cde690>,54,15,[9 1],55,129,144,74,129
1,<environment.Job instance at 0x7f3979bffb40>,58,16,[7 1],59,144,160,85,132
1,<environment.Job instance at 0x7f3979bff280>,60,16,[9 3],61,160,176,99,147
1,<environment.Job instance at 0x7f392ec557d0>,1,16,[5 4],2,3,19,1,3
1,<environment.Job instance at 0x7f392ea8f640>,5,15,[6 2],6,19,34,13,6
1,<environment.Job instance at 0x7f392ea8f370>,9,3,[5 5],10,10,13,0,10
1,<environment.Job instance at 0x7f392ea8f500>,10,13,[2 6],11,13,26,2,13
1,<environment.Job instance at 0x7f392ea58910>,14,2,[8 5],15,34,36,19,15
1,<environment.Job instance at 0x7f392ea585f0>,12,16,[6 2],13,36,52,23,23
1,<environment.Job instance at 0x7f392ea584b0>,17,17,[3 8],18,36,53,18,25
1,<environment.Job instance at 0x7f392ea5e550>,24,13,[1 9],25,53,66,28,50
1,<environment.Job instance at 0x7f3979cf19b0>,3,16,[6 4],4,66,82,62,53
1,<environment.Job instance at 0x7f392ea5e690>,28,18,[4 6],29,66,84,37,55
1,<environment.Job instance at 0x7f392ea5ebe0>,29,16,[3 5],30,84,100,54,71
1,<environment.Job instance at 0x7f392ea63cd0>,37,13,[ 4 10],38,100,113,62,99
1,<environment.Job instance at 0x7f392ea63e10>,47,2,[9 3],48,113,115,65,99
1,<environment.Job instance at 0x7f392ea63550>,48,14,[8 5],49,115,129,66,102
1,<environment.Job instance at 0x7f392ea5cdc0>,52,14,[8 4],53,129,143,76,118
1,<environment.Job instance at 0x7f392ea583c0>,11,16,[1 9],12,143,159,131,131
1,<environment.Job instance at 0x7f392ea451e0>,64,17,[10  2],65,159,176,94,156
1,<environment.Job instance at 0x7f392ea45af0>,66,13,[5 1],67,176,189,109,160
1,<environment.Job instance at 0x7f392ea8fd20>,0,17,[3 8],1,176,193,175,166
1,<environment.Job instance at 0x7f392ea54b40>,54,17,[10  5],55,193,210,138,190
1,<environment.Job instance at 0x7f392ea63eb0>,45,17,[10  5],46,749,766,703,749
1,<environment.Job instance at 0x7f392ea54690>,55,16,[ 3 10],56,792,808,736,792
1,<environment.Job instance at 0x7f392ea54230>,5,17,[8 1],6,7,24,1,7
1,<environment.Job instance at 0x7f392eb628c0>,2,17,[10  4],3,24,41,21,13
1,<environment.Job instance at 0x7f392ea17500>,16,15,[ 5 10],17,41,56,24,37
1,<environment.Job instance at 0x7f392eeb44b0>,19,12,[5 4],20,56,68,36,42
1,<environment.Job instance at 0x7f392eeb4190>,21,13,[3 6],22,56,69,34,45
1,<environment.Job instance at 0x7f392eeb4410>,23,12,[3 8],24,69,81,45,58
1,<environment.Job instance at 0x7f392eeb4870>,24,14,[8 5],25,81,95,56,66
1,<environment.Job instance at 0x7f3979154f00>,29,16,[9 4],30,95,111,65,86
1,<environment.Job instance at 0x7f392ee26730>,33,18,[1 6],34,95,113,61,95
1,<environment.Job instance at 0x7f392ee26190>,37,16,[2 8],38,113,129,75,100
1,<environment.Job instance at 0x7f392ee0ccd0>,43,14,[3 5],44,129,143,85,118
1,<environment.Job instance at 0x7f397276deb0>,44,17,[1 9],45,143,160,98,135
1,<environment.Job instance at 0x7f392eaecb40>,49,12,[1 8],50,160,172,110,144
1,<environment.Job instance at 0x7f392eaec140>,54,18,[10  2],55,172,190,117,166
1,<environment.Job instance at 0x7f392eaec190>,59,1,[8 5],60,190,191,130,167
1,<environment.Job instance at 0x7f3972874b40>,1,16,[6 2],2,4,20,2,4
1,<environment.Job instance at 0x7f392ee5a230>,6,13,[3 6],7,9,22,2,9
1,<environment.Job instance at 0x7f392ee5a5f0>,9,14,[5 7],10,22,36,12,10
1,<environment.Job instance at 0x7f392ee5adc0>,18,15,[2 5],19,36,51,17,22
1,<environment.Job instance at 0x7f392ee5ae60>,19,15,[7 4],20,36,51,16,28
1,<environment.Job instance at 0x7f392ee6c230>,23,13,[8 3],24,51,64,27,35
1,<environment.Job instance at 0x7f392ee6c5a0>,26,15,[7 3],27,64,79,37,52
1,<environment.Job instance at 0x7f392ee6c500>,25,18,[9 5],26,79,97,53,68
1,<environment.Job instance at 0x7f392ee6cfa0>,37,14,[7 1],38,97,111,59,92
1,<environment.Job instance at 0x7f392ee6c7d0>,30,14,[2 8],31,97,111,66,97
1,<environment.Job instance at 0x7f392ee6cc30>,31,15,[10  3],32,111,126,79,98
1,<environment.Job instance at 0x7f392ee4e7d0>,46,15,[6 2],47,126,141,79,123
1,<environment.Job instance at 0x7f392ee4e8c0>,49,3,[8 4],50,141,144,91,127
1,<environment.Job instance at 0x7f392ee4ea50>,50,13,[ 4 10],51,144,157,93,129
1,<environment.Job instance at 0x7f392ee4eaf0>,51,16,[2 8],52,157,173,105,145
1,<environment.Job instance at 0x7f392ee6a0a0>,58,14,[10  4],59,173,187,114,159
1,<environment.Job instance at 0x7f392ee6a410>,61,15,[3 5],62,306,321,244,306
1,<environment.Job instance at 0x7f392ee6a690>,65,17,[6 3],66,315,332,249,315
1,<environment.Job instance at 0x7f392ef553c0>,1,14,[3 6],2,5,19,3,5
1,<environment.Job instance at 0x7f392ef55690>,4,12,[2 9],5,19,31,14,11
1,<environment.Job instance at 0x7f392ea173c0>,12,2,[1 5],13,31,33,18,16
1,<environment.Job instance at 0x7f3972aba910>,18,3,[4 7],19,33,36,14,26
1,<environment.Job instance at 0x7f392ee6aaf0>,2,15,[7 3],3,36,51,33,26
1,<environment.Job instance at 0x7f392ea17cd0>,8,16,[3 6],9,36,52,27,31
1,<environment.Job instance at 0x7f3972abadc0>,20,17,[7 1],21,51,68,30,48
1,<environment.Job instance at 0x7f3972a4e7d0>,29,3,[9 2],30,68,71,38,63
1,<environment.Job instance at 0x7f3972a4e410>,26,15,[4 9],27,71,86,44,63
1,<environment.Job instance at 0x7f392ef55fa0>,6,15,[10  5],7,86,101,79,73
1,<environment.Job instance at 0x7f3972acfbe0>,35,18,[ 3 10],36,101,119,65,90
1,<environment.Job instance at 0x7f3972b23500>,47,20,[5 2],48,119,139,71,111
1,<environment.Job instance at 0x7f3972b23280>,49,17,[2 6],50,119,136,69,119
1,<environment.Job instance at 0x7f3972b23730>,50,16,[1 9],51,139,155,88,128
1,<environment.Job instance at 0x7f39796d22d0>,56,13,[8 3],57,155,168,98,140
1,<environment.Job instance at 0x7f39796d2050>,58,14,[2 7],59,155,169,96,143
1,<environment.Job instance at 0x7f3979ce9e10>,63,16,[3 5],64,169,185,105,156
1,<environment.Job instance at 0x7f3979ce9550>,67,14,[10  3],68,185,199,117,171
1,<environment.Job instance at 0x7f3979aafdc0>,12,12,[8 5],13,16,28,3,16
1,<environment.Job instance at 0x7f392eee8f00>,10,17,[9 4],11,28,45,17,16
1,<environment.Job instance at 0x7f39796cff00>,16,13,[7 1],17,45,58,28,32
1,<environment.Job instance at 0x7f392ed8aa50>,2,13,[3 9],3,45,58,42,38
1,<environment.Job instance at 0x7f397282c460>,23,17,[1 8],24,58,75,34,46
1,<environment.Job instance at 0x7f392ef02c80>,28,12,[ 2 10],29,75,87,46,60
1,<environment.Job instance at 0x7f397921b460>,5,16,[10  5],6,87,103,81,74
1,<environment.Job instance at 0x7f39796b4fa0>,32,17,[10  3],33,103,120,70,92
1,<environment.Job instance at 0x7f397901d5a0>,43,14,[3 6],44,120,134,76,106
1,<environment.Job instance at 0x7f392ed0eb40>,47,13,[6 5],48,134,147,86,120
1,<environment.Job instance at 0x7f392ed0e460>,49,14,[2 6],50,147,161,97,133
1,<environment.Job instance at 0x7f39794bfdc0>,52,12,[4 9],53,161,173,108,144
1,<environment.Job instance at 0x7f39794bfb40>,55,14,[7 3],56,173,187,117,159
1,<environment.Job instance at 0x7f39725e5280>,66,14,[8 1],67,191,205,124,191
1,<environment.Job instance at 0x7f39728530a0>,67,12,[10  4],68,205,217,137,191
1,<environment.Job instance at 0x7f392eda1820>,5,2,[7 5],6,6,8,0,6
1,<environment.Job instance at 0x7f392eda1910>,7,18,[6 2],8,8,26,0,8
1,<environment.Job instance at 0x7f392eda1fa0>,13,15,[6 5],14,26,41,12,16
1,<environment.Job instance at 0x7f39725b7b40>,3,14,[8 2],4,41,55,37,27
1,<environment.Job instance at 0x7f392ed94af0>,24,13,[1 9],25,55,68,30,40
1,<environment.Job instance at 0x7f392ed946e0>,18,14,[3 8],19,68,82,49,53
1,<environment.Job instance at 0x7f392ed94410>,30,18,[4 6],31,82,100,51,76
1,<environment.Job instance at 0x7f392ed94910>,21,17,[5 7],22,100,117,78,88
1,<environment.Job instance at 0x7f392ed705f0>,36,14,[ 5 10],37,117,131,80,105
1,<environment.Job instance at 0x7f392ed70a00>,44,1,[5 7],45,131,132,86,120
1,<environment.Job instance at 0x7f392ed70d70>,47,12,[5 5],48,132,144,84,127
1,<environment.Job instance at 0x7f392ed70fa0>,49,12,[9 1],50,144,156,94,130
1,<environment.Job instance at 0x7f392ed70dc0>,51,12,[5 9],52,156,168,104,154
1,<environment.Job instance at 0x7f392edad460>,54,12,[4 7],55,168,180,113,158
1,<environment.Job instance at 0x7f392edad500>,56,14,[10  4],57,180,194,123,169
1,<environment.Job instance at 0x7f392edadcd0>,63,12,[ 2 10],64,194,206,130,187
1,<environment.Job instance at 0x7f3979429fa0>,1,3,[1 6],2,2,5,0,2
1,<environment.Job instance at 0x7f39794295a0>,6,2,[ 3 10],7,7,9,0,7
1,<environment.Job instance at 0x7f3979429410>,3,18,[ 1 10],4,9,27,5,9
1,<environment.Job instance at 0x7f3979429af0>,9,14,[9 5],10,27,41,17,15
1,<environment.Job instance at 0x7f39726784b0>,18,16,[9 2],19,41,57,22,29
1,<environment.Job instance at 0x7f39792240f0>,21,13,[1 9],22,57,70,35,41
1,<environment.Job instance at 0x7f39728e64b0>,27,17,[3 8],28,70,87,42,59
1,<environment.Job instance at 0x7f392efda140>,29,3,[4 9],30,87,90,57,66
1,<environment.Job instance at 0x7f39727527d0>,30,13,[10  4],31,90,103,59,74
1,<environment.Job instance at 0x7f3972bfd780>,32,17,[2 5],33,103,120,70,92
1,<environment.Job instance at 0x7f3979c01e60>,39,14,[4 9],40,120,134,80,105
1,<environment.Job instance at 0x7f397933d230>,46,18,[9 4],47,134,152,87,123
1,<environment.Job instance at 0x7f392ed75c80>,48,17,[2 6],49,152,169,103,140
1,<environment.Job instance at 0x7f3972b53aa0>,52,15,[10  1],53,169,184,116,167
1,<environment.Job instance at 0x7f3979788280>,55,13,[8 5],56,184,197,128,173
1,<environment.Job instance at 0x7f39729f1820>,58,16,[6 5],59,197,213,138,187
1,<environment.Job instance at 0x7f392ee18f00>,63,14,[4 8],64,213,227,149,202
1,<environment.Job instance at 0x7f397919c370>,66,15,[9 1],67,227,242,160,213
1,<environment.Job instance at 0x7f39793d4fa0>,6,2,[5 5],7,7,9,0,7
1,<environment.Job instance at 0x7f39725b2190>,8,17,[7 2],9,12,29,3,12
1,<environment.Job instance at 0x7f39725b2410>,14,15,[7 3],15,29,44,14,16
1,<environment.Job instance at 0x7f392f0465f0>,2,13,[ 5 10],3,44,57,41,28
1,<environment.Job instance at 0x7f392eeddaa0>,24,12,[3 5],25,30,42,5,30
1,<environment.Job instance at 0x7f392edc6e60>,27,3,[10  4],28,57,60,29,32
1,<environment.Job instance at 0x7f39794c5c80>,33,13,[7 5],34,60,73,26,55
1,<environment.Job instance at 0x7f3979319af0>,34,13,[1 8],35,73,86,38,58
1,<environment.Job instance at 0x7f39793196e0>,39,16,[5 3],40,86,102,46,74
1,<environment.Job instance at 0x7f3979319d70>,36,14,[1 7],37,86,100,49,75
1,<environment.Job instance at 0x7f3979319050>,43,16,[8 5],44,102,118,58,89
1,<environment.Job instance at 0x7f392ef96190>,46,15,[10  4],47,118,133,71,104
1,<environment.Job instance at 0x7f392ee99fa0>,50,14,[1 8],51,133,147,82,120
1,<environment.Job instance at 0x7f39727bfeb0>,56,12,[1 5],57,147,159,90,134
1,<environment.Job instance at 0x7f3972899e60>,58,14,[9 1],59,134,148,75,134
1,<environment.Job instance at 0x7f3979319eb0>,44,16,[9 4],45,148,164,103,147
1,<environment.Job instance at 0x7f3979138b90>,68,18,[6 5],69,164,182,95,156
1,<environment.Job instance at 0x7f3972899960>,59,17,[1 9],60,224,241,164,224
1,<environment.Job instance at 0x7f392ee995a0>,48,17,[3 9],49,243,260,194,243
1,<environment.Job instance at 0x7f39725b2870>,9,16,[10  2],10,589,605,579,589
1,<environment.Job instance at 0x7f3972a0d230>,4,17,[5 1],5,5,22,0,5
1,<environment.Job instance at 0x7f392ee25d20>,1,12,[1 8],2,7,19,5,7
1,<environment.Job instance at 0x7f39725d0190>,9,12,[4 6],10,19,31,9,11
1,<environment.Job instance at 0x7f3972a0d370>,3,16,[5 3],4,22,38,18,16
1,<environment.Job instance at 0x7f39725d0910>,16,2,[3 6],17,31,33,14,20
1,<environment.Job instance at 0x7f39725d0a50>,17,15,[4 6],18,33,48,15,20
1,<environment.Job instance at 0x7f39725d0690>,12,17,[9 4],13,48,65,35,37
1,<environment.Job instance at 0x7f39725b2870>,5,15,[ 1 10],6,65,80,59,59
1,<environment.Job instance at 0x7f39725f7910>,32,17,[ 2 10],33,80,97,47,68
1,<environment.Job instance at 0x7f39725f7b90>,36,13,[4 7],37,97,110,60,84
1,<environment.Job instance at 0x7f3979109e10>,2,3,[4 8],3,3,6,0,3
1,<environment.Job instance at 0x7f39725f7fa0>,3,13,[5 5],4,6,19,2,4
1,<environment.Job instance at 0x7f397257baa0>,5,14,[4 6],6,19,33,13,7
1,<environment.Job instance at 0x7f397257bdc0>,8,3,[2 6],9,33,36,24,9
1,<environment.Job instance at 0x7f397257b550>,16,14,[6 4],17,19,33,2,19
1,<environment.Job instance at 0x7f39796cd2d0>,15,12,[8 5],16,36,48,20,24
1,<environment.Job instance at 0x7f397298e370>,23,12,[7 4],24,48,60,24,35
1,<environment.Job instance at 0x7f397298ecd0>,22,17,[6 4],23,60,77,37,48
1,<environment.Job instance at 0x7f392ee99fa0>,34,16,[5 5],35,77,93,42,69
1,<environment.Job instance at 0x7f392ee99820>,32,16,[ 3 10],33,93,109,60,80
1,<environment.Job instance at 0x7f39790a9320>,42,13,[9 4],43,109,122,66,93
1,<environment.Job instance at 0x7f39790a9960>,44,16,[2 7],45,122,138,77,110
1,<environment.Job instance at 0x7f39727a3190>,48,16,[8 3],49,122,138,73,120
1,<environment.Job instance at 0x7f392eb36af0>,53,1,[10  1],54,138,139,84,136
1,<environment.Job instance at 0x7f392eb36960>,54,17,[9 2],55,139,156,84,136
1,<environment.Job instance at 0x7f392eb360f0>,56,2,[5 9],57,156,158,99,136
1,<environment.Job instance at 0x7f392eb36730>,60,3,[5 7],61,164,167,103,164
1,<environment.Job instance at 0x7f39790fc140>,63,18,[7 1],64,167,185,103,165
1,<environment.Job instance at 0x7f39790fcb40>,64,14,[9 1],65,185,199,120,171
1,<environment.Job instance at 0x7f392ee995a0>,33,18,[5 5],34,199,217,165,188
1,<environment.Job instance at 0x7f39790fca50>,62,18,[4 7],63,217,235,154,207
1,<environment.Job instance at 0x7f39790fc910>,1,1,[6 5],2,2,3,0,2
1,<environment.Job instance at 0x7f39790fca50>,3,14,[3 6],4,4,18,0,4
1,<environment.Job instance at 0x7f392f01b780>,9,15,[5 7],10,18,33,8,10
1,<environment.Job instance at 0x7f39726cbfa0>,14,13,[2 6],15,33,46,18,22
1,<environment.Job instance at 0x7f392ea6c2d0>,16,18,[7 4],17,33,51,16,28
1,<environment.Job instance at 0x7f392ea6c780>,17,19,[1 5],18,46,65,28,40
1,<environment.Job instance at 0x7f392ea6ccd0>,19,18,[6 4],20,51,69,31,43
1,<environment.Job instance at 0x7f392ea7ac30>,22,14,[3 9],23,69,83,46,57
1,<environment.Job instance at 0x7f397943e190>,11,3,[2 6],12,33,36,21,33
1,<environment.Job instance at 0x7f39794343c0>,12,12,[6 1],13,33,45,20,33
1,<environment.Job instance at 0x7f3978f8deb0>,3,16,[8 1],4,45,61,41,33
1,<environment.Job instance at 0x7f3979434550>,19,18,[2 7],20,46,64,26,46
1,<environment.Job instance at 0x7f39794348c0>,17,16,[1 7],18,64,80,46,52
1,<environment.Job instance at 0x7f39729e7aa0>,31,12,[3 7],32,80,92,48,64
1,<environment.Job instance at 0x7f3979434730>,20,15,[4 7],21,92,107,71,78
1,<environment.Job instance at 0x7f39729fceb0>,32,15,[ 2 10],33,107,122,74,99
1,<environment.Job instance at 0x7f392ea2d0f0>,43,14,[ 4 10],44,122,136,78,108
1,<environment.Job instance at 0x7f392f116910>,45,1,[ 2 10],46,136,137,90,108
1,<environment.Job instance at 0x7f392f129d20>,47,15,[7 4],48,137,152,89,123
1,<environment.Job instance at 0x7f3972b6a5a0>,52,3,[1 8],53,152,155,99,140
1,<environment.Job instance at 0x7f39795202d0>,53,12,[3 8],54,155,167,101,140
1,<environment.Job instance at 0x7f3979520730>,54,3,[1 5],55,141,144,86,141
1,<environment.Job instance at 0x7f392f118730>,55,15,[3 5],56,167,182,111,153
1,<environment.Job instance at 0x7f39727488c0>,60,2,[10  5],61,182,184,121,155
1,<environment.Job instance at 0x7f3972734320>,62,13,[9 1],63,184,197,121,168
1,<environment.Job instance at 0x7f3972734af0>,65,12,[2 8],66,197,209,131,182
1,<environment.Job instance at 0x7f392ebf79b0>,49,17,[ 1 10],50,209,226,159,199
1,<environment.Job instance at 0x7f3972747960>,0,2,[5 5],1,3,5,2,3
1,<environment.Job instance at 0x7f3979777c30>,2,13,[2 9],3,15,28,12,15
1,<environment.Job instance at 0x7f392f0f19b0>,15,3,[5 6],16,28,31,12,16
1,<environment.Job instance at 0x7f39791da230>,17,15,[5 8],18,31,46,13,18
1,<environment.Job instance at 0x7f39791dac30>,18,18,[5 8],19,46,64,27,36
1,<environment.Job instance at 0x7f39791076e0>,26,17,[3 5],27,64,81,37,52
1,<environment.Job instance at 0x7f397977e6e0>,23,14,[ 5 10],24,81,95,57,69
1,<environment.Job instance at 0x7f392ee715a0>,32,12,[10  4],33,95,107,62,82
1,<environment.Job instance at 0x7f3979742eb0>,40,16,[7 5],41,107,123,66,94
1,<environment.Job instance at 0x7f3972546c30>,44,17,[2 5],45,109,126,64,109
1,<environment.Job instance at 0x7f3979ce10f0>,46,15,[3 5],47,123,138,76,113
1,<environment.Job instance at 0x7f39726ab0f0>,49,14,[5 4],50,126,140,76,126
1,<environment.Job instance at 0x7f3972546aa0>,43,17,[5 9],44,140,157,96,128
1,<environment.Job instance at 0x7f392e9481e0>,54,17,[1 9],55,157,174,102,151
1,<environment.Job instance at 0x7f397919bd20>,56,18,[8 1],57,157,175,100,157
1,<environment.Job instance at 0x7f392e93fcd0>,61,13,[7 4],62,175,188,113,160
1,<environment.Job instance at 0x7f39729de190>,66,17,[2 6],67,174,191,107,174
1,<environment.Job instance at 0x7f39725cc960>,67,12,[2 8],68,191,203,123,180
1,<environment.Job instance at 0x7f392e7696e0>,4,15,[5 6],5,6,21,1,6
1,<environment.Job instance at 0x7f392e7690f0>,8,12,[9 3],9,21,33,12,11
1,<environment.Job instance at 0x7f392e769f00>,6,17,[2 5],7,33,50,26,29
1,<environment.Job instance at 0x7f392e74cfa0>,15,15,[3 9],16,50,65,34,36
1,<environment.Job instance at 0x7f392e74ce10>,21,14,[5 8],22,65,79,43,50
1,<environment.Job instance at 0x7f392e74c870>,24,17,[7 2],25,79,96,54,68
1,<environment.Job instance at 0x7f392e74c230>,29,15,[10  2],30,96,111,66,83
1,<environment.Job instance at 0x7f392e74fb90>,34,16,[7 4],35,111,127,76,98
1,<environment.Job instance at 0x7f392e74f9b0>,40,15,[5 3],41,127,142,86,115
1,<environment.Job instance at 0x7f392e74f730>,41,18,[4 7],42,127,145,85,118
1,<environment.Job instance at 0x7f392e74f0a0>,45,1,[1 9],46,145,146,99,132
1,<environment.Job instance at 0x7f392e74fb40>,47,1,[10  4],48,146,147,98,132
1,<environment.Job instance at 0x7f392e74c730>,19,18,[7 5],20,147,165,127,136
1,<environment.Job instance at 0x7f392e74fd20>,43,17,[9 1],44,165,182,121,153
1,<environment.Job instance at 0x7f392e7450a0>,54,15,[10  2],55,182,197,127,168
1,<environment.Job instance at 0x7f392e745a00>,61,3,[1 8],62,169,172,107,169
1,<environment.Job instance at 0x7f392e7454b0>,49,15,[3 9],50,197,212,147,191
1,<environment.Job instance at 0x7f392e6f0eb0>,67,12,[5 9],68,212,224,144,195
1,<environment.Job instance at 0x7f397255e320>,8,14,[6 4],9,9,23,0,9
1,<environment.Job instance at 0x7f397255e050>,9,3,[1 7],10,23,26,13,10
1,<environment.Job instance at 0x7f397255e0a0>,10,2,[1 6],11,11,13,0,11
1,<environment.Job instance at 0x7f397255ecd0>,12,14,[ 4 10],13,26,40,13,13
1,<environment.Job instance at 0x7f3972584d20>,17,16,[1 8],18,40,56,22,27
1,<environment.Job instance at 0x7f3972584a00>,22,14,[9 2],23,41,55,18,41
1,<environment.Job instance at 0x7f3972584f00>,23,16,[2 6],24,56,72,32,43
1,<environment.Job instance at 0x7f3972584370>,25,17,[5 3],26,56,73,30,44
1,<environment.Job instance at 0x7f397257f690>,26,12,[2 7],27,72,84,45,57
1,<environment.Job instance at 0x7f397258c1e0>,30,13,[4 6],31,84,97,53,72
1,<environment.Job instance at 0x7f3972b10eb0>,34,13,[2 8],35,97,110,62,82
1,<environment.Job instance at 0x7f392ec4e550>,38,3,[10  2],39,110,113,71,85
1,<environment.Job instance at 0x7f392ec4e730>,40,2,[4 6],41,113,115,72,99
1,<environment.Job instance at 0x7f3972ba4690>,42,18,[7 4],43,115,133,72,105
1,<environment.Job instance at 0x7f3972b004b0>,45,2,[3 9],46,133,135,87,108
1,<environment.Job instance at 0x7f3972b00140>,48,3,[9 5],49,135,138,86,110
1,<environment.Job instance at 0x7f3972b00690>,49,15,[3 9],50,138,153,88,124
1,<environment.Job instance at 0x7f3972b9ff50>,53,16,[3 8],54,153,169,99,140
1,<environment.Job instance at 0x7f3972ba4d70>,43,14,[ 2 10],44,169,183,125,155
1,<environment.Job instance at 0x7f3972b13b40>,58,16,[3 8],59,183,199,124,171
1,<environment.Job instance at 0x7f392f01beb0>,1,16,[3 9],2,199,215,197,187
1,<environment.Job instance at 0x7f3972aef9b0>,2,1,[1 8],3,3,4,0,3
1,<environment.Job instance at 0x7f39726a2e10>,0,12,[4 8],1,21,33,20,21
1,<environment.Job instance at 0x7f3972aefaf0>,5,3,[2 8],6,33,36,27,21
1,<environment.Job instance at 0x7f3979402960>,11,2,[1 9],12,36,38,24,21
1,<environment.Job instance at 0x7f3979402410>,14,3,[9 3],15,38,41,23,21
1,<environment.Job instance at 0x7f3979402370>,13,13,[8 4],14,41,54,27,26
1,<environment.Job instance at 0x7f3972660fa0>,17,13,[10  4],18,54,67,36,41
1,<environment.Job instance at 0x7f39725bef50>,22,16,[5 4],23,67,83,44,55
1,<environment.Job instance at 0x7f397289d230>,29,14,[5 1],30,67,81,37,57
1,<environment.Job instance at 0x7f397289d820>,32,14,[7 3],33,83,97,50,69
1,<environment.Job instance at 0x7f3979402820>,8,18,[5 9],9,97,115,88,89
1,<environment.Job instance at 0x7f392f0d8f00>,45,14,[5 7],46,115,129,69,106
1,<environment.Job instance at 0x7f392f0d8690>,46,16,[9 2],47,129,145,82,118
1,<environment.Job instance at 0x7f392ecb47d0>,55,16,[4 9],56,145,161,89,137
1,<environment.Job instance at 0x7f392ecb4550>,56,18,[5 5],57,161,179,104,152
1,<environment.Job instance at 0x7f39727b0730>,62,18,[3 8],63,179,197,116,168
1,<environment.Job instance at 0x7f3972c393c0>,1,3,[7 4],2,2,5,0,2
1,<environment.Job instance at 0x7f39790713c0>,3,12,[5 4],4,7,19,3,7
1,<environment.Job instance at 0x7f3979071be0>,7,15,[3 6],8,11,26,3,11
1,<environment.Job instance at 0x7f39796f95a0>,16,13,[8 1],17,26,39,9,18
1,<environment.Job instance at 0x7f3979071960>,8,14,[ 1 10],9,39,53,30,27
1,<environment.Job instance at 0x7f39796f9e60>,20,3,[ 4 10],21,53,56,32,27
1,<environment.Job instance at 0x7f3979088cd0>,21,2,[2 9],22,27,29,5,27
1,<environment.Job instance at 0x7f3979088140>,24,17,[2 7],25,56,73,31,49
1,<environment.Job instance at 0x7f3979088230>,29,18,[5 1],30,58,76,28,58
1,<environment.Job instance at 0x7f3979088370>,30,16,[1 7],31,73,89,42,62
1,<environment.Job instance at 0x7f3979088a50>,32,17,[6 4],33,89,106,56,77
1,<environment.Job instance at 0x7f39790881e0>,34,3,[8 2],35,78,81,43,78
1,<environment.Job instance at 0x7f3979088b40>,27,16,[5 4],28,106,122,78,93
1,<environment.Job instance at 0x7f39790ac780>,40,15,[1 8],41,122,137,81,108
1,<environment.Job instance at 0x7f39790ac870>,44,14,[ 3 10],45,137,151,92,122
1,<environment.Job instance at 0x7f3979071910>,5,13,[9 1],6,122,135,116,122
1,<environment.Job instance at 0x7f39726dfeb0>,58,2,[8 5],59,151,153,92,132
1,<environment.Job instance at 0x7f397974a5f0>,59,17,[9 4],60,153,170,93,141
1,<environment.Job instance at 0x7f397974a1e0>,63,18,[4 5],64,170,188,106,160
1,<environment.Job instance at 0x7f397974aaf0>,65,15,[1 5],66,160,175,94,160
1,<environment.Job instance at 0x7f397974ab40>,68,13,[8 2],69,188,201,119,173
1,<environment.Job instance at 0x7f39726abdc0>,0,2,[8 2],1,3,5,2,3
1,<environment.Job instance at 0x7f3972b94780>,8,16,[ 5 10],9,11,27,2,11
1,<environment.Job instance at 0x7f39794fe460>,12,14,[3 7],13,27,41,14,13
1,<environment.Job instance at 0x7f39726ab280>,1,16,[4 6],2,41,57,39,28
1,<environment.Job instance at 0x7f392ecd75a0>,18,18,[ 5 10],19,57,75,38,49
1,<environment.Job instance at 0x7f392ecc1cd0>,28,16,[9 1],29,75,91,46,62
1,<environment.Job instance at 0x7f39796d0870>,35,14,[1 7],36,86,100,50,86
1,<environment.Job instance at 0x7fdd36403fa0>,3,18,[ 3 10],4,7,25,3,7
1,<environment.Job instance at 0x7fdd30ff55f0>,7,14,[5 1],8,25,39,17,10
1,<environment.Job instance at 0x7fdd36404230>,4,18,[10  4],5,39,57,34,30
1,<environment.Job instance at 0x7fdd30ff5be0>,15,3,[10  2],16,57,60,41,46
1,<environment.Job instance at 0x7fdd30ff5820>,16,12,[1 8],17,60,72,43,47
1,<environment.Job instance at 0x7fdd36404280>,0,18,[ 2 10],1,72,90,71,68
1,<environment.Job instance at 0x7fdd30ff6550>,31,17,[4 9],32,90,107,58,85
1,<environment.Job instance at 0x7fdd30ff6730>,32,17,[9 3],33,107,124,74,103
1,<environment.Job instance at 0x7fdd30ff57d0>,9,17,[ 4 10],10,124,141,114,114
1,<environment.Job instance at 0x7fdd30ff6b40>,39,18,[5 8],40,141,159,101,130
1,<environment.Job instance at 0x7fdd30ff6d20>,42,14,[8 4],43,159,173,116,157
1,<environment.Job instance at 0x7fdd36576410>,13,12,[4 9],14,14,26,0,14
1,<environment.Job instance at 0x7fdd3642eeb0>,16,2,[4 8],17,26,28,9,17
1,<environment.Job instance at 0x7fdd36576b90>,11,16,[5 8],12,28,44,16,20
1,<environment.Job instance at 0x7fdd3657d2d0>,24,17,[5 4],25,44,61,19,37
1,<environment.Job instance at 0x7fdd3657d3c0>,26,12,[2 6],27,44,56,17,37
1,<environment.Job instance at 0x7fdd3657deb0>,29,3,[5 3],30,57,60,27,57
1,<environment.Job instance at 0x7fdd3657da50>,32,2,[4 8],33,61,63,28,57
1,<environment.Job instance at 0x7fdd3657d460>,33,3,[1 6],34,63,66,29,57
1,<environment.Job instance at 0x7fdd3657d410>,34,12,[6 1],35,61,73,26,57
1,<environment.Job instance at 0x7fdd36577410>,35,14,[9 1],36,73,87,37,58
1,<environment.Job instance at 0x7fdd3656ab90>,18,12,[10  1],19,87,99,68,71
1,<environment.Job instance at 0x7fdd3656eaa0>,40,2,[5 6],41,99,101,58,80
1,<environment.Job instance at 0x7fdceb31a550>,0,12,[6 3],1,1,13,0,1
1,<environment.Job instance at 0x7fdceb31aaf0>,5,3,[5 5],6,13,16,7,9
1,<environment.Job instance at 0x7fdceb31a690>,10,3,[9 1],11,16,19,5,11
1,<environment.Job instance at 0x7fdceb31a050>,8,18,[4 6],9,19,37,10,12
1,<environment.Job instance at 0x7fdceb31ab40>,11,14,[5 3],12,19,33,7,18
1,<environment.Job instance at 0x7fdceb306e10>,24,12,[5 7],25,37,49,12,36
1,<environment.Job instance at 0x7fdceb3060f0>,18,14,[4 7],19,49,63,30,36
1,<environment.Job instance at 0x7fdceb306500>,28,14,[8 5],29,63,77,34,49
1,<environment.Job instance at 0x7fdceb2eb690>,33,3,[5 4],34,77,80,43,55
1,<environment.Job instance at 0x7fdceb31ad70>,3,15,[4 8],4,80,95,76,67
1,<environment.Job instance at 0x7fdceb3332d0>,37,3,[4 9],38,95,98,57,75
1,<environment.Job instance at 0x7fdceb333500>,38,2,[ 3 10],39,98,100,59,75
1,<environment.Job instance at 0x7fdceb2ebcd0>,34,17,[10  5],35,100,117,65,95
1,<environment.Job instance at 0x7fdceb2f2e60>,46,13,[5 1],47,117,130,70,101
1,<environment.Job instance at 0x7fdceb2eb0a0>,35,16,[ 3 10],36,130,146,94,117
1,<environment.Job instance at 0x7fdceb2f25a0>,54,13,[5 9],55,146,159,91,135
1,<environment.Job instance at 0x7fdceb2f25f0>,50,17,[2 9],51,159,176,108,148
1,<environment.Job instance at 0x7fdceb2ee230>,66,15,[ 5 10],67,179,194,112,179
1,<environment.Job instance at 0x7fdceb2f2690>,52,17,[10  4],53,194,211,141,185
1,<environment.Job instance at 0x7fdceb2e7c80>,72,16,[8 5],73,211,227,138,198
1,<environment.Job instance at 0x7fdceb2e28c0>,75,12,[2 6],76,227,239,151,210
1,<environment.Job instance at 0x7fdceb2e2230>,78,18,[3 8],79,385,403,306,385
1,<environment.Job instance at 0x7fdceb753550>,4,15,[9 5],5,5,20,0,5
1,<environment.Job instance at 0x7fdceb753640>,5,3,[6 4],6,20,23,14,6
1,<environment.Job instance at 0x7fdceb753cd0>,9,1,[8 3],10,23,24,13,10
1,<environment.Job instance at 0x7fdceb7536e0>,7,16,[2 8],8,24,40,16,11
1,<environment.Job instance at 0x7fdceb78a1e0>,15,2,[9 2],16,40,42,24,18
1,<environment.Job instance at 0x7fdceb753730>,8,12,[9 2],9,42,54,33,28
1,<environment.Job instance at 0x7fdceb78a820>,14,17,[1 9],15,54,71,39,42
1,<environment.Job instance at 0x7fdceb2f8a00>,27,14,[3 5],28,71,85,43,56
1,<environment.Job instance at 0x7fdceb2f8910>,32,17,[8 2],33,85,102,52,74
1,<environment.Job instance at 0x7fdceb7a9f50>,36,14,[5 4],37,102,116,65,87
1,<environment.Job instance at 0x7fdceb7a99b0>,39,13,[5 7],40,116,129,76,101
1,<environment.Job instance at 0x7fdceb7a9fa0>,46,13,[3 6],47,102,115,55,102
1,<environment.Job instance at 0x7fdceb3c2eb0>,47,1,[9 4],48,129,130,81,102
1,<environment.Job instance at 0x7fdceb3c2af0>,49,14,[5 7],50,569,583,519,569
1,<environment.Job instance at 0x7fdceb3c2460>,50,13,[7 4],51,583,596,532,569
1,<environment.Job instance at 0x7fdceb28c500>,59,15,[7 4],60,675,690,615,675
1,<environment.Job instance at 0x7fdceb28cf50>,63,13,[8 3],64,690,703,626,676
1,<environment.Job instance at 0x7fdceb28cb40>,66,15,[7 3],67,703,718,636,689
1,<environment.Job instance at 0x7fdceb28ce60>,70,14,[2 8],71,718,732,647,708
1,<environment.Job instance at 0x7fdceb23dc30>,74,16,[8 3],75,732,748,657,727
1,<environment.Job instance at 0x7fdceb6e09b0>,6,15,[6 2],7,8,23,1,8
1,<environment.Job instance at 0x7fdceb6e0d70>,10,13,[ 4 10],11,23,36,12,12
1,<environment.Job instance at 0x7fdceb6db370>,16,2,[3 5],17,36,38,19,26
1,<environment.Job instance at 0x7fdceb6db0f0>,17,2,[9 1],18,38,40,20,26
1,<environment.Job instance at 0x7fdceb6db4b0>,18,14,[10  4],19,40,54,21,26
1,<environment.Job instance at 0x7fdd314a0f00>,0,14,[ 3 10],1,54,68,53,50
1,<environment.Job instance at 0x7fdceb6db460>,21,15,[3 5],22,68,83,46,55
1,<environment.Job instance at 0x7fdceb6dbc30>,27,2,[5 9],28,83,85,55,56
1,<environment.Job instance at 0x7fdceb6dbdc0>,31,14,[3 6],32,85,99,53,78
1,<environment.Job instance at 0x7fdceb6dbf00>,32,15,[7 3],33,85,100,52,79
1,<environment.Job instance at 0x7fdceb6ea730>,43,12,[8 5],44,149,161,105,149
1,<environment.Job instance at 0x7fdceb6ea820>,46,3,[2 7],47,163,166,116,163
1,<environment.Job instance at 0x7fdceb6ea8c0>,47,13,[ 1 10],48,166,179,118,163
1,<environment.Job instance at 0x7fdceb6eaa00>,49,18,[ 2 10],50,179,197,129,168
1,<environment.Job instance at 0x7fdceb6f75f0>,56,15,[4 9],57,197,212,140,189
1,<environment.Job instance at 0x7fdceb6f77d0>,59,3,[9 2],60,212,215,152,201
1,<environment.Job instance at 0x7fdceb6f7500>,60,18,[4 8],61,215,233,154,204
1,<environment.Job instance at 0x7fdceb6f7a00>,67,13,[4 9],68,233,246,165,227
1,<environment.Job instance at 0x7fdceb6f9230>,72,17,[9 1],73,246,263,173,238
1,<environment.Job instance at 0x7fdd359738c0>,1,3,[3 7],2,2,5,0,2
1,<environment.Job instance at 0x7fdd35d4f5a0>,8,14,[2 7],9,9,23,0,9
1,<environment.Job instance at 0x7fdd359732d0>,6,13,[8 3],7,10,23,3,10
1,<environment.Job instance at 0x7fdd35d4f0f0>,12,13,[8 1],13,23,36,10,13
1,<environment.Job instance at 0x7fdd35d4fc80>,16,13,[1 6],17,23,36,6,19
1,<environment.Job instance at 0x7fdd35d4f820>,11,18,[5 7],12,36,54,24,25
1,<environment.Job instance at 0x7fdd35d4f730>,22,13,[3 9],23,54,67,31,46
1,<environment.Job instance at 0x7fdd35d54be0>,25,16,[10  5],26,67,83,41,54
1,<environment.Job instance at 0x7fdd35d54fa0>,27,14,[9 1],28,83,97,55,70
1,<environment.Job instance at 0x7fdd35d54230>,32,12,[8 5],33,97,109,64,84
1,<environment.Job instance at 0x7fdd35d54c30>,36,13,[7 1],37,109,122,72,93
1,<environment.Job instance at 0x7fdd35d54730>,37,16,[2 6],38,109,125,71,96
1,<environment.Job instance at 0x7fdd35de0780>,46,17,[9 1],47,125,142,78,121
1,<environment.Job instance at 0x7fdd35de09b0>,49,16,[1 8],50,125,141,75,124
1,<environment.Job instance at 0x7fdceb731c80>,52,17,[10  3],53,142,159,89,130
1,<environment.Job instance at 0x7fdceb731eb0>,59,3,[8 5],60,159,162,99,148
1,<environment.Job instance at 0x7fdceb731500>,60,13,[3 8],61,162,175,101,148
1,<environment.Job instance at 0x7fdceb394fa0>,0,1,[10  3],1,4,5,3,4
1,<environment.Job instance at 0x7fdceb394140>,4,2,[4 8],5,5,7,0,5
1,<environment.Job instance at 0x7fdceb8ab550>,5,19,[7 5],6,7,26,1,6
1,<environment.Job instance at 0x7fdceb394280>,9,3,[4 8],10,26,29,16,10
1,<environment.Job instance at 0x7fdd30f17b90>,13,14,[8 2],14,29,43,15,19
1,<environment.Job instance at 0x7fdceb51f9b0>,18,3,[9 1],19,43,46,24,25
1,<environment.Job instance at 0x7fdd30f17b40>,10,14,[ 4 10],11,46,60,35,33
1,<environment.Job instance at 0x7fdd310d04b0>,26,14,[7 5],27,60,74,33,48
1,<environment.Job instance at 0x7fdd3105e3c0>,29,3,[3 6],30,74,77,44,58
1,<environment.Job instance at 0x7fdd35e3d8c0>,30,3,[7 3],31,74,77,43,58
1,<environment.Job instance at 0x7fdceb51fb90>,16,18,[8 2],17,77,95,60,66
1,<environment.Job instance at 0x7fdd30fd5e10>,35,16,[4 5],36,95,111,59,83
1,<environment.Job instance at 0x7fdd30f51140>,41,15,[3 5],42,98,113,56,98
1,<environment.Job instance at 0x7fdd30fd5550>,31,17,[5 7],32,113,130,81,101
1,<environment.Job instance at 0x7fdd30f51910>,44,15,[5 7],45,130,145,85,116
1,<environment.Job instance at 0x7fdd30f51d20>,47,18,[1 7],48,159,177,111,159
1,<environment.Job instance at 0x7fdceb6b98c0>,58,15,[5 9],59,177,192,118,164
1,<environment.Job instance at 0x7fdd31443a00>,60,14,[8 4],61,192,206,131,177
1,<environment.Job instance at 0x7fdd30d763c0>,70,3,[1 6],71,192,195,121,190
1,<environment.Job instance at 0x7fdd311aab90>,66,14,[10  4],67,206,220,139,199
1,<environment.Job instance at 0x7fdd35fd5dc0>,1,3,[1 6],2,2,5,0,2
1,<environment.Job instance at 0x7fdd35a65cd0>,2,3,[4 9],3,5,8,2,3
1,<environment.Job instance at 0x7fdceb4ef320>,9,14,[9 5],10,12,26,2,12
1,<environment.Job instance at 0x7fdd3583b4b0>,3,18,[ 1 10],4,26,44,22,16
1,<environment.Job instance at 0x7fdceb4efc30>,18,16,[9 2],19,44,60,25,34
1,<environment.Job instance at 0x7fdceb4efe10>,21,13,[1 9],22,60,73,38,44
1,<environment.Job instance at 0x7fdceb4c1280>,27,17,[3 8],28,73,90,45,62
1,<environment.Job instance at 0x7fdceb4c1320>,30,13,[10  4],31,90,103,59,77
1,<environment.Job instance at 0x7fdceb4c1460>,32,17,[2 5],33,103,120,70,92
1,<environment.Job instance at 0x7fdceb4c1b90>,39,14,[4 9],40,120,134,80,109
1,<environment.Job instance at 0x7fdceb4ec4b0>,46,18,[9 4],47,134,152,87,133
1,<environment.Job instance at 0x7fdceb4ec550>,47,17,[3 5],48,152,169,104,143
1,<environment.Job instance at 0x7fdceb4ec870>,52,15,[10  1],53,169,184,116,163
1,<environment.Job instance at 0x7fdceb4ec910>,53,17,[5 3],54,184,201,130,177
1,<environment.Job instance at 0x7fdceb4ecaf0>,56,13,[3 9],57,201,214,144,185
1,<environment.Job instance at 0x7fdceb4ecb90>,57,14,[2 5],58,185,199,127,185
1,<environment.Job instance at 0x7fdceb4ec050>,63,14,[4 8],64,214,228,150,199
1,<environment.Job instance at 0x7fdceb4f01e0>,66,15,[9 1],67,228,243,161,217
1,<environment.Job instance at 0x7fdceb4f0690>,72,13,[ 5 10],73,243,256,170,233
1,<environment.Job instance at 0x7fdceb4f0640>,73,15,[6 1],74,256,271,182,242
1,<environment.Job instance at 0x7fdceb59d1e0>,1,2,[2 9],2,2,4,0,2
1,<environment.Job instance at 0x7fdceb4f0aa0>,2,2,[7 3],3,4,6,1,3
1,<environment.Job instance at 0x7fdd30f135a0>,3,3,[8 1],4,6,9,2,4
1,<environment.Job instance at 0x7fdd30f134b0>,4,15,[7 3],5,9,24,4,6
1,<environment.Job instance at 0x7fdceb2a2730>,14,12,[3 5],15,15,27,0,15
1,<environment.Job instance at 0x7fdd35cadfa0>,24,13,[1 8],25,35,48,10,35
1,<environment.Job instance at 0x7fdd313dd8c0>,26,14,[1 7],27,48,62,21,38
1,<environment.Job instance at 0x7fdd30f138c0>,7,15,[10  1],8,62,77,54,60
1,<environment.Job instance at 0x7fdceb4f0730>,5,12,[10  3],6,77,89,71,65
1,<environment.Job instance at 0x7fdd30fdf190>,34,16,[9 4],35,89,105,54,78
1,<environment.Job instance at 0x7fdd3113a2d0>,36,15,[10  4],37,105,120,68,91
1,<environment.Job instance at 0x7fdceb720550>,46,12,[1 5],47,120,132,73,107
1,<environment.Job instance at 0x7fdceb8cb5a0>,48,14,[9 1],49,120,134,71,111
1,<environment.Job instance at 0x7fdceb8cbbe0>,49,17,[1 9],50,132,149,82,123
1,<environment.Job instance at 0x7fdd3595ce10>,58,18,[6 5],59,149,167,90,138
1,<environment.Job instance at 0x7fdd3595c320>,63,16,[5 3],64,167,183,103,159
1,<environment.Job instance at 0x7fdd3595c5f0>,64,17,[5 1],65,167,184,102,167
1,<environment.Job instance at 0x7fdd35e8ce60>,65,15,[ 1 10],66,184,199,118,177
1,<environment.Job instance at 0x7fdd35e8ca50>,70,13,[5 3],71,199,212,128,183
1,<environment.Job instance at 0x7fdd3595c730>,59,18,[ 5 10],60,212,230,152,203
1,<environment.Job instance at 0x7fdd35e8c6e0>,77,15,[4 6],78,230,245,152,217
1,<environment.Job instance at 0x7fdd30dea0f0>,1,2,[8 4],2,3,5,1,3
1,<environment.Job instance at 0x7fdd30dea8c0>,2,2,[8 4],3,5,7,2,4
1,<environment.Job instance at 0x7fdd358eb190>,4,16,[4 5],5,7,23,2,5
1,<environment.Job instance at 0x7fdceb3f9730>,14,12,[9 1],15,23,35,8,16
1,<environment.Job instance at 0x7fdd3113a410>,19,13,[7 4],20,35,48,15,20
1,<environment.Job instance at 0x7fdceb630190>,12,17,[ 2 10],13,48,65,35,39
1,<environment.Job instance at 0x7fdceb673f50>,23,15,[4 9],24,65,80,41,55
1,<environment.Job instance at 0x7fdd3142d410>,31,18,[4 8],32,80,98,48,72
1,<environment.Job instance at 0x7fdd3142d6e0>,32,15,[4 8],33,98,113,65,87
1,<environment.Job instance at 0x7fdd3142d460>,38,18,[4 6],39,113,131,74,109
1,<environment.Job instance at 0x7fdd31150e10>,41,12,[5 5],42,131,143,89,115
1,<environment.Job instance at 0x7fdd3135f460>,43,13,[7 4],44,143,156,99,133
1,<environment.Job instance at 0x7fdd3135ff50>,48,17,[9 5],49,156,173,107,145
1,<environment.Job instance at 0x7fdd3135f5f0>,46,18,[10  2],47,173,191,126,165
1,<environment.Job instance at 0x7fdd30f1ee10>,53,13,[5 5],54,191,204,137,175
1,<environment.Job instance at 0x7fdd30ec2eb0>,58,3,[2 6],59,204,207,145,191
1,<environment.Job instance at 0x7fdceb5f7b90>,65,12,[8 5],66,218,230,152,218
1,<environment.Job instance at 0x7fdd35f3a730>,68,17,[3 7],69,234,251,165,234
1,<environment.Job instance at 0x7fdceb29ca50>,71,17,[2 7],72,251,268,179,239
1,<environment.Job instance at 0x7fdceb29caa0>,73,12,[7 4],74,268,280,194,256
1,<environment.Job instance at 0x7fdceb5429b0>,74,3,[ 3 10],75,280,283,205,256
1,<environment.Job instance at 0x7fdd30db5a00>,1,3,[3 9],2,3,6,1,3
1,<environment.Job instance at 0x7fdd3129f6e0>,6,13,[3 9],7,8,21,1,8
1,<environment.Job instance at 0x7fdceb5c3fa0>,4,16,[5 5],5,21,37,16,10
1,<environment.Job instance at 0x7fdceb4ab190>,2,16,[ 3 10],3,37,53,34,24
1,<environment.Job instance at 0x7fdd3129f9b0>,18,16,[8 3],19,53,69,34,42
1,<environment.Job instance at 0x7fdd3129feb0>,14,16,[2 7],15,57,73,42,57
1,<environment.Job instance at 0x7fdd3128e870>,27,2,[10  3],28,73,75,45,61
1,<environment.Job instance at 0x7fdd3128e410>,24,17,[9 2],25,85,102,60,85
1,<environment.Job instance at 0x7fdd3128eaf0>,32,18,[4 7],33,102,120,69,91
1,<environment.Job instance at 0x7fdd3128efa0>,37,3,[6 3],38,107,110,69,107
1,<environment.Job instance at 0x7fdd3128ed70>,36,18,[8 3],37,120,138,83,109
1,<environment.Job instance at 0x7fdd312820a0>,43,14,[3 6],44,138,152,94,126
1,<environment.Job instance at 0x7fdd312824b0>,44,2,[9 3],45,152,154,107,127
1,<environment.Job instance at 0x7fdd31282730>,46,13,[9 3],47,154,167,107,141
1,<environment.Job instance at 0x7fdd31282870>,48,16,[9 4],49,167,183,118,155
1,<environment.Job instance at 0x7fdceb4abaf0>,5,17,[ 3 10],6,195,212,189,195
1,<environment.Job instance at 0x7fdd31282d70>,56,18,[7 4],57,212,230,155,201
1,<environment.Job instance at 0x7fdd3128c280>,57,19,[1 5],58,212,231,154,204
1,<environment.Job instance at 0x7fdd3128c3c0>,59,18,[6 4],60,230,248,170,219
1,<environment.Job instance at 0x7fdd3128c2d0>,2,15,[5 9],3,7,22,4,7
1,<environment.Job instance at 0x7fdceb290c80>,9,12,[9 4],10,22,34,12,11
1,<environment.Job instance at 0x7fdd313b45a0>,12,1,[6 3],13,34,35,21,13
1,<environment.Job instance at 0x7fdd313b4a50>,17,18,[3 8],18,35,53,17,28
1,<environment.Job instance at 0x7fdd30db5b90>,29,3,[8 2],30,53,56,23,30
1,<environment.Job instance at 0x7fdd35d7c6e0>,34,3,[2 7],35,53,56,18,43
1,<environment.Job instance at 0x7fdceb553c80>,0,16,[ 2 10],1,56,72,55,44
1,<environment.Job instance at 0x7fdd35d7c140>,36,12,[3 9],37,72,84,35,63
1,<environment.Job instance at 0x7fdceb86fa50>,42,12,[6 1],43,72,84,29,70
1,<environment.Job instance at 0x7fdceb86f780>,39,18,[6 1],40,84,102,44,73
1,<environment.Job instance at 0x7fdceb4701e0>,47,16,[1 7],48,87,103,39,87
1,<environment.Job instance at 0x7fdceb470c80>,49,18,[2 7],50,103,121,53,92
1,<environment.Job instance at 0x7fdceb86fb90>,38,16,[4 8],39,121,137,82,108
1,<environment.Job instance at 0x7fdceb4706e0>,52,1,[5 1],53,108,109,55,108
1,<environment.Job instance at 0x7fdd35ea3550>,59,1,[8 1],60,116,117,56,116
1,<environment.Job instance at 0x7fdd35b27e10>,61,12,[3 7],62,137,149,75,128
1,<environment.Job instance at 0x7fdd35b27690>,62,15,[ 2 10],63,149,164,86,137
1,<environment.Job instance at 0x7fdceb6c65a0>,70,3,[5 3],71,164,167,93,158
1,<environment.Job instance at 0x7fdceb6c6e60>,71,18,[3 8],72,167,185,95,161
1,<environment.Job instance at 0x7fdd311f8820>,74,15,[4 8],75,185,200,110,171
1,<environment.Job instance at 0x7fdd3585db90>,77,15,[7 4],78,200,215,122,186
1,<environment.Job instance at 0x7fdd3105e690>,5,15,[3 5],6,8,23,2,8
1,<environment.Job instance at 0x7fdd3105e3c0>,10,2,[10  5],11,23,25,12,11
1,<environment.Job instance at 0x7fdd3105ea50>,11,3,[9 1],12,25,28,13,23
1,<environment.Job instance at 0x7fdd30f3c780>,15,12,[2 8],16,28,40,12,23
1,<environment.Job instance at 0x7fdd30f3ceb0>,16,12,[9 5],17,40,52,23,24
1,<environment.Job instance at 0x7fdd310c5d20>,21,14,[9 4],22,52,66,30,39
1,<environment.Job instance at 0x7fdd30f3c550>,19,15,[2 6],20,66,81,46,53
1,<environment.Job instance at 0x7fdd310c5370>,25,18,[7 5],26,81,99,55,75
1,<environment.Job instance at 0x7fdd35f59910>,37,15,[5 8],38,99,114,61,85
1,<environment.Job instance at 0x7fdceb506fa0>,46,17,[3 5],47,114,131,67,104
1,<environment.Job instance at 0x7fdceb5b5be0>,50,13,[5 6],51,131,144,80,116
1,<environment.Job instance at 0x7fdceb5b5b40>,52,12,[10  4],53,144,156,91,127
1,<environment.Job instance at 0x7fdceb3cb9b0>,60,16,[7 5],61,156,172,95,143
1,<environment.Job instance at 0x7fdd30e08960>,66,15,[3 5],67,158,173,91,158
1,<environment.Job instance at 0x7fdceb3cbaf0>,63,17,[5 9],64,175,192,111,175
1,<environment.Job instance at 0x7fdd30e08d70>,71,1,[5 5],72,192,193,120,175
1,<environment.Job instance at 0x7fdd30e08370>,70,12,[10  1],71,193,205,122,177
1,<environment.Job instance at 0x7fdd30e08050>,72,16,[9 4],73,205,221,132,192
1,<environment.Job instance at 0x7fdd30df9410>,1,13,[7 4],2,3,16,1,3
1,<environment.Job instance at 0x7fdceb691f50>,9,12,[4 6],10,16,28,6,10
1,<environment.Job instance at 0x7fdceb691d70>,11,13,[10  4],12,28,41,16,13
1,<environment.Job instance at 0x7fdceb695410>,12,15,[8 4],13,41,56,28,27
1,<environment.Job instance at 0x7fdceb695730>,16,17,[2 5],17,41,58,24,32
1,<environment.Job instance at 0x7fdceb695050>,18,12,[9 3],19,58,70,39,43
1,<environment.Job instance at 0x7fdceb6aabe0>,25,15,[3 9],26,70,85,44,61
1,<environment.Job instance at 0x7fdceb13ff00>,30,17,[10  1],31,85,102,54,75
1,<environment.Job instance at 0x7fdd30f2f550>,35,3,[5 3],36,102,105,66,80
1,<environment.Job instance at 0x7fdceb1664b0>,38,13,[4 6],39,102,115,63,102
1,<environment.Job instance at 0x7fdceb41bb90>,40,12,[7 4],41,115,127,74,103
1,<environment.Job instance at 0x7fdd313e7410>,44,16,[7 4],45,127,143,82,114
1,<environment.Job instance at 0x7fdd30f44780>,48,17,[9 5],49,143,160,94,136
1,<environment.Job instance at 0x7fdd31348af0>,52,14,[4 6],53,160,174,107,146
1,<environment.Job instance at 0x7fdceb13f5f0>,31,14,[5 8],32,174,188,142,161
1,<environment.Job instance at 0x7fdd31348d20>,58,2,[3 6],59,188,190,129,162
1,<environment.Job instance at 0x7fdd315071e0>,61,3,[8 5],62,190,193,128,177
1,<environment.Job instance at 0x7fdd35887eb0>,62,12,[ 1 10],63,193,205,130,177
1,<environment.Job instance at 0x7fdd31352190>,71,3,[1 8],72,208,211,136,208
1,<environment.Job instance at 0x7fdd31507140>,59,15,[3 9],60,211,226,151,208
1,<environment.Job instance at 0x7fdd31352370>,74,12,[9 1],75,226,238,151,209
1,<environment.Job instance at 0x7fdd3642d0f0>,0,12,[5 6],1,4,16,3,4
1,<environment.Job instance at 0x7fdd31352a00>,4,13,[2 7],5,16,29,11,10
1,<environment.Job instance at 0x7fdd314b8870>,12,14,[ 4 10],13,29,43,16,14
1,<environment.Job instance at 0x7fdd35a28dc0>,15,16,[7 3],16,43,59,27,31
1,<environment.Job instance at 0x7fdd30dd1280>,21,15,[8 4],22,59,74,37,45
1,<environment.Job instance at 0x7fdd313de230>,26,12,[2 7],27,74,86,47,59
1,<environment.Job instance at 0x7fdceb24da00>,33,18,[4 6],34,86,104,52,75
1,<environment.Job instance at 0x7fdd35c23eb0>,37,12,[1 6],38,104,116,66,96
1,<environment.Job instance at 0x7fdd35c23780>,39,17,[5 7],40,116,133,76,105
1,<environment.Job instance at 0x7fdceb5f3aa0>,47,1,[8 1],48,133,134,85,131
1,<environment.Job instance at 0x7fdceb5f30f0>,48,3,[9 5],49,134,137,85,131
1,<environment.Job instance at 0x7fdceb5f32d0>,51,2,[3 9],52,137,139,85,134
1,<environment.Job instance at 0x7fdd314bd910>,1,16,[3 9],2,139,155,137,134
1,<environment.Job instance at 0x7fdd312aa500>,22,14,[9 2],23,155,169,132,143
1,<environment.Job instance at 0x7fdd311df5f0>,56,13,[5 7],57,169,182,112,153
1,<environment.Job instance at 0x7fdceb959780>,61,12,[4 7],62,182,194,120,170
1,<environment.Job instance at 0x7fdceb154eb0>,65,14,[4 8],66,194,208,128,182
1,<environment.Job instance at 0x7fdd31447b40>,67,12,[1 6],68,208,220,140,192
1,<environment.Job instance at 0x7fdd312140a0>,72,1,[1 8],73,220,221,147,206
1,<environment.Job instance at 0x7fdd312147d0>,74,2,[3 6],75,229,231,154,229
1,<environment.Job instance at 0x7fdd30fcf280>,76,1,[9 2],77,231,232,154,229
1,<environment.Job instance at 0x7fdceb58b4b0>,1,2,[1 9],2,2,4,0,2
1,<environment.Job instance at 0x7fdceafdb6e0>,3,13,[8 4],4,4,17,0,4
1,<environment.Job instance at 0x7fdd35d4f460>,5,16,[7 3],6,17,33,11,6
1,<environment.Job instance at 0x7fdceafdbd70>,8,13,[8 5],9,33,46,24,18
1,<environment.Job instance at 0x7fdd30d69eb0>,19,14,[5 1],20,46,60,26,31
1,<environment.Job instance at 0x7fdd30d690a0>,18,2,[1 9],19,46,48,27,31
1,<environment.Job instance at 0x7fdd30d694b0>,21,2,[ 5 10],22,60,62,38,33
1,<environment.Job instance at 0x7fdd30d69500>,23,3,[6 2],24,62,65,38,42
1,<environment.Job instance at 0x7fdd30d69d70>,25,3,[9 2],26,65,68,39,43
1,<environment.Job instance at 0x7fdd30d69c80>,29,18,[6 2],30,68,86,38,57
1,<environment.Job instance at 0x7fdd30d69640>,32,13,[ 3 10],33,86,99,53,72
1,<environment.Job instance at 0x7fdceafd3640>,35,14,[5 7],36,99,113,63,85
1,<environment.Job instance at 0x7fdceafd32d0>,36,16,[9 2],37,113,129,76,100
1,<environment.Job instance at 0x7fdceafd6550>,45,16,[4 9],46,129,145,83,123
1,<environment.Job instance at 0x7fdceafd6aa0>,52,18,[3 8],53,145,163,92,134
1,<environment.Job instance at 0x7fdceafc26e0>,63,12,[5 4],64,163,175,99,161
1,<environment.Job instance at 0x7fdceafc2230>,65,13,[9 1],66,175,188,109,162
1,<environment.Job instance at 0x7fdceafc24b0>,69,3,[ 3 10],70,188,191,118,179
1,<environment.Job instance at 0x7fdceafc2eb0>,68,14,[ 1 10],69,191,205,122,179
1,<environment.Job instance at 0x7fdceafdd0f0>,74,13,[3 6],75,205,218,130,193
1,<environment.Job instance at 0x7fdceafddd20>,78,16,[10  3],79,218,234,139,208
1,<environment.Job instance at 0x7fdceafd6be0>,50,17,[ 5 10],51,263,280,212,263
1,<environment.Job instance at 0x7fdd31106780>,0,3,[ 4 10],1,2,5,1,2
1,<environment.Job instance at 0x7fdceb60eaa0>,1,2,[2 9],2,5,7,3,2
1,<environment.Job instance at 0x7fdceb333f00>,3,3,[8 1],4,5,8,1,5
1,<environment.Job instance at 0x7fdceafd6320>,4,17,[2 7],5,7,24,2,6
1,<environment.Job instance at 0x7fdd35a07d20>,7,16,[5 4],8,24,40,16,14
1,<environment.Job instance at 0x7fdd35a00e60>,14,3,[8 2],15,17,20,2,17
1,<environment.Job instance at 0x7fdd359fa780>,9,18,[5 1],10,20,38,10,17
1,<environment.Job instance at 0x7fdd35a00190>,16,15,[5 6],17,38,53,21,24
1,<environment.Job instance at 0x7fdd35a113c0>,21,16,[5 5],22,53,69,31,40
1,<environment.Job instance at 0x7fdd358a7190>,30,2,[5 2],31,65,67,34,65
1,<environment.Job instance at 0x7fdd359ffb90>,31,15,[5 2],32,67,82,35,66
1,<environment.Job instance at 0x7fdceb5f2190>,37,2,[10  2],38,82,84,44,79
1,<environment.Job instance at 0x7fdceb5f5d20>,38,2,[8 5],39,84,86,45,79
1,<environment.Job instance at 0x7fdceb5c2cd0>,39,17,[9 4],40,86,103,46,79
1,<environment.Job instance at 0x7fdceb5efdc0>,40,13,[10  1],41,103,116,62,88
1,<environment.Job instance at 0x7fdd35a00690>,20,15,[1 8],21,116,131,95,102
1,<environment.Job instance at 0x7fdceb7ddb90>,48,13,[8 2],49,116,129,67,102
1,<environment.Job instance at 0x7fdceb7dc6e0>,51,16,[4 6],52,131,147,79,119
1,<environment.Job instance at 0x7fdceb75b5a0>,57,15,[10  4],58,150,165,92,150
1,<environment.Job instance at 0x7fdceb75b140>,62,14,[3 7],63,165,179,102,159
1,<environment.Job instance at 0x7fdceb74cf00>,67,15,[2 6],68,179,194,111,165
1,<environment.Job instance at 0x7fdceb74c820>,69,18,[10  2],70,194,212,124,192
1,<environment.Job instance at 0x7fdd31161f00>,9,14,[2 8],10,15,29,5,15
1,<environment.Job instance at 0x7fdd3142d690>,5,14,[1 7],6,29,43,23,17
1,<environment.Job instance at 0x7fdd35dd13c0>,15,18,[5 6],16,43,61,27,32
1,<environment.Job instance at 0x7fdd30f92c80>,18,12,[ 1 10],19,61,73,42,45
1,<environment.Job instance at 0x7fdd3107a9b0>,23,13,[3 9],24,73,86,49,57
1,<environment.Job instance at 0x7fdd35f7c370>,26,13,[1 6],27,86,99,59,72
1,<environment.Job instance at 0x7fdd35f7cf00>,29,12,[5 8],30,99,111,69,82
1,<environment.Job instance at 0x7fdceb0d2960>,35,1,[7 3],36,111,112,75,102
1,<environment.Job instance at 0x7fdceb0d2c30>,36,3,[5 5],37,112,115,75,102
1,<environment.Job instance at 0x7fdceb0d21e0>,37,2,[3 7],38,115,117,77,102
1,<environment.Job instance at 0x7fdceb0d2a00>,40,13,[5 8],41,117,130,76,103
1,<environment.Job instance at 0x7fdd35d4fa50>,1,1,[ 3 10],2,2,3,0,2
1,<environment.Job instance at 0x7fdd3120c6e0>,2,16,[6 1],3,6,22,3,6
1,<environment.Job instance at 0x7fdd3120c460>,5,14,[5 4],6,22,36,16,16
1,<environment.Job instance at 0x7fdd3120c140>,12,2,[1 9],13,36,38,23,22
1,<environment.Job instance at 0x7fdceaf7b8c0>,18,14,[5 4],19,22,36,3,22
1,<environment.Job instance at 0x7fdceaf7b230>,19,15,[6 4],20,38,53,18,24
1,<environment.Job instance at 0x7fdceaf7b500>,27,13,[9 4],28,53,66,25,40
1,<environment.Job instance at 0x7fdceaf7baa0>,28,13,[4 8],29,66,79,37,51
1,<environment.Job instance at 0x7fdceb78c8c0>,36,16,[4 8],37,79,95,42,67
1,<environment.Job instance at 0x7fdceb78c730>,38,15,[1 6],39,95,110,56,81
1,<environment.Job instance at 0x7fdceaf7b0f0>,16,16,[4 9],17,110,126,93,97
1,<environment.Job instance at 0x7fdd35d4f9b0>,3,14,[ 4 10],4,126,140,122,112
1,<environment.Job instance at 0x7fdceb78ca50>,32,18,[6 5],33,140,158,107,129
1,<environment.Job instance at 0x7fdd35b9daf0>,46,17,[4 6],47,158,175,111,148
1,<environment.Job instance at 0x7fdd35f4ef00>,56,12,[3 5],57,175,187,118,160
1,<environment.Job instance at 0x7fdd35f4e820>,63,3,[10  2],64,187,190,123,176
1,<environment.Job instance at 0x7fdd35f4e550>,65,14,[4 8],66,190,204,124,176
1,<environment.Job instance at 0x7fdd35b9d960>,48,18,[10  1],49,204,222,155,202
1,<environment.Job instance at 0x7fdceb362410>,72,1,[1 7],73,222,223,149,207
1,<environment.Job instance at 0x7fdd35b9dbe0>,52,17,[ 1 10],53,253,270,200,253
1,<environment.Job instance at 0x7fdceb362e10>,76,16,[ 1 10],77,325,341,248,325
1,<environment.Job instance at 0x7fdceb7987d0>,3,12,[3 9],4,10,22,6,10
1,<environment.Job instance at 0x7fdceb798190>,10,15,[8 4],11,22,37,11,11
1,<environment.Job instance at 0x7fdceb7988c0>,2,16,[2 8],3,37,53,34,24
1,<environment.Job instance at 0x7fdceb7959b0>,18,12,[5 4],19,53,65,34,36
1,<environment.Job instance at 0x7fdceb7955f0>,16,15,[3 9],17,65,80,48,54
1,<environment.Job instance at 0x7fdceb798f00>,9,17,[ 1 10],10,80,97,70,68
1,<environment.Job instance at 0x7fdceb7b19b0>,32,3,[5 8],33,97,100,64,81
1,<environment.Job instance at 0x7fdceb7b15a0>,31,12,[5 3],32,100,112,68,85
1,<environment.Job instance at 0x7fdceb7b4c80>,40,18,[3 5],41,100,118,59,93
1,<environment.Job instance at 0x7fdceb7b4870>,42,3,[5 8],43,118,121,75,101
1,<environment.Job instance at 0x7fdceb7b4af0>,48,12,[6 4],49,121,133,72,104
1,<environment.Job instance at 0x7fdceb3c92d0>,51,13,[3 5],52,121,134,69,106
1,<environment.Job instance at 0x7fdceb3c9f00>,56,13,[6 4],57,133,146,76,117
1,<environment.Job instance at 0x7fdceb77a8c0>,59,12,[5 8],60,146,158,86,131
1,<environment.Job instance at 0x7fdceb77a0f0>,65,3,[8 1],66,158,161,92,155
1,<environment.Job instance at 0x7fdceb3d8550>,71,17,[7 4],72,161,178,89,155
1,<environment.Job instance at 0x7fdceb798960>,1,17,[ 2 10],2,178,195,176,168
1,<environment.Job instance at 0x7fdceb3d85a0>,75,13,[7 4],76,195,208,119,179
1,<environment.Job instance at 0x7fdceb3d8730>,76,16,[3 8],77,208,224,131,207
1,<environment.Job instance at 0x7fdceb3d8b90>,73,14,[ 5 10],74,318,332,244,318
1,<environment.Job instance at 0x7fe88a835280>,0,18,[ 2 10],1,7,25,6,7
1,<environment.Job instance at 0x7fe88a8789b0>,3,18,[ 3 10],4,25,43,21,14
1,<environment.Job instance at 0x7fe87d421be0>,14,12,[3 7],15,43,55,28,36
1,<environment.Job instance at 0x7fe87d421d70>,16,12,[1 8],17,55,67,38,38
1,<environment.Job instance at 0x7fe87d421820>,9,17,[ 4 10],10,75,92,65,75
1,<environment.Job instance at 0x7fe87d424190>,27,2,[6 4],28,92,94,64,80
1,<environment.Job instance at 0x7fe87d424690>,29,13,[1 6],30,92,105,62,80
1,<environment.Job instance at 0x7fe87d424500>,31,17,[4 9],32,105,122,73,97
1,<environment.Job instance at 0x7fe87d4247d0>,34,3,[9 5],35,122,125,87,100
1,<environment.Job instance at 0x7fe87d424c80>,37,14,[5 5],38,125,139,87,110
1,<environment.Job instance at 0x7fe87d424fa0>,39,18,[5 8],40,139,157,99,128
1,<environment.Job instance at 0x7fe87d421dc0>,18,16,[8 5],19,157,173,138,145
1,<environment.Job instance at 0x7fe87d4263c0>,48,13,[6 1],49,173,186,124,160
1,<environment.Job instance at 0x7fe87d433190>,0,3,[7 2],1,1,4,0,1
1,<environment.Job instance at 0x7fe87d426460>,2,2,[2 5],3,4,6,1,4
1,<environment.Job instance at 0x7fe88a9a7f00>,4,2,[4 7],5,6,8,1,5
1,<environment.Job instance at 0x7fe88a9a7eb0>,6,2,[4 8],7,8,10,1,7
1,<environment.Job instance at 0x7fe88a9a7460>,7,3,[5 3],8,10,13,2,8
1,<environment.Job instance at 0x7fe88a85fd70>,10,18,[7 5],11,13,31,2,12
1,<environment.Job instance at 0x7fe87d4265f0>,1,16,[5 8],2,31,47,29,27
1,<environment.Job instance at 0x7fe88a99b820>,13,17,[5 6],14,47,64,33,47
1,<environment.Job instance at 0x7fe88a9ae780>,28,3,[2 7],29,64,67,35,47
1,<environment.Job instance at 0x7fe88a9ae460>,30,2,[5 6],31,67,69,36,49
1,<environment.Job instance at 0x7fe88a9ae690>,25,14,[9 1],26,69,83,43,54
1,<environment.Job instance at 0x7fe88a9a8e60>,34,15,[9 1],35,83,98,48,69
1,<environment.Job instance at 0x7fe88a9a8230>,39,14,[8 1],40,98,112,58,85
1,<environment.Job instance at 0x7fe88a9a4280>,44,15,[10  5],45,112,127,67,98
1,<environment.Job instance at 0x7fe83f814a00>,1,1,[5 1],2,2,3,0,2
1,<environment.Job instance at 0x7fe83f7c3af0>,3,1,[3 9],4,4,5,0,4
1,<environment.Job instance at 0x7fe83f7c3a50>,7,2,[9 3],8,8,10,0,8
1,<environment.Job instance at 0x7fe83f7c3370>,8,14,[8 5],9,10,24,1,9
1,<environment.Job instance at 0x7fe83f7c3550>,9,17,[9 2],10,24,41,14,13
1,<environment.Job instance at 0x7fe83f7ca2d0>,22,14,[9 2],23,41,55,18,30
1,<environment.Job instance at 0x7fe83f7caf00>,26,13,[5 1],27,55,68,28,41
1,<environment.Job instance at 0x7fe83f7ca550>,24,17,[10  2],25,68,85,43,56
1,<environment.Job instance at 0x7fe83f809550>,34,13,[5 9],35,85,98,50,70
1,<environment.Job instance at 0x7fe83f809640>,36,16,[7 2],37,98,114,61,85
1,<environment.Job instance at 0x7fe83f8099b0>,43,15,[5 6],44,114,129,70,102
1,<environment.Job instance at 0x7fe83f8091e0>,37,18,[ 1 10],38,135,153,97,135
1,<environment.Job instance at 0x7fe83f74b050>,50,15,[7 4],51,153,168,102,139
1,<environment.Job instance at 0x7fe83f74b460>,51,13,[3 6],52,153,166,101,139
1,<environment.Job instance at 0x7fe83f74bcd0>,53,12,[3 8],54,168,180,114,152
1,<environment.Job instance at 0x7fe83f74bf50>,55,12,[2 6],56,180,192,124,165
1,<environment.Job instance at 0x7fe83f74bc30>,58,18,[3 8],59,192,210,133,182
1,<environment.Job instance at 0x7fe83f74b690>,61,16,[7 4],62,210,226,148,197
1,<environment.Job instance at 0x7fe83f75ee60>,63,18,[1 6],64,210,228,146,202
1,<environment.Job instance at 0x7fe83f75eaf0>,68,12,[9 2],69,226,238,157,217
1,<environment.Job instance at 0x7fe83f7e8500>,72,13,[2 5],73,238,251,165,225
1,<environment.Job instance at 0x7fe83f75e410>,66,17,[2 6],67,251,268,184,245
1,<environment.Job instance at 0x7fe83f7e8cd0>,79,12,[1 8],80,268,280,188,257
1,<environment.Job instance at 0x7fe83f7e8140>,84,18,[10  2],85,280,298,195,270
1,<environment.Job instance at 0x7fe83fbb8dc0>,6,14,[5 4],7,7,21,0,7
1,<environment.Job instance at 0x7fe83fbb84b0>,7,14,[4 7],8,21,35,13,9
1,<environment.Job instance at 0x7fe83fbb8460>,11,16,[6 2],12,24,40,12,24
1,<environment.Job instance at 0x7fe83fbdd320>,21,3,[3 6],22,35,38,13,25
1,<environment.Job instance at 0x7fe83fbdd0a0>,19,14,[5 7],20,40,54,20,25
1,<environment.Job instance at 0x7fe83f84beb0>,26,16,[5 7],27,54,70,27,42
1,<environment.Job instance at 0x7fe83f84be10>,30,17,[4 5],31,70,87,39,58
1,<environment.Job instance at 0x7fe83f84b3c0>,35,18,[9 5],36,87,105,51,76
1,<environment.Job instance at 0x7fe83f84b280>,37,17,[7 5],38,105,122,67,93
1,<environment.Job instance at 0x7fe83f7f54b0>,41,15,[10  3],42,122,137,80,109
1,<environment.Job instance at 0x7fe83f7f59b0>,47,14,[7 1],48,137,151,89,124
1,<environment.Job instance at 0x7fe83f7f56e0>,50,14,[ 3 10],51,151,165,100,136
1,<environment.Job instance at 0x7fe83f7f5690>,53,15,[7 4],54,165,180,111,152
1,<environment.Job instance at 0x7fe83fbdd2d0>,24,18,[ 5 10],25,180,198,155,173
1,<environment.Job instance at 0x7fe83fd494b0>,60,13,[ 4 10],61,198,211,137,183
1,<environment.Job instance at 0x7fe83fd495f0>,63,13,[2 5],64,211,224,147,195
1,<environment.Job instance at 0x7fe88a9a2dc0>,0,1,[5 1],1,2,3,1,2
1,<environment.Job instance at 0x7fe87d810640>,2,2,[1 5],3,3,5,0,3
1,<environment.Job instance at 0x7fe83fb0b1e0>,5,12,[2 5],6,6,18,0,6
1,<environment.Job instance at 0x7fe83fd491e0>,3,12,[8 5],4,7,19,3,7
1,<environment.Job instance at 0x7fe83fb0b820>,6,3,[2 7],7,19,22,12,8
1,<environment.Job instance at 0x7fe83fb13190>,8,3,[4 7],9,22,25,13,9
1,<environment.Job instance at 0x7fe83fb130a0>,7,13,[ 1 10],8,25,38,17,10
1,<environment.Job instance at 0x7fe83fb13aa0>,18,14,[3 6],19,38,52,19,36
1,<environment.Job instance at 0x7fe83fb0b690>,11,18,[3 8],12,52,70,40,45
1,<environment.Job instance at 0x7fe83fb11190>,27,13,[4 9],28,70,83,42,54
1,<environment.Job instance at 0x7fe83fb13320>,9,18,[ 2 10],10,83,101,73,77
1,<environment.Job instance at 0x7fe83fb11e60>,40,16,[1 9],41,101,117,60,88
1,<environment.Job instance at 0x7fe83fb114b0>,32,17,[9 1],33,101,118,68,99
1,<environment.Job instance at 0x7fe83fb012d0>,45,12,[4 7],46,118,130,72,102
1,<environment.Job instance at 0x7fe83fb013c0>,47,13,[4 6],48,130,143,82,115
1,<environment.Job instance at 0x7fe83fb01500>,49,17,[5 1],50,118,135,68,115
1,<environment.Job instance at 0x7fe83fb018c0>,52,13,[8 1],53,143,156,90,127
1,<environment.Job instance at 0x7fe83fb01dc0>,56,13,[1 6],57,143,156,86,142
1,<environment.Job instance at 0x7fe83fb01eb0>,57,14,[10  3],58,156,170,98,145
1,<environment.Job instance at 0x7fe83fb01820>,51,18,[5 7],52,170,188,118,160
1,<environment.Job instance at 0x7fe83fb1f4b0>,65,16,[10  5],66,189,205,123,189
1,<environment.Job instance at 0x7fe83fb1f690>,67,14,[9 1],68,205,219,137,191
1,<environment.Job instance at 0x7fe83fb1f820>,72,12,[8 5],73,219,231,146,204
1,<environment.Job instance at 0x7fe83fb1fb90>,75,15,[5 7],76,231,246,155,217
1,<environment.Job instance at 0x7fe83f620370>,83,17,[1 8],84,246,263,162,240
1,<environment.Job instance at 0x7fe87dfd3780>,0,1,[2 9],1,1,2,0,1
1,<environment.Job instance at 0x7fe83f620370>,2,17,[10  3],3,4,21,1,4
1,<environment.Job instance at 0x7fe87d78cb40>,13,14,[3 6],14,21,35,7,14
1,<environment.Job instance at 0x7fe87d78c280>,10,13,[3 8],11,35,48,24,19
1,<environment.Job instance at 0x7fe87d200370>,19,14,[2 6],20,48,62,28,35
1,<environment.Job instance at 0x7fe87d200280>,21,14,[1 9],22,62,76,40,47
1,<environment.Job instance at 0x7fe87d809b90>,25,14,[7 3],26,76,90,50,62
1,<environment.Job instance at 0x7fe87d950370>,3,13,[9 5],4,90,103,86,85
1,<environment.Job instance at 0x7fe87d809370>,37,12,[10  4],38,103,115,65,86
1,<environment.Job instance at 0x7fe87d809280>,36,14,[8 1],37,115,129,78,100
1,<environment.Job instance at 0x7fe87d1daaf0>,45,2,[7 5],46,129,131,83,104
1,<environment.Job instance at 0x7fe87d1da8c0>,46,18,[8 2],47,131,149,84,120
1,<environment.Job instance at 0x7fe87d25b500>,53,15,[6 5],54,149,164,95,141
1,<environment.Job instance at 0x7fe87d26b780>,58,14,[3 8],59,164,178,105,151
1,<environment.Job instance at 0x7fe87d65ce10>,62,12,[3 8],63,178,190,115,168
1,<environment.Job instance at 0x7fe87d18af50>,65,16,[4 5],66,190,206,124,177
1,<environment.Job instance at 0x7fe87d809b40>,23,18,[4 8],24,206,224,182,195
1,<environment.Job instance at 0x7fe87d950c80>,4,15,[ 1 10],5,224,239,219,210
1,<environment.Job instance at 0x7fe87d18a0a0>,74,15,[5 7],75,239,254,164,225
1,<environment.Job instance at 0x7fe87d18aa00>,77,18,[1 7],78,254,272,176,243
1,<environment.Job instance at 0x7fe87d18aaf0>,80,1,[6 5],81,272,273,191,247
1,<environment.Job instance at 0x7fe87d25f410>,84,1,[5 7],85,273,274,188,271
1,<environment.Job instance at 0x7fe87d18afa0>,69,17,[ 5 10],70,277,294,207,277
1,<environment.Job instance at 0x7fe87de56960>,1,12,[5 9],2,3,15,1,3
1,<environment.Job instance at 0x7fe87d18c780>,6,14,[10  4],7,15,29,8,10
1,<environment.Job instance at 0x7fe87d4776e0>,10,3,[1 6],11,29,32,18,12
1,<environment.Job instance at 0x7fe87de56af0>,0,14,[8 4],1,29,43,28,28
1,<environment.Job instance at 0x7fe83f84cb40>,17,18,[3 6],18,43,61,25,40
1,<environment.Job instance at 0x7fe83f891c30>,25,12,[6 1],26,47,59,21,47
1,<environment.Job instance at 0x7fe83fbb3fa0>,27,3,[5 1],28,59,62,31,48
1,<environment.Job instance at 0x7fe83fabfaa0>,29,14,[9 5],30,62,76,32,48
1,<environment.Job instance at 0x7fe83f84c280>,20,18,[5 9],21,76,94,55,68
1,<environment.Job instance at 0x7fe83fc8faa0>,38,16,[9 2],39,103,119,64,103
1,<environment.Job instance at 0x7fe83fc8f730>,40,12,[7 2],41,119,131,78,109
1,<environment.Job instance at 0x7fe83fc8feb0>,46,14,[9 2],47,131,145,84,117
1,<environment.Job instance at 0x7fe87d414cd0>,1,13,[6 5],2,3,16,1,3
1,<environment.Job instance at 0x7fe87d965550>,3,15,[6 1],4,16,31,12,5
1,<environment.Job instance at 0x7fe87d895730>,6,2,[5 5],7,31,33,24,7
1,<environment.Job instance at 0x7fe87d895820>,7,1,[10  3],8,33,34,25,8
1,<environment.Job instance at 0x7fe87d895a50>,10,15,[5 6],11,34,49,23,20
1,<environment.Job instance at 0x7fe87d895c30>,16,14,[5 4],17,34,48,17,20
1,<environment.Job instance at 0x7fe87d880140>,18,2,[4 5],19,23,25,4,23
1,<environment.Job instance at 0x7fe87d880870>,24,12,[3 5],25,49,61,24,35
1,<environment.Job instance at 0x7fe87d895cd0>,14,15,[7 3],15,49,64,34,35
1,<environment.Job instance at 0x7fe87d895eb0>,15,12,[10  3],16,64,76,48,58
1,<environment.Job instance at 0x7fe87d885370>,37,2,[ 2 10],38,76,78,38,68
1,<environment.Job instance at 0x7fe87d885820>,39,16,[5 3],40,78,94,38,68
1,<environment.Job instance at 0x7fe87d895fa0>,17,15,[10  1],18,94,109,76,80
1,<environment.Job instance at 0x7fe87d885c80>,44,16,[9 4],45,109,125,64,96
1,<environment.Job instance at 0x7fe87d885aa0>,43,16,[8 5],44,125,141,81,112
1,<environment.Job instance at 0x7fe87d891190>,56,12,[1 5],57,126,138,69,126
1,<environment.Job instance at 0x7fe87d891910>,58,14,[9 1],59,141,155,82,127
1,<environment.Job instance at 0x7fe87d891780>,62,15,[6 2],63,155,170,92,141
1,<environment.Job instance at 0x7fe87d88f0a0>,68,18,[6 5],69,170,188,101,159
1,<environment.Job instance at 0x7fe87d8858c0>,40,18,[ 5 10],41,188,206,147,177
1,<environment.Job instance at 0x7fe87d885e60>,48,17,[3 9],49,206,223,157,195
1,<environment.Job instance at 0x7fe87d88f780>,79,12,[4 6],80,223,235,143,206
1,<environment.Job instance at 0x7fe87d88fbe0>,82,17,[9 4],83,235,252,152,223
1,<environment.Job instance at 0x7fe87d88ff00>,87,15,[4 6],88,252,267,164,238
1,<environment.Job instance at 0x7fe87d88f1e0>,1,2,[8 4],2,4,6,2,4
1,<environment.Job instance at 0x7fe87d52f8c0>,6,3,[8 3],7,11,14,4,11
1,<environment.Job instance at 0x7fe87d457190>,11,3,[6 4],12,14,17,2,13
1,<environment.Job instance at 0x7fe87d7e88c0>,14,12,[9 1],15,17,29,2,17
1,<environment.Job instance at 0x7fe87d7e8280>,15,2,[6 3],16,29,31,13,17
1,<environment.Job instance at 0x7fe87d457640>,16,13,[4 7],17,29,42,12,17
1,<environment.Job instance at 0x7fe87d52f0a0>,4,16,[4 5],5,42,58,37,38
1,<environment.Job instance at 0x7fe83fbc9a00>,26,18,[6 3],27,40,58,13,40
1,<environment.Job instance at 0x7fe83f6d4730>,30,15,[10  4],31,58,73,27,55
1,<environment.Job instance at 0x7fe87d6e3d20>,32,15,[4 8],33,73,88,40,66
1,<environment.Job instance at 0x7fe87d3d5a50>,36,12,[2 7],37,90,102,53,90
1,<environment.Job instance at 0x7fe83f6a4dc0>,38,18,[4 6],39,105,123,66,105
1,<environment.Job instance at 0x7fe87d2b6280>,42,16,[3 8],43,123,139,80,116
1,<environment.Job instance at 0x7fe87d2b6410>,43,13,[7 4],44,139,152,95,125
1,<environment.Job instance at 0x7fe87d2b6e60>,49,16,[7 2],50,158,174,108,158
1,<environment.Job instance at 0x7fe87daa3140>,51,16,[5 7],52,174,190,122,170
1,<environment.Job instance at 0x7fe87d4217d0>,53,13,[5 5],54,190,203,136,174
1,<environment.Job instance at 0x7fe87dda1dc0>,65,12,[8 5],66,203,215,137,201
1,<environment.Job instance at 0x7fe83f906e60>,66,14,[6 4],67,215,229,148,203
1,<environment.Job instance at 0x7fe87d348d70>,68,17,[3 7],69,229,246,160,217
1,<environment.Job instance at 0x7fe87d3485a0>,72,17,[6 4],73,246,263,173,238
1,<environment.Job instance at 0x7fe87d348370>,83,18,[5 5],84,284,302,200,284
1,<environment.Job instance at 0x7fe87da31640>,84,16,[5 5],85,289,305,204,289
1,<environment.Job instance at 0x7fe87da314b0>,88,18,[1 5],89,328,346,239,328
1,<environment.Job instance at 0x7fe87d348c30>,82,16,[ 3 10],83,647,663,564,647
1,<environment.Job instance at 0x7fe83fdad500>,1,3,[1 9],2,2,5,0,2
1,<environment.Job instance at 0x7fe83fb4b6e0>,5,1,[5 8],6,6,7,0,6
1,<environment.Job instance at 0x7fe83fb4b9b0>,6,13,[5 5],7,7,20,0,7
1,<environment.Job instance at 0x7fe83fca0c80>,8,16,[8 3],9,20,36,11,9
1,<environment.Job instance at 0x7fe83f9c1dc0>,9,1,[5 4],10,10,11,0,10
1,<environment.Job instance at 0x7fe83faa3190>,13,1,[10  1],14,36,37,22,15
1,<environment.Job instance at 0x7fe83f994d70>,2,13,[9 4],3,37,50,34,26
1,<environment.Job instance at 0x7fe83f6a4d20>,20,3,[5 7],21,54,57,33,54
1,<environment.Job instance at 0x7fe87d56c1e0>,17,2,[10  3],18,57,59,39,54
1,<environment.Job instance at 0x7fe83f6a48c0>,21,1,[7 3],22,59,60,37,54
1,<environment.Job instance at 0x7fe83f6a46e0>,19,14,[5 1],20,60,74,40,54
1,<environment.Job instance at 0x7fe83fdc87d0>,25,12,[7 1],26,74,86,48,58
1,<environment.Job instance at 0x7fe83f71b140>,27,3,[6 3],28,86,89,58,65
1,<environment.Job instance at 0x7fe83f9cc320>,26,18,[8 3],27,89,107,62,78
1,<environment.Job instance at 0x7fe83faead20>,33,14,[3 6],34,107,121,73,94
1,<environment.Job instance at 0x7fe83faeafa0>,38,16,[9 4],39,121,137,82,108
1,<environment.Job instance at 0x7fe83fb5b730>,39,15,[5 7],40,137,152,97,123
1,<environment.Job instance at 0x7fe83fb5b370>,44,13,[2 6],45,152,165,107,136
1,<environment.Job instance at 0x7fe83fb5b550>,46,18,[7 4],47,152,170,105,143
1,<environment.Job instance at 0x7fe83fb5bc30>,49,18,[6 4],50,170,188,120,161
1,<environment.Job instance at 0x7fe83fb5bc30>,2,2,[3 6],3,3,5,0,3
1,<environment.Job instance at 0x7fe87db78fa0>,8,3,[6 1],9,9,12,0,9
1,<environment.Job instance at 0x7fe87db78f50>,9,3,[8 2],10,12,15,2,11
1,<environment.Job instance at 0x7fe87db78d20>,6,3,[5 8],7,23,26,16,23
1,<environment.Job instance at 0x7fe87db696e0>,19,18,[6 1],20,42,60,22,42
1,<environment.Job instance at 0x7fe87db69780>,20,15,[2 8],21,42,57,21,42
1,<environment.Job instance at 0x7fe87db69e10>,25,16,[10  5],26,60,76,34,47
1,<environment.Job instance at 0x7fe87db73050>,30,15,[4 7],31,76,91,45,62
1,<environment.Job instance at 0x7fe87db732d0>,34,13,[8 2],35,91,104,56,79
1,<environment.Job instance at 0x7fe87db73410>,36,3,[6 1],37,79,82,42,79
1,<environment.Job instance at 0x7fe87db73550>,38,13,[2 5],39,91,104,52,80
1,<environment.Job instance at 0x7fe87db735f0>,39,1,[8 1],40,104,105,64,80
1,<environment.Job instance at 0x7fe87db73d70>,42,15,[ 2 10],43,105,120,62,91
1,<environment.Job instance at 0x7fe87db69b40>,29,18,[2 7],30,120,138,90,110
1,<environment.Job instance at 0x7fe87db65410>,51,18,[3 8],52,138,156,86,127
1,<environment.Job instance at 0x7fe87db655f0>,54,15,[4 8],55,156,171,101,145
1,<environment.Job instance at 0x7fe87db78dc0>,5,18,[9 2],6,171,189,165,162
1,<environment.Job instance at 0x7fe83f699230>,67,13,[9 1],68,189,202,121,176
1,<environment.Job instance at 0x7fe83f6996e0>,71,3,[9 1],72,202,205,130,177
1,<environment.Job instance at 0x7fe83f699550>,72,13,[9 1],73,205,218,132,189
1,<environment.Job instance at 0x7fe83f6997d0>,76,12,[9 5],77,218,230,141,205
1,<environment.Job instance at 0x7fe87db65910>,59,17,[ 1 10],60,230,247,170,222
1,<environment.Job instance at 0x7fe83f68a140>,82,13,[2 9],83,247,260,164,232
1,<environment.Job instance at 0x7fe83fb5b190>,1,18,[10  5],2,260,278,258,254
1,<environment.Job instance at 0x7fe83f68a6e0>,1,1,[8 4],2,2,3,0,2
1,<environment.Job instance at 0x7fe87da32320>,2,1,[2 5],3,3,4,0,3
1,<environment.Job instance at 0x7fe87d4d7500>,9,17,[2 6],10,14,31,4,14
1,<environment.Job instance at 0x7fe83f98b870>,16,17,[3 5],17,31,48,14,19
1,<environment.Job instance at 0x7fe83f98bc30>,19,1,[4 5],20,31,32,11,20
1,<environment.Job instance at 0x7fe83f98b190>,20,13,[5 6],21,48,61,27,34
1,<environment.Job instance at 0x7fe83f98b140>,24,13,[ 5 10],25,61,74,36,48
1,<environment.Job instance at 0x7fe83f919370>,29,15,[6 2],30,74,89,44,63
1,<environment.Job instance at 0x7fe83f919780>,34,17,[2 5],35,74,91,39,65
1,<environment.Job instance at 0x7fe83f919eb0>,36,15,[3 5],37,89,104,52,75
1,<environment.Job instance at 0x7fe83f9190f0>,30,16,[7 5],31,100,116,69,100
1,<environment.Job instance at 0x7fe83f919fa0>,41,1,[5 5],42,116,117,74,100
1,<environment.Job instance at 0x7fe83f919d70>,42,16,[9 4],43,117,133,74,104
1,<environment.Job instance at 0x7fe87d266dc0>,51,13,[7 4],52,147,160,95,147
1,<environment.Job instance at 0x7fe87d266eb0>,57,12,[2 8],58,160,172,102,153
1,<environment.Job instance at 0x7fe87d266960>,58,18,[5 3],59,172,190,113,164
1,<environment.Job instance at 0x7fe87d1d3dc0>,60,13,[2 6],61,172,185,111,166
1,<environment.Job instance at 0x7fe87d1d3730>,62,15,[8 4],63,190,205,127,176
1,<environment.Job instance at 0x7fe87d1d3870>,66,17,[2 5],67,185,202,118,176
1,<environment.Job instance at 0x7fe87d9f0f00>,69,13,[6 4],70,205,218,135,191
1,<environment.Job instance at 0x7fe87d9f0aa0>,74,12,[9 1],75,218,230,143,203
1,<environment.Job instance at 0x7fe87d9f0640>,77,17,[1 9],78,218,235,140,218
1,<environment.Job instance at 0x7fe87d9f0870>,79,18,[7 5],80,235,253,155,224
1,<environment.Job instance at 0x7fe87d9f01e0>,81,14,[5 8],82,253,267,171,238
1,<environment.Job instance at 0x7fe83f72b0f0>,84,17,[7 2],85,267,284,182,256
1,<environment.Job instance at 0x7fe87d4d7dc0>,8,18,[5 8],9,628,646,619,628
1,<environment.Job instance at 0x7fe87db65dc0>,1,1,[4 5],2,2,3,0,2
1,<environment.Job instance at 0x7fe87d30a9b0>,0,12,[7 4],1,4,16,3,4
1,<environment.Job instance at 0x7fe87d30a320>,5,3,[10  4],6,16,19,10,6
1,<environment.Job instance at 0x7fe87d30a8c0>,6,1,[ 4 10],7,19,20,12,7
1,<environment.Job instance at 0x7fe87d4d7dc0>,3,15,[3 9],4,20,35,16,11
1,<environment.Job instance at 0x7fe87d30a140>,4,16,[7 4],5,35,51,30,22
1,<environment.Job instance at 0x7fe87d49b5a0>,21,3,[8 5],22,51,54,29,34
1,<environment.Job instance at 0x7fe87d30a410>,8,17,[9 5],9,54,71,45,42
1,<environment.Job instance at 0x7fe87e0e44b0>,24,15,[10  2],25,71,86,46,57
1,<environment.Job instance at 0x7fe83f6b6c30>,31,3,[1 8],32,86,89,54,61
1,<environment.Job instance at 0x7fe83f6b6190>,37,12,[5 9],38,89,101,51,79
1,<environment.Job instance at 0x7fe83f6b6640>,38,2,[6 3],39,101,103,62,79
1,<environment.Job instance at 0x7fe83f6b6410>,39,2,[1 9],40,103,105,63,79
1,<environment.Job instance at 0x7fe83fac09b0>,40,12,[5 6],41,105,117,64,88
1,<environment.Job instance at 0x7fe83fac05f0>,45,17,[10  3],46,117,134,71,106
1,<environment.Job instance at 0x7fe83fac0fa0>,41,16,[3 9],42,136,152,94,136
1,<environment.Job instance at 0x7fe83f660dc0>,55,16,[7 3],56,152,168,96,139
1,<environment.Job instance at 0x7fe83f660a00>,56,12,[8 4],57,168,180,111,152
1,<environment.Job instance at 0x7fe83f660fa0>,63,16,[2 6],64,171,187,107,171
1,<environment.Job instance at 0x7fe83f660230>,64,2,[6 1],65,180,182,115,171
1,<environment.Job instance at 0x7fe83f660f50>,65,17,[5 3],66,182,199,116,173
1,<environment.Job instance at 0x7fe83f660370>,66,12,[2 7],67,187,199,120,173
1,<environment.Job instance at 0x7fe83fac6780>,52,14,[ 4 10],53,199,213,146,190
1,<environment.Job instance at 0x7fe83fb050f0>,76,17,[3 7],77,215,232,138,215
1,<environment.Job instance at 0x7fe83f6608c0>,57,16,[1 8],58,232,248,174,221
1,<environment.Job instance at 0x7fe87d4411e0>,88,3,[9 5],89,248,251,159,246
1,<environment.Job instance at 0x7fe87d441e10>,83,14,[ 2 10],84,255,269,171,255
1,<environment.Job instance at 0x7fe87d7be780>,0,2,[8 4],1,2,4,1,2
1,<environment.Job instance at 0x7fe83fac6190>,1,2,[3 9],2,4,6,2,2
1,<environment.Job instance at 0x7fe87d573550>,4,13,[10  5],5,11,24,6,11
1,<environment.Job instance at 0x7fe83fd7bb90>,11,12,[4 7],12,24,36,12,13
1,<environment.Job instance at 0x7fe83fd7b910>,12,17,[9 4],13,36,53,23,24
1,<environment.Job instance at 0x7fe83fd7b410>,17,12,[1 6],18,36,48,18,28
1,<environment.Job instance at 0x7fe87d441eb0>,3,16,[3 8],4,54,70,50,54
1,<environment.Job instance at 0x7fe83fd7e550>,19,16,[10  5],20,79,95,59,79
1,<environment.Job instance at 0x7fe83f4c5690>,33,13,[8 4],34,95,108,61,85
1,<environment.Job instance at 0x7fe87d77dbe0>,37,13,[10  4],38,108,121,70,97
1,<environment.Job instance at 0x7fe83fddc640>,39,13,[8 2],40,121,134,81,105
1,<environment.Job instance at 0x7fe87d4dceb0>,42,16,[5 4],43,134,150,91,121
1,<environment.Job instance at 0x7fe87d503050>,49,14,[5 1],50,134,148,84,133
1,<environment.Job instance at 0x7fe87d747230>,52,14,[7 3],53,150,164,97,137
1,<environment.Job instance at 0x7fe83f9a0dc0>,57,3,[8 1],58,164,167,106,147
1,<environment.Job instance at 0x7fe83f899690>,61,1,[2 5],62,148,149,86,148
1,<environment.Job instance at 0x7fe87d41aeb0>,62,13,[ 3 10],63,167,180,104,151
1,<environment.Job instance at 0x7fe83f899eb0>,65,14,[5 7],66,180,194,114,166
1,<environment.Job instance at 0x7fe83f9cf730>,69,2,[8 2],70,194,196,124,179
1,<environment.Job instance at 0x7fe83f9cfa00>,70,2,[5 4],71,196,198,125,179
1,<environment.Job instance at 0x7fe83f9cf0f0>,71,2,[6 1],72,198,200,126,179
1,<environment.Job instance at 0x7fe87e105be0>,72,12,[1 9],73,198,210,125,181
1,<environment.Job instance at 0x7fe87e1055f0>,73,1,[7 3],74,210,211,136,182
1,<environment.Job instance at 0x7fe87e105730>,74,2,[2 5],75,194,196,119,182
1,<environment.Job instance at 0x7fe87e105190>,76,18,[5 5],77,211,229,134,200
1,<environment.Job instance at 0x7fe87d60e9b0>,81,14,[10  1],82,229,243,147,214
1,<environment.Job instance at 0x7fe87d60e320>,80,17,[ 5 10],81,243,260,162,232
1,<environment.Job instance at 0x7fe87e0e79b0>,2,18,[3 7],3,4,22,1,4
1,<environment.Job instance at 0x7fe83fa56c30>,14,13,[3 6],15,22,35,7,15
1,<environment.Job instance at 0x7fe87da9f3c0>,13,13,[5 6],14,35,48,21,20
1,<environment.Job instance at 0x7fe87d9b7280>,3,12,[5 4],4,22,34,18,20
1,<environment.Job instance at 0x7fe87d8f6550>,24,17,[2 7],25,48,65,23,43
1,<environment.Job instance at 0x7fe83f6d88c0>,27,16,[5 4],28,65,81,37,52
1,<environment.Job instance at 0x7fe87d6f6320>,29,18,[5 1],30,65,83,35,65
1,<environment.Job instance at 0x7fe87d6f63c0>,30,16,[1 7],31,81,97,50,68
1,<environment.Job instance at 0x7fe87d6f6e10>,36,15,[5 6],37,97,112,60,85
1,<environment.Job instance at 0x7fe87d212af0>,39,12,[3 9],40,112,124,72,97
1,<environment.Job instance at 0x7fe87d212050>,41,16,[5 5],42,124,140,82,111
1,<environment.Job instance at 0x7fe87d212550>,44,14,[ 3 10],45,140,154,95,126
1,<environment.Job instance at 0x7fe87dea6410>,57,2,[10  2],58,154,156,96,152
1,<environment.Job instance at 0x7fe87dea6e60>,59,17,[9 4],60,156,173,96,154
1,<environment.Job instance at 0x7fe87dea6820>,60,13,[10  1],61,173,186,112,158
1,<environment.Job instance at 0x7fe87d6f5f00>,65,15,[1 5],66,186,201,120,172
1,<environment.Job instance at 0x7fe83fa87a50>,67,3,[9 4],68,186,189,118,186
1,<environment.Job instance at 0x7fe87d4f7f00>,68,13,[8 2],69,189,202,120,187
1,<environment.Job instance at 0x7fe83fb39eb0>,18,16,[10  3],19,202,218,183,189
1,<environment.Job instance at 0x7fe83f5c11e0>,4,13,[5 8],5,20,33,15,20
1,<environment.Job instance at 0x7fe87dad60a0>,19,14,[2 8],20,52,66,32,52
1,<environment.Job instance at 0x7fe83f486640>,1,1,[ 3 10],2,2,3,0,2
1,<environment.Job instance at 0x7fe87dad6640>,2,16,[6 1],3,5,21,2,5
1,<environment.Job instance at 0x7fe83f8d9a50>,5,14,[5 4],6,21,35,15,7
1,<environment.Job instance at 0x7fe83f8b4be0>,9,3,[5 4],10,21,24,11,21
1,<environment.Job instance at 0x7fe83f8b4fa0>,16,16,[4 9],17,35,51,18,28
1,<environment.Job instance at 0x7fe83f8d0690>,17,18,[6 1],18,35,53,17,34
1,<environment.Job instance at 0x7fe87d5d4280>,27,13,[9 4],28,53,66,25,44
1,<environment.Job instance at 0x7fe87d5d4eb0>,28,13,[4 8],29,66,79,37,51
1,<environment.Job instance at 0x7fe83f830140>,36,16,[4 8],37,79,95,42,67
1,<environment.Job instance at 0x7fe83f847b90>,41,12,[5 6],42,95,107,53,79
1,<environment.Job instance at 0x7fe83f85e9b0>,44,17,[1 6],45,107,124,62,97
1,<environment.Job instance at 0x7fe83f830af0>,37,15,[4 8],38,124,139,86,110
1,<environment.Job instance at 0x7fe87d7e86e0>,34,14,[ 5 10],35,139,153,104,126
1,<environment.Job instance at 0x7fe83f842050>,54,13,[1 9],55,153,166,98,137
1,<environment.Job instance at 0x7fe87d583c30>,61,17,[9 4],62,166,183,104,154
1,<environment.Job instance at 0x7fe87d57c3c0>,66,12,[9 1],67,183,195,116,166
1,<environment.Job instance at 0x7fe83f8426e0>,52,17,[ 1 10],53,195,212,142,183
1,<environment.Job instance at 0x7fe87d592eb0>,76,16,[ 1 10],77,212,228,135,201
1,<environment.Job instance at 0x7fe87d592730>,81,17,[ 2 10],82,228,245,146,216
1,<environment.Job instance at 0x7fe87d592640>,83,12,[3 9],84,245,257,161,228
1,<environment.Job instance at 0x7fe87d577230>,86,15,[5 9],87,257,272,170,245
1,<environment.Job instance at 0x7fe87d57c4b0>,68,18,[10  4],69,272,290,203,261
1,<environment.Job instance at 0x7fe87d532e10>,1,12,[8 1],2,2,14,0,2
1,<environment.Job instance at 0x7fe88a85f370>,5,3,[9 1],6,14,17,8,6
1,<environment.Job instance at 0x7fe87ddc6780>,6,15,[3 9],7,17,32,10,7
1,<environment.Job instance at 0x7fe83fb391e0>,16,13,[ 2 10],17,92,105,75,92
1,<environment.Job instance at 0x7fe87d8587d0>,18,3,[1 7],19,105,108,86,99
1,<environment.Job instance at 0x7fe87d1a54b0>,21,12,[5 3],22,105,117,83,105
1,<environment.Job instance at 0x7fe87d1a5b90>,22,3,[5 8],23,117,120,94,105
1,<environment.Job instance at 0x7fe87d188a00>,27,3,[2 7],28,120,123,92,118
1,<environment.Job instance at 0x7fe87de08370>,29,1,[5 6],30,123,124,93,118
1,<environment.Job instance at 0x7fe87de08280>,30,18,[3 5],31,124,142,93,118
1,<environment.Job instance at 0x7fe83fcb60a0>,35,1,[1 7],36,142,143,106,122
1,<environment.Job instance at 0x7fe83f5c1a50>,36,2,[5 3],37,123,125,86,123
1,<environment.Job instance at 0x7fe83f5c14b0>,38,12,[6 4],39,125,137,86,123
1,<environment.Job instance at 0x7fe87d8b0410>,39,2,[4 8],40,143,145,103,123
1,<environment.Job instance at 0x7fe83f86e8c0>,31,15,[3 7],32,145,160,113,132
1,<environment.Job instance at 0x7fe87d8b0500>,42,18,[4 8],43,160,178,117,149
1,<environment.Job instance at 0x7fe87d8b0dc0>,50,2,[5 4],51,178,180,127,161
1,<environment.Job instance at 0x7fe87daf44b0>,55,3,[8 1],56,180,183,124,174
1,<environment.Job instance at 0x7fe87d8bef50>,57,2,[5 8],58,183,185,125,174
1,<environment.Job instance at 0x7fe87d8be910>,58,3,[6 2],59,174,177,115,174
1,<environment.Job instance at 0x7fe87e0a5140>,59,2,[10  1],60,185,187,125,174
1,<environment.Job instance at 0x7fe87e0a53c0>,61,17,[7 4],62,187,204,125,175
1,<environment.Job instance at 0x7fe87d72bdc0>,63,14,[ 5 10],64,204,218,140,191
1,<environment.Job instance at 0x7fe87d72b8c0>,67,3,[6 5],68,218,221,150,207
1,<environment.Job instance at 0x7fe87d5282d0>,70,15,[5 5],71,221,236,150,208
1,<environment.Job instance at 0x7fe87d528d70>,72,17,[5 7],73,236,253,163,224
1,<environment.Job instance at 0x7fe83f437aa0>,80,18,[9 3],81,253,271,172,242
1,<environment.Job instance at 0x7fe87dca36e0>,87,14,[5 6],88,271,285,183,256
1,<environment.Job instance at 0x7fe87d43e280>,81,17,[9 4],82,336,353,254,336
1,<environment.Job instance at 0x7fe83fddcf50>,1,3,[6 5],2,2,5,0,2
1,<environment.Job instance at 0x7fe83f616780>,7,13,[7 1],8,8,21,0,8
1,<environment.Job instance at 0x7fe83f616be0>,4,13,[10  1],5,21,34,16,8
1,<environment.Job instance at 0x7fe83f6160f0>,9,3,[4 8],10,34,37,24,11
1,<environment.Job instance at 0x7fe87d437d20>,16,14,[6 2],17,34,48,17,22
1,<environment.Job instance at 0x7fe83f616050>,6,15,[4 6],7,37,52,30,32
1,<environment.Job instance at 0x7fe87d4376e0>,20,14,[8 2],21,52,66,31,37
1,<environment.Job instance at 0x7fe87d437870>,27,15,[6 1],28,66,81,38,53
1,<environment.Job instance at 0x7fe87d437be0>,24,18,[4 8],25,66,84,41,55
1,<environment.Job instance at 0x7fe83fa1e0f0>,41,16,[5 2],42,81,97,39,81
1,<environment.Job instance at 0x7fe83fa1e280>,42,2,[5 4],43,84,86,41,82
1,<environment.Job instance at 0x7fe83fa1e3c0>,45,14,[7 5],46,97,111,51,97
1,<environment.Job instance at 0x7fe83fa1e500>,47,16,[8 4],48,111,127,63,98
1,<environment.Job instance at 0x7fe83fa1eb40>,51,3,[1 5],52,107,110,55,107
1,<environment.Job instance at 0x7fe83fa1ef50>,52,12,[8 2],53,127,139,74,110
1,<environment.Job instance at 0x7fe83fa1eaa0>,43,15,[ 3 10],44,139,154,95,126
1,<environment.Job instance at 0x7fe87d3a2140>,61,16,[8 4],62,154,170,92,144
1,<environment.Job instance at 0x7fe87d3a2f00>,65,15,[9 1],66,170,185,104,158
1,<environment.Job instance at 0x7fe87d3a20f0>,70,15,[1 8],71,170,185,99,167
1,<environment.Job instance at 0x7fe83f710eb0>,73,13,[10  3],74,185,198,111,175
1,<environment.Job instance at 0x7fe83f710460>,80,12,[9 4],81,198,210,117,181
1,<environment.Job instance at 0x7fe83f7105a0>,84,17,[3 5],85,211,228,126,211
1,<environment.Job instance at 0x7fe83f710960>,85,15,[ 1 10],86,228,243,142,226
1,<environment.Job instance at 0x7fe87df1e7d0>,2,14,[6 2],3,6,20,3,6
1,<environment.Job instance at 0x7fe87df1e6e0>,1,13,[5 8],2,20,33,18,8
1,<environment.Job instance at 0x7fe87df1c960>,8,12,[6 3],9,33,45,24,16
1,<environment.Job instance at 0x7fe87dee8780>,19,17,[5 2],20,45,62,25,34
1,<environment.Job instance at 0x7fe87dee8460>,23,15,[2 7],24,39,54,15,39
1,<environment.Job instance at 0x7fe87dee83c0>,17,17,[5 6],18,54,71,36,47
1,<environment.Job instance at 0x7fe87dee8280>,13,16,[9 5],14,71,87,57,58
1,<environment.Job instance at 0x7fe87df16c30>,28,12,[ 1 10],29,87,99,58,70
1,<environment.Job instance at 0x7fe87df165a0>,36,18,[7 3],37,99,117,62,88
1,<environment.Job instance at 0x7fe87df162d0>,40,16,[ 2 10],41,117,133,76,104
1,<environment.Job instance at 0x7fe87df200a0>,47,2,[5 5],48,133,135,85,106
1,<environment.Job instance at 0x7fe87df20870>,49,15,[4 6],50,135,150,85,121
1,<environment.Job instance at 0x7fe87d73f7d0>,54,17,[5 5],55,150,167,95,138
1,<environment.Job instance at 0x7fe87d73fa00>,59,15,[9 1],60,167,182,107,155
1,<environment.Job instance at 0x7fe87df0ea00>,61,15,[10  4],62,182,197,120,173
1,<environment.Job instance at 0x7fe87df0eb40>,66,14,[9 2],67,224,238,157,224
1,<environment.Job instance at 0x7fe87df0e0f0>,71,1,[7 2],72,238,239,166,224
1,<environment.Job instance at 0x7fe87df0e0a0>,70,13,[3 7],71,270,283,199,270
1,<environment.Job instance at 0x7fe87df029b0>,79,12,[5 1],80,289,301,209,289
1,<environment.Job instance at 0x7fe87df02eb0>,80,3,[8 5],81,301,304,220,289
1,<environment.Job instance at 0x7fe87df021e0>,83,3,[8 4],84,304,307,220,289
1,<environment.Job instance at 0x7fe87df028c0>,85,3,[ 1 10],86,307,310,221,289
1,<environment.Job instance at 0x7fe87df025f0>,86,14,[8 3],87,310,324,223,295
1,<environment.Job instance at 0x7fe87df02be0>,75,17,[9 3],76,617,634,541,617
1,<environment.Job instance at 0x7f67714d82d0>,5,13,[5 9],6,6,19,0,6
1,<environment.Job instance at 0x7f67714d8410>,7,14,[5 1],8,10,24,2,10
1,<environment.Job instance at 0x7f677892ae10>,3,18,[ 3 10],4,24,42,20,13
1,<environment.Job instance at 0x7f67714d8780>,12,3,[6 3],13,42,45,29,23
1,<environment.Job instance at 0x7f67714d8af0>,13,13,[1 8],14,45,58,31,32
1,<environment.Job instance at 0x7f67714d88c0>,17,3,[10  3],18,58,61,40,46
1,<environment.Job instance at 0x7f67714d8d70>,18,16,[8 5],19,61,77,42,49
1,<environment.Job instance at 0x7f67714d8dc0>,21,3,[ 2 10],22,77,80,55,64
1,<environment.Job instance at 0x7f67714da1e0>,23,18,[5 2],24,80,98,56,69
1,<environment.Job instance at 0x7f67714da0a0>,25,3,[1 6],26,80,83,54,69
1,<environment.Job instance at 0x7f67714da500>,29,13,[1 6],30,83,96,53,71
1,<environment.Job instance at 0x7f67714da190>,32,17,[9 3],33,98,115,65,93
1,<environment.Job instance at 0x7f67714daa50>,35,16,[8 1],36,115,131,79,102
1,<environment.Job instance at 0x7f67714dac30>,39,18,[5 8],40,131,149,91,120
1,<environment.Job instance at 0x7f67714eeaa0>,1,1,[9 4],2,2,3,0,2
1,<environment.Job instance at 0x7f67714eeb90>,0,18,[7 5],1,4,22,3,4
1,<environment.Job instance at 0x7f677890e230>,4,17,[5 4],5,22,39,17,21
1,<environment.Job instance at 0x7f6778a4ddc0>,15,14,[9 1],16,39,53,23,24
1,<environment.Job instance at 0x7f677890eb40>,6,12,[2 6],7,53,65,46,39
1,<environment.Job instance at 0x7f6778a4de60>,19,16,[1 8],20,65,81,45,52
1,<environment.Job instance at 0x7f6778a56e10>,24,15,[9 1],25,65,80,40,54
1,<environment.Job instance at 0x7f6778a561e0>,29,14,[8 1],30,80,94,50,66
1,<environment.Job instance at 0x7f6778a60820>,34,15,[10  5],35,94,109,59,80
1,<environment.Job instance at 0x7f672d7d4910>,0,2,[3 8],1,1,3,0,1
1,<environment.Job instance at 0x7f6778a60820>,2,14,[9 2],3,13,27,10,13
1,<environment.Job instance at 0x7f672d8d45a0>,12,17,[10  4],13,27,44,14,22
1,<environment.Job instance at 0x7f672d8d4050>,15,17,[8 1],16,44,61,28,32
1,<environment.Job instance at 0x7f672d8d4cd0>,10,17,[2 9],11,44,61,33,42
1,<environment.Job instance at 0x7f672d8cd2d0>,25,17,[3 5],26,66,83,40,66
1,<environment.Job instance at 0x7f672d8cd550>,23,15,[5 6],24,83,98,59,69
1,<environment.Job instance at 0x7f672d8cdfa0>,29,12,[5 4],30,70,82,40,70
1,<environment.Job instance at 0x7f672d8cdc80>,31,13,[3 6],32,98,111,66,82
1,<environment.Job instance at 0x7f672d8cde10>,33,12,[3 8],34,111,123,77,94
1,<environment.Job instance at 0x7f672d8ac5f0>,35,12,[2 6],36,123,135,87,110
1,<environment.Job instance at 0x7f672d8ac550>,41,16,[7 4],42,123,139,81,122
1,<environment.Job instance at 0x7f672d8ac7d0>,43,18,[1 6],44,135,153,91,124
1,<environment.Job instance at 0x7f672d8ac500>,45,3,[6 4],46,139,142,93,137
1,<environment.Job instance at 0x7f672d8ac960>,46,17,[2 6],47,153,170,106,141
1,<environment.Job instance at 0x7f672d8ac910>,47,16,[2 8],48,170,186,122,159
1,<environment.Job instance at 0x7f672d808410>,53,14,[3 5],54,186,200,132,174
1,<environment.Job instance at 0x7f672d808230>,59,12,[1 8],60,200,212,140,184
1,<environment.Job instance at 0x7f672d8082d0>,64,18,[10  2],65,212,230,147,201
1,<environment.Job instance at 0x7f672d910eb0>,69,1,[8 5],70,230,231,160,214
1,<environment.Job instance at 0x7f672d910910>,70,1,[9 5],71,231,232,160,214
1,<environment.Job instance at 0x7f672d8b22d0>,1,2,[3 8],2,2,4,0,2
1,<environment.Job instance at 0x7f672db7b550>,3,13,[8 3],4,6,19,2,6
1,<environment.Job instance at 0x7f672db7bb90>,6,15,[7 3],7,19,34,12,7
1,<environment.Job instance at 0x7f677148a9b0>,13,2,[3 5],14,19,21,5,17
1,<environment.Job instance at 0x7f672db7bdc0>,10,14,[2 8],11,34,48,23,21
1,<environment.Job instance at 0x7f672d8a9e10>,17,14,[7 1],18,35,49,17,35
1,<environment.Job instance at 0x7f672d8a9f00>,19,17,[4 8],20,49,66,29,37
1,<environment.Job instance at 0x7f672d8a9870>,22,2,[9 3],23,66,68,43,39
1,<environment.Job instance at 0x7f672d75fe60>,24,3,[5 8],25,68,71,43,48
1,<environment.Job instance at 0x7f672d75f190>,26,15,[6 2],27,71,86,44,57
1,<environment.Job instance at 0x7f672d75fd20>,30,13,[ 4 10],31,86,99,55,70
1,<environment.Job instance at 0x7f672d75f690>,33,13,[2 5],34,99,112,65,83
1,<environment.Job instance at 0x7f672d75f820>,37,2,[9 1],38,112,114,74,94
1,<environment.Job instance at 0x7f672d75f550>,38,14,[10  4],39,114,128,75,99
1,<environment.Job instance at 0x7f672db7b730>,5,18,[9 5],6,128,146,122,117
1,<environment.Job instance at 0x7f672d8b1690>,45,17,[6 3],46,146,163,100,135
1,<environment.Job instance at 0x7f672d8b1140>,51,14,[3 6],52,146,160,94,143
1,<environment.Job instance at 0x7f672d8b1af0>,52,15,[7 3],53,163,178,110,150
1,<environment.Job instance at 0x7f672db8ceb0>,55,16,[2 6],56,160,176,104,157
1,<environment.Job instance at 0x7f672db8c280>,56,15,[10  5],57,178,193,121,164
1,<environment.Job instance at 0x7f672db98050>,58,16,[3 6],59,193,209,134,180
1,<environment.Job instance at 0x7f672db98910>,65,12,[2 5],66,209,221,143,195
1,<environment.Job instance at 0x7f672dc29280>,69,18,[ 2 10],70,221,239,151,211
1,<environment.Job instance at 0x7f672dc298c0>,76,15,[4 9],77,239,254,162,225
1,<environment.Job instance at 0x7f672dc290a0>,80,18,[4 8],81,254,272,173,243
1,<environment.Job instance at 0x7f672dccd230>,87,13,[4 9],88,272,285,184,266
1,<environment.Job instance at 0x7f672d8b0d20>,92,17,[9 1],93,285,302,192,274
1,<environment.Job instance at 0x7f672d8b0230>,97,20,[5 2],98,302,322,204,299
1,<environment.Job instance at 0x7f672d7b66e0>,1,3,[3 7],2,2,5,0,2
1,<environment.Job instance at 0x7f672d8b04b0>,2,17,[4 6],3,5,22,2,3
1,<environment.Job instance at 0x7f672dbcc8c0>,9,17,[5 1],10,10,27,0,10
1,<environment.Job instance at 0x7f672dc69e10>,0,16,[1 9],1,22,38,21,12
1,<environment.Job instance at 0x7f672dbcc5f0>,8,14,[2 7],9,38,52,29,23
1,<environment.Job instance at 0x7f672dbccd70>,17,14,[10  3],18,52,66,34,37
1,<environment.Job instance at 0x7f672dbccf50>,18,13,[8 2],19,66,79,47,53
1,<environment.Job instance at 0x7f672dbd0500>,26,13,[8 4],27,79,92,52,65
1,<environment.Job instance at 0x7f672dbccaf0>,11,18,[5 7],12,92,110,80,87
1,<environment.Job instance at 0x7f672dbd0eb0>,35,15,[5 7],36,110,125,74,96
1,<environment.Job instance at 0x7f672dbd0960>,30,17,[9 4],31,126,143,95,126
1,<environment.Job instance at 0x7f672dbd0640>,25,16,[10  5],26,143,159,117,131
1,<environment.Job instance at 0x7f672dbc0280>,60,13,[3 8],61,210,223,149,210
1,<environment.Job instance at 0x7f672dbc03c0>,2,3,[ 3 10],3,3,6,0,3
1,<environment.Job instance at 0x7f6777da9b40>,3,15,[6 5],4,9,24,5,9
1,<environment.Job instance at 0x7f6777da90a0>,9,3,[3 6],10,24,27,14,11
1,<environment.Job instance at 0x7f67712b9af0>,10,3,[7 3],11,24,27,13,11
1,<environment.Job instance at 0x7f67712b9320>,15,16,[4 5],16,27,43,11,19
1,<environment.Job instance at 0x7f677181ca00>,19,17,[ 5 10],20,43,60,23,31
1,<environment.Job instance at 0x7f677181c3c0>,24,15,[5 7],25,60,75,35,50
1,<environment.Job instance at 0x7f677181c370>,26,14,[ 5 10],27,75,89,48,64
1,<environment.Job instance at 0x7f6778279eb0>,30,1,[6 5],31,89,90,58,74
1,<environment.Job instance at 0x7f6778279730>,31,14,[5 4],32,90,104,58,75
1,<environment.Job instance at 0x7f677181cf00>,21,15,[3 5],22,89,104,67,76
1,<environment.Job instance at 0x7f677181cf50>,27,18,[1 7],28,104,122,76,93
1,<environment.Job instance at 0x7f672d881a50>,41,12,[5 9],42,122,134,80,117
1,<environment.Job instance at 0x7f672d881870>,43,18,[6 1],44,134,152,90,125
1,<environment.Job instance at 0x7f672d881280>,46,14,[10  4],47,152,166,105,139
1,<environment.Job instance at 0x7f67780ba550>,1,3,[5 9],2,3,6,1,3
1,<environment.Job instance at 0x7f672ddaceb0>,5,13,[3 9],6,6,19,0,6
1,<environment.Job instance at 0x7f67780ba730>,0,18,[8 1],1,19,37,18,13
1,<environment.Job instance at 0x7f672dda1640>,8,17,[2 6],9,19,36,10,16
1,<environment.Job instance at 0x7f67714cb280>,17,14,[2 5],18,36,50,18,21
1,<environment.Job instance at 0x7f672dd513c0>,18,16,[6 5],19,37,53,18,24
1,<environment.Job instance at 0x7f672dd6f690>,21,2,[3 5],22,50,52,28,24
1,<environment.Job instance at 0x7f672d975870>,23,14,[4 8],24,53,67,29,38
1,<environment.Job instance at 0x7f67784deaf0>,26,15,[9 1],27,67,82,40,53
1,<environment.Job instance at 0x7f6778224af0>,28,13,[6 1],29,54,67,25,54
1,<environment.Job instance at 0x7f677843fcd0>,32,13,[ 5 10],33,82,95,49,66
1,<environment.Job instance at 0x7f6777f0ac30>,38,17,[7 2],39,95,112,56,84
1,<environment.Job instance at 0x7f6777f0a370>,39,16,[10  2],40,112,128,72,99
1,<environment.Job instance at 0x7f6777ecb820>,45,12,[10  3],46,128,140,82,120
1,<environment.Job instance at 0x7f6777ecb280>,46,14,[5 4],47,140,154,93,125
1,<environment.Job instance at 0x7f6777ecb690>,48,2,[4 5],49,140,142,91,131
1,<environment.Job instance at 0x7f6777ecb640>,50,17,[2 6],51,142,159,91,135
1,<environment.Job instance at 0x7f672dc0d780>,55,3,[9 2],56,159,162,103,144
1,<environment.Job instance at 0x7f672dc0d2d0>,57,3,[10  4],58,162,165,104,146
1,<environment.Job instance at 0x7f6778824c80>,40,15,[5 6],41,165,180,124,158
1,<environment.Job instance at 0x7f6778456910>,64,13,[1 8],65,180,193,115,166
1,<environment.Job instance at 0x7f677196be60>,69,16,[5 3],70,193,209,123,180
1,<environment.Job instance at 0x7f67713fc1e0>,73,16,[8 5],74,209,225,135,196
1,<environment.Job instance at 0x7f67715f8e60>,76,15,[10  4],77,225,240,148,213
1,<environment.Job instance at 0x7f6771352050>,80,14,[1 8],81,240,254,159,227
1,<environment.Job instance at 0x7f6777dc8c80>,83,13,[5 1],84,240,253,156,229
1,<environment.Job instance at 0x7f6777dc8d20>,86,12,[1 5],87,254,266,167,238
1,<environment.Job instance at 0x7f6777dc8410>,88,14,[9 1],89,253,267,164,238
1,<environment.Job instance at 0x7f6777dc85a0>,89,17,[1 9],90,266,283,176,254
1,<environment.Job instance at 0x7f6771552730>,98,18,[6 5],99,283,301,184,272
1,<environment.Job instance at 0x7f677196b870>,70,18,[ 5 10],71,549,567,478,549
1,<environment.Job instance at 0x7f6778008be0>,0,2,[2 7],1,3,5,2,3
1,<environment.Job instance at 0x7f672dd6c410>,1,12,[1 8],2,5,17,3,4
1,<environment.Job instance at 0x7f672d846af0>,7,12,[7 2],8,10,22,2,10
1,<environment.Job instance at 0x7f677196b870>,3,16,[5 3],4,22,38,18,11
1,<environment.Job instance at 0x7f672d846eb0>,10,13,[5 3],11,25,38,14,25
1,<environment.Job instance at 0x7f672d820500>,17,15,[4 6],18,38,53,20,26
1,<environment.Job instance at 0x7f672d820aa0>,24,16,[4 5],25,53,69,28,41
1,<environment.Job instance at 0x7f672d8585f0>,31,3,[6 4],32,385,388,353,385
1,<environment.Job instance at 0x7f672d858960>,39,13,[7 4],40,555,568,515,555
1,<environment.Job instance at 0x7f672d858b90>,41,21,[4 7],42,568,589,526,560
1,<environment.Job instance at 0x7f67712e7870>,8,18,[1 5],9,9,27,0,9
1,<environment.Job instance at 0x7f6771633d20>,9,18,[9 5],10,10,28,0,10
1,<environment.Job instance at 0x7f67712e7fa0>,6,13,[3 9],7,28,41,21,13
1,<environment.Job instance at 0x7f672d858b90>,5,17,[ 3 10],6,41,58,35,29
1,<environment.Job instance at 0x7f677175c9b0>,26,2,[5 9],27,58,60,31,53
1,<environment.Job instance at 0x7f677175c1e0>,25,18,[5 5],26,60,78,34,53
1,<environment.Job instance at 0x7f672d790640>,27,2,[10  3],28,78,80,50,77
1,<environment.Job instance at 0x7f6771594c80>,33,18,[7 1],34,80,98,46,79
1,<environment.Job instance at 0x7f6771606280>,35,12,[7 1],36,98,110,62,84
1,<environment.Job instance at 0x7f672dc5faf0>,2,16,[ 3 10],3,110,126,107,97
1,<environment.Job instance at 0x7f677149a2d0>,43,14,[3 6],44,126,140,82,112
1,<environment.Job instance at 0x7f672d6f2eb0>,24,17,[9 2],25,140,157,115,128
1,<environment.Job instance at 0x7f677123c820>,49,15,[5 7],50,157,172,107,143
1,<environment.Job instance at 0x7f67783131e0>,56,18,[7 4],57,172,190,115,172
1,<environment.Job instance at 0x7f67780207d0>,58,14,[1 7],59,190,204,131,176
1,<environment.Job instance at 0x7f672db7eb40>,0,1,[8 1],1,1,2,0,1
1,<environment.Job instance at 0x7f6778020cd0>,2,2,[3 6],3,3,5,0,3
1,<environment.Job instance at 0x7f6771594230>,4,3,[4 5],5,5,8,0,5
1,<environment.Job instance at 0x7f6777f368c0>,6,3,[5 8],7,8,11,1,7
1,<environment.Job instance at 0x7f6777f36460>,8,3,[6 1],9,11,14,2,9
1,<environment.Job instance at 0x7f6777f36fa0>,9,3,[8 2],10,14,17,4,10
1,<environment.Job instance at 0x7f672de7e0f0>,22,12,[6 1],23,47,59,24,47
1,<environment.Job instance at 0x7f67716d32d0>,20,15,[2 8],21,47,62,26,47
1,<environment.Job instance at 0x7f672db254b0>,16,12,[3 9],17,62,74,45,49
1,<environment.Job instance at 0x7f6777ce04b0>,25,16,[10  5],26,74,90,48,63
1,<environment.Job instance at 0x7f672d94b1e0>,34,13,[8 2],35,90,103,55,76
1,<environment.Job instance at 0x7f672d94bb40>,36,3,[6 1],37,103,106,66,77
1,<environment.Job instance at 0x7f6777dd7690>,38,13,[2 5],39,90,103,51,77
1,<environment.Job instance at 0x7f6777e2fd70>,29,18,[2 7],30,103,121,73,92
1,<environment.Job instance at 0x7f672dbe50a0>,44,17,[8 1],45,106,123,61,105
1,<environment.Job instance at 0x7f677196cb90>,49,18,[2 7],50,121,139,71,116
1,<environment.Job instance at 0x7f677131b0f0>,52,2,[5 7],53,139,141,86,126
1,<environment.Job instance at 0x7f672d94b3c0>,33,16,[9 4],34,141,157,107,128
1,<environment.Job instance at 0x7f6777d182d0>,56,16,[1 6],57,141,157,84,138
1,<environment.Job instance at 0x7f6777d185f0>,53,14,[ 4 10],54,157,171,103,143
1,<environment.Job instance at 0x7f6778029320>,62,3,[1 8],63,171,174,108,153
1,<environment.Job instance at 0x7f67781ea780>,63,12,[3 8],64,174,186,110,160
1,<environment.Job instance at 0x7f672dbce7d0>,68,2,[7 4],69,186,188,117,167
1,<environment.Job instance at 0x7f6771975320>,69,2,[5 1],70,171,173,101,167
1,<environment.Job instance at 0x7f67719757d0>,70,2,[10  5],71,188,190,117,168
1,<environment.Job instance at 0x7f672dd71f50>,71,3,[9 1],72,190,193,118,168
1,<environment.Job instance at 0x7f672dd71c80>,72,13,[9 1],73,193,206,120,177
1,<environment.Job instance at 0x7f672d8de140>,75,12,[2 8],76,206,218,130,189
1,<environment.Job instance at 0x7f6771772230>,77,17,[10  4],78,218,235,140,208
1,<environment.Job instance at 0x7f677138b8c0>,79,15,[2 6],80,235,250,155,222
1,<environment.Job instance at 0x7f6778a59aa0>,84,3,[4 5],85,250,253,165,237
1,<environment.Job instance at 0x7f67717780a0>,85,18,[7 5],86,253,271,167,244
1,<environment.Job instance at 0x7f6771778dc0>,88,13,[1 5],89,257,270,168,257
1,<environment.Job instance at 0x7f6771778d70>,92,1,[2 5],93,275,276,182,275
1,<environment.Job instance at 0x7f6771778370>,94,18,[10  2],95,276,294,181,275
1,<environment.Job instance at 0x7f6771778820>,97,15,[5 8],98,294,309,196,281
1,<environment.Job instance at 0x7f6771778b40>,2,1,[9 5],3,3,4,0,3
1,<environment.Job instance at 0x7f67717d33c0>,5,3,[9 2],6,6,9,0,6
1,<environment.Job instance at 0x7f67717d3500>,6,17,[3 5],7,11,28,4,11
1,<environment.Job instance at 0x7f67717d3820>,10,13,[5 6],11,28,41,17,12
1,<environment.Job instance at 0x7f67717d3eb0>,18,18,[5 5],19,41,59,22,31
1,<environment.Job instance at 0x7f67717d3f00>,21,15,[5 4],22,38,53,16,38
1,<environment.Job instance at 0x7f67717d36e0>,8,15,[5 8],9,59,74,50,45
1,<environment.Job instance at 0x7f67717d3e60>,20,16,[7 5],21,74,90,53,65
1,<environment.Job instance at 0x7f67717f2b40>,32,16,[9 4],33,90,106,57,77
1,<environment.Job instance at 0x7f67717dc140>,41,13,[7 4],42,106,119,64,105
1,<environment.Job instance at 0x7f67717dc730>,46,17,[2 6],47,110,127,63,110
1,<environment.Job instance at 0x7f67717dc7d0>,47,12,[2 8],48,127,139,79,116
1,<environment.Job instance at 0x7f67717dcb40>,49,12,[4 6],50,139,151,89,124
1,<environment.Job instance at 0x7f67717dccd0>,54,15,[5 6],55,151,166,96,138
1,<environment.Job instance at 0x7f67717dca50>,58,12,[9 3],59,166,178,107,150
1,<environment.Job instance at 0x7f67717fa140>,64,12,[9 1],65,178,190,113,166
1,<environment.Job instance at 0x7f67717f2c80>,34,17,[1 9],35,178,195,143,169
1,<environment.Job instance at 0x7f67717fa780>,66,1,[6 3],67,195,196,128,169
1,<environment.Job instance at 0x7f67717fa6e0>,67,17,[1 9],68,196,213,128,184
1,<environment.Job instance at 0x7f67717fabe0>,70,17,[10  1],71,213,230,142,202
1,<environment.Job instance at 0x7f67717fa8c0>,72,13,[7 2],73,230,243,157,217
1,<environment.Job instance at 0x7f67717fad70>,75,3,[5 3],76,243,246,167,229
1,<environment.Job instance at 0x7f6771803280>,78,13,[4 6],79,243,256,164,229
1,<environment.Job instance at 0x7f6771803460>,79,15,[10  2],80,256,271,176,243
1,<environment.Job instance at 0x7f67718036e0>,83,15,[3 9],84,271,286,187,262
1,<environment.Job instance at 0x7f6771803230>,88,17,[9 5],89,286,303,197,274
1,<environment.Job instance at 0x7f67718039b0>,92,14,[4 6],93,303,317,210,288
1,<environment.Job instance at 0x7f6771803f50>,97,1,[10  4],98,317,318,219,298
1,<environment.Job instance at 0x7f67717d9050>,98,2,[3 6],99,318,320,219,299
1,<environment.Job instance at 0x7f6777dacb90>,3,14,[ 5 10],4,320,334,316,307
1,<environment.Job instance at 0x7f67717f2cd0>,1,3,[8 5],2,2,5,0,2
1,<environment.Job instance at 0x7f6771975230>,2,12,[ 1 10],3,5,17,2,4
1,<environment.Job instance at 0x7f6771790f50>,6,1,[5 5],7,17,18,10,10
1,<environment.Job instance at 0x7f6771790d70>,8,3,[ 1 10],9,18,21,9,10
1,<environment.Job instance at 0x7f67717dc550>,0,15,[5 5],1,21,36,20,12
1,<environment.Job instance at 0x7f6777e6b410>,9,3,[9 3],10,36,39,26,15
1,<environment.Job instance at 0x7f6777e6b280>,14,12,[9 1],15,39,51,24,33
1,<environment.Job instance at 0x7f6777e6bc80>,19,2,[1 9],20,39,41,19,33
1,<environment.Job instance at 0x7f6777e6ba50>,16,14,[6 4],17,51,65,34,42
1,<environment.Job instance at 0x7f6777d99c80>,25,17,[10  3],26,65,82,39,53
1,<environment.Job instance at 0x7f6771475500>,34,3,[10  5],35,82,85,47,79
1,<environment.Job instance at 0x7f672dba40a0>,36,12,[8 4],37,85,97,48,81
1,<environment.Job instance at 0x7f67714750f0>,32,14,[ 4 10],33,97,111,64,84
1,<environment.Job instance at 0x7f672dba4be0>,41,15,[8 4],42,111,126,69,99
1,<environment.Job instance at 0x7f672dba45a0>,43,16,[2 6],44,117,133,73,117
1,<environment.Job instance at 0x7f6771983be0>,50,13,[4 6],51,133,146,82,117
1,<environment.Job instance at 0x7f6771983cd0>,54,13,[2 8],55,146,159,91,134
1,<environment.Job instance at 0x7f6771983aa0>,57,12,[1 6],58,159,171,101,148
1,<environment.Job instance at 0x7f6777ecbd20>,58,3,[10  2],59,171,174,112,149
1,<environment.Job instance at 0x7f6777ecb230>,62,18,[7 4],63,174,192,111,167
1,<environment.Job instance at 0x7f6777ecb460>,63,14,[ 2 10],64,192,206,128,177
1,<environment.Job instance at 0x7f6771983230>,56,17,[3 7],57,206,223,149,196
1,<environment.Job instance at 0x7f677174bbe0>,69,15,[3 9],70,223,238,153,209
1,<environment.Job instance at 0x7f677881b7d0>,73,16,[3 8],74,238,254,164,226
1,<environment.Job instance at 0x7f672d6b4960>,78,16,[3 8],79,254,270,175,249
1,<environment.Job instance at 0x7f672d6b4550>,87,12,[1 6],88,270,282,182,257
1,<environment.Job instance at 0x7f67712459b0>,90,12,[4 8],91,282,294,191,268
1,<environment.Job instance at 0x7f6771245690>,95,3,[2 8],96,294,297,198,287
1,<environment.Job instance at 0x7f6771245dc0>,96,1,[9 2],97,297,298,200,287
1,<environment.Job instance at 0x7f6771245140>,97,1,[5 3],98,298,299,200,287
1,<environment.Job instance at 0x7f672d6b4820>,80,18,[9 2],81,299,317,218,295
1,<environment.Job instance at 0x7f6771245280>,89,16,[10  5],90,352,368,262,352
1,<environment.Job instance at 0x7f6771245870>,2,3,[10  4],3,3,6,0,3
1,<environment.Job instance at 0x7f67785bb3c0>,5,16,[7 3],6,6,22,0,6
1,<environment.Job instance at 0x7f6778376fa0>,4,3,[9 3],5,22,25,17,7
1,<environment.Job instance at 0x7f672dc777d0>,8,13,[8 5],9,25,38,16,10
1,<environment.Job instance at 0x7f67788e6780>,12,16,[5 4],13,38,54,25,26
1,<environment.Job instance at 0x7f67719838c0>,17,18,[1 6],18,41,59,23,41
1,<environment.Job instance at 0x7f6777f2faa0>,22,14,[7 3],23,54,68,31,41
1,<environment.Job instance at 0x7f67712a2140>,31,1,[2 5],32,59,60,27,57
1,<environment.Job instance at 0x7f672d8decd0>,20,17,[9 2],21,68,85,47,57
1,<environment.Job instance at 0x7f67719863c0>,32,13,[ 3 10],33,85,98,52,69
1,<environment.Job instance at 0x7f6771986c30>,36,16,[9 2],37,98,114,61,86
1,<environment.Job instance at 0x7f67719685f0>,39,2,[8 2],40,114,116,74,87
1,<environment.Job instance at 0x7f677866dc80>,43,1,[7 3],44,116,117,72,93
1,<environment.Job instance at 0x7f6771986e10>,33,14,[ 4 10],34,117,131,83,104
1,<environment.Job instance at 0x7f672d8d2fa0>,46,18,[5 5],47,131,149,84,120
1,<environment.Job instance at 0x7f6778475e60>,57,3,[1 6],58,149,152,91,139
1,<environment.Job instance at 0x7f6778475af0>,58,12,[3 9],59,152,164,93,140
1,<environment.Job instance at 0x7f677190a780>,63,12,[5 4],64,164,176,100,157
1,<environment.Job instance at 0x7f677190a550>,65,13,[9 1],66,176,189,110,163
1,<environment.Job instance at 0x7f677143f320>,68,14,[ 1 10],69,189,203,120,179
1,<environment.Job instance at 0x7f677824d820>,73,13,[5 6],74,203,216,129,198
1,<environment.Job instance at 0x7f6778163f50>,50,17,[ 5 10],51,216,233,165,205
1,<environment.Job instance at 0x7f67715e9410>,85,14,[7 2],86,245,259,159,245
1,<environment.Job instance at 0x7f67715e9230>,87,16,[5 4],88,259,275,171,249
1,<environment.Job instance at 0x7f6771918b40>,89,18,[5 1],90,259,277,169,252
1,<environment.Job instance at 0x7f67719185a0>,88,17,[6 5],89,277,294,188,266
1,<environment.Job instance at 0x7f6777f09730>,96,15,[5 6],97,294,309,197,280
1,<environment.Job instance at 0x7f67716ec230>,1,16,[5 5],2,2,18,0,2
1,<environment.Job instance at 0x7f677811f410>,4,14,[ 3 10],5,18,32,13,7
1,<environment.Job instance at 0x7f672db97fa0>,5,1,[6 1],6,32,33,26,23
1,<environment.Job instance at 0x7f67780f70f0>,23,18,[4 5],24,49,67,25,49
1,<environment.Job instance at 0x7f67780f7640>,26,16,[5 6],27,67,83,40,54
1,<environment.Job instance at 0x7f677811fd70>,15,16,[10  3],16,83,99,67,73
1,<environment.Job instance at 0x7f67780f7960>,31,16,[4 6],32,99,115,67,89
1,<environment.Job instance at 0x7f67780f7e60>,39,3,[6 2],40,103,106,63,103
1,<environment.Job instance at 0x7f67780f7f00>,40,13,[1 5],41,115,128,74,104
1,<environment.Job instance at 0x7f67780fd640>,45,13,[5 4],46,114,127,68,114
1,<environment.Job instance at 0x7f67780fd780>,47,15,[2 6],48,128,143,80,115
1,<environment.Job instance at 0x7f67780fda00>,49,18,[10  2],50,143,161,93,132
1,<environment.Job instance at 0x7f67780fdf50>,54,13,[5 8],55,171,184,116,171
1,<environment.Job instance at 0x7f672d5714b0>,6,16,[1 5],7,10,26,3,10
1,<environment.Job instance at 0x7f6777e7a280>,11,12,[7 2],12,12,24,0,12
1,<environment.Job instance at 0x7f677810c050>,4,17,[8 5],5,24,41,19,16
1,<environment.Job instance at 0x7f6777d68460>,18,13,[6 2],19,41,54,22,27
1,<environment.Job instance at 0x7f672d9c7b90>,16,15,[ 3 10],17,54,69,37,40
1,<environment.Job instance at 0x7f67718d81e0>,24,15,[6 2],25,69,84,44,55
1,<environment.Job instance at 0x7f67718ddeb0>,31,17,[5 8],32,84,101,52,72
1,<environment.Job instance at 0x7f672d81c280>,34,16,[8 2],35,101,117,66,100
1,<environment.Job instance at 0x7f67716250a0>,36,14,[4 7],37,117,131,80,102
1,<environment.Job instance at 0x7f677198f5a0>,14,18,[ 4 10],15,131,149,116,122
1,<environment.Job instance at 0x7f672d577370>,43,14,[ 4 10],44,149,163,105,139
1,<environment.Job instance at 0x7f67719cf820>,39,13,[10  4],40,163,176,123,149
1,<environment.Job instance at 0x7f67718c2730>,59,15,[6 4],60,176,191,116,167
1,<environment.Job instance at 0x7f67718c2370>,58,14,[5 4],59,191,205,132,180
1,<environment.Job instance at 0x7f6771369b90>,67,13,[9 4],68,205,218,137,194
1,<environment.Job instance at 0x7f672dab9910>,72,18,[6 5],73,218,236,145,210
1,<environment.Job instance at 0x7f672d9b1af0>,77,15,[4 8],78,236,251,158,225
1,<environment.Job instance at 0x7f672d83ce60>,81,12,[5 6],82,251,263,169,238
1,<environment.Job instance at 0x7f67716c2af0>,2,2,[8 4],3,3,5,0,3
1,<environment.Job instance at 0x7f672d8f6500>,3,3,[10  2],4,5,8,1,4
1,<environment.Job instance at 0x7f677881deb0>,4,1,[5 9],5,8,9,3,5
1,<environment.Job instance at 0x7f677881df50>,5,14,[4 8],6,9,23,3,6
1,<environment.Job instance at 0x7f677881dd20>,6,12,[9 1],7,23,35,16,7
1,<environment.Job instance at 0x7f672d8f6640>,8,18,[10  4],9,35,53,26,24
1,<environment.Job instance at 0x7f672d65b870>,22,16,[2 8],23,53,69,30,40
1,<environment.Job instance at 0x7f672d65b5f0>,25,18,[4 6],26,69,87,43,58
1,<environment.Job instance at 0x7f672d65bc30>,21,17,[ 2 10],22,87,104,65,76
1,<environment.Job instance at 0x7f6777eb1d20>,31,12,[8 1],32,104,116,72,87
1,<environment.Job instance at 0x7f6777eb1910>,35,3,[9 1],36,116,119,80,103
1,<environment.Job instance at 0x7f6777eb1050>,36,15,[3 9],37,119,134,82,107
1,<environment.Job instance at 0x7f6777eb10a0>,29,17,[ 1 10],30,134,151,104,122
1,<environment.Job instance at 0x7f67718d8910>,46,13,[ 2 10],47,151,164,104,136
1,<environment.Job instance at 0x7f67718d8870>,49,3,[7 3],50,164,167,114,143
1,<environment.Job instance at 0x7f67718d8eb0>,51,12,[5 3],52,167,179,115,150
1,<environment.Job instance at 0x7f67718d8d70>,57,3,[2 7],58,164,167,106,158
1,<environment.Job instance at 0x7f672de59370>,60,18,[3 5],61,167,185,106,158
1,<environment.Job instance at 0x7f672de59960>,61,15,[3 7],62,185,200,123,171
1,<environment.Job instance at 0x7f672de59be0>,63,14,[6 2],64,179,193,115,171
1,<environment.Job instance at 0x7f672ddeeeb0>,72,18,[4 8],73,200,218,127,189
1,<environment.Job instance at 0x7f672ddeed20>,76,13,[6 4],77,218,231,141,202
1,<environment.Job instance at 0x7f672ddee960>,79,12,[5 8],80,231,243,151,214
1,<environment.Job instance at 0x7f67718ec0a0>,89,2,[10  1],90,243,245,153,224
1,<environment.Job instance at 0x7f67718ecd70>,91,17,[7 4],92,245,262,153,233
1,<environment.Job instance at 0x7f67718ec320>,95,13,[7 4],96,262,275,166,246
1,<environment.Job instance at 0x7f67718ec960>,97,3,[6 5],98,275,278,177,254
1,<environment.Job instance at 0x7f67716c29b0>,1,17,[9 4],2,537,554,535,537
1,<environment.Job instance at 0x7f672dc161e0>,1,1,[5 3],2,2,3,0,2
1,<environment.Job instance at 0x7f672d8f62d0>,2,17,[5 7],3,6,23,3,6
1,<environment.Job instance at 0x7f677817e640>,15,3,[10  5],16,23,26,7,16
1,<environment.Job instance at 0x7f677817cfa0>,10,18,[9 3],11,26,44,15,17
1,<environment.Job instance at 0x7f677817e500>,18,16,[8 4],19,44,60,25,31
1,<environment.Job instance at 0x7f6778176aa0>,20,15,[3 7],21,60,75,39,47
1,<environment.Job instance at 0x7f6778176190>,24,13,[10  1],25,75,88,50,62
1,<environment.Job instance at 0x7f6778176e10>,27,13,[7 1],28,88,101,60,75
1,<environment.Job instance at 0x7f677817e960>,16,17,[4 8],17,101,118,84,89
1,<environment.Job instance at 0x7f67780c2050>,40,14,[8 2],41,118,132,77,104
1,<environment.Job instance at 0x7f672dbe5690>,42,17,[1 5],43,118,135,75,108
1,<environment.Job instance at 0x7f672dc950f0>,47,15,[6 1],48,132,147,84,118
1,<environment.Job instance at 0x7f677152dd20>,44,18,[4 8],45,135,153,90,128
1,<environment.Job instance at 0x7f672dc652d0>,58,1,[5 3],59,153,154,94,152
1,<environment.Job instance at 0x7f672dc65910>,59,3,[ 4 10],60,154,157,94,152
1,<environment.Job instance at 0x7f672d9d5050>,63,15,[ 3 10],64,157,172,93,152
1,<environment.Job instance at 0x7f672d9d5eb0>,65,14,[7 5],66,172,186,106,157
1,<environment.Job instance at 0x7f67783fc280>,69,1,[9 3],70,186,187,116,174
1,<environment.Job instance at 0x7f67783fc190>,70,15,[10  5],71,187,202,116,174
1,<environment.Job instance at 0x7f67783fcdc0>,73,12,[8 2],74,202,214,128,193
1,<environment.Job instance at 0x7f67714a56e0>,2,14,[3 7],3,6,20,3,6
1,<environment.Job instance at 0x7f672d8dfeb0>,11,13,[5 8],12,20,33,8,12
1,<environment.Job instance at 0x7f672da3c410>,14,2,[1 5],15,33,35,18,17
1,<environment.Job instance at 0x7f672da3c0a0>,13,13,[6 5],14,33,46,19,17
1,<environment.Job instance at 0x7f6777d68500>,18,12,[6 3],19,46,58,27,29
1,<environment.Job instance at 0x7f672dc95dc0>,3,16,[ 5 10],4,58,74,54,46
1,<environment.Job instance at 0x7f672d410820>,27,17,[5 6],28,74,91,46,62
1,<environment.Job instance at 0x7f67714ae190>,29,17,[5 2],30,74,91,44,72
1,<environment.Job instance at 0x7f6778163870>,32,3,[8 4],33,91,94,58,72
1,<environment.Job instance at 0x7f672d410230>,26,14,[10  3],27,94,108,67,79
1,<environment.Job instance at 0x7f672d771230>,39,3,[5 3],40,108,111,68,88
1,<environment.Job instance at 0x7f672d771c30>,40,13,[8 4],41,111,124,70,96
1,<environment.Job instance at 0x7f6771426d20>,46,18,[7 3],47,124,142,77,113
1,<environment.Job instance at 0x7f6778163820>,31,17,[9 3],32,142,159,110,130
1,<environment.Job instance at 0x7f672dd50b90>,52,15,[5 5],53,159,174,106,145
1,<environment.Job instance at 0x7f672dd509b0>,53,15,[1 5],54,145,160,91,145
1,<environment.Job instance at 0x7f672d6e2230>,59,15,[4 6],60,174,189,114,160
1,<environment.Job instance at 0x7f672de1d370>,64,17,[5 5],65,189,206,124,179
1,<environment.Job instance at 0x7f672d69feb0>,68,2,[3 8],69,206,208,137,191
1,<environment.Job instance at 0x7f67714d1a50>,50,16,[ 2 10],51,208,224,157,199
1,<environment.Job instance at 0x7f6771968960>,70,12,[10  4],71,224,236,153,208
1,<environment.Job instance at 0x7f67719685f0>,71,15,[10  4],72,353,368,281,353
1,<environment.Job instance at 0x7f672de0ca50>,83,2,[4 9],84,391,393,307,391
1,<environment.Job instance at 0x7f672de0cc30>,88,14,[1 9],89,441,455,352,441
1,<environment.Job instance at 0x7f672de0cd20>,91,13,[7 4],92,455,468,363,441
1,<environment.Job instance at 0x7f677172cd20>,1,3,[2 9],2,3,6,1,3
1,<environment.Job instance at 0x7f677179e2d0>,6,14,[2 6],7,8,22,1,8
1,<environment.Job instance at 0x7f677179edc0>,7,15,[6 2],8,11,26,3,11
1,<environment.Job instance at 0x7f677179e870>,12,15,[10  3],13,26,41,13,13
1,<environment.Job instance at 0x7f677179e5f0>,14,18,[9 3],15,41,59,26,31
1,<environment.Job instance at 0x7f6778231a00>,19,14,[4 7],20,59,73,39,44
1,<environment.Job instance at 0x7f6778231d20>,24,14,[5 6],25,73,87,48,60
1,<environment.Job instance at 0x7f677172c690>,0,15,[2 8],1,87,102,86,73
1,<environment.Job instance at 0x7f67782310a0>,27,17,[ 5 10],28,102,119,74,90
1,<environment.Job instance at 0x7f6777e3f050>,41,18,[9 3],42,119,137,77,111
1,<environment.Job instance at 0x7f6778adfd70>,46,14,[9 3],47,137,151,90,122
1,<environment.Job instance at 0x7f672d5b17d0>,49,14,[1 8],50,151,165,101,136
1,<environment.Job instance at 0x7f672d5b1b90>,53,13,[10  4],54,165,178,111,160
1,<environment.Job instance at 0x7f672dc08050>,60,13,[4 9],61,178,191,117,164
1,<environment.Job instance at 0x7f672dc08960>,63,14,[6 1],64,178,192,114,165
1,<environment.Job instance at 0x7f6778339370>,2,14,[10  5],3,5,19,2,5
1,<environment.Job instance at 0x7f67712dd8c0>,9,12,[10  1],10,26,38,16,26
1,<environment.Job instance at 0x7f672dc55b40>,15,3,[6 3],16,38,41,22,27
1,<environment.Job instance at 0x7f672dc55690>,16,2,[6 5],17,41,43,24,27
1,<environment.Job instance at 0x7f672dc55050>,18,18,[6 4],19,43,61,24,32
1,<environment.Job instance at 0x7f67716c5230>,26,18,[4 9],27,61,79,34,51
1,<environment.Job instance at 0x7f67787e9230>,29,13,[9 3],30,79,92,49,65
1,<environment.Job instance at 0x7f67787e92d0>,34,13,[8 1],35,92,105,57,80
1,<environment.Job instance at 0x7f67787e9190>,36,16,[2 7],37,92,108,55,80
1,<environment.Job instance at 0x7f672dba0280>,40,17,[5 8],41,108,125,67,97
1,<environment.Job instance at 0x7f672dbd90a0>,46,17,[5 1],47,111,128,64,111
1,<environment.Job instance at 0x7f672dc23c80>,47,13,[6 1],48,128,141,80,112
1,<environment.Job instance at 0x7f672dc23820>,49,16,[5 5],50,141,157,91,128
1,<environment.Job instance at 0x7f6777f657d0>,52,17,[3 5],53,128,145,75,128
1,<environment.Job instance at 0x7f6777dbc870>,56,14,[8 5],57,157,171,100,142
1,<environment.Job instance at 0x7f6777dbc050>,63,18,[6 1],64,171,189,107,162
1,<environment.Job instance at 0x7f672d3ec5a0>,64,16,[1 6],65,173,189,108,173
1,<environment.Job instance at 0x7f6777dbc0f0>,55,18,[4 9],56,189,207,133,187
1,<environment.Job instance at 0x7f6777d62aa0>,72,3,[ 4 10],73,207,210,134,190
1,<environment.Job instance at 0x7f677158f1e0>,73,15,[8 2],74,210,225,136,196
1,<environment.Job instance at 0x7f672d4b1870>,81,16,[1 7],82,217,233,135,217
1,<environment.Job instance at 0x7fe9f2159190>,0,18,[ 2 10],1,8,26,7,8
1,<environment.Job instance at 0x7fe9ead49460>,7,14,[5 1],8,26,40,18,13
1,<environment.Job instance at 0x7fe9ead497d0>,9,17,[ 4 10],10,40,57,30,37
1,<environment.Job instance at 0x7fe9ead49b40>,14,12,[3 7],15,57,69,42,41
1,<environment.Job instance at 0x7fe9ead49d70>,18,16,[8 5],19,69,85,50,59
1,<environment.Job instance at 0x7fe9ead49f00>,23,18,[5 2],24,85,103,61,75
1,<environment.Job instance at 0x7fe9ead4a1e0>,29,13,[1 6],30,85,98,55,76
1,<environment.Job instance at 0x7fe9ead4a730>,32,17,[9 3],33,103,120,70,99
1,<environment.Job instance at 0x7fe9ead4aaf0>,37,14,[5 5],38,120,134,82,108
1,<environment.Job instance at 0x7fe9ead4aaa0>,39,18,[5 8],40,134,152,94,127
1,<environment.Job instance at 0x7fe9ead4e280>,48,13,[6 1],49,169,182,120,169
1,<environment.Job instance at 0x7fe9ead4e5a0>,51,2,[4 9],52,171,173,119,171
1,<environment.Job instance at 0x7fe9ead4e640>,2,2,[4 8],3,3,5,0,3
1,<environment.Job instance at 0x7fe9f21808c0>,3,3,[1 6],4,5,8,1,4
1,<environment.Job instance at 0x7fe9f22ce690>,4,12,[6 1],5,6,18,1,6
1,<environment.Job instance at 0x7fe9f22ce1e0>,6,15,[9 2],7,18,33,11,7
1,<environment.Job instance at 0x7fe9f22bf820>,9,16,[1 8],10,13,29,3,13
1,<environment.Job instance at 0x7fe9f22d2050>,15,15,[5 3],16,33,48,17,19
1,<environment.Job instance at 0x7fe9f22d25f0>,19,14,[8 1],20,48,62,28,33
1,<environment.Job instance at 0x7fe9f22ccfa0>,24,15,[10  5],25,62,77,37,48
1,<environment.Job instance at 0x7fe9f22cc550>,2,1,[3 8],3,5,6,2,5
1,<environment.Job instance at 0x7fe9a7046b40>,9,12,[5 4],10,11,23,1,11
1,<environment.Job instance at 0x7fe9a704a050>,5,17,[3 5],6,11,28,5,11
1,<environment.Job instance at 0x7fe9a7046c80>,10,15,[7 4],11,23,38,12,15
1,<environment.Job instance at 0x7fe9a7043be0>,15,12,[2 6],16,28,40,12,24
1,<environment.Job instance at 0x7fe9a7046640>,12,16,[8 5],13,40,56,27,27
1,<environment.Job instance at 0x7fe9a7043410>,19,16,[9 4],20,56,72,36,45
1,<environment.Job instance at 0x7fe9a70433c0>,23,18,[1 6],24,56,74,32,52
1,<environment.Job instance at 0x7fe9a703a500>,28,12,[9 2],29,72,84,43,55
1,<environment.Job instance at 0x7fe9a703a410>,32,13,[2 5],33,84,97,51,70
1,<environment.Job instance at 0x7fe9a703a3c0>,30,18,[8 5],31,84,102,53,73
1,<environment.Job instance at 0x7fe9a703a780>,34,17,[1 9],35,102,119,67,93
1,<environment.Job instance at 0x7fe9a70467d0>,6,15,[ 5 10],7,119,134,112,106
1,<environment.Job instance at 0x7fe9a708c370>,49,1,[8 5],50,140,141,90,140
1,<environment.Job instance at 0x7fe9a708c640>,53,18,[7 5],54,162,180,108,162
1,<environment.Job instance at 0x7fe9a709d780>,57,14,[4 7],58,180,194,122,168
1,<environment.Job instance at 0x7fe9a709d280>,59,13,[5 7],60,194,207,134,178
1,<environment.Job instance at 0x7fe9a714af00>,2,2,[6 1],3,3,5,0,3
1,<environment.Job instance at 0x7fe9a7144c80>,3,13,[2 5],4,4,17,0,4
1,<environment.Job instance at 0x7fe9a711f730>,8,14,[10  4],9,17,31,8,12
1,<environment.Job instance at 0x7fe9a7144f50>,0,13,[ 4 10],1,31,44,30,16
1,<environment.Job instance at 0x7fe9a6fe9e10>,21,14,[3 6],22,44,58,22,31
1,<environment.Job instance at 0x7fe9a6fe9cd0>,22,15,[7 3],23,44,59,21,32
1,<environment.Job instance at 0x7fe9a6fe9140>,25,16,[2 6],26,58,74,32,48
1,<environment.Job instance at 0x7fe9a711f050>,15,17,[6 3],16,59,76,43,48
1,<environment.Job instance at 0x7fe9a6fe9f50>,28,16,[3 6],29,74,90,45,63
1,<environment.Job instance at 0x7fe9a6fe9320>,35,12,[2 5],36,90,102,54,78
1,<environment.Job instance at 0x7fe9a6fe9820>,18,17,[2 8],19,102,119,83,91
1,<environment.Job instance at 0x7fe9a6fe6f50>,40,17,[7 1],41,92,109,51,92
1,<environment.Job instance at 0x7fe9a6fe9230>,27,16,[ 3 10],28,119,135,91,107
1,<environment.Job instance at 0x7fe9a6fe6320>,49,3,[9 2],50,135,138,85,122
1,<environment.Job instance at 0x7fe9a6fe63c0>,50,18,[4 8],51,138,156,87,128
1,<environment.Job instance at 0x7fe9a7043f00>,55,18,[ 3 10],56,156,174,100,145
1,<environment.Job instance at 0x7fe9a6fe6b40>,46,15,[4 9],47,174,189,127,162
1,<environment.Job instance at 0x7fe9a7043cd0>,62,17,[9 1],63,189,206,126,177
1,<environment.Job instance at 0x7fe9a74b76e0>,70,16,[1 9],71,192,208,121,192
1,<environment.Job instance at 0x7fe9a74b78c0>,72,17,[4 6],73,208,225,135,196
1,<environment.Job instance at 0x7fe9a74b7190>,77,13,[4 6],78,225,238,147,213
1,<environment.Job instance at 0x7fe9a7534af0>,79,17,[5 1],80,213,230,133,213
1,<environment.Job instance at 0x7fe9eaca41e0>,82,13,[8 1],83,238,251,155,227
1,<environment.Job instance at 0x7fe9a75341e0>,83,16,[3 5],84,251,267,167,238
1,<environment.Job instance at 0x7fe9f3186a50>,86,13,[1 6],87,238,251,151,238
1,<environment.Job instance at 0x7fe9a751fe60>,92,13,[3 9],93,267,280,174,252
1,<environment.Job instance at 0x7fe9a6fd2550>,1,2,[5 6],2,2,4,0,2
1,<environment.Job instance at 0x7fe9a711f320>,2,2,[3 5],3,4,6,1,3
1,<environment.Job instance at 0x7fe9a74b7b90>,7,3,[10  3],8,8,11,0,8
1,<environment.Job instance at 0x7fe9a73f32d0>,8,12,[ 2 10],9,11,23,2,9
1,<environment.Job instance at 0x7fe9a6fea780>,9,16,[1 8],10,23,39,13,10
1,<environment.Job instance at 0x7fe9eacab2d0>,10,1,[2 9],11,39,40,28,12
1,<environment.Job instance at 0x7fe9a74cc230>,20,13,[3 8],21,40,53,19,24
1,<environment.Job instance at 0x7fe9eacf04b0>,25,1,[3 6],26,53,54,27,34
1,<environment.Job instance at 0x7fe9a7620910>,26,15,[ 5 10],27,54,69,27,43
1,<environment.Job instance at 0x7fe9a70c6b40>,29,14,[2 6],30,69,83,39,55
1,<environment.Job instance at 0x7fe9a73f44b0>,12,17,[10  3],13,83,100,70,71
1,<environment.Job instance at 0x7fe9a6f9a6e0>,34,17,[7 4],35,100,117,65,89
1,<environment.Job instance at 0x7fe9a6f9ad70>,37,3,[5 6],38,117,120,79,92
1,<environment.Job instance at 0x7fe9a6fa29b0>,33,18,[4 8],34,120,138,86,116
1,<environment.Job instance at 0x7fe9eab30730>,47,12,[10  4],48,138,150,90,122
1,<environment.Job instance at 0x7fe9eab305f0>,49,3,[4 8],50,150,153,100,124
1,<environment.Job instance at 0x7fe9eab302d0>,53,14,[8 2],54,153,167,99,138
1,<environment.Job instance at 0x7fe9eab4a460>,58,3,[9 1],59,167,170,108,155
1,<environment.Job instance at 0x7fe9eab30870>,50,14,[ 4 10],51,170,184,119,157
1,<environment.Job instance at 0x7fe9eab36050>,63,15,[6 5],64,184,199,120,171
1,<environment.Job instance at 0x7fe9eab4a690>,57,18,[6 2],58,199,217,141,189
1,<environment.Job instance at 0x7fe9eab49c30>,72,12,[3 8],73,199,211,126,195
1,<environment.Job instance at 0x7fe9a7410a00>,74,13,[1 9],75,217,230,142,201
1,<environment.Job instance at 0x7fe9eab49b40>,71,17,[5 7],72,230,247,158,218
1,<environment.Job instance at 0x7fe9a741a4b0>,80,18,[4 6],81,247,265,166,236
1,<environment.Job instance at 0x7fe9eab58500>,79,17,[ 5 10],80,265,282,185,253
1,<environment.Job instance at 0x7fe9eacd4780>,86,14,[ 5 10],87,282,296,195,267
1,<environment.Job instance at 0x7fe9a74215a0>,90,1,[6 5],91,296,297,205,277
1,<environment.Job instance at 0x7fe9a7421b90>,91,14,[5 4],92,297,311,205,282
1,<environment.Job instance at 0x7fe9eb17adc0>,0,3,[1 6],1,1,4,0,1
1,<environment.Job instance at 0x7fe9ed847fa0>,2,3,[4 9],3,4,7,1,3
1,<environment.Job instance at 0x7fe9eab18370>,3,12,[ 2 10],4,7,19,3,5
1,<environment.Job instance at 0x7fe9eab181e0>,8,14,[6 4],9,19,33,10,9
1,<environment.Job instance at 0x7fe9eab183c0>,7,18,[3 6],8,19,37,11,14
1,<environment.Job instance at 0x7fe9eab18820>,15,12,[6 1],16,33,45,17,16
1,<environment.Job instance at 0x7fe9eaf58be0>,18,2,[5 4],19,45,47,26,19
1,<environment.Job instance at 0x7fe9eab180a0>,10,18,[5 9],11,47,65,36,36
1,<environment.Job instance at 0x7fe9eaf584b0>,22,2,[5 5],23,45,47,22,36
1,<environment.Job instance at 0x7fe9eaf580f0>,26,17,[ 1 10],27,65,82,38,64
1,<environment.Job instance at 0x7fe9eaf58370>,28,16,[9 2],29,82,98,53,69
1,<environment.Job instance at 0x7fe9eaf583c0>,31,13,[1 9],32,98,111,66,84
1,<environment.Job instance at 0x7fe9eb1f6fa0>,37,17,[3 8],38,111,128,73,99
1,<environment.Job instance at 0x7fe9a7503730>,4,13,[1 8],5,23,36,18,23
1,<environment.Job instance at 0x7fe9a7503280>,3,13,[7 5],4,36,49,32,23
1,<environment.Job instance at 0x7fe9a73fed70>,17,13,[ 4 10],18,49,62,31,34
1,<environment.Job instance at 0x7fe9eae32410>,21,12,[5 6],22,62,74,40,49
1,<environment.Job instance at 0x7fe9ed4bb730>,23,13,[5 1],24,62,75,38,49
1,<environment.Job instance at 0x7fe9eb00c1e0>,26,12,[1 5],27,74,86,47,57
1,<environment.Job instance at 0x7fe9eade5460>,28,14,[9 1],29,75,89,46,60
1,<environment.Job instance at 0x7fe9eaceac80>,32,15,[6 2],33,89,104,56,75
1,<environment.Job instance at 0x7fe9eacea960>,38,18,[6 5],39,104,122,65,93
1,<environment.Job instance at 0x7fe9eacea640>,41,12,[1 8],42,122,134,80,110
1,<environment.Job instance at 0x7fe9a7596f50>,39,18,[ 5 10],40,134,152,94,130
1,<environment.Job instance at 0x7fe9eacf23c0>,47,12,[7 2],48,152,164,104,135
1,<environment.Job instance at 0x7fe9eafbdbe0>,51,3,[5 2],52,164,167,112,144
1,<environment.Job instance at 0x7fe9eafbdb40>,52,17,[9 4],53,167,184,114,156
1,<environment.Job instance at 0x7fe9ed34caf0>,55,16,[9 4],56,184,200,128,172
1,<environment.Job instance at 0x7fe9ed2c5280>,64,16,[4 5],65,202,218,137,202
1,<environment.Job instance at 0x7fe9a731b5a0>,1,16,[5 7],2,3,19,1,3
1,<environment.Job instance at 0x7fe9ed2c5280>,3,13,[5 5],4,19,32,15,4
1,<environment.Job instance at 0x7fe9a6fec730>,4,2,[1 6],5,32,34,27,6
1,<environment.Job instance at 0x7fe9ed9c4820>,6,1,[5 1],7,8,9,1,8
1,<environment.Job instance at 0x7fe9ed54a4b0>,8,3,[2 6],9,34,37,25,9
1,<environment.Job instance at 0x7fe9ed54aaa0>,10,2,[3 9],11,37,39,26,22
1,<environment.Job instance at 0x7fe9ed54a320>,14,13,[5 3],15,39,52,24,25
1,<environment.Job instance at 0x7fe9eab57fa0>,20,13,[5 3],21,39,52,18,26
1,<environment.Job instance at 0x7fe9eab57f50>,23,12,[7 4],24,52,64,28,37
1,<environment.Job instance at 0x7fe9a75b8e60>,30,14,[ 2 10],31,64,78,33,54
1,<environment.Job instance at 0x7fe9a72094b0>,22,17,[6 4],23,78,95,55,66
1,<environment.Job instance at 0x7fe9eab570a0>,21,17,[2 7],22,95,112,73,85
1,<environment.Job instance at 0x7fe9f20829b0>,42,13,[9 4],43,112,125,69,97
1,<environment.Job instance at 0x7fe9eac4a460>,45,1,[5 8],46,125,126,79,111
1,<environment.Job instance at 0x7fe9eac4a5a0>,46,13,[5 5],47,126,139,79,111
1,<environment.Job instance at 0x7fe9eac4ab90>,55,18,[5 5],56,147,165,91,147
1,<environment.Job instance at 0x7fe9eac4afa0>,63,18,[7 1],64,174,192,110,174
1,<environment.Job instance at 0x7fe9eacab0a0>,32,16,[ 3 10],33,192,208,159,182
1,<environment.Job instance at 0x7fe9eac50550>,66,18,[8 3],67,208,226,141,199
1,<environment.Job instance at 0x7fe9eac503c0>,71,1,[6 5],72,226,227,154,199
1,<environment.Job instance at 0x7fe9eac50460>,73,14,[3 6],74,227,241,153,213
1,<environment.Job instance at 0x7fe9eac50c30>,78,16,[9 4],79,241,257,162,231
1,<environment.Job instance at 0x7fe9eac50b40>,76,13,[9 3],77,257,270,180,243
1,<environment.Job instance at 0x7fe9eac50b90>,80,14,[1 5],81,243,257,162,243
1,<environment.Job instance at 0x7fe9eac50c80>,84,13,[2 6],85,270,283,185,270
1,<environment.Job instance at 0x7fe9eac49230>,85,14,[ 1 10],86,283,297,197,275
1,<environment.Job instance at 0x7fe9eac491e0>,88,14,[1 7],89,297,311,208,292
1,<environment.Job instance at 0x7fe9eacf25a0>,4,14,[6 4],5,5,19,0,5
1,<environment.Job instance at 0x7fe9eac49460>,2,15,[5 9],3,19,34,16,7
1,<environment.Job instance at 0x7fe9eacf2aa0>,5,18,[ 5 10],6,34,52,28,26
1,<environment.Job instance at 0x7fe9a7036460>,34,3,[2 7],35,52,55,17,49
1,<environment.Job instance at 0x7fe9ed4cfdc0>,21,18,[10  5],22,55,73,33,49
1,<environment.Job instance at 0x7fe9ed482690>,36,12,[3 9],37,73,85,36,62
1,<environment.Job instance at 0x7fe9eac660f0>,39,18,[6 1],40,73,91,33,68
1,<environment.Job instance at 0x7fe9a72b2140>,43,3,[8 3],44,91,94,47,69
1,<environment.Job instance at 0x7fe9eae40410>,42,12,[6 1],43,94,106,51,78
1,<environment.Job instance at 0x7fe9a70dc4b0>,38,16,[4 8],39,94,110,55,81
1,<environment.Job instance at 0x7fe9a766b6e0>,50,15,[4 7],51,110,125,59,103
1,<environment.Job instance at 0x7fe9a766b190>,52,1,[5 1],53,106,107,53,103
1,<environment.Job instance at 0x7fe9a72b21e0>,45,16,[10  5],46,125,141,79,113
1,<environment.Job instance at 0x7fe9eaaaf910>,61,12,[3 7],62,141,153,79,125
1,<environment.Job instance at 0x7fe9eaaafaa0>,62,15,[ 2 10],63,153,168,90,139
1,<environment.Job instance at 0x7fe9a74ea960>,67,1,[7 3],68,148,149,80,148
1,<environment.Job instance at 0x7fe9a74ea0a0>,69,18,[2 7],70,168,186,98,157
1,<environment.Job instance at 0x7fe9a74ea0f0>,70,3,[5 3],71,168,171,97,157
1,<environment.Job instance at 0x7fe9a74eaf50>,72,2,[5 7],73,186,188,113,166
1,<environment.Job instance at 0x7fe9f22ccb90>,17,18,[3 8],18,188,206,170,177
1,<environment.Job instance at 0x7fe9ed6463c0>,77,15,[7 4],78,206,221,128,195
1,<environment.Job instance at 0x7fe9ed646460>,76,16,[1 6],77,206,222,129,199
1,<environment.Job instance at 0x7fe9ed646140>,83,12,[3 8],84,222,234,138,207
1,<environment.Job instance at 0x7fe9ed646500>,87,13,[9 1],88,234,247,146,219
1,<environment.Job instance at 0x7fe9a75a8550>,94,13,[4 8],95,247,260,152,236
1,<environment.Job instance at 0x7fe9a745cc30>,96,12,[9 5],97,260,272,163,245
1,<environment.Job instance at 0x7fe9ed6468c0>,79,17,[ 1 10],80,272,289,192,263
1,<environment.Job instance at 0x7fe9a745c7d0>,101,14,[9 4],102,289,303,187,276
1,<environment.Job instance at 0x7fe9a745c5f0>,105,18,[7 5],106,303,321,197,292
1,<environment.Job instance at 0x7fe9a745cd20>,108,13,[1 5],109,311,324,202,311
1,<environment.Job instance at 0x7fe9ed880140>,8,18,[5 8],9,14,32,5,14
1,<environment.Job instance at 0x7fe9a74bd0f0>,16,17,[3 5],17,32,49,15,24
1,<environment.Job instance at 0x7fe9eb0af500>,20,13,[5 6],21,49,62,28,34
1,<environment.Job instance at 0x7fe9ed532190>,22,12,[10  4],23,62,74,39,45
1,<environment.Job instance at 0x7fe9a75ef7d0>,29,15,[6 2],30,74,89,44,63
1,<environment.Job instance at 0x7fe9a75efb90>,31,15,[5 4],32,89,104,57,75
1,<environment.Job instance at 0x7fe9eb198dc0>,36,15,[3 5],37,91,106,54,91
1,<environment.Job instance at 0x7fe9eaad8d70>,33,17,[5 9],34,106,123,72,103
1,<environment.Job instance at 0x7fe9eb1e7aa0>,24,13,[ 5 10],25,123,136,98,109
1,<environment.Job instance at 0x7fe9eb198550>,40,12,[10  1],41,136,148,95,128
1,<environment.Job instance at 0x7fe9eada7690>,51,13,[7 4],52,149,162,97,149
1,<environment.Job instance at 0x7fe9eada7c80>,54,18,[5 5],55,162,180,107,154
1,<environment.Job instance at 0x7fe9ed635cd0>,58,18,[5 3],59,162,180,103,162
1,<environment.Job instance at 0x7fe9ed6356e0>,59,12,[4 6],60,180,192,120,163
1,<environment.Job instance at 0x7fe9eb103320>,64,15,[5 6],65,192,207,127,189
1,<environment.Job instance at 0x7fe9a755e690>,60,13,[2 6],61,207,220,146,192
1,<environment.Job instance at 0x7fe9a74d1820>,74,12,[9 1],75,220,232,145,205
1,<environment.Job instance at 0x7fe9eab17780>,75,15,[3 9],76,232,247,156,219
1,<environment.Job instance at 0x7fe9eda77780>,79,18,[7 5],80,247,265,167,240
1,<environment.Job instance at 0x7fe9a6f12960>,82,13,[7 2],83,265,278,182,254
1,<environment.Job instance at 0x7fe9a761ae10>,85,3,[5 3],86,278,281,192,269
1,<environment.Job instance at 0x7fe9a7388a00>,87,3,[1 9],88,281,284,193,269
1,<environment.Job instance at 0x7fe9a73882d0>,88,13,[4 6],89,284,297,195,271
1,<environment.Job instance at 0x7fe9a7388be0>,89,15,[10  2],90,297,312,207,283
1,<environment.Job instance at 0x7fe9a7388a50>,94,16,[7 4],95,312,328,217,299
1,<environment.Job instance at 0x7fe9eac1aaa0>,18,15,[5 8],19,328,343,309,315
1,<environment.Job instance at 0x7fe9a73881e0>,100,15,[5 3],101,343,358,242,331
1,<environment.Job instance at 0x7fe9ed7f65a0>,102,14,[4 6],103,343,357,240,334
1,<environment.Job instance at 0x7fe9ed7f6eb0>,103,17,[9 1],104,358,375,254,346
1,<environment.Job instance at 0x7fe9f1ee43c0>,1,3,[8 5],2,2,5,0,2
1,<environment.Job instance at 0x7fe9eaed3910>,0,15,[5 5],1,11,26,10,11
1,<environment.Job instance at 0x7fe9ead2d9b0>,9,3,[9 3],10,26,29,16,15
1,<environment.Job instance at 0x7fe9eacb5960>,11,3,[1 8],12,33,36,21,33
1,<environment.Job instance at 0x7fe9a766b3c0>,16,14,[6 4],17,37,51,20,37
1,<environment.Job instance at 0x7fe9ed2a13c0>,17,12,[5 9],18,51,63,33,37
1,<environment.Job instance at 0x7fe9ed4cb2d0>,2,12,[ 1 10],3,63,75,60,50
1,<environment.Job instance at 0x7fe9eb125780>,28,14,[6 4],29,75,89,46,64
1,<environment.Job instance at 0x7fe9eb125fa0>,33,2,[2 7],34,89,91,55,75
1,<environment.Job instance at 0x7fe9eb1251e0>,34,3,[10  5],35,91,94,56,75
1,<environment.Job instance at 0x7fe9a7497640>,35,16,[7 3],36,94,110,58,81
1,<environment.Job instance at 0x7fe9a74970a0>,36,12,[8 4],37,110,122,73,95
1,<environment.Job instance at 0x7fe9ed2a1820>,24,13,[2 7],25,122,135,97,107
1,<environment.Job instance at 0x7fe9a7347690>,44,2,[6 1],45,122,124,77,108
1,<environment.Job instance at 0x7fe9a7347d20>,45,17,[5 3],46,124,141,78,112
1,<environment.Job instance at 0x7fe9eaedd910>,50,13,[4 6],51,135,148,84,120
1,<environment.Job instance at 0x7fe9eb125a00>,25,17,[10  3],26,148,165,122,136
1,<environment.Job instance at 0x7fe9a7347e60>,41,15,[8 4],42,165,180,123,151
1,<environment.Job instance at 0x7fe9a73470a0>,43,16,[2 6],44,167,183,123,167
1,<environment.Job instance at 0x7fe9eaef42d0>,62,18,[7 4],63,180,198,117,172
1,<environment.Job instance at 0x7fe9eaef4500>,63,14,[ 2 10],64,198,212,134,188
1,<environment.Job instance at 0x7fe9eaeddf00>,56,17,[3 7],57,212,229,155,200
1,<environment.Job instance at 0x7fe9eaef4a00>,73,16,[3 8],74,229,245,155,216
1,<environment.Job instance at 0x7fe9eaef4e10>,78,16,[3 8],79,245,261,166,232
1,<environment.Job instance at 0x7fe9eaefc4b0>,85,14,[4 8],86,261,275,175,246
1,<environment.Job instance at 0x7fe9eaefc320>,82,17,[9 4],83,275,292,192,263
1,<environment.Job instance at 0x7fe9eaefcfa0>,100,18,[6 4],101,292,310,191,288
1,<environment.Job instance at 0x7fe9eaefc910>,102,3,[10  4],103,310,313,207,288
1,<environment.Job instance at 0x7fe9ead48050>,103,13,[8 4],104,313,326,209,297
1,<environment.Job instance at 0x7fe9ead485f0>,107,13,[10  4],108,326,339,218,312
1,<environment.Job instance at 0x7fe9eaeddd20>,53,18,[4 6],54,340,358,286,340
1,<environment.Job instance at 0x7fe9eaefccd0>,98,18,[5 9],99,405,423,306,405
1,<environment.Job instance at 0x7fe9eaed6aa0>,9,14,[5 1],10,12,26,2,12
1,<environment.Job instance at 0x7fe9eaed6230>,12,14,[7 3],13,26,40,13,13
1,<environment.Job instance at 0x7fe9eb0db8c0>,22,13,[ 3 10],23,40,53,17,35
1,<environment.Job instance at 0x7fe9eb0db690>,25,14,[5 7],26,53,67,27,41
1,<environment.Job instance at 0x7fe9eb10a8c0>,32,12,[1 9],33,67,79,34,64
1,<environment.Job instance at 0x7fe9eaed6370>,10,17,[9 2],11,79,96,68,68
1,<environment.Job instance at 0x7fe9eb0db5f0>,23,14,[ 4 10],24,96,110,72,83
1,<environment.Job instance at 0x7fe9eb10af00>,36,18,[5 5],37,110,128,73,99
1,<environment.Job instance at 0x7fe9ead9f4b0>,55,13,[9 1],56,128,141,72,122
1,<environment.Job instance at 0x7fe9ed5287d0>,62,2,[3 7],63,141,143,78,129
1,<environment.Job instance at 0x7fe9ed528690>,63,13,[5 6],64,143,156,79,134
1,<environment.Job instance at 0x7fe9a735d050>,66,13,[8 1],67,156,169,89,144
1,<environment.Job instance at 0x7fe9ed8153c0>,70,3,[ 4 10],71,169,172,98,159
1,<environment.Job instance at 0x7fe9ed815460>,71,2,[2 9],72,160,162,88,160
1,<environment.Job instance at 0x7fe9ed815870>,73,3,[8 1],74,181,184,107,181
1,<environment.Job instance at 0x7fe9ed815410>,75,14,[7 2],76,184,198,108,181
1,<environment.Job instance at 0x7fe9a735d2d0>,68,16,[10  3],69,198,214,129,190
1,<environment.Job instance at 0x7fe9ed7f4e10>,80,16,[1 7],81,214,230,133,202
1,<environment.Job instance at 0x7fe9ed7f45f0>,82,17,[6 4],83,230,247,147,222
1,<environment.Job instance at 0x7fe9a745d2d0>,89,12,[3 9],90,247,259,157,234
1,<environment.Job instance at 0x7fe9a745d7d0>,91,16,[5 5],92,259,275,167,246
1,<environment.Job instance at 0x7fe9eabb3730>,6,16,[5 6],7,11,27,4,11
1,<environment.Job instance at 0x7fe9a72ba690>,15,3,[10  5],16,27,30,11,16
1,<environment.Job instance at 0x7fe9a6dc1280>,5,15,[1 5],6,30,45,24,19
1,<environment.Job instance at 0x7fe9a745d9b0>,3,18,[4 5],4,30,48,26,27
1,<environment.Job instance at 0x7fe9ed53feb0>,20,13,[1 5],21,45,58,24,29
1,<environment.Job instance at 0x7fe9a6e50fa0>,25,13,[5 4],26,48,61,22,45
1,<environment.Job instance at 0x7fe9eadbe910>,27,15,[2 6],28,58,73,30,52
1,<environment.Job instance at 0x7fe9a6fc7d70>,18,16,[ 5 10],19,73,89,54,61
1,<environment.Job instance at 0x7fe9ed412960>,29,18,[10  2],30,89,107,59,80
1,<environment.Job instance at 0x7fe9eadbedc0>,28,18,[ 5 10],29,107,125,78,96
1,<environment.Job instance at 0x7fe9a72f40a0>,6,14,[4 7],7,8,22,1,8
1,<environment.Job instance at 0x7fe9a7650c80>,9,13,[10  4],10,22,35,12,10
1,<environment.Job instance at 0x7fe9a7650eb0>,12,16,[6 1],13,35,51,22,22
1,<environment.Job instance at 0x7fe9a7675230>,14,2,[1 9],15,35,37,20,22
1,<environment.Job instance at 0x7fe9a7675460>,18,3,[9 5],19,51,54,32,29
1,<environment.Job instance at 0x7fe9a76755a0>,19,3,[5 4],20,54,57,34,29
1,<environment.Job instance at 0x7fe9a76756e0>,21,12,[3 5],22,37,49,15,29
1,<environment.Job instance at 0x7fe9a76759b0>,22,2,[1 9],23,49,51,26,29
1,<environment.Job instance at 0x7fe9a7675aa0>,23,1,[3 7],24,57,58,33,29
1,<environment.Job instance at 0x7fe9a7675a50>,27,18,[6 1],28,57,75,29,46
1,<environment.Job instance at 0x7fe9a7656370>,29,15,[6 4],30,75,90,45,61
1,<environment.Job instance at 0x7fe9a76567d0>,36,17,[1 6],37,61,78,24,61
1,<environment.Job instance at 0x7fe9a7656b40>,38,13,[4 8],39,90,103,51,75
1,<environment.Job instance at 0x7fe9a7656fa0>,44,14,[ 5 10],45,103,117,58,88
1,<environment.Job instance at 0x7fe9a7674280>,47,15,[4 8],48,117,132,69,105
1,<environment.Job instance at 0x7fe9a7674500>,51,12,[5 6],52,132,144,80,115
1,<environment.Job instance at 0x7fe9a7674780>,55,14,[3 8],56,144,158,88,132
1,<environment.Job instance at 0x7fe9a76747d0>,58,18,[10  1],59,158,176,99,150
1,<environment.Job instance at 0x7fe9a7674a50>,60,15,[4 7],61,176,191,115,162
1,<environment.Job instance at 0x7fe9a768b050>,63,15,[8 4],64,191,206,127,177
1,<environment.Job instance at 0x7fe9a768b730>,71,17,[9 4],72,206,223,134,194
1,<environment.Job instance at 0x7fe9a768bdc0>,76,12,[9 1],77,223,235,146,206
1,<environment.Job instance at 0x7fe9a71a9640>,1,17,[5 8],2,235,252,233,229
1,<environment.Job instance at 0x7fe9a76768c0>,89,15,[ 5 10],90,280,295,190,280
1,<environment.Job instance at 0x7fe9a7676aa0>,92,16,[2 8],93,295,311,202,283
1,<environment.Job instance at 0x7fe9a7676c80>,95,18,[4 6],96,311,329,215,301
1,<environment.Job instance at 0x7fe9a7678820>,1,1,[2 7],2,2,3,0,2
1,<environment.Job instance at 0x7fe9ed9fe0f0>,7,12,[6 5],8,8,20,0,8
1,<environment.Job instance at 0x7fe9ed97f5a0>,9,3,[7 3],10,20,23,10,10
1,<environment.Job instance at 0x7fe9ed66c3c0>,13,2,[6 2],14,23,25,9,14
1,<environment.Job instance at 0x7fe9ed33d320>,0,13,[8 3],1,25,38,24,15
1,<environment.Job instance at 0x7fe9a724b190>,20,18,[3 5],21,38,56,17,32
1,<environment.Job instance at 0x7fe9a766c140>,24,2,[3 9],25,56,58,31,33
1,<environment.Job instance at 0x7fe9a6ef2e10>,26,2,[5 3],27,38,40,11,33
1,<environment.Job instance at 0x7fe9eae05a50>,28,12,[6 4],29,40,52,11,33
1,<environment.Job instance at 0x7fe9ed33d3c0>,5,15,[10  1],6,58,73,52,50
1,<environment.Job instance at 0x7fe9eadac4b0>,36,13,[6 4],37,73,86,36,57
1,<environment.Job instance at 0x7fe9eafcecd0>,39,12,[5 8],40,86,98,46,69
1,<environment.Job instance at 0x7fe9ed794a50>,50,12,[2 5],51,98,110,47,82
1,<environment.Job instance at 0x7fe9ed308410>,33,15,[ 2 10],34,110,125,76,98
1,<environment.Job instance at 0x7fe9ed606050>,53,14,[ 5 10],54,125,139,71,111
1,<environment.Job instance at 0x7fe9a7638230>,64,12,[7 1],65,139,151,74,124
1,<environment.Job instance at 0x7fe9a7638550>,68,12,[7 5],69,151,163,82,135
1,<environment.Job instance at 0x7fe9a6f75410>,62,17,[5 7],63,163,180,100,151
1,<environment.Job instance at 0x7fe9eda3af00>,76,17,[4 8],77,180,197,103,169
1,<environment.Job instance at 0x7fe9eafff3c0>,21,15,[3 7],22,197,212,175,185
1,<environment.Job instance at 0x7fe9ed9d8640>,80,15,[3 7],81,212,227,131,198
1,<environment.Job instance at 0x7fe9ed6068c0>,56,16,[3 8],57,227,243,170,214
1,<environment.Job instance at 0x7fe9eafb08c0>,90,12,[3 8],91,243,255,152,226
1,<environment.Job instance at 0x7fe9a6fe56e0>,95,16,[3 5],96,255,271,159,245
1,<environment.Job instance at 0x7fe9a6fe5a50>,99,14,[7 3],100,255,269,155,253
1,<environment.Job instance at 0x7fe9ed54a2d0>,100,14,[8 2],101,271,285,170,257
1,<environment.Job instance at 0x7fe9ed54a780>,105,3,[9 4],106,285,288,179,271
1,<environment.Job instance at 0x7fe9ed54a640>,106,12,[5 3],107,288,300,181,272
1,<environment.Job instance at 0x7fe9a6cc6be0>,9,3,[ 4 10],10,19,22,9,19
1,<environment.Job instance at 0x7fe9a6cc6cd0>,11,16,[5 2],12,30,46,18,30
1,<environment.Job instance at 0x7fe9ed54ad70>,2,14,[5 2],3,47,61,44,47
1,<environment.Job instance at 0x7fe9a6cc6730>,13,15,[ 3 10],14,61,76,47,47
1,<environment.Job instance at 0x7fe9a76d2a00>,21,3,[1 5],22,48,51,26,48
1,<environment.Job instance at 0x7fe9a6ca7a50>,25,2,[8 4],26,76,78,50,53
1,<environment.Job instance at 0x7fe9a6ca7f50>,31,16,[8 4],32,78,94,46,75
1,<environment.Job instance at 0x7fe9a6ca7640>,33,12,[6 5],34,94,106,60,77
1,<environment.Job instance at 0x7fe9a6ca71e0>,37,16,[8 4],38,106,122,68,97
1,<environment.Job instance at 0x7fe9a6e6d410>,43,13,[10  3],44,122,135,78,110
1,<environment.Job instance at 0x7fe9a6e6df00>,50,12,[9 4],51,135,147,84,121
1,<environment.Job instance at 0x7fe9a6e6d780>,47,14,[4 7],48,147,161,99,132
1,<environment.Job instance at 0x7fe9a6e6f370>,54,17,[3 5],55,161,178,106,149
1,<environment.Job instance at 0x7fe9a6e6f780>,62,14,[6 2],63,155,169,92,155
1,<environment.Job instance at 0x7fe9a6e6f730>,63,13,[6 5],64,169,182,105,155
1,<environment.Job instance at 0x7fe9a6e6f870>,72,3,[10  3],73,184,187,111,184
1,<environment.Job instance at 0x7fe9a6c6c410>,73,16,[9 5],74,187,203,113,184
1,<environment.Job instance at 0x7fe9a6c6ccd0>,76,14,[10  3],77,203,217,126,195
1,<environment.Job instance at 0x7fe9a6c6c910>,80,14,[6 1],81,217,231,136,204
1,<environment.Job instance at 0x7fe9a6c5d140>,83,15,[2 7],84,220,235,136,220
1,<environment.Job instance at 0x7fe9a6c5d870>,86,17,[8 4],87,235,252,148,223
1,<environment.Job instance at 0x7fe9a6c5d3c0>,89,3,[5 3],90,252,255,162,237
1,<environment.Job instance at 0x7fe9a6c5d8c0>,90,13,[8 4],91,255,268,164,244
1,<environment.Job instance at 0x7fe9a6c5d640>,96,18,[7 3],97,268,286,171,265
1,<environment.Job instance at 0x7fe9a6c5d410>,98,18,[1 5],99,278,296,179,278
1,<environment.Job instance at 0x7fe9ed645d70>,101,18,[3 9],102,296,314,194,286
1,<environment.Job instance at 0x7fe9ed6450f0>,105,3,[5 2],106,314,317,208,302
1,<environment.Job instance at 0x7fe9eb1d9c80>,108,13,[8 5],109,317,330,208,304
1,<environment.Job instance at 0x7fe9a76766e0>,4,17,[5 5],5,5,22,0,5
1,<environment.Job instance at 0x7fe9a71d8780>,9,15,[9 1],10,22,37,12,10
1,<environment.Job instance at 0x7fe9ed9d82d0>,7,15,[1 8],8,22,37,14,16
1,<environment.Job instance at 0x7fe9a770a230>,11,15,[10  4],12,37,52,25,26
1,<environment.Job instance at 0x7fe9ed53f230>,21,1,[7 2],22,52,53,30,31
1,<environment.Job instance at 0x7fe9a6c5cbe0>,31,13,[7 4],32,107,120,75,107
1,<environment.Job instance at 0x7fe9eb03a2d0>,33,3,[8 4],34,120,123,86,107
1,<environment.Job instance at 0x7fe9a6c565f0>,28,14,[1 9],29,123,137,94,115
1,<environment.Job instance at 0x7fe9a6c98aa0>,39,15,[5 5],40,137,152,97,123
1,<environment.Job instance at 0x7fe9a6c98050>,40,15,[2 8],41,152,167,111,139
1,<environment.Job instance at 0x7fe9a6ccd820>,47,15,[6 2],48,152,167,104,143
1,<environment.Job instance at 0x7fe9a6e6c5f0>,50,16,[1 6],51,167,183,116,163
1,<environment.Job instance at 0x7fe9eafec910>,51,12,[2 8],52,183,195,131,166
1,<environment.Job instance at 0x7fe9eafeccd0>,54,18,[9 3],55,210,228,155,210
1,<environment.Job instance at 0x7fe9eafecb90>,55,16,[3 8],56,228,244,172,224
1,<environment.Job instance at 0x7fe9a6c7de60>,44,15,[10  1],45,269,284,224,269
1,<environment.Job instance at 0x7fe9ed3182d0>,5,12,[10  3],6,8,20,2,8
1,<environment.Job instance at 0x7fe9a6d36aa0>,3,14,[6 4],4,20,34,16,8
1,<environment.Job instance at 0x7fe9ed982690>,9,14,[2 5],10,20,34,10,16
1,<environment.Job instance at 0x7fe9ed9825f0>,10,12,[4 5],11,34,46,23,20
1,<environment.Job instance at 0x7fe9a70369b0>,17,13,[ 5 10],18,46,59,28,31
1,<environment.Job instance at 0x7fe9ed2b9d70>,27,16,[1 7],28,59,75,31,47
1,<environment.Job instance at 0x7fe9eab8ed20>,13,15,[2 8],14,75,90,61,61
1,<environment.Job instance at 0x7fe9a6e4a550>,39,12,[10  1],40,109,121,69,109
1,<environment.Job instance at 0x7fe9a6e4ac30>,43,15,[5 3],44,121,136,77,109
1,<environment.Job instance at 0x7fe9eae02500>,51,17,[7 1],52,136,153,84,125
1,<environment.Job instance at 0x7fe9a73913c0>,34,17,[4 9],35,153,170,118,141
1,<environment.Job instance at 0x7fe9a7523dc0>,60,12,[2 6],61,170,182,109,159
1,<environment.Job instance at 0x7fe9eaf515a0>,62,16,[8 1],63,170,186,107,159
1,<environment.Job instance at 0x7fe9a6d82c30>,64,13,[8 1],65,186,199,121,177
1,<environment.Job instance at 0x7fe9a6d822d0>,66,16,[2 7],67,182,198,115,177
1,<environment.Job instance at 0x7fe9a7467230>,69,17,[3 5],70,199,216,129,187
1,<environment.Job instance at 0x7fe9a7676280>,71,14,[7 5],72,199,213,127,195
1,<environment.Job instance at 0x7fe9eaaf4230>,74,18,[6 5],75,213,231,138,202
1,<environment.Job instance at 0x7fe9eaaf40f0>,79,16,[5 5],80,231,247,151,218
1,<environment.Job instance at 0x7fe9eaaf4eb0>,82,17,[3 5],83,218,235,135,218
1,<environment.Job instance at 0x7fe9eaaf4460>,86,14,[8 5],87,247,261,160,232
1,<environment.Job instance at 0x7fe9eacfb6e0>,95,16,[10  1],96,271,287,175,271
1,<environment.Job instance at 0x7fe9eacfbc80>,103,15,[8 2],104,287,302,183,279
1,<environment.Job instance at 0x7fe9eacfb690>,108,1,[9 5],109,302,303,193,296
1,<environment.Job instance at 0x7fe9a6d840a0>,9,16,[8 4],10,10,26,0,10
1,<environment.Job instance at 0x7fe9a6d84230>,6,12,[1 9],7,26,38,19,13
1,<environment.Job instance at 0x7fe9a6d84d20>,8,18,[5 9],9,38,56,29,32
1,<environment.Job instance at 0x7fe9eaf340f0>,13,16,[5 9],14,56,72,42,43
1,<environment.Job instance at 0x7fe9a6d57be0>,30,14,[5 3],31,72,86,41,57
1,<environment.Job instance at 0x7fe9eaf34a00>,25,15,[8 3],26,86,101,60,72
1,<environment.Job instance at 0x7fe9ed603460>,38,13,[7 2],39,101,114,62,85
1,<environment.Job instance at 0x7fe9ed603d20>,41,12,[4 6],42,114,126,72,97
1,<environment.Job instance at 0x7fe9ed6034b0>,46,12,[9 2],47,126,138,79,115
1,<environment.Job instance at 0x7fe9ed603af0>,47,18,[3 7],48,138,156,90,127
1,<environment.Job instance at 0x7fe9eda30eb0>,54,18,[ 2 10],55,156,174,101,146
1,<environment.Job instance at 0x7fe9eda30e10>,60,2,[4 7],61,174,176,113,157
1,<environment.Job instance at 0x7fe9ed4a6550>,61,17,[8 4],62,176,193,114,169
1,<environment.Job instance at 0x7fe9ed4a6730>,63,18,[10  4],64,193,211,129,182
1,<environment.Job instance at 0x7fe9ed4a6b90>,69,13,[6 5],70,211,224,141,195
1,<environment.Job instance at 0x7fe9ed4a6be0>,71,16,[ 2 10],72,224,240,152,215
1,<environment.Job instance at 0x7fe9ed4a63c0>,75,15,[2 8],76,240,255,164,226
1,<environment.Job instance at 0x7fe9eb125820>,78,13,[7 4],79,255,268,176,247
1,<environment.Job instance at 0x7fe9eafdae60>,1,18,[5 6],2,5,23,3,5
1,<environment.Job instance at 0x7fe9eafd9550>,9,14,[2 7],10,23,37,13,10
1,<environment.Job instance at 0x7fe9eafc1aa0>,13,15,[9 4],14,37,52,23,26
1,<environment.Job instance at 0x7fe9ed4045a0>,23,12,[10  2],24,52,64,28,41
1,<environment.Job instance at 0x7fe9a6f7e780>,30,15,[8 4],31,64,79,33,52
1,<environment.Job instance at 0x7fe9ed4910a0>,32,17,[1 7],33,79,96,46,67
1,<environment.Job instance at 0x7fe9eaf7c050>,33,14,[7 2],34,79,93,45,68
1,<environment.Job instance at 0x7fe9ed4b6be0>,35,12,[8 1],36,93,105,57,76
1,<environment.Job instance at 0x7fe9ed82ac30>,37,15,[ 3 10],38,105,120,67,91
1,<environment.Job instance at 0x7fe9ed838aa0>,46,12,[2 8],47,120,132,73,109
1,<environment.Job instance at 0x7fe9ed838410>,48,12,[1 5],49,132,144,83,116
1,<environment.Job instance at 0x7fe9ed838460>,45,18,[4 5],46,132,150,86,121
1,<environment.Job instance at 0x7fe9ed80adc0>,66,2,[9 2],67,160,162,93,160
1,<environment.Job instance at 0x7fe9ed82a960>,38,12,[10  1],39,162,174,123,160
1,<environment.Job instance at 0x7fe9eafbdd70>,71,2,[4 5],72,174,176,102,160
1,<environment.Job instance at 0x7fe9ed8275f0>,74,3,[5 3],75,174,177,99,160
1,<environment.Job instance at 0x7fe9ed80a410>,64,12,[9 5],65,177,189,112,166
1,<environment.Job instance at 0x7fe9ed827960>,78,12,[ 4 10],79,189,201,110,178
1,<environment.Job instance at 0x7fe9a6f875a0>,81,15,[9 3],82,201,216,119,190
1,<environment.Job instance at 0x7fe9ed846370>,88,16,[1 7],89,201,217,112,193
1,<environment.Job instance at 0x7fe9ed846be0>,90,12,[10  5],91,217,229,126,202
1,<environment.Job instance at 0x7fe9eb11a320>,93,17,[8 3],94,238,255,144,238
1,<environment.Job instance at 0x7fe9ed82f3c0>,103,3,[4 8],104,260,263,156,260
1,<environment.Job instance at 0x7fe9eae0a5f0>,108,1,[4 5],109,263,264,154,260
1,<environment.Job instance at 0x7fe9a6f87820>,82,17,[4 9],83,468,485,385,468
1,<environment.Job instance at 0x7ff78601a190>,2,12,[5 4],3,3,15,0,3
1,<environment.Job instance at 0x7ff780c0b2d0>,5,13,[5 9],6,15,28,9,6
1,<environment.Job instance at 0x7ff780c0b730>,8,17,[ 2 10],9,28,45,19,17
1,<environment.Job instance at 0x7ff780c0baa0>,13,13,[1 8],14,45,58,31,30
1,<environment.Job instance at 0x7ff780c0baf0>,16,12,[1 8],17,58,70,41,41
1,<environment.Job instance at 0x7ff780c0b8c0>,23,18,[5 2],24,83,101,59,83
1,<environment.Job instance at 0x7ff780c0c5f0>,29,13,[1 6],30,87,100,57,87
1,<environment.Job instance at 0x7ff780c0c640>,31,17,[4 9],32,101,118,69,93
1,<environment.Job instance at 0x7ff780c0c8c0>,35,16,[8 1],36,118,134,82,111
1,<environment.Job instance at 0x7ff780c0caa0>,38,12,[3 6],39,134,146,95,118
1,<environment.Job instance at 0x7ff780c0cf00>,41,14,[6 1],42,134,148,92,133
1,<environment.Job instance at 0x7ff780c0cf50>,42,14,[8 4],43,148,162,105,135
1,<environment.Job instance at 0x7ff780c111e0>,45,16,[6 2],46,162,178,116,152
1,<environment.Job instance at 0x7ff780c25a00>,4,15,[9 1],5,7,22,2,7
1,<environment.Job instance at 0x7ff780c250a0>,5,15,[5 3],6,22,37,16,10
1,<environment.Job instance at 0x7ff780c285f0>,12,3,[8 5],13,37,40,24,13
1,<environment.Job instance at 0x7ff780c258c0>,8,16,[7 1],9,40,56,31,29
1,<environment.Job instance at 0x7ff780c26af0>,16,18,[1 6],17,40,58,23,29
1,<environment.Job instance at 0x7ff73b00e6e0>,20,17,[3 8],21,58,75,37,46
1,<environment.Job instance at 0x7ff73b00eb40>,25,15,[6 2],26,60,75,34,60
1,<environment.Job instance at 0x7ff73b00ec80>,26,15,[6 2],27,75,90,48,62
1,<environment.Job instance at 0x7ff73b00eaa0>,30,13,[2 6],31,75,88,44,72
1,<environment.Job instance at 0x7ff73b00c0a0>,31,16,[1 9],32,90,106,58,78
1,<environment.Job instance at 0x7ff73b00cb40>,37,17,[3 8],38,106,123,68,94
1,<environment.Job instance at 0x7ff73b00cd70>,40,12,[6 3],41,123,135,82,106
1,<environment.Job instance at 0x7ff73b00db40>,44,13,[1 9],45,135,148,90,120
1,<environment.Job instance at 0x7ff73b00d0a0>,48,18,[4 6],49,148,166,99,137
1,<environment.Job instance at 0x7ff73b18e5f0>,58,14,[4 7],59,166,180,107,154
1,<environment.Job instance at 0x7ff73b0d2370>,64,12,[5 7],65,180,192,115,178
1,<environment.Job instance at 0x7ff73b0f9af0>,67,2,[9 3],68,192,194,124,179
1,<environment.Job instance at 0x7ff73b0f9460>,68,14,[8 5],69,194,208,125,179
1,<environment.Job instance at 0x7ff73b0f9410>,70,18,[5 1],71,208,226,137,197
1,<environment.Job instance at 0x7ff73b2c75a0>,72,14,[8 4],73,226,240,153,211
1,<environment.Job instance at 0x7ff73b0f78c0>,75,16,[ 3 10],76,240,256,164,228
1,<environment.Job instance at 0x7ff73b0f7640>,84,17,[10  2],85,256,273,171,254
1,<environment.Job instance at 0x7ff73b0ef9b0>,86,13,[5 1],87,273,286,186,257
1,<environment.Job instance at 0x7ff73b0ef550>,90,17,[2 9],91,273,290,182,264
1,<environment.Job instance at 0x7ff73aeca460>,4,15,[9 5],5,5,20,0,5
1,<environment.Job instance at 0x7ff73aee1910>,1,16,[7 4],2,20,36,18,7
1,<environment.Job instance at 0x7ff780c263c0>,3,18,[1 6],4,20,38,16,15
1,<environment.Job instance at 0x7ff73aed95f0>,16,2,[5 1],17,36,38,19,17
1,<environment.Job instance at 0x7ff73b487820>,8,12,[9 2],9,38,50,29,25
1,<environment.Job instance at 0x7ff786180eb0>,10,18,[8 5],11,50,68,39,42
1,<environment.Job instance at 0x7ff73afe5fa0>,24,18,[10  2],25,68,86,43,59
1,<environment.Job instance at 0x7ff73aed9eb0>,14,17,[1 9],15,86,103,71,74
1,<environment.Job instance at 0x7ff786192910>,37,14,[4 7],38,103,117,65,89
1,<environment.Job instance at 0x7ff73af4c640>,41,16,[6 2],42,103,119,61,101
1,<environment.Job instance at 0x7ff73aecf9b0>,46,13,[3 6],47,117,130,70,102
1,<environment.Job instance at 0x7ff7809e26e0>,33,18,[7 5],34,130,148,96,119
1,<environment.Job instance at 0x7ff73aecf910>,53,18,[9 2],54,148,166,94,138
1,<environment.Job instance at 0x7ff73aecf0f0>,56,16,[5 7],57,166,182,109,153
1,<environment.Job instance at 0x7ff780aa0280>,60,17,[4 5],61,182,199,121,170
1,<environment.Job instance at 0x7ff73ae6a230>,64,1,[3 8],65,199,200,134,177
1,<environment.Job instance at 0x7ff73ae6ab90>,65,18,[9 5],66,200,218,134,189
1,<environment.Job instance at 0x7ff73ae6a8c0>,67,17,[7 5],68,218,235,150,207
1,<environment.Job instance at 0x7ff780e432d0>,74,16,[8 3],75,235,251,160,223
1,<environment.Job instance at 0x7ff78097e4b0>,79,17,[4 8],80,251,268,171,239
1,<environment.Job instance at 0x7ff7809cff00>,2,2,[1 5],3,4,6,1,4
1,<environment.Job instance at 0x7ff7855f0140>,5,12,[2 5],6,6,18,0,6
1,<environment.Job instance at 0x7ff73b1eb5f0>,6,3,[2 7],7,18,21,11,7
1,<environment.Job instance at 0x7ff73aed9be0>,3,12,[8 5],4,21,33,17,8
1,<environment.Job instance at 0x7ff73b4c1aa0>,11,18,[3 8],12,33,51,21,22
1,<environment.Job instance at 0x7ff73b49a410>,10,17,[7 1],11,45,62,34,45
1,<environment.Job instance at 0x7ff73b1ea690>,18,14,[3 6],19,51,65,32,49
1,<environment.Job instance at 0x7ff785c18960>,27,13,[4 9],28,65,78,37,49
1,<environment.Job instance at 0x7ff780a675a0>,29,1,[10  5],30,78,79,48,53
1,<environment.Job instance at 0x7ff780cd1b90>,31,2,[7 4],32,62,64,30,54
1,<environment.Job instance at 0x7ff73b1ea190>,20,18,[4 8],21,79,97,58,68
1,<environment.Job instance at 0x7ff73b49aa00>,7,13,[ 1 10],8,97,110,89,83
1,<environment.Job instance at 0x7ff780e6d2d0>,42,17,[4 6],43,110,127,67,98
1,<environment.Job instance at 0x7ff7810241e0>,46,13,[8 3],47,127,140,80,121
1,<environment.Job instance at 0x7ff780e3c910>,47,13,[4 6],48,140,153,92,128
1,<environment.Job instance at 0x7ff7809cf050>,9,18,[ 2 10],10,153,171,143,143
1,<environment.Job instance at 0x7ff78554a3c0>,56,13,[1 6],57,171,184,114,155
1,<environment.Job instance at 0x7ff780a62a50>,57,14,[10  3],58,184,198,126,170
1,<environment.Job instance at 0x7ff785b646e0>,51,18,[5 7],52,198,216,146,193
1,<environment.Job instance at 0x7ff7854bfbe0>,66,13,[8 4],67,216,229,149,208
1,<environment.Job instance at 0x7ff780cdbe10>,70,17,[9 4],71,229,246,158,217
1,<environment.Job instance at 0x7ff780cdb280>,75,15,[5 7],76,246,261,170,234
1,<environment.Job instance at 0x7ff7855f00a0>,0,1,[10  3],1,2,3,1,2
1,<environment.Job instance at 0x7ff780bf8cd0>,2,3,[1 7],3,4,7,1,4
1,<environment.Job instance at 0x7ff73b30c320>,4,2,[4 8],5,7,9,2,7
1,<environment.Job instance at 0x7ff73b2906e0>,8,1,[2 5],9,9,10,0,9
1,<environment.Job instance at 0x7ff780c6eaf0>,10,14,[ 4 10],11,11,25,0,11
1,<environment.Job instance at 0x7ff780bf3b40>,18,3,[9 1],19,25,28,6,19
1,<environment.Job instance at 0x7ff780c6ec30>,12,17,[2 5],13,28,45,15,20
1,<environment.Job instance at 0x7ff780bf32d0>,17,18,[6 2],18,28,46,10,22
1,<environment.Job instance at 0x7ff780bf3780>,22,3,[ 3 10],23,46,49,23,23
1,<environment.Job instance at 0x7ff780bf3aa0>,23,15,[6 5],24,49,64,25,36
1,<environment.Job instance at 0x7ff780bf5730>,29,3,[3 6],30,64,67,34,38
1,<environment.Job instance at 0x7ff780bf5640>,30,3,[7 3],31,64,67,33,40
1,<environment.Job instance at 0x7ff780bf5550>,34,13,[1 9],35,67,80,32,52
1,<environment.Job instance at 0x7ff780bf5b90>,35,16,[4 5],36,80,96,44,68
1,<environment.Job instance at 0x7ff780bf5410>,39,17,[ 5 10],40,96,113,56,84
1,<environment.Job instance at 0x7ff780c41c30>,44,15,[5 7],45,113,128,68,101
1,<environment.Job instance at 0x7ff780bf3dc0>,19,18,[5 8],20,128,146,108,120
1,<environment.Job instance at 0x7ff73ae13f50>,51,14,[5 4],52,146,160,94,145
1,<environment.Job instance at 0x7ff73ae19320>,59,12,[9 1],60,160,172,100,160
1,<environment.Job instance at 0x7ff73ae193c0>,60,14,[8 4],61,172,186,111,160
1,<environment.Job instance at 0x7ff73ae195a0>,63,18,[6 1],64,186,204,122,175
1,<environment.Job instance at 0x7ff73ae19aa0>,2,2,[7 4],3,3,5,0,3
1,<environment.Job instance at 0x7ff73ae19f00>,3,3,[5 5],4,5,8,1,5
1,<environment.Job instance at 0x7ff780c43870>,5,13,[3 9],6,8,21,2,7
1,<environment.Job instance at 0x7ff73b49aa00>,9,2,[ 4 10],10,21,23,11,12
1,<environment.Job instance at 0x7ff780f14b40>,8,17,[2 6],9,23,40,14,12
1,<environment.Job instance at 0x7ff7858c6910>,15,13,[8 5],16,40,53,24,28
1,<environment.Job instance at 0x7ff7858c6230>,17,14,[2 5],18,41,55,23,41
1,<environment.Job instance at 0x7ff780c43eb0>,6,18,[9 4],7,55,73,48,44
1,<environment.Job instance at 0x7ff7858c6460>,23,14,[4 8],24,73,87,49,60
1,<environment.Job instance at 0x7ff780f347d0>,28,13,[6 1],29,73,86,44,66
1,<environment.Job instance at 0x7ff785a652d0>,30,3,[10  4],31,87,90,56,69
1,<environment.Job instance at 0x7ff785a65050>,31,13,[6 5],32,90,103,58,74
1,<environment.Job instance at 0x7ff785a657d0>,34,3,[7 4],35,103,106,68,94
1,<environment.Job instance at 0x7ff785a654b0>,35,3,[9 4],36,106,109,70,97
1,<environment.Job instance at 0x7ff785a65af0>,38,17,[7 2],39,109,126,70,97
1,<environment.Job instance at 0x7ff73b1ea3c0>,40,15,[5 6],41,126,141,85,112
1,<environment.Job instance at 0x7ff73b1eae60>,45,12,[10  3],46,141,153,95,126
1,<environment.Job instance at 0x7ff73b1eaaa0>,46,14,[5 4],47,153,167,106,139
1,<environment.Job instance at 0x7ff73b1eaa00>,50,17,[2 6],51,153,170,102,142
1,<environment.Job instance at 0x7ff73af43a00>,57,3,[10  4],58,170,173,112,146
1,<environment.Job instance at 0x7ff780f348c0>,24,16,[9 2],25,173,189,148,168
1,<environment.Job instance at 0x7ff73af43f50>,64,13,[1 8],65,173,186,108,171
1,<environment.Job instance at 0x7ff73af43410>,65,3,[10  4],66,189,192,123,171
1,<environment.Job instance at 0x7ff785426c30>,69,16,[5 3],70,192,208,122,186
1,<environment.Job instance at 0x7ff73af43eb0>,62,15,[10  1],63,208,223,145,197
1,<environment.Job instance at 0x7ff73b1eaf00>,39,16,[10  2],40,223,239,183,211
1,<environment.Job instance at 0x7ff7854269b0>,74,16,[9 4],75,239,255,164,229
1,<environment.Job instance at 0x7ff78605b820>,81,12,[5 6],82,255,267,173,238
1,<environment.Job instance at 0x7ff785b186e0>,83,13,[5 1],84,255,268,171,239
1,<environment.Job instance at 0x7ff7854c59b0>,86,12,[1 5],87,240,252,153,240
1,<environment.Job instance at 0x7ff785a41230>,92,15,[6 2],93,268,283,175,254
1,<environment.Job instance at 0x7ff785586960>,98,18,[6 5],99,283,301,184,272
1,<environment.Job instance at 0x7ff785586500>,101,12,[1 8],102,301,313,199,289
1,<environment.Job instance at 0x7ff785586dc0>,103,16,[5 3],104,313,329,209,300
1,<environment.Job instance at 0x7ff785586460>,104,17,[5 1],105,303,320,198,303
1,<environment.Job instance at 0x7ff785586320>,107,12,[7 2],108,329,341,221,318
1,<environment.Job instance at 0x7ff7855864b0>,109,12,[4 6],110,341,353,231,324
1,<environment.Job instance at 0x7ff785586820>,110,13,[5 3],111,341,354,230,326
1,<environment.Job instance at 0x7ff785426190>,70,18,[ 5 10],71,354,372,283,345
1,<environment.Job instance at 0x7ff78603ea50>,117,15,[4 6],118,372,387,254,358
1,<environment.Job instance at 0x7ff7858ed4b0>,2,2,[8 4],3,3,5,0,3
1,<environment.Job instance at 0x7ff7809cf190>,4,16,[4 5],5,5,21,0,5
1,<environment.Job instance at 0x7ff73b292370>,10,12,[1 7],11,21,33,10,12
1,<environment.Job instance at 0x7ff7858b22d0>,17,3,[8 1],18,21,24,3,21
1,<environment.Job instance at 0x7ff785408a00>,19,13,[7 4],20,33,46,13,21
1,<environment.Job instance at 0x7ff7858985a0>,23,15,[4 9],24,46,61,22,36
1,<environment.Job instance at 0x7ff785696280>,30,15,[10  4],31,61,76,30,55
1,<environment.Job instance at 0x7ff785696eb0>,31,18,[4 8],32,76,94,44,66
1,<environment.Job instance at 0x7ff785963aa0>,34,14,[3 8],35,94,108,59,79
1,<environment.Job instance at 0x7ff780c0b910>,32,15,[4 8],33,108,123,75,94
1,<environment.Job instance at 0x7ff7854af0f0>,41,12,[5 5],42,123,135,81,106
1,<environment.Job instance at 0x7ff7856b57d0>,43,13,[7 4],44,135,148,91,121
1,<environment.Job instance at 0x7ff73b35d870>,38,18,[4 6],39,148,166,109,138
1,<environment.Job instance at 0x7ff73b4eaeb0>,48,17,[9 5],49,166,183,117,159
1,<environment.Job instance at 0x7ff78109ae60>,53,13,[5 5],54,183,196,129,171
1,<environment.Job instance at 0x7ff78567ba00>,55,14,[4 6],56,196,210,140,181
1,<environment.Job instance at 0x7ff73b3bc280>,66,14,[6 4],67,208,222,141,208
1,<environment.Job instance at 0x7ff78618aaf0>,50,16,[ 3 10],51,222,238,171,209
1,<environment.Job instance at 0x7ff780c62c30>,72,17,[6 4],73,238,255,165,226
1,<environment.Job instance at 0x7ff780ed8690>,78,12,[ 4 10],79,255,267,176,240
1,<environment.Job instance at 0x7ff780ed9410>,80,14,[ 2 10],81,267,281,186,265
1,<environment.Job instance at 0x7ff780ed96e0>,84,16,[5 5],85,281,297,196,270
1,<environment.Job instance at 0x7ff780f35c80>,86,13,[3 9],87,297,310,210,293
1,<environment.Job instance at 0x7ff780f35500>,88,18,[1 5],89,310,328,221,303
1,<environment.Job instance at 0x7ff780aa02d0>,92,13,[9 4],93,310,323,217,304
1,<environment.Job instance at 0x7ff780aa0370>,93,12,[2 6],94,328,340,234,313
1,<environment.Job instance at 0x7ff780f35870>,89,18,[9 5],90,340,358,250,332
1,<environment.Job instance at 0x7ff7856a80a0>,98,16,[8 3],99,358,374,259,350
1,<environment.Job instance at 0x7ff780dc2320>,104,17,[9 2],105,377,394,272,377
1,<environment.Job instance at 0x7ff73b3b05a0>,113,18,[7 1],114,394,412,280,384
1,<environment.Job instance at 0x7ff73b3b0cd0>,115,12,[7 1],116,412,424,296,395
1,<environment.Job instance at 0x7ff7854af5f0>,1,1,[6 5],2,2,3,0,2
1,<environment.Job instance at 0x7ff7857edaa0>,3,14,[3 6],4,6,20,2,6
1,<environment.Job instance at 0x7ff73b3b06e0>,8,16,[9 4],9,20,36,11,12
1,<environment.Job instance at 0x7ff781126140>,14,13,[2 6],15,36,49,21,22
1,<environment.Job instance at 0x7ff781126550>,16,18,[7 4],17,36,54,19,25
1,<environment.Job instance at 0x7ff73b3b0b90>,5,18,[1 8],6,54,72,48,43
1,<environment.Job instance at 0x7ff781126500>,21,13,[6 3],22,72,85,50,58
1,<environment.Job instance at 0x7ff781126050>,24,14,[5 3],25,85,99,60,73
1,<environment.Job instance at 0x7ff781126aa0>,26,3,[ 5 10],27,99,102,72,73
1,<environment.Job instance at 0x7ff73afeaaf0>,2,3,[1 8],3,3,6,0,3
1,<environment.Job instance at 0x7ff780f9caf0>,3,12,[3 8],4,6,18,2,4
1,<environment.Job instance at 0x7ff73afea820>,4,3,[1 5],5,18,21,13,5
1,<environment.Job instance at 0x7ff73b282140>,5,15,[3 5],6,18,33,12,7
1,<environment.Job instance at 0x7ff73b3b9dc0>,11,3,[9 1],12,33,36,21,12
1,<environment.Job instance at 0x7ff780e3ca50>,9,2,[5 1],10,23,25,13,23
1,<environment.Job instance at 0x7ff780af97d0>,15,12,[2 8],16,36,48,20,23
1,<environment.Job instance at 0x7ff73b2829b0>,7,13,[9 1],8,48,61,40,32
1,<environment.Job instance at 0x7ff73b3b9190>,12,13,[9 1],13,61,74,48,48
1,<environment.Job instance at 0x7ff785496e60>,24,3,[4 5],25,74,77,49,48
1,<environment.Job instance at 0x7ff780af9e60>,19,15,[2 6],20,77,92,57,63
1,<environment.Job instance at 0x7ff73b0cf910>,29,18,[ 2 10],30,92,110,62,81
1,<environment.Job instance at 0x7ff73ae14230>,38,18,[5 8],39,110,128,71,99
1,<environment.Job instance at 0x7ff7810bee10>,48,15,[5 8],49,128,143,79,116
1,<environment.Job instance at 0x7ff780ff5910>,50,13,[5 6],51,143,156,92,129
1,<environment.Job instance at 0x7ff785b70d70>,54,13,[ 5 10],55,156,169,101,140
1,<environment.Job instance at 0x7ff780d1cf50>,59,15,[6 2],60,169,184,109,155
1,<environment.Job instance at 0x7ff780d1c960>,60,16,[7 5],61,184,200,123,174
1,<environment.Job instance at 0x7ff780fb45a0>,66,15,[3 5],67,174,189,107,174
1,<environment.Job instance at 0x7ff780fb4690>,69,14,[5 4],70,200,214,130,193
1,<environment.Job instance at 0x7ff780f1bd20>,73,12,[10  1],74,214,226,140,201
1,<environment.Job instance at 0x7ff780f1b8c0>,76,18,[8 1],77,226,244,149,217
1,<environment.Job instance at 0x7ff780f1bc30>,84,18,[5 5],85,244,262,159,233
1,<environment.Job instance at 0x7ff780c4c5a0>,88,18,[5 3],89,244,262,155,243
1,<environment.Job instance at 0x7ff780c4c0a0>,89,12,[4 6],90,262,274,172,245
1,<environment.Job instance at 0x7ff780c4cd20>,91,13,[10  4],92,274,287,182,258
1,<environment.Job instance at 0x7ff780c4caa0>,96,17,[2 5],97,287,304,190,275
1,<environment.Job instance at 0x7ff780c4cd70>,99,13,[6 4],100,287,300,187,285
1,<environment.Job instance at 0x7ff780af9320>,21,14,[9 4],22,304,318,282,292
1,<environment.Job instance at 0x7ff73afd3fa0>,107,17,[1 9],108,328,345,220,328
1,<environment.Job instance at 0x7ff73afd3d20>,110,17,[10  1],111,345,362,234,336
1,<environment.Job instance at 0x7ff73afd36e0>,112,13,[7 2],113,362,375,249,347
1,<environment.Job instance at 0x7ff73afd3a00>,118,13,[4 6],119,375,388,256,367
1,<environment.Job instance at 0x7ff780f0b3c0>,1,1,[4 5],2,2,3,0,2
1,<environment.Job instance at 0x7ff780e1bdc0>,2,3,[8 1],3,3,6,0,3
1,<environment.Job instance at 0x7ff73afd3a00>,4,16,[7 4],5,6,22,1,5
1,<environment.Job instance at 0x7ff780b7b140>,12,14,[4 6],13,22,36,9,13
1,<environment.Job instance at 0x7ff780f0bf50>,0,12,[7 4],1,36,48,35,20
1,<environment.Job instance at 0x7ff73b286d70>,20,15,[5 5],21,48,63,27,34
1,<environment.Job instance at 0x7ff73afa0a00>,24,15,[10  2],25,63,78,38,50
1,<environment.Job instance at 0x7ff73b16aa50>,22,12,[ 1 10],23,78,90,55,64
1,<environment.Job instance at 0x7ff73afdb910>,36,14,[6 4],37,90,104,53,88
1,<environment.Job instance at 0x7ff785967f50>,37,12,[5 9],38,104,116,66,88
1,<environment.Job instance at 0x7ff781035280>,11,18,[4 7],12,116,134,104,105
1,<environment.Job instance at 0x7ff78103cfa0>,48,14,[6 4],49,134,148,85,120
1,<environment.Job instance at 0x7ff78103c780>,53,2,[2 7],54,148,150,94,139
1,<environment.Job instance at 0x7ff73b2ac0f0>,8,17,[9 5],9,150,167,141,140
1,<environment.Job instance at 0x7ff78103cd20>,55,16,[7 3],56,167,183,111,154
1,<environment.Job instance at 0x7ff780cd2190>,63,16,[2 6],64,167,183,103,165
1,<environment.Job instance at 0x7ff73b2d3cd0>,65,17,[5 3],66,183,200,117,172
1,<environment.Job instance at 0x7ff73b2d3be0>,66,12,[2 7],67,183,195,116,175
1,<environment.Job instance at 0x7ff780fa9be0>,61,15,[8 4],62,200,215,138,187
1,<environment.Job instance at 0x7ff785640f00>,74,13,[2 8],75,215,228,140,201
1,<environment.Job instance at 0x7ff780a6a9b0>,77,12,[1 6],78,228,240,150,212
1,<environment.Job instance at 0x7ff785926370>,82,18,[7 4],83,229,247,146,229
1,<environment.Job instance at 0x7ff785471a50>,79,17,[5 7],80,247,264,167,238
1,<environment.Job instance at 0x7ff78109e7d0>,92,14,[ 2 10],93,264,278,171,253
1,<environment.Job instance at 0x7ff780ed8cd0>,94,13,[10  5],95,278,291,183,266
1,<environment.Job instance at 0x7ff7854d2410>,89,15,[3 9],90,291,306,201,281
1,<environment.Job instance at 0x7ff780ed8550>,98,16,[3 8],99,306,322,207,297
1,<environment.Job instance at 0x7ff785640780>,73,18,[4 6],74,322,340,248,311
1,<environment.Job instance at 0x7ff780ed8500>,110,12,[4 8],111,340,352,229,326
1,<environment.Job instance at 0x7ff7855cfdc0>,1,2,[1 9],2,3,5,1,3
1,<environment.Job instance at 0x7ff780b900a0>,3,13,[8 4],4,5,18,1,4
1,<environment.Job instance at 0x7ff73b0dca50>,4,3,[9 3],5,18,21,13,5
1,<environment.Job instance at 0x7ff780c2aaa0>,9,13,[8 2],10,21,34,11,10
1,<environment.Job instance at 0x7ff780c2a140>,12,16,[5 4],13,34,50,21,22
1,<environment.Job instance at 0x7ff780ed8f00>,7,13,[10  4],8,50,63,42,36
1,<environment.Job instance at 0x7ff780e6d5a0>,23,3,[6 2],24,63,66,39,50
1,<environment.Job instance at 0x7ff780a670a0>,27,3,[8 1],28,66,69,38,50
1,<environment.Job instance at 0x7ff780a67870>,29,18,[6 2],30,69,87,39,59
1,<environment.Job instance at 0x7ff780a67fa0>,33,14,[ 4 10],34,87,101,53,75
1,<environment.Job instance at 0x7ff780a673c0>,36,16,[9 2],37,101,117,64,92
1,<environment.Job instance at 0x7ff780a674b0>,40,2,[5 4],41,117,119,76,94
1,<environment.Job instance at 0x7ff780a67280>,41,2,[6 1],42,119,121,77,94
1,<environment.Job instance at 0x7ff73ae55910>,42,12,[1 9],43,119,131,76,102
1,<environment.Job instance at 0x7ff7858e5f50>,46,18,[5 5],47,131,149,84,120
1,<environment.Job instance at 0x7ff7858e5a00>,51,14,[10  1],52,149,163,97,134
1,<environment.Job instance at 0x7ff7858e59b0>,45,16,[4 9],46,163,179,117,150
1,<environment.Job instance at 0x7ff7858cb2d0>,52,18,[3 8],53,179,197,126,169
1,<environment.Job instance at 0x7ff7858cbaa0>,68,14,[ 1 10],69,197,211,128,185
1,<environment.Job instance at 0x7ff7858d4190>,73,13,[5 6],74,211,224,137,195
1,<environment.Job instance at 0x7ff7858cb870>,62,18,[3 7],63,224,242,161,213
1,<environment.Job instance at 0x7ff7858d4d70>,88,17,[6 5],89,254,271,165,254
1,<environment.Job instance at 0x7ff7858d46e0>,78,16,[10  3],79,277,293,198,277
1,<environment.Job instance at 0x7ff7858c44b0>,96,15,[5 6],97,293,308,196,280
1,<environment.Job instance at 0x7ff780b7b0a0>,5,15,[1 5],6,7,22,1,7
1,<environment.Job instance at 0x7ff785769780>,12,15,[5 1],13,17,32,4,17
1,<environment.Job instance at 0x7ff780b7b140>,3,18,[4 5],4,22,40,18,17
1,<environment.Job instance at 0x7ff7856d49b0>,17,15,[10  4],18,40,55,22,27
1,<environment.Job instance at 0x7ff78567a690>,18,16,[ 5 10],19,55,71,36,43
1,<environment.Job instance at 0x7ff73b01ac30>,28,18,[ 5 10],29,71,89,42,65
1,<environment.Job instance at 0x7ff780b98a00>,27,15,[2 6],28,89,104,61,75
1,<environment.Job instance at 0x7ff73b01a1e0>,29,18,[10  2],30,104,122,74,93
1,<environment.Job instance at 0x7ff7856d47d0>,1,1,[ 3 10],2,3,4,1,3
1,<environment.Job instance at 0x7ff785769500>,2,16,[6 1],3,4,20,1,4
1,<environment.Job instance at 0x7ff73ac431e0>,4,2,[1 9],5,5,7,0,5
1,<environment.Job instance at 0x7ff78551b410>,5,14,[5 4],6,20,34,14,6
1,<environment.Job instance at 0x7ff73b0265f0>,11,12,[3 5],12,16,28,4,16
1,<environment.Job instance at 0x7ff780ccd4b0>,3,14,[ 4 10],4,34,48,30,23
1,<environment.Job instance at 0x7ff780b48190>,26,17,[1 6],27,48,65,21,38
1,<environment.Job instance at 0x7ff780b48730>,27,13,[9 4],28,48,61,20,39
1,<environment.Job instance at 0x7ff73b026eb0>,17,18,[6 1],18,61,79,43,51
1,<environment.Job instance at 0x7ff73ada9af0>,34,14,[ 5 10],35,79,93,44,67
1,<environment.Job instance at 0x7ff73ada9c30>,38,15,[1 6],39,93,108,54,79
1,<environment.Job instance at 0x7ff785654140>,44,17,[1 6],45,108,125,63,97
1,<environment.Job instance at 0x7ff73b0260a0>,16,16,[4 9],17,125,141,108,113
1,<environment.Job instance at 0x7ff785654a00>,46,17,[4 6],47,141,158,94,129
1,<environment.Job instance at 0x7ff73b3ee410>,54,13,[1 9],55,158,171,103,142
1,<environment.Job instance at 0x7ff73b5b8b90>,61,17,[9 4],62,171,188,109,160
1,<environment.Job instance at 0x7ff73b5b8190>,66,12,[9 1],67,188,200,121,171
1,<environment.Job instance at 0x7ff7856543c0>,50,15,[4 7],51,200,215,149,189
1,<environment.Job instance at 0x7ff73af90be0>,68,18,[10  4],69,215,233,146,205
1,<environment.Job instance at 0x7ff780e0f870>,81,17,[ 2 10],82,233,250,151,226
1,<environment.Job instance at 0x7ff780e0fd20>,83,12,[3 9],84,250,262,166,242
1,<environment.Job instance at 0x7ff780e0f280>,85,18,[4 6],86,262,280,176,252
1,<environment.Job instance at 0x7ff780e0f780>,91,12,[8 1],92,360,372,268,360
1,<environment.Job instance at 0x7ff73afb3320>,96,15,[3 9],97,372,387,275,363
1,<environment.Job instance at 0x7ff7856b03c0>,1,15,[3 7],2,3,18,1,3
1,<environment.Job instance at 0x7ff73ae89b90>,3,14,[6 2],4,4,18,0,4
1,<environment.Job instance at 0x7ff78567ab90>,4,2,[3 9],5,18,20,13,5
1,<environment.Job instance at 0x7ff7858c7b40>,7,1,[4 7],8,20,21,12,8
1,<environment.Job instance at 0x7ff73b4455f0>,8,12,[6 4],9,21,33,12,10
1,<environment.Job instance at 0x7ff7856215a0>,11,13,[3 5],12,21,34,9,12
1,<environment.Job instance at 0x7ff780bb69b0>,16,13,[6 4],17,33,46,16,17
1,<environment.Job instance at 0x7ff73b1f4690>,30,12,[2 5],31,34,46,3,31
1,<environment.Job instance at 0x7ff780980c30>,28,3,[6 2],29,46,49,17,32
1,<environment.Job instance at 0x7ff7809805f0>,18,12,[10  4],19,49,61,30,34
1,<environment.Job instance at 0x7ff73b124730>,31,17,[7 4],32,61,78,29,49
1,<environment.Job instance at 0x7ff73b59aa50>,44,12,[7 1],45,78,90,33,61
1,<environment.Job instance at 0x7ff7854fe0f0>,50,18,[9 3],51,90,108,39,79
1,<environment.Job instance at 0x7ff7854fe820>,51,17,[9 4],52,108,125,56,96
1,<environment.Job instance at 0x7ff785525280>,57,14,[5 6],58,125,139,67,111
1,<environment.Job instance at 0x7ff7854f7b90>,59,17,[5 6],60,139,156,79,127
1,<environment.Job instance at 0x7ff780c25690>,13,15,[ 2 10],14,156,171,142,142
1,<environment.Job instance at 0x7ff7854f7f50>,60,15,[3 7],61,171,186,110,157
1,<environment.Job instance at 0x7ff73ac2e820>,72,15,[6 2],73,171,186,98,167
1,<environment.Job instance at 0x7ff7854f7140>,66,15,[4 6],67,186,201,119,173
1,<environment.Job instance at 0x7ff73af46050>,80,14,[8 2],81,201,215,120,189
1,<environment.Job instance at 0x7ff7854375f0>,84,18,[4 8],85,215,233,130,206
1,<environment.Job instance at 0x7ff73af3ad20>,87,15,[6 1],88,215,230,127,207
1,<environment.Job instance at 0x7ff780d7c8c0>,89,13,[4 7],90,233,246,143,222
1,<environment.Job instance at 0x7ff780d7cfa0>,92,14,[5 2],93,233,247,140,233
1,<environment.Job instance at 0x7ff7810cae60>,102,2,[5 4],103,246,248,143,246
1,<environment.Job instance at 0x7ff7856bffa0>,33,14,[ 5 10],34,248,262,214,246
1,<environment.Job instance at 0x7ff7810cad70>,104,12,[7 5],105,262,274,157,250
1,<environment.Job instance at 0x7ff7810ca870>,105,14,[7 5],106,274,288,168,261
1,<environment.Job instance at 0x7ff785b44730>,112,12,[8 2],113,288,300,175,280
1,<environment.Job instance at 0x7ff785b44500>,113,12,[8 2],114,300,312,186,287
1,<environment.Job instance at 0x7ff73ae54c30>,1,16,[8 4],2,4,20,2,4
1,<environment.Job instance at 0x7ff785b449b0>,5,15,[9 1],6,20,35,14,6
1,<environment.Job instance at 0x7ff780a75640>,9,2,[2 6],10,10,12,0,10
1,<environment.Job instance at 0x7ff73ac80550>,10,15,[1 8],11,20,35,9,11
1,<environment.Job instance at 0x7ff73ac43690>,14,14,[5 3],15,35,49,20,22
1,<environment.Job instance at 0x7ff73aed90f0>,22,14,[3 7],23,35,49,12,27
1,<environment.Job instance at 0x7ff73aed9820>,24,17,[3 5],25,49,66,24,38
1,<environment.Job instance at 0x7ff73b464320>,31,13,[5 8],32,66,79,34,52
1,<environment.Job instance at 0x7ff73b54e690>,38,12,[6 3],39,79,91,40,71
1,<environment.Job instance at 0x7ff73ae6bf50>,42,3,[10  3],43,91,94,48,73
1,<environment.Job instance at 0x7ff73ad3f050>,25,15,[ 1 10],26,94,109,68,80
1,<environment.Job instance at 0x7ff780d848c0>,47,17,[5 6],48,109,126,61,98
1,<environment.Job instance at 0x7ff780d84730>,49,17,[5 2],50,109,126,59,99
1,<environment.Job instance at 0x7ff7859e26e0>,51,17,[9 3],52,126,143,74,115
1,<environment.Job instance at 0x7ff780d157d0>,56,17,[8 4],57,143,160,86,134
1,<environment.Job instance at 0x7ff73aeb7eb0>,62,12,[7 3],63,160,172,97,148
1,<environment.Job instance at 0x7ff73ae76190>,64,2,[6 5],65,172,174,107,148
1,<environment.Job instance at 0x7ff73b3933c0>,37,18,[ 1 10],38,174,192,136,164
1,<environment.Job instance at 0x7ff73adea410>,71,18,[3 9],72,192,210,120,181
1,<environment.Job instance at 0x7ff7858e3320>,73,15,[1 5],74,210,225,136,196
1,<environment.Job instance at 0x7ff7858e3370>,78,13,[8 5],79,210,223,131,196
1,<environment.Job instance at 0x7ff73ad3f780>,23,16,[ 5 10],24,225,241,201,212
1,<environment.Job instance at 0x7ff73b1caaf0>,86,12,[6 2],87,241,253,154,233
1,<environment.Job instance at 0x7ff73b1cacd0>,87,15,[1 8],88,241,256,153,233
1,<environment.Job instance at 0x7ff73afee410>,89,15,[9 1],90,253,268,163,240
1,<environment.Job instance at 0x7ff7809cc910>,43,16,[9 5],44,268,284,224,259
1,<environment.Job instance at 0x7ff7810751e0>,98,3,[4 5],99,326,329,227,326
1,<environment.Job instance at 0x7ff781075d70>,100,13,[3 7],101,329,342,228,328
1,<environment.Job instance at 0x7ff73af2a8c0>,109,12,[5 1],110,403,415,293,403
1,<environment.Job instance at 0x7ff780e0e6e0>,113,3,[8 4],114,415,418,301,409
1,<environment.Job instance at 0x7ff7856b14b0>,114,2,[3 8],115,409,411,294,409
1,<environment.Job instance at 0x7ff78599ab90>,115,3,[ 1 10],116,418,421,302,409
1,<environment.Job instance at 0x7ff78599a730>,116,14,[8 3],117,421,435,304,411
1,<environment.Job instance at 0x7ff7858b04b0>,5,15,[8 4],6,6,21,0,6
1,<environment.Job instance at 0x7ff7858b0be0>,6,14,[2 6],7,10,24,3,10
1,<environment.Job instance at 0x7ff7858b0cd0>,11,12,[2 8],12,24,36,12,14
1,<environment.Job instance at 0x7ff7858b07d0>,12,15,[10  3],13,36,51,23,22
1,<environment.Job instance at 0x7ff73ae098c0>,17,3,[8 3],18,51,54,33,28
1,<environment.Job instance at 0x7ff73ae09be0>,20,14,[1 7],21,51,65,30,49
1,<environment.Job instance at 0x7ff73ae09c80>,14,18,[9 3],15,54,72,39,53
1,<environment.Job instance at 0x7ff73ae09550>,27,17,[ 5 10],28,72,89,44,60
1,<environment.Job instance at 0x7ff73ae08820>,30,15,[3 7],31,89,104,58,78
1,<environment.Job instance at 0x7ff73ae08c80>,34,14,[5 3],35,89,103,54,79
1,<environment.Job instance at 0x7ff73ae086e0>,40,1,[2 9],41,104,105,63,99
1,<environment.Job instance at 0x7ff7856b2190>,44,13,[4 7],45,111,124,66,111
1,<environment.Job instance at 0x7ff7856b2af0>,46,14,[9 3],47,124,138,77,111
1,<environment.Job instance at 0x7ff7858b0af0>,4,15,[10  1],5,138,153,133,124
1,<environment.Job instance at 0x7ff7856b2820>,51,12,[4 6],52,153,165,101,136
1,<environment.Job instance at 0x7ff73b30ce60>,53,13,[10  4],54,165,178,111,149
1,<environment.Job instance at 0x7ff73b52f050>,63,14,[6 1],64,178,192,114,165
1,<environment.Job instance at 0x7ff780ccd460>,1,17,[7 1],2,2,19,0,2
1,<environment.Job instance at 0x7ff780c56550>,5,3,[3 6],6,6,9,0,6
1,<environment.Job instance at 0x7ff73b52fe10>,2,15,[9 5],3,19,34,16,8
1,<environment.Job instance at 0x7ff780c561e0>,8,2,[7 3],9,34,36,25,9
1,<environment.Job instance at 0x7ff780c56eb0>,9,13,[9 3],10,36,49,26,20
1,<environment.Job instance at 0x7ff7809aea50>,21,14,[7 5],22,49,63,27,40
1,<environment.Job instance at 0x7ff780993c30>,24,18,[6 5],25,63,81,38,52
1,<environment.Job instance at 0x7ff73b229d20>,32,17,[3 5],33,58,75,25,58
1,<environment.Job instance at 0x7ff78097f730>,36,14,[8 5],37,81,95,44,66
1,<environment.Job instance at 0x7ff73aef6320>,48,14,[5 5],49,95,109,46,92
1,<environment.Job instance at 0x7ff73af02e60>,52,3,[ 4 10],53,109,112,56,97
1,<environment.Job instance at 0x7ff73af02500>,53,15,[8 2],54,112,127,58,99
1,<environment.Job instance at 0x7ff78097f320>,35,18,[4 9],36,145,163,109,145
1,<environment.Job instance at 0x7ff73aed8f50>,66,12,[1 9],67,163,175,96,146
1,<environment.Job instance at 0x7ff73aed8460>,69,16,[8 4],70,175,191,105,164
1,<environment.Job instance at 0x7ff73acae320>,73,16,[5 9],74,191,207,117,182
1,<environment.Job instance at 0x7ff73ac83f50>,75,15,[ 3 10],76,207,222,131,193
1,<environment.Job instance at 0x7ff73aee9b40>,84,3,[5 3],85,222,225,137,219
1,<environment.Job instance at 0x7ff73aee90f0>,85,15,[8 3],86,225,240,139,225
1,<environment.Job instance at 0x7ff73aee9550>,90,14,[5 3],91,240,254,149,232
1,<environment.Job instance at 0x7ff73ac9c8c0>,91,3,[4 6],92,240,243,148,234
1,<environment.Job instance at 0x7ff73ac9ccd0>,92,12,[9 4],93,254,266,161,238
1,<environment.Job instance at 0x7ff73acc81e0>,95,18,[6 4],96,266,284,170,255
1,<environment.Job instance at 0x7ff73aef5af0>,100,15,[4 9],101,286,301,185,286
1,<environment.Job instance at 0x7ff73aef5d20>,101,12,[4 6],102,301,313,199,286
1,<environment.Job instance at 0x7ff73aef5730>,105,3,[10  5],106,313,316,207,305
1,<environment.Job instance at 0x7ff73aef5870>,106,12,[9 2],107,323,335,216,323
1,<environment.Job instance at 0x7ff7855a2aa0>,111,17,[7 1],112,489,506,377,489
1,<environment.Job instance at 0x7ff7855a2500>,116,14,[2 9],117,498,512,381,498
1,<environment.Job instance at 0x7ff7855a2d70>,5,12,[1 8],6,10,22,4,10
1,<environment.Job instance at 0x7ff73abf99b0>,9,13,[6 5],10,22,35,12,10
1,<environment.Job instance at 0x7ff73ab9eaa0>,4,14,[ 4 10],5,35,49,30,21
1,<environment.Job instance at 0x7ff780cd5780>,13,16,[1 9],14,49,65,35,36
1,<environment.Job instance at 0x7ff73abf96e0>,10,16,[10  2],11,65,81,54,52
1,<environment.Job instance at 0x7ff78580bf50>,22,15,[6 2],23,81,96,58,67
1,<environment.Job instance at 0x7ff73b2c0a00>,25,16,[2 9],26,96,112,70,83
1,<environment.Job instance at 0x7ff7855a2d20>,3,18,[10  4],4,127,145,123,127
1,<environment.Job instance at 0x7ff7856d4b90>,0,3,[3 7],1,1,4,0,1
1,<environment.Job instance at 0x7ff780a755a0>,5,1,[4 8],6,6,7,0,6
1,<environment.Job instance at 0x7ff780a75730>,8,12,[ 4 10],9,23,35,14,23
1,<environment.Job instance at 0x7ff780a75a00>,20,12,[10  5],21,49,61,28,49
1,<environment.Job instance at 0x7ff780b95320>,23,17,[8 3],24,61,78,37,56
1,<environment.Job instance at 0x7ff780b95370>,27,15,[5 5],28,78,93,50,64
1,<environment.Job instance at 0x7ff780b953c0>,31,1,[10  1],32,93,94,61,74
1,<environment.Job instance at 0x7ff780b95280>,34,1,[4 6],35,94,95,59,83
1,<environment.Job instance at 0x7ff780b95730>,35,2,[4 5],36,83,85,47,83
1,<environment.Job instance at 0x7ff780b950f0>,30,14,[1 9],31,95,109,64,84
1,<environment.Job instance at 0x7ff780b954b0>,37,1,[ 3 10],38,109,110,71,84
1,<environment.Job instance at 0x7ff780b955a0>,43,16,[8 1],44,110,126,66,106
1,<environment.Job instance at 0x7ff785540be0>,2,16,[9 2],3,126,142,123,115
1,<environment.Job instance at 0x7ff73b42e370>,54,2,[4 5],55,142,144,87,139
1,<environment.Job instance at 0x7ff73b42ebe0>,55,13,[9 1],56,144,157,88,144
1,<environment.Job instance at 0x7ff73b42e6e0>,56,3,[4 7],57,157,160,100,145
1,<environment.Job instance at 0x7ff73b42e410>,62,15,[8 3],63,161,176,98,161
1,<environment.Job instance at 0x7ff73ac20870>,64,12,[2 9],65,176,188,111,161
1,<environment.Job instance at 0x7ff73b42ecd0>,59,14,[ 2 10],60,188,202,128,175
1,<environment.Job instance at 0x7ff73ac201e0>,68,14,[2 8],69,202,216,133,188
1,<environment.Job instance at 0x7ff73ac20410>,73,13,[10  5],74,216,229,142,201
1,<environment.Job instance at 0x7ff73ac20500>,75,15,[10  4],76,229,244,153,215
1,<environment.Job instance at 0x7ff73add0a00>,82,13,[6 3],83,244,257,161,231
1,<environment.Job instance at 0x7ff73add0d70>,90,16,[4 9],91,257,273,166,252
1,<environment.Job instance at 0x7ff73add0eb0>,93,14,[5 4],94,273,287,179,258
1,<environment.Job instance at 0x7ff73ac00500>,101,17,[7 4],102,287,304,185,275
1,<environment.Job instance at 0x7ff73ac00730>,107,15,[10  5],108,304,319,196,290
1,<environment.Job instance at 0x7ff73ac00320>,110,17,[8 2],111,319,336,208,311
1,<environment.Job instance at 0x7ff73b5a4b40>,115,14,[9 4],116,336,350,220,321
1,<environment.Job instance at 0x7ff73b5a45a0>,118,18,[5 3],119,350,368,231,339
1,<environment.Job instance at 0x7ff785603050>,1,18,[1 7],2,2,20,0,2
1,<environment.Job instance at 0x7ff785603a00>,4,2,[1 8],5,20,22,15,5
1,<environment.Job instance at 0x7ff785603aa0>,6,3,[6 5],7,22,25,15,7
1,<environment.Job instance at 0x7ff7856265f0>,14,18,[7 1],15,25,43,10,15
1,<environment.Job instance at 0x7ff7856035a0>,0,12,[5 7],1,43,55,42,26
1,<environment.Job instance at 0x7ff785605190>,27,1,[10  4],28,55,56,27,35
1,<environment.Job instance at 0x7ff785605370>,26,13,[7 3],27,56,69,29,41
1,<environment.Job instance at 0x7ff785605230>,33,2,[1 5],34,56,58,22,49
1,<environment.Job instance at 0x7ff785605cd0>,34,18,[3 8],35,69,87,34,65
1,<environment.Job instance at 0x7ff78562c050>,38,3,[6 4],39,87,90,48,65
1,<environment.Job instance at 0x7ff7856285f0>,41,15,[3 5],42,87,102,45,73
1,<environment.Job instance at 0x7ff785628dc0>,42,2,[5 3],43,90,92,47,73
1,<environment.Job instance at 0x7ff7856280f0>,44,15,[10  3],45,102,117,57,88
1,<environment.Job instance at 0x7ff785605b40>,24,18,[ 4 10],25,117,135,92,110
1,<environment.Job instance at 0x7ff785613230>,60,14,[7 5],61,135,149,74,120
1,<environment.Job instance at 0x7ff785613870>,62,18,[5 8],63,149,167,86,140
1,<environment.Job instance at 0x7ff785615320>,68,2,[10  3],69,170,172,101,170
1,<environment.Job instance at 0x7ff7856152d0>,72,2,[1 7],73,172,174,99,170
1,<environment.Job instance at 0x7ff785615460>,73,13,[1 7],74,174,187,100,171
1,<environment.Job instance at 0x7ff785615a50>,75,2,[8 4],76,187,189,111,179
1,<environment.Job instance at 0x7ff780e60fa0>,82,16,[5 5],83,207,223,124,207
1,<environment.Job instance at 0x7ff785628f50>,51,14,[4 6],52,223,237,171,209
1,<environment.Job instance at 0x7ff780e60eb0>,87,12,[5 6],88,237,249,149,221
1,<environment.Job instance at 0x7ff780e60c30>,86,17,[4 9],87,249,266,162,237
1,<environment.Job instance at 0x7ffacab430f0>,4,18,[10  4],5,7,25,2,7
1,<environment.Job instance at 0x7ffac37346e0>,8,17,[ 2 10],9,25,42,16,14
1,<environment.Job instance at 0x7ffac3734be0>,14,12,[3 7],15,42,54,27,35
1,<environment.Job instance at 0x7ffac3734910>,16,12,[1 8],17,54,66,37,37
1,<environment.Job instance at 0x7ffac3734a00>,13,13,[1 8],14,66,79,52,62
1,<environment.Job instance at 0x7ffac3737190>,27,2,[6 4],28,79,81,51,73
1,<environment.Job instance at 0x7ffac37370a0>,30,1,[5 5],31,81,82,50,73
1,<environment.Job instance at 0x7ffac37375a0>,31,17,[4 9],32,82,99,50,73
1,<environment.Job instance at 0x7ffacabcb780>,3,18,[ 3 10],4,101,119,97,101
1,<environment.Job instance at 0x7ffac3737d70>,37,14,[5 5],38,119,133,81,108
1,<environment.Job instance at 0x7ffac3737fa0>,41,14,[6 1],42,133,147,91,124
1,<environment.Job instance at 0x7ffac37390f0>,42,14,[8 4],43,147,161,104,132
1,<environment.Job instance at 0x7ffac37391e0>,45,16,[6 2],46,161,177,115,148
1,<environment.Job instance at 0x7ffac3739820>,2,3,[8 5],3,3,6,0,3
1,<environment.Job instance at 0x7ffac37414b0>,3,3,[2 9],4,6,9,2,4
1,<environment.Job instance at 0x7ffac3741cd0>,8,14,[5 1],9,10,24,1,10
1,<environment.Job instance at 0x7ffac374c960>,11,16,[5 4],12,12,28,0,12
1,<environment.Job instance at 0x7ffac3750050>,15,15,[6 2],16,28,43,12,17
1,<environment.Job instance at 0x7ffac37509b0>,18,12,[3 9],19,43,55,24,29
1,<environment.Job instance at 0x7ffac3750a50>,21,16,[1 9],22,55,71,33,42
1,<environment.Job instance at 0x7ffac374fe60>,28,16,[3 9],29,71,87,42,59
1,<environment.Job instance at 0x7ffa7fb36fa0>,34,13,[1 9],35,87,100,52,77
1,<environment.Job instance at 0x7ffa7fb33230>,38,18,[4 6],39,100,118,61,92
1,<environment.Job instance at 0x7ffa7fb330f0>,40,3,[9 1],41,92,95,51,92
1,<environment.Job instance at 0x7ffa7fb33410>,41,14,[5 3],42,100,114,58,92
1,<environment.Job instance at 0x7ffa7fb334b0>,43,12,[1 7],44,118,130,74,101
1,<environment.Job instance at 0x7ffa7fb38f00>,50,12,[2 5],51,130,142,79,122
1,<environment.Job instance at 0x7ffa7fb38140>,54,12,[5 7],55,142,154,87,125
1,<environment.Job instance at 0x7ffa7fb38780>,58,14,[8 5],59,154,168,95,139
1,<environment.Job instance at 0x7ffa7fb38460>,60,18,[5 1],61,168,186,107,157
1,<environment.Job instance at 0x7ffa7fb2d190>,64,17,[10  5],65,186,203,121,175
1,<environment.Job instance at 0x7ffa7fb2d960>,67,3,[4 9],68,182,185,114,182
1,<environment.Job instance at 0x7ffa7fb32e60>,72,14,[9 2],73,203,217,130,188
1,<environment.Job instance at 0x7ffa7fba4b40>,74,17,[10  2],75,217,234,142,206
1,<environment.Job instance at 0x7ffa7fb32dc0>,77,1,[1 6],78,206,207,128,206
1,<environment.Job instance at 0x7ffac3741aa0>,4,15,[10  5],5,234,249,229,226
1,<environment.Job instance at 0x7ffa7fb4f190>,84,13,[5 9],85,249,262,164,236
1,<environment.Job instance at 0x7ffa7fc16dc0>,93,15,[5 6],94,265,280,171,265
1,<environment.Job instance at 0x7ffa7fbfa3c0>,96,15,[ 5 10],97,293,308,196,293
1,<environment.Job instance at 0x7ffa7fc263c0>,87,18,[ 1 10],88,308,326,220,300
1,<environment.Job instance at 0x7ffa7fc22d70>,103,12,[3 8],104,326,338,222,319
1,<environment.Job instance at 0x7ffa7fc221e0>,104,14,[8 5],105,338,352,233,326
1,<environment.Job instance at 0x7ffa7fc4c9b0>,109,16,[9 4],110,352,368,242,349
1,<environment.Job instance at 0x7ffa7fc55730>,113,18,[1 6],114,360,378,246,360
1,<environment.Job instance at 0x7ffa7fc0fa50>,114,15,[9 5],115,378,393,263,366
1,<environment.Job instance at 0x7ffa7fc0f910>,118,12,[9 2],119,393,405,274,386
1,<environment.Job instance at 0x7ffa7f99d0a0>,123,14,[3 5],124,405,419,281,394
1,<environment.Job instance at 0x7ffa7fa019b0>,124,17,[1 9],125,419,436,294,408
1,<environment.Job instance at 0x7ffacacb6f00>,7,14,[3 5],8,11,25,3,11
1,<environment.Job instance at 0x7ffacacb2f00>,10,1,[9 5],11,25,26,14,14
1,<environment.Job instance at 0x7ffa7fa0ca50>,13,18,[7 5],14,26,44,12,26
1,<environment.Job instance at 0x7ffacacb5aa0>,16,14,[5 4],17,44,58,27,30
1,<environment.Job instance at 0x7ffac350d5f0>,21,16,[6 2],22,58,74,36,48
1,<environment.Job instance at 0x7ffacacb5b90>,22,2,[9 4],23,74,76,51,48
1,<environment.Job instance at 0x7ffacacb5460>,26,13,[3 6],27,49,62,22,49
1,<environment.Job instance at 0x7ffacacb6820>,4,18,[10  2],5,76,94,71,66
1,<environment.Job instance at 0x7ffac34aec80>,33,18,[9 2],34,94,112,60,87
1,<environment.Job instance at 0x7ffac35cdc30>,36,16,[5 7],37,112,128,75,99
1,<environment.Job instance at 0x7ffac9f204b0>,40,17,[4 5],41,128,145,87,117
1,<environment.Job instance at 0x7ffa7fa6a050>,43,13,[8 3],44,145,158,101,129
1,<environment.Job instance at 0x7ffa7fa1d320>,47,17,[7 5],48,158,175,110,146
1,<environment.Job instance at 0x7ffa7fa1d3c0>,51,15,[10  3],52,175,190,123,161
1,<environment.Job instance at 0x7ffa7f9ea7d0>,56,2,[6 5],57,190,192,133,170
1,<environment.Job instance at 0x7ffa7f9eaf50>,57,14,[7 1],58,192,206,134,179
1,<environment.Job instance at 0x7ffac35398c0>,60,14,[ 3 10],61,206,220,145,192
1,<environment.Job instance at 0x7ffa7fa23280>,69,3,[8 4],70,501,504,431,501
1,<environment.Job instance at 0x7ffa7f9e7190>,71,16,[2 8],72,504,520,432,502
1,<environment.Job instance at 0x7ffa7f9d6cd0>,1,2,[7 4],2,2,4,0,2
1,<environment.Job instance at 0x7ffa7f9f15a0>,3,18,[8 1],4,4,22,0,4
1,<environment.Job instance at 0x7ffaca1d40f0>,0,12,[1 5],1,7,19,6,7
1,<environment.Job instance at 0x7ffacaa45550>,10,16,[1 9],11,19,35,8,11
1,<environment.Job instance at 0x7ffa7fd379b0>,2,17,[9 1],3,33,50,30,33
1,<environment.Job instance at 0x7ffac351bd70>,17,13,[4 6],18,50,63,32,34
1,<environment.Job instance at 0x7ffac351ceb0>,16,13,[8 3],17,63,76,46,48
1,<environment.Job instance at 0x7ffaca100a00>,18,14,[2 7],19,63,77,44,48
1,<environment.Job instance at 0x7ffacaa3d190>,28,13,[8 2],29,76,89,47,63
1,<environment.Job instance at 0x7ffac3c45820>,32,13,[3 9],33,89,102,56,75
1,<environment.Job instance at 0x7ffac3acb5f0>,35,16,[10  5],36,102,118,66,89
1,<environment.Job instance at 0x7ffac39d47d0>,37,14,[9 1],38,118,132,80,104
1,<environment.Job instance at 0x7ffac396e410>,42,12,[8 5],43,132,144,89,115
1,<environment.Job instance at 0x7ffac39535a0>,45,15,[5 7],46,144,159,98,130
1,<environment.Job instance at 0x7ffaca071140>,1,15,[3 5],2,2,17,0,2
1,<environment.Job instance at 0x7ffa7fd37cd0>,7,18,[1 7],8,28,46,20,28
1,<environment.Job instance at 0x7ffac38c5050>,14,1,[5 7],15,46,47,31,30
1,<environment.Job instance at 0x7ffac37ae5a0>,0,18,[4 6],1,58,76,57,58
1,<environment.Job instance at 0x7ffac35c4320>,19,12,[9 1],20,76,88,56,63
1,<environment.Job instance at 0x7ffac35c4cd0>,23,18,[6 1],24,88,106,64,83
1,<environment.Job instance at 0x7ffac35c40f0>,26,14,[10  4],27,106,120,79,92
1,<environment.Job instance at 0x7ffac37eda00>,43,18,[ 1 10],44,235,253,191,235
1,<environment.Job instance at 0x7ffac37ed7d0>,44,14,[7 5],45,253,267,208,245
1,<environment.Job instance at 0x7ffac379d0f0>,1,2,[5 7],2,3,5,1,3
1,<environment.Job instance at 0x7ffa7fd37e10>,3,1,[4 9],4,5,6,1,4
1,<environment.Job instance at 0x7ffacaa45370>,4,12,[3 5],5,6,18,1,5
1,<environment.Job instance at 0x7ffac37cee60>,5,3,[9 2],6,18,21,12,6
1,<environment.Job instance at 0x7ffaca477f50>,7,3,[10  4],8,21,24,13,8
1,<environment.Job instance at 0x7ffac3bb6e60>,8,3,[3 9],9,24,27,15,9
1,<environment.Job instance at 0x7ffac3bb6c80>,13,13,[7 5],14,27,40,13,16
1,<environment.Job instance at 0x7ffac3596c80>,24,16,[9 4],25,40,56,15,38
1,<environment.Job instance at 0x7ffac3596910>,23,16,[8 5],24,56,72,32,45
1,<environment.Job instance at 0x7ffaca477460>,12,15,[10  1],13,72,87,59,58
1,<environment.Job instance at 0x7ffac384e370>,31,12,[5 6],32,87,99,55,76
1,<environment.Job instance at 0x7ffac3596a00>,26,15,[10  4],27,99,114,72,86
1,<environment.Job instance at 0x7ffac384efa0>,28,17,[3 9],29,114,131,85,102
1,<environment.Job instance at 0x7ffac3840cd0>,51,12,[1 8],52,131,143,79,119
1,<environment.Job instance at 0x7ffaca47ecd0>,39,17,[1 9],40,143,160,103,133
1,<environment.Job instance at 0x7ffac3840af0>,55,15,[ 1 10],56,160,175,104,149
1,<environment.Job instance at 0x7ffac3840050>,60,13,[5 3],61,175,188,114,159
1,<environment.Job instance at 0x7ffac3bb6550>,20,18,[ 5 10],21,188,206,167,181
1,<environment.Job instance at 0x7ffa7fd28aa0>,67,15,[4 6],68,206,221,138,193
1,<environment.Job instance at 0x7ffa7fd28550>,74,16,[4 5],75,221,237,146,209
1,<environment.Job instance at 0x7ffa7fd94f00>,1,2,[7 1],2,2,4,0,2
1,<environment.Job instance at 0x7ffac3792370>,3,3,[10  3],4,4,7,0,4
1,<environment.Job instance at 0x7ffac35bc4b0>,6,14,[6 4],7,7,21,0,7
1,<environment.Job instance at 0x7ffac35bcbe0>,7,3,[7 5],8,21,24,13,8
1,<environment.Job instance at 0x7ffac3a06dc0>,4,13,[5 3],5,24,37,19,10
1,<environment.Job instance at 0x7ffac3674a00>,14,3,[ 3 10],15,37,40,22,18
1,<environment.Job instance at 0x7ffac3674e10>,17,2,[7 2],18,40,42,22,18
1,<environment.Job instance at 0x7ffaca48bb90>,11,17,[2 7],12,40,57,28,28
1,<environment.Job instance at 0x7ffaca48b190>,12,17,[6 4],13,57,74,44,47
1,<environment.Job instance at 0x7ffa7fb2d5f0>,28,18,[1 5],29,64,82,35,64
1,<environment.Job instance at 0x7ffa7fb2d460>,32,13,[9 4],33,74,87,41,68
1,<environment.Job instance at 0x7ffa7fcc1780>,33,12,[2 6],34,87,99,53,72
1,<environment.Job instance at 0x7ffaca3445f0>,36,13,[5 5],37,99,112,62,83
1,<environment.Job instance at 0x7ffac3a94280>,29,18,[9 5],30,112,130,82,101
1,<environment.Job instance at 0x7ffac9fb3230>,51,1,[7 3],52,130,131,78,130
1,<environment.Job instance at 0x7ffac9fb35f0>,52,18,[4 7],53,131,149,78,130
1,<environment.Job instance at 0x7ffac9fb36e0>,54,14,[9 1],55,149,163,94,138
1,<environment.Job instance at 0x7ffac9fb3640>,56,18,[8 3],57,163,181,106,152
1,<environment.Job instance at 0x7ffac3674910>,18,12,[ 4 10],19,181,193,162,169
1,<environment.Job instance at 0x7ffac3a032d0>,22,16,[ 3 10],23,193,209,170,181
1,<environment.Job instance at 0x7ffac368c870>,66,13,[9 3],67,209,222,142,193
1,<environment.Job instance at 0x7ffac35e6820>,69,15,[5 7],70,222,237,152,209
1,<environment.Job instance at 0x7ffac39c2690>,76,18,[7 4],77,245,263,168,245
1,<environment.Job instance at 0x7ffac36e2e10>,79,18,[6 4],80,263,281,183,263
1,<environment.Job instance at 0x7ffac36e25f0>,2,3,[5 9],3,4,7,1,4
1,<environment.Job instance at 0x7ffac3597af0>,10,15,[2 8],11,19,34,8,19
1,<environment.Job instance at 0x7ffa7fcbdd70>,4,3,[2 7],5,34,37,29,19
1,<environment.Job instance at 0x7ffa7fdf51e0>,6,12,[3 9],7,37,49,30,24
1,<environment.Job instance at 0x7ffac3a1c690>,19,18,[2 7],20,49,67,29,38
1,<environment.Job instance at 0x7ffac3a1c500>,24,13,[8 2],25,51,64,26,51
1,<environment.Job instance at 0x7ffac3863b40>,28,13,[2 5],29,67,80,38,51
1,<environment.Job instance at 0x7ffaca3432d0>,8,16,[4 8],9,80,96,71,67
1,<environment.Job instance at 0x7ffac3a1c9b0>,15,16,[10  5],16,96,112,80,85
1,<environment.Job instance at 0x7ffaca6d3050>,42,2,[5 7],43,112,114,69,100
1,<environment.Job instance at 0x7ffaca6d3190>,43,14,[ 4 10],44,114,128,70,100
1,<environment.Job instance at 0x7ffaca6d3e60>,44,15,[4 8],45,128,143,83,118
1,<environment.Job instance at 0x7ffac36a7190>,52,3,[1 8],53,143,146,90,130
1,<environment.Job instance at 0x7ffa7fa51dc0>,53,12,[3 8],54,146,158,92,132
1,<environment.Job instance at 0x7ffa7fa74190>,57,13,[9 1],58,158,171,100,143
1,<environment.Job instance at 0x7ffaca6d3c30>,41,18,[3 8],42,171,189,129,161
1,<environment.Job instance at 0x7ffa7fa74690>,66,12,[9 5],67,189,201,122,172
1,<environment.Job instance at 0x7ffa7fa74870>,67,17,[10  4],68,201,218,133,189
1,<environment.Job instance at 0x7ffa7fa74b40>,71,14,[9 4],72,218,232,146,203
1,<environment.Job instance at 0x7ffa7fa74d70>,75,18,[7 5],76,232,250,156,221
1,<environment.Job instance at 0x7ffa7fa74af0>,78,13,[1 5],79,226,239,147,226
1,<environment.Job instance at 0x7ffa7fa5a230>,83,2,[ 4 10],84,250,252,166,238
1,<environment.Job instance at 0x7ffa7fa5a370>,87,15,[5 8],88,252,267,164,244
1,<environment.Job instance at 0x7ffa7fa5a690>,88,18,[5 8],89,267,285,178,256
1,<environment.Job instance at 0x7ffa7fa5a9b0>,93,14,[ 5 10],94,285,299,191,270
1,<environment.Job instance at 0x7ffa7fa5af00>,98,15,[5 8],99,299,314,200,285
1,<environment.Job instance at 0x7ffa7fa43050>,102,12,[10  4],103,314,326,211,298
1,<environment.Job instance at 0x7ffa7fa434b0>,105,15,[8 1],106,326,341,220,312
1,<environment.Job instance at 0x7ffa7fa437d0>,110,16,[7 5],111,341,357,230,328
1,<environment.Job instance at 0x7ffa7fa43960>,113,17,[5 9],114,357,374,243,346
1,<environment.Job instance at 0x7ffa7fa43f00>,120,12,[10  1],121,374,386,253,365
1,<environment.Job instance at 0x7ffa7fa462d0>,123,12,[10  1],124,386,398,262,369
1,<environment.Job instance at 0x7ffac39a7280>,0,3,[2 8],1,4,7,3,4
1,<environment.Job instance at 0x7ffaca6c3a50>,8,18,[5 3],9,9,27,0,9
1,<environment.Job instance at 0x7ffac3a34280>,10,13,[2 6],11,11,24,0,11
1,<environment.Job instance at 0x7ffa7fd1ed20>,7,12,[2 8],8,27,39,19,13
1,<environment.Job instance at 0x7ffa7fc6fb90>,14,15,[5 6],15,39,54,24,26
1,<environment.Job instance at 0x7ffaca3b0960>,19,13,[6 4],20,54,67,34,38
1,<environment.Job instance at 0x7ffa7fd1e050>,6,17,[2 6],7,54,71,47,49
1,<environment.Job instance at 0x7ffac35e6370>,24,12,[9 1],25,71,83,46,59
1,<environment.Job instance at 0x7ffac9f60690>,29,18,[7 5],30,83,101,53,72
1,<environment.Job instance at 0x7ffaca8ce550>,32,13,[7 2],33,101,114,68,85
1,<environment.Job instance at 0x7ffaca6a90a0>,37,3,[1 9],38,114,117,76,98
1,<environment.Job instance at 0x7ffa7fd48f50>,38,13,[4 6],39,117,130,78,101
1,<environment.Job instance at 0x7ffaca817280>,40,12,[7 4],41,130,142,89,115
1,<environment.Job instance at 0x7ffac37aef00>,44,16,[7 4],45,142,158,97,129
1,<environment.Job instance at 0x7ffac37aeaf0>,43,15,[3 9],44,158,173,114,146
1,<environment.Job instance at 0x7ffac37ae960>,48,17,[9 5],49,173,190,124,161
1,<environment.Job instance at 0x7ffac3620370>,51,18,[4 7],52,190,208,138,183
1,<environment.Job instance at 0x7ffac3a9ebe0>,59,15,[3 9],60,208,223,148,195
1,<environment.Job instance at 0x7ffac3718190>,67,15,[6 2],68,223,238,155,210
1,<environment.Job instance at 0x7ffa800463c0>,74,12,[9 1],75,238,250,163,231
1,<environment.Job instance at 0x7ffaca66ca50>,62,12,[ 1 10],63,250,262,187,235
1,<environment.Job instance at 0x7ffa800469b0>,76,14,[6 4],77,262,276,185,249
1,<environment.Job instance at 0x7ffac38adcd0>,85,17,[10  3],86,276,293,190,266
1,<environment.Job instance at 0x7ffac38ad960>,89,3,[1 7],90,293,296,203,282
1,<environment.Job instance at 0x7ffac38ad1e0>,81,16,[3 9],82,296,312,214,283
1,<environment.Job instance at 0x7ffac38ad050>,92,14,[ 4 10],93,312,326,219,298
1,<environment.Job instance at 0x7ffacacb5b90>,101,15,[8 4],102,326,341,224,313
1,<environment.Job instance at 0x7ffacacb5c30>,103,16,[2 6],104,328,344,224,328
1,<environment.Job instance at 0x7ffacacb5230>,105,17,[5 3],106,341,358,235,329
1,<environment.Job instance at 0x7ffacab42a50>,110,13,[4 6],111,344,357,233,332
1,<environment.Job instance at 0x7ffacab42cd0>,114,13,[2 8],115,358,371,243,347
1,<environment.Job instance at 0x7ffaca415cd0>,113,18,[4 6],114,371,389,257,360
1,<environment.Job instance at 0x7ffaca415870>,116,17,[3 7],117,389,406,272,380
1,<environment.Job instance at 0x7ffaca415d70>,125,2,[3 9],126,406,408,280,392
1,<environment.Job instance at 0x7ffaca4155f0>,127,1,[8 1],128,408,409,280,392
1,<environment.Job instance at 0x7ffaca415910>,123,14,[ 2 10],124,444,458,320,444
1,<environment.Job instance at 0x7ffac3792a50>,3,16,[3 8],4,10,26,6,10
1,<environment.Job instance at 0x7ffaca48adc0>,11,12,[4 7],12,26,38,14,12
1,<environment.Job instance at 0x7ffa7fb88320>,6,13,[5 7],7,38,51,31,25
1,<environment.Job instance at 0x7ffa7ffd8640>,17,12,[1 6],18,51,63,33,39
1,<environment.Job instance at 0x7ffaca4d97d0>,12,17,[9 4],13,51,68,38,50
1,<environment.Job instance at 0x7ffa7fbb4500>,22,1,[1 8],23,68,69,45,51
1,<environment.Job instance at 0x7ffa7fae0730>,24,2,[3 6],25,70,72,45,70
1,<environment.Job instance at 0x7ffaca176410>,8,16,[3 8],9,72,88,63,71
1,<environment.Job instance at 0x7ffa80015780>,32,3,[10  4],33,88,91,55,74
1,<environment.Job instance at 0x7ffa80089190>,33,13,[8 4],34,91,104,57,75
1,<environment.Job instance at 0x7ffaca154690>,37,13,[10  4],38,104,117,66,90
1,<environment.Job instance at 0x7ffaca1545f0>,38,13,[8 5],39,117,130,78,101
1,<environment.Job instance at 0x7ffa7fbb45a0>,19,16,[10  5],20,130,146,110,117
1,<environment.Job instance at 0x7ffac35f23c0>,42,16,[5 4],43,146,162,103,136
1,<environment.Job instance at 0x7ffa7fd91190>,49,14,[5 1],50,146,160,96,138
1,<environment.Job instance at 0x7ffa7fd911e0>,50,17,[9 2],51,164,181,113,164
1,<environment.Job instance at 0x7ffaca69caf0>,62,13,[ 3 10],63,181,194,118,165
1,<environment.Job instance at 0x7ffa7f9ac0a0>,65,14,[5 7],66,194,208,128,180
1,<environment.Job instance at 0x7ffac9fd0a50>,69,2,[8 2],70,208,210,138,196
1,<environment.Job instance at 0x7ffac9fd0dc0>,71,2,[6 1],72,210,212,138,198
1,<environment.Job instance at 0x7ffaca280cd0>,72,12,[1 9],73,210,222,137,200
1,<environment.Job instance at 0x7ffa800902d0>,75,16,[4 9],76,222,238,146,209
1,<environment.Job instance at 0x7ffac9fa68c0>,81,14,[10  1],82,241,255,159,241
1,<environment.Job instance at 0x7ffac36fbc80>,82,18,[3 8],83,255,273,172,248
1,<environment.Job instance at 0x7ffa800ab320>,92,18,[3 7],93,273,291,180,263
1,<environment.Job instance at 0x7ffac3c62050>,97,15,[3 6],98,291,306,193,277
1,<environment.Job instance at 0x7ffa7f9e0640>,103,13,[5 6],104,314,327,210,314
1,<environment.Job instance at 0x7ffa7f9e0690>,104,13,[3 6],105,327,340,222,314
1,<environment.Job instance at 0x7ffac361a6e0>,108,16,[10  3],109,340,356,231,330
1,<environment.Job instance at 0x7ffac361a0f0>,117,16,[5 4],118,356,372,238,356
1,<environment.Job instance at 0x7ffac361aa00>,119,18,[5 1],120,357,375,237,357
1,<environment.Job instance at 0x7ffac361a9b0>,120,16,[1 7],121,372,388,251,361
1,<environment.Job instance at 0x7ffac361aeb0>,123,1,[5 4],124,388,389,264,375
1,<environment.Job instance at 0x7ffa7fbb8230>,124,3,[8 2],125,375,378,250,375
1,<environment.Job instance at 0x7ffa7fbb8cd0>,125,1,[1 8],126,389,390,263,375
1,<environment.Job instance at 0x7ffa7fbb8b40>,126,15,[5 6],127,390,405,263,376
1,<environment.Job instance at 0x7ffaca0d4af0>,1,16,[5 5],2,2,18,0,2
1,<environment.Job instance at 0x7ffac35a34b0>,5,1,[6 1],6,18,19,12,7
1,<environment.Job instance at 0x7ffa7fdac3c0>,11,15,[5 2],12,19,34,7,19
1,<environment.Job instance at 0x7ffac35a3410>,0,15,[1 8],1,29,44,28,29
1,<environment.Job instance at 0x7ffac37892d0>,25,15,[1 5],26,44,59,18,32
1,<environment.Job instance at 0x7ffac3789870>,23,18,[4 5],24,44,62,20,33
1,<environment.Job instance at 0x7ffa7fdac6e0>,19,17,[9 4],20,62,79,42,51
1,<environment.Job instance at 0x7ffaca1f3500>,32,15,[5 1],33,79,94,46,70
1,<environment.Job instance at 0x7ffaca1f3780>,35,3,[10  5],36,94,97,58,70
1,<environment.Job instance at 0x7ffaca1f3320>,37,15,[10  4],38,97,112,59,85
1,<environment.Job instance at 0x7ffaca4fa820>,42,14,[3 7],43,112,126,69,107
1,<environment.Job instance at 0x7ffaca1f3140>,38,16,[ 5 10],39,126,142,87,115
1,<environment.Job instance at 0x7ffac383f910>,48,18,[ 5 10],49,142,160,93,131
1,<environment.Job instance at 0x7ffac382f190>,54,13,[5 8],55,160,173,105,153
1,<environment.Job instance at 0x7ffa800741e0>,4,16,[8 2],5,9,25,4,9
1,<environment.Job instance at 0x7ffac3bdeb90>,9,13,[10  4],10,25,38,15,11
1,<environment.Job instance at 0x7ffac3bde140>,8,12,[10  3],9,38,50,29,27
1,<environment.Job instance at 0x7ffac3bde410>,22,2,[1 9],23,50,52,27,29
1,<environment.Job instance at 0x7ffaca147d70>,23,1,[3 7],24,52,53,28,29
1,<environment.Job instance at 0x7ffaca1474b0>,24,3,[8 5],25,53,56,28,29
1,<environment.Job instance at 0x7ffaca147d20>,25,2,[9 5],26,56,58,30,29
1,<environment.Job instance at 0x7ffaca147280>,28,14,[5 4],29,58,72,29,45
1,<environment.Job instance at 0x7ffaca147690>,33,1,[9 4],34,72,73,38,59
1,<environment.Job instance at 0x7ffa7fdaca00>,1,17,[5 8],2,73,90,71,61
1,<environment.Job instance at 0x7ffaca147500>,38,13,[4 8],39,90,103,51,75
1,<environment.Job instance at 0x7ffaca66c820>,46,16,[4 8],47,104,120,57,104
1,<environment.Job instance at 0x7ffac34a7460>,48,15,[1 6],49,120,135,71,106
1,<environment.Job instance at 0x7ffac34a7cd0>,52,2,[3 5],53,135,137,82,115
1,<environment.Job instance at 0x7ffac3bded70>,13,14,[ 4 10],14,137,151,123,125
1,<environment.Job instance at 0x7ffac3896c30>,55,14,[3 8],56,151,165,95,136
1,<environment.Job instance at 0x7ffac38967d0>,60,15,[4 7],61,165,180,104,151
1,<environment.Job instance at 0x7ffac3896f00>,64,13,[1 9],65,180,193,115,166
1,<environment.Job instance at 0x7ffaca321c30>,71,17,[9 4],72,193,210,121,186
1,<environment.Job instance at 0x7ffaca321cd0>,76,12,[9 1],77,210,222,133,195
1,<environment.Job instance at 0x7ffacab66af0>,78,18,[10  4],79,222,240,143,217
1,<environment.Job instance at 0x7ffacab66780>,89,15,[ 5 10],90,240,255,150,239
1,<environment.Job instance at 0x7ffacab66640>,91,17,[ 2 10],92,255,272,163,246
1,<environment.Job instance at 0x7ffac3723fa0>,93,12,[3 9],94,272,284,178,259
1,<environment.Job instance at 0x7ffac37239b0>,96,15,[5 9],97,284,299,187,272
1,<environment.Job instance at 0x7ffa7f9f5f00>,1,15,[3 7],2,2,17,0,2
1,<environment.Job instance at 0x7ffac3ae1910>,2,3,[5 8],3,17,20,14,4
1,<environment.Job instance at 0x7ffa7fd2c870>,4,2,[3 9],5,20,22,15,6
1,<environment.Job instance at 0x7ffa7fd2c280>,6,2,[5 3],7,7,9,0,7
1,<environment.Job instance at 0x7ffa7fdf5b90>,8,12,[6 4],9,22,34,13,9
1,<environment.Job instance at 0x7ffa7fdf5cd0>,9,2,[4 8],10,34,36,24,10
1,<environment.Job instance at 0x7ffa80089fa0>,20,2,[5 4],21,36,38,15,28
1,<environment.Job instance at 0x7ffac35ea370>,22,1,[2 6],23,36,37,13,34
1,<environment.Job instance at 0x7ffa80089640>,23,3,[6 1],24,38,41,14,34
1,<environment.Job instance at 0x7ffa80089b40>,24,1,[7 3],25,41,42,16,34
1,<environment.Job instance at 0x7ffa800891e0>,26,2,[5 9],27,42,44,15,34
1,<environment.Job instance at 0x7ffaca04f8c0>,27,2,[5 8],28,44,46,16,34
1,<environment.Job instance at 0x7ffaca04f190>,28,3,[6 2],29,46,49,17,34
1,<environment.Job instance at 0x7ffaca04f230>,30,12,[2 5],31,46,58,15,35
1,<environment.Job instance at 0x7ffaca04f320>,31,17,[7 4],32,49,66,17,39
1,<environment.Job instance at 0x7ffa7f7a1e60>,35,13,[7 4],36,66,79,30,50
1,<environment.Job instance at 0x7ffaca48c230>,40,15,[5 5],41,79,94,38,65
1,<environment.Job instance at 0x7ffa7f91a780>,44,12,[7 1],45,94,106,49,84
1,<environment.Job instance at 0x7ffac3bb1460>,48,12,[7 5],49,106,118,57,89
1,<environment.Job instance at 0x7ffac362ecd0>,36,16,[3 8],37,118,134,81,109
1,<environment.Job instance at 0x7ffac3bb1f00>,57,14,[5 6],58,134,148,76,123
1,<environment.Job instance at 0x7ffac3bb1b90>,56,17,[4 8],57,148,165,91,136
1,<environment.Job instance at 0x7ffac3bb1aa0>,59,17,[5 6],60,165,182,105,153
1,<environment.Job instance at 0x7ffaca50a0a0>,65,3,[8 5],66,182,185,116,159
1,<environment.Job instance at 0x7ffaca50a780>,66,15,[4 6],67,185,200,118,171
1,<environment.Job instance at 0x7ffac34ff730>,72,15,[6 2],73,193,208,120,193
1,<environment.Job instance at 0x7ffaca4a85a0>,75,16,[3 5],76,200,216,124,193
1,<environment.Job instance at 0x7ffa7f77e3c0>,76,14,[6 2],77,208,222,131,193
1,<environment.Job instance at 0x7ffa7f83b960>,80,14,[8 2],81,222,236,141,207
1,<environment.Job instance at 0x7ffac39245a0>,85,3,[9 4],86,236,239,150,224
1,<environment.Job instance at 0x7ffac38c1320>,86,12,[5 3],87,239,251,152,230
1,<environment.Job instance at 0x7ffa7f79c6e0>,88,15,[10  2],89,251,266,162,238
1,<environment.Job instance at 0x7ffa7fd01d20>,100,13,[5 8],101,270,283,169,270
1,<environment.Job instance at 0x7ffa7fd01550>,105,14,[7 5],106,294,308,188,294
1,<environment.Job instance at 0x7ffaca4000f0>,107,16,[8 4],108,308,324,200,296
1,<environment.Job instance at 0x7ffaca4000a0>,111,3,[1 5],112,301,304,189,301
1,<environment.Job instance at 0x7ffaca400f50>,112,12,[8 2],113,324,336,211,307
1,<environment.Job instance at 0x7ffaca400050>,115,2,[8 4],116,336,338,220,313
1,<environment.Job instance at 0x7ffa800b0910>,1,2,[6 3],2,2,4,0,2
1,<environment.Job instance at 0x7ffac3a037d0>,2,2,[2 8],3,4,6,1,3
1,<environment.Job instance at 0x7ffac3b43cd0>,10,12,[9 4],11,11,23,0,11
1,<environment.Job instance at 0x7ffac9fc45f0>,7,14,[4 7],8,23,37,15,14
1,<environment.Job instance at 0x7ffac9ff6410>,12,14,[3 7],13,37,51,24,26
1,<environment.Job instance at 0x7ffa7fa94c30>,3,13,[10  3],4,51,64,47,37
1,<environment.Job instance at 0x7ffa7f8219b0>,23,13,[6 5],24,64,77,40,48
1,<environment.Job instance at 0x7ffaca128a50>,28,12,[6 3],29,77,89,48,62
1,<environment.Job instance at 0x7ffaca128be0>,32,3,[10  3],33,89,92,56,63
1,<environment.Job instance at 0x7ffa7f8518c0>,0,15,[1 8],1,92,107,91,78
1,<environment.Job instance at 0x7ffa7fb88af0>,38,2,[7 1],39,92,94,53,91
1,<environment.Job instance at 0x7ffaca5117d0>,39,17,[5 2],40,94,111,54,91
1,<environment.Job instance at 0x7ffa7fb88280>,40,14,[6 1],41,111,125,70,96
1,<environment.Job instance at 0x7ffa7fb883c0>,43,15,[2 7],44,107,122,63,107
1,<environment.Job instance at 0x7ffaca5552d0>,46,17,[8 4],47,125,142,78,114
1,<environment.Job instance at 0x7ffa7f7965a0>,50,13,[8 4],51,142,155,91,126
1,<environment.Job instance at 0x7ffac36f4b40>,56,18,[7 3],57,155,173,98,146
1,<environment.Job instance at 0x7ffa7f842460>,58,18,[1 5],59,154,172,95,154
1,<environment.Job instance at 0x7ffa7f842dc0>,60,16,[ 2 10],61,173,189,112,162
1,<environment.Job instance at 0x7ffa7f806550>,64,2,[5 2],65,189,191,124,168
1,<environment.Job instance at 0x7ffa7f806d20>,68,13,[8 5],69,191,204,122,176
1,<environment.Job instance at 0x7ffaca1281e0>,27,18,[ 1 10],28,204,222,176,194
1,<environment.Job instance at 0x7ffac37d24b0>,76,12,[6 2],77,222,234,145,205
1,<environment.Job instance at 0x7ffa7f8062d0>,77,15,[1 8],78,222,237,144,208
1,<environment.Job instance at 0x7ffa7f7a4dc0>,80,12,[10  4],81,237,249,156,221
1,<environment.Job instance at 0x7ffa7f7a43c0>,81,15,[10  4],82,249,264,167,236
1,<environment.Job instance at 0x7ffa7f743550>,90,13,[3 7],91,264,277,173,261
1,<environment.Job instance at 0x7ffac3c456e0>,93,2,[4 9],94,285,287,191,285
1,<environment.Job instance at 0x7ffac3c45eb0>,95,17,[9 3],96,309,326,213,309
1,<environment.Job instance at 0x7ffa7f859410>,101,13,[7 4],102,339,352,237,339
1,<environment.Job instance at 0x7ffa7f859190>,102,2,[4 9],103,352,354,249,339
1,<environment.Job instance at 0x7ffa7f859fa0>,103,3,[8 4],104,354,357,250,340
1,<environment.Job instance at 0x7ffac362ce10>,106,14,[8 3],107,357,371,250,343
1,<environment.Job instance at 0x7ffac378b820>,111,3,[2 9],112,371,374,259,366
1,<environment.Job instance at 0x7ffac378b9b0>,112,18,[2 5],113,374,392,261,367
1,<environment.Job instance at 0x7ffa7f9a85a0>,115,15,[8 4],116,388,403,272,388
1,<environment.Job instance at 0x7ffac38c2f50>,1,1,[3 9],2,2,3,0,2
1,<environment.Job instance at 0x7ffaca266f00>,4,14,[5 6],5,5,19,0,5
1,<environment.Job instance at 0x7ffa7f77ee10>,14,14,[5 3],15,31,45,16,31
1,<environment.Job instance at 0x7ffa7f77ef00>,17,19,[ 2 10],18,45,64,27,36
1,<environment.Job instance at 0x7ffa7f77e960>,22,14,[5 5],23,64,78,41,51
1,<environment.Job instance at 0x7ffac351c5a0>,26,14,[9 3],27,78,92,51,67
1,<environment.Job instance at 0x7ffac351ca50>,31,12,[4 6],32,92,104,60,79
1,<environment.Job instance at 0x7ffac376aaf0>,7,17,[ 5 10],8,104,121,96,92
1,<environment.Job instance at 0x7ffa7f86e910>,41,3,[ 1 10],42,121,124,79,97
1,<environment.Job instance at 0x7ffa7ffdd0a0>,42,16,[8 1],43,124,140,81,113
1,<environment.Job instance at 0x7ffa7ffdd960>,49,12,[1 8],50,130,142,80,130
1,<environment.Job instance at 0x7ffa800ebeb0>,53,14,[6 4],54,149,163,95,149
1,<environment.Job instance at 0x7ffac3a0d2d0>,59,14,[2 5],60,167,181,107,167
1,<environment.Job instance at 0x7ffaca46beb0>,61,16,[1 5],62,173,189,111,173
1,<environment.Job instance at 0x7ffa800f6190>,63,15,[2 8],64,189,204,125,185
1,<environment.Job instance at 0x7ffac39f5140>,68,16,[6 5],69,204,220,135,194
1,<environment.Job instance at 0x7ffac3a0e460>,78,3,[7 1],79,220,223,141,206
1,<environment.Job instance at 0x7ffac3a0e690>,79,3,[7 5],80,223,226,143,206
1,<environment.Job instance at 0x7ffa7f86e0f0>,0,1,[9 3],1,1,2,0,1
1,<environment.Job instance at 0x7ffa7f86e550>,2,17,[3 5],3,6,23,3,6
1,<environment.Job instance at 0x7ffac38eb7d0>,6,14,[8 5],7,23,37,16,8
1,<environment.Job instance at 0x7ffac38eb140>,8,18,[6 5],9,37,55,28,26
1,<environment.Job instance at 0x7ffacaa459b0>,23,15,[8 2],24,55,70,31,41
1,<environment.Job instance at 0x7ffaca1e5320>,30,2,[9 2],31,70,72,39,66
1,<environment.Job instance at 0x7ffaca1e5af0>,33,3,[5 2],34,72,75,38,66
1,<environment.Job instance at 0x7ffaca1e59b0>,34,12,[ 1 10],35,75,87,40,66
1,<environment.Job instance at 0x7ffaca1e5370>,36,12,[1 9],37,87,99,50,70
1,<environment.Job instance at 0x7ffaca1e5050>,39,16,[8 4],40,99,115,59,89
1,<environment.Job instance at 0x7ffaca1e5960>,42,16,[4 7],43,115,131,72,102
1,<environment.Job instance at 0x7ffac3a65910>,46,12,[1 5],47,131,143,84,118
1,<environment.Job instance at 0x7ffac3a65a00>,48,3,[7 1],49,131,134,82,118
1,<environment.Job instance at 0x7ffac3a65e10>,51,12,[7 5],52,134,146,82,118
1,<environment.Job instance at 0x7ffac3a65320>,55,15,[8 3],56,146,161,90,132
1,<environment.Job instance at 0x7ffac3a65870>,60,14,[5 3],61,161,175,100,151
1,<environment.Job instance at 0x7ffac39a1730>,63,14,[5 9],64,175,189,111,164
1,<environment.Job instance at 0x7ffac3a65c30>,45,15,[ 3 10],46,189,204,143,178
1,<environment.Job instance at 0x7ffac38ebc80>,5,18,[4 9],6,204,222,198,194
1,<environment.Job instance at 0x7ffac39a1aa0>,70,15,[4 9],71,222,237,151,211
1,<environment.Job instance at 0x7ffa7f8d6e10>,74,17,[9 5],75,237,254,162,225
1,<environment.Job instance at 0x7ffa7f8d6870>,81,17,[7 1],82,254,271,172,243
1,<environment.Job instance at 0x7ffa7f8d68c0>,86,14,[2 9],87,263,277,176,263
1,<environment.Job instance at 0x7ffaca50c8c0>,90,2,[4 7],91,277,279,186,271
1,<environment.Job instance at 0x7ffa7fa22640>,91,17,[8 4],92,279,296,187,271
1,<environment.Job instance at 0x7ffaca343500>,93,18,[10  4],94,296,314,202,286
1,<environment.Job instance at 0x7ffa7ff05910>,95,12,[1 8],96,314,326,218,298
1,<environment.Job instance at 0x7ffaca040190>,100,16,[10  2],101,326,342,225,314
1,<environment.Job instance at 0x7ffaca040a00>,103,16,[1 9],104,342,358,238,331
1,<environment.Job instance at 0x7ffa7f868c30>,1,15,[6 1],2,12,27,10,12
1,<environment.Job instance at 0x7ffa7fee5af0>,9,12,[4 7],10,18,30,8,18
1,<environment.Job instance at 0x7ffa7f86eaa0>,6,13,[4 9],7,30,43,23,20
1,<environment.Job instance at 0x7ffaca0d3190>,12,2,[7 3],13,43,45,30,20
1,<environment.Job instance at 0x7ffac9ff4a50>,19,14,[2 7],20,43,57,23,28
1,<environment.Job instance at 0x7ffa7ff3ac80>,23,15,[9 4],24,57,72,33,45
1,<environment.Job instance at 0x7ffa7ff960a0>,27,18,[2 8],28,72,90,44,61
1,<environment.Job instance at 0x7ffac387fb90>,32,16,[6 4],33,90,106,57,78
1,<environment.Job instance at 0x7ffac34b8e60>,40,15,[8 4],41,106,121,65,94
1,<environment.Job instance at 0x7ffac3522b90>,43,14,[7 2],44,121,135,77,108
1,<environment.Job instance at 0x7ffacaac7690>,14,14,[ 4 10],15,135,149,120,120
1,<environment.Job instance at 0x7ffaca504f50>,54,3,[6 4],55,149,152,94,137
1,<environment.Job instance at 0x7ffa7fa47d20>,52,16,[1 7],53,152,168,99,139
1,<environment.Job instance at 0x7ffaca5048c0>,56,12,[2 8],57,168,180,111,151
1,<environment.Job instance at 0x7ffaca4e35f0>,62,3,[10  5],63,180,183,117,154
1,<environment.Job instance at 0x7ffac3aed960>,69,13,[2 6],70,183,196,113,167
1,<environment.Job instance at 0x7ffa7fa47500>,47,15,[ 3 10],48,196,211,148,192
1,<environment.Job instance at 0x7ffa7fb99aa0>,83,2,[2 8],84,211,213,127,192
1,<environment.Job instance at 0x7ffac3651690>,84,3,[5 3],85,192,195,107,192
1,<environment.Job instance at 0x7ffac3a39460>,3,18,[1 7],4,213,231,209,202
1,<environment.Job instance at 0x7ffac34db0a0>,91,15,[9 3],92,213,228,121,213
1,<environment.Job instance at 0x7ffaca4e35a0>,65,14,[4 9],66,231,245,165,220
1,<environment.Job instance at 0x7ffa7f9321e0>,88,12,[ 4 10],89,245,257,156,230
1,<environment.Job instance at 0x7ffac396d4b0>,100,12,[10  5],101,257,269,156,243
1,<environment.Job instance at 0x7ffa7fa13550>,107,15,[5 5],108,269,284,161,267
1,<environment.Job instance at 0x7ffa7ffa1960>,118,1,[4 5],119,292,293,173,292
1,<environment.Job instance at 0x7ffa7fa13a00>,103,17,[8 3],104,295,312,191,295
1,<environment.Job instance at 0x7ffac3834640>,36,18,[ 2 10],37,312,330,275,308
1,<environment.Job instance at 0x7ffa7f85f640>,125,12,[5 1],126,330,342,204,316
1,<environment.Job instance at 0x7ffa7f86ee10>,8,15,[3 5],9,10,25,1,10
1,<environment.Job instance at 0x7ffa7f85f6e0>,10,2,[3 9],11,25,27,14,13
1,<environment.Job instance at 0x7ffa7fc93eb0>,13,3,[7 5],14,14,17,0,14
1,<environment.Job instance at 0x7ffa7fc93910>,14,12,[2 9],15,27,39,12,15
1,<environment.Job instance at 0x7ffa7fc93190>,15,14,[6 3],16,39,53,23,25
1,<environment.Job instance at 0x7ffa7fec9370>,22,14,[5 3],23,53,67,30,39
1,<environment.Job instance at 0x7ffa7fec9f00>,20,18,[5 6],21,53,71,32,44
1,<environment.Job instance at 0x7ffa7fec9d70>,28,3,[10  2],29,71,74,42,54
1,<environment.Job instance at 0x7ffa7f8687d0>,9,14,[ 2 10],10,74,88,64,62
1,<environment.Job instance at 0x7ffaca296140>,34,14,[5 2],35,88,102,53,76
1,<environment.Job instance at 0x7ffa7f8ab820>,7,17,[5 6],8,88,105,80,83
1,<environment.Job instance at 0x7ffaca2960a0>,38,12,[5 3],39,102,114,63,91
1,<environment.Job instance at 0x7ffaca296820>,40,16,[4 9],41,114,130,73,105
1,<environment.Job instance at 0x7ffa7ff049b0>,51,17,[7 4],52,130,147,78,124
1,<environment.Job instance at 0x7ffa7fad7a00>,57,15,[10  5],58,147,162,89,133
1,<environment.Job instance at 0x7ffa7fad7b40>,60,17,[8 2],61,162,179,101,150
1,<environment.Job instance at 0x7ffa7fad7eb0>,66,12,[7 2],67,179,191,112,162
1,<environment.Job instance at 0x7ffa7fad0230>,69,12,[9 5],70,191,203,121,176
1,<environment.Job instance at 0x7ffa7fad0730>,76,3,[6 5],77,203,206,126,193
1,<environment.Job instance at 0x7ffa7fad0b40>,78,2,[2 7],79,206,208,127,193
1,<environment.Job instance at 0x7ffa7fad0b90>,79,2,[5 3],80,206,208,126,194
1,<environment.Job instance at 0x7ffa7fad0eb0>,83,2,[2 7],84,208,210,124,194
1,<environment.Job instance at 0x7ffa7fad0d70>,82,13,[5 8],83,210,223,127,194
1,<environment.Job instance at 0x7ffa7face050>,90,12,[9 3],91,223,235,132,208
1,<environment.Job instance at 0x7ffa7face690>,93,3,[4 6],94,235,238,141,227
1,<environment.Job instance at 0x7ffa7face7d0>,95,12,[10  4],96,255,267,159,255
1,<environment.Job instance at 0x7ffa7face780>,96,13,[7 3],97,267,280,170,255
1,<environment.Job instance at 0x7ffa7facec30>,102,3,[4 6],103,280,283,177,276
1,<environment.Job instance at 0x7ffa7facecd0>,103,2,[1 5],104,276,278,172,276
1,<environment.Job instance at 0x7ffa7facedc0>,104,18,[3 8],105,283,301,178,279
1,<environment.Job instance at 0x7ffa7facec80>,109,1,[9 5],110,301,302,191,281
1,<environment.Job instance at 0x7ffa7fade1e0>,111,15,[3 5],112,302,317,190,289
1,<environment.Job instance at 0x7ffa7fade5a0>,117,13,[5 6],118,317,330,199,309
1,<environment.Job instance at 0x7ffa7fad0af0>,3,13,[7 2],4,5,18,1,5
1,<environment.Job instance at 0x7ffa7fcce370>,2,18,[5 8],3,18,36,15,7
1,<environment.Job instance at 0x7ffa7fccbc80>,15,2,[8 4],16,36,38,20,31
1,<environment.Job instance at 0x7ffa7f86e370>,6,3,[10  1],7,38,41,31,32
1,<environment.Job instance at 0x7ffaca41c3c0>,10,18,[5 5],11,41,59,30,35
1,<environment.Job instance at 0x7ffa7fccb9b0>,22,16,[5 5],23,53,69,30,53
1,<environment.Job instance at 0x7ffac36d4b90>,28,13,[5 5],29,59,72,30,56
1,<environment.Job instance at 0x7ffac36d46e0>,25,17,[10  2],26,72,89,46,60
1,<environment.Job instance at 0x7ffac393d640>,35,16,[6 1],36,89,105,53,80
1,<environment.Job instance at 0x7ffa7fccb0f0>,14,18,[1 9],15,89,107,74,80
1,<environment.Job instance at 0x7ffac3580280>,39,13,[5 2],40,107,120,67,102
1,<environment.Job instance at 0x7ffa7fc3aaa0>,43,16,[10  1],44,120,136,76,114
1,<environment.Job instance at 0x7ffac3802550>,46,15,[3 5],47,136,151,89,123
1,<environment.Job instance at 0x7ffa7ffb88c0>,52,12,[7 2],53,164,176,111,164
1,<environment.Job instance at 0x7ffa7ffaf640>,55,18,[4 5],56,176,194,120,165
1,<environment.Job instance at 0x7ffa7fbd35f0>,66,14,[8 2],67,194,208,127,194
1,<environment.Job instance at 0x7ffac3abad70>,84,18,[7 5],85,298,316,213,298
1,<environment.Job instance at 0x7ffac3ababe0>,91,17,[ 3 10],92,344,361,252,344
1,<environment.Job instance at 0x7ffac3abadc0>,92,14,[1 7],93,361,375,268,347
1,<environment.Job instance at 0x7ffac3aba320>,95,3,[4 7],96,375,378,279,349
1,<environment.Job instance at 0x7ffac3aba3c0>,101,15,[6 1],102,376,391,274,376
1,<environment.Job instance at 0x7ffac3b71a00>,109,12,[10  3],110,464,476,354,464
1,<environment.Job instance at 0x7ffac3b719b0>,110,12,[9 5],111,476,488,365,467
1,<environment.Job instance at 0x7ffac3b71b90>,114,17,[6 4],115,499,516,384,499
1,<environment.Job instance at 0x7ffac9fa2f50>,117,12,[5 5],118,516,528,398,501
1,<environment.Job instance at 0x7ffac9fa2140>,124,12,[5 5],125,521,533,396,521
1,<environment.Job instance at 0x7ffac9fa2b40>,125,16,[ 3 10],126,533,549,407,524
1,<environment.Job instance at 0x7ffac37b4d70>,1,1,[ 5 10],2,3,4,1,3
1,<environment.Job instance at 0x7ffac393d230>,8,13,[9 1],9,24,37,15,24
1,<environment.Job instance at 0x7ffa7f906190>,4,16,[4 6],5,37,53,32,24
1,<environment.Job instance at 0x7ffa7ff9bf50>,13,3,[8 3],14,53,56,39,28
1,<environment.Job instance at 0x7ffac37aed70>,15,3,[5 9],16,56,59,40,30
1,<environment.Job instance at 0x7ffaca4c24b0>,6,14,[1 8],7,59,73,52,51
1,<environment.Job instance at 0x7ffa7fa031e0>,24,3,[4 8],25,73,76,48,58
1,<environment.Job instance at 0x7ffac393daa0>,10,12,[7 4],11,76,88,65,63
1,<environment.Job instance at 0x7ffac37ae1e0>,18,18,[2 5],19,76,94,57,70
1,<environment.Job instance at 0x7ffaca344820>,28,17,[7 4],29,88,105,59,81
1,<environment.Job instance at 0x7ffac3846500>,34,2,[9 1],35,105,107,70,81
1,<environment.Job instance at 0x7ffa7fe44550>,35,1,[7 1],36,107,108,71,81
1,<environment.Job instance at 0x7ffaca28eb90>,37,12,[7 2],38,108,120,70,92
1,<environment.Job instance at 0x7ffac3ad2f00>,50,13,[2 8],51,107,120,56,106
1,<environment.Job instance at 0x7ffa7fae3500>,52,12,[7 5],53,120,132,67,106
1,<environment.Job instance at 0x7ffaca0f9320>,53,17,[10  5],54,132,149,78,121
1,<environment.Job instance at 0x7ffaca2dcd70>,62,17,[4 9],63,149,166,86,141
1,<environment.Job instance at 0x7ffa7fe45280>,69,18,[1 5],70,189,207,119,189
1,<environment.Job instance at 0x7ffac360c870>,73,13,[6 4],74,189,202,115,189
1,<environment.Job instance at 0x7ffaca417e60>,71,14,[10  4],72,207,221,135,193
1,<environment.Job instance at 0x7ffa7fbbb780>,87,15,[3 5],88,221,236,133,215
1,<environment.Job instance at 0x7ffaca0f9460>,56,17,[10  5],57,236,253,179,224
1,<environment.Job instance at 0x7f3b7279e820>,5,13,[5 9],6,6,19,0,6
1,<environment.Job instance at 0x7f3b6b307370>,7,14,[5 1],8,8,22,0,8
1,<environment.Job instance at 0x7f3b6b3075f0>,8,17,[ 2 10],9,22,39,13,12
1,<environment.Job instance at 0x7f3b6b307320>,4,18,[10  4],5,44,62,39,44
1,<environment.Job instance at 0x7f3b6b307cd0>,16,12,[1 8],17,62,74,45,47
1,<environment.Job instance at 0x7f3b6b307b40>,18,16,[8 5],19,74,90,55,66
1,<environment.Job instance at 0x7f3b6b308460>,29,13,[1 6],30,90,103,60,77
1,<environment.Job instance at 0x7f3b6b308870>,32,17,[9 3],33,96,113,63,96
1,<environment.Job instance at 0x7f3b6b3088c0>,35,16,[8 1],36,113,129,77,101
1,<environment.Job instance at 0x7f3b6b308c30>,38,12,[3 6],39,129,141,90,112
1,<environment.Job instance at 0x7f3b6b308d20>,42,14,[8 4],43,141,155,98,128
1,<environment.Job instance at 0x7f3b6b30d190>,45,16,[6 2],46,155,171,109,146
1,<environment.Job instance at 0x7f3b6b30d500>,48,13,[6 1],49,171,184,122,155
1,<environment.Job instance at 0x7f3b6b30d5a0>,51,2,[4 9],52,171,173,119,155
1,<environment.Job instance at 0x7f3b6b31e0f0>,7,3,[ 2 10],8,8,11,0,8
1,<environment.Job instance at 0x7f3b6b31e460>,5,15,[6 2],6,11,26,5,9
1,<environment.Job instance at 0x7f3b6b31eb40>,10,13,[2 6],11,11,24,0,11
1,<environment.Job instance at 0x7f3b6b31e9b0>,12,16,[6 2],13,26,42,13,24
1,<environment.Job instance at 0x7f3b6b323460>,15,14,[3 8],16,27,41,11,27
1,<environment.Job instance at 0x7f3b6b30d640>,6,15,[6 2],7,42,57,35,28
1,<environment.Job instance at 0x7f3b6b323320>,17,17,[3 8],18,41,58,23,35
1,<environment.Job instance at 0x7f3b6b326690>,24,13,[1 9],25,58,71,33,45
1,<environment.Job instance at 0x7f3b6b3262d0>,28,18,[4 6],29,71,89,42,60
1,<environment.Job instance at 0x7f3b6b3298c0>,30,3,[9 1],31,60,63,29,60
1,<environment.Job instance at 0x7f3b6b3294b0>,29,16,[3 5],30,89,105,59,76
1,<environment.Job instance at 0x7f3b2770a6e0>,44,12,[5 7],45,105,117,60,98
1,<environment.Job instance at 0x7f3b27702730>,38,14,[4 7],39,117,131,78,108
1,<environment.Job instance at 0x7f3b2770a1e0>,48,14,[8 5],49,131,145,82,120
1,<environment.Job instance at 0x7f3b27701d70>,52,14,[8 4],53,145,159,92,133
1,<environment.Job instance at 0x7f3b2770a140>,49,17,[9 2],50,159,176,109,147
1,<environment.Job instance at 0x7f3b27701690>,54,17,[10  5],55,176,193,121,167
1,<environment.Job instance at 0x7f3b2770b0f0>,70,17,[2 9],71,193,210,122,185
1,<environment.Job instance at 0x7f3b277014b0>,55,16,[ 3 10],56,210,226,154,197
1,<environment.Job instance at 0x7f3b2770ba50>,75,17,[8 1],76,226,243,150,215
1,<environment.Job instance at 0x7f3b2768cd20>,76,16,[7 2],77,243,259,166,235
1,<environment.Job instance at 0x7f3b2768c230>,83,15,[5 6],84,259,274,175,255
1,<environment.Job instance at 0x7f3b27703a50>,89,12,[5 4],90,259,271,169,255
1,<environment.Job instance at 0x7f3b2771feb0>,90,15,[7 4],91,274,289,183,264
1,<environment.Job instance at 0x7f3b2770b870>,72,17,[10  4],73,289,306,216,277
1,<environment.Job instance at 0x7f3b27724910>,94,14,[8 5],95,306,320,211,293
1,<environment.Job instance at 0x7f3b27839d70>,99,16,[9 4],100,320,336,220,312
1,<environment.Job instance at 0x7f3b277fa550>,101,16,[7 4],102,336,352,234,323
1,<environment.Job instance at 0x7f3b27845410>,103,18,[1 6],104,330,348,226,330
1,<environment.Job instance at 0x7f3b277fa460>,106,17,[2 6],107,348,365,241,338
1,<environment.Job instance at 0x7f3b275d9aa0>,108,12,[9 2],109,365,377,256,348
1,<environment.Job instance at 0x7f3b6b277c30>,112,13,[2 5],113,377,390,264,366
1,<environment.Job instance at 0x7f3b275cc460>,113,14,[3 5],114,377,391,263,366
1,<environment.Job instance at 0x7f3b2768c8c0>,77,18,[ 1 10],78,391,409,313,380
1,<environment.Job instance at 0x7f3b275d3c30>,119,12,[1 8],120,409,421,289,392
1,<environment.Job instance at 0x7f3b2771fc80>,92,16,[8 5],93,421,437,328,408
1,<environment.Job instance at 0x7f3b275b23c0>,130,1,[9 5],131,437,438,306,428
1,<environment.Job instance at 0x7f3b2756a230>,5,1,[ 4 10],6,7,8,1,7
1,<environment.Job instance at 0x7f3b6b10fe10>,6,13,[3 6],7,14,27,7,14
1,<environment.Job instance at 0x7f3b72888280>,15,1,[8 2],16,27,28,11,16
1,<environment.Job instance at 0x7f3b7273e7d0>,16,16,[5 7],17,28,44,11,18
1,<environment.Job instance at 0x7f3b7273e820>,20,17,[4 5],21,44,61,23,32
1,<environment.Job instance at 0x7f3b6b55b1e0>,24,1,[3 8],25,61,62,36,35
1,<environment.Job instance at 0x7f3b6b0e70f0>,23,13,[8 3],24,62,75,38,46
1,<environment.Job instance at 0x7f3b6b4f1730>,27,17,[7 5],28,75,92,47,63
1,<environment.Job instance at 0x7f3b6b0c4b40>,31,15,[10  3],32,92,107,60,78
1,<environment.Job instance at 0x7f3b275bfd20>,37,14,[7 1],38,107,121,69,93
1,<environment.Job instance at 0x7f3b275bf960>,40,14,[ 3 10],41,121,135,80,106
1,<environment.Job instance at 0x7f3b275b9320>,46,15,[6 2],47,135,150,88,121
1,<environment.Job instance at 0x7f3b275b9730>,49,3,[8 4],50,150,153,100,131
1,<environment.Job instance at 0x7f3b72888c30>,14,18,[ 5 10],15,155,173,140,155
1,<environment.Job instance at 0x7f3b275b9230>,58,14,[10  4],59,185,199,126,185
1,<environment.Job instance at 0x7f3b27bc2aa0>,7,14,[9 1],8,8,22,0,8
1,<environment.Job instance at 0x7f3b27968870>,15,15,[5 7],16,22,37,6,16
1,<environment.Job instance at 0x7f3b279935f0>,17,16,[2 6],18,37,53,19,24
1,<environment.Job instance at 0x7f3b27bc24b0>,10,17,[9 4],11,53,70,42,42
1,<environment.Job instance at 0x7f3b6b37c5a0>,29,16,[1 8],30,70,86,40,60
1,<environment.Job instance at 0x7f3b6b556410>,33,13,[9 5],34,86,99,52,71
1,<environment.Job instance at 0x7f3b6b5568c0>,39,3,[8 5],40,99,102,59,87
1,<environment.Job instance at 0x7f3b71f30460>,40,13,[3 8],41,102,115,61,88
1,<environment.Job instance at 0x7f3b6b552550>,43,14,[3 6],44,115,129,71,100
1,<environment.Job instance at 0x7f3b6b7045a0>,47,13,[6 5],48,129,142,81,116
1,<environment.Job instance at 0x7f3b6b66c3c0>,49,14,[2 6],50,142,156,92,127
1,<environment.Job instance at 0x7f3b27c089b0>,52,12,[4 9],53,156,168,103,139
1,<environment.Job instance at 0x7f3b27c086e0>,54,17,[7 4],55,168,185,113,156
1,<environment.Job instance at 0x7f3b6b595140>,57,3,[5 6],58,185,188,127,164
1,<environment.Job instance at 0x7f3b6b5951e0>,58,12,[5 6],59,188,200,129,172
1,<environment.Job instance at 0x7f3b71bc80a0>,67,12,[10  4],68,200,212,132,190
1,<environment.Job instance at 0x7f3b71bc8050>,69,3,[4 8],70,212,215,142,190
1,<environment.Job instance at 0x7f3b71bc8f50>,72,17,[2 5],73,215,232,142,203
1,<environment.Job instance at 0x7f3b6b3c07d0>,73,14,[8 2],74,215,229,141,203
1,<environment.Job instance at 0x7f3b72260eb0>,77,18,[6 2],78,229,247,151,219
1,<environment.Job instance at 0x7f3b6b4545f0>,84,1,[2 5],85,238,239,153,238
1,<environment.Job instance at 0x7f3b27951aa0>,85,2,[9 3],86,247,249,161,238
1,<environment.Job instance at 0x7f3b6b5aaf50>,86,14,[7 5],87,249,263,162,240
1,<environment.Job instance at 0x7f3b6b469fa0>,91,17,[5 7],92,263,280,171,252
1,<environment.Job instance at 0x7f3b6b4695f0>,94,13,[1 9],95,280,293,185,264
1,<environment.Job instance at 0x7f3b6b37c5f0>,1,3,[1 6],2,2,5,0,2
1,<environment.Job instance at 0x7f3b27beda00>,2,3,[4 9],3,5,8,2,3
1,<environment.Job instance at 0x7f3b2798e730>,9,14,[9 5],10,10,24,0,10
1,<environment.Job instance at 0x7f3b279688c0>,5,12,[6 1],6,24,36,18,13
1,<environment.Job instance at 0x7f3b27943820>,3,18,[ 1 10],4,36,54,32,27
1,<environment.Job instance at 0x7f3b6b3be550>,20,12,[7 2],21,54,66,33,37
1,<environment.Job instance at 0x7f3b71c6f8c0>,26,14,[9 2],27,66,80,39,52
1,<environment.Job instance at 0x7f3b6b3be6e0>,15,17,[ 5 10],16,80,97,64,68
1,<environment.Job instance at 0x7f3b71c6f410>,31,15,[1 9],32,97,112,65,83
1,<environment.Job instance at 0x7f3b71c6f550>,38,17,[2 7],39,112,129,73,102
1,<environment.Job instance at 0x7f3b6b370aa0>,40,18,[8 1],41,116,134,75,116
1,<environment.Job instance at 0x7f3b6b370cd0>,45,13,[3 9],46,134,147,88,119
1,<environment.Job instance at 0x7f3b6b3709b0>,47,17,[3 5],48,147,164,99,136
1,<environment.Job instance at 0x7f3b279110a0>,52,15,[10  1],53,171,186,118,171
1,<environment.Job instance at 0x7f3b27911820>,53,17,[5 3],54,186,203,132,175
1,<environment.Job instance at 0x7f3b720b10a0>,57,14,[2 5],58,193,207,135,193
1,<environment.Job instance at 0x7f3b6b17aaa0>,58,16,[6 5],59,203,219,144,195
1,<environment.Job instance at 0x7f3b27baccd0>,62,15,[2 5],63,207,222,144,197
1,<environment.Job instance at 0x7f3b27bbddc0>,64,16,[9 2],65,222,238,157,216
1,<environment.Job instance at 0x7f3b27900be0>,71,13,[6 5],72,238,251,166,228
1,<environment.Job instance at 0x7f3b27ba9410>,73,15,[6 1],74,251,266,177,240
1,<environment.Job instance at 0x7f3b27ba0140>,79,16,[10  2],80,266,282,186,254
1,<environment.Job instance at 0x7f3b27ba0dc0>,84,15,[7 3],85,282,297,197,272
1,<environment.Job instance at 0x7f3b27ba0460>,86,14,[5 4],87,297,311,210,283
1,<environment.Job instance at 0x7f3b27ba06e0>,87,15,[10  1],88,311,326,223,298
1,<environment.Job instance at 0x7f3b27b93960>,103,13,[7 5],104,326,339,222,325
1,<environment.Job instance at 0x7f3b27b93a00>,104,13,[1 8],105,339,352,234,325
1,<environment.Job instance at 0x7f3b27b938c0>,105,3,[10  4],106,352,355,246,327
1,<environment.Job instance at 0x7f3b27b93aa0>,109,16,[5 3],110,355,371,245,342
1,<environment.Job instance at 0x7f3b27b9c7d0>,110,18,[ 5 10],111,374,392,263,374
1,<environment.Job instance at 0x7f3b27baf1e0>,117,13,[ 4 10],118,395,408,277,395
1,<environment.Job instance at 0x7f3b27b9cdc0>,120,14,[1 8],121,417,431,296,417
1,<environment.Job instance at 0x7f3b7207aa50>,121,12,[5 6],122,431,443,309,417
1,<environment.Job instance at 0x7f3b7209c5f0>,129,17,[1 9],130,443,460,313,431
1,<environment.Job instance at 0x7f3b6b3ddd70>,0,2,[2 7],1,3,5,2,3
1,<environment.Job instance at 0x7f3b6b3dd230>,1,12,[1 8],2,5,17,3,4
1,<environment.Job instance at 0x7f3b276c8af0>,7,12,[7 2],8,8,20,0,8
1,<environment.Job instance at 0x7f3b276c8640>,9,12,[4 6],10,20,32,10,10
1,<environment.Job instance at 0x7f3b276c8b90>,10,13,[5 3],11,20,33,9,11
1,<environment.Job instance at 0x7f3b6b370820>,11,3,[5 2],12,32,35,20,12
1,<environment.Job instance at 0x7f3b276c8230>,17,15,[4 6],18,33,48,15,21
1,<environment.Job instance at 0x7f3b276c86e0>,21,2,[8 4],22,48,50,26,27
1,<environment.Job instance at 0x7f3b6b26f640>,24,16,[4 5],25,50,66,25,39
1,<environment.Job instance at 0x7f3b6b26fd70>,26,3,[8 3],27,66,69,39,48
1,<environment.Job instance at 0x7f3b720ea550>,30,12,[1 7],31,66,78,35,51
1,<environment.Job instance at 0x7f3b720ea910>,33,15,[5 5],34,78,93,44,68
1,<environment.Job instance at 0x7f3b720ead70>,36,13,[4 7],37,93,106,56,85
1,<environment.Job instance at 0x7f3b6b3beb40>,3,14,[3 6],4,9,23,5,9
1,<environment.Job instance at 0x7f3b72063c80>,9,15,[5 7],10,23,38,13,11
1,<environment.Job instance at 0x7f3b727391e0>,15,14,[ 1 10],16,38,52,22,27
1,<environment.Job instance at 0x7f3b727395a0>,18,14,[1 7],19,52,66,33,41
1,<environment.Job instance at 0x7f3b6b2057d0>,21,13,[6 3],22,63,76,41,63
1,<environment.Job instance at 0x7f3b6b1b4d70>,22,14,[3 9],23,76,90,53,68
1,<environment.Job instance at 0x7f3b6b1b4050>,24,14,[5 3],25,90,104,65,75
1,<environment.Job instance at 0x7f3b6b1b4e10>,28,15,[7 3],29,844,859,815,844
1,<environment.Job instance at 0x7f3b27690820>,30,14,[10  1],31,859,873,828,846
1,<environment.Job instance at 0x7f3b27690b40>,35,17,[3 6],36,873,890,837,863
1,<environment.Job instance at 0x7f3b27690b40>,2,13,[2 9],3,5,18,2,5
1,<environment.Job instance at 0x7f3b6b7a9af0>,8,13,[1 5],9,18,31,9,9
1,<environment.Job instance at 0x7f3b6b415690>,15,3,[5 6],16,31,34,15,21
1,<environment.Job instance at 0x7f3b6b4150a0>,16,1,[2 6],17,34,35,17,21
1,<environment.Job instance at 0x7f3b6b415820>,17,15,[5 8],18,35,50,17,26
1,<environment.Job instance at 0x7f3b6b415b40>,18,18,[5 8],19,50,68,31,41
1,<environment.Job instance at 0x7f3b6b415c30>,25,3,[9 2],26,68,71,42,63
1,<environment.Job instance at 0x7f3b6b415fa0>,26,17,[3 5],27,71,88,44,63
1,<environment.Job instance at 0x7f3b27957190>,30,13,[5 6],31,88,101,57,73
1,<environment.Job instance at 0x7f3b279570a0>,33,2,[5 1],34,80,82,46,80
1,<environment.Job instance at 0x7f3b2774ceb0>,34,13,[ 5 10],35,101,114,66,86
1,<environment.Job instance at 0x7f3b2774cb90>,38,18,[5 5],39,114,132,75,106
1,<environment.Job instance at 0x7f3b2774c910>,40,16,[7 5],41,132,148,91,120
1,<environment.Job instance at 0x7f3b6b4156e0>,14,18,[10  2],15,148,166,133,147
1,<environment.Job instance at 0x7f3b27a11410>,50,12,[10  1],51,168,180,117,168
1,<environment.Job instance at 0x7f3b27a115f0>,52,16,[9 4],53,180,196,127,168
1,<environment.Job instance at 0x7f3b2782a460>,55,2,[4 8],56,196,198,140,169
1,<environment.Job instance at 0x7f3b2774cc80>,43,17,[5 9],44,203,220,159,203
1,<environment.Job instance at 0x7f3b2782ac80>,64,18,[5 5],65,220,238,155,209
1,<environment.Job instance at 0x7f3b2782ae10>,68,18,[5 3],69,220,238,151,213
1,<environment.Job instance at 0x7f3b2782a9b0>,71,13,[10  4],72,238,251,166,225
1,<environment.Job instance at 0x7f3b71f8b230>,74,15,[5 6],75,251,266,176,237
1,<environment.Job instance at 0x7f3b71f8b690>,79,13,[6 4],80,266,279,186,253
1,<environment.Job instance at 0x7f3b2782a3c0>,54,17,[1 9],55,279,296,224,271
1,<environment.Job instance at 0x7f3b71f8baf0>,85,15,[3 9],86,296,311,210,284
1,<environment.Job instance at 0x7f3b71f8be60>,90,17,[10  1],91,311,328,220,299
1,<environment.Job instance at 0x7f3b71f8bf50>,92,13,[7 2],93,328,341,235,314
1,<environment.Job instance at 0x7f3b71f911e0>,95,3,[5 3],96,341,344,245,324
1,<environment.Job instance at 0x7f3b71f915a0>,98,13,[4 6],99,341,354,242,329
1,<environment.Job instance at 0x7f3b71f916e0>,100,12,[7 4],101,354,366,253,344
1,<environment.Job instance at 0x7f3b71f917d0>,103,15,[3 9],104,366,381,262,354
1,<environment.Job instance at 0x7f3b71f91a00>,105,3,[10  4],106,381,384,275,361
1,<environment.Job instance at 0x7f3b71f91dc0>,112,14,[4 6],113,394,408,281,394
1,<environment.Job instance at 0x7f3b71f91e60>,113,17,[9 1],114,408,425,294,397
1,<environment.Job instance at 0x7f3b71f8a460>,122,12,[ 1 10],123,432,444,309,432
1,<environment.Job instance at 0x7f3b71f8a820>,127,15,[6 2],128,459,474,331,459
1,<environment.Job instance at 0x7f3b71f8ab40>,131,3,[1 8],132,459,462,327,459
1,<environment.Job instance at 0x7f3b71f8ad20>,134,12,[9 1],135,478,490,343,478
1,<environment.Job instance at 0x7f3b71f8afa0>,137,12,[5 9],138,490,502,352,481
1,<environment.Job instance at 0x7f3b71f8af50>,138,2,[6 3],139,502,504,363,481
1,<environment.Job instance at 0x7f3b71f8a2d0>,0,12,[5 6],1,8,20,7,8
1,<environment.Job instance at 0x7f3b2782a910>,1,16,[3 9],2,20,36,18,9
1,<environment.Job instance at 0x7f3b6b32a4b0>,9,3,[1 7],10,36,39,26,10
1,<environment.Job instance at 0x7f3b6b32ad70>,10,2,[1 6],11,39,41,28,13
1,<environment.Job instance at 0x7f3b2774a5f0>,13,2,[2 7],14,41,43,27,14
1,<environment.Job instance at 0x7f3b2774a730>,15,16,[7 3],16,36,52,20,26
1,<environment.Job instance at 0x7f3b71bd85a0>,4,13,[2 7],5,43,56,38,31
1,<environment.Job instance at 0x7f3b27ab6c30>,22,14,[9 2],23,56,70,33,42
1,<environment.Job instance at 0x7f3b2796bcd0>,24,2,[6 1],25,52,54,27,42
1,<environment.Job instance at 0x7f3b2774a820>,17,16,[1 8],18,56,72,38,45
1,<environment.Job instance at 0x7f3b71b33e60>,30,13,[4 6],31,72,85,41,57
1,<environment.Job instance at 0x7f3b71dbe6e0>,32,16,[9 2],33,85,101,52,78
1,<environment.Job instance at 0x7f3b71c2a690>,37,12,[1 6],38,85,97,47,82
1,<environment.Job instance at 0x7f3b71c2a320>,34,13,[2 8],35,101,114,66,90
1,<environment.Job instance at 0x7f3b71cc3730>,43,14,[ 2 10],44,114,128,70,101
1,<environment.Job instance at 0x7f3b71cd0550>,36,17,[3 7],37,128,145,91,120
1,<environment.Job instance at 0x7f3b27a08910>,54,13,[10  5],55,145,158,90,130
1,<environment.Job instance at 0x7f3b6b2fe320>,56,13,[5 7],57,158,171,101,142
1,<environment.Job instance at 0x7f3b27a086e0>,53,16,[3 8],54,171,187,117,160
1,<environment.Job instance at 0x7f3b6b2fec30>,61,12,[4 7],62,187,199,125,170
1,<environment.Job instance at 0x7f3b71c82690>,62,17,[9 4],63,199,216,136,187
1,<environment.Job instance at 0x7f3b6b35d960>,70,12,[4 8],71,216,228,145,199
1,<environment.Job instance at 0x7f3b6b35da00>,76,1,[9 2],77,228,229,151,218
1,<environment.Job instance at 0x7f3b2774ab40>,12,14,[ 4 10],13,229,243,216,218
1,<environment.Job instance at 0x7f3b27c1d0f0>,83,13,[8 4],84,243,256,159,227
1,<environment.Job instance at 0x7f3b27c1d5a0>,85,16,[7 3],86,256,272,170,245
1,<environment.Job instance at 0x7f3b27c1d4b0>,89,13,[8 2],90,272,285,182,256
1,<environment.Job instance at 0x7f3b27c1d280>,87,13,[10  4],88,285,298,197,275
1,<environment.Job instance at 0x7f3b27bea910>,92,16,[5 4],93,298,314,205,285
1,<environment.Job instance at 0x7f3b7273a6e0>,102,14,[7 3],103,314,328,211,299
1,<environment.Job instance at 0x7f3b7273a690>,111,1,[2 5],112,313,314,201,313
1,<environment.Job instance at 0x7f3b7273aaa0>,112,13,[ 3 10],113,328,341,215,313
1,<environment.Job instance at 0x7f3b27839140>,115,14,[5 7],116,341,355,225,327
1,<environment.Job instance at 0x7f3b278390a0>,119,2,[8 2],120,355,357,235,343
1,<environment.Job instance at 0x7f3b27839500>,120,2,[5 4],121,357,359,236,343
1,<environment.Job instance at 0x7f3b27c32dc0>,122,12,[1 9],123,359,371,236,344
1,<environment.Job instance at 0x7f3b27c32c80>,126,18,[5 5],127,371,389,244,360
1,<environment.Job instance at 0x7f3b27c325a0>,131,14,[10  1],132,389,403,257,376
1,<environment.Job instance at 0x7f3b27c326e0>,132,18,[3 8],133,403,421,270,393
1,<environment.Job instance at 0x7f3b6b6e7140>,3,12,[5 4],4,9,21,5,9
1,<environment.Job instance at 0x7f3b722e7410>,5,13,[9 1],6,21,34,15,14
1,<environment.Job instance at 0x7f3b278cf1e0>,16,13,[8 1],17,34,47,17,18
1,<environment.Job instance at 0x7f3b27b12500>,24,17,[2 7],25,55,72,30,55
1,<environment.Job instance at 0x7f3b71dbb0f0>,25,14,[7 2],26,64,78,38,64
1,<environment.Job instance at 0x7f3b71f16d70>,28,17,[6 5],29,78,95,49,66
1,<environment.Job instance at 0x7f3b6b3ce410>,32,17,[6 4],33,96,113,63,96
1,<environment.Job instance at 0x7f3b720e71e0>,36,15,[5 6],37,113,128,76,100
1,<environment.Job instance at 0x7f3b278eef50>,41,16,[5 5],42,128,144,86,119
1,<environment.Job instance at 0x7f3b278ee7d0>,40,15,[1 8],41,144,159,103,132
1,<environment.Job instance at 0x7f3b6b315780>,51,15,[5 2],52,144,159,92,144
1,<environment.Job instance at 0x7f3b722e7fa0>,7,15,[3 6],8,159,174,151,153
1,<environment.Job instance at 0x7f3b6b315b90>,58,2,[8 5],59,174,176,115,165
1,<environment.Job instance at 0x7f3b6b315a50>,59,17,[9 4],60,176,193,116,165
1,<environment.Job instance at 0x7f3b6b204190>,62,2,[5 3],63,165,167,102,165
1,<environment.Job instance at 0x7f3b2751f0a0>,66,16,[5 6],67,193,209,126,180
1,<environment.Job instance at 0x7f3b278edcd0>,6,16,[1 5],7,7,23,0,7
1,<environment.Job instance at 0x7f3b7214b0f0>,8,13,[10  4],9,23,36,14,9
1,<environment.Job instance at 0x7f3b6b0e56e0>,12,3,[4 6],13,36,39,23,14
1,<environment.Job instance at 0x7f3b6b0e55a0>,13,1,[5 5],14,14,15,0,14
1,<environment.Job instance at 0x7f3b6b7a0370>,14,18,[ 4 10],15,39,57,24,28
1,<environment.Job instance at 0x7f3b6b7a0190>,19,12,[7 5],20,57,69,37,41
1,<environment.Job instance at 0x7f3b6b7a0a00>,23,18,[9 2],24,69,87,45,58
1,<environment.Job instance at 0x7f3b6b7a04b0>,24,15,[6 2],25,87,102,62,74
1,<environment.Job instance at 0x7f3b279204b0>,31,17,[5 8],32,102,119,70,94
1,<environment.Job instance at 0x7f3b27920e10>,34,16,[8 2],35,119,135,84,108
1,<environment.Job instance at 0x7f3b276711e0>,38,12,[10  3],39,135,147,96,118
1,<environment.Job instance at 0x7f3b276717d0>,42,16,[6 1],43,147,163,104,134
1,<environment.Job instance at 0x7f3b6b4752d0>,45,14,[5 4],46,163,177,117,148
1,<environment.Job instance at 0x7f3b6b475c80>,49,3,[5 4],50,163,166,113,155
1,<environment.Job instance at 0x7f3b6b475a00>,52,2,[1 9],53,156,158,103,156
1,<environment.Job instance at 0x7f3b6b475280>,53,1,[3 7],54,158,159,104,156
1,<environment.Job instance at 0x7f3b6b475780>,54,3,[8 5],55,177,180,122,157
1,<environment.Job instance at 0x7f3b6b475910>,51,12,[3 5],52,180,192,128,165
1,<environment.Job instance at 0x7f3b6b65c0a0>,58,14,[5 4],59,180,194,121,177
1,<environment.Job instance at 0x7f3b6b65c0f0>,59,15,[6 4],60,194,209,134,180
1,<environment.Job instance at 0x7f3b6b65c6e0>,66,17,[1 6],67,192,209,125,183
1,<environment.Job instance at 0x7f3b6b65cb40>,72,18,[6 5],73,209,227,136,209
1,<environment.Job instance at 0x7f3b6b65cfa0>,76,16,[4 8],77,227,243,150,219
1,<environment.Job instance at 0x7f3b6b65cf50>,77,15,[4 8],78,243,258,165,229
1,<environment.Job instance at 0x7f3b6b0e58c0>,1,1,[2 7],2,2,3,0,2
1,<environment.Job instance at 0x7f3b6b6372d0>,2,1,[1 8],3,3,4,0,3
1,<environment.Job instance at 0x7f3b27b9c640>,5,15,[10  1],6,11,26,5,11
1,<environment.Job instance at 0x7f3b6b3150f0>,14,16,[5 8],15,26,42,11,15
1,<environment.Job instance at 0x7f3b6b315960>,16,2,[ 1 10],17,42,44,25,19
1,<environment.Job instance at 0x7f3b27b9cbe0>,7,12,[6 5],8,44,56,36,27
1,<environment.Job instance at 0x7f3b6b315b40>,21,15,[3 7],22,56,71,34,43
1,<environment.Job instance at 0x7f3b2774f690>,23,14,[6 2],24,56,70,32,46
1,<environment.Job instance at 0x7f3b279cb7d0>,36,13,[6 4],37,71,84,34,57
1,<environment.Job instance at 0x7f3b279cbe10>,40,2,[5 4],41,84,86,43,74
1,<environment.Job instance at 0x7f3b279cb8c0>,42,1,[2 6],43,74,75,31,74
1,<environment.Job instance at 0x7f3b279cb5f0>,43,3,[6 1],44,86,89,42,74
1,<environment.Job instance at 0x7f3b6b552d70>,45,3,[8 1],46,89,92,43,75
1,<environment.Job instance at 0x7f3b27671820>,48,3,[6 2],49,92,95,43,77
1,<environment.Job instance at 0x7f3b71c717d0>,50,12,[2 5],51,77,89,26,77
1,<environment.Job instance at 0x7f3b6b16ad70>,32,18,[4 8],33,92,110,59,81
1,<environment.Job instance at 0x7f3b6b162500>,53,14,[ 5 10],54,110,124,56,96
1,<environment.Job instance at 0x7f3b6b162870>,51,17,[7 4],52,124,141,72,113
1,<environment.Job instance at 0x7f3b71d9b190>,68,12,[7 5],69,141,153,72,125
1,<environment.Job instance at 0x7f3b6b3bd460>,60,15,[5 5],61,153,168,92,139
1,<environment.Job instance at 0x7f3b71d9b640>,77,14,[5 6],78,168,182,90,157
1,<environment.Job instance at 0x7f3b27a13410>,78,16,[8 4],79,182,198,103,169
1,<environment.Job instance at 0x7f3b27a138c0>,80,15,[3 7],81,198,213,117,184
1,<environment.Job instance at 0x7f3b27a13640>,84,13,[10  1],85,213,226,128,197
1,<environment.Job instance at 0x7f3b27a13dc0>,87,13,[7 1],88,226,239,138,212
1,<environment.Job instance at 0x7f3b7214f320>,90,12,[3 8],91,226,238,135,218
1,<environment.Job instance at 0x7f3b7214faa0>,95,16,[3 5],96,238,254,142,234
1,<environment.Job instance at 0x7f3b7214f820>,96,14,[6 2],97,239,253,142,234
1,<environment.Job instance at 0x7f3b6b147aa0>,100,14,[8 2],101,254,268,153,240
1,<environment.Job instance at 0x7f3b6b147370>,106,12,[5 3],107,268,280,161,265
1,<environment.Job instance at 0x7f3b6b147050>,108,15,[10  2],109,280,295,171,274
1,<environment.Job instance at 0x7f3b6b797190>,121,16,[5 2],122,295,311,173,295
1,<environment.Job instance at 0x7f3b6b797be0>,123,15,[ 3 10],124,311,326,187,298
1,<environment.Job instance at 0x7f3b27bb2d70>,127,16,[8 4],128,326,342,198,313
1,<environment.Job instance at 0x7f3b72314f00>,132,12,[8 2],133,342,354,209,331
1,<environment.Job instance at 0x7f3b723142d0>,133,12,[8 2],134,354,366,220,337
1,<environment.Job instance at 0x7f3b71d9baf0>,2,1,[1 5],3,4,5,1,4
1,<environment.Job instance at 0x7f3b39dd0be0>,4,2,[3 6],5,5,7,0,5
1,<environment.Job instance at 0x7f3b71d9b320>,1,16,[8 4],2,7,23,5,6
1,<environment.Job instance at 0x7f3b6b3155a0>,5,15,[9 1],6,23,38,17,9
1,<environment.Job instance at 0x7f3b71dbff00>,10,15,[1 8],11,23,38,12,16
1,<environment.Job instance at 0x7f3b6b6e71e0>,20,12,[9 4],21,38,50,17,24
1,<environment.Job instance at 0x7f3b274564b0>,24,17,[3 5],25,50,67,25,39
1,<environment.Job instance at 0x7f3b276a7910>,31,13,[5 8],32,67,80,35,51
1,<environment.Job instance at 0x7f3b276a7a50>,32,14,[6 2],33,53,67,20,53
1,<environment.Job instance at 0x7f3b276a75a0>,38,12,[6 3],39,80,92,41,67
1,<environment.Job instance at 0x7f3b276a7500>,42,3,[10  3],43,92,95,49,68
1,<environment.Job instance at 0x7f3b27456c80>,25,15,[ 1 10],26,95,110,69,83
1,<environment.Job instance at 0x7f3b276a79b0>,47,17,[5 6],48,110,127,62,99
1,<environment.Job instance at 0x7f3b6b1a73c0>,50,14,[6 1],51,127,141,76,112
1,<environment.Job instance at 0x7f3b6b1a72d0>,53,15,[2 7],54,127,142,73,117
1,<environment.Job instance at 0x7f3b6b1a7780>,56,17,[8 4],57,142,159,85,130
1,<environment.Job instance at 0x7f3b6b1a7230>,60,13,[8 4],61,159,172,98,143
1,<environment.Job instance at 0x7f3b6b1a7a00>,51,17,[9 3],52,172,189,120,161
1,<environment.Job instance at 0x7f3b276a7690>,37,18,[ 1 10],38,189,207,151,180
1,<environment.Job instance at 0x7f3b2795f690>,70,16,[ 2 10],71,207,223,136,199
1,<environment.Job instance at 0x7f3b2795faa0>,71,18,[3 9],72,223,241,151,215
1,<environment.Job instance at 0x7f3b6b62caa0>,86,12,[6 2],87,241,253,154,229
1,<environment.Job instance at 0x7f3b2795f5f0>,79,15,[4 6],80,241,256,161,229
1,<environment.Job instance at 0x7f3b6b62c8c0>,90,12,[10  4],91,256,268,165,242
1,<environment.Job instance at 0x7f3b6b62c870>,91,15,[10  4],92,268,283,176,260
1,<environment.Job instance at 0x7f3b7226ccd0>,100,13,[3 7],101,283,296,182,271
1,<environment.Job instance at 0x7f3b71d50d70>,108,14,[1 9],109,326,340,217,326
1,<environment.Job instance at 0x7f3b72060af0>,116,14,[8 3],117,340,354,223,331
1,<environment.Job instance at 0x7f3b720606e0>,120,15,[2 8],121,358,373,237,358
1,<environment.Job instance at 0x7f3b72060a50>,122,18,[2 5],123,373,391,250,364
1,<environment.Job instance at 0x7f3b2749c5a0>,125,15,[8 4],126,373,388,247,366
1,<environment.Job instance at 0x7f3b2749c870>,127,15,[6 2],128,388,403,260,375
1,<environment.Job instance at 0x7f3b274c4690>,1,1,[3 9],2,2,3,0,2
1,<environment.Job instance at 0x7f3b6b315780>,0,14,[1 7],1,9,23,8,9
1,<environment.Job instance at 0x7f3b27ba94b0>,10,15,[3 7],11,23,38,12,13
1,<environment.Job instance at 0x7f3b6b315140>,7,17,[ 5 10],8,44,61,36,44
1,<environment.Job instance at 0x7f3b27b2ce60>,22,14,[5 5],23,61,75,38,49
1,<environment.Job instance at 0x7f3b71d92780>,26,14,[9 3],27,75,89,48,65
1,<environment.Job instance at 0x7f3b6b08ed70>,31,12,[4 6],32,89,101,57,74
1,<environment.Job instance at 0x7f3b6b309280>,40,13,[4 9],41,101,114,60,87
1,<environment.Job instance at 0x7f3b71e4ff50>,42,16,[8 1],43,114,130,71,101
1,<environment.Job instance at 0x7f3b6b57a370>,49,12,[1 8],50,173,185,123,173
1,<environment.Job instance at 0x7f3b6b57ab40>,50,13,[6 3],51,185,198,134,173
1,<environment.Job instance at 0x7f3b6b814e10>,59,14,[2 5],60,210,224,150,210
1,<environment.Job instance at 0x7f3b6b814eb0>,61,16,[1 5],62,214,230,152,214
1,<environment.Job instance at 0x7f3b6b82d960>,62,18,[1 5],63,224,242,161,214
1,<environment.Job instance at 0x7f3b6b82d3c0>,68,16,[6 5],69,253,269,184,253
1,<environment.Job instance at 0x7f3b71be0cd0>,77,16,[1 7],78,269,285,191,259
1,<environment.Job instance at 0x7f3b6b82da00>,0,2,[8 4],1,3,5,2,3
1,<environment.Job instance at 0x7f3b27ca6a50>,4,16,[1 6],5,6,22,1,6
1,<environment.Job instance at 0x7f3b720d95a0>,8,14,[5 5],9,22,36,13,15
1,<environment.Job instance at 0x7f3b6b53f5f0>,18,1,[9 5],19,36,37,17,22
1,<environment.Job instance at 0x7f3b71c128c0>,16,2,[ 2 10],17,44,46,27,44
1,<environment.Job instance at 0x7f3b71eb4230>,21,16,[1 7],22,46,62,24,44
1,<environment.Job instance at 0x7f3b27960a00>,25,1,[8 4],26,62,63,36,44
1,<environment.Job instance at 0x7f3b279609b0>,26,12,[1 9],27,63,75,36,46
1,<environment.Job instance at 0x7f3b273e31e0>,32,16,[4 7],33,75,91,42,64
1,<environment.Job instance at 0x7f3b727392d0>,35,15,[ 3 10],36,91,106,55,79
1,<environment.Job instance at 0x7f3b7273caa0>,45,15,[8 3],46,106,121,60,92
1,<environment.Job instance at 0x7f3b274c4dc0>,50,14,[5 3],51,121,135,70,107
1,<environment.Job instance at 0x7f3b275987d0>,53,14,[5 9],54,135,149,81,124
1,<environment.Job instance at 0x7f3b273e30f0>,33,16,[5 9],34,149,165,115,140
1,<environment.Job instance at 0x7f3b6b3f30a0>,61,12,[4 6],62,165,177,103,163
1,<environment.Job instance at 0x7f3b278f2d70>,64,17,[9 5],65,177,194,112,167
1,<environment.Job instance at 0x7f3b2746c460>,67,18,[3 7],68,194,212,126,185
1,<environment.Job instance at 0x7f3b2746c3c0>,71,17,[7 1],72,196,213,124,196
1,<environment.Job instance at 0x7f3b2746cc30>,73,12,[ 4 10],74,213,225,139,200
1,<environment.Job instance at 0x7f3b278854b0>,76,14,[2 9],77,225,239,148,212
1,<environment.Job instance at 0x7f3b27885d20>,80,2,[4 7],81,239,241,158,214
1,<environment.Job instance at 0x7f3b27885cd0>,82,15,[1 9],83,241,256,158,229
1,<environment.Job instance at 0x7f3b27885dc0>,84,14,[ 4 10],85,256,270,171,246
1,<environment.Job instance at 0x7f3b27b870f0>,89,13,[6 5],90,270,283,180,258
1,<environment.Job instance at 0x7f3b6b0eee60>,91,16,[ 2 10],92,283,299,191,279
1,<environment.Job instance at 0x7f3b71b2c370>,95,15,[2 8],96,299,314,203,291
1,<environment.Job instance at 0x7f3b71b0e410>,1,3,[6 4],2,5,8,3,5
1,<environment.Job instance at 0x7f3b2771ff50>,12,16,[6 4],13,16,32,3,16
1,<environment.Job instance at 0x7f3b6b679230>,2,16,[3 7],3,32,48,29,21
1,<environment.Job instance at 0x7f3b71f02d70>,20,15,[8 4],21,48,63,27,37
1,<environment.Job instance at 0x7f3b71f025a0>,25,12,[8 1],26,63,75,37,46
1,<environment.Job instance at 0x7f3b2771f1e0>,11,14,[1 8],12,63,77,51,58
1,<environment.Job instance at 0x7f3b71f02c30>,29,12,[4 6],30,77,89,47,65
1,<environment.Job instance at 0x7f3b71f02140>,30,17,[5 2],31,75,92,44,74
1,<environment.Job instance at 0x7f3b71f02910>,34,3,[6 4],35,92,95,57,74
1,<environment.Job instance at 0x7f3b2771ff00>,16,18,[ 2 10],17,95,113,78,85
1,<environment.Job instance at 0x7f3b6b543640>,37,18,[2 7],38,113,131,75,103
1,<environment.Job instance at 0x7f3b6b1a7b40>,59,2,[9 2],60,135,137,75,135
1,<environment.Job instance at 0x7f3b6b517a50>,61,2,[4 5],62,137,139,75,135
1,<environment.Job instance at 0x7f3b6b1a7d70>,54,12,[9 5],55,139,151,84,136
1,<environment.Job instance at 0x7f3b6b517f00>,62,16,[9 2],63,156,172,93,156
1,<environment.Job instance at 0x7f3b6b543730>,45,14,[4 9],46,172,186,126,161
1,<environment.Job instance at 0x7f3b6b53f190>,79,1,[ 4 10],80,192,193,112,192
1,<environment.Job instance at 0x7f3b6b53feb0>,75,13,[7 2],76,194,207,118,194
1,<environment.Job instance at 0x7f3b6b53f050>,82,2,[6 5],83,207,209,124,195
1,<environment.Job instance at 0x7f3b6b53ff00>,83,17,[8 3],84,209,226,125,197
1,<environment.Job instance at 0x7f3b27328320>,87,15,[5 5],88,226,241,138,219
1,<environment.Job instance at 0x7f3b6b53fc80>,72,17,[4 9],73,248,265,175,248
1,<environment.Job instance at 0x7f3b6b3dde10>,103,16,[8 1],104,265,281,161,252
1,<environment.Job instance at 0x7f3b6b3dd4b0>,104,18,[ 3 10],105,281,299,176,271
1,<environment.Job instance at 0x7f3b6b57a910>,117,17,[5 6],118,299,316,181,287
1,<environment.Job instance at 0x7f3b6b57a780>,119,14,[ 2 10],120,316,330,196,302
1,<environment.Job instance at 0x7f3b6b57a550>,125,14,[6 3],126,330,344,204,318
1,<environment.Job instance at 0x7f3b6b57a960>,129,12,[7 4],130,344,356,214,336
1,<environment.Job instance at 0x7f3b6b57a2d0>,132,14,[5 3],133,356,370,223,350
1,<environment.Job instance at 0x7f3b6b57a5f0>,130,18,[5 6],131,356,374,225,350
1,<environment.Job instance at 0x7f3b6b3ddf00>,102,18,[ 3 10],103,374,392,271,367
1,<environment.Job instance at 0x7f3b6b3dd550>,3,3,[8 1],4,4,7,0,4
1,<environment.Job instance at 0x7f3b2771fb90>,1,12,[7 1],2,7,19,5,6
1,<environment.Job instance at 0x7f3b72063640>,10,16,[4 9],11,19,35,8,11
1,<environment.Job instance at 0x7f3b2728d0a0>,15,14,[8 2],16,35,49,19,23
1,<environment.Job instance at 0x7f3b27943d20>,12,17,[3 6],13,49,66,36,38
1,<environment.Job instance at 0x7f3b72314410>,21,17,[7 4],22,49,66,27,42
1,<environment.Job instance at 0x7f3b6b2cecd0>,33,15,[5 2],34,66,81,32,57
1,<environment.Job instance at 0x7f3b6b44c0a0>,36,12,[7 2],37,81,93,44,67
1,<environment.Job instance at 0x7f3b27a05960>,38,18,[5 3],39,93,111,54,82
1,<environment.Job instance at 0x7f3b27a05190>,40,12,[5 7],41,93,105,52,82
1,<environment.Job instance at 0x7f3b71b9a550>,48,2,[2 7],49,85,87,36,85
1,<environment.Job instance at 0x7f3b71dc9140>,49,2,[5 3],50,105,107,55,85
1,<environment.Job instance at 0x7f3b2744eaf0>,27,15,[10  5],28,111,126,83,98
1,<environment.Job instance at 0x7f3b27c25910>,63,3,[4 6],64,126,129,62,109
1,<environment.Job instance at 0x7f3b279c4d20>,23,16,[1 9],24,129,145,105,120
1,<environment.Job instance at 0x7f3b27c25730>,66,13,[7 3],67,145,158,78,129
1,<environment.Job instance at 0x7f3b71c293c0>,70,18,[1 7],71,145,163,74,134
1,<environment.Job instance at 0x7f3b27c24a50>,75,3,[10  1],76,163,166,87,138
1,<environment.Job instance at 0x7f3b71fcd0a0>,74,18,[3 8],75,166,184,91,156
1,<environment.Job instance at 0x7f3b27344910>,84,15,[10  3],85,184,199,99,178
1,<environment.Job instance at 0x7f3b71fa5cd0>,81,15,[3 5],82,199,214,117,188
1,<environment.Job instance at 0x7f3b71fb7640>,90,3,[5 1],91,199,202,108,188
1,<environment.Job instance at 0x7f3b71c65280>,97,16,[6 3],98,206,222,108,206
1,<environment.Job instance at 0x7f3b71c65410>,100,14,[7 5],101,222,236,121,209
1,<environment.Job instance at 0x7f3b71c65910>,102,18,[5 8],103,240,258,137,240
1,<environment.Job instance at 0x7f3b2729dc30>,104,3,[9 3],105,258,261,153,240
1,<environment.Job instance at 0x7f3b71c592d0>,112,2,[1 7],113,265,267,152,265
1,<environment.Job instance at 0x7f3b71c552d0>,113,13,[1 7],114,267,280,153,265
1,<environment.Job instance at 0x7f3b71c55be0>,114,18,[1 9],115,280,298,165,276
1,<environment.Job instance at 0x7f3b71c55780>,119,17,[8 2],120,298,315,178,287
1,<environment.Job instance at 0x7f3b71c55f50>,125,17,[10  2],126,317,334,191,317
1,<environment.Job instance at 0x7f3b6b5bd5f0>,128,13,[5 5],129,334,347,205,321
1,<environment.Job instance at 0x7f3b27321370>,2,2,[3 8],3,3,5,0,3
1,<environment.Job instance at 0x7f3b6b5f29b0>,3,16,[10  1],4,6,22,2,6
1,<environment.Job instance at 0x7f3b71b76370>,6,15,[3 5],7,22,37,15,8
1,<environment.Job instance at 0x7f3b6b1b4f50>,8,14,[4 7],9,37,51,28,22
1,<environment.Job instance at 0x7f3b6b14fdc0>,15,18,[4 5],16,51,69,35,41
1,<environment.Job instance at 0x7f3b27324820>,17,13,[7 4],18,69,82,51,53
1,<environment.Job instance at 0x7f3b272f7820>,28,12,[6 1],29,82,94,53,68
1,<environment.Job instance at 0x7f3b71ede7d0>,34,17,[4 5],35,82,99,47,73
1,<environment.Job instance at 0x7f3b27acd690>,29,16,[1 8],30,99,115,69,89
1,<environment.Job instance at 0x7f3b71f89d70>,43,16,[5 5],44,115,131,71,108
1,<environment.Job instance at 0x7f3b27911c80>,31,17,[ 3 10],32,156,173,124,156
1,<environment.Job instance at 0x7f3b2786da00>,51,17,[ 3 10],52,173,190,121,168
1,<environment.Job instance at 0x7f3b2786d190>,58,1,[7 1],59,190,191,131,168
1,<environment.Job instance at 0x7f3b2779ed70>,59,2,[1 8],60,190,192,130,168
1,<environment.Job instance at 0x7f3b2779e370>,60,1,[2 9],61,192,193,131,168
1,<environment.Job instance at 0x7f3b2779e5f0>,61,15,[6 1],62,191,206,129,177
1,<environment.Job instance at 0x7f3b2786d140>,57,17,[8 2],58,206,223,148,195
1,<environment.Job instance at 0x7f3b27cbab40>,69,12,[10  3],70,223,235,153,207
1,<environment.Job instance at 0x7f3b71e4b4b0>,74,17,[6 4],75,235,252,160,223
1,<environment.Job instance at 0x7f3b279e20f0>,78,13,[8 3],79,252,265,173,238
1,<environment.Job instance at 0x7f3b720e79b0>,85,16,[ 3 10],86,265,281,179,252
1,<environment.Job instance at 0x7f3b6b426640>,94,16,[4 6],95,306,322,211,306
1,<environment.Job instance at 0x7f3b6b4267d0>,98,13,[9 1],99,322,335,223,306
1,<environment.Job instance at 0x7f3b6b7a19b0>,99,1,[1 5],100,322,323,222,306
1,<environment.Job instance at 0x7f3b6b497a50>,100,12,[7 4],101,335,347,234,318
1,<environment.Job instance at 0x7f3b272df960>,103,3,[8 3],104,347,350,243,324
1,<environment.Job instance at 0x7f3b272dfc30>,108,18,[2 5],109,351,369,242,351
1,<environment.Job instance at 0x7f3b272dfa00>,109,2,[5 5],110,351,353,241,351
1,<environment.Job instance at 0x7f3b272df050>,110,1,[5 1],111,353,354,242,351
1,<environment.Job instance at 0x7f3b272df190>,112,2,[8 3],113,354,356,241,354
1,<environment.Job instance at 0x7f3b272dfaa0>,113,12,[2 9],114,369,381,255,354
1,<environment.Job instance at 0x7f3b272df690>,116,15,[9 2],117,381,396,264,369
1,<environment.Job instance at 0x7f3b272df140>,119,16,[ 1 10],120,396,412,276,383
1,<environment.Job instance at 0x7f3b6b235280>,130,13,[7 2],131,412,425,281,397
1,<environment.Job instance at 0x7f3b6b235730>,138,3,[9 4],139,425,428,286,399
1,<environment.Job instance at 0x7f3b6b235be0>,2,12,[7 5],3,4,16,1,4
1,<environment.Job instance at 0x7f3b6b235730>,3,17,[10  5],4,16,33,12,12
1,<environment.Job instance at 0x7f3b6b24c0f0>,6,17,[10  5],7,75,92,68,75
1,<environment.Job instance at 0x7f3b71f366e0>,30,14,[2 7],31,92,106,61,80
1,<environment.Job instance at 0x7f3b6b24c190>,0,13,[2 8],1,106,119,105,102
1,<environment.Job instance at 0x7f3b71f36c80>,32,2,[10  2],33,119,121,86,102
1,<environment.Job instance at 0x7f3b71f36af0>,39,13,[3 8],40,121,134,81,105
1,<environment.Job instance at 0x7f3b27703f00>,12,17,[4 9],13,134,151,121,125
1,<environment.Job instance at 0x7f3b27368a50>,44,15,[9 1],45,151,166,106,137
1,<environment.Job instance at 0x7f3b27368a00>,50,13,[1 5],51,154,167,103,154
1,<environment.Job instance at 0x7f3b27368fa0>,52,14,[5 6],53,167,181,114,163
1,<environment.Job instance at 0x7f3b6b24ce60>,0,3,[2 8],1,1,4,0,1
1,<environment.Job instance at 0x7f3b27368820>,1,17,[5 5],2,5,22,3,5
1,<environment.Job instance at 0x7f3b6b73e9b0>,8,16,[5 9],9,22,38,13,10
1,<environment.Job instance at 0x7f3b6b24c8c0>,3,16,[5 2],4,38,54,34,30
1,<environment.Job instance at 0x7f3b2788e140>,21,12,[5 6],22,38,50,16,31
1,<environment.Job instance at 0x7f3b2788e5f0>,23,17,[2 5],24,50,67,26,39
1,<environment.Job instance at 0x7f3b71d47280>,18,14,[8 5],19,54,68,35,41
1,<environment.Job instance at 0x7f3b2788eb40>,25,14,[3 5],26,68,82,42,55
1,<environment.Job instance at 0x7f3b272dab40>,31,12,[10  5],32,82,94,50,69
1,<environment.Job instance at 0x7f3b272e1a50>,32,16,[5 8],33,94,110,61,81
1,<environment.Job instance at 0x7f3b272da500>,30,15,[ 3 10],31,110,125,79,98
1,<environment.Job instance at 0x7f3b272e1e60>,39,12,[8 3],40,125,137,85,108
1,<environment.Job instance at 0x7f3b272e1690>,47,16,[5 7],48,137,153,89,128
1,<environment.Job instance at 0x7f3b272e1a00>,34,18,[2 9],35,153,171,118,142
1,<environment.Job instance at 0x7f3b272ccf50>,56,15,[5 5],57,171,186,114,157
1,<environment.Job instance at 0x7f3b272ccf00>,58,16,[7 3],59,186,202,127,173
1,<environment.Job instance at 0x7f3b272ccaa0>,50,16,[9 3],51,202,218,151,189
1,<environment.Job instance at 0x7f3b272d8960>,73,14,[8 4],74,218,232,144,208
1,<environment.Job instance at 0x7f3b272d8a00>,74,18,[2 6],75,218,236,143,212
1,<environment.Job instance at 0x7f3b272d86e0>,77,18,[3 5],78,236,254,158,226
1,<environment.Job instance at 0x7f3b272d8230>,81,18,[1 8],82,254,272,172,245
1,<environment.Job instance at 0x7f3b272d8550>,75,18,[4 6],76,272,290,196,261
1,<environment.Job instance at 0x7f3b273070f0>,94,16,[10  1],95,290,306,195,277
1,<environment.Job instance at 0x7f3b273070a0>,95,18,[7 3],96,306,324,210,295
1,<environment.Job instance at 0x7f3b272daaa0>,27,16,[ 2 10],28,324,340,296,318
1,<environment.Job instance at 0x7f3b273002d0>,111,18,[10  3],112,340,358,228,329
1,<environment.Job instance at 0x7f3b27300730>,116,13,[9 3],117,358,371,241,342
1,<environment.Job instance at 0x7f3b27300be0>,118,15,[4 6],119,371,386,252,357
1,<environment.Job instance at 0x7f622bcd7fa0>,3,18,[ 3 10],4,4,22,0,4
1,<environment.Job instance at 0x7f62248c9500>,7,14,[5 1],8,22,36,14,8
1,<environment.Job instance at 0x7f62248c92d0>,4,18,[10  4],5,36,54,31,25
1,<environment.Job instance at 0x7f62248c9910>,14,12,[3 7],15,54,66,39,37
1,<environment.Job instance at 0x7f62248c9e10>,18,16,[8 5],19,66,82,47,53
1,<environment.Job instance at 0x7f62248c9f00>,21,3,[ 2 10],22,82,85,60,66
1,<environment.Job instance at 0x7f62248c9c30>,23,18,[5 2],24,85,103,61,74
1,<environment.Job instance at 0x7f62248ca3c0>,25,3,[1 6],26,85,88,59,74
1,<environment.Job instance at 0x7f62248ca500>,29,13,[1 6],30,88,101,58,76
1,<environment.Job instance at 0x7f62248ca6e0>,32,17,[9 3],33,103,120,70,91
1,<environment.Job instance at 0x7f62248ca0f0>,34,3,[9 5],35,120,123,85,94
1,<environment.Job instance at 0x7f62248cac80>,37,14,[5 5],38,123,137,85,108
1,<environment.Job instance at 0x7f62248cacd0>,39,18,[5 8],40,137,155,97,128
1,<environment.Job instance at 0x7f62248ce050>,45,16,[6 2],46,157,173,111,157
1,<environment.Job instance at 0x7f62248d0370>,1,16,[1 9],2,10,26,8,10
1,<environment.Job instance at 0x7f62248e40f0>,13,15,[4 8],14,26,41,12,14
1,<environment.Job instance at 0x7f62248e4730>,17,18,[5 2],18,26,44,8,23
1,<environment.Job instance at 0x7f62248e45a0>,14,13,[1 9],15,44,57,29,29
1,<environment.Job instance at 0x7f62248e3a50>,8,16,[3 9],9,57,73,48,44
1,<environment.Job instance at 0x7f62248ebd70>,34,12,[5 7],35,73,85,38,65
1,<environment.Job instance at 0x7f62248e4370>,18,18,[4 6],19,85,103,66,77
1,<environment.Job instance at 0x7f62248e4af0>,19,16,[3 5],20,103,119,83,90
1,<environment.Job instance at 0x7f62248ec5a0>,41,3,[8 2],42,119,122,77,97
1,<environment.Job instance at 0x7f62248ec3c0>,42,14,[8 4],43,122,136,79,109
1,<environment.Job instance at 0x7f62248e9780>,27,13,[ 4 10],28,136,149,108,122
1,<environment.Job instance at 0x7f61e0b48550>,54,17,[10  2],55,149,166,94,139
1,<environment.Job instance at 0x7f61e0b48fa0>,55,17,[5 9],56,166,183,110,159
1,<environment.Job instance at 0x7f61e0cc5960>,62,17,[10  4],63,183,200,120,171
1,<environment.Job instance at 0x7f61e0cc5a00>,64,13,[5 9],65,200,213,135,189
1,<environment.Job instance at 0x7f61e0c4e410>,76,15,[ 5 10],77,217,232,140,217
1,<environment.Job instance at 0x7f61e0ccdeb0>,67,18,[ 1 10],68,232,250,164,222
1,<environment.Job instance at 0x7f61e0d307d0>,82,16,[8 5],83,250,266,167,237
1,<environment.Job instance at 0x7f61e0c51dc0>,85,12,[2 6],86,266,278,180,251
1,<environment.Job instance at 0x7f61e0c50fa0>,88,18,[3 8],89,278,296,189,268
1,<environment.Job instance at 0x7f61e0c50b40>,93,18,[1 6],94,296,314,202,285
1,<environment.Job instance at 0x7f61e0c503c0>,96,17,[2 6],97,314,331,217,302
1,<environment.Job instance at 0x7f61e0c508c0>,97,16,[2 8],98,331,347,233,318
1,<environment.Job instance at 0x7f61e0cc62d0>,104,17,[1 9],105,347,364,242,335
1,<environment.Job instance at 0x7f61e0b4ab40>,45,16,[ 3 10],46,364,380,318,359
1,<environment.Job instance at 0x7f622bd5e280>,117,14,[3 5],118,380,394,262,367
1,<environment.Job instance at 0x7f61e0c55230>,120,1,[9 5],121,394,395,273,376
1,<environment.Job instance at 0x7f62248e4d70>,1,2,[3 8],2,3,5,1,3
1,<environment.Job instance at 0x7f62248e3550>,0,17,[4 5],1,5,22,4,4
1,<environment.Job instance at 0x7f6224a49050>,4,1,[3 8],5,22,23,17,5
1,<environment.Job instance at 0x7f61e10d3640>,6,15,[7 3],7,23,38,16,19
1,<environment.Job instance at 0x7f62248e3050>,7,17,[7 5],8,38,55,30,30
1,<environment.Job instance at 0x7f61e0b110a0>,16,2,[6 5],17,55,57,38,30
1,<environment.Job instance at 0x7f61e0c55780>,3,13,[8 3],4,57,70,53,43
1,<environment.Job instance at 0x7f61e0b1cc30>,23,15,[7 4],24,70,85,46,56
1,<environment.Job instance at 0x7f61e0b11230>,11,15,[10  3],12,85,100,73,72
1,<environment.Job instance at 0x7f61e0f50500>,31,16,[2 8],32,100,116,68,87
1,<environment.Job instance at 0x7f6224d3df50>,35,1,[5 7],36,116,117,80,102
1,<environment.Job instance at 0x7f62246b45f0>,36,2,[3 5],37,117,119,80,102
1,<environment.Job instance at 0x7f61f493d4b0>,37,2,[9 1],38,119,121,81,102
1,<environment.Job instance at 0x7f622475fa00>,38,14,[10  4],39,121,135,82,106
1,<environment.Job instance at 0x7f622bd5e370>,41,15,[3 5],42,135,150,93,133
1,<environment.Job instance at 0x7f61e0b94690>,45,17,[6 3],46,139,156,93,139
1,<environment.Job instance at 0x7f61e0bfbaa0>,47,2,[5 9],48,156,158,108,140
1,<environment.Job instance at 0x7f61e0bfb550>,48,17,[2 8],49,158,175,109,146
1,<environment.Job instance at 0x7f622be40230>,55,16,[2 6],56,175,191,119,166
1,<environment.Job instance at 0x7f61e0ca7f50>,58,16,[3 6],59,216,232,157,216
1,<environment.Job instance at 0x7f62246b2dc0>,68,3,[4 7],69,232,235,163,232
1,<environment.Job instance at 0x7f6224a469b0>,69,18,[ 2 10],70,235,253,165,232
1,<environment.Job instance at 0x7f6224a461e0>,70,17,[7 1],71,253,270,182,242
1,<environment.Job instance at 0x7f622bd00230>,76,15,[4 9],77,270,285,193,264
1,<environment.Job instance at 0x7f622be4bd20>,81,3,[10  4],82,285,288,203,284
1,<environment.Job instance at 0x7f6224698aa0>,87,13,[4 9],88,307,320,219,307
1,<environment.Job instance at 0x7f6224646a50>,88,12,[8 2],89,320,332,231,313
1,<environment.Job instance at 0x7f622468ab90>,92,17,[9 1],93,332,349,239,321
1,<environment.Job instance at 0x7f61e0e51820>,6,2,[9 2],7,8,10,1,8
1,<environment.Job instance at 0x7f61e0e51960>,10,13,[3 8],11,13,26,2,13
1,<environment.Job instance at 0x7f61e0f297d0>,2,17,[10  3],3,26,43,23,15
1,<environment.Job instance at 0x7f61e0f2fb40>,17,13,[6 5],18,43,56,25,27
1,<environment.Job instance at 0x7f61e0f2f4b0>,13,14,[3 6],14,56,70,42,42
1,<environment.Job instance at 0x7f61e0eaaeb0>,24,17,[7 4],25,56,73,31,56
1,<environment.Job instance at 0x7f622bcfe190>,28,12,[5 6],29,73,85,44,62
1,<environment.Job instance at 0x7f622b2e9230>,38,1,[2 5],39,85,86,46,82
1,<environment.Job instance at 0x7f62249fb500>,39,3,[4 8],40,86,89,46,82
1,<environment.Job instance at 0x7f622b2e9960>,37,12,[10  4],38,89,101,51,82
1,<environment.Job instance at 0x7f6224afec30>,43,14,[8 2],44,101,115,57,97
1,<environment.Job instance at 0x7f622b4eea00>,46,18,[8 2],47,115,133,68,104
1,<environment.Job instance at 0x7f61e0f27140>,4,15,[ 1 10],5,141,156,136,141
1,<environment.Job instance at 0x7f62249db8c0>,56,14,[7 5],57,156,170,99,142
1,<environment.Job instance at 0x7f6224cc6190>,58,14,[3 8],59,170,184,111,158
1,<environment.Job instance at 0x7f622490a370>,64,13,[1 9],65,184,197,119,173
1,<environment.Job instance at 0x7f61e0b112d0>,23,18,[4 8],24,197,215,173,186
1,<environment.Job instance at 0x7f622b244fa0>,71,15,[3 5],72,215,230,143,201
1,<environment.Job instance at 0x7f622b244640>,74,15,[5 7],75,230,245,155,216
1,<environment.Job instance at 0x7f622b244910>,69,17,[ 5 10],70,245,262,175,233
1,<environment.Job instance at 0x7f622b2444b0>,77,18,[1 7],78,262,280,184,261
1,<environment.Job instance at 0x7f6224cf77d0>,89,12,[9 1],90,270,282,180,270
1,<environment.Job instance at 0x7f62248b8c80>,90,14,[8 4],91,282,296,191,270
1,<environment.Job instance at 0x7f62248b8230>,93,18,[6 1],94,296,314,202,285
1,<environment.Job instance at 0x7f62246b5460>,1,3,[5 9],2,3,6,1,3
1,<environment.Job instance at 0x7f61e0f2f780>,3,3,[5 5],4,6,9,2,4
1,<environment.Job instance at 0x7f61e0f52af0>,2,2,[7 4],3,9,11,6,4
1,<environment.Job instance at 0x7f6224aeda50>,4,2,[9 2],5,11,13,6,5
1,<environment.Job instance at 0x7f622497aaa0>,5,13,[3 9],6,13,26,7,6
1,<environment.Job instance at 0x7f61e0f27640>,8,17,[2 6],9,26,43,17,17
1,<environment.Job instance at 0x7f6224936910>,16,13,[3 9],17,43,56,26,27
1,<environment.Job instance at 0x7f62248ff0f0>,20,2,[6 4],21,32,34,11,32
1,<environment.Job instance at 0x7f62248ff7d0>,21,2,[3 5],22,56,58,34,32
1,<environment.Job instance at 0x7f62248ff820>,22,15,[2 5],23,56,71,33,42
1,<environment.Job instance at 0x7f62248ffbe0>,23,14,[4 8],24,71,85,47,56
1,<environment.Job instance at 0x7f62248ff2d0>,28,13,[6 1],29,65,78,36,65
1,<environment.Job instance at 0x7f62248ffc30>,30,3,[10  4],31,85,88,54,65
1,<environment.Job instance at 0x7f622492c730>,32,13,[ 5 10],33,88,101,55,74
1,<environment.Job instance at 0x7f622492c280>,33,15,[6 1],34,101,116,67,87
1,<environment.Job instance at 0x7f62248ff320>,24,16,[9 2],25,116,132,91,105
1,<environment.Job instance at 0x7f62248c2500>,44,15,[7 3],45,132,147,87,119
1,<environment.Job instance at 0x7f6224911050>,46,14,[5 4],47,147,161,100,135
1,<environment.Job instance at 0x7f62248c28c0>,45,12,[10  3],46,161,173,115,146
1,<environment.Job instance at 0x7f62249119b0>,50,17,[2 6],51,173,190,122,161
1,<environment.Job instance at 0x7f61e1182820>,64,13,[1 8],65,190,203,125,174
1,<environment.Job instance at 0x7f62248c2e60>,39,16,[10  2],40,203,219,163,191
1,<environment.Job instance at 0x7f61e115e140>,74,16,[9 4],75,219,235,144,209
1,<environment.Job instance at 0x7f61e115e870>,77,13,[ 4 10],78,235,248,157,224
1,<environment.Job instance at 0x7f61e115ed20>,81,12,[5 6],82,248,260,166,235
1,<environment.Job instance at 0x7f62247443c0>,85,2,[3 5],86,260,262,174,235
1,<environment.Job instance at 0x7f622475c7d0>,62,15,[10  1],63,262,277,199,249
1,<environment.Job instance at 0x7f61e116a190>,98,18,[6 5],99,277,295,178,266
1,<environment.Job instance at 0x7f61e118cc80>,101,12,[1 8],102,295,307,193,285
1,<environment.Job instance at 0x7f61e118c640>,103,16,[5 3],104,307,323,203,298
1,<environment.Job instance at 0x7f61e118ce60>,105,15,[ 1 10],106,323,338,217,311
1,<environment.Job instance at 0x7f61e1185780>,111,3,[5 2],112,338,341,226,325
1,<environment.Job instance at 0x7f61e1185230>,112,17,[9 4],113,341,358,228,330
1,<environment.Job instance at 0x7f61e11852d0>,115,16,[9 4],116,358,374,242,346
1,<environment.Job instance at 0x7f61e0eda3c0>,121,2,[8 4],122,374,376,252,358
1,<environment.Job instance at 0x7f62249da230>,3,3,[8 4],4,5,8,1,5
1,<environment.Job instance at 0x7f62249da410>,2,15,[4 8],3,8,23,5,5
1,<environment.Job instance at 0x7f62249daeb0>,4,14,[3 8],5,23,37,18,8
1,<environment.Job instance at 0x7f62249ca910>,6,12,[2 7],7,37,49,30,20
1,<environment.Job instance at 0x7f62249ca370>,12,16,[3 8],13,49,65,36,37
1,<environment.Job instance at 0x7f6224dba410>,19,16,[7 2],20,39,55,19,39
1,<environment.Job instance at 0x7f6224dba550>,21,16,[5 7],22,65,81,43,52
1,<environment.Job instance at 0x7f6224dbad70>,25,14,[4 6],26,81,95,55,70
1,<environment.Job instance at 0x7f62249bcb40>,33,3,[10  3],34,95,98,61,72
1,<environment.Job instance at 0x7f62249bcaf0>,34,13,[5 3],35,73,86,38,73
1,<environment.Job instance at 0x7f62249bc910>,36,14,[6 4],37,98,112,61,84
1,<environment.Job instance at 0x7f622b1eccd0>,42,17,[6 4],43,112,129,69,100
1,<environment.Job instance at 0x7f62249ca0f0>,8,18,[4 6],9,103,121,94,103
1,<environment.Job instance at 0x7f622b56f0a0>,48,12,[ 4 10],49,129,141,80,115
1,<environment.Job instance at 0x7f622b56ffa0>,53,18,[5 5],54,141,159,87,131
1,<environment.Job instance at 0x7f622b56fd70>,50,14,[ 2 10],51,159,173,108,145
1,<environment.Job instance at 0x7f622b56f5f0>,52,16,[ 3 10],53,173,189,120,160
1,<environment.Job instance at 0x7f622b1db6e0>,63,12,[2 6],64,189,201,125,173
1,<environment.Job instance at 0x7f622b1db1e0>,64,16,[2 7],65,201,217,136,190
1,<environment.Job instance at 0x7f61e11c2370>,68,16,[8 3],69,190,206,121,190
1,<environment.Job instance at 0x7f62249da5a0>,0,15,[10  4],1,217,232,216,207
1,<environment.Job instance at 0x7f61e11c2870>,74,17,[9 2],75,236,253,161,236
1,<environment.Job instance at 0x7f61e11c25f0>,79,14,[5 1],80,253,267,173,239
1,<environment.Job instance at 0x7f61e0c877d0>,85,12,[7 1],86,267,279,181,254
1,<environment.Job instance at 0x7f6224dbae10>,20,16,[ 3 10],21,279,295,258,267
1,<environment.Job instance at 0x7f61e11c2d70>,82,18,[4 7],83,295,313,212,284
1,<environment.Job instance at 0x7f622b465f00>,98,16,[9 4],99,313,329,214,301
1,<environment.Job instance at 0x7f6224ae3370>,99,15,[5 7],100,329,344,229,317
1,<environment.Job instance at 0x7f622b56fa00>,55,17,[ 3 10],56,344,361,288,333
1,<environment.Job instance at 0x7f622b4656e0>,105,14,[ 1 10],106,361,375,255,346
1,<environment.Job instance at 0x7f622b7b2d20>,109,18,[6 4],110,375,393,265,366
1,<environment.Job instance at 0x7f622b811c80>,1,18,[10  5],2,10,28,8,10
1,<environment.Job instance at 0x7f61e0c75870>,13,16,[8 1],14,28,44,14,21
1,<environment.Job instance at 0x7f61e0f25500>,23,3,[8 3],24,44,47,20,42
1,<environment.Job instance at 0x7f61e0f25730>,25,16,[10  5],26,47,63,21,45
1,<environment.Job instance at 0x7f62248b31e0>,27,16,[1 7],28,63,79,35,52
1,<environment.Job instance at 0x7f61e0cc5fa0>,22,12,[6 1],23,63,75,40,54
1,<environment.Job instance at 0x7f622b285960>,34,13,[8 2],35,75,88,40,65
1,<environment.Job instance at 0x7f6224d6b690>,36,3,[6 1],37,88,91,51,65
1,<environment.Job instance at 0x7f622b6c52d0>,38,13,[2 5],39,79,92,40,65
1,<environment.Job instance at 0x7f6224d6b910>,33,16,[9 4],34,92,108,58,79
1,<environment.Job instance at 0x7f61e0c75b90>,18,16,[4 8],19,108,124,89,106
1,<environment.Job instance at 0x7f622b72bd70>,52,2,[5 7],53,124,126,71,108
1,<environment.Job instance at 0x7f622b72b640>,49,18,[2 7],50,126,144,76,115
1,<environment.Job instance at 0x7f622b72be10>,56,16,[1 6],57,144,160,87,131
1,<environment.Job instance at 0x7f622b72b7d0>,57,15,[7 4],58,144,159,86,134
1,<environment.Job instance at 0x7f6224772690>,63,12,[3 8],64,160,172,96,145
1,<environment.Job instance at 0x7f622b72b6e0>,51,18,[3 8],52,172,190,120,165
1,<environment.Job instance at 0x7f61e10c25a0>,74,13,[4 8],75,190,203,115,174
1,<environment.Job instance at 0x7f6224840370>,76,12,[9 5],77,203,215,126,191
1,<environment.Job instance at 0x7f6224840aa0>,77,17,[10  4],78,215,232,137,203
1,<environment.Job instance at 0x7f62248400a0>,81,14,[9 4],82,232,246,150,219
1,<environment.Job instance at 0x7f62248caeb0>,85,18,[7 5],86,246,264,160,238
1,<environment.Job instance at 0x7f62248529b0>,89,18,[ 2 10],90,264,282,174,258
1,<environment.Job instance at 0x7f6224abfb40>,97,15,[5 8],98,282,297,184,270
1,<environment.Job instance at 0x7f6224abfcd0>,99,17,[2 6],100,297,314,197,285
1,<environment.Job instance at 0x7f6224abf730>,106,17,[3 5],107,314,331,207,303
1,<environment.Job instance at 0x7f6224980460>,110,13,[5 6],111,331,344,220,315
1,<environment.Job instance at 0x7f62247e37d0>,114,13,[ 5 10],115,344,357,229,328
1,<environment.Job instance at 0x7f62247e3960>,120,16,[7 5],121,357,373,236,344
1,<environment.Job instance at 0x7f62247e3b90>,123,17,[5 9],124,373,390,249,361
1,<environment.Job instance at 0x7f61e0d38500>,129,14,[5 4],130,390,404,260,378
1,<environment.Job instance at 0x7f61e0d38fa0>,132,16,[9 4],133,404,420,271,392
1,<environment.Job instance at 0x7f61e0d38e10>,144,18,[5 5],145,591,609,446,591
1,<environment.Job instance at 0x7f6224d5d870>,148,18,[5 3],149,595,613,446,595
1,<environment.Job instance at 0x7f622b811a50>,1,13,[10  4],2,3,16,1,3
1,<environment.Job instance at 0x7f62246d80f0>,4,15,[5 6],5,16,31,11,7
1,<environment.Job instance at 0x7f622b17cc80>,10,3,[8 3],11,31,34,20,11
1,<environment.Job instance at 0x7f622b8115a0>,2,15,[8 4],3,34,49,31,29
1,<environment.Job instance at 0x7f6224840690>,19,18,[7 5],20,49,67,29,38
1,<environment.Job instance at 0x7f61e0e63230>,22,13,[7 2],23,67,80,44,51
1,<environment.Job instance at 0x7f6224d6b050>,25,3,[5 3],26,80,83,54,65
1,<environment.Job instance at 0x7f61e0c70320>,27,3,[1 9],28,83,86,55,66
1,<environment.Job instance at 0x7f622481d3c0>,28,13,[4 6],29,86,99,57,70
1,<environment.Job instance at 0x7f622481d0a0>,30,12,[7 4],31,99,111,68,82
1,<environment.Job instance at 0x7f622481d6e0>,32,3,[8 1],33,83,86,50,82
1,<environment.Job instance at 0x7f622481daf0>,33,15,[3 9],34,111,126,77,97
1,<environment.Job instance at 0x7f622b539690>,6,17,[2 5],7,126,143,119,116
1,<environment.Job instance at 0x7f622481d460>,40,15,[5 3],41,126,141,85,118
1,<environment.Job instance at 0x7f6224b3c0a0>,41,18,[4 7],42,143,161,101,132
1,<environment.Job instance at 0x7f622481dd70>,38,17,[9 5],39,161,178,122,149
1,<environment.Job instance at 0x7f62247653c0>,52,12,[ 1 10],53,178,190,125,165
1,<environment.Job instance at 0x7f61e0d869b0>,57,15,[6 2],58,190,205,132,182
1,<environment.Job instance at 0x7f62249b2960>,49,15,[3 9],50,207,222,157,207
1,<environment.Job instance at 0x7f61e0d86960>,67,12,[5 9],68,222,234,154,207
1,<environment.Job instance at 0x7f61e0d6f280>,69,2,[1 9],70,234,236,164,207
1,<environment.Job instance at 0x7f61e0d6f780>,74,13,[2 7],75,236,249,161,226
1,<environment.Job instance at 0x7f6224840c80>,20,17,[10  1],21,249,266,228,237
1,<environment.Job instance at 0x7f61e0d6fa00>,78,14,[6 4],79,266,280,187,252
1,<environment.Job instance at 0x7f61e0d6f820>,75,17,[10  3],76,280,297,204,268
1,<environment.Job instance at 0x7f61e0d6fd20>,85,16,[7 3],86,297,313,211,285
1,<environment.Job instance at 0x7f61e0d79460>,92,14,[9 2],93,313,327,220,300
1,<environment.Job instance at 0x7f61e0d79af0>,100,13,[4 6],101,327,340,226,311
1,<environment.Job instance at 0x7f61e0d796e0>,102,16,[9 2],103,340,356,237,330
1,<environment.Job instance at 0x7f61e0d6f5f0>,71,16,[3 9],72,356,372,284,344
1,<environment.Job instance at 0x7f61e0d79e60>,107,12,[1 6],108,344,356,236,344
1,<environment.Job instance at 0x7f61e0d79dc0>,106,17,[3 7],107,372,389,265,360
1,<environment.Job instance at 0x7f61e0d81690>,116,2,[5 7],117,389,391,272,378
1,<environment.Job instance at 0x7f61e0d818c0>,118,3,[9 5],119,391,394,272,379
1,<environment.Job instance at 0x7f61e0d81910>,119,15,[3 9],120,394,409,274,382
1,<environment.Job instance at 0x7f61e0d81730>,123,16,[3 8],124,409,425,285,396
1,<environment.Job instance at 0x7f61e0d81d70>,126,13,[5 7],127,425,438,298,411
1,<environment.Job instance at 0x7f61e0d81780>,131,12,[4 7],132,438,450,306,425
1,<environment.Job instance at 0x7f61e0d81960>,128,16,[3 8],129,450,466,321,439
1,<environment.Job instance at 0x7f61e0d581e0>,132,17,[9 4],133,466,483,333,455
1,<environment.Job instance at 0x7f61e0d58960>,146,1,[9 2],147,487,488,340,487
1,<environment.Job instance at 0x7f61e0d83280>,147,1,[5 3],148,488,489,340,487
1,<environment.Job instance at 0x7f61e0d588c0>,145,3,[2 8],146,489,492,343,487
1,<environment.Job instance at 0x7f61e0d74410>,148,18,[5 9],149,492,510,343,487
1,<environment.Job instance at 0x7f62246d8500>,1,2,[1 9],2,2,4,0,2
1,<environment.Job instance at 0x7f61e0d6f2d0>,2,3,[10  4],3,4,7,1,3
1,<environment.Job instance at 0x7f622b1a4b90>,6,1,[5 2],7,7,8,0,7
1,<environment.Job instance at 0x7f622b1a4230>,7,13,[10  4],8,10,23,2,10
1,<environment.Job instance at 0x7f622b1a40a0>,8,13,[8 5],9,23,36,14,11
1,<environment.Job instance at 0x7f622b4f2140>,9,13,[8 2],10,36,49,26,20
1,<environment.Job instance at 0x7f6224c083c0>,17,18,[1 6],18,36,54,18,32
1,<environment.Job instance at 0x7f6224c08e60>,21,2,[ 5 10],22,54,56,32,33
1,<environment.Job instance at 0x7f61e11e2be0>,22,14,[7 3],23,56,70,33,42
1,<environment.Job instance at 0x7f622b8a96e0>,31,1,[2 5],32,61,62,29,61
1,<environment.Job instance at 0x7f6224c82a50>,29,18,[6 2],30,70,88,40,61
1,<environment.Job instance at 0x7f6224742780>,32,13,[ 3 10],33,88,101,55,73
1,<environment.Job instance at 0x7f622b1a1550>,39,2,[8 2],40,101,103,61,92
1,<environment.Job instance at 0x7f622b1a1050>,40,2,[5 4],41,103,105,62,92
1,<environment.Job instance at 0x7f61e11fbd20>,41,2,[6 1],42,105,107,63,92
1,<environment.Job instance at 0x7f622bc14a50>,33,14,[ 4 10],34,107,121,73,92
1,<environment.Job instance at 0x7f622b292f50>,44,2,[2 5],45,101,103,56,92
1,<environment.Job instance at 0x7f61e0b18fa0>,46,18,[5 5],47,121,139,74,110
1,<environment.Job instance at 0x7f61e0d60b40>,51,14,[10  1],52,139,153,87,124
1,<environment.Job instance at 0x7f61e0d60e60>,53,3,[6 3],54,153,156,99,141
1,<environment.Job instance at 0x7f61e0d60550>,56,2,[5 2],57,156,158,99,141
1,<environment.Job instance at 0x7f622b7f4960>,57,3,[1 6],58,153,156,95,141
1,<environment.Job instance at 0x7f622b7f45f0>,58,12,[3 9],59,158,170,99,142
1,<environment.Job instance at 0x7f622b7f4e60>,61,3,[7 4],62,170,173,108,144
1,<environment.Job instance at 0x7f61e0b6ce10>,63,12,[5 4],64,173,185,109,162
1,<environment.Job instance at 0x7f622b7f4a00>,62,18,[3 7],63,185,203,122,174
1,<environment.Job instance at 0x7f61e11c59b0>,67,15,[3 6],68,203,218,135,190
1,<environment.Job instance at 0x7f61e11c5960>,74,13,[3 6],75,218,231,143,203
1,<environment.Job instance at 0x7f61e11c56e0>,78,16,[10  3],79,231,247,152,219
1,<environment.Job instance at 0x7f6224b1d960>,88,17,[6 5],89,253,270,164,253
1,<environment.Job instance at 0x7f61e11c5280>,76,13,[8 1],77,270,283,193,254
1,<environment.Job instance at 0x7f6224b1d640>,90,16,[1 7],91,270,286,179,266
1,<environment.Job instance at 0x7f61e0c66b90>,96,15,[5 6],97,286,301,189,274
1,<environment.Job instance at 0x7f61e0c66960>,99,12,[3 9],100,301,313,201,285
1,<environment.Job instance at 0x7f61e0c663c0>,101,16,[5 5],102,313,329,211,306
1,<environment.Job instance at 0x7f61e0c66dc0>,104,14,[ 3 10],105,329,343,224,315
1,<environment.Job instance at 0x7f622b1a42d0>,1,1,[10  1],2,4,5,2,4
1,<environment.Job instance at 0x7f6224b7e550>,9,2,[10  2],10,11,13,1,11
1,<environment.Job instance at 0x7f6224846aa0>,16,3,[8 2],17,51,54,34,51
1,<environment.Job instance at 0x7f622b26d410>,19,14,[2 8],20,62,76,42,62
1,<environment.Job instance at 0x7f622b26df50>,2,2,[8 4],3,3,5,0,3
1,<environment.Job instance at 0x7f622b19aaf0>,4,1,[5 9],5,5,6,0,5
1,<environment.Job instance at 0x7f6224b63a00>,5,14,[4 8],6,8,22,2,8
1,<environment.Job instance at 0x7f61e0e0e190>,8,18,[10  4],9,22,40,13,12
1,<environment.Job instance at 0x7f6224ad6140>,19,15,[ 5 10],20,40,55,20,34
1,<environment.Job instance at 0x7f6224ad67d0>,23,12,[3 9],24,55,67,31,39
1,<environment.Job instance at 0x7f6224ad6910>,26,15,[5 9],27,67,82,40,54
1,<environment.Job instance at 0x7f6224ad6a00>,30,15,[8 4],31,85,100,54,85
1,<environment.Job instance at 0x7f6224ad61e0>,31,12,[8 1],32,100,112,68,85
1,<environment.Job instance at 0x7f6224ab6370>,38,12,[5 4],39,112,124,73,104
1,<environment.Job instance at 0x7f6224ab6820>,40,13,[8 3],41,129,142,88,129
1,<environment.Job instance at 0x7f61e0c56e60>,1,17,[9 4],2,142,159,140,131
1,<environment.Job instance at 0x7f6224ab6b40>,51,12,[5 3],52,159,171,107,148
1,<environment.Job instance at 0x7f6224ad6050>,29,17,[ 1 10],30,171,188,141,160
1,<environment.Job instance at 0x7f6224844b90>,60,18,[3 5],61,188,206,127,178
1,<environment.Job instance at 0x7f6224844d70>,63,14,[6 2],64,188,202,124,184
1,<environment.Job instance at 0x7f6224844dc0>,66,2,[5 3],67,202,204,135,184
1,<environment.Job instance at 0x7f62248603c0>,72,18,[4 8],73,206,224,133,195
1,<environment.Job instance at 0x7f6224860640>,76,13,[6 4],77,224,237,147,209
1,<environment.Job instance at 0x7f6224860820>,79,12,[5 8],80,237,249,157,220
1,<environment.Job instance at 0x7f6224860d70>,90,12,[2 5],91,249,261,158,238
1,<environment.Job instance at 0x7f622483c0a0>,91,17,[7 4],92,249,266,157,242
1,<environment.Job instance at 0x7f622483c1e0>,93,14,[ 5 10],94,266,280,172,261
1,<environment.Job instance at 0x7f622483c320>,96,16,[3 8],97,280,296,183,267
1,<environment.Job instance at 0x7f622483ca50>,104,12,[7 1],105,280,292,175,272
1,<environment.Job instance at 0x7f622483ccd0>,108,12,[7 5],109,296,308,187,283
1,<environment.Job instance at 0x7f622483ceb0>,111,17,[9 4],112,308,325,196,297
1,<environment.Job instance at 0x7f6224845230>,116,17,[4 8],117,325,342,208,314
1,<environment.Job instance at 0x7f6224845410>,119,17,[5 6],120,342,359,222,338
1,<environment.Job instance at 0x7f62247b1be0>,14,12,[7 5],15,23,35,8,23
1,<environment.Job instance at 0x7f62247b1730>,15,14,[7 5],16,35,49,19,23
1,<environment.Job instance at 0x7f61e1182e10>,19,1,[9 3],20,49,50,29,28
1,<environment.Job instance at 0x7f61e1182230>,23,12,[8 2],24,50,62,26,45
1,<environment.Job instance at 0x7f622b523320>,24,1,[10  4],25,62,63,37,45
1,<environment.Job instance at 0x7f622b5235f0>,25,2,[8 4],26,63,65,37,45
1,<environment.Job instance at 0x7f61e1182730>,20,15,[10  5],21,65,80,44,52
1,<environment.Job instance at 0x7f61e0e023c0>,31,16,[8 4],32,80,96,48,70
1,<environment.Job instance at 0x7f61e1182640>,17,16,[8 4],18,96,112,78,83
1,<environment.Job instance at 0x7f62249675f0>,35,15,[9 1],36,112,127,76,98
1,<environment.Job instance at 0x7f6224b015f0>,40,15,[1 8],41,112,127,71,106
1,<environment.Job instance at 0x7f6224b36050>,52,14,[3 7],53,127,141,74,112
1,<environment.Job instance at 0x7f6224b01730>,43,13,[10  3],44,141,154,97,125
1,<environment.Job instance at 0x7f6224b36a00>,53,16,[ 5 10],54,154,170,100,141
1,<environment.Job instance at 0x7f622b27bf50>,63,13,[6 5],64,170,183,106,160
1,<environment.Job instance at 0x7f6224b36dc0>,55,15,[ 1 10],56,183,198,127,172
1,<environment.Job instance at 0x7f622b2e30f0>,73,16,[9 5],74,198,214,124,185
1,<environment.Job instance at 0x7f622b2e3e10>,77,17,[5 6],78,214,231,136,204
1,<environment.Job instance at 0x7f622b2e3f00>,80,14,[6 1],81,231,245,150,217
1,<environment.Job instance at 0x7f61e0eacc30>,83,15,[2 7],84,231,246,147,222
1,<environment.Job instance at 0x7f61e0eacb90>,86,17,[8 4],87,246,263,159,238
1,<environment.Job instance at 0x7f61e0eacf00>,90,13,[8 4],91,263,276,172,247
1,<environment.Job instance at 0x7f622b27b960>,67,18,[ 1 10],68,276,294,208,273
1,<environment.Job instance at 0x7f622475ab40>,100,16,[ 2 10],101,294,310,193,283
1,<environment.Job instance at 0x7f622475a550>,102,15,[5 5],103,310,325,207,297
1,<environment.Job instance at 0x7f622475a820>,103,15,[1 5],104,310,325,206,300
1,<environment.Job instance at 0x7f622bcd7a00>,3,1,[8 3],4,4,5,0,4
1,<environment.Job instance at 0x7f622bcd7aa0>,6,14,[2 6],7,9,23,2,9
1,<environment.Job instance at 0x7f622b523c80>,9,17,[5 4],10,12,29,2,12
1,<environment.Job instance at 0x7f622bf21730>,11,12,[2 8],12,29,41,17,12
1,<environment.Job instance at 0x7f61e10acaa0>,4,15,[10  1],5,41,56,36,28
1,<environment.Job instance at 0x7f6224bc9780>,16,14,[6 2],17,56,70,39,42
1,<environment.Job instance at 0x7f6224bc9b90>,20,14,[1 7],21,56,70,35,53
1,<environment.Job instance at 0x7f6224bc9190>,19,14,[4 7],20,70,84,50,55
1,<environment.Job instance at 0x7f6224bc9370>,27,17,[ 5 10],28,84,101,56,72
1,<environment.Job instance at 0x7f622b71b5a0>,31,13,[1 7],32,101,114,69,85
1,<environment.Job instance at 0x7f6224bc9690>,14,18,[9 3],15,101,119,86,91
1,<environment.Job instance at 0x7f622b7d6b40>,41,18,[9 3],42,119,137,77,112
1,<environment.Job instance at 0x7f622b187910>,46,14,[9 3],47,137,151,90,124
1,<environment.Job instance at 0x7f622b187d70>,51,12,[4 6],52,151,163,99,135
1,<environment.Job instance at 0x7f622b187140>,53,13,[10  4],54,163,176,109,161
1,<environment.Job instance at 0x7f6224d30910>,57,15,[8 5],58,176,191,118,163
1,<environment.Job instance at 0x7f6224d30780>,63,14,[6 1],64,191,205,127,179
1,<environment.Job instance at 0x7f61e11b6d20>,0,1,[9 3],1,3,4,2,3
1,<environment.Job instance at 0x7f61e11b6960>,2,17,[3 5],3,9,26,6,9
1,<environment.Job instance at 0x7f6224d30780>,6,14,[8 5],7,26,40,19,11
1,<environment.Job instance at 0x7f622b201820>,14,16,[1 6],15,40,56,25,27
1,<environment.Job instance at 0x7f61e109f870>,22,3,[ 4 10],23,56,59,33,30
1,<environment.Job instance at 0x7f61e10ac6e0>,23,15,[8 2],24,40,55,16,30
1,<environment.Job instance at 0x7f622b2bc140>,30,2,[9 2],31,59,61,28,58
1,<environment.Job instance at 0x7f61e094be10>,18,14,[5 5],19,61,75,42,59
1,<environment.Job instance at 0x7f62249fbe60>,31,16,[1 7],32,75,91,43,64
1,<environment.Job instance at 0x7f62247f56e0>,35,1,[8 4],36,91,92,55,64
1,<environment.Job instance at 0x7f62247f5c30>,39,16,[8 4],40,92,108,52,82
1,<environment.Job instance at 0x7f61e11cdf00>,43,16,[5 9],44,108,124,64,96
1,<environment.Job instance at 0x7f61e11cdc80>,44,16,[3 5],45,124,140,79,112
1,<environment.Job instance at 0x7f61e11cd780>,46,12,[1 5],47,124,136,77,113
1,<environment.Job instance at 0x7f62246dfb40>,48,3,[7 1],49,136,139,87,113
1,<environment.Job instance at 0x7f622b7a50a0>,53,12,[8 2],54,140,152,86,124
1,<environment.Job instance at 0x7f6224b7f8c0>,55,15,[8 3],56,152,167,96,139
1,<environment.Job instance at 0x7f6224b7db40>,60,14,[5 3],61,167,181,106,152
1,<environment.Job instance at 0x7f6224ba5640>,65,18,[6 4],66,181,199,115,170
1,<environment.Job instance at 0x7f6224ba5320>,68,13,[7 2],69,199,212,130,184
1,<environment.Job instance at 0x7f6224ba5dc0>,71,12,[4 6],72,212,224,140,196
1,<environment.Job instance at 0x7f6224a670a0>,76,12,[9 2],77,224,236,147,216
1,<environment.Job instance at 0x7f622b55eeb0>,77,18,[3 7],78,236,254,158,226
1,<environment.Job instance at 0x7f61e1213280>,86,14,[2 9],87,315,329,228,315
1,<environment.Job instance at 0x7f622b651820>,91,17,[8 4],92,329,346,237,323
1,<environment.Job instance at 0x7f622b54f640>,95,12,[1 8],96,358,370,262,358
1,<environment.Job instance at 0x7f6224a4a9b0>,98,3,[9 1],99,358,361,259,358
1,<environment.Job instance at 0x7f6224c2d500>,99,13,[6 5],100,370,383,270,363
1,<environment.Job instance at 0x7f6224a4af00>,101,16,[ 2 10],102,383,399,281,372
1,<environment.Job instance at 0x7f61e0a98370>,6,14,[7 3],7,7,21,0,7
1,<environment.Job instance at 0x7f61e093d140>,7,18,[2 8],8,21,39,13,19
1,<environment.Job instance at 0x7f622476a6e0>,12,16,[6 4],13,39,55,26,30
1,<environment.Job instance at 0x7f61e0b4c5f0>,2,16,[3 7],3,55,71,52,42
1,<environment.Job instance at 0x7f61e0d16550>,21,18,[7 3],22,55,73,33,44
1,<environment.Job instance at 0x7f61e1202dc0>,27,15,[ 3 10],28,73,88,45,61
1,<environment.Job instance at 0x7f622b423460>,28,12,[10  1],29,88,100,59,77
1,<environment.Job instance at 0x7f622b2a3140>,36,12,[2 8],37,100,112,63,86
1,<environment.Job instance at 0x7f61e0d605a0>,30,17,[5 2],31,100,117,69,95
1,<environment.Job instance at 0x7f622b384280>,45,14,[4 9],46,117,131,71,104
1,<environment.Job instance at 0x7f61e094c780>,16,18,[ 2 10],17,143,161,126,143
1,<environment.Job instance at 0x7f61e097c9b0>,69,2,[9 5],70,166,168,96,166
1,<environment.Job instance at 0x7f61e097c140>,71,15,[9 3],72,168,183,96,166
1,<environment.Job instance at 0x7f61e11c5640>,75,13,[7 2],76,183,196,107,167
1,<environment.Job instance at 0x7f622487cf50>,80,12,[10  5],81,196,208,115,188
1,<environment.Job instance at 0x7f6224d8cd20>,54,12,[9 5],55,208,220,153,195
1,<environment.Job instance at 0x7f61e0f2f370>,87,15,[5 5],88,220,235,132,207
1,<environment.Job instance at 0x7f61e109c460>,90,14,[1 9],91,235,249,144,222
1,<environment.Job instance at 0x7f622b476be0>,103,16,[8 1],104,235,251,131,228
1,<environment.Job instance at 0x7f61e0e4f7d0>,96,15,[ 1 10],97,251,266,154,237
1,<environment.Job instance at 0x7f61e119d230>,102,18,[ 3 10],103,266,284,163,260
1,<environment.Job instance at 0x7f622b22e0a0>,116,3,[4 7],117,284,287,167,267
1,<environment.Job instance at 0x7f622b22e7d0>,117,17,[5 6],118,287,304,169,276
1,<environment.Job instance at 0x7f622b22edc0>,120,2,[3 9],121,304,306,183,280
1,<environment.Job instance at 0x7f622b22e410>,123,3,[7 5],124,306,309,182,294
1,<environment.Job instance at 0x7f622b22e370>,124,12,[2 9],125,309,321,184,294
1,<environment.Job instance at 0x7f622b22e5a0>,128,14,[2 8],129,321,335,192,306
1,<environment.Job instance at 0x7f622b22ee10>,119,14,[ 2 10],120,335,349,215,322
1,<environment.Job instance at 0x7f622b5af230>,133,13,[10  5],134,349,362,215,333
1,<environment.Job instance at 0x7f622b5af460>,135,15,[10  4],136,362,377,226,352
1,<environment.Job instance at 0x7f622b5af410>,144,14,[5 2],145,377,391,232,365
1,<environment.Job instance at 0x7f622b367050>,2,17,[3 6],3,6,23,3,6
1,<environment.Job instance at 0x7f622b18b320>,7,2,[1 9],8,23,25,15,11
1,<environment.Job instance at 0x7f622b18bd70>,11,17,[7 4],12,25,42,13,18
1,<environment.Job instance at 0x7f61e10b11e0>,21,2,[7 3],22,42,44,20,35
1,<environment.Job instance at 0x7f61e10b1c80>,22,13,[6 1],23,44,57,21,35
1,<environment.Job instance at 0x7f61e10b1230>,25,14,[9 4],26,57,71,31,45
1,<environment.Job instance at 0x7f61e10b1870>,26,12,[7 2],27,71,83,44,54
1,<environment.Job instance at 0x7f61e10b1b90>,31,18,[1 7],32,71,89,39,64
1,<environment.Job instance at 0x7f6224866af0>,37,3,[1 9],38,89,92,51,64
1,<environment.Job instance at 0x7f61e10b1aa0>,29,12,[9 5],30,92,104,62,75
1,<environment.Job instance at 0x7f6224d90d70>,50,12,[9 3],51,104,116,53,87
1,<environment.Job instance at 0x7f622b18bdc0>,13,16,[1 9],14,116,132,102,103
1,<environment.Job instance at 0x7f6224711730>,59,12,[3 8],60,132,144,72,120
1,<environment.Job instance at 0x7f62247116e0>,62,3,[4 6],63,144,147,81,128
1,<environment.Job instance at 0x7f6224711b90>,64,18,[3 8],65,147,165,82,136
1,<environment.Job instance at 0x7f61e096f3c0>,71,15,[3 5],72,165,180,93,152
1,<environment.Job instance at 0x7f61e096f6e0>,72,2,[5 3],73,165,167,92,152
1,<environment.Job instance at 0x7f61e096faa0>,74,15,[10  3],75,180,195,105,168
1,<environment.Job instance at 0x7f61e09e8820>,81,14,[4 6],82,195,209,113,195
1,<environment.Job instance at 0x7f61e09e8b90>,82,3,[6 1],83,195,198,112,195
1,<environment.Job instance at 0x7f61e09e8eb0>,85,3,[5 3],86,198,201,112,195
1,<environment.Job instance at 0x7f61e09e8c30>,87,16,[6 3],88,201,217,113,195
1,<environment.Job instance at 0x7f61e09c9f00>,90,14,[7 5],91,217,231,126,202
1,<environment.Job instance at 0x7f61e09c9780>,93,13,[7 2],94,231,244,137,225
1,<environment.Job instance at 0x7f61e09c9550>,96,3,[10  1],97,244,247,147,225
1,<environment.Job instance at 0x7f61e09c9230>,102,2,[1 7],103,255,257,152,255
1,<environment.Job instance at 0x7f61e09c99b0>,103,13,[1 7],104,257,270,153,255
1,<environment.Job instance at 0x7f61e09c9a50>,109,17,[8 2],110,276,293,166,276
1,<environment.Job instance at 0x7f6224b487d0>,113,13,[2 7],114,281,294,167,281
1,<environment.Job instance at 0x7f6224b48dc0>,115,17,[10  2],116,294,311,178,282
1,<environment.Job instance at 0x7f6224b48320>,117,12,[5 6],118,311,323,193,302
1,<environment.Job instance at 0x7f6224b48b40>,118,13,[5 5],119,323,336,204,309
1,<environment.Job instance at 0x7f6224b8e500>,0,16,[4 9],1,336,352,335,327
1,<environment.Job instance at 0x7f62248665a0>,3,12,[6 3],4,5,17,1,5
1,<environment.Job instance at 0x7f622b6a9eb0>,4,1,[10  3],5,17,18,12,8
1,<environment.Job instance at 0x7f61e09c9690>,6,14,[8 2],7,18,32,11,11
1,<environment.Job instance at 0x7f61e1218320>,12,12,[3 6],13,32,44,19,17
1,<environment.Job instance at 0x7f61e0e5f1e0>,8,12,[6 1],9,43,55,34,43
1,<environment.Job instance at 0x7f622b0e8820>,28,12,[8 2],29,69,81,40,69
1,<environment.Job instance at 0x7f61e0f5b320>,24,18,[7 5],25,91,109,66,91
1,<environment.Job instance at 0x7f622487ccd0>,9,16,[1 8],10,109,125,99,96
1,<environment.Job instance at 0x7f622b0cd230>,39,2,[1 8],40,125,127,85,99
1,<environment.Job instance at 0x7f6224985cd0>,41,15,[6 1],42,109,124,67,99
1,<environment.Job instance at 0x7f6224985230>,42,18,[5 5],43,127,145,84,116
1,<environment.Job instance at 0x7f622b5fbb90>,21,13,[ 3 10],22,145,158,123,131
1,<environment.Job instance at 0x7f61e11ad370>,50,12,[9 5],51,158,170,107,145
1,<environment.Job instance at 0x7f6224985f50>,43,16,[9 3],44,170,186,126,157
1,<environment.Job instance at 0x7f61e0fbec30>,54,17,[6 4],55,186,203,131,174
1,<environment.Job instance at 0x7f61e0f98690>,62,3,[ 2 10],63,203,206,140,183
1,<environment.Job instance at 0x7f61e1106640>,11,17,[ 3 10],12,206,223,194,196
1,<environment.Job instance at 0x7f61e0fca6e0>,69,15,[3 7],70,223,238,153,209
1,<environment.Job instance at 0x7f61e0fca460>,71,1,[ 5 10],72,238,239,166,210
1,<environment.Job instance at 0x7f61e0fcae60>,74,16,[4 6],75,251,267,176,251
1,<environment.Job instance at 0x7f61e1015690>,78,13,[9 1],79,267,280,188,251
1,<environment.Job instance at 0x7f61e1015b90>,81,2,[3 9],82,280,282,198,265
1,<environment.Job instance at 0x7f61e1020e60>,82,16,[7 5],83,282,298,199,270
1,<environment.Job instance at 0x7f62249e1500>,88,18,[2 5],89,295,313,206,295
1,<environment.Job instance at 0x7f61e0f3ec30>,92,2,[8 3],93,298,300,205,297
1,<environment.Job instance at 0x7f61e0f3ebe0>,93,12,[2 9],94,313,325,219,297
1,<environment.Job instance at 0x7f61e0f3e8c0>,91,18,[ 5 10],92,325,343,233,314
1,<environment.Job instance at 0x7f61e099a2d0>,101,14,[ 2 10],102,343,357,241,329
1,<environment.Job instance at 0x7f61e0f26e60>,110,13,[7 2],111,357,370,246,342
1,<environment.Job instance at 0x7f622b2cccd0>,122,12,[7 5],123,370,382,247,353
1,<environment.Job instance at 0x7f622b2ccaa0>,126,17,[10  5],127,382,399,255,371
1,<environment.Job instance at 0x7f622b2f28c0>,141,14,[10  4],142,444,458,302,444
1,<environment.Job instance at 0x7f622b2f2460>,145,2,[5 4],146,458,460,312,444
1,<environment.Job instance at 0x7f61e09e8f50>,3,1,[3 5],4,4,5,0,4
1,<environment.Job instance at 0x7f61e0fca4b0>,0,14,[2 7],1,5,19,4,4
1,<environment.Job instance at 0x7f6224b8e690>,5,1,[10  4],6,19,20,13,6
1,<environment.Job instance at 0x7f622b509be0>,6,1,[1 6],7,20,21,13,7
1,<environment.Job instance at 0x7f61e0d15550>,7,15,[3 5],8,21,36,13,12
1,<environment.Job instance at 0x7f6224ba57d0>,9,13,[3 8],10,36,49,26,22
1,<environment.Job instance at 0x7f61e095e190>,12,17,[4 7],13,49,66,36,37
1,<environment.Job instance at 0x7f61e10b9aa0>,23,13,[2 7],24,66,79,42,58
1,<environment.Job instance at 0x7f622b82d050>,28,1,[2 8],29,79,80,50,73
1,<environment.Job instance at 0x7f6224a7b4b0>,29,1,[8 5],30,80,81,50,73
1,<environment.Job instance at 0x7f622b82d5a0>,31,3,[5 9],32,81,84,49,76
1,<environment.Job instance at 0x7f61e0fd9c30>,32,1,[1 9],33,84,85,51,76
1,<environment.Job instance at 0x7f61e0fd9780>,33,2,[7 1],34,76,78,42,76
1,<environment.Job instance at 0x7f61e0fd9640>,37,3,[7 1],38,120,123,82,120
1,<environment.Job instance at 0x7f622b3f9b90>,46,18,[10  3],47,170,188,123,170
1,<environment.Job instance at 0x7f62248d5870>,1,3,[5 3],2,2,5,0,2
1,<environment.Job instance at 0x7f6224bb49b0>,3,1,[9 4],4,5,6,1,4
1,<environment.Job instance at 0x7f62248d5a50>,0,13,[9 4],1,10,23,9,10
1,<environment.Job instance at 0x7f6224c4e190>,10,16,[9 3],11,23,39,12,11
1,<environment.Job instance at 0x7f6224c4ec80>,7,16,[5 7],8,39,55,31,26
1,<environment.Job instance at 0x7f6224c4e370>,21,17,[4 6],22,55,72,33,43
1,<environment.Job instance at 0x7f61e0b1cdc0>,24,14,[10  2],25,72,86,47,58
1,<environment.Job instance at 0x7f6224c4ecd0>,17,16,[5 9],18,86,102,68,77
1,<environment.Job instance at 0x7f61e094d4b0>,39,12,[1 5],40,102,114,62,87
1,<environment.Job instance at 0x7f61e094d0a0>,43,17,[6 4],44,102,119,58,90
1,<environment.Job instance at 0x7f61e094daf0>,46,2,[5 2],47,119,121,72,98
1,<environment.Job instance at 0x7f61e0988500>,35,18,[4 6],36,114,132,78,104
1,<environment.Job instance at 0x7f61e0d4d5f0>,51,13,[ 5 10],52,132,145,80,125
1,<environment.Job instance at 0x7f61e0d4deb0>,55,18,[7 3],56,145,163,89,138
1,<environment.Job instance at 0x7f61e0d4dc30>,56,3,[4 7],57,163,166,106,139
1,<environment.Job instance at 0x7f61e0d4d320>,58,1,[10  4],59,166,167,107,139
1,<environment.Job instance at 0x7f6224d3b6e0>,59,18,[3 7],60,145,163,85,140
1,<environment.Job instance at 0x7f6224d3bb40>,65,18,[6 3],66,167,185,101,158
1,<environment.Job instance at 0x7f6224d3b3c0>,68,18,[5 8],69,185,203,116,174
1,<environment.Job instance at 0x7f6224d3b190>,71,18,[10  3],72,203,221,131,200
1,<environment.Job instance at 0x7f6224b18a00>,77,14,[10  2],78,221,235,143,206
1,<environment.Job instance at 0x7f61e0eaa8c0>,86,18,[6 4],87,235,253,148,225
1,<environment.Job instance at 0x7f61e0eaa4b0>,92,14,[5 7],93,254,268,161,254
1,<environment.Job instance at 0x7f61e0eaa500>,93,15,[7 4],94,268,283,174,261
1,<environment.Job instance at 0x7f622b40d0a0>,98,3,[1 5],99,273,276,174,273
1,<environment.Job instance at 0x7f622b40d140>,99,13,[5 7],100,283,296,183,282
1,<environment.Job instance at 0x7f622b40d870>,100,15,[10  1],101,296,311,195,292
1,<environment.Job instance at 0x7f622b40d500>,105,17,[9 3],106,311,328,205,304
1,<environment.Job instance at 0x7f6224c4e320>,1,3,[8 3],2,2,5,0,2
1,<environment.Job instance at 0x7f6224bb4eb0>,2,14,[2 7],3,3,17,0,3
1,<environment.Job instance at 0x7f61e0ec23c0>,3,17,[10  2],4,17,34,13,5
1,<environment.Job instance at 0x7f622b4aec30>,9,12,[9 3],10,38,50,28,38
1,<environment.Job instance at 0x7f622b4aed70>,17,15,[7 3],18,50,65,32,38
1,<environment.Job instance at 0x7f622b4ae460>,18,15,[5 7],19,65,80,46,55
1,<environment.Job instance at 0x7f622b4dd910>,22,2,[7 2],23,80,82,57,55
1,<environment.Job instance at 0x7f622b4dda00>,23,17,[9 1],24,82,99,58,70
1,<environment.Job instance at 0x7f622b4dd960>,31,2,[8 5],32,99,101,67,80
1,<environment.Job instance at 0x7f622b4dd780>,32,3,[3 5],33,101,104,68,80
1,<environment.Job instance at 0x7f622b4db370>,34,17,[7 5],35,101,118,66,92
1,<environment.Job instance at 0x7f622b4db0a0>,38,12,[5 3],39,118,130,79,104
1,<environment.Job instance at 0x7f622b4dbfa0>,36,14,[ 4 10],37,130,144,93,115
1,<environment.Job instance at 0x7f622b4dbd70>,42,16,[2 9],43,144,160,101,131
1,<environment.Job instance at 0x7f622b4db5a0>,45,15,[4 8],46,160,175,114,146
1,<environment.Job instance at 0x7f61e09795f0>,50,15,[2 9],51,175,190,124,162
1,<environment.Job instance at 0x7f61e0989960>,63,15,[4 9],64,190,205,126,177
1,<environment.Job instance at 0x7f61e0989cd0>,66,18,[2 5],67,205,223,138,194
1,<environment.Job instance at 0x7f61e09692d0>,78,13,[4 6],79,223,236,144,217
1,<environment.Job instance at 0x7f61e09695f0>,81,18,[1 6],82,236,254,154,225
1,<environment.Job instance at 0x7f61e0969370>,82,17,[5 2],83,227,244,144,227
1,<environment.Job instance at 0x7f61e097feb0>,89,18,[5 6],90,254,272,164,247
1,<environment.Job instance at 0x7f828e29d280>,0,18,[ 2 10],1,7,25,6,7
1,<environment.Job instance at 0x7f828e29d230>,4,18,[10  4],5,25,43,20,14
1,<environment.Job instance at 0x7f828d13eb90>,14,12,[3 7],15,43,55,28,31
1,<environment.Job instance at 0x7f828d13ee10>,18,16,[8 5],19,55,71,36,43
1,<environment.Job instance at 0x7f828d141140>,23,18,[5 2],24,71,89,47,63
1,<environment.Job instance at 0x7f828d1410f0>,29,13,[1 6],30,71,84,41,70
1,<environment.Job instance at 0x7f828d141960>,32,17,[9 3],33,89,106,56,85
1,<environment.Job instance at 0x7f828e2e0870>,3,18,[ 3 10],4,106,124,102,97
1,<environment.Job instance at 0x7f828d141be0>,38,12,[3 6],39,124,136,85,107
1,<environment.Job instance at 0x7f828d141f00>,41,14,[6 1],42,124,138,82,123
1,<environment.Job instance at 0x7f828d144050>,42,14,[8 4],43,138,152,95,126
1,<environment.Job instance at 0x7f828d1442d0>,48,13,[6 1],49,152,165,103,138
1,<environment.Job instance at 0x7f828d144500>,49,2,[1 9],50,152,154,102,138
1,<environment.Job instance at 0x7f828d146230>,1,3,[1 5],2,2,5,0,2
1,<environment.Job instance at 0x7f828d1561e0>,3,15,[4 8],4,5,20,1,4
1,<environment.Job instance at 0x7f828d159690>,7,18,[5 2],8,12,30,4,12
1,<environment.Job instance at 0x7f828d159820>,11,14,[5 3],12,20,34,8,16
1,<environment.Job instance at 0x7f828d159190>,16,1,[7 4],17,34,35,17,17
1,<environment.Job instance at 0x7f828d15e460>,17,13,[ 4 10],18,35,48,17,19
1,<environment.Job instance at 0x7f828d1597d0>,9,16,[3 5],10,48,64,38,36
1,<environment.Job instance at 0x7f828d1605a0>,28,14,[8 5],29,64,78,35,49
1,<environment.Job instance at 0x7f828d1615f0>,33,3,[5 4],34,56,59,22,56
1,<environment.Job instance at 0x7f828d15e6e0>,18,14,[4 7],19,78,92,59,63
1,<environment.Job instance at 0x7f828d0e3280>,37,3,[4 9],38,92,95,54,81
1,<environment.Job instance at 0x7f82432913c0>,44,17,[10  2],45,105,122,60,105
1,<environment.Job instance at 0x7f828d1600a0>,25,17,[10  5],26,122,139,96,111
1,<environment.Job instance at 0x7f828d1610f0>,34,17,[10  5],35,139,156,104,129
1,<environment.Job instance at 0x7f8243216be0>,56,16,[7 2],57,156,172,99,143
1,<environment.Job instance at 0x7f82432160a0>,61,1,[8 3],62,172,173,110,154
1,<environment.Job instance at 0x7f82432173c0>,63,15,[5 6],64,173,188,109,159
1,<environment.Job instance at 0x7f8243217140>,65,17,[3 5],66,188,205,122,182
1,<environment.Job instance at 0x7f824328b7d0>,69,12,[5 4],70,188,200,118,188
1,<environment.Job instance at 0x7f82432f7fa0>,70,15,[7 4],71,200,215,129,188
1,<environment.Job instance at 0x7f824328b5a0>,71,13,[3 6],72,205,218,133,200
1,<environment.Job instance at 0x7f824328b460>,73,12,[3 8],74,218,230,144,203
1,<environment.Job instance at 0x7f824328b640>,74,14,[8 5],75,230,244,155,215
1,<environment.Job instance at 0x7f8243296550>,79,16,[9 4],80,244,260,164,233
1,<environment.Job instance at 0x7f82432aaa00>,81,16,[7 4],82,260,276,178,247
1,<environment.Job instance at 0x7f82434b3780>,83,18,[1 6],84,252,270,168,252
1,<environment.Job instance at 0x7f82434b05a0>,86,17,[2 6],87,270,287,183,258
1,<environment.Job instance at 0x7f82433cac30>,88,12,[9 2],89,287,299,198,272
1,<environment.Job instance at 0x7f8243380cd0>,92,13,[2 5],93,299,312,206,287
1,<environment.Job instance at 0x7f8243380c80>,93,14,[3 5],94,299,313,205,289
1,<environment.Job instance at 0x7f828d161aa0>,35,16,[ 3 10],36,313,329,277,312
1,<environment.Job instance at 0x7f8243380140>,99,12,[1 8],100,329,341,229,312
1,<environment.Job instance at 0x7f824335cf00>,104,18,[10  2],105,341,359,236,330
1,<environment.Job instance at 0x7f828d156230>,6,15,[6 2],7,7,22,0,7
1,<environment.Job instance at 0x7f82430f3190>,13,13,[2 5],14,14,27,0,14
1,<environment.Job instance at 0x7f828d15e4b0>,0,14,[ 3 10],1,27,41,26,15
1,<environment.Job instance at 0x7f82430f3500>,19,16,[1 7],20,41,57,21,30
1,<environment.Job instance at 0x7f82430dee10>,21,15,[3 5],22,57,72,35,45
1,<environment.Job instance at 0x7f82431c0b40>,28,17,[2 8],29,72,89,43,62
1,<environment.Job instance at 0x7f828d5f7a00>,34,12,[2 9],35,89,101,54,72
1,<environment.Job instance at 0x7f828cf112d0>,36,15,[10  5],37,101,116,64,87
1,<environment.Job instance at 0x7f828cfd4aa0>,38,16,[3 6],39,116,132,77,105
1,<environment.Job instance at 0x7f828e323190>,45,12,[2 5],46,132,144,86,120
1,<environment.Job instance at 0x7f8243145820>,48,3,[4 7],49,144,147,95,123
1,<environment.Job instance at 0x7f828e415500>,49,18,[ 2 10],50,147,165,97,138
1,<environment.Job instance at 0x7f824315f7d0>,56,15,[4 9],57,165,180,108,151
1,<environment.Job instance at 0x7f824315f870>,60,18,[4 8],61,180,198,119,172
1,<environment.Job instance at 0x7f828e2c4fa0>,67,13,[4 9],68,198,211,130,190
1,<environment.Job instance at 0x7f828e2c4460>,72,17,[9 1],73,211,228,138,206
1,<environment.Job instance at 0x7f828d14c640>,0,1,[10  3],1,2,3,1,2
1,<environment.Job instance at 0x7f828d14c870>,2,3,[1 7],3,3,6,0,3
1,<environment.Job instance at 0x7f8243513640>,4,2,[4 8],5,6,8,1,5
1,<environment.Job instance at 0x7f824354d050>,5,19,[7 5],6,8,27,2,6
1,<environment.Job instance at 0x7f828cea2be0>,7,12,[10  4],8,27,39,19,12
1,<environment.Job instance at 0x7f828cf0b690>,15,2,[7 5],16,39,41,23,16
1,<environment.Job instance at 0x7f82430dd960>,23,15,[6 5],24,41,56,17,40
1,<environment.Job instance at 0x7f828d9d2730>,24,1,[2 5],25,41,42,16,41
1,<environment.Job instance at 0x7f828d9d2460>,26,14,[7 5],27,56,70,29,41
1,<environment.Job instance at 0x7f828d22adc0>,30,3,[7 3],31,70,73,39,44
1,<environment.Job instance at 0x7f828cf11500>,16,18,[8 2],17,73,91,56,62
1,<environment.Job instance at 0x7f82434ec410>,19,18,[5 8],20,91,109,71,83
1,<environment.Job instance at 0x7f828dbc5b40>,41,15,[3 5],42,109,124,67,100
1,<environment.Job instance at 0x7f828d8c4870>,44,15,[5 7],45,124,139,79,110
1,<environment.Job instance at 0x7f828d271910>,47,18,[1 7],48,139,157,91,128
1,<environment.Job instance at 0x7f828d2ac500>,57,12,[5 5],58,164,176,106,164
1,<environment.Job instance at 0x7f828d2ac7d0>,58,15,[5 9],59,176,191,117,164
1,<environment.Job instance at 0x7f828d2ac730>,60,14,[8 4],61,191,205,130,177
1,<environment.Job instance at 0x7f828dc61870>,39,17,[ 5 10],40,206,223,166,206
1,<environment.Job instance at 0x7f828d413460>,3,3,[8 1],4,4,7,0,4
1,<environment.Job instance at 0x7f828dc6b0a0>,4,15,[7 3],5,7,22,2,5
1,<environment.Job instance at 0x7f82437393c0>,5,12,[10  3],6,22,34,16,6
1,<environment.Job instance at 0x7f828d583fa0>,15,3,[9 2],16,34,37,18,16
1,<environment.Job instance at 0x7f828d583460>,24,13,[1 8],25,34,47,9,34
1,<environment.Job instance at 0x7f828d583cd0>,14,12,[3 5],15,47,59,32,36
1,<environment.Job instance at 0x7f828d5ee190>,31,2,[2 6],32,59,61,27,57
1,<environment.Job instance at 0x7f828d5ee050>,33,16,[8 5],34,61,77,27,57
1,<environment.Job instance at 0x7f828d5ee3c0>,29,16,[5 3],30,77,93,47,66
1,<environment.Job instance at 0x7f828d2eba50>,0,15,[5 6],1,77,92,76,69
1,<environment.Job instance at 0x7f828d583550>,22,15,[10  1],23,93,108,70,80
1,<environment.Job instance at 0x7f828d793640>,41,12,[5 6],42,108,120,66,92
1,<environment.Job instance at 0x7f828d7939b0>,40,14,[1 8],41,120,134,79,105
1,<environment.Job instance at 0x7f828d793910>,48,14,[9 1],49,120,134,71,106
1,<environment.Job instance at 0x7f828cfa4230>,58,18,[6 5],59,134,152,75,124
1,<environment.Job instance at 0x7f828cfa7b90>,61,12,[1 8],62,152,164,90,136
1,<environment.Job instance at 0x7f82437d4e10>,59,18,[ 5 10],60,164,182,104,153
1,<environment.Job instance at 0x7f828cfc3320>,67,12,[7 2],68,182,194,114,170
1,<environment.Job instance at 0x7f828cfd06e0>,69,12,[4 6],70,194,206,124,179
1,<environment.Job instance at 0x7f828d5eea50>,30,18,[ 5 10],31,226,244,195,226
1,<environment.Job instance at 0x7f828cfd0c80>,75,16,[9 4],76,244,260,168,232
1,<environment.Job instance at 0x7f828d2cd460>,1,3,[3 9],2,2,5,0,2
1,<environment.Job instance at 0x7f828d440c80>,4,16,[5 5],5,5,21,0,5
1,<environment.Job instance at 0x7f8243785500>,11,3,[1 9],12,21,24,9,12
1,<environment.Job instance at 0x7f828dc65a50>,12,13,[9 4],13,24,37,11,13
1,<environment.Job instance at 0x7f828dc657d0>,13,12,[2 6],14,37,49,23,20
1,<environment.Job instance at 0x7f828dc65c30>,16,13,[5 5],17,49,62,32,37
1,<environment.Job instance at 0x7f828d2cd0f0>,0,14,[ 2 10],1,62,76,61,54
1,<environment.Job instance at 0x7f828d87f500>,29,14,[5 1],30,82,96,52,82
1,<environment.Job instance at 0x7f828d87f910>,31,1,[7 3],32,96,97,64,82
1,<environment.Job instance at 0x7f828d87f140>,33,18,[7 1],34,97,115,63,87
1,<environment.Job instance at 0x7f828d87ff50>,32,18,[4 7],33,115,133,82,104
1,<environment.Job instance at 0x7f828d87f190>,36,18,[8 3],37,133,151,96,122
1,<environment.Job instance at 0x7f828d1b3690>,44,2,[9 3],45,151,153,106,135
1,<environment.Job instance at 0x7f828d1b3960>,45,18,[1 8],46,153,171,107,143
1,<environment.Job instance at 0x7f824375ad20>,48,16,[9 4],49,171,187,122,158
1,<environment.Job instance at 0x7f828dba35f0>,50,14,[1 5],51,171,185,120,163
1,<environment.Job instance at 0x7f8243591be0>,5,17,[ 3 10],6,187,204,181,175
1,<environment.Job instance at 0x7f828cf11500>,54,13,[2 6],55,204,217,149,188
1,<environment.Job instance at 0x7f828cf11dc0>,56,18,[7 4],57,204,222,147,204
1,<environment.Job instance at 0x7f828dadc690>,58,14,[1 7],59,222,236,163,208
1,<environment.Job instance at 0x7f82433f9410>,3,12,[3 8],4,4,16,0,4
1,<environment.Job instance at 0x7f828d6adf00>,4,3,[1 5],5,16,19,11,5
1,<environment.Job instance at 0x7f828d421af0>,5,15,[3 5],6,16,31,10,6
1,<environment.Job instance at 0x7f828cf4e140>,6,3,[7 4],7,19,22,12,7
1,<environment.Job instance at 0x7f828dadcfa0>,9,2,[5 1],10,10,12,0,10
1,<environment.Job instance at 0x7f828d37ff50>,11,3,[9 1],12,31,34,19,12
1,<environment.Job instance at 0x7f828da3ca00>,16,12,[9 5],17,34,46,17,23
1,<environment.Job instance at 0x7f828d0a43c0>,20,2,[5 5],21,23,25,2,23
1,<environment.Job instance at 0x7f828d46e280>,14,13,[4 8],15,46,59,31,30
1,<environment.Job instance at 0x7f828d7f5640>,22,13,[2 9],23,59,72,36,48
1,<environment.Job instance at 0x7f828db89730>,25,18,[7 5],26,72,90,46,63
1,<environment.Job instance at 0x7f82436d7190>,37,15,[5 8],38,90,105,52,79
1,<environment.Job instance at 0x7f828dba6cd0>,39,17,[2 6],40,105,122,65,94
1,<environment.Job instance at 0x7f82436d8e10>,43,14,[ 5 10],44,122,136,78,107
1,<environment.Job instance at 0x7f8243478eb0>,48,15,[5 8],49,136,151,87,122
1,<environment.Job instance at 0x7f8243478820>,52,12,[10  4],53,151,163,98,136
1,<environment.Job instance at 0x7f8243478af0>,53,2,[5 1],54,136,138,82,136
1,<environment.Job instance at 0x7f8243478780>,55,15,[8 1],56,163,178,107,149
1,<environment.Job instance at 0x7f824341c140>,59,15,[6 2],60,178,193,118,165
1,<environment.Job instance at 0x7f828d068c30>,61,15,[5 4],62,193,208,131,179
1,<environment.Job instance at 0x7f828d068870>,64,17,[2 5],65,191,208,126,191
1,<environment.Job instance at 0x7f828d71e460>,66,15,[3 5],67,208,223,141,194
1,<environment.Job instance at 0x7f828db10b40>,70,12,[10  1],71,223,235,152,209
1,<environment.Job instance at 0x7f828df9daa0>,71,1,[5 5],72,209,210,137,209
1,<environment.Job instance at 0x7f828df9db90>,73,12,[10  1],74,235,247,161,223
1,<environment.Job instance at 0x7f824329c5a0>,74,17,[1 9],75,247,264,172,237
1,<environment.Job instance at 0x7f828d46e5a0>,17,17,[10  4],18,264,281,246,257
1,<environment.Job instance at 0x7f828d1d7500>,86,17,[2 6],87,281,298,194,273
1,<environment.Job instance at 0x7f828d4640f0>,90,13,[2 6],91,298,311,207,285
1,<environment.Job instance at 0x7f828d464820>,91,13,[10  4],92,311,324,219,296
1,<environment.Job instance at 0x7f828d4646e0>,94,15,[5 6],95,324,339,229,310
1,<environment.Job instance at 0x7f824373b6e0>,99,13,[6 4],100,339,352,239,323
1,<environment.Job instance at 0x7f828d74e6e0>,109,18,[7 5],110,386,404,276,386
1,<environment.Job instance at 0x7f82432fbaf0>,112,13,[7 2],113,414,427,301,414
1,<environment.Job instance at 0x7f82432fb050>,114,17,[7 2],115,427,444,312,415
1,<environment.Job instance at 0x7f82432fbf50>,123,15,[3 9],124,469,484,345,469
1,<environment.Job instance at 0x7f828dadc230>,4,13,[2 7],5,7,20,2,7
1,<environment.Job instance at 0x7f828d82dd20>,9,3,[1 7],10,20,23,10,11
1,<environment.Job instance at 0x7f828d2cd230>,12,14,[ 4 10],13,23,37,10,13
1,<environment.Job instance at 0x7f828d328a50>,8,14,[6 4],9,37,51,28,25
1,<environment.Job instance at 0x7f828d2adc30>,21,15,[8 4],22,51,66,29,37
1,<environment.Job instance at 0x7f828d2add20>,23,16,[2 6],24,51,67,27,51
1,<environment.Job instance at 0x7f828dce0aa0>,25,17,[5 3],26,66,83,40,58
1,<environment.Job instance at 0x7f828dce0820>,30,13,[4 6],31,67,80,36,59
1,<environment.Job instance at 0x7f828db106e0>,33,18,[4 6],34,80,98,46,69
1,<environment.Job instance at 0x7f828d51d820>,37,12,[1 6],38,98,110,60,81
1,<environment.Job instance at 0x7f828d51d410>,39,17,[5 7],40,110,127,70,98
1,<environment.Job instance at 0x7f828da3c500>,1,16,[3 9],2,127,143,125,116
1,<environment.Job instance at 0x7f828d079280>,52,14,[ 2 10],53,143,157,90,129
1,<environment.Job instance at 0x7f828d079460>,54,13,[10  5],55,157,170,102,145
1,<environment.Job instance at 0x7f828d51de60>,36,17,[3 7],37,170,187,133,158
1,<environment.Job instance at 0x7f828d079e10>,61,12,[4 7],62,187,199,125,171
1,<environment.Job instance at 0x7f828d079cd0>,65,14,[4 8],66,199,213,133,187
1,<environment.Job instance at 0x7f828d079a50>,60,18,[9 2],61,213,231,152,203
1,<environment.Job instance at 0x7f828d0802d0>,72,1,[1 8],73,213,214,140,210
1,<environment.Job instance at 0x7f828d080410>,69,16,[10  5],70,233,249,163,233
1,<environment.Job instance at 0x7f828d080c80>,83,13,[8 4],84,249,262,165,237
1,<environment.Job instance at 0x7f828d080fa0>,87,13,[10  4],88,262,275,174,249
1,<environment.Job instance at 0x7f828d080cd0>,88,13,[8 5],89,275,288,186,259
1,<environment.Job instance at 0x7f828d080820>,78,18,[5 9],79,288,306,209,277
1,<environment.Job instance at 0x7f828d0829b0>,99,14,[5 1],100,301,315,201,301
1,<environment.Job instance at 0x7f828d079e60>,62,17,[9 4],63,315,332,252,311
1,<environment.Job instance at 0x7f828d082b90>,102,14,[7 3],103,332,346,229,317
1,<environment.Job instance at 0x7f828d082a50>,100,17,[9 2],101,346,363,245,335
1,<environment.Job instance at 0x7f828d082c80>,114,1,[5 5],115,363,364,248,346
1,<environment.Job instance at 0x7f828d0943c0>,115,14,[5 7],116,364,378,248,350
1,<environment.Job instance at 0x7f828d094820>,119,2,[8 2],120,378,380,258,362
1,<environment.Job instance at 0x7f828d094960>,120,2,[5 4],121,380,382,259,362
1,<environment.Job instance at 0x7f828d094af0>,122,12,[1 9],123,382,394,259,366
1,<environment.Job instance at 0x7f828d094870>,126,18,[5 5],127,394,412,267,384
1,<environment.Job instance at 0x7f828d094b90>,131,14,[10  1],132,412,426,280,400
1,<environment.Job instance at 0x7f828d09a370>,135,3,[1 9],136,426,429,290,416
1,<environment.Job instance at 0x7f828d09a550>,138,12,[3 9],139,429,441,290,416
1,<environment.Job instance at 0x7f828d09a7d0>,143,12,[5 4],144,441,453,297,436
1,<environment.Job instance at 0x7f82437f4370>,145,13,[9 1],146,453,466,307,443
1,<environment.Job instance at 0x7f82437f4410>,153,13,[5 6],154,477,490,323,477
1,<environment.Job instance at 0x7f824343faf0>,154,13,[3 6],155,490,503,335,484
1,<environment.Job instance at 0x7f828d2310a0>,156,13,[8 1],157,503,516,346,488
1,<environment.Job instance at 0x7f82431139b0>,5,14,[7 2],6,12,26,6,12
1,<environment.Job instance at 0x7f8243113eb0>,11,12,[2 6],12,14,26,2,14
1,<environment.Job instance at 0x7f82434e3050>,14,3,[8 2],15,26,29,11,23
1,<environment.Job instance at 0x7f8243113910>,7,16,[5 4],8,29,45,21,23
1,<environment.Job instance at 0x7f82432fba50>,16,15,[5 6],17,29,44,12,23
1,<environment.Job instance at 0x7f82434e3e10>,12,17,[6 4],13,45,62,32,33
1,<environment.Job instance at 0x7f828de2d190>,24,14,[ 3 10],25,62,76,37,49
1,<environment.Job instance at 0x7f828e192640>,4,17,[2 7],5,76,93,71,67
1,<environment.Job instance at 0x7f82431e2910>,36,1,[5 9],37,93,94,56,67
1,<environment.Job instance at 0x7f824367aaa0>,37,2,[10  2],38,94,96,56,67
1,<environment.Job instance at 0x7f828d3d23c0>,38,2,[8 5],39,96,98,57,69
1,<environment.Job instance at 0x7f828d3d2370>,39,17,[9 4],40,98,115,58,88
1,<environment.Job instance at 0x7f828ced6410>,45,15,[1 5],46,96,111,50,88
1,<environment.Job instance at 0x7f82435cd9b0>,48,13,[8 2],49,115,128,66,99
1,<environment.Job instance at 0x7f828d4fdb40>,51,16,[4 6],52,128,144,76,115
1,<environment.Job instance at 0x7f828d7cbb90>,57,15,[10  4],58,144,159,86,133
1,<environment.Job instance at 0x7f828d7cb4b0>,60,13,[1 5],61,159,172,98,148
1,<environment.Job instance at 0x7f828d7cbaf0>,62,14,[3 7],63,172,186,109,159
1,<environment.Job instance at 0x7f82434ee9b0>,68,18,[ 5 10],69,186,204,117,177
1,<environment.Job instance at 0x7f82434ee190>,70,13,[2 8],71,204,217,133,192
1,<environment.Job instance at 0x7f82434ee5f0>,4,2,[1 9],5,5,7,0,5
1,<environment.Job instance at 0x7f8243641050>,5,14,[5 4],6,7,21,1,6
1,<environment.Job instance at 0x7f828e27e730>,6,24,[4 5],7,8,32,1,8
1,<environment.Job instance at 0x7f828d413eb0>,8,3,[9 5],9,32,35,23,16
1,<environment.Job instance at 0x7f828cf81870>,18,14,[5 4],19,35,49,16,21
1,<environment.Job instance at 0x7f828e40d640>,19,15,[6 4],20,49,64,29,35
1,<environment.Job instance at 0x7f828d70d870>,28,13,[4 8],29,64,77,35,48
1,<environment.Job instance at 0x7f828d413870>,17,18,[6 1],18,64,82,46,55
1,<environment.Job instance at 0x7f828dbe32d0>,37,15,[4 8],38,77,92,39,69
1,<environment.Job instance at 0x7f828cfd2a50>,41,12,[5 6],42,92,104,50,78
1,<environment.Job instance at 0x7f824354efa0>,36,16,[4 8],37,104,120,67,91
1,<environment.Job instance at 0x7f828d3a1eb0>,46,17,[4 6],47,120,137,73,109
1,<environment.Job instance at 0x7f828d290b90>,50,15,[4 7],51,137,152,86,123
1,<environment.Job instance at 0x7f828d290280>,52,17,[ 1 10],53,152,169,99,141
1,<environment.Job instance at 0x7f8243134d70>,56,12,[3 5],57,169,181,112,152
1,<environment.Job instance at 0x7f828d74caa0>,57,3,[7 5],58,169,172,111,152
1,<environment.Job instance at 0x7f828dc81f00>,61,17,[9 4],62,181,198,119,169
1,<environment.Job instance at 0x7f82432f4c30>,65,14,[4 8],66,198,212,132,185
1,<environment.Job instance at 0x7f828d7ca870>,71,13,[9 3],72,212,225,140,200
1,<environment.Job instance at 0x7f828d46d370>,76,16,[ 1 10],77,225,241,148,212
1,<environment.Job instance at 0x7f82437c45a0>,81,17,[ 2 10],82,241,258,159,235
1,<environment.Job instance at 0x7f8243515e10>,83,12,[3 9],84,258,270,174,241
1,<environment.Job instance at 0x7f8243515e60>,86,15,[5 9],87,270,285,183,258
1,<environment.Job instance at 0x7f828d3a1d70>,48,18,[10  1],49,285,303,236,284
1,<environment.Job instance at 0x7f828cf73320>,91,12,[8 1],92,303,315,211,289
1,<environment.Job instance at 0x7f828cf737d0>,95,3,[9 1],96,315,318,219,302
1,<environment.Job instance at 0x7f828cf73c30>,96,15,[3 9],97,318,333,221,305
1,<environment.Job instance at 0x7f828d37fb90>,1,1,[5 3],2,2,3,0,2
1,<environment.Job instance at 0x7f828d3f9cd0>,2,17,[5 7],3,3,20,0,3
1,<environment.Job instance at 0x7f828d2e8730>,3,3,[7 1],4,20,23,16,4
1,<environment.Job instance at 0x7f824354ec80>,4,12,[7 1],5,23,35,18,6
1,<environment.Job instance at 0x7f828d8ae730>,17,14,[5 6],18,35,49,17,20
1,<environment.Job instance at 0x7f828d8ae2d0>,19,17,[5 6],20,49,66,29,37
1,<environment.Job instance at 0x7f828d4aed70>,11,17,[9 4],12,66,83,54,55
1,<environment.Job instance at 0x7f824354c3c0>,16,17,[4 8],17,83,100,66,71
1,<environment.Job instance at 0x7f824339c410>,32,15,[6 2],33,86,101,53,86
1,<environment.Job instance at 0x7f824339c4b0>,39,14,[7 3],40,101,115,61,96
1,<environment.Job instance at 0x7f824339c500>,35,16,[3 5],36,106,122,70,106
1,<environment.Job instance at 0x7f824339c1e0>,43,3,[8 2],44,122,125,78,119
1,<environment.Job instance at 0x7f824339c910>,45,3,[9 4],46,125,128,79,119
1,<environment.Job instance at 0x7f824339cf50>,46,12,[5 3],47,128,140,81,119
1,<environment.Job instance at 0x7f828d941230>,48,15,[10  2],49,140,155,91,127
1,<environment.Job instance at 0x7f828cefeaa0>,60,13,[5 8],61,155,168,94,150
1,<environment.Job instance at 0x7f828cefeb40>,61,16,[5 2],62,155,171,93,151
1,<environment.Job instance at 0x7f824339cdc0>,44,18,[4 8],45,168,186,123,157
1,<environment.Job instance at 0x7f828cefedc0>,67,16,[8 4],68,186,202,118,174
1,<environment.Job instance at 0x7f828cef83c0>,72,12,[8 2],73,202,214,129,185
1,<environment.Job instance at 0x7f82434e1a50>,0,3,[7 3],1,1,4,0,1
1,<environment.Job instance at 0x7f828d541a00>,6,12,[6 2],7,22,34,15,22
1,<environment.Job instance at 0x7f828d5414b0>,4,17,[5 5],5,34,51,29,22
1,<environment.Job instance at 0x7f828d46d8c0>,13,2,[5 5],14,34,36,20,22
1,<environment.Job instance at 0x7f828d8ae0f0>,15,3,[2 8],16,22,25,6,22
1,<environment.Job instance at 0x7f828e2c3500>,16,14,[9 2],17,51,65,34,37
1,<environment.Job instance at 0x7f828e2c37d0>,18,3,[4 5],19,37,40,18,37
1,<environment.Job instance at 0x7f828d541230>,9,15,[9 1],10,86,101,76,86
1,<environment.Job instance at 0x7f828d3fea50>,25,17,[9 3],26,105,122,79,105
1,<environment.Job instance at 0x7f828d3fe230>,35,3,[ 1 10],36,122,125,86,107
1,<environment.Job instance at 0x7f828d3feaa0>,36,14,[8 3],37,125,139,88,112
1,<environment.Job instance at 0x7f828d3fe730>,28,14,[1 9],29,139,153,110,131
1,<environment.Job instance at 0x7f828d358690>,44,15,[10  1],45,153,168,108,140
1,<environment.Job instance at 0x7f824374a820>,40,15,[2 8],41,168,183,127,154
1,<environment.Job instance at 0x7f828d358c80>,51,12,[2 8],52,183,195,131,171
1,<environment.Job instance at 0x7f828d358b40>,52,15,[10  3],53,195,210,142,186
1,<environment.Job instance at 0x7f828d358a00>,59,14,[4 7],60,210,224,150,196
1,<environment.Job instance at 0x7f828dbc77d0>,64,14,[5 6],65,224,238,159,209
1,<environment.Job instance at 0x7f828d8a8f50>,70,15,[3 7],71,238,253,167,235
1,<environment.Job instance at 0x7f82436295a0>,0,1,[10  3],1,1,2,0,1
1,<environment.Job instance at 0x7f828cee9690>,1,17,[7 1],2,6,23,4,6
1,<environment.Job instance at 0x7f828d8fc960>,9,13,[9 3],10,23,36,13,12
1,<environment.Job instance at 0x7f828d8fcbe0>,10,12,[2 6],11,36,48,25,20
1,<environment.Job instance at 0x7f828d2cdf00>,12,16,[8 1],13,36,52,23,23
1,<environment.Job instance at 0x7f828dd258c0>,19,17,[3 5],20,52,69,32,40
1,<environment.Job instance at 0x7f828dd255f0>,21,14,[7 5],22,52,66,30,40
1,<environment.Job instance at 0x7f828d3a19b0>,27,13,[6 1],28,66,79,38,51
1,<environment.Job instance at 0x7f828d3a1320>,32,17,[3 5],33,69,86,36,65
1,<environment.Job instance at 0x7f828d3a1a00>,33,13,[2 7],34,86,99,52,70
1,<environment.Job instance at 0x7f828d3a1190>,38,18,[6 5],39,99,117,60,88
1,<environment.Job instance at 0x7f828dd25500>,20,17,[5 8],21,117,134,96,105
1,<environment.Job instance at 0x7f828cfbd2d0>,48,14,[5 5],49,134,148,85,119
1,<environment.Job instance at 0x7f828cfbda50>,50,1,[8 3],51,148,149,97,120
1,<environment.Job instance at 0x7f8243515820>,54,2,[7 5],55,149,151,94,133
1,<environment.Job instance at 0x7f8243515370>,56,2,[ 2 10],57,151,153,94,133
1,<environment.Job instance at 0x7f8243515f50>,58,1,[9 5],59,153,154,94,134
1,<environment.Job instance at 0x7f828cfbd230>,45,16,[10  1],46,154,170,108,151
1,<environment.Job instance at 0x7f828e2c73c0>,66,12,[1 9],67,170,182,103,154
1,<environment.Job instance at 0x7f8242feda00>,69,16,[8 4],70,182,198,112,172
1,<environment.Job instance at 0x7f8242fedbe0>,70,3,[1 9],71,198,201,127,172
1,<environment.Job instance at 0x7f8242fed230>,73,16,[5 9],74,201,217,127,188
1,<environment.Job instance at 0x7f824346b730>,75,15,[ 3 10],76,217,232,141,203
1,<environment.Job instance at 0x7f824346b820>,83,12,[8 2],84,232,244,148,215
1,<environment.Job instance at 0x7f828cf4baa0>,87,13,[9 2],88,244,257,156,231
1,<environment.Job instance at 0x7f828cf4b6e0>,92,12,[9 4],93,257,269,164,243
1,<environment.Job instance at 0x7f828cf4bfa0>,93,14,[5 9],94,269,283,175,257
1,<environment.Job instance at 0x7f828d147b40>,101,12,[4 6],102,326,338,224,326
1,<environment.Job instance at 0x7f828d147140>,106,12,[9 2],107,338,350,231,335
1,<environment.Job instance at 0x7f828d2cd140>,0,2,[1 7],1,1,3,0,1
1,<environment.Job instance at 0x7f828d769d70>,1,15,[6 1],2,5,20,3,5
1,<environment.Job instance at 0x7f82432f4820>,6,13,[4 9],7,7,20,0,7
1,<environment.Job instance at 0x7f828d32baa0>,7,2,[7 5],8,20,22,12,11
1,<environment.Job instance at 0x7f828d5edcd0>,9,12,[4 7],10,22,34,12,15
1,<environment.Job instance at 0x7f828d830e10>,16,15,[1 6],17,34,49,17,20
1,<environment.Job instance at 0x7f828d830b90>,18,3,[7 1],19,34,37,15,22
1,<environment.Job instance at 0x7f828d8e5e60>,21,3,[6 4],22,37,40,15,30
1,<environment.Job instance at 0x7f828d40a2d0>,23,15,[9 4],24,40,55,16,38
1,<environment.Job instance at 0x7f828d831870>,26,14,[7 3],27,55,69,28,42
1,<environment.Job instance at 0x7f828d8e5dc0>,22,16,[3 7],23,55,71,32,54
1,<environment.Job instance at 0x7f828dcec910>,33,12,[10  2],34,71,83,37,59
1,<environment.Job instance at 0x7f828d4fc0a0>,40,15,[8 4],41,83,98,42,70
1,<environment.Job instance at 0x7f8243629640>,11,18,[5 6],12,98,116,86,87
1,<environment.Job instance at 0x7f82434217d0>,43,14,[7 2],44,116,130,72,104
1,<environment.Job instance at 0x7f8243627d20>,50,17,[5 2],51,130,147,79,118
1,<environment.Job instance at 0x7f8243627f50>,55,18,[4 5],56,130,148,74,122
1,<environment.Job instance at 0x7f8243644eb0>,56,12,[2 8],57,148,160,91,132
1,<environment.Job instance at 0x7f824307be60>,66,2,[4 7],67,160,162,93,148
1,<environment.Job instance at 0x7f82433c5d20>,65,14,[4 9],66,162,176,96,148
1,<environment.Job instance at 0x7f824307b960>,68,3,[8 2],69,148,151,79,148
1,<environment.Job instance at 0x7f8243627c80>,49,12,[4 6],50,176,188,126,169
1,<environment.Job instance at 0x7f824339b140>,78,2,[ 5 10],79,188,190,109,174
1,<environment.Job instance at 0x7f8243068b40>,80,3,[3 7],81,190,193,109,176
1,<environment.Job instance at 0x7f828dae81e0>,81,2,[4 5],82,193,195,111,177
1,<environment.Job instance at 0x7f8243090780>,73,19,[7 1],74,195,214,121,185
1,<environment.Job instance at 0x7f82434de730>,91,15,[9 3],92,214,229,122,204
1,<environment.Job instance at 0x7f828d789230>,74,12,[9 5],75,229,241,154,221
1,<environment.Job instance at 0x7f828d85d190>,101,16,[10  1],102,241,257,139,228
1,<environment.Job instance at 0x7f828d79b8c0>,88,12,[ 4 10],89,257,269,168,241
1,<environment.Job instance at 0x7f8243697e10>,110,14,[1 9],111,269,283,158,257
1,<environment.Job instance at 0x7f8243505d20>,98,16,[1 7],99,285,301,186,285
1,<environment.Job instance at 0x7f82436a7b90>,123,16,[8 1],124,293,309,169,293
1,<environment.Job instance at 0x7f82436a7c80>,125,12,[5 1],126,309,321,183,293
1,<environment.Job instance at 0x7f82436a74b0>,128,3,[10  5],129,321,324,192,295
1,<environment.Job instance at 0x7f828d0c0b90>,92,17,[4 9],93,324,341,231,312
1,<environment.Job instance at 0x7f8243794be0>,137,17,[5 6],138,341,358,203,329
1,<environment.Job instance at 0x7f8243794af0>,139,14,[ 2 10],140,358,372,218,343
1,<environment.Job instance at 0x7f8243794dc0>,144,12,[2 9],145,372,384,227,355
1,<environment.Job instance at 0x7f8243794960>,146,13,[2 7],147,384,397,237,369
1,<environment.Job instance at 0x7f8243794460>,149,12,[7 4],150,397,409,247,382
1,<environment.Job instance at 0x7f82437941e0>,152,14,[5 3],153,409,423,256,394
1,<environment.Job instance at 0x7f82437942d0>,150,18,[5 6],151,409,427,258,400
1,<environment.Job instance at 0x7f828e40de10>,153,13,[10  5],154,427,440,273,415
1,<environment.Job instance at 0x7f82436a7280>,124,18,[ 3 10],125,497,515,372,497
1,<environment.Job instance at 0x7f8242e95730>,2,13,[6 3],3,3,16,0,3
1,<environment.Job instance at 0x7f82436a7f50>,3,3,[8 1],4,16,19,12,5
1,<environment.Job instance at 0x7f828d87bfa0>,4,14,[5 2],5,19,33,14,6
1,<environment.Job instance at 0x7f828de02320>,8,12,[5 3],9,19,31,10,12
1,<environment.Job instance at 0x7f8243641640>,13,14,[5 4],14,31,45,17,27
1,<environment.Job instance at 0x7f828dc6aa00>,19,1,[5 4],20,33,34,13,27
1,<environment.Job instance at 0x7f8242f79c30>,24,3,[ 3 10],25,45,48,20,33
1,<environment.Job instance at 0x7f828d0ae280>,26,2,[9 1],27,48,50,21,34
1,<environment.Job instance at 0x7f8242f79140>,23,16,[1 9],24,48,64,24,41
1,<environment.Job instance at 0x7f828d93caa0>,29,18,[5 2],30,64,82,34,53
1,<environment.Job instance at 0x7f82434fbc30>,35,14,[9 4],36,82,96,46,68
1,<environment.Job instance at 0x7f828ddf6870>,36,12,[7 2],37,96,108,59,79
1,<environment.Job instance at 0x7f828ddf64b0>,41,18,[1 7],42,96,114,54,86
1,<environment.Job instance at 0x7f8242ed0d20>,30,17,[8 2],31,108,125,77,100
1,<environment.Job instance at 0x7f828d46d960>,61,1,[ 5 10],62,125,126,63,112
1,<environment.Job instance at 0x7f828d93caf0>,27,15,[10  5],28,126,141,98,113
1,<environment.Job instance at 0x7f828d46d640>,63,3,[4 6],64,141,144,77,115
1,<environment.Job instance at 0x7f828d46df50>,65,12,[10  4],66,144,156,78,127
1,<environment.Job instance at 0x7f828d46de60>,69,12,[3 8],70,156,168,86,141
1,<environment.Job instance at 0x7f8243065dc0>,73,2,[1 5],74,168,170,94,148
1,<environment.Job instance at 0x7f8243065730>,74,18,[3 8],75,170,188,95,159
1,<environment.Job instance at 0x7f828d24d460>,81,15,[3 5],82,188,203,106,177
1,<environment.Job instance at 0x7f8243643780>,87,13,[5 6],88,203,216,115,190
1,<environment.Job instance at 0x7f8243635190>,91,14,[4 6],92,216,230,124,215
1,<environment.Job instance at 0x7f8243116b40>,94,3,[7 2],95,230,233,135,215
1,<environment.Job instance at 0x7f8243116640>,97,16,[6 3],98,233,249,135,220
1,<environment.Job instance at 0x7f828ddf1910>,101,14,[8 5],102,249,263,147,237
1,<environment.Job instance at 0x7f828d802d20>,103,13,[7 2],104,263,276,159,251
1,<environment.Job instance at 0x7f828d802fa0>,106,3,[10  1],107,276,279,169,251
1,<environment.Job instance at 0x7f8243712780>,112,2,[1 7],113,282,284,169,282
1,<environment.Job instance at 0x7f828d1de190>,113,13,[1 7],114,284,297,170,283
1,<environment.Job instance at 0x7f824314f3c0>,119,17,[8 2],120,339,356,219,339
1,<environment.Job instance at 0x7f82430a9370>,122,16,[5 5],123,356,372,233,344
1,<environment.Job instance at 0x7f82430a9f00>,125,17,[10  2],126,381,398,255,381
1,<environment.Job instance at 0x7f82430a9d20>,127,12,[5 6],128,398,410,270,384
1,<environment.Job instance at 0x7f82430a91e0>,133,2,[ 4 10],134,634,636,500,634
1,<environment.Job instance at 0x7f828cee9780>,7,3,[6 5],8,10,13,2,10
1,<environment.Job instance at 0x7f82437ccf50>,8,12,[6 1],9,18,30,9,18
1,<environment.Job instance at 0x7f828d46eaf0>,15,13,[3 7],16,19,32,3,19
1,<environment.Job instance at 0x7f828d58b140>,12,12,[3 6],13,32,44,19,19
1,<environment.Job instance at 0x7f82432757d0>,11,17,[ 3 10],12,70,87,58,70
1,<environment.Job instance at 0x7f828d58be10>,14,17,[4 5],15,91,108,76,91
1,<environment.Job instance at 0x7f828d46e050>,21,13,[ 3 10],22,108,121,86,96
1,<environment.Job instance at 0x7f8242eec0f0>,37,17,[8 2],38,121,138,83,109
1,<environment.Job instance at 0x7f828d5164b0>,43,16,[9 3],44,138,154,94,126
1,<environment.Job instance at 0x7f828d516be0>,46,12,[1 9],47,154,166,107,137
1,<environment.Job instance at 0x7f828d516e60>,54,17,[6 4],55,166,183,111,154
1,<environment.Job instance at 0x7f8242e9d320>,58,13,[8 3],59,183,196,124,167
1,<environment.Job instance at 0x7f8242e9d3c0>,63,1,[4 7],64,196,197,132,168
1,<environment.Job instance at 0x7f8242e9d5f0>,66,18,[5 7],67,197,215,130,186
1,<environment.Job instance at 0x7f8242ef6050>,76,14,[1 8],77,238,252,161,238
1,<environment.Job instance at 0x7f8242ef68c0>,78,13,[9 1],79,239,252,160,239
1,<environment.Job instance at 0x7f8242eec5f0>,36,15,[9 4],37,252,267,215,239
1,<environment.Job instance at 0x7f8242e9db40>,65,16,[ 3 10],66,267,283,201,255
1,<environment.Job instance at 0x7f8242ef6d20>,82,16,[7 5],83,283,299,200,271
1,<environment.Job instance at 0x7f8242ef4dc0>,96,15,[9 2],97,299,314,202,285
1,<environment.Job instance at 0x7f8242ef4a00>,98,17,[7 4],99,314,331,215,308
1,<environment.Job instance at 0x7f8242ef4910>,91,18,[ 5 10],92,331,349,239,324
1,<environment.Job instance at 0x7f828d516410>,45,16,[ 5 10],46,349,365,303,338
1,<environment.Job instance at 0x7f8242eec4b0>,31,17,[ 3 10],32,365,382,333,358
1,<environment.Job instance at 0x7f8242ef4230>,101,14,[ 2 10],102,382,396,280,368
1,<environment.Job instance at 0x7f828d64b460>,141,14,[10  4],142,419,433,277,419
1,<environment.Job instance at 0x7f8242e60b40>,132,17,[4 9],133,433,450,300,424
1,<environment.Job instance at 0x7f8242e57f00>,150,14,[2 7],151,450,464,299,435
1,<environment.Job instance at 0x7f828d5806e0>,153,1,[3 5],154,464,465,310,461
1,<environment.Job instance at 0x7f824332da00>,154,3,[10  1],155,465,468,310,461
1,<environment.Job instance at 0x7f828db40960>,157,15,[3 5],158,468,483,310,461
1,<environment.Job instance at 0x7f828d54c1e0>,2,17,[4 7],3,4,21,1,4
1,<environment.Job instance at 0x7f8242fd7320>,7,12,[3 5],8,21,33,13,8
1,<environment.Job instance at 0x7f828d700d70>,12,14,[5 6],13,33,47,20,20
1,<environment.Job instance at 0x7f828d68b960>,18,1,[2 8],19,51,52,32,51
1,<environment.Job instance at 0x7f828e273280>,29,3,[5 8],30,114,117,84,114
1,<environment.Job instance at 0x7f8242eb3fa0>,34,2,[8 2],35,138,140,103,138
1,<environment.Job instance at 0x7f8242eb3280>,35,14,[7 2],36,140,154,104,138
1,<environment.Job instance at 0x7f8242eb31e0>,36,18,[10  3],37,154,172,117,143
1,<environment.Job instance at 0x7f8243490550>,41,1,[3 6],42,147,148,105,147
1,<environment.Job instance at 0x7f824368e2d0>,42,17,[1 9],43,172,189,129,160
1,<environment.Job instance at 0x7f824368ee10>,46,16,[9 3],47,189,205,142,178
1,<environment.Job instance at 0x7f824368edc0>,49,15,[1 5],50,189,204,139,187
1,<environment.Job instance at 0x7f824368e190>,50,12,[1 6],51,204,216,153,187
1,<environment.Job instance at 0x7f828d06f5f0>,55,19,[3 8],56,216,235,160,213
1,<environment.Job instance at 0x7f828d06fc30>,56,14,[5 3],57,235,249,178,220
1,<environment.Job instance at 0x7f828d07c5a0>,64,14,[1 9],65,260,274,195,260
1,<environment.Job instance at 0x7f828d067050>,66,3,[5 5],67,274,277,207,261
1,<environment.Job instance at 0x7f828d067eb0>,69,14,[8 4],70,277,291,207,275
1,<environment.Job instance at 0x7f828d067910>,72,12,[ 3 10],73,291,303,218,288
1,<environment.Job instance at 0x7f828d0670f0>,73,16,[7 2],74,303,319,229,290
1,<environment.Job instance at 0x7f8243780960>,84,17,[5 9],85,319,336,234,316
1,<environment.Job instance at 0x7f828d084d20>,87,14,[1 9],88,342,356,254,342
1,<environment.Job instance at 0x7f828d083870>,91,17,[ 5 10],92,356,373,264,345
1,<environment.Job instance at 0x7f82437610a0>,96,14,[2 7],97,373,387,276,361
1,<environment.Job instance at 0x7f828d85aeb0>,0,2,[7 1],1,1,3,0,1
1,<environment.Job instance at 0x7f82431e13c0>,2,1,[ 1 10],3,4,5,1,4
1,<environment.Job instance at 0x7f8242eec820>,9,3,[3 5],10,10,13,0,10
1,<environment.Job instance at 0x7f8242eec050>,13,14,[8 4],14,14,28,0,14
1,<environment.Job instance at 0x7f82436a7140>,17,18,[3 5],18,28,46,10,21
1,<environment.Job instance at 0x7f828d1fa500>,20,3,[2 6],21,46,49,25,34
1,<environment.Job instance at 0x7f828d1fa5f0>,21,18,[1 8],22,49,67,27,43
1,<environment.Job instance at 0x7f828d1fa690>,23,17,[6 4],24,67,84,43,55
1,<environment.Job instance at 0x7f828ceb7550>,27,17,[4 8],28,84,101,56,74
1,<environment.Job instance at 0x7f8243113460>,35,18,[7 3],36,101,119,65,91
1,<environment.Job instance at 0x7f828d871c80>,39,18,[3 7],40,101,119,61,93
1,<environment.Job instance at 0x7f828d8710f0>,43,2,[5 4],44,119,121,75,103
1,<environment.Job instance at 0x7f828d871aa0>,44,1,[10  5],45,121,122,76,103
1,<environment.Job instance at 0x7f828d8716e0>,45,18,[6 3],46,122,140,76,113
1,<environment.Job instance at 0x7f828d871370>,50,13,[1 6],51,122,135,71,118
1,<environment.Job instance at 0x7f82433c54b0>,56,13,[9 3],57,140,153,83,129
1,<environment.Job instance at 0x7f828d8719b0>,48,18,[5 8],49,153,171,104,143
1,<environment.Job instance at 0x7f828d025a00>,73,15,[7 4],74,210,225,136,210
1,<environment.Job instance at 0x7f82434560a0>,74,14,[3 5],75,210,224,135,210
1,<environment.Job instance at 0x7f82434564b0>,75,18,[1 8],76,225,243,149,215
1,<environment.Job instance at 0x7f828dcf0dc0>,80,15,[10  1],81,243,258,162,233
1,<environment.Job instance at 0x7f82437ccb90>,85,17,[9 3],86,265,282,179,265
1,<environment.Job instance at 0x7f8242f01820>,1,2,[8 5],2,4,6,2,4
1,<environment.Job instance at 0x7f8243065af0>,5,13,[7 1],6,6,19,0,6
1,<environment.Job instance at 0x7f8243065320>,6,14,[ 4 10],7,19,33,12,8
1,<environment.Job instance at 0x7f8242eafaa0>,12,16,[2 9],13,33,49,20,22
1,<environment.Job instance at 0x7f8242eaf870>,22,2,[3 7],23,49,51,26,43
1,<environment.Job instance at 0x7f8242eaf5a0>,24,13,[5 6],25,51,64,26,43
1,<environment.Job instance at 0x7f8242eaf3c0>,26,2,[6 3],27,49,51,22,44
1,<environment.Job instance at 0x7f828d0bc1e0>,27,12,[5 6],28,64,76,36,48
1,<environment.Job instance at 0x7f828d5ffc30>,30,14,[1 8],31,76,90,45,62
1,<environment.Job instance at 0x7f828d5ff190>,32,13,[8 3],33,90,103,57,74
1,<environment.Job instance at 0x7f828d5ffe60>,35,14,[6 2],36,103,117,67,90
1,<environment.Job instance at 0x7f828d5ff550>,36,18,[2 5],37,90,108,53,90
1,<environment.Job instance at 0x7f828d32ba00>,44,14,[10  2],45,117,131,72,103
1,<environment.Job instance at 0x7f828d32b230>,48,13,[4 6],49,131,144,82,119
1,<environment.Job instance at 0x7f828d32bf50>,49,3,[7 3],50,144,147,94,119
1,<environment.Job instance at 0x7f828d32b9b0>,53,14,[8 5],54,147,161,93,132
1,<environment.Job instance at 0x7f828d32b7d0>,51,18,[1 6],52,161,179,109,150
1,<environment.Job instance at 0x7f82432f3be0>,59,18,[5 6],60,179,197,119,168
1,<environment.Job instance at 0x7f82432f3d70>,67,2,[9 2],68,197,199,129,187
1,<environment.Job instance at 0x7f82432f3a00>,61,15,[2 9],62,199,214,137,187
1,<environment.Job instance at 0x7f82432f3cd0>,68,16,[10  1],69,214,230,145,203
1,<environment.Job instance at 0x7f828cf2c140>,76,15,[5 2],77,230,245,153,217
1,<environment.Job instance at 0x7f82432f3910>,75,18,[4 6],76,230,248,154,219
1,<environment.Job instance at 0x7f828db59230>,84,2,[3 8],85,248,250,163,222
1,<environment.Job instance at 0x7f828cf2c320>,81,3,[10  2],82,250,253,168,224
1,<environment.Job instance at 0x7f828d82aa50>,90,18,[2 5],91,253,271,162,243
1,<environment.Job instance at 0x7f828d82af00>,92,16,[5 1],93,256,272,163,256
1,<environment.Job instance at 0x7f828d82a730>,93,18,[7 3],94,272,290,178,264
1,<environment.Job instance at 0x7f828d82a820>,95,14,[2 6],96,271,285,175,264
1,<environment.Job instance at 0x7f828d82a960>,96,18,[3 5],97,285,303,188,274
1,<environment.Job instance at 0x7f828d82a9b0>,100,3,[5 2],101,290,293,189,275
1,<environment.Job instance at 0x7f828d8a6820>,105,14,[7 3],106,293,307,187,287
1,<environment.Job instance at 0x7f828d8a6460>,106,15,[9 1],107,307,322,200,296
1,<environment.Job instance at 0x7f824381b0f0>,109,15,[1 7],110,303,318,193,301
1,<environment.Job instance at 0x7f828db591e0>,85,17,[5 8],86,322,339,236,310
1,<environment.Job instance at 0x7f824381baa0>,113,17,[4 5],114,339,356,225,334
1,<environment.Job instance at 0x7f828d541870>,120,13,[10  2],121,356,369,235,343
1,<environment.Job instance at 0x7f828d541cd0>,123,16,[5 3],124,369,385,245,365
1,<environment.Job instance at 0x7f828d7de140>,126,17,[ 5 10],127,385,402,258,375
1,<environment.Job instance at 0x7f828d7de8c0>,128,17,[1 7],129,402,419,273,391
1,<environment.Job instance at 0x7f828d880500>,140,18,[7 3],141,402,420,261,399
1,<environment.Job instance at 0x7f8242f64f00>,142,14,[6 4],143,420,434,277,406
1,<environment.Job instance at 0x7f828d880dc0>,146,13,[7 1],147,434,447,287,418
1,<environment.Job instance at 0x7f828d880230>,148,12,[2 6],149,434,446,285,434
1,<environment.Job instance at 0x7f828cf46e10>,151,15,[5 6],152,447,462,295,437
1,<environment.Job instance at 0x7f828dbd9b90>,154,12,[10  5],155,462,474,307,445
1,<environment.Job instance at 0x7f8242f01a50>,2,3,[ 4 10],3,3,6,0,3
1,<environment.Job instance at 0x7f828d32b8c0>,1,3,[5 4],2,6,9,4,3
1,<environment.Job instance at 0x7f828d28d9b0>,3,12,[3 7],4,9,21,5,6
1,<environment.Job instance at 0x7f828d65d190>,6,13,[9 2],7,21,34,14,13
1,<environment.Job instance at 0x7f828d607f00>,16,15,[7 1],17,34,49,17,20
1,<environment.Job instance at 0x7f828d580b90>,22,15,[4 5],23,49,64,26,37
1,<environment.Job instance at 0x7f828d62fe60>,27,14,[5 1],28,50,64,22,50
1,<environment.Job instance at 0x7f828d62feb0>,32,16,[ 5 10],33,68,84,35,68
1,<environment.Job instance at 0x7f828d62f230>,34,3,[5 3],35,84,87,49,68
1,<environment.Job instance at 0x7f828d62f6e0>,36,13,[ 1 10],37,87,100,50,72
1,<environment.Job instance at 0x7f828d62f910>,31,16,[1 8],32,100,116,68,90
1,<environment.Job instance at 0x7f8a0a5c30f0>,4,18,[10  4],5,6,24,1,6
1,<environment.Job instance at 0x7f8a071b35f0>,7,14,[5 1],8,24,38,16,9
1,<environment.Job instance at 0x7f8a071b3870>,9,17,[ 4 10],10,38,55,28,27
1,<environment.Job instance at 0x7f8a071b3af0>,16,12,[1 8],17,55,67,38,46
1,<environment.Job instance at 0x7f8a071b3cd0>,18,16,[8 5],19,67,83,48,55
1,<environment.Job instance at 0x7f8a071b3fa0>,23,18,[5 2],24,83,101,59,76
1,<environment.Job instance at 0x7f8a071b4690>,29,13,[1 6],30,83,96,53,79
1,<environment.Job instance at 0x7f8a071b4280>,31,17,[4 9],32,102,119,70,102
1,<environment.Job instance at 0x7f8a071b4960>,35,16,[8 1],36,119,135,83,108
1,<environment.Job instance at 0x7f8a071b4aa0>,38,12,[3 6],39,135,147,96,122
1,<environment.Job instance at 0x7f8a071b4c80>,41,14,[6 1],42,135,149,93,128
1,<environment.Job instance at 0x7f8a071b4d20>,42,14,[8 4],43,149,163,106,137
1,<environment.Job instance at 0x7f8a071b9050>,45,16,[6 2],46,163,179,117,151
1,<environment.Job instance at 0x7f8a071ced70>,8,14,[4 7],9,9,23,0,9
1,<environment.Job instance at 0x7f8a071cef00>,11,1,[5 1],12,25,26,13,25
1,<environment.Job instance at 0x7f8a071cefa0>,14,12,[5 7],15,25,37,10,25
1,<environment.Job instance at 0x7f8a071d1690>,18,14,[8 5],19,37,51,18,25
1,<environment.Job instance at 0x7f8a071d1cd0>,23,3,[5 4],24,51,54,27,36
1,<environment.Job instance at 0x7f8a071d1960>,20,18,[5 1],21,51,69,30,40
1,<environment.Job instance at 0x7f8a071d6550>,28,2,[ 3 10],29,69,71,40,49
1,<environment.Job instance at 0x7f8a071cedc0>,15,17,[10  5],16,77,94,61,77
1,<environment.Job instance at 0x7f8a07157730>,36,13,[5 1],37,94,107,57,80
1,<environment.Job instance at 0x7f8a071d1550>,19,17,[9 2],20,107,124,87,96
1,<environment.Job instance at 0x7f89bf404a50>,40,17,[2 9],41,124,141,83,120
1,<environment.Job instance at 0x7f89bf5af190>,46,16,[7 2],47,141,157,94,128
1,<environment.Job instance at 0x7f89bf5af870>,47,18,[ 1 10],48,157,175,109,149
1,<environment.Job instance at 0x7f89bf5b76e0>,55,17,[3 5],56,175,192,119,163
1,<environment.Job instance at 0x7f89bf5b7460>,56,15,[ 5 10],57,192,207,135,181
1,<environment.Job instance at 0x7f89bf539af0>,62,16,[8 5],63,207,223,144,194
1,<environment.Job instance at 0x7f89bf539640>,64,14,[8 5],65,223,237,158,211
1,<environment.Job instance at 0x7f89bf53c3c0>,71,16,[7 4],72,237,253,165,228
1,<environment.Job instance at 0x7f89bf53ce60>,73,18,[1 6],74,237,255,163,231
1,<environment.Job instance at 0x7f89bf539e10>,69,16,[9 4],70,253,269,183,243
1,<environment.Job instance at 0x7f89bf53cdc0>,77,16,[2 8],78,269,285,191,258
1,<environment.Job instance at 0x7f89bf53d500>,83,14,[3 5],84,285,299,201,272
1,<environment.Job instance at 0x7f8a07159050>,42,17,[10  4],43,299,316,256,288
1,<environment.Job instance at 0x7f89bf5b1280>,89,12,[1 8],90,316,328,226,299
1,<environment.Job instance at 0x7f89bf61ef50>,99,1,[8 5],100,353,354,253,353
1,<environment.Job instance at 0x7f8a071d1e60>,1,15,[3 5],2,4,19,2,4
1,<environment.Job instance at 0x7f89bf3fee60>,4,12,[3 5],5,5,17,0,5
1,<environment.Job instance at 0x7f8a071ce550>,5,17,[6 3],6,17,34,11,7
1,<environment.Job instance at 0x7f8a071cde10>,7,2,[5 9],8,34,36,26,8
1,<environment.Job instance at 0x7f8a0a732f00>,14,12,[2 9],15,36,48,21,19
1,<environment.Job instance at 0x7f89bf3faaa0>,22,2,[1 5],23,48,50,25,37
1,<environment.Job instance at 0x7f8a0a72ea00>,25,12,[2 5],26,48,60,22,39
1,<environment.Job instance at 0x7f89bf3faf50>,23,12,[8 5],24,50,62,26,43
1,<environment.Job instance at 0x7f89bf3fab90>,17,16,[ 3 10],18,62,78,44,49
1,<environment.Job instance at 0x7f8a0762dc30>,30,17,[7 1],31,78,95,47,66
1,<environment.Job instance at 0x7f89bf45faf0>,40,18,[4 8],41,95,113,54,89
1,<environment.Job instance at 0x7f8a06f78280>,36,15,[4 9],37,113,128,76,100
1,<environment.Job instance at 0x7f89bf496190>,50,12,[1 5],51,128,140,77,115
1,<environment.Job instance at 0x7f89bf46d780>,52,17,[9 1],53,128,145,75,121
1,<environment.Job instance at 0x7f89bf3fa280>,16,15,[10  5],17,145,160,128,134
1,<environment.Job instance at 0x7f89bf46b9b0>,61,3,[3 7],62,160,163,98,140
1,<environment.Job instance at 0x7f89bf46b050>,62,17,[4 6],63,163,180,100,151
1,<environment.Job instance at 0x7f8a07003e60>,65,12,[4 7],66,180,192,114,166
1,<environment.Job instance at 0x7f8a06f75460>,67,13,[4 6],68,192,205,124,177
1,<environment.Job instance at 0x7f8a0a5ea960>,73,16,[3 5],74,205,221,131,192
1,<environment.Job instance at 0x7f89bf475f50>,78,13,[8 2],79,221,234,142,205
1,<environment.Job instance at 0x7f8a0762d2d0>,29,18,[ 2 10],30,250,268,220,250
1,<environment.Job instance at 0x7f8a076d9f50>,85,16,[10  5],86,268,284,182,267
1,<environment.Job instance at 0x7f8a06f2e6e0>,87,14,[9 1],88,284,298,196,275
1,<environment.Job instance at 0x7f8a06f335f0>,95,15,[5 7],96,298,313,202,289
1,<environment.Job instance at 0x7f89bf8101e0>,0,3,[7 3],1,1,4,0,1
1,<environment.Job instance at 0x7f89bf810cd0>,2,12,[3 8],3,5,17,2,5
1,<environment.Job instance at 0x7f89bfaed4b0>,5,16,[4 5],6,17,33,11,6
1,<environment.Job instance at 0x7f89bf79cc30>,10,18,[4 6],11,33,51,22,28
1,<environment.Job instance at 0x7f8a07337d20>,17,18,[1 7],18,51,69,33,41
1,<environment.Job instance at 0x7f89bf80d4b0>,24,1,[5 7],25,72,73,47,72
1,<environment.Job instance at 0x7f89bfa6e050>,14,15,[5 7],15,73,88,58,72
1,<environment.Job instance at 0x7f8a07283a00>,29,12,[9 1],30,88,100,58,77
1,<environment.Job instance at 0x7f8a072288c0>,30,14,[8 4],31,100,114,69,85
1,<environment.Job instance at 0x7f89bf79c5a0>,9,17,[ 5 10],10,114,131,104,104
1,<environment.Job instance at 0x7f89bfaed1e0>,1,12,[5 6],2,2,14,0,2
1,<environment.Job instance at 0x7f8a07333d70>,2,3,[1 9],3,14,17,11,3
1,<environment.Job instance at 0x7f89bf833e10>,3,13,[5 1],4,4,17,0,4
1,<environment.Job instance at 0x7f8a073c3af0>,6,12,[1 5],7,17,29,10,9
1,<environment.Job instance at 0x7f89bf833280>,0,14,[1 8],1,29,43,28,21
1,<environment.Job instance at 0x7f8a07c7eeb0>,8,14,[9 1],9,24,38,15,24
1,<environment.Job instance at 0x7f8a07238be0>,23,16,[5 3],24,43,59,19,31
1,<environment.Job instance at 0x7f8a072383c0>,24,17,[5 1],25,38,55,13,34
1,<environment.Job instance at 0x7f8a07238b90>,27,12,[7 2],28,59,71,31,50
1,<environment.Job instance at 0x7f8a07321320>,29,12,[4 6],30,71,83,41,55
1,<environment.Job instance at 0x7f8a07321780>,30,13,[5 3],31,71,84,40,55
1,<environment.Job instance at 0x7f8a072380a0>,25,15,[ 1 10],26,84,99,58,71
1,<environment.Job instance at 0x7f8a073215f0>,37,15,[4 6],38,99,114,61,85
1,<environment.Job instance at 0x7f8a07321050>,42,2,[8 4],43,114,116,71,87
1,<environment.Job instance at 0x7f8a073212d0>,44,16,[4 5],45,116,132,71,114
1,<environment.Job instance at 0x7f89bf8ff190>,0,14,[1 5],1,4,18,3,4
1,<environment.Job instance at 0x7f8a073212d0>,4,13,[2 6],5,18,31,13,5
1,<environment.Job instance at 0x7f89bf7f5050>,6,18,[7 4],7,7,25,0,7
1,<environment.Job instance at 0x7f89bf7f5550>,11,13,[6 3],12,25,38,13,14
1,<environment.Job instance at 0x7f8a07321b40>,8,14,[1 7],9,31,45,22,22
1,<environment.Job instance at 0x7f8a07ede960>,16,3,[ 5 10],17,45,48,28,25
1,<environment.Job instance at 0x7f8a07ede9b0>,18,15,[7 3],19,48,63,29,37
1,<environment.Job instance at 0x7f89bf3feeb0>,20,14,[10  1],21,63,77,42,54
1,<environment.Job instance at 0x7f89bf3fefa0>,22,3,[7 1],23,77,80,54,54
1,<environment.Job instance at 0x7f89bf3feb90>,24,18,[5 6],25,80,98,55,72
1,<environment.Job instance at 0x7f89bf3fe370>,27,13,[4 5],28,98,111,70,89
1,<environment.Job instance at 0x7f89bf3fe550>,28,12,[ 4 10],29,111,123,82,94
1,<environment.Job instance at 0x7f8a07bcf820>,33,2,[3 5],34,105,107,71,105
1,<environment.Job instance at 0x7f8a07bcf960>,34,14,[6 4],35,123,137,88,108
1,<environment.Job instance at 0x7f8a07bcf690>,39,12,[9 4],40,137,149,97,125
1,<environment.Job instance at 0x7f8a07bcf870>,35,18,[ 5 10],36,149,167,113,139
1,<environment.Job instance at 0x7f8a07104b90>,59,3,[8 2],60,167,170,107,160
1,<environment.Job instance at 0x7f89bf807eb0>,68,16,[4 8],69,205,221,136,205
1,<environment.Job instance at 0x7f89bf807f00>,72,12,[6 1],73,206,218,133,206
1,<environment.Job instance at 0x7f8a07e48c30>,51,18,[10  5],52,221,239,169,212
1,<environment.Job instance at 0x7f8a07261e60>,77,16,[1 7],78,239,255,161,229
1,<environment.Job instance at 0x7f8a072616e0>,82,1,[5 1],83,248,249,165,248
1,<environment.Job instance at 0x7f8a070035f0>,84,13,[8 2],85,260,273,175,260
1,<environment.Job instance at 0x7f8a07003f00>,85,1,[6 4],86,273,274,187,260
1,<environment.Job instance at 0x7f8a07003d70>,86,3,[6 1],87,274,277,187,260
1,<environment.Job instance at 0x7f8a07003460>,87,1,[5 1],88,277,278,189,260
1,<environment.Job instance at 0x7f8a07003190>,88,13,[2 5],89,260,273,171,260
1,<environment.Job instance at 0x7f89bfab5730>,89,1,[8 1],90,278,279,188,260
1,<environment.Job instance at 0x7f89bf79c6e0>,91,12,[3 7],92,279,291,187,262
1,<environment.Job instance at 0x7f89bf80b410>,1,15,[5 4],2,3,18,1,3
1,<environment.Job instance at 0x7f8a0729f550>,9,14,[5 4],10,23,37,13,23
1,<environment.Job instance at 0x7f8a07aba8c0>,12,16,[9 4],13,37,53,24,24
1,<environment.Job instance at 0x7f8a0a349690>,3,17,[5 9],4,53,70,49,53
1,<environment.Job instance at 0x7f8a070b9280>,24,18,[5 5],25,70,88,45,59
1,<environment.Job instance at 0x7f8a07598960>,26,17,[2 6],27,88,105,61,84
1,<environment.Job instance at 0x7f8a07b12820>,32,15,[8 4],33,91,106,58,91
1,<environment.Job instance at 0x7f8a077d4230>,34,15,[5 6],35,106,121,71,92
1,<environment.Job instance at 0x7f8a07aead70>,38,12,[9 3],39,121,133,82,111
1,<environment.Job instance at 0x7f89bf61e5a0>,44,12,[9 1],45,133,145,88,122
1,<environment.Job instance at 0x7f8a07a35b40>,45,15,[3 9],46,145,160,99,132
1,<environment.Job instance at 0x7f8a0716cb40>,49,18,[7 5],50,160,178,110,151
1,<environment.Job instance at 0x7f8a0716caa0>,51,14,[5 8],52,178,192,126,164
1,<environment.Job instance at 0x7f8a0716c140>,50,17,[10  1],51,192,209,141,180
1,<environment.Job instance at 0x7f8a0721ce10>,59,15,[10  2],60,209,224,149,195
1,<environment.Job instance at 0x7f8a0721cc80>,64,16,[7 4],65,224,240,159,215
1,<environment.Job instance at 0x7f8a0721caf0>,54,17,[7 2],55,240,257,185,229
1,<environment.Job instance at 0x7f8a074c9fa0>,68,17,[9 5],69,257,274,188,249
1,<environment.Job instance at 0x7f8a078bb140>,73,17,[9 1],74,274,291,200,262
1,<environment.Job instance at 0x7f8a07e562d0>,80,15,[5 5],81,291,306,210,277
1,<environment.Job instance at 0x7f8a07cde190>,84,15,[10  2],85,306,321,221,292
1,<environment.Job instance at 0x7f89bfae6eb0>,94,12,[9 1],95,321,333,226,317
1,<environment.Job instance at 0x7f8a07007e10>,71,18,[4 7],72,333,351,261,322
1,<environment.Job instance at 0x7f8a070b65a0>,101,16,[3 9],102,351,367,249,338
1,<environment.Job instance at 0x7f8a070b6d70>,105,17,[10  3],106,367,384,261,355
1,<environment.Job instance at 0x7f8a070b66e0>,112,14,[ 4 10],113,384,398,271,374
1,<environment.Job instance at 0x7f8a0712f780>,115,16,[7 3],116,398,414,282,386
1,<environment.Job instance at 0x7f8a070b6b90>,108,14,[6 4],109,414,428,305,405
1,<environment.Job instance at 0x7f8a0712f910>,121,15,[8 4],122,428,443,306,416
1,<environment.Job instance at 0x7f8a075a2dc0>,130,13,[4 6],131,443,456,312,431
1,<environment.Job instance at 0x7f8a075a2fa0>,133,18,[4 6],134,456,474,322,453
1,<environment.Job instance at 0x7f8a0712f9b0>,123,16,[2 6],124,474,490,350,463
1,<environment.Job instance at 0x7f8a0726b280>,142,18,[7 4],143,486,504,343,486
1,<environment.Job instance at 0x7f8a0726b140>,143,14,[ 2 10],144,504,518,360,489
1,<environment.Job instance at 0x7f8a0726be60>,152,14,[ 2 10],153,518,532,365,508
1,<environment.Job instance at 0x7f8a0716b460>,153,16,[3 8],154,532,548,378,519
1,<environment.Job instance at 0x7f8a0716b280>,156,13,[5 7],157,548,561,391,533
1,<environment.Job instance at 0x7f8a0716b3c0>,160,18,[9 2],161,561,579,400,550
1,<environment.Job instance at 0x7f8a0716ba00>,167,12,[1 6],168,605,617,437,605
1,<environment.Job instance at 0x7f8a06f7a6e0>,0,12,[4 8],1,2,14,1,2
1,<environment.Job instance at 0x7f8a0716bd70>,2,1,[1 8],3,14,15,11,3
1,<environment.Job instance at 0x7f8a0712d820>,4,2,[3 6],5,21,23,16,21
1,<environment.Job instance at 0x7f89bfa7d960>,10,18,[6 4],11,21,39,10,21
1,<environment.Job instance at 0x7f8a0716c410>,15,16,[7 3],16,39,55,23,26
1,<environment.Job instance at 0x7f8a07b90320>,19,13,[8 2],20,55,68,35,44
1,<environment.Job instance at 0x7f8a070e9f00>,23,3,[ 4 10],24,68,71,44,50
1,<environment.Job instance at 0x7f8a070e9140>,24,3,[10  2],25,71,74,46,54
1,<environment.Job instance at 0x7f89bf663640>,17,13,[10  4],18,74,87,56,59
1,<environment.Job instance at 0x7f8a07b9bc80>,33,3,[6 2],34,87,90,53,71
1,<environment.Job instance at 0x7f8a07b9baa0>,34,1,[7 4],35,90,91,55,71
1,<environment.Job instance at 0x7f8a07b9ba50>,35,3,[9 2],36,91,94,55,71
1,<environment.Job instance at 0x7f8a07b9beb0>,32,14,[7 3],33,94,108,61,79
1,<environment.Job instance at 0x7f8a07baaa00>,39,18,[6 2],40,108,126,68,97
1,<environment.Job instance at 0x7f8a07ccb2d0>,46,16,[9 2],47,126,142,79,119
1,<environment.Job instance at 0x7f89bf75aeb0>,50,2,[5 4],51,142,144,91,119
1,<environment.Job instance at 0x7f89bf7781e0>,53,1,[7 3],54,144,145,90,123
1,<environment.Job instance at 0x7f89bf7780f0>,52,12,[1 9],53,145,157,92,128
1,<environment.Job instance at 0x7f89bf778460>,55,16,[4 9],56,157,173,101,144
1,<environment.Job instance at 0x7f89bf778690>,62,18,[3 8],63,173,191,110,162
1,<environment.Job instance at 0x7f89bf778c30>,66,2,[5 2],67,173,175,106,162
1,<environment.Job instance at 0x7f89bf778a00>,60,17,[ 5 10],61,191,208,130,179
1,<environment.Job instance at 0x7f89bf771410>,75,13,[9 1],76,208,221,132,192
1,<environment.Job instance at 0x7f89bf778d70>,72,18,[3 7],73,221,239,148,210
1,<environment.Job instance at 0x7f89bf771d20>,84,13,[3 6],85,239,252,154,223
1,<environment.Job instance at 0x7f89bf771fa0>,88,16,[10  3],89,252,268,163,240
1,<environment.Job instance at 0x7f89bf775410>,94,17,[2 7],95,268,285,173,265
1,<environment.Job instance at 0x7f89bf775730>,98,17,[6 5],99,290,307,191,290
1,<environment.Job instance at 0x7f89bf775910>,101,12,[2 6],102,307,319,205,293
1,<environment.Job instance at 0x7f89bf7759b0>,102,17,[6 4],103,307,324,204,295
1,<environment.Job instance at 0x7f89bf775e10>,112,18,[2 5],113,371,389,258,371
1,<environment.Job instance at 0x7f89bfa95a50>,5,14,[1 7],6,7,21,1,7
1,<environment.Job instance at 0x7f89bf760320>,6,3,[8 2],7,8,11,1,8
1,<environment.Job instance at 0x7f8a0733d730>,12,18,[10  5],13,21,39,8,17
1,<environment.Job instance at 0x7f8a07e10870>,14,17,[10  5],15,39,56,24,28
1,<environment.Job instance at 0x7f8a079ad5f0>,18,12,[ 1 10],19,56,68,37,39
1,<environment.Job instance at 0x7f8a074400f0>,22,18,[9 1],23,68,86,45,58
1,<environment.Job instance at 0x7f89bf5cc960>,26,13,[1 6],27,70,83,43,70
1,<environment.Job instance at 0x7f8a070605a0>,24,15,[2 7],25,86,101,61,72
1,<environment.Job instance at 0x7f8a07440be0>,29,12,[5 8],30,101,113,71,88
1,<environment.Job instance at 0x7f8a072e3460>,40,13,[5 8],41,113,126,72,103
1,<environment.Job instance at 0x7f89bf53c640>,42,3,[2 8],43,126,129,83,111
1,<environment.Job instance at 0x7f89bf818370>,1,12,[8 1],2,2,14,0,2
1,<environment.Job instance at 0x7f8a077c45a0>,4,19,[ 5 10],5,14,33,9,5
1,<environment.Job instance at 0x7f8a071764b0>,11,1,[2 7],12,12,13,0,12
1,<environment.Job instance at 0x7f8a07176320>,12,1,[1 8],13,13,14,0,13
1,<environment.Job instance at 0x7f89bf818be0>,0,15,[8 4],1,33,48,32,19
1,<environment.Job instance at 0x7f8a07176820>,17,12,[6 5],18,48,60,30,37
1,<environment.Job instance at 0x7f8a0790b780>,18,3,[1 7],19,60,63,41,37
1,<environment.Job instance at 0x7f89bf6d9230>,21,12,[5 3],22,60,72,38,44
1,<environment.Job instance at 0x7f8a077b7640>,31,15,[3 7],32,63,78,31,59
1,<environment.Job instance at 0x7f8a073c3370>,33,14,[6 2],34,72,86,38,62
1,<environment.Job instance at 0x7f89bf564e10>,38,12,[6 4],39,86,98,47,70
1,<environment.Job instance at 0x7f8a07176f50>,16,13,[ 2 10],17,98,111,81,86
1,<environment.Job instance at 0x7f8a07e37a00>,46,13,[6 4],47,111,124,64,104
1,<environment.Job instance at 0x7f8a07e37730>,50,2,[5 4],51,124,126,73,110
1,<environment.Job instance at 0x7f8a075b1b90>,58,3,[6 2],59,126,129,67,118
1,<environment.Job instance at 0x7f8a075ad4b0>,60,12,[2 5],61,122,134,61,122
1,<environment.Job instance at 0x7f8a075ad0a0>,61,17,[7 4],62,129,146,67,122
1,<environment.Job instance at 0x7f8a07895960>,43,15,[ 2 10],44,146,161,102,133
1,<environment.Job instance at 0x7f8a0714c7d0>,66,16,[3 8],67,161,177,94,149
1,<environment.Job instance at 0x7f8a07ce2f50>,72,17,[5 7],73,177,194,104,165
1,<environment.Job instance at 0x7f8a075b14b0>,63,14,[ 5 10],64,194,208,130,184
1,<environment.Job instance at 0x7f8a06f94eb0>,80,18,[9 3],81,208,226,127,197
1,<environment.Job instance at 0x7f8a07ce40a0>,88,16,[8 4],89,226,242,137,214
1,<environment.Job instance at 0x7f89bf5395a0>,81,17,[9 4],82,242,259,160,230
1,<environment.Job instance at 0x7f8a06f5e4b0>,96,15,[4 6],97,259,274,162,246
1,<environment.Job instance at 0x7f8a06f5ea50>,97,13,[7 1],98,274,287,176,259
1,<environment.Job instance at 0x7f8a06f5e0f0>,100,12,[3 8],101,274,286,173,260
1,<environment.Job instance at 0x7f8a070a4550>,105,16,[3 5],106,286,302,180,273
1,<environment.Job instance at 0x7f8a070a4d70>,106,14,[6 2],107,287,301,180,273
1,<environment.Job instance at 0x7f89bfa78820>,114,18,[4 8],115,303,321,188,303
1,<environment.Job instance at 0x7f89bfa78050>,117,15,[6 1],118,305,320,187,305
1,<environment.Job instance at 0x7f89bfa782d0>,118,15,[10  2],119,321,336,202,311
1,<environment.Job instance at 0x7f8a07a6a0a0>,130,13,[5 8],131,338,351,207,338
1,<environment.Job instance at 0x7f8a07a6a320>,131,16,[5 2],132,338,354,206,338
1,<environment.Job instance at 0x7f8a07a6abe0>,134,12,[7 5],135,354,366,219,341
1,<environment.Job instance at 0x7f8a07a6adc0>,135,14,[7 5],136,366,380,230,351
1,<environment.Job instance at 0x7f8a07a6a410>,140,15,[10  5],141,380,395,239,367
1,<environment.Job instance at 0x7f8a0729cfa0>,143,12,[8 2],144,395,407,251,380
1,<environment.Job instance at 0x7f8a077b6730>,2,14,[3 7],3,3,17,0,3
1,<environment.Job instance at 0x7f8a077b64b0>,0,12,[9 4],1,17,29,16,5
1,<environment.Job instance at 0x7f8a0761b2d0>,13,13,[6 5],14,29,42,15,20
1,<environment.Job instance at 0x7f8a074e3cd0>,3,16,[ 5 10],4,42,58,38,31
1,<environment.Job instance at 0x7f8a0702c7d0>,18,12,[6 3],19,58,70,39,43
1,<environment.Job instance at 0x7f8a07a57a50>,23,16,[9 5],24,70,86,46,57
1,<environment.Job instance at 0x7f8a07c5b870>,30,14,[6 1],31,86,100,55,71
1,<environment.Job instance at 0x7f8a075bcaf0>,33,15,[2 7],34,86,101,52,76
1,<environment.Job instance at 0x7f8a075bce10>,37,3,[6 1],38,100,103,62,85
1,<environment.Job instance at 0x7f8a075bc0f0>,38,12,[ 1 10],39,103,115,64,87
1,<environment.Job instance at 0x7f8a07ce2870>,42,12,[7 3],43,115,127,72,100
1,<environment.Job instance at 0x7f8a074b93c0>,17,18,[ 1 10],18,127,145,109,119
1,<environment.Job instance at 0x7f8a079349b0>,46,18,[7 3],47,145,163,98,136
1,<environment.Job instance at 0x7f8a07934460>,53,15,[1 5],54,150,165,96,150
1,<environment.Job instance at 0x7f8a07934af0>,54,2,[5 2],55,163,165,108,150
1,<environment.Job instance at 0x7f8a076b0e10>,58,13,[8 5],59,165,178,106,151
1,<environment.Job instance at 0x7f8a06f790f0>,60,3,[7 3],61,178,181,117,164
1,<environment.Job instance at 0x7f8a07934aa0>,51,18,[3 9],52,181,199,129,171
1,<environment.Job instance at 0x7f8a06f79690>,66,12,[6 2],67,199,211,132,186
1,<environment.Job instance at 0x7f8a06f79730>,67,15,[1 8],68,199,214,131,192
1,<environment.Job instance at 0x7f8a07934190>,50,16,[ 2 10],51,214,230,163,202
1,<environment.Job instance at 0x7f8a06f79d70>,76,14,[9 2],77,239,253,162,239
1,<environment.Job instance at 0x7f8a06f79b90>,80,13,[3 7],81,253,266,172,240
1,<environment.Job instance at 0x7f8a06f924b0>,85,17,[9 3],86,287,304,201,287
1,<environment.Job instance at 0x7f8a06f92820>,91,13,[7 4],92,310,323,218,310
1,<environment.Job instance at 0x7f8a06f92a00>,94,2,[3 8],95,323,325,228,310
1,<environment.Job instance at 0x7f8a06f92410>,96,14,[8 3],97,325,339,228,313
1,<environment.Job instance at 0x7f8a06f785f0>,3,14,[6 4],4,6,20,2,6
1,<environment.Job instance at 0x7f89bf4fe3c0>,10,12,[4 5],11,12,24,1,12
1,<environment.Job instance at 0x7f89bfa780a0>,6,16,[1 7],7,24,40,17,12
1,<environment.Job instance at 0x7f8a071605f0>,0,13,[6 3],1,25,38,24,25
1,<environment.Job instance at 0x7f89bfa4e280>,25,1,[3 5],26,40,41,14,31
1,<environment.Job instance at 0x7f89bfa4ebe0>,26,3,[8 4],27,41,44,14,31
1,<environment.Job instance at 0x7f8a0707b320>,13,15,[2 8],14,44,59,30,31
1,<environment.Job instance at 0x7f89bfa62b40>,28,3,[7 1],29,38,41,9,36
1,<environment.Job instance at 0x7f89bfa62b90>,27,16,[1 7],28,59,75,31,47
1,<environment.Job instance at 0x7f8a0a738280>,32,14,[10  5],33,75,89,42,62
1,<environment.Job instance at 0x7f89bfa62c80>,30,16,[5 9],31,89,105,58,85
1,<environment.Job instance at 0x7f89bfa0e820>,39,12,[10  1],40,105,117,65,88
1,<environment.Job instance at 0x7f89bfa0e500>,41,3,[9 2],42,117,120,75,91
1,<environment.Job instance at 0x7f8a07ad3e60>,43,15,[5 3],44,120,135,76,106
1,<environment.Job instance at 0x7f89bf9c2500>,52,15,[9 5],53,135,150,82,124
1,<environment.Job instance at 0x7f8a074f8960>,57,18,[5 3],58,150,168,92,141
1,<environment.Job instance at 0x7f89bf66fcd0>,64,13,[8 1],65,168,181,103,155
1,<environment.Job instance at 0x7f89bf66feb0>,66,16,[2 7],67,156,172,89,156
1,<environment.Job instance at 0x7f89bf66f690>,70,17,[5 8],71,181,198,110,169
1,<environment.Job instance at 0x7f89bf8b3eb0>,71,14,[7 5],72,198,212,126,183
1,<environment.Job instance at 0x7f89bf8b3500>,79,16,[5 5],80,212,228,132,200
1,<environment.Job instance at 0x7f8a06f9b050>,86,14,[8 5],87,228,242,141,213
1,<environment.Job instance at 0x7f8a076ca0a0>,88,18,[6 5],89,242,260,153,231
1,<environment.Job instance at 0x7f89bf3de370>,98,14,[5 5],99,260,274,161,249
1,<environment.Job instance at 0x7f8a07923cd0>,108,1,[9 5],109,274,275,165,253
1,<environment.Job instance at 0x7f8a07923fa0>,110,2,[9 2],111,275,277,164,273
1,<environment.Job instance at 0x7f8a079234b0>,111,16,[1 7],112,275,291,163,273
1,<environment.Job instance at 0x7f8a07b3e780>,1,17,[8 4],2,6,23,4,6
1,<environment.Job instance at 0x7f8a0a4f1f00>,5,12,[1 8],6,23,35,17,12
1,<environment.Job instance at 0x7f89bf6c2e60>,12,3,[3 8],13,35,38,22,15
1,<environment.Job instance at 0x7f8a0a4f50f0>,2,15,[1 9],3,38,53,35,26
1,<environment.Job instance at 0x7f8a07172820>,18,13,[7 4],19,53,66,34,41
1,<environment.Job instance at 0x7f8a075b1370>,10,16,[10  2],11,66,82,55,54
1,<environment.Job instance at 0x7f8a07172e60>,22,15,[6 2],23,82,97,59,68
1,<environment.Job instance at 0x7f89bfa625f0>,3,18,[10  4],4,97,115,93,86
1,<environment.Job instance at 0x7f8a07160320>,3,2,[7 1],4,6,8,2,6
1,<environment.Job instance at 0x7f8a07160af0>,6,3,[4 7],7,9,12,2,9
1,<environment.Job instance at 0x7f8a07944aa0>,8,15,[3 5],9,12,27,3,11
1,<environment.Job instance at 0x7f8a070d4af0>,5,13,[9 1],6,27,40,21,19
1,<environment.Job instance at 0x7f89bf743050>,15,14,[6 3],16,40,54,24,28
1,<environment.Job instance at 0x7f8a074e39b0>,19,12,[7 4],20,54,66,34,38
1,<environment.Job instance at 0x7f89bf1bfcd0>,18,14,[2 8],19,66,80,47,51
1,<environment.Job instance at 0x7f8a06f6df50>,27,2,[1 6],28,52,54,24,52
1,<environment.Job instance at 0x7f8a06f6d7d0>,28,3,[10  2],29,80,83,51,54
1,<environment.Job instance at 0x7f8a06f859b0>,31,12,[7 1],32,66,78,34,65
1,<environment.Job instance at 0x7f8a06f852d0>,32,13,[6 3],33,83,96,50,69
1,<environment.Job instance at 0x7f8a07782230>,34,14,[5 2],35,96,110,61,81
1,<environment.Job instance at 0x7f8a076ca500>,38,12,[5 3],39,96,108,57,81
1,<environment.Job instance at 0x7f89bf927c80>,43,14,[5 4],44,108,122,64,95
1,<environment.Job instance at 0x7f8a078421e0>,48,2,[7 4],49,122,124,73,109
1,<environment.Job instance at 0x7f8a0a5e6f00>,51,17,[7 4],52,124,141,72,112
1,<environment.Job instance at 0x7f8a0743a4b0>,57,15,[10  5],58,141,156,83,128
1,<environment.Job instance at 0x7f8a06f6d370>,25,15,[10  4],26,156,171,130,143
1,<environment.Job instance at 0x7f8a07454b40>,62,13,[6 1],63,171,184,108,156
1,<environment.Job instance at 0x7f8a074546e0>,66,12,[7 2],67,184,196,117,167
1,<environment.Job instance at 0x7f89bf687230>,69,12,[9 5],70,196,208,126,185
1,<environment.Job instance at 0x7f8a07d06190>,82,13,[5 8],83,208,221,125,193
1,<environment.Job instance at 0x7f8a07585140>,90,12,[9 3],91,221,233,130,211
1,<environment.Job instance at 0x7f89bf6871e0>,71,18,[1 7],72,221,239,149,211
1,<environment.Job instance at 0x7f8a07d0ca50>,94,18,[ 4 10],95,240,258,145,240
1,<environment.Job instance at 0x7f8a07bf9410>,100,18,[1 7],101,258,276,157,255
1,<environment.Job instance at 0x7f8a0a5e9a50>,104,18,[3 8],105,276,294,171,265
1,<environment.Job instance at 0x7f89bfaae0a0>,111,15,[3 5],112,294,309,182,283
1,<environment.Job instance at 0x7f8a07cd5cd0>,117,13,[5 6],118,309,322,191,304
1,<environment.Job instance at 0x7f8a06f79cd0>,2,2,[3 8],3,3,5,0,3
1,<environment.Job instance at 0x7f8a074defa0>,3,16,[10  1],4,5,21,1,4
1,<environment.Job instance at 0x7f89bf1dacd0>,6,15,[3 5],7,21,36,14,8
1,<environment.Job instance at 0x7f8a076c5640>,12,12,[7 2],13,21,33,8,14
1,<environment.Job instance at 0x7f8a0761b280>,4,17,[4 8],5,36,53,31,24
1,<environment.Job instance at 0x7f8a07d4bb40>,19,3,[ 1 10],20,53,56,33,31
1,<environment.Job instance at 0x7f8a07d01b90>,23,12,[6 3],24,56,68,32,39
1,<environment.Job instance at 0x7f8a07d01e60>,27,3,[6 5],28,68,71,40,46
1,<environment.Job instance at 0x7f8a07d01c30>,26,14,[8 2],27,71,85,44,57
1,<environment.Job instance at 0x7f8a073a3c30>,33,2,[7 2],34,85,87,51,58
1,<environment.Job instance at 0x7f8a07330d20>,34,17,[4 5],35,87,104,52,77
1,<environment.Job instance at 0x7f89bf364be0>,44,18,[7 5],45,104,122,59,103
1,<environment.Job instance at 0x7f89bf3648c0>,48,12,[8 2],49,129,141,80,129
1,<environment.Job instance at 0x7f89bf829870>,52,14,[1 7],53,151,165,98,151
1,<environment.Job instance at 0x7f8a07c7ecd0>,56,15,[9 4],57,165,180,108,158
1,<environment.Job instance at 0x7f8a072f3460>,61,15,[6 1],62,180,195,118,166
1,<environment.Job instance at 0x7f8a072f34b0>,63,16,[9 3],64,195,211,131,182
1,<environment.Job instance at 0x7f89bf403f00>,69,12,[10  3],70,211,223,141,199
1,<environment.Job instance at 0x7f8a0a2c3eb0>,51,17,[ 3 10],52,223,240,171,211
1,<environment.Job instance at 0x7f89bf4030f0>,77,12,[5 5],78,240,252,162,225
1,<environment.Job instance at 0x7f89bf403cd0>,78,13,[8 3],79,252,265,173,236
1,<environment.Job instance at 0x7f89bf1bf8c0>,86,18,[5 7],87,265,283,178,255
1,<environment.Job instance at 0x7f89bf1bfe10>,91,1,[ 5 10],92,283,284,191,268
1,<environment.Job instance at 0x7f89bf1bf640>,85,16,[ 3 10],86,312,328,226,312
1,<environment.Job instance at 0x7f8a07d391e0>,98,13,[9 1],99,328,341,229,313
1,<environment.Job instance at 0x7f89bfa0e3c0>,101,2,[3 9],102,341,343,239,323
1,<environment.Job instance at 0x7f89bfa0ecd0>,102,16,[7 5],103,343,359,240,332
1,<environment.Job instance at 0x7f89bfa0ea00>,104,17,[5 2],105,359,376,254,347
1,<environment.Job instance at 0x7f8a06f9bf50>,108,18,[2 5],109,347,365,238,347
1,<environment.Job instance at 0x7f8a06f9be10>,114,3,[4 8],115,365,368,250,359
1,<environment.Job instance at 0x7f8a07681cd0>,116,15,[9 2],117,376,391,259,364
1,<environment.Job instance at 0x7f8a07681370>,118,17,[7 4],119,391,408,272,380
1,<environment.Job instance at 0x7f8a06f92870>,127,12,[7 2],128,408,420,280,406
1,<environment.Job instance at 0x7f8a0719b5f0>,130,13,[7 2],131,420,433,289,408
1,<environment.Job instance at 0x7f89bf710140>,139,12,[2 9],140,433,445,293,418
1,<environment.Job instance at 0x7f89bf710820>,142,12,[7 5],143,445,457,302,431
1,<environment.Job instance at 0x7f8a07ad6a00>,31,17,[ 3 10],32,457,474,425,445
1,<environment.Job instance at 0x7f8a07be5820>,159,18,[1 5],160,504,522,344,504
1,<environment.Job instance at 0x7f8a07be5dc0>,163,13,[6 4],164,509,522,345,509
1,<environment.Job instance at 0x7f8a07298a50>,2,2,[10  2],3,3,5,0,3
1,<environment.Job instance at 0x7f89bf1da320>,3,1,[3 5],4,5,6,1,4
1,<environment.Job instance at 0x7f8a07be5e10>,5,1,[10  4],6,7,8,1,7
1,<environment.Job instance at 0x7f8a07ce2cd0>,7,15,[3 5],8,9,24,1,9
1,<environment.Job instance at 0x7f8a07be5f00>,6,1,[1 6],7,24,25,17,10
1,<environment.Job instance at 0x7f89bf1da550>,9,13,[3 8],10,25,38,15,17
1,<environment.Job instance at 0x7f8a07ee1280>,17,12,[3 5],18,38,50,20,26
1,<environment.Job instance at 0x7f8a07ee14b0>,18,3,[6 2],19,26,29,7,26
1,<environment.Job instance at 0x7f8a07ee1a00>,19,17,[7 1],20,29,46,9,28
1,<environment.Job instance at 0x7f8a07ee1230>,23,13,[2 7],24,50,63,26,35
1,<environment.Job instance at 0x7f89bf2a4be0>,33,2,[7 1],34,74,76,40,74
1,<environment.Job instance at 0x7f89bf2a4a50>,37,3,[7 1],38,120,123,82,120
1,<environment.Job instance at 0x7f8a0a5e7e60>,38,19,[2 5],39,120,139,81,120
1,<environment.Job instance at 0x7f8a0a5e7a50>,39,3,[5 8],40,139,142,99,120
1,<environment.Job instance at 0x7f8a0a5e7870>,47,16,[3 9],48,166,182,118,166
1,<environment.Job instance at 0x7f8a07c69fa0>,1,17,[4 6],2,5,22,3,5
1,<environment.Job instance at 0x7f8a07591f50>,6,3,[3 8],7,22,25,15,7
1,<environment.Job instance at 0x7f8a07735a00>,13,14,[8 4],14,25,39,11,17
1,<environment.Job instance at 0x7f8a075945f0>,19,12,[1 5],20,26,38,6,26
1,<environment.Job instance at 0x7f8a074476e0>,20,3,[2 6],21,38,41,17,26
1,<environment.Job instance at 0x7f8a07594370>,14,18,[2 6],15,41,59,26,33
1,<environment.Job instance at 0x7f8a07690640>,25,12,[9 4],26,59,71,33,42
1,<environment.Job instance at 0x7f89bf56c0a0>,28,2,[1 6],29,59,61,30,42
1,<environment.Job instance at 0x7f8a077a73c0>,32,3,[9 1],33,71,74,38,52
1,<environment.Job instance at 0x7f8a077a75a0>,34,16,[10  1],35,74,90,39,67
1,<environment.Job instance at 0x7f8a07c87dc0>,36,3,[4 7],37,90,93,53,69
1,<environment.Job instance at 0x7f8a074474b0>,27,17,[4 8],28,93,110,65,82
1,<environment.Job instance at 0x7f8a076de190>,45,18,[6 3],46,110,128,64,99
1,<environment.Job instance at 0x7f89bf65c320>,50,13,[1 6],51,115,128,64,115
1,<environment.Job instance at 0x7f89bf65c3c0>,48,18,[5 8],49,128,146,79,120
1,<environment.Job instance at 0x7f89bf65ceb0>,57,14,[10  2],58,146,160,88,131
1,<environment.Job instance at 0x7f89bf65c0f0>,51,18,[10  3],52,160,178,108,150
1,<environment.Job instance at 0x7f89bf650c80>,70,17,[5 2],71,212,229,141,212
1,<environment.Job instance at 0x7f89bf63fe60>,73,15,[7 4],74,229,244,155,222
1,<environment.Job instance at 0x7f89bf50e050>,79,13,[5 7],80,244,257,164,244
1,<environment.Job instance at 0x7f89bf510370>,82,17,[5 5],83,281,298,198,281
1,<environment.Job instance at 0x7f8a0705a460>,12,2,[3 7],13,16,18,3,16
1,<environment.Job instance at 0x7f89bf1f5eb0>,10,15,[2 9],11,26,41,15,26
1,<environment.Job instance at 0x7f8a079c73c0>,17,12,[5 6],18,41,53,23,26
1,<environment.Job instance at 0x7f89bf289500>,21,14,[9 1],22,53,67,31,42
1,<environment.Job instance at 0x7f89bf2896e0>,20,14,[1 8],21,53,67,32,47
1,<environment.Job instance at 0x7f89bf2892d0>,22,13,[8 3],23,67,80,44,51
1,<environment.Job instance at 0x7f8a07c085a0>,30,2,[5 1],31,80,82,49,71
1,<environment.Job instance at 0x7f8a07c08140>,32,3,[1 6],33,71,74,38,71
1,<environment.Job instance at 0x7f8a072099b0>,38,13,[4 6],39,80,93,41,71
1,<environment.Job instance at 0x7f89bf89f2d0>,41,18,[1 6],42,93,111,51,82
1,<environment.Job instance at 0x7f89bf89f0f0>,42,17,[5 2],43,83,100,40,83
1,<environment.Job instance at 0x7f89bf89f320>,45,18,[5 8],46,111,129,65,102
1,<environment.Job instance at 0x7f89bf289b90>,23,15,[4 9],24,129,144,105,119
1,<environment.Job instance at 0x7f8a070a57d0>,51,15,[2 9],52,144,159,92,130
1,<environment.Job instance at 0x7f8a073b6280>,56,16,[4 6],57,159,175,102,146
1,<environment.Job instance at 0x7f8a073b6370>,58,16,[10  1],59,175,191,116,162
1,<environment.Job instance at 0x7f8a06f31cd0>,66,15,[5 2],67,191,206,124,179
1,<environment.Job instance at 0x7f8a06f31b90>,65,18,[4 6],66,191,209,125,182
1,<environment.Job instance at 0x7f89bf775460>,76,3,[2 9],77,209,212,132,198
1,<environment.Job instance at 0x7f89bf7753c0>,77,12,[2 8],78,212,224,134,198
1,<environment.Job instance at 0x7f8a0700a820>,80,18,[2 5],81,224,242,143,213
1,<environment.Job instance at 0x7f8a06f6f0f0>,83,18,[7 3],84,224,242,140,213
1,<environment.Job instance at 0x7f89bf9f98c0>,85,14,[2 6],86,242,256,156,227
1,<environment.Job instance at 0x7f89bf9f9730>,86,18,[3 5],87,256,274,169,245
1,<environment.Job instance at 0x7f89bf13fe60>,90,3,[5 2],91,245,248,154,245
1,<environment.Job instance at 0x7f89bf13f870>,91,3,[5 3],92,248,251,156,245
1,<environment.Job instance at 0x7f89bf1bae10>,95,14,[7 3],96,258,272,162,258
1,<environment.Job instance at 0x7f89bf1ba280>,96,15,[9 1],97,274,289,177,263
1,<environment.Job instance at 0x7f89bf3552d0>,99,15,[1 7],100,274,289,174,268
1,<environment.Job instance at 0x7f89bf1ba0f0>,98,17,[7 3],99,289,306,190,278
1,<environment.Job instance at 0x7f8a07a61640>,105,14,[10  5],106,306,320,200,297
1,<environment.Job instance at 0x7f8a07a61b90>,110,13,[10  2],111,320,333,209,305
1,<environment.Job instance at 0x7f8a07a618c0>,111,18,[ 3 10],112,333,351,221,324
1,<environment.Job instance at 0x7f8a07a61b40>,116,17,[ 5 10],117,351,368,234,339
1,<environment.Job instance at 0x7f8a07a61230>,118,17,[1 7],119,368,385,249,356
1,<environment.Job instance at 0x7f8a0744b640>,132,14,[6 4],133,385,399,252,370
1,<environment.Job instance at 0x7f8a0744bc30>,136,13,[7 1],137,399,412,262,383
1,<environment.Job instance at 0x7f8a0744ba00>,138,12,[2 6],139,398,410,259,398
1,<environment.Job instance at 0x7f8a0744bb90>,141,15,[5 6],142,412,427,270,398
1,<environment.Job instance at 0x7f8a0729caf0>,144,12,[10  5],145,427,439,282,413
1,<environment.Job instance at 0x7f8a0729c230>,149,18,[3 7],150,439,457,289,428
1,<environment.Job instance at 0x7f8a0729cd20>,156,13,[9 2],157,457,470,300,441
1,<environment.Job instance at 0x7f8a072f3050>,160,13,[9 1],161,470,483,309,454
1,<environment.Job instance at 0x7f8a072f3870>,163,16,[1 7],164,459,475,295,459
1,<environment.Job instance at 0x7f8a072f3870>,2,15,[4 5],3,6,21,3,6
1,<environment.Job instance at 0x7f8a074c8af0>,17,18,[7 4],18,53,71,35,53
1,<environment.Job instance at 0x7f8a074c8a50>,16,13,[ 1 10],17,71,84,54,64
1,<environment.Job instance at 0x7f8a074b2410>,26,3,[3 5],27,84,87,57,74
1,<environment.Job instance at 0x7f8a074b22d0>,27,13,[2 9],28,87,100,59,78
1,<environment.Job instance at 0x7f8a074b2140>,29,17,[8 4],30,100,117,70,89
1,<environment.Job instance at 0x7f8a07599960>,11,16,[1 8],12,117,133,105,117
1,<environment.Job instance at 0x7f89bf272410>,41,15,[5 5],42,139,154,97,139
1,<environment.Job instance at 0x7f89bf272050>,43,18,[8 4],44,154,172,110,149
1,<environment.Job instance at 0x7f89bf2729b0>,48,15,[7 4],49,172,187,123,160
1,<environment.Job instance at 0x7f89bf1b2c30>,51,12,[5 8],52,187,199,135,180
1,<environment.Job instance at 0x7f89bf5f4d70>,1,1,[10  3],2,2,3,0,2
1,<environment.Job instance at 0x7f89bf5f4eb0>,2,2,[3 8],3,3,5,0,3
1,<environment.Job instance at 0x7f89bfa9d1e0>,3,1,[5 2],4,4,5,0,4
1,<environment.Job instance at 0x7f89bfa9de60>,4,16,[10  5],5,5,21,0,5
1,<environment.Job instance at 0x7f89bfa9dc30>,5,12,[6 1],6,21,33,15,6
1,<environment.Job instance at 0x7f89bf8fb9b0>,8,13,[1 5],9,21,34,12,16
1,<environment.Job instance at 0x7f8a073f6d20>,13,15,[6 1],14,33,48,19,19
1,<environment.Job instance at 0x7f8a073f67d0>,15,14,[4 7],16,34,48,18,19
1,<environment.Job instance at 0x7f8a07be95f0>,10,15,[7 3],11,48,63,37,34
1,<environment.Job instance at 0x7f8a07be9910>,9,16,[3 8],10,63,79,53,55
1,<environment.Job instance at 0x7f89bf3916e0>,26,18,[6 5],27,79,97,52,68
1,<environment.Job instance at 0x7f89bf391050>,32,16,[5 8],33,97,113,64,89
1,<environment.Job instance at 0x7f8a07e7a370>,37,12,[4 6],38,113,125,75,97
1,<environment.Job instance at 0x7f8a07e7aeb0>,39,3,[7 1],40,125,128,85,105
1,<environment.Job instance at 0x7f8a073f6640>,11,18,[4 9],12,128,146,116,121
1,<environment.Job instance at 0x7f8a07e7a6e0>,46,18,[5 5],47,146,164,99,135
1,<environment.Job instance at 0x7fb1102c2190>,0,18,[ 2 10],1,8,26,7,8
1,<environment.Job instance at 0x7fb110305640>,3,18,[ 3 10],4,26,44,22,18
1,<environment.Job instance at 0x7fb108eb2a00>,12,3,[6 3],13,44,47,31,18
1,<environment.Job instance at 0x7fb108eb27d0>,13,13,[1 8],14,47,60,33,32
1,<environment.Job instance at 0x7fb108eb2f00>,18,16,[8 5],19,60,76,41,47
1,<environment.Job instance at 0x7fb108eb2f50>,21,3,[ 2 10],22,76,79,54,61
1,<environment.Job instance at 0x7fb108eb5140>,23,18,[5 2],24,79,97,55,68
1,<environment.Job instance at 0x7fb108eb5500>,29,13,[1 6],30,79,92,49,70
1,<environment.Job instance at 0x7fb108eb5960>,32,17,[9 3],33,97,114,64,89
1,<environment.Job instance at 0x7fb108eb5780>,35,16,[8 1],36,114,130,78,101
1,<environment.Job instance at 0x7fb108eb5c80>,39,18,[5 8],40,130,148,90,124
1,<environment.Job instance at 0x7fb108eb25f0>,8,17,[ 2 10],9,148,165,139,137
1,<environment.Job instance at 0x7fb108eb7500>,48,13,[6 1],49,165,178,116,157
1,<environment.Job instance at 0x7fb108ecd230>,2,2,[8 2],3,4,6,1,4
1,<environment.Job instance at 0x7fb108ebed20>,0,12,[2 5],1,7,19,6,7
1,<environment.Job instance at 0x7fb108ecfc80>,10,18,[5 1],11,11,29,0,11
1,<environment.Job instance at 0x7fb108ecfe60>,12,14,[8 4],13,29,43,16,15
1,<environment.Job instance at 0x7fb108ecfc30>,18,2,[ 3 10],19,43,45,24,22
1,<environment.Job instance at 0x7fb108ecedc0>,20,2,[3 8],21,22,24,1,22
1,<environment.Job instance at 0x7fb108ed35a0>,22,14,[9 2],23,45,59,22,33
1,<environment.Job instance at 0x7fb108ed3b40>,26,13,[5 1],27,59,72,32,49
1,<environment.Job instance at 0x7fb108e566e0>,30,17,[2 9],31,70,87,39,70
1,<environment.Job instance at 0x7fb108ed3870>,25,17,[5 9],26,87,104,61,75
1,<environment.Job instance at 0x7fb108e56050>,33,12,[5 1],34,75,87,41,75
1,<environment.Job instance at 0x7fb108ed4b90>,37,18,[ 1 10],38,104,122,66,93
1,<environment.Job instance at 0x7fb0c5238a50>,45,17,[3 5],46,122,139,76,121
1,<environment.Job instance at 0x7fb0c52385f0>,46,15,[ 5 10],47,139,154,92,125
1,<environment.Job instance at 0x7fb0c5238eb0>,52,16,[8 5],53,154,170,101,141
1,<environment.Job instance at 0x7fb0c52b6190>,55,12,[2 6],56,170,182,114,162
1,<environment.Job instance at 0x7fb0c52b6410>,59,16,[9 4],60,182,198,122,169
1,<environment.Job instance at 0x7fb0c523b960>,63,18,[1 6],64,182,200,118,175
1,<environment.Job instance at 0x7fb0c523bb40>,64,15,[9 5],65,200,215,135,186
1,<environment.Job instance at 0x7fb0c523b1e0>,67,16,[2 8],68,215,231,147,202
1,<environment.Job instance at 0x7fb108eb7910>,5,17,[10  5],6,231,248,225,219
1,<environment.Job instance at 0x7fb0c52b0410>,79,12,[1 8],80,248,260,168,231
1,<environment.Job instance at 0x7fb0c531aa00>,84,18,[10  2],85,260,278,175,250
1,<environment.Job instance at 0x7fb0c52ca410>,87,14,[3 5],88,278,292,190,263
1,<environment.Job instance at 0x7fb108ecff00>,0,1,[5 1],1,3,4,2,3
1,<environment.Job instance at 0x7fb108ece7d0>,2,2,[1 5],3,5,7,2,5
1,<environment.Job instance at 0x7fb0c50fe0f0>,5,12,[2 5],6,6,18,0,6
1,<environment.Job instance at 0x7fb108ecda00>,3,12,[8 5],4,7,19,3,7
1,<environment.Job instance at 0x7fb0c5582190>,6,3,[2 7],7,19,22,12,8
1,<environment.Job instance at 0x7fb108f742d0>,7,13,[ 1 10],8,22,35,14,22
1,<environment.Job instance at 0x7fb0c5105320>,11,18,[3 8],12,55,73,43,55
1,<environment.Job instance at 0x7fb0c51e5e60>,28,12,[8 2],29,74,86,45,74
1,<environment.Job instance at 0x7fb0c51035f0>,30,12,[1 5],31,74,86,43,74
1,<environment.Job instance at 0x7fb1090bab40>,32,17,[9 1],33,86,103,53,74
1,<environment.Job instance at 0x7fb108cbf690>,16,15,[4 9],17,103,118,86,101
1,<environment.Job instance at 0x7fb108d4f960>,39,17,[2 6],40,118,135,78,108
1,<environment.Job instance at 0x7fb0c50fde10>,45,12,[4 7],46,135,147,89,118
1,<environment.Job instance at 0x7fb110427aa0>,46,13,[8 3],47,118,131,71,118
1,<environment.Job instance at 0x7fb11043a0a0>,47,13,[4 6],48,147,160,99,132
1,<environment.Job instance at 0x7fb108ed41e0>,51,18,[5 7],52,160,178,108,150
1,<environment.Job instance at 0x7fb108ed4d70>,53,16,[3 5],54,178,194,124,165
1,<environment.Job instance at 0x7fb110435a50>,62,13,[3 9],63,194,207,131,183
1,<environment.Job instance at 0x7fb1104353c0>,65,16,[10  5],66,207,223,141,194
1,<environment.Job instance at 0x7fb0c51842d0>,70,17,[9 4],71,223,240,152,211
1,<environment.Job instance at 0x7fb108c8ef50>,75,15,[5 7],76,240,255,164,228
1,<environment.Job instance at 0x7fb110435e60>,57,14,[10  3],58,257,271,199,257
1,<environment.Job instance at 0x7fb108ecd050>,1,12,[5 9],2,2,14,0,2
1,<environment.Job instance at 0x7fb0c579c0a0>,8,2,[5 5],9,14,16,5,9
1,<environment.Job instance at 0x7fb0c57b72d0>,9,1,[5 7],10,16,17,6,10
1,<environment.Job instance at 0x7fb0c57e9be0>,6,14,[10  4],7,17,31,10,15
1,<environment.Job instance at 0x7fb0c579caa0>,13,12,[ 2 10],14,31,43,17,19
1,<environment.Job instance at 0x7fb10d639a50>,17,18,[3 6],18,43,61,25,32
1,<environment.Job instance at 0x7fb108c2df50>,20,18,[5 9],21,73,91,52,73
1,<environment.Job instance at 0x7fb108f6baa0>,32,2,[5 5],33,91,93,58,79
1,<environment.Job instance at 0x7fb10d48f780>,29,14,[9 5],30,93,107,63,88
1,<environment.Job instance at 0x7fb108f1b7d0>,36,17,[ 1 10],37,108,125,71,108
1,<environment.Job instance at 0x7fb108f1b460>,38,16,[9 2],39,125,141,86,125
1,<environment.Job instance at 0x7fb108f276e0>,46,14,[9 2],47,141,155,94,127
1,<environment.Job instance at 0x7fb108fb33c0>,13,15,[5 5],14,16,31,2,16
1,<environment.Job instance at 0x7fb108fb3780>,14,12,[9 1],15,31,43,16,16
1,<environment.Job instance at 0x7fb110427fa0>,23,15,[4 9],24,43,58,19,36
1,<environment.Job instance at 0x7fb0c55ff140>,28,3,[8 3],29,58,61,29,49
1,<environment.Job instance at 0x7fb0c55ff230>,30,15,[10  4],31,61,76,30,55
1,<environment.Job instance at 0x7fb108c966e0>,32,15,[4 8],33,76,91,43,67
1,<environment.Job instance at 0x7fb0c55ffe60>,34,14,[3 8],35,91,105,56,76
1,<environment.Job instance at 0x7fb0c550a0a0>,36,12,[2 7],37,105,117,68,89
1,<environment.Job instance at 0x7fb0c550ac30>,42,16,[3 8],43,117,133,74,105
1,<environment.Job instance at 0x7fb0c550af00>,43,13,[7 4],44,133,146,89,117
1,<environment.Job instance at 0x7fb0c54d44b0>,49,16,[7 2],50,146,162,96,134
1,<environment.Job instance at 0x7fb0c54d47d0>,51,16,[5 7],52,162,178,110,151
1,<environment.Job instance at 0x7fb0c576afa0>,58,3,[2 6],59,178,181,119,169
1,<environment.Job instance at 0x7fb0c576ae60>,60,2,[3 9],61,202,204,141,202
1,<environment.Job instance at 0x7fb0c5764c80>,65,12,[8 5],66,204,216,138,203
1,<environment.Job instance at 0x7fb0c57640a0>,66,14,[6 4],67,216,230,149,204
1,<environment.Job instance at 0x7fb0c57430f0>,71,17,[2 7],72,230,247,158,218
1,<environment.Job instance at 0x7fb0c5743d70>,73,12,[7 4],74,247,259,173,231
1,<environment.Job instance at 0x7fb0c57695a0>,80,14,[ 2 10],81,259,273,178,244
1,<environment.Job instance at 0x7fb0c5769320>,83,18,[5 5],84,273,291,189,262
1,<environment.Job instance at 0x7fb0c5769e10>,84,16,[5 5],85,273,289,188,262
1,<environment.Job instance at 0x7fb0c5769460>,86,13,[3 9],87,291,304,204,276
1,<environment.Job instance at 0x7fb0c5769b40>,89,18,[9 5],90,304,322,214,293
1,<environment.Job instance at 0x7fb0c5749f50>,94,16,[2 7],95,322,338,227,310
1,<environment.Job instance at 0x7fb0c5749a00>,98,16,[8 3],99,324,340,225,324
1,<environment.Job instance at 0x7fb0c57665f0>,105,18,[5 5],106,340,358,234,339
1,<environment.Job instance at 0x7fb0c558b820>,112,18,[4 7],113,368,386,255,368
1,<environment.Job instance at 0x7fb0c5598730>,115,12,[7 1],116,386,398,270,386
1,<environment.Job instance at 0x7fb0c5598fa0>,116,18,[8 3],117,398,416,281,390
1,<environment.Job instance at 0x7fb0c55384b0>,6,3,[5 8],7,8,11,1,8
1,<environment.Job instance at 0x7fb1092707d0>,9,3,[8 2],10,20,23,10,20
1,<environment.Job instance at 0x7fb10d9d9410>,16,12,[3 9],17,30,42,13,30
1,<environment.Job instance at 0x7fb0c5538910>,5,18,[9 2],6,44,62,38,44
1,<environment.Job instance at 0x7fb10d9d9dc0>,23,3,[8 3],24,62,65,38,50
1,<environment.Job instance at 0x7fb10d9d9870>,22,12,[6 1],23,65,77,42,56
1,<environment.Job instance at 0x7fb10d9d9d70>,29,18,[2 7],30,62,80,32,60
1,<environment.Job instance at 0x7fb10d9d9d20>,18,16,[4 8],19,80,96,61,67
1,<environment.Job instance at 0x7fb108d35730>,35,1,[6 4],36,96,97,60,80
1,<environment.Job instance at 0x7fb108d35a00>,37,1,[5 1],38,80,81,42,80
1,<environment.Job instance at 0x7fb108d35460>,39,1,[8 1],40,97,98,57,80
1,<environment.Job instance at 0x7fb108d354b0>,41,12,[3 7],42,98,110,56,82
1,<environment.Job instance at 0x7fb108d35c30>,44,17,[8 1],45,110,127,65,98
1,<environment.Job instance at 0x7fb0d0ba1f00>,1,18,[10  5],2,127,145,125,122
1,<environment.Job instance at 0x7fb10d96e6e0>,53,14,[ 4 10],54,145,159,91,130
1,<environment.Job instance at 0x7fb10d96ef00>,56,16,[1 6],57,159,175,102,146
1,<environment.Job instance at 0x7fb10d96ee10>,57,15,[7 4],58,159,174,101,147
1,<environment.Job instance at 0x7fb10d96efa0>,63,12,[3 8],64,175,187,111,165
1,<environment.Job instance at 0x7fb108d355f0>,33,16,[9 4],34,187,203,153,174
1,<environment.Job instance at 0x7fb1093511e0>,70,2,[10  5],71,203,205,132,184
1,<environment.Job instance at 0x7fb109351d20>,72,13,[9 1],73,205,218,132,193
1,<environment.Job instance at 0x7fb108d42af0>,75,12,[2 8],76,218,230,142,202
1,<environment.Job instance at 0x7fb10d96eaa0>,59,17,[ 1 10],60,230,247,170,220
1,<environment.Job instance at 0x7fb108d42230>,77,17,[10  4],78,247,264,169,238
1,<environment.Job instance at 0x7fb108d42f00>,85,18,[7 5],86,264,282,178,256
1,<environment.Job instance at 0x7fb108d429b0>,89,18,[ 2 10],90,282,300,192,278
1,<environment.Job instance at 0x7fb10d8bd690>,97,15,[5 8],98,301,316,203,301
1,<environment.Job instance at 0x7fb10d7c4dc0>,103,14,[ 5 10],104,336,350,232,336
1,<environment.Job instance at 0x7fb10d7c0550>,108,15,[5 8],109,355,370,246,355
1,<environment.Job instance at 0x7fb10db41aa0>,110,13,[5 6],111,370,383,259,357
1,<environment.Job instance at 0x7fb108da9f00>,114,13,[ 5 10],115,383,396,268,368
1,<environment.Job instance at 0x7fb10d96d0a0>,118,18,[5 5],119,396,414,277,390
1,<environment.Job instance at 0x7fb10d7afd20>,121,15,[5 4],122,405,420,283,405
1,<environment.Job instance at 0x7fb0c5488960>,123,17,[5 9],124,426,443,302,426
1,<environment.Job instance at 0x7fb10932b820>,130,12,[10  1],131,444,456,313,444
1,<environment.Job instance at 0x7fb10932b190>,133,12,[10  1],134,456,468,322,453
1,<environment.Job instance at 0x7fb10d883af0>,140,3,[2 8],141,469,472,328,469
1,<environment.Job instance at 0x7fb10d883320>,141,13,[7 4],142,472,485,330,470
1,<environment.Job instance at 0x7fb10d9d4320>,2,3,[8 1],3,3,6,0,3
1,<environment.Job instance at 0x7fb0c565ce10>,3,15,[3 9],4,6,21,2,4
1,<environment.Job instance at 0x7fb109120820>,4,16,[7 4],5,21,37,16,10
1,<environment.Job instance at 0x7fb0c556e8c0>,13,17,[9 1],14,37,54,23,25
1,<environment.Job instance at 0x7fb0c5322af0>,20,15,[5 5],21,54,69,33,40
1,<environment.Job instance at 0x7fb10d5e7820>,24,15,[10  2],25,69,84,44,56
1,<environment.Job instance at 0x7fb10d610c30>,34,12,[9 1],35,84,96,49,74
1,<environment.Job instance at 0x7fb10d610500>,36,14,[6 4],37,96,110,59,83
1,<environment.Job instance at 0x7fb10d4c2b40>,40,12,[5 6],41,110,122,69,93
1,<environment.Job instance at 0x7fb0c523ff50>,42,1,[5 9],43,122,123,79,94
1,<environment.Job instance at 0x7fb108dfdcd0>,43,1,[2 6],44,96,97,52,95
1,<environment.Job instance at 0x7fb109225fa0>,41,16,[3 9],42,123,139,81,110
1,<environment.Job instance at 0x7fb10917af50>,48,14,[6 4],49,139,153,90,124
1,<environment.Job instance at 0x7fb0c5821cd0>,54,3,[10  5],55,153,156,98,134
1,<environment.Job instance at 0x7fb108e780a0>,55,16,[7 3],56,156,172,100,143
1,<environment.Job instance at 0x7fb108e78780>,57,16,[1 8],58,172,188,114,159
1,<environment.Job instance at 0x7fb108e78aa0>,63,16,[2 6],64,188,204,124,175
1,<environment.Job instance at 0x7fb108da4a00>,65,17,[5 3],66,188,205,122,176
1,<environment.Job instance at 0x7fb108da4910>,70,13,[4 6],71,204,217,133,192
1,<environment.Job instance at 0x7fb108fdbaa0>,74,13,[2 8],75,217,230,142,202
1,<environment.Job instance at 0x7fb108f4c0a0>,76,17,[3 7],77,230,247,153,218
1,<environment.Job instance at 0x7fb108c3ae10>,45,17,[10  3],46,247,264,201,236
1,<environment.Job instance at 0x7fb108d63910>,85,2,[3 9],86,264,266,178,247
1,<environment.Job instance at 0x7fb108d63f00>,87,1,[8 1],88,266,267,178,249
1,<environment.Job instance at 0x7fb108f63140>,88,3,[9 5],89,267,270,178,249
1,<environment.Job instance at 0x7fb108e486e0>,91,2,[3 9],92,270,272,178,257
1,<environment.Job instance at 0x7fb108d63fa0>,83,14,[ 2 10],84,272,286,188,258
1,<environment.Job instance at 0x7fb10d60a8c0>,94,13,[10  5],95,286,299,191,271
1,<environment.Job instance at 0x7fb108e033c0>,96,13,[5 7],97,299,312,202,283
1,<environment.Job instance at 0x7fb108e0a280>,98,16,[3 8],99,312,328,213,301
1,<environment.Job instance at 0x7fb108f68e10>,103,3,[3 9],104,328,331,224,315
1,<environment.Job instance at 0x7fb108f68cd0>,105,14,[4 8],106,331,345,225,316
1,<environment.Job instance at 0x7fb10d4c3500>,110,12,[4 8],111,345,357,234,334
1,<environment.Job instance at 0x7fb10d4c3c80>,120,18,[6 4],121,363,381,242,363
1,<environment.Job instance at 0x7fb10d4c32d0>,109,16,[10  5],110,381,397,271,369
1,<environment.Job instance at 0x7fb10d4c3eb0>,124,3,[9 3],125,397,400,272,371
1,<environment.Job instance at 0x7fb10d4c38c0>,127,13,[10  4],128,400,413,272,386
1,<environment.Job instance at 0x7fb10d4c3aa0>,118,18,[5 9],119,413,431,294,402
1,<environment.Job instance at 0x7fb0c52ff050>,132,16,[5 4],133,431,447,298,418
1,<environment.Job instance at 0x7fb0c52ff690>,142,14,[7 3],143,447,461,304,440
1,<environment.Job instance at 0x7fb108d4e320>,151,1,[2 5],152,464,465,312,464
1,<environment.Job instance at 0x7fb108d4ee60>,152,13,[ 3 10],153,467,480,314,467
1,<environment.Job instance at 0x7fb108d4e3c0>,155,14,[5 7],156,489,503,333,489
1,<environment.Job instance at 0x7fb108d4ed20>,159,2,[8 2],160,503,505,343,494
1,<environment.Job instance at 0x7fb108d4e7d0>,160,2,[5 4],161,505,507,344,494
1,<environment.Job instance at 0x7fb108d4e500>,161,2,[6 1],162,507,509,345,496
1,<environment.Job instance at 0x7fb108d4e050>,162,12,[1 9],163,507,519,344,496
1,<environment.Job instance at 0x7fb0c5651d70>,163,1,[7 3],164,519,520,355,496
1,<environment.Job instance at 0x7fb0c5651be0>,164,2,[2 5],165,503,505,338,496
1,<environment.Job instance at 0x7fb0c56510a0>,172,18,[3 8],173,593,611,420,593
1,<environment.Job instance at 0x7fb10928fe10>,7,15,[3 6],8,9,24,1,9
1,<environment.Job instance at 0x7fb0c56511e0>,3,12,[5 4],4,14,26,10,14
1,<environment.Job instance at 0x7fb0c57942d0>,13,13,[5 6],14,24,37,10,15
1,<environment.Job instance at 0x7fb108d63f50>,5,13,[9 1],6,37,50,31,23
1,<environment.Job instance at 0x7fb0c530b5f0>,21,2,[2 9],22,50,52,28,24
1,<environment.Job instance at 0x7fb110432410>,24,17,[2 7],25,52,69,27,45
1,<environment.Job instance at 0x7fb110432960>,25,14,[7 2],26,52,66,26,45
1,<environment.Job instance at 0x7fb110432140>,18,16,[10  3],19,69,85,50,56
1,<environment.Job instance at 0x7fb108c74820>,36,15,[5 6],37,85,100,48,74
1,<environment.Job instance at 0x7fb108c74640>,39,12,[3 9],40,100,112,60,84
1,<environment.Job instance at 0x7fb109356e60>,41,16,[5 5],42,112,128,70,99
1,<environment.Job instance at 0x7fb109356be0>,44,14,[ 3 10],45,128,142,83,113
1,<environment.Job instance at 0x7fb0c57bbeb0>,55,16,[10  3],56,142,158,86,139
1,<environment.Job instance at 0x7fb108c33c30>,2,18,[3 7],3,158,176,155,148
1,<environment.Job instance at 0x7fb0c57bf640>,66,16,[5 6],67,176,192,109,169
1,<environment.Job instance at 0x7fb10928f550>,8,3,[9 5],9,16,19,7,16
1,<environment.Job instance at 0x7fb110432190>,2,16,[6 1],3,19,35,16,16
1,<environment.Job instance at 0x7fb0c5531690>,16,16,[4 9],17,25,41,8,25
1,<environment.Job instance at 0x7fb0c5531050>,18,14,[5 4],19,41,55,22,39
1,<environment.Job instance at 0x7fb1091590a0>,27,13,[9 4],28,55,68,27,43
1,<environment.Job instance at 0x7fb109159e60>,29,3,[4 5],30,44,47,14,44
1,<environment.Job instance at 0x7fb1104fe190>,30,2,[1 5],31,47,49,16,45
1,<environment.Job instance at 0x7fb0c580d410>,34,14,[ 5 10],35,68,82,33,59
1,<environment.Job instance at 0x7fb10d6bae10>,37,15,[4 8],38,82,97,44,69
1,<environment.Job instance at 0x7fb0c5667b40>,17,18,[6 1],18,82,100,64,75
1,<environment.Job instance at 0x7fb1102e5140>,32,18,[6 5],33,100,118,67,96
1,<environment.Job instance at 0x7fb10d69baf0>,36,16,[4 8],37,118,134,81,110
1,<environment.Job instance at 0x7fb108e2d6e0>,50,15,[4 7],51,134,149,83,121
1,<environment.Job instance at 0x7fb108deef50>,53,15,[8 4],54,149,164,95,136
1,<environment.Job instance at 0x7fb0c57b66e0>,46,17,[4 6],47,164,181,117,153
1,<environment.Job instance at 0x7fb10905cbe0>,61,17,[9 4],62,181,198,119,179
1,<environment.Job instance at 0x7fb108e2d230>,52,17,[ 1 10],53,198,215,145,187
1,<environment.Job instance at 0x7fb0c5626b40>,68,18,[10  4],69,215,233,146,214
1,<environment.Job instance at 0x7fb108df3a00>,80,2,[10  4],81,233,235,152,214
1,<environment.Job instance at 0x7fb108df3c80>,79,15,[ 5 10],80,235,250,155,222
1,<environment.Job instance at 0x7fb108df3410>,81,17,[ 2 10],82,250,267,168,245
1,<environment.Job instance at 0x7fb108f79f00>,85,18,[4 6],86,267,285,181,263
1,<environment.Job instance at 0x7fb1093668c0>,89,17,[ 1 10],90,285,302,195,279
1,<environment.Job instance at 0x7fb0c56bc7d0>,96,15,[3 9],97,302,317,205,298
1,<environment.Job instance at 0x7fb0c580dd20>,1,3,[6 5],2,2,5,0,2
1,<environment.Job instance at 0x7fb0c569b1e0>,5,3,[8 5],6,6,9,0,6
1,<environment.Job instance at 0x7fb108df3370>,7,13,[7 1],8,11,24,3,11
1,<environment.Job instance at 0x7fb109069320>,10,12,[3 8],11,11,23,0,11
1,<environment.Job instance at 0x7fb0c5572870>,12,15,[6 2],13,24,39,11,13
1,<environment.Job instance at 0x7fb0c5806640>,20,14,[8 2],21,39,53,18,33
1,<environment.Job instance at 0x7fb108e0aa50>,22,17,[1 5],23,33,50,10,33
1,<environment.Job instance at 0x7fb0c580c870>,15,16,[3 5],16,53,69,37,42
1,<environment.Job instance at 0x7fb10d448550>,29,13,[4 7],30,69,82,39,56
1,<environment.Job instance at 0x7fb10929d3c0>,35,3,[8 5],36,82,85,46,71
1,<environment.Job instance at 0x7fb0c53ebaa0>,38,1,[5 3],39,76,77,37,76
1,<environment.Job instance at 0x7fb1093e1960>,41,16,[5 2],42,88,104,46,88
1,<environment.Job instance at 0x7fb108e1cc80>,42,2,[5 4],43,88,90,45,88
1,<environment.Job instance at 0x7fb1093e1410>,40,13,[5 8],41,91,104,50,91
1,<environment.Job instance at 0x7fb108e1c690>,44,12,[7 5],45,104,116,59,92
1,<environment.Job instance at 0x7fb0c58109b0>,47,16,[8 4],48,116,132,68,103
1,<environment.Job instance at 0x7fb0c5810e10>,51,3,[1 5],52,117,120,65,117
1,<environment.Job instance at 0x7fb0c5810690>,52,12,[8 2],53,132,144,79,117
1,<environment.Job instance at 0x7fb0c5810f00>,53,12,[8 2],54,144,156,90,127
1,<environment.Job instance at 0x7fb0c50b0f00>,61,16,[8 4],62,156,172,94,147
1,<environment.Job instance at 0x7fb0c580af50>,65,15,[9 1],66,172,187,106,159
1,<environment.Job instance at 0x7fb10d8680a0>,73,13,[10  3],74,192,205,118,192
1,<environment.Job instance at 0x7fb10d49e910>,82,14,[3 7],83,216,230,133,216
1,<environment.Job instance at 0x7fb10d49ed20>,84,17,[3 5],85,230,247,145,228
1,<environment.Job instance at 0x7fb0c580ccd0>,5,15,[8 4],6,7,22,1,7
1,<environment.Job instance at 0x7fb108c32230>,6,14,[2 6],7,12,26,5,12
1,<environment.Job instance at 0x7fb10d49ecd0>,4,15,[10  1],5,26,41,21,13
1,<environment.Job instance at 0x7fb109141e10>,11,12,[2 8],12,41,53,29,25
1,<environment.Job instance at 0x7fb0c5823e10>,16,14,[6 2],17,41,55,24,30
1,<environment.Job instance at 0x7fb10d9dd050>,19,14,[4 7],20,53,67,33,40
1,<environment.Job instance at 0x7fb10d9ddc30>,24,14,[5 6],25,67,81,42,52
1,<environment.Job instance at 0x7fb10dad8140>,30,15,[3 7],31,81,96,50,67
1,<environment.Job instance at 0x7fb0c5823140>,15,16,[3 8],16,96,112,80,83
1,<environment.Job instance at 0x7fb10d4c2aa0>,39,1,[5 1],40,100,101,60,100
1,<environment.Job instance at 0x7fb10d4c2640>,40,1,[2 9],41,112,113,71,100
1,<environment.Job instance at 0x7fb10d4c2460>,41,18,[9 3],42,113,131,71,102
1,<environment.Job instance at 0x7fb10d4c2050>,45,2,[5 7],46,131,133,85,117
1,<environment.Job instance at 0x7fb10d4c26e0>,47,3,[10  5],48,133,136,85,117
1,<environment.Job instance at 0x7fb10d4c2cd0>,48,18,[7 1],49,136,154,87,125
1,<environment.Job instance at 0x7fb10d4c28c0>,49,14,[1 8],50,136,150,86,126
1,<environment.Job instance at 0x7fb1090f4f50>,51,12,[4 6],52,154,166,102,137
1,<environment.Job instance at 0x7fb10910e2d0>,57,15,[8 5],58,166,181,108,152
1,<environment.Job instance at 0x7fb10910e690>,62,16,[8 1],63,181,197,118,168
1,<environment.Job instance at 0x7fb10d50e3c0>,6,12,[1 9],7,13,25,6,13
1,<environment.Job instance at 0x7fb10d50e1e0>,8,18,[5 9],9,25,43,16,14
1,<environment.Job instance at 0x7fb1102e6910>,14,16,[3 5],15,43,59,28,30
1,<environment.Job instance at 0x7fb10d50e0f0>,16,12,[1 5],17,43,55,26,33
1,<environment.Job instance at 0x7fb10900dbe0>,24,3,[5 3],25,55,58,30,38
1,<environment.Job instance at 0x7fb10900df00>,25,15,[8 3],26,59,74,33,45
1,<environment.Job instance at 0x7fb1092abe60>,27,13,[9 2],28,74,87,46,59
1,<environment.Job instance at 0x7fb10d594280>,33,14,[5 9],34,87,101,53,72
1,<environment.Job instance at 0x7fb1092ab4b0>,32,12,[9 4],33,101,113,68,85
1,<environment.Job instance at 0x7fb108f3a050>,43,2,[10  3],44,113,115,69,103
1,<environment.Job instance at 0x7fb108f3a190>,44,17,[9 5],45,115,132,70,103
1,<environment.Job instance at 0x7fb10d594cd0>,40,15,[4 9],41,132,147,91,118
1,<environment.Job instance at 0x7fb108f79e60>,51,17,[7 1],52,147,164,95,135
1,<environment.Job instance at 0x7fb108f79550>,54,18,[ 2 10],55,166,184,111,166
1,<environment.Job instance at 0x7fb10d4c2be0>,62,15,[1 9],63,184,199,121,182
1,<environment.Job instance at 0x7fb10d9fef50>,64,14,[ 4 10],65,201,215,136,201
1,<environment.Job instance at 0x7fb10d9fedc0>,65,12,[1 8],66,215,227,149,201
1,<environment.Job instance at 0x7fb0c58503c0>,70,16,[10  2],71,227,243,156,215
1,<environment.Job instance at 0x7fb0c5850dc0>,71,16,[ 2 10],72,243,259,171,233
1,<environment.Job instance at 0x7fb0c5850e60>,4,3,[5 3],5,5,8,0,5
1,<environment.Job instance at 0x7fb0c5617a50>,9,2,[9 5],10,12,14,2,12
1,<environment.Job instance at 0x7fb10d74acd0>,18,16,[1 7],19,26,42,7,26
1,<environment.Job instance at 0x7fb0c4fb8730>,15,13,[7 2],16,26,39,10,26
1,<environment.Job instance at 0x7fb10d5a59b0>,22,2,[6 5],23,42,44,19,26
1,<environment.Job instance at 0x7fb0c50436e0>,20,12,[10  5],21,44,56,23,27
1,<environment.Job instance at 0x7fb10d5a5320>,26,2,[3 7],27,56,58,29,53
1,<environment.Job instance at 0x7fb10d5a5460>,27,15,[5 5],28,58,73,30,53
1,<environment.Job instance at 0x7fb10910ed70>,2,16,[9 2],3,81,97,78,81
1,<environment.Job instance at 0x7fb0c50454b0>,43,16,[8 1],44,97,113,53,86
1,<environment.Job instance at 0x7fb108ca0730>,47,3,[ 2 10],48,113,116,65,102
1,<environment.Job instance at 0x7fb108ca0eb0>,48,3,[10  5],49,116,119,67,102
1,<environment.Job instance at 0x7fb0c50453c0>,36,15,[ 1 10],37,119,134,82,107
1,<environment.Job instance at 0x7fb108ca0d70>,55,13,[9 1],56,134,147,78,118
1,<environment.Job instance at 0x7fb108e9c3c0>,58,15,[3 5],59,147,162,88,134
1,<environment.Job instance at 0x7fb108e9caa0>,62,15,[8 3],63,162,177,99,149
1,<environment.Job instance at 0x7fb10914d730>,65,14,[6 3],66,177,191,111,163
1,<environment.Job instance at 0x7fb10914dd20>,66,13,[2 7],67,164,177,97,164
1,<environment.Job instance at 0x7fb10914d5f0>,69,12,[7 4],70,191,203,121,174
1,<environment.Job instance at 0x7fb0c58235f0>,75,15,[10  4],76,203,218,127,192
1,<environment.Job instance at 0x7fb0c5823320>,81,12,[7 1],82,218,230,136,201
1,<environment.Job instance at 0x7fb0c50d7960>,84,14,[5 2],85,230,244,145,216
1,<environment.Job instance at 0x7fb0c50d78c0>,88,12,[5 3],89,230,242,141,230
1,<environment.Job instance at 0x7fb0c50d73c0>,92,17,[3 6],93,242,259,149,231
1,<environment.Job instance at 0x7fb0c50d7820>,93,14,[5 4],94,244,258,150,233
1,<environment.Job instance at 0x7fb1101bc190>,101,17,[7 4],102,258,275,156,253
1,<environment.Job instance at 0x7fb1101bc550>,107,15,[10  5],108,275,290,167,261
1,<environment.Job instance at 0x7fb108c9e550>,110,17,[8 2],111,290,307,179,279
1,<environment.Job instance at 0x7fb108c9e4b0>,115,14,[9 4],116,307,321,191,297
1,<environment.Job instance at 0x7fb108c9efa0>,117,3,[6 1],118,321,324,203,308
1,<environment.Job instance at 0x7fb108c9e230>,118,18,[5 3],119,324,342,205,313
1,<environment.Job instance at 0x7fb10d669d20>,120,12,[5 7],121,324,336,203,322
1,<environment.Job instance at 0x7fb10d669050>,121,18,[1 7],122,336,354,214,325
1,<environment.Job instance at 0x7fb0c503eb90>,134,18,[7 1],135,342,360,207,340
1,<environment.Job instance at 0x7fb0c503eeb0>,140,12,[9 3],141,360,372,219,360
1,<environment.Job instance at 0x7fb1093a4dc0>,158,3,[6 4],159,585,588,426,585
1,<environment.Job instance at 0x7fb10d6b9410>,160,16,[8 3],161,588,604,427,585
1,<environment.Job instance at 0x7fb10910e640>,163,13,[ 4 10],164,604,617,440,594
1,<environment.Job instance at 0x7fb0c50b0e10>,1,14,[8 5],2,3,17,1,3
1,<environment.Job instance at 0x7fb0c56aba50>,3,13,[7 2],4,17,30,13,5
1,<environment.Job instance at 0x7fb10d5a5af0>,6,3,[10  1],7,30,33,23,7
1,<environment.Job instance at 0x7fb0c565ac80>,15,2,[8 4],16,33,35,17,33
1,<environment.Job instance at 0x7fb108c93b40>,13,13,[1 7],14,35,48,21,33
1,<environment.Job instance at 0x7fb10911b5f0>,2,18,[5 8],3,57,75,54,57
1,<environment.Job instance at 0x7fb0c56269b0>,24,2,[9 3],25,75,77,50,57
1,<environment.Job instance at 0x7fb0c5100370>,22,16,[5 5],23,77,93,54,64
1,<environment.Job instance at 0x7fb0c56263c0>,23,13,[2 7],24,93,106,69,78
1,<environment.Job instance at 0x7fb108c93fa0>,14,18,[1 9],15,106,124,91,95
1,<environment.Job instance at 0x7fb1100484b0>,37,3,[7 4],38,124,127,86,108
1,<environment.Job instance at 0x7fb0c50c71e0>,38,16,[6 1],39,108,124,69,108
1,<environment.Job instance at 0x7fb0c5626690>,26,17,[4 9],27,127,144,100,120
1,<environment.Job instance at 0x7fb0c5064d70>,44,17,[4 8],45,144,161,99,132
1,<environment.Job instance at 0x7fb0c5064eb0>,47,14,[9 1],48,161,175,113,150
1,<environment.Job instance at 0x7fb0c5626820>,25,17,[10  2],26,175,192,149,164
1,<environment.Job instance at 0x7fb108f54410>,57,13,[7 4],58,192,205,134,182
1,<environment.Job instance at 0x7fb108f456e0>,62,1,[9 3],63,205,206,142,182
1,<environment.Job instance at 0x7fb108f45dc0>,66,14,[8 2],67,206,220,139,192
1,<environment.Job instance at 0x7fb108f45d20>,69,16,[1 8],70,206,222,136,197
1,<environment.Job instance at 0x7fb10938c370>,72,12,[3 6],73,222,234,149,217
1,<environment.Job instance at 0x7fb1093a0c30>,74,17,[4 5],75,234,251,159,222
1,<environment.Job instance at 0x7fb10d549f00>,84,18,[7 5],85,251,269,166,248
1,<environment.Job instance at 0x7fb0c5472eb0>,87,16,[7 4],88,274,290,186,274
1,<environment.Job instance at 0x7fb10d542eb0>,92,14,[1 7],93,298,312,205,298
1,<environment.Job instance at 0x7fb1091e7d20>,93,1,[1 7],94,312,313,218,298
1,<environment.Job instance at 0x7fb10db66fa0>,96,15,[9 4],97,313,328,216,303
1,<environment.Job instance at 0x7fb109220640>,98,1,[7 1],99,308,309,209,308
1,<environment.Job instance at 0x7fb109220960>,100,1,[2 9],101,328,329,227,308
1,<environment.Job instance at 0x7fb109220190>,101,15,[6 1],102,328,343,226,314
1,<environment.Job instance at 0x7fb10d64f230>,103,16,[9 3],104,343,359,239,332
1,<environment.Job instance at 0x7fb1093aaa00>,109,12,[10  3],110,359,371,249,347
1,<environment.Job instance at 0x7fb1093aa8c0>,112,18,[10  4],113,371,389,258,361
1,<environment.Job instance at 0x7fb0c5276960>,114,17,[6 4],115,389,406,274,379
1,<environment.Job instance at 0x7fb108fe23c0>,118,13,[8 3],119,406,419,287,390
1,<environment.Job instance at 0x7fb1093a89b0>,126,18,[5 7],127,419,437,292,409
1,<environment.Job instance at 0x7fb108f32230>,131,1,[ 5 10],132,437,438,305,411
1,<environment.Job instance at 0x7fb1093bd690>,135,15,[5 5],136,459,474,323,459
1,<environment.Job instance at 0x7fb1093bdbe0>,136,14,[1 8],137,474,488,337,459
1,<environment.Job instance at 0x7fb1093bddc0>,138,13,[9 1],139,474,487,335,468
1,<environment.Job instance at 0x7fb1093bdc80>,141,2,[3 9],142,488,490,346,468
1,<environment.Job instance at 0x7fb1093bdc30>,143,3,[8 3],144,490,493,346,474
1,<environment.Job instance at 0x7fb1093bd5a0>,144,17,[5 2],145,493,510,348,481
1,<environment.Job instance at 0x7fb1093bdeb0>,148,18,[2 5],149,490,508,341,490
1,<environment.Job instance at 0x7fb1093bd410>,153,12,[2 9],154,510,522,356,505
1,<environment.Job instance at 0x7fb109246be0>,0,13,[2 8],1,13,26,12,13
1,<environment.Job instance at 0x7fb0c4fdfa50>,13,1,[10  2],14,26,27,12,14
1,<environment.Job instance at 0x7fb0c4ff7410>,19,18,[1 5],20,78,96,58,78
1,<environment.Job instance at 0x7fb0c4e82c80>,23,13,[6 4],24,82,95,58,82
1,<environment.Job instance at 0x7fb109252690>,12,17,[4 9],13,96,113,83,84
1,<environment.Job instance at 0x7fb10d4685a0>,32,2,[10  2],33,113,115,80,103
1,<environment.Job instance at 0x7fb10d468190>,33,1,[3 5],34,115,116,81,104
1,<environment.Job instance at 0x7fb0c55a1690>,36,1,[1 6],37,116,117,79,104
1,<environment.Job instance at 0x7fb10d959d70>,37,15,[3 5],38,117,132,79,104
1,<environment.Job instance at 0x7fb10da1f0f0>,39,13,[3 8],40,132,145,92,121
1,<environment.Job instance at 0x7fb108fe1500>,3,17,[10  5],4,145,162,141,134
1,<environment.Job instance at 0x7fb10da1fb90>,44,15,[9 1],45,162,177,117,153
1,<environment.Job instance at 0x7fb0c4e79dc0>,49,17,[7 1],50,177,194,127,165
1,<environment.Job instance at 0x7fb0c4e79cd0>,50,13,[1 5],51,168,181,117,168
1,<environment.Job instance at 0x7fb10d8ea3c0>,53,13,[2 7],54,189,202,135,189
1,<environment.Job instance at 0x7fb108fb3910>,1,3,[5 3],2,2,5,0,2
1,<environment.Job instance at 0x7fb0c5850fa0>,3,1,[9 4],4,5,6,1,4
1,<environment.Job instance at 0x7fb10d8ea550>,6,1,[5 3],7,7,8,0,7
1,<environment.Job instance at 0x7fb0c507b4b0>,0,13,[9 4],1,10,23,9,10
1,<environment.Job instance at 0x7fb0c50dd0a0>,10,16,[9 3],11,23,39,12,11
1,<environment.Job instance at 0x7fb0c50ddd20>,13,3,[5 5],14,39,42,25,14
1,<environment.Job instance at 0x7fb0c50dd5f0>,18,16,[7 3],19,42,58,23,31
1,<environment.Job instance at 0x7fb10d5a2730>,24,14,[10  2],25,58,72,33,43
1,<environment.Job instance at 0x7fb0c50dd2d0>,21,17,[4 6],22,72,89,50,60
1,<environment.Job instance at 0x7fb10d5a2c30>,33,14,[8 4],34,89,103,55,74
1,<environment.Job instance at 0x7fb0c4e48be0>,37,18,[3 5],38,103,121,65,92
1,<environment.Job instance at 0x7fb0c4e57190>,43,17,[6 4],44,103,120,59,103
1,<environment.Job instance at 0x7fb0c4e57f00>,51,13,[ 5 10],52,121,134,69,105
1,<environment.Job instance at 0x7fb0c4e57e60>,47,17,[4 8],48,134,151,86,125
1,<environment.Job instance at 0x7fb0c4e57320>,56,3,[4 7],57,151,154,94,125
1,<environment.Job instance at 0x7fb0c4e4bd20>,58,1,[10  4],59,154,155,95,127
1,<environment.Job instance at 0x7fb0c4e57d70>,54,16,[10  1],55,155,171,100,143
1,<environment.Job instance at 0x7fb0c4e4b140>,69,3,[10  4],70,171,174,101,161
1,<environment.Job instance at 0x7fb0c4e4b6e0>,70,13,[1 6],71,174,187,103,162
1,<environment.Job instance at 0x7fb0c4e4b960>,71,18,[10  3],72,187,205,115,177
1,<environment.Job instance at 0x7fb0c531f6e0>,76,13,[9 3],77,205,218,128,189
1,<environment.Job instance at 0x7fb0c531f190>,86,18,[6 4],87,224,242,137,224
1,<environment.Job instance at 0x7fb0c531feb0>,90,17,[5 2],91,246,263,155,246
1,<environment.Job instance at 0x7fb0c5303320>,93,15,[7 4],94,263,278,169,254
1,<environment.Job instance at 0x7fb0c5303fa0>,94,14,[3 5],95,264,278,169,264
1,<environment.Job instance at 0x7fb0c5303d70>,98,3,[1 5],99,278,281,179,278
1,<environment.Job instance at 0x7fb0c4e9f050>,99,13,[5 7],100,281,294,181,278
1,<environment.Job instance at 0x7fb0c5303be0>,100,15,[10  1],101,294,309,193,281
1,<environment.Job instance at 0x7fb0c4e9f280>,102,17,[5 5],103,309,326,206,302
1,<environment.Job instance at 0x7fb0c5513aa0>,4,17,[7 5],5,7,24,2,7
1,<environment.Job instance at 0x7fb0c55135f0>,7,1,[9 1],8,24,25,16,8
1,<environment.Job instance at 0x7fb0c4fcc7d0>,11,2,[1 6],12,24,26,12,12
1,<environment.Job instance at 0x7fb0c5513780>,5,13,[7 1],6,25,38,19,15
1,<environment.Job instance at 0x7fb1090ecf00>,19,2,[5 8],20,38,40,18,20
1,<environment.Job instance at 0x7fb10d62c3c0>,14,15,[9 3],15,40,55,25,26
1,<environment.Job instance at 0x7fb0c4f1d9b0>,27,12,[5 6],28,55,67,27,46
1,<environment.Job instance at 0x7fb0c4fd4f50>,12,16,[2 9],13,67,83,54,54
1,<environment.Job instance at 0x7fb0c4e922d0>,33,15,[4 9],34,83,98,49,70
1,<environment.Job instance at 0x7fb0c4e7d5f0>,42,3,[1 6],43,100,103,57,100
1,<environment.Job instance at 0x7fb0c4e7df50>,44,14,[10  2],45,103,117,58,101
1,<environment.Job instance at 0x7fb0c4e7deb0>,48,13,[4 6],49,117,130,68,101
1,<environment.Job instance at 0x7fb0c4ffdd70>,53,14,[8 5],54,130,144,76,117
1,<environment.Job instance at 0x7fb0c4ffd230>,55,18,[5 8],56,144,162,88,133
1,<environment.Job instance at 0x7fb108e1b500>,61,15,[2 9],62,162,177,100,152
1,<environment.Job instance at 0x7fb0c563d7d0>,65,16,[2 7],66,177,193,111,170
1,<environment.Job instance at 0x7fb0c502c4b0>,68,16,[10  1],69,193,209,124,180
1,<environment.Job instance at 0x7fb0c502cb40>,66,16,[4 6],67,209,225,142,198
1,<environment.Job instance at 0x7fb0c5012500>,76,15,[5 2],77,211,226,134,211
1,<environment.Job instance at 0x7fb0c5237fa0>,85,17,[5 8],86,225,242,139,220
1,<environment.Job instance at 0x7fb0c520c370>,87,12,[2 8],88,242,254,154,227
1,<environment.Job instance at 0x7fb1093bb820>,91,12,[10  4],92,254,266,162,244
1,<environment.Job instance at 0x7fb0c50d97d0>,94,16,[3 6],95,266,282,171,257
1,<environment.Job instance at 0x7fb10d5d0910>,98,1,[9 5],99,282,283,183,272
1,<environment.Job instance at 0x7fb10d5d04b0>,100,3,[5 2],101,275,278,174,275
1,<environment.Job instance at 0x7fb10d5e65f0>,104,14,[5 6],105,283,297,178,280
1,<environment.Job instance at 0x7fb0c5425960>,105,14,[7 3],106,297,311,191,286
1,<environment.Job instance at 0x7fb0c5425910>,112,16,[8 2],113,311,327,198,309
1,<environment.Job instance at 0x7fb0c5401460>,113,17,[4 5],114,327,344,213,319
1,<environment.Job instance at 0x7fb0c519be10>,116,13,[ 2 10],117,344,357,227,328
1,<environment.Job instance at 0x7fb0c519b1e0>,120,13,[10  2],121,357,370,236,345
1,<environment.Job instance at 0x7fb0c519bfa0>,121,18,[ 3 10],122,370,388,248,361
1,<environment.Job instance at 0x7fb0c5430a00>,126,17,[ 5 10],127,388,405,261,376
1,<environment.Job instance at 0x7fb0c54303c0>,128,17,[1 7],129,405,422,276,396
1,<environment.Job instance at 0x7fb0c5406a00>,139,1,[2 6],140,422,423,282,403
1,<environment.Job instance at 0x7fb0c5406870>,140,18,[7 3],141,405,423,264,403
1,<environment.Job instance at 0x7fb0c5406320>,142,14,[6 4],143,423,437,280,408
1,<environment.Job instance at 0x7fb0c5406be0>,146,13,[7 1],147,437,450,290,423
1,<environment.Job instance at 0x7fb0c5406730>,148,12,[2 6],149,436,448,287,436
1,<environment.Job instance at 0x7fb0c5179320>,151,15,[5 6],152,450,465,298,436
1,<environment.Job instance at 0x7fb0c5179410>,153,3,[1 9],154,465,468,311,452
1,<environment.Job instance at 0x7fb0c5179a50>,154,12,[10  5],155,468,480,313,453
1,<environment.Job instance at 0x7fb0c585d6e0>,156,3,[3 8],157,480,483,323,454
1,<environment.Job instance at 0x7fb0c519e2d0>,159,18,[3 7],160,483,501,323,472
1,<environment.Job instance at 0x7fb108c79f50>,166,13,[9 2],167,501,514,334,485
1,<environment.Job instance at 0x7fb108c79050>,170,13,[9 1],171,514,527,343,498
1,<environment.Job instance at 0x7fb108c79a50>,171,16,[10  2],172,527,543,355,514
1,<environment.Job instance at 0x7fb0c5804320>,5,2,[2 8],6,6,8,0,6
1,<environment.Job instance at 0x7fb10935ea50>,18,2,[2 5],19,40,42,21,40
1,<environment.Job instance at 0x7fb10d79e140>,20,14,[10  2],21,42,56,21,40
1,<environment.Job instance at 0x7fb10d821a00>,16,13,[ 1 10],17,56,69,39,40
1,<environment.Job instance at 0x7fb0c568ab40>,27,13,[2 9],28,69,82,41,57
1,<environment.Job instance at 0x7fb1092d8050>,29,17,[8 4],30,82,99,52,71
1,<environment.Job instance at 0x7fb0c5513f50>,12,16,[ 5 10],13,99,115,86,86
1,<environment.Job instance at 0x7fb109110780>,38,14,[3 7],39,115,129,76,101
1,<environment.Job instance at 0x7fb0c4eb2230>,41,15,[5 5],42,129,144,87,115
1,<environment.Job instance at 0x7fb0c51d9910>,43,18,[8 4],44,144,162,100,135
1,<environment.Job instance at 0x7fb108ebecd0>,47,13,[9 3],48,162,175,114,146
1,<environment.Job instance at 0x7fb0c54f2190>,50,15,[2 7],51,175,190,124,161
1,<environment.Job instance at 0x7fb0c54f2fa0>,54,13,[5 6],55,190,203,135,174
1,<environment.Job instance at 0x7fb108fddd20>,5,14,[4 7],6,7,21,1,7
1,<environment.Job instance at 0x7fb10d6221e0>,11,14,[4 7],12,21,35,9,12
1,<environment.Job instance at 0x7fb10d622af0>,14,17,[5 4],15,35,52,20,25
1,<environment.Job instance at 0x7fb10d622230>,17,14,[10  5],18,52,66,34,37
1,<environment.Job instance at 0x7fb10d622c30>,22,16,[5 8],23,66,82,43,53
1,<environment.Job instance at 0x7fb0c55c8550>,0,15,[7 3],1,82,97,81,68
1,<environment.Job instance at 0x7fb1091e7e10>,33,15,[5 5],34,97,112,63,83
1,<environment.Job instance at 0x7fb0c5707cd0>,40,14,[7 3],41,201,215,160,201
1,<environment.Job instance at 0x7fb0c57079b0>,41,16,[2 9],42,215,231,173,203
1,<environment.Job instance at 0x7fb0c57075a0>,44,18,[9 3],45,231,249,186,220
1,<environment.Job instance at 0x7fb0c4fa4500>,48,12,[3 9],49,249,261,200,236
1,<environment.Job instance at 0x7fb0c4fa4910>,54,13,[10  2],55,261,274,206,257
1,<environment.Job instance at 0x7fb10d85bdc0>,58,17,[2 5],59,278,295,219,278
1,<environment.Job instance at 0x7fb10d85b3c0>,59,2,[6 3],60,278,280,218,278
1,<environment.Job instance at 0x7fb10d85bc80>,64,18,[1 5],65,318,336,253,318
1,<environment.Job instance at 0x7fb10d85b050>,66,2,[5 4],67,318,320,251,318
1,<environment.Job instance at 0x7fb10d85b9b0>,72,12,[ 4 10],73,343,355,270,343
1,<environment.Job instance at 0x7fb10d85b910>,74,16,[8 4],75,355,371,280,343
1,<environment.Job instance at 0x7fb10d85b5a0>,1,15,[9 1],2,3,18,1,3
1,<environment.Job instance at 0x7fb0c5300550>,3,15,[3 5],4,18,33,14,4
1,<environment.Job instance at 0x7fb10d5c94b0>,7,2,[10  4],8,33,35,25,8
1,<environment.Job instance at 0x7fb108e70fa0>,8,15,[2 9],9,35,50,26,22
1,<environment.Job instance at 0x7fb0c4d99eb0>,14,3,[2 6],15,50,53,35,29
1,<environment.Job instance at 0x7fb0c4d992d0>,11,18,[8 3],12,50,68,38,39
1,<environment.Job instance at 0x7fb0c4db7af0>,19,13,[3 9],20,68,81,48,52
1,<environment.Job instance at 0x7fb0c4dab1e0>,22,16,[6 1],23,69,85,46,69
1,<environment.Job instance at 0x7fb0c4da9050>,26,12,[10  3],27,85,97,58,72
1,<environment.Job instance at 0x7fb10d6511e0>,12,16,[4 9],13,97,113,84,87
1,<environment.Job instance at 0x7fb10d9cdbe0>,34,15,[8 1],35,113,128,78,102
1,<environment.Job instance at 0x7fb0c4db0960>,39,12,[6 3],40,128,140,88,111
1,<environment.Job instance at 0x7fb0c4d9dbe0>,41,15,[ 4 10],42,140,155,98,126
1,<environment.Job instance at 0x7fa500888230>,4,18,[10  4],5,8,26,3,8
1,<environment.Job instance at 0x7fa500910e60>,3,18,[ 3 10],4,26,44,22,23
1,<environment.Job instance at 0x7fa4fb478780>,13,13,[1 8],14,44,57,30,33
1,<environment.Job instance at 0x7fa4fb478cd0>,18,16,[8 5],19,57,73,38,44
1,<environment.Job instance at 0x7fa4fb478e10>,21,3,[ 2 10],22,73,76,51,62
1,<environment.Job instance at 0x7fa4fb478fa0>,23,18,[5 2],24,76,94,52,65
1,<environment.Job instance at 0x7fa4fb4793c0>,27,2,[6 4],28,94,96,66,67
1,<environment.Job instance at 0x7fa4fb479500>,29,13,[1 6],30,76,89,46,69
1,<environment.Job instance at 0x7fa4fb479640>,31,17,[4 9],32,96,113,64,85
1,<environment.Job instance at 0x7fa4fb479370>,33,2,[5 3],34,89,91,55,87
1,<environment.Job instance at 0x7fa4fb4798c0>,34,3,[9 5],35,113,116,78,87
1,<environment.Job instance at 0x7fa4fb479c30>,35,16,[8 1],36,116,132,80,103
1,<environment.Job instance at 0x7fa4fb479c80>,39,18,[5 8],40,132,150,92,123
1,<environment.Job instance at 0x7fa4fb47c910>,3,3,[5 4],4,5,8,1,5
1,<environment.Job instance at 0x7fa4fb484aa0>,0,18,[5 1],1,9,27,8,9
1,<environment.Job instance at 0x7fa4fb493d70>,10,2,[3 8],11,16,18,5,16
1,<environment.Job instance at 0x7fa4fb495c30>,15,17,[5 9],16,18,35,2,16
1,<environment.Job instance at 0x7fa4fb4959b0>,16,13,[5 1],17,27,40,10,19
1,<environment.Job instance at 0x7fa4fb4957d0>,14,17,[10  2],15,48,65,33,48
1,<environment.Job instance at 0x7fa4fb49a730>,22,17,[10  4],23,65,82,42,57
1,<environment.Job instance at 0x7fa4fb493410>,5,16,[ 3 10],6,82,98,76,78
1,<environment.Job instance at 0x7fa4fb41ce10>,33,15,[5 6],34,98,113,64,86
1,<environment.Job instance at 0x7fa4fb41c370>,35,17,[3 5],36,113,130,77,106
1,<environment.Job instance at 0x7fa4fb49a140>,27,18,[ 1 10],28,130,148,102,119
1,<environment.Job instance at 0x7fa4fb41ff50>,42,16,[8 5],43,148,164,105,135
1,<environment.Job instance at 0x7fa4b57feaf0>,48,18,[3 8],49,164,182,115,155
1,<environment.Job instance at 0x7fa4b57feb90>,49,16,[9 4],50,182,198,132,175
1,<environment.Job instance at 0x7fa4b57fec30>,53,18,[1 6],54,182,200,128,182
1,<environment.Job instance at 0x7fa4b57fee10>,54,15,[9 5],55,200,215,145,186
1,<environment.Job instance at 0x7fa4b5801320>,60,18,[8 5],61,215,233,154,207
1,<environment.Job instance at 0x7fa4b58011e0>,64,17,[1 9],65,233,250,168,225
1,<environment.Job instance at 0x7fa4b5802140>,69,12,[1 8],70,250,262,180,234
1,<environment.Job instance at 0x7fa4b58ecb40>,77,14,[3 5],78,267,281,189,267
1,<environment.Job instance at 0x7fa4b5895e10>,82,17,[8 2],83,610,627,527,610
1,<environment.Job instance at 0x7fa4b58983c0>,85,2,[7 1],86,627,629,541,614
1,<environment.Job instance at 0x7fa4b59e45f0>,86,14,[5 4],87,629,643,542,614
1,<environment.Job instance at 0x7fa4b59a3460>,89,13,[5 7],90,643,656,553,627
1,<environment.Job instance at 0x7fa4b595fd70>,96,13,[3 6],97,628,641,531,628
1,<environment.Job instance at 0x7fa4b597f6e0>,99,14,[5 7],100,796,810,696,796
1,<environment.Job instance at 0x7fa4b596cc80>,103,18,[9 2],104,810,828,706,799
1,<environment.Job instance at 0x7fa4fb495370>,1,3,[10  4],2,2,5,0,2
1,<environment.Job instance at 0x7fa4b596cbe0>,2,2,[6 4],3,5,7,2,5
1,<environment.Job instance at 0x7fa4fb493320>,4,2,[1 9],5,8,10,3,8
1,<environment.Job instance at 0x7fa4b56dbc30>,10,12,[1 5],11,14,26,3,14
1,<environment.Job instance at 0x7fa4b5730370>,19,17,[2 6],20,46,63,26,46
1,<environment.Job instance at 0x7fa4b56dd370>,22,17,[4 6],23,63,80,40,51
1,<environment.Job instance at 0x7fa5009fa320>,25,12,[4 7],26,82,94,56,82
1,<environment.Job instance at 0x7fa4b574f960>,27,13,[4 6],28,94,107,66,82
1,<environment.Job instance at 0x7fa4b57bc780>,32,13,[8 1],33,107,120,74,91
1,<environment.Job instance at 0x7fa4b57bc5f0>,36,13,[1 6],37,107,120,70,103
1,<environment.Job instance at 0x7fa4fb93e690>,37,14,[10  3],38,120,134,82,105
1,<environment.Job instance at 0x7fa4fb1f40a0>,42,13,[3 9],43,134,147,91,118
1,<environment.Job instance at 0x7fa4b576b410>,46,13,[8 4],47,152,165,105,152
1,<environment.Job instance at 0x7fa4b576b870>,47,14,[9 1],48,169,183,121,169
1,<environment.Job instance at 0x7fa4b5719dc0>,52,12,[8 5],53,203,215,150,203
1,<environment.Job instance at 0x7fa4b5719190>,55,15,[5 7],56,215,230,159,205
1,<environment.Job instance at 0x7fa4b5ccffa0>,5,17,[ 5 10],6,15,32,9,15
1,<environment.Job instance at 0x7fa4fdc7c960>,13,2,[6 5],14,32,34,18,22
1,<environment.Job instance at 0x7fa4fdc7c690>,14,1,[7 3],15,34,35,19,22
1,<environment.Job instance at 0x7fa4fb2853c0>,16,14,[9 2],17,35,49,18,25
1,<environment.Job instance at 0x7fa4fdc7cf50>,10,12,[7 2],11,49,61,38,33
1,<environment.Job instance at 0x7fa4b5a61be0>,19,3,[4 9],20,61,64,41,36
1,<environment.Job instance at 0x7fa4fdd0c640>,20,13,[10  4],21,64,77,43,48
1,<environment.Job instance at 0x7fa4b5a61460>,22,17,[2 5],23,77,94,54,65
1,<environment.Job instance at 0x7fa4fb56c2d0>,29,14,[4 9],30,94,108,64,85
1,<environment.Job instance at 0x7fa4fb5da7d0>,31,3,[5 9],32,108,111,76,85
1,<environment.Job instance at 0x7fa4fe072be0>,33,3,[5 5],34,85,88,51,85
1,<environment.Job instance at 0x7fa4fb709cd0>,36,18,[9 4],37,111,129,74,101
1,<environment.Job instance at 0x7fa4fd9c8500>,38,17,[2 6],39,129,146,90,119
1,<environment.Job instance at 0x7fa4fb4fdeb0>,42,15,[10  1],43,146,161,103,135
1,<environment.Job instance at 0x7fa4fb5f5460>,45,13,[8 5],46,161,174,115,148
1,<environment.Job instance at 0x7fa4fb623550>,48,16,[6 5],49,174,190,125,161
1,<environment.Job instance at 0x7fa4fb5aa6e0>,53,14,[4 8],54,190,204,136,175
1,<environment.Job instance at 0x7fa4fb59a780>,56,15,[9 1],57,204,219,147,190
1,<environment.Job instance at 0x7fa4fb59ad70>,59,13,[1 8],60,204,217,144,201
1,<environment.Job instance at 0x7fa4fb59ab40>,61,13,[6 5],62,219,232,157,203
1,<environment.Job instance at 0x7fa4fb460c30>,63,15,[6 1],64,232,247,168,221
1,<environment.Job instance at 0x7fa4fb460b40>,69,16,[10  2],70,247,263,177,244
1,<environment.Job instance at 0x7fa4fb460af0>,70,15,[5 6],71,263,278,192,249
1,<environment.Job instance at 0x7fa4fb851f00>,75,12,[10  3],76,278,290,202,263
1,<environment.Job instance at 0x7fa4fb8225f0>,76,14,[5 4],77,264,278,187,264
1,<environment.Job instance at 0x7fa4fb4cfaf0>,80,17,[2 6],81,290,307,209,279
1,<environment.Job instance at 0x7fa4fb52e370>,87,3,[10  4],88,307,310,219,288
1,<environment.Job instance at 0x7fa4fb5a7190>,92,15,[10  1],93,310,325,217,298
1,<environment.Job instance at 0x7fa4fb5c32d0>,94,13,[1 8],95,325,338,230,309
1,<environment.Job instance at 0x7fa4fb511cd0>,101,2,[2 6],102,338,340,236,336
1,<environment.Job instance at 0x7fa4fb5115f0>,103,16,[8 5],104,340,356,236,336
1,<environment.Job instance at 0x7fa4fb4b06e0>,104,16,[9 4],105,356,372,251,348
1,<environment.Job instance at 0x7fa4fb6f25f0>,107,13,[ 4 10],108,372,385,264,356
1,<environment.Job instance at 0x7fa4fb6f2d70>,110,14,[1 8],111,385,399,274,374
1,<environment.Job instance at 0x7fa4fb471190>,113,13,[5 1],114,385,398,271,383
1,<environment.Job instance at 0x7fa4fb471f00>,115,2,[3 5],116,399,401,283,383
1,<environment.Job instance at 0x7fa4fb471050>,116,12,[1 5],117,399,411,282,384
1,<environment.Job instance at 0x7fa4fb471d70>,118,14,[9 1],119,401,415,282,386
1,<environment.Job instance at 0x7fa4fb471640>,119,17,[1 9],120,411,428,291,406
1,<environment.Job instance at 0x7fa4fdf144b0>,1,12,[5 5],2,3,15,1,3
1,<environment.Job instance at 0x7fa4fdd10280>,3,13,[7 4],4,15,28,11,4
1,<environment.Job instance at 0x7fa4fb899730>,13,13,[5 5],14,28,41,14,17
1,<environment.Job instance at 0x7fa4fb516230>,15,14,[4 6],16,41,55,25,26
1,<environment.Job instance at 0x7fa4fb8e80f0>,24,13,[5 3],25,30,43,5,30
1,<environment.Job instance at 0x7fa4fb8e85a0>,26,14,[6 4],27,43,57,16,34
1,<environment.Job instance at 0x7fa4fb899230>,11,16,[5 7],12,57,73,45,44
1,<environment.Job instance at 0x7fa4fdb6b870>,30,13,[5 3],31,57,70,26,46
1,<environment.Job instance at 0x7fa4fb8e8190>,32,17,[6 4],33,73,90,40,66
1,<environment.Job instance at 0x7fa4fb512eb0>,40,14,[ 2 10],41,90,104,49,78
1,<environment.Job instance at 0x7fa4fb892780>,43,18,[5 5],44,104,122,60,93
1,<environment.Job instance at 0x7fa4fb892c80>,44,16,[5 5],45,104,120,59,93
1,<environment.Job instance at 0x7fa4fdf55280>,46,13,[3 9],47,122,135,75,110
1,<environment.Job instance at 0x7fa4b5b4cdc0>,48,18,[1 5],49,135,153,86,126
1,<environment.Job instance at 0x7fa4fb8ce6e0>,52,13,[9 4],53,135,148,82,127
1,<environment.Job instance at 0x7fa4fb8bc730>,54,16,[2 7],55,153,169,98,140
1,<environment.Job instance at 0x7fa4fb8c2370>,58,16,[8 3],59,151,167,92,151
1,<environment.Job instance at 0x7fa4fb8bfc80>,65,18,[5 5],66,170,188,104,170
1,<environment.Job instance at 0x7fa4fb3f76e0>,67,2,[10  3],68,188,190,120,171
1,<environment.Job instance at 0x7fa4fb8bdc80>,72,18,[4 7],73,196,214,123,196
1,<environment.Job instance at 0x7fa4fb8e20a0>,69,14,[5 1],70,203,217,133,203
1,<environment.Job instance at 0x7fa4fb8bd280>,73,18,[7 1],74,217,235,143,206
1,<environment.Job instance at 0x7fa4fb8bdd20>,77,3,[6 3],78,235,238,157,222
1,<environment.Job instance at 0x7fa4fb8bd1e0>,74,14,[9 1],75,238,252,163,227
1,<environment.Job instance at 0x7fa4fb8d9f00>,83,14,[3 6],84,252,266,168,238
1,<environment.Job instance at 0x7fa4fb8d9fa0>,86,13,[9 3],87,266,279,179,251
1,<environment.Job instance at 0x7fa4fb8d92d0>,89,15,[5 7],90,279,294,189,266
1,<environment.Job instance at 0x7fa4fb892140>,42,16,[ 3 10],43,294,310,251,282
1,<environment.Job instance at 0x7fa4fb8d00f0>,98,14,[1 7],99,310,324,211,299
1,<environment.Job instance at 0x7fa4fb8d0b40>,99,18,[6 4],100,324,342,224,313
1,<environment.Job instance at 0x7fa4fb8e85f0>,1,18,[3 8],2,3,21,1,3
1,<environment.Job instance at 0x7fa4b5b657d0>,7,15,[7 4],8,21,36,13,10
1,<environment.Job instance at 0x7fa4b5b65550>,6,16,[1 6],7,21,37,14,11
1,<environment.Job instance at 0x7fa4b5b65a00>,12,3,[1 8],13,37,40,24,13
1,<environment.Job instance at 0x7fa4b5b658c0>,15,15,[3 5],16,40,55,24,26
1,<environment.Job instance at 0x7fa4b56c39b0>,25,12,[2 8],26,55,67,29,42
1,<environment.Job instance at 0x7fa4fdb84a00>,17,13,[9 1],18,67,80,49,52
1,<environment.Job instance at 0x7fa4fdbfaaa0>,29,15,[2 6],30,80,95,50,69
1,<environment.Job instance at 0x7fa4fdbfa960>,32,13,[2 9],33,95,108,62,79
1,<environment.Job instance at 0x7fa4fdbfadc0>,41,1,[8 4],42,108,109,66,101
1,<environment.Job instance at 0x7fa4fde59140>,42,1,[2 5],43,108,109,65,101
1,<environment.Job instance at 0x7fa4fde59500>,43,2,[ 4 10],44,109,111,65,101
1,<environment.Job instance at 0x7fa4fdbfa460>,44,18,[10  2],45,111,129,66,101
1,<environment.Job instance at 0x7fa4fde59a50>,45,3,[5 6],46,129,132,83,103
1,<environment.Job instance at 0x7fa4fde59320>,48,18,[5 8],49,132,150,83,121
1,<environment.Job instance at 0x7fa4b5bf90f0>,53,14,[ 5 10],54,150,164,96,138
1,<environment.Job instance at 0x7fa4b5bf9cd0>,55,3,[9 2],56,164,167,108,138
1,<environment.Job instance at 0x7fa4b5bf9f00>,58,15,[5 8],59,167,182,108,153
1,<environment.Job instance at 0x7fa4fdead1e0>,62,12,[10  4],63,182,194,119,165
1,<environment.Job instance at 0x7fa4fde22e10>,65,15,[8 1],66,194,209,128,180
1,<environment.Job instance at 0x7fa4fde22780>,67,1,[2 6],68,194,195,126,183
1,<environment.Job instance at 0x7fa4fde225a0>,69,15,[6 2],70,209,224,139,195
1,<environment.Job instance at 0x7fa4fb339af0>,71,15,[5 4],72,224,239,152,211
1,<environment.Job instance at 0x7fa4fb339140>,74,17,[2 5],75,226,243,151,226
1,<environment.Job instance at 0x7fa4fb339e10>,76,15,[3 5],77,239,254,162,226
1,<environment.Job instance at 0x7fa4fb5c3e60>,80,12,[10  1],81,254,266,173,243
1,<environment.Job instance at 0x7fa4fb5c3eb0>,82,16,[9 4],83,266,282,183,253
1,<environment.Job instance at 0x7fa4fdbfba00>,86,18,[8 1],87,282,300,195,272
1,<environment.Job instance at 0x7fa5008c9370>,84,17,[1 9],85,284,301,199,284
1,<environment.Job instance at 0x7fa4fdbfb960>,94,18,[5 5],95,301,319,206,290
1,<environment.Job instance at 0x7fa4fdbfb5f0>,97,12,[2 8],98,319,331,221,308
1,<environment.Job instance at 0x7fa4fb589f50>,99,12,[4 6],100,331,343,231,314
1,<environment.Job instance at 0x7fa4b56de460>,101,13,[10  4],102,343,356,241,327
1,<environment.Job instance at 0x7fa4fb90da00>,106,17,[2 5],107,356,373,249,345
1,<environment.Job instance at 0x7fa4fb206eb0>,109,13,[6 4],110,356,369,246,347
1,<environment.Job instance at 0x7fa4fde5b910>,114,12,[9 1],115,377,389,262,377
1,<environment.Job instance at 0x7fa4fdd2a500>,119,18,[7 5],120,402,420,282,402
1,<environment.Job instance at 0x7fa4fb473aa0>,121,14,[5 8],122,420,434,298,417
1,<environment.Job instance at 0x7fa4b5d37be0>,124,17,[7 2],125,434,451,309,432
1,<environment.Job instance at 0x7fa4b580b320>,130,12,[7 4],131,469,481,338,469
1,<environment.Job instance at 0x7fa4fdefc640>,135,3,[10  4],136,510,513,374,510
1,<environment.Job instance at 0x7fa4b5d43320>,2,14,[9 2],3,3,17,0,3
1,<environment.Job instance at 0x7fa4fb3f4af0>,3,16,[2 6],4,17,33,13,5
1,<environment.Job instance at 0x7fa4fb9a7f50>,6,12,[2 7],7,33,45,26,18
1,<environment.Job instance at 0x7fa4fb24d730>,1,15,[8 4],2,45,60,43,43
1,<environment.Job instance at 0x7fa4fb746eb0>,22,18,[7 4],23,60,78,37,49
1,<environment.Job instance at 0x7fa4fdcfa280>,23,14,[ 2 10],24,78,92,54,70
1,<environment.Job instance at 0x7fa4b5bc7aa0>,26,2,[5 7],27,92,94,65,70
1,<environment.Job instance at 0x7fa50078ac80>,28,3,[9 5],29,94,97,65,70
1,<environment.Job instance at 0x7fa4fdc196e0>,33,16,[3 8],34,97,113,63,86
1,<environment.Job instance at 0x7fa4fde14e10>,36,13,[5 7],37,113,126,76,97
1,<environment.Job instance at 0x7fa4fdc19f50>,34,13,[10  5],35,126,139,91,111
1,<environment.Job instance at 0x7fa4fb2e8690>,42,17,[9 4],43,139,156,96,127
1,<environment.Job instance at 0x7fa4fb707a00>,50,12,[4 8],51,156,168,105,142
1,<environment.Job instance at 0x7fa4b5a600a0>,58,18,[5 9],59,168,186,109,167
1,<environment.Job instance at 0x7fa4b5a602d0>,63,13,[8 4],64,186,199,122,175
1,<environment.Job instance at 0x7fa4fb4ce3c0>,67,13,[10  4],68,199,212,131,185
1,<environment.Job instance at 0x7fa4fb3ca410>,69,13,[8 2],70,212,225,142,196
1,<environment.Job instance at 0x7fa4b5a03690>,49,16,[10  5],50,225,241,175,213
1,<environment.Job instance at 0x7fa4fb981af0>,29,15,[3 9],30,241,256,211,231
1,<environment.Job instance at 0x7fa4fb3c80f0>,88,3,[10  4],89,256,259,167,244
1,<environment.Job instance at 0x7fa4fb775190>,82,14,[7 3],83,259,273,176,244
1,<environment.Job instance at 0x7fa4fb3c8e10>,92,13,[ 3 10],93,273,286,180,259
1,<environment.Job instance at 0x7fa4fb3733c0>,94,1,[5 5],95,286,287,191,259
1,<environment.Job instance at 0x7fa4fb5428c0>,96,16,[9 2],97,287,303,190,274
1,<environment.Job instance at 0x7fa4fb85b500>,101,2,[6 1],102,303,305,201,276
1,<environment.Job instance at 0x7fa4fb85b2d0>,104,2,[2 5],105,303,305,198,283
1,<environment.Job instance at 0x7fa4fb782f00>,105,16,[4 9],106,305,321,199,292
1,<environment.Job instance at 0x7fa4fb37c5a0>,111,14,[10  1],112,321,335,209,306
1,<environment.Job instance at 0x7fa4fb37c0a0>,110,17,[ 5 10],111,335,352,224,326
1,<environment.Job instance at 0x7fa4fb37ca50>,123,12,[5 4],124,352,364,228,339
1,<environment.Job instance at 0x7fa4fb862d70>,127,15,[3 6],128,357,372,229,357
1,<environment.Job instance at 0x7fa4fb862140>,132,2,[3 7],133,372,374,239,357
1,<environment.Job instance at 0x7fa4fb862550>,133,13,[5 6],134,374,387,240,358
1,<environment.Job instance at 0x7fa4fb862730>,136,13,[8 1],137,387,400,250,371
1,<environment.Job instance at 0x7fa4fb3f6190>,147,16,[5 4],148,414,430,266,414
1,<environment.Job instance at 0x7fa4fb3f60a0>,149,18,[5 1],150,422,440,272,422
1,<environment.Job instance at 0x7fa4fb3f6910>,150,16,[1 7],151,430,446,279,423
1,<environment.Job instance at 0x7fa4fb3f6c30>,151,12,[2 6],152,446,458,294,431
1,<environment.Job instance at 0x7fa4fb3f6a50>,156,15,[5 6],157,458,473,301,452
1,<environment.Job instance at 0x7fa4fdd26730>,1,16,[4 6],2,3,19,1,3
1,<environment.Job instance at 0x7fa4fdffeaa0>,5,3,[10  5],6,19,22,13,9
1,<environment.Job instance at 0x7fa4fb29bd20>,10,13,[1 5],11,22,35,11,11
1,<environment.Job instance at 0x7fa4fdbfbe10>,12,14,[3 7],13,35,49,22,20
1,<environment.Job instance at 0x7fa4fb8612d0>,20,13,[2 8],21,49,62,28,33
1,<environment.Job instance at 0x7fa4fb861190>,21,1,[10  1],22,62,63,40,34
1,<environment.Job instance at 0x7fa4fb861780>,24,13,[5 8],25,63,76,38,47
1,<environment.Job instance at 0x7fa4fb1f3e10>,18,18,[ 5 10],19,85,103,66,85
1,<environment.Job instance at 0x7fa4fb2e2410>,6,15,[5 9],7,9,24,2,9
1,<environment.Job instance at 0x7fa4b5931730>,10,15,[8 4],11,24,39,13,13
1,<environment.Job instance at 0x7fa4fb2ded20>,15,3,[9 1],16,39,42,23,23
1,<environment.Job instance at 0x7fa4fb2ded70>,18,12,[5 4],19,42,54,23,32
1,<environment.Job instance at 0x7fa4fb2de460>,21,1,[2 7],22,54,55,32,42
1,<environment.Job instance at 0x7fa4fb2de910>,16,15,[3 9],17,55,70,38,44
1,<environment.Job instance at 0x7fa4fdb8c320>,25,15,[10  1],26,70,85,44,56
1,<environment.Job instance at 0x7fa4fb3aadc0>,31,12,[5 3],32,85,97,53,71
1,<environment.Job instance at 0x7fa4fdb8c230>,26,13,[ 2 10],27,97,110,70,81
1,<environment.Job instance at 0x7fa4fdae8af0>,41,15,[3 7],42,110,125,68,96
1,<environment.Job instance at 0x7fa4fde08c30>,43,14,[6 2],44,110,124,66,96
1,<environment.Job instance at 0x7fa4fb709370>,56,13,[6 4],57,125,138,68,116
1,<environment.Job instance at 0x7fa4fb709cd0>,59,12,[5 8],60,138,150,78,127
1,<environment.Job instance at 0x7fa4b5d234b0>,70,12,[2 5],71,152,164,81,152
1,<environment.Job instance at 0x7fa4b5d23910>,71,17,[7 4],72,156,173,84,156
1,<environment.Job instance at 0x7fa4b5d5c2d0>,75,13,[7 4],76,173,186,97,157
1,<environment.Job instance at 0x7fa4b5d5c3c0>,76,16,[3 8],77,186,202,109,173
1,<environment.Job instance at 0x7fa4b5d5c280>,82,17,[5 7],83,202,219,119,190
1,<environment.Job instance at 0x7fa4b5d5cb40>,84,12,[7 1],85,219,231,134,205
1,<environment.Job instance at 0x7fa4fb286cd0>,96,17,[4 8],97,231,248,134,220
1,<environment.Job instance at 0x7fa4b5d42af0>,98,16,[8 4],99,248,264,149,235
1,<environment.Job instance at 0x7fa4fb7477d0>,100,15,[3 7],101,264,279,163,250
1,<environment.Job instance at 0x7fa4fb747b40>,104,13,[10  1],105,279,292,174,266
1,<environment.Job instance at 0x7fa4fb7470a0>,106,15,[4 6],107,292,307,185,278
1,<environment.Job instance at 0x7fa4fb2e2730>,1,13,[5 8],2,2,15,0,2
1,<environment.Job instance at 0x7fa4fdc91500>,0,3,[ 2 10],1,15,18,14,5
1,<environment.Job instance at 0x7fa4fb6698c0>,8,12,[6 3],9,18,30,9,10
1,<environment.Job instance at 0x7fa4fe110fa0>,10,2,[3 9],11,30,32,19,19
1,<environment.Job instance at 0x7fa4fdf435a0>,16,14,[10  3],17,32,46,15,20
1,<environment.Job instance at 0x7fa4fb26a140>,19,17,[5 2],20,46,63,26,34
1,<environment.Job instance at 0x7fa4fda2e8c0>,23,15,[2 7],24,46,61,22,35
1,<environment.Job instance at 0x7fa4fdacd960>,28,12,[ 1 10],29,63,75,34,47
1,<environment.Job instance at 0x7fa4b5d23370>,32,12,[7 3],33,75,87,42,60
1,<environment.Job instance at 0x7fa4fda887d0>,26,17,[8 4],27,87,104,60,76
1,<environment.Job instance at 0x7fa4fb775410>,38,18,[1 5],39,76,94,37,76
1,<environment.Job instance at 0x7fa4fb775dc0>,40,16,[ 2 10],41,104,120,63,92
1,<environment.Job instance at 0x7fa4fb775690>,48,13,[8 5],49,120,133,71,104
1,<environment.Job instance at 0x7fa4fb52f410>,17,17,[5 6],18,133,150,115,126
1,<environment.Job instance at 0x7fa4b5ace6e0>,56,12,[6 2],57,150,162,93,133
1,<environment.Job instance at 0x7fa4fb2b6410>,57,15,[1 8],58,150,165,92,138
1,<environment.Job instance at 0x7fa4b5acee10>,54,17,[5 5],55,165,182,110,153
1,<environment.Job instance at 0x7fa4fb4f80a0>,66,14,[9 2],67,189,203,122,189
1,<environment.Job instance at 0x7fa4b59c2af0>,60,12,[10  4],61,203,215,142,190
1,<environment.Job instance at 0x7fa4fd9fd410>,75,17,[9 3],76,265,282,189,265
1,<environment.Job instance at 0x7fa4fddc30f0>,86,14,[8 3],87,282,296,195,268
1,<environment.Job instance at 0x7fa4b59184b0>,81,13,[7 4],82,296,309,214,285
1,<environment.Job instance at 0x7fa4fb296c80>,92,18,[2 5],93,285,303,192,285
1,<environment.Job instance at 0x7fa4fdcfa230>,94,15,[10  1],95,309,324,214,298
1,<environment.Job instance at 0x7fa4fdcfa320>,97,15,[6 2],98,324,339,226,310
1,<environment.Job instance at 0x7fa4fdcfab90>,102,15,[10  3],103,368,383,265,368
1,<environment.Job instance at 0x7fa4fb46b910>,110,14,[1 7],111,436,450,325,436
1,<environment.Job instance at 0x7fa4fdcfa7d0>,6,18,[1 8],7,7,25,0,7
1,<environment.Job instance at 0x7fa4fddc3460>,9,12,[10  1],10,25,37,15,10
1,<environment.Job instance at 0x7fa4fb274d70>,11,3,[9 2],12,37,40,25,23
1,<environment.Job instance at 0x7fa4fdf6d320>,13,15,[5 3],14,40,55,26,26
1,<environment.Job instance at 0x7fa4b5b2e2d0>,15,3,[6 3],16,55,58,39,29
1,<environment.Job instance at 0x7fa4b581a050>,17,2,[9 5],18,58,60,40,31
1,<environment.Job instance at 0x7fa4fb3f6190>,21,17,[7 1],22,60,77,38,48
1,<environment.Job instance at 0x7fa4fdddf3c0>,27,18,[5 3],28,77,95,49,66
1,<environment.Job instance at 0x7fa4fdddfe60>,30,12,[2 6],31,77,89,46,77
1,<environment.Job instance at 0x7fa4fdddffa0>,32,16,[8 1],33,95,111,62,82
1,<environment.Job instance at 0x7fa4fdddf230>,36,16,[2 7],37,89,105,52,88
1,<environment.Job instance at 0x7fa4b59c2a00>,39,17,[3 5],40,111,128,71,99
1,<environment.Job instance at 0x7fa4fb2960f0>,41,14,[7 5],42,111,125,69,107
1,<environment.Job instance at 0x7fa4fb8613c0>,44,18,[6 5],45,125,143,80,114
1,<environment.Job instance at 0x7fa4fb8614b0>,49,16,[5 5],50,143,159,93,130
1,<environment.Job instance at 0x7fa4b59f0910>,55,18,[4 9],56,159,177,103,150
1,<environment.Job instance at 0x7fa4b59f0410>,58,18,[6 5],59,177,195,118,166
1,<environment.Job instance at 0x7fa4b59ca640>,65,16,[10  1],66,195,211,129,182
1,<environment.Job instance at 0x7fa4b59caa50>,73,15,[8 2],74,211,226,137,201
1,<environment.Job instance at 0x7fa4b59ca730>,76,2,[ 2 10],77,226,228,149,202
1,<environment.Job instance at 0x7fa4b59ca500>,78,1,[9 5],79,228,229,149,202
1,<environment.Job instance at 0x7fa4b59c40f0>,3,2,[8 4],4,4,6,0,4
1,<environment.Job instance at 0x7fa4fb2e2f50>,9,14,[2 7],10,11,25,1,11
1,<environment.Job instance at 0x7fa4fb3cadc0>,5,16,[6 5],6,25,41,19,12
1,<environment.Job instance at 0x7fa4fb2e2e10>,13,15,[9 4],14,41,56,27,27
1,<environment.Job instance at 0x7fa4fde76b40>,21,14,[1 8],22,56,70,34,42
1,<environment.Job instance at 0x7fa4fdb3c2d0>,30,15,[8 4],31,70,85,39,60
1,<environment.Job instance at 0x7fa4fde765a0>,23,12,[10  2],24,85,97,61,69
1,<environment.Job instance at 0x7fa4fdb3c050>,33,14,[7 2],34,97,111,63,85
1,<environment.Job instance at 0x7fa4fdb3c0f0>,39,12,[4 6],40,111,123,71,94
1,<environment.Job instance at 0x7fa4fdb3c4b0>,43,3,[6 5],44,123,126,79,106
1,<environment.Job instance at 0x7fa4fdacdd20>,45,18,[4 5],46,123,141,77,113
1,<environment.Job instance at 0x7fa4fdb3c960>,38,12,[10  1],39,141,153,102,124
1,<environment.Job instance at 0x7fa4b59c2cd0>,48,12,[1 5],49,126,138,77,125
1,<environment.Job instance at 0x7fa4b59c2820>,50,15,[6 1],51,153,168,102,139
1,<environment.Job instance at 0x7fa4fb2d1f50>,59,13,[2 6],60,153,166,93,148
1,<environment.Job instance at 0x7fa4fb891190>,64,12,[9 5],65,168,180,103,153
1,<environment.Job instance at 0x7fa4fb891280>,78,12,[ 4 10],79,180,192,101,163
1,<environment.Job instance at 0x7fa4fdb3c140>,32,17,[1 7],33,192,209,159,180
1,<environment.Job instance at 0x7fa4fb8911e0>,81,15,[9 3],82,193,208,111,193
1,<environment.Job instance at 0x7fa4fb6f61e0>,90,12,[10  5],91,209,221,118,195
1,<environment.Job instance at 0x7fa4fb6f6640>,93,17,[8 3],94,221,238,127,212
1,<environment.Job instance at 0x7fa4fda9f0a0>,88,16,[1 7],89,238,254,149,238
1,<environment.Job instance at 0x7fa4fb6f6d70>,106,15,[ 1 10],107,254,269,147,240
1,<environment.Job instance at 0x7fa4fdb8c730>,113,16,[8 1],114,269,285,155,258
1,<environment.Job instance at 0x7fa4fdb8cf50>,112,18,[ 3 10],113,285,303,172,274
1,<environment.Job instance at 0x7fa4fdc38640>,127,17,[5 6],128,303,320,175,291
1,<environment.Job instance at 0x7fa4fdb8cb90>,119,15,[4 9],120,320,335,200,308
1,<environment.Job instance at 0x7fa4fb6fd8c0>,132,15,[8 3],133,335,350,202,321
1,<environment.Job instance at 0x7fa4fb6fd780>,136,13,[2 7],137,335,348,198,331
1,<environment.Job instance at 0x7fa4fb6fdf50>,135,14,[6 3],136,350,364,214,335
1,<environment.Job instance at 0x7fa4fb6fde60>,138,14,[2 8],139,364,378,225,349
1,<environment.Job instance at 0x7fa4fb3e47d0>,142,14,[5 3],143,378,392,235,363
1,<environment.Job instance at 0x7fa4fe19f870>,151,12,[7 1],152,366,378,214,366
1,<environment.Job instance at 0x7fa4fb46b4b0>,154,14,[5 2],155,380,394,225,380
1,<environment.Job instance at 0x7fa4fb46b190>,155,3,[4 7],156,392,395,236,380
1,<environment.Job instance at 0x7fa4fdb3cfa0>,157,14,[6 1],158,394,408,236,380
1,<environment.Job instance at 0x7fa4b5830b40>,160,16,[4 9],161,395,411,234,390
1,<environment.Job instance at 0x7fa4b5614c30>,165,14,[8 2],166,411,425,245,401
1,<environment.Job instance at 0x7fa4fb934370>,168,2,[7 4],169,425,427,256,404
1,<environment.Job instance at 0x7fa4fb6e9a00>,173,16,[1 9],174,427,443,253,414
1,<environment.Job instance at 0x7fa4fb6e9aa0>,176,2,[9 1],177,427,429,250,414
1,<environment.Job instance at 0x7fa4fdb8c6e0>,114,18,[ 3 10],115,443,461,328,432
1,<environment.Job instance at 0x7fa4b5be0690>,182,13,[6 1],183,461,474,278,446
1,<environment.Job instance at 0x7fa4b5700050>,184,3,[8 2],185,474,477,289,462
1,<environment.Job instance at 0x7fa4fdc89b40>,185,14,[9 4],186,477,491,291,463
1,<environment.Job instance at 0x7fa4b5bece10>,186,12,[7 2],187,491,503,304,475
1,<environment.Job instance at 0x7fa4fb6f6690>,91,16,[10  1],92,653,669,561,653
1,<environment.Job instance at 0x7fa5008af870>,1,18,[1 7],2,2,20,0,2
1,<environment.Job instance at 0x7fa4fda9fd20>,2,3,[1 9],3,20,23,17,4
1,<environment.Job instance at 0x7fa4fb205820>,4,2,[1 8],5,23,25,18,5
1,<environment.Job instance at 0x7fa5008af370>,0,12,[5 7],1,25,37,24,20
1,<environment.Job instance at 0x7fa4b59f3460>,20,12,[9 3],21,37,49,16,23
1,<environment.Job instance at 0x7fa4b576ca50>,26,13,[7 3],27,49,62,22,34
1,<environment.Job instance at 0x7fa4b59e0e60>,32,3,[4 6],33,62,65,29,43
1,<environment.Job instance at 0x7fa4b59f35a0>,25,12,[10  4],26,65,77,39,48
1,<environment.Job instance at 0x7fa4fdbbcc30>,40,16,[8 3],41,77,93,36,66
1,<environment.Job instance at 0x7fa4b59e0af0>,34,18,[3 8],35,93,111,58,83
1,<environment.Job instance at 0x7fa4fdbbc6e0>,44,15,[10  3],45,111,126,66,98
1,<environment.Job instance at 0x7fa4fb512d70>,53,2,[1 5],54,126,128,72,105
1,<environment.Job instance at 0x7fa4fddedeb0>,54,3,[7 2],55,105,108,50,105
1,<environment.Job instance at 0x7fa4fdded500>,55,3,[5 3],56,126,129,70,106
1,<environment.Job instance at 0x7fa4fdded730>,56,1,[7 2],57,108,109,51,106
1,<environment.Job instance at 0x7fa4fddedd20>,60,14,[7 5],61,129,143,68,114
1,<environment.Job instance at 0x7fa4fdded0a0>,62,18,[5 8],63,143,161,80,136
1,<environment.Job instance at 0x7fa4b5c22f00>,70,18,[5 5],71,166,184,95,166
1,<environment.Job instance at 0x7fa4b5c22410>,73,13,[1 7],74,184,197,110,168
1,<environment.Job instance at 0x7fa4fb756c30>,78,1,[5 2],79,185,186,106,185
1,<environment.Job instance at 0x7fa4fb756460>,79,17,[8 2],80,186,203,106,185
1,<environment.Job instance at 0x7fa4fb756050>,82,16,[5 5],83,203,219,120,190
1,<environment.Job instance at 0x7fa4fb7563c0>,84,2,[9 3],85,219,221,134,196
1,<environment.Job instance at 0x7fa50047fb90>,86,17,[4 9],87,221,238,134,211
1,<environment.Job instance at 0x7fa50047ff00>,87,12,[5 6],88,238,250,150,222
1,<environment.Job instance at 0x7fa4fe12ceb0>,1,1,[ 5 10],2,2,3,0,2
1,<environment.Job instance at 0x7fa4fdded9b0>,5,15,[5 5],6,41,56,35,41
1,<environment.Job instance at 0x7fa4fdc909b0>,12,16,[7 5],13,56,72,43,44
1,<environment.Job instance at 0x7fa4fded3500>,10,12,[7 4],11,72,84,61,68
1,<environment.Job instance at 0x7fa4fded7aa0>,18,18,[2 5],19,69,87,50,69
1,<environment.Job instance at 0x7fa4fb96a6e0>,4,16,[4 6],5,87,103,82,74
1,<environment.Job instance at 0x7fa4fe14f050>,24,3,[4 8],25,103,106,78,77
1,<environment.Job instance at 0x7fa4fb465500>,23,12,[2 9],24,106,118,82,91
1,<environment.Job instance at 0x7fa4fb71c5a0>,37,12,[7 2],38,118,130,80,107
1,<environment.Job instance at 0x7fa4fb71cc30>,40,13,[7 2],41,130,143,89,114
1,<environment.Job instance at 0x7fa5008b05a0>,50,13,[2 8],51,134,147,83,134
1,<environment.Job instance at 0x7fa5008b04b0>,52,12,[7 5],53,147,159,94,135
1,<environment.Job instance at 0x7fa4fe168d20>,55,3,[2 5],56,147,150,91,140
1,<environment.Job instance at 0x7fa4b5619230>,29,16,[ 1 10],30,159,175,129,147
1,<environment.Job instance at 0x7fa4b55e1e60>,67,17,[5 5],68,187,204,119,187
1,<environment.Job instance at 0x7fa4fe116050>,71,14,[10  4],72,212,226,140,212
1,<environment.Job instance at 0x7fa4fe168910>,56,17,[10  5],57,226,243,169,216
1,<environment.Job instance at 0x7fa4fddc5dc0>,84,3,[10  1],85,243,246,158,236
1,<environment.Job instance at 0x7fa4fe0f8e60>,87,15,[3 5],88,246,261,158,237
1,<environment.Job instance at 0x7fa5008b0f50>,53,17,[10  5],54,261,278,207,251
1,<environment.Job instance at 0x7fa4fdae8af0>,2,13,[8 4],3,15,28,12,15
1,<environment.Job instance at 0x7fa4b555fd20>,10,12,[4 6],11,28,40,17,15
1,<environment.Job instance at 0x7fa4b5966730>,12,2,[ 1 10],13,40,42,27,17
1,<environment.Job instance at 0x7fa4b5b8aaf0>,17,2,[10  1],18,42,44,24,28
1,<environment.Job instance at 0x7fa4fdbe4500>,13,14,[2 7],14,44,58,30,29
1,<environment.Job instance at 0x7fa4fdd22f50>,21,12,[5 6],22,58,70,36,41
1,<environment.Job instance at 0x7fa4b56593c0>,25,14,[3 5],26,70,84,44,55
1,<environment.Job instance at 0x7fa4fb692960>,29,14,[3 9],30,84,98,54,70
1,<environment.Job instance at 0x7fa4fb43f0a0>,8,16,[5 9],9,98,114,89,87
1,<environment.Job instance at 0x7fa4fb8e1280>,30,15,[ 3 10],31,114,129,83,103
1,<environment.Job instance at 0x7fa4fb415e60>,39,12,[8 3],40,129,141,89,113
1,<environment.Job instance at 0x7fa4fdf558c0>,37,18,[3 7],38,141,159,103,130
1,<environment.Job instance at 0x7fa4fdf22820>,47,16,[5 7],48,159,175,111,146
1,<environment.Job instance at 0x7fa4fb2ef9b0>,54,13,[7 4],55,175,188,120,159
1,<environment.Job instance at 0x7fa4fdfbb3c0>,57,16,[5 9],58,188,204,130,175
1,<environment.Job instance at 0x7fa4fb403460>,62,1,[ 1 10],63,204,205,141,188
1,<environment.Job instance at 0x7fa4fb4b5140>,31,12,[10  5],32,205,217,173,190
1,<environment.Job instance at 0x7fa4b5ad5460>,61,17,[4 6],62,217,234,155,205
1,<environment.Job instance at 0x7fa4b56fa050>,73,14,[8 4],74,234,248,160,221
1,<environment.Job instance at 0x7fa4b56fa460>,77,18,[3 5],78,248,266,170,242
1,<environment.Job instance at 0x7fa4b56fae10>,83,17,[6 4],84,257,274,173,257
1,<environment.Job instance at 0x7fa4b56fa410>,75,18,[4 6],76,266,284,190,257
1,<environment.Job instance at 0x7fa4fb836550>,85,12,[9 4],86,284,296,198,268
1,<environment.Job instance at 0x7fa4fb836d20>,87,17,[4 8],88,296,313,208,285
1,<environment.Job instance at 0x7fa4fe05f0f0>,96,3,[4 7],97,313,316,216,288
1,<environment.Job instance at 0x7fa4fe05f190>,100,3,[ 4 10],101,316,319,215,290
1,<environment.Job instance at 0x7fa4b5d945a0>,105,18,[6 3],106,319,337,213,308
1,<environment.Job instance at 0x7fa4b5d94b90>,107,2,[9 2],108,337,339,229,324
1,<environment.Job instance at 0x7fa4b5d940f0>,108,18,[5 8],109,339,357,230,330
1,<environment.Job instance at 0x7fa4b5614230>,111,18,[10  3],112,357,375,245,346
1,<environment.Job instance at 0x7fa4fddf1460>,117,14,[10  2],118,375,389,257,361
1,<environment.Job instance at 0x7fa4fb415500>,1,3,[8 3],2,2,5,0,2
1,<environment.Job instance at 0x7fa4b56bf4b0>,2,14,[2 7],3,3,17,0,3
1,<environment.Job instance at 0x7fa4fb8e1fa0>,0,13,[6 4],1,17,30,16,6
1,<environment.Job instance at 0x7fa4b562c0a0>,16,16,[10  2],17,38,54,21,38
1,<environment.Job instance at 0x7fa4b5d7f640>,17,15,[7 3],18,54,69,36,41
1,<environment.Job instance at 0x7fa4b5d7f320>,19,14,[9 3],20,69,83,49,57
1,<environment.Job instance at 0x7fa4b5d7f6e0>,25,18,[8 2],26,83,101,57,72
1,<environment.Job instance at 0x7fa4fb29e1e0>,34,17,[7 5],35,101,118,66,92
1,<environment.Job instance at 0x7fa4fb5c7820>,36,14,[ 4 10],37,118,132,81,108
1,<environment.Job instance at 0x7fa4fb5c7410>,42,16,[2 9],43,132,148,89,121
1,<environment.Job instance at 0x7fa4fb5c7c30>,45,15,[4 8],46,148,163,102,136
1,<environment.Job instance at 0x7fa4fb5c7460>,50,15,[2 9],51,163,178,112,150
1,<environment.Job instance at 0x7fa4b56faa00>,3,17,[10  2],4,178,195,174,169
1,<environment.Job instance at 0x7fa4fdfa5f50>,57,12,[5 6],58,195,207,137,178
1,<environment.Job instance at 0x7fa4fdfa5cd0>,63,15,[4 9],64,207,222,143,198
1,<environment.Job instance at 0x7fa4fdfa5fa0>,65,14,[6 2],66,222,236,156,209
1,<environment.Job instance at 0x7fa4b54bd870>,74,14,[10  2],75,236,250,161,224
1,<environment.Job instance at 0x7fa4b54bd9b0>,82,17,[5 2],83,250,267,167,247
1,<environment.Job instance at 0x7fa4b54bd050>,83,14,[8 5],84,267,281,183,258
1,<environment.Job instance at 0x7fa4b54bd280>,87,16,[3 5],88,281,297,193,273
1,<environment.Job instance at 0x7fa4b54bd370>,91,15,[2 9],92,297,312,205,283
1,<environment.Job instance at 0x7fa4b5a04b40>,1,3,[5 4],2,3,6,1,3
1,<environment.Job instance at 0x7fa4b5d7a4b0>,3,12,[3 7],4,6,18,2,4
1,<environment.Job instance at 0x7fa4b562c460>,4,3,[1 6],5,18,21,13,5
1,<environment.Job instance at 0x7fa4b5c8edc0>,9,1,[5 5],10,21,22,11,10
1,<environment.Job instance at 0x7fa4fb260cd0>,8,14,[4 8],9,22,36,13,12
1,<environment.Job instance at 0x7fa4b5a44550>,16,15,[7 1],17,36,51,19,22
1,<environment.Job instance at 0x7fa4b54bd370>,7,17,[2 8],8,36,53,28,25
1,<environment.Job instance at 0x7fa4fb8bb320>,21,2,[9 5],22,53,55,31,28
1,<environment.Job instance at 0x7fa4b5a02460>,22,15,[4 5],23,55,70,32,41
1,<environment.Job instance at 0x7fa4b5b32d20>,27,14,[5 1],28,57,71,29,57
1,<environment.Job instance at 0x7fa4b5445050>,30,2,[2 5],31,70,72,39,66
1,<environment.Job instance at 0x7fa4fb7d3f00>,31,16,[1 8],32,72,88,40,66
1,<environment.Job instance at 0x7fa4b576b910>,37,18,[7 4],38,88,106,50,78
1,<environment.Job instance at 0x7fa4fb339cd0>,40,14,[10  2],41,106,120,65,92
1,<environment.Job instance at 0x7fa4fb339500>,1,1,[10  3],2,2,3,0,2
1,<environment.Job instance at 0x7fa4fb3390f0>,2,2,[3 8],3,4,6,1,4
1,<environment.Job instance at 0x7fa4fb2ad0f0>,4,16,[10  5],5,6,22,1,5
1,<environment.Job instance at 0x7fa4fdc1ff00>,8,13,[1 5],9,22,35,13,12
1,<environment.Job instance at 0x7fa4b54bdd70>,13,15,[6 1],14,22,37,8,17
1,<environment.Job instance at 0x7fa4b562c500>,14,3,[9 4],15,37,40,22,17
1,<environment.Job instance at 0x7fa4b54bdd20>,11,18,[4 9],12,40,58,28,31
1,<environment.Job instance at 0x7fa4b597da00>,21,14,[4 7],22,58,72,36,45
1,<environment.Job instance at 0x7fa4b551d550>,6,16,[ 2 10],7,72,88,65,60
1,<environment.Job instance at 0x7fa4fb8909b0>,26,18,[6 5],27,88,106,61,80
1,<environment.Job instance at 0x7fa4b5a67320>,0,14,[ 1 10],1,106,120,105,91
1,<environment.Job instance at 0x7fa4b5b4c140>,35,16,[7 2],36,120,136,84,107
1,<environment.Job instance at 0x7fa4fe0b1be0>,38,14,[ 5 10],39,136,150,97,124
1,<environment.Job instance at 0x7fa4fb516320>,43,15,[5 5],44,150,165,106,139
1,<environment.Job instance at 0x7fa4fe199870>,47,18,[9 5],48,169,187,121,169
1,<environment.Job instance at 0x7fa4fdf9ca50>,1,15,[9 1],2,3,18,1,3
1,<environment.Job instance at 0x7fa4b5574aa0>,4,3,[5 5],5,18,21,13,5
1,<environment.Job instance at 0x7fa4b5574b40>,5,18,[3 5],6,18,36,12,9
1,<environment.Job instance at 0x7fa4fb822be0>,13,12,[5 7],14,36,48,22,31
1,<environment.Job instance at 0x7fa4fb822a00>,8,15,[2 9],9,48,63,39,42
1,<environment.Job instance at 0x7fa4fb822780>,12,16,[4 9],13,63,79,50,50
1,<environment.Job instance at 0x7fa4fb822a50>,22,16,[6 1],23,66,82,43,66
1,<environment.Job instance at 0x7fa4fb822cd0>,24,18,[1 6],25,79,97,54,68
1,<environment.Job instance at 0x7fa4fb822dc0>,28,16,[6 3],29,82,98,53,79
1,<environment.Job instance at 0x7fa4fdf38cd0>,29,18,[4 9],30,98,116,68,96
1,<environment.Job instance at 0x7fa4fdf38370>,33,14,[5 1],34,98,112,64,96
1,<environment.Job instance at 0x7fa4fdf381e0>,38,15,[3 7],39,116,131,77,103
1,<environment.Job instance at 0x7fa4fe003460>,39,12,[6 3],40,116,128,76,104
1,<environment.Job instance at 0x7fa4b5507140>,41,15,[ 4 10],42,131,146,89,125
1,<environment.Job instance at 0x7fa4fb8c7dc0>,0,2,[3 5],1,2,4,1,2
1,<environment.Job instance at 0x7fa4fdf22500>,2,3,[5 9],3,4,7,1,4
1,<environment.Job instance at 0x7fa4fdd326e0>,3,3,[5 4],4,26,29,22,26
1,<environment.Job instance at 0x7fa4b5b23640>,11,3,[7 2],12,29,32,17,26
1,<environment.Job instance at 0x7fa4fb8c7cd0>,7,18,[8 5],8,52,70,44,52
1,<environment.Job instance at 0x7fa4fb4255a0>,15,16,[8 3],16,70,86,54,57
1,<environment.Job instance at 0x7fa4fb2b4c30>,18,16,[2 8],19,86,102,67,73
1,<environment.Job instance at 0x7fa4b53b8500>,23,14,[5 6],24,102,116,78,87
1,<environment.Job instance at 0x7fa4b57d00a0>,35,16,[ 5 10],36,116,132,80,105
1,<environment.Job instance at 0x7fa4b57d0820>,38,13,[9 1],39,132,145,93,116
1,<environment.Job instance at 0x7fa4b57d0370>,36,13,[5 8],37,145,158,108,131
1,<environment.Job instance at 0x7fa4b5a405f0>,45,3,[9 4],46,158,161,112,135
1,<environment.Job instance at 0x7fa4b5c89910>,47,12,[7 4],48,161,173,113,144
1,<environment.Job instance at 0x7fa4fdc2fc30>,59,14,[5 1],60,187,201,127,187
1,<environment.Job instance at 0x7fa4fdc2fb40>,60,15,[9 5],61,201,216,140,188
1,<environment.Job instance at 0x7fa4fdc2f4b0>,67,17,[ 1 10],68,216,233,148,209
1,<environment.Job instance at 0x7fa4b56fa500>,71,16,[5 3],72,233,249,161,221
1,<environment.Job instance at 0x7fa4b5c315f0>,76,16,[1 8],77,249,265,172,243
1,<environment.Job instance at 0x7f2c2716f550>,0,13,[9 3],1,3,16,2,3
1,<environment.Job instance at 0x7f2c2716f460>,3,3,[4 8],4,16,19,12,4
1,<environment.Job instance at 0x7f2c26016be0>,4,14,[1 6],5,19,33,14,5
1,<environment.Job instance at 0x7f2c26016cd0>,5,2,[1 5],6,6,8,0,6
1,<environment.Job instance at 0x7f2c26016dc0>,6,20,[6 1],7,16,36,9,7
1,<environment.Job instance at 0x7f2c26016eb0>,7,1,[5 4],8,36,37,28,8
1,<environment.Job instance at 0x7f2c26019460>,14,13,[7 3],15,37,50,22,22
1,<environment.Job instance at 0x7f2c260195a0>,16,16,[3 5],17,33,49,16,22
1,<environment.Job instance at 0x7f2c26016e10>,10,12,[3 7],11,49,61,38,34
1,<environment.Job instance at 0x7f2c26019500>,15,18,[2 8],16,61,79,45,50
1,<environment.Job instance at 0x7f2c26019e10>,25,12,[ 5 10],26,79,91,53,62
1,<environment.Job instance at 0x7f2c2601c5a0>,35,15,[9 5],36,91,106,55,77
1,<environment.Job instance at 0x7f2c2601cc80>,43,18,[5 5],44,106,124,62,95
1,<environment.Job instance at 0x7f2c2601cd20>,44,3,[5 5],45,106,109,61,95
1,<environment.Job instance at 0x7f2c26019aa0>,24,18,[2 6],25,124,142,99,114
1,<environment.Job instance at 0x7f2c272eb1e0>,1,3,[1 5],2,3,6,1,3
1,<environment.Job instance at 0x7f2c2601cf50>,3,17,[5 7],4,6,23,2,4
1,<environment.Job instance at 0x7f2c270b9550>,8,14,[2 7],9,23,37,14,11
1,<environment.Job instance at 0x7f2c270ba7d0>,16,3,[7 4],17,37,40,20,20
1,<environment.Job instance at 0x7f2c270bacd0>,18,2,[ 3 10],19,40,42,21,38
1,<environment.Job instance at 0x7f2c270ba2d0>,22,2,[5 9],23,42,44,19,42
1,<environment.Job instance at 0x7f2c270ba4b0>,23,13,[6 3],24,45,58,21,45
1,<environment.Job instance at 0x7f2c270b9230>,6,17,[8 5],7,58,75,51,48
1,<environment.Job instance at 0x7f2c270ba500>,28,12,[10  2],29,75,87,46,59
1,<environment.Job instance at 0x7f2c270bb500>,30,14,[2 6],31,87,101,56,72
1,<environment.Job instance at 0x7f2c270bb640>,32,16,[ 4 10],33,101,117,68,91
1,<environment.Job instance at 0x7f2c270bb870>,35,17,[3 9],36,117,134,81,107
1,<environment.Job instance at 0x7f2c270bb0a0>,39,14,[5 3],40,134,148,94,120
1,<environment.Job instance at 0x7f2c272ef230>,45,15,[5 7],46,134,149,88,122
1,<environment.Job instance at 0x7f2bdc085e60>,4,15,[1 9],5,6,21,1,6
1,<environment.Job instance at 0x7f2bdc0857d0>,3,16,[1 6],4,21,37,17,8
1,<environment.Job instance at 0x7f2bdc0e3640>,13,15,[6 1],14,18,33,4,18
1,<environment.Job instance at 0x7f2bdc0e3690>,14,14,[2 5],15,37,51,22,23
1,<environment.Job instance at 0x7f2bdbfad0f0>,20,2,[7 2],21,33,35,12,32
1,<environment.Job instance at 0x7f2bdc196640>,30,15,[8 3],31,81,96,50,81
1,<environment.Job instance at 0x7f2bdc196af0>,33,16,[ 3 10],34,96,112,62,84
1,<environment.Job instance at 0x7f2bdc13d1e0>,6,1,[6 3],7,7,8,0,7
1,<environment.Job instance at 0x7f2bdc012cd0>,11,15,[1 7],12,13,28,1,13
1,<environment.Job instance at 0x7f2bdc3c7640>,2,14,[1 8],3,28,42,25,14
1,<environment.Job instance at 0x7f2bdc012820>,13,15,[5 2],14,17,32,3,17
1,<environment.Job instance at 0x7f2bdc3c7be0>,1,15,[10  4],2,42,57,40,30
1,<environment.Job instance at 0x7f2bdc13c230>,29,14,[2 6],30,57,71,27,44
1,<environment.Job instance at 0x7f2bdc41da50>,31,13,[8 5],32,71,84,39,67
1,<environment.Job instance at 0x7f2bdc01baa0>,39,12,[9 3],40,84,96,44,69
1,<environment.Job instance at 0x7f2bdc0cc7d0>,46,14,[5 5],47,106,120,59,106
1,<environment.Job instance at 0x7f2bdc13cc80>,25,16,[ 2 10],26,120,136,94,107
1,<environment.Job instance at 0x7f2bdbfc3be0>,1,14,[1 6],2,2,16,0,2
1,<environment.Job instance at 0x7f2bdc13ccd0>,2,14,[2 7],3,16,30,13,4
1,<environment.Job instance at 0x7f2bdc198c80>,4,3,[9 2],5,5,8,0,5
1,<environment.Job instance at 0x7f2bdc722780>,7,1,[2 8],8,30,31,22,8
1,<environment.Job instance at 0x7f2bdc722eb0>,14,16,[7 2],15,20,36,5,20
1,<environment.Job instance at 0x7f2bdc710230>,18,1,[10  5],19,36,37,17,20
1,<environment.Job instance at 0x7f2bdc710500>,21,18,[2 8],22,37,55,15,26
1,<environment.Job instance at 0x7f2bdc7103c0>,20,18,[4 5],21,55,73,34,44
1,<environment.Job instance at 0x7f2bdc710960>,29,13,[6 3],30,59,72,29,59
1,<environment.Job instance at 0x7f2bdc710f50>,30,13,[7 4],31,73,86,42,59
1,<environment.Job instance at 0x7f2bdc7157d0>,41,2,[9 5],42,86,88,44,77
1,<environment.Job instance at 0x7f2bdc710be0>,26,14,[10  1],27,88,102,61,77
1,<environment.Job instance at 0x7f2bdc198dc0>,0,13,[10  5],1,102,115,101,90
1,<environment.Job instance at 0x7f2bdc715aa0>,44,16,[7 5],45,115,131,70,105
1,<environment.Job instance at 0x7f2bdc710af0>,24,16,[9 4],25,133,149,108,133
1,<environment.Job instance at 0x7f2bdc715c80>,48,18,[4 6],49,589,607,540,589
1,<environment.Job instance at 0x7f2bdc709190>,0,3,[7 3],1,2,5,1,2
1,<environment.Job instance at 0x7f2c26c9cdc0>,3,12,[9 1],4,5,17,1,4
1,<environment.Job instance at 0x7f2c26c9c870>,4,14,[5 5],5,17,31,12,5
1,<environment.Job instance at 0x7f2c26b3e0f0>,6,3,[9 1],7,31,34,24,7
1,<environment.Job instance at 0x7f2c262c7a00>,9,1,[5 4],10,17,18,7,15
1,<environment.Job instance at 0x7f2c25ec60a0>,15,2,[1 5],16,18,20,2,16
1,<environment.Job instance at 0x7f2c25ec6960>,17,13,[9 2],18,34,47,16,19
1,<environment.Job instance at 0x7f2c25ec6500>,22,1,[5 5],23,26,27,3,26
1,<environment.Job instance at 0x7f2c263678c0>,28,13,[5 1],29,51,64,22,51
1,<environment.Job instance at 0x7f2c25ec6c30>,20,17,[2 6],21,51,68,30,51
1,<environment.Job instance at 0x7f2c262c7190>,8,18,[4 5],9,68,86,59,58
1,<environment.Job instance at 0x7f2c2606c690>,38,13,[8 5],39,86,99,47,70
1,<environment.Job instance at 0x7f2c2606c5f0>,42,18,[8 2],43,99,117,56,88
1,<environment.Job instance at 0x7f2c26367320>,27,18,[5 9],28,444,462,416,444
1,<environment.Job instance at 0x7f2c25dc9d20>,1,3,[4 5],2,3,6,1,3
1,<environment.Job instance at 0x7f2c25dc9320>,0,15,[8 2],1,6,21,5,5
1,<environment.Job instance at 0x7f2bdc1f46e0>,4,17,[9 4],5,21,38,16,9
1,<environment.Job instance at 0x7f2bdc366a50>,15,3,[5 2],16,38,41,22,16
1,<environment.Job instance at 0x7f2c26432140>,18,2,[2 6],19,19,21,0,19
1,<environment.Job instance at 0x7f2c264c7d70>,20,12,[9 2],21,41,53,20,27
1,<environment.Job instance at 0x7f2c264c7be0>,23,3,[2 5],24,38,41,14,27
1,<environment.Job instance at 0x7f2bdc4defa0>,24,12,[5 9],25,53,65,28,38
1,<environment.Job instance at 0x7f2bdc3668c0>,9,15,[ 5 10],10,92,107,82,92
1,<environment.Job instance at 0x7f2c25df0af0>,40,15,[7 1],41,107,122,66,95
1,<environment.Job instance at 0x7f2c25df0f00>,42,13,[1 6],43,109,122,66,109
1,<environment.Job instance at 0x7f2c25df0780>,43,3,[3 5],44,122,125,78,110
1,<environment.Job instance at 0x7f2c25df01e0>,44,14,[1 5],45,122,136,77,110
1,<environment.Job instance at 0x7f2c26441690>,36,16,[ 5 10],37,136,152,99,124
1,<environment.Job instance at 0x7f2c26c9ca50>,1,2,[6 3],2,2,4,0,2
1,<environment.Job instance at 0x7f2c25def870>,2,12,[8 1],3,4,16,1,3
1,<environment.Job instance at 0x7f2bdc3e5be0>,5,3,[9 4],6,16,19,10,6
1,<environment.Job instance at 0x7f2c26415870>,0,14,[8 3],1,19,33,18,12
1,<environment.Job instance at 0x7f2bdc3b91e0>,13,3,[4 8],14,33,36,19,14
1,<environment.Job instance at 0x7f2bdc3b99b0>,19,2,[8 2],20,36,38,16,34
1,<environment.Job instance at 0x7f2bdc3b9820>,20,2,[1 7],21,36,38,15,34
1,<environment.Job instance at 0x7f2bdc3b9140>,11,17,[7 5],12,38,55,26,34
1,<environment.Job instance at 0x7f2bdc3b9b40>,24,1,[3 8],25,55,56,30,35
1,<environment.Job instance at 0x7f2bdc3b9fa0>,30,14,[7 5],31,56,70,25,43
1,<environment.Job instance at 0x7f2bdc3b9be0>,25,13,[5 5],26,70,83,44,55
1,<environment.Job instance at 0x7f2bdc3ddb90>,37,12,[5 8],38,83,95,45,67
1,<environment.Job instance at 0x7f2bdc3dd8c0>,35,16,[10  4],36,95,111,59,82
1,<environment.Job instance at 0x7f2bdc3bc3c0>,46,12,[8 3],47,111,123,64,94
1,<environment.Job instance at 0x7f2bdc3bc500>,47,15,[2 9],48,123,138,75,110
1,<environment.Job instance at 0x7f2bdc3e5a50>,6,16,[9 2],7,145,161,138,145
1,<environment.Job instance at 0x7f2bdc3ddeb0>,40,18,[9 5],41,442,460,401,442
1,<environment.Job instance at 0x7f2bdc3db870>,0,2,[10  2],1,2,4,1,2
1,<environment.Job instance at 0x7f2c25e961e0>,1,17,[2 6],2,23,40,21,23
1,<environment.Job instance at 0x7f2c25dd3b90>,17,2,[6 4],18,41,43,23,41
1,<environment.Job instance at 0x7f2c25de0370>,10,18,[3 5],11,41,59,30,41
1,<environment.Job instance at 0x7f2c25dd3370>,18,14,[4 6],19,59,73,40,44
1,<environment.Job instance at 0x7f2c25dd3cd0>,22,12,[5 5],23,44,56,21,44
1,<environment.Job instance at 0x7f2c2719fb40>,25,14,[7 4],26,73,87,47,59
1,<environment.Job instance at 0x7f2c26395820>,31,13,[4 5],32,87,100,55,72
1,<environment.Job instance at 0x7f2c264db050>,35,12,[ 1 10],36,100,112,64,85
1,<environment.Job instance at 0x7f2c26bf9910>,39,14,[5 7],40,112,126,72,97
1,<environment.Job instance at 0x7f2bdbfedd70>,40,18,[4 7],41,126,144,85,115
1,<environment.Job instance at 0x7f2c25e00f50>,1,3,[9 3],2,3,6,1,3
1,<environment.Job instance at 0x7f2bdc443910>,4,3,[6 1],5,6,9,1,5
1,<environment.Job instance at 0x7f2c26129050>,2,3,[ 4 10],3,9,12,6,6
1,<environment.Job instance at 0x7f2bdc624dc0>,10,12,[8 5],11,12,24,1,11
1,<environment.Job instance at 0x7f2c26135640>,11,3,[9 2],12,24,27,12,12
1,<environment.Job instance at 0x7f2bdc624640>,8,17,[7 4],9,27,44,18,15
1,<environment.Job instance at 0x7f2c25fc6190>,20,15,[7 5],21,44,59,23,38
1,<environment.Job instance at 0x7f2bdc3af870>,25,2,[6 3],26,59,61,33,49
1,<environment.Job instance at 0x7f2c25ed79b0>,26,2,[3 8],27,61,63,34,50
1,<environment.Job instance at 0x7f2c25ed7640>,29,13,[1 9],30,67,80,37,67
1,<environment.Job instance at 0x7f2bdc29e230>,34,16,[10  3],35,80,96,45,76
1,<environment.Job instance at 0x7f2bdc29efa0>,36,3,[9 3],37,96,99,59,76
1,<environment.Job instance at 0x7f2bdc29eaa0>,37,13,[6 4],38,99,112,61,83
1,<environment.Job instance at 0x7f2bdc676af0>,42,18,[10  4],43,162,180,119,162
1,<environment.Job instance at 0x7f2bdc676f00>,47,18,[5 1],48,180,198,132,169
1,<environment.Job instance at 0x7f2bdc676550>,1,13,[5 3],2,4,17,2,4
1,<environment.Job instance at 0x7f2bdc676be0>,2,15,[5 1],3,6,21,3,6
1,<environment.Job instance at 0x7f2c267ca690>,8,14,[5 9],9,17,31,8,12
1,<environment.Job instance at 0x7f2c267caa00>,14,1,[5 8],15,31,32,16,15
1,<environment.Job instance at 0x7f2c267981e0>,19,13,[5 9],20,32,45,12,20
1,<environment.Job instance at 0x7f2c267cacd0>,15,12,[2 9],16,45,57,29,31
1,<environment.Job instance at 0x7f2c267989b0>,26,16,[5 5],27,57,73,30,44
1,<environment.Job instance at 0x7f2c26798d20>,30,14,[6 4],31,73,87,42,59
1,<environment.Job instance at 0x7f2c26798d70>,31,18,[3 6],32,73,91,41,63
1,<environment.Job instance at 0x7f2c267d33c0>,39,18,[7 5],40,91,109,51,81
1,<environment.Job instance at 0x7f2c267d34b0>,42,16,[9 2],43,109,125,66,98
1,<environment.Job instance at 0x7f2c267d3a00>,45,18,[7 5],46,125,143,79,114
1,<environment.Job instance at 0x7f2c26798820>,24,17,[3 9],25,235,252,210,235
1,<environment.Job instance at 0x7f2c267ca870>,11,16,[6 5],12,530,546,518,530
1,<environment.Job instance at 0x7f2c267ca870>,2,18,[5 1],3,3,21,0,3
1,<environment.Job instance at 0x7f2c26605b40>,4,2,[2 5],5,6,8,1,6
1,<environment.Job instance at 0x7f2c2619ad20>,14,12,[4 6],15,15,27,0,15
1,<environment.Job instance at 0x7f2c2619aeb0>,17,18,[1 7],18,27,45,9,19
1,<environment.Job instance at 0x7f2c2619a870>,20,15,[1 6],21,45,60,24,31
1,<environment.Job instance at 0x7f2c2619a1e0>,22,18,[5 5],23,60,78,37,50
1,<environment.Job instance at 0x7f2c26832af0>,27,14,[6 2],28,78,92,50,64
1,<environment.Job instance at 0x7f2c26832f00>,30,12,[8 1],31,92,104,61,80
1,<environment.Job instance at 0x7f2c268324b0>,32,18,[5 1],33,104,122,71,94
1,<environment.Job instance at 0x7f2c26832b40>,35,2,[4 7],36,104,106,68,95
1,<environment.Job instance at 0x7f2c265a7b90>,40,3,[4 8],41,115,118,74,115
1,<environment.Job instance at 0x7f2c265a79b0>,42,3,[9 1],43,122,125,79,115
1,<environment.Job instance at 0x7f2bdc676190>,1,13,[1 7],2,2,15,0,2
1,<environment.Job instance at 0x7f2c265a7c80>,5,3,[8 5],6,15,18,9,10
1,<environment.Job instance at 0x7f2bdc20fa50>,9,3,[5 1],10,10,13,0,10
1,<environment.Job instance at 0x7f2c26672690>,13,3,[6 2],14,21,24,7,21
1,<environment.Job instance at 0x7f2c266723c0>,14,15,[9 1],15,25,40,10,25
1,<environment.Job instance at 0x7f2c26672fa0>,19,14,[3 7],20,40,54,20,25
1,<environment.Job instance at 0x7f2c2611ba00>,26,2,[3 9],27,54,56,27,28
1,<environment.Job instance at 0x7f2c2611b050>,27,2,[7 2],28,40,42,12,29
1,<environment.Job instance at 0x7f2c25d8dbe0>,28,3,[10  4],29,56,59,27,31
1,<environment.Job instance at 0x7f2c25d8daf0>,29,1,[ 2 10],30,59,60,29,31
1,<environment.Job instance at 0x7f2c25d8d4b0>,32,14,[6 5],33,60,74,27,48
1,<environment.Job instance at 0x7f2c25d8d460>,34,15,[10  3],35,74,89,39,60
1,<environment.Job instance at 0x7f2bdc60ac80>,43,17,[8 5],44,89,106,45,79
1,<environment.Job instance at 0x7f2bdc3eb870>,48,16,[ 5 10],49,123,139,74,123
1,<environment.Job instance at 0x7f2bdc3eb280>,2,2,[5 8],3,3,5,0,3
1,<environment.Job instance at 0x7f2bdc5c8aa0>,4,3,[6 4],5,5,8,0,5
1,<environment.Job instance at 0x7f2bdc5c8820>,5,13,[2 6],6,8,21,2,8
1,<environment.Job instance at 0x7f2bdc5c8fa0>,8,3,[8 2],9,9,12,0,9
1,<environment.Job instance at 0x7f2bdc5c8be0>,9,3,[ 5 10],10,21,24,11,11
1,<environment.Job instance at 0x7f2bdc5ba050>,11,1,[4 6],12,24,25,12,12
1,<environment.Job instance at 0x7f2bdc5c8d70>,10,1,[4 6],11,25,26,14,12
1,<environment.Job instance at 0x7f2bdc5bab90>,14,2,[ 2 10],15,26,28,11,18
1,<environment.Job instance at 0x7f2bdc5ba550>,17,17,[5 2],18,28,45,10,19
1,<environment.Job instance at 0x7f2bdc405140>,21,2,[9 5],22,45,47,23,23
1,<environment.Job instance at 0x7f2bdc2986e0>,23,12,[6 2],24,47,59,23,33
1,<environment.Job instance at 0x7f2bdc405e60>,25,16,[5 3],26,59,75,33,46
1,<environment.Job instance at 0x7f2bdc416f00>,29,13,[3 6],30,53,66,23,53
1,<environment.Job instance at 0x7f2bdc2897d0>,33,2,[6 3],34,75,77,41,53
1,<environment.Job instance at 0x7f2c269724b0>,34,1,[9 4],35,77,78,42,53
1,<environment.Job instance at 0x7f2c269aadc0>,24,17,[9 5],25,78,95,53,69
1,<environment.Job instance at 0x7f2c269b56e0>,42,14,[3 9],43,95,109,52,80
1,<environment.Job instance at 0x7f2c25fb9be0>,37,17,[4 9],38,109,126,71,100
1,<environment.Job instance at 0x7f2bdbd841e0>,1,3,[8 4],2,4,7,2,4
1,<environment.Job instance at 0x7f2c26abb8c0>,9,3,[7 4],10,10,13,0,10
1,<environment.Job instance at 0x7f2bdc0ce870>,6,17,[5 5],7,13,30,6,12
1,<environment.Job instance at 0x7f2c267d61e0>,13,16,[4 9],14,30,46,16,17
1,<environment.Job instance at 0x7f2c27096550>,19,18,[9 5],20,46,64,26,39
1,<environment.Job instance at 0x7f2c26001370>,4,18,[4 7],5,67,85,62,67
1,<environment.Job instance at 0x7f2bdc453b90>,28,1,[6 1],29,76,77,47,76
1,<environment.Job instance at 0x7f2c261223c0>,29,15,[5 2],30,77,92,47,77
1,<environment.Job instance at 0x7f2bdc2fd780>,1,1,[9 5],2,2,3,0,2
1,<environment.Job instance at 0x7f2c25e315f0>,4,2,[4 6],5,5,7,0,5
1,<environment.Job instance at 0x7f2c25e31aa0>,6,1,[5 7],7,7,8,0,7
1,<environment.Job instance at 0x7f2bdc6d90a0>,3,15,[7 2],4,12,27,8,12
1,<environment.Job instance at 0x7f2c25e31820>,8,14,[1 7],9,14,28,5,14
1,<environment.Job instance at 0x7f2c261cb1e0>,18,14,[8 3],19,27,41,8,19
1,<environment.Job instance at 0x7f2c261cb0a0>,13,15,[10  4],14,41,56,27,28
1,<environment.Job instance at 0x7f2c25e319b0>,9,17,[9 4],10,56,73,46,46
1,<environment.Job instance at 0x7f2c27062a50>,27,15,[ 5 10],28,73,88,45,60
1,<environment.Job instance at 0x7f2c27062230>,28,17,[5 7],29,88,105,59,77
1,<environment.Job instance at 0x7f2bdc4701e0>,36,18,[9 4],37,105,123,68,95
1,<environment.Job instance at 0x7f2bdc470190>,41,13,[2 8],42,123,136,81,113
1,<environment.Job instance at 0x7f2c27062820>,34,15,[ 2 10],35,136,151,101,123
1,<environment.Job instance at 0x7f2bdc4700f0>,47,14,[5 5],48,151,165,103,143
1,<environment.Job instance at 0x7f2bdbd4adc0>,3,17,[10  5],4,6,23,2,6
1,<environment.Job instance at 0x7f2bdc3ce9b0>,10,13,[9 3],11,23,36,12,13
1,<environment.Job instance at 0x7f2bdc3d6320>,18,2,[2 7],19,36,38,17,19
1,<environment.Job instance at 0x7f2bdc3d4fa0>,15,15,[9 1],16,38,53,22,24
1,<environment.Job instance at 0x7f2bdc3c9870>,23,17,[6 4],24,53,70,29,41
1,<environment.Job instance at 0x7f2bdc2ef320>,25,16,[1 6],26,43,59,17,43
1,<environment.Job instance at 0x7f2bdc3c9230>,22,17,[1 7],23,70,87,47,58
1,<environment.Job instance at 0x7f2bdc6cfeb0>,28,14,[5 4],29,87,101,58,72
1,<environment.Job instance at 0x7f2bdc6cd960>,33,12,[4 9],34,101,113,67,84
1,<environment.Job instance at 0x7f2bdc679190>,40,3,[7 3],41,113,116,72,100
1,<environment.Job instance at 0x7f2c264761e0>,41,13,[ 3 10],42,116,129,74,103
1,<environment.Job instance at 0x7f2bdc6cf0f0>,31,18,[9 3],32,129,147,97,118
1,<environment.Job instance at 0x7f2c25df8c30>,42,18,[5 8],43,638,656,595,638
1,<environment.Job instance at 0x7f2c26013b90>,7,12,[5 4],8,8,20,0,8
1,<environment.Job instance at 0x7f2bdc0caaa0>,8,14,[8 1],9,20,34,11,10
1,<environment.Job instance at 0x7f2c261a2640>,13,2,[2 8],14,20,22,6,17
1,<environment.Job instance at 0x7f2bdc0ca4b0>,11,17,[3 7],12,34,51,22,26
1,<environment.Job instance at 0x7f2bdbe9dc30>,21,15,[7 5],22,51,66,29,37
1,<environment.Job instance at 0x7f2bdc0ca2d0>,9,16,[ 4 10],10,66,82,56,53
1,<environment.Job instance at 0x7f2bdc1e6730>,29,15,[5 6],30,82,97,52,68
1,<environment.Job instance at 0x7f2c25e9f4b0>,32,13,[6 5],33,97,110,64,83
1,<environment.Job instance at 0x7f2c26994be0>,35,13,[4 7],36,110,123,74,98
1,<environment.Job instance at 0x7f2bdc1e6b40>,37,15,[6 1],38,110,125,72,101
1,<environment.Job instance at 0x7f2bdbf59820>,41,3,[3 7],42,123,126,81,114
1,<environment.Job instance at 0x7f2bdbf59550>,42,2,[5 6],43,126,128,83,114
1,<environment.Job instance at 0x7f2bdc6a9140>,43,3,[10  1],44,128,131,84,114
1,<environment.Job instance at 0x7f2bdc6a9370>,44,15,[7 5],45,131,146,86,117
1,<environment.Job instance at 0x7f2bdc6a98c0>,2,17,[1 9],3,6,23,3,6
1,<environment.Job instance at 0x7f2bdbd0f050>,6,13,[3 7],7,23,36,16,10
1,<environment.Job instance at 0x7f2bdbfc5910>,9,3,[10  2],10,36,39,26,10
1,<environment.Job instance at 0x7f2bdbf3e140>,14,14,[10  4],15,42,56,27,42
1,<environment.Job instance at 0x7f2bdbf3e4b0>,18,12,[10  1],19,56,68,37,49
1,<environment.Job instance at 0x7f2bdbf3e550>,16,12,[9 4],17,68,80,51,55
1,<environment.Job instance at 0x7f2bdbf354b0>,25,12,[5 9],26,80,92,54,70
1,<environment.Job instance at 0x7f2c2691aa00>,27,17,[8 2],28,92,109,64,81
1,<environment.Job instance at 0x7f2c263d00f0>,28,17,[1 6],29,92,109,63,81
1,<environment.Job instance at 0x7f2c26a49f50>,32,15,[2 9],33,109,124,76,96
1,<environment.Job instance at 0x7f2c26730a50>,37,16,[3 5],38,124,140,86,117
1,<environment.Job instance at 0x7f2c263b0370>,40,13,[6 4],41,124,137,83,124
1,<environment.Job instance at 0x7f2bdc5ee190>,44,17,[8 3],45,140,157,95,136
1,<environment.Job instance at 0x7f2bdc54d5f0>,48,15,[8 3],49,157,172,108,148
1,<environment.Job instance at 0x7f2c26756dc0>,2,1,[6 3],3,4,5,1,4
1,<environment.Job instance at 0x7f2c267565f0>,1,16,[5 3],2,9,25,7,9
1,<environment.Job instance at 0x7f2c26577aa0>,9,2,[5 4],10,10,12,0,10
1,<environment.Job instance at 0x7f2c26577a00>,6,3,[6 2],7,25,28,18,10
1,<environment.Job instance at 0x7f2c265777d0>,13,14,[5 5],14,28,42,14,14
1,<environment.Job instance at 0x7f2c26532690>,19,18,[1 5],20,21,39,1,21
1,<environment.Job instance at 0x7f2c26532c80>,21,12,[6 3],22,42,54,20,25
1,<environment.Job instance at 0x7f2c26532b40>,26,13,[9 5],27,54,67,27,47
1,<environment.Job instance at 0x7f2c26532280>,28,14,[ 4 10],29,67,81,38,55
1,<environment.Job instance at 0x7f2c263ad5f0>,32,15,[7 3],33,81,96,48,79
1,<environment.Job instance at 0x7f2c263ade60>,38,13,[3 7],39,90,103,51,90
1,<environment.Job instance at 0x7f2c263ada00>,39,15,[8 5],40,103,118,63,95
1,<environment.Job instance at 0x7f2c263ad410>,43,13,[3 7],44,119,132,75,119
1,<environment.Job instance at 0x7f2c263ad730>,44,15,[6 4],45,132,147,87,122
1,<environment.Job instance at 0x7f2c26577780>,5,17,[ 2 10],6,411,428,405,411
1,<environment.Job instance at 0x7f835f61ea50>,3,3,[4 8],4,5,8,1,5
1,<environment.Job instance at 0x7f836277b550>,0,13,[9 3],1,8,21,7,5
1,<environment.Job instance at 0x7f835f61e9b0>,5,2,[1 5],6,8,10,2,6
1,<environment.Job instance at 0x7f835f61efa0>,10,12,[3 7],11,21,33,10,11
1,<environment.Job instance at 0x7f836277b460>,4,14,[1 6],5,33,47,28,22
1,<environment.Job instance at 0x7f835f6214b0>,14,13,[7 3],15,22,35,7,22
1,<environment.Job instance at 0x7f835f621d70>,24,18,[2 6],25,49,67,24,49
1,<environment.Job instance at 0x7f835f621eb0>,27,15,[8 4],28,54,69,26,54
1,<environment.Job instance at 0x7f835f624230>,29,12,[5 4],30,69,81,39,55
1,<environment.Job instance at 0x7f835f6217d0>,19,14,[3 5],20,69,83,49,59
1,<environment.Job instance at 0x7f835f6240a0>,31,14,[2 5],32,81,95,49,68
1,<environment.Job instance at 0x7f835f624780>,35,15,[9 5],36,95,110,59,83
1,<environment.Job instance at 0x7f835f624c80>,43,18,[5 5],44,110,128,66,99
1,<environment.Job instance at 0x7f835f624d20>,44,3,[5 5],45,110,113,65,99
1,<environment.Job instance at 0x7f835f624f50>,48,15,[10  1],49,128,143,79,114
1,<environment.Job instance at 0x7f835f6211e0>,13,18,[ 4 10],14,143,161,129,133
1,<environment.Job instance at 0x7f83628f17d0>,1,2,[4 5],2,3,5,1,3
1,<environment.Job instance at 0x7f83627a6140>,12,2,[5 9],13,24,26,11,24
1,<environment.Job instance at 0x7f83627a64b0>,11,2,[5 1],12,24,26,12,24
1,<environment.Job instance at 0x7f83627a60f0>,14,14,[5 1],15,26,40,11,24
1,<environment.Job instance at 0x7f83627a6b90>,18,12,[10  2],19,43,55,24,43
1,<environment.Job instance at 0x7f83627a67d0>,20,14,[2 6],21,55,69,34,46
1,<environment.Job instance at 0x7f83627a6320>,21,15,[5 9],22,69,84,47,60
1,<environment.Job instance at 0x7f835f6263c0>,4,18,[2 9],5,84,102,79,83
1,<environment.Job instance at 0x7f83628f7460>,29,14,[5 3],30,102,116,72,88
1,<environment.Job instance at 0x7f83628ebdc0>,35,15,[5 7],36,102,117,66,94
1,<environment.Job instance at 0x7f83628f7140>,26,18,[9 2],27,117,135,90,106
1,<environment.Job instance at 0x7f83628ebeb0>,42,16,[3 9],43,135,151,92,135
1,<environment.Job instance at 0x7f83628edcd0>,43,16,[1 6],44,151,167,107,138
1,<environment.Job instance at 0x7f8319be1a50>,1,1,[2 6],2,4,5,2,4
1,<environment.Job instance at 0x7f8319908be0>,0,2,[7 2],1,4,6,3,4
1,<environment.Job instance at 0x7f83199085f0>,10,15,[8 3],11,29,44,18,29
1,<environment.Job instance at 0x7f831995bb90>,15,14,[ 2 10],16,44,58,28,29
1,<environment.Job instance at 0x7f831995ba00>,20,16,[2 8],21,58,74,37,46
1,<environment.Job instance at 0x7f83199cbe10>,26,17,[1 7],27,75,92,48,75
1,<environment.Job instance at 0x7f83199cb8c0>,29,12,[4 9],30,92,104,62,77
1,<environment.Job instance at 0x7f83199cb820>,34,14,[8 4],35,104,118,69,90
1,<environment.Job instance at 0x7f8319a17230>,41,15,[1 7],42,118,133,76,104
1,<environment.Job instance at 0x7f8319a17dc0>,2,14,[2 9],3,5,19,2,5
1,<environment.Job instance at 0x7f8319cce550>,5,2,[5 2],6,19,21,13,7
1,<environment.Job instance at 0x7f8319cce640>,6,1,[5 9],7,21,22,14,7
1,<environment.Job instance at 0x7f8319ccc050>,1,13,[8 5],2,22,35,20,10
1,<environment.Job instance at 0x7f83199f17d0>,12,3,[10  2],13,35,38,22,19
1,<environment.Job instance at 0x7f8319d6d280>,20,13,[10  5],21,38,51,17,22
1,<environment.Job instance at 0x7f8319d6d4b0>,22,14,[2 7],23,51,65,28,36
1,<environment.Job instance at 0x7f83199f1730>,16,14,[5 5],17,65,79,48,52
1,<environment.Job instance at 0x7f83199e9d20>,33,2,[5 6],34,79,81,45,57
1,<environment.Job instance at 0x7f83199e9e60>,34,16,[7 2],35,81,97,46,68
1,<environment.Job instance at 0x7f83199f1280>,14,12,[3 8],15,81,93,66,73
1,<environment.Job instance at 0x7f8319865820>,41,18,[2 8],42,93,111,51,84
1,<environment.Job instance at 0x7f83198656e0>,46,14,[10  1],47,111,125,64,98
1,<environment.Job instance at 0x7f8319865910>,48,15,[7 5],49,125,140,76,118
1,<environment.Job instance at 0x7f8319865550>,50,13,[7 4],51,140,153,89,124
1,<environment.Job instance at 0x7f83199f1320>,10,18,[10  3],11,317,335,306,317
1,<environment.Job instance at 0x7f8319d21af0>,4,16,[7 5],5,5,21,0,5
1,<environment.Job instance at 0x7f8319d21a50>,7,2,[4 5],8,21,23,13,8
1,<environment.Job instance at 0x7f8319d09280>,13,12,[9 1],14,25,37,11,25
1,<environment.Job instance at 0x7f8319d21e10>,10,3,[7 3],11,37,40,26,26
1,<environment.Job instance at 0x7f8319d09460>,16,3,[9 1],17,40,43,23,27
1,<environment.Job instance at 0x7f8319d09500>,17,17,[5 2],18,43,60,25,31
1,<environment.Job instance at 0x7f8319d09eb0>,26,3,[8 4],27,60,63,33,53
1,<environment.Job instance at 0x7f8319d09b90>,27,13,[9 2],28,63,76,35,53
1,<environment.Job instance at 0x7f8319d046e0>,38,13,[5 1],39,86,99,47,86
1,<environment.Job instance at 0x7f8319d04640>,37,18,[5 9],38,88,106,50,88
1,<environment.Job instance at 0x7f8319d040a0>,30,17,[2 6],31,106,123,75,95
1,<environment.Job instance at 0x7f8319d04aa0>,44,15,[10  4],45,123,138,78,109
1,<environment.Job instance at 0x7f8319d126e0>,55,17,[4 6],56,138,155,82,126
1,<environment.Job instance at 0x7f836205f230>,1,3,[4 5],2,2,5,0,2
1,<environment.Job instance at 0x7f836205f0f0>,7,13,[1 9],8,10,23,2,10
1,<environment.Job instance at 0x7f835f8610a0>,11,14,[8 2],12,23,37,11,13
1,<environment.Job instance at 0x7f8319cceeb0>,15,3,[5 2],16,37,40,21,16
1,<environment.Job instance at 0x7f8319cce410>,16,3,[ 5 10],17,40,43,23,17
1,<environment.Job instance at 0x7f8319cce0f0>,20,12,[9 2],21,43,55,22,29
1,<environment.Job instance at 0x7f8319cced70>,24,12,[5 9],25,55,67,30,38
1,<environment.Job instance at 0x7f8319edc690>,26,15,[2 7],27,67,82,40,53
1,<environment.Job instance at 0x7f835f7a24b0>,36,16,[ 5 10],37,97,113,60,97
1,<environment.Job instance at 0x7f835f7a2640>,39,13,[4 6],40,113,126,73,98
1,<environment.Job instance at 0x7f835f7a29b0>,42,13,[1 6],43,126,139,83,114
1,<environment.Job instance at 0x7f835f7a2eb0>,44,14,[1 5],45,139,153,94,124
1,<environment.Job instance at 0x7f835f7a20a0>,41,17,[10  3],42,153,170,111,141
1,<environment.Job instance at 0x7f83199f1b40>,52,12,[8 1],53,170,182,117,156
1,<environment.Job instance at 0x7f83199f1e60>,56,16,[9 2],57,182,198,125,174
1,<environment.Job instance at 0x7f83199f1640>,57,16,[9 4],58,198,214,140,185
1,<environment.Job instance at 0x7f835fa91140>,2,12,[3 8],3,3,15,0,3
1,<environment.Job instance at 0x7f83198bad20>,3,3,[4 8],4,15,18,11,4
1,<environment.Job instance at 0x7f8319add0a0>,4,15,[4 6],5,24,39,19,24
1,<environment.Job instance at 0x7f8319adde10>,12,3,[10  4],13,39,42,26,24
1,<environment.Job instance at 0x7f8319cdb780>,15,13,[5 5],16,42,55,26,30
1,<environment.Job instance at 0x7f8319add7d0>,7,15,[5 3],8,42,57,34,40
1,<environment.Job instance at 0x7f835f98e7d0>,28,14,[7 5],29,57,71,28,44
1,<environment.Job instance at 0x7f836204f190>,33,2,[9 2],34,71,73,37,52
1,<environment.Job instance at 0x7f835f45b460>,34,17,[7 2],35,73,90,38,61
1,<environment.Job instance at 0x7f835f45b190>,39,17,[8 1],40,90,107,50,79
1,<environment.Job instance at 0x7f835f597fa0>,41,17,[2 6],42,79,96,37,79
1,<environment.Job instance at 0x7f835f597280>,48,14,[ 2 10],49,107,121,58,97
1,<environment.Job instance at 0x7f836204f550>,30,18,[9 5],31,121,139,90,111
1,<environment.Job instance at 0x7f835f54c140>,56,3,[8 1],57,139,142,82,116
1,<environment.Job instance at 0x7f835f8ac500>,58,14,[4 6],59,142,156,83,128
1,<environment.Job instance at 0x7f835f49d780>,1,12,[5 5],2,2,14,0,2
1,<environment.Job instance at 0x7f835f5fbb40>,2,12,[5 5],3,3,15,0,3
1,<environment.Job instance at 0x7f8319caf410>,7,3,[10  2],8,16,19,8,16
1,<environment.Job instance at 0x7f8319cafbe0>,16,3,[ 3 10],17,19,22,2,17
1,<environment.Job instance at 0x7f8319caf6e0>,10,16,[10  2],11,22,38,11,18
1,<environment.Job instance at 0x7f8319cb2190>,21,14,[1 5],22,38,52,16,25
1,<environment.Job instance at 0x7f83626ae0f0>,3,13,[4 9],4,52,65,48,36
1,<environment.Job instance at 0x7f8319cb29b0>,28,15,[8 5],29,65,80,36,53
1,<environment.Job instance at 0x7f8319cb22d0>,20,18,[4 7],21,80,98,59,69
1,<environment.Job instance at 0x7f8319cb6280>,38,17,[7 4],39,98,115,59,87
1,<environment.Job instance at 0x7f8319cb65a0>,42,18,[6 3],43,115,133,72,104
1,<environment.Job instance at 0x7f8319cb6d20>,50,15,[7 5],51,140,155,89,140
1,<environment.Job instance at 0x7f8319cbb050>,54,17,[8 5],55,155,172,100,150
1,<environment.Job instance at 0x7f835f639280>,2,2,[9 3],3,3,5,0,3
1,<environment.Job instance at 0x7f835f639780>,1,13,[5 5],2,5,18,3,5
1,<environment.Job instance at 0x7f835f6809b0>,5,3,[1 5],6,6,9,0,6
1,<environment.Job instance at 0x7f835f680230>,7,13,[6 4],8,18,31,10,9
1,<environment.Job instance at 0x7f835f959050>,13,13,[6 5],14,31,44,17,15
1,<environment.Job instance at 0x7f8319ee1960>,14,2,[7 5],15,44,46,29,18
1,<environment.Job instance at 0x7f8361fa5320>,21,13,[5 3],22,46,59,24,31
1,<environment.Job instance at 0x7f8319f9bbe0>,22,15,[5 1],23,46,61,23,33
1,<environment.Job instance at 0x7f83620c7820>,28,14,[5 9],29,59,73,30,45
1,<environment.Job instance at 0x7f835f680e10>,11,18,[2 9],12,73,91,61,63
1,<environment.Job instance at 0x7f835f91f960>,38,3,[5 9],39,91,94,52,73
1,<environment.Job instance at 0x7f8319d79730>,39,13,[5 9],40,94,107,54,78
1,<environment.Job instance at 0x7f835f523910>,45,13,[10  4],46,107,120,61,93
1,<environment.Job instance at 0x7f835f523870>,49,15,[7 1],50,120,135,70,106
1,<environment.Job instance at 0x7f8319cda640>,44,17,[3 9],45,120,137,75,119
1,<environment.Job instance at 0x7f83197db460>,54,14,[7 1],55,135,149,80,124
1,<environment.Job instance at 0x7f835fa32500>,58,16,[8 5],59,200,216,141,200
1,<environment.Job instance at 0x7f8319c13870>,41,18,[8 4],42,478,496,436,478
1,<environment.Job instance at 0x7f835f680dc0>,4,16,[10  3],5,503,519,498,503
1,<environment.Job instance at 0x7f83197d8410>,23,18,[5 9],24,552,570,528,552
1,<environment.Job instance at 0x7f8319b16370>,6,2,[2 9],7,7,9,0,7
1,<environment.Job instance at 0x7f835f9e02d0>,7,3,[7 1],8,11,14,3,11
1,<environment.Job instance at 0x7f8319b16410>,5,18,[7 5],6,14,32,8,13
1,<environment.Job instance at 0x7f835f90d730>,2,16,[9 2],3,36,52,33,36
1,<environment.Job instance at 0x7f836211d320>,20,14,[3 6],21,52,66,31,39
1,<environment.Job instance at 0x7f8319b77af0>,23,2,[5 5],24,66,68,42,39
1,<environment.Job instance at 0x7f836211d8c0>,24,12,[4 6],25,68,80,43,54
1,<environment.Job instance at 0x7f836211d730>,27,18,[1 7],28,80,98,52,72
1,<environment.Job instance at 0x7f8319be9c30>,25,17,[7 1],26,82,99,56,82
1,<environment.Job instance at 0x7f835f5b5460>,30,15,[1 6],31,98,113,67,84
1,<environment.Job instance at 0x7f8319b8f280>,32,18,[5 5],33,113,131,80,102
1,<environment.Job instance at 0x7f835f9472d0>,35,15,[7 4],36,131,146,95,117
1,<environment.Job instance at 0x7f8319c2ef50>,39,17,[7 2],40,146,163,106,134
1,<environment.Job instance at 0x7f8319dd1960>,44,12,[6 5],45,163,175,118,146
1,<environment.Job instance at 0x7f8319dd1230>,47,12,[ 4 10],48,176,188,128,176
1,<environment.Job instance at 0x7f8319c4e910>,5,3,[8 5],6,8,11,2,8
1,<environment.Job instance at 0x7f8319c4ed70>,10,14,[6 4],11,17,31,6,17
1,<environment.Job instance at 0x7f8319c24690>,18,17,[5 5],19,31,48,12,20
1,<environment.Job instance at 0x7f8319c24b40>,22,13,[1 5],23,28,41,5,28
1,<environment.Job instance at 0x7f8319c24d70>,24,2,[10  3],25,48,50,23,31
1,<environment.Job instance at 0x7f8319c24e10>,26,2,[3 9],27,50,52,23,33
1,<environment.Job instance at 0x7f8319c24a00>,20,15,[9 4],21,52,67,31,39
1,<environment.Job instance at 0x7f8319c4eeb0>,14,15,[9 1],15,67,82,52,56
1,<environment.Job instance at 0x7f8319c5e640>,34,15,[10  3],35,82,97,47,71
1,<environment.Job instance at 0x7f8319c5ed20>,43,17,[8 5],44,97,114,53,87
1,<environment.Job instance at 0x7f8319c3c410>,48,16,[ 5 10],49,114,130,65,102
1,<environment.Job instance at 0x7f8319c3c5f0>,50,16,[9 2],51,130,146,79,119
1,<environment.Job instance at 0x7f8362155a00>,7,17,[5 2],8,10,27,2,10
1,<environment.Job instance at 0x7f8362155d70>,3,16,[6 5],4,27,43,23,15
1,<environment.Job instance at 0x7f8319c51e10>,18,14,[9 4],19,43,57,24,32
1,<environment.Job instance at 0x7f83196f4500>,23,2,[6 3],24,57,59,33,43
1,<environment.Job instance at 0x7f83196f4e60>,26,1,[4 9],27,59,60,32,43
1,<environment.Job instance at 0x7f8362155a50>,10,15,[3 9],11,60,75,49,46
1,<environment.Job instance at 0x7f835f94a690>,29,14,[6 1],30,59,73,29,46
1,<environment.Job instance at 0x7f835f94ab40>,32,14,[3 9],33,75,89,42,62
1,<environment.Job instance at 0x7f835f94a780>,31,17,[10  4],32,89,106,57,77
1,<environment.Job instance at 0x7f835f52cfa0>,37,18,[3 6],38,106,124,68,95
1,<environment.Job instance at 0x7f835fac9870>,45,12,[5 6],46,124,136,78,113
1,<environment.Job instance at 0x7f835fac9960>,46,17,[5 5],47,136,153,89,124
1,<environment.Job instance at 0x7f835fac9f00>,52,17,[1 6],53,165,182,112,165
1,<environment.Job instance at 0x7f8319cdc690>,8,1,[6 1],9,10,11,1,10
1,<environment.Job instance at 0x7f8319cdc550>,7,16,[ 5 10],8,14,30,6,14
1,<environment.Job instance at 0x7f8319cdc4b0>,12,16,[9 4],13,30,46,17,18
1,<environment.Job instance at 0x7f8362209870>,16,15,[9 5],17,46,61,29,45
1,<environment.Job instance at 0x7f8362209550>,17,14,[4 7],18,61,75,43,49
1,<environment.Job instance at 0x7f83620250f0>,25,12,[8 1],26,75,87,49,66
1,<environment.Job instance at 0x7f83620251e0>,23,18,[ 1 10],24,87,105,63,76
1,<environment.Job instance at 0x7f8362025b40>,30,15,[ 4 10],31,105,120,74,91
1,<environment.Job instance at 0x7f83198b7eb0>,39,17,[9 4],40,120,137,80,109
1,<environment.Job instance at 0x7f83198b7460>,43,15,[10  4],44,137,152,93,125
1,<environment.Job instance at 0x7f83199a88c0>,46,15,[ 5 10],47,152,167,105,143
1,<environment.Job instance at 0x7f83199a8640>,51,13,[5 8],52,167,180,115,151
1,<environment.Job instance at 0x7f835fa34a50>,57,15,[ 5 10],58,194,209,136,194
1,<environment.Job instance at 0x7f835fa34b40>,58,17,[5 7],59,209,226,150,197
1,<environment.Job instance at 0x7f8319975d20>,7,3,[8 5],8,8,11,0,8
1,<environment.Job instance at 0x7f831985b1e0>,1,16,[ 4 10],2,11,27,9,10
1,<environment.Job instance at 0x7f8319975be0>,11,13,[2 8],12,27,40,15,12
1,<environment.Job instance at 0x7f83199750f0>,6,18,[9 4],7,40,58,33,30
1,<environment.Job instance at 0x7f83199834b0>,19,12,[5 7],20,58,70,38,42
1,<environment.Job instance at 0x7f8319983f00>,23,17,[10  5],24,70,87,46,61
1,<environment.Job instance at 0x7f8319975a50>,16,18,[4 6],17,87,105,70,77
1,<environment.Job instance at 0x7f8361bb7910>,31,16,[2 7],32,105,121,73,92
1,<environment.Job instance at 0x7f835f9122d0>,40,16,[2 8],41,121,137,80,113
1,<environment.Job instance at 0x7f8361bb57d0>,43,17,[6 4],44,137,154,93,125
1,<environment.Job instance at 0x7f835f6cb8c0>,13,18,[ 5 10],14,154,172,140,143
1,<environment.Job instance at 0x7f8319a17c80>,53,12,[4 9],54,172,184,118,159
1,<environment.Job instance at 0x7f8362196820>,51,18,[9 3],52,576,594,524,576
1,<environment.Job instance at 0x7f831985bfa0>,7,1,[8 3],8,8,9,0,8
1,<environment.Job instance at 0x7f8361e14140>,3,13,[1 7],4,8,21,4,8
1,<environment.Job instance at 0x7f831985b690>,6,16,[6 1],7,9,25,2,9
1,<environment.Job instance at 0x7f8319c2eeb0>,12,14,[9 1],13,25,39,12,14
1,<environment.Job instance at 0x7f8361e145f0>,2,18,[5 8],3,39,57,36,29
1,<environment.Job instance at 0x7f8361f68550>,21,17,[3 7],22,57,74,35,45
1,<environment.Job instance at 0x7f8319ce1910>,30,15,[4 9],31,74,89,43,67
1,<environment.Job instance at 0x7f8319ce1fa0>,31,15,[7 5],32,89,104,57,76
1,<environment.Job instance at 0x7f8319ce1280>,33,16,[8 2],34,104,120,70,91
1,<environment.Job instance at 0x7f8319ce15a0>,39,15,[5 6],40,120,135,80,106
1,<environment.Job instance at 0x7f8319ce1230>,43,16,[ 4 10],44,135,151,91,122
1,<environment.Job instance at 0x7f8361d5c5f0>,48,18,[5 8],49,151,169,102,140
1,<environment.Job instance at 0x7f8361fa56e0>,56,2,[6 4],57,169,171,112,157
1,<environment.Job instance at 0x7f8361fa5190>,57,15,[ 1 10],58,171,186,113,157
1,<environment.Job instance at 0x7f8319db3410>,19,16,[ 4 10],20,212,228,192,212
1,<environment.Job instance at 0x7f83620dcb40>,0,1,[8 1],1,1,2,0,1
1,<environment.Job instance at 0x7f8361f13960>,8,16,[1 6],9,9,25,0,9
1,<environment.Job instance at 0x7f8361f13550>,6,13,[3 7],7,25,38,18,16
1,<environment.Job instance at 0x7f8361f134b0>,14,14,[10  4],15,38,52,23,26
1,<environment.Job instance at 0x7f8361f13690>,13,15,[4 9],14,52,67,38,40
1,<environment.Job instance at 0x7f835f69daf0>,16,12,[9 4],17,67,79,50,50
1,<environment.Job instance at 0x7f835f69d910>,25,12,[5 9],26,79,91,53,68
1,<environment.Job instance at 0x7f835f69d3c0>,26,12,[6 4],27,91,103,64,78
1,<environment.Job instance at 0x7f8319c16c30>,29,17,[9 2],30,103,120,73,95
1,<environment.Job instance at 0x7f8319c16140>,37,16,[3 5],38,130,146,92,130
1,<environment.Job instance at 0x7f8319886460>,48,15,[8 3],49,188,203,139,188
1,<environment.Job instance at 0x7f835fb41910>,1,1,[2 7],2,2,3,0,2
1,<environment.Job instance at 0x7f8319adddc0>,2,2,[4 5],3,3,5,0,3
1,<environment.Job instance at 0x7f8319de4320>,3,14,[5 5],4,4,18,0,4
1,<environment.Job instance at 0x7f8319de4500>,4,12,[7 4],5,18,30,13,6
1,<environment.Job instance at 0x7f8319de4280>,6,1,[2 5],7,7,8,0,7
1,<environment.Job instance at 0x7f8319df8370>,13,15,[4 8],14,30,45,16,17
1,<environment.Job instance at 0x7f8319df8f00>,16,13,[9 5],17,45,58,28,29
1,<environment.Job instance at 0x7f8319df8870>,19,13,[7 5],20,58,71,38,44
1,<environment.Job instance at 0x7f8319de55a0>,21,14,[9 5],22,71,85,49,57
1,<environment.Job instance at 0x7f831999b6e0>,29,15,[8 5],30,85,100,55,71
1,<environment.Job instance at 0x7f8319c1a370>,32,16,[1 7],33,100,116,67,88
1,<environment.Job instance at 0x7f8319945fa0>,37,16,[7 2],38,100,116,62,95
1,<environment.Job instance at 0x7f8361c17d20>,42,14,[9 3],43,116,130,73,103
1,<environment.Job instance at 0x7f8361db6050>,46,16,[4 9],47,130,146,83,117
1,<environment.Job instance at 0x7f8362116aa0>,55,17,[10  3],56,146,163,90,137
1,<environment.Job instance at 0x7f8362116e60>,56,12,[7 5],57,163,175,106,146
1,<environment.Job instance at 0x7f83620100f0>,1,14,[ 5 10],2,2,16,0,2
1,<environment.Job instance at 0x7f8319e04a50>,3,13,[8 3],4,16,29,12,4
1,<environment.Job instance at 0x7f8362010d20>,4,17,[8 5],5,29,46,24,21
1,<environment.Job instance at 0x7f835f6c5be0>,11,13,[5 2],12,46,59,34,30
1,<environment.Job instance at 0x7f835f6f5820>,18,12,[5 1],19,46,58,27,34
1,<environment.Job instance at 0x7f8361e40c80>,25,14,[5 7],26,58,72,32,43
1,<environment.Job instance at 0x7f8361e40b90>,24,15,[8 1],25,72,87,47,58
1,<environment.Job instance at 0x7f8361f9ac30>,27,15,[3 9],28,87,102,59,73
1,<environment.Job instance at 0x7f8319ba3c30>,28,15,[ 4 10],29,102,117,73,90
1,<environment.Job instance at 0x7f835f9528c0>,43,16,[3 8],44,117,133,73,104
1,<environment.Job instance at 0x7f8362296550>,38,18,[ 4 10],39,133,151,94,123
1,<environment.Job instance at 0x7f83620104b0>,0,17,[8 4],1,151,168,150,139
1,<environment.Job instance at 0x7f835f821230>,46,18,[3 6],47,168,186,121,157
1,<environment.Job instance at 0x7f835f80bc80>,0,2,[7 4],1,4,6,3,4
1,<environment.Job instance at 0x7f8319c16460>,1,16,[6 5],2,6,22,4,6
1,<environment.Job instance at 0x7f8361cc02d0>,8,15,[1 8],9,22,37,13,9
1,<environment.Job instance at 0x7f8361cc0140>,10,15,[5 1],11,22,37,11,11
1,<environment.Job instance at 0x7f8361cc0eb0>,6,12,[ 1 10],7,37,49,30,23
1,<environment.Job instance at 0x7f835f6a6aa0>,24,17,[3 7],25,49,66,24,37
1,<environment.Job instance at 0x7f835f6a6af0>,19,18,[1 9],20,66,84,46,55
1,<environment.Job instance at 0x7f8319985cd0>,31,14,[ 1 10],32,84,98,52,70
1,<environment.Job instance at 0x7f83199859b0>,36,12,[8 3],37,98,110,61,81
1,<environment.Job instance at 0x7f8361cc0550>,7,18,[9 4],8,110,128,102,99
1,<environment.Job instance at 0x7f831970dbe0>,48,1,[9 5],49,128,129,79,106
1,<environment.Job instance at 0x7f8361cc0a00>,5,16,[6 5],6,129,145,123,119
1,<environment.Job instance at 0x7f831970dd20>,55,14,[6 3],56,145,159,89,130
1,<environment.Job instance at 0x7f831970d1e0>,52,18,[9 2],53,378,396,325,378
1,<environment.Job instance at 0x7f831970d640>,54,14,[5 9],55,714,728,659,714
1,<environment.Job instance at 0x7f831971c050>,1,14,[1 5],2,4,18,2,4
1,<environment.Job instance at 0x7f835fa60370>,5,12,[8 3],6,6,18,0,6
1,<environment.Job instance at 0x7f836234d550>,11,15,[7 3],12,18,33,6,13
1,<environment.Job instance at 0x7f8319da5be0>,13,3,[3 9],14,33,36,19,15
1,<environment.Job instance at 0x7f8319710e10>,15,1,[ 1 10],16,36,37,20,16
1,<environment.Job instance at 0x7f8319eb1cd0>,16,13,[5 9],17,37,50,20,21
1,<environment.Job instance at 0x7f8319710b90>,8,14,[9 5],9,67,81,58,67
1,<environment.Job instance at 0x7f8361e3dbe0>,24,16,[8 1],25,81,97,56,69
1,<environment.Job instance at 0x7f8361dc0730>,29,3,[6 1],30,97,100,67,78
1,<environment.Job instance at 0x7f8361dc0a00>,33,3,[7 2],34,100,103,66,79
1,<environment.Job instance at 0x7f835fa60140>,7,17,[5 5],8,103,120,95,93
1,<environment.Job instance at 0x7f8361dc9aa0>,37,3,[3 7],38,97,100,59,93
1,<environment.Job instance at 0x7f8361dc94b0>,39,13,[4 8],40,120,133,80,108
1,<environment.Job instance at 0x7f8361da3820>,42,15,[2 5],43,133,148,90,119
1,<environment.Job instance at 0x7f8361da39b0>,43,16,[1 5],44,133,149,89,122
1,<environment.Job instance at 0x7f8361dc2960>,49,16,[5 6],50,149,165,99,136
1,<environment.Job instance at 0x7f8361dc2140>,53,13,[9 3],54,165,178,111,152
1,<environment.Job instance at 0x7f835f598280>,56,14,[5 4],57,178,192,121,163
1,<environment.Job instance at 0x7f8361dc9640>,40,17,[10  1],41,271,288,230,271
1,<environment.Job instance at 0x7f487d8c12d0>,3,3,[4 8],4,4,7,0,4
1,<environment.Job instance at 0x7f487d8c1230>,4,14,[1 6],5,7,21,2,6
1,<environment.Job instance at 0x7f487d8c1550>,6,20,[6 1],7,7,27,0,7
1,<environment.Job instance at 0x7f487d8c1870>,11,15,[4 8],12,21,36,9,12
1,<environment.Job instance at 0x7f487d8c1cd0>,14,13,[7 3],15,36,49,21,22
1,<environment.Job instance at 0x7f487d8c1e10>,16,16,[3 5],17,36,52,19,23
1,<environment.Job instance at 0x7f487d8c1d70>,15,18,[2 8],16,52,70,36,50
1,<environment.Job instance at 0x7f487d8c4aa0>,27,15,[8 4],28,70,85,42,57
1,<environment.Job instance at 0x7f487d8c4280>,24,18,[2 6],25,70,88,45,67
1,<environment.Job instance at 0x7f487d8c4be0>,29,12,[5 4],30,85,97,55,76
1,<environment.Job instance at 0x7f487d8c51e0>,38,2,[ 1 10],39,97,99,58,82
1,<environment.Job instance at 0x7f487d8c4f50>,35,15,[9 5],36,99,114,63,86
1,<environment.Job instance at 0x7f487d8c53c0>,41,1,[5 2],42,88,89,46,86
1,<environment.Job instance at 0x7f487d8c5640>,45,13,[6 5],46,114,127,68,101
1,<environment.Job instance at 0x7f487d8c1b40>,13,18,[ 4 10],14,127,145,113,121
1,<environment.Job instance at 0x7f487d8c5f00>,53,17,[5 7],54,153,170,99,153
1,<environment.Job instance at 0x7f4884cf8320>,0,3,[10  2],1,5,8,4,5
1,<environment.Job instance at 0x7f4884cf8730>,4,14,[5 1],5,8,22,3,6
1,<environment.Job instance at 0x7f4884cf8be0>,7,13,[8 5],8,22,35,14,8
1,<environment.Job instance at 0x7f4884cfbe60>,11,15,[5 9],12,35,50,23,23
1,<environment.Job instance at 0x7f4884e41960>,23,2,[6 1],24,50,52,26,35
1,<environment.Job instance at 0x7f4884e415f0>,25,15,[5 7],26,52,67,26,38
1,<environment.Job instance at 0x7f4884e4a0a0>,30,18,[2 7],31,67,85,36,58
1,<environment.Job instance at 0x7f4884e37d20>,15,17,[3 9],16,85,102,69,73
1,<environment.Job instance at 0x7f4884e4a5f0>,33,16,[1 6],34,102,118,68,91
1,<environment.Job instance at 0x7f4884cf9e60>,37,17,[9 3],38,112,129,74,112
1,<environment.Job instance at 0x7f4884cf9140>,43,15,[6 1],44,129,144,85,116
1,<environment.Job instance at 0x7f4884e444b0>,44,14,[2 5],45,129,143,84,119
1,<environment.Job instance at 0x7f4884e44be0>,47,1,[1 5],48,143,144,95,130
1,<environment.Job instance at 0x7f4884e44d20>,50,2,[7 2],51,144,146,93,133
1,<environment.Job instance at 0x7f4884e44730>,51,1,[2 6],52,144,145,92,133
1,<environment.Job instance at 0x7f4839be46e0>,1,13,[5 6],2,3,16,1,3
1,<environment.Job instance at 0x7f4839be4b90>,6,17,[1 7],7,16,33,9,15
1,<environment.Job instance at 0x7f4839bd24b0>,17,3,[4 5],18,33,36,15,18
1,<environment.Job instance at 0x7f4839bd2280>,14,14,[8 4],15,36,50,21,21
1,<environment.Job instance at 0x7f4839be41e0>,11,15,[10  4],12,50,65,38,37
1,<environment.Job instance at 0x7f4839bd2320>,18,14,[9 5],19,65,79,46,51
1,<environment.Job instance at 0x7f4839c33910>,39,14,[2 6],40,95,109,55,95
1,<environment.Job instance at 0x7f4839c33a50>,41,13,[8 5],42,109,122,67,95
1,<environment.Job instance at 0x7f4839b0a0f0>,47,1,[2 9],48,122,123,74,95
1,<environment.Job instance at 0x7f4839c33370>,42,14,[2 9],43,123,137,80,108
1,<environment.Job instance at 0x7f4839b0aa50>,52,3,[10  2],53,137,140,84,123
1,<environment.Job instance at 0x7f4839b0a960>,54,12,[3 8],55,140,152,85,123
1,<environment.Job instance at 0x7f4839b0aeb0>,51,17,[10  2],52,152,169,100,140
1,<environment.Job instance at 0x7f4839bc5e60>,61,14,[1 6],62,169,183,107,161
1,<environment.Job instance at 0x7f4839bc5af0>,63,14,[7 5],64,183,197,119,168
1,<environment.Job instance at 0x7f4839be4690>,0,16,[2 8],1,590,606,589,590
1,<environment.Job instance at 0x7f483a086aa0>,10,18,[4 5],11,14,32,3,14
1,<environment.Job instance at 0x7f483a086820>,14,16,[9 4],15,32,48,17,19
1,<environment.Job instance at 0x7f483a090500>,18,15,[7 5],19,48,63,29,34
1,<environment.Job instance at 0x7f483a086690>,11,18,[2 8],12,63,81,51,53
1,<environment.Job instance at 0x7f483a090f00>,19,13,[6 3],20,81,94,61,65
1,<environment.Job instance at 0x7f4884cfae60>,36,16,[7 4],37,94,110,57,82
1,<environment.Job instance at 0x7f483a0adc80>,44,14,[5 5],45,110,124,65,102
1,<environment.Job instance at 0x7f483a0ade60>,43,12,[9 1],44,124,136,80,114
1,<environment.Job instance at 0x7f4839cf07d0>,54,12,[7 2],55,136,148,81,128
1,<environment.Job instance at 0x7f4839cf06e0>,57,13,[9 2],58,148,161,90,136
1,<environment.Job instance at 0x7f483a1db190>,61,15,[8 4],62,161,176,99,147
1,<environment.Job instance at 0x7f483a1db2d0>,60,17,[2 6],61,169,186,108,169
1,<environment.Job instance at 0x7f4839c6f9b0>,68,13,[5 1],69,176,189,107,169
1,<environment.Job instance at 0x7f4839fb43c0>,7,3,[6 3],8,9,12,1,9
1,<environment.Job instance at 0x7f4839fb4690>,10,18,[6 1],11,12,30,1,11
1,<environment.Job instance at 0x7f4839fb49b0>,13,3,[9 5],14,30,33,16,14
1,<environment.Job instance at 0x7f4839fb4870>,12,18,[8 2],13,33,51,20,23
1,<environment.Job instance at 0x7f4839fb4f00>,19,16,[9 4],20,51,67,31,38
1,<environment.Job instance at 0x7f4839fb1410>,25,13,[6 4],26,67,80,41,52
1,<environment.Job instance at 0x7f4839fb14b0>,27,13,[1 9],28,80,93,52,65
1,<environment.Job instance at 0x7f4839fb1640>,28,17,[3 6],29,93,110,64,81
1,<environment.Job instance at 0x7f4839fb1870>,34,15,[5 1],35,96,111,61,96
1,<environment.Job instance at 0x7f4839fb1c30>,36,3,[ 5 10],37,111,114,74,96
1,<environment.Job instance at 0x7f4839fc3140>,40,12,[9 2],41,114,126,73,98
1,<environment.Job instance at 0x7f4839fc3410>,45,12,[2 6],46,126,138,80,109
1,<environment.Job instance at 0x7f4839fc34b0>,48,15,[7 5],49,138,153,89,124
1,<environment.Job instance at 0x7f4839fc3be0>,52,3,[7 1],53,153,156,100,139
1,<environment.Job instance at 0x7f4839fc3cd0>,56,16,[ 5 10],57,195,211,138,195
1,<environment.Job instance at 0x7f4839fc3af0>,61,17,[10  3],62,213,230,151,213
1,<environment.Job instance at 0x7f4839fb7500>,65,12,[ 4 10],66,230,242,164,220
1,<environment.Job instance at 0x7f487d6685a0>,1,2,[6 3],2,2,4,0,2
1,<environment.Job instance at 0x7f4839fb75a0>,2,12,[8 1],3,4,16,1,3
1,<environment.Job instance at 0x7f487d668a50>,3,1,[1 7],4,4,5,0,4
1,<environment.Job instance at 0x7f487d6687d0>,4,18,[3 6],5,16,34,11,5
1,<environment.Job instance at 0x7f487dc824b0>,15,3,[3 8],16,34,37,18,20
1,<environment.Job instance at 0x7f487dc82fa0>,18,18,[1 5],19,37,55,18,36
1,<environment.Job instance at 0x7f487dd66b40>,25,13,[5 5],26,38,51,12,38
1,<environment.Job instance at 0x7f487dc828c0>,14,15,[4 6],15,55,70,40,41
1,<environment.Job instance at 0x7f487dd665a0>,33,2,[5 5],34,70,72,36,54
1,<environment.Job instance at 0x7f487dd66780>,34,1,[7 4],35,54,55,19,54
1,<environment.Job instance at 0x7f487d668aa0>,6,16,[9 2],7,72,88,65,59
1,<environment.Job instance at 0x7f4884e36b90>,38,14,[7 5],39,88,102,49,73
1,<environment.Job instance at 0x7f4839fb74b0>,7,16,[9 4],8,102,118,94,89
1,<environment.Job instance at 0x7f4839b54d20>,47,15,[2 9],48,118,133,70,106
1,<environment.Job instance at 0x7f4839b54410>,49,17,[8 1],50,118,135,68,109
1,<environment.Job instance at 0x7f4881ecf460>,58,14,[ 2 10],59,135,149,76,120
1,<environment.Job instance at 0x7f4881ecf6e0>,60,18,[3 5],61,149,167,88,140
1,<environment.Job instance at 0x7f487db893c0>,67,2,[6 4],68,149,151,81,140
1,<environment.Job instance at 0x7f487d8b8e60>,1,12,[5 5],2,2,14,0,2
1,<environment.Job instance at 0x7f488200a690>,2,12,[5 5],3,5,17,2,5
1,<environment.Job instance at 0x7f4839c60b90>,5,14,[7 4],6,17,31,11,7
1,<environment.Job instance at 0x7f4839d0e280>,7,3,[10  2],8,31,34,23,9
1,<environment.Job instance at 0x7f487ddce550>,9,1,[ 3 10],10,34,35,24,10
1,<environment.Job instance at 0x7f4881e79af0>,15,12,[ 1 10],16,35,47,19,21
1,<environment.Job instance at 0x7f483a03da50>,23,14,[2 7],24,47,61,23,35
1,<environment.Job instance at 0x7f4881e302d0>,10,16,[10  2],11,61,77,50,52
1,<environment.Job instance at 0x7f487d84ae60>,38,17,[7 4],39,77,94,38,70
1,<environment.Job instance at 0x7f487d6a05f0>,43,2,[9 1],44,100,102,56,100
1,<environment.Job instance at 0x7f487d6a0b40>,45,16,[6 3],46,102,118,56,100
1,<environment.Job instance at 0x7f487d84ac30>,40,12,[8 5],41,270,282,229,270
1,<environment.Job instance at 0x7f4839d4cd20>,54,17,[8 5],55,296,313,241,296
1,<environment.Job instance at 0x7f4839d4c820>,55,2,[6 3],56,313,315,257,296
1,<environment.Job instance at 0x7f4839fb3cd0>,63,12,[1 8],64,762,774,698,762
1,<environment.Job instance at 0x7f4839fb3a00>,64,16,[10  3],65,774,790,709,765
1,<environment.Job instance at 0x7f4839fb33c0>,65,3,[1 5],66,790,793,724,765
1,<environment.Job instance at 0x7f487dd6ecd0>,3,13,[6 5],4,4,17,0,4
1,<environment.Job instance at 0x7f483a12baf0>,7,18,[5 1],8,17,35,9,14
1,<environment.Job instance at 0x7f487dafe140>,6,3,[2 7],7,17,20,10,16
1,<environment.Job instance at 0x7f483a12be10>,12,15,[5 1],13,20,35,7,18
1,<environment.Job instance at 0x7f483a119230>,18,14,[5 9],19,35,49,16,20
1,<environment.Job instance at 0x7f483a119820>,24,1,[5 8],25,49,50,24,30
1,<environment.Job instance at 0x7f483a119410>,21,16,[6 5],22,50,66,28,37
1,<environment.Job instance at 0x7f483a122230>,29,13,[5 9],30,66,79,36,53
1,<environment.Job instance at 0x7f483a122280>,31,18,[8 4],32,79,97,47,68
1,<environment.Job instance at 0x7f483a122500>,36,16,[5 5],37,97,113,60,86
1,<environment.Job instance at 0x7f483a122d20>,44,14,[7 1],45,113,127,68,98
1,<environment.Job instance at 0x7f483a1230a0>,49,18,[7 5],50,127,145,77,118
1,<environment.Job instance at 0x7f483a1229b0>,39,15,[7 1],40,145,160,105,132
1,<environment.Job instance at 0x7f483a123870>,57,3,[7 1],58,160,163,102,135
1,<environment.Job instance at 0x7f483a1223c0>,34,17,[3 9],35,145,162,110,142
1,<environment.Job instance at 0x7f483a123eb0>,64,2,[2 5],65,164,166,99,164
1,<environment.Job instance at 0x7f483a123f50>,65,3,[6 5],66,164,167,98,164
1,<environment.Job instance at 0x7f483a123f00>,66,3,[8 2],67,167,170,100,164
1,<environment.Job instance at 0x7f483a123b90>,67,13,[7 3],68,170,183,102,164
1,<environment.Job instance at 0x7f487da78d20>,2,18,[10  4],3,183,201,180,173
1,<environment.Job instance at 0x7f483a12beb0>,13,18,[5 9],14,260,278,246,260
1,<environment.Job instance at 0x7f483a123820>,2,15,[1 6],3,6,21,3,6
1,<environment.Job instance at 0x7f487d994b40>,9,14,[10  1],10,21,35,11,10
1,<environment.Job instance at 0x7f4881f455a0>,0,14,[3 6],1,35,49,34,21
1,<environment.Job instance at 0x7f487d994c30>,14,12,[8 4],15,49,61,34,33
1,<environment.Job instance at 0x7f4881f4fe60>,17,14,[6 2],18,61,75,43,46
1,<environment.Job instance at 0x7f483a167460>,20,12,[8 1],21,75,87,54,60
1,<environment.Job instance at 0x7f48823ecd70>,25,2,[4 7],26,87,89,61,77
1,<environment.Job instance at 0x7f4881f4f230>,24,12,[6 5],25,89,101,64,77
1,<environment.Job instance at 0x7f48820b13c0>,30,3,[4 8],31,101,104,70,94
1,<environment.Job instance at 0x7f487d994230>,12,18,[5 5],13,104,122,91,101
1,<environment.Job instance at 0x7f4884e3e4b0>,41,13,[1 7],42,122,135,80,121
1,<environment.Job instance at 0x7f4839b5dcd0>,50,14,[6 4],51,135,149,84,130
1,<environment.Job instance at 0x7f483a0a5e10>,58,17,[5 5],59,161,178,102,161
1,<environment.Job instance at 0x7f483a0a5cd0>,60,15,[9 4],61,178,193,117,167
1,<environment.Job instance at 0x7f483a090550>,66,2,[3 9],67,193,195,126,181
1,<environment.Job instance at 0x7f487da51e60>,1,2,[5 1],2,3,5,1,3
1,<environment.Job instance at 0x7f483a0c5140>,3,1,[7 2],4,5,6,1,4
1,<environment.Job instance at 0x7f483a090dc0>,4,15,[10  3],5,6,21,1,6
1,<environment.Job instance at 0x7f4839e0c320>,7,13,[9 4],8,21,34,13,8
1,<environment.Job instance at 0x7f487dafbf00>,9,17,[5 9],10,34,51,24,24
1,<environment.Job instance at 0x7f4839fe8eb0>,18,16,[ 5 10],19,51,67,32,39
1,<environment.Job instance at 0x7f4881ec4460>,24,3,[6 4],25,67,70,42,51
1,<environment.Job instance at 0x7f483a1b11e0>,25,13,[2 6],26,67,80,41,52
1,<environment.Job instance at 0x7f487dd06140>,28,3,[8 2],29,70,73,41,54
1,<environment.Job instance at 0x7f487dd060a0>,29,3,[ 5 10],30,80,83,50,54
1,<environment.Job instance at 0x7f483a187b40>,33,16,[6 5],34,83,99,49,72
1,<environment.Job instance at 0x7f487dd65550>,37,17,[5 2],38,99,116,61,88
1,<environment.Job instance at 0x7f483a16ceb0>,40,15,[3 9],41,116,131,75,103
1,<environment.Job instance at 0x7f483a16cf50>,43,12,[6 2],44,131,143,87,115
1,<environment.Job instance at 0x7f483a16ce60>,45,16,[5 3],46,143,159,97,131
1,<environment.Job instance at 0x7f487d8c4500>,49,13,[3 6],50,137,150,87,137
1,<environment.Job instance at 0x7f483a16caa0>,44,17,[9 5],45,159,176,114,150
1,<environment.Job instance at 0x7f4839fcbdc0>,32,18,[5 9],33,176,194,143,165
1,<environment.Job instance at 0x7f487dd36af0>,61,17,[10  4],62,194,211,132,183
1,<environment.Job instance at 0x7f487d97dd20>,0,1,[5 9],1,1,2,0,1
1,<environment.Job instance at 0x7f487d65d230>,1,3,[8 4],2,2,5,0,2
1,<environment.Job instance at 0x7f487da32f50>,5,12,[5 6],6,8,20,2,8
1,<environment.Job instance at 0x7f487da25140>,7,13,[8 2],8,20,33,12,8
1,<environment.Job instance at 0x7f487da25500>,12,17,[1 6],13,20,37,7,18
1,<environment.Job instance at 0x7f487da25cd0>,18,15,[3 6],19,37,52,18,26
1,<environment.Job instance at 0x7f487da25fa0>,22,3,[9 1],23,52,55,29,37
1,<environment.Job instance at 0x7f487da21410>,27,16,[ 5 10],28,75,91,47,75
1,<environment.Job instance at 0x7f487da21640>,29,15,[5 2],30,91,106,61,79
1,<environment.Job instance at 0x7f4839d25a50>,5,1,[10  1],6,7,8,1,7
1,<environment.Job instance at 0x7f4882347aa0>,6,12,[6 3],7,12,24,5,12
1,<environment.Job instance at 0x7f4839bee320>,10,1,[4 8],11,24,25,13,13
1,<environment.Job instance at 0x7f483a054730>,12,3,[5 2],13,24,27,11,13
1,<environment.Job instance at 0x7f4839bee1e0>,13,2,[2 5],14,14,16,0,14
1,<environment.Job instance at 0x7f487da21550>,1,13,[5 8],2,25,38,23,17
1,<environment.Job instance at 0x7f48820c5cd0>,14,15,[ 2 10],15,38,53,23,28
1,<environment.Job instance at 0x7f48820c5370>,21,13,[2 8],22,53,66,31,45
1,<environment.Job instance at 0x7f4839beeb40>,11,16,[ 4 10],12,66,82,54,54
1,<environment.Job instance at 0x7f48820c5550>,16,18,[9 4],17,82,100,65,71
1,<environment.Job instance at 0x7f48822e5fa0>,32,3,[3 8],33,100,103,67,75
1,<environment.Job instance at 0x7f48822e5c30>,33,17,[10  5],34,103,120,69,91
1,<environment.Job instance at 0x7f48822e5b90>,40,13,[9 3],41,120,133,79,104
1,<environment.Job instance at 0x7f48821daa00>,42,15,[3 8],43,133,148,90,120
1,<environment.Job instance at 0x7f48821dae10>,44,13,[5 4],45,148,161,103,132
1,<environment.Job instance at 0x7f48821da2d0>,45,15,[9 1],46,161,176,115,148
1,<environment.Job instance at 0x7f48821da4b0>,49,2,[4 6],50,148,150,98,148
1,<environment.Job instance at 0x7f4839d25050>,3,18,[ 4 10],4,176,194,172,168
1,<environment.Job instance at 0x7f487d9721e0>,52,17,[1 7],53,194,211,141,183
1,<environment.Job instance at 0x7f487daf3960>,61,18,[9 3],62,198,216,136,198
1,<environment.Job instance at 0x7f483a076a50>,63,12,[4 9],64,216,228,152,204
1,<environment.Job instance at 0x7f483a1430a0>,10,16,[5 9],11,11,27,0,11
1,<environment.Job instance at 0x7f483a143730>,12,14,[9 1],13,27,41,14,13
1,<environment.Job instance at 0x7f488202d3c0>,17,12,[5 4],18,41,53,23,29
1,<environment.Job instance at 0x7f488202da50>,19,16,[ 4 10],20,53,69,33,41
1,<environment.Job instance at 0x7f488238c460>,30,15,[4 9],31,73,88,42,73
1,<environment.Job instance at 0x7f488238c960>,31,15,[7 5],32,88,103,56,77
1,<environment.Job instance at 0x7f488238c0a0>,33,16,[8 2],34,103,119,69,92
1,<environment.Job instance at 0x7f488202d730>,24,14,[10  1],25,119,133,94,106
1,<environment.Job instance at 0x7f487db5ceb0>,42,13,[6 5],43,133,146,90,118
1,<environment.Job instance at 0x7f487dca4370>,46,2,[7 2],47,146,148,99,131
1,<environment.Job instance at 0x7f488238ce60>,36,17,[9 3],37,148,165,111,136
1,<environment.Job instance at 0x7f487dca4780>,54,15,[7 5],55,165,180,110,151
1,<environment.Job instance at 0x7f4839dbcb90>,58,3,[2 7],59,180,183,121,154
1,<environment.Job instance at 0x7f4839dbc5a0>,61,18,[3 7],62,183,201,121,172
1,<environment.Job instance at 0x7f4882579e10>,63,14,[5 5],64,201,215,137,186
1,<environment.Job instance at 0x7f4882579d70>,68,16,[1 6],69,215,231,146,202
1,<environment.Job instance at 0x7f4882579370>,3,15,[4 9],4,9,24,5,9
1,<environment.Job instance at 0x7f4882579d70>,4,14,[10  4],5,24,38,19,12
1,<environment.Job instance at 0x7f483a06ea50>,15,12,[5 9],16,38,50,22,21
1,<environment.Job instance at 0x7f483a06e050>,10,16,[9 2],11,50,66,39,39
1,<environment.Job instance at 0x7f4839f56870>,19,17,[9 2],20,66,83,46,55
1,<environment.Job instance at 0x7f483a0730f0>,27,16,[3 5],28,83,99,55,70
1,<environment.Job instance at 0x7f483a070d20>,30,13,[6 4],31,83,96,52,72
1,<environment.Job instance at 0x7f4839f4fe60>,34,17,[8 3],35,99,116,64,87
1,<environment.Job instance at 0x7f4839e01780>,38,15,[8 3],39,116,131,77,102
1,<environment.Job instance at 0x7f4839ed1140>,41,16,[5 3],42,131,147,89,118
1,<environment.Job instance at 0x7f4839eb2230>,50,18,[9 2],51,152,170,101,152
1,<environment.Job instance at 0x7f483a115320>,54,12,[7 4],55,170,182,115,156
1,<environment.Job instance at 0x7f4839ee82d0>,2,15,[7 3],3,3,18,0,3
1,<environment.Job instance at 0x7f4839c1efa0>,7,3,[2 8],8,18,21,10,13
1,<environment.Job instance at 0x7f4839c1e0f0>,10,1,[2 6],11,13,14,2,13
1,<environment.Job instance at 0x7f48820463c0>,1,14,[9 5],2,21,35,19,13
1,<environment.Job instance at 0x7f4839ec27d0>,13,13,[3 7],14,35,48,21,19
1,<environment.Job instance at 0x7f487d773190>,17,16,[7 2],18,35,51,17,26
1,<environment.Job instance at 0x7f4839ec2be0>,12,16,[1 7],13,48,64,35,36
1,<environment.Job instance at 0x7f487ddb35a0>,28,15,[7 1],29,51,66,22,44
1,<environment.Job instance at 0x7f48821b7aa0>,26,16,[4 9],27,66,82,39,53
1,<environment.Job instance at 0x7f48821bf5a0>,37,16,[8 4],38,82,98,44,76
1,<environment.Job instance at 0x7f48821bf4b0>,38,14,[6 3],39,98,112,59,83
1,<environment.Job instance at 0x7f487ddb3910>,29,14,[3 8],30,112,126,82,97
1,<environment.Job instance at 0x7f48821780f0>,43,13,[8 3],44,126,139,82,110
1,<environment.Job instance at 0x7f4882178be0>,48,14,[9 5],49,139,153,90,124
1,<environment.Job instance at 0x7f4839aef820>,53,17,[6 4],54,153,170,99,141
1,<environment.Job instance at 0x7f4839bcac80>,57,14,[2 6],58,153,167,95,142
1,<environment.Job instance at 0x7f4839bca320>,56,13,[10  5],57,170,183,113,154
1,<environment.Job instance at 0x7f488203b050>,65,14,[5 7],66,183,197,117,170
1,<environment.Job instance at 0x7f488203bdc0>,67,15,[3 9],68,197,212,129,185
1,<environment.Job instance at 0x7f4882392280>,1,1,[4 7],2,2,3,0,2
1,<environment.Job instance at 0x7f48821bf730>,2,19,[6 2],3,3,22,0,3
1,<environment.Job instance at 0x7f48399d3d70>,4,1,[1 7],5,5,6,0,5
1,<environment.Job instance at 0x7f48399d3b90>,9,13,[7 2],10,22,35,12,10
1,<environment.Job instance at 0x7f48399d3f00>,13,16,[3 8],14,15,31,1,15
1,<environment.Job instance at 0x7f4839dac0a0>,20,3,[9 2],21,35,38,14,31
1,<environment.Job instance at 0x7f4839dac280>,22,3,[10  3],23,38,41,15,31
1,<environment.Job instance at 0x7f4839dac780>,23,18,[4 5],24,41,59,17,31
1,<environment.Job instance at 0x7f4839dac370>,24,15,[3 5],25,41,56,16,34
1,<environment.Job instance at 0x7f4839dac4b0>,25,18,[5 8],26,59,77,33,50
1,<environment.Job instance at 0x7f4839cabaa0>,35,16,[6 5],36,77,93,41,76
1,<environment.Job instance at 0x7f48823ad140>,36,12,[ 1 10],37,93,105,56,78
1,<environment.Job instance at 0x7f48399d3cd0>,8,18,[ 4 10],9,105,123,96,97
1,<environment.Job instance at 0x7f48823ada50>,48,14,[7 2],49,123,137,74,109
1,<environment.Job instance at 0x7f4839a19230>,54,17,[3 7],55,126,143,71,126
1,<environment.Job instance at 0x7f4839a19d70>,56,14,[7 5],57,143,157,86,128
1,<environment.Job instance at 0x7f4839a19cd0>,60,18,[5 5],61,157,175,96,148
1,<environment.Job instance at 0x7f4839a199b0>,64,16,[7 5],65,175,191,110,170
1,<environment.Job instance at 0x7f4839a197d0>,66,12,[8 3],67,191,203,124,177
1,<environment.Job instance at 0x7f487d7c8370>,1,13,[9 1],2,7,20,5,7
1,<environment.Job instance at 0x7f483a23c730>,12,18,[9 2],13,20,38,7,15
1,<environment.Job instance at 0x7f483a23aeb0>,20,1,[10  3],21,38,39,17,21
1,<environment.Job instance at 0x7f483a23a9b0>,21,14,[1 5],22,22,36,0,22
1,<environment.Job instance at 0x7f483a23af50>,22,17,[5 1],23,39,56,16,30
1,<environment.Job instance at 0x7f483a1515f0>,27,17,[5 5],28,39,56,11,31
1,<environment.Job instance at 0x7f487db754b0>,28,14,[9 5],29,56,70,27,43
1,<environment.Job instance at 0x7f483a233050>,31,15,[7 3],32,70,85,38,56
1,<environment.Job instance at 0x7f483a233640>,32,17,[1 5],33,59,76,26,59
1,<environment.Job instance at 0x7f487d7050f0>,40,18,[5 4],41,111,129,70,111
1,<environment.Job instance at 0x7f487d6f6d70>,45,3,[10  3],46,129,132,83,113
1,<environment.Job instance at 0x7f483a23ccd0>,14,14,[5 9],15,132,146,117,117
1,<environment.Job instance at 0x7f487d6f6b90>,49,3,[6 1],50,146,149,96,131
1,<environment.Job instance at 0x7f487d6f6280>,50,12,[2 6],51,146,158,95,131
1,<environment.Job instance at 0x7f487d6f6a50>,51,2,[6 2],52,149,151,97,131
1,<environment.Job instance at 0x7f487d6f6fa0>,53,3,[7 2],54,151,154,97,132
1,<environment.Job instance at 0x7f487d6f6050>,54,13,[5 8],55,158,171,103,144
1,<environment.Job instance at 0x7f4881ed1690>,57,3,[3 7],58,171,174,113,145
1,<environment.Job instance at 0x7f4881ef41e0>,60,17,[10  1],61,174,191,113,163
1,<environment.Job instance at 0x7f487d6b1af0>,62,15,[2 5],63,191,206,128,178
1,<environment.Job instance at 0x7f4881edde10>,65,15,[5 4],66,191,206,125,190
1,<environment.Job instance at 0x7f4884bf3eb0>,1,18,[4 9],2,2,20,0,2
1,<environment.Job instance at 0x7f483a026410>,3,13,[9 3],4,20,33,16,4
1,<environment.Job instance at 0x7f487da734b0>,9,3,[6 1],10,10,13,0,10
1,<environment.Job instance at 0x7f483a026d20>,0,18,[4 5],1,33,51,32,22
1,<environment.Job instance at 0x7f483a026910>,5,14,[ 3 10],6,51,65,45,38
1,<environment.Job instance at 0x7f48399f3640>,25,15,[8 3],26,65,80,39,54
1,<environment.Job instance at 0x7f4839c30d70>,31,12,[8 2],32,80,92,48,65
1,<environment.Job instance at 0x7f487d758050>,15,18,[ 2 10],16,92,110,76,82
1,<environment.Job instance at 0x7f487d71bcd0>,41,16,[4 9],42,110,126,68,101
1,<environment.Job instance at 0x7f487d71baa0>,44,13,[1 9],45,126,139,81,112
1,<environment.Job instance at 0x7f487d6a25f0>,46,18,[7 1],47,126,144,79,121
1,<environment.Job instance at 0x7f4839e8c690>,48,2,[5 3],49,144,146,95,121
1,<environment.Job instance at 0x7f4839e8efa0>,52,13,[1 9],53,146,159,93,132
1,<environment.Job instance at 0x7f4839e01af0>,56,16,[9 3],57,159,175,102,146
1,<environment.Job instance at 0x7f4839e01550>,61,14,[3 5],62,175,189,113,160
1,<environment.Job instance at 0x7f4839e019b0>,63,12,[4 5],64,175,187,111,160
1,<environment.Job instance at 0x7f483a095a50>,3,13,[6 4],4,8,21,4,8
1,<environment.Job instance at 0x7f4839dcefa0>,12,12,[1 7],13,21,33,8,13
1,<environment.Job instance at 0x7f487d8fd730>,10,14,[1 9],11,33,47,22,20
1,<environment.Job instance at 0x7f487d8e1230>,4,12,[10  3],5,47,59,42,32
1,<environment.Job instance at 0x7f48398910f0>,20,14,[3 5],21,59,73,38,47
1,<environment.Job instance at 0x7f4839dcec80>,14,17,[10  5],15,73,90,58,62
1,<environment.Job instance at 0x7f4881f01550>,32,16,[5 3],33,90,106,57,77
1,<environment.Job instance at 0x7f4881f015a0>,37,14,[ 5 10],38,106,120,68,94
1,<environment.Job instance at 0x7f4881f01410>,41,12,[2 5],42,120,132,78,106
1,<environment.Job instance at 0x7f4881f010a0>,39,16,[6 2],40,120,136,80,111
1,<environment.Job instance at 0x7f4839f19320>,48,13,[5 7],49,136,149,87,121
1,<environment.Job instance at 0x7f4839f19b90>,52,14,[6 1],53,149,163,96,144
1,<environment.Job instance at 0x7f4881f01140>,42,16,[9 3],43,163,179,120,150
1,<environment.Job instance at 0x7f4839b08b90>,59,2,[7 4],60,179,181,119,155
1,<environment.Job instance at 0x7f4839b08230>,60,2,[1 9],61,157,159,96,157
1,<environment.Job instance at 0x7f4839b081e0>,55,18,[10  4],56,181,199,125,171
1,<environment.Job instance at 0x7f4839b20370>,61,18,[4 9],62,199,217,137,188
1,<environment.Job instance at 0x7f4839fde050>,3,18,[6 3],4,6,24,2,6
1,<environment.Job instance at 0x7f4839fd6640>,7,18,[6 4],8,24,42,16,18
1,<environment.Job instance at 0x7f487d6e1870>,13,12,[4 8],14,42,54,28,32
1,<environment.Job instance at 0x7f487d6c2c80>,16,15,[4 7],17,54,69,37,40
1,<environment.Job instance at 0x7f4839b8f370>,23,2,[5 6],24,69,71,45,68
1,<environment.Job instance at 0x7f487d6af640>,35,14,[6 1],36,192,206,156,192
1,<environment.Job instance at 0x7f4839bb4e10>,40,13,[7 3],41,336,349,295,336
1,<environment.Job instance at 0x7f4839bb0be0>,50,17,[8 2],51,435,452,384,435
1,<environment.Job instance at 0x7f4839bb0910>,52,16,[6 2],53,452,468,399,442
1,<environment.Job instance at 0x7f4839bb3370>,56,3,[1 8],57,456,459,399,456
1,<environment.Job instance at 0x7fbbe7328280>,0,13,[9 3],1,4,17,3,4
1,<environment.Job instance at 0x7fbbe1f18230>,4,14,[1 6],5,5,19,0,5
1,<environment.Job instance at 0x7fbbe1f184b0>,5,2,[1 5],6,19,21,13,6
1,<environment.Job instance at 0x7fbbe1f18460>,6,20,[6 1],7,17,37,10,8
1,<environment.Job instance at 0x7fbbe1f182d0>,3,3,[4 8],4,21,24,17,9
1,<environment.Job instance at 0x7fbbe7328190>,7,1,[5 4],8,37,38,29,12
1,<environment.Job instance at 0x7fbbe1f186e0>,8,13,[5 5],9,37,50,28,22
1,<environment.Job instance at 0x7fbbe1f18f50>,16,16,[3 5],17,49,65,32,49
1,<environment.Job instance at 0x7fbbe1f1b5f0>,26,3,[3 7],27,65,68,38,51
1,<environment.Job instance at 0x7fbbe1f1b910>,27,15,[8 4],28,68,83,40,56
1,<environment.Job instance at 0x7fbbe1f1bb40>,32,3,[5 1],33,63,66,30,63
1,<environment.Job instance at 0x7fbbe1f1be60>,33,14,[5 5],34,83,97,49,68
1,<environment.Job instance at 0x7fbbe1f1b7d0>,25,12,[ 5 10],26,97,109,71,81
1,<environment.Job instance at 0x7fbbe1f1c320>,40,15,[10  3],41,109,124,68,98
1,<environment.Job instance at 0x7fbbe1f18aa0>,13,18,[ 4 10],14,124,142,110,114
1,<environment.Job instance at 0x7fbbe1f1ca00>,49,16,[2 5],50,142,158,92,129
1,<environment.Job instance at 0x7fbbe7352f50>,6,18,[9 2],7,7,25,0,7
1,<environment.Job instance at 0x7fbbe1f1b460>,2,16,[ 4 10],3,25,41,22,16
1,<environment.Job instance at 0x7fbbe1f1bd70>,1,15,[5 9],2,41,56,39,29
1,<environment.Job instance at 0x7fbbe749aeb0>,22,16,[3 9],23,56,72,33,44
1,<environment.Job instance at 0x7fbbe1f1cc80>,4,18,[3 7],5,72,90,67,61
1,<environment.Job instance at 0x7fbbe7497eb0>,27,17,[9 3],28,90,107,62,86
1,<environment.Job instance at 0x7fbbe74a1690>,33,15,[6 1],34,107,122,73,94
1,<environment.Job instance at 0x7fbbe74a11e0>,38,1,[3 6],39,107,108,68,104
1,<environment.Job instance at 0x7fbbe749bbe0>,46,3,[ 5 10],47,130,133,83,130
1,<environment.Job instance at 0x7fbbe749bd20>,49,2,[1 8],50,154,156,104,154
1,<environment.Job instance at 0x7fbbe749bb90>,51,1,[3 9],52,167,168,115,167
1,<environment.Job instance at 0x7fbbe749b460>,52,13,[ 5 10],53,169,182,116,169
1,<environment.Job instance at 0x7fbbe74930f0>,54,3,[5 6],55,182,185,127,173
1,<environment.Job instance at 0x7fbbe7493aa0>,55,14,[ 2 10],56,185,199,129,178
1,<environment.Job instance at 0x7fbb9c203e10>,12,1,[6 4],13,13,14,0,13
1,<environment.Job instance at 0x7fbb9c203050>,13,18,[6 5],14,17,35,3,17
1,<environment.Job instance at 0x7fbb9c206460>,9,14,[3 6],10,35,49,25,29
1,<environment.Job instance at 0x7fbb9c2595a0>,21,13,[8 5],22,49,62,27,39
1,<environment.Job instance at 0x7fbb9c2592d0>,19,14,[2 6],20,62,76,42,61
1,<environment.Job instance at 0x7fbb9c2570f0>,33,2,[8 3],34,64,66,30,64
1,<environment.Job instance at 0x7fbb9c257a00>,34,12,[3 8],35,76,88,41,65
1,<environment.Job instance at 0x7fbb9c2578c0>,30,18,[10  3],31,88,106,57,77
1,<environment.Job instance at 0x7fbb9c25a140>,41,14,[1 6],42,106,120,64,93
1,<environment.Job instance at 0x7fbb9c1f55a0>,45,14,[10  2],46,120,134,74,107
1,<environment.Job instance at 0x7fbb9c30fd70>,54,16,[7 2],55,134,150,79,123
1,<environment.Job instance at 0x7fbb9c1f5e10>,42,14,[2 7],43,134,148,91,124
1,<environment.Job instance at 0x7fbb9c30f5f0>,61,18,[2 8],62,148,166,86,139
1,<environment.Job instance at 0x7fbb9c2cdaf0>,67,16,[9 2],68,166,182,98,161
1,<environment.Job instance at 0x7fbb9c2cdcd0>,68,15,[7 5],69,182,197,113,169
1,<environment.Job instance at 0x7fbb9c2cdf00>,66,14,[10  1],67,197,211,130,185
1,<environment.Job instance at 0x7fbb9c2cd370>,78,18,[6 3],79,237,255,158,237
1,<environment.Job instance at 0x7fbb9c2f1af0>,2,2,[9 3],3,3,5,0,3
1,<environment.Job instance at 0x7fbb9c21a640>,4,16,[7 5],5,6,22,1,6
1,<environment.Job instance at 0x7fbb9c21a2d0>,6,16,[7 4],7,22,38,15,9
1,<environment.Job instance at 0x7fbb9c21aeb0>,14,14,[5 5],15,38,52,23,26
1,<environment.Job instance at 0x7fbb9c21ae60>,16,3,[9 1],17,52,55,35,28
1,<environment.Job instance at 0x7fbb9c21a820>,19,1,[5 4],20,38,39,18,31
1,<environment.Job instance at 0x7fbb9c21cfa0>,26,3,[8 4],27,55,58,28,55
1,<environment.Job instance at 0x7fbb9c21a0a0>,8,18,[4 6],9,58,76,49,55
1,<environment.Job instance at 0x7fbb9c21c6e0>,24,12,[7 2],25,76,88,51,62
1,<environment.Job instance at 0x7fbb9c21c640>,38,13,[5 1],39,88,101,49,85
1,<environment.Job instance at 0x7fbb9c21c140>,39,2,[10  2],40,101,103,61,85
1,<environment.Job instance at 0x7fbb9c5d2640>,44,15,[10  4],45,103,118,58,90
1,<environment.Job instance at 0x7fbb9c5d2af0>,48,13,[8 5],49,118,131,69,103
1,<environment.Job instance at 0x7fbb9c5d2550>,53,3,[9 5],54,131,134,77,114
1,<environment.Job instance at 0x7fbb9c662dc0>,54,2,[7 4],55,134,136,79,114
1,<environment.Job instance at 0x7fbb9c662320>,57,14,[ 1 10],58,136,150,78,121
1,<environment.Job instance at 0x7fbb9c6620a0>,60,15,[8 2],61,150,165,89,136
1,<environment.Job instance at 0x7fbbe7497f00>,65,13,[6 4],66,165,178,99,150
1,<environment.Job instance at 0x7fbbe7497320>,68,17,[3 6],69,165,182,96,158
1,<environment.Job instance at 0x7fbbe7497550>,69,15,[ 5 10],70,182,197,112,168
1,<environment.Job instance at 0x7fbbe1d5be10>,1,2,[1 7],2,2,4,0,2
1,<environment.Job instance at 0x7fbb9c608230>,8,15,[7 5],9,10,25,1,10
1,<environment.Job instance at 0x7fbb9c6087d0>,4,12,[5 9],5,54,66,49,54
1,<environment.Job instance at 0x7fbb9c61d320>,19,13,[4 6],20,66,79,46,54
1,<environment.Job instance at 0x7fbb9c608280>,9,15,[ 3 10],10,79,94,69,69
1,<environment.Job instance at 0x7fbb9c61d960>,29,16,[5 4],30,94,110,64,81
1,<environment.Job instance at 0x7fbb9c61de60>,34,18,[3 6],35,97,115,62,97
1,<environment.Job instance at 0x7fbb9c61df50>,36,16,[9 2],37,115,131,78,102
1,<environment.Job instance at 0x7fbb9c61b320>,41,17,[7 5],42,131,148,89,122
1,<environment.Job instance at 0x7fbb9c61b500>,44,15,[4 6],45,148,163,103,136
1,<environment.Job instance at 0x7fbb9c61b6e0>,47,15,[5 3],48,148,163,100,144
1,<environment.Job instance at 0x7fbb9c61b820>,49,2,[8 2],50,163,165,113,147
1,<environment.Job instance at 0x7fbb9c61ba00>,52,3,[10  4],53,165,168,112,151
1,<environment.Job instance at 0x7fbb9c61be60>,56,3,[2 8],57,168,171,111,151
1,<environment.Job instance at 0x7fbb9c610280>,59,3,[7 2],60,168,171,108,151
1,<environment.Job instance at 0x7fbb9c610050>,60,14,[7 5],61,171,185,110,156
1,<environment.Job instance at 0x7fbb9c610910>,65,16,[10  4],66,185,201,119,172
1,<environment.Job instance at 0x7fbb9c610af0>,68,14,[7 5],69,201,215,132,191
1,<environment.Job instance at 0x7fbb9c610c80>,71,3,[9 4],72,215,218,143,204
1,<environment.Job instance at 0x7fbb9c610f00>,74,17,[7 2],75,218,235,143,207
1,<environment.Job instance at 0x7fbb9c60e050>,77,15,[2 9],78,235,250,157,226
1,<environment.Job instance at 0x7fbb9c61d460>,21,17,[10  3],22,261,278,239,261
1,<environment.Job instance at 0x7fbbe239cc30>,0,2,[10  2],1,2,4,1,2
1,<environment.Job instance at 0x7fbbe239c9b0>,1,17,[2 6],2,27,44,25,27
1,<environment.Job instance at 0x7fbb9c5c7370>,18,14,[4 6],19,44,58,25,29
1,<environment.Job instance at 0x7fbb9c5c75a0>,20,13,[5 6],21,58,71,37,46
1,<environment.Job instance at 0x7fbb9c5c76e0>,25,14,[7 4],26,71,85,45,59
1,<environment.Job instance at 0x7fbb9c5c7c30>,10,18,[3 5],11,71,89,60,62
1,<environment.Job instance at 0x7fbb9c7fc640>,35,12,[ 1 10],36,89,101,53,79
1,<environment.Job instance at 0x7fbb9c7fc500>,41,14,[1 5],42,101,115,59,88
1,<environment.Job instance at 0x7fbb9c5c70f0>,9,17,[9 1],10,101,118,91,89
1,<environment.Job instance at 0x7fbbe268a730>,47,3,[3 5],48,118,121,70,100
1,<environment.Job instance at 0x7fbbe268a820>,48,15,[8 5],49,121,136,72,107
1,<environment.Job instance at 0x7fbbe268ad70>,54,3,[6 1],55,118,121,63,108
1,<environment.Job instance at 0x7fbbe268a8c0>,56,18,[4 6],57,136,154,79,130
1,<environment.Job instance at 0x7fbbe1defbe0>,65,16,[6 3],66,207,223,141,207
1,<environment.Job instance at 0x7fbbe2191c80>,5,3,[1 5],6,6,9,0,6
1,<environment.Job instance at 0x7fbbe22d8870>,1,13,[5 5],2,9,22,7,9
1,<environment.Job instance at 0x7fbbe2191a00>,6,3,[9 3],7,22,25,15,9
1,<environment.Job instance at 0x7fbbe2275910>,9,1,[10  3],10,25,26,15,10
1,<environment.Job instance at 0x7fbbe2275a50>,8,14,[10  3],9,26,40,17,14
1,<environment.Job instance at 0x7fbbe1f8d370>,13,13,[6 5],14,40,53,26,25
1,<environment.Job instance at 0x7fbb9c5d1dc0>,21,13,[5 3],22,53,66,31,37
1,<environment.Job instance at 0x7fbbe2529730>,24,12,[6 4],25,66,78,41,51
1,<environment.Job instance at 0x7fbbe7028820>,32,1,[2 9],33,78,79,45,62
1,<environment.Job instance at 0x7fbbe1dffa50>,34,1,[5 8],35,79,80,44,62
1,<environment.Job instance at 0x7fbbe1dffe60>,35,12,[2 9],36,80,92,44,63
1,<environment.Job instance at 0x7fbbe1dffbe0>,39,13,[5 9],40,92,105,52,76
1,<environment.Job instance at 0x7fbbe73765f0>,44,17,[3 9],45,105,122,60,93
1,<environment.Job instance at 0x7fbb9c5bdb40>,49,15,[7 1],50,118,133,68,118
1,<environment.Job instance at 0x7fbb9c5bdf50>,50,14,[6 4],51,133,147,82,120
1,<environment.Job instance at 0x7fbbe24f2cd0>,58,16,[8 5],59,147,163,88,147
1,<environment.Job instance at 0x7fbbe24f2960>,61,14,[5 8],62,163,177,101,153
1,<environment.Job instance at 0x7fbbe20ca370>,63,15,[6 3],64,177,192,113,163
1,<environment.Job instance at 0x7fbb9c7130f0>,62,16,[9 2],63,192,208,129,180
1,<environment.Job instance at 0x7fbbe1e36640>,70,1,[6 3],71,208,209,137,180
1,<environment.Job instance at 0x7fbbe1f188c0>,72,18,[5 1],73,209,227,136,200
1,<environment.Job instance at 0x7fbbe2a9e690>,73,2,[5 6],74,209,211,135,200
1,<environment.Job instance at 0x7fbbe214f230>,76,3,[8 2],77,227,230,150,201
1,<environment.Job instance at 0x7fbbe25d06e0>,74,2,[2 5],75,211,213,136,202
1,<environment.Job instance at 0x7fbbe23d50f0>,1,1,[8 5],2,2,3,0,2
1,<environment.Job instance at 0x7fbbe214f500>,2,15,[1 6],3,3,18,0,3
1,<environment.Job instance at 0x7fbbe214fe10>,5,17,[7 1],6,7,24,1,7
1,<environment.Job instance at 0x7fbb9c08dd70>,4,12,[4 6],5,24,36,19,9
1,<environment.Job instance at 0x7fbb9c090280>,9,14,[10  1],10,36,50,26,24
1,<environment.Job instance at 0x7fbb9c090730>,14,12,[8 4],15,50,62,35,33
1,<environment.Job instance at 0x7fbb9c090910>,17,14,[6 2],18,62,76,44,47
1,<environment.Job instance at 0x7fbb9c090af0>,20,12,[8 1],21,76,88,55,61
1,<environment.Job instance at 0x7fbb9c090e10>,24,12,[6 5],25,88,100,63,77
1,<environment.Job instance at 0x7fbb9c0921e0>,32,3,[9 1],33,116,119,83,116
1,<environment.Job instance at 0x7fbb9c0903c0>,11,14,[10  4],12,119,133,107,119
1,<environment.Job instance at 0x7fbb9c090fa0>,27,12,[ 4 10],28,143,155,115,143
1,<environment.Job instance at 0x7fbb9c095140>,50,14,[6 4],51,155,169,104,148
1,<environment.Job instance at 0x7fbb9c095190>,54,15,[9 1],55,169,184,114,156
1,<environment.Job instance at 0x7fbb9c0956e0>,59,14,[3 7],60,212,226,152,212
1,<environment.Job instance at 0x7fbb9c095b40>,65,3,[5 5],66,250,253,184,250
1,<environment.Job instance at 0x7fbb9c775d20>,3,17,[8 5],4,5,22,1,5
1,<environment.Job instance at 0x7fbb9c775be0>,0,15,[4 5],1,22,37,21,8
1,<environment.Job instance at 0x7fbbe2346a50>,5,16,[4 5],6,22,38,16,9
1,<environment.Job instance at 0x7fbb9c13ac80>,14,3,[6 4],15,37,40,22,22
1,<environment.Job instance at 0x7fbb9c13a5f0>,15,13,[2 6],16,38,51,22,25
1,<environment.Job instance at 0x7fbbe1f36e60>,24,2,[ 2 10],25,51,53,26,39
1,<environment.Job instance at 0x7fbb9c146870>,26,1,[2 6],27,53,54,26,39
1,<environment.Job instance at 0x7fbb9c7750f0>,10,16,[9 2],11,54,70,43,41
1,<environment.Job instance at 0x7fbb9c4d9dc0>,29,15,[6 3],30,70,85,40,56
1,<environment.Job instance at 0x7fbb9c1c6690>,32,3,[9 5],33,85,88,52,71
1,<environment.Job instance at 0x7fbbe29b4230>,33,12,[6 2],34,88,100,54,71
1,<environment.Job instance at 0x7fbbe203a6e0>,35,16,[5 3],36,100,116,64,88
1,<environment.Job instance at 0x7fbb9c7820f0>,39,13,[3 6],40,103,116,63,103
1,<environment.Job instance at 0x7fbb9c782be0>,41,14,[4 6],42,116,130,74,103
1,<environment.Job instance at 0x7fbb9c76e500>,43,2,[6 3],44,116,118,72,105
1,<environment.Job instance at 0x7fbbe2197fa0>,48,2,[8 5],49,130,132,81,119
1,<environment.Job instance at 0x7fbbe2197a00>,49,14,[6 1],50,132,146,82,119
1,<environment.Job instance at 0x7fbb9c549960>,50,3,[2 7],51,132,135,81,119
1,<environment.Job instance at 0x7fbb9c549be0>,51,17,[10  4],52,146,163,94,134
1,<environment.Job instance at 0x7fbb9c5493c0>,54,14,[7 4],55,163,177,108,150
1,<environment.Job instance at 0x7fbb9c13a5a0>,8,16,[ 5 10],9,255,271,246,255
1,<environment.Job instance at 0x7fbb9c82e320>,67,13,[8 2],68,321,334,253,321
1,<environment.Job instance at 0x7fbb9c82efa0>,69,3,[7 4],70,334,337,264,321
1,<environment.Job instance at 0x7fbbe2169190>,2,3,[9 1],3,3,6,0,3
1,<environment.Job instance at 0x7fbb9c802910>,9,15,[5 2],10,14,29,4,14
1,<environment.Job instance at 0x7fbb9c7db410>,4,17,[6 5],5,30,47,25,30
1,<environment.Job instance at 0x7fbbe2197190>,13,3,[5 8],14,47,50,33,31
1,<environment.Job instance at 0x7fbbe299a8c0>,17,14,[4 7],18,50,64,32,36
1,<environment.Job instance at 0x7fbbe299af50>,20,16,[5 1],21,51,67,30,51
1,<environment.Job instance at 0x7fbb9c51faa0>,22,17,[4 5],23,65,82,42,65
1,<environment.Job instance at 0x7fbbe2197870>,12,16,[9 4],13,82,98,69,72
1,<environment.Job instance at 0x7fbb9c57cd20>,27,18,[10  5],28,98,116,70,92
1,<environment.Job instance at 0x7fbb9c7bc050>,30,15,[ 4 10],31,116,131,85,106
1,<environment.Job instance at 0x7fbbe236cf50>,39,17,[9 4],40,131,148,91,120
1,<environment.Job instance at 0x7fbbe21c4eb0>,45,13,[1 5],46,131,144,85,128
1,<environment.Job instance at 0x7fbbe21c4e60>,48,14,[8 3],49,148,162,99,136
1,<environment.Job instance at 0x7fbbe21c4640>,49,14,[9 5],50,162,176,112,147
1,<environment.Job instance at 0x7fbbe21c4a00>,53,18,[ 4 10],54,176,194,122,174
1,<environment.Job instance at 0x7fbbe212c820>,56,12,[6 3],57,194,206,137,177
1,<environment.Job instance at 0x7fbbe21c4870>,58,17,[5 7],59,206,223,147,194
1,<environment.Job instance at 0x7fbbe2004e10>,64,15,[ 2 10],65,223,238,158,209
1,<environment.Job instance at 0x7fbbe20046e0>,66,18,[9 4],67,238,256,171,229
1,<environment.Job instance at 0x7fbbe1e9d910>,73,18,[ 5 10],74,256,274,182,248
1,<environment.Job instance at 0x7fbb9c50d550>,76,18,[4 6],77,274,292,197,265
1,<environment.Job instance at 0x7fbb9c344820>,7,16,[1 5],8,11,27,3,11
1,<environment.Job instance at 0x7fbb9c344dc0>,13,13,[6 5],14,14,27,0,14
1,<environment.Job instance at 0x7fbb9c344eb0>,14,13,[5 4],15,27,40,12,15
1,<environment.Job instance at 0x7fbb9c344cd0>,12,15,[3 8],13,40,55,27,26
1,<environment.Job instance at 0x7fbb9c33e550>,23,17,[6 4],24,55,72,31,43
1,<environment.Job instance at 0x7fbb9c33e690>,25,16,[1 6],26,55,71,29,49
1,<environment.Job instance at 0x7fbb9c33e370>,20,16,[2 8],21,72,88,51,60
1,<environment.Job instance at 0x7fbb9c33ed70>,31,18,[9 3],32,88,106,56,78
1,<environment.Job instance at 0x7fbb9c31f190>,39,16,[ 3 10],40,106,122,66,93
1,<environment.Job instance at 0x7fbb9c31f730>,43,13,[1 7],44,122,135,78,107
1,<environment.Job instance at 0x7fbb9c31f410>,46,16,[6 1],47,122,138,75,111
1,<environment.Job instance at 0x7fbb9c31fcd0>,49,2,[3 6],50,135,137,85,111
1,<environment.Job instance at 0x7fbb9c31ff00>,51,15,[9 5],52,138,153,86,124
1,<environment.Job instance at 0x7fbb9c50d870>,3,17,[10  5],4,153,170,149,144
1,<environment.Job instance at 0x7fbb9c35b4b0>,60,18,[5 8],61,180,198,119,180
1,<environment.Job instance at 0x7fbb9c35b6e0>,61,17,[3 7],62,198,215,136,187
1,<environment.Job instance at 0x7fbb9c35bdc0>,69,13,[ 2 10],70,215,228,145,204
1,<environment.Job instance at 0x7fbb9c1e13c0>,0,15,[9 1],1,2,17,1,2
1,<environment.Job instance at 0x7fbb9c35bf00>,2,13,[6 5],3,17,30,14,3
1,<environment.Job instance at 0x7fbb9c4d4e10>,13,3,[10  1],14,30,33,16,16
1,<environment.Job instance at 0x7fbb9c4d4410>,16,2,[6 4],17,33,35,16,17
1,<environment.Job instance at 0x7fbb9c35be10>,5,13,[4 7],6,35,48,29,19
1,<environment.Job instance at 0x7fbbe6f1fb90>,22,17,[1 9],23,48,65,25,36
1,<environment.Job instance at 0x7fbb9c7cfa00>,26,13,[3 7],27,65,78,38,55
1,<environment.Job instance at 0x7fbb9c7cf0a0>,27,16,[5 8],28,78,94,50,66
1,<environment.Job instance at 0x7fbb9c1e1550>,8,18,[5 8],9,94,112,85,83
1,<environment.Job instance at 0x7fbb9c447960>,34,14,[10  4],35,112,126,77,97
1,<environment.Job instance at 0x7fbb9c447870>,35,12,[ 3 10],36,126,138,90,113
1,<environment.Job instance at 0x7fbb9c7a68c0>,45,12,[5 9],46,138,150,92,124
1,<environment.Job instance at 0x7fbb9c447c30>,33,15,[4 9],34,150,165,116,136
1,<environment.Job instance at 0x7fbb9c7a63c0>,49,17,[9 2],50,165,182,115,154
1,<environment.Job instance at 0x7fbbe24f3af0>,64,17,[8 3],65,182,199,117,182
1,<environment.Job instance at 0x7fbbe24f39b0>,67,17,[7 4],68,199,216,131,187
1,<environment.Job instance at 0x7fbbe24f3f00>,69,16,[10  5],70,216,232,146,203
1,<environment.Job instance at 0x7fbb9c730e10>,75,17,[ 2 10],76,232,249,156,223
1,<environment.Job instance at 0x7fbbe23ad320>,1,1,[2 7],2,2,3,0,2
1,<environment.Job instance at 0x7fbb9c730280>,3,14,[5 5],4,6,20,2,6
1,<environment.Job instance at 0x7fbbe23ad3c0>,4,12,[7 4],5,20,32,15,6
1,<environment.Job instance at 0x7fbbe23ade10>,5,2,[10  5],6,32,34,26,10
1,<environment.Job instance at 0x7fbbe2a10780>,14,12,[1 8],15,34,46,19,23
1,<environment.Job instance at 0x7fbbe2a10870>,16,13,[9 5],17,46,59,29,30
1,<environment.Job instance at 0x7fbbe1f13280>,19,13,[7 5],20,59,72,39,45
1,<environment.Job instance at 0x7fbbe1f13f00>,22,15,[7 3],23,72,87,49,58
1,<environment.Job instance at 0x7fbbe1f136e0>,28,13,[3 7],29,75,88,46,75
1,<environment.Job instance at 0x7fbbe2a108c0>,12,16,[10  2],13,88,104,75,77
1,<environment.Job instance at 0x7fbbe2675e60>,29,15,[8 5],30,104,119,74,90
1,<environment.Job instance at 0x7fbb9c14cd70>,37,16,[7 2],38,119,135,81,108
1,<environment.Job instance at 0x7fbb9c14c0f0>,45,3,[9 1],46,135,138,89,123
1,<environment.Job instance at 0x7fbb9c14c7d0>,49,14,[3 8],50,138,152,88,132
1,<environment.Job instance at 0x7fbb9c14cbe0>,46,16,[4 9],47,152,168,105,146
1,<environment.Job instance at 0x7fbbe1d84370>,56,12,[7 5],57,168,180,111,154
1,<environment.Job instance at 0x7fbbe1d84410>,58,14,[6 3],59,180,194,121,165
1,<environment.Job instance at 0x7fbbe1d84550>,59,2,[3 7],60,180,182,120,165
1,<environment.Job instance at 0x7fbbe1d846e0>,61,14,[ 5 10],62,194,208,132,179
1,<environment.Job instance at 0x7fbbe1d6ae60>,64,17,[8 5],65,208,225,143,198
1,<environment.Job instance at 0x7fbbe266ab40>,72,1,[5 2],73,225,226,152,219
1,<environment.Job instance at 0x7fbb9c14c910>,42,14,[9 3],43,226,240,183,219
1,<environment.Job instance at 0x7fbbe266afa0>,75,3,[ 3 10],76,240,243,164,234
1,<environment.Job instance at 0x7fbbe266ac80>,76,13,[10  5],77,243,256,166,234
1,<environment.Job instance at 0x7fbbe266a6e0>,78,12,[5 1],79,256,268,177,243
1,<environment.Job instance at 0x7fbbe266a500>,74,17,[4 7],75,256,273,181,246
1,<environment.Job instance at 0x7fbbe1feb2d0>,3,3,[1 6],4,4,7,0,4
1,<environment.Job instance at 0x7fbbe2398d20>,6,1,[ 3 10],7,7,8,0,7
1,<environment.Job instance at 0x7fbbe2398dc0>,5,14,[5 7],6,9,23,3,9
1,<environment.Job instance at 0x7fbbe23b0f00>,10,18,[5 4],11,23,41,12,17
1,<environment.Job instance at 0x7fbbe23bc370>,19,13,[7 2],20,41,54,21,25
1,<environment.Job instance at 0x7fbbe23bc410>,20,14,[2 6],21,27,41,6,27
1,<environment.Job instance at 0x7fbbe23b04b0>,8,15,[ 4 10],9,54,69,45,43
1,<environment.Job instance at 0x7fbbe23c8e10>,26,18,[3 6],27,69,87,42,58
1,<environment.Job instance at 0x7fbbe23c8cd0>,27,18,[5 5],28,87,105,59,78
1,<environment.Job instance at 0x7fbb9c1d35f0>,33,18,[4 5],34,87,105,53,78
1,<environment.Job instance at 0x7fbbe265a910>,36,18,[3 9],37,105,123,68,103
1,<environment.Job instance at 0x7fbb9c514730>,45,16,[6 5],46,125,141,79,125
1,<environment.Job instance at 0x7fbbe206f960>,48,15,[1 8],49,141,156,92,128
1,<environment.Job instance at 0x7fbb9c0cd5a0>,50,15,[5 1],51,141,156,90,131
1,<environment.Job instance at 0x7fbb9c0ea050>,57,3,[4 5],58,156,159,98,139
1,<environment.Job instance at 0x7fbb9c69c0f0>,58,14,[7 2],59,159,173,100,145
1,<environment.Job instance at 0x7fbb9c0e60f0>,63,14,[4 8],64,173,187,109,158
1,<environment.Job instance at 0x7fbb9c0e6a00>,66,14,[7 5],67,187,201,120,175
1,<environment.Job instance at 0x7fbbe214e370>,70,18,[5 5],71,201,219,130,192
1,<environment.Job instance at 0x7fbbe214e5a0>,71,14,[ 1 10],72,219,233,147,204
1,<environment.Job instance at 0x7fbbe214e870>,74,16,[7 5],75,233,249,158,224
1,<environment.Job instance at 0x7fbbe214e780>,77,3,[9 4],78,249,252,171,224
1,<environment.Job instance at 0x7fbbe23bc690>,18,18,[ 4 10],19,411,429,392,411
1,<environment.Job instance at 0x7fbbe226f190>,13,3,[9 5],14,14,17,0,14
1,<environment.Job instance at 0x7fbb9bfed280>,4,15,[10  2],5,17,32,12,15
1,<environment.Job instance at 0x7fbbe2a4b190>,18,3,[9 2],19,32,35,13,22
1,<environment.Job instance at 0x7fbbe224d780>,19,2,[4 5],20,35,37,15,22
1,<environment.Job instance at 0x7fbb9c2c8f00>,21,14,[1 5],22,32,46,10,22
1,<environment.Job instance at 0x7fbb9c640820>,22,17,[5 1],23,37,54,14,26
1,<environment.Job instance at 0x7fbbe1fb2c80>,1,13,[9 1],2,54,67,52,39
1,<environment.Job instance at 0x7fbbe21c95f0>,29,14,[8 5],30,67,81,37,55
1,<environment.Job instance at 0x7fbbe21c9d20>,31,15,[7 3],32,81,96,49,67
1,<environment.Job instance at 0x7fbb9bfb21e0>,41,14,[8 4],42,125,139,83,125
1,<environment.Job instance at 0x7fbb9bfb2dc0>,42,2,[ 2 10],43,139,141,96,126
1,<environment.Job instance at 0x7fbb9bfb2780>,44,16,[8 1],45,141,157,96,129
1,<environment.Job instance at 0x7fbbe2593d20>,53,3,[7 2],54,157,160,103,146
1,<environment.Job instance at 0x7fbbe226f960>,12,18,[9 2],13,160,178,147,149
1,<environment.Job instance at 0x7fbbe74926e0>,56,18,[1 5],57,160,178,103,160
1,<environment.Job instance at 0x7fbbe7492af0>,57,3,[3 7],58,178,181,120,160
1,<environment.Job instance at 0x7fbbe74927d0>,55,13,[5 5],56,181,194,125,168
1,<environment.Job instance at 0x7fbbe7492fa0>,60,17,[10  1],61,194,211,133,182
1,<environment.Job instance at 0x7fbbe7492910>,59,13,[4 8],60,211,224,151,195
1,<environment.Job instance at 0x7fbb9c4d4f00>,26,18,[ 2 10],27,224,242,197,214
1,<environment.Job instance at 0x7fbbe236d190>,73,13,[9 3],74,242,255,168,230
1,<environment.Job instance at 0x7fbbe2860690>,76,14,[5 4],77,255,269,178,242
1,<environment.Job instance at 0x7fbb9bf001e0>,0,2,[2 6],1,1,3,0,1
1,<environment.Job instance at 0x7fbb9bf00410>,1,2,[7 1],2,3,5,1,3
1,<environment.Job instance at 0x7fbbe2236230>,2,3,[6 1],3,6,9,3,6
1,<environment.Job instance at 0x7fbb9be9ef50>,5,18,[ 2 10],6,9,27,3,6
1,<environment.Job instance at 0x7fbb9be9ea00>,18,3,[5 8],19,27,30,8,27
1,<environment.Job instance at 0x7fbb9be9ec80>,15,15,[8 3],16,30,45,14,27
1,<environment.Job instance at 0x7fbb9be9e820>,21,12,[8 2],22,45,57,23,29
1,<environment.Job instance at 0x7fbb9be9efa0>,20,13,[10  5],21,57,70,36,47
1,<environment.Job instance at 0x7fbb9be9f0f0>,30,12,[ 5 10],31,70,82,39,54
1,<environment.Job instance at 0x7fbb9be9ffa0>,32,15,[1 6],33,82,97,49,68
1,<environment.Job instance at 0x7fbb9beff050>,38,2,[5 3],39,82,84,43,81
1,<environment.Job instance at 0x7fbb9be9f280>,31,16,[4 9],32,97,113,65,87
1,<environment.Job instance at 0x7fbb9beffc30>,44,14,[2 7],45,113,127,68,98
1,<environment.Job instance at 0x7fbb9beff0a0>,48,16,[5 1],49,109,125,60,109
1,<environment.Job instance at 0x7fbb9beff780>,50,17,[4 7],51,127,144,76,115
1,<environment.Job instance at 0x7fbb9c021e60>,53,12,[4 5],54,144,156,90,128
1,<environment.Job instance at 0x7fbb9c021d20>,60,18,[3 6],61,156,174,95,145
1,<environment.Job instance at 0x7fbb9c021910>,63,13,[6 4],64,155,168,91,155
1,<environment.Job instance at 0x7fbb9c0217d0>,64,12,[10  3],65,174,186,109,159
1,<environment.Job instance at 0x7fbb9c021a50>,69,12,[4 8],70,186,198,116,171
1,<environment.Job instance at 0x7fbbe1de6960>,72,12,[1 7],73,198,210,125,185
1,<environment.Job instance at 0x7fbbe1de6c80>,74,17,[10  5],75,210,227,135,198
1,<environment.Job instance at 0x7fbbe1de6050>,78,13,[3 6],79,227,240,148,217
1,<environment.Job instance at 0x7fbb9c568be0>,8,12,[6 1],9,10,22,1,10
1,<environment.Job instance at 0x7fbb9c57deb0>,10,15,[6 2],11,22,37,11,14
1,<environment.Job instance at 0x7fbb9c561fa0>,16,3,[10  3],17,37,40,20,17
1,<environment.Job instance at 0x7fbb9c57d500>,13,16,[9 5],14,40,56,26,27
1,<environment.Job instance at 0x7fbb9c562500>,24,16,[7 3],25,56,72,31,43
1,<environment.Job instance at 0x7fbb9c561190>,14,16,[8 5],15,72,88,57,59
1,<environment.Job instance at 0x7fbbe1fea190>,32,14,[6 1],33,88,102,55,74
1,<environment.Job instance at 0x7fbb9c638a50>,39,2,[7 4],40,102,104,62,91
1,<environment.Job instance at 0x7fbb9c58e8c0>,22,16,[9 3],23,104,120,81,92
1,<environment.Job instance at 0x7fbbe1ffe050>,49,15,[6 5],50,120,135,70,106
1,<environment.Job instance at 0x7fbbe1ffec80>,53,18,[6 3],54,142,160,88,142
1,<environment.Job instance at 0x7fbbe1ffe0a0>,52,15,[ 2 10],53,160,175,107,151
1,<environment.Job instance at 0x7fbbe1d61550>,57,18,[6 4],58,175,193,117,175
1,<environment.Job instance at 0x7fbbe262b460>,63,12,[4 8],64,193,205,129,189
1,<environment.Job instance at 0x7fbbe263e9b0>,66,15,[4 7],67,205,220,138,191
1,<environment.Job instance at 0x7fbb9c6d0460>,6,16,[3 8],7,7,23,0,7
1,<environment.Job instance at 0x7fbb9c6d0820>,4,14,[9 5],5,23,37,18,8
1,<environment.Job instance at 0x7fbbe23df3c0>,10,13,[7 3],11,37,50,26,21
1,<environment.Job instance at 0x7fbbe2121b90>,15,14,[8 4],16,50,64,34,35
1,<environment.Job instance at 0x7fbbe2188be0>,21,14,[4 9],22,64,78,42,49
1,<environment.Job instance at 0x7fbbe21215f0>,14,18,[ 2 10],15,78,96,63,67
1,<environment.Job instance at 0x7fbbe2920460>,34,14,[7 4],35,96,110,61,86
1,<environment.Job instance at 0x7fbbe2920640>,36,15,[2 7],37,110,125,73,97
1,<environment.Job instance at 0x7fbbe29202d0>,38,17,[2 7],39,125,142,86,113
1,<environment.Job instance at 0x7fbb9c6d0910>,7,18,[ 5 10],8,142,160,134,131
1,<environment.Job instance at 0x7fbb9beff050>,0,17,[5 9],1,160,177,159,152
1,<environment.Job instance at 0x7fbb9c387690>,42,18,[5 6],43,177,195,134,169
1,<environment.Job instance at 0x7fbbe1c7f320>,0,2,[7 1],1,2,4,1,2
1,<environment.Job instance at 0x7fbbe1c7fe10>,6,3,[2 5],7,7,10,0,7
1,<environment.Job instance at 0x7fbbe70db870>,7,13,[5 5],8,8,21,0,8
1,<environment.Job instance at 0x7fbb9beff370>,17,12,[6 2],18,21,33,3,18
1,<environment.Job instance at 0x7fbbe255e4b0>,23,14,[1 8],24,24,38,0,24
1,<environment.Job instance at 0x7fbb9beff0f0>,10,12,[10  4],11,38,50,27,25
1,<environment.Job instance at 0x7fbbe255ed20>,28,3,[2 5],29,50,53,21,31
1,<environment.Job instance at 0x7fbbe255ea50>,29,1,[5 1],30,33,34,3,31
1,<environment.Job instance at 0x7fbb9c248780>,31,3,[2 9],32,53,56,21,32
1,<environment.Job instance at 0x7fbb9c248e10>,32,3,[10  3],33,56,59,23,33
1,<environment.Job instance at 0x7fbb9c248fa0>,35,13,[5 1],36,59,72,23,51
1,<environment.Job instance at 0x7fbbe1c7f8c0>,3,12,[5 8],4,59,71,55,51
1,<environment.Job instance at 0x7fbb9bf6aaa0>,40,16,[6 2],41,72,88,31,61
1,<environment.Job instance at 0x7fbb9bf6ac30>,47,13,[7 4],48,88,101,40,72
1,<environment.Job instance at 0x7fbb9bff2460>,55,13,[6 4],56,111,124,55,111
1,<environment.Job instance at 0x7fbb9bff27d0>,54,1,[6 5],55,124,125,69,114
1,<environment.Job instance at 0x7fbb9bff2c80>,51,16,[5 7],52,125,141,73,114
1,<environment.Job instance at 0x7fbbe21668c0>,61,14,[2 7],62,152,166,90,152
1,<environment.Job instance at 0x7fbbe2166820>,69,14,[3 5],70,176,190,106,176
1,<environment.Job instance at 0x7fbb9bff5280>,74,17,[9 5],75,190,207,115,184
1,<environment.Job instance at 0x7fbb9bff5cd0>,75,14,[2 9],76,207,221,131,196
1,<environment.Job instance at 0x7fbbe1d6f690>,2,2,[5 7],3,4,6,1,4
1,<environment.Job instance at 0x7fbbe25b8050>,5,14,[10  1],6,6,20,0,6
1,<environment.Job instance at 0x7fbbe25b8aa0>,6,2,[1 8],7,20,22,13,7
1,<environment.Job instance at 0x7fbbe25b8b90>,9,17,[8 4],10,22,39,12,13
1,<environment.Job instance at 0x7fbbe2599550>,11,16,[2 6],12,25,41,13,25
1,<environment.Job instance at 0x7fbbe25994b0>,12,17,[8 1],13,39,56,26,33
1,<environment.Job instance at 0x7fbbe2599320>,19,3,[3 5],20,56,59,36,34
1,<environment.Job instance at 0x7fbbe2599780>,15,17,[1 8],16,59,76,43,47
1,<environment.Job instance at 0x7fbbe2593d20>,25,3,[5 5],26,56,59,30,49
1,<environment.Job instance at 0x7fbbe2593870>,28,3,[10  4],29,76,79,47,56
1,<environment.Job instance at 0x7fbbe25937d0>,27,12,[2 5],28,79,91,51,62
1,<environment.Job instance at 0x7fbbe2593be0>,33,2,[6 3],34,79,81,45,62
1,<environment.Job instance at 0x7fbbe2593550>,34,16,[5 3],35,81,97,46,69
1,<environment.Job instance at 0x7fbbe2595a50>,43,13,[4 7],44,91,104,47,80
1,<environment.Job instance at 0x7fbbe2595e60>,38,18,[5 6],39,104,122,65,93
1,<environment.Job instance at 0x7fbb9c3c4d20>,50,17,[8 3],51,122,139,71,111
1,<environment.Job instance at 0x7fbb9c3c4dc0>,53,13,[10  3],54,139,152,85,123
1,<environment.Job instance at 0x7fbb9c3c4370>,56,15,[1 5],57,123,138,66,123
1,<environment.Job instance at 0x7fbb9c3b3a00>,63,3,[5 6],64,152,155,88,141
1,<environment.Job instance at 0x7fbbe25951e0>,45,16,[5 7],46,155,171,109,142
1,<environment.Job instance at 0x7fbb9c3ba4b0>,69,15,[8 4],70,171,186,101,158
1,<environment.Job instance at 0x7fbb9c3ba6e0>,72,16,[6 3],73,186,202,113,175
1,<environment.Job instance at 0x7fbb9c3da640>,78,3,[2 6],79,178,181,99,178
1,<environment.Job instance at 0x7fbb9c3c4960>,54,17,[5 6],55,364,381,309,364
1,<environment.Job instance at 0x7f1dc72a2230>,2,22,[4 8],3,3,25,0,3
1,<environment.Job instance at 0x7f1dbfe936e0>,10,12,[3 7],11,25,37,14,12
1,<environment.Job instance at 0x7f1dbfe93c30>,14,13,[7 3],15,25,38,10,21
1,<environment.Job instance at 0x7f1dbfe937d0>,11,15,[4 8],12,38,53,26,25
1,<environment.Job instance at 0x7f1dbfe93fa0>,19,14,[3 5],20,53,67,33,42
1,<environment.Job instance at 0x7f1dbfe964b0>,25,12,[ 5 10],26,67,79,41,55
1,<environment.Job instance at 0x7f1dbfe967d0>,30,14,[5 2],31,79,93,48,66
1,<environment.Job instance at 0x7f1dbfe968c0>,29,12,[5 4],30,79,91,49,67
1,<environment.Job instance at 0x7f1dbfe96be0>,35,15,[9 5],36,93,108,57,80
1,<environment.Job instance at 0x7f1dbfe96f50>,40,15,[10  3],41,108,123,67,94
1,<environment.Job instance at 0x7f1dbfe97730>,43,18,[5 5],44,123,141,79,113
1,<environment.Job instance at 0x7f1dbfe97af0>,49,16,[2 5],50,127,143,77,127
1,<environment.Job instance at 0x7f1dbfe93af0>,13,18,[ 4 10],14,143,161,129,132
1,<environment.Job instance at 0x7f1dc72c9be0>,4,3,[4 5],5,5,8,0,5
1,<environment.Job instance at 0x7f1dbfe97c80>,1,3,[1 8],2,8,11,6,5
1,<environment.Job instance at 0x7f1dc740fdc0>,6,2,[1 8],7,11,13,4,7
1,<environment.Job instance at 0x7f1dc7417690>,12,16,[3 9],13,13,29,0,13
1,<environment.Job instance at 0x7f1dc7417320>,13,16,[1 6],14,29,45,15,17
1,<environment.Job instance at 0x7f1dc72ccd70>,17,17,[9 3],18,36,53,18,36
1,<environment.Job instance at 0x7f1dc74086e0>,24,14,[2 5],25,53,67,28,39
1,<environment.Job instance at 0x7f1dc74157d0>,40,15,[8 3],41,108,123,67,108
1,<environment.Job instance at 0x7f1dc7415280>,43,16,[ 3 10],44,123,139,79,115
1,<environment.Job instance at 0x7f1d7c442dc0>,1,13,[8 5],2,4,17,2,4
1,<environment.Job instance at 0x7f1d7c1a6500>,5,2,[5 2],6,17,19,11,8
1,<environment.Job instance at 0x7f1d7c1999b0>,9,12,[9 3],10,19,31,9,10
1,<environment.Job instance at 0x7f1d7c199410>,16,14,[5 5],17,31,45,14,18
1,<environment.Job instance at 0x7f1d7c0e4820>,21,14,[1 6],22,45,59,23,32
1,<environment.Job instance at 0x7f1d7c0e4b40>,23,14,[7 5],24,59,73,35,44
1,<environment.Job instance at 0x7f1d7c0e4370>,25,14,[10  2],26,73,87,47,61
1,<environment.Job instance at 0x7f1d7c2c3c30>,41,18,[2 8],42,87,105,45,76
1,<environment.Job instance at 0x7f1d7c2c36e0>,46,14,[10  1],47,105,119,58,96
1,<environment.Job instance at 0x7f1d7c2c3d70>,48,15,[7 5],49,119,134,70,105
1,<environment.Job instance at 0x7f1d7c0dedc0>,50,13,[7 4],51,134,147,83,118
1,<environment.Job instance at 0x7f1d7c0e4f00>,36,12,[ 3 10],37,153,165,116,153
1,<environment.Job instance at 0x7f1d7c1a3aa0>,64,16,[7 5],65,173,189,108,173
1,<environment.Job instance at 0x7f1d7c199500>,11,17,[10  2],12,189,206,177,177
1,<environment.Job instance at 0x7f1d7c1a3500>,74,14,[5 5],75,206,220,131,201
1,<environment.Job instance at 0x7f1d7c1938c0>,77,17,[5 2],78,206,223,128,205
1,<environment.Job instance at 0x7f1d7c193640>,82,1,[3 9],83,223,224,140,207
1,<environment.Job instance at 0x7f1d7c1931e0>,78,18,[4 5],79,224,242,145,214
1,<environment.Job instance at 0x7f1d7c193fa0>,88,15,[3 6],89,242,257,153,228
1,<environment.Job instance at 0x7f1dc7325dc0>,1,15,[8 4],2,3,18,1,3
1,<environment.Job instance at 0x7f1d7c180280>,2,1,[5 5],3,18,19,15,3
1,<environment.Job instance at 0x7f1d7c171aa0>,0,17,[2 6],1,26,43,25,26
1,<environment.Job instance at 0x7f1d7c29a9b0>,18,13,[8 5],19,43,56,24,30
1,<environment.Job instance at 0x7f1d7c544be0>,7,18,[5 9],8,56,74,48,45
1,<environment.Job instance at 0x7f1d7c1974b0>,27,14,[ 1 10],28,74,88,46,59
1,<environment.Job instance at 0x7f1d7c197d70>,30,15,[8 2],31,88,103,57,74
1,<environment.Job instance at 0x7f1d7c197280>,31,3,[4 5],32,103,106,71,77
1,<environment.Job instance at 0x7f1d7c667dc0>,35,13,[6 4],36,103,116,67,90
1,<environment.Job instance at 0x7f1d7c667cd0>,34,17,[9 4],35,116,133,81,110
1,<environment.Job instance at 0x7f1d7c260960>,41,14,[8 2],42,133,147,91,119
1,<environment.Job instance at 0x7f1d7c696550>,46,3,[ 5 10],47,147,150,100,133
1,<environment.Job instance at 0x7f1d7c696f50>,48,2,[2 6],49,133,135,84,133
1,<environment.Job instance at 0x7f1d7c260820>,38,17,[3 6],39,150,167,111,139
1,<environment.Job instance at 0x7f1d7c768370>,53,3,[2 5],54,167,170,113,145
1,<environment.Job instance at 0x7f1d7c28c5f0>,54,12,[5 9],55,170,182,115,153
1,<environment.Job instance at 0x7f1d7c660f00>,58,15,[7 5],59,182,197,123,172
1,<environment.Job instance at 0x7f1d7c660280>,59,15,[ 3 10],60,218,233,158,218
1,<environment.Job instance at 0x7f1d7c643320>,67,1,[4 5],68,233,234,165,218
1,<environment.Job instance at 0x7f1d7c6437d0>,69,13,[4 6],70,234,247,164,218
1,<environment.Job instance at 0x7f1d7c6438c0>,72,13,[1 6],73,250,263,177,250
1,<environment.Job instance at 0x7f1d7c607c30>,75,12,[ 4 10],76,264,276,188,264
1,<environment.Job instance at 0x7f1dc74111e0>,1,17,[7 5],2,26,43,24,26
1,<environment.Job instance at 0x7f1d7c58b4b0>,15,13,[5 5],16,43,56,27,27
1,<environment.Job instance at 0x7f1d7c58b7d0>,20,14,[7 5],21,56,70,35,46
1,<environment.Job instance at 0x7f1d7c607b40>,2,12,[3 8],3,70,82,67,54
1,<environment.Job instance at 0x7f1d7c5899b0>,34,17,[7 2],35,70,87,35,62
1,<environment.Job instance at 0x7f1d7c589d70>,39,17,[8 1],40,87,104,47,75
1,<environment.Job instance at 0x7f1d7c589eb0>,41,17,[2 6],42,82,99,40,80
1,<environment.Job instance at 0x7f1d7c589c30>,37,15,[2 9],38,99,114,61,89
1,<environment.Job instance at 0x7f1d7c587640>,49,17,[9 1],50,114,131,64,103
1,<environment.Job instance at 0x7f1d7c5875a0>,50,18,[3 5],51,131,149,80,120
1,<environment.Job instance at 0x7f1d7c594370>,60,13,[5 6],61,149,162,88,133
1,<environment.Job instance at 0x7f1d7c5943c0>,61,12,[5 5],62,133,145,71,133
1,<environment.Job instance at 0x7f1d7c594460>,62,12,[5 5],63,162,174,99,145
1,<environment.Job instance at 0x7f1d7c594550>,65,14,[7 4],66,174,188,108,162
1,<environment.Job instance at 0x7f1d7c5942d0>,59,15,[10  2],60,188,203,128,179
1,<environment.Job instance at 0x7f1d7c098230>,79,14,[5 7],80,203,217,123,199
1,<environment.Job instance at 0x7f1d7c0985f0>,81,14,[1 5],82,217,231,135,203
1,<environment.Job instance at 0x7f1d7c098730>,83,14,[2 7],84,231,245,147,216
1,<environment.Job instance at 0x7f1d7c098a50>,87,3,[3 5],88,217,220,129,216
1,<environment.Job instance at 0x7f1dc6e25c30>,0,1,[5 1],1,1,2,0,1
1,<environment.Job instance at 0x7f1dc6e25e60>,3,3,[8 4],4,4,7,0,4
1,<environment.Job instance at 0x7f1dc6e255f0>,4,3,[6 1],5,7,10,2,5
1,<environment.Job instance at 0x7f1dc6e25e10>,6,18,[4 6],7,9,27,2,9
1,<environment.Job instance at 0x7f1dc6bf4500>,11,3,[9 2],12,27,30,15,12
1,<environment.Job instance at 0x7f1dc6bf4a50>,15,16,[6 3],16,30,46,14,17
1,<environment.Job instance at 0x7f1dc6bf4690>,17,2,[2 8],18,46,48,28,19
1,<environment.Job instance at 0x7f1dc6e09690>,20,15,[7 5],21,48,63,27,43
1,<environment.Job instance at 0x7f1dc6e090a0>,23,1,[3 5],24,43,44,19,43
1,<environment.Job instance at 0x7f1dc6e095f0>,25,2,[6 3],26,63,65,37,54
1,<environment.Job instance at 0x7f1dc6e09a00>,26,2,[3 8],27,65,67,38,54
1,<environment.Job instance at 0x7f1dc6be0a50>,32,2,[9 3],33,87,89,54,87
1,<environment.Job instance at 0x7f1dc6be04b0>,33,12,[1 8],34,89,101,55,87
1,<environment.Job instance at 0x7f1dc6be0d20>,34,16,[10  3],35,101,117,66,89
1,<environment.Job instance at 0x7f1dc6be0b40>,38,14,[10  3],39,117,131,78,102
1,<environment.Job instance at 0x7f1dc6be0cd0>,42,18,[10  4],43,131,149,88,123
1,<environment.Job instance at 0x7f1dc6783780>,46,3,[2 7],47,149,152,102,133
1,<environment.Job instance at 0x7f1dc67831e0>,47,18,[5 1],48,149,167,101,138
1,<environment.Job instance at 0x7f1dc6783b90>,51,13,[5 3],52,154,167,102,154
1,<environment.Job instance at 0x7f1dc6783fa0>,52,15,[5 1],53,167,182,114,155
1,<environment.Job instance at 0x7f1dc6783690>,54,12,[6 4],55,182,194,127,171
1,<environment.Job instance at 0x7f1dc6783a00>,57,2,[2 6],58,172,174,114,172
1,<environment.Job instance at 0x7f1dc6783cd0>,58,14,[5 9],59,194,208,135,182
1,<environment.Job instance at 0x7f1dc6ab82d0>,64,1,[5 8],65,208,209,143,187
1,<environment.Job instance at 0x7f1dc6ab88c0>,65,12,[2 9],66,209,221,143,192
1,<environment.Job instance at 0x7f1dc6ab8f50>,69,13,[5 9],70,221,234,151,207
1,<environment.Job instance at 0x7f1dc6ab83c0>,75,13,[10  4],76,254,267,178,254
1,<environment.Job instance at 0x7f1dc6ab86e0>,76,16,[5 5],77,267,283,190,254
1,<environment.Job instance at 0x7f1dc6ab8c80>,80,14,[6 4],81,283,297,202,269
1,<environment.Job instance at 0x7f1d7c527960>,87,2,[4 5],88,277,279,189,277
1,<environment.Job instance at 0x7f1d7c527640>,88,16,[8 5],89,297,313,208,286
1,<environment.Job instance at 0x7f1dbff13190>,2,16,[9 2],3,3,19,0,3
1,<environment.Job instance at 0x7f1d7c7286e0>,10,1,[6 3],11,19,20,8,11
1,<environment.Job instance at 0x7f1dbfd0d6e0>,12,18,[5 1],13,31,49,18,31
1,<environment.Job instance at 0x7f1dc66f9410>,14,2,[2 5],15,31,33,16,31
1,<environment.Job instance at 0x7f1d7c7282d0>,15,3,[6 5],16,49,52,33,31
1,<environment.Job instance at 0x7f1dc679d960>,20,14,[3 6],21,52,66,31,37
1,<environment.Job instance at 0x7f1dbff080f0>,24,12,[4 6],25,37,49,12,37
1,<environment.Job instance at 0x7f1d7c641f50>,5,18,[7 5],6,66,84,60,55
1,<environment.Job instance at 0x7f1dc0046fa0>,29,14,[10  1],30,84,98,54,70
1,<environment.Job instance at 0x7f1d7c456c30>,32,18,[5 5],33,98,116,65,87
1,<environment.Job instance at 0x7f1dbfde8460>,35,15,[7 4],36,116,131,80,103
1,<environment.Job instance at 0x7f1dbfc58d70>,42,18,[5 1],43,131,149,88,123
1,<environment.Job instance at 0x7f1dbfc58f00>,39,17,[7 2],40,151,168,111,151
1,<environment.Job instance at 0x7f1dc6792aa0>,57,2,[8 4],58,168,170,110,163
1,<environment.Job instance at 0x7f1dc01bcf50>,61,13,[1 7],62,170,183,108,163
1,<environment.Job instance at 0x7f1dc01bcc30>,62,13,[4 8],63,183,196,120,169
1,<environment.Job instance at 0x7f1dc7028af0>,70,14,[6 4],71,196,210,125,181
1,<environment.Job instance at 0x7f1d7c0ea500>,73,3,[6 2],74,184,187,110,184
1,<environment.Job instance at 0x7f1dc6716730>,8,17,[10  3],9,210,227,201,198
1,<environment.Job instance at 0x7f1dbfe96d70>,79,14,[3 7],80,227,241,147,216
1,<environment.Job instance at 0x7f1dc02519b0>,88,3,[10  4],89,241,244,152,230
1,<environment.Job instance at 0x7f1dc6bdfeb0>,2,14,[6 5],3,3,17,0,3
1,<environment.Job instance at 0x7f1dc02519b0>,3,1,[7 2],4,17,18,13,4
1,<environment.Job instance at 0x7f1dc6b675a0>,4,15,[10  3],5,18,33,13,8
1,<environment.Job instance at 0x7f1dc6b67b90>,13,17,[8 5],14,33,50,19,24
1,<environment.Job instance at 0x7f1dc6b65280>,19,18,[7 3],20,50,68,30,39
1,<environment.Job instance at 0x7f1dc6b65460>,23,12,[4 6],24,68,80,44,51
1,<environment.Job instance at 0x7f1dc6b65640>,24,3,[6 4],25,68,71,43,51
1,<environment.Job instance at 0x7f1dc6b655a0>,25,13,[2 6],26,51,64,25,51
1,<environment.Job instance at 0x7f1dc6b65a00>,27,1,[3 6],28,64,65,36,51
1,<environment.Job instance at 0x7f1dc6b65b90>,29,3,[ 5 10],30,80,83,50,54
1,<environment.Job instance at 0x7f1dc6b65c30>,30,1,[4 6],31,83,84,52,55
1,<environment.Job instance at 0x7f1dc6b65e10>,33,16,[6 5],34,84,100,50,71
1,<environment.Job instance at 0x7f1dc6b65d70>,32,18,[5 9],33,100,118,67,90
1,<environment.Job instance at 0x7f1dc6b65a50>,38,18,[1 9],39,118,136,79,107
1,<environment.Job instance at 0x7f1dc6b31640>,44,17,[9 5],45,136,153,91,124
1,<environment.Job instance at 0x7f1dc6b31820>,48,14,[9 4],49,153,167,104,139
1,<environment.Job instance at 0x7f1dc6b31280>,40,15,[3 9],41,167,182,126,156
1,<environment.Job instance at 0x7f1dc6b30500>,59,14,[6 1],60,167,181,107,156
1,<environment.Job instance at 0x7f1dc6b30640>,61,17,[10  4],62,182,199,120,171
1,<environment.Job instance at 0x7f1dc6b30960>,64,14,[7 4],65,199,213,134,184
1,<environment.Job instance at 0x7f1dbfe8a820>,9,15,[5 2],10,10,25,0,10
1,<environment.Job instance at 0x7f1dbfe8aaf0>,4,17,[6 5],5,25,42,20,13
1,<environment.Job instance at 0x7f1dbfe8a7d0>,12,16,[9 4],13,42,58,29,29
1,<environment.Job instance at 0x7f1d7c19e370>,20,16,[5 1],21,58,74,37,45
1,<environment.Job instance at 0x7f1dbfe8a320>,7,16,[ 5 10],8,74,90,66,61
1,<environment.Job instance at 0x7f1dbfff05a0>,25,12,[8 1],26,90,102,64,80
1,<environment.Job instance at 0x7f1dc0000af0>,21,16,[ 2 10],22,102,118,80,90
1,<environment.Job instance at 0x7f1d7c672b90>,33,15,[7 2],34,118,133,84,104
1,<environment.Job instance at 0x7f1d7c67ad20>,39,17,[9 4],40,133,150,93,121
1,<environment.Job instance at 0x7f1dc0010190>,45,13,[1 5],46,136,149,90,136
1,<environment.Job instance at 0x7f1dc0010550>,48,14,[8 3],49,150,164,101,139
1,<environment.Job instance at 0x7f1d7c2a1e10>,49,14,[9 5],50,164,178,114,149
1,<environment.Job instance at 0x7f1d7c2a1500>,52,18,[9 4],53,178,196,125,167
1,<environment.Job instance at 0x7f1d7c2a1820>,56,12,[6 3],57,196,208,139,179
1,<environment.Job instance at 0x7f1d7c2a10f0>,58,17,[5 7],59,208,225,149,196
1,<environment.Job instance at 0x7f1d7c1240f0>,64,15,[ 2 10],65,225,240,160,213
1,<environment.Job instance at 0x7f1d7c124050>,67,3,[8 5],68,240,243,172,218
1,<environment.Job instance at 0x7f1d7c124410>,69,16,[2 8],70,243,259,173,230
1,<environment.Job instance at 0x7f1d7c124be0>,72,18,[5 1],73,243,261,170,232
1,<environment.Job instance at 0x7f1d7c124460>,73,18,[ 5 10],74,261,279,187,250
1,<environment.Job instance at 0x7f1d7c13f320>,79,12,[5 7],80,279,291,199,264
1,<environment.Job instance at 0x7f1d7c13ff00>,83,17,[10  5],84,291,308,207,279
1,<environment.Job instance at 0x7f1d7c560500>,2,15,[3 8],3,6,21,3,6
1,<environment.Job instance at 0x7f1d7c560320>,3,13,[6 5],4,21,34,17,8
1,<environment.Job instance at 0x7f1d7c72d3c0>,13,17,[6 4],14,34,51,20,24
1,<environment.Job instance at 0x7f1dc0023f50>,15,16,[1 6],16,34,50,18,25
1,<environment.Job instance at 0x7f1d7c560be0>,0,13,[9 3],1,51,64,50,40
1,<environment.Job instance at 0x7f1dc68a0190>,27,1,[5 7],28,64,65,36,54
1,<environment.Job instance at 0x7f1dc67f90a0>,10,16,[2 8],11,65,81,54,57
1,<environment.Job instance at 0x7f1dc678e5f0>,30,3,[7 3],31,81,84,50,69
1,<environment.Job instance at 0x7f1dc678eeb0>,31,13,[ 3 10],32,84,97,52,74
1,<environment.Job instance at 0x7f1dc6dd8cd0>,32,18,[5 8],33,97,115,64,95
1,<environment.Job instance at 0x7f1dc693d730>,41,15,[9 5],42,115,130,73,104
1,<environment.Job instance at 0x7f1dc0224aa0>,29,16,[ 3 10],30,130,146,100,117
1,<environment.Job instance at 0x7f1dc00c4500>,48,14,[8 1],49,146,160,97,131
1,<environment.Job instance at 0x7f1dc00c4a50>,51,17,[3 7],52,160,177,108,148
1,<environment.Job instance at 0x7f1d7c3e4d70>,59,13,[ 2 10],60,177,190,117,161
1,<environment.Job instance at 0x7f1d7c3e4a50>,61,15,[7 5],62,190,205,128,176
1,<environment.Job instance at 0x7f1dc00001e0>,66,17,[9 3],67,213,230,146,213
1,<environment.Job instance at 0x7f1d7c3cbfa0>,70,15,[9 1],71,230,245,159,218
1,<environment.Job instance at 0x7f1dbff131e0>,73,16,[ 4 10],74,245,261,171,240
1,<environment.Job instance at 0x7f1dc0302640>,75,13,[4 7],76,261,274,185,249
1,<environment.Job instance at 0x7f1dbfe96fa0>,83,3,[10  1],84,274,277,190,267
1,<environment.Job instance at 0x7f1d7c4b4460>,84,15,[7 5],85,277,292,192,267
1,<environment.Job instance at 0x7f1dc6e23050>,87,15,[ 1 10],88,292,307,204,279
1,<environment.Job instance at 0x7f1dc6716d20>,0,1,[8 1],1,1,2,0,1
1,<environment.Job instance at 0x7f1dc0107eb0>,8,16,[1 6],9,12,28,3,12
1,<environment.Job instance at 0x7f1dc0107dc0>,7,16,[5 8],8,28,44,20,19
1,<environment.Job instance at 0x7f1dc013b370>,14,14,[10  4],15,44,58,29,32
1,<environment.Job instance at 0x7f1dc013b4b0>,18,12,[10  1],19,58,70,39,50
1,<environment.Job instance at 0x7f1dc6e233c0>,2,17,[1 9],3,70,87,67,61
1,<environment.Job instance at 0x7f1dc013baf0>,25,12,[5 9],26,87,99,61,71
1,<environment.Job instance at 0x7f1dc013bc30>,27,17,[8 2],28,99,116,71,93
1,<environment.Job instance at 0x7f1dc011f140>,32,15,[2 9],33,116,131,83,109
1,<environment.Job instance at 0x7f1dc011fbe0>,47,17,[7 4],48,243,260,195,243
1,<environment.Job instance at 0x7f1dc011ffa0>,51,16,[5 3],52,292,308,240,292
1,<environment.Job instance at 0x7f1d7c2310a0>,1,13,[9 4],2,3,16,1,3
1,<environment.Job instance at 0x7f1d7c231190>,3,13,[3 7],4,16,29,12,8
1,<environment.Job instance at 0x7f1dbfdf8870>,7,16,[7 2],8,16,32,8,9
1,<environment.Job instance at 0x7f1dbfdf8d20>,11,2,[6 2],12,32,34,20,14
1,<environment.Job instance at 0x7f1dc6c64d20>,15,3,[9 1],16,34,37,18,18
1,<environment.Job instance at 0x7f1dc6c64cd0>,18,15,[7 1],19,37,52,18,23
1,<environment.Job instance at 0x7f1dbfcdd550>,20,12,[5 9],21,52,64,31,35
1,<environment.Job instance at 0x7f1dbff4fa00>,30,17,[8 4],31,64,81,33,52
1,<environment.Job instance at 0x7f1dc6dfb0a0>,25,17,[10  3],26,81,98,55,70
1,<environment.Job instance at 0x7f1dbff4feb0>,31,14,[ 5 10],32,98,112,66,86
1,<environment.Job instance at 0x7f1dc6e23690>,41,13,[5 2],42,112,125,70,98
1,<environment.Job instance at 0x7f1dc6e235f0>,44,17,[4 7],45,112,129,67,106
1,<environment.Job instance at 0x7f1dc6e23640>,47,14,[2 6],48,129,143,81,117
1,<environment.Job instance at 0x7f1dbfdd5460>,54,15,[8 1],55,129,144,74,129
1,<environment.Job instance at 0x7f1dc6e23460>,43,17,[6 4],44,144,161,100,133
1,<environment.Job instance at 0x7f1dbfdd57d0>,57,15,[3 9],58,161,176,103,147
1,<environment.Job instance at 0x7f1dbfdd5a50>,58,15,[ 4 10],59,176,191,117,162
1,<environment.Job instance at 0x7f1d7c50a050>,69,13,[7 2],70,191,204,121,175
1,<environment.Job instance at 0x7f1dc000c370>,73,16,[3 8],74,191,207,117,187
1,<environment.Job instance at 0x7f1dc000cdc0>,74,16,[9 2],75,207,223,132,194
1,<environment.Job instance at 0x7f1dc000c320>,77,18,[5 5],78,223,241,145,213
1,<environment.Job instance at 0x7f1dc000c230>,82,3,[10  3],83,241,244,158,220
1,<environment.Job instance at 0x7f1dc000c7d0>,84,15,[3 5],85,244,259,159,233
1,<environment.Job instance at 0x7f1dc000c730>,83,18,[4 5],84,244,262,160,234
1,<environment.Job instance at 0x7f1d7c53e780>,6,12,[ 1 10],7,8,20,1,8
1,<environment.Job instance at 0x7f1d7c53e500>,8,15,[1 8],9,20,35,11,9
1,<environment.Job instance at 0x7f1dc6b73be0>,15,3,[5 7],16,35,38,19,16
1,<environment.Job instance at 0x7f1dc6b73280>,17,3,[4 5],18,38,41,20,18
1,<environment.Job instance at 0x7f1dbfdfe820>,18,14,[7 2],19,21,35,2,21
1,<environment.Job instance at 0x7f1dbfdfef50>,21,14,[6 1],22,38,52,16,25
1,<environment.Job instance at 0x7f1dbfdfe780>,24,17,[3 7],25,42,59,17,42
1,<environment.Job instance at 0x7f1dbfc35280>,26,14,[7 5],27,59,73,32,46
1,<environment.Job instance at 0x7f1dc004a5a0>,31,14,[ 1 10],32,73,87,41,60
1,<environment.Job instance at 0x7f1dc004aaa0>,36,12,[8 3],37,87,99,50,70
1,<environment.Job instance at 0x7f1d7c53ee60>,1,16,[6 5],2,99,115,97,89
1,<environment.Job instance at 0x7f1d7c700d20>,47,3,[8 3],48,115,118,67,101
1,<environment.Job instance at 0x7f1d7c7004b0>,50,2,[9 4],51,118,120,67,101
1,<environment.Job instance at 0x7f1d7c700b40>,44,15,[10  2],45,120,135,75,106
1,<environment.Job instance at 0x7f1dc6b44b40>,55,14,[6 3],56,135,149,79,124
1,<environment.Job instance at 0x7f1dc67bfa00>,61,14,[1 5],62,135,149,73,124
1,<environment.Job instance at 0x7f1d7c508370>,65,12,[8 3],66,149,161,83,141
1,<environment.Job instance at 0x7f1d7c2f9820>,67,17,[5 5],68,161,178,93,149
1,<environment.Job instance at 0x7f1d7c2f93c0>,69,14,[8 5],70,178,192,108,166
1,<environment.Job instance at 0x7f1dc01e3a00>,76,13,[5 9],77,192,205,115,176
1,<environment.Job instance at 0x7f1dc67bf460>,66,18,[ 2 10],67,229,247,162,229
1,<environment.Job instance at 0x7f1d7c2cab90>,81,14,[8 4],82,247,261,165,235
1,<environment.Job instance at 0x7f1d7c2ca960>,87,3,[5 6],88,261,264,173,237
1,<environment.Job instance at 0x7f1dc00359b0>,1,2,[6 2],2,2,4,0,2
1,<environment.Job instance at 0x7f1dbfc516e0>,3,3,[7 2],4,4,7,0,4
1,<environment.Job instance at 0x7f1dc03a6640>,6,18,[1 5],7,7,25,0,7
1,<environment.Job instance at 0x7f1dc03a60f0>,4,13,[5 8],5,25,38,20,9
1,<environment.Job instance at 0x7f1dc03b8c80>,15,15,[5 4],16,38,53,22,25
1,<environment.Job instance at 0x7f1dc03a6e60>,13,16,[1 5],14,38,54,24,28
1,<environment.Job instance at 0x7f1dc03b8780>,19,16,[5 6],20,54,70,34,41
1,<environment.Job instance at 0x7f1dc03b8910>,20,18,[4 5],21,70,88,49,61
1,<environment.Job instance at 0x7f1dc03b20a0>,28,12,[1 9],29,88,100,59,77
1,<environment.Job instance at 0x7f1dc03a4640>,25,14,[ 3 10],26,100,114,74,85
1,<environment.Job instance at 0x7f1dc03a6c80>,10,17,[10  1],11,114,131,103,105
1,<environment.Job instance at 0x7f1d7c61eeb0>,45,15,[8 3],46,131,146,85,121
1,<environment.Job instance at 0x7f1d7c2d0dc0>,50,13,[10  5],51,146,159,95,137
1,<environment.Job instance at 0x7f1d7c73c3c0>,54,15,[4 7],55,159,174,104,146
1,<environment.Job instance at 0x7f1d7c3f7500>,60,12,[ 5 10],61,174,186,113,159
1,<environment.Job instance at 0x7f1d7c73a690>,62,15,[1 6],63,186,201,123,173
1,<environment.Job instance at 0x7f1dc6acd5a0>,65,12,[5 2],66,186,198,120,186
1,<environment.Job instance at 0x7f1dc6846eb0>,43,17,[ 4 10],44,201,218,157,189
1,<environment.Job instance at 0x7f1dc6ad76e0>,76,16,[9 3],77,218,234,141,216
1,<environment.Job instance at 0x7f1dc6ad7d70>,80,17,[4 7],81,234,251,153,223
1,<environment.Job instance at 0x7f1dc6ac7a00>,82,14,[6 3],83,234,248,151,230
1,<environment.Job instance at 0x7f1dc6ac7960>,87,17,[4 6],88,251,268,163,241
1,<environment.Job instance at 0x7f1d7c3376e0>,7,13,[7 1],8,11,24,3,11
1,<environment.Job instance at 0x7f1dbfcafaf0>,9,12,[4 8],10,24,36,14,12
1,<environment.Job instance at 0x7f1dc6ac7e60>,4,12,[10  3],5,36,48,31,25
1,<environment.Job instance at 0x7f1d7c438140>,10,14,[1 9],11,48,62,37,36
1,<environment.Job instance at 0x7f1dc009ccd0>,20,14,[3 5],21,62,76,41,49
1,<environment.Job instance at 0x7f1dc01835f0>,28,12,[6 1],29,63,75,34,63
1,<environment.Job instance at 0x7f1dc0183410>,25,17,[ 5 10],26,76,93,50,64
1,<environment.Job instance at 0x7f1dbfcc5e60>,33,16,[9 5],34,93,109,59,80
1,<environment.Job instance at 0x7f1d7c5e9190>,2,16,[1 9],3,109,125,106,96
1,<environment.Job instance at 0x7f1dc67abe10>,43,14,[1 6],44,125,139,81,110
1,<environment.Job instance at 0x7f1dc67ab190>,44,16,[7 3],45,125,141,80,112
1,<environment.Job instance at 0x7f1dc67ab910>,42,16,[9 3],43,141,157,98,128
1,<environment.Job instance at 0x7f1dbfe3f870>,55,18,[10  4],56,162,180,106,162
1,<environment.Job instance at 0x7f1dbfe3f550>,57,15,[7 2],58,180,195,122,169
1,<environment.Job instance at 0x7f1d7c464690>,62,18,[3 6],63,180,198,117,172
1,<environment.Job instance at 0x7f1dc6ce50f0>,14,17,[10  5],15,200,217,185,200
1,<environment.Job instance at 0x7f1dc00f1280>,69,15,[6 5],70,217,232,147,206
1,<environment.Job instance at 0x7f1d7c351690>,73,18,[6 3],74,232,250,158,223
1,<environment.Job instance at 0x7f1dc67c9c30>,1,3,[7 4],2,4,7,2,4
1,<environment.Job instance at 0x7f1dc67bacd0>,5,13,[3 7],6,7,20,1,6
1,<environment.Job instance at 0x7f1d7c7b8280>,9,13,[4 5],10,20,33,10,16
1,<environment.Job instance at 0x7f1d7c7b8960>,14,14,[9 5],15,33,47,18,22
1,<environment.Job instance at 0x7f1dc6ac7f50>,18,15,[1 8],19,47,62,28,35
1,<environment.Job instance at 0x7f1d7be71f00>,25,14,[8 4],26,62,76,36,48
1,<environment.Job instance at 0x7f1d7be71cd0>,27,18,[5 9],28,76,94,48,65
1,<environment.Job instance at 0x7f1d7be71370>,31,14,[4 9],32,94,108,62,80
1,<environment.Job instance at 0x7f1d7be710f0>,34,15,[2 5],35,108,123,73,94
1,<environment.Job instance at 0x7f1dc6ac7f00>,17,18,[ 5 10],18,123,141,105,112
1,<environment.Job instance at 0x7f1d7c7f0aa0>,43,12,[1 8],44,141,153,97,125
1,<environment.Job instance at 0x7f1d7c7f0230>,44,14,[7 4],45,153,167,108,139
1,<environment.Job instance at 0x7f1d7c7f0820>,46,15,[2 7],47,167,182,120,153
1,<environment.Job instance at 0x7f1d7c7f02d0>,48,17,[2 7],49,182,199,133,172
1,<environment.Job instance at 0x7f1dbfd17230>,52,18,[5 6],53,199,217,146,189
1,<environment.Job instance at 0x7f1dbfd17dc0>,55,17,[3 9],56,217,234,161,206
1,<environment.Job instance at 0x7f1dbfd17280>,60,3,[7 5],61,234,237,173,215
1,<environment.Job instance at 0x7f1dbfd17c30>,64,13,[9 1],65,237,250,172,234
1,<environment.Job instance at 0x7f1d7be9a230>,7,13,[5 5],8,9,22,1,9
1,<environment.Job instance at 0x7f1d7c4bd370>,11,12,[4 5],12,17,29,5,17
1,<environment.Job instance at 0x7f1d7c4a2f50>,17,12,[6 2],18,22,34,4,18
1,<environment.Job instance at 0x7f1d7c4a2b40>,20,1,[7 1],21,34,35,13,21
1,<environment.Job instance at 0x7f1d7c4bdc80>,10,12,[10  4],11,35,47,24,24
1,<environment.Job instance at 0x7f1dc69027d0>,26,1,[5 5],27,47,48,20,27
1,<environment.Job instance at 0x7f1dc68d0a00>,28,3,[2 5],29,30,33,1,30
1,<environment.Job instance at 0x7f1dc68d0e10>,30,2,[10  1],31,48,50,17,31
1,<environment.Job instance at 0x7f1d7c203d20>,33,15,[8 4],34,50,65,16,36
1,<environment.Job instance at 0x7f1dbffba7d0>,44,14,[10  4],45,65,79,20,61
1,<environment.Job instance at 0x7f1dbffbaeb0>,47,13,[7 4],48,79,92,31,67
1,<environment.Job instance at 0x7f1dc6c2f500>,51,16,[5 7],52,92,108,40,88
1,<environment.Job instance at 0x7f1dc6c2f1e0>,54,1,[6 5],55,108,109,53,103
1,<environment.Job instance at 0x7f1dc6c2fdc0>,55,13,[6 4],56,109,122,53,103
1,<environment.Job instance at 0x7f1d7c450960>,50,13,[10  1],51,122,135,71,117
1,<environment.Job instance at 0x7f1d7bf173c0>,59,2,[5 9],60,135,137,75,122
1,<environment.Job instance at 0x7f1d7c4bd8c0>,12,18,[ 5 10],13,146,164,133,146
1,<environment.Job instance at 0x7f1dbffb2b40>,66,16,[5 2],67,164,180,97,160
1,<environment.Job instance at 0x7f1dbffb2be0>,69,14,[3 5],70,167,181,97,167
1,<environment.Job instance at 0x7f1dc6c2e280>,74,17,[9 5],75,181,198,106,176
1,<environment.Job instance at 0x7f1dc6c1a500>,81,1,[5 1],82,211,212,129,211
1,<environment.Job instance at 0x7f1dc6c1af00>,82,2,[5 7],83,211,213,128,211
1,<environment.Job instance at 0x7f1dc6c1a0f0>,84,13,[10  5],85,213,226,128,211
1,<environment.Job instance at 0x7f1dc6c1a550>,85,14,[10  1],86,226,240,140,213
1,<environment.Job instance at 0x7f1dc702d370>,0,3,[ 4 10],1,2,5,1,2
1,<environment.Job instance at 0x7f1dc702d8c0>,1,16,[2 6],2,5,21,3,3
1,<environment.Job instance at 0x7f1dbff9ffa0>,2,17,[8 1],3,7,24,4,7
1,<environment.Job instance at 0x7f1dc685c870>,5,17,[1 8],6,21,38,15,12
1,<environment.Job instance at 0x7f1dc675a8c0>,15,3,[5 5],16,38,41,22,16
1,<environment.Job instance at 0x7f1d7c795820>,17,12,[2 5],18,38,50,20,22
1,<environment.Job instance at 0x7f1d7c2adaa0>,23,2,[6 3],24,41,43,17,28
1,<environment.Job instance at 0x7f1d7bf710f0>,24,16,[5 3],25,43,59,18,30
1,<environment.Job instance at 0x7f1dc03c0d20>,25,13,[2 6],26,50,63,24,34
1,<environment.Job instance at 0x7f1d7bf271e0>,13,18,[1 8],14,63,81,49,53
1,<environment.Job instance at 0x7f1dc6696280>,33,13,[4 7],34,81,94,47,66
1,<environment.Job instance at 0x7f1d7bf80690>,36,12,[4 6],37,94,106,57,77
1,<environment.Job instance at 0x7f1d7c29a640>,40,17,[8 3],41,106,123,65,94
1,<environment.Job instance at 0x7f1dbfe776e0>,31,12,[7 4],32,123,135,91,106
1,<environment.Job instance at 0x7f1d7c29a550>,43,13,[10  3],44,135,148,91,121
1,<environment.Job instance at 0x7f1d7bf11050>,56,13,[ 1 10],57,148,161,91,139
1,<environment.Job instance at 0x7f1d7bf11640>,57,14,[9 3],58,161,175,103,146
1,<environment.Job instance at 0x7f1d7c837d70>,61,15,[3 9],62,175,190,113,162
1,<environment.Job instance at 0x7f1dc6dd8640>,67,15,[6 1],68,175,190,107,168
1,<environment.Job instance at 0x7f1dc6dd8780>,68,3,[2 6],69,190,193,121,168
1,<environment.Job instance at 0x7f1d7c09d1e0>,76,3,[1 8],77,204,207,127,204
1,<environment.Job instance at 0x7f1d7c09d550>,78,2,[5 7],79,207,209,128,204
1,<environment.Job instance at 0x7f1d7c09dd70>,79,2,[2 5],80,209,211,129,204
1,<environment.Job instance at 0x7f1d7c09d320>,80,16,[1 5],81,209,225,128,204
1,<environment.Job instance at 0x7f1d7c09d8c0>,81,17,[6 5],82,211,228,129,206
1,<environment.Job instance at 0x7f1d7c09d7d0>,86,16,[3 6],87,228,244,141,215
1,<environment.Job instance at 0x7f1d7c0a6fa0>,1,3,[5 8],2,2,5,0,2
1,<environment.Job instance at 0x7f1dc02544b0>,14,17,[10  4],15,16,33,1,16
1,<environment.Job instance at 0x7f1d7c22d5a0>,19,2,[6 3],20,33,35,13,21
1,<environment.Job instance at 0x7f1d7c22d5f0>,21,16,[8 1],22,35,51,13,22
1,<environment.Job instance at 0x7f1dc0254820>,8,16,[1 8],9,35,51,26,24
1,<environment.Job instance at 0x7f1dc0254a50>,9,12,[9 3],10,51,63,41,34
1,<environment.Job instance at 0x7f1d7be7e4b0>,32,12,[10  3],33,63,75,30,48
1,<environment.Job instance at 0x7f1d7be7eb90>,34,16,[6 3],35,75,91,40,62
1,<environment.Job instance at 0x7f1d7be7e280>,39,15,[9 3],40,91,106,51,78
1,<environment.Job instance at 0x7f1d7bf4dfa0>,46,3,[ 4 10],47,106,109,59,88
1,<environment.Job instance at 0x7f1d7bf4d690>,48,12,[ 3 10],49,109,121,60,92
1,<environment.Job instance at 0x7f1d7bf4d410>,51,12,[1 7],52,92,104,40,92
1,<environment.Job instance at 0x7f1d7c09d5a0>,3,18,[4 9],4,121,139,117,120
1,<environment.Job instance at 0x7f1d7bf28870>,63,15,[10  1],64,141,156,77,141
1,<environment.Job instance at 0x7f1d7bf28190>,68,18,[5 6],69,156,174,87,145
1,<environment.Job instance at 0x7f1d7bfa5e60>,74,16,[5 6],75,191,207,116,191
1,<environment.Job instance at 0x7f1d7bfa5050>,77,12,[4 7],78,207,219,129,201
1,<environment.Job instance at 0x7f1d7c225b40>,85,2,[1 8],86,219,221,133,211
1,<environment.Job instance at 0x7f1d7c2255a0>,86,18,[3 5],87,221,239,134,211
1,<environment.Job instance at 0x7f1d7c2252d0>,88,14,[7 5],89,223,237,134,223
1,<environment.Job instance at 0x7f1dbfc1fe10>,4,18,[3 8],5,12,30,7,12
1,<environment.Job instance at 0x7f1dbfc1f780>,1,12,[7 5],2,30,42,28,19
1,<environment.Job instance at 0x7f1dbfc1e0f0>,16,12,[9 1],17,42,54,25,35
1,<environment.Job instance at 0x7f1dbfc26fa0>,18,14,[7 3],19,54,68,35,41
1,<environment.Job instance at 0x7f1dbfc1edc0>,11,17,[2 9],12,68,85,56,60
1,<environment.Job instance at 0x7f1dbfc06d20>,33,17,[5 1],34,72,89,38,72
1,<environment.Job instance at 0x7f1dbfc26640>,24,18,[6 3],25,89,107,64,79
1,<environment.Job instance at 0x7f1d7bf7de10>,40,13,[6 5],41,107,120,66,94
1,<environment.Job instance at 0x7f1d7bf7da00>,38,14,[3 8],39,120,134,81,105
1,<environment.Job instance at 0x7f1dbfbf7f50>,50,12,[6 1],51,139,151,88,139
1,<environment.Job instance at 0x7f1dbfbf78c0>,54,12,[ 4 10],55,151,163,96,139
1,<environment.Job instance at 0x7f1dbfbf7870>,59,14,[8 5],60,174,188,114,174
1,<environment.Job instance at 0x7f1dbffbc2d0>,66,12,[3 5],67,209,221,142,209
1,<environment.Job instance at 0x7f1dbfc14d70>,78,1,[10  4],79,241,242,162,241
1,<environment.Job instance at 0x7f1dbfc145a0>,79,18,[5 2],80,242,260,162,241
1,<environment.Job instance at 0x7f1dbfc14230>,82,13,[9 4],83,260,273,177,244
1,<environment.Job instance at 0x7f338ea462d0>,3,3,[4 8],4,4,7,0,4
1,<environment.Job instance at 0x7f338ea46230>,4,14,[1 6],5,7,21,2,6
1,<environment.Job instance at 0x7f3393e551e0>,0,13,[9 3],1,7,20,6,6
1,<environment.Job instance at 0x7f338ea46640>,7,1,[5 4],8,20,21,12,15
1,<environment.Job instance at 0x7f338ea46780>,11,15,[4 8],12,22,37,10,22
1,<environment.Job instance at 0x7f338ea46e60>,17,3,[4 9],18,37,40,19,23
1,<environment.Job instance at 0x7f338ea46f00>,18,3,[4 7],19,40,43,21,25
1,<environment.Job instance at 0x7f338ea49460>,24,18,[2 6],25,49,67,24,49
1,<environment.Job instance at 0x7f338ea49aa0>,27,15,[8 4],28,49,64,21,49
1,<environment.Job instance at 0x7f338ea49c80>,30,14,[5 2],31,64,78,33,50
1,<environment.Job instance at 0x7f338ea49e60>,33,14,[5 5],34,67,81,33,54
1,<environment.Job instance at 0x7f338ea49f50>,35,15,[9 5],36,81,96,45,73
1,<environment.Job instance at 0x7f338ea4a500>,43,18,[5 5],44,96,114,52,85
1,<environment.Job instance at 0x7f338ea468c0>,13,18,[ 4 10],14,114,132,100,104
1,<environment.Job instance at 0x7f338ea4acd0>,49,16,[2 5],50,132,148,82,119
1,<environment.Job instance at 0x7f338ea4d2d0>,53,17,[5 7],54,148,165,94,137
1,<environment.Job instance at 0x7f338ea5eb90>,0,18,[2 7],1,7,25,6,7
1,<environment.Job instance at 0x7f3393e7fe60>,2,16,[3 9],3,25,41,22,12
1,<environment.Job instance at 0x7f3393fc2140>,13,15,[6 1],14,14,29,0,14
1,<environment.Job instance at 0x7f3393fc7eb0>,15,16,[7 5],16,41,57,25,28
1,<environment.Job instance at 0x7f3393e7d870>,30,15,[8 3],31,82,97,51,82
1,<environment.Job instance at 0x7f3393e7d1e0>,31,1,[3 9],32,97,98,65,82
1,<environment.Job instance at 0x7f3393e7d690>,33,16,[ 3 10],34,98,114,64,85
1,<environment.Job instance at 0x7f338ea5eaa0>,1,18,[ 1 10],2,115,133,113,115
1,<environment.Job instance at 0x7f3348d3f190>,1,14,[1 6],2,2,16,0,2
1,<environment.Job instance at 0x7f3348d3f640>,2,14,[2 7],3,16,30,13,3
1,<environment.Job instance at 0x7f3348e23410>,3,14,[7 5],4,30,44,26,17
1,<environment.Job instance at 0x7f3348d244b0>,15,2,[5 5],16,44,46,28,19
1,<environment.Job instance at 0x7f3348d24910>,16,12,[ 3 10],17,46,58,29,31
1,<environment.Job instance at 0x7f3348d247d0>,20,18,[4 5],21,58,76,37,47
1,<environment.Job instance at 0x7f3348e1f960>,29,13,[6 3],30,58,71,28,58
1,<environment.Job instance at 0x7f3348e1f0a0>,30,13,[7 4],31,76,89,45,60
1,<environment.Job instance at 0x7f3348d9a230>,37,3,[1 6],38,76,79,38,60
1,<environment.Job instance at 0x7f3348d9ab90>,41,2,[9 5],42,89,91,47,77
1,<environment.Job instance at 0x7f3348d9a730>,42,2,[9 3],43,91,93,48,77
1,<environment.Job instance at 0x7f3348df4690>,44,16,[7 5],45,93,109,48,80
1,<environment.Job instance at 0x7f3348df4f00>,46,16,[7 4],47,109,125,62,96
1,<environment.Job instance at 0x7f3348df4c80>,53,12,[9 1],54,125,137,71,109
1,<environment.Job instance at 0x7f3348d3f6e0>,0,13,[10  5],1,137,150,136,121
1,<environment.Job instance at 0x7f3348e08280>,64,12,[7 2],65,150,162,85,137
1,<environment.Job instance at 0x7f3348e08a50>,68,15,[3 6],69,150,165,81,145
1,<environment.Job instance at 0x7f3348e1fb90>,27,16,[9 2],28,165,181,137,153
1,<environment.Job instance at 0x7f3348e040f0>,74,2,[8 5],75,188,190,113,188
1,<environment.Job instance at 0x7f3348e04460>,77,18,[5 9],78,190,208,112,189
1,<environment.Job instance at 0x7f3348dcec30>,84,15,[10  4],85,208,223,123,195
1,<environment.Job instance at 0x7f3348dce550>,90,18,[6 1],91,223,241,132,212
1,<environment.Job instance at 0x7f3348dce190>,97,14,[ 1 10],98,241,255,143,226
1,<environment.Job instance at 0x7f3348efc230>,1,3,[4 5],2,2,5,0,2
1,<environment.Job instance at 0x7f33491f7500>,7,13,[1 9],8,8,21,0,8
1,<environment.Job instance at 0x7f33491f7c30>,8,17,[3 6],9,21,38,12,17
1,<environment.Job instance at 0x7f3348d252d0>,18,2,[2 6],19,38,40,19,26
1,<environment.Job instance at 0x7f3348d25460>,14,15,[5 1],15,26,41,11,26
1,<environment.Job instance at 0x7f3348d25d70>,11,14,[8 2],12,41,55,29,26
1,<environment.Job instance at 0x7f3348d25820>,25,12,[2 6],26,40,52,14,26
1,<environment.Job instance at 0x7f3348c94eb0>,28,15,[7 5],29,55,70,26,42
1,<environment.Job instance at 0x7f3348c941e0>,29,15,[ 3 10],30,70,85,40,57
1,<environment.Job instance at 0x7f3348c94550>,36,16,[ 5 10],37,99,115,62,99
1,<environment.Job instance at 0x7f3348c94f50>,40,15,[7 1],41,115,130,74,101
1,<environment.Job instance at 0x7f3348e1f230>,42,13,[1 6],43,115,128,72,115
1,<environment.Job instance at 0x7f3348e1fcd0>,43,3,[3 5],44,128,131,84,117
1,<environment.Job instance at 0x7f3348e1f410>,44,14,[1 5],45,130,144,85,118
1,<environment.Job instance at 0x7f3348e1f870>,41,17,[10  3],42,144,161,102,133
1,<environment.Job instance at 0x7f3348e1f050>,50,14,[8 3],51,161,175,110,146
1,<environment.Job instance at 0x7f33491fe910>,57,16,[9 4],58,175,191,117,165
1,<environment.Job instance at 0x7f33491fe230>,62,12,[3 8],63,191,203,128,178
1,<environment.Job instance at 0x7f33491fed70>,64,15,[4 6],65,203,218,138,189
1,<environment.Job instance at 0x7f3349106870>,67,15,[5 3],68,203,218,135,193
1,<environment.Job instance at 0x7f3349106820>,69,2,[8 2],70,218,220,148,202
1,<environment.Job instance at 0x7f3349106cd0>,76,3,[2 8],77,218,221,141,204
1,<environment.Job instance at 0x7f3348e78050>,78,2,[6 3],79,221,223,142,204
1,<environment.Job instance at 0x7f3348e78780>,79,3,[7 2],80,223,226,143,204
1,<environment.Job instance at 0x7f3348e780f0>,80,14,[7 5],81,226,240,145,211
1,<environment.Job instance at 0x7f3348e78f50>,90,18,[9 5],91,289,307,198,289
1,<environment.Job instance at 0x7f3348e785f0>,94,17,[7 2],95,307,324,212,295
1,<environment.Job instance at 0x7f334919beb0>,0,2,[10  2],1,2,4,1,2
1,<environment.Job instance at 0x7f334914a820>,8,14,[ 2 10],9,26,40,17,26
1,<environment.Job instance at 0x7f334914ad70>,16,3,[8 1],17,40,43,23,28
1,<environment.Job instance at 0x7f334914acd0>,15,13,[ 1 10],16,43,56,27,31
1,<environment.Job instance at 0x7f334914af00>,20,13,[5 6],21,56,69,35,40
1,<environment.Job instance at 0x7f3349134d70>,27,3,[10  2],28,69,72,41,53
1,<environment.Job instance at 0x7f334914a870>,21,12,[5 5],22,72,84,50,61
1,<environment.Job instance at 0x7f334914af50>,19,15,[10  2],20,84,99,64,76
1,<environment.Job instance at 0x7f334913f0f0>,39,14,[5 7],40,99,113,59,84
1,<environment.Job instance at 0x7f334913f6e0>,43,14,[2 7],44,113,127,69,112
1,<environment.Job instance at 0x7f334913f910>,48,15,[8 5],49,127,142,78,120
1,<environment.Job instance at 0x7f3349134af0>,30,16,[10  2],31,142,158,111,131
1,<environment.Job instance at 0x7f334912e4b0>,62,18,[6 3],63,186,204,123,186
1,<environment.Job instance at 0x7f3348d25b90>,11,16,[6 5],12,13,29,1,13
1,<environment.Job instance at 0x7f3348d25be0>,12,1,[2 9],13,29,30,16,14
1,<environment.Job instance at 0x7f3348d25320>,14,1,[5 8],15,30,31,15,15
1,<environment.Job instance at 0x7f3348d254b0>,15,12,[2 9],16,31,43,15,18
1,<environment.Job instance at 0x7f3348cfa780>,22,3,[ 1 10],23,43,46,20,30
1,<environment.Job instance at 0x7f3348cfa0a0>,16,14,[3 9],17,46,60,29,35
1,<environment.Job instance at 0x7f3348cfadc0>,28,2,[5 7],29,60,62,31,42
1,<environment.Job instance at 0x7f3393e79780>,29,15,[7 1],30,62,77,32,50
1,<environment.Job instance at 0x7f3393e79050>,34,14,[7 1],35,77,91,42,62
1,<environment.Job instance at 0x7f3348cfaf00>,21,18,[8 4],22,91,109,69,80
1,<environment.Job instance at 0x7f33934ad5a0>,41,14,[5 8],42,109,123,67,95
1,<environment.Job instance at 0x7f33937beaa0>,47,3,[7 1],48,123,126,75,107
1,<environment.Job instance at 0x7f3348cfa280>,24,17,[3 9],25,123,140,98,115
1,<environment.Job instance at 0x7f338e8970a0>,55,3,[6 5],56,140,143,84,135
1,<environment.Job instance at 0x7f33937be230>,45,18,[7 5],46,143,161,97,135
1,<environment.Job instance at 0x7f3393268410>,62,15,[1 6],63,161,176,98,149
1,<environment.Job instance at 0x7f3393268cd0>,63,2,[5 5],64,176,178,112,149
1,<environment.Job instance at 0x7f334912ecd0>,3,18,[5 9],4,178,196,174,170
1,<environment.Job instance at 0x7f338ef6b050>,69,14,[10  1],70,196,210,126,184
1,<environment.Job instance at 0x7f338ef6b320>,70,15,[1 6],71,210,225,139,198
1,<environment.Job instance at 0x7f338ef6b4b0>,74,12,[8 4],75,210,222,135,202
1,<environment.Job instance at 0x7f338ef6bf00>,75,15,[7 4],76,222,237,146,208
1,<environment.Job instance at 0x7f338ef6bb40>,72,18,[5 5],73,237,255,164,226
1,<environment.Job instance at 0x7f3349012f00>,82,18,[5 1],83,237,255,154,236
1,<environment.Job instance at 0x7f3349012cd0>,84,12,[6 5],85,255,267,170,241
1,<environment.Job instance at 0x7f338e897d70>,48,17,[10  3],49,269,286,220,269
1,<environment.Job instance at 0x7f33490128c0>,95,1,[8 2],96,286,287,190,271
1,<environment.Job instance at 0x7f3348ec7050>,97,2,[8 4],98,287,289,189,272
1,<environment.Job instance at 0x7f3348ec7190>,98,1,[6 3],99,289,290,190,272
1,<environment.Job instance at 0x7f338ed00910>,0,3,[9 5],1,2,5,1,2
1,<environment.Job instance at 0x7f338ed00b40>,1,13,[1 7],2,5,18,3,4
1,<environment.Job instance at 0x7f3393819e60>,4,2,[4 6],5,18,20,13,5
1,<environment.Job instance at 0x7f33939ab410>,5,3,[8 5],6,20,23,14,6
1,<environment.Job instance at 0x7f33490f3cd0>,10,14,[6 4],11,23,37,12,11
1,<environment.Job instance at 0x7f338e956aa0>,19,14,[3 7],20,37,51,17,35
1,<environment.Job instance at 0x7f3349322320>,21,3,[5 5],22,51,54,29,38
1,<environment.Job instance at 0x7f338eed6f50>,22,13,[1 5],23,51,64,28,38
1,<environment.Job instance at 0x7f334931ed70>,25,3,[5 5],26,54,57,28,38
1,<environment.Job instance at 0x7f3348f33b40>,29,1,[ 2 10],30,64,65,34,43
1,<environment.Job instance at 0x7f338eed6320>,20,15,[9 4],21,65,80,44,51
1,<environment.Job instance at 0x7f338e7cda50>,34,15,[10  3],35,80,95,45,68
1,<environment.Job instance at 0x7f338e98caa0>,40,15,[4 5],41,95,110,54,86
1,<environment.Job instance at 0x7f338e98c410>,43,17,[8 5],44,110,127,66,98
1,<environment.Job instance at 0x7f33492dd500>,49,18,[7 3],50,199,217,149,199
1,<environment.Job instance at 0x7f338e7adaa0>,62,18,[5 9],63,237,255,174,237
1,<environment.Job instance at 0x7f338e7ad5a0>,67,17,[5 2],68,255,272,187,244
1,<environment.Job instance at 0x7f338e89c9b0>,69,15,[6 3],70,272,287,202,264
1,<environment.Job instance at 0x7f3349272aa0>,73,12,[6 2],74,287,299,213,278
1,<environment.Job instance at 0x7f3349272a00>,74,17,[9 5],75,299,316,224,297
1,<environment.Job instance at 0x7f338eb6fe10>,81,14,[4 6],82,318,332,236,318
1,<environment.Job instance at 0x7f338e816b40>,7,13,[8 2],8,11,24,3,11
1,<environment.Job instance at 0x7f338e816b90>,12,17,[1 6],13,18,35,5,18
1,<environment.Job instance at 0x7f338eca3820>,4,18,[4 7],5,35,53,30,25
1,<environment.Job instance at 0x7f338e806730>,19,18,[9 5],20,53,71,33,43
1,<environment.Job instance at 0x7f338e806aa0>,24,17,[6 5],25,71,88,46,70
1,<environment.Job instance at 0x7f338e806cd0>,27,16,[ 5 10],28,88,104,60,83
1,<environment.Job instance at 0x7f33933fea50>,4,17,[3 6],5,5,22,0,5
1,<environment.Job instance at 0x7f3349111aa0>,9,1,[5 6],10,22,23,12,10
1,<environment.Job instance at 0x7f3349111910>,10,13,[9 3],11,23,36,12,13
1,<environment.Job instance at 0x7f3393470aa0>,12,15,[3 8],13,36,51,23,23
1,<environment.Job instance at 0x7f33937e2f00>,23,17,[6 4],24,51,68,27,40
1,<environment.Job instance at 0x7f339342b8c0>,25,16,[1 6],26,53,69,27,53
1,<environment.Job instance at 0x7f338e806dc0>,3,17,[10  5],4,69,86,65,58
1,<environment.Job instance at 0x7f3348f62550>,20,16,[2 8],21,86,102,65,81
1,<environment.Job instance at 0x7f339372beb0>,37,1,[5 7],38,102,103,64,84
1,<environment.Job instance at 0x7f33932c9c80>,33,12,[4 9],34,103,115,69,90
1,<environment.Job instance at 0x7f3348d02280>,41,13,[ 3 10],42,115,128,73,103
1,<environment.Job instance at 0x7f3349038820>,43,13,[1 7],44,128,141,84,116
1,<environment.Job instance at 0x7f334903ab90>,46,16,[6 1],47,129,145,82,129
1,<environment.Job instance at 0x7f338ea28870>,51,15,[9 5],52,145,160,93,134
1,<environment.Job instance at 0x7f3348d020f0>,39,16,[ 3 10],40,160,176,120,148
1,<environment.Job instance at 0x7f338e7ba0a0>,57,12,[5 4],58,176,188,118,159
1,<environment.Job instance at 0x7f334921a690>,61,17,[3 7],62,188,205,126,184
1,<environment.Job instance at 0x7f334921a870>,64,14,[10  1],65,205,219,140,190
1,<environment.Job instance at 0x7f3349197f50>,71,15,[7 5],72,219,234,147,206
1,<environment.Job instance at 0x7f338ee39cd0>,3,14,[5 5],4,4,18,0,4
1,<environment.Job instance at 0x7f338ee5f4b0>,8,16,[1 6],9,18,34,9,9
1,<environment.Job instance at 0x7f3348d02f00>,12,3,[10  5],13,34,37,21,22
1,<environment.Job instance at 0x7f3349151a50>,13,15,[4 9],14,37,52,23,23
1,<environment.Job instance at 0x7f33937eb780>,15,12,[ 3 10],16,52,64,36,35
1,<environment.Job instance at 0x7f33490fa8c0>,18,12,[10  1],19,64,76,45,49
1,<environment.Job instance at 0x7f338e9bfe60>,21,2,[5 5],22,76,78,54,55
1,<environment.Job instance at 0x7f339349ea00>,25,12,[5 9],26,78,90,52,76
1,<environment.Job instance at 0x7f3348f90cd0>,26,12,[6 4],27,90,102,63,76
1,<environment.Job instance at 0x7f3348d5a140>,28,17,[1 6],29,90,107,61,78
1,<environment.Job instance at 0x7f3393414cd0>,32,15,[2 9],33,107,122,74,102
1,<environment.Job instance at 0x7f33492fc0f0>,47,17,[7 4],48,175,192,127,175
1,<environment.Job instance at 0x7f339323acd0>,64,12,[7 4],65,281,293,216,281
1,<environment.Job instance at 0x7f3348bb6690>,12,2,[8 2],13,13,15,0,13
1,<environment.Job instance at 0x7f3348bb6640>,8,15,[7 1],9,15,30,6,15
1,<environment.Job instance at 0x7f3348bb6e10>,16,12,[7 5],17,30,42,13,18
1,<environment.Job instance at 0x7f3348bb6eb0>,18,14,[6 3],19,42,56,23,27
1,<environment.Job instance at 0x7f3348baa050>,20,17,[8 4],21,56,73,35,44
1,<environment.Job instance at 0x7f3348bb6c80>,15,17,[10  3],16,73,90,57,62
1,<environment.Job instance at 0x7f3348baa2d0>,24,17,[8 5],25,90,107,65,79
1,<environment.Job instance at 0x7f3348baaaf0>,33,17,[6 4],34,107,124,73,97
1,<environment.Job instance at 0x7f3348baaf00>,37,14,[2 6],38,107,121,69,103
1,<environment.Job instance at 0x7f3348bc4410>,44,15,[8 1],45,124,139,79,110
1,<environment.Job instance at 0x7f3348bc45a0>,47,15,[3 9],48,139,154,91,128
1,<environment.Job instance at 0x7f3348bb6910>,11,18,[5 9],12,154,172,142,146
1,<environment.Job instance at 0x7f3348bc4690>,48,15,[ 4 10],49,172,187,123,171
1,<environment.Job instance at 0x7f3348bc4eb0>,60,14,[2 6],61,187,201,126,174
1,<environment.Job instance at 0x7f338e7da320>,64,16,[9 2],65,201,217,136,188
1,<environment.Job instance at 0x7f338e7daa00>,69,3,[2 9],70,217,220,147,202
1,<environment.Job instance at 0x7f338e7da910>,71,3,[2 9],72,220,223,148,202
1,<environment.Job instance at 0x7f338e7daa50>,72,3,[10  3],73,223,226,150,203
1,<environment.Job instance at 0x7f338e7dab90>,74,15,[3 5],75,226,241,151,213
1,<environment.Job instance at 0x7f338e7daaf0>,73,18,[4 5],74,226,244,152,215
1,<environment.Job instance at 0x7f338e7c5140>,81,16,[6 5],82,241,257,159,232
1,<environment.Job instance at 0x7f338e7c5550>,85,16,[6 5],86,257,273,171,249
1,<environment.Job instance at 0x7f338e7c5780>,86,12,[ 1 10],87,273,285,186,260
1,<environment.Job instance at 0x7f338e7c5230>,88,15,[1 8],89,285,300,196,276
1,<environment.Job instance at 0x7f338e7c5cd0>,95,3,[5 7],96,300,303,204,284
1,<environment.Job instance at 0x7f338e7c5e10>,98,14,[7 2],99,285,299,186,285
1,<environment.Job instance at 0x7f338ee053c0>,1,14,[6 1],2,3,17,1,3
1,<environment.Job instance at 0x7f338eb50f50>,5,3,[10  2],6,17,20,11,7
1,<environment.Job instance at 0x7f338eb505f0>,6,14,[7 5],7,20,34,13,11
1,<environment.Job instance at 0x7f338ef37af0>,14,16,[7 5],15,34,50,19,28
1,<environment.Job instance at 0x7f3348bd1140>,19,2,[10  3],20,50,52,30,29
1,<environment.Job instance at 0x7f3348bd1960>,21,13,[9 1],22,52,65,30,39
1,<environment.Job instance at 0x7f338ef37e10>,10,18,[5 5],11,65,83,54,55
1,<environment.Job instance at 0x7f33493eabe0>,33,3,[9 5],34,83,86,49,57
1,<environment.Job instance at 0x7f33493ea820>,35,14,[6 3],36,86,100,50,71
1,<environment.Job instance at 0x7f334913e3c0>,41,14,[1 5],42,75,89,33,75
1,<environment.Job instance at 0x7f33491c89b0>,45,12,[8 3],46,100,112,54,90
1,<environment.Job instance at 0x7f33491c85f0>,48,14,[9 5],49,112,126,63,99
1,<environment.Job instance at 0x7f3349366730>,51,15,[7 3],52,126,141,74,113
1,<environment.Job instance at 0x7f3348d0f230>,56,13,[5 9],57,141,154,84,125
1,<environment.Job instance at 0x7f3348d0f4b0>,61,14,[8 4],62,168,182,106,168
1,<environment.Job instance at 0x7f338ee2e460>,68,19,[2 7],69,182,201,113,172
1,<environment.Job instance at 0x7f338e8bb5f0>,75,13,[5 5],76,201,214,125,187
1,<environment.Job instance at 0x7f338e8bb0a0>,78,17,[7 5],79,214,231,135,203
1,<environment.Job instance at 0x7f334927d690>,81,16,[2 5],82,207,223,125,207
1,<environment.Job instance at 0x7f334927df50>,83,16,[1 5],84,223,239,139,217
1,<environment.Job instance at 0x7f339366b690>,89,16,[5 6],90,239,255,149,235
1,<environment.Job instance at 0x7f33493dc410>,92,3,[1 7],93,255,258,162,237
1,<environment.Job instance at 0x7f33493dcb90>,93,13,[9 3],94,255,268,161,240
1,<environment.Job instance at 0x7f33492a37d0>,96,14,[5 4],97,268,282,171,253
1,<environment.Job instance at 0x7f33492a3410>,2,3,[6 1],3,3,6,0,3
1,<environment.Job instance at 0x7f338e89ff50>,1,2,[7 1],2,6,8,4,6
1,<environment.Job instance at 0x7f33492bf6e0>,6,1,[6 4],7,8,9,1,7
1,<environment.Job instance at 0x7f33492bf140>,7,2,[3 8],8,9,11,1,9
1,<environment.Job instance at 0x7f33492bf320>,10,16,[4 8],11,24,40,13,24
1,<environment.Job instance at 0x7f33492bf870>,17,12,[9 2],18,40,52,22,25
1,<environment.Job instance at 0x7f33492bf1e0>,18,3,[5 8],19,52,55,33,26
1,<environment.Job instance at 0x7f33492bf460>,21,12,[8 2],22,55,67,33,38
1,<environment.Job instance at 0x7f33934f42d0>,24,15,[4 7],25,67,82,42,53
1,<environment.Job instance at 0x7f33934f4a50>,30,12,[ 5 10],31,82,94,51,66
1,<environment.Job instance at 0x7f33934f4780>,32,15,[1 6],33,94,109,61,81
1,<environment.Job instance at 0x7f33934f48c0>,35,12,[5 2],36,94,106,58,89
1,<environment.Job instance at 0x7f33934f4e60>,36,18,[7 1],37,106,124,69,95
1,<environment.Job instance at 0x7f33490d1c80>,42,13,[1 9],43,115,128,72,115
1,<environment.Job instance at 0x7f33490d1eb0>,44,14,[2 7],45,128,142,83,117
1,<environment.Job instance at 0x7f33936ce6e0>,48,16,[5 1],49,132,148,83,132
1,<environment.Job instance at 0x7f33936cea50>,50,17,[4 7],51,142,159,91,132
1,<environment.Job instance at 0x7f33936cea00>,51,14,[3 5],52,159,173,107,144
1,<environment.Job instance at 0x7f33936ce820>,53,12,[4 5],54,159,171,105,146
1,<environment.Job instance at 0x7f338eb08c80>,60,18,[3 6],61,173,191,112,164
1,<environment.Job instance at 0x7f338eb083c0>,63,13,[6 4],64,171,184,107,169
1,<environment.Job instance at 0x7f338eb089b0>,64,12,[10  3],65,191,203,126,174
1,<environment.Job instance at 0x7f338ea7ec80>,69,12,[4 8],70,203,215,133,186
1,<environment.Job instance at 0x7f338ea7e410>,72,12,[1 7],73,215,227,142,200
1,<environment.Job instance at 0x7f338ea7e640>,74,17,[10  5],75,227,244,152,216
1,<environment.Job instance at 0x7f338eae0550>,88,12,[6 1],89,261,273,172,261
1,<environment.Job instance at 0x7f338eae00f0>,90,15,[6 2],91,273,288,182,261
1,<environment.Job instance at 0x7f3349079190>,97,14,[ 5 10],98,311,325,213,311
1,<environment.Job instance at 0x7f338ea4a320>,0,2,[5 4],1,3,5,2,3
1,<environment.Job instance at 0x7f338ea9fe10>,7,2,[2 6],8,10,12,2,10
1,<environment.Job instance at 0x7f338eaad0f0>,9,3,[7 2],10,10,13,0,10
1,<environment.Job instance at 0x7f338ea4a410>,4,16,[7 3],5,14,30,9,14
1,<environment.Job instance at 0x7f338eaadbe0>,12,14,[6 1],13,30,44,17,16
1,<environment.Job instance at 0x7f338ea9efa0>,16,3,[10  1],17,44,47,27,35
1,<environment.Job instance at 0x7f338ea9e230>,17,15,[7 2],18,47,62,29,39
1,<environment.Job instance at 0x7f3348fbfbe0>,25,16,[2 7],26,47,63,21,43
1,<environment.Job instance at 0x7f338eaafa00>,21,18,[4 9],22,63,81,41,55
1,<environment.Job instance at 0x7f338e91c4b0>,32,15,[ 2 10],33,87,102,54,87
1,<environment.Job instance at 0x7f3393871910>,28,18,[8 3],29,102,120,73,92
1,<environment.Job instance at 0x7f3393466f00>,1,2,[1 8],2,3,5,1,3
1,<environment.Job instance at 0x7f3393466820>,2,18,[5 6],3,5,23,2,4
1,<environment.Job instance at 0x7f339347b780>,9,2,[2 5],10,23,25,13,10
1,<environment.Job instance at 0x7f33934626e0>,5,17,[3 9],6,25,42,19,16
1,<environment.Job instance at 0x7f3393820050>,20,14,[ 3 10],21,42,56,21,29
1,<environment.Job instance at 0x7f338e9251e0>,24,15,[3 7],25,56,71,31,43
1,<environment.Job instance at 0x7f33492132d0>,30,15,[1 6],31,71,86,40,58
1,<environment.Job instance at 0x7f33492133c0>,36,13,[4 5],37,86,99,49,72
1,<environment.Job instance at 0x7f3348da8320>,47,13,[5 5],48,86,99,38,83
1,<environment.Job instance at 0x7f3348ac4960>,6,16,[5 2],7,22,38,15,22
1,<environment.Job instance at 0x7f3348ac4230>,15,14,[2 9],16,38,52,22,27
1,<environment.Job instance at 0x7f3348fcc370>,17,12,[ 3 10],18,52,64,34,35
1,<environment.Job instance at 0x7f3348ac4c30>,12,15,[ 3 10],13,64,79,51,51
1,<environment.Job instance at 0x7f3393355730>,27,17,[1 7],28,79,96,51,67
1,<environment.Job instance at 0x7f3393355f00>,34,13,[2 5],35,96,109,61,84
1,<environment.Job instance at 0x7f3393355500>,32,17,[8 1],33,86,103,53,86
1,<environment.Job instance at 0x7f3393355d70>,35,17,[1 8],36,109,126,73,97
1,<environment.Job instance at 0x7f33933553c0>,39,3,[3 5],40,103,106,63,97
1,<environment.Job instance at 0x7f3348ade050>,44,13,[2 8],45,126,139,81,117
1,<environment.Job instance at 0x7f3348ade550>,49,15,[8 4],50,139,154,89,128
1,<environment.Job instance at 0x7f3348adb960>,61,12,[7 4],62,154,166,92,139
1,<environment.Job instance at 0x7f3348ac4d70>,3,18,[10  5],4,166,184,162,165
1,<environment.Job instance at 0x7f3348adb7d0>,67,16,[3 5],68,184,200,116,171
1,<environment.Job instance at 0x7f3348adbaf0>,71,12,[7 5],72,184,196,112,180
1,<environment.Job instance at 0x7f3348adb690>,73,13,[10  3],74,200,213,126,185
1,<environment.Job instance at 0x7f3348adb1e0>,74,17,[5 6],75,213,230,138,203
1,<environment.Job instance at 0x7f3348ad8b40>,83,3,[5 6],84,230,233,146,214
1,<environment.Job instance at 0x7f3348ad8320>,87,14,[9 3],88,233,247,145,226
1,<environment.Job instance at 0x7f3348ad8aa0>,89,15,[8 4],90,247,262,157,233
1,<environment.Job instance at 0x7f3348ad82d0>,92,16,[6 3],93,262,278,169,250
1,<environment.Job instance at 0x7f338e88b960>,0,2,[4 6],1,1,3,0,1
1,<environment.Job instance at 0x7f3393323e60>,7,1,[3 5],8,18,19,10,18
1,<environment.Job instance at 0x7f3393323c80>,9,2,[2 5],10,18,20,8,18
1,<environment.Job instance at 0x7f3348ac49b0>,12,3,[6 2],13,19,22,6,18
1,<environment.Job instance at 0x7f3348d76410>,14,2,[1 7],15,20,22,5,19
1,<environment.Job instance at 0x7f3393303dc0>,17,3,[9 2],18,22,25,4,19
1,<environment.Job instance at 0x7f3393303fa0>,18,1,[1 6],19,22,23,3,19
1,<environment.Job instance at 0x7f3348ac4910>,11,17,[6 5],12,25,42,13,20
1,<environment.Job instance at 0x7f3348c06a00>,28,16,[1 8],29,42,58,13,34
1,<environment.Job instance at 0x7f3393320d20>,30,3,[8 4],31,58,61,27,34
1,<environment.Job instance at 0x7f338e82b370>,32,3,[9 3],33,61,64,28,42
1,<environment.Job instance at 0x7f3348bd87d0>,31,13,[5 5],32,64,77,32,49
1,<environment.Job instance at 0x7f3348b7c140>,40,13,[8 3],41,77,90,36,61
1,<environment.Job instance at 0x7f338ebf14b0>,43,1,[7 3],44,90,91,46,73
1,<environment.Job instance at 0x7f338e862b90>,44,3,[3 7],45,90,93,45,73
1,<environment.Job instance at 0x7f3348c5c320>,49,15,[6 1],50,94,109,44,94
1,<environment.Job instance at 0x7f3348c5c3c0>,50,17,[2 8],51,94,111,43,94
1,<environment.Job instance at 0x7f3348c5c190>,53,13,[5 1],54,109,122,55,96
1,<environment.Job instance at 0x7f3348c840f0>,56,12,[1 9],57,112,124,55,112
1,<environment.Job instance at 0x7f3348c84a50>,57,18,[7 1],58,122,140,64,113
1,<environment.Job instance at 0x7f3348c84910>,59,15,[9 3],60,140,155,80,126
1,<environment.Job instance at 0x7f338ef6f140>,68,12,[ 3 10],69,155,167,86,146
1,<environment.Job instance at 0x7f338ef4a6e0>,71,12,[1 7],72,167,179,95,151
1,<environment.Job instance at 0x7f3348c75460>,74,2,[ 4 10],75,179,181,104,165
1,<environment.Job instance at 0x7f3348c75550>,81,16,[ 2 10],82,203,219,121,203
1,<environment.Job instance at 0x7f3348c647d0>,87,15,[1 7],88,219,234,131,217
1,<environment.Job instance at 0x7f3348c64d70>,88,18,[5 6],89,234,252,145,227
1,<environment.Job instance at 0x7f338ef3c640>,95,16,[10  2],96,269,285,173,269
1,<environment.Job instance at 0x7f338ef3caa0>,2,1,[9 4],3,4,5,1,4
1,<environment.Job instance at 0x7f338e906870>,8,14,[7 5],9,13,27,4,13
1,<environment.Job instance at 0x7f33493137d0>,13,2,[9 4],14,27,29,13,15
1,<environment.Job instance at 0x7f339373ce10>,16,14,[3 9],17,29,43,12,17
1,<environment.Job instance at 0x7f338e8125a0>,20,14,[5 5],21,43,57,22,29
1,<environment.Job instance at 0x7f3349110320>,26,12,[9 1],27,57,69,30,44
1,<environment.Job instance at 0x7f338ee2ecd0>,28,14,[7 3],29,69,83,40,56
1,<environment.Job instance at 0x7f33490ab550>,6,18,[3 5],7,74,92,67,74
1,<environment.Job instance at 0x7f33491024b0>,39,15,[5 3],40,93,108,53,93
1,<environment.Job instance at 0x7f3349102e60>,42,18,[9 5],43,108,126,65,97
1,<environment.Job instance at 0x7f339366be60>,21,17,[2 9],22,126,143,104,118
1,<environment.Job instance at 0x7f3348fcdd70>,51,16,[8 5],52,143,159,91,132
1,<environment.Job instance at 0x7f33492f6410>,57,3,[9 3],58,212,215,154,212
1,<environment.Job instance at 0x7f3348a74320>,1,17,[3 6],2,2,19,0,2
1,<environment.Job instance at 0x7f338ea4a190>,10,16,[5 4],11,21,37,10,21
1,<environment.Job instance at 0x7f338ea4a4b0>,17,1,[6 2],18,37,38,19,21
1,<environment.Job instance at 0x7f338ea4a5a0>,18,3,[1 7],19,37,40,18,21
1,<environment.Job instance at 0x7f338ea4af00>,16,17,[3 7],17,40,57,23,28
1,<environment.Job instance at 0x7f338ea4a460>,14,17,[6 1],15,44,61,29,44
1,<environment.Job instance at 0x7f3348e5faa0>,29,13,[6 1],30,61,74,31,46
1,<environment.Job instance at 0x7f33492c55a0>,31,17,[6 1],32,74,91,42,62
1,<environment.Job instance at 0x7f33492c53c0>,33,15,[5 8],34,91,106,57,77
1,<environment.Job instance at 0x7f3348a74eb0>,0,17,[4 8],1,106,123,105,102
1,<environment.Job instance at 0x7f3348b600f0>,48,18,[5 5],49,130,148,81,130
1,<environment.Job instance at 0x7f3348ab6870>,55,2,[8 2],56,148,150,92,132
1,<environment.Job instance at 0x7f3348ab6640>,57,3,[9 4],58,150,153,92,134
1,<environment.Job instance at 0x7f3348ab6050>,58,14,[9 3],59,153,167,94,139
1,<environment.Job instance at 0x7f3348e5f0f0>,21,17,[ 4 10],22,167,184,145,157
1,<environment.Job instance at 0x7f3348ab6280>,68,12,[3 8],69,184,196,115,168
1,<environment.Job instance at 0x7f3348af2640>,70,13,[8 2],71,196,209,125,183
1,<environment.Job instance at 0x7f3348af20a0>,72,13,[1 7],73,196,209,123,183
1,<environment.Job instance at 0x7f3348af2b40>,73,15,[3 5],74,209,224,135,196
1,<environment.Job instance at 0x7f3348af2370>,79,13,[3 6],80,224,237,144,208
1,<environment.Job instance at 0x7f3348a14550>,85,17,[5 8],86,237,254,151,225
1,<environment.Job instance at 0x7f3348a14370>,91,12,[9 4],92,254,266,162,238
1,<environment.Job instance at 0x7f3348a14410>,94,13,[6 5],95,266,279,171,250
1,<environment.Job instance at 0x7f338edf7410>,6,15,[6 4],7,7,22,0,7
1,<environment.Job instance at 0x7f338edf71e0>,2,15,[4 9],3,22,37,19,16
1,<environment.Job instance at 0x7f338ee320f0>,17,2,[10  5],18,37,39,19,18
1,<environment.Job instance at 0x7f338ee13140>,18,3,[10  4],19,39,42,20,19
1,<environment.Job instance at 0x7f338ee130a0>,19,14,[5 9],20,42,56,22,29
1,<environment.Job instance at 0x7f338ee13460>,22,18,[10  3],23,56,74,33,45
1,<environment.Job instance at 0x7f338ee29af0>,33,17,[7 2],34,74,91,40,64
1,<environment.Job instance at 0x7f338ee134b0>,27,18,[3 8],28,74,92,46,69
1,<environment.Job instance at 0x7f338ee29050>,40,1,[ 5 10],41,92,93,51,69
1,<environment.Job instance at 0x7f338ee10820>,43,17,[10  3],44,93,110,49,85
1,<environment.Job instance at 0x7f338ee10780>,45,16,[7 4],46,110,126,64,97
1,<environment.Job instance at 0x7f338ee10640>,42,18,[1 6],43,110,128,67,100
1,<environment.Job instance at 0x7f338ee32320>,9,16,[ 1 10],10,128,144,118,128
1,<environment.Job instance at 0x7f338ee0f460>,61,12,[10  1],62,144,156,82,135
1,<environment.Job instance at 0x7f338ee06870>,66,3,[1 5],67,156,159,89,135
1,<environment.Job instance at 0x7f338ee06c80>,68,15,[5 4],69,156,171,87,143
1,<environment.Job instance at 0x7f338ee06d20>,67,18,[4 5],68,159,177,91,148
1,<environment.Job instance at 0x7f338ee05af0>,71,15,[4 9],72,177,192,105,168
1,<environment.Job instance at 0x7f338ee05b40>,74,17,[3 6],75,192,209,117,180
1,<environment.Job instance at 0x7f338ee05d20>,78,12,[4 8],79,209,221,130,192
1,<environment.Job instance at 0x7f338ee053c0>,80,16,[10  3],81,221,237,140,208
1,<environment.Job instance at 0x7f338ee22dc0>,89,13,[4 9],90,237,250,147,229
1,<environment.Job instance at 0x7f77d58ba2d0>,3,3,[4 8],4,4,7,0,4
1,<environment.Job instance at 0x7f77dccca140>,5,2,[1 5],6,7,9,1,6
1,<environment.Job instance at 0x7f77d58ba230>,4,14,[1 6],5,9,23,4,6
1,<environment.Job instance at 0x7f77d58ba460>,6,20,[6 1],7,7,27,0,7
1,<environment.Job instance at 0x7f77d58ba6e0>,7,1,[5 4],8,27,28,19,8
1,<environment.Job instance at 0x7f77d58ba780>,10,12,[3 7],11,28,40,17,11
1,<environment.Job instance at 0x7f77d58ba8c0>,14,13,[7 3],15,28,41,13,15
1,<environment.Job instance at 0x7f77d58baf00>,19,14,[3 5],20,40,54,20,25
1,<environment.Job instance at 0x7f77d58bda00>,25,12,[ 5 10],26,54,66,28,43
1,<environment.Job instance at 0x7f77d58bdaa0>,27,15,[8 4],28,66,81,38,52
1,<environment.Job instance at 0x7f77d58bdd20>,31,14,[2 5],32,66,80,34,55
1,<environment.Job instance at 0x7f77d58bddc0>,32,3,[5 1],33,81,84,48,55
1,<environment.Job instance at 0x7f77d58bdf50>,35,15,[9 5],36,84,99,48,70
1,<environment.Job instance at 0x7f77d58bf410>,43,18,[5 5],44,99,117,55,88
1,<environment.Job instance at 0x7f77d58babe0>,13,18,[ 4 10],14,117,135,103,109
1,<environment.Job instance at 0x7f77d58bfc30>,49,16,[2 5],50,135,151,85,122
1,<environment.Job instance at 0x7f77d58bfaf0>,53,17,[5 7],54,151,168,97,142
1,<environment.Job instance at 0x7f77d5976fa0>,0,3,[6 5],1,2,5,1,2
1,<environment.Job instance at 0x7f77d58bfaf0>,2,2,[6 2],3,5,7,2,3
1,<environment.Job instance at 0x7f77d58c8f00>,3,15,[6 1],4,7,22,3,4
1,<environment.Job instance at 0x7f77d58c8780>,5,16,[7 5],6,29,45,23,29
1,<environment.Job instance at 0x7f7791cbd9b0>,20,15,[8 3],21,64,79,43,64
1,<environment.Job instance at 0x7f7791cbdcd0>,25,14,[ 2 10],26,79,93,53,68
1,<environment.Job instance at 0x7f7791cbd2d0>,26,1,[9 3],27,93,94,66,88
1,<environment.Job instance at 0x7f7791cbd230>,23,16,[ 3 10],24,109,125,85,109
1,<environment.Job instance at 0x7f7791cbab40>,36,17,[1 7],37,125,142,88,115
1,<environment.Job instance at 0x7f7791cbbaf0>,41,15,[10  4],42,142,157,100,132
1,<environment.Job instance at 0x7f7791cbbc30>,44,14,[8 4],45,157,171,112,143
1,<environment.Job instance at 0x7f7791cbbf50>,51,15,[1 7],52,171,186,119,157
1,<environment.Job instance at 0x7f7791b09230>,8,15,[7 5],9,10,25,1,10
1,<environment.Job instance at 0x7f77d566e3c0>,9,13,[6 3],10,25,38,15,11
1,<environment.Job instance at 0x7f7791ba40f0>,7,16,[9 2],8,38,54,30,27
1,<environment.Job instance at 0x7f7791be85f0>,17,3,[1 6],18,27,30,9,27
1,<environment.Job instance at 0x7f77d5690e60>,22,2,[9 3],23,56,58,33,56
1,<environment.Job instance at 0x7f7791ba4140>,0,18,[4 5],1,58,76,57,56
1,<environment.Job instance at 0x7f77d5dc7870>,21,2,[9 5],22,76,78,54,67
1,<environment.Job instance at 0x7f77d574caa0>,26,16,[7 4],27,78,94,51,67
1,<environment.Job instance at 0x7f7791b19730>,34,14,[5 5],35,97,111,62,97
1,<environment.Job instance at 0x7f7791b196e0>,36,3,[9 1],37,111,114,74,108
1,<environment.Job instance at 0x7f7791b19410>,37,17,[5 2],38,114,131,76,108
1,<environment.Job instance at 0x7f7791b19500>,43,2,[4 7],44,114,116,70,110
1,<environment.Job instance at 0x7f7791bf5730>,33,12,[9 1],34,131,143,97,114
1,<environment.Job instance at 0x7f7791b19690>,45,2,[1 5],46,116,118,70,114
1,<environment.Job instance at 0x7f7791b19280>,47,13,[9 2],48,143,156,95,129
1,<environment.Job instance at 0x7f7791e0f5f0>,54,2,[8 5],55,156,158,101,140
1,<environment.Job instance at 0x7f7791b32460>,58,13,[5 1],59,162,175,103,162
1,<environment.Job instance at 0x7f77d5629820>,50,17,[2 6],51,167,184,116,167
1,<environment.Job instance at 0x7f7791b320f0>,57,18,[5 9],58,184,202,126,173
1,<environment.Job instance at 0x7f77d574b0a0>,70,18,[6 1],71,203,221,132,203
1,<environment.Job instance at 0x7f77d571c820>,74,2,[7 4],75,221,223,146,206
1,<environment.Job instance at 0x7f77d5717500>,80,15,[8 2],81,267,282,186,267
1,<environment.Job instance at 0x7f7791b7d910>,85,13,[6 4],86,282,295,196,275
1,<environment.Job instance at 0x7f7791b7d460>,91,14,[8 2],92,332,346,240,332
1,<environment.Job instance at 0x7f7791b7d820>,94,15,[5 1],95,346,361,251,332
1,<environment.Job instance at 0x7f77d843d7d0>,9,13,[4 6],10,44,57,34,44
1,<environment.Job instance at 0x7f77d5ca58c0>,14,14,[1 5],15,57,71,42,46
1,<environment.Job instance at 0x7f77d5ac50a0>,19,16,[5 4],20,52,68,32,52
1,<environment.Job instance at 0x7f77d5946e10>,20,14,[8 3],21,68,82,47,55
1,<environment.Job instance at 0x7f77d5ab8af0>,24,18,[3 6],25,82,100,57,79
1,<environment.Job instance at 0x7f77d57140a0>,27,16,[9 4],28,100,116,72,87
1,<environment.Job instance at 0x7f77d590ba00>,32,12,[3 8],33,116,128,83,107
1,<environment.Job instance at 0x7f77d5b8daa0>,42,3,[10  4],43,135,138,92,135
1,<environment.Job instance at 0x7f77d5b8d730>,45,13,[5 5],46,138,151,92,136
1,<environment.Job instance at 0x7f77d5be4dc0>,50,14,[7 5],51,151,165,100,142
1,<environment.Job instance at 0x7f77d843d230>,11,17,[10  3],12,165,182,153,156
1,<environment.Job instance at 0x7f77d589e9b0>,58,14,[7 5],59,182,196,123,168
1,<environment.Job instance at 0x7f77d591d0a0>,64,17,[7 2],65,196,213,131,185
1,<environment.Job instance at 0x7f77d58b3c30>,67,15,[2 9],68,213,228,145,202
1,<environment.Job instance at 0x7f77d58b3550>,69,17,[8 1],70,213,230,143,206
1,<environment.Job instance at 0x7f77d593a5a0>,79,17,[9 1],80,232,249,152,232
1,<environment.Job instance at 0x7f77d593a460>,80,18,[3 5],81,249,267,168,239
1,<environment.Job instance at 0x7f77d59d9780>,88,14,[4 6],89,267,281,178,260
1,<environment.Job instance at 0x7f77d59d98c0>,90,13,[5 6],91,281,294,190,269
1,<environment.Job instance at 0x7f77d59d9460>,95,14,[7 4],96,294,308,198,291
1,<environment.Job instance at 0x7f77d58f3140>,100,16,[10  2],101,308,324,207,299
1,<environment.Job instance at 0x7f77d58f3f50>,106,3,[ 3 10],107,324,327,217,316
1,<environment.Job instance at 0x7f77d58f3460>,107,2,[10  4],108,327,329,219,317
1,<environment.Job instance at 0x7f77d58f3eb0>,108,16,[6 3],109,329,345,220,317
1,<environment.Job instance at 0x7f7791fba5f0>,1,14,[1 5],2,2,16,0,2
1,<environment.Job instance at 0x7f7791f66eb0>,8,15,[8 5],9,11,26,2,11
1,<environment.Job instance at 0x7f77d58f3eb0>,3,14,[2 7],4,26,40,22,11
1,<environment.Job instance at 0x7f77d573b730>,20,12,[8 5],21,51,63,30,51
1,<environment.Job instance at 0x7f77d57360a0>,23,2,[9 1],24,63,65,39,51
1,<environment.Job instance at 0x7f7791f69730>,24,2,[1 8],25,63,65,38,51
1,<environment.Job instance at 0x7f77d573bd70>,25,16,[6 3],26,65,81,39,53
1,<environment.Job instance at 0x7f77d573d500>,31,3,[ 4 10],32,83,86,51,83
1,<environment.Job instance at 0x7f77d573d8c0>,34,17,[8 5],35,90,107,55,90
1,<environment.Job instance at 0x7f77d5741460>,41,13,[5 5],42,823,836,781,823
1,<environment.Job instance at 0x7f77d56aa690>,0,1,[6 3],1,4,5,3,4
1,<environment.Job instance at 0x7f77dca50370>,4,2,[2 5],5,5,7,0,5
1,<environment.Job instance at 0x7f77dca50a00>,7,13,[7 3],8,8,21,0,8
1,<environment.Job instance at 0x7f77d59d28c0>,11,1,[8 5],12,21,22,9,12
1,<environment.Job instance at 0x7f77921bbc80>,12,15,[1 6],13,22,37,9,13
1,<environment.Job instance at 0x7f77921bbb90>,15,17,[7 1],16,22,39,6,21
1,<environment.Job instance at 0x7f77d59d25a0>,10,14,[3 6],11,37,51,26,23
1,<environment.Job instance at 0x7f77921bb140>,20,15,[1 6],21,51,66,30,39
1,<environment.Job instance at 0x7f77dca50960>,9,15,[ 1 10],10,66,81,56,53
1,<environment.Job instance at 0x7f77921bb8c0>,24,12,[8 4],25,53,65,28,53
1,<environment.Job instance at 0x7f77d5c2d7d0>,27,14,[6 2],28,81,95,53,70
1,<environment.Job instance at 0x7f77921bb960>,25,15,[7 4],26,95,110,69,81
1,<environment.Job instance at 0x7f77921bb820>,19,14,[10  1],20,110,124,90,95
1,<environment.Job instance at 0x7f77d5c2d3c0>,34,12,[6 5],35,124,136,89,118
1,<environment.Job instance at 0x7f77d831c870>,53,1,[6 2],54,147,148,93,147
1,<environment.Job instance at 0x7f77d5842a00>,56,12,[7 1],57,148,160,91,148
1,<environment.Job instance at 0x7f77d5c2dd70>,37,12,[ 4 10],38,160,172,122,149
1,<environment.Job instance at 0x7f77d5842410>,60,14,[6 4],61,172,186,111,157
1,<environment.Job instance at 0x7f77d5842c80>,68,17,[5 5],69,186,203,117,174
1,<environment.Job instance at 0x7f77d5842550>,70,15,[9 4],71,203,218,132,189
1,<environment.Job instance at 0x7f7791fb9640>,3,16,[6 5],4,5,21,1,5
1,<environment.Job instance at 0x7f77d5bcf640>,6,1,[2 6],7,21,22,14,7
1,<environment.Job instance at 0x7f77d5631a50>,9,15,[6 3],10,21,36,11,10
1,<environment.Job instance at 0x7f77d81aac30>,15,16,[5 3],16,36,52,20,23
1,<environment.Job instance at 0x7f77d58275f0>,19,13,[3 6],20,28,41,8,28
1,<environment.Job instance at 0x7f77d5c92cd0>,21,14,[4 6],22,41,55,19,30
1,<environment.Job instance at 0x7f77d592f050>,14,17,[9 5],15,55,72,40,44
1,<environment.Job instance at 0x7f77d57adeb0>,30,3,[2 7],31,72,75,41,50
1,<environment.Job instance at 0x7f77d57ad550>,32,14,[3 9],33,75,89,42,62
1,<environment.Job instance at 0x7f77d57ad190>,34,14,[7 4],35,89,103,54,79
1,<environment.Job instance at 0x7f7791fc0780>,8,18,[1 9],9,103,121,94,92
1,<environment.Job instance at 0x7f77d57add20>,37,18,[3 6],38,121,139,83,114
1,<environment.Job instance at 0x7f77d7fa7cd0>,45,12,[5 6],46,139,151,93,123
1,<environment.Job instance at 0x7f77d7fa7230>,47,13,[8 2],48,151,164,103,140
1,<environment.Job instance at 0x7f77d59710f0>,2,18,[9 4],3,3,21,0,3
1,<environment.Job instance at 0x7f77d83f9690>,12,3,[5 2],13,25,28,12,25
1,<environment.Job instance at 0x7f77d83f9410>,8,17,[5 7],9,25,42,16,25
1,<environment.Job instance at 0x7f77d83f9870>,14,15,[ 2 10],15,42,57,27,28
1,<environment.Job instance at 0x7f77d83f9b90>,21,13,[2 8],22,57,70,35,41
1,<environment.Job instance at 0x7f77d83ef0f0>,25,17,[7 4],26,70,87,44,58
1,<environment.Job instance at 0x7f77d83ef550>,27,14,[5 5],28,87,101,59,73
1,<environment.Job instance at 0x7f77d83ef230>,29,12,[5 7],30,101,113,71,84
1,<environment.Job instance at 0x7f77d83ef780>,34,17,[3 6],35,113,130,78,101
1,<environment.Job instance at 0x7f77d83efb40>,37,16,[1 5],38,130,146,92,117
1,<environment.Job instance at 0x7f77d83eff00>,40,13,[9 3],41,130,143,89,118
1,<environment.Job instance at 0x7f77d83ef960>,33,17,[10  5],34,146,163,112,137
1,<environment.Job instance at 0x7f77d83f1550>,45,15,[9 1],46,163,178,117,152
1,<environment.Job instance at 0x7f77d83f19b0>,52,17,[1 7],53,167,184,114,167
1,<environment.Job instance at 0x7f77d83f1820>,53,17,[6 4],54,184,201,130,172
1,<environment.Job instance at 0x7f77d83f1b90>,55,16,[1 6],56,191,207,135,191
1,<environment.Job instance at 0x7f77d83f9fa0>,23,18,[ 5 10],24,207,225,183,197
1,<environment.Job instance at 0x7f77d83dd2d0>,63,12,[4 9],64,225,237,161,216
1,<environment.Job instance at 0x7f77d83dd550>,67,1,[5 7],68,237,238,169,218
1,<environment.Job instance at 0x7f77d83dd0f0>,68,16,[2 7],69,238,254,169,226
1,<environment.Job instance at 0x7f77d83dd7d0>,71,13,[ 3 10],72,254,267,182,238
1,<environment.Job instance at 0x7f77d83dd9b0>,73,13,[1 7],74,267,280,193,255
1,<environment.Job instance at 0x7f77d83ddaa0>,76,16,[6 1],77,267,283,190,255
1,<environment.Job instance at 0x7f77d83dddc0>,81,15,[9 5],82,283,298,201,269
1,<environment.Job instance at 0x7f77920aae10>,3,18,[ 4 10],4,298,316,294,289
1,<environment.Job instance at 0x7f77d83e4320>,88,14,[8 1],89,316,330,227,301
1,<environment.Job instance at 0x7f77d83e4870>,90,18,[5 8],91,330,348,239,319
1,<environment.Job instance at 0x7f77d83e4a00>,94,14,[10  1],95,348,362,253,333
1,<environment.Job instance at 0x7f77d83e4dc0>,100,15,[4 9],101,362,377,261,348
1,<environment.Job instance at 0x7f77dcd18a50>,0,15,[9 1],1,3,18,2,3
1,<environment.Job instance at 0x7f77d83e4820>,2,13,[6 5],3,18,31,15,5
1,<environment.Job instance at 0x7f77d7fa7c30>,9,1,[9 4],10,31,32,21,12
1,<environment.Job instance at 0x7f77d7f9a460>,5,13,[4 7],6,32,45,26,16
1,<environment.Job instance at 0x7f7792160aa0>,17,15,[ 1 10],18,45,60,27,33
1,<environment.Job instance at 0x7f77921810a0>,23,14,[5 5],24,60,74,36,45
1,<environment.Job instance at 0x7f77d5962370>,26,13,[3 7],27,74,87,47,60
1,<environment.Job instance at 0x7f7791d4c4b0>,33,15,[4 9],34,87,102,53,86
1,<environment.Job instance at 0x7f7791d4c1e0>,35,12,[ 3 10],36,102,114,66,98
1,<environment.Job instance at 0x7f7791b64910>,36,12,[9 4],37,114,126,77,98
1,<environment.Job instance at 0x7f7791cee370>,21,18,[3 7],22,126,144,104,125
1,<environment.Job instance at 0x7f779213c3c0>,46,12,[6 4],47,144,156,97,138
1,<environment.Job instance at 0x7f77d5b0f370>,47,17,[8 2],48,156,173,108,148
1,<environment.Job instance at 0x7f77d8229870>,52,15,[2 9],53,173,188,120,159
1,<environment.Job instance at 0x7f7791c61be0>,68,15,[8 3],69,261,276,192,261
1,<environment.Job instance at 0x7f77d7f164b0>,75,17,[ 2 10],76,411,428,335,411
1,<environment.Job instance at 0x7f77d58bf230>,2,16,[1 7],3,3,19,0,3
1,<environment.Job instance at 0x7f77d59ccc80>,3,13,[3 7],4,19,32,15,4
1,<environment.Job instance at 0x7f7791f80690>,10,2,[9 1],11,14,16,3,14
1,<environment.Job instance at 0x7f7791f80e10>,13,2,[2 7],14,32,34,18,14
1,<environment.Job instance at 0x7f7791dca5a0>,15,3,[9 1],16,34,37,18,18
1,<environment.Job instance at 0x7f77d7f486e0>,19,14,[3 8],20,37,51,17,22
1,<environment.Job instance at 0x7f77d59cce60>,7,16,[7 2],8,37,53,29,29
1,<environment.Job instance at 0x7f77d7f48fa0>,20,12,[5 9],21,53,65,32,36
1,<environment.Job instance at 0x7f77920a03c0>,27,16,[8 4],28,65,81,37,53
1,<environment.Job instance at 0x7f7791e92230>,16,16,[4 9],17,81,97,64,70
1,<environment.Job instance at 0x7f7792037d70>,33,13,[8 3],34,97,110,63,81
1,<environment.Job instance at 0x7f7791b32af0>,38,14,[9 5],39,110,124,71,96
1,<environment.Job instance at 0x7f77d5c96c30>,1,13,[9 4],2,124,137,122,112
1,<environment.Job instance at 0x7f77d58ba320>,30,17,[8 4],31,137,154,106,125
1,<environment.Job instance at 0x7f7791fbfaf0>,53,3,[1 6],54,129,132,75,129
1,<environment.Job instance at 0x7f7791fbfaa0>,54,15,[8 1],55,154,169,99,141
1,<environment.Job instance at 0x7f7791fbfe60>,57,15,[3 9],58,169,184,111,158
1,<environment.Job instance at 0x7f7791fbfb40>,59,2,[3 7],60,184,186,124,158
1,<environment.Job instance at 0x7f7791fbfa50>,58,15,[ 4 10],59,186,201,127,175
1,<environment.Job instance at 0x7f7791ec5eb0>,25,17,[10  3],26,201,218,175,193
1,<environment.Job instance at 0x7f779219d0f0>,73,16,[3 8],74,218,234,144,206
1,<environment.Job instance at 0x7f77d85e1410>,76,18,[3 6],77,234,252,157,223
1,<environment.Job instance at 0x7f7792241d20>,79,3,[2 9],80,252,255,172,226
1,<environment.Job instance at 0x7f7792197cd0>,84,15,[3 5],85,255,270,170,241
1,<environment.Job instance at 0x7f77d8164500>,91,16,[6 5],92,265,281,173,265
1,<environment.Job instance at 0x7f77921630f0>,86,18,[3 9],87,284,302,197,284
1,<environment.Job instance at 0x7f7791ccd640>,96,12,[ 1 10],97,302,314,205,286
1,<environment.Job instance at 0x7f7791ccd370>,98,15,[1 8],99,314,329,215,306
1,<environment.Job instance at 0x7f77d5c59780>,108,14,[7 2],109,314,328,205,308
1,<environment.Job instance at 0x7f77d7fefa00>,1,14,[6 1],2,3,17,1,3
1,<environment.Job instance at 0x7f77d5d1ef50>,11,14,[ 1 10],12,17,31,5,17
1,<environment.Job instance at 0x7f7791ccdf00>,3,14,[4 8],4,31,45,27,19
1,<environment.Job instance at 0x7f77d5d1b500>,18,3,[6 3],19,45,48,26,29
1,<environment.Job instance at 0x7f77d5d1b820>,21,13,[9 1],22,48,61,26,32
1,<environment.Job instance at 0x7f77d5d1eaf0>,14,16,[7 5],15,61,77,46,48
1,<environment.Job instance at 0x7f77d5d0a550>,35,14,[6 3],36,77,91,41,67
1,<environment.Job instance at 0x7f77d5d0a730>,38,3,[9 2],39,91,94,52,67
1,<environment.Job instance at 0x7f77d5d0a9b0>,41,14,[1 5],42,73,87,31,73
1,<environment.Job instance at 0x7f77d5d0a5a0>,34,14,[5 9],35,94,108,59,81
1,<environment.Job instance at 0x7f77d5d0ab90>,42,17,[5 1],43,94,111,51,82
1,<environment.Job instance at 0x7f77d5d1d4b0>,48,14,[9 5],49,111,125,62,96
1,<environment.Job instance at 0x7f77d5d1d3c0>,51,15,[7 3],52,125,140,73,111
1,<environment.Job instance at 0x7f77d5d1d7d0>,60,18,[5 4],61,168,186,107,168
1,<environment.Job instance at 0x7f77d5d1de10>,65,3,[10  3],66,186,189,120,172
1,<environment.Job instance at 0x7f77d5d1dcd0>,61,14,[8 4],62,189,203,127,174
1,<environment.Job instance at 0x7f77d5d26af0>,76,18,[1 5],77,204,222,127,204
1,<environment.Job instance at 0x7f77d5d26c30>,78,17,[7 5],79,206,223,127,206
1,<environment.Job instance at 0x7f7791ccdbe0>,4,17,[3 7],5,223,240,218,217
1,<environment.Job instance at 0x7f77d5d26cd0>,79,13,[4 8],80,240,253,160,228
1,<environment.Job instance at 0x7f77d5ceb410>,85,15,[5 4],86,253,268,167,241
1,<environment.Job instance at 0x7f77d5d26d70>,80,17,[10  1],81,268,285,187,257
1,<environment.Job instance at 0x7f77d5ceb7d0>,91,18,[4 9],92,285,303,193,276
1,<environment.Job instance at 0x7f77d5cebd70>,96,14,[5 4],97,303,317,206,288
1,<environment.Job instance at 0x7f77d5ceb910>,93,13,[9 3],94,317,330,223,301
1,<environment.Job instance at 0x7f77d80b8050>,1,3,[1 8],2,2,5,0,2
1,<environment.Job instance at 0x7f77d80b8aa0>,7,12,[9 2],8,8,20,0,8
1,<environment.Job instance at 0x7f77d5b899b0>,11,12,[8 2],12,20,32,8,16
1,<environment.Job instance at 0x7f77d5b89aa0>,14,15,[4 7],15,32,47,17,24
1,<environment.Job instance at 0x7f77d5b89550>,10,13,[10  5],11,47,60,36,31
1,<environment.Job instance at 0x7f77d7fcf5f0>,24,13,[1 9],25,60,73,35,50
1,<environment.Job instance at 0x7f77d7fcf6e0>,26,18,[7 1],27,60,78,33,50
1,<environment.Job instance at 0x7f77d7fcfeb0>,32,13,[1 9],33,73,86,40,58
1,<environment.Job instance at 0x7f77dce3d3c0>,21,16,[4 9],22,86,102,64,75
1,<environment.Job instance at 0x7f7791c2d0f0>,41,14,[3 5],42,102,116,60,90
1,<environment.Job instance at 0x7f7791c2df00>,43,12,[4 5],44,102,114,58,90
1,<environment.Job instance at 0x7f7791c2dd20>,47,17,[4 6],48,116,133,68,108
1,<environment.Job instance at 0x7f77d81c5050>,53,13,[6 4],54,123,136,69,123
1,<environment.Job instance at 0x7f77d81c5320>,54,12,[10  3],55,136,148,81,123
1,<environment.Job instance at 0x7f77d81c5500>,56,16,[2 7],57,148,164,91,136
1,<environment.Job instance at 0x7f77d7e2c7d0>,62,12,[1 7],63,164,176,101,157
1,<environment.Job instance at 0x7f77d7e2c320>,65,15,[1 6],66,177,192,111,177
1,<environment.Job instance at 0x7f77d7e2cf50>,64,17,[10  5],65,192,209,127,181
1,<environment.Job instance at 0x7f77d5b7db90>,73,3,[5 4],74,209,212,135,196
1,<environment.Job instance at 0x7f77d5b7da00>,74,12,[7 2],75,212,224,137,196
1,<environment.Job instance at 0x7f7792160e60>,76,12,[5 6],77,224,236,147,215
1,<environment.Job instance at 0x7f7792160f50>,78,12,[6 1],79,236,248,157,220
1,<environment.Job instance at 0x7f77d59a6c80>,82,16,[5 3],83,248,264,165,236
1,<environment.Job instance at 0x7f77d59a61e0>,84,16,[8 5],85,264,280,179,254
1,<environment.Job instance at 0x7f7791de7910>,89,16,[6 2],90,280,296,190,267
1,<environment.Job instance at 0x7f7792181230>,91,12,[2 5],92,267,279,175,267
1,<environment.Job instance at 0x7f7792181910>,94,16,[7 3],95,296,312,201,283
1,<environment.Job instance at 0x7f7792181320>,102,14,[6 1],103,313,327,210,313
1,<environment.Job instance at 0x7f7791a873c0>,105,18,[10  4],106,327,345,221,321
1,<environment.Job instance at 0x7f77921f90a0>,9,15,[6 5],10,10,25,0,10
1,<environment.Job instance at 0x7f77921f9230>,8,18,[8 3],9,25,43,16,25
1,<environment.Job instance at 0x7f77921f9c30>,12,15,[ 2 10],13,43,58,30,29
1,<environment.Job instance at 0x7f77d5995320>,17,18,[6 4],18,58,76,40,48
1,<environment.Job instance at 0x7f77d5995460>,19,15,[9 3],20,76,91,56,62
1,<environment.Job instance at 0x7f7791961e60>,2,2,[5 5],3,3,5,0,3
1,<environment.Job instance at 0x7f7791f22050>,6,13,[4 5],7,10,23,3,10
1,<environment.Job instance at 0x7f7791b31460>,10,2,[7 1],11,23,25,12,12
1,<environment.Job instance at 0x7f7791f2f320>,13,12,[5 8],14,25,37,11,15
1,<environment.Job instance at 0x7f7791b44460>,17,13,[5 5],18,37,50,19,22
1,<environment.Job instance at 0x7f77d5b39aa0>,21,12,[4 5],22,37,49,15,32
1,<environment.Job instance at 0x7f77d5a51190>,27,12,[6 2],28,50,62,22,34
1,<environment.Job instance at 0x7f77d5c5e6e0>,28,3,[2 8],29,50,53,21,34
1,<environment.Job instance at 0x7f7791f07230>,31,2,[2 6],32,53,55,21,35
1,<environment.Job instance at 0x7f779221f730>,33,14,[1 8],34,55,69,21,40
1,<environment.Job instance at 0x7f7791b314b0>,9,18,[7 2],10,62,80,52,51
1,<environment.Job instance at 0x7f77918e4d20>,43,15,[8 4],44,80,95,36,66
1,<environment.Job instance at 0x7f77d5824780>,48,12,[1 6],49,69,81,20,68
1,<environment.Job instance at 0x7f779222e2d0>,22,18,[ 5 10],23,95,113,72,84
1,<environment.Job instance at 0x7f77918f27d0>,57,13,[7 4],58,113,126,55,98
1,<environment.Job instance at 0x7f77918f2730>,60,13,[10  1],61,126,139,65,110
1,<environment.Job instance at 0x7f77d5a5d960>,26,16,[ 5 10],27,139,155,112,134
1,<environment.Job instance at 0x7f77918dfb90>,55,17,[4 9],56,155,172,99,146
1,<environment.Job instance at 0x7f77918f2500>,69,2,[5 9],70,172,174,102,146
1,<environment.Job instance at 0x7f77918f29b0>,71,14,[2 7],72,174,188,102,159
1,<environment.Job instance at 0x7f77918f20f0>,73,18,[10  5],74,188,206,114,177
1,<environment.Job instance at 0x7f77d8043eb0>,82,15,[ 3 10],83,206,221,123,192
1,<environment.Job instance at 0x7f77d803de10>,85,14,[2 9],86,221,235,135,210
1,<environment.Job instance at 0x7f77d8203aa0>,91,1,[5 1],92,225,226,133,225
1,<environment.Job instance at 0x7f77d82034b0>,92,2,[5 7],93,235,237,142,225
1,<environment.Job instance at 0x7f7791bafaa0>,93,1,[5 6],94,237,238,143,225
1,<environment.Job instance at 0x7f7791baf2d0>,94,13,[10  5],95,238,251,143,225
1,<environment.Job instance at 0x7f77d80694b0>,97,17,[1 7],98,251,268,153,240
1,<environment.Job instance at 0x7f77d8072c80>,100,3,[ 4 10],101,268,271,167,244
1,<environment.Job instance at 0x7f77d80725f0>,102,17,[8 1],103,251,268,148,246
1,<environment.Job instance at 0x7f77d8073320>,104,13,[2 5],105,271,284,166,255
1,<environment.Job instance at 0x7f77d5c76320>,0,3,[2 6],1,2,5,1,2
1,<environment.Job instance at 0x7f77d5b2eaa0>,4,13,[2 8],5,7,20,2,7
1,<environment.Job instance at 0x7f7791d43d70>,7,12,[2 5],8,20,32,12,10
1,<environment.Job instance at 0x7f7791f8f730>,14,16,[5 3],15,20,36,5,16
1,<environment.Job instance at 0x7f7791add0f0>,9,15,[8 4],10,36,51,26,31
1,<environment.Job instance at 0x7f77d82be870>,25,16,[5 7],26,51,67,25,42
1,<environment.Job instance at 0x7f77d82beb90>,27,16,[3 5],28,67,83,39,54
1,<environment.Job instance at 0x7f77918c9910>,22,18,[7 3],23,69,87,46,69
1,<environment.Job instance at 0x7f7791e15190>,31,12,[7 5],32,87,99,55,78
1,<environment.Job instance at 0x7f77d8023690>,36,15,[1 5],37,85,100,48,85
1,<environment.Job instance at 0x7f77d8023c80>,33,13,[10  3],34,100,113,66,85
1,<environment.Job instance at 0x7f77d7f91cd0>,18,18,[5 6],19,113,131,94,102
1,<environment.Job instance at 0x7f77d80233c0>,46,13,[ 1 10],47,131,144,84,118
1,<environment.Job instance at 0x7f7791e72190>,52,16,[6 3],53,144,160,91,133
1,<environment.Job instance at 0x7f7791e72460>,49,15,[8 4],50,170,185,120,170
1,<environment.Job instance at 0x7f7791ebc0a0>,72,3,[6 2],73,185,188,112,174
1,<environment.Job instance at 0x7f7791e72c80>,51,15,[3 9],52,188,203,136,174
1,<environment.Job instance at 0x7f77d83dc690>,81,3,[5 8],82,203,206,121,183
1,<environment.Job instance at 0x7f77d59e96e0>,91,13,[5 5],92,212,225,120,212
1,<environment.Job instance at 0x7f77d59e9050>,92,3,[9 3],93,225,228,132,212
1,<environment.Job instance at 0x7f7791e564b0>,65,17,[ 4 10],66,228,245,162,216
1,<environment.Job instance at 0x7f77d59e9410>,100,13,[8 3],101,245,258,144,235
1,<environment.Job instance at 0x7f7791ebc280>,73,18,[10  5],74,258,276,184,247
1,<environment.Job instance at 0x7f7792032820>,1,3,[2 8],2,3,6,1,3
1,<environment.Job instance at 0x7f77d5d25f00>,3,13,[5 1],4,8,21,4,8
1,<environment.Job instance at 0x7f77d5899690>,7,18,[7 1],8,21,39,13,11
1,<environment.Job instance at 0x7f77d58995a0>,11,3,[1 7],12,12,15,0,12
1,<environment.Job instance at 0x7f77d5899dc0>,17,2,[5 8],18,39,41,21,27
1,<environment.Job instance at 0x7f77d5899910>,18,12,[ 3 10],19,41,53,22,35
1,<environment.Job instance at 0x7f779189feb0>,22,17,[1 6],23,53,70,30,42
1,<environment.Job instance at 0x7f77918a4c80>,27,3,[5 5],28,70,73,42,46
1,<environment.Job instance at 0x7f77918a45f0>,33,15,[10  1],34,73,88,39,61
1,<environment.Job instance at 0x7f77918a4370>,38,18,[5 6],39,88,106,49,77
1,<environment.Job instance at 0x7f7791ccecd0>,47,12,[4 7],48,123,135,75,123
1,<environment.Job instance at 0x7f7791cce960>,49,12,[ 5 10],50,135,147,85,124
1,<environment.Job instance at 0x7f77918951e0>,57,14,[8 3],58,157,171,99,157
1,<environment.Job instance at 0x7f77918a4dc0>,31,16,[ 2 10],32,171,187,139,158
1,<environment.Job instance at 0x7f77d5899b40>,8,16,[10  3],9,188,204,179,188
1,<environment.Job instance at 0x7f77d5816500>,68,13,[5 9],69,204,217,135,189
1,<environment.Job instance at 0x7f77d58162d0>,71,17,[2 9],72,217,234,145,214
1,<environment.Job instance at 0x7f77d5816e60>,78,14,[7 3],79,234,248,155,222
1,<environment.Job instance at 0x7f77918bca00>,90,17,[6 4],91,260,277,169,260
1,<environment.Job instance at 0x7f77918bc370>,89,15,[5 3],90,277,292,187,267
1,<environment.Job instance at 0x7f77918bcb40>,93,17,[5 1],94,277,294,183,276
1,<environment.Job instance at 0x7f77918bce60>,94,1,[9 2],95,294,295,199,276
1,<environment.Job instance at 0x7f77918bcc30>,95,15,[9 5],96,295,310,199,281
1,<environment.Job instance at 0x7f77918bc230>,100,13,[6 5],101,310,323,209,295
1,<environment.Job instance at 0x7f77d57fcc30>,0,12,[6 1],1,7,19,6,7
1,<environment.Job instance at 0x7f7791db6460>,9,14,[8 5],10,19,33,9,12
1,<environment.Job instance at 0x7f7791db6cd0>,13,14,[2 9],14,33,47,19,28
1,<environment.Job instance at 0x7f7791ae55f0>,26,17,[3 8],27,53,70,26,53
1,<environment.Job instance at 0x7f7791da29b0>,4,12,[ 4 10],5,70,82,65,54
1,<environment.Job instance at 0x7f77d56857d0>,34,2,[10  3],35,82,84,47,60
1,<environment.Job instance at 0x7f77d83c6be0>,35,18,[5 5],36,84,102,48,75
1,<environment.Job instance at 0x7f7791da8a50>,32,13,[9 4],33,104,117,71,104
1,<environment.Job instance at 0x7f77d568adc0>,41,17,[3 6],42,117,134,75,106
1,<environment.Job instance at 0x7f77d7fd3be0>,49,18,[5 5],50,134,152,84,125
1,<environment.Job instance at 0x7f77d569baa0>,51,18,[5 5],52,134,152,82,130
1,<environment.Job instance at 0x7f77921ecaa0>,60,14,[7 4],61,152,166,91,138
1,<environment.Job instance at 0x7f77921da320>,65,18,[5 3],66,166,184,100,155
1,<environment.Job instance at 0x7f77921da5f0>,70,12,[ 4 10],71,184,196,113,176
1,<environment.Job instance at 0x7f77d83c7230>,42,17,[ 4 10],43,196,213,153,193
1,<environment.Job instance at 0x7f77921da550>,73,15,[5 8],74,213,228,139,200
1,<environment.Job instance at 0x7f77921c0a50>,81,1,[9 5],82,228,229,146,206
1,<environment.Job instance at 0x7f77921da9b0>,72,16,[9 2],73,229,245,156,216
1,<environment.Job instance at 0x7f77921c5870>,89,15,[3 6],90,245,260,155,235
1,<environment.Job instance at 0x7f77921e3370>,96,1,[10  4],97,260,261,163,244
1,<environment.Job instance at 0x7f77921e35a0>,97,3,[9 4],98,261,264,163,247
1,<environment.Job instance at 0x7f77921e3960>,98,14,[9 3],99,264,278,165,249
1,<environment.Job instance at 0x7f77921d6d20>,103,3,[9 5],104,278,281,174,267
1,<environment.Job instance at 0x7f77921e3fa0>,94,18,[ 2 10],95,281,299,186,271
1,<environment.Job instance at 0x7f77921d5140>,108,12,[3 8],109,299,311,190,282
1,<environment.Job instance at 0x7f77d82be7d0>,1,2,[5 2],2,4,6,2,4
1,<environment.Job instance at 0x7f77921d66e0>,4,13,[6 5],5,6,19,1,5
1,<environment.Job instance at 0x7f7791b6ac30>,7,2,[10  1],8,19,21,11,9
1,<environment.Job instance at 0x7f7791b6a190>,8,1,[2 8],9,21,22,12,10
1,<environment.Job instance at 0x7f77921389b0>,9,13,[3 6],10,22,35,12,11
1,<environment.Job instance at 0x7f77921382d0>,10,1,[ 2 10],11,35,36,24,12
1,<environment.Job instance at 0x7f77d8022320>,12,2,[2 5],13,13,15,0,13
1,<environment.Job instance at 0x7f77d5740910>,13,2,[1 9],14,36,38,22,14
1,<environment.Job instance at 0x7f7791890a50>,14,2,[2 7],15,38,40,23,15
1,<environment.Job instance at 0x7f77d5af3780>,20,16,[8 2],21,38,54,17,26
1,<environment.Job instance at 0x7f77d57165f0>,25,3,[ 4 10],26,54,57,28,28
1,<environment.Job instance at 0x7f77d5716320>,27,2,[4 6],28,57,59,29,32
1,<environment.Job instance at 0x7f77d570f190>,30,12,[9 2],31,59,71,28,42
1,<environment.Job instance at 0x7f77d570f6e0>,33,13,[7 3],34,71,84,37,55
1,<environment.Job instance at 0x7f77d570f690>,34,3,[2 5],35,71,74,36,55
1,<environment.Job instance at 0x7f77d57160a0>,29,15,[10  5],30,84,99,54,72
1,<environment.Job instance at 0x7f77d5c7b910>,32,15,[4 9],33,99,114,66,85
1,<environment.Job instance at 0x7f77d5c3ae10>,49,14,[5 9],50,114,128,64,102
1,<environment.Job instance at 0x7f77d56ea190>,57,18,[3 8],58,128,146,70,127
1,<environment.Job instance at 0x7f7791bdf780>,62,13,[3 6],63,146,159,83,134
1,<environment.Job instance at 0x7f77d5c7c9b0>,67,18,[1 8],68,159,177,91,154
1,<environment.Job instance at 0x7f77d5c7cd70>,70,1,[ 5 10],71,177,178,106,166
1,<environment.Job instance at 0x7f77d5c7c1e0>,71,3,[10  5],72,178,181,106,167
1,<environment.Job instance at 0x7f77d5c7c5a0>,72,18,[1 6],73,181,199,108,170
1,<environment.Job instance at 0x7f77d5c7c280>,76,13,[4 6],77,199,212,122,185
1,<environment.Job instance at 0x7f77d5c7c460>,81,2,[4 7],82,212,214,130,185
1,<environment.Job instance at 0x7f77d593f460>,82,17,[6 3],83,191,208,108,191
1,<environment.Job instance at 0x7f77d593fb90>,92,16,[7 1],93,217,233,124,217
1,<environment.Job instance at 0x7f77d593fc80>,93,13,[6 5],94,233,246,139,217
1,<environment.Job instance at 0x7f77d593f0f0>,95,2,[3 7],96,218,220,122,218
1,<environment.Job instance at 0x7f77d593f4b0>,96,3,[1 5],97,220,223,123,218
1,<environment.Job instance at 0x7f77d593f910>,97,18,[4 5],98,233,251,135,222
1,<environment.Job instance at 0x7f77d593f7d0>,99,17,[7 5],100,251,268,151,240
1,<environment.Job instance at 0x7f77d5d8af50>,102,13,[1 8],103,269,282,166,269
1,<environment.Job instance at 0x7f77d5d8a870>,103,18,[1 8],104,282,300,178,277
1,<environment.Job instance at 0x7f77d5d8aaa0>,106,15,[8 5],107,300,315,193,286
1,<environment.Job instance at 0x7f77d5c4f370>,1,2,[5 3],2,2,4,0,2
1,<environment.Job instance at 0x7f77d5c4fa00>,2,1,[5 5],3,3,4,0,3
1,<environment.Job instance at 0x7f77d5c4f320>,3,12,[9 4],4,5,17,1,5
1,<environment.Job instance at 0x7f77d5b34cd0>,5,3,[2 6],6,17,20,11,6
1,<environment.Job instance at 0x7f77d5b34140>,6,15,[5 2],7,17,32,10,8
1,<environment.Job instance at 0x7f77d5b34410>,8,1,[10  4],9,32,33,23,9
1,<environment.Job instance at 0x7f77d5b34c80>,12,17,[3 8],13,33,50,20,25
1,<environment.Job instance at 0x7f77d5b34e60>,17,3,[7 3],18,50,53,32,26
1,<environment.Job instance at 0x7f77d8440be0>,21,17,[5 4],22,53,70,31,41
1,<environment.Job instance at 0x7f77d84403c0>,24,14,[3 7],25,70,84,45,55
1,<environment.Job instance at 0x7f7791c8e410>,27,12,[3 7],28,84,96,56,67
1,<environment.Job instance at 0x7f7791c8e730>,28,16,[7 1],29,70,86,41,67
1,<environment.Job instance at 0x7f7791c8ef50>,26,18,[10  1],27,96,114,69,85
1,<environment.Job instance at 0x7f7791c8e2d0>,34,13,[7 1],35,114,127,79,98
1,<environment.Job instance at 0x7f7791c8e1e0>,36,12,[4 6],37,127,139,90,111
1,<environment.Job instance at 0x7f7791c8e0a0>,30,17,[3 8],31,139,156,108,127
1,<environment.Job instance at 0x7f7791ea90a0>,43,17,[10  3],44,156,173,112,145
1,<environment.Job instance at 0x7f7791ea9370>,54,15,[4 8],55,173,188,118,161
1,<environment.Job instance at 0x7f7791ea9640>,56,2,[8 2],57,188,190,131,162
1,<environment.Job instance at 0x7f7791ea9aa0>,59,13,[3 8],60,190,203,130,176
1,<environment.Job instance at 0x7f77919eff50>,65,3,[ 4 10],66,203,206,137,191
1,<environment.Job instance at 0x7f77919ef960>,67,15,[5 1],68,206,221,138,192
1,<environment.Job instance at 0x7f77919ef280>,69,2,[2 5],70,206,208,136,192
1,<environment.Job instance at 0x7f77919ef5a0>,72,15,[3 8],73,208,223,135,200
1,<environment.Job instance at 0x7f77919ef190>,75,12,[6 4],76,223,235,147,210
1,<environment.Job instance at 0x7f77919ef050>,76,14,[ 2 10],77,235,249,158,223
1,<environment.Job instance at 0x7f77d5c2eb90>,78,14,[6 4],79,249,263,170,234
1,<environment.Job instance at 0x7f77d5c2e550>,83,1,[6 5],84,263,264,179,236
1,<environment.Job instance at 0x7f77d5c2eaa0>,82,14,[7 5],83,264,278,181,249
1,<environment.Job instance at 0x7f77dccf4190>,88,13,[5 2],89,278,291,189,275
1,<environment.Job instance at 0x7f77dccf41e0>,89,17,[1 5],90,275,292,185,275
1,<environment.Job instance at 0x7f7791ec5d20>,0,13,[1 8],1,3,16,2,3
1,<environment.Job instance at 0x7f77d803fc80>,4,1,[10  2],5,16,17,11,6
1,<environment.Job instance at 0x7f77d803fd70>,6,2,[4 9],7,17,19,10,7
1,<environment.Job instance at 0x7f779199dc80>,11,15,[5 1],12,17,32,5,12
1,<environment.Job instance at 0x7f779199dbe0>,8,13,[5 4],9,19,32,10,18
1,<environment.Job instance at 0x7f77918bcc30>,19,2,[5 1],20,32,34,12,20
1,<environment.Job instance at 0x7f77918bc9b0>,16,15,[10  5],17,34,49,17,20
1,<environment.Job instance at 0x7f77918bcf00>,23,14,[5 4],24,49,63,25,34
1,<environment.Job instance at 0x7f77918bc230>,25,15,[7 1],26,63,78,37,49
1,<environment.Job instance at 0x7f779178a690>,9,17,[4 6],10,78,95,68,67
1,<environment.Job instance at 0x7f77d562a320>,30,18,[2 9],31,95,113,64,84
1,<environment.Job instance at 0x7f77d562af00>,33,12,[3 6],34,113,125,79,97
1,<environment.Job instance at 0x7f77919e9190>,40,16,[1 9],41,125,141,84,112
1,<environment.Job instance at 0x7f7792010050>,41,12,[6 3],42,113,125,71,112
1,<environment.Job instance at 0x7f7792010e10>,43,15,[9 4],44,141,156,97,127
1,<environment.Job instance at 0x7f779203bc80>,49,12,[7 5],50,156,168,106,139
1,<environment.Job instance at 0x7f779203b7d0>,52,17,[5 8],53,168,185,115,156
1,<environment.Job instance at 0x7f779203b230>,55,12,[ 4 10],56,185,197,129,171
1,<environment.Job instance at 0x7f779203b820>,59,16,[1 8],60,197,213,137,185
1,<environment.Job instance at 0x7f779200fa00>,66,16,[6 2],67,202,218,135,202
1,<environment.Job instance at 0x7f779200f2d0>,71,16,[1 7],72,213,229,141,205
1,<environment.Job instance at 0x7f779200faa0>,76,12,[3 9],77,229,241,152,222
1,<environment.Job instance at 0x7f779200f640>,77,14,[5 6],78,241,255,163,226
1,<environment.Job instance at 0x7f779200f8c0>,79,18,[5 3],80,241,259,161,234
1,<environment.Job instance at 0x7f779200f230>,80,2,[2 6],81,255,257,174,234
1,<environment.Job instance at 0x7f779200f5a0>,82,2,[ 4 10],83,259,261,176,235
1,<environment.Job instance at 0x7f779200f910>,85,15,[2 6],86,279,294,193,279
1,<environment.Job instance at 0x7f7792001910>,91,3,[10  1],92,399,402,307,399
1,<environment.Job instance at 0x7f4950e352d0>,3,3,[4 8],4,4,7,0,4
1,<environment.Job instance at 0x7f4956244280>,0,13,[9 3],1,7,20,6,5
1,<environment.Job instance at 0x7f4950e354b0>,5,2,[1 5],6,7,9,1,6
1,<environment.Job instance at 0x7f4950e356e0>,8,13,[5 5],9,20,33,11,9
1,<environment.Job instance at 0x7f4950e35c80>,14,13,[7 3],15,33,46,18,22
1,<environment.Job instance at 0x7f4950e35960>,10,12,[3 7],11,33,45,22,23
1,<environment.Job instance at 0x7f4950e35fa0>,19,14,[3 5],20,45,59,25,34
1,<environment.Job instance at 0x7f4950e35dc0>,16,16,[3 5],17,50,66,33,50
1,<environment.Job instance at 0x7f4950e38460>,25,12,[ 5 10],26,66,78,40,51
1,<environment.Job instance at 0x7f4950e38c30>,32,3,[5 1],33,62,65,29,62
1,<environment.Job instance at 0x7f4950e38cd0>,33,14,[5 5],34,78,92,44,64
1,<environment.Job instance at 0x7f4950e38d20>,35,15,[9 5],36,92,107,56,79
1,<environment.Job instance at 0x7f4950e39640>,45,13,[6 5],46,107,120,61,95
1,<environment.Job instance at 0x7f4950e39820>,48,15,[10  1],49,120,135,71,108
1,<environment.Job instance at 0x7f4950e39f00>,53,17,[5 7],54,135,152,81,124
1,<environment.Job instance at 0x7f4950e4feb0>,13,16,[ 3 10],14,14,30,0,14
1,<environment.Job instance at 0x7f4950e4f730>,14,3,[5 6],15,30,33,15,15
1,<environment.Job instance at 0x7f4950e4f460>,12,13,[ 5 10],13,33,46,20,20
1,<environment.Job instance at 0x7f490b234370>,20,16,[2 8],21,46,62,25,41
1,<environment.Job instance at 0x7f490b2385f0>,31,15,[10  4],32,65,80,33,65
1,<environment.Job instance at 0x7f490b238cd0>,32,14,[1 8],33,80,94,47,68
1,<environment.Job instance at 0x7f490b236be0>,41,15,[1 7],42,104,119,62,104
1,<environment.Job instance at 0x7f490b2379b0>,43,15,[5 2],44,106,121,62,106
1,<environment.Job instance at 0x7f490b4f1be0>,1,2,[9 5],2,2,4,0,2
1,<environment.Job instance at 0x7f490b306e10>,2,2,[9 3],3,4,6,1,3
1,<environment.Job instance at 0x7f490b15fa50>,4,16,[7 5],5,6,22,1,5
1,<environment.Job instance at 0x7f490b4be2d0>,6,16,[7 4],7,38,54,31,38
1,<environment.Job instance at 0x7f49512e84b0>,9,3,[5 1],10,54,57,44,39
1,<environment.Job instance at 0x7f490b15f690>,8,18,[4 6],9,54,72,45,44
1,<environment.Job instance at 0x7f490b0957d0>,17,17,[5 2],18,57,74,39,47
1,<environment.Job instance at 0x7f490b095a50>,19,1,[5 4],20,72,73,52,48
1,<environment.Job instance at 0x7f490b098190>,25,2,[1 5],26,49,51,23,49
1,<environment.Job instance at 0x7f490b098a50>,26,3,[8 4],27,74,77,47,49
1,<environment.Job instance at 0x7f490b15c6e0>,29,3,[4 7],30,77,80,47,56
1,<environment.Job instance at 0x7f4950ccc230>,27,13,[9 2],28,80,93,52,64
1,<environment.Job instance at 0x7f4950cc9500>,35,1,[8 1],36,93,94,57,65
1,<environment.Job instance at 0x7f4950c1afa0>,39,2,[10  2],40,94,96,54,87
1,<environment.Job instance at 0x7f4950c1abe0>,40,2,[ 5 10],41,96,98,55,87
1,<environment.Job instance at 0x7f490b15c500>,28,15,[3 6],29,98,113,69,87
1,<environment.Job instance at 0x7f4950bff5a0>,42,2,[2 6],43,113,115,70,87
1,<environment.Job instance at 0x7f49563b7820>,44,15,[10  4],45,115,130,70,104
1,<environment.Job instance at 0x7f49563af3c0>,47,3,[6 3],48,104,107,56,104
1,<environment.Job instance at 0x7f490b08edc0>,48,13,[8 5],49,130,143,81,116
1,<environment.Job instance at 0x7f490b08ebe0>,55,17,[4 6],56,143,160,87,131
1,<environment.Job instance at 0x7f490b08efa0>,59,16,[9 4],60,160,176,100,147
1,<environment.Job instance at 0x7f490b0fd050>,65,13,[6 4],66,176,189,110,161
1,<environment.Job instance at 0x7f490b07d1e0>,68,17,[3 6],69,176,193,107,165
1,<environment.Job instance at 0x7f490b07d140>,71,14,[8 2],72,193,207,121,178
1,<environment.Job instance at 0x7f490b07d410>,67,13,[1 9],68,207,220,139,193
1,<environment.Job instance at 0x7f490b0f4640>,80,12,[9 2],81,220,232,139,203
1,<environment.Job instance at 0x7f4951080e10>,83,3,[2 5],84,203,206,119,203
1,<environment.Job instance at 0x7f4951211410>,88,15,[7 5],89,232,247,143,218
1,<environment.Job instance at 0x7f4950c0a2d0>,89,15,[ 3 10],90,247,262,157,233
1,<environment.Job instance at 0x7f4955dbf5a0>,3,3,[4 8],4,4,7,0,4
1,<environment.Job instance at 0x7f4955c930f0>,4,15,[4 6],5,7,22,2,6
1,<environment.Job instance at 0x7f495122d5f0>,12,3,[10  4],13,24,27,11,24
1,<environment.Job instance at 0x7f49512e36e0>,8,18,[1 5],9,27,45,18,24
1,<environment.Job instance at 0x7f495122d5a0>,17,1,[5 5],18,27,28,9,24
1,<environment.Job instance at 0x7f4955b40050>,19,3,[7 2],20,28,31,8,24
1,<environment.Job instance at 0x7f4955b8c870>,7,15,[5 3],8,31,46,23,24
1,<environment.Job instance at 0x7f490b710460>,20,14,[7 5],21,46,60,25,33
1,<environment.Job instance at 0x7f49512e3730>,10,2,[1 7],11,60,62,49,35
1,<environment.Job instance at 0x7f4950f45370>,29,3,[5 5],30,62,65,32,37
1,<environment.Job instance at 0x7f4950f45c80>,28,14,[7 5],29,65,79,36,52
1,<environment.Job instance at 0x7f4950f80370>,36,12,[8 3],37,79,91,42,63
1,<environment.Job instance at 0x7f4950f80b90>,37,15,[2 9],38,91,106,53,77
1,<environment.Job instance at 0x7f4950f291e0>,25,16,[10  4],26,106,122,80,94
1,<environment.Job instance at 0x7f4950e6d870>,50,18,[3 5],51,122,140,71,111
1,<environment.Job instance at 0x7f49510b9050>,58,14,[4 6],59,140,154,81,125
1,<environment.Job instance at 0x7f49510b9320>,60,13,[5 6],61,154,167,93,138
1,<environment.Job instance at 0x7f4950f43cd0>,63,13,[4 9],64,167,180,103,151
1,<environment.Job instance at 0x7f4950e6ddc0>,49,17,[9 1],50,180,197,130,168
1,<environment.Job instance at 0x7f4950e245a0>,78,16,[6 3],79,197,213,118,184
1,<environment.Job instance at 0x7f4950e24500>,80,18,[4 7],81,198,216,117,198
1,<environment.Job instance at 0x7f4950e247d0>,81,14,[1 5],82,216,230,134,201
1,<environment.Job instance at 0x7f4950e240f0>,83,14,[2 7],84,230,244,146,215
1,<environment.Job instance at 0x7f495571eaa0>,93,3,[8 4],94,244,247,150,229
1,<environment.Job instance at 0x7f495571e7d0>,88,15,[8 5],89,247,262,158,234
1,<environment.Job instance at 0x7f4950e98230>,98,17,[7 4],99,270,287,171,270
1,<environment.Job instance at 0x7f495626c3c0>,1,13,[5 5],2,2,15,0,2
1,<environment.Job instance at 0x7f4950e988c0>,2,2,[9 3],3,15,17,12,3
1,<environment.Job instance at 0x7f495124d280>,3,12,[1 8],4,17,29,13,5
1,<environment.Job instance at 0x7f490b6da780>,8,14,[10  3],9,29,43,20,18
1,<environment.Job instance at 0x7f4950e98230>,4,16,[10  3],5,43,59,38,31
1,<environment.Job instance at 0x7f4955bd8500>,21,13,[5 3],22,59,72,37,43
1,<environment.Job instance at 0x7f4955bb6140>,24,12,[6 4],25,72,84,47,56
1,<environment.Job instance at 0x7f4955bc7af0>,35,12,[2 9],36,84,96,48,71
1,<environment.Job instance at 0x7f4955bc7690>,38,3,[5 9],39,96,99,57,79
1,<environment.Job instance at 0x7f4955bc74b0>,39,13,[5 9],40,99,112,59,93
1,<environment.Job instance at 0x7f4955bc7e60>,43,3,[7 3],44,112,115,68,93
1,<environment.Job instance at 0x7f4955bc7730>,41,18,[8 4],42,115,133,73,106
1,<environment.Job instance at 0x7f4955bb54b0>,49,15,[7 1],50,133,148,83,122
1,<environment.Job instance at 0x7f4955bb5f50>,50,14,[6 4],51,148,162,97,136
1,<environment.Job instance at 0x7f4955bd1320>,51,18,[3 6],52,136,154,84,136
1,<environment.Job instance at 0x7f4955bd1fa0>,54,14,[7 1],55,162,176,107,148
1,<environment.Job instance at 0x7f4955bddaf0>,61,14,[5 8],62,176,190,114,162
1,<environment.Job instance at 0x7f490b462fa0>,63,15,[6 3],64,190,205,126,176
1,<environment.Job instance at 0x7f4955bdda50>,62,16,[9 2],63,205,221,142,192
1,<environment.Job instance at 0x7f4950c31e10>,77,13,[7 3],78,221,234,143,216
1,<environment.Job instance at 0x7f4950c33cd0>,80,14,[3 6],81,221,235,140,218
1,<environment.Job instance at 0x7f490b455820>,82,15,[1 6],83,235,250,152,221
1,<environment.Job instance at 0x7f4955ba9b90>,12,18,[10  4],13,250,268,237,240
1,<environment.Job instance at 0x7f4955bac820>,87,18,[1 7],88,268,286,180,257
1,<environment.Job instance at 0x7f4950c30eb0>,90,15,[1 6],91,286,301,195,273
1,<environment.Job instance at 0x7f4950c32230>,92,18,[5 5],93,301,319,208,290
1,<environment.Job instance at 0x7f4950c32500>,95,15,[7 4],96,319,334,223,308
1,<environment.Job instance at 0x7f4950c32b40>,99,17,[7 2],100,334,351,234,322
1,<environment.Job instance at 0x7f4950c286e0>,104,12,[6 5],105,351,363,246,341
1,<environment.Job instance at 0x7f4950c28820>,105,2,[4 7],106,363,365,257,341
1,<environment.Job instance at 0x7f4950c28d70>,107,12,[ 4 10],108,365,377,257,349
1,<environment.Job instance at 0x7f4950c28af0>,108,1,[5 7],109,377,378,268,349
1,<environment.Job instance at 0x7f4950c28dc0>,112,3,[9 1],113,378,381,265,361
1,<environment.Job instance at 0x7f4955bd7550>,115,1,[8 2],116,391,392,275,391
1,<environment.Job instance at 0x7f4955bd7f00>,117,2,[8 4],118,392,394,274,392
1,<environment.Job instance at 0x7f490b4613c0>,68,17,[10  3],69,511,528,442,511
1,<environment.Job instance at 0x7f495579d690>,6,12,[7 1],7,8,20,1,8
1,<environment.Job instance at 0x7f4950f143c0>,9,3,[5 1],10,20,23,10,10
1,<environment.Job instance at 0x7f4950f149b0>,10,14,[6 4],11,23,37,12,11
1,<environment.Job instance at 0x7f4950dc0eb0>,19,14,[3 7],20,37,51,17,24
1,<environment.Job instance at 0x7f49510dba00>,28,3,[10  4],29,51,54,22,39
1,<environment.Job instance at 0x7f4950dc0460>,18,17,[5 5],19,54,71,35,47
1,<environment.Job instance at 0x7f49510db320>,32,14,[6 5],33,71,85,38,56
1,<environment.Job instance at 0x7f4955f184b0>,37,13,[9 4],38,85,98,47,69
1,<environment.Job instance at 0x7f4951192a50>,40,15,[4 5],41,69,84,28,69
1,<environment.Job instance at 0x7f495582e140>,45,16,[4 5],46,98,114,52,90
1,<environment.Job instance at 0x7f495582ea50>,48,16,[ 5 10],49,115,131,66,115
1,<environment.Job instance at 0x7f495582edc0>,53,12,[4 6],54,134,146,80,134
1,<environment.Job instance at 0x7f4955857a00>,55,13,[2 6],56,146,159,90,135
1,<environment.Job instance at 0x7f4955857be0>,57,1,[3 6],58,159,160,101,135
1,<environment.Job instance at 0x7f4955857c80>,58,3,[8 2],59,146,149,87,135
1,<environment.Job instance at 0x7f4950d0f4b0>,63,16,[6 5],64,166,182,102,166
1,<environment.Job instance at 0x7f4955e42d70>,69,15,[6 3],70,191,206,121,191
1,<environment.Job instance at 0x7f4950d0f050>,70,15,[3 9],71,215,230,144,215
1,<environment.Job instance at 0x7f4955e53550>,75,16,[5 3],76,234,250,158,234
1,<environment.Job instance at 0x7f495569d230>,78,14,[9 4],79,250,264,171,243
1,<environment.Job instance at 0x7f4955a70280>,1,2,[2 6],2,3,5,1,3
1,<environment.Job instance at 0x7f49559f09b0>,11,14,[7 1],12,28,42,16,28
1,<environment.Job instance at 0x7f4950c4fd20>,4,17,[6 5],5,42,59,37,30
1,<environment.Job instance at 0x7f4950bac140>,17,14,[4 7],18,59,73,41,46
1,<environment.Job instance at 0x7f49559f0050>,12,16,[9 4],13,73,89,60,66
1,<environment.Job instance at 0x7f4955dd4960>,21,16,[ 2 10],22,89,105,67,77
1,<environment.Job instance at 0x7f4955dd4820>,27,18,[10  5],28,105,123,77,101
1,<environment.Job instance at 0x7f4955d1c140>,30,15,[ 4 10],31,123,138,92,111
1,<environment.Job instance at 0x7f490b626280>,39,17,[9 4],40,138,155,98,128
1,<environment.Job instance at 0x7f490b36b550>,43,15,[10  4],44,155,170,111,141
1,<environment.Job instance at 0x7f490b4173c0>,48,14,[8 3],49,170,184,121,161
1,<environment.Job instance at 0x7f49510ea4b0>,49,14,[9 5],50,184,198,134,169
1,<environment.Job instance at 0x7f490b2a1730>,52,18,[9 4],53,198,216,145,189
1,<environment.Job instance at 0x7f490b2f0e10>,57,15,[ 5 10],58,216,231,158,205
1,<environment.Job instance at 0x7f490b5bab40>,61,16,[ 4 10],62,231,247,169,221
1,<environment.Job instance at 0x7f4950ddd780>,64,15,[ 2 10],65,247,262,182,234
1,<environment.Job instance at 0x7f490b2750a0>,66,18,[9 4],67,262,280,195,255
1,<environment.Job instance at 0x7f4955d425f0>,71,13,[2 8],72,280,293,208,264
1,<environment.Job instance at 0x7f4955cdfa00>,75,17,[7 4],76,293,310,217,282
1,<environment.Job instance at 0x7f4955cdf140>,77,14,[5 5],78,310,324,232,295
1,<environment.Job instance at 0x7f4955cdfe60>,83,17,[10  5],84,324,341,240,313
1,<environment.Job instance at 0x7f490b417230>,3,13,[1 7],4,4,17,0,4
1,<environment.Job instance at 0x7f4955d9ae60>,12,14,[9 1],13,14,28,1,14
1,<environment.Job instance at 0x7f4955d9a5f0>,14,3,[8 2],15,28,31,13,15
1,<environment.Job instance at 0x7f4955d9a730>,16,3,[8 5],17,31,34,14,18
1,<environment.Job instance at 0x7f4955d9a050>,17,12,[5 4],18,34,46,16,19
1,<environment.Job instance at 0x7f4951102b40>,10,16,[5 9],11,46,62,35,33
1,<environment.Job instance at 0x7f4955d9ac80>,24,14,[10  1],25,62,76,37,48
1,<environment.Job instance at 0x7f4950d2c370>,30,15,[4 9],31,76,91,45,65
1,<environment.Job instance at 0x7f49562680f0>,33,16,[8 2],34,91,107,57,81
1,<environment.Job instance at 0x7f4956268b90>,35,3,[5 1],36,81,84,45,81
1,<environment.Job instance at 0x7f4956268c30>,36,17,[9 3],37,107,124,70,96
1,<environment.Job instance at 0x7f49510faa50>,39,15,[5 6],40,124,139,84,112
1,<environment.Job instance at 0x7f4955d9a370>,19,16,[ 4 10],20,139,155,119,129
1,<environment.Job instance at 0x7f490b4e60a0>,54,15,[7 5],55,155,170,100,144
1,<environment.Job instance at 0x7f490b4e6550>,58,3,[2 7],59,170,173,111,159
1,<environment.Job instance at 0x7f490b4e68c0>,61,18,[3 7],62,173,191,111,163
1,<environment.Job instance at 0x7f490b4e6960>,63,14,[5 5],64,191,205,127,177
1,<environment.Job instance at 0x7f490b4e6be0>,67,16,[5 8],68,205,221,137,192
1,<environment.Job instance at 0x7f490b4e65a0>,62,17,[1 9],63,221,238,158,210
1,<environment.Job instance at 0x7f490b4cf230>,74,14,[10  4],75,281,295,206,281
1,<environment.Job instance at 0x7f4955d9af00>,1,1,[2 7],2,2,3,0,2
1,<environment.Job instance at 0x7f490b4cf910>,2,2,[4 5],3,4,6,1,4
1,<environment.Job instance at 0x7f490b4cf870>,3,14,[5 5],4,4,18,0,4
1,<environment.Job instance at 0x7f4955675b40>,4,12,[7 4],5,18,30,13,6
1,<environment.Job instance at 0x7f490b1adcd0>,14,12,[1 8],15,30,42,15,21
1,<environment.Job instance at 0x7f490b590eb0>,12,16,[10  2],13,42,58,29,29
1,<environment.Job instance at 0x7f4955b91230>,19,13,[7 5],20,58,71,38,43
1,<environment.Job instance at 0x7f495584baa0>,21,14,[9 5],22,71,85,49,57
1,<environment.Job instance at 0x7f495586a1e0>,26,2,[8 3],27,89,91,62,89
1,<environment.Job instance at 0x7f495586a910>,28,13,[3 7],29,91,104,62,89
1,<environment.Job instance at 0x7f490b2f3960>,31,13,[9 4],32,104,117,72,89
1,<environment.Job instance at 0x7f490b1a01e0>,34,15,[6 4],35,117,132,82,105
1,<environment.Job instance at 0x7f490b1a0f00>,35,1,[5 2],36,132,133,96,105
1,<environment.Job instance at 0x7f4950d58af0>,29,15,[8 5],30,133,148,103,120
1,<environment.Job instance at 0x7f490b6885a0>,48,15,[7 1],49,148,163,99,139
1,<environment.Job instance at 0x7f4950e6da00>,50,12,[5 9],51,163,175,112,151
1,<environment.Job instance at 0x7f4950e6d820>,51,18,[5 9],52,175,193,123,164
1,<environment.Job instance at 0x7f490b35d370>,57,16,[8 4],58,193,209,135,180
1,<environment.Job instance at 0x7f4955772f00>,59,2,[3 7],60,209,211,149,182
1,<environment.Job instance at 0x7f495573a370>,60,17,[8 4],61,211,228,150,199
1,<environment.Job instance at 0x7f4955772c80>,64,17,[8 5],65,228,245,163,217
1,<environment.Job instance at 0x7f490b2cf0f0>,71,13,[5 2],72,245,258,173,229
1,<environment.Job instance at 0x7f490b180a50>,72,1,[5 2],73,245,246,172,229
1,<environment.Job instance at 0x7f490b180780>,74,17,[4 7],75,246,263,171,240
1,<environment.Job instance at 0x7f490b180b90>,76,13,[10  5],77,263,276,186,250
1,<environment.Job instance at 0x7f490b180910>,82,14,[10  1],83,276,290,193,272
1,<environment.Job instance at 0x7f490b1807d0>,85,14,[5 7],86,290,304,204,276
1,<environment.Job instance at 0x7f490b369af0>,88,15,[ 4 10],89,304,319,215,291
1,<environment.Job instance at 0x7f490b35dcd0>,55,17,[10  3],56,319,336,263,319
1,<environment.Job instance at 0x7f490b369910>,99,13,[7 2],100,363,376,263,363
1,<environment.Job instance at 0x7f4950caae10>,100,14,[2 6],101,364,378,263,364
1,<environment.Job instance at 0x7f4950caa7d0>,106,18,[3 6],107,384,402,277,384
1,<environment.Job instance at 0x7f4955d1c820>,110,3,[9 2],111,405,408,294,405
1,<environment.Job instance at 0x7f4955d1cfa0>,111,3,[2 9],112,408,411,296,406
1,<environment.Job instance at 0x7f4955b27190>,112,3,[10  3],113,411,414,298,406
1,<environment.Job instance at 0x7f4955b275a0>,114,15,[3 5],115,414,429,299,409
1,<environment.Job instance at 0x7f49511ccf00>,116,18,[3 9],117,441,459,324,441
1,<environment.Job instance at 0x7f495111d780>,0,2,[7 4],1,1,3,0,1
1,<environment.Job instance at 0x7f49511cc8c0>,1,16,[6 5],2,5,21,3,5
1,<environment.Job instance at 0x7f4955d758c0>,12,1,[10  2],13,21,22,8,13
1,<environment.Job instance at 0x7f490b36bf50>,14,1,[10  4],15,22,23,7,15
1,<environment.Job instance at 0x7f490b658280>,18,14,[7 2],19,23,37,4,19
1,<environment.Job instance at 0x7f4950fe74b0>,6,12,[ 1 10],7,37,49,30,25
1,<environment.Job instance at 0x7f495109bfa0>,24,17,[3 7],25,49,66,24,38
1,<environment.Job instance at 0x7f4955a83c30>,30,18,[5 5],31,66,84,35,57
1,<environment.Job instance at 0x7f4956000960>,5,16,[6 5],6,84,100,78,72
1,<environment.Job instance at 0x7f495614a3c0>,40,1,[4 8],41,100,101,59,88
1,<environment.Job instance at 0x7f490b4bcc80>,41,13,[9 1],42,101,114,59,89
1,<environment.Job instance at 0x7f4950e98c80>,42,3,[5 8],43,114,117,71,90
1,<environment.Job instance at 0x7f490b415230>,44,15,[10  2],45,117,132,72,104
1,<environment.Job instance at 0x7f490b4152d0>,47,3,[8 3],48,132,135,84,116
1,<environment.Job instance at 0x7f490b415370>,52,18,[9 2],53,135,153,82,124
1,<environment.Job instance at 0x7f490b4153c0>,55,14,[6 3],56,153,167,97,138
1,<environment.Job instance at 0x7f4950e8a7d0>,61,14,[1 5],62,138,152,76,138
1,<environment.Job instance at 0x7f4950e8aa50>,63,3,[2 6],64,153,156,89,138
1,<environment.Job instance at 0x7f49558c0690>,67,17,[5 5],68,167,184,99,160
1,<environment.Job instance at 0x7f49558c0780>,68,14,[9 5],69,184,198,115,169
1,<environment.Job instance at 0x7f49510398c0>,72,17,[1 5],73,189,206,116,189
1,<environment.Job instance at 0x7f4951039500>,73,3,[3 9],74,206,209,132,189
1,<environment.Job instance at 0x7f490b265e10>,76,13,[5 9],77,209,222,132,193
1,<environment.Job instance at 0x7f490b4f50a0>,81,14,[8 4],82,243,257,161,243
1,<environment.Job instance at 0x7f49559a2d70>,84,16,[8 1],85,257,273,172,246
1,<environment.Job instance at 0x7f490b5d2a00>,90,12,[2 6],91,263,275,172,263
1,<environment.Job instance at 0x7f49512cecd0>,94,13,[5 8],95,275,288,180,263
1,<environment.Job instance at 0x7f490b0d9af0>,98,17,[7 5],99,288,305,189,276
1,<environment.Job instance at 0x7f495104c190>,29,18,[2 9],30,305,323,275,296
1,<environment.Job instance at 0x7f490b59e140>,103,16,[1 5],104,323,339,219,310
1,<environment.Job instance at 0x7f490b59ed70>,105,15,[5 4],106,323,338,217,314
1,<environment.Job instance at 0x7f490b59ef00>,110,18,[4 5],111,338,356,227,334
1,<environment.Job instance at 0x7f490b46faf0>,113,13,[9 3],114,356,369,242,351
1,<environment.Job instance at 0x7f490b46fc30>,115,14,[ 3 10],116,369,383,253,355
1,<environment.Job instance at 0x7f490b46f370>,118,12,[1 9],119,383,395,264,367
1,<environment.Job instance at 0x7f490b71ce60>,0,2,[2 6],1,2,4,1,2
1,<environment.Job instance at 0x7f4950ec12d0>,2,3,[6 1],3,5,8,2,5
1,<environment.Job instance at 0x7f4955d98a50>,1,2,[7 1],2,8,10,6,6
1,<environment.Job instance at 0x7f490b658b40>,6,1,[6 4],7,10,11,3,7
1,<environment.Job instance at 0x7f4950fe8d20>,9,17,[9 1],10,11,28,1,10
1,<environment.Job instance at 0x7f490b626f50>,15,15,[8 3],16,28,43,12,24
1,<environment.Job instance at 0x7f49558d22d0>,10,16,[4 8],11,43,59,32,32
1,<environment.Job instance at 0x7f490b7dd910>,24,15,[4 7],25,59,74,34,46
1,<environment.Job instance at 0x7f490b7dd870>,30,12,[ 5 10],31,74,86,43,57
1,<environment.Job instance at 0x7f4955621f00>,32,15,[1 6],33,86,101,53,72
1,<environment.Job instance at 0x7f4955621320>,35,12,[5 2],36,86,98,50,81
1,<environment.Job instance at 0x7f490b626eb0>,13,17,[ 4 10],14,101,118,87,101
1,<environment.Job instance at 0x7f490b79c230>,5,18,[ 2 10],6,118,136,112,107
1,<environment.Job instance at 0x7f490b602690>,48,16,[5 1],49,136,152,87,124
1,<environment.Job instance at 0x7f490b602780>,50,17,[4 7],51,136,153,85,126
1,<environment.Job instance at 0x7f490b602b40>,57,17,[4 6],58,153,170,95,141
1,<environment.Job instance at 0x7f490b602fa0>,62,16,[1 9],63,170,186,107,157
1,<environment.Job instance at 0x7f490b5fb0a0>,66,16,[2 7],67,186,202,119,174
1,<environment.Job instance at 0x7f490b5fb500>,70,14,[1 9],71,202,216,131,188
1,<environment.Job instance at 0x7f490b5fb780>,74,17,[10  5],75,216,233,141,205
1,<environment.Job instance at 0x7f490b5fbe10>,85,17,[ 5 10],86,283,300,197,283
1,<environment.Job instance at 0x7f490b617550>,92,16,[5 3],93,300,316,207,293
1,<environment.Job instance at 0x7f490b6174b0>,93,16,[9 5],94,330,346,236,330
1,<environment.Job instance at 0x7f490b617870>,97,14,[ 5 10],98,346,360,248,333
1,<environment.Job instance at 0x7f490b6002d0>,108,13,[5 7],109,383,396,274,383
1,<environment.Job instance at 0x7f490b46fc30>,5,16,[2 7],6,10,26,4,10
1,<environment.Job instance at 0x7f490b46f780>,8,18,[8 3],9,26,44,17,26
1,<environment.Job instance at 0x7f490b656190>,13,18,[6 3],14,44,62,30,38
1,<environment.Job instance at 0x7f4950e09410>,1,18,[4 9],2,62,80,60,54
1,<environment.Job instance at 0x7f490b5bad70>,23,12,[4 8],24,80,92,56,63
1,<environment.Job instance at 0x7f490b5ba7d0>,26,15,[4 7],27,92,107,65,78
1,<environment.Job instance at 0x7f4950eba6e0>,7,13,[5 5],8,9,22,1,9
1,<environment.Job instance at 0x7f4955d9c0a0>,9,2,[1 8],10,22,24,12,10
1,<environment.Job instance at 0x7f4950eba820>,10,12,[10  4],11,24,36,13,16
1,<environment.Job instance at 0x7f490afd8690>,18,3,[2 8],19,36,39,17,20
1,<environment.Job instance at 0x7f490afd88c0>,20,1,[7 1],21,22,23,1,22
1,<environment.Job instance at 0x7f490afd8a00>,21,2,[2 6],22,39,41,17,22
1,<environment.Job instance at 0x7f490afd80f0>,25,15,[5 1],26,36,51,10,28
1,<environment.Job instance at 0x7f490b3ad8c0>,26,1,[5 5],27,41,42,14,28
1,<environment.Job instance at 0x7f490afd8aa0>,24,12,[3 9],25,42,54,17,35
1,<environment.Job instance at 0x7f490b3adb40>,33,15,[8 4],34,54,69,20,40
1,<environment.Job instance at 0x7f49510970a0>,40,16,[6 2],41,69,85,28,56
1,<environment.Job instance at 0x7f490afd8e60>,16,16,[ 5 10],17,85,101,68,73
1,<environment.Job instance at 0x7f4950fc4af0>,50,13,[10  1],51,101,114,50,92
1,<environment.Job instance at 0x7f4950fc4870>,52,19,[4 7],53,114,133,61,104
1,<environment.Job instance at 0x7f4950fc4910>,57,18,[4 7],58,133,151,75,125
1,<environment.Job instance at 0x7f4950f3f5f0>,61,14,[2 7],62,151,165,89,145
1,<environment.Job instance at 0x7f4950f3fcd0>,63,18,[10  5],64,165,183,101,154
1,<environment.Job instance at 0x7f4950f3fe60>,70,3,[ 4 10],71,183,186,112,169
1,<environment.Job instance at 0x7f4955792370>,72,15,[ 3 10],73,186,201,113,174
1,<environment.Job instance at 0x7f49557928c0>,75,14,[2 9],76,201,215,125,187
1,<environment.Job instance at 0x7f495106df00>,81,1,[5 1],82,210,211,128,210
1,<environment.Job instance at 0x7f495106dfa0>,84,13,[10  5],85,215,228,130,212
1,<environment.Job instance at 0x7f495106d780>,86,2,[1 8],87,228,230,141,218
1,<environment.Job instance at 0x7f495106d500>,87,17,[1 7],88,230,247,142,219
1,<environment.Job instance at 0x7f4951306550>,90,3,[ 4 10],91,247,250,156,235
1,<environment.Job instance at 0x7f4951306af0>,91,16,[2 6],92,250,266,158,237
1,<environment.Job instance at 0x7f4951306190>,92,17,[8 1],93,250,267,157,238
1,<environment.Job instance at 0x7f4951306500>,1,12,[7 4],2,3,15,1,3
1,<environment.Job instance at 0x7f490b3ade10>,3,13,[4 7],4,15,28,11,5
1,<environment.Job instance at 0x7f49558865f0>,7,16,[3 5],8,28,44,20,15
1,<environment.Job instance at 0x7f4955bd61e0>,11,12,[7 5],12,28,40,16,16
1,<environment.Job instance at 0x7f4950c89280>,19,3,[5 2],20,40,43,20,32
1,<environment.Job instance at 0x7f490b670550>,2,18,[7 3],3,43,61,40,32
1,<environment.Job instance at 0x7f49512cff50>,13,13,[10  3],14,61,74,47,49
1,<environment.Job instance at 0x7f4955c12410>,29,15,[8 4],30,74,89,44,61
1,<environment.Job instance at 0x7f490b495500>,14,17,[5 6],15,89,106,74,77
1,<environment.Job instance at 0x7f4955e49e60>,10,17,[8 3],11,106,123,95,103
1,<environment.Job instance at 0x7f4950c93690>,50,16,[1 5],51,106,122,55,106
1,<environment.Job instance at 0x7f4950c93910>,51,17,[6 5],52,123,140,71,111
1,<environment.Job instance at 0x7f490b57cd20>,31,15,[3 9],32,140,155,108,126
1,<environment.Job instance at 0x7f4950c670f0>,69,12,[9 3],70,155,167,85,138
1,<environment.Job instance at 0x7f4950c80280>,63,18,[4 9],64,167,185,103,157
1,<environment.Job instance at 0x7f49557aecd0>,80,13,[8 3],81,185,198,104,170
1,<environment.Job instance at 0x7f4955730280>,45,17,[ 4 10],46,198,215,152,187
1,<environment.Job instance at 0x7f4950c873c0>,92,12,[10  3],93,215,227,122,201
1,<environment.Job instance at 0x7f4955c60190>,94,16,[6 3],95,227,243,132,214
1,<environment.Job instance at 0x7f4955767b90>,99,15,[9 3],100,243,258,143,229
1,<environment.Job instance at 0x7f4950c9e820>,108,12,[ 3 10],109,258,270,149,249
1,<environment.Job instance at 0x7f490b0f3410>,111,12,[1 7],112,270,282,158,253
1,<environment.Job instance at 0x7f495582f5f0>,22,17,[3 8],23,284,301,261,284
1,<environment.Job instance at 0x7f490b5955f0>,2,2,[7 5],3,3,5,0,3
1,<environment.Job instance at 0x7f490aec9960>,15,16,[10  2],16,73,89,57,73
1,<environment.Job instance at 0x7f490afb3a00>,19,12,[ 5 10],20,89,101,69,76
1,<environment.Job instance at 0x7f4950ed43c0>,24,1,[1 7],25,101,102,76,91
1,<environment.Job instance at 0x7f490aec9aa0>,14,16,[5 6],15,102,118,87,91
1,<environment.Job instance at 0x7f490b2926e0>,8,18,[5 6],9,118,136,109,113
1,<environment.Job instance at 0x7f490b5e4910>,35,2,[ 5 10],36,136,138,100,115
1,<environment.Job instance at 0x7f495106fe60>,38,13,[5 9],39,138,151,99,129
1,<environment.Job instance at 0x7f49512e62d0>,40,14,[5 5],41,151,165,110,136
1,<environment.Job instance at 0x7f49512e6960>,46,12,[9 1],47,165,177,118,148
1,<environment.Job instance at 0x7f49512e6f00>,50,12,[3 8],51,177,189,126,161
1,<environment.Job instance at 0x7f495577a320>,57,16,[2 6],58,189,205,131,178
1,<environment.Job instance at 0x7f4955a5a870>,60,17,[6 4],61,198,215,137,198
1,<environment.Job instance at 0x7f4950d74c80>,3,15,[10  1],4,215,230,211,201
1,<environment.Job instance at 0x7f4955a5af00>,62,18,[9 5],63,230,248,167,222
1,<environment.Job instance at 0x7f490b5fc410>,70,13,[6 5],71,248,261,177,232
1,<environment.Job instance at 0x7f4950ba8230>,78,15,[6 1],79,286,301,207,286
1,<environment.Job instance at 0x7f490b006dc0>,1,17,[3 6],2,2,19,0,2
1,<environment.Job instance at 0x7f4950f02f00>,14,17,[6 1],15,18,35,3,18
1,<environment.Job instance at 0x7f49510397d0>,20,14,[7 4],21,35,49,14,27
1,<environment.Job instance at 0x7f4955f18280>,2,17,[ 4 10],3,49,66,46,41
1,<environment.Job instance at 0x7f4956139370>,29,13,[6 1],30,66,79,36,55
1,<environment.Job instance at 0x7f4951039a50>,21,17,[ 4 10],22,79,96,57,67
1,<environment.Job instance at 0x7f490ae315a0>,48,18,[5 5],49,134,152,85,134
1,<environment.Job instance at 0x7f490ae31e60>,51,1,[9 3],52,152,153,100,134
1,<environment.Job instance at 0x7f490ae31eb0>,55,2,[8 2],56,153,155,97,140
1,<environment.Job instance at 0x7f490ae31aa0>,57,3,[9 4],58,155,158,97,140
1,<environment.Job instance at 0x7f490ae31780>,58,14,[9 3],59,158,172,99,145
1,<environment.Job instance at 0x7f490ae998c0>,43,13,[10  1],44,172,185,128,157
1,<environment.Job instance at 0x7f490ae31be0>,64,16,[5 8],65,185,201,120,172
1,<environment.Job instance at 0x7f490b73faa0>,70,13,[8 2],71,201,214,130,186
1,<environment.Job instance at 0x7f490b73f910>,72,13,[1 7],73,201,214,128,189
1,<environment.Job instance at 0x7f490b73f320>,79,13,[3 6],80,214,227,134,200
1,<environment.Job instance at 0x7f490b73f050>,81,3,[3 8],82,227,230,145,201
1,<environment.Job instance at 0x7f490adc4280>,88,12,[6 2],89,219,231,130,219
1,<environment.Job instance at 0x7f490adc4e10>,90,16,[8 2],91,231,247,140,219
1,<environment.Job instance at 0x7f490adc4f50>,91,12,[9 4],92,247,259,155,230
1,<environment.Job instance at 0x7f490adc4500>,94,13,[6 5],95,259,272,164,243
1,<environment.Job instance at 0x7f490adc4370>,100,12,[9 2],101,272,284,171,257
1,<environment.Job instance at 0x7f490adc43c0>,102,15,[4 9],103,284,299,181,270
1,<environment.Job instance at 0x7f490b73fb40>,69,16,[ 3 10],70,299,315,229,294
1,<environment.Job instance at 0x7f490ae31500>,54,18,[ 2 10],55,315,333,260,309
1,<environment.Job instance at 0x7f490ae0df00>,116,12,[10  3],117,333,345,216,318
1,<environment.Job instance at 0x7f490b595230>,1,12,[4 6],2,3,15,1,3
1,<environment.Job instance at 0x7f495626bfa0>,0,2,[1 8],1,15,17,14,7
1,<environment.Job instance at 0x7f495135ad70>,9,12,[1 5],10,17,29,7,10
1,<environment.Job instance at 0x7f495626bc80>,2,18,[10  3],3,29,47,26,24
1,<environment.Job instance at 0x7f4951362640>,20,1,[ 5 10],21,47,48,26,27
1,<environment.Job instance at 0x7f4951362690>,19,17,[6 3],20,48,65,28,37
1,<environment.Job instance at 0x7f4951328aa0>,26,13,[4 6],27,48,61,21,42
1,<environment.Job instance at 0x7f4955ca21e0>,35,1,[9 2],36,65,66,29,61
1,<environment.Job instance at 0x7f490b67e7d0>,42,16,[7 1],43,86,102,43,86
1,<environment.Job instance at 0x7f490b67e4b0>,43,13,[6 5],44,102,115,58,86
1,<environment.Job instance at 0x7f4951353a50>,41,12,[10  1],42,115,127,73,98
1,<environment.Job instance at 0x7f490b67c280>,51,15,[4 9],52,127,142,75,113
1,<environment.Job instance at 0x7f490b67ccd0>,54,17,[3 6],55,142,159,87,130
1,<environment.Job instance at 0x7f490b67c9b0>,58,12,[4 8],59,159,171,100,143
1,<environment.Job instance at 0x7f49513626e0>,17,18,[1 8],18,171,189,153,161
1,<environment.Job instance at 0x7f490b035eb0>,66,15,[5 2],67,169,184,102,169
1,<environment.Job instance at 0x7f490b025c80>,60,16,[10  3],61,189,205,128,176
1,<environment.Job instance at 0x7f490b035460>,71,13,[ 1 10],72,205,218,133,198
1,<environment.Job instance at 0x7f490b035370>,73,14,[4 9],74,218,232,144,207
1,<environment.Job instance at 0x7f490b01ceb0>,77,3,[7 3],78,232,235,154,224
1,<environment.Job instance at 0x7f490b01c190>,75,13,[ 3 10],76,235,248,159,225
1,<environment.Job instance at 0x7f490b023be0>,81,17,[5 4],82,248,265,166,238
1,<environment.Job instance at 0x7f490b023500>,84,14,[3 7],85,265,279,180,259
1,<environment.Job instance at 0x7f490b02c960>,86,18,[10  1],87,279,297,192,268
1,<environment.Job instance at 0x7f490b00dfa0>,90,17,[3 8],91,297,314,206,286
1,<environment.Job instance at 0x7f490b00ddc0>,94,13,[7 1],95,316,329,221,316
1,<environment.Job instance at 0x7f495119cf00>,104,15,[6 3],105,394,409,289,394
1,<environment.Job instance at 0x7f4951197b40>,114,15,[4 8],115,424,439,309,424
1,<environment.Job instance at 0x7f495135a2d0>,1,2,[2 7],2,2,4,0,2
1,<environment.Job instance at 0x7f490b657c80>,2,13,[2 6],3,4,17,1,3
1,<environment.Job instance at 0x7f490b06f5f0>,3,17,[6 4],4,4,21,0,4
1,<environment.Job instance at 0x7f4955c66320>,4,2,[2 5],5,17,19,12,6
1,<environment.Job instance at 0x7f4955ca4c30>,7,15,[5 1],8,21,36,13,9
1,<environment.Job instance at 0x7f49561392d0>,11,3,[7 5],12,36,39,24,12
1,<environment.Job instance at 0x7f490aee8960>,13,1,[9 4],14,39,40,25,14
1,<environment.Job instance at 0x7f4955c285f0>,17,14,[7 4],18,40,54,22,25
1,<environment.Job instance at 0x7f490b36bb40>,23,1,[6 5],24,54,55,30,38
1,<environment.Job instance at 0x7f490adc4780>,22,14,[7 5],23,55,69,32,40
1,<environment.Job instance at 0x7f4950bc9550>,28,13,[5 2],29,69,82,40,57
1,<environment.Job instance at 0x7f4950bc9af0>,29,17,[1 5],30,57,74,27,57
1,<environment.Job instance at 0x7f4950bc90a0>,31,3,[1 5],32,74,77,42,68
1,<environment.Job instance at 0x7f4950bc98c0>,33,15,[5 7],34,77,92,43,68
1,<environment.Job instance at 0x7f490ae3bf00>,34,16,[2 8],35,92,108,57,80
1,<environment.Job instance at 0x7f4956243730>,38,15,[2 6],39,108,123,69,94
1,<environment.Job instance at 0x7f4951045410>,40,17,[6 1],41,103,120,62,103
1,<environment.Job instance at 0x7f4951045c80>,41,14,[4 8],42,123,137,81,108
1,<environment.Job instance at 0x7f4950ce87d0>,50,13,[1 8],51,137,150,86,122
1,<environment.Job instance at 0x7f4950ce82d0>,51,13,[8 2],52,137,150,85,125
1,<environment.Job instance at 0x7f4950df8460>,58,13,[5 4],59,150,163,91,137
1,<environment.Job instance at 0x7f49511675a0>,59,17,[4 6],60,150,167,90,138
1,<environment.Job instance at 0x7f4951167aa0>,61,15,[5 1],62,163,178,101,149
1,<environment.Job instance at 0x7f4950c32be0>,6,12,[3 9],7,10,22,3,10
1,<environment.Job instance at 0x7f490ae9a0f0>,1,16,[1 7],2,22,38,20,11
1,<environment.Job instance at 0x7f4950dcbe10>,12,2,[ 4 10],13,38,40,25,15
1,<environment.Job instance at 0x7f490b799960>,14,14,[ 3 10],15,40,54,25,33
1,<environment.Job instance at 0x7f490b44b910>,21,3,[10  1],22,54,57,32,36
1,<environment.Job instance at 0x7f490b44b9b0>,23,17,[6 1],24,57,74,33,45
1,<environment.Job instance at 0x7f490b7848c0>,30,13,[4 7],31,57,70,26,48
1,<environment.Job instance at 0x7f490b784460>,33,13,[3 7],34,70,83,36,58
1,<environment.Job instance at 0x7f490b784690>,37,17,[4 9],38,89,106,51,89
1,<environment.Job instance at 0x7f490b784820>,41,12,[8 5],42,106,118,64,89
1,<environment.Job instance at 0x7f490b6150a0>,48,15,[8 2],49,118,133,69,113
1,<environment.Job instance at 0x7f490b615b90>,49,13,[10  2],50,133,146,83,123
1,<environment.Job instance at 0x7f490b615eb0>,51,14,[9 3],52,146,160,94,131
1,<environment.Job instance at 0x7f490ae228c0>,60,18,[6 1],61,160,178,99,151
1,<environment.Job instance at 0x7f490ae22c80>,61,3,[7 4],62,178,181,116,152
1,<environment.Job instance at 0x7f490ae22c30>,62,16,[1 7],63,154,170,91,154
1,<environment.Job instance at 0x7f490ae22e10>,64,18,[2 5],65,170,188,105,160
1,<environment.Job instance at 0x7f490ae22af0>,69,15,[2 5],70,184,199,114,184
1,<environment.Job instance at 0x7f490aeebb40>,73,3,[9 3],74,199,202,125,187
1,<environment.Job instance at 0x7f490aeeb5f0>,75,17,[8 3],76,202,219,126,190
1,<environment.Job instance at 0x7f490aeeb1e0>,82,18,[7 3],83,219,237,136,216
1,<environment.Job instance at 0x7f4950e77c30>,90,15,[8 2],91,237,252,146,228
1,<environment.Job instance at 0x7f4950e775f0>,92,15,[9 5],93,252,267,159,238
1,<environment.Job instance at 0x7f4950e77c80>,91,16,[4 9],92,267,283,175,258
1,<environment.Job instance at 0x7f4950e77e10>,96,16,[ 5 10],97,283,299,186,270
1,<environment.Job instance at 0x7f4950e77320>,103,13,[8 4],104,299,312,195,285
1,<environment.Job instance at 0x7f4950c890a0>,107,3,[8 4],108,312,315,204,294
1,<environment.Job instance at 0x7f4950c898c0>,108,3,[4 6],109,315,318,206,294
1,<environment.Job instance at 0x7f4950c891e0>,109,15,[ 5 10],110,318,333,208,304
1,<environment.Job instance at 0x7f4950c89780>,111,12,[7 5],112,333,345,221,316
1,<environment.Job instance at 0x7f4955c66fa0>,1,1,[1 8],2,2,3,0,2
1,<environment.Job instance at 0x7f4955ca4d70>,3,13,[8 4],4,5,18,1,5
1,<environment.Job instance at 0x7f49557587d0>,5,2,[5 6],6,18,20,12,7
1,<environment.Job instance at 0x7f4950c89230>,10,17,[10  2],11,20,37,9,13
1,<environment.Job instance at 0x7f4955735c80>,15,3,[7 1],16,37,40,21,23
1,<environment.Job instance at 0x7f4955735500>,16,17,[5 8],17,40,57,23,28
1,<environment.Job instance at 0x7f490b38e3c0>,24,16,[9 5],25,57,73,32,50
1,<environment.Job instance at 0x7f490b38e910>,27,15,[4 6],28,73,88,45,59
1,<environment.Job instance at 0x7f490b38e4b0>,32,13,[5 1],33,73,86,40,70
1,<environment.Job instance at 0x7f490af4a870>,36,14,[ 3 10],37,88,102,51,74
1,<environment.Job instance at 0x7f490af4adc0>,39,14,[5 4],40,102,116,62,89
1,<environment.Job instance at 0x7f67fba301e0>,0,13,[9 3],1,3,16,2,3
1,<environment.Job instance at 0x7f67fba30230>,3,3,[4 8],4,16,19,12,4
1,<environment.Job instance at 0x7f67f4621460>,4,14,[1 6],5,19,33,14,5
1,<environment.Job instance at 0x7f67f4621550>,5,2,[1 5],6,6,8,0,6
1,<environment.Job instance at 0x7f67f4621640>,6,20,[6 1],7,16,36,9,7
1,<environment.Job instance at 0x7f67f4621960>,10,12,[3 7],11,33,45,22,22
1,<environment.Job instance at 0x7f67f4621f00>,18,3,[4 7],19,45,48,26,31
1,<environment.Job instance at 0x7f67f4621d20>,19,14,[3 5],20,48,62,28,33
1,<environment.Job instance at 0x7f67f4621910>,11,15,[4 8],12,62,77,50,49
1,<environment.Job instance at 0x7f67f4624960>,30,14,[5 2],31,59,73,28,59
1,<environment.Job instance at 0x7f67f4624aa0>,31,14,[2 5],32,77,91,45,63
1,<environment.Job instance at 0x7f67f4624f00>,33,14,[5 5],34,77,91,43,63
1,<environment.Job instance at 0x7f67f4624eb0>,35,15,[9 5],36,91,106,55,77
1,<environment.Job instance at 0x7f67f46255a0>,44,3,[5 5],45,106,109,61,91
1,<environment.Job instance at 0x7f67f4625640>,45,13,[6 5],46,109,122,63,93
1,<environment.Job instance at 0x7f67f4625820>,48,15,[10  1],49,122,137,73,110
1,<environment.Job instance at 0x7f67f4625c30>,53,17,[5 7],54,137,154,83,125
1,<environment.Job instance at 0x7f67f46286e0>,1,1,[3 9],2,2,3,0,2
1,<environment.Job instance at 0x7f67f46dd820>,0,15,[8 3],1,7,22,6,7
1,<environment.Job instance at 0x7f67f4625f50>,2,13,[ 5 10],3,22,35,19,9
1,<environment.Job instance at 0x7f67f4625c30>,3,16,[ 3 10],4,35,51,31,22
1,<environment.Job instance at 0x7f67f463cdc0>,19,12,[4 9],20,51,63,31,39
1,<environment.Job instance at 0x7f67b0a206e0>,22,14,[1 8],23,63,77,40,48
1,<environment.Job instance at 0x7f67b0a23910>,28,14,[9 5],29,77,91,48,62
1,<environment.Job instance at 0x7f67b0a23280>,33,15,[5 2],34,91,106,57,77
1,<environment.Job instance at 0x7f67f46401e0>,21,15,[10  4],22,106,121,84,92
1,<environment.Job instance at 0x7f67b0a25eb0>,41,2,[5 5],42,97,99,55,97
1,<environment.Job instance at 0x7f67b0a25910>,45,16,[ 2 10],46,121,137,75,115
1,<environment.Job instance at 0x7f67b0a255f0>,49,14,[2 6],50,137,151,87,136
1,<environment.Job instance at 0x7f67b09a6550>,52,14,[2 9],53,151,165,98,136
1,<environment.Job instance at 0x7f67b0a1a730>,60,18,[10  3],61,165,183,104,158
1,<environment.Job instance at 0x7f67b0a34870>,64,12,[3 8],65,183,195,118,166
1,<environment.Job instance at 0x7f67b0a3c190>,69,2,[9 4],70,281,283,211,281
1,<environment.Job instance at 0x7f67b0c3f280>,70,13,[10  5],71,283,296,212,281
1,<environment.Job instance at 0x7f67b0b72f00>,73,14,[7 5],74,296,310,222,281
1,<environment.Job instance at 0x7f67b0ae7a50>,84,16,[7 2],85,310,326,225,303
1,<environment.Job instance at 0x7f67b0c5b5f0>,85,2,[5 5],86,326,328,240,303
1,<environment.Job instance at 0x7f67b0b10dc0>,90,18,[4 5],91,326,344,235,316
1,<environment.Job instance at 0x7f67fba30320>,1,1,[ 2 10],2,2,3,0,2
1,<environment.Job instance at 0x7f67b0b03910>,3,2,[4 7],4,4,6,0,4
1,<environment.Job instance at 0x7f67b09be460>,2,1,[3 9],3,6,7,3,6
1,<environment.Job instance at 0x7f67b08df1e0>,14,2,[8 5],15,15,17,0,15
1,<environment.Job instance at 0x7f67b08df820>,8,15,[3 6],9,36,51,27,36
1,<environment.Job instance at 0x7f67b08dffa0>,11,15,[8 4],12,51,66,39,38
1,<environment.Job instance at 0x7f67b094b6e0>,18,13,[5 1],19,38,51,19,38
1,<environment.Job instance at 0x7f67b0881cd0>,24,15,[10  4],25,66,81,41,53
1,<environment.Job instance at 0x7f67b08ae280>,39,16,[9 4],40,81,97,41,69
1,<environment.Job instance at 0x7f67b0922aa0>,44,17,[9 4],45,97,114,52,85
1,<environment.Job instance at 0x7f67b0922fa0>,47,13,[1 9],48,114,127,66,100
1,<environment.Job instance at 0x7f67b08bfa50>,51,14,[8 2],52,127,141,75,113
1,<environment.Job instance at 0x7f67b08c33c0>,60,12,[9 2],61,141,153,80,128
1,<environment.Job instance at 0x7f67b08cdf50>,64,12,[5 9],65,153,165,88,136
1,<environment.Job instance at 0x7f67f4395e60>,68,15,[7 5],69,165,180,96,151
1,<environment.Job instance at 0x7f67b08c8d70>,76,16,[ 5 10],77,214,230,137,214
1,<environment.Job instance at 0x7f67f4ac3690>,80,15,[7 1],81,230,245,149,217
1,<environment.Job instance at 0x7f67f4835cd0>,82,13,[1 6],83,230,243,147,230
1,<environment.Job instance at 0x7f67f446cb90>,83,3,[3 5],84,243,246,159,230
1,<environment.Job instance at 0x7f67f48351e0>,84,14,[1 5],85,245,259,160,230
1,<environment.Job instance at 0x7f67f43d4550>,85,12,[ 4 10],86,259,271,173,242
1,<environment.Job instance at 0x7f67f44b6dc0>,1,3,[9 4],2,2,5,0,2
1,<environment.Job instance at 0x7f67fb063230>,9,17,[8 1],10,10,27,0,10
1,<environment.Job instance at 0x7f67fba564b0>,6,12,[8 3],7,27,39,20,15
1,<environment.Job instance at 0x7f67f46d2370>,19,17,[9 1],20,39,56,19,30
1,<environment.Job instance at 0x7f67f49267d0>,28,14,[4 6],29,56,70,27,41
1,<environment.Job instance at 0x7f67f4a0baa0>,30,13,[5 6],31,70,83,39,56
1,<environment.Job instance at 0x7f67f4a0b050>,33,13,[4 9],34,83,96,49,67
1,<environment.Job instance at 0x7f67f46e8870>,37,3,[10  2],38,96,99,58,81
1,<environment.Job instance at 0x7f67fb0634b0>,7,15,[2 9],8,99,114,91,86
1,<environment.Job instance at 0x7f67f4741c30>,45,12,[ 1 10],46,114,126,68,98
1,<environment.Job instance at 0x7f67f4657410>,48,16,[6 3],49,126,142,77,113
1,<environment.Job instance at 0x7f67f48310a0>,51,14,[1 5],52,126,140,74,117
1,<environment.Job instance at 0x7f67f478f5a0>,53,14,[2 7],54,140,154,86,125
1,<environment.Job instance at 0x7f67fae29500>,58,15,[8 5],59,154,169,95,142
1,<environment.Job instance at 0x7f67f46da500>,40,16,[10  2],41,169,185,128,161
1,<environment.Job instance at 0x7f67f4840370>,70,12,[8 5],71,185,197,114,168
1,<environment.Job instance at 0x7f67fb377b40>,75,16,[6 3],76,197,213,121,187
1,<environment.Job instance at 0x7f67f4905820>,1,18,[8 4],2,3,21,1,3
1,<environment.Job instance at 0x7f67f4750280>,3,3,[7 3],4,21,24,17,5
1,<environment.Job instance at 0x7f67f4887eb0>,14,14,[7 1],15,24,38,9,15
1,<environment.Job instance at 0x7f67b0ee6c80>,19,18,[7 5],20,38,56,18,29
1,<environment.Job instance at 0x7f67faf268c0>,23,15,[6 3],24,56,71,32,43
1,<environment.Job instance at 0x7f67faf86690>,22,16,[9 2],23,71,87,48,59
1,<environment.Job instance at 0x7f67faee1fa0>,37,13,[7 3],38,87,100,49,85
1,<environment.Job instance at 0x7f67b0ca6320>,5,13,[10  4],6,100,113,94,87
1,<environment.Job instance at 0x7f67fb595370>,4,17,[3 9],5,113,130,108,101
1,<environment.Job instance at 0x7f67f472b0a0>,18,16,[8 5],19,130,146,111,117
1,<environment.Job instance at 0x7f67faee1190>,39,15,[ 1 10],40,146,161,106,132
1,<environment.Job instance at 0x7f67faf26f50>,28,17,[10  3],29,161,178,132,150
1,<environment.Job instance at 0x7f67f461a910>,53,2,[10  5],54,178,180,124,161
1,<environment.Job instance at 0x7f67f461a0f0>,54,12,[8 4],55,180,192,125,163
1,<environment.Job instance at 0x7f67f4a78640>,57,14,[6 2],58,192,206,134,181
1,<environment.Job instance at 0x7f67f4a3a960>,60,12,[8 1],61,206,218,145,194
1,<environment.Job instance at 0x7f67f4a784b0>,62,18,[5 1],63,218,236,155,207
1,<environment.Job instance at 0x7f67f4a78c30>,65,2,[4 7],66,218,220,152,208
1,<environment.Job instance at 0x7f67fb3c96e0>,68,1,[5 7],69,229,230,160,229
1,<environment.Job instance at 0x7f67b0beabe0>,70,3,[4 8],71,232,235,161,232
1,<environment.Job instance at 0x7f67fb3cb050>,73,2,[ 4 10],74,236,238,162,232
1,<environment.Job instance at 0x7f67f460eaf0>,51,14,[10  4],52,249,263,197,249
1,<environment.Job instance at 0x7f67fb3c5c30>,82,13,[4 8],83,263,276,180,257
1,<environment.Job instance at 0x7f67fb3c5690>,83,1,[6 2],84,263,264,179,257
1,<environment.Job instance at 0x7f67fb3c5cd0>,86,12,[7 1],87,276,288,189,260
1,<environment.Job instance at 0x7f67fb3b2d20>,92,3,[6 4],93,288,291,195,282
1,<environment.Job instance at 0x7f67fb3b21e0>,94,15,[9 1],95,291,306,196,282
1,<environment.Job instance at 0x7f67fb3b2aa0>,98,17,[5 5],99,335,352,236,335
1,<environment.Job instance at 0x7f67fb3b2320>,2,2,[5 8],3,4,6,1,4
1,<environment.Job instance at 0x7f67faf860a0>,4,3,[6 4],5,6,9,1,5
1,<environment.Job instance at 0x7f67faf86b90>,0,16,[9 2],1,9,25,8,7
1,<environment.Job instance at 0x7f67f48a8910>,7,1,[3 6],8,8,9,0,8
1,<environment.Job instance at 0x7f67f45aa8c0>,8,3,[8 2],9,25,28,16,9
1,<environment.Job instance at 0x7f67fb3b2b40>,3,12,[4 6],4,28,40,24,15
1,<environment.Job instance at 0x7f67f447daa0>,15,1,[9 5],16,40,41,24,17
1,<environment.Job instance at 0x7f67f447daf0>,23,12,[6 2],24,41,53,17,30
1,<environment.Job instance at 0x7f67f447d7d0>,24,17,[9 5],25,53,70,28,41
1,<environment.Job instance at 0x7f67f45b8fa0>,31,14,[4 6],32,70,84,38,55
1,<environment.Job instance at 0x7f67f447dcd0>,25,16,[5 3],26,72,88,46,72
1,<environment.Job instance at 0x7f67f45b8eb0>,41,17,[10  4],42,88,105,46,76
1,<environment.Job instance at 0x7f67f447d5a0>,18,18,[1 9],19,105,123,86,95
1,<environment.Job instance at 0x7f67f45b8e60>,45,18,[10  3],46,123,141,77,116
1,<environment.Job instance at 0x7f67b09c7550>,51,3,[8 4],52,141,144,89,130
1,<environment.Job instance at 0x7f67b09c70f0>,54,18,[4 7],55,144,162,89,133
1,<environment.Job instance at 0x7f67b09c76e0>,56,17,[5 5],57,162,179,105,150
1,<environment.Job instance at 0x7f67faf88a50>,12,18,[5 1],13,13,31,0,13
1,<environment.Job instance at 0x7f67f447d870>,1,16,[ 4 10],2,31,47,29,18
1,<environment.Job instance at 0x7f67fb402280>,6,18,[9 4],7,47,65,40,36
1,<environment.Job instance at 0x7f67fb1e7be0>,19,12,[5 7],20,65,77,45,51
1,<environment.Job instance at 0x7f67fb1e7f00>,15,17,[7 4],16,77,94,61,65
1,<environment.Job instance at 0x7f67fb5609b0>,24,17,[3 6],25,77,94,52,70
1,<environment.Job instance at 0x7f67fb1e77d0>,16,18,[4 6],17,94,112,77,83
1,<environment.Job instance at 0x7f67fb1e75a0>,13,18,[ 5 10],14,112,130,98,101
1,<environment.Job instance at 0x7f67b0a1a910>,35,15,[9 1],36,130,145,94,118
1,<environment.Job instance at 0x7f67f47cbf00>,43,17,[6 4],44,145,162,101,136
1,<environment.Job instance at 0x7f67fb317c30>,42,17,[1 7],43,162,179,119,151
1,<environment.Job instance at 0x7f67fb04b050>,48,14,[5 4],49,179,193,130,164
1,<environment.Job instance at 0x7f67f493baa0>,53,12,[4 9],54,193,205,139,178
1,<environment.Job instance at 0x7f67b0adb640>,59,16,[ 3 10],60,205,221,145,192
1,<environment.Job instance at 0x7f67f45b2a50>,60,3,[7 3],61,221,224,160,195
1,<environment.Job instance at 0x7f67fb560e10>,23,17,[10  5],24,224,241,200,214
1,<environment.Job instance at 0x7f67f4935140>,64,3,[3 5],65,221,224,156,215
1,<environment.Job instance at 0x7f67f4935af0>,66,16,[6 1],67,241,257,174,228
1,<environment.Job instance at 0x7f67f45b36e0>,72,14,[9 1],73,257,271,184,242
1,<environment.Job instance at 0x7f67f4935460>,70,16,[5 9],71,271,287,200,259
1,<environment.Job instance at 0x7f67b0a565a0>,79,16,[ 4 10],80,287,303,207,277
1,<environment.Job instance at 0x7f67b0a56870>,81,17,[3 7],82,303,320,221,291
1,<environment.Job instance at 0x7f67fb188780>,89,13,[ 2 10],90,320,333,230,310
1,<environment.Job instance at 0x7f67fb188460>,91,15,[7 5],92,333,348,241,319
1,<environment.Job instance at 0x7f67fb188460>,4,14,[10  4],5,9,23,4,9
1,<environment.Job instance at 0x7f67f47af5a0>,10,16,[9 2],11,23,39,12,12
1,<environment.Job instance at 0x7f67f47af3c0>,13,2,[8 4],14,39,41,25,21
1,<environment.Job instance at 0x7f67f47af460>,15,12,[5 9],16,41,53,25,24
1,<environment.Job instance at 0x7f67fb24a8c0>,6,12,[9 4],7,53,65,46,36
1,<environment.Job instance at 0x7f67fae61dc0>,20,2,[8 1],21,65,67,44,51
1,<environment.Job instance at 0x7f67fae61eb0>,22,15,[2 9],23,65,80,42,51
1,<environment.Job instance at 0x7f67f485adc0>,27,16,[3 5],28,80,96,52,69
1,<environment.Job instance at 0x7f67f485a500>,30,13,[6 4],31,80,93,49,75
1,<environment.Job instance at 0x7f67f485a6e0>,34,17,[8 3],35,98,115,63,98
1,<environment.Job instance at 0x7f67f485ad70>,38,15,[8 3],39,115,130,76,103
1,<environment.Job instance at 0x7f67fae530f0>,41,16,[5 3],42,130,146,88,117
1,<environment.Job instance at 0x7f67b08790a0>,53,14,[5 5],54,130,144,76,129
1,<environment.Job instance at 0x7f67b0879280>,54,12,[7 4],55,146,158,91,129
1,<environment.Job instance at 0x7f67b08790f0>,61,12,[6 3],62,313,325,251,313
1,<environment.Job instance at 0x7f67b08798c0>,62,16,[10  2],63,325,341,262,313
1,<environment.Job instance at 0x7f67b08795f0>,66,13,[9 5],67,341,354,274,325
1,<environment.Job instance at 0x7f67b0879f00>,69,13,[7 5],70,354,367,284,338
1,<environment.Job instance at 0x7f67b0879dc0>,72,15,[7 3],73,367,382,294,353
1,<environment.Job instance at 0x7f67b086e280>,76,2,[8 3],77,382,384,305,363
1,<environment.Job instance at 0x7f67b086e640>,79,15,[8 5],80,384,399,304,372
1,<environment.Job instance at 0x7f67b086e960>,84,15,[6 4],85,399,414,314,385
1,<environment.Job instance at 0x7f67b086efa0>,96,16,[4 9],97,414,430,317,401
1,<environment.Job instance at 0x7f67b0866410>,100,12,[5 9],101,430,442,329,413
1,<environment.Job instance at 0x7f67b0866870>,106,12,[7 5],107,442,454,335,430
1,<environment.Job instance at 0x7f67b08668c0>,107,16,[8 4],108,454,470,346,441
1,<environment.Job instance at 0x7f67b0866b90>,111,14,[ 5 10],112,470,484,358,455
1,<environment.Job instance at 0x7f67b08a5320>,118,14,[9 5],119,484,498,365,473
1,<environment.Job instance at 0x7f67b08a5730>,121,13,[5 2],122,498,511,376,485
1,<environment.Job instance at 0x7f67b08a5910>,124,17,[4 7],125,498,515,373,491
1,<environment.Job instance at 0x7f67b08a5a50>,126,13,[10  5],127,515,528,388,499
1,<environment.Job instance at 0x7f67faf2da50>,3,3,[1 6],4,6,9,2,6
1,<environment.Job instance at 0x7f67b08a5aa0>,8,15,[ 4 10],9,9,24,0,9
1,<environment.Job instance at 0x7f67fb32c780>,10,18,[5 4],11,24,42,13,17
1,<environment.Job instance at 0x7f67faf2d8c0>,2,14,[10  1],3,42,56,39,29
1,<environment.Job instance at 0x7f67b0bcc8c0>,23,16,[3 8],24,56,72,32,45
1,<environment.Job instance at 0x7f67b0bcc9b0>,24,16,[9 2],25,72,88,47,62
1,<environment.Job instance at 0x7f67b0bccf00>,27,18,[5 5],28,88,106,60,79
1,<environment.Job instance at 0x7f67b0dcc1e0>,33,18,[4 5],34,98,116,64,98
1,<environment.Job instance at 0x7f67b0a85410>,41,16,[6 5],42,108,124,66,108
1,<environment.Job instance at 0x7f67b0cd27d0>,18,18,[ 4 10],19,124,142,105,116
1,<environment.Job instance at 0x7f67f4894b40>,46,12,[ 1 10],47,142,154,95,125
1,<environment.Job instance at 0x7f67f47b1af0>,48,15,[1 8],49,154,169,105,143
1,<environment.Job instance at 0x7f67b0f4f230>,49,3,[4 5],50,169,172,119,143
1,<environment.Job instance at 0x7f67f49fc9b0>,50,15,[5 1],51,154,169,103,143
1,<environment.Job instance at 0x7f67f49fce60>,51,13,[5 2],52,169,182,117,154
1,<environment.Job instance at 0x7f67fb2faf00>,61,14,[6 1],62,182,196,120,173
1,<environment.Job instance at 0x7f67b0f2f3c0>,64,17,[3 7],65,175,192,110,175
1,<environment.Job instance at 0x7f67b0f2f230>,66,14,[7 5],67,196,210,129,187
1,<environment.Job instance at 0x7f67f4741410>,70,18,[5 5],71,210,228,139,199
1,<environment.Job instance at 0x7f67f4480730>,73,18,[5 2],74,210,228,136,210
1,<environment.Job instance at 0x7f67f4480230>,74,16,[7 5],75,228,244,153,215
1,<environment.Job instance at 0x7f67f48c1c80>,81,13,[9 1],82,244,257,162,232
1,<environment.Job instance at 0x7f67faf13c30>,84,15,[10  2],85,257,272,172,244
1,<environment.Job instance at 0x7f67b0e0c500>,92,18,[9 2],93,272,290,179,262
1,<environment.Job instance at 0x7f67b0e0c690>,95,14,[6 3],96,290,304,194,277
1,<environment.Job instance at 0x7f67b0a203c0>,106,18,[ 2 10],107,304,322,197,296
1,<environment.Job instance at 0x7f67b0a201e0>,108,14,[9 5],109,322,336,213,310
1,<environment.Job instance at 0x7f67b0a20eb0>,111,15,[7 3],112,336,351,224,322
1,<environment.Job instance at 0x7f67f4610e10>,121,14,[8 4],122,381,395,259,381
1,<environment.Job instance at 0x7f67f4610500>,125,3,[10  3],126,395,398,269,382
1,<environment.Job instance at 0x7f67fb32c820>,1,2,[6 2],2,2,4,0,2
1,<environment.Job instance at 0x7f67fca5da50>,3,3,[7 2],4,4,7,0,4
1,<environment.Job instance at 0x7f67f4b2de60>,4,13,[5 8],5,7,20,2,7
1,<environment.Job instance at 0x7f67b08815f0>,8,17,[7 5],9,20,37,11,9
1,<environment.Job instance at 0x7f67b0f040f0>,6,18,[1 5],7,20,38,13,15
1,<environment.Job instance at 0x7f67f45bf0a0>,11,16,[2 5],12,37,53,25,24
1,<environment.Job instance at 0x7f67fb46d190>,13,16,[1 5],14,38,54,24,25
1,<environment.Job instance at 0x7f67b08811e0>,9,13,[4 8],10,54,67,44,42
1,<environment.Job instance at 0x7f67f4a099b0>,26,14,[5 4],27,67,81,40,55
1,<environment.Job instance at 0x7f67b0f85320>,19,16,[5 6],20,67,83,47,55
1,<environment.Job instance at 0x7f67b0cd2eb0>,32,3,[6 1],33,58,61,25,58
1,<environment.Job instance at 0x7f67f4a09960>,28,12,[1 9],29,83,95,54,69
1,<environment.Job instance at 0x7f67fb317410>,21,18,[4 9],22,95,113,73,84
1,<environment.Job instance at 0x7f67f4adc640>,39,17,[9 1],40,113,130,73,103
1,<environment.Job instance at 0x7f67b0db9c80>,43,17,[ 4 10],44,130,147,86,122
1,<environment.Job instance at 0x7f67f4538eb0>,51,12,[8 2],52,147,159,95,131
1,<environment.Job instance at 0x7f67f4538e60>,54,15,[4 7],55,159,174,104,146
1,<environment.Job instance at 0x7f67b0cd2cd0>,35,18,[ 2 10],36,174,192,138,163
1,<environment.Job instance at 0x7f67b0ed15a0>,64,13,[1 9],65,192,205,127,181
1,<environment.Job instance at 0x7f67b0ed16e0>,61,16,[4 9],62,205,221,143,201
1,<environment.Job instance at 0x7f67fb3da140>,76,16,[9 3],77,221,237,144,209
1,<environment.Job instance at 0x7f67fb3da410>,81,14,[3 5],82,237,251,155,224
1,<environment.Job instance at 0x7f67fb2cd460>,82,14,[6 3],83,237,251,154,224
1,<environment.Job instance at 0x7f67fb2cd320>,87,17,[4 6],88,251,268,163,245
1,<environment.Job instance at 0x7f67f489e6e0>,92,16,[1 9],93,268,284,175,257
1,<environment.Job instance at 0x7f67b0c68e10>,96,16,[2 7],97,284,300,187,279
1,<environment.Job instance at 0x7f67b0c225a0>,100,14,[1 9],101,300,314,199,293
1,<environment.Job instance at 0x7f67b0c22050>,104,17,[10  5],105,314,331,209,303
1,<environment.Job instance at 0x7f67b0878b90>,8,13,[5 7],9,12,25,3,12
1,<environment.Job instance at 0x7f67fae43230>,15,18,[10  4],16,29,47,13,29
1,<environment.Job instance at 0x7f67fae43820>,17,15,[7 2],18,47,62,29,33
1,<environment.Job instance at 0x7f67fae43be0>,22,18,[3 6],23,51,69,28,51
1,<environment.Job instance at 0x7f67f4ac53c0>,29,15,[6 5],30,69,84,39,55
1,<environment.Job instance at 0x7f67f4aac640>,2,16,[9 3],3,84,100,81,75
1,<environment.Job instance at 0x7f67f4ac5780>,32,15,[ 2 10],33,100,115,67,96
1,<environment.Job instance at 0x7f67f4ac5e10>,34,17,[10  3],35,125,142,90,125
1,<environment.Job instance at 0x7f67f4ac5be0>,43,12,[4 8],44,142,154,98,134
1,<environment.Job instance at 0x7f67b0d8a050>,2,2,[5 5],3,3,5,0,3
1,<environment.Job instance at 0x7f67b0a8ce60>,4,1,[9 1],5,7,8,2,7
1,<environment.Job instance at 0x7f67f489ef50>,6,13,[4 5],7,8,21,1,7
1,<environment.Job instance at 0x7f67b0eca780>,10,2,[7 1],11,21,23,10,12
1,<environment.Job instance at 0x7f67b0d98d20>,13,12,[5 8],14,23,35,9,23
1,<environment.Job instance at 0x7f67b0df42d0>,9,18,[7 2],10,35,53,25,31
1,<environment.Job instance at 0x7f67b0ed1cd0>,28,3,[2 8],29,35,38,6,33
1,<environment.Job instance at 0x7f67f4916e10>,29,2,[4 5],30,53,55,23,33
1,<environment.Job instance at 0x7f67f49165a0>,33,14,[1 8],34,38,52,4,38
1,<environment.Job instance at 0x7f67b0ed1960>,20,12,[10  4],21,55,67,34,38
1,<environment.Job instance at 0x7f67b0a28f50>,41,3,[2 9],42,67,70,25,52
1,<environment.Job instance at 0x7f67fb7e3870>,43,15,[8 4],44,70,85,26,57
1,<environment.Job instance at 0x7f67b0ec8280>,47,2,[5 7],48,85,87,37,65
1,<environment.Job instance at 0x7f67b0ec8cd0>,49,1,[6 3],50,87,88,37,65
1,<environment.Job instance at 0x7f67b0ec8550>,50,16,[6 2],51,88,104,37,75
1,<environment.Job instance at 0x7f67b0ec83c0>,52,1,[5 5],53,104,105,51,76
1,<environment.Job instance at 0x7f67b0c6bd70>,57,13,[7 4],58,105,118,47,97
1,<environment.Job instance at 0x7f67b0f79c30>,60,13,[10  1],61,118,131,57,108
1,<environment.Job instance at 0x7f67b0f79be0>,67,18,[4 7],68,143,161,75,143
1,<environment.Job instance at 0x7f67f4817190>,69,2,[5 9],70,161,163,91,143
1,<environment.Job instance at 0x7f67b0ed1f50>,26,16,[ 5 10],27,170,186,143,170
1,<environment.Job instance at 0x7f67f4817d70>,76,16,[5 2],77,186,202,109,186
1,<environment.Job instance at 0x7f67b0c81500>,77,1,[6 4],78,202,203,124,186
1,<environment.Job instance at 0x7f67b0c815f0>,80,3,[ 4 10],81,203,206,122,193
1,<environment.Job instance at 0x7f67b0c810f0>,81,3,[6 5],82,206,209,124,193
1,<environment.Job instance at 0x7f67b0c81910>,82,15,[ 3 10],83,209,224,126,197
1,<environment.Job instance at 0x7f67b0c81f00>,85,14,[2 9],86,224,238,138,212
1,<environment.Job instance at 0x7f67f4731370>,95,14,[10  1],96,238,252,142,234
1,<environment.Job instance at 0x7f67f4731cd0>,97,17,[1 7],98,252,269,154,240
1,<environment.Job instance at 0x7f67f43f90a0>,101,16,[2 6],102,269,285,167,257
1,<environment.Job instance at 0x7f67f43f9aa0>,102,17,[8 1],103,257,274,154,257
1,<environment.Job instance at 0x7f67b0878f50>,3,13,[4 7],4,5,18,1,5
1,<environment.Job instance at 0x7f67b077e500>,5,16,[5 7],6,18,34,12,9
1,<environment.Job instance at 0x7f67b07c4f50>,6,12,[4 6],7,34,46,27,19
1,<environment.Job instance at 0x7f67b0d982d0>,12,12,[5 4],13,34,46,21,21
1,<environment.Job instance at 0x7f67b08782d0>,1,12,[7 4],2,46,58,44,30
1,<environment.Job instance at 0x7f67f4accb40>,19,3,[5 2],20,58,61,38,32
1,<environment.Job instance at 0x7f67f4acc0f0>,21,2,[4 8],22,58,60,36,32
1,<environment.Job instance at 0x7f67f4676870>,25,2,[7 1],26,61,63,35,35
1,<environment.Job instance at 0x7f67f4676640>,27,14,[9 3],28,63,77,35,48
1,<environment.Job instance at 0x7f67f4676550>,31,15,[3 9],32,77,92,45,65
1,<environment.Job instance at 0x7f67b0efe3c0>,37,15,[6 1],38,77,92,39,77
1,<environment.Job instance at 0x7f67faf4ab90>,44,1,[7 5],45,114,115,69,114
1,<environment.Job instance at 0x7f67f4accc80>,22,17,[3 8],23,115,132,92,114
1,<environment.Job instance at 0x7f67b0882050>,53,18,[10  5],54,132,150,78,121
1,<environment.Job instance at 0x7f67b0d98140>,13,13,[10  3],14,150,163,136,135
1,<environment.Job instance at 0x7f67b081fcd0>,69,12,[9 3],70,163,175,93,149
1,<environment.Job instance at 0x7f67f4590280>,56,16,[3 6],57,175,191,118,163
1,<environment.Job instance at 0x7f67f46cff00>,80,13,[8 3],81,191,204,110,176
1,<environment.Job instance at 0x7f67b081f320>,74,17,[10  4],75,204,221,129,196
1,<environment.Job instance at 0x7f67f47af6e0>,92,12,[10  3],93,221,233,128,212
1,<environment.Job instance at 0x7f67f47af140>,94,16,[6 3],95,233,249,138,224
1,<environment.Job instance at 0x7f67b0a89730>,98,16,[10  3],99,249,265,150,236
1,<environment.Job instance at 0x7f67b0a89aa0>,103,16,[4 9],104,265,281,161,254
1,<environment.Job instance at 0x7f67b0a892d0>,111,12,[1 7],112,281,293,169,266
1,<environment.Job instance at 0x7f67f4590cd0>,63,18,[4 9],64,305,323,241,305
1,<environment.Job instance at 0x7f67faf2bc30>,123,15,[10  1],124,323,338,199,319
1,<environment.Job instance at 0x7f67faf2b140>,128,18,[5 6],129,338,356,209,327
1,<environment.Job instance at 0x7f67fb41ae10>,1,12,[8 3],2,4,16,2,4
1,<environment.Job instance at 0x7f67f4ac5730>,4,16,[5 6],5,16,32,11,6
1,<environment.Job instance at 0x7f67f463bc80>,15,2,[1 8],16,32,34,16,21
1,<environment.Job instance at 0x7f67fb5c08c0>,16,18,[3 5],17,34,52,17,24
1,<environment.Job instance at 0x7f67b0878c80>,5,16,[10  2],6,52,68,46,42
1,<environment.Job instance at 0x7f67b0b32780>,28,13,[5 9],29,68,81,39,55
1,<environment.Job instance at 0x7f67b0b32e60>,26,14,[3 9],27,81,95,54,66
1,<environment.Job instance at 0x7f67fb2dc050>,40,12,[3 8],41,95,107,54,81
1,<environment.Job instance at 0x7f67b0640e60>,31,17,[2 9],32,107,124,75,95
1,<environment.Job instance at 0x7f67f43fb730>,49,15,[5 3],50,124,139,74,114
1,<environment.Job instance at 0x7f67faeb8820>,24,18,[3 8],25,139,157,114,128
1,<environment.Job instance at 0x7f67b0df50f0>,53,17,[5 1],54,128,145,74,128
1,<environment.Job instance at 0x7f67b0f12910>,58,14,[3 8],59,157,171,98,142
1,<environment.Job instance at 0x7f67b0f12eb0>,61,16,[8 5],62,171,187,109,158
1,<environment.Job instance at 0x7f67b0f12e60>,62,2,[5 1],63,158,160,95,158
1,<environment.Job instance at 0x7f67b0f12460>,64,17,[5 7],65,187,204,122,176
1,<environment.Job instance at 0x7f67b0fdaf00>,75,15,[8 2],76,204,219,128,191
1,<environment.Job instance at 0x7f67b0e17050>,0,14,[7 4],1,1,15,0,1
1,<environment.Job instance at 0x7f67f46a32d0>,2,1,[6 3],3,15,16,12,3
1,<environment.Job instance at 0x7f67fae40280>,3,2,[4 5],4,15,17,11,4
1,<environment.Job instance at 0x7f67f4a3fbe0>,5,18,[5 3],6,16,34,10,6
1,<environment.Job instance at 0x7f67b0659b40>,10,12,[ 4 10],11,34,46,23,23
1,<environment.Job instance at 0x7f67fb3bdc80>,11,17,[6 1],12,46,63,34,35
1,<environment.Job instance at 0x7f67f468a0f0>,28,18,[5 5],29,81,99,52,81
1,<environment.Job instance at 0x7f67fafb34b0>,31,1,[9 3],32,99,100,67,81
1,<environment.Job instance at 0x7f67f4a41050>,30,1,[ 5 10],31,100,101,69,81
1,<environment.Job instance at 0x7f67f4a41960>,32,1,[1 7],33,99,100,66,81
1,<environment.Job instance at 0x7f67fafb3190>,33,1,[5 4],34,81,82,47,81
1,<environment.Job instance at 0x7f67fb0c7aa0>,35,2,[8 2],36,101,103,65,81
1,<environment.Job instance at 0x7f67b0aba230>,25,1,[4 6],26,103,104,77,84
1,<environment.Job instance at 0x7f67f472b960>,41,1,[9 1],42,104,105,62,88
1,<environment.Job instance at 0x7f67b0890730>,42,18,[7 2],43,105,123,62,94
1,<environment.Job instance at 0x7f67f472bbe0>,38,14,[9 3],39,123,137,84,110
1,<environment.Job instance at 0x7f67fb2a46e0>,48,12,[3 8],49,137,149,88,120
1,<environment.Job instance at 0x7f67b09c9410>,45,16,[2 7],46,149,165,103,136
1,<environment.Job instance at 0x7f67f467f5f0>,55,13,[6 1],56,154,167,98,154
1,<environment.Job instance at 0x7f67f46a1c30>,59,13,[3 6],60,165,178,105,161
1,<environment.Job instance at 0x7f67f4838410>,62,2,[2 5],63,178,180,115,161
1,<environment.Job instance at 0x7f67f4838aa0>,68,12,[6 2],69,167,179,98,166
1,<environment.Job instance at 0x7f67f4838820>,70,16,[8 2],71,179,195,108,169
1,<environment.Job instance at 0x7f67f4838730>,72,17,[5 5],73,195,212,122,183
1,<environment.Job instance at 0x7f67f4576e10>,77,2,[4 6],78,212,214,134,192
1,<environment.Job instance at 0x7f67fafb3690>,34,18,[ 2 10],35,214,232,179,205
1,<environment.Job instance at 0x7f67f48380f0>,65,17,[5 8],66,232,249,166,220
1,<environment.Job instance at 0x7f67faed4640>,86,15,[6 4],87,249,264,162,235
1,<environment.Job instance at 0x7f67fb2a4dc0>,49,16,[ 3 10],50,264,280,214,251
1,<environment.Job instance at 0x7f67b0947550>,99,14,[5 9],100,280,294,180,265
1,<environment.Job instance at 0x7f67b0d6ea50>,109,12,[1 5],110,294,306,184,292
1,<environment.Job instance at 0x7f67f4916690>,112,13,[3 6],113,306,319,193,293
1,<environment.Job instance at 0x7f67fb595280>,114,18,[1 8],115,319,337,204,308
1,<environment.Job instance at 0x7f67f45b7b90>,121,3,[10  5],122,337,340,215,323
1,<environment.Job instance at 0x7f67f476e190>,119,17,[6 3],120,340,357,220,329
1,<environment.Job instance at 0x7f67f45b7e10>,122,18,[1 6],123,340,358,217,339
1,<environment.Job instance at 0x7f67f45b74b0>,126,13,[4 6],127,358,371,231,342
1,<environment.Job instance at 0x7f67f4523a00>,1,2,[4 7],2,2,4,0,2
1,<environment.Job instance at 0x7f67fafb30f0>,2,17,[6 3],3,8,25,5,8
1,<environment.Job instance at 0x7f67b090d050>,10,3,[7 1],11,27,30,16,27
1,<environment.Job instance at 0x7f67b090d9b0>,12,16,[7 1],13,30,46,17,27
1,<environment.Job instance at 0x7f67b090d140>,15,2,[3 7],16,32,34,16,32
1,<environment.Job instance at 0x7f67b090d3c0>,19,17,[7 5],20,46,63,26,34
1,<environment.Job instance at 0x7f67b090d640>,11,12,[10  1],12,63,75,51,46
1,<environment.Job instance at 0x7f67fb327550>,26,15,[8 5],27,75,90,48,64
1,<environment.Job instance at 0x7f67b0e61cd0>,29,17,[7 1],30,90,107,60,78
1,<environment.Job instance at 0x7f67b0e61460>,33,12,[9 4],34,107,119,73,90
1,<environment.Job instance at 0x7f67b0e61960>,39,13,[4 9],40,119,132,79,103
1,<environment.Job instance at 0x7f67b0e61f50>,42,17,[3 8],43,132,149,89,130
1,<environment.Job instance at 0x7f67b0e615a0>,43,14,[4 9],44,149,163,105,134
1,<environment.Job instance at 0x7f67b072eeb0>,48,14,[10  3],49,163,177,114,150
1,<environment.Job instance at 0x7f67b0611aa0>,49,18,[8 2],50,177,195,127,166
1,<environment.Job instance at 0x7f67b0611d20>,55,12,[2 6],56,177,189,121,166
1,<environment.Job instance at 0x7f67b06113c0>,57,12,[3 7],58,195,207,137,178
1,<environment.Job instance at 0x7f67b0611780>,56,18,[10  1],57,207,225,150,198
1,<environment.Job instance at 0x7f67b0683870>,63,17,[7 3],64,225,242,161,215
1,<environment.Job instance at 0x7f67b06835a0>,66,12,[4 6],67,242,254,175,225
1,<environment.Job instance at 0x7f67b06831e0>,68,12,[3 9],69,254,266,185,243
1,<environment.Job instance at 0x7f67b0683dc0>,73,17,[10  3],74,266,283,192,254
1,<environment.Job instance at 0x7f67b06830f0>,76,16,[2 9],77,283,299,206,270
1,<environment.Job instance at 0x7f67b090db90>,1,14,[4 8],2,2,16,0,2
1,<environment.Job instance at 0x7f67fb7ec780>,2,2,[5 5],3,16,18,13,3
1,<environment.Job instance at 0x7f67f4abeb90>,0,17,[6 1],1,18,35,17,16
1,<environment.Job instance at 0x7f67b06a24b0>,19,17,[4 6],20,27,44,7,27
1,<environment.Job instance at 0x7f67f43de820>,21,15,[5 1],22,35,50,13,27
1,<environment.Job instance at 0x7f67f43de1e0>,15,18,[7 4],16,50,68,34,41
1,<environment.Job instance at 0x7f67fbba5370>,32,17,[ 1 10],33,68,85,35,56
1,<environment.Job instance at 0x7f67b07e3960>,34,15,[7 5],35,85,100,50,71
1,<environment.Job instance at 0x7f67fb1cd9b0>,36,15,[5 5],37,100,115,63,88
1,<environment.Job instance at 0x7f67b0659320>,42,16,[2 8],43,123,139,80,123
1,<environment.Job instance at 0x7f67b0c39a50>,43,12,[3 6],44,139,151,95,124
1,<environment.Job instance at 0x7f67fae3b780>,44,14,[7 2],45,125,139,80,125
1,<environment.Job instance at 0x7f67fae203c0>,50,16,[1 9],51,151,167,100,151
1,<environment.Job instance at 0x7f67fae20550>,52,16,[5 3],53,167,183,114,157
1,<environment.Job instance at 0x7f67fae20370>,57,12,[ 2 10],58,183,195,125,166
1,<environment.Job instance at 0x7f67fae35140>,62,17,[5 8],63,246,263,183,246
1,<environment.Job instance at 0x7f67fb080190>,65,12,[ 4 10],66,264,276,198,264
1,<environment.Job instance at 0x7f67fae17c80>,76,16,[6 2],77,317,333,240,317
1,<environment.Job instance at 0x7f67b06ee280>,88,12,[7 2],89,397,409,308,397
1,<environment.Job instance at 0x7f67f43de5f0>,2,14,[ 3 10],3,4,18,1,4
1,<environment.Job instance at 0x7f67b06566e0>,5,2,[1 9],6,18,20,12,6
1,<environment.Job instance at 0x7f67b0ed7960>,6,13,[ 5 10],7,20,33,13,11
1,<environment.Job instance at 0x7f67f44c8780>,17,15,[10  1],18,33,48,15,19
1,<environment.Job instance at 0x7f67b06e30f0>,0,12,[8 3],1,48,60,47,40
1,<environment.Job instance at 0x7f67b09d88c0>,27,1,[1 6],28,48,49,20,42
1,<environment.Job instance at 0x7f67b09d8690>,29,2,[7 3],30,60,62,30,44
1,<environment.Job instance at 0x7f67f4811d20>,14,18,[2 5],15,49,67,34,49
1,<environment.Job instance at 0x7f67fb0d31e0>,32,18,[7 3],33,62,80,29,51
1,<environment.Job instance at 0x7f67fb3d2f50>,40,15,[8 2],41,80,95,39,66
1,<environment.Job instance at 0x7f67b060ebe0>,47,13,[10  3],48,95,108,47,79
1,<environment.Job instance at 0x7f67f4b00dc0>,53,13,[8 4],54,108,121,54,94
1,<environment.Job instance at 0x7f67f4b00b40>,56,15,[7 3],57,121,136,64,107
1,<environment.Job instance at 0x7f67f4b009b0>,59,15,[ 5 10],60,136,151,76,122
1,<environment.Job instance at 0x7f67b060eaf0>,46,16,[ 5 10],47,151,167,104,141
1,<environment.Job instance at 0x7f67b0c0c0f0>,66,12,[5 9],67,167,179,100,153
1,<environment.Job instance at 0x7f67f44ce690>,41,16,[4 9],42,179,195,137,167
1,<environment.Job instance at 0x7f67b060e5a0>,48,18,[10  5],49,195,213,146,184
1,<environment.Job instance at 0x7f67fb1d1780>,5,2,[4 7],6,7,9,1,7
1,<environment.Job instance at 0x7f67b060ea50>,2,2,[7 5],3,9,11,6,9
1,<environment.Job instance at 0x7f67fb1d1eb0>,11,13,[4 5],12,15,28,3,15
1,<environment.Job instance at 0x7f67fb1d19b0>,12,3,[6 3],13,15,18,2,15
1,<environment.Job instance at 0x7f67fb1d1960>,17,13,[5 5],18,19,32,1,19
1,<environment.Job instance at 0x7f67b09fb8c0>,18,3,[7 5],19,32,35,13,20
1,<environment.Job instance at 0x7f67b09fb5f0>,19,17,[10  1],20,35,52,15,26
1,<environment.Job instance at 0x7f67b09fb6e0>,21,2,[8 2],22,52,54,30,34
1,<environment.Job instance at 0x7f67fb264410>,24,1,[9 2],25,54,55,29,41
1,<environment.Job instance at 0x7f67fb264a50>,25,2,[5 1],26,55,57,29,41
1,<environment.Job instance at 0x7f67fb264320>,26,3,[6 3],27,57,60,30,41
1,<environment.Job instance at 0x7f67fb264aa0>,27,14,[10  2],28,60,74,32,46
1,<environment.Job instance at 0x7f67fb264190>,30,1,[4 8],31,74,75,43,62
1,<environment.Job instance at 0x7f67fb264eb0>,31,17,[9 4],32,75,92,43,63
1,<environment.Job instance at 0x7f67fb36bf50>,36,13,[9 1],37,92,105,55,81
1,<environment.Job instance at 0x7f67fb36b7d0>,37,18,[10  3],38,105,123,67,95
1,<environment.Job instance at 0x7f67fb1d18c0>,10,16,[ 1 10],11,123,139,112,113
1,<environment.Job instance at 0x7f67fb358550>,45,12,[4 8],46,139,151,93,124
1,<environment.Job instance at 0x7f67fb3585a0>,51,16,[6 2],52,146,162,94,146
1,<environment.Job instance at 0x7f67b09fb0a0>,16,16,[10  2],17,162,178,145,149
1,<environment.Job instance at 0x7f67b0b83f00>,56,17,[9 4],57,178,195,121,167
1,<environment.Job instance at 0x7f67b0b83320>,61,16,[4 7],62,195,211,133,182
1,<environment.Job instance at 0x7f67b0b83a50>,63,13,[ 4 10],64,211,224,147,205
1,<environment.Job instance at 0x7f67f4877280>,67,12,[6 5],68,224,236,156,210
1,<environment.Job instance at 0x7f67f4877e60>,69,15,[7 2],70,236,251,166,223
1,<environment.Job instance at 0x7f67fb3580f0>,47,18,[3 6],48,236,254,188,228
1,<environment.Job instance at 0x7f67faf2ff00>,79,13,[4 7],80,254,267,174,247
1,<environment.Job instance at 0x7f67faf2f230>,80,15,[1 8],81,267,282,186,256
1,<environment.Job instance at 0x7f67faf2f140>,83,2,[8 5],84,282,284,198,256
1,<environment.Job instance at 0x7f67b0e3bb90>,73,18,[ 4 10],74,284,302,210,273
1,<environment.Job instance at 0x7f67faf0da00>,97,17,[8 4],98,302,319,204,290
1,<environment.Job instance at 0x7f67faf0d6e0>,101,16,[1 8],102,319,335,217,307
1,<environment.Job instance at 0x7f67f453d0a0>,1,2,[2 5],2,3,5,1,3
1,<environment.Job instance at 0x7f67fb1d10a0>,2,2,[3 9],3,5,7,2,3
1,<environment.Job instance at 0x7f67b0cd3dc0>,7,17,[2 8],8,10,27,2,10
1,<environment.Job instance at 0x7f67fb370280>,10,1,[6 3],11,27,28,16,11
1,<environment.Job instance at 0x7f67fb30a690>,14,2,[1 7],15,27,29,12,16
1,<environment.Job instance at 0x7f67fb30a960>,15,14,[5 5],16,29,43,13,18
1,<environment.Job instance at 0x7f67fb30a870>,17,17,[2 5],18,29,46,11,27
1,<environment.Job instance at 0x7f67b0a1ba50>,23,17,[7 4],24,43,60,19,34
1,<environment.Job instance at 0x7f67b0a1baa0>,27,14,[6 2],28,60,74,32,48
1,<environment.Job instance at 0x7f67b0a1b320>,29,13,[5 3],30,74,87,44,58
1,<environment.Job instance at 0x7f67b0a052d0>,35,3,[5 5],36,74,77,38,69
1,<environment.Job instance at 0x7f67fb30a230>,19,17,[9 4],20,87,104,67,77
1,<environment.Job instance at 0x7f67b0a05640>,39,14,[ 1 10],40,104,118,64,89
1,<environment.Job instance at 0x7f67b0a1a370>,44,16,[10  5],45,118,134,73,108
1,<environment.Job instance at 0x7f67b0a1af50>,48,12,[1 5],49,134,146,85,118
1,<environment.Job instance at 0x7f67b0a1aaa0>,49,12,[8 1],50,134,146,84,118
1,<environment.Job instance at 0x7f67b0a0c640>,55,3,[6 5],56,146,149,90,135
1,<environment.Job instance at 0x7f67b0a0c6e0>,56,15,[5 8],57,149,164,92,137
1,<environment.Job instance at 0x7f67b0a0cc80>,59,17,[2 5],60,164,181,104,153
1,<environment.Job instance at 0x7f67b0a0c9b0>,61,18,[4 5],62,176,194,114,176
1,<environment.Job instance at 0x7f67b0a0c500>,63,12,[5 2],64,181,193,117,176
1,<environment.Job instance at 0x7f67b0a0cd20>,66,18,[3 7],67,194,212,127,183
1,<environment.Job instance at 0x7f67b0a21410>,69,18,[6 5],70,212,230,142,201
1,<environment.Job instance at 0x7f67b0a21e60>,75,18,[1 6],76,230,248,154,219
1,<environment.Job instance at 0x7f67b0a21cd0>,78,12,[2 5],79,248,260,169,233
1,<environment.Job instance at 0x7f67b0a21e10>,81,18,[9 3],82,260,278,178,249
1,<environment.Job instance at 0x7f67b09fcaf0>,89,12,[1 7],90,265,277,175,265
1,<environment.Job instance at 0x7f67b09fc460>,91,14,[1 7],92,277,291,185,265
1,<environment.Job instance at 0x7f67b09fc0f0>,94,13,[1 6],95,291,304,196,281
1,<environment.Job instance at 0x7f67b09fc8c0>,97,18,[3 8],98,304,322,206,297
1,<environment.Job instance at 0x7f67b09fc2d0>,101,17,[9 5],102,322,339,220,310
1,<environment.Job instance at 0x7f67b0a09aa0>,105,16,[ 4 10],106,339,355,233,327
1,<environment.Job instance at 0x7f67b0a099b0>,110,12,[3 6],111,355,367,244,341
1,<environment.Job instance at 0x7f67b0a09960>,111,14,[7 4],112,355,369,243,341
1,<environment.Job instance at 0x7f67b0a09370>,115,14,[1 5],116,367,381,251,355
1,<environment.Job instance at 0x7f67b0a0edc0>,117,12,[6 5],118,369,381,251,356
1,<environment.Job instance at 0x7f67b0a0ed20>,120,13,[2 9],121,381,394,260,371
1,<environment.Job instance at 0x7f67b0a0e7d0>,127,24,[2 9],128,397,421,269,397
1,<environment.Job instance at 0x7f89c02bd2d0>,3,3,[4 8],4,4,7,0,4
1,<environment.Job instance at 0x7f89c02bd230>,4,14,[1 6],5,7,21,2,5
1,<environment.Job instance at 0x7f89c02bd4b0>,5,2,[1 5],6,21,23,15,6
1,<environment.Job instance at 0x7f89c02bd460>,6,20,[6 1],7,7,27,0,7
1,<environment.Job instance at 0x7f89c02bd370>,7,1,[5 4],8,27,28,19,9
1,<environment.Job instance at 0x7f89c02bdc80>,14,13,[7 3],15,28,41,13,22
1,<environment.Job instance at 0x7f89c02bdd20>,15,18,[2 8],16,41,59,25,30
1,<environment.Job instance at 0x7f89c76cd140>,8,13,[5 5],9,59,72,50,44
1,<environment.Job instance at 0x7f89c02c05f0>,25,12,[ 5 10],26,72,84,46,59
1,<environment.Job instance at 0x7f89c02c0b90>,31,14,[2 5],32,84,98,52,70
1,<environment.Job instance at 0x7f89c02c0cd0>,33,14,[5 5],34,84,98,50,73
1,<environment.Job instance at 0x7f89c02c0af0>,39,2,[5 6],40,98,100,58,81
1,<environment.Job instance at 0x7f89c02c0e10>,35,15,[9 5],36,100,115,64,86
1,<environment.Job instance at 0x7f89c02c10a0>,43,18,[5 5],44,115,133,71,104
1,<environment.Job instance at 0x7f89c02bdbe0>,13,18,[ 4 10],14,133,151,119,127
1,<environment.Job instance at 0x7f89c02c1d70>,53,17,[5 7],54,151,168,97,141
1,<environment.Job instance at 0x7f89c02c47d0>,1,13,[5 6],2,7,20,5,7
1,<environment.Job instance at 0x7f89c02d6140>,14,14,[8 4],15,20,34,5,16
1,<environment.Job instance at 0x7f89c02d6be0>,16,1,[6 3],17,34,35,17,17
1,<environment.Job instance at 0x7f89c02d65a0>,12,14,[1 8],13,35,49,22,20
1,<environment.Job instance at 0x7f89c02d8f50>,23,15,[5 2],24,35,50,11,30
1,<environment.Job instance at 0x7f89c02d89b0>,24,3,[6 4],25,50,53,25,30
1,<environment.Job instance at 0x7f89c02d6910>,21,15,[1 7],22,53,68,31,39
1,<environment.Job instance at 0x7f89c02dceb0>,33,18,[6 5],34,68,86,34,60
1,<environment.Job instance at 0x7f897c6b7f50>,41,13,[8 5],42,86,99,44,77
1,<environment.Job instance at 0x7f89c02de3c0>,39,14,[2 6],40,99,113,59,85
1,<environment.Job instance at 0x7f897c6c1280>,51,17,[10  2],52,113,130,61,102
1,<environment.Job instance at 0x7f897c6c16e0>,56,14,[5 5],57,130,144,73,115
1,<environment.Job instance at 0x7f897c6c1960>,61,14,[1 6],62,144,158,82,130
1,<environment.Job instance at 0x7f897c6434b0>,63,14,[7 5],64,158,172,94,149
1,<environment.Job instance at 0x7f897c6439b0>,70,3,[5 6],71,172,175,101,157
1,<environment.Job instance at 0x7f897c6c2f50>,76,12,[ 3 10],77,177,189,100,177
1,<environment.Job instance at 0x7f897c6c2870>,80,18,[4 5],81,189,207,108,179
1,<environment.Job instance at 0x7f897c6c3e10>,86,14,[10  1],87,207,221,120,192
1,<environment.Job instance at 0x7f897c6bf820>,88,15,[7 5],89,221,236,132,207
1,<environment.Job instance at 0x7f897c7350f0>,90,13,[7 4],91,236,249,145,220
1,<environment.Job instance at 0x7f897c6db3c0>,101,2,[9 5],102,249,251,147,238
1,<environment.Job instance at 0x7f897c788a50>,102,2,[9 3],103,251,253,148,238
1,<environment.Job instance at 0x7f897c7b1460>,104,16,[7 5],105,253,269,148,249
1,<environment.Job instance at 0x7f897c7b1190>,108,18,[4 6],109,271,289,162,271
1,<environment.Job instance at 0x7f897c7ae730>,114,14,[5 5],115,289,303,174,274
1,<environment.Job instance at 0x7f89c7842190>,7,3,[6 3],8,9,12,1,9
1,<environment.Job instance at 0x7f89c7842370>,8,13,[8 5],9,12,25,3,11
1,<environment.Job instance at 0x7f897c580fa0>,10,18,[6 1],11,25,43,14,14
1,<environment.Job instance at 0x7f897c5200a0>,16,1,[7 3],17,43,44,26,17
1,<environment.Job instance at 0x7f897c5207d0>,19,16,[9 4],20,44,60,24,32
1,<environment.Job instance at 0x7f89c008cb90>,21,3,[4 5],22,36,39,14,36
1,<environment.Job instance at 0x7f89c73a12d0>,23,2,[5 1],24,60,62,36,36
1,<environment.Job instance at 0x7f89c07ba0f0>,24,17,[9 4],25,62,79,37,54
1,<environment.Job instance at 0x7f89c0873fa0>,26,2,[5 5],27,60,62,33,54
1,<environment.Job instance at 0x7f89c003a3c0>,28,17,[3 6],29,79,96,50,67
1,<environment.Job instance at 0x7f89c051c5a0>,31,14,[8 2],32,96,110,64,81
1,<environment.Job instance at 0x7f897c5615a0>,36,3,[ 5 10],37,110,113,73,95
1,<environment.Job instance at 0x7f897c561cd0>,37,1,[8 5],38,113,114,75,95
1,<environment.Job instance at 0x7f897c520280>,12,18,[8 2],13,114,132,101,105
1,<environment.Job instance at 0x7f897c5f2410>,45,12,[2 6],46,117,129,71,117
1,<environment.Job instance at 0x7f897c5f2820>,46,15,[2 7],47,129,144,82,125
1,<environment.Job instance at 0x7f897c5f2a50>,48,15,[7 5],49,144,159,95,131
1,<environment.Job instance at 0x7f897c5f2b40>,52,3,[7 1],53,133,136,80,133
1,<environment.Job instance at 0x7f89c76f4730>,4,15,[10  4],5,175,190,170,175
1,<environment.Job instance at 0x7f897c598c30>,58,1,[2 9],59,190,191,131,183
1,<environment.Job instance at 0x7f89c0436c80>,60,15,[7 1],61,190,205,129,184
1,<environment.Job instance at 0x7f897c598b90>,61,17,[10  3],62,205,222,143,193
1,<environment.Job instance at 0x7f89c0153fa0>,64,14,[1 5],65,222,236,157,210
1,<environment.Job instance at 0x7f897c60df50>,1,12,[5 5],2,2,14,0,2
1,<environment.Job instance at 0x7f89c0f9c0a0>,0,13,[5 6],1,17,30,16,17
1,<environment.Job instance at 0x7f897c982f50>,17,2,[10  4],18,30,32,12,18
1,<environment.Job instance at 0x7f897c91be60>,18,16,[6 3],19,32,48,13,19
1,<environment.Job instance at 0x7f897c506d20>,21,14,[1 5],22,32,46,10,27
1,<environment.Job instance at 0x7f897c91b780>,10,16,[10  2],11,48,64,37,36
1,<environment.Job instance at 0x7f89c044e820>,33,3,[8 4],34,64,67,30,54
1,<environment.Job instance at 0x7f89c0a9cc80>,28,15,[8 5],29,67,82,38,56
1,<environment.Job instance at 0x7f897cb87190>,20,18,[4 7],21,82,100,61,73
1,<environment.Job instance at 0x7f89c054ad20>,40,12,[8 5],41,104,116,63,104
1,<environment.Job instance at 0x7f89c06e8730>,45,16,[6 3],46,116,132,70,113
1,<environment.Job instance at 0x7f89c04ad5a0>,50,15,[7 5],51,141,156,90,141
1,<environment.Job instance at 0x7f89c04add70>,53,1,[3 5],54,141,142,87,141
1,<environment.Job instance at 0x7f89c0365d70>,55,2,[6 3],56,156,158,100,149
1,<environment.Job instance at 0x7f89c03768c0>,56,2,[3 8],57,158,160,101,149
1,<environment.Job instance at 0x7f89c0fad5f0>,1,1,[8 5],2,2,3,0,2
1,<environment.Job instance at 0x7f89c044db40>,4,12,[4 6],5,7,19,2,7
1,<environment.Job instance at 0x7f897c9bff50>,7,18,[1 7],8,19,37,11,8
1,<environment.Job instance at 0x7f89c02a1550>,11,14,[10  4],12,37,51,25,24
1,<environment.Job instance at 0x7f89c08fd140>,16,3,[8 1],17,51,54,34,42
1,<environment.Job instance at 0x7f89c08fdf00>,17,14,[6 2],18,54,68,36,42
1,<environment.Job instance at 0x7f897c91ec80>,9,14,[10  1],10,68,82,58,56
1,<environment.Job instance at 0x7f89c08fdeb0>,22,18,[5 1],23,82,100,59,72
1,<environment.Job instance at 0x7f89c08fdc80>,25,2,[4 7],26,82,84,56,74
1,<environment.Job instance at 0x7f89c02b4690>,28,1,[5 7],29,90,91,61,90
1,<environment.Job instance at 0x7f89c08fdaa0>,27,12,[ 4 10],28,100,112,72,100
1,<environment.Job instance at 0x7f89c02b4910>,30,3,[4 8],31,112,115,81,101
1,<environment.Job instance at 0x7f89c02b4af0>,31,1,[10  2],32,115,116,83,101
1,<environment.Job instance at 0x7f89c00c40a0>,38,1,[6 3],39,116,117,77,106
1,<environment.Job instance at 0x7f89c00c4cd0>,39,17,[1 5],40,116,133,76,108
1,<environment.Job instance at 0x7f89c00c4a50>,44,2,[4 6],45,133,135,88,124
1,<environment.Job instance at 0x7f89c00c4280>,45,3,[8 5],46,124,127,78,124
1,<environment.Job instance at 0x7f89c00c4e60>,46,12,[7 1],47,135,147,88,124
1,<environment.Job instance at 0x7f89c03df190>,49,3,[5 1],50,147,150,97,134
1,<environment.Job instance at 0x7f89c03df0a0>,52,3,[6 4],53,150,153,97,136
1,<environment.Job instance at 0x7f89c03dfb40>,54,15,[9 1],55,153,168,98,139
1,<environment.Job instance at 0x7f89c03df690>,58,17,[5 5],59,168,185,109,165
1,<environment.Job instance at 0x7f897cb63af0>,61,3,[5 5],62,189,192,127,189
1,<environment.Job instance at 0x7f89c0140820>,68,3,[10  4],69,192,195,123,191
1,<environment.Job instance at 0x7f89c06efc30>,69,1,[ 2 10],70,195,196,125,191
1,<environment.Job instance at 0x7f89c03c2f50>,1,3,[8 4],2,3,6,1,3
1,<environment.Job instance at 0x7f89c00e3730>,2,3,[5 2],3,6,9,3,6
1,<environment.Job instance at 0x7f89c00e37d0>,4,18,[4 7],5,7,25,2,7
1,<environment.Job instance at 0x7f89c00e3a00>,5,12,[5 6],6,25,37,19,8
1,<environment.Job instance at 0x7f89c025eb90>,8,1,[8 4],9,37,38,28,10
1,<environment.Job instance at 0x7f89c025e0a0>,12,17,[1 6],13,37,54,24,25
1,<environment.Job instance at 0x7f89c0106dc0>,19,18,[9 5],20,54,72,34,43
1,<environment.Job instance at 0x7f89c025eaa0>,6,17,[5 5],7,72,89,65,71
1,<environment.Job instance at 0x7f89c0f3ce10>,29,15,[5 2],30,74,89,44,74
1,<environment.Job instance at 0x7f897c722730>,0,3,[7 3],1,6,9,5,6
1,<environment.Job instance at 0x7f89c0d88b90>,7,1,[8 3],8,9,10,1,8
1,<environment.Job instance at 0x7f89c0d5fc80>,9,2,[3 6],10,10,12,0,10
1,<environment.Job instance at 0x7f89c050e280>,11,15,[9 5],12,18,33,6,18
1,<environment.Job instance at 0x7f89c027eeb0>,2,18,[5 8],3,33,51,30,23
1,<environment.Job instance at 0x7f89c72c4dc0>,1,13,[ 3 10],2,51,64,49,46
1,<environment.Job instance at 0x7f89c0c24640>,21,17,[3 7],22,64,81,42,55
1,<environment.Job instance at 0x7f89c0c1d140>,29,13,[ 2 10],30,81,94,51,69
1,<environment.Job instance at 0x7f89c0c1dd70>,31,15,[7 5],32,94,109,62,85
1,<environment.Job instance at 0x7f89c0c24e10>,20,18,[5 8],21,109,127,88,99
1,<environment.Job instance at 0x7f89c0c1d9b0>,36,17,[9 3],37,127,144,90,116
1,<environment.Job instance at 0x7f89c0c1daa0>,39,15,[5 6],40,144,159,104,133
1,<environment.Job instance at 0x7f89c0898910>,45,13,[4 7],46,159,172,113,149
1,<environment.Job instance at 0x7f89c0faef50>,51,3,[3 7],52,172,175,120,156
1,<environment.Job instance at 0x7f89c036b370>,52,2,[5 6],53,175,177,122,156
1,<environment.Job instance at 0x7f897ca4ba50>,53,3,[10  1],54,177,180,123,156
1,<environment.Job instance at 0x7f897c703230>,57,15,[ 1 10],58,180,195,122,171
1,<environment.Job instance at 0x7f89c0337e10>,61,18,[3 7],62,195,213,133,187
1,<environment.Job instance at 0x7f89c0337780>,63,14,[5 5],64,213,227,149,198
1,<environment.Job instance at 0x7f89c036b1e0>,48,18,[5 8],49,227,245,178,217
1,<environment.Job instance at 0x7f89c0337c80>,72,3,[10  5],73,254,257,181,254
1,<environment.Job instance at 0x7f89c03379b0>,73,15,[4 9],74,258,273,184,258
1,<environment.Job instance at 0x7f89c01ec7d0>,80,16,[9 2],81,307,323,226,307
1,<environment.Job instance at 0x7f897cb12be0>,2,15,[7 3],3,17,32,14,17
1,<environment.Job instance at 0x7f89c08a05f0>,13,13,[3 7],14,21,34,7,21
1,<environment.Job instance at 0x7f897cb7e2d0>,14,15,[6 4],15,34,49,19,21
1,<environment.Job instance at 0x7f897cb7ea50>,20,2,[9 1],21,49,51,28,37
1,<environment.Job instance at 0x7f89c01d8460>,22,14,[9 3],23,51,65,28,37
1,<environment.Job instance at 0x7f897c8e1780>,30,12,[5 9],31,65,77,34,50
1,<environment.Job instance at 0x7f897c722870>,8,13,[3 7],9,77,90,68,62
1,<environment.Job instance at 0x7f89c09c9140>,1,14,[9 5],2,90,104,88,76
1,<environment.Job instance at 0x7f897ca5ab90>,37,16,[8 4],38,104,120,66,91
1,<environment.Job instance at 0x7f897c8204b0>,43,13,[8 3],44,120,133,76,106
1,<environment.Job instance at 0x7f897cc3a7d0>,48,14,[9 5],49,133,147,84,121
1,<environment.Job instance at 0x7f897c820be0>,44,17,[8 5],45,147,164,102,135
1,<environment.Job instance at 0x7f897cc0a230>,57,14,[2 6],58,164,178,106,150
1,<environment.Job instance at 0x7f897cc3aaa0>,53,17,[6 4],54,164,181,110,164
1,<environment.Job instance at 0x7f897cc0a6e0>,65,14,[5 7],66,181,195,115,166
1,<environment.Job instance at 0x7f897cc0a9b0>,70,18,[5 4],71,195,213,124,189
1,<environment.Job instance at 0x7f897cc0a8c0>,68,15,[ 4 10],69,213,228,144,199
1,<environment.Job instance at 0x7f897cc05050>,79,13,[7 2],80,228,241,148,212
1,<environment.Job instance at 0x7f897cc05320>,80,14,[2 6],81,228,242,147,217
1,<environment.Job instance at 0x7f897cc055a0>,84,16,[9 2],85,242,258,157,232
1,<environment.Job instance at 0x7f897cc056e0>,89,3,[2 9],90,258,261,168,247
1,<environment.Job instance at 0x7f897cc05b40>,91,3,[2 9],92,261,264,169,249
1,<environment.Job instance at 0x7f897cc05cd0>,94,15,[3 5],95,264,279,169,251
1,<environment.Job instance at 0x7f897cc059b0>,96,18,[3 9],97,279,297,182,268
1,<environment.Job instance at 0x7f897cc05910>,100,2,[7 4],101,270,272,169,270
1,<environment.Job instance at 0x7f897ca5ae10>,35,17,[10  3],36,297,314,261,286
1,<environment.Job instance at 0x7f897cc42500>,106,12,[ 1 10],107,314,326,207,300
1,<environment.Job instance at 0x7f897cc0acd0>,78,18,[ 4 10],79,326,344,247,323
1,<environment.Job instance at 0x7f897cc42c80>,117,3,[4 5],118,344,347,226,333
1,<environment.Job instance at 0x7f897cc42c30>,118,14,[7 2],119,347,361,228,333
1,<environment.Job instance at 0x7f897cc03190>,123,14,[4 8],124,361,375,237,350
1,<environment.Job instance at 0x7f897cc03320>,126,14,[7 5],127,375,389,248,366
1,<environment.Job instance at 0x7f897cc03500>,129,18,[2 9],130,389,407,259,378
1,<environment.Job instance at 0x7f897cc03870>,131,14,[ 1 10],132,407,421,275,392
1,<environment.Job instance at 0x7f897cc038c0>,134,16,[7 5],135,421,437,286,411
1,<environment.Job instance at 0x7f897cc03b90>,138,3,[6 3],139,437,440,298,411
1,<environment.Job instance at 0x7f897cc0a690>,2,3,[5 8],3,3,6,0,3
1,<environment.Job instance at 0x7f89c01d8370>,1,13,[9 1],2,6,19,4,5
1,<environment.Job instance at 0x7f89c0d88410>,6,12,[3 5],7,19,31,12,7
1,<environment.Job instance at 0x7f89c0f576e0>,7,3,[8 3],8,31,34,23,8
1,<environment.Job instance at 0x7f89c0cfc1e0>,14,14,[5 9],15,34,48,19,20
1,<environment.Job instance at 0x7f89c0cfc460>,22,17,[5 1],23,34,51,11,30
1,<environment.Job instance at 0x7f89c08e1f00>,27,17,[5 5],28,48,65,20,36
1,<environment.Job instance at 0x7f89c04d4140>,31,15,[7 3],32,65,80,33,52
1,<environment.Job instance at 0x7f89c065a5a0>,35,1,[ 1 10],36,80,81,44,65
1,<environment.Job instance at 0x7f89c0bbb370>,36,13,[5 9],37,81,94,44,65
1,<environment.Job instance at 0x7f897c8e15a0>,40,18,[5 4],41,104,122,63,104
1,<environment.Job instance at 0x7f89c783c8c0>,39,1,[10  5],40,122,123,82,104
1,<environment.Job instance at 0x7f89c06aeaf0>,44,16,[8 1],45,123,139,78,111
1,<environment.Job instance at 0x7f89c01ba320>,32,17,[1 5],33,123,140,90,111
1,<environment.Job instance at 0x7f897c5107d0>,54,13,[5 8],55,140,153,85,124
1,<environment.Job instance at 0x7f89c06d57d0>,60,17,[10  1],61,153,170,92,141
1,<environment.Job instance at 0x7f89c06d5d20>,62,15,[2 5],63,170,185,107,156
1,<environment.Job instance at 0x7f89c06d5640>,63,16,[1 5],64,170,186,106,157
1,<environment.Job instance at 0x7f89c0ac1690>,69,16,[5 6],70,186,202,116,173
1,<environment.Job instance at 0x7f897c7464b0>,26,18,[ 2 10],27,202,220,175,191
1,<environment.Job instance at 0x7f89c0ac1d70>,75,14,[ 3 10],76,220,234,144,206
1,<environment.Job instance at 0x7f897c576050>,81,2,[7 1],82,234,236,152,220
1,<environment.Job instance at 0x7f897c576aa0>,85,18,[ 2 10],86,236,254,150,231
1,<environment.Job instance at 0x7f89c0e4d4b0>,89,17,[9 1],90,254,271,164,251
1,<environment.Job instance at 0x7f89c0e4d500>,93,17,[ 4 10],94,271,288,177,264
1,<environment.Job instance at 0x7f89c0e4daf0>,95,15,[8 3],96,288,303,192,275
1,<environment.Job instance at 0x7f89c0e4df50>,100,13,[10  5],101,303,316,202,288
1,<environment.Job instance at 0x7f89c0839550>,104,15,[4 7],105,316,331,211,305
1,<environment.Job instance at 0x7f89c0abe690>,1,2,[4 9],2,2,4,0,2
1,<environment.Job instance at 0x7f897c7f80a0>,9,12,[4 8],10,10,22,0,10
1,<environment.Job instance at 0x7f897cb6f230>,7,13,[7 1],8,22,35,14,11
1,<environment.Job instance at 0x7f897c7f8e10>,10,14,[1 9],11,22,36,11,18
1,<environment.Job instance at 0x7f897c8944b0>,15,15,[1 6],16,36,51,20,22
1,<environment.Job instance at 0x7f89c0f579b0>,18,13,[3 6],19,51,64,32,36
1,<environment.Job instance at 0x7f89c02e0a50>,24,12,[7 2],25,45,57,20,45
1,<environment.Job instance at 0x7f89c0b6beb0>,25,17,[ 5 10],26,64,81,38,53
1,<environment.Job instance at 0x7f89c01f81e0>,28,12,[6 1],29,81,93,52,66
1,<environment.Job instance at 0x7f89c76f4910>,30,15,[6 2],31,93,108,62,79
1,<environment.Job instance at 0x7f897c97bf50>,33,16,[9 5],34,108,124,74,95
1,<environment.Job instance at 0x7f897c97be60>,37,14,[ 5 10],38,124,138,86,110
1,<environment.Job instance at 0x7f897c97bcd0>,34,16,[8 5],35,138,154,103,125
1,<environment.Job instance at 0x7f897cb5daf0>,52,14,[6 1],53,154,168,101,152
1,<environment.Job instance at 0x7f897c894a00>,14,17,[10  5],15,176,193,161,176
1,<environment.Job instance at 0x7f89c0213870>,62,18,[3 6],63,193,211,130,182
1,<environment.Job instance at 0x7f89c0dfddc0>,55,18,[10  4],56,219,237,163,219
1,<environment.Job instance at 0x7f89c0d68460>,73,18,[6 3],74,247,265,173,247
1,<environment.Job instance at 0x7f89c06ef640>,1,2,[1 8],2,3,5,1,3
1,<environment.Job instance at 0x7f89c0d681e0>,2,18,[5 6],3,5,23,2,4
1,<environment.Job instance at 0x7f897ca5f050>,11,2,[5 4],12,12,14,0,12
1,<environment.Job instance at 0x7f897cc6a050>,3,14,[4 8],4,23,37,19,16
1,<environment.Job instance at 0x7f897ca5f5f0>,21,1,[5 5],22,37,38,15,25
1,<environment.Job instance at 0x7f897c6d6410>,5,17,[3 9],6,38,55,32,26
1,<environment.Job instance at 0x7f89c0096a50>,24,15,[3 7],25,55,70,30,41
1,<environment.Job instance at 0x7f89c00964b0>,30,15,[1 6],31,70,85,39,56
1,<environment.Job instance at 0x7f897cc6df50>,36,13,[4 5],37,85,98,48,73
1,<environment.Job instance at 0x7f897cc6d960>,39,18,[7 2],40,98,116,58,88
1,<environment.Job instance at 0x7f897c97c460>,47,13,[5 5],48,116,129,68,100
1,<environment.Job instance at 0x7f897c957690>,49,2,[1 8],50,205,207,155,205
1,<environment.Job instance at 0x7f897c957730>,50,12,[10  4],51,207,219,156,205
1,<environment.Job instance at 0x7f897c957cd0>,56,16,[ 5 10],57,221,237,164,221
1,<environment.Job instance at 0x7f897c957e10>,59,2,[4 5],60,237,239,177,221
1,<environment.Job instance at 0x7f897c975190>,64,12,[3 9],65,239,251,174,223
1,<environment.Job instance at 0x7f897c975230>,65,15,[5 1],66,237,252,171,224
1,<environment.Job instance at 0x7f897c9752d0>,3,18,[1 8],4,4,22,0,4
1,<environment.Job instance at 0x7f89c053c690>,4,13,[2 8],5,22,35,17,9
1,<environment.Job instance at 0x7f897c868640>,21,12,[7 4],22,35,47,13,26
1,<environment.Job instance at 0x7f897c868410>,25,16,[5 7],26,47,63,21,36
1,<environment.Job instance at 0x7f897c868b90>,27,16,[3 5],28,63,79,35,53
1,<environment.Job instance at 0x7f897c868f50>,22,18,[7 3],23,63,81,40,62
1,<environment.Job instance at 0x7f897c868730>,30,17,[8 3],31,81,98,50,69
1,<environment.Job instance at 0x7f897c868e10>,34,17,[5 6],35,98,115,63,86
1,<environment.Job instance at 0x7f89c0dd9230>,46,13,[ 1 10],47,115,128,68,102
1,<environment.Job instance at 0x7f89c0dd9fa0>,49,15,[8 4],50,128,143,78,115
1,<environment.Job instance at 0x7f89c0dd9a50>,51,15,[3 9],52,143,158,91,129
1,<environment.Job instance at 0x7f897ca6aaf0>,58,3,[2 6],59,138,141,79,138
1,<environment.Job instance at 0x7f897ca6acd0>,59,2,[10  5],60,158,160,98,138
1,<environment.Job instance at 0x7f89c0628fa0>,66,3,[1 8],67,160,163,93,156
1,<environment.Job instance at 0x7f89c0628d20>,67,1,[3 5],68,163,164,95,156
1,<environment.Job instance at 0x7f89c028e870>,69,2,[2 5],70,163,165,93,156
1,<environment.Job instance at 0x7f897c868230>,31,12,[7 5],32,164,176,132,156
1,<environment.Job instance at 0x7f897ca23eb0>,72,3,[6 2],73,160,163,87,156
1,<environment.Job instance at 0x7f89c0dd94b0>,42,17,[3 8],43,176,193,133,167
1,<environment.Job instance at 0x7f897ca23820>,81,3,[5 8],82,193,196,111,175
1,<environment.Job instance at 0x7f89c0628050>,65,17,[ 4 10],66,196,213,130,187
1,<environment.Job instance at 0x7f89c057f050>,89,12,[9 3],90,213,225,123,198
1,<environment.Job instance at 0x7f897ca23d20>,83,18,[4 9],84,225,243,141,215
1,<environment.Job instance at 0x7f89c08e8780>,100,13,[8 3],101,243,256,142,229
1,<environment.Job instance at 0x7f897ca235f0>,73,18,[10  5],74,256,274,182,248
1,<environment.Job instance at 0x7f89c065aaa0>,109,15,[6 1],110,274,289,164,261
1,<environment.Job instance at 0x7f89c07e3be0>,113,13,[5 1],114,289,302,175,289
1,<environment.Job instance at 0x7f89c07e3f50>,114,16,[6 3],115,302,318,187,293
1,<environment.Job instance at 0x7f89c07e3e10>,119,15,[9 3],120,318,333,198,318
1,<environment.Job instance at 0x7f89c0d23780>,126,3,[ 4 10],127,333,336,206,330
1,<environment.Job instance at 0x7f89c0d23460>,128,12,[ 3 10],129,336,348,207,330
1,<environment.Job instance at 0x7f89c72c4af0>,129,3,[8 1],130,348,351,218,332
1,<environment.Job instance at 0x7f89c0d23690>,131,12,[1 7],132,348,360,216,336
1,<environment.Job instance at 0x7f897c945370>,2,2,[7 5],3,3,5,0,3
1,<environment.Job instance at 0x7f897c726f50>,7,15,[1 7],8,71,86,63,71
1,<environment.Job instance at 0x7f897c958aa0>,3,15,[10  1],4,86,101,82,76
1,<environment.Job instance at 0x7f89c04a70a0>,27,14,[8 3],28,101,115,73,91
1,<environment.Job instance at 0x7f89c04a7b90>,31,12,[7 5],32,115,127,83,102
1,<environment.Job instance at 0x7f897c726640>,14,16,[5 6],15,127,143,112,114
1,<environment.Job instance at 0x7f897c91f870>,36,14,[3 9],37,143,157,106,128
1,<environment.Job instance at 0x7f897c91f640>,40,14,[5 5],41,157,171,116,143
1,<environment.Job instance at 0x7f897c91f2d0>,46,12,[9 1],47,171,183,124,155
1,<environment.Job instance at 0x7f897c91c500>,50,12,[3 8],51,183,195,132,170
1,<environment.Job instance at 0x7f89c0373f00>,60,17,[6 4],61,208,225,147,208
1,<environment.Job instance at 0x7f897c408d20>,62,18,[9 5],63,225,243,162,222
1,<environment.Job instance at 0x7f89c00b5a50>,68,14,[3 8],69,243,257,174,234
1,<environment.Job instance at 0x7f89c0402820>,70,13,[6 5],71,257,270,186,248
1,<environment.Job instance at 0x7f897c9457d0>,1,16,[ 2 10],2,289,305,287,289
1,<environment.Job instance at 0x7f89c0259910>,80,12,[6 1],81,326,338,245,326
1,<environment.Job instance at 0x7f89c08e8960>,0,14,[7 4],1,5,19,4,5
1,<environment.Job instance at 0x7f897c91c230>,5,18,[5 3],6,19,37,13,8
1,<environment.Job instance at 0x7f897c4b7780>,7,15,[5 1],8,22,37,14,22
1,<environment.Job instance at 0x7f89c0c125f0>,12,16,[9 2],13,37,53,24,31
1,<environment.Job instance at 0x7f897cc5a410>,30,1,[ 5 10],31,86,87,55,86
1,<environment.Job instance at 0x7f89c09481e0>,33,1,[5 4],34,87,88,53,86
1,<environment.Job instance at 0x7f897c5c6f50>,23,13,[10  1],24,88,101,64,86
1,<environment.Job instance at 0x7f89c011ad20>,35,2,[8 2],36,101,103,65,86
1,<environment.Job instance at 0x7f89c011ac80>,37,3,[9 4],38,103,106,65,87
1,<environment.Job instance at 0x7f897c945410>,38,14,[9 3],39,106,120,67,91
1,<environment.Job instance at 0x7f89c022f730>,44,16,[5 8],45,120,136,75,113
1,<environment.Job instance at 0x7f897cba56e0>,46,1,[5 1],47,120,121,73,114
1,<environment.Job instance at 0x7f897cba5280>,48,12,[3 8],49,136,148,87,123
1,<environment.Job instance at 0x7f897cba57d0>,47,12,[10  4],48,148,160,100,131
1,<environment.Job instance at 0x7f89c011feb0>,53,15,[3 5],54,160,175,106,147
1,<environment.Job instance at 0x7f89c0828500>,54,13,[6 5],55,160,173,105,147
1,<environment.Job instance at 0x7f89c0828c30>,58,1,[2 8],59,175,176,116,147
1,<environment.Job instance at 0x7f89c0828c80>,61,3,[3 8],62,176,179,114,151
1,<environment.Job instance at 0x7f89c0828cd0>,62,2,[2 5],63,173,175,110,151
1,<environment.Job instance at 0x7f89c07f33c0>,63,2,[1 9],64,179,181,115,152
1,<environment.Job instance at 0x7f89c07f37d0>,65,17,[5 8],66,181,198,115,169
1,<environment.Job instance at 0x7f89c07f3a50>,70,16,[8 2],71,198,214,127,185
1,<environment.Job instance at 0x7f89c07f3f50>,72,17,[5 5],73,214,231,141,202
1,<environment.Job instance at 0x7f897c41b370>,80,12,[9 2],81,231,243,150,215
1,<environment.Job instance at 0x7f89c7837910>,83,13,[7 3],84,243,256,159,228
1,<environment.Job instance at 0x7f89c09527d0>,86,15,[6 4],87,256,271,169,242
1,<environment.Job instance at 0x7f897c427a50>,89,16,[ 1 10],90,271,287,181,259
1,<environment.Job instance at 0x7f89c0a2d140>,96,12,[10  3],97,287,299,190,270
1,<environment.Job instance at 0x7f89c06b95a0>,101,12,[4 6],102,299,311,197,282
1,<environment.Job instance at 0x7f89c09d2730>,49,16,[ 3 10],50,311,327,261,298
1,<environment.Job instance at 0x7f89c06eadc0>,112,13,[3 6],113,327,340,214,312
1,<environment.Job instance at 0x7f897c5f4320>,118,2,[6 2],119,329,331,210,329
1,<environment.Job instance at 0x7f89c0036fa0>,114,18,[1 8],115,340,358,225,330
1,<environment.Job instance at 0x7f89c06e8a00>,122,18,[1 6],123,358,376,235,348
1,<environment.Job instance at 0x7f897c5e3140>,125,16,[7 4],126,358,374,232,348
1,<environment.Job instance at 0x7f897c5e3dc0>,132,17,[6 3],133,374,391,241,363
1,<environment.Job instance at 0x7f89c0c12460>,3,13,[6 5],4,4,17,0,4
1,<environment.Job instance at 0x7f897c5e3fa0>,6,3,[1 5],7,7,10,0,7
1,<environment.Job instance at 0x7f897c3bdb40>,7,18,[4 5],8,10,28,2,10
1,<environment.Job instance at 0x7f89c0e08af0>,1,12,[10  1],2,28,40,26,11
1,<environment.Job instance at 0x7f89c0e085a0>,2,16,[7 1],3,40,56,37,27
1,<environment.Job instance at 0x7f89c0d03c30>,13,18,[1 8],14,41,59,27,41
1,<environment.Job instance at 0x7f897c452c30>,19,17,[7 1],20,56,73,36,45
1,<environment.Job instance at 0x7f89c0238fa0>,23,12,[9 4],24,73,85,49,59
1,<environment.Job instance at 0x7f89c05abc80>,29,13,[4 9],30,85,98,55,71
1,<environment.Job instance at 0x7f89c79186e0>,20,16,[10  3],21,98,114,77,86
1,<environment.Job instance at 0x7f89c010f230>,35,13,[ 3 10],36,114,127,78,102
1,<environment.Job instance at 0x7f89c010f8c0>,32,17,[3 8],33,127,144,94,115
1,<environment.Job instance at 0x7f897c85bfa0>,42,2,[ 3 10],43,144,146,101,133
1,<environment.Job instance at 0x7f897c702730>,44,14,[3 7],45,146,160,101,134
1,<environment.Job instance at 0x7f897c7028c0>,47,12,[3 7],48,160,172,112,150
1,<environment.Job instance at 0x7f897c702be0>,48,16,[7 1],49,161,177,112,161
1,<environment.Job instance at 0x7f89c07f2910>,50,17,[3 8],51,172,189,121,166
1,<environment.Job instance at 0x7f897c7bef50>,53,17,[7 3],54,189,206,135,177
1,<environment.Job instance at 0x7f897c4d98c0>,56,12,[4 6],57,206,218,149,193
1,<environment.Job instance at 0x7f89c0694af0>,57,18,[3 9],58,218,236,160,208
1,<environment.Job instance at 0x7f89c02dc140>,64,15,[6 3],65,236,251,171,224
1,<environment.Job instance at 0x7f89c02dc500>,69,3,[4 7],70,249,252,179,249
1,<environment.Job instance at 0x7f89c02dc730>,74,15,[4 8],75,252,267,177,251
1,<environment.Job instance at 0x7f89c02dccd0>,75,3,[4 5],76,267,270,191,251
1,<environment.Job instance at 0x7f89c02dcb40>,79,13,[3 8],80,270,283,190,260
1,<environment.Job instance at 0x7f89c0bbc230>,83,17,[6 4],84,283,300,199,272
1,<environment.Job instance at 0x7f89c067be60>,89,2,[2 5],90,286,288,196,286
1,<environment.Job instance at 0x7f89c067b3c0>,90,13,[1 5],91,288,301,197,286
1,<environment.Job instance at 0x7f89c067beb0>,91,3,[7 5],92,300,303,208,286
1,<environment.Job instance at 0x7f89c02f35a0>,92,15,[3 8],93,303,318,210,289
1,<environment.Job instance at 0x7f89c02f3870>,93,1,[9 4],94,318,319,224,290
1,<environment.Job instance at 0x7f89c02f3dc0>,95,12,[6 4],96,319,331,223,306
1,<environment.Job instance at 0x7f897c4fe5f0>,96,14,[ 2 10],97,331,345,234,330
1,<environment.Job instance at 0x7f897c4feaf0>,98,14,[6 4],99,345,359,246,330
1,<environment.Job instance at 0x7f897c5f3dc0>,2,1,[1 5],3,3,4,0,3
1,<environment.Job instance at 0x7f89c07c41e0>,13,14,[5 4],14,14,28,0,14
1,<environment.Job instance at 0x7f89c07c4d20>,6,15,[10  5],7,28,43,21,14
1,<environment.Job instance at 0x7f89c07c4dc0>,16,15,[5 5],17,43,58,26,31
1,<environment.Job instance at 0x7f89c07c4140>,18,12,[3 7],19,58,70,39,43
1,<environment.Job instance at 0x7f89c04c6e60>,23,12,[3 6],24,70,82,46,61
1,<environment.Job instance at 0x7f89c04c6320>,24,14,[7 2],25,61,75,36,61
1,<environment.Job instance at 0x7f89c04c6690>,26,13,[10  2],27,82,95,55,69
1,<environment.Job instance at 0x7f89c04c6c30>,28,3,[9 4],29,95,98,66,69
1,<environment.Job instance at 0x7f89c04c6f50>,31,12,[6 3],32,98,110,66,81
1,<environment.Job instance at 0x7f89c04c63c0>,33,15,[9 4],34,110,125,76,97
1,<environment.Job instance at 0x7f897c3898c0>,39,12,[7 5],40,125,137,85,108
1,<environment.Job instance at 0x7f897c389d70>,41,14,[ 5 10],42,137,151,95,128
1,<environment.Job instance at 0x7f897c3890f0>,43,14,[5 7],44,151,165,107,138
1,<environment.Job instance at 0x7f897c388c30>,48,16,[1 9],49,165,181,116,152
1,<environment.Job instance at 0x7f897c388e60>,55,15,[4 9],56,181,196,125,167
1,<environment.Job instance at 0x7f897c24a3c0>,65,17,[9 1],66,197,214,131,197
1,<environment.Job instance at 0x7f897c24a6e0>,67,14,[5 6],68,214,228,146,203
1,<environment.Job instance at 0x7f897c24a410>,69,18,[5 3],70,221,239,151,221
1,<environment.Job instance at 0x7f897c2a51e0>,77,18,[1 8],78,270,288,192,270
1,<environment.Job instance at 0x7f897c388eb0>,2,18,[7 3],3,7,25,4,7
1,<environment.Job instance at 0x7f897c3a9640>,12,15,[9 5],13,25,40,12,14
1,<environment.Job instance at 0x7f897cae45f0>,20,17,[6 4],21,40,57,19,31
1,<environment.Job instance at 0x7f897cae4780>,23,13,[8 4],24,57,70,33,43
1,<environment.Job instance at 0x7f897cae4f00>,28,3,[4 6],29,47,50,18,47
1,<environment.Job instance at 0x7f897cae4c30>,27,3,[8 4],28,70,73,42,47
1,<environment.Job instance at 0x7f897c52e280>,29,15,[ 5 10],30,73,88,43,59
1,<environment.Job instance at 0x7f897c85bc30>,32,3,[10  5],33,88,91,55,62
1,<environment.Job instance at 0x7f897c821aa0>,34,14,[5 5],35,91,105,56,80
1,<environment.Job instance at 0x7f897c821820>,37,12,[ 4 10],38,105,117,67,90
1,<environment.Job instance at 0x7f897cb34f50>,16,16,[ 5 10],17,117,133,100,107
1,<environment.Job instance at 0x7f897c821e10>,40,18,[3 7],41,133,151,92,129
1,<environment.Job instance at 0x7f897cae4af0>,18,18,[10  5],19,735,753,716,735
1,<environment.Job instance at 0x7f89c04c6a50>,7,18,[3 6],8,9,27,1,9
1,<environment.Job instance at 0x7f897cb34820>,5,12,[4 8],6,36,48,30,36
1,<environment.Job instance at 0x7f89c01025f0>,16,17,[9 4],17,54,71,37,54
1,<environment.Job instance at 0x7f897c5f3730>,18,14,[ 1 10],19,71,85,52,59
1,<environment.Job instance at 0x7f897c5f3820>,21,16,[4 7],22,85,101,63,76
1,<environment.Job instance at 0x7f897c5f3a00>,25,3,[4 8],26,101,104,75,85
1,<environment.Job instance at 0x7f897c5f35f0>,26,3,[9 4],27,104,107,77,85
1,<environment.Job instance at 0x7f897c5f35a0>,27,12,[6 5],28,107,119,79,92
1,<environment.Job instance at 0x7f897c5f3230>,29,15,[7 2],30,119,134,89,106
1,<environment.Job instance at 0x7f897c388a50>,34,15,[3 5],35,118,133,83,118
1,<environment.Job instance at 0x7f897c82b5f0>,38,3,[ 3 10],39,134,137,95,130
1,<environment.Job instance at 0x7f897c82b7d0>,39,13,[4 7],40,137,150,97,130
1,<environment.Job instance at 0x7f897c707690>,41,14,[6 4],42,150,164,108,135
1,<environment.Job instance at 0x7f89c00dc5a0>,44,17,[3 5],45,150,167,105,143
1,<environment.Job instance at 0x7f89c00dca00>,47,3,[7 3],48,164,167,116,154
1,<environment.Job instance at 0x7f89c00dc7d0>,52,13,[9 5],53,167,180,114,156
1,<environment.Job instance at 0x7f89c07c4be0>,57,17,[8 4],58,180,197,122,168
1,<environment.Job instance at 0x7f897c8fa4b0>,59,14,[1 5],60,172,186,112,172
1,<environment.Job instance at 0x7f89c0c7b0a0>,67,3,[4 8],68,206,209,138,206
1,<environment.Job instance at 0x7f89c087fc80>,71,2,[2 5],72,209,211,137,206
1,<environment.Job instance at 0x7f897cb1bbe0>,72,13,[8 1],73,209,222,136,206
1,<environment.Job instance at 0x7f897cb1b500>,73,3,[1 5],74,211,214,137,206
1,<environment.Job instance at 0x7f89c0b6f640>,2,2,[10  5],3,3,5,0,3
1,<environment.Job instance at 0x7f89c07924b0>,4,2,[2 7],5,5,7,0,5
1,<environment.Job instance at 0x7f89c0792550>,5,3,[6 5],6,7,10,1,6
1,<environment.Job instance at 0x7f897c50a8c0>,0,14,[5 6],1,10,24,9,8
1,<environment.Job instance at 0x7f897cb1bd20>,7,13,[ 1 10],8,24,37,16,17
1,<environment.Job instance at 0x7f89c08946e0>,18,12,[2 6],19,37,49,18,23
1,<environment.Job instance at 0x7f89c0894c80>,22,14,[4 6],23,49,63,26,34
1,<environment.Job instance at 0x7f89c08943c0>,27,13,[1 7],28,63,76,35,47
1,<environment.Job instance at 0x7f89c094a870>,31,18,[9 3],32,63,81,31,63
1,<environment.Job instance at 0x7f89c094ad20>,34,2,[6 2],35,81,83,46,68
1,<environment.Job instance at 0x7f89c094a9b0>,35,15,[2 7],36,81,96,45,68
1,<environment.Job instance at 0x7f897c3a2190>,37,1,[8 4],38,96,97,58,69
1,<environment.Job instance at 0x7f897c3a2be0>,39,12,[1 7],40,97,109,57,81
1,<environment.Job instance at 0x7f897c3a27d0>,41,14,[1 7],42,109,123,67,95
1,<environment.Job instance at 0x7f897c3b0870>,49,15,[10  3],50,123,138,73,114
1,<environment.Job instance at 0x7f897c3b0b90>,57,12,[1 7],58,138,150,80,122
1,<environment.Job instance at 0x7f897c3b00f0>,58,16,[8 1],59,138,154,79,126
1,<environment.Job instance at 0x7f897c3b05f0>,60,12,[3 6],61,154,166,93,139
1,<environment.Job instance at 0x7f897c3b0410>,61,14,[7 4],62,154,168,92,141
1,<environment.Job instance at 0x7f897c3b0190>,65,14,[1 5],66,166,180,100,153
1,<environment.Job instance at 0x7f89c0c12870>,67,12,[6 5],68,168,180,100,154
1,<environment.Job instance at 0x7f89c0c12370>,70,13,[2 9],71,180,193,109,167
1,<environment.Job instance at 0x7f89c0f1a6e0>,75,1,[10  5],76,193,194,117,182
1,<environment.Job instance at 0x7f89c0f1a410>,78,17,[8 1],79,194,211,115,188
1,<environment.Job instance at 0x7f89c0f1ad70>,80,15,[7 4],81,211,226,130,204
1,<environment.Job instance at 0x7f89c0f1a2d0>,81,2,[2 8],82,204,206,122,204
1,<environment.Job instance at 0x7f89c0074af0>,85,16,[6 3],86,230,246,144,230
1,<environment.Job instance at 0x7f89c07920a0>,16,18,[3 7],17,231,249,214,231
1,<environment.Job instance at 0x7f89c0074e60>,90,3,[6 2],91,246,249,155,235
1,<environment.Job instance at 0x7f89c0074f00>,88,17,[1 8],89,249,266,160,237
1,<environment.Job instance at 0x7f89c00746e0>,92,1,[1 9],93,266,267,173,238
1,<environment.Job instance at 0x7f897c8cb0a0>,98,1,[1 7],99,278,279,179,278
1,<environment.Job instance at 0x7f897c8cbfa0>,102,16,[1 9],103,283,299,180,283
1,<environment.Job instance at 0x7f89c0074dc0>,91,16,[5 8],92,299,315,207,288
1,<environment.Job instance at 0x7f8986fbfa00>,3,1,[5 3],4,4,5,0,4
1,<environment.Job instance at 0x7f89c094adc0>,2,17,[7 2],3,7,24,4,7
1,<environment.Job instance at 0x7f89c031dbe0>,9,12,[7 5],10,24,36,14,10
1,<environment.Job instance at 0x7f89c02f10a0>,21,17,[4 8],22,36,53,14,24
1,<environment.Job instance at 0x7f89c0316910>,29,2,[6 5],30,53,55,23,42
1,<environment.Job instance at 0x7f89c0316af0>,30,1,[1 7],31,55,56,24,42
1,<environment.Job instance at 0x7f89c03168c0>,31,3,[2 7],32,56,59,24,42
1,<environment.Job instance at 0x7f89c03169b0>,34,3,[10  3],35,59,62,24,55
1,<environment.Job instance at 0x7f89c0316230>,35,2,[6 3],36,55,57,19,55
1,<environment.Job instance at 0x7f89c0328c80>,43,14,[7 2],44,76,90,32,76
1,<environment.Job instance at 0x7f89c0328910>,44,13,[2 8],45,78,91,33,78
1,<environment.Job instance at 0x7f89c0328d20>,45,17,[6 3],46,91,108,45,81
1,<environment.Job instance at 0x7f89c0328af0>,47,14,[9 4],48,108,122,60,93
1,<environment.Job instance at 0x7f89c0328780>,49,16,[ 4 10],50,122,138,72,111
1,<environment.Job instance at 0x7f89c032d190>,57,13,[ 5 10],58,138,151,80,125
1,<environment.Job instance at 0x7f89c0302b40>,64,1,[5 4],65,715,716,650,715
1,<environment.Job instance at 0x7f89c0302c30>,67,17,[6 2],68,718,735,650,718
1,<environment.Job instance at 0x7f89c0302910>,71,18,[1 9],72,742,760,670,742
1,<environment.Job instance at 0x7f89c0318500>,78,12,[9 5],79,760,772,681,744
1,<environment.Job instance at 0x7f89c0318e10>,80,18,[9 1],81,772,790,691,762
1,<environment.Job instance at 0x7f89c0318c80>,86,16,[ 5 10],87,790,806,703,778
1,<environment.Job instance at 0x7f89c0318780>,93,13,[8 5],94,806,819,712,791
1,<environment.Job instance at 0x7f89c03180a0>,96,16,[4 8],97,819,835,722,807
1,<environment.Job instance at 0x7f17c9f9b2d0>,3,3,[4 8],4,4,7,0,4
1,<environment.Job instance at 0x7f17c9f9b230>,4,14,[1 6],5,7,21,2,6
1,<environment.Job instance at 0x7f17c9f9b550>,6,20,[6 1],7,7,27,0,7
1,<environment.Job instance at 0x7f17c9f9b460>,7,1,[5 4],8,27,28,19,8
1,<environment.Job instance at 0x7f17c9f9b7d0>,8,13,[5 5],9,27,40,18,11
1,<environment.Job instance at 0x7f17c9f9bdc0>,16,16,[3 5],17,28,44,11,23
1,<environment.Job instance at 0x7f17c9f9bf00>,18,3,[4 7],19,23,26,4,23
1,<environment.Job instance at 0x7f17c9f9bfa0>,19,14,[3 5],20,40,54,20,27
1,<environment.Job instance at 0x7f17c9f9baa0>,21,1,[6 5],22,44,45,22,27
1,<environment.Job instance at 0x7f17c9f9e730>,24,18,[2 6],25,54,72,29,49
1,<environment.Job instance at 0x7f17c9f9eb40>,27,15,[8 4],28,54,69,26,51
1,<environment.Job instance at 0x7f17c9f9e7d0>,25,12,[ 5 10],26,72,84,46,60
1,<environment.Job instance at 0x7f17c9f9bd20>,15,18,[2 8],16,84,102,68,73
1,<environment.Job instance at 0x7f17c9f9f3c0>,41,1,[5 2],42,87,88,45,87
1,<environment.Job instance at 0x7f17c9f9f460>,42,2,[4 6],43,102,104,59,87
1,<environment.Job instance at 0x7f17c9f9f500>,43,18,[5 5],44,104,122,60,93
1,<environment.Job instance at 0x7f17c9f9f5a0>,44,3,[5 5],45,104,107,59,93
1,<environment.Job instance at 0x7f17c9f9f320>,40,15,[10  3],41,122,137,81,108
1,<environment.Job instance at 0x7f17c9f9f960>,49,16,[2 5],50,137,153,87,126
1,<environment.Job instance at 0x7f17c9fa22d0>,53,17,[5 7],54,153,170,99,142
1,<environment.Job instance at 0x7f17c9fb4050>,4,14,[8 4],5,7,21,2,7
1,<environment.Job instance at 0x7f17c9fb4820>,11,15,[1 7],12,21,36,9,15
1,<environment.Job instance at 0x7f17c9fb65a0>,14,3,[6 4],15,36,39,21,15
1,<environment.Job instance at 0x7f17c9fb66e0>,16,2,[8 1],17,21,23,4,17
1,<environment.Job instance at 0x7f17c9fb4f50>,13,15,[5 2],14,39,54,25,25
1,<environment.Job instance at 0x7f17c9fb6fa0>,19,14,[3 6],20,36,50,16,29
1,<environment.Job instance at 0x7f17c9fbb320>,23,18,[6 5],24,54,72,30,45
1,<environment.Job instance at 0x7f17c9fbcf50>,32,14,[2 9],33,72,86,39,58
1,<environment.Job instance at 0x7f17c9fbcdc0>,34,3,[4 6],35,86,89,51,61
1,<environment.Job instance at 0x7f17c9fbe910>,36,1,[5 9],37,89,90,52,61
1,<environment.Job instance at 0x7f17c9fbe460>,37,1,[2 9],38,90,91,52,62
1,<environment.Job instance at 0x7f17c9fbbd20>,25,16,[ 2 10],26,91,107,65,81
1,<environment.Job instance at 0x7f1784405140>,44,12,[3 8],45,107,119,62,96
1,<environment.Job instance at 0x7f17843962d0>,51,14,[1 6],52,119,133,67,104
1,<environment.Job instance at 0x7f178439fd20>,53,14,[7 5],54,133,147,79,120
1,<environment.Job instance at 0x7f178439ff00>,60,3,[5 6],61,147,150,86,129
1,<environment.Job instance at 0x7f1784397d70>,63,2,[5 6],64,150,152,86,132
1,<environment.Job instance at 0x7f1784397730>,64,16,[7 2],65,152,168,87,139
1,<environment.Job instance at 0x7f17843237d0>,70,18,[4 5],71,168,186,97,158
1,<environment.Job instance at 0x7f1784219960>,40,18,[10  3],41,186,204,145,180
1,<environment.Job instance at 0x7f1784323af0>,77,16,[9 2],78,204,220,126,195
1,<environment.Job instance at 0x7f1784323690>,78,15,[7 5],79,220,235,141,206
1,<environment.Job instance at 0x7f1784322a50>,88,18,[6 3],89,235,253,146,226
1,<environment.Job instance at 0x7f1784322eb0>,94,16,[7 5],95,253,269,158,250
1,<environment.Job instance at 0x7f1784402410>,97,2,[4 5],98,269,271,171,257
1,<environment.Job instance at 0x7f1784322500>,98,18,[4 6],99,271,289,172,261
1,<environment.Job instance at 0x7f17843b8cd0>,104,14,[5 5],105,289,303,184,276
1,<environment.Job instance at 0x7f17843b8820>,107,17,[5 2],108,294,311,186,294
1,<environment.Job instance at 0x7f1784261190>,114,12,[7 2],115,311,323,196,299
1,<environment.Job instance at 0x7f17842c63c0>,120,17,[2 6],121,327,344,206,327
1,<environment.Job instance at 0x7f17842c6c80>,121,15,[8 4],122,332,347,210,332
1,<environment.Job instance at 0x7f17c9fb6820>,1,3,[4 5],2,2,5,0,2
1,<environment.Job instance at 0x7f1784528af0>,3,2,[5 1],4,5,7,1,5
1,<environment.Job instance at 0x7f17c9fb4280>,5,13,[6 4],6,7,20,1,6
1,<environment.Job instance at 0x7f1784200dc0>,8,17,[3 6],9,9,26,0,9
1,<environment.Job instance at 0x7f1784483d20>,14,15,[5 1],15,20,35,5,15
1,<environment.Job instance at 0x7f1784202190>,18,2,[2 6],19,26,28,7,19
1,<environment.Job instance at 0x7f1784200cd0>,11,14,[8 2],12,35,49,23,23
1,<environment.Job instance at 0x7f17ca191550>,23,3,[2 5],24,31,34,7,31
1,<environment.Job instance at 0x7f17c9da5a00>,24,12,[5 9],25,49,61,24,39
1,<environment.Job instance at 0x7f17c9d334b0>,28,15,[7 5],29,61,76,32,47
1,<environment.Job instance at 0x7f17ca466fa0>,9,15,[ 5 10],10,95,110,85,95
1,<environment.Job instance at 0x7f17842c6e10>,39,13,[4 6],40,110,123,70,97
1,<environment.Job instance at 0x7f17842c60f0>,42,13,[1 6],43,123,136,80,107
1,<environment.Job instance at 0x7f178437ad70>,45,12,[ 4 10],46,136,148,90,122
1,<environment.Job instance at 0x7f178437a910>,49,16,[5 4],50,148,164,98,135
1,<environment.Job instance at 0x7f178437ad20>,52,12,[8 1],53,164,176,111,147
1,<environment.Job instance at 0x7f178437ab40>,53,1,[1 7],54,164,165,110,147
1,<environment.Job instance at 0x7f178437a730>,56,16,[9 2],57,176,192,119,163
1,<environment.Job instance at 0x7f178437adc0>,54,18,[3 6],55,192,210,137,181
1,<environment.Job instance at 0x7f17cf515e10>,63,3,[4 8],64,210,213,146,190
1,<environment.Job instance at 0x7f17ca185370>,64,15,[4 6],65,213,228,148,200
1,<environment.Job instance at 0x7f17cf5230a0>,70,2,[1 7],71,228,230,157,208
1,<environment.Job instance at 0x7f17cf523690>,72,3,[10  4],73,230,233,157,209
1,<environment.Job instance at 0x7f17cf523f00>,73,2,[5 7],74,233,235,159,209
1,<environment.Job instance at 0x7f17cf3d3690>,74,1,[3 8],75,235,236,160,210
1,<environment.Job instance at 0x7f17cf3d39b0>,75,13,[5 5],76,236,249,160,220
1,<environment.Job instance at 0x7f17cf515aa0>,61,17,[7 5],62,249,266,187,237
1,<environment.Job instance at 0x7f17c9d5cd70>,87,12,[5 8],88,266,278,178,253
1,<environment.Job instance at 0x7f17c9d77050>,90,18,[9 5],91,278,296,187,267
1,<environment.Job instance at 0x7f17ca415640>,96,12,[8 3],97,296,308,199,282
1,<environment.Job instance at 0x7f1784219500>,99,17,[8 1],100,308,325,208,296
1,<environment.Job instance at 0x7f17ca1a8500>,101,17,[2 6],102,296,313,194,296
1,<environment.Job instance at 0x7f17845be9b0>,0,1,[5 1],1,2,3,1,2
1,<environment.Job instance at 0x7f17cf29a140>,1,3,[9 3],2,3,6,1,3
1,<environment.Job instance at 0x7f1784864730>,3,3,[8 4],4,6,9,2,4
1,<environment.Job instance at 0x7f17ca1a4f50>,12,18,[6 3],13,13,31,0,13
1,<environment.Job instance at 0x7f1784882e60>,15,16,[6 3],16,31,47,15,20
1,<environment.Job instance at 0x7f17842e6a00>,20,15,[7 5],21,47,62,26,34
1,<environment.Job instance at 0x7f17ca6de2d0>,31,13,[5 5],32,80,93,48,80
1,<environment.Job instance at 0x7f17ca0e0aa0>,34,16,[10  3],35,93,109,58,82
1,<environment.Job instance at 0x7f17cacc6050>,37,13,[6 4],38,109,122,71,94
1,<environment.Job instance at 0x7f17ca035d70>,42,18,[10  4],43,122,140,79,115
1,<environment.Job instance at 0x7f17ca010690>,47,18,[5 1],48,140,158,92,133
1,<environment.Job instance at 0x7f17cf3d4be0>,51,13,[5 3],52,141,154,89,141
1,<environment.Job instance at 0x7f17c9f85d20>,52,15,[5 1],53,154,169,101,145
1,<environment.Job instance at 0x7f17ca1fe0f0>,54,12,[6 4],55,169,181,114,162
1,<environment.Job instance at 0x7f17847919b0>,58,14,[5 9],59,181,195,122,168
1,<environment.Job instance at 0x7f17ca256690>,66,14,[3 9],67,195,209,128,191
1,<environment.Job instance at 0x7f17ca256f00>,69,13,[5 9],70,209,222,139,203
1,<environment.Job instance at 0x7f17ca057910>,75,13,[10  4],76,228,241,152,228
1,<environment.Job instance at 0x7f17c9fdc550>,76,16,[5 5],77,241,257,164,229
1,<environment.Job instance at 0x7f17ca2cb820>,84,14,[7 1],85,267,281,182,267
1,<environment.Job instance at 0x7f17ca2cba50>,88,16,[8 5],89,281,297,192,274
1,<environment.Job instance at 0x7f17ca0394b0>,91,14,[5 8],92,297,311,205,282
1,<environment.Job instance at 0x7f17ca004230>,93,15,[6 3],94,311,326,217,301
1,<environment.Job instance at 0x7f17ca1b2f50>,107,13,[7 3],108,372,385,264,372
1,<environment.Job instance at 0x7f17c9f83b90>,112,15,[1 6],113,414,429,301,414
1,<environment.Job instance at 0x7f17c9f83500>,115,17,[7 1],116,420,437,304,420
1,<environment.Job instance at 0x7f1784842be0>,0,3,[9 5],1,9,12,8,9
1,<environment.Job instance at 0x7f17848425a0>,2,13,[4 8],3,12,25,9,9
1,<environment.Job instance at 0x7f17c9fd32d0>,10,14,[6 4],11,25,39,14,12
1,<environment.Job instance at 0x7f17ca5d1fa0>,13,3,[6 2],14,14,17,0,14
1,<environment.Job instance at 0x7f17c9ff0e10>,20,15,[9 4],21,39,54,18,25
1,<environment.Job instance at 0x7f17c9ff0960>,22,13,[1 5],23,26,39,3,26
1,<environment.Job instance at 0x7f17ca5f2230>,25,3,[5 5],26,54,57,28,34
1,<environment.Job instance at 0x7f17ca5f2690>,27,2,[7 2],28,57,59,29,34
1,<environment.Job instance at 0x7f17ca5f24b0>,28,3,[10  4],29,59,62,30,34
1,<environment.Job instance at 0x7f17ca5f2910>,32,14,[6 5],33,62,76,29,47
1,<environment.Job instance at 0x7f17c9ffe320>,37,13,[9 4],38,76,89,38,65
1,<environment.Job instance at 0x7f17c9ffea00>,40,15,[4 5],41,89,104,48,75
1,<environment.Job instance at 0x7f17846755f0>,45,16,[4 5],46,90,106,44,90
1,<environment.Job instance at 0x7f1784675230>,50,16,[9 2],51,275,291,224,275
1,<environment.Job instance at 0x7f178459ac30>,67,17,[5 2],68,351,368,283,351
1,<environment.Job instance at 0x7f17caa8ea00>,72,3,[9 5],73,435,438,362,435
1,<environment.Job instance at 0x7f17ca6657d0>,1,1,[9 5],2,3,4,1,3
1,<environment.Job instance at 0x7f17caa930f0>,3,15,[7 2],4,6,21,2,6
1,<environment.Job instance at 0x7f17c9fd3640>,6,1,[5 7],7,21,22,14,7
1,<environment.Job instance at 0x7f17ca0abf00>,8,14,[1 7],9,22,36,13,10
1,<environment.Job instance at 0x7f17c9eff230>,18,14,[8 3],19,22,36,3,19
1,<environment.Job instance at 0x7f17c9effdc0>,19,14,[9 5],20,36,50,16,23
1,<environment.Job instance at 0x7f17c9ff0050>,11,18,[4 8],12,50,68,38,39
1,<environment.Job instance at 0x7f17c9eff410>,26,12,[6 3],27,68,80,41,51
1,<environment.Job instance at 0x7f17c9effa50>,28,17,[5 7],29,80,97,51,69
1,<environment.Job instance at 0x7f17c9eff050>,16,15,[ 5 10],17,97,112,80,83
1,<environment.Job instance at 0x7f17c9f22730>,34,15,[ 2 10],35,112,127,77,107
1,<environment.Job instance at 0x7f17c9f22780>,41,13,[2 8],42,127,140,85,112
1,<environment.Job instance at 0x7f17c9f22410>,45,17,[7 4],46,140,157,94,128
1,<environment.Job instance at 0x7f17c9f225f0>,47,14,[5 5],48,157,171,109,142
1,<environment.Job instance at 0x7f17c9f22d20>,31,16,[ 4 10],32,171,187,139,158
1,<environment.Job instance at 0x7f17caa3ed70>,54,17,[3 6],55,187,204,132,175
1,<environment.Job instance at 0x7f17caa3e550>,62,15,[3 8],63,204,219,141,190
1,<environment.Job instance at 0x7f17c9f03cd0>,64,13,[5 4],65,219,232,154,203
1,<environment.Job instance at 0x7f17caa3e3c0>,53,17,[10  5],54,232,249,178,220
1,<environment.Job instance at 0x7f17c9eff870>,23,18,[ 4 10],24,249,267,225,239
1,<environment.Job instance at 0x7f17c9f032d0>,78,14,[5 4],79,267,281,188,253
1,<environment.Job instance at 0x7f17c9f34c30>,87,1,[5 7],88,282,283,194,282
1,<environment.Job instance at 0x7f17c9f34730>,88,16,[2 7],89,283,299,194,282
1,<environment.Job instance at 0x7f17c9f34410>,89,16,[ 3 10],90,299,315,209,286
1,<environment.Job instance at 0x7f17c9f342d0>,81,18,[9 3],82,315,333,233,308
1,<environment.Job instance at 0x7f17c9f34d70>,92,18,[5 8],93,333,351,240,324
1,<environment.Job instance at 0x7f17ca5c2be0>,102,14,[9 1],103,351,365,248,337
1,<environment.Job instance at 0x7f17ca2567d0>,107,12,[5 4],108,365,377,257,348
1,<environment.Job instance at 0x7f17ca191870>,109,16,[ 4 10],110,377,393,267,368
1,<environment.Job instance at 0x7f17ca0b8a50>,111,17,[3 7],112,393,410,281,382
1,<environment.Job instance at 0x7f17ca8b16e0>,120,15,[4 9],121,410,425,289,400
1,<environment.Job instance at 0x7f17ca665280>,2,17,[1 9],3,8,25,5,8
1,<environment.Job instance at 0x7f17ca914820>,7,16,[5 8],8,25,41,17,13
1,<environment.Job instance at 0x7f17ca0abaa0>,14,14,[10  4],15,41,55,26,36
1,<environment.Job instance at 0x7f17ca0ab280>,16,12,[9 4],17,55,67,38,39
1,<environment.Job instance at 0x7f17ca0aba50>,13,15,[4 9],14,67,82,53,59
1,<environment.Job instance at 0x7f17ca8c2a00>,25,12,[5 9],26,82,94,56,79
1,<environment.Job instance at 0x7f17ca95b550>,26,12,[6 4],27,94,106,67,92
1,<environment.Job instance at 0x7f17c9ef2aa0>,29,17,[9 2],30,106,123,76,96
1,<environment.Job instance at 0x7f17ca59f5f0>,64,12,[7 4],65,424,436,359,424
1,<environment.Job instance at 0x7f17ca9149b0>,1,1,[4 7],2,3,4,1,3
1,<environment.Job instance at 0x7f17c9e7e190>,3,3,[1 8],4,4,7,0,4
1,<environment.Job instance at 0x7f17ca6655a0>,8,18,[ 4 10],9,10,28,1,10
1,<environment.Job instance at 0x7f17cacb1c80>,14,16,[9 2],15,28,44,13,15
1,<environment.Job instance at 0x7f17ca9a6460>,0,18,[5 4],1,44,62,43,33
1,<environment.Job instance at 0x7f17ca43e9b0>,23,18,[4 5],24,44,62,20,34
1,<environment.Job instance at 0x7f17cacb1e60>,17,18,[5 5],18,62,80,44,51
1,<environment.Job instance at 0x7f17ca43e870>,26,18,[3 9],27,80,98,53,70
1,<environment.Job instance at 0x7f17ca19f870>,36,12,[ 1 10],37,98,110,61,87
1,<environment.Job instance at 0x7f17ca57b320>,38,15,[1 8],39,110,125,71,99
1,<environment.Job instance at 0x7f17ca57b5a0>,45,3,[5 7],46,125,128,79,101
1,<environment.Job instance at 0x7f17843a0cd0>,51,14,[6 1],52,128,142,76,120
1,<environment.Job instance at 0x7f17843a0f00>,49,18,[1 9],50,128,146,78,127
1,<environment.Job instance at 0x7f1784391460>,56,14,[7 5],57,146,160,89,131
1,<environment.Job instance at 0x7f1784391640>,59,18,[2 9],60,160,178,100,150
1,<environment.Job instance at 0x7f1784391aa0>,64,16,[7 5],65,178,194,113,165
1,<environment.Job instance at 0x7f1784391f00>,74,15,[10  2],75,194,209,119,190
1,<environment.Job instance at 0x7f178437e320>,76,12,[3 5],77,209,221,132,192
1,<environment.Job instance at 0x7f178437e6e0>,84,14,[5 9],85,221,235,136,206
1,<environment.Job instance at 0x7f178437ed70>,91,14,[1 5],92,235,249,143,220
1,<environment.Job instance at 0x7f178437edc0>,92,17,[5 1],93,220,237,127,220
1,<environment.Job instance at 0x7f178437ef50>,95,12,[8 3],96,237,249,141,231
1,<environment.Job instance at 0x7f178437ed20>,97,17,[5 5],98,249,266,151,241
1,<environment.Job instance at 0x7f17843693c0>,99,14,[8 5],100,266,280,166,254
1,<environment.Job instance at 0x7f1784369af0>,106,13,[5 9],107,280,293,173,269
1,<environment.Job instance at 0x7f1784369e10>,111,14,[8 4],112,322,336,210,322
1,<environment.Job instance at 0x7f17cf511c80>,1,2,[7 1],2,3,5,1,3
1,<environment.Job instance at 0x7f1784524960>,2,3,[6 1],3,5,8,2,4
1,<environment.Job instance at 0x7f178437b0a0>,0,2,[2 6],1,5,7,4,5
1,<environment.Job instance at 0x7f17ca228780>,6,1,[6 4],7,8,9,1,8
1,<environment.Job instance at 0x7f17ca63b2d0>,5,18,[ 2 10],6,10,28,4,10
1,<environment.Job instance at 0x7f17c9f0d550>,15,15,[8 3],16,28,43,12,28
1,<environment.Job instance at 0x7f17ca31c410>,9,17,[9 1],10,43,60,33,36
1,<environment.Job instance at 0x7f17c9d1b050>,24,15,[4 7],25,60,75,35,56
1,<environment.Job instance at 0x7f17c9d1b1e0>,26,3,[2 5],27,75,78,48,56
1,<environment.Job instance at 0x7f17ca914870>,30,12,[ 5 10],31,78,90,47,61
1,<environment.Job instance at 0x7f17c9d1b8c0>,32,15,[1 6],33,90,105,57,82
1,<environment.Job instance at 0x7f17c9d745f0>,35,12,[5 2],36,90,102,54,88
1,<environment.Job instance at 0x7f17c9df2140>,31,16,[4 9],32,105,121,73,96
1,<environment.Job instance at 0x7f1784586d70>,44,14,[2 7],45,121,135,76,106
1,<environment.Job instance at 0x7f178429ad20>,48,16,[5 1],49,121,137,72,121
1,<environment.Job instance at 0x7f17ca88be60>,50,17,[4 7],51,135,152,84,123
1,<environment.Job instance at 0x7f17ca88b640>,52,14,[6 3],53,137,151,84,134
1,<environment.Job instance at 0x7f17cac530f0>,53,12,[4 5],54,152,164,98,136
1,<environment.Job instance at 0x7f17c9f69e10>,10,16,[4 8],11,164,180,153,152
1,<environment.Job instance at 0x7f17ca845c30>,64,12,[10  3],65,180,192,115,172
1,<environment.Job instance at 0x7f17ca845fa0>,66,16,[2 7],67,192,208,125,181
1,<environment.Job instance at 0x7f17ca92eb90>,74,17,[10  5],75,210,227,135,210
1,<environment.Job instance at 0x7f17ca92e640>,75,15,[1 6],76,227,242,151,214
1,<environment.Job instance at 0x7f17ca92ee60>,78,13,[3 6],79,242,255,163,228
1,<environment.Job instance at 0x7f17ca37c2d0>,88,12,[6 1],89,267,279,178,267
1,<environment.Job instance at 0x7f17ca37ce10>,90,15,[6 2],91,279,294,188,267
1,<environment.Job instance at 0x7f17ca37cd70>,93,16,[9 5],94,301,317,207,301
1,<environment.Job instance at 0x7f17ca37cc80>,102,16,[9 3],103,320,336,217,320
1,<environment.Job instance at 0x7f17ca37c690>,103,14,[1 6],104,327,341,223,327
1,<environment.Job instance at 0x7f17ca37c500>,104,16,[7 3],105,336,352,231,327
1,<environment.Job instance at 0x7f17c9d1baf0>,1,3,[7 4],2,2,5,0,2
1,<environment.Job instance at 0x7f17ca3df050>,2,3,[1 5],3,5,8,2,5
1,<environment.Job instance at 0x7f17ca37c6e0>,0,3,[5 7],1,8,11,7,6
1,<environment.Job instance at 0x7f17c9ede550>,5,13,[3 7],6,11,24,5,7
1,<environment.Job instance at 0x7f17ca6f9aa0>,8,1,[1 5],9,24,25,15,9
1,<environment.Job instance at 0x7f17c9e3cb90>,10,17,[5 9],11,25,42,14,14
1,<environment.Job instance at 0x7f17caccb0a0>,14,14,[9 5],15,42,56,27,27
1,<environment.Job instance at 0x7f17ca61e6e0>,18,15,[1 8],19,56,71,37,43
1,<environment.Job instance at 0x7f17ca61e9b0>,17,18,[ 5 10],18,71,89,53,60
1,<environment.Job instance at 0x7f17caccb190>,11,17,[9 4],12,89,106,77,77
1,<environment.Job instance at 0x7f17caac6b40>,32,16,[6 2],33,106,122,73,93
1,<environment.Job instance at 0x7f1784693370>,35,13,[2 7],36,106,119,70,101
1,<environment.Job instance at 0x7f17c9fd1820>,24,18,[ 2 10],25,122,140,97,112
1,<environment.Job instance at 0x7f17844daa00>,43,12,[1 8],44,140,152,96,124
1,<environment.Job instance at 0x7f17ca43abe0>,45,14,[5 9],46,152,166,106,140
1,<environment.Job instance at 0x7f17ca43afa0>,47,16,[3 5],48,166,182,118,153
1,<environment.Job instance at 0x7f17ca43ab90>,49,16,[8 5],50,182,198,132,170
1,<environment.Job instance at 0x7f17ca43a320>,53,14,[4 8],54,198,212,144,183
1,<environment.Job instance at 0x7f17ca35ad70>,55,17,[3 9],56,212,229,156,201
1,<environment.Job instance at 0x7f17ca35afa0>,58,12,[10  5],59,229,241,170,212
1,<environment.Job instance at 0x7f17ca49ed20>,2,3,[5 1],3,3,6,0,3
1,<environment.Job instance at 0x7f17ca3dfc80>,9,14,[3 5],10,22,36,12,22
1,<environment.Job instance at 0x7f17848e84b0>,14,17,[9 5],15,36,53,21,26
1,<environment.Job instance at 0x7f17848e8a50>,24,13,[10  5],25,53,66,28,47
1,<environment.Job instance at 0x7f17848e8910>,25,14,[10  1],26,66,80,40,52
1,<environment.Job instance at 0x7f1784678140>,12,15,[ 3 10],13,80,95,67,67
1,<environment.Job instance at 0x7f17c9f1daf0>,35,17,[1 8],36,95,112,59,84
1,<environment.Job instance at 0x7f17c9f1db90>,37,3,[4 9],38,112,115,74,92
1,<environment.Job instance at 0x7f17c9f1dd70>,38,14,[1 6],39,115,129,76,100
1,<environment.Job instance at 0x7f17cf2a5960>,47,12,[2 5],48,129,141,81,117
1,<environment.Job instance at 0x7f17cf2a5730>,49,15,[8 4],50,117,132,67,117
1,<environment.Job instance at 0x7f1784903b90>,54,16,[5 3],55,132,148,77,119
1,<environment.Job instance at 0x7f17849004b0>,62,18,[7 3],63,148,166,85,140
1,<environment.Job instance at 0x7f17ca9cca00>,3,18,[10  5],4,166,184,162,160
1,<environment.Job instance at 0x7f17849007d0>,66,12,[4 6],67,184,196,117,170
1,<environment.Job instance at 0x7f1784900af0>,67,16,[3 5],68,196,212,128,184
1,<environment.Job instance at 0x7f1784900dc0>,72,12,[5 4],73,184,196,111,184
1,<environment.Job instance at 0x7f1784900f50>,76,15,[1 5],77,200,215,123,200
1,<environment.Job instance at 0x7f17848ee1e0>,78,2,[5 5],79,212,214,133,211
1,<environment.Job instance at 0x7f17848ee140>,79,3,[5 2],80,214,217,134,211
1,<environment.Job instance at 0x7f17848ee280>,80,14,[6 1],81,217,231,136,211
1,<environment.Job instance at 0x7f17848ee370>,82,17,[3 8],83,215,232,132,212
1,<environment.Job instance at 0x7f17848ee410>,83,3,[5 6],84,232,235,148,212
1,<environment.Job instance at 0x7f17848ee6e0>,85,2,[7 1],86,235,237,149,212
1,<environment.Job instance at 0x7f17848ee550>,87,14,[9 3],88,237,251,149,224
1,<environment.Job instance at 0x7f17848ee4b0>,91,15,[3 9],92,251,266,159,241
1,<environment.Job instance at 0x7f17848eef50>,97,15,[6 1],98,252,267,154,252
1,<environment.Job instance at 0x7f17848ec410>,103,22,[5 4],104,270,292,166,270
1,<environment.Job instance at 0x7f17848ec5a0>,106,3,[1 8],107,292,295,185,270
1,<environment.Job instance at 0x7f17848ec640>,107,1,[3 5],108,270,271,162,270
1,<environment.Job instance at 0x7f17848ec6e0>,108,2,[5 7],109,295,297,186,270
1,<environment.Job instance at 0x7f17848ec820>,110,16,[1 5],111,271,287,160,270
1,<environment.Job instance at 0x7f17848ec960>,112,3,[6 2],113,292,295,179,286
1,<environment.Job instance at 0x7f17848ec500>,105,17,[ 4 10],106,297,314,191,297
1,<environment.Job instance at 0x7f17848ecdc0>,116,16,[3 6],117,314,330,197,302
1,<environment.Job instance at 0x7f178490a1e0>,127,2,[9 3],128,330,332,202,314
1,<environment.Job instance at 0x7f178490a8c0>,128,16,[1 8],129,332,348,203,319
1,<environment.Job instance at 0x7f178490aeb0>,134,17,[10  4],135,350,367,215,350
1,<environment.Job instance at 0x7f1784902280>,140,13,[8 3],141,367,380,226,351
1,<environment.Job instance at 0x7f1784902460>,3,13,[5 1],4,6,19,2,6
1,<environment.Job instance at 0x7f17c9d18460>,5,1,[5 7],6,6,7,0,6
1,<environment.Job instance at 0x7f17ca6d5c30>,2,12,[10  3],3,19,31,16,11
1,<environment.Job instance at 0x7f17c9e2b5f0>,11,3,[1 7],12,12,15,0,12
1,<environment.Job instance at 0x7f17ca1ffa50>,15,1,[9 4],16,31,32,15,16
1,<environment.Job instance at 0x7f17ca1ffd70>,16,3,[ 4 10],17,32,35,15,17
1,<environment.Job instance at 0x7f17ca26f5f0>,17,2,[5 8],18,35,37,17,18
1,<environment.Job instance at 0x7f17c9d18780>,6,12,[1 9],7,37,49,30,22
1,<environment.Job instance at 0x7f17ca1ffe10>,19,3,[8 1],20,37,40,17,22
1,<environment.Job instance at 0x7f17ca26f960>,20,2,[2 7],21,49,51,28,22
1,<environment.Job instance at 0x7f17ca26f500>,28,1,[5 1],29,40,41,11,39
1,<environment.Job instance at 0x7f17ca26f230>,29,1,[9 1],30,41,42,11,39
1,<environment.Job instance at 0x7f17ca26fb90>,18,12,[ 3 10],19,51,63,32,41
1,<environment.Job instance at 0x7f17ca1ff820>,13,16,[4 9],14,63,79,49,52
1,<environment.Job instance at 0x7f17c9d18c30>,8,16,[10  3],9,79,95,70,67
1,<environment.Job instance at 0x7f17844ace10>,44,16,[5 6],45,114,130,69,114
1,<environment.Job instance at 0x7f17844ac190>,46,2,[5 6],47,130,132,83,114
1,<environment.Job instance at 0x7f17844ac2d0>,48,1,[9 2],49,132,133,83,114
1,<environment.Job instance at 0x7f17844acaa0>,47,12,[4 7],48,133,145,85,119
1,<environment.Job instance at 0x7f17844d5190>,56,18,[3 5],57,145,163,88,134
1,<environment.Job instance at 0x7f17844d55a0>,58,14,[7 5],59,145,159,86,135
1,<environment.Job instance at 0x7f17844d5460>,61,12,[7 5],62,159,171,97,152
1,<environment.Job instance at 0x7f17ca2cb640>,64,18,[3 8],65,172,190,107,172
1,<environment.Job instance at 0x7f178441c190>,68,13,[5 9],69,190,203,121,177
1,<environment.Job instance at 0x7f178441c0f0>,70,14,[5 5],71,203,217,132,189
1,<environment.Job instance at 0x7f17844f65f0>,71,17,[2 9],72,217,234,145,206
1,<environment.Job instance at 0x7f178480dc30>,87,16,[2 6],88,234,250,146,224
1,<environment.Job instance at 0x7f178480d5a0>,90,17,[6 4],91,242,259,151,242
1,<environment.Job instance at 0x7f178480d280>,92,18,[9 5],93,262,280,169,262
1,<environment.Job instance at 0x7f1784188c30>,98,14,[3 8],99,291,305,192,291
1,<environment.Job instance at 0x7f1784188d20>,100,13,[6 5],101,305,318,204,292
1,<environment.Job instance at 0x7f17cf238b90>,9,18,[5 5],10,11,29,1,11
1,<environment.Job instance at 0x7f17ca11aaf0>,11,18,[5 5],12,16,34,4,16
1,<environment.Job instance at 0x7f17ca555e10>,16,17,[3 7],17,34,51,17,22
1,<environment.Job instance at 0x7f17ca555910>,14,17,[6 1],15,34,51,19,31
1,<environment.Job instance at 0x7f17c9dcaa50>,28,2,[10  1],29,51,53,22,51
1,<environment.Job instance at 0x7f17c9dca410>,29,13,[6 1],30,53,66,23,51
1,<environment.Job instance at 0x7f17c9dcaaa0>,31,17,[6 1],32,66,83,34,54
1,<environment.Job instance at 0x7f17caa05820>,0,17,[4 8],1,61,78,60,61
1,<environment.Job instance at 0x7f17c9ff6460>,44,2,[8 1],45,88,90,43,88
1,<environment.Job instance at 0x7f17c9dca140>,32,16,[9 2],33,90,106,57,88
1,<environment.Job instance at 0x7f17c9ff6730>,50,1,[ 5 10],51,117,118,66,117
1,<environment.Job instance at 0x7f17ca458460>,53,1,[5 4],54,120,121,66,120
1,<environment.Job instance at 0x7f17ca458a50>,58,14,[9 3],59,128,142,69,128
1,<environment.Job instance at 0x7f17ca458370>,59,1,[8 3],60,142,143,82,128
1,<environment.Job instance at 0x7f17ca4582d0>,61,1,[9 1],62,143,144,81,131
1,<environment.Job instance at 0x7f17ca4588c0>,62,18,[7 2],63,144,162,81,133
1,<environment.Job instance at 0x7f1784160690>,65,16,[2 7],66,149,165,83,149
1,<environment.Job instance at 0x7f1784160780>,67,12,[10  4],68,165,177,97,151
1,<environment.Job instance at 0x7f1784160aa0>,68,12,[3 8],69,177,189,108,161
1,<environment.Job instance at 0x7f1784160af0>,70,13,[8 2],71,189,202,118,173
1,<environment.Job instance at 0x7f1784160960>,74,13,[6 5],75,202,215,127,192
1,<environment.Job instance at 0x7f17ca49e870>,82,2,[2 5],83,205,207,122,205
1,<environment.Job instance at 0x7f17ca49e5a0>,83,2,[1 9],84,215,217,131,205
1,<environment.Job instance at 0x7f17cac82e60>,85,17,[5 8],86,217,234,131,206
1,<environment.Job instance at 0x7f17845f1eb0>,91,12,[9 4],92,234,246,142,229
1,<environment.Job instance at 0x7f17845f1820>,94,13,[6 5],95,246,259,151,238
1,<environment.Job instance at 0x7f17846277d0>,95,3,[ 4 10],96,259,262,163,240
1,<environment.Job instance at 0x7f1784627c30>,96,1,[1 6],97,240,241,143,240
1,<environment.Job instance at 0x7f1784627f00>,97,2,[4 6],98,262,264,164,240
1,<environment.Job instance at 0x7f1784627b90>,98,2,[ 2 10],99,264,266,165,240
1,<environment.Job instance at 0x7f178424ef50>,99,15,[10  5],100,266,281,166,252
1,<environment.Job instance at 0x7f178427dcd0>,103,13,[7 3],104,281,294,177,265
1,<environment.Job instance at 0x7f178427d6e0>,106,15,[6 4],107,294,309,187,280
1,<environment.Job instance at 0x7f17c9ff64b0>,43,13,[10  1],44,309,322,265,301
1,<environment.Job instance at 0x7f1784653280>,116,12,[10  3],117,322,334,205,316
1,<environment.Job instance at 0x7f1784653370>,119,14,[5 9],120,334,348,214,320
1,<environment.Job instance at 0x7f17c9e99280>,123,1,[ 4 10],124,348,349,224,330
1,<environment.Job instance at 0x7f17c9e99b90>,127,18,[3 8],128,349,367,221,343
1,<environment.Job instance at 0x7f17c9e99140>,132,13,[3 6],133,367,380,234,352
1,<environment.Job instance at 0x7f17c9e99a00>,133,17,[7 2],134,352,369,218,352
1,<environment.Job instance at 0x7f17b3790320>,21,17,[ 4 10],22,380,397,358,371
1,<environment.Job instance at 0x7f17ca741910>,141,3,[10  5],142,397,400,255,380
1,<environment.Job instance at 0x7f17ca7413c0>,137,18,[1 8],138,400,418,262,390
1,<environment.Job instance at 0x7f17ca741230>,146,13,[4 6],147,418,431,271,406
1,<environment.Job instance at 0x7f1784333be0>,1,2,[4 7],2,2,4,0,2
1,<environment.Job instance at 0x7f17ca0235a0>,7,2,[4 9],8,8,10,0,8
1,<environment.Job instance at 0x7f17ca6d5cd0>,10,3,[7 1],11,27,30,16,27
1,<environment.Job instance at 0x7f1784678aa0>,11,12,[10  1],12,30,42,18,27
1,<environment.Job instance at 0x7f1783faf2d0>,17,18,[4 5],18,42,60,24,31
1,<environment.Job instance at 0x7f178413eaf0>,2,17,[6 3],3,42,59,39,32
1,<environment.Job instance at 0x7f17cab21960>,22,13,[1 8],23,60,73,37,46
1,<environment.Job instance at 0x7f17cab21910>,26,15,[8 5],27,73,88,46,61
1,<environment.Job instance at 0x7f178490a910>,28,12,[4 8],29,88,100,59,71
1,<environment.Job instance at 0x7f1784057f00>,33,12,[9 4],34,100,112,66,87
1,<environment.Job instance at 0x7f17ca8fe0f0>,39,13,[4 9],40,112,125,72,97
1,<environment.Job instance at 0x7f17840c2b90>,41,13,[ 1 10],42,125,138,83,113
1,<environment.Job instance at 0x7f17840c2690>,43,14,[4 9],44,138,152,94,127
1,<environment.Job instance at 0x7f17840c23c0>,45,13,[ 3 10],46,152,165,106,139
1,<environment.Job instance at 0x7f17caab9550>,47,3,[7 3],48,165,168,117,139
1,<environment.Job instance at 0x7f17caab90a0>,49,18,[8 2],50,168,186,118,157
1,<environment.Job instance at 0x7f17ca3fcf00>,54,14,[3 7],55,186,200,131,172
1,<environment.Job instance at 0x7f17ca3fc960>,57,12,[3 7],58,200,212,142,184
1,<environment.Job instance at 0x7f17ca3fcfa0>,58,16,[7 1],59,186,202,127,184
1,<environment.Job instance at 0x7f17ca3fcb40>,60,17,[3 8],61,212,229,151,200
1,<environment.Job instance at 0x7f17ca3fcbe0>,59,15,[ 4 10],60,229,244,169,215
1,<environment.Job instance at 0x7f17ca40ed70>,66,12,[4 6],67,244,256,177,227
1,<environment.Job instance at 0x7f17ca3f8410>,73,17,[10  3],74,256,273,182,249
1,<environment.Job instance at 0x7f1784278140>,79,3,[4 7],80,285,288,205,285
1,<environment.Job instance at 0x7f1784273320>,83,2,[9 1],84,288,290,204,286
1,<environment.Job instance at 0x7f17ca6db820>,84,15,[4 8],85,290,305,205,287
1,<environment.Job instance at 0x7f17842780f0>,85,3,[4 5],86,305,308,219,287
1,<environment.Job instance at 0x7f17842780a0>,86,2,[8 2],87,308,310,221,287
1,<environment.Job instance at 0x7f17ca5c2550>,87,3,[10  4],88,310,313,222,287
1,<environment.Job instance at 0x7f17cab21c30>,1,15,[5 1],2,3,18,1,3
1,<environment.Job instance at 0x7f17cac4e140>,15,15,[7 1],16,18,33,2,16
1,<environment.Job instance at 0x7f17ca81b0f0>,16,15,[5 5],17,33,48,16,20
1,<environment.Job instance at 0x7f17c9f8a820>,12,17,[ 1 10],13,48,65,35,37
1,<environment.Job instance at 0x7f1784589f50>,22,16,[2 8],23,65,81,42,53
1,<environment.Job instance at 0x7f17ca578410>,26,13,[10  2],27,81,94,54,68
1,<environment.Job instance at 0x7f17ca975af0>,30,16,[1 9],31,94,110,63,81
1,<environment.Job instance at 0x7f17caa7f230>,37,12,[ 2 10],38,110,122,72,93
1,<environment.Job instance at 0x7f1784589e10>,20,18,[2 9],21,122,140,101,111
1,<environment.Job instance at 0x7f17ca9f1960>,42,17,[5 8],43,140,157,97,132
1,<environment.Job instance at 0x7f17ca44be10>,49,16,[1 8],50,157,173,107,145
1,<environment.Job instance at 0x7f17845157d0>,56,16,[6 2],57,167,183,110,167
1,<environment.Job instance at 0x7f17c9ff2730>,58,2,[8 1],59,183,185,124,167
1,<environment.Job instance at 0x7f17c9ff21e0>,61,16,[1 7],62,186,202,124,186
1,<environment.Job instance at 0x7f1784701820>,66,12,[3 9],67,202,214,135,196
1,<environment.Job instance at 0x7f178428c140>,68,12,[7 2],69,214,226,145,200
1,<environment.Job instance at 0x7f17843ade10>,72,2,[ 4 10],73,226,228,153,204
1,<environment.Job instance at 0x7f17ca44b960>,48,16,[1 9],49,263,279,214,263
1,<environment.Job instance at 0x7f1784073690>,4,1,[8 1],5,6,7,1,6
1,<environment.Job instance at 0x7f17ca56c230>,1,16,[4 9],2,7,23,5,6
1,<environment.Job instance at 0x7f17841f9410>,7,13,[10  3],8,23,36,15,12
1,<environment.Job instance at 0x7f178494e5f0>,12,1,[ 3 10],13,36,37,23,13
1,<environment.Job instance at 0x7f178494ea00>,16,15,[7 3],17,37,52,20,23
1,<environment.Job instance at 0x7f178494e6e0>,17,3,[8 4],18,52,55,34,26
1,<environment.Job instance at 0x7f17caae4730>,8,18,[10  5],9,55,73,46,44
1,<environment.Job instance at 0x7f178494e550>,19,15,[ 5 10],20,73,88,53,65
1,<environment.Job instance at 0x7f17ca5c6410>,26,12,[5 9],27,88,100,61,71
1,<environment.Job instance at 0x7f17caae46e0>,6,16,[ 5 10],7,100,116,93,90
1,<environment.Job instance at 0x7f17ca5c6140>,33,13,[8 4],34,116,129,82,100
1,<environment.Job instance at 0x7f17842d8140>,38,15,[5 4],39,129,144,90,121
1,<environment.Job instance at 0x7f17ca273f50>,6,3,[9 4],7,7,10,0,7
1,<environment.Job instance at 0x7f17caae4910>,7,12,[6 5],8,11,23,3,11
1,<environment.Job instance at 0x7f17ca61ebe0>,12,2,[9 2],13,23,25,10,13
1,<environment.Job instance at 0x7f17ca0f62d0>,2,17,[10  4],3,25,42,22,19
1,<environment.Job instance at 0x7f17840974b0>,14,15,[3 5],15,42,57,27,30
1,<environment.Job instance at 0x7f17ca833b90>,21,14,[6 4],22,42,56,20,33
1,<environment.Job instance at 0x7f17c9dc10a0>,23,2,[8 5],24,57,59,33,33
1,<environment.Job instance at 0x7f17caae4050>,0,13,[ 4 10],1,59,72,58,51
1,<environment.Job instance at 0x7f17ca9f1870>,24,17,[3 5],25,72,89,47,60
1,<environment.Job instance at 0x7f1783fdcaf0>,39,14,[1 5],40,76,90,36,76
1,<environment.Job instance at 0x7f17ca5f2af0>,41,16,[1 8],42,90,106,48,77
1,<environment.Job instance at 0x7f1784480d20>,51,2,[2 5],52,106,108,54,102
1,<environment.Job instance at 0x7f17c9e13640>,8,18,[4 7],9,108,126,99,102
1,<environment.Job instance at 0x7f17844798c0>,53,3,[1 5],54,126,129,72,102
1,<environment.Job instance at 0x7f178449c280>,57,1,[5 2],58,127,128,69,127
1,<environment.Job instance at 0x7f178449d460>,59,14,[8 1],60,128,142,68,127
1,<environment.Job instance at 0x7f17846540f0>,13,18,[ 4 10],14,142,160,128,131
1,<environment.Job instance at 0x7f178447f960>,64,12,[4 9],65,160,172,95,147
1,<environment.Job instance at 0x7f178449d370>,69,15,[10  5],70,172,187,102,158
1,<environment.Job instance at 0x7f178448a410>,77,17,[2 8],78,187,204,109,180
1,<environment.Job instance at 0x7f1784477780>,81,18,[8 2],82,187,205,105,180
1,<environment.Job instance at 0x7f17848e1d20>,83,15,[4 8],84,205,220,121,191
1,<environment.Job instance at 0x7f17842ff500>,89,17,[9 4],90,220,237,130,209
1,<environment.Job instance at 0x7f178490bd20>,93,17,[7 4],94,237,254,143,225
1,<environment.Job instance at 0x7f17840202d0>,25,18,[ 3 10],26,313,331,287,313
1,<environment.Job instance at 0x7f17ca9f83c0>,109,14,[ 1 10],110,604,618,494,604
1,<environment.Job instance at 0x7f17ca103af0>,110,1,[5 2],111,618,619,507,604
1,<environment.Job instance at 0x7f17ca0fed20>,112,2,[4 7],113,618,620,505,604
1,<environment.Job instance at 0x7f17ca0fe730>,114,16,[10  5],115,620,636,505,609
1,<environment.Job instance at 0x7f17ca9b2870>,118,12,[1 5],119,636,648,517,619
1,<environment.Job instance at 0x7f17ca9b2aa0>,119,12,[8 1],120,636,648,516,619
1,<environment.Job instance at 0x7f17ca9b27d0>,126,15,[5 8],127,648,663,521,635
1,<environment.Job instance at 0x7f17ca9b2820>,130,13,[ 2 10],131,663,676,532,648
1,<environment.Job instance at 0x7f17ca0de6e0>,138,12,[2 6],139,676,688,537,663
1,<environment.Job instance at 0x7f17ca0de5a0>,139,18,[6 5],140,688,706,548,678
1,<environment.Job instance at 0x7f17ca0de8c0>,145,18,[1 6],146,706,724,560,695
1,<environment.Job instance at 0x7f17ca10ceb0>,148,12,[2 5],149,724,736,575,707
1,<environment.Job instance at 0x7f17c9d851e0>,1,18,[9 3],2,12,30,10,12
1,<environment.Job instance at 0x7f17ca62af50>,14,13,[1 6],15,17,30,2,17
1,<environment.Job instance at 0x7f17ca1dbe60>,17,18,[3 8],18,30,48,12,20
1,<environment.Job instance at 0x7f1783fd6b40>,3,18,[8 3],4,48,66,44,40
1,<environment.Job instance at 0x7f17cac30f50>,24,13,[2 5],25,48,61,23,40
1,<environment.Job instance at 0x7f17ca690410>,27,12,[1 7],28,61,73,33,46
1,<environment.Job instance at 0x7f17ca3391e0>,30,12,[3 6],31,73,85,42,61
1,<environment.Job instance at 0x7f17845b7910>,31,14,[7 4],32,73,87,41,61
1,<environment.Job instance at 0x7f17ca3399b0>,29,14,[9 3],30,87,101,57,73
1,<environment.Job instance at 0x7f1783fd6c30>,2,17,[4 8],3,101,118,98,90
1,<environment.Job instance at 0x7f17ca620c30>,48,17,[8 1],49,118,135,69,116
1,<environment.Job instance at 0x7f17848645f0>,58,17,[1 8],59,181,198,122,181
1,<environment.Job instance at 0x7f17ca7953c0>,71,14,[1 6],72,232,246,160,232
1,<environment.Job instance at 0x7f17cac30eb0>,25,16,[ 4 10],26,246,262,220,234
1,<environment.Job instance at 0x7f17ca795730>,67,17,[ 3 10],68,262,279,194,253
1,<environment.Job instance at 0x7f17c9f33b90>,2,17,[7 2],3,4,21,1,4
1,<environment.Job instance at 0x7f1784683410>,4,13,[2 8],5,6,19,1,6
1,<environment.Job instance at 0x7f17c9f33280>,3,14,[7 2],4,21,35,17,7
1,<environment.Job instance at 0x7f1784903dc0>,5,17,[6 3],6,35,52,29,23
1,<environment.Job instance at 0x7f17ca12b460>,17,13,[ 5 10],18,52,65,34,37
1,<environment.Job instance at 0x7f178456ea50>,27,17,[6 2],28,65,82,37,61
1,<environment.Job instance at 0x7f17caa692d0>,37,16,[6 5],38,82,98,44,69
1,<environment.Job instance at 0x7f17c9f695a0>,39,12,[ 5 10],40,98,110,58,84
1,<environment.Job instance at 0x7f17c9f693c0>,45,17,[10  2],46,110,127,64,98
1,<environment.Job instance at 0x7f17c9f69eb0>,49,12,[6 2],50,127,139,77,110
1,<environment.Job instance at 0x7f17c9f69c30>,55,13,[6 4],56,139,152,83,126
1,<environment.Job instance at 0x7f17ca12bb90>,12,18,[3 8],13,152,170,139,141
1,<environment.Job instance at 0x7f17845d4eb0>,9,16,[ 4 10],10,170,186,160,163
1,<environment.Job instance at 0x7f17847526e0>,69,17,[6 3],70,186,203,116,178
1,<environment.Job instance at 0x7f17c9f69870>,46,16,[ 5 10],47,203,219,156,190
1,<environment.Job instance at 0x7f17847528c0>,72,14,[10  1],73,219,233,146,204
1,<environment.Job instance at 0x7f1784752370>,65,18,[5 9],66,233,251,167,225
1,<environment.Job instance at 0x7f1784030d20>,93,3,[10  2],94,251,254,157,243
1,<environment.Job instance at 0x7f1784030e10>,95,12,[8 2],96,254,266,158,244
1,<environment.Job instance at 0x7f1784030460>,97,2,[6 4],98,266,268,168,250
1,<environment.Job instance at 0x7f1783f81be0>,100,1,[10  2],101,268,269,167,259
1,<environment.Job instance at 0x7f1783f81960>,105,1,[3 9],106,271,272,165,271
1,<environment.Job instance at 0x7f1783f814b0>,108,18,[3 7],109,283,301,174,283
1,<environment.Job instance at 0x7f1783f81910>,4,3,[5 5],5,7,10,2,7
1,<environment.Job instance at 0x7f1783f810a0>,3,17,[3 7],4,10,27,6,9
1,<environment.Job instance at 0x7f17845d4a50>,10,2,[6 2],11,11,13,0,11
1,<environment.Job instance at 0x7f17840a87d0>,15,15,[3 5],16,27,42,11,16
1,<environment.Job instance at 0x7f17ca9de140>,22,13,[4 8],23,42,55,19,26
1,<environment.Job instance at 0x7f17ca9deb90>,26,13,[4 5],27,55,68,28,39
1,<environment.Job instance at 0x7f17ca9de230>,29,15,[3 5],30,55,70,25,55
1,<environment.Job instance at 0x7f17ca9de460>,31,1,[8 1],32,70,71,38,55
1,<environment.Job instance at 0x7f17ca9de280>,32,2,[9 1],33,71,73,38,55
1,<environment.Job instance at 0x7f17840b1aa0>,34,16,[1 7],35,70,86,35,62
1,<environment.Job instance at 0x7f17840b1eb0>,35,3,[3 5],36,86,89,50,62
1,<environment.Job instance at 0x7f17840b1dc0>,37,13,[4 7],38,89,102,51,73
1,<environment.Job instance at 0x7f17840b17d0>,39,13,[3 7],40,102,115,62,87
1,<environment.Job instance at 0x7f17840b1230>,41,14,[5 4],42,115,129,73,103
1,<environment.Job instance at 0x7f17840b1870>,44,14,[9 2],45,129,143,84,114
1,<environment.Job instance at 0x7f17840b1910>,51,16,[9 2],52,143,159,91,131
1,<environment.Job instance at 0x7f17840df640>,55,16,[7 4],56,159,175,103,146
1,<environment.Job instance at 0x7f17840dfd20>,60,14,[5 3],61,175,189,114,167
1,<environment.Job instance at 0x7f17840df3c0>,62,16,[1 7],63,175,191,112,169
1,<environment.Job instance at 0x7f17840df230>,63,15,[7 1],64,189,204,125,176
1,<environment.Job instance at 0x7f17caa09dc0>,9,17,[10  4],10,214,231,204,214
1,<environment.Job instance at 0x7f17840c6f50>,76,17,[9 2],77,235,252,158,235
1,<environment.Job instance at 0x7f17840c62d0>,77,12,[6 5],78,252,264,174,235
1,<environment.Job instance at 0x7f17840deb90>,82,14,[5 8],83,264,278,181,251
1,<environment.Job instance at 0x7f17840de9b0>,87,18,[10  1],88,278,296,190,267
1,<environment.Job instance at 0x7f17840deaa0>,89,17,[2 7],90,296,313,206,286
1,<environment.Job instance at 0x7f17840de640>,93,14,[7 3],94,296,310,202,289
1,<environment.Job instance at 0x7f17840de370>,97,13,[6 5],98,313,326,215,297
1,<environment.Job instance at 0x7f17840de3c0>,99,14,[2 5],100,313,327,213,312
1,<environment.Job instance at 0x7fd11c3592d0>,3,3,[4 8],4,4,7,0,4
1,<environment.Job instance at 0x7fd121769280>,0,13,[9 3],1,7,20,6,6
1,<environment.Job instance at 0x7fd11c359640>,8,13,[5 5],9,20,33,11,12
1,<environment.Job instance at 0x7fd11c359230>,4,14,[1 6],5,33,47,28,22
1,<environment.Job instance at 0x7fd11c359fa0>,19,14,[3 5],20,47,61,27,34
1,<environment.Job instance at 0x7fd11c359dc0>,16,16,[3 5],17,50,66,33,50
1,<environment.Job instance at 0x7fd11c35c780>,29,12,[5 4],30,61,73,31,54
1,<environment.Job instance at 0x7fd11c35cb90>,31,14,[2 5],32,66,80,34,56
1,<environment.Job instance at 0x7fd11c35ccd0>,33,14,[5 5],34,73,87,39,58
1,<environment.Job instance at 0x7fd11c35c550>,25,12,[ 5 10],26,87,99,61,76
1,<environment.Job instance at 0x7fd11c35d320>,40,15,[10  3],41,99,114,58,85
1,<environment.Job instance at 0x7fd11c35d500>,43,18,[5 5],44,114,132,70,103
1,<environment.Job instance at 0x7fd11c359be0>,13,18,[ 4 10],14,132,150,118,123
1,<environment.Job instance at 0x7fd11c35db40>,1,15,[1 7],2,7,22,5,7
1,<environment.Job instance at 0x7fd11c35ddc0>,7,2,[10  2],8,22,24,14,8
1,<environment.Job instance at 0x7fd11c374280>,11,2,[5 5],12,24,26,12,12
1,<environment.Job instance at 0x7fd11c374b40>,13,18,[6 5],14,26,44,12,17
1,<environment.Job instance at 0x7fd11c374dc0>,14,19,[6 1],15,44,63,29,35
1,<environment.Job instance at 0x7fd11c3749b0>,19,14,[2 6],20,44,58,24,37
1,<environment.Job instance at 0x7fd11c378c80>,30,18,[10  3],31,70,88,39,70
1,<environment.Job instance at 0x7fd11c37b960>,34,12,[3 8],35,88,100,53,71
1,<environment.Job instance at 0x7fd11c3748c0>,15,16,[ 2 10],16,100,116,84,91
1,<environment.Job instance at 0x7fd11c2fd690>,42,14,[2 7],43,116,130,73,102
1,<environment.Job instance at 0x7fd11c2fdc80>,45,14,[10  2],46,130,144,84,115
1,<environment.Job instance at 0x7fd0d66e2aa0>,56,12,[ 3 10],57,144,156,87,127
1,<environment.Job instance at 0x7fd11c378dc0>,31,17,[10  2],32,156,173,124,144
1,<environment.Job instance at 0x7fd0d66dfd70>,64,16,[9 4],65,173,189,108,162
1,<environment.Job instance at 0x7fd0d66dfbe0>,66,14,[10  1],67,189,203,122,174
1,<environment.Job instance at 0x7fd0d66e0cd0>,68,15,[7 5],69,203,218,134,189
1,<environment.Job instance at 0x7fd0d66e0f50>,70,13,[7 4],71,218,231,147,202
1,<environment.Job instance at 0x7fd0d6762370>,77,3,[1 6],78,218,221,140,213
1,<environment.Job instance at 0x7fd0d686f370>,84,16,[7 5],85,238,254,153,238
1,<environment.Job instance at 0x7fd0d68245a0>,88,18,[4 6],89,262,280,173,262
1,<environment.Job instance at 0x7fd0d6998eb0>,89,3,[5 1],90,262,265,172,262
1,<environment.Job instance at 0x7fd0d68861e0>,90,3,[7 3],91,280,283,189,262
1,<environment.Job instance at 0x7fd0d684c820>,93,12,[9 1],94,283,295,189,267
1,<environment.Job instance at 0x7fd0d6a1a3c0>,97,17,[5 2],98,295,312,197,284
1,<environment.Job instance at 0x7fd0d6997780>,98,18,[4 5],99,295,313,196,284
1,<environment.Job instance at 0x7fd0d669a5f0>,107,13,[9 2],108,313,326,205,301
1,<environment.Job instance at 0x7fd0d65c8410>,111,15,[8 4],112,326,341,214,313
1,<environment.Job instance at 0x7fd0d662be10>,117,18,[5 9],118,346,364,228,346
1,<environment.Job instance at 0x7fd11c3742d0>,1,2,[1 7],2,2,4,0,2
1,<environment.Job instance at 0x7fd0d684c730>,0,12,[9 2],1,4,16,3,4
1,<environment.Job instance at 0x7fd11c372a00>,8,15,[7 5],9,16,31,7,9
1,<environment.Job instance at 0x7fd0d68e2780>,4,12,[5 9],5,59,71,54,59
1,<environment.Job instance at 0x7fd11eada050>,20,15,[7 1],21,71,86,50,63
1,<environment.Job instance at 0x7fd0d65d7910>,22,13,[1 6],23,71,84,48,64
1,<environment.Job instance at 0x7fd0d6a58550>,9,15,[ 3 10],10,86,101,76,83
1,<environment.Job instance at 0x7fd11c862640>,29,16,[5 4],30,101,117,71,88
1,<environment.Job instance at 0x7fd0d65d8c80>,32,12,[8 1],33,117,129,84,103
1,<environment.Job instance at 0x7fd0d65c8cd0>,36,16,[9 2],37,129,145,92,117
1,<environment.Job instance at 0x7fd11c0d9780>,43,3,[4 8],44,145,148,101,144
1,<environment.Job instance at 0x7fd11c0d9230>,44,15,[4 6],45,148,163,103,144
1,<environment.Job instance at 0x7fd0d6738be0>,49,2,[8 2],50,169,171,119,169
1,<environment.Job instance at 0x7fd0d6738960>,50,2,[1 7],51,169,171,118,169
1,<environment.Job instance at 0x7fd0d6738d70>,51,1,[ 4 10],52,171,172,119,169
1,<environment.Job instance at 0x7fd11c1199b0>,53,2,[5 7],54,172,174,118,169
1,<environment.Job instance at 0x7fd11c119af0>,54,1,[3 8],55,174,175,119,169
1,<environment.Job instance at 0x7fd11c119280>,55,13,[5 5],56,175,188,119,169
1,<environment.Job instance at 0x7fd11c119b90>,58,2,[6 3],59,188,190,129,170
1,<environment.Job instance at 0x7fd11c119b40>,60,14,[7 5],61,190,204,129,175
1,<environment.Job instance at 0x7fd1218db820>,65,16,[10  4],66,204,220,138,192
1,<environment.Job instance at 0x7fd11c11adc0>,68,14,[7 5],69,220,234,151,205
1,<environment.Job instance at 0x7fd11c122c30>,74,17,[7 2],75,234,251,159,225
1,<environment.Job instance at 0x7fd11c122dc0>,77,15,[2 9],78,251,266,173,238
1,<environment.Job instance at 0x7fd0d6633370>,90,18,[3 5],91,291,309,200,291
1,<environment.Job instance at 0x7fd11c87a370>,95,13,[ 1 10],96,309,322,213,304
1,<environment.Job instance at 0x7fd11c81b640>,99,15,[10  2],100,322,337,222,315
1,<environment.Job instance at 0x7fd11c81b6e0>,101,12,[5 5],102,337,349,235,328
1,<environment.Job instance at 0x7fd11c7ce190>,103,13,[4 9],104,349,362,245,336
1,<environment.Job instance at 0x7fd121790cd0>,107,3,[10  2],108,362,365,254,344
1,<environment.Job instance at 0x7fd1217900a0>,111,13,[4 5],112,371,384,259,371
1,<environment.Job instance at 0x7fd121790370>,118,16,[6 3],119,379,395,260,379
1,<environment.Job instance at 0x7fd121790e10>,119,14,[5 7],120,395,409,275,388
1,<environment.Job instance at 0x7fd121790d70>,121,14,[1 5],122,409,423,287,400
1,<environment.Job instance at 0x7fd0d69df1e0>,2,2,[9 3],3,3,5,0,3
1,<environment.Job instance at 0x7fd0d6c1a460>,5,3,[1 5],6,6,9,0,6
1,<environment.Job instance at 0x7fd0d6c5d3c0>,7,13,[6 4],8,8,21,0,8
1,<environment.Job instance at 0x7fd0d69427d0>,1,13,[5 5],2,21,34,19,10
1,<environment.Job instance at 0x7fd0d69e6230>,4,16,[10  3],5,34,50,29,23
1,<environment.Job instance at 0x7fd0d6c42230>,22,15,[5 1],23,50,65,27,36
1,<environment.Job instance at 0x7fd0d6c055a0>,19,15,[9 5],20,65,80,45,51
1,<environment.Job instance at 0x7fd11c3de730>,30,12,[2 5],31,51,63,20,51
1,<environment.Job instance at 0x7fd11c3ded20>,31,16,[6 5],32,80,96,48,67
1,<environment.Job instance at 0x7fd11e8b1b90>,40,3,[1 7],41,96,99,55,80
1,<environment.Job instance at 0x7fd11c773870>,39,13,[5 9],40,99,112,59,84
1,<environment.Job instance at 0x7fd11c4ab730>,45,13,[10  4],46,112,125,66,98
1,<environment.Job instance at 0x7fd11e8b1730>,41,18,[8 4],42,125,143,83,115
1,<environment.Job instance at 0x7fd11c4ab320>,50,14,[6 4],51,143,157,92,133
1,<environment.Job instance at 0x7fd11c3b00f0>,54,14,[7 1],55,157,171,102,143
1,<environment.Job instance at 0x7fd0d69bed20>,23,18,[5 9],24,171,189,147,160
1,<environment.Job instance at 0x7fd105d3af50>,59,18,[7 5],60,189,207,129,181
1,<environment.Job instance at 0x7fd11c44d730>,73,2,[5 6],74,215,217,141,215
1,<environment.Job instance at 0x7fd11c44d500>,74,2,[2 5],75,217,219,142,215
1,<environment.Job instance at 0x7fd11c44dc30>,75,3,[6 5],76,217,220,141,215
1,<environment.Job instance at 0x7fd11c44d5f0>,76,3,[8 2],77,220,223,143,215
1,<environment.Job instance at 0x7fd11c44d910>,77,13,[7 3],78,223,236,145,215
1,<environment.Job instance at 0x7fd11c44d410>,72,18,[5 1],73,236,254,163,225
1,<environment.Job instance at 0x7fd11c44d0a0>,80,14,[3 6],81,225,239,144,225
1,<environment.Job instance at 0x7fd11c7a8e60>,83,2,[5 5],84,239,241,155,230
1,<environment.Job instance at 0x7fd11c7a8e10>,84,12,[4 6],85,241,253,156,230
1,<environment.Job instance at 0x7fd11c44d640>,82,15,[1 6],83,253,268,170,239
1,<environment.Job instance at 0x7fd11c44d190>,85,17,[7 1],86,254,271,168,245
1,<environment.Job instance at 0x7fd0d69a4730>,89,14,[10  1],90,271,285,181,256
1,<environment.Job instance at 0x7fd0d69a4fa0>,91,14,[10  4],92,285,299,193,270
1,<environment.Job instance at 0x7fd11c4b43c0>,94,12,[8 4],95,299,311,204,284
1,<environment.Job instance at 0x7fd11c4b4a00>,97,14,[6 2],98,311,325,213,296
1,<environment.Job instance at 0x7fd11c4b4aa0>,100,12,[8 1],101,325,337,224,312
1,<environment.Job instance at 0x7fd121792b40>,104,12,[6 5],105,337,349,232,337
1,<environment.Job instance at 0x7fd11c3c28c0>,108,1,[5 7],109,349,350,240,344
1,<environment.Job instance at 0x7fd11c3c2370>,110,3,[4 8],111,353,356,242,353
1,<environment.Job instance at 0x7fd11e9e75a0>,112,3,[9 1],113,356,359,243,353
1,<environment.Job instance at 0x7fd11c3bca00>,113,2,[ 4 10],114,359,361,245,353
1,<environment.Job instance at 0x7fd0d6c3da00>,120,3,[9 5],121,361,364,240,360
1,<environment.Job instance at 0x7fd0d6c3d690>,121,13,[1 7],122,364,377,242,360
1,<environment.Job instance at 0x7fd0d6c3d0f0>,122,13,[4 8],123,377,390,254,362
1,<environment.Job instance at 0x7fd0d6c3dcd0>,126,12,[7 1],127,364,376,237,362
1,<environment.Job instance at 0x7fd11c4ab780>,44,17,[3 9],45,390,407,345,380
1,<environment.Job instance at 0x7fd0d6c41140>,11,18,[2 9],12,525,543,513,525
1,<environment.Job instance at 0x7fd0d6a1e5a0>,3,17,[8 5],4,6,23,2,6
1,<environment.Job instance at 0x7fd0d69ba780>,8,16,[ 5 10],9,23,39,14,13
1,<environment.Job instance at 0x7fd0d6605280>,14,3,[6 4],15,39,42,24,15
1,<environment.Job instance at 0x7fd11c6fc460>,17,1,[3 6],18,39,40,21,27
1,<environment.Job instance at 0x7fd11c6fc6e0>,18,3,[8 2],19,42,45,23,27
1,<environment.Job instance at 0x7fd11c6fccd0>,19,3,[ 5 10],20,45,48,25,27
1,<environment.Job instance at 0x7fd11c6fc050>,21,1,[4 6],22,40,41,18,28
1,<environment.Job instance at 0x7fd0d693f4b0>,10,16,[9 2],11,48,64,37,38
1,<environment.Job instance at 0x7fd11c6fc4b0>,25,1,[9 5],26,64,65,38,43
1,<environment.Job instance at 0x7fd11c6fc1e0>,27,17,[5 2],28,65,82,37,54
1,<environment.Job instance at 0x7fd11c6fcdc0>,30,15,[3 9],31,82,97,51,70
1,<environment.Job instance at 0x7fd11c4c7c80>,34,17,[9 5],35,97,114,62,87
1,<environment.Job instance at 0x7fd11c43e1e0>,38,14,[9 4],39,114,128,75,100
1,<environment.Job instance at 0x7fd11c1f6af0>,47,17,[4 9],48,128,145,80,122
1,<environment.Job instance at 0x7fd11c6fcc80>,22,18,[5 9],23,145,163,122,135
1,<environment.Job instance at 0x7fd0d6cd2500>,51,17,[10  4],52,163,180,111,152
1,<environment.Job instance at 0x7fd0d6cc5b40>,55,18,[10  3],56,180,198,124,174
1,<environment.Job instance at 0x7fd0d696d190>,7,16,[1 5],8,12,28,4,12
1,<environment.Job instance at 0x7fd0d696dc30>,10,13,[9 3],11,13,26,2,13
1,<environment.Job instance at 0x7fd0d696daa0>,13,13,[6 5],14,26,39,12,14
1,<environment.Job instance at 0x7fd0d6718f50>,20,16,[2 8],21,39,55,18,26
1,<environment.Job instance at 0x7fd0d6718370>,23,17,[6 4],24,55,72,31,43
1,<environment.Job instance at 0x7fd0d6718320>,22,17,[1 7],23,72,89,49,60
1,<environment.Job instance at 0x7fd11c2f2870>,31,18,[9 3],32,72,90,40,72
1,<environment.Job instance at 0x7fd11c2f2230>,33,12,[4 9],34,90,102,56,74
1,<environment.Job instance at 0x7fd11c2f20a0>,39,16,[ 3 10],40,102,118,62,89
1,<environment.Job instance at 0x7fd11c2f26e0>,40,3,[7 3],41,118,121,77,92
1,<environment.Job instance at 0x7fd11c2f23c0>,42,18,[5 8],43,121,139,78,110
1,<environment.Job instance at 0x7fd11c2e2a50>,51,15,[9 5],52,139,154,87,127
1,<environment.Job instance at 0x7fd11c2e25f0>,52,14,[9 1],53,154,168,101,139
1,<environment.Job instance at 0x7fd0d6709780>,59,16,[ 4 10],60,183,199,123,183
1,<environment.Job instance at 0x7fd0d6709e60>,61,17,[3 7],62,199,216,137,195
1,<environment.Job instance at 0x7fd0d6709be0>,71,15,[7 5],72,250,265,178,250
1,<environment.Job instance at 0x7fd0d6710960>,73,16,[8 2],74,692,708,618,692
1,<environment.Job instance at 0x7fd0d6710820>,75,3,[5 1],76,708,711,632,692
1,<environment.Job instance at 0x7fd0d6710eb0>,77,2,[2 9],78,708,710,630,695
1,<environment.Job instance at 0x7fd0d6710be0>,78,2,[8 3],79,711,713,632,695
1,<environment.Job instance at 0x7fd0d6710730>,80,15,[9 1],81,713,728,632,699
1,<environment.Job instance at 0x7fd0d6710c30>,82,13,[6 5],83,728,741,645,715
1,<environment.Job instance at 0x7fd0d6710050>,84,18,[1 8],85,741,759,656,732
1,<environment.Job instance at 0x7fd0d69dd050>,87,15,[6 1],88,741,756,653,732
1,<environment.Job instance at 0x7fd11ec572d0>,89,1,[9 4],90,759,760,669,744
1,<environment.Job instance at 0x7fd11ee05a50>,91,3,[3 7],92,760,763,668,744
1,<environment.Job instance at 0x7fd11c2036e0>,92,2,[5 6],93,763,765,670,744
1,<environment.Job instance at 0x7fd11c5fa2d0>,93,3,[10  1],94,765,768,671,744
1,<environment.Job instance at 0x7fd11e9e8a00>,95,2,[10  5],96,768,770,672,748
1,<environment.Job instance at 0x7fd11efe1eb0>,96,2,[6 4],97,770,772,673,748
1,<environment.Job instance at 0x7fd11ee80be0>,97,15,[ 1 10],98,772,787,674,767
1,<environment.Job instance at 0x7fd11eddbf50>,102,17,[1 9],103,787,804,684,776
1,<environment.Job instance at 0x7fd11ed647d0>,107,16,[5 8],108,804,820,696,795
1,<environment.Job instance at 0x7fd11c43eaf0>,1,1,[2 7],2,2,3,0,2
1,<environment.Job instance at 0x7fd11ed647d0>,3,14,[5 5],4,4,18,0,4
1,<environment.Job instance at 0x7fd11c7fc280>,2,2,[4 5],3,4,6,1,4
1,<environment.Job instance at 0x7fd0d696d4b0>,4,12,[7 4],5,18,30,13,5
1,<environment.Job instance at 0x7fd11ec60e10>,6,1,[2 5],7,7,8,0,7
1,<environment.Job instance at 0x7fd11c4c3e10>,12,16,[10  2],13,30,46,17,17
1,<environment.Job instance at 0x7fd11ecd2410>,13,15,[4 8],14,46,61,32,32
1,<environment.Job instance at 0x7fd11c4c31e0>,17,18,[6 2],18,46,64,28,41
1,<environment.Job instance at 0x7fd0d679fb40>,22,15,[7 3],23,64,79,41,50
1,<environment.Job instance at 0x7fd11ed1f280>,28,13,[3 7],29,65,78,36,65
1,<environment.Job instance at 0x7fd0d6b4a460>,31,13,[9 4],32,79,92,47,75
1,<environment.Job instance at 0x7fd0d6ac2b40>,18,14,[ 4 10],19,92,106,73,78
1,<environment.Job instance at 0x7fd11e9b03c0>,37,16,[7 2],38,106,122,68,94
1,<environment.Job instance at 0x7fd11c510cd0>,41,2,[6 2],42,122,124,80,97
1,<environment.Job instance at 0x7fd0d6b4a4b0>,32,16,[1 7],33,106,122,73,100
1,<environment.Job instance at 0x7fd11c291b90>,48,15,[7 1],49,124,139,75,110
1,<environment.Job instance at 0x7fd11c7443c0>,49,14,[3 8],50,122,136,72,113
1,<environment.Job instance at 0x7fd0d6779050>,33,13,[3 7],34,136,149,102,129
1,<environment.Job instance at 0x7fd11c2eafa0>,56,12,[7 5],57,149,161,92,134
1,<environment.Job instance at 0x7fd11c28a3c0>,58,14,[6 3],59,161,175,102,150
1,<environment.Job instance at 0x7fd11c203eb0>,51,18,[5 9],52,175,193,123,164
1,<environment.Job instance at 0x7fd11c2a6820>,63,13,[8 3],64,193,206,129,177
1,<environment.Job instance at 0x7fd0d6a19c30>,68,14,[9 5],69,206,220,137,192
1,<environment.Job instance at 0x7fd11c297a50>,74,17,[4 7],75,220,237,145,211
1,<environment.Job instance at 0x7fd11c297230>,77,14,[2 6],78,237,251,159,225
1,<environment.Job instance at 0x7fd11c2977d0>,78,12,[5 1],79,225,237,146,225
1,<environment.Job instance at 0x7fd11c297b40>,73,17,[6 4],74,237,254,163,225
1,<environment.Job instance at 0x7fd11c621c30>,85,14,[5 7],86,254,268,168,239
1,<environment.Job instance at 0x7fd11c48cf50>,88,15,[ 4 10],89,268,283,179,254
1,<environment.Job instance at 0x7fd11c48caa0>,87,15,[3 9],88,283,298,195,272
1,<environment.Job instance at 0x7fd11c21e410>,99,13,[7 2],100,306,319,206,306
1,<environment.Job instance at 0x7fd11c3f35f0>,100,14,[2 6],101,306,320,205,306
1,<environment.Job instance at 0x7fd11c20af00>,104,16,[9 2],105,333,349,228,333
1,<environment.Job instance at 0x7fd11c2cf0f0>,107,18,[5 5],108,349,367,241,340
1,<environment.Job instance at 0x7fd11e923820>,113,18,[4 5],114,360,378,246,360
1,<environment.Job instance at 0x7fd11e9236e0>,120,2,[7 4],121,405,407,284,405
1,<environment.Job instance at 0x7fd11e923370>,121,16,[6 5],122,407,423,285,405
1,<environment.Job instance at 0x7fd11e923370>,4,15,[10  2],5,10,25,5,10
1,<environment.Job instance at 0x7fd11eb34dc0>,1,13,[9 1],2,25,38,23,13
1,<environment.Job instance at 0x7fd11eeb1a00>,13,3,[9 5],14,38,41,24,14
1,<environment.Job instance at 0x7fd11eeb1e10>,18,3,[9 2],19,41,44,22,20
1,<environment.Job instance at 0x7fd0d69b3dc0>,21,14,[1 5],22,27,41,5,27
1,<environment.Job instance at 0x7fd0d69b3cd0>,24,2,[9 2],25,44,46,19,27
1,<environment.Job instance at 0x7fd0d69b3410>,25,12,[8 3],26,46,58,20,31
1,<environment.Job instance at 0x7fd11eeb10a0>,14,14,[5 9],15,58,72,43,44
1,<environment.Job instance at 0x7fd0d69b3500>,27,17,[5 5],28,72,89,44,60
1,<environment.Job instance at 0x7fd0d6ae32d0>,41,14,[8 4],42,112,126,70,112
1,<environment.Job instance at 0x7fd0d6ae38c0>,36,13,[5 9],37,126,139,89,114
1,<environment.Job instance at 0x7fd0d66953c0>,50,12,[2 6],51,139,151,88,133
1,<environment.Job instance at 0x7fd0d6695640>,54,13,[5 8],55,151,164,96,135
1,<environment.Job instance at 0x7fd0d69b3870>,26,18,[ 2 10],27,164,182,137,153
1,<environment.Job instance at 0x7fd0d6695aa0>,59,13,[4 8],60,182,195,122,166
1,<environment.Job instance at 0x7fd0d6695fa0>,65,15,[5 4],66,195,210,129,181
1,<environment.Job instance at 0x7fd0d66671e0>,69,16,[5 6],70,195,211,125,188
1,<environment.Job instance at 0x7fd0d6667280>,70,18,[4 5],71,211,229,140,200
1,<environment.Job instance at 0x7fd0d6667460>,73,13,[9 3],74,229,242,155,213
1,<environment.Job instance at 0x7fd0d6667640>,76,14,[5 4],77,242,256,165,227
1,<environment.Job instance at 0x7fd0d69b3d20>,28,14,[9 5],29,256,270,227,243
1,<environment.Job instance at 0x7fd0d6667e10>,86,1,[6 4],87,270,271,183,243
1,<environment.Job instance at 0x7fd0d6667fa0>,89,17,[9 1],90,271,288,181,259
1,<environment.Job instance at 0x7fd0d669e280>,93,17,[ 4 10],94,288,305,194,278
1,<environment.Job instance at 0x7fd0d669e3c0>,95,15,[8 3],96,305,320,209,291
1,<environment.Job instance at 0x7fd0d669e6e0>,100,13,[10  5],101,320,333,219,305
1,<environment.Job instance at 0x7fd0d669e960>,104,15,[4 7],105,333,348,228,320
1,<environment.Job instance at 0x7fd0d669eaf0>,3,3,[5 4],4,4,7,0,4
1,<environment.Job instance at 0x7fd11c87f2d0>,4,12,[7 2],5,7,19,2,7
1,<environment.Job instance at 0x7fd11c510fa0>,8,12,[6 1],9,19,31,10,9
1,<environment.Job instance at 0x7fd0d6a19460>,11,2,[10  4],12,31,33,19,14
1,<environment.Job instance at 0x7fd11c48c190>,10,15,[6 2],11,33,48,22,20
1,<environment.Job instance at 0x7fd0d659ba00>,21,12,[2 5],22,36,48,14,36
1,<environment.Job instance at 0x7fd0d669ebe0>,5,17,[ 5 10],6,48,65,42,36
1,<environment.Job instance at 0x7fd0d66534b0>,28,13,[5 7],29,65,78,36,52
1,<environment.Job instance at 0x7fd0d6a19640>,12,16,[5 3],13,65,81,52,56
1,<environment.Job instance at 0x7fd0d659b690>,13,16,[9 5],14,81,97,67,76
1,<environment.Job instance at 0x7fd0d66e9280>,36,3,[10  1],37,97,100,60,84
1,<environment.Job instance at 0x7fd0d664ec80>,37,15,[7 2],38,100,115,62,86
1,<environment.Job instance at 0x7fd11c43d3c0>,38,1,[5 1],39,115,116,76,87
1,<environment.Job instance at 0x7fd0d664e2d0>,39,2,[7 4],40,116,118,76,89
1,<environment.Job instance at 0x7fd0d664ed20>,43,3,[6 1],44,118,121,74,100
1,<environment.Job instance at 0x7fd11e8b6640>,45,16,[2 7],46,118,134,72,105
1,<environment.Job instance at 0x7fd11eadb9b0>,48,18,[8 3],49,127,145,78,127
1,<environment.Job instance at 0x7fd0d66e9690>,35,18,[10  4],36,180,198,144,180
1,<environment.Job instance at 0x7fd11c64a370>,66,15,[4 7],67,287,302,220,287
1,<environment.Job instance at 0x7fd11e9a8d70>,6,3,[2 5],7,8,11,1,8
1,<environment.Job instance at 0x7fd11ef47320>,11,12,[4 5],12,12,24,0,12
1,<environment.Job instance at 0x7fd0d68f05a0>,17,12,[6 2],18,19,31,1,19
1,<environment.Job instance at 0x7fd11e9d82d0>,16,16,[ 5 10],17,31,47,14,19
1,<environment.Job instance at 0x7fd11c5103c0>,23,14,[1 8],24,47,61,23,33
1,<environment.Job instance at 0x7fd11c154910>,31,3,[2 9],32,61,64,29,46
1,<environment.Job instance at 0x7fd11eea54b0>,33,15,[8 4],34,64,79,30,50
1,<environment.Job instance at 0x7fd0d68c1a00>,40,16,[6 2],41,79,95,38,70
1,<environment.Job instance at 0x7fd11c85b190>,45,17,[4 9],46,95,112,49,94
1,<environment.Job instance at 0x7fd11ea5a8c0>,51,16,[5 7],52,112,128,60,99
1,<environment.Job instance at 0x7fd11c578780>,56,19,[9 4],57,128,147,71,120
1,<environment.Job instance at 0x7fd0d6bdf0a0>,61,14,[2 7],62,147,161,85,137
1,<environment.Job instance at 0x7fd0d698e690>,12,18,[ 5 10],13,161,179,148,150
1,<environment.Job instance at 0x7fd11c18aa00>,69,14,[3 5],70,179,193,109,170
1,<environment.Job instance at 0x7fd11e9fefa0>,74,17,[9 5],75,194,211,119,194
1,<environment.Job instance at 0x7fd11e9fe410>,75,14,[2 9],76,211,225,135,197
1,<environment.Job instance at 0x7fd11c5962d0>,84,13,[10  5],85,225,238,140,215
1,<environment.Job instance at 0x7fd11edfefa0>,87,17,[1 7],88,238,255,150,227
1,<environment.Job instance at 0x7fd11e99f370>,92,17,[8 1],93,240,257,147,240
1,<environment.Job instance at 0x7fd11ed1f730>,94,13,[2 5],95,255,268,160,244
1,<environment.Job instance at 0x7fd11c5780a0>,7,1,[3 5],8,18,19,10,18
1,<environment.Job instance at 0x7fd11c1ecb40>,6,3,[1 8],7,19,22,12,18
1,<environment.Job instance at 0x7fd11c19faa0>,17,3,[9 2],18,19,22,1,18
1,<environment.Job instance at 0x7fd11c19f7d0>,18,1,[1 6],19,22,23,3,19
1,<environment.Job instance at 0x7fd11c1f6dc0>,19,3,[5 2],20,22,25,2,20
1,<environment.Job instance at 0x7fd11c1f6a50>,21,3,[5 8],22,23,26,1,22
1,<environment.Job instance at 0x7fd11c2d2cd0>,11,17,[6 5],12,26,43,14,22
1,<environment.Job instance at 0x7fd11c1f6730>,22,2,[2 8],23,43,45,20,23
1,<environment.Job instance at 0x7fd0d69c8cd0>,5,17,[ 4 10],6,45,62,39,36
1,<environment.Job instance at 0x7fd11c4d9c80>,29,12,[9 3],30,62,74,32,45
1,<environment.Job instance at 0x7fd11e8e6eb0>,36,2,[3 5],37,74,76,37,47
1,<environment.Job instance at 0x7fd0d6c22cd0>,40,13,[8 3],41,76,89,35,70
1,<environment.Job instance at 0x7fd11e8e68c0>,34,17,[10  4],35,89,106,54,80
1,<environment.Job instance at 0x7fd11c4d9280>,23,18,[4 9],24,106,124,82,103
1,<environment.Job instance at 0x7fd11e9e8280>,54,16,[6 3],55,124,140,69,112
1,<environment.Job instance at 0x7fd11e9e8e10>,59,15,[9 3],60,140,155,80,130
1,<environment.Job instance at 0x7fd11ea0a5f0>,66,3,[ 4 10],67,155,158,88,140
1,<environment.Job instance at 0x7fd11ea0a3c0>,67,2,[5 8],68,158,160,90,140
1,<environment.Job instance at 0x7fd11ea0a5a0>,68,12,[ 3 10],69,160,172,91,144
1,<environment.Job instance at 0x7fd11ea0a410>,63,16,[4 9],64,172,188,108,168
1,<environment.Job instance at 0x7fd11e9ef230>,81,16,[ 2 10],82,188,204,106,175
1,<environment.Job instance at 0x7fd11e9ef5f0>,87,15,[1 7],88,204,219,116,191
1,<environment.Job instance at 0x7fd11e9efa50>,94,16,[5 6],95,242,258,147,242
1,<environment.Job instance at 0x7fd11e9efc80>,95,16,[10  2],96,258,274,162,247
1,<environment.Job instance at 0x7fd11e9d7140>,106,18,[3 5],107,274,292,167,265
1,<environment.Job instance at 0x7fd11e9d73c0>,108,14,[7 5],109,274,288,165,265
1,<environment.Job instance at 0x7fd0d6b45550>,1,2,[1 9],2,2,4,0,2
1,<environment.Job instance at 0x7fd11e9a8960>,4,12,[ 4 10],5,5,17,0,5
1,<environment.Job instance at 0x7fd0d67f77d0>,5,15,[8 2],6,17,32,11,7
1,<environment.Job instance at 0x7fd11e8a11e0>,14,12,[9 4],15,32,44,17,20
1,<environment.Job instance at 0x7fd11c29bb40>,29,18,[5 2],30,50,68,20,50
1,<environment.Job instance at 0x7fd11c29b140>,31,2,[8 5],32,68,70,36,50
1,<environment.Job instance at 0x7fd11c29b640>,34,2,[10  3],35,70,72,35,53
1,<environment.Job instance at 0x7fd11e8a1eb0>,9,14,[8 5],10,72,86,62,57
1,<environment.Job instance at 0x7fd11c308500>,41,17,[3 6],42,94,111,52,94
1,<environment.Job instance at 0x7fd11c29b460>,26,17,[3 8],27,111,128,84,99
1,<environment.Job instance at 0x7fd11efd4be0>,46,1,[1 9],47,128,129,81,100
1,<environment.Job instance at 0x7fd11efd4460>,48,3,[6 2],49,100,103,51,100
1,<environment.Job instance at 0x7fd0d6b30280>,51,18,[5 5],52,129,147,77,118
1,<environment.Job instance at 0x7fd0d6b30910>,55,3,[8 5],56,147,150,91,130
1,<environment.Job instance at 0x7fd11c308a50>,36,14,[10  1],37,150,164,113,137
1,<environment.Job instance at 0x7fd11c308eb0>,42,17,[ 4 10],43,164,181,121,156
1,<environment.Job instance at 0x7fd11c247190>,68,2,[10  1],69,181,183,112,164
1,<environment.Job instance at 0x7fd11c247730>,69,13,[6 1],70,183,196,113,167
1,<environment.Job instance at 0x7fd11c247b90>,71,17,[6 1],72,196,213,124,184
1,<environment.Job instance at 0x7fd11c2472d0>,73,15,[5 8],74,213,228,139,199
1,<environment.Job instance at 0x7fd11c3aa2d0>,89,15,[3 6],90,252,267,162,252
1,<environment.Job instance at 0x7fd11c29b780>,32,13,[9 4],33,267,280,234,253
1,<environment.Job instance at 0x7fd11ea72b40>,95,2,[8 2],96,280,282,184,253
1,<environment.Job instance at 0x7fd11c49ee10>,101,1,[9 1],102,282,283,180,264
1,<environment.Job instance at 0x7fd11ea72cd0>,94,18,[ 2 10],95,283,301,188,273
1,<environment.Job instance at 0x7fd11c49e7d0>,105,16,[2 7],106,301,317,195,288
1,<environment.Job instance at 0x7fd11c49ecd0>,102,18,[7 2],103,301,319,198,293
1,<environment.Job instance at 0x7fd11c49e500>,110,13,[8 2],111,319,332,208,311
1,<environment.Job instance at 0x7fd11c6200a0>,112,13,[1 7],113,317,330,204,311
1,<environment.Job instance at 0x7fd11c49e190>,113,15,[3 5],114,332,347,218,318
1,<environment.Job instance at 0x7fd11c620730>,114,13,[6 5],115,332,345,217,318
1,<environment.Job instance at 0x7fd11c64a5a0>,124,2,[2 7],125,347,349,222,331
1,<environment.Job instance at 0x7fd0d696d640>,125,17,[5 8],126,349,366,223,338
1,<environment.Job instance at 0x7fd0d696dd20>,127,2,[7 3],128,345,347,217,338
1,<environment.Job instance at 0x7fd0d696de10>,130,16,[8 2],131,366,382,235,353
1,<environment.Job instance at 0x7fd0d696db90>,134,13,[6 5],135,382,395,247,367
1,<environment.Job instance at 0x7fd0d6548370>,139,15,[10  5],140,395,410,255,383
1,<environment.Job instance at 0x7fd0d65fd320>,142,15,[4 9],143,410,425,267,397
1,<environment.Job instance at 0x7fd11c6ba820>,61,17,[ 4 10],62,425,442,363,413
1,<environment.Job instance at 0x7fd11c6562d0>,149,16,[ 1 10],150,442,458,292,430
1,<environment.Job instance at 0x7fd12169b0f0>,158,3,[10  4],159,458,461,299,439
1,<environment.Job instance at 0x7fd11ed1faf0>,0,2,[1 8],1,5,7,4,5
1,<environment.Job instance at 0x7fd0e001e2d0>,1,12,[4 6],2,8,20,6,8
1,<environment.Job instance at 0x7fd11c103960>,8,1,[2 6],9,20,21,11,9
1,<environment.Job instance at 0x7fd11c620c80>,9,12,[1 5],10,21,33,11,10
1,<environment.Job instance at 0x7fd11c434b90>,12,13,[3 6],13,33,46,20,17
1,<environment.Job instance at 0x7fd11c434820>,13,17,[7 2],14,27,44,13,27
1,<environment.Job instance at 0x7fd11c47b960>,23,17,[10  3],24,46,63,22,37
1,<environment.Job instance at 0x7fd11c47ba00>,26,13,[4 6],27,63,76,36,49
1,<environment.Job instance at 0x7fd11c47b2d0>,28,3,[9 3],29,76,79,47,52
1,<environment.Job instance at 0x7fd11c5735f0>,32,17,[6 3],33,79,96,46,69
1,<environment.Job instance at 0x7fd11c1ea870>,40,3,[7 1],41,96,99,55,83
1,<environment.Job instance at 0x7fd11c1eaeb0>,45,2,[3 7],46,87,89,41,87
1,<environment.Job instance at 0x7fd11c1eac80>,46,3,[1 5],47,89,92,42,87
1,<environment.Job instance at 0x7fd1217ace60>,7,18,[3 8],8,96,114,88,88
1,<environment.Job instance at 0x7fd11c1ea190>,48,15,[5 4],49,114,129,65,100
1,<environment.Job instance at 0x7fd0d6953410>,52,13,[1 8],53,129,142,76,114
1,<environment.Job instance at 0x7fd0d6953140>,56,15,[8 5],57,142,157,85,129
1,<environment.Job instance at 0x7fd11ee48aa0>,60,16,[10  3],61,157,173,96,145
1,<environment.Job instance at 0x7fd0d6cd25f0>,69,13,[4 9],70,173,186,103,158
1,<environment.Job instance at 0x7fd0d6cd2c30>,71,13,[ 1 10],72,186,199,114,175
1,<environment.Job instance at 0x7fd0d6cd2370>,73,14,[4 9],74,199,213,125,184
1,<environment.Job instance at 0x7fd0d6cd2f00>,72,17,[3 8],73,213,230,140,204
1,<environment.Job instance at 0x7fd0d6cd2fa0>,81,17,[5 4],82,230,247,148,218
1,<environment.Job instance at 0x7fd0d6cd2be0>,78,14,[10  3],79,247,261,168,233
1,<environment.Job instance at 0x7fd0d65858c0>,89,15,[ 4 10],90,261,276,171,247
1,<environment.Job instance at 0x7fd0d6585f00>,93,17,[7 3],94,276,293,182,268
1,<environment.Job instance at 0x7fd0d6585be0>,96,12,[4 6],97,293,305,196,281
1,<environment.Job instance at 0x7fd0d6cc3550>,98,12,[3 9],99,305,317,206,295
1,<environment.Job instance at 0x7fd0d6cc3640>,103,17,[10  3],104,317,334,213,305
1,<environment.Job instance at 0x7fd11f0288c0>,114,15,[4 8],115,334,349,219,334
1,<environment.Job instance at 0x7fd11f0285a0>,119,13,[3 8],120,356,369,236,356
1,<environment.Job instance at 0x7fd11c434370>,1,14,[4 8],2,4,18,2,4
1,<environment.Job instance at 0x7fd11ebfd370>,10,13,[1 8],11,18,31,7,12
1,<environment.Job instance at 0x7fd11c3745a0>,7,3,[1 7],8,31,34,23,13
1,<environment.Job instance at 0x7fd11e9d77d0>,13,3,[ 3 10],14,34,37,20,16
1,<environment.Job instance at 0x7fd11ec80280>,17,2,[9 2],18,18,20,0,18
1,<environment.Job instance at 0x7fd0d65bc910>,18,13,[5 4],19,37,50,18,22
1,<environment.Job instance at 0x7fd11eadf550>,25,17,[4 6],26,39,56,13,39
1,<environment.Job instance at 0x7fd11ec80730>,15,18,[7 4],16,56,74,40,48
1,<environment.Job instance at 0x7fd0d68eca50>,33,14,[5 4],34,74,88,40,61
1,<environment.Job instance at 0x7fd0d68ecf00>,35,15,[7 1],36,88,103,52,75
1,<environment.Job instance at 0x7fd0d6a1dc80>,37,17,[9 4],38,103,120,65,91
1,<environment.Job instance at 0x7fd11eda5690>,42,16,[2 8],43,120,136,77,110
1,<environment.Job instance at 0x7fd11ea0db40>,43,12,[3 6],44,136,148,92,119
1,<environment.Job instance at 0x7fd11ea0d820>,44,14,[7 2],45,120,134,75,119
1,<environment.Job instance at 0x7fd11c174a00>,50,16,[1 9],51,148,164,97,135
1,<environment.Job instance at 0x7fd11c174780>,51,12,[6 3],52,136,148,84,135
1,<environment.Job instance at 0x7fd11c174e60>,53,15,[9 4],54,164,179,110,151
1,<environment.Job instance at 0x7fd11c166aa0>,59,12,[7 5],60,179,191,119,162
1,<environment.Job instance at 0x7fd11c81d140>,68,16,[1 9],69,475,491,406,475
1,<environment.Job instance at 0x7fd11c4afa50>,81,16,[1 7],82,500,516,418,500
1,<environment.Job instance at 0x7fd11c0cc820>,85,17,[9 1],86,502,519,416,502
1,<environment.Job instance at 0x7fd11c0cc0a0>,86,12,[3 9],87,519,531,432,506
1,<environment.Job instance at 0x7fd11c0d2370>,88,12,[7 2],89,531,543,442,521
1,<environment.Job instance at 0x7fd11ec80af0>,1,1,[7 3],2,5,6,3,5
1,<environment.Job instance at 0x7fd11ea3adc0>,8,1,[5 8],9,10,11,1,10
1,<environment.Job instance at 0x7fd11c60faa0>,9,3,[ 2 10],10,11,14,1,10
1,<environment.Job instance at 0x7fd0d6516640>,13,13,[3 7],14,14,27,0,14
1,<environment.Job instance at 0x7fd0d66f5910>,2,18,[7 3],3,17,35,14,17
1,<environment.Job instance at 0x7fd0d65162d0>,17,13,[10  3],18,35,48,17,20
1,<environment.Job instance at 0x7fd0d6442e60>,20,17,[6 4],21,48,65,27,36
1,<environment.Job instance at 0x7fd11ec64500>,28,3,[4 6],29,52,55,23,52
1,<environment.Job instance at 0x7fd11c3b7d70>,26,15,[7 3],27,65,80,38,52
1,<environment.Job instance at 0x7fd11c2f2640>,31,12,[7 5],32,80,92,48,67
1,<environment.Job instance at 0x7fd0d6494050>,16,16,[ 5 10],17,92,108,75,81
1,<environment.Job instance at 0x7fd11c2f20f0>,37,12,[ 4 10],38,108,120,70,93
1,<environment.Job instance at 0x7fd0d68f4eb0>,40,18,[3 7],41,120,138,79,120
1,<environment.Job instance at 0x7fd0d68bfaa0>,43,13,[8 4],44,138,151,94,122
1,<environment.Job instance at 0x7fd11c3b72d0>,29,15,[ 5 10],30,337,352,307,337
1,<environment.Job instance at 0x7fd0d6c77730>,48,15,[5 4],49,392,407,343,392
1,<environment.Job instance at 0x7fd11c60f870>,1,16,[4 7],2,2,18,0,2
1,<environment.Job instance at 0x7fd11e98f410>,3,13,[ 4 10],4,18,31,14,10
1,<environment.Job instance at 0x7fd0d643d4b0>,14,15,[3 5],15,31,46,16,18
1,<environment.Job instance at 0x7fd11ef47230>,0,13,[ 4 10],1,46,59,45,35
1,<environment.Job instance at 0x7fd11eb49190>,20,15,[1 8],21,59,74,38,50
1,<environment.Job instance at 0x7fd11eb49cd0>,8,18,[4 7],9,74,92,65,64
1,<environment.Job instance at 0x7fd11f07a190>,37,17,[8 4],38,92,109,54,80
1,<environment.Job instance at 0x7fd11eb49e10>,13,18,[ 4 10],14,109,127,95,105
1,<environment.Job instance at 0x7fd11c60f4b0>,2,17,[10  4],3,131,148,128,131
1,<environment.Job instance at 0x7fd0d62f2c30>,60,14,[9 4],61,148,162,87,134
1,<environment.Job instance at 0x7fd0d63bac80>,50,18,[5 8],51,162,180,111,151
1,<environment.Job instance at 0x7fd0d62f20a0>,64,12,[4 9],65,180,192,115,163
1,<environment.Job instance at 0x7fd0d62f0a00>,78,18,[5 5],79,192,210,113,181
1,<environment.Job instance at 0x7fd0d62f0050>,83,15,[4 8],84,210,225,126,198
1,<environment.Job instance at 0x7fd0d62f2dc0>,69,15,[10  5],70,225,240,155,214
1,<environment.Job instance at 0x7fd0d62f1640>,92,14,[1 8],93,240,254,147,226
1,<environment.Job instance at 0x7fd0d62f1c30>,90,15,[10  4],91,254,269,163,242
1,<environment.Job instance at 0x7fd0d62f1780>,99,13,[5 3],100,269,282,169,255
1,<environment.Job instance at 0x7fd0d62f1050>,104,2,[5 7],105,271,273,166,271
1,<environment.Job instance at 0x7fd0d62f1500>,105,3,[5 5],106,273,276,167,271
1,<environment.Job instance at 0x7fd0d62fdcd0>,106,1,[1 9],107,282,283,175,271
1,<environment.Job instance at 0x7fd0d62fd500>,107,17,[9 5],108,283,300,175,271
1,<environment.Job instance at 0x7fd11c467640>,3,18,[2 6],4,13,31,9,13
1,<environment.Job instance at 0x7fd11ea3aaf0>,14,13,[2 5],15,31,44,16,19
1,<environment.Job instance at 0x7fd0d6bdfd70>,17,12,[1 7],18,44,56,26,29
1,<environment.Job instance at 0x7fd0d6671d20>,18,16,[8 1],19,36,52,17,36
1,<environment.Job instance at 0x7fd11c4d21e0>,19,14,[9 3],20,52,66,32,41
1,<environment.Job instance at 0x7fd11f074a50>,22,12,[2 8],23,66,78,43,51
1,<environment.Job instance at 0x7fd0d69e0aa0>,27,12,[6 5],28,78,90,50,63
1,<environment.Job instance at 0x7fd0d69e0870>,30,13,[2 9],31,90,103,59,75
1,<environment.Job instance at 0x7fd0d66e1af0>,9,15,[10  3],10,103,118,93,91
1,<environment.Job instance at 0x7fd0d64e2690>,40,15,[7 4],41,120,135,79,120
1,<environment.Job instance at 0x7fd11c4429b0>,45,16,[6 3],46,140,156,94,140
1,<environment.Job instance at 0x7fd0d693ecd0>,48,17,[1 8],49,156,173,107,145
1,<environment.Job instance at 0x7fd0d6484b40>,49,1,[5 9],50,173,174,123,145
1,<environment.Job instance at 0x7fd11c7720f0>,52,1,[1 9],53,174,175,121,151
1,<environment.Job instance at 0x7fd11ec72d70>,54,13,[8 2],55,175,188,120,161
1,<environment.Job instance at 0x7fd11e8997d0>,61,14,[1 6],62,185,199,123,185
1,<environment.Job instance at 0x7fd11e899050>,57,17,[ 3 10],58,199,216,141,191
1,<environment.Job instance at 0x7fd11e899fa0>,64,1,[6 1],65,191,192,126,191
1,<environment.Job instance at 0x7fd0d63ccb40>,1,2,[9 4],2,2,4,0,2
1,<environment.Job instance at 0x7fd0d63a8b40>,3,1,[4 8],4,4,5,0,4
1,<environment.Job instance at 0x7fd0d63ba870>,7,17,[6 2],8,9,26,1,9
1,<environment.Job instance at 0x7fd0d643d280>,17,16,[6 5],18,26,42,8,18
1,<environment.Job instance at 0x7fd0d6a1db40>,18,12,[9 5],19,42,54,23,26
1,<environment.Job instance at 0x7fd0d643d2d0>,11,18,[1 9],12,54,72,42,45
1,<environment.Job instance at 0x7fd11e9d51e0>,27,2,[3 5],28,72,74,44,45
1,<environment.Job instance at 0x7fd11ee1e550>,28,14,[5 1],29,54,68,25,45
1,<environment.Job instance at 0x7fd11ee1e140>,29,12,[6 2],30,72,84,42,57
1,<environment.Job instance at 0x7fd11c772820>,19,12,[ 5 10],20,84,96,64,67
1,<environment.Job instance at 0x7fd11c1c84b0>,36,16,[4 8],37,96,112,59,84
1,<environment.Job instance at 0x7fd0d6c3aeb0>,44,1,[ 1 10],45,112,113,67,99
1,<environment.Job instance at 0x7fd11c510640>,20,18,[9 1],21,113,131,92,102
1,<environment.Job instance at 0x7fd0d65c4280>,50,2,[7 3],51,131,133,80,116
1,<environment.Job instance at 0x7fd11ede0aa0>,40,18,[7 4],41,133,151,92,122
1,<environment.Job instance at 0x7fd0d6c3ab40>,45,18,[5 9],46,151,169,105,140
1,<environment.Job instance at 0x7fd0d65c4e60>,58,14,[6 1],59,169,183,110,154
1,<environment.Job instance at 0x7fd11ef8f870>,64,17,[7 5],65,183,200,118,171
1,<environment.Job instance at 0x7fd0d6ac7910>,68,12,[10  2],69,200,212,131,197
1,<environment.Job instance at 0x7fd11c6f2aa0>,72,2,[5 9],73,212,214,139,198
1,<environment.Job instance at 0x7fd11c6f2e10>,74,1,[4 8],75,214,215,139,201
1,<environment.Job instance at 0x7fd11c6f2d20>,75,12,[8 2],76,215,227,139,201
1,<environment.Job instance at 0x7fd11c5a2d70>,33,13,[8 5],34,227,240,193,218
1,<environment.Job instance at 0x7fd0d6c23140>,87,2,[9 1],88,240,242,152,235
1,<environment.Job instance at 0x7fd0d6c23af0>,89,13,[7 4],90,242,255,152,235
1,<environment.Job instance at 0x7fd0d64880a0>,91,17,[10  4],92,255,272,163,246
1,<environment.Job instance at 0x7fd0d6488460>,93,1,[10  1],94,272,273,178,248
1,<environment.Job instance at 0x7fd0d6488b40>,94,18,[6 3],95,273,291,178,264
1,<environment.Job instance at 0x7fd11e9d5410>,0,3,[4 8],1,3,6,2,3
1,<environment.Job instance at 0x7fd11c148780>,9,13,[3 7],10,11,24,1,11
1,<environment.Job instance at 0x7fd11ec169b0>,11,14,[5 4],12,24,38,12,12
1,<environment.Job instance at 0x7fd11ec16a00>,21,16,[9 2],22,38,54,16,37
1,<environment.Job instance at 0x7fd0d64882d0>,4,16,[1 7],5,39,55,34,39
1,<environment.Job instance at 0x7fd11ec164b0>,20,14,[6 3],21,54,68,33,39
1,<environment.Job instance at 0x7fd1218d9c30>,23,3,[9 2],24,68,71,44,42
1,<environment.Job instance at 0x7fd1218d95a0>,26,2,[3 7],27,55,57,28,42
1,<environment.Job instance at 0x7fd1218d9140>,29,18,[7 3],30,71,89,41,61
1,<environment.Job instance at 0x7fd1218d9cd0>,32,16,[1 7],33,72,88,39,72
1,<environment.Job instance at 0x7fd11e96bcd0>,6,14,[2 9],7,89,103,82,75
1,<environment.Job instance at 0x7fd1218d9500>,33,15,[7 1],34,89,104,55,84
1,<environment.Job instance at 0x7fd11c888690>,43,13,[9 5],44,135,148,91,135
1,<environment.Job instance at 0x7fd11c888410>,46,17,[9 2],47,148,165,101,137
1,<environment.Job instance at 0x7fd11c8882d0>,51,14,[1 9],52,165,179,113,153
1,<environment.Job instance at 0x7fd11c8887d0>,52,14,[5 8],53,179,193,126,165
1,<environment.Job instance at 0x7fd11c3de460>,58,14,[9 1],59,193,207,134,178
1,<environment.Job instance at 0x7fd11c3de730>,61,17,[1 7],62,193,210,131,181
1,<environment.Job instance at 0x7fd11c3ded20>,67,13,[6 5],68,210,223,142,194
1,<environment.Job instance at 0x7fd11c3de820>,69,14,[2 5],70,210,224,140,204
1,<environment.Job instance at 0x7fd11c3dee60>,59,17,[2 7],60,224,241,164,212
1,<environment.Job instance at 0x7fd0d63a3500>,75,14,[ 2 10],76,241,255,165,226
1,<environment.Job instance at 0x7fd0d63a3b40>,83,17,[5 5],84,264,281,180,264
1,<environment.Job instance at 0x7fd0d63a39b0>,85,13,[5 5],86,265,278,179,265
1,<environment.Job instance at 0x7fd0d6ba4a00>,86,13,[4 6],87,281,294,194,265
1,<environment.Job instance at 0x7fd11ee195f0>,90,3,[9 5],91,294,297,203,278
1,<environment.Job instance at 0x7fd0d63a3aa0>,82,18,[10  5],83,297,315,214,287
1,<environment.Job instance at 0x7fd1214e03c0>,97,15,[10  3],98,323,338,225,323
1,<environment.Job instance at 0x7fd11ea92d20>,103,14,[5 6],104,353,367,249,353
1,<environment.Job instance at 0x7fd11ea923c0>,109,14,[10  4],110,479,493,369,479
1,<environment.Job instance at 0x7fd11ea92230>,114,14,[1 9],115,493,507,378,493
1,<environment.Job instance at 0x7fd1218e24b0>,119,16,[8 1],120,538,554,418,538
1,<environment.Job instance at 0x7fd1218e26e0>,122,14,[10  1],123,581,595,458,581
1,<environment.Job instance at 0x7fd1218e2960>,127,16,[8 2],128,598,614,470,598
1,<environment.Job instance at 0x7fd11c2bf0f0>,130,12,[5 7],131,614,626,483,602
1,<environment.Job instance at 0x7fd11c2bfd20>,140,14,[7 1],141,651,665,510,651
1,<environment.Job instance at 0x7fd11c2bf1e0>,142,16,[6 4],143,665,681,522,656
1,<environment.Job instance at 0x7fd0d66084b0>,146,2,[8 2],147,683,685,536,683
1,<environment.Job instance at 0x7fd11c2cf8c0>,150,12,[6 1],151,685,697,534,685
1,<environment.Job instance at 0x7fd0d6ade4b0>,151,12,[5 2],152,697,709,545,687
1,<environment.Job instance at 0x7fd0d6618730>,155,12,[6 5],156,710,722,554,710
1,<environment.Job instance at 0x7fd11c635a50>,156,15,[10  1],157,722,737,565,722
1,<environment.Job instance at 0x7fd0d6608b40>,158,15,[4 7],159,737,752,578,734
1,<environment.Job instance at 0x7fd11e96b550>,0,1,[4 5],1,1,2,0,1
1,<environment.Job instance at 0x7fd11c70dc30>,12,3,[8 1],13,13,16,0,13
1,<environment.Job instance at 0x7fd11c70d820>,9,14,[9 5],10,16,30,6,15
1,<environment.Job instance at 0x7fd11ea2ab90>,14,15,[1 5],15,16,31,1,16
1,<environment.Job instance at 0x7fd11ea2a370>,16,2,[8 5],17,30,32,13,17
1,<environment.Job instance at 0x7fd11ea2ae60>,15,2,[10  4],16,32,34,16,17
1,<environment.Job instance at 0x7fd11ea2ab40>,17,12,[1 6],18,34,46,16,18
1,<environment.Job instance at 0x7fd0d6c3ae60>,10,13,[5 6],11,46,59,35,30
1,<environment.Job instance at 0x7fd0d66d4f00>,24,13,[8 4],25,59,72,34,43
1,<environment.Job instance at 0x7fd0d6608b40>,2,18,[3 8],3,72,90,69,61
1,<environment.Job instance at 0x7fd0d66c0f50>,37,1,[3 5],38,100,101,62,100
1,<environment.Job instance at 0x7fd0d66d4280>,28,17,[ 2 10],29,101,118,72,100
1,<environment.Job instance at 0x7fd0d66c0aa0>,42,17,[5 8],43,118,135,75,110
1,<environment.Job instance at 0x7fd11ea2a280>,20,18,[ 4 10],21,135,153,114,126
1,<environment.Job instance at 0x7fd0d66d57d0>,61,15,[7 5],62,176,191,114,176
1,<environment.Job instance at 0x7fd0d66d5050>,64,13,[2 9],65,191,204,126,180
1,<environment.Job instance at 0x7fd11ea1ac30>,68,13,[1 5],69,215,228,146,215
1,<environment.Job instance at 0x7fd11ea1a370>,70,3,[4 8],71,228,231,157,216
1,<environment.Job instance at 0x7fd11ea1a9b0>,71,18,[5 5],72,231,249,159,223
1,<environment.Job instance at 0x7fd11ea1aa50>,74,16,[10  1],75,249,265,174,236
1,<environment.Job instance at 0x7fd11ea1a500>,80,2,[3 5],81,265,267,184,262
1,<environment.Job instance at 0x7fb65f2b51e0>,0,13,[9 3],1,3,16,2,3
1,<environment.Job instance at 0x7fb65f2b5230>,3,3,[4 8],4,16,19,12,4
1,<environment.Job instance at 0x7fb657ea62d0>,5,2,[1 5],6,6,8,0,6
1,<environment.Job instance at 0x7fb657ea6460>,4,14,[1 6],5,19,33,14,6
1,<environment.Job instance at 0x7fb657ea6730>,7,1,[5 4],8,19,20,11,8
1,<environment.Job instance at 0x7fb657ea6820>,8,13,[5 5],9,33,46,24,22
1,<environment.Job instance at 0x7fb657ea6dc0>,16,16,[3 5],17,33,49,16,23
1,<environment.Job instance at 0x7fb657ea6fa0>,19,14,[3 5],20,46,60,26,32
1,<environment.Job instance at 0x7fb657ea9280>,22,1,[2 7],23,60,61,37,32
1,<environment.Job instance at 0x7fb657ea96e0>,26,3,[3 7],27,61,64,34,49
1,<environment.Job instance at 0x7fb657ea9820>,27,15,[8 4],28,64,79,36,57
1,<environment.Job instance at 0x7fb657ea9c80>,33,14,[5 5],34,79,93,45,66
1,<environment.Job instance at 0x7fb657ea9550>,24,18,[2 6],25,93,111,68,86
1,<environment.Job instance at 0x7fb657eaa460>,42,2,[4 6],43,111,113,68,94
1,<environment.Job instance at 0x7fb657eaa500>,43,18,[5 5],44,113,131,69,102
1,<environment.Job instance at 0x7fb657ea6be0>,13,18,[ 4 10],14,131,149,117,120
1,<environment.Job instance at 0x7fb657eaaaa0>,49,16,[2 5],50,149,165,99,136
1,<environment.Job instance at 0x7fb657eaadc0>,53,17,[5 7],54,165,182,111,153
1,<environment.Job instance at 0x7fb657eb0af0>,0,2,[9 5],1,1,3,0,1
1,<environment.Job instance at 0x7fb657ec00a0>,3,18,[6 5],4,30,48,26,30
1,<environment.Job instance at 0x7fb657ec2910>,12,14,[2 9],13,48,62,35,37
1,<environment.Job instance at 0x7fb657ec5550>,24,12,[3 8],25,62,74,37,46
1,<environment.Job instance at 0x7fb657ec8f50>,30,13,[10  5],31,74,87,43,58
1,<environment.Job instance at 0x7fb657ec8b40>,32,14,[2 7],33,87,101,54,72
1,<environment.Job instance at 0x7fb657ec9910>,35,14,[10  2],36,101,115,65,86
1,<environment.Job instance at 0x7fb61422d4b0>,44,16,[7 2],45,115,131,70,102
1,<environment.Job instance at 0x7fb61422b960>,51,18,[2 8],52,118,136,66,118
1,<environment.Job instance at 0x7fb657ec2190>,5,16,[ 2 10],6,136,152,130,127
1,<environment.Job instance at 0x7fb657ec5230>,21,17,[10  2],22,158,175,136,158
1,<environment.Job instance at 0x7fb61422cd70>,57,16,[9 2],58,175,191,117,167
1,<environment.Job instance at 0x7fb61422c500>,60,13,[7 4],61,191,204,130,175
1,<environment.Job instance at 0x7fb61422c0a0>,58,15,[7 5],59,204,219,145,194
1,<environment.Job instance at 0x7fb6144c2dc0>,74,16,[7 5],75,219,235,144,206
1,<environment.Job instance at 0x7fb6143db5a0>,78,18,[4 6],79,235,253,156,226
1,<environment.Job instance at 0x7fb614398eb0>,84,14,[5 5],85,253,267,168,239
1,<environment.Job instance at 0x7fb6143acaf0>,87,17,[5 2],88,243,260,155,243
1,<environment.Job instance at 0x7fb61438caf0>,92,1,[3 9],93,267,268,174,252
1,<environment.Job instance at 0x7fb61438c640>,93,2,[4 7],94,268,270,174,256
1,<environment.Job instance at 0x7fb61438cb40>,94,12,[7 2],95,270,282,175,256
1,<environment.Job instance at 0x7fb61438c550>,98,15,[3 6],99,270,285,171,263
1,<environment.Job instance at 0x7fb6143b5a00>,99,3,[4 7],100,285,288,185,264
1,<environment.Job instance at 0x7fb6143cc960>,101,15,[8 4],102,288,303,186,276
1,<environment.Job instance at 0x7fb614380500>,108,13,[5 1],109,303,316,194,299
1,<environment.Job instance at 0x7fb614380320>,107,18,[5 9],108,309,327,201,309
1,<environment.Job instance at 0x7fb6581041e0>,9,16,[5 4],10,12,28,2,12
1,<environment.Job instance at 0x7fb6140ef370>,12,12,[8 1],13,28,40,15,13
1,<environment.Job instance at 0x7fb6140ef0f0>,14,18,[3 6],15,40,58,25,29
1,<environment.Job instance at 0x7fb6141e6be0>,17,16,[9 4],18,58,74,40,46
1,<environment.Job instance at 0x7fb6140f9320>,27,15,[5 3],28,74,89,46,60
1,<environment.Job instance at 0x7fb657c89500>,29,2,[8 2],30,89,91,59,76
1,<environment.Job instance at 0x7fb61410ca50>,35,13,[5 5],36,91,104,55,79
1,<environment.Job instance at 0x7fb65f2f6550>,36,3,[2 8],37,104,107,67,82
1,<environment.Job instance at 0x7fb614844b90>,39,3,[7 2],40,104,107,64,82
1,<environment.Job instance at 0x7fb658026eb0>,40,14,[7 5],41,107,121,66,92
1,<environment.Job instance at 0x7fb65f42d230>,47,12,[5 8],48,121,133,73,105
1,<environment.Job instance at 0x7fb65f47d1e0>,45,16,[10  4],46,133,149,87,120
1,<environment.Job instance at 0x7fb6141095f0>,56,12,[8 3],57,149,161,92,134
1,<environment.Job instance at 0x7fb657c265f0>,58,1,[2 6],59,149,150,90,149
1,<environment.Job instance at 0x7fb657c262d0>,59,17,[8 1],60,161,178,101,149
1,<environment.Job instance at 0x7fb614109af0>,61,17,[2 6],62,150,167,88,150
1,<environment.Job instance at 0x7fb614177410>,65,3,[2 5],66,167,170,101,167
1,<environment.Job instance at 0x7fb65f42ea00>,68,14,[ 2 10],69,178,192,109,167
1,<environment.Job instance at 0x7fb65f42efa0>,69,17,[9 1],70,192,209,122,181
1,<environment.Job instance at 0x7fb657c86e10>,78,14,[4 6],79,209,223,130,198
1,<environment.Job instance at 0x7fb657ec50f0>,1,17,[10  3],2,223,240,221,211
1,<environment.Job instance at 0x7fb65802ae60>,83,13,[4 9],84,240,253,156,231
1,<environment.Job instance at 0x7fb61410a1e0>,90,16,[10  2],91,253,269,162,240
1,<environment.Job instance at 0x7fb61410ad70>,95,12,[ 1 10],96,269,281,173,255
1,<environment.Job instance at 0x7fb61410a550>,100,18,[4 7],101,281,299,180,271
1,<environment.Job instance at 0x7fb65f4220a0>,107,3,[3 5],108,307,310,199,307
1,<environment.Job instance at 0x7fb65f422eb0>,108,15,[8 5],109,310,325,201,307
1,<environment.Job instance at 0x7fb65f422640>,112,3,[ 4 10],113,325,328,212,310
1,<environment.Job instance at 0x7fb6140efbe0>,1,16,[6 5],2,3,19,1,3
1,<environment.Job instance at 0x7fb6144cab90>,4,1,[5 8],5,19,20,14,5
1,<environment.Job instance at 0x7fb6140ef5a0>,0,12,[2 5],1,5,17,4,5
1,<environment.Job instance at 0x7fb6143d2190>,6,14,[3 9],7,20,34,13,16
1,<environment.Job instance at 0x7fb6147dd5a0>,9,13,[5 9],10,34,47,24,29
1,<environment.Job instance at 0x7fb658026d20>,20,14,[6 4],21,47,61,26,34
1,<environment.Job instance at 0x7fb65edf0190>,24,14,[7 1],25,61,75,36,50
1,<environment.Job instance at 0x7fb65edf0460>,21,18,[3 6],22,50,68,28,50
1,<environment.Job instance at 0x7fb657f76640>,29,18,[7 5],30,75,93,45,64
1,<environment.Job instance at 0x7fb6580c5550>,28,16,[8 5],29,93,109,64,81
1,<environment.Job instance at 0x7fb657e8e7d0>,45,3,[6 5],46,109,112,63,106
1,<environment.Job instance at 0x7fb65e84a4b0>,47,13,[7 3],48,112,125,64,107
1,<environment.Job instance at 0x7fb65ebd8dc0>,35,18,[7 5],36,125,143,89,115
1,<environment.Job instance at 0x7fb65e847af0>,54,12,[4 6],55,143,155,88,127
1,<environment.Job instance at 0x7fb657fc58c0>,49,15,[ 1 10],50,155,170,105,144
1,<environment.Job instance at 0x7fb658037460>,59,14,[10  1],60,170,184,110,159
1,<environment.Job instance at 0x7fb658037b40>,61,14,[10  4],62,184,198,122,173
1,<environment.Job instance at 0x7fb658037870>,62,18,[5 5],63,198,216,135,187
1,<environment.Job instance at 0x7fb657f5ccd0>,69,17,[7 2],70,216,233,146,204
1,<environment.Job instance at 0x7fb657fc89b0>,74,12,[6 5],75,233,245,158,220
1,<environment.Job instance at 0x7fb657fd9640>,77,12,[ 4 10],78,246,258,168,246
1,<environment.Job instance at 0x7fb6580e2e10>,89,17,[1 5],90,258,275,168,256
1,<environment.Job instance at 0x7fb6580aabe0>,96,12,[7 1],97,258,270,161,257
1,<environment.Job instance at 0x7fb657f13f50>,99,3,[5 1],100,270,273,170,266
1,<environment.Job instance at 0x7fb6580e1d70>,38,17,[10  3],39,275,292,236,268
1,<environment.Job instance at 0x7fb657efbd70>,102,3,[6 4],103,292,295,189,268
1,<environment.Job instance at 0x7fb657efbaf0>,103,3,[6 2],104,295,298,191,269
1,<environment.Job instance at 0x7fb65eac5550>,104,15,[9 1],105,298,313,193,288
1,<environment.Job instance at 0x7fb657e9fd70>,109,14,[3 7],110,313,327,203,300
1,<environment.Job instance at 0x7fb657f44370>,118,3,[10  4],119,327,330,208,312
1,<environment.Job instance at 0x7fb657f44e10>,119,1,[ 2 10],120,330,331,210,313
1,<environment.Job instance at 0x7fb614533a00>,1,14,[4 6],2,8,22,6,8
1,<environment.Job instance at 0x7fb6140ef280>,8,2,[8 5],9,22,24,13,9
1,<environment.Job instance at 0x7fb61452b3c0>,9,14,[6 1],10,24,38,14,10
1,<environment.Job instance at 0x7fb657ec0870>,7,17,[4 9],8,24,41,16,17
1,<environment.Job instance at 0x7fb614787eb0>,17,18,[3 6],18,41,59,23,31
1,<environment.Job instance at 0x7fb6582bd320>,24,18,[4 7],25,59,77,34,50
1,<environment.Job instance at 0x7fb6582bd230>,27,13,[8 2],28,77,90,49,68
1,<environment.Job instance at 0x7fb614648780>,32,17,[1 6],33,142,159,109,142
1,<environment.Job instance at 0x7fb6582bd640>,1,15,[9 5],2,3,18,1,3
1,<environment.Job instance at 0x7fb657ca4780>,7,12,[5 4],8,18,30,10,15
1,<environment.Job instance at 0x7fb657ca4550>,11,17,[3 7],12,30,47,18,18
1,<environment.Job instance at 0x7fb657ca4730>,10,18,[5 8],11,47,65,36,37
1,<environment.Job instance at 0x7fb657ca4500>,9,16,[ 4 10],10,65,81,55,52
1,<environment.Job instance at 0x7fb614784140>,26,17,[9 3],27,81,98,54,69
1,<environment.Job instance at 0x7fb614784a50>,30,15,[9 1],31,98,113,67,86
1,<environment.Job instance at 0x7fb614784d20>,20,15,[4 9],21,113,128,92,99
1,<environment.Job instance at 0x7fb614786870>,37,15,[6 1],38,113,128,75,110
1,<environment.Job instance at 0x7fb6147862d0>,38,18,[5 8],39,128,146,89,117
1,<environment.Job instance at 0x7fb614786730>,33,16,[ 4 10],34,146,162,112,133
1,<environment.Job instance at 0x7fb658342eb0>,52,17,[1 9],53,162,179,109,150
1,<environment.Job instance at 0x7fb658342aa0>,56,13,[3 7],57,179,192,122,164
1,<environment.Job instance at 0x7fb658342690>,57,16,[5 8],58,192,208,134,179
1,<environment.Job instance at 0x7fb657d48d20>,71,2,[5 5],72,416,418,344,416
1,<environment.Job instance at 0x7fb6145054b0>,1,14,[ 5 10],2,3,17,1,3
1,<environment.Job instance at 0x7fb65e74c6e0>,3,13,[8 3],4,17,30,13,4
1,<environment.Job instance at 0x7fb65ecee5f0>,4,17,[8 5],5,30,47,25,18
1,<environment.Job instance at 0x7fb6145958c0>,17,14,[2 6],18,47,61,29,32
1,<environment.Job instance at 0x7fb65eb6dfa0>,18,12,[5 1],19,47,59,28,32
1,<environment.Job instance at 0x7fb65ec774b0>,24,15,[8 1],25,59,74,34,46
1,<environment.Job instance at 0x7fb657e03d20>,27,15,[3 9],28,74,89,46,61
1,<environment.Job instance at 0x7fb65ec77cd0>,22,14,[10  1],23,89,103,66,75
1,<environment.Job instance at 0x7fb657e033c0>,30,18,[5 4],31,103,121,72,92
1,<environment.Job instance at 0x7fb614134960>,39,13,[7 2],40,121,134,81,107
1,<environment.Job instance at 0x7fb657f4e1e0>,40,14,[2 6],41,108,122,67,108
1,<environment.Job instance at 0x7fb657dda910>,44,16,[9 2],45,134,150,89,121
1,<environment.Job instance at 0x7fb657e6e870>,51,3,[2 9],52,150,153,98,135
1,<environment.Job instance at 0x7fb61442e730>,52,3,[10  3],53,153,156,100,135
1,<environment.Job instance at 0x7fb657ec5eb0>,54,15,[3 5],55,156,171,101,143
1,<environment.Job instance at 0x7fb657ec5820>,53,18,[4 5],54,156,174,102,153
1,<environment.Job instance at 0x7fb6581f1be0>,61,16,[6 5],62,171,187,109,158
1,<environment.Job instance at 0x7fb657da7230>,65,16,[6 5],66,187,203,121,180
1,<environment.Job instance at 0x7fb65e7b24b0>,55,18,[5 8],56,203,221,147,192
1,<environment.Job instance at 0x7fb657da77d0>,68,15,[1 8],69,221,236,152,217
1,<environment.Job instance at 0x7fb65e8f7d20>,78,14,[7 2],79,221,235,142,218
1,<environment.Job instance at 0x7fb65e8f73c0>,82,2,[1 5],83,236,238,153,222
1,<environment.Job instance at 0x7fb65e8f70a0>,81,14,[6 1],82,235,249,153,224
1,<environment.Job instance at 0x7fb657e2cc80>,85,3,[10  2],86,249,252,163,230
1,<environment.Job instance at 0x7fb657e2ceb0>,86,14,[7 5],87,252,266,165,237
1,<environment.Job instance at 0x7fb65e739e10>,90,18,[5 5],91,266,284,175,256
1,<environment.Job instance at 0x7fb657e73690>,93,18,[5 2],94,266,284,172,256
1,<environment.Job instance at 0x7fb657e78af0>,101,13,[9 1],102,284,297,182,269
1,<environment.Job instance at 0x7fb61427a6e0>,104,15,[10  2],105,297,312,192,284
1,<environment.Job instance at 0x7fb6581f67d0>,112,18,[9 2],113,312,330,199,305
1,<environment.Job instance at 0x7fb614230a50>,115,14,[6 3],116,330,344,214,317
1,<environment.Job instance at 0x7fb614844820>,121,14,[1 5],122,318,332,196,318
1,<environment.Job instance at 0x7fb65edebf50>,127,17,[5 5],128,344,361,216,344
1,<environment.Job instance at 0x7fb65edebbe0>,128,14,[9 5],129,361,375,232,349
1,<environment.Job instance at 0x7fb65edeb550>,131,15,[7 3],132,375,390,243,362
1,<environment.Job instance at 0x7fb65edeba00>,135,1,[ 1 10],136,390,391,254,362
1,<environment.Job instance at 0x7fb614761c30>,144,16,[8 1],145,417,433,272,417
1,<environment.Job instance at 0x7fb614844320>,3,13,[9 3],4,5,18,1,5
1,<environment.Job instance at 0x7fb657fb4c30>,0,18,[4 5],1,18,36,17,7
1,<environment.Job instance at 0x7fb65eceef00>,8,12,[1 9],9,36,48,27,19
1,<environment.Job instance at 0x7fb61435fb40>,19,17,[9 1],20,36,53,16,26
1,<environment.Job instance at 0x7fb61435f780>,20,16,[4 8],21,53,69,32,41
1,<environment.Job instance at 0x7fb61435f1e0>,27,12,[9 2],28,69,81,41,55
1,<environment.Job instance at 0x7fb657e1fd20>,31,12,[8 2],32,81,93,49,67
1,<environment.Job instance at 0x7fb61435f5a0>,30,13,[10  5],31,93,106,62,77
1,<environment.Job instance at 0x7fb657e1fb40>,40,12,[ 5 10],41,106,118,65,91
1,<environment.Job instance at 0x7fb657e1f820>,42,15,[1 6],43,118,133,75,105
1,<environment.Job instance at 0x7fb657e1f9b0>,45,12,[5 2],46,121,133,75,121
1,<environment.Job instance at 0x7fb657e805a0>,47,3,[7 5],48,133,136,85,121
1,<environment.Job instance at 0x7fb6141549b0>,1,18,[4 9],2,136,154,134,127
1,<environment.Job instance at 0x7fb6147c75a0>,53,3,[9 4],54,154,157,100,129
1,<environment.Job instance at 0x7fb6147c7870>,56,16,[9 3],57,157,173,100,144
1,<environment.Job instance at 0x7fb6147c7b90>,61,14,[3 5],62,173,187,111,159
1,<environment.Job instance at 0x7fb6147c7cd0>,63,12,[4 5],64,173,185,109,160
1,<environment.Job instance at 0x7fb6147be3c0>,70,18,[3 6],71,187,205,116,176
1,<environment.Job instance at 0x7fb6147be4b0>,73,13,[6 4],74,188,201,114,188
1,<environment.Job instance at 0x7fb6147be550>,74,12,[10  3],75,205,217,130,188
1,<environment.Job instance at 0x7fb6147be820>,77,13,[7 1],78,217,230,139,204
1,<environment.Job instance at 0x7fb6147be910>,79,12,[4 8],80,230,242,150,213
1,<environment.Job instance at 0x7fb6147bec30>,82,12,[1 7],83,242,254,159,225
1,<environment.Job instance at 0x7fb6147be9b0>,85,15,[1 6],86,254,269,168,247
1,<environment.Job instance at 0x7fb6147beeb0>,88,13,[3 6],89,269,282,180,254
1,<environment.Job instance at 0x7fb6147e8050>,90,14,[3 5],91,282,296,191,267
1,<environment.Job instance at 0x7fb6147e84b0>,94,12,[7 2],95,267,279,172,267
1,<environment.Job instance at 0x7fb6147e8280>,96,12,[5 6],97,296,308,199,279
1,<environment.Job instance at 0x7fb6147e8640>,100,15,[6 2],101,279,294,178,279
1,<environment.Job instance at 0x7fb6147e89b0>,102,16,[5 3],103,294,310,191,282
1,<environment.Job instance at 0x7fb6147e8af0>,104,16,[8 5],105,310,326,205,297
1,<environment.Job instance at 0x7fb6147e8e10>,109,16,[6 2],110,326,342,216,313
1,<environment.Job instance at 0x7fb6147d60f0>,113,14,[1 6],114,327,341,213,327
1,<environment.Job instance at 0x7fb6147d61e0>,114,16,[7 3],115,342,358,227,330
1,<environment.Job instance at 0x7fb6147d6460>,119,3,[7 2],120,358,361,238,340
1,<environment.Job instance at 0x7fb657daa2d0>,1,17,[9 4],2,4,21,2,4
1,<environment.Job instance at 0x7fb65edebaf0>,6,16,[3 8],7,21,37,14,9
1,<environment.Job instance at 0x7fb65ed8d690>,10,13,[7 3],11,37,50,26,21
1,<environment.Job instance at 0x7fb65edeb050>,8,15,[1 8],9,50,65,41,36
1,<environment.Job instance at 0x7fb61468eaf0>,22,16,[6 2],23,50,66,27,49
1,<environment.Job instance at 0x7fb6145f2410>,24,15,[2 5],25,65,80,40,52
1,<environment.Job instance at 0x7fb65ed04af0>,16,18,[ 2 10],17,80,98,63,69
1,<environment.Job instance at 0x7fb65e77a3c0>,32,13,[3 7],33,98,111,65,82
1,<environment.Job instance at 0x7fb614194320>,34,14,[7 4],35,111,125,76,97
1,<environment.Job instance at 0x7fb65e915eb0>,36,15,[2 7],37,125,140,88,111
1,<environment.Job instance at 0x7fb61470b910>,38,17,[2 7],39,140,157,101,130
1,<environment.Job instance at 0x7fb6146fb5a0>,42,18,[5 6],43,157,175,114,146
1,<environment.Job instance at 0x7fb65ed04910>,17,18,[5 9],18,175,193,157,168
1,<environment.Job instance at 0x7fb6147bccd0>,54,13,[9 1],55,193,206,138,186
1,<environment.Job instance at 0x7fb65ede56e0>,0,3,[ 4 10],1,4,7,3,4
1,<environment.Job instance at 0x7fb657d6e690>,4,13,[2 5],5,7,20,2,5
1,<environment.Job instance at 0x7fb6145acf00>,5,17,[1 8],6,20,37,14,12
1,<environment.Job instance at 0x7fb6147a0320>,2,17,[8 1],3,15,32,12,15
1,<environment.Job instance at 0x7fb614351e60>,14,13,[2 8],15,37,50,22,21
1,<environment.Job instance at 0x7fb614557550>,21,12,[5 1],22,32,44,10,30
1,<environment.Job instance at 0x7fb614557b40>,24,16,[5 3],25,50,66,25,37
1,<environment.Job instance at 0x7fb614257280>,25,13,[2 6],26,50,63,24,38
1,<environment.Job instance at 0x7fb6143ac230>,31,12,[7 4],32,66,78,34,49
1,<environment.Job instance at 0x7fb6145aa8c0>,36,12,[4 6],37,78,90,41,67
1,<environment.Job instance at 0x7fb6582b4460>,28,18,[5 6],29,90,108,61,79
1,<environment.Job instance at 0x7fb6143918c0>,42,12,[5 4],43,87,99,44,87
1,<environment.Job instance at 0x7fb6144c28c0>,43,13,[10  3],44,108,121,64,95
1,<environment.Job instance at 0x7fb6144c2c80>,46,15,[1 5],47,121,136,74,107
1,<environment.Job instance at 0x7fb6144c2730>,50,14,[6 1],51,121,135,70,108
1,<environment.Job instance at 0x7fb6144c25f0>,55,2,[7 1],56,135,137,79,116
1,<environment.Job instance at 0x7fb65eb6db90>,56,13,[ 1 10],57,137,150,80,124
1,<environment.Job instance at 0x7fb65eb6d730>,59,15,[8 4],60,150,165,90,136
1,<environment.Job instance at 0x7fb65eb6dc80>,62,16,[6 3],63,165,181,102,152
1,<environment.Job instance at 0x7fb6144c2500>,52,17,[3 8],53,189,206,136,189
1,<environment.Job instance at 0x7fb65e8bfc30>,35,16,[5 7],36,206,222,170,196
1,<environment.Job instance at 0x7fb614248f50>,93,18,[4 9],94,222,240,128,215
1,<environment.Job instance at 0x7fb6145a4500>,99,12,[9 3],100,240,252,140,231
1,<environment.Job instance at 0x7fb6145a4550>,100,3,[8 4],101,252,255,151,232
1,<environment.Job instance at 0x7fb6144fd8c0>,75,17,[ 4 10],76,258,275,182,258
1,<environment.Job instance at 0x7fb6144be960>,110,13,[8 3],111,275,288,164,259
1,<environment.Job instance at 0x7fb6581c6410>,104,17,[10  4],105,288,305,183,278
1,<environment.Job instance at 0x7fb614351190>,1,2,[10  5],2,2,4,0,2
1,<environment.Job instance at 0x7fb6143fb870>,2,1,[9 4],3,4,5,1,4
1,<environment.Job instance at 0x7fb6143ac870>,3,2,[3 6],4,5,7,1,5
1,<environment.Job instance at 0x7fb6144be050>,4,1,[1 7],5,7,8,2,5
1,<environment.Job instance at 0x7fb6144bedc0>,5,2,[1 8],6,8,10,2,6
1,<environment.Job instance at 0x7fb614844b40>,7,14,[8 3],8,10,24,2,9
1,<environment.Job instance at 0x7fb61452bf50>,11,12,[7 5],12,24,36,12,15
1,<environment.Job instance at 0x7fb614566e60>,6,18,[3 5],7,24,42,17,19
1,<environment.Job instance at 0x7fb65ec50820>,16,14,[3 9],17,42,56,25,29
1,<environment.Job instance at 0x7fb6147868c0>,26,12,[9 1],27,56,68,29,43
1,<environment.Job instance at 0x7fb657cd7870>,34,18,[6 3],35,68,86,33,63
1,<environment.Job instance at 0x7fb657cd7140>,37,16,[2 6],38,68,84,30,64
1,<environment.Job instance at 0x7fb657cd7640>,39,15,[5 3],40,86,101,46,84
1,<environment.Job instance at 0x7fb657d02d70>,20,14,[5 5],21,91,105,70,91
1,<environment.Job instance at 0x7fb657cd7be0>,43,17,[5 1],44,101,118,57,99
1,<environment.Job instance at 0x7fb6142ecf00>,45,15,[9 5],46,118,133,72,105
1,<environment.Job instance at 0x7fb6142ec5a0>,50,13,[6 5],51,133,146,82,118
1,<environment.Job instance at 0x7fb6142ecd20>,52,2,[5 1],53,146,148,93,132
1,<environment.Job instance at 0x7fb614786460>,1,2,[5 2],2,2,4,0,2
1,<environment.Job instance at 0x7fb657c8e7d0>,5,13,[6 1],6,6,19,0,6
1,<environment.Job instance at 0x7fb65ea54230>,7,2,[10  1],8,19,21,11,8
1,<environment.Job instance at 0x7fb65ea54050>,8,1,[2 8],9,10,11,1,10
1,<environment.Job instance at 0x7fb65ea545f0>,10,1,[ 2 10],11,21,22,10,11
1,<environment.Job instance at 0x7fb65ea54780>,11,3,[3 8],12,12,15,0,12
1,<environment.Job instance at 0x7fb65ea540f0>,13,2,[1 9],14,15,17,1,14
1,<environment.Job instance at 0x7fb65ea54eb0>,14,2,[2 7],15,17,19,2,15
1,<environment.Job instance at 0x7fb65e731870>,9,13,[3 6],10,22,35,12,16
1,<environment.Job instance at 0x7fb65f303d20>,16,1,[10  4],17,35,36,18,17
1,<environment.Job instance at 0x7fb657cbcaf0>,18,12,[6 2],19,22,34,3,19
1,<environment.Job instance at 0x7fb657cbc370>,19,2,[5 5],20,36,38,16,20
1,<environment.Job instance at 0x7fb65827daa0>,24,13,[6 5],25,38,51,13,26
1,<environment.Job instance at 0x7fb65827d730>,22,17,[5 5],23,51,68,28,39
1,<environment.Job instance at 0x7fb6146df7d0>,35,3,[1 5],36,48,51,12,48
1,<environment.Job instance at 0x7fb6146df370>,36,15,[6 4],37,68,83,31,57
1,<environment.Job instance at 0x7fb614036320>,41,13,[3 5],42,70,83,28,70
1,<environment.Job instance at 0x7fb6146df9b0>,32,15,[4 9],33,83,98,50,76
1,<environment.Job instance at 0x7fb614036f00>,46,12,[10  3],47,98,110,51,83
1,<environment.Job instance at 0x7fb614036aa0>,51,12,[4 6],52,110,122,58,96
1,<environment.Job instance at 0x7fb65f303a50>,15,17,[5 8],16,122,139,106,112
1,<environment.Job instance at 0x7fb6144be190>,62,13,[3 6],63,139,152,76,136
1,<environment.Job instance at 0x7fb6144be140>,63,17,[7 2],64,139,156,75,136
1,<environment.Job instance at 0x7fb657c873c0>,57,18,[3 8],58,152,170,94,143
1,<environment.Job instance at 0x7fb6144beaf0>,67,18,[1 8],68,170,188,102,160
1,<environment.Job instance at 0x7fb6144be730>,73,17,[10  3],74,188,205,114,176
1,<environment.Job instance at 0x7fb6142aab40>,82,17,[6 3],83,205,222,122,195
1,<environment.Job instance at 0x7fb6142aa4b0>,91,12,[10  1],92,222,234,130,218
1,<environment.Job instance at 0x7fb6142aaa00>,93,13,[6 5],94,234,247,140,218
1,<environment.Job instance at 0x7fb614310dc0>,95,2,[3 7],96,218,220,122,218
1,<environment.Job instance at 0x7fb614310a00>,96,3,[1 5],97,234,237,137,218
1,<environment.Job instance at 0x7fb614310aa0>,97,18,[4 5],98,237,255,139,226
1,<environment.Job instance at 0x7fb65f2db1e0>,52,18,[10  3],53,255,273,202,250
1,<environment.Job instance at 0x7fb65f017cd0>,101,15,[4 9],102,273,288,171,259
1,<environment.Job instance at 0x7fb614310500>,104,17,[3 6],105,288,305,183,276
1,<environment.Job instance at 0x7fb65ee2b190>,109,17,[7 1],110,291,308,181,291
1,<environment.Job instance at 0x7fb65ee2b820>,110,16,[10  3],111,308,324,197,297
1,<environment.Job instance at 0x7fb65ee2b320>,116,15,[5 2],117,324,339,207,310
1,<environment.Job instance at 0x7fb65ea54730>,1,2,[2 7],2,2,4,0,2
1,<environment.Job instance at 0x7fb65f2d5e60>,2,13,[2 6],3,4,17,1,3
1,<environment.Job instance at 0x7fb61467a0a0>,3,17,[6 4],4,6,23,2,6
1,<environment.Job instance at 0x7fb6583168c0>,7,15,[5 1],8,23,38,15,9
1,<environment.Job instance at 0x7fb657c85d70>,10,13,[1 5],11,17,30,6,11
1,<environment.Job instance at 0x7fb657c85500>,17,14,[7 4],18,38,52,20,23
1,<environment.Job instance at 0x7fb657c856e0>,18,14,[6 4],19,52,66,33,37
1,<environment.Job instance at 0x7fb657c85e60>,16,14,[ 2 10],17,66,80,49,52
1,<environment.Job instance at 0x7fb657c73960>,26,18,[10  3],27,80,98,53,69
1,<environment.Job instance at 0x7fb61417ff00>,36,2,[5 2],37,98,100,61,77
1,<environment.Job instance at 0x7fb61417fd70>,34,16,[2 8],35,98,114,63,85
1,<environment.Job instance at 0x7fb61417f140>,39,16,[5 5],40,114,130,74,101
1,<environment.Job instance at 0x7fb61417f190>,37,17,[ 5 10],38,130,147,92,118
1,<environment.Job instance at 0x7fb65ea642d0>,55,18,[7 4],56,147,165,91,137
1,<environment.Job instance at 0x7fb657c23e10>,1,14,[9 3],2,2,16,0,2
1,<environment.Job instance at 0x7fb657fb0cd0>,6,13,[ 5 10],7,16,29,9,10
1,<environment.Job instance at 0x7fb657c85190>,2,14,[ 3 10],3,29,43,26,16
1,<environment.Job instance at 0x7fb6142573c0>,19,15,[2 5],20,43,58,23,31
1,<environment.Job instance at 0x7fb614503780>,22,2,[1 8],23,58,60,35,31
1,<environment.Job instance at 0x7fb65e733140>,29,2,[7 3],30,43,45,13,40
1,<environment.Job instance at 0x7fb6145aa190>,30,1,[2 9],31,60,61,29,41
1,<environment.Job instance at 0x7fb6145aa500>,34,3,[6 2],35,57,60,22,57
1,<environment.Job instance at 0x7fb6145aaaf0>,36,3,[5 3],37,61,64,24,57
1,<environment.Job instance at 0x7fb65ebbe050>,39,3,[ 2 10],40,64,67,24,57
1,<environment.Job instance at 0x7fb65ebbee60>,40,15,[8 2],41,67,82,26,57
1,<environment.Job instance at 0x7fb657d05dc0>,32,18,[7 3],33,82,100,49,71
1,<environment.Job instance at 0x7fb65eb53dc0>,43,13,[3 7],44,82,95,38,76
1,<environment.Job instance at 0x7fb657ce0230>,42,15,[9 5],43,100,115,57,88
1,<environment.Job instance at 0x7fb65eb5b320>,50,17,[6 4],51,115,132,64,104
1,<environment.Job instance at 0x7fb65eb6f280>,57,3,[8 4],58,132,135,74,118
1,<environment.Job instance at 0x7fb65eb6f960>,58,3,[4 6],59,119,122,60,119
1,<environment.Job instance at 0x7fb65eb6f820>,56,15,[7 3],57,135,150,78,121
1,<environment.Job instance at 0x7fb65eb5dd70>,61,12,[7 5],62,150,162,88,133
1,<environment.Job instance at 0x7fb65e7a1190>,64,14,[5 5],65,162,176,97,148
1,<environment.Job instance at 0x7fb6583b3b40>,67,12,[ 4 10],68,176,188,108,163
1,<environment.Job instance at 0x7fb65eb5bbe0>,48,18,[10  5],49,230,248,181,230
1,<environment.Job instance at 0x7fb614701140>,75,2,[5 6],76,248,250,172,235
1,<environment.Job instance at 0x7fb6582e9dc0>,78,15,[5 4],79,304,319,225,304
1,<environment.Job instance at 0x7fb65e88b870>,1,16,[1 7],2,4,20,2,4
1,<environment.Job instance at 0x7fb65ea54b40>,5,12,[4 8],6,20,32,14,9
1,<environment.Job instance at 0x7fb613e6b4b0>,12,2,[8 5],13,35,37,22,35
1,<environment.Job instance at 0x7fb657cca5a0>,16,17,[9 4],17,42,59,25,42
1,<environment.Job instance at 0x7fb657cca7d0>,17,2,[2 5],18,59,61,41,42
1,<environment.Job instance at 0x7fb657d00a00>,21,16,[4 7],22,61,77,39,56
1,<environment.Job instance at 0x7fb657d00320>,20,13,[ 4 10],21,77,90,56,68
1,<environment.Job instance at 0x7fb61460fcd0>,25,3,[4 8],26,90,93,64,72
1,<environment.Job instance at 0x7fb65e736050>,26,3,[9 4],27,93,96,66,72
1,<environment.Job instance at 0x7fb65e736780>,27,12,[6 5],28,96,108,68,80
1,<environment.Job instance at 0x7fb6144c27d0>,29,15,[7 2],30,108,123,78,94
1,<environment.Job instance at 0x7fb6140efd70>,34,15,[3 5],35,107,122,72,107
1,<environment.Job instance at 0x7fb61476ab40>,35,3,[8 2],36,123,126,87,107
1,<environment.Job instance at 0x7fb657fc8a00>,40,15,[1 8],41,124,139,83,124
1,<environment.Job instance at 0x7fb65e78c960>,41,14,[6 4],42,139,153,97,134
1,<environment.Job instance at 0x7fb65818a460>,44,17,[3 5],45,139,156,94,135
1,<environment.Job instance at 0x7fb6140dc230>,46,3,[9 1],47,156,159,109,146
1,<environment.Job instance at 0x7fb6140dccd0>,47,3,[7 3],48,153,156,105,146
1,<environment.Job instance at 0x7fb614478b90>,52,13,[9 5],53,159,172,106,146
1,<environment.Job instance at 0x7fb6144e5960>,53,12,[ 3 10],54,172,184,118,156
1,<environment.Job instance at 0x7fb65e7763c0>,58,3,[1 5],59,163,166,104,163
1,<environment.Job instance at 0x7fb657f57b90>,60,2,[6 2],61,184,186,123,169
1,<environment.Job instance at 0x7fb61411c1e0>,61,16,[1 8],62,184,200,122,171
1,<environment.Job instance at 0x7fb6581751e0>,72,13,[8 1],73,194,207,121,194
1,<environment.Job instance at 0x7fb65f2d5c30>,0,3,[5 6],1,2,5,1,2
1,<environment.Job instance at 0x7fb613f7edc0>,1,18,[9 3],2,5,23,3,3
1,<environment.Job instance at 0x7fb657ee1050>,6,3,[9 4],7,23,26,16,13
1,<environment.Job instance at 0x7fb658034aa0>,14,13,[1 6],15,15,28,0,15
1,<environment.Job instance at 0x7fb657ee1cd0>,11,14,[1 7],12,28,42,16,19
1,<environment.Job instance at 0x7fb658034fa0>,23,2,[1 7],24,42,44,18,28
1,<environment.Job instance at 0x7fb658034a50>,24,13,[2 5],25,44,57,19,30
1,<environment.Job instance at 0x7fb658034e10>,25,16,[ 4 10],26,57,73,31,44
1,<environment.Job instance at 0x7fb658034c80>,19,15,[10  3],20,73,88,53,62
1,<environment.Job instance at 0x7fb6145fae10>,31,14,[7 4],32,88,102,56,73
1,<environment.Job instance at 0x7fb6145fa910>,35,14,[1 5],36,88,102,52,87
1,<environment.Job instance at 0x7fb6145fa320>,37,12,[6 5],38,102,114,64,88
1,<environment.Job instance at 0x7fb6145fa690>,40,13,[2 9],41,114,127,73,102
1,<environment.Job instance at 0x7fb614748960>,2,17,[4 8],3,153,170,150,153
1,<environment.Job instance at 0x7fb658034230>,21,17,[9 5],22,170,187,148,169
1,<environment.Job instance at 0x7fb657d8a4b0>,58,17,[1 8],59,187,204,128,182
1,<environment.Job instance at 0x7fb657d8a640>,60,3,[6 2],61,187,190,126,182
1,<environment.Job instance at 0x7fb657c1f870>,67,17,[ 3 10],68,242,259,174,242
1,<environment.Job instance at 0x7fb657c1fa00>,69,1,[10  4],70,259,260,189,242
1,<environment.Job instance at 0x7fb657c1fe60>,70,1,[4 7],71,260,261,189,242
1,<environment.Job instance at 0x7fb657c1fa50>,71,14,[1 6],72,261,275,189,246
1,<environment.Job instance at 0x7fb657c1ff50>,72,16,[1 9],73,275,291,202,265
1,<environment.Job instance at 0x7fb613fff9b0>,1,2,[9 4],2,2,4,0,2
1,<environment.Job instance at 0x7fb614094e60>,2,1,[2 7],3,4,5,1,4
1,<environment.Job instance at 0x7fb614748b40>,10,3,[9 5],11,11,14,0,11
1,<environment.Job instance at 0x7fb658034e60>,0,16,[5 1],1,14,30,13,11
1,<environment.Job instance at 0x7fb613f7e9b0>,12,3,[6 5],13,30,33,17,13
1,<environment.Job instance at 0x7fb65e7ffdc0>,16,1,[5 8],17,17,18,0,17
1,<environment.Job instance at 0x7fb61464c370>,11,18,[1 9],12,33,51,21,23
1,<environment.Job instance at 0x7fb65e7ffd70>,18,12,[9 5],19,51,63,32,37
1,<environment.Job instance at 0x7fb657e449b0>,17,16,[6 5],18,63,79,45,51
1,<environment.Job instance at 0x7fb657c31be0>,35,13,[6 4],36,79,92,43,66
1,<environment.Job instance at 0x7fb65e95aeb0>,19,12,[ 5 10],20,92,104,72,77
1,<environment.Job instance at 0x7fb65e8d78c0>,44,1,[ 1 10],45,104,105,59,90
1,<environment.Job instance at 0x7fb614725230>,40,18,[7 4],41,105,123,64,94
1,<environment.Job instance at 0x7fb6144e35f0>,25,17,[10  2],26,123,140,97,114
1,<environment.Job instance at 0x7fb6144c26e0>,49,17,[6 3],50,140,157,90,130
1,<environment.Job instance at 0x7fb65ea04a50>,58,14,[6 1],59,157,171,98,142
1,<environment.Job instance at 0x7fb657d99f00>,64,17,[7 5],65,171,188,106,159
1,<environment.Job instance at 0x7fb6144c2f00>,45,18,[5 9],46,188,206,142,178
1,<environment.Job instance at 0x7fb657d73e10>,76,12,[ 3 10],77,206,218,129,190
1,<environment.Job instance at 0x7fb65eae1050>,33,13,[8 5],34,221,234,187,221
1,<environment.Job instance at 0x7fb6581362d0>,88,18,[3 7],89,234,252,145,227
1,<environment.Job instance at 0x7fb657d76be0>,91,17,[10  4],92,252,269,160,243
1,<environment.Job instance at 0x7fb657d75aa0>,96,14,[6 2],97,269,283,172,254
1,<environment.Job instance at 0x7fb657d99640>,1,14,[5 4],2,2,16,0,2
1,<environment.Job instance at 0x7fb657d4fc30>,0,17,[9 5],1,16,33,15,8
1,<environment.Job instance at 0x7fb613eb8a00>,7,15,[3 7],8,33,48,25,19
1,<environment.Job instance at 0x7fb65e9d63c0>,18,3,[7 4],19,48,51,29,30
1,<environment.Job instance at 0x7fb65ebdba00>,15,16,[7 4],16,51,67,35,38
1,<environment.Job instance at 0x7fb614409aa0>,23,15,[7 1],24,67,82,43,57
1,<environment.Job instance at 0x7fb61452bdc0>,30,13,[5 2],31,84,97,53,84
1,<environment.Job instance at 0x7fb6144094b0>,19,18,[7 3],20,110,128,90,110
1,<environment.Job instance at 0x7fb6582a8190>,37,12,[6 5],38,128,140,90,112
1,<environment.Job instance at 0x7fb613f932d0>,41,14,[1 9],42,140,154,98,127
1,<environment.Job instance at 0x7fb613f6d780>,44,12,[ 2 10],45,154,166,109,144
1,<environment.Job instance at 0x7fb614484a00>,48,14,[9 1],49,166,180,117,153
1,<environment.Job instance at 0x7fb657cd76e0>,36,17,[9 2],37,180,197,143,173
1,<environment.Job instance at 0x7fb6143341e0>,57,13,[6 5],58,197,210,139,183
1,<environment.Job instance at 0x7fb614334140>,59,14,[2 5],60,197,211,137,183
1,<environment.Job instance at 0x7fb6144844b0>,49,17,[2 7],50,211,228,161,199
1,<environment.Job instance at 0x7fb613fd9b40>,66,12,[5 5],67,228,240,161,211
1,<environment.Job instance at 0x7fb613fd9410>,71,12,[5 4],72,241,253,169,241
1,<environment.Job instance at 0x7fb613fd9690>,73,17,[5 5],74,241,258,167,241
1,<environment.Job instance at 0x7fb613fd95f0>,75,13,[5 5],76,253,266,177,242
1,<environment.Job instance at 0x7fb613fd9aa0>,76,13,[4 6],77,266,279,189,250
1,<environment.Job instance at 0x7fb613fd97d0>,63,18,[5 9],64,287,305,223,287
1,<environment.Job instance at 0x7fb6583a0a00>,89,16,[9 2],90,305,321,215,295
1,<environment.Job instance at 0x7fb65eb64d20>,97,13,[1 7],98,339,352,241,339
1,<environment.Job instance at 0x7fb65eb643c0>,98,13,[5 6],99,352,365,253,341
1,<environment.Job instance at 0x7fb65ebfefa0>,102,3,[7 3],103,365,368,262,361
1,<environment.Job instance at 0x7fb65e75ac80>,103,13,[7 2],104,368,381,264,361
1,<environment.Job instance at 0x7fb65e75aa50>,104,14,[1 9],105,381,395,276,373
1,<environment.Job instance at 0x7fb6580a9b90>,108,15,[8 3],109,395,410,286,385
1,<environment.Job instance at 0x7fb657eb0e60>,112,14,[10  1],113,410,424,297,398
1,<environment.Job instance at 0x7fb614385dc0>,117,16,[8 2],118,424,440,306,411
1,<environment.Job instance at 0x7fb614569320>,120,12,[5 7],121,440,452,319,430
1,<environment.Job instance at 0x7fb6145695a0>,122,14,[ 2 10],123,452,466,329,437
1,<environment.Job instance at 0x7fb614569be0>,125,2,[6 1],126,466,468,340,440
1,<environment.Job instance at 0x7fb614569500>,130,14,[7 1],131,468,482,337,460
1,<environment.Job instance at 0x7fb614569fa0>,132,16,[6 4],133,482,498,349,472
1,<environment.Job instance at 0x7fb6145699b0>,134,12,[6 1],135,498,510,363,481
1,<environment.Job instance at 0x7fb657c31a00>,140,12,[6 1],141,510,522,369,500
1,<environment.Job instance at 0x7fb657c319b0>,144,13,[8 5],145,522,535,377,516
1,<environment.Job instance at 0x7fb657c318c0>,152,18,[3 8],153,589,607,436,589
1,<environment.Job instance at 0x7fb658035190>,159,14,[9 5],160,607,621,447,597
1,<environment.Job instance at 0x7fb6580355f0>,160,13,[5 6],161,621,634,460,609
1,<environment.Job instance at 0x7fb658035f50>,164,15,[1 5],165,634,649,469,620
1,<environment.Job instance at 0x7fb658035410>,166,2,[8 5],167,634,636,467,622
1,<environment.Job instance at 0x7fb614761cd0>,1,2,[5 5],2,2,4,0,2
1,<environment.Job instance at 0x7fb657cbc190>,2,3,[6 3],3,4,7,1,3
1,<environment.Job instance at 0x7fb65e9fa640>,3,3,[10  2],4,7,10,3,5
1,<environment.Job instance at 0x7fb65ea54780>,5,1,[8 1],6,10,11,4,6
1,<environment.Job instance at 0x7fb614595280>,0,18,[ 4 10],1,12,30,11,12
1,<environment.Job instance at 0x7fb61458abe0>,15,15,[5 2],16,37,52,21,37
1,<environment.Job instance at 0x7fb61458a140>,17,1,[3 5],18,37,38,19,37
1,<environment.Job instance at 0x7fb61458a410>,18,3,[10  1],19,52,55,33,37
1,<environment.Job instance at 0x7fb61458a870>,19,1,[3 8],20,38,39,18,37
1,<environment.Job instance at 0x7fb61458af50>,20,16,[6 1],21,55,71,34,42
1,<environment.Job instance at 0x7fb61458a0a0>,22,17,[5 8],23,71,88,48,61
1,<environment.Job instance at 0x7fb65e7195f0>,31,12,[3 5],32,88,100,56,72
1,<environment.Job instance at 0x7fb65e719050>,33,2,[5 4],34,88,90,54,72
1,<environment.Job instance at 0x7fb61458ad20>,16,16,[ 1 10],17,100,116,83,87
1,<environment.Job instance at 0x7fb6142a8cd0>,38,3,[8 2],39,116,119,77,90
1,<environment.Job instance at 0x7fb65eacff00>,41,15,[7 5],42,119,134,77,107
1,<environment.Job instance at 0x7fb61458a0f0>,12,14,[5 8],13,134,148,121,120
1,<environment.Job instance at 0x7fb6147852d0>,51,18,[5 5],52,180,198,128,180
1,<environment.Job instance at 0x7fb6147859b0>,53,18,[5 4],54,185,203,131,185
1,<environment.Job instance at 0x7fb65e823550>,6,17,[5 4],7,8,25,1,8
1,<environment.Job instance at 0x7fb658035320>,8,17,[5 1],9,11,28,2,11
1,<environment.Job instance at 0x7fb65e84d140>,12,3,[8 5],13,28,31,15,13
1,<environment.Job instance at 0x7fb65e841820>,15,14,[1 8],16,31,45,15,21
1,<environment.Job instance at 0x7fb65e81fd70>,10,16,[9 1],11,31,47,20,22
1,<environment.Job instance at 0x7fb65e841500>,23,12,[10  4],24,47,59,23,30
1,<environment.Job instance at 0x7fb65e848f50>,29,16,[7 4],30,59,75,29,46
1,<environment.Job instance at 0x7fb65e8487d0>,33,14,[2 9],34,75,89,41,60
1,<environment.Job instance at 0x7fb65e848e10>,37,15,[2 8],38,89,104,51,76
1,<environment.Job instance at 0x7fb65e848b40>,43,3,[10  5],44,104,107,60,91
1,<environment.Job instance at 0x7fb65e848730>,44,1,[ 4 10],45,107,108,62,91
1,<environment.Job instance at 0x7fb65e849050>,45,3,[5 6],46,108,111,62,93
1,<environment.Job instance at 0x7fb65e848370>,41,17,[9 3],42,111,128,69,99
1,<environment.Job instance at 0x7fb65e8490a0>,49,17,[4 9],50,128,145,78,116
1,<environment.Job instance at 0x7fb6144812d0>,60,16,[6 5],61,145,161,84,132
1,<environment.Job instance at 0x7fb6144810a0>,63,16,[3 5],64,145,161,81,133
1,<environment.Job instance at 0x7fb65e820aa0>,68,15,[5 6],69,161,176,92,147
1,<environment.Job instance at 0x7fb65ea54a50>,2,17,[2 8],3,176,193,173,165
1,<environment.Job instance at 0x7fb65e8205f0>,76,13,[4 7],77,193,206,116,186
1,<environment.Job instance at 0x7fb65e84b280>,79,13,[2 5],80,206,219,126,191
1,<environment.Job instance at 0x7fb65e84bb40>,82,16,[1 9],83,219,235,136,206
1,<environment.Job instance at 0x7fecf3888190>,0,13,[9 3],1,4,17,3,4
1,<environment.Job instance at 0x7fecec4792d0>,3,3,[4 8],4,17,20,13,5
1,<environment.Job instance at 0x7fecec479230>,4,14,[1 6],5,20,34,15,5
1,<environment.Job instance at 0x7fecf3888140>,5,2,[1 5],6,6,8,0,6
1,<environment.Job instance at 0x7fecec479460>,7,1,[5 4],8,20,21,12,8
1,<environment.Job instance at 0x7fecec479910>,10,12,[3 7],11,34,46,23,23
1,<environment.Job instance at 0x7fecec479f50>,18,3,[4 7],19,46,49,27,30
1,<environment.Job instance at 0x7fecec479f00>,19,14,[3 5],20,49,63,29,38
1,<environment.Job instance at 0x7fecec47c5a0>,25,12,[ 5 10],26,63,75,37,49
1,<environment.Job instance at 0x7fecec47c780>,29,12,[5 4],30,75,87,45,61
1,<environment.Job instance at 0x7fecec47ca00>,30,14,[5 2],31,75,89,44,63
1,<environment.Job instance at 0x7fecec47cc30>,32,3,[5 1],33,87,90,54,64
1,<environment.Job instance at 0x7fecec47cb90>,31,14,[2 5],32,89,103,57,75
1,<environment.Job instance at 0x7fecec47ccd0>,33,14,[5 5],34,90,104,56,76
1,<environment.Job instance at 0x7fecec47cd20>,35,15,[9 5],36,104,119,68,90
1,<environment.Job instance at 0x7fecec47f640>,45,13,[6 5],46,119,132,73,103
1,<environment.Job instance at 0x7fecec47f820>,48,15,[10  1],49,132,147,83,118
1,<environment.Job instance at 0x7fecec47fc80>,51,3,[1 5],52,147,150,95,133
1,<environment.Job instance at 0x7fecec47fdc0>,53,17,[5 7],54,150,167,96,138
1,<environment.Job instance at 0x7fecec480820>,1,13,[8 5],2,2,15,0,2
1,<environment.Job instance at 0x7fecec4925f0>,4,3,[4 6],5,15,18,10,5
1,<environment.Job instance at 0x7fecec496370>,5,2,[5 2],6,15,17,9,6
1,<environment.Job instance at 0x7fecec496140>,6,1,[5 9],7,18,19,11,8
1,<environment.Job instance at 0x7fecec496410>,9,12,[9 3],10,19,31,9,10
1,<environment.Job instance at 0x7fecec4942d0>,17,1,[9 1],18,31,32,13,18
1,<environment.Job instance at 0x7fecec496fa0>,14,12,[3 8],15,32,44,17,19
1,<environment.Job instance at 0x7fecec494af0>,20,13,[10  5],21,44,57,23,29
1,<environment.Job instance at 0x7fecec494cd0>,23,14,[7 5],24,57,71,33,44
1,<environment.Job instance at 0x7fecec49c730>,25,14,[10  2],26,71,85,45,56
1,<environment.Job instance at 0x7fecec41f6e0>,40,18,[4 5],41,85,103,44,74
1,<environment.Job instance at 0x7fecec496b40>,10,18,[10  3],11,103,121,92,101
1,<environment.Job instance at 0x7feca88759b0>,48,15,[7 5],49,121,136,72,112
1,<environment.Job instance at 0x7feca88753c0>,49,13,[6 3],50,136,149,86,123
1,<environment.Job instance at 0x7feca88747d0>,57,3,[1 6],58,137,140,79,137
1,<environment.Job instance at 0x7feca8875a00>,50,13,[7 4],51,149,162,98,137
1,<environment.Job instance at 0x7feca88748c0>,61,2,[9 5],62,162,164,100,162
1,<environment.Job instance at 0x7feca8874fa0>,58,18,[6 3],59,164,182,105,162
1,<environment.Job instance at 0x7feca8801230>,73,12,[9 1],74,195,207,121,195
1,<environment.Job instance at 0x7feca8801190>,74,14,[5 5],75,207,221,132,196
1,<environment.Job instance at 0x7feca87feb90>,68,18,[4 6],69,221,239,152,212
1,<environment.Job instance at 0x7feca88004b0>,79,1,[5 4],80,214,215,134,214
1,<environment.Job instance at 0x7feca8800e10>,83,2,[4 7],84,239,241,155,226
1,<environment.Job instance at 0x7feca8800d20>,85,2,[1 5],86,241,243,155,228
1,<environment.Job instance at 0x7feca8800870>,86,3,[8 4],87,241,244,154,229
1,<environment.Job instance at 0x7fecec496280>,11,17,[10  2],12,244,261,232,235
1,<environment.Job instance at 0x7feca8876280>,91,15,[8 4],92,261,276,169,252
1,<environment.Job instance at 0x7feca88760f0>,90,17,[2 6],91,261,278,170,252
1,<environment.Job instance at 0x7feca87ff910>,98,13,[5 1],99,276,289,177,275
1,<environment.Job instance at 0x7feca88ec7d0>,97,18,[5 9],98,278,296,180,276
1,<environment.Job instance at 0x7feca8890dc0>,104,15,[10  4],105,300,315,195,300
1,<environment.Job instance at 0x7feca86c6c80>,2,12,[3 8],3,4,16,1,4
1,<environment.Job instance at 0x7fecec4962d0>,4,15,[4 6],5,16,31,11,6
1,<environment.Job instance at 0x7feca87bd5f0>,10,2,[1 7],11,31,33,20,24
1,<environment.Job instance at 0x7feca8744b40>,9,2,[8 2],10,31,33,21,24
1,<environment.Job instance at 0x7feca87bd780>,13,2,[5 7],14,33,35,19,24
1,<environment.Job instance at 0x7feca87bd140>,15,13,[5 5],16,35,48,19,24
1,<environment.Job instance at 0x7fecec494780>,1,17,[7 5],2,48,65,46,36
1,<environment.Job instance at 0x7feca86cc870>,20,14,[7 5],21,65,79,44,51
1,<environment.Job instance at 0x7fecf3a01960>,34,17,[7 2],35,79,96,44,68
1,<environment.Job instance at 0x7feca8ab7500>,25,16,[10  4],26,96,112,70,85
1,<environment.Job instance at 0x7fecec316af0>,41,17,[2 6],42,112,129,70,100
1,<environment.Job instance at 0x7feca873c9b0>,50,18,[3 5],51,129,147,78,118
1,<environment.Job instance at 0x7fecec1e0b90>,58,14,[4 6],59,147,161,88,132
1,<environment.Job instance at 0x7feca86df5a0>,60,13,[5 6],61,161,174,100,145
1,<environment.Job instance at 0x7feca86c2410>,63,13,[4 9],64,174,187,110,159
1,<environment.Job instance at 0x7feca874a0f0>,70,16,[10  2],71,187,203,116,175
1,<environment.Job instance at 0x7fecec23d1e0>,78,16,[6 3],79,203,219,124,190
1,<environment.Job instance at 0x7fecec1deb40>,80,18,[4 7],81,203,221,122,197
1,<environment.Job instance at 0x7fecec26a370>,30,18,[9 5],31,221,239,190,211
1,<environment.Job instance at 0x7fecf39fba50>,93,3,[8 4],94,239,242,145,227
1,<environment.Job instance at 0x7fecf39fbf00>,98,17,[7 4],99,268,285,169,268
1,<environment.Job instance at 0x7fecf38ac870>,3,15,[6 3],4,6,21,2,6
1,<environment.Job instance at 0x7feca8a56aa0>,7,3,[7 1],8,21,24,13,8
1,<environment.Job instance at 0x7feca8a56050>,8,17,[10  3],9,26,43,17,26
1,<environment.Job instance at 0x7fecf321a3c0>,5,18,[7 5],6,43,61,37,34
1,<environment.Job instance at 0x7feca8b06780>,21,1,[8 5],22,61,62,39,45
1,<environment.Job instance at 0x7feca8b37a50>,20,14,[3 6],21,62,76,41,49
1,<environment.Job instance at 0x7feca8b065a0>,25,17,[7 1],26,62,79,36,53
1,<environment.Job instance at 0x7fecf2f2b6e0>,29,14,[10  1],30,79,93,49,65
1,<environment.Job instance at 0x7fecf2ebb140>,31,14,[10  4],32,93,107,61,78
1,<environment.Job instance at 0x7fecec82ef50>,37,14,[6 2],38,107,121,69,92
1,<environment.Job instance at 0x7fecec82e9b0>,40,12,[8 1],41,121,133,80,108
1,<environment.Job instance at 0x7fecec976f50>,42,18,[5 1],43,133,151,90,122
1,<environment.Job instance at 0x7fecec565d70>,47,12,[ 4 10],48,151,163,103,140
1,<environment.Job instance at 0x7fecf2f2a910>,53,2,[ 4 10],54,163,165,109,143
1,<environment.Job instance at 0x7fecec463b40>,57,2,[8 4],58,165,167,107,154
1,<environment.Job instance at 0x7fecec8b9e10>,60,3,[9 5],61,167,170,106,154
1,<environment.Job instance at 0x7fecec8b98c0>,61,13,[1 7],62,170,183,108,154
1,<environment.Job instance at 0x7feca8c2ea50>,66,12,[7 1],67,170,182,103,165
1,<environment.Job instance at 0x7fecf32af190>,32,18,[5 5],33,183,201,150,172
1,<environment.Job instance at 0x7feca8b375a0>,19,15,[ 1 10],20,201,216,181,195
1,<environment.Job instance at 0x7feca8c2ee60>,79,14,[3 7],80,216,230,136,206
1,<environment.Job instance at 0x7fecec461550>,80,15,[9 4],81,230,245,149,217
1,<environment.Job instance at 0x7feca8d5a5a0>,1,2,[2 6],2,3,5,1,3
1,<environment.Job instance at 0x7feca8add5f0>,11,14,[7 1],12,28,42,16,28
1,<environment.Job instance at 0x7fecf2e1c7d0>,4,17,[6 5],5,42,59,37,30
1,<environment.Job instance at 0x7fecec57a280>,16,15,[9 5],17,59,74,42,50
1,<environment.Job instance at 0x7fecec57adc0>,20,16,[5 1],21,74,90,53,62
1,<environment.Job instance at 0x7fecec57a0a0>,22,17,[4 5],23,74,91,51,67
1,<environment.Job instance at 0x7feca8c2dfa0>,27,18,[10  5],28,132,150,104,132
1,<environment.Job instance at 0x7fecf2c65230>,32,2,[ 2 10],33,150,152,117,135
1,<environment.Job instance at 0x7fecf2c65d70>,33,15,[7 2],34,152,167,118,139
1,<environment.Job instance at 0x7fecf2c65730>,41,18,[4 8],42,170,188,128,170
1,<environment.Job instance at 0x7fecf2c65640>,43,15,[10  4],44,188,203,144,176
1,<environment.Job instance at 0x7fecf2c65be0>,46,15,[ 5 10],47,203,218,156,192
1,<environment.Job instance at 0x7feca8db2b90>,51,13,[5 8],52,218,231,166,202
1,<environment.Job instance at 0x7feca8d16be0>,53,18,[ 4 10],54,231,249,177,221
1,<environment.Job instance at 0x7feca8aad0a0>,57,15,[ 5 10],58,249,264,191,236
1,<environment.Job instance at 0x7fecf3204c30>,61,16,[ 4 10],62,264,280,202,251
1,<environment.Job instance at 0x7fecec2f9460>,65,16,[4 6],66,280,296,214,268
1,<environment.Job instance at 0x7fecf3200780>,69,16,[2 8],70,296,312,226,285
1,<environment.Job instance at 0x7fecf321c820>,73,18,[ 5 10],74,312,330,238,308
1,<environment.Job instance at 0x7fecf321c280>,76,18,[4 6],77,330,348,253,320
1,<environment.Job instance at 0x7fecf321c0a0>,79,12,[5 7],80,348,360,268,338
1,<environment.Job instance at 0x7fecf3217050>,83,17,[10  5],84,365,382,281,365
1,<environment.Job instance at 0x7fecec57a370>,3,14,[5 5],4,5,19,1,5
1,<environment.Job instance at 0x7fecec916f00>,7,16,[5 8],8,19,35,11,16
1,<environment.Job instance at 0x7fecec543780>,6,13,[3 7],7,35,48,28,25
1,<environment.Job instance at 0x7feca8ab9a00>,14,14,[10  4],15,48,62,33,38
1,<environment.Job instance at 0x7feca8c15190>,18,12,[10  1],19,62,74,43,45
1,<environment.Job instance at 0x7feca8ab9730>,15,12,[ 3 10],16,74,86,58,62
1,<environment.Job instance at 0x7feca8bcd870>,25,12,[5 9],26,86,98,60,70
1,<environment.Job instance at 0x7feca8bcd780>,27,17,[8 2],28,98,115,70,87
1,<environment.Job instance at 0x7feca8bcd960>,28,17,[1 6],29,98,115,69,90
1,<environment.Job instance at 0x7feca8ab93c0>,16,12,[9 4],17,115,127,98,102
1,<environment.Job instance at 0x7fecec6e6820>,37,16,[3 5],38,127,143,89,114
1,<environment.Job instance at 0x7fecf2cfc460>,40,13,[6 4],41,127,140,86,115
1,<environment.Job instance at 0x7fecf2cfc0a0>,44,17,[8 3],45,143,160,98,132
1,<environment.Job instance at 0x7fecf307cc30>,48,15,[8 3],49,160,175,111,146
1,<environment.Job instance at 0x7fecf307cfa0>,51,16,[5 3],52,175,191,123,164
1,<environment.Job instance at 0x7fecf307cf00>,60,18,[9 2],61,191,209,130,190
1,<environment.Job instance at 0x7fecec908d20>,64,12,[7 4],65,209,221,144,192
1,<environment.Job instance at 0x7fecec9085f0>,1,16,[6 5],2,3,19,1,3
1,<environment.Job instance at 0x7fecec916e60>,5,16,[6 5],6,19,35,13,7
1,<environment.Job instance at 0x7fecec216e10>,15,3,[5 7],16,35,38,19,16
1,<environment.Job instance at 0x7fecec6e6f50>,8,15,[1 8],9,38,53,29,24
1,<environment.Job instance at 0x7fecf31d17d0>,21,14,[6 1],22,38,52,16,24
1,<environment.Job instance at 0x7fecec7de6e0>,26,14,[7 5],27,53,67,26,38
1,<environment.Job instance at 0x7fecec6b3370>,30,18,[5 5],31,67,85,36,57
1,<environment.Job instance at 0x7fecf2e6ca50>,36,12,[8 3],37,85,97,48,69
1,<environment.Job instance at 0x7fecf3888280>,34,16,[7 5],35,97,113,62,84
1,<environment.Job instance at 0x7fecec35b690>,47,3,[8 3],48,113,116,65,92
1,<environment.Job instance at 0x7fecec40e280>,52,18,[9 2],53,116,134,63,105
1,<environment.Job instance at 0x7fecec40e780>,54,14,[5 9],55,134,148,79,119
1,<environment.Job instance at 0x7fecec7b4c30>,61,14,[1 5],62,120,134,58,120
1,<environment.Job instance at 0x7fecec7b4140>,63,3,[2 6],64,148,151,84,123
1,<environment.Job instance at 0x7fecec5990a0>,67,17,[5 5],68,151,168,83,139
1,<environment.Job instance at 0x7fecec599e10>,66,18,[ 2 10],67,168,186,101,157
1,<environment.Job instance at 0x7fecec80a370>,72,17,[1 5],73,186,203,113,174
1,<environment.Job instance at 0x7fecec3f6820>,69,14,[8 5],70,186,200,116,176
1,<environment.Job instance at 0x7fecec339050>,75,1,[ 1 10],76,203,204,127,177
1,<environment.Job instance at 0x7fecec426a00>,80,18,[5 4],81,229,247,148,229
1,<environment.Job instance at 0x7fecec3395a0>,76,13,[5 9],77,247,260,170,232
1,<environment.Job instance at 0x7fecec8612d0>,87,3,[5 6],88,232,235,144,232
1,<environment.Job instance at 0x7fecec5400f0>,93,3,[7 2],94,260,263,166,248
1,<environment.Job instance at 0x7fecec3f25a0>,94,13,[5 8],95,263,276,168,248
1,<environment.Job instance at 0x7fecec3f24b0>,96,18,[1 5],97,276,294,179,265
1,<environment.Job instance at 0x7fecf2dde5f0>,98,17,[7 5],99,276,293,177,272
1,<environment.Job instance at 0x7fecec855460>,101,16,[2 5],102,293,309,191,282
1,<environment.Job instance at 0x7fecec3c0460>,105,15,[5 4],106,294,309,188,288
1,<environment.Job instance at 0x7fecf2d78be0>,100,17,[10  1],101,309,326,208,300
1,<environment.Job instance at 0x7fecec3c0780>,110,18,[4 5],111,326,344,215,315
1,<environment.Job instance at 0x7fecec3c00a0>,113,13,[9 3],114,344,357,230,329
1,<environment.Job instance at 0x7fecec3c0af0>,116,14,[5 4],117,357,371,240,342
1,<environment.Job instance at 0x7feca8bc5e10>,126,1,[6 4],127,371,372,244,367
1,<environment.Job instance at 0x7feca8bc5730>,127,2,[3 8],128,372,374,244,367
1,<environment.Job instance at 0x7feca8bc5730>,3,13,[6 4],4,6,19,2,6
1,<environment.Job instance at 0x7fecec43d320>,4,12,[10  3],5,19,31,14,10
1,<environment.Job instance at 0x7fecec4069b0>,6,16,[2 7],7,31,47,24,18
1,<environment.Job instance at 0x7fecec6c80f0>,15,15,[1 6],16,47,62,31,34
1,<environment.Job instance at 0x7fecec6c81e0>,14,17,[10  5],15,62,79,47,52
1,<environment.Job instance at 0x7fecec908230>,30,15,[6 2],31,79,94,48,65
1,<environment.Job instance at 0x7fecec3f28c0>,34,16,[8 5],35,94,110,59,81
1,<environment.Job instance at 0x7feca8a62500>,37,14,[ 5 10],38,110,124,72,101
1,<environment.Job instance at 0x7feca8a62280>,42,16,[9 3],43,124,140,81,111
1,<environment.Job instance at 0x7fecec2165f0>,2,16,[1 9],3,140,156,137,130
1,<environment.Job instance at 0x7feca8b70500>,52,14,[6 1],53,140,154,87,136
1,<environment.Job instance at 0x7feca8b705a0>,56,3,[10  1],57,156,159,99,138
1,<environment.Job instance at 0x7feca8b70910>,57,15,[7 2],58,159,174,101,145
1,<environment.Job instance at 0x7feca8b70eb0>,62,18,[3 6],63,166,184,103,166
1,<environment.Job instance at 0x7fecf3296140>,65,16,[2 7],66,184,200,118,172
1,<environment.Job instance at 0x7fecf32960f0>,68,18,[8 3],69,184,202,115,175
1,<environment.Job instance at 0x7fecf32961e0>,69,15,[6 5],70,202,217,132,188
1,<environment.Job instance at 0x7fecf32965a0>,73,18,[6 3],74,217,235,143,210
1,<environment.Job instance at 0x7fecf3296640>,74,17,[10  3],75,235,252,160,226
1,<environment.Job instance at 0x7fecec43d870>,6,3,[2 5],7,7,10,0,7
1,<environment.Job instance at 0x7fecf2d9a500>,15,3,[4 8],16,16,19,0,16
1,<environment.Job instance at 0x7fecf2d9ab40>,10,12,[10  4],11,30,42,19,30
1,<environment.Job instance at 0x7fecf2d8ee10>,23,14,[1 8],24,42,56,18,37
1,<environment.Job instance at 0x7feca8ab7eb0>,25,15,[5 1],26,42,57,16,37
1,<environment.Job instance at 0x7feca8ab7cd0>,24,12,[3 9],25,56,68,31,39
1,<environment.Job instance at 0x7feca871af50>,33,15,[8 4],34,68,83,34,56
1,<environment.Job instance at 0x7fecf3715b90>,40,16,[6 2],41,83,99,42,71
1,<environment.Job instance at 0x7fecf344a410>,47,13,[7 4],48,99,112,51,84
1,<environment.Job instance at 0x7fecec5e7eb0>,50,13,[10  1],51,112,125,61,99
1,<environment.Job instance at 0x7feca8e30730>,54,1,[6 5],55,125,126,70,105
1,<environment.Job instance at 0x7feca8e30e10>,55,13,[6 4],56,126,139,70,110
1,<environment.Job instance at 0x7feca8e05f50>,44,14,[10  4],45,139,153,94,127
1,<environment.Job instance at 0x7feca8b77c80>,61,14,[2 7],62,153,167,91,153
1,<environment.Job instance at 0x7feca8b77a00>,66,16,[5 2],67,155,171,88,155
1,<environment.Job instance at 0x7feca8c442d0>,72,15,[ 3 10],73,174,189,101,174
1,<environment.Job instance at 0x7fecec8a7910>,75,14,[2 9],76,189,203,113,178
1,<environment.Job instance at 0x7fecec8a74b0>,77,12,[ 3 10],78,205,217,127,205
1,<environment.Job instance at 0x7fecec8a75f0>,84,13,[10  5],85,218,231,133,218
1,<environment.Job instance at 0x7fecec8a7be0>,85,14,[10  1],86,231,245,145,223
1,<environment.Job instance at 0x7fecec2df5a0>,91,16,[2 6],92,245,261,153,239
1,<environment.Job instance at 0x7fecec2df5f0>,92,17,[8 1],93,245,262,152,239
1,<environment.Job instance at 0x7fecec2adcd0>,0,2,[2 6],1,5,7,4,5
1,<environment.Job instance at 0x7fecf2ded870>,2,2,[2 8],3,7,9,4,7
1,<environment.Job instance at 0x7fecec43d410>,6,2,[5 5],7,9,11,2,8
1,<environment.Job instance at 0x7fecec24e230>,14,17,[10  4],15,16,33,1,16
1,<environment.Job instance at 0x7fecec8b94b0>,20,13,[8 3],21,33,46,12,21
1,<environment.Job instance at 0x7fecf3588b90>,3,18,[4 9],4,46,64,42,35
1,<environment.Job instance at 0x7fecf2c98410>,29,15,[6 1],30,46,61,16,36
1,<environment.Job instance at 0x7fecf2ee7b40>,30,17,[2 8],31,64,81,33,52
1,<environment.Job instance at 0x7feca8979460>,37,18,[7 1],38,65,83,27,65
1,<environment.Job instance at 0x7feca89aea00>,32,12,[10  3],33,83,95,50,69
1,<environment.Job instance at 0x7feca89ae460>,38,16,[10  3],39,95,111,56,83
1,<environment.Job instance at 0x7fecf2db7b40>,47,2,[5 8],48,111,113,63,85
1,<environment.Job instance at 0x7fecec756f50>,48,12,[ 3 10],49,113,125,64,96
1,<environment.Job instance at 0x7fecf2eca1e0>,52,17,[1 6],53,125,142,72,113
1,<environment.Job instance at 0x7feca8a5d5f0>,67,15,[1 7],68,158,173,90,158
1,<environment.Job instance at 0x7feca8a5d690>,68,18,[5 6],69,173,191,104,166
1,<environment.Job instance at 0x7feca8800f50>,75,16,[10  2],76,201,217,125,201
1,<environment.Job instance at 0x7fecf2fa9780>,77,12,[4 7],78,217,229,139,201
1,<environment.Job instance at 0x7fecec7b45a0>,81,2,[10  5],82,229,231,147,220
1,<environment.Job instance at 0x7feca8d26690>,86,18,[3 5],87,231,249,144,221
1,<environment.Job instance at 0x7feca892b320>,88,14,[7 5],89,231,245,142,230
1,<environment.Job instance at 0x7fecf2e0a910>,8,3,[6 2],9,10,13,1,10
1,<environment.Job instance at 0x7fecf2ded5a0>,1,17,[3 6],2,11,28,9,11
1,<environment.Job instance at 0x7feca8a5dd20>,14,17,[6 1],15,17,34,2,17
1,<environment.Job instance at 0x7fecec35b6e0>,16,17,[3 7],17,28,45,11,21
1,<environment.Job instance at 0x7fecec35baf0>,20,14,[7 4],21,45,59,24,31
1,<environment.Job instance at 0x7fecf315ae10>,27,15,[5 1],28,59,74,31,48
1,<environment.Job instance at 0x7fecec35ba50>,30,12,[ 4 10],31,74,86,43,58
1,<environment.Job instance at 0x7feca8a79050>,31,17,[6 1],32,86,103,54,74
1,<environment.Job instance at 0x7fecf2e9b870>,45,1,[4 6],46,99,100,53,99
1,<environment.Job instance at 0x7fecf2e9ba50>,51,1,[9 3],52,129,130,77,129
1,<environment.Job instance at 0x7fecf2e9b7d0>,49,15,[3 6],50,130,145,80,129
1,<environment.Job instance at 0x7fecf308efa0>,57,3,[9 4],58,145,148,87,131
1,<environment.Job instance at 0x7fecf308ee60>,58,14,[9 3],59,148,162,89,133
1,<environment.Job instance at 0x7fecf3088280>,63,3,[9 5],64,162,165,98,147
1,<environment.Job instance at 0x7fecf30884b0>,64,16,[5 8],65,165,181,100,153
1,<environment.Job instance at 0x7fecf3088730>,68,12,[3 8],69,181,193,112,164
1,<environment.Job instance at 0x7fecf30888c0>,70,13,[8 2],71,193,206,122,177
1,<environment.Job instance at 0x7fecf3088960>,72,13,[1 7],73,193,206,120,177
1,<environment.Job instance at 0x7fecf3088640>,74,13,[6 5],75,206,219,131,191
1,<environment.Job instance at 0x7fecf3088820>,77,2,[10  1],78,219,221,141,194
1,<environment.Job instance at 0x7fecf3088f50>,81,3,[3 8],82,221,224,139,206
1,<environment.Job instance at 0x7fecf30886e0>,69,16,[ 3 10],70,224,240,154,211
1,<environment.Job instance at 0x7fecf30866e0>,91,12,[9 4],92,240,252,148,224
1,<environment.Job instance at 0x7fecf30868c0>,94,13,[6 5],95,252,265,157,241
1,<environment.Job instance at 0x7fecf3086c80>,99,15,[10  5],100,265,280,165,252
1,<environment.Job instance at 0x7fecf3068050>,102,15,[4 9],103,280,295,177,268
1,<environment.Job instance at 0x7fecf30684b0>,109,16,[ 1 10],110,295,311,185,285
1,<environment.Job instance at 0x7fecf3086320>,85,17,[5 8],86,311,328,225,300
1,<environment.Job instance at 0x7fecf3068910>,116,12,[10  3],117,328,340,211,313
1,<environment.Job instance at 0x7fecf3068cd0>,122,18,[10  3],123,340,358,217,330
1,<environment.Job instance at 0x7fecf3056280>,128,1,[2 6],129,358,359,229,346
1,<environment.Job instance at 0x7fecf30566e0>,129,12,[1 5],130,359,371,229,346
1,<environment.Job instance at 0x7fecf3056910>,132,13,[3 6],133,371,384,238,356
1,<environment.Job instance at 0x7fecf3056b40>,133,17,[7 2],134,358,375,224,356
1,<environment.Job instance at 0x7fecf3056f00>,141,3,[10  5],142,384,387,242,382
1,<environment.Job instance at 0x7fecf3056870>,142,18,[1 6],143,387,405,244,382
1,<environment.Job instance at 0x7fecf3056aa0>,143,17,[10  3],144,405,422,261,394
1,<environment.Job instance at 0x7fecf3085370>,146,13,[4 6],147,422,435,275,406
1,<environment.Job instance at 0x7feca8a3e960>,152,17,[6 3],153,422,439,269,411
1,<environment.Job instance at 0x7fecec5c70a0>,163,13,[6 5],164,453,466,289,453
1,<environment.Job instance at 0x7feca8a13730>,165,2,[3 7],166,466,468,300,453
1,<environment.Job instance at 0x7fecec5c7320>,166,3,[1 5],167,454,457,287,454
1,<environment.Job instance at 0x7fecec5c74b0>,167,18,[4 5],168,468,486,300,457
1,<environment.Job instance at 0x7fecec1e55a0>,168,15,[5 4],169,468,483,299,458
1,<environment.Job instance at 0x7fecec35b690>,1,2,[5 3],2,2,4,0,2
1,<environment.Job instance at 0x7fecec2168c0>,2,1,[5 5],3,3,4,0,3
1,<environment.Job instance at 0x7fecec216320>,3,12,[9 4],4,5,17,1,5
1,<environment.Job instance at 0x7fecec25c4b0>,5,3,[2 6],6,17,20,11,7
1,<environment.Job instance at 0x7fecf30565f0>,6,15,[5 2],7,17,32,10,8
1,<environment.Job instance at 0x7feca8857eb0>,9,13,[4 9],10,32,45,22,16
1,<environment.Job instance at 0x7feca8857640>,11,13,[ 1 10],12,45,58,33,29
1,<environment.Job instance at 0x7feca8d26320>,21,17,[5 4],22,58,75,36,50
1,<environment.Job instance at 0x7feca8d260a0>,25,12,[2 6],26,58,70,32,51
1,<environment.Job instance at 0x7fecf2db7500>,27,12,[3 7],28,75,87,47,65
1,<environment.Job instance at 0x7fecf2db75f0>,28,16,[7 1],29,75,91,46,66
1,<environment.Job instance at 0x7fecf2db7aa0>,29,15,[ 4 10],30,91,106,61,77
1,<environment.Job instance at 0x7feca88571e0>,15,13,[ 3 10],16,106,119,90,95
1,<environment.Job instance at 0x7fecf2db76e0>,34,13,[7 1],35,119,132,84,105
1,<environment.Job instance at 0x7fecf2db7410>,36,12,[4 6],37,132,144,95,118
1,<environment.Job instance at 0x7feca89a53c0>,38,12,[3 9],39,144,156,105,133
1,<environment.Job instance at 0x7feca89a5690>,44,15,[6 3],45,156,171,111,147
1,<environment.Job instance at 0x7feca89a51e0>,46,16,[2 9],47,171,187,124,161
1,<environment.Job instance at 0x7fecf2ee9dc0>,59,13,[3 8],60,187,200,127,184
1,<environment.Job instance at 0x7fecec35bd70>,0,16,[10  3],1,200,216,199,191
1,<environment.Job instance at 0x7fecec7b4550>,67,15,[5 1],68,216,231,148,204
1,<environment.Job instance at 0x7feca89a5500>,43,17,[10  3],44,231,248,187,221
1,<environment.Job instance at 0x7fecec855fa0>,75,12,[6 4],76,248,260,172,237
1,<environment.Job instance at 0x7fecec8555f0>,77,14,[7 4],78,260,274,182,246
1,<environment.Job instance at 0x7fecec855d70>,76,14,[ 2 10],77,274,288,197,260
1,<environment.Job instance at 0x7fecf2f238c0>,83,1,[6 5],84,288,289,204,260
1,<environment.Job instance at 0x7fecf2f239b0>,85,18,[2 9],86,289,307,203,281
1,<environment.Job instance at 0x7fecec3b3eb0>,88,13,[5 2],89,307,320,218,291
1,<environment.Job instance at 0x7fecec3b3730>,89,17,[1 5],90,307,324,217,299
1,<environment.Job instance at 0x7fecf2fcda00>,4,2,[2 7],5,5,7,0,5
1,<environment.Job instance at 0x7fecec268cd0>,8,12,[7 2],9,9,21,0,9
1,<environment.Job instance at 0x7fecec31eb40>,10,2,[2 6],11,11,13,0,11
1,<environment.Job instance at 0x7fecf33d2c80>,5,17,[9 1],6,21,38,15,12
1,<environment.Job instance at 0x7fecf2e0a410>,1,16,[1 7],2,15,31,13,15
1,<environment.Job instance at 0x7fecec87ceb0>,16,3,[ 3 10],17,38,41,21,21
1,<environment.Job instance at 0x7fecf33d2410>,6,12,[3 9],7,41,53,34,27
1,<environment.Job instance at 0x7fecec87cb40>,21,3,[10  1],22,53,56,31,32
1,<environment.Job instance at 0x7fecf3213690>,17,18,[1 8],18,56,74,38,47
1,<environment.Job instance at 0x7fecec87caa0>,20,18,[8 3],21,74,92,53,63
1,<environment.Job instance at 0x7feca869b050>,33,13,[3 7],34,92,105,58,77
1,<environment.Job instance at 0x7fecec2874b0>,37,17,[4 9],38,105,122,67,93
1,<environment.Job instance at 0x7fecec287cd0>,41,12,[8 5],42,122,134,80,107
1,<environment.Job instance at 0x7fecec287d70>,39,13,[10  2],40,134,147,94,123
1,<environment.Job instance at 0x7fecec287be0>,49,13,[10  2],50,147,160,97,138
1,<environment.Job instance at 0x7fecec2878c0>,51,14,[9 3],52,160,174,108,146
1,<environment.Job instance at 0x7fecf2f23a00>,56,13,[ 5 10],57,174,187,117,161
1,<environment.Job instance at 0x7fecf2f23550>,62,16,[1 7],63,187,203,124,175
1,<environment.Job instance at 0x7fecf2f230f0>,67,15,[10  1],68,203,218,135,189
1,<environment.Job instance at 0x7fecf3258410>,75,17,[8 3],76,218,235,142,209
1,<environment.Job instance at 0x7feca868b140>,82,18,[7 3],83,235,253,152,228
1,<environment.Job instance at 0x7fecec40e140>,90,15,[8 2],91,253,268,162,239
1,<environment.Job instance at 0x7fecec40eeb0>,92,15,[9 5],93,268,283,175,255
1,<environment.Job instance at 0x7fecec512b40>,96,16,[ 5 10],97,283,299,186,270
1,<environment.Job instance at 0x7fecec512d70>,98,18,[10  5],99,299,317,200,294
1,<environment.Job instance at 0x7fecec5122d0>,100,17,[6 4],101,317,334,216,311
1,<environment.Job instance at 0x7fecec5129b0>,106,15,[7 3],107,334,349,227,321
1,<environment.Job instance at 0x7fecec2abeb0>,111,12,[7 5],112,349,361,237,332
1,<environment.Job instance at 0x7fecec629140>,0,1,[7 5],1,1,2,0,1
1,<environment.Job instance at 0x7fecf2fe0550>,15,2,[3 8],16,16,18,0,16
1,<environment.Job instance at 0x7fecec287730>,8,17,[9 3],9,18,35,9,18
1,<environment.Job instance at 0x7fecec287140>,6,14,[4 9],7,35,49,28,21
1,<environment.Job instance at 0x7fecec96c640>,26,3,[6 3],27,49,52,22,30
1,<environment.Job instance at 0x7fecec53b4b0>,10,16,[ 1 10],11,52,68,41,39
1,<environment.Job instance at 0x7fecf2eac140>,29,15,[4 9],30,68,83,38,55
1,<environment.Job instance at 0x7fecf2d03460>,35,16,[3 7],36,83,99,47,71
1,<environment.Job instance at 0x7fecec672e60>,16,16,[10  2],17,99,115,82,86
1,<environment.Job instance at 0x7fecf2d038c0>,41,16,[1 7],42,115,131,73,102
1,<environment.Job instance at 0x7fecec2d9910>,45,12,[4 8],46,131,143,85,116
1,<environment.Job instance at 0x7fecec2d90a0>,48,14,[10  1],49,143,157,94,132
1,<environment.Job instance at 0x7fecec5c8cd0>,52,2,[8 5],53,157,159,104,138
1,<environment.Job instance at 0x7fecf2eacaa0>,31,17,[9 4],32,159,176,127,147
1,<environment.Job instance at 0x7fecec5c80f0>,56,17,[9 4],57,176,193,119,165
1,<environment.Job instance at 0x7fecec5d6230>,61,16,[4 7],62,193,209,131,180
1,<environment.Job instance at 0x7fecec5d6a00>,64,2,[3 9],65,209,211,144,194
1,<environment.Job instance at 0x7fecec5cb640>,66,3,[9 4],67,211,214,144,194
1,<environment.Job instance at 0x7fecec5cb0a0>,67,12,[6 5],68,214,226,146,197
1,<environment.Job instance at 0x7fecec5caa00>,71,3,[8 3],72,226,229,154,211
1,<environment.Job instance at 0x7fecec5ca1e0>,72,2,[9 2],73,229,231,156,211
1,<environment.Job instance at 0x7fecec5ca5f0>,73,18,[ 4 10],74,231,249,157,222
1,<environment.Job instance at 0x7fecf2d21f50>,80,15,[1 8],81,249,264,168,236
1,<environment.Job instance at 0x7feca895e410>,82,3,[8 3],83,264,267,181,239
1,<environment.Job instance at 0x7feca897a5f0>,83,2,[8 5],84,267,269,183,240
1,<environment.Job instance at 0x7fecec92cd20>,92,13,[9 5],93,269,282,176,262
1,<environment.Job instance at 0x7fecec92c5f0>,93,12,[ 3 10],94,282,294,188,265
1,<environment.Job instance at 0x7fecec480140>,101,16,[1 8],102,294,310,192,283
1,<environment.Job instance at 0x7fecf3246e10>,107,3,[4 8],108,310,313,202,306
1,<environment.Job instance at 0x7fecf31e52d0>,108,2,[5 4],109,313,315,204,306
1,<environment.Job instance at 0x7fecf31e5280>,109,1,[9 5],110,315,316,205,306
1,<environment.Job instance at 0x7fecf31e5500>,111,2,[2 5],112,313,315,201,306
1,<environment.Job instance at 0x7fecf31add20>,112,13,[8 1],113,316,329,203,306
1,<environment.Job instance at 0x7fecec31e410>,7,17,[10  4],8,332,349,324,332
1,<environment.Job instance at 0x7feca8c4b140>,119,14,[8 1],120,381,395,261,381
1,<environment.Job instance at 0x7feca8c5af00>,124,12,[4 9],125,395,407,270,394
1,<environment.Job instance at 0x7feca8c5a320>,125,12,[2 6],126,407,419,281,394
1,<environment.Job instance at 0x7feca8c5a780>,137,17,[2 8],138,419,436,281,409
1,<environment.Job instance at 0x7feca8c5ad70>,140,1,[6 3],141,417,418,276,417
1,<environment.Job instance at 0x7feca8c5a500>,141,18,[8 2],142,418,436,276,418
1,<environment.Job instance at 0x7fecf39fb410>,142,16,[ 1 10],143,436,452,293,425
1,<environment.Job instance at 0x7fecf39fbd20>,145,14,[5 5],146,452,466,306,437
1,<environment.Job instance at 0x7fecec527dc0>,150,15,[10  4],151,466,481,315,455
1,<environment.Job instance at 0x7feca87ad050>,153,17,[7 4],154,481,498,327,469
1,<environment.Job instance at 0x7feca87adf50>,159,13,[5 3],160,715,728,555,715
1,<environment.Job instance at 0x7fecec5d6d20>,2,2,[10  5],3,3,5,0,3
1,<environment.Job instance at 0x7feca8c5a050>,3,1,[2 5],4,5,6,1,4
1,<environment.Job instance at 0x7feca87b5e10>,5,3,[6 5],6,6,9,0,6
1,<environment.Job instance at 0x7fecf3086fa0>,6,15,[5 8],7,9,24,2,8
1,<environment.Job instance at 0x7fecec26ba00>,11,18,[4 5],12,24,42,12,15
1,<environment.Job instance at 0x7feca85bc910>,20,15,[5 5],21,25,40,4,25
1,<environment.Job instance at 0x7feca85bc3c0>,22,14,[4 6],23,42,56,19,28
1,<environment.Job instance at 0x7fecf3144e60>,0,14,[5 6],1,56,70,55,41
1,<environment.Job instance at 0x7feca84a1050>,25,18,[1 6],26,70,88,44,59
1,<environment.Job instance at 0x7feca844c910>,31,18,[9 3],32,70,88,38,59
1,<environment.Job instance at 0x7fecec8aeaa0>,41,14,[1 7],42,88,102,46,76
1,<environment.Job instance at 0x7feca85bc5f0>,19,18,[6 5],20,102,120,82,101
1,<environment.Job instance at 0x7fecf33ed0a0>,32,17,[4 8],33,120,137,87,110
1,<environment.Job instance at 0x7fecf2d8ec80>,49,15,[10  3],50,139,154,89,139
1,<environment.Job instance at 0x7fecf2d767d0>,59,14,[9 3],60,154,168,94,144
1,<environment.Job instance at 0x7fecf340df50>,61,14,[7 4],62,168,182,106,156
1,<environment.Job instance at 0x7feca861b140>,62,12,[2 8],63,182,194,119,165
1,<environment.Job instance at 0x7feca861b5f0>,65,14,[1 5],66,168,182,102,168
1,<environment.Job instance at 0x7feca861b960>,69,16,[ 5 10],70,194,210,124,193
1,<environment.Job instance at 0x7fecec6f65a0>,35,15,[2 7],36,210,225,174,197
1,<environment.Job instance at 0x7fecf2c89b40>,78,17,[8 1],79,253,270,174,253
1,<environment.Job instance at 0x7fecec97ad20>,84,20,[1 9],85,258,278,173,258
1,<environment.Job instance at 0x7fecec97a190>,86,2,[4 9],87,278,280,191,258
1,<environment.Job instance at 0x7fecec698fa0>,90,3,[6 2],91,280,283,189,273
1,<environment.Job instance at 0x7feca85f84b0>,91,16,[5 8],92,283,299,191,275
1,<environment.Job instance at 0x7feca8cc4a00>,101,14,[1 6],102,324,338,222,324
1,<environment.Job instance at 0x7feca8cc4140>,102,16,[1 9],103,338,354,235,328
1,<environment.Job instance at 0x7fecec287190>,0,2,[1 7],1,3,5,2,3
1,<environment.Job instance at 0x7feca8c7c410>,2,17,[7 2],3,4,21,1,4
1,<environment.Job instance at 0x7fecec70f910>,3,14,[7 2],4,21,35,17,6
1,<environment.Job instance at 0x7fecec70f1e0>,9,16,[ 4 10],10,35,51,25,22
1,<environment.Job instance at 0x7fecec70fc80>,8,18,[8 3],9,51,69,42,40
1,<environment.Job instance at 0x7fecec43a500>,25,3,[7 4],26,69,72,43,47
1,<environment.Job instance at 0x7fecec43a960>,30,3,[9 5],31,72,75,41,60
1,<environment.Job instance at 0x7fecec43ab40>,27,17,[6 2],28,75,92,47,65
1,<environment.Job instance at 0x7fecf331ce10>,37,16,[6 5],38,92,108,54,79
1,<environment.Job instance at 0x7fecec70fdc0>,17,13,[ 5 10],18,108,121,90,94
1,<environment.Job instance at 0x7feca84f2730>,48,14,[5 1],49,121,135,72,112
1,<environment.Job instance at 0x7fecec43a3c0>,31,18,[1 9],32,121,139,89,114
1,<environment.Job instance at 0x7feca8414be0>,49,12,[6 2],50,139,151,89,122
1,<environment.Job instance at 0x7feca84149b0>,53,13,[8 5],54,151,164,97,137
1,<environment.Job instance at 0x7feca8414050>,60,18,[7 4],61,164,182,103,155
1,<environment.Job instance at 0x7feca8414410>,56,16,[4 8],57,182,198,125,171
1,<environment.Job instance at 0x7feca8416410>,70,2,[7 3],71,198,200,127,177
1,<environment.Job instance at 0x7feca84f2550>,45,17,[10  2],46,200,217,154,188
1,<environment.Job instance at 0x7feca8416870>,73,12,[ 1 10],74,217,229,143,203
1,<environment.Job instance at 0x7feca84165a0>,78,14,[6 1],79,229,243,150,214
1,<environment.Job instance at 0x7feca841f3c0>,85,12,[6 2],86,243,255,157,232
1,<environment.Job instance at 0x7feca841f280>,93,3,[10  2],94,255,258,161,250
1,<environment.Job instance at 0x7feca841f4b0>,95,12,[8 2],96,258,270,162,250
1,<environment.Job instance at 0x7feca8542500>,109,13,[7 4],110,299,312,189,299
1,<environment.Job instance at 0x7feca8542d20>,5,3,[3 5],6,6,9,0,6
1,<environment.Job instance at 0x7feca8c7c0f0>,8,15,[4 7],9,12,27,3,12
1,<environment.Job instance at 0x7feca854d8c0>,11,14,[5 4],12,27,41,15,13
1,<environment.Job instance at 0x7fecf3234b40>,17,15,[3 7],18,41,56,23,31
1,<environment.Job instance at 0x7fecec87ca00>,20,14,[6 3],21,41,55,20,37
1,<environment.Job instance at 0x7fecec6cddc0>,22,14,[2 8],23,56,70,33,41
1,<environment.Job instance at 0x7feca876fe10>,28,3,[7 4],29,70,73,41,54
1,<environment.Job instance at 0x7feca876fcd0>,29,18,[7 3],30,73,91,43,62
1,<environment.Job instance at 0x7feca86151e0>,32,16,[1 7],33,73,89,40,68
1,<environment.Job instance at 0x7fecec8cb640>,10,17,[9 5],11,91,108,80,80
1,<environment.Job instance at 0x7fecec629550>,6,14,[2 9],7,124,138,117,124
1,<environment.Job instance at 0x7fecf377faf0>,40,13,[5 2],41,138,151,97,133
1,<environment.Job instance at 0x7feca84e2c80>,50,18,[5 7],51,138,156,87,136
1,<environment.Job instance at 0x7feca840eb90>,47,12,[6 5],48,156,168,108,141
1,<environment.Job instance at 0x7feca84e25f0>,52,14,[5 8],53,168,182,115,154
1,<environment.Job instance at 0x7feca86d9370>,58,14,[9 1],59,182,196,123,167
1,<environment.Job instance at 0x7feca86d1230>,61,17,[1 7],62,182,199,120,178
1,<environment.Job instance at 0x7feca86d16e0>,66,3,[10  3],67,199,202,132,185
1,<environment.Job instance at 0x7feca86d1c30>,67,13,[6 5],68,202,215,134,188
1,<environment.Job instance at 0x7feca86d15a0>,69,14,[2 5],70,202,216,132,200
1,<environment.Job instance at 0x7feca86d93c0>,57,18,[10  1],58,216,234,158,205
1,<environment.Job instance at 0x7feca86cc230>,73,18,[5 9],74,234,252,160,224
1,<environment.Job instance at 0x7feca86cc4b0>,75,14,[ 2 10],76,252,266,176,241
1,<environment.Job instance at 0x7feca86d8780>,86,13,[4 6],87,266,279,179,251
1,<environment.Job instance at 0x7fecec418320>,82,18,[10  5],83,279,297,196,268
1,<environment.Job instance at 0x7feca8ad0320>,96,3,[10  2],97,297,300,200,295
1,<environment.Job instance at 0x7fecec4c6b40>,99,16,[9 2],100,329,345,229,329
1,<environment.Job instance at 0x7fecec4c6910>,103,14,[5 6],104,345,359,241,337
1,<environment.Job instance at 0x7fecec419730>,107,13,[1 7],108,359,372,251,344
1,<environment.Job instance at 0x7fecec4bde60>,110,16,[5 4],111,375,391,264,375
1,<environment.Job instance at 0x7fecec4bd460>,112,3,[7 3],113,391,394,278,375
1,<environment.Job instance at 0x7fecec4bd5f0>,113,13,[7 2],114,394,407,280,381
1,<environment.Job instance at 0x7fecec4bda50>,115,16,[3 6],116,394,410,278,394
1,<environment.Job instance at 0x7feca8afda00>,118,15,[8 3],119,410,425,291,400
1,<environment.Job instance at 0x7feca8afdfa0>,119,16,[8 1],120,425,441,305,413
1,<environment.Job instance at 0x7fecec4c9c80>,124,15,[ 2 10],125,479,494,354,479
1,<environment.Job instance at 0x7fecec4c9640>,129,15,[6 5],130,494,509,364,482
1,<environment.Job instance at 0x7fecec4c99b0>,134,13,[10  1],135,509,522,374,502
1,<environment.Job instance at 0x7feca854f9b0>,140,14,[7 1],141,540,554,399,540
1,<environment.Job instance at 0x7feca8ae3870>,144,12,[6 1],145,564,576,419,564
1,<environment.Job instance at 0x7feca8af7e60>,145,14,[ 4 10],146,576,590,430,564
1,<environment.Job instance at 0x7feca8af77d0>,154,13,[8 5],155,590,603,435,588
1,<environment.Job instance at 0x7feca8af7d20>,156,15,[10  1],157,603,618,446,601
1,<environment.Job instance at 0x7feca8af7b40>,158,15,[4 7],159,618,633,459,610
1,<environment.Job instance at 0x7feca8aef550>,162,18,[3 8],163,633,651,470,632
1,<environment.Job instance at 0x7feca8af6c80>,169,14,[9 5],170,651,665,481,643
1,<environment.Job instance at 0x7feca8ae0e10>,172,3,[8 1],173,665,668,492,650
1,<environment.Job instance at 0x7feca8ae0f00>,173,18,[5 6],174,668,686,494,658
1,<environment.Job instance at 0x7feca8ae3820>,1,2,[5 5],2,3,5,1,3
1,<environment.Job instance at 0x7feca8ae5be0>,3,3,[10  2],4,5,8,1,4
1,<environment.Job instance at 0x7feca8cddcd0>,4,13,[8 4],5,8,21,3,5
1,<environment.Job instance at 0x7feca8ae5e10>,5,1,[8 1],6,21,22,15,6
1,<environment.Job instance at 0x7feca89079b0>,12,14,[5 8],13,22,36,9,13
1,<environment.Job instance at 0x7fecec43a870>,20,16,[6 1],21,37,53,16,37
1,<environment.Job instance at 0x7fecf3272a00>,26,15,[6 2],27,55,70,28,55
1,<environment.Job instance at 0x7fecec7e5320>,8,17,[ 2 10],9,70,87,61,59
1,<environment.Job instance at 0x7fecf2f08f00>,37,18,[3 8],38,87,105,49,84
1,<environment.Job instance at 0x7fecf3246fa0>,38,3,[8 2],39,105,108,66,84
1,<environment.Job instance at 0x7fecf2f08c80>,41,15,[7 5],42,108,123,66,96
1,<environment.Job instance at 0x7fecec92c5f0>,48,13,[1 5],49,185,198,136,185
1,<environment.Job instance at 0x7fecf2e4dd20>,55,14,[6 2],56,245,259,189,245
1,<environment.Job instance at 0x7fecf2e19cd0>,57,16,[7 4],58,266,282,208,266
1,<environment.Job instance at 0x7fecf3216460>,1,3,[7 5],2,2,5,0,2
1,<environment.Job instance at 0x7fecec527f50>,2,3,[8 5],3,5,8,2,3
1,<environment.Job instance at 0x7fecec512550>,4,2,[7 5],5,8,10,3,5
1,<environment.Job instance at 0x7fecf2f26d70>,6,3,[1 8],7,10,13,3,8
1,<environment.Job instance at 0x7feca8a70280>,5,14,[1 8],6,13,27,7,9
1,<environment.Job instance at 0x7fecf2fabfa0>,14,17,[4 7],15,27,44,12,18
1,<environment.Job instance at 0x7fecf2fab410>,19,16,[7 4],20,44,60,24,33
1,<environment.Job instance at 0x7fecf2fab190>,27,15,[2 8],28,60,75,32,46
1,<environment.Job instance at 0x7fecf2fab820>,10,18,[5 8],11,75,93,64,64
1,<environment.Job instance at 0x7feca84d4320>,35,3,[5 6],36,93,96,57,68
1,<environment.Job instance at 0x7feca84d4050>,38,15,[1 9],39,96,111,57,85
1,<environment.Job instance at 0x7fecec2640a0>,47,3,[5 5],48,111,114,63,90
1,<environment.Job instance at 0x7fecec2643c0>,49,17,[8 2],50,114,131,64,103
1,<environment.Job instance at 0x7fecec264500>,55,16,[1 6],56,114,130,58,111
1,<environment.Job instance at 0x7fecec264690>,56,13,[1 5],57,130,143,73,115
1,<environment.Job instance at 0x7feca85ee410>,61,2,[2 5],62,131,133,69,130
1,<environment.Job instance at 0x7feca85eeaf0>,62,17,[5 5],63,133,150,70,130
1,<environment.Job instance at 0x7feca84d4780>,39,17,[4 9],40,150,167,110,141
1,<environment.Job instance at 0x7feca85ee280>,65,14,[9 1],66,167,181,101,153
1,<environment.Job instance at 0x7feca847abe0>,70,18,[5 7],71,181,199,110,171
1,<environment.Job instance at 0x7fecf2fab230>,1,1,[2 7],2,2,3,0,2
1,<environment.Job instance at 0x7fecec5273c0>,3,3,[4 8],4,4,7,0,4
1,<environment.Job instance at 0x7fecec512730>,0,15,[5 2],1,6,21,5,6
1,<environment.Job instance at 0x7fecec512320>,4,14,[7 3],5,21,35,16,8
1,<environment.Job instance at 0x7fecec7de1e0>,10,13,[8 3],11,35,48,24,20
1,<environment.Job instance at 0x7fecec2b4aa0>,15,12,[4 5],16,74,86,58,74
1,<environment.Job instance at 0x7fecec2b4640>,23,17,[6 2],24,74,91,50,74
1,<environment.Job instance at 0x7fecec2b4690>,27,1,[4 8],28,86,87,58,78
1,<environment.Job instance at 0x7fecec40f730>,7,14,[7 1],8,91,105,83,80
1,<environment.Job instance at 0x7fecec2b4780>,30,15,[1 7],31,96,111,65,96
1,<environment.Job instance at 0x7fecec2b4e60>,14,13,[ 2 10],15,111,124,96,98
1,<environment.Job instance at 0x7fecec2b4870>,32,13,[10  1],33,124,137,91,110
1,<environment.Job instance at 0x7fecec2ba0a0>,37,14,[7 3],38,137,151,99,124
1,<environment.Job instance at 0x7fecec2ba960>,39,14,[2 6],40,137,151,97,130
1,<environment.Job instance at 0x7fecec2ba9b0>,40,12,[5 4],41,151,163,110,134
1,<environment.Job instance at 0x7fecec2ba690>,44,13,[6 4],45,163,176,118,147
1,<environment.Job instance at 0x7fecec2ba500>,49,1,[5 4],50,176,177,126,169
1,<environment.Job instance at 0x7fecec2ba7d0>,50,1,[7 1],51,177,178,126,169
1,<environment.Job instance at 0x7fecec2b45a0>,28,18,[5 7],29,178,196,149,169
1,<environment.Job instance at 0x7fecec2baaa0>,47,17,[10  3],48,196,213,148,184
1,<environment.Job instance at 0x7fecec2bc410>,64,2,[1 8],65,213,215,148,198
1,<environment.Job instance at 0x7fecec2bab40>,52,16,[7 3],53,215,231,162,202
1,<environment.Job instance at 0x7fecec2baf50>,51,17,[4 8],52,231,248,179,221
1,<environment.Job instance at 0x7fecec2a7820>,80,16,[3 9],81,248,264,167,236
1,<environment.Job instance at 0x7fecec2a7500>,78,16,[10  1],79,264,280,185,252
1,<environment.Job instance at 0x7fecec2a1a50>,87,16,[8 2],88,280,296,192,268
1,<environment.Job instance at 0x7fecec2a1690>,91,14,[9 5],92,296,310,204,290
1,<environment.Job instance at 0x7fecec2a1d20>,95,18,[9 2],96,310,328,214,300
1,<environment.Job instance at 0x7fecec2a1370>,97,15,[ 4 10],98,328,343,230,317
1,<environment.Job instance at 0x7fecec2a13c0>,104,16,[2 9],105,506,522,401,506
1,<environment.Job instance at 0x7f23254fc2d0>,3,3,[4 8],4,4,7,0,4
1,<environment.Job instance at 0x7f23254fc6e0>,8,13,[5 5],9,13,26,4,13
1,<environment.Job instance at 0x7f23254fc8c0>,14,13,[7 3],15,26,39,11,22
1,<environment.Job instance at 0x7f23254fce10>,16,16,[3 5],17,25,41,8,25
1,<environment.Job instance at 0x7f23254fcfa0>,19,14,[3 5],20,39,53,19,25
1,<environment.Job instance at 0x7f23254fc780>,11,15,[4 8],12,53,68,41,49
1,<environment.Job instance at 0x7f23254ffb40>,27,15,[8 4],28,68,83,40,54
1,<environment.Job instance at 0x7f23254ffe60>,33,14,[5 5],34,83,97,49,68
1,<environment.Job instance at 0x7f23254fff50>,35,15,[9 5],36,97,112,61,83
1,<environment.Job instance at 0x7f2325500500>,43,18,[5 5],44,112,130,68,101
1,<environment.Job instance at 0x7f23254fc960>,13,18,[ 4 10],14,130,148,116,119
1,<environment.Job instance at 0x7f2325500870>,49,16,[2 5],50,148,164,98,135
1,<environment.Job instance at 0x7f2325503780>,1,17,[10  2],2,4,21,2,4
1,<environment.Job instance at 0x7f2325509f50>,4,12,[3 8],5,21,33,16,6
1,<environment.Job instance at 0x7f2325519140>,13,14,[7 5],14,33,47,19,18
1,<environment.Job instance at 0x7f2325519730>,19,2,[10  4],20,47,49,27,22
1,<environment.Job instance at 0x7f2325519500>,23,2,[5 6],24,49,51,25,26
1,<environment.Job instance at 0x7f232551f5a0>,24,16,[7 2],25,51,67,26,38
1,<environment.Job instance at 0x7f232551fcd0>,26,12,[ 3 10],27,67,79,40,52
1,<environment.Job instance at 0x7f2325519320>,11,14,[1 6],12,53,67,41,53
1,<environment.Job instance at 0x7f23254a0960>,36,14,[10  1],37,79,93,42,65
1,<environment.Job instance at 0x7f23254a3eb0>,38,15,[7 5],39,93,108,54,79
1,<environment.Job instance at 0x7f22df779690>,40,13,[7 4],41,108,121,67,93
1,<environment.Job instance at 0x7f22df79e190>,52,2,[9 3],53,121,123,68,111
1,<environment.Job instance at 0x7f22df74cc30>,54,16,[7 5],55,123,139,68,111
1,<environment.Job instance at 0x7f22df8f77d0>,56,16,[7 4],57,139,155,82,130
1,<environment.Job instance at 0x7f22df900b40>,63,12,[9 1],64,155,167,91,143
1,<environment.Job instance at 0x7f22df9005a0>,66,3,[9 1],67,167,170,100,148
1,<environment.Job instance at 0x7f22df881320>,74,12,[7 2],75,170,182,95,166
1,<environment.Job instance at 0x7f22df8818c0>,77,13,[9 2],78,182,195,104,169
1,<environment.Job instance at 0x7f22df881e60>,80,17,[2 6],81,195,212,114,188
1,<environment.Job instance at 0x7f22df881c80>,81,15,[8 4],82,195,210,113,190
1,<environment.Job instance at 0x7f22df885410>,87,18,[5 9],88,214,232,126,214
1,<environment.Job instance at 0x7f22df884f50>,94,15,[10  4],95,232,247,137,232
1,<environment.Job instance at 0x7f23255175f0>,1,3,[1 6],2,2,5,0,2
1,<environment.Job instance at 0x7f2325517730>,0,14,[7 5],1,8,22,7,8
1,<environment.Job instance at 0x7f22df9481e0>,8,14,[7 5],9,22,36,13,12
1,<environment.Job instance at 0x7f22df829a50>,16,12,[8 3],17,36,48,19,22
1,<environment.Job instance at 0x7f22df829e10>,19,17,[8 1],20,48,65,28,36
1,<environment.Job instance at 0x7f232a935780>,21,17,[2 6],22,38,55,16,38
1,<environment.Job instance at 0x7f22df74a820>,29,17,[9 1],30,65,82,35,58
1,<environment.Job instance at 0x7f22df8dabe0>,35,13,[ 1 10],36,82,95,46,68
1,<environment.Job instance at 0x7f23259af820>,39,15,[10  2],40,95,110,55,84
1,<environment.Job instance at 0x7f232a932b90>,40,13,[5 6],41,110,123,69,98
1,<environment.Job instance at 0x7f232a933b40>,45,14,[7 4],46,123,137,77,110
1,<environment.Job instance at 0x7f232a90abe0>,55,12,[ 1 10],56,137,149,81,122
1,<environment.Job instance at 0x7f22df948870>,5,16,[10  4],6,149,165,143,140
1,<environment.Job instance at 0x7f22df77c780>,61,14,[1 5],62,165,179,103,150
1,<environment.Job instance at 0x7f232530ba00>,68,15,[8 5],69,172,187,103,172
1,<environment.Job instance at 0x7f23259c1550>,71,3,[9 3],72,187,190,115,174
1,<environment.Job instance at 0x7f22df77c870>,60,18,[4 7],61,190,208,129,184
1,<environment.Job instance at 0x7f232aa71780>,78,17,[7 4],79,208,225,129,196
1,<environment.Job instance at 0x7f232a0ab690>,2,18,[5 5],3,3,21,0,3
1,<environment.Job instance at 0x7f2329f6c140>,6,3,[8 1],7,21,24,14,9
1,<environment.Job instance at 0x7f2325283550>,1,14,[10  4],2,24,38,22,9
1,<environment.Job instance at 0x7f22dfe99550>,15,2,[4 7],16,38,40,22,29
1,<environment.Job instance at 0x7f22dfae5550>,9,17,[7 2],10,55,72,45,55
1,<environment.Job instance at 0x7f22dfde2730>,7,14,[6 2],8,72,86,64,58
1,<environment.Job instance at 0x7f22dfbffbe0>,27,2,[8 4],28,86,88,58,60
1,<environment.Job instance at 0x7f232a3a6f50>,29,17,[1 5],30,63,80,33,63
1,<environment.Job instance at 0x7f22dfbff410>,32,13,[4 8],33,88,101,55,73
1,<environment.Job instance at 0x7f23255ad5a0>,40,14,[6 4],41,101,115,60,87
1,<environment.Job instance at 0x7f23255848c0>,44,15,[9 1],45,115,130,70,101
1,<environment.Job instance at 0x7f232a49bfa0>,51,3,[5 5],52,130,133,78,111
1,<environment.Job instance at 0x7f23255e5280>,50,15,[9 4],51,133,148,82,120
1,<environment.Job instance at 0x7f232564b190>,48,17,[5 5],49,148,165,99,136
1,<environment.Job instance at 0x7f23257cbb90>,64,15,[10  3],65,165,180,100,154
1,<environment.Job instance at 0x7f23254f5140>,75,16,[4 5],76,180,196,104,177
1,<environment.Job instance at 0x7f2325750e60>,69,17,[5 9],70,196,213,126,185
1,<environment.Job instance at 0x7f23254f5640>,80,16,[9 2],81,213,229,132,211
1,<environment.Job instance at 0x7f23254f5190>,83,12,[4 6],84,229,241,145,214
1,<environment.Job instance at 0x7f2325544500>,92,18,[5 9],93,241,259,148,230
1,<environment.Job instance at 0x7f2329e73370>,97,17,[5 2],98,259,276,161,252
1,<environment.Job instance at 0x7f2325357550>,99,15,[6 3],100,276,291,176,263
1,<environment.Job instance at 0x7f2325357910>,103,12,[6 2],104,291,303,187,275
1,<environment.Job instance at 0x7f232568d8c0>,105,16,[5 3],106,303,319,197,291
1,<environment.Job instance at 0x7f232561e460>,109,13,[3 6],110,302,315,192,302
1,<environment.Job instance at 0x7f232561e320>,111,14,[4 6],112,315,329,203,303
1,<environment.Job instance at 0x7f232561e320>,2,1,[2 7],3,3,4,0,3
1,<environment.Job instance at 0x7f232594a870>,11,13,[5 8],12,12,25,0,12
1,<environment.Job instance at 0x7f232594a050>,12,18,[9 4],13,25,43,12,14
1,<environment.Job instance at 0x7f22dfe2b410>,16,12,[6 3],17,43,55,26,27
1,<environment.Job instance at 0x7f23254f5910>,17,15,[ 5 10],18,55,70,37,42
1,<environment.Job instance at 0x7f232a1940f0>,24,15,[ 2 10],25,70,85,45,56
1,<environment.Job instance at 0x7f22dfc7e4b0>,29,16,[2 8],30,85,101,55,74
1,<environment.Job instance at 0x7f22dfc7ef50>,35,17,[7 4],36,101,118,65,90
1,<environment.Job instance at 0x7f22dfc7e140>,37,14,[5 5],38,118,132,80,105
1,<environment.Job instance at 0x7f22dfc7e6e0>,39,12,[5 7],40,132,144,92,115
1,<environment.Job instance at 0x7f23255655f0>,21,16,[ 4 10],22,144,160,122,131
1,<environment.Job instance at 0x7f23259a7fa0>,51,16,[2 7],52,160,176,108,149
1,<environment.Job instance at 0x7f23259a7c80>,53,13,[6 5],54,176,189,122,161
1,<environment.Job instance at 0x7f22dfb10960>,55,15,[9 1],56,189,204,133,175
1,<environment.Job instance at 0x7f2329e3d280>,62,17,[1 7],63,195,212,132,195
1,<environment.Job instance at 0x7f2329e5fcd0>,63,17,[6 4],64,212,229,148,200
1,<environment.Job instance at 0x7f23259a7aa0>,43,17,[10  5],44,229,246,185,218
1,<environment.Job instance at 0x7f22dfd8d550>,73,12,[4 9],74,246,258,172,236
1,<environment.Job instance at 0x7f22dfd9c0f0>,77,1,[5 7],78,258,259,180,236
1,<environment.Job instance at 0x7f2329e42500>,78,16,[2 7],79,259,275,180,246
1,<environment.Job instance at 0x7f22dfd9a730>,81,13,[ 3 10],82,275,288,193,259
1,<environment.Job instance at 0x7f22dfd9a9b0>,84,3,[3 5],85,288,291,203,272
1,<environment.Job instance at 0x7f22dfd9a370>,86,16,[6 1],87,288,304,201,275
1,<environment.Job instance at 0x7f22dfd9a4b0>,87,1,[8 3],88,304,305,216,277
1,<environment.Job instance at 0x7f22dfd9a230>,88,1,[ 1 10],89,305,306,216,277
1,<environment.Job instance at 0x7f22dfdb3370>,91,15,[9 5],92,306,321,214,292
1,<environment.Job instance at 0x7f22dfd950f0>,97,12,[5 4],98,321,333,223,304
1,<environment.Job instance at 0x7f22dfd95190>,99,16,[ 4 10],100,333,349,233,320
1,<environment.Job instance at 0x7f22dfd95050>,104,14,[10  1],105,349,363,244,334
1,<environment.Job instance at 0x7f22dfd940f0>,110,15,[4 9],111,363,378,252,352
1,<environment.Job instance at 0x7f22dfc7e2d0>,0,1,[4 5],1,3,4,2,3
1,<environment.Job instance at 0x7f232a2e3f50>,6,3,[6 2],7,8,11,1,8
1,<environment.Job instance at 0x7f232a1de0a0>,13,14,[5 5],14,14,28,0,14
1,<environment.Job instance at 0x7f232a1deeb0>,14,12,[7 4],15,28,40,13,19
1,<environment.Job instance at 0x7f232a1dea00>,19,18,[1 5],20,28,46,8,28
1,<environment.Job instance at 0x7f2329df9af0>,23,15,[4 8],24,46,61,22,37
1,<environment.Job instance at 0x7f232a2c1820>,5,17,[ 2 10],6,61,78,55,50
1,<environment.Job instance at 0x7f2329df9500>,29,13,[7 5],30,78,91,48,63
1,<environment.Job instance at 0x7f2329df9050>,26,13,[9 5],27,91,104,64,77
1,<environment.Job instance at 0x7f2329deea50>,38,13,[3 7],39,104,117,65,93
1,<environment.Job instance at 0x7f2329deeb90>,41,13,[9 4],42,117,130,75,111
1,<environment.Job instance at 0x7f2329dee050>,42,16,[1 7],43,130,146,87,117
1,<environment.Job instance at 0x7f2329dee0a0>,45,1,[5 2],46,130,131,84,123
1,<environment.Job instance at 0x7f2329deebe0>,46,3,[8 3],47,131,134,84,124
1,<environment.Job instance at 0x7f2329dee730>,47,16,[7 2],48,134,150,86,132
1,<environment.Job instance at 0x7f2329dee6e0>,49,2,[3 7],50,151,153,101,151
1,<environment.Job instance at 0x7f2329deecd0>,43,13,[3 7],44,155,168,111,155
1,<environment.Job instance at 0x7f2329e16730>,60,12,[5 9],61,181,193,120,181
1,<environment.Job instance at 0x7f2329e16af0>,61,18,[5 9],62,193,211,131,182
1,<environment.Job instance at 0x7f2329e162d0>,67,16,[8 4],68,211,227,143,199
1,<environment.Job instance at 0x7f2329e165f0>,65,17,[10  3],66,227,244,161,217
1,<environment.Job instance at 0x7f22dfdcd960>,71,14,[ 5 10],72,244,258,172,237
1,<environment.Job instance at 0x7f22dfdcd9b0>,74,17,[8 5],75,258,275,183,246
1,<environment.Job instance at 0x7f22dfdcdc30>,85,3,[ 3 10],86,275,278,189,263
1,<environment.Job instance at 0x7f22dfdcd050>,86,13,[10  5],87,278,291,191,265
1,<environment.Job instance at 0x7f22df998c80>,93,3,[1 6],94,291,294,197,291
1,<environment.Job instance at 0x7f2325801370>,94,15,[8 1],95,292,307,197,292
1,<environment.Job instance at 0x7f23258014b0>,95,14,[5 7],96,307,321,211,295
1,<environment.Job instance at 0x7f23258010a0>,92,14,[10  1],93,321,335,228,309
1,<environment.Job instance at 0x7f232534d460>,98,15,[ 4 10],99,336,351,237,336
1,<environment.Job instance at 0x7f23259822d0>,109,13,[7 2],110,358,371,248,358
1,<environment.Job instance at 0x7f2329df11e0>,110,14,[2 6],111,362,376,251,362
1,<environment.Job instance at 0x7f22dfbbba00>,114,16,[9 2],115,376,392,261,376
1,<environment.Job instance at 0x7f2325759a00>,116,18,[3 6],117,392,410,275,382
1,<environment.Job instance at 0x7f232527b870>,119,3,[2 9],120,410,413,290,388
1,<environment.Job instance at 0x7f232527b960>,120,3,[9 2],121,413,416,292,389
1,<environment.Job instance at 0x7f232a2ea0a0>,125,18,[5 8],126,416,434,290,409
1,<environment.Job instance at 0x7f232a2075f0>,131,16,[6 5],132,434,450,302,428
1,<environment.Job instance at 0x7f22dfad98c0>,1,14,[1 5],2,3,17,1,3
1,<environment.Job instance at 0x7f23257163c0>,9,14,[8 5],10,10,24,0,10
1,<environment.Job instance at 0x7f232a13c6e0>,11,15,[7 3],12,24,39,12,12
1,<environment.Job instance at 0x7f2329e54b90>,16,13,[5 9],17,68,81,51,68
1,<environment.Job instance at 0x7f232a156be0>,19,1,[10  5],20,81,82,61,69
1,<environment.Job instance at 0x7f232a1aa1e0>,20,18,[5 4],21,82,100,61,71
1,<environment.Job instance at 0x7f2329da2cd0>,24,16,[8 1],25,100,116,75,87
1,<environment.Job instance at 0x7f2329d318c0>,35,13,[5 5],36,116,129,80,101
1,<environment.Job instance at 0x7f2329d31730>,36,18,[1 5],37,103,121,66,103
1,<environment.Job instance at 0x7f2329d310a0>,41,16,[2 5],42,121,137,79,117
1,<environment.Job instance at 0x7f2329d316e0>,43,16,[1 5],44,129,145,85,117
1,<environment.Job instance at 0x7f2329f18e10>,45,15,[5 4],46,137,152,91,123
1,<environment.Job instance at 0x7f232a340140>,49,16,[5 6],50,145,161,95,134
1,<environment.Job instance at 0x7f232a340820>,51,18,[4 9],52,161,179,109,150
1,<environment.Job instance at 0x7f2329d9baf0>,52,3,[1 7],53,179,182,126,153
1,<environment.Job instance at 0x7f23257be730>,55,14,[ 3 10],56,182,196,126,168
1,<environment.Job instance at 0x7f23257e4a50>,58,12,[1 9],59,196,208,137,185
1,<environment.Job instance at 0x7f23256b3280>,69,17,[9 1],70,201,218,131,201
1,<environment.Job instance at 0x7f23254bda50>,70,16,[4 8],71,218,234,147,205
1,<environment.Job instance at 0x7f23256b35f0>,74,15,[5 3],75,234,249,159,220
1,<environment.Job instance at 0x7f23253f3460>,77,12,[9 2],78,249,261,171,233
1,<environment.Job instance at 0x7f23253f3c30>,80,13,[10  5],81,261,274,180,245
1,<environment.Job instance at 0x7f23255e8050>,90,12,[ 5 10],91,279,291,188,279
1,<environment.Job instance at 0x7f23255e8370>,91,16,[4 9],92,291,307,199,279
1,<environment.Job instance at 0x7f23255e8190>,94,13,[1 9],95,307,320,212,294
1,<environment.Job instance at 0x7f232545db90>,96,18,[7 1],97,307,325,210,300
1,<environment.Job instance at 0x7f232545d370>,2,15,[ 2 10],3,23,38,20,23
1,<environment.Job instance at 0x7f2325709b90>,4,17,[10  3],5,38,55,33,26
1,<environment.Job instance at 0x7f2329dee820>,9,15,[9 3],10,55,70,45,46
1,<environment.Job instance at 0x7f22dfa8ccd0>,16,15,[4 7],17,70,85,53,56
1,<environment.Job instance at 0x7f22df935190>,31,17,[9 4],32,166,183,134,166
1,<environment.Job instance at 0x7f22df935140>,35,14,[6 1],36,183,197,147,172
1,<environment.Job instance at 0x7f23255765f0>,45,14,[8 4],46,413,427,367,413
1,<environment.Job instance at 0x7f23254d8050>,2,2,[5 7],3,5,7,2,5
1,<environment.Job instance at 0x7f2329dbce60>,9,17,[8 4],10,25,42,15,25
1,<environment.Job instance at 0x7f23254c85f0>,7,17,[1 7],8,42,59,34,31
1,<environment.Job instance at 0x7f22dfca34b0>,20,3,[2 6],21,59,62,38,44
1,<environment.Job instance at 0x7f23256a75a0>,15,17,[1 8],16,62,79,46,50
1,<environment.Job instance at 0x7f22df7793c0>,27,12,[2 5],28,79,91,51,68
1,<environment.Job instance at 0x7f2325362460>,29,15,[8 4],30,79,94,49,74
1,<environment.Job instance at 0x7f22dfca39b0>,23,18,[1 8],24,94,112,70,84
1,<environment.Job instance at 0x7f22dfeaacd0>,42,18,[7 3],43,112,130,69,102
1,<environment.Job instance at 0x7f22dfeaaaf0>,45,16,[5 7],46,130,146,84,117
1,<environment.Job instance at 0x7f23254fc730>,50,17,[8 3],51,146,163,95,134
1,<environment.Job instance at 0x7f23254fcc80>,53,13,[10  3],54,163,176,109,147
1,<environment.Job instance at 0x7f23254fc870>,58,2,[5 5],59,176,178,117,167
1,<environment.Job instance at 0x7f23254fce10>,59,3,[5 2],60,176,179,116,167
1,<environment.Job instance at 0x7f2329d42410>,4,13,[10  5],5,179,192,174,167
1,<environment.Job instance at 0x7f23254d2190>,65,2,[7 1],66,192,194,126,172
1,<environment.Job instance at 0x7f23254d2730>,66,13,[ 1 10],67,194,207,127,180
1,<environment.Job instance at 0x7f23254f24b0>,69,15,[8 4],70,207,222,137,196
1,<environment.Job instance at 0x7f23254f2eb0>,74,2,[ 4 10],75,222,224,147,216
1,<environment.Job instance at 0x7f23254f2370>,77,15,[6 1],78,224,239,146,216
1,<environment.Job instance at 0x7f23254f2b40>,78,3,[2 6],79,216,219,137,216
1,<environment.Job instance at 0x7f23254f2280>,79,2,[10  5],80,239,241,159,216
1,<environment.Job instance at 0x7f232aa71050>,84,1,[7 5],85,241,242,156,236
1,<environment.Job instance at 0x7f22dfc51e10>,38,18,[5 6],39,242,260,203,236
1,<environment.Job instance at 0x7f232a991460>,85,17,[ 4 10],86,260,277,174,248
1,<environment.Job instance at 0x7f22dfebc6e0>,99,3,[5 2],100,277,280,177,259
1,<environment.Job instance at 0x7f22dfebcbe0>,103,18,[4 9],104,280,298,176,269
1,<environment.Job instance at 0x7f22dfebcb40>,106,2,[5 5],107,277,279,170,269
1,<environment.Job instance at 0x7f23255e9d20>,109,12,[9 3],110,298,310,188,281
1,<environment.Job instance at 0x7f23255e9500>,112,3,[9 3],113,310,313,197,293
1,<environment.Job instance at 0x7f22dfebcf00>,93,18,[10  5],94,320,338,226,320
1,<environment.Job instance at 0x7f23255e90a0>,120,13,[8 3],121,338,351,217,322
1,<environment.Job instance at 0x7f232a959230>,10,14,[5 5],11,11,25,0,11
1,<environment.Job instance at 0x7f23255512d0>,4,18,[3 8],5,25,43,20,17
1,<environment.Job instance at 0x7f2329d6e690>,1,12,[7 5],2,43,55,41,26
1,<environment.Job instance at 0x7f232537d370>,20,12,[3 8],21,55,67,34,38
1,<environment.Job instance at 0x7f22dfa18500>,30,17,[6 4],31,67,84,36,57
1,<environment.Job instance at 0x7f232a2ac3c0>,33,17,[5 1],34,84,101,50,72
1,<environment.Job instance at 0x7f22dfbc7050>,40,13,[6 5],41,110,123,69,110
1,<environment.Job instance at 0x7f22dfa11be0>,38,14,[3 8],39,123,137,84,112
1,<environment.Job instance at 0x7f22df889730>,44,17,[5 7],45,137,154,92,125
1,<environment.Job instance at 0x7f22df889550>,45,12,[5 1],46,128,140,82,128
1,<environment.Job instance at 0x7f22df889b40>,50,12,[6 1],51,154,166,103,140
1,<environment.Job instance at 0x7f2329d0c0f0>,55,15,[8 2],56,166,181,110,152
1,<environment.Job instance at 0x7f2329d0cc80>,61,18,[6 1],62,190,208,128,190
1,<environment.Job instance at 0x7f2325493780>,68,12,[3 5],69,219,231,150,219
1,<environment.Job instance at 0x7f23259a7aa0>,79,18,[5 2],80,260,278,180,260
1,<environment.Job instance at 0x7f232a5df0a0>,2,15,[4 9],3,4,19,1,4
1,<environment.Job instance at 0x7f2329e66640>,4,3,[2 5],5,19,22,14,5
1,<environment.Job instance at 0x7f22dfd85fa0>,5,3,[1 5],6,19,22,13,7
1,<environment.Job instance at 0x7f22dfaefc30>,6,15,[6 4],7,22,37,15,14
1,<environment.Job instance at 0x7f2325709fa0>,16,12,[10  3],17,37,49,20,25
1,<environment.Job instance at 0x7f232a434d20>,19,14,[5 9],20,49,63,29,37
1,<environment.Job instance at 0x7f2329d04f50>,29,12,[1 5],30,63,75,33,55
1,<environment.Job instance at 0x7f2329d04500>,33,17,[7 2],34,68,85,34,68
1,<environment.Job instance at 0x7f2329d04dc0>,32,13,[3 6],33,75,88,42,71
1,<environment.Job instance at 0x7f22dfb867d0>,38,2,[6 2],39,85,87,46,71
1,<environment.Job instance at 0x7f22dfb86f50>,39,17,[6 3],40,87,104,47,75
1,<environment.Job instance at 0x7f22dfb86500>,42,18,[1 6],43,88,106,45,77
1,<environment.Job instance at 0x7f22dfa0a050>,45,16,[7 4],46,104,120,58,91
1,<environment.Job instance at 0x7f22dfa0a640>,52,17,[6 3],53,120,137,67,110
1,<environment.Job instance at 0x7f23253b9d20>,60,3,[7 1],61,137,140,76,126
1,<environment.Job instance at 0x7f23253b9a00>,61,12,[10  1],62,140,152,78,126
1,<environment.Job instance at 0x7f23253ae780>,68,15,[5 4],69,152,167,83,138
1,<environment.Job instance at 0x7f23253ae7d0>,69,17,[7 5],70,167,184,97,158
1,<environment.Job instance at 0x7f23253aea50>,72,13,[1 8],73,184,197,111,174
1,<environment.Job instance at 0x7f23253ae550>,74,17,[3 6],75,200,217,125,200
1,<environment.Job instance at 0x7f23253aed20>,78,12,[4 8],79,217,229,138,206
1,<environment.Job instance at 0x7f23253aee10>,80,16,[10  3],81,243,259,162,243
1,<environment.Job instance at 0x7f23253d75a0>,1,13,[8 2],2,2,15,0,2
1,<environment.Job instance at 0x7f23252ed460>,4,1,[10  2],5,15,16,10,5
1,<environment.Job instance at 0x7f232564bf00>,5,18,[7 4],6,16,34,10,7
1,<environment.Job instance at 0x7f232564b460>,12,1,[1 5],13,13,14,0,13
1,<environment.Job instance at 0x7f2329d04780>,15,17,[4 6],16,34,51,18,22
1,<environment.Job instance at 0x7f232a931a50>,24,15,[7 5],25,51,66,26,39
1,<environment.Job instance at 0x7f232a9310a0>,26,15,[5 5],27,66,81,39,56
1,<environment.Job instance at 0x7f232a931af0>,27,17,[9 4],28,81,98,53,70
1,<environment.Job instance at 0x7f2329da2d70>,36,13,[10  2],37,98,111,61,84
1,<environment.Job instance at 0x7f2329da2aa0>,41,12,[6 3],42,111,123,69,101
1,<environment.Job instance at 0x7f22dfd9c320>,43,15,[9 4],44,123,138,79,109
1,<environment.Job instance at 0x7f22df7f1730>,49,12,[7 5],50,138,150,88,123
1,<environment.Job instance at 0x7f22df7f1be0>,52,17,[5 8],53,150,167,97,150
1,<environment.Job instance at 0x7f22df7f1af0>,53,14,[5 7],54,167,181,113,155
1,<environment.Job instance at 0x7f22df68a910>,58,16,[1 9],59,181,197,122,173
1,<environment.Job instance at 0x7f22df730cd0>,65,15,[4 9],66,197,212,131,185
1,<environment.Job instance at 0x7f22df6867d0>,72,3,[9 2],73,212,215,139,207
1,<environment.Job instance at 0x7f22df686910>,75,17,[9 1],76,215,232,139,212
1,<environment.Job instance at 0x7f22df6865a0>,77,14,[5 6],78,232,246,154,218
1,<environment.Job instance at 0x7f22df69b280>,79,18,[5 3],80,232,250,152,221
1,<environment.Job instance at 0x7f22df69baf0>,84,14,[ 3 10],85,250,264,165,245
1,<environment.Job instance at 0x7f22dfdd2190>,85,15,[2 6],86,264,279,178,250
1,<environment.Job instance at 0x7f22dfdd2d20>,90,18,[8 3],91,270,288,179,270
1,<environment.Job instance at 0x7f22dfdd26e0>,94,12,[4 5],95,288,300,193,271
1,<environment.Job instance at 0x7f2329d422d0>,1,1,[1 8],2,2,3,0,2
1,<environment.Job instance at 0x7f22df730910>,3,13,[8 4],4,5,18,1,5
1,<environment.Job instance at 0x7f22df7a2140>,8,15,[5 4],9,18,33,9,9
1,<environment.Job instance at 0x7f2329e3d9b0>,10,17,[10  2],11,53,70,42,53
1,<environment.Job instance at 0x7f2329d42320>,0,18,[3 7],1,75,93,74,75
1,<environment.Job instance at 0x7f2329f15d70>,23,3,[9 3],24,93,96,69,93
1,<environment.Job instance at 0x7f2325a172d0>,25,3,[10  3],26,96,99,70,93
1,<environment.Job instance at 0x7f2325a17b90>,27,15,[4 6],28,99,114,71,93
1,<environment.Job instance at 0x7f2325a17690>,30,1,[6 3],31,100,101,69,100
1,<environment.Job instance at 0x7f2325a17550>,32,13,[5 1],33,101,114,68,100
1,<environment.Job instance at 0x7f2325a17870>,33,1,[3 8],34,114,115,80,100
1,<environment.Job instance at 0x7f2325a170f0>,38,17,[3 8],39,115,132,76,103
1,<environment.Job instance at 0x7f2325a17d70>,41,12,[6 4],42,132,144,90,115
1,<environment.Job instance at 0x7f22df730fa0>,2,2,[3 9],3,3,5,0,3
1,<environment.Job instance at 0x7f2329f15140>,3,1,[8 5],4,7,8,3,7
1,<environment.Job instance at 0x7f22df5f19b0>,10,1,[6 3],11,11,12,0,11
1,<environment.Job instance at 0x7f22df628730>,11,18,[8 2],12,12,30,0,12
1,<environment.Job instance at 0x7f23253d7050>,15,14,[5 5],16,30,44,14,16
1,<environment.Job instance at 0x7f22df781460>,16,2,[10  3],17,44,46,27,17
1,<environment.Job instance at 0x7f22dfe9baa0>,14,2,[1 7],15,22,24,7,22
1,<environment.Job instance at 0x7f22df7810a0>,17,17,[2 5],18,26,43,8,26
1,<environment.Job instance at 0x7f2325970460>,23,17,[7 4],24,46,63,22,34
1,<environment.Job instance at 0x7f23253aeb90>,27,14,[6 2],28,63,77,35,52
1,<environment.Job instance at 0x7f2325675960>,34,2,[5 7],35,77,79,42,61
1,<environment.Job instance at 0x7f2325361aa0>,35,3,[5 5],36,79,82,43,61
1,<environment.Job instance at 0x7f22df96f050>,36,1,[1 9],37,82,83,45,62
1,<environment.Job instance at 0x7f22df7815a0>,19,17,[9 4],20,83,100,63,72
1,<environment.Job instance at 0x7f22df96f500>,37,17,[9 5],38,100,117,62,88
1,<environment.Job instance at 0x7f22dfdde460>,44,16,[10  5],45,117,133,72,106
1,<environment.Job instance at 0x7f232a13bcd0>,49,12,[8 1],50,133,145,83,119
1,<environment.Job instance at 0x7f22df854b40>,52,2,[10  5],53,145,147,92,128
1,<environment.Job instance at 0x7f22df854230>,56,15,[5 8],57,147,162,90,138
1,<environment.Job instance at 0x7f22df8552d0>,59,17,[2 5],60,162,179,102,150
1,<environment.Job instance at 0x7f22df855690>,61,18,[4 5],62,163,181,101,163
1,<environment.Job instance at 0x7f22df872140>,62,13,[5 5],63,179,192,116,172
1,<environment.Job instance at 0x7f22df87b910>,68,12,[2 6],69,192,204,123,188
1,<environment.Job instance at 0x7f22df87b550>,69,18,[6 5],70,204,222,134,193
1,<environment.Job instance at 0x7f23253ab960>,73,1,[10  2],74,222,223,148,206
1,<environment.Job instance at 0x7f232531cb90>,39,14,[ 1 10],40,223,237,183,210
1,<environment.Job instance at 0x7f23253e8eb0>,75,18,[1 6],76,237,255,161,232
1,<environment.Job instance at 0x7f22df86b370>,81,18,[9 3],82,248,266,166,248
1,<environment.Job instance at 0x7f22df74af00>,89,12,[1 7],90,255,267,165,253
1,<environment.Job instance at 0x7f2325519f00>,91,14,[1 7],92,267,281,175,257
1,<environment.Job instance at 0x7f22df8a4a50>,97,18,[3 8],98,281,299,183,271
1,<environment.Job instance at 0x7f22df766820>,99,15,[10  3],100,299,314,199,289
1,<environment.Job instance at 0x7f232a148140>,109,14,[9 3],110,355,369,245,355
1,<environment.Job instance at 0x7f232a156140>,111,14,[7 4],112,369,383,257,360
1,<environment.Job instance at 0x7f22df9e7640>,119,16,[ 5 10],120,383,399,263,380
1,<environment.Job instance at 0x7f22df9e7730>,125,1,[10  5],126,405,406,279,405
1,<environment.Job instance at 0x7f22df9f2b90>,131,2,[2 8],132,437,439,305,437
1,<environment.Job instance at 0x7f22df9f2d70>,135,16,[6 3],136,673,689,537,673
1,<environment.Job instance at 0x7f22df9f2500>,141,16,[5 8],142,689,705,547,684
1,<environment.Job instance at 0x7f22df9f2370>,142,1,[1 9],143,705,706,562,684
1,<environment.Job instance at 0x7f22df9f2a50>,147,17,[ 3 10],148,734,751,586,734
1,<environment.Job instance at 0x7f232a14e500>,2,17,[7 2],3,3,20,0,3
1,<environment.Job instance at 0x7f22df855c80>,3,1,[5 3],4,20,21,16,4
1,<environment.Job instance at 0x7f2329ead320>,4,2,[2 7],5,5,7,0,5
1,<environment.Job instance at 0x7f232580c2d0>,6,13,[3 5],7,7,20,0,7
1,<environment.Job instance at 0x7f22df504f50>,7,2,[8 4],8,21,23,13,8
1,<environment.Job instance at 0x7f22df9e3dc0>,10,1,[ 5 10],11,23,24,12,11
1,<environment.Job instance at 0x7f2325263aa0>,13,13,[6 3],14,24,37,10,15
1,<environment.Job instance at 0x7f22df964410>,18,1,[3 6],19,20,21,1,20
1,<environment.Job instance at 0x7f232a12cd20>,22,17,[9 5],23,37,54,14,31
1,<environment.Job instance at 0x7f232a2dbaa0>,27,15,[1 9],28,54,69,26,41
1,<environment.Job instance at 0x7f22dfdc8050>,42,17,[7 2],43,69,86,26,63
1,<environment.Job instance at 0x7f22dfa6deb0>,45,17,[6 3],46,86,103,40,74
1,<environment.Job instance at 0x7f2329db1e10>,47,14,[9 4],48,103,117,55,88
1,<environment.Job instance at 0x7f2329db1820>,49,16,[ 4 10],50,117,133,67,106
1,<environment.Job instance at 0x7f22dfd46f00>,57,13,[ 5 10],58,133,146,75,119
1,<environment.Job instance at 0x7f22df7a2410>,1,14,[5 8],2,3,17,1,3
1,<environment.Job instance at 0x7f22dfdf0460>,6,2,[2 7],7,17,19,10,7
1,<environment.Job instance at 0x7f22df489a00>,8,3,[5 6],9,19,22,10,9
1,<environment.Job instance at 0x7f22df489aa0>,14,2,[7 1],15,17,19,2,15
1,<environment.Job instance at 0x7f22df489cd0>,15,15,[3 5],16,22,37,6,16
1,<environment.Job instance at 0x7f22df75fd70>,3,17,[3 7],4,37,54,33,26
1,<environment.Job instance at 0x7f22dfbdc500>,26,13,[4 5],27,54,67,27,38
1,<environment.Job instance at 0x7f22dfbdc8c0>,29,15,[3 5],30,54,69,24,52
1,<environment.Job instance at 0x7f22dfbdc5f0>,30,3,[4 8],31,69,72,38,52
1,<environment.Job instance at 0x7f22dfbdcd20>,31,1,[8 1],32,72,73,40,53
1,<environment.Job instance at 0x7f22dfbdcfa0>,32,2,[9 1],33,73,75,40,53
1,<environment.Job instance at 0x7f22dfbdc870>,34,16,[1 7],35,72,88,37,59
1,<environment.Job instance at 0x7f22dfbdcd70>,37,13,[4 7],38,88,101,50,74
1,<environment.Job instance at 0x7f22dfbdc230>,39,13,[3 7],40,101,114,61,86
1,<environment.Job instance at 0x7f22df56c370>,41,14,[5 4],42,114,128,72,100
1,<environment.Job instance at 0x7f22df56c550>,42,12,[1 5],43,114,126,71,101
1,<environment.Job instance at 0x7f22df56c500>,47,15,[3 7],48,128,143,80,123
1,<environment.Job instance at 0x7f22df56c820>,40,17,[9 5],41,143,160,102,134
1,<environment.Job instance at 0x7f22df56c140>,55,16,[7 4],56,160,176,104,147
1,<environment.Job instance at 0x7f22df57bd20>,58,3,[7 4],59,176,179,117,159
1,<environment.Job instance at 0x7f22df57bfa0>,59,18,[7 3],60,179,197,119,168
1,<environment.Job instance at 0x7f22df57bf00>,63,15,[7 1],64,197,212,133,185
1,<environment.Job instance at 0x7f22df57ffa0>,65,3,[2 8],66,197,200,131,186
1,<environment.Job instance at 0x7f22df57ff50>,71,2,[2 9],72,213,215,141,213
1,<environment.Job instance at 0x7f22df57f9b0>,73,13,[9 5],74,236,249,162,236
1,<environment.Job instance at 0x7f22df57f6e0>,77,12,[6 5],78,249,261,171,243
1,<environment.Job instance at 0x7f22df57feb0>,80,18,[5 7],81,261,279,180,254
1,<environment.Job instance at 0x7f22df57f5a0>,82,14,[5 8],83,279,293,196,267
1,<environment.Job instance at 0x7f22df4f98c0>,91,17,[1 7],92,293,310,201,287
1,<environment.Job instance at 0x7f22df4f9410>,93,14,[7 3],94,293,307,199,289
1,<environment.Job instance at 0x7f22df4f9c30>,98,14,[3 9],99,310,324,211,298
1,<environment.Job instance at 0x7f232a6916e0>,1,18,[2 8],2,2,20,0,2
1,<environment.Job instance at 0x7f232599f230>,9,14,[9 5],10,20,34,10,16
1,<environment.Job instance at 0x7f22df540870>,19,3,[4 9],20,34,37,14,22
1,<environment.Job instance at 0x7f23253b9230>,23,3,[10  2],24,37,40,13,24
1,<environment.Job instance at 0x7f2325491e10>,24,13,[8 4],25,40,53,15,26
1,<environment.Job instance at 0x7f22df4f9f00>,2,18,[3 8],3,53,71,50,42
1,<environment.Job instance at 0x7f2325491c30>,32,14,[5 8],33,71,85,38,56
1,<environment.Job instance at 0x7f22df630050>,40,16,[6 1],41,85,101,44,72
1,<environment.Job instance at 0x7f22df6302d0>,44,1,[7 5],45,101,102,56,88
1,<environment.Job instance at 0x7f23254915a0>,26,17,[10  3],27,102,119,75,90
1,<environment.Job instance at 0x7f2325491eb0>,28,17,[ 2 10],29,119,136,90,107
1,<environment.Job instance at 0x7f22df5e3690>,20,18,[ 4 10],21,136,154,115,126
1,<environment.Job instance at 0x7f22df533500>,61,15,[7 5],62,154,169,92,141
1,<environment.Job instance at 0x7f22df53b280>,71,18,[5 5],72,335,353,263,335
1,<environment.Job instance at 0x7f22dfb3b280>,74,16,[10  1],75,380,396,305,380
1,<environment.Job instance at 0x7f23252becd0>,3,16,[7 5],4,11,27,7,11
1,<environment.Job instance at 0x7f2325317230>,6,17,[5 4],7,27,44,20,20
1,<environment.Job instance at 0x7f2329e61d20>,15,14,[1 8],16,44,58,28,36
1,<environment.Job instance at 0x7f23254e5820>,10,16,[9 1],11,44,60,33,39
1,<environment.Job instance at 0x7f2329db6d70>,26,14,[3 5],27,60,74,33,47
1,<environment.Job instance at 0x7f23254027d0>,32,14,[6 2],33,62,76,29,62
1,<environment.Job instance at 0x7f2325402910>,33,14,[2 9],34,76,90,42,64
1,<environment.Job instance at 0x7f232570c640>,37,15,[2 8],38,90,105,52,76
1,<environment.Job instance at 0x7f23253a8cd0>,41,17,[9 3],42,105,122,63,93
1,<environment.Job instance at 0x7f22df9e77d0>,40,15,[ 4 10],41,122,137,81,114
1,<environment.Job instance at 0x7f2325534910>,49,17,[4 9],50,137,154,87,127
1,<environment.Job instance at 0x7f2325720050>,60,16,[6 5],61,154,170,93,141
1,<environment.Job instance at 0x7f2325720730>,63,16,[3 5],64,154,170,90,146
1,<environment.Job instance at 0x7f232591a7d0>,68,15,[5 6],69,170,185,101,158
1,<environment.Job instance at 0x7f22dfbdc0a0>,20,18,[5 8],21,185,203,164,174
1,<environment.Job instance at 0x7f232591abe0>,75,14,[9 1],76,203,217,127,188
1,<environment.Job instance at 0x7f232591ac80>,76,13,[4 7],77,217,230,140,202
1,<environment.Job instance at 0x7f2325283fa0>,82,16,[1 9],83,230,246,147,219
1,<environment.Job instance at 0x7f232a1569b0>,1,1,[2 7],2,2,3,0,2
1,<environment.Job instance at 0x7f22df5e7f50>,3,3,[4 8],4,4,7,0,4
1,<environment.Job instance at 0x7f22df5e7e10>,4,14,[7 3],5,7,21,2,5
1,<environment.Job instance at 0x7f22df5e7730>,5,3,[3 6],6,7,10,1,7
1,<environment.Job instance at 0x7f232a1567d0>,7,14,[7 1],8,21,35,13,8
1,<environment.Job instance at 0x7f2329e526e0>,15,12,[4 5],16,35,47,19,18
1,<environment.Job instance at 0x7f2329e52e60>,16,15,[4 6],17,47,62,30,33
1,<environment.Job instance at 0x7f2329e52230>,14,13,[ 2 10],15,62,75,47,56
1,<environment.Job instance at 0x7f2329f536e0>,26,18,[7 3],27,75,93,48,64
1,<environment.Job instance at 0x7f2329f53e60>,28,18,[5 7],29,93,111,64,83
1,<environment.Job instance at 0x7f2329f53190>,32,13,[10  1],33,111,124,78,98
1,<environment.Job instance at 0x7f22df584410>,38,13,[8 3],39,124,137,85,110
1,<environment.Job instance at 0x7f2329e523c0>,11,14,[ 2 10],12,137,151,125,131
1,<environment.Job instance at 0x7f232547df50>,44,13,[6 4],45,151,164,106,136
1,<environment.Job instance at 0x7f2329e52be0>,17,18,[ 1 10],18,164,182,146,159
1,<environment.Job instance at 0x7f22df976e10>,60,2,[6 3],61,182,184,121,163
1,<environment.Job instance at 0x7f232547d190>,47,17,[10  3],48,184,201,136,172
1,<environment.Job instance at 0x7f22df547960>,71,16,[7 1],72,201,217,129,200
1,<environment.Job instance at 0x7f22df5475a0>,72,13,[4 9],73,217,230,144,208
1,<environment.Job instance at 0x7f22df4efcd0>,78,16,[10  1],79,230,246,151,223
1,<environment.Job instance at 0x7f22df4ef460>,82,14,[3 6],83,246,260,163,232
1,<environment.Job instance at 0x7f22df4ef370>,83,17,[7 3],84,246,263,162,234
1,<environment.Job instance at 0x7f22df4efa50>,87,16,[8 2],88,263,279,175,250
1,<environment.Job instance at 0x7f22df4efaf0>,91,14,[9 5],92,279,293,187,265
1,<environment.Job instance at 0x7f22df913e60>,95,18,[9 2],96,293,311,197,283
1,<environment.Job instance at 0x7f22df913640>,97,15,[ 4 10],98,348,363,250,348
1,<environment.Job instance at 0x7f22df913f50>,108,16,[3 8],109,422,438,313,422
1,<environment.Job instance at 0x7f2329e52910>,1,3,[7 3],2,7,10,5,7
1,<environment.Job instance at 0x7f232547f690>,7,3,[8 2],8,10,13,2,8
1,<environment.Job instance at 0x7f232547fcd0>,11,18,[1 5],12,13,31,1,13
1,<environment.Job instance at 0x7f2325487370>,13,16,[4 9],14,31,47,17,19
1,<environment.Job instance at 0x7f2325487230>,19,1,[5 1],20,20,21,0,20
1,<environment.Job instance at 0x7f2325487460>,20,1,[9 4],21,21,22,0,21
1,<environment.Job instance at 0x7f2325495f50>,21,1,[4 8],22,47,48,25,22
1,<environment.Job instance at 0x7f232547fb40>,5,15,[3 8],6,83,98,77,83
1,<environment.Job instance at 0x7f2325495dc0>,30,14,[6 5],31,121,135,90,121
1,<environment.Job instance at 0x7f22df4f4af0>,34,12,[10  4],35,135,147,100,121
1,<environment.Job instance at 0x7f22df4f4140>,36,15,[3 7],37,147,162,110,136
1,<environment.Job instance at 0x7f22df4f4320>,41,17,[5 2],42,147,164,105,143
1,<environment.Job instance at 0x7f22df4f4500>,44,3,[5 5],45,162,165,117,143
1,<environment.Job instance at 0x7f22df4f4640>,47,16,[5 1],48,164,180,116,156
1,<environment.Job instance at 0x7f22df4f45f0>,49,18,[2 5],50,165,183,115,156
1,<environment.Job instance at 0x7f22df4d40a0>,54,3,[5 6],55,195,198,140,195
1,<environment.Job instance at 0x7f22df4d4c30>,57,2,[5 7],58,198,200,140,195
1,<environment.Job instance at 0x7f22df4d41e0>,63,3,[9 1],64,200,203,136,195
1,<environment.Job instance at 0x7f22df5b6870>,66,15,[3 7],67,203,218,136,195
1,<environment.Job instance at 0x7f22df5b67d0>,68,15,[5 2],69,203,218,134,201
1,<environment.Job instance at 0x7f22df5b6cd0>,71,12,[6 3],72,218,230,146,205
1,<environment.Job instance at 0x7f22df5b62d0>,74,15,[5 7],75,230,245,155,220
1,<environment.Job instance at 0x7f22df5b6500>,77,16,[ 4 10],78,256,272,178,256
1,<environment.Job instance at 0x7f22df5b6050>,84,14,[6 5],85,272,286,187,260
