iteration,job object,job ID,job Length,job ressource requirement,job enter time,job start time,job finish time,job waiting time,current time
1,<environment.Job instance at 0x148df3c11be0>,6,18,[8 1],7,7,25,0,7
1,<environment.Job instance at 0x148df3c11eb0>,8,13,[6 1],9,25,38,16,24
1,<environment.Job instance at 0x148df593a370>,1,13,[2 8],2,2,15,0,2
1,<environment.Job instance at 0x148db6a1de60>,0,2,[8 1],1,1,3,0,1
1,<environment.Job instance at 0x148db6a1d410>,1,12,[ 1 10],2,3,15,1,2
1,<environment.Job instance at 0x148db697fb90>,6,16,[10  2],9,15,31,6,9
1,<environment.Job instance at 0x148db6882a00>,0,2,[2 8],1,2,4,1,2
1,<environment.Job instance at 0x148dfd70e9b0>,3,16,[8 2],6,6,22,0,6
1,<environment.Job instance at 0x148db6f52a00>,4,12,[9 1],8,22,34,14,15
1,<environment.Job instance at 0x148db6997aa0>,0,15,[2 9],2,2,17,0,2
1,<environment.Job instance at 0x148db6aeae60>,2,17,[8 1],6,10,27,4,10
1,<environment.Job instance at 0x148db6616b40>,0,12,[9 1],1,1,13,0,1
1,<environment.Job instance at 0x148db664d190>,0,13,[7 2],2,2,15,0,2
1,<environment.Job instance at 0x148df63b0690>,1,14,[7 1],2,3,17,1,3
1,<environment.Job instance at 0x148dfabdda00>,3,12,[2 8],5,6,18,1,6
1,<environment.Job instance at 0x148db6816320>,2,12,[9 2],4,4,16,0,4
1,<environment.Job instance at 0x148db6810a50>,3,15,[10  2],5,16,31,11,6
1,<environment.Job instance at 0x148df64667d0>,5,16,[8 1],7,31,47,24,21
1,<environment.Job instance at 0x148db6f47190>,4,15,[5 1],5,5,20,0,5
1,<environment.Job instance at 0x148db6f47410>,5,18,[1 8],6,15,33,9,15
1,<environment.Job instance at 0x148df585fd20>,2,15,[2 7],3,3,18,0,3
1,<environment.Job instance at 0x148db6a89c80>,5,17,[ 2 10],6,18,35,12,6
1,<environment.Job instance at 0x148db6b6ff50>,6,19,[ 1 10],8,35,54,27,30
1,<environment.Job instance at 0x152f72b539b0>,0,12,[2 5],1,2,14,1,2
1,<environment.Job instance at 0x152f68eeee60>,6,18,[8 1],7,7,25,0,7
1,<environment.Job instance at 0x152f68eeea00>,8,13,[6 1],9,25,38,16,23
1,<environment.Job instance at 0x152f693a0190>,1,17,[6 1],3,6,23,3,6
1,<environment.Job instance at 0x152f69a511e0>,13,16,[10  2],19,23,39,4,19
1,<environment.Job instance at 0x152f71dec500>,3,16,[8 2],6,6,22,0,6
1,<environment.Job instance at 0x152f71decaa0>,4,12,[9 1],8,22,34,14,14
1,<environment.Job instance at 0x152f71decd20>,9,16,[2 5],16,34,50,18,29
1,<environment.Job instance at 0x152f6ba8e410>,0,15,[2 9],2,2,17,0,2
1,<environment.Job instance at 0x152f6ba8e550>,6,12,[9 1],11,17,29,6,11
1,<environment.Job instance at 0x152f71dcdbe0>,0,13,[7 2],2,2,15,0,2
1,<environment.Job instance at 0x152f642fb0f0>,8,14,[7 1],12,15,29,3,14
1,<environment.Job instance at 0x152f642fbb40>,10,12,[2 8],15,17,29,2,17
1,<environment.Job instance at 0x152f1fafb0f0>,6,15,[7 1],9,13,28,4,13
1,<environment.Job instance at 0x152f1fafb190>,10,12,[9 2],14,28,40,14,22
1,<environment.Job instance at 0x152f1fafb6e0>,13,16,[8 1],17,40,56,23,37
1,<environment.Job instance at 0x152f64315640>,5,18,[1 8],6,6,24,0,6
1,<environment.Job instance at 0x152f1ffdd820>,3,15,[1 6],7,19,34,12,19
1,<environment.Job instance at 0x152f1f8e07d0>,0,3,[5 1],3,3,6,0,3
1,<environment.Job instance at 0x152f1f9f54b0>,1,15,[1 7],5,5,20,0,5
1,<environment.Job instance at 0x152f1f9aaf00>,9,17,[ 2 10],16,20,37,4,16
1,<environment.Job instance at 0x152f1f9aa2d0>,10,19,[ 1 10],18,39,58,21,39
1,<environment.Job instance at 0x152f641dff50>,1,13,[ 2 10],2,2,15,0,2
1,<environment.Job instance at 0x152f641df640>,4,15,[1 7],5,15,30,10,11
1,<environment.Job instance at 0x152f1fc94910>,14,18,[8 1],18,19,37,1,19
1,<environment.Job instance at 0x152f6ad0ec30>,0,17,[1 6],1,3,20,2,3
1,<environment.Job instance at 0x152f1fc942d0>,3,16,[9 1],6,6,22,0,6
1,<environment.Job instance at 0x152f64315cd0>,4,15,[9 2],10,22,37,12,10
1,<environment.Job instance at 0x152f1f8854b0>,6,18,[10  1],16,16,34,0,16
1,<environment.Job instance at 0x152f6430ac80>,5,15,[2 8],8,8,23,0,8
1,<environment.Job instance at 0x152f6ab4f4b0>,2,18,[5 2],3,4,22,1,4
1,<environment.Job instance at 0x152f729e21e0>,5,18,[8 1],7,22,40,15,13
1,<environment.Job instance at 0x152f6ab8ddc0>,13,12,[7 1],18,40,52,22,25
1,<environment.Job instance at 0x152f6ab8dc80>,0,17,[7 1],2,2,19,0,2
1,<environment.Job instance at 0x152f6fdf55a0>,3,12,[7 2],7,19,31,12,8
1,<environment.Job instance at 0x152f693b78c0>,6,14,[8 2],12,31,45,19,26
1,<environment.Job instance at 0x152f6419a230>,0,13,[5 2],1,1,14,0,1
1,<environment.Job instance at 0x152f1fded0f0>,5,12,[7 1],11,14,26,3,11
1,<environment.Job instance at 0x152f71dcdaf0>,6,20,[8 2],12,26,46,14,18
1,<environment.Job instance at 0x152f722226e0>,3,16,[7 2],4,4,20,0,4
1,<environment.Job instance at 0x152f1fdbd960>,5,18,[5 2],7,20,38,13,15
1,<environment.Job instance at 0x152f6430c4b0>,11,15,[8 2],16,38,53,22,29
1,<environment.Job instance at 0x152f1fbe69b0>,2,16,[9 1],3,3,19,0,3
1,<environment.Job instance at 0x152f1fbe6410>,10,18,[6 2],16,19,37,3,17
1,<environment.Job instance at 0x152f1fbe6690>,11,16,[1 5],18,19,35,1,19
1,<environment.Job instance at 0x152a9a4279b0>,0,12,[2 5],1,1,13,0,1
1,<environment.Job instance at 0x152a907c29b0>,6,18,[8 1],7,8,26,1,8
1,<environment.Job instance at 0x152a907c2e10>,8,13,[6 1],9,26,39,17,17
1,<environment.Job instance at 0x152a907b8cd0>,17,17,[6 1],23,43,60,20,43
1,<environment.Job instance at 0x152a98074320>,6,16,[10  2],9,9,25,0,9
1,<environment.Job instance at 0x152a98074230>,7,15,[2 9],10,25,40,15,11
1,<environment.Job instance at 0x152a91328d70>,0,2,[2 8],1,1,3,0,1
1,<environment.Job instance at 0x152a91328eb0>,3,16,[8 2],6,6,22,0,6
1,<environment.Job instance at 0x152a91328af0>,4,12,[9 1],8,22,34,14,14
1,<environment.Job instance at 0x152a924df780>,14,17,[8 1],26,34,51,8,26
1,<environment.Job instance at 0x152a90a024b0>,0,12,[9 1],1,1,13,0,1
1,<environment.Job instance at 0x152a90a02780>,8,13,[7 2],12,13,26,1,12
1,<environment.Job instance at 0x152a996c00f0>,16,14,[7 1],22,26,40,4,25
1,<environment.Job instance at 0x152a980dec30>,6,15,[7 1],9,9,24,0,9
1,<environment.Job instance at 0x152a4b34beb0>,1,15,[1 7],5,5,20,0,5
1,<environment.Job instance at 0x152a4b34b820>,9,17,[ 2 10],16,20,37,4,16
1,<environment.Job instance at 0x152a4b34b230>,10,19,[ 1 10],18,37,56,19,27
1,<environment.Job instance at 0x152a4b5587d0>,19,14,[10  1],29,56,70,27,46
1,<environment.Job instance at 0x152a9330acd0>,6,18,[8 1],8,9,27,1,9
1,<environment.Job instance at 0x152a4b70fd70>,11,16,[9 1],16,27,43,11,19
1,<environment.Job instance at 0x152a4bb64c30>,12,15,[9 2],20,43,58,23,32
1,<environment.Job instance at 0x152a96260550>,3,2,[1 6],7,8,10,1,8
1,<environment.Job instance at 0x152a4b19aeb0>,4,18,[7 2],9,10,28,1,10
1,<environment.Job instance at 0x152a4b19ae10>,6,18,[10  1],16,28,46,12,17
1,<environment.Job instance at 0x152a4b19af50>,9,14,[2 8],19,46,60,27,31
1,<environment.Job instance at 0x152a923ca050>,0,17,[7 1],2,2,19,0,2
1,<environment.Job instance at 0x152a924154b0>,3,12,[7 2],7,19,31,12,16
1,<environment.Job instance at 0x152a990496e0>,13,13,[5 2],21,40,53,19,40
1,<environment.Job instance at 0x152a4b715460>,0,12,[7 1],1,1,13,0,1
1,<environment.Job instance at 0x152a99049be0>,1,20,[8 2],2,13,33,11,5
1,<environment.Job instance at 0x152a924da780>,8,16,[7 2],14,33,49,19,33
1,<environment.Job instance at 0x152a924c0dc0>,0,1,[6 2],1,1,2,0,1
1,<environment.Job instance at 0x152a4b0cb0a0>,2,18,[6 2],6,7,25,1,7
1,<environment.Job instance at 0x152a923c3c30>,1,26,[9 1],4,4,30,0,4
1,<environment.Job instance at 0x152a4bb97500>,10,15,[2 8],18,30,45,12,18
1,<environment.Job instance at 0x152a4bb97820>,11,16,[2 8],19,45,61,26,39
1,<environment.Job instance at 0x152a4b75b820>,1,3,[2 8],2,2,5,0,2
1,<environment.Job instance at 0x152a4b75bdc0>,3,16,[2 6],6,9,25,3,9
1,<environment.Job instance at 0x152a99aeec80>,6,14,[9 1],10,25,39,15,10
1,<environment.Job instance at 0x152a913020f0>,2,18,[8 2],3,3,21,0,3
1,<environment.Job instance at 0x152a976e8690>,8,16,[2 8],9,12,28,3,12
1,<environment.Job instance at 0x152a907b2a50>,0,3,[2 5],1,1,4,0,1
1,<environment.Job instance at 0x152a923b5780>,1,12,[6 1],2,7,19,5,7
1,<environment.Job instance at 0x152a4b5b59b0>,8,15,[1 8],12,12,27,0,12
1,<environment.Job instance at 0x152a4b5b0910>,20,15,[7 1],27,69,84,42,69
1,<environment.Job instance at 0x152a4b5b0320>,2,17,[2 7],4,5,22,1,5
1,<environment.Job instance at 0x152a4b5b0550>,4,17,[9 1],6,22,39,16,10
1,<environment.Job instance at 0x152a92fa84b0>,12,16,[10  2],14,39,55,25,26
1,<environment.Job instance at 0x152a4aebee60>,2,3,[2 8],7,7,10,0,7
1,<environment.Job instance at 0x152a933045a0>,4,16,[10  1],9,10,26,1,9
1,<environment.Job instance at 0x152a4aebe0a0>,7,12,[7 1],14,28,40,14,28
1,<environment.Job instance at 0x1553858c89b0>,0,12,[2 5],1,1,13,0,1
1,<environment.Job instance at 0x15537bc63be0>,6,18,[8 1],7,7,25,0,7
1,<environment.Job instance at 0x15537bc63eb0>,8,13,[6 1],9,25,38,16,18
1,<environment.Job instance at 0x15537bc59fa0>,17,17,[6 1],23,38,55,15,34
1,<environment.Job instance at 0x15537bc58d20>,29,16,[10  2],39,55,71,16,42
1,<environment.Job instance at 0x15537d91af00>,0,15,[2 9],2,2,17,0,2
1,<environment.Job instance at 0x15537d8f1b40>,6,12,[9 1],11,17,29,6,11
1,<environment.Job instance at 0x15537d897960>,14,13,[7 2],22,29,42,7,26
1,<environment.Job instance at 0x15537d8f2dc0>,22,14,[7 1],32,42,56,10,35
1,<environment.Job instance at 0x15538355c780>,2,1,[1 5],3,5,6,2,5
1,<environment.Job instance at 0x15538355c870>,5,1,[2 5],8,8,9,0,8
1,<environment.Job instance at 0x15537d8f8410>,6,15,[7 1],9,9,24,0,9
1,<environment.Job instance at 0x155346f3c960>,28,15,[9 2],37,100,115,63,100
1,<environment.Job instance at 0x155346f3c9b0>,29,18,[2 6],38,121,139,83,121
1,<environment.Job instance at 0x15537e4f4320>,0,2,[ 1 10],1,1,3,0,1
1,<environment.Job instance at 0x1553844ead20>,1,13,[ 2 10],2,3,16,1,2
1,<environment.Job instance at 0x155346654cd0>,4,15,[1 7],5,16,31,11,8
1,<environment.Job instance at 0x155346654d70>,6,14,[10  1],9,31,45,22,16
1,<environment.Job instance at 0x1553466587d0>,14,18,[8 1],18,45,63,27,39
1,<environment.Job instance at 0x155346792370>,2,1,[2 6],6,8,9,2,8
1,<environment.Job instance at 0x155346792320>,4,18,[7 2],9,9,27,0,9
1,<environment.Job instance at 0x155346752fa0>,6,18,[10  1],16,27,45,11,17
1,<environment.Job instance at 0x15537daa7af0>,13,12,[7 1],18,20,32,2,20
1,<environment.Job instance at 0x155346bedaa0>,16,17,[7 1],22,32,49,10,30
1,<environment.Job instance at 0x15537e4732d0>,22,14,[8 2],32,49,63,17,34
1,<environment.Job instance at 0x155346fb5410>,25,14,[8 1],36,63,77,27,51
1,<environment.Job instance at 0x1553468a8e10>,0,13,[5 2],1,2,15,1,2
1,<environment.Job instance at 0x15537da92730>,5,12,[7 1],11,26,38,15,26
1,<environment.Job instance at 0x15537daa4550>,15,18,[5 2],27,38,56,11,36
1,<environment.Job instance at 0x15537daa4d70>,22,17,[10  1],38,56,73,18,44
1,<environment.Job instance at 0x15537daba050>,1,3,[2 7],3,3,6,0,3
1,<environment.Job instance at 0x155346ad5230>,0,14,[1 6],2,2,16,0,2
1,<environment.Job instance at 0x155346915b40>,12,14,[1 6],19,19,33,0,19
1,<environment.Job instance at 0x15537e4a1320>,18,16,[2 9],27,33,49,6,27
1,<environment.Job instance at 0x15537e4c8b40>,0,13,[ 2 10],2,2,15,0,2
1,<environment.Job instance at 0x15537e808be0>,10,16,[2 6],16,16,32,0,16
1,<environment.Job instance at 0x15537e808af0>,13,14,[9 1],20,32,46,12,23
1,<environment.Job instance at 0x1553466bacd0>,0,2,[1 7],1,1,3,0,1
1,<environment.Job instance at 0x155382ccb780>,7,15,[7 2],8,16,31,8,16
1,<environment.Job instance at 0x155382ccb550>,12,2,[2 8],13,20,22,7,20
1,<environment.Job instance at 0x15537807d320>,16,1,[6 2],21,31,32,10,21
1,<environment.Job instance at 0x15537807da00>,18,27,[ 2 10],23,32,59,9,30
1,<environment.Job instance at 0x15537d9f5640>,0,15,[1 8],2,2,17,0,2
1,<environment.Job instance at 0x155382ccbeb0>,2,19,[2 9],6,53,72,47,53
1,<environment.Job instance at 0x15537d9e0050>,19,17,[9 1],26,110,127,84,110
1,<environment.Job instance at 0x15537d9e09b0>,23,12,[9 2],30,127,139,97,123
1,<environment.Job instance at 0x1553467e85f0>,27,16,[10  2],34,139,155,105,133
1,<environment.Job instance at 0x1553467e82d0>,28,16,[ 2 10],35,183,199,148,183
1,<environment.Job instance at 0x1553467e8d70>,30,15,[2 6],39,205,220,166,205
1,<environment.Job instance at 0x155346956960>,0,13,[5 1],1,2,15,1,2
1,<environment.Job instance at 0x155346956690>,2,14,[6 1],3,15,29,12,8
1,<environment.Job instance at 0x15534677dcd0>,22,18,[2 6],34,35,53,1,35
1,<environment.Job instance at 0x155346780190>,0,12,[1 5],1,1,13,0,1
1,<environment.Job instance at 0x155346780140>,1,13,[7 2],2,6,19,4,6
1,<environment.Job instance at 0x15537e44e3c0>,4,18,[1 5],7,15,33,8,15
1,<environment.Job instance at 0x155346be07d0>,12,16,[ 2 10],22,33,49,11,26
1,<environment.Job instance at 0x155346be0050>,16,16,[2 7],31,49,65,18,44
1,<environment.Job instance at 0x155346be0730>,4,27,[1 7],5,8,35,3,8
1,<environment.Job instance at 0x155346ba05a0>,7,2,[6 1],9,10,12,1,10
1,<environment.Job instance at 0x155346ba0b40>,11,17,[1 9],14,35,52,21,25
1,<environment.Job instance at 0x155346ba0aa0>,16,13,[10  1],25,52,65,27,41
1,<environment.Job instance at 0x15537c7bc410>,3,12,[7 1],6,6,18,0,6
1,<environment.Job instance at 0x155346bf0960>,0,14,[1 5],1,1,15,0,1
1,<environment.Job instance at 0x155346ba3640>,1,12,[2 6],3,15,27,12,6
1,<environment.Job instance at 0x15537da1b6e0>,5,16,[8 1],10,18,34,8,18
1,<environment.Job instance at 0x1553835e86e0>,20,19,[2 5],30,30,49,0,30
1,<environment.Job instance at 0x1553835e80a0>,21,17,[2 9],31,49,66,18,42
1,<environment.Job instance at 0x1553835e8f00>,24,17,[5 2],34,66,83,32,56
1,<environment.Job instance at 0x155382b84690>,0,3,[8 2],1,1,4,0,1
1,<environment.Job instance at 0x155346da80a0>,4,16,[ 2 10],5,5,21,0,5
1,<environment.Job instance at 0x155346da8780>,6,14,[8 2],7,21,35,14,9
1,<environment.Job instance at 0x155346da89b0>,10,13,[2 8],13,21,34,8,17
1,<environment.Job instance at 0x15537da97870>,15,17,[10  1],20,35,52,15,23
1,<environment.Job instance at 0x15537da97730>,20,15,[5 2],26,52,67,26,47
1,<environment.Job instance at 0x14b7dd67c9b0>,0,12,[2 5],1,1,13,0,1
1,<environment.Job instance at 0x14b7d3a17af0>,8,13,[6 1],9,15,28,6,15
1,<environment.Job instance at 0x14b7d3a0deb0>,17,17,[6 1],23,29,46,6,29
1,<environment.Job instance at 0x14b7d3a0c7d0>,29,16,[10  2],39,46,62,7,39
1,<environment.Job instance at 0x14b7d3a0c460>,30,15,[2 9],40,62,77,22,54
1,<environment.Job instance at 0x14b7d3a0c780>,2,3,[1 6],3,3,6,0,3
1,<environment.Job instance at 0x14b7db39c7d0>,0,13,[7 2],2,3,16,1,3
1,<environment.Job instance at 0x14b7d55fcf00>,8,14,[7 1],12,16,30,4,15
1,<environment.Job instance at 0x14b7d5613aa0>,20,15,[7 1],29,38,53,9,38
1,<environment.Job instance at 0x14b7d56137d0>,25,15,[10  2],35,53,68,18,39
1,<environment.Job instance at 0x14b7d560fb40>,28,17,[1 9],39,68,85,29,65
1,<environment.Job instance at 0x14b7d560f2d0>,35,18,[1 8],46,94,112,48,94
1,<environment.Job instance at 0x14b7d5840730>,6,14,[10  1],9,9,23,0,9
1,<environment.Job instance at 0x14b7d5840b90>,7,12,[7 1],10,23,35,13,13
1,<environment.Job instance at 0x14b7a66b3a50>,14,18,[8 1],18,35,53,17,34
1,<environment.Job instance at 0x14b7d583d910>,22,12,[1 5],32,43,55,11,43
1,<environment.Job instance at 0x14b7d01cd9b0>,27,2,[1 5],39,53,55,14,48
1,<environment.Job instance at 0x14b7d00d6d70>,32,2,[1 6],47,55,57,8,48
1,<environment.Job instance at 0x14b7d62950a0>,33,18,[7 2],49,55,73,6,50
1,<environment.Job instance at 0x14b7a6999050>,1,18,[10  1],6,6,24,0,6
1,<environment.Job instance at 0x14b7a6417500>,4,14,[2 8],9,24,38,15,9
1,<environment.Job instance at 0x14b7a655d640>,0,17,[7 1],2,2,19,0,2
1,<environment.Job instance at 0x14b7a655d410>,3,12,[7 2],7,19,31,12,9
1,<environment.Job instance at 0x14b7a655d370>,6,14,[8 2],12,31,45,19,24
1,<environment.Job instance at 0x14b7a6550e10>,26,16,[7 2],44,47,63,3,47
1,<environment.Job instance at 0x14b7a6a315a0>,0,12,[2 9],3,3,15,0,3
1,<environment.Job instance at 0x14b7a6a31230>,3,15,[8 2],6,15,30,9,6
1,<environment.Job instance at 0x14b7a6a31be0>,4,17,[10  1],8,30,47,22,18
1,<environment.Job instance at 0x14b7db2c1eb0>,15,18,[ 1 10],26,47,65,21,36
1,<environment.Job instance at 0x14b7db32f370>,23,14,[7 2],37,67,81,30,67
1,<environment.Job instance at 0x14b7db32faf0>,28,18,[6 2],46,87,105,41,87
1,<environment.Job instance at 0x14b7db32f500>,29,16,[1 5],48,105,121,57,105
1,<environment.Job instance at 0x14b7a6504d20>,0,14,[1 6],2,2,16,0,2
1,<environment.Job instance at 0x14b7a639a280>,12,14,[1 6],19,19,33,0,19
1,<environment.Job instance at 0x14b7a639a9b0>,18,16,[2 9],27,33,49,6,27
1,<environment.Job instance at 0x14b7a639ab90>,19,12,[5 2],28,49,61,21,45
1,<environment.Job instance at 0x14b7daa33640>,3,16,[2 6],6,6,22,0,6
1,<environment.Job instance at 0x14b7daa33230>,6,14,[9 1],10,22,36,12,12
1,<environment.Job instance at 0x14b7daa33b90>,9,15,[1 5],13,22,37,9,19
1,<environment.Job instance at 0x14b7a66bb870>,16,15,[1 8],22,22,37,0,22
1,<environment.Job instance at 0x14b7a66bbaf0>,18,19,[2 9],26,74,93,48,74
1,<environment.Job instance at 0x14b7a66bbf00>,28,15,[7 1],37,146,161,109,146
1,<environment.Job instance at 0x14b7a66c34b0>,33,17,[2 7],44,197,214,153,197
1,<environment.Job instance at 0x14b7a66c3500>,34,14,[1 6],45,253,267,208,253
1,<environment.Job instance at 0x14b7a66f18c0>,3,16,[10  2],4,4,20,0,4
1,<environment.Job instance at 0x14b7d573feb0>,4,16,[ 2 10],5,20,36,15,11
1,<environment.Job instance at 0x14b7db3e5550>,22,16,[10  1],29,36,52,7,31
1,<environment.Job instance at 0x14b7d62dcaa0>,25,12,[7 1],34,52,64,18,39
1,<environment.Job instance at 0x14b7d579de60>,0,12,[1 5],1,1,13,0,1
1,<environment.Job instance at 0x14b7d579df00>,1,13,[7 2],2,6,19,4,6
1,<environment.Job instance at 0x14b7d00f5a00>,4,18,[1 5],7,13,31,6,9
1,<environment.Job instance at 0x14b7d7854960>,12,16,[ 2 10],22,31,47,9,23
1,<environment.Job instance at 0x14b7dc2abc80>,24,14,[2 8],43,47,61,4,43
1,<environment.Job instance at 0x14b7dc2abeb0>,27,21,[1 8],46,66,87,20,66
1,<environment.Job instance at 0x14b7d614b4b0>,7,13,[10  1],15,15,28,0,15
1,<environment.Job instance at 0x14b7a64c4eb0>,19,12,[7 1],36,36,48,0,36
1,<environment.Job instance at 0x14b7a6750dc0>,3,12,[2 8],5,5,17,0,5
1,<environment.Job instance at 0x14b7db392870>,14,14,[1 5],21,21,35,0,21
1,<environment.Job instance at 0x14b7db392d70>,18,25,[8 1],29,33,58,4,33
1,<environment.Job instance at 0x14b7db374370>,23,14,[9 2],36,58,72,22,43
1,<environment.Job instance at 0x14b7db3743c0>,26,16,[1 9],39,72,88,33,66
1,<environment.Job instance at 0x14b7db36c4b0>,0,17,[2 9],1,2,19,1,2
1,<environment.Job instance at 0x14b7d6171690>,3,17,[5 2],4,19,36,15,12
1,<environment.Job instance at 0x14b7a6433140>,12,16,[ 2 10],15,36,52,21,24
1,<environment.Job instance at 0x14b7a6b99460>,28,15,[5 2],36,61,76,25,61
1,<environment.Job instance at 0x14b7a6b991e0>,34,16,[1 8],43,68,84,25,68
1,<environment.Job instance at 0x14b7da9f0eb0>,2,1,[1 7],3,3,4,0,3
1,<environment.Job instance at 0x14b7db374be0>,3,17,[9 1],6,6,23,0,6
1,<environment.Job instance at 0x14b7a61cb500>,9,13,[6 1],14,23,36,9,19
1,<environment.Job instance at 0x14b7d657af00>,2,13,[7 2],4,4,17,0,4
1,<environment.Job instance at 0x14b7a6043be0>,7,17,[1 7],10,20,37,10,20
1,<environment.Job instance at 0x14b7d5886d20>,16,16,[6 2],21,21,37,0,21
1,<environment.Job instance at 0x14b7d62ef050>,22,2,[7 2],30,37,39,7,30
1,<environment.Job instance at 0x14b7d010daf0>,33,14,[5 2],49,60,74,11,60
1,<environment.Job instance at 0x14b7d3eac500>,0,3,[9 2],1,1,4,0,1
1,<environment.Job instance at 0x14b7d3eac1e0>,2,17,[1 8],8,8,25,0,8
1,<environment.Job instance at 0x14b7d3eac960>,12,15,[10  1],23,66,81,43,66
1,<environment.Job instance at 0x14b7a6235eb0>,27,14,[9 2],40,81,95,41,79
1,<environment.Job instance at 0x14b7a6235b40>,29,16,[1 8],42,104,120,62,104
1,<environment.Job instance at 0x14566b8d69b0>,0,12,[2 5],1,1,13,0,1
1,<environment.Job instance at 0x145661c71be0>,6,18,[8 1],7,8,26,1,8
1,<environment.Job instance at 0x145661c71cd0>,8,13,[6 1],9,26,39,17,20
1,<environment.Job instance at 0x145661c67820>,17,17,[6 1],23,39,56,16,29
1,<environment.Job instance at 0x145661c66be0>,29,16,[10  2],39,56,72,17,43
1,<environment.Job instance at 0x1456627d4be0>,3,16,[8 2],6,6,22,0,6
1,<environment.Job instance at 0x1456627d48c0>,4,12,[9 1],8,22,34,14,10
1,<environment.Job instance at 0x14566397a8c0>,14,17,[8 1],26,34,51,8,29
1,<environment.Job instance at 0x14566397aa50>,18,12,[9 1],31,51,63,20,37
1,<environment.Job instance at 0x14566397a730>,26,13,[7 2],42,63,76,21,58
1,<environment.Job instance at 0x1456627d2fa0>,34,14,[7 1],52,76,90,24,74
1,<environment.Job instance at 0x1456627d2780>,36,12,[2 8],55,83,95,28,83
1,<environment.Job instance at 0x1456639a7d70>,6,15,[7 1],9,9,24,0,9
1,<environment.Job instance at 0x1456638d7a50>,14,17,[1 9],19,28,45,9,28
1,<environment.Job instance at 0x145663954a50>,20,15,[5 1],25,44,59,19,44
1,<environment.Job instance at 0x145650a2c1e0>,1,15,[1 7],5,8,23,3,8
1,<environment.Job instance at 0x145650a34be0>,10,19,[ 1 10],18,23,42,5,19
1,<environment.Job instance at 0x145650b98640>,17,15,[1 7],25,42,57,17,32
1,<environment.Job instance at 0x1456600cf460>,27,18,[8 1],38,51,69,13,51
1,<environment.Job instance at 0x14566b8d6a50>,33,15,[9 2],50,77,92,27,77
1,<environment.Job instance at 0x145663b470f0>,4,18,[7 2],9,11,29,2,11
1,<environment.Job instance at 0x145669593b90>,6,18,[10  1],16,29,47,13,20
1,<environment.Job instance at 0x145650fb5280>,14,14,[6 1],27,47,61,20,41
1,<environment.Job instance at 0x1456508f6230>,0,17,[7 1],2,3,20,1,3
1,<environment.Job instance at 0x145663b24550>,3,12,[7 2],7,20,32,13,11
1,<environment.Job instance at 0x14565064a9b0>,6,14,[8 2],12,32,46,20,29
1,<environment.Job instance at 0x14565064c370>,26,16,[7 2],44,48,64,4,48
1,<environment.Job instance at 0x14565064c9b0>,31,12,[2 9],53,64,76,11,59
1,<environment.Job instance at 0x145650770140>,1,26,[9 1],4,5,31,1,5
1,<environment.Job instance at 0x145650c83410>,9,27,[1 7],15,33,60,18,33
1,<environment.Job instance at 0x145650f96d20>,22,16,[2 6],36,60,76,24,50
1,<environment.Job instance at 0x14565095f6e0>,32,15,[10  1],49,76,91,27,63
1,<environment.Job instance at 0x145650af4280>,7,15,[7 2],8,13,28,5,13
1,<environment.Job instance at 0x145650af4a00>,15,2,[2 8],19,20,22,1,20
1,<environment.Job instance at 0x145650af4b90>,16,1,[6 2],21,28,29,7,21
1,<environment.Job instance at 0x145650af4cd0>,17,1,[2 9],22,29,30,7,22
1,<environment.Job instance at 0x145650af4eb0>,18,27,[ 2 10],23,30,57,7,28
1,<environment.Job instance at 0x145650b26050>,34,19,[2 9],46,57,76,11,53
1,<environment.Job instance at 0x145650b26140>,36,17,[9 2],48,76,93,28,73
1,<environment.Job instance at 0x145650b26960>,44,15,[7 1],57,174,189,117,174
1,<environment.Job instance at 0x145650b26230>,2,17,[2 7],4,4,21,0,4
1,<environment.Job instance at 0x145650d73c80>,8,12,[9 2],10,21,33,11,11
1,<environment.Job instance at 0x145650d830a0>,15,15,[2 6],19,33,48,14,20
1,<environment.Job instance at 0x145650d83fa0>,17,13,[5 1],21,33,46,12,21
1,<environment.Job instance at 0x145650d6ff50>,24,13,[10  1],28,48,61,20,33
1,<environment.Job instance at 0x145650d6a280>,39,18,[2 6],54,67,85,13,67
1,<environment.Job instance at 0x1456505e8050>,0,12,[1 5],1,1,13,0,1
1,<environment.Job instance at 0x145650d83910>,1,13,[7 2],2,8,21,6,8
1,<environment.Job instance at 0x14565091ad20>,5,16,[1 5],11,14,30,3,14
1,<environment.Job instance at 0x1456509224b0>,12,16,[ 2 10],22,30,46,8,26
1,<environment.Job instance at 0x1456508ea500>,24,14,[2 8],43,46,60,3,43
1,<environment.Job instance at 0x145650d6c410>,0,15,[2 8],2,2,17,0,2
1,<environment.Job instance at 0x14566956af00>,2,13,[10  1],5,17,30,12,5
1,<environment.Job instance at 0x14566a5056e0>,14,12,[7 1],26,30,42,4,28
1,<environment.Job instance at 0x145650705eb0>,0,14,[1 5],1,1,15,0,1
1,<environment.Job instance at 0x145650d70dc0>,1,12,[2 6],3,15,27,12,4
1,<environment.Job instance at 0x145650705cd0>,5,16,[8 1],10,19,35,9,19
1,<environment.Job instance at 0x1456639474b0>,14,12,[2 9],22,27,39,5,23
1,<environment.Job instance at 0x145663947eb0>,16,13,[1 9],24,39,52,15,31
1,<environment.Job instance at 0x145650660550>,20,19,[2 5],30,52,71,22,51
1,<environment.Job instance at 0x1456506600a0>,26,12,[ 1 10],37,71,83,34,64
1,<environment.Job instance at 0x1456621056e0>,35,14,[8 2],47,83,97,36,76
1,<environment.Job instance at 0x1456696aaeb0>,39,13,[2 8],53,89,102,36,89
1,<environment.Job instance at 0x145650273d70>,0,25,[9 1],1,1,26,0,1
1,<environment.Job instance at 0x1456638ac140>,30,13,[2 6],39,42,55,3,42
1,<environment.Job instance at 0x1456638ac690>,33,17,[7 1],44,55,72,11,55
1,<environment.Job instance at 0x1456638ac0a0>,36,16,[6 1],47,72,88,25,68
1,<environment.Job instance at 0x145650d64c80>,46,13,[10  1],59,88,101,29,72
1,<environment.Job instance at 0x1456508d00f0>,0,14,[2 9],1,1,15,0,1
1,<environment.Job instance at 0x145650fc1d20>,7,17,[1 8],8,15,32,7,11
1,<environment.Job instance at 0x145650fab460>,12,13,[7 2],14,26,39,12,26
1,<environment.Job instance at 0x145650fabaf0>,21,18,[6 1],25,39,57,14,38
1,<environment.Job instance at 0x145650fabfa0>,26,16,[6 2],31,57,73,26,55
1,<environment.Job instance at 0x145650fab6e0>,15,3,[10  2],17,544,547,527,544
1,<environment.Job instance at 0x145663a6bb40>,0,17,[1 6],1,1,18,0,1
1,<environment.Job instance at 0x1456507efbe0>,8,15,[10  1],13,18,33,5,13
1,<environment.Job instance at 0x1456647ae1e0>,22,14,[ 2 10],29,41,55,12,41
1,<environment.Job instance at 0x145668c8d780>,0,2,[6 2],1,2,4,1,2
1,<environment.Job instance at 0x145668c78870>,12,3,[8 1],18,18,21,0,18
1,<environment.Job instance at 0x145668c785a0>,13,15,[6 1],22,26,41,4,26
1,<environment.Job instance at 0x1456620eca00>,35,13,[8 2],56,80,93,24,80
1,<environment.Job instance at 0x1456647b0d70>,6,21,[9 1],11,11,32,0,11
1,<environment.Job instance at 0x145650958410>,20,16,[9 2],30,32,48,2,30
1,<environment.Job instance at 0x145650958910>,22,15,[6 1],33,48,63,15,40
1,<environment.Job instance at 0x15006402e9b0>,0,12,[2 5],1,1,13,0,1
1,<environment.Job instance at 0x15005a3c9be0>,6,18,[8 1],7,9,27,2,9
1,<environment.Job instance at 0x15005a3bfdc0>,17,17,[6 1],23,27,44,4,26
1,<environment.Job instance at 0x15005a3bebe0>,29,16,[10  2],39,44,60,5,39
1,<environment.Job instance at 0x15005a3be780>,30,15,[2 9],40,60,75,20,58
1,<environment.Job instance at 0x15005af2f870>,3,16,[2 5],6,6,22,0,6
1,<environment.Job instance at 0x15005af2fd70>,8,17,[8 1],16,16,33,0,16
1,<environment.Job instance at 0x15005af2ff50>,12,12,[9 1],21,33,45,12,21
1,<environment.Job instance at 0x15005c092870>,20,13,[7 2],32,45,58,13,41
1,<environment.Job instance at 0x15005c076d20>,28,14,[7 1],42,58,72,16,45
1,<environment.Job instance at 0x15005c0da5a0>,40,15,[7 1],59,72,87,13,59
1,<environment.Job instance at 0x15005af2a960>,44,12,[9 2],64,87,99,23,70
1,<environment.Job instance at 0x15005bff14b0>,1,1,[ 2 10],2,2,3,0,2
1,<environment.Job instance at 0x15005af2ab40>,3,1,[8 2],4,4,5,0,4
1,<environment.Job instance at 0x15005bfc5af0>,4,15,[5 1],5,5,20,0,5
1,<environment.Job instance at 0x15005bfc5050>,5,18,[1 8],6,17,35,11,17
1,<environment.Job instance at 0x15005bfc52d0>,12,15,[9 2],17,25,40,8,25
1,<environment.Job instance at 0x15005bfc55a0>,13,18,[2 6],18,48,66,30,48
1,<environment.Job instance at 0x150041259d70>,2,2,[2 5],3,6,8,3,6
1,<environment.Job instance at 0x15004164e780>,6,18,[8 1],8,8,26,0,8
1,<environment.Job instance at 0x15004164e8c0>,11,16,[9 1],16,26,42,10,20
1,<environment.Job instance at 0x1500410b0460>,25,18,[7 2],39,42,60,3,42
1,<environment.Job instance at 0x1500410b01e0>,27,18,[10  1],46,60,78,14,50
1,<environment.Job instance at 0x1500411540a0>,13,12,[7 1],18,25,37,7,25
1,<environment.Job instance at 0x1500415dc640>,19,12,[7 2],27,37,49,10,31
1,<environment.Job instance at 0x15005cf6a0f0>,22,14,[8 2],32,49,63,17,37
1,<environment.Job instance at 0x150061d13a50>,29,13,[5 2],41,63,76,22,54
1,<environment.Job instance at 0x150041744320>,42,16,[7 2],64,76,92,12,73
1,<environment.Job instance at 0x150061d07f00>,0,12,[2 9],3,3,15,0,3
1,<environment.Job instance at 0x150061cede60>,3,15,[8 2],6,15,30,9,6
1,<environment.Job instance at 0x150041191a50>,4,17,[10  1],8,30,47,22,20
1,<environment.Job instance at 0x150040dd0690>,15,18,[ 1 10],26,47,65,21,36
1,<environment.Job instance at 0x150040dd2640>,28,18,[6 2],46,66,84,20,66
1,<environment.Job instance at 0x150040dd2730>,29,16,[1 5],48,76,92,28,76
1,<environment.Job instance at 0x150040dd2870>,31,14,[1 6],52,92,106,40,92
1,<environment.Job instance at 0x150040f6bb90>,2,2,[2 9],5,5,7,0,5
1,<environment.Job instance at 0x150040f6b780>,4,16,[2 9],7,7,23,0,7
1,<environment.Job instance at 0x150040f6bd20>,5,12,[5 2],8,23,35,15,22
1,<environment.Job instance at 0x150040dec5f0>,17,1,[5 1],29,29,30,0,29
1,<environment.Job instance at 0x150040decf00>,20,3,[2 8],32,32,35,0,32
1,<environment.Job instance at 0x150040dec050>,21,1,[1 8],35,35,36,0,35
1,<environment.Job instance at 0x150040e62e60>,22,16,[2 6],36,36,52,0,36
1,<environment.Job instance at 0x150040e51960>,25,14,[9 1],40,52,66,12,40
1,<environment.Job instance at 0x150040e51f50>,28,15,[1 5],43,61,76,18,61
1,<environment.Job instance at 0x150040ecc190>,34,1,[8 2],51,69,70,18,69
1,<environment.Job instance at 0x150040ecc870>,36,2,[6 1],54,70,72,16,70
1,<environment.Job instance at 0x150040ecc730>,37,3,[10  1],56,76,79,20,71
1,<environment.Job instance at 0x150040ecc370>,38,3,[10  2],57,79,82,22,71
1,<environment.Job instance at 0x1500410316e0>,9,2,[10  1],14,15,17,1,15
1,<environment.Job instance at 0x15004140d730>,10,2,[2 7],16,19,21,3,19
1,<environment.Job instance at 0x15004140d410>,15,12,[6 1],22,24,36,2,24
1,<environment.Job instance at 0x15004140d1e0>,18,2,[7 1],27,36,38,9,28
1,<environment.Job instance at 0x15004140d0a0>,20,3,[10  2],29,38,41,9,29
1,<environment.Job instance at 0x15005c2343c0>,22,15,[1 8],32,41,56,9,36
1,<environment.Job instance at 0x15005c146550>,0,13,[5 1],1,1,14,0,1
1,<environment.Job instance at 0x150061d28500>,2,14,[6 1],3,14,28,11,6
1,<environment.Job instance at 0x150040fb18c0>,7,13,[10  1],8,28,41,20,17
1,<environment.Job instance at 0x150040fb1e60>,14,16,[10  1],19,41,57,22,28
1,<environment.Job instance at 0x150040fe6d70>,22,18,[2 6],34,57,75,23,52
1,<environment.Job instance at 0x150040fd5eb0>,37,26,[2 8],58,80,106,22,80
1,<environment.Job instance at 0x150040fd5fa0>,40,3,[10  2],63,106,109,43,85
1,<environment.Job instance at 0x150040fdd5f0>,0,16,[2 7],1,1,17,0,1
1,<environment.Job instance at 0x15005a5f7eb0>,8,14,[2 8],13,17,31,4,13
1,<environment.Job instance at 0x1500411fca00>,12,17,[2 8],17,31,48,14,27
1,<environment.Job instance at 0x15005a5f9280>,22,13,[10  1],35,48,61,13,35
1,<environment.Job instance at 0x15005c05ff00>,34,12,[7 1],56,61,73,5,58
1,<environment.Job instance at 0x15005a604be0>,3,12,[2 8],5,5,17,0,5
1,<environment.Job instance at 0x15005af19370>,7,13,[2 5],9,17,30,8,9
1,<environment.Job instance at 0x15005af198c0>,18,25,[8 1],29,30,55,1,30
1,<environment.Job instance at 0x15005af08870>,26,16,[1 9],39,51,67,12,51
1,<environment.Job instance at 0x15005af086e0>,28,12,[2 9],42,67,79,25,60
1,<environment.Job instance at 0x15005af310a0>,38,17,[5 2],54,79,96,25,78
1,<environment.Job instance at 0x15005af31a50>,46,2,[2 7],64,89,91,25,89
1,<environment.Job instance at 0x15005af31c30>,49,14,[8 2],67,96,110,29,89
1,<environment.Job instance at 0x150061d6a730>,1,13,[2 8],3,3,16,0,3
1,<environment.Job instance at 0x15005e21fbe0>,6,17,[10  1],10,16,33,6,10
1,<environment.Job instance at 0x150061cf9640>,22,15,[9 2],30,34,49,4,34
1,<environment.Job instance at 0x1500414c3370>,26,17,[9 1],36,49,66,13,43
1,<environment.Job instance at 0x15005fe80370>,32,13,[6 1],44,66,79,22,61
1,<environment.Job instance at 0x15004127a140>,0,14,[2 9],1,1,15,0,1
1,<environment.Job instance at 0x15005cedb6e0>,28,2,[9 1],34,78,80,44,78
1,<environment.Job instance at 0x15005cedb370>,32,2,[7 2],40,80,82,40,78
1,<environment.Job instance at 0x15005cb75050>,34,3,[1 8],43,78,81,35,78
1,<environment.Job instance at 0x15005c1da370>,39,17,[1 7],50,91,108,41,91
1,<environment.Job instance at 0x15005c1daa00>,4,12,[5 2],7,8,20,1,8
1,<environment.Job instance at 0x1500413b4780>,23,14,[9 1],34,74,88,40,74
1,<environment.Job instance at 0x1500413b4d70>,32,17,[1 6],51,127,144,76,127
1,<environment.Job instance at 0x1500413b4640>,34,13,[2 9],56,144,157,88,133
1,<environment.Job instance at 0x150040a769b0>,5,14,[7 1],8,9,23,1,9
1,<environment.Job instance at 0x150040a76780>,7,14,[9 2],10,23,37,13,11
1,<environment.Job instance at 0x150040a76d20>,12,16,[7 1],15,37,53,22,29
1,<environment.Job instance at 0x150040a73870>,20,14,[ 1 10],27,53,67,26,47
1,<environment.Job instance at 0x150040a6e140>,30,20,[8 1],40,67,87,27,61
1,<environment.Job instance at 0x150040a6e640>,33,13,[2 5],48,85,98,37,85
1,<environment.Job instance at 0x150040a6e7d0>,35,1,[2 6],50,141,142,91,141
1,<environment.Job instance at 0x150040e07140>,0,15,[ 2 10],2,2,17,0,2
1,<environment.Job instance at 0x150040e07a50>,7,16,[2 9],10,17,33,7,10
1,<environment.Job instance at 0x150041622910>,17,13,[7 1],22,33,46,11,33
1,<environment.Job instance at 0x15005bfd8c30>,27,15,[1 9],36,37,52,1,37
1,<environment.Job instance at 0x150041728c80>,37,15,[6 1],52,68,83,16,68
1,<environment.Job instance at 0x15004121f230>,0,12,[2 8],1,1,13,0,1
1,<environment.Job instance at 0x1500417284b0>,5,12,[2 8],8,13,25,5,8
1,<environment.Job instance at 0x15005cb28460>,8,18,[9 1],13,25,43,12,14
1,<environment.Job instance at 0x15005cb2a690>,32,12,[9 1],47,47,59,0,47
1,<environment.Job instance at 0x15005cb20690>,44,14,[ 1 10],64,69,83,5,69
1,<environment.Job instance at 0x150040e07910>,3,17,[5 1],4,6,23,2,6
1,<environment.Job instance at 0x150040c8bb40>,12,17,[7 2],13,23,40,10,13
1,<environment.Job instance at 0x150040e22050>,13,16,[5 2],14,40,56,26,40
1,<environment.Job instance at 0x150041206d20>,27,17,[1 8],35,113,130,78,113
1,<environment.Job instance at 0x150041504b90>,29,16,[2 7],37,140,156,103,140
1,<environment.Job instance at 0x15005af38af0>,44,14,[1 9],56,180,194,124,180
1,<environment.Job instance at 0x15005af38320>,46,18,[10  2],58,194,212,136,183
1,<environment.Job instance at 0x150063ec4fa0>,0,16,[7 1],1,2,18,1,2
1,<environment.Job instance at 0x1500614305f0>,2,14,[1 8],3,3,17,0,3
1,<environment.Job instance at 0x150061430780>,9,15,[6 1],15,26,41,11,26
1,<environment.Job instance at 0x150041655c80>,21,15,[8 1],29,41,56,12,29
1,<environment.Job instance at 0x150041655eb0>,24,14,[2 9],37,52,66,15,52
1,<environment.Job instance at 0x150041655d70>,26,13,[7 2],40,66,79,26,61
1,<environment.Job instance at 0x150061cd7320>,43,18,[1 7],66,90,108,24,90
1,<environment.Job instance at 0x1500409f87d0>,0,3,[7 2],1,1,4,0,1
1,<environment.Job instance at 0x1474d30949b0>,0,12,[2 5],1,1,13,0,1
1,<environment.Job instance at 0x1474c942fbe0>,6,18,[8 1],7,10,28,3,10
1,<environment.Job instance at 0x1474c9425fa0>,17,17,[6 1],23,28,45,5,25
1,<environment.Job instance at 0x1474c9425280>,24,12,[ 1 10],32,45,57,13,33
1,<environment.Job instance at 0x1474c9424320>,29,16,[10  2],39,57,73,18,44
1,<environment.Job instance at 0x1474c96835f0>,49,16,[8 2],66,73,89,7,66
1,<environment.Job instance at 0x1474cb082870>,0,15,[2 9],2,2,17,0,2
1,<environment.Job instance at 0x1474d0d350f0>,2,17,[8 1],6,6,23,0,6
1,<environment.Job instance at 0x1474d0d35960>,6,12,[9 1],11,23,35,12,14
1,<environment.Job instance at 0x1474c9f95c30>,14,13,[7 2],22,35,48,13,33
1,<environment.Job instance at 0x1474c9f95320>,22,14,[7 1],32,48,62,16,38
1,<environment.Job instance at 0x1474c9f95140>,24,12,[2 8],35,56,68,21,56
1,<environment.Job instance at 0x1474cb0f8b90>,34,15,[7 1],49,64,79,15,64
1,<environment.Job instance at 0x1474cb06faf0>,1,3,[2 8],5,5,8,0,5
1,<environment.Job instance at 0x1474c01a64b0>,4,18,[7 2],9,10,28,1,10
1,<environment.Job instance at 0x1474c0685cd0>,6,18,[10  1],16,28,46,12,17
1,<environment.Job instance at 0x1474c06856e0>,9,14,[2 8],19,46,60,27,41
1,<environment.Job instance at 0x1474c0036190>,0,13,[5 2],1,2,15,1,2
1,<environment.Job instance at 0x1474cb057c30>,5,12,[7 1],11,15,27,4,13
1,<environment.Job instance at 0x1474c0773e10>,13,16,[7 2],24,27,43,3,25
1,<environment.Job instance at 0x1474c0034fa0>,15,18,[5 2],27,43,61,16,43
1,<environment.Job instance at 0x1474c00b3690>,0,14,[1 6],2,2,16,0,2
1,<environment.Job instance at 0x14749fde3690>,12,14,[1 6],19,19,33,0,19
1,<environment.Job instance at 0x14749fde3e10>,18,16,[2 9],27,33,49,6,28
1,<environment.Job instance at 0x14749fde65f0>,24,15,[2 8],38,49,64,11,42
1,<environment.Job instance at 0x14749fde8460>,36,16,[2 6],56,64,80,8,57
1,<environment.Job instance at 0x14749fde8910>,39,14,[9 1],60,80,94,20,76
1,<environment.Job instance at 0x14749ff7db90>,6,17,[2 9],7,12,29,5,12
1,<environment.Job instance at 0x14749ff3e230>,25,12,[6 1],32,38,50,6,38
1,<environment.Job instance at 0x14749ff26be0>,34,19,[2 9],46,83,102,37,83
1,<environment.Job instance at 0x14749ff26dc0>,44,15,[7 1],57,152,167,95,152
1,<environment.Job instance at 0x14749feeb230>,49,17,[2 7],64,234,251,170,234
1,<environment.Job instance at 0x14749feeb9b0>,51,17,[9 1],66,251,268,185,240
1,<environment.Job instance at 0x14749feeb500>,59,16,[10  2],74,268,284,194,261
1,<environment.Job instance at 0x14749feeb780>,60,16,[ 2 10],75,298,314,223,298
1,<environment.Job instance at 0x1474cbfc06e0>,62,15,[2 6],79,342,357,263,342
1,<environment.Job instance at 0x14749ff264b0>,38,2,[1 5],50,421,423,371,421
1,<environment.Job instance at 0x1474ceed8320>,0,13,[5 1],1,7,20,6,7
1,<environment.Job instance at 0x14749ff264b0>,7,13,[10  1],8,20,33,12,8
1,<environment.Job instance at 0x1474cb2edcd0>,22,18,[2 6],34,34,52,0,34
1,<environment.Job instance at 0x1474cb1d2f00>,31,18,[1 5],47,52,70,5,47
1,<environment.Job instance at 0x1474c044f0a0>,39,16,[ 2 10],62,70,86,8,63
1,<environment.Job instance at 0x1474c0195870>,43,16,[2 7],71,86,102,15,78
1,<environment.Job instance at 0x1474cb1d20a0>,2,14,[2 8],3,3,17,0,3
1,<environment.Job instance at 0x1474c028cfa0>,14,15,[2 8],22,22,37,0,22
1,<environment.Job instance at 0x1474c02a12d0>,16,13,[10  1],25,37,50,12,25
1,<environment.Job instance at 0x1474c027d140>,28,12,[7 1],46,50,62,4,47
1,<environment.Job instance at 0x1474c027d5a0>,32,16,[ 1 10],52,62,78,10,52
1,<environment.Job instance at 0x1474c027dfa0>,41,17,[9 2],63,78,95,15,67
1,<environment.Job instance at 0x14749fcea9b0>,0,14,[1 5],1,2,16,1,2
1,<environment.Job instance at 0x1474cb165730>,1,12,[2 6],3,16,28,13,4
1,<environment.Job instance at 0x14749ffc7f50>,9,14,[9 2],16,28,42,12,16
1,<environment.Job instance at 0x14749ffc7460>,21,17,[2 9],31,44,61,13,44
1,<environment.Job instance at 0x1474c00661e0>,33,16,[ 2 10],45,61,77,16,53
1,<environment.Job instance at 0x1474c0690d20>,39,13,[2 8],53,77,90,24,64
1,<environment.Job instance at 0x1474c05ac1e0>,44,17,[10  1],60,90,107,30,78
1,<environment.Job instance at 0x14749ffc7550>,3,17,[9 1],6,6,23,0,6
1,<environment.Job instance at 0x1474cb208550>,17,17,[7 1],24,33,50,9,33
1,<environment.Job instance at 0x1474cb208960>,22,1,[5 2],29,56,57,27,56
1,<environment.Job instance at 0x1474cb208a00>,23,1,[7 1],30,58,59,28,58
1,<environment.Job instance at 0x1474cb208aa0>,24,1,[1 8],31,60,61,29,60
1,<environment.Job instance at 0x1474cb208b40>,25,2,[6 2],32,61,63,29,61
1,<environment.Job instance at 0x1474cb208be0>,26,13,[2 9],33,63,76,30,61
1,<environment.Job instance at 0x1474cb208c30>,27,1,[6 2],35,76,77,41,75
1,<environment.Job instance at 0x1474cb208dc0>,28,3,[8 2],36,77,80,41,76
1,<environment.Job instance at 0x1474cb1f2500>,39,17,[1 8],48,120,137,72,120
1,<environment.Job instance at 0x1474cb1f2730>,44,13,[7 2],54,142,155,88,142
1,<environment.Job instance at 0x1474cb1f2b40>,48,3,[2 5],59,212,215,153,212
1,<environment.Job instance at 0x1474cb1f2cd0>,49,17,[1 7],60,219,236,159,219
1,<environment.Job instance at 0x1474cb1f2c80>,50,3,[7 2],61,235,238,174,235
1,<environment.Job instance at 0x1474cb1f2eb0>,53,18,[6 1],65,290,308,225,290
1,<environment.Job instance at 0x1474cb203280>,54,15,[2 9],66,304,319,238,304
1,<environment.Job instance at 0x1474cb2034b0>,58,16,[6 2],71,353,369,282,353
1,<environment.Job instance at 0x1474cb2030f0>,61,19,[1 5],76,374,393,298,374
1,<environment.Job instance at 0x1474c01dca00>,10,14,[5 2],19,260,274,241,260
1,<environment.Job instance at 0x1474c01dcaa0>,14,14,[1 6],23,262,276,239,262
1,<environment.Job instance at 0x1474cbfafaa0>,23,12,[5 2],37,333,345,296,333
1,<environment.Job instance at 0x1474cb0925f0>,0,17,[1 6],1,1,18,0,1
1,<environment.Job instance at 0x1474cb092cd0>,2,13,[2 9],6,18,31,12,8
1,<environment.Job instance at 0x1474cb239c30>,8,15,[10  1],13,31,46,18,17
1,<environment.Job instance at 0x1474c0194550>,17,12,[6 2],23,46,58,23,44
1,<environment.Job instance at 0x1474c01940f0>,21,14,[7 1],28,62,76,34,62
1,<environment.Job instance at 0x1474c0194910>,22,14,[ 2 10],29,76,90,47,64
1,<environment.Job instance at 0x1474d0d91d70>,23,14,[9 2],30,90,104,60,76
1,<environment.Job instance at 0x1474d0d910f0>,25,16,[1 8],32,105,121,73,105
1,<environment.Job instance at 0x14749ffa3640>,33,16,[2 9],42,124,140,82,124
1,<environment.Job instance at 0x1474c0481190>,49,13,[2 5],68,173,186,105,173
1,<environment.Job instance at 0x1474cb21c2d0>,3,12,[7 2],6,6,18,0,6
1,<environment.Job instance at 0x1474d0339500>,4,15,[ 2 10],12,18,33,6,12
1,<environment.Job instance at 0x1474cb21c5a0>,11,16,[2 9],20,33,49,13,25
1,<environment.Job instance at 0x1474c06b4c30>,31,15,[1 9],46,49,64,3,46
1,<environment.Job instance at 0x1474cb0fc8c0>,41,15,[6 1],62,65,80,3,65
1,<environment.Job instance at 0x1474ceeedd20>,43,17,[10  1],66,80,97,14,69
1,<environment.Job instance at 0x1474cb175460>,0,12,[2 8],1,1,13,0,1
1,<environment.Job instance at 0x14749fcdf730>,5,12,[2 8],8,13,25,5,11
1,<environment.Job instance at 0x14749fcff190>,8,18,[9 1],13,25,43,12,17
1,<environment.Job instance at 0x14749fcde3c0>,22,15,[10  2],33,43,58,10,33
1,<environment.Job instance at 0x14749fcfaf00>,44,14,[ 1 10],64,64,78,0,64
1,<environment.Job instance at 0x14749fcee5a0>,49,18,[2 9],70,78,96,8,70
1,<environment.Job instance at 0x14749fceeaa0>,53,17,[5 1],74,96,113,22,96
1,<environment.Job instance at 0x14749fcdecd0>,3,16,[5 2],4,27,43,23,27
1,<environment.Job instance at 0x1474c80b18c0>,15,15,[6 2],22,43,58,21,43
1,<environment.Job instance at 0x1474c80b1410>,17,17,[1 8],25,83,100,58,83
1,<environment.Job instance at 0x1474c80b1f50>,19,16,[2 7],27,108,124,81,108
1,<environment.Job instance at 0x1474cb0ff910>,30,17,[5 2],40,162,179,122,162
1,<environment.Job instance at 0x1474c80b1e10>,16,3,[2 9],23,744,747,721,744
1,<environment.Job instance at 0x1474c808b280>,0,16,[2 5],1,3,19,2,3
1,<environment.Job instance at 0x1474c06b4190>,6,15,[8 1],9,11,26,2,11
1,<environment.Job instance at 0x1474c04ae6e0>,9,14,[2 9],17,19,33,2,19
1,<environment.Job instance at 0x1474c04b40a0>,11,13,[7 2],20,33,46,13,28
1,<environment.Job instance at 0x1474c02fa550>,28,18,[1 7],46,47,65,1,47
1,<environment.Job instance at 0x1474c02fa500>,33,15,[ 2 10],54,65,80,11,59
1,<environment.Job instance at 0x1474cef08fa0>,6,13,[10  1],8,8,21,0,8
1,<environment.Job instance at 0x1474cb0a9640>,30,16,[2 6],38,46,62,8,46
1,<environment.Job instance at 0x1474cbccf550>,37,21,[10  2],52,62,83,10,54
1,<environment.Job instance at 0x14749fa2ef00>,1,18,[8 1],8,8,26,0,8
1,<environment.Job instance at 0x1474cb23b870>,6,12,[2 9],17,17,29,0,17
1,<environment.Job instance at 0x1474cb23bb40>,10,17,[6 2],22,29,46,7,24
1,<environment.Job instance at 0x1474c013a870>,20,13,[2 8],33,33,46,0,33
1,<environment.Job instance at 0x1474c05b7f00>,0,2,[7 2],1,1,3,0,1
1,<environment.Job instance at 0x1474c05b7460>,2,16,[1 7],3,3,19,0,3
1,<environment.Job instance at 0x1474c05b77d0>,3,17,[5 2],5,7,24,2,7
1,<environment.Job instance at 0x1474c00e0780>,6,17,[8 1],9,24,41,15,14
1,<environment.Job instance at 0x1494aaef29b0>,0,12,[2 5],1,3,15,2,3
1,<environment.Job instance at 0x1494a128de60>,6,18,[8 1],7,8,26,1,8
1,<environment.Job instance at 0x1494a128dc30>,8,13,[6 1],9,26,39,17,24
1,<environment.Job instance at 0x1494a1282730>,24,12,[ 1 10],32,39,51,7,32
1,<environment.Job instance at 0x1494a1282370>,29,16,[10  2],39,51,67,12,39
1,<environment.Job instance at 0x1494aa160a00>,30,15,[2 9],40,67,82,27,62
1,<environment.Job instance at 0x1494a14e1550>,55,16,[2 5],76,114,130,38,114
1,<environment.Job instance at 0x1494a14e17d0>,60,17,[8 1],86,126,143,40,126
1,<environment.Job instance at 0x1494a2fcaf50>,0,12,[9 1],1,1,13,0,1
1,<environment.Job instance at 0x1494a1784910>,8,13,[7 2],12,13,26,1,12
1,<environment.Job instance at 0x1494a1784aa0>,16,14,[7 1],22,26,40,4,25
1,<environment.Job instance at 0x1494a1df08c0>,28,15,[7 1],39,40,55,1,39
1,<environment.Job instance at 0x1494a1df3190>,34,13,[ 1 10],46,55,68,9,46
1,<environment.Job instance at 0x1494a2f44d70>,50,15,[9 2],67,368,383,301,368
1,<environment.Job instance at 0x1494a2f44f00>,51,18,[2 6],68,390,408,322,390
1,<environment.Job instance at 0x1494a2f44410>,1,15,[1 7],5,5,20,0,5
1,<environment.Job instance at 0x1494a2f70280>,6,15,[2 7],13,20,35,7,14
1,<environment.Job instance at 0x1494a2ec8370>,14,13,[ 2 10],22,35,48,13,22
1,<environment.Job instance at 0x1494a2ec8640>,19,14,[10  1],29,48,62,19,36
1,<environment.Job instance at 0x1494a2f3ae60>,28,16,[1 6],39,62,78,23,55
1,<environment.Job instance at 0x1494a301baf0>,33,15,[9 2],50,62,77,12,59
1,<environment.Job instance at 0x1494a2ed3050>,46,18,[7 2],69,79,97,10,79
1,<environment.Job instance at 0x1494a2ec5640>,51,14,[2 8],79,83,97,4,83
1,<environment.Job instance at 0x1494a8b3b2d0>,56,14,[6 1],87,97,111,10,90
1,<environment.Job instance at 0x1494a8b527d0>,58,16,[1 7],89,104,120,15,104
1,<environment.Job instance at 0x1494a3081780>,55,12,[2 9],83,1206,1218,1123,1206
1,<environment.Job instance at 0x1494a3081e60>,59,17,[10  1],88,1218,1235,1130,1210
1,<environment.Job instance at 0x1494981fc730>,0,2,[1 9],1,1,3,0,1
1,<environment.Job instance at 0x1494a30810f0>,6,14,[9 1],10,10,24,0,10
1,<environment.Job instance at 0x14947bc65c80>,13,15,[10  1],19,24,39,5,19
1,<environment.Job instance at 0x14947bd73960>,4,17,[9 1],6,6,23,0,6
1,<environment.Job instance at 0x14947bd60b90>,8,12,[9 2],10,23,35,13,11
1,<environment.Job instance at 0x14947bd60c30>,12,16,[10  2],14,35,51,21,25
1,<environment.Job instance at 0x14947bd60690>,17,13,[5 1],21,51,64,30,45
1,<environment.Job instance at 0x14947bd6fc80>,29,3,[2 8],37,51,54,14,46
1,<environment.Job instance at 0x14947bd6f190>,31,16,[10  1],39,64,80,25,51
1,<environment.Job instance at 0x14947bd6f280>,34,12,[7 1],44,80,92,36,63
1,<environment.Job instance at 0x14947bd99c30>,54,26,[2 8],78,94,120,16,94
1,<environment.Job instance at 0x14947bd99d20>,56,16,[ 2 10],82,120,136,38,107
1,<environment.Job instance at 0x1494aadcfdc0>,0,16,[2 7],1,1,17,0,1
1,<environment.Job instance at 0x1494aad06690>,10,27,[1 7],15,24,51,9,24
1,<environment.Job instance at 0x1494aad06460>,17,17,[1 9],24,51,68,27,47
1,<environment.Job instance at 0x1494a0061050>,25,3,[2 8],39,68,71,29,54
1,<environment.Job instance at 0x1494983c4960>,30,1,[8 1],49,67,68,18,67
1,<environment.Job instance at 0x1494983c43c0>,32,1,[2 9],54,71,72,17,68
1,<environment.Job instance at 0x1494a2f67f50>,34,12,[7 1],56,72,84,16,72
1,<environment.Job instance at 0x1494a3a392d0>,0,14,[1 5],1,1,15,0,1
1,<environment.Job instance at 0x1494a8291500>,3,17,[2 8],6,15,32,9,6
1,<environment.Job instance at 0x149498166e10>,5,16,[8 1],10,25,41,15,25
1,<environment.Job instance at 0x149498185a50>,18,12,[1 7],27,32,44,5,28
1,<environment.Job instance at 0x149498185d70>,20,19,[2 5],30,44,63,14,41
1,<environment.Job instance at 0x149498185f00>,24,17,[5 2],34,59,76,25,59
1,<environment.Job instance at 0x14949819b820>,33,16,[ 2 10],45,76,92,31,63
1,<environment.Job instance at 0x14947bb47370>,44,17,[10  1],60,92,109,32,80
1,<environment.Job instance at 0x14947bb47b40>,49,15,[5 2],66,109,124,43,95
1,<environment.Job instance at 0x14947bb47d70>,51,15,[7 2],69,124,139,55,120
1,<environment.Job instance at 0x14949818ba00>,64,17,[9 1],86,139,156,53,127
1,<environment.Job instance at 0x1494a02300a0>,2,13,[6 1],4,5,18,1,5
1,<environment.Job instance at 0x1494aa142190>,7,13,[2 6],9,9,22,0,9
1,<environment.Job instance at 0x1494aa142b40>,5,3,[5 1],7,18,21,11,9
1,<environment.Job instance at 0x1494a3076320>,4,16,[7 1],5,5,21,0,5
1,<environment.Job instance at 0x1494a3010f00>,9,16,[2 9],12,16,32,4,16
1,<environment.Job instance at 0x1494a1dd0b40>,12,14,[ 1 10],17,32,46,15,17
1,<environment.Job instance at 0x14947bf537d0>,13,15,[6 1],22,27,42,5,27
1,<environment.Job instance at 0x1494983dc8c0>,35,13,[8 2],56,183,196,127,183
1,<environment.Job instance at 0x149498179320>,46,16,[1 6],72,190,206,118,190
1,<environment.Job instance at 0x1494981790a0>,47,15,[10  2],73,206,221,133,192
1,<environment.Job instance at 0x1494983dc910>,1,15,[6 1],3,4,19,1,4
1,<environment.Job instance at 0x1494a14cc370>,5,1,[8 1],8,19,20,11,8
1,<environment.Job instance at 0x1494a14ccc80>,9,14,[ 1 10],14,20,34,6,15
1,<environment.Job instance at 0x1494a00fa140>,18,17,[5 1],24,34,51,10,25
1,<environment.Job instance at 0x149498365cd0>,26,21,[9 2],32,51,72,19,48
1,<environment.Job instance at 0x14947bbca0f0>,40,15,[6 2],52,72,87,20,72
1,<environment.Job instance at 0x14947bbcaf00>,44,16,[2 7],57,74,90,17,74
1,<environment.Job instance at 0x14947bd28550>,49,3,[9 2],63,94,97,31,94
1,<environment.Job instance at 0x14949807a870>,62,12,[2 9],79,101,113,22,101
1,<environment.Job instance at 0x14949831a780>,63,15,[2 5],80,124,139,44,124
1,<environment.Job instance at 0x1494a3a45960>,67,16,[8 2],85,135,151,50,135
1,<environment.Job instance at 0x1494a82bc140>,68,3,[1 5],88,139,142,51,137
1,<environment.Job instance at 0x1494a6d4b2d0>,0,16,[7 1],1,2,18,1,2
1,<environment.Job instance at 0x1494a0279f00>,9,15,[6 1],15,18,33,3,16
1,<environment.Job instance at 0x1494a0279be0>,11,17,[8 1],17,33,50,16,21
1,<environment.Job instance at 0x1494a0260730>,24,14,[2 9],37,42,56,5,42
1,<environment.Job instance at 0x1494a0260eb0>,26,13,[7 2],40,56,69,16,52
1,<environment.Job instance at 0x1494a028c960>,43,18,[1 7],66,68,86,2,68
1,<environment.Job instance at 0x1494983ce280>,9,25,[9 1],13,14,39,1,14
1,<environment.Job instance at 0x1494983ce190>,13,13,[10  1],18,39,52,21,31
1,<environment.Job instance at 0x1494a3daaeb0>,24,15,[6 1],33,52,67,19,47
1,<environment.Job instance at 0x1494a3a0af50>,28,17,[10  1],38,67,84,29,56
1,<environment.Job instance at 0x1494a3095190>,37,16,[2 6],48,84,100,36,83
1,<environment.Job instance at 0x1494a3095230>,39,14,[5 2],54,106,120,52,106
1,<environment.Job instance at 0x1494a306b7d0>,44,21,[10  2],62,120,141,58,112
1,<environment.Job instance at 0x1494a306b050>,1,18,[8 1],8,8,26,0,8
1,<environment.Job instance at 0x1494a3e13960>,10,17,[6 2],22,26,43,4,22
1,<environment.Job instance at 0x14947bd7a050>,20,13,[2 8],33,36,49,3,36
1,<environment.Job instance at 0x14947b851140>,25,14,[ 2 10],40,49,63,9,47
1,<environment.Job instance at 0x14947b85abe0>,44,2,[9 2],71,91,93,20,91
1,<environment.Job instance at 0x1494a17a4a50>,47,15,[7 1],77,113,128,36,113
1,<environment.Job instance at 0x14947b842b90>,54,17,[5 2],85,128,145,43,118
1,<environment.Job instance at 0x14947b842190>,57,17,[8 1],89,145,162,56,133
1,<environment.Job instance at 0x14947bd93a50>,0,13,[1 9],1,1,14,0,1
1,<environment.Job instance at 0x14947b894550>,2,15,[9 1],4,4,19,0,4
1,<environment.Job instance at 0x14947b8b1a00>,0,3,[ 2 10],2,2,5,0,2
1,<environment.Job instance at 0x14947b8b16e0>,16,16,[ 2 10],25,26,42,1,26
1,<environment.Job instance at 0x1494a14deb40>,20,15,[7 1],30,42,57,12,41
1,<environment.Job instance at 0x1494a14de4b0>,22,17,[2 9],33,52,69,19,52
1,<environment.Job instance at 0x1494a14de780>,29,12,[ 1 10],40,69,81,29,62
1,<environment.Job instance at 0x1494aade79b0>,31,12,[5 1],42,81,93,39,78
1,<environment.Job instance at 0x1494a0032b90>,43,12,[5 1],59,148,160,89,148
1,<environment.Job instance at 0x1494a0032c30>,44,16,[1 7],61,162,178,101,162
1,<environment.Job instance at 0x1494a00324b0>,46,17,[6 1],65,178,195,113,178
1,<environment.Job instance at 0x14947bc52b40>,55,15,[8 1],76,281,296,205,281
1,<environment.Job instance at 0x1508ba0a89b0>,0,12,[2 5],1,2,14,1,2
1,<environment.Job instance at 0x1508b0443be0>,6,18,[8 1],7,7,25,0,7
1,<environment.Job instance at 0x1508b0443eb0>,8,13,[6 1],9,25,38,16,23
1,<environment.Job instance at 0x1508b0438e10>,24,12,[ 1 10],32,38,50,6,32
1,<environment.Job instance at 0x1508b8caeeb0>,29,16,[10  2],39,50,66,11,39
1,<environment.Job instance at 0x1508b216ff00>,0,13,[7 2],2,2,15,0,2
1,<environment.Job instance at 0x1508b216f9b0>,8,14,[7 1],12,15,29,3,14
1,<environment.Job instance at 0x1508b08f5fa0>,17,2,[1 9],26,28,30,2,28
1,<environment.Job instance at 0x1508b08f5aa0>,20,15,[7 1],29,29,44,0,29
1,<environment.Job instance at 0x1508b228ad70>,25,15,[10  2],35,44,59,9,35
1,<environment.Job instance at 0x1508b228a550>,26,13,[ 1 10],36,59,72,23,44
1,<environment.Job instance at 0x1508b2c9c5a0>,1,13,[ 2 10],2,2,15,0,2
1,<environment.Job instance at 0x1508b22871e0>,4,15,[1 7],5,15,30,10,10
1,<environment.Job instance at 0x1508b2091640>,14,18,[8 1],18,20,38,2,20
1,<environment.Job instance at 0x1508b2091d70>,20,15,[9 2],30,38,53,8,30
1,<environment.Job instance at 0x1508b212a280>,33,18,[7 2],49,53,71,4,49
1,<environment.Job instance at 0x1508b212af00>,35,18,[10  1],56,71,89,15,60
1,<environment.Job instance at 0x1508b20e0460>,44,15,[2 8],68,89,104,21,82
1,<environment.Job instance at 0x1508b2f6f0a0>,0,17,[7 1],2,4,21,2,4
1,<environment.Job instance at 0x1508b2091b90>,3,12,[7 2],7,21,33,14,12
1,<environment.Job instance at 0x15087336b6e0>,13,13,[5 2],21,33,46,12,29
1,<environment.Job instance at 0x15087376e1e0>,26,16,[7 2],44,46,62,2,46
1,<environment.Job instance at 0x15087376ecd0>,28,18,[5 2],47,62,80,15,55
1,<environment.Job instance at 0x1508732d44b0>,34,15,[8 2],56,80,95,24,71
1,<environment.Job instance at 0x15087370e410>,0,14,[1 6],2,2,16,0,2
1,<environment.Job instance at 0x1508b22a8960>,13,14,[1 9],20,20,34,0,20
1,<environment.Job instance at 0x1508730ba7d0>,15,26,[9 1],24,24,50,0,24
1,<environment.Job instance at 0x1508b7d5ac30>,23,27,[1 7],35,43,70,8,43
1,<environment.Job instance at 0x150873737370>,28,2,[1 5],45,70,72,25,53
1,<environment.Job instance at 0x1508b229f460>,36,16,[2 6],56,72,88,16,67
1,<environment.Job instance at 0x150872e21eb0>,9,12,[6 1],12,19,31,7,19
1,<environment.Job instance at 0x150872e239b0>,16,15,[1 8],22,22,37,0,22
1,<environment.Job instance at 0x150872e23c30>,18,19,[2 9],26,68,87,42,68
1,<environment.Job instance at 0x150872e24280>,28,15,[7 1],37,77,92,40,77
1,<environment.Job instance at 0x150872e24690>,33,17,[2 7],44,93,110,49,93
1,<environment.Job instance at 0x150872e246e0>,34,14,[1 6],45,110,124,65,107
1,<environment.Job instance at 0x150872e247d0>,35,17,[9 1],46,112,129,66,112
1,<environment.Job instance at 0x150872e24a50>,39,12,[9 2],50,129,141,79,122
1,<environment.Job instance at 0x150872e24cd0>,43,16,[10  2],54,141,157,87,128
1,<environment.Job instance at 0x150872e24d70>,44,16,[ 2 10],55,165,181,110,165
1,<environment.Job instance at 0x150872e24dc0>,46,15,[2 6],59,227,242,168,227
1,<environment.Job instance at 0x150872e24e60>,48,13,[5 1],61,264,277,203,264
1,<environment.Job instance at 0x150872e282d0>,52,14,[2 8],65,281,295,216,281
1,<environment.Job instance at 0x150872e28550>,55,13,[10  1],68,295,308,227,284
1,<environment.Job instance at 0x150872e28f50>,62,16,[10  1],79,308,324,229,303
1,<environment.Job instance at 0x150872e295f0>,70,18,[2 6],94,397,415,303,397
1,<environment.Job instance at 0x150872e2ec30>,0,12,[1 5],1,1,13,0,1
1,<environment.Job instance at 0x150872e2ed20>,1,13,[7 2],2,7,20,5,7
1,<environment.Job instance at 0x150872f96aa0>,5,16,[1 5],11,14,30,3,14
1,<environment.Job instance at 0x150872f1f910>,12,16,[ 2 10],22,30,46,8,29
1,<environment.Job instance at 0x150872f207d0>,26,27,[1 7],45,47,74,2,47
1,<environment.Job instance at 0x150872f20460>,34,3,[9 2],55,55,58,0,55
1,<environment.Job instance at 0x150872f204b0>,35,2,[2 9],57,74,76,17,57
1,<environment.Job instance at 0x150872f20dc0>,36,15,[2 8],62,76,91,14,62
1,<environment.Job instance at 0x150872f4a320>,37,1,[5 1],63,75,76,12,75
1,<environment.Job instance at 0x150872f6ff50>,50,12,[7 1],86,86,98,0,86
1,<environment.Job instance at 0x1508b7d49aa0>,1,17,[9 2],3,3,20,0,3
1,<environment.Job instance at 0x1508b1bdfe10>,7,13,[2 5],9,20,33,11,16
1,<environment.Job instance at 0x1508731bd190>,17,17,[2 8],26,33,50,7,27
1,<environment.Job instance at 0x1508731bd9b0>,20,16,[1 6],31,50,66,19,46
1,<environment.Job instance at 0x1508b2c155a0>,34,19,[2 5],50,66,85,16,56
1,<environment.Job instance at 0x1508b2c15b90>,35,17,[2 9],51,85,102,34,77
1,<environment.Job instance at 0x150873191320>,47,16,[ 2 10],65,102,118,37,93
1,<environment.Job instance at 0x1508731915f0>,49,14,[8 2],67,118,132,51,108
1,<environment.Job instance at 0x1508b2236e10>,58,17,[10  1],80,132,149,52,120
1,<environment.Job instance at 0x1508b22365a0>,63,15,[5 2],86,149,164,63,142
1,<environment.Job instance at 0x1508ba20ddc0>,69,16,[1 8],93,149,165,56,144
1,<environment.Job instance at 0x1508b0439640>,72,17,[2 5],97,165,182,68,159
1,<environment.Job instance at 0x15087357d960>,7,3,[2 6],11,11,14,0,11
1,<environment.Job instance at 0x15087357d500>,9,13,[6 1],14,17,30,3,17
1,<environment.Job instance at 0x15087357d460>,14,13,[2 6],19,19,32,0,19
1,<environment.Job instance at 0x1508b2334fa0>,3,23,[9 1],6,7,30,1,7
1,<environment.Job instance at 0x1508b2109730>,0,15,[6 1],2,2,17,0,2
1,<environment.Job instance at 0x1508b2c635f0>,2,17,[10  1],6,17,34,11,6
1,<environment.Job instance at 0x1508731d3d70>,22,13,[8 2],36,523,536,487,523
1,<environment.Job instance at 0x1508b2289dc0>,44,12,[9 1],67,542,554,475,542
1,<environment.Job instance at 0x1508733b4c80>,48,15,[6 1],73,554,569,481,544
1,<environment.Job instance at 0x1508b22269b0>,61,18,[2 9],90,566,584,476,566
1,<environment.Job instance at 0x1508b2bc4960>,65,17,[5 1],94,584,601,490,584
1,<environment.Job instance at 0x1508737f4550>,1,21,[9 2],2,3,24,1,3
1,<environment.Job instance at 0x150872dbe0a0>,7,17,[ 2 10],9,27,44,18,27
1,<environment.Job instance at 0x1508b7e24f50>,34,14,[1 9],46,127,141,81,127
1,<environment.Job instance at 0x15087317c730>,48,14,[1 8],63,152,166,89,152
1,<environment.Job instance at 0x1508735d78c0>,70,14,[2 9],97,179,193,82,179
1,<environment.Job instance at 0x150873117d70>,16,18,[1 7],26,27,45,1,27
1,<environment.Job instance at 0x150873117500>,21,15,[ 2 10],34,45,60,11,34
1,<environment.Job instance at 0x1508737940a0>,0,14,[5 2],4,5,19,1,5
1,<environment.Job instance at 0x1508737ca9b0>,5,21,[10  2],12,19,40,7,12
1,<environment.Job instance at 0x1508737ce370>,26,18,[8 1],48,49,67,1,49
1,<environment.Job instance at 0x1508737ceaa0>,31,12,[2 9],57,59,71,2,59
1,<environment.Job instance at 0x1508737cefa0>,35,17,[6 2],62,71,88,9,69
1,<environment.Job instance at 0x1508737d9c80>,45,13,[2 8],73,75,88,2,75
1,<environment.Job instance at 0x1508737f1320>,50,14,[ 2 10],80,88,102,8,82
1,<environment.Job instance at 0x1508b7384050>,2,16,[ 2 10],3,3,19,0,3
1,<environment.Job instance at 0x1508b7456320>,6,17,[9 2],9,19,36,10,9
1,<environment.Job instance at 0x1508b2bad190>,20,17,[8 1],29,36,53,7,33
1,<environment.Job instance at 0x1508b2bad8c0>,24,15,[9 1],34,53,68,19,39
1,<environment.Job instance at 0x1508b2bad1e0>,29,19,[5 2],41,68,87,27,59
1,<environment.Job instance at 0x15087366b690>,48,12,[6 1],63,87,99,24,76
1,<environment.Job instance at 0x1508b7d83370>,61,17,[1 8],82,88,105,6,88
1,<environment.Job instance at 0x1508b7d59a50>,71,16,[7 2],94,99,115,5,95
1,<environment.Job instance at 0x150873252910>,0,16,[5 1],1,4,20,3,4
1,<environment.Job instance at 0x150873459f50>,3,15,[5 1],6,6,21,0,6
1,<environment.Job instance at 0x150872fcdc80>,6,18,[8 2],9,21,39,12,15
1,<environment.Job instance at 0x150872b8d870>,14,18,[1 6],18,33,51,15,33
1,<environment.Job instance at 0x150872ff3c30>,21,16,[2 8],28,51,67,23,49
1,<environment.Job instance at 0x1508b09190a0>,1,1,[1 7],2,8,9,6,8
1,<environment.Job instance at 0x150872b5abe0>,9,2,[2 8],13,13,15,0,13
1,<environment.Job instance at 0x150872b5ac30>,10,2,[8 1],14,17,19,3,17
1,<environment.Job instance at 0x150873146e60>,15,2,[ 1 10],22,22,24,0,22
1,<environment.Job instance at 0x1508731466e0>,16,3,[ 1 10],24,24,27,0,24
1,<environment.Job instance at 0x150872d83320>,4,17,[7 2],6,6,23,0,6
1,<environment.Job instance at 0x150872d83500>,7,16,[6 1],10,23,39,13,20
1,<environment.Job instance at 0x150872cedc30>,18,17,[1 5],26,31,48,5,31
1,<environment.Job instance at 0x1508b7d4f500>,27,18,[10  1],35,48,66,13,37
1,<environment.Job instance at 0x1508b21b8b90>,47,14,[ 2 10],61,66,80,5,64
1,<environment.Job instance at 0x150872ae02d0>,53,14,[10  1],69,80,94,11,72
1,<environment.Job instance at 0x150872de72d0>,59,12,[7 2],77,94,106,17,94
1,<environment.Job instance at 0x1508736e6cd0>,61,17,[6 2],81,141,158,60,141
1,<environment.Job instance at 0x1508b2c98730>,62,13,[ 2 10],82,158,171,76,154
1,<environment.Job instance at 0x1508b2c26690>,66,18,[10  1],86,171,189,85,165
1,<environment.Job instance at 0x1508b428ffa0>,75,14,[9 2],99,189,203,90,186
1,<environment.Job instance at 0x150872c6f320>,0,16,[8 2],1,1,17,0,1
1,<environment.Job instance at 0x150872f21690>,3,13,[8 1],5,17,30,12,10
1,<environment.Job instance at 0x1508729c8730>,14,17,[ 2 10],18,30,47,12,21
1,<environment.Job instance at 0x14e8de3119b0>,0,12,[2 5],1,3,15,2,3
1,<environment.Job instance at 0x14e8d46ace60>,6,18,[8 1],7,7,25,0,7
1,<environment.Job instance at 0x14e8d46acd20>,8,13,[6 1],9,25,38,16,23
1,<environment.Job instance at 0x14e8d46a2c80>,24,12,[ 1 10],32,38,50,6,32
1,<environment.Job instance at 0x14e8d46a10a0>,29,16,[10  2],39,50,66,11,39
1,<environment.Job instance at 0x14e8d6349460>,1,14,[7 1],2,2,16,0,2
1,<environment.Job instance at 0x14e8dc031140>,13,15,[7 1],19,23,38,4,23
1,<environment.Job instance at 0x14e8dc031be0>,17,12,[9 2],24,38,50,14,32
1,<environment.Job instance at 0x14e8dc031780>,20,16,[8 1],27,50,66,23,46
1,<environment.Job instance at 0x14e8dc031af0>,21,17,[1 9],29,64,81,35,64
1,<environment.Job instance at 0x14e8dc031730>,22,13,[2 9],30,81,94,51,76
1,<environment.Job instance at 0x14e8d64e77d0>,27,15,[5 1],35,93,108,58,93
1,<environment.Job instance at 0x14e8d64e7500>,28,18,[1 8],36,109,127,73,109
1,<environment.Job instance at 0x14e8d64fa460>,0,17,[1 6],1,1,18,0,1
1,<environment.Job instance at 0x14e8d631b870>,17,18,[7 2],29,29,47,0,29
1,<environment.Job instance at 0x14e8d63108c0>,19,18,[10  1],36,47,65,11,38
1,<environment.Job instance at 0x14e8d0175cd0>,0,12,[7 1],1,1,13,0,1
1,<environment.Job instance at 0x14e8d63915a0>,1,20,[8 2],2,13,33,11,11
1,<environment.Job instance at 0x14e8d6435910>,16,15,[8 2],26,33,48,7,31
1,<environment.Job instance at 0x14e8d0181690>,28,18,[ 1 10],46,53,71,7,53
1,<environment.Job instance at 0x14e8d645eaa0>,33,16,[9 1],53,71,87,18,59
1,<environment.Job instance at 0x14e8d01d9b90>,56,14,[1 6],89,89,103,0,89
1,<environment.Job instance at 0x14e8d01d9820>,57,14,[1 9],90,103,117,13,98
1,<environment.Job instance at 0x14e89b2d4370>,0,13,[ 2 10],2,2,15,0,2
1,<environment.Job instance at 0x14e8d00eee60>,6,3,[1 5],10,15,18,5,10
1,<environment.Job instance at 0x14e8d6582c80>,10,16,[2 6],16,18,34,2,17
1,<environment.Job instance at 0x14e8d653e690>,13,14,[9 1],20,34,48,14,26
1,<environment.Job instance at 0x14e8d6f39d20>,20,15,[10  1],29,48,63,19,34
1,<environment.Job instance at 0x14e89b464820>,46,27,[ 2 10],63,66,93,3,66
1,<environment.Job instance at 0x14e89b293410>,48,2,[2 7],66,93,95,27,70
1,<environment.Job instance at 0x14e89b614b40>,53,12,[6 1],72,93,105,21,76
1,<environment.Job instance at 0x14e89b614cd0>,62,19,[2 9],86,101,120,15,101
1,<environment.Job instance at 0x14e89b43fd20>,3,16,[10  2],4,4,20,0,4
1,<environment.Job instance at 0x14e89b0a5550>,8,13,[5 1],11,20,33,9,12
1,<environment.Job instance at 0x14e89b0a5910>,10,14,[6 1],13,33,47,20,19
1,<environment.Job instance at 0x14e89b0a5c80>,15,13,[10  1],18,47,60,29,32
1,<environment.Job instance at 0x14e89b0a6460>,22,16,[10  1],29,60,76,31,50
1,<environment.Job instance at 0x14e89b0a84b0>,36,13,[7 2],52,76,89,24,73
1,<environment.Job instance at 0x14e89b0a8e10>,45,26,[2 8],68,93,119,25,93
1,<environment.Job instance at 0x14e89b0aa820>,51,16,[2 7],81,119,135,38,110
1,<environment.Job instance at 0x14e89b0ac320>,63,17,[2 8],97,135,152,38,131
1,<environment.Job instance at 0x14e89b0a5780>,0,15,[2 8],2,2,17,0,2
1,<environment.Job instance at 0x14e89b0a59b0>,2,13,[10  1],5,17,30,12,5
1,<environment.Job instance at 0x14e89b1de460>,6,15,[2 7],10,30,45,20,27
1,<environment.Job instance at 0x14e89b1def50>,14,12,[7 1],26,42,54,16,42
1,<environment.Job instance at 0x14e8d520ba00>,1,13,[2 8],3,3,16,0,3
1,<environment.Job instance at 0x14e8dc019a00>,6,17,[10  1],10,16,33,6,10
1,<environment.Job instance at 0x14e89b395730>,22,15,[9 2],30,34,49,4,34
1,<environment.Job instance at 0x14e8d02f6cd0>,26,17,[9 1],36,49,66,13,42
1,<environment.Job instance at 0x14e89b30a0a0>,32,13,[6 1],44,66,79,22,62
1,<environment.Job instance at 0x14e89b30a2d0>,37,13,[2 6],49,66,79,17,63
1,<environment.Job instance at 0x14e89b30a550>,42,13,[2 8],56,79,92,23,63
1,<environment.Job instance at 0x14e89b30ab90>,43,16,[6 1],57,79,95,22,67
1,<environment.Job instance at 0x14e8d0294230>,53,13,[10  1],69,95,108,26,81
1,<environment.Job instance at 0x14e89b42f640>,55,14,[2 9],71,108,122,37,95
1,<environment.Job instance at 0x14e8dbf56320>,62,17,[1 8],78,123,140,45,123
1,<environment.Job instance at 0x14e8dd723820>,72,17,[1 7],90,157,174,67,157
1,<environment.Job instance at 0x14e89b4c4410>,37,15,[2 5],59,198,213,139,198
1,<environment.Job instance at 0x14e89b4c45f0>,38,14,[7 1],60,213,227,153,213
1,<environment.Job instance at 0x14e89b4c4eb0>,53,13,[2 9],86,254,267,168,254
1,<environment.Job instance at 0x14e8d01813c0>,1,16,[1 8],2,2,18,0,2
1,<environment.Job instance at 0x14e89b4c4460>,4,16,[7 1],5,11,27,6,11
1,<environment.Job instance at 0x14e8dd593820>,11,23,[9 1],16,27,50,11,21
1,<environment.Job instance at 0x14e8d64fd730>,0,15,[6 1],2,2,17,0,2
1,<environment.Job instance at 0x14e89b677730>,2,17,[10  1],6,17,34,11,6
1,<environment.Job instance at 0x14e89afbb960>,3,18,[1 7],6,7,25,1,7
1,<environment.Job instance at 0x14e8d4b49e10>,17,18,[5 2],27,27,45,0,27
1,<environment.Job instance at 0x14e89b63a5f0>,29,25,[9 1],43,48,73,5,48
1,<environment.Job instance at 0x14e8de212910>,57,16,[2 6],78,2067,2083,1989,2067
1,<environment.Job instance at 0x14e8de212190>,59,14,[5 2],84,2081,2095,1997,2081
1,<environment.Job instance at 0x14e8db682eb0>,64,21,[10  2],92,2095,2116,2003,2088
1,<environment.Job instance at 0x14e8dd5895a0>,0,20,[9 1],1,1,21,0,1
1,<environment.Job instance at 0x14e89b65ba50>,0,19,[5 2],1,1,20,0,1
1,<environment.Job instance at 0x14e8d0306b40>,6,15,[8 2],7,20,35,13,11
1,<environment.Job instance at 0x14e8d03116e0>,18,15,[9 1],22,35,50,13,26
1,<environment.Job instance at 0x14e8d0311910>,20,13,[8 1],24,50,63,26,45
1,<environment.Job instance at 0x14e8d0311c30>,24,14,[ 2 10],28,63,77,35,62
1,<environment.Job instance at 0x14e8d0311cd0>,32,17,[1 8],42,77,94,35,74
1,<environment.Job instance at 0x14e8d02e40a0>,33,15,[10  1],43,94,109,51,82
1,<environment.Job instance at 0x14e8d02e45a0>,35,12,[1 7],46,137,149,91,137
1,<environment.Job instance at 0x14e8d02e4960>,42,16,[7 2],54,169,185,115,169
1,<environment.Job instance at 0x14e8d63db0f0>,0,3,[10  1],1,1,4,0,1
1,<environment.Job instance at 0x14e8d0309690>,1,14,[6 1],3,7,21,4,7
1,<environment.Job instance at 0x14e8d01351e0>,7,12,[1 7],14,14,26,0,14
1,<environment.Job instance at 0x14e8d63f5e10>,10,17,[5 2],20,28,45,8,28
1,<environment.Job instance at 0x14e8d63f5d20>,17,17,[2 6],30,40,57,10,40
1,<environment.Job instance at 0x14e8d63f5280>,22,16,[10  2],37,57,73,20,48
1,<environment.Job instance at 0x14e8d6f58410>,29,16,[5 2],46,73,89,27,70
1,<environment.Job instance at 0x14e8d63f5c30>,1,17,[6 1],2,2,19,0,2
1,<environment.Job instance at 0x14e89b707820>,5,17,[2 7],8,15,32,7,15
1,<environment.Job instance at 0x14e89b707e10>,12,12,[5 2],19,25,37,6,25
1,<environment.Job instance at 0x14e89adbdcd0>,48,17,[1 5],66,66,83,0,66
1,<environment.Job instance at 0x14e89adc2a50>,57,18,[10  1],75,83,101,8,78
1,<environment.Job instance at 0x14e89adf3690>,67,14,[9 2],89,101,115,12,94
1,<environment.Job instance at 0x14e8d030d230>,72,14,[2 8],95,115,129,20,100
1,<environment.Job instance at 0x14e89b716460>,77,14,[ 2 10],101,129,143,28,114
1,<environment.Job instance at 0x14e89add5a00>,4,12,[7 2],7,9,21,2,9
1,<environment.Job instance at 0x14e89b6916e0>,6,17,[6 2],11,21,38,10,14
1,<environment.Job instance at 0x14e8d6584cd0>,11,18,[10  1],16,38,56,22,27
1,<environment.Job instance at 0x14e8db6b79b0>,37,18,[2 5],50,56,74,6,56
1,<environment.Job instance at 0x14e89b15f410>,1,16,[7 2],2,2,18,0,2
1,<environment.Job instance at 0x14e89b15f6e0>,2,12,[9 1],3,18,30,15,12
1,<environment.Job instance at 0x14e89b15fa50>,10,13,[1 8],18,22,35,4,22
1,<environment.Job instance at 0x14e89b7d9eb0>,14,12,[2 8],25,35,47,10,25
1,<environment.Job instance at 0x14e89b7d9c30>,15,14,[10  2],26,47,61,21,32
1,<environment.Job instance at 0x14e8d6e42960>,26,16,[9 2],43,61,77,18,56
1,<environment.Job instance at 0x14e89b356500>,38,13,[2 8],63,77,90,14,72
1,<environment.Job instance at 0x14e8dc041e10>,44,15,[2 7],71,90,105,19,79
1,<environment.Job instance at 0x14e8dc041aa0>,50,13,[6 1],78,84,97,6,84
1,<environment.Job instance at 0x14e8d4b60460>,55,17,[9 1],84,105,122,21,93
1,<environment.Job instance at 0x14e8d6309d20>,62,18,[8 1],97,122,140,25,121
1,<environment.Job instance at 0x14e8d6de70a0>,3,17,[ 1 10],5,5,22,0,5
1,<environment.Job instance at 0x14e89b0b04b0>,6,13,[7 2],11,22,35,11,15
1,<environment.Job instance at 0x14e89b0b0730>,14,18,[10  2],22,35,53,13,24
1,<environment.Job instance at 0x14e89b714910>,18,12,[5 2],27,53,65,26,51
1,<environment.Job instance at 0x14e89ad2a0a0>,31,17,[6 2],55,65,82,10,65
1,<environment.Job instance at 0x14e8db6d6a50>,42,17,[6 1],73,82,99,9,73
1,<environment.Job instance at 0x14e8db613690>,46,13,[7 2],81,99,112,18,83
1,<environment.Job instance at 0x14e8d64a1640>,54,16,[5 2],95,112,128,17,107
1,<environment.Job instance at 0x14e89b2672d0>,60,18,[8 2],102,128,146,26,117
1,<environment.Job instance at 0x14aed93369b0>,0,12,[2 5],1,1,13,0,1
1,<environment.Job instance at 0x14aecf6d1d20>,6,18,[8 1],7,7,25,0,7
1,<environment.Job instance at 0x14aecf6d1be0>,8,13,[6 1],9,27,40,18,27
1,<environment.Job instance at 0x14aecf6c6d20>,29,16,[10  2],39,40,56,1,39
1,<environment.Job instance at 0x14aecf6c6be0>,30,15,[2 9],40,56,71,16,42
1,<environment.Job instance at 0x14aecf8fcf50>,3,2,[1 9],6,6,8,0,6
1,<environment.Job instance at 0x14aed0234e60>,6,15,[7 1],9,9,24,0,9
1,<environment.Job instance at 0x14aed1f33dc0>,4,18,[7 2],9,9,27,0,9
1,<environment.Job instance at 0x14aed6f7f820>,6,18,[10  1],16,27,45,11,16
1,<environment.Job instance at 0x14aed6f7f8c0>,9,14,[2 8],19,45,59,26,34
1,<environment.Job instance at 0x14aed6739c30>,20,16,[1 7],34,59,75,25,47
1,<environment.Job instance at 0x14aecc193230>,1,1,[1 5],2,2,3,0,2
1,<environment.Job instance at 0x14ae9a68d640>,2,18,[8 2],3,3,21,0,3
1,<environment.Job instance at 0x14aecc1f7a00>,6,17,[2 9],7,21,38,14,9
1,<environment.Job instance at 0x14aecc16e280>,25,12,[6 1],32,38,50,6,38
1,<environment.Job instance at 0x14aecc17a370>,27,1,[7 1],36,50,51,14,40
1,<environment.Job instance at 0x14aed1455280>,29,1,[7 2],38,51,52,13,41
1,<environment.Job instance at 0x14aed700e6e0>,31,2,[5 2],40,52,54,12,43
1,<environment.Job instance at 0x14aecc09e0a0>,33,3,[1 7],43,48,51,5,48
1,<environment.Job instance at 0x14aecc09e410>,34,19,[2 9],46,54,73,8,48
1,<environment.Job instance at 0x14ae9aa72be0>,0,12,[1 5],1,1,13,0,1
1,<environment.Job instance at 0x14aed700ff50>,1,13,[7 2],2,2,15,0,2
1,<environment.Job instance at 0x14ae9a4df910>,4,18,[1 5],7,15,33,8,15
1,<environment.Job instance at 0x14ae9a4dfe60>,12,16,[ 2 10],22,33,49,11,23
1,<environment.Job instance at 0x14ae9a4e1690>,16,16,[2 7],31,49,65,18,44
1,<environment.Job instance at 0x14ae9a4e24b0>,27,21,[1 8],46,70,91,24,70
1,<environment.Job instance at 0x14ae9a4e2cd0>,38,13,[10  1],65,91,104,26,76
1,<environment.Job instance at 0x14ae9a4e2f50>,42,15,[2 7],70,104,119,34,103
1,<environment.Job instance at 0x14ae9a4e46e0>,50,12,[7 1],86,116,128,30,116
1,<environment.Job instance at 0x14ae9a4e4c30>,54,16,[ 1 10],92,128,144,36,128
1,<environment.Job instance at 0x14ae9a4e7910>,65,12,[2 8],105,144,156,39,144
1,<environment.Job instance at 0x14ae9a4e2050>,2,1,[9 1],5,5,6,0,5
1,<environment.Job instance at 0x14ae9a5bbaa0>,3,17,[2 8],6,7,24,1,7
1,<environment.Job instance at 0x14ae9a5bb460>,5,16,[8 1],10,16,32,6,16
1,<environment.Job instance at 0x14ae9a61d1e0>,12,16,[1 9],19,29,45,10,29
1,<environment.Job instance at 0x14ae9a61d730>,18,12,[1 7],27,45,57,18,35
1,<environment.Job instance at 0x14ae9a61d9b0>,21,17,[2 9],31,57,74,26,45
1,<environment.Job instance at 0x14ae9a5d0730>,35,14,[8 2],47,74,88,27,65
1,<environment.Job instance at 0x14ae9a618af0>,39,13,[2 8],53,74,87,21,67
1,<environment.Job instance at 0x14ae9a618dc0>,44,17,[10  1],60,88,105,28,76
1,<environment.Job instance at 0x14ae9a66ec30>,51,15,[7 2],69,105,120,36,100
1,<environment.Job instance at 0x14ae9a66e6e0>,55,16,[1 8],73,116,132,43,116
1,<environment.Job instance at 0x14aed708bcd0>,58,17,[2 5],77,133,150,56,133
1,<environment.Job instance at 0x14ae9a559280>,64,17,[9 1],86,150,167,64,138
1,<environment.Job instance at 0x14ae9a5a4690>,75,13,[2 6],99,167,180,68,152
1,<environment.Job instance at 0x14aed14275f0>,79,17,[2 7],105,180,197,75,180
1,<environment.Job instance at 0x14aecc11ba00>,87,13,[2 9],113,197,210,84,181
1,<environment.Job instance at 0x14ae9a595870>,91,13,[10  1],119,210,223,91,194
1,<environment.Job instance at 0x14aed1e20eb0>,0,14,[2 9],1,1,15,0,1
1,<environment.Job instance at 0x14aed6fcd190>,7,17,[1 8],8,15,32,7,9
1,<environment.Job instance at 0x14aed1efc2d0>,12,13,[7 2],14,25,38,11,25
1,<environment.Job instance at 0x14aed22ab500>,21,18,[6 1],25,41,59,16,41
1,<environment.Job instance at 0x14ae9a7e7500>,26,16,[6 2],31,59,75,28,47
1,<environment.Job instance at 0x14ae9a6cee60>,39,17,[1 7],50,97,114,47,97
1,<environment.Job instance at 0x14ae9a6cefa0>,47,14,[1 6],63,114,128,51,113
1,<environment.Job instance at 0x14ae9ab15410>,56,12,[5 2],77,198,210,121,198
1,<environment.Job instance at 0x14aed152de10>,75,14,[9 1],104,235,249,131,235
1,<environment.Job instance at 0x14ae9a5ed870>,82,17,[1 8],118,260,277,142,260
1,<environment.Job instance at 0x14aed21e80f0>,0,17,[1 6],1,1,18,0,1
1,<environment.Job instance at 0x14aed21e82d0>,2,13,[2 9],6,18,31,12,6
1,<environment.Job instance at 0x14ae9a3e0be0>,1,1,[7 1],4,5,6,1,5
1,<environment.Job instance at 0x14aecf9216e0>,3,15,[1 9],6,6,21,0,6
1,<environment.Job instance at 0x14ae9a96b050>,13,15,[6 1],22,22,37,0,22
1,<environment.Job instance at 0x14ae9a96be10>,15,17,[10  1],26,37,54,11,26
1,<environment.Job instance at 0x14aecc106e10>,1,21,[9 2],2,2,23,0,2
1,<environment.Job instance at 0x14ae9a9cdc30>,7,17,[ 2 10],9,31,48,22,31
1,<environment.Job instance at 0x14ae9a9ea5f0>,19,16,[2 7],27,57,73,30,57
1,<environment.Job instance at 0x14ae9a9eab40>,25,17,[5 2],34,107,124,73,107
1,<environment.Job instance at 0x14ae9a9eae60>,30,17,[5 2],40,125,142,85,125
1,<environment.Job instance at 0x14ae9a9dc0f0>,34,14,[1 9],46,148,162,102,148
1,<environment.Job instance at 0x14ae9a9dc320>,37,12,[2 9],49,162,174,113,156
1,<environment.Job instance at 0x14ae9a9dc3c0>,38,15,[2 5],50,194,209,144,194
1,<environment.Job instance at 0x14ae9a9dc5a0>,41,17,[7 1],54,229,246,175,229
1,<environment.Job instance at 0x14ae9a9dc730>,42,16,[8 2],55,246,262,191,246
1,<environment.Job instance at 0x14ae9a9dca00>,46,16,[7 1],61,354,370,293,354
1,<environment.Job instance at 0x14ae9a9c6050>,55,15,[6 1],75,371,386,296,371
1,<environment.Job instance at 0x14ae9a9c63c0>,57,17,[8 1],77,386,403,309,382
1,<environment.Job instance at 0x14ae9a9c6640>,61,16,[2 5],81,418,434,337,418
1,<environment.Job instance at 0x14ae9a9c6aa0>,67,15,[8 1],89,432,447,343,432
1,<environment.Job instance at 0x14ae9a9c6be0>,70,14,[2 9],97,445,459,348,445
1,<environment.Job instance at 0x14ae9a9c6e10>,72,13,[7 2],100,468,481,368,468
1,<environment.Job instance at 0x14aed6fef050>,3,18,[1 7],6,6,24,0,6
1,<environment.Job instance at 0x14aecc1cf140>,8,15,[ 2 10],14,24,39,10,15
1,<environment.Job instance at 0x14aecc103460>,29,25,[9 1],43,43,68,0,43
1,<environment.Job instance at 0x14aed673c230>,44,15,[6 1],63,472,487,409,472
1,<environment.Job instance at 0x14aed7047870>,48,17,[10  1],68,487,504,419,475
1,<environment.Job instance at 0x14aed517aaa0>,59,14,[5 2],84,525,539,441,525
1,<environment.Job instance at 0x14aed517a1e0>,64,21,[10  2],92,539,560,447,532
1,<environment.Job instance at 0x14ae9a745410>,74,12,[5 2],109,561,573,452,561
1,<environment.Job instance at 0x14ae9a745370>,76,20,[9 1],111,575,595,464,575
1,<environment.Job instance at 0x14aed13f2370>,6,12,[2 9],17,17,29,0,17
1,<environment.Job instance at 0x14aed666ebe0>,10,17,[6 2],22,29,46,7,26
1,<environment.Job instance at 0x14aed6654910>,20,13,[2 8],33,37,50,4,37
1,<environment.Job instance at 0x14aed89fe500>,25,14,[ 2 10],40,50,64,10,44
1,<environment.Job instance at 0x14ae9a303370>,47,15,[7 1],77,143,158,66,143
1,<environment.Job instance at 0x14ae9a303f50>,49,12,[7 2],79,158,170,79,152
1,<environment.Job instance at 0x14ae9a303320>,53,16,[1 7],83,159,175,76,159
1,<environment.Job instance at 0x14ae9a303d20>,57,17,[8 1],89,170,187,81,163
1,<environment.Job instance at 0x14ae9a303640>,59,13,[1 9],91,176,189,85,176
1,<environment.Job instance at 0x14ae9a303d70>,61,15,[9 1],94,187,202,93,178
1,<environment.Job instance at 0x14ae9a669820>,72,15,[8 2],107,202,217,95,197
1,<environment.Job instance at 0x14ae9a180050>,79,3,[2 8],116,202,205,86,198
1,<environment.Job instance at 0x14aed65fb0f0>,2,12,[6 1],3,4,16,1,4
1,<environment.Job instance at 0x14ae9a724d20>,7,14,[ 2 10],8,16,30,8,8
1,<environment.Job instance at 0x14aed157a050>,15,17,[1 8],22,30,47,8,23
1,<environment.Job instance at 0x14aed157ae10>,18,12,[1 7],26,47,59,21,45
1,<environment.Job instance at 0x14ae9a6f5280>,4,16,[10  2],7,7,23,0,7
1,<environment.Job instance at 0x14ae9a6f59b0>,11,16,[5 2],16,23,39,7,20
1,<environment.Job instance at 0x14ae9a6be820>,5,13,[2 5],7,12,25,5,12
1,<environment.Job instance at 0x14ae9a09b500>,18,17,[1 5],26,29,46,3,29
1,<environment.Job instance at 0x14aed1ede0a0>,27,18,[10  1],35,46,64,11,36
1,<environment.Job instance at 0x14aed1ede410>,29,15,[2 7],37,64,79,27,62
1,<environment.Job instance at 0x14aed1ede780>,41,16,[8 1],54,65,81,11,65
1,<environment.Job instance at 0x14aed1ede960>,42,14,[2 8],55,79,93,24,73
1,<environment.Job instance at 0x14aed1ede3c0>,43,15,[8 2],56,92,107,36,92
1,<environment.Job instance at 0x14aed1ec3e60>,47,14,[ 2 10],61,107,121,46,101
1,<environment.Job instance at 0x14aed1ec3460>,51,16,[1 6],66,121,137,55,112
1,<environment.Job instance at 0x14aed1ec3cd0>,53,14,[10  1],69,137,151,68,122
1,<environment.Job instance at 0x14ae9a0a9d70>,59,12,[7 2],77,151,163,74,141
1,<environment.Job instance at 0x14ae9a0a9370>,61,17,[6 2],81,187,204,106,187
1,<environment.Job instance at 0x14ae9a0a93c0>,62,13,[ 2 10],82,204,217,122,197
1,<environment.Job instance at 0x14ae9a0a9cd0>,66,18,[10  1],86,217,235,131,206
1,<environment.Job instance at 0x14ae9a187910>,75,14,[9 2],99,235,249,136,232
1,<environment.Job instance at 0x14ae9a187780>,76,16,[8 2],101,249,265,148,236
1,<environment.Job instance at 0x14ae9a187a50>,79,13,[8 1],105,265,278,160,263
1,<environment.Job instance at 0x14ae9a187140>,82,12,[9 1],108,278,290,170,263
1,<environment.Job instance at 0x14aecfb53730>,90,17,[ 2 10],118,290,307,172,286
1,<environment.Job instance at 0x14aecfb53c30>,0,3,[2 7],1,1,4,0,1
1,<environment.Job instance at 0x14ae9a20be10>,0,18,[2 9],1,1,19,0,1
1,<environment.Job instance at 0x14ae9a20b230>,6,18,[7 2],10,19,37,9,13
1,<environment.Job instance at 0x14aed220d3c0>,13,13,[6 1],18,37,50,19,34
1,<environment.Job instance at 0x14aed13fcc30>,25,18,[8 1],37,50,68,13,45
1,<environment.Job instance at 0x14aecfbefcd0>,36,17,[ 1 10],55,79,96,24,79
1,<environment.Job instance at 0x14aecc21a690>,47,18,[10  2],72,96,114,24,86
1,<environment.Job instance at 0x14aecc21a870>,49,14,[1 7],74,114,128,40,114
1,<environment.Job instance at 0x14ae9a91df50>,51,12,[5 2],77,154,166,77,154
1,<environment.Job instance at 0x14ae9a91d0f0>,58,15,[7 1],87,175,190,88,175
1,<environment.Job instance at 0x14ae9a91de10>,62,14,[7 1],99,190,204,91,189
1,<environment.Job instance at 0x14ae9a91d550>,64,17,[6 2],105,204,221,99,203
1,<environment.Job instance at 0x14ae9a91d870>,67,14,[10  2],109,221,235,112,211
1,<environment.Job instance at 0x14ae9a91d230>,69,17,[1 9],111,235,252,124,229
1,<environment.Job instance at 0x14ae9a966b40>,4,18,[2 8],8,8,26,0,8
1,<environment.Job instance at 0x14ae9a1060a0>,5,13,[7 2],11,18,31,7,18
1,<environment.Job instance at 0x14ae9a4e1d20>,13,16,[5 2],25,31,47,6,30
1,<environment.Job instance at 0x14ae9a4e1f00>,19,18,[8 2],32,47,65,15,41
1,<environment.Job instance at 0x14ae9a74a3c0>,28,18,[7 2],49,65,83,16,60
1,<environment.Job instance at 0x14aed0232fa0>,1,16,[ 1 10],3,3,19,0,3
1,<environment.Job instance at 0x14aecc2320a0>,2,20,[10  2],4,19,39,15,10
1,<environment.Job instance at 0x14ae9a544690>,19,14,[2 7],33,39,53,6,34
1,<environment.Job instance at 0x14aed1ec3500>,22,18,[6 1],36,58,76,22,58
1,<environment.Job instance at 0x14aed6fef370>,37,14,[1 9],58,71,85,13,71
1,<environment.Job instance at 0x14aed14f3c30>,51,13,[1 5],87,88,101,1,88
1,<environment.Job instance at 0x14aecc277fa0>,56,18,[1 8],93,103,121,10,103
1,<environment.Job instance at 0x14ae9a801aa0>,61,16,[ 2 10],103,121,137,18,108
1,<environment.Job instance at 0x14aed224c6e0>,62,13,[8 1],104,137,150,33,122
1,<environment.Job instance at 0x1525a7d3c9b0>,0,12,[2 5],1,2,14,1,2
1,<environment.Job instance at 0x15259e0d7be0>,6,18,[8 1],7,7,25,0,7
1,<environment.Job instance at 0x15259e0d7eb0>,8,13,[6 1],9,25,38,16,23
1,<environment.Job instance at 0x15259e0cc370>,29,16,[10  2],39,39,55,0,39
1,<environment.Job instance at 0x15259e0cc0f0>,30,15,[2 9],40,55,70,15,52
1,<environment.Job instance at 0x15259e32b370>,49,16,[8 2],66,77,93,11,77
1,<environment.Job instance at 0x15259e32b9b0>,50,12,[9 1],68,93,105,25,89
1,<environment.Job instance at 0x15259e32b190>,55,16,[2 5],76,107,123,31,107
1,<environment.Job instance at 0x15259e3283c0>,58,15,[2 9],82,130,145,48,130
1,<environment.Job instance at 0x15259e328c80>,60,17,[8 1],86,149,166,63,149
1,<environment.Job instance at 0x15259e32a9b0>,64,12,[9 1],91,166,178,75,160
1,<environment.Job instance at 0x15259e32a550>,72,13,[7 2],102,178,191,76,177
1,<environment.Job instance at 0x15259e3294b0>,80,14,[7 1],112,234,248,122,234
1,<environment.Job instance at 0x15259e329dc0>,92,15,[7 1],129,256,271,127,256
1,<environment.Job instance at 0x15259e601fa0>,2,12,[9 2],4,4,16,0,4
1,<environment.Job instance at 0x15259e601960>,3,15,[10  2],5,16,31,11,6
1,<environment.Job instance at 0x15259e589f00>,12,15,[5 1],15,40,55,25,40
1,<environment.Job instance at 0x1525a598f410>,20,15,[9 2],27,55,70,28,55
1,<environment.Job instance at 0x1525a598fc80>,21,18,[2 6],28,70,88,42,68
1,<environment.Job instance at 0x1525a598f190>,23,1,[1 7],30,119,120,89,119
1,<environment.Job instance at 0x1525a598f140>,24,3,[9 1],33,123,126,90,123
1,<environment.Job instance at 0x15259fe090a0>,34,12,[7 2],47,255,267,208,255
1,<environment.Job instance at 0x15259fe09cd0>,37,14,[8 2],52,267,281,215,263
1,<environment.Job instance at 0x15259fda4050>,40,14,[8 1],56,306,320,250,306
1,<environment.Job instance at 0x15259fda4a00>,49,12,[7 1],71,330,342,259,330
1,<environment.Job instance at 0x15259fda4d20>,57,16,[7 2],84,343,359,259,343
1,<environment.Job instance at 0x15259fe1f550>,59,18,[5 2],87,363,381,276,363
1,<environment.Job instance at 0x15259fe1fe10>,61,13,[1 7],90,378,391,288,378
1,<environment.Job instance at 0x15259fe1fd20>,65,15,[8 2],96,386,401,290,386
1,<environment.Job instance at 0x15259fec7aa0>,2,18,[6 2],6,8,26,2,8
1,<environment.Job instance at 0x15259fec7960>,5,14,[1 6],12,14,28,2,14
1,<environment.Job instance at 0x1525a7404640>,17,14,[1 6],29,29,43,0,29
1,<environment.Job instance at 0x1525a7404960>,18,14,[1 9],30,43,57,13,33
1,<environment.Job instance at 0x152584f83780>,28,27,[1 7],45,58,85,13,58
1,<environment.Job instance at 0x152584fc3640>,41,16,[2 6],66,85,101,19,72
1,<environment.Job instance at 0x152584ded910>,0,15,[1 8],2,2,17,0,2
1,<environment.Job instance at 0x15259fe79e60>,2,19,[2 9],6,23,42,17,23
1,<environment.Job instance at 0x152584e95f50>,12,15,[7 1],17,50,65,33,50
1,<environment.Job instance at 0x1525a0947f50>,17,17,[2 7],24,127,144,103,127
1,<environment.Job instance at 0x152584e95c80>,18,14,[1 6],25,145,159,120,145
1,<environment.Job instance at 0x1525a097a2d0>,19,17,[9 1],26,155,172,129,155
1,<environment.Job instance at 0x1525a097a0a0>,23,12,[9 2],30,172,184,142,165
1,<environment.Job instance at 0x1525a097a5f0>,27,16,[10  2],34,184,200,150,178
1,<environment.Job instance at 0x15259ffaf140>,28,16,[ 2 10],35,206,222,171,206
1,<environment.Job instance at 0x1525a094d230>,30,15,[2 6],39,271,286,232,271
1,<environment.Job instance at 0x15259ffafa50>,32,13,[5 1],41,290,303,249,290
1,<environment.Job instance at 0x15258528d640>,34,14,[6 1],43,395,409,352,395
1,<environment.Job instance at 0x15259c09b550>,36,14,[2 8],45,413,427,368,413
1,<environment.Job instance at 0x15259c09b190>,39,13,[10  1],48,427,440,379,421
1,<environment.Job instance at 0x15259ff50be0>,46,16,[10  1],59,440,456,381,427
1,<environment.Job instance at 0x15259ff50690>,54,18,[2 6],74,500,518,426,500
1,<environment.Job instance at 0x15259ff50a50>,57,14,[2 5],78,541,555,463,541
1,<environment.Job instance at 0x15258533a140>,75,16,[2 7],111,555,571,444,549
1,<environment.Job instance at 0x15259fe83dc0>,83,14,[2 8],123,571,585,448,561
1,<environment.Job instance at 0x152584f74d70>,87,17,[2 8],127,585,602,458,583
1,<environment.Job instance at 0x15259ff375f0>,2,17,[1 9],4,4,21,0,4
1,<environment.Job instance at 0x152584ad3870>,5,15,[2 8],12,21,36,9,12
1,<environment.Job instance at 0x152584ad36e0>,6,1,[5 1],13,13,14,0,13
1,<environment.Job instance at 0x152584ad39b0>,7,13,[10  1],15,36,49,21,20
1,<environment.Job instance at 0x152584ae1d70>,0,25,[9 1],1,1,26,0,1
1,<environment.Job instance at 0x152584baf1e0>,4,15,[5 2],6,26,41,20,23
1,<environment.Job instance at 0x152584c29b90>,19,17,[9 1],26,41,58,15,29
1,<environment.Job instance at 0x152584bed410>,34,17,[2 7],45,61,78,16,61
1,<environment.Job instance at 0x152584bed5a0>,35,13,[2 8],46,78,91,32,71
1,<environment.Job instance at 0x152584bedf00>,36,16,[6 1],47,107,123,60,107
1,<environment.Job instance at 0x152584beaa00>,42,13,[2 9],53,117,130,64,117
1,<environment.Job instance at 0x152584bea230>,46,13,[10  1],59,130,143,71,119
1,<environment.Job instance at 0x152584bea910>,48,14,[2 9],61,153,167,92,153
1,<environment.Job instance at 0x152584bea7d0>,55,17,[1 8],68,181,198,113,181
1,<environment.Job instance at 0x152584b02910>,77,19,[1 5],96,219,238,123,219
1,<environment.Job instance at 0x152584b0d140>,88,15,[10  2],114,238,253,124,224
1,<environment.Job instance at 0x15259fe64a50>,91,14,[5 2],119,253,267,134,252
1,<environment.Job instance at 0x15259c0a2640>,92,27,[5 1],120,295,322,175,295
1,<environment.Job instance at 0x152584fe9690>,4,12,[5 2],7,17,29,10,17
1,<environment.Job instance at 0x152585013960>,22,2,[10  2],33,83,85,50,83
1,<environment.Job instance at 0x152585013780>,23,14,[9 1],34,85,99,51,83
1,<environment.Job instance at 0x15259ff25050>,27,2,[2 7],39,103,105,64,103
1,<environment.Job instance at 0x15259ff25410>,30,17,[1 8],48,107,124,59,107
1,<environment.Job instance at 0x15259ff25500>,32,17,[1 6],51,124,141,73,119
1,<environment.Job instance at 0x15259ff25dc0>,34,13,[2 9],56,141,154,85,134
1,<environment.Job instance at 0x152584d55d70>,39,2,[8 2],62,166,168,104,166
1,<environment.Job instance at 0x152584d55fa0>,54,14,[ 2 10],79,182,196,103,182
1,<environment.Job instance at 0x152584d552d0>,57,16,[1 8],82,196,212,114,193
1,<environment.Job instance at 0x1525853535f0>,65,16,[2 9],92,212,228,120,206
1,<environment.Job instance at 0x152585353e10>,68,14,[ 1 10],97,234,248,137,234
1,<environment.Job instance at 0x152585041af0>,78,20,[8 1],110,253,273,143,253
1,<environment.Job instance at 0x1525852eb820>,81,13,[2 5],118,298,311,180,298
1,<environment.Job instance at 0x1525a0beef00>,84,2,[9 2],123,319,321,196,319
1,<environment.Job instance at 0x152585227370>,3,12,[7 2],6,7,19,1,7
1,<environment.Job instance at 0x1525a0c70fa0>,6,2,[7 2],14,19,21,5,14
1,<environment.Job instance at 0x1525849db550>,11,16,[2 9],20,21,37,1,20
1,<environment.Job instance at 0x1525849d5140>,21,13,[7 1],32,33,46,1,33
1,<environment.Job instance at 0x1525849e8be0>,41,15,[6 1],62,62,77,0,62
1,<environment.Job instance at 0x1525849e8eb0>,43,17,[10  1],66,77,94,11,66
1,<environment.Job instance at 0x1525852565a0>,61,18,[9 1],93,94,112,1,93
1,<environment.Job instance at 0x152584f554b0>,63,13,[8 2],96,112,125,16,96
1,<environment.Job instance at 0x152584bc3320>,85,12,[9 1],127,127,139,0,127
1,<environment.Job instance at 0x152584f0bb40>,0,3,[ 2 10],1,1,4,0,1
1,<environment.Job instance at 0x152584f0ba50>,1,15,[6 1],3,4,19,1,3
1,<environment.Job instance at 0x152584f0be10>,9,14,[ 1 10],14,19,33,5,14
1,<environment.Job instance at 0x1525a0895280>,14,18,[2 9],20,53,71,33,53
1,<environment.Job instance at 0x152584ba25a0>,34,16,[5 2],43,71,87,28,58
1,<environment.Job instance at 0x1525a0994820>,30,18,[5 2],47,50,68,3,50
1,<environment.Job instance at 0x1525a09b9230>,47,3,[2 6],69,69,72,0,69
1,<environment.Job instance at 0x1525a09b9960>,52,3,[10  2],77,78,81,1,78
1,<environment.Job instance at 0x1525a09a8e60>,70,16,[2 6],98,98,114,0,98
1,<environment.Job instance at 0x1525a09bb3c0>,72,14,[5 2],104,112,126,8,112
1,<environment.Job instance at 0x1525852c3a50>,80,14,[2 5],117,123,137,6,123
1,<environment.Job instance at 0x15259fde95f0>,87,12,[5 2],129,135,147,6,135
1,<environment.Job instance at 0x1525852d0d20>,0,20,[9 1],1,1,21,0,1
1,<environment.Job instance at 0x1525852d0eb0>,1,3,[5 1],3,21,24,18,4
1,<environment.Job instance at 0x1525853bffa0>,9,18,[8 1],18,24,42,6,21
1,<environment.Job instance at 0x152584adf410>,14,12,[2 9],27,29,41,2,29
1,<environment.Job instance at 0x15259ec38280>,18,17,[6 2],32,42,59,10,38
1,<environment.Job instance at 0x152584d7ed20>,28,13,[2 8],43,54,67,11,54
1,<environment.Job instance at 0x15259fd42b90>,33,14,[ 2 10],50,67,81,17,65
1,<environment.Job instance at 0x15259ff7c820>,1,15,[9 1],2,2,17,0,2
1,<environment.Job instance at 0x152584a2cf50>,2,12,[6 1],3,17,29,14,4
1,<environment.Job instance at 0x15259ff50500>,15,17,[1 8],22,22,39,0,22
1,<environment.Job instance at 0x15259ff505a0>,16,15,[10  1],23,39,54,16,25
1,<environment.Job instance at 0x15259ff50820>,18,12,[1 7],26,54,66,28,37
1,<environment.Job instance at 0x1525a5aaa460>,0,2,[8 1],1,1,3,0,1
1,<environment.Job instance at 0x152584d90280>,4,17,[1 5],6,8,25,2,8
1,<environment.Job instance at 0x15259ff99d20>,13,18,[10  1],15,25,43,10,15
1,<environment.Job instance at 0x15259ffaa410>,15,15,[2 7],17,43,58,26,33
1,<environment.Job instance at 0x15259ffaaaf0>,27,16,[8 1],34,50,66,16,50
1,<environment.Job instance at 0x15259ffaab90>,28,14,[2 8],35,59,73,24,59
1,<environment.Job instance at 0x15259ffaaeb0>,29,15,[8 2],36,66,81,30,63
1,<environment.Job instance at 0x15259ffae2d0>,33,14,[ 2 10],41,81,95,40,66
1,<environment.Job instance at 0x15259ffae3c0>,35,18,[5 2],43,95,113,52,90
1,<environment.Job instance at 0x15259ffae5a0>,37,16,[1 6],46,110,126,64,110
1,<environment.Job instance at 0x15259ffae7d0>,39,14,[10  1],49,126,140,77,114
1,<environment.Job instance at 0x15259ffaec30>,45,12,[7 2],57,150,162,93,150
1,<environment.Job instance at 0x15259ffaec80>,47,17,[6 2],61,168,185,107,168
1,<environment.Job instance at 0x15259ffaeeb0>,48,13,[ 2 10],62,185,198,123,169
1,<environment.Job instance at 0x15259ffa5050>,52,18,[10  1],66,198,216,132,191
1,<environment.Job instance at 0x15259ffa5b90>,61,14,[9 2],79,216,230,137,201
1,<environment.Job instance at 0x15259ff905f0>,76,17,[ 2 10],98,232,249,134,232
1,<environment.Job instance at 0x15259fe55870>,78,18,[2 5],100,270,288,170,270
1,<environment.Job instance at 0x15258491da00>,84,13,[8 1],106,273,286,167,273
1,<environment.Job instance at 0x1525a08bf960>,89,17,[6 2],114,287,304,173,287
1,<environment.Job instance at 0x1525a59cf690>,91,15,[10  2],116,304,319,188,297
1,<environment.Job instance at 0x152584c6ee60>,8,17,[2 9],13,13,30,0,13
1,<environment.Job instance at 0x152584bb8910>,46,18,[1 7],72,136,154,64,136
1,<environment.Job instance at 0x152584bb8230>,47,16,[9 2],73,147,163,74,147
1,<environment.Job instance at 0x152584bb8af0>,50,12,[5 1],78,163,175,85,155
1,<environment.Job instance at 0x152584b42dc0>,58,18,[2 9],91,166,184,75,166
1,<environment.Job instance at 0x152584b42140>,65,15,[2 7],101,189,204,88,189
1,<environment.Job instance at 0x152584b422d0>,73,3,[6 2],110,211,214,101,211
1,<environment.Job instance at 0x152584bdfb40>,78,14,[2 8],118,217,231,99,217
1,<environment.Job instance at 0x152584f83370>,81,13,[8 1],124,228,241,104,228
1,<environment.Job instance at 0x152584f83e60>,83,18,[8 1],127,241,259,114,237
1,<environment.Job instance at 0x1525851a3fa0>,7,17,[ 1 10],15,15,32,0,15
1,<environment.Job instance at 0x152585176050>,10,13,[7 2],21,33,46,12,33
1,<environment.Job instance at 0x152585176dc0>,20,14,[1 7],34,42,56,8,42
1,<environment.Job instance at 0x15258519a190>,25,2,[5 2],42,72,74,30,72
1,<environment.Job instance at 0x15258519a550>,29,15,[7 1],47,95,110,48,95
1,<environment.Job instance at 0x15258519a1e0>,30,13,[5 2],53,110,123,57,110
1,<environment.Job instance at 0x15258519a820>,33,14,[7 1],59,123,137,64,121
1,<environment.Job instance at 0x15258519ab40>,35,17,[6 2],65,145,162,80,145
1,<environment.Job instance at 0x1525851740f0>,64,18,[8 2],112,256,274,144,256
1,<environment.Job instance at 0x152585174280>,66,3,[2 5],114,277,280,163,277
1,<environment.Job instance at 0x1525a0895550>,12,14,[8 2],15,15,29,0,15
1,<environment.Job instance at 0x1525846ae870>,0,3,[1 6],2,2,5,0,2
1,<environment.Job instance at 0x1525846aed70>,2,12,[5 2],4,5,17,1,5
1,<environment.Job instance at 0x152585332320>,13,13,[1 5],27,27,40,0,27
1,<environment.Job instance at 0x1525853325f0>,18,18,[1 8],33,40,58,7,35
1,<environment.Job instance at 0x1525a50b4140>,23,16,[ 2 10],43,58,74,15,45
1,<environment.Job instance at 0x1525a50b40a0>,26,17,[2 7],48,74,91,26,73
1,<environment.Job instance at 0x1525a5003eb0>,37,3,[8 1],62,97,100,35,97
1,<environment.Job instance at 0x152584bed2d0>,39,1,[1 5],65,101,102,36,101
1,<environment.Job instance at 0x1525a50034b0>,40,15,[10  1],66,102,117,36,101
1,<environment.Job instance at 0x152584bed500>,41,17,[6 1],68,117,134,49,114
1,<environment.Job instance at 0x152584ade500>,57,13,[9 1],89,156,169,67,156
1,<environment.Job instance at 0x152584ade280>,61,14,[2 8],94,171,185,77,171
1,<environment.Job instance at 0x15259c048320>,64,14,[9 1],99,185,199,86,174
1,<environment.Job instance at 0x15259ff3da00>,74,15,[2 8],112,205,220,93,205
1,<environment.Job instance at 0x15259feda910>,4,17,[6 2],6,6,23,0,6
1,<environment.Job instance at 0x15259fedad70>,10,15,[5 2],13,29,44,16,29
1,<environment.Job instance at 0x15259ff71370>,24,15,[2 8],38,39,54,1,39
1,<environment.Job instance at 0x15259ff71690>,26,12,[8 1],40,46,58,6,46
1,<environment.Job instance at 0x1525a59a7f50>,41,14,[ 1 10],63,1775,1789,1712,1775
1,<environment.Job instance at 0x1525a59a75a0>,43,14,[2 9],68,1789,1803,1721,1775
1,<environment.Job instance at 0x153639a279b0>,0,12,[2 5],1,1,13,0,1
1,<environment.Job instance at 0x15362fdc2c80>,6,18,[8 1],7,7,25,0,7
1,<environment.Job instance at 0x15362fdc2a00>,8,13,[6 1],9,25,38,16,18
1,<environment.Job instance at 0x15362fdb86e0>,17,17,[6 1],23,54,71,31,54
1,<environment.Job instance at 0x15362fdb7dc0>,33,1,[2 7],43,75,76,32,75
1,<environment.Job instance at 0x153632600a00>,4,15,[5 1],5,8,23,3,8
1,<environment.Job instance at 0x153631a25eb0>,4,3,[1 7],6,6,9,0,6
1,<environment.Job instance at 0x153631a25140>,5,18,[8 1],7,8,26,1,8
1,<environment.Job instance at 0x153631a2d7d0>,13,12,[7 1],18,26,38,8,23
1,<environment.Job instance at 0x153631aa5320>,19,12,[7 2],27,38,50,11,27
1,<environment.Job instance at 0x153631aa5c30>,22,14,[8 2],32,50,64,18,35
1,<environment.Job instance at 0x153631afafa0>,29,13,[5 2],41,64,77,23,61
1,<environment.Job instance at 0x153631aa3870>,42,16,[7 2],64,77,93,13,68
1,<environment.Job instance at 0x153631aa7280>,50,15,[8 2],76,93,108,17,90
1,<environment.Job instance at 0x153626cf8460>,1,26,[9 1],4,5,31,1,5
1,<environment.Job instance at 0x1536302614b0>,5,12,[5 2],8,31,43,23,28
1,<environment.Job instance at 0x153626cddc80>,22,16,[2 6],36,38,54,2,38
1,<environment.Job instance at 0x153626cdd820>,25,14,[9 1],40,54,68,14,41
1,<environment.Job instance at 0x153626cdddc0>,28,15,[1 5],43,57,72,14,57
1,<environment.Job instance at 0x153626cddbe0>,32,15,[10  1],49,72,87,23,58
1,<environment.Job instance at 0x1536376c3870>,37,3,[10  1],56,95,98,39,95
1,<environment.Job instance at 0x1536376c3780>,38,3,[10  2],57,98,101,41,95
1,<environment.Job instance at 0x1536272c7960>,0,13,[5 1],1,1,14,0,1
1,<environment.Job instance at 0x1536272c7dc0>,2,14,[6 1],3,30,44,27,30
1,<environment.Job instance at 0x1536269bf5a0>,22,18,[2 6],34,37,55,3,37
1,<environment.Job instance at 0x15362734cf00>,39,16,[ 2 10],62,71,87,9,71
1,<environment.Job instance at 0x15362c03c7d0>,51,14,[2 8],83,87,101,4,84
1,<environment.Job instance at 0x15362735ec30>,55,17,[2 8],87,101,118,14,97
1,<environment.Job instance at 0x15362c0a7550>,63,15,[2 8],102,118,133,16,110
1,<environment.Job instance at 0x15362c0a75f0>,65,13,[10  1],105,133,146,28,117
1,<environment.Job instance at 0x15362735a2d0>,3,12,[2 8],5,5,17,0,5
1,<environment.Job instance at 0x153626771a50>,7,13,[2 5],9,17,30,8,9
1,<environment.Job instance at 0x1536267725a0>,17,17,[2 8],26,30,47,4,27
1,<environment.Job instance at 0x1536267728c0>,19,16,[8 1],30,40,56,10,40
1,<environment.Job instance at 0x153626772cd0>,26,16,[1 9],39,47,63,8,47
1,<environment.Job instance at 0x153626772dc0>,28,12,[2 9],42,63,75,21,59
1,<environment.Job instance at 0x1536267753c0>,34,19,[2 5],50,75,94,25,65
1,<environment.Job instance at 0x1536267755f0>,35,17,[2 9],51,94,111,43,92
1,<environment.Job instance at 0x153626775960>,40,12,[ 1 10],57,111,123,54,101
1,<environment.Job instance at 0x153626777b40>,58,17,[10  1],80,123,140,43,114
1,<environment.Job instance at 0x153626777f00>,65,15,[7 2],89,140,155,51,135
1,<environment.Job instance at 0x153626777f50>,66,15,[6 1],90,157,172,67,157
1,<environment.Job instance at 0x153626779370>,70,14,[2 6],95,162,176,67,162
1,<environment.Job instance at 0x153626779c80>,78,17,[9 1],106,176,193,70,166
1,<environment.Job instance at 0x15362677bfa0>,93,17,[2 7],125,201,218,76,201
1,<environment.Job instance at 0x153626786730>,0,14,[2 9],1,1,15,0,1
1,<environment.Job instance at 0x153626862460>,7,17,[1 8],8,15,32,7,12
1,<environment.Job instance at 0x153626862b90>,12,13,[7 2],14,30,43,16,30
1,<environment.Job instance at 0x153626862960>,14,15,[ 2 10],16,59,74,43,59
1,<environment.Job instance at 0x153626862c30>,17,17,[1 7],20,74,91,54,69
1,<environment.Job instance at 0x153626852b90>,21,18,[6 1],25,109,127,84,109
1,<environment.Job instance at 0x1536268522d0>,22,15,[2 9],26,123,138,97,123
1,<environment.Job instance at 0x1536268526e0>,29,19,[1 5],36,161,180,125,161
1,<environment.Job instance at 0x1536268527d0>,39,17,[1 7],50,191,208,141,191
1,<environment.Job instance at 0x153626852be0>,40,15,[10  2],54,208,223,154,194
1,<environment.Job instance at 0x15362686c870>,43,14,[5 2],59,237,251,178,237
1,<environment.Job instance at 0x153632588af0>,1,12,[6 2],3,3,15,0,3
1,<environment.Job instance at 0x153631bcaf00>,5,14,[7 1],8,15,29,7,11
1,<environment.Job instance at 0x153626a134b0>,17,16,[2 9],22,34,50,12,34
1,<environment.Job instance at 0x15363771b5a0>,0,12,[2 8],1,1,13,0,1
1,<environment.Job instance at 0x1536326881e0>,5,12,[2 8],8,13,25,5,8
1,<environment.Job instance at 0x153631b29140>,8,18,[9 1],13,25,43,12,14
1,<environment.Job instance at 0x153631b297d0>,10,13,[8 2],16,43,56,27,27
1,<environment.Job instance at 0x153631b38730>,36,15,[6 1],53,56,71,3,55
1,<environment.Job instance at 0x153626c210f0>,44,14,[ 1 10],64,71,85,7,66
1,<environment.Job instance at 0x153631b5d2d0>,49,18,[2 9],70,105,123,35,105
1,<environment.Job instance at 0x15362c1c2460>,69,16,[5 2],93,163,179,70,163
1,<environment.Job instance at 0x153626d84fa0>,79,16,[2 7],107,169,185,62,169
1,<environment.Job instance at 0x1536266940f0>,85,17,[5 2],114,235,252,121,235
1,<environment.Job instance at 0x153626670690>,98,15,[2 5],130,305,320,175,305
1,<environment.Job instance at 0x1536266709b0>,101,17,[7 1],134,318,335,184,318
1,<environment.Job instance at 0x153626670140>,102,16,[8 2],135,335,351,200,332
1,<environment.Job instance at 0x153631b38050>,34,16,[9 2],50,406,422,356,406
1,<environment.Job instance at 0x153626d7b0a0>,0,16,[7 1],1,3,19,2,3
1,<environment.Job instance at 0x153626861820>,9,15,[6 1],15,19,34,4,17
1,<environment.Job instance at 0x15362731cc30>,15,16,[2 5],21,27,43,6,27
1,<environment.Job instance at 0x153626d7c0f0>,21,15,[8 1],29,36,51,7,36
1,<environment.Job instance at 0x153631a88a00>,24,14,[2 9],37,43,57,6,37
1,<environment.Job instance at 0x15362685ebe0>,43,18,[1 7],66,68,86,2,68
1,<environment.Job instance at 0x15362685ef50>,48,15,[ 2 10],74,86,101,12,77
1,<environment.Job instance at 0x15362ffece60>,57,18,[5 2],87,101,119,14,101
1,<environment.Job instance at 0x1536273c9c30>,69,25,[9 1],103,119,144,16,115
1,<environment.Job instance at 0x153626dd3d20>,88,17,[10  1],128,144,161,16,134
1,<environment.Job instance at 0x153631b38910>,0,14,[5 2],4,4,18,0,4
1,<environment.Job instance at 0x153631ccce10>,5,21,[10  2],12,18,39,6,12
1,<environment.Job instance at 0x153631cc4a00>,26,18,[8 1],48,61,79,13,61
1,<environment.Job instance at 0x153631cc85a0>,35,17,[6 2],62,79,96,17,74
1,<environment.Job instance at 0x153631cda780>,50,14,[ 2 10],80,96,110,16,86
1,<environment.Job instance at 0x153631a5caa0>,0,19,[5 2],1,4,23,3,4
1,<environment.Job instance at 0x15362731e410>,6,15,[8 2],7,23,38,16,13
1,<environment.Job instance at 0x153637670d20>,4,16,[10  2],7,7,23,0,7
1,<environment.Job instance at 0x1536319c10f0>,11,16,[5 2],16,23,39,7,21
1,<environment.Job instance at 0x153626e2b910>,3,2,[5 1],4,4,6,0,4
1,<environment.Job instance at 0x153626e3d5a0>,13,18,[10  1],15,15,33,0,15
1,<environment.Job instance at 0x153626e3df50>,15,15,[2 7],17,33,48,16,31
1,<environment.Job instance at 0x15362674a870>,23,14,[9 2],29,48,62,19,34
1,<environment.Job instance at 0x15362674a820>,27,16,[8 1],34,62,78,28,58
1,<environment.Job instance at 0x15362674a460>,29,15,[8 2],36,78,93,42,69
1,<environment.Job instance at 0x1536268226e0>,35,18,[5 2],43,96,114,53,96
1,<environment.Job instance at 0x1536268223c0>,39,14,[10  1],49,114,128,65,108
1,<environment.Job instance at 0x153631bbf230>,47,17,[6 2],61,128,145,67,127
1,<environment.Job instance at 0x153631bbfa00>,52,18,[10  1],66,145,163,79,134
1,<environment.Job instance at 0x1536325af9b0>,61,14,[9 2],79,163,177,84,158
1,<environment.Job instance at 0x1536325af410>,62,16,[8 2],81,177,193,96,174
1,<environment.Job instance at 0x153636dd5c30>,65,13,[8 1],85,193,206,108,187
1,<environment.Job instance at 0x153631559820>,68,12,[9 1],88,206,218,118,195
1,<environment.Job instance at 0x153632579820>,76,17,[ 2 10],98,218,235,120,216
1,<environment.Job instance at 0x153626876eb0>,78,18,[2 5],100,240,258,140,240
1,<environment.Job instance at 0x153631573550>,89,17,[6 2],114,277,294,163,277
1,<environment.Job instance at 0x153630283870>,91,15,[10  2],116,294,309,178,281
1,<environment.Job instance at 0x153631af44b0>,101,14,[1 7],129,327,341,198,327
1,<environment.Job instance at 0x153638ce1aa0>,12,3,[2 5],14,431,434,417,431
1,<environment.Job instance at 0x153626e3dd20>,1,17,[2 9],3,3,20,0,3
1,<environment.Job instance at 0x153631ac0d70>,20,2,[8 1],33,55,57,22,55
1,<environment.Job instance at 0x153631ac0dc0>,21,3,[9 2],34,57,60,23,55
1,<environment.Job instance at 0x153631ac0e10>,24,13,[1 8],38,55,68,17,55
1,<environment.Job instance at 0x153631ac0960>,25,3,[5 1],40,60,63,20,55
1,<environment.Job instance at 0x153631acf4b0>,30,3,[2 6],47,68,71,21,55
1,<environment.Job instance at 0x153631acf320>,31,12,[6 1],50,63,75,13,57
1,<environment.Job instance at 0x153631acf550>,33,14,[9 2],53,75,89,22,60
1,<environment.Job instance at 0x153631adb730>,38,14,[10  1],61,89,103,28,77
1,<environment.Job instance at 0x153631adb780>,40,16,[9 2],63,103,119,40,90
1,<environment.Job instance at 0x153631adbaa0>,51,18,[2 9],81,119,137,38,117
1,<environment.Job instance at 0x153631aa9190>,58,15,[2 7],91,137,152,46,129
1,<environment.Job instance at 0x153631aa9e10>,59,2,[9 1],92,152,154,60,147
1,<environment.Job instance at 0x153636d19f50>,0,13,[7 2],1,1,14,0,1
1,<environment.Job instance at 0x153636d194b0>,3,1,[8 2],5,14,15,9,5
1,<environment.Job instance at 0x153626787a00>,27,3,[8 2],48,74,77,26,74
1,<environment.Job instance at 0x153626787730>,28,14,[10  2],49,77,91,28,74
1,<environment.Job instance at 0x153626787550>,30,17,[1 9],51,91,108,40,88
1,<environment.Job instance at 0x153636d23dc0>,39,18,[2 8],68,108,126,40,104
1,<environment.Job instance at 0x153636d1c550>,48,16,[5 2],85,128,144,43,128
1,<environment.Job instance at 0x153636d1caf0>,54,18,[8 2],92,144,162,52,137
1,<environment.Job instance at 0x15362674c780>,63,18,[7 2],109,164,182,55,164
1,<environment.Job instance at 0x15362674c0a0>,64,15,[1 5],110,189,204,79,189
1,<environment.Job instance at 0x153636d035f0>,73,2,[7 2],119,231,233,112,231
1,<environment.Job instance at 0x153636d036e0>,77,14,[8 2],125,235,249,110,235
1,<environment.Job instance at 0x153632605f50>,0,17,[10  2],1,1,18,0,1
1,<environment.Job instance at 0x153626d71c80>,4,27,[9 2],8,18,45,10,16
1,<environment.Job instance at 0x153631b6ae60>,20,16,[10  1],26,45,61,19,32
1,<environment.Job instance at 0x153631b64d70>,33,16,[ 1 10],43,61,77,18,57
1,<environment.Job instance at 0x153631b76230>,42,15,[7 2],56,77,92,21,75
1,<environment.Job instance at 0x153631b76a00>,45,21,[6 2],62,92,113,30,87
1,<environment.Job instance at 0x153631b90280>,54,18,[6 1],76,113,131,37,110
1,<environment.Job instance at 0x153631b90550>,61,16,[6 2],85,131,147,46,122
1,<environment.Job instance at 0x153631b9c370>,72,12,[5 2],104,147,159,43,146
1,<environment.Job instance at 0x153631b9c550>,73,16,[2 6],105,146,162,41,146
1,<environment.Job instance at 0x153631b9c640>,75,3,[1 8],108,162,165,54,157
1,<environment.Job instance at 0x153631b9c690>,77,1,[8 2],114,181,182,67,181
1,<environment.Job instance at 0x153626d848c0>,82,3,[1 6],126,181,184,55,181
1,<environment.Job instance at 0x153636d19500>,83,13,[1 5],127,184,197,57,181
1,<environment.Job instance at 0x153626d849b0>,89,17,[10  2],135,197,214,62,185
1,<environment.Job instance at 0x15363265d140>,91,12,[8 1],137,214,226,77,212
1,<environment.Job instance at 0x15363029ac30>,0,16,[ 2 10],3,4,20,1,4
1,<environment.Job instance at 0x153631b6af50>,3,17,[2 7],8,20,37,12,13
1,<environment.Job instance at 0x15362630ce60>,28,16,[7 1],41,162,178,121,162
1,<environment.Job instance at 0x1536377a7230>,41,14,[9 1],59,178,192,119,169
1,<environment.Job instance at 0x1536376797d0>,51,15,[2 8],72,192,207,120,183
1,<environment.Job instance at 0x1536269ae230>,55,16,[8 1],80,204,220,124,204
1,<environment.Job instance at 0x15362647d9b0>,68,12,[1 7],99,214,226,115,214
1,<environment.Job instance at 0x153636d2c320>,72,15,[5 2],103,226,241,123,226
1,<environment.Job instance at 0x153636d2c550>,86,15,[2 8],128,234,249,106,234
1,<environment.Job instance at 0x153636d43be0>,88,12,[8 1],130,244,256,114,244
1,<environment.Job instance at 0x153636d434b0>,89,12,[7 1],131,256,268,125,253
1,<environment.Job instance at 0x153626760960>,6,14,[ 1 10],13,13,27,0,13
1,<environment.Job instance at 0x153626a56c80>,16,18,[2 7],29,56,74,27,56
1,<environment.Job instance at 0x153626a56230>,21,19,[8 1],38,74,93,36,74
1,<environment.Job instance at 0x153626a560f0>,25,16,[9 2],42,93,109,51,88
1,<environment.Job instance at 0x153626a56730>,26,15,[ 1 10],43,109,124,66,102
1,<environment.Job instance at 0x15362652ffa0>,33,14,[2 7],50,124,138,74,123
1,<environment.Job instance at 0x15362652fd70>,38,17,[2 6],58,152,169,94,152
1,<environment.Job instance at 0x15362652fa00>,40,17,[1 9],61,169,186,108,168
1,<environment.Job instance at 0x1536265aa7d0>,54,17,[2 5],83,285,302,202,285
1,<environment.Job instance at 0x153626910d70>,59,16,[10  2],90,302,318,212,294
1,<environment.Job instance at 0x153626578550>,60,12,[1 9],91,318,330,227,309
1,<environment.Job instance at 0x153626578dc0>,62,12,[1 5],93,346,358,253,346
1,<environment.Job instance at 0x153626578a00>,67,16,[10  1],100,358,374,258,348
1,<environment.Job instance at 0x153626578870>,71,15,[8 2],104,375,390,271,375
1,<environment.Job instance at 0x15362636dd70>,91,16,[2 7],130,461,477,331,461
1,<environment.Job instance at 0x153626a56c30>,3,1,[5 1],4,6,7,2,6
1,<environment.Job instance at 0x153627294f00>,6,13,[1 9],7,7,20,0,7
1,<environment.Job instance at 0x1536267abdc0>,20,13,[8 2],24,24,37,0,24
1,<environment.Job instance at 0x153672d5e820>,32,13,[ 1 10],41,42,55,1,42
1,<environment.Job instance at 0x153633c0e410>,45,16,[5 1],59,65,81,6,65
1,<environment.Job instance at 0x153632563be0>,53,12,[2 7],73,73,85,0,73
1,<environment.Job instance at 0x153632563a50>,54,13,[7 2],74,81,94,7,74
1,<environment.Job instance at 0x153626a016e0>,67,15,[9 2],90,94,109,4,90
1,<environment.Job instance at 0x15363295d4b0>,70,16,[8 1],95,109,125,14,96
1,<environment.Job instance at 0x153637687a50>,75,18,[5 2],100,125,143,25,117
1,<environment.Job instance at 0x1536263f6c30>,82,13,[1 6],113,138,151,25,138
1,<environment.Job instance at 0x1526d165b9b0>,0,12,[2 5],1,1,13,0,1
1,<environment.Job instance at 0x1526c79f6be0>,6,18,[8 1],7,8,26,1,8
1,<environment.Job instance at 0x1526c79f6dc0>,8,13,[6 1],9,26,39,17,21
1,<environment.Job instance at 0x1526c79ecc30>,17,17,[6 1],23,39,56,16,31
1,<environment.Job instance at 0x1526c79ebaa0>,29,16,[10  2],39,56,72,17,43
1,<environment.Job instance at 0x1526c96b5370>,0,17,[7 1],2,3,20,1,3
1,<environment.Job instance at 0x1526ca24ca50>,3,12,[7 2],7,20,32,13,17
1,<environment.Job instance at 0x1526c97263c0>,26,16,[7 2],44,51,67,7,51
1,<environment.Job instance at 0x1526c9726500>,31,12,[2 9],53,67,79,14,55
1,<environment.Job instance at 0x1526c965a230>,34,15,[8 2],56,79,94,23,65
1,<environment.Job instance at 0x1526c96c7870>,46,18,[ 1 10],76,94,112,18,85
1,<environment.Job instance at 0x1526c95dfdc0>,59,18,[6 2],96,112,130,16,103
1,<environment.Job instance at 0x1526c962a5f0>,77,26,[9 1],124,130,156,6,127
1,<environment.Job instance at 0x1526c95ee140>,81,12,[5 2],128,156,168,28,151
1,<environment.Job instance at 0x1526cf2ad230>,86,15,[2 8],138,159,174,21,159
1,<environment.Job instance at 0x1526ce9cc870>,88,13,[ 2 10],142,174,187,32,167
1,<environment.Job instance at 0x1526ce9cc190>,89,1,[2 6],143,187,188,44,178
1,<environment.Job instance at 0x1526c406c780>,6,14,[9 1],10,10,24,0,10
1,<environment.Job instance at 0x1526c406caa0>,9,15,[1 5],13,21,36,8,21
1,<environment.Job instance at 0x15269a5d7af0>,0,12,[1 5],1,1,13,0,1
1,<environment.Job instance at 0x15269a618500>,1,13,[7 2],2,8,21,6,8
1,<environment.Job instance at 0x15269a5e1c30>,12,16,[ 2 10],22,28,44,6,28
1,<environment.Job instance at 0x15269a6321e0>,16,16,[2 7],31,44,60,13,42
1,<environment.Job instance at 0x1526c988a8c0>,24,14,[2 8],43,60,74,17,45
1,<environment.Job instance at 0x15269ab968c0>,33,17,[1 9],54,74,91,20,63
1,<environment.Job instance at 0x1526c988fa00>,0,17,[2 9],1,3,20,2,3
1,<environment.Job instance at 0x1526c40ed910>,3,17,[5 2],4,20,37,16,15
1,<environment.Job instance at 0x15269a3e17d0>,14,14,[8 2],17,37,51,20,22
1,<environment.Job instance at 0x15269a3e1cd0>,18,13,[2 8],23,24,37,1,24
1,<environment.Job instance at 0x15269a3e2370>,23,17,[10  1],30,51,68,21,39
1,<environment.Job instance at 0x15269a3e5550>,43,17,[9 1],56,68,85,12,65
1,<environment.Job instance at 0x15269a3e7500>,54,13,[2 6],69,95,108,26,95
1,<environment.Job instance at 0x15269a3e7960>,57,17,[7 1],74,112,129,38,112
1,<environment.Job instance at 0x15269a3e7b90>,58,17,[2 7],75,130,147,55,130
1,<environment.Job instance at 0x15269a3e7cd0>,60,16,[6 1],77,148,164,71,148
1,<environment.Job instance at 0x15269a3e7a50>,66,13,[2 9],83,157,170,74,157
1,<environment.Job instance at 0x15269a3e9370>,70,13,[10  1],89,170,183,81,162
1,<environment.Job instance at 0x15269a3e94b0>,72,14,[2 9],91,183,197,92,178
1,<environment.Job instance at 0x15269a3e9a50>,79,17,[1 8],98,215,232,117,215
1,<environment.Job instance at 0x15269a3e9c80>,84,13,[7 2],104,276,289,172,276
1,<environment.Job instance at 0x15269a3ec1e0>,93,18,[6 1],115,289,307,174,286
1,<environment.Job instance at 0x15269a3d17d0>,115,14,[5 2],149,466,480,317,466
1,<environment.Job instance at 0x1526c4073410>,0,15,[ 2 10],2,2,17,0,2
1,<environment.Job instance at 0x1526c96a3690>,17,13,[7 1],22,114,127,92,114
1,<environment.Job instance at 0x1526c96a3410>,23,3,[2 8],30,114,117,84,114
1,<environment.Job instance at 0x1526c96a3cd0>,27,15,[1 9],36,117,132,81,114
1,<environment.Job instance at 0x15269a643690>,39,17,[10  1],56,132,149,76,121
1,<environment.Job instance at 0x1526d02806e0>,57,18,[9 1],83,151,169,68,151
1,<environment.Job instance at 0x1526d0280550>,59,13,[8 2],86,169,182,83,166
1,<environment.Job instance at 0x1526d02800f0>,69,21,[9 1],101,182,203,81,179
1,<environment.Job instance at 0x1526d02804b0>,71,15,[10  2],103,203,218,100,189
1,<environment.Job instance at 0x1526c40d96e0>,93,14,[ 1 10],134,218,232,84,213
1,<environment.Job instance at 0x15269a57e910>,98,18,[2 9],140,249,267,109,249
1,<environment.Job instance at 0x1526c4180c30>,5,13,[2 8],7,7,20,0,7
1,<environment.Job instance at 0x1526c4180e60>,9,16,[5 2],13,27,43,14,27
1,<environment.Job instance at 0x1526c419c410>,15,15,[6 2],22,43,58,21,33
1,<environment.Job instance at 0x1526c419cd70>,25,17,[5 2],34,314,331,280,314
1,<environment.Job instance at 0x1526c4168280>,34,14,[1 9],46,331,345,285,329
1,<environment.Job instance at 0x1526c41683c0>,36,18,[10  2],48,345,363,297,335
1,<environment.Job instance at 0x1526c4168910>,42,16,[8 2],55,365,381,310,365
1,<environment.Job instance at 0x1526c4168af0>,46,16,[7 1],61,384,400,323,384
1,<environment.Job instance at 0x1526c4168be0>,48,14,[1 8],63,395,409,332,395
1,<environment.Job instance at 0x1526c4168f00>,55,15,[6 1],75,416,431,341,416
1,<environment.Job instance at 0x1526c416c460>,61,16,[2 5],81,451,467,370,451
1,<environment.Job instance at 0x1526c416c8c0>,67,15,[8 1],89,464,479,375,464
1,<environment.Job instance at 0x1526c416ca00>,70,14,[2 9],97,479,493,382,479
1,<environment.Job instance at 0x1526c416cc30>,72,13,[7 2],100,496,509,396,496
1,<environment.Job instance at 0x1526c4188140>,81,17,[1 5],112,572,589,460,572
1,<environment.Job instance at 0x1526c417b9b0>,89,18,[1 7],126,663,681,537,663
1,<environment.Job instance at 0x15269a8a6500>,6,2,[10  2],10,10,12,0,10
1,<environment.Job instance at 0x15269a8a6370>,9,25,[9 1],13,14,39,1,14
1,<environment.Job instance at 0x15269a23ab90>,13,13,[10  1],18,39,52,21,31
1,<environment.Job instance at 0x1526c417b5f0>,24,15,[6 1],33,52,67,19,50
1,<environment.Job instance at 0x1526c417be10>,28,17,[10  1],38,67,84,29,55
1,<environment.Job instance at 0x1526c4097fa0>,39,14,[5 2],54,84,98,30,82
1,<environment.Job instance at 0x15269a948b40>,54,12,[5 2],79,99,111,20,99
1,<environment.Job instance at 0x1526ca1dbd70>,65,18,[8 1],98,120,138,22,120
1,<environment.Job instance at 0x1526c79e9820>,74,17,[6 2],112,138,155,26,133
1,<environment.Job instance at 0x15269a8290f0>,89,14,[ 2 10],130,155,169,25,146
1,<environment.Job instance at 0x1526c982e230>,6,17,[9 2],9,9,26,0,9
1,<environment.Job instance at 0x1526c982e780>,10,15,[7 1],17,29,44,12,29
1,<environment.Job instance at 0x1526c982ef00>,20,17,[8 1],29,44,61,15,38
1,<environment.Job instance at 0x1526c9852730>,35,15,[8 2],47,61,76,14,56
1,<environment.Job instance at 0x1526ca5b3320>,1,14,[6 1],3,3,17,0,3
1,<environment.Job instance at 0x1526ca50d690>,9,3,[10  2],18,18,21,0,18
1,<environment.Job instance at 0x1526ce9e3a00>,10,17,[5 2],20,21,38,1,20
1,<environment.Job instance at 0x15269a797af0>,18,17,[1 5],26,29,46,3,29
1,<environment.Job instance at 0x1526c97237d0>,27,18,[10  1],35,46,64,11,35
1,<environment.Job instance at 0x1526c9723a50>,29,15,[2 7],37,64,79,27,59
1,<environment.Job instance at 0x1526ca5aacd0>,37,14,[9 2],49,79,93,30,64
1,<environment.Job instance at 0x1526ca5aa8c0>,41,16,[8 1],54,93,109,39,87
1,<environment.Job instance at 0x1526ca5aa280>,42,14,[2 8],55,93,107,38,89
1,<environment.Job instance at 0x1526ca5aa410>,43,15,[8 2],56,109,124,53,95
1,<environment.Job instance at 0x1526cb842370>,49,18,[5 2],63,137,155,74,137
1,<environment.Job instance at 0x1526cea6b460>,53,14,[10  1],69,155,169,86,140
1,<environment.Job instance at 0x15269a2b3960>,66,18,[10  1],86,169,187,83,164
1,<environment.Job instance at 0x1526ca53c3c0>,75,14,[9 2],99,187,201,88,184
1,<environment.Job instance at 0x15269a731dc0>,76,16,[8 2],101,201,217,100,189
1,<environment.Job instance at 0x1526c9846e10>,79,13,[8 1],105,217,230,112,216
1,<environment.Job instance at 0x15269a3bfd70>,90,17,[ 2 10],118,241,258,123,241
1,<environment.Job instance at 0x1526d0968eb0>,4,1,[9 1],8,11,12,3,11
1,<environment.Job instance at 0x1526d08d5a50>,18,17,[ 1 10],26,244,261,218,244
1,<environment.Job instance at 0x1526d08d5af0>,22,16,[7 2],32,261,277,229,256
1,<environment.Job instance at 0x15269a4eae60>,31,13,[1 8],48,261,274,213,256
1,<environment.Job instance at 0x15269a4ea0a0>,35,12,[2 8],55,274,286,219,272
1,<environment.Job instance at 0x15269a4ea2d0>,40,14,[9 2],63,286,300,223,279
1,<environment.Job instance at 0x1526c41ba910>,58,18,[2 9],91,309,327,218,309
1,<environment.Job instance at 0x1526c41bae10>,64,18,[7 2],100,327,345,227,318
1,<environment.Job instance at 0x15269ab03b40>,76,17,[9 1],114,345,362,231,336
1,<environment.Job instance at 0x1526c97e1730>,94,17,[ 1 10],145,362,379,217,355
1,<environment.Job instance at 0x1526c965b550>,0,13,[7 2],1,1,14,0,1
1,<environment.Job instance at 0x15269a4d3730>,19,15,[7 1],27,30,45,3,30
1,<environment.Job instance at 0x15269a4d3910>,20,13,[5 2],33,45,58,12,41
1,<environment.Job instance at 0x15269a4d3f50>,25,17,[6 2],45,58,75,13,48
1,<environment.Job instance at 0x15269a4f1280>,28,14,[10  2],49,75,89,26,60
1,<environment.Job instance at 0x15269a4f1f00>,39,18,[2 8],68,89,107,21,80
1,<environment.Job instance at 0x15269a471190>,48,16,[5 2],85,106,122,21,106
1,<environment.Job instance at 0x15269a471050>,54,18,[8 2],92,122,140,30,118
1,<environment.Job instance at 0x15269a0dd410>,63,18,[7 2],109,140,158,31,135
1,<environment.Job instance at 0x1526c967d370>,13,16,[10  1],16,16,32,0,16
1,<environment.Job instance at 0x15269a7c9190>,0,3,[8 1],2,2,5,0,2
1,<environment.Job instance at 0x1526c964eeb0>,4,17,[6 1],8,9,26,1,9
1,<environment.Job instance at 0x1526c98704b0>,6,15,[5 2],10,26,41,16,18
1,<environment.Job instance at 0x1526c987a640>,18,15,[2 9],27,41,56,14,39
1,<environment.Job instance at 0x1526c987a8c0>,26,16,[5 1],38,48,64,10,48
1,<environment.Job instance at 0x1526c987ad70>,27,14,[9 1],39,64,78,25,49
1,<environment.Job instance at 0x1526c9871e60>,52,17,[6 2],76,81,98,5,81
1,<environment.Job instance at 0x1526c9861910>,58,15,[5 2],83,98,113,15,97
1,<environment.Job instance at 0x15269a8f86e0>,72,15,[2 8],108,109,124,1,109
1,<environment.Job instance at 0x1526c98780a0>,74,12,[8 1],110,113,125,3,110
1,<environment.Job instance at 0x1526c98783c0>,75,12,[7 1],111,139,151,28,139
1,<environment.Job instance at 0x1526c96a9cd0>,91,14,[2 9],138,172,186,34,172
1,<environment.Job instance at 0x1526cf290f00>,94,26,[ 2 10],141,202,228,61,202
1,<environment.Job instance at 0x15269a0abaf0>,0,13,[ 1 10],1,1,14,0,1
1,<environment.Job instance at 0x15269a0ab5f0>,8,18,[1 6],14,14,32,0,14
1,<environment.Job instance at 0x1526c853eeb0>,10,13,[9 1],16,19,32,3,19
1,<environment.Job instance at 0x1526c853e5a0>,15,13,[2 5],22,32,45,10,27
1,<environment.Job instance at 0x1526d08c8b40>,22,13,[7 2],34,34,47,0,34
1,<environment.Job instance at 0x1526d08c8af0>,23,14,[7 1],35,47,61,12,42
1,<environment.Job instance at 0x15269a765dc0>,35,15,[9 2],50,61,76,11,50
1,<environment.Job instance at 0x15269a6ec910>,38,16,[8 1],55,76,92,21,63
1,<environment.Job instance at 0x1526cf3a65f0>,46,13,[9 2],68,92,105,24,76
1,<environment.Job instance at 0x1526cf3a68c0>,49,15,[5 2],72,105,120,33,91
1,<environment.Job instance at 0x15269a8ef870>,55,12,[5 2],78,117,129,39,117
1,<environment.Job instance at 0x15269a019c30>,59,14,[6 1],86,129,143,43,126
1,<environment.Job instance at 0x1526ca174050>,70,21,[1 9],105,137,158,32,137
1,<environment.Job instance at 0x1526c403a7d0>,73,16,[ 1 10],110,158,174,48,152
1,<environment.Job instance at 0x15269a13c140>,74,18,[10  1],111,174,192,63,164
1,<environment.Job instance at 0x1526cf2adf50>,77,15,[10  2],114,192,207,78,183
1,<environment.Job instance at 0x1526ce9be960>,79,16,[1 8],117,213,229,96,213
1,<environment.Job instance at 0x15269a1a70a0>,84,18,[1 7],124,236,254,112,236
1,<environment.Job instance at 0x1526c8559a00>,85,16,[9 1],126,244,260,118,244
1,<environment.Job instance at 0x15269a1ab140>,92,16,[6 2],134,264,280,130,264
1,<environment.Job instance at 0x15269aa07cd0>,96,13,[7 1],139,282,295,143,282
1,<environment.Job instance at 0x1526cd4945f0>,98,14,[10  2],142,295,309,153,283
1,<environment.Job instance at 0x1526d026bb40>,104,13,[2 7],148,309,322,161,295
1,<environment.Job instance at 0x15269a9cff00>,4,17,[8 1],6,8,25,2,8
1,<environment.Job instance at 0x1553dbb139b0>,0,12,[2 5],1,3,15,2,3
1,<environment.Job instance at 0x1553d1eaee60>,6,18,[8 1],7,7,25,0,7
1,<environment.Job instance at 0x1553d1eaed20>,8,13,[6 1],9,25,38,16,11
1,<environment.Job instance at 0x1553d1eb12d0>,10,13,[2 8],12,15,28,3,12
1,<environment.Job instance at 0x1553d1ea48c0>,17,17,[6 1],23,38,55,15,33
1,<environment.Job instance at 0x1553d1ea4280>,24,12,[ 1 10],32,55,67,23,38
1,<environment.Job instance at 0x1553d1ea3960>,29,16,[10  2],39,67,83,28,54
1,<environment.Job instance at 0x1553d2a11aa0>,46,15,[9 2],70,242,257,172,242
1,<environment.Job instance at 0x1553d3b56230>,59,18,[7 2],89,273,291,184,273
1,<environment.Job instance at 0x1553d3b56190>,64,14,[2 8],99,278,292,179,278
1,<environment.Job instance at 0x1553d2a14a50>,69,14,[6 1],107,291,305,184,290
1,<environment.Job instance at 0x1553c0b715a0>,0,13,[5 2],1,1,14,0,1
1,<environment.Job instance at 0x1553d3c37be0>,5,12,[7 1],11,14,26,3,11
1,<environment.Job instance at 0x1553d3beb0f0>,6,20,[8 2],12,26,46,14,17
1,<environment.Job instance at 0x1553d3bebf50>,13,16,[7 2],24,46,62,22,35
1,<environment.Job instance at 0x1553d3b1daa0>,21,15,[8 2],36,62,77,26,50
1,<environment.Job instance at 0x1553d4787be0>,2,18,[8 2],3,4,22,1,4
1,<environment.Job instance at 0x1553d8db9fa0>,16,1,[6 2],21,22,23,1,21
1,<environment.Job instance at 0x1553d8db9f00>,18,27,[ 2 10],23,25,52,2,25
1,<environment.Job instance at 0x1553d00cfe10>,34,19,[2 9],46,52,71,6,46
1,<environment.Job instance at 0x1553d3c64c80>,2,14,[2 8],3,3,17,0,3
1,<environment.Job instance at 0x1553d97e9a50>,6,17,[2 8],7,17,34,10,11
1,<environment.Job instance at 0x1553d01c6050>,11,17,[1 9],14,34,51,20,22
1,<environment.Job instance at 0x1553c0b035a0>,16,13,[10  1],25,51,64,26,37
1,<environment.Job instance at 0x1553c0ad09b0>,3,17,[9 1],6,6,23,0,6
1,<environment.Job instance at 0x1553c08946e0>,9,13,[6 1],14,23,36,9,19
1,<environment.Job instance at 0x1553c0829b40>,0,17,[1 6],1,2,19,1,2
1,<environment.Job instance at 0x1553c09ba370>,17,12,[6 2],23,23,35,0,23
1,<environment.Job instance at 0x1553c09ba050>,22,14,[ 2 10],29,35,49,6,33
1,<environment.Job instance at 0x1553c09cc3c0>,28,16,[7 1],35,49,65,14,42
1,<environment.Job instance at 0x1553c09cc230>,35,23,[9 1],46,65,88,19,59
1,<environment.Job instance at 0x1553c09051e0>,44,3,[1 6],57,81,84,24,81
1,<environment.Job instance at 0x1553c0905f50>,46,20,[8 1],60,88,108,28,87
1,<environment.Job instance at 0x1553c090d0a0>,49,13,[2 5],68,105,118,37,105
1,<environment.Job instance at 0x1553c090d280>,53,1,[ 2 10],77,141,142,64,141
1,<environment.Job instance at 0x1553c097e6e0>,60,15,[ 2 10],92,1951,1966,1859,1951
1,<environment.Job instance at 0x1553c08d1690>,77,13,[7 1],112,1996,2009,1884,1996
1,<environment.Job instance at 0x1553c08812d0>,97,15,[6 1],142,2012,2027,1870,2012
1,<environment.Job instance at 0x1553c08810f0>,99,17,[10  1],146,2027,2044,1881,2017
1,<environment.Job instance at 0x1553c097b320>,0,12,[2 8],1,1,13,0,1
1,<environment.Job instance at 0x1553d982fb90>,5,12,[2 8],8,13,25,5,9
1,<environment.Job instance at 0x1553d982f6e0>,8,18,[9 1],13,25,43,12,15
1,<environment.Job instance at 0x1553c0ba3cd0>,10,13,[8 2],16,43,56,27,28
1,<environment.Job instance at 0x1553d23b1320>,0,16,[2 5],1,1,17,0,1
1,<environment.Job instance at 0x1553d017d5a0>,6,15,[8 1],9,11,26,2,11
1,<environment.Job instance at 0x1553d017daf0>,11,13,[7 2],20,26,39,6,23
1,<environment.Job instance at 0x1553d018ee60>,28,18,[1 7],46,47,65,1,47
1,<environment.Job instance at 0x1553d018f690>,33,15,[ 2 10],54,65,80,11,58
1,<environment.Job instance at 0x1553d018feb0>,40,24,[2 9],62,134,158,72,134
1,<environment.Job instance at 0x1553c0c61b90>,89,21,[10  2],132,158,179,26,150
1,<environment.Job instance at 0x1553c0c5d050>,92,14,[2 5],137,179,193,42,164
1,<environment.Job instance at 0x1553c0c5d910>,93,13,[1 5],141,179,192,38,172
1,<environment.Job instance at 0x1553d3c3cdc0>,101,20,[9 1],151,193,213,42,188
1,<environment.Job instance at 0x1553d3c3c140>,102,3,[5 1],153,213,216,60,190
1,<environment.Job instance at 0x1553d019cdc0>,106,3,[8 1],157,216,219,59,191
1,<environment.Job instance at 0x1553d019cc80>,107,2,[6 2],158,219,221,61,194
1,<environment.Job instance at 0x1553d3c3c320>,1,18,[8 1],8,8,26,0,8
1,<environment.Job instance at 0x1553d1ec4410>,6,12,[2 9],17,17,29,0,17
1,<environment.Job instance at 0x1553d1ec4b40>,10,17,[6 2],22,29,46,7,29
1,<environment.Job instance at 0x1553d1ea68c0>,20,13,[2 8],33,38,51,5,38
1,<environment.Job instance at 0x1553c07a2460>,25,14,[ 2 10],40,51,65,11,48
1,<environment.Job instance at 0x1553c0785e10>,45,2,[2 7],75,168,170,93,168
1,<environment.Job instance at 0x1553c0785690>,49,12,[7 2],79,171,183,92,171
1,<environment.Job instance at 0x1553c0785140>,50,13,[1 9],80,183,196,103,177
1,<environment.Job instance at 0x1553c0785320>,53,16,[1 7],83,196,212,113,193
1,<environment.Job instance at 0x1553c0785b40>,55,3,[10  1],87,214,217,127,214
1,<environment.Job instance at 0x1553dada2b40>,61,15,[9 1],94,217,232,123,214
1,<environment.Job instance at 0x1553dada2f50>,72,15,[8 2],107,232,247,125,225
1,<environment.Job instance at 0x1553c0b58c30>,84,15,[9 1],122,247,262,125,242
1,<environment.Job instance at 0x1553c0ab63c0>,85,12,[6 1],123,305,317,182,305
1,<environment.Job instance at 0x1553c0ab6a00>,87,3,[2 8],125,336,339,211,336
1,<environment.Job instance at 0x1553c0ab6320>,90,14,[ 2 10],128,339,353,211,338
1,<environment.Job instance at 0x1553c0ab6af0>,92,3,[8 2],131,399,402,268,399
1,<environment.Job instance at 0x1553d1e96690>,99,15,[10  1],143,402,417,259,399
1,<environment.Job instance at 0x1553d1e96e60>,102,3,[8 1],147,438,441,291,438
1,<environment.Job instance at 0x1553d1e96eb0>,104,3,[1 8],149,477,480,328,477
1,<environment.Job instance at 0x1553d1e963c0>,110,3,[ 2 10],157,513,516,356,513
1,<environment.Job instance at 0x1553c07a4c80>,0,16,[5 1],1,4,20,3,4
1,<environment.Job instance at 0x1553d1e96960>,3,15,[5 1],6,17,32,11,17
1,<environment.Job instance at 0x1553d3b15410>,14,18,[1 6],18,20,38,2,20
1,<environment.Job instance at 0x1553d3b405f0>,0,2,[1 8],1,1,3,0,1
1,<environment.Job instance at 0x1553c0de1aa0>,1,17,[6 1],2,4,21,2,4
1,<environment.Job instance at 0x1553d49bc550>,6,12,[5 1],9,21,33,12,14
1,<environment.Job instance at 0x1553d49bcaf0>,9,17,[6 1],15,33,50,18,23
1,<environment.Job instance at 0x1553d0069550>,18,15,[8 1],26,50,65,24,36
1,<environment.Job instance at 0x1553dae4e280>,24,15,[7 2],32,65,80,33,59
1,<environment.Job instance at 0x1553d3acd280>,34,17,[7 2],46,191,208,145,191
1,<environment.Job instance at 0x1553c0eede10>,35,13,[2 5],47,203,216,156,203
1,<environment.Job instance at 0x1553d978f5f0>,57,18,[10  1],75,216,234,141,205
1,<environment.Job instance at 0x1553c0c93960>,79,18,[5 2],103,245,263,142,245
1,<environment.Job instance at 0x1553c0c93780>,81,16,[1 6],106,256,272,150,256
1,<environment.Job instance at 0x1553c0c937d0>,89,12,[7 2],117,279,291,162,279
1,<environment.Job instance at 0x1553d3cfcbe0>,96,18,[10  1],126,291,309,165,282
1,<environment.Job instance at 0x1553d3cfc500>,105,14,[9 2],139,310,324,171,310
1,<environment.Job instance at 0x1553d3cfc460>,109,13,[8 1],145,324,337,179,315
1,<environment.Job instance at 0x1553c0fda780>,120,17,[ 2 10],158,337,354,179,335
1,<environment.Job instance at 0x1553c0ca1dc0>,0,1,[5 1],3,3,4,0,3
1,<environment.Job instance at 0x1553c08a3b90>,7,17,[ 1 10],15,16,33,1,16
1,<environment.Job instance at 0x1553c08a33c0>,8,13,[ 1 10],17,33,46,16,17
1,<environment.Job instance at 0x1553d0224190>,10,13,[7 2],21,46,59,25,43
1,<environment.Job instance at 0x1553c0d87d20>,19,3,[1 5],33,56,59,23,56
1,<environment.Job instance at 0x1553c0d87370>,20,14,[1 7],34,63,77,29,63
1,<environment.Job instance at 0x1553c0d87730>,22,12,[5 2],37,71,83,34,71
1,<environment.Job instance at 0x1553c0d875f0>,27,17,[7 1],45,89,106,44,89
1,<environment.Job instance at 0x1553c0d870a0>,29,15,[7 1],47,106,121,59,102
1,<environment.Job instance at 0x1553c0d874b0>,30,13,[5 2],53,127,140,74,127
1,<environment.Job instance at 0x1553d2384af0>,33,14,[7 1],59,143,157,84,143
1,<environment.Job instance at 0x1553d2384eb0>,34,3,[6 2],60,157,160,97,147
1,<environment.Job instance at 0x1553d23848c0>,35,17,[6 2],65,165,182,100,165
1,<environment.Job instance at 0x1553c099f190>,54,3,[1 5],100,268,271,168,268
1,<environment.Job instance at 0x1553c099f410>,64,18,[8 2],112,268,286,156,268
1,<environment.Job instance at 0x1553c08023c0>,0,17,[10  2],1,1,18,0,1
1,<environment.Job instance at 0x1553d462eaf0>,20,16,[10  1],26,26,42,0,26
1,<environment.Job instance at 0x1553d4642050>,4,17,[6 1],8,14,31,6,14
1,<environment.Job instance at 0x1553d46456e0>,12,14,[2 8],18,20,34,2,20
1,<environment.Job instance at 0x1553c0eb52d0>,18,15,[2 9],27,34,49,7,33
1,<environment.Job instance at 0x1553c0a40370>,24,14,[2 8],34,52,66,18,52
1,<environment.Job instance at 0x1553c0a40c30>,34,13,[6 1],48,62,75,14,62
1,<environment.Job instance at 0x1553c0d1b370>,37,15,[2 8],52,66,81,14,66
1,<environment.Job instance at 0x1553c0797050>,54,12,[1 7],79,81,93,2,81
1,<environment.Job instance at 0x1553c0797d70>,58,15,[5 2],83,98,113,15,98
1,<environment.Job instance at 0x1553c0eda460>,72,15,[2 8],108,108,123,0,108
1,<environment.Job instance at 0x1553d465dc80>,79,16,[1 9],116,123,139,7,120
1,<environment.Job instance at 0x1553d013b4b0>,88,3,[1 8],130,139,142,9,139
1,<environment.Job instance at 0x1553c0f05690>,89,14,[ 1 10],133,142,156,9,142
1,<environment.Job instance at 0x1553c0568e10>,91,14,[2 9],138,156,170,18,154
1,<environment.Job instance at 0x1553d97a56e0>,99,18,[2 7],149,526,544,377,526
1,<environment.Job instance at 0x1553c0c53f50>,101,3,[6 2],155,576,579,421,576
1,<environment.Job instance at 0x1553d007fe60>,0,2,[1 8],1,1,3,0,1
1,<environment.Job instance at 0x1553c0c53320>,1,16,[9 2],2,2,18,0,2
1,<environment.Job instance at 0x1553d3b06f00>,9,14,[2 7],10,18,32,8,12
1,<environment.Job instance at 0x1553d3aeb910>,16,17,[1 9],21,32,49,11,30
1,<environment.Job instance at 0x1553d3aeba00>,21,14,[9 1],26,32,46,6,31
1,<environment.Job instance at 0x1553d3aebb40>,22,16,[5 1],28,46,62,18,44
1,<environment.Job instance at 0x1553d3aebbe0>,23,28,[5 2],29,61,89,32,61
1,<environment.Job instance at 0x1553d3b01280>,30,17,[2 5],43,64,81,21,64
1,<environment.Job instance at 0x1553d3b015a0>,35,16,[10  2],50,89,105,39,76
1,<environment.Job instance at 0x1553d3b01870>,36,12,[1 9],51,105,117,54,93
1,<environment.Job instance at 0x1553d3b01be0>,43,16,[10  1],60,117,133,57,104
1,<environment.Job instance at 0x1553d3ad90f0>,47,15,[8 2],64,133,148,69,123
1,<environment.Job instance at 0x1553d3ad9a00>,55,21,[2 7],74,167,188,93,167
1,<environment.Job instance at 0x1553d3ad9dc0>,61,27,[2 7],80,191,218,111,191
1,<environment.Job instance at 0x1553c0ba50a0>,63,13,[1 6],82,218,231,136,216
1,<environment.Job instance at 0x1553c0ba51e0>,65,15,[7 2],84,242,257,158,242
1,<environment.Job instance at 0x1553c0b6ec80>,94,3,[2 6],125,286,289,161,286
1,<environment.Job instance at 0x1553d98305a0>,107,22,[2 8],144,298,320,154,298
1,<environment.Job instance at 0x1553d3acd3c0>,108,13,[1 5],145,320,333,175,307
1,<environment.Job instance at 0x1553d4a82050>,113,18,[1 6],154,333,351,179,327
1,<environment.Job instance at 0x1553d3c4da00>,0,13,[2 5],2,2,15,0,2
1,<environment.Job instance at 0x1553d3b61780>,7,13,[7 2],14,14,27,0,14
1,<environment.Job instance at 0x1553c086dc30>,8,14,[7 1],15,27,41,12,23
1,<environment.Job instance at 0x1553d46f35f0>,20,15,[9 2],30,41,56,11,32
1,<environment.Job instance at 0x1553c0fa8230>,28,18,[5 2],40,56,74,16,53
1,<environment.Job instance at 0x1553d366da00>,34,15,[5 2],52,65,80,13,65
1,<environment.Job instance at 0x1553d3b77a50>,44,14,[6 1],66,80,94,14,74
1,<environment.Job instance at 0x1553d473e2d0>,55,21,[1 9],85,89,110,4,89
1,<environment.Job instance at 0x1553d473ecd0>,58,16,[ 1 10],90,110,126,20,103
1,<environment.Job instance at 0x1553d473e0f0>,59,18,[10  1],91,126,144,35,116
1,<environment.Job instance at 0x1553c0f82690>,12,15,[5 1],16,22,37,6,22
1,<environment.Job instance at 0x1553d3c05050>,24,12,[ 1 10],34,37,49,3,34
1,<environment.Job instance at 0x1553d3c05eb0>,26,13,[6 1],37,49,62,12,44
1,<environment.Job instance at 0x1553d4774870>,15,13,[2 9],25,26,39,1,26
1,<environment.Job instance at 0x1553d03085f0>,20,26,[1 7],30,54,80,24,54
1,<environment.Job instance at 0x1553d4665910>,30,17,[9 1],41,58,75,17,58
1,<environment.Job instance at 0x1510816a09b0>,0,12,[2 5],1,2,14,1,2
1,<environment.Job instance at 0x151077a3bbe0>,6,18,[8 1],7,8,26,1,8
1,<environment.Job instance at 0x151077a3bcd0>,8,13,[6 1],9,26,39,17,21
1,<environment.Job instance at 0x151077a31820>,17,17,[6 1],23,43,60,20,43
1,<environment.Job instance at 0x151077a30730>,29,16,[10  2],39,60,76,21,47
1,<environment.Job instance at 0x151079676aa0>,3,16,[7 2],4,4,20,0,4
1,<environment.Job instance at 0x151079676320>,5,18,[5 2],7,20,38,13,13
1,<environment.Job instance at 0x1510796deaf0>,11,15,[8 2],16,38,53,22,25
1,<environment.Job instance at 0x15107976e0a0>,28,16,[9 1],43,53,69,10,45
1,<environment.Job instance at 0x1510796bdd20>,36,18,[6 2],56,69,87,13,66
1,<environment.Job instance at 0x15107971c4b0>,54,26,[9 1],84,87,113,3,85
1,<environment.Job instance at 0x151077f36b40>,57,16,[2 9],87,113,129,26,100
1,<environment.Job instance at 0x151079620960>,64,16,[2 8],99,129,145,30,122
1,<environment.Job instance at 0x15107961bc30>,75,16,[2 6],116,145,161,29,139
1,<environment.Job instance at 0x15107ea60b90>,78,14,[9 1],120,161,175,41,146
1,<environment.Job instance at 0x1510740b65f0>,1,12,[6 1],2,6,18,4,6
1,<environment.Job instance at 0x1510740b6e60>,8,15,[1 8],12,12,27,0,12
1,<environment.Job instance at 0x1510740b6af0>,10,19,[2 9],16,56,75,40,56
1,<environment.Job instance at 0x15107410b1e0>,20,15,[7 1],27,159,174,132,159
1,<environment.Job instance at 0x15107410bbe0>,25,17,[2 7],34,164,181,130,164
1,<environment.Job instance at 0x15107410bcd0>,27,17,[9 1],36,181,198,145,170
1,<environment.Job instance at 0x1510741468c0>,35,16,[10  2],44,198,214,154,192
1,<environment.Job instance at 0x151074146fa0>,36,16,[ 2 10],45,218,234,173,218
1,<environment.Job instance at 0x151074146190>,38,15,[2 6],49,279,294,230,279
1,<environment.Job instance at 0x151074146e60>,44,14,[2 8],55,318,332,263,318
1,<environment.Job instance at 0x151074146730>,47,13,[10  1],58,332,345,274,322
1,<environment.Job instance at 0x1510797b2500>,54,16,[10  1],69,345,361,276,342
1,<environment.Job instance at 0x1510797b2370>,62,18,[2 6],84,397,415,313,397
1,<environment.Job instance at 0x1510797b2b90>,65,14,[2 5],88,419,433,331,419
1,<environment.Job instance at 0x15107982d910>,67,12,[1 5],91,493,505,402,493
1,<environment.Job instance at 0x1510741760a0>,83,16,[2 7],121,542,558,421,542
1,<environment.Job instance at 0x15104a918e10>,91,14,[2 8],133,558,572,425,552
1,<environment.Job instance at 0x15104a918960>,94,21,[1 8],136,658,679,522,658
1,<environment.Job instance at 0x15107f3412d0>,103,15,[2 8],152,687,702,535,687
1,<environment.Job instance at 0x151080939910>,3,12,[7 1],6,6,18,0,6
1,<environment.Job instance at 0x151079862320>,2,13,[7 2],4,4,17,0,4
1,<environment.Job instance at 0x15104a424960>,11,18,[6 1],15,18,36,3,18
1,<environment.Job instance at 0x15104a425c30>,33,14,[5 2],49,89,103,40,89
1,<environment.Job instance at 0x15104a428410>,2,13,[2 5],8,8,21,0,8
1,<environment.Job instance at 0x15107a24b280>,2,25,[9 1],3,3,28,0,3
1,<environment.Job instance at 0x15107a24b9b0>,6,13,[10  1],8,28,41,20,19
1,<environment.Job instance at 0x15107a2ef910>,21,17,[10  1],28,41,58,13,30
1,<environment.Job instance at 0x15107a31e6e0>,32,14,[5 2],44,58,72,14,53
1,<environment.Job instance at 0x15107a31ef50>,39,3,[1 7],55,60,63,5,60
1,<environment.Job instance at 0x15107a3171e0>,41,13,[1 5],61,63,76,2,61
1,<environment.Job instance at 0x15107411ac30>,45,3,[2 9],66,76,79,10,66
1,<environment.Job instance at 0x15107a2fb500>,46,13,[2 9],67,79,92,12,74
1,<environment.Job instance at 0x15104a6c05f0>,56,3,[9 2],79,94,97,15,94
1,<environment.Job instance at 0x15104a337730>,68,3,[9 2],104,104,107,0,104
1,<environment.Job instance at 0x15107409a5f0>,100,17,[9 2],149,542,559,393,542
1,<environment.Job instance at 0x15107409a960>,104,15,[7 1],157,559,574,402,551
1,<environment.Job instance at 0x15107409ab90>,106,12,[7 2],159,574,586,415,565
1,<environment.Job instance at 0x15107409ae10>,114,17,[8 1],169,586,603,417,578
1,<environment.Job instance at 0x151074079b90>,0,13,[1 9],1,2,15,1,2
1,<environment.Job instance at 0x15107408f1e0>,2,15,[9 1],4,4,19,0,4
1,<environment.Job instance at 0x15104a361230>,7,19,[5 2],11,19,38,8,19
1,<environment.Job instance at 0x15104abc3b90>,0,2,[10  1],1,1,3,0,1
1,<environment.Job instance at 0x15107a238460>,7,2,[5 1],10,11,13,1,11
1,<environment.Job instance at 0x15107a2380a0>,8,3,[ 2 10],12,13,16,1,12
1,<environment.Job instance at 0x15107a238050>,11,3,[2 8],17,17,20,0,17
1,<environment.Job instance at 0x15107a2387d0>,12,3,[9 1],18,20,23,2,18
1,<environment.Job instance at 0x15107a238aa0>,13,3,[2 9],20,23,26,3,20
1,<environment.Job instance at 0x15107a23c320>,19,2,[5 2],27,50,52,23,50
1,<environment.Job instance at 0x15107a23c410>,23,3,[6 1],34,67,70,33,67
1,<environment.Job instance at 0x15107a23c550>,24,16,[ 2 10],35,70,86,35,67
1,<environment.Job instance at 0x15107a23c5a0>,25,2,[5 1],37,98,100,61,98
1,<environment.Job instance at 0x15107a23c6e0>,26,3,[6 1],38,112,115,74,112
1,<environment.Job instance at 0x15107a23c5f0>,28,15,[7 1],40,123,138,83,123
1,<environment.Job instance at 0x15107a23c870>,30,17,[2 9],43,139,156,96,139
1,<environment.Job instance at 0x15107a23c9b0>,33,3,[2 5],46,165,168,119,165
1,<environment.Job instance at 0x15107a23cc30>,37,12,[ 1 10],50,241,253,191,241
1,<environment.Job instance at 0x15107a23cd70>,38,2,[1 5],51,268,270,217,268
1,<environment.Job instance at 0x15107a23ccd0>,39,12,[5 1],52,375,387,323,375
1,<environment.Job instance at 0x15107a23ce10>,41,3,[1 7],55,424,427,369,424
1,<environment.Job instance at 0x15107a265050>,42,1,[10  2],57,430,431,373,430
1,<environment.Job instance at 0x15107a265320>,44,13,[1 6],60,447,460,387,447
1,<environment.Job instance at 0x15107a2653c0>,46,17,[6 1],62,471,488,409,471
1,<environment.Job instance at 0x15107a265460>,47,1,[8 1],63,532,533,469,532
1,<environment.Job instance at 0x15107a265820>,50,17,[2 7],68,570,587,502,570
1,<environment.Job instance at 0x15107a265690>,51,12,[5 1],69,637,649,568,637
1,<environment.Job instance at 0x15107a265640>,52,16,[1 7],71,648,664,577,648
1,<environment.Job instance at 0x15107a265910>,53,3,[2 6],72,681,684,609,681
1,<environment.Job instance at 0x15107a265b40>,54,17,[6 1],75,746,763,671,746
1,<environment.Job instance at 0x15107a265af0>,55,3,[2 8],76,768,771,692,768
1,<environment.Job instance at 0x15107a265a50>,56,2,[9 1],78,819,821,741,819
1,<environment.Job instance at 0x15107a265c30>,57,12,[5 2],79,854,866,775,854
1,<environment.Job instance at 0x15107a265dc0>,60,26,[2 7],82,932,958,850,932
1,<environment.Job instance at 0x15107a265e10>,62,3,[2 9],84,968,971,884,968
1,<environment.Job instance at 0x15107a265eb0>,63,15,[8 1],86,976,991,890,976
1,<environment.Job instance at 0x15107a23f140>,65,1,[7 2],88,1024,1025,936,1024
1,<environment.Job instance at 0x15107a23f190>,68,2,[2 5],91,1101,1103,1010,1101
1,<environment.Job instance at 0x15107a23f2d0>,69,15,[7 2],92,1124,1139,1032,1124
1,<environment.Job instance at 0x15107a23f550>,73,22,[ 1 10],98,1229,1251,1131,1229
1,<environment.Job instance at 0x15107a23f6e0>,74,2,[1 6],99,1304,1306,1205,1304
1,<environment.Job instance at 0x15107a23f9b0>,79,17,[7 2],106,1309,1326,1203,1309
1,<environment.Job instance at 0x15107a23faf0>,80,13,[2 5],107,1324,1337,1217,1324
1,<environment.Job instance at 0x15107a23fd20>,82,16,[6 1],110,1445,1461,1335,1445
1,<environment.Job instance at 0x15107a23ffa0>,86,3,[1 5],117,1559,1562,1442,1559
1,<environment.Job instance at 0x15107a25e2d0>,93,17,[1 5],126,1624,1641,1498,1624
1,<environment.Job instance at 0x15107a25e870>,96,1,[8 2],129,1691,1692,1562,1691
1,<environment.Job instance at 0x15107a25e820>,98,1,[10  1],131,1697,1698,1566,1697
1,<environment.Job instance at 0x15107a25e910>,99,2,[ 1 10],132,1710,1712,1578,1710
1,<environment.Job instance at 0x15104a3cd4b0>,4,12,[7 2],7,7,19,0,7
1,<environment.Job instance at 0x15107986caa0>,6,17,[6 2],11,19,36,8,13
1,<environment.Job instance at 0x1510797c7d20>,11,18,[10  1],16,36,54,20,25
1,<environment.Job instance at 0x15107d4e4b90>,35,17,[ 2 10],48,54,71,6,49
1,<environment.Job instance at 0x15107d4e4eb0>,37,18,[2 5],50,71,89,21,63
1,<environment.Job instance at 0x15104a8fd370>,48,17,[6 2],64,83,100,19,83
1,<environment.Job instance at 0x15104a8fd230>,50,15,[10  2],66,100,115,34,86
1,<environment.Job instance at 0x15107a2c3370>,0,18,[2 9],1,1,19,0,1
1,<environment.Job instance at 0x15107a2c3b40>,1,13,[2 8],3,19,32,16,3
1,<environment.Job instance at 0x1510740a9550>,6,18,[7 2],10,43,61,33,43
1,<environment.Job instance at 0x15107b8640a0>,13,13,[6 1],18,61,74,43,56
1,<environment.Job instance at 0x15107b864280>,18,17,[9 1],24,74,91,50,64
1,<environment.Job instance at 0x15107b8647d0>,20,14,[2 8],28,91,105,63,76
1,<environment.Job instance at 0x15107b864320>,22,17,[7 2],31,105,122,74,105
1,<environment.Job instance at 0x15104a7f8a50>,23,13,[8 1],34,122,135,88,109
1,<environment.Job instance at 0x15104a7f8640>,25,18,[8 1],37,135,153,98,135
1,<environment.Job instance at 0x15104a7f8320>,28,1,[8 1],40,153,154,113,147
1,<environment.Job instance at 0x15104a7f8730>,36,17,[ 1 10],55,154,171,99,152
1,<environment.Job instance at 0x15104a7f8d20>,37,13,[ 1 10],57,171,184,114,162
1,<environment.Job instance at 0x1510791fa050>,39,13,[7 2],61,184,197,123,173
1,<environment.Job instance at 0x1510791fab40>,45,14,[6 2],70,201,215,131,201
1,<environment.Job instance at 0x1510791fa140>,47,18,[10  2],72,215,233,143,204
1,<environment.Job instance at 0x1510791faaf0>,49,14,[1 7],74,233,247,159,232
1,<environment.Job instance at 0x1510791fa820>,51,12,[5 2],77,271,283,194,271
1,<environment.Job instance at 0x151079765910>,58,15,[7 1],87,298,313,211,298
1,<environment.Job instance at 0x151079765500>,62,14,[7 1],99,335,349,236,335
1,<environment.Job instance at 0x151079765b40>,63,3,[6 2],100,358,361,258,358
1,<environment.Job instance at 0x151079765410>,69,17,[1 9],111,361,378,250,360
1,<environment.Job instance at 0x1510798323c0>,74,3,[10  2],122,378,381,256,377
1,<environment.Job instance at 0x151079832a00>,79,13,[7 2],131,390,403,259,390
1,<environment.Job instance at 0x15107a1f29b0>,87,16,[5 2],145,421,437,276,421
1,<environment.Job instance at 0x15104a47e9b0>,7,2,[7 1],8,8,10,0,8
1,<environment.Job instance at 0x15104aa22e10>,11,3,[9 1],13,14,17,1,14
1,<environment.Job instance at 0x15104aa22730>,12,14,[8 2],15,17,31,2,15
1,<environment.Job instance at 0x15107f2ede10>,23,12,[1 7],32,892,904,860,892
1,<environment.Job instance at 0x15107964baf0>,42,16,[10  1],56,904,920,848,898
1,<environment.Job instance at 0x15104a96fe10>,64,15,[7 2],86,935,950,849,935
1,<environment.Job instance at 0x15104a96f730>,68,16,[6 1],94,950,966,856,947
1,<environment.Job instance at 0x15104a96f460>,76,18,[6 1],106,971,989,865,971
1,<environment.Job instance at 0x15104a96f8c0>,83,16,[6 2],115,1000,1016,885,1000
1,<environment.Job instance at 0x15107ea39b90>,96,23,[1 9],136,1025,1048,889,1025
1,<environment.Job instance at 0x1510741b2af0>,111,17,[10  2],165,1048,1065,883,1036
1,<environment.Job instance at 0x15104aaab7d0>,0,16,[ 2 10],3,3,19,0,3
1,<environment.Job instance at 0x15107429c550>,10,2,[7 2],17,19,21,2,19
1,<environment.Job instance at 0x15107429cf50>,13,3,[6 2],20,21,24,1,20
1,<environment.Job instance at 0x15107429c3c0>,14,3,[8 1],22,24,27,2,23
1,<environment.Job instance at 0x15107987b460>,17,15,[10  1],26,27,42,1,26
1,<environment.Job instance at 0x15107987bd70>,18,17,[6 1],28,42,59,14,34
1,<environment.Job instance at 0x15107987b050>,25,12,[5 2],36,59,71,23,52
1,<environment.Job instance at 0x151049ffddc0>,28,16,[7 1],41,71,87,30,62
1,<environment.Job instance at 0x151049ffd7d0>,33,15,[7 2],48,87,102,39,83
1,<environment.Job instance at 0x151049ffde10>,38,14,[2 8],54,91,105,37,91
1,<environment.Job instance at 0x151049ff94b0>,41,14,[9 1],59,105,119,46,100
1,<environment.Job instance at 0x151049ff9550>,46,15,[7 2],66,119,134,53,114
1,<environment.Job instance at 0x151049ff9870>,51,15,[2 8],72,128,143,56,128
1,<environment.Job instance at 0x151049ff92d0>,55,16,[8 1],80,134,150,54,133
1,<environment.Job instance at 0x15107f388910>,66,17,[6 2],96,150,167,54,143
1,<environment.Job instance at 0x15107406fb40>,72,15,[5 2],103,167,182,64,157
1,<environment.Job instance at 0x151080963690>,86,15,[2 8],128,174,189,46,174
1,<environment.Job instance at 0x15104a77ffa0>,93,16,[1 9],136,189,205,53,181
1,<environment.Job instance at 0x15104a77f960>,103,14,[ 1 10],153,205,219,52,202
1,<environment.Job instance at 0x15104a5e9b90>,105,14,[2 9],158,219,233,61,216
1,<environment.Job instance at 0x15104a06ea00>,0,13,[2 5],2,2,15,0,2
1,<environment.Job instance at 0x1510740887d0>,7,13,[7 2],14,14,27,0,14
1,<environment.Job instance at 0x151074088690>,8,14,[7 1],15,27,41,12,23
1,<environment.Job instance at 0x15107408a820>,20,15,[9 2],30,41,56,11,30
1,<environment.Job instance at 0x1510740a0230>,28,18,[5 2],40,56,74,16,54
1,<environment.Job instance at 0x1510740a08c0>,35,13,[1 6],53,54,67,1,54
1,<environment.Job instance at 0x1510740a0960>,36,2,[8 1],54,74,76,20,59
1,<environment.Job instance at 0x1510740a0cd0>,41,3,[9 2],60,76,79,16,60
1,<environment.Job instance at 0x15107f2ff2d0>,7,13,[ 2 10],9,9,22,0,9
1,<environment.Job instance at 0x15107f2ff230>,9,17,[1 7],11,22,39,11,13
1,<environment.Job instance at 0x15104a1e3eb0>,18,13,[6 1],27,42,55,15,42
1,<environment.Job instance at 0x1510741415f0>,2,13,[2 9],5,5,18,0,5
1,<environment.Job instance at 0x151074141050>,3,12,[10  1],6,18,30,12,9
1,<environment.Job instance at 0x15107a17feb0>,38,18,[2 7],55,55,73,0,55
1,<environment.Job instance at 0x15104a2607d0>,42,17,[2 7],63,73,90,10,68
1,<environment.Job instance at 0x15104a260870>,48,17,[8 1],72,77,94,5,77
1,<environment.Job instance at 0x15104a3ffdc0>,0,3,[6 2],1,1,4,0,1
1,<environment.Job instance at 0x15107e9754b0>,11,2,[5 1],18,33,35,15,33
1,<environment.Job instance at 0x15107e975230>,13,15,[5 1],21,61,76,40,61
1,<environment.Job instance at 0x15107e975730>,15,3,[2 8],23,78,81,55,78
1,<environment.Job instance at 0x15107e975460>,17,1,[6 2],26,108,109,82,108
1,<environment.Job instance at 0x15107e975640>,18,2,[1 7],27,112,114,85,112
1,<environment.Job instance at 0x15107e975f50>,19,23,[10  2],28,114,137,86,112
1,<environment.Job instance at 0x15104a802b40>,20,3,[6 1],29,137,140,108,137
1,<environment.Job instance at 0x153ec83949b0>,0,12,[2 5],1,1,13,0,1
1,<environment.Job instance at 0x153ebe72f9b0>,6,18,[8 1],7,8,26,1,8
1,<environment.Job instance at 0x153ebe725eb0>,17,17,[6 1],23,26,43,3,24
1,<environment.Job instance at 0x153ebe725730>,24,12,[ 1 10],32,43,55,11,33
1,<environment.Job instance at 0x153ebe724780>,29,16,[10  2],39,55,71,16,42
1,<environment.Job instance at 0x153ebe96b1e0>,1,15,[1 7],5,5,20,0,5
1,<environment.Job instance at 0x153ec0422960>,9,17,[ 2 10],16,20,37,4,17
1,<environment.Job instance at 0x153ec0422dc0>,10,19,[ 1 10],18,42,61,24,42
1,<environment.Job instance at 0x153ebf295aa0>,27,18,[8 1],38,61,79,23,50
1,<environment.Job instance at 0x153ebf295f50>,29,17,[1 6],41,61,78,20,53
1,<environment.Job instance at 0x153ebf2955a0>,30,17,[7 1],42,79,96,37,72
1,<environment.Job instance at 0x153ec03d7050>,35,12,[1 5],52,87,99,35,87
1,<environment.Job instance at 0x153ec0382410>,42,2,[10  2],61,99,101,38,87
1,<environment.Job instance at 0x153ec03825f0>,51,14,[2 8],79,101,115,22,94
1,<environment.Job instance at 0x153ebec09c30>,57,15,[2 8],88,115,130,27,105
1,<environment.Job instance at 0x153ea55e35f0>,2,17,[2 7],4,5,22,1,5
1,<environment.Job instance at 0x153ea55e3eb0>,4,17,[9 1],6,22,39,16,10
1,<environment.Job instance at 0x153ebc21bc30>,12,16,[10  2],14,39,55,25,26
1,<environment.Job instance at 0x153ec100a820>,21,14,[2 8],25,55,69,30,47
1,<environment.Job instance at 0x153ec100afa0>,31,16,[10  1],39,69,85,30,56
1,<environment.Job instance at 0x153ebc25e370>,34,12,[7 1],44,85,97,41,79
1,<environment.Job instance at 0x153ec0497a00>,43,3,[5 2],60,97,100,37,80
1,<environment.Job instance at 0x153ec04975f0>,44,12,[1 5],61,85,97,24,82
1,<environment.Job instance at 0x153ec0497d20>,45,13,[7 2],62,100,113,38,89
1,<environment.Job instance at 0x153ec0497190>,48,18,[1 5],67,108,126,41,108
1,<environment.Job instance at 0x153ec04975a0>,53,1,[5 2],76,113,114,37,113
1,<environment.Job instance at 0x153ec0497640>,55,2,[ 1 10],80,126,128,46,113
1,<environment.Job instance at 0x153ec04970f0>,56,16,[ 2 10],82,128,144,46,115
1,<environment.Job instance at 0x153ec563c230>,60,16,[2 7],91,144,160,53,136
1,<environment.Job instance at 0x153ec563c730>,68,14,[2 8],103,160,174,57,146
1,<environment.Job instance at 0x153ec563c870>,70,27,[1 7],105,177,204,72,177
1,<environment.Job instance at 0x153ec563dd20>,77,17,[1 9],114,204,221,90,192
1,<environment.Job instance at 0x153ec7602960>,83,2,[1 8],127,221,223,94,215
1,<environment.Job instance at 0x153ebc3118c0>,98,16,[ 1 10],152,241,257,89,241
1,<environment.Job instance at 0x153ebc0f0230>,107,17,[9 2],163,257,274,94,255
1,<environment.Job instance at 0x153ec5fd9320>,109,12,[2 8],165,274,286,109,267
1,<environment.Job instance at 0x153ebc1b6820>,0,14,[1 5],1,1,15,0,1
1,<environment.Job instance at 0x153ec0fd4d20>,1,12,[2 6],3,15,27,12,3
1,<environment.Job instance at 0x153ec0557a50>,9,14,[9 2],16,27,41,11,16
1,<environment.Job instance at 0x153ec0fba4b0>,16,13,[1 9],24,41,54,17,25
1,<environment.Job instance at 0x153ec0fbae10>,24,17,[5 2],34,54,71,20,43
1,<environment.Job instance at 0x153ebc11b370>,30,1,[1 7],42,54,55,12,51
1,<environment.Job instance at 0x153ec6006a00>,34,3,[7 1],46,51,54,5,51
1,<environment.Job instance at 0x153ebc15c550>,35,14,[8 2],47,71,85,24,56
1,<environment.Job instance at 0x153ebc0e47d0>,38,3,[5 2],52,65,68,13,65
1,<environment.Job instance at 0x153ebc0e4460>,39,13,[2 8],53,68,81,15,66
1,<environment.Job instance at 0x153ea54c13c0>,44,17,[10  1],60,85,102,25,73
1,<environment.Job instance at 0x153ea54c1d70>,45,25,[9 1],61,102,127,41,98
1,<environment.Job instance at 0x153ec0581b90>,49,15,[5 2],66,127,142,61,113
1,<environment.Job instance at 0x153ebc1d7190>,50,3,[2 7],68,127,130,59,113
1,<environment.Job instance at 0x153ebc0de8c0>,51,15,[7 2],69,142,157,73,128
1,<environment.Job instance at 0x153ea54ca8c0>,56,14,[2 6],75,131,145,56,131
1,<environment.Job instance at 0x153ea54cae10>,58,17,[2 5],77,145,162,68,143
1,<environment.Job instance at 0x153ea54ca230>,65,1,[6 2],87,157,158,70,150
1,<environment.Job instance at 0x153ea54caeb0>,66,1,[5 1],88,158,159,70,150
1,<environment.Job instance at 0x153ea54ca5f0>,68,3,[2 6],91,162,165,71,150
1,<environment.Job instance at 0x153ea54ca870>,69,2,[9 1],92,165,167,73,150
1,<environment.Job instance at 0x153ea54ca9b0>,70,13,[6 1],94,167,180,73,154
1,<environment.Job instance at 0x153ea54cacd0>,73,3,[5 1],97,159,162,62,157
1,<environment.Job instance at 0x153ea5250780>,3,15,[1 9],6,6,21,0,6
1,<environment.Job instance at 0x153ea518e780>,13,15,[6 1],22,22,37,0,22
1,<environment.Job instance at 0x153ea518e2d0>,15,17,[10  1],26,37,54,11,26
1,<environment.Job instance at 0x153ea52435a0>,59,16,[9 2],90,379,395,289,379
1,<environment.Job instance at 0x153ea5243960>,61,15,[6 1],93,399,414,306,399
1,<environment.Job instance at 0x153ea522f0f0>,69,14,[ 1 10],104,414,428,310,406
1,<environment.Job instance at 0x153ea522f910>,74,18,[2 9],110,428,446,318,424
1,<environment.Job instance at 0x153ea522f9b0>,78,17,[5 1],114,431,448,317,431
1,<environment.Job instance at 0x153ea513a500>,86,21,[9 2],122,451,472,329,451
1,<environment.Job instance at 0x153ea513adc0>,88,16,[5 2],124,478,494,354,478
1,<environment.Job instance at 0x153ea52130f0>,92,17,[ 2 10],129,494,511,365,490
1,<environment.Job instance at 0x153ea5213aa0>,94,16,[5 2],133,511,527,378,509
1,<environment.Job instance at 0x153ea530b1e0>,115,17,[5 2],160,937,954,777,937
1,<environment.Job instance at 0x153ebc02c140>,0,16,[7 1],1,2,18,1,2
1,<environment.Job instance at 0x153ebc28ea00>,9,15,[6 1],15,18,33,3,17
1,<environment.Job instance at 0x153ebc3163c0>,15,16,[2 5],21,21,37,0,21
1,<environment.Job instance at 0x153ebc316050>,17,12,[ 1 10],23,37,49,14,23
1,<environment.Job instance at 0x153ebc3096e0>,21,15,[8 1],29,49,64,20,37
1,<environment.Job instance at 0x153ebc3099b0>,26,13,[7 2],40,64,77,24,56
1,<environment.Job instance at 0x153ea539a8c0>,43,18,[1 7],66,74,92,8,74
1,<environment.Job instance at 0x153ebc17e690>,6,12,[2 9],17,18,30,1,18
1,<environment.Job instance at 0x153ebc17ec30>,10,17,[6 2],22,30,47,8,27
1,<environment.Job instance at 0x153ebc195f50>,25,14,[ 2 10],40,47,61,7,41
1,<environment.Job instance at 0x153ea52455a0>,5,16,[2 8],8,14,30,6,14
1,<environment.Job instance at 0x153ec0f14640>,15,1,[6 1],20,26,27,6,26
1,<environment.Job instance at 0x153ec0ef8190>,30,14,[1 6],41,72,86,31,72
1,<environment.Job instance at 0x153ec12a8690>,53,16,[5 2],76,140,156,64,140
1,<environment.Job instance at 0x153ec5736820>,7,16,[6 1],10,26,42,16,26
1,<environment.Job instance at 0x153ec573fcd0>,27,18,[10  1],35,42,60,7,35
1,<environment.Job instance at 0x153ec5768320>,29,15,[2 7],37,60,75,23,56
1,<environment.Job instance at 0x153ec5768690>,37,14,[9 2],49,75,89,26,68
1,<environment.Job instance at 0x153ec57689b0>,41,16,[8 1],54,89,105,35,76
1,<environment.Job instance at 0x153ec5768a50>,43,15,[8 2],56,105,120,49,103
1,<environment.Job instance at 0x153ec57570f0>,49,18,[5 2],63,135,153,72,135
1,<environment.Job instance at 0x153ec57577d0>,53,14,[10  1],69,153,167,84,143
1,<environment.Job instance at 0x153ec573e5f0>,75,14,[9 2],99,170,184,71,170
1,<environment.Job instance at 0x153ec573e730>,76,16,[8 2],101,192,208,91,192
1,<environment.Job instance at 0x153ec573eaa0>,79,13,[8 1],105,211,224,106,211
1,<environment.Job instance at 0x153ec573edc0>,82,12,[9 1],108,224,236,116,222
1,<environment.Job instance at 0x153ec5731460>,90,17,[ 2 10],118,236,253,118,236
1,<environment.Job instance at 0x153ec5732320>,0,3,[2 5],1,1,4,0,1
1,<environment.Job instance at 0x153ec56e35a0>,1,16,[7 2],2,2,18,0,2
1,<environment.Job instance at 0x153ec56e3a50>,2,12,[9 1],3,18,30,15,3
1,<environment.Job instance at 0x153ebec13eb0>,15,14,[10  2],26,30,44,4,26
1,<environment.Job instance at 0x153ebc0a6be0>,17,12,[6 1],30,51,63,21,51
1,<environment.Job instance at 0x153ec0eccfa0>,25,18,[1 7],42,69,87,27,69
1,<environment.Job instance at 0x153ea53bfd20>,29,12,[5 1],48,70,82,22,70
1,<environment.Job instance at 0x153ec036f320>,37,18,[2 9],61,87,105,26,80
1,<environment.Job instance at 0x153ea56c7230>,43,18,[7 2],70,105,123,35,94
1,<environment.Job instance at 0x153ea52b0960>,44,15,[2 7],71,105,120,34,94
1,<environment.Job instance at 0x153ebc21aeb0>,57,14,[2 8],88,120,134,32,112
1,<environment.Job instance at 0x153ebc21a320>,59,17,[7 2],91,131,148,40,131
1,<environment.Job instance at 0x153ebc21a4b0>,62,18,[8 1],97,148,166,51,137
1,<environment.Job instance at 0x153ebc2f5140>,73,17,[ 1 10],115,166,183,51,154
1,<environment.Job instance at 0x153ebc2f5cd0>,76,13,[7 2],121,183,196,62,174
1,<environment.Job instance at 0x153ebc2f5730>,82,14,[6 2],130,203,217,73,203
1,<environment.Job instance at 0x153ebc2f57d0>,84,18,[10  2],132,217,235,85,206
1,<environment.Job instance at 0x153ea510aaa0>,88,12,[5 2],137,235,247,98,230
1,<environment.Job instance at 0x153ea514d140>,99,14,[7 1],159,253,267,94,253
1,<environment.Job instance at 0x153ea514db90>,101,17,[6 2],165,267,284,102,267
1,<environment.Job instance at 0x153ea56120f0>,4,18,[2 8],8,8,26,0,8
1,<environment.Job instance at 0x153ea5612370>,5,13,[7 2],11,14,27,3,14
1,<environment.Job instance at 0x153ea57e3aa0>,13,16,[5 2],25,45,61,20,45
1,<environment.Job instance at 0x153ea57e3190>,19,18,[8 2],32,61,79,29,50
1,<environment.Job instance at 0x153ea57e3c80>,28,18,[7 2],49,89,107,40,89
1,<environment.Job instance at 0x153ec0f1cd70>,42,14,[8 2],65,107,121,42,93
1,<environment.Job instance at 0x153ec0577b90>,2,12,[5 2],4,4,16,0,4
1,<environment.Job instance at 0x153ec0f1cf00>,3,16,[2 6],5,6,22,1,6
1,<environment.Job instance at 0x153ea5354eb0>,11,3,[9 2],23,23,26,0,23
1,<environment.Job instance at 0x153ea5354410>,13,13,[1 5],27,28,41,1,28
1,<environment.Job instance at 0x153ea53541e0>,18,18,[1 8],33,41,59,8,36
1,<environment.Job instance at 0x153ec130a140>,31,13,[1 9],54,59,72,5,54
1,<environment.Job instance at 0x153ea52520f0>,43,15,[5 2],70,120,135,50,120
1,<environment.Job instance at 0x153ea51ae5a0>,55,15,[2 9],87,135,150,48,123
1,<environment.Job instance at 0x153ea5664910>,61,14,[2 8],94,150,164,56,149
1,<environment.Job instance at 0x153ea5664aa0>,64,14,[9 1],99,164,178,65,158
1,<environment.Job instance at 0x153ec127d050>,89,17,[6 2],136,182,199,46,182
1,<environment.Job instance at 0x153ea5788b90>,95,15,[5 2],143,199,214,56,195
1,<environment.Job instance at 0x153ebc0f1f50>,109,15,[2 8],168,209,224,41,209
1,<environment.Job instance at 0x153ec1245820>,6,14,[ 1 10],13,13,27,0,13
1,<environment.Job instance at 0x153ec1245e10>,11,26,[ 2 10],21,29,55,8,29
1,<environment.Job instance at 0x153ebc0bdcd0>,0,13,[ 1 10],1,1,14,0,1
1,<environment.Job instance at 0x153ea5476f50>,13,16,[5 1],19,26,42,7,26
1,<environment.Job instance at 0x153ec0eb6cd0>,21,12,[2 7],33,33,45,0,33
1,<environment.Job instance at 0x153ec0eddb40>,22,13,[7 2],34,42,55,8,41
1,<environment.Job instance at 0x153ec0ec2960>,30,14,[2 5],42,47,61,5,47
1,<environment.Job instance at 0x153ec0ec2be0>,35,15,[9 2],50,61,76,11,50
1,<environment.Job instance at 0x153ea4e0deb0>,45,12,[2 8],66,76,88,10,68
1,<environment.Job instance at 0x153ea4e0dd20>,47,18,[ 1 10],70,88,106,18,83
1,<environment.Job instance at 0x153ea5470e10>,55,12,[5 2],78,106,118,28,95
1,<environment.Job instance at 0x153ec0edb320>,59,14,[6 1],86,118,132,32,108
1,<environment.Job instance at 0x153ec100d190>,70,21,[1 9],105,118,139,13,117
1,<environment.Job instance at 0x153ec100daa0>,74,18,[10  1],111,139,157,28,129
1,<environment.Job instance at 0x153ea5318c30>,1,22,[1 7],2,7,29,5,7
1,<environment.Job instance at 0x153ea55afd70>,12,15,[5 1],16,17,32,1,17
1,<environment.Job instance at 0x153ea56600f0>,15,13,[ 2 10],19,32,45,13,19
1,<environment.Job instance at 0x153ea56604b0>,24,12,[ 1 10],34,45,57,11,41
1,<environment.Job instance at 0x153ea562e050>,28,13,[5 2],39,57,70,18,53
1,<environment.Job instance at 0x153ea562e140>,29,13,[9 2],40,70,83,30,54
1,<environment.Job instance at 0x153ea562e460>,31,12,[1 8],42,62,74,20,62
1,<environment.Job instance at 0x153ea562e5a0>,33,17,[1 8],45,74,91,29,74
1,<environment.Job instance at 0x153ea5636af0>,2,13,[2 9],5,5,18,0,5
1,<environment.Job instance at 0x153ebc2a7820>,3,12,[10  1],6,18,30,12,6
1,<environment.Job instance at 0x153ec609dc30>,11,23,[1 9],14,30,53,16,29
1,<environment.Job instance at 0x153ebe7275f0>,23,25,[ 1 10],31,114,139,83,114
1,<environment.Job instance at 0x153ec055f320>,25,3,[ 2 10],33,155,158,122,155
1,<environment.Job instance at 0x153ea55119b0>,29,3,[9 1],39,202,205,163,202
1,<environment.Job instance at 0x153ea53cc550>,30,2,[5 1],40,310,312,270,310
1,<environment.Job instance at 0x153ea56acaf0>,33,15,[1 8],44,363,378,319,363
1,<environment.Job instance at 0x153ea56c4b90>,36,2,[2 7],52,428,430,376,428
1,<environment.Job instance at 0x153ebe730e10>,38,18,[2 7],55,481,499,426,481
1,<environment.Job instance at 0x153ebe7303c0>,39,2,[2 6],57,499,501,442,499
1,<environment.Job instance at 0x153ebe730be0>,41,1,[5 2],60,503,504,443,503
1,<environment.Job instance at 0x153ebe730e60>,42,17,[2 7],63,503,520,440,503
1,<environment.Job instance at 0x153ea57d8e60>,50,18,[2 7],75,532,550,457,532
1,<environment.Job instance at 0x153ea4d59690>,51,16,[1 8],76,550,566,474,549
1,<environment.Job instance at 0x153ea4d5ec30>,6,15,[5 1],11,11,26,0,11
1,<environment.Job instance at 0x153ea4e6c6e0>,12,23,[10  2],18,26,49,8,20
1,<environment.Job instance at 0x153ea4e6c690>,19,19,[8 1],32,49,68,17,45
1,<environment.Job instance at 0x153ea4f4a6e0>,30,18,[9 2],46,68,86,22,58
1,<environment.Job instance at 0x153ec0349870>,42,15,[8 1],67,86,101,19,72
1,<environment.Job instance at 0x153ebe730a00>,51,17,[5 1],84,101,118,17,97
1,<environment.Job instance at 0x153ea5092640>,78,14,[1 6],128,233,247,105,233
1,<environment.Job instance at 0x153ea57d41e0>,90,15,[2 6],143,257,272,114,257
1,<environment.Job instance at 0x153ec0fef460>,110,15,[8 1],169,290,305,121,290
1,<environment.Job instance at 0x153ec0fef7d0>,113,15,[9 2],173,305,320,132,298
1,<environment.Job instance at 0x153ea5638870>,114,17,[5 1],174,325,342,151,325
1,<environment.Job instance at 0x153ea5638910>,117,13,[8 2],178,342,355,164,338
1,<environment.Job instance at 0x153ea5638fa0>,118,16,[1 8],179,355,371,176,355
1,<environment.Job instance at 0x153ec7a5efa0>,2,14,[1 9],4,4,18,0,4
1,<environment.Job instance at 0x153ec7a5ebe0>,3,13,[1 9],6,18,31,12,6
1,<environment.Job instance at 0x153ebebc30f0>,12,16,[2 9],20,31,47,11,27
1,<environment.Job instance at 0x153ebebc3be0>,16,13,[2 7],24,47,60,23,43
1,<environment.Job instance at 0x153ec8218c80>,18,15,[2 9],27,60,75,33,54
1,<environment.Job instance at 0x153ec045f2d0>,24,24,[2 7],36,75,99,39,73
1,<environment.Job instance at 0x153ec045fdc0>,34,12,[2 9],51,99,111,48,86
1,<environment.Job instance at 0x153ec045f4b0>,35,18,[7 2],53,111,129,58,109
1,<environment.Job instance at 0x153ebe96f0a0>,44,3,[1 5],69,128,131,59,128
1,<environment.Job instance at 0x153ebe96f7d0>,51,3,[2 7],84,131,134,47,128
1,<environment.Job instance at 0x153ec5fbf4b0>,53,3,[2 9],87,134,137,47,129
1,<environment.Job instance at 0x153ea5585aa0>,63,17,[ 2 10],99,137,154,38,136
1,<environment.Job instance at 0x153ec6043320>,73,15,[ 1 10],116,154,169,38,148
1,<environment.Job instance at 0x153ec6043be0>,74,14,[2 6],118,169,183,51,164
1,<environment.Job instance at 0x153ec573f7d0>,80,3,[7 1],127,182,185,55,182
1,<environment.Job instance at 0x153ebfed6dc0>,83,1,[1 9],130,183,184,53,182
1,<environment.Job instance at 0x153ea51b64b0>,84,18,[1 8],132,184,202,52,182
1,<environment.Job instance at 0x153ec56a4550>,89,13,[5 2],139,209,222,70,209
1,<environment.Job instance at 0x153ec822c690>,96,15,[8 2],149,222,237,73,211
1,<environment.Job instance at 0x153ec822ca00>,98,15,[7 1],152,237,252,85,230
1,<environment.Job instance at 0x153ec822c5a0>,105,2,[5 1],159,252,254,93,252
1,<environment.Job instance at 0x153ea4de7a50>,108,2,[9 1],165,254,256,89,253
1,<environment.Job instance at 0x153ec0355e10>,116,20,[10  2],177,270,290,93,270
1,<environment.Job instance at 0x153ec0355e60>,118,15,[1 9],179,290,305,111,276
1,<environment.Job instance at 0x14e6a20369b0>,0,12,[2 5],1,1,13,0,1
1,<environment.Job instance at 0x14e6983d1be0>,6,18,[8 1],7,10,28,3,10
1,<environment.Job instance at 0x14e6983c7640>,17,17,[6 1],23,38,55,15,38
1,<environment.Job instance at 0x14e6983c6cd0>,29,16,[10  2],39,55,71,16,44
1,<environment.Job instance at 0x14e69862f9b0>,92,15,[7 1],129,328,343,199,328
1,<environment.Job instance at 0x14e698623280>,96,12,[9 2],134,343,355,209,336
1,<environment.Job instance at 0x14e69aca70a0>,100,17,[1 9],139,366,383,227,366
1,<environment.Job instance at 0x14e69a217b40>,101,13,[2 9],140,383,396,243,376
1,<environment.Job instance at 0x14e698626190>,106,15,[5 1],145,400,415,255,400
1,<environment.Job instance at 0x14e69aca3a50>,107,18,[1 8],146,428,446,282,428
1,<environment.Job instance at 0x14e6983bd280>,114,15,[9 2],157,439,454,282,439
1,<environment.Job instance at 0x14e6983bda50>,115,18,[2 6],158,454,472,296,448
1,<environment.Job instance at 0x14e69886e550>,1,3,[5 2],2,2,5,0,2
1,<environment.Job instance at 0x14e69a02ef50>,2,15,[2 7],3,5,20,2,5
1,<environment.Job instance at 0x14e6988d0370>,5,17,[ 2 10],6,20,37,14,9
1,<environment.Job instance at 0x14e698f34be0>,13,15,[1 7],15,37,52,22,25
1,<environment.Job instance at 0x14e698f37820>,22,3,[ 2 10],27,52,55,25,29
1,<environment.Job instance at 0x14e698f37d20>,25,17,[1 6],31,55,72,24,55
1,<environment.Job instance at 0x14e69a0bd8c0>,42,18,[7 2],59,59,77,0,59
1,<environment.Job instance at 0x14e69a0bda50>,44,18,[10  1],66,77,95,11,66
1,<environment.Job instance at 0x14e69a0bd0f0>,47,14,[2 8],69,95,109,26,82
1,<environment.Job instance at 0x14e69a0b8820>,52,14,[6 1],77,111,125,34,111
1,<environment.Job instance at 0x14e69a0b8eb0>,54,16,[1 7],79,115,131,36,115
1,<environment.Job instance at 0x14e698865870>,2,16,[9 1],3,3,19,0,3
1,<environment.Job instance at 0x14e69a119550>,5,14,[7 2],7,19,33,12,17
1,<environment.Job instance at 0x14e69a119640>,11,16,[1 5],18,27,43,9,27
1,<environment.Job instance at 0x14e69ab89dc0>,26,14,[1 9],40,43,57,3,40
1,<environment.Job instance at 0x14e69ab89870>,28,26,[9 1],44,44,70,0,44
1,<environment.Job instance at 0x14e69ac26af0>,31,16,[2 9],47,70,86,23,64
1,<environment.Job instance at 0x14e69a005d20>,44,1,[5 1],69,76,77,7,76
1,<environment.Job instance at 0x14e69a117320>,50,3,[1 6],77,86,89,9,77
1,<environment.Job instance at 0x14e69a1178c0>,51,2,[8 2],78,86,88,8,78
1,<environment.Job instance at 0x14e69a117e10>,52,14,[9 1],80,88,102,8,80
1,<environment.Job instance at 0x14e699fb1af0>,59,15,[10  1],89,102,117,13,92
1,<environment.Job instance at 0x14e69abe7b40>,0,2,[10  2],2,2,4,0,2
1,<environment.Job instance at 0x14e65f692140>,2,3,[2 8],7,7,10,0,7
1,<environment.Job instance at 0x14e69fcedeb0>,4,16,[10  1],9,10,26,1,9
1,<environment.Job instance at 0x14e65f6920a0>,7,12,[7 1],14,26,38,12,24
1,<environment.Job instance at 0x14e69a14e5f0>,18,13,[7 2],32,38,51,6,34
1,<environment.Job instance at 0x14e69a14e280>,22,16,[1 5],41,48,64,7,48
1,<environment.Job instance at 0x14e69ac70d70>,29,16,[ 2 10],52,64,80,12,52
1,<environment.Job instance at 0x14e65f66ef50>,41,14,[2 8],73,80,94,7,75
1,<environment.Job instance at 0x14e65f6f9910>,44,21,[1 8],76,98,119,22,98
1,<environment.Job instance at 0x14e65f6f9fa0>,53,15,[2 8],92,119,134,27,106
1,<environment.Job instance at 0x14e69a142b90>,55,13,[10  1],95,134,147,39,121
1,<environment.Job instance at 0x14e69a142820>,59,15,[2 7],100,147,162,47,141
1,<environment.Job instance at 0x14e6a219b5f0>,67,12,[7 1],116,162,174,46,162
1,<environment.Job instance at 0x14e69a18adc0>,4,16,[ 2 10],5,5,21,0,5
1,<environment.Job instance at 0x14e69a191190>,6,14,[8 2],7,21,35,14,14
1,<environment.Job instance at 0x14e65f103230>,15,17,[10  1],20,35,52,15,23
1,<environment.Job instance at 0x14e69fcb2f00>,31,15,[9 2],40,52,67,12,40
1,<environment.Job instance at 0x14e69fcc4140>,35,17,[9 1],46,67,84,21,56
1,<environment.Job instance at 0x14e65f4c44b0>,50,17,[2 7],65,84,101,19,78
1,<environment.Job instance at 0x14e65f4c4a50>,51,13,[2 8],66,101,114,35,94
1,<environment.Job instance at 0x14e65f4c4370>,52,16,[6 1],67,117,133,50,117
1,<environment.Job instance at 0x14e65f4c4320>,58,13,[2 9],73,122,135,49,122
1,<environment.Job instance at 0x14e65f4c4500>,62,13,[10  1],79,135,148,56,127
1,<environment.Job instance at 0x14e65f55a960>,64,14,[2 9],81,148,162,67,146
1,<environment.Job instance at 0x14e65f55a7d0>,71,17,[1 8],88,164,181,76,164
1,<environment.Job instance at 0x14e65f55a190>,76,13,[7 2],94,185,198,91,185
1,<environment.Job instance at 0x14e65f5be640>,78,15,[ 2 10],96,225,240,129,225
1,<environment.Job instance at 0x14e65f5be8c0>,81,17,[1 7],100,241,258,141,241
1,<environment.Job instance at 0x14e65f5bef00>,86,15,[2 9],106,321,336,215,321
1,<environment.Job instance at 0x14e65f5be730>,90,16,[6 2],111,354,370,243,354
1,<environment.Job instance at 0x14e65f20d960>,103,17,[1 7],130,379,396,249,379
1,<environment.Job instance at 0x14e65f20d410>,104,15,[10  2],134,396,411,262,385
1,<environment.Job instance at 0x14e65f20d320>,107,14,[5 2],139,473,487,334,473
1,<environment.Job instance at 0x14e65f53c820>,111,14,[1 6],143,487,501,344,487
1,<environment.Job instance at 0x14e65f62d320>,120,12,[5 2],157,548,560,391,548
1,<environment.Job instance at 0x14e69a255aa0>,134,15,[2 5],179,592,607,413,592
1,<environment.Job instance at 0x14e65f62bb40>,135,14,[7 1],180,657,671,477,657
1,<environment.Job instance at 0x14e65efde9b0>,1,3,[10  1],2,5,8,3,5
1,<environment.Job instance at 0x14e69fcce8c0>,2,17,[1 8],8,8,25,0,8
1,<environment.Job instance at 0x14e65edac9b0>,4,17,[1 6],11,25,42,14,17
1,<environment.Job instance at 0x14e65edae370>,12,15,[10  1],23,42,57,19,28
1,<environment.Job instance at 0x14e65edb00f0>,27,14,[9 2],40,57,71,17,55
1,<environment.Job instance at 0x14e65edb0500>,29,16,[1 8],42,64,80,22,64
1,<environment.Job instance at 0x14e65edb06e0>,32,16,[7 1],45,77,93,32,77
1,<environment.Job instance at 0x14e65eef1640>,6,21,[9 1],11,11,32,0,11
1,<environment.Job instance at 0x14e65eef10a0>,7,16,[1 6],12,12,28,0,12
1,<environment.Job instance at 0x14e65eef1c80>,8,15,[10  2],13,32,47,19,18
1,<environment.Job instance at 0x14e65eeaaf00>,18,12,[9 1],27,47,59,20,33
1,<environment.Job instance at 0x14e65ee1ea00>,35,18,[2 9],50,59,77,9,51
1,<environment.Job instance at 0x14e65ee1e5a0>,39,17,[5 1],54,77,94,23,77
1,<environment.Job instance at 0x14e65ee3a460>,49,16,[5 2],64,127,143,63,127
1,<environment.Job instance at 0x14e65eea2af0>,55,16,[5 2],73,137,153,64,137
1,<environment.Job instance at 0x14e69a190af0>,2,15,[ 2 10],4,4,19,0,4
1,<environment.Job instance at 0x14e69fceba50>,2,16,[1 7],3,4,20,1,4
1,<environment.Job instance at 0x14e65f70c8c0>,3,17,[5 2],5,10,27,5,10
1,<environment.Job instance at 0x14e65f70ceb0>,10,15,[9 1],14,27,42,13,14
1,<environment.Job instance at 0x14e69a10f8c0>,4,3,[9 1],8,8,11,0,8
1,<environment.Job instance at 0x14e6983bb8c0>,0,16,[8 2],1,1,17,0,1
1,<environment.Job instance at 0x14e6983bb820>,3,13,[8 1],5,17,30,12,5
1,<environment.Job instance at 0x14e69a0e8c30>,16,18,[2 5],20,21,39,1,21
1,<environment.Job instance at 0x14e69a0e9820>,3,17,[ 1 10],5,5,22,0,5
1,<environment.Job instance at 0x14e69af22a00>,6,13,[7 2],11,22,35,11,16
1,<environment.Job instance at 0x14e69ab67e60>,12,14,[6 2],20,35,49,15,30
1,<environment.Job instance at 0x14e65f49a5a0>,26,13,[5 2],43,49,62,6,47
1,<environment.Job instance at 0x14e69acaa230>,34,14,[10  2],59,62,76,3,59
1,<environment.Job instance at 0x14e69a090140>,42,17,[6 1],73,76,93,3,74
1,<environment.Job instance at 0x14e65efea460>,54,16,[5 2],95,95,111,0,95
1,<environment.Job instance at 0x14e65f171f00>,1,16,[ 1 10],3,3,19,0,3
1,<environment.Job instance at 0x14e65f171320>,2,20,[10  2],4,19,39,15,10
1,<environment.Job instance at 0x14e69fd0a3c0>,19,14,[2 7],33,39,53,6,36
1,<environment.Job instance at 0x14e69fd0ac80>,24,14,[ 1 10],38,53,67,15,38
1,<environment.Job instance at 0x14e69fd0a910>,25,18,[2 8],39,67,85,28,66
1,<environment.Job instance at 0x14e65f013370>,37,14,[1 9],58,85,99,27,76
1,<environment.Job instance at 0x14e69fc88f50>,51,13,[1 5],87,99,112,12,95
1,<environment.Job instance at 0x14e65ef7bdc0>,56,18,[1 8],93,112,130,19,101
1,<environment.Job instance at 0x14e65ef7bcd0>,57,17,[10  2],95,130,147,35,118
1,<environment.Job instance at 0x14e65ebe8050>,69,13,[1 9],114,147,160,33,141
1,<environment.Job instance at 0x14e65f3964b0>,78,15,[10  1],126,197,212,71,197
1,<environment.Job instance at 0x14e65efc7a50>,81,15,[5 2],130,219,234,89,219
1,<environment.Job instance at 0x14e65f4d50f0>,112,15,[2 8],172,281,296,109,281
1,<environment.Job instance at 0x14e6a16fee10>,4,17,[6 2],6,6,23,0,6
1,<environment.Job instance at 0x14e6a16fe870>,10,15,[5 2],13,34,49,21,34
1,<environment.Job instance at 0x14e69ac6feb0>,26,12,[8 1],40,49,61,9,40
1,<environment.Job instance at 0x14e69ac6ff00>,31,16,[1 9],46,63,79,17,63
1,<environment.Job instance at 0x14e65f720870>,41,14,[ 1 10],63,79,93,16,75
1,<environment.Job instance at 0x14e65f720c30>,43,14,[2 9],68,93,107,25,90
1,<environment.Job instance at 0x14e65f7203c0>,46,26,[ 2 10],71,195,221,124,195
1,<environment.Job instance at 0x14e65f720e60>,48,3,[6 2],73,237,240,164,237
1,<environment.Job instance at 0x14e69fcb5e60>,56,19,[8 1],88,268,287,180,268
1,<environment.Job instance at 0x14e65ecddeb0>,60,16,[9 2],92,287,303,195,280
1,<environment.Job instance at 0x14e65f1568c0>,61,15,[ 1 10],93,308,323,215,308
1,<environment.Job instance at 0x14e65f6ab2d0>,68,14,[2 7],100,334,348,234,334
1,<environment.Job instance at 0x14e69fd9e460>,80,14,[9 1],116,376,390,260,376
1,<environment.Job instance at 0x14e65f4bd280>,81,16,[5 1],118,393,409,275,393
1,<environment.Job instance at 0x14e65ee5d230>,82,28,[5 2],119,415,443,296,415
1,<environment.Job instance at 0x14e65f06aeb0>,89,17,[2 5],133,468,485,335,468
1,<environment.Job instance at 0x14e65f566140>,90,18,[ 2 10],134,491,509,357,491
1,<environment.Job instance at 0x14e65f5fbf50>,94,16,[10  2],140,509,525,369,498
1,<environment.Job instance at 0x14e65f014870>,102,16,[10  1],150,525,541,375,518
1,<environment.Job instance at 0x14e65f60a4b0>,106,15,[8 2],154,545,560,391,545
1,<environment.Job instance at 0x14e65f6225f0>,129,3,[10  1],186,636,639,450,636
1,<environment.Job instance at 0x14e65f3bfdc0>,6,13,[1 9],7,7,20,0,7
1,<environment.Job instance at 0x14e65f5fafa0>,20,13,[8 2],24,24,37,0,24
1,<environment.Job instance at 0x14e69a13dfa0>,32,13,[ 1 10],41,41,54,0,41
1,<environment.Job instance at 0x14e65f5eec30>,53,12,[2 7],73,76,88,3,76
1,<environment.Job instance at 0x14e69a259a50>,67,15,[9 2],90,90,105,0,90
1,<environment.Job instance at 0x14e65f1cbb40>,70,16,[8 1],95,105,121,10,95
1,<environment.Job instance at 0x14e69a239730>,75,18,[5 2],100,121,139,21,118
1,<environment.Job instance at 0x14e65f1f65a0>,80,18,[2 6],111,137,155,26,137
1,<environment.Job instance at 0x14e65f4a77d0>,87,12,[5 2],118,146,158,28,146
1,<environment.Job instance at 0x14e69aec8320>,0,3,[9 1],1,1,4,0,1
1,<environment.Job instance at 0x14e65efdd960>,5,18,[1 6],7,8,26,1,8
1,<environment.Job instance at 0x14e65efdd780>,10,14,[1 8],13,26,40,13,21
1,<environment.Job instance at 0x14e65efdfaf0>,14,18,[ 2 10],21,40,58,19,33
1,<environment.Job instance at 0x14e65efdf370>,15,12,[5 1],23,94,106,71,94
1,<environment.Job instance at 0x14e65efccbe0>,18,18,[1 9],28,103,121,75,103
1,<environment.Job instance at 0x14e65efcc1e0>,32,15,[5 1],46,202,217,156,202
1,<environment.Job instance at 0x14e65efdaeb0>,35,13,[ 2 10],49,219,232,170,219
1,<environment.Job instance at 0x14e65efda320>,37,17,[1 7],51,238,255,187,238
1,<environment.Job instance at 0x14e65efda0f0>,44,12,[ 1 10],64,255,267,191,252
1,<environment.Job instance at 0x14e65ee43050>,46,13,[6 1],67,328,341,261,328
1,<environment.Job instance at 0x14e65ee43d70>,49,13,[9 2],70,341,354,271,337
1,<environment.Job instance at 0x14e65ee432d0>,51,12,[1 8],72,358,370,286,358
1,<environment.Job instance at 0x14e65ee6af00>,91,14,[2 7],123,505,519,382,505
1,<environment.Job instance at 0x14e65ee64e60>,99,14,[2 5],136,523,537,387,523
1,<environment.Job instance at 0x14e69a104870>,1,1,[6 2],3,3,4,0,3
1,<environment.Job instance at 0x14e69fced960>,15,13,[2 9],25,25,38,0,25
1,<environment.Job instance at 0x14e69fcedaa0>,16,12,[10  1],26,38,50,12,27
1,<environment.Job instance at 0x14e69fd12f00>,36,25,[ 1 10],51,54,79,3,54
1,<environment.Job instance at 0x14e65f40ff50>,46,15,[1 8],64,79,94,15,68
1,<environment.Job instance at 0x14e65f41e640>,51,18,[2 7],75,94,112,19,84
1,<environment.Job instance at 0x14e65f41ed70>,57,13,[9 2],85,112,125,27,99
1,<environment.Job instance at 0x14e69fcf5f00>,91,14,[10  1],133,1051,1065,918,1051
1,<environment.Job instance at 0x14e69fcf5d20>,94,12,[ 1 10],138,1065,1077,927,1061
1,<environment.Job instance at 0x14e69fcf5640>,96,17,[2 8],140,1077,1094,937,1076
1,<environment.Job instance at 0x14e698f2ba50>,97,17,[1 8],141,1099,1116,958,1099
1,<environment.Job instance at 0x14e65f403af0>,4,2,[6 2],6,7,9,1,7
1,<environment.Job instance at 0x14e69c21f320>,37,18,[9 2],56,367,385,311,367
1,<environment.Job instance at 0x14e69a03d230>,49,15,[8 1],77,392,407,315,392
1,<environment.Job instance at 0x14e699fe56e0>,53,15,[7 1],84,416,431,332,416
1,<environment.Job instance at 0x14e65ea758c0>,61,16,[2 6],101,442,458,341,442
1,<environment.Job instance at 0x14e65ea755a0>,64,13,[1 8],105,458,471,353,457
1,<environment.Job instance at 0x14e65f377500>,77,13,[8 2],127,494,507,367,494
1,<environment.Job instance at 0x14e65f377aa0>,81,13,[6 1],131,536,549,405,536
1,<environment.Job instance at 0x14e698f37460>,85,14,[1 6],138,554,568,416,554
1,<environment.Job instance at 0x14e698f37960>,90,15,[10  2],144,568,583,424,558
1,<environment.Job instance at 0x14e698f37320>,97,15,[2 6],153,604,619,451,604
1,<environment.Job instance at 0x14e698f37140>,102,18,[2 9],160,621,639,461,621
1,<environment.Job instance at 0x14e699b96870>,106,12,[10  2],165,639,651,474,632
1,<environment.Job instance at 0x14e699b965f0>,113,13,[7 1],174,651,664,477,644
1,<environment.Job instance at 0x14e69a0e8aa0>,120,15,[9 2],183,667,682,484,667
1,<environment.Job instance at 0x14e69a0e8320>,121,17,[5 1],184,717,734,533,717
1,<environment.Job instance at 0x14e69f391780>,125,16,[1 8],189,736,752,547,736
1,<environment.Job instance at 0x14e69f38eaf0>,0,2,[6 1],2,3,5,1,3
1,<environment.Job instance at 0x14e65f2fd5f0>,11,13,[6 2],19,21,34,2,21
1,<environment.Job instance at 0x14e65f2fdaa0>,17,17,[9 1],25,34,51,9,25
1,<environment.Job instance at 0x14e65f62b7d0>,18,15,[2 9],27,51,66,24,37
1,<environment.Job instance at 0x14e65f62b0a0>,21,16,[ 1 10],32,66,82,34,60
1,<environment.Job instance at 0x14e65f62bcd0>,26,13,[1 6],38,82,95,44,68
1,<environment.Job instance at 0x14e65f62bb90>,28,13,[9 1],40,82,95,42,68
1,<environment.Job instance at 0x14e65ee6fb40>,29,17,[2 8],45,95,112,50,92
1,<environment.Job instance at 0x14e65ee6f9b0>,34,12,[2 9],51,112,124,61,96
1,<environment.Job instance at 0x14e65ed45cd0>,44,3,[1 5],69,124,127,55,121
1,<environment.Job instance at 0x14e69fd55f50>,63,17,[ 2 10],99,333,350,234,333
1,<environment.Job instance at 0x14e65f4c3e10>,72,17,[7 1],112,379,396,267,379
1,<environment.Job instance at 0x14e65e9ffc80>,73,15,[ 1 10],116,396,411,280,395
1,<environment.Job instance at 0x14e65e9ff730>,74,14,[2 6],118,411,425,293,408
1,<environment.Job instance at 0x14e65e9ff190>,76,1,[2 7],120,436,437,316,436
1,<environment.Job instance at 0x14e69fc7c5f0>,80,3,[7 1],127,446,449,319,446
1,<environment.Job instance at 0x14e65ea1ec80>,88,14,[7 1],138,490,504,352,490
1,<environment.Job instance at 0x14e65f41ea00>,89,13,[5 2],139,514,527,375,514
1,<environment.Job instance at 0x14e69aeed910>,93,3,[ 2 10],146,540,543,394,540
1,<environment.Job instance at 0x14e69a0a0550>,95,14,[1 7],148,544,558,396,544
1,<environment.Job instance at 0x14e69ab9f1e0>,97,1,[2 5],151,558,559,407,556
1,<environment.Job instance at 0x14e65ec875f0>,98,15,[7 1],152,561,576,409,561
1,<environment.Job instance at 0x14e65ede2d20>,102,1,[10  1],156,576,577,420,573
1,<environment.Job instance at 0x14e65f3dd640>,103,15,[2 8],157,577,592,420,573
1,<environment.Job instance at 0x14e65f3dd6e0>,105,2,[5 1],159,595,597,436,595
1,<environment.Job instance at 0x14e65f3dd3c0>,106,1,[2 5],163,595,596,432,595
1,<environment.Job instance at 0x14e65ed9e1e0>,107,19,[1 8],164,596,615,432,596
1,<environment.Job instance at 0x14e65ed9e3c0>,113,13,[6 1],172,748,761,576,748
1,<environment.Job instance at 0x14e65ea52c80>,116,20,[10  2],177,761,781,584,756
1,<environment.Job instance at 0x14e65ea52230>,118,15,[1 9],179,797,812,618,797
1,<environment.Job instance at 0x14e65ed41d20>,122,18,[8 1],188,811,829,623,811
1,<environment.Job instance at 0x14e69a0c8690>,5,15,[5 1],10,10,25,0,10
1,<environment.Job instance at 0x14e69a0c84b0>,8,14,[5 1],16,19,33,3,19
1,<environment.Job instance at 0x14e69a0c8320>,12,15,[2 9],20,25,40,5,24
1,<environment.Job instance at 0x14e69af25190>,21,14,[ 1 10],33,40,54,7,33
1,<environment.Job instance at 0x149cf17cc9b0>,0,12,[2 5],1,3,15,2,3
1,<environment.Job instance at 0x149ce7b67c80>,6,18,[8 1],7,9,27,2,9
1,<environment.Job instance at 0x149ce7b5db40>,17,17,[6 1],23,27,44,4,23
1,<environment.Job instance at 0x149cf0a49780>,29,16,[10  2],39,44,60,5,39
1,<environment.Job instance at 0x149ce7b5c140>,30,15,[2 9],40,60,75,20,50
1,<environment.Job instance at 0x149ce7db8c80>,71,3,[2 9],99,671,674,572,671
1,<environment.Job instance at 0x149ce7dbaa50>,72,13,[7 2],102,674,687,572,674
1,<environment.Job instance at 0x149ce7dba960>,75,1,[1 6],107,693,694,586,693
1,<environment.Job instance at 0x149ce7dba460>,76,2,[2 5],108,696,698,588,696
1,<environment.Job instance at 0x149ce7db9960>,78,3,[2 9],110,698,701,588,696
1,<environment.Job instance at 0x149ce7db9f50>,80,14,[7 1],112,709,723,597,709
1,<environment.Job instance at 0x149ce7db9d20>,82,12,[2 8],115,714,726,599,714
1,<environment.Job instance at 0x149ce7db9a00>,84,2,[ 1 10],118,734,736,616,734
1,<environment.Job instance at 0x149cea3bd550>,88,1,[1 5],123,740,741,617,740
1,<environment.Job instance at 0x149ce7db98c0>,89,2,[1 9],126,766,768,640,766
1,<environment.Job instance at 0x149cea3bcbe0>,92,15,[7 1],129,772,787,643,772
1,<environment.Job instance at 0x149ce7db7910>,98,13,[ 1 10],136,791,804,655,791
1,<environment.Job instance at 0x149ce7db7c30>,99,16,[8 1],137,804,820,667,797
1,<environment.Job instance at 0x149ce7db79b0>,100,17,[1 9],139,814,831,675,814
1,<environment.Job instance at 0x149ce97b5370>,6,14,[10  1],9,9,23,0,9
1,<environment.Job instance at 0x149cef41daa0>,14,18,[8 1],18,23,41,5,18
1,<environment.Job instance at 0x149cef4194b0>,15,16,[1 6],19,39,55,20,39
1,<environment.Job instance at 0x149ce98af0a0>,20,15,[9 2],30,41,56,11,41
1,<environment.Job instance at 0x149cef419820>,22,12,[1 5],32,55,67,23,50
1,<environment.Job instance at 0x149ce8032550>,35,18,[10  1],56,67,85,11,56
1,<environment.Job instance at 0x149cef42cdc0>,38,14,[2 8],59,85,99,26,70
1,<environment.Job instance at 0x149ce807ef00>,44,15,[2 8],68,99,114,31,91
1,<environment.Job instance at 0x149cf0e94be0>,49,16,[1 7],74,114,130,40,111
1,<environment.Job instance at 0x149ce98f4960>,0,14,[1 6],2,2,16,0,2
1,<environment.Job instance at 0x149ce97505f0>,12,14,[1 6],19,19,33,0,19
1,<environment.Job instance at 0x149ce98265f0>,15,26,[9 1],24,29,55,5,29
1,<environment.Job instance at 0x149ce9826640>,24,15,[2 8],38,55,70,17,44
1,<environment.Job instance at 0x149ce97bafa0>,36,16,[2 6],56,70,86,14,61
1,<environment.Job instance at 0x149ce9894690>,46,15,[10  1],69,86,101,17,72
1,<environment.Job instance at 0x149ce986d9b0>,56,18,[8 2],83,101,119,18,95
1,<environment.Job instance at 0x149ce7ffb320>,62,16,[2 8],89,101,117,12,98
1,<environment.Job instance at 0x149ce404a230>,67,3,[5 2],96,119,122,23,98
1,<environment.Job instance at 0x149cef4144b0>,72,27,[ 2 10],103,126,153,23,126
1,<environment.Job instance at 0x149cbab5ab40>,0,12,[1 5],1,1,13,0,1
1,<environment.Job instance at 0x149cbab5a690>,1,13,[7 2],2,7,20,5,7
1,<environment.Job instance at 0x149cbab5acd0>,5,16,[1 5],11,15,31,4,15
1,<environment.Job instance at 0x149cbab45410>,12,16,[ 2 10],22,31,47,9,24
1,<environment.Job instance at 0x149ce41f55a0>,16,16,[2 7],31,47,63,16,38
1,<environment.Job instance at 0x149ce42525f0>,28,17,[2 8],47,63,80,16,51
1,<environment.Job instance at 0x149ce4252320>,38,13,[10  1],65,80,93,15,65
1,<environment.Job instance at 0x149ce41eb1e0>,42,15,[2 7],70,93,108,23,86
1,<environment.Job instance at 0x149ce41eb280>,45,3,[6 2],77,93,96,16,87
1,<environment.Job instance at 0x149ce41eb870>,47,3,[1 9],81,108,111,27,92
1,<environment.Job instance at 0x149ce41eb780>,49,2,[7 2],85,96,98,11,92
1,<environment.Job instance at 0x149ce41ebb40>,50,12,[7 1],86,98,110,12,92
1,<environment.Job instance at 0x149ce41ebb40>,2,1,[1 7],3,3,4,0,3
1,<environment.Job instance at 0x149cba791870>,1,2,[5 1],2,3,5,1,3
1,<environment.Job instance at 0x149ce41eb4b0>,3,17,[9 1],6,6,23,0,6
1,<environment.Job instance at 0x149cef4377d0>,9,13,[6 1],14,58,71,44,58
1,<environment.Job instance at 0x149ce98cca50>,39,17,[1 8],48,61,78,13,61
1,<environment.Job instance at 0x149ce99b6eb0>,44,13,[7 2],54,71,84,17,69
1,<environment.Job instance at 0x149cef4593c0>,49,17,[1 7],60,83,100,23,83
1,<environment.Job instance at 0x149cbab73050>,53,18,[6 1],65,90,108,25,90
1,<environment.Job instance at 0x149cbaa67b90>,71,17,[1 7],90,218,235,128,218
1,<environment.Job instance at 0x149cbab70910>,116,17,[1 6],161,280,297,119,280
1,<environment.Job instance at 0x149cbab705a0>,118,13,[2 9],166,297,310,131,281
1,<environment.Job instance at 0x149ce99bf460>,124,15,[10  1],173,310,325,137,297
1,<environment.Job instance at 0x149ce99aaf50>,133,12,[6 2],183,330,342,147,330
1,<environment.Job instance at 0x149ce99aaaf0>,144,16,[7 1],195,342,358,147,334
1,<environment.Job instance at 0x149cba795410>,3,23,[9 1],6,7,30,1,7
1,<environment.Job instance at 0x149cba56f050>,47,2,[2 7],76,1047,1049,971,1047
1,<environment.Job instance at 0x149cba56f4b0>,55,15,[1 9],86,1053,1068,967,1053
1,<environment.Job instance at 0x149cba56f910>,60,2,[10  2],93,1095,1097,1002,1095
1,<environment.Job instance at 0x149cba56f8c0>,62,2,[8 2],95,1120,1122,1025,1120
1,<environment.Job instance at 0x149cba56fcd0>,65,15,[6 1],102,1272,1287,1170,1272
1,<environment.Job instance at 0x149cba5710a0>,72,14,[2 6],113,1344,1358,1231,1344
1,<environment.Job instance at 0x149cba571780>,82,12,[2 8],128,1425,1437,1297,1425
1,<environment.Job instance at 0x149cba571640>,85,18,[9 1],133,1455,1473,1322,1455
1,<environment.Job instance at 0x149cba571a50>,87,13,[8 2],136,1473,1486,1337,1471
1,<environment.Job instance at 0x149cba571b40>,90,3,[1 5],140,1545,1548,1405,1545
1,<environment.Job instance at 0x149cba574820>,111,16,[9 2],170,1566,1582,1396,1566
1,<environment.Job instance at 0x149cba574aa0>,113,15,[6 1],173,1593,1608,1420,1593
1,<environment.Job instance at 0x149cba574fa0>,121,14,[ 1 10],184,1610,1624,1426,1610
1,<environment.Job instance at 0x149cba569870>,5,13,[2 8],7,13,26,6,13
1,<environment.Job instance at 0x149cba67faa0>,0,14,[5 2],4,4,18,0,4
1,<environment.Job instance at 0x149ced6050a0>,5,21,[10  2],12,18,39,6,12
1,<environment.Job instance at 0x149ce42ac0a0>,15,12,[5 2],29,39,51,10,34
1,<environment.Job instance at 0x149ced60cf00>,26,18,[8 1],48,55,73,7,55
1,<environment.Job instance at 0x149ce9944e60>,35,17,[6 2],62,73,90,11,67
1,<environment.Job instance at 0x149cf16590f0>,0,16,[5 1],1,2,18,1,2
1,<environment.Job instance at 0x149cf1659a00>,3,15,[5 1],6,12,27,6,12
1,<environment.Job instance at 0x149ce424b780>,14,18,[1 6],18,22,40,4,22
1,<environment.Job instance at 0x149ce98bbd20>,4,17,[7 2],6,7,24,1,7
1,<environment.Job instance at 0x149cba41d690>,7,16,[6 1],10,26,42,16,26
1,<environment.Job instance at 0x149ceebb4140>,27,18,[10  1],35,42,60,7,35
1,<environment.Job instance at 0x149ceebd2f00>,37,14,[9 2],49,60,74,11,52
1,<environment.Job instance at 0x149ceeba7910>,47,14,[ 2 10],61,74,88,13,63
1,<environment.Job instance at 0x149ceeba7780>,49,18,[5 2],63,88,106,25,77
1,<environment.Job instance at 0x149ceeba7500>,53,14,[10  1],69,106,120,37,91
1,<environment.Job instance at 0x149ceebe2820>,66,18,[10  1],86,120,138,34,110
1,<environment.Job instance at 0x149ceebc9370>,75,14,[9 2],99,138,152,39,124
1,<environment.Job instance at 0x149cbabda960>,0,26,[5 2],2,3,29,1,3
1,<environment.Job instance at 0x149ce41d05f0>,7,14,[9 2],13,29,43,16,17
1,<environment.Job instance at 0x149cba7076e0>,17,12,[5 1],28,46,58,18,46
1,<environment.Job instance at 0x149cba707fa0>,25,18,[2 9],41,50,68,9,50
1,<environment.Job instance at 0x149cba711b40>,31,18,[7 2],50,68,86,18,68
1,<environment.Job instance at 0x149cba711af0>,32,15,[2 7],51,82,97,31,82
1,<environment.Job instance at 0x149cba711f00>,38,13,[6 1],58,87,100,29,87
1,<environment.Job instance at 0x149ce99c25f0>,43,17,[9 1],64,100,117,36,96
1,<environment.Job instance at 0x149ce99c2780>,45,14,[2 8],68,117,131,49,117
1,<environment.Job instance at 0x149ce99c2500>,47,17,[7 2],71,134,151,63,134
1,<environment.Job instance at 0x149ce99c2af0>,48,13,[8 1],74,151,164,77,145
1,<environment.Job instance at 0x149ce99c2870>,50,18,[8 1],77,164,182,87,160
1,<environment.Job instance at 0x149ce9995410>,61,17,[ 1 10],95,182,199,87,181
1,<environment.Job instance at 0x149ce9995a00>,62,13,[ 1 10],97,199,212,102,192
1,<environment.Job instance at 0x149ce9995b90>,64,13,[7 2],101,223,236,122,223
1,<environment.Job instance at 0x149ce9995f50>,70,14,[6 2],110,278,292,168,278
1,<environment.Job instance at 0x149ce9995f00>,72,18,[10  2],112,292,310,180,283
1,<environment.Job instance at 0x149ce99c4230>,74,14,[1 7],114,310,324,196,308
1,<environment.Job instance at 0x149ce99c4370>,76,12,[5 2],117,442,454,325,442
1,<environment.Job instance at 0x149ce99c4640>,81,17,[7 1],125,486,503,361,486
1,<environment.Job instance at 0x149ce99c4a00>,83,15,[7 1],127,543,558,416,543
1,<environment.Job instance at 0x149ce99c4870>,84,13,[5 2],133,597,610,464,597
1,<environment.Job instance at 0x149ce99c4c80>,87,14,[7 1],139,618,632,479,618
1,<environment.Job instance at 0x149ce99c4e60>,89,17,[6 2],145,632,649,487,628
1,<environment.Job instance at 0x149ce99ba0f0>,92,14,[10  2],149,649,663,500,640
1,<environment.Job instance at 0x149ce99ba190>,94,17,[1 9],151,663,680,512,662
1,<environment.Job instance at 0x149cba71bbe0>,100,17,[6 1],163,736,753,573,736
1,<environment.Job instance at 0x149cba71b870>,104,13,[7 2],171,753,766,582,749
1,<environment.Job instance at 0x149cba7ce230>,112,16,[5 2],185,788,804,603,788
1,<environment.Job instance at 0x149ce7b78280>,1,2,[2 5],6,6,8,0,6
1,<environment.Job instance at 0x149ceeae43c0>,2,1,[2 9],7,8,9,1,7
1,<environment.Job instance at 0x149ce426a500>,3,18,[7 2],9,10,28,1,10
1,<environment.Job instance at 0x149ce98780f0>,17,14,[8 2],25,28,42,3,25
1,<environment.Job instance at 0x149ce43d6f00>,26,17,[1 6],40,43,60,3,43
1,<environment.Job instance at 0x149cbabccb90>,61,20,[10  2],84,216,236,132,216
1,<environment.Job instance at 0x149ce40f1fa0>,62,15,[2 8],85,236,251,151,229
1,<environment.Job instance at 0x149ce40f1cd0>,69,15,[7 2],96,254,269,158,254
1,<environment.Job instance at 0x149ce40f15f0>,73,16,[6 1],104,380,396,276,380
1,<environment.Job instance at 0x149cea6e66e0>,78,14,[2 7],113,402,416,289,402
1,<environment.Job instance at 0x149cea6e6820>,81,18,[6 1],116,569,587,453,569
1,<environment.Job instance at 0x149cea6e60a0>,84,18,[2 8],119,582,600,463,582
1,<environment.Job instance at 0x149cea6e6870>,86,18,[8 1],122,592,610,470,592
1,<environment.Job instance at 0x149cea6e6d70>,88,16,[6 2],125,612,628,487,612
1,<environment.Job instance at 0x149ce4271640>,99,12,[5 2],144,628,640,484,624
1,<environment.Job instance at 0x149ce4271230>,100,16,[2 6],145,638,654,493,638
1,<environment.Job instance at 0x149cbaba7eb0>,115,18,[1 8],173,667,685,494,667
1,<environment.Job instance at 0x149cbaba7730>,121,13,[8 1],184,679,692,495,679
1,<environment.Job instance at 0x149cbaba7a00>,123,17,[2 7],188,696,713,508,696
1,<environment.Job instance at 0x149ce976a9b0>,4,17,[6 1],8,25,42,17,25
1,<environment.Job instance at 0x149ce97b9230>,17,2,[ 1 10],26,42,44,16,26
1,<environment.Job instance at 0x149ce97b92d0>,18,15,[2 9],27,44,59,17,40
1,<environment.Job instance at 0x149ce97b9870>,23,2,[8 2],33,59,61,26,42
1,<environment.Job instance at 0x149ce97b9690>,27,14,[9 1],39,61,75,22,46
1,<environment.Job instance at 0x149cea3a5d20>,32,15,[7 2],46,75,90,29,73
1,<environment.Job instance at 0x149cbab2bb40>,37,15,[2 8],52,89,104,37,89
1,<environment.Job instance at 0x149cea6a8960>,46,3,[2 6],68,106,109,38,106
1,<environment.Job instance at 0x149cf0a5cfa0>,49,3,[2 8],73,109,112,36,107
1,<environment.Job instance at 0x149cf0a5ca00>,53,1,[9 1],77,112,113,35,108
1,<environment.Job instance at 0x149cf0a5ce10>,54,12,[1 7],79,112,124,33,110
1,<environment.Job instance at 0x149cf0a5c230>,58,15,[5 2],83,125,140,42,125
1,<environment.Job instance at 0x149cba7a2550>,61,2,[6 2],87,140,142,53,138
1,<environment.Job instance at 0x149ce804e140>,68,3,[2 7],101,139,142,38,139
1,<environment.Job instance at 0x149ce804ef50>,72,15,[2 8],108,142,157,34,140
1,<environment.Job instance at 0x149ce931e640>,79,16,[1 9],116,158,174,42,158
1,<environment.Job instance at 0x149cef4b6af0>,108,16,[9 2],162,249,265,87,249
1,<environment.Job instance at 0x149ce9777460>,109,15,[ 1 10],163,265,280,102,264
1,<environment.Job instance at 0x149ce7b76eb0>,112,2,[9 1],166,281,283,115,281
1,<environment.Job instance at 0x149cea2ff1e0>,119,2,[2 9],176,360,362,184,360
1,<environment.Job instance at 0x149cbabe3050>,120,3,[9 1],177,367,370,190,367
1,<environment.Job instance at 0x149cf0ad00a0>,0,17,[2 5],3,5,22,2,5
1,<environment.Job instance at 0x149ce9a1ce60>,5,16,[10  2],10,22,38,12,10
1,<environment.Job instance at 0x149ce4320a00>,13,16,[10  1],20,38,54,18,25
1,<environment.Job instance at 0x149cba8e35a0>,39,2,[2 8],55,57,59,2,57
1,<environment.Job instance at 0x149ce7d90eb0>,49,13,[1 9],67,68,81,1,68
1,<environment.Job instance at 0x149cef4cabe0>,63,13,[8 2],84,89,102,5,89
1,<environment.Job instance at 0x149ce4163c80>,76,2,[9 2],102,102,104,0,102
1,<environment.Job instance at 0x149ce4163460>,77,22,[2 8],104,104,126,0,104
1,<environment.Job instance at 0x149cba62ebe0>,88,16,[5 1],119,152,168,33,152
1,<environment.Job instance at 0x149cba62ef50>,89,3,[6 1],120,168,171,48,152
1,<environment.Job instance at 0x149cba62e960>,90,13,[2 5],122,152,165,30,152
1,<environment.Job instance at 0x149cba62ee10>,96,12,[2 7],133,165,177,32,155
1,<environment.Job instance at 0x149cba62ec80>,97,13,[7 2],134,171,184,37,165
1,<environment.Job instance at 0x149cba62ef00>,100,3,[8 1],137,184,187,47,166
1,<environment.Job instance at 0x149cba62eaf0>,105,14,[2 5],142,177,191,35,168
1,<environment.Job instance at 0x149ce979b0f0>,110,15,[9 2],150,191,206,41,177
1,<environment.Job instance at 0x149cf03f7320>,122,18,[ 1 10],170,206,224,36,195
1,<environment.Job instance at 0x149cf03f7f00>,124,15,[5 2],172,224,239,52,219
1,<environment.Job instance at 0x149cba6660a0>,128,2,[5 1],176,238,240,62,238
1,<environment.Job instance at 0x149ce9a2bc80>,133,1,[10  1],185,240,241,55,238
1,<environment.Job instance at 0x149ce9a2bcd0>,134,14,[6 1],186,365,379,179,365
1,<environment.Job instance at 0x149ce9a2b6e0>,136,2,[2 6],189,381,383,192,381
1,<environment.Job instance at 0x149cba9b03c0>,5,16,[ 1 10],10,10,26,0,10
1,<environment.Job instance at 0x149cba9b0640>,6,18,[10  1],11,26,44,15,15
1,<environment.Job instance at 0x149cba9b0b40>,11,16,[1 8],17,44,60,27,31
1,<environment.Job instance at 0x149cba9b0c80>,16,18,[1 7],24,69,87,45,69
1,<environment.Job instance at 0x149cba9b0370>,17,16,[9 1],26,81,97,55,81
1,<environment.Job instance at 0x149cba9b0f00>,20,2,[9 1],30,97,99,67,90
1,<environment.Job instance at 0x149cba80dc80>,36,13,[2 7],48,142,155,94,142
1,<environment.Job instance at 0x149cba80db90>,41,18,[8 2],53,146,164,93,146
1,<environment.Job instance at 0x149cba8340a0>,43,17,[8 1],56,164,181,108,153
1,<environment.Job instance at 0x149cba834280>,2,3,[7 1],4,4,7,0,4
1,<environment.Job instance at 0x149ce43b95a0>,10,16,[1 5],17,17,33,0,17
1,<environment.Job instance at 0x149ce97b7f00>,5,15,[2 6],8,8,23,0,8
1,<environment.Job instance at 0x149cba597d20>,0,1,[5 1],1,1,2,0,1
1,<environment.Job instance at 0x149ce43d8b40>,2,13,[7 1],4,5,18,1,5
1,<environment.Job instance at 0x149cbaa47730>,32,13,[2 7],44,412,425,368,412
1,<environment.Job instance at 0x149cbaa47a00>,33,17,[9 1],45,425,442,380,418
1,<environment.Job instance at 0x149ceebdf550>,43,18,[2 5],59,462,480,403,462
1,<environment.Job instance at 0x149ce98e46e0>,50,12,[2 9],71,480,492,409,475
1,<environment.Job instance at 0x149cea3cfaf0>,51,18,[7 2],73,492,510,419,486
1,<environment.Job instance at 0x149ce999d500>,59,15,[7 1],87,510,525,423,496
1,<environment.Job instance at 0x149cea7252d0>,72,16,[6 2],110,525,541,415,525
1,<environment.Job instance at 0x149cea725820>,78,15,[5 2],118,542,557,424,542
1,<environment.Job instance at 0x149cef483a50>,79,17,[ 2 10],119,557,574,438,545
1,<environment.Job instance at 0x149cef483be0>,90,14,[2 6],138,593,607,455,593
1,<environment.Job instance at 0x149cba5eab40>,95,15,[9 2],146,607,622,461,593
1,<environment.Job instance at 0x149cba5ea640>,100,18,[1 8],152,619,637,467,619
1,<environment.Job instance at 0x149cba5ea8c0>,107,15,[6 2],161,625,640,464,625
1,<environment.Job instance at 0x149cba5eaa50>,114,15,[7 1],172,644,659,472,644
1,<environment.Job instance at 0x149cba313190>,119,15,[2 8],177,649,664,472,649
1,<environment.Job instance at 0x149cba3130f0>,134,15,[1 9],199,673,688,474,673
1,<environment.Job instance at 0x149cba22d0a0>,2,18,[8 1],8,8,26,0,8
1,<environment.Job instance at 0x149cba163f50>,9,15,[5 1],20,26,41,6,24
1,<environment.Job instance at 0x149cbaadfeb0>,25,14,[ 1 10],43,43,57,0,43
1,<environment.Job instance at 0x149cf03fb320>,37,14,[5 2],63,72,86,9,72
1,<environment.Job instance at 0x149cef5614b0>,41,18,[10  2],67,86,104,19,75
1,<environment.Job instance at 0x149cba3249b0>,46,13,[10  1],77,104,117,27,88
1,<environment.Job instance at 0x149cba5a84b0>,55,18,[5 1],93,117,135,24,115
1,<environment.Job instance at 0x149ce86bdaf0>,76,12,[8 2],120,135,147,15,130
1,<environment.Job instance at 0x149cba49aaf0>,82,17,[2 9],126,147,164,21,141
1,<environment.Job instance at 0x149cba7552d0>,86,13,[2 5],132,164,177,32,163
1,<environment.Job instance at 0x149cea2f8190>,91,14,[ 2 10],138,177,191,39,167
1,<environment.Job instance at 0x149cbab0ad70>,94,17,[1 5],142,196,213,54,196
1,<environment.Job instance at 0x149cbab0a050>,96,18,[5 1],145,346,364,201,346
1,<environment.Job instance at 0x149ce436ea50>,0,13,[10  2],1,1,14,0,1
1,<environment.Job instance at 0x149ce436eb90>,1,16,[2 5],2,14,30,12,3
1,<environment.Job instance at 0x149cea43c190>,21,2,[1 7],29,30,32,1,29
1,<environment.Job instance at 0x149cea43caa0>,22,15,[1 7],30,32,47,2,30
1,<environment.Job instance at 0x149ce99aff00>,28,1,[5 2],37,37,38,0,37
1,<environment.Job instance at 0x149ce99af140>,29,13,[5 2],38,45,58,7,45
1,<environment.Job instance at 0x149ce99af690>,35,18,[1 8],44,53,71,9,53
1,<environment.Job instance at 0x149ce8032be0>,44,18,[ 1 10],64,71,89,7,64
