iteration,job object,job ID,job Length,job ressource requirement,job enter time,job start time,job finish time,job waiting time,current time
1,<environment.Job instance at 0x148df3c155a0>,1,17,[6 1],3,3,20,0,3
1,<environment.Job instance at 0x148df57faaf0>,4,2,[ 1 13],7,10,12,3,10
1,<environment.Job instance at 0x148db697fd20>,5,2,[2 7],7,7,9,0,7
1,<environment.Job instance at 0x148db68c1eb0>,0,1,[8 1],1,2,3,1,2
1,<environment.Job instance at 0x148db6f529b0>,5,3,[7 2],7,204,207,197,204
1,<environment.Job instance at 0x148db6f4d690>,3,25,[12  2],4,280,305,276,280
1,<environment.Job instance at 0x148db6f52a00>,6,3,[1 8],8,280,283,272,280
1,<environment.Job instance at 0x148db6997960>,4,1,[10  2],9,11,12,2,11
1,<environment.Job instance at 0x148db664d640>,3,1,[13  1],4,4,5,0,4
1,<environment.Job instance at 0x148db664d6e0>,5,1,[2 5],6,6,7,0,6
1,<environment.Job instance at 0x148dfabdd8c0>,3,1,[1 6],7,7,8,0,7
1,<environment.Job instance at 0x148db6810190>,4,1,[2 7],7,7,8,0,7
1,<environment.Job instance at 0x148db68108c0>,5,1,[2 5],8,9,10,1,9
1,<environment.Job instance at 0x148db6e99690>,6,15,[7 1],9,11,26,2,11
1,<environment.Job instance at 0x148db6ea8960>,0,1,[5 1],1,2,3,1,2
1,<environment.Job instance at 0x148dfd96c6e0>,0,1,[2 8],1,2,3,1,2
1,<environment.Job instance at 0x148df64667d0>,2,1,[ 2 14],3,4,5,1,4
1,<environment.Job instance at 0x148dfac435f0>,4,3,[5 2],6,15,18,9,15
1,<environment.Job instance at 0x148db6d6f460>,3,1,[8 1],4,18,19,14,18
1,<environment.Job instance at 0x148dfac43910>,6,18,[2 6],8,18,36,10,18
1,<environment.Job instance at 0x148dfac43960>,7,1,[1 6],9,32,33,23,32
1,<environment.Job instance at 0x148dfac43c80>,5,15,[9 2],7,32,47,25,32
1,<environment.Job instance at 0x148db6d6fe10>,0,3,[11  2],1,1612,1615,1611,1612
1,<environment.Job instance at 0x148df64becd0>,4,3,[7 2],8,41,44,33,41
1,<environment.Job instance at 0x148df64be640>,5,2,[1 8],9,146,148,137,146
1,<environment.Job instance at 0x148db665f1e0>,1,3,[12  1],4,401,404,397,401
1,<environment.Job instance at 0x148df64bea50>,4,2,[7 2],5,152,154,147,152
1,<environment.Job instance at 0x148dfab7da50>,5,12,[6 1],6,963,975,957,963
1,<environment.Job instance at 0x152f72b53f00>,3,1,[6 2],4,4,5,0,4
1,<environment.Job instance at 0x152f68eeef50>,7,1,[2 6],8,8,9,0,8
1,<environment.Job instance at 0x152f6ab22460>,0,1,[2 5],1,2,3,1,2
1,<environment.Job instance at 0x152f693a08c0>,4,2,[ 1 13],7,8,10,1,8
1,<environment.Job instance at 0x152f693a0320>,6,1,[2 7],10,10,11,0,10
1,<environment.Job instance at 0x152f693a0aa0>,9,2,[2 8],14,15,17,1,15
1,<environment.Job instance at 0x152f693a0e10>,12,2,[2 7],17,29,31,12,29
1,<environment.Job instance at 0x152f69a54fa0>,2,1,[2 7],3,3,4,0,3
1,<environment.Job instance at 0x152f6ab224b0>,10,25,[12  2],14,1204,1229,1190,1204
1,<environment.Job instance at 0x152f72af9140>,1,1,[1 6],3,5,6,2,5
1,<environment.Job instance at 0x152f71dec050>,8,2,[2 5],15,15,17,0,15
1,<environment.Job instance at 0x152f6ba8ebe0>,1,1,[1 9],5,6,7,1,6
1,<environment.Job instance at 0x152f6ba8e320>,3,3,[1 5],7,7,10,0,7
1,<environment.Job instance at 0x152f6ba8eaf0>,4,3,[9 2],8,8,11,0,8
1,<environment.Job instance at 0x152f6ad77640>,5,3,[10  1],9,11,14,2,9
1,<environment.Job instance at 0x152f6ad776e0>,7,3,[2 9],12,12,15,0,12
1,<environment.Job instance at 0x152f6ad77910>,8,3,[1 9],13,15,18,2,13
1,<environment.Job instance at 0x152f6ad77c80>,9,1,[13  1],14,14,15,0,14
1,<environment.Job instance at 0x152f6ad77b90>,10,3,[1 9],15,18,21,3,15
1,<environment.Job instance at 0x152f6ad77050>,11,1,[2 5],16,16,17,0,16
1,<environment.Job instance at 0x152f6ad77190>,12,2,[ 2 10],17,21,23,4,17
1,<environment.Job instance at 0x152f1ff37af0>,3,1,[1 6],7,7,8,0,7
1,<environment.Job instance at 0x152f1fae09b0>,2,1,[1 5],3,3,4,0,3
1,<environment.Job instance at 0x152f1fafb410>,4,1,[2 7],7,7,8,0,7
1,<environment.Job instance at 0x152f1fafbcd0>,9,3,[2 8],12,34,37,22,34
1,<environment.Job instance at 0x152f1fafbc30>,14,17,[1 9],19,39,56,20,39
1,<environment.Job instance at 0x152f1fafbd20>,7,2,[14  1],10,58,60,48,58
1,<environment.Job instance at 0x152f1fafb280>,11,15,[10  2],15,69,84,54,69
1,<environment.Job instance at 0x152f1fafbb40>,8,1,[5 1],11,75,76,64,75
1,<environment.Job instance at 0x152f71e14af0>,0,1,[2 8],1,1,2,0,1
1,<environment.Job instance at 0x152f1fafb3c0>,1,1,[ 2 10],2,2,3,0,2
1,<environment.Job instance at 0x152f71e14640>,2,1,[ 2 14],3,3,4,0,3
1,<environment.Job instance at 0x152f71e145f0>,3,1,[8 2],4,5,6,1,5
1,<environment.Job instance at 0x152f643159b0>,7,3,[11  2],11,31,34,20,31
1,<environment.Job instance at 0x152f6430e8c0>,14,1,[1 6],19,31,32,12,31
1,<environment.Job instance at 0x152f71e147d0>,9,3,[2 5],13,34,37,21,34
1,<environment.Job instance at 0x152f642f9a00>,8,3,[ 2 10],12,47,50,35,47
1,<environment.Job instance at 0x152f6acc9a50>,10,1,[8 1],14,54,55,40,54
1,<environment.Job instance at 0x152f6acc9a50>,2,1,[1 8],6,6,7,0,6
1,<environment.Job instance at 0x152f1f8dd870>,5,2,[1 8],9,264,266,255,264
1,<environment.Job instance at 0x152f1f8ddb40>,8,27,[1 8],13,364,391,351,364
1,<environment.Job instance at 0x152f1f8ddaf0>,9,3,[1 9],14,424,427,410,424
1,<environment.Job instance at 0x152f1f8dd960>,6,3,[1 7],11,635,638,624,635
1,<environment.Job instance at 0x152f1f8ddc80>,10,2,[7 2],15,751,753,736,751
1,<environment.Job instance at 0x152f1f8dde10>,12,28,[2 8],19,773,801,754,773
1,<environment.Job instance at 0x152f1f8ddb90>,11,12,[6 1],16,1756,1768,1740,1756
1,<environment.Job instance at 0x152f1f8e0820>,3,2,[1 9],8,8,10,0,8
1,<environment.Job instance at 0x152f641dfe60>,0,2,[ 1 10],1,1,3,0,1
1,<environment.Job instance at 0x152f1fc94e60>,10,2,[2 5],13,13,15,0,13
1,<environment.Job instance at 0x152f6403b690>,5,1,[9 1],11,11,12,0,11
1,<environment.Job instance at 0x152f6403b3c0>,6,12,[1 5],12,12,24,0,12
1,<environment.Job instance at 0x152f6403b870>,7,2,[6 2],13,13,15,0,13
1,<environment.Job instance at 0x152f6403b550>,8,1,[9 1],15,15,16,0,15
1,<environment.Job instance at 0x152f6403baa0>,9,2,[8 1],16,16,18,0,16
1,<environment.Job instance at 0x152f6403b500>,10,1,[ 1 10],17,18,19,1,17
1,<environment.Job instance at 0x152f6403bc80>,11,2,[1 5],19,19,21,0,19
1,<environment.Job instance at 0x152f1f961460>,2,1,[2 6],6,6,7,0,6
1,<environment.Job instance at 0x152f1f9610a0>,3,2,[1 6],7,9,11,2,9
1,<environment.Job instance at 0x152f1f961cd0>,4,18,[7 2],9,9,27,0,9
1,<environment.Job instance at 0x152f1f94ec30>,1,1,[7 2],3,4,5,1,4
1,<environment.Job instance at 0x152f1f8be050>,3,2,[ 2 12],6,7,9,1,7
1,<environment.Job instance at 0x152f6ab4fc80>,9,1,[1 5],13,74,75,61,74
1,<environment.Job instance at 0x152f6ab4faf0>,13,3,[1 5],19,2125,2128,2106,2125
1,<environment.Job instance at 0x152f6ab8dc30>,1,1,[2 5],4,5,6,1,5
1,<environment.Job instance at 0x152f693b7960>,4,2,[7 2],9,9,11,0,9
1,<environment.Job instance at 0x152f642f6d20>,4,1,[ 2 10],5,5,6,0,5
1,<environment.Job instance at 0x152f1fc4af50>,6,1,[1 9],13,32,33,19,32
1,<environment.Job instance at 0x152f1fc4a780>,7,3,[1 8],14,196,199,182,196
1,<environment.Job instance at 0x152f1fc4aeb0>,5,2,[1 6],12,353,355,341,353
1,<environment.Job instance at 0x152f1f9d7960>,3,1,[6 2],5,5,6,0,5
1,<environment.Job instance at 0x152f1fbe6140>,6,2,[ 1 10],9,10,12,1,10
1,<environment.Job instance at 0x152f1fbe6050>,8,2,[2 9],11,12,14,1,11
1,<environment.Job instance at 0x152a907c2a50>,3,1,[6 2],4,4,5,0,4
1,<environment.Job instance at 0x152a924f8fa0>,14,2,[ 1 10],18,18,20,0,18
1,<environment.Job instance at 0x152a9a3cd140>,15,1,[ 1 10],20,20,21,0,20
1,<environment.Job instance at 0x152a907b8870>,16,1,[2 5],21,21,22,0,21
1,<environment.Job instance at 0x152a907b8960>,20,2,[ 1 13],27,59,61,32,59
1,<environment.Job instance at 0x152a907b86e0>,21,3,[6 1],29,110,113,81,110
1,<environment.Job instance at 0x152a98074410>,9,3,[2 9],12,13,16,1,13
1,<environment.Job instance at 0x152a91325820>,18,25,[12  2],24,187,212,163,187
1,<environment.Job instance at 0x152a91328e10>,1,1,[1 6],3,3,4,0,3
1,<environment.Job instance at 0x152a913257d0>,2,1,[2 9],5,5,6,0,5
1,<environment.Job instance at 0x152a924df410>,15,3,[1 5],27,27,30,0,27
1,<environment.Job instance at 0x152a90a02320>,3,1,[13  1],4,5,6,1,5
1,<environment.Job instance at 0x152a90a023c0>,5,1,[2 5],6,6,7,0,6
1,<environment.Job instance at 0x152a90a02960>,9,2,[6 2],13,13,15,0,13
1,<environment.Job instance at 0x152a90a02c80>,13,2,[ 1 10],19,20,22,1,20
1,<environment.Job instance at 0x152a980de050>,2,1,[1 5],3,3,4,0,3
1,<environment.Job instance at 0x152a980de370>,5,1,[2 5],8,8,9,0,8
1,<environment.Job instance at 0x152a980defa0>,10,12,[9 2],14,14,26,0,14
1,<environment.Job instance at 0x152a980dea00>,9,3,[2 8],12,120,123,108,120
1,<environment.Job instance at 0x152a4b953c80>,17,1,[ 2 10],22,123,124,101,120
1,<environment.Job instance at 0x152a4b953eb0>,18,1,[ 2 14],23,124,125,101,120
1,<environment.Job instance at 0x152a4b9e0fa0>,19,1,[8 2],24,120,121,96,120
1,<environment.Job instance at 0x152a4b9e07d0>,20,15,[5 1],25,120,135,95,120
1,<environment.Job instance at 0x152a4b953b90>,13,16,[8 1],17,134,150,117,134
1,<environment.Job instance at 0x152a4b953af0>,12,13,[ 1 10],16,163,176,147,163
1,<environment.Job instance at 0x152a980de0a0>,7,2,[14  1],10,185,187,175,185
1,<environment.Job instance at 0x152a4b67b6e0>,3,1,[8 1],4,119,120,115,119
1,<environment.Job instance at 0x152a92640aa0>,7,1,[1 6],9,179,180,170,179
1,<environment.Job instance at 0x152a4b9c9e60>,9,3,[9 1],13,179,182,166,179
1,<environment.Job instance at 0x152a4b9c9dc0>,10,3,[12  1],14,182,185,168,179
1,<environment.Job instance at 0x152a4b67b550>,2,3,[2 5],3,179,182,176,179
1,<environment.Job instance at 0x152a4b9c96e0>,12,15,[1 6],17,180,195,163,179
1,<environment.Job instance at 0x152a4b9c9d70>,14,2,[1 8],19,182,184,163,179
1,<environment.Job instance at 0x152a4b9c9b90>,15,3,[1 7],21,184,187,163,180
1,<environment.Job instance at 0x152a4b9c9320>,13,3,[7 2],18,214,217,196,214
1,<environment.Job instance at 0x152a4b9c9870>,16,13,[ 1 14],22,217,230,195,215
1,<environment.Job instance at 0x152a4b67b9b0>,4,3,[5 2],6,230,233,224,215
1,<environment.Job instance at 0x152a4b9c93c0>,20,12,[6 1],26,219,231,193,219
1,<environment.Job instance at 0x152a4b9c9be0>,21,28,[2 8],29,235,263,206,235
1,<environment.Job instance at 0x152a4b67b140>,0,3,[11  2],1,826,829,825,826
1,<environment.Job instance at 0x152a4b558730>,15,1,[1 7],23,27,28,4,27
1,<environment.Job instance at 0x152a4b558d70>,16,1,[2 9],24,56,57,32,56
1,<environment.Job instance at 0x152a4b5584b0>,18,3,[ 2 10],27,63,66,36,63
1,<environment.Job instance at 0x152a92603a00>,8,17,[1 6],11,12,29,1,12
1,<environment.Job instance at 0x152a925e6690>,10,1,[2 6],13,13,14,0,13
1,<environment.Job instance at 0x152a94614140>,2,1,[2 6],6,6,7,0,6
1,<environment.Job instance at 0x152a4b19ab90>,8,2,[2 5],18,18,20,0,18
1,<environment.Job instance at 0x152a4b19f280>,14,14,[6 1],27,31,45,4,31
1,<environment.Job instance at 0x152a4b19f870>,15,15,[2 8],28,37,52,9,37
1,<environment.Job instance at 0x152a4b19f730>,13,2,[ 2 12],26,65,67,39,65
1,<environment.Job instance at 0x152a4b19f780>,16,16,[1 7],29,122,138,93,122
1,<environment.Job instance at 0x152a4b19f780>,4,3,[ 2 10],5,75,78,70,75
1,<environment.Job instance at 0x152a4b23c500>,7,21,[ 2 13],10,78,99,68,78
1,<environment.Job instance at 0x152a4b23c820>,9,1,[7 1],12,78,79,66,78
1,<environment.Job instance at 0x152a4b23cb40>,2,1,[1 5],3,99,100,96,78
1,<environment.Job instance at 0x152a4b27b460>,13,18,[8 1],17,79,97,62,78
1,<environment.Job instance at 0x152a4b27bfa0>,15,1,[1 8],19,99,100,80,79
1,<environment.Job instance at 0x152a4b2ad640>,19,2,[5 2],25,97,99,72,80
1,<environment.Job instance at 0x152a4b2ad9b0>,20,1,[1 6],27,100,101,73,80
1,<environment.Job instance at 0x152a4b2ad5f0>,21,12,[7 1],28,99,111,71,85
1,<environment.Job instance at 0x152a4b23caa0>,5,3,[ 1 13],6,188,191,182,188
1,<environment.Job instance at 0x152a4b27b820>,14,1,[5 2],18,1706,1707,1688,1706
1,<environment.Job instance at 0x152a923ca9b0>,1,1,[2 5],4,4,5,0,4
1,<environment.Job instance at 0x152a4b6f3dc0>,10,2,[ 1 10],17,17,19,0,17
1,<environment.Job instance at 0x152a99049230>,12,21,[7 2],20,20,41,0,20
1,<environment.Job instance at 0x152a990496e0>,4,3,[1 8],8,8,11,0,8
1,<environment.Job instance at 0x152a924da500>,5,2,[2 7],11,11,13,0,11
1,<environment.Job instance at 0x152a924da4b0>,6,2,[9 2],12,12,14,0,12
1,<environment.Job instance at 0x152a924dae10>,16,15,[8 2],26,32,47,6,32
1,<environment.Job instance at 0x152a924dafa0>,17,17,[10  1],28,56,73,28,56
1,<environment.Job instance at 0x152a976c9b90>,6,1,[1 9],13,45,46,32,45
1,<environment.Job instance at 0x152a4b7ba690>,18,2,[ 1 10],29,46,48,17,46
1,<environment.Job instance at 0x152a90a0e780>,17,14,[7 2],27,59,73,32,59
1,<environment.Job instance at 0x152a976c93c0>,7,3,[1 8],14,234,237,220,234
1,<environment.Job instance at 0x152a976c9fa0>,5,2,[1 6],12,269,271,257,269
1,<environment.Job instance at 0x152a923a1190>,7,1,[2 7],14,14,15,0,14
1,<environment.Job instance at 0x152a923a1230>,2,2,[2 9],5,5,7,0,5
1,<environment.Job instance at 0x152a4bb970f0>,3,2,[2 5],6,6,8,0,6
1,<environment.Job instance at 0x152a98143460>,13,1,[2 6],23,43,44,20,43
1,<environment.Job instance at 0x152a981437d0>,17,1,[5 1],29,51,52,22,51
1,<environment.Job instance at 0x152a98143410>,14,2,[1 5],25,101,103,76,101
1,<environment.Job instance at 0x152a4b75b6e0>,5,2,[8 2],8,12,14,4,12
1,<environment.Job instance at 0x152a4b75b460>,9,15,[1 5],13,19,34,6,19
1,<environment.Job instance at 0x152a91302640>,14,1,[2 8],20,20,21,0,20
1,<environment.Job instance at 0x152a913025a0>,15,1,[8 2],21,21,22,0,21
1,<environment.Job instance at 0x152a976e80f0>,6,17,[2 9],7,8,25,1,8
1,<environment.Job instance at 0x152a996ce5f0>,12,2,[2 8],13,25,27,12,13
1,<environment.Job instance at 0x152a996cef50>,13,3,[5 2],16,16,19,0,16
1,<environment.Job instance at 0x152a996cef00>,14,1,[6 2],18,18,19,0,18
1,<environment.Job instance at 0x152a996ce910>,15,2,[2 8],19,27,29,8,19
1,<environment.Job instance at 0x152a996ce370>,16,1,[6 2],21,21,22,0,21
1,<environment.Job instance at 0x152a996ce0a0>,17,1,[2 9],22,29,30,7,22
1,<environment.Job instance at 0x152a923b5fa0>,22,1,[2 5],28,28,29,0,28
1,<environment.Job instance at 0x152a996ce050>,18,27,[ 2 10],23,30,57,7,28
1,<environment.Job instance at 0x152a4b5b5b40>,5,1,[7 2],8,8,9,0,8
1,<environment.Job instance at 0x152a4b5b5e10>,7,2,[5 2],10,10,12,0,10
1,<environment.Job instance at 0x152a4b5b5d20>,10,19,[2 9],16,19,38,3,19
1,<environment.Job instance at 0x152a4b5b05a0>,18,1,[1 9],25,38,39,13,26
1,<environment.Job instance at 0x152a4b5b08c0>,19,1,[2 5],26,31,32,5,31
1,<environment.Job instance at 0x152a4b5b0050>,11,13,[12  2],17,57,70,40,57
1,<environment.Job instance at 0x152a4b5b0370>,13,1,[6 2],19,70,71,51,63
1,<environment.Job instance at 0x152a4b5b01e0>,12,17,[9 2],18,89,106,71,89
1,<environment.Job instance at 0x152a4b5b0550>,15,1,[1 7],21,96,97,75,96
1,<environment.Job instance at 0x152a4b5a9b40>,0,1,[2 6],1,3,4,2,3
1,<environment.Job instance at 0x152a4b6e9c80>,9,2,[2 6],11,11,13,0,11
1,<environment.Job instance at 0x152a92fa80f0>,10,3,[9 2],12,12,15,0,12
1,<environment.Job instance at 0x152a92fa8be0>,11,2,[10  2],13,15,17,2,13
1,<environment.Job instance at 0x152a92fa85f0>,17,13,[5 1],21,26,39,5,26
1,<environment.Job instance at 0x152a92fa8140>,19,14,[6 1],23,26,40,3,26
1,<environment.Job instance at 0x152a92fa8370>,20,1,[2 5],24,26,27,2,26
1,<environment.Job instance at 0x152a92fa85a0>,21,14,[2 8],25,26,40,1,26
1,<environment.Job instance at 0x152a92fa8230>,22,2,[7 1],26,39,41,13,26
1,<environment.Job instance at 0x152a4b6f0690>,23,3,[7 1],27,40,43,13,27
1,<environment.Job instance at 0x152a4b6f0a00>,24,13,[10  1],28,43,56,15,28
1,<environment.Job instance at 0x152a92fa8c80>,15,15,[2 6],19,46,61,27,46
1,<environment.Job instance at 0x152a92fa8d20>,14,2,[1 6],17,193,195,176,193
1,<environment.Job instance at 0x152a92fa8820>,16,2,[7 2],20,311,313,291,311
1,<environment.Job instance at 0x152a4aed8370>,25,25,[12  1],29,426,451,397,426
1,<environment.Job instance at 0x152a93304730>,6,23,[1 6],11,11,34,0,11
1,<environment.Job instance at 0x15537bc63f50>,7,1,[2 6],8,8,9,0,8
1,<environment.Job instance at 0x15537daacaf0>,15,1,[ 1 10],20,20,21,0,20
1,<environment.Job instance at 0x15537bc59aa0>,16,1,[2 5],21,21,22,0,21
1,<environment.Job instance at 0x15537bc59910>,25,2,[2 8],34,35,37,1,35
1,<environment.Job instance at 0x15537bc594b0>,26,1,[2 7],35,35,36,0,35
1,<environment.Job instance at 0x15537bc58d70>,27,2,[2 7],36,36,38,0,36
1,<environment.Job instance at 0x15537bc58690>,28,2,[2 7],37,37,39,0,37
1,<environment.Job instance at 0x15537bc595a0>,22,1,[2 7],30,46,47,16,46
1,<environment.Job instance at 0x15537bc59370>,20,2,[ 1 13],27,55,57,28,55
1,<environment.Job instance at 0x15537bc59eb0>,21,3,[6 1],29,79,82,50,79
1,<environment.Job instance at 0x15537bc59050>,23,2,[8 1],31,103,105,72,103
1,<environment.Job instance at 0x15538350df50>,2,1,[2 7],3,3,4,0,3
1,<environment.Job instance at 0x15537d96cfa0>,10,25,[12  2],14,696,721,682,696
1,<environment.Job instance at 0x15537d96caa0>,1,1,[1 9],5,6,7,1,6
1,<environment.Job instance at 0x15537d8f1a50>,3,3,[1 5],7,7,10,0,7
1,<environment.Job instance at 0x15537d8f1a00>,7,3,[2 9],12,12,15,0,12
1,<environment.Job instance at 0x15537d8f1230>,8,3,[1 9],13,15,18,2,13
1,<environment.Job instance at 0x15537d8971e0>,9,1,[13  1],14,14,15,0,14
1,<environment.Job instance at 0x15537d897780>,10,3,[1 9],15,18,21,3,15
1,<environment.Job instance at 0x15537d897f00>,11,1,[2 5],16,16,17,0,16
1,<environment.Job instance at 0x15537d897eb0>,12,2,[ 2 10],17,21,23,4,17
1,<environment.Job instance at 0x15537d8f2f00>,17,1,[1 6],27,27,28,0,27
1,<environment.Job instance at 0x15537d8f20a0>,18,2,[2 5],28,28,30,0,28
1,<environment.Job instance at 0x15537d8f88c0>,25,1,[10  1],37,37,38,0,37
1,<environment.Job instance at 0x15537d8f8410>,26,2,[ 1 10],38,38,40,0,38
1,<environment.Job instance at 0x15538355ce60>,4,1,[2 7],7,7,8,0,7
1,<environment.Job instance at 0x155346ebec30>,10,12,[9 2],14,17,29,3,17
1,<environment.Job instance at 0x155346ebea50>,9,3,[2 8],12,24,27,12,24
1,<environment.Job instance at 0x155346ebeaf0>,12,13,[ 1 10],16,47,60,31,47
1,<environment.Job instance at 0x155346fa1280>,19,1,[8 2],24,51,52,27,51
1,<environment.Job instance at 0x155346fa1b40>,20,15,[5 1],25,58,73,33,58
1,<environment.Job instance at 0x155346fa1190>,21,18,[1 8],26,65,83,39,65
1,<environment.Job instance at 0x155346fa1870>,22,2,[ 1 10],30,83,85,53,72
1,<environment.Job instance at 0x155346fa1230>,23,3,[11  2],31,85,88,54,85
1,<environment.Job instance at 0x155346fa19b0>,24,3,[ 2 10],32,93,96,61,93
1,<environment.Job instance at 0x155346ebe910>,11,15,[10  2],15,93,108,78,93
1,<environment.Job instance at 0x15538355c500>,7,2,[14  1],10,108,110,98,100
1,<environment.Job instance at 0x155346fa1c80>,25,3,[2 5],33,110,113,77,108
1,<environment.Job instance at 0x155346f3c780>,30,1,[1 6],39,108,109,69,108
1,<environment.Job instance at 0x155346fa10a0>,18,1,[ 2 14],23,133,134,110,133
1,<environment.Job instance at 0x155346fa1500>,26,1,[8 1],34,137,138,103,137
1,<environment.Job instance at 0x15537d9df640>,5,2,[1 8],9,94,96,85,94
1,<environment.Job instance at 0x155346f24e10>,22,17,[ 2 10],36,96,113,60,95
1,<environment.Job instance at 0x155346f24f00>,23,19,[ 1 10],38,117,136,79,117
1,<environment.Job instance at 0x15537d9dff00>,7,13,[ 1 14],12,140,153,128,140
1,<environment.Job instance at 0x1553844ea410>,1,3,[12  1],4,468,471,464,468
1,<environment.Job instance at 0x1553844ea410>,3,1,[2 9],4,4,5,0,4
1,<environment.Job instance at 0x1553466584b0>,17,17,[7 1],22,41,58,19,41
1,<environment.Job instance at 0x155346658c80>,21,1,[9 1],31,58,59,27,41
1,<environment.Job instance at 0x155346658e10>,22,12,[1 5],32,41,53,9,41
1,<environment.Job instance at 0x155346658eb0>,23,2,[6 2],33,41,43,8,41
1,<environment.Job instance at 0x155346658e60>,24,1,[9 1],35,59,60,24,41
1,<environment.Job instance at 0x155346658f00>,25,2,[8 1],36,53,55,17,41
1,<environment.Job instance at 0x155346658f50>,26,1,[ 1 10],37,55,56,18,41
1,<environment.Job instance at 0x155346658a00>,27,2,[1 5],39,41,43,2,41
1,<environment.Job instance at 0x1553466581e0>,9,3,[8 1],12,65,68,53,65
1,<environment.Job instance at 0x155346658be0>,20,15,[9 2],30,73,88,43,73
1,<environment.Job instance at 0x1553466582d0>,10,2,[2 5],13,97,99,84,97
1,<environment.Job instance at 0x155346792140>,5,1,[2 8],12,12,13,0,12
1,<environment.Job instance at 0x1553467525f0>,11,1,[7 2],23,23,24,0,23
1,<environment.Job instance at 0x1553467525a0>,13,2,[ 2 12],26,27,29,1,27
1,<environment.Job instance at 0x155346752460>,19,1,[1 5],33,64,65,31,64
1,<environment.Job instance at 0x15534677e960>,23,3,[1 5],39,66,69,27,66
1,<environment.Job instance at 0x155346752960>,20,16,[1 7],34,68,84,34,68
1,<environment.Job instance at 0x1553467b20a0>,0,1,[2 8],1,1,2,0,1
1,<environment.Job instance at 0x1553467b20f0>,1,1,[7 1],2,3,4,1,3
1,<environment.Job instance at 0x155346a78230>,3,2,[8 2],5,5,7,0,5
1,<environment.Job instance at 0x155346a783c0>,4,3,[1 7],6,7,10,1,7
1,<environment.Job instance at 0x15537daa7460>,6,1,[5 2],8,8,9,0,8
1,<environment.Job instance at 0x15537daa7aa0>,7,1,[1 8],9,9,10,0,9
1,<environment.Job instance at 0x15537daa7190>,8,3,[1 7],10,10,13,0,10
1,<environment.Job instance at 0x15537daa7550>,9,2,[5 2],12,12,14,0,12
1,<environment.Job instance at 0x155346a78870>,5,18,[8 1],7,12,30,5,12
1,<environment.Job instance at 0x15537daa7820>,10,2,[1 7],14,14,16,0,14
1,<environment.Job instance at 0x15537daa74b0>,12,1,[1 6],17,17,18,0,17
1,<environment.Job instance at 0x15537e473d20>,24,1,[ 2 10],35,35,36,0,35
1,<environment.Job instance at 0x15537da92960>,6,20,[8 2],12,12,32,0,12
1,<environment.Job instance at 0x15537daa4910>,21,15,[8 2],36,83,98,47,83
1,<environment.Job instance at 0x15537daba0f0>,0,1,[6 2],1,2,3,1,2
1,<environment.Job instance at 0x1553469f5500>,9,18,[ 1 10],16,23,41,7,23
1,<environment.Job instance at 0x15537e4ec050>,8,1,[9 2],15,31,32,16,31
1,<environment.Job instance at 0x155346ac4f50>,22,18,[6 2],36,43,61,7,43
1,<environment.Job instance at 0x1553469f50f0>,13,3,[9 1],22,53,56,31,53
1,<environment.Job instance at 0x1553469f5a50>,10,2,[1 6],18,460,462,442,460
1,<environment.Job instance at 0x15537e5003c0>,19,3,[10  2],30,2776,2779,2746,2776
1,<environment.Job instance at 0x1553469158c0>,10,1,[7 2],16,16,17,0,16
1,<environment.Job instance at 0x155346915f00>,15,26,[9 1],24,24,50,0,24
1,<environment.Job instance at 0x15537e4a1870>,17,2,[2 5],26,26,28,0,26
1,<environment.Job instance at 0x155346ad7730>,9,1,[1 8],15,15,16,0,15
1,<environment.Job instance at 0x155384b28eb0>,18,2,[1 8],26,26,28,0,26
1,<environment.Job instance at 0x15537e8157d0>,21,1,[2 8],30,30,31,0,30
1,<environment.Job instance at 0x15537e815e60>,22,1,[8 2],31,31,32,0,31
1,<environment.Job instance at 0x1553466ba320>,1,1,[1 5],2,3,4,1,3
1,<environment.Job instance at 0x15537d9d69b0>,2,18,[8 2],3,3,21,0,3
1,<environment.Job instance at 0x15537807d820>,17,1,[2 9],22,22,23,0,22
1,<environment.Job instance at 0x15537807dfa0>,22,1,[2 5],28,28,29,0,28
1,<environment.Job instance at 0x155382ccb7d0>,9,3,[6 1],10,61,64,51,61
1,<environment.Job instance at 0x155382ccbeb0>,10,2,[1 8],11,83,85,72,83
1,<environment.Job instance at 0x15538350fe10>,4,17,[9 2],8,27,44,19,27
1,<environment.Job instance at 0x15538350f960>,8,3,[2 7],12,53,56,41,53
1,<environment.Job instance at 0x15538350feb0>,9,2,[1 5],13,53,55,40,53
1,<environment.Job instance at 0x15538350f3c0>,10,1,[1 9],15,56,57,41,53
1,<environment.Job instance at 0x15538350f9b0>,11,1,[2 5],16,55,56,39,53
1,<environment.Job instance at 0x15538350fd70>,12,15,[7 1],17,99,114,82,99
1,<environment.Job instance at 0x15538350fe60>,13,1,[2 6],18,99,100,81,99
1,<environment.Job instance at 0x15538350fa50>,5,1,[6 2],9,99,100,90,99
1,<environment.Job instance at 0x15538350f5a0>,14,1,[2 8],20,100,101,80,99
1,<environment.Job instance at 0x15538350f7d0>,6,2,[1 5],10,101,103,91,101
1,<environment.Job instance at 0x15538350f780>,15,1,[2 6],21,102,103,81,102
1,<environment.Job instance at 0x15538350f500>,18,14,[1 6],25,111,125,86,111
1,<environment.Job instance at 0x15537d9e0870>,22,1,[1 8],29,111,112,82,111
1,<environment.Job instance at 0x15537d9e0280>,24,2,[2 6],31,123,125,92,123
1,<environment.Job instance at 0x15537d9e0320>,25,3,[9 2],32,123,126,91,123
1,<environment.Job instance at 0x1553467e8370>,26,2,[10  2],33,126,128,93,123
1,<environment.Job instance at 0x15538350f730>,17,17,[2 7],24,162,179,138,162
1,<environment.Job instance at 0x15538350fb40>,3,13,[12  2],7,226,239,219,226
1,<environment.Job instance at 0x15537d9e0690>,21,1,[10  1],28,239,240,211,226
1,<environment.Job instance at 0x1553467e8dc0>,29,2,[1 6],37,242,244,205,242
1,<environment.Job instance at 0x15538350f050>,7,1,[1 7],11,277,278,266,277
1,<environment.Job instance at 0x15534679db90>,8,25,[12  1],9,9,34,0,9
1,<environment.Job instance at 0x1553467b70f0>,9,1,[ 2 10],10,10,11,0,10
1,<environment.Job instance at 0x1553467b7870>,10,2,[10  2],12,34,36,22,12
1,<environment.Job instance at 0x1553467b7a50>,11,3,[7 1],16,36,39,20,16
1,<environment.Job instance at 0x1553467b7910>,12,3,[2 8],17,17,20,0,17
1,<environment.Job instance at 0x1553467b77d0>,13,3,[1 9],18,20,23,2,18
1,<environment.Job instance at 0x1553467b7b40>,15,3,[2 9],20,23,26,3,20
1,<environment.Job instance at 0x1553467b72d0>,16,23,[1 6],21,26,49,5,21
1,<environment.Job instance at 0x1553467b7960>,17,12,[7 1],24,36,48,12,24
1,<environment.Job instance at 0x15534677d190>,21,2,[7 1],32,39,41,7,32
1,<environment.Job instance at 0x15534677d780>,23,1,[7 1],36,41,42,5,36
1,<environment.Job instance at 0x15534677d280>,24,2,[5 1],37,42,44,5,37
1,<environment.Job instance at 0x15537e44e460>,9,1,[5 2],16,16,17,0,16
1,<environment.Job instance at 0x155346be04b0>,10,26,[2 8],18,18,44,0,18
1,<environment.Job instance at 0x155346ba3460>,22,1,[ 1 12],36,41,42,5,41
1,<environment.Job instance at 0x155346ba36e0>,24,1,[8 1],39,54,55,15,54
1,<environment.Job instance at 0x155346ba0a00>,10,2,[5 1],13,72,74,59,72
1,<environment.Job instance at 0x155346be0050>,8,2,[ 1 10],10,75,77,65,75
1,<environment.Job instance at 0x155346b82e10>,1,1,[2 9],4,4,5,0,4
1,<environment.Job instance at 0x155346bf01e0>,4,25,[8 1],9,9,34,0,9
1,<environment.Job instance at 0x1553835184b0>,12,16,[1 9],19,19,35,0,19
1,<environment.Job instance at 0x1553835185a0>,13,3,[1 5],20,20,23,0,20
1,<environment.Job instance at 0x1553835e8b90>,19,1,[ 1 10],29,35,36,6,29
1,<environment.Job instance at 0x1553835e8280>,17,2,[1 8],25,73,75,48,73
1,<environment.Job instance at 0x1553835e8fa0>,18,12,[1 7],27,80,92,53,80
1,<environment.Job instance at 0x1553835e87d0>,22,3,[6 2],32,80,83,48,80
1,<environment.Job instance at 0x155346da8c80>,2,1,[6 2],3,3,4,0,3
1,<environment.Job instance at 0x155346da8dc0>,8,2,[7 2],10,10,12,0,10
1,<environment.Job instance at 0x155346da80f0>,9,3,[5 2],12,12,15,0,12
1,<environment.Job instance at 0x155346da88c0>,13,1,[10  1],18,18,19,0,18
1,<environment.Job instance at 0x155346da8550>,14,1,[5 2],19,19,20,0,19
1,<environment.Job instance at 0x15537da970a0>,18,21,[ 2 10],24,24,45,0,24
1,<environment.Job instance at 0x15537da97d20>,19,21,[2 5],25,25,46,0,25
1,<environment.Job instance at 0x15537da97eb0>,28,1,[9 1],36,47,48,11,47
1,<environment.Job instance at 0x15537da97410>,29,17,[2 5],37,47,64,10,47
1,<environment.Job instance at 0x15537da97d70>,22,15,[7 2],29,59,74,30,59
1,<environment.Job instance at 0x15537da97050>,24,2,[2 9],31,77,79,46,77
1,<environment.Job instance at 0x15537da974b0>,17,1,[10  2],23,112,113,89,112
1,<environment.Job instance at 0x14b7dd67ca50>,2,1,[2 5],3,7,8,4,7
1,<environment.Job instance at 0x14b7d3a17cd0>,7,1,[2 6],8,8,9,0,8
1,<environment.Job instance at 0x14b7d3a17dc0>,6,18,[8 1],7,8,26,1,8
1,<environment.Job instance at 0x14b7d3a1a5f0>,13,2,[8 1],17,26,28,9,17
1,<environment.Job instance at 0x14b7dd622140>,14,2,[ 1 10],18,18,20,0,18
1,<environment.Job instance at 0x14b7d3a0e2d0>,15,1,[ 1 10],20,20,21,0,20
1,<environment.Job instance at 0x14b7d3a0daa0>,16,1,[2 5],21,21,22,0,21
1,<environment.Job instance at 0x14b7d3a0d1e0>,22,1,[2 7],30,30,31,0,30
1,<environment.Job instance at 0x14b7d3a0d5a0>,23,2,[8 1],31,31,33,0,31
1,<environment.Job instance at 0x14b7d3a0d910>,21,3,[6 1],29,33,36,4,33
1,<environment.Job instance at 0x14b7d3a0c1e0>,25,2,[2 8],34,34,36,0,34
1,<environment.Job instance at 0x14b7d3a0c4b0>,26,1,[2 7],35,36,37,1,35
1,<environment.Job instance at 0x14b7d3a0caa0>,27,2,[2 7],36,36,38,0,36
1,<environment.Job instance at 0x14b7d3a0c960>,28,2,[2 7],37,37,39,0,37
1,<environment.Job instance at 0x14b7d3a0c140>,33,1,[2 7],43,54,55,11,54
1,<environment.Job instance at 0x14b7dc2820f0>,31,3,[9 2],41,60,63,19,60
1,<environment.Job instance at 0x14b7d3a0d370>,20,2,[ 1 13],27,435,437,408,435
1,<environment.Job instance at 0x14b7d3a0c0f0>,32,3,[2 9],42,2870,2873,2828,2870
1,<environment.Job instance at 0x14b7d45645f0>,8,2,[2 8],11,57,59,46,57
1,<environment.Job instance at 0x14b7d45643c0>,9,1,[1 6],13,64,65,51,64
1,<environment.Job instance at 0x14b7d4564aa0>,10,1,[2 9],15,77,78,62,77
1,<environment.Job instance at 0x14b7d4564a50>,11,16,[8 2],16,80,96,64,80
1,<environment.Job instance at 0x14b7d4564a00>,5,3,[7 2],7,80,83,73,80
1,<environment.Job instance at 0x14b7d4552140>,14,2,[1 7],22,83,85,61,81
1,<environment.Job instance at 0x14b7d4552690>,16,2,[2 5],25,83,85,58,81
1,<environment.Job instance at 0x14b7d45526e0>,17,16,[2 5],26,98,114,72,98
1,<environment.Job instance at 0x14b7d4552730>,15,3,[6 1],23,99,102,76,99
1,<environment.Job instance at 0x14b7d4552be0>,19,22,[1 5],30,407,429,377,407
1,<environment.Job instance at 0x14b7d4552460>,22,17,[8 1],36,549,566,513,549
1,<environment.Job instance at 0x14b7d51eba00>,3,1,[1 6],7,7,8,0,7
1,<environment.Job instance at 0x14b7d55fcfa0>,11,1,[10  1],17,17,18,0,17
1,<environment.Job instance at 0x14b7d570a5a0>,12,2,[ 1 10],18,18,20,0,18
1,<environment.Job instance at 0x14b7d570a3c0>,13,1,[7 2],20,20,21,0,20
1,<environment.Job instance at 0x14b7d570a320>,14,2,[1 8],21,21,23,0,21
1,<environment.Job instance at 0x14b7d5613820>,15,2,[2 6],22,22,24,0,22
1,<environment.Job instance at 0x14b7d5613500>,16,1,[1 5],23,23,24,0,23
1,<environment.Job instance at 0x14b7d5613d70>,17,2,[1 9],26,26,28,0,26
1,<environment.Job instance at 0x14b7d5613a50>,18,1,[2 7],27,28,29,1,27
1,<environment.Job instance at 0x14b7d56130f0>,19,1,[2 5],28,28,29,0,28
1,<environment.Job instance at 0x14b7d5613870>,23,3,[2 8],32,39,42,7,39
1,<environment.Job instance at 0x14b7d5613be0>,27,16,[8 1],37,57,73,20,57
1,<environment.Job instance at 0x14b7d560f3c0>,29,13,[2 9],40,76,89,36,76
1,<environment.Job instance at 0x14b7d5613370>,24,12,[9 2],34,76,88,42,76
1,<environment.Job instance at 0x14b7d560f7d0>,32,1,[ 2 14],43,89,90,46,76
1,<environment.Job instance at 0x14b7d560f960>,33,1,[8 2],44,94,95,50,94
1,<environment.Job instance at 0x14b7d56130a0>,21,2,[14  1],30,102,104,72,102
1,<environment.Job instance at 0x14b7d560f690>,34,15,[5 1],45,110,125,65,110
1,<environment.Job instance at 0x14b7a6a0a0a0>,4,3,[5 2],6,13,16,7,13
1,<environment.Job instance at 0x14b7a6a0a2d0>,3,1,[8 1],4,18,19,14,18
1,<environment.Job instance at 0x14b7a6a0ac80>,2,3,[2 5],3,28,31,25,28
1,<environment.Job instance at 0x14b7a6a0af00>,7,1,[1 6],9,32,33,23,32
1,<environment.Job instance at 0x14b7a6a0a550>,8,1,[1 7],10,35,36,25,35
1,<environment.Job instance at 0x14b7a6a0a230>,6,18,[2 6],8,57,75,49,57
1,<environment.Job instance at 0x14b7d560f0a0>,10,3,[12  1],14,72,75,58,72
1,<environment.Job instance at 0x14b7d560f690>,11,1,[1 8],16,74,75,58,74
1,<environment.Job instance at 0x14b7a6a0a730>,12,15,[1 6],17,75,90,58,74
1,<environment.Job instance at 0x14b7a6a0ad70>,13,3,[7 2],18,75,78,57,74
1,<environment.Job instance at 0x14b7a6a0aaa0>,14,2,[1 8],19,1394,1396,1375,1394
1,<environment.Job instance at 0x14b7a6a0acd0>,17,27,[1 8],23,1505,1532,1482,1505
1,<environment.Job instance at 0x14b7d017c960>,18,3,[1 9],24,1778,1781,1754,1778
1,<environment.Job instance at 0x14b7d017c550>,19,2,[7 2],25,2648,2650,2623,2648
1,<environment.Job instance at 0x14b7d017c460>,20,12,[6 1],26,2669,2681,2643,2669
1,<environment.Job instance at 0x14b7d017c050>,21,28,[2 8],29,2682,2710,2653,2682
1,<environment.Job instance at 0x14b7d017c640>,22,3,[5 1],33,2778,2781,2745,2778
1,<environment.Job instance at 0x14b7d5840a50>,11,3,[6 1],14,14,17,0,14
1,<environment.Job instance at 0x14b7d628ac30>,12,2,[10  1],15,17,19,2,15
1,<environment.Job instance at 0x14b7d628a140>,13,3,[ 2 10],17,17,20,0,17
1,<environment.Job instance at 0x14b7d583de10>,21,1,[9 1],31,35,36,4,35
1,<environment.Job instance at 0x14b7d5778460>,25,2,[8 1],36,45,47,9,45
1,<environment.Job instance at 0x14b7d00744b0>,31,1,[2 6],46,48,49,2,48
1,<environment.Job instance at 0x14b7a69999b0>,17,17,[7 1],22,69,86,47,69
1,<environment.Job instance at 0x14b7a69992d0>,18,1,[2 6],23,75,76,52,75
1,<environment.Job instance at 0x14b7d00ffd70>,0,1,[2 8],2,3,4,1,3
1,<environment.Job instance at 0x14b7a6417870>,8,2,[ 2 12],16,17,19,1,17
1,<environment.Job instance at 0x14b7a6417dc0>,14,1,[1 5],23,76,77,53,76
1,<environment.Job instance at 0x14b7a6417be0>,18,3,[1 5],29,221,224,192,221
1,<environment.Job instance at 0x14b7a6417d70>,13,2,[6 2],22,225,227,203,225
1,<environment.Job instance at 0x14b7a64182d0>,19,21,[ 2 13],30,321,342,291,321
1,<environment.Job instance at 0x14b7a64180a0>,21,1,[7 1],32,1043,1044,1011,1043
1,<environment.Job instance at 0x14b7a6418320>,22,18,[5 2],33,1263,1281,1230,1263
1,<environment.Job instance at 0x14b7a64183c0>,23,2,[8 2],35,1905,1907,1870,1905
1,<environment.Job instance at 0x14b7a6418460>,24,3,[1 7],36,2677,2680,2641,2677
1,<environment.Job instance at 0x14b7a6418550>,25,18,[8 1],37,2682,2700,2645,2682
1,<environment.Job instance at 0x14b7a64185f0>,1,1,[2 5],4,4,5,0,4
1,<environment.Job instance at 0x14b7a655d5a0>,12,21,[7 2],20,21,42,1,21
1,<environment.Job instance at 0x14b7a6550320>,17,3,[1 7],29,29,32,0,29
1,<environment.Job instance at 0x14b7a6550a00>,18,12,[7 1],31,32,44,1,32
1,<environment.Job instance at 0x14b7a6550eb0>,20,2,[10  1],33,44,46,11,33
1,<environment.Job instance at 0x14b7a6550f00>,21,3,[1 9],34,34,37,0,34
1,<environment.Job instance at 0x14b7a6550870>,22,3,[1 8],38,38,41,0,38
1,<environment.Job instance at 0x14b7a65503c0>,19,20,[8 2],32,46,66,14,40
1,<environment.Job instance at 0x14b7a6504b90>,29,1,[1 8],48,48,49,0,48
1,<environment.Job instance at 0x14b7a655daf0>,13,13,[5 2],21,170,183,149,170
1,<environment.Job instance at 0x14b7db2c11e0>,9,2,[8 1],18,18,20,0,18
1,<environment.Job instance at 0x14b7db2c1f50>,10,2,[1 9],21,21,23,0,21
1,<environment.Job instance at 0x14b7db2c1280>,11,2,[1 6],22,22,24,0,22
1,<environment.Job instance at 0x14b7db2c1230>,12,1,[1 9],23,23,24,0,23
1,<environment.Job instance at 0x14b7db2c1550>,14,1,[9 2],25,25,26,0,25
1,<environment.Job instance at 0x14b7db2c1e10>,7,3,[2 7],13,28,31,15,28
1,<environment.Job instance at 0x14b7db2c1960>,6,1,[6 2],11,36,37,25,36
1,<environment.Job instance at 0x14b7db2c1140>,18,1,[7 2],31,36,37,5,36
1,<environment.Job instance at 0x14b7db2c1fa0>,20,16,[9 1],33,37,53,4,36
1,<environment.Job instance at 0x14b7db2c1a50>,16,2,[1 6],28,67,69,39,67
1,<environment.Job instance at 0x14b7db32fa00>,25,3,[10  2],40,67,70,27,67
1,<environment.Job instance at 0x14b7db32fc30>,24,2,[ 1 10],39,69,71,30,67
1,<environment.Job instance at 0x14b7db32f640>,26,2,[2 9],41,87,89,46,87
1,<environment.Job instance at 0x14b7db2c1690>,5,2,[ 2 12],10,92,94,82,92
1,<environment.Job instance at 0x14b7db2c1870>,8,15,[ 1 11],17,107,122,90,107
1,<environment.Job instance at 0x14b7db2c7460>,21,1,[6 2],35,141,142,106,141
1,<environment.Job instance at 0x14b7a63a0fa0>,10,1,[7 2],16,16,17,0,16
1,<environment.Job instance at 0x14b7a639a5a0>,15,26,[9 1],24,25,51,1,25
1,<environment.Job instance at 0x14b7a63a30a0>,27,1,[2 6],43,63,64,20,63
1,<environment.Job instance at 0x14b7a63a30f0>,26,13,[ 2 10],42,108,121,66,108
1,<environment.Job instance at 0x14b7a639af50>,2,1,[1 8],5,5,6,0,5
1,<environment.Job instance at 0x14b7a65c6500>,14,1,[2 8],20,20,21,0,20
1,<environment.Job instance at 0x14b7a65c68c0>,15,1,[8 2],21,21,22,0,21
1,<environment.Job instance at 0x14b7d57236e0>,1,1,[2 9],2,2,3,0,2
1,<environment.Job instance at 0x14b7a65ddfa0>,4,2,[2 7],6,6,8,0,6
1,<environment.Job instance at 0x14b7a66ca9b0>,6,1,[2 5],8,8,9,0,8
1,<environment.Job instance at 0x14b7a639a7d0>,2,27,[ 2 10],3,13,40,10,13
1,<environment.Job instance at 0x14b7a66ca960>,11,1,[7 1],16,16,17,0,16
1,<environment.Job instance at 0x14b7a66bbd70>,22,2,[1 5],30,74,76,44,74
1,<environment.Job instance at 0x14b7a66bbe10>,23,1,[1 7],31,74,75,43,74
1,<environment.Job instance at 0x14b7a66bbb40>,20,17,[9 2],28,83,100,55,83
1,<environment.Job instance at 0x14b7a66bbfa0>,26,1,[1 9],35,84,85,49,84
1,<environment.Job instance at 0x14b7a66bb780>,27,1,[2 5],36,85,86,49,84
1,<environment.Job instance at 0x14b7a66bbf50>,25,2,[1 5],33,89,91,56,89
1,<environment.Job instance at 0x14b7a66ca910>,8,3,[2 5],11,100,103,89,100
1,<environment.Job instance at 0x14b7a66c3370>,31,1,[2 6],41,146,147,105,146
1,<environment.Job instance at 0x14b7a66c3410>,32,3,[1 7],43,146,149,103,146
1,<environment.Job instance at 0x14b7a66c3230>,29,1,[2 6],38,217,218,179,217
1,<environment.Job instance at 0x14b7a66c35f0>,35,17,[9 1],46,231,248,185,231
1,<environment.Job instance at 0x14b7a66c3690>,36,3,[5 1],47,243,246,196,243
1,<environment.Job instance at 0x14b7a66c3730>,37,1,[10  1],48,249,250,201,249
1,<environment.Job instance at 0x14b7a66c37d0>,38,1,[1 8],49,273,274,224,273
1,<environment.Job instance at 0x14b7a66bbcd0>,21,1,[6 2],29,295,296,266,295
1,<environment.Job instance at 0x14b7a66bb8c0>,19,13,[12  2],27,538,551,511,538
1,<environment.Job instance at 0x14b7a66c31e0>,30,1,[2 8],40,562,563,522,562
1,<environment.Job instance at 0x14b7a66c31e0>,2,2,[10  2],3,3,5,0,3
1,<environment.Job instance at 0x14b7d573ff00>,9,2,[1 8],12,12,14,0,12
1,<environment.Job instance at 0x14b7d00208c0>,10,14,[6 1],13,19,33,6,19
1,<environment.Job instance at 0x14b7a69a4a00>,17,1,[ 2 10],20,20,21,0,20
1,<environment.Job instance at 0x14b7d0136280>,18,2,[10  2],22,33,35,11,22
1,<environment.Job instance at 0x14b7d5799820>,19,3,[7 1],26,26,29,0,26
1,<environment.Job instance at 0x14b7d65f0cd0>,20,3,[2 8],27,27,30,0,27
1,<environment.Job instance at 0x14b7d655da50>,21,3,[1 9],28,30,33,2,28
1,<environment.Job instance at 0x14b7a69a4460>,16,25,[12  1],19,35,60,16,31
1,<environment.Job instance at 0x14b7d57de5f0>,30,18,[2 6],44,47,65,3,47
1,<environment.Job instance at 0x14b7a69a2960>,23,3,[2 9],30,65,68,35,65
1,<environment.Job instance at 0x14b7db3e55f0>,24,23,[1 6],31,72,95,41,72
1,<environment.Job instance at 0x14b7d7854b40>,13,3,[10  2],23,35,38,12,35
1,<environment.Job instance at 0x14b7daa46910>,20,1,[2 8],39,39,40,0,39
1,<environment.Job instance at 0x14b7daa46190>,21,2,[7 2],40,40,42,0,40
1,<environment.Job instance at 0x14b7daa465f0>,22,2,[6 2],41,41,43,0,41
1,<environment.Job instance at 0x14b7dc2aba50>,25,2,[5 2],44,47,49,3,47
1,<environment.Job instance at 0x14b7d00f5410>,10,26,[2 8],18,47,73,29,47
1,<environment.Job instance at 0x14b7daa46f50>,17,1,[6 2],32,53,54,21,53
1,<environment.Job instance at 0x14b7daa461e0>,18,3,[10  2],34,230,233,196,230
1,<environment.Job instance at 0x14b7a64c4870>,13,1,[ 1 12],26,29,30,3,29
1,<environment.Job instance at 0x14b7a64c4230>,14,3,[6 2],27,31,34,4,31
1,<environment.Job instance at 0x14b7a6699a00>,26,28,[5 1],46,133,161,87,133
1,<environment.Job instance at 0x14b7a6750460>,0,1,[6 2],1,3,4,2,3
1,<environment.Job instance at 0x14b7a67509b0>,2,1,[7 1],4,4,5,0,4
1,<environment.Job instance at 0x14b7a6699c30>,4,3,[ 1 10],6,6,9,0,6
1,<environment.Job instance at 0x14b7db371230>,5,3,[1 5],7,7,10,0,7
1,<environment.Job instance at 0x14b7db371780>,6,3,[2 7],8,9,12,1,8
1,<environment.Job instance at 0x14b7db371c80>,7,13,[2 5],9,10,23,1,10
1,<environment.Job instance at 0x14b7db3921e0>,9,2,[5 1],11,11,13,0,11
1,<environment.Job instance at 0x14b7db392460>,11,1,[1 9],17,17,18,0,17
1,<environment.Job instance at 0x14b7db3925f0>,12,3,[7 1],18,18,21,0,18
1,<environment.Job instance at 0x14b7db392dc0>,19,16,[8 1],30,30,46,0,30
1,<environment.Job instance at 0x14b7db3741e0>,24,1,[10  2],37,66,67,29,66
1,<environment.Job instance at 0x14b7db392f00>,21,2,[10  2],33,67,69,34,66
1,<environment.Job instance at 0x14b7db374730>,32,12,[1 7],47,70,82,23,70
1,<environment.Job instance at 0x14b7db3744b0>,25,2,[7 2],38,89,91,51,89
1,<environment.Job instance at 0x14b7d6171230>,10,1,[6 2],13,13,14,0,13
1,<environment.Job instance at 0x14b7d6171a50>,11,2,[2 7],14,14,16,0,14
1,<environment.Job instance at 0x14b7a6b97fa0>,20,1,[1 5],26,26,27,0,26
1,<environment.Job instance at 0x14b7a6b972d0>,21,1,[10  1],28,29,30,1,29
1,<environment.Job instance at 0x14b7a6b97a00>,24,25,[9 1],31,43,68,12,43
1,<environment.Job instance at 0x14b7a6b97e60>,25,1,[10  2],33,68,69,35,56
1,<environment.Job instance at 0x14b7a6b996e0>,30,15,[7 2],39,69,84,30,64
1,<environment.Job instance at 0x14b7a6b99a50>,37,17,[2 5],47,99,116,52,99
1,<environment.Job instance at 0x14b7a6b99f00>,36,1,[9 1],46,99,100,53,99
1,<environment.Job instance at 0x14b7a6b990a0>,26,21,[ 2 10],34,114,135,80,114
1,<environment.Job instance at 0x14b7a6433aa0>,19,1,[8 1],24,151,152,127,151
1,<environment.Job instance at 0x14b7da9f0050>,0,2,[5 2],1,1,3,0,1
1,<environment.Job instance at 0x14b7a6783f50>,4,1,[6 2],7,7,8,0,7
1,<environment.Job instance at 0x14b7a6783eb0>,5,1,[5 1],8,8,9,0,8
1,<environment.Job instance at 0x14b7a6783fa0>,6,1,[2 6],10,10,11,0,10
1,<environment.Job instance at 0x14b7a61cbe10>,17,17,[7 1],24,567,584,543,567
1,<environment.Job instance at 0x14b7a61d2cd0>,3,22,[8 1],5,5,27,0,5
1,<environment.Job instance at 0x14b7d5886780>,17,1,[6 1],22,22,23,0,22
1,<environment.Job instance at 0x14b7a66f1b40>,15,1,[ 1 14],20,23,24,3,22
1,<environment.Job instance at 0x14b7a6a809b0>,18,2,[9 1],24,27,29,3,24
1,<environment.Job instance at 0x14b7a66d1b90>,19,19,[1 5],26,26,45,0,26
1,<environment.Job instance at 0x14b7a66d1050>,20,1,[8 1],27,29,30,2,27
1,<environment.Job instance at 0x14b7d62ef190>,21,1,[5 1],29,29,30,0,29
1,<environment.Job instance at 0x14b7a65d78c0>,23,3,[ 2 14],32,57,60,25,57
1,<environment.Job instance at 0x14b7d010d410>,31,2,[7 2],45,60,62,15,57
1,<environment.Job instance at 0x14b7d010d960>,32,1,[1 5],47,60,61,13,57
1,<environment.Job instance at 0x14b7d022aaa0>,13,2,[10  1],17,75,77,58,75
1,<environment.Job instance at 0x14b7a6043140>,14,22,[2 6],19,100,122,81,100
1,<environment.Job instance at 0x14b7dc9b7730>,10,25,[6 1],15,1697,1722,1682,1697
1,<environment.Job instance at 0x14b7d3eacf50>,7,2,[ 1 11],17,66,68,49,66
1,<environment.Job instance at 0x14b7d3eacc30>,13,28,[5 2],24,66,94,42,66
1,<environment.Job instance at 0x14b7d3eac4b0>,14,1,[8 2],25,66,67,41,66
1,<environment.Job instance at 0x14b7d3eaccd0>,15,2,[ 1 10],26,68,70,42,66
1,<environment.Job instance at 0x14b7d3eac370>,10,2,[2 9],21,76,78,55,76
1,<environment.Job instance at 0x14b7d3eac190>,16,3,[ 2 14],27,94,97,67,77
1,<environment.Job instance at 0x14b7a62350a0>,28,1,[1 9],41,79,80,38,79
1,<environment.Job instance at 0x14b7a6235aa0>,32,16,[7 1],45,90,106,45,90
1,<environment.Job instance at 0x14b7d3eac780>,9,1,[1 8],20,98,99,78,98
1,<environment.Job instance at 0x14b7a6235370>,26,14,[ 2 10],39,117,131,78,117
1,<environment.Job instance at 0x14b7d3eaca00>,8,3,[2 8],18,184,187,166,184
1,<environment.Job instance at 0x145661c67b90>,16,1,[2 5],21,21,22,0,21
1,<environment.Job instance at 0x145661c673c0>,22,1,[2 7],30,30,31,0,30
1,<environment.Job instance at 0x145661c67230>,23,2,[8 1],31,31,33,0,31
1,<environment.Job instance at 0x145661c66cd0>,28,2,[2 7],37,37,39,0,37
1,<environment.Job instance at 0x14566216ce10>,41,25,[12  2],54,274,299,220,274
1,<environment.Job instance at 0x145661c67960>,20,2,[ 1 13],27,2053,2055,2026,2053
1,<environment.Job instance at 0x145661c67960>,1,1,[1 6],3,5,6,2,5
1,<environment.Job instance at 0x1456639589b0>,6,2,[1 7],12,12,14,0,12
1,<environment.Job instance at 0x1456639583c0>,7,3,[6 1],13,13,16,0,13
1,<environment.Job instance at 0x145663958460>,8,2,[2 5],15,15,17,0,15
1,<environment.Job instance at 0x14566397ac30>,22,3,[1 9],35,37,40,2,37
1,<environment.Job instance at 0x14566397aaa0>,23,1,[2 5],36,37,38,1,37
1,<environment.Job instance at 0x14566397a140>,24,2,[ 2 10],37,40,42,3,37
1,<environment.Job instance at 0x14566397a370>,25,3,[2 9],39,42,45,3,39
1,<environment.Job instance at 0x1456627d20f0>,27,2,[6 2],43,58,60,15,58
1,<environment.Job instance at 0x1456627d2dc0>,29,1,[1 6],47,58,59,11,58
1,<environment.Job instance at 0x14566397afa0>,16,3,[9 2],28,59,62,31,58
1,<environment.Job instance at 0x1456627d2e10>,30,2,[2 5],48,60,62,12,58
1,<environment.Job instance at 0x1456627d2af0>,31,2,[ 1 10],49,85,87,36,85
1,<environment.Job instance at 0x1456627d2230>,38,2,[ 1 10],58,87,89,29,85
1,<environment.Job instance at 0x1456627d2d20>,37,1,[10  1],57,87,88,30,87
1,<environment.Job instance at 0x14566397a9b0>,17,3,[10  1],29,104,107,75,104
1,<environment.Job instance at 0x14566397a690>,21,1,[13  1],34,110,111,76,110
1,<environment.Job instance at 0x14566397a960>,15,3,[1 5],27,123,126,96,123
1,<environment.Job instance at 0x14566397a2d0>,1,2,[2 6],2,2,4,0,2
1,<environment.Job instance at 0x1456639a73c0>,5,1,[2 5],8,23,24,15,23
1,<environment.Job instance at 0x1456638d7460>,7,2,[14  1],10,28,30,18,28
1,<environment.Job instance at 0x145663954550>,16,1,[2 8],21,30,31,9,28
1,<environment.Job instance at 0x1456638d7640>,11,15,[10  2],15,30,45,15,28
1,<environment.Job instance at 0x1456639544b0>,18,1,[ 2 14],23,45,46,22,35
1,<environment.Job instance at 0x1456638d7e60>,9,3,[2 8],12,83,86,71,83
1,<environment.Job instance at 0x145663954190>,25,3,[2 5],33,83,86,50,83
1,<environment.Job instance at 0x145663954b90>,26,1,[8 1],34,83,84,49,83
1,<environment.Job instance at 0x145663951190>,27,3,[5 2],36,84,87,48,83
1,<environment.Job instance at 0x145663954780>,22,2,[ 1 10],30,86,88,56,83
1,<environment.Job instance at 0x145663951410>,28,15,[9 2],37,86,101,49,83
1,<environment.Job instance at 0x145663951c30>,31,1,[1 7],40,326,327,286,326
1,<environment.Job instance at 0x145663951d20>,34,1,[1 8],46,369,370,323,369
1,<environment.Job instance at 0x145663951320>,35,15,[1 6],47,410,425,363,410
1,<environment.Job instance at 0x145663951a50>,36,3,[7 2],48,481,484,433,481
1,<environment.Job instance at 0x1456638d7910>,10,12,[9 2],14,573,585,559,573
1,<environment.Job instance at 0x1456639515a0>,38,3,[1 7],51,844,847,793,844
1,<environment.Job instance at 0x145663951910>,37,2,[1 8],49,1143,1145,1094,1143
1,<environment.Job instance at 0x145663951c80>,40,27,[1 8],53,1235,1262,1182,1235
1,<environment.Job instance at 0x145663951dc0>,41,3,[1 9],54,1271,1274,1217,1271
1,<environment.Job instance at 0x145663951d70>,42,2,[7 2],55,1315,1317,1260,1315
1,<environment.Job instance at 0x1456639516e0>,43,12,[6 1],56,1328,1340,1272,1328
1,<environment.Job instance at 0x145663951b40>,44,28,[2 8],59,1328,1356,1269,1328
1,<environment.Job instance at 0x145650b93960>,30,17,[7 1],42,63,80,21,63
1,<environment.Job instance at 0x145650b93870>,29,17,[1 6],41,69,86,28,69
1,<environment.Job instance at 0x1456600bff50>,34,1,[9 1],51,80,81,29,77
1,<environment.Job instance at 0x1456600bf460>,35,12,[1 5],52,77,89,25,77
1,<environment.Job instance at 0x1456600bfaa0>,36,2,[6 2],53,77,79,24,77
1,<environment.Job instance at 0x1456600bf050>,37,1,[9 1],55,81,82,26,77
1,<environment.Job instance at 0x145650ba1a00>,38,2,[8 1],56,82,84,26,77
1,<environment.Job instance at 0x145650ba18c0>,39,1,[ 1 10],57,86,87,29,77
1,<environment.Job instance at 0x145650ba10a0>,40,2,[1 5],59,87,89,28,77
1,<environment.Job instance at 0x145650b93c80>,32,16,[9 1],46,89,105,43,89
1,<environment.Job instance at 0x145650b98460>,18,3,[ 2 10],27,89,92,62,89
1,<environment.Job instance at 0x145661c711e0>,19,14,[10  1],29,120,134,91,120
1,<environment.Job instance at 0x145650a34460>,11,2,[9 1],19,143,145,124,143
1,<environment.Job instance at 0x145650886820>,2,1,[2 6],6,7,8,1,7
1,<environment.Job instance at 0x145650e01140>,10,3,[8 1],22,22,25,0,22
1,<environment.Job instance at 0x145650fdd140>,11,1,[7 2],23,23,24,0,23
1,<environment.Job instance at 0x145650f64500>,12,2,[5 2],24,24,26,0,24
1,<environment.Job instance at 0x145650980a00>,13,2,[ 2 12],26,26,28,0,26
1,<environment.Job instance at 0x145663b20fa0>,18,2,[6 2],32,75,77,43,75
1,<environment.Job instance at 0x1456639e7f50>,25,1,[2 8],41,174,175,133,174
1,<environment.Job instance at 0x1456639e76e0>,26,1,[7 1],42,254,255,212,254
1,<environment.Job instance at 0x1456639e7190>,27,18,[5 2],43,300,318,257,300
1,<environment.Job instance at 0x1456639e7820>,28,2,[8 2],45,331,333,286,331
1,<environment.Job instance at 0x1456639e7460>,29,3,[1 7],46,334,337,288,334
1,<environment.Job instance at 0x145663b203c0>,19,1,[1 5],33,352,353,319,352
1,<environment.Job instance at 0x1456639e7640>,30,18,[8 1],47,371,389,324,371
1,<environment.Job instance at 0x1456639e75f0>,32,1,[1 8],49,567,568,518,567
1,<environment.Job instance at 0x1456639e7e60>,33,3,[1 7],50,710,713,660,710
1,<environment.Job instance at 0x1456639e7a00>,34,2,[5 2],52,750,752,698,750
1,<environment.Job instance at 0x145650fd7a00>,35,2,[1 7],54,973,975,919,973
1,<environment.Job instance at 0x145650fd7690>,36,2,[5 2],55,1126,1128,1071,1126
1,<environment.Job instance at 0x145650fd7f00>,37,1,[1 6],57,1135,1136,1078,1135
1,<environment.Job instance at 0x145650fd7be0>,38,12,[7 1],58,1223,1235,1165,1223
1,<environment.Job instance at 0x145650fd75a0>,39,2,[10  1],59,1262,1264,1203,1262
1,<environment.Job instance at 0x1456639e4c30>,1,1,[2 5],4,4,5,0,4
1,<environment.Job instance at 0x14565064aeb0>,12,21,[7 2],20,20,41,0,20
1,<environment.Job instance at 0x14565064b910>,18,12,[7 1],31,32,44,1,32
1,<environment.Job instance at 0x14565064baf0>,20,2,[10  1],33,44,46,11,33
1,<environment.Job instance at 0x14565064bc30>,21,3,[1 9],34,34,37,0,34
1,<environment.Job instance at 0x14565064bd70>,22,3,[1 8],38,38,41,0,38
1,<environment.Job instance at 0x14565064beb0>,23,2,[2 7],41,41,43,0,41
1,<environment.Job instance at 0x14565064b820>,19,20,[8 2],32,46,66,14,41
1,<environment.Job instance at 0x14565064cbe0>,35,17,[10  1],58,86,103,28,86
1,<environment.Job instance at 0x14565072bfa0>,6,1,[1 9],13,34,35,21,34
1,<environment.Job instance at 0x145650787690>,22,18,[6 2],36,66,84,30,66
1,<environment.Job instance at 0x14565072beb0>,15,1,[6 2],25,123,124,98,123
1,<environment.Job instance at 0x14565072b730>,7,3,[1 8],14,990,993,976,990
1,<environment.Job instance at 0x145650c83500>,3,2,[2 5],6,6,8,0,6
1,<environment.Job instance at 0x145650c83140>,4,16,[2 9],7,9,25,2,9
1,<environment.Job instance at 0x145650c83280>,7,3,[8 1],13,13,16,0,13
1,<environment.Job instance at 0x145650c83eb0>,8,1,[10  1],14,16,17,2,14
1,<environment.Job instance at 0x1456696aae60>,13,1,[2 6],23,30,31,7,30
1,<environment.Job instance at 0x1456696aaf00>,17,1,[5 1],29,33,34,4,33
1,<environment.Job instance at 0x1456696aad20>,16,3,[2 9],27,33,36,6,33
1,<environment.Job instance at 0x145650f96eb0>,19,2,[1 9],31,36,38,5,33
1,<environment.Job instance at 0x145650f96230>,21,1,[1 8],35,38,39,3,35
1,<environment.Job instance at 0x145650f96140>,20,3,[2 8],32,39,42,7,35
1,<environment.Job instance at 0x14565095f9b0>,27,2,[1 7],42,50,52,8,50
1,<environment.Job instance at 0x14566af8cc80>,24,2,[8 2],38,50,52,12,50
1,<environment.Job instance at 0x14565095f3c0>,28,15,[1 5],43,50,65,7,50
1,<environment.Job instance at 0x14565095fcd0>,31,2,[1 5],48,52,54,4,50
1,<environment.Job instance at 0x14565095fe60>,33,1,[2 8],50,54,55,4,50
1,<environment.Job instance at 0x145650ec5d20>,34,1,[8 2],51,52,53,1,51
1,<environment.Job instance at 0x145650ec55a0>,35,14,[14  1],52,55,69,3,53
1,<environment.Job instance at 0x145650c83320>,14,2,[1 5],25,85,87,60,85
1,<environment.Job instance at 0x1456696aadc0>,15,2,[8 1],26,98,100,72,98
1,<environment.Job instance at 0x145663b8b780>,2,18,[8 2],3,3,21,0,3
1,<environment.Job instance at 0x145650af45a0>,12,2,[2 8],13,16,18,3,16
1,<environment.Job instance at 0x145650af4910>,14,1,[6 2],18,18,19,0,18
1,<environment.Job instance at 0x145650af4460>,10,2,[1 8],11,22,24,11,22
1,<environment.Job instance at 0x145650b26190>,37,1,[6 2],49,73,74,24,73
1,<environment.Job instance at 0x145650b26320>,38,2,[1 5],50,73,75,23,73
1,<environment.Job instance at 0x145650b26370>,39,1,[1 7],51,73,74,22,73
1,<environment.Job instance at 0x145650b14870>,26,2,[5 2],33,116,118,83,116
1,<environment.Job instance at 0x145650b26460>,41,2,[1 5],53,128,130,75,128
1,<environment.Job instance at 0x145650b26820>,42,1,[1 9],55,128,129,73,128
1,<environment.Job instance at 0x145650b26a50>,45,1,[2 6],58,176,177,118,176
1,<environment.Job instance at 0x145650af43c0>,9,3,[6 1],10,196,199,186,196
1,<environment.Job instance at 0x145650b26910>,43,1,[2 5],56,244,245,188,244
1,<environment.Job instance at 0x145650b26230>,35,13,[12  2],47,281,294,234,281
1,<environment.Job instance at 0x14565089e690>,0,1,[2 6],1,1,2,0,1
1,<environment.Job instance at 0x145650d68190>,10,3,[9 2],12,12,15,0,12
1,<environment.Job instance at 0x145650d680f0>,11,2,[10  2],13,15,17,2,13
1,<environment.Job instance at 0x145650d835a0>,14,2,[1 6],17,17,19,0,17
1,<environment.Job instance at 0x145650d83690>,18,2,[1 8],22,22,24,0,22
1,<environment.Job instance at 0x145650d83e10>,19,14,[6 1],23,23,37,0,23
1,<environment.Job instance at 0x145650d83b90>,20,1,[2 5],24,24,25,0,24
1,<environment.Job instance at 0x145650d6f910>,25,25,[12  1],29,37,62,8,33
1,<environment.Job instance at 0x145650d6f2d0>,26,1,[ 2 10],30,33,34,3,33
1,<environment.Job instance at 0x145650d6f410>,27,2,[10  2],32,62,64,30,35
1,<environment.Job instance at 0x145650d6f1e0>,28,3,[7 1],36,64,67,28,38
1,<environment.Job instance at 0x145650d6f0f0>,29,3,[2 8],37,38,41,1,38
1,<environment.Job instance at 0x145650d6f320>,30,3,[1 9],38,41,44,3,38
1,<environment.Job instance at 0x145650d6ae60>,33,23,[1 6],41,47,70,6,47
1,<environment.Job instance at 0x145650d835f0>,22,2,[7 1],26,82,84,56,82
1,<environment.Job instance at 0x145650d83e60>,23,3,[7 1],27,88,91,61,88
1,<environment.Job instance at 0x145650d833c0>,16,2,[7 2],20,158,160,138,158
1,<environment.Job instance at 0x14565091aeb0>,8,1,[10  2],15,15,16,0,15
1,<environment.Job instance at 0x145650922140>,9,1,[5 2],16,16,17,0,16
1,<environment.Job instance at 0x1456509222d0>,10,26,[2 8],18,20,46,2,20
1,<environment.Job instance at 0x145650922e60>,19,3,[5 1],38,38,41,0,38
1,<environment.Job instance at 0x145650922fa0>,20,1,[2 8],39,46,47,7,39
1,<environment.Job instance at 0x145650922c30>,21,2,[7 2],40,40,42,0,40
1,<environment.Job instance at 0x1456508ea190>,22,2,[6 2],41,41,43,0,41
1,<environment.Job instance at 0x1456508ea640>,25,2,[5 2],44,44,46,0,44
1,<environment.Job instance at 0x1456508ea780>,26,27,[1 7],45,46,73,1,45
1,<environment.Job instance at 0x1456508ea8c0>,27,21,[1 8],46,47,68,1,46
1,<environment.Job instance at 0x1456508eadc0>,34,3,[9 2],55,117,120,62,117
1,<environment.Job instance at 0x14565091aa50>,3,2,[1 8],7,7,9,0,7
1,<environment.Job instance at 0x14566454c3c0>,4,1,[10  2],8,8,9,0,8
1,<environment.Job instance at 0x145650d70640>,12,1,[2 9],24,24,25,0,24
1,<environment.Job instance at 0x145650d70cd0>,10,1,[8 1],19,105,106,86,105
1,<environment.Job instance at 0x1456507053c0>,4,25,[8 1],9,9,34,0,9
1,<environment.Job instance at 0x1456639472d0>,7,2,[10  2],13,51,53,38,51
1,<environment.Job instance at 0x1456506605a0>,23,2,[6 2],33,57,59,24,57
1,<environment.Job instance at 0x145650660910>,25,1,[6 1],36,57,58,21,57
1,<environment.Job instance at 0x145662105b90>,28,1,[1 6],40,68,69,28,68
1,<environment.Job instance at 0x145662105c30>,36,2,[1 9],49,76,78,27,76
1,<environment.Job instance at 0x1456621055a0>,37,2,[7 2],50,76,78,26,76
1,<environment.Job instance at 0x1456695d7b40>,41,1,[1 5],56,89,90,33,89
1,<environment.Job instance at 0x1456695d7050>,42,1,[10  1],58,89,90,31,89
1,<environment.Job instance at 0x1456695d7e60>,43,1,[5 2],59,90,91,31,89
1,<environment.Job instance at 0x145663947780>,9,14,[9 2],16,103,117,87,103
1,<environment.Job instance at 0x145663947410>,15,3,[9 2],23,118,121,95,118
1,<environment.Job instance at 0x145650273b90>,1,1,[10  2],3,3,4,0,3
1,<environment.Job instance at 0x145650273af0>,2,21,[ 2 10],4,4,25,0,4
1,<environment.Job instance at 0x145650d43780>,3,21,[2 5],5,5,26,0,5
1,<environment.Job instance at 0x145650d43fa0>,4,15,[5 2],6,25,40,19,12
1,<environment.Job instance at 0x1456501ff2d0>,14,2,[10  2],18,28,30,10,28
1,<environment.Job instance at 0x145650ee5b40>,19,17,[9 1],26,30,47,4,28
1,<environment.Job instance at 0x145650ee59b0>,20,1,[6 2],27,40,41,13,33
1,<environment.Job instance at 0x1456509971e0>,25,13,[6 1],34,41,54,7,34
1,<environment.Job instance at 0x1456501ff140>,15,15,[9 2],20,47,62,27,34
1,<environment.Job instance at 0x1456638acaf0>,32,1,[8 2],43,62,63,19,43
1,<environment.Job instance at 0x1456638ac730>,31,17,[12  1],40,63,80,23,51
1,<environment.Job instance at 0x1456638acc80>,34,17,[2 7],45,96,113,51,96
1,<environment.Job instance at 0x145650aacfa0>,16,2,[5 2],21,106,108,85,106
1,<environment.Job instance at 0x145650fc1a50>,4,1,[13  1],5,5,6,0,5
1,<environment.Job instance at 0x145650fabbe0>,24,22,[2 6],29,43,65,14,43
1,<environment.Job instance at 0x145650fabf50>,27,1,[6 1],32,55,56,23,55
1,<environment.Job instance at 0x145650fd40a0>,28,2,[9 1],34,56,58,22,55
1,<environment.Job instance at 0x145650fd4280>,29,19,[1 5],36,55,74,19,55
1,<environment.Job instance at 0x145650fd4230>,30,1,[8 1],37,58,59,21,55
1,<environment.Job instance at 0x145650fd45a0>,31,1,[5 1],39,55,56,16,55
1,<environment.Job instance at 0x145650fab3c0>,16,3,[2 5],19,69,72,50,69
1,<environment.Job instance at 0x145650fd45f0>,34,3,[1 8],43,77,80,34,77
1,<environment.Job instance at 0x145650fd4690>,35,1,[ 2 10],44,80,81,36,77
1,<environment.Job instance at 0x145650fd47d0>,36,2,[7 2],46,80,82,34,80
1,<environment.Job instance at 0x145650fd4aa0>,37,1,[6 1],47,80,81,33,80
1,<environment.Job instance at 0x145650fd4b40>,38,2,[6 1],49,81,83,32,81
1,<environment.Job instance at 0x145650fd4be0>,39,17,[1 7],50,82,99,32,82
1,<environment.Job instance at 0x145650fd4960>,40,15,[10  2],54,85,100,31,85
1,<environment.Job instance at 0x145650fd4d20>,41,2,[7 2],55,100,102,45,97
1,<environment.Job instance at 0x145650fad230>,42,1,[1 5],57,100,101,43,100
1,<environment.Job instance at 0x145650fad280>,43,14,[5 2],59,100,114,41,100
1,<environment.Job instance at 0x145650fab820>,17,17,[1 7],20,104,121,84,104
1,<environment.Job instance at 0x145650fd42d0>,33,3,[ 2 14],42,525,528,483,525
1,<environment.Job instance at 0x145650fabe60>,25,1,[ 1 14],30,528,529,498,528
1,<environment.Job instance at 0x1456503552d0>,10,25,[6 1],15,476,501,461,476
1,<environment.Job instance at 0x145665ac7b40>,3,2,[ 1 11],7,7,9,0,7
1,<environment.Job instance at 0x145664827a00>,5,1,[1 8],10,10,11,0,10
1,<environment.Job instance at 0x1456507ef7d0>,9,28,[5 2],14,14,42,0,14
1,<environment.Job instance at 0x1456507efdc0>,10,1,[8 2],15,15,16,0,15
1,<environment.Job instance at 0x1456507efaa0>,11,2,[ 1 10],16,16,18,0,16
1,<environment.Job instance at 0x1456507efb40>,12,3,[ 2 14],17,42,45,25,40
1,<environment.Job instance at 0x1456647aec30>,19,2,[6 2],26,40,42,14,40
1,<environment.Job instance at 0x1456647aeeb0>,20,3,[9 1],27,42,45,15,40
1,<environment.Job instance at 0x1456647ae4b0>,24,1,[1 9],31,41,42,10,41
1,<environment.Job instance at 0x1456647aeaf0>,14,2,[2 6],19,45,47,26,41
1,<environment.Job instance at 0x1456638f3280>,26,1,[6 1],33,45,46,12,41
1,<environment.Job instance at 0x1456638e4460>,25,16,[1 8],32,45,61,13,41
1,<environment.Job instance at 0x1456503c35f0>,28,16,[7 1],35,46,62,11,41
1,<environment.Job instance at 0x145664424e60>,29,2,[8 2],36,61,63,25,41
1,<environment.Job instance at 0x1456503c3c80>,30,1,[9 2],37,63,64,26,41
1,<environment.Job instance at 0x145664424dc0>,31,2,[1 7],38,62,64,24,41
1,<environment.Job instance at 0x1456638e5190>,32,26,[1 6],41,62,88,21,59
1,<environment.Job instance at 0x1456647ae8c0>,15,1,[8 1],20,69,70,49,69
1,<environment.Job instance at 0x1456506a4730>,35,23,[9 1],46,70,93,24,69
1,<environment.Job instance at 0x145650811e60>,27,3,[5 2],34,88,91,54,88
1,<environment.Job instance at 0x1456506a4f50>,36,14,[ 1 10],47,110,124,63,110
1,<environment.Job instance at 0x145650697cd0>,45,3,[12  1],59,173,176,114,173
1,<environment.Job instance at 0x1456647ae910>,16,1,[7 2],22,177,178,155,177
1,<environment.Job instance at 0x14566ab44fa0>,6,1,[ 2 10],17,18,19,1,18
1,<environment.Job instance at 0x14566ab44c30>,10,1,[8 1],23,98,99,75,98
1,<environment.Job instance at 0x14566ab44910>,12,12,[7 2],26,313,325,287,313
1,<environment.Job instance at 0x14566ab44190>,13,15,[ 2 10],32,1579,1594,1547,1579
1,<environment.Job instance at 0x14566ab44460>,14,2,[5 2],33,1660,1662,1627,1660
1,<environment.Job instance at 0x14566ab44cd0>,15,2,[7 2],34,1707,1709,1673,1707
1,<environment.Job instance at 0x14566ab44960>,11,16,[9 1],24,2101,2117,2077,2101
1,<environment.Job instance at 0x14566ab44140>,16,2,[5 2],36,2365,2367,2329,2365
1,<environment.Job instance at 0x14566ab44870>,18,1,[6 2],38,2459,2460,2421,2459
1,<environment.Job instance at 0x145650896500>,19,2,[ 1 12],39,2498,2500,2459,2498
1,<environment.Job instance at 0x145668c8dd70>,5,2,[ 1 10],8,8,10,0,8
1,<environment.Job instance at 0x145668c78960>,6,1,[7 1],9,9,10,0,9
1,<environment.Job instance at 0x145668c78cd0>,7,1,[2 6],12,12,13,0,12
1,<environment.Job instance at 0x145668c780a0>,9,1,[5 1],14,15,16,1,15
1,<environment.Job instance at 0x145668c78140>,11,1,[6 1],16,16,17,0,16
1,<environment.Job instance at 0x145650aac3c0>,16,3,[2 6],27,27,30,0,27
1,<environment.Job instance at 0x145650aac1e0>,17,2,[7 1],28,28,30,0,28
1,<environment.Job instance at 0x145650aaca00>,18,21,[6 1],30,30,51,0,30
1,<environment.Job instance at 0x145650aac9b0>,22,2,[2 8],35,72,74,37,72
1,<environment.Job instance at 0x145650aacf50>,21,1,[ 2 10],34,74,75,40,72
1,<environment.Job instance at 0x145650aaceb0>,26,27,[5 2],42,72,99,30,72
1,<environment.Job instance at 0x145650aacbe0>,25,12,[2 8],41,75,87,34,74
1,<environment.Job instance at 0x1456503db3c0>,30,12,[2 8],48,87,99,39,80
1,<environment.Job instance at 0x145650aace10>,19,3,[ 2 13],32,99,102,67,80
1,<environment.Job instance at 0x1456620ec2d0>,36,1,[7 1],57,80,81,23,80
1,<environment.Job instance at 0x1456620ecd20>,37,1,[2 6],59,102,103,43,80
1,<environment.Job instance at 0x1456503db140>,33,18,[9 1],53,99,117,46,92
1,<environment.Job instance at 0x1456620ec870>,34,2,[8 1],55,93,95,38,93
1,<environment.Job instance at 0x145650aac410>,23,1,[1 7],38,177,178,139,177
1,<environment.Job instance at 0x1456503dbaf0>,1,1,[1 7],4,4,5,0,4
1,<environment.Job instance at 0x145650aac370>,5,1,[1 7],10,10,11,0,10
1,<environment.Job instance at 0x1456644a2550>,4,28,[1 6],7,10,38,3,10
1,<environment.Job instance at 0x14566442b500>,7,16,[1 6],12,13,29,1,13
1,<environment.Job instance at 0x14566442bd70>,9,2,[5 1],15,15,17,0,15
1,<environment.Job instance at 0x14566442b640>,10,2,[ 2 10],16,38,40,22,16
1,<environment.Job instance at 0x145663a2cc80>,12,1,[1 9],19,29,30,10,19
1,<environment.Job instance at 0x1456643f7dc0>,13,1,[2 7],20,30,31,10,20
1,<environment.Job instance at 0x145663a2c870>,14,2,[1 8],21,31,33,10,21
1,<environment.Job instance at 0x1456509d2460>,15,1,[1 9],23,33,34,10,23
1,<environment.Job instance at 0x145664418460>,26,1,[8 1],38,40,41,2,40
1,<environment.Job instance at 0x145650f8a8c0>,27,1,[1 8],40,40,41,0,40
1,<environment.Job instance at 0x1456501fbc30>,28,1,[2 9],41,41,42,0,41
1,<environment.Job instance at 0x1456506158c0>,32,1,[10  1],46,46,47,0,46
1,<environment.Job instance at 0x145650274820>,37,1,[1 6],52,62,63,10,62
1,<environment.Job instance at 0x1456509589b0>,23,1,[9 2],34,62,63,28,62
1,<environment.Job instance at 0x145650274d20>,39,17,[5 1],54,62,79,8,62
1,<environment.Job instance at 0x1456695cb7d0>,25,1,[5 1],36,63,64,27,62
1,<environment.Job instance at 0x145650274140>,38,1,[10  1],53,64,65,11,62
1,<environment.Job instance at 0x1456509abfa0>,40,1,[7 1],55,65,66,10,62
1,<environment.Job instance at 0x14566482bd20>,43,26,[8 1],58,66,92,8,63
1,<environment.Job instance at 0x14566482b820>,44,3,[2 5],59,65,68,6,63
1,<environment.Job instance at 0x1456509582d0>,24,1,[2 8],35,74,75,39,74
1,<environment.Job instance at 0x1456509ab0f0>,41,3,[9 2],56,187,190,131,187
1,<environment.Job instance at 0x145650f55b40>,19,20,[ 2 11],28,1284,1304,1256,1284
1,<environment.Job instance at 0x15006402ea50>,2,1,[2 5],3,3,4,0,3
1,<environment.Job instance at 0x15005a3c9a50>,3,1,[6 2],4,4,5,0,4
1,<environment.Job instance at 0x15005a3c9cd0>,9,2,[6 1],11,11,13,0,11
1,<environment.Job instance at 0x15005c2d8aa0>,14,2,[ 1 10],18,18,20,0,18
1,<environment.Job instance at 0x15005cc8ecd0>,15,1,[ 1 10],20,20,21,0,20
1,<environment.Job instance at 0x15005a3bfbe0>,16,1,[2 5],21,21,22,0,21
1,<environment.Job instance at 0x15005a3bf820>,20,2,[ 1 13],27,28,30,1,28
1,<environment.Job instance at 0x15005a3bf3c0>,22,1,[2 7],30,30,31,0,30
1,<environment.Job instance at 0x15005a3bf230>,23,2,[8 1],31,31,33,0,31
1,<environment.Job instance at 0x15005a3be9b0>,25,2,[2 8],34,34,36,0,34
1,<environment.Job instance at 0x15005a3bed70>,26,1,[2 7],35,35,36,0,35
1,<environment.Job instance at 0x15005a8c2e10>,38,1,[8 1],51,58,59,7,58
1,<environment.Job instance at 0x15005a3be5a0>,34,15,[11  1],44,73,88,29,73
1,<environment.Job instance at 0x15005a845cd0>,35,2,[1 8],45,78,80,33,78
1,<environment.Job instance at 0x15005a61dd70>,51,2,[8 2],69,88,90,19,82
1,<environment.Job instance at 0x150061e09a00>,36,3,[10  2],48,216,219,168,216
1,<environment.Job instance at 0x15005a8cce60>,37,2,[ 1 10],50,534,536,484,534
1,<environment.Job instance at 0x15005a85d640>,41,25,[12  2],54,913,938,859,913
1,<environment.Job instance at 0x15005af2fc30>,5,22,[1 5],10,10,32,0,10
1,<environment.Job instance at 0x15005c092fa0>,13,3,[2 9],22,22,25,0,22
1,<environment.Job instance at 0x15005c092b90>,14,3,[1 9],23,25,28,2,23
1,<environment.Job instance at 0x15005c0923c0>,15,1,[13  1],24,25,26,1,24
1,<environment.Job instance at 0x15005c092a50>,16,3,[1 9],25,28,31,3,25
1,<environment.Job instance at 0x15005c092140>,17,1,[2 5],26,31,32,5,26
1,<environment.Job instance at 0x15005c092550>,18,2,[ 2 10],27,32,34,5,27
1,<environment.Job instance at 0x15005c076aa0>,31,1,[10  1],47,47,48,0,47
1,<environment.Job instance at 0x15005c076b90>,32,2,[ 1 10],48,48,50,0,48
1,<environment.Job instance at 0x15005c0da280>,33,1,[7 2],50,50,51,0,50
1,<environment.Job instance at 0x15005c0da050>,34,2,[1 8],51,51,53,0,51
1,<environment.Job instance at 0x15005c0da730>,35,2,[2 6],52,52,54,0,52
1,<environment.Job instance at 0x15005c0da500>,36,1,[1 5],53,53,54,0,53
1,<environment.Job instance at 0x15005c0da640>,37,2,[1 9],56,56,58,0,56
1,<environment.Job instance at 0x15005c0dabe0>,38,1,[2 7],57,58,59,1,57
1,<environment.Job instance at 0x15005c0dad20>,39,1,[2 5],58,58,59,0,58
1,<environment.Job instance at 0x15005c0daa00>,41,2,[14  1],60,60,62,0,60
1,<environment.Job instance at 0x15005c0dad70>,42,1,[5 1],61,62,63,1,61
1,<environment.Job instance at 0x15005af2ab40>,47,16,[8 1],67,99,115,32,99
1,<environment.Job instance at 0x15005c02ebe0>,0,1,[2 8],1,2,3,1,2
1,<environment.Job instance at 0x15005cc9ff00>,2,1,[ 2 14],3,3,4,0,3
1,<environment.Job instance at 0x15005bfc50a0>,9,3,[2 5],13,100,103,87,100
1,<environment.Job instance at 0x15005bfc1780>,18,1,[1 8],26,113,114,87,113
1,<environment.Job instance at 0x15005bfc1f50>,19,15,[1 6],27,149,164,122,149
1,<environment.Job instance at 0x15005bfc19b0>,20,3,[7 2],28,174,177,146,174
1,<environment.Job instance at 0x15005bfc1f00>,21,2,[1 8],29,181,183,152,181
1,<environment.Job instance at 0x15005bfc1050>,22,3,[1 7],31,241,244,210,241
1,<environment.Job instance at 0x15005bfc1320>,23,13,[ 1 14],32,248,261,216,248
1,<environment.Job instance at 0x15005bfc1be0>,24,27,[1 8],33,269,296,236,269
1,<environment.Job instance at 0x15005bfc1230>,25,3,[1 9],34,300,303,266,300
1,<environment.Job instance at 0x15005bfc1280>,26,2,[7 2],35,306,308,271,306
1,<environment.Job instance at 0x15005bfc5280>,10,1,[8 1],14,336,337,322,336
1,<environment.Job instance at 0x15005bfa9eb0>,28,28,[2 8],39,368,396,329,368
1,<environment.Job instance at 0x15005bfa9960>,29,3,[5 1],43,404,407,361,404
1,<environment.Job instance at 0x15005bfa9190>,27,12,[6 1],36,407,419,371,407
1,<environment.Job instance at 0x15005bfa9b90>,31,3,[ 2 10],46,433,436,387,433
1,<environment.Job instance at 0x15005bfa9910>,30,15,[1 7],45,537,552,492,537
1,<environment.Job instance at 0x15005bfa9aa0>,32,2,[1 9],48,552,554,504,547
1,<environment.Job instance at 0x15005bfa9a00>,33,2,[ 2 10],51,555,557,504,555
1,<environment.Job instance at 0x15005c0f3f50>,34,3,[5 2],52,559,562,507,559
1,<environment.Job instance at 0x15005c0f3dc0>,36,2,[ 2 10],54,609,611,555,609
1,<environment.Job instance at 0x15005c0f3be0>,37,2,[2 9],55,611,613,556,611
1,<environment.Job instance at 0x15005bfc5780>,8,3,[ 2 10],12,618,621,606,618
1,<environment.Job instance at 0x15005c0f3c30>,38,17,[ 2 10],56,671,688,615,671
1,<environment.Job instance at 0x15005c0f3140>,40,2,[9 1],59,1017,1019,958,1017
1,<environment.Job instance at 0x15005c0f3460>,41,3,[5 2],60,1066,1069,1006,1066
1,<environment.Job instance at 0x15005c0f3640>,42,2,[ 1 10],61,1362,1364,1301,1362
1,<environment.Job instance at 0x15005c0f3870>,43,13,[ 2 10],62,1568,1581,1506,1568
1,<environment.Job instance at 0x15005c0f3c80>,44,1,[1 7],63,1839,1840,1776,1839
1,<environment.Job instance at 0x15005c0f3aa0>,45,1,[2 9],64,2138,2139,2074,2138
1,<environment.Job instance at 0x15005c0f31e0>,46,15,[1 7],65,2230,2245,2165,2230
1,<environment.Job instance at 0x15005c0f33c0>,47,3,[ 2 10],67,2266,2269,2199,2266
1,<environment.Job instance at 0x15005c0f3730>,48,14,[10  1],69,2310,2324,2241,2310
1,<environment.Job instance at 0x15004164e960>,8,17,[1 6],11,12,29,1,12
1,<environment.Job instance at 0x15004164eb40>,10,1,[2 6],13,13,14,0,13
1,<environment.Job instance at 0x15004164ef50>,13,1,[9 1],21,21,22,0,21
1,<environment.Job instance at 0x15004164e0a0>,14,12,[1 5],22,22,34,0,22
1,<environment.Job instance at 0x15004164e640>,15,2,[6 2],23,23,25,0,23
1,<environment.Job instance at 0x1500412e82d0>,16,1,[9 1],25,25,26,0,25
1,<environment.Job instance at 0x1500412e86e0>,17,2,[8 1],26,26,28,0,26
1,<environment.Job instance at 0x1500412e80a0>,18,1,[ 1 10],27,29,30,2,27
1,<environment.Job instance at 0x1500412e8aa0>,19,2,[1 5],29,30,32,1,29
1,<environment.Job instance at 0x1500412e8500>,20,3,[1 5],30,30,33,0,30
1,<environment.Job instance at 0x1500412e8be0>,21,2,[10  2],31,32,34,1,31
1,<environment.Job instance at 0x1500412e87d0>,22,3,[2 8],35,35,38,0,35
1,<environment.Job instance at 0x1500412df280>,23,1,[2 6],36,36,37,0,36
1,<environment.Job instance at 0x1500412df4b0>,24,2,[1 6],37,37,39,0,37
1,<environment.Job instance at 0x1500410b0af0>,31,3,[8 1],52,52,55,0,52
1,<environment.Job instance at 0x1500410b0500>,32,1,[7 2],53,53,54,0,53
1,<environment.Job instance at 0x1500410b0050>,33,2,[5 2],54,54,56,0,54
1,<environment.Job instance at 0x1500410b0b40>,34,2,[ 2 12],56,56,58,0,56
1,<environment.Job instance at 0x1500410b0780>,35,14,[6 1],57,58,72,1,58
1,<environment.Job instance at 0x1500410b0410>,37,16,[1 7],59,59,75,0,59
1,<environment.Job instance at 0x150041078c80>,43,3,[ 1 13],66,879,882,813,879
1,<environment.Job instance at 0x15004173b050>,0,1,[2 8],1,3,4,2,3
1,<environment.Job instance at 0x15004173b820>,3,2,[8 2],5,5,7,0,5
1,<environment.Job instance at 0x1500416bc9b0>,5,18,[8 1],7,7,25,0,7
1,<environment.Job instance at 0x150041078c80>,6,1,[5 2],8,8,9,0,8
1,<environment.Job instance at 0x1500416bc2d0>,7,1,[1 8],9,9,10,0,9
1,<environment.Job instance at 0x150041138640>,9,2,[5 2],12,12,14,0,12
1,<environment.Job instance at 0x150040fecf00>,11,2,[5 2],15,15,17,0,15
1,<environment.Job instance at 0x15004175ec30>,12,1,[1 6],17,17,18,0,17
1,<environment.Job instance at 0x15005c20baa0>,27,3,[7 2],38,38,41,0,38
1,<environment.Job instance at 0x15005c20b7d0>,28,21,[7 2],40,40,61,0,40
1,<environment.Job instance at 0x1500416cb960>,35,20,[8 2],52,52,72,0,52
1,<environment.Job instance at 0x150041185410>,38,3,[1 8],58,61,64,3,58
1,<environment.Job instance at 0x1500415d3050>,39,2,[2 7],61,64,66,3,61
1,<environment.Job instance at 0x1500416c2eb0>,40,2,[9 2],62,72,74,10,62
1,<environment.Job instance at 0x150041744be0>,41,3,[5 2],63,63,66,0,63
1,<environment.Job instance at 0x150041171550>,45,1,[1 8],68,100,101,32,100
1,<environment.Job instance at 0x150041191a50>,37,3,[1 9],54,108,111,54,108
1,<environment.Job instance at 0x150040dd0230>,11,2,[1 6],22,22,24,0,22
1,<environment.Job instance at 0x150040dd0320>,12,1,[1 9],23,23,24,0,23
1,<environment.Job instance at 0x150040dd0500>,14,1,[9 2],25,25,26,0,25
1,<environment.Job instance at 0x150040dcddc0>,6,1,[6 2],11,29,30,18,29
1,<environment.Job instance at 0x150040dd0370>,16,2,[1 6],28,30,32,2,30
1,<environment.Job instance at 0x150040dd0910>,17,3,[ 2 10],30,36,39,6,36
1,<environment.Job instance at 0x150040dd0280>,19,3,[9 1],32,36,39,4,36
1,<environment.Job instance at 0x150040dd0a00>,20,16,[9 1],33,39,55,6,36
1,<environment.Job instance at 0x150040dd09b0>,21,1,[6 2],35,39,40,4,36
1,<environment.Job instance at 0x150040dd0b40>,22,3,[2 7],36,40,43,4,38
1,<environment.Job instance at 0x150040dd0e60>,23,14,[7 2],37,55,69,18,40
1,<environment.Job instance at 0x150040dcdbe0>,7,3,[2 7],13,72,75,59,72
1,<environment.Job instance at 0x150040dd2500>,30,3,[5 1],50,88,91,38,88
1,<environment.Job instance at 0x150040dd2a50>,33,1,[2 7],54,92,93,38,92
1,<environment.Job instance at 0x150040dd29b0>,32,2,[5 1],53,92,94,39,92
1,<environment.Job instance at 0x150040dcde60>,8,15,[ 1 11],17,93,108,76,93
1,<environment.Job instance at 0x150040dd2aa0>,35,2,[6 1],56,93,95,37,93
1,<environment.Job instance at 0x150040dd2190>,24,2,[ 1 10],39,108,110,69,93
1,<environment.Job instance at 0x150040dd2d70>,38,2,[5 2],62,94,96,32,93
1,<environment.Job instance at 0x150040dd2e60>,41,1,[7 2],66,95,96,29,93
1,<environment.Job instance at 0x150040dd2dc0>,39,3,[1 7],63,110,113,47,95
1,<environment.Job instance at 0x150040dcdaa0>,5,2,[ 2 12],10,113,115,103,113
1,<environment.Job instance at 0x150040dd2be0>,37,3,[6 2],61,135,138,74,135
1,<environment.Job instance at 0x150040dd2b40>,40,2,[9 2],65,138,140,73,138
1,<environment.Job instance at 0x150040dd2c80>,1,26,[9 1],4,4,30,0,4
1,<environment.Job instance at 0x150040ecc4b0>,33,1,[2 8],50,63,64,13,63
1,<environment.Job instance at 0x150040f6b190>,12,13,[ 2 10],22,84,97,62,84
1,<environment.Job instance at 0x150040eccc30>,40,2,[1 7],61,110,112,49,110
1,<environment.Job instance at 0x150040ecc690>,41,1,[1 5],62,156,157,94,156
1,<environment.Job instance at 0x150040ecce10>,42,18,[8 2],63,159,177,96,159
1,<environment.Job instance at 0x150040eccb40>,43,3,[1 6],64,181,184,117,181
1,<environment.Job instance at 0x150040ecc320>,44,16,[1 5],65,202,218,137,202
1,<environment.Job instance at 0x150040e51460>,27,2,[1 7],42,233,235,191,233
1,<environment.Job instance at 0x150040ecc140>,46,17,[2 9],67,251,268,184,251
1,<environment.Job instance at 0x150040ecc550>,47,15,[7 2],68,286,301,218,286
1,<environment.Job instance at 0x150040ecc8c0>,45,2,[ 1 10],66,415,417,349,415
1,<environment.Job instance at 0x150040ecc7d0>,48,16,[2 8],69,1887,1903,1818,1887
1,<environment.Job instance at 0x1500410317d0>,4,1,[6 2],8,10,11,2,10
1,<environment.Job instance at 0x150041031eb0>,6,1,[6 2],11,11,12,0,11
1,<environment.Job instance at 0x150041031960>,5,2,[2 8],9,13,15,4,13
1,<environment.Job instance at 0x150041031730>,7,1,[2 9],12,15,16,3,13
1,<environment.Job instance at 0x15004140d8c0>,17,1,[7 1],26,26,27,0,26
1,<environment.Job instance at 0x15004140d2d0>,12,1,[2 5],18,26,27,8,26
1,<environment.Job instance at 0x15005c234320>,21,2,[5 2],30,30,32,0,30
1,<environment.Job instance at 0x1500612ef4b0>,1,2,[1 8],2,2,4,0,2
1,<environment.Job instance at 0x15005c19d820>,6,3,[7 1],7,7,10,0,7
1,<environment.Job instance at 0x150040fb1a50>,12,3,[2 8],17,17,20,0,17
1,<environment.Job instance at 0x150040fb1230>,13,3,[1 9],18,20,23,2,18
1,<environment.Job instance at 0x150040fe6dc0>,15,3,[2 9],20,28,31,8,28
1,<environment.Job instance at 0x150040fe6b90>,16,23,[1 6],21,28,51,7,28
1,<environment.Job instance at 0x150040fe6d20>,17,12,[7 1],24,31,43,7,28
1,<environment.Job instance at 0x150040fe6a00>,18,3,[10  1],27,43,46,16,28
1,<environment.Job instance at 0x150040fe6460>,19,3,[6 1],29,31,34,2,29
1,<environment.Job instance at 0x150040fe6500>,20,3,[8 1],30,46,49,16,30
1,<environment.Job instance at 0x150040fe62d0>,21,2,[7 1],32,34,36,2,32
1,<environment.Job instance at 0x150040fb1190>,8,25,[12  1],9,49,74,40,49
1,<environment.Job instance at 0x150040fb1730>,9,1,[ 2 10],10,51,52,41,51
1,<environment.Job instance at 0x150040fd58c0>,33,1,[1 9],52,52,53,0,52
1,<environment.Job instance at 0x150040fd5b90>,35,1,[10  2],55,74,75,19,55
1,<environment.Job instance at 0x150040fd5d20>,36,1,[5 2],56,74,75,18,56
1,<environment.Job instance at 0x150040fd5e60>,38,2,[ 1 10],60,69,71,9,69
1,<environment.Job instance at 0x150040fd5f50>,41,2,[1 6],67,85,87,18,85
1,<environment.Job instance at 0x150040fdd050>,42,3,[1 9],68,85,88,17,85
1,<environment.Job instance at 0x150040fb1280>,10,2,[10  2],12,119,121,107,119
1,<environment.Job instance at 0x150040fb1eb0>,11,3,[7 1],16,121,124,105,120
1,<environment.Job instance at 0x150040fdd730>,1,1,[6 2],2,3,4,1,3
1,<environment.Job instance at 0x15005a5f7280>,4,1,[2 8],9,9,10,0,9
1,<environment.Job instance at 0x1500411fc3c0>,10,27,[1 7],15,16,43,1,16
1,<environment.Job instance at 0x15005a5f99b0>,28,1,[ 1 12],46,53,54,7,53
1,<environment.Job instance at 0x15005a5f9410>,19,2,[2 9],27,922,924,895,922
1,<environment.Job instance at 0x15005c05fc80>,41,28,[5 1],66,2027,2055,1961,2027
1,<environment.Job instance at 0x15005a604aa0>,0,1,[6 2],1,3,4,2,3
1,<environment.Job instance at 0x15005a604640>,2,1,[7 1],4,4,5,0,4
1,<environment.Job instance at 0x15005af3ee60>,5,3,[1 5],7,7,10,0,7
1,<environment.Job instance at 0x15005af3ef50>,6,3,[2 7],8,8,11,0,8
1,<environment.Job instance at 0x15005af19190>,8,2,[2 8],10,10,12,0,10
1,<environment.Job instance at 0x15005af19050>,9,2,[5 1],11,11,13,0,11
1,<environment.Job instance at 0x15005af19690>,10,1,[6 2],16,16,17,0,16
1,<environment.Job instance at 0x15005af19780>,11,1,[1 9],17,17,18,0,17
1,<environment.Job instance at 0x15005af19910>,12,3,[7 1],18,18,21,0,18
1,<environment.Job instance at 0x15005af081e0>,20,16,[1 6],31,37,53,6,37
1,<environment.Job instance at 0x15005af084b0>,24,1,[10  2],37,37,38,0,37
1,<environment.Job instance at 0x15005af08730>,25,2,[7 2],38,38,40,0,38
1,<environment.Job instance at 0x15005af08d70>,34,19,[2 5],50,70,89,20,70
1,<environment.Job instance at 0x15005af314b0>,42,1,[1 6],60,86,87,26,86
1,<environment.Job instance at 0x15005af31140>,44,1,[1 7],62,89,90,27,89
1,<environment.Job instance at 0x15005af317d0>,45,1,[6 2],63,89,90,26,89
1,<environment.Job instance at 0x15005af08140>,21,2,[10  2],33,90,92,57,89
1,<environment.Job instance at 0x15005af318c0>,50,2,[1 9],69,90,92,21,89
1,<environment.Job instance at 0x15005af31af0>,47,16,[ 2 10],65,102,118,37,102
1,<environment.Job instance at 0x15005af19d70>,19,16,[8 1],30,107,123,77,107
1,<environment.Job instance at 0x15005af08370>,22,3,[1 7],34,147,150,113,147
1,<environment.Job instance at 0x15005cf5ed70>,5,1,[5 2],9,9,10,0,9
1,<environment.Job instance at 0x15005c152280>,7,25,[9 1],11,12,37,1,12
1,<environment.Job instance at 0x15005c152910>,8,1,[10  2],13,37,38,24,13
1,<environment.Job instance at 0x1500415c34b0>,9,21,[ 2 10],14,14,35,0,14
1,<environment.Job instance at 0x15005cf3b410>,10,21,[2 5],15,35,56,20,27
1,<environment.Job instance at 0x150041403f50>,25,1,[1 7],33,35,36,2,34
1,<environment.Job instance at 0x150040de1690>,29,1,[2 6],40,43,44,3,43
1,<environment.Job instance at 0x150041142dc0>,43,16,[6 1],57,2015,2031,1958,2015
1,<environment.Job instance at 0x15004127ae60>,3,3,[6 1],4,4,7,0,4
1,<environment.Job instance at 0x15004127a280>,6,1,[5 1],7,8,9,1,8
1,<environment.Job instance at 0x15004127af50>,8,3,[5 2],9,12,15,3,12
1,<environment.Job instance at 0x15004127a910>,11,2,[2 5],12,13,15,1,13
1,<environment.Job instance at 0x150063eb5050>,12,13,[7 2],14,14,27,0,14
1,<environment.Job instance at 0x150063eb5f00>,13,22,[8 1],15,15,37,0,15
1,<environment.Job instance at 0x15004127ad70>,7,17,[1 8],8,76,93,68,76
1,<environment.Job instance at 0x15004127a820>,4,1,[13  1],5,78,79,73,78
1,<environment.Job instance at 0x15005cedbc30>,29,19,[1 5],36,78,97,42,78
1,<environment.Job instance at 0x15005cedb230>,30,1,[8 1],37,79,80,42,78
1,<environment.Job instance at 0x15005cedbb90>,31,1,[5 1],39,79,80,40,78
1,<environment.Job instance at 0x15005cedb960>,25,1,[ 1 14],30,97,98,67,78
1,<environment.Job instance at 0x15005cedb5f0>,33,3,[ 2 14],42,98,101,56,78
1,<environment.Job instance at 0x15005cb75fa0>,35,1,[ 2 10],44,93,94,49,78
1,<environment.Job instance at 0x15005cb755f0>,37,1,[6 1],47,80,81,33,78
1,<environment.Job instance at 0x15005c1da910>,38,2,[6 1],49,80,82,31,78
1,<environment.Job instance at 0x15005c1dadc0>,43,14,[5 2],59,101,115,42,97
1,<environment.Job instance at 0x15005c1dad70>,44,27,[5 1],60,296,323,236,296
1,<environment.Job instance at 0x15005c2270a0>,3,25,[6 1],5,5,30,0,5
1,<environment.Job instance at 0x1500416c20a0>,9,1,[1 9],14,14,15,0,14
1,<environment.Job instance at 0x1500416c2460>,10,1,[8 2],17,17,18,0,17
1,<environment.Job instance at 0x1500416c2730>,11,22,[2 5],19,19,41,0,19
1,<environment.Job instance at 0x1500416c29b0>,14,26,[ 2 13],23,69,95,46,69
1,<environment.Job instance at 0x1500413b4c80>,19,14,[7 1],30,87,101,57,87
1,<environment.Job instance at 0x1500413b4550>,27,2,[2 7],39,101,103,62,101
1,<environment.Job instance at 0x1500413b4230>,28,3,[9 2],41,106,109,65,106
1,<environment.Job instance at 0x1500413b4b40>,29,3,[10  1],42,112,115,70,112
1,<environment.Job instance at 0x1500413b48c0>,18,15,[2 5],29,117,132,88,117
1,<environment.Job instance at 0x1500413b44b0>,30,17,[1 8],48,118,135,70,118
1,<environment.Job instance at 0x1500413b4280>,33,3,[1 9],52,135,138,83,134
1,<environment.Job instance at 0x150041524f50>,36,3,[2 8],58,148,151,90,148
1,<environment.Job instance at 0x150041524910>,35,2,[ 1 11],57,151,153,94,149
1,<environment.Job instance at 0x150041524190>,37,1,[1 8],60,153,154,93,150
1,<environment.Job instance at 0x150041524280>,40,15,[10  1],63,155,170,92,155
1,<environment.Job instance at 0x1500413b4870>,31,2,[8 2],50,174,176,124,174
1,<environment.Job instance at 0x1500415243c0>,41,28,[5 2],64,228,256,164,228
1,<environment.Job instance at 0x150041524820>,42,1,[8 2],65,257,258,192,257
1,<environment.Job instance at 0x1500415241e0>,45,1,[5 1],68,259,260,191,259
1,<environment.Job instance at 0x150041524fa0>,46,2,[2 6],69,260,262,191,260
1,<environment.Job instance at 0x1500413b4fa0>,20,2,[7 1],31,289,291,258,289
1,<environment.Job instance at 0x15005c2129b0>,0,1,[7 2],2,3,4,1,3
1,<environment.Job instance at 0x150040f49eb0>,2,3,[1 7],4,4,7,0,4
1,<environment.Job instance at 0x1500413b4fa0>,3,2,[6 2],6,6,8,0,6
1,<environment.Job instance at 0x150040a76aa0>,9,16,[1 8],12,12,28,0,12
1,<environment.Job instance at 0x150040a76eb0>,10,1,[6 1],13,13,14,0,13
1,<environment.Job instance at 0x150040a76af0>,11,3,[5 2],14,14,17,0,14
1,<environment.Job instance at 0x150040a73500>,18,23,[2 6],24,98,121,74,98
1,<environment.Job instance at 0x150040a6e8c0>,36,2,[9 2],53,124,126,71,124
1,<environment.Job instance at 0x150040a736e0>,19,23,[9 1],26,271,294,245,271
1,<environment.Job instance at 0x150040a6e960>,37,1,[ 2 10],57,332,333,275,332
1,<environment.Job instance at 0x150040a6ea00>,40,3,[1 8],61,392,395,331,392
1,<environment.Job instance at 0x150040a6ecd0>,41,1,[8 1],63,791,792,728,791
1,<environment.Job instance at 0x150040a6ec80>,42,16,[9 1],64,1163,1179,1099,1163
1,<environment.Job instance at 0x150040a6ebe0>,43,12,[7 2],66,1516,1528,1450,1516
1,<environment.Job instance at 0x150040a6ea50>,38,3,[11  1],59,2199,2202,2140,2199
1,<environment.Job instance at 0x150040a6eaa0>,39,13,[ 2 11],60,2210,2223,2150,2210
1,<environment.Job instance at 0x150040a6e4b0>,29,3,[12  1],39,2271,2274,2232,2271
1,<environment.Job instance at 0x150040e07870>,4,1,[ 2 10],7,7,8,0,7
1,<environment.Job instance at 0x150040e07af0>,5,1,[6 2],8,9,10,1,9
1,<environment.Job instance at 0x150040e07b90>,8,2,[5 2],11,11,13,0,11
1,<environment.Job instance at 0x150040e07d70>,9,21,[5 1],12,12,33,0,12
1,<environment.Job instance at 0x150041622eb0>,19,2,[2 7],26,29,31,3,29
1,<environment.Job instance at 0x150041622730>,21,2,[10  2],28,33,35,5,33
1,<environment.Job instance at 0x15005bfd8050>,26,2,[5 2],35,35,37,0,35
1,<environment.Job instance at 0x150041622140>,18,3,[ 2 10],25,35,38,10,35
1,<environment.Job instance at 0x15005bfd85f0>,28,3,[6 1],37,37,40,0,37
1,<environment.Job instance at 0x15005bfd8aa0>,30,1,[7 1],39,39,40,0,39
1,<environment.Job instance at 0x15005bfd85a0>,31,1,[2 6],42,42,43,0,42
1,<environment.Job instance at 0x15005bfd8b40>,32,2,[10  2],43,43,45,0,43
1,<environment.Job instance at 0x15005bfd8550>,33,1,[5 1],44,44,45,0,44
1,<environment.Job instance at 0x15005bfc0b90>,35,1,[6 1],46,46,47,0,46
1,<environment.Job instance at 0x1500416221e0>,20,22,[ 2 10],27,46,68,19,46
1,<environment.Job instance at 0x150041728780>,40,3,[2 6],57,68,71,11,68
1,<environment.Job instance at 0x150041728410>,38,2,[8 2],53,68,70,15,68
1,<environment.Job instance at 0x150041728320>,42,21,[6 1],60,70,91,10,68
1,<environment.Job instance at 0x150041728f50>,45,1,[ 2 10],64,71,72,7,70
1,<environment.Job instance at 0x150041728d70>,46,2,[2 8],65,72,74,7,70
1,<environment.Job instance at 0x150041728fa0>,47,1,[1 7],68,70,71,2,70
1,<environment.Job instance at 0x15005bfd89b0>,25,1,[7 1],34,81,82,47,81
1,<environment.Job instance at 0x150041728eb0>,39,17,[10  1],56,94,111,38,94
1,<environment.Job instance at 0x150040e07370>,6,2,[ 1 12],9,108,110,99,108
1,<environment.Job instance at 0x1500417284b0>,43,3,[ 2 13],62,123,126,61,123
1,<environment.Job instance at 0x1500417288c0>,1,27,[5 2],2,5,32,3,5
1,<environment.Job instance at 0x15005cb28910>,7,1,[8 2],12,12,13,0,12
1,<environment.Job instance at 0x15005cb28b90>,9,2,[8 1],15,15,17,0,15
1,<environment.Job instance at 0x15005cb28640>,10,13,[8 2],16,17,30,1,16
1,<environment.Job instance at 0x15005cb28cd0>,11,1,[7 1],17,30,31,13,17
1,<environment.Job instance at 0x15005cb28e10>,12,1,[2 6],19,19,20,0,19
1,<environment.Job instance at 0x15005cb28f00>,13,3,[1 5],20,20,23,0,20
1,<environment.Job instance at 0x15005cb28e60>,14,3,[8 2],23,31,34,8,23
1,<environment.Job instance at 0x15005cb25230>,15,1,[1 7],24,24,25,0,24
1,<environment.Job instance at 0x15005cb254b0>,17,2,[7 1],26,32,34,6,26
1,<environment.Job instance at 0x15005cb255f0>,18,28,[1 6],27,34,62,7,33
1,<environment.Job instance at 0x15005cb25320>,20,21,[9 1],31,36,57,5,36
1,<environment.Job instance at 0x15005cb2a1e0>,29,1,[1 9],43,57,58,14,43
1,<environment.Job instance at 0x15005cb25280>,19,1,[1 7],30,53,54,23,53
1,<environment.Job instance at 0x15005cb2ac30>,37,1,[9 2],54,58,59,4,54
1,<environment.Job instance at 0x15005cb2ad70>,38,1,[2 8],55,55,56,0,55
1,<environment.Job instance at 0x15005cb2aeb0>,39,1,[5 1],56,56,57,0,56
1,<environment.Job instance at 0x15005cb2a780>,36,15,[6 1],53,59,74,6,58
1,<environment.Job instance at 0x15005cb2adc0>,40,1,[8 1],58,59,60,1,58
1,<environment.Job instance at 0x15005cb2a7d0>,33,20,[ 2 11],48,62,82,14,58
1,<environment.Job instance at 0x15005cb200a0>,41,1,[1 8],60,60,61,0,60
1,<environment.Job instance at 0x15005cb203c0>,42,1,[2 9],61,82,83,21,61
1,<environment.Job instance at 0x15005cb20550>,43,3,[1 9],62,83,86,21,62
1,<environment.Job instance at 0x15005cb2a5f0>,35,3,[ 2 10],51,86,89,35,85
1,<environment.Job instance at 0x15005cb25640>,21,16,[1 6],32,89,105,57,86
1,<environment.Job instance at 0x15005cafe2d0>,1,1,[1 6],2,3,4,1,3
1,<environment.Job instance at 0x1500410bc820>,7,26,[8 1],8,8,34,0,8
1,<environment.Job instance at 0x15004166bd20>,10,27,[6 1],11,12,39,1,12
1,<environment.Job instance at 0x150063379050>,21,28,[14  1],28,96,124,68,96
1,<environment.Job instance at 0x15005cc4aaa0>,32,1,[1 5],41,171,172,130,171
1,<environment.Job instance at 0x150040c8b140>,16,3,[7 2],18,172,175,154,172
1,<environment.Job instance at 0x150061d88780>,35,17,[5 2],44,175,192,131,175
1,<environment.Job instance at 0x1500411cff50>,36,2,[2 6],46,177,179,131,177
1,<environment.Job instance at 0x1500416b4c80>,37,1,[ 1 10],47,179,180,132,177
1,<environment.Job instance at 0x1500415041e0>,28,2,[11  2],36,192,194,156,180
1,<environment.Job instance at 0x15005c2b3050>,39,2,[2 6],49,180,182,131,180
1,<environment.Job instance at 0x150040b9ae60>,42,2,[8 2],53,180,182,127,180
1,<environment.Job instance at 0x150040a97140>,43,2,[12  1],55,194,196,139,180
1,<environment.Job instance at 0x15005cf08aa0>,48,15,[2 5],60,183,198,123,183
1,<environment.Job instance at 0x15005cf08870>,49,3,[1 6],61,183,186,122,183
1,<environment.Job instance at 0x15005cf088c0>,50,2,[1 8],63,186,188,123,183
1,<environment.Job instance at 0x15005cf883c0>,51,17,[7 1],64,196,213,132,184
1,<environment.Job instance at 0x15005cf88410>,52,16,[8 2],65,198,214,133,186
1,<environment.Job instance at 0x15005cf88280>,53,3,[1 5],68,188,191,120,186
1,<environment.Job instance at 0x15005cf88640>,54,1,[10  1],69,214,215,145,186
1,<environment.Job instance at 0x1500411cf870>,38,1,[2 7],48,213,214,165,213
1,<environment.Job instance at 0x150040e226e0>,18,1,[1 8],22,230,231,208,230
1,<environment.Job instance at 0x15005c135aa0>,33,2,[9 1],42,266,268,224,266
1,<environment.Job instance at 0x15006333b690>,16,1,[5 1],22,26,27,4,26
1,<environment.Job instance at 0x15006333b5a0>,18,2,[1 7],24,27,29,3,27
1,<environment.Job instance at 0x15006333bcd0>,19,1,[6 2],27,27,28,0,27
1,<environment.Job instance at 0x15006333bb40>,20,3,[5 2],28,28,31,0,28
1,<environment.Job instance at 0x150041655f50>,22,3,[2 7],30,30,33,0,30
1,<environment.Job instance at 0x150041655280>,23,2,[8 2],32,32,34,0,32
1,<environment.Job instance at 0x1500416550a0>,25,1,[5 2],39,52,53,13,52
1,<environment.Job instance at 0x150041655b90>,27,1,[7 2],42,61,62,19,61
1,<environment.Job instance at 0x15005cf5c320>,28,1,[2 8],43,61,62,18,61
1,<environment.Job instance at 0x15005cf5cd20>,31,2,[7 1],47,62,64,15,61
1,<environment.Job instance at 0x15005cf5caa0>,32,1,[ 1 10],48,62,63,14,61
1,<environment.Job instance at 0x15005cf5c500>,33,26,[2 5],49,63,89,14,61
1,<environment.Job instance at 0x15006333beb0>,14,3,[9 1],20,87,90,67,87
1,<environment.Job instance at 0x150061cd7e10>,44,3,[10  1],68,90,93,22,90
1,<environment.Job instance at 0x150040f4bc30>,45,2,[ 2 13],69,96,98,27,96
1,<environment.Job instance at 0x15006333ba00>,12,1,[ 2 13],18,101,102,83,101
1,<environment.Job instance at 0x15006333b280>,15,16,[2 5],21,108,124,87,108
1,<environment.Job instance at 0x15006333b410>,13,2,[2 5],19,151,153,132,151
1,<environment.Job instance at 0x150058026d20>,1,28,[2 5],3,3,31,0,3
1,<environment.Job instance at 0x1500414745f0>,7,1,[1 5],10,24,25,14,24
1,<environment.Job instance at 0x150041498dc0>,13,2,[2 6],20,39,41,19,39
1,<environment.Job instance at 0x150040a4e500>,23,25,[9 1],33,39,64,6,39
1,<environment.Job instance at 0x150040a4e0a0>,24,3,[2 7],34,62,65,28,62
1,<environment.Job instance at 0x150041474e60>,8,2,[2 8],11,64,66,53,62
1,<environment.Job instance at 0x15004108d140>,36,1,[7 2],51,70,71,19,70
1,<environment.Job instance at 0x15004108daf0>,38,15,[6 1],53,72,87,19,72
1,<environment.Job instance at 0x15004108d870>,37,3,[9 1],52,77,80,25,77
1,<environment.Job instance at 0x1500415f8be0>,40,2,[1 5],56,80,82,24,79
1,<environment.Job instance at 0x1500415f8410>,41,3,[2 8],57,80,83,23,79
1,<environment.Job instance at 0x1500415f8f00>,42,17,[10  1],58,87,104,29,80
1,<environment.Job instance at 0x1500415f8910>,43,26,[5 2],59,82,108,23,80
1,<environment.Job instance at 0x1500415f8eb0>,44,1,[8 2],60,104,105,44,80
1,<environment.Job instance at 0x1500415f8050>,45,2,[2 6],61,104,106,43,97
1,<environment.Job instance at 0x1500415f8960>,46,3,[1 9],62,106,109,44,101
1,<environment.Job instance at 0x1500415f8c80>,47,2,[1 7],64,109,111,45,104
1,<environment.Job instance at 0x1500415f8c30>,48,3,[2 9],65,111,114,46,107
1,<environment.Job instance at 0x15004108dc80>,39,1,[2 5],54,115,116,61,115
1,<environment.Job instance at 0x1500415f8af0>,49,2,[6 1],66,117,119,51,117
1,<environment.Job instance at 0x1500415f8d20>,51,16,[2 6],68,124,140,56,124
1,<environment.Job instance at 0x150041474550>,9,24,[2 9],12,199,223,187,199
1,<environment.Job instance at 0x1500415f8190>,50,1,[5 1],67,212,213,145,212
1,<environment.Job instance at 0x15004108d320>,35,2,[ 1 14],50,438,440,388,438
1,<environment.Job instance at 0x1474d3094a50>,2,1,[2 5],3,3,4,0,3
1,<environment.Job instance at 0x1474c942fa50>,3,1,[6 2],4,4,5,0,4
1,<environment.Job instance at 0x1474c942fcd0>,9,2,[6 1],11,11,13,0,11
1,<environment.Job instance at 0x1474c94325f0>,13,2,[8 1],17,17,19,0,17
1,<environment.Job instance at 0x1474cbcf6550>,14,2,[ 1 10],18,18,20,0,18
1,<environment.Job instance at 0x1474cb278550>,15,1,[ 1 10],20,20,21,0,20
1,<environment.Job instance at 0x1474c9425c30>,16,1,[2 5],21,21,22,0,21
1,<environment.Job instance at 0x1474c94251e0>,20,2,[ 1 13],27,27,29,0,27
1,<environment.Job instance at 0x1474c94253c0>,22,1,[2 7],30,30,31,0,30
1,<environment.Job instance at 0x1474c992ad70>,35,2,[1 8],45,45,47,0,45
1,<environment.Job instance at 0x1474d0d42e10>,37,2,[ 1 10],50,50,52,0,50
1,<environment.Job instance at 0x1474c9660320>,38,1,[8 1],51,51,52,0,51
1,<environment.Job instance at 0x1474c99283c0>,39,3,[1 5],52,52,55,0,52
1,<environment.Job instance at 0x1474cb2c1370>,41,25,[12  2],54,55,80,1,55
1,<environment.Job instance at 0x1474c966e4b0>,42,1,[10  1],56,80,81,24,56
1,<environment.Job instance at 0x1474c9683a50>,47,1,[1 6],63,63,64,0,63
1,<environment.Job instance at 0x1474c96803c0>,54,2,[2 5],75,75,77,0,75
1,<environment.Job instance at 0x1474c99203c0>,34,15,[11  1],44,85,100,41,85
1,<environment.Job instance at 0x1474d30360f0>,33,1,[2 7],43,125,126,82,125
1,<environment.Job instance at 0x1474d30360f0>,1,1,[1 9],5,5,6,0,5
1,<environment.Job instance at 0x1474d0d35050>,10,3,[1 9],15,15,18,0,15
1,<environment.Job instance at 0x1474c9f95870>,11,1,[2 5],16,16,17,0,16
1,<environment.Job instance at 0x1474c9f95780>,12,2,[ 2 10],17,18,20,1,17
1,<environment.Job instance at 0x1474cb0ed140>,30,1,[1 5],43,58,59,15,58
1,<environment.Job instance at 0x1474cb0f8f00>,32,1,[2 7],47,59,60,12,59
1,<environment.Job instance at 0x1474cb0f8fa0>,33,1,[2 5],48,61,62,13,61
1,<environment.Job instance at 0x1474c9f95f00>,17,1,[1 6],27,85,86,58,85
1,<environment.Job instance at 0x1474c9f95c80>,16,3,[6 2],26,85,88,59,85
1,<environment.Job instance at 0x1474cb0f8870>,37,3,[2 8],52,86,89,34,86
1,<environment.Job instance at 0x1474cb0f8820>,38,12,[9 2],54,88,100,34,87
1,<environment.Job instance at 0x1474cb0f8730>,39,15,[10  2],55,100,115,45,89
1,<environment.Job instance at 0x1474cb0f8780>,40,13,[ 1 10],56,90,103,34,90
1,<environment.Job instance at 0x1474cb0f8c80>,41,16,[8 1],57,115,131,58,104
1,<environment.Job instance at 0x1474cb0f8140>,42,17,[1 9],59,104,121,45,104
1,<environment.Job instance at 0x1474cb144eb0>,43,13,[2 9],60,121,134,61,107
1,<environment.Job instance at 0x1474cb144410>,44,1,[2 8],61,134,135,73,117
1,<environment.Job instance at 0x1474cb144e10>,45,1,[ 2 10],62,135,136,73,117
1,<environment.Job instance at 0x1474cb0f83c0>,36,1,[5 1],51,118,119,67,118
1,<environment.Job instance at 0x1474cb144050>,46,1,[ 2 14],63,136,137,73,122
1,<environment.Job instance at 0x1474cb1443c0>,48,15,[5 1],65,122,137,57,122
1,<environment.Job instance at 0x1474cb144d70>,49,18,[1 8],66,137,155,71,128
1,<environment.Job instance at 0x1474cb144c30>,50,2,[ 1 10],70,155,157,85,128
1,<environment.Job instance at 0x1474cb144230>,51,3,[11  2],71,137,140,66,132
1,<environment.Job instance at 0x1474cb144640>,52,3,[ 2 10],72,157,160,85,136
1,<environment.Job instance at 0x1474cb144cd0>,53,3,[2 5],73,145,148,72,145
1,<environment.Job instance at 0x1474cb1440f0>,54,1,[8 1],74,146,147,72,146
1,<environment.Job instance at 0x1474cb144550>,55,3,[5 2],76,147,150,71,147
1,<environment.Job instance at 0x1474cb144780>,56,15,[9 2],77,150,165,73,150
1,<environment.Job instance at 0x1474cb144960>,57,18,[2 6],78,160,178,82,154
1,<environment.Job instance at 0x1474cb144320>,58,1,[1 6],79,160,161,81,157
1,<environment.Job instance at 0x1474cb144dc0>,47,1,[8 2],64,165,166,101,164
1,<environment.Job instance at 0x1474cb0f8c30>,35,2,[14  1],50,226,228,176,226
1,<environment.Job instance at 0x1474d0d353c0>,9,1,[13  1],14,228,229,214,226
1,<environment.Job instance at 0x1474c9f95cd0>,15,2,[6 2],23,242,244,219,242
1,<environment.Job instance at 0x1474cbc4bb90>,4,3,[7 2],8,447,450,439,447
1,<environment.Job instance at 0x1474cb06f320>,8,27,[1 8],13,475,502,462,475
1,<environment.Job instance at 0x1474cb0cc550>,6,3,[1 7],11,841,844,830,841
1,<environment.Job instance at 0x1474cb06f280>,9,3,[1 9],14,877,880,863,877
1,<environment.Job instance at 0x1474cb06f0f0>,11,12,[6 1],16,880,892,864,880
1,<environment.Job instance at 0x1474cb06f500>,12,28,[2 8],19,1011,1039,992,1011
1,<environment.Job instance at 0x1474cb06f5f0>,13,3,[5 1],23,2051,2054,2028,2051
1,<environment.Job instance at 0x1474cb06fcd0>,15,3,[ 2 10],26,2322,2325,2296,2322
1,<environment.Job instance at 0x1474cb06f640>,16,2,[1 9],28,2621,2623,2593,2621
1,<environment.Job instance at 0x1474cb06ff00>,17,2,[ 2 10],31,2713,2715,2682,2713
1,<environment.Job instance at 0x1474cb06faa0>,18,3,[5 2],32,2749,2752,2717,2749
1,<environment.Job instance at 0x1474c01a6cd0>,2,1,[2 6],6,7,8,1,7
1,<environment.Job instance at 0x1474c0685f00>,8,2,[2 5],18,18,20,0,18
1,<environment.Job instance at 0x1474c0685960>,14,14,[6 1],27,83,97,56,83
1,<environment.Job instance at 0x1474c06854b0>,15,15,[2 8],28,97,112,69,97
1,<environment.Job instance at 0x1474c0685c80>,19,1,[1 5],33,98,99,65,98
1,<environment.Job instance at 0x1474c06852d0>,20,16,[1 7],34,141,157,107,141
1,<environment.Job instance at 0x1474c0685e10>,21,3,[ 2 10],35,157,160,122,143
1,<environment.Job instance at 0x1474c0685050>,22,3,[ 1 13],36,160,163,124,154
1,<environment.Job instance at 0x1474c0685640>,23,3,[1 5],39,154,157,115,154
1,<environment.Job instance at 0x1474c06857d0>,24,21,[ 2 13],40,163,184,123,156
1,<environment.Job instance at 0x1474c06851e0>,25,1,[2 8],41,184,185,143,156
1,<environment.Job instance at 0x1474c03f6910>,26,1,[7 1],42,161,162,119,161
1,<environment.Job instance at 0x1474c03f65f0>,27,18,[5 2],43,163,181,120,163
1,<environment.Job instance at 0x1474c03f6c80>,28,2,[8 2],45,181,183,136,164
1,<environment.Job instance at 0x1474c03f6fa0>,29,3,[1 7],46,184,187,138,171
1,<environment.Job instance at 0x1474c03f6370>,30,18,[8 1],47,185,203,138,175
1,<environment.Job instance at 0x1474c03f64b0>,31,1,[5 2],48,183,184,135,177
1,<environment.Job instance at 0x1474c03f6640>,32,1,[1 8],49,187,188,138,177
1,<environment.Job instance at 0x1474c03f6a50>,33,3,[1 7],50,199,202,149,199
1,<environment.Job instance at 0x1474c03f6f00>,34,2,[5 2],52,200,202,148,200
1,<environment.Job instance at 0x1474c0685a00>,16,16,[1 7],29,203,219,174,203
1,<environment.Job instance at 0x1474c03f6b40>,36,2,[5 2],55,208,210,153,208
1,<environment.Job instance at 0x1474c03f6d20>,35,2,[1 7],54,223,225,169,223
1,<environment.Job instance at 0x1474c03f6050>,38,12,[7 1],58,227,239,169,227
1,<environment.Job instance at 0x1474c03f63c0>,39,2,[10  1],59,239,241,180,229
1,<environment.Job instance at 0x1474c03f60f0>,40,3,[2 7],60,251,254,191,251
1,<environment.Job instance at 0x1474c03f6cd0>,41,17,[7 1],62,253,270,191,253
1,<environment.Job instance at 0x1474c03f6870>,42,1,[2 5],64,256,257,192,256
1,<environment.Job instance at 0x1474c03f62d0>,37,1,[1 6],57,264,265,207,264
1,<environment.Job instance at 0x1474c03f6e10>,43,3,[1 8],65,264,267,199,264
1,<environment.Job instance at 0x1474c03e5910>,45,2,[7 2],69,266,268,197,266
1,<environment.Job instance at 0x1474c03e5320>,46,3,[ 2 10],71,281,284,210,281
1,<environment.Job instance at 0x1474c02feeb0>,47,14,[8 2],72,281,295,209,281
1,<environment.Job instance at 0x1474c03e5cd0>,48,2,[2 5],74,284,286,210,282
1,<environment.Job instance at 0x1474c02fe370>,49,1,[ 2 10],75,286,287,211,283
1,<environment.Job instance at 0x1474c02fe500>,50,14,[8 1],76,295,309,219,286
1,<environment.Job instance at 0x1474c02fe550>,51,2,[ 1 10],77,287,289,210,286
1,<environment.Job instance at 0x1474c02fe2d0>,52,3,[7 2],78,290,293,212,290
1,<environment.Job instance at 0x1474c03f6e60>,44,12,[7 2],67,539,551,472,539
1,<environment.Job instance at 0x1474c0036fa0>,2,1,[6 1],3,3,4,0,3
1,<environment.Job instance at 0x1474c0778b40>,6,20,[8 2],12,12,32,0,12
1,<environment.Job instance at 0x1474c06b9050>,16,1,[1 8],28,51,52,23,51
1,<environment.Job instance at 0x1474cb267870>,22,17,[10  1],38,51,68,13,51
1,<environment.Job instance at 0x1474c06e2960>,34,2,[1 6],58,112,114,54,112
1,<environment.Job instance at 0x1474c06bd820>,42,2,[ 1 10],69,114,116,45,112
1,<environment.Job instance at 0x1474c01cfe60>,46,18,[6 2],76,115,133,39,115
1,<environment.Job instance at 0x1474c06bdeb0>,43,3,[10  2],70,133,136,63,118
1,<environment.Job instance at 0x1474c06ac1e0>,23,2,[ 2 12],40,1821,1823,1781,1821
1,<environment.Job instance at 0x14749fde3960>,15,26,[9 1],24,25,51,1,25
1,<environment.Job instance at 0x14749fde3e60>,20,3,[8 1],29,51,54,22,29
1,<environment.Job instance at 0x14749fde61e0>,21,3,[8 1],33,54,57,21,33
1,<environment.Job instance at 0x14749fde6370>,22,1,[10  1],34,57,58,23,34
1,<environment.Job instance at 0x14749fde64b0>,23,27,[1 7],35,35,62,0,35
1,<environment.Job instance at 0x14749fde69b0>,27,1,[2 6],43,43,44,0,43
1,<environment.Job instance at 0x14749fde6af0>,28,2,[1 5],45,45,47,0,45
1,<environment.Job instance at 0x14749fde6be0>,29,2,[8 1],46,58,60,12,46
1,<environment.Job instance at 0x14749fde6eb0>,31,1,[5 1],49,49,50,0,49
1,<environment.Job instance at 0x14749fde6730>,32,3,[1 5],50,50,53,0,50
1,<environment.Job instance at 0x14749fde6e10>,33,2,[1 9],51,62,64,11,51
1,<environment.Job instance at 0x14749fde82d0>,34,3,[2 8],52,64,67,12,52
1,<environment.Job instance at 0x14749fde8410>,35,1,[1 8],55,60,61,5,55
1,<environment.Job instance at 0x14749fde87d0>,38,2,[8 2],58,61,63,3,59
1,<environment.Job instance at 0x14749fed7730>,2,18,[8 2],3,3,21,0,3
1,<environment.Job instance at 0x14749ff7d6e0>,12,2,[2 8],13,13,15,0,13
1,<environment.Job instance at 0x14749ff7d9b0>,9,3,[6 1],10,15,18,5,14
1,<environment.Job instance at 0x14749ff7d410>,13,3,[5 2],16,18,21,2,16
1,<environment.Job instance at 0x14749ff7d280>,14,1,[6 2],18,21,22,3,18
1,<environment.Job instance at 0x14749ff7d370>,15,2,[2 8],19,19,21,0,19
1,<environment.Job instance at 0x14749ff7daa0>,16,1,[6 2],21,22,23,1,22
1,<environment.Job instance at 0x14749ff3e0a0>,17,1,[2 9],22,23,24,1,23
1,<environment.Job instance at 0x14749ff3edc0>,19,2,[10  1],24,24,26,0,24
1,<environment.Job instance at 0x14749ff3ee10>,20,2,[2 7],26,26,28,0,26
1,<environment.Job instance at 0x14749ff3e9b0>,18,27,[ 2 10],23,28,55,5,26
1,<environment.Job instance at 0x14749ff3e780>,21,1,[5 2],27,28,29,1,28
1,<environment.Job instance at 0x14749ff3e410>,23,2,[ 1 10],30,55,57,25,30
1,<environment.Job instance at 0x14749ff26b40>,36,17,[9 2],48,50,67,2,50
1,<environment.Job instance at 0x14749ff26870>,37,1,[6 2],49,68,69,19,68
1,<environment.Job instance at 0x14749ff7d4b0>,10,2,[1 8],11,76,78,65,76
1,<environment.Job instance at 0x14749ff26af0>,41,2,[1 5],53,83,85,30,83
1,<environment.Job instance at 0x14749ff26410>,42,1,[1 9],55,83,84,28,83
1,<environment.Job instance at 0x14749feeb3c0>,43,1,[2 5],56,84,85,28,83
1,<environment.Job instance at 0x14749feeb320>,45,1,[2 6],58,152,153,94,152
1,<environment.Job instance at 0x14749feeb0a0>,46,1,[2 8],60,152,153,92,152
1,<environment.Job instance at 0x14749feeba00>,47,1,[2 6],61,153,154,92,152
1,<environment.Job instance at 0x14749feebf00>,48,3,[1 7],63,153,156,90,152
1,<environment.Job instance at 0x14749ff261e0>,39,1,[1 7],51,234,235,183,234
1,<environment.Job instance at 0x14749feeb730>,52,3,[5 1],67,240,243,173,240
1,<environment.Job instance at 0x14749feeb690>,53,1,[10  1],68,240,241,172,240
1,<environment.Job instance at 0x14749feebdc0>,54,1,[1 8],69,241,242,172,240
1,<environment.Job instance at 0x14749feebc30>,55,12,[9 2],70,242,254,172,242
1,<environment.Job instance at 0x14749feebc80>,56,2,[2 6],71,243,245,172,242
1,<environment.Job instance at 0x14749feebd70>,57,3,[9 2],72,254,257,182,242
1,<environment.Job instance at 0x14749feebb90>,58,2,[10  2],73,257,259,184,242
1,<environment.Job instance at 0x14749feebeb0>,50,14,[1 6],65,277,291,212,277
1,<environment.Job instance at 0x14749ff7d730>,11,3,[2 8],12,352,355,340,352
1,<environment.Job instance at 0x14749ff6cd20>,61,2,[1 6],77,365,367,288,365
1,<environment.Job instance at 0x14749ff269b0>,35,13,[12  2],47,408,421,361,408
1,<environment.Job instance at 0x1474cabde0f0>,8,25,[12  1],9,9,34,0,9
1,<environment.Job instance at 0x1474cabde8c0>,9,1,[ 2 10],10,10,11,0,10
1,<environment.Job instance at 0x1474cb2edb40>,17,12,[7 1],24,34,46,10,24
1,<environment.Job instance at 0x1474cb2edf50>,19,3,[6 1],29,34,37,5,29
1,<environment.Job instance at 0x1474cb2ed9b0>,20,3,[8 1],30,37,40,7,30
1,<environment.Job instance at 0x1474cb2ed8c0>,21,2,[7 1],32,40,42,8,32
1,<environment.Job instance at 0x1474d0d72910>,23,1,[7 1],36,42,43,6,36
1,<environment.Job instance at 0x1474d0d72690>,24,2,[5 1],37,43,45,6,37
1,<environment.Job instance at 0x1474cb1d2280>,36,1,[5 2],56,58,59,2,58
1,<environment.Job instance at 0x1474cb1d2780>,37,26,[2 8],58,58,84,0,58
1,<environment.Job instance at 0x1474c01959b0>,44,1,[6 2],72,78,79,6,78
1,<environment.Job instance at 0x1474c0195960>,47,1,[2 8],79,84,85,5,81
1,<environment.Job instance at 0x1474cb1d2500>,29,3,[8 1],43,91,94,48,91
1,<environment.Job instance at 0x1474cb1d23c0>,33,1,[1 9],52,119,120,67,119
1,<environment.Job instance at 0x1474cb1d20a0>,28,13,[7 2],42,119,132,77,119
1,<environment.Job instance at 0x1474c028c5a0>,4,27,[1 7],5,5,32,0,5
1,<environment.Job instance at 0x1474c028c4b0>,5,21,[1 8],6,6,27,0,6
1,<environment.Job instance at 0x1474c02a1a00>,22,1,[ 1 12],36,36,37,0,36
1,<environment.Job instance at 0x1474c02a1cd0>,24,1,[8 1],39,39,40,0,39
1,<environment.Job instance at 0x1474c027da50>,35,28,[5 1],56,60,88,4,60
1,<environment.Job instance at 0x1474c0289230>,45,3,[1 5],67,67,70,0,67
1,<environment.Job instance at 0x1474c0289730>,46,3,[2 7],68,68,71,0,68
1,<environment.Job instance at 0x14749fed7b40>,47,13,[2 5],69,70,83,1,69
1,<environment.Job instance at 0x14749fcd1500>,48,2,[2 8],70,71,73,1,70
1,<environment.Job instance at 0x14749fcd1190>,49,2,[5 1],71,71,73,0,71
1,<environment.Job instance at 0x14749fcd10f0>,50,1,[6 2],76,76,77,0,76
1,<environment.Job instance at 0x1474c03a8870>,51,1,[1 9],77,77,78,0,77
1,<environment.Job instance at 0x14749fcf7500>,52,3,[7 1],78,78,81,0,78
1,<environment.Job instance at 0x1474c067ee10>,53,3,[7 2],79,81,84,2,79
1,<environment.Job instance at 0x1474c027d7d0>,36,13,[8 2],57,92,105,35,92
1,<environment.Job instance at 0x1474c0289140>,44,3,[ 1 10],66,95,98,29,95
1,<environment.Job instance at 0x1474c027d2d0>,29,13,[13  2],47,150,163,103,150
1,<environment.Job instance at 0x1474c027d9b0>,37,18,[5 1],58,175,193,117,175
1,<environment.Job instance at 0x14749fcccdc0>,2,1,[9 1],5,5,6,0,5
1,<environment.Job instance at 0x14749fccc1e0>,3,17,[2 8],6,10,27,4,10
1,<environment.Job instance at 0x14749fccc5a0>,6,16,[1 6],11,11,27,0,11
1,<environment.Job instance at 0x14749fccccd0>,7,2,[10  2],13,27,29,14,13
1,<environment.Job instance at 0x14749ffc7b40>,8,3,[1 7],14,27,30,13,14
1,<environment.Job instance at 0x14749ffc78c0>,10,1,[10  2],17,29,30,12,17
1,<environment.Job instance at 0x14749ffc7870>,11,2,[7 2],18,30,32,12,18
1,<environment.Job instance at 0x14749ffc7a00>,12,16,[1 9],19,30,46,11,19
1,<environment.Job instance at 0x14749ffc77d0>,13,3,[1 5],20,27,30,7,20
1,<environment.Job instance at 0x14749ffc7aa0>,18,12,[1 7],27,46,58,19,29
1,<environment.Job instance at 0x14749ffc76e0>,20,19,[2 5],30,32,51,2,30
1,<environment.Job instance at 0x1474c0066460>,30,1,[1 7],42,51,52,9,47
1,<environment.Job instance at 0x1474c0066aa0>,31,1,[6 2],43,47,48,4,47
1,<environment.Job instance at 0x14749fcd1050>,36,2,[1 9],49,58,60,9,53
1,<environment.Job instance at 0x14749fcd1780>,37,2,[7 2],50,53,55,3,53
1,<environment.Job instance at 0x1474c0690910>,38,3,[5 2],52,53,56,1,53
1,<environment.Job instance at 0x1474c0251370>,41,1,[1 5],56,64,65,8,64
1,<environment.Job instance at 0x1474c0251410>,42,1,[10  1],58,64,65,6,64
1,<environment.Job instance at 0x1474c05accd0>,43,1,[5 2],59,65,66,6,64
1,<environment.Job instance at 0x1474c05acc30>,45,25,[9 1],61,78,103,17,78
1,<environment.Job instance at 0x1474c05aca00>,46,1,[10  2],63,103,104,40,78
1,<environment.Job instance at 0x1474c05ace60>,47,21,[ 2 10],64,78,99,14,78
1,<environment.Job instance at 0x1474c05ac870>,48,21,[2 5],65,99,120,34,91
1,<environment.Job instance at 0x1474c05acb40>,49,15,[5 2],66,104,119,38,91
1,<environment.Job instance at 0x1474c05acaf0>,53,2,[2 9],71,99,101,28,91
1,<environment.Job instance at 0x1474c05ac9b0>,54,2,[1 5],72,101,103,29,91
1,<environment.Job instance at 0x1474c068dd20>,55,16,[1 8],73,103,119,30,91
1,<environment.Job instance at 0x1474c0066910>,25,1,[6 1],36,119,120,83,98
1,<environment.Job instance at 0x1474c068d3c0>,56,14,[2 6],75,119,133,44,104
1,<environment.Job instance at 0x1474c0066a50>,26,12,[ 1 10],37,133,145,96,123
1,<environment.Job instance at 0x1474c03b5230>,2,1,[1 7],3,3,4,0,3
1,<environment.Job instance at 0x1474cb1d45a0>,4,1,[6 2],7,7,8,0,7
1,<environment.Job instance at 0x1474cb1d4640>,5,1,[5 1],8,8,9,0,8
1,<environment.Job instance at 0x1474cb1d4780>,6,1,[2 6],10,10,11,0,10
1,<environment.Job instance at 0x1474cb1d4c80>,9,13,[6 1],14,20,33,6,20
1,<environment.Job instance at 0x1474cb208500>,16,1,[8 2],23,23,24,0,23
1,<environment.Job instance at 0x1474cb208780>,19,13,[2 8],26,83,96,57,83
1,<environment.Job instance at 0x1474cb208e60>,29,2,[ 1 10],38,96,98,58,92
1,<environment.Job instance at 0x1474cb2083c0>,15,17,[12  1],20,98,115,78,98
1,<environment.Job instance at 0x1474cb208f50>,31,1,[5 1],40,115,116,75,103
1,<environment.Job instance at 0x1474cb1f2460>,38,1,[5 1],47,117,118,70,117
1,<environment.Job instance at 0x1474cb208820>,20,16,[6 1],27,164,180,137,164
1,<environment.Job instance at 0x1474cb1f28c0>,45,22,[8 1],55,175,197,120,175
1,<environment.Job instance at 0x1474cb208f00>,30,13,[10  1],39,315,328,276,315
1,<environment.Job instance at 0x1474cb203230>,56,22,[2 6],69,321,343,252,321
1,<environment.Job instance at 0x1474cb1f2820>,46,15,[ 2 10],56,368,383,312,368
1,<environment.Job instance at 0x1474cb203550>,60,2,[9 1],74,383,385,309,383
1,<environment.Job instance at 0x1474cb203460>,57,1,[ 1 14],70,392,393,322,392
1,<environment.Job instance at 0x1474cb1f2320>,36,1,[13  1],45,416,417,371,416
1,<environment.Job instance at 0x1474cb2037d0>,63,1,[5 1],79,421,422,342,421
1,<environment.Job instance at 0x1474c06d9410>,0,3,[ 2 14],2,221,224,219,221
1,<environment.Job instance at 0x1474cbf46550>,8,2,[7 2],15,224,226,209,221
1,<environment.Job instance at 0x1474cbf46a50>,9,1,[1 5],17,224,225,207,221
1,<environment.Job instance at 0x1474c01dc820>,11,27,[5 1],20,225,252,205,225
1,<environment.Job instance at 0x1474c01dc460>,13,2,[1 9],22,260,262,238,260
1,<environment.Job instance at 0x1474c01dcb90>,15,1,[1 8],24,262,263,238,262
1,<environment.Job instance at 0x1474cd258d20>,16,1,[2 9],26,263,264,237,262
1,<environment.Job instance at 0x1474cd258500>,17,2,[10  2],27,262,264,235,262
1,<environment.Job instance at 0x1474c011aeb0>,18,1,[6 1],30,264,265,234,262
1,<environment.Job instance at 0x1474c011af00>,19,1,[7 2],32,264,265,232,262
1,<environment.Job instance at 0x1474cbfaf960>,20,2,[2 7],33,264,266,231,262
1,<environment.Job instance at 0x1474d0cfbe10>,21,3,[2 5],34,265,268,231,262
1,<environment.Job instance at 0x1474ceecd190>,22,25,[6 1],35,265,290,230,262
1,<environment.Job instance at 0x1474c064dfa0>,4,1,[6 1],7,284,285,277,284
1,<environment.Job instance at 0x1474c015f500>,3,2,[7 2],6,333,335,327,333
1,<environment.Job instance at 0x1474c9f82f00>,26,2,[ 2 10],42,334,336,292,334
1,<environment.Job instance at 0x1474c015e1e0>,27,3,[9 2],43,335,338,292,334
1,<environment.Job instance at 0x1474d0d73eb0>,29,1,[8 2],47,338,339,291,334
1,<environment.Job instance at 0x1474c9f828c0>,30,22,[2 5],49,336,358,287,334
1,<environment.Job instance at 0x1474cb1d2aa0>,31,1,[9 2],50,339,340,289,334
1,<environment.Job instance at 0x1474cbba0870>,32,1,[10  1],51,340,341,289,334
1,<environment.Job instance at 0x1474c01dc320>,12,15,[14  1],21,358,373,337,344
1,<environment.Job instance at 0x1474c0307140>,34,13,[7 2],54,344,357,290,344
1,<environment.Job instance at 0x1474c03cd820>,2,1,[ 2 10],4,357,358,353,350
1,<environment.Job instance at 0x1474c9f82820>,24,1,[10  1],38,373,374,335,353
1,<environment.Job instance at 0x1474c0307320>,36,2,[12  1],57,374,376,317,359
1,<environment.Job instance at 0x1474d03386e0>,42,14,[9 1],64,376,390,312,363
1,<environment.Job instance at 0x1474cbbccd20>,45,2,[ 1 10],68,363,365,295,363
1,<environment.Job instance at 0x1474cb1d2c80>,33,26,[ 2 13],53,373,399,320,373
1,<environment.Job instance at 0x1474c9f826e0>,28,1,[1 9],44,399,400,355,377
1,<environment.Job instance at 0x1474d0338b90>,38,14,[7 1],60,393,407,333,393
1,<environment.Job instance at 0x1474d0339a50>,5,1,[1 8],10,10,11,0,10
1,<environment.Job instance at 0x1474d0d20fa0>,11,2,[ 1 10],16,17,19,1,17
1,<environment.Job instance at 0x1474d0d20550>,12,3,[ 2 14],17,19,22,2,18
1,<environment.Job instance at 0x1474d0d20690>,13,1,[5 1],18,18,19,0,18
1,<environment.Job instance at 0x1474d0d20dc0>,14,2,[2 6],19,22,24,3,19
1,<environment.Job instance at 0x1474c0194780>,15,1,[8 1],20,20,21,0,20
1,<environment.Job instance at 0x1474c0194370>,16,1,[7 2],22,22,23,0,22
1,<environment.Job instance at 0x1474cb239960>,9,28,[5 2],14,44,72,30,44
1,<environment.Job instance at 0x1474d0d91d20>,24,1,[1 9],31,76,77,45,76
1,<environment.Job instance at 0x1474d0d91640>,26,1,[6 1],33,105,106,72,105
1,<environment.Job instance at 0x1474c0194e10>,20,3,[9 1],27,106,109,79,106
1,<environment.Job instance at 0x1474c944d0a0>,28,16,[7 1],35,109,125,74,106
1,<environment.Job instance at 0x1474c944d0f0>,30,1,[9 2],37,125,126,88,108
1,<environment.Job instance at 0x14749ffa3370>,32,26,[1 6],41,108,134,67,108
1,<environment.Job instance at 0x1474c944daa0>,29,2,[8 2],36,126,128,90,120
1,<environment.Job instance at 0x14749ffa3500>,34,23,[2 6],44,123,146,79,123
1,<environment.Job instance at 0x14749ffa3f50>,35,23,[9 1],46,128,151,82,124
1,<environment.Job instance at 0x14749ffa3f00>,37,1,[5 2],48,146,147,98,135
1,<environment.Job instance at 0x14749ffa3190>,38,1,[8 2],49,151,152,102,135
1,<environment.Job instance at 0x14749ffa3b90>,39,2,[7 2],51,151,153,100,139
1,<environment.Job instance at 0x14749ffa39b0>,41,2,[10  1],54,153,155,99,139
1,<environment.Job instance at 0x14749ffa3960>,42,1,[9 1],55,155,156,100,139
1,<environment.Job instance at 0x14749ffa3cd0>,45,3,[12  1],59,156,159,97,145
1,<environment.Job instance at 0x14749ffa3910>,46,20,[8 1],60,159,179,99,151
1,<environment.Job instance at 0x14749ffa34b0>,44,3,[1 6],57,152,155,95,151
1,<environment.Job instance at 0x14749ffa3280>,47,2,[7 1],61,159,161,98,154
1,<environment.Job instance at 0x1474c0481a00>,48,3,[9 1],66,179,182,113,164
1,<environment.Job instance at 0x1474c0481e60>,51,1,[2 6],70,173,174,103,173
1,<environment.Job instance at 0x1474c0481050>,52,2,[9 2],73,182,184,109,173
1,<environment.Job instance at 0x1474c04810f0>,53,1,[ 2 10],77,174,175,97,174
1,<environment.Job instance at 0x1474c0481dc0>,50,2,[1 8],69,179,181,110,179
1,<environment.Job instance at 0x1474cb2399b0>,10,1,[8 2],15,190,191,175,190
1,<environment.Job instance at 0x1474c0481820>,54,3,[11  1],79,291,294,212,291
1,<environment.Job instance at 0x1474d03391e0>,3,2,[ 1 11],7,293,295,286,293
1,<environment.Job instance at 0x1474d0339500>,4,3,[2 8],8,297,300,289,297
1,<environment.Job instance at 0x1474c00bdb90>,1,1,[8 1],3,5,6,2,5
1,<environment.Job instance at 0x1474cb21c0a0>,5,2,[5 2],13,13,15,0,13
1,<environment.Job instance at 0x1474cb21c6e0>,6,2,[7 2],14,14,16,0,14
1,<environment.Job instance at 0x1474cb21c7d0>,8,1,[ 2 10],17,17,18,0,17
1,<environment.Job instance at 0x1474cb21ce10>,9,1,[6 2],18,18,19,0,18
1,<environment.Job instance at 0x1474cb21c8c0>,10,2,[ 1 12],19,19,21,0,19
1,<environment.Job instance at 0x1474c80a4d20>,16,1,[ 2 10],26,26,27,0,26
1,<environment.Job instance at 0x1474c80a4c30>,17,2,[1 6],27,27,29,0,27
1,<environment.Job instance at 0x1474c80a4410>,19,1,[2 7],30,30,31,0,30
1,<environment.Job instance at 0x1474c80a4780>,20,2,[1 8],31,32,34,1,32
1,<environment.Job instance at 0x1474c80a41e0>,24,22,[ 2 10],37,37,59,0,37
1,<environment.Job instance at 0x1474c06b4550>,28,2,[6 2],41,41,43,0,41
1,<environment.Job instance at 0x1474c06b4320>,29,1,[7 1],44,44,45,0,44
1,<environment.Job instance at 0x1474c06b4b40>,34,1,[7 1],49,49,50,0,49
1,<environment.Job instance at 0x1474c06b4dc0>,35,1,[2 6],52,59,60,7,52
1,<environment.Job instance at 0x1474c06b4d70>,36,2,[10  2],53,53,55,0,53
1,<environment.Job instance at 0x1474cb230230>,37,1,[5 1],54,55,56,1,54
1,<environment.Job instance at 0x1474cb230460>,38,2,[8 2],55,55,57,0,55
1,<environment.Job instance at 0x1474cb0fc730>,39,1,[6 1],56,57,58,1,56
1,<environment.Job instance at 0x1474cb0fc6e0>,40,3,[8 1],58,58,61,0,58
1,<environment.Job instance at 0x1474d0d76cd0>,46,21,[6 1],70,70,91,0,70
1,<environment.Job instance at 0x14749fd5ccd0>,47,3,[ 2 13],72,72,75,0,72
1,<environment.Job instance at 0x1474d0d769b0>,48,14,[2 6],73,75,89,2,73
1,<environment.Job instance at 0x1474d0ce2af0>,49,1,[ 2 10],74,89,90,15,74
1,<environment.Job instance at 0x1474d0ce24b0>,50,2,[2 8],75,75,77,0,75
1,<environment.Job instance at 0x1474d0d76c30>,51,1,[1 7],78,78,79,0,78
1,<environment.Job instance at 0x1474c074fb90>,1,27,[5 2],2,4,31,2,4
1,<environment.Job instance at 0x1474d0d76c30>,4,1,[ 2 10],5,5,6,0,5
1,<environment.Job instance at 0x14749fcdfb40>,7,1,[8 2],12,12,13,0,12
1,<environment.Job instance at 0x14749fcff6e0>,12,1,[2 6],19,19,20,0,19
1,<environment.Job instance at 0x14749fcff7d0>,13,3,[1 5],20,20,23,0,20
1,<environment.Job instance at 0x14749fcff960>,14,3,[8 2],23,23,26,0,23
1,<environment.Job instance at 0x14749fcff9b0>,15,1,[1 7],24,24,25,0,24
1,<environment.Job instance at 0x14749fcffbe0>,16,3,[2 8],25,25,28,0,25
1,<environment.Job instance at 0x14749fcffd20>,17,2,[7 1],26,26,28,0,26
1,<environment.Job instance at 0x14749fcffe60>,18,28,[1 6],27,28,56,1,27
1,<environment.Job instance at 0x14749fcfffa0>,19,1,[1 7],30,30,31,0,30
1,<environment.Job instance at 0x14749fcffeb0>,20,21,[9 1],31,31,52,0,31
1,<environment.Job instance at 0x14749fcde500>,23,2,[5 1],35,35,37,0,35
1,<environment.Job instance at 0x14749fcde5f0>,24,2,[ 2 10],36,56,58,20,36
1,<environment.Job instance at 0x14749fcde780>,25,3,[5 1],37,37,40,0,37
1,<environment.Job instance at 0x14749fcde8c0>,26,1,[1 9],39,52,53,13,39
1,<environment.Job instance at 0x14749fcde9b0>,27,1,[2 7],40,40,41,0,40
1,<environment.Job instance at 0x14749fcdeb40>,28,2,[1 8],41,41,43,0,41
1,<environment.Job instance at 0x14749fcdec80>,29,1,[1 9],43,53,54,10,43
1,<environment.Job instance at 0x14749fcfa550>,37,1,[9 2],54,54,55,0,54
1,<environment.Job instance at 0x14749fcff500>,11,1,[7 1],17,55,56,38,54
1,<environment.Job instance at 0x14749fcfa780>,38,1,[2 8],55,55,56,0,55
1,<environment.Job instance at 0x14749fcfa8c0>,39,1,[5 1],56,56,57,0,56
1,<environment.Job instance at 0x14749fcfaa00>,40,1,[8 1],58,59,60,1,59
1,<environment.Job instance at 0x14749fcfaaf0>,41,1,[1 8],60,60,61,0,60
1,<environment.Job instance at 0x14749fcfac80>,42,1,[2 9],61,61,62,0,61
1,<environment.Job instance at 0x14749fcfacd0>,45,1,[7 2],65,65,66,0,65
1,<environment.Job instance at 0x14749fcfad70>,46,1,[10  1],66,66,67,0,66
1,<environment.Job instance at 0x14749fcee820>,51,1,[1 6],72,72,73,0,72
1,<environment.Job instance at 0x14749fcee960>,52,1,[10  1],73,73,74,0,73
1,<environment.Job instance at 0x14749fceeb90>,57,26,[8 1],78,96,122,18,96
1,<environment.Job instance at 0x14749fcfa2d0>,36,15,[6 1],53,115,130,62,115
1,<environment.Job instance at 0x14749fcee780>,55,3,[9 2],76,173,176,97,173
1,<environment.Job instance at 0x14749fcee910>,54,1,[7 1],75,506,507,431,506
1,<environment.Job instance at 0x14749fcdecd0>,33,20,[ 2 11],48,515,535,467,515
1,<environment.Job instance at 0x1474c8043be0>,1,21,[9 2],2,2,23,0,2
1,<environment.Job instance at 0x1474c80435f0>,0,27,[6 1],1,3,30,2,3
1,<environment.Job instance at 0x1474c8043550>,8,1,[1 8],12,23,24,11,20
1,<environment.Job instance at 0x1474c80b1be0>,13,3,[7 1],20,25,28,5,25
1,<environment.Job instance at 0x1474c80b1eb0>,14,1,[6 1],21,43,44,22,43
1,<environment.Job instance at 0x1474c80b1fa0>,11,28,[14  1],18,57,85,39,57
1,<environment.Job instance at 0x1474c80b1690>,9,16,[5 2],13,114,130,101,114
1,<environment.Job instance at 0x1474c80b1500>,21,2,[1 5],30,127,129,97,127
1,<environment.Job instance at 0x1474cb0ff1e0>,25,17,[5 2],34,130,147,96,130
1,<environment.Job instance at 0x1474cb0ffd20>,27,1,[ 1 10],37,162,163,125,162
1,<environment.Job instance at 0x1474cb0ffeb0>,31,2,[5 1],42,164,166,122,164
1,<environment.Job instance at 0x1474c80b1af0>,12,2,[1 7],19,174,176,155,174
1,<environment.Job instance at 0x1474cb0ffe10>,32,2,[8 2],43,180,182,137,180
1,<environment.Job instance at 0x1474cb0ff960>,35,1,[2 8],47,180,181,133,180
1,<environment.Job instance at 0x1474cb0ff8c0>,36,18,[10  2],48,182,200,134,182
1,<environment.Job instance at 0x1474cb0ffa50>,37,12,[2 9],49,196,208,147,196
1,<environment.Job instance at 0x1474c06abd70>,38,15,[2 5],50,209,224,159,209
1,<environment.Job instance at 0x1474c06abd20>,39,3,[1 6],51,212,215,161,212
1,<environment.Job instance at 0x1474c06ab0a0>,40,2,[1 8],53,224,226,171,224
1,<environment.Job instance at 0x1474c06ab5a0>,41,17,[7 1],54,225,242,171,225
1,<environment.Job instance at 0x1474c06abcd0>,42,16,[8 2],55,242,258,187,242
1,<environment.Job instance at 0x1474c06ab550>,43,3,[1 5],58,252,255,194,252
1,<environment.Job instance at 0x1474c06ab5f0>,44,1,[10  1],59,258,259,199,253
1,<environment.Job instance at 0x1474c06ab640>,45,1,[10  2],60,263,264,203,263
1,<environment.Job instance at 0x1474c06ab230>,46,16,[7 1],61,266,282,205,266
1,<environment.Job instance at 0x1474c06ab460>,47,1,[1 6],62,267,268,205,267
1,<environment.Job instance at 0x1474c06abbe0>,48,14,[1 8],63,296,310,233,296
1,<environment.Job instance at 0x1474c06abb90>,49,2,[5 1],64,303,305,239,303
1,<environment.Job instance at 0x1474c06ab910>,50,2,[7 2],65,304,306,239,304
1,<environment.Job instance at 0x1474c06abaf0>,51,1,[1 6],66,335,336,269,335
1,<environment.Job instance at 0x1474c06ab4b0>,52,3,[2 6],67,346,349,279,346
1,<environment.Job instance at 0x1474c06ab370>,53,3,[1 9],68,348,351,280,348
1,<environment.Job instance at 0x1474c06ab410>,54,3,[6 1],69,349,352,280,348
1,<environment.Job instance at 0x1474c06ab2d0>,55,15,[6 1],75,350,365,275,350
1,<environment.Job instance at 0x1474c06ab730>,56,2,[7 1],76,362,364,286,362
1,<environment.Job instance at 0x1474c06abaa0>,57,17,[8 1],77,364,381,287,363
1,<environment.Job instance at 0x1474c06ab7d0>,58,1,[ 2 13],78,382,383,304,382
1,<environment.Job instance at 0x1474c06abf50>,59,2,[2 5],79,386,388,307,386
1,<environment.Job instance at 0x1474cb0ffaa0>,34,14,[1 9],46,405,419,359,405
1,<environment.Job instance at 0x1474cb0ff230>,33,2,[12  1],45,724,726,679,724
1,<environment.Job instance at 0x1474c80b11e0>,18,2,[11  2],26,729,731,703,729
1,<environment.Job instance at 0x1474c80b15a0>,3,2,[1 7],4,4,6,0,4
1,<environment.Job instance at 0x1474c808baa0>,4,1,[6 2],7,7,8,0,7
1,<environment.Job instance at 0x1474c04ad4b0>,8,2,[8 2],12,12,14,0,12
1,<environment.Job instance at 0x14749fb140f0>,18,26,[2 5],29,29,55,0,29
1,<environment.Job instance at 0x1474c02faa00>,30,2,[ 2 13],49,55,57,6,53
1,<environment.Job instance at 0x1474c02e60a0>,37,1,[2 6],58,68,69,10,68
1,<environment.Job instance at 0x1474c02fa870>,32,28,[2 5],53,73,101,20,73
1,<environment.Job instance at 0x1474c031d0a0>,41,3,[2 5],65,101,104,36,101
1,<environment.Job instance at 0x1474c031dfa0>,39,2,[2 8],61,400,402,339,400
1,<environment.Job instance at 0x1474c031d230>,42,18,[5 2],67,784,802,717,784
1,<environment.Job instance at 0x1474c0316640>,2,25,[9 1],3,3,28,0,3
1,<environment.Job instance at 0x1474cef081e0>,11,1,[2 5],14,14,15,0,14
1,<environment.Job instance at 0x1474cef08230>,13,1,[2 7],18,18,19,0,18
1,<environment.Job instance at 0x1474cbf715f0>,18,1,[2 5],24,25,26,1,25
1,<environment.Job instance at 0x1474cbf71b90>,14,2,[ 1 14],20,28,30,8,28
1,<environment.Job instance at 0x1474cbf71690>,22,26,[5 2],29,30,56,1,29
1,<environment.Job instance at 0x1474cbf710f0>,23,1,[8 2],30,30,31,0,30
1,<environment.Job instance at 0x1474cbf71410>,17,15,[6 1],23,36,51,13,36
1,<environment.Job instance at 0x1474cb0a9280>,29,1,[5 1],37,51,52,14,37
1,<environment.Job instance at 0x1474cbccf910>,39,3,[1 7],55,55,58,0,55
1,<environment.Job instance at 0x1474cbccf8c0>,40,14,[2 5],57,57,71,0,57
1,<environment.Job instance at 0x1474cbccfb40>,42,2,[6 1],63,63,65,0,63
1,<environment.Job instance at 0x1474cbccf9b0>,43,1,[ 1 12],64,71,72,7,64
1,<environment.Job instance at 0x1474cbccf640>,44,1,[10  2],65,65,66,0,65
1,<environment.Job instance at 0x1474cbf71500>,16,3,[9 1],22,77,80,55,77
1,<environment.Job instance at 0x1474cbcf25f0>,49,20,[9 1],71,80,100,9,77
1,<environment.Job instance at 0x1474cbcf2dc0>,47,12,[5 2],69,86,98,17,86
1,<environment.Job instance at 0x1474cbcf2280>,51,2,[13  1],74,100,102,26,86
1,<environment.Job instance at 0x1474cbb954b0>,55,2,[6 2],78,98,100,20,86
1,<environment.Job instance at 0x1474cbcf26e0>,52,1,[12  2],75,102,103,27,99
1,<environment.Job instance at 0x1474cbcf2b90>,50,3,[5 1],73,151,154,78,151
1,<environment.Job instance at 0x1474cbf71640>,20,3,[2 8],27,170,173,143,170
1,<environment.Job instance at 0x1474cb246910>,13,1,[1 9],26,26,27,0,26
1,<environment.Job instance at 0x14749fd3ac80>,16,20,[7 2],29,29,49,0,29
1,<environment.Job instance at 0x14749fea6140>,26,1,[ 1 13],41,41,42,0,41
1,<environment.Job instance at 0x1474cb1e8500>,32,2,[1 6],55,491,493,436,491
1,<environment.Job instance at 0x1474cb1e8d70>,31,2,[5 1],54,732,734,678,732
1,<environment.Job instance at 0x1474cb1e8960>,34,1,[6 1],57,922,923,865,922
1,<environment.Job instance at 0x1474cb1e8690>,35,18,[10  2],59,1299,1317,1240,1299
1,<environment.Job instance at 0x1474c00e0eb0>,36,1,[6 1],60,1751,1752,1691,1751
1,<environment.Job instance at 0x1474cb1e8820>,33,2,[1 8],56,1767,1769,1711,1767
1,<environment.Job instance at 0x1474c00e01e0>,38,1,[1 5],62,1795,1796,1733,1795
1,<environment.Job instance at 0x1474cb1e8af0>,37,1,[2 9],61,2343,2344,2282,2343
1,<environment.Job instance at 0x1474c00e0640>,5,1,[9 2],8,8,9,0,8
1,<environment.Job instance at 0x1474c00e0820>,11,1,[1 5],15,15,16,0,15
1,<environment.Job instance at 0x1474c00e0410>,12,2,[1 9],16,16,18,0,16
1,<environment.Job instance at 0x1474c00e0e60>,13,2,[1 7],19,19,21,0,19
1,<environment.Job instance at 0x1474c00e03c0>,14,3,[1 8],20,20,23,0,20
1,<environment.Job instance at 0x1474cbf3d6e0>,15,19,[5 2],21,21,40,0,21
1,<environment.Job instance at 0x1474cbf3d780>,16,2,[2 8],22,23,25,1,22
1,<environment.Job instance at 0x1474cbf3d1e0>,17,3,[1 7],23,25,28,2,23
1,<environment.Job instance at 0x1474cbf3da50>,18,2,[6 1],24,24,26,0,24
1,<environment.Job instance at 0x1474d0338280>,19,3,[7 2],25,26,29,1,25
1,<environment.Job instance at 0x1474d03384b0>,20,2,[8 1],26,29,31,3,26
1,<environment.Job instance at 0x1474d0338b40>,21,15,[8 2],27,31,46,4,28
1,<environment.Job instance at 0x1474d0338a50>,23,2,[8 2],30,46,48,16,30
1,<environment.Job instance at 0x1474d03385a0>,24,1,[1 6],31,31,32,0,31
1,<environment.Job instance at 0x1474d03387d0>,26,16,[1 5],33,36,52,3,36
1,<environment.Job instance at 0x1494a1283870>,20,2,[ 1 13],27,27,29,0,27
1,<environment.Job instance at 0x1494a1283a00>,22,1,[2 7],30,30,31,0,30
1,<environment.Job instance at 0x1494a178c410>,38,1,[8 1],51,62,63,11,62
1,<environment.Job instance at 0x1494a17888c0>,34,15,[11  1],44,97,112,53,97
1,<environment.Job instance at 0x1494a14cd820>,41,25,[12  2],54,112,137,58,108
1,<environment.Job instance at 0x1494a14e1b90>,51,2,[8 2],69,137,139,68,110
1,<environment.Job instance at 0x1494a14e1370>,54,2,[2 5],75,111,113,36,111
1,<environment.Job instance at 0x1494a14e10f0>,62,3,[9 2],88,139,142,51,126
1,<environment.Job instance at 0x1494a2a56870>,36,3,[10  2],48,142,145,94,126
1,<environment.Job instance at 0x1494a1282140>,37,2,[ 1 10],50,142,144,92,142
1,<environment.Job instance at 0x1494a1788960>,35,2,[1 8],45,151,153,106,151
1,<environment.Job instance at 0x1494a2fca410>,3,1,[13  1],4,4,5,0,4
1,<environment.Job instance at 0x1494a1788960>,5,1,[2 5],6,6,7,0,6
1,<environment.Job instance at 0x1494a17845f0>,11,1,[1 6],17,17,18,0,17
1,<environment.Job instance at 0x1494a1df0460>,19,1,[10  1],27,27,28,0,27
1,<environment.Job instance at 0x1494a1df0d20>,20,2,[ 1 10],28,28,30,0,28
1,<environment.Job instance at 0x1494a1df0640>,21,1,[7 2],30,30,31,0,30
1,<environment.Job instance at 0x1494a1df0780>,22,2,[1 8],31,31,33,0,31
1,<environment.Job instance at 0x1494a1df01e0>,23,2,[2 6],32,32,34,0,32
1,<environment.Job instance at 0x1494a1df0c80>,24,1,[1 5],33,33,34,0,33
1,<environment.Job instance at 0x1494a1df0280>,25,2,[1 9],36,36,38,0,36
1,<environment.Job instance at 0x1494a1df0190>,26,1,[2 7],37,38,39,1,37
1,<environment.Job instance at 0x1494a1df0be0>,27,1,[2 5],38,38,39,0,38
1,<environment.Job instance at 0x1494a1df30f0>,29,2,[14  1],40,45,47,5,45
1,<environment.Job instance at 0x1494a1df3d20>,31,3,[2 8],42,59,62,17,59
1,<environment.Job instance at 0x1494a1df33c0>,41,1,[8 2],54,59,60,5,59
1,<environment.Job instance at 0x1494a1df3eb0>,42,15,[5 1],55,59,74,4,59
1,<environment.Job instance at 0x1494a1df30a0>,37,13,[2 9],50,197,210,147,197
1,<environment.Job instance at 0x1494a1df3320>,38,1,[2 8],51,217,218,166,217
1,<environment.Job instance at 0x1494a2f44c30>,47,3,[2 5],63,352,355,289,352
1,<environment.Job instance at 0x1494a1df31e0>,40,1,[ 2 14],53,368,369,315,368
1,<environment.Job instance at 0x1494a2f445a0>,46,3,[ 2 10],62,387,390,325,387
1,<environment.Job instance at 0x1494a2f44a50>,52,1,[1 6],69,401,402,332,401
1,<environment.Job instance at 0x1494a2e72be0>,56,1,[1 8],76,407,408,331,407
1,<environment.Job instance at 0x1494a2e720a0>,57,15,[1 6],77,411,426,334,411
1,<environment.Job instance at 0x1494a2e72780>,58,3,[7 2],78,417,420,339,417
1,<environment.Job instance at 0x1494a2e72eb0>,59,2,[1 8],79,440,442,361,440
1,<environment.Job instance at 0x1494a2e72140>,60,3,[1 7],81,443,446,362,443
1,<environment.Job instance at 0x1494a2e728c0>,61,13,[ 1 14],82,464,477,382,464
1,<environment.Job instance at 0x1494a2e72050>,62,27,[1 8],83,477,504,394,475
1,<environment.Job instance at 0x1494a2e720f0>,63,3,[1 9],84,504,507,420,494
1,<environment.Job instance at 0x1494a2e72960>,64,2,[7 2],85,511,513,426,511
1,<environment.Job instance at 0x1494a2fa26e0>,65,12,[6 1],86,518,530,432,518
1,<environment.Job instance at 0x1494a2fa2f00>,66,28,[2 8],89,520,548,431,520
1,<environment.Job instance at 0x1494a2f44780>,48,1,[8 1],64,579,580,515,579
1,<environment.Job instance at 0x1494a2ec8730>,15,1,[1 7],23,23,24,0,23
1,<environment.Job instance at 0x1494a2ec84b0>,22,3,[8 1],32,36,39,4,36
1,<environment.Job instance at 0x1494a2ec8050>,23,2,[2 5],33,36,38,3,36
1,<environment.Job instance at 0x1494a2ec8460>,24,3,[6 1],34,38,41,4,36
1,<environment.Job instance at 0x1494a2ec80f0>,25,2,[10  1],35,41,43,6,36
1,<environment.Job instance at 0x1494a2f30500>,26,3,[ 2 10],37,39,42,2,38
1,<environment.Job instance at 0x1494a301b640>,30,17,[7 1],42,55,72,13,55
1,<environment.Job instance at 0x1494a2fd36e0>,34,1,[9 1],51,72,73,21,59
1,<environment.Job instance at 0x1494a2fd32d0>,35,12,[1 5],52,59,71,7,59
1,<environment.Job instance at 0x1494a2fd31e0>,36,2,[6 2],53,59,61,6,59
1,<environment.Job instance at 0x1494a2fd3460>,37,1,[9 1],55,73,74,18,59
1,<environment.Job instance at 0x1494a177d2d0>,38,2,[8 1],56,74,76,18,59
1,<environment.Job instance at 0x1494a2ecd690>,39,1,[ 1 10],57,71,72,14,59
1,<environment.Job instance at 0x1494a2ecdf00>,40,2,[1 5],59,59,61,0,59
1,<environment.Job instance at 0x1494a2ecdeb0>,41,3,[1 5],60,61,64,1,60
1,<environment.Job instance at 0x1494a2ed3dc0>,42,2,[10  2],61,76,78,15,61
1,<environment.Job instance at 0x1494a2ed3d70>,43,3,[2 8],65,65,68,0,65
1,<environment.Job instance at 0x1494a2ed3be0>,44,1,[2 6],66,68,69,2,66
1,<environment.Job instance at 0x1494a2ed35a0>,45,2,[1 6],67,69,71,2,67
1,<environment.Job instance at 0x1494a2ec5280>,49,2,[7 2],77,79,81,2,79
1,<environment.Job instance at 0x1494a2ec5d70>,50,2,[2 5],78,79,81,1,79
1,<environment.Job instance at 0x1494a2e895a0>,52,3,[8 1],82,83,86,1,83
1,<environment.Job instance at 0x1494a2ec59b0>,53,1,[7 2],83,83,84,0,83
1,<environment.Job instance at 0x1494a50d98c0>,54,2,[5 2],84,84,86,0,84
1,<environment.Job instance at 0x1494a2f0c690>,55,2,[ 2 12],86,86,88,0,86
1,<environment.Job instance at 0x1494a2ec8960>,18,3,[ 2 10],27,103,106,76,103
1,<environment.Job instance at 0x1494a2ec81e0>,20,12,[7 1],30,111,123,81,111
1,<environment.Job instance at 0x1494a3a3e7d0>,2,1,[1 5],3,58,59,55,58
1,<environment.Job instance at 0x1494a2ec8870>,6,3,[1 5],9,108,111,99,108
1,<environment.Job instance at 0x1494a3a3e5f0>,3,16,[1 7],4,599,615,595,599
1,<environment.Job instance at 0x1494a3a3ea00>,8,1,[2 8],11,639,640,628,639
1,<environment.Job instance at 0x1494a3a3e4b0>,9,1,[7 1],12,771,772,759,771
1,<environment.Job instance at 0x1494a3a3e230>,10,18,[5 2],13,781,799,768,781
1,<environment.Job instance at 0x1494a3a3ecd0>,11,2,[8 2],15,789,791,774,789
1,<environment.Job instance at 0x1494a3a3e3c0>,12,3,[1 7],16,904,907,888,904
1,<environment.Job instance at 0x1494a3a3ebe0>,13,18,[8 1],17,939,957,922,939
1,<environment.Job instance at 0x1494a3a3eb40>,14,1,[5 2],18,950,951,932,950
1,<environment.Job instance at 0x1494a3a3e910>,15,1,[1 8],19,985,986,966,985
1,<environment.Job instance at 0x1494a3a3e6e0>,5,3,[ 1 13],6,1109,1112,1103,1109
1,<environment.Job instance at 0x1494a0161a00>,24,17,[7 1],32,1147,1164,1115,1147
1,<environment.Job instance at 0x1494a3a3ee60>,16,3,[1 7],20,1152,1155,1132,1152
1,<environment.Job instance at 0x1494a3a3ef00>,4,3,[ 2 10],5,1155,1158,1150,1154
1,<environment.Job instance at 0x1494a0161780>,36,21,[7 2],50,1158,1179,1108,1154
1,<environment.Job instance at 0x1494a0161f00>,30,14,[8 2],42,1164,1178,1122,1158
1,<environment.Job instance at 0x1494a3081aa0>,42,12,[7 1],61,1178,1190,1117,1174
1,<environment.Job instance at 0x1494a3081460>,43,20,[8 2],62,1179,1199,1117,1174
1,<environment.Job instance at 0x1494a01616e0>,38,3,[1 9],52,1190,1193,1138,1175
1,<environment.Job instance at 0x1494a3081c80>,47,2,[2 7],71,1193,1195,1122,1186
1,<environment.Job instance at 0x1494a3a3eb90>,0,13,[ 1 11],1,1195,1208,1194,1191
1,<environment.Job instance at 0x1494a3081550>,54,13,[1 7],80,1208,1221,1128,1194
1,<environment.Job instance at 0x1494a3081a50>,53,1,[1 8],78,1208,1209,1130,1194
1,<environment.Job instance at 0x1494a3081cd0>,56,3,[5 2],84,1195,1198,1111,1195
1,<environment.Job instance at 0x1494a3081190>,58,15,[8 2],86,1228,1243,1142,1228
1,<environment.Job instance at 0x1494a3081500>,57,2,[ 2 10],85,1257,1259,1172,1257
1,<environment.Job instance at 0x1494a3a3e410>,7,21,[ 2 13],10,1303,1324,1293,1303
1,<environment.Job instance at 0x1494a0161820>,33,14,[8 1],46,1310,1324,1264,1310
1,<environment.Job instance at 0x1494a3b0c3c0>,7,3,[1 8],14,51,54,37,51
1,<environment.Job instance at 0x1494a028b4b0>,6,1,[1 9],13,81,82,68,81
1,<environment.Job instance at 0x1494a3122190>,12,1,[7 2],21,94,95,73,94
1,<environment.Job instance at 0x1494a3128730>,23,16,[1 5],38,115,131,77,115
1,<environment.Job instance at 0x1494a007a7d0>,40,26,[9 1],64,139,165,75,139
1,<environment.Job instance at 0x14947be9e0f0>,27,1,[2 7],44,166,167,122,166
1,<environment.Job instance at 0x1494a0071280>,45,3,[8 1],69,169,172,100,169
1,<environment.Job instance at 0x1494a007a9b0>,46,3,[8 1],73,172,175,99,169
1,<environment.Job instance at 0x1494a028b5f0>,8,1,[9 2],15,237,238,222,237
1,<environment.Job instance at 0x1494a007ae60>,47,1,[10  1],74,259,260,185,259
1,<environment.Job instance at 0x1494a3167d20>,53,2,[1 5],85,335,337,250,335
1,<environment.Job instance at 0x14947bc65e10>,14,1,[2 8],20,20,21,0,20
1,<environment.Job instance at 0x14947bc65f50>,15,1,[8 2],21,21,22,0,21
1,<environment.Job instance at 0x14947bc663c0>,22,1,[1 5],32,570,571,538,570
1,<environment.Job instance at 0x14947bc66690>,24,3,[1 6],34,1342,1345,1308,1342
1,<environment.Job instance at 0x14947bc66820>,25,16,[1 5],35,1913,1929,1878,1913
1,<environment.Job instance at 0x14947bc668c0>,26,2,[ 1 10],36,2535,2537,2499,2535
1,<environment.Job instance at 0x14947bd60be0>,14,2,[1 6],17,43,45,26,43
1,<environment.Job instance at 0x14947bd73af0>,9,2,[2 6],11,45,47,34,45
1,<environment.Job instance at 0x14947bd6fa00>,25,25,[12  1],29,45,70,16,45
1,<environment.Job instance at 0x14947bd60730>,20,1,[2 5],24,47,48,23,45
1,<environment.Job instance at 0x14947bd601e0>,15,15,[2 6],19,48,63,29,45
1,<environment.Job instance at 0x14947bd6fc30>,23,3,[7 1],27,70,73,43,46
1,<environment.Job instance at 0x14947bd6f8c0>,30,3,[1 9],38,63,66,25,46
1,<environment.Job instance at 0x14947bd6f820>,32,3,[2 9],40,66,69,26,51
1,<environment.Job instance at 0x14947bd6f640>,33,23,[1 6],41,69,92,28,63
1,<environment.Job instance at 0x14947bd9c640>,40,1,[7 1],56,70,71,14,63
1,<environment.Job instance at 0x14947bd9ccd0>,41,2,[5 1],57,71,73,14,63
1,<environment.Job instance at 0x14947bd9cd20>,43,3,[5 2],60,73,76,13,63
1,<environment.Job instance at 0x14947bd6faf0>,24,13,[10  1],28,76,89,48,63
1,<environment.Job instance at 0x14947bd9c460>,44,12,[1 5],61,71,83,10,64
1,<environment.Job instance at 0x14947bd9c5a0>,46,3,[8 1],63,73,76,10,64
1,<environment.Job instance at 0x14947bd52550>,47,3,[2 6],66,83,86,17,66
1,<environment.Job instance at 0x14947bd52050>,48,18,[1 5],67,86,104,19,75
1,<environment.Job instance at 0x14947bd52690>,50,1,[1 9],72,92,93,20,77
1,<environment.Job instance at 0x14947bd52e10>,52,1,[10  2],75,89,90,14,77
1,<environment.Job instance at 0x14947bd6f6e0>,27,2,[10  2],32,102,104,70,102
1,<environment.Job instance at 0x14947bd9c500>,45,13,[7 2],62,112,125,50,112
1,<environment.Job instance at 0x14947bd6fa50>,28,3,[7 1],36,135,138,99,135
1,<environment.Job instance at 0x1494a0061500>,23,2,[1 8],37,52,54,15,52
1,<environment.Job instance at 0x1494a0061690>,24,1,[10  2],38,52,53,14,52
1,<environment.Job instance at 0x1494983c46e0>,28,1,[ 1 12],46,63,64,17,63
1,<environment.Job instance at 0x1494a39f4140>,2,1,[9 1],5,5,6,0,5
1,<environment.Job instance at 0x149498181780>,4,25,[8 1],9,9,34,0,9
1,<environment.Job instance at 0x1494981853c0>,13,3,[1 5],20,63,66,43,63
1,<environment.Job instance at 0x14949819b9b0>,35,14,[8 2],47,63,77,16,63
1,<environment.Job instance at 0x14949819b960>,36,2,[1 9],49,82,84,33,82
1,<environment.Job instance at 0x14947bb47460>,46,1,[10  2],63,82,83,19,82
1,<environment.Job instance at 0x14947bb475a0>,45,25,[9 1],61,83,108,22,83
1,<environment.Job instance at 0x14947bb475f0>,48,21,[2 5],65,83,104,18,83
1,<environment.Job instance at 0x14947bb47960>,47,21,[ 2 10],64,104,125,40,97
1,<environment.Job instance at 0x149498185320>,14,12,[2 9],22,125,137,103,121
1,<environment.Job instance at 0x14949818bcd0>,65,1,[6 2],87,127,128,40,127
1,<environment.Job instance at 0x14949818b690>,66,1,[5 1],88,127,128,39,127
1,<environment.Job instance at 0x14949818baf0>,60,15,[9 2],80,147,162,67,147
1,<environment.Job instance at 0x1494981855a0>,15,3,[9 2],23,162,165,139,153
1,<environment.Job instance at 0x1494aa142230>,10,17,[7 1],14,1110,1127,1096,1110
1,<environment.Job instance at 0x1494a2edcf50>,10,25,[6 1],15,2886,2911,2871,2886
1,<environment.Job instance at 0x1494a3010320>,11,23,[9 1],16,17,40,1,17
1,<environment.Job instance at 0x1494a3b3cfa0>,10,23,[2 6],14,24,47,10,24
1,<environment.Job instance at 0x1494a01c4e10>,22,20,[8 1],30,40,60,10,35
1,<environment.Job instance at 0x1494a3b27c80>,25,13,[2 5],38,42,55,4,42
1,<environment.Job instance at 0x1494a2ecde10>,29,1,[ 2 10],47,60,61,13,60
1,<environment.Job instance at 0x1494a01c40a0>,23,2,[7 1],31,71,73,40,71
1,<environment.Job instance at 0x1494a3122b40>,31,13,[ 2 11],50,72,85,22,72
1,<environment.Job instance at 0x1494a2ecd4b0>,28,2,[9 2],43,113,115,70,113
1,<environment.Job instance at 0x1494a6d668c0>,33,1,[8 1],53,115,116,62,114
1,<environment.Job instance at 0x1494a8c58d70>,34,16,[9 1],54,118,134,64,118
1,<environment.Job instance at 0x1494a3122c30>,35,12,[7 2],56,134,146,78,128
1,<environment.Job instance at 0x1494a819a640>,36,15,[ 2 10],62,139,154,77,139
1,<environment.Job instance at 0x1494a819ab90>,37,2,[5 2],63,141,143,78,141
1,<environment.Job instance at 0x1494a6d664b0>,32,3,[1 8],51,154,157,103,144
1,<environment.Job instance at 0x1494a819a230>,38,2,[7 2],64,149,151,85,149
1,<environment.Job instance at 0x1494a0021410>,40,1,[ 2 10],67,162,163,95,162
1,<environment.Job instance at 0x1494a0021280>,41,1,[6 2],68,179,180,111,179
1,<environment.Job instance at 0x1494a819a0f0>,39,2,[5 2],66,183,185,117,183
1,<environment.Job instance at 0x1494a0021780>,42,2,[ 1 12],69,201,203,132,201
1,<environment.Job instance at 0x1494a0021460>,44,2,[5 2],71,202,204,131,202
1,<environment.Job instance at 0x1494a0021960>,45,21,[5 1],72,207,228,135,207
1,<environment.Job instance at 0x1494a0021d70>,46,3,[2 8],73,229,232,156,229
1,<environment.Job instance at 0x1494a0021640>,43,16,[2 9],70,246,262,176,246
1,<environment.Job instance at 0x1494a0021be0>,47,3,[8 2],75,251,254,176,251
1,<environment.Job instance at 0x1494a0021190>,49,2,[1 6],77,265,267,188,265
1,<environment.Job instance at 0x1494a3b1b410>,48,1,[ 2 10],76,282,283,206,282
1,<environment.Job instance at 0x1494a3b1b6e0>,50,2,[8 1],78,285,287,207,285
1,<environment.Job instance at 0x1494a3b1be60>,52,2,[1 8],81,297,299,216,297
1,<environment.Job instance at 0x1494a3b5d7d0>,53,13,[7 1],82,301,314,219,301
1,<environment.Job instance at 0x1494a3b1b140>,54,3,[ 2 10],85,301,304,216,301
1,<environment.Job instance at 0x1494a3b1b870>,55,2,[2 7],86,304,306,218,303
1,<environment.Job instance at 0x1494a3b1b690>,56,22,[ 2 10],87,306,328,219,303
1,<environment.Job instance at 0x1494a3b1bb90>,51,1,[2 7],80,328,329,248,315
1,<environment.Job instance at 0x1494a3b1b4b0>,57,2,[10  2],88,318,320,230,318
1,<environment.Job instance at 0x14947bf12730>,58,2,[1 7],89,328,330,239,318
1,<environment.Job instance at 0x1494a2ecddc0>,30,3,[11  1],49,2715,2718,2666,2715
1,<environment.Job instance at 0x1494a019d500>,21,3,[12  1],29,2718,2721,2689,2717
1,<environment.Job instance at 0x14949822bfa0>,1,1,[7 1],4,4,5,0,4
1,<environment.Job instance at 0x1494a02dee60>,17,2,[7 1],28,28,30,0,28
1,<environment.Job instance at 0x1494a02deaf0>,18,21,[6 1],30,30,51,0,30
1,<environment.Job instance at 0x1494983dc140>,22,2,[2 8],35,162,164,127,162
1,<environment.Job instance at 0x1494983dcf50>,21,1,[ 2 10],34,164,165,130,163
1,<environment.Job instance at 0x1494a02de0f0>,16,3,[2 6],27,165,168,138,163
1,<environment.Job instance at 0x1494983dcc30>,26,27,[5 2],42,163,190,121,163
1,<environment.Job instance at 0x1494983dc0f0>,25,12,[2 8],41,168,180,127,168
1,<environment.Job instance at 0x1494a02de870>,19,3,[ 2 13],32,180,183,148,172
1,<environment.Job instance at 0x1494983dccd0>,38,3,[1 5],60,183,186,123,183
1,<environment.Job instance at 0x149498179910>,40,1,[1 7],64,183,184,119,183
1,<environment.Job instance at 0x1494983dc500>,34,2,[8 1],55,186,188,131,186
1,<environment.Job instance at 0x149498179e60>,45,21,[9 1],71,188,209,117,186
1,<environment.Job instance at 0x149498179500>,48,2,[5 1],75,192,194,117,192
1,<environment.Job instance at 0x149498179a00>,49,2,[ 2 10],76,194,196,118,192
1,<environment.Job instance at 0x149498179870>,50,3,[5 1],77,196,199,119,192
1,<environment.Job instance at 0x149498179be0>,51,1,[1 9],79,192,193,113,192
1,<environment.Job instance at 0x149498179b40>,52,1,[2 7],80,199,200,119,192
1,<environment.Job instance at 0x149498179730>,53,2,[1 8],81,196,198,115,192
1,<environment.Job instance at 0x149498179820>,54,1,[1 9],83,193,194,110,192
1,<environment.Job instance at 0x14947bd91c80>,55,2,[ 2 10],85,200,202,115,192
1,<environment.Job instance at 0x14947bd91230>,56,3,[9 1],86,209,212,123,192
1,<environment.Job instance at 0x14947bd91500>,57,12,[9 1],87,212,224,125,196
1,<environment.Job instance at 0x14947bd91910>,58,20,[ 2 11],88,202,222,114,196
1,<environment.Job instance at 0x1494983dc2d0>,24,1,[1 7],40,231,232,191,231
1,<environment.Job instance at 0x149498179370>,44,1,[1 7],70,238,239,168,238
1,<environment.Job instance at 0x1494a00e9dc0>,3,1,[2 8],5,6,7,1,6
1,<environment.Job instance at 0x1494a14cc640>,6,1,[1 8],10,10,11,0,10
1,<environment.Job instance at 0x1494a00fa0f0>,20,3,[9 2],26,26,29,0,26
1,<environment.Job instance at 0x149498365e60>,21,2,[1 8],27,27,29,0,27
1,<environment.Job instance at 0x149498365f50>,22,26,[8 1],28,29,55,1,28
1,<environment.Job instance at 0x149498365d70>,23,3,[2 5],29,29,32,0,29
1,<environment.Job instance at 0x149498365a00>,24,2,[8 1],30,55,57,25,30
1,<environment.Job instance at 0x1494983651e0>,25,27,[6 1],31,32,59,1,31
1,<environment.Job instance at 0x1494981daa00>,34,16,[5 2],43,57,73,14,54
1,<environment.Job instance at 0x14947bbca190>,37,2,[1 7],49,54,56,5,54
1,<environment.Job instance at 0x14947bbca0a0>,38,3,[7 1],50,59,62,9,54
1,<environment.Job instance at 0x14947bbcad70>,39,1,[6 1],51,62,63,11,54
1,<environment.Job instance at 0x1494a14cc410>,8,3,[1 9],12,68,71,56,68
1,<environment.Job instance at 0x14947bbca5a0>,41,3,[2 9],53,71,74,18,70
1,<environment.Job instance at 0x14947bbcaf50>,43,2,[11  2],56,73,75,17,72
1,<environment.Job instance at 0x14947bbca320>,45,2,[1 8],59,74,76,15,74
1,<environment.Job instance at 0x14947bbcab90>,46,2,[1 5],60,74,76,14,74
1,<environment.Job instance at 0x14947bbca410>,47,1,[1 5],61,76,77,15,74
1,<environment.Job instance at 0x14947bd284b0>,48,2,[9 1],62,75,77,13,74
1,<environment.Job instance at 0x149498365730>,28,16,[5 2],34,78,94,44,78
1,<environment.Job instance at 0x14947bd28140>,50,17,[5 2],64,81,98,17,81
1,<environment.Job instance at 0x1494981dad20>,36,28,[14  1],48,98,126,50,97
1,<environment.Job instance at 0x14947bd28a50>,52,1,[ 1 10],67,98,99,31,98
1,<environment.Job instance at 0x14947bd3d320>,58,2,[12  1],75,126,128,51,101
1,<environment.Job instance at 0x1494981da460>,29,2,[2 9],35,147,149,112,147
1,<environment.Job instance at 0x14947bd280a0>,51,2,[2 6],66,162,164,96,162
1,<environment.Job instance at 0x14947bd280a0>,3,2,[5 1],4,4,6,0,4
1,<environment.Job instance at 0x1494a0279a50>,4,2,[7 2],5,6,8,1,6
1,<environment.Job instance at 0x1494a0279c80>,8,3,[6 1],9,9,12,0,9
1,<environment.Job instance at 0x1494a02605a0>,16,1,[5 1],22,22,23,0,22
1,<environment.Job instance at 0x1494a0260780>,18,2,[1 7],24,31,33,7,31
1,<environment.Job instance at 0x1494a0260690>,19,1,[6 2],27,31,32,4,31
1,<environment.Job instance at 0x1494a02608c0>,20,3,[5 2],28,31,34,3,31
1,<environment.Job instance at 0x1494a0260a00>,22,3,[2 7],30,41,44,11,41
1,<environment.Job instance at 0x1494a0260820>,23,2,[8 2],32,41,43,9,41
1,<environment.Job instance at 0x1494a0260d70>,25,1,[5 2],39,42,43,3,42
1,<environment.Job instance at 0x1494a0260c30>,27,1,[7 2],42,52,53,10,52
1,<environment.Job instance at 0x1494a02530f0>,28,1,[2 8],43,52,53,9,52
1,<environment.Job instance at 0x1494a0253460>,29,2,[2 9],44,53,55,9,52
1,<environment.Job instance at 0x1494a02534b0>,31,2,[7 1],47,53,55,6,52
1,<environment.Job instance at 0x1494a0253640>,32,1,[ 1 10],48,55,56,7,52
1,<environment.Job instance at 0x1494a0253690>,33,26,[2 5],49,52,78,3,52
1,<environment.Job instance at 0x1494a02603c0>,14,3,[9 1],20,57,60,37,57
1,<environment.Job instance at 0x1494a0260320>,13,2,[2 5],19,61,63,42,61
1,<environment.Job instance at 0x1494a028caf0>,45,2,[ 2 13],69,78,80,9,78
1,<environment.Job instance at 0x1494a0260280>,12,1,[ 2 13],18,80,81,62,79
1,<environment.Job instance at 0x1494a028cdc0>,49,1,[1 9],75,81,82,6,79
1,<environment.Job instance at 0x1494a028caa0>,47,28,[2 5],73,81,109,8,80
1,<environment.Job instance at 0x1494a028ca00>,46,3,[7 2],71,107,110,36,107
1,<environment.Job instance at 0x1494a02667d0>,58,1,[1 6],88,111,112,23,111
1,<environment.Job instance at 0x1494a0260460>,15,16,[2 5],21,143,159,122,143
1,<environment.Job instance at 0x1494a3a3cd70>,7,1,[9 1],11,12,13,1,12
1,<environment.Job instance at 0x1494983ce050>,11,1,[7 1],15,15,16,0,15
1,<environment.Job instance at 0x1494983cea00>,12,2,[7 2],16,16,18,0,16
1,<environment.Job instance at 0x1494a3daaf50>,26,2,[1 5],36,47,49,11,47
1,<environment.Job instance at 0x1494a3a0a190>,29,26,[5 2],39,57,83,18,57
1,<environment.Job instance at 0x1494a3a0acd0>,30,1,[8 2],40,57,58,17,57
1,<environment.Job instance at 0x1494a3a0aaf0>,35,2,[6 1],46,58,60,12,57
1,<environment.Job instance at 0x1494a3a0ae10>,36,1,[5 1],47,60,61,13,57
1,<environment.Job instance at 0x1494a3095aa0>,40,1,[ 1 10],55,106,107,51,106
1,<environment.Job instance at 0x1494a3095320>,41,3,[1 9],56,107,110,51,106
1,<environment.Job instance at 0x1494a3daacd0>,22,1,[7 2],31,106,107,75,106
1,<environment.Job instance at 0x1494a3095a50>,42,2,[9 2],58,107,109,49,106
1,<environment.Job instance at 0x1494a3daab90>,21,2,[ 1 14],30,113,115,83,113
1,<environment.Job instance at 0x1494a30954b0>,43,3,[2 7],59,115,118,56,113
1,<environment.Job instance at 0x1494a306b820>,47,14,[2 5],67,115,129,48,113
1,<environment.Job instance at 0x1494a306bf50>,48,13,[1 5],71,118,131,47,113
1,<environment.Job instance at 0x1494a306bd20>,51,1,[10  2],75,115,116,40,115
1,<environment.Job instance at 0x1494a306b870>,52,3,[2 9],76,129,132,53,121
1,<environment.Job instance at 0x1494a306bcd0>,53,13,[2 9],77,132,145,55,123
1,<environment.Job instance at 0x1494a306bbe0>,54,12,[5 2],79,131,143,52,124
1,<environment.Job instance at 0x1494a306b4b0>,50,1,[ 1 12],74,145,146,71,132
1,<environment.Job instance at 0x1494a306b5f0>,56,20,[9 1],81,143,163,62,134
1,<environment.Job instance at 0x1494a306b320>,55,1,[9 1],80,163,164,83,161
1,<environment.Job instance at 0x1494a306ba50>,59,1,[12  2],85,164,165,79,163
1,<environment.Job instance at 0x1494a306baf0>,45,22,[2 9],63,166,188,103,166
1,<environment.Job instance at 0x1494a3daaa50>,25,1,[2 5],34,173,174,139,173
1,<environment.Job instance at 0x1494a306b9b0>,60,1,[5 1],86,179,180,93,179
1,<environment.Job instance at 0x1494a306baa0>,58,2,[13  1],84,248,250,164,248
1,<environment.Job instance at 0x1494a306baa0>,3,1,[7 1],13,13,14,0,13
1,<environment.Job instance at 0x1494a3e13500>,7,2,[5 1],18,18,20,0,18
1,<environment.Job instance at 0x14947bd6c3c0>,9,1,[7 2],20,20,21,0,20
1,<environment.Job instance at 0x1494a3e2af00>,12,2,[2 5],25,25,27,0,25
1,<environment.Job instance at 0x1494a3e2a410>,13,1,[1 9],26,26,27,0,26
1,<environment.Job instance at 0x1494a3e2a280>,15,1,[1 8],28,28,29,0,28
1,<environment.Job instance at 0x1494a3e2a5a0>,16,20,[7 2],29,29,49,0,29
1,<environment.Job instance at 0x14947b851af0>,28,1,[5 2],43,62,63,19,62
1,<environment.Job instance at 0x14947b851410>,26,1,[ 1 13],41,66,67,25,66
1,<environment.Job instance at 0x14947b851960>,29,12,[2 9],44,67,79,23,67
1,<environment.Job instance at 0x14947b8519b0>,30,1,[11  1],53,90,91,37,90
1,<environment.Job instance at 0x14947bfadf00>,45,2,[2 7],75,95,97,20,95
1,<environment.Job instance at 0x1494a17a48c0>,46,1,[8 1],76,95,96,19,95
1,<environment.Job instance at 0x14947b851f50>,31,2,[5 1],54,110,112,56,110
1,<environment.Job instance at 0x1494a3e33500>,50,13,[1 9],80,159,172,79,159
1,<environment.Job instance at 0x14947b851a00>,35,18,[10  2],59,190,208,131,190
1,<environment.Job instance at 0x14947b894140>,3,1,[1 5],5,5,6,0,5
1,<environment.Job instance at 0x14947ba01640>,7,19,[5 2],11,17,36,6,17
1,<environment.Job instance at 0x14947ba01780>,14,1,[10  1],18,18,19,0,18
1,<environment.Job instance at 0x14947ba01dc0>,15,2,[8 2],20,20,22,0,20
1,<environment.Job instance at 0x14947be86690>,16,1,[1 6],21,21,22,0,21
1,<environment.Job instance at 0x14947be869b0>,17,3,[6 1],22,22,25,0,22
1,<environment.Job instance at 0x14947be863c0>,18,16,[1 5],23,23,39,0,23
1,<environment.Job instance at 0x14947b8b10a0>,9,1,[9 2],15,15,16,0,15
1,<environment.Job instance at 0x14947b8b1410>,10,1,[7 2],16,16,17,0,16
1,<environment.Job instance at 0x14947b8b1fa0>,15,3,[6 1],24,99,102,75,99
1,<environment.Job instance at 0x14947b8b1e60>,14,2,[2 6],22,102,104,80,102
1,<environment.Job instance at 0x1494a0032f00>,36,13,[1 6],50,103,116,53,103
1,<environment.Job instance at 0x1494a0032730>,35,1,[6 1],49,108,109,59,108
1,<environment.Job instance at 0x1494a0032f50>,37,2,[1 8],51,111,113,60,111
1,<environment.Job instance at 0x1494a0032dc0>,39,1,[8 1],53,113,114,60,113
1,<environment.Job instance at 0x1494a0032190>,38,17,[6 1],52,117,134,65,117
1,<environment.Job instance at 0x1494a0032cd0>,40,3,[1 6],54,119,122,65,119
1,<environment.Job instance at 0x1494a0032550>,42,17,[2 7],58,179,196,121,179
1,<environment.Job instance at 0x14947bc52320>,49,12,[5 2],69,220,232,151,220
1,<environment.Job instance at 0x14947bc52c80>,52,26,[2 7],72,256,282,184,256
1,<environment.Job instance at 0x14947bc52500>,53,3,[2 8],73,282,285,209,282
1,<environment.Job instance at 0x1494a00322d0>,41,2,[1 9],57,285,287,228,282
1,<environment.Job instance at 0x14947bc52eb0>,57,1,[7 2],78,286,287,208,286
1,<environment.Job instance at 0x14947bc52aa0>,56,1,[2 7],77,287,288,210,287
1,<environment.Job instance at 0x1494a50dfd70>,59,1,[ 2 10],80,288,289,208,288
1,<environment.Job instance at 0x1494a50df4b0>,61,15,[7 2],82,291,306,209,291
1,<environment.Job instance at 0x1494a50dfb40>,63,1,[1 8],86,300,301,214,300
1,<environment.Job instance at 0x1494a50dfe10>,62,1,[7 2],85,303,304,218,303
1,<environment.Job instance at 0x1494a50dfeb0>,65,22,[ 1 10],88,303,325,215,303
1,<environment.Job instance at 0x1494a50df320>,66,2,[1 6],89,325,327,236,321
1,<environment.Job instance at 0x14947b8b17d0>,12,3,[14  2],18,332,335,314,332
1,<environment.Job instance at 0x1494a50df5a0>,58,25,[1 7],79,341,366,262,341
1,<environment.Job instance at 0x14947b8b10f0>,13,2,[1 7],21,370,372,349,370
1,<environment.Job instance at 0x1508b0443a00>,4,2,[7 2],5,5,7,0,5
1,<environment.Job instance at 0x1508b0443f50>,7,1,[2 6],8,8,9,0,8
1,<environment.Job instance at 0x1508b04392d0>,18,2,[10  1],25,25,27,0,25
1,<environment.Job instance at 0x1508b0439a00>,19,3,[6 2],26,27,30,1,26
1,<environment.Job instance at 0x1508b0439500>,20,2,[ 1 13],27,27,29,0,27
1,<environment.Job instance at 0x1508b0439aa0>,21,3,[6 1],29,29,32,0,29
1,<environment.Job instance at 0x1508b04393c0>,22,1,[2 7],30,30,31,0,30
1,<environment.Job instance at 0x1508b04394b0>,23,2,[8 1],31,31,33,0,31
1,<environment.Job instance at 0x1508b0438d70>,25,2,[2 8],34,34,36,0,34
1,<environment.Job instance at 0x1508b0438a00>,26,1,[2 7],35,35,36,0,35
1,<environment.Job instance at 0x1508b0438d20>,27,2,[2 7],36,36,38,0,36
1,<environment.Job instance at 0x1508b04385a0>,28,2,[2 7],37,37,39,0,37
1,<environment.Job instance at 0x1508b0438140>,30,15,[2 9],40,40,55,0,40
1,<environment.Job instance at 0x1508ba04a3c0>,31,3,[9 2],41,41,44,0,41
1,<environment.Job instance at 0x1508b7cfa5a0>,32,3,[2 9],42,55,58,13,42
1,<environment.Job instance at 0x1508b0438870>,33,1,[2 7],43,58,59,15,43
1,<environment.Job instance at 0x1508b067fd20>,41,25,[12  2],54,59,84,5,59
1,<environment.Job instance at 0x1508b0682410>,42,1,[10  1],56,2220,2221,2164,2220
1,<environment.Job instance at 0x1508b216fe10>,3,1,[1 6],7,7,8,0,7
1,<environment.Job instance at 0x1508b08f5c80>,11,1,[10  1],17,17,18,0,17
1,<environment.Job instance at 0x1508b08f50f0>,14,2,[1 8],21,21,23,0,21
1,<environment.Job instance at 0x1508b08f56e0>,15,2,[2 6],22,23,25,1,23
1,<environment.Job instance at 0x1508b08f54b0>,21,2,[14  1],30,34,36,4,34
1,<environment.Job instance at 0x1508b228a370>,31,1,[ 2 10],42,44,45,2,44
1,<environment.Job instance at 0x1508b228a870>,32,1,[ 2 14],43,45,46,2,44
1,<environment.Job instance at 0x1508b08f5e60>,19,1,[2 5],28,540,541,512,540
1,<environment.Job instance at 0x1508b2287500>,39,3,[2 5],53,540,543,487,540
1,<environment.Job instance at 0x1508b22872d0>,40,1,[8 1],54,541,542,487,541
1,<environment.Job instance at 0x1508b22877d0>,41,3,[5 2],56,541,544,485,541
1,<environment.Job instance at 0x1508b2287190>,42,15,[9 2],57,543,558,486,541
1,<environment.Job instance at 0x1508b2287be0>,43,18,[2 6],58,544,562,486,541
1,<environment.Job instance at 0x1508b2287690>,44,1,[1 6],59,543,544,484,543
1,<environment.Job instance at 0x1508b2287cd0>,45,1,[1 7],60,546,547,486,546
1,<environment.Job instance at 0x1508b22870f0>,46,3,[9 1],63,560,563,497,560
1,<environment.Job instance at 0x1508b228aeb0>,23,3,[2 8],32,560,563,528,560
1,<environment.Job instance at 0x1508b2287050>,47,3,[12  1],64,563,566,499,561
1,<environment.Job instance at 0x1508b2287fa0>,49,15,[1 6],67,564,579,497,564
1,<environment.Job instance at 0x1508b2287640>,50,3,[7 2],68,574,577,506,574
1,<environment.Job instance at 0x1508b2287b90>,52,3,[1 7],71,577,580,506,577
1,<environment.Job instance at 0x1508b2287320>,53,13,[ 1 14],72,581,594,509,581
1,<environment.Job instance at 0x1508b08f5230>,18,1,[2 7],27,594,595,567,583
1,<environment.Job instance at 0x1508b2287870>,54,27,[1 8],73,688,715,615,688
1,<environment.Job instance at 0x1508b7d5b500>,62,2,[1 9],88,1780,1782,1692,1780
1,<environment.Job instance at 0x1508b2287230>,48,1,[1 8],66,1786,1787,1720,1786
1,<environment.Job instance at 0x1508b22875f0>,37,3,[11  2],51,2635,2638,2584,2635
1,<environment.Job instance at 0x1508b20af690>,8,2,[8 2],11,11,13,0,11
1,<environment.Job instance at 0x1508b20af280>,9,3,[8 1],12,13,16,1,12
1,<environment.Job instance at 0x1508b20aff50>,10,2,[2 5],13,13,15,0,13
1,<environment.Job instance at 0x1508b2091550>,11,3,[6 1],14,15,18,1,14
1,<environment.Job instance at 0x1508b2091820>,12,2,[10  1],15,18,20,3,15
1,<environment.Job instance at 0x1508b20914b0>,17,17,[7 1],22,29,46,7,29
1,<environment.Job instance at 0x1508b2091a00>,21,1,[9 1],31,46,47,15,31
1,<environment.Job instance at 0x1508b20951e0>,24,1,[9 1],35,47,48,12,39
1,<environment.Job instance at 0x1508b20957d0>,26,1,[ 1 10],37,39,40,2,39
1,<environment.Job instance at 0x1508b2091a50>,23,2,[6 2],33,40,42,7,40
1,<environment.Job instance at 0x1508b2091e10>,18,1,[2 6],23,44,45,21,44
1,<environment.Job instance at 0x1508b212a4b0>,31,1,[2 6],46,46,47,0,46
1,<environment.Job instance at 0x1508b212ad70>,34,1,[2 8],52,52,53,0,52
1,<environment.Job instance at 0x1508b212acd0>,39,3,[8 1],62,62,65,0,62
1,<environment.Job instance at 0x1508b212a320>,40,1,[7 2],63,63,64,0,63
1,<environment.Job instance at 0x1508b212a8c0>,41,2,[5 2],64,64,66,0,64
1,<environment.Job instance at 0x1508b212a500>,42,2,[ 2 12],66,66,68,0,66
1,<environment.Job instance at 0x1508b212afa0>,43,14,[6 1],67,67,81,0,67
1,<environment.Job instance at 0x1508b212a780>,37,2,[2 5],58,109,111,51,109
1,<environment.Job instance at 0x1508b20e0d20>,48,1,[1 5],73,113,114,40,113
1,<environment.Job instance at 0x1508b20e05a0>,49,16,[1 7],74,125,141,51,125
1,<environment.Job instance at 0x1508b2154c80>,52,3,[1 5],79,131,134,52,131
1,<environment.Job instance at 0x1508b2154c30>,53,21,[ 2 13],80,141,162,61,134
1,<environment.Job instance at 0x1508b2154690>,54,1,[2 8],81,134,135,53,134
1,<environment.Job instance at 0x1508b2154d20>,55,1,[7 1],82,137,138,55,137
1,<environment.Job instance at 0x1508b20f4050>,56,18,[5 2],83,137,155,54,137
1,<environment.Job instance at 0x1508b20f49b0>,57,2,[8 2],85,155,157,70,140
1,<environment.Job instance at 0x1508b20f4960>,58,3,[1 7],86,162,165,76,142
1,<environment.Job instance at 0x1508b20f4140>,59,18,[8 1],87,157,175,70,148
1,<environment.Job instance at 0x1508b2158be0>,60,1,[5 2],88,162,163,74,155
1,<environment.Job instance at 0x1508b2158f00>,61,1,[1 8],89,186,187,97,186
1,<environment.Job instance at 0x1508b21588c0>,62,3,[1 7],90,201,204,111,201
1,<environment.Job instance at 0x1508b7434460>,63,2,[5 2],92,204,206,112,204
1,<environment.Job instance at 0x1508b2158910>,64,2,[1 7],94,205,207,111,205
1,<environment.Job instance at 0x1508b2c29190>,65,2,[5 2],95,209,211,114,209
1,<environment.Job instance at 0x1508b214cd70>,66,1,[1 6],97,211,212,114,211
1,<environment.Job instance at 0x1508b20a65f0>,67,12,[7 1],98,214,226,116,214
1,<environment.Job instance at 0x1508b2036c30>,68,2,[10  1],99,226,228,127,221
1,<environment.Job instance at 0x1508b2091b90>,19,16,[9 1],26,244,260,218,244
1,<environment.Job instance at 0x150873401b40>,7,2,[2 5],14,14,16,0,14
1,<environment.Job instance at 0x15087336b3c0>,8,1,[ 2 10],15,15,16,0,15
1,<environment.Job instance at 0x15087336bcd0>,9,14,[8 1],16,20,34,4,20
1,<environment.Job instance at 0x15087336bf00>,18,12,[7 1],31,32,44,1,32
1,<environment.Job instance at 0x15087336b9b0>,20,2,[10  1],33,44,46,11,33
1,<environment.Job instance at 0x15087376e550>,21,3,[1 9],34,34,37,0,34
1,<environment.Job instance at 0x15087376e690>,22,3,[1 8],38,38,41,0,38
1,<environment.Job instance at 0x15087376e370>,23,2,[2 7],41,41,43,0,41
1,<environment.Job instance at 0x15087376e280>,24,2,[9 2],42,46,48,4,42
1,<environment.Job instance at 0x15087376e0a0>,25,3,[5 2],43,43,46,0,43
1,<environment.Job instance at 0x15087336bd20>,19,20,[8 2],32,48,68,16,44
1,<environment.Job instance at 0x1508732d49b0>,37,1,[6 2],61,71,72,10,71
1,<environment.Job instance at 0x1508732d4690>,38,3,[2 7],63,71,74,8,71
1,<environment.Job instance at 0x15087336b230>,16,3,[5 1],24,77,80,53,77
1,<environment.Job instance at 0x15087336b370>,15,1,[6 1],23,107,108,84,107
1,<environment.Job instance at 0x15087376c190>,41,2,[1 9],71,107,109,36,107
1,<environment.Job instance at 0x15087376c3c0>,42,2,[1 6],72,126,128,54,126
1,<environment.Job instance at 0x15087376c9b0>,43,1,[1 9],73,129,130,56,129
1,<environment.Job instance at 0x15087376ce10>,44,3,[1 8],74,131,134,57,131
1,<environment.Job instance at 0x15087376c730>,45,1,[9 2],75,131,132,56,131
1,<environment.Job instance at 0x15087336b910>,14,3,[1 9],22,148,151,126,148
1,<environment.Job instance at 0x15087376ca00>,46,18,[ 1 10],76,167,185,91,167
1,<environment.Job instance at 0x15087376c370>,47,2,[1 6],78,185,187,107,177
1,<environment.Job instance at 0x15087376c050>,48,3,[ 2 10],80,187,190,107,185
1,<environment.Job instance at 0x15087376c870>,50,3,[9 1],82,190,193,108,190
1,<environment.Job instance at 0x15087376c780>,51,16,[9 1],83,193,209,110,190
1,<environment.Job instance at 0x15087376c410>,52,1,[6 2],85,196,197,111,196
1,<environment.Job instance at 0x1508732d4640>,40,2,[8 1],68,209,211,141,198
1,<environment.Job instance at 0x15087376c320>,53,3,[2 7],86,198,201,112,198
1,<environment.Job instance at 0x15087376c6e0>,55,2,[ 1 10],89,201,203,112,199
1,<environment.Job instance at 0x15087376c140>,56,3,[10  2],90,211,214,121,199
1,<environment.Job instance at 0x15087376cd20>,57,2,[2 9],91,203,205,112,200
1,<environment.Job instance at 0x15087376cf00>,58,3,[9 1],94,214,217,120,207
1,<environment.Job instance at 0x150873727140>,59,18,[6 2],96,214,232,118,207
1,<environment.Job instance at 0x150873727910>,60,16,[1 5],98,217,233,119,209
1,<environment.Job instance at 0x15087376ca50>,54,14,[7 2],87,374,388,287,374
1,<environment.Job instance at 0x15087376c7d0>,49,1,[7 2],81,398,399,317,398
1,<environment.Job instance at 0x1508732d4500>,36,2,[ 2 12],60,518,520,458,518
1,<environment.Job instance at 0x1508b22a8c80>,10,1,[7 2],16,16,17,0,16
1,<environment.Job instance at 0x1508737978c0>,16,2,[2 9],25,25,27,0,25
1,<environment.Job instance at 0x150873188c80>,17,2,[2 5],26,26,28,0,26
1,<environment.Job instance at 0x1508736583c0>,18,16,[2 9],27,28,44,1,28
1,<environment.Job instance at 0x15087304cf00>,20,3,[8 1],29,29,32,0,29
1,<environment.Job instance at 0x15087339f780>,22,1,[10  1],34,34,35,0,34
1,<environment.Job instance at 0x15087371d460>,35,1,[1 8],55,55,56,0,55
1,<environment.Job instance at 0x1508b2263aa0>,44,2,[1 8],66,73,75,7,73
1,<environment.Job instance at 0x1508b21acd20>,47,1,[2 8],70,75,76,5,73
1,<environment.Job instance at 0x15087304eb90>,48,1,[8 2],71,73,74,2,73
1,<environment.Job instance at 0x1508b21d05f0>,1,1,[2 9],2,3,4,1,3
1,<environment.Job instance at 0x1508b7d853c0>,2,27,[ 2 10],3,4,31,1,4
1,<environment.Job instance at 0x150872e23c80>,20,17,[9 2],28,37,54,9,37
1,<environment.Job instance at 0x150872e23e10>,21,1,[6 2],29,65,66,36,65
1,<environment.Job instance at 0x150872e238c0>,25,2,[1 5],33,71,73,38,71
1,<environment.Job instance at 0x150872e24230>,27,1,[2 5],36,71,72,35,71
1,<environment.Job instance at 0x150872e243c0>,29,1,[2 6],38,77,78,39,77
1,<environment.Job instance at 0x150872e241e0>,30,1,[2 8],40,77,78,37,77
1,<environment.Job instance at 0x150872e24550>,31,1,[2 6],41,78,79,37,77
1,<environment.Job instance at 0x150872e24870>,36,3,[5 1],47,112,115,65,112
1,<environment.Job instance at 0x150872e24910>,37,1,[10  1],48,112,113,64,112
1,<environment.Job instance at 0x150872e249b0>,38,1,[1 8],49,113,114,64,112
1,<environment.Job instance at 0x150872e24af0>,40,2,[2 6],51,122,124,71,122
1,<environment.Job instance at 0x150872e23f00>,24,3,[2 7],32,122,125,90,122
1,<environment.Job instance at 0x150872e24b90>,41,3,[9 2],52,122,125,70,122
1,<environment.Job instance at 0x150872e24d20>,45,2,[1 6],57,165,167,108,165
1,<environment.Job instance at 0x150872e24c30>,42,2,[10  2],53,194,196,141,194
1,<environment.Job instance at 0x150872e23eb0>,22,2,[1 5],30,232,234,202,232
1,<environment.Job instance at 0x150872e24e10>,49,2,[1 8],62,260,262,198,260
1,<environment.Job instance at 0x150872e28230>,51,1,[2 5],64,264,265,200,264
1,<environment.Job instance at 0x150872e28050>,53,2,[7 1],66,281,283,215,281
1,<environment.Job instance at 0x150872e284b0>,54,3,[7 1],67,282,285,215,282
1,<environment.Job instance at 0x150872e280f0>,56,25,[12  1],69,285,310,216,284
1,<environment.Job instance at 0x150872e28730>,57,1,[ 2 10],70,284,285,214,284
1,<environment.Job instance at 0x150872e28320>,58,2,[10  2],72,310,312,238,284
1,<environment.Job instance at 0x150872e289b0>,59,3,[7 1],76,312,315,236,286
1,<environment.Job instance at 0x150872e28af0>,60,3,[2 8],77,286,289,209,286
1,<environment.Job instance at 0x150872e28be0>,61,3,[1 9],78,289,292,211,286
1,<environment.Job instance at 0x150872e24f00>,47,2,[7 2],60,312,314,252,304
1,<environment.Job instance at 0x150872e28c80>,64,23,[1 6],81,304,327,223,304
1,<environment.Job instance at 0x150872e29280>,67,3,[6 1],89,314,317,225,304
1,<environment.Job instance at 0x150872e292d0>,68,3,[8 1],90,315,318,225,304
1,<environment.Job instance at 0x150872e29410>,69,2,[7 1],92,318,320,226,304
1,<environment.Job instance at 0x150872e28e60>,65,12,[7 1],84,341,353,257,341
1,<environment.Job instance at 0x150872e290a0>,71,1,[7 1],96,349,350,253,349
1,<environment.Job instance at 0x150872e29690>,72,2,[5 1],97,357,359,260,357
1,<environment.Job instance at 0x150872e23f50>,23,1,[1 7],31,361,362,330,361
1,<environment.Job instance at 0x150872e296e0>,73,14,[2 5],98,363,377,265,363
1,<environment.Job instance at 0x150872e23a00>,19,13,[12  2],27,425,438,398,425
1,<environment.Job instance at 0x150872e245a0>,50,14,[6 1],63,442,456,379,442
1,<environment.Job instance at 0x150872ea62d0>,8,1,[10  2],15,15,16,0,15
1,<environment.Job instance at 0x150872f1fc80>,9,1,[5 2],16,16,17,0,16
1,<environment.Job instance at 0x150872f1ff50>,10,26,[2 8],18,18,44,0,18
1,<environment.Job instance at 0x150872f2f730>,19,3,[5 1],38,39,42,1,39
1,<environment.Job instance at 0x150872f2f140>,21,2,[7 2],40,40,42,0,40
1,<environment.Job instance at 0x150872f2f190>,22,2,[6 2],41,42,44,1,41
1,<environment.Job instance at 0x150872f200f0>,27,21,[1 8],46,49,70,3,49
1,<environment.Job instance at 0x150872f20aa0>,31,3,[9 2],52,52,55,0,52
1,<environment.Job instance at 0x150872f20870>,32,2,[5 1],53,53,55,0,53
1,<environment.Job instance at 0x150872f20910>,28,17,[2 8],47,70,87,23,62
1,<environment.Job instance at 0x150872f4a6e0>,44,1,[ 1 12],76,87,88,11,85
1,<environment.Job instance at 0x150872f4a410>,42,15,[2 7],70,88,103,18,86
1,<environment.Job instance at 0x1508b939fd70>,0,1,[6 2],1,1,2,0,1
1,<environment.Job instance at 0x150873771730>,2,1,[7 1],4,4,5,0,4
1,<environment.Job instance at 0x1508b2f842d0>,5,3,[1 5],7,7,10,0,7
1,<environment.Job instance at 0x1508b2f845a0>,6,3,[2 7],8,8,11,0,8
1,<environment.Job instance at 0x1508b1bdf8c0>,11,1,[1 9],17,17,18,0,17
1,<environment.Job instance at 0x1508731bd320>,18,25,[8 1],29,30,55,1,30
1,<environment.Job instance at 0x1508731bdd20>,27,3,[1 5],40,50,53,10,50
1,<environment.Job instance at 0x1508b2241230>,54,1,[8 1],74,111,112,37,111
1,<environment.Job instance at 0x1508b2241960>,55,1,[1 5],76,111,112,35,111
1,<environment.Job instance at 0x1508ac0947d0>,56,1,[10  1],78,112,113,34,111
1,<environment.Job instance at 0x1508b2236320>,59,25,[9 1],81,121,146,40,121
1,<environment.Job instance at 0x1508b22363c0>,60,1,[10  2],83,146,147,63,121
1,<environment.Job instance at 0x1508b22360f0>,61,21,[ 2 10],84,121,142,37,121
1,<environment.Job instance at 0x1508b2236050>,64,3,[2 7],88,142,145,54,142
1,<environment.Job instance at 0x1508b8cc9370>,67,2,[2 9],91,145,147,54,142
1,<environment.Job instance at 0x1508ba20d8c0>,68,2,[1 5],92,142,144,50,142
1,<environment.Job instance at 0x1508ba20da00>,71,1,[9 1],96,147,148,51,144
1,<environment.Job instance at 0x1508b2c15500>,28,12,[2 9],42,170,182,128,170
1,<environment.Job instance at 0x1508b2c15e60>,29,3,[9 2],43,176,179,133,176
1,<environment.Job instance at 0x1508b2c159b0>,1,2,[5 1],2,2,4,0,2
1,<environment.Job instance at 0x1508b2c15820>,2,1,[1 7],3,6,7,3,6
1,<environment.Job instance at 0x15087357d5f0>,4,1,[6 2],7,7,8,0,7
1,<environment.Job instance at 0x15087357d4b0>,5,1,[5 1],8,8,9,0,8
1,<environment.Job instance at 0x15087357d410>,6,1,[2 6],10,10,11,0,10
1,<environment.Job instance at 0x15087357da00>,8,2,[9 1],12,12,14,0,12
1,<environment.Job instance at 0x15087357dd20>,13,2,[ 1 10],18,18,20,0,18
1,<environment.Job instance at 0x15087358e410>,17,17,[7 1],24,544,561,520,544
1,<environment.Job instance at 0x1508736abf50>,10,25,[6 1],15,1484,1509,1469,1484
1,<environment.Job instance at 0x1508b735c690>,0,26,[1 6],1,4,30,3,4
1,<environment.Job instance at 0x1508b233e910>,14,20,[8 1],20,135,155,115,135
1,<environment.Job instance at 0x1508b2c630f0>,23,13,[ 2 11],40,408,421,368,408
1,<environment.Job instance at 0x1508b233ed20>,24,3,[1 8],41,455,458,414,455
1,<environment.Job instance at 0x1508b2c63230>,25,1,[8 1],43,484,485,441,484
1,<environment.Job instance at 0x1508b2c63460>,27,12,[7 2],46,497,509,451,497
1,<environment.Job instance at 0x1508b2c63190>,26,16,[9 1],44,509,525,465,498
1,<environment.Job instance at 0x1508b2c63410>,28,15,[ 2 10],52,523,538,471,523
1,<environment.Job instance at 0x1508b2c632d0>,30,2,[7 2],54,528,530,474,528
1,<environment.Job instance at 0x1508b2c636e0>,31,2,[5 2],56,533,535,477,533
1,<environment.Job instance at 0x1508b233e2d0>,15,2,[7 1],21,533,535,512,533
1,<environment.Job instance at 0x1508b2c63780>,32,1,[ 2 10],57,538,539,481,537
1,<environment.Job instance at 0x1508b2c638c0>,33,1,[6 2],58,545,546,487,545
1,<environment.Job instance at 0x1508b2c63a00>,34,2,[ 1 12],59,547,549,488,547
1,<environment.Job instance at 0x1508b2c63aa0>,36,2,[5 2],61,563,565,502,563
1,<environment.Job instance at 0x1508b2c63b40>,37,21,[5 1],62,565,586,503,565
1,<environment.Job instance at 0x1508b2c63be0>,38,3,[2 8],63,569,572,506,569
1,<environment.Job instance at 0x1508b2c63d20>,39,3,[8 2],65,573,576,508,573
1,<environment.Job instance at 0x1508b2c63dc0>,40,1,[ 2 10],66,588,589,522,588
1,<environment.Job instance at 0x1508b2c63eb0>,41,2,[1 6],67,589,591,522,588
1,<environment.Job instance at 0x1508b2c63f00>,42,2,[8 1],68,591,593,523,591
1,<environment.Job instance at 0x1508b2c63fa0>,43,1,[2 7],70,598,599,528,598
1,<environment.Job instance at 0x1508b2c720a0>,44,2,[1 8],71,599,601,528,599
1,<environment.Job instance at 0x1508b2c72050>,45,13,[7 1],72,602,615,530,602
1,<environment.Job instance at 0x1508b2c721e0>,46,3,[ 2 10],75,620,623,545,620
1,<environment.Job instance at 0x1508b2c72370>,47,2,[2 7],76,627,629,551,627
1,<environment.Job instance at 0x1508b2c72280>,48,22,[ 2 10],77,629,651,552,627
1,<environment.Job instance at 0x1508b2c72320>,49,2,[10  2],78,668,670,590,668
1,<environment.Job instance at 0x1508b2c72460>,50,2,[1 7],79,688,690,609,688
1,<environment.Job instance at 0x1508b2c724b0>,51,3,[2 8],80,688,691,608,688
1,<environment.Job instance at 0x1508b2c72500>,52,2,[6 2],81,690,692,609,688
1,<environment.Job instance at 0x1508b2c726e0>,53,1,[7 1],84,694,695,610,694
1,<environment.Job instance at 0x1508b2c727d0>,54,2,[5 2],85,710,712,625,710
1,<environment.Job instance at 0x1508b2c72730>,55,15,[1 9],86,711,726,625,711
1,<environment.Job instance at 0x1508b2c72780>,56,3,[6 1],87,725,728,638,725
1,<environment.Job instance at 0x1508b2c728c0>,57,2,[ 1 10],88,731,733,643,731
1,<environment.Job instance at 0x1508b2c72910>,58,1,[7 1],89,731,732,642,731
1,<environment.Job instance at 0x1508b2c63870>,35,16,[2 9],60,740,756,680,740
1,<environment.Job instance at 0x1508b2c72aa0>,59,1,[2 6],92,746,747,654,746
1,<environment.Job instance at 0x1508b2c72af0>,61,1,[5 1],94,752,753,658,752
1,<environment.Job instance at 0x1508b2c72b40>,62,2,[8 2],95,770,772,675,770
1,<environment.Job instance at 0x1508b2c72c80>,63,1,[6 1],96,775,776,679,775
1,<environment.Job instance at 0x1508b2c72d20>,64,3,[8 1],98,781,784,683,781
1,<environment.Job instance at 0x1508b2c72b90>,60,2,[10  2],93,792,794,699,792
1,<environment.Job instance at 0x1508b2144960>,3,3,[2 6],7,7,10,0,7
1,<environment.Job instance at 0x1508b2144140>,4,2,[7 1],8,8,10,0,8
1,<environment.Job instance at 0x1508b2144370>,5,21,[6 1],10,10,31,0,10
1,<environment.Job instance at 0x1508b2144eb0>,9,2,[2 8],15,320,322,305,320
1,<environment.Job instance at 0x1508b1c17a50>,13,27,[5 2],22,342,369,320,342
1,<environment.Job instance at 0x1508730af1e0>,8,1,[ 2 10],14,407,408,393,407
1,<environment.Job instance at 0x1508b1c175f0>,14,27,[1 9],23,484,511,461,484
1,<environment.Job instance at 0x150873389820>,6,3,[ 2 13],12,522,525,510,522
1,<environment.Job instance at 0x1508735a91e0>,21,2,[8 1],35,522,524,487,522
1,<environment.Job instance at 0x1508735a9640>,24,1,[2 6],39,525,526,486,523
1,<environment.Job instance at 0x1508b7430320>,25,3,[1 5],40,525,528,485,523
1,<environment.Job instance at 0x1508b7430910>,26,3,[8 2],43,524,527,481,523
1,<environment.Job instance at 0x1508b2310f00>,27,1,[1 7],44,526,527,482,523
1,<environment.Job instance at 0x1508b74302d0>,28,3,[2 8],45,527,530,482,523
1,<environment.Job instance at 0x1508b7430be0>,29,2,[7 1],46,527,529,481,523
1,<environment.Job instance at 0x1508737a6fa0>,30,28,[1 6],47,528,556,481,527
1,<environment.Job instance at 0x1508732eef00>,31,1,[1 7],50,530,531,480,527
1,<environment.Job instance at 0x1508b21ab550>,32,21,[9 1],51,529,550,478,527
1,<environment.Job instance at 0x1508b21aba50>,33,16,[1 6],52,531,547,479,529
1,<environment.Job instance at 0x1508b7cf65f0>,35,2,[5 1],55,547,549,492,529
1,<environment.Job instance at 0x1508b21d5be0>,36,2,[ 2 10],56,556,558,500,529
1,<environment.Job instance at 0x1508b5ee55a0>,37,3,[5 1],57,549,552,492,529
1,<environment.Job instance at 0x1508b21d5320>,38,1,[1 9],59,552,553,493,529
1,<environment.Job instance at 0x1508733b7280>,39,1,[2 7],60,550,551,490,529
1,<environment.Job instance at 0x1508731455f0>,40,2,[1 8],61,553,555,492,529
1,<environment.Job instance at 0x150873145e10>,41,1,[1 9],63,555,556,492,529
1,<environment.Job instance at 0x1508b22894b0>,42,2,[ 2 10],65,558,560,493,531
1,<environment.Job instance at 0x1508733b7780>,43,3,[9 1],66,556,559,490,531
1,<environment.Job instance at 0x1508b2cd28c0>,15,1,[9 1],24,551,552,527,538
1,<environment.Job instance at 0x1508737c7500>,49,1,[9 2],74,559,560,485,544
1,<environment.Job instance at 0x1508b7dbf6e0>,50,1,[2 8],75,560,561,485,544
1,<environment.Job instance at 0x1508737c7aa0>,51,1,[5 1],76,550,551,474,544
1,<environment.Job instance at 0x1508b2226c30>,52,1,[8 1],78,553,554,475,544
1,<environment.Job instance at 0x1508b2226320>,53,1,[1 8],80,561,562,481,544
1,<environment.Job instance at 0x1508b22265a0>,54,1,[2 9],81,562,563,481,544
1,<environment.Job instance at 0x1508b2226190>,55,3,[1 9],82,563,566,481,544
1,<environment.Job instance at 0x1508b22260f0>,57,1,[7 2],85,560,561,475,555
1,<environment.Job instance at 0x1508b2226c80>,58,1,[10  1],86,561,562,475,555
1,<environment.Job instance at 0x1508b2226910>,59,3,[2 5],88,560,563,472,555
1,<environment.Job instance at 0x1508b2226f00>,60,2,[6 2],89,563,565,474,555
1,<environment.Job instance at 0x1508b2226dc0>,63,1,[1 6],92,566,567,474,566
1,<environment.Job instance at 0x1508b2bc43c0>,66,1,[7 1],95,584,585,489,584
1,<environment.Job instance at 0x1508b2bc4230>,68,2,[1 8],97,584,586,487,584
1,<environment.Job instance at 0x1508b2bc4690>,69,26,[8 1],98,585,611,487,584
1,<environment.Job instance at 0x1508735846e0>,18,3,[ 1 10],31,605,608,574,605
1,<environment.Job instance at 0x1508b2c1be10>,45,20,[ 2 11],68,617,637,549,617
1,<environment.Job instance at 0x1508733b4370>,46,16,[9 2],70,633,649,563,633
1,<environment.Job instance at 0x150873541eb0>,10,1,[1 7],18,639,640,621,639
1,<environment.Job instance at 0x1508737f4640>,0,27,[6 1],1,1,28,0,1
1,<environment.Job instance at 0x1508737f46e0>,3,16,[5 2],4,4,20,0,4
1,<environment.Job instance at 0x1508737f41e0>,4,2,[2 9],5,5,7,0,5
1,<environment.Job instance at 0x150872dbe640>,6,3,[7 2],8,20,23,12,8
1,<environment.Job instance at 0x1508b975efa0>,11,28,[14  1],18,28,56,10,27
1,<environment.Job instance at 0x1508b743cc30>,20,2,[1 8],29,122,124,93,122
1,<environment.Job instance at 0x1508b743c1e0>,18,2,[11  2],26,122,124,96,122
1,<environment.Job instance at 0x1508b743ce10>,22,1,[1 5],31,122,123,91,122
1,<environment.Job instance at 0x1508b743caf0>,23,2,[9 1],32,124,126,92,122
1,<environment.Job instance at 0x1508b743c820>,13,3,[7 1],20,126,129,106,122
1,<environment.Job instance at 0x1508b743c460>,25,17,[5 2],34,124,141,90,122
1,<environment.Job instance at 0x1508b743c2d0>,26,2,[2 6],36,126,128,90,122
1,<environment.Job instance at 0x1508b7e24e10>,27,1,[ 1 10],37,124,125,87,122
1,<environment.Job instance at 0x1508b7e24d70>,28,1,[2 7],38,128,129,90,122
1,<environment.Job instance at 0x1508b743c230>,14,1,[6 1],21,129,130,108,122
1,<environment.Job instance at 0x1508b7e24a00>,32,2,[8 2],43,130,132,87,122
1,<environment.Job instance at 0x1508b7e24820>,33,2,[12  1],45,141,143,96,122
1,<environment.Job instance at 0x1508b7e246e0>,29,2,[2 6],39,129,131,90,122
1,<environment.Job instance at 0x1508b7e24690>,36,18,[10  2],48,143,161,95,134
1,<environment.Job instance at 0x1508b7e240f0>,38,15,[2 5],50,137,152,87,137
1,<environment.Job instance at 0x15087317ce60>,43,3,[1 5],58,137,140,79,137
1,<environment.Job instance at 0x15087317c960>,44,1,[10  1],59,161,162,102,137
1,<environment.Job instance at 0x15087317c320>,45,1,[10  2],60,162,163,102,137
1,<environment.Job instance at 0x15087317c8c0>,46,16,[7 1],61,163,179,102,150
1,<environment.Job instance at 0x15087317cb90>,47,1,[1 6],62,150,151,88,150
1,<environment.Job instance at 0x15087369de60>,51,1,[1 6],66,152,153,86,152
1,<environment.Job instance at 0x15087369d550>,52,3,[2 6],67,152,155,85,152
1,<environment.Job instance at 0x15087369ddc0>,53,3,[1 9],68,155,158,87,153
1,<environment.Job instance at 0x15087369de10>,54,3,[6 1],69,163,166,94,153
1,<environment.Job instance at 0x15087369daa0>,55,15,[6 1],75,166,181,91,154
1,<environment.Job instance at 0x15087369dcd0>,58,1,[ 2 13],78,158,159,80,154
1,<environment.Job instance at 0x150872f89780>,59,2,[2 5],79,159,161,80,154
1,<environment.Job instance at 0x150872f89fa0>,60,3,[9 1],80,179,182,99,154
1,<environment.Job instance at 0x1508735d7d70>,61,16,[2 5],81,159,175,78,154
1,<environment.Job instance at 0x1508735d71e0>,62,1,[5 1],82,181,182,99,154
1,<environment.Job instance at 0x1508b7e24a50>,40,2,[1 8],53,161,163,108,154
1,<environment.Job instance at 0x1508735d7960>,64,2,[1 7],84,175,177,91,159
1,<environment.Job instance at 0x1508735d7a50>,65,1,[6 2],87,182,183,95,166
1,<environment.Job instance at 0x1508735d7370>,66,3,[5 2],88,182,185,94,170
1,<environment.Job instance at 0x1508735d7e10>,63,12,[ 1 10],83,181,193,98,172
1,<environment.Job instance at 0x1508735d7be0>,69,2,[8 2],92,183,185,91,172
1,<environment.Job instance at 0x1508735d73c0>,71,1,[5 2],99,185,186,86,179
1,<environment.Job instance at 0x1508735d7e60>,67,15,[8 1],89,195,210,106,195
1,<environment.Job instance at 0x1508b7e24aa0>,31,2,[5 1],42,196,198,154,196
1,<environment.Job instance at 0x1508735d7870>,68,3,[2 7],90,196,199,106,196
1,<environment.Job instance at 0x1508b22da3c0>,1,1,[2 8],3,3,4,0,3
1,<environment.Job instance at 0x1508b2263140>,0,1,[7 2],2,4,5,2,4
1,<environment.Job instance at 0x1508b8cc9be0>,5,1,[ 1 10],8,8,9,0,8
1,<environment.Job instance at 0x1508b8cc93c0>,6,26,[2 5],9,9,35,0,9
1,<environment.Job instance at 0x150873117b90>,18,2,[ 2 13],29,35,37,6,33
1,<environment.Job instance at 0x150873117cd0>,22,1,[1 9],35,37,38,2,35
1,<environment.Job instance at 0x1508731179b0>,23,3,[6 2],36,36,39,0,36
1,<environment.Job instance at 0x150873117140>,20,28,[2 5],33,38,66,5,38
1,<environment.Job instance at 0x1508b7cfae60>,28,24,[2 9],42,53,77,11,53
1,<environment.Job instance at 0x1508b7cfa190>,27,2,[2 8],41,77,79,36,65
1,<environment.Job instance at 0x150872df9be0>,42,25,[9 1],63,76,101,13,76
1,<environment.Job instance at 0x1508b7cfa3c0>,32,2,[2 6],50,140,142,90,140
1,<environment.Job instance at 0x1508b20965f0>,55,1,[7 2],81,140,141,59,140
1,<environment.Job instance at 0x1508b2096960>,56,3,[9 1],82,149,152,67,149
1,<environment.Job instance at 0x1508b20961e0>,57,15,[6 1],83,150,165,67,150
1,<environment.Job instance at 0x150872d84500>,58,1,[2 5],84,159,160,75,159
1,<environment.Job instance at 0x15087369d8c0>,59,2,[1 5],86,161,163,75,161
1,<environment.Job instance at 0x1508b2096a00>,60,3,[2 8],87,162,165,75,162
1,<environment.Job instance at 0x1508b2096c80>,61,17,[10  1],88,165,182,77,163
1,<environment.Job instance at 0x150872db1640>,62,26,[5 2],89,168,194,79,168
1,<environment.Job instance at 0x1508b2096320>,63,1,[8 2],90,182,183,92,176
1,<environment.Job instance at 0x1508735ccf00>,64,2,[2 6],91,194,196,103,194
1,<environment.Job instance at 0x1508b7cfaa50>,29,3,[2 5],45,195,198,150,195
1,<environment.Job instance at 0x1508731ef550>,65,3,[1 9],92,202,205,110,202
1,<environment.Job instance at 0x1508b2fcd280>,67,3,[2 9],95,206,209,111,206
1,<environment.Job instance at 0x150872a1eaf0>,68,2,[6 1],96,210,212,114,210
1,<environment.Job instance at 0x1508b20f04b0>,69,1,[5 1],97,212,213,115,212
1,<environment.Job instance at 0x150872df9d70>,43,3,[2 7],64,248,251,184,248
1,<environment.Job instance at 0x1508b2f93140>,70,16,[2 6],98,248,264,150,248
1,<environment.Job instance at 0x1508b20965a0>,54,2,[ 1 14],80,308,310,228,308
1,<environment.Job instance at 0x150872d67230>,66,2,[1 7],94,358,360,264,358
1,<environment.Job instance at 0x1508737caaf0>,6,22,[2 9],13,13,35,0,13
1,<environment.Job instance at 0x1508737cac80>,11,1,[ 1 12],24,35,36,11,30
1,<environment.Job instance at 0x1508737c22d0>,15,12,[5 2],29,33,45,4,33
1,<environment.Job instance at 0x1508737c27d0>,18,3,[5 1],33,33,36,0,33
1,<environment.Job instance at 0x1508737c2a00>,19,2,[13  1],34,45,47,11,34
1,<environment.Job instance at 0x1508737c2b40>,20,1,[12  2],35,47,48,12,35
1,<environment.Job instance at 0x1508737c2c80>,21,1,[5 1],36,36,37,0,36
1,<environment.Job instance at 0x1508737c2dc0>,22,3,[8 1],37,37,40,0,37
1,<environment.Job instance at 0x1508737c2f00>,23,2,[6 2],38,40,42,2,38
1,<environment.Job instance at 0x1508737c2fa0>,24,3,[9 2],39,42,45,3,39
1,<environment.Job instance at 0x1508737c2550>,17,20,[9 1],31,48,68,17,44
1,<environment.Job instance at 0x1508737cad70>,12,1,[10  2],25,68,69,43,56
1,<environment.Job instance at 0x1508737cee60>,34,1,[7 2],60,69,70,9,60
1,<environment.Job instance at 0x1508737d98c0>,42,1,[1 9],70,70,71,0,70
1,<environment.Job instance at 0x1508737d9a00>,43,2,[2 6],71,71,73,0,71
1,<environment.Job instance at 0x1508737d9b40>,44,3,[ 2 10],72,73,76,1,72
1,<environment.Job instance at 0x1508737d9dc0>,46,1,[8 1],76,76,77,0,76
1,<environment.Job instance at 0x1508737d9f00>,47,3,[1 6],77,77,80,0,77
1,<environment.Job instance at 0x1508737d9e10>,48,2,[1 6],78,78,80,0,78
1,<environment.Job instance at 0x1508737d9eb0>,49,1,[2 5],79,80,81,1,79
1,<environment.Job instance at 0x1508737ca910>,4,3,[2 7],9,82,85,73,82
1,<environment.Job instance at 0x1508737f1460>,52,12,[ 1 14],82,85,97,3,84
1,<environment.Job instance at 0x1508737c2280>,13,3,[2 9],26,101,104,75,101
1,<environment.Job instance at 0x1508737f1960>,56,2,[5 1],94,106,108,12,106
1,<environment.Job instance at 0x1508737f10a0>,51,1,[ 1 13],81,108,109,27,108
1,<environment.Job instance at 0x1508737f1aa0>,58,2,[1 8],96,109,111,13,108
1,<environment.Job instance at 0x1508737f17d0>,55,1,[11  1],93,108,109,15,108
1,<environment.Job instance at 0x1508737f1910>,57,2,[1 6],95,113,115,18,113
1,<environment.Job instance at 0x1508737f16e0>,1,1,[1 5],2,2,3,0,2
1,<environment.Job instance at 0x1508b7456410>,7,2,[9 2],11,11,13,0,11
1,<environment.Job instance at 0x1508b74564b0>,8,2,[2 7],15,15,17,0,15
1,<environment.Job instance at 0x1508b74560f0>,9,1,[8 1],16,16,17,0,16
1,<environment.Job instance at 0x1508b74565a0>,10,15,[7 1],17,19,34,2,19
1,<environment.Job instance at 0x1508b7456a00>,15,1,[ 2 10],22,22,23,0,22
1,<environment.Job instance at 0x1508b7456d70>,16,16,[1 7],23,26,42,3,26
1,<environment.Job instance at 0x1508b7456f50>,18,3,[10  1],27,34,37,7,27
1,<environment.Job instance at 0x1508b2bad0f0>,19,1,[9 2],28,37,38,9,28
1,<environment.Job instance at 0x1508b2badf50>,21,2,[1 5],30,31,33,1,31
1,<environment.Job instance at 0x1508b2bad730>,23,2,[10  2],32,38,40,6,35
1,<environment.Job instance at 0x1508b2bad5a0>,28,3,[1 8],40,40,43,0,40
1,<environment.Job instance at 0x1508734592d0>,36,1,[10  1],48,48,49,0,48
1,<environment.Job instance at 0x150873459b90>,37,2,[8 2],50,59,61,9,59
1,<environment.Job instance at 0x1508734593c0>,42,3,[2 8],56,59,62,3,59
1,<environment.Job instance at 0x1508734590a0>,43,17,[12  1],57,61,78,4,59
1,<environment.Job instance at 0x150873459730>,44,3,[1 8],58,62,65,4,60
1,<environment.Job instance at 0x15087366b5f0>,47,15,[9 1],62,78,93,16,65
1,<environment.Job instance at 0x15087366b280>,50,3,[2 8],65,72,75,7,72
1,<environment.Job instance at 0x15087366bdc0>,52,2,[1 6],67,87,89,20,87
1,<environment.Job instance at 0x1508b7d83e60>,62,15,[10  1],83,93,108,10,88
1,<environment.Job instance at 0x1508b7d598c0>,72,1,[ 2 10],95,95,96,0,95
1,<environment.Job instance at 0x1508b2bad320>,22,13,[1 9],31,1077,1090,1046,1077
1,<environment.Job instance at 0x150873459e60>,38,1,[1 6],51,1216,1217,1165,1216
1,<environment.Job instance at 0x150872fcdf50>,4,23,[2 5],7,7,30,0,7
1,<environment.Job instance at 0x150872fcd050>,5,1,[6 1],8,8,9,0,8
1,<environment.Job instance at 0x150872ff3aa0>,22,2,[9 1],29,49,51,20,49
1,<environment.Job instance at 0x1508b2bb79b0>,19,3,[2 5],25,58,61,33,58
1,<environment.Job instance at 0x150872ff3dc0>,23,18,[2 5],30,68,86,38,68
1,<environment.Job instance at 0x150872ff3140>,25,1,[6 1],34,75,76,41,75
1,<environment.Job instance at 0x150872ff39b0>,24,3,[10  2],31,94,97,63,94
1,<environment.Job instance at 0x150872ff35f0>,29,2,[7 1],38,101,103,63,101
1,<environment.Job instance at 0x150872ff3870>,20,2,[6 2],26,104,106,78,104
1,<environment.Job instance at 0x150872b8d0f0>,17,17,[11  2],22,128,145,106,128
1,<environment.Job instance at 0x1508b0919b40>,39,13,[6 1],49,168,181,119,168
1,<environment.Job instance at 0x1508b0924960>,41,14,[6 1],53,170,184,117,170
1,<environment.Job instance at 0x1508b0924af0>,48,3,[2 7],65,201,204,136,201
1,<environment.Job instance at 0x1508b08f1190>,50,17,[5 2],70,202,219,132,202
1,<environment.Job instance at 0x150872ff3640>,30,3,[10  1],39,313,316,274,313
1,<environment.Job instance at 0x1508b08f2a50>,54,1,[8 1],76,402,403,326,402
1,<environment.Job instance at 0x1508b08f2a00>,55,3,[9 1],77,409,412,332,409
1,<environment.Job instance at 0x1508b08f2b90>,56,2,[9 1],79,474,476,395,474
1,<environment.Job instance at 0x1508b08f2640>,57,17,[2 6],80,544,561,464,544
1,<environment.Job instance at 0x1508b08f2c30>,58,3,[1 7],83,614,617,531,614
1,<environment.Job instance at 0x1508b2bc3640>,59,1,[8 2],84,716,717,632,716
1,<environment.Job instance at 0x1508b2bc3eb0>,60,2,[10  1],85,821,823,736,821
1,<environment.Job instance at 0x1508b2bc3d70>,61,2,[10  1],86,898,900,812,898
1,<environment.Job instance at 0x1508b2bc36e0>,62,16,[10  2],87,1055,1071,968,1055
1,<environment.Job instance at 0x1508b2bc3a50>,63,2,[2 5],88,1147,1149,1059,1147
1,<environment.Job instance at 0x1508b091d820>,64,1,[1 7],89,1181,1182,1092,1181
1,<environment.Job instance at 0x1508b091d690>,65,1,[2 9],90,1493,1494,1403,1493
1,<environment.Job instance at 0x1508b091dd20>,66,3,[2 9],92,1876,1879,1784,1876
1,<environment.Job instance at 0x1508b091d9b0>,67,1,[9 2],93,2042,2043,1949,2042
1,<environment.Job instance at 0x1508b749a8c0>,68,1,[7 2],95,2252,2253,2157,2252
1,<environment.Job instance at 0x1508b091d7d0>,69,16,[5 2],96,2303,2319,2207,2303
1,<environment.Job instance at 0x1508b749a0a0>,70,3,[10  2],98,2338,2341,2240,2338
1,<environment.Job instance at 0x1508b749aeb0>,71,1,[10  2],99,2439,2440,2340,2439
1,<environment.Job instance at 0x1508b09196e0>,31,1,[6 1],40,2590,2591,2550,2590
1,<environment.Job instance at 0x1508b2be4140>,54,17,[6 1],75,210,227,135,210
1,<environment.Job instance at 0x150872f000f0>,22,2,[2 6],32,216,218,184,216
1,<environment.Job instance at 0x150872f1d870>,59,1,[1 5],81,244,245,163,244
1,<environment.Job instance at 0x150873281690>,63,15,[8 1],86,253,268,167,253
1,<environment.Job instance at 0x150872f003c0>,20,3,[14  2],28,278,281,250,278
1,<environment.Job instance at 0x1508735e6d70>,71,1,[1 8],96,278,279,182,278
1,<environment.Job instance at 0x1508735e6370>,72,2,[1 7],97,279,281,182,278
1,<environment.Job instance at 0x1508735e6320>,73,22,[ 1 10],98,281,303,183,278
1,<environment.Job instance at 0x1508735e6230>,74,2,[1 6],99,303,305,204,278
1,<environment.Job instance at 0x150873281d20>,67,1,[ 2 10],90,305,306,215,284
1,<environment.Job instance at 0x150872c0f9b0>,25,2,[5 1],37,304,306,267,304
1,<environment.Job instance at 0x150872d831e0>,0,1,[14  1],1,4,5,3,4
1,<environment.Job instance at 0x150872d83280>,6,2,[6 1],9,9,11,0,9
1,<environment.Job instance at 0x150872b38500>,14,2,[8 1],21,21,23,0,21
1,<environment.Job instance at 0x150872b38140>,15,1,[5 2],22,22,23,0,22
1,<environment.Job instance at 0x150872b38f00>,17,2,[5 1],24,24,26,0,24
1,<environment.Job instance at 0x150873609460>,30,1,[2 5],38,38,39,0,38
1,<environment.Job instance at 0x1508736094b0>,31,3,[ 1 11],41,41,44,0,41
1,<environment.Job instance at 0x150873609fa0>,32,2,[1 9],42,44,46,2,42
1,<environment.Job instance at 0x150873609050>,33,2,[2 5],43,44,46,1,43
1,<environment.Job instance at 0x150873609be0>,34,3,[1 5],46,46,49,0,46
1,<environment.Job instance at 0x1508736098c0>,35,1,[8 1],47,47,48,0,47
1,<environment.Job instance at 0x1508b2f97e10>,36,2,[8 2],48,48,50,0,48
1,<environment.Job instance at 0x1508b2f979b0>,37,14,[9 2],49,55,69,6,55
1,<environment.Job instance at 0x1508b21b8a50>,43,15,[8 2],56,69,84,13,56
1,<environment.Job instance at 0x1508b21b85f0>,44,3,[1 7],58,58,61,0,58
1,<environment.Job instance at 0x1508b21b8d70>,45,3,[7 1],59,69,72,10,59
1,<environment.Job instance at 0x1508b21b87d0>,46,2,[2 7],60,61,63,1,60
1,<environment.Job instance at 0x1508736e61e0>,56,2,[8 1],73,84,86,11,73
1,<environment.Job instance at 0x150872c2e730>,57,3,[9 1],74,86,89,12,74
1,<environment.Job instance at 0x1508733670f0>,58,3,[8 2],75,89,92,14,75
1,<environment.Job instance at 0x150872d835f0>,3,1,[8 1],4,145,146,141,145
1,<environment.Job instance at 0x150872b19870>,64,23,[1 5],84,154,177,70,154
1,<environment.Job instance at 0x1508b2c26050>,67,1,[8 2],87,165,166,78,165
1,<environment.Job instance at 0x1508b22767d0>,68,2,[7 1],88,166,168,78,165
1,<environment.Job instance at 0x150872a67dc0>,69,1,[5 1],89,165,166,76,165
1,<environment.Job instance at 0x1508b2d1e820>,70,2,[2 8],90,166,168,76,165
1,<environment.Job instance at 0x150872d88eb0>,71,3,[7 1],91,168,171,77,165
1,<environment.Job instance at 0x1508b94ba3c0>,72,3,[8 2],92,171,174,79,165
1,<environment.Job instance at 0x1508b20d11e0>,73,2,[10  1],94,174,176,80,165
1,<environment.Job instance at 0x1508b2bf45a0>,74,22,[5 1],96,176,198,80,169
1,<environment.Job instance at 0x1508b20895f0>,63,2,[1 9],83,199,201,116,199
1,<environment.Job instance at 0x150872ae05a0>,54,3,[ 1 14],70,208,211,138,208
1,<environment.Job instance at 0x1508b08f1730>,55,3,[5 1],71,216,219,145,216
1,<environment.Job instance at 0x150872d83af0>,2,3,[10  1],3,227,230,224,227
1,<environment.Job instance at 0x1508b21c4cd0>,8,1,[ 2 10],11,11,12,0,11
1,<environment.Job instance at 0x1508b21c4910>,9,2,[6 2],12,12,14,0,12
1,<environment.Job instance at 0x1508b21c48c0>,10,1,[1 5],14,14,15,0,14
1,<environment.Job instance at 0x1508b21c4a00>,11,2,[5 2],15,15,17,0,15
1,<environment.Job instance at 0x1508b21c4690>,12,2,[8 1],16,16,18,0,16
1,<environment.Job instance at 0x1508729c85a0>,13,2,[8 1],17,18,20,1,17
1,<environment.Job instance at 0x1508729c8370>,21,2,[ 1 13],25,37,39,12,37
1,<environment.Job instance at 0x1508b7d7fdc0>,27,17,[6 2],34,56,73,22,56
1,<environment.Job instance at 0x1508729c8f50>,22,13,[8 1],26,192,205,166,192
1,<environment.Job instance at 0x1508b7d7fa50>,32,1,[8 2],39,205,206,166,202
1,<environment.Job instance at 0x1508b7d7feb0>,33,12,[1 8],40,243,255,203,243
1,<environment.Job instance at 0x1508b7d7fcd0>,34,28,[ 2 10],41,284,312,243,284
1,<environment.Job instance at 0x1508b7d7fb90>,35,3,[9 1],44,378,381,334,378
1,<environment.Job instance at 0x1508b7d7ff00>,36,14,[2 5],46,400,414,354,400
1,<environment.Job instance at 0x150872db8be0>,37,2,[1 8],47,439,441,392,439
1,<environment.Job instance at 0x150872db86e0>,38,1,[5 1],48,476,477,428,476
1,<environment.Job instance at 0x1508729c8550>,25,1,[5 1],29,493,494,464,493
1,<environment.Job instance at 0x150872db8aa0>,40,2,[8 1],51,573,575,522,573
1,<environment.Job instance at 0x150872db8fa0>,39,14,[1 7],49,656,670,607,656
1,<environment.Job instance at 0x150872db8b40>,42,2,[1 5],54,712,714,658,712
1,<environment.Job instance at 0x150872db8e10>,43,2,[9 2],55,724,726,669,724
1,<environment.Job instance at 0x150872db8550>,44,1,[9 1],58,729,730,671,729
1,<environment.Job instance at 0x1508729c89b0>,23,1,[6 1],27,840,841,813,840
1,<environment.Job instance at 0x150872db8820>,45,2,[9 1],59,887,889,828,887
1,<environment.Job instance at 0x150872db8370>,47,2,[2 9],62,990,992,928,990
1,<environment.Job instance at 0x150872db81e0>,48,17,[2 9],63,996,1013,933,996
1,<environment.Job instance at 0x1508b7d7f140>,31,2,[11  1],38,1031,1033,993,1031
1,<environment.Job instance at 0x150872db80a0>,49,3,[7 1],64,1034,1037,970,1034
1,<environment.Job instance at 0x150872db82d0>,52,2,[1 8],68,1034,1036,966,1034
1,<environment.Job instance at 0x150872db8a00>,41,2,[6 2],53,1034,1036,981,1034
1,<environment.Job instance at 0x150872db83c0>,53,16,[ 1 12],69,1036,1052,967,1034
1,<environment.Job instance at 0x150872b01a50>,54,1,[1 5],70,1052,1053,982,1035
1,<environment.Job instance at 0x150872b01460>,55,3,[2 8],71,1052,1055,981,1049
1,<environment.Job instance at 0x150872db8190>,51,2,[ 1 11],67,1056,1058,989,1056
1,<environment.Job instance at 0x150872b01190>,61,3,[2 5],81,1062,1065,981,1062
1,<environment.Job instance at 0x150872b01eb0>,62,16,[7 2],82,1062,1078,980,1062
1,<environment.Job instance at 0x150872b01050>,57,1,[2 5],74,1098,1099,1024,1098
1,<environment.Job instance at 0x150872db8320>,46,2,[6 2],60,1282,1284,1222,1282
1,<environment.Job instance at 0x150872b01280>,56,12,[7 2],72,1450,1462,1378,1450
1,<environment.Job instance at 0x14e8d46acf50>,7,1,[2 6],8,8,9,0,8
1,<environment.Job instance at 0x14e8d46a2690>,18,2,[10  1],25,25,27,0,25
1,<environment.Job instance at 0x14e8d46a2190>,22,1,[2 7],30,30,31,0,30
1,<environment.Job instance at 0x14e8d46a2550>,23,2,[8 1],31,31,33,0,31
1,<environment.Job instance at 0x14e8d46a2870>,21,3,[6 1],29,31,34,2,31
1,<environment.Job instance at 0x14e8d46a1320>,25,2,[2 8],34,34,36,0,34
1,<environment.Job instance at 0x14e8d46a1be0>,26,1,[2 7],35,35,36,0,35
1,<environment.Job instance at 0x14e8d46a1c30>,28,2,[2 7],37,37,39,0,37
1,<environment.Job instance at 0x14e8dcf17eb0>,31,3,[9 2],41,1901,1904,1860,1901
1,<environment.Job instance at 0x14e8d4bab910>,5,2,[ 1 10],8,8,10,0,8
1,<environment.Job instance at 0x14e8d4babc80>,6,1,[7 2],10,10,11,0,10
1,<environment.Job instance at 0x14e8dc0311e0>,9,1,[1 5],13,13,14,0,13
1,<environment.Job instance at 0x14e8dc031370>,11,1,[2 7],17,17,18,0,17
1,<environment.Job instance at 0x14e8dc031eb0>,12,1,[2 5],18,18,19,0,18
1,<environment.Job instance at 0x14e8d64e7140>,25,1,[ 2 14],33,81,82,48,81
1,<environment.Job instance at 0x14e8dc031a50>,16,3,[2 8],22,126,129,104,126
1,<environment.Job instance at 0x14e8d64e7280>,31,3,[ 2 10],42,133,136,91,133
1,<environment.Job instance at 0x14e8d64e7910>,32,3,[2 5],43,134,137,91,134
1,<environment.Job instance at 0x14e8d64e7640>,33,1,[8 1],44,138,139,94,138
1,<environment.Job instance at 0x14e8d64e7050>,34,3,[5 2],46,138,141,92,138
1,<environment.Job instance at 0x14e8d64e7aa0>,35,15,[9 2],47,139,154,92,138
1,<environment.Job instance at 0x14e8d64e70f0>,36,18,[2 6],48,141,159,93,139
1,<environment.Job instance at 0x14e8d64e7320>,37,1,[1 6],49,143,144,94,143
1,<environment.Job instance at 0x14e8d64e7b90>,38,1,[1 7],50,163,164,113,163
1,<environment.Job instance at 0x14e8d64e78c0>,39,3,[9 1],53,164,167,111,164
1,<environment.Job instance at 0x14e8d64e7c80>,40,3,[12  1],54,167,170,113,164
1,<environment.Job instance at 0x14e8d64e7af0>,41,1,[1 8],56,170,171,114,170
1,<environment.Job instance at 0x14e8d520fd70>,42,15,[1 6],57,170,185,113,170
1,<environment.Job instance at 0x14e8d520fc80>,43,3,[7 2],58,185,188,127,185
1,<environment.Job instance at 0x14e8d520f6e0>,44,2,[1 8],59,186,188,127,186
1,<environment.Job instance at 0x14e8d520fb40>,45,3,[1 7],61,191,194,130,191
1,<environment.Job instance at 0x14e8d520f5a0>,46,13,[ 1 14],62,194,207,132,192
1,<environment.Job instance at 0x14e8d520f460>,47,27,[1 8],63,207,234,144,205
1,<environment.Job instance at 0x14e8d520fcd0>,48,3,[1 9],64,234,237,170,229
1,<environment.Job instance at 0x14e8d520ff50>,49,2,[7 2],65,236,238,171,236
1,<environment.Job instance at 0x14e8d520feb0>,50,12,[6 1],66,238,250,172,238
1,<environment.Job instance at 0x14e8d520f640>,51,28,[2 8],69,239,267,170,239
1,<environment.Job instance at 0x14e8d520f050>,52,3,[5 1],73,262,265,189,262
1,<environment.Job instance at 0x14e8d520f550>,53,15,[1 7],75,265,280,190,263
1,<environment.Job instance at 0x14e8d520f140>,54,3,[ 2 10],76,280,283,204,272
1,<environment.Job instance at 0x14e8d520f280>,55,2,[1 9],78,283,285,205,280
1,<environment.Job instance at 0x14e8d520faa0>,56,2,[ 2 10],81,287,289,206,287
1,<environment.Job instance at 0x14e8d520f780>,57,3,[5 2],82,292,295,210,292
1,<environment.Job instance at 0x14e8dc0315a0>,15,1,[5 1],21,296,297,275,296
1,<environment.Job instance at 0x14e8d520fe10>,58,15,[2 7],83,301,316,218,301
1,<environment.Job instance at 0x14e8d5212640>,60,2,[2 9],85,327,329,242,327
1,<environment.Job instance at 0x14e8d5212780>,61,17,[ 2 10],86,329,346,243,328
1,<environment.Job instance at 0x14e8d5212b40>,62,19,[ 1 10],88,361,380,273,361
1,<environment.Job instance at 0x14e8d5212870>,63,2,[9 1],89,396,398,307,396
1,<environment.Job instance at 0x14e8d5212af0>,64,3,[5 2],90,409,412,319,409
1,<environment.Job instance at 0x14e8d5212b90>,65,2,[ 1 10],91,409,411,318,409
1,<environment.Job instance at 0x14e8d5212be0>,66,13,[ 2 10],92,411,424,319,410
1,<environment.Job instance at 0x14e8d5212fa0>,67,1,[1 7],93,424,425,331,424
1,<environment.Job instance at 0x14e8d5212c30>,68,1,[2 9],94,435,436,341,435
1,<environment.Job instance at 0x14e8d5212230>,69,15,[1 7],95,437,452,342,437
1,<environment.Job instance at 0x14e8d5212dc0>,70,3,[ 2 10],97,452,455,355,439
1,<environment.Job instance at 0x14e8d5212eb0>,71,14,[10  1],99,448,462,349,448
1,<environment.Job instance at 0x14e8d5212d20>,72,12,[7 1],100,462,474,362,451
1,<environment.Job instance at 0x14e8d5212370>,73,2,[8 2],101,465,467,364,465
1,<environment.Job instance at 0x14e8dc031d20>,18,15,[10  2],25,474,489,449,465
1,<environment.Job instance at 0x14e8d5212f50>,74,3,[8 1],102,489,492,387,486
1,<environment.Job instance at 0x14e8d5212960>,76,3,[6 1],104,490,493,386,490
1,<environment.Job instance at 0x14e8d52126e0>,77,2,[10  1],105,493,495,388,493
1,<environment.Job instance at 0x14e8d5212c80>,78,3,[ 2 10],107,518,521,411,518
1,<environment.Job instance at 0x14e8d5212500>,79,18,[8 1],108,519,537,411,519
1,<environment.Job instance at 0x14e8d52127d0>,80,16,[1 6],109,538,554,429,538
1,<environment.Job instance at 0x14e8d5212140>,75,2,[2 5],103,662,664,559,662
1,<environment.Job instance at 0x14e8d64fa280>,1,17,[7 1],2,10,27,8,10
1,<environment.Job instance at 0x14e8d6382140>,5,1,[9 1],11,27,28,16,11
1,<environment.Job instance at 0x14e8d63829b0>,8,1,[9 1],15,28,29,13,15
1,<environment.Job instance at 0x14e8d637d370>,9,2,[8 1],16,16,18,0,16
1,<environment.Job instance at 0x14e8d637d4b0>,10,1,[ 1 10],17,18,19,1,17
1,<environment.Job instance at 0x14e8d637dc80>,11,2,[1 5],19,19,21,0,19
1,<environment.Job instance at 0x14e8d637daf0>,12,3,[1 5],20,20,23,0,20
1,<environment.Job instance at 0x14e8d637d9b0>,13,2,[10  2],21,29,31,8,21
1,<environment.Job instance at 0x14e8d632bd70>,15,1,[2 6],26,26,27,0,26
1,<environment.Job instance at 0x14e8d632bb40>,16,2,[1 6],27,27,29,0,27
1,<environment.Job instance at 0x14e8d631b960>,18,1,[2 8],32,32,33,0,32
1,<environment.Job instance at 0x14e8d6310550>,27,14,[6 1],47,49,63,2,49
1,<environment.Job instance at 0x14e8d6310b40>,28,15,[2 8],48,50,65,2,50
1,<environment.Job instance at 0x14e8d6317c30>,32,1,[1 5],53,122,123,69,122
1,<environment.Job instance at 0x14e8d6317870>,33,16,[1 7],54,140,156,86,140
1,<environment.Job instance at 0x14e8d63175a0>,34,3,[ 2 10],55,156,159,101,145
1,<environment.Job instance at 0x14e8d6317690>,35,3,[ 1 13],56,159,162,103,150
1,<environment.Job instance at 0x14e8d63177d0>,36,3,[1 5],59,162,165,103,160
1,<environment.Job instance at 0x14e8d6317c80>,37,21,[ 2 13],60,165,186,105,160
1,<environment.Job instance at 0x14e8d6317140>,38,1,[2 8],61,162,163,101,160
1,<environment.Job instance at 0x14e8d6317190>,39,1,[7 1],62,161,162,99,161
1,<environment.Job instance at 0x14e8d6317b40>,40,18,[5 2],63,162,180,99,161
1,<environment.Job instance at 0x14e8d63170f0>,41,2,[8 2],65,180,182,115,164
1,<environment.Job instance at 0x14e8d63176e0>,42,3,[1 7],66,186,189,120,167
1,<environment.Job instance at 0x14e8d6317230>,43,18,[8 1],67,182,200,115,171
1,<environment.Job instance at 0x14e8d63171e0>,44,1,[5 2],68,197,198,129,197
1,<environment.Job instance at 0x14e8d6317410>,45,1,[1 8],69,205,206,136,205
1,<environment.Job instance at 0x14e8d6318e60>,46,3,[1 7],70,229,232,159,229
1,<environment.Job instance at 0x14e8d6318690>,47,2,[5 2],72,232,234,160,232
1,<environment.Job instance at 0x14e8d6318960>,48,2,[1 7],74,232,234,158,232
1,<environment.Job instance at 0x14e8d63185a0>,49,2,[5 2],75,232,234,157,232
1,<environment.Job instance at 0x14e8d6318d20>,50,1,[1 6],77,236,237,159,236
1,<environment.Job instance at 0x14e8d63187d0>,51,12,[7 1],78,238,250,160,238
1,<environment.Job instance at 0x14e8d4baa280>,52,2,[10  1],79,250,252,171,246
1,<environment.Job instance at 0x14e8d63799b0>,53,3,[2 7],80,247,250,167,247
1,<environment.Job instance at 0x14e8d6379780>,54,17,[7 1],82,252,269,170,247
1,<environment.Job instance at 0x14e8d6379af0>,55,1,[2 5],84,261,262,177,261
1,<environment.Job instance at 0x14e8d6379730>,56,3,[1 8],85,265,268,180,265
1,<environment.Job instance at 0x14e8d6379230>,57,12,[7 2],87,276,288,189,276
1,<environment.Job instance at 0x14e8d63e9230>,58,2,[7 2],89,285,287,196,285
1,<environment.Job instance at 0x14e8d63e9af0>,59,3,[ 2 10],91,290,293,199,290
1,<environment.Job instance at 0x14e8d63e9eb0>,60,14,[8 2],92,291,305,199,291
1,<environment.Job instance at 0x14e8d63e95f0>,61,2,[2 5],94,293,295,199,292
1,<environment.Job instance at 0x14e8d63e9c30>,62,1,[ 2 10],95,295,296,200,293
1,<environment.Job instance at 0x14e8d63e97d0>,63,14,[8 1],96,305,319,209,299
1,<environment.Job instance at 0x14e8d63e9730>,64,2,[ 1 10],97,303,305,206,303
1,<environment.Job instance at 0x14e8d63e9500>,65,3,[7 2],98,313,316,215,313
1,<environment.Job instance at 0x14e8d63e9320>,66,21,[7 2],100,316,337,216,313
1,<environment.Job instance at 0x14e8d62fa8c0>,67,13,[5 2],101,319,332,218,315
1,<environment.Job instance at 0x14e8d63e9aa0>,68,3,[1 9],102,321,324,219,321
1,<environment.Job instance at 0x14e8d63e9550>,69,1,[6 1],103,332,333,229,325
1,<environment.Job instance at 0x14e8d63e4190>,70,3,[5 1],104,333,336,229,328
1,<environment.Job instance at 0x14e8d63e4f00>,71,3,[1 7],109,328,331,219,328
1,<environment.Job instance at 0x14e8d6317460>,29,16,[1 7],49,447,463,398,447
1,<environment.Job instance at 0x14e8d01759b0>,6,2,[9 2],12,12,14,0,12
1,<environment.Job instance at 0x14e8d0175780>,7,3,[5 2],13,13,16,0,13
1,<environment.Job instance at 0x14e8d0175f00>,8,16,[7 2],14,17,33,3,17
1,<environment.Job instance at 0x14e8d0175370>,11,1,[1 8],18,18,19,0,18
1,<environment.Job instance at 0x14e8d6435140>,14,3,[5 2],24,24,27,0,24
1,<environment.Job instance at 0x14e8d6435820>,15,2,[ 2 10],25,25,27,0,25
1,<environment.Job instance at 0x14e8d64355f0>,20,3,[2 7],33,33,36,0,33
1,<environment.Job instance at 0x14e8d6435e60>,18,2,[ 2 12],30,49,51,19,49
1,<environment.Job instance at 0x14e8d6435550>,21,15,[ 1 11],37,51,66,14,49
1,<environment.Job instance at 0x14e8d01815a0>,26,3,[1 8],44,66,69,22,49
1,<environment.Job instance at 0x14e8d0181b90>,27,1,[9 2],45,49,50,4,49
1,<environment.Job instance at 0x14e8d0181280>,25,1,[1 9],43,69,70,26,49
1,<environment.Job instance at 0x14e8d020ae60>,38,3,[10  2],60,60,63,0,60
1,<environment.Job instance at 0x14e8d020a0a0>,39,2,[2 9],61,70,72,9,61
1,<environment.Job instance at 0x14e8d020a870>,40,3,[9 1],64,64,67,0,64
1,<environment.Job instance at 0x14e8d020a550>,41,18,[6 2],66,67,85,1,66
1,<environment.Job instance at 0x14e8d020af00>,42,16,[1 5],68,72,88,4,68
1,<environment.Job instance at 0x14e8d020a690>,43,3,[5 1],70,70,73,0,70
1,<environment.Job instance at 0x14e8d020a050>,45,2,[5 1],73,73,75,0,73
1,<environment.Job instance at 0x14e8d020a370>,46,1,[2 7],74,74,75,0,74
1,<environment.Job instance at 0x14e8d01d9640>,47,2,[10  2],75,85,87,10,75
1,<environment.Job instance at 0x14e8d01d90a0>,48,2,[6 1],76,76,78,0,76
1,<environment.Job instance at 0x14e8d01d94b0>,51,2,[5 2],82,82,84,0,82
1,<environment.Job instance at 0x14e8d01d9550>,53,2,[9 2],85,87,89,2,85
1,<environment.Job instance at 0x14e8d01d9280>,54,1,[7 2],86,89,90,3,86
1,<environment.Job instance at 0x14e8d01a2e10>,61,2,[2 5],96,98,100,2,98
1,<environment.Job instance at 0x14e8d01a2a00>,62,16,[2 9],97,103,119,6,103
1,<environment.Job instance at 0x14e8d01a2f00>,65,3,[8 1],103,104,107,1,104
1,<environment.Job instance at 0x14e8d01a23c0>,66,1,[10  1],104,107,108,3,104
1,<environment.Job instance at 0x14e8d01a2be0>,67,27,[1 7],105,119,146,14,117
1,<environment.Job instance at 0x14e8d0181e10>,29,2,[1 6],48,160,162,112,160
1,<environment.Job instance at 0x14e8d6435870>,19,1,[6 2],31,164,165,133,164
1,<environment.Job instance at 0x14e8d0181320>,24,2,[1 6],42,172,174,130,172
1,<environment.Job instance at 0x14e89b259cd0>,1,1,[2 6],3,3,4,0,3
1,<environment.Job instance at 0x14e8d00ee280>,5,1,[5 1],9,9,10,0,9
1,<environment.Job instance at 0x14e8d653ea00>,19,2,[1 5],28,28,30,0,28
1,<environment.Job instance at 0x14e89b2e00a0>,24,2,[6 1],34,34,36,0,34
1,<environment.Job instance at 0x14e8d6550af0>,25,3,[10  1],36,36,39,0,36
1,<environment.Job instance at 0x14e8d01dd050>,26,3,[10  2],37,39,42,2,37
1,<environment.Job instance at 0x14e89b631a00>,27,3,[ 2 11],40,40,43,0,40
1,<environment.Job instance at 0x14e89b631d20>,28,2,[1 7],41,43,45,2,41
1,<environment.Job instance at 0x14e89b60c190>,29,1,[1 5],42,43,44,1,42
1,<environment.Job instance at 0x14e8d632b730>,30,18,[8 2],43,46,64,3,46
1,<environment.Job instance at 0x14e89b3f7050>,21,1,[2 8],30,68,69,38,68
1,<environment.Job instance at 0x14e89b614140>,54,2,[5 2],73,76,78,3,76
1,<environment.Job instance at 0x14e89b614730>,55,1,[7 1],76,76,77,0,76
1,<environment.Job instance at 0x14e89b614a00>,56,2,[7 1],77,77,79,0,77
1,<environment.Job instance at 0x14e89b614870>,57,1,[7 2],78,78,79,0,78
1,<environment.Job instance at 0x14e89b614050>,59,2,[5 2],80,80,82,0,80
1,<environment.Job instance at 0x14e89b0a5d20>,16,25,[12  1],19,27,52,8,27
1,<environment.Job instance at 0x14e89b0a6050>,21,3,[1 9],28,32,35,4,32
1,<environment.Job instance at 0x14e89b0a6780>,25,12,[7 1],34,52,64,18,50
1,<environment.Job instance at 0x14e89b0a6aa0>,26,3,[10  1],37,64,67,27,50
1,<environment.Job instance at 0x14e89b0a6a50>,27,3,[6 1],39,52,55,13,50
1,<environment.Job instance at 0x14e89b0a6a00>,28,3,[8 1],40,55,58,15,50
1,<environment.Job instance at 0x14e89b0a6b40>,29,2,[7 1],42,58,60,16,50
1,<environment.Job instance at 0x14e89b0a6c80>,30,18,[2 6],44,60,78,16,50
1,<environment.Job instance at 0x14e89b0a6d70>,31,1,[7 1],46,67,68,21,50
1,<environment.Job instance at 0x14e89b0a6e10>,32,2,[5 1],47,60,62,13,50
1,<environment.Job instance at 0x14e89b0a6dc0>,33,14,[2 5],48,62,76,14,50
1,<environment.Job instance at 0x14e89b0a6f50>,34,3,[5 2],50,68,71,18,50
1,<environment.Job instance at 0x14e89b0a88c0>,39,18,[1 5],57,76,94,19,74
1,<environment.Job instance at 0x14e89b0a8960>,40,16,[1 5],61,78,94,17,74
1,<environment.Job instance at 0x14e89b0a8af0>,41,1,[1 9],62,94,95,32,74
1,<environment.Job instance at 0x14e89b0a8c80>,43,1,[10  2],65,74,75,9,74
1,<environment.Job instance at 0x14e89b0a8b40>,44,1,[5 2],66,75,76,9,74
1,<environment.Job instance at 0x14e89b0a8eb0>,46,2,[ 1 10],70,95,97,25,85
1,<environment.Job instance at 0x14e89b0aa6e0>,49,2,[1 6],77,97,99,20,96
1,<environment.Job instance at 0x14e89b0aaf50>,60,2,[5 2],94,112,114,18,112
1,<environment.Job instance at 0x14e89b0aaaf0>,61,27,[1 7],95,117,144,22,117
1,<environment.Job instance at 0x14e89b0a5690>,13,2,[7 1],16,153,155,137,153
1,<environment.Job instance at 0x14e89b0a53c0>,9,2,[1 8],12,166,168,154,166
1,<environment.Job instance at 0x14e89b0a5be0>,14,3,[7 1],17,189,192,172,189
1,<environment.Job instance at 0x14e89b1dedc0>,3,2,[1 8],7,7,9,0,7
1,<environment.Job instance at 0x14e89b1de320>,4,1,[10  2],8,8,9,0,8
1,<environment.Job instance at 0x14e89b1def50>,3,1,[1 5],6,6,7,0,6
1,<environment.Job instance at 0x14e8dc019eb0>,7,25,[9 1],11,11,36,0,11
1,<environment.Job instance at 0x14e8dc019be0>,8,1,[10  2],13,36,37,23,13
1,<environment.Job instance at 0x14e8dc019a50>,9,21,[ 2 10],14,14,35,0,14
1,<environment.Job instance at 0x14e8dc019190>,10,21,[2 5],15,35,56,20,27
1,<environment.Job instance at 0x14e8d02f64b0>,28,1,[5 1],38,42,43,4,42
1,<environment.Job instance at 0x14e8dc019230>,13,15,[7 2],19,62,77,43,62
1,<environment.Job instance at 0x14e89b30aaf0>,44,1,[8 2],58,67,68,9,67
1,<environment.Job instance at 0x14e8de476a00>,45,1,[5 2],59,68,69,9,67
1,<environment.Job instance at 0x14e8de4768c0>,46,1,[7 1],60,69,70,9,67
1,<environment.Job instance at 0x14e8de476dc0>,47,1,[1 8],61,68,69,7,67
1,<environment.Job instance at 0x14e8dd757050>,48,2,[6 2],62,70,72,8,67
1,<environment.Job instance at 0x14e8d84ef320>,50,1,[6 2],65,75,76,10,75
1,<environment.Job instance at 0x14e89b42fa00>,54,1,[5 1],70,81,82,11,81
1,<environment.Job instance at 0x14e89b42fb90>,59,1,[13  1],75,95,96,20,95
1,<environment.Job instance at 0x14e8da1516e0>,68,22,[8 1],85,105,127,20,105
1,<environment.Job instance at 0x14e89b30ae10>,38,17,[12  1],50,127,144,77,125
1,<environment.Job instance at 0x14e8d720f0f0>,73,3,[7 2],91,144,147,53,131
1,<environment.Job instance at 0x14e8d0231a50>,77,15,[2 9],96,131,146,35,131
1,<environment.Job instance at 0x14e8d6f85640>,78,2,[10  1],97,147,149,50,132
1,<environment.Job instance at 0x14e89b6e1be0>,79,22,[2 6],99,146,168,47,139
1,<environment.Job instance at 0x14e89b6e1550>,80,1,[ 1 14],100,168,169,68,143
1,<environment.Job instance at 0x14e89b6e1a00>,82,1,[6 1],102,146,147,44,146
1,<environment.Job instance at 0x14e8db6ccf00>,85,1,[8 1],107,157,158,50,157
1,<environment.Job instance at 0x14e8dbfc75a0>,86,1,[5 1],109,157,158,48,157
1,<environment.Job instance at 0x14e8dc019500>,12,3,[2 7],18,179,182,161,179
1,<environment.Job instance at 0x14e89b577780>,84,19,[1 5],106,186,205,80,186
1,<environment.Job instance at 0x14e8de20ce60>,83,2,[9 1],104,186,188,82,186
1,<environment.Job instance at 0x14e8dc019d70>,14,15,[6 1],20,193,208,173,193
1,<environment.Job instance at 0x14e8d62b4f00>,3,2,[7 2],6,10,12,4,10
1,<environment.Job instance at 0x14e8d62b4eb0>,2,1,[ 2 10],4,27,28,23,27
1,<environment.Job instance at 0x14e89b4d9e10>,8,2,[7 2],15,27,29,12,27
1,<environment.Job instance at 0x14e89b4f0140>,10,14,[5 2],19,27,41,8,27
1,<environment.Job instance at 0x14e89b4f00f0>,11,27,[5 1],20,29,56,9,27
1,<environment.Job instance at 0x14e8dc019d70>,6,17,[1 7],10,36,53,26,36
1,<environment.Job instance at 0x14e89b4d9c80>,4,1,[6 1],7,135,136,128,135
1,<environment.Job instance at 0x14e89b4f0280>,13,2,[1 9],22,135,137,113,135
1,<environment.Job instance at 0x14e89b1b01e0>,0,3,[ 2 14],2,137,140,135,135
1,<environment.Job instance at 0x14e89b4f07d0>,18,1,[6 1],30,135,136,105,135
1,<environment.Job instance at 0x14e89b4f0190>,15,1,[1 8],24,140,141,116,135
1,<environment.Job instance at 0x14e89b4f05f0>,19,1,[7 2],32,136,137,104,135
1,<environment.Job instance at 0x14e89b4f09b0>,22,25,[6 1],35,136,161,101,135
1,<environment.Job instance at 0x14e89b4f0960>,21,3,[2 5],34,140,143,106,135
1,<environment.Job instance at 0x14e89b4f0aa0>,24,1,[10  1],38,161,162,123,135
1,<environment.Job instance at 0x14e89b4f04b0>,17,2,[10  2],27,162,164,135,136
1,<environment.Job instance at 0x14e89b4f0be0>,25,3,[10  1],41,164,167,123,138
1,<environment.Job instance at 0x14e89b4f0fa0>,29,1,[8 2],47,143,144,96,138
1,<environment.Job instance at 0x14e89b4f0f50>,30,22,[2 5],49,144,166,95,138
1,<environment.Job instance at 0x14e89b4c40f0>,31,1,[9 2],50,167,168,117,139
1,<environment.Job instance at 0x14e89b4f0f00>,32,1,[10  1],51,168,169,117,140
1,<environment.Job instance at 0x14e89b4f0cd0>,28,1,[1 9],44,143,144,99,143
1,<environment.Job instance at 0x14e89b4c4230>,33,26,[ 2 13],53,166,192,113,163
1,<environment.Job instance at 0x14e89b4c45a0>,39,2,[7 1],61,213,215,152,213
1,<environment.Job instance at 0x14e89b4c4500>,40,1,[8 1],62,213,214,151,213
1,<environment.Job instance at 0x14e89b4f0d70>,26,2,[ 2 10],42,222,224,180,222
1,<environment.Job instance at 0x14e89b4c4640>,42,14,[9 1],64,225,239,161,225
1,<environment.Job instance at 0x14e89b4c4780>,43,3,[9 2],65,239,242,174,226
1,<environment.Job instance at 0x14e89b4c48c0>,44,1,[6 2],67,233,234,166,233
1,<environment.Job instance at 0x14e89b4f01e0>,12,15,[14  1],21,242,257,221,240
1,<environment.Job instance at 0x14e89b4c4960>,45,2,[ 1 10],68,247,249,179,247
1,<environment.Job instance at 0x14e89b4c4aa0>,48,3,[10  1],72,257,260,185,248
1,<environment.Job instance at 0x14e89b4c4c30>,49,17,[1 8],78,251,268,173,251
1,<environment.Job instance at 0x14e89b4c4c80>,51,17,[1 6],81,263,280,182,263
1,<environment.Job instance at 0x14e89b4c4e60>,55,3,[2 8],88,268,271,180,266
1,<environment.Job instance at 0x14e89b4f0410>,16,1,[2 9],26,273,274,247,273
1,<environment.Job instance at 0x14e89b4c4f50>,54,2,[ 1 11],87,280,282,193,273
1,<environment.Job instance at 0x14e89b4c3190>,57,2,[2 9],91,282,284,191,279
1,<environment.Job instance at 0x14e89b4c3140>,56,1,[1 8],90,279,280,189,279
1,<environment.Job instance at 0x14e89b4c3370>,60,28,[5 2],94,280,308,186,279
1,<environment.Job instance at 0x14e89b4c3280>,61,1,[8 2],95,281,282,186,281
1,<environment.Job instance at 0x14e89b4c33c0>,62,2,[ 1 10],96,291,293,195,291
1,<environment.Job instance at 0x14e89b4c3500>,64,1,[5 1],98,312,313,214,312
1,<environment.Job instance at 0x14e89b4c35a0>,65,2,[2 6],99,319,321,220,319
1,<environment.Job instance at 0x14e89b4c3640>,66,1,[8 1],100,321,322,221,321
1,<environment.Job instance at 0x14e89b4c3780>,67,1,[7 2],102,328,329,226,328
1,<environment.Job instance at 0x14e89b4c3820>,68,12,[6 2],103,335,347,232,335
1,<environment.Job instance at 0x14e89b4c3910>,69,3,[1 7],104,372,375,268,372
1,<environment.Job instance at 0x14e89b4c3a50>,70,2,[6 2],106,372,374,266,372
1,<environment.Job instance at 0x14e89b4c3960>,71,3,[9 1],107,374,377,267,372
1,<environment.Job instance at 0x14e89b4c3af0>,72,14,[7 1],108,377,391,269,375
1,<environment.Job instance at 0x14e89b4c3aa0>,73,14,[ 2 10],109,381,395,272,381
1,<environment.Job instance at 0x14e89b4c31e0>,59,15,[10  1],93,449,464,356,449
1,<environment.Job instance at 0x14e89b4c3460>,63,3,[ 2 14],97,964,967,867,964
1,<environment.Job instance at 0x14e89b4c4460>,36,2,[12  1],57,970,972,913,970
1,<environment.Job instance at 0x14e8d01810f0>,0,1,[1 9],1,1,2,0,1
1,<environment.Job instance at 0x14e8dd593e60>,10,23,[2 6],14,14,37,0,14
1,<environment.Job instance at 0x14e89b04faf0>,22,20,[8 1],30,61,81,31,61
1,<environment.Job instance at 0x14e8dd5934b0>,13,1,[5 2],18,242,243,224,242
1,<environment.Job instance at 0x14e8d635cb90>,32,3,[1 8],51,246,249,195,246
1,<environment.Job instance at 0x14e8d635ccd0>,33,1,[8 1],53,532,533,479,532
1,<environment.Job instance at 0x14e8d635c910>,34,16,[9 1],54,726,742,672,726
1,<environment.Job instance at 0x14e8d635c190>,35,12,[7 2],56,819,831,763,819
1,<environment.Job instance at 0x14e89b677910>,36,15,[ 2 10],62,857,872,795,857
1,<environment.Job instance at 0x14e89b677f00>,37,2,[5 2],63,1071,1073,1008,1071
1,<environment.Job instance at 0x14e8dd593230>,14,1,[8 2],19,1282,1283,1263,1282
1,<environment.Job instance at 0x14e89b677320>,38,2,[7 2],64,1398,1400,1334,1398
1,<environment.Job instance at 0x14e89b677230>,40,1,[ 2 10],67,2176,2177,2109,2176
1,<environment.Job instance at 0x14e89b6777d0>,41,1,[6 2],68,2204,2205,2136,2204
1,<environment.Job instance at 0x14e89b677e60>,42,2,[ 1 12],69,2214,2216,2145,2214
1,<environment.Job instance at 0x14e89b6772d0>,39,2,[5 2],66,2342,2344,2276,2342
1,<environment.Job instance at 0x14e89b677e10>,44,2,[5 2],71,2618,2620,2547,2618
1,<environment.Job instance at 0x14e89b677730>,43,16,[2 9],70,2939,2955,2869,2939
1,<environment.Job instance at 0x14e8d649e140>,4,2,[7 1],8,9,11,1,9
1,<environment.Job instance at 0x14e8d649e460>,5,21,[6 1],10,10,31,0,10
1,<environment.Job instance at 0x14e8d649e3c0>,8,1,[ 2 10],14,105,106,91,105
1,<environment.Job instance at 0x14e8d649e190>,9,2,[2 8],15,152,154,137,152
1,<environment.Job instance at 0x14e8d649e910>,20,18,[9 1],33,158,176,125,158
1,<environment.Job instance at 0x14e8d649ecd0>,21,2,[8 1],35,176,178,141,163
1,<environment.Job instance at 0x14e8db63f370>,31,1,[1 7],50,172,173,122,172
1,<environment.Job instance at 0x14e8db63f460>,32,21,[9 1],51,178,199,127,172
1,<environment.Job instance at 0x14e8db63f3c0>,33,16,[1 6],52,173,189,121,173
1,<environment.Job instance at 0x14e8d649e5f0>,10,1,[1 7],18,186,187,168,186
1,<environment.Job instance at 0x14e8db63f410>,34,15,[10  2],53,199,214,146,188
1,<environment.Job instance at 0x14e8db63faa0>,42,2,[ 2 10],65,546,548,481,546
1,<environment.Job instance at 0x14e8db63faf0>,46,16,[9 2],70,593,609,523,593
1,<environment.Job instance at 0x14e8db63fcd0>,47,3,[ 2 10],71,760,763,689,760
1,<environment.Job instance at 0x14e8db63fd70>,48,15,[6 1],73,771,786,698,771
1,<environment.Job instance at 0x14e8db63ff00>,49,1,[9 2],74,853,854,779,853
1,<environment.Job instance at 0x14e8db63feb0>,50,1,[2 8],75,899,900,824,899
1,<environment.Job instance at 0x14e8db63fe10>,51,1,[5 1],76,912,913,836,912
1,<environment.Job instance at 0x14e8db63ff50>,52,1,[8 1],78,985,986,907,985
1,<environment.Job instance at 0x14e8db659050>,53,1,[1 8],80,1910,1911,1830,1910
1,<environment.Job instance at 0x14e8db659190>,54,1,[2 9],81,1990,1991,1909,1990
1,<environment.Job instance at 0x14e89b31bc80>,0,1,[1 8],2,3,4,1,3
1,<environment.Job instance at 0x14e8d72688c0>,1,16,[5 2],3,3,19,0,3
1,<environment.Job instance at 0x14e8d00a9b90>,5,3,[7 1],10,53,56,43,53
1,<environment.Job instance at 0x14e8d71ddf00>,8,3,[2 9],13,183,186,170,183
1,<environment.Job instance at 0x14e8d5212500>,12,2,[1 8],19,298,300,279,298
1,<environment.Job instance at 0x14e8d5212730>,13,2,[1 5],20,440,442,420,440
1,<environment.Job instance at 0x14e89afbbf50>,0,1,[1 5],1,1,2,0,1
1,<environment.Job instance at 0x14e8d635da50>,5,2,[ 2 13],9,13,15,4,13
1,<environment.Job instance at 0x14e8d635dbe0>,12,1,[2 6],18,18,19,0,18
1,<environment.Job instance at 0x14e8d4b49780>,13,1,[1 5],20,20,21,0,20
1,<environment.Job instance at 0x14e8d635d3c0>,7,28,[2 5],13,22,50,9,22
1,<environment.Job instance at 0x14e89b63aaf0>,30,3,[2 7],44,45,48,1,45
1,<environment.Job instance at 0x14e89b63a910>,32,2,[7 2],46,46,48,0,46
1,<environment.Job instance at 0x14e89b63a320>,33,13,[10  1],48,49,62,1,49
1,<environment.Job instance at 0x14e8d4b495f0>,15,24,[2 9],22,125,149,103,125
1,<environment.Job instance at 0x14e8d6de7320>,43,3,[9 1],62,403,406,341,403
1,<environment.Job instance at 0x14e8d6de7140>,44,15,[6 1],63,405,420,342,405
1,<environment.Job instance at 0x14e8d6de7d70>,45,1,[2 5],64,514,515,450,514
1,<environment.Job instance at 0x14e8d6de7dc0>,46,2,[1 5],66,524,526,458,524
1,<environment.Job instance at 0x14e8d6de70f0>,47,3,[2 8],67,638,641,571,638
1,<environment.Job instance at 0x14e8d6de7050>,48,17,[10  1],68,649,666,581,649
1,<environment.Job instance at 0x14e8d6de7c30>,49,26,[5 2],69,680,706,611,680
1,<environment.Job instance at 0x14e8d6de77d0>,50,1,[8 2],70,1299,1300,1229,1299
1,<environment.Job instance at 0x14e8d6de7780>,51,2,[2 6],71,1307,1309,1236,1307
1,<environment.Job instance at 0x14e8d6de7190>,52,3,[1 9],72,1565,1568,1493,1565
1,<environment.Job instance at 0x14e89b63adc0>,31,1,[7 1],45,1981,1982,1936,1981
1,<environment.Job instance at 0x14e8d6de7d20>,53,2,[1 7],74,2011,2013,1937,2011
1,<environment.Job instance at 0x14e8d6de7230>,41,2,[ 1 14],60,2064,2066,2004,2064
1,<environment.Job instance at 0x14e8db682140>,65,22,[2 9],93,2088,2110,1995,2088
1,<environment.Job instance at 0x14e8db6824b0>,66,3,[1 7],95,2110,2113,2015,2088
1,<environment.Job instance at 0x14e8db682a50>,68,13,[1 5],101,2088,2101,1987,2088
1,<environment.Job instance at 0x14e89aed4f00>,69,2,[6 1],103,2088,2090,1985,2088
1,<environment.Job instance at 0x14e8d4bcf370>,70,1,[ 1 12],104,2113,2114,2009,2088
1,<environment.Job instance at 0x14e89aed4e10>,71,1,[10  2],105,2101,2102,1996,2088
1,<environment.Job instance at 0x14e89aed4690>,72,3,[2 9],106,2114,2117,2008,2088
1,<environment.Job instance at 0x14e8db6e2500>,74,12,[5 2],109,2102,2114,1993,2088
1,<environment.Job instance at 0x14e8d6de7c80>,54,3,[2 9],75,2126,2129,2051,2126
1,<environment.Job instance at 0x14e8d6de74b0>,55,2,[6 1],76,2142,2144,2066,2142
1,<environment.Job instance at 0x14e89b72f690>,5,3,[8 1],7,8,11,1,8
1,<environment.Job instance at 0x14e89b72ff50>,6,2,[6 2],8,11,13,3,11
1,<environment.Job instance at 0x14e8db6b05a0>,7,3,[9 2],9,12,15,3,12
1,<environment.Job instance at 0x14e8db6b07d0>,9,18,[8 1],18,19,37,1,19
1,<environment.Job instance at 0x14e89b72f230>,8,2,[1 6],16,39,41,23,39
1,<environment.Job instance at 0x14e8db6b0b40>,11,1,[7 1],23,48,49,25,48
1,<environment.Job instance at 0x14e8db6b0730>,10,2,[2 8],20,53,55,33,53
1,<environment.Job instance at 0x14e8db6b0e10>,13,3,[6 2],26,59,62,33,59
1,<environment.Job instance at 0x14e8db6b04b0>,12,2,[2 6],24,84,86,60,84
1,<environment.Job instance at 0x14e8db6b0c80>,16,3,[9 1],29,90,93,61,90
1,<environment.Job instance at 0x14e8db6b0690>,14,12,[2 9],27,94,106,67,94
1,<environment.Job instance at 0x14e8db6b0320>,15,2,[5 1],28,106,108,78,106
1,<environment.Job instance at 0x14e8db6b0820>,17,1,[7 2],30,111,112,81,111
1,<environment.Job instance at 0x14e8db6b0370>,20,2,[2 5],35,112,114,77,112
1,<environment.Job instance at 0x14e8db6b0b90>,21,1,[1 9],36,112,113,76,112
1,<environment.Job instance at 0x14e8db6b0640>,18,17,[6 2],32,119,136,87,119
1,<environment.Job instance at 0x14e8db6b0a50>,22,3,[1 7],37,127,130,90,127
1,<environment.Job instance at 0x14e8db6b0780>,24,20,[7 2],39,127,147,88,127
1,<environment.Job instance at 0x14e8db6b0e60>,25,1,[1 9],40,133,134,93,133
1,<environment.Job instance at 0x14e8db6b0dc0>,26,2,[2 6],41,135,137,94,135
1,<environment.Job instance at 0x14e8db6b06e0>,27,3,[ 2 10],42,142,145,100,142
1,<environment.Job instance at 0x14e8db6b0cd0>,28,13,[2 8],43,145,158,102,144
1,<environment.Job instance at 0x14e89b7bca50>,29,1,[8 1],46,153,154,107,153
1,<environment.Job instance at 0x14e89b7bcfa0>,30,3,[1 6],47,153,156,106,153
1,<environment.Job instance at 0x14e89b7bc550>,31,2,[1 6],48,156,158,108,155
1,<environment.Job instance at 0x14e89b7bcf50>,32,1,[2 5],49,158,159,109,155
1,<environment.Job instance at 0x14e8db6b0a00>,19,3,[9 2],34,158,161,124,155
1,<environment.Job instance at 0x14e89b7bce60>,34,1,[ 1 13],51,159,160,108,157
1,<environment.Job instance at 0x14e89b7bceb0>,33,14,[ 2 10],50,190,204,140,190
1,<environment.Job instance at 0x14e8db6b0190>,23,1,[1 8],38,205,206,167,205
1,<environment.Job instance at 0x14e89b7bc2d0>,36,1,[5 2],53,234,235,181,234
1,<environment.Job instance at 0x14e89b7bc050>,37,12,[2 9],54,248,260,194,248
1,<environment.Job instance at 0x14e89b7bc870>,38,1,[11  1],63,270,271,207,270
1,<environment.Job instance at 0x14e89b7bcd70>,40,2,[1 6],65,275,277,210,275
1,<environment.Job instance at 0x14e89b7bc3c0>,41,2,[1 8],66,275,277,209,275
1,<environment.Job instance at 0x14e89b7bc140>,39,2,[5 1],64,283,285,219,283
1,<environment.Job instance at 0x14e89b7bc1e0>,42,1,[6 1],67,307,308,240,307
1,<environment.Job instance at 0x14e89b7bc960>,43,18,[10  2],69,313,331,244,313
1,<environment.Job instance at 0x14e8d6386780>,44,1,[6 1],70,362,363,292,362
1,<environment.Job instance at 0x14e8d63861e0>,45,1,[2 9],71,393,394,322,393
1,<environment.Job instance at 0x14e8d6386be0>,46,1,[1 5],72,409,410,337,409
1,<environment.Job instance at 0x14e8d6386960>,48,3,[5 1],74,440,443,366,440
1,<environment.Job instance at 0x14e8d6386550>,49,3,[1 7],75,469,472,394,469
1,<environment.Job instance at 0x14e8d6386a00>,47,16,[ 2 10],73,520,536,447,520
1,<environment.Job instance at 0x14e8d6386640>,50,3,[10  2],77,529,532,452,529
1,<environment.Job instance at 0x14e8d6386500>,51,17,[9 2],79,549,566,470,549
1,<environment.Job instance at 0x14e8d63860f0>,52,2,[9 2],81,566,568,485,566
1,<environment.Job instance at 0x14e8d6386230>,53,2,[2 7],85,608,610,523,608
1,<environment.Job instance at 0x14e8d6386fa0>,55,15,[7 1],87,635,650,548,635
1,<environment.Job instance at 0x14e8d6386eb0>,54,1,[8 1],86,681,682,595,681
1,<environment.Job instance at 0x14e8d6386140>,57,12,[7 2],89,731,743,642,731
1,<environment.Job instance at 0x14e8d63865a0>,58,13,[1 9],90,764,777,674,764
1,<environment.Job instance at 0x14e8d6386d70>,56,1,[1 8],88,777,778,689,773
1,<environment.Job instance at 0x14e8db60da00>,60,1,[ 2 10],92,778,779,686,777
1,<environment.Job instance at 0x14e8db60df50>,59,2,[7 2],91,783,785,692,783
1,<environment.Job instance at 0x14e8db60d1e0>,62,17,[5 2],95,810,827,715,810
1,<environment.Job instance at 0x14e8db60dfa0>,63,3,[10  1],97,844,847,747,844
1,<environment.Job instance at 0x14e8db60d410>,64,1,[9 2],98,849,850,751,849
1,<environment.Job instance at 0x14e8db60d9b0>,65,17,[8 1],99,860,877,761,860
1,<environment.Job instance at 0x14e8db60d230>,66,2,[1 5],100,883,885,783,883
1,<environment.Job instance at 0x14e8db60daf0>,67,13,[1 9],101,916,929,815,916
1,<environment.Job instance at 0x14e89b2d9140>,68,2,[10  2],102,935,937,833,935
1,<environment.Job instance at 0x14e89b2d9780>,69,15,[9 1],104,1017,1032,913,1017
1,<environment.Job instance at 0x14e89b2d9c30>,70,1,[1 5],105,1066,1067,961,1066
1,<environment.Job instance at 0x14e8db60dc80>,61,16,[1 7],93,1105,1121,1012,1105
1,<environment.Job instance at 0x14e89b2d9960>,71,2,[1 9],106,1121,1123,1015,1115
1,<environment.Job instance at 0x14e89b2d9870>,72,2,[1 7],109,1383,1385,1274,1383
1,<environment.Job instance at 0x14e8da16a4b0>,3,2,[6 1],4,4,6,0,4
1,<environment.Job instance at 0x14e8d0306e10>,11,16,[1 5],13,20,36,7,20
1,<environment.Job instance at 0x14e8d03119b0>,21,3,[2 8],25,45,48,20,45
1,<environment.Job instance at 0x14e8d0311a50>,22,2,[1 7],26,45,47,19,45
1,<environment.Job instance at 0x14e8d0311aa0>,23,2,[1 6],27,47,49,20,45
1,<environment.Job instance at 0x14e8d0311be0>,25,1,[2 7],30,62,63,32,62
1,<environment.Job instance at 0x14e8d0311d20>,28,2,[9 1],34,64,66,30,64
1,<environment.Job instance at 0x14e8d0311f50>,29,1,[2 5],35,64,65,29,64
1,<environment.Job instance at 0x14e8d0311fa0>,30,3,[1 8],37,64,67,27,64
1,<environment.Job instance at 0x14e8d0311b40>,31,2,[2 8],40,67,69,27,64
1,<environment.Job instance at 0x14e8d02e42d0>,34,3,[1 8],45,82,85,37,82
1,<environment.Job instance at 0x14e8d02e4690>,36,3,[8 1],47,138,141,91,138
1,<environment.Job instance at 0x14e8d02e4730>,37,3,[10  1],48,141,144,93,140
1,<environment.Job instance at 0x14e8d02e47d0>,38,3,[1 8],49,140,143,91,140
1,<environment.Job instance at 0x14e8d02e4870>,39,2,[2 9],50,143,145,93,140
1,<environment.Job instance at 0x14e8d02e4910>,40,2,[8 2],51,144,146,93,140
1,<environment.Job instance at 0x14e8d02e49b0>,41,2,[8 1],52,146,148,94,141
1,<environment.Job instance at 0x14e8d0311870>,19,12,[6 1],23,154,166,131,154
1,<environment.Job instance at 0x14e8d02e4b90>,44,3,[ 2 10],57,169,172,112,169
1,<environment.Job instance at 0x14e8d0311460>,16,2,[2 5],20,294,296,274,294
1,<environment.Job instance at 0x14e8d02e4cd0>,46,13,[1 7],60,377,390,317,377
1,<environment.Job instance at 0x14e8d02e4d70>,47,16,[5 1],61,411,427,350,411
1,<environment.Job instance at 0x14e8d02e4410>,48,3,[2 5],63,439,442,376,439
1,<environment.Job instance at 0x14e8d02e4f00>,49,13,[1 5],64,482,495,418,482
1,<environment.Job instance at 0x14e8d02e4af0>,43,1,[ 2 10],55,762,763,707,762
1,<environment.Job instance at 0x14e8d02de320>,50,15,[5 1],66,807,822,741,807
1,<environment.Job instance at 0x14e8d02de5a0>,52,1,[6 1],68,822,823,754,822
1,<environment.Job instance at 0x14e8d02de690>,53,18,[8 2],69,825,843,756,825
1,<environment.Job instance at 0x14e8d02de730>,54,16,[2 9],70,829,845,759,829
1,<environment.Job instance at 0x14e8d02de7d0>,55,3,[2 6],71,843,846,772,843
1,<environment.Job instance at 0x14e8d02de870>,56,3,[2 6],72,946,949,874,946
1,<environment.Job instance at 0x14e8d02de910>,57,1,[5 2],73,949,950,876,949
1,<environment.Job instance at 0x14e8d02de9b0>,58,3,[7 1],74,992,995,918,992
1,<environment.Job instance at 0x14e8d02deaa0>,59,2,[2 6],75,1013,1015,938,1013
1,<environment.Job instance at 0x14e8d02de550>,51,23,[2 5],67,1140,1163,1073,1140
1,<environment.Job instance at 0x14e8d02de410>,60,3,[2 7],77,1199,1202,1122,1199
1,<environment.Job instance at 0x14e8d02decd0>,62,3,[1 5],80,1221,1224,1141,1221
1,<environment.Job instance at 0x14e8d02ded70>,63,2,[2 8],81,1223,1225,1142,1223
1,<environment.Job instance at 0x14e8d02dedc0>,64,17,[11  2],82,1226,1243,1144,1226
1,<environment.Job instance at 0x14e8d02fc0a0>,65,15,[1 5],83,1276,1291,1193,1276
1,<environment.Job instance at 0x14e8d6e58320>,66,3,[2 5],85,1320,1323,1235,1320
1,<environment.Job instance at 0x14e8d03094b0>,67,2,[6 2],86,1395,1397,1309,1395
1,<environment.Job instance at 0x14e8d03114b0>,15,3,[1 8],18,1406,1409,1388,1406
1,<environment.Job instance at 0x14e8d03093c0>,69,2,[9 1],89,1447,1449,1358,1447
1,<environment.Job instance at 0x14e8d0309730>,68,16,[2 8],88,1455,1471,1367,1455
1,<environment.Job instance at 0x14e8d03113c0>,14,17,[12  1],17,1480,1497,1463,1480
1,<environment.Job instance at 0x14e8d0309460>,71,3,[10  2],91,1946,1949,1855,1946
1,<environment.Job instance at 0x14e8d63f5820>,25,1,[2 9],40,48,49,8,48
1,<environment.Job instance at 0x14e8d6f58a00>,27,1,[9 2],43,48,49,5,48
1,<environment.Job instance at 0x14e8d6f58690>,28,1,[7 2],45,49,50,4,48
1,<environment.Job instance at 0x14e8d63f5a50>,14,1,[8 1],26,1209,1210,1183,1209
1,<environment.Job instance at 0x14e89b06d280>,2,1,[8 1],3,3,4,0,3
1,<environment.Job instance at 0x14e89b707f50>,11,2,[9 1],18,18,20,0,18
1,<environment.Job instance at 0x14e89add0910>,20,1,[7 2],28,28,29,0,28
1,<environment.Job instance at 0x14e89add05f0>,16,3,[2 8],23,29,32,6,29
1,<environment.Job instance at 0x14e89add0be0>,22,1,[ 2 10],30,32,33,2,31
1,<environment.Job instance at 0x14e89add00f0>,24,15,[7 2],32,32,47,0,32
1,<environment.Job instance at 0x14e89add0690>,23,2,[2 5],31,35,37,4,35
1,<environment.Job instance at 0x14e89add0870>,21,25,[1 7],29,36,61,7,36
1,<environment.Job instance at 0x14e89add52d0>,27,2,[1 7],37,47,49,10,37
1,<environment.Job instance at 0x14e89add5280>,29,2,[1 6],39,39,41,0,39
1,<environment.Job instance at 0x14e89add5500>,30,1,[14  1],41,49,50,8,41
1,<environment.Job instance at 0x14e89add5640>,31,3,[10  1],42,50,53,8,43
1,<environment.Job instance at 0x14e89add5460>,32,3,[10  1],43,53,56,10,43
1,<environment.Job instance at 0x14e89add5820>,33,1,[8 1],44,47,48,3,44
1,<environment.Job instance at 0x14e89add0780>,17,3,[2 9],24,61,64,37,45
1,<environment.Job instance at 0x14e89add5c30>,36,2,[6 1],49,56,58,7,54
1,<environment.Job instance at 0x14e89add5410>,28,22,[ 1 10],38,64,86,26,57
1,<environment.Job instance at 0x14e89add5eb0>,39,3,[9 1],54,58,61,4,57
1,<environment.Job instance at 0x14e89add5dc0>,40,1,[8 2],56,57,58,1,57
1,<environment.Job instance at 0x14e89add5f00>,41,3,[1 5],57,58,61,1,57
1,<environment.Job instance at 0x14e89adbd550>,42,1,[10  1],59,61,62,2,59
1,<environment.Job instance at 0x14e89adbd640>,43,3,[8 1],60,62,65,2,60
1,<environment.Job instance at 0x14e89adbd7d0>,44,2,[8 1],61,65,67,4,61
1,<environment.Job instance at 0x14e89adbd910>,45,1,[5 2],62,62,63,0,62
1,<environment.Job instance at 0x14e89adbda50>,46,3,[1 7],63,86,89,23,63
1,<environment.Job instance at 0x14e89adbdb90>,47,2,[5 1],64,64,66,0,64
1,<environment.Job instance at 0x14e89adbdeb0>,49,2,[5 2],67,69,71,2,69
1,<environment.Job instance at 0x14e89adc2410>,53,1,[10  1],71,71,72,0,71
1,<environment.Job instance at 0x14e89add0640>,19,1,[2 7],27,86,87,59,71
1,<environment.Job instance at 0x14e89add5d20>,37,16,[6 1],50,73,89,23,73
1,<environment.Job instance at 0x14e89adc25f0>,54,2,[ 1 10],72,89,91,17,74
1,<environment.Job instance at 0x14e89adc2eb0>,61,3,[ 1 11],81,91,94,10,81
1,<environment.Job instance at 0x14e89adc2f50>,62,2,[1 9],82,94,96,12,82
1,<environment.Job instance at 0x14e89adc2820>,63,2,[2 5],83,87,89,4,83
1,<environment.Job instance at 0x14e89adf32d0>,64,3,[1 5],86,94,97,8,86
1,<environment.Job instance at 0x14e89adf3320>,65,1,[8 1],87,89,90,2,87
1,<environment.Job instance at 0x14e89adf34b0>,66,2,[8 2],88,90,92,2,88
1,<environment.Job instance at 0x14e89b716550>,78,1,[1 9],102,114,115,12,114
1,<environment.Job instance at 0x14e89aecdbe0>,82,3,[2 6],108,114,117,6,114
1,<environment.Job instance at 0x14e89b716140>,79,18,[5 2],103,115,133,12,114
1,<environment.Job instance at 0x14e89b716a50>,74,3,[1 7],98,153,156,55,153
1,<environment.Job instance at 0x14e89b7166e0>,76,2,[2 7],100,163,165,63,163
1,<environment.Job instance at 0x14e8d65110f0>,10,1,[8 1],15,15,16,0,15
1,<environment.Job instance at 0x14e89b0ae370>,15,2,[2 8],20,27,29,7,27
1,<environment.Job instance at 0x14e89adb7b40>,18,2,[10  1],24,27,29,3,27
1,<environment.Job instance at 0x14e89b43f140>,19,22,[5 1],26,29,51,3,27
1,<environment.Job instance at 0x14e8d0122f50>,20,14,[9 2],29,31,45,2,31
1,<environment.Job instance at 0x14e8d46987d0>,22,3,[1 5],32,32,35,0,32
1,<environment.Job instance at 0x14e89b79f780>,23,2,[5 2],33,45,47,12,33
1,<environment.Job instance at 0x14e89b7dbb90>,24,13,[8 1],35,47,60,12,35
1,<environment.Job instance at 0x14e8d62d4460>,25,1,[7 2],36,51,52,15,36
1,<environment.Job instance at 0x14e89b79f910>,26,2,[2 8],37,45,47,8,37
1,<environment.Job instance at 0x14e8d0238280>,13,2,[7 1],18,105,107,87,105
1,<environment.Job instance at 0x14e89acadaf0>,43,13,[8 1],56,112,125,56,112
1,<environment.Job instance at 0x14e89b0ae500>,14,1,[5 1],19,117,118,98,117
1,<environment.Job instance at 0x14e89acadb40>,44,1,[6 1],57,123,124,66,123
1,<environment.Job instance at 0x14e89acad320>,46,1,[5 1],59,139,140,80,139
1,<environment.Job instance at 0x14e89acadc80>,47,3,[5 2],60,139,142,79,139
1,<environment.Job instance at 0x14e89acadfa0>,48,17,[6 2],64,140,157,76,140
1,<environment.Job instance at 0x14e89acad690>,49,3,[5 2],65,142,145,77,142
1,<environment.Job instance at 0x14e8db678a50>,50,15,[10  2],66,157,172,91,146
1,<environment.Job instance at 0x14e8db678b40>,51,2,[8 2],67,155,157,88,155
1,<environment.Job instance at 0x14e8da180370>,52,2,[11  1],68,172,174,104,155
1,<environment.Job instance at 0x14e8da180b90>,53,1,[8 2],69,174,175,105,168
1,<environment.Job instance at 0x14e8d0305d20>,12,1,[8 2],17,175,176,158,171
1,<environment.Job instance at 0x14e89acad0f0>,42,2,[ 1 13],55,215,217,160,215
1,<environment.Job instance at 0x14e8da180190>,55,28,[ 2 10],71,232,260,161,232
1,<environment.Job instance at 0x14e8da180460>,54,12,[1 8],70,260,272,190,252
1,<environment.Job instance at 0x14e8db664e60>,73,2,[1 8],98,403,405,305,403
1,<environment.Job instance at 0x14e89b028690>,74,16,[ 1 12],99,1307,1323,1208,1307
1,<environment.Job instance at 0x14e8db664c80>,75,1,[1 5],100,1397,1398,1297,1397
1,<environment.Job instance at 0x14e8db664140>,76,3,[2 8],101,1409,1412,1308,1409
1,<environment.Job instance at 0x14e8db6643c0>,77,12,[7 2],102,1559,1571,1457,1559
1,<environment.Job instance at 0x14e8db664550>,78,1,[2 5],104,1672,1673,1568,1672
1,<environment.Job instance at 0x14e89b15fc30>,8,1,[2 8],16,16,17,0,16
1,<environment.Job instance at 0x14e89b15fe60>,9,2,[10  1],17,17,19,0,17
1,<environment.Job instance at 0x14e89b344c80>,13,2,[7 2],24,24,26,0,24
1,<environment.Job instance at 0x14e89b7d9870>,18,18,[1 6],31,37,55,6,37
1,<environment.Job instance at 0x14e89b7d9370>,19,14,[9 2],33,40,54,7,40
1,<environment.Job instance at 0x14e8d6e42280>,24,14,[10  1],41,54,68,13,41
1,<environment.Job instance at 0x14e8d6e42be0>,25,18,[1 7],42,42,60,0,42
1,<environment.Job instance at 0x14e89ae4bcd0>,32,2,[10  1],52,68,70,16,56
1,<environment.Job instance at 0x14e89ae4bc30>,33,1,[6 2],53,70,71,17,56
1,<environment.Job instance at 0x14e89ae4b5a0>,34,3,[6 2],54,70,73,16,56
1,<environment.Job instance at 0x14e8d63c9fa0>,35,3,[2 5],58,58,61,0,58
1,<environment.Job instance at 0x14e89b356870>,36,2,[5 1],59,61,63,2,59
1,<environment.Job instance at 0x14e89b356320>,37,18,[2 9],61,63,81,2,61
1,<environment.Job instance at 0x14e8dc0410f0>,47,3,[ 1 10],75,81,84,6,79
1,<environment.Job instance at 0x14e8dc041870>,48,1,[14  2],76,81,82,5,79
1,<environment.Job instance at 0x14e8dc0415a0>,49,2,[6 2],77,79,81,2,79
1,<environment.Job instance at 0x14e8dc041640>,51,2,[1 9],79,84,86,5,84
1,<environment.Job instance at 0x14e8d62b4460>,52,3,[6 2],80,84,87,4,84
1,<environment.Job instance at 0x14e8dd568dc0>,53,3,[5 2],82,84,87,2,84
1,<environment.Job instance at 0x14e8d4b60910>,54,2,[1 8],83,86,88,3,84
1,<environment.Job instance at 0x14e89b15e140>,56,2,[2 8],87,93,95,6,93
1,<environment.Job instance at 0x14e89af616e0>,57,14,[2 8],88,95,109,7,93
1,<environment.Job instance at 0x14e89af615f0>,58,1,[10  2],89,93,94,4,93
1,<environment.Job instance at 0x14e89b7b42d0>,59,17,[7 2],91,94,111,3,93
1,<environment.Job instance at 0x14e89af61870>,60,13,[8 1],94,109,122,15,94
1,<environment.Job instance at 0x14e8d02d68c0>,61,2,[10  1],95,122,124,27,95
1,<environment.Job instance at 0x14e89b69e640>,63,1,[6 2],98,121,122,23,121
1,<environment.Job instance at 0x14e8d64f50a0>,64,1,[6 1],99,124,125,25,121
1,<environment.Job instance at 0x14e8d02d6870>,65,1,[8 1],100,124,125,24,121
1,<environment.Job instance at 0x14e8dbfc4a50>,66,1,[5 1],103,122,123,19,121
1,<environment.Job instance at 0x14e8d71dd5f0>,67,2,[1 9],104,123,125,19,121
1,<environment.Job instance at 0x14e8dc0576e0>,69,2,[7 1],108,125,127,17,123
1,<environment.Job instance at 0x14e89ae4b320>,28,1,[2 5],45,131,132,86,131
1,<environment.Job instance at 0x14e8dc041690>,46,2,[14  2],74,143,145,69,143
1,<environment.Job instance at 0x14e89ae4b820>,30,1,[10  1],50,147,148,97,147
1,<environment.Job instance at 0x14e89b7d9af0>,17,12,[6 1],30,184,196,154,184
1,<environment.Job instance at 0x14e89b0b0b40>,11,2,[14  1],17,21,23,4,21
1,<environment.Job instance at 0x14e89b7144b0>,17,2,[1 8],26,26,28,0,26
1,<environment.Job instance at 0x14e89b0b05f0>,15,3,[1 5],23,51,54,28,51
1,<environment.Job instance at 0x14e89ad2a690>,29,14,[7 1],49,51,65,2,51
1,<environment.Job instance at 0x14e89ad2af50>,30,3,[6 2],50,51,54,1,51
1,<environment.Job instance at 0x14e89b0b0d20>,16,14,[1 7],24,53,67,29,53
1,<environment.Job instance at 0x14e8d656d140>,35,2,[2 6],60,65,67,5,65
1,<environment.Job instance at 0x14e8d656da50>,38,1,[8 1],63,65,66,2,65
1,<environment.Job instance at 0x14e8d656d500>,39,1,[6 1],64,66,67,2,65
1,<environment.Job instance at 0x14e8d656d3c0>,37,3,[1 6],62,67,70,5,65
1,<environment.Job instance at 0x14e8d656db90>,40,1,[1 9],68,69,70,1,69
1,<environment.Job instance at 0x14e8db6d6500>,43,1,[2 8],74,78,79,4,78
1,<environment.Job instance at 0x14e89ada0820>,45,18,[2 8],78,79,97,1,78
1,<environment.Job instance at 0x14e8d6e37f00>,48,3,[5 2],87,88,91,1,88
1,<environment.Job instance at 0x14e8da16c2d0>,50,3,[1 5],90,90,93,0,90
1,<environment.Job instance at 0x14e8da16cf00>,51,1,[9 1],91,91,92,0,91
1,<environment.Job instance at 0x14e8da16cdc0>,53,2,[2 5],94,94,96,0,94
1,<environment.Job instance at 0x14e8d64c7960>,63,1,[6 1],105,118,119,13,118
1,<environment.Job instance at 0x14e89b747280>,64,1,[5 2],107,118,119,11,118
1,<environment.Job instance at 0x14e8d656dbe0>,36,17,[1 9],61,123,140,62,123
1,<environment.Job instance at 0x14e89ad2a730>,26,13,[5 2],43,184,197,141,184
1,<environment.Job instance at 0x14aecf6d1f00>,7,1,[2 6],8,8,9,0,8
1,<environment.Job instance at 0x14aecf6c7550>,22,1,[2 7],30,30,31,0,30
1,<environment.Job instance at 0x14aecf6d1af0>,5,3,[9 2],6,32,35,26,32
1,<environment.Job instance at 0x14aecf6c6370>,26,1,[2 7],35,35,36,0,35
1,<environment.Job instance at 0x14aecf6c6320>,27,2,[2 7],36,36,38,0,36
1,<environment.Job instance at 0x14aecf6c7190>,24,12,[ 1 10],32,38,50,6,36
1,<environment.Job instance at 0x14aed85ed9b0>,33,1,[2 7],43,50,51,7,43
1,<environment.Job instance at 0x14aecf6c66e0>,28,2,[2 7],37,50,52,13,46
1,<environment.Job instance at 0x14aecf6c67d0>,32,3,[2 9],42,368,371,326,368
1,<environment.Job instance at 0x14aecf8fcf50>,36,3,[10  2],48,1510,1513,1462,1510
1,<environment.Job instance at 0x14aecfb83f00>,2,1,[1 5],3,3,4,0,3
1,<environment.Job instance at 0x14aed0234730>,4,1,[2 7],7,7,8,0,7
1,<environment.Job instance at 0x14aed0234320>,7,2,[14  1],10,181,183,171,181
1,<environment.Job instance at 0x14aed02342d0>,17,1,[ 2 10],22,183,184,161,181
1,<environment.Job instance at 0x14aed02349b0>,18,1,[ 2 14],23,184,185,161,181
1,<environment.Job instance at 0x14aed0234e10>,9,3,[2 8],12,185,188,173,181
1,<environment.Job instance at 0x14aed02344b0>,16,1,[2 8],21,188,189,167,181
1,<environment.Job instance at 0x14aed0234370>,11,15,[10  2],15,200,215,185,200
1,<environment.Job instance at 0x14aed0237b40>,25,3,[2 5],33,202,205,169,202
1,<environment.Job instance at 0x14aed0237fa0>,26,1,[8 1],34,215,216,181,202
1,<environment.Job instance at 0x14aed0237820>,27,3,[5 2],36,205,208,169,202
1,<environment.Job instance at 0x14aed0237af0>,28,15,[9 2],37,216,231,179,202
1,<environment.Job instance at 0x14aed02372d0>,29,18,[2 6],38,208,226,170,202
1,<environment.Job instance at 0x14aed02379b0>,30,1,[1 6],39,203,204,164,203
1,<environment.Job instance at 0x14aed0237410>,31,1,[1 7],40,204,205,164,203
1,<environment.Job instance at 0x14aed0237eb0>,32,3,[9 1],43,231,234,188,212
1,<environment.Job instance at 0x14aed0237aa0>,34,1,[1 8],46,215,216,169,214
1,<environment.Job instance at 0x14aed02370a0>,35,15,[1 6],47,221,236,174,221
1,<environment.Job instance at 0x14aed0237460>,36,3,[7 2],48,234,237,186,231
1,<environment.Job instance at 0x14aed0237960>,37,2,[1 8],49,251,253,202,251
1,<environment.Job instance at 0x14aed0237d20>,38,3,[1 7],51,268,271,217,268
1,<environment.Job instance at 0x14aed0237500>,39,13,[ 1 14],52,338,351,286,338
1,<environment.Job instance at 0x14aed0237a50>,20,15,[5 1],25,352,367,327,352
1,<environment.Job instance at 0x14aed02377d0>,40,27,[1 8],53,357,384,304,357
1,<environment.Job instance at 0x14aed02375f0>,42,2,[7 2],55,375,377,320,375
1,<environment.Job instance at 0x14aed13c40f0>,43,12,[6 1],56,377,389,321,377
1,<environment.Job instance at 0x14aed13c4730>,44,28,[2 8],59,385,413,326,385
1,<environment.Job instance at 0x14aed13c4f00>,45,3,[5 1],63,436,439,373,436
1,<environment.Job instance at 0x14aed13c42d0>,46,15,[1 7],65,452,467,387,452
1,<environment.Job instance at 0x14aed13c4280>,47,3,[ 2 10],66,487,490,421,487
1,<environment.Job instance at 0x14aed13c4190>,48,2,[1 9],68,572,574,504,572
1,<environment.Job instance at 0x14aed13c44b0>,49,2,[ 2 10],71,632,634,561,632
1,<environment.Job instance at 0x14aed13c46e0>,50,3,[5 2],72,808,811,736,808
1,<environment.Job instance at 0x14aed13c4be0>,51,15,[2 7],73,870,885,797,870
1,<environment.Job instance at 0x14aed13c4e60>,52,2,[ 2 10],74,936,938,862,936
1,<environment.Job instance at 0x14aed13c4460>,53,2,[2 9],75,945,947,870,945
1,<environment.Job instance at 0x14aed13c45f0>,54,17,[ 2 10],76,964,981,888,964
1,<environment.Job instance at 0x14aed13c4870>,55,19,[ 1 10],78,1011,1030,933,1011
1,<environment.Job instance at 0x14aed13c4e10>,56,2,[9 1],79,1053,1055,974,1053
1,<environment.Job instance at 0x14aed13c4d20>,57,3,[5 2],80,1104,1107,1024,1104
1,<environment.Job instance at 0x14aed13c4780>,58,2,[ 1 10],81,1105,1107,1024,1105
1,<environment.Job instance at 0x14aed13c4320>,59,13,[ 2 10],82,1110,1123,1028,1110
1,<environment.Job instance at 0x14aed13c4a00>,60,1,[1 7],83,1140,1141,1057,1140
1,<environment.Job instance at 0x14aed13c4410>,61,1,[2 9],84,1145,1146,1061,1145
1,<environment.Job instance at 0x14aed0230f50>,62,15,[1 7],85,1147,1162,1062,1147
1,<environment.Job instance at 0x14aed0230320>,63,3,[ 2 10],87,1165,1168,1078,1165
1,<environment.Job instance at 0x14aed0230410>,64,14,[10  1],89,1198,1212,1109,1198
1,<environment.Job instance at 0x14aed0230d20>,65,12,[7 1],90,1330,1342,1240,1330
1,<environment.Job instance at 0x14aed0234be0>,13,16,[8 1],17,1347,1363,1330,1347
1,<environment.Job instance at 0x14aed02309b0>,66,2,[8 2],91,1460,1462,1369,1460
1,<environment.Job instance at 0x14aed0230d70>,67,3,[8 1],92,1541,1544,1449,1541
1,<environment.Job instance at 0x14aed0230a00>,68,2,[2 5],93,1626,1628,1533,1626
1,<environment.Job instance at 0x14aed0230dc0>,70,2,[10  1],95,1626,1628,1531,1626
1,<environment.Job instance at 0x14aed0230e60>,71,3,[ 2 10],97,1678,1681,1581,1678
1,<environment.Job instance at 0x14aed0230eb0>,72,18,[8 1],98,1679,1697,1581,1679
1,<environment.Job instance at 0x14aed0230910>,73,16,[1 6],99,1714,1730,1615,1714
1,<environment.Job instance at 0x14aed02375a0>,41,3,[1 9],54,1736,1739,1682,1736
1,<environment.Job instance at 0x14aed0230fa0>,74,17,[1 6],101,1736,1753,1635,1736
1,<environment.Job instance at 0x14aed02325f0>,76,1,[2 6],103,1762,1763,1659,1762
1,<environment.Job instance at 0x14aed0230b90>,69,3,[6 1],94,1773,1776,1679,1773
1,<environment.Job instance at 0x14aed02324b0>,77,16,[9 1],106,1773,1789,1667,1773
1,<environment.Job instance at 0x14aed0232e60>,79,1,[9 1],111,1789,1790,1678,1786
1,<environment.Job instance at 0x14aed0232780>,80,12,[1 5],112,1786,1798,1674,1786
1,<environment.Job instance at 0x14aed0232a50>,81,2,[6 2],113,1790,1792,1677,1787
1,<environment.Job instance at 0x14aed02320f0>,82,1,[9 1],115,1817,1818,1702,1817
1,<environment.Job instance at 0x14aed0232a00>,83,2,[8 1],116,1818,1820,1702,1817
1,<environment.Job instance at 0x14aed0232aa0>,84,1,[ 1 10],117,1820,1821,1703,1820
1,<environment.Job instance at 0x14aed0232910>,85,2,[1 5],119,1822,1824,1703,1822
1,<environment.Job instance at 0x14aed0232550>,75,17,[7 1],102,1901,1918,1799,1901
1,<environment.Job instance at 0x14aed0232960>,78,15,[9 2],110,1921,1936,1811,1921
1,<environment.Job instance at 0x14aed6629cd0>,5,1,[2 8],12,12,13,0,12
1,<environment.Job instance at 0x14aed6f7faf0>,8,2,[2 5],18,18,20,0,18
1,<environment.Job instance at 0x14aed6f7fd20>,14,14,[6 1],27,32,46,5,32
1,<environment.Job instance at 0x14aed6f7f4b0>,15,15,[2 8],28,144,159,116,144
1,<environment.Job instance at 0x14aed6746d70>,23,3,[1 5],39,175,178,136,175
1,<environment.Job instance at 0x14aed6746370>,24,21,[ 2 13],40,178,199,138,176
1,<environment.Job instance at 0x14aed6746960>,25,1,[2 8],41,199,200,158,188
1,<environment.Job instance at 0x14aed6746280>,26,1,[7 1],42,215,216,173,215
1,<environment.Job instance at 0x14aed6746320>,27,18,[5 2],43,216,234,173,216
1,<environment.Job instance at 0x14aed6746190>,28,2,[8 2],45,235,237,190,235
1,<environment.Job instance at 0x14aed672e500>,29,3,[1 7],46,247,250,201,247
1,<environment.Job instance at 0x14aed672e280>,30,18,[8 1],47,252,270,205,252
1,<environment.Job instance at 0x14aed672ecd0>,31,1,[5 2],48,276,277,228,276
1,<environment.Job instance at 0x14aed672e8c0>,32,1,[1 8],49,289,290,240,289
1,<environment.Job instance at 0x14aed672e820>,33,3,[1 7],50,290,293,240,290
1,<environment.Job instance at 0x14aed6f7ff00>,16,16,[1 7],29,292,308,263,292
1,<environment.Job instance at 0x14aed672e320>,35,2,[1 7],54,307,309,253,307
1,<environment.Job instance at 0x14aed672e7d0>,34,2,[5 2],52,321,323,269,321
1,<environment.Job instance at 0x14aed672ee10>,37,1,[1 6],57,338,339,281,338
1,<environment.Job instance at 0x14aed672e6e0>,38,12,[7 1],58,343,355,285,343
1,<environment.Job instance at 0x14aed672ef50>,39,2,[10  1],59,355,357,296,343
1,<environment.Job instance at 0x14aed672eb90>,40,3,[2 7],60,373,376,313,373
1,<environment.Job instance at 0x14aed672e140>,41,17,[7 1],62,373,390,311,373
1,<environment.Job instance at 0x14aed672e4b0>,42,1,[2 5],64,376,377,312,376
1,<environment.Job instance at 0x14aed672ebe0>,43,3,[1 8],65,386,389,321,386
1,<environment.Job instance at 0x14aed672ec30>,44,12,[7 2],67,397,409,330,397
1,<environment.Job instance at 0x14aed672e370>,45,2,[7 2],69,404,406,335,404
1,<environment.Job instance at 0x14aed672e910>,36,2,[5 2],55,425,427,370,425
1,<environment.Job instance at 0x14aed672e690>,46,3,[ 2 10],71,426,429,355,426
1,<environment.Job instance at 0x14aed672e3c0>,48,2,[2 5],74,431,433,357,431
1,<environment.Job instance at 0x14aed6fde960>,49,1,[ 2 10],75,431,432,356,431
1,<environment.Job instance at 0x14aed6fdeaa0>,50,14,[8 1],76,444,458,368,444
1,<environment.Job instance at 0x14aed6fde9b0>,51,2,[ 1 10],77,445,447,368,445
1,<environment.Job instance at 0x14aed6fde5a0>,52,3,[7 2],78,452,455,374,452
1,<environment.Job instance at 0x14aed6fde2d0>,53,21,[7 2],80,455,476,375,453
1,<environment.Job instance at 0x14aed6fde050>,54,13,[5 2],81,458,471,377,453
1,<environment.Job instance at 0x14aed6fde910>,55,3,[1 9],82,469,472,387,469
1,<environment.Job instance at 0x14aed6fde370>,56,1,[6 1],83,471,472,388,469
1,<environment.Job instance at 0x14aed6fde550>,57,3,[5 1],84,472,475,388,469
1,<environment.Job instance at 0x14aed6fdee60>,58,3,[1 7],89,473,476,384,473
1,<environment.Job instance at 0x14aed6fdebe0>,59,12,[7 1],91,479,491,388,479
1,<environment.Job instance at 0x14aed6fded20>,60,20,[8 2],92,480,500,388,480
1,<environment.Job instance at 0x14aed6fde460>,61,2,[10  1],93,500,502,407,484
1,<environment.Job instance at 0x14aed1448eb0>,62,3,[1 9],94,491,494,397,491
1,<environment.Job instance at 0x14aed664bb40>,63,3,[1 8],98,494,497,396,492
1,<environment.Job instance at 0x14aed664bfa0>,64,2,[2 7],101,503,505,402,503
1,<environment.Job instance at 0x14aed66edd70>,65,2,[9 2],102,507,509,405,507
1,<environment.Job instance at 0x14aed672e050>,47,14,[8 2],72,516,530,444,516
1,<environment.Job instance at 0x14aed66ed9b0>,66,3,[5 2],103,527,530,424,527
1,<environment.Job instance at 0x14aed66ed460>,68,1,[ 2 10],105,527,528,422,527
1,<environment.Job instance at 0x14aed66ed2d0>,69,18,[5 2],107,548,566,441,548
1,<environment.Job instance at 0x14aed66ed730>,70,1,[1 8],108,559,560,451,559
1,<environment.Job instance at 0x14aed66ed640>,71,13,[1 7],110,560,573,450,559
1,<environment.Job instance at 0x14aed1ec84b0>,72,12,[2 9],113,573,585,460,571
1,<environment.Job instance at 0x14aed1ec8690>,73,3,[5 2],114,592,595,478,592
1,<environment.Job instance at 0x14aed1ec86e0>,74,2,[ 2 10],115,595,597,480,595
1,<environment.Job instance at 0x14aed1ec85a0>,75,15,[8 2],116,596,611,480,596
1,<environment.Job instance at 0x14aed1ec80a0>,76,17,[10  1],118,611,628,493,603
1,<environment.Job instance at 0x14aed66ed500>,67,16,[7 2],104,692,708,588,692
1,<environment.Job instance at 0x14aecfb981e0>,0,1,[6 2],1,3,4,2,3
1,<environment.Job instance at 0x14ae9a937af0>,5,2,[1 6],12,41,43,29,41
1,<environment.Job instance at 0x14ae9a937e10>,6,1,[1 9],13,77,78,64,77
1,<environment.Job instance at 0x14ae9a937500>,13,3,[9 1],22,78,81,56,78
1,<environment.Job instance at 0x14aed21fdaa0>,24,3,[5 1],40,78,81,38,78
1,<environment.Job instance at 0x14aed6fd3dc0>,40,26,[9 1],64,161,187,97,161
1,<environment.Job instance at 0x14aed21fd1e0>,23,16,[1 5],38,397,413,359,397
1,<environment.Job instance at 0x14aed12cd910>,75,2,[6 1],114,433,435,319,433
1,<environment.Job instance at 0x14aed12cda00>,76,3,[10  1],116,530,533,414,530
1,<environment.Job instance at 0x14aed12cdf00>,77,3,[10  2],117,542,545,425,542
1,<environment.Job instance at 0x14aecc1f7280>,7,15,[7 2],8,9,24,1,9
1,<environment.Job instance at 0x14aed1455f50>,28,2,[7 1],37,40,42,3,40
1,<environment.Job instance at 0x14ae9a4df9b0>,6,1,[1 9],12,12,13,0,12
1,<environment.Job instance at 0x14ae9a4df730>,9,1,[5 2],16,16,17,0,16
1,<environment.Job instance at 0x14ae9a4dfeb0>,10,26,[2 8],18,19,45,1,19
1,<environment.Job instance at 0x14ae9a4e2370>,26,27,[1 7],45,45,72,0,45
1,<environment.Job instance at 0x14ae9a4e2b40>,39,2,[1 8],67,76,78,9,76
1,<environment.Job instance at 0x14ae9a4e2dc0>,40,1,[10  2],68,76,77,8,76
1,<environment.Job instance at 0x14ae9a4e2690>,30,2,[ 1 10],50,94,96,44,94
1,<environment.Job instance at 0x14ae9a4e4320>,46,1,[8 1],79,103,104,24,103
1,<environment.Job instance at 0x14ae9a4e4780>,48,1,[2 9],84,103,104,19,103
1,<environment.Job instance at 0x14ae9a4e42d0>,45,3,[6 2],77,116,119,39,116
1,<environment.Job instance at 0x14ae9a4e4b40>,53,2,[7 1],91,116,118,25,116
1,<environment.Job instance at 0x14ae9a4e49b0>,51,13,[13  2],87,119,132,32,116
1,<environment.Job instance at 0x14ae9a4e4e10>,56,1,[8 1],95,132,133,37,128
1,<environment.Job instance at 0x14ae9a4e4230>,44,1,[ 1 12],76,130,131,54,130
1,<environment.Job instance at 0x14ae9a4e4f00>,57,28,[5 1],96,132,160,36,131
1,<environment.Job instance at 0x14ae9a4e7230>,59,18,[5 1],98,135,153,37,135
1,<environment.Job instance at 0x14ae9a4e7820>,64,1,[7 1],104,153,154,49,135
1,<environment.Job instance at 0x14ae9a4e4dc0>,55,3,[2 5],94,135,138,41,135
1,<environment.Job instance at 0x14ae9a4e79b0>,66,3,[ 1 10],106,138,141,32,138
1,<environment.Job instance at 0x14ae9a4e7a50>,67,3,[1 5],107,141,144,34,139
1,<environment.Job instance at 0x14ae9a4e7af0>,68,3,[2 7],108,145,148,37,145
1,<environment.Job instance at 0x14ae9a4e7c30>,70,2,[2 8],110,148,150,38,145
1,<environment.Job instance at 0x14ae9a4e7b90>,69,13,[2 5],109,146,159,37,146
1,<environment.Job instance at 0x14ae9a4e77d0>,72,1,[6 2],116,154,155,38,146
1,<environment.Job instance at 0x14ae9a4e7f00>,73,1,[1 9],117,155,156,38,146
1,<environment.Job instance at 0x14ae9a4e7d20>,74,3,[7 1],118,156,159,38,146
1,<environment.Job instance at 0x14ae9a4e92d0>,75,3,[7 2],119,159,162,40,146
1,<environment.Job instance at 0x14ae9a4e73c0>,63,17,[9 2],103,164,181,61,164
1,<environment.Job instance at 0x14ae9a4e7cd0>,71,2,[5 1],111,165,167,54,165
1,<environment.Job instance at 0x14ae9a4e2730>,31,3,[9 2],52,181,184,129,175
1,<environment.Job instance at 0x14ae9a4e2500>,29,2,[6 1],49,194,196,145,194
1,<environment.Job instance at 0x14ae9a5bbcd0>,4,25,[8 1],9,9,34,0,9
1,<environment.Job instance at 0x14ae9a5bb5f0>,7,2,[10  2],13,36,38,23,36
1,<environment.Job instance at 0x14ae9a61d5a0>,19,1,[ 1 10],29,40,41,11,40
1,<environment.Job instance at 0x14ae9a61db90>,22,3,[6 2],32,45,48,13,45
1,<environment.Job instance at 0x14ae9a61d370>,20,19,[2 5],30,45,64,15,45
1,<environment.Job instance at 0x14ae9a61d050>,23,2,[6 2],33,47,49,14,47
1,<environment.Job instance at 0x14ae9a61d140>,24,17,[5 2],34,48,65,14,47
1,<environment.Job instance at 0x14ae9a5d00a0>,28,1,[1 6],40,48,49,8,48
1,<environment.Job instance at 0x14ae9a618eb0>,45,25,[9 1],61,76,101,15,76
1,<environment.Job instance at 0x14ae9a618aa0>,46,1,[10  2],63,101,102,38,76
1,<environment.Job instance at 0x14ae9a618050>,47,21,[ 2 10],64,76,97,12,76
1,<environment.Job instance at 0x14ae9a6186e0>,48,21,[2 5],65,97,118,32,89
1,<environment.Job instance at 0x14ae9a66ea50>,53,2,[2 9],71,102,104,31,100
1,<environment.Job instance at 0x14ae9a66e140>,54,2,[1 5],72,100,102,28,100
1,<environment.Job instance at 0x14ae9a5d0280>,29,3,[8 2],41,114,117,73,114
1,<environment.Job instance at 0x14ae9a4ff0f0>,62,2,[5 1],82,133,135,51,133
1,<environment.Job instance at 0x14ae9a559c30>,63,1,[1 7],83,133,134,50,133
1,<environment.Job instance at 0x14ae9a559fa0>,67,1,[2 6],90,138,139,48,138
1,<environment.Job instance at 0x14ae9a5592d0>,68,3,[2 6],91,138,141,47,138
1,<environment.Job instance at 0x14aed14115f0>,69,2,[9 1],92,138,140,46,138
1,<environment.Job instance at 0x14ae9a5590a0>,70,13,[6 1],94,145,158,51,145
1,<environment.Job instance at 0x14aed9427a50>,76,17,[12  1],100,158,175,58,149
1,<environment.Job instance at 0x14aecc2b3a00>,84,1,[7 1],110,180,181,70,180
1,<environment.Job instance at 0x14aecc2b3280>,85,1,[1 8],111,180,181,69,180
1,<environment.Job instance at 0x14aed70525a0>,86,2,[6 2],112,180,182,68,180
1,<environment.Job instance at 0x14aed1fa3640>,88,1,[6 2],115,181,182,66,181
1,<environment.Job instance at 0x14aed6fe9730>,89,3,[8 2],116,182,185,66,181
1,<environment.Job instance at 0x14ae9a5bbf50>,8,3,[1 7],14,205,208,191,205
1,<environment.Job instance at 0x14ae9a5bbe60>,9,14,[9 2],16,241,255,225,241
1,<environment.Job instance at 0x14ae9a61d190>,4,1,[13  1],5,5,6,0,5
1,<environment.Job instance at 0x14aed6fcdf00>,6,1,[5 1],7,7,8,0,7
1,<environment.Job instance at 0x14aed22ab5f0>,19,2,[2 9],22,25,27,3,25
1,<environment.Job instance at 0x14aed22ab320>,20,2,[2 7],23,27,29,4,25
1,<environment.Job instance at 0x14ae9a7e7fa0>,24,22,[2 6],29,41,63,12,41
1,<environment.Job instance at 0x14ae9a7e73c0>,25,1,[ 1 14],30,63,64,33,41
1,<environment.Job instance at 0x14ae9a7e7eb0>,30,1,[8 1],37,47,48,10,47
1,<environment.Job instance at 0x14ae9a7e7a00>,31,1,[5 1],39,47,48,8,47
1,<environment.Job instance at 0x14ae9a7e70f0>,32,2,[7 2],40,48,50,8,47
1,<environment.Job instance at 0x14ae9a7e71e0>,33,3,[ 2 14],42,64,67,22,47
1,<environment.Job instance at 0x14ae9a7e7910>,35,1,[ 2 10],44,67,68,23,47
1,<environment.Job instance at 0x14ae9a8395f0>,36,2,[7 2],46,50,52,4,47
1,<environment.Job instance at 0x14ae9a839730>,37,1,[6 1],47,48,49,1,47
1,<environment.Job instance at 0x14ae9a6ce050>,38,2,[6 1],49,49,51,0,49
1,<environment.Job instance at 0x14aed1efc0a0>,15,3,[10  2],17,52,55,35,50
1,<environment.Job instance at 0x14aed1efcf00>,16,3,[2 5],19,51,54,32,50
1,<environment.Job instance at 0x14ae9a6ceeb0>,44,27,[5 1],60,62,89,2,62
1,<environment.Job instance at 0x14ae9a6ce0f0>,46,2,[1 9],62,98,100,36,98
1,<environment.Job instance at 0x14ae9a6ce9b0>,48,1,[1 8],64,113,114,49,113
1,<environment.Job instance at 0x14ae9a6ce820>,49,1,[2 9],66,114,115,48,113
1,<environment.Job instance at 0x14ae9ab15b90>,50,2,[10  2],67,117,119,50,117
1,<environment.Job instance at 0x14ae9a6ce5a0>,51,1,[6 1],70,119,120,49,118
1,<environment.Job instance at 0x14ae9ab150a0>,52,1,[7 2],72,119,120,47,118
1,<environment.Job instance at 0x14ae9ab15640>,53,2,[2 7],73,119,121,46,119
1,<environment.Job instance at 0x14ae9ab15eb0>,54,3,[2 5],74,129,132,55,129
1,<environment.Job instance at 0x14ae9ab15960>,55,25,[6 1],75,129,154,54,129
1,<environment.Job instance at 0x14ae9a6ce1e0>,41,2,[7 2],55,184,186,129,184
1,<environment.Job instance at 0x14ae9ab15190>,58,3,[10  1],81,198,201,117,198
1,<environment.Job instance at 0x14ae9ab15e60>,59,2,[ 2 10],82,198,200,116,198
1,<environment.Job instance at 0x14aed51947d0>,60,3,[9 2],83,201,204,118,198
1,<environment.Job instance at 0x14aed1e20370>,61,1,[1 9],84,200,201,116,198
1,<environment.Job instance at 0x14aed1e20190>,62,1,[8 2],87,204,205,117,198
1,<environment.Job instance at 0x14aed152dd20>,63,22,[2 5],89,200,222,111,198
1,<environment.Job instance at 0x14aed152d870>,64,1,[9 2],90,205,206,115,198
1,<environment.Job instance at 0x14aed152ddc0>,65,1,[10  1],91,206,207,115,198
1,<environment.Job instance at 0x14ae9a6ce780>,45,15,[14  1],61,222,237,161,208
1,<environment.Job instance at 0x14aed152d050>,69,2,[12  1],97,237,239,140,232
1,<environment.Job instance at 0x14aed152d1e0>,71,14,[7 1],100,239,253,139,232
1,<environment.Job instance at 0x14aed152d3c0>,66,26,[ 2 13],93,237,263,144,234
1,<environment.Job instance at 0x14aed152d460>,73,1,[8 1],102,253,254,151,235
1,<environment.Job instance at 0x14aed152da50>,78,2,[ 1 10],108,235,237,127,235
1,<environment.Job instance at 0x14aed152da00>,79,2,[2 7],109,263,265,154,236
1,<environment.Job instance at 0x14aed2217e10>,80,3,[9 2],111,254,257,143,236
1,<environment.Job instance at 0x14aed1eb45f0>,81,3,[10  1],112,257,260,145,236
1,<environment.Job instance at 0x14ae9ab15230>,57,1,[10  1],78,260,261,182,236
1,<environment.Job instance at 0x14ae9a6ceb40>,40,15,[10  2],54,298,313,244,298
1,<environment.Job instance at 0x14aed22ab3c0>,17,17,[1 7],20,312,329,292,312
1,<environment.Job instance at 0x14aed22ab3c0>,3,2,[ 1 11],7,16,18,9,16
1,<environment.Job instance at 0x14ae9a3d7dc0>,9,28,[5 2],14,16,44,2,16
1,<environment.Job instance at 0x14ae9a3d7e60>,10,1,[8 2],15,16,17,1,16
1,<environment.Job instance at 0x14ae9a3d7be0>,6,2,[2 9],11,58,60,47,58
1,<environment.Job instance at 0x14ae9a3e44b0>,18,3,[1 7],24,246,249,222,246
1,<environment.Job instance at 0x14ae9a3d7a50>,5,1,[1 8],10,248,249,238,248
1,<environment.Job instance at 0x14ae9a3e48c0>,25,16,[1 8],32,249,265,217,248
1,<environment.Job instance at 0x14ae9a3e4a00>,27,3,[5 2],34,249,252,215,248
1,<environment.Job instance at 0x14ae9a3e4aa0>,28,16,[7 1],35,249,265,214,248
1,<environment.Job instance at 0x14ae9a3e4b40>,29,2,[8 2],36,265,267,229,249
1,<environment.Job instance at 0x14ae9a3e4fa0>,32,26,[1 6],41,252,278,211,249
1,<environment.Job instance at 0x14ae9a3e4f50>,33,16,[2 9],42,278,294,236,278
1,<environment.Job instance at 0x14ae9a3f1050>,34,23,[2 6],44,278,301,234,278
1,<environment.Job instance at 0x14ae9a3f1370>,35,23,[9 1],46,294,317,248,288
1,<environment.Job instance at 0x14ae9a3d7d70>,7,2,[8 2],12,317,319,305,302
1,<environment.Job instance at 0x14ae9a3f1230>,36,14,[ 1 10],47,308,322,261,308
1,<environment.Job instance at 0x14ae9a3f1aa0>,45,3,[12  1],59,319,322,260,310
1,<environment.Job instance at 0x14ae9a3f1a00>,47,2,[7 1],61,322,324,261,310
1,<environment.Job instance at 0x14ae9a3f1960>,48,3,[9 1],66,324,327,258,310
1,<environment.Job instance at 0x14ae9a3f1f50>,49,13,[2 5],68,322,335,254,310
1,<environment.Job instance at 0x14ae9a3f1dc0>,50,2,[1 8],69,322,324,253,310
1,<environment.Job instance at 0x14ae9a3f1eb0>,51,1,[2 6],70,324,325,254,310
1,<environment.Job instance at 0x14ae9a3e04b0>,52,2,[9 2],73,327,329,254,310
1,<environment.Job instance at 0x14ae9a3e0b40>,53,1,[ 2 10],77,329,330,252,316
1,<environment.Job instance at 0x14ae9a3e0a50>,55,13,[ 2 11],80,335,348,255,326
1,<environment.Job instance at 0x14ae9a3e0b90>,56,3,[1 8],81,348,351,267,338
1,<environment.Job instance at 0x14ae9a3e0910>,57,1,[8 1],83,338,339,255,338
1,<environment.Job instance at 0x14ae9a3e0a00>,58,16,[9 1],84,340,356,256,340
1,<environment.Job instance at 0x14ae9a3e0500>,59,12,[7 2],86,356,368,270,344
1,<environment.Job instance at 0x14ae9a3e0e60>,60,15,[ 2 10],92,369,384,277,369
1,<environment.Job instance at 0x14ae9a3e07d0>,61,2,[5 2],93,371,373,278,371
1,<environment.Job instance at 0x14ae9a3e0870>,62,2,[7 2],94,371,373,277,371
1,<environment.Job instance at 0x14ae9a3f17d0>,43,3,[5 1],56,385,388,329,385
1,<environment.Job instance at 0x14ae9a3e0d70>,63,2,[5 2],96,394,396,298,394
1,<environment.Job instance at 0x14ae9a3e0190>,64,1,[ 2 10],97,402,403,305,402
1,<environment.Job instance at 0x14ae9a3e0730>,65,1,[6 2],98,402,403,304,402
1,<environment.Job instance at 0x14ae9a3e0640>,67,16,[2 9],100,405,421,305,405
1,<environment.Job instance at 0x14ae9a3e0dc0>,68,2,[5 2],101,406,408,305,406
1,<environment.Job instance at 0x14ae9a3e0d20>,69,21,[5 1],102,408,429,306,408
1,<environment.Job instance at 0x14ae9a3e0820>,70,3,[2 8],103,421,424,318,417
1,<environment.Job instance at 0x14ae9a3e02d0>,71,3,[8 2],105,417,420,312,417
1,<environment.Job instance at 0x14ae9a3e0780>,66,2,[ 1 12],99,424,426,325,421
1,<environment.Job instance at 0x14ae9a3e0460>,72,1,[ 2 10],106,440,441,334,440
1,<environment.Job instance at 0x14ae9a3e03c0>,74,2,[8 1],108,441,443,333,441
1,<environment.Job instance at 0x14ae9a3e0370>,75,1,[2 7],110,453,454,343,453
1,<environment.Job instance at 0x14ae9a3eb370>,76,2,[1 8],111,458,460,347,458
1,<environment.Job instance at 0x14ae9a3e0050>,77,13,[7 1],112,458,471,346,458
1,<environment.Job instance at 0x14ae9a3ebdc0>,78,3,[ 2 10],115,468,471,353,468
1,<environment.Job instance at 0x14ae9a3e0320>,73,2,[1 6],107,471,473,364,469
1,<environment.Job instance at 0x14ae9a3ebfa0>,79,2,[2 7],116,477,479,361,477
1,<environment.Job instance at 0x14ae9a3ebc30>,81,2,[10  2],118,488,490,370,488
1,<environment.Job instance at 0x14ae9a3ebe10>,82,2,[1 7],119,495,497,376,495
1,<environment.Job instance at 0x14ae9a3ebf50>,80,22,[ 2 10],117,550,572,433,550
1,<environment.Job instance at 0x14ae9a3d7f00>,12,3,[ 2 14],17,858,861,841,858
1,<environment.Job instance at 0x14ae9a3e4960>,26,1,[6 1],33,859,860,826,859
1,<environment.Job instance at 0x14ae9a3e0be0>,54,3,[11  1],79,908,911,829,908
1,<environment.Job instance at 0x14ae9a96b550>,6,1,[7 1],9,9,10,0,9
1,<environment.Job instance at 0x14ae9a96bf50>,10,2,[8 2],15,16,18,1,16
1,<environment.Job instance at 0x14ae9a9405f0>,18,21,[6 1],30,30,51,0,30
1,<environment.Job instance at 0x14ae9a940050>,22,2,[2 8],35,292,294,257,292
1,<environment.Job instance at 0x14ae9a940cd0>,26,27,[5 2],42,327,354,285,327
1,<environment.Job instance at 0x14ae9a940a50>,24,1,[1 7],40,327,328,287,327
1,<environment.Job instance at 0x14ae9a940dc0>,28,1,[9 1],44,467,468,423,467
1,<environment.Job instance at 0x14ae9a9408c0>,21,1,[ 2 10],34,467,468,433,467
1,<environment.Job instance at 0x14ae9a940aa0>,23,1,[1 7],38,468,469,430,467
1,<environment.Job instance at 0x14ae9a940af0>,30,12,[2 8],48,469,481,421,469
1,<environment.Job instance at 0x14ae9a940eb0>,34,2,[8 1],55,471,473,416,471
1,<environment.Job instance at 0x14ae9a940b40>,35,13,[8 2],56,473,486,417,471
1,<environment.Job instance at 0x14aecc045730>,38,3,[1 5],60,473,476,413,473
1,<environment.Job instance at 0x14aecc045050>,39,3,[8 2],63,486,489,423,473
1,<environment.Job instance at 0x14aecc045320>,40,1,[1 7],64,481,482,417,473
1,<environment.Job instance at 0x14aecc045960>,41,3,[2 8],65,482,485,417,473
1,<environment.Job instance at 0x14aecc045690>,42,2,[7 1],66,485,487,419,473
1,<environment.Job instance at 0x14aecc045eb0>,43,28,[1 6],67,487,515,420,486
1,<environment.Job instance at 0x14aecc045e10>,44,1,[1 7],70,487,488,417,486
1,<environment.Job instance at 0x14aecc0458c0>,45,21,[9 1],71,489,510,418,486
1,<environment.Job instance at 0x14aecc045500>,46,16,[1 6],72,488,504,416,486
1,<environment.Job instance at 0x14ae9a940690>,32,1,[8 2],52,510,511,458,492
1,<environment.Job instance at 0x14aecc045aa0>,47,15,[10  2],73,511,526,438,497
1,<environment.Job instance at 0x14ae9a589960>,51,1,[1 9],79,515,516,436,501
1,<environment.Job instance at 0x14ae9a5894b0>,53,2,[1 8],81,504,506,423,501
1,<environment.Job instance at 0x14ae9a589280>,54,1,[1 9],83,516,517,433,504
1,<environment.Job instance at 0x14ae9a589140>,55,2,[ 2 10],85,723,725,638,723
1,<environment.Job instance at 0x14aecf9182d0>,59,16,[9 2],90,748,764,658,748
1,<environment.Job instance at 0x14aecf9189b0>,60,3,[ 2 10],91,838,841,747,838
1,<environment.Job instance at 0x14aecf918190>,61,15,[6 1],93,969,984,876,969
1,<environment.Job instance at 0x14aecf918460>,62,1,[9 2],94,1107,1108,1013,1107
1,<environment.Job instance at 0x14aecf918c30>,63,1,[2 8],95,1235,1236,1140,1235
1,<environment.Job instance at 0x14aecf918550>,64,1,[5 1],96,1299,1300,1203,1299
1,<environment.Job instance at 0x14aecf918410>,65,1,[8 1],98,1612,1613,1514,1612
1,<environment.Job instance at 0x14aecf918050>,66,1,[1 8],100,1640,1641,1540,1640
1,<environment.Job instance at 0x14aecf9185f0>,67,1,[2 9],101,1650,1651,1549,1650
1,<environment.Job instance at 0x14aecf918d20>,68,3,[1 9],102,1695,1698,1593,1695
1,<environment.Job instance at 0x14ae9a589f50>,50,3,[5 1],77,1739,1742,1662,1739
1,<environment.Job instance at 0x14aecf918230>,69,14,[ 1 10],104,1776,1790,1672,1776
1,<environment.Job instance at 0x14aecf918730>,71,1,[10  1],106,1890,1891,1784,1890
1,<environment.Job instance at 0x14aecf918870>,72,3,[2 5],108,1986,1989,1878,1986
1,<environment.Job instance at 0x14ae9a9400a0>,33,18,[9 1],53,2050,2068,1997,2050
1,<environment.Job instance at 0x14aecf918370>,73,2,[6 2],109,2371,2373,2262,2371
1,<environment.Job instance at 0x14aecf9180f0>,74,18,[2 9],110,2581,2599,2471,2581
1,<environment.Job instance at 0x14aed1e965f0>,75,3,[2 9],111,2639,2642,2528,2639
1,<environment.Job instance at 0x14aed1e965a0>,77,1,[10  1],113,2663,2664,2550,2663
1,<environment.Job instance at 0x14aed1e963c0>,78,17,[5 1],114,2674,2691,2560,2674
1,<environment.Job instance at 0x14aed1e96910>,79,1,[7 1],115,2697,2698,2582,2697
1,<environment.Job instance at 0x14aed1e96870>,80,3,[9 2],116,2841,2844,2725,2841
1,<environment.Job instance at 0x14aecc2325a0>,0,27,[6 1],1,1,28,0,1
1,<environment.Job instance at 0x14aed1e960a0>,2,17,[7 2],3,7,24,4,7
1,<environment.Job instance at 0x14ae9a9cd960>,6,3,[7 2],8,24,27,16,8
1,<environment.Job instance at 0x14ae9a9cdf50>,12,2,[1 7],19,26,28,7,26
1,<environment.Job instance at 0x14ae9a9cdeb0>,11,28,[14  1],18,28,56,10,27
1,<environment.Job instance at 0x14ae9a9ea190>,15,15,[6 2],22,72,87,50,72
1,<environment.Job instance at 0x14ae9a9eae10>,28,1,[2 7],38,108,109,70,108
1,<environment.Job instance at 0x14ae9a9eabe0>,31,2,[5 1],42,125,127,83,125
1,<environment.Job instance at 0x14ae9a9eaeb0>,33,2,[12  1],45,127,129,82,126
1,<environment.Job instance at 0x14ae9a9cde60>,13,3,[7 1],20,149,152,129,149
1,<environment.Job instance at 0x14ae9a9dc2d0>,35,1,[2 8],47,149,150,102,149
1,<environment.Job instance at 0x14ae9a9dc1e0>,36,18,[10  2],48,174,192,126,174
1,<environment.Job instance at 0x14ae9a9dc8c0>,43,3,[1 5],58,247,250,189,247
1,<environment.Job instance at 0x14ae9a9dc910>,45,1,[10  2],60,247,248,187,247
1,<environment.Job instance at 0x14ae9a9dc460>,39,3,[1 6],51,254,257,203,254
1,<environment.Job instance at 0x14ae9a9ea050>,14,1,[6 1],21,273,274,252,273
1,<environment.Job instance at 0x14ae9a9dcb90>,48,14,[1 8],63,323,337,260,323
1,<environment.Job instance at 0x14ae9a9dcd20>,50,2,[7 2],65,354,356,289,354
1,<environment.Job instance at 0x14ae9a9dcdc0>,51,1,[1 6],66,354,355,288,354
1,<environment.Job instance at 0x14ae9a9dcc30>,54,3,[6 1],69,357,360,288,357
1,<environment.Job instance at 0x14ae9a9c6320>,56,2,[7 1],76,373,375,297,373
1,<environment.Job instance at 0x14ae9a9c6460>,58,1,[ 2 13],78,382,383,304,382
1,<environment.Job instance at 0x14ae9a9c6500>,59,2,[2 5],79,383,385,304,382
1,<environment.Job instance at 0x14ae9a9c65a0>,60,3,[9 1],80,382,385,302,382
1,<environment.Job instance at 0x14ae9a9dcb40>,47,1,[1 6],62,415,416,353,415
1,<environment.Job instance at 0x14ae9a9c66e0>,62,1,[5 1],82,418,419,336,418
1,<environment.Job instance at 0x14ae9a9c6780>,63,12,[ 1 10],83,420,432,337,420
1,<environment.Job instance at 0x14ae9a9c6280>,69,2,[8 2],92,433,435,341,433
1,<environment.Job instance at 0x14ae9a9c6b40>,71,1,[5 2],99,445,446,346,445
1,<environment.Job instance at 0x14ae9a9c6d70>,73,1,[7 2],102,468,469,366,468
1,<environment.Job instance at 0x14ae9a9c6c80>,74,1,[2 8],103,468,469,365,468
1,<environment.Job instance at 0x14ae9a9c6f00>,77,2,[7 1],107,472,474,365,472
1,<environment.Job instance at 0x14aed1429a00>,78,1,[ 1 10],108,472,473,364,472
1,<environment.Job instance at 0x14aed1429550>,79,26,[2 5],109,473,499,364,472
1,<environment.Job instance at 0x14aed14295f0>,83,1,[1 8],115,473,474,358,472
1,<environment.Job instance at 0x14aed1429820>,84,1,[10  2],119,474,475,355,472
1,<environment.Job instance at 0x14ae9a9c6960>,66,3,[5 2],88,475,478,387,474
1,<environment.Job instance at 0x14ae9a9dcc80>,49,2,[5 1],64,476,478,412,476
1,<environment.Job instance at 0x14ae9a9ea320>,18,2,[11  2],26,554,556,528,554
1,<environment.Job instance at 0x14ae9a9eaa00>,23,2,[9 1],32,603,605,571,603
1,<environment.Job instance at 0x14aed14f4690>,2,1,[2 8],4,4,5,0,4
1,<environment.Job instance at 0x14aecc23c8c0>,5,2,[ 2 13],9,13,15,4,13
1,<environment.Job instance at 0x14aed65fd0a0>,12,1,[2 6],18,18,19,0,18
1,<environment.Job instance at 0x14aecc1cf5f0>,7,28,[2 5],13,28,56,15,28
1,<environment.Job instance at 0x14aecfbd03c0>,31,1,[7 1],45,45,46,0,45
1,<environment.Job instance at 0x14aed66ca320>,36,1,[6 2],51,57,58,6,57
1,<environment.Job instance at 0x14aed66ca5a0>,38,1,[2 5],54,57,58,3,57
1,<environment.Job instance at 0x14aecfbd4140>,16,3,[2 5],25,139,142,114,139
1,<environment.Job instance at 0x14ae9a8b9820>,41,2,[ 1 14],60,407,409,347,407
1,<environment.Job instance at 0x14aed70473c0>,49,26,[5 2],69,477,503,408,477
1,<environment.Job instance at 0x14aed517a3c0>,56,1,[5 1],77,477,478,400,477
1,<environment.Job instance at 0x14aed517a730>,65,22,[2 9],93,532,554,439,532
1,<environment.Job instance at 0x14ae9a745cd0>,70,1,[ 1 12],104,554,555,450,532
1,<environment.Job instance at 0x14ae9a745af0>,71,1,[10  2],105,532,533,427,532
1,<environment.Job instance at 0x14aed673c820>,42,1,[7 2],61,866,867,805,866
1,<environment.Job instance at 0x14ae9a7455a0>,79,1,[12  2],115,1148,1149,1033,1148
1,<environment.Job instance at 0x14ae9a745b40>,80,1,[5 1],116,1235,1236,1119,1235
1,<environment.Job instance at 0x14aed1f941e0>,81,3,[8 1],117,1942,1945,1825,1942
1,<environment.Job instance at 0x14aed1f94af0>,82,2,[6 2],118,2057,2059,1939,2057
1,<environment.Job instance at 0x14aed1f94d20>,83,3,[9 2],119,2199,2202,2080,2199
1,<environment.Job instance at 0x14aed13f27d0>,1,18,[8 1],8,8,26,0,8
1,<environment.Job instance at 0x14aed6654730>,15,1,[1 8],28,28,29,0,28
1,<environment.Job instance at 0x14aed6654af0>,16,20,[7 2],29,30,50,1,30
1,<environment.Job instance at 0x14aed89fe0f0>,28,1,[5 2],43,50,51,7,50
1,<environment.Job instance at 0x14aed89fe2d0>,29,12,[2 9],44,70,82,26,70
1,<environment.Job instance at 0x14aed89fea00>,31,2,[5 1],54,85,87,31,85
1,<environment.Job instance at 0x14aed89febe0>,33,2,[1 8],56,112,114,56,112
1,<environment.Job instance at 0x14aed89fe640>,34,1,[6 1],57,112,113,55,112
1,<environment.Job instance at 0x14aed89fef50>,35,18,[10  2],59,114,132,55,114
1,<environment.Job instance at 0x14aed89fe690>,36,1,[6 1],60,132,133,72,125
1,<environment.Job instance at 0x14aed89fec30>,32,2,[1 6],55,126,128,71,126
1,<environment.Job instance at 0x14aed89fe870>,26,1,[ 1 13],41,128,129,87,128
1,<environment.Job instance at 0x14aed89fe320>,30,1,[11  1],53,134,135,81,134
1,<environment.Job instance at 0x14ae9a303e60>,44,2,[9 2],71,136,138,65,136
1,<environment.Job instance at 0x14ae9a303b40>,45,2,[2 7],75,140,142,65,140
1,<environment.Job instance at 0x14ae9a3036e0>,46,1,[8 1],76,140,141,64,140
1,<environment.Job instance at 0x14aed89fe460>,37,1,[2 9],61,159,160,98,159
1,<environment.Job instance at 0x14ae9a3038c0>,55,3,[10  1],87,161,164,74,161
1,<environment.Job instance at 0x14ae9a303e10>,58,2,[1 5],90,163,165,73,163
1,<environment.Job instance at 0x14ae9a669b40>,63,2,[1 9],96,178,180,82,178
1,<environment.Job instance at 0x14ae9a669640>,64,2,[1 7],99,180,182,81,178
1,<environment.Job instance at 0x14ae9a669d20>,65,3,[1 8],100,180,183,80,178
1,<environment.Job instance at 0x14ae9a669870>,67,2,[2 8],102,183,185,81,178
1,<environment.Job instance at 0x14ae9a6695a0>,68,3,[1 7],103,182,185,79,178
1,<environment.Job instance at 0x14ae9a669dc0>,69,2,[6 1],104,178,180,74,178
1,<environment.Job instance at 0x14ae9a6694b0>,70,3,[7 2],105,185,188,80,178
1,<environment.Job instance at 0x14ae9a669730>,71,2,[8 1],106,178,180,72,178
1,<environment.Job instance at 0x14ae9a303910>,56,1,[9 2],88,198,199,110,198
1,<environment.Job instance at 0x14ae9a6690a0>,75,1,[1 6],111,198,199,87,198
1,<environment.Job instance at 0x14ae9a669410>,74,2,[8 2],110,199,201,89,198
1,<environment.Job instance at 0x14ae9a724460>,5,2,[1 7],6,6,8,0,6
1,<environment.Job instance at 0x14ae9a724910>,6,2,[1 6],7,7,9,0,7
1,<environment.Job instance at 0x14ae9a724a00>,8,1,[2 7],10,10,11,0,10
1,<environment.Job instance at 0x14aed93063c0>,11,2,[9 1],14,14,16,0,14
1,<environment.Job instance at 0x14aed9306500>,12,1,[2 5],15,15,16,0,15
1,<environment.Job instance at 0x14aed157a0f0>,14,2,[2 8],20,20,22,0,20
1,<environment.Job instance at 0x14aecc03a190>,23,2,[8 2],31,43,45,12,43
1,<environment.Job instance at 0x14aecc03adc0>,26,1,[ 2 10],35,185,186,150,185
1,<environment.Job instance at 0x14aed1f704b0>,46,2,[2 8],61,230,232,169,230
1,<environment.Job instance at 0x14aed1f70410>,48,15,[1 5],63,240,255,177,240
1,<environment.Job instance at 0x14aed1f70eb0>,49,3,[2 5],65,246,249,181,246
1,<environment.Job instance at 0x14aed1f70870>,50,2,[6 2],66,309,311,243,309
1,<environment.Job instance at 0x14aecc03abe0>,22,2,[2 9],30,370,372,340,370
1,<environment.Job instance at 0x14aed1f70e60>,51,16,[2 8],68,426,442,358,426
1,<environment.Job instance at 0x14aed1f70b90>,53,18,[2 5],70,427,445,357,427
1,<environment.Job instance at 0x14aecc03ad70>,24,2,[8 1],32,580,582,548,580
1,<environment.Job instance at 0x14aed1f70f00>,54,3,[10  2],71,618,621,547,618
1,<environment.Job instance at 0x14aed1f703c0>,56,3,[10  1],75,621,624,546,621
1,<environment.Job instance at 0x14aed1f70e10>,57,3,[6 2],76,631,634,555,631
1,<environment.Job instance at 0x14aed1f70050>,58,18,[ 1 14],77,660,678,583,660
1,<environment.Job instance at 0x14aed1f70f50>,59,2,[7 1],78,698,700,620,698
1,<environment.Job instance at 0x14aed1f701e0>,55,1,[6 1],74,705,706,631,705
1,<environment.Job instance at 0x14aed1f70d20>,60,3,[10  1],79,714,717,635,714
1,<environment.Job instance at 0x14aed1f70280>,62,18,[1 9],81,726,744,645,726
1,<environment.Job instance at 0x14aed1f70cd0>,63,1,[2 7],82,744,745,662,744
1,<environment.Job instance at 0x14aed1f707d0>,64,3,[7 1],83,767,770,684,767
1,<environment.Job instance at 0x14aed1f70460>,65,1,[8 2],84,777,778,693,777
1,<environment.Job instance at 0x14ae9a917190>,66,28,[ 2 10],86,789,817,703,789
1,<environment.Job instance at 0x14aed1f70be0>,61,1,[6 1],80,856,857,776,856
1,<environment.Job instance at 0x14aed1f700a0>,52,2,[9 1],69,935,937,866,935
1,<environment.Job instance at 0x14ae9a9177d0>,69,13,[6 1],89,1126,1139,1037,1126
1,<environment.Job instance at 0x14ae9a917780>,67,15,[1 8],87,1156,1171,1069,1156
1,<environment.Job instance at 0x14ae9a9178c0>,71,14,[6 1],93,1156,1170,1063,1156
1,<environment.Job instance at 0x14ae9a917370>,72,2,[10  1],94,1172,1174,1078,1172
1,<environment.Job instance at 0x14ae9a73a3c0>,73,1,[ 1 10],97,1185,1186,1088,1185
1,<environment.Job instance at 0x14ae9a43ad20>,74,1,[5 2],98,1254,1255,1156,1254
1,<environment.Job instance at 0x14ae9a73ae10>,75,1,[8 1],99,1255,1256,1156,1255
1,<environment.Job instance at 0x14ae9a73ab40>,76,14,[1 6],101,1335,1349,1234,1335
1,<environment.Job instance at 0x14ae9a73a280>,77,12,[1 7],104,1364,1376,1260,1364
1,<environment.Job instance at 0x14ae9a73a640>,78,3,[2 7],105,1415,1418,1310,1415
1,<environment.Job instance at 0x14ae9a73a370>,79,3,[10  2],108,1453,1456,1345,1453
1,<environment.Job instance at 0x14aecc2efd70>,80,17,[5 2],110,1458,1475,1348,1458
1,<environment.Job instance at 0x14aecc2ef820>,81,3,[8 2],111,1489,1492,1378,1489
1,<environment.Job instance at 0x14aecc2ef640>,82,2,[2 5],114,1511,1513,1397,1511
1,<environment.Job instance at 0x14aecc2ef140>,83,19,[ 2 14],115,1553,1572,1438,1553
1,<environment.Job instance at 0x14aecc2ef230>,84,1,[8 1],116,1565,1566,1449,1565
1,<environment.Job instance at 0x14ae9a917aa0>,68,2,[8 2],88,1616,1618,1528,1616
1,<environment.Job instance at 0x14aecf908780>,85,3,[9 1],117,1681,1684,1564,1681
1,<environment.Job instance at 0x14aecc2ef960>,86,2,[9 1],119,1751,1753,1632,1751
1,<environment.Job instance at 0x14ae9a6f5370>,5,2,[2 5],8,8,10,0,8
1,<environment.Job instance at 0x14ae9a6f5460>,6,1,[1 7],9,9,10,0,9
1,<environment.Job instance at 0x14ae9a6f52d0>,7,1,[2 9],10,10,11,0,10
1,<environment.Job instance at 0x14ae9a6f53c0>,9,1,[9 2],13,14,15,1,14
1,<environment.Job instance at 0x14ae9a6f5fa0>,16,1,[1 7],22,22,23,0,22
1,<environment.Job instance at 0x14ae9a6f5230>,17,1,[9 1],24,24,25,0,24
1,<environment.Job instance at 0x14ae9a6be320>,33,1,[7 2],46,241,242,195,241
1,<environment.Job instance at 0x14ae9a6be2d0>,32,1,[9 2],45,578,579,533,578
1,<environment.Job instance at 0x14ae9a6be730>,37,2,[2 6],52,1064,1066,1012,1064
1,<environment.Job instance at 0x14ae9a6be460>,38,3,[6 1],54,1243,1246,1189,1243
1,<environment.Job instance at 0x14ae9a6be230>,39,16,[ 2 10],55,2094,2110,2039,2094
1,<environment.Job instance at 0x14ae9a6be780>,40,2,[5 1],57,2216,2218,2159,2216
1,<environment.Job instance at 0x14ae9a6be1e0>,36,2,[1 7],51,2301,2303,2250,2301
1,<environment.Job instance at 0x14ae9a6be910>,41,3,[6 1],58,2696,2699,2638,2696
1,<environment.Job instance at 0x14ae9a6be820>,43,15,[7 1],60,2750,2765,2690,2750
1,<environment.Job instance at 0x14ae9a1986e0>,0,1,[14  1],1,6,7,5,6
1,<environment.Job instance at 0x14ae9a198fa0>,4,17,[7 2],6,7,24,1,6
1,<environment.Job instance at 0x14ae9a198820>,10,1,[8 2],16,16,17,0,16
1,<environment.Job instance at 0x14ae9a198410>,12,1,[10  1],19,24,25,5,19
1,<environment.Job instance at 0x14ae9a09b4b0>,17,2,[5 1],24,24,26,0,24
1,<environment.Job instance at 0x14ae9a09b910>,25,2,[1 8],33,33,35,0,33
1,<environment.Job instance at 0x14aed1ede190>,35,1,[8 1],47,62,63,15,62
1,<environment.Job instance at 0x14ae9a198b90>,14,2,[8 1],21,63,65,42,62
1,<environment.Job instance at 0x14aed1edebe0>,36,2,[8 2],48,65,67,17,62
1,<environment.Job instance at 0x14aed1ede640>,38,2,[5 2],50,62,64,12,62
1,<environment.Job instance at 0x14aed1edec80>,40,1,[1 5],53,62,63,9,62
1,<environment.Job instance at 0x14aed1edeaf0>,32,2,[1 9],42,101,103,59,101
1,<environment.Job instance at 0x14aed1ec30f0>,48,1,[1 9],62,103,104,41,101
1,<environment.Job instance at 0x14ae9a1987d0>,15,1,[5 2],22,132,133,110,132
1,<environment.Job instance at 0x14aed1ec3690>,55,3,[5 1],71,135,138,64,135
1,<environment.Job instance at 0x14aed1ec35f0>,56,2,[8 1],73,135,137,62,135
1,<environment.Job instance at 0x14ae9a0a9640>,57,3,[9 1],74,137,140,63,137
1,<environment.Job instance at 0x14aed1ec37d0>,54,3,[ 1 14],70,138,141,68,137
1,<environment.Job instance at 0x14ae9a0a9a00>,60,2,[2 7],79,141,143,62,141
1,<environment.Job instance at 0x14ae9a0a9320>,63,2,[1 9],83,197,199,114,197
1,<environment.Job instance at 0x14ae9a0a9d20>,64,23,[1 5],84,197,220,113,197
1,<environment.Job instance at 0x14ae9a0a9eb0>,67,1,[8 2],87,206,207,119,206
1,<environment.Job instance at 0x14ae9a0a9690>,68,2,[7 1],88,207,209,119,206
1,<environment.Job instance at 0x14ae9a0a9050>,69,1,[5 1],89,206,207,117,206
1,<environment.Job instance at 0x14ae9a0a96e0>,70,2,[2 8],90,207,209,117,206
1,<environment.Job instance at 0x14ae9a0a9780>,71,3,[7 1],91,209,212,118,206
1,<environment.Job instance at 0x14ae9a0a9870>,72,3,[8 2],92,212,215,120,207
1,<environment.Job instance at 0x14ae9a187a00>,73,2,[10  1],94,215,217,121,207
1,<environment.Job instance at 0x14ae9a187230>,74,22,[5 1],96,217,239,121,210
1,<environment.Job instance at 0x14ae9a1874b0>,77,3,[1 5],102,236,239,134,236
1,<environment.Job instance at 0x14ae9a187e60>,78,2,[5 2],103,236,238,133,236
1,<environment.Job instance at 0x14ae9a0a94b0>,58,3,[8 2],75,251,254,176,251
1,<environment.Job instance at 0x14ae9a187c80>,80,1,[7 2],106,258,259,152,258
1,<environment.Job instance at 0x14ae9a187280>,83,3,[9 2],110,263,266,153,263
1,<environment.Job instance at 0x14ae9a1875a0>,84,1,[ 2 10],111,263,264,152,263
1,<environment.Job instance at 0x14ae9a1879b0>,85,2,[6 2],112,264,266,152,263
1,<environment.Job instance at 0x14ae9a187960>,86,1,[1 5],114,266,267,152,263
1,<environment.Job instance at 0x14aecfb53e60>,87,2,[5 2],115,266,268,151,263
1,<environment.Job instance at 0x14aecfb53780>,88,2,[8 1],116,266,268,150,263
1,<environment.Job instance at 0x14aecfb53e10>,89,2,[8 1],117,268,270,151,263
1,<environment.Job instance at 0x14ae9a1875f0>,81,2,[2 8],107,286,288,179,286
1,<environment.Job instance at 0x14aed1edeeb0>,31,3,[ 1 11],41,297,300,256,297
1,<environment.Job instance at 0x14aed1ede7d0>,37,14,[9 2],49,396,410,347,396
1,<environment.Job instance at 0x14aed1ec3050>,49,18,[5 2],63,401,419,338,401
1,<environment.Job instance at 0x14aed1ec3050>,4,2,[ 1 13],5,21,23,16,21
1,<environment.Job instance at 0x14ae9a9e1550>,11,3,[5 2],15,21,24,6,21
1,<environment.Job instance at 0x14ae9a9e1460>,12,15,[10  2],16,29,44,13,29
1,<environment.Job instance at 0x14ae9a9e18c0>,5,13,[8 1],6,44,57,38,29
1,<environment.Job instance at 0x14ae9a9e17d0>,14,2,[11  1],18,88,90,70,88
1,<environment.Job instance at 0x14ae9a9e1e60>,20,2,[1 8],27,88,90,61,88
1,<environment.Job instance at 0x14ae9a9e1c80>,21,1,[5 1],28,90,91,62,89
1,<environment.Job instance at 0x14ae9a9e1b90>,16,12,[1 8],20,262,274,242,262
1,<environment.Job instance at 0x14ae9a9c08c0>,35,2,[1 8],48,410,412,362,410
1,<environment.Job instance at 0x14ae9a9c0960>,36,16,[ 1 12],49,994,1010,945,994
1,<environment.Job instance at 0x14ae9a9c0af0>,37,1,[1 5],50,1022,1023,972,1022
1,<environment.Job instance at 0x14ae9a9e1f50>,6,1,[6 1],7,1049,1050,1042,1049
1,<environment.Job instance at 0x14ae9a9c0b40>,38,3,[2 8],51,1053,1056,1002,1053
1,<environment.Job instance at 0x14ae9a9c0be0>,40,1,[2 5],54,1091,1092,1037,1091
1,<environment.Job instance at 0x14ae9a9c0d20>,41,17,[ 1 10],56,1102,1119,1046,1102
1,<environment.Job instance at 0x14ae9a9c0eb0>,42,3,[1 6],59,1171,1174,1112,1171
1,<environment.Job instance at 0x14ae9a9c0f50>,43,3,[2 6],60,1268,1271,1208,1268
1,<environment.Job instance at 0x14ae9a9c0fa0>,44,3,[2 5],61,1368,1371,1307,1368
1,<environment.Job instance at 0x14ae9a9c0c80>,45,16,[7 2],62,1378,1394,1316,1378
1,<environment.Job instance at 0x14ae9a9c0dc0>,46,12,[9 1],63,1394,1406,1331,1394
1,<environment.Job instance at 0x14ae9a9d8050>,47,3,[7 2],65,1506,1509,1441,1506
1,<environment.Job instance at 0x14ae9a9d8140>,48,3,[1 6],67,1624,1627,1557,1624
1,<environment.Job instance at 0x14ae9a9d81e0>,49,2,[1 6],69,1638,1640,1569,1638
1,<environment.Job instance at 0x14ae9a9d8460>,50,2,[8 1],73,1773,1775,1700,1773
1,<environment.Job instance at 0x14ae9a9d8410>,51,3,[9 2],74,1841,1844,1767,1841
1,<environment.Job instance at 0x14ae9a9d8280>,52,1,[2 8],76,1943,1944,1867,1943
1,<environment.Job instance at 0x14ae9a9d85a0>,53,2,[10  1],77,2015,2017,1938,2015
1,<environment.Job instance at 0x14ae9a9d8320>,54,13,[1 8],78,2120,2133,2042,2120
1,<environment.Job instance at 0x14ae9a9d87d0>,55,3,[5 1],80,2168,2171,2088,2168
1,<environment.Job instance at 0x14ae9a9d8730>,56,26,[5 2],82,2183,2209,2101,2183
1,<environment.Job instance at 0x14ae9a9d8820>,57,2,[7 2],84,2235,2237,2151,2235
1,<environment.Job instance at 0x14ae9a9d8a50>,58,12,[2 8],85,2271,2283,2186,2271
1,<environment.Job instance at 0x14ae9a9d8af0>,59,14,[10  2],86,2340,2354,2254,2340
1,<environment.Job instance at 0x14ae9a9d88c0>,60,3,[2 6],87,2350,2353,2263,2350
1,<environment.Job instance at 0x14ae9a9d8eb0>,61,12,[6 1],90,2407,2419,2317,2407
1,<environment.Job instance at 0x14ae9a9d8b90>,62,18,[1 6],91,2447,2465,2356,2447
1,<environment.Job instance at 0x14ae9a9d8e10>,63,14,[9 2],93,2447,2461,2354,2447
1,<environment.Job instance at 0x14ae9a9d8fa0>,64,3,[1 9],96,2509,2512,2413,2509
1,<environment.Job instance at 0x14ae9a9c0780>,34,2,[ 1 11],47,2549,2551,2502,2549
1,<environment.Job instance at 0x14ae9a9c3460>,71,2,[1 5],104,2582,2584,2478,2582
1,<environment.Job instance at 0x14ae9a9c33c0>,72,1,[2 5],105,2583,2584,2478,2583
1,<environment.Job instance at 0x14ae9a9c3910>,77,1,[6 2],113,2593,2594,2480,2593
1,<environment.Job instance at 0x14ae9a9d8dc0>,65,1,[5 2],97,2596,2597,2499,2596
1,<environment.Job instance at 0x14aed85b0c80>,9,2,[14  2],14,14,16,0,14
1,<environment.Job instance at 0x14aed85b0690>,10,3,[ 1 10],15,15,18,0,15
1,<environment.Job instance at 0x14ae9a9a5eb0>,11,1,[14  2],16,16,17,0,16
1,<environment.Job instance at 0x14aed220db40>,12,2,[6 2],17,17,19,0,17
1,<environment.Job instance at 0x14ae9a4fd870>,24,2,[10  1],35,35,37,0,35
1,<environment.Job instance at 0x14aed85dc6e0>,19,2,[2 8],27,38,40,11,38
1,<environment.Job instance at 0x14aecc1311e0>,26,1,[6 2],38,42,43,4,42
1,<environment.Job instance at 0x14ae9a4fd370>,28,1,[8 1],40,45,46,5,45
1,<environment.Job instance at 0x14ae9a1a0500>,29,1,[5 1],43,45,46,2,45
1,<environment.Job instance at 0x14ae9ab8c410>,30,2,[1 9],44,45,47,1,45
1,<environment.Job instance at 0x14ae9a232870>,31,3,[ 2 10],46,47,50,1,46
1,<environment.Job instance at 0x14aed35180a0>,32,2,[7 1],48,48,50,0,48
1,<environment.Job instance at 0x14ae9a8404b0>,33,2,[ 1 10],51,51,53,0,51
1,<environment.Job instance at 0x14ae9a840500>,34,1,[ 2 10],52,53,54,1,52
1,<environment.Job instance at 0x14ae9a3175f0>,27,1,[6 1],39,55,56,16,55
1,<environment.Job instance at 0x14aed1f9d280>,39,13,[7 2],61,61,74,0,61
1,<environment.Job instance at 0x14aed1f9ddc0>,41,1,[1 8],63,63,64,0,63
1,<environment.Job instance at 0x14aed1f9d550>,42,1,[8 2],65,66,67,1,66
1,<environment.Job instance at 0x14aed1f9dc30>,43,2,[10  2],66,74,76,8,66
1,<environment.Job instance at 0x14aecc1ae870>,20,14,[2 8],28,67,81,39,66
1,<environment.Job instance at 0x14aecc21a190>,48,3,[1 5],73,86,89,13,86
1,<environment.Job instance at 0x14aecc21a280>,52,1,[2 9],78,155,156,77,155
1,<environment.Job instance at 0x14aecc21af00>,46,1,[5 2],71,157,158,86,157
1,<environment.Job instance at 0x14ae9a91d1e0>,53,1,[10  2],79,157,158,78,157
1,<environment.Job instance at 0x14ae9a91dd70>,54,2,[5 2],82,158,160,76,158
1,<environment.Job instance at 0x14ae9a91d2d0>,56,17,[7 1],85,158,175,73,158
1,<environment.Job instance at 0x14ae9a91d8c0>,57,1,[7 2],86,173,174,87,173
1,<environment.Job instance at 0x14ae9a91d6e0>,61,1,[1 7],97,175,176,78,175
1,<environment.Job instance at 0x14ae9a4fd1e0>,23,13,[8 1],34,188,201,154,188
1,<environment.Job instance at 0x14ae9a91db90>,65,2,[8 1],106,204,206,98,204
1,<environment.Job instance at 0x14aecc073aa0>,71,1,[8 1],113,238,239,125,238
1,<environment.Job instance at 0x14aecc073d70>,72,1,[6 1],114,239,240,125,239
1,<environment.Job instance at 0x14aecc0732d0>,73,1,[1 9],118,242,243,124,242
1,<environment.Job instance at 0x14ae9a91d9b0>,59,13,[5 2],93,254,267,161,254
1,<environment.Job instance at 0x14ae9a91d910>,63,3,[6 2],100,257,260,157,257
1,<environment.Job instance at 0x14aecc21a960>,44,2,[14  1],67,267,269,200,265
1,<environment.Job instance at 0x14aecc21a230>,45,14,[6 2],70,331,345,261,331
1,<environment.Job instance at 0x14aed1ede5a0>,0,3,[10  2],2,3,6,1,3
1,<environment.Job instance at 0x14ae9a106140>,2,1,[2 8],4,4,5,0,4
1,<environment.Job instance at 0x14ae9a106910>,3,2,[9 1],7,7,9,0,7
1,<environment.Job instance at 0x14ae9a1a7230>,10,1,[9 1],21,21,22,0,21
1,<environment.Job instance at 0x14ae9a1a7d20>,11,2,[1 7],23,24,26,1,24
1,<environment.Job instance at 0x14ae9a4e1b90>,20,2,[5 1],33,41,43,8,41
1,<environment.Job instance at 0x14ae9a4e1960>,22,1,[6 1],35,41,42,6,41
1,<environment.Job instance at 0x14ae9a4e1fa0>,23,1,[5 2],37,42,43,5,41
1,<environment.Job instance at 0x14ae9a4e17d0>,24,1,[6 1],38,43,44,5,41
1,<environment.Job instance at 0x14ae9a74a0a0>,31,2,[6 2],52,60,62,8,60
1,<environment.Job instance at 0x14ae9a74a050>,33,2,[1 6],54,60,62,6,60
1,<environment.Job instance at 0x14ae9a74aa50>,34,1,[2 5],55,60,61,5,60
1,<environment.Job instance at 0x14ae9a74a230>,35,1,[2 8],56,62,63,6,60
1,<environment.Job instance at 0x14ae9a74a9b0>,37,2,[7 1],58,61,63,3,60
1,<environment.Job instance at 0x14aed0e9fe60>,39,1,[9 2],60,63,64,3,60
1,<environment.Job instance at 0x14ae9a155fa0>,44,2,[1 9],68,75,77,7,75
1,<environment.Job instance at 0x14ae9a4e1410>,17,3,[2 9],30,190,193,160,190
1,<environment.Job instance at 0x14ae9a4e1820>,16,2,[8 1],28,297,299,269,297
1,<environment.Job instance at 0x14ae9a155690>,47,3,[1 8],73,522,525,449,522
1,<environment.Job instance at 0x14ae9a1556e0>,48,2,[5 1],77,604,606,527,604
1,<environment.Job instance at 0x14ae9a155dc0>,49,1,[2 5],78,678,679,600,678
1,<environment.Job instance at 0x14ae9a155be0>,50,2,[1 8],79,1120,1122,1041,1120
1,<environment.Job instance at 0x14ae9a155870>,51,17,[1 6],80,1148,1165,1068,1148
1,<environment.Job instance at 0x14ae9a155780>,52,17,[10  2],81,1282,1299,1201,1282
1,<environment.Job instance at 0x14ae9a0d3140>,53,12,[1 7],82,2461,2473,2379,2461
1,<environment.Job instance at 0x14ae9a0d3b90>,54,2,[11  1],84,2486,2488,2402,2486
1,<environment.Job instance at 0x14ae9a0d32d0>,55,3,[9 1],87,2745,2748,2658,2745
1,<environment.Job instance at 0x14ae9a0d3960>,56,27,[9 2],88,2748,2775,2660,2747
1,<environment.Job instance at 0x14ae9a0d35a0>,57,2,[7 1],89,2806,2808,2717,2806
1,<environment.Job instance at 0x14ae9a0d38c0>,58,3,[1 6],90,2890,2893,2800,2890
1,<environment.Job instance at 0x14aecc232dc0>,7,1,[6 2],11,11,12,0,11
1,<environment.Job instance at 0x14ae9a544910>,10,15,[7 2],16,17,32,1,17
1,<environment.Job instance at 0x14ae9a5445f0>,11,13,[ 2 10],18,26,39,8,26
1,<environment.Job instance at 0x14ae9a544e60>,15,1,[8 2],25,32,33,7,26
1,<environment.Job instance at 0x14ae9a544640>,16,2,[ 2 10],26,39,41,13,26
1,<environment.Job instance at 0x14ae9a544780>,17,1,[1 6],27,41,42,14,27
1,<environment.Job instance at 0x14ae9a544370>,18,1,[ 1 10],32,42,43,10,32
1,<environment.Job instance at 0x14aecc232820>,6,3,[ 2 10],10,43,46,33,34
1,<environment.Job instance at 0x14aed1ec3cd0>,21,1,[ 1 10],35,46,47,11,35
1,<environment.Job instance at 0x14aed0e93050>,26,27,[7 1],41,47,74,6,47
1,<environment.Job instance at 0x14aed0e93c30>,27,18,[8 1],42,47,65,5,47
1,<environment.Job instance at 0x14aed0e93280>,29,16,[6 2],45,65,81,20,58
1,<environment.Job instance at 0x14aed0e930a0>,34,1,[8 1],54,74,75,20,58
1,<environment.Job instance at 0x14aed0e93dc0>,35,1,[8 1],55,75,76,20,58
1,<environment.Job instance at 0x14aed0e93690>,36,3,[2 7],56,65,68,9,58
1,<environment.Job instance at 0x14aed708d8c0>,42,23,[1 9],66,71,94,5,71
1,<environment.Job instance at 0x14ae9a9f1370>,45,1,[8 2],74,76,77,2,74
1,<environment.Job instance at 0x14aecc2325f0>,4,1,[1 5],7,81,82,74,79
1,<environment.Job instance at 0x14aecc277870>,53,2,[2 5],89,89,91,0,89
1,<environment.Job instance at 0x14ae9a216f50>,55,1,[10  2],91,91,92,0,91
1,<environment.Job instance at 0x14aecc061050>,60,2,[6 2],98,103,105,5,103
1,<environment.Job instance at 0x14aed02247d0>,65,1,[2 9],109,122,123,13,122
1,<environment.Job instance at 0x14aed152c1e0>,66,1,[2 6],110,122,123,12,122
1,<environment.Job instance at 0x14ae9a2ac0f0>,68,1,[8 2],113,123,124,10,122
1,<environment.Job instance at 0x14ae9aafd550>,70,2,[2 8],116,123,125,7,123
1,<environment.Job instance at 0x14ae9aafde60>,71,2,[7 2],117,124,126,7,123
1,<environment.Job instance at 0x14ae9aafd7d0>,72,2,[13  1],118,126,128,8,123
1,<environment.Job instance at 0x14aecc232140>,5,1,[7 2],8,146,147,138,146
1,<environment.Job instance at 0x14aed0e938c0>,25,18,[2 8],39,176,194,137,176
1,<environment.Job instance at 0x14aecc277b40>,58,3,[9 2],96,222,225,126,222
1,<environment.Job instance at 0x15259e0d7a50>,3,1,[6 2],4,4,5,0,4
1,<environment.Job instance at 0x15259e0d7f50>,7,1,[2 6],8,8,9,0,8
1,<environment.Job instance at 0x15259e0cd910>,17,17,[6 1],23,24,41,1,24
1,<environment.Job instance at 0x15259e0cd500>,20,2,[ 1 13],27,28,30,1,28
1,<environment.Job instance at 0x15259e0cd050>,22,1,[2 7],30,30,31,0,30
1,<environment.Job instance at 0x15259e0cca00>,26,1,[2 7],35,35,36,0,35
1,<environment.Job instance at 0x15259e0cccd0>,27,2,[2 7],36,36,38,0,36
1,<environment.Job instance at 0x15259e0ccbe0>,28,2,[2 7],37,37,39,0,37
1,<environment.Job instance at 0x15259e5c77d0>,37,2,[ 1 10],50,52,54,2,52
1,<environment.Job instance at 0x15259fd8eb90>,38,1,[8 1],51,52,53,1,52
1,<environment.Job instance at 0x15259fe00fa0>,39,3,[1 5],52,53,56,1,52
1,<environment.Job instance at 0x15259e5d5410>,40,3,[1 6],53,54,57,1,53
1,<environment.Job instance at 0x15259e317690>,41,25,[12  2],54,55,80,1,55
1,<environment.Job instance at 0x15259ff80280>,42,1,[10  1],56,80,81,24,56
1,<environment.Job instance at 0x1525a59e6190>,36,3,[10  2],48,81,84,33,61
1,<environment.Job instance at 0x15259e32ba50>,48,1,[2 9],65,66,67,1,66
1,<environment.Job instance at 0x15259e32bf50>,51,2,[8 2],69,89,91,20,89
1,<environment.Job instance at 0x15259e32b870>,52,2,[1 7],72,89,91,17,89
1,<environment.Job instance at 0x15259e32baf0>,53,3,[6 1],73,89,92,16,89
1,<environment.Job instance at 0x15259e32bd70>,54,2,[2 5],75,91,93,16,89
1,<environment.Job instance at 0x15259e328370>,56,1,[10  2],79,107,108,28,107
1,<environment.Job instance at 0x15259e3280f0>,57,22,[1 5],80,107,129,27,107
1,<environment.Job instance at 0x15259e328820>,59,1,[1 9],85,130,131,45,130
1,<environment.Job instance at 0x15259e3285f0>,61,3,[1 5],87,149,152,62,149
1,<environment.Job instance at 0x15259e328b40>,62,3,[9 2],88,149,152,61,149
1,<environment.Job instance at 0x15259e328f00>,63,3,[10  1],89,152,155,63,149
1,<environment.Job instance at 0x15259e32a5a0>,65,3,[2 9],92,160,163,68,160
1,<environment.Job instance at 0x15259e32aa50>,66,3,[1 9],93,163,166,70,160
1,<environment.Job instance at 0x15259e32aaf0>,67,1,[13  1],94,160,161,66,160
1,<environment.Job instance at 0x15259e32acd0>,68,3,[1 9],95,166,169,71,161
1,<environment.Job instance at 0x15259e32ab90>,69,1,[2 5],96,161,162,65,161
1,<environment.Job instance at 0x15259e32ac30>,70,2,[ 2 10],97,169,171,72,161
1,<environment.Job instance at 0x15259e32a3c0>,73,2,[6 2],103,177,179,74,177
1,<environment.Job instance at 0x15259e32a690>,74,3,[6 2],106,177,180,71,177
1,<environment.Job instance at 0x15259e327d70>,75,1,[1 6],107,177,178,70,177
1,<environment.Job instance at 0x15259e327b90>,76,2,[2 5],108,177,179,69,177
1,<environment.Job instance at 0x15259e3270a0>,77,2,[ 1 10],109,179,181,70,177
1,<environment.Job instance at 0x15259e327e10>,78,3,[2 9],110,181,184,71,177
1,<environment.Job instance at 0x15259e329780>,79,3,[7 2],111,179,182,68,177
1,<environment.Job instance at 0x15259e5c8af0>,35,2,[1 8],45,188,190,143,188
1,<environment.Job instance at 0x15259e3295f0>,81,3,[ 2 10],114,216,219,102,216
1,<environment.Job instance at 0x15259e329eb0>,83,1,[10  1],117,234,235,117,234
1,<environment.Job instance at 0x15259e329d70>,84,2,[ 1 10],118,234,236,116,234
1,<environment.Job instance at 0x15259e3359b0>,85,1,[7 2],120,235,236,115,234
1,<environment.Job instance at 0x15259e329d20>,86,2,[1 8],121,236,238,115,234
1,<environment.Job instance at 0x1525a0c98eb0>,87,2,[2 6],122,236,238,114,234
1,<environment.Job instance at 0x15259ff1bb40>,88,1,[1 5],123,238,239,115,234
1,<environment.Job instance at 0x15259e329280>,89,2,[1 9],126,238,240,112,234
1,<environment.Job instance at 0x15259fe01820>,90,1,[2 7],127,240,241,113,234
1,<environment.Job instance at 0x1525a09ad280>,91,1,[2 5],128,239,240,111,234
1,<environment.Job instance at 0x15259e329960>,82,12,[2 8],115,261,273,146,261
1,<environment.Job instance at 0x15259e5d2690>,34,15,[11  1],44,272,287,228,272
1,<environment.Job instance at 0x15259e32b550>,47,1,[1 6],63,286,287,223,286
1,<environment.Job instance at 0x15259e0cda50>,16,1,[2 5],21,296,297,275,296
1,<environment.Job instance at 0x15259e601640>,0,1,[5 1],1,3,4,2,3
1,<environment.Job instance at 0x15259e6018c0>,5,16,[8 1],7,7,23,0,7
1,<environment.Job instance at 0x15259e589d20>,8,1,[2 8],11,11,12,0,11
1,<environment.Job instance at 0x15259e589aa0>,9,1,[ 2 10],12,12,13,0,12
1,<environment.Job instance at 0x15259e589c80>,10,1,[ 2 14],13,13,14,0,13
1,<environment.Job instance at 0x15259e589280>,11,1,[8 2],14,23,24,9,14
1,<environment.Job instance at 0x15259e589b90>,14,2,[ 1 10],20,215,217,195,215
1,<environment.Job instance at 0x1525a598f820>,26,1,[1 8],36,293,294,257,293
1,<environment.Job instance at 0x1525a598faf0>,27,15,[1 6],37,332,347,295,332
1,<environment.Job instance at 0x1525a598fcd0>,28,3,[7 2],38,345,348,307,345
1,<environment.Job instance at 0x15259e5894b0>,16,3,[ 2 10],22,473,476,451,473
1,<environment.Job instance at 0x1525a598fb40>,29,2,[1 8],39,676,678,637,676
1,<environment.Job instance at 0x15259e599550>,31,13,[ 1 14],42,837,850,795,837
1,<environment.Job instance at 0x15259e599e10>,32,27,[1 8],43,926,953,883,926
1,<environment.Job instance at 0x15259e5998c0>,33,3,[1 9],44,1044,1047,1000,1044
1,<environment.Job instance at 0x15259e599500>,34,2,[7 2],45,1051,1053,1006,1051
1,<environment.Job instance at 0x15259e599f00>,35,12,[6 1],46,1106,1118,1060,1106
1,<environment.Job instance at 0x15259e599c30>,36,28,[2 8],49,1137,1165,1088,1137
1,<environment.Job instance at 0x15259e599370>,37,3,[5 1],53,1217,1220,1164,1217
1,<environment.Job instance at 0x15259e599d20>,38,15,[1 7],55,1304,1319,1249,1304
1,<environment.Job instance at 0x15259e599e60>,30,3,[1 7],41,1391,1394,1350,1391
1,<environment.Job instance at 0x15259e599cd0>,39,3,[ 2 10],56,1637,1640,1581,1637
1,<environment.Job instance at 0x15259e599d70>,41,2,[ 2 10],61,2184,2186,2123,2184
1,<environment.Job instance at 0x15259e599dc0>,40,2,[1 9],58,2455,2457,2397,2455
1,<environment.Job instance at 0x15259e599690>,42,3,[5 2],62,2583,2586,2521,2583
1,<environment.Job instance at 0x15259e599050>,44,2,[ 2 10],64,2699,2701,2635,2699
1,<environment.Job instance at 0x15259e5997d0>,46,17,[ 2 10],66,2882,2899,2816,2882
1,<environment.Job instance at 0x15259e599910>,1,1,[7 2],3,3,4,0,3
1,<environment.Job instance at 0x15259fde89b0>,7,13,[ 1 11],11,165,178,154,165
1,<environment.Job instance at 0x15259fde8fa0>,13,3,[1 5],19,178,181,159,177
1,<environment.Job instance at 0x15259fde8780>,14,21,[ 2 13],20,181,202,161,180
1,<environment.Job instance at 0x15259fde8460>,8,2,[6 2],12,182,184,170,182
1,<environment.Job instance at 0x15259fe0f230>,15,1,[2 8],21,202,203,181,191
1,<environment.Job instance at 0x15259fe0f5a0>,17,18,[5 2],23,202,220,179,202
1,<environment.Job instance at 0x15259fe0f8c0>,18,2,[8 2],25,202,204,177,202
1,<environment.Job instance at 0x15259fe0f5f0>,19,3,[1 7],26,207,210,181,207
1,<environment.Job instance at 0x15259fe0f780>,20,18,[8 1],27,207,225,180,207
1,<environment.Job instance at 0x15259fe0f320>,21,1,[5 2],28,220,221,192,215
1,<environment.Job instance at 0x15259fe0f6e0>,22,1,[1 8],29,219,220,190,219
1,<environment.Job instance at 0x15259fe0fd20>,23,3,[1 7],30,225,228,195,225
1,<environment.Job instance at 0x15259fe0f190>,16,1,[7 1],22,230,231,208,230
1,<environment.Job instance at 0x15259fde80a0>,3,2,[ 2 12],6,230,232,224,230
1,<environment.Job instance at 0x15259fe0fdc0>,27,1,[1 6],37,232,233,195,230
1,<environment.Job instance at 0x15259fe0fbe0>,24,2,[5 2],32,230,232,198,230
1,<environment.Job instance at 0x15259fe0f050>,28,12,[7 1],38,231,243,193,230
1,<environment.Job instance at 0x15259fe0fe60>,30,3,[2 7],40,232,235,192,230
1,<environment.Job instance at 0x15259fe09aa0>,31,17,[7 1],42,235,252,193,230
1,<environment.Job instance at 0x15259fe09320>,32,1,[2 5],44,233,234,189,230
1,<environment.Job instance at 0x15259fe0f4b0>,29,2,[10  1],39,252,254,213,247
1,<environment.Job instance at 0x15259fe09eb0>,35,2,[7 2],49,254,256,205,252
1,<environment.Job instance at 0x15259fe09c30>,38,2,[2 5],54,263,265,209,263
1,<environment.Job instance at 0x15259fda4820>,39,1,[ 2 10],55,263,264,208,263
1,<environment.Job instance at 0x15259fe09f00>,36,3,[ 2 10],51,277,280,226,277
1,<environment.Job instance at 0x15259fda4870>,41,2,[ 1 10],57,280,282,223,279
1,<environment.Job instance at 0x15259fda4b40>,42,3,[7 2],58,288,291,230,288
1,<environment.Job instance at 0x15259fda4b90>,43,21,[7 2],60,288,309,228,288
1,<environment.Job instance at 0x15259fda4960>,46,1,[6 1],63,306,307,243,306
1,<environment.Job instance at 0x15259fda4eb0>,47,3,[5 1],64,307,310,243,306
1,<environment.Job instance at 0x15259fda4f00>,48,3,[1 7],69,307,310,238,307
1,<environment.Job instance at 0x15259fda40f0>,44,13,[5 2],61,309,322,248,307
1,<environment.Job instance at 0x15259fda42d0>,50,20,[8 2],72,310,330,238,308
1,<environment.Job instance at 0x15259fda4730>,51,2,[10  1],73,330,332,257,327
1,<environment.Job instance at 0x15259fda4c80>,53,3,[1 8],78,330,333,252,330
1,<environment.Job instance at 0x15259fda4d70>,52,3,[1 9],74,333,336,259,330
1,<environment.Job instance at 0x15259fe0f9b0>,25,2,[1 7],34,342,344,308,342
1,<environment.Job instance at 0x15259fda4f50>,55,2,[9 2],82,361,363,279,361
1,<environment.Job instance at 0x15259fe1f0f0>,58,1,[ 2 10],85,366,367,281,366
1,<environment.Job instance at 0x15259fe1f190>,60,1,[1 8],88,384,385,296,384
1,<environment.Job instance at 0x15259fe1f730>,67,2,[ 2 12],100,386,388,286,386
1,<environment.Job instance at 0x15259fe1f6e0>,68,1,[6 2],101,386,387,285,386
1,<environment.Job instance at 0x15259fe1fcd0>,66,17,[10  1],98,387,404,289,387
1,<environment.Job instance at 0x15259fe1f960>,62,12,[2 9],93,407,419,314,407
1,<environment.Job instance at 0x15259fd3d280>,71,2,[8 1],108,411,413,303,411
1,<environment.Job instance at 0x15259fe642d0>,73,2,[1 6],112,417,419,305,417
1,<environment.Job instance at 0x15259fe645f0>,74,1,[1 9],113,423,424,310,423
1,<environment.Job instance at 0x15259fe64500>,75,3,[1 8],114,437,440,323,437
1,<environment.Job instance at 0x15259fe64cd0>,76,1,[9 2],115,443,444,328,443
1,<environment.Job instance at 0x15259fe647d0>,77,18,[ 1 10],116,448,466,332,448
1,<environment.Job instance at 0x15259fd17a50>,78,2,[1 6],118,474,476,356,474
1,<environment.Job instance at 0x15259fe64be0>,79,3,[ 2 10],120,476,479,356,475
1,<environment.Job instance at 0x15259fe64e60>,80,1,[7 2],121,476,477,355,476
1,<environment.Job instance at 0x15259fe648c0>,81,3,[9 1],122,486,489,364,486
1,<environment.Job instance at 0x15259fe649b0>,82,16,[9 1],123,489,505,366,488
1,<environment.Job instance at 0x15259fda8960>,83,1,[6 2],125,489,490,364,489
1,<environment.Job instance at 0x15259fda8af0>,84,3,[2 7],126,516,519,390,516
1,<environment.Job instance at 0x15259fda8370>,85,14,[7 2],127,516,530,389,516
1,<environment.Job instance at 0x15259fda8c80>,86,2,[ 1 10],129,524,526,395,524
1,<environment.Job instance at 0x15259fd3d820>,72,2,[1 9],111,774,776,663,774
1,<environment.Job instance at 0x15259fec7b40>,4,3,[5 1],10,10,13,0,10
1,<environment.Job instance at 0x1525a7404a50>,12,2,[5 2],22,22,24,0,22
1,<environment.Job instance at 0x1525a7404a00>,15,1,[7 2],26,26,27,0,26
1,<environment.Job instance at 0x152584f89f50>,20,26,[9 1],34,38,64,4,38
1,<environment.Job instance at 0x152584f837d0>,30,16,[2 8],49,58,74,9,58
1,<environment.Job instance at 0x152584fc3f50>,38,2,[1 9],61,74,76,13,61
1,<environment.Job instance at 0x152584fc3a50>,39,3,[2 8],62,76,79,14,62
1,<environment.Job instance at 0x152584fc36e0>,40,1,[1 8],65,79,80,14,65
1,<environment.Job instance at 0x152584fc3cd0>,45,3,[10  1],71,72,75,1,72
1,<environment.Job instance at 0x152584fc3e60>,48,3,[1 9],74,80,83,6,74
1,<environment.Job instance at 0x1525852e05a0>,49,2,[1 8],76,83,85,7,76
1,<environment.Job instance at 0x1525852e0eb0>,50,2,[1 5],78,78,80,0,78
1,<environment.Job instance at 0x1525a501d550>,51,15,[10  1],79,79,94,0,79
1,<environment.Job instance at 0x1525a501d0f0>,52,1,[2 8],80,85,86,5,80
1,<environment.Job instance at 0x152584fc3a00>,47,15,[1 5],73,84,99,11,84
1,<environment.Job instance at 0x1525a501d0a0>,56,3,[10  1],86,94,97,8,86
1,<environment.Job instance at 0x1525a501d870>,55,2,[6 1],84,97,99,13,96
1,<environment.Job instance at 0x15259fce90f0>,59,2,[1 7],91,96,98,5,96
1,<environment.Job instance at 0x15259fce90a0>,60,1,[1 5],92,98,99,6,98
1,<environment.Job instance at 0x1525a50c42d0>,61,18,[8 2],93,99,117,6,99
1,<environment.Job instance at 0x1525a50c4b40>,62,3,[1 6],94,106,109,12,106
1,<environment.Job instance at 0x152584f83550>,31,13,[ 2 10],52,146,159,94,146
1,<environment.Job instance at 0x1525a50c47d0>,64,2,[ 1 10],96,159,161,63,158
1,<environment.Job instance at 0x1525a50c41e0>,65,17,[2 9],97,162,179,65,162
1,<environment.Job instance at 0x1525a50c4140>,66,15,[7 2],98,179,194,81,179
1,<environment.Job instance at 0x1525a50c4780>,67,16,[2 8],99,190,206,91,190
1,<environment.Job instance at 0x152584f83c80>,32,1,[2 6],53,202,203,149,202
1,<environment.Job instance at 0x1525a50c4d20>,68,3,[6 1],100,230,233,130,230
1,<environment.Job instance at 0x1525a50c4960>,70,3,[2 8],102,230,233,128,230
1,<environment.Job instance at 0x1525a50c4370>,71,2,[2 8],103,239,241,136,239
1,<environment.Job instance at 0x1525a50c4a00>,72,3,[5 2],106,244,247,138,244
1,<environment.Job instance at 0x1525a5a8d730>,73,1,[6 2],108,251,252,143,251
1,<environment.Job instance at 0x1525a5a8df00>,74,2,[2 8],109,256,258,147,256
1,<environment.Job instance at 0x1525a5a8d6e0>,75,1,[6 2],111,257,258,146,257
1,<environment.Job instance at 0x15259fce9050>,58,3,[ 2 11],90,262,265,172,262
1,<environment.Job instance at 0x1525a5a8d550>,77,27,[ 2 10],113,265,292,152,263
1,<environment.Job instance at 0x1525a5a8dcd0>,78,2,[10  1],114,266,268,152,266
1,<environment.Job instance at 0x1525a5a8d640>,79,2,[2 7],116,292,294,176,266
1,<environment.Job instance at 0x1525a5a8da00>,80,1,[5 2],117,268,269,151,266
1,<environment.Job instance at 0x1525a5a8d960>,81,1,[2 5],118,269,270,151,266
1,<environment.Job instance at 0x1525a5a8db90>,82,2,[ 1 10],120,294,296,174,267
1,<environment.Job instance at 0x1525a5a8d280>,76,1,[2 9],112,296,297,184,279
1,<environment.Job instance at 0x1525a50c49b0>,69,2,[1 8],101,292,294,191,288
1,<environment.Job instance at 0x1525a5a8d190>,84,12,[6 1],122,299,311,177,299
1,<environment.Job instance at 0x1525a5a8d320>,83,3,[2 5],121,307,310,186,307
1,<environment.Job instance at 0x1525a5a8d690>,87,2,[7 1],127,307,309,180,307
1,<environment.Job instance at 0x1525a6fd57d0>,88,1,[7 2],128,309,310,181,308
1,<environment.Job instance at 0x1525a6fd5eb0>,89,3,[10  2],129,311,314,182,309
1,<environment.Job instance at 0x1525a501d370>,54,14,[14  1],82,314,328,232,310
1,<environment.Job instance at 0x1525a5a8d2d0>,86,1,[7 1],126,310,311,184,310
1,<environment.Job instance at 0x1525a5a8de60>,85,2,[5 2],123,328,330,205,318
1,<environment.Job instance at 0x1525a50c4c80>,63,16,[1 5],95,343,359,248,343
1,<environment.Job instance at 0x152584e95eb0>,7,1,[1 7],11,23,24,12,23
1,<environment.Job instance at 0x152584e95e10>,9,2,[1 5],13,26,28,13,26
1,<environment.Job instance at 0x152584e953c0>,10,1,[1 9],15,26,27,11,26
1,<environment.Job instance at 0x152584e95500>,11,1,[2 5],16,27,28,11,26
1,<environment.Job instance at 0x152584e955f0>,13,1,[2 6],18,50,51,32,50
1,<environment.Job instance at 0x152584e95a50>,14,1,[2 8],20,50,51,30,50
1,<environment.Job instance at 0x152584e954b0>,15,1,[2 6],21,51,52,30,50
1,<environment.Job instance at 0x152584e95280>,16,3,[1 7],23,51,54,28,50
1,<environment.Job instance at 0x1525a097a780>,20,3,[5 1],27,155,158,128,155
1,<environment.Job instance at 0x152585114c30>,21,1,[10  1],28,155,156,127,155
1,<environment.Job instance at 0x152584d0df00>,22,1,[1 8],29,156,157,127,155
1,<environment.Job instance at 0x152584e2f550>,24,2,[2 6],31,165,167,134,165
1,<environment.Job instance at 0x152584cfca00>,25,3,[9 2],32,165,168,133,165
1,<environment.Job instance at 0x15259c0c4a00>,26,2,[10  2],33,168,170,135,165
1,<environment.Job instance at 0x152585297280>,29,2,[1 6],37,206,208,169,206
1,<environment.Job instance at 0x152584cd2410>,5,1,[6 2],9,228,229,219,228
1,<environment.Job instance at 0x15258528d960>,33,2,[1 8],42,290,292,248,290
1,<environment.Job instance at 0x152584e95fa0>,6,2,[1 5],10,381,383,371,381
1,<environment.Job instance at 0x152585347230>,37,2,[7 1],46,413,415,367,413
1,<environment.Job instance at 0x152585347be0>,38,3,[7 1],47,415,418,368,415
1,<environment.Job instance at 0x152584e72730>,40,25,[12  1],49,421,446,372,421
1,<environment.Job instance at 0x152584f407d0>,41,1,[ 2 10],50,421,422,371,421
1,<environment.Job instance at 0x152584e722d0>,42,2,[10  2],52,446,448,394,421
1,<environment.Job instance at 0x15258529a910>,43,3,[7 1],56,448,451,392,422
1,<environment.Job instance at 0x15258529a870>,45,3,[1 9],58,422,425,364,422
1,<environment.Job instance at 0x15259ff508c0>,47,3,[2 9],60,427,430,367,427
1,<environment.Job instance at 0x15259ff50960>,48,23,[1 6],61,430,453,369,427
1,<environment.Job instance at 0x15259ff50d70>,49,12,[7 1],64,448,460,384,431
1,<environment.Job instance at 0x15259ff50730>,50,3,[10  1],67,460,463,393,434
1,<environment.Job instance at 0x15259ff50dc0>,51,3,[6 1],69,451,454,382,434
1,<environment.Job instance at 0x15259ff50460>,52,3,[8 1],70,454,457,384,434
1,<environment.Job instance at 0x15259ff50f00>,53,2,[7 1],72,457,459,385,434
1,<environment.Job instance at 0x1525a094d3c0>,31,2,[7 2],40,498,500,458,498
1,<environment.Job instance at 0x15259ff50410>,56,2,[5 1],77,501,503,424,501
1,<environment.Job instance at 0x15258523cb90>,35,1,[2 5],44,532,533,488,532
1,<environment.Job instance at 0x152584cd2b90>,3,13,[12  2],7,537,550,530,537
1,<environment.Job instance at 0x15259c07c050>,66,3,[2 9],94,541,544,447,541
1,<environment.Job instance at 0x15259c07c280>,67,1,[10  2],95,550,551,455,541
1,<environment.Job instance at 0x15259c07c780>,68,1,[5 2],96,550,551,454,541
1,<environment.Job instance at 0x15259c07c5f0>,65,1,[1 9],92,546,547,454,546
1,<environment.Job instance at 0x1525a5a08e10>,70,2,[ 1 10],100,547,549,447,547
1,<environment.Job instance at 0x15259c07c460>,69,26,[2 8],98,551,577,453,548
1,<environment.Job instance at 0x1525a5a083c0>,73,2,[1 6],107,551,553,444,548
1,<environment.Job instance at 0x15259ff503c0>,55,1,[7 1],76,551,552,475,551
1,<environment.Job instance at 0x152584f744b0>,85,27,[1 7],125,573,600,448,573
1,<environment.Job instance at 0x1525a59f9d20>,80,2,[7 2],120,596,598,476,596
1,<environment.Job instance at 0x152584cd2500>,4,17,[9 2],8,599,616,591,599
1,<environment.Job instance at 0x15259ff50230>,58,3,[5 2],80,625,628,545,625
1,<environment.Job instance at 0x152584ad3be0>,9,1,[10  2],18,20,21,2,20
1,<environment.Job instance at 0x152584ad3fa0>,13,1,[ 1 12],26,27,28,1,27
1,<environment.Job instance at 0x152584ad3cd0>,14,3,[6 2],27,27,30,0,27
1,<environment.Job instance at 0x152584ad4410>,15,1,[8 1],29,30,31,1,30
1,<environment.Job instance at 0x152584ae1dc0>,1,1,[10  2],3,3,4,0,3
1,<environment.Job instance at 0x152584ad4b90>,2,21,[ 2 10],4,4,25,0,4
1,<environment.Job instance at 0x152584baffa0>,3,21,[2 5],5,5,26,0,5
1,<environment.Job instance at 0x152584baf780>,13,17,[2 5],17,25,42,8,21
1,<environment.Job instance at 0x152584bafd20>,12,1,[9 1],16,25,26,9,23
1,<environment.Job instance at 0x152584c29af0>,21,1,[5 1],28,29,30,1,29
1,<environment.Job instance at 0x152584c29f50>,22,1,[2 6],30,30,31,0,30
1,<environment.Job instance at 0x152584c29e60>,23,3,[2 6],31,31,34,0,31
1,<environment.Job instance at 0x152584c29050>,24,2,[9 1],32,32,34,0,32
1,<environment.Job instance at 0x152584c29550>,25,13,[6 1],34,34,47,0,34
1,<environment.Job instance at 0x152584bedd20>,26,2,[7 2],35,35,37,0,35
1,<environment.Job instance at 0x152584bed320>,27,2,[9 2],36,42,44,6,36
1,<environment.Job instance at 0x152584bedf50>,28,3,[5 1],37,37,40,0,37
1,<environment.Job instance at 0x152584bed6e0>,29,2,[ 1 10],38,44,46,6,38
1,<environment.Job instance at 0x152584bed820>,30,13,[2 6],39,46,59,7,40
1,<environment.Job instance at 0x152584bed230>,32,1,[8 2],43,44,45,1,43
1,<environment.Job instance at 0x152584bede60>,33,17,[7 1],44,45,62,1,44
1,<environment.Job instance at 0x152584bed280>,37,1,[8 2],48,107,108,59,107
1,<environment.Job instance at 0x152584bed690>,38,1,[5 2],49,107,108,58,107
1,<environment.Job instance at 0x152584bea960>,39,1,[7 1],50,108,109,58,107
1,<environment.Job instance at 0x152584beac80>,40,1,[1 8],51,107,108,56,107
1,<environment.Job instance at 0x152584bea8c0>,41,2,[6 2],52,108,110,56,107
1,<environment.Job instance at 0x152584bea690>,43,1,[6 2],55,117,118,62,117
1,<environment.Job instance at 0x152584bead20>,45,2,[ 1 10],58,117,119,59,117
1,<environment.Job instance at 0x152584beab90>,47,1,[5 1],60,119,120,59,119
1,<environment.Job instance at 0x152584c29c30>,15,15,[9 2],20,139,154,119,139
1,<environment.Job instance at 0x152584bea410>,50,3,[10  1],63,154,157,91,153
1,<environment.Job instance at 0x152584bea5a0>,51,3,[6 1],64,157,160,93,153
1,<environment.Job instance at 0x152584beafa0>,52,1,[13  1],65,160,161,95,153
1,<environment.Job instance at 0x152584bea4b0>,53,3,[2 7],66,153,156,87,153
1,<environment.Job instance at 0x152584bea460>,54,1,[5 1],67,156,157,89,153
1,<environment.Job instance at 0x152584bed370>,31,17,[12  1],40,166,183,126,166
1,<environment.Job instance at 0x152584bea9b0>,49,2,[7 2],62,183,185,121,166
1,<environment.Job instance at 0x152584b456e0>,62,15,[ 2 10],76,167,182,91,167
1,<environment.Job instance at 0x152584b45190>,63,3,[10  2],77,185,188,108,169
1,<environment.Job instance at 0x152584b45230>,64,3,[2 5],79,182,185,103,173
1,<environment.Job instance at 0x152584b45e60>,65,17,[1 7],80,182,199,102,173
1,<environment.Job instance at 0x152584b45910>,66,3,[7 2],81,188,191,107,173
1,<environment.Job instance at 0x152584b458c0>,67,2,[2 9],82,199,201,117,173
1,<environment.Job instance at 0x152584b45d20>,68,2,[2 7],83,191,193,108,174
1,<environment.Job instance at 0x152584b45a00>,69,18,[6 1],85,188,206,103,177
1,<environment.Job instance at 0x152584c295a0>,20,1,[6 2],27,193,194,166,179
1,<environment.Job instance at 0x152584b45410>,73,1,[ 1 14],90,201,202,111,179
1,<environment.Job instance at 0x152584b45eb0>,74,16,[6 2],91,202,218,111,189
1,<environment.Job instance at 0x152584b02960>,82,3,[1 8],103,202,205,99,189
1,<environment.Job instance at 0x152584b02be0>,83,1,[ 2 10],104,205,206,101,189
1,<environment.Job instance at 0x152584b02780>,84,2,[7 2],106,194,196,88,189
1,<environment.Job instance at 0x152584b041e0>,85,1,[6 1],107,196,197,89,189
1,<environment.Job instance at 0x152584b04c30>,86,2,[6 1],109,197,199,88,190
1,<environment.Job instance at 0x1525a514e140>,89,2,[7 2],115,224,226,109,224
1,<environment.Job instance at 0x15259fe37e10>,90,1,[1 5],117,224,225,107,224
1,<environment.Job instance at 0x152584bf9960>,0,1,[7 2],2,3,4,1,3
1,<environment.Job instance at 0x152584bf90f0>,3,25,[6 1],5,6,31,1,6
1,<environment.Job instance at 0x152584fe9960>,11,22,[2 5],19,19,41,0,19
1,<environment.Job instance at 0x152584ff4cd0>,14,26,[ 2 13],23,69,95,46,69
1,<environment.Job instance at 0x152585013c30>,25,1,[6 2],37,91,92,54,91
1,<environment.Job instance at 0x152584ff4280>,19,14,[7 1],30,150,164,120,150
1,<environment.Job instance at 0x15259ff256e0>,35,2,[ 1 11],57,160,162,103,160
1,<environment.Job instance at 0x15259ff25550>,37,1,[1 8],60,162,163,102,160
1,<environment.Job instance at 0x152584d55b40>,38,2,[2 9],61,163,165,102,162
1,<environment.Job instance at 0x15259ff253c0>,36,3,[2 8],58,165,168,107,162
1,<environment.Job instance at 0x152584ff49b0>,17,2,[12  1],27,171,173,144,171
1,<environment.Job instance at 0x152584d55280>,42,1,[8 2],65,173,174,108,171
1,<environment.Job instance at 0x152584d553c0>,41,28,[5 2],64,173,201,109,172
1,<environment.Job instance at 0x152584d55460>,40,15,[10  1],63,174,189,111,172
1,<environment.Job instance at 0x152584d55870>,45,1,[5 1],68,189,190,121,172
1,<environment.Job instance at 0x152584d55050>,47,1,[8 1],70,190,191,120,172
1,<environment.Job instance at 0x152584d551e0>,44,3,[ 2 14],67,201,204,134,175
1,<environment.Job instance at 0x152584d55f00>,56,1,[1 9],81,189,190,108,182
1,<environment.Job instance at 0x152585353910>,60,16,[7 1],85,193,209,108,193
1,<environment.Job instance at 0x152585353cd0>,61,2,[8 2],86,204,206,118,193
1,<environment.Job instance at 0x1525853532d0>,62,1,[9 2],87,209,210,122,193
1,<environment.Job instance at 0x152585353410>,63,2,[1 7],88,193,195,105,193
1,<environment.Job instance at 0x152585353dc0>,67,23,[9 1],96,210,233,114,206
1,<environment.Job instance at 0x152585041e60>,79,2,[7 1],111,256,258,145,256
1,<environment.Job instance at 0x152584ff4c30>,20,2,[7 1],31,310,312,279,310
1,<environment.Job instance at 0x152584d55500>,51,2,[6 2],76,318,320,242,318
1,<environment.Job instance at 0x152584d84eb0>,85,1,[ 2 10],127,321,322,194,321
1,<environment.Job instance at 0x1525852ebd70>,83,1,[2 6],120,526,527,406,526
1,<environment.Job instance at 0x152584fa1e60>,86,3,[11  1],129,978,981,849,978
1,<environment.Job instance at 0x152585041a00>,77,3,[12  1],109,1070,1073,961,1070
1,<environment.Job instance at 0x152585041780>,1,1,[8 1],3,4,5,1,4
1,<environment.Job instance at 0x1525a0c70d20>,7,2,[5 2],16,17,19,1,17
1,<environment.Job instance at 0x1525849db0f0>,9,1,[6 2],18,18,19,0,18
1,<environment.Job instance at 0x1525849db2d0>,10,2,[ 1 12],19,19,21,0,19
1,<environment.Job instance at 0x1525849db690>,12,2,[5 2],21,21,23,0,21
1,<environment.Job instance at 0x1525849db7d0>,13,21,[5 1],22,22,43,0,22
1,<environment.Job instance at 0x1525849dbb40>,16,1,[ 2 10],26,26,27,0,26
1,<environment.Job instance at 0x1525849dbcd0>,17,2,[1 6],27,27,29,0,27
1,<environment.Job instance at 0x1525849dbe10>,18,2,[8 1],28,28,30,0,28
1,<environment.Job instance at 0x1525849dbf50>,19,1,[2 7],30,30,31,0,30
1,<environment.Job instance at 0x1525849dbfa0>,20,2,[1 8],31,31,33,0,31
1,<environment.Job instance at 0x1525849d5500>,23,2,[2 7],36,36,38,0,36
1,<environment.Job instance at 0x1525849d5690>,24,22,[ 2 10],37,38,60,1,37
1,<environment.Job instance at 0x1525849d5b90>,28,2,[6 2],41,41,43,0,41
1,<environment.Job instance at 0x1525849e8dc0>,44,3,[2 6],67,67,70,0,67
1,<environment.Job instance at 0x1525a0c53230>,45,2,[7 1],68,68,70,0,68
1,<environment.Job instance at 0x1525a0c53550>,46,21,[6 1],70,70,91,0,70
1,<environment.Job instance at 0x1525a0c717d0>,47,3,[ 2 13],72,72,75,0,72
1,<environment.Job instance at 0x1525a0c71fa0>,48,14,[2 6],73,75,89,2,75
1,<environment.Job instance at 0x1525a0c715a0>,51,1,[1 7],78,78,79,0,78
1,<environment.Job instance at 0x1525a0c71500>,52,1,[1 7],80,80,81,0,80
1,<environment.Job instance at 0x1525a0c710f0>,54,27,[5 2],82,82,109,0,82
1,<environment.Job instance at 0x1525a0c71730>,55,27,[1 9],83,89,116,6,87
1,<environment.Job instance at 0x152584bbba00>,59,3,[ 1 10],91,116,119,25,91
1,<environment.Job instance at 0x152584bbb500>,60,1,[8 2],92,92,93,0,92
1,<environment.Job instance at 0x152585256500>,62,2,[8 1],95,95,97,0,95
1,<environment.Job instance at 0x152584bd6a50>,64,1,[7 1],97,97,98,0,97
1,<environment.Job instance at 0x152584ddf0f0>,65,1,[2 6],99,109,110,10,99
1,<environment.Job instance at 0x152584db2370>,66,3,[1 5],100,110,113,10,100
1,<environment.Job instance at 0x152584dd6e10>,68,1,[1 7],104,119,120,15,104
1,<environment.Job instance at 0x152584bb2a50>,70,2,[7 1],106,106,108,0,106
1,<environment.Job instance at 0x152584bb2960>,73,21,[9 1],111,112,133,1,112
1,<environment.Job instance at 0x152584bb2f50>,71,28,[1 6],107,119,147,12,118
1,<environment.Job instance at 0x152584bb2320>,74,16,[1 6],112,120,136,8,119
1,<environment.Job instance at 0x152584bc3190>,79,1,[1 9],119,136,137,17,119
1,<environment.Job instance at 0x152584bc3820>,80,1,[2 7],120,137,138,17,120
1,<environment.Job instance at 0x152584bc3500>,81,2,[1 8],121,138,140,17,121
1,<environment.Job instance at 0x152584bc33c0>,82,1,[1 9],123,140,141,17,124
1,<environment.Job instance at 0x152584bc3640>,77,2,[ 2 10],116,147,149,31,137
1,<environment.Job instance at 0x152584bc3550>,78,3,[5 1],117,190,193,73,190
1,<environment.Job instance at 0x152584bb8fa0>,86,20,[ 2 11],128,321,341,193,321
1,<environment.Job instance at 0x152584f0b960>,2,1,[9 2],4,4,5,0,4
1,<environment.Job instance at 0x152584f0bc30>,4,1,[5 1],6,6,7,0,6
1,<environment.Job instance at 0x152584ba23c0>,22,26,[8 1],28,28,54,0,28
1,<environment.Job instance at 0x152584ba2640>,25,27,[6 1],31,32,59,1,32
1,<environment.Job instance at 0x152584ba21e0>,26,21,[9 2],32,54,75,22,46
1,<environment.Job instance at 0x152584ba2550>,29,2,[2 9],35,846,848,811,846
1,<environment.Job instance at 0x152584ba2f50>,28,16,[5 2],34,1288,1304,1254,1288
1,<environment.Job instance at 0x15259c101aa0>,44,16,[2 7],57,1491,1507,1434,1491
1,<environment.Job instance at 0x15259c101be0>,46,2,[1 5],60,1548,1550,1488,1548
1,<environment.Job instance at 0x15259c101780>,47,1,[1 5],61,2516,2517,2455,2516
1,<environment.Job instance at 0x1525852d0dc0>,5,1,[ 1 10],8,8,9,0,8
1,<environment.Job instance at 0x1525853359b0>,2,2,[2 9],4,9,11,5,9
1,<environment.Job instance at 0x1525852d0d70>,6,26,[2 5],9,9,35,0,9
1,<environment.Job instance at 0x1525a09a1cd0>,19,3,[7 2],31,33,36,2,33
1,<environment.Job instance at 0x1525a09a1f50>,20,28,[2 5],33,33,61,0,33
1,<environment.Job instance at 0x1525a0994140>,22,1,[1 9],35,47,48,12,47
1,<environment.Job instance at 0x1525a0994460>,26,1,[1 5],40,48,49,8,47
1,<environment.Job instance at 0x1525a0994640>,27,2,[2 8],41,49,51,8,47
1,<environment.Job instance at 0x1525a0994280>,23,3,[6 2],36,48,51,12,48
1,<environment.Job instance at 0x1525a09944b0>,25,1,[2 6],38,51,52,13,48
1,<environment.Job instance at 0x1525a09946e0>,31,1,[1 6],48,52,53,4,50
1,<environment.Job instance at 0x1525a0994dc0>,32,2,[2 6],50,53,55,3,50
1,<environment.Job instance at 0x1525a0994fa0>,33,2,[6 2],51,51,53,0,51
1,<environment.Job instance at 0x1525a0994b90>,34,3,[2 7],52,55,58,3,52
1,<environment.Job instance at 0x1525a09b2320>,35,1,[10  1],56,56,57,0,56
1,<environment.Job instance at 0x1525a09b2460>,36,3,[10  1],57,57,60,0,57
1,<environment.Job instance at 0x1525a09b25a0>,37,2,[6 1],58,60,62,2,58
1,<environment.Job instance at 0x1525a09b26e0>,38,3,[1 5],59,59,62,0,59
1,<environment.Job instance at 0x1525a09b2820>,39,2,[10  2],60,62,64,2,60
1,<environment.Job instance at 0x1525a09b2960>,40,1,[9 1],61,64,65,3,61
1,<environment.Job instance at 0x1525a09b2aa0>,41,1,[1 8],62,62,63,0,62
1,<environment.Job instance at 0x1525a09a1eb0>,18,2,[ 2 13],29,63,65,34,63
1,<environment.Job instance at 0x1525a09b2be0>,42,25,[9 1],63,65,90,2,63
1,<environment.Job instance at 0x1525a09b2f00>,44,1,[7 1],65,90,91,25,65
1,<environment.Job instance at 0x1525a09b2eb0>,45,2,[7 2],66,90,92,24,68
1,<environment.Job instance at 0x1525a09b9460>,48,2,[8 1],70,91,93,21,70
1,<environment.Job instance at 0x1525a09b95a0>,49,1,[6 2],71,71,72,0,71
1,<environment.Job instance at 0x1525a09b96e0>,50,1,[9 1],72,93,94,21,73
1,<environment.Job instance at 0x1525a09b9820>,51,1,[2 5],74,74,75,0,74
1,<environment.Job instance at 0x1525a09b9b40>,54,2,[ 1 14],80,80,82,0,80
1,<environment.Job instance at 0x1525a09b9c30>,55,1,[7 2],81,92,93,11,81
1,<environment.Job instance at 0x1525a09b9eb0>,58,1,[2 5],84,84,85,0,84
1,<environment.Job instance at 0x1525a09b9c80>,59,2,[1 5],86,86,88,0,86
1,<environment.Job instance at 0x1525a09a83c0>,60,3,[2 8],87,93,96,6,89
1,<environment.Job instance at 0x1525a09a8500>,62,26,[5 2],89,94,120,5,91
1,<environment.Job instance at 0x1525a09a8280>,63,1,[8 2],90,94,95,4,91
1,<environment.Job instance at 0x1525a09a84b0>,64,2,[2 6],91,96,98,5,95
1,<environment.Job instance at 0x1525a09a86e0>,66,2,[1 7],94,96,98,2,95
1,<environment.Job instance at 0x1525a09a8cd0>,68,2,[6 1],96,98,100,2,96
1,<environment.Job instance at 0x1525a09a8f00>,69,1,[5 1],97,100,101,3,97
1,<environment.Job instance at 0x152584bbd960>,77,21,[10  2],112,112,133,0,112
1,<environment.Job instance at 0x1525852c3eb0>,78,22,[2 9],113,120,142,7,113
1,<environment.Job instance at 0x1525852c3c80>,79,3,[1 7],115,142,145,27,116
1,<environment.Job instance at 0x1525852c3870>,83,1,[ 1 12],124,145,146,21,124
1,<environment.Job instance at 0x152584d14780>,84,1,[10  2],125,133,134,8,125
1,<environment.Job instance at 0x1525a0994410>,24,16,[ 1 11],37,166,182,129,166
1,<environment.Job instance at 0x1525a09945f0>,29,3,[2 5],45,182,185,137,167
1,<environment.Job instance at 0x1525a0994780>,28,24,[2 9],42,274,298,232,274
1,<environment.Job instance at 0x1525a598cc30>,5,3,[8 1],7,10,13,3,10
1,<environment.Job instance at 0x1525a5a5ff00>,7,3,[9 2],9,13,16,4,12
1,<environment.Job instance at 0x1525a5a5fc80>,3,1,[12  2],5,16,17,11,13
1,<environment.Job instance at 0x1525a7bc3870>,10,2,[2 8],20,25,27,5,25
1,<environment.Job instance at 0x1525a4ffd6e0>,17,1,[7 2],30,30,31,0,30
1,<environment.Job instance at 0x15258524a320>,21,1,[1 9],36,38,39,2,38
1,<environment.Job instance at 0x152584fe9910>,23,1,[1 8],38,39,40,1,38
1,<environment.Job instance at 0x15258539ad20>,24,20,[7 2],39,54,74,15,54
1,<environment.Job instance at 0x1525a5a53910>,32,1,[2 5],49,55,56,6,55
1,<environment.Job instance at 0x15259fd42c30>,34,1,[ 1 13],51,71,72,20,71
1,<environment.Job instance at 0x152584dcaf00>,12,2,[2 6],24,186,188,162,186
1,<environment.Job instance at 0x1525a5a5f1e0>,6,2,[6 2],8,249,251,241,249
1,<environment.Job instance at 0x15259c02d0a0>,36,1,[5 2],53,279,280,226,279
1,<environment.Job instance at 0x152585395e60>,38,1,[11  1],63,328,329,265,328
1,<environment.Job instance at 0x1525a4fe8730>,39,2,[5 1],64,359,361,295,359
1,<environment.Job instance at 0x1525a4fe8230>,40,2,[1 6],65,363,365,298,363
1,<environment.Job instance at 0x152584c5e320>,41,2,[1 8],66,365,367,299,365
1,<environment.Job instance at 0x1525a1f29460>,37,12,[2 9],54,402,414,348,402
1,<environment.Job instance at 0x152584c5e690>,42,1,[6 1],67,422,423,355,422
1,<environment.Job instance at 0x152584c5e410>,44,1,[6 1],70,423,424,353,423
1,<environment.Job instance at 0x152584c5e730>,45,1,[2 9],71,431,432,360,431
1,<environment.Job instance at 0x152584c5efa0>,46,1,[1 5],72,443,444,371,443
1,<environment.Job instance at 0x152584c5e780>,47,16,[ 2 10],73,518,534,445,518
1,<environment.Job instance at 0x152584c5ef00>,48,3,[5 1],74,525,528,451,525
1,<environment.Job instance at 0x152584c5e6e0>,43,18,[10  2],69,554,572,485,554
1,<environment.Job instance at 0x152584c5e0a0>,49,3,[1 7],75,572,575,497,572
1,<environment.Job instance at 0x1525a1f25d70>,51,17,[9 2],79,574,591,495,574
1,<environment.Job instance at 0x1525a1f255f0>,52,2,[9 2],81,591,593,510,590
1,<environment.Job instance at 0x1525a1f25230>,53,2,[2 7],85,689,691,604,689
1,<environment.Job instance at 0x1525a5986c30>,54,1,[8 1],86,695,696,609,695
1,<environment.Job instance at 0x1525a5986050>,55,15,[7 1],87,730,745,643,730
1,<environment.Job instance at 0x1525a5986230>,56,1,[1 8],88,744,745,656,744
1,<environment.Job instance at 0x1525a59866e0>,57,12,[7 2],89,753,765,664,753
1,<environment.Job instance at 0x1525a5986280>,58,13,[1 9],90,762,775,672,762
1,<environment.Job instance at 0x1525a5986f00>,59,2,[7 2],91,776,778,685,776
1,<environment.Job instance at 0x1525a5986730>,60,1,[ 2 10],92,802,803,710,802
1,<environment.Job instance at 0x1525a5986410>,61,16,[1 7],93,892,908,799,892
1,<environment.Job instance at 0x1525a5986af0>,62,17,[5 2],95,893,910,798,893
1,<environment.Job instance at 0x15259ff7cfa0>,63,3,[10  1],97,908,911,811,902
1,<environment.Job instance at 0x15259ff7cc30>,64,1,[9 2],98,920,921,822,920
1,<environment.Job instance at 0x15259ff7c4b0>,65,17,[8 1],99,928,945,829,928
1,<environment.Job instance at 0x15259ff7c320>,66,2,[1 5],100,931,933,831,931
1,<environment.Job instance at 0x15259ff7c1e0>,67,13,[1 9],101,1008,1021,907,1008
1,<environment.Job instance at 0x15259ff7c370>,68,2,[10  2],102,1016,1018,914,1016
1,<environment.Job instance at 0x15259ff7cb90>,69,15,[9 1],104,1023,1038,919,1023
1,<environment.Job instance at 0x15259ff7c690>,70,1,[1 5],105,1067,1068,962,1067
1,<environment.Job instance at 0x15259ff7cc80>,71,2,[1 9],106,1094,1096,988,1094
1,<environment.Job instance at 0x15259ff7cd20>,72,2,[1 7],109,1100,1102,991,1100
1,<environment.Job instance at 0x1525a1f25320>,50,3,[10  2],77,1110,1113,1033,1110
1,<environment.Job instance at 0x1525a0994500>,2,2,[13  1],4,1135,1137,1131,1135
1,<environment.Job instance at 0x15259ff7c640>,73,3,[1 8],110,1139,1142,1029,1139
1,<environment.Job instance at 0x15259ff7c140>,76,3,[1 7],113,1146,1149,1033,1146
1,<environment.Job instance at 0x1525a092deb0>,88,17,[12  1],127,1156,1173,1029,1156
1,<environment.Job instance at 0x15259ff7cf50>,84,3,[6 1],122,1173,1176,1051,1157
1,<environment.Job instance at 0x15259ff7c0f0>,74,19,[5 2],111,1323,1342,1212,1323
1,<environment.Job instance at 0x15259e568f00>,5,2,[1 7],6,6,8,0,6
1,<environment.Job instance at 0x15259e5684b0>,6,2,[1 6],7,7,9,0,7
1,<environment.Job instance at 0x15259ff50230>,17,3,[1 8],25,40,43,15,40
1,<environment.Job instance at 0x15259ff50f00>,22,2,[2 9],30,46,48,16,46
1,<environment.Job instance at 0x15259fe76230>,34,23,[2 5],47,142,165,95,142
1,<environment.Job instance at 0x15259fe76910>,42,2,[2 6],55,189,191,134,189
1,<environment.Job instance at 0x1525a3b9abe0>,48,15,[1 5],63,245,260,182,245
1,<environment.Job instance at 0x1525a3b9ae10>,49,3,[2 5],65,306,309,241,306
1,<environment.Job instance at 0x1525a3b9ac80>,50,2,[6 2],66,356,358,290,356
1,<environment.Job instance at 0x1525a3b9ab90>,51,16,[2 8],68,511,527,443,511
1,<environment.Job instance at 0x1525a3b9a7d0>,52,2,[9 1],69,603,605,534,603
1,<environment.Job instance at 0x1525a3b9a9b0>,53,18,[2 5],70,610,628,540,610
1,<environment.Job instance at 0x152584ce8050>,25,16,[7 2],34,692,708,658,692
1,<environment.Job instance at 0x1525a3b9ac30>,54,3,[10  2],71,869,872,798,869
1,<environment.Job instance at 0x1525a3b9a640>,56,3,[10  1],75,874,877,799,874
1,<environment.Job instance at 0x1525a3b9a230>,57,3,[6 2],76,923,926,847,923
1,<environment.Job instance at 0x1525a3b9a4b0>,58,18,[ 1 14],77,1188,1206,1111,1188
1,<environment.Job instance at 0x1525a3b9a5f0>,59,2,[7 1],78,1450,1452,1372,1450
1,<environment.Job instance at 0x1525a3b9aaa0>,60,3,[10  1],79,1453,1456,1374,1453
1,<environment.Job instance at 0x1525a3b9afa0>,61,1,[6 1],80,1534,1535,1454,1534
1,<environment.Job instance at 0x1525a3b9a460>,62,18,[1 9],81,1648,1666,1567,1648
1,<environment.Job instance at 0x1525a3b9a960>,63,1,[2 7],82,1667,1668,1585,1667
1,<environment.Job instance at 0x1525a3b9af50>,64,3,[7 1],83,1707,1710,1624,1707
1,<environment.Job instance at 0x1525a3b9ad20>,65,1,[8 2],84,1727,1728,1643,1727
1,<environment.Job instance at 0x1525a3b9ab40>,66,28,[ 2 10],86,1743,1771,1657,1743
1,<environment.Job instance at 0x15258533b550>,67,15,[1 8],87,1907,1922,1820,1907
1,<environment.Job instance at 0x15258533b6e0>,68,2,[8 2],88,1953,1955,1865,1953
1,<environment.Job instance at 0x15258533b7d0>,69,13,[6 1],89,1993,2006,1904,1993
1,<environment.Job instance at 0x1525a3b9a410>,55,1,[6 1],74,1993,1994,1919,1993
1,<environment.Job instance at 0x15258533b8c0>,70,3,[10  1],91,2024,2027,1933,2024
1,<environment.Job instance at 0x152584aca9b0>,72,2,[10  1],94,2099,2101,2005,2099
1,<environment.Job instance at 0x1525a08550a0>,73,1,[ 1 10],97,2249,2250,2152,2249
1,<environment.Job instance at 0x15259fe411e0>,74,1,[5 2],98,2287,2288,2189,2287
1,<environment.Job instance at 0x15259fe41780>,75,1,[8 1],99,2304,2305,2205,2304
1,<environment.Job instance at 0x15259fe413c0>,76,14,[1 6],101,2307,2321,2206,2307
1,<environment.Job instance at 0x152585183fa0>,77,12,[1 7],104,2479,2491,2375,2479
1,<environment.Job instance at 0x15259fcf4e10>,78,3,[2 7],105,2630,2633,2525,2630
1,<environment.Job instance at 0x15259fcf45f0>,79,3,[10  2],108,2738,2741,2630,2738
1,<environment.Job instance at 0x15259fcf4eb0>,80,17,[5 2],110,2842,2859,2732,2842
1,<environment.Job instance at 0x15259fcf4320>,81,3,[8 2],111,2842,2845,2731,2842
1,<environment.Job instance at 0x15259fcf4730>,82,2,[2 5],114,2894,2896,2780,2894
1,<environment.Job instance at 0x15259fcf4410>,83,19,[ 2 14],115,2919,2938,2804,2919
1,<environment.Job instance at 0x15259fcf4640>,1,1,[9 2],3,3,4,0,3
1,<environment.Job instance at 0x15259fcf4410>,2,1,[7 2],5,6,7,1,6
1,<environment.Job instance at 0x1525a0886b90>,5,1,[10  2],9,9,10,0,9
1,<environment.Job instance at 0x1525a50fc3c0>,8,1,[1 7],12,12,13,0,12
1,<environment.Job instance at 0x1525a0886500>,9,1,[9 1],14,14,15,0,14
1,<environment.Job instance at 0x1525a50fc820>,13,3,[ 1 10],19,643,646,624,643
1,<environment.Job instance at 0x1525a50fc1e0>,14,2,[5 1],20,644,646,624,644
1,<environment.Job instance at 0x152584d90550>,28,2,[1 7],41,813,815,772,813
1,<environment.Job instance at 0x152584d90870>,30,3,[6 1],44,1393,1396,1349,1393
1,<environment.Job instance at 0x152584d90280>,31,16,[ 2 10],45,2450,2466,2405,2450
1,<environment.Job instance at 0x152584d901e0>,1,1,[5 2],2,3,4,1,3
1,<environment.Job instance at 0x15259ffaa500>,19,2,[2 5],23,33,35,10,33
1,<environment.Job instance at 0x15259ffaa0a0>,18,2,[1 9],22,33,35,11,33
1,<environment.Job instance at 0x15259ffaa7d0>,21,1,[8 1],27,33,34,6,33
1,<environment.Job instance at 0x15259ffaa8c0>,24,2,[5 2],30,35,37,5,33
1,<environment.Job instance at 0x15259ffaa640>,22,2,[8 2],28,37,39,9,37
1,<environment.Job instance at 0x15259ffae320>,32,2,[2 7],40,66,68,26,66
1,<environment.Job instance at 0x15259ffae0f0>,34,1,[1 9],42,68,69,26,66
1,<environment.Job instance at 0x15259ffae500>,36,2,[1 8],45,90,92,45,90
1,<environment.Job instance at 0x15259ffae780>,40,3,[ 1 14],50,116,119,66,116
1,<environment.Job instance at 0x15259ffae910>,41,3,[5 1],51,116,119,65,116
1,<environment.Job instance at 0x15259ffaea00>,42,2,[8 1],53,119,121,66,116
1,<environment.Job instance at 0x15259ffae820>,43,3,[9 1],54,121,124,67,116
1,<environment.Job instance at 0x15259ffaecd0>,46,2,[2 7],59,150,152,91,150
1,<environment.Job instance at 0x15259ffaed20>,49,2,[1 9],63,169,171,106,169
1,<environment.Job instance at 0x15259ffaefa0>,50,23,[1 5],64,169,192,105,169
1,<environment.Job instance at 0x15259ffaef00>,51,1,[8 1],65,169,170,104,169
1,<environment.Job instance at 0x15259ffaaa00>,26,1,[1 5],33,188,189,155,188
1,<environment.Job instance at 0x15259ffa5460>,54,2,[7 1],68,191,193,123,191
1,<environment.Job instance at 0x15259ffa5640>,55,1,[5 1],69,191,192,122,191
1,<environment.Job instance at 0x15259ffa55f0>,56,2,[2 8],70,191,193,121,191
1,<environment.Job instance at 0x15259ffa56e0>,57,3,[7 1],71,193,196,122,191
1,<environment.Job instance at 0x15259ffa5780>,58,3,[8 2],72,193,196,121,191
1,<environment.Job instance at 0x15259ffa58c0>,59,2,[10  1],74,196,198,122,191
1,<environment.Job instance at 0x15259ffa5a50>,60,22,[5 1],76,196,218,120,191
1,<environment.Job instance at 0x15259ffa5550>,53,1,[8 2],67,198,199,131,197
1,<environment.Job instance at 0x15259ffa5c30>,63,3,[1 5],82,201,204,119,201
1,<environment.Job instance at 0x15259ffa5be0>,64,2,[5 2],83,201,203,118,201
1,<environment.Job instance at 0x15259ffa5d70>,65,13,[8 1],85,203,216,118,202
1,<environment.Job instance at 0x15259ffa5cd0>,66,1,[7 2],86,216,217,130,202
1,<environment.Job instance at 0x15259ffa5e10>,67,2,[2 8],87,204,206,117,202
1,<environment.Job instance at 0x15259ffa5dc0>,68,12,[9 1],88,217,229,129,204
1,<environment.Job instance at 0x15259ffa5fa0>,69,3,[9 2],90,229,232,139,204
1,<environment.Job instance at 0x15259ff90e10>,70,1,[ 2 10],91,206,207,115,204
1,<environment.Job instance at 0x1525a09ac9b0>,71,2,[6 2],92,218,220,126,204
1,<environment.Job instance at 0x15259ff90410>,72,1,[1 5],94,207,208,113,204
1,<environment.Job instance at 0x15259ff90730>,73,2,[5 2],95,220,222,125,204
1,<environment.Job instance at 0x15259ff904b0>,74,2,[8 1],96,232,234,136,205
1,<environment.Job instance at 0x15259ff90780>,75,2,[8 1],97,234,236,137,207
1,<environment.Job instance at 0x15259ffa59b0>,62,16,[8 2],81,236,252,155,230
1,<environment.Job instance at 0x15259ff90140>,77,3,[10  2],99,252,255,153,242
1,<environment.Job instance at 0x15259ff90050>,79,3,[2 7],101,247,250,146,247
1,<environment.Job instance at 0x15259ffaa5f0>,17,3,[ 1 11],21,250,253,229,248
1,<environment.Job instance at 0x15259ffaa780>,23,14,[9 2],29,255,269,226,248
1,<environment.Job instance at 0x15259ff900f0>,80,18,[ 2 11],102,276,294,174,276
1,<environment.Job instance at 0x152584ca8050>,85,1,[6 1],107,279,280,172,279
1,<environment.Job instance at 0x1525a08bf910>,87,1,[5 1],109,279,280,170,279
1,<environment.Job instance at 0x152584ca8aa0>,86,2,[ 1 10],108,300,302,192,300
1,<environment.Job instance at 0x1525a501b230>,94,1,[8 2],119,309,310,190,309
1,<environment.Job instance at 0x15259c0af280>,95,12,[1 8],120,317,329,197,317
1,<environment.Job instance at 0x15259c0af190>,96,28,[ 2 10],121,330,358,209,330
1,<environment.Job instance at 0x152585288cd0>,97,3,[9 1],124,350,353,226,350
1,<environment.Job instance at 0x15259fe42a50>,98,14,[2 5],126,353,367,227,350
1,<environment.Job instance at 0x15259ffaa730>,20,3,[1 5],26,358,361,332,351
1,<environment.Job instance at 0x1525a0893eb0>,99,2,[1 8],127,361,363,234,360
1,<environment.Job instance at 0x1525a0893be0>,101,14,[1 7],129,363,377,234,360
1,<environment.Job instance at 0x15258491d8c0>,83,2,[ 1 13],105,382,384,277,382
1,<environment.Job instance at 0x152584c6e5a0>,93,2,[11  1],118,382,384,264,382
1,<environment.Job instance at 0x1525a0893fa0>,100,1,[5 1],128,390,391,262,390
1,<environment.Job instance at 0x1525a0893140>,1,2,[6 2],3,4,6,1,4
1,<environment.Job instance at 0x152584c6e320>,4,1,[9 1],8,8,9,0,8
1,<environment.Job instance at 0x152584c6e9b0>,6,2,[6 2],10,23,25,13,23
1,<environment.Job instance at 0x152584b48370>,15,3,[2 8],21,24,27,3,24
1,<environment.Job instance at 0x152584b48140>,16,12,[7 2],22,24,36,2,24
1,<environment.Job instance at 0x152584b48fa0>,17,1,[2 5],24,28,29,4,28
1,<environment.Job instance at 0x152584b48cd0>,14,1,[1 5],20,75,76,55,75
1,<environment.Job instance at 0x152584b48aa0>,13,16,[ 1 12],19,136,152,117,136
1,<environment.Job instance at 0x152584bb8190>,43,1,[9 1],68,136,137,68,136
1,<environment.Job instance at 0x152584b484b0>,11,2,[ 1 11],17,152,154,135,136
1,<environment.Job instance at 0x152584bb8b40>,49,1,[2 5],75,154,155,79,147
1,<environment.Job instance at 0x152584b42730>,61,3,[2 7],96,172,175,76,172
1,<environment.Job instance at 0x152584bb86e0>,45,14,[10  1],71,195,209,124,195
1,<environment.Job instance at 0x152584b42960>,69,1,[14  2],106,209,210,103,196
1,<environment.Job instance at 0x152584b420a0>,67,2,[14  2],104,210,212,106,202
1,<environment.Job instance at 0x152584b42910>,72,2,[1 9],109,207,209,98,207
1,<environment.Job instance at 0x152584bdf690>,77,2,[2 8],117,212,214,95,211
1,<environment.Job instance at 0x1525850046e0>,34,2,[7 2],54,218,220,164,218
1,<environment.Job instance at 0x152584bdf410>,79,1,[10  2],119,220,221,101,218
1,<environment.Job instance at 0x152584bdf640>,75,2,[1 8],113,245,247,132,245
1,<environment.Job instance at 0x152584bdf460>,80,17,[7 2],121,250,267,129,250
1,<environment.Job instance at 0x1525851763c0>,9,2,[ 1 10],20,20,22,0,20
1,<environment.Job instance at 0x152585176aa0>,17,1,[5 2],31,54,55,23,54
1,<environment.Job instance at 0x152585176e60>,22,12,[5 2],37,57,69,20,57
1,<environment.Job instance at 0x152585176e10>,21,2,[1 8],36,61,63,25,61
1,<environment.Job instance at 0x152585176f00>,24,1,[10  2],39,63,64,24,61
1,<environment.Job instance at 0x152585176be0>,18,18,[10  2],32,73,91,41,73
1,<environment.Job instance at 0x15258519a3c0>,28,1,[7 2],46,91,92,45,87
1,<environment.Job instance at 0x15258519a780>,32,1,[1 7],57,118,119,61,118
1,<environment.Job instance at 0x152585176fa0>,23,1,[2 9],38,157,158,119,157
1,<environment.Job instance at 0x15258519aaa0>,37,3,[8 2],68,158,161,90,158
1,<environment.Job instance at 0x15258519ac80>,38,14,[10  2],69,161,175,92,159
1,<environment.Job instance at 0x15258519ae10>,39,2,[2 6],70,170,172,100,170
1,<environment.Job instance at 0x152585176780>,16,14,[6 2],30,175,189,145,171
1,<environment.Job instance at 0x15258519ad20>,40,17,[1 9],71,179,196,108,179
1,<environment.Job instance at 0x15258517b140>,44,1,[1 9],78,196,197,118,190
1,<environment.Job instance at 0x15258517b410>,45,3,[10  2],82,190,193,108,190
1,<environment.Job instance at 0x15258517b280>,46,17,[6 1],83,193,210,110,190
1,<environment.Job instance at 0x15258517b460>,47,1,[2 8],84,197,198,113,193
1,<environment.Job instance at 0x15258517b500>,48,2,[9 1],87,201,203,114,201
1,<environment.Job instance at 0x15258517b730>,49,18,[2 8],88,206,224,118,206
1,<environment.Job instance at 0x15258517b5a0>,50,13,[7 2],91,207,220,116,207
1,<environment.Job instance at 0x15258517b780>,51,2,[6 2],92,212,214,120,212
1,<environment.Job instance at 0x15258517b0f0>,43,1,[6 1],74,214,215,140,212
1,<environment.Job instance at 0x15258517b9b0>,52,3,[5 2],97,220,223,123,220
1,<environment.Job instance at 0x15258519ae60>,41,3,[1 6],72,225,228,153,225
1,<environment.Job instance at 0x15258519a280>,27,17,[7 1],45,225,242,180,225
1,<environment.Job instance at 0x15258517b4b0>,54,3,[1 5],100,229,232,129,229
1,<environment.Job instance at 0x15258517bd70>,58,16,[5 2],105,236,252,131,236
1,<environment.Job instance at 0x15258517bc80>,59,13,[ 1 13],106,242,255,136,238
1,<environment.Job instance at 0x15258517ba00>,55,1,[9 1],101,252,253,151,238
1,<environment.Job instance at 0x15258517be60>,61,2,[8 1],108,253,255,145,239
1,<environment.Job instance at 0x15258517beb0>,63,1,[1 9],111,239,240,128,239
1,<environment.Job instance at 0x15258517bdc0>,60,2,[10  1],107,271,273,164,271
1,<environment.Job instance at 0x152585174410>,68,1,[5 2],117,277,278,160,277
1,<environment.Job instance at 0x15258517bb40>,57,2,[2 5],104,277,279,173,277
1,<environment.Job instance at 0x1525851740a0>,69,1,[6 1],118,277,278,159,277
1,<environment.Job instance at 0x152585174460>,71,2,[2 5],126,279,281,153,279
1,<environment.Job instance at 0x152585174320>,67,1,[6 1],115,280,281,165,280
1,<environment.Job instance at 0x1525851747d0>,73,18,[7 2],129,280,298,151,280
1,<environment.Job instance at 0x1525851749b0>,72,1,[2 9],127,290,291,163,290
1,<environment.Job instance at 0x152585174870>,70,3,[2 5],124,291,294,167,290
1,<environment.Job instance at 0x15258517baf0>,56,2,[1 7],103,339,341,236,339
1,<environment.Job instance at 0x152585176a50>,15,2,[14  1],27,351,353,324,351
1,<environment.Job instance at 0x152584ced370>,4,1,[2 5],5,7,8,2,7
1,<environment.Job instance at 0x1525851a3dc0>,3,2,[1 6],4,9,11,5,9
1,<environment.Job instance at 0x152584ced190>,6,2,[10  1],7,11,13,4,11
1,<environment.Job instance at 0x15259fe48af0>,14,2,[1 9],18,18,20,0,18
1,<environment.Job instance at 0x152584835730>,19,1,[2 5],28,243,244,215,243
1,<environment.Job instance at 0x15259ffa0140>,22,17,[10  2],31,321,338,290,321
1,<environment.Job instance at 0x1525850f0d70>,17,3,[1 8],23,403,406,380,403
1,<environment.Job instance at 0x1525a085ddc0>,23,12,[1 7],32,407,419,375,407
1,<environment.Job instance at 0x15259ffafd20>,26,27,[9 2],38,407,434,369,407
1,<environment.Job instance at 0x1525a0c5e7d0>,27,2,[7 1],39,434,436,395,407
1,<environment.Job instance at 0x1525852e0190>,28,3,[1 6],40,417,420,377,417
1,<environment.Job instance at 0x152584999230>,29,1,[6 1],41,439,440,398,439
1,<environment.Job instance at 0x152584999500>,30,1,[1 5],42,452,453,410,452
1,<environment.Job instance at 0x152584795f00>,31,2,[1 7],43,466,468,423,466
1,<environment.Job instance at 0x152584835af0>,20,2,[1 8],29,487,489,458,487
1,<environment.Job instance at 0x1525847953c0>,32,3,[1 7],44,488,491,444,488
1,<environment.Job instance at 0x15259c070910>,34,2,[2 5],46,497,499,451,497
1,<environment.Job instance at 0x15259c0709b0>,35,3,[1 9],47,498,501,451,498
1,<environment.Job instance at 0x15259c070d70>,33,1,[1 8],45,501,502,456,498
1,<environment.Job instance at 0x152584b63d70>,36,3,[8 1],48,506,509,458,506
1,<environment.Job instance at 0x1525847dbc80>,38,3,[1 9],52,509,512,457,509
1,<environment.Job instance at 0x1525853bdf50>,39,1,[9 1],53,511,512,458,511
1,<environment.Job instance at 0x1525853bdaf0>,40,3,[1 7],54,514,517,460,514
1,<environment.Job instance at 0x152584bbe320>,41,2,[1 8],55,516,518,461,516
1,<environment.Job instance at 0x152584bc8cd0>,42,16,[10  1],56,517,533,461,517
1,<environment.Job instance at 0x152584bbeeb0>,43,3,[5 1],58,519,522,461,519
1,<environment.Job instance at 0x152584796910>,44,3,[9 2],59,533,536,474,524
1,<environment.Job instance at 0x152584bc8050>,45,14,[ 1 12],60,534,548,474,534
1,<environment.Job instance at 0x152584796730>,46,2,[ 1 10],61,551,553,490,551
1,<environment.Job instance at 0x152584796320>,47,1,[9 1],62,555,556,493,555
1,<environment.Job instance at 0x152584796640>,48,2,[1 5],63,555,557,492,555
1,<environment.Job instance at 0x1525847965f0>,49,1,[6 2],64,558,559,494,558
1,<environment.Job instance at 0x152584796280>,50,3,[7 2],66,561,564,495,561
1,<environment.Job instance at 0x152584db2a00>,51,13,[1 6],67,562,575,495,562
1,<environment.Job instance at 0x152584db22d0>,52,19,[5 1],68,571,590,503,571
1,<environment.Job instance at 0x152584db2500>,53,1,[5 2],70,577,578,507,577
1,<environment.Job instance at 0x15259e5a4a50>,37,1,[2 9],49,582,583,533,582
1,<environment.Job instance at 0x152584fcd7d0>,54,3,[1 8],72,613,616,541,613
1,<environment.Job instance at 0x152584fcdb90>,56,20,[10  2],74,614,634,540,614
1,<environment.Job instance at 0x152584fcd410>,57,15,[2 8],75,649,664,574,649
1,<environment.Job instance at 0x152584fcde10>,58,1,[1 5],77,662,663,585,662
1,<environment.Job instance at 0x152584fcdf50>,59,1,[7 2],78,667,668,589,667
1,<environment.Job instance at 0x152584fcd690>,60,3,[ 2 10],80,676,679,596,676
1,<environment.Job instance at 0x152584fcd460>,61,1,[6 2],81,692,693,611,692
1,<environment.Job instance at 0x152584fcda00>,62,3,[10  2],83,693,696,610,692
1,<environment.Job instance at 0x152584fcd0a0>,63,3,[2 7],85,725,728,640,725
1,<environment.Job instance at 0x152584fcd280>,64,15,[7 2],86,726,741,640,726
1,<environment.Job instance at 0x152584fcd370>,65,13,[ 2 10],88,737,750,649,737
1,<environment.Job instance at 0x15259fe5f6e0>,66,1,[1 5],91,744,745,653,744
1,<environment.Job instance at 0x15259fe5fe10>,67,21,[6 2],92,746,767,654,746
1,<environment.Job instance at 0x15259fe5f050>,68,16,[6 1],94,771,787,677,771
1,<environment.Job instance at 0x15259fe5fd70>,69,1,[8 2],95,780,781,685,780
1,<environment.Job instance at 0x15259fe5f460>,70,2,[ 2 10],96,787,789,691,787
1,<environment.Job instance at 0x15259fe5f8c0>,71,1,[1 6],97,811,812,714,811
1,<environment.Job instance at 0x15259fe5f640>,72,1,[ 1 10],102,813,814,711,813
1,<environment.Job instance at 0x15258510f7d0>,73,14,[2 7],103,814,828,711,814
1,<environment.Job instance at 0x15258510faf0>,74,3,[7 1],104,831,834,727,831
1,<environment.Job instance at 0x15258510f050>,75,1,[ 1 10],105,833,834,728,833
1,<environment.Job instance at 0x15258510fd70>,76,18,[6 1],106,834,852,728,834
1,<environment.Job instance at 0x15258510fb40>,77,3,[2 9],107,850,853,743,850
1,<environment.Job instance at 0x15258510feb0>,78,14,[ 1 10],108,853,867,745,852
1,<environment.Job instance at 0x15258510f2d0>,79,18,[2 8],109,867,885,758,864
1,<environment.Job instance at 0x15258510f140>,80,27,[7 1],111,873,900,762,873
1,<environment.Job instance at 0x15259fd9ab90>,81,18,[8 1],112,893,911,781,893
1,<environment.Job instance at 0x15259fd9ac30>,82,2,[6 2],113,920,922,807,920
1,<environment.Job instance at 0x15259fd9ac80>,83,16,[6 2],115,929,945,814,929
1,<environment.Job instance at 0x15259fd9a7d0>,84,2,[2 6],116,950,952,834,950
1,<environment.Job instance at 0x15259fd9adc0>,85,2,[9 1],118,957,959,839,957
1,<environment.Job instance at 0x15259fd9a730>,86,2,[8 1],120,964,966,844,964
1,<environment.Job instance at 0x15259fd9a370>,87,1,[ 1 10],123,966,967,843,966
1,<environment.Job instance at 0x15259fd9a8c0>,88,1,[8 1],124,972,973,848,972
1,<environment.Job instance at 0x152584fcd230>,55,16,[ 1 10],73,974,990,901,974
1,<environment.Job instance at 0x15259fd9ae60>,89,1,[8 1],125,993,994,868,993
1,<environment.Job instance at 0x15259fd9a820>,91,14,[1 9],128,993,1007,865,993
1,<environment.Job instance at 0x15259fd9a9b0>,90,3,[2 7],126,1029,1032,903,1029
1,<environment.Job instance at 0x15259fe48730>,15,3,[ 2 12],20,1694,1697,1674,1694
1,<environment.Job instance at 0x15259ff23280>,24,2,[11  1],34,1723,1725,1689,1723
1,<environment.Job instance at 0x1525846ae050>,1,1,[2 7],3,3,4,0,3
1,<environment.Job instance at 0x1525853327d0>,19,17,[10  2],35,35,52,0,35
1,<environment.Job instance at 0x1525a50b48c0>,25,2,[2 6],45,51,53,6,51
1,<environment.Job instance at 0x1525850ce320>,27,1,[2 9],49,52,53,3,52
1,<environment.Job instance at 0x15259c0d69b0>,34,2,[13  1],58,136,138,78,136
1,<environment.Job instance at 0x152584bed960>,42,21,[2 6],69,136,157,67,136
1,<environment.Job instance at 0x1525850cec80>,28,1,[2 6],50,138,139,88,138
1,<environment.Job instance at 0x15259c0d6a50>,33,2,[7 2],57,147,149,90,147
1,<environment.Job instance at 0x152584bed3c0>,45,2,[5 2],73,152,154,79,152
1,<environment.Job instance at 0x152584ade6e0>,49,14,[2 8],78,154,168,76,152
1,<environment.Job instance at 0x152584ade140>,52,1,[1 7],82,152,153,70,152
1,<environment.Job instance at 0x152584ade9b0>,50,1,[6 2],80,153,154,73,152
1,<environment.Job instance at 0x152584ade410>,55,15,[2 9],87,168,183,81,154
1,<environment.Job instance at 0x152584adeaa0>,54,2,[ 1 10],86,183,185,97,156
1,<environment.Job instance at 0x152584ade8c0>,56,15,[7 2],88,157,172,69,156
1,<environment.Job instance at 0x152584adef50>,58,2,[1 6],90,172,174,82,157
1,<environment.Job instance at 0x152584ade4b0>,60,2,[8 2],93,174,176,81,157
1,<environment.Job instance at 0x15259c0485f0>,65,1,[1 9],100,185,186,85,174
1,<environment.Job instance at 0x15259c0488c0>,66,1,[10  2],101,176,177,75,174
1,<environment.Job instance at 0x152584d42820>,67,3,[1 7],104,186,189,82,174
1,<environment.Job instance at 0x1525a59f5fa0>,68,1,[6 2],105,177,178,72,174
1,<environment.Job instance at 0x152584878960>,69,15,[7 2],106,177,192,71,174
1,<environment.Job instance at 0x15259c048820>,70,2,[7 2],107,183,185,76,174
1,<environment.Job instance at 0x15259fef4b90>,71,13,[6 1],108,185,198,77,175
1,<environment.Job instance at 0x152584b45910>,72,2,[1 5],109,186,188,77,175
1,<environment.Job instance at 0x1525a508aaf0>,73,2,[6 1],110,178,180,68,175
1,<environment.Job instance at 0x152584ade3c0>,59,24,[9 2],91,192,216,101,191
1,<environment.Job instance at 0x15258511d8c0>,76,1,[ 2 10],115,205,206,90,205
1,<environment.Job instance at 0x152584aa8dc0>,80,1,[2 5],122,206,207,84,205
1,<environment.Job instance at 0x152584ba2910>,81,3,[2 8],126,206,209,80,205
1,<environment.Job instance at 0x152585035eb0>,82,2,[1 9],127,209,211,82,205
1,<environment.Job instance at 0x1525a3b97820>,83,3,[2 6],128,211,214,83,205
1,<environment.Job instance at 0x15259fdb88c0>,84,2,[5 2],129,209,211,80,205
1,<environment.Job instance at 0x15259fcf63c0>,78,16,[8 1],120,216,232,96,215
1,<environment.Job instance at 0x1525a0900c30>,79,2,[6 2],121,223,225,102,223
1,<environment.Job instance at 0x152584ade0a0>,53,2,[1 8],83,246,248,163,246
1,<environment.Job instance at 0x15259e597c80>,5,1,[9 1],7,7,8,0,7
1,<environment.Job instance at 0x15259feda050>,8,2,[2 7],11,11,13,0,11
1,<environment.Job instance at 0x15259feda8c0>,9,23,[2 9],12,13,36,1,12
1,<environment.Job instance at 0x15259ff71af0>,21,1,[1 6],32,32,33,0,32
1,<environment.Job instance at 0x1525a092c5f0>,33,3,[2 9],48,1594,1597,1546,1594
1,<environment.Job instance at 0x1525a092c690>,32,3,[13  1],47,1775,1778,1728,1775
1,<environment.Job instance at 0x1525a59a7280>,39,1,[2 9],58,1775,1776,1717,1775
1,<environment.Job instance at 0x1525a59a7b90>,40,3,[1 8],60,1776,1779,1716,1775
1,<environment.Job instance at 0x152584ade0a0>,3,2,[5 1],5,1778,1780,1773,1775
1,<environment.Job instance at 0x1525a59a74b0>,48,3,[6 2],73,1778,1781,1705,1775
1,<environment.Job instance at 0x1525a59a7fa0>,49,1,[9 2],77,1780,1781,1703,1775
1,<environment.Job instance at 0x1525a09b28c0>,50,1,[2 9],78,1779,1780,1701,1775
1,<environment.Job instance at 0x15362fdc2aa0>,3,1,[6 2],4,4,5,0,4
1,<environment.Job instance at 0x15362fdc2eb0>,7,1,[2 6],8,8,9,0,8
1,<environment.Job instance at 0x15362fdb92d0>,15,1,[ 1 10],20,20,21,0,20
1,<environment.Job instance at 0x15362fdb8870>,16,1,[2 5],21,21,22,0,21
1,<environment.Job instance at 0x15362fdb8cd0>,21,3,[6 1],29,54,57,25,54
1,<environment.Job instance at 0x153639a27a50>,5,3,[9 2],6,54,57,48,54
1,<environment.Job instance at 0x15362fdb8730>,25,2,[2 8],34,57,59,23,54
1,<environment.Job instance at 0x15362fdb84b0>,26,1,[2 7],35,57,58,22,54
1,<environment.Job instance at 0x15362fdb8230>,27,2,[2 7],36,58,60,22,54
1,<environment.Job instance at 0x15362fdb79b0>,28,2,[2 7],37,59,61,22,54
1,<environment.Job instance at 0x15362fdb7a50>,29,16,[10  2],39,60,76,21,54
1,<environment.Job instance at 0x153631aa7b90>,1,1,[ 2 10],2,2,3,0,2
1,<environment.Job instance at 0x153632600960>,2,1,[ 2 14],3,4,5,1,4
1,<environment.Job instance at 0x153632600820>,6,2,[ 1 10],10,10,12,0,10
1,<environment.Job instance at 0x153632600320>,10,1,[8 1],14,199,200,185,199
1,<environment.Job instance at 0x153632600be0>,9,3,[2 5],13,209,212,196,209
1,<environment.Job instance at 0x1536302bbeb0>,14,1,[1 6],19,209,210,190,209
1,<environment.Job instance at 0x1536302bba50>,11,3,[5 2],16,211,214,195,211
1,<environment.Job instance at 0x1536302bbc30>,17,3,[12  1],24,214,217,190,211
1,<environment.Job instance at 0x1536302bb410>,19,15,[1 6],27,212,227,185,212
1,<environment.Job instance at 0x1536302bb4b0>,20,3,[7 2],28,217,220,189,212
1,<environment.Job instance at 0x1536302bb370>,21,2,[1 8],29,214,216,185,213
1,<environment.Job instance at 0x1536302bb0f0>,22,3,[1 7],31,271,274,240,271
1,<environment.Job instance at 0x1536302bb690>,24,27,[1 8],33,364,391,331,364
1,<environment.Job instance at 0x1536302bb050>,25,3,[1 9],34,520,523,486,520
1,<environment.Job instance at 0x153631c07c80>,26,2,[7 2],35,558,560,523,558
1,<environment.Job instance at 0x153631c071e0>,27,12,[6 1],36,745,757,709,745
1,<environment.Job instance at 0x153631c07550>,28,28,[2 8],39,764,792,725,764
1,<environment.Job instance at 0x153631c07910>,29,3,[5 1],43,802,805,759,802
1,<environment.Job instance at 0x153631aa38c0>,0,1,[2 8],1,3,4,2,3
1,<environment.Job instance at 0x153631a25a50>,7,1,[1 8],9,9,10,0,9
1,<environment.Job instance at 0x153631a25870>,9,2,[5 2],12,12,14,0,12
1,<environment.Job instance at 0x153631a2d960>,11,2,[5 2],15,15,17,0,15
1,<environment.Job instance at 0x153631a2d190>,12,1,[1 6],17,17,18,0,17
1,<environment.Job instance at 0x153631aa5500>,17,1,[2 5],24,24,25,0,24
1,<environment.Job instance at 0x153631aa5050>,20,2,[7 2],29,29,31,0,29
1,<environment.Job instance at 0x153631afa550>,25,14,[8 1],36,37,51,1,37
1,<environment.Job instance at 0x153631afa960>,28,21,[7 2],40,40,61,0,40
1,<environment.Job instance at 0x153631af4b40>,35,20,[8 2],52,56,76,4,56
1,<environment.Job instance at 0x15362fdbb4b0>,53,1,[6 2],81,90,91,9,90
1,<environment.Job instance at 0x153631af4fa0>,36,2,[10  1],53,113,115,60,113
1,<environment.Job instance at 0x153631af4e10>,37,3,[1 9],54,159,162,105,159
1,<environment.Job instance at 0x153630012b90>,57,2,[1 9],91,166,168,75,166
1,<environment.Job instance at 0x153631aa7f00>,51,17,[10  1],78,167,184,89,167
1,<environment.Job instance at 0x15362fdb8d70>,58,2,[1 6],92,172,174,80,172
1,<environment.Job instance at 0x153636d9f910>,60,3,[1 8],94,172,175,78,172
1,<environment.Job instance at 0x153636d9fc30>,61,1,[9 2],95,184,185,89,174
1,<environment.Job instance at 0x153636d9f0a0>,62,18,[ 1 10],96,175,193,79,174
1,<environment.Job instance at 0x1536319a2500>,63,2,[1 6],98,193,195,95,175
1,<environment.Job instance at 0x153626c01d70>,64,3,[ 2 10],100,195,198,95,182
1,<environment.Job instance at 0x153636dac820>,65,1,[7 2],101,185,186,84,184
1,<environment.Job instance at 0x153636de75a0>,66,3,[9 1],102,186,189,84,185
1,<environment.Job instance at 0x153636dac8c0>,67,16,[9 1],103,189,205,86,187
1,<environment.Job instance at 0x153636dac140>,68,1,[6 2],105,199,200,94,199
1,<environment.Job instance at 0x153636d913c0>,69,3,[2 7],106,202,205,96,202
1,<environment.Job instance at 0x153636d914b0>,70,14,[7 2],107,209,223,102,209
1,<environment.Job instance at 0x1536319bea50>,59,1,[1 9],93,210,211,117,210
1,<environment.Job instance at 0x153636d91af0>,71,2,[ 1 10],109,231,233,122,231
1,<environment.Job instance at 0x153631a6f730>,73,2,[2 9],111,233,235,122,231
1,<environment.Job instance at 0x153636d919b0>,74,3,[9 1],114,233,236,119,233
1,<environment.Job instance at 0x153631a735a0>,75,18,[6 2],116,235,253,119,233
1,<environment.Job instance at 0x153631a73820>,76,16,[1 5],118,236,252,118,234
1,<environment.Job instance at 0x153631a73320>,77,3,[5 1],120,236,239,116,236
1,<environment.Job instance at 0x153631a8fe60>,78,14,[1 6],122,238,252,116,238
1,<environment.Job instance at 0x1536319fab40>,79,2,[5 1],123,241,243,118,241
1,<environment.Job instance at 0x153631ab5b90>,72,3,[10  2],110,253,256,143,244
1,<environment.Job instance at 0x153631a44500>,81,2,[10  2],125,256,258,131,244
1,<environment.Job instance at 0x153631a73a50>,80,1,[2 7],124,252,253,128,247
1,<environment.Job instance at 0x153631a26320>,83,3,[9 2],128,258,261,130,248
1,<environment.Job instance at 0x1536319fdf50>,84,3,[6 2],131,248,251,117,248
1,<environment.Job instance at 0x153631a442d0>,82,2,[6 1],126,251,253,125,250
1,<environment.Job instance at 0x1536319fd140>,85,2,[5 2],132,254,256,122,254
1,<environment.Job instance at 0x1536319fd2d0>,87,2,[9 2],135,261,263,126,254
1,<environment.Job instance at 0x1536319fd320>,88,1,[7 2],136,263,264,127,255
1,<environment.Job instance at 0x1536319fd910>,89,3,[1 7],138,256,259,118,255
1,<environment.Job instance at 0x1536319ba5f0>,90,14,[1 6],139,256,270,117,256
1,<environment.Job instance at 0x1536319fd0f0>,86,3,[1 7],133,344,347,211,344
1,<environment.Job instance at 0x1536325af820>,52,2,[ 2 12],80,2043,2045,1963,2043
1,<environment.Job instance at 0x153630261f50>,3,2,[2 5],6,6,8,0,6
1,<environment.Job instance at 0x153630261870>,4,16,[2 9],7,7,23,0,7
1,<environment.Job instance at 0x153626c5be10>,12,13,[ 2 10],22,58,71,36,58
1,<environment.Job instance at 0x153626cddd20>,33,1,[2 8],50,71,72,21,59
1,<environment.Job instance at 0x1536376c3f50>,36,2,[6 1],54,60,62,6,60
1,<environment.Job instance at 0x1536376c3a00>,34,1,[8 2],51,106,107,55,106
1,<environment.Job instance at 0x153626c5b7d0>,13,1,[2 6],23,236,237,213,236
1,<environment.Job instance at 0x1536376c3fa0>,41,1,[1 5],62,362,363,300,362
1,<environment.Job instance at 0x1536376c30f0>,40,2,[1 7],61,435,437,374,435
1,<environment.Job instance at 0x15362c0f63c0>,43,3,[1 6],64,510,513,446,510
1,<environment.Job instance at 0x15362c0f6cd0>,44,16,[1 5],65,584,600,519,584
1,<environment.Job instance at 0x1536376c3be0>,42,18,[8 2],63,603,621,540,603
1,<environment.Job instance at 0x15362c0f6550>,45,2,[ 1 10],66,644,646,578,644
1,<environment.Job instance at 0x15362c0f6e10>,47,15,[7 2],68,806,821,738,806
1,<environment.Job instance at 0x15362c0f6910>,48,16,[2 8],69,846,862,777,846
1,<environment.Job instance at 0x15362c0f66e0>,49,3,[6 1],70,877,880,807,877
1,<environment.Job instance at 0x15362c0f6410>,50,2,[1 8],71,906,908,835,906
1,<environment.Job instance at 0x15362c0f6960>,51,3,[2 8],72,912,915,840,912
1,<environment.Job instance at 0x15362c0f60f0>,46,17,[2 9],67,1049,1066,982,1049
1,<environment.Job instance at 0x15362c0f6af0>,52,2,[2 8],73,1203,1205,1130,1203
1,<environment.Job instance at 0x15362c0f6eb0>,54,1,[6 2],78,1265,1266,1187,1265
1,<environment.Job instance at 0x15362c0f6c30>,55,2,[2 8],79,1380,1382,1301,1380
1,<environment.Job instance at 0x15362c0f6d70>,56,1,[6 2],81,1473,1474,1392,1473
1,<environment.Job instance at 0x15362c0f68c0>,57,1,[2 9],82,1564,1565,1482,1564
1,<environment.Job instance at 0x15362c0f6fa0>,58,27,[ 2 10],83,1574,1601,1491,1574
1,<environment.Job instance at 0x15362c0f6f00>,59,2,[10  1],84,1630,1632,1546,1630
1,<environment.Job instance at 0x15363269a910>,60,2,[2 7],86,1632,1634,1546,1632
1,<environment.Job instance at 0x15363269a2d0>,61,1,[5 2],87,1632,1633,1545,1632
1,<environment.Job instance at 0x15363269a640>,62,1,[2 5],88,1653,1654,1565,1653
1,<environment.Job instance at 0x15363269a1e0>,63,2,[ 1 10],90,1704,1706,1614,1704
1,<environment.Job instance at 0x15363269a820>,64,3,[2 5],91,1712,1715,1621,1712
1,<environment.Job instance at 0x15363269a500>,65,12,[6 1],92,1753,1765,1661,1753
1,<environment.Job instance at 0x15362c0f6460>,53,3,[5 2],76,1792,1795,1716,1792
1,<environment.Job instance at 0x15363269af00>,66,2,[5 2],93,1938,1940,1845,1938
1,<environment.Job instance at 0x15363269abe0>,68,2,[7 1],97,1992,1994,1895,1992
1,<environment.Job instance at 0x15363269a460>,69,1,[7 2],98,1995,1996,1897,1995
1,<environment.Job instance at 0x15363269a6e0>,70,3,[10  2],99,2003,2006,1904,2003
1,<environment.Job instance at 0x15363269ae10>,71,2,[5 2],100,2017,2019,1917,2017
1,<environment.Job instance at 0x15363269a050>,67,1,[7 1],96,2051,2052,1955,2051
1,<environment.Job instance at 0x1536376b9370>,73,3,[1 7],103,2672,2675,2569,2672
1,<environment.Job instance at 0x1536376b9870>,75,13,[12  2],107,2683,2696,2576,2683
1,<environment.Job instance at 0x1536376b9aa0>,76,17,[9 2],108,2744,2761,2636,2744
1,<environment.Job instance at 0x1536376b9dc0>,77,1,[6 2],109,2772,2773,2663,2772
1,<environment.Job instance at 0x1536376b9910>,78,2,[1 5],110,2781,2783,2671,2781
1,<environment.Job instance at 0x15362c16bd20>,8,25,[12  1],9,9,34,0,9
1,<environment.Job instance at 0x1536272ccb40>,15,3,[2 9],20,28,31,8,28
1,<environment.Job instance at 0x1536269a8cd0>,19,3,[6 1],29,34,37,5,29
1,<environment.Job instance at 0x153627333370>,21,2,[7 1],32,34,36,2,32
1,<environment.Job instance at 0x153627348f50>,20,3,[8 1],30,36,39,6,34
1,<environment.Job instance at 0x153626ad49b0>,16,23,[1 6],21,38,61,17,38
1,<environment.Job instance at 0x15362c05af50>,25,14,[2 5],38,45,59,7,45
1,<environment.Job instance at 0x1536273939b0>,30,3,[2 6],46,59,62,13,46
1,<environment.Job instance at 0x153627384aa0>,24,2,[5 1],37,51,53,14,51
1,<environment.Job instance at 0x153627303be0>,33,1,[1 9],52,61,62,9,52
1,<environment.Job instance at 0x153627303cd0>,36,1,[5 2],56,56,57,0,56
1,<environment.Job instance at 0x153630283500>,37,26,[2 8],58,62,88,4,59
1,<environment.Job instance at 0x15362734cb90>,40,3,[10  2],63,85,88,22,85
1,<environment.Job instance at 0x15362735e550>,53,27,[1 7],85,94,121,9,94
1,<environment.Job instance at 0x15362c0a7780>,66,2,[1 8],107,118,120,11,118
1,<environment.Job instance at 0x15362c0a7870>,68,3,[2 8],109,120,123,11,118
1,<environment.Job instance at 0x15362c0a7b40>,69,15,[2 7],110,121,136,11,120
1,<environment.Job instance at 0x15362c083a50>,72,3,[6 2],117,123,126,6,120
1,<environment.Job instance at 0x15362c083b90>,73,1,[8 1],119,126,127,7,120
1,<environment.Job instance at 0x15362c0838c0>,74,3,[1 9],121,136,139,15,121
1,<environment.Job instance at 0x15362c1c8b90>,75,1,[2 9],124,139,140,15,124
1,<environment.Job instance at 0x15362c1c8820>,76,2,[7 2],125,127,129,2,125
1,<environment.Job instance at 0x15362c1c8280>,77,12,[7 1],126,129,141,3,126
1,<environment.Job instance at 0x15362735ae60>,0,1,[6 2],1,3,4,2,3
1,<environment.Job instance at 0x15362735a7d0>,2,1,[7 1],4,4,5,0,4
1,<environment.Job instance at 0x153626771be0>,9,2,[5 1],11,12,14,1,12
1,<environment.Job instance at 0x153626771d70>,10,1,[6 2],16,16,17,0,16
1,<environment.Job instance at 0x153626771eb0>,11,1,[1 9],17,17,18,0,17
1,<environment.Job instance at 0x153626772780>,18,25,[8 1],29,29,54,0,29
1,<environment.Job instance at 0x153626772910>,21,2,[10  2],33,95,97,62,95
1,<environment.Job instance at 0x153626777960>,55,1,[1 5],76,113,114,37,113
1,<environment.Job instance at 0x153626777af0>,57,1,[5 2],79,114,115,35,114
1,<environment.Job instance at 0x153626777c30>,59,25,[9 1],81,114,139,33,114
1,<environment.Job instance at 0x153626777be0>,60,1,[10  2],83,139,140,56,114
1,<environment.Job instance at 0x153626777d70>,61,21,[ 2 10],84,115,136,31,114
1,<environment.Job instance at 0x153626777dc0>,62,21,[2 5],85,136,157,51,128
1,<environment.Job instance at 0x153626779a50>,72,17,[2 5],97,166,183,69,166
1,<environment.Job instance at 0x153626779e10>,76,2,[5 1],102,166,168,64,166
1,<environment.Job instance at 0x1536267798c0>,77,1,[1 7],103,166,167,63,166
1,<environment.Job instance at 0x153626779fa0>,79,1,[6 2],107,166,167,59,166
1,<environment.Job instance at 0x153626779d20>,80,1,[5 1],108,167,168,59,166
1,<environment.Job instance at 0x153626779f00>,81,1,[2 6],110,167,168,57,166
1,<environment.Job instance at 0x15362677b050>,82,3,[2 6],111,168,171,57,166
1,<environment.Job instance at 0x15362677b280>,83,2,[9 1],112,168,170,56,166
1,<environment.Job instance at 0x15362677b460>,84,13,[6 1],114,170,183,56,166
1,<environment.Job instance at 0x15362677b6e0>,85,2,[7 2],115,171,173,56,166
1,<environment.Job instance at 0x15362677bcd0>,86,2,[9 2],116,183,185,67,166
1,<environment.Job instance at 0x15362677bd70>,87,3,[5 1],117,173,176,56,166
1,<environment.Job instance at 0x15362677be10>,88,2,[ 1 10],118,183,185,65,166
1,<environment.Job instance at 0x15362677beb0>,89,13,[2 6],119,185,198,66,169
1,<environment.Job instance at 0x15362677bf50>,90,17,[12  1],120,185,202,65,173
1,<environment.Job instance at 0x153626772960>,22,3,[1 7],34,189,192,155,189
1,<environment.Job instance at 0x15362677d370>,96,1,[8 2],128,202,203,74,189
1,<environment.Job instance at 0x15362691a320>,97,1,[5 2],129,202,203,73,193
1,<environment.Job instance at 0x153626769730>,100,2,[6 2],132,203,205,71,201
1,<environment.Job instance at 0x1536267692d0>,98,1,[7 1],130,207,208,77,207
1,<environment.Job instance at 0x153626769410>,105,13,[10  1],139,208,221,69,207
1,<environment.Job instance at 0x153626775f00>,45,1,[6 2],63,221,222,158,220
1,<environment.Job instance at 0x153626772a00>,23,14,[9 2],36,226,240,190,226
1,<environment.Job instance at 0x1536268625f0>,6,1,[5 1],7,7,8,0,7
1,<environment.Job instance at 0x153626862550>,13,22,[8 1],15,39,61,24,39
1,<environment.Job instance at 0x153626852780>,24,22,[2 6],29,123,145,94,123
1,<environment.Job instance at 0x153626862e10>,8,3,[5 2],9,144,147,135,144
1,<environment.Job instance at 0x153626852730>,26,16,[6 2],31,144,160,113,144
1,<environment.Job instance at 0x153626852cd0>,27,1,[6 1],32,148,149,116,148
1,<environment.Job instance at 0x153626852e10>,25,1,[ 1 14],30,160,161,130,148
1,<environment.Job instance at 0x1536268620f0>,9,2,[8 2],10,158,160,148,158
1,<environment.Job instance at 0x153626852e60>,28,2,[9 1],34,160,162,126,158
1,<environment.Job instance at 0x1536268524b0>,31,1,[5 1],39,161,162,122,158
1,<environment.Job instance at 0x153626852460>,32,2,[7 2],40,162,164,122,161
1,<environment.Job instance at 0x153626852af0>,35,1,[ 2 10],44,162,163,118,161
1,<environment.Job instance at 0x153626852280>,33,3,[ 2 14],42,164,167,122,162
1,<environment.Job instance at 0x153626852820>,30,1,[8 1],37,163,164,126,162
1,<environment.Job instance at 0x15362686c2d0>,41,2,[7 2],55,194,196,139,194
1,<environment.Job instance at 0x1536268525f0>,42,1,[1 5],57,194,195,137,194
1,<environment.Job instance at 0x15362686cc30>,44,27,[5 1],60,237,264,177,237
1,<environment.Job instance at 0x1536325884b0>,0,1,[7 2],2,2,3,0,2
1,<environment.Job instance at 0x153631bca730>,9,16,[1 8],12,15,31,3,15
1,<environment.Job instance at 0x153631bcaaa0>,13,2,[8 2],16,16,18,0,16
1,<environment.Job instance at 0x153639935d70>,14,1,[9 2],17,18,19,1,17
1,<environment.Job instance at 0x153639935f50>,15,2,[1 7],18,19,21,1,18
1,<environment.Job instance at 0x153626a13910>,16,26,[1 6],21,21,47,0,21
1,<environment.Job instance at 0x153626a135a0>,19,23,[9 1],26,27,50,1,27
1,<environment.Job instance at 0x153626a13280>,25,2,[10  1],34,50,52,16,34
1,<environment.Job instance at 0x153626a13fa0>,26,1,[9 1],35,52,53,17,35
1,<environment.Job instance at 0x153626a13eb0>,27,3,[5 1],36,36,39,0,36
1,<environment.Job instance at 0x153631b953c0>,28,3,[1 6],37,39,42,2,37
1,<environment.Job instance at 0x153631b95730>,29,3,[12  1],39,53,56,14,39
1,<environment.Job instance at 0x153631b95230>,30,20,[8 1],40,56,76,16,47
1,<environment.Job instance at 0x153631b95dc0>,32,3,[9 1],46,76,79,30,50
1,<environment.Job instance at 0x153631b95280>,34,2,[1 8],49,50,52,1,50
1,<environment.Job instance at 0x153631b954b0>,35,1,[2 6],50,50,51,0,50
1,<environment.Job instance at 0x153626993aa0>,36,2,[9 2],53,79,81,26,53
1,<environment.Job instance at 0x153626993140>,37,1,[ 2 10],57,57,58,0,57
1,<environment.Job instance at 0x153626a13190>,21,1,[5 2],28,145,146,117,145
1,<environment.Job instance at 0x153626993230>,40,3,[1 8],61,221,224,160,221
1,<environment.Job instance at 0x153626993730>,41,1,[8 1],63,231,232,168,231
1,<environment.Job instance at 0x1536269931e0>,42,16,[9 1],64,232,248,168,232
1,<environment.Job instance at 0x153626993370>,43,12,[7 2],66,300,312,234,300
1,<environment.Job instance at 0x153626993a50>,44,15,[ 2 10],72,386,401,314,386
1,<environment.Job instance at 0x153626993d70>,45,2,[5 2],73,422,424,349,422
1,<environment.Job instance at 0x153626993b90>,46,2,[7 2],74,426,428,352,426
1,<environment.Job instance at 0x153626993a00>,47,2,[5 2],76,436,438,360,436
1,<environment.Job instance at 0x1536269936e0>,48,1,[ 2 10],77,454,455,377,454
1,<environment.Job instance at 0x153626993cd0>,49,1,[6 2],78,463,464,385,463
1,<environment.Job instance at 0x1536377314b0>,50,2,[ 1 12],79,481,483,402,481
1,<environment.Job instance at 0x153637731230>,51,16,[2 9],80,491,507,411,491
1,<environment.Job instance at 0x153637731aa0>,52,2,[5 2],81,508,510,427,508
1,<environment.Job instance at 0x1536377311e0>,53,21,[5 1],82,508,529,426,508
1,<environment.Job instance at 0x153637731fa0>,54,3,[2 8],83,569,572,486,569
1,<environment.Job instance at 0x1536377319b0>,55,3,[8 2],85,624,627,539,624
1,<environment.Job instance at 0x153637731640>,56,1,[ 2 10],86,672,673,586,672
1,<environment.Job instance at 0x1536377315f0>,57,2,[1 6],87,684,686,597,684
1,<environment.Job instance at 0x153637731b40>,58,2,[8 1],88,698,700,610,698
1,<environment.Job instance at 0x153637731780>,59,1,[2 7],90,749,750,659,749
1,<environment.Job instance at 0x153637731280>,60,2,[1 8],91,816,818,725,816
1,<environment.Job instance at 0x153637731e10>,61,13,[7 1],92,817,830,725,817
1,<environment.Job instance at 0x153637731d70>,62,3,[ 2 10],95,824,827,729,824
1,<environment.Job instance at 0x153637731190>,63,2,[2 7],96,858,860,762,858
1,<environment.Job instance at 0x1536377318c0>,64,22,[ 2 10],97,861,883,764,861
1,<environment.Job instance at 0x153637731500>,65,2,[10  2],98,975,977,877,975
1,<environment.Job instance at 0x153637731550>,66,2,[1 7],99,984,986,885,984
1,<environment.Job instance at 0x153637710230>,67,3,[2 8],100,1062,1065,962,1062
1,<environment.Job instance at 0x153637731a00>,68,2,[6 2],101,1096,1098,995,1096
1,<environment.Job instance at 0x153637731b90>,69,1,[7 1],104,1128,1129,1024,1128
1,<environment.Job instance at 0x153626dc6410>,70,2,[5 2],105,1130,1132,1025,1130
1,<environment.Job instance at 0x153626dc6f00>,71,15,[1 9],106,1202,1217,1096,1202
1,<environment.Job instance at 0x153626dc6460>,72,3,[6 1],107,1202,1205,1095,1202
1,<environment.Job instance at 0x153626dc65a0>,73,2,[ 1 10],108,1221,1223,1113,1221
1,<environment.Job instance at 0x153626dc6cd0>,74,1,[7 1],109,1226,1227,1117,1226
1,<environment.Job instance at 0x153626dc6870>,75,1,[2 6],112,1253,1254,1141,1253
1,<environment.Job instance at 0x153626dc6230>,76,2,[10  2],113,1261,1263,1148,1261
1,<environment.Job instance at 0x153626dc6e10>,77,1,[5 1],114,1302,1303,1188,1302
1,<environment.Job instance at 0x153626dc67d0>,78,2,[8 2],115,1322,1324,1207,1322
1,<environment.Job instance at 0x153626dc60a0>,79,1,[6 1],116,1334,1335,1218,1334
1,<environment.Job instance at 0x15362c0c9fa0>,80,3,[8 1],118,1339,1342,1221,1339
1,<environment.Job instance at 0x1536302bd370>,81,15,[6 1],122,1366,1381,1244,1366
1,<environment.Job instance at 0x15363778a500>,82,2,[8 2],123,1401,1403,1278,1401
1,<environment.Job instance at 0x15362c124370>,83,17,[10  1],126,1417,1434,1291,1417
1,<environment.Job instance at 0x15362c124320>,84,3,[2 6],127,1494,1497,1367,1494
1,<environment.Job instance at 0x153626cf37d0>,85,2,[7 1],128,1505,1507,1377,1505
1,<environment.Job instance at 0x1536319c7190>,86,21,[6 1],130,1509,1530,1379,1509
1,<environment.Job instance at 0x1536376b35a0>,87,3,[ 2 13],132,1524,1527,1392,1524
1,<environment.Job instance at 0x153631b47d20>,88,14,[2 6],133,1549,1563,1416,1549
1,<environment.Job instance at 0x153631559410>,89,1,[ 2 10],134,1590,1591,1456,1590
1,<environment.Job instance at 0x153633bf0af0>,90,2,[2 8],135,1615,1617,1480,1615
1,<environment.Job instance at 0x153630282af0>,91,1,[1 7],138,1615,1616,1477,1615
1,<environment.Job instance at 0x153631b23fa0>,1,27,[5 2],2,3,30,1,3
1,<environment.Job instance at 0x15363771bc80>,3,1,[9 1],4,4,5,0,4
1,<environment.Job instance at 0x153631b29050>,4,1,[ 2 10],5,5,6,0,5
1,<environment.Job instance at 0x153631b29500>,7,1,[8 2],12,12,13,0,12
1,<environment.Job instance at 0x153631b29780>,9,2,[8 1],15,15,17,0,15
1,<environment.Job instance at 0x153631b201e0>,19,1,[1 7],30,30,31,0,30
1,<environment.Job instance at 0x153631b20280>,20,21,[9 1],31,31,52,0,31
1,<environment.Job instance at 0x153631b29f00>,18,28,[1 6],27,51,79,24,51
1,<environment.Job instance at 0x153631b38550>,37,1,[9 2],54,55,56,1,55
1,<environment.Job instance at 0x153631b38c30>,40,1,[8 1],58,59,60,1,59
1,<environment.Job instance at 0x153631b38d20>,41,1,[1 8],60,60,61,0,60
1,<environment.Job instance at 0x153631b38e10>,43,3,[1 9],62,62,65,0,62
1,<environment.Job instance at 0x153631b38eb0>,42,1,[2 9],61,65,66,4,63
1,<environment.Job instance at 0x153631b38fa0>,45,1,[7 2],65,66,67,1,65
1,<environment.Job instance at 0x153626c21370>,46,1,[10  1],66,67,68,1,66
1,<environment.Job instance at 0x153631b5d1e0>,48,2,[6 2],69,69,71,0,69
1,<environment.Job instance at 0x153631b5d870>,50,3,[2 9],71,71,74,0,71
1,<environment.Job instance at 0x153631b34870>,51,1,[1 6],72,74,75,2,72
1,<environment.Job instance at 0x153631b34b90>,52,1,[10  1],73,74,75,1,73
1,<environment.Job instance at 0x153631b34cd0>,53,17,[5 1],74,75,92,1,74
1,<environment.Job instance at 0x153631b34550>,54,1,[7 1],75,75,76,0,75
1,<environment.Job instance at 0x153631b34730>,55,3,[9 2],76,76,79,0,76
1,<environment.Job instance at 0x153631b34410>,56,2,[1 8],77,79,81,2,77
1,<environment.Job instance at 0x153631b38140>,33,20,[ 2 11],48,81,101,33,77
1,<environment.Job instance at 0x153631b342d0>,57,26,[8 1],78,79,105,1,79
1,<environment.Job instance at 0x153631b34d20>,58,3,[2 5],79,101,104,22,83
1,<environment.Job instance at 0x153626dde230>,62,17,[7 2],83,104,121,21,92
1,<environment.Job instance at 0x1536266524b0>,71,28,[14  1],98,121,149,23,120
1,<environment.Job instance at 0x1536266c7550>,61,21,[9 2],82,169,190,87,169
1,<environment.Job instance at 0x153626d84be0>,82,1,[1 5],111,174,175,63,174
1,<environment.Job instance at 0x153626d84c80>,81,2,[1 5],110,176,178,66,176
1,<environment.Job instance at 0x153626648190>,86,2,[2 6],116,236,238,120,236
1,<environment.Job instance at 0x1536266480a0>,87,1,[ 1 10],117,238,239,121,236
1,<environment.Job instance at 0x153626648b40>,88,1,[2 7],118,236,237,118,236
1,<environment.Job instance at 0x153626694fa0>,84,3,[9 2],113,238,241,125,238
1,<environment.Job instance at 0x153626648780>,90,17,[5 2],120,246,263,126,246
1,<environment.Job instance at 0x153626688190>,91,2,[5 1],122,250,252,128,250
1,<environment.Job instance at 0x1536266702d0>,92,2,[8 2],123,253,255,130,253
1,<environment.Job instance at 0x153626670190>,93,2,[12  1],125,263,265,138,255
1,<environment.Job instance at 0x1536266704b0>,94,14,[1 9],126,257,271,131,257
1,<environment.Job instance at 0x153626670550>,95,1,[2 8],127,271,272,144,258
1,<environment.Job instance at 0x153626670370>,96,18,[10  2],128,265,283,137,258
1,<environment.Job instance at 0x153626670c30>,97,12,[2 9],129,272,284,143,260
1,<environment.Job instance at 0x153626670960>,100,2,[1 8],133,311,313,178,311
1,<environment.Job instance at 0x153626670820>,103,3,[1 5],138,335,338,197,335
1,<environment.Job instance at 0x153626670500>,104,1,[10  1],139,337,338,198,337
1,<environment.Job instance at 0x153626d84b90>,78,2,[11  2],106,338,340,232,338
1,<environment.Job instance at 0x153626670b90>,99,3,[1 6],131,346,349,215,346
1,<environment.Job instance at 0x153626df20a0>,63,16,[5 2],84,398,414,314,398
1,<environment.Job instance at 0x153626861d70>,5,1,[1 6],6,6,7,0,6
1,<environment.Job instance at 0x15362731c5f0>,12,1,[ 2 13],18,18,19,0,18
1,<environment.Job instance at 0x153631a88820>,25,1,[5 2],39,40,41,1,40
1,<environment.Job instance at 0x153631a88af0>,27,1,[7 2],42,42,43,0,42
1,<environment.Job instance at 0x153631a88230>,28,1,[2 8],43,43,44,0,43
1,<environment.Job instance at 0x153631a884b0>,29,2,[2 9],44,44,46,0,44
1,<environment.Job instance at 0x153631a83aa0>,31,2,[7 1],47,47,49,0,47
1,<environment.Job instance at 0x153631a83be0>,32,1,[ 1 10],48,48,49,0,48
1,<environment.Job instance at 0x153631a83b90>,33,26,[2 5],49,49,75,0,49
1,<environment.Job instance at 0x153631a83820>,37,1,[1 8],55,55,56,0,55
1,<environment.Job instance at 0x15362685ea50>,45,2,[ 2 13],69,75,77,6,73
1,<environment.Job instance at 0x153631a21b90>,52,1,[2 6],78,78,79,0,78
1,<environment.Job instance at 0x153631a210a0>,53,1,[1 5],80,80,81,0,80
1,<environment.Job instance at 0x15362685e460>,47,28,[2 5],73,80,108,7,80
1,<environment.Job instance at 0x15362ffec230>,58,1,[1 6],88,101,102,13,101
1,<environment.Job instance at 0x1536273c9a00>,70,3,[2 7],104,109,112,5,109
1,<environment.Job instance at 0x1536273c9eb0>,72,2,[7 2],106,115,117,9,115
1,<environment.Job instance at 0x1536273c9870>,73,13,[10  1],108,117,130,9,116
1,<environment.Job instance at 0x1536273c9280>,75,2,[8 1],110,130,132,20,116
1,<environment.Job instance at 0x1536273c9690>,76,1,[6 2],111,116,117,5,116
1,<environment.Job instance at 0x1536273c9a50>,77,1,[9 1],112,132,133,20,116
1,<environment.Job instance at 0x1536273c9b40>,78,1,[2 5],114,116,117,2,116
1,<environment.Job instance at 0x153626680fa0>,79,3,[10  2],117,133,136,16,117
1,<environment.Job instance at 0x153631b3c1e0>,80,1,[2 7],118,118,119,0,118
1,<environment.Job instance at 0x153631b3c4b0>,81,2,[ 1 14],120,120,122,0,120
1,<environment.Job instance at 0x153626a37d20>,82,1,[7 2],121,130,131,9,121
1,<environment.Job instance at 0x153637752230>,89,26,[5 2],129,134,160,5,134
1,<environment.Job instance at 0x153631b5e230>,90,1,[8 2],130,136,137,6,134
1,<environment.Job instance at 0x153631b5efa0>,91,2,[2 6],131,136,138,5,134
1,<environment.Job instance at 0x153631b5ea50>,93,2,[1 7],134,137,139,3,134
1,<environment.Job instance at 0x15363254b5a0>,95,2,[6 1],136,138,140,2,136
1,<environment.Job instance at 0x15363254b0a0>,96,1,[5 1],137,140,141,3,137
1,<environment.Job instance at 0x15362ffec500>,59,2,[2 6],90,164,166,74,164
1,<environment.Job instance at 0x15362ffeca50>,60,2,[6 2],91,375,377,284,375
1,<environment.Job instance at 0x15362ffec460>,1,1,[ 1 10],5,5,6,0,5
1,<environment.Job instance at 0x153631cbb1e0>,6,22,[2 9],13,13,35,0,13
1,<environment.Job instance at 0x153631cbb730>,11,1,[ 1 12],24,35,36,11,24
1,<environment.Job instance at 0x153631cbb8c0>,12,1,[10  2],25,25,26,0,25
1,<environment.Job instance at 0x153631cbbc80>,15,12,[5 2],29,31,43,2,31
1,<environment.Job instance at 0x153631cbbfa0>,18,3,[5 1],33,33,36,0,33
1,<environment.Job instance at 0x153631cbbe10>,19,2,[13  1],34,43,45,9,34
1,<environment.Job instance at 0x153631cc4190>,20,1,[12  2],35,45,46,10,35
1,<environment.Job instance at 0x153631cbbe60>,17,20,[9 1],31,46,66,15,37
1,<environment.Job instance at 0x153631cc43c0>,21,1,[5 1],36,37,38,1,37
1,<environment.Job instance at 0x153631cda230>,46,1,[8 1],76,76,77,0,76
1,<environment.Job instance at 0x153631cda370>,47,3,[1 6],77,77,80,0,77
1,<environment.Job instance at 0x153631cda640>,49,1,[2 5],79,79,80,0,79
1,<environment.Job instance at 0x153631cc87d0>,42,1,[1 9],70,90,91,20,90
1,<environment.Job instance at 0x153631cda960>,53,1,[5 2],83,94,95,11,94
1,<environment.Job instance at 0x153631cda910>,54,12,[2 9],84,151,163,67,151
1,<environment.Job instance at 0x153631cdaa50>,55,1,[11  1],93,152,153,59,152
1,<environment.Job instance at 0x153631cdac30>,56,2,[5 1],94,166,168,72,166
1,<environment.Job instance at 0x153631cdadc0>,57,2,[1 6],95,169,171,74,169
1,<environment.Job instance at 0x153631cc8be0>,43,2,[2 6],71,171,173,100,171
1,<environment.Job instance at 0x153631cdae60>,58,2,[1 8],96,172,174,76,172
1,<environment.Job instance at 0x153631cdae10>,60,18,[10  2],99,173,191,74,172
1,<environment.Job instance at 0x153631cdad70>,61,1,[6 1],100,191,192,91,176
1,<environment.Job instance at 0x153631cdaaf0>,62,1,[2 9],101,191,192,90,191
1,<environment.Job instance at 0x153631cdaf50>,63,1,[1 5],102,202,203,100,202
1,<environment.Job instance at 0x153631cdc050>,64,16,[ 2 10],103,214,230,111,214
1,<environment.Job instance at 0x153631cdc190>,65,3,[5 1],104,215,218,111,215
1,<environment.Job instance at 0x153631cdc230>,66,3,[1 7],105,230,233,125,215
1,<environment.Job instance at 0x153631cdad20>,59,1,[6 1],97,216,217,119,216
1,<environment.Job instance at 0x153631cdc2d0>,67,3,[10  2],107,218,221,111,216
1,<environment.Job instance at 0x153631cdc410>,69,2,[9 2],111,221,223,110,217
1,<environment.Job instance at 0x153631cdc5a0>,70,2,[2 7],115,230,232,115,217
1,<environment.Job instance at 0x153631cdc640>,71,1,[8 1],116,223,224,107,220
1,<environment.Job instance at 0x153631cdc6e0>,72,15,[7 1],117,224,239,107,220
1,<environment.Job instance at 0x153631cdc4b0>,73,1,[1 8],118,233,234,115,224
1,<environment.Job instance at 0x153631cdc730>,74,12,[7 2],119,232,244,113,226
1,<environment.Job instance at 0x153631cdc7d0>,75,13,[1 9],120,234,247,114,233
1,<environment.Job instance at 0x153631cdc870>,76,2,[7 2],121,239,241,118,233
1,<environment.Job instance at 0x153631cdc910>,77,1,[ 2 10],122,247,248,125,233
1,<environment.Job instance at 0x153631cdc9b0>,78,16,[1 7],123,252,268,129,252
1,<environment.Job instance at 0x153631cdca50>,79,17,[5 2],125,252,269,127,252
1,<environment.Job instance at 0x153631cdcaf0>,80,3,[10  1],127,268,271,141,256
1,<environment.Job instance at 0x153631cdcb90>,81,1,[9 2],128,256,257,128,256
1,<environment.Job instance at 0x153631cdcd20>,82,17,[8 1],129,271,288,142,259
1,<environment.Job instance at 0x153631cdcdc0>,83,2,[1 5],130,260,262,130,260
1,<environment.Job instance at 0x153631cdcc30>,84,13,[1 9],131,269,282,138,261
1,<environment.Job instance at 0x153631cdce10>,85,2,[10  2],132,288,290,156,261
1,<environment.Job instance at 0x153631cdc1e0>,86,15,[9 1],134,290,305,156,281
1,<environment.Job instance at 0x153631cdcf50>,87,1,[1 5],135,285,286,150,285
1,<environment.Job instance at 0x153631cdceb0>,88,2,[1 9],136,285,287,149,285
1,<environment.Job instance at 0x153631cd0050>,89,2,[1 7],139,298,300,159,298
1,<environment.Job instance at 0x153631cdc370>,68,17,[9 2],109,316,333,207,316
1,<environment.Job instance at 0x15362733a550>,12,3,[2 5],14,14,17,0,14
1,<environment.Job instance at 0x153637670410>,5,2,[2 5],8,8,10,0,8
1,<environment.Job instance at 0x1536376704b0>,6,1,[1 7],9,9,10,0,9
1,<environment.Job instance at 0x1536376703c0>,7,1,[2 9],10,10,11,0,10
1,<environment.Job instance at 0x153637670cd0>,10,1,[7 2],15,15,16,0,15
1,<environment.Job instance at 0x153631c21910>,16,1,[1 7],22,22,23,0,22
1,<environment.Job instance at 0x153631c21e10>,17,1,[9 1],24,24,25,0,24
1,<environment.Job instance at 0x153632594af0>,27,3,[9 1],38,293,296,255,293
1,<environment.Job instance at 0x1536390f2e10>,36,2,[1 7],51,322,324,271,322
1,<environment.Job instance at 0x1536390f20f0>,37,2,[2 6],52,469,471,417,469
1,<environment.Job instance at 0x1536267ebe10>,38,3,[6 1],54,863,866,809,863
1,<environment.Job instance at 0x1536267eb460>,1,1,[5 2],2,2,3,0,2
1,<environment.Job instance at 0x153626e2bc80>,6,1,[1 5],8,9,10,1,9
1,<environment.Job instance at 0x153638ce1fa0>,8,2,[7 1],10,10,12,0,10
1,<environment.Job instance at 0x153626e2b190>,9,1,[10  1],11,12,13,1,12
1,<environment.Job instance at 0x153626e3d6e0>,14,2,[7 1],16,16,18,0,16
1,<environment.Job instance at 0x15362674a1e0>,21,1,[8 1],27,31,32,4,31
1,<environment.Job instance at 0x15362674aeb0>,24,2,[5 2],30,34,36,4,34
1,<environment.Job instance at 0x15362674ac80>,25,3,[1 5],31,34,37,3,34
1,<environment.Job instance at 0x15362674a0f0>,26,1,[1 5],33,34,35,1,34
1,<environment.Job instance at 0x153626822dc0>,30,3,[1 7],38,69,72,31,69
1,<environment.Job instance at 0x153626822cd0>,31,3,[7 1],39,69,72,30,69
1,<environment.Job instance at 0x153626822550>,32,2,[2 7],40,69,71,29,69
1,<environment.Job instance at 0x153626822f00>,34,1,[1 9],42,83,84,41,83
1,<environment.Job instance at 0x153626822fa0>,36,2,[1 8],45,96,98,51,96
1,<environment.Job instance at 0x153626e3ddc0>,18,2,[1 9],22,108,110,86,108
1,<environment.Job instance at 0x153626822c30>,40,3,[ 1 14],50,110,113,60,108
1,<environment.Job instance at 0x153626822e60>,41,3,[5 1],51,108,111,57,108
1,<environment.Job instance at 0x153626822730>,42,2,[8 1],53,108,110,55,108
1,<environment.Job instance at 0x153626822d20>,43,3,[9 1],54,111,114,57,108
1,<environment.Job instance at 0x153626822410>,44,3,[8 2],55,114,117,59,108
1,<environment.Job instance at 0x153626822be0>,45,12,[7 2],57,114,126,57,112
1,<environment.Job instance at 0x153631bbffa0>,46,2,[2 7],59,117,119,58,112
1,<environment.Job instance at 0x153631bbf320>,49,2,[1 9],63,129,131,66,129
1,<environment.Job instance at 0x153631bbf280>,50,23,[1 5],64,129,152,65,129
1,<environment.Job instance at 0x153631bbf870>,51,1,[8 1],65,129,130,64,129
1,<environment.Job instance at 0x153631bbf140>,53,1,[8 2],67,134,135,67,134
1,<environment.Job instance at 0x153631bbfc30>,54,2,[7 1],68,135,137,67,134
1,<environment.Job instance at 0x153631bbf500>,55,1,[5 1],69,134,135,65,134
1,<environment.Job instance at 0x1536325af550>,56,2,[2 8],70,135,137,65,134
1,<environment.Job instance at 0x1536325afb90>,59,2,[10  1],74,137,139,63,134
1,<environment.Job instance at 0x1536325af910>,60,22,[5 1],76,139,161,63,134
1,<environment.Job instance at 0x1536325af0a0>,63,3,[1 5],82,174,177,92,174
1,<environment.Job instance at 0x1536325afaf0>,64,2,[5 2],83,174,176,91,174
1,<environment.Job instance at 0x153631559640>,66,1,[7 2],86,187,188,101,187
1,<environment.Job instance at 0x153631559f50>,67,2,[2 8],87,187,189,100,187
1,<environment.Job instance at 0x153631559140>,69,3,[9 2],90,195,198,105,195
1,<environment.Job instance at 0x153631559780>,70,1,[ 2 10],91,195,196,104,195
1,<environment.Job instance at 0x153631559b40>,71,2,[6 2],92,196,198,104,195
1,<environment.Job instance at 0x153631559af0>,72,1,[1 5],94,198,199,104,195
1,<environment.Job instance at 0x153626876140>,73,2,[5 2],95,198,200,103,195
1,<environment.Job instance at 0x153626897dc0>,74,2,[8 1],96,198,200,102,195
1,<environment.Job instance at 0x153633c0e410>,75,2,[8 1],97,200,202,103,195
1,<environment.Job instance at 0x153626822e10>,38,3,[2 6],48,233,236,185,233
1,<environment.Job instance at 0x153626876640>,79,3,[2 7],101,234,237,133,234
1,<environment.Job instance at 0x153633bf3410>,80,18,[ 2 11],102,240,258,138,240
1,<environment.Job instance at 0x153631b8ff00>,82,16,[1 9],104,258,274,154,255
1,<environment.Job instance at 0x153635879e60>,84,13,[8 1],106,256,269,150,256
1,<environment.Job instance at 0x153627348d70>,83,2,[ 1 13],105,274,276,169,260
1,<environment.Job instance at 0x153626d811e0>,85,1,[6 1],107,260,261,153,260
1,<environment.Job instance at 0x153631bc4dc0>,87,1,[5 1],109,261,262,152,260
1,<environment.Job instance at 0x1536302e1d20>,92,2,[8 2],117,281,283,164,281
1,<environment.Job instance at 0x153626a13140>,93,2,[11  1],118,283,285,165,281
1,<environment.Job instance at 0x153626a13a50>,94,1,[8 2],119,285,286,166,281
1,<environment.Job instance at 0x153626a136e0>,95,12,[1 8],120,283,295,163,283
1,<environment.Job instance at 0x153626a133c0>,96,28,[ 2 10],121,295,323,174,294
1,<environment.Job instance at 0x1536302e1dc0>,88,3,[5 2],110,294,297,184,294
1,<environment.Job instance at 0x153626a13280>,98,14,[2 5],126,297,311,171,295
1,<environment.Job instance at 0x153626a13870>,100,1,[5 1],128,295,296,167,295
1,<environment.Job instance at 0x153626a13320>,99,2,[1 8],127,323,325,196,310
1,<environment.Job instance at 0x153626854c30>,102,2,[8 1],131,313,315,182,313
1,<environment.Job instance at 0x153626816050>,104,2,[1 5],134,327,329,193,327
1,<environment.Job instance at 0x153636ddc370>,106,1,[9 1],138,327,328,189,327
1,<environment.Job instance at 0x153636ddc140>,107,2,[9 1],139,328,330,189,327
1,<environment.Job instance at 0x153626816af0>,103,2,[6 2],133,330,332,197,330
1,<environment.Job instance at 0x153626e3d3c0>,19,2,[2 5],23,337,339,314,337
1,<environment.Job instance at 0x153626e3dfa0>,17,3,[ 1 11],21,342,345,321,342
1,<environment.Job instance at 0x153638ce1aa0>,4,2,[ 1 11],7,55,57,48,55
1,<environment.Job instance at 0x153631ac0c30>,19,2,[1 6],29,57,59,28,55
1,<environment.Job instance at 0x153631ac0c80>,22,1,[2 8],36,57,58,21,55
1,<environment.Job instance at 0x153631ac0eb0>,23,2,[10  1],37,55,57,18,55
1,<environment.Job instance at 0x153631ac0fa0>,26,26,[5 2],42,58,84,16,55
1,<environment.Job instance at 0x153631acf5a0>,32,18,[1 6],51,60,78,9,60
1,<environment.Job instance at 0x153631acff00>,34,3,[1 9],56,78,81,22,60
1,<environment.Job instance at 0x153631acfdc0>,35,1,[5 2],57,60,61,3,60
1,<environment.Job instance at 0x153631adb0a0>,36,1,[9 1],58,61,62,3,60
1,<environment.Job instance at 0x153631adb140>,37,23,[9 1],60,62,85,2,60
1,<environment.Job instance at 0x153631adb9b0>,45,1,[7 1],71,90,91,19,90
1,<environment.Job instance at 0x153631adbb90>,46,2,[10  1],72,91,93,19,90
1,<environment.Job instance at 0x153631adbc80>,47,1,[6 2],73,90,91,17,90
1,<environment.Job instance at 0x153631adbd20>,48,3,[6 2],74,93,96,19,90
1,<environment.Job instance at 0x153631adbe60>,49,3,[2 5],78,90,93,12,90
1,<environment.Job instance at 0x153631adbfa0>,50,2,[5 1],79,93,95,14,90
1,<environment.Job instance at 0x153631ac0050>,9,12,[7 2],12,194,206,182,194
1,<environment.Job instance at 0x153631ab5dc0>,8,3,[2 8],11,197,200,186,197
1,<environment.Job instance at 0x153631aa9eb0>,64,13,[6 1],98,214,227,116,214
1,<environment.Job instance at 0x153631aa9b90>,65,2,[1 9],99,229,231,130,229
1,<environment.Job instance at 0x153631aa9910>,63,2,[6 2],97,310,312,213,310
1,<environment.Job instance at 0x153631aa97d0>,66,3,[6 2],100,352,355,252,352
1,<environment.Job instance at 0x153631aa96e0>,68,2,[1 8],103,375,377,272,375
1,<environment.Job instance at 0x1536273e73c0>,69,17,[9 1],104,375,392,271,375
1,<environment.Job instance at 0x1536273e7d70>,70,2,[2 8],107,391,393,284,391
1,<environment.Job instance at 0x15362675b690>,71,14,[2 8],108,429,443,321,429
1,<environment.Job instance at 0x1536267f8a50>,72,1,[10  2],109,440,441,331,440
1,<environment.Job instance at 0x15362674c140>,73,17,[7 2],111,441,458,330,441
1,<environment.Job instance at 0x153631aa93c0>,67,3,[5 2],102,452,455,350,452
1,<environment.Job instance at 0x153631bbe5a0>,74,13,[8 1],114,483,496,369,483
1,<environment.Job instance at 0x153636d1c1e0>,76,18,[8 1],117,496,514,379,485
1,<environment.Job instance at 0x15362674c050>,77,1,[6 2],118,555,556,437,555
1,<environment.Job instance at 0x153636d59230>,75,2,[10  1],115,566,568,451,566
1,<environment.Job instance at 0x153636e3ce60>,78,1,[6 1],119,585,586,466,585
1,<environment.Job instance at 0x153627396cd0>,80,1,[5 1],123,625,626,502,625
1,<environment.Job instance at 0x153636e3c280>,79,1,[8 1],120,632,633,512,632
1,<environment.Job instance at 0x153631c65190>,81,2,[1 9],124,662,664,538,662
1,<environment.Job instance at 0x15362675d960>,82,3,[ 2 10],126,664,667,538,663
1,<environment.Job instance at 0x153631c65eb0>,83,2,[7 1],128,687,689,559,687
1,<environment.Job instance at 0x153636d03820>,85,1,[ 2 10],132,713,714,581,713
1,<environment.Job instance at 0x153636d03eb0>,84,2,[ 1 10],131,729,731,598,729
1,<environment.Job instance at 0x153636d03460>,86,3,[1 9],134,858,861,724,858
1,<environment.Job instance at 0x1536273f4960>,88,13,[ 1 10],137,1059,1072,922,1059
1,<environment.Job instance at 0x153636d03640>,87,17,[ 1 10],135,1442,1459,1307,1442
1,<environment.Job instance at 0x153631aa9500>,62,1,[14  2],96,1506,1507,1410,1506
1,<environment.Job instance at 0x153636d196e0>,1,1,[1 6],2,2,3,0,2
1,<environment.Job instance at 0x153636d19690>,2,1,[1 8],3,3,4,0,3
1,<environment.Job instance at 0x153636d19780>,4,2,[10  2],6,6,8,0,6
1,<environment.Job instance at 0x15362675bf00>,7,1,[5 2],11,12,13,1,12
1,<environment.Job instance at 0x15362675b410>,8,18,[10  2],12,12,30,0,12
1,<environment.Job instance at 0x15362675b780>,13,1,[2 9],18,52,53,34,52
1,<environment.Job instance at 0x15362675b5f0>,12,12,[5 2],17,62,74,45,62
1,<environment.Job instance at 0x15362675bc30>,5,2,[14  1],7,74,76,67,67
1,<environment.Job instance at 0x153626787820>,26,2,[8 1],46,67,69,21,67
1,<environment.Job instance at 0x153626787410>,29,2,[2 6],50,76,78,26,74
1,<environment.Job instance at 0x153636d23c80>,37,1,[2 8],64,96,97,32,96
1,<environment.Job instance at 0x153636d235a0>,38,2,[9 1],67,99,101,32,99
1,<environment.Job instance at 0x153636d23b40>,41,2,[6 2],72,104,106,32,104
1,<environment.Job instance at 0x153636d1cd70>,42,3,[5 2],77,109,112,32,109
1,<environment.Job instance at 0x153636d1cb40>,44,3,[1 5],80,111,114,31,111
1,<environment.Job instance at 0x153636d1c0f0>,45,1,[9 1],81,111,112,30,111
1,<environment.Job instance at 0x153636d1c140>,46,2,[1 7],83,112,114,29,111
1,<environment.Job instance at 0x153636d1cf00>,47,2,[2 5],84,114,116,30,112
1,<environment.Job instance at 0x153626787be0>,24,3,[6 2],40,977,980,937,977
1,<environment.Job instance at 0x153626753e10>,81,3,[9 1],131,1002,1005,871,1002
1,<environment.Job instance at 0x153626787e10>,22,1,[1 7],37,1005,1006,968,1005
1,<environment.Job instance at 0x153626753fa0>,82,3,[1 8],133,1989,1992,1856,1989
1,<environment.Job instance at 0x153626753e60>,84,1,[2 5],138,2703,2704,2565,2703
1,<environment.Job instance at 0x153626753e60>,2,2,[11  1],4,4,6,0,4
1,<environment.Job instance at 0x153626d71f50>,11,1,[1 8],15,15,16,0,15
1,<environment.Job instance at 0x153631b6a820>,15,1,[2 9],19,19,20,0,19
1,<environment.Job instance at 0x153631b6a3c0>,12,2,[2 5],16,22,24,6,22
1,<environment.Job instance at 0x153631b6ab40>,17,1,[9 1],23,23,24,0,23
1,<environment.Job instance at 0x153631b6ae10>,24,2,[ 1 10],31,32,34,1,32
1,<environment.Job instance at 0x153631b6ac30>,25,1,[9 1],32,32,33,0,32
1,<environment.Job instance at 0x153631b64460>,26,2,[1 5],33,33,35,0,33
1,<environment.Job instance at 0x153631b645a0>,27,1,[6 2],34,34,35,0,34
1,<environment.Job instance at 0x153631b646e0>,28,3,[7 2],36,36,39,0,36
1,<environment.Job instance at 0x153631b64a00>,30,19,[5 1],38,38,57,0,38
1,<environment.Job instance at 0x153631b64b40>,31,1,[5 2],40,40,41,0,40
1,<environment.Job instance at 0x153631b769b0>,46,16,[6 1],64,85,101,21,85
1,<environment.Job instance at 0x153631b76af0>,47,1,[8 2],65,85,86,20,85
1,<environment.Job instance at 0x153631b76a50>,48,2,[ 2 10],66,86,88,20,85
1,<environment.Job instance at 0x153631b6a5f0>,21,3,[5 1],28,86,89,58,85
1,<environment.Job instance at 0x153631b76d20>,50,1,[ 1 10],72,88,89,16,86
1,<environment.Job instance at 0x153631b905a0>,59,18,[8 1],82,122,140,40,122
1,<environment.Job instance at 0x153631b90410>,58,27,[7 1],81,122,149,41,122
1,<environment.Job instance at 0x153631b90820>,62,2,[2 6],86,140,142,54,124
1,<environment.Job instance at 0x153631b90d20>,66,1,[8 1],94,142,143,48,124
1,<environment.Job instance at 0x153631b90f00>,67,1,[8 1],95,143,144,48,124
1,<environment.Job instance at 0x153631b6acd0>,22,3,[9 2],29,224,227,195,224
1,<environment.Job instance at 0x153631b6aeb0>,23,14,[ 1 12],30,247,261,217,247
1,<environment.Job instance at 0x1536268f1e10>,10,2,[7 2],17,17,19,0,17
1,<environment.Job instance at 0x153626e18c30>,14,3,[8 1],22,30,33,8,30
1,<environment.Job instance at 0x153626e18050>,17,15,[10  1],26,33,48,7,31
1,<environment.Job instance at 0x153626e18c80>,18,17,[6 1],28,48,65,20,37
1,<environment.Job instance at 0x1536263b6230>,19,21,[2 6],29,37,58,8,37
1,<environment.Job instance at 0x153626e18730>,15,1,[7 1],24,61,62,37,61
1,<environment.Job instance at 0x15363776bc30>,20,15,[5 2],30,62,77,32,62
1,<environment.Job instance at 0x153626357eb0>,21,13,[6 2],31,73,86,42,73
1,<environment.Job instance at 0x1536268f1230>,11,2,[13  1],18,148,150,130,148
1,<environment.Job instance at 0x1536263b6eb0>,22,2,[5 2],33,150,152,117,148
1,<environment.Job instance at 0x153638652b40>,13,3,[6 2],20,150,153,130,148
1,<environment.Job instance at 0x153639928550>,31,2,[ 1 10],46,148,150,102,148
1,<environment.Job instance at 0x153631560aa0>,36,24,[9 2],51,152,176,101,148
1,<environment.Job instance at 0x15363984e910>,44,3,[1 7],64,169,172,105,169
1,<environment.Job instance at 0x1536377a7a50>,45,1,[6 2],65,172,173,107,169
1,<environment.Job instance at 0x15363984ea50>,46,15,[7 2],66,176,191,110,171
1,<environment.Job instance at 0x153626747dc0>,49,2,[1 5],69,173,175,104,171
1,<environment.Job instance at 0x1536376794b0>,50,2,[6 1],70,175,177,105,171
1,<environment.Job instance at 0x153626db6c80>,30,2,[1 8],43,177,179,134,177
1,<environment.Job instance at 0x1536264589b0>,53,1,[ 2 10],75,183,184,108,183
1,<environment.Job instance at 0x153626458730>,54,2,[2 8],78,184,186,106,183
1,<environment.Job instance at 0x15362647d3c0>,67,1,[9 1],97,204,205,107,204
1,<environment.Job instance at 0x153636d2c6e0>,74,1,[1 6],106,226,227,120,226
1,<environment.Job instance at 0x153636d2c730>,79,1,[8 2],116,227,228,111,227
1,<environment.Job instance at 0x153636d2cdc0>,83,1,[1 6],122,229,230,107,229
1,<environment.Job instance at 0x153636d2c780>,84,1,[8 1],126,229,230,103,229
1,<environment.Job instance at 0x153636d2c9b0>,85,1,[10  1],127,230,231,103,229
1,<environment.Job instance at 0x1536267475f0>,52,17,[8 1],73,285,302,212,285
1,<environment.Job instance at 0x1536269401e0>,94,3,[13  1],137,343,346,206,343
1,<environment.Job instance at 0x1536324f6c30>,24,3,[2 5],35,366,369,331,366
1,<environment.Job instance at 0x153638c94c80>,1,1,[10  1],5,6,7,1,6
1,<environment.Job instance at 0x153626760640>,4,1,[2 9],8,8,9,0,8
1,<environment.Job instance at 0x153626760320>,7,1,[1 6],16,16,17,0,16
1,<environment.Job instance at 0x15362fdc20a0>,12,3,[ 2 10],22,22,25,0,22
1,<environment.Job instance at 0x15362fdc21e0>,11,26,[ 2 10],21,27,53,6,27
1,<environment.Job instance at 0x153626a56050>,22,1,[8 2],39,74,75,35,74
1,<environment.Job instance at 0x153626a562d0>,23,1,[1 6],40,74,75,34,74
1,<environment.Job instance at 0x153626a56550>,24,2,[1 8],41,75,77,34,74
1,<environment.Job instance at 0x153626a565a0>,27,1,[5 1],44,104,105,60,104
1,<environment.Job instance at 0x15362652f2d0>,30,1,[1 8],47,106,107,59,106
1,<environment.Job instance at 0x15362652f550>,31,2,[10  2],48,106,108,58,106
1,<environment.Job instance at 0x15362652ff50>,32,1,[9 2],49,108,109,59,106
1,<environment.Job instance at 0x15362652f5a0>,34,1,[10  1],52,123,124,71,123
1,<environment.Job instance at 0x15362652f690>,35,23,[5 2],54,123,146,69,123
1,<environment.Job instance at 0x153626a56820>,19,1,[1 8],36,151,152,115,151
1,<environment.Job instance at 0x15362652f7d0>,39,1,[1 6],59,171,172,112,171
1,<environment.Job instance at 0x15362652faa0>,42,12,[11  1],63,175,187,112,175
1,<environment.Job instance at 0x153632908500>,43,18,[2 9],64,179,197,115,179
1,<environment.Job instance at 0x153632908370>,44,2,[2 8],65,197,199,132,180
1,<environment.Job instance at 0x153632908e60>,45,14,[9 1],66,187,201,121,186
1,<environment.Job instance at 0x153632908640>,46,16,[5 1],68,199,215,131,198
1,<environment.Job instance at 0x1536265aa0f0>,47,28,[5 2],69,201,229,132,200
1,<environment.Job instance at 0x153632908dc0>,48,3,[7 2],71,215,218,144,208
1,<environment.Job instance at 0x1536265aac80>,49,2,[2 7],72,223,225,151,223
1,<environment.Job instance at 0x153632908550>,41,3,[ 2 12],62,225,228,163,223
1,<environment.Job instance at 0x1536265aa4b0>,51,1,[10  2],75,228,229,153,223
1,<environment.Job instance at 0x1536265aad70>,52,2,[ 1 10],78,229,231,151,223
1,<environment.Job instance at 0x1536265aa960>,53,1,[9 2],79,229,230,150,223
1,<environment.Job instance at 0x1536265aaa50>,50,3,[2 9],74,244,247,170,244
1,<environment.Job instance at 0x1536265aa0a0>,55,18,[ 2 10],84,249,267,165,249
1,<environment.Job instance at 0x1536265aa820>,56,1,[ 1 10],86,276,277,190,276
1,<environment.Job instance at 0x153626910be0>,57,1,[2 6],87,284,285,197,284
1,<environment.Job instance at 0x153626910e10>,58,1,[2 6],88,294,295,206,294
1,<environment.Job instance at 0x153626578a50>,61,1,[7 2],92,336,337,244,336
1,<environment.Job instance at 0x153626578640>,63,2,[1 9],94,336,338,242,336
1,<environment.Job instance at 0x153626578eb0>,64,1,[5 1],95,336,337,241,336
1,<environment.Job instance at 0x153626578370>,65,3,[6 2],97,338,341,241,338
1,<environment.Job instance at 0x153626578fa0>,68,3,[2 8],101,348,351,247,348
1,<environment.Job instance at 0x153626578aa0>,69,26,[2 6],102,348,374,246,348
1,<environment.Job instance at 0x153626578e10>,70,1,[2 6],103,351,352,248,348
1,<environment.Job instance at 0x153626856410>,72,3,[ 2 10],105,376,379,271,376
1,<environment.Job instance at 0x153626578f00>,66,2,[2 7],98,387,389,289,387
1,<environment.Job instance at 0x1536264364b0>,74,1,[ 2 10],107,389,390,282,389
1,<environment.Job instance at 0x1536264361e0>,75,3,[ 2 10],108,391,394,283,391
1,<environment.Job instance at 0x153626a137d0>,76,2,[5 1],109,391,393,282,391
1,<environment.Job instance at 0x15362727f1e0>,77,12,[1 9],112,394,406,282,394
1,<environment.Job instance at 0x15362727f8c0>,78,1,[1 9],113,406,407,293,404
1,<environment.Job instance at 0x15362727f0a0>,79,21,[2 7],114,407,428,293,407
1,<environment.Job instance at 0x153626a56500>,20,2,[5 2],37,417,419,380,417
1,<environment.Job instance at 0x153626c33b90>,80,3,[8 2],115,419,422,304,419
1,<environment.Job instance at 0x153636cee410>,82,2,[9 2],117,426,428,309,426
1,<environment.Job instance at 0x153636cee190>,83,2,[7 1],118,428,430,310,427
1,<environment.Job instance at 0x153638648190>,84,1,[1 6],119,427,428,308,427
1,<environment.Job instance at 0x1536328e3370>,85,27,[2 7],120,429,456,309,429
1,<environment.Job instance at 0x153627311fa0>,86,1,[1 9],121,456,457,335,431
1,<environment.Job instance at 0x153632910aa0>,87,13,[1 6],122,432,445,310,432
1,<environment.Job instance at 0x1536273ce7d0>,88,3,[5 1],123,432,435,309,432
1,<environment.Job instance at 0x153636cec190>,90,2,[1 6],127,445,447,318,432
1,<environment.Job instance at 0x1536302e05f0>,92,3,[ 2 13],134,467,470,333,467
1,<environment.Job instance at 0x1536267dc460>,93,2,[2 8],135,470,472,335,467
1,<environment.Job instance at 0x153638cbd0f0>,95,21,[1 5],139,470,491,331,467
1,<environment.Job instance at 0x153636ce8d20>,89,15,[7 2],124,470,485,346,470
1,<environment.Job instance at 0x153626a56e60>,17,14,[13  1],33,485,499,452,473
1,<environment.Job instance at 0x153626c33410>,81,3,[1 7],116,481,484,365,481
1,<environment.Job instance at 0x153627294c80>,5,3,[10  1],6,8,11,2,8
1,<environment.Job instance at 0x153627294be0>,4,3,[8 1],5,15,18,10,15
1,<environment.Job instance at 0x1536267ab190>,17,2,[2 9],21,22,24,1,22
1,<environment.Job instance at 0x1536267abe10>,19,2,[7 1],23,23,25,0,23
1,<environment.Job instance at 0x153626508d20>,26,1,[2 7],33,33,34,0,33
1,<environment.Job instance at 0x153626508f50>,28,1,[2 9],36,36,37,0,36
1,<environment.Job instance at 0x153626508c30>,29,1,[ 1 10],38,40,41,2,40
1,<environment.Job instance at 0x153626842e10>,37,2,[ 1 12],47,47,49,0,47
1,<environment.Job instance at 0x1536390d9b90>,34,22,[2 8],44,49,71,5,48
1,<environment.Job instance at 0x153632563f50>,48,2,[2 8],63,71,73,8,69
1,<environment.Job instance at 0x153632563fa0>,55,14,[7 1],75,75,89,0,75
1,<environment.Job instance at 0x153632563e60>,56,3,[2 6],76,76,79,0,76
1,<environment.Job instance at 0x153626a13a50>,57,3,[8 1],77,79,82,2,77
1,<environment.Job instance at 0x15362c125c80>,58,1,[6 1],78,78,79,0,78
1,<environment.Job instance at 0x15362692da00>,59,3,[6 1],79,82,85,3,79
1,<environment.Job instance at 0x153626932320>,60,3,[9 1],80,89,92,9,80
1,<environment.Job instance at 0x153638646aa0>,61,3,[2 9],81,82,85,1,81
1,<environment.Job instance at 0x15362661b320>,62,14,[2 5],82,85,99,3,82
1,<environment.Job instance at 0x153632908aa0>,63,1,[10  2],85,92,93,7,85
1,<environment.Job instance at 0x153632908780>,64,1,[5 1],86,86,87,0,86
1,<environment.Job instance at 0x153635885a50>,66,2,[5 1],88,93,95,5,88
1,<environment.Job instance at 0x153626e33500>,68,2,[2 8],92,92,94,0,92
1,<environment.Job instance at 0x153626871820>,69,1,[ 1 10],93,95,96,2,93
1,<environment.Job instance at 0x1536325632d0>,51,3,[9 2],68,96,99,28,93
1,<environment.Job instance at 0x153637670460>,72,1,[2 8],97,97,98,0,97
1,<environment.Job instance at 0x153626711780>,73,1,[5 1],98,99,100,1,98
1,<environment.Job instance at 0x153638cd6280>,74,3,[5 1],99,99,102,0,99
1,<environment.Job instance at 0x1536263f61e0>,81,15,[5 2],112,2366,2381,2254,2366
1,<environment.Job instance at 0x1526c79f6a50>,3,1,[6 2],4,4,5,0,4
1,<environment.Job instance at 0x1526c79ec190>,25,2,[2 8],34,34,36,0,34
1,<environment.Job instance at 0x1526c79ec230>,26,1,[2 7],35,35,36,0,35
1,<environment.Job instance at 0x1526c79eba50>,27,2,[2 7],36,36,38,0,36
1,<environment.Job instance at 0x1526c79eb6e0>,28,2,[2 7],37,37,39,0,37
1,<environment.Job instance at 0x1526c79eb960>,31,3,[9 2],41,53,56,12,53
1,<environment.Job instance at 0x1526c79ebaf0>,32,3,[2 9],42,53,56,11,53
1,<environment.Job instance at 0x1526c79ebb90>,33,1,[2 7],43,56,57,13,53
1,<environment.Job instance at 0x1526c79ec280>,23,2,[8 1],31,2654,2656,2623,2654
1,<environment.Job instance at 0x1526c7ef7190>,4,3,[5 2],6,16,19,10,16
1,<environment.Job instance at 0x1526c7ef7280>,3,1,[8 1],4,242,243,238,242
1,<environment.Job instance at 0x1526c7ef7780>,8,1,[1 7],10,300,301,290,300
1,<environment.Job instance at 0x1526c7ef7f50>,7,1,[1 6],9,347,348,338,347
1,<environment.Job instance at 0x1526c79ec5f0>,11,1,[1 8],16,348,349,332,348
1,<environment.Job instance at 0x1526c7ef79b0>,9,3,[9 1],13,359,362,346,359
1,<environment.Job instance at 0x1526ca2c6730>,12,15,[1 6],17,371,386,354,371
1,<environment.Job instance at 0x1526ca2c65f0>,13,3,[7 2],18,403,406,385,403
1,<environment.Job instance at 0x1526ca2c6c30>,15,3,[1 7],21,411,414,390,411
1,<environment.Job instance at 0x1526ca2c6870>,16,13,[ 1 14],22,417,430,395,417
1,<environment.Job instance at 0x1526ca2c6cd0>,17,27,[1 8],23,437,464,414,437
1,<environment.Job instance at 0x1526ca2c6f50>,18,3,[1 9],24,464,467,440,464
1,<environment.Job instance at 0x1526c9728b40>,19,2,[7 2],25,484,486,459,484
1,<environment.Job instance at 0x1526c9728140>,20,12,[6 1],26,487,499,461,487
1,<environment.Job instance at 0x1526c9728690>,21,28,[2 8],29,491,519,462,491
1,<environment.Job instance at 0x1526ca2c6eb0>,14,2,[1 8],19,582,584,563,582
1,<environment.Job instance at 0x1526c97289b0>,22,3,[5 1],33,627,630,594,627
1,<environment.Job instance at 0x1526c9728730>,24,3,[ 2 10],36,773,776,737,773
1,<environment.Job instance at 0x1526c9728aa0>,25,2,[1 9],38,781,783,743,781
1,<environment.Job instance at 0x1526c9728780>,26,2,[ 2 10],41,808,810,767,808
1,<environment.Job instance at 0x1526c9728c30>,27,3,[5 2],42,814,817,772,814
1,<environment.Job instance at 0x1526c9728af0>,28,15,[2 7],43,847,862,804,847
1,<environment.Job instance at 0x1526c9728d20>,29,2,[ 2 10],44,875,877,831,875
1,<environment.Job instance at 0x1526c9728dc0>,30,2,[2 9],45,943,945,898,943
1,<environment.Job instance at 0x1526c9728320>,31,17,[ 2 10],46,952,969,906,952
1,<environment.Job instance at 0x1526c9728a00>,32,19,[ 1 10],48,969,988,921,969
1,<environment.Job instance at 0x1526c9728190>,33,2,[9 1],49,976,978,927,976
1,<environment.Job instance at 0x1526c9728230>,34,3,[5 2],50,1005,1008,955,1005
1,<environment.Job instance at 0x1526c9728e10>,35,2,[ 1 10],51,1036,1038,985,1036
1,<environment.Job instance at 0x1526c9728820>,36,13,[ 2 10],52,1038,1051,986,1038
1,<environment.Job instance at 0x1526c97281e0>,37,1,[1 7],53,1052,1053,999,1052
1,<environment.Job instance at 0x1526c9728910>,38,1,[2 9],54,1111,1112,1057,1111
1,<environment.Job instance at 0x1526c9728960>,39,15,[1 7],55,1160,1175,1105,1160
1,<environment.Job instance at 0x1526c97287d0>,23,15,[1 7],35,1172,1187,1137,1172
1,<environment.Job instance at 0x1526c9728370>,40,3,[ 2 10],57,1280,1283,1223,1280
1,<environment.Job instance at 0x1526c7ef98c0>,42,12,[7 1],60,1289,1301,1229,1289
1,<environment.Job instance at 0x1526c7ef9870>,43,2,[8 2],61,1294,1296,1233,1294
1,<environment.Job instance at 0x1526c7ef9cd0>,44,3,[8 1],62,1304,1307,1242,1304
1,<environment.Job instance at 0x1526c7ef9d20>,45,2,[2 5],63,1304,1306,1241,1304
1,<environment.Job instance at 0x1526c7ef90f0>,46,3,[6 1],64,1310,1313,1246,1310
1,<environment.Job instance at 0x1526c7ef9140>,41,14,[10  1],59,1313,1327,1254,1311
1,<environment.Job instance at 0x1526c7ef9370>,48,3,[ 2 10],67,1315,1318,1248,1315
1,<environment.Job instance at 0x1526c7ef9190>,47,2,[10  1],65,1327,1329,1262,1317
1,<environment.Job instance at 0x1526c7ef96e0>,50,16,[1 6],69,1333,1349,1264,1333
1,<environment.Job instance at 0x1526c7ef93c0>,51,17,[1 6],71,1346,1363,1275,1346
1,<environment.Job instance at 0x1526c7ef9320>,52,17,[7 1],72,1358,1375,1286,1358
1,<environment.Job instance at 0x1526c7ef9690>,53,1,[2 6],73,1378,1379,1305,1378
1,<environment.Job instance at 0x1526c7ef9fa0>,54,16,[9 1],76,1385,1401,1309,1385
1,<environment.Job instance at 0x1526c7ef99b0>,55,15,[9 2],80,1401,1416,1321,1389
1,<environment.Job instance at 0x1526c7ef9c80>,56,1,[9 1],81,1416,1417,1335,1411
1,<environment.Job instance at 0x1526c7ef9550>,57,12,[1 5],82,1412,1424,1330,1412
1,<environment.Job instance at 0x1526c7ef94b0>,49,18,[8 1],68,1430,1448,1362,1430
1,<environment.Job instance at 0x1526c7ef9be0>,59,1,[9 1],85,1457,1458,1372,1457
1,<environment.Job instance at 0x1526c7ef9230>,58,2,[6 2],83,1460,1462,1377,1460
1,<environment.Job instance at 0x1526c7ef9460>,61,1,[ 1 10],87,1460,1461,1373,1460
1,<environment.Job instance at 0x1526c7ef90a0>,60,2,[8 1],86,1473,1475,1387,1473
1,<environment.Job instance at 0x1526c7ef9f50>,62,2,[1 5],89,1475,1477,1386,1475
1,<environment.Job instance at 0x1526cf30e460>,64,2,[10  2],91,1480,1482,1389,1480
1,<environment.Job instance at 0x1526cf30e370>,65,3,[2 8],95,1498,1501,1403,1498
1,<environment.Job instance at 0x1526cf30e500>,66,1,[2 6],96,1529,1530,1433,1529
1,<environment.Job instance at 0x1526cf30e780>,67,2,[1 6],97,1534,1536,1437,1534
1,<environment.Job instance at 0x1526cf30e230>,68,18,[7 2],99,1535,1553,1436,1535
1,<environment.Job instance at 0x1526cf30e0a0>,69,1,[2 8],102,1572,1573,1470,1572
1,<environment.Job instance at 0x1526cf30e190>,70,18,[10  1],106,1573,1591,1467,1573
1,<environment.Job instance at 0x1526cf30e3c0>,71,2,[7 2],107,1631,1633,1524,1631
1,<environment.Job instance at 0x1526cf30e550>,63,3,[1 5],90,1635,1638,1545,1635
1,<environment.Job instance at 0x1526cf30eeb0>,73,14,[2 8],109,1638,1652,1529,1638
1,<environment.Job instance at 0x1526cf30ea00>,72,2,[2 5],108,1659,1661,1551,1659
1,<environment.Job instance at 0x1526cf30efa0>,75,1,[7 2],113,1670,1671,1557,1670
1,<environment.Job instance at 0x1526cf30ef50>,74,3,[8 1],112,1686,1689,1574,1686
1,<environment.Job instance at 0x1526cf30ec80>,76,2,[5 2],114,1697,1699,1583,1697
1,<environment.Job instance at 0x1526cf30eb40>,78,14,[6 1],117,1698,1712,1581,1698
1,<environment.Job instance at 0x1526cf30e9b0>,79,15,[2 8],118,1711,1726,1593,1711
1,<environment.Job instance at 0x1526cf30ed70>,80,16,[1 7],119,1736,1752,1617,1736
1,<environment.Job instance at 0x1526cf30ea50>,81,13,[ 1 11],121,1771,1784,1650,1771
1,<environment.Job instance at 0x1526cf30eb90>,82,2,[6 2],122,1790,1792,1668,1790
1,<environment.Job instance at 0x1526cf30ec30>,83,1,[1 5],123,1790,1791,1667,1790
1,<environment.Job instance at 0x1526cf30e910>,84,16,[1 7],124,1793,1809,1669,1793
1,<environment.Job instance at 0x1526cf30e640>,85,3,[ 2 10],125,1834,1837,1709,1834
1,<environment.Job instance at 0x1526cf30ecd0>,86,3,[ 1 13],126,1913,1916,1787,1913
1,<environment.Job instance at 0x1526c7f133c0>,87,3,[1 5],129,1929,1932,1800,1929
1,<environment.Job instance at 0x1526c7f13be0>,88,21,[ 2 13],130,1932,1953,1802,1930
1,<environment.Job instance at 0x1526c7f13d70>,89,1,[2 8],131,1967,1968,1836,1967
1,<environment.Job instance at 0x1526c7f13dc0>,90,1,[7 1],132,1973,1974,1841,1973
1,<environment.Job instance at 0x1526c7f13f50>,91,18,[5 2],133,1975,1993,1842,1975
1,<environment.Job instance at 0x1526c7f13230>,92,2,[8 2],135,1988,1990,1853,1988
1,<environment.Job instance at 0x1526c7f13690>,93,3,[1 7],136,1996,1999,1860,1996
1,<environment.Job instance at 0x1526c7f137d0>,94,18,[8 1],137,1997,2015,1860,1997
1,<environment.Job instance at 0x1526c7f13cd0>,95,1,[5 2],138,2066,2067,1928,2066
1,<environment.Job instance at 0x1526c7f138c0>,96,1,[1 8],139,2088,2089,1949,2088
1,<environment.Job instance at 0x1526c7f13190>,97,3,[1 7],140,2090,2093,1950,2090
1,<environment.Job instance at 0x1526cf30ef00>,77,2,[ 2 12],116,2101,2103,1985,2101
1,<environment.Job instance at 0x1526c7f13050>,98,2,[5 2],142,2107,2109,1965,2107
1,<environment.Job instance at 0x1526c7f13c80>,100,2,[5 2],145,2119,2121,1974,2119
1,<environment.Job instance at 0x1526c7f130f0>,101,1,[1 6],147,2132,2133,1985,2132
1,<environment.Job instance at 0x1526c7f13aa0>,102,12,[7 1],148,2136,2148,1988,2136
1,<environment.Job instance at 0x1526c7eb6f50>,103,2,[10  1],149,2148,2150,1999,2148
1,<environment.Job instance at 0x1526c7f135f0>,99,2,[1 7],144,2607,2609,2463,2607
1,<environment.Job instance at 0x1526c9662a50>,11,3,[7 2],18,18,21,0,18
1,<environment.Job instance at 0x1526c96d9fa0>,12,21,[7 2],20,20,41,0,20
1,<environment.Job instance at 0x1526c96d95f0>,13,13,[5 2],21,32,45,11,32
1,<environment.Job instance at 0x1526c96d9910>,20,2,[10  1],33,41,43,8,33
1,<environment.Job instance at 0x1526c96d9d70>,21,3,[1 9],34,34,37,0,34
1,<environment.Job instance at 0x1526c96d9410>,19,20,[8 2],32,43,63,11,38
1,<environment.Job instance at 0x1526c96f7190>,23,2,[2 7],41,43,45,2,41
1,<environment.Job instance at 0x1526c96f7eb0>,24,2,[9 2],42,63,65,21,42
1,<environment.Job instance at 0x1526c9726640>,29,1,[1 8],48,53,54,5,53
1,<environment.Job instance at 0x1526c965aa00>,36,2,[ 2 12],60,60,62,0,60
1,<environment.Job instance at 0x1526c965a410>,37,1,[6 2],61,64,65,3,64
1,<environment.Job instance at 0x1526c965a2d0>,39,15,[ 1 11],67,67,82,0,67
1,<environment.Job instance at 0x1526c965a370>,40,2,[8 1],68,68,70,0,68
1,<environment.Job instance at 0x1526c965ae10>,41,2,[1 9],71,82,84,11,71
1,<environment.Job instance at 0x1526c96c7e60>,42,2,[1 6],72,82,84,10,72
1,<environment.Job instance at 0x1526c96c7140>,43,1,[1 9],73,84,85,11,73
1,<environment.Job instance at 0x1526c96c7b90>,44,3,[1 8],74,85,88,11,74
1,<environment.Job instance at 0x1526c96c7c30>,45,1,[9 2],75,75,76,0,75
1,<environment.Job instance at 0x1526ca1a2550>,49,1,[7 2],81,84,85,3,83
1,<environment.Job instance at 0x1526cf2a9050>,52,1,[6 2],85,85,86,0,85
1,<environment.Job instance at 0x1526cea64a00>,54,14,[7 2],87,87,101,0,87
1,<environment.Job instance at 0x1526c96b95f0>,55,2,[ 1 10],89,89,91,0,89
1,<environment.Job instance at 0x1526c9648fa0>,56,3,[10  2],90,101,104,11,90
1,<environment.Job instance at 0x1526c95df960>,57,2,[2 9],91,91,93,0,91
1,<environment.Job instance at 0x1526c95dfbe0>,60,16,[1 5],98,103,119,5,103
1,<environment.Job instance at 0x1526c96750f0>,64,1,[2 7],104,104,105,0,104
1,<environment.Job instance at 0x1526c9675780>,65,2,[10  2],105,105,107,0,105
1,<environment.Job instance at 0x1526c9675c80>,66,2,[6 1],106,107,109,1,106
1,<environment.Job instance at 0x1526c96752d0>,67,3,[9 2],108,109,112,1,108
1,<environment.Job instance at 0x1526c96dd280>,69,2,[5 2],112,112,114,0,112
1,<environment.Job instance at 0x1526c96dd1e0>,71,2,[9 2],115,115,117,0,115
1,<environment.Job instance at 0x1526c96dddc0>,72,1,[7 2],116,117,118,1,116
1,<environment.Job instance at 0x1526c96dd8c0>,78,2,[2 9],125,125,127,0,125
1,<environment.Job instance at 0x1526c962aaa0>,79,2,[2 5],126,126,128,0,126
1,<environment.Job instance at 0x1526c9726b40>,30,13,[1 7],50,188,201,138,188
1,<environment.Job instance at 0x1526c965a550>,38,3,[2 7],63,196,199,133,196
1,<environment.Job instance at 0x1526c406cbe0>,7,3,[10  1],11,11,14,0,11
1,<environment.Job instance at 0x1526c406c3c0>,8,2,[1 7],12,12,14,0,12
1,<environment.Job instance at 0x1526c41158c0>,14,1,[2 8],20,439,440,419,439
1,<environment.Job instance at 0x15269a618d20>,5,16,[1 5],11,16,32,5,16
1,<environment.Job instance at 0x15269a61b190>,10,26,[2 8],18,19,45,1,19
1,<environment.Job instance at 0x15269ab96550>,29,2,[6 1],49,49,51,0,49
1,<environment.Job instance at 0x15269ab965a0>,30,2,[ 1 10],50,52,54,2,52
1,<environment.Job instance at 0x1526c41d4e60>,27,21,[1 8],46,54,75,8,53
1,<environment.Job instance at 0x15269ab96be0>,32,2,[5 1],53,62,64,9,62
1,<environment.Job instance at 0x1526c4119c80>,37,1,[5 1],63,72,73,9,72
1,<environment.Job instance at 0x1526c41c85a0>,44,1,[ 1 12],76,104,105,28,104
1,<environment.Job instance at 0x1526c41dc050>,48,1,[2 9],84,105,106,21,104
1,<environment.Job instance at 0x15269a6468c0>,49,2,[7 2],85,104,106,19,104
1,<environment.Job instance at 0x15269a3e1690>,13,3,[7 1],16,16,19,0,16
1,<environment.Job instance at 0x15269a3e1f50>,20,1,[1 5],26,26,27,0,26
1,<environment.Job instance at 0x15269a3e1fa0>,21,1,[10  1],28,28,29,0,28
1,<environment.Job instance at 0x15269a3e1be0>,22,1,[5 2],29,29,30,0,29
1,<environment.Job instance at 0x15269a3e2690>,28,15,[5 2],36,40,55,4,40
1,<environment.Job instance at 0x15269a3e2640>,29,3,[2 7],38,40,43,2,40
1,<environment.Job instance at 0x15269a3e27d0>,30,15,[7 2],39,40,55,1,40
1,<environment.Job instance at 0x15269a3e28c0>,31,15,[6 1],40,55,70,15,41
1,<environment.Job instance at 0x15269a3e2aa0>,32,2,[2 9],41,43,45,2,41
1,<environment.Job instance at 0x15269a3e2d70>,33,2,[1 5],42,45,47,3,42
1,<environment.Job instance at 0x15269a3e2eb0>,34,16,[1 8],43,47,63,4,43
1,<environment.Job instance at 0x15269a3e2fa0>,35,14,[2 6],45,55,69,10,45
1,<environment.Job instance at 0x15269a3e2f00>,36,1,[9 1],46,69,70,23,46
1,<environment.Job instance at 0x15269a3e5370>,37,17,[2 5],47,70,87,23,60
1,<environment.Job instance at 0x15269a3e55f0>,40,2,[5 2],51,63,65,12,60
1,<environment.Job instance at 0x15269a3e5640>,41,2,[5 1],52,65,67,13,60
1,<environment.Job instance at 0x15269a3e5730>,42,1,[1 7],53,65,66,12,60
1,<environment.Job instance at 0x15269a3e2550>,26,21,[ 2 10],34,70,91,36,63
1,<environment.Job instance at 0x15269a3e5fa0>,49,13,[6 1],64,87,100,23,71
1,<environment.Job instance at 0x15269a3e7910>,56,1,[8 2],73,95,96,22,95
1,<environment.Job instance at 0x15269a3e5d20>,48,2,[9 1],62,128,130,66,128
1,<environment.Job instance at 0x15269a3e7d70>,61,1,[8 2],78,148,149,70,148
1,<environment.Job instance at 0x15269a3e7e10>,62,1,[5 2],79,148,149,69,148
1,<environment.Job instance at 0x15269a3e7eb0>,63,1,[7 1],80,149,150,69,148
1,<environment.Job instance at 0x15269a3e7f50>,64,1,[1 8],81,148,149,67,148
1,<environment.Job instance at 0x15269a3e7a00>,67,1,[6 2],85,157,158,72,157
1,<environment.Job instance at 0x15269a3e92d0>,69,2,[ 1 10],88,157,159,69,157
1,<environment.Job instance at 0x15269a3e93c0>,71,1,[5 1],90,162,163,72,162
1,<environment.Job instance at 0x15269a3e23c0>,25,1,[10  2],33,176,177,143,176
1,<environment.Job instance at 0x15269a3e9730>,76,1,[13  1],95,185,186,90,185
1,<environment.Job instance at 0x15269a3e99b0>,78,1,[5 1],97,186,187,89,185
1,<environment.Job instance at 0x15269a3e7c30>,59,13,[2 8],76,194,207,118,194
1,<environment.Job instance at 0x15269a3e9af0>,80,3,[5 2],99,215,218,116,215
1,<environment.Job instance at 0x15269a3e9b90>,81,2,[8 2],100,215,217,115,215
1,<environment.Job instance at 0x15269a3e9cd0>,83,2,[2 5],102,215,217,113,215
1,<environment.Job instance at 0x15269a3e77d0>,55,17,[12  1],70,265,282,195,265
1,<environment.Job instance at 0x15269a3e9f00>,90,3,[7 2],111,282,285,171,276
1,<environment.Job instance at 0x15269a3ec460>,96,22,[2 6],119,293,315,174,293
1,<environment.Job instance at 0x15269a3ec6e0>,98,16,[6 2],121,425,441,304,425
1,<environment.Job instance at 0x15269a3ec690>,97,1,[ 1 14],120,441,442,321,425
1,<environment.Job instance at 0x15269a3e9c30>,82,3,[2 8],101,429,432,328,429
1,<environment.Job instance at 0x15269a3ec820>,101,19,[1 5],126,442,461,316,434
1,<environment.Job instance at 0x15269a3d3c80>,107,1,[ 2 10],134,434,435,300,434
1,<environment.Job instance at 0x15269a3d3be0>,109,1,[6 1],137,434,435,297,434
1,<environment.Job instance at 0x15269a3d3af0>,106,3,[1 8],133,435,438,302,434
1,<environment.Job instance at 0x15269a3e9550>,73,2,[7 2],92,435,437,343,434
1,<environment.Job instance at 0x15269a3d38c0>,111,17,[1 7],140,442,459,302,434
1,<environment.Job instance at 0x15269a3d39b0>,110,2,[6 1],139,437,439,298,434
1,<environment.Job instance at 0x15269a3d3640>,114,1,[1 5],147,438,439,291,434
1,<environment.Job instance at 0x1526c9807fa0>,105,3,[ 2 14],132,475,478,343,475
1,<environment.Job instance at 0x15269a3d3190>,112,15,[10  2],144,478,493,334,476
1,<environment.Job instance at 0x15269a3d34b0>,113,2,[7 2],145,493,495,348,477
1,<environment.Job instance at 0x15269a3e25a0>,27,21,[2 5],35,480,501,445,480
1,<environment.Job instance at 0x15269a493a50>,10,25,[6 1],15,983,1008,968,983
1,<environment.Job instance at 0x1526c9841230>,5,1,[6 2],8,8,9,0,8
1,<environment.Job instance at 0x1526c9841460>,6,2,[ 1 12],9,114,116,105,114
1,<environment.Job instance at 0x1526c96a3b90>,8,2,[5 2],11,114,116,103,114
1,<environment.Job instance at 0x1526c96a3a00>,14,2,[8 1],18,114,116,96,114
1,<environment.Job instance at 0x1526c96a3960>,9,21,[5 1],12,116,137,104,114
1,<environment.Job instance at 0x1526c96a3e10>,13,2,[1 6],17,116,118,99,114
1,<environment.Job instance at 0x1526c96a3e60>,15,1,[2 7],20,116,117,96,114
1,<environment.Job instance at 0x1526c96a3370>,24,2,[6 2],31,117,119,86,114
1,<environment.Job instance at 0x1526c96a3280>,25,1,[7 1],34,116,117,82,114
1,<environment.Job instance at 0x1526c96a3730>,26,2,[5 2],35,119,121,84,114
1,<environment.Job instance at 0x1526c96a3c30>,28,3,[6 1],37,121,124,84,114
1,<environment.Job instance at 0x15269a643d70>,29,2,[ 1 10],38,118,120,80,114
1,<environment.Job instance at 0x15269a6433c0>,32,2,[10  2],43,124,126,81,114
1,<environment.Job instance at 0x15269a6436e0>,33,1,[5 1],44,120,121,76,114
1,<environment.Job instance at 0x15269a643dc0>,34,2,[8 2],45,126,128,81,114
1,<environment.Job instance at 0x15269a6434b0>,38,2,[8 2],53,128,130,75,114
1,<environment.Job instance at 0x15269a643eb0>,40,3,[2 6],57,121,124,64,121
1,<environment.Job instance at 0x15269a643af0>,41,2,[7 1],58,130,132,72,121
1,<environment.Job instance at 0x15269a643a50>,42,21,[6 1],60,132,153,72,124
1,<environment.Job instance at 0x1526cf363370>,43,3,[ 2 13],62,130,133,68,124
1,<environment.Job instance at 0x1526cf3638c0>,44,14,[2 6],63,138,152,75,138
1,<environment.Job instance at 0x1526cf363a50>,50,27,[5 2],72,140,167,68,140
1,<environment.Job instance at 0x1526cf363cd0>,53,1,[ 2 10],75,152,153,77,149
1,<environment.Job instance at 0x1526cf363b90>,51,27,[1 9],73,153,180,80,151
1,<environment.Job instance at 0x1526d0280730>,56,1,[8 2],82,153,154,71,151
1,<environment.Job instance at 0x1526d0280c30>,58,2,[8 1],85,154,156,69,151
1,<environment.Job instance at 0x1526d0280640>,68,1,[1 7],100,180,181,80,166
1,<environment.Job instance at 0x1526c96a3780>,20,22,[ 2 10],27,181,203,154,175
1,<environment.Job instance at 0x1526c79f6320>,76,1,[2 7],110,203,204,93,192
1,<environment.Job instance at 0x1526c96a35a0>,10,3,[2 8],13,203,206,190,193
1,<environment.Job instance at 0x1526c79f6730>,77,2,[1 8],111,206,208,95,193
1,<environment.Job instance at 0x1526ca5cfcd0>,82,20,[ 2 11],118,208,228,90,202
1,<environment.Job instance at 0x1526c96a3af0>,16,2,[1 8],21,228,230,207,210
1,<environment.Job instance at 0x1526cf2a9e10>,84,3,[ 2 10],121,230,233,109,212
1,<environment.Job instance at 0x1526c409f960>,87,1,[2 8],125,233,234,108,212
1,<environment.Job instance at 0x15269a83feb0>,88,1,[5 1],126,212,213,86,212
1,<environment.Job instance at 0x1526ce90fd70>,89,1,[8 1],128,212,213,84,212
1,<environment.Job instance at 0x1526ca537500>,90,1,[1 8],130,234,235,104,212
1,<environment.Job instance at 0x1526c40d9eb0>,91,1,[2 9],131,235,236,104,212
1,<environment.Job instance at 0x1526c40d9730>,92,3,[1 9],132,236,239,104,212
1,<environment.Job instance at 0x1526c853e280>,94,1,[7 2],135,213,214,78,213
1,<environment.Job instance at 0x1526d15f80a0>,95,1,[10  1],136,214,215,78,213
1,<environment.Job instance at 0x1526c853e960>,96,3,[2 5],138,228,231,90,214
1,<environment.Job instance at 0x15269a57e5a0>,97,2,[6 2],139,216,218,77,216
1,<environment.Job instance at 0x1526cf2f0fa0>,102,17,[5 1],144,241,258,97,241
1,<environment.Job instance at 0x1526c9194c30>,86,1,[9 2],124,241,242,117,241
1,<environment.Job instance at 0x1526cf2f0f50>,106,26,[8 1],148,245,271,97,245
1,<environment.Job instance at 0x1526cf2f0870>,107,3,[2 5],149,245,248,96,245
1,<environment.Job instance at 0x1526ca5cf5a0>,79,2,[ 2 10],115,283,285,168,283
1,<environment.Job instance at 0x15269abc3910>,0,27,[6 1],1,1,28,0,1
1,<environment.Job instance at 0x1526c85555a0>,1,21,[9 2],2,5,26,3,5
1,<environment.Job instance at 0x1526c419c140>,13,3,[7 1],20,27,30,7,27
1,<environment.Job instance at 0x1526c419c370>,14,1,[6 1],21,28,29,7,27
1,<environment.Job instance at 0x1526c419c5f0>,18,2,[11  2],26,231,233,205,231
1,<environment.Job instance at 0x1526c419c5a0>,21,2,[1 5],30,231,233,201,231
1,<environment.Job instance at 0x1526c419ca00>,22,1,[1 5],31,231,232,200,231
1,<environment.Job instance at 0x1526c419cc30>,23,2,[9 1],32,233,235,201,231
1,<environment.Job instance at 0x1526c419ccd0>,24,3,[9 2],33,235,238,202,231
1,<environment.Job instance at 0x1526c4168500>,37,12,[2 9],49,336,348,287,336
1,<environment.Job instance at 0x1526c41685a0>,38,15,[2 5],50,336,351,286,336
1,<environment.Job instance at 0x1526c4168640>,39,3,[1 6],51,348,351,297,336
1,<environment.Job instance at 0x1526c4168370>,40,2,[1 8],53,351,353,298,336
1,<environment.Job instance at 0x1526c4168780>,41,17,[7 1],54,336,353,282,336
1,<environment.Job instance at 0x1526c4168820>,43,3,[1 5],58,366,369,308,366
1,<environment.Job instance at 0x1526c4168960>,44,1,[10  1],59,366,367,307,366
1,<environment.Job instance at 0x1526c4168b40>,47,1,[1 6],62,384,385,322,384
1,<environment.Job instance at 0x1526c4180af0>,10,1,[6 1],15,395,396,380,395
1,<environment.Job instance at 0x1526c4168c80>,49,2,[5 1],64,395,397,331,395
1,<environment.Job instance at 0x1526c4168d20>,50,2,[7 2],65,396,398,331,395
1,<environment.Job instance at 0x1526c4168e60>,52,3,[2 6],67,416,419,349,416
1,<environment.Job instance at 0x1526c416c2d0>,58,1,[ 2 13],78,419,420,341,416
1,<environment.Job instance at 0x1526c416c320>,59,2,[2 5],79,420,422,341,418
1,<environment.Job instance at 0x1526c416c280>,57,17,[8 1],77,430,447,353,430
1,<environment.Job instance at 0x1526c416c500>,62,1,[5 1],82,437,438,355,437
1,<environment.Job instance at 0x1526c416cb90>,73,1,[7 2],102,496,497,394,496
1,<environment.Job instance at 0x1526c416c5a0>,63,12,[ 1 10],83,497,509,414,497
1,<environment.Job instance at 0x1526c416ce60>,79,26,[2 5],109,498,524,389,498
1,<environment.Job instance at 0x1526c416cfa0>,78,1,[ 1 10],108,530,531,422,530
1,<environment.Job instance at 0x1526c41880a0>,82,3,[8 1],114,536,539,422,536
1,<environment.Job instance at 0x1526c41881e0>,83,1,[1 8],115,541,542,426,541
1,<environment.Job instance at 0x1526c41882d0>,84,1,[10  2],119,561,562,442,561
1,<environment.Job instance at 0x1526c4188320>,85,2,[2 6],120,569,571,449,569
1,<environment.Job instance at 0x1526c417b780>,88,1,[2 8],124,575,576,451,575
1,<environment.Job instance at 0x1526ca5cf5a0>,4,2,[2 9],5,636,638,631,636
1,<environment.Job instance at 0x1526c4188460>,86,1,[1 5],121,658,659,537,658
1,<environment.Job instance at 0x1526c417bb40>,91,2,[ 2 13],129,664,666,535,664
1,<environment.Job instance at 0x1526c417b910>,93,28,[2 5],133,666,694,533,665
1,<environment.Job instance at 0x1526c417b370>,94,15,[ 2 10],134,703,718,569,703
1,<environment.Job instance at 0x1526c417b190>,98,1,[2 6],138,733,734,595,733
1,<environment.Job instance at 0x1526c417bc30>,99,1,[1 5],140,741,742,601,741
1,<environment.Job instance at 0x1526c417b4b0>,100,2,[2 8],141,750,752,609,750
1,<environment.Job instance at 0x1526c417b230>,101,24,[2 9],142,753,777,611,753
1,<environment.Job instance at 0x1526c417b140>,102,3,[2 5],145,814,817,669,814
1,<environment.Job instance at 0x1526c402ac30>,103,18,[5 2],147,820,838,673,820
1,<environment.Job instance at 0x1526c402ad70>,104,1,[1 6],148,1073,1074,925,1073
1,<environment.Job instance at 0x15269a8a6e60>,7,1,[9 1],11,12,13,1,12
1,<environment.Job instance at 0x15269a8a6c80>,8,1,[1 8],12,13,14,1,13
1,<environment.Job instance at 0x15269a8a6320>,11,1,[7 1],15,15,16,0,15
1,<environment.Job instance at 0x15269a23a9b0>,12,2,[7 2],16,16,18,0,16
1,<environment.Job instance at 0x1526c417baf0>,25,1,[2 5],34,46,47,12,46
1,<environment.Job instance at 0x15269a7ce410>,29,26,[5 2],39,55,81,16,55
1,<environment.Job instance at 0x15269a7cef00>,30,1,[8 2],40,55,56,15,55
1,<environment.Job instance at 0x1526c40970f0>,35,2,[6 1],46,56,58,10,55
1,<environment.Job instance at 0x1526c4097a00>,36,1,[5 1],47,58,59,11,55
1,<environment.Job instance at 0x1526c4097dc0>,38,2,[7 1],50,59,61,9,56
1,<environment.Job instance at 0x1526c4097aa0>,40,1,[ 1 10],55,82,83,27,82
1,<environment.Job instance at 0x15269a948190>,44,21,[10  2],62,82,103,20,82
1,<environment.Job instance at 0x15269a948eb0>,45,22,[2 9],63,83,105,20,82
1,<environment.Job instance at 0x15269a948820>,49,2,[6 1],73,103,105,30,84
1,<environment.Job instance at 0x15269a9483c0>,50,1,[ 1 12],74,105,106,31,84
1,<environment.Job instance at 0x15269a948280>,51,1,[10  2],75,105,106,30,84
1,<environment.Job instance at 0x15269a948b90>,52,3,[2 9],76,106,109,30,84
1,<environment.Job instance at 0x15269a948c80>,55,1,[9 1],80,106,107,26,99
1,<environment.Job instance at 0x15269a948640>,56,20,[9 1],81,107,127,26,99
1,<environment.Job instance at 0x1526c417bcd0>,22,1,[7 2],31,127,128,96,115
1,<environment.Job instance at 0x15269a5c7d70>,58,2,[13  1],84,128,130,44,117
1,<environment.Job instance at 0x1526ca1db050>,64,2,[1 6],96,117,119,21,117
1,<environment.Job instance at 0x1526c7a08410>,66,2,[2 8],100,120,122,20,120
1,<environment.Job instance at 0x1526c7a084b0>,67,1,[7 1],103,127,128,24,120
1,<environment.Job instance at 0x1526c7a08140>,71,2,[5 1],108,122,124,14,121
1,<environment.Job instance at 0x1526c7a08be0>,72,3,[9 1],109,130,133,21,121
1,<environment.Job instance at 0x1526c79e9960>,73,1,[7 2],110,133,134,23,121
1,<environment.Job instance at 0x1526c79e9640>,76,2,[2 5],115,134,136,19,134
1,<environment.Job instance at 0x1526c79e95f0>,77,1,[1 9],116,134,135,18,134
1,<environment.Job instance at 0x1526c79e9fa0>,79,1,[1 8],118,135,136,17,134
1,<environment.Job instance at 0x15269a876af0>,80,20,[7 2],119,135,155,16,134
1,<environment.Job instance at 0x15269a876c30>,81,1,[1 9],120,136,137,16,134
1,<environment.Job instance at 0x1526c40cd230>,82,2,[2 6],121,137,139,16,134
1,<environment.Job instance at 0x1526c4184050>,85,1,[8 1],126,140,141,14,140
1,<environment.Job instance at 0x1526c4184960>,86,3,[1 6],127,141,144,14,140
1,<environment.Job instance at 0x1526ca1dd370>,87,2,[1 6],128,141,143,13,140
1,<environment.Job instance at 0x15269a7e5230>,88,1,[2 5],129,143,144,14,140
1,<environment.Job instance at 0x1526c4184500>,90,1,[ 1 13],131,146,147,15,146
1,<environment.Job instance at 0x1526c417bd20>,27,3,[2 8],37,159,162,122,159
1,<environment.Job instance at 0x1526c4184e60>,92,1,[5 2],133,159,160,26,159
1,<environment.Job instance at 0x1526c4126dc0>,93,12,[2 9],134,162,174,28,161
1,<environment.Job instance at 0x15269a974af0>,94,1,[11  1],143,165,166,22,165
1,<environment.Job instance at 0x15269a39e640>,95,2,[5 1],144,168,170,24,168
1,<environment.Job instance at 0x15269a39eeb0>,96,2,[1 6],145,172,174,27,172
1,<environment.Job instance at 0x15269a39e7d0>,97,2,[1 8],146,174,176,28,172
1,<environment.Job instance at 0x15269a39ec30>,98,1,[6 1],147,174,175,27,173
1,<environment.Job instance at 0x15269a39e0a0>,99,18,[10  2],149,175,193,26,173
1,<environment.Job instance at 0x1526c417bc80>,26,2,[1 5],36,224,226,188,224
1,<environment.Job instance at 0x1526c417b730>,21,2,[ 1 14],30,889,891,859,889
1,<environment.Job instance at 0x1526c982efa0>,18,3,[10  1],27,30,33,3,30
1,<environment.Job instance at 0x1526c982ec30>,19,1,[9 2],28,33,34,5,30
1,<environment.Job instance at 0x1526c982ee10>,15,1,[ 2 10],22,36,37,14,36
1,<environment.Job instance at 0x1526c98464b0>,22,13,[1 9],31,38,51,7,38
1,<environment.Job instance at 0x1526c98465f0>,23,2,[10  2],32,38,40,6,38
1,<environment.Job instance at 0x1526c98465a0>,24,15,[9 1],34,40,55,6,38
1,<environment.Job instance at 0x1526c9846730>,25,1,[1 5],35,40,41,5,38
1,<environment.Job instance at 0x1526c9846780>,26,2,[1 9],36,51,53,15,38
1,<environment.Job instance at 0x1526c9846cd0>,27,2,[1 7],39,53,55,14,39
1,<environment.Job instance at 0x1526c9846e10>,28,3,[1 8],40,55,58,15,40
1,<environment.Job instance at 0x1526c9846f50>,29,19,[5 2],41,45,64,4,45
1,<environment.Job instance at 0x1526c9846d70>,30,2,[2 8],42,58,60,16,45
1,<environment.Job instance at 0x1526c9846d20>,32,2,[6 1],44,55,57,11,45
1,<environment.Job instance at 0x1526c9852230>,33,3,[7 2],45,57,60,12,45
1,<environment.Job instance at 0x1526c98525f0>,34,2,[8 1],46,60,62,14,46
1,<environment.Job instance at 0x1526cf2f0a00>,12,2,[2 5],24,24,26,0,24
1,<environment.Job instance at 0x1526ca54dd70>,24,1,[1 7],39,254,255,215,254
1,<environment.Job instance at 0x1526ce9bef00>,37,3,[9 2],56,1214,1217,1158,1214
1,<environment.Job instance at 0x1526cf3bf0f0>,38,3,[10  2],58,1986,1989,1928,1986
1,<environment.Job instance at 0x1526cf3bf690>,39,3,[ 1 10],59,2137,2140,2078,2137
1,<environment.Job instance at 0x1526cf3bf280>,40,2,[5 1],60,2831,2833,2771,2831
1,<environment.Job instance at 0x15269a58d2d0>,4,17,[7 2],6,7,24,1,7
1,<environment.Job instance at 0x15269a58df00>,2,3,[10  1],3,24,27,21,12
1,<environment.Job instance at 0x1526cf35fe10>,8,1,[ 1 10],12,12,13,0,12
1,<environment.Job instance at 0x1526cf3bf280>,5,13,[2 5],7,13,26,6,12
1,<environment.Job instance at 0x15269a58df50>,0,1,[14  1],1,27,28,26,22
1,<environment.Job instance at 0x1526cf35f7d0>,13,3,[8 1],20,28,31,8,23
1,<environment.Job instance at 0x1526cf35fd70>,11,3,[1 5],17,23,26,6,23
1,<environment.Job instance at 0x1526cf35fcd0>,7,16,[6 1],10,28,44,18,23
1,<environment.Job instance at 0x1526c9723be0>,28,2,[7 1],36,36,38,0,36
1,<environment.Job instance at 0x1526ca5aa820>,35,1,[8 1],47,59,60,12,59
1,<environment.Job instance at 0x1526ca5aa3c0>,38,2,[5 2],50,64,66,14,64
1,<environment.Job instance at 0x1526ca5aab90>,40,1,[1 5],53,64,65,11,64
1,<environment.Job instance at 0x1526ca5aaf50>,45,3,[7 1],59,96,99,37,96
1,<environment.Job instance at 0x1526cb8423c0>,46,2,[2 7],60,96,98,36,96
1,<environment.Job instance at 0x1526cb842780>,48,1,[1 9],62,107,108,45,107
1,<environment.Job instance at 0x1526cea6b690>,54,3,[ 1 14],70,140,143,70,140
1,<environment.Job instance at 0x1526cea6bf00>,55,3,[5 1],71,140,143,69,140
1,<environment.Job instance at 0x1526cea6b050>,56,2,[8 1],73,143,145,70,140
1,<environment.Job instance at 0x1526cea6bdc0>,57,3,[9 1],74,145,148,71,140
1,<environment.Job instance at 0x1526cea6b0a0>,58,3,[8 2],75,148,151,73,140
1,<environment.Job instance at 0x1526cea6b9b0>,59,12,[7 2],77,148,160,71,141
1,<environment.Job instance at 0x1526cea6b500>,60,2,[2 7],79,143,145,64,141
1,<environment.Job instance at 0x15269a2b3c80>,61,17,[6 2],81,151,168,70,143
1,<environment.Job instance at 0x15269a2b35a0>,63,2,[1 9],83,145,147,62,143
1,<environment.Job instance at 0x15269a2b3230>,64,23,[1 5],84,151,174,67,145
1,<environment.Job instance at 0x15269a2b3690>,65,1,[8 1],85,160,161,75,145
1,<environment.Job instance at 0x15269a2b36e0>,67,1,[8 2],87,164,165,77,164
1,<environment.Job instance at 0x15269a78c410>,68,2,[7 1],88,165,167,77,164
1,<environment.Job instance at 0x15269a78c050>,69,1,[5 1],89,167,168,78,164
1,<environment.Job instance at 0x15269a78c500>,70,2,[2 8],90,168,170,78,164
1,<environment.Job instance at 0x15269a78c820>,71,3,[7 1],91,168,171,77,164
1,<environment.Job instance at 0x1526ca53caf0>,72,3,[8 2],92,171,174,79,164
1,<environment.Job instance at 0x1526ca53c410>,73,2,[10  1],94,174,176,80,164
1,<environment.Job instance at 0x1526ca53cb40>,74,22,[5 1],96,168,190,72,164
1,<environment.Job instance at 0x1526c9723550>,33,2,[2 5],43,189,191,146,189
1,<environment.Job instance at 0x1526cf284aa0>,77,3,[1 5],102,189,192,87,189
1,<environment.Job instance at 0x15269a7315a0>,78,2,[5 2],103,212,214,109,212
1,<environment.Job instance at 0x15269a9704b0>,80,1,[7 2],106,216,217,110,216
1,<environment.Job instance at 0x1526cb848460>,82,12,[9 1],108,217,229,109,216
1,<environment.Job instance at 0x1526c42494b0>,84,1,[ 2 10],111,216,217,105,216
1,<environment.Job instance at 0x15269a94d4b0>,85,2,[6 2],112,218,220,106,218
1,<environment.Job instance at 0x1526c9817820>,86,1,[1 5],114,220,221,106,218
1,<environment.Job instance at 0x15269ab221e0>,87,2,[5 2],115,220,222,105,219
1,<environment.Job instance at 0x15269ab22870>,88,2,[8 1],116,229,231,113,219
1,<environment.Job instance at 0x15269a6f4230>,83,3,[9 2],110,231,234,121,226
1,<environment.Job instance at 0x15269a6d22d0>,91,3,[10  2],119,238,241,119,238
1,<environment.Job instance at 0x1526c9723050>,32,2,[1 9],42,244,246,202,244
1,<environment.Job instance at 0x1526ca532aa0>,92,18,[2 5],120,251,269,131,251
1,<environment.Job instance at 0x15269a83f820>,96,16,[1 9],124,254,270,130,254
1,<environment.Job instance at 0x15269a6c2050>,97,2,[ 1 13],125,274,276,149,274
1,<environment.Job instance at 0x1526cf368870>,98,13,[8 1],126,286,299,160,286
1,<environment.Job instance at 0x1526c4184780>,99,1,[6 1],127,293,294,166,293
1,<environment.Job instance at 0x1526c4184fa0>,100,2,[ 1 10],128,294,296,166,294
1,<environment.Job instance at 0x1526c41840f0>,101,1,[5 1],129,295,296,166,295
1,<environment.Job instance at 0x1526c41849b0>,102,3,[5 2],130,306,309,176,306
1,<environment.Job instance at 0x1526c9723cd0>,31,3,[ 1 11],41,307,310,266,307
1,<environment.Job instance at 0x1526ca2c8f50>,106,2,[8 2],137,309,311,172,309
1,<environment.Job instance at 0x15269a6eb8c0>,103,17,[6 2],134,309,326,175,309
1,<environment.Job instance at 0x15269aa933c0>,108,1,[8 2],139,335,336,196,335
1,<environment.Job instance at 0x15269a5d6230>,95,2,[1 6],123,345,347,222,345
1,<environment.Job instance at 0x1526c96d96e0>,109,12,[1 8],140,1083,1095,943,1083
1,<environment.Job instance at 0x1526c85599b0>,111,3,[9 1],144,1109,1112,965,1109
1,<environment.Job instance at 0x15269ab98eb0>,112,14,[2 5],146,1201,1215,1055,1201
1,<environment.Job instance at 0x1526ca5aa9b0>,34,3,[1 5],46,1258,1261,1212,1258
1,<environment.Job instance at 0x15269a6890f0>,113,2,[1 8],147,1379,1381,1232,1379
1,<environment.Job instance at 0x1526ca53b140>,110,28,[ 2 10],141,1521,1549,1380,1521
1,<environment.Job instance at 0x15269a689960>,115,14,[1 7],149,1635,1649,1486,1635
1,<environment.Job instance at 0x1526c8559eb0>,114,1,[5 1],148,1754,1755,1606,1754
1,<environment.Job instance at 0x1526d0968320>,5,2,[9 1],9,10,12,1,10
1,<environment.Job instance at 0x1526d08d5140>,12,2,[1 8],18,244,246,226,244
1,<environment.Job instance at 0x1526d08d5be0>,13,16,[ 1 12],19,246,262,227,244
1,<environment.Job instance at 0x1526d08d5820>,11,2,[ 1 11],17,262,264,245,244
1,<environment.Job instance at 0x15269a4ea640>,30,2,[10  1],47,256,258,209,256
1,<environment.Job instance at 0x15269a4ea870>,32,3,[5 1],50,258,261,208,256
1,<environment.Job instance at 0x15269a4eab40>,33,26,[5 2],52,258,284,206,256
1,<environment.Job instance at 0x15269a4eabe0>,34,2,[7 2],54,262,264,208,256
1,<environment.Job instance at 0x1526d08d57d0>,17,1,[2 5],24,271,272,247,271
1,<environment.Job instance at 0x15269a4ea5a0>,39,18,[1 6],61,273,291,212,273
1,<environment.Job instance at 0x15269a4eacd0>,45,14,[10  1],71,284,298,213,279
1,<environment.Job instance at 0x15269a4ea4b0>,46,18,[1 7],72,279,297,207,279
1,<environment.Job instance at 0x15269a4ea050>,47,16,[9 2],73,298,314,225,287
1,<environment.Job instance at 0x15269a4ea550>,48,2,[1 5],74,291,293,217,287
1,<environment.Job instance at 0x15269a4ea500>,49,1,[2 5],75,293,294,218,287
1,<environment.Job instance at 0x15269a4ea820>,50,12,[5 1],78,297,309,219,287
1,<environment.Job instance at 0x15269a4ea3c0>,51,1,[10  1],80,314,315,234,287
1,<environment.Job instance at 0x1526c41ba5a0>,52,1,[7 1],81,315,316,234,287
1,<environment.Job instance at 0x1526c41bad20>,53,2,[10  1],82,316,318,234,289
1,<environment.Job instance at 0x1526c41babe0>,54,1,[6 2],83,309,310,226,289
1,<environment.Job instance at 0x1526c41baf50>,55,3,[6 2],84,310,313,226,289
1,<environment.Job instance at 0x1526c41bae60>,56,3,[2 5],88,294,297,206,289
1,<environment.Job instance at 0x1526c41ba460>,57,2,[5 1],89,313,315,224,289
1,<environment.Job instance at 0x15269ab03280>,66,2,[9 1],102,318,320,216,318
1,<environment.Job instance at 0x15269ab03d70>,67,2,[14  2],104,320,322,216,318
1,<environment.Job instance at 0x15269ab032d0>,68,3,[ 1 10],105,318,321,213,318
1,<environment.Job instance at 0x15269ab03960>,69,1,[14  2],106,322,323,216,318
1,<environment.Job instance at 0x15269ab03fa0>,70,2,[6 2],107,323,325,216,318
1,<environment.Job instance at 0x15269ab035f0>,71,13,[6 1],108,323,336,215,319
1,<environment.Job instance at 0x15269ab03230>,72,2,[1 9],109,321,323,212,319
1,<environment.Job instance at 0x15269ab03e10>,74,3,[5 2],112,325,328,213,320
1,<environment.Job instance at 0x15269ab03e60>,75,2,[1 8],113,323,325,210,320
1,<environment.Job instance at 0x15269ab03500>,79,1,[10  2],119,336,337,217,336
1,<environment.Job instance at 0x1526d08d5dc0>,16,12,[7 2],22,348,360,326,348
1,<environment.Job instance at 0x15269a4ea960>,38,12,[6 1],60,350,362,290,350
1,<environment.Job instance at 0x1526cf333370>,80,17,[7 2],121,360,377,239,350
1,<environment.Job instance at 0x1526cf333f50>,86,1,[8 1],130,362,363,232,350
1,<environment.Job instance at 0x1526cf333820>,87,1,[5 1],133,363,364,230,350
1,<environment.Job instance at 0x1526cf333c30>,88,2,[1 9],134,350,352,216,350
1,<environment.Job instance at 0x1526cf333870>,85,1,[6 1],129,364,365,235,350
1,<environment.Job instance at 0x1526cf3334b0>,89,3,[ 2 10],136,352,355,216,350
1,<environment.Job instance at 0x15269a1d7c30>,91,2,[ 1 10],141,355,357,214,350
1,<environment.Job instance at 0x1526cf333eb0>,92,1,[ 2 10],142,357,358,215,350
1,<environment.Job instance at 0x1526cf333af0>,93,3,[1 9],144,358,361,214,350
1,<environment.Job instance at 0x1526cf333550>,90,2,[7 1],138,365,367,227,353
1,<environment.Job instance at 0x1526d08d5fa0>,14,1,[1 5],20,391,392,371,391
1,<environment.Job instance at 0x1526cf333050>,82,2,[10  1],125,415,417,290,415
1,<environment.Job instance at 0x15269a4f0aa0>,8,18,[10  2],12,12,30,0,12
1,<environment.Job instance at 0x15269a4f0640>,7,1,[5 2],11,18,19,7,18
1,<environment.Job instance at 0x15269a4f0a50>,10,14,[1 7],14,21,35,7,21
1,<environment.Job instance at 0x15269a4f0fa0>,14,1,[10  2],19,30,31,11,21
1,<environment.Job instance at 0x15269a4f0690>,5,2,[14  1],7,31,33,24,25
1,<environment.Job instance at 0x15269a4d35a0>,18,1,[7 2],26,33,34,7,26
1,<environment.Job instance at 0x15269a4f1c30>,35,3,[10  2],62,62,65,0,62
1,<environment.Job instance at 0x15269a4f1d20>,36,17,[6 1],63,65,82,2,63
1,<environment.Job instance at 0x15269a4f1eb0>,37,1,[2 8],64,64,65,0,64
1,<environment.Job instance at 0x15269a4f1e10>,38,2,[9 1],67,67,69,0,67
1,<environment.Job instance at 0x15269a4bbf50>,45,1,[9 1],81,81,82,0,81
1,<environment.Job instance at 0x15269a80ef00>,46,2,[1 7],83,83,85,0,83
1,<environment.Job instance at 0x15269a471eb0>,47,2,[2 5],84,84,86,0,84
1,<environment.Job instance at 0x15269ab3ecd0>,62,1,[2 9],107,118,119,11,118
1,<environment.Job instance at 0x1526ce98c8c0>,68,2,[1 6],114,137,139,23,137
1,<environment.Job instance at 0x15269a911230>,69,1,[2 5],115,137,138,22,137
1,<environment.Job instance at 0x15269a9014b0>,70,1,[2 8],116,138,139,22,137
1,<environment.Job instance at 0x15269a409230>,72,2,[7 1],118,137,139,19,137
1,<environment.Job instance at 0x15269a0e4460>,73,2,[7 2],119,139,141,20,137
1,<environment.Job instance at 0x15269a0ca190>,74,1,[9 2],120,141,142,21,137
1,<environment.Job instance at 0x15269a0ca730>,75,2,[9 1],121,142,144,21,137
1,<environment.Job instance at 0x15269a4f0dc0>,15,2,[5 2],22,163,165,141,163
1,<environment.Job instance at 0x15269a0dc780>,81,3,[9 1],131,215,218,84,215
1,<environment.Job instance at 0x15269a0e95a0>,82,3,[1 8],133,330,333,197,330
1,<environment.Job instance at 0x15269a0dca00>,83,2,[5 1],137,368,370,231,368
1,<environment.Job instance at 0x15269ab8d410>,84,1,[2 5],138,448,449,310,448
1,<environment.Job instance at 0x15269ab8d320>,85,2,[1 8],139,522,524,383,522
1,<environment.Job instance at 0x15269ab8d1e0>,86,17,[1 6],140,536,553,396,536
1,<environment.Job instance at 0x15269ab8d460>,87,17,[10  2],141,577,594,436,577
1,<environment.Job instance at 0x15269ab8d500>,88,12,[1 7],142,945,957,803,945
1,<environment.Job instance at 0x15269ab8d190>,89,2,[11  1],144,1084,1086,940,1084
1,<environment.Job instance at 0x15269aba9640>,90,3,[9 1],147,1167,1170,1020,1167
1,<environment.Job instance at 0x15269aba9230>,91,27,[9 2],148,1170,1197,1022,1168
1,<environment.Job instance at 0x15269aba9460>,92,2,[7 1],149,1443,1445,1294,1443
1,<environment.Job instance at 0x15269a4f0a00>,11,2,[1 8],16,2904,2906,2888,2904
1,<environment.Job instance at 0x1526ce93dc80>,0,1,[6 1],1,1,2,0,1
1,<environment.Job instance at 0x1526ce93d6e0>,1,1,[1 5],2,3,4,1,3
1,<environment.Job instance at 0x15269a8f8dc0>,4,1,[1 8],5,7,8,2,7
1,<environment.Job instance at 0x15269a8f8460>,6,3,[1 9],7,8,11,1,7
1,<environment.Job instance at 0x1526ce99b870>,19,2,[1 5],23,92,94,69,92
1,<environment.Job instance at 0x1526ce98cb90>,23,19,[5 1],28,182,201,154,182
1,<environment.Job instance at 0x1526ce9af6e0>,51,27,[7 1],71,225,252,154,225
1,<environment.Job instance at 0x1526ce99cf50>,42,1,[1 6],57,1085,1086,1028,1085
1,<environment.Job instance at 0x1526ce98ca00>,24,1,[5 2],30,1314,1315,1284,1314
1,<environment.Job instance at 0x15269a7c90a0>,1,1,[7 1],4,6,7,2,6
1,<environment.Job instance at 0x15269aba9140>,2,1,[1 5],5,6,7,1,6
1,<environment.Job instance at 0x1526c964eb90>,3,15,[10  1],6,12,27,6,12
1,<environment.Job instance at 0x1526c9870d20>,13,1,[6 2],20,27,28,7,20
1,<environment.Job instance at 0x1526c9870fa0>,14,16,[7 1],21,27,43,6,21
1,<environment.Job instance at 0x1526c987a370>,15,1,[1 7],22,22,23,0,22
1,<environment.Job instance at 0x1526c987a4b0>,16,2,[1 8],23,23,25,0,23
1,<environment.Job instance at 0x1526c987a5f0>,17,2,[ 1 10],26,26,28,0,26
1,<environment.Job instance at 0x1526c987ab40>,28,1,[1 9],40,49,50,9,49
1,<environment.Job instance at 0x1526c987afa0>,29,1,[10  2],41,49,50,8,49
1,<environment.Job instance at 0x1526c987af50>,30,3,[1 7],44,50,53,6,49
1,<environment.Job instance at 0x1526c985a050>,31,1,[6 2],45,50,51,5,49
1,<environment.Job instance at 0x1526c985a280>,32,15,[7 2],46,50,65,4,49
1,<environment.Job instance at 0x1526c985a2d0>,33,2,[7 2],47,51,53,4,49
1,<environment.Job instance at 0x1526c985a320>,34,13,[6 1],48,53,66,5,49
1,<environment.Job instance at 0x1526c985a500>,35,2,[1 5],49,53,55,4,49
1,<environment.Job instance at 0x1526c985ab90>,36,2,[6 1],50,65,67,15,50
1,<environment.Job instance at 0x1526c985acd0>,37,15,[2 8],52,55,70,3,53
1,<environment.Job instance at 0x1526c985af50>,39,1,[ 2 10],55,70,71,15,55
1,<environment.Job instance at 0x1526c985a9b0>,40,2,[2 8],58,71,73,13,58
1,<environment.Job instance at 0x1526c98711e0>,41,16,[8 1],60,67,83,7,60
1,<environment.Job instance at 0x1526c9871320>,42,2,[6 2],61,73,75,12,61
1,<environment.Job instance at 0x1526c98714b0>,43,1,[2 5],62,66,67,4,62
1,<environment.Job instance at 0x1526c98715f0>,44,3,[2 8],66,75,78,9,66
1,<environment.Job instance at 0x1526c9871730>,45,2,[1 9],67,73,75,6,67
1,<environment.Job instance at 0x1526c9871870>,46,3,[2 6],68,75,78,7,68
1,<environment.Job instance at 0x1526c98719b0>,47,2,[5 2],69,69,71,0,69
1,<environment.Job instance at 0x1526c9871af0>,48,2,[ 2 10],72,78,80,6,72
1,<environment.Job instance at 0x1526c9871b40>,49,3,[2 8],73,80,83,7,73
1,<environment.Job instance at 0x1526c9871e10>,50,1,[2 5],74,80,81,6,74
1,<environment.Job instance at 0x1526c9871f50>,51,2,[5 1],75,78,80,3,75
1,<environment.Job instance at 0x1526c987a9b0>,21,2,[1 6],30,81,83,51,80
1,<environment.Job instance at 0x1526c98617d0>,57,23,[2 9],82,83,106,1,82
1,<environment.Job instance at 0x1526c987aa50>,22,24,[9 2],31,83,107,52,83
1,<environment.Job instance at 0x1526c98744b0>,67,2,[8 1],100,107,109,7,100
1,<environment.Job instance at 0x15269a675be0>,87,1,[2 9],128,158,159,30,158
1,<environment.Job instance at 0x1526c9648320>,82,1,[2 9],119,166,167,47,166
1,<environment.Job instance at 0x1526c987aa00>,23,2,[8 2],33,171,173,138,171
1,<environment.Job instance at 0x15269a6750a0>,89,14,[ 1 10],133,178,192,45,178
1,<environment.Job instance at 0x15269a38bf50>,93,3,[1 6],140,229,232,89,229
1,<environment.Job instance at 0x15269ab99c30>,99,18,[2 7],149,229,247,80,229
1,<environment.Job instance at 0x15269a6458c0>,90,1,[1 6],136,265,266,129,265
1,<environment.Job instance at 0x1526c96bbe60>,80,3,[13  1],117,442,445,325,442
1,<environment.Job instance at 0x1526c7e6c820>,2,1,[1 8],6,26,27,20,26
1,<environment.Job instance at 0x1526c97d5500>,3,2,[5 2],7,564,566,557,564
1,<environment.Job instance at 0x15269a0a2190>,8,16,[9 2],12,1429,1445,1417,1429
1,<environment.Job instance at 0x15269a64fa00>,18,23,[5 2],24,2126,2149,2102,2126
1,<environment.Job instance at 0x15269a0abbe0>,2,22,[2 8],4,6,28,2,6
1,<environment.Job instance at 0x15269a0abcd0>,5,2,[ 1 12],7,28,30,21,7
1,<environment.Job instance at 0x15269a0ab730>,6,2,[7 1],8,8,10,0,8
1,<environment.Job instance at 0x1526c853e780>,7,1,[10  2],9,10,11,1,9
1,<environment.Job instance at 0x15269a765c80>,31,1,[10  2],45,45,46,0,45
1,<environment.Job instance at 0x15269a7659b0>,32,1,[5 1],46,46,47,0,46
1,<environment.Job instance at 0x15269a765c30>,33,3,[1 8],47,49,52,2,49
1,<environment.Job instance at 0x15269a7655f0>,36,2,[2 8],52,52,54,0,52
1,<environment.Job instance at 0x15269a765410>,37,1,[ 1 10],53,54,55,1,53
1,<environment.Job instance at 0x15269a6ec9b0>,43,18,[5 2],60,67,85,7,67
1,<environment.Job instance at 0x15269a8ef190>,51,2,[8 1],74,91,93,17,91
1,<environment.Job instance at 0x15269a5159b0>,52,1,[10  1],75,93,94,18,91
1,<environment.Job instance at 0x15269a8eff50>,53,2,[5 1],76,91,93,15,91
1,<environment.Job instance at 0x15269a8efb90>,54,1,[1 6],77,91,92,14,91
1,<environment.Job instance at 0x15269a7c95f0>,75,2,[7 2],112,164,166,52,164
1,<environment.Job instance at 0x152699ff2230>,76,2,[13  2],113,166,168,53,164
1,<environment.Job instance at 0x15269ab520a0>,78,3,[7 2],116,183,186,67,183
1,<environment.Job instance at 0x1526c8559780>,86,1,[1 9],127,244,245,117,244
1,<environment.Job instance at 0x1526c4248140>,87,1,[8 1],128,244,245,116,244
1,<environment.Job instance at 0x15269a065eb0>,89,1,[1 6],131,245,246,114,244
1,<environment.Job instance at 0x15269a1ab640>,90,2,[1 5],132,244,246,112,244
1,<environment.Job instance at 0x1526cd494870>,101,1,[2 8],145,283,284,138,283
1,<environment.Job instance at 0x1526d026bf00>,103,1,[10  2],147,284,285,137,284
1,<environment.Job instance at 0x15269a6ec190>,41,1,[5 1],58,316,317,258,316
1,<environment.Job instance at 0x15269a8ef8c0>,57,13,[ 1 14],82,366,379,284,366
1,<environment.Job instance at 0x15269a6ec3c0>,42,3,[5 1],59,391,394,332,391
1,<environment.Job instance at 0x15269a1039b0>,1,1,[11  2],2,3,4,1,3
1,<environment.Job instance at 0x15269a765640>,2,18,[8 2],3,4,22,1,3
1,<environment.Job instance at 0x1526c96a5320>,13,1,[7 1],18,1332,1333,1314,1332
1,<environment.Job instance at 0x15269abb7730>,24,3,[8 1],37,2451,2454,2414,2451
1,<environment.Job instance at 0x1526cf33c500>,39,3,[1 7],56,2635,2638,2579,2635
1,<environment.Job instance at 0x1553d1eaef50>,7,1,[2 6],8,8,9,0,8
1,<environment.Job instance at 0x1553d47075a0>,14,2,[ 1 10],18,18,20,0,18
1,<environment.Job instance at 0x1553dbab2190>,15,1,[ 1 10],20,20,21,0,20
1,<environment.Job instance at 0x1553d1ea47d0>,16,1,[2 5],21,22,23,1,22
1,<environment.Job instance at 0x1553d1ea4140>,25,2,[2 8],34,38,40,4,38
1,<environment.Job instance at 0x1553d1ea4870>,26,1,[2 7],35,38,39,3,38
1,<environment.Job instance at 0x1553d1ea4640>,21,3,[6 1],29,39,42,10,38
1,<environment.Job instance at 0x1553d1ea4960>,22,1,[2 7],30,40,41,10,38
1,<environment.Job instance at 0x1553d1ea4050>,27,2,[2 7],36,40,42,4,38
1,<environment.Job instance at 0x1553d1ea3c30>,28,2,[2 7],37,54,56,17,54
1,<environment.Job instance at 0x1553d1ea35a0>,33,1,[2 7],43,54,55,11,54
1,<environment.Job instance at 0x1553dadcd3c0>,34,15,[11  1],44,54,69,10,54
1,<environment.Job instance at 0x1553d1ea3140>,36,3,[10  2],48,69,72,21,57
1,<environment.Job instance at 0x1553d23a9c80>,42,1,[10  1],56,72,73,16,57
1,<environment.Job instance at 0x1553d20e2af0>,43,3,[7 2],57,73,76,16,57
1,<environment.Job instance at 0x1553d2103050>,44,3,[1 8],58,63,66,5,63
1,<environment.Job instance at 0x1553d2103230>,45,3,[2 8],60,66,69,6,66
1,<environment.Job instance at 0x1553d21022d0>,46,2,[2 8],61,69,71,8,66
1,<environment.Job instance at 0x1553d2102410>,47,1,[1 6],63,66,67,3,66
1,<environment.Job instance at 0x1553d2102af0>,48,1,[2 9],65,71,72,6,66
1,<environment.Job instance at 0x1553d21027d0>,49,16,[8 2],66,73,89,7,66
1,<environment.Job instance at 0x1553d2102b90>,50,12,[9 1],68,89,101,21,76
1,<environment.Job instance at 0x1553d20ed500>,51,2,[8 2],69,101,103,32,77
1,<environment.Job instance at 0x1553d20ed6e0>,52,2,[1 7],72,141,143,69,141
1,<environment.Job instance at 0x1553d2102690>,53,3,[6 1],73,148,151,75,148
1,<environment.Job instance at 0x1553d20fff00>,54,2,[2 5],75,180,182,105,180
1,<environment.Job instance at 0x1553d20ff5f0>,55,16,[2 5],76,186,202,110,186
1,<environment.Job instance at 0x1553d1ea41e0>,20,2,[ 1 13],27,202,204,175,187
1,<environment.Job instance at 0x1553d20ff960>,56,1,[10  2],79,202,203,123,202
1,<environment.Job instance at 0x1553d3ce9730>,7,13,[ 1 14],12,43,56,31,43
1,<environment.Job instance at 0x1553d9832be0>,29,1,[2 9],44,205,206,161,205
1,<environment.Job instance at 0x1553d98324b0>,33,12,[7 1],50,231,243,181,231
1,<environment.Job instance at 0x1553d9766e10>,16,2,[1 9],28,231,233,203,231
1,<environment.Job instance at 0x1553d98325a0>,35,3,[8 1],52,234,237,182,234
1,<environment.Job instance at 0x1553d2a11a00>,40,18,[8 1],58,237,255,179,234
1,<environment.Job instance at 0x1553d2a11820>,41,16,[1 6],59,243,259,184,237
1,<environment.Job instance at 0x1553d2a11eb0>,42,17,[1 6],61,243,260,182,238
1,<environment.Job instance at 0x1553d3cef320>,1,3,[12  1],4,255,258,251,242
1,<environment.Job instance at 0x1553d2a11fa0>,47,1,[9 1],71,258,259,187,242
1,<environment.Job instance at 0x1553d2a11b90>,48,12,[1 5],72,259,271,187,243
1,<environment.Job instance at 0x1553d2a115f0>,49,2,[6 2],73,259,261,186,243
1,<environment.Job instance at 0x1553d2a11870>,50,1,[9 1],75,261,262,186,243
1,<environment.Job instance at 0x1553d2a11320>,51,2,[8 1],76,262,264,186,243
1,<environment.Job instance at 0x1553d2a11e60>,52,1,[ 1 10],77,264,265,187,243
1,<environment.Job instance at 0x1553d2a11370>,53,2,[1 5],79,260,262,181,243
1,<environment.Job instance at 0x1553d2a11140>,54,3,[1 5],80,265,268,185,243
1,<environment.Job instance at 0x1553d2a117d0>,55,2,[10  2],81,265,267,184,243
1,<environment.Job instance at 0x1553d2a11190>,56,3,[2 8],85,268,271,183,243
1,<environment.Job instance at 0x1553d2a119b0>,57,1,[2 6],86,262,263,176,243
1,<environment.Job instance at 0x1553d3b56050>,58,2,[1 6],87,271,273,184,244
1,<environment.Job instance at 0x1553d3b56870>,63,2,[2 5],98,273,275,175,273
1,<environment.Job instance at 0x1553d3b565a0>,68,2,[ 2 12],106,278,280,172,278
1,<environment.Job instance at 0x1553d2a11cd0>,43,17,[7 1],62,374,391,312,374
1,<environment.Job instance at 0x1553d2a14c80>,78,3,[1 5],119,800,803,681,800
1,<environment.Job instance at 0x1553d2a149b0>,79,21,[ 2 13],120,1066,1087,946,1066
1,<environment.Job instance at 0x1553d2a14fa0>,80,1,[2 8],121,1217,1218,1096,1217
1,<environment.Job instance at 0x1553d2a14d70>,81,1,[7 1],122,1415,1416,1293,1415
1,<environment.Job instance at 0x1553d2a142d0>,82,18,[5 2],123,1441,1459,1318,1441
1,<environment.Job instance at 0x1553d2a14af0>,83,2,[8 2],125,1493,1495,1368,1493
1,<environment.Job instance at 0x1553d2a14e60>,84,3,[1 7],126,1932,1935,1806,1932
1,<environment.Job instance at 0x1553d2a14f00>,85,18,[8 1],127,2228,2246,2101,2228
1,<environment.Job instance at 0x1553d2a14be0>,86,1,[5 2],128,2268,2269,2140,2268
1,<environment.Job instance at 0x1553d97662d0>,8,27,[1 8],13,2357,2384,2344,2357
1,<environment.Job instance at 0x1553d2a14960>,87,1,[1 8],129,2384,2385,2255,2362
1,<environment.Job instance at 0x1553d2a14dc0>,89,2,[5 2],132,2402,2404,2270,2402
1,<environment.Job instance at 0x1553d2a145f0>,90,2,[1 7],134,2697,2699,2563,2697
1,<environment.Job instance at 0x1553d2a140a0>,88,3,[1 7],130,2776,2779,2646,2776
1,<environment.Job instance at 0x1553d3b93b90>,2,1,[6 1],3,3,4,0,3
1,<environment.Job instance at 0x1553d3beb190>,9,3,[1 8],18,18,21,0,18
1,<environment.Job instance at 0x1553d3bebd70>,10,2,[2 7],21,21,23,0,21
1,<environment.Job instance at 0x1553d3beb910>,11,2,[9 2],22,22,24,0,22
1,<environment.Job instance at 0x1553d3b1d280>,23,2,[ 2 12],40,138,140,98,138
1,<environment.Job instance at 0x1553d3b1d9b0>,24,1,[6 2],41,167,168,126,167
1,<environment.Job instance at 0x1553d3b7b910>,51,1,[2 7],84,173,174,89,173
1,<environment.Job instance at 0x1553d3b7b1e0>,57,3,[1 7],93,180,183,87,180
1,<environment.Job instance at 0x1553d3b5b910>,64,26,[9 1],104,195,221,91,195
1,<environment.Job instance at 0x1553d3b5bf50>,62,14,[1 9],100,470,484,370,470
1,<environment.Job instance at 0x1553d3b933c0>,78,2,[8 1],126,485,487,359,485
1,<environment.Job instance at 0x1553d2379e10>,87,2,[8 2],138,487,489,349,486
1,<environment.Job instance at 0x1553d3b8fcd0>,88,14,[9 1],140,489,503,349,488
1,<environment.Job instance at 0x1553d3ae6d70>,91,15,[1 5],143,489,504,346,489
1,<environment.Job instance at 0x1553d3aee230>,95,15,[10  1],149,508,523,359,508
1,<environment.Job instance at 0x1553d3b5ff50>,93,2,[1 8],146,529,531,383,529
1,<environment.Job instance at 0x1553d3aeec30>,99,2,[6 1],154,599,601,445,599
1,<environment.Job instance at 0x1553d3a8e4b0>,100,3,[10  1],156,666,669,510,666
1,<environment.Job instance at 0x1553d3a8eeb0>,101,3,[10  2],157,679,682,522,679
1,<environment.Job instance at 0x1553d3b1d050>,25,3,[2 7],43,949,952,906,949
1,<environment.Job instance at 0x1553d4787320>,0,2,[1 7],1,2,4,1,2
1,<environment.Job instance at 0x1553d4787410>,4,16,[1 5],5,5,21,0,5
1,<environment.Job instance at 0x1553d97bac80>,9,3,[6 1],10,22,25,12,22
1,<environment.Job instance at 0x1553d8db9280>,17,1,[2 9],22,22,23,0,22
1,<environment.Job instance at 0x1553d8db9190>,21,1,[5 2],27,27,28,0,27
1,<environment.Job instance at 0x1553c0aa3730>,4,27,[1 7],5,6,33,1,6
1,<environment.Job instance at 0x1553d01f3aa0>,15,1,[5 1],23,23,24,0,23
1,<environment.Job instance at 0x1553d00f0eb0>,24,1,[8 1],39,39,40,0,39
1,<environment.Job instance at 0x1553d0083af0>,26,1,[2 9],44,44,45,0,44
1,<environment.Job instance at 0x1553d47370a0>,28,12,[7 1],46,46,58,0,46
1,<environment.Job instance at 0x1553d010b9b0>,35,28,[5 1],56,759,787,703,759
1,<environment.Job instance at 0x1553c0abc7d0>,22,1,[ 1 12],36,764,765,728,764
1,<environment.Job instance at 0x1553d3d0c780>,0,2,[5 2],1,2,4,1,2
1,<environment.Job instance at 0x1553d3d0ce10>,2,1,[1 7],3,3,4,0,3
1,<environment.Job instance at 0x1553c0894730>,4,1,[6 2],7,7,8,0,7
1,<environment.Job instance at 0x1553c0894640>,5,1,[5 1],8,8,9,0,8
1,<environment.Job instance at 0x1553c0894820>,6,1,[2 6],10,10,11,0,10
1,<environment.Job instance at 0x1553c0894be0>,8,2,[9 1],12,12,14,0,12
1,<environment.Job instance at 0x1553c08955f0>,17,17,[7 1],24,1249,1266,1225,1249
1,<environment.Job instance at 0x1553c096a8c0>,7,2,[8 2],12,17,19,5,17
1,<environment.Job instance at 0x1553c096a9b0>,5,1,[1 8],10,18,19,8,18
1,<environment.Job instance at 0x1553c096ac80>,3,2,[ 1 11],7,19,21,12,18
1,<environment.Job instance at 0x1553c096a140>,11,2,[ 1 10],16,21,23,5,18
1,<environment.Job instance at 0x1553c096a5a0>,6,2,[2 9],11,23,25,12,18
1,<environment.Job instance at 0x1553c096ac30>,12,3,[ 2 14],17,25,28,8,19
1,<environment.Job instance at 0x1553c09bacd0>,15,1,[8 1],20,20,21,0,20
1,<environment.Job instance at 0x1553c09ba780>,16,1,[7 2],22,22,23,0,22
1,<environment.Job instance at 0x1553c096af00>,10,1,[8 2],15,23,24,8,22
1,<environment.Job instance at 0x1553c09ba4b0>,18,3,[1 7],24,28,31,4,24
1,<environment.Job instance at 0x1553c09ba410>,19,2,[6 2],26,28,30,2,26
1,<environment.Job instance at 0x1553c09baa00>,20,3,[9 1],27,30,33,3,27
1,<environment.Job instance at 0x1553c096afa0>,13,1,[5 1],18,28,29,10,28
1,<environment.Job instance at 0x1553c09ba8c0>,21,14,[7 1],28,33,47,5,28
1,<environment.Job instance at 0x1553c09ccd20>,24,1,[1 9],31,32,33,1,32
1,<environment.Job instance at 0x1553c09cc370>,34,23,[2 6],44,44,67,0,44
1,<environment.Job instance at 0x1553c09053c0>,38,1,[8 2],49,59,60,10,59
1,<environment.Job instance at 0x1553c0905730>,39,2,[7 2],51,60,62,9,59
1,<environment.Job instance at 0x1553c09cc550>,25,16,[1 8],32,479,495,447,479
1,<environment.Job instance at 0x1553c090d5f0>,55,13,[ 2 11],80,866,879,786,866
1,<environment.Job instance at 0x1553c090d730>,56,3,[1 8],81,1477,1480,1396,1477
1,<environment.Job instance at 0x1553c09d9f00>,57,1,[8 1],83,1942,1943,1859,1942
1,<environment.Job instance at 0x1553c090d6e0>,54,3,[11  1],79,1948,1951,1869,1948
1,<environment.Job instance at 0x1553c09d9cd0>,59,12,[7 2],86,1953,1965,1867,1953
1,<environment.Job instance at 0x1553c09d9c80>,62,2,[7 2],94,1959,1961,1865,1959
1,<environment.Job instance at 0x1553c09d9500>,63,2,[5 2],96,1961,1963,1865,1960
1,<environment.Job instance at 0x1553c09172d0>,65,1,[6 2],98,1963,1964,1865,1960
1,<environment.Job instance at 0x1553c0917e10>,64,1,[ 2 10],97,1962,1963,1865,1962
1,<environment.Job instance at 0x1553d02c43c0>,67,16,[2 9],100,1964,1980,1864,1964
1,<environment.Job instance at 0x1553c08c3c80>,68,2,[5 2],101,1971,1973,1870,1971
1,<environment.Job instance at 0x1553c0917780>,69,21,[5 1],102,1971,1992,1869,1971
1,<environment.Job instance at 0x1553c08c3a00>,70,3,[2 8],103,1980,1983,1877,1971
1,<environment.Job instance at 0x1553d8ef1dc0>,71,3,[8 2],105,1973,1976,1868,1971
1,<environment.Job instance at 0x1553c0917e60>,66,2,[ 1 12],99,1986,1988,1887,1986
1,<environment.Job instance at 0x1553c08c4370>,73,2,[1 6],107,1988,1990,1881,1987
1,<environment.Job instance at 0x1553c0905a00>,45,3,[12  1],59,1992,1995,1933,1992
1,<environment.Job instance at 0x1553d9790eb0>,74,2,[8 1],108,1995,1997,1887,1992
1,<environment.Job instance at 0x1553db93ac30>,76,2,[1 8],111,1992,1994,1881,1992
1,<environment.Job instance at 0x1553c0c5b410>,82,2,[1 7],119,1994,1996,1875,1994
1,<environment.Job instance at 0x1553c09d94b0>,58,16,[9 1],84,1997,2013,1913,1996
1,<environment.Job instance at 0x1553c08c4190>,72,1,[ 2 10],106,2001,2002,1895,2001
1,<environment.Job instance at 0x1553d3af68c0>,91,1,[2 6],132,2004,2005,1872,2004
1,<environment.Job instance at 0x1553c0a2c6e0>,98,2,[8 2],143,2013,2015,1870,2013
1,<environment.Job instance at 0x1553c0881820>,101,2,[7 1],148,2017,2019,1869,2017
1,<environment.Job instance at 0x1553c088bb40>,102,21,[6 1],150,2017,2038,1867,2017
1,<environment.Job instance at 0x1553d975c780>,95,1,[6 1],136,2071,2072,1935,2071
1,<environment.Job instance at 0x1553c088b1e0>,105,1,[ 2 10],154,2118,2119,1964,2118
1,<environment.Job instance at 0x1553c088b9b0>,103,3,[ 2 13],152,2119,2122,1967,2118
1,<environment.Job instance at 0x1553c096a640>,8,15,[10  1],13,2118,2133,2105,2118
1,<environment.Job instance at 0x1553c088bb90>,107,1,[1 7],158,2127,2128,1969,2127
1,<environment.Job instance at 0x1553c097baf0>,1,27,[5 2],2,3,30,1,3
1,<environment.Job instance at 0x1553c0ba3460>,19,1,[1 7],30,30,31,0,30
1,<environment.Job instance at 0x1553c0ba3eb0>,20,21,[9 1],31,31,52,0,31
1,<environment.Job instance at 0x1553d9821550>,24,2,[ 2 10],36,36,38,0,36
1,<environment.Job instance at 0x1553d9821af0>,26,1,[1 9],39,39,40,0,39
1,<environment.Job instance at 0x1553d9821c80>,27,1,[2 7],40,40,41,0,40
1,<environment.Job instance at 0x1553d9821410>,29,1,[1 9],43,43,44,0,43
1,<environment.Job instance at 0x1553c0ba33c0>,16,3,[2 8],25,50,53,25,50
1,<environment.Job instance at 0x1553c0c03fa0>,34,16,[9 2],50,52,68,2,50
1,<environment.Job instance at 0x1553d0243b40>,35,3,[ 2 10],51,58,61,7,58
1,<environment.Job instance at 0x1553d0243af0>,36,15,[6 1],53,61,76,8,58
1,<environment.Job instance at 0x1553d02435a0>,39,1,[5 1],56,68,69,12,58
1,<environment.Job instance at 0x1553d0243230>,40,1,[8 1],58,69,70,11,59
1,<environment.Job instance at 0x1553d3c13a50>,42,1,[2 9],61,68,69,7,62
1,<environment.Job instance at 0x1553c0ba3730>,22,15,[10  2],33,76,91,43,75
1,<environment.Job instance at 0x1553d3c13fa0>,46,1,[10  1],66,96,97,30,96
1,<environment.Job instance at 0x1553d3c13f00>,53,17,[5 1],74,100,117,26,100
1,<environment.Job instance at 0x1553c0d8ea00>,57,26,[8 1],78,102,128,24,102
1,<environment.Job instance at 0x1553c0d8e2d0>,60,27,[6 1],81,117,144,36,115
1,<environment.Job instance at 0x1553c0a915a0>,61,21,[9 2],82,128,149,46,120
1,<environment.Job instance at 0x1553d3c130a0>,51,1,[1 6],72,125,126,53,125
1,<environment.Job instance at 0x1553d4742320>,69,16,[5 2],93,155,171,62,155
1,<environment.Job instance at 0x1553d97e85f0>,71,28,[14  1],98,171,199,73,170
1,<environment.Job instance at 0x1553d3c13730>,43,3,[1 9],62,177,180,115,177
1,<environment.Job instance at 0x1553d4742690>,64,2,[2 9],85,623,625,538,623
1,<environment.Job instance at 0x1553d98210a0>,23,2,[5 1],35,632,634,597,632
1,<environment.Job instance at 0x1553d3650320>,80,2,[1 8],109,1283,1285,1174,1283
1,<environment.Job instance at 0x1553d3d79500>,82,1,[1 5],111,1289,1290,1178,1289
1,<environment.Job instance at 0x1553d3d79870>,83,2,[9 1],112,1296,1298,1184,1296
1,<environment.Job instance at 0x1553d3d79a00>,84,3,[9 2],113,1298,1301,1185,1298
1,<environment.Job instance at 0x1553d3b84fa0>,85,17,[5 2],114,1313,1330,1199,1313
1,<environment.Job instance at 0x1553d015f050>,86,2,[2 6],116,1321,1323,1205,1321
1,<environment.Job instance at 0x1553d015feb0>,87,1,[ 1 10],117,1352,1353,1235,1352
1,<environment.Job instance at 0x1553d8dbbc30>,88,1,[2 7],118,1521,1522,1403,1521
1,<environment.Job instance at 0x1553d465d320>,89,2,[2 6],119,1709,1711,1590,1709
1,<environment.Job instance at 0x1553d013e910>,90,17,[5 2],120,1749,1766,1629,1749
1,<environment.Job instance at 0x1553d013e190>,91,2,[5 1],122,1873,1875,1751,1873
1,<environment.Job instance at 0x1553d013e1e0>,92,2,[8 2],123,1882,1884,1759,1882
1,<environment.Job instance at 0x1553d3d796e0>,81,2,[1 5],110,1994,1996,1884,1994
1,<environment.Job instance at 0x1553d013e550>,93,2,[12  1],125,2058,2060,1933,2058
1,<environment.Job instance at 0x1553d013e280>,95,1,[2 8],127,2237,2238,2110,2237
1,<environment.Job instance at 0x1553d013e410>,96,18,[10  2],128,2297,2315,2169,2297
1,<environment.Job instance at 0x1553d013e780>,97,12,[2 9],129,2557,2569,2428,2557
1,<environment.Job instance at 0x1553d013ef00>,98,15,[2 5],130,2576,2591,2446,2576
1,<environment.Job instance at 0x1553d013eaa0>,99,3,[1 6],131,2638,2641,2507,2638
1,<environment.Job instance at 0x1553d013e640>,100,2,[1 8],133,2811,2813,2678,2811
1,<environment.Job instance at 0x1553d013e370>,101,17,[7 1],134,2837,2854,2703,2837
1,<environment.Job instance at 0x1553d013e820>,102,16,[8 2],135,2870,2886,2735,2870
1,<environment.Job instance at 0x1553db9a0320>,3,2,[1 7],4,4,6,0,4
1,<environment.Job instance at 0x1553d017d870>,8,2,[8 2],12,12,14,0,12
1,<environment.Job instance at 0x1553d017d960>,10,1,[5 2],19,19,20,0,19
1,<environment.Job instance at 0x1553d017deb0>,16,2,[7 1],27,27,29,0,27
1,<environment.Job instance at 0x1553d017dbe0>,17,1,[ 1 10],28,28,29,0,28
1,<environment.Job instance at 0x1553d018e370>,18,26,[2 5],29,29,55,0,29
1,<environment.Job instance at 0x1553d018f370>,30,2,[ 2 13],49,55,57,6,53
1,<environment.Job instance at 0x1553d018f500>,35,3,[6 2],56,56,59,0,56
1,<environment.Job instance at 0x1553d018f550>,34,1,[1 9],55,57,58,2,57
1,<environment.Job instance at 0x1553d018fa50>,37,1,[2 6],58,58,59,0,58
1,<environment.Job instance at 0x1553d018f960>,39,2,[2 8],61,61,63,0,61
1,<environment.Job instance at 0x1553d018fc80>,41,3,[2 5],65,65,68,0,65
1,<environment.Job instance at 0x1553d018ffa0>,42,18,[5 2],67,67,85,0,67
1,<environment.Job instance at 0x1553d018fdc0>,43,1,[1 6],68,68,69,0,68
1,<environment.Job instance at 0x1553d01a1370>,44,2,[2 6],70,70,72,0,70
1,<environment.Job instance at 0x1553d01a1460>,45,2,[6 2],71,71,73,0,71
1,<environment.Job instance at 0x1553d982faa0>,46,3,[2 7],72,72,75,0,72
1,<environment.Job instance at 0x1553d01de7d0>,47,1,[10  1],76,76,77,0,76
1,<environment.Job instance at 0x1553d3c19550>,48,3,[10  1],77,77,80,0,77
1,<environment.Job instance at 0x1553d018c050>,49,2,[6 1],78,80,82,2,78
1,<environment.Job instance at 0x1553d3af3eb0>,50,3,[1 5],79,80,83,1,79
1,<environment.Job instance at 0x1553d018c640>,51,2,[10  2],80,83,85,3,80
1,<environment.Job instance at 0x1553c07b7aa0>,52,1,[9 1],81,82,83,1,81
1,<environment.Job instance at 0x1553d3c20410>,53,1,[1 8],82,85,86,3,82
1,<environment.Job instance at 0x1553c07850a0>,54,25,[9 1],83,85,110,2,83
1,<environment.Job instance at 0x1553c0c3f5a0>,55,3,[2 7],84,86,89,2,84
1,<environment.Job instance at 0x1553d00383c0>,56,1,[7 1],85,110,111,25,85
1,<environment.Job instance at 0x1553c0c3f550>,57,2,[7 2],86,110,112,24,86
1,<environment.Job instance at 0x1553c0c5f1e0>,58,13,[10  1],88,112,125,24,96
1,<environment.Job instance at 0x1553c0c5faf0>,60,2,[8 1],90,125,127,35,98
1,<environment.Job instance at 0x1553c0c5fcd0>,61,1,[6 2],91,98,99,7,98
1,<environment.Job instance at 0x1553c0c5fc80>,62,1,[9 1],92,127,128,35,99
1,<environment.Job instance at 0x1553c07aceb0>,63,1,[2 5],94,99,100,5,99
1,<environment.Job instance at 0x1553d3b09050>,64,3,[10  2],97,128,131,31,102
1,<environment.Job instance at 0x1553c0b65460>,65,1,[2 7],98,102,103,4,102
1,<environment.Job instance at 0x1553d01992d0>,66,2,[ 1 14],100,103,105,3,102
1,<environment.Job instance at 0x1553d0199d70>,67,1,[7 2],101,111,112,10,102
1,<environment.Job instance at 0x1553d0199c30>,68,3,[9 1],102,131,134,29,105
1,<environment.Job instance at 0x1553d3b04050>,69,15,[6 1],103,131,146,28,117
1,<environment.Job instance at 0x1553d3b04780>,70,1,[2 5],104,117,118,13,117
1,<environment.Job instance at 0x1553d3aef640>,71,2,[1 5],106,117,119,11,117
1,<environment.Job instance at 0x1553d3aeff50>,72,3,[2 8],107,120,123,13,120
1,<environment.Job instance at 0x1553d3c22e10>,74,26,[5 2],109,134,160,25,131
1,<environment.Job instance at 0x1553d3aef1e0>,75,1,[8 2],110,146,147,36,131
1,<environment.Job instance at 0x1553d3c220a0>,76,2,[2 6],111,134,136,23,133
1,<environment.Job instance at 0x1553c0c590a0>,77,3,[1 9],112,136,139,24,133
1,<environment.Job instance at 0x1553c0c590f0>,78,2,[1 7],114,139,141,25,133
1,<environment.Job instance at 0x1553c0c61730>,79,3,[2 9],115,141,144,26,133
1,<environment.Job instance at 0x1553c0c61640>,81,1,[5 1],117,147,148,30,133
1,<environment.Job instance at 0x1553c0c61f50>,85,1,[ 1 10],125,144,145,19,134
1,<environment.Job instance at 0x1553c0c61550>,87,2,[9 2],128,148,150,20,143
1,<environment.Job instance at 0x1553c0c5df00>,95,1,[ 1 12],144,172,173,28,172
1,<environment.Job instance at 0x1553d018f910>,36,16,[ 1 11],57,175,191,118,175
1,<environment.Job instance at 0x1553c0c5d0f0>,100,1,[9 1],150,187,188,37,187
1,<environment.Job instance at 0x1553d3c3c460>,104,1,[12  2],155,190,191,35,190
1,<environment.Job instance at 0x1553d3c3c730>,105,1,[5 1],156,191,192,35,190
1,<environment.Job instance at 0x1553c0c5db90>,98,13,[2 9],147,288,301,141,288
1,<environment.Job instance at 0x1553c0c5fb90>,59,3,[2 6],89,333,336,244,333
1,<environment.Job instance at 0x1553d3c3c690>,103,2,[13  1],154,363,365,209,363
1,<environment.Job instance at 0x1553d1ec44b0>,9,1,[7 2],20,20,21,0,20
1,<environment.Job instance at 0x1553d1ea6b90>,17,1,[1 9],30,30,31,0,30
1,<environment.Job instance at 0x1553d1ea6640>,18,2,[2 6],31,31,33,0,31
1,<environment.Job instance at 0x1553d1ea62d0>,19,3,[ 2 10],32,33,36,1,32
1,<environment.Job instance at 0x1553c07a2b40>,24,1,[2 5],39,39,40,0,39
1,<environment.Job instance at 0x1553c07a21e0>,28,1,[5 2],43,52,53,9,52
1,<environment.Job instance at 0x1553c07a2e10>,29,12,[2 9],44,85,97,41,85
1,<environment.Job instance at 0x1553c07a2af0>,31,2,[5 1],54,112,114,58,112
1,<environment.Job instance at 0x1553c07a2cd0>,32,2,[1 6],55,118,120,63,118
1,<environment.Job instance at 0x1553c07a20a0>,34,1,[6 1],57,122,123,65,122
1,<environment.Job instance at 0x1553c07a2dc0>,35,18,[10  2],59,133,151,74,133
1,<environment.Job instance at 0x1553c0785640>,36,1,[6 1],60,151,152,91,147
1,<environment.Job instance at 0x1553c07a2960>,37,1,[2 9],61,161,162,100,161
1,<environment.Job instance at 0x1553c07a2aa0>,26,1,[ 1 13],41,164,165,123,164
1,<environment.Job instance at 0x1553c07a2730>,30,1,[11  1],53,166,167,113,166
1,<environment.Job instance at 0x1553c0785eb0>,44,2,[9 2],71,167,169,96,166
1,<environment.Job instance at 0x1553c0785b90>,43,17,[9 2],69,169,186,100,166
1,<environment.Job instance at 0x1553c0785aa0>,48,1,[1 8],78,168,169,90,168
1,<environment.Job instance at 0x1553c07a2fa0>,33,2,[1 8],56,198,200,142,198
1,<environment.Job instance at 0x1553dada20f0>,58,2,[1 5],90,204,206,114,204
1,<environment.Job instance at 0x1553dada2dc0>,62,1,[1 5],95,214,215,119,214
1,<environment.Job instance at 0x1553dada2f00>,63,2,[1 9],96,214,216,118,214
1,<environment.Job instance at 0x1553dada29b0>,64,2,[1 7],99,216,218,117,214
1,<environment.Job instance at 0x1553dada2050>,65,3,[1 8],100,216,219,116,215
1,<environment.Job instance at 0x1553dada2910>,67,2,[2 8],102,219,221,117,215
1,<environment.Job instance at 0x1553dada27d0>,68,3,[1 7],103,218,221,115,215
1,<environment.Job instance at 0x1553dada2550>,69,2,[6 1],104,221,223,117,215
1,<environment.Job instance at 0x1553dada2870>,70,3,[7 2],105,221,224,116,215
1,<environment.Job instance at 0x1553dada2410>,71,2,[8 1],106,223,225,117,215
1,<environment.Job instance at 0x1553c0b58280>,73,1,[10  1],108,225,226,117,225
1,<environment.Job instance at 0x1553c0b58230>,74,2,[8 2],110,226,228,116,225
1,<environment.Job instance at 0x1553c0b58f00>,75,1,[1 6],111,225,226,114,225
1,<environment.Job instance at 0x1553c0b58140>,76,3,[6 1],112,226,229,114,225
1,<environment.Job instance at 0x1553c0b587d0>,77,16,[1 5],113,234,250,121,234
1,<environment.Job instance at 0x1553dada26e0>,59,13,[1 9],91,238,251,147,238
1,<environment.Job instance at 0x1553c0b58a00>,81,3,[1 8],118,251,254,133,238
1,<environment.Job instance at 0x1553c0b58870>,83,3,[1 9],121,254,257,133,240
1,<environment.Job instance at 0x1553c0785190>,38,1,[1 5],62,301,302,239,301
1,<environment.Job instance at 0x1553c0b58b90>,82,2,[2 5],120,331,333,211,331
1,<environment.Job instance at 0x1553c0ab6370>,88,2,[1 7],126,333,335,207,333
1,<environment.Job instance at 0x1553c0ab6c30>,91,1,[2 7],130,338,339,208,338
1,<environment.Job instance at 0x1553c0ab6140>,89,2,[1 6],127,357,359,230,357
1,<environment.Job instance at 0x1553c0ab6a50>,93,3,[ 2 10],132,378,381,246,378
1,<environment.Job instance at 0x1553c0ab6640>,94,2,[9 1],134,382,384,248,382
1,<environment.Job instance at 0x1553c0ab6960>,95,1,[2 5],135,385,386,250,385
1,<environment.Job instance at 0x1553c0ab6eb0>,96,3,[1 8],137,388,391,251,388
1,<environment.Job instance at 0x1553c0ab66e0>,97,2,[2 8],140,399,401,259,399
1,<environment.Job instance at 0x1553c0ab68c0>,98,17,[1 8],142,411,428,269,411
1,<environment.Job instance at 0x1553d1e96f50>,101,12,[1 7],146,414,426,268,414
1,<environment.Job instance at 0x1553d1e96820>,103,3,[10  1],148,446,449,298,446
1,<environment.Job instance at 0x1553d1e966e0>,105,2,[2 9],150,457,459,307,457
1,<environment.Job instance at 0x1553c0ab67d0>,86,13,[8 1],124,459,472,335,459
1,<environment.Job instance at 0x1553d1e96780>,107,2,[8 1],152,475,477,323,475
1,<environment.Job instance at 0x1553d1e965a0>,109,1,[ 2 10],155,477,478,322,477
1,<environment.Job instance at 0x1553d1e968c0>,108,16,[7 2],154,485,501,331,485
1,<environment.Job instance at 0x1553d1e96aa0>,106,2,[8 2],151,516,518,365,516
1,<environment.Job instance at 0x1553c0b58c80>,80,17,[12  1],117,535,552,418,535
1,<environment.Job instance at 0x1553d1e96c30>,111,12,[ 2 11],158,565,577,407,565
1,<environment.Job instance at 0x1553d3b35a50>,6,18,[8 2],9,9,27,0,9
1,<environment.Job instance at 0x1553d3b35cd0>,12,2,[2 6],15,17,19,2,17
1,<environment.Job instance at 0x1553d3b15230>,15,3,[1 5],20,20,23,0,20
1,<environment.Job instance at 0x1553d239e690>,20,1,[7 2],28,36,37,8,36
1,<environment.Job instance at 0x1553d239e140>,21,25,[1 7],29,36,61,7,36
1,<environment.Job instance at 0x1553c0b03410>,22,1,[ 2 10],30,61,62,31,36
1,<environment.Job instance at 0x1553c0b03af0>,23,2,[2 5],31,36,38,5,36
1,<environment.Job instance at 0x1553d49bc910>,8,3,[2 6],12,68,71,56,68
1,<environment.Job instance at 0x1553c0fe7140>,30,1,[14  1],41,191,192,150,191
1,<environment.Job instance at 0x1553d4606640>,33,1,[8 1],44,192,193,148,191
1,<environment.Job instance at 0x1553c0b714b0>,16,3,[2 8],23,194,197,171,194
1,<environment.Job instance at 0x1553d0184190>,37,16,[6 1],50,194,210,144,194
1,<environment.Job instance at 0x1553d01844b0>,38,1,[ 1 10],52,202,203,150,202
1,<environment.Job instance at 0x1553c0cc18c0>,50,1,[1 5],68,203,204,135,203
1,<environment.Job instance at 0x1553c0cc1050>,51,1,[8 2],69,203,204,134,203
1,<environment.Job instance at 0x1553c0cc1c30>,52,2,[7 1],70,204,206,134,203
1,<environment.Job instance at 0x1553c0cc1780>,53,1,[10  1],71,210,211,139,203
1,<environment.Job instance at 0x1553c0cc1690>,54,2,[ 1 10],72,204,206,132,203
1,<environment.Job instance at 0x1553d978f500>,55,2,[1 8],73,206,208,133,203
1,<environment.Job instance at 0x1553d978faa0>,56,3,[2 5],74,206,209,132,203
1,<environment.Job instance at 0x1553d978f4b0>,58,2,[7 1],76,208,210,132,205
1,<environment.Job instance at 0x1553c0a8de60>,59,15,[2 7],77,209,224,132,205
1,<environment.Job instance at 0x1553c0a8d1e0>,60,1,[2 5],78,210,211,132,205
1,<environment.Job instance at 0x1553c0a8d640>,61,3,[ 1 11],81,224,227,143,205
1,<environment.Job instance at 0x1553c0a8daf0>,62,2,[1 9],82,227,229,145,205
1,<environment.Job instance at 0x1553c0a8d3c0>,63,2,[2 5],83,211,213,128,205
1,<environment.Job instance at 0x1553c0a8da00>,64,3,[1 5],86,213,216,127,205
1,<environment.Job instance at 0x1553c0a8d4b0>,65,1,[8 1],87,211,212,124,205
1,<environment.Job instance at 0x1553c0a8df50>,66,2,[8 2],88,212,214,124,205
1,<environment.Job instance at 0x1553d3c50050>,67,14,[9 2],89,214,228,125,205
1,<environment.Job instance at 0x1553d3c50500>,68,2,[5 2],90,224,226,134,205
1,<environment.Job instance at 0x1553d3c50fa0>,69,3,[1 5],91,216,219,125,205
1,<environment.Job instance at 0x1553d3c505a0>,70,1,[1 5],93,219,220,126,205
1,<environment.Job instance at 0x1553d3c50e60>,71,16,[8 1],94,228,244,134,215
1,<environment.Job instance at 0x1553c0c93140>,78,1,[1 9],102,231,232,129,231
1,<environment.Job instance at 0x1553c0cc1be0>,49,2,[5 2],67,247,249,180,247
1,<environment.Job instance at 0x1553c0c93dc0>,82,3,[2 6],108,252,255,144,252
1,<environment.Job instance at 0x1553c0c93f00>,85,3,[5 1],111,256,259,145,256
1,<environment.Job instance at 0x1553c0c93690>,86,2,[8 1],113,256,258,143,256
1,<environment.Job instance at 0x1553c0c936e0>,87,3,[9 1],114,258,261,144,256
1,<environment.Job instance at 0x1553c0c93b90>,88,3,[8 2],115,261,264,146,256
1,<environment.Job instance at 0x1553c0c93af0>,84,3,[ 1 14],110,264,267,154,257
1,<environment.Job instance at 0x1553c0c93e60>,94,23,[1 5],124,280,303,156,280
1,<environment.Job instance at 0x1553d3cfc0a0>,97,1,[8 2],127,282,283,155,282
1,<environment.Job instance at 0x1553d3cfccd0>,98,2,[7 1],128,283,285,155,282
1,<environment.Job instance at 0x1553d3cfc410>,99,1,[5 1],129,282,283,153,282
1,<environment.Job instance at 0x1553d3cfc2d0>,100,2,[2 8],130,283,285,153,282
1,<environment.Job instance at 0x1553d3cfcaa0>,101,3,[7 1],131,285,288,154,282
1,<environment.Job instance at 0x1553d3cfc190>,102,3,[8 2],132,288,291,156,282
1,<environment.Job instance at 0x1553d3cfceb0>,103,2,[10  1],134,291,293,157,282
1,<environment.Job instance at 0x1553d3cfce10>,104,22,[5 1],136,293,315,157,286
1,<environment.Job instance at 0x1553c0c93320>,90,2,[2 7],119,305,307,186,305
1,<environment.Job instance at 0x1553d3cfc370>,107,3,[1 5],142,310,313,168,310
1,<environment.Job instance at 0x1553d3cfcc80>,110,1,[7 2],146,311,312,165,311
1,<environment.Job instance at 0x1553c0b69c30>,115,2,[6 2],152,315,317,163,315
1,<environment.Job instance at 0x1553c0b696e0>,116,1,[1 5],154,315,316,161,315
1,<environment.Job instance at 0x1553c0fda640>,117,2,[5 2],155,315,317,160,315
1,<environment.Job instance at 0x1553c0fda410>,118,2,[8 1],156,317,319,161,315
1,<environment.Job instance at 0x1553c0fda5f0>,119,2,[8 1],157,319,321,162,315
1,<environment.Job instance at 0x1553d3cfcb40>,112,12,[9 1],148,321,333,173,315
1,<environment.Job instance at 0x1553c0fda190>,121,3,[10  2],159,333,336,174,316
1,<environment.Job instance at 0x1553d239eeb0>,19,1,[2 7],27,343,344,316,343
1,<environment.Job instance at 0x1553d46067d0>,31,3,[10  1],42,392,395,350,392
1,<environment.Job instance at 0x1553c08c3550>,5,13,[8 1],6,242,255,236,242
1,<environment.Job instance at 0x1553c08c39b0>,7,2,[ 1 10],8,461,463,453,461
1,<environment.Job instance at 0x1553d5cd4690>,8,1,[5 1],9,563,564,554,563
1,<environment.Job instance at 0x1553d5cd4be0>,9,3,[5 2],10,630,633,620,630
1,<environment.Job instance at 0x1553d5cd4190>,10,17,[6 2],14,883,900,869,883
1,<environment.Job instance at 0x1553d5cd4d70>,11,3,[5 2],15,1292,1295,1277,1292
1,<environment.Job instance at 0x1553d5cd4a50>,12,15,[10  2],16,1335,1350,1319,1335
1,<environment.Job instance at 0x1553d5cd4cd0>,13,2,[8 2],17,1350,1352,1333,1339
1,<environment.Job instance at 0x1553d5cd47d0>,14,2,[11  1],18,1827,1829,1809,1827
1,<environment.Job instance at 0x1553d5cd4230>,15,1,[8 2],19,2075,2076,2056,2075
1,<environment.Job instance at 0x1553d5cd4f50>,16,12,[1 8],20,2376,2388,2356,2376
1,<environment.Job instance at 0x1553d5cd4500>,17,28,[ 2 10],21,2519,2547,2498,2519
1,<environment.Job instance at 0x1553c08c3c30>,6,1,[6 1],7,2938,2939,2931,2938
1,<environment.Job instance at 0x1553d5cd46e0>,18,3,[9 1],24,2970,2973,2946,2970
1,<environment.Job instance at 0x1553c08a3a00>,5,1,[ 2 10],12,12,13,0,12
1,<environment.Job instance at 0x1553c0d87af0>,23,1,[2 9],38,71,72,33,71
1,<environment.Job instance at 0x1553c0d87320>,24,1,[10  2],39,71,72,32,71
1,<environment.Job instance at 0x1553c0d879b0>,25,2,[5 2],42,74,76,32,74
1,<environment.Job instance at 0x1553c0d87140>,28,1,[7 2],46,93,94,47,93
1,<environment.Job instance at 0x1553d2384730>,32,1,[1 7],57,127,128,70,127
1,<environment.Job instance at 0x1553c0d87fa0>,17,1,[5 2],31,179,180,148,179
1,<environment.Job instance at 0x1553d2384a00>,38,14,[10  2],69,179,193,110,179
1,<environment.Job instance at 0x1553d2384e60>,39,2,[2 6],70,181,183,111,181
1,<environment.Job instance at 0x1553c0a9c410>,40,17,[1 9],71,183,200,112,182
1,<environment.Job instance at 0x1553c0a9cd70>,42,1,[8 1],73,199,200,126,199
1,<environment.Job instance at 0x1553c0a9c550>,43,1,[6 1],74,206,207,132,206
1,<environment.Job instance at 0x1553c0d87640>,18,18,[10  2],32,209,227,177,209
1,<environment.Job instance at 0x1553c0a9ca50>,44,1,[1 9],78,214,215,136,214
1,<environment.Job instance at 0x1553c0a9c5f0>,46,17,[6 1],83,227,244,144,218
1,<environment.Job instance at 0x1553c0a9cc30>,47,1,[2 8],84,235,236,151,235
1,<environment.Job instance at 0x1553c0a9c5a0>,48,2,[9 1],87,236,238,149,235
1,<environment.Job instance at 0x1553c0a9c500>,49,18,[2 8],88,238,256,150,235
1,<environment.Job instance at 0x1553c0a9c820>,50,13,[7 2],91,241,254,150,241
1,<environment.Job instance at 0x1553c0d87be0>,15,2,[14  1],27,268,270,241,268
1,<environment.Job instance at 0x1553c0d87aa0>,16,14,[6 2],30,270,284,240,268
1,<environment.Job instance at 0x1553c099fbe0>,52,3,[5 2],97,270,273,173,268
1,<environment.Job instance at 0x1553c099f910>,55,1,[9 1],101,273,274,172,268
1,<environment.Job instance at 0x1553c099f780>,59,13,[ 1 13],106,274,287,168,268
1,<environment.Job instance at 0x1553c099faa0>,61,2,[8 1],108,284,286,176,268
1,<environment.Job instance at 0x1553c099fa50>,60,2,[10  1],107,286,288,179,268
1,<environment.Job instance at 0x1553c0bbf640>,66,3,[2 5],114,270,273,156,268
1,<environment.Job instance at 0x1553c0bbf370>,67,1,[6 1],115,284,285,169,268
1,<environment.Job instance at 0x1553c0bbfc80>,68,1,[5 2],117,287,288,170,268
1,<environment.Job instance at 0x1553c0bbfb40>,69,1,[6 1],118,285,286,167,268
1,<environment.Job instance at 0x1553c0bbf140>,70,3,[2 5],124,270,273,146,268
1,<environment.Job instance at 0x1553c0bbf9b0>,71,2,[2 5],126,288,290,162,268
1,<environment.Job instance at 0x1553c0bbf230>,72,1,[2 9],127,288,289,161,268
1,<environment.Job instance at 0x1553d8e28960>,73,18,[7 2],129,289,307,160,284
1,<environment.Job instance at 0x1553d8dbb3c0>,88,3,[2 9],146,290,293,144,284
1,<environment.Job instance at 0x1553d4788be0>,89,2,[1 9],148,293,295,145,284
1,<environment.Job instance at 0x1553d00b2c80>,90,3,[ 2 12],150,295,298,145,284
1,<environment.Job instance at 0x1553d0071500>,91,3,[9 1],151,307,310,156,284
1,<environment.Job instance at 0x1553d00719b0>,92,3,[1 8],153,298,301,145,284
1,<environment.Job instance at 0x1553d8e7b0a0>,93,2,[5 1],157,288,290,131,284
1,<environment.Job instance at 0x1553d3c6edc0>,94,1,[2 5],158,298,299,140,284
1,<environment.Job instance at 0x1553d3c6efa0>,95,2,[1 8],159,301,303,142,284
1,<environment.Job instance at 0x1553c099f230>,62,3,[2 9],110,303,306,193,288
1,<environment.Job instance at 0x1553c0a9c640>,45,3,[10  2],82,325,328,243,325
1,<environment.Job instance at 0x1553c099f550>,57,2,[2 5],104,325,327,221,325
1,<environment.Job instance at 0x1553c099f550>,2,2,[11  1],4,4,6,0,4
1,<environment.Job instance at 0x1553d4648870>,4,27,[9 2],8,8,35,0,8
1,<environment.Job instance at 0x1553d462e6e0>,17,1,[9 1],23,35,36,12,23
1,<environment.Job instance at 0x1553c0579730>,31,1,[5 2],40,46,47,6,46
1,<environment.Job instance at 0x1553d4645be0>,58,27,[7 1],81,301,328,220,301
1,<environment.Job instance at 0x1553c05797d0>,33,16,[ 1 10],43,563,579,520,563
1,<environment.Job instance at 0x1553c0d90460>,92,2,[6 2],138,2776,2778,2638,2776
1,<environment.Job instance at 0x1553c0d90460>,1,1,[7 1],4,6,7,2,6
1,<environment.Job instance at 0x1553d9831dc0>,3,15,[10  1],6,7,22,1,6
1,<environment.Job instance at 0x1553d4645690>,10,3,[2 5],15,15,18,0,15
1,<environment.Job instance at 0x1553d4645c80>,11,12,[5 2],16,18,30,2,16
1,<environment.Job instance at 0x1553c0eb5820>,14,16,[7 1],21,22,38,1,21
1,<environment.Job instance at 0x1553c0eb5730>,15,1,[1 7],22,22,23,0,22
1,<environment.Job instance at 0x1553c0eb5370>,16,2,[1 8],23,23,25,0,23
1,<environment.Job instance at 0x1553c0eb57d0>,17,2,[ 1 10],26,26,28,0,26
1,<environment.Job instance at 0x1553c0a40190>,22,24,[9 2],31,38,62,7,33
1,<environment.Job instance at 0x1553c0a402d0>,33,2,[7 2],47,62,64,15,52
1,<environment.Job instance at 0x1553c0d1bd20>,35,2,[1 5],49,62,64,13,62
1,<environment.Job instance at 0x1553c0d1bb40>,36,2,[6 1],50,62,64,12,62
1,<environment.Job instance at 0x1553c0d1beb0>,39,1,[ 2 10],55,66,67,11,66
1,<environment.Job instance at 0x1553c0d1b870>,40,2,[2 8],58,67,69,9,66
1,<environment.Job instance at 0x1553c0d1b730>,41,16,[8 1],60,67,83,7,67
1,<environment.Job instance at 0x1553c0d1b780>,42,2,[6 2],61,69,71,8,67
1,<environment.Job instance at 0x1553c0d1b960>,43,1,[2 5],62,67,68,5,67
1,<environment.Job instance at 0x1553c0cf6a50>,44,3,[2 8],66,71,74,5,67
1,<environment.Job instance at 0x1553c0cf6550>,45,2,[1 9],67,69,71,2,67
1,<environment.Job instance at 0x1553c0cf6c80>,46,3,[2 6],68,71,74,3,68
1,<environment.Job instance at 0x1553c0cefaf0>,47,2,[5 2],69,74,76,5,69
1,<environment.Job instance at 0x1553c0cefaa0>,48,2,[ 2 10],72,74,76,2,72
1,<environment.Job instance at 0x1553c0cefb90>,49,3,[2 8],73,76,79,3,73
1,<environment.Job instance at 0x1553c0cef190>,50,1,[2 5],74,76,77,2,74
1,<environment.Job instance at 0x1553c0cefdc0>,51,2,[5 1],75,77,79,2,75
1,<environment.Job instance at 0x1553c0cef960>,52,17,[6 2],76,79,96,3,77
1,<environment.Job instance at 0x1553c0cefd20>,53,1,[9 1],77,83,84,6,77
1,<environment.Job instance at 0x1553c0797820>,56,2,[2 7],81,84,86,3,81
1,<environment.Job instance at 0x1553c0797f00>,57,23,[2 9],82,86,109,4,82
1,<environment.Job instance at 0x1553c0eabc30>,67,2,[8 1],100,100,102,0,100
1,<environment.Job instance at 0x1553c0eabc80>,68,3,[2 7],101,109,112,8,101
1,<environment.Job instance at 0x1553c0eda910>,69,1,[1 6],102,102,103,0,102
1,<environment.Job instance at 0x1553c0edac30>,70,1,[8 1],106,106,107,0,106
1,<environment.Job instance at 0x1553c0eda730>,71,1,[10  1],107,107,108,0,107
1,<environment.Job instance at 0x1553d46460f0>,73,2,[9 1],109,109,111,0,109
1,<environment.Job instance at 0x1553d4646960>,75,12,[7 1],111,111,123,0,111
1,<environment.Job instance at 0x1553d46466e0>,77,3,[7 1],113,113,116,0,113
1,<environment.Job instance at 0x1553d3bafb40>,78,2,[2 8],115,116,118,1,115
1,<environment.Job instance at 0x1553d465d690>,82,1,[2 9],119,123,124,4,123
1,<environment.Job instance at 0x1553c0f75e60>,84,1,[10  1],125,125,126,0,125
1,<environment.Job instance at 0x1553d29e97d0>,85,1,[7 2],126,126,127,0,126
1,<environment.Job instance at 0x1553c0a16730>,87,1,[2 9],128,128,129,0,128
1,<environment.Job instance at 0x1553c0a40410>,23,2,[8 2],33,165,167,132,165
1,<environment.Job instance at 0x1553d982a370>,80,3,[13  1],117,167,170,50,166
1,<environment.Job instance at 0x1553d0072460>,94,26,[ 2 10],141,166,192,25,166
1,<environment.Job instance at 0x1553d97a59b0>,98,1,[2 9],148,192,193,44,166
1,<environment.Job instance at 0x1553c0a40960>,20,13,[9 1],29,170,183,141,169
1,<environment.Job instance at 0x1553d0072870>,95,3,[ 2 10],142,199,202,57,199
1,<environment.Job instance at 0x1553c0c53820>,102,1,[1 8],156,212,213,56,212
1,<environment.Job instance at 0x1553c0c538c0>,103,2,[5 2],157,217,219,60,217
1,<environment.Job instance at 0x1553c0c53f00>,104,19,[8 1],158,220,239,62,220
1,<environment.Job instance at 0x1553c0c53050>,105,1,[8 2],159,239,240,80,233
1,<environment.Job instance at 0x1553d97a5e60>,100,14,[13  1],153,543,557,390,543
1,<environment.Job instance at 0x1553c0a40820>,27,14,[9 1],39,557,571,518,547
1,<environment.Job instance at 0x1553d007f230>,4,2,[2 7],5,5,7,0,5
1,<environment.Job instance at 0x1553d3b06960>,5,2,[9 1],6,6,8,0,6
1,<environment.Job instance at 0x1553d3b069b0>,6,1,[1 8],7,7,8,0,7
1,<environment.Job instance at 0x1553d3b06af0>,7,2,[10  2],8,9,11,1,9
1,<environment.Job instance at 0x1553d3aeb190>,11,23,[5 2],14,20,43,6,20
1,<environment.Job instance at 0x1553d3aeb7d0>,18,12,[11  1],23,49,61,26,49
1,<environment.Job instance at 0x1553d3aebe10>,24,3,[7 2],31,61,64,30,52
1,<environment.Job instance at 0x1553d3aebd20>,25,2,[2 7],32,61,63,29,61
1,<environment.Job instance at 0x1553d3aebe60>,28,2,[ 1 10],38,63,65,25,61
1,<environment.Job instance at 0x1553d3b01190>,29,1,[9 2],39,64,65,25,64
1,<environment.Job instance at 0x1553d3b01500>,33,1,[2 6],47,65,66,18,64
1,<environment.Job instance at 0x1553d3b01460>,32,1,[ 1 10],46,66,67,20,64
1,<environment.Job instance at 0x1553d3b014b0>,34,1,[2 6],48,76,77,28,76
1,<environment.Job instance at 0x1553d3b01690>,37,1,[7 2],52,77,78,25,77
1,<environment.Job instance at 0x1553d3b01780>,38,12,[1 5],53,96,108,43,96
1,<environment.Job instance at 0x1553d3b01aa0>,41,3,[6 2],57,104,107,47,104
1,<environment.Job instance at 0x1553d3ad9140>,45,26,[2 6],62,104,130,42,104
1,<environment.Job instance at 0x1553d3ad9050>,46,1,[2 6],63,128,129,65,128
1,<environment.Job instance at 0x1553d3ad9780>,51,3,[ 2 10],68,130,133,62,128
1,<environment.Job instance at 0x1553d3ad9820>,52,2,[5 1],69,128,130,59,128
1,<environment.Job instance at 0x1553d3ad9690>,50,1,[ 2 10],67,133,134,66,129
1,<environment.Job instance at 0x1553d3aeb820>,19,18,[2 9],24,176,194,152,176
1,<environment.Job instance at 0x1553d3ad9fa0>,60,1,[1 6],79,215,216,136,215
1,<environment.Job instance at 0x1553c0ba5140>,64,3,[5 1],83,248,251,165,248
1,<environment.Job instance at 0x1553c0ba5460>,67,16,[2 7],90,250,266,160,250
1,<environment.Job instance at 0x1553c0ba54b0>,68,3,[ 2 13],94,266,269,172,259
1,<environment.Job instance at 0x1553d3aeb960>,17,3,[ 2 12],22,269,272,247,264
1,<environment.Job instance at 0x1553d3aeb8c0>,20,2,[2 8],25,264,266,239,264
1,<environment.Job instance at 0x1553c0ba5aa0>,72,3,[2 8],100,272,275,172,264
1,<environment.Job instance at 0x1553c0ba5820>,71,21,[1 5],99,272,293,173,264
1,<environment.Job instance at 0x1553c0ba5550>,77,3,[8 1],105,266,269,161,264
1,<environment.Job instance at 0x1553c0b6e5f0>,86,3,[2 6],117,275,278,158,264
1,<environment.Job instance at 0x1553c0b6e500>,87,2,[2 8],118,278,280,160,265
1,<environment.Job instance at 0x1553c0b6e6e0>,89,2,[7 1],120,269,271,149,268
1,<environment.Job instance at 0x1553c0b6e780>,90,2,[2 9],121,280,282,159,268
1,<environment.Job instance at 0x1553c0b6e820>,91,1,[1 7],122,282,283,160,268
1,<environment.Job instance at 0x1553c0b6e8c0>,92,2,[7 1],123,271,273,148,269
1,<environment.Job instance at 0x1553c0b6e640>,88,2,[1 8],119,288,290,169,288
1,<environment.Job instance at 0x1553d3acd5a0>,100,2,[5 1],134,288,290,154,288
1,<environment.Job instance at 0x1553d3acd0f0>,99,1,[2 7],133,290,291,157,288
1,<environment.Job instance at 0x1553d3acda00>,102,1,[ 1 10],138,291,292,153,288
1,<environment.Job instance at 0x1553d3acd500>,101,1,[2 9],136,292,293,156,288
1,<environment.Job instance at 0x1553d02e8410>,110,2,[ 1 12],147,307,309,160,307
1,<environment.Job instance at 0x1553d028e730>,111,2,[7 1],148,307,309,159,307
1,<environment.Job instance at 0x1553c0d7da50>,112,1,[10  2],149,309,310,160,307
1,<environment.Job instance at 0x1553d3acd460>,104,1,[1 7],140,336,337,196,336
1,<environment.Job instance at 0x1553d97ca6e0>,118,16,[5 1],159,340,356,181,340
1,<environment.Job instance at 0x1553c0ba5be0>,74,2,[1 6],102,352,354,250,352
1,<environment.Job instance at 0x1553d8e094b0>,16,1,[10  2],25,25,26,0,25
1,<environment.Job instance at 0x1553d1ec4e10>,17,1,[5 1],26,26,27,0,26
1,<environment.Job instance at 0x1553c0d422d0>,19,2,[5 1],28,28,30,0,28
1,<environment.Job instance at 0x1553d23cd3c0>,22,1,[ 1 10],33,33,34,0,33
1,<environment.Job instance at 0x1553d23cd280>,23,16,[8 1],35,35,51,0,35
1,<environment.Job instance at 0x1553d4a22140>,24,3,[8 2],36,51,54,15,36
1,<environment.Job instance at 0x1553c0d209b0>,25,1,[2 8],37,37,38,0,37
1,<environment.Job instance at 0x1553d8e76d70>,26,1,[5 1],38,38,39,0,38
1,<environment.Job instance at 0x1553c09055f0>,27,3,[5 1],39,39,42,0,39
1,<environment.Job instance at 0x1553c0d42dc0>,21,2,[2 8],32,59,61,27,59
1,<environment.Job instance at 0x1553d36736e0>,43,1,[10  1],65,70,71,5,70
1,<environment.Job instance at 0x1553c0553960>,32,18,[ 1 10],50,465,483,415,465
1,<environment.Job instance at 0x1553c0c9eb90>,62,15,[10  2],94,612,627,518,612
1,<environment.Job instance at 0x1553c0c9e320>,63,3,[7 2],96,1115,1118,1019,1115
1,<environment.Job instance at 0x1553c0c9e280>,64,16,[1 8],97,1167,1183,1070,1167
1,<environment.Job instance at 0x1553c0c9e140>,65,3,[5 1],99,1189,1192,1090,1189
1,<environment.Job instance at 0x1553c0c9e4b0>,66,1,[2 9],101,1261,1262,1160,1261
1,<environment.Job instance at 0x1553c0c9e3c0>,67,1,[5 2],102,1872,1873,1770,1872
1,<environment.Job instance at 0x1553c0c9e230>,68,3,[6 2],103,2223,2226,2120,2223
1,<environment.Job instance at 0x1553c0c9e190>,69,18,[1 7],104,2810,2828,2706,2810
1,<environment.Job instance at 0x1553d9761910>,4,3,[8 1],7,8,11,1,8
1,<environment.Job instance at 0x1553d9761a00>,5,1,[1 6],8,8,9,0,8
1,<environment.Job instance at 0x1553d9761460>,6,1,[2 7],9,9,10,0,9
1,<environment.Job instance at 0x1553d9761500>,7,2,[ 1 10],10,10,12,0,10
1,<environment.Job instance at 0x1553c0f82eb0>,8,1,[7 1],11,11,12,0,11
1,<environment.Job instance at 0x1553d020c1e0>,1,22,[1 7],2,12,34,10,11
1,<environment.Job instance at 0x1553c0f82b40>,16,3,[ 1 10],20,34,37,14,31
1,<environment.Job instance at 0x1553c0e4feb0>,21,22,[5 2],29,33,55,4,33
1,<environment.Job instance at 0x1553d3c05b90>,25,1,[ 1 11],36,37,38,1,36
1,<environment.Job instance at 0x1553d49b16e0>,28,13,[5 2],39,39,52,0,39
1,<environment.Job instance at 0x1553d49b1370>,29,13,[9 2],40,52,65,12,42
1,<environment.Job instance at 0x1553d49b1640>,30,1,[2 6],41,46,47,5,46
1,<environment.Job instance at 0x1553c0f82410>,17,17,[1 7],21,48,65,27,48
1,<environment.Job instance at 0x1553d49b1190>,33,17,[1 8],45,65,82,20,53
1,<environment.Job instance at 0x1553d3bcff00>,38,3,[1 6],51,55,58,4,53
1,<environment.Job instance at 0x1553d3bcf870>,36,1,[ 2 10],49,82,83,33,57
1,<environment.Job instance at 0x1553d3bcf3c0>,40,2,[ 1 10],53,83,85,30,59
1,<environment.Job instance at 0x1553d3bcfb40>,41,1,[2 9],54,85,86,31,59
1,<environment.Job instance at 0x1553d3bcfe10>,42,21,[10  1],55,65,86,10,59
1,<environment.Job instance at 0x1553c054c500>,55,18,[7 1],75,137,155,62,137
1,<environment.Job instance at 0x1553d3bcfc80>,37,3,[2 9],50,247,250,197,247
1,<environment.Job instance at 0x1553c0e4f690>,18,2,[1 9],22,276,278,254,276
1,<environment.Job instance at 0x1553c0edb640>,63,2,[ 1 10],83,282,284,199,282
1,<environment.Job instance at 0x1553c0edbe10>,65,2,[1 5],85,295,297,210,295
1,<environment.Job instance at 0x1553c0edb550>,64,13,[6 1],84,297,310,213,297
1,<environment.Job instance at 0x1553c06ec780>,66,2,[6 1],86,330,332,244,330
1,<environment.Job instance at 0x1553c0ea8960>,68,3,[1 7],88,437,440,349,437
1,<environment.Job instance at 0x1553d3b3c550>,69,3,[1 8],90,458,461,368,458
1,<environment.Job instance at 0x1553c0d4aa00>,70,3,[7 1],92,482,485,390,482
1,<environment.Job instance at 0x1553d9809050>,71,14,[2 7],93,677,691,584,677
1,<environment.Job instance at 0x1553c0edbaf0>,72,12,[ 1 10],96,802,814,706,802
1,<environment.Job instance at 0x1553d4a4f780>,73,1,[ 2 10],97,927,928,830,927
1,<environment.Job instance at 0x1553c0f75f00>,74,2,[1 9],99,955,957,856,955
1,<environment.Job instance at 0x1553d231aaa0>,75,2,[5 2],101,974,976,873,974
1,<environment.Job instance at 0x1553c0edfc80>,76,2,[1 5],102,1036,1038,934,1036
1,<environment.Job instance at 0x1553c0fdab90>,77,21,[5 2],104,1041,1062,937,1041
1,<environment.Job instance at 0x1553c0933a00>,78,2,[ 1 10],105,1048,1050,943,1048
1,<environment.Job instance at 0x1553d8dcf370>,79,14,[2 5],106,1054,1068,948,1054
1,<environment.Job instance at 0x1553d98209b0>,80,3,[2 9],107,1390,1393,1283,1390
1,<environment.Job instance at 0x1553d3c1cdc0>,81,1,[10  1],108,1498,1499,1390,1498
1,<environment.Job instance at 0x1553c0edfdc0>,82,2,[2 9],109,1585,1587,1476,1585
1,<environment.Job instance at 0x1553d0290640>,83,3,[6 1],111,1600,1603,1489,1600
1,<environment.Job instance at 0x1553d011b320>,67,3,[2 8],87,1605,1608,1518,1605
1,<environment.Job instance at 0x1553d9764dc0>,84,2,[8 2],113,1616,1618,1503,1616
1,<environment.Job instance at 0x1553d9764d20>,86,2,[7 2],116,1778,1780,1662,1778
1,<environment.Job instance at 0x1553d9764af0>,87,3,[10  2],117,1787,1790,1670,1787
1,<environment.Job instance at 0x1553c09f4960>,88,2,[6 2],120,1798,1800,1678,1798
1,<environment.Job instance at 0x1553d018fbe0>,85,3,[6 2],115,1855,1858,1740,1855
1,<environment.Job instance at 0x1553d5cdce60>,89,3,[10  2],121,1903,1906,1782,1903
1,<environment.Job instance at 0x1553d3bd2140>,90,2,[8 2],122,1906,1908,1784,1903
1,<environment.Job instance at 0x1553d97900a0>,91,3,[7 1],124,1988,1991,1864,1988
1,<environment.Job instance at 0x1553c0d16370>,93,2,[6 2],127,2019,2021,1892,2019
1,<environment.Job instance at 0x1553d3ac05f0>,92,3,[7 2],125,2092,2095,1967,2092
1,<environment.Job instance at 0x1553d016a0f0>,95,1,[1 7],129,2105,2106,1976,2105
1,<environment.Job instance at 0x1553c0d16910>,94,2,[7 1],128,2197,2199,2069,2197
1,<environment.Job instance at 0x1553c0a48eb0>,97,3,[10  1],132,2242,2245,2110,2242
1,<environment.Job instance at 0x1553c0a48230>,98,2,[5 1],134,2337,2339,2203,2337
1,<environment.Job instance at 0x1553c0c2e690>,99,16,[1 5],137,2391,2407,2254,2391
1,<environment.Job instance at 0x1553d5cfa140>,100,1,[10  2],138,2402,2403,2264,2402
1,<environment.Job instance at 0x1553d983b2d0>,96,1,[5 2],131,2406,2407,2275,2406
1,<environment.Job instance at 0x1553d5cfa7d0>,102,3,[9 1],140,2415,2418,2275,2415
1,<environment.Job instance at 0x1553d5cfa6e0>,101,27,[6 1],139,2446,2473,2307,2446
1,<environment.Job instance at 0x1553d5cfa910>,104,3,[5 1],145,2464,2467,2319,2464
1,<environment.Job instance at 0x1553d3bc3aa0>,105,15,[ 2 13],146,2876,2891,2730,2876
1,<environment.Job instance at 0x1553d3bc33c0>,106,12,[9 1],147,2896,2908,2749,2896
1,<environment.Job instance at 0x1553d49d5780>,0,1,[9 2],1,2,3,1,2
1,<environment.Job instance at 0x1553c0eb3870>,1,1,[6 2],3,4,5,1,4
1,<environment.Job instance at 0x1553d3beb370>,4,1,[10  2],6,7,8,1,7
1,<environment.Job instance at 0x1553d3beb5a0>,5,1,[12  1],8,8,9,0,8
1,<environment.Job instance at 0x1553d3bebd20>,6,25,[1 7],9,10,35,1,10
1,<environment.Job instance at 0x1553d3bebe10>,9,1,[ 1 11],14,35,36,21,14
1,<environment.Job instance at 0x1553d4774d20>,11,1,[ 2 10],19,36,37,17,20
1,<environment.Job instance at 0x1553d4774a50>,18,1,[2 8],28,28,29,0,28
1,<environment.Job instance at 0x1553d0308500>,22,1,[6 2],32,35,36,3,35
1,<environment.Job instance at 0x1553d03084b0>,26,3,[2 9],37,41,44,4,41
1,<environment.Job instance at 0x1553d4665d20>,34,3,[2 8],48,58,61,10,58
1,<environment.Job instance at 0x1553d4665f00>,35,1,[5 1],49,58,59,9,58
1,<environment.Job instance at 0x1553d4665820>,36,25,[ 1 10],51,61,86,10,58
1,<environment.Job instance at 0x1553d0308fa0>,25,20,[6 1],35,180,200,145,180
1,<environment.Job instance at 0x1553d0308e10>,23,2,[8 1],33,180,182,147,180
1,<environment.Job instance at 0x1553c0cefaa0>,53,3,[6 2],78,182,185,104,180
1,<environment.Job instance at 0x1553c0cef3c0>,54,1,[5 2],80,185,186,105,180
1,<environment.Job instance at 0x1553c0cefc80>,57,13,[9 2],85,186,199,101,180
1,<environment.Job instance at 0x1553d3645500>,60,3,[7 1],90,199,202,109,180
1,<environment.Job instance at 0x1553d36450a0>,61,17,[8 1],92,285,302,193,285
1,<environment.Job instance at 0x1553d36452d0>,64,16,[1 8],96,467,483,371,467
1,<environment.Job instance at 0x1553d3645730>,65,3,[13  1],97,488,491,391,488
1,<environment.Job instance at 0x1553d238a9b0>,69,16,[5 2],103,492,508,389,492
1,<environment.Job instance at 0x1553d238ad70>,70,12,[7 2],104,514,526,410,514
1,<environment.Job instance at 0x1553d238aa50>,71,1,[2 6],105,552,553,447,552
1,<environment.Job instance at 0x1553d238a8c0>,72,26,[1 6],106,552,578,446,552
1,<environment.Job instance at 0x1553d3d3c5a0>,73,2,[8 1],107,556,558,449,556
1,<environment.Job instance at 0x1553d3d3c5f0>,74,2,[6 1],108,576,578,468,576
1,<environment.Job instance at 0x1553c0cef5a0>,55,17,[2 7],83,584,601,501,584
1,<environment.Job instance at 0x1553d3d3c960>,75,3,[7 2],110,585,588,475,585
1,<environment.Job instance at 0x1553d3d3c640>,77,1,[ 2 10],112,601,602,489,587
1,<environment.Job instance at 0x1553c09f9e60>,78,2,[5 2],114,623,625,509,623
1,<environment.Job instance at 0x1553c06a01e0>,76,3,[2 6],111,645,648,534,645
1,<environment.Job instance at 0x1553d3d3cf00>,79,1,[7 2],115,649,650,534,649
1,<environment.Job instance at 0x1553d0203aa0>,81,3,[1 6],117,658,661,541,658
1,<environment.Job instance at 0x1553d46eb320>,80,15,[10  2],116,664,679,548,664
1,<environment.Job instance at 0x1553d3ae6370>,82,2,[2 7],118,667,669,549,667
1,<environment.Job instance at 0x1553d3ae68c0>,83,3,[7 1],119,680,683,561,680
1,<environment.Job instance at 0x1553c0c275f0>,84,14,[6 1],120,697,711,577,697
1,<environment.Job instance at 0x1553d4a00e10>,86,2,[8 1],123,706,708,583,706
1,<environment.Job instance at 0x1553d97fc8c0>,87,3,[ 2 10],125,708,711,583,708
1,<environment.Job instance at 0x1553d4666eb0>,88,1,[1 6],129,733,734,604,733
1,<environment.Job instance at 0x1553c0d16c30>,89,3,[1 8],130,787,790,657,787
1,<environment.Job instance at 0x1553c0846870>,90,2,[2 7],132,798,800,666,798
1,<environment.Job instance at 0x1553c0477190>,91,14,[10  1],133,799,813,666,799
1,<environment.Job instance at 0x1553c0477b90>,92,2,[2 5],135,860,862,725,860
1,<environment.Job instance at 0x1553c0477460>,93,2,[1 6],136,871,873,735,871
1,<environment.Job instance at 0x1553c0477aa0>,94,12,[ 1 10],138,1055,1067,917,1055
1,<environment.Job instance at 0x1553d3cc6960>,85,12,[2 9],121,1102,1114,981,1102
1,<environment.Job instance at 0x1553c04775f0>,95,3,[9 1],139,1160,1163,1021,1160
1,<environment.Job instance at 0x1553c0477a00>,97,17,[1 8],141,1189,1206,1048,1189
1,<environment.Job instance at 0x1553c04773c0>,98,17,[ 2 11],142,1206,1223,1064,1206
1,<environment.Job instance at 0x1553c0477b40>,99,25,[ 2 14],143,1225,1250,1082,1225
1,<environment.Job instance at 0x1553c0477d70>,100,1,[1 8],144,1319,1320,1175,1319
1,<environment.Job instance at 0x1553c04774b0>,96,17,[2 8],140,1364,1381,1224,1364
1,<environment.Job instance at 0x1553d3c0baa0>,102,3,[2 5],148,1368,1371,1220,1368
1,<environment.Job instance at 0x1553c06abbe0>,101,3,[8 2],147,1397,1400,1250,1397
1,<environment.Job instance at 0x1553d3c0b2d0>,103,3,[9 1],150,1410,1413,1260,1410
1,<environment.Job instance at 0x1553d3c0bbe0>,104,2,[8 2],151,1417,1419,1266,1417
1,<environment.Job instance at 0x1553d3c0deb0>,106,23,[7 1],153,1419,1442,1266,1419
1,<environment.Job instance at 0x1553d3c0b690>,107,22,[5 2],154,1429,1451,1275,1429
1,<environment.Job instance at 0x1553d3c0d1e0>,108,22,[7 2],156,1442,1464,1286,1440
1,<environment.Job instance at 0x1553d3c0be60>,105,1,[8 1],152,1469,1470,1317,1469
1,<environment.Job instance at 0x1553c0917e10>,109,2,[2 9],157,1473,1475,1316,1473
1,<environment.Job instance at 0x1553dbab00f0>,111,1,[2 7],159,1477,1478,1318,1477
1,<environment.Job instance at 0x1553c0917d20>,110,3,[ 2 10],158,1660,1663,1502,1660
1,<environment.Job instance at 0x1510816a0f00>,2,1,[2 5],3,3,4,0,3
1,<environment.Job instance at 0x151077a31a00>,25,2,[2 8],34,43,45,9,43
1,<environment.Job instance at 0x151077a314b0>,26,1,[2 7],35,43,44,8,43
1,<environment.Job instance at 0x151077a31230>,27,2,[2 7],36,44,46,8,43
1,<environment.Job instance at 0x151077a313c0>,28,2,[2 7],37,45,47,8,44
1,<environment.Job instance at 0x151077a30640>,30,15,[2 9],40,48,63,8,48
1,<environment.Job instance at 0x151077a300a0>,32,3,[2 9],42,63,66,21,48
1,<environment.Job instance at 0x151077a304b0>,33,1,[2 7],43,66,67,23,48
1,<environment.Job instance at 0x151077a30690>,34,15,[11  1],44,50,65,6,50
1,<environment.Job instance at 0x15108091d3c0>,35,2,[1 8],45,66,68,21,50
1,<environment.Job instance at 0x1510816420f0>,36,3,[10  2],48,67,70,19,50
1,<environment.Job instance at 0x15107eab5b90>,37,2,[ 1 10],50,68,70,18,50
1,<environment.Job instance at 0x151077f34b40>,38,1,[8 1],51,65,66,14,51
1,<environment.Job instance at 0x15107f350550>,39,3,[1 5],52,52,55,0,52
1,<environment.Job instance at 0x151077f39af0>,40,3,[1 6],53,70,73,17,53
1,<environment.Job instance at 0x151077a315a0>,20,2,[ 1 13],27,174,176,147,174
1,<environment.Job instance at 0x151077c7a460>,47,1,[1 6],63,209,210,146,209
1,<environment.Job instance at 0x151077c77e10>,48,1,[2 9],65,211,212,146,211
1,<environment.Job instance at 0x151077c900f0>,49,16,[8 2],66,211,227,145,211
1,<environment.Job instance at 0x151077a31690>,22,1,[2 7],30,217,218,187,217
1,<environment.Job instance at 0x151077c8ff50>,57,22,[1 5],80,217,239,137,217
1,<environment.Job instance at 0x151077c8f7d0>,59,1,[1 9],85,235,236,150,235
1,<environment.Job instance at 0x151077c8f870>,60,17,[8 1],86,235,252,149,235
1,<environment.Job instance at 0x151077c8f910>,64,12,[9 1],91,252,264,161,236
1,<environment.Job instance at 0x151077c8fc80>,56,1,[10  2],79,264,265,185,239
1,<environment.Job instance at 0x151077c8c8c0>,67,1,[13  1],94,265,266,171,250
1,<environment.Job instance at 0x151077c8cdc0>,72,13,[7 2],102,266,279,164,254
1,<environment.Job instance at 0x151077c8c0f0>,75,1,[1 6],107,260,261,153,260
1,<environment.Job instance at 0x151077c8ea50>,77,2,[ 1 10],109,261,263,152,260
1,<environment.Job instance at 0x151077c8ec30>,80,14,[7 1],112,266,280,154,263
1,<environment.Job instance at 0x151077a31aa0>,21,3,[6 1],29,279,282,250,263
1,<environment.Job instance at 0x151077c8dd70>,93,2,[14  1],130,1258,1260,1128,1258
1,<environment.Job instance at 0x151077c8d280>,99,16,[8 1],137,1314,1330,1177,1314
1,<environment.Job instance at 0x151077f31d70>,104,1,[ 2 14],143,1508,1509,1365,1508
1,<environment.Job instance at 0x15107f378190>,4,2,[7 2],5,155,157,150,155
1,<environment.Job instance at 0x15107f378e60>,16,17,[ 2 10],26,296,313,270,296
1,<environment.Job instance at 0x1510796a78c0>,3,3,[1 9],4,313,316,309,311
1,<environment.Job instance at 0x15107859ee60>,31,3,[6 1],44,335,338,291,335
1,<environment.Job instance at 0x15107859ef00>,34,18,[8 1],48,335,353,287,335
1,<environment.Job instance at 0x15107859e460>,21,13,[ 2 10],32,1960,1973,1928,1960
1,<environment.Job instance at 0x151079732e10>,63,14,[6 1],97,1983,1997,1886,1983
1,<environment.Job instance at 0x151079732910>,64,15,[2 8],98,2266,2281,2168,2266
1,<environment.Job instance at 0x151077c8b140>,4,1,[ 2 10],5,5,6,0,5
1,<environment.Job instance at 0x151079750910>,13,2,[ 2 12],20,24,26,4,24
1,<environment.Job instance at 0x1510797508c0>,16,15,[ 1 11],27,27,42,0,27
1,<environment.Job instance at 0x1510796e8550>,17,2,[8 1],28,28,30,0,28
1,<environment.Job instance at 0x1510796e8d20>,18,2,[1 9],31,42,44,11,31
1,<environment.Job instance at 0x1510796e8c30>,19,2,[1 6],32,42,44,10,32
1,<environment.Job instance at 0x1510796e8280>,20,1,[1 9],33,44,45,11,33
1,<environment.Job instance at 0x1510796e8370>,21,3,[1 8],34,45,48,11,34
1,<environment.Job instance at 0x1510796e8e10>,22,1,[9 2],35,35,36,0,35
1,<environment.Job instance at 0x1510796e82d0>,23,18,[ 1 10],36,48,66,12,37
1,<environment.Job instance at 0x1510796e8b40>,24,2,[1 6],38,44,46,6,38
1,<environment.Job instance at 0x1510796e8f00>,25,3,[ 2 10],40,66,69,26,40
1,<environment.Job instance at 0x1510796e8730>,26,1,[7 2],41,41,42,0,41
1,<environment.Job instance at 0x15107976e460>,27,3,[9 1],42,45,48,3,42
1,<environment.Job instance at 0x151079771e60>,30,3,[2 7],46,69,72,23,46
1,<environment.Job instance at 0x151079771230>,31,14,[7 2],47,48,62,1,47
1,<environment.Job instance at 0x1510797713c0>,32,2,[ 1 10],49,72,74,23,49
1,<environment.Job instance at 0x151079771780>,34,2,[2 9],51,74,76,23,51
1,<environment.Job instance at 0x15107966f230>,44,3,[9 2],68,68,71,0,68
1,<environment.Job instance at 0x15107967ba50>,45,3,[6 2],71,71,74,0,71
1,<environment.Job instance at 0x15107967b8c0>,46,2,[5 2],72,72,74,0,72
1,<environment.Job instance at 0x15107967b230>,47,3,[1 7],73,76,79,3,73
1,<environment.Job instance at 0x15107967b9b0>,48,2,[9 2],75,75,77,0,75
1,<environment.Job instance at 0x15107967bc80>,49,1,[7 2],76,77,78,1,76
1,<environment.Job instance at 0x15107967b280>,50,3,[1 7],78,78,81,0,78
1,<environment.Job instance at 0x15104aaeae60>,56,2,[2 5],86,86,88,0,86
1,<environment.Job instance at 0x15107ea60370>,79,3,[10  1],121,146,149,25,146
1,<environment.Job instance at 0x15107ea60a50>,80,2,[1 7],122,146,148,24,146
1,<environment.Job instance at 0x15107ea607d0>,81,15,[1 5],123,146,161,23,146
1,<environment.Job instance at 0x15107ea60730>,82,3,[1 9],124,148,151,24,146
1,<environment.Job instance at 0x15107ea601e0>,83,2,[1 8],126,151,153,25,146
1,<environment.Job instance at 0x15107ea606e0>,84,2,[1 5],128,153,155,25,146
1,<environment.Job instance at 0x15107ea608c0>,86,1,[2 8],130,161,162,31,161
1,<environment.Job instance at 0x15107ea60050>,87,1,[8 2],131,161,162,30,161
1,<environment.Job instance at 0x1510740b6230>,5,1,[7 2],8,9,10,1,9
1,<environment.Job instance at 0x15107410bf50>,12,17,[9 2],18,36,53,18,36
1,<environment.Job instance at 0x15107410b280>,18,1,[1 9],25,60,61,35,60
1,<environment.Job instance at 0x15107410b4b0>,19,1,[2 5],26,60,61,34,60
1,<environment.Job instance at 0x15107410bd70>,21,1,[2 6],28,159,160,131,159
1,<environment.Job instance at 0x15107410b2d0>,22,1,[2 8],30,159,160,129,159
1,<environment.Job instance at 0x15107410b780>,23,1,[2 6],31,160,161,129,159
1,<environment.Job instance at 0x15107410b690>,28,3,[5 1],37,170,173,133,170
1,<environment.Job instance at 0x15107410be60>,29,1,[10  1],38,170,171,132,170
1,<environment.Job instance at 0x15107410b7d0>,30,1,[1 8],39,171,172,132,170
1,<environment.Job instance at 0x15107410b370>,31,12,[9 2],40,171,183,131,170
1,<environment.Job instance at 0x15107410b640>,32,2,[2 6],41,173,175,132,170
1,<environment.Job instance at 0x151074146a50>,33,3,[9 2],42,183,186,141,170
1,<environment.Job instance at 0x151074146dc0>,34,2,[10  2],43,186,188,143,170
1,<environment.Job instance at 0x15107410ba00>,13,1,[6 2],19,234,235,215,234
1,<environment.Job instance at 0x151074146f50>,39,2,[7 2],50,251,253,201,251
1,<environment.Job instance at 0x151074146af0>,40,13,[5 1],51,252,265,201,252
1,<environment.Job instance at 0x151074146f00>,41,2,[1 8],52,270,272,218,270
1,<environment.Job instance at 0x151074146690>,43,1,[2 5],54,279,280,225,279
1,<environment.Job instance at 0x1510741464b0>,42,14,[6 1],53,292,306,239,292
1,<environment.Job instance at 0x151074146d70>,45,2,[7 1],56,308,310,252,308
1,<environment.Job instance at 0x1510741460f0>,48,25,[12  1],59,322,347,263,322
1,<environment.Job instance at 0x151074146d20>,49,1,[ 2 10],60,322,323,262,322
1,<environment.Job instance at 0x1510797b2460>,50,2,[10  2],62,347,349,285,322
1,<environment.Job instance at 0x1510797b2c30>,55,3,[2 9],70,342,345,272,342
1,<environment.Job instance at 0x1510797b2cd0>,56,23,[1 6],71,345,368,274,342
1,<environment.Job instance at 0x1510797b2140>,57,12,[7 1],74,349,361,275,342
1,<environment.Job instance at 0x1510797b20a0>,58,3,[10  1],77,361,364,284,342
1,<environment.Job instance at 0x1510797b2dc0>,59,3,[6 1],79,349,352,270,342
1,<environment.Job instance at 0x1510797b2050>,60,3,[8 1],80,364,367,284,342
1,<environment.Job instance at 0x1510797b2f00>,61,2,[7 1],82,352,354,270,342
1,<environment.Job instance at 0x1510797b2a50>,63,1,[7 1],86,397,398,311,397
1,<environment.Job instance at 0x1510797b2410>,64,2,[5 1],87,397,399,310,397
1,<environment.Job instance at 0x15107982dfa0>,66,3,[5 2],90,419,422,329,419
1,<environment.Job instance at 0x151074146be0>,46,3,[7 1],57,420,423,363,420
1,<environment.Job instance at 0x15107982d960>,68,13,[7 2],92,422,435,330,422
1,<environment.Job instance at 0x15107982d3c0>,69,3,[8 1],93,445,448,352,445
1,<environment.Job instance at 0x15107982d5a0>,70,3,[2 6],96,447,450,351,447
1,<environment.Job instance at 0x15107982df50>,71,18,[1 5],97,448,466,351,448
1,<environment.Job instance at 0x15107982d550>,72,16,[1 5],101,450,466,349,450
1,<environment.Job instance at 0x15107982d370>,73,1,[1 9],102,471,472,369,471
1,<environment.Job instance at 0x151074176050>,75,1,[10  2],105,493,494,388,493
1,<environment.Job instance at 0x151074176780>,76,1,[5 2],106,493,494,387,493
1,<environment.Job instance at 0x151074176230>,77,26,[2 8],108,496,522,388,496
1,<environment.Job instance at 0x151074176280>,78,2,[ 1 10],110,522,524,412,496
1,<environment.Job instance at 0x15107982d320>,74,3,[2 9],104,524,527,420,510
1,<environment.Job instance at 0x151074176730>,80,3,[10  2],113,510,513,397,510
1,<environment.Job instance at 0x1510741762d0>,82,3,[1 9],118,527,530,409,510
1,<environment.Job instance at 0x15107410b460>,14,2,[1 5],20,540,542,520,540
1,<environment.Job instance at 0x15104a918410>,87,1,[2 8],129,542,543,413,542
1,<environment.Job instance at 0x15104a918320>,88,2,[7 2],130,542,544,412,542
1,<environment.Job instance at 0x15104a918fa0>,89,2,[6 2],131,542,544,411,542
1,<environment.Job instance at 0x15104a918e60>,92,2,[5 2],134,552,554,418,552
1,<environment.Job instance at 0x15104a9185a0>,93,27,[1 7],135,552,579,417,552
1,<environment.Job instance at 0x151074176870>,81,2,[1 6],117,574,576,457,574
1,<environment.Job instance at 0x15107410b910>,15,1,[1 7],21,576,577,555,574
1,<environment.Job instance at 0x15104a918d20>,96,2,[6 1],139,574,576,435,574
1,<environment.Job instance at 0x15104a918730>,97,2,[ 1 10],140,579,581,439,574
1,<environment.Job instance at 0x15104a918f00>,98,3,[9 2],142,579,582,437,579
1,<environment.Job instance at 0x15104a918b40>,99,2,[5 1],143,579,581,436,579
1,<environment.Job instance at 0x15104a918a50>,95,17,[2 8],137,615,632,478,615
1,<environment.Job instance at 0x151074176410>,84,1,[6 2],122,637,638,515,637
1,<environment.Job instance at 0x15104a918370>,101,3,[9 2],145,715,718,570,715
1,<environment.Job instance at 0x15107f341820>,104,1,[5 1],153,724,725,571,724
1,<environment.Job instance at 0x15107f341370>,106,2,[1 8],157,742,744,585,742
1,<environment.Job instance at 0x15107f3418c0>,105,13,[10  1],155,742,755,587,742
1,<environment.Job instance at 0x15107f341960>,108,3,[2 8],159,752,755,593,752
1,<environment.Job instance at 0x15107f3416e0>,109,15,[2 7],160,755,770,595,753
1,<environment.Job instance at 0x15107f341910>,111,1,[ 1 12],166,780,781,614,780
1,<environment.Job instance at 0x15107f341730>,112,3,[6 2],167,817,820,650,817
1,<environment.Job instance at 0x15107982b690>,113,1,[8 1],169,836,837,667,836
1,<environment.Job instance at 0x15104a918230>,102,2,[2 9],147,861,863,714,861
1,<environment.Job instance at 0x15107410baf0>,11,13,[12  2],17,986,999,969,986
1,<environment.Job instance at 0x15104a661730>,6,2,[7 1],11,466,468,455,466
1,<environment.Job instance at 0x1510741b9190>,11,13,[8 2],17,1275,1288,1258,1275
1,<environment.Job instance at 0x15104a63ea50>,3,22,[8 1],5,5,27,0,5
1,<environment.Job instance at 0x15104a424c30>,14,22,[2 6],19,21,43,2,21
1,<environment.Job instance at 0x15104a425230>,20,1,[8 1],27,27,28,0,27
1,<environment.Job instance at 0x15104a425460>,23,3,[ 2 14],32,89,92,57,89
1,<environment.Job instance at 0x15104a425dc0>,34,27,[5 1],50,89,116,39,89
1,<environment.Job instance at 0x15104a4e3960>,10,1,[8 1],23,289,290,266,289
1,<environment.Job instance at 0x15104a4e3140>,12,12,[7 2],26,344,356,318,344
1,<environment.Job instance at 0x15104a4e3a00>,9,3,[1 8],21,1770,1773,1749,1770
1,<environment.Job instance at 0x15104a528d20>,13,15,[ 2 10],32,2313,2328,2281,2313
1,<environment.Job instance at 0x15104a528d70>,15,2,[7 2],34,2840,2842,2806,2840
1,<environment.Job instance at 0x15107419c0f0>,1,1,[1 6],2,2,3,0,2
1,<environment.Job instance at 0x15107419ceb0>,2,1,[10  1],3,4,5,1,4
1,<environment.Job instance at 0x15104a453410>,3,17,[5 1],4,4,21,0,4
1,<environment.Job instance at 0x15107f355820>,7,26,[8 1],8,8,34,0,8
1,<environment.Job instance at 0x15107f355b40>,13,16,[5 2],14,21,37,7,16
1,<environment.Job instance at 0x15107f355cd0>,10,27,[6 1],11,34,61,23,32
1,<environment.Job instance at 0x151079763c30>,20,1,[6 1],25,37,38,12,32
1,<environment.Job instance at 0x15107f3558c0>,12,17,[7 2],13,38,55,25,33
1,<environment.Job instance at 0x151079763c80>,23,3,[7 1],30,163,166,133,163
1,<environment.Job instance at 0x15107f355a50>,17,17,[ 2 10],19,1490,1507,1471,1490
1,<environment.Job instance at 0x1510797a3d20>,30,2,[1 8],39,2197,2199,2158,2197
1,<environment.Job instance at 0x1510797a31e0>,3,3,[2 7],4,4,7,0,4
1,<environment.Job instance at 0x15107a304410>,4,1,[7 1],5,5,6,0,5
1,<environment.Job instance at 0x15107a304370>,5,2,[7 2],6,6,8,0,6
1,<environment.Job instance at 0x15107a304820>,14,2,[ 1 14],20,20,22,0,20
1,<environment.Job instance at 0x15107a304eb0>,15,1,[7 2],21,22,23,1,21
1,<environment.Job instance at 0x15107a2ef2d0>,16,3,[9 1],22,23,26,1,22
1,<environment.Job instance at 0x15107a2ef410>,17,15,[6 1],23,23,38,0,23
1,<environment.Job instance at 0x15107a2ef550>,18,1,[2 5],24,26,27,2,24
1,<environment.Job instance at 0x15107a2efcd0>,24,2,[2 6],31,31,33,0,31
1,<environment.Job instance at 0x15107a2efe10>,25,3,[1 9],32,33,36,1,32
1,<environment.Job instance at 0x15107a2eff50>,26,2,[1 7],34,36,38,2,34
1,<environment.Job instance at 0x15107a2eff00>,27,3,[2 9],35,38,41,3,35
1,<environment.Job instance at 0x15107a31e1e0>,28,2,[6 1],36,36,38,0,36
1,<environment.Job instance at 0x15107a31e370>,29,1,[5 1],37,38,39,1,37
1,<environment.Job instance at 0x15107a31e4b0>,30,16,[2 6],38,39,55,1,38
1,<environment.Job instance at 0x15107a31e5f0>,31,2,[7 1],40,41,43,1,40
1,<environment.Job instance at 0x15107a31ecd0>,37,21,[10  2],52,53,74,1,53
1,<environment.Job instance at 0x15107a317370>,42,2,[6 1],63,74,76,11,63
1,<environment.Job instance at 0x15107a317460>,43,1,[ 1 12],64,64,65,0,64
1,<environment.Job instance at 0x15107a3175f0>,44,1,[10  2],65,76,77,11,65
1,<environment.Job instance at 0x15107a2fb0a0>,49,20,[9 1],71,77,97,6,73
1,<environment.Job instance at 0x15107a2fb550>,52,1,[12  2],75,97,98,22,75
1,<environment.Job instance at 0x15104a324dc0>,53,1,[5 1],76,81,82,5,81
1,<environment.Job instance at 0x15107a2fb1e0>,50,3,[5 1],73,101,104,28,101
1,<environment.Job instance at 0x15104a514f00>,51,2,[13  1],74,104,106,30,101
1,<environment.Job instance at 0x15107e9fe9b0>,57,2,[1 6],86,101,103,15,101
1,<environment.Job instance at 0x15104a6e5b90>,60,1,[7 1],93,101,102,8,101
1,<environment.Job instance at 0x15104aa38e60>,61,2,[2 6],94,101,103,7,101
1,<environment.Job instance at 0x1510740a1e10>,62,3,[6 2],96,106,109,10,101
1,<environment.Job instance at 0x15107ea0b640>,58,18,[8 1],88,106,124,18,101
1,<environment.Job instance at 0x1510740a1320>,65,3,[9 1],99,124,127,25,102
1,<environment.Job instance at 0x15104a361460>,69,2,[2 5],105,109,111,4,105
1,<environment.Job instance at 0x15107a31ed70>,38,22,[2 9],53,109,131,56,105
1,<environment.Job instance at 0x15107407a870>,70,1,[1 9],106,107,108,1,107
1,<environment.Job instance at 0x15104a52e280>,72,1,[1 8],108,131,132,23,109
1,<environment.Job instance at 0x15107406f0a0>,74,1,[1 9],110,132,133,22,111
1,<environment.Job instance at 0x15107406f050>,75,2,[2 6],111,127,129,16,114
1,<environment.Job instance at 0x15104a346be0>,73,20,[7 2],109,129,149,20,120
1,<environment.Job instance at 0x151077a59d20>,54,3,[8 1],77,200,203,123,200
1,<environment.Job instance at 0x1510740a1eb0>,66,1,[7 2],100,293,294,193,293
1,<environment.Job instance at 0x15107408f7d0>,87,1,[11  1],133,316,317,183,316
1,<environment.Job instance at 0x15107408fc30>,88,2,[5 1],134,366,368,232,366
1,<environment.Job instance at 0x15107408f320>,89,2,[1 6],135,412,414,277,412
1,<environment.Job instance at 0x15107408f640>,90,2,[1 8],136,428,430,292,428
1,<environment.Job instance at 0x15107408f410>,91,1,[6 1],137,482,483,345,482
1,<environment.Job instance at 0x15107408f5a0>,92,18,[10  2],139,500,518,361,500
1,<environment.Job instance at 0x15107408ffa0>,83,1,[ 1 13],121,542,543,421,542
1,<environment.Job instance at 0x15107408f500>,93,1,[6 1],140,542,543,402,542
1,<environment.Job instance at 0x15107408fcd0>,94,1,[2 9],141,543,544,402,542
1,<environment.Job instance at 0x15107408f4b0>,97,3,[5 1],144,542,545,398,542
1,<environment.Job instance at 0x15107408f3c0>,98,3,[1 7],145,544,547,399,542
1,<environment.Job instance at 0x15107409a640>,109,1,[ 2 10],162,565,566,403,565
1,<environment.Job instance at 0x15107408fb90>,96,16,[ 2 10],143,572,588,429,572
1,<environment.Job instance at 0x15107409a910>,111,17,[5 2],165,588,605,423,588
1,<environment.Job instance at 0x15107408f370>,85,1,[5 2],123,611,612,488,611
1,<environment.Job instance at 0x15107408f1e0>,99,3,[10  2],147,1644,1647,1497,1644
1,<environment.Job instance at 0x15104a337960>,15,2,[8 2],20,20,22,0,20
1,<environment.Job instance at 0x15104a337af0>,16,1,[1 6],21,21,22,0,21
1,<environment.Job instance at 0x15104a337460>,17,3,[6 1],22,22,25,0,22
1,<environment.Job instance at 0x15104a3378c0>,18,16,[1 5],23,24,40,1,24
1,<environment.Job instance at 0x15104abc35f0>,4,3,[9 2],6,20,23,14,20
1,<environment.Job instance at 0x15107a23c460>,22,2,[2 6],32,425,427,393,425
1,<environment.Job instance at 0x15107a23c370>,21,2,[1 7],31,863,865,832,863
1,<environment.Job instance at 0x15107a265c80>,59,1,[1 5],81,986,987,905,986
1,<environment.Job instance at 0x15107a23f0f0>,66,25,[1 7],89,987,1012,898,987
1,<environment.Job instance at 0x15107a23f280>,67,1,[ 2 10],90,1143,1144,1053,1143
1,<environment.Job instance at 0x15107a23f5a0>,71,1,[1 8],96,1144,1145,1048,1143
1,<environment.Job instance at 0x15107a265280>,43,1,[6 1],59,1278,1279,1219,1278
1,<environment.Job instance at 0x15107a23f7d0>,75,1,[14  1],101,1282,1283,1181,1282
1,<environment.Job instance at 0x15107a23f500>,72,2,[1 7],97,1533,1535,1436,1533
1,<environment.Job instance at 0x15107a25e140>,87,1,[10  1],119,1565,1566,1446,1565
1,<environment.Job instance at 0x15107a25e230>,90,1,[5 2],122,1569,1570,1447,1569
1,<environment.Job instance at 0x15107a23f730>,76,3,[10  1],102,1687,1690,1585,1687
1,<environment.Job instance at 0x15107a25e3c0>,91,3,[1 7],123,1718,1721,1595,1718
1,<environment.Job instance at 0x15107a25ea50>,101,3,[2 5],134,1728,1731,1594,1728
1,<environment.Job instance at 0x15107a25eaf0>,102,18,[10  1],135,1733,1751,1598,1733
1,<environment.Job instance at 0x15107a25eb90>,103,2,[7 1],136,1751,1753,1615,1746
1,<environment.Job instance at 0x15107a25ec30>,104,15,[2 7],137,1765,1780,1628,1765
1,<environment.Job instance at 0x15107a25ecd0>,105,1,[2 5],138,2045,2046,1907,2045
1,<environment.Job instance at 0x15107a25efa0>,107,2,[1 9],142,2480,2482,2338,2480
1,<environment.Job instance at 0x15104a5393c0>,9,23,[1 5],14,14,37,0,14
1,<environment.Job instance at 0x1510798f8910>,10,1,[8 1],15,15,16,0,15
1,<environment.Job instance at 0x15104aa9fe60>,19,22,[5 1],26,26,48,0,26
1,<environment.Job instance at 0x151079803cd0>,20,14,[9 2],29,30,44,1,30
1,<environment.Job instance at 0x15104aa621e0>,21,16,[8 2],31,44,60,13,35
1,<environment.Job instance at 0x151079658320>,25,1,[7 2],36,48,49,12,36
1,<environment.Job instance at 0x15107419bdc0>,26,2,[2 8],37,44,46,7,37
1,<environment.Job instance at 0x15104a496aa0>,29,1,[ 2 10],41,46,47,5,41
1,<environment.Job instance at 0x15104a4af6e0>,30,2,[6 2],42,49,51,7,42
1,<environment.Job instance at 0x15104a4af1e0>,31,1,[1 5],44,47,48,3,44
1,<environment.Job instance at 0x15107d4e41e0>,33,2,[8 1],46,60,62,14,46
1,<environment.Job instance at 0x15107a5dd0f0>,40,2,[1 6],53,561,563,508,561
1,<environment.Job instance at 0x15104a3ff3c0>,53,1,[8 2],69,1230,1231,1161,1230
1,<environment.Job instance at 0x1510799186e0>,41,16,[1 9],54,2033,2049,1979,2033
1,<environment.Job instance at 0x15104a998eb0>,55,28,[ 2 10],71,2060,2088,1989,2060
1,<environment.Job instance at 0x15104a998af0>,56,3,[9 1],74,2110,2113,2036,2110
1,<environment.Job instance at 0x15104a998320>,57,14,[2 5],76,2142,2156,2066,2142
1,<environment.Job instance at 0x1510798156e0>,42,2,[ 1 13],55,2345,2347,2290,2345
1,<environment.Job instance at 0x15104a998aa0>,58,2,[1 8],77,2440,2442,2363,2440
1,<environment.Job instance at 0x15104a9980f0>,60,14,[1 7],79,2927,2941,2848,2927
1,<environment.Job instance at 0x15104a7f8f00>,24,2,[10  1],35,109,111,74,109
1,<environment.Job instance at 0x15104a7f8a00>,27,1,[6 1],39,140,141,101,140
1,<environment.Job instance at 0x15107b864870>,10,3,[ 1 10],15,144,147,129,144
1,<environment.Job instance at 0x15104a7f8820>,34,1,[ 2 10],52,150,151,98,150
1,<environment.Job instance at 0x1510791fae60>,40,1,[1 6],62,173,174,111,173
1,<environment.Job instance at 0x1510791fa280>,41,1,[1 8],63,173,174,110,173
1,<environment.Job instance at 0x1510791fa460>,42,1,[8 2],65,174,175,109,173
1,<environment.Job instance at 0x1510791fab90>,43,2,[10  2],66,175,177,109,173
1,<environment.Job instance at 0x1510791fadc0>,44,2,[14  1],67,177,179,110,173
1,<environment.Job instance at 0x15107b8649b0>,12,2,[6 2],17,199,201,182,199
1,<environment.Job instance at 0x1510791fa730>,48,3,[1 5],73,204,207,131,204
1,<environment.Job instance at 0x15107b864460>,11,1,[14  2],16,224,225,208,224
1,<environment.Job instance at 0x1510791faf50>,52,1,[2 9],78,271,272,193,271
1,<environment.Job instance at 0x1510791fa4b0>,53,1,[10  2],79,273,274,194,273
1,<environment.Job instance at 0x1510791fa7d0>,50,2,[1 8],76,273,275,197,273
1,<environment.Job instance at 0x1510791fa320>,55,2,[10  1],83,275,277,192,275
1,<environment.Job instance at 0x1510791fabe0>,56,17,[7 1],85,277,294,192,275
1,<environment.Job instance at 0x1510797659b0>,57,1,[7 2],86,290,291,204,290
1,<environment.Job instance at 0x151079765eb0>,59,13,[5 2],93,301,314,208,301
1,<environment.Job instance at 0x151079765aa0>,61,1,[1 7],97,342,343,245,342
1,<environment.Job instance at 0x151079765be0>,65,2,[8 1],106,346,348,240,346
1,<environment.Job instance at 0x151079765730>,66,3,[8 2],108,351,354,243,351
1,<environment.Job instance at 0x151079765460>,67,14,[10  2],109,355,369,246,355
1,<environment.Job instance at 0x1510798321e0>,71,1,[8 1],113,371,372,258,371
1,<environment.Job instance at 0x151079832320>,72,1,[6 1],114,371,372,257,371
1,<environment.Job instance at 0x151079832f50>,73,1,[1 9],118,371,372,253,371
1,<environment.Job instance at 0x151079765f00>,68,2,[2 6],110,375,377,265,375
1,<environment.Job instance at 0x151079832fa0>,76,1,[2 8],124,378,379,254,378
1,<environment.Job instance at 0x151079832280>,75,17,[6 1],123,378,395,255,378
1,<environment.Job instance at 0x151079765690>,64,17,[6 2],105,390,407,285,390
1,<environment.Job instance at 0x151079832410>,78,18,[2 8],128,392,410,264,392
1,<environment.Job instance at 0x151079832e10>,84,1,[9 1],141,407,408,266,392
1,<environment.Job instance at 0x151079832690>,85,2,[1 7],143,428,430,285,428
1,<environment.Job instance at 0x15107a1f2d20>,89,2,[10  1],147,489,491,342,489
1,<environment.Job instance at 0x1510791fa3c0>,46,1,[5 2],71,646,647,575,646
1,<environment.Job instance at 0x15107a1f2c30>,90,2,[8 1],148,690,692,542,690
1,<environment.Job instance at 0x15107a1f2820>,91,3,[2 9],150,817,820,667,817
1,<environment.Job instance at 0x15107a1f2050>,92,1,[1 9],151,872,873,721,872
1,<environment.Job instance at 0x15104aa69500>,94,2,[5 1],153,879,881,726,879
1,<environment.Job instance at 0x15104aa699b0>,95,3,[2 5],154,1120,1123,966,1120
1,<environment.Job instance at 0x15104aa69780>,96,1,[6 1],155,1184,1185,1029,1184
1,<environment.Job instance at 0x15104aa69aa0>,97,1,[5 2],157,1246,1247,1089,1246
1,<environment.Job instance at 0x15104aa69be0>,98,1,[6 1],158,1263,1264,1105,1263
1,<environment.Job instance at 0x15104a719320>,99,3,[2 5],164,1268,1271,1104,1268
1,<environment.Job instance at 0x15107a1f2460>,93,18,[8 2],152,1326,1344,1174,1326
1,<environment.Job instance at 0x15104a7190a0>,100,2,[2 5],166,1375,1377,1209,1375
1,<environment.Job instance at 0x15104a719aa0>,102,18,[7 2],169,1383,1401,1214,1383
1,<environment.Job instance at 0x15104a719a00>,101,1,[2 9],167,1914,1915,1747,1914
1,<environment.Job instance at 0x15104a47edc0>,4,1,[2 5],5,5,6,0,5
1,<environment.Job instance at 0x15104aa22aa0>,9,1,[9 2],10,10,11,0,10
1,<environment.Job instance at 0x15107f2eda00>,15,3,[ 2 12],20,887,890,867,887
1,<environment.Job instance at 0x15107f2ed730>,25,3,[9 1],37,892,895,855,892
1,<environment.Job instance at 0x15107f2ed370>,24,2,[11  1],34,895,897,861,892
1,<environment.Job instance at 0x15107964b870>,27,2,[7 1],39,897,899,858,892
1,<environment.Job instance at 0x15107964be10>,28,3,[1 6],40,893,896,853,893
1,<environment.Job instance at 0x15107964b730>,29,1,[6 1],41,897,898,856,894
1,<environment.Job instance at 0x15107964b9b0>,30,1,[1 5],42,894,895,852,894
1,<environment.Job instance at 0x15107964bbe0>,31,2,[1 7],43,895,897,852,894
1,<environment.Job instance at 0x15107964b0f0>,32,3,[1 7],44,896,899,852,894
1,<environment.Job instance at 0x15107964bf50>,33,1,[1 8],45,899,900,854,894
1,<environment.Job instance at 0x15107964be60>,34,2,[2 5],46,898,900,852,897
1,<environment.Job instance at 0x15107964beb0>,35,3,[1 9],47,900,903,853,897
1,<environment.Job instance at 0x15107f2ed5f0>,26,27,[9 2],38,899,926,861,897
1,<environment.Job instance at 0x15107964b410>,37,1,[2 9],49,903,904,854,897
1,<environment.Job instance at 0x15107964ba00>,38,3,[1 9],52,904,907,852,897
1,<environment.Job instance at 0x15107964b960>,39,1,[9 1],53,926,927,873,898
1,<environment.Job instance at 0x15107964b1e0>,40,3,[1 7],54,907,910,853,898
1,<environment.Job instance at 0x15107964b8c0>,41,2,[1 8],55,910,912,855,898
1,<environment.Job instance at 0x15107964b3c0>,43,3,[5 1],58,900,903,842,898
1,<environment.Job instance at 0x15107964b370>,44,3,[9 2],59,927,930,868,901
1,<environment.Job instance at 0x15107964b2d0>,45,14,[ 1 12],60,912,926,852,901
1,<environment.Job instance at 0x15107964b550>,47,1,[9 1],62,930,931,868,902
1,<environment.Job instance at 0x15107964b140>,48,2,[1 5],63,907,909,844,902
1,<environment.Job instance at 0x15107964f370>,49,1,[6 2],64,926,927,862,902
1,<environment.Job instance at 0x15107964f280>,50,3,[7 2],66,931,934,865,905
1,<environment.Job instance at 0x15107f2ed870>,19,1,[2 5],28,909,910,881,909
1,<environment.Job instance at 0x15107f2ed690>,18,2,[5 1],27,911,913,884,911
1,<environment.Job instance at 0x15107964f910>,51,13,[1 6],67,927,940,860,911
1,<environment.Job instance at 0x15107964faf0>,54,3,[1 8],72,934,937,862,911
1,<environment.Job instance at 0x15107964fd20>,53,1,[5 2],70,927,928,857,911
1,<environment.Job instance at 0x15104a96f2d0>,67,21,[6 2],92,937,958,845,937
1,<environment.Job instance at 0x15107964fe10>,56,20,[10  2],74,958,978,884,950
1,<environment.Job instance at 0x15104a47eaa0>,6,2,[10  1],7,978,980,971,971
1,<environment.Job instance at 0x15104a53db40>,81,18,[8 1],112,980,998,868,971
1,<environment.Job instance at 0x15104a96f820>,80,27,[7 1],111,982,1009,871,982
1,<environment.Job instance at 0x15104a96f550>,73,14,[2 7],103,998,1012,895,996
1,<environment.Job instance at 0x15107ea390f0>,93,1,[2 7],133,1000,1001,867,1000
1,<environment.Job instance at 0x15107ea39140>,91,14,[1 9],128,1012,1026,884,1005
1,<environment.Job instance at 0x15107ea39be0>,97,3,[1 8],138,1026,1029,888,1013
1,<environment.Job instance at 0x15104a53d780>,82,2,[6 2],113,1016,1018,903,1016
1,<environment.Job instance at 0x15107ea39730>,98,3,[2 9],142,1029,1032,887,1016
1,<environment.Job instance at 0x15107ea39870>,100,3,[7 1],146,1016,1019,870,1016
1,<environment.Job instance at 0x15107ea39e60>,99,1,[8 2],144,1019,1020,875,1018
1,<environment.Job instance at 0x15107ea390a0>,101,3,[ 2 10],149,1032,1035,883,1019
1,<environment.Job instance at 0x1510741b2b40>,113,12,[8 1],167,1048,1060,881,1048
1,<environment.Job instance at 0x15107ea39500>,106,1,[2 7],158,1065,1066,907,1065
1,<environment.Job instance at 0x15107964f3c0>,52,19,[5 1],68,1092,1111,1024,1092
1,<environment.Job instance at 0x15107ea39050>,105,13,[1 5],157,1136,1149,979,1136
1,<environment.Job instance at 0x15107987bb40>,15,1,[7 1],24,24,25,0,24
1,<environment.Job instance at 0x15107429cfa0>,11,2,[13  1],18,25,27,7,25
1,<environment.Job instance at 0x15107987b5f0>,16,1,[1 5],25,25,26,0,25
1,<environment.Job instance at 0x15107987b8c0>,22,2,[5 2],33,34,36,1,34
1,<environment.Job instance at 0x15107987ba50>,23,2,[6 2],34,34,36,0,34
1,<environment.Job instance at 0x15107987b910>,24,3,[2 5],35,35,38,0,35
1,<environment.Job instance at 0x15107429ca00>,12,2,[1 7],19,54,56,35,54
1,<environment.Job instance at 0x151049ffd1e0>,36,24,[9 2],51,83,107,32,83
1,<environment.Job instance at 0x151049ffdbe0>,37,2,[8 2],53,107,109,54,83
1,<environment.Job instance at 0x151049ff95f0>,42,1,[1 9],60,100,101,40,100
1,<environment.Job instance at 0x151049ff9820>,43,1,[10  2],61,109,110,48,100
1,<environment.Job instance at 0x151049ff99b0>,44,3,[1 7],64,101,104,37,100
1,<environment.Job instance at 0x151049ff9640>,45,1,[6 2],65,104,105,39,100
1,<environment.Job instance at 0x151049ff9e10>,49,2,[1 5],69,114,116,45,114
1,<environment.Job instance at 0x151049ff9b40>,50,2,[6 1],70,114,116,44,114
1,<environment.Job instance at 0x151049ffd910>,31,2,[ 1 10],46,126,128,80,126
1,<environment.Job instance at 0x151049ff98c0>,54,2,[2 8],78,128,130,50,128
1,<environment.Job instance at 0x151049ff9780>,53,1,[ 2 10],75,130,131,55,129
1,<environment.Job instance at 0x15107986d690>,58,3,[2 8],86,133,136,47,133
1,<environment.Job instance at 0x15107986d5f0>,59,2,[1 9],87,136,138,49,133
1,<environment.Job instance at 0x15107986d960>,60,3,[2 6],88,133,136,45,133
1,<environment.Job instance at 0x15107986d640>,61,2,[5 2],89,136,138,47,133
1,<environment.Job instance at 0x1510809a5e60>,62,2,[ 2 10],92,138,140,46,133
1,<environment.Job instance at 0x15107429cf00>,63,3,[2 8],93,140,143,47,133
1,<environment.Job instance at 0x15104aa4be10>,64,1,[2 5],94,138,139,44,133
1,<environment.Job instance at 0x15107f388140>,65,2,[5 1],95,133,135,38,133
1,<environment.Job instance at 0x15104a341e60>,75,2,[6 2],107,157,159,50,157
1,<environment.Job instance at 0x15104a341f50>,76,2,[10  2],109,159,161,50,157
1,<environment.Job instance at 0x15104a60f1e0>,77,2,[2 7],113,157,159,44,157
1,<environment.Job instance at 0x15104a00e0a0>,78,3,[8 1],114,161,164,47,157
1,<environment.Job instance at 0x15104a249280>,79,1,[8 2],116,164,165,48,157
1,<environment.Job instance at 0x15104a249eb0>,80,3,[8 2],118,165,168,47,157
1,<environment.Job instance at 0x151080d68af0>,81,2,[8 1],120,168,170,48,157
1,<environment.Job instance at 0x15104a709dc0>,82,3,[2 7],121,159,162,38,157
1,<environment.Job instance at 0x15104a016550>,83,1,[1 6],122,157,158,35,157
1,<environment.Job instance at 0x15104a4255a0>,84,1,[8 1],126,170,171,44,157
1,<environment.Job instance at 0x15104a038d70>,85,1,[10  1],127,171,172,44,157
1,<environment.Job instance at 0x15104a552820>,92,2,[2 8],135,174,176,39,174
1,<environment.Job instance at 0x15104a77f3c0>,96,1,[2 9],139,187,188,48,187
1,<environment.Job instance at 0x15107987b550>,20,15,[5 2],30,187,202,157,187
1,<environment.Job instance at 0x15104a77fdc0>,99,1,[7 2],146,187,188,41,187
1,<environment.Job instance at 0x15104a77f460>,101,1,[2 9],148,188,189,40,187
1,<environment.Job instance at 0x15104a961910>,104,1,[1 6],156,207,208,51,207
1,<environment.Job instance at 0x15104a77fc80>,98,1,[10  1],145,217,218,72,217
1,<environment.Job instance at 0x15107f32dbe0>,107,3,[1 6],160,225,228,65,225
1,<environment.Job instance at 0x15107f32dc30>,109,3,[ 2 10],162,228,231,66,228
1,<environment.Job instance at 0x15104a77fe10>,94,3,[13  1],137,230,233,93,230
1,<environment.Job instance at 0x15107f32dd20>,110,3,[6 2],163,233,236,70,230
1,<environment.Job instance at 0x15107f32de10>,108,26,[ 2 10],161,231,257,70,230
1,<environment.Job instance at 0x151049ff9410>,56,2,[6 2],81,233,235,152,232
1,<environment.Job instance at 0x15107f32d0a0>,112,1,[2 9],168,257,258,89,242
1,<environment.Job instance at 0x15107987bc30>,21,13,[6 2],31,246,259,215,246
1,<environment.Job instance at 0x15104a092e60>,18,23,[5 2],24,1607,1630,1583,1607
1,<environment.Job instance at 0x15107981fe60>,3,2,[5 2],7,1607,1609,1600,1607
1,<environment.Job instance at 0x15107408a6e0>,19,2,[5 1],28,29,31,1,29
1,<environment.Job instance at 0x15107408a960>,21,2,[2 8],32,32,34,0,32
1,<environment.Job instance at 0x15107408aa50>,22,1,[ 1 10],33,34,35,1,33
1,<environment.Job instance at 0x15107408abe0>,23,16,[8 1],35,35,51,0,35
1,<environment.Job instance at 0x15107408ae60>,25,1,[2 8],37,37,38,0,37
1,<environment.Job instance at 0x15107408afa0>,26,1,[5 1],38,38,39,0,38
1,<environment.Job instance at 0x1510740a0c80>,39,1,[1 6],57,59,60,2,59
1,<environment.Job instance at 0x1510740a0730>,33,18,[2 6],51,71,89,20,71
1,<environment.Job instance at 0x1510740923c0>,45,12,[2 8],67,402,414,335,402
1,<environment.Job instance at 0x1510740a6460>,62,15,[10  2],94,618,633,524,618
1,<environment.Job instance at 0x1510740a07d0>,34,15,[5 2],52,645,660,593,645
1,<environment.Job instance at 0x1510740a6410>,63,3,[7 2],96,1201,1204,1105,1201
1,<environment.Job instance at 0x1510740a6640>,65,3,[5 1],99,1896,1899,1797,1896
1,<environment.Job instance at 0x1510740a6780>,66,1,[2 9],101,2265,2266,2164,2265
1,<environment.Job instance at 0x1510740a6820>,67,1,[5 2],102,2670,2671,2568,2670
1,<environment.Job instance at 0x15107407d320>,0,1,[7 1],1,1,2,0,1
1,<environment.Job instance at 0x15107407d690>,2,1,[5 1],4,4,5,0,4
1,<environment.Job instance at 0x15107426d7d0>,3,1,[2 7],5,6,7,1,6
1,<environment.Job instance at 0x15107f2dab90>,5,1,[10  1],7,7,8,0,7
1,<environment.Job instance at 0x15107f2ff500>,6,1,[6 2],8,8,9,0,8
1,<environment.Job instance at 0x15107f3087d0>,13,22,[5 2],19,23,45,4,23
1,<environment.Job instance at 0x151079748370>,17,1,[ 1 11],26,26,27,0,26
1,<environment.Job instance at 0x15107f2cd500>,25,17,[1 8],35,42,59,7,42
1,<environment.Job instance at 0x15107f2cdeb0>,26,2,[10  1],36,45,47,9,42
1,<environment.Job instance at 0x15107f2cdd20>,27,25,[7 2],38,47,72,9,43
1,<environment.Job instance at 0x15107f2cd5f0>,28,1,[ 2 10],39,59,60,20,43
1,<environment.Job instance at 0x151077c7acd0>,22,1,[2 6],31,60,61,29,48
1,<environment.Job instance at 0x151079755f00>,20,13,[5 2],29,54,67,25,54
1,<environment.Job instance at 0x15107e961460>,36,3,[7 2],48,67,70,19,55
1,<environment.Job instance at 0x15107e9615f0>,37,2,[7 1],49,70,72,21,57
1,<environment.Job instance at 0x15107e961a50>,38,1,[9 2],50,72,73,22,57
1,<environment.Job instance at 0x15107e961410>,39,2,[5 1],51,72,74,21,57
1,<environment.Job instance at 0x15107e9614b0>,35,14,[1 8],47,682,696,635,682
1,<environment.Job instance at 0x15104a2d0410>,55,2,[ 1 10],73,798,800,725,798
1,<environment.Job instance at 0x15107f356c80>,56,13,[6 1],74,843,856,769,843
1,<environment.Job instance at 0x15107f356e60>,57,2,[1 5],75,897,899,822,897
1,<environment.Job instance at 0x15107f356550>,58,2,[6 1],76,1312,1314,1236,1312
1,<environment.Job instance at 0x1510802c5230>,59,3,[2 8],77,1463,1466,1386,1463
1,<environment.Job instance at 0x151077c77230>,23,12,[1 8],32,1634,1646,1602,1634
1,<environment.Job instance at 0x1510802c50a0>,60,3,[1 7],78,1684,1687,1606,1684
1,<environment.Job instance at 0x1510802c55f0>,62,3,[7 1],82,1823,1826,1741,1823
1,<environment.Job instance at 0x1510802c55a0>,63,14,[2 7],83,1897,1911,1814,1897
1,<environment.Job instance at 0x1510802c5c30>,64,12,[ 1 10],86,2096,2108,2010,2096
1,<environment.Job instance at 0x1510802c5f00>,65,1,[ 2 10],87,2110,2111,2023,2110
1,<environment.Job instance at 0x1510802c5820>,66,2,[1 9],89,2120,2122,2031,2120
1,<environment.Job instance at 0x1510802c51e0>,67,2,[5 2],91,2189,2191,2098,2189
1,<environment.Job instance at 0x1510802c5e60>,68,2,[1 5],92,2269,2271,2177,2269
1,<environment.Job instance at 0x1510802c52d0>,69,21,[5 2],94,2335,2356,2241,2335
1,<environment.Job instance at 0x1510802c5500>,70,2,[ 1 10],95,2518,2520,2423,2518
1,<environment.Job instance at 0x1510802c5d20>,71,14,[2 5],96,2533,2547,2437,2533
1,<environment.Job instance at 0x15107d4d92d0>,72,3,[2 9],97,2679,2682,2582,2679
1,<environment.Job instance at 0x15107d4d9780>,73,1,[10  1],98,2777,2778,2679,2777
1,<environment.Job instance at 0x1510802c5550>,61,3,[1 8],80,2780,2783,2700,2780
1,<environment.Job instance at 0x15107d4d9140>,74,2,[2 9],99,2806,2808,2707,2806
1,<environment.Job instance at 0x15107d4d9370>,76,2,[8 2],103,2911,2913,2808,2911
1,<environment.Job instance at 0x15107d4d98c0>,77,3,[6 2],105,2914,2917,2809,2914
1,<environment.Job instance at 0x151074141d20>,7,26,[1 7],10,10,36,0,10
1,<environment.Job instance at 0x1510741416e0>,13,3,[2 9],17,36,39,19,18
1,<environment.Job instance at 0x151080935550>,16,1,[8 1],20,20,21,0,20
1,<environment.Job instance at 0x151080935500>,17,17,[9 1],21,21,38,0,21
1,<environment.Job instance at 0x151080935730>,18,2,[6 1],22,38,40,16,22
1,<environment.Job instance at 0x151080935640>,21,3,[2 8],28,39,42,11,28
1,<environment.Job instance at 0x15107a2ed0a0>,22,1,[5 1],29,29,30,0,29
1,<environment.Job instance at 0x15107a2eddc0>,23,25,[ 1 10],31,42,67,11,38
1,<environment.Job instance at 0x15107a2edb90>,27,2,[8 1],37,40,42,3,38
1,<environment.Job instance at 0x15104a840cd0>,28,1,[1 5],38,38,39,0,38
1,<environment.Job instance at 0x151077f609b0>,31,3,[1 9],41,67,70,26,41
1,<environment.Job instance at 0x151077f60870>,32,1,[5 1],42,42,43,0,42
1,<environment.Job instance at 0x15107a17f9b0>,35,3,[10  1],48,55,58,7,55
1,<environment.Job instance at 0x15104a260eb0>,46,1,[1 9],68,70,71,2,68
1,<environment.Job instance at 0x15104a260dc0>,45,3,[8 2],67,71,74,4,71
1,<environment.Job instance at 0x15107a2ed280>,24,3,[13  1],32,561,564,529,561
1,<environment.Job instance at 0x1510802b7870>,56,16,[5 2],83,775,791,692,775
1,<environment.Job instance at 0x151080935910>,14,17,[1 9],18,1147,1164,1129,1147
1,<environment.Job instance at 0x1510802b7dc0>,58,1,[2 6],85,1329,1330,1244,1329
1,<environment.Job instance at 0x1510802b7e10>,59,26,[1 6],86,1343,1369,1257,1343
1,<environment.Job instance at 0x1510802b76e0>,60,2,[8 1],87,1492,1494,1405,1492
1,<environment.Job instance at 0x1510802b7be0>,61,2,[6 1],88,2000,2002,1912,2000
1,<environment.Job instance at 0x1510802b7050>,62,3,[7 2],90,2185,2188,2095,2185
1,<environment.Job instance at 0x1510802b7f00>,64,1,[ 2 10],92,2199,2200,2107,2199
1,<environment.Job instance at 0x1510802b7460>,65,2,[5 2],94,2256,2258,2162,2256
1,<environment.Job instance at 0x151077ed8690>,66,1,[7 2],95,2295,2296,2200,2295
1,<environment.Job instance at 0x151077ed8b40>,67,15,[10  2],96,2298,2313,2202,2298
1,<environment.Job instance at 0x151077ed89b0>,68,3,[1 6],97,2361,2364,2264,2361
1,<environment.Job instance at 0x151077ed8a00>,69,2,[2 7],98,2365,2367,2267,2365
1,<environment.Job instance at 0x1510802b7690>,57,12,[7 2],84,2370,2382,2286,2370
1,<environment.Job instance at 0x151077ed8c80>,70,3,[7 1],99,2411,2414,2312,2411
1,<environment.Job instance at 0x151077ed8910>,72,12,[2 9],101,2416,2428,2315,2416
1,<environment.Job instance at 0x151077ed8960>,73,2,[8 1],103,2432,2434,2329,2432
1,<environment.Job instance at 0x151077ed8aa0>,74,3,[ 2 10],105,2441,2444,2336,2441
1,<environment.Job instance at 0x151077ed85f0>,75,1,[1 6],109,2485,2486,2376,2485
1,<environment.Job instance at 0x151077ed84b0>,76,3,[1 8],110,2488,2491,2378,2488
1,<environment.Job instance at 0x151077ed8780>,77,2,[2 7],112,2525,2527,2413,2525
1,<environment.Job instance at 0x151077ed8500>,78,14,[10  1],113,2529,2543,2416,2529
1,<environment.Job instance at 0x151077ed8140>,79,2,[2 5],115,2553,2555,2438,2553
1,<environment.Job instance at 0x151077ed8fa0>,80,2,[1 6],116,2596,2598,2480,2596
1,<environment.Job instance at 0x151077ed8f00>,81,12,[ 1 10],118,2618,2630,2500,2618
1,<environment.Job instance at 0x151077ed8550>,82,3,[9 1],119,2641,2644,2522,2641
1,<environment.Job instance at 0x151077ed80f0>,83,17,[2 8],120,2652,2669,2532,2652
1,<environment.Job instance at 0x151077ed8370>,84,17,[1 8],121,2669,2686,2548,2657
1,<environment.Job instance at 0x1510798855a0>,85,17,[ 2 11],122,2700,2717,2578,2700
1,<environment.Job instance at 0x151079885730>,86,25,[ 2 14],123,2717,2742,2594,2716
1,<environment.Job instance at 0x1510798856e0>,87,1,[1 8],124,2795,2796,2671,2795
1,<environment.Job instance at 0x151077ed82d0>,71,14,[6 1],100,2802,2816,2702,2802
1,<environment.Job instance at 0x1510798853c0>,88,3,[8 2],127,2823,2826,2696,2823
1,<environment.Job instance at 0x151079885d70>,90,3,[9 1],130,2826,2829,2696,2823
1,<environment.Job instance at 0x151079885960>,91,2,[8 2],131,2833,2835,2702,2833
1,<environment.Job instance at 0x151079885320>,92,1,[8 1],132,2860,2861,2728,2860
1,<environment.Job instance at 0x151079885cd0>,93,23,[7 1],133,2860,2883,2727,2860
1,<environment.Job instance at 0x151079885550>,94,22,[5 2],134,2875,2897,2741,2875
1,<environment.Job instance at 0x151079885410>,95,22,[7 2],136,2883,2905,2747,2877
1,<environment.Job instance at 0x151079885190>,96,2,[2 9],137,2883,2885,2746,2883
1,<environment.Job instance at 0x1510798857d0>,97,3,[ 2 10],138,2900,2903,2762,2900
1,<environment.Job instance at 0x15107e9752d0>,9,1,[7 2],14,76,77,62,76
1,<environment.Job instance at 0x15107e975280>,16,1,[2 8],25,188,189,163,188
1,<environment.Job instance at 0x15104a802c80>,23,1,[8 2],35,192,193,157,192
1,<environment.Job instance at 0x15104a802690>,24,25,[2 7],37,193,218,156,193
1,<environment.Job instance at 0x15107e975aa0>,10,1,[5 1],15,215,216,200,215
1,<environment.Job instance at 0x15104a8020f0>,25,3,[1 7],39,217,220,178,217
1,<environment.Job instance at 0x15104a8021e0>,27,3,[10  2],44,218,221,174,218
1,<environment.Job instance at 0x15104a802820>,28,1,[9 1],45,224,225,179,224
1,<environment.Job instance at 0x15104a8029b0>,29,2,[8 2],46,225,227,179,224
1,<environment.Job instance at 0x15104a802960>,26,19,[8 1],42,227,246,185,226
1,<environment.Job instance at 0x15104a802aa0>,30,2,[6 1],47,231,233,184,231
1,<environment.Job instance at 0x15104a802910>,32,2,[2 7],49,241,243,192,241
1,<environment.Job instance at 0x15104a802fa0>,33,1,[1 7],50,248,249,198,248
1,<environment.Job instance at 0x15104a802dc0>,34,1,[1 7],53,248,249,195,248
1,<environment.Job instance at 0x15104a802be0>,35,3,[6 2],54,249,252,195,248
1,<environment.Job instance at 0x15104a802280>,36,1,[8 2],55,249,250,194,248
1,<environment.Job instance at 0x15104a8026e0>,37,18,[9 2],56,250,268,194,248
1,<environment.Job instance at 0x15104a802e10>,38,3,[8 1],57,268,271,211,253
1,<environment.Job instance at 0x15104a8024b0>,39,3,[5 1],58,253,256,195,253
1,<environment.Job instance at 0x15104a802e60>,31,1,[2 6],48,256,257,208,253
1,<environment.Job instance at 0x15104a802500>,40,2,[9 1],59,271,273,212,267
1,<environment.Job instance at 0x15104a430230>,42,1,[1 9],64,274,275,210,274
1,<environment.Job instance at 0x15104a802780>,21,2,[13  2],32,274,276,242,274
1,<environment.Job instance at 0x15104a430910>,43,14,[7 1],65,284,298,219,284
1,<environment.Job instance at 0x15104a430820>,45,3,[6 2],68,300,303,232,300
1,<environment.Job instance at 0x15104a4301e0>,48,3,[7 2],76,301,304,225,301
1,<environment.Job instance at 0x15104a430640>,49,15,[8 1],77,303,318,226,302
1,<environment.Job instance at 0x15104a430d70>,50,3,[1 7],79,305,308,226,305
1,<environment.Job instance at 0x15104a430410>,52,2,[7 1],83,310,312,227,310
1,<environment.Job instance at 0x15104a4cf320>,53,15,[7 1],84,312,327,228,312
1,<environment.Job instance at 0x15104a4cf2d0>,55,2,[6 1],87,318,320,231,314
1,<environment.Job instance at 0x15104a4cfb40>,56,1,[10  2],88,327,328,239,327
1,<environment.Job instance at 0x15107972ee60>,58,17,[5 1],94,328,345,234,328
1,<environment.Job instance at 0x15107972e0a0>,59,2,[1 5],96,333,335,237,333
1,<environment.Job instance at 0x15107972eaf0>,60,1,[7 2],100,335,336,235,335
1,<environment.Job instance at 0x15107972eeb0>,61,16,[2 6],101,339,355,238,339
1,<environment.Job instance at 0x15107972e960>,63,1,[10  2],104,345,346,241,339
1,<environment.Job instance at 0x15107972e820>,64,13,[1 8],105,346,359,241,344
1,<environment.Job instance at 0x15107972ebe0>,69,2,[2 7],115,363,365,248,363
1,<environment.Job instance at 0x15107972e5f0>,70,18,[5 1],118,364,382,246,364
1,<environment.Job instance at 0x15107972e410>,71,3,[6 2],120,387,390,267,387
1,<environment.Job instance at 0x15107972ed70>,72,2,[10  2],121,390,392,269,387
1,<environment.Job instance at 0x15107972e0f0>,73,2,[1 6],122,389,391,267,389
1,<environment.Job instance at 0x15107972e140>,74,13,[1 7],124,391,404,267,391
1,<environment.Job instance at 0x15107972e6e0>,75,3,[1 9],125,404,407,279,398
1,<environment.Job instance at 0x15107972e910>,76,3,[8 2],126,404,407,278,404
1,<environment.Job instance at 0x15107972e2d0>,77,13,[8 2],127,407,420,280,404
1,<environment.Job instance at 0x15107972e550>,78,22,[7 2],128,407,429,279,404
1,<environment.Job instance at 0x15107972edc0>,79,3,[6 2],129,420,423,291,408
1,<environment.Job instance at 0x1510798781e0>,80,3,[9 2],130,429,432,299,416
1,<environment.Job instance at 0x1510798785f0>,81,13,[6 1],131,423,436,292,421
1,<environment.Job instance at 0x151079878960>,82,2,[ 2 10],133,423,425,290,423
1,<environment.Job instance at 0x151079878a50>,83,21,[2 7],135,432,453,297,424
1,<environment.Job instance at 0x151079878190>,84,3,[2 8],136,436,439,300,430
1,<environment.Job instance at 0x151079878050>,85,14,[1 6],138,439,453,301,433
1,<environment.Job instance at 0x15104a8025a0>,41,3,[7 1],61,451,454,390,451
1,<environment.Job instance at 0x151079878aa0>,87,1,[2 6],140,453,454,313,453
1,<environment.Job instance at 0x151079878af0>,88,3,[7 1],141,456,459,315,456
1,<environment.Job instance at 0x151079878b90>,86,2,[6 2],139,462,464,323,462
1,<environment.Job instance at 0x151079878320>,90,15,[10  2],144,467,482,323,467
1,<environment.Job instance at 0x1510798784b0>,91,2,[5 1],146,470,472,324,470
1,<environment.Job instance at 0x1510798780a0>,92,1,[8 1],147,482,483,335,472
1,<environment.Job instance at 0x151079878fa0>,93,3,[2 9],148,505,508,357,505
1,<environment.Job instance at 0x151079878140>,94,18,[2 5],149,505,523,356,505
1,<environment.Job instance at 0x151079878e10>,95,21,[1 8],150,508,529,358,506
1,<environment.Job instance at 0x151079878c30>,96,1,[6 1],151,506,507,355,506
1,<environment.Job instance at 0x15104a8027d0>,22,2,[5 1],33,507,509,474,506
1,<environment.Job instance at 0x151079878a00>,98,21,[10  2],154,509,530,355,506
1,<environment.Job instance at 0x1510798789b0>,97,15,[2 6],153,530,545,377,530
1,<environment.Job instance at 0x15104aa04410>,100,1,[5 1],156,531,532,375,531
1,<environment.Job instance at 0x15104aa041e0>,101,3,[2 6],159,532,535,373,532
1,<environment.Job instance at 0x15104aa04690>,102,18,[2 9],160,535,553,375,533
1,<environment.Job instance at 0x15104aa04190>,103,3,[9 1],162,554,557,392,554
1,<environment.Job instance at 0x15104aa04dc0>,104,3,[2 6],163,565,568,402,565
1,<environment.Job instance at 0x15104aa04a50>,105,2,[8 1],164,565,567,401,565
1,<environment.Job instance at 0x15104aa040a0>,106,12,[10  2],165,569,581,404,569
1,<environment.Job instance at 0x15104aa04d70>,107,2,[9 2],166,581,583,415,571
1,<environment.Job instance at 0x15104aa046e0>,108,2,[2 8],167,590,592,423,590
1,<environment.Job instance at 0x15104aa04730>,109,1,[1 5],169,603,604,434,603
1,<environment.Job instance at 0x151079878b40>,89,3,[1 7],143,622,625,479,622
1,<environment.Job instance at 0x15107972e690>,68,3,[14  1],112,1841,1844,1729,1841
1,<environment.Job instance at 0x15107e975910>,6,3,[14  2],8,1937,1940,1929,1937
1,<environment.Job instance at 0x153ec8394a50>,2,1,[2 5],3,3,4,0,3
1,<environment.Job instance at 0x153ebe72fa50>,3,1,[6 2],4,4,5,0,4
1,<environment.Job instance at 0x153ebe7258c0>,18,2,[10  1],25,25,27,0,25
1,<environment.Job instance at 0x153ebe725960>,20,2,[ 1 13],27,27,29,0,27
1,<environment.Job instance at 0x153ebe725d70>,21,3,[6 1],29,29,32,0,29
1,<environment.Job instance at 0x153ebe725230>,22,1,[2 7],30,31,32,1,31
1,<environment.Job instance at 0x153ebe724500>,26,1,[2 7],35,35,36,0,35
1,<environment.Job instance at 0x153ebec2a730>,41,25,[12  2],54,58,83,4,58
1,<environment.Job instance at 0x153ebf295f00>,21,2,[8 2],31,48,50,17,48
1,<environment.Job instance at 0x153ec03d7370>,34,1,[9 1],51,72,73,21,72
1,<environment.Job instance at 0x153ec0382730>,43,3,[2 8],65,87,90,22,87
1,<environment.Job instance at 0x153ec0382d70>,44,1,[2 6],66,87,88,21,87
1,<environment.Job instance at 0x153ec0382960>,45,2,[1 6],67,88,90,21,87
1,<environment.Job instance at 0x153ec0382190>,46,18,[7 2],69,90,108,21,87
1,<environment.Job instance at 0x153ec0382870>,49,2,[7 2],77,90,92,13,87
1,<environment.Job instance at 0x153ec03820a0>,50,2,[2 5],78,92,94,14,87
1,<environment.Job instance at 0x153ec036f050>,52,3,[8 1],82,94,97,12,94
1,<environment.Job instance at 0x153ec036f2d0>,53,1,[7 2],83,97,98,14,94
1,<environment.Job instance at 0x153ec036f370>,54,2,[5 2],84,98,100,14,94
1,<environment.Job instance at 0x153ec036fc80>,55,2,[ 2 12],86,100,102,14,94
1,<environment.Job instance at 0x153ec036f500>,56,14,[6 1],87,100,114,13,95
1,<environment.Job instance at 0x153ec0422c80>,7,2,[ 2 10],14,323,325,309,323
1,<environment.Job instance at 0x153ec56fbb90>,65,3,[1 5],99,619,622,520,619
1,<environment.Job instance at 0x153ebec32eb0>,66,21,[ 2 13],100,749,770,649,749
1,<environment.Job instance at 0x153ec570cbe0>,67,1,[2 8],101,770,771,669,754
1,<environment.Job instance at 0x153ebec20a50>,68,1,[7 1],102,794,795,692,794
1,<environment.Job instance at 0x153ec5fe7550>,69,18,[5 2],103,1089,1107,986,1089
1,<environment.Job instance at 0x153ebf2958c0>,18,3,[ 2 10],27,1168,1171,1141,1168
1,<environment.Job instance at 0x153ec56aec30>,70,2,[8 2],105,2008,2010,1903,2008
1,<environment.Job instance at 0x153ec0475eb0>,72,18,[8 1],107,2029,2047,1922,2029
1,<environment.Job instance at 0x153ebec4d230>,73,1,[5 2],108,2210,2211,2102,2210
1,<environment.Job instance at 0x153ec039a140>,6,1,[1 9],13,87,88,74,87
1,<environment.Job instance at 0x153ec039a9b0>,5,2,[1 6],12,89,91,77,89
1,<environment.Job instance at 0x153ec0412370>,40,26,[9 1],64,215,241,151,215
1,<environment.Job instance at 0x153ec0394af0>,23,16,[1 5],38,228,244,190,228
1,<environment.Job instance at 0x153ec0412500>,45,3,[8 1],69,241,244,172,237
1,<environment.Job instance at 0x153ec04120f0>,46,3,[8 1],73,244,247,171,239
1,<environment.Job instance at 0x153ec03fc500>,24,3,[5 1],40,239,242,199,239
1,<environment.Job instance at 0x153ec0412eb0>,48,27,[1 7],75,546,573,471,546
1,<environment.Job instance at 0x153ec045b500>,75,2,[6 1],114,602,604,488,602
1,<environment.Job instance at 0x153ec036ffa0>,76,3,[10  1],116,900,903,784,900
1,<environment.Job instance at 0x153ec0409820>,77,3,[10  2],117,1477,1480,1360,1477
1,<environment.Job instance at 0x153ec056ab40>,78,3,[ 2 11],120,2010,2013,1890,2010
1,<environment.Job instance at 0x153ea55e34b0>,0,1,[2 6],1,1,2,0,1
1,<environment.Job instance at 0x153ea55e3820>,9,2,[2 6],11,11,13,0,11
1,<environment.Job instance at 0x153ebc21ba50>,11,2,[10  2],13,13,15,0,13
1,<environment.Job instance at 0x153ebc21b780>,17,13,[5 1],21,29,42,8,29
1,<environment.Job instance at 0x153ec100aeb0>,20,1,[2 5],24,29,30,5,29
1,<environment.Job instance at 0x153ebc21b460>,14,2,[1 6],17,47,49,30,47
1,<environment.Job instance at 0x153ec100adc0>,26,1,[ 2 10],30,49,50,19,47
1,<environment.Job instance at 0x153ec100a960>,27,2,[10  2],32,47,49,15,47
1,<environment.Job instance at 0x153ec100a9b0>,28,3,[7 1],36,49,52,13,47
1,<environment.Job instance at 0x153ec100a2d0>,25,25,[12  1],29,52,77,23,48
1,<environment.Job instance at 0x153ec100a460>,29,3,[2 8],37,56,59,19,56
1,<environment.Job instance at 0x153ebc25eeb0>,35,3,[10  1],47,77,80,30,56
1,<environment.Job instance at 0x153ebc25e4b0>,36,3,[6 1],49,80,83,31,57
1,<environment.Job instance at 0x153ebc25eaf0>,37,3,[8 1],50,80,83,30,58
1,<environment.Job instance at 0x153ebc25e5f0>,38,2,[7 1],52,83,85,31,58
1,<environment.Job instance at 0x153ebc21b640>,15,15,[2 6],19,173,188,154,173
1,<environment.Job instance at 0x153ec7602fa0>,81,1,[5 1],123,197,198,74,197
1,<environment.Job instance at 0x153ec563d500>,72,17,[2 8],107,212,229,105,212
1,<environment.Job instance at 0x153ec7602870>,86,15,[2 7],130,219,234,89,219
1,<environment.Job instance at 0x153ea55cae60>,90,1,[8 1],139,229,230,90,219
1,<environment.Job instance at 0x153ea55ef910>,92,1,[2 9],144,234,235,90,219
1,<environment.Job instance at 0x153ec04bc4b0>,91,3,[1 9],141,235,238,94,221
1,<environment.Job instance at 0x153ea55efc30>,94,12,[7 1],146,230,242,84,221
1,<environment.Job instance at 0x153ea55ef140>,95,13,[13  2],147,242,255,95,226
1,<environment.Job instance at 0x153ebc323e10>,97,2,[7 1],151,235,237,84,226
1,<environment.Job instance at 0x153ea56040f0>,100,1,[8 1],155,255,256,100,251
1,<environment.Job instance at 0x153ec7602d20>,88,1,[ 1 12],136,252,253,116,252
1,<environment.Job instance at 0x153ea5671aa0>,103,18,[5 1],158,255,273,97,252
1,<environment.Job instance at 0x153ec0412eb0>,101,28,[5 1],156,256,284,100,255
1,<environment.Job instance at 0x153ea52e5960>,105,3,[6 2],160,273,276,113,255
1,<environment.Job instance at 0x153ebc0f0a50>,106,1,[6 2],161,276,277,115,255
1,<environment.Job instance at 0x153ea543f2d0>,108,1,[7 1],164,277,278,113,255
1,<environment.Job instance at 0x153ea55efd70>,96,3,[9 2],148,296,299,148,296
1,<environment.Job instance at 0x153ec100ac80>,16,2,[7 2],20,304,306,284,304
1,<environment.Job instance at 0x153ec0fa1a00>,4,25,[8 1],9,9,34,0,9
1,<environment.Job instance at 0x153ec0557b40>,7,2,[10  2],13,34,36,21,23
1,<environment.Job instance at 0x153ec0fba5a0>,17,2,[1 8],25,26,28,1,26
1,<environment.Job instance at 0x153ea535a960>,19,1,[ 1 10],29,29,30,0,29
1,<environment.Job instance at 0x153ebc322fa0>,20,19,[2 5],30,31,50,1,31
1,<environment.Job instance at 0x153ebc3226e0>,22,3,[6 2],32,50,53,18,50
1,<environment.Job instance at 0x153ebc0bcd20>,31,1,[6 2],43,50,51,7,50
1,<environment.Job instance at 0x153ebc11c460>,32,2,[2 7],44,51,53,7,51
1,<environment.Job instance at 0x153ea511d870>,10,25,[6 1],15,1976,2001,1961,1976
1,<environment.Job instance at 0x153ea50b1c30>,1,1,[7 1],4,5,6,1,5
1,<environment.Job instance at 0x153ea5250550>,7,1,[2 6],12,12,13,0,12
1,<environment.Job instance at 0x153ea5250b90>,9,1,[5 1],14,14,15,0,14
1,<environment.Job instance at 0x153ea518e870>,11,1,[6 1],16,16,17,0,16
1,<environment.Job instance at 0x153ea518ed70>,16,3,[2 6],27,27,30,0,27
1,<environment.Job instance at 0x153ea518eb40>,17,2,[7 1],28,28,30,0,28
1,<environment.Job instance at 0x153ea518e9b0>,18,21,[6 1],30,30,51,0,30
1,<environment.Job instance at 0x153ea519feb0>,22,2,[2 8],35,187,189,152,187
1,<environment.Job instance at 0x153ea519ffa0>,24,1,[1 7],40,326,327,286,326
1,<environment.Job instance at 0x153ea518e8c0>,21,1,[ 2 10],34,327,328,293,326
1,<environment.Job instance at 0x153ea519f550>,27,27,[1 9],43,328,355,285,326
1,<environment.Job instance at 0x153ea5221140>,29,1,[ 2 10],45,355,356,310,327
1,<environment.Job instance at 0x153ea519f2d0>,23,1,[1 7],38,356,357,318,328
1,<environment.Job instance at 0x153ea5221b40>,28,1,[9 1],44,329,330,285,329
1,<environment.Job instance at 0x153ea5221b90>,32,1,[8 2],52,330,331,278,330
1,<environment.Job instance at 0x153ea5221640>,33,18,[9 1],53,331,349,278,331
1,<environment.Job instance at 0x153ea5221730>,34,2,[8 1],55,349,351,294,339
1,<environment.Job instance at 0x153ea5221050>,30,12,[2 8],48,356,368,308,339
1,<environment.Job instance at 0x153ea5221d70>,36,1,[7 1],57,351,352,294,339
1,<environment.Job instance at 0x153ea518ea50>,19,3,[ 2 13],32,368,371,336,342
1,<environment.Job instance at 0x153ea52210a0>,39,3,[8 2],63,352,355,289,342
1,<environment.Job instance at 0x153ea5221f50>,40,1,[1 7],64,357,358,293,342
1,<environment.Job instance at 0x153ea5221d20>,41,3,[2 8],65,371,374,306,345
1,<environment.Job instance at 0x153ea5221690>,42,2,[7 1],66,358,360,292,345
1,<environment.Job instance at 0x153ea5221e60>,38,3,[1 5],60,360,363,300,360
1,<environment.Job instance at 0x153ea5243550>,45,21,[9 1],71,360,381,289,360
1,<environment.Job instance at 0x153ea5221460>,37,1,[2 6],59,363,364,304,360
1,<environment.Job instance at 0x153ea5243c80>,43,28,[1 6],67,371,399,304,370
1,<environment.Job instance at 0x153ea52430f0>,47,15,[10  2],73,381,396,308,370
1,<environment.Job instance at 0x153ea5243b90>,50,3,[5 1],77,374,377,297,370
1,<environment.Job instance at 0x153ea52432d0>,53,2,[1 8],81,377,379,296,370
1,<environment.Job instance at 0x153ea5243cd0>,54,1,[1 9],83,396,397,313,370
1,<environment.Job instance at 0x153ea52439b0>,51,1,[1 9],79,397,398,318,371
1,<environment.Job instance at 0x153ea52431e0>,56,3,[9 1],86,398,401,312,372
1,<environment.Job instance at 0x153ea5243eb0>,57,12,[9 1],87,401,413,314,401
1,<environment.Job instance at 0x153ea522f870>,66,1,[1 8],100,401,402,301,401
1,<environment.Job instance at 0x153ea5243e10>,65,1,[8 1],98,413,414,315,401
1,<environment.Job instance at 0x153ea522fa00>,67,1,[2 9],101,425,426,324,425
1,<environment.Job instance at 0x153ea522f320>,79,1,[7 1],115,431,432,316,431
1,<environment.Job instance at 0x153ea522f640>,82,26,[8 1],118,431,457,313,431
1,<environment.Job instance at 0x153ea513a4b0>,85,27,[6 1],121,432,459,311,431
1,<environment.Job instance at 0x153ea522feb0>,77,1,[10  1],113,459,460,346,450
1,<environment.Job instance at 0x153ea513ac80>,87,17,[7 2],123,478,495,355,478
1,<environment.Job instance at 0x153ea52212d0>,35,13,[8 2],56,509,522,453,509
1,<environment.Job instance at 0x153ea52130a0>,96,28,[14  1],138,522,550,384,521
1,<environment.Job instance at 0x153ea52135f0>,97,2,[1 7],139,561,563,422,561
1,<environment.Job instance at 0x153ea5213f00>,90,13,[2 8],127,630,643,503,630
1,<environment.Job instance at 0x153ec60fa500>,105,2,[1 8],149,649,651,500,649
1,<environment.Job instance at 0x153ec0649af0>,106,2,[1 5],150,773,775,623,773
1,<environment.Job instance at 0x153ea51aec30>,108,2,[9 1],152,777,779,625,777
1,<environment.Job instance at 0x153ebc27caf0>,109,3,[9 2],153,795,798,642,795
1,<environment.Job instance at 0x153ebe97e550>,110,17,[5 2],154,826,843,672,826
1,<environment.Job instance at 0x153ec6fb50a0>,111,2,[2 6],156,864,866,708,864
1,<environment.Job instance at 0x153ec057e190>,112,1,[ 1 10],157,898,899,741,898
1,<environment.Job instance at 0x153ebc1d4af0>,113,1,[2 7],158,922,923,764,922
1,<environment.Job instance at 0x153ec0585e10>,103,2,[11  2],146,932,934,786,932
1,<environment.Job instance at 0x153ea55b7eb0>,114,2,[2 6],159,1002,1004,843,1002
1,<environment.Job instance at 0x153ea51aee60>,107,1,[1 5],151,1006,1007,855,1006
1,<environment.Job instance at 0x153ec0435910>,120,1,[2 8],167,1008,1009,841,1008
1,<environment.Job instance at 0x153ea51f32d0>,121,18,[10  2],168,1008,1026,840,1008
1,<environment.Job instance at 0x153ec0520690>,119,14,[1 9],166,1123,1137,957,1123
1,<environment.Job instance at 0x153ebc370910>,123,15,[2 5],170,1125,1140,955,1125
1,<environment.Job instance at 0x153ec6026230>,124,3,[1 6],171,1147,1150,976,1147
1,<environment.Job instance at 0x153ec056b9b0>,125,2,[1 8],173,1157,1159,984,1157
1,<environment.Job instance at 0x153ebc370370>,126,17,[7 1],174,1170,1187,996,1170
1,<environment.Job instance at 0x153ea52f81e0>,127,16,[8 2],175,1193,1209,1018,1193
1,<environment.Job instance at 0x153ea51a70f0>,128,3,[1 5],178,1294,1297,1116,1294
1,<environment.Job instance at 0x153ec6079c80>,129,1,[10  1],179,1387,1388,1208,1387
1,<environment.Job instance at 0x153ea52215f0>,31,3,[ 1 10],51,2807,2810,2756,2807
1,<environment.Job instance at 0x153ebc28e690>,5,1,[1 6],6,6,7,0,6
1,<environment.Job instance at 0x153ebc316550>,12,1,[ 2 13],18,18,19,0,18
1,<environment.Job instance at 0x153ebc3165a0>,13,2,[2 5],19,19,21,0,19
1,<environment.Job instance at 0x153ebc316190>,16,1,[5 1],22,22,23,0,22
1,<environment.Job instance at 0x153ebc316730>,18,2,[1 7],24,24,26,0,24
1,<environment.Job instance at 0x153ebc3094b0>,19,1,[6 2],27,28,29,1,28
1,<environment.Job instance at 0x153ebc309190>,25,1,[5 2],39,39,40,0,39
1,<environment.Job instance at 0x153ea532f730>,34,3,[1 9],51,55,58,4,55
1,<environment.Job instance at 0x153ea532f690>,37,1,[1 8],55,58,59,3,58
1,<environment.Job instance at 0x153ea532f5a0>,38,1,[10  2],59,60,61,1,60
1,<environment.Job instance at 0x153ea532f960>,39,2,[2 6],60,60,62,0,60
1,<environment.Job instance at 0x153ea532ffa0>,40,1,[1 5],61,62,63,1,62
1,<environment.Job instance at 0x153ea532f050>,35,17,[1 5],52,63,80,11,63
1,<environment.Job instance at 0x153ea539a780>,42,1,[2 8],64,64,65,0,64
1,<environment.Job instance at 0x153ea539a3c0>,47,28,[2 5],73,73,101,0,73
1,<environment.Job instance at 0x153ea539a0a0>,46,3,[7 2],71,74,77,3,74
1,<environment.Job instance at 0x153ebc2af280>,52,1,[2 6],78,80,81,2,79
1,<environment.Job instance at 0x153ebf285870>,53,1,[1 5],80,81,82,1,80
1,<environment.Job instance at 0x153ebf2854b0>,54,2,[2 8],81,87,89,6,87
1,<environment.Job instance at 0x153ebf2857d0>,55,24,[2 9],82,217,241,135,217
1,<environment.Job instance at 0x153ebf285780>,56,3,[2 5],85,237,240,152,237
1,<environment.Job instance at 0x153ebf285aa0>,57,18,[5 2],87,240,258,153,237
1,<environment.Job instance at 0x153ebf285820>,58,1,[1 6],88,241,242,153,240
1,<environment.Job instance at 0x153ebc2aff00>,48,15,[ 2 10],74,242,257,168,241
1,<environment.Job instance at 0x153ebf285c80>,60,2,[6 2],91,246,248,155,246
1,<environment.Job instance at 0x153ebf285b40>,61,3,[2 7],92,257,260,165,247
1,<environment.Job instance at 0x153ebf2859b0>,62,1,[10  1],96,258,259,162,255
1,<environment.Job instance at 0x153ec0f6ce60>,63,3,[10  1],97,259,262,162,255
1,<environment.Job instance at 0x153ec0f6cd70>,64,2,[6 1],98,256,258,158,256
1,<environment.Job instance at 0x153ea5734eb0>,65,3,[1 5],99,264,267,165,264
1,<environment.Job instance at 0x153ebc0565f0>,66,2,[10  2],100,272,274,172,272
1,<environment.Job instance at 0x153ea532f500>,36,3,[8 1],54,274,277,220,274
1,<environment.Job instance at 0x153ec6013410>,67,1,[9 1],101,277,278,176,277
1,<environment.Job instance at 0x153ec763b4b0>,69,25,[9 1],103,278,303,175,278
1,<environment.Job instance at 0x153ea5734870>,70,3,[2 7],104,290,293,186,290
1,<environment.Job instance at 0x153ebf27c460>,71,1,[7 1],105,303,304,198,299
1,<environment.Job instance at 0x153ebf27cb90>,72,2,[7 2],106,303,305,197,299
1,<environment.Job instance at 0x153ebf27ca00>,73,13,[10  1],108,313,326,205,313
1,<environment.Job instance at 0x153ec127dd20>,74,3,[2 6],109,313,316,204,313
1,<environment.Job instance at 0x153ec127d6e0>,75,2,[8 1],110,326,328,216,323
1,<environment.Job instance at 0x153ec127d730>,76,1,[6 2],111,326,327,215,324
1,<environment.Job instance at 0x153ec60fd0a0>,77,1,[9 1],112,328,329,216,325
1,<environment.Job instance at 0x153ec56f4460>,78,1,[2 5],114,325,326,211,325
1,<environment.Job instance at 0x153ec56f4550>,79,3,[10  2],117,329,332,212,325
1,<environment.Job instance at 0x153ec12ed1e0>,80,1,[2 7],118,333,334,215,333
1,<environment.Job instance at 0x153ec12edaf0>,81,2,[ 1 14],120,337,339,217,337
1,<environment.Job instance at 0x153ec763b8c0>,68,1,[1 8],102,341,342,239,341
1,<environment.Job instance at 0x153ec034e190>,82,1,[7 2],121,343,344,222,343
1,<environment.Job instance at 0x153ebc2a7e10>,84,15,[6 1],123,370,385,247,370
1,<environment.Job instance at 0x153ebc2a7f00>,85,1,[2 5],124,373,374,249,373
1,<environment.Job instance at 0x153ec25515f0>,86,2,[1 5],126,381,383,255,381
1,<environment.Job instance at 0x153ea5262cd0>,87,3,[2 8],127,391,394,264,391
1,<environment.Job instance at 0x153ec12ed410>,88,17,[10  1],128,392,409,264,392
1,<environment.Job instance at 0x153ebc191780>,89,26,[5 2],129,394,420,265,393
1,<environment.Job instance at 0x153ebc332280>,90,1,[8 2],130,409,410,279,397
1,<environment.Job instance at 0x153ebc332a00>,91,2,[2 6],131,409,411,278,400
1,<environment.Job instance at 0x153ec0456d70>,92,3,[1 9],132,421,424,289,421
1,<environment.Job instance at 0x153ebf285eb0>,59,2,[2 6],90,430,432,340,430
1,<environment.Job instance at 0x153ebc3328c0>,93,2,[1 7],134,431,433,297,431
1,<environment.Job instance at 0x153ec12da280>,95,2,[6 1],136,433,435,297,433
1,<environment.Job instance at 0x153ebc2745f0>,83,3,[9 1],122,468,471,346,468
1,<environment.Job instance at 0x153ec12dad70>,96,1,[5 1],137,471,472,334,471
1,<environment.Job instance at 0x153ec12daeb0>,97,16,[2 6],138,476,492,338,476
1,<environment.Job instance at 0x153ec12da960>,98,2,[7 1],140,478,480,338,478
1,<environment.Job instance at 0x153ec12da3c0>,100,1,[ 1 10],145,506,507,361,506
1,<environment.Job instance at 0x153ec12da0f0>,101,3,[1 9],146,532,535,386,532
1,<environment.Job instance at 0x153ec12da640>,102,2,[9 2],148,536,538,388,536
1,<environment.Job instance at 0x153ec12da5a0>,103,3,[2 7],149,553,556,404,553
1,<environment.Job instance at 0x153ec12da460>,104,21,[10  2],152,553,574,401,553
1,<environment.Job instance at 0x153ec12da320>,105,22,[2 9],153,557,579,404,557
1,<environment.Job instance at 0x153ec12daaa0>,106,3,[1 7],155,584,587,429,584
1,<environment.Job instance at 0x153ec12dae10>,94,3,[2 9],135,587,590,452,585
1,<environment.Job instance at 0x153ec7a7ae60>,107,14,[2 5],157,593,607,436,593
1,<environment.Job instance at 0x153ebc2e4230>,109,2,[6 1],163,597,599,434,597
1,<environment.Job instance at 0x153ebc158f50>,110,1,[ 1 12],164,607,608,443,597
1,<environment.Job instance at 0x153ec0551870>,111,1,[10  2],165,600,601,435,600
1,<environment.Job instance at 0x153ea54c11e0>,112,3,[2 9],166,608,611,442,608
1,<environment.Job instance at 0x153ebc2e46e0>,113,13,[2 9],167,689,702,522,689
1,<environment.Job instance at 0x153ec6006050>,114,12,[5 2],169,705,717,536,705
1,<environment.Job instance at 0x153ec0551fa0>,115,1,[9 1],170,717,718,547,717
1,<environment.Job instance at 0x153ebec19eb0>,116,20,[9 1],171,721,741,550,721
1,<environment.Job instance at 0x153ec0fa5b40>,117,3,[5 1],173,726,729,553,726
1,<environment.Job instance at 0x153ea56a9aa0>,118,2,[13  1],174,766,768,592,766
1,<environment.Job instance at 0x153ea56a9f50>,119,1,[12  2],175,781,782,606,781
1,<environment.Job instance at 0x153ea56a9dc0>,120,1,[5 1],176,784,785,608,784
1,<environment.Job instance at 0x153ea52d8460>,121,3,[8 1],177,798,801,621,798
1,<environment.Job instance at 0x153ea52d8e60>,122,2,[6 2],178,807,809,629,807
1,<environment.Job instance at 0x153ea52d8cd0>,123,3,[9 2],179,832,835,653,832
1,<environment.Job instance at 0x153ea539ab40>,45,2,[ 2 13],69,1104,1106,1035,1104
1,<environment.Job instance at 0x153ec12da1e0>,99,14,[5 2],144,1116,1130,972,1116
1,<environment.Job instance at 0x153ea56a7550>,0,2,[1 6],6,8,10,2,8
1,<environment.Job instance at 0x153ebec4ccd0>,1,18,[8 1],8,9,27,1,9
1,<environment.Job instance at 0x153ebc1951e0>,15,1,[1 8],28,28,29,0,28
1,<environment.Job instance at 0x153ebc195370>,16,20,[7 2],29,29,49,0,29
1,<environment.Job instance at 0x153ebc195a50>,21,1,[8 1],36,36,37,0,36
1,<environment.Job instance at 0x153ebc195e10>,24,1,[2 5],39,39,40,0,39
1,<environment.Job instance at 0x153ebc179230>,28,1,[5 2],43,48,49,5,48
1,<environment.Job instance at 0x153ebc1794b0>,30,1,[11  1],53,121,122,68,121
1,<environment.Job instance at 0x153ebc179050>,29,12,[2 9],44,218,230,174,218
1,<environment.Job instance at 0x153ebc179320>,33,2,[1 8],56,230,232,174,226
1,<environment.Job instance at 0x153ebc1793c0>,34,1,[6 1],57,227,228,170,227
1,<environment.Job instance at 0x153ebc1795a0>,35,18,[10  2],59,228,246,169,227
1,<environment.Job instance at 0x153ebc179640>,36,1,[6 1],60,246,247,186,234
1,<environment.Job instance at 0x153ebc1796e0>,37,1,[2 9],61,235,236,174,235
1,<environment.Job instance at 0x153ebc179870>,38,1,[1 5],62,246,247,184,246
1,<environment.Job instance at 0x153ebc179500>,32,2,[1 6],55,261,263,206,261
1,<environment.Job instance at 0x153ebc179780>,39,16,[ 2 10],63,264,280,201,264
1,<environment.Job instance at 0x153ebc179960>,41,3,[1 7],65,281,284,216,281
1,<environment.Job instance at 0x153ebc179a00>,42,3,[10  2],67,284,287,217,284
1,<environment.Job instance at 0x153ebc179aa0>,43,17,[9 2],69,287,304,218,284
1,<environment.Job instance at 0x153ebc179b40>,44,2,[9 2],71,304,306,233,291
1,<environment.Job instance at 0x153ebc179cd0>,45,2,[2 7],75,293,295,218,293
1,<environment.Job instance at 0x153ebc179d70>,46,1,[8 1],76,306,307,230,297
1,<environment.Job instance at 0x153ebc179e10>,47,15,[7 1],77,306,321,229,298
1,<environment.Job instance at 0x153ebc179be0>,48,1,[1 8],78,298,299,220,298
1,<environment.Job instance at 0x153ebc179e60>,49,12,[7 2],79,307,319,228,305
1,<environment.Job instance at 0x153ebc179370>,50,13,[1 9],80,307,320,227,306
1,<environment.Job instance at 0x153ebc179140>,51,2,[7 2],81,319,321,238,310
1,<environment.Job instance at 0x153ebc1aa050>,52,1,[ 2 10],82,321,322,239,311
1,<environment.Job instance at 0x153ebc1aa140>,53,16,[1 7],83,322,338,239,313
1,<environment.Job instance at 0x153ebc1aa1e0>,54,17,[5 2],85,321,338,236,313
1,<environment.Job instance at 0x153ebc1aa280>,55,3,[10  1],87,338,341,251,316
1,<environment.Job instance at 0x153ebc1aa320>,56,1,[9 2],88,322,323,234,319
1,<environment.Job instance at 0x153ebc1aa4b0>,57,17,[8 1],89,341,358,252,331
1,<environment.Job instance at 0x153ebc1aa550>,58,2,[1 5],90,331,333,241,331
1,<environment.Job instance at 0x153ebc1aa3c0>,59,13,[1 9],91,338,351,247,331
1,<environment.Job instance at 0x153ebc1aa5a0>,60,2,[10  2],92,358,360,266,344
1,<environment.Job instance at 0x153ebc1aa640>,61,15,[9 1],94,360,375,266,346
1,<environment.Job instance at 0x153ebc1aa6e0>,62,1,[1 5],95,346,347,251,346
1,<environment.Job instance at 0x153ebc1aa780>,63,2,[1 9],96,352,354,256,352
1,<environment.Job instance at 0x153ebc1aa9b0>,64,2,[1 7],99,359,361,260,359
1,<environment.Job instance at 0x153ebc1aa0f0>,65,3,[1 8],100,361,364,261,361
1,<environment.Job instance at 0x153ebc1aa960>,66,19,[5 2],101,361,380,260,361
1,<environment.Job instance at 0x153ebc1aaaa0>,67,2,[2 8],102,375,377,273,363
1,<environment.Job instance at 0x153ebc1798c0>,40,3,[5 1],64,385,388,321,385
1,<environment.Job instance at 0x153ebc1aaaf0>,68,3,[1 7],103,389,392,286,389
1,<environment.Job instance at 0x153ebc1aabe0>,70,3,[7 2],105,389,392,284,389
1,<environment.Job instance at 0x153ebc1aac80>,71,2,[8 1],106,392,394,286,389
1,<environment.Job instance at 0x153ebc1aad20>,72,15,[8 2],107,394,409,287,389
1,<environment.Job instance at 0x153ebc1aadc0>,73,1,[10  1],108,409,410,301,391
1,<environment.Job instance at 0x153ebec4c5f0>,74,2,[8 2],110,410,412,300,393
1,<environment.Job instance at 0x153ebc1aafa0>,75,1,[1 6],111,395,396,284,395
1,<environment.Job instance at 0x153ebc1aae60>,76,3,[6 1],112,397,400,285,397
1,<environment.Job instance at 0x153ebc1aa190>,77,16,[1 5],113,398,414,285,398
1,<environment.Job instance at 0x153ebc193a50>,78,3,[2 5],114,400,403,286,398
1,<environment.Job instance at 0x153ebc193820>,79,3,[2 8],116,403,406,287,402
1,<environment.Job instance at 0x153ebc1935a0>,80,17,[12  1],117,412,429,295,403
1,<environment.Job instance at 0x153ebc1930f0>,81,3,[1 8],118,407,410,289,407
1,<environment.Job instance at 0x153ebc193410>,82,2,[2 5],120,412,414,292,412
1,<environment.Job instance at 0x153ebc193460>,83,3,[1 9],121,414,417,293,413
1,<environment.Job instance at 0x153ebc1938c0>,84,15,[9 1],122,429,444,307,415
1,<environment.Job instance at 0x153ea55ce960>,85,12,[6 1],123,429,441,306,416
1,<environment.Job instance at 0x153ebc362f50>,86,13,[8 1],124,444,457,320,429
1,<environment.Job instance at 0x153ec0f080f0>,87,3,[2 8],125,443,446,318,443
1,<environment.Job instance at 0x153ec03711e0>,88,2,[1 7],126,452,454,326,452
1,<environment.Job instance at 0x153ea55db230>,89,2,[1 6],127,455,457,328,455
1,<environment.Job instance at 0x153ea5269cd0>,90,14,[ 2 10],128,457,471,329,457
1,<environment.Job instance at 0x153ec0388820>,91,1,[2 7],130,471,472,341,457
1,<environment.Job instance at 0x153ec0350910>,92,3,[8 2],131,457,460,326,457
1,<environment.Job instance at 0x153ec12e2e60>,93,3,[ 2 10],132,472,475,340,461
1,<environment.Job instance at 0x153ec0ff07d0>,94,2,[9 1],134,463,465,329,463
1,<environment.Job instance at 0x153ec0350aa0>,95,1,[2 5],135,468,469,333,468
1,<environment.Job instance at 0x153ebc179410>,31,2,[5 1],54,478,480,424,478
1,<environment.Job instance at 0x153ea55bea50>,97,2,[2 8],140,484,486,344,484
1,<environment.Job instance at 0x153ec0350e60>,96,3,[1 8],137,500,503,363,500
1,<environment.Job instance at 0x153ea503cbe0>,99,15,[10  1],143,501,516,358,501
1,<environment.Job instance at 0x153ec12d1aa0>,100,3,[1 8],145,505,508,360,505
1,<environment.Job instance at 0x153ec0f14230>,101,12,[1 7],146,524,536,378,524
1,<environment.Job instance at 0x153ec0f148c0>,102,3,[8 1],147,524,527,377,524
1,<environment.Job instance at 0x153ec5799f00>,103,3,[10  1],148,530,533,382,530
1,<environment.Job instance at 0x153ec57994b0>,104,3,[1 8],149,543,546,394,543
1,<environment.Job instance at 0x153ec5799460>,105,2,[2 9],150,546,548,396,544
1,<environment.Job instance at 0x153ec5799eb0>,106,2,[8 2],151,546,548,395,546
1,<environment.Job instance at 0x153ec129d910>,107,2,[8 1],152,548,550,396,548
1,<environment.Job instance at 0x153ebc1aab40>,69,2,[6 1],104,549,551,445,549
1,<environment.Job instance at 0x153ec5799f50>,108,16,[7 2],154,550,566,396,549
1,<environment.Job instance at 0x153ec0597910>,110,3,[ 2 10],157,562,565,405,562
1,<environment.Job instance at 0x153ec05975f0>,109,1,[ 2 10],155,565,566,410,564
1,<environment.Job instance at 0x153ec0597230>,111,12,[ 2 11],158,871,883,713,871
1,<environment.Job instance at 0x153ea526ad70>,113,16,[5 1],161,1025,1041,864,1025
1,<environment.Job instance at 0x153ea5252320>,114,3,[2 5],163,1097,1100,934,1097
1,<environment.Job instance at 0x153ec03590a0>,115,13,[1 5],164,1116,1129,952,1116
1,<environment.Job instance at 0x153ea5241500>,116,15,[5 1],166,1245,1260,1079,1245
1,<environment.Job instance at 0x153ea5241dc0>,117,23,[2 5],167,1249,1272,1082,1249
1,<environment.Job instance at 0x153ec0359190>,118,1,[6 1],168,1258,1259,1090,1258
1,<environment.Job instance at 0x153ec0384a00>,119,18,[8 2],169,1283,1301,1114,1283
1,<environment.Job instance at 0x153ec03846e0>,120,16,[2 9],170,1961,1977,1791,1961
1,<environment.Job instance at 0x153ec0384820>,121,3,[2 6],171,2354,2357,2183,2354
1,<environment.Job instance at 0x153ea503c6e0>,98,17,[1 8],142,2625,2642,2483,2625
1,<environment.Job instance at 0x153ea52459b0>,123,1,[5 2],173,2718,2719,2545,2718
1,<environment.Job instance at 0x153ea52455a0>,124,3,[7 1],174,2772,2775,2598,2772
1,<environment.Job instance at 0x153ec1007280>,0,2,[2 8],1,2,4,1,2
1,<environment.Job instance at 0x153ec0378140>,2,15,[1 5],3,4,19,1,4
1,<environment.Job instance at 0x153ea5042eb0>,9,1,[6 1],14,14,15,0,14
1,<environment.Job instance at 0x153ea5042dc0>,6,2,[9 1],9,15,17,6,14
1,<environment.Job instance at 0x153ea50420f0>,7,18,[2 5],10,17,35,7,17
1,<environment.Job instance at 0x153ec0eef5a0>,11,3,[6 2],16,19,22,3,19
1,<environment.Job instance at 0x153ec0eef0a0>,12,18,[ 1 14],17,38,56,21,38
1,<environment.Job instance at 0x153ea5060f50>,19,1,[8 2],24,56,57,32,51
1,<environment.Job instance at 0x153ec10029b0>,1,17,[11  2],2,59,76,57,59
1,<environment.Job instance at 0x153ea5060c30>,20,28,[ 2 10],26,65,93,39,65
1,<environment.Job instance at 0x153ec0ef8730>,28,1,[5 2],38,76,77,38,65
1,<environment.Job instance at 0x153ec0ef8b90>,29,1,[8 1],39,76,77,37,65
1,<environment.Job instance at 0x153ec0ef8140>,36,2,[2 5],54,77,79,23,72
1,<environment.Job instance at 0x153ea55bee60>,48,1,[1 7],69,135,136,66,135
1,<environment.Job instance at 0x153ea55be690>,49,1,[2 9],70,136,137,66,135
1,<environment.Job instance at 0x153ec127ba50>,50,3,[2 9],72,137,140,65,137
1,<environment.Job instance at 0x153ec0ef8fa0>,37,19,[ 2 14],55,140,159,85,140
1,<environment.Job instance at 0x153ec127b960>,52,1,[7 2],75,159,160,84,140
1,<environment.Job instance at 0x153ec12a8550>,55,1,[10  2],79,160,161,81,140
1,<environment.Job instance at 0x153ec12a85f0>,56,2,[7 1],80,140,142,60,140
1,<environment.Job instance at 0x153ec12a8140>,57,2,[10  1],81,142,144,61,140
1,<environment.Job instance at 0x153ec12a8b90>,58,1,[1 7],82,159,160,77,140
1,<environment.Job instance at 0x153ec12a8fa0>,59,1,[9 1],84,144,145,60,140
1,<environment.Job instance at 0x153ea50604b0>,18,3,[7 1],23,328,331,305,328
1,<environment.Job instance at 0x153ea51d0c30>,78,2,[1 7],111,1192,1194,1081,1192
1,<environment.Job instance at 0x153ea55ce730>,0,1,[14  1],1,6,7,5,6
1,<environment.Job instance at 0x153ea55ce230>,4,17,[7 2],6,7,24,1,6
1,<environment.Job instance at 0x153ec573f640>,19,2,[5 2],27,27,29,0,27
1,<environment.Job instance at 0x153ec573f780>,20,1,[1 5],28,28,29,0,28
1,<environment.Job instance at 0x153ec573f8c0>,21,1,[8 2],29,29,30,0,29
1,<environment.Job instance at 0x153ec573fa00>,22,2,[7 1],30,30,32,0,30
1,<environment.Job instance at 0x153ec573fb40>,23,1,[10  1],31,32,33,1,31
1,<environment.Job instance at 0x153ec573fc80>,24,2,[ 1 10],32,32,34,0,32
1,<environment.Job instance at 0x153ec573fdc0>,25,2,[1 8],33,34,36,1,33
1,<environment.Job instance at 0x153ec573fe10>,28,2,[7 1],36,36,38,0,36
1,<environment.Job instance at 0x153ec57686e0>,35,1,[8 1],47,56,57,9,56
1,<environment.Job instance at 0x153ec5768910>,40,1,[1 5],53,68,69,15,68
1,<environment.Job instance at 0x153ec5768af0>,46,2,[2 7],60,103,105,43,103
1,<environment.Job instance at 0x153ec57571e0>,48,1,[1 9],62,105,106,43,103
1,<environment.Job instance at 0x153ec57575a0>,54,3,[ 1 14],70,143,146,73,143
1,<environment.Job instance at 0x153ec5757870>,55,3,[5 1],71,143,146,72,143
1,<environment.Job instance at 0x153ec5757910>,56,2,[8 1],73,146,148,73,143
1,<environment.Job instance at 0x153ec57579b0>,57,3,[9 1],74,148,151,74,143
1,<environment.Job instance at 0x153ec5757aa0>,58,3,[8 2],75,151,154,76,143
1,<environment.Job instance at 0x153ec5757af0>,59,12,[7 2],77,151,163,74,143
1,<environment.Job instance at 0x153ec5757dc0>,60,2,[2 7],79,146,148,67,143
1,<environment.Job instance at 0x153ec5757d70>,61,17,[6 2],81,154,171,73,143
1,<environment.Job instance at 0x153ec5757cd0>,62,13,[ 2 10],82,154,167,72,143
1,<environment.Job instance at 0x153ec5757e60>,63,2,[1 9],83,148,150,65,143
1,<environment.Job instance at 0x153ec5757f00>,64,23,[1 5],84,167,190,83,161
1,<environment.Job instance at 0x153ec573e550>,74,22,[5 1],96,166,188,70,166
1,<environment.Job instance at 0x153ec573e8c0>,77,3,[1 5],102,192,195,90,192
1,<environment.Job instance at 0x153ec573e870>,78,2,[5 2],103,192,194,89,192
1,<environment.Job instance at 0x153ec573ee10>,80,1,[7 2],106,211,212,105,211
1,<environment.Job instance at 0x153ec573ed70>,81,2,[2 8],107,211,213,104,211
1,<environment.Job instance at 0x153ec57310a0>,84,1,[ 2 10],111,222,223,111,222
1,<environment.Job instance at 0x153ec5731140>,85,2,[6 2],112,222,224,110,222
1,<environment.Job instance at 0x153ec5731280>,86,1,[1 5],114,223,224,109,222
1,<environment.Job instance at 0x153ec5731190>,87,2,[5 2],115,222,224,107,222
1,<environment.Job instance at 0x153ec5731320>,88,2,[8 1],116,224,226,108,222
1,<environment.Job instance at 0x153ec57312d0>,89,2,[8 1],117,226,228,109,222
1,<environment.Job instance at 0x153ea55cef00>,3,1,[8 1],4,231,232,227,231
1,<environment.Job instance at 0x153ec5731370>,91,3,[10  2],119,255,258,136,255
1,<environment.Job instance at 0x153ec5731690>,95,2,[1 6],123,266,268,143,266
1,<environment.Job instance at 0x153ea55ce550>,2,3,[10  1],3,298,301,295,298
1,<environment.Job instance at 0x153ec57317d0>,97,2,[ 1 13],125,299,301,174,299
1,<environment.Job instance at 0x153ec5731870>,98,13,[8 1],126,301,314,175,299
1,<environment.Job instance at 0x153ec5731910>,99,1,[6 1],127,310,311,183,310
1,<environment.Job instance at 0x153ec57319b0>,100,2,[ 1 10],128,310,312,182,310
1,<environment.Job instance at 0x153ec5731a50>,101,1,[5 1],129,318,319,189,318
1,<environment.Job instance at 0x153ec5731af0>,102,3,[5 2],130,329,332,199,329
1,<environment.Job instance at 0x153ec5731dc0>,103,17,[6 2],134,334,351,200,334
1,<environment.Job instance at 0x153ec5731d20>,104,3,[5 2],135,361,364,226,361
1,<environment.Job instance at 0x153ea53bd6e0>,105,15,[10  2],136,371,386,235,371
1,<environment.Job instance at 0x153ec5731730>,96,16,[1 9],124,387,403,263,387
1,<environment.Job instance at 0x153ea53bd5f0>,107,2,[11  1],138,398,400,260,398
1,<environment.Job instance at 0x153ea53bd550>,108,1,[8 2],139,406,407,267,406
1,<environment.Job instance at 0x153ea53bd460>,109,12,[1 8],140,414,426,274,414
1,<environment.Job instance at 0x153ea53bd280>,110,28,[ 2 10],141,426,454,285,426
1,<environment.Job instance at 0x153ea5255460>,111,3,[9 1],144,431,434,287,431
1,<environment.Job instance at 0x153ebc047690>,112,14,[2 5],146,458,472,312,458
1,<environment.Job instance at 0x153ec60b80a0>,113,2,[1 8],147,459,461,312,459
1,<environment.Job instance at 0x153ebc04ee60>,114,1,[5 1],148,468,469,320,468
1,<environment.Job instance at 0x153ea538ad20>,115,14,[1 7],149,484,498,335,484
1,<environment.Job instance at 0x153ebc0c4500>,116,2,[8 1],151,492,494,341,492
1,<environment.Job instance at 0x153ec5fe5370>,117,2,[6 2],153,499,501,346,499
1,<environment.Job instance at 0x153ea50f8870>,118,2,[1 5],154,525,527,371,525
1,<environment.Job instance at 0x153ebec1fe10>,119,2,[9 2],155,535,537,380,535
1,<environment.Job instance at 0x153ea5115370>,120,1,[9 1],158,553,554,395,553
1,<environment.Job instance at 0x153ec0461050>,121,2,[9 1],159,555,557,396,555
1,<environment.Job instance at 0x153ec56e0eb0>,122,2,[6 2],160,615,617,455,615
1,<environment.Job instance at 0x153ec56e0be0>,123,2,[2 9],162,648,650,486,648
1,<environment.Job instance at 0x153ec56b6e60>,124,17,[2 9],163,654,671,491,654
1,<environment.Job instance at 0x153ebc060c80>,125,3,[7 1],164,669,672,505,669
1,<environment.Job instance at 0x153ec5768050>,32,2,[1 9],42,700,702,658,700
1,<environment.Job instance at 0x153ebc0cf410>,126,2,[ 1 10],165,781,783,616,781
1,<environment.Job instance at 0x153ec56e3280>,128,2,[1 8],168,828,830,660,828
1,<environment.Job instance at 0x153ec56e3fa0>,129,16,[ 1 12],169,843,859,674,843
1,<environment.Job instance at 0x153ec56e3640>,130,1,[1 5],170,866,867,696,866
1,<environment.Job instance at 0x153ec56e30a0>,131,3,[2 8],171,881,884,710,881
1,<environment.Job instance at 0x153ea51b4780>,132,12,[7 2],172,883,895,711,883
1,<environment.Job instance at 0x153ea51b4dc0>,133,1,[2 5],174,883,884,709,883
1,<environment.Job instance at 0x153ea51b4a00>,134,17,[ 1 10],176,887,904,711,887
1,<environment.Job instance at 0x153ea51b4460>,135,3,[1 6],179,912,915,733,912
1,<environment.Job instance at 0x153ec56e3a50>,127,2,[ 1 11],167,970,972,803,970
1,<environment.Job instance at 0x153ec05fae60>,5,2,[1 6],9,10,12,1,10
1,<environment.Job instance at 0x153ec0318a50>,8,1,[2 8],16,16,17,0,16
1,<environment.Job instance at 0x153ec76995f0>,12,26,[5 2],22,25,51,3,25
1,<environment.Job instance at 0x153ea52c17d0>,23,23,[9 1],40,40,63,0,40
1,<environment.Job instance at 0x153ea53bf190>,28,1,[2 5],45,69,70,24,69
1,<environment.Job instance at 0x153ea557b550>,19,14,[9 2],33,70,84,37,70
1,<environment.Job instance at 0x153ec41f2780>,33,1,[6 2],53,70,71,17,70
1,<environment.Job instance at 0x153ec5638140>,20,3,[1 9],36,73,76,37,73
1,<environment.Job instance at 0x153ec036f5a0>,36,2,[5 1],59,73,75,14,73
1,<environment.Job instance at 0x153ec56d74b0>,46,2,[14  2],74,94,96,20,94
1,<environment.Job instance at 0x153ec56d7e60>,48,1,[14  2],76,96,97,20,94
1,<environment.Job instance at 0x153ec56d7140>,49,2,[6 2],77,97,99,20,94
1,<environment.Job instance at 0x153ec56d7af0>,50,13,[6 1],78,101,114,23,101
1,<environment.Job instance at 0x153ec60fdb40>,56,2,[2 8],87,101,103,14,101
1,<environment.Job instance at 0x153ebc21a3c0>,58,1,[10  2],89,114,115,25,112
1,<environment.Job instance at 0x153ec045cdc0>,67,2,[1 9],104,137,139,33,137
1,<environment.Job instance at 0x153ec04adc30>,31,1,[7 1],51,137,138,86,137
1,<environment.Job instance at 0x153ec045cd70>,70,2,[ 1 10],111,139,141,28,137
1,<environment.Job instance at 0x153ec045c140>,71,1,[ 2 10],112,141,142,29,137
1,<environment.Job instance at 0x153ec045c730>,69,2,[7 1],108,154,156,46,154
1,<environment.Job instance at 0x153ebc2f5500>,83,1,[5 2],131,203,204,72,203
1,<environment.Job instance at 0x153ebc1d8140>,35,3,[2 5],58,207,210,149,207
1,<environment.Job instance at 0x153ebc2f5190>,79,1,[8 2],125,208,209,83,208
1,<environment.Job instance at 0x153ebc2f5d70>,86,14,[1 7],134,230,244,96,230
1,<environment.Job instance at 0x153ea510ab40>,91,2,[5 2],142,239,241,97,239
1,<environment.Job instance at 0x153ec6114a00>,93,17,[7 1],145,240,257,95,240
1,<environment.Job instance at 0x153ec6114460>,94,1,[7 2],146,243,244,97,243
1,<environment.Job instance at 0x153ec6114050>,95,15,[7 1],147,244,259,97,243
1,<environment.Job instance at 0x153ec0649280>,96,13,[5 2],153,257,270,104,244
1,<environment.Job instance at 0x153ec0649820>,97,3,[1 9],154,247,250,93,247
1,<environment.Job instance at 0x153ea514ddc0>,98,1,[1 7],157,270,271,113,270
1,<environment.Job instance at 0x153ea514dc80>,104,14,[10  2],169,270,284,101,270
1,<environment.Job instance at 0x153ea5766b40>,106,17,[1 9],171,271,288,100,270
1,<environment.Job instance at 0x153ea5766190>,107,3,[1 6],172,284,287,112,276
1,<environment.Job instance at 0x153ea5766550>,109,1,[6 1],174,287,288,113,278
1,<environment.Job instance at 0x153ea5219320>,110,1,[1 9],178,288,289,110,281
1,<environment.Job instance at 0x153ea52c1730>,21,1,[5 2],37,290,291,253,290
1,<environment.Job instance at 0x153ebc2f5a50>,81,2,[14  1],127,348,350,221,348
1,<environment.Job instance at 0x153ebc2f5a50>,2,1,[2 8],4,5,6,1,5
1,<environment.Job instance at 0x153ec7a5da00>,9,3,[1 5],20,20,23,0,20
1,<environment.Job instance at 0x153ec7a5d5f0>,10,1,[9 1],21,21,22,0,21
1,<environment.Job instance at 0x153ec7a5ddc0>,11,2,[1 7],23,24,26,1,24
1,<environment.Job instance at 0x153ea57e3140>,22,1,[6 1],35,50,51,15,50
1,<environment.Job instance at 0x153ea57e3d20>,23,1,[5 2],37,50,51,13,50
1,<environment.Job instance at 0x153ea57e3050>,24,1,[6 1],38,51,52,13,50
1,<environment.Job instance at 0x153ec0f1cd20>,44,2,[1 9],68,93,95,25,93
1,<environment.Job instance at 0x153ea57e3a00>,16,2,[8 1],28,638,640,610,638
1,<environment.Job instance at 0x153ec0f1c6e0>,46,3,[9 1],71,758,761,687,758
1,<environment.Job instance at 0x153ec0f1c870>,47,3,[1 8],73,831,834,758,831
1,<environment.Job instance at 0x153ea57e3320>,15,2,[10  1],27,1090,1092,1063,1090
1,<environment.Job instance at 0x153ec0f1cb90>,48,2,[5 1],77,1202,1204,1125,1202
1,<environment.Job instance at 0x153ec0f1c0f0>,50,2,[1 8],79,1437,1439,1358,1437
1,<environment.Job instance at 0x153ec0f1cc30>,49,1,[2 5],78,2001,2002,1923,2001
1,<environment.Job instance at 0x153ec0f1c320>,51,17,[1 6],80,2001,2018,1921,2001
1,<environment.Job instance at 0x153ec0f1c460>,53,12,[1 7],82,2031,2043,1949,2031
1,<environment.Job instance at 0x153ea57e3f50>,17,3,[2 9],30,2043,2046,2013,2039
1,<environment.Job instance at 0x153ec0f1c820>,54,2,[11  1],84,2264,2266,2180,2264
1,<environment.Job instance at 0x153ebfed65a0>,56,27,[9 2],88,2266,2293,2178,2264
1,<environment.Job instance at 0x153ebfed6500>,57,2,[7 1],89,2393,2395,2304,2393
1,<environment.Job instance at 0x153ebe960910>,58,3,[1 6],90,2393,2396,2303,2393
1,<environment.Job instance at 0x153ea4f5a0a0>,59,1,[6 1],91,2431,2432,2340,2431
1,<environment.Job instance at 0x153ea54c10a0>,60,1,[1 5],92,2530,2531,2438,2530
1,<environment.Job instance at 0x153ea5380690>,61,2,[1 7],93,2603,2605,2510,2603
1,<environment.Job instance at 0x153ea5380050>,62,3,[1 7],94,2634,2637,2540,2634
1,<environment.Job instance at 0x153ea5380a50>,63,1,[1 8],95,2653,2654,2558,2653
1,<environment.Job instance at 0x153ea5380870>,64,2,[2 5],96,2686,2688,2590,2686
1,<environment.Job instance at 0x153ec0f1c960>,55,3,[9 1],87,2821,2824,2734,2821
1,<environment.Job instance at 0x153ec0f1cf00>,52,17,[10  2],81,2923,2940,2842,2923
1,<environment.Job instance at 0x153ea5354f50>,17,1,[10  2],31,31,32,0,31
1,<environment.Job instance at 0x153ec130a820>,20,3,[9 2],36,36,39,0,36
1,<environment.Job instance at 0x153ec130ad70>,24,13,[8 1],44,103,116,59,103
1,<environment.Job instance at 0x153ec2558960>,36,3,[6 2],60,108,111,48,108
1,<environment.Job instance at 0x153ec2558aa0>,34,2,[13  1],58,116,118,58,108
1,<environment.Job instance at 0x153ea5252a00>,42,21,[2 6],69,111,132,42,108
1,<environment.Job instance at 0x153ea5252050>,44,13,[6 2],71,120,133,49,120
1,<environment.Job instance at 0x153ea5252dc0>,47,3,[2 5],75,120,123,45,120
1,<environment.Job instance at 0x153ea51ae8c0>,51,16,[7 1],81,123,139,42,123
1,<environment.Job instance at 0x153ea52529b0>,48,12,[5 2],76,133,145,57,123
1,<environment.Job instance at 0x153ea51ae140>,53,2,[1 8],83,132,134,49,123
1,<environment.Job instance at 0x153ea51ae820>,54,2,[ 1 10],86,134,136,48,123
1,<environment.Job instance at 0x153ea51ae5f0>,56,15,[7 2],88,139,154,51,139
1,<environment.Job instance at 0x153ea51aef00>,60,2,[8 2],93,145,147,52,139
1,<environment.Job instance at 0x153ec130ab40>,25,2,[2 6],45,148,150,103,148
1,<environment.Job instance at 0x153ec2558690>,41,17,[6 1],68,148,165,80,148
1,<environment.Job instance at 0x153ea51ae3c0>,59,24,[9 2],91,158,182,67,158
1,<environment.Job instance at 0x153ea5357690>,68,1,[6 2],105,165,166,60,158
1,<environment.Job instance at 0x153ea53572d0>,69,15,[7 2],106,182,197,76,168
1,<environment.Job instance at 0x153ec2571230>,76,1,[ 2 10],115,168,169,53,168
1,<environment.Job instance at 0x153ec25715a0>,77,2,[2 8],118,169,171,51,168
1,<environment.Job instance at 0x153ec25715f0>,78,16,[8 1],120,182,198,62,169
1,<environment.Job instance at 0x153ec25717d0>,79,2,[6 2],121,171,173,50,169
1,<environment.Job instance at 0x153ebc2ff9b0>,80,1,[2 5],122,169,170,47,169
1,<environment.Job instance at 0x153ec60e2370>,81,3,[2 8],126,173,176,47,169
1,<environment.Job instance at 0x153ec5728e10>,82,2,[1 9],127,176,178,49,169
1,<environment.Job instance at 0x153ec56506e0>,83,3,[2 6],128,178,181,50,169
1,<environment.Job instance at 0x153ebec17870>,84,2,[5 2],129,176,178,47,169
1,<environment.Job instance at 0x153ec0e95370>,85,2,[ 2 10],132,197,199,65,170
1,<environment.Job instance at 0x153ec06496e0>,86,3,[2 8],133,199,202,66,173
1,<environment.Job instance at 0x153ec127d460>,87,1,[2 5],134,173,174,39,173
1,<environment.Job instance at 0x153ec127da00>,88,2,[5 1],135,197,199,62,173
1,<environment.Job instance at 0x153ebc12c370>,98,2,[6 2],147,198,200,51,195
1,<environment.Job instance at 0x153ebc12ccd0>,99,2,[10  2],149,200,202,51,195
1,<environment.Job instance at 0x153ebe98d5f0>,100,2,[2 7],153,202,204,49,195
1,<environment.Job instance at 0x153ec03e6960>,101,3,[8 1],154,202,205,48,195
1,<environment.Job instance at 0x153ea544daf0>,102,1,[8 2],156,205,206,49,195
1,<environment.Job instance at 0x153ec03e6190>,103,3,[8 2],158,206,209,48,195
1,<environment.Job instance at 0x153ebc1656e0>,104,2,[8 1],160,209,211,49,195
1,<environment.Job instance at 0x153ebc165960>,105,3,[2 7],161,202,205,41,195
1,<environment.Job instance at 0x153ebc1653c0>,106,1,[1 6],162,204,205,42,195
1,<environment.Job instance at 0x153ebc165be0>,107,1,[8 1],166,211,212,45,195
1,<environment.Job instance at 0x153ebc0f1370>,108,1,[10  1],167,212,213,45,195
1,<environment.Job instance at 0x153ea5664870>,62,2,[6 2],95,206,208,111,206
1,<environment.Job instance at 0x153ebc0f15f0>,113,3,[10  1],172,213,216,41,209
1,<environment.Job instance at 0x153ec25696e0>,117,3,[13  1],177,216,219,39,209
1,<environment.Job instance at 0x153ebfef1370>,119,1,[2 9],179,209,210,30,209
1,<environment.Job instance at 0x153ea5664370>,63,16,[5 1],98,219,235,121,216
1,<environment.Job instance at 0x153ec2569be0>,116,16,[1 9],176,218,234,42,218
1,<environment.Job instance at 0x153ec2569dc0>,115,2,[2 8],175,236,238,61,236
1,<environment.Job instance at 0x153ec130abe0>,26,17,[2 7],48,236,253,188,236
1,<environment.Job instance at 0x153ec1245eb0>,13,3,[6 2],23,23,26,0,23
1,<environment.Job instance at 0x153ec124e370>,15,1,[2 9],28,28,29,0,28
1,<environment.Job instance at 0x153ec124e6e0>,21,19,[8 1],38,1465,1484,1427,1465
1,<environment.Job instance at 0x153ec124e7d0>,20,2,[5 2],37,2232,2234,2195,2232
1,<environment.Job instance at 0x153ec124e2d0>,35,23,[5 2],54,2240,2263,2186,2240
1,<environment.Job instance at 0x153ec125c1e0>,2,22,[2 8],4,6,28,2,6
1,<environment.Job instance at 0x153ec0ed5370>,7,1,[10  2],9,24,25,15,24
1,<environment.Job instance at 0x153ec0ed5690>,5,2,[ 1 12],7,28,30,21,24
1,<environment.Job instance at 0x153ea5476960>,12,1,[10  2],18,25,26,7,24
1,<environment.Job instance at 0x153ec0eb6f00>,17,3,[1 7],25,30,33,5,26
1,<environment.Job instance at 0x153ec0eb6e10>,18,2,[8 1],27,27,29,0,27
1,<environment.Job instance at 0x153ec0eb6230>,19,3,[9 2],28,29,32,1,28
1,<environment.Job instance at 0x153ec0ed58c0>,9,3,[10  2],15,39,42,24,39
1,<environment.Job instance at 0x153ec0eddaf0>,26,1,[6 1],38,42,43,4,41
1,<environment.Job instance at 0x153ec0eddc80>,27,3,[6 1],39,42,45,3,42
1,<environment.Job instance at 0x153ec0edd7d0>,29,3,[2 9],41,42,45,1,42
1,<environment.Job instance at 0x153ec0ec21e0>,33,3,[1 8],47,47,50,0,47
1,<environment.Job instance at 0x153ec0ec2320>,34,2,[5 1],48,48,50,0,48
1,<environment.Job instance at 0x153ec0ec2f00>,36,2,[2 8],52,52,54,0,52
1,<environment.Job instance at 0x153ea546d870>,37,1,[ 1 10],53,54,55,1,53
1,<environment.Job instance at 0x153ec0ed57d0>,6,2,[7 1],8,60,62,52,60
1,<environment.Job instance at 0x153ea546d190>,38,16,[8 1],55,60,76,5,60
1,<environment.Job instance at 0x153ea4e0d0a0>,44,2,[6 2],65,65,67,0,65
1,<environment.Job instance at 0x153ea4e0d230>,46,13,[9 2],68,84,97,16,84
1,<environment.Job instance at 0x153ea4e0d9b0>,52,1,[10  1],75,97,98,22,94
1,<environment.Job instance at 0x153ec100de10>,66,2,[2 6],98,108,110,10,108
1,<environment.Job instance at 0x153ea5470140>,58,1,[10  1],85,115,116,30,115
1,<environment.Job instance at 0x153ec100d6e0>,71,1,[2 6],107,115,116,8,115
1,<environment.Job instance at 0x153ec100db90>,72,2,[9 1],108,116,118,8,115
1,<environment.Job instance at 0x153ec0edd8c0>,24,3,[2 6],36,213,216,177,213
1,<environment.Job instance at 0x153ea56342d0>,77,15,[10  2],114,219,234,105,219
1,<environment.Job instance at 0x153ea5302a00>,78,3,[7 2],116,237,240,121,237
1,<environment.Job instance at 0x153ec0f72230>,79,16,[1 8],117,240,256,123,240
1,<environment.Job instance at 0x153ea5318e10>,80,3,[5 1],119,401,404,282,401
1,<environment.Job instance at 0x153ea5318eb0>,81,1,[2 9],121,1223,1224,1102,1223
1,<environment.Job instance at 0x153ea5318190>,82,1,[5 2],122,1937,1938,1815,1937
1,<environment.Job instance at 0x153ea53180f0>,83,3,[6 2],123,2319,2322,2196,2319
1,<environment.Job instance at 0x153ea5318aa0>,84,18,[1 7],124,2870,2888,2746,2870
1,<environment.Job instance at 0x153ea530a690>,5,1,[1 6],8,8,9,0,8
1,<environment.Job instance at 0x153ea55af9b0>,6,1,[2 7],9,9,10,0,9
1,<environment.Job instance at 0x153ea55af8c0>,7,2,[ 1 10],10,10,12,0,10
1,<environment.Job instance at 0x153ea55af690>,8,1,[7 1],11,11,12,0,11
1,<environment.Job instance at 0x153ea55afb90>,9,2,[9 1],12,12,14,0,12
1,<environment.Job instance at 0x153ea55afeb0>,10,1,[5 1],14,14,15,0,14
1,<environment.Job instance at 0x153ea55afaa0>,11,1,[2 7],15,15,16,0,15
1,<environment.Job instance at 0x153ea56601e0>,14,1,[6 2],18,18,19,0,18
1,<environment.Job instance at 0x153ea5660690>,21,22,[5 2],29,31,53,2,31
1,<environment.Job instance at 0x153ea562e280>,30,1,[2 6],41,54,55,13,54
1,<environment.Job instance at 0x153ea562e5f0>,32,1,[2 5],43,62,63,19,62
1,<environment.Job instance at 0x153ea562e7d0>,35,25,[7 2],48,74,99,26,74
1,<environment.Job instance at 0x153ea562e0f0>,26,13,[6 1],37,82,95,45,82
1,<environment.Job instance at 0x153ea562eaf0>,40,2,[ 1 10],53,98,100,45,98
1,<environment.Job instance at 0x153ea5660280>,22,1,[5 1],30,100,101,70,100
1,<environment.Job instance at 0x153ea562ec30>,42,21,[10  1],55,100,121,45,100
1,<environment.Job instance at 0x153ea562e0a0>,41,1,[2 9],54,233,234,179,233
1,<environment.Job instance at 0x153ea562ef50>,44,3,[7 2],58,245,248,187,245
1,<environment.Job instance at 0x153ea562ef00>,45,2,[7 1],59,256,258,197,256
1,<environment.Job instance at 0x153ea562ee10>,46,1,[9 2],60,320,321,260,320
1,<environment.Job instance at 0x153ea56600a0>,27,19,[7 2],38,343,362,305,343
1,<environment.Job instance at 0x153ea562ec80>,47,2,[5 1],61,451,453,390,451
1,<environment.Job instance at 0x153ea5652230>,48,14,[2 9],62,497,511,435,497
1,<environment.Job instance at 0x153ea56523c0>,49,3,[1 5],64,549,552,485,549
1,<environment.Job instance at 0x153ea5652050>,51,17,[1 9],68,574,591,506,574
1,<environment.Job instance at 0x153ea56525f0>,52,1,[5 1],69,651,652,582,651
1,<environment.Job instance at 0x153ea56524b0>,50,15,[10  1],65,767,782,702,767
1,<environment.Job instance at 0x153ea56525a0>,53,3,[6 1],70,851,854,781,851
1,<environment.Job instance at 0x153ea5652820>,55,18,[7 1],75,853,871,778,853
1,<environment.Job instance at 0x153ea5652410>,54,3,[8 2],73,914,917,841,914
1,<environment.Job instance at 0x153ea5652cd0>,57,1,[1 6],77,1084,1085,1007,1084
1,<environment.Job instance at 0x153ea5652d70>,58,2,[8 1],78,1104,1106,1026,1104
1,<environment.Job instance at 0x153ea5652c30>,56,3,[2 5],76,1137,1140,1061,1137
1,<environment.Job instance at 0x153ea5652eb0>,60,2,[7 2],80,1152,1154,1072,1152
1,<environment.Job instance at 0x153ea5652e60>,61,2,[7 1],81,1172,1174,1091,1172
1,<environment.Job instance at 0x153ea5652e10>,59,2,[1 7],79,1256,1258,1177,1256
1,<environment.Job instance at 0x153ea5652f00>,62,1,[ 2 12],82,1260,1261,1178,1260
1,<environment.Job instance at 0x153ea5636230>,64,13,[6 1],84,1277,1290,1193,1277
1,<environment.Job instance at 0x153ea56362d0>,65,2,[1 5],85,1385,1387,1300,1385
1,<environment.Job instance at 0x153ea5636370>,66,2,[6 1],86,1409,1411,1323,1409
1,<environment.Job instance at 0x153ea5652b90>,63,2,[ 1 10],83,1468,1470,1385,1468
1,<environment.Job instance at 0x153ea56364b0>,68,3,[1 7],88,1495,1498,1407,1495
1,<environment.Job instance at 0x153ea5636460>,69,3,[1 8],90,1542,1545,1452,1542
1,<environment.Job instance at 0x153ea5636410>,67,3,[2 8],87,2026,2029,1939,2026
1,<environment.Job instance at 0x153ea5636050>,70,3,[7 1],92,2049,2052,1957,2049
1,<environment.Job instance at 0x153ea5636640>,71,14,[2 7],93,2744,2758,2651,2744
1,<environment.Job instance at 0x153ea56367d0>,73,1,[ 2 10],97,2774,2775,2677,2774
1,<environment.Job instance at 0x153ea56369b0>,74,2,[1 9],99,2785,2787,2686,2785
1,<environment.Job instance at 0x153ea5636730>,75,2,[5 2],101,2844,2846,2743,2844
1,<environment.Job instance at 0x153ea5636500>,72,12,[ 1 10],96,2851,2863,2755,2851
1,<environment.Job instance at 0x153ea5636b90>,76,2,[1 5],102,2891,2893,2789,2891
1,<environment.Job instance at 0x153ea5630690>,0,1,[1 6],1,1,2,0,1
1,<environment.Job instance at 0x153ea5666f50>,5,1,[2 8],8,10,11,2,10
1,<environment.Job instance at 0x153ea5191d70>,7,26,[1 7],10,10,36,0,10
1,<environment.Job instance at 0x153ebc1db7d0>,18,2,[6 1],22,481,483,459,481
1,<environment.Job instance at 0x153ec0fd87d0>,19,1,[6 1],24,510,511,486,510
1,<environment.Job instance at 0x153ebe730460>,40,3,[6 2],58,516,519,458,516
1,<environment.Job instance at 0x153ebe7308c0>,43,1,[ 1 10],64,516,517,452,516
1,<environment.Job instance at 0x153ea57d8370>,46,1,[1 9],68,517,518,449,516
1,<environment.Job instance at 0x153ea57d8a00>,48,17,[8 1],72,523,540,451,523
1,<environment.Job instance at 0x153ea57d8dc0>,49,16,[1 8],73,554,570,481,554
1,<environment.Job instance at 0x153ea4d59d20>,53,3,[6 1],80,563,566,483,563
1,<environment.Job instance at 0x153ea56ad460>,54,2,[8 2],81,563,565,482,563
1,<environment.Job instance at 0x153ea56ad960>,55,3,[11  1],82,570,573,488,570
1,<environment.Job instance at 0x153ea56adc80>,56,16,[5 2],83,573,589,490,570
1,<environment.Job instance at 0x153ea56ad3c0>,57,12,[7 2],84,573,585,489,573
1,<environment.Job instance at 0x153ebe730960>,44,13,[9 2],65,585,598,520,578
1,<environment.Job instance at 0x153ea56adb90>,58,1,[2 6],85,597,598,512,597
1,<environment.Job instance at 0x153ea56ad410>,60,2,[8 1],87,598,600,511,598
1,<environment.Job instance at 0x153ea56adfa0>,61,2,[6 1],88,598,600,510,598
1,<environment.Job instance at 0x153ea56ad2d0>,62,3,[7 2],90,600,603,510,599
1,<environment.Job instance at 0x153ec601b6e0>,63,3,[2 6],91,606,609,515,606
1,<environment.Job instance at 0x153ec601bdc0>,64,1,[ 2 10],92,613,614,521,613
1,<environment.Job instance at 0x153ec601bcd0>,65,2,[5 2],94,628,630,534,628
1,<environment.Job instance at 0x153ea5643f50>,66,1,[7 2],95,631,632,536,631
1,<environment.Job instance at 0x153ea56432d0>,67,15,[10  2],96,637,652,541,637
1,<environment.Job instance at 0x153ea5643820>,68,3,[1 6],97,640,643,543,640
1,<environment.Job instance at 0x153ea5643a00>,69,2,[2 7],98,667,669,569,667
1,<environment.Job instance at 0x153ea5643dc0>,70,3,[7 1],99,677,680,578,677
1,<environment.Job instance at 0x153ea5643c80>,71,14,[6 1],100,679,693,579,679
1,<environment.Job instance at 0x153ea563dd20>,72,12,[2 9],101,686,698,585,686
1,<environment.Job instance at 0x153ea563d5a0>,73,2,[8 1],103,695,697,592,695
1,<environment.Job instance at 0x153ea563d3c0>,74,3,[ 2 10],105,698,701,593,696
1,<environment.Job instance at 0x153ea563de60>,75,1,[1 6],109,701,702,592,700
1,<environment.Job instance at 0x153ea563d690>,76,3,[1 8],110,704,707,594,704
1,<environment.Job instance at 0x153ea563d960>,77,2,[2 7],112,704,706,592,704
1,<environment.Job instance at 0x153ea563df00>,78,14,[10  1],113,707,721,594,707
1,<environment.Job instance at 0x153ea563dbe0>,79,2,[2 5],115,713,715,598,713
1,<environment.Job instance at 0x153ea563d410>,80,2,[1 6],116,734,736,618,734
1,<environment.Job instance at 0x153ea563d6e0>,81,12,[ 1 10],118,739,751,621,739
1,<environment.Job instance at 0x153ea563d4b0>,82,3,[9 1],119,745,748,626,745
1,<environment.Job instance at 0x153ea563ddc0>,83,17,[2 8],120,756,773,636,756
1,<environment.Job instance at 0x153ea563da00>,84,17,[1 8],121,773,790,652,769
1,<environment.Job instance at 0x153ea563db90>,85,17,[ 2 11],122,790,807,668,779
1,<environment.Job instance at 0x153ea563d640>,86,25,[ 2 14],123,807,832,684,806
1,<environment.Job instance at 0x153ea4f47af0>,87,1,[1 8],124,832,833,708,809
1,<environment.Job instance at 0x153ea4f471e0>,88,3,[8 2],127,832,835,705,832
1,<environment.Job instance at 0x153ea4f47320>,89,3,[2 5],128,847,850,719,847
1,<environment.Job instance at 0x153ea4f478c0>,90,3,[9 1],130,853,856,723,853
1,<environment.Job instance at 0x153ea4f47fa0>,91,2,[8 2],131,861,863,730,861
1,<environment.Job instance at 0x153ea4f474b0>,92,1,[8 1],132,864,865,732,864
1,<environment.Job instance at 0x153ea4f47370>,93,23,[7 1],133,864,887,731,864
1,<environment.Job instance at 0x153ea4f47910>,94,22,[5 2],134,865,887,731,864
1,<environment.Job instance at 0x153ea4f47690>,95,22,[7 2],136,887,909,751,880
1,<environment.Job instance at 0x153ea4f47f00>,96,2,[2 9],137,907,909,770,907
1,<environment.Job instance at 0x153ea4f470f0>,97,3,[ 2 10],138,924,927,786,924
1,<environment.Job instance at 0x153ea4f47a00>,98,1,[2 7],139,958,959,819,958
1,<environment.Job instance at 0x153ea4f47eb0>,99,2,[ 2 10],142,964,966,822,964
1,<environment.Job instance at 0x153ea4f47e60>,100,2,[8 1],143,967,969,824,967
1,<environment.Job instance at 0x153ea4f470a0>,101,21,[5 1],144,971,992,827,971
1,<environment.Job instance at 0x153ea4f47050>,102,3,[9 1],145,1008,1011,863,1008
1,<environment.Job instance at 0x153ea4f479b0>,103,1,[9 2],146,1021,1022,875,1021
1,<environment.Job instance at 0x153ea4f47b40>,104,15,[2 6],148,1025,1040,877,1025
1,<environment.Job instance at 0x153ea4f47550>,105,3,[7 2],150,1032,1035,882,1032
1,<environment.Job instance at 0x153ea4f47500>,106,2,[ 2 10],151,1066,1068,915,1066
1,<environment.Job instance at 0x153ea4f47aa0>,107,3,[ 1 12],155,1068,1071,913,1066
1,<environment.Job instance at 0x153ea4f47230>,108,1,[10  1],157,1071,1072,914,1071
1,<environment.Job instance at 0x153ec5731a50>,109,24,[5 2],158,1072,1096,914,1072
1,<environment.Job instance at 0x153ec5731d20>,110,24,[2 7],161,1072,1096,911,1072
1,<environment.Job instance at 0x153ec5731aa0>,111,3,[1 8],162,1096,1099,934,1081
1,<environment.Job instance at 0x153ec57315f0>,112,12,[1 6],164,1082,1094,918,1082
1,<environment.Job instance at 0x153ec5731370>,113,15,[6 2],167,1094,1109,927,1094
1,<environment.Job instance at 0x153ec57317d0>,114,18,[8 1],168,1107,1125,939,1107
1,<environment.Job instance at 0x153ec57316e0>,115,3,[6 2],171,1121,1124,950,1121
1,<environment.Job instance at 0x153ea4dbe910>,116,2,[7 2],172,1124,1126,952,1124
1,<environment.Job instance at 0x153ea4dbef50>,117,1,[10  2],173,1127,1128,954,1127
1,<environment.Job instance at 0x153ea4dbeaa0>,118,3,[1 5],175,1127,1130,952,1127
1,<environment.Job instance at 0x153ea4dbee60>,119,2,[6 2],176,1128,1130,952,1128
1,<environment.Job instance at 0x153ea4dbe370>,120,3,[2 7],177,1146,1149,969,1146
1,<environment.Job instance at 0x153ea4dbe190>,121,3,[14  2],178,1150,1153,972,1150
1,<environment.Job instance at 0x153ea56ad780>,59,26,[1 6],86,1191,1217,1105,1191
1,<environment.Job instance at 0x153ea4d5ea50>,7,3,[5 2],12,13,16,1,13
1,<environment.Job instance at 0x153ea4d090a0>,9,1,[2 8],15,15,16,0,15
1,<environment.Job instance at 0x153ea4d092d0>,10,1,[6 2],16,16,17,0,16
1,<environment.Job instance at 0x153ea4d09f50>,11,2,[1 7],17,17,19,0,17
1,<environment.Job instance at 0x153ea4e6caf0>,14,2,[13  2],22,22,24,0,22
1,<environment.Job instance at 0x153ea4e6c8c0>,15,2,[5 1],23,24,26,1,23
1,<environment.Job instance at 0x153ea4e6cf00>,16,1,[8 2],25,25,26,0,25
1,<environment.Job instance at 0x153ea4e6c730>,17,25,[2 7],27,27,52,0,27
1,<environment.Job instance at 0x153ec0349320>,45,2,[7 1],73,73,75,0,73
1,<environment.Job instance at 0x153ec0349cd0>,46,15,[7 1],74,74,89,0,74
1,<environment.Job instance at 0x153ebe72de10>,47,3,[1 6],76,76,79,0,76
1,<environment.Job instance at 0x153ec82897d0>,48,2,[6 1],77,77,79,0,77
1,<environment.Job instance at 0x153ea5349eb0>,49,1,[10  2],78,89,90,11,78
1,<environment.Job instance at 0x153ea51dc410>,60,2,[6 2],101,101,103,0,101
1,<environment.Job instance at 0x153ea4e6cd70>,13,3,[6 1],19,116,119,97,116
1,<environment.Job instance at 0x153ea566a140>,63,18,[5 1],108,221,239,113,221
1,<environment.Job instance at 0x153ec600fe60>,69,3,[8 2],116,221,224,105,221
1,<environment.Job instance at 0x153ea56b6cd0>,71,22,[7 2],118,224,246,106,221
1,<environment.Job instance at 0x153ec56a9a00>,72,3,[6 2],119,239,242,120,221
1,<environment.Job instance at 0x153ec5670730>,75,2,[ 2 10],123,222,224,99,222
1,<environment.Job instance at 0x153ec41d1fa0>,76,21,[2 7],125,224,245,99,222
1,<environment.Job instance at 0x153ea564bf50>,61,3,[14  1],102,246,249,144,222
1,<environment.Job instance at 0x153ec41d40a0>,77,3,[2 8],126,249,252,123,223
1,<environment.Job instance at 0x153ec0ead280>,79,2,[6 2],129,242,244,113,224
1,<environment.Job instance at 0x153ea57d4320>,88,21,[1 8],140,252,273,112,244
1,<environment.Job instance at 0x153ec41eda00>,83,15,[10  2],134,249,264,115,244
1,<environment.Job instance at 0x153ebc09fc80>,92,15,[9 1],145,264,279,119,250
1,<environment.Job instance at 0x153ec049d820>,93,1,[5 1],146,264,265,118,250
1,<environment.Job instance at 0x153ec049d410>,94,3,[2 6],149,265,268,116,250
1,<environment.Job instance at 0x153ea518eb90>,65,2,[10  2],111,279,281,168,257
1,<environment.Job instance at 0x153ec049db40>,95,18,[2 9],150,273,291,123,262
1,<environment.Job instance at 0x153ec569f140>,100,2,[9 2],156,281,283,125,262
1,<environment.Job instance at 0x153ea54eb5a0>,103,1,[2 6],160,268,269,108,262
1,<environment.Job instance at 0x153ea54eb4b0>,104,1,[5 1],161,269,270,108,262
1,<environment.Job instance at 0x153ea54eba50>,105,1,[2 6],163,270,271,107,262
1,<environment.Job instance at 0x153ec569f3c0>,102,1,[1 5],159,263,264,104,263
1,<environment.Job instance at 0x153ec0feffa0>,106,13,[7 1],164,283,296,119,270
1,<environment.Job instance at 0x153ec0fefaa0>,108,2,[5 2],167,271,273,104,270
1,<environment.Job instance at 0x153ec0fef6e0>,112,1,[7 2],171,291,292,120,290
1,<environment.Job instance at 0x153ea5638410>,115,28,[7 2],175,325,353,150,325
1,<environment.Job instance at 0x153ea5638230>,116,1,[10  2],176,353,354,177,325
1,<environment.Job instance at 0x153ec0fef690>,111,3,[1 8],170,365,368,195,365
1,<environment.Job instance at 0x153ec0fef2d0>,109,3,[ 2 13],168,368,371,200,366
1,<environment.Job instance at 0x153ec7696e10>,64,3,[6 2],110,370,373,260,370
1,<environment.Job instance at 0x153ea54d7690>,0,2,[6 1],2,3,5,1,3
1,<environment.Job instance at 0x153ec045f230>,25,1,[8 1],37,68,69,31,68
1,<environment.Job instance at 0x153ec045ffa0>,26,13,[1 6],38,70,83,32,70
1,<environment.Job instance at 0x153ec045f460>,27,18,[2 5],39,71,89,32,71
1,<environment.Job instance at 0x153ec045fe10>,28,13,[9 1],40,72,85,32,72
1,<environment.Job instance at 0x153ea5096fa0>,38,3,[2 5],58,126,129,68,126
1,<environment.Job instance at 0x153ebe96ff00>,46,1,[ 1 12],71,129,130,58,128
1,<environment.Job instance at 0x153ebe96f1e0>,47,1,[8 1],74,128,129,54,128
1,<environment.Job instance at 0x153ebe96fdc0>,50,1,[13  1],83,129,130,46,128
1,<environment.Job instance at 0x153ec5fbfb90>,56,16,[6 2],90,130,146,40,129
1,<environment.Job instance at 0x153ec5fbf730>,55,2,[9 2],89,132,134,43,132
1,<environment.Job instance at 0x153ea5585690>,64,3,[10  2],100,146,149,46,139
1,<environment.Job instance at 0x153ea5585d70>,65,1,[8 2],101,139,140,38,139
1,<environment.Job instance at 0x153ea5585820>,66,1,[ 1 10],103,139,140,36,139
1,<environment.Job instance at 0x153ea55850a0>,67,3,[ 2 10],104,140,143,36,140
1,<environment.Job instance at 0x153ea5585280>,68,2,[8 1],105,143,145,38,140
1,<environment.Job instance at 0x153ec6043960>,69,3,[9 2],107,149,152,42,140
1,<environment.Job instance at 0x153ec60437d0>,70,1,[2 9],110,145,146,35,140
1,<environment.Job instance at 0x153ec6043eb0>,71,18,[6 1],111,149,167,38,148
1,<environment.Job instance at 0x153ebebc3320>,14,2,[1 6],22,164,166,142,164
1,<environment.Job instance at 0x153ec6043af0>,77,2,[8 1],122,175,177,53,175
1,<environment.Job instance at 0x153ec600fb90>,81,2,[1 8],128,182,184,54,182
1,<environment.Job instance at 0x153ea4cc1fa0>,85,17,[7 1],133,191,208,58,191
1,<environment.Job instance at 0x153ec6043f00>,75,3,[6 2],119,196,199,77,196
1,<environment.Job instance at 0x153ec56a40a0>,88,14,[7 1],138,200,214,62,200
1,<environment.Job instance at 0x153ec822c910>,97,1,[2 5],151,211,212,60,211
1,<environment.Job instance at 0x153ebebc3c80>,15,3,[8 2],23,228,231,205,228
1,<environment.Job instance at 0x153ec822c050>,106,1,[2 5],163,247,248,84,247
1,<environment.Job instance at 0x153ebc2b6d70>,90,1,[7 2],140,255,256,115,255
1,<environment.Job instance at 0x153ec566c3c0>,110,2,[1 7],167,257,259,90,257
1,<environment.Job instance at 0x153ec566caf0>,111,2,[10  1],169,270,272,101,270
1,<environment.Job instance at 0x153ec5720b90>,109,3,[ 2 12],166,270,273,104,270
1,<environment.Job instance at 0x153ec0355be0>,117,3,[9 1],178,272,275,94,270
1,<environment.Job instance at 0x153ec566caa0>,114,3,[7 2],173,294,297,121,294
1,<environment.Job instance at 0x153ec03d2dc0>,102,1,[10  1],156,320,321,164,320
1,<environment.Job instance at 0x14e6983d4280>,9,2,[6 1],11,11,13,0,11
1,<environment.Job instance at 0x14e69ab5a370>,14,2,[ 1 10],18,18,20,0,18
1,<environment.Job instance at 0x14e6983c82d0>,15,1,[ 1 10],20,20,21,0,20
1,<environment.Job instance at 0x14e6983c7820>,16,1,[2 5],21,21,22,0,21
1,<environment.Job instance at 0x14e6983c7230>,25,2,[2 8],34,38,40,4,38
1,<environment.Job instance at 0x14e6983c7a00>,26,1,[2 7],35,38,39,3,38
1,<environment.Job instance at 0x14e6983c7140>,27,2,[2 7],36,39,41,3,38
1,<environment.Job instance at 0x14e6983c69b0>,30,15,[2 9],40,44,59,4,44
1,<environment.Job instance at 0x14e6983c6d20>,31,3,[9 2],41,44,47,3,44
1,<environment.Job instance at 0x14e6983c6b90>,32,3,[2 9],42,59,62,17,44
1,<environment.Job instance at 0x14e6983c65a0>,33,1,[2 7],43,62,63,19,44
1,<environment.Job instance at 0x14e6983c6780>,34,15,[11  1],44,47,62,3,44
1,<environment.Job instance at 0x14e69a1ae320>,35,2,[1 8],45,62,64,17,45
1,<environment.Job instance at 0x14e6988cce10>,36,3,[10  2],48,63,66,15,48
1,<environment.Job instance at 0x14e69af96f50>,37,2,[ 1 10],50,64,66,14,50
1,<environment.Job instance at 0x14e6988c3190>,38,1,[8 1],51,66,67,15,51
1,<environment.Job instance at 0x14e698f2bc30>,39,3,[1 5],52,52,55,0,52
1,<environment.Job instance at 0x14e69886edc0>,40,3,[1 6],53,66,69,13,53
1,<environment.Job instance at 0x14e6983c7870>,22,1,[2 7],30,66,67,36,62
1,<environment.Job instance at 0x14e6983c7960>,20,2,[ 1 13],27,72,74,45,72
1,<environment.Job instance at 0x14e6983c7eb0>,21,3,[6 1],29,172,175,143,172
1,<environment.Job instance at 0x14e698625690>,47,1,[1 6],63,189,190,126,189
1,<environment.Job instance at 0x14e698625c80>,48,1,[2 9],65,192,193,127,192
1,<environment.Job instance at 0x14e698610460>,46,2,[2 8],61,194,196,133,194
1,<environment.Job instance at 0x14e6983c73c0>,23,2,[8 1],31,197,199,166,197
1,<environment.Job instance at 0x14e698625230>,50,12,[9 1],68,199,211,131,197
1,<environment.Job instance at 0x14e698625a50>,52,2,[1 7],72,197,199,125,197
1,<environment.Job instance at 0x14e698625190>,53,3,[6 1],73,205,208,132,205
1,<environment.Job instance at 0x14e698625550>,54,2,[2 5],75,208,210,133,205
1,<environment.Job instance at 0x14e6986250f0>,55,16,[2 5],76,210,226,134,210
1,<environment.Job instance at 0x14e69860dd20>,59,1,[1 9],85,222,223,137,222
1,<environment.Job instance at 0x14e698622fa0>,60,17,[8 1],86,222,239,136,222
1,<environment.Job instance at 0x14e6986223c0>,61,3,[1 5],87,227,230,140,227
1,<environment.Job instance at 0x14e698622370>,62,3,[9 2],88,239,242,151,229
1,<environment.Job instance at 0x14e6986259b0>,51,2,[8 2],69,242,244,173,234
1,<environment.Job instance at 0x14e698622460>,65,3,[2 9],92,236,239,144,236
1,<environment.Job instance at 0x14e698625eb0>,49,16,[8 2],66,244,260,178,236
1,<environment.Job instance at 0x14e698624c30>,75,1,[1 6],107,254,255,147,254
1,<environment.Job instance at 0x14e698624af0>,76,2,[2 5],108,255,257,147,255
1,<environment.Job instance at 0x14e698624910>,77,2,[ 1 10],109,257,259,148,255
1,<environment.Job instance at 0x14e698611780>,41,25,[12  2],54,260,285,206,256
1,<environment.Job instance at 0x14e698611690>,42,1,[10  1],56,285,286,229,258
1,<environment.Job instance at 0x14e6986243c0>,79,3,[7 2],111,286,289,175,262
1,<environment.Job instance at 0x14e698623a50>,90,1,[2 7],127,265,266,138,265
1,<environment.Job instance at 0x14e698623dc0>,91,1,[2 5],128,266,267,138,265
1,<environment.Job instance at 0x14e69a2128c0>,94,1,[5 1],131,328,329,197,328
1,<environment.Job instance at 0x14e698624280>,80,14,[7 1],112,329,343,217,329
1,<environment.Job instance at 0x14e69aca0820>,97,15,[10  2],135,346,361,211,346
1,<environment.Job instance at 0x14e69aca0be0>,99,16,[8 1],137,377,393,240,377
1,<environment.Job instance at 0x14e69ac0e3c0>,103,1,[ 2 10],142,378,379,236,378
1,<environment.Job instance at 0x14e69a21d1e0>,104,1,[ 2 14],143,412,413,269,412
1,<environment.Job instance at 0x14e69aca3c30>,108,2,[ 1 10],150,416,418,266,416
1,<environment.Job instance at 0x14e6983bd6e0>,109,3,[11  2],151,418,421,267,418
1,<environment.Job instance at 0x14e698622dc0>,67,1,[13  1],94,423,424,329,423
1,<environment.Job instance at 0x14e698626230>,110,3,[ 2 10],152,428,431,276,428
1,<environment.Job instance at 0x14e69ac33640>,112,1,[8 1],154,430,431,276,430
1,<environment.Job instance at 0x14e698621d70>,116,1,[1 6],159,450,451,291,450
1,<environment.Job instance at 0x14e6986219b0>,117,1,[1 7],160,450,451,290,450
1,<environment.Job instance at 0x14e6983bd1e0>,113,3,[5 2],156,471,474,315,471
1,<environment.Job instance at 0x14e698621640>,120,1,[1 8],166,478,479,312,478
1,<environment.Job instance at 0x14e6983bdb90>,111,3,[2 5],153,482,485,329,482
1,<environment.Job instance at 0x14e6983b4fa0>,121,15,[1 6],167,485,500,318,485
1,<environment.Job instance at 0x14e6983b4050>,123,2,[1 8],169,498,500,329,498
1,<environment.Job instance at 0x14e6983b4b40>,124,3,[1 7],171,503,506,332,503
1,<environment.Job instance at 0x14e6983b47d0>,125,13,[ 1 14],172,507,520,335,507
1,<environment.Job instance at 0x14e698622640>,64,12,[9 1],91,512,524,421,512
1,<environment.Job instance at 0x14e6983b46e0>,126,27,[1 8],173,521,548,348,521
1,<environment.Job instance at 0x14e6983c0d70>,128,2,[7 2],175,540,542,365,540
1,<environment.Job instance at 0x14e6983b4640>,127,3,[1 9],174,548,551,374,548
1,<environment.Job instance at 0x14e6983c0370>,129,12,[6 1],176,550,562,374,550
1,<environment.Job instance at 0x14e6983c0be0>,131,3,[5 1],183,553,556,370,553
1,<environment.Job instance at 0x14e6983c05f0>,132,15,[1 7],185,553,568,368,553
1,<environment.Job instance at 0x14e6983b38c0>,133,3,[ 2 10],186,568,571,382,563
1,<environment.Job instance at 0x14e6983c0e10>,134,2,[1 9],188,572,574,384,572
1,<environment.Job instance at 0x14e6983c0140>,130,28,[2 8],179,677,705,498,677
1,<environment.Job instance at 0x14e698623d20>,93,2,[14  1],130,1052,1054,922,1052
1,<environment.Job instance at 0x14e698621b90>,119,3,[12  1],164,1253,1256,1089,1253
1,<environment.Job instance at 0x14e6988d07d0>,8,3,[5 2],10,10,13,0,10
1,<environment.Job instance at 0x14e698f341e0>,16,12,[7 1],20,25,37,5,25
1,<environment.Job instance at 0x14e698f34820>,19,2,[2 5],23,25,27,2,25
1,<environment.Job instance at 0x14e698f370f0>,23,18,[8 1],28,28,46,0,28
1,<environment.Job instance at 0x14e698f34370>,17,2,[8 2],21,46,48,25,33
1,<environment.Job instance at 0x14e698f34140>,15,14,[10  1],19,48,62,29,45
1,<environment.Job instance at 0x14e698f37be0>,30,1,[9 1],41,62,63,21,55
1,<environment.Job instance at 0x14e698f376e0>,32,2,[6 2],43,62,64,19,55
1,<environment.Job instance at 0x14e698f375f0>,34,2,[8 1],46,63,65,17,56
1,<environment.Job instance at 0x14e698f377d0>,35,1,[ 1 10],47,56,57,9,56
1,<environment.Job instance at 0x14e698f37460>,33,1,[9 1],45,65,66,20,56
1,<environment.Job instance at 0x14e698f371e0>,36,2,[1 5],49,57,59,8,56
1,<environment.Job instance at 0x14e69a0a2870>,37,3,[1 5],50,57,60,7,56
1,<environment.Job instance at 0x14e69a0a2320>,39,3,[2 8],55,59,62,4,57
1,<environment.Job instance at 0x14e69a0bd640>,41,2,[1 6],57,60,62,3,57
1,<environment.Job instance at 0x14e69a0a25f0>,38,2,[10  2],51,66,68,15,57
1,<environment.Job instance at 0x14e69a0bda00>,43,1,[2 8],62,64,65,2,62
1,<environment.Job instance at 0x14e69a0bd460>,45,2,[7 2],67,68,70,1,67
1,<environment.Job instance at 0x14e69a0bdcd0>,46,2,[2 5],68,68,70,0,68
1,<environment.Job instance at 0x14e69a0bd4b0>,50,2,[5 2],74,110,112,36,110
1,<environment.Job instance at 0x14e698f37af0>,26,17,[7 1],32,347,364,315,347
1,<environment.Job instance at 0x14e69a21de10>,56,2,[6 2],82,350,352,268,350
1,<environment.Job instance at 0x14e69a21d8c0>,57,1,[1 5],83,1423,1424,1340,1423
1,<environment.Job instance at 0x14e69a21d3c0>,58,16,[1 7],84,1701,1717,1617,1701
1,<environment.Job instance at 0x14e69a21dc80>,59,3,[ 2 10],85,2008,2011,1923,2008
1,<environment.Job instance at 0x14e69a21d280>,3,1,[6 2],5,5,6,0,5
1,<environment.Job instance at 0x14e69ab89e60>,22,2,[9 2],35,35,37,0,35
1,<environment.Job instance at 0x14e69ab891e0>,23,1,[7 2],36,37,38,1,36
1,<environment.Job instance at 0x14e69ac26500>,29,2,[2 9],45,45,47,0,45
1,<environment.Job instance at 0x14e69ac266e0>,30,2,[2 5],46,46,48,0,46
1,<environment.Job instance at 0x14e69ab476e0>,21,3,[1 7],33,64,67,31,64
1,<environment.Job instance at 0x14e69a0889b0>,41,2,[1 5],65,65,67,0,65
1,<environment.Job instance at 0x14e69a088c80>,43,3,[2 9],67,67,70,0,67
1,<environment.Job instance at 0x14e69a088f00>,45,3,[1 5],70,70,73,0,70
1,<environment.Job instance at 0x14e69a088140>,46,2,[1 9],71,71,73,0,71
1,<environment.Job instance at 0x14e69a1173c0>,47,3,[2 8],72,73,76,1,72
1,<environment.Job instance at 0x14e69a1172d0>,48,1,[1 8],75,76,77,1,75
1,<environment.Job instance at 0x14e69a0c45a0>,60,1,[2 8],90,92,93,2,92
1,<environment.Job instance at 0x14e69f42e3c0>,61,1,[8 2],91,92,93,1,92
1,<environment.Job instance at 0x14e69fced320>,6,23,[1 6],11,11,34,0,11
1,<environment.Job instance at 0x14e69a14eaf0>,21,18,[1 5],37,38,56,1,38
1,<environment.Job instance at 0x14e69a14ed70>,19,3,[8 1],33,52,55,19,52
1,<environment.Job instance at 0x14e65f66e5a0>,43,27,[1 7],75,75,102,0,75
1,<environment.Job instance at 0x14e69ac700f0>,32,3,[1 9],58,102,105,44,86
1,<environment.Job instance at 0x14e69ac704b0>,34,1,[6 2],62,159,160,97,159
1,<environment.Job instance at 0x14e6a219bdc0>,64,3,[1 9],111,162,165,51,162
1,<environment.Job instance at 0x14e65f7d8050>,1,1,[1 7],2,3,4,1,3
1,<environment.Job instance at 0x14e65efe4a50>,12,1,[1 5],16,16,17,0,16
1,<environment.Job instance at 0x14e65f103820>,13,1,[10  1],18,18,19,0,18
1,<environment.Job instance at 0x14e65f103f00>,14,1,[5 2],19,19,20,0,19
1,<environment.Job instance at 0x14e65f123280>,18,21,[ 2 10],24,24,45,0,24
1,<environment.Job instance at 0x14e65efe3820>,19,21,[2 5],25,25,46,0,25
1,<environment.Job instance at 0x14e65f0050a0>,20,15,[5 2],26,45,60,19,31
1,<environment.Job instance at 0x14e65f5810a0>,25,2,[1 5],32,45,47,13,32
1,<environment.Job instance at 0x14e69a290140>,26,16,[1 8],33,46,62,13,33
1,<environment.Job instance at 0x14e65f51c550>,30,2,[10  2],38,60,62,22,40
1,<environment.Job instance at 0x14e69fcb2d20>,32,2,[5 2],41,47,49,6,41
1,<environment.Job instance at 0x14e69fcb2c30>,33,2,[5 1],42,49,51,7,42
1,<environment.Job instance at 0x14e69fcc4320>,34,1,[1 7],43,62,63,19,43
1,<environment.Job instance at 0x14e69fcc4eb0>,36,1,[6 2],47,56,57,9,56
1,<environment.Job instance at 0x14e69fcc4d70>,37,1,[5 1],48,57,58,9,56
1,<environment.Job instance at 0x14e69fcc4690>,38,1,[2 6],50,62,63,12,56
1,<environment.Job instance at 0x14e69fcc44b0>,39,3,[2 6],51,63,66,12,56
1,<environment.Job instance at 0x14e69fcc4b90>,40,2,[9 1],52,58,60,6,56
1,<environment.Job instance at 0x14e69fcc4f00>,41,13,[6 1],54,62,75,8,56
1,<environment.Job instance at 0x14e69fcc4e10>,42,2,[7 2],55,63,65,8,56
1,<environment.Job instance at 0x14e69fcc4780>,43,2,[9 2],56,66,68,10,56
1,<environment.Job instance at 0x14e65f4e50f0>,44,3,[5 1],57,68,71,11,57
1,<environment.Job instance at 0x14e65f4e53c0>,45,2,[ 1 10],58,68,70,10,58
1,<environment.Job instance at 0x14e65f6c2460>,46,13,[2 6],59,70,83,11,60
1,<environment.Job instance at 0x14e65f6c2af0>,48,1,[8 2],63,75,76,12,63
1,<environment.Job instance at 0x14e65f4c4d20>,49,17,[7 1],64,76,93,12,64
1,<environment.Job instance at 0x14e65f4c4c80>,53,1,[8 2],68,117,118,49,117
1,<environment.Job instance at 0x14e65f4c4870>,54,1,[5 2],69,117,118,48,117
1,<environment.Job instance at 0x14e65f4c4eb0>,55,1,[7 1],70,118,119,48,117
1,<environment.Job instance at 0x14e65f4c48c0>,56,1,[1 8],71,117,118,46,117
1,<environment.Job instance at 0x14e65f4c4b90>,57,2,[6 2],72,118,120,46,117
1,<environment.Job instance at 0x14e65f4c46e0>,59,1,[6 2],75,122,123,47,122
1,<environment.Job instance at 0x14e65f4c4550>,61,2,[ 1 10],78,122,124,44,122
1,<environment.Job instance at 0x14e65f55aeb0>,63,1,[5 1],80,127,128,47,127
1,<environment.Job instance at 0x14e65f55a820>,65,2,[7 2],82,147,149,65,147
1,<environment.Job instance at 0x14e65f55ad70>,67,3,[6 1],84,156,159,72,156
1,<environment.Job instance at 0x14e65f55afa0>,68,1,[13  1],85,159,160,74,156
1,<environment.Job instance at 0x14e65f55a910>,70,1,[5 1],87,160,161,73,160
1,<environment.Job instance at 0x14e65f55a460>,75,2,[2 5],92,169,171,77,169
1,<environment.Job instance at 0x14e65f5bef50>,77,22,[8 1],95,185,207,90,185
1,<environment.Job instance at 0x14e69a29f3c0>,23,15,[6 1],30,201,216,171,201
1,<environment.Job instance at 0x14e65f5be320>,80,3,[2 5],99,225,228,126,225
1,<environment.Job instance at 0x14e65f5be550>,82,3,[7 2],101,245,248,144,245
1,<environment.Job instance at 0x14e65f5bec80>,83,2,[2 9],102,245,247,143,245
1,<environment.Job instance at 0x14e65f5be460>,84,2,[2 7],103,247,249,144,246
1,<environment.Job instance at 0x14e65f5be410>,85,18,[6 1],105,292,310,187,292
1,<environment.Job instance at 0x14e65f5bed70>,79,3,[10  2],97,310,313,213,303
1,<environment.Job instance at 0x14e65f5be050>,88,22,[2 6],109,321,343,212,321
1,<environment.Job instance at 0x14e65f5bebe0>,89,1,[ 1 14],110,343,344,233,321
1,<environment.Job instance at 0x14e65f5bee10>,91,1,[6 1],112,354,355,242,354
1,<environment.Job instance at 0x14e65f5be5f0>,92,2,[9 1],114,354,356,240,354
1,<environment.Job instance at 0x14e65f5be190>,93,19,[1 5],116,355,374,239,354
1,<environment.Job instance at 0x14e65f5beaa0>,94,1,[8 1],117,356,357,239,354
1,<environment.Job instance at 0x14e65f20d5a0>,95,1,[5 1],119,355,356,236,354
1,<environment.Job instance at 0x14e65f20db90>,96,2,[7 2],120,357,359,237,354
1,<environment.Job instance at 0x14e65f20d230>,97,3,[ 2 14],122,374,377,252,354
1,<environment.Job instance at 0x14e65f20d190>,98,3,[1 8],123,356,359,233,354
1,<environment.Job instance at 0x14e65f20d050>,99,1,[ 2 10],124,359,360,235,354
1,<environment.Job instance at 0x14e65f20dcd0>,100,2,[7 2],126,360,362,234,354
1,<environment.Job instance at 0x14e65f20d820>,101,1,[6 1],127,360,361,233,354
1,<environment.Job instance at 0x14e65f20dd70>,102,2,[6 1],129,361,363,232,354
1,<environment.Job instance at 0x14e65f20df50>,105,2,[7 2],135,385,387,250,385
1,<environment.Job instance at 0x14e65f20da00>,106,1,[1 5],137,385,386,248,385
1,<environment.Job instance at 0x14e65f5be9b0>,87,2,[10  1],107,416,418,309,416
1,<environment.Job instance at 0x14e65f53c690>,108,27,[5 1],140,423,450,283,423
1,<environment.Job instance at 0x14e65f53cb90>,110,2,[1 9],142,473,475,331,473
1,<environment.Job instance at 0x14e65f20deb0>,109,15,[14  1],141,473,488,332,473
1,<environment.Job instance at 0x14e65f53cd20>,113,1,[2 9],146,488,489,342,487
1,<environment.Job instance at 0x14e65f53caa0>,114,2,[10  2],147,488,490,341,487
1,<environment.Job instance at 0x14e65f53ce60>,115,1,[6 1],150,490,491,340,487
1,<environment.Job instance at 0x14e65f53c230>,116,1,[7 2],152,490,491,338,487
1,<environment.Job instance at 0x14e65f53ceb0>,117,2,[2 7],153,489,491,336,487
1,<environment.Job instance at 0x14e65f53c8c0>,118,3,[2 5],154,491,494,337,491
1,<environment.Job instance at 0x14e65f62d820>,119,25,[6 1],155,491,516,336,491
1,<environment.Job instance at 0x14e65f62d0f0>,121,1,[10  1],158,548,549,390,548
1,<environment.Job instance at 0x14e65f62df50>,122,3,[10  1],161,551,554,390,551
1,<environment.Job instance at 0x14e65f62daf0>,123,2,[ 2 10],162,551,553,389,551
1,<environment.Job instance at 0x14e65f62df00>,124,3,[9 2],163,554,557,391,551
1,<environment.Job instance at 0x14e65f62d7d0>,125,1,[1 9],164,553,554,389,551
1,<environment.Job instance at 0x14e65f62d5a0>,126,1,[8 2],167,557,558,390,551
1,<environment.Job instance at 0x14e65f62d690>,127,22,[2 5],169,553,575,384,551
1,<environment.Job instance at 0x14e69a2555f0>,128,1,[9 2],170,558,559,388,551
1,<environment.Job instance at 0x14e69a255870>,129,1,[10  1],171,559,560,388,551
1,<environment.Job instance at 0x14e65f53cb40>,112,1,[1 8],144,563,564,419,563
1,<environment.Job instance at 0x14e69a255230>,131,13,[7 2],174,566,579,392,566
1,<environment.Job instance at 0x14e69a255d20>,130,26,[ 2 13],173,575,601,402,572
1,<environment.Job instance at 0x14e69a2555a0>,133,2,[12  1],177,579,581,402,573
1,<environment.Job instance at 0x14e69a255050>,132,3,[6 2],176,618,621,442,618
1,<environment.Job instance at 0x14e65f6c2dc0>,47,17,[12  1],60,637,654,577,637
1,<environment.Job instance at 0x14e69a290050>,24,2,[2 9],31,650,652,619,650
1,<environment.Job instance at 0x14e65f62bc30>,136,2,[7 1],181,666,668,485,666
1,<environment.Job instance at 0x14e65edacb90>,8,3,[2 8],18,18,21,0,18
1,<environment.Job instance at 0x14e65edacdc0>,9,1,[1 8],20,21,22,1,20
1,<environment.Job instance at 0x14e65edac960>,10,2,[2 9],21,22,24,1,21
1,<environment.Job instance at 0x14e65edae140>,11,2,[8 2],22,22,24,0,22
1,<environment.Job instance at 0x14e65edae1e0>,13,28,[5 2],24,25,53,1,25
1,<environment.Job instance at 0x14e65edae5a0>,17,1,[5 1],28,28,29,0,28
1,<environment.Job instance at 0x14e65edae910>,18,2,[2 6],29,29,31,0,29
1,<environment.Job instance at 0x14e65edaea50>,19,1,[8 1],30,30,31,0,30
1,<environment.Job instance at 0x14e65edaeb90>,20,1,[7 2],32,32,33,0,32
1,<environment.Job instance at 0x14e65edaec80>,21,12,[6 2],33,33,45,0,33
1,<environment.Job instance at 0x14e65edaee10>,22,3,[1 7],34,34,37,0,34
1,<environment.Job instance at 0x14e65edaef50>,23,2,[6 2],36,45,47,9,36
1,<environment.Job instance at 0x14e65edae7d0>,24,3,[9 1],37,47,50,10,37
1,<environment.Job instance at 0x14e65edb01e0>,25,14,[7 1],38,50,64,12,38
1,<environment.Job instance at 0x14e65edb03c0>,28,1,[1 9],41,55,56,14,55
1,<environment.Job instance at 0x14e65edb0460>,30,1,[6 1],43,64,65,21,64
1,<environment.Job instance at 0x14e65edae280>,14,1,[8 2],25,77,78,52,77
1,<environment.Job instance at 0x14e65edb08c0>,35,2,[1 7],48,77,79,29,77
1,<environment.Job instance at 0x14e65edb0960>,36,26,[1 6],51,77,103,26,77
1,<environment.Job instance at 0x14e65edb05f0>,38,23,[2 6],54,79,102,25,77
1,<environment.Job instance at 0x14e65edb0be0>,39,23,[9 1],56,78,101,22,77
1,<environment.Job instance at 0x14e65edb0dc0>,41,1,[5 2],58,101,102,43,81
1,<environment.Job instance at 0x14e65edb0e60>,42,1,[8 2],59,102,103,43,81
1,<environment.Job instance at 0x14e65edb0d20>,43,2,[7 2],61,103,105,42,81
1,<environment.Job instance at 0x14e65edb0f00>,44,3,[6 1],63,101,104,38,81
1,<environment.Job instance at 0x14e65edb3190>,45,2,[10  1],64,105,107,41,81
1,<environment.Job instance at 0x14e65edb3280>,46,1,[9 1],65,107,108,42,81
1,<environment.Job instance at 0x14e65edb3320>,47,3,[5 1],66,104,107,38,81
1,<environment.Job instance at 0x14e65edb3460>,48,3,[1 6],67,107,110,40,81
1,<environment.Job instance at 0x14e65edae3c0>,15,2,[ 1 10],26,103,105,77,83
1,<environment.Job instance at 0x14e65edb3410>,49,3,[12  1],69,108,111,39,86
1,<environment.Job instance at 0x14e65edb3730>,51,2,[7 1],71,111,113,40,86
1,<environment.Job instance at 0x14e65edb3640>,52,3,[9 1],76,113,116,37,88
1,<environment.Job instance at 0x14e65edb35a0>,50,20,[8 1],70,116,136,46,109
1,<environment.Job instance at 0x14e65edb0820>,34,1,[9 2],47,136,137,89,113
1,<environment.Job instance at 0x14e65edb57d0>,57,1,[ 2 10],87,125,126,38,125
1,<environment.Job instance at 0x14e65edae500>,16,3,[ 2 14],27,141,144,114,141
1,<environment.Job instance at 0x14e65edb3dc0>,55,1,[2 6],80,155,156,75,155
1,<environment.Job instance at 0x14e65edb3c80>,54,2,[1 8],79,158,160,79,158
1,<environment.Job instance at 0x14e65edb5870>,60,3,[1 8],91,188,191,97,188
1,<environment.Job instance at 0x14e65edb58c0>,61,1,[8 1],93,192,193,99,192
1,<environment.Job instance at 0x14e65edb5a00>,62,16,[9 1],94,194,210,100,194
1,<environment.Job instance at 0x14e65edb5c30>,63,12,[7 2],96,210,222,114,195
1,<environment.Job instance at 0x14e65edb5b40>,64,15,[ 2 10],102,213,228,111,213
1,<environment.Job instance at 0x14e65edb54b0>,59,13,[ 2 11],90,228,241,138,216
1,<environment.Job instance at 0x14e65edb5d70>,66,2,[7 2],104,222,224,118,218
1,<environment.Job instance at 0x14e65edb5e10>,67,2,[5 2],106,220,222,114,220
1,<environment.Job instance at 0x14e65edb5dc0>,68,1,[ 2 10],107,241,242,134,222
1,<environment.Job instance at 0x14e65edb5e60>,70,2,[ 1 12],109,242,244,133,222
1,<environment.Job instance at 0x14e65edb5fa0>,69,1,[6 2],108,227,228,119,227
1,<environment.Job instance at 0x14e65edb5aa0>,65,2,[5 2],103,228,230,125,228
1,<environment.Job instance at 0x14e65edb7280>,73,21,[5 1],112,228,249,116,228
1,<environment.Job instance at 0x14e65edb7320>,74,3,[2 8],113,244,247,131,239
1,<environment.Job instance at 0x14e65edb70f0>,71,16,[2 9],110,247,263,137,240
1,<environment.Job instance at 0x14e65edb70a0>,72,2,[5 2],111,242,244,131,242
1,<environment.Job instance at 0x14e65edb7370>,76,1,[ 2 10],116,263,264,147,245
1,<environment.Job instance at 0x14e65edb75a0>,78,2,[8 1],118,245,247,127,245
1,<environment.Job instance at 0x14e65edb7500>,79,1,[2 7],120,264,265,144,247
1,<environment.Job instance at 0x14e65edb7690>,77,2,[1 6],117,249,251,132,248
1,<environment.Job instance at 0x14e65edb7780>,80,2,[1 8],121,264,266,143,248
1,<environment.Job instance at 0x14e65edb7820>,82,3,[ 2 10],125,266,269,141,253
1,<environment.Job instance at 0x14e65edb7af0>,83,2,[2 7],126,269,271,143,256
1,<environment.Job instance at 0x14e65edb7870>,84,22,[ 2 10],127,271,293,144,264
1,<environment.Job instance at 0x14e65edb7be0>,85,2,[10  2],128,271,273,143,271
1,<environment.Job instance at 0x14e65edb7960>,86,2,[1 7],129,293,295,164,271
1,<environment.Job instance at 0x14e65edb7c80>,87,3,[2 8],130,293,296,163,280
1,<environment.Job instance at 0x14e65edb7d20>,88,2,[6 2],131,291,293,160,291
1,<environment.Job instance at 0x14e65edb7fa0>,89,1,[7 1],134,292,293,158,292
1,<environment.Job instance at 0x14e65edb7e60>,90,2,[5 2],135,295,297,160,292
1,<environment.Job instance at 0x14e65edb7550>,75,3,[8 2],115,295,298,180,293
1,<environment.Job instance at 0x14e65edb7dc0>,91,15,[1 9],136,296,311,160,293
1,<environment.Job instance at 0x14e65edb9140>,93,2,[ 1 10],138,311,313,173,306
1,<environment.Job instance at 0x14e65edb9190>,94,1,[7 1],139,307,308,168,307
1,<environment.Job instance at 0x14e65edb9410>,95,1,[2 6],142,309,310,167,309
1,<environment.Job instance at 0x14e65edb7910>,81,13,[7 1],122,310,323,188,309
1,<environment.Job instance at 0x14e65edb9500>,96,2,[10  2],143,323,325,180,309
1,<environment.Job instance at 0x14e65edb9370>,98,2,[8 2],145,313,315,168,309
1,<environment.Job instance at 0x14e65edb9550>,99,1,[6 1],146,311,312,165,311
1,<environment.Job instance at 0x14e65edb9640>,100,3,[8 1],148,315,318,167,311
1,<environment.Job instance at 0x14e65edb9730>,101,15,[6 1],152,325,340,173,311
1,<environment.Job instance at 0x14e65edb9910>,102,2,[8 2],153,318,320,165,311
1,<environment.Job instance at 0x14e65edb5910>,58,3,[11  1],89,340,343,251,325
1,<environment.Job instance at 0x14e65edb9320>,97,1,[5 1],144,330,331,186,330
1,<environment.Job instance at 0x14e65f138cd0>,103,17,[10  1],156,343,360,187,331
1,<environment.Job instance at 0x14e65ee68460>,106,21,[6 1],160,360,381,200,352
1,<environment.Job instance at 0x14e65ed93780>,108,14,[2 6],163,352,366,189,352
1,<environment.Job instance at 0x14e65ee67140>,109,1,[ 2 10],164,366,367,202,355
1,<environment.Job instance at 0x14e65ed93190>,110,2,[2 8],165,355,357,190,355
1,<environment.Job instance at 0x14e65ee67910>,111,1,[1 7],168,357,358,189,355
1,<environment.Job instance at 0x14e65ee67780>,112,1,[1 7],170,358,359,188,355
1,<environment.Job instance at 0x14e65edb90f0>,92,3,[6 1],137,360,363,223,355
1,<environment.Job instance at 0x14e65ee540f0>,114,27,[5 2],172,363,390,191,361
1,<environment.Job instance at 0x14e65ed9c8c0>,113,12,[2 8],171,367,379,196,362
1,<environment.Job instance at 0x14e65ee546e0>,116,1,[9 1],174,381,382,207,362
1,<environment.Job instance at 0x14e65eda2550>,117,1,[ 2 10],175,379,380,204,365
1,<environment.Job instance at 0x14e65eda2050>,118,12,[2 8],178,382,394,204,367
1,<environment.Job instance at 0x14e65eda2b40>,119,3,[ 1 10],181,394,397,213,369
1,<environment.Job instance at 0x14e65eda25f0>,120,1,[8 2],182,387,388,205,387
1,<environment.Job instance at 0x14e65eda2d70>,121,18,[9 1],183,390,408,207,387
1,<environment.Job instance at 0x14e65eda2640>,122,2,[8 1],185,408,410,223,400
1,<environment.Job instance at 0x14e65eda2960>,123,13,[8 2],186,410,423,224,402
1,<environment.Job instance at 0x14e65eda27d0>,124,1,[7 1],187,408,409,221,407
1,<environment.Job instance at 0x14e65eda2460>,125,1,[2 6],189,413,414,224,413
1,<environment.Job instance at 0x14e65ed8bd70>,107,3,[ 2 13],162,419,422,257,419
1,<environment.Job instance at 0x14e65edac910>,7,2,[ 1 11],17,422,424,405,421
1,<environment.Job instance at 0x14e65ee44320>,105,2,[7 1],158,441,443,283,441
1,<environment.Job instance at 0x14e65ed9c820>,115,27,[1 9],173,494,521,321,494
1,<environment.Job instance at 0x14e65ed43aa0>,1,1,[1 7],4,4,5,0,4
1,<environment.Job instance at 0x14e65eeaacd0>,12,1,[1 9],19,19,20,0,19
1,<environment.Job instance at 0x14e65eeaac30>,13,1,[2 7],20,20,21,0,20
1,<environment.Job instance at 0x14e65eeaabe0>,14,2,[1 8],21,21,23,0,21
1,<environment.Job instance at 0x14e65eeaa4b0>,15,1,[1 9],23,23,24,0,23
1,<environment.Job instance at 0x14e65eeaaeb0>,16,2,[ 2 10],25,25,27,0,25
1,<environment.Job instance at 0x14e65eeaad70>,17,3,[9 1],26,26,29,0,26
1,<environment.Job instance at 0x14e65eeaa960>,23,1,[9 2],34,34,35,0,34
1,<environment.Job instance at 0x14e65ef37870>,24,1,[2 8],35,35,36,0,35
1,<environment.Job instance at 0x14e65eeaa0a0>,20,16,[9 2],30,41,57,11,41
1,<environment.Job instance at 0x14e65ef37a50>,32,1,[10  1],46,57,58,11,46
1,<environment.Job instance at 0x14e65ef378c0>,31,1,[7 2],45,58,59,13,48
1,<environment.Job instance at 0x14e65ee1efa0>,43,26,[8 1],58,77,103,19,77
1,<environment.Job instance at 0x14e65ee1e3c0>,36,3,[2 9],51,110,113,59,110
1,<environment.Job instance at 0x14e65ee1ec80>,47,21,[9 2],62,110,131,48,110
1,<environment.Job instance at 0x14e65ee1e690>,46,27,[6 1],61,124,151,63,124
1,<environment.Job instance at 0x14e65eea2190>,54,1,[1 8],72,135,136,63,135
1,<environment.Job instance at 0x14e65eea2500>,56,1,[6 1],75,137,138,62,137
1,<environment.Job instance at 0x14e65ee1ec30>,48,17,[7 2],63,138,155,75,137
1,<environment.Job instance at 0x14e65ef21a00>,58,2,[1 7],79,137,139,58,137
1,<environment.Job instance at 0x14e65ed45410>,59,3,[7 1],80,151,154,71,138
1,<environment.Job instance at 0x14e65edc1fa0>,60,1,[6 1],81,154,155,73,138
1,<environment.Job instance at 0x14e65edc1eb0>,61,15,[6 2],82,155,170,73,148
1,<environment.Job instance at 0x14e65edc1370>,62,3,[2 9],83,282,285,199,282
1,<environment.Job instance at 0x14e65eee5730>,1,28,[2 5],3,3,31,0,3
1,<environment.Job instance at 0x14e65eee5780>,8,2,[2 8],11,19,21,8,19
1,<environment.Job instance at 0x14e65f20d960>,9,24,[2 9],12,41,65,29,41
1,<environment.Job instance at 0x14e65f20d550>,20,2,[10  2],30,42,44,12,42
1,<environment.Job instance at 0x14e65f20d3c0>,23,25,[9 1],33,44,69,11,44
1,<environment.Job instance at 0x14e69a0f9f00>,29,2,[8 1],40,69,71,29,45
1,<environment.Job instance at 0x14e65f20d140>,14,2,[6 2],21,65,67,44,49
1,<environment.Job instance at 0x14e698f14f50>,37,3,[9 1],52,71,74,19,55
1,<environment.Job instance at 0x14e698f141e0>,38,15,[6 1],53,67,82,14,63
1,<environment.Job instance at 0x14e698f14f00>,39,1,[2 5],54,74,75,20,71
1,<environment.Job instance at 0x14e69fcd68c0>,40,2,[1 5],56,74,76,18,74
1,<environment.Job instance at 0x14e698f147d0>,36,1,[7 2],51,75,76,24,75
1,<environment.Job instance at 0x14e69a279c80>,42,17,[10  1],58,87,104,29,87
1,<environment.Job instance at 0x14e69a2798c0>,43,26,[5 2],59,87,113,28,87
1,<environment.Job instance at 0x14e69fcd6280>,41,3,[2 8],57,200,203,143,200
1,<environment.Job instance at 0x14e69a2791e0>,45,2,[2 6],61,205,207,144,205
1,<environment.Job instance at 0x14e69a279820>,46,3,[1 9],62,206,209,144,206
1,<environment.Job instance at 0x14e69a279cd0>,47,2,[1 7],64,209,211,145,208
1,<environment.Job instance at 0x14e69a2790f0>,48,3,[2 9],65,211,214,146,208
1,<environment.Job instance at 0x14e69a279a00>,49,2,[6 1],66,211,213,145,211
1,<environment.Job instance at 0x14e69a279730>,50,1,[5 1],67,215,216,148,215
1,<environment.Job instance at 0x14e69a279f00>,44,1,[8 2],60,217,218,157,217
1,<environment.Job instance at 0x14e69a2797d0>,51,16,[2 6],68,219,235,151,219
1,<environment.Job instance at 0x14e69ab5b4b0>,53,14,[5 2],74,221,235,147,221
1,<environment.Job instance at 0x14e65f3160f0>,54,1,[ 1 10],75,235,236,160,223
1,<environment.Job instance at 0x14e65f316b40>,55,3,[1 9],76,236,239,160,227
1,<environment.Job instance at 0x14e65f316460>,56,2,[9 2],78,235,237,157,228
1,<environment.Job instance at 0x14e65f316aa0>,57,3,[2 7],79,228,231,149,228
1,<environment.Job instance at 0x14e65f316f50>,58,21,[10  2],82,237,258,155,229
1,<environment.Job instance at 0x14e65f316960>,59,22,[2 9],83,239,261,156,233
1,<environment.Job instance at 0x14e65f316be0>,60,3,[1 7],85,261,264,176,238
1,<environment.Job instance at 0x14e65f316550>,61,14,[2 5],87,258,272,171,247
1,<environment.Job instance at 0x14e65f20d280>,17,3,[10  1],27,258,261,231,247
1,<environment.Job instance at 0x14e69a2a1b90>,62,13,[1 5],91,264,277,173,248
1,<environment.Job instance at 0x14e65f316e10>,64,1,[ 1 12],94,277,278,183,249
1,<environment.Job instance at 0x14e699b7bc80>,65,1,[10  2],95,261,262,166,252
1,<environment.Job instance at 0x14e65f316a00>,66,3,[2 9],96,272,275,176,256
1,<environment.Job instance at 0x14e69a279b90>,52,2,[7 1],70,262,264,192,261
1,<environment.Job instance at 0x14e699b934b0>,67,13,[2 9],97,282,295,185,282
1,<environment.Job instance at 0x14e65f1b63c0>,69,1,[9 1],100,290,291,190,290
1,<environment.Job instance at 0x14e69f329e60>,70,20,[9 1],101,291,311,190,290
1,<environment.Job instance at 0x14e69ab5a320>,71,3,[5 1],103,326,329,223,326
1,<environment.Job instance at 0x14e65f684500>,72,2,[13  1],104,329,331,225,327
1,<environment.Job instance at 0x14e69aca7e60>,73,1,[12  2],105,356,357,251,356
1,<environment.Job instance at 0x14e698f14780>,35,2,[ 1 14],50,357,359,307,356
1,<environment.Job instance at 0x14e65f316b90>,63,2,[6 1],93,357,359,264,356
1,<environment.Job instance at 0x14e65f684f50>,74,1,[5 1],106,359,360,253,356
1,<environment.Job instance at 0x14e65f4bc870>,79,18,[8 1],118,359,377,241,356
1,<environment.Job instance at 0x14e69a26d6e0>,81,1,[7 1],123,360,361,237,356
1,<environment.Job instance at 0x14e69f3a7c80>,86,3,[9 1],129,377,380,248,356
1,<environment.Job instance at 0x14e69ac6f5f0>,88,17,[6 2],132,361,378,229,358
1,<environment.Job instance at 0x14e69ac6f640>,89,3,[9 2],134,380,383,246,358
1,<environment.Job instance at 0x14e69ac6fdc0>,91,1,[1 9],136,359,360,223,359
1,<environment.Job instance at 0x14e69ac6f9b0>,94,20,[7 2],139,383,403,244,375
1,<environment.Job instance at 0x14e699fc91e0>,103,14,[ 2 10],150,378,392,228,378
1,<environment.Job instance at 0x14e65f69b8c0>,80,2,[2 8],120,425,427,305,425
1,<environment.Job instance at 0x14e69aee8910>,104,1,[ 1 13],151,958,959,807,958
1,<environment.Job instance at 0x14e699ba2190>,107,12,[2 9],154,1010,1022,856,1010
1,<environment.Job instance at 0x14e65f2483c0>,108,1,[11  1],163,1248,1249,1085,1248
1,<environment.Job instance at 0x14e69a220b40>,109,2,[5 1],164,1382,1384,1218,1382
1,<environment.Job instance at 0x14e69a220320>,110,2,[1 6],165,1944,1946,1779,1944
1,<environment.Job instance at 0x14e69a2205f0>,111,2,[1 8],166,1946,1948,1780,1946
1,<environment.Job instance at 0x14e69a220a50>,112,1,[6 1],167,2017,2018,1850,2017
1,<environment.Job instance at 0x14e69a220d20>,113,18,[10  2],169,2054,2072,1885,2054
1,<environment.Job instance at 0x14e69f2e25a0>,114,1,[6 1],170,2073,2074,1903,2073
1,<environment.Job instance at 0x14e69f2e2370>,115,1,[2 9],171,2112,2113,1941,2112
1,<environment.Job instance at 0x14e69f2e2aa0>,116,1,[1 5],172,2202,2203,2030,2202
1,<environment.Job instance at 0x14e69f2e2640>,117,16,[ 2 10],173,2670,2686,2497,2670
1,<environment.Job instance at 0x14e69f2e2a50>,118,3,[5 1],174,2712,2715,2538,2712
1,<environment.Job instance at 0x14e69f2e2f00>,119,3,[1 7],175,2724,2727,2549,2724
1,<environment.Job instance at 0x14e65f3b9370>,0,2,[7 2],1,1,3,0,1
1,<environment.Job instance at 0x14e69f2e2910>,1,1,[ 2 10],2,2,3,0,2
1,<environment.Job instance at 0x14e65f70cc30>,9,2,[10  2],12,12,14,0,12
1,<environment.Job instance at 0x14e65f70cd70>,11,1,[1 5],15,15,16,0,15
1,<environment.Job instance at 0x14e65f70cf50>,12,2,[1 9],16,16,18,0,16
1,<environment.Job instance at 0x14e65f71d550>,15,19,[5 2],21,29,48,8,29
1,<environment.Job instance at 0x14e65f71df00>,23,2,[8 2],30,30,32,0,30
1,<environment.Job instance at 0x14e65f71dfa0>,24,1,[1 6],31,31,32,0,31
1,<environment.Job instance at 0x14e65f7231e0>,25,3,[6 1],32,32,35,0,32
1,<environment.Job instance at 0x14e65f723370>,26,16,[1 5],33,33,49,0,33
1,<environment.Job instance at 0x14e65f7235f0>,28,3,[2 8],36,36,39,0,36
1,<environment.Job instance at 0x14e69a10f050>,9,1,[9 2],15,17,18,2,17
1,<environment.Job instance at 0x14e69a168be0>,15,3,[6 1],24,45,48,21,45
1,<environment.Job instance at 0x14e69a168690>,14,2,[2 6],22,45,47,23,45
1,<environment.Job instance at 0x14e69a1684b0>,16,16,[ 2 10],25,225,241,200,225
1,<environment.Job instance at 0x14e69a168050>,21,3,[ 2 10],31,283,286,252,283
1,<environment.Job instance at 0x14e65ef4c690>,67,1,[14  1],91,318,319,227,318
1,<environment.Job instance at 0x14e65f4bbd20>,95,2,[7 1],126,381,383,255,381
1,<environment.Job instance at 0x14e65f089b90>,83,3,[1 7],113,389,392,276,389
1,<environment.Job instance at 0x14e65f4bb640>,100,2,[2 5],133,398,400,265,398
1,<environment.Job instance at 0x14e65f4bb230>,101,3,[1 5],136,409,412,273,409
1,<environment.Job instance at 0x14e65f4bbc30>,102,1,[8 1],137,430,431,293,430
1,<environment.Job instance at 0x14e65f485050>,103,2,[8 2],138,444,446,306,444
1,<environment.Job instance at 0x14e65f4855a0>,104,14,[9 2],139,471,485,332,471
1,<environment.Job instance at 0x14e65f720730>,105,2,[5 2],140,485,487,345,485
1,<environment.Job instance at 0x14e65ef57e60>,106,3,[1 5],141,547,550,406,547
1,<environment.Job instance at 0x14e65ef57f00>,107,1,[1 5],143,558,559,415,558
1,<environment.Job instance at 0x14e65f357c80>,108,16,[8 1],144,561,577,417,561
1,<environment.Job instance at 0x14e65f357820>,109,14,[2 8],145,673,687,528,673
1,<environment.Job instance at 0x14e65f50c0a0>,110,15,[8 2],146,705,720,559,705
1,<environment.Job instance at 0x14e65f50c2d0>,111,3,[1 7],148,739,742,591,739
1,<environment.Job instance at 0x14e65f50cc30>,112,3,[7 1],149,741,744,592,741
1,<environment.Job instance at 0x14e65f4bb8c0>,99,2,[1 9],132,742,744,610,741
1,<environment.Job instance at 0x14e65f50c190>,113,2,[2 7],150,744,746,594,742
1,<environment.Job instance at 0x14e65ef7bcd0>,116,18,[5 2],153,742,760,589,742
1,<environment.Job instance at 0x14e69fe0ad70>,114,14,[ 2 10],151,750,764,599,750
1,<environment.Job instance at 0x14e65ef7bc80>,118,16,[1 6],156,764,780,608,753
1,<environment.Job instance at 0x14e65ef7b140>,119,3,[2 6],158,764,767,606,763
1,<environment.Job instance at 0x14e65ef7beb0>,120,14,[10  1],159,763,777,604,763
1,<environment.Job instance at 0x14e65ef7bbe0>,121,3,[ 1 14],160,780,783,620,776
1,<environment.Job instance at 0x14e65ef7bd20>,122,3,[5 1],161,777,780,616,777
1,<environment.Job instance at 0x14e65f5488c0>,123,2,[8 1],163,778,780,615,778
1,<environment.Job instance at 0x14e69fe0ad20>,115,1,[1 9],152,786,787,634,786
1,<environment.Job instance at 0x14e65ef7b640>,124,3,[9 1],164,789,792,625,789
1,<environment.Job instance at 0x14e65ef7b820>,126,12,[7 2],167,792,804,625,790
1,<environment.Job instance at 0x14e69af0eeb0>,127,2,[2 7],169,792,794,623,792
1,<environment.Job instance at 0x14e6983bf8c0>,128,17,[6 2],171,794,811,623,794
1,<environment.Job instance at 0x14e69fcb04b0>,129,13,[ 2 10],172,796,809,624,796
1,<environment.Job instance at 0x14e65ef7b0f0>,130,2,[1 9],173,814,816,641,814
1,<environment.Job instance at 0x14e65f5778c0>,131,23,[1 5],174,814,837,640,814
1,<environment.Job instance at 0x14e6a0c420a0>,132,1,[8 1],175,814,815,639,814
1,<environment.Job instance at 0x14e65ec6f780>,133,18,[10  1],176,815,833,639,814
1,<environment.Job instance at 0x14e69a2b0cd0>,125,3,[8 2],165,833,836,668,820
1,<environment.Job instance at 0x14e65ed4fa50>,134,1,[8 2],177,836,837,659,826
1,<environment.Job instance at 0x14e65ed4fcd0>,136,1,[5 1],179,837,838,658,837
1,<environment.Job instance at 0x14e65ef9ce10>,135,2,[7 1],178,838,840,660,838
1,<environment.Job instance at 0x14e65ef9c8c0>,137,2,[2 8],180,839,841,659,839
1,<environment.Job instance at 0x14e65ed1b9b0>,139,3,[8 2],182,840,843,658,840
1,<environment.Job instance at 0x14e65ed1b1e0>,140,2,[10  1],184,843,845,659,841
1,<environment.Job instance at 0x14e65f179640>,141,22,[5 1],186,842,864,656,842
1,<environment.Job instance at 0x14e6a0c55a50>,142,14,[9 2],189,845,859,656,842
1,<environment.Job instance at 0x14e65f262730>,138,3,[7 1],181,859,862,678,853
1,<environment.Job instance at 0x14e69a168aa0>,12,3,[14  2],18,1536,1539,1518,1536
1,<environment.Job instance at 0x14e65f4bbaf0>,98,3,[ 1 11],131,1562,1565,1431,1562
1,<environment.Job instance at 0x14e65ef7ba50>,117,2,[1 8],155,1568,1570,1413,1568
1,<environment.Job instance at 0x14e69a0b2f50>,4,1,[7 2],6,6,7,0,6
1,<environment.Job instance at 0x14e69a0b2e10>,5,2,[2 8],7,7,9,0,7
1,<environment.Job instance at 0x14e69a0e8aa0>,17,3,[2 7],21,70,73,49,70
1,<environment.Job instance at 0x14e69a0e8cd0>,22,13,[8 1],26,95,108,69,95
1,<environment.Job instance at 0x14e69a0bb050>,23,1,[6 1],27,118,119,91,118
1,<environment.Job instance at 0x14e69a0bb190>,24,2,[ 1 10],28,134,136,106,134
1,<environment.Job instance at 0x14e69a0bb280>,25,1,[5 1],29,141,142,112,141
1,<environment.Job instance at 0x14e69a0e8f50>,20,16,[1 9],24,153,169,129,153
1,<environment.Job instance at 0x14e69a0bb1e0>,27,17,[6 2],34,175,192,141,175
1,<environment.Job instance at 0x14e69a0e8eb0>,19,2,[1 6],23,181,183,158,181
1,<environment.Job instance at 0x14e69a0e8f00>,21,2,[ 1 13],25,198,200,173,198
1,<environment.Job instance at 0x14e69a0bb460>,28,3,[5 2],35,231,234,196,231
1,<environment.Job instance at 0x14e69a0bb500>,29,15,[10  2],36,231,246,195,231
1,<environment.Job instance at 0x14e69a0bb780>,33,12,[1 8],40,381,393,341,381
1,<environment.Job instance at 0x14e69a0bb820>,34,28,[ 2 10],41,430,458,389,430
1,<environment.Job instance at 0x14e69a0bb8c0>,35,3,[9 1],44,471,474,427,471
1,<environment.Job instance at 0x14e69a0bb3c0>,36,14,[2 5],46,484,498,438,484
1,<environment.Job instance at 0x14e69a0bbaa0>,37,2,[1 8],47,551,553,504,551
1,<environment.Job instance at 0x14e69a0bbb90>,38,1,[5 1],48,683,684,635,683
1,<environment.Job instance at 0x14e69a0bbaf0>,39,14,[1 7],49,726,740,677,726
1,<environment.Job instance at 0x14e69a0bb960>,40,2,[8 1],51,738,740,687,738
1,<environment.Job instance at 0x14e69a0bbbe0>,41,2,[6 2],53,902,904,849,902
1,<environment.Job instance at 0x14e69a0bbe10>,42,2,[1 5],54,923,925,869,923
1,<environment.Job instance at 0x14e69a0bbeb0>,43,2,[9 2],55,1069,1071,1014,1069
1,<environment.Job instance at 0x14e69a0bbd20>,44,1,[9 1],58,1091,1092,1033,1091
1,<environment.Job instance at 0x14e69a0bbfa0>,45,2,[9 1],59,1118,1120,1059,1118
1,<environment.Job instance at 0x14e69a0bbc80>,46,2,[6 2],60,1168,1170,1108,1168
1,<environment.Job instance at 0x14e69a0bbf00>,47,2,[2 9],62,1185,1187,1123,1185
1,<environment.Job instance at 0x14e69a0e9140>,48,17,[2 9],63,1318,1335,1255,1318
1,<environment.Job instance at 0x14e69a0e92d0>,49,3,[7 1],64,1406,1409,1342,1406
1,<environment.Job instance at 0x14e69a0bb6e0>,32,1,[8 2],39,1511,1512,1472,1511
1,<environment.Job instance at 0x14e69a0e9050>,51,2,[ 1 11],67,1625,1627,1558,1625
1,<environment.Job instance at 0x14e69a0e91e0>,50,2,[ 1 10],65,1648,1650,1583,1648
1,<environment.Job instance at 0x14e69a0bb320>,26,3,[5 2],30,1682,1685,1652,1682
1,<environment.Job instance at 0x14e69a0e9550>,53,16,[ 1 12],69,1741,1757,1672,1741
1,<environment.Job instance at 0x14e69a0e9460>,54,1,[1 5],70,1816,1817,1746,1816
1,<environment.Job instance at 0x14e69a0e9500>,55,3,[2 8],71,2062,2065,1991,2062
1,<environment.Job instance at 0x14e69a0e9730>,57,1,[2 5],74,2131,2132,2057,2131
1,<environment.Job instance at 0x14e69a0e95a0>,56,12,[7 2],72,2224,2236,2152,2224
1,<environment.Job instance at 0x14e69a0e9780>,58,17,[ 1 10],76,2249,2266,2173,2249
1,<environment.Job instance at 0x14e69a0e9a50>,60,3,[2 6],80,2478,2481,2398,2478
1,<environment.Job instance at 0x14e69a0e9aa0>,61,3,[2 5],81,2485,2488,2404,2485
1,<environment.Job instance at 0x14e69a0e9af0>,62,16,[7 2],82,2489,2505,2407,2489
1,<environment.Job instance at 0x14e69a0e9b40>,63,12,[9 1],83,2518,2530,2435,2518
1,<environment.Job instance at 0x14e69a0e9820>,64,3,[7 2],85,2865,2868,2780,2865
1,<environment.Job instance at 0x14e69f3790f0>,1,1,[ 2 10],2,2,3,0,2
1,<environment.Job instance at 0x14e69ab67d20>,11,2,[14  1],17,17,19,0,17
1,<environment.Job instance at 0x14e69fd62aa0>,17,2,[1 8],26,34,36,8,34
1,<environment.Job instance at 0x14e69acb7500>,24,1,[7 2],36,36,37,0,36
1,<environment.Job instance at 0x14e69c206b40>,25,15,[7 1],37,37,52,0,37
1,<environment.Job instance at 0x14e69acb7d20>,23,17,[7 1],35,39,56,4,39
1,<environment.Job instance at 0x14e69a0591e0>,29,14,[7 1],49,55,69,6,55
1,<environment.Job instance at 0x14e65efd5910>,32,2,[8 1],56,56,58,0,56
1,<environment.Job instance at 0x14e69acaad70>,33,3,[8 2],58,58,61,0,58
1,<environment.Job instance at 0x14e69acaac30>,35,2,[2 6],60,61,63,1,60
1,<environment.Job instance at 0x14e69acaa500>,36,17,[1 9],61,63,80,2,63
1,<environment.Job instance at 0x14e69a26d8c0>,39,1,[6 1],64,64,65,0,64
1,<environment.Job instance at 0x14e69a090780>,40,1,[1 9],68,80,81,12,68
1,<environment.Job instance at 0x14e699fbab40>,18,12,[5 2],27,82,94,55,82
1,<environment.Job instance at 0x14e69f3f1370>,45,18,[2 8],78,88,106,10,88
1,<environment.Job instance at 0x14e69f3f1320>,50,3,[1 5],90,90,93,0,90
1,<environment.Job instance at 0x14e65efeaf50>,51,1,[9 1],91,94,95,3,91
1,<environment.Job instance at 0x14e65efeab40>,52,2,[1 7],93,95,97,2,93
1,<environment.Job instance at 0x14e65efea9b0>,53,2,[2 5],94,97,99,3,94
1,<environment.Job instance at 0x14e69fc7c280>,62,3,[2 5],104,104,107,0,104
1,<environment.Job instance at 0x14e69fc7c410>,69,18,[7 2],119,143,161,24,143
1,<environment.Job instance at 0x14e65efeaf00>,60,18,[8 2],102,145,163,43,145
1,<environment.Job instance at 0x14e69fc7c5f0>,65,1,[6 1],108,198,199,90,198
1,<environment.Job instance at 0x14e69af69870>,87,3,[9 1],141,216,219,75,216
1,<environment.Job instance at 0x14e69af69230>,88,3,[1 8],143,224,227,81,224
1,<environment.Job instance at 0x14e65f709280>,89,2,[5 1],147,225,227,78,225
1,<environment.Job instance at 0x14e65f709460>,90,1,[2 5],148,254,255,106,254
1,<environment.Job instance at 0x14e65f709aa0>,91,2,[1 8],149,265,267,116,265
1,<environment.Job instance at 0x14e65f709690>,92,17,[1 6],150,269,286,119,269
1,<environment.Job instance at 0x14e65f7093c0>,93,17,[10  2],151,271,288,120,271
1,<environment.Job instance at 0x14e65f7095f0>,94,12,[1 7],152,284,296,132,284
1,<environment.Job instance at 0x14e65f709780>,95,2,[11  1],154,291,293,137,291
1,<environment.Job instance at 0x14e65f7090f0>,96,3,[9 1],157,293,296,136,292
1,<environment.Job instance at 0x14e6a1fdc960>,97,27,[9 2],158,296,323,138,294
1,<environment.Job instance at 0x14e65f389140>,98,2,[7 1],159,323,325,164,305
1,<environment.Job instance at 0x14e65f3890f0>,99,3,[1 6],160,316,319,156,316
1,<environment.Job instance at 0x14e65f389a00>,100,1,[6 1],161,319,320,158,316
1,<environment.Job instance at 0x14e65f3894b0>,101,1,[1 5],162,325,326,163,325
1,<environment.Job instance at 0x14e65f389be0>,102,2,[1 7],163,326,328,163,326
1,<environment.Job instance at 0x14e65f389fa0>,103,3,[1 7],164,337,340,173,337
1,<environment.Job instance at 0x14e65f3898c0>,104,1,[1 8],165,352,353,187,352
1,<environment.Job instance at 0x14e65f3895f0>,105,2,[2 5],166,359,361,193,359
1,<environment.Job instance at 0x14e65f389eb0>,106,3,[1 9],167,367,370,200,367
1,<environment.Job instance at 0x14e65f389e60>,107,3,[8 1],168,368,371,200,368
1,<environment.Job instance at 0x14e65f389460>,108,1,[2 9],169,370,371,201,368
1,<environment.Job instance at 0x14e65f389c80>,109,3,[1 9],172,390,393,218,390
1,<environment.Job instance at 0x14e69ab5a230>,110,1,[9 1],173,398,399,225,398
1,<environment.Job instance at 0x14e69ab5ab40>,111,3,[1 7],174,407,410,233,407
1,<environment.Job instance at 0x14e69ab5a280>,112,2,[1 8],175,414,416,239,414
1,<environment.Job instance at 0x14e69ab5afa0>,113,16,[10  1],176,417,433,241,417
1,<environment.Job instance at 0x14e69ab5a190>,114,3,[5 1],178,420,423,242,420
1,<environment.Job instance at 0x14e69ab5aa00>,115,3,[9 2],179,433,436,254,426
1,<environment.Job instance at 0x14e69ab5a050>,116,14,[ 1 12],180,444,458,264,444
1,<environment.Job instance at 0x14e69ab5a730>,117,2,[ 1 10],181,458,460,277,448
1,<environment.Job instance at 0x14e69ab5a640>,118,1,[9 1],182,453,454,271,453
1,<environment.Job instance at 0x14e69ab5ab90>,119,2,[1 5],183,465,467,282,465
1,<environment.Job instance at 0x14e69ab5aaa0>,120,1,[6 2],184,484,485,300,484
1,<environment.Job instance at 0x14e65f12acd0>,121,3,[7 2],186,488,491,302,488
1,<environment.Job instance at 0x14e65f12a4b0>,122,13,[1 6],187,488,501,301,488
1,<environment.Job instance at 0x14e65f12af00>,123,19,[5 1],188,493,512,305,493
1,<environment.Job instance at 0x14e699fba320>,19,1,[2 9],28,658,659,630,658
1,<environment.Job instance at 0x14e65f171730>,7,1,[6 2],11,11,12,0,11
1,<environment.Job instance at 0x14e65f171190>,8,3,[10  2],13,13,16,0,13
1,<environment.Job instance at 0x14e65f171640>,10,15,[7 2],16,16,31,0,16
1,<environment.Job instance at 0x14e69abd4640>,11,13,[ 2 10],18,22,35,4,22
1,<environment.Job instance at 0x14e69abd42d0>,14,16,[6 1],24,24,40,0,24
1,<environment.Job instance at 0x14e69abd4aa0>,15,1,[8 2],25,35,36,10,25
1,<environment.Job instance at 0x14e69abd4f00>,16,2,[ 2 10],26,36,38,10,26
1,<environment.Job instance at 0x14e69abd4050>,17,1,[1 6],27,35,36,8,27
1,<environment.Job instance at 0x14e69abd44b0>,18,1,[ 1 10],32,38,39,6,32
1,<environment.Job instance at 0x14e69fd0a0a0>,23,3,[2 9],37,39,42,2,37
1,<environment.Job instance at 0x14e65f171b40>,4,1,[1 5],7,39,40,32,39
1,<environment.Job instance at 0x14e65edfc870>,26,27,[7 1],41,41,68,0,41
1,<environment.Job instance at 0x14e65edfcd20>,30,2,[2 6],46,66,68,20,66
1,<environment.Job instance at 0x14e65edfc370>,31,2,[9 1],48,68,70,20,66
1,<environment.Job instance at 0x14e65edfc5f0>,32,2,[8 1],50,70,72,20,66
1,<environment.Job instance at 0x14e65edfc910>,33,1,[ 1 10],53,68,69,15,66
1,<environment.Job instance at 0x14e65edfc0f0>,34,1,[8 1],54,72,73,18,66
1,<environment.Job instance at 0x14e65f013320>,35,1,[8 1],55,73,74,18,66
1,<environment.Job instance at 0x14e69a2a4c80>,45,1,[8 2],74,85,86,11,85
1,<environment.Job instance at 0x14e69fc88c30>,52,1,[2 7],88,95,96,7,95
1,<environment.Job instance at 0x14e65f65dd20>,53,2,[2 5],89,95,97,6,95
1,<environment.Job instance at 0x14e65ef7b9b0>,55,1,[10  2],91,95,96,4,95
1,<environment.Job instance at 0x14e699fba9b0>,59,12,[8 1],97,118,130,21,118
1,<environment.Job instance at 0x14e65ead70a0>,60,2,[6 2],98,118,120,20,118
1,<environment.Job instance at 0x14e69a071a50>,62,13,[8 1],104,130,143,26,121
1,<environment.Job instance at 0x14e69a071af0>,63,2,[2 6],105,121,123,16,121
1,<environment.Job instance at 0x14e69a0b4910>,72,2,[13  1],118,197,199,79,197
1,<environment.Job instance at 0x14e699fda8c0>,73,2,[1 7],119,197,199,78,197
1,<environment.Job instance at 0x14e69a078780>,74,3,[6 2],120,199,202,79,197
1,<environment.Job instance at 0x14e65edfe500>,77,1,[1 5],125,197,198,72,197
1,<environment.Job instance at 0x14e65efc7aa0>,79,17,[6 1],128,199,216,71,197
1,<environment.Job instance at 0x14e65f54e910>,80,21,[2 6],129,199,220,70,197
1,<environment.Job instance at 0x14e65f1710a0>,5,1,[7 2],8,202,203,194,198
1,<environment.Job instance at 0x14e65ededb90>,89,16,[7 1],141,219,235,78,219
1,<environment.Job instance at 0x14e69fd563c0>,91,2,[1 8],143,219,221,76,219
1,<environment.Job instance at 0x14e69ac2b640>,83,2,[5 2],133,220,222,87,219
1,<environment.Job instance at 0x14e65edfc050>,28,2,[6 2],43,222,224,179,219
1,<environment.Job instance at 0x14e6a0c46550>,94,15,[7 2],148,224,239,76,219
1,<environment.Job instance at 0x14e6a0c46910>,95,13,[9 1],149,239,252,90,223
1,<environment.Job instance at 0x14e6a0c46410>,96,2,[1 6],150,223,225,73,223
1,<environment.Job instance at 0x14e6a0c46be0>,97,24,[9 2],151,252,276,101,247
1,<environment.Job instance at 0x14e6a0c467d0>,93,15,[2 9],147,247,262,100,247
1,<environment.Job instance at 0x14e69f2e2b40>,99,14,[2 8],154,262,276,108,247
1,<environment.Job instance at 0x14e69fd56e60>,92,2,[ 1 10],146,276,278,130,249
1,<environment.Job instance at 0x14e69f2e2b90>,100,2,[6 2],155,276,278,121,250
1,<environment.Job instance at 0x14e69f2e27d0>,101,16,[5 1],158,276,292,118,263
1,<environment.Job instance at 0x14e65f4d5690>,110,2,[1 5],169,263,265,94,263
1,<environment.Job instance at 0x14e65f4d5500>,111,2,[6 1],170,278,280,108,263
1,<environment.Job instance at 0x14e65f4d5b90>,108,2,[7 2],167,280,282,113,264
1,<environment.Job instance at 0x14e69f3a4c30>,113,17,[8 1],173,282,299,109,279
1,<environment.Job instance at 0x14e6a1705230>,120,2,[1 9],187,281,283,94,281
1,<environment.Job instance at 0x14e6a1705820>,121,3,[2 6],188,283,286,95,281
1,<environment.Job instance at 0x14e6a17054b0>,122,2,[5 2],189,292,294,103,281
1,<environment.Job instance at 0x14e65f171820>,6,3,[ 2 10],10,300,303,290,300
1,<environment.Job instance at 0x14e69f3a49b0>,118,1,[2 5],182,302,303,120,302
1,<environment.Job instance at 0x14e6a0c46690>,98,2,[8 2],153,304,306,151,304
1,<environment.Job instance at 0x14e69f3a4be0>,117,2,[6 2],181,307,309,126,307
1,<environment.Job instance at 0x14e6a16fe500>,2,1,[2 5],4,5,6,1,5
1,<environment.Job instance at 0x14e65f40ee60>,3,2,[5 1],5,5,7,0,5
1,<environment.Job instance at 0x14e6a16fe7d0>,5,1,[9 1],7,7,8,0,7
1,<environment.Job instance at 0x14e6a16fe230>,7,1,[7 1],10,10,11,0,10
1,<environment.Job instance at 0x14e6a1fd6320>,9,23,[2 9],12,12,35,0,12
1,<environment.Job instance at 0x14e69ac6fbe0>,22,1,[8 1],36,36,37,0,36
1,<environment.Job instance at 0x14e69ac6f910>,27,12,[7 1],41,41,53,0,41
1,<environment.Job instance at 0x14e69ac6f690>,28,3,[10  1],42,53,56,11,42
1,<environment.Job instance at 0x14e69ac6f5f0>,29,3,[7 1],43,43,46,0,43
1,<environment.Job instance at 0x14e69ac6f3c0>,30,2,[2 8],45,46,48,1,45
1,<environment.Job instance at 0x14e699fdb370>,34,1,[2 9],49,236,237,187,236
1,<environment.Job instance at 0x14e69fcb5280>,49,1,[9 2],77,238,239,161,238
1,<environment.Job instance at 0x14e699fdb0a0>,33,3,[2 9],48,239,242,191,239
1,<environment.Job instance at 0x14e69fcb5a00>,51,18,[2 7],79,242,260,163,239
1,<environment.Job instance at 0x14e69fcb51e0>,53,3,[6 2],85,250,253,165,250
1,<environment.Job instance at 0x14e69fcb5870>,57,1,[8 2],89,268,269,179,268
1,<environment.Job instance at 0x14e69fcb57d0>,58,1,[1 6],90,268,269,178,268
1,<environment.Job instance at 0x14e65ecdd190>,59,2,[1 8],91,269,271,178,268
1,<environment.Job instance at 0x14e65e9f2e60>,62,1,[5 1],94,308,309,214,308
1,<environment.Job instance at 0x14e69fcb5f50>,55,2,[5 2],87,314,316,227,314
1,<environment.Job instance at 0x14e65e9f2460>,63,2,[2 7],95,316,318,221,316
1,<environment.Job instance at 0x14e65f6ab870>,65,1,[1 8],97,316,317,219,316
1,<environment.Job instance at 0x14e65f6ab050>,66,2,[10  2],98,317,319,219,316
1,<environment.Job instance at 0x14e65f6ab4b0>,67,1,[9 2],99,319,320,220,316
1,<environment.Job instance at 0x14e65f6ab730>,69,1,[10  1],102,336,337,234,336
1,<environment.Job instance at 0x14e65f6ab1e0>,70,23,[5 2],104,348,371,244,348
1,<environment.Job instance at 0x14e65e9f2dc0>,64,2,[9 1],96,352,354,256,352
1,<environment.Job instance at 0x14e65f6ab960>,73,17,[2 6],108,358,375,250,358
1,<environment.Job instance at 0x14e65f6abc30>,75,17,[1 9],111,371,388,260,366
1,<environment.Job instance at 0x14e699fdba00>,35,3,[1 8],54,388,391,334,368
1,<environment.Job instance at 0x14e65f6abf50>,76,3,[ 2 12],112,391,394,279,368
1,<environment.Job instance at 0x14e65ee8eaf0>,78,18,[2 9],114,416,434,302,416
1,<environment.Job instance at 0x14e65f6f7730>,84,2,[2 7],122,434,436,312,419
1,<environment.Job instance at 0x14e65ee6fd20>,86,1,[10  2],125,419,420,294,419
1,<environment.Job instance at 0x14e65ee6f460>,88,1,[9 2],129,420,421,291,419
1,<environment.Job instance at 0x14e65f566500>,91,1,[ 1 10],136,491,492,355,491
1,<environment.Job instance at 0x14e69a1f30f0>,87,2,[ 1 10],128,496,498,368,496
1,<environment.Job instance at 0x14e69a2e1af0>,92,1,[2 6],137,498,499,361,498
1,<environment.Job instance at 0x14e65ebab0f0>,95,12,[1 9],141,499,511,358,499
1,<environment.Job instance at 0x14e65ebab640>,96,1,[7 2],142,499,500,357,499
1,<environment.Job instance at 0x14e65ef5e3c0>,97,12,[1 5],143,500,512,357,499
1,<environment.Job instance at 0x14e65ef5ec30>,98,2,[1 9],144,511,513,367,499
1,<environment.Job instance at 0x14e65f316cd0>,99,1,[5 1],145,499,500,354,499
1,<environment.Job instance at 0x14e65f014dc0>,100,3,[6 2],147,512,515,365,499
1,<environment.Job instance at 0x14e65f60a2d0>,101,2,[2 7],148,513,515,365,499
1,<environment.Job instance at 0x14e65f60aaa0>,103,3,[2 8],151,518,521,367,518
1,<environment.Job instance at 0x14e65f60a730>,104,26,[2 6],152,518,544,366,518
1,<environment.Job instance at 0x14e65f60a140>,105,1,[2 6],153,521,522,368,518
1,<environment.Job instance at 0x14e65ee5ab40>,93,1,[2 6],138,545,546,407,545
1,<environment.Job instance at 0x14e65edb5c30>,109,1,[ 2 10],157,546,547,389,546
1,<environment.Job instance at 0x14e69abd4370>,108,14,[1 5],156,550,564,394,550
1,<environment.Job instance at 0x14e69fcb54b0>,52,14,[13  1],83,560,574,477,560
1,<environment.Job instance at 0x14e65eee62d0>,115,3,[8 2],165,574,577,409,573
1,<environment.Job instance at 0x14e65eee6a50>,116,3,[1 7],166,575,578,409,575
1,<environment.Job instance at 0x14e65eee66e0>,117,2,[9 2],167,579,581,412,579
1,<environment.Job instance at 0x14e65f3bf5a0>,118,2,[7 1],168,581,583,413,579
1,<environment.Job instance at 0x14e65f3bfbe0>,119,1,[1 6],169,579,580,410,579
1,<environment.Job instance at 0x14e65eee6780>,114,21,[2 7],164,583,604,419,583
1,<environment.Job instance at 0x14e69ab42f50>,112,12,[1 9],162,604,616,442,588
1,<environment.Job instance at 0x14e65f6aba00>,77,12,[11  1],113,589,601,476,589
1,<environment.Job instance at 0x14e65f6224b0>,122,13,[1 6],172,598,611,426,598
1,<environment.Job instance at 0x14e65f622190>,124,15,[7 2],174,611,626,437,605
1,<environment.Job instance at 0x14e65f6229b0>,126,16,[2 7],180,616,632,436,613
1,<environment.Job instance at 0x14e65f622140>,125,2,[1 6],177,630,632,453,630
1,<environment.Job instance at 0x14e65f622690>,128,2,[2 8],185,632,634,447,630
1,<environment.Job instance at 0x14e699fdb0f0>,32,3,[13  1],47,636,639,589,636
1,<environment.Job instance at 0x14e65f622460>,130,21,[1 5],189,640,661,451,640
1,<environment.Job instance at 0x14e65f622780>,127,3,[ 2 13],184,661,664,477,642
1,<environment.Job instance at 0x14e65f622550>,123,3,[5 1],173,652,655,479,652
1,<environment.Job instance at 0x14e65f3bfdc0>,120,27,[2 7],170,805,832,635,805
1,<environment.Job instance at 0x14e65f5faa50>,15,2,[1 8],19,21,23,2,21
1,<environment.Job instance at 0x14e65f5fae10>,18,1,[1 7],22,22,23,0,22
1,<environment.Job instance at 0x14e65f5faf50>,19,2,[7 1],23,23,25,0,23
1,<environment.Job instance at 0x14e69a13d820>,26,1,[2 7],33,33,34,0,33
1,<environment.Job instance at 0x14e69a13daf0>,28,1,[2 9],36,37,38,1,37
1,<environment.Job instance at 0x14e69a13d320>,23,3,[1 9],28,38,41,10,38
1,<environment.Job instance at 0x14e69a13dc30>,29,1,[ 1 10],38,41,42,3,38
1,<environment.Job instance at 0x14e69a138370>,34,22,[2 8],44,45,67,1,45
1,<environment.Job instance at 0x14e69a1387d0>,40,18,[1 6],54,55,73,1,55
1,<environment.Job instance at 0x14e69a138730>,37,2,[ 1 12],47,73,75,26,56
1,<environment.Job instance at 0x14e69a138d70>,43,1,[ 1 10],57,75,76,18,57
1,<environment.Job instance at 0x14e69a138eb0>,44,1,[10  2],58,67,68,9,58
1,<environment.Job instance at 0x14e69a138be0>,45,16,[5 1],59,68,84,9,59
1,<environment.Job instance at 0x14e65f5c5c30>,46,3,[6 1],60,60,63,0,60
1,<environment.Job instance at 0x14e69a1388c0>,41,3,[10  2],55,76,79,21,64
1,<environment.Job instance at 0x14e69a138780>,39,1,[10  2],49,79,80,30,77
1,<environment.Job instance at 0x14e65f5eecd0>,57,3,[8 1],77,80,83,3,77
1,<environment.Job instance at 0x14e69f377050>,58,1,[6 1],78,83,84,5,78
1,<environment.Job instance at 0x14e65efdf460>,59,3,[6 1],79,84,87,5,79
1,<environment.Job instance at 0x14e65f5ee190>,60,3,[9 1],80,84,87,4,80
1,<environment.Job instance at 0x14e65ee6afa0>,63,1,[10  2],85,87,88,2,85
1,<environment.Job instance at 0x14e65ee7b370>,64,1,[5 1],86,87,88,1,87
1,<environment.Job instance at 0x14e69a259370>,66,2,[5 1],88,88,90,0,88
1,<environment.Job instance at 0x14e69a259c80>,68,2,[2 8],92,92,94,0,92
1,<environment.Job instance at 0x14e69a263550>,69,1,[ 1 10],93,94,95,1,93
1,<environment.Job instance at 0x14e69a24a190>,71,3,[8 2],96,96,99,0,96
1,<environment.Job instance at 0x14e69a2390a0>,72,1,[2 8],97,97,98,0,97
1,<environment.Job instance at 0x14e69a239960>,73,1,[5 1],98,98,99,0,98
1,<environment.Job instance at 0x14e69a239af0>,74,3,[5 1],99,99,102,0,99
1,<environment.Job instance at 0x14e65f1f6870>,81,15,[5 2],112,137,152,25,137
1,<environment.Job instance at 0x14e65f4a7370>,84,1,[10  1],115,139,140,24,139
1,<environment.Job instance at 0x14e65f4a7230>,85,2,[5 1],116,140,142,24,140
1,<environment.Job instance at 0x14e65f4a7910>,86,1,[1 6],117,140,141,23,140
1,<environment.Job instance at 0x14e65f5eea50>,56,3,[2 6],76,165,168,89,165
1,<environment.Job instance at 0x14e65f5ee550>,55,14,[7 1],75,195,209,120,195
1,<environment.Job instance at 0x14e65f4a85f0>,100,3,[6 2],142,668,671,526,668
1,<environment.Job instance at 0x14e65f4a86e0>,109,15,[10  2],154,696,711,542,696
1,<environment.Job instance at 0x14e65f4a81e0>,110,3,[7 2],156,830,833,674,830
1,<environment.Job instance at 0x14e69a233820>,65,3,[1 8],87,1302,1305,1215,1302
1,<environment.Job instance at 0x14e65f4945f0>,111,16,[1 8],157,1318,1334,1161,1318
1,<environment.Job instance at 0x14e65f494690>,113,1,[2 9],161,1340,1341,1179,1340
1,<environment.Job instance at 0x14e65f494370>,114,1,[5 2],162,1347,1348,1185,1347
1,<environment.Job instance at 0x14e65f494c30>,115,3,[6 2],163,1433,1436,1270,1433
1,<environment.Job instance at 0x14e65f494cd0>,116,18,[1 7],164,1483,1501,1319,1483
1,<environment.Job instance at 0x14e65f494230>,117,16,[9 1],166,1506,1522,1340,1506
1,<environment.Job instance at 0x14e65f494640>,118,1,[1 9],167,1569,1570,1402,1569
1,<environment.Job instance at 0x14e65f494320>,119,1,[8 1],168,1671,1672,1503,1671
1,<environment.Job instance at 0x14e65f494f00>,120,2,[9 1],170,1818,1820,1648,1818
1,<environment.Job instance at 0x14e65f494be0>,121,1,[1 6],171,1821,1822,1650,1821
1,<environment.Job instance at 0x14e65f494e60>,122,2,[1 5],172,1936,1938,1764,1936
1,<environment.Job instance at 0x14e65f494820>,123,3,[6 1],173,2059,2062,1886,2059
1,<environment.Job instance at 0x14e65f494500>,124,16,[6 2],174,2062,2078,1888,2062
1,<environment.Job instance at 0x14e65f494a00>,125,2,[1 7],176,2083,2085,1907,2083
1,<environment.Job instance at 0x14e65f494c80>,126,3,[1 6],177,2200,2203,2023,2200
1,<environment.Job instance at 0x14e65f4a73c0>,92,12,[2 8],127,2268,2280,2141,2268
1,<environment.Job instance at 0x14e65f494280>,127,1,[7 1],178,2298,2299,2120,2298
1,<environment.Job instance at 0x14e65f497280>,129,1,[ 2 10],181,2299,2300,2118,2299
1,<environment.Job instance at 0x14e65f497370>,130,14,[10  2],182,2323,2337,2141,2323
1,<environment.Job instance at 0x14e65f497190>,131,1,[2 8],183,2366,2367,2183,2366
1,<environment.Job instance at 0x14e65f497820>,132,3,[7 2],184,2444,2447,2260,2444
1,<environment.Job instance at 0x14e65f497e60>,133,1,[2 8],185,2494,2495,2309,2494
1,<environment.Job instance at 0x14e65f497a00>,134,3,[2 7],186,2695,2698,2509,2695
1,<environment.Job instance at 0x14e65f4979b0>,135,1,[10  2],187,2715,2716,2528,2715
1,<environment.Job instance at 0x14e69aec83c0>,1,1,[11  2],2,3,4,1,3
1,<environment.Job instance at 0x14e65f4970a0>,3,2,[2 9],4,6,8,2,6
1,<environment.Job instance at 0x14e65efdd0a0>,7,3,[9 1],9,10,13,1,10
1,<environment.Job instance at 0x14e65efdfb90>,9,1,[7 1],11,13,14,2,11
1,<environment.Job instance at 0x14e65efdf140>,13,1,[7 1],18,21,22,3,21
1,<environment.Job instance at 0x14e65efdf050>,17,3,[8 1],26,94,97,68,94
1,<environment.Job instance at 0x14e65efcc640>,19,2,[5 1],29,103,105,74,103
1,<environment.Job instance at 0x14e65efcc7d0>,21,22,[1 7],32,107,129,75,107
1,<environment.Job instance at 0x14e65efdfeb0>,11,3,[10  1],15,119,122,104,119
1,<environment.Job instance at 0x14e65efccf00>,23,28,[2 9],36,129,157,93,128
1,<environment.Job instance at 0x14e65efcc690>,26,1,[2 7],39,128,129,89,128
1,<environment.Job instance at 0x14e65efccf50>,28,1,[7 1],41,129,130,88,129
1,<environment.Job instance at 0x14e65efcc730>,31,1,[2 7],45,157,158,112,129
1,<environment.Job instance at 0x14e65efcce60>,33,1,[10  1],47,202,203,155,202
1,<environment.Job instance at 0x14e65efdae10>,34,1,[6 2],48,203,204,155,202
1,<environment.Job instance at 0x14e65efdaa00>,36,3,[ 1 10],50,219,222,169,219
1,<environment.Job instance at 0x14e65efcc910>,24,3,[8 1],37,234,237,197,234
1,<environment.Job instance at 0x14e65efda140>,39,3,[1 7],56,242,245,186,242
1,<environment.Job instance at 0x14e65efda820>,40,1,[5 1],58,242,243,184,242
1,<environment.Job instance at 0x14e65efda1e0>,41,22,[5 2],59,244,266,185,244
1,<environment.Job instance at 0x14e65efda370>,42,1,[5 1],60,244,245,184,244
1,<environment.Job instance at 0x14e65efdacd0>,43,2,[1 6],62,245,247,183,245
1,<environment.Job instance at 0x14e65efda460>,45,1,[ 1 11],66,252,253,186,252
1,<environment.Job instance at 0x14e65efdad70>,38,2,[1 9],52,277,279,225,277
1,<environment.Job instance at 0x14e65ee43a50>,47,19,[7 2],68,287,306,219,287
1,<environment.Job instance at 0x14e65ee43320>,50,1,[2 6],71,337,338,266,337
1,<environment.Job instance at 0x14e65ee43870>,48,13,[5 2],69,350,363,281,350
1,<environment.Job instance at 0x14e65ee438c0>,52,1,[2 5],73,350,351,277,350
1,<environment.Job instance at 0x14e65ee439b0>,55,25,[7 2],78,359,384,281,359
1,<environment.Job instance at 0x14e65ee436e0>,53,17,[1 8],75,359,376,284,359
1,<environment.Job instance at 0x14e65ee43be0>,56,1,[ 2 10],79,376,377,297,359
1,<environment.Job instance at 0x14e65ee43fa0>,58,3,[1 6],81,377,380,296,359
1,<environment.Job instance at 0x14e65ee43cd0>,57,3,[2 9],80,382,385,302,382
1,<environment.Job instance at 0x14e65ee43dc0>,60,2,[ 1 10],83,385,387,302,385
1,<environment.Job instance at 0x14e65ee43e60>,61,1,[2 9],84,398,399,314,398
1,<environment.Job instance at 0x14e65ee43b40>,62,21,[10  1],85,399,420,314,399
1,<environment.Job instance at 0x14e65ee43190>,63,14,[1 8],87,414,428,327,414
1,<environment.Job instance at 0x14e65efdd8c0>,8,15,[14  1],10,477,492,467,477
1,<environment.Job instance at 0x14e65ee43370>,64,3,[7 2],88,492,495,404,487
1,<environment.Job instance at 0x14e65efc2640>,73,3,[6 1],100,497,500,397,497
1,<environment.Job instance at 0x14e65efc2eb0>,74,3,[8 2],103,502,505,399,502
1,<environment.Job instance at 0x14e65efc2e60>,75,18,[7 1],105,502,520,397,502
1,<environment.Job instance at 0x14e65ee43af0>,59,18,[ 1 12],82,505,523,423,502
1,<environment.Job instance at 0x14e65efc2e10>,77,1,[1 6],107,523,524,416,502
1,<environment.Job instance at 0x14e65efec0f0>,78,2,[8 1],108,520,522,412,502
1,<environment.Job instance at 0x14e65efecfa0>,79,2,[1 7],109,523,525,414,502
1,<environment.Job instance at 0x14e65efecb90>,80,2,[7 2],110,505,507,395,502
1,<environment.Job instance at 0x14e65efecdc0>,81,2,[7 1],111,507,509,396,502
1,<environment.Job instance at 0x14e65efec780>,82,1,[ 2 12],112,525,526,413,502
1,<environment.Job instance at 0x14e65efec7d0>,83,2,[ 1 10],113,526,528,413,502
1,<environment.Job instance at 0x14e65efec820>,84,13,[6 1],114,509,522,395,502
1,<environment.Job instance at 0x14e65efec640>,85,2,[1 5],115,526,528,411,502
1,<environment.Job instance at 0x14e65efec910>,86,2,[6 1],116,522,524,406,502
1,<environment.Job instance at 0x14e65efec690>,87,3,[2 8],117,528,531,411,502
1,<environment.Job instance at 0x14e65efec4b0>,88,3,[1 7],118,528,531,410,502
1,<environment.Job instance at 0x14e65ee6a460>,89,3,[1 8],120,531,534,411,505
1,<environment.Job instance at 0x14e65ee6ae60>,90,3,[7 1],122,522,525,400,505
1,<environment.Job instance at 0x14e65ee6a820>,93,1,[ 2 10],127,534,535,407,506
1,<environment.Job instance at 0x14e65efc2f50>,72,1,[5 1],99,524,525,425,507
1,<environment.Job instance at 0x14e65ee645f0>,97,21,[5 2],134,531,552,397,523
1,<environment.Job instance at 0x14e65efdf0f0>,12,3,[ 1 10],17,535,538,518,523
1,<environment.Job instance at 0x14e65ee64460>,104,2,[8 2],143,531,533,388,523
1,<environment.Job instance at 0x14e65ee645a0>,96,2,[1 5],132,538,540,406,523
1,<environment.Job instance at 0x14e69f35caf0>,105,3,[6 2],145,533,536,388,523
1,<environment.Job instance at 0x14e69f35c9b0>,108,2,[6 2],150,536,538,386,523
1,<environment.Job instance at 0x14e69f35c6e0>,107,3,[10  2],147,540,543,393,523
1,<environment.Job instance at 0x14e69f35c730>,110,2,[8 2],152,538,540,386,523
1,<environment.Job instance at 0x14e69f35c140>,112,3,[7 2],155,543,546,388,524
1,<environment.Job instance at 0x14e69f35c1e0>,113,2,[6 2],157,546,548,389,525
1,<environment.Job instance at 0x14e69f35c870>,114,2,[7 1],158,548,550,390,525
1,<environment.Job instance at 0x14e69f35c8c0>,115,1,[1 7],159,543,544,384,525
1,<environment.Job instance at 0x14e69f35c370>,116,1,[5 2],161,525,526,364,525
1,<environment.Job instance at 0x14e69f35c280>,111,3,[7 1],154,550,553,396,525
1,<environment.Job instance at 0x14e69f35c4b0>,118,2,[5 1],164,552,554,388,525
1,<environment.Job instance at 0x14e69f35c460>,119,16,[1 5],167,544,560,377,531
1,<environment.Job instance at 0x14e69f35ca50>,122,3,[9 1],170,553,556,383,532
1,<environment.Job instance at 0x14e69f35c820>,117,3,[10  1],162,556,559,394,532
1,<environment.Job instance at 0x14e69f35cf00>,124,3,[5 1],175,559,562,384,533
1,<environment.Job instance at 0x14e69f35cb40>,123,3,[9 2],173,559,562,386,533
1,<environment.Job instance at 0x14e69f35cbe0>,126,12,[9 1],177,562,574,385,545
1,<environment.Job instance at 0x14e69f35c780>,127,1,[2 7],178,548,549,370,545
1,<environment.Job instance at 0x14e69f35cc30>,128,17,[2 7],180,562,579,382,551
1,<environment.Job instance at 0x14e65ef3c280>,129,15,[ 2 10],181,664,679,483,664
1,<environment.Job instance at 0x14e65f5eed70>,131,13,[7 1],185,679,692,494,679
1,<environment.Job instance at 0x14e65eda3500>,132,15,[2 6],186,786,801,600,786
1,<environment.Job instance at 0x14e65efe6d70>,133,12,[2 6],187,939,951,752,939
1,<environment.Job instance at 0x14e65ee64730>,102,2,[2 9],139,1178,1180,1039,1178
1,<environment.Job instance at 0x14e65f7137d0>,0,1,[9 2],1,4,5,3,4
1,<environment.Job instance at 0x14e65f713cd0>,3,2,[2 8],5,5,7,0,5
1,<environment.Job instance at 0x14e65ee64190>,4,1,[10  2],6,6,7,0,6
1,<environment.Job instance at 0x14e69fd07d20>,5,1,[12  1],8,8,9,0,8
1,<environment.Job instance at 0x14e69fd07f50>,6,25,[1 7],9,9,34,0,9
1,<environment.Job instance at 0x14e69fd07be0>,8,2,[8 1],13,13,15,0,13
1,<environment.Job instance at 0x14e69fced280>,9,1,[ 1 11],14,34,35,20,14
1,<environment.Job instance at 0x14e69fced460>,11,1,[ 2 10],19,35,36,16,19
1,<environment.Job instance at 0x14e69fcedd70>,18,1,[2 8],28,28,29,0,28
1,<environment.Job instance at 0x14e69fcedeb0>,19,3,[1 6],29,29,32,0,29
1,<environment.Job instance at 0x14e69fceddc0>,20,26,[1 7],30,36,62,6,33
1,<environment.Job instance at 0x14e69fd125f0>,25,20,[6 1],35,54,74,19,54
1,<environment.Job instance at 0x14e69fd120a0>,23,2,[8 1],33,54,56,21,54
1,<environment.Job instance at 0x14e69fd12be0>,37,3,[13  1],52,74,77,22,55
1,<environment.Job instance at 0x14e69fd12f50>,38,3,[ 2 10],53,62,65,9,60
1,<environment.Job instance at 0x14e65f40fcd0>,44,3,[1 9],61,65,68,4,61
1,<environment.Job instance at 0x14e65f40fe10>,45,1,[5 1],62,62,63,0,62
1,<environment.Job instance at 0x14e65f41e410>,49,2,[2 7],72,72,74,0,72
1,<environment.Job instance at 0x14e65f41e550>,50,1,[9 2],74,77,78,3,74
1,<environment.Job instance at 0x14e69fd12870>,28,3,[2 8],39,254,257,215,254
1,<environment.Job instance at 0x14e69fd12910>,29,1,[8 1],40,336,337,296,336
1,<environment.Job instance at 0x14e65f40a460>,69,16,[5 2],103,571,587,468,571
1,<environment.Job instance at 0x14e65f40a8c0>,71,1,[2 6],105,587,588,482,587
1,<environment.Job instance at 0x14e65f40aaf0>,72,26,[1 6],106,612,638,506,612
1,<environment.Job instance at 0x14e65f40aa00>,73,2,[8 1],107,674,676,567,674
1,<environment.Job instance at 0x14e65f40a820>,74,2,[6 1],108,734,736,626,734
1,<environment.Job instance at 0x14e65f40abe0>,75,3,[7 2],110,833,836,723,833
1,<environment.Job instance at 0x14e65f40ac80>,76,3,[2 6],111,960,963,849,960
1,<environment.Job instance at 0x14e65f40aeb0>,78,2,[5 2],114,961,963,847,961
1,<environment.Job instance at 0x14e65f40ad70>,77,1,[ 2 10],112,963,964,851,961
1,<environment.Job instance at 0x14e65f40adc0>,79,1,[7 2],115,975,976,860,975
1,<environment.Job instance at 0x14e65f40d050>,81,3,[1 6],117,979,982,862,979
1,<environment.Job instance at 0x14e65f40a500>,65,3,[13  1],97,982,985,885,982
1,<environment.Job instance at 0x14e65f40d1e0>,82,2,[2 7],118,1000,1002,882,1000
1,<environment.Job instance at 0x14e69aef8fa0>,84,14,[6 1],120,1011,1025,891,1011
1,<environment.Job instance at 0x14e65f40af00>,80,15,[10  2],116,1031,1046,915,1031
1,<environment.Job instance at 0x14e65f125eb0>,85,12,[2 9],121,1035,1047,914,1035
1,<environment.Job instance at 0x14e69fcf52d0>,92,2,[2 5],135,1051,1053,916,1051
1,<environment.Job instance at 0x14e69fcf58c0>,93,2,[1 6],136,1052,1054,916,1052
1,<environment.Job instance at 0x14e65f1399b0>,89,3,[1 8],130,2470,2473,2340,2470
1,<environment.Job instance at 0x14e69fcf5be0>,99,25,[ 2 14],143,2494,2519,2351,2494
1,<environment.Job instance at 0x14e65f403f00>,2,1,[10  2],3,3,4,0,3
1,<environment.Job instance at 0x14e69f390190>,19,23,[10  2],28,57,80,29,57
1,<environment.Job instance at 0x14e699fdb2d0>,13,15,[5 1],21,110,125,89,110
1,<environment.Job instance at 0x14e65f38f3c0>,22,2,[5 1],33,201,203,168,201
1,<environment.Job instance at 0x14e65f38f690>,23,1,[8 2],35,210,211,175,210
1,<environment.Job instance at 0x14e65efa30f0>,24,25,[2 7],37,216,241,179,216
1,<environment.Job instance at 0x14e65eda5280>,25,3,[1 7],39,320,323,281,320
1,<environment.Job instance at 0x14e65e98be10>,26,19,[8 1],42,326,345,284,326
1,<environment.Job instance at 0x14e6a0c61280>,27,3,[10  2],44,345,348,301,344
1,<environment.Job instance at 0x14e6a0c61640>,28,1,[9 1],45,358,359,313,358
1,<environment.Job instance at 0x14e6a0c61c80>,29,2,[8 2],46,365,367,319,365
1,<environment.Job instance at 0x14e65eaeb410>,6,3,[14  2],8,367,370,359,365
1,<environment.Job instance at 0x14e6a12dd230>,14,3,[5 2],22,370,373,348,365
1,<environment.Job instance at 0x14e65f1b6e60>,32,2,[2 7],49,365,367,316,365
1,<environment.Job instance at 0x14e69a1f97d0>,34,1,[1 7],53,367,368,314,365
1,<environment.Job instance at 0x14e69f3c2d20>,31,1,[2 6],48,370,371,322,367
1,<environment.Job instance at 0x14e69a2d6be0>,35,3,[6 2],54,370,373,316,367
1,<environment.Job instance at 0x14e65f3530f0>,38,3,[8 1],57,373,376,316,367
1,<environment.Job instance at 0x14e65f353910>,39,3,[5 1],58,373,376,315,367
1,<environment.Job instance at 0x14e69c21f500>,40,2,[9 1],59,376,378,317,367
1,<environment.Job instance at 0x14e65f6ca050>,41,3,[7 1],61,378,381,317,367
1,<environment.Job instance at 0x14e69af0df00>,42,1,[1 9],64,368,369,304,367
1,<environment.Job instance at 0x14e65ee12f50>,43,14,[7 1],65,378,392,313,369
1,<environment.Job instance at 0x14e65ee12910>,45,3,[6 2],68,381,384,313,370
1,<environment.Job instance at 0x14e65ee12a50>,46,3,[6 1],70,384,387,314,370
1,<environment.Job instance at 0x14e65f324820>,48,3,[7 2],76,387,390,311,370
1,<environment.Job instance at 0x14e69a2d6cd0>,36,1,[8 2],55,392,393,337,392
1,<environment.Job instance at 0x14e69a149e60>,52,2,[7 1],83,394,396,311,394
1,<environment.Job instance at 0x14e69a149f00>,51,2,[8 1],80,416,418,336,416
1,<environment.Job instance at 0x14e699fe5d70>,56,1,[10  2],88,418,419,330,416
1,<environment.Job instance at 0x14e699fe5f50>,55,2,[6 1],87,419,421,332,419
1,<environment.Job instance at 0x14e65ea75550>,58,17,[5 1],94,419,436,325,419
1,<environment.Job instance at 0x14e65ea753c0>,59,2,[1 5],96,419,421,323,419
1,<environment.Job instance at 0x14e65ea750f0>,60,1,[7 2],100,421,422,321,419
1,<environment.Job instance at 0x14e65ea755f0>,63,1,[10  2],104,442,443,338,442
1,<environment.Job instance at 0x14e65ea75370>,62,1,[7 2],103,461,462,358,461
1,<environment.Job instance at 0x14e65ea4ab90>,67,2,[6 2],111,467,469,356,467
1,<environment.Job instance at 0x14e65ea751e0>,68,3,[14  1],112,469,472,357,469
1,<environment.Job instance at 0x14e65ea4afa0>,69,2,[2 7],115,472,474,357,469
1,<environment.Job instance at 0x14e65ea4a050>,70,18,[5 1],118,472,490,354,469
1,<environment.Job instance at 0x14e65ea4a320>,71,3,[6 2],120,477,480,357,477
1,<environment.Job instance at 0x14e65f377be0>,72,2,[10  2],121,484,486,363,484
1,<environment.Job instance at 0x14e65f3779b0>,74,13,[1 7],124,486,499,362,484
1,<environment.Job instance at 0x14e65f3772d0>,75,3,[1 9],125,499,502,374,484
1,<environment.Job instance at 0x14e65f377cd0>,78,22,[7 2],128,494,516,366,494
1,<environment.Job instance at 0x14e65f377550>,76,3,[8 2],126,527,530,401,527
1,<environment.Job instance at 0x14e65f377a00>,83,21,[2 7],135,536,557,401,536
1,<environment.Job instance at 0x14e65f377230>,82,2,[ 2 10],133,557,559,424,544
1,<environment.Job instance at 0x14e698f372d0>,86,2,[6 2],139,555,557,416,555
1,<environment.Job instance at 0x14e698f37d20>,91,2,[5 1],146,558,560,412,558
1,<environment.Job instance at 0x14e698f370f0>,92,1,[8 1],147,558,559,411,558
1,<environment.Job instance at 0x14e698f37f00>,93,3,[2 9],148,559,562,411,558
1,<environment.Job instance at 0x14e698f37640>,94,18,[2 5],149,559,577,410,558
1,<environment.Job instance at 0x14e698f37dc0>,95,21,[1 8],150,562,583,412,558
1,<environment.Job instance at 0x14e698f378c0>,96,1,[6 1],151,560,561,409,558
1,<environment.Job instance at 0x14e698f37550>,89,3,[1 7],143,580,583,437,580
1,<environment.Job instance at 0x14e698f37500>,98,21,[10  2],154,583,604,429,582
1,<environment.Job instance at 0x14e698f37aa0>,99,15,[9 1],155,621,636,466,621
1,<environment.Job instance at 0x14e699b96d70>,104,3,[2 6],163,633,636,470,633
1,<environment.Job instance at 0x14e699b96e10>,107,2,[9 2],166,636,638,470,635
1,<environment.Job instance at 0x14e699b96c30>,109,1,[1 5],169,635,636,466,635
1,<environment.Job instance at 0x14e699b961e0>,108,2,[2 8],167,636,638,469,635
1,<environment.Job instance at 0x14e699b96780>,110,1,[2 6],170,638,639,468,636
1,<environment.Job instance at 0x14e699b96c80>,112,1,[2 6],173,638,639,465,636
1,<environment.Job instance at 0x14e699b96320>,111,1,[5 1],171,645,646,474,645
1,<environment.Job instance at 0x14e699b96a50>,115,2,[5 2],177,653,655,476,653
1,<environment.Job instance at 0x14e69a0e8e10>,117,15,[8 1],179,656,671,477,656
1,<environment.Job instance at 0x14e69a0e84b0>,118,3,[1 8],180,664,667,484,664
1,<environment.Job instance at 0x14e69a0e8a50>,116,3,[ 2 13],178,667,670,489,666
1,<environment.Job instance at 0x14e69a0e8c30>,122,28,[7 2],185,717,745,532,717
1,<environment.Job instance at 0x14e69a0e8c80>,119,1,[7 2],181,717,718,536,717
1,<environment.Job instance at 0x14e69f391910>,124,13,[8 2],188,738,751,550,738
1,<environment.Job instance at 0x14e65f1b6500>,33,1,[1 7],50,745,746,695,744
1,<environment.Job instance at 0x14e65f38f370>,21,2,[13  2],32,769,771,737,769
1,<environment.Job instance at 0x14e69f3c2140>,30,2,[6 1],47,786,788,739,786
1,<environment.Job instance at 0x14e65f1a03c0>,1,18,[6 2],3,3,21,0,3
1,<environment.Job instance at 0x14e65f1a0be0>,6,2,[1 6],11,14,16,3,14
1,<environment.Job instance at 0x14e65ed45820>,45,1,[1 5],70,122,123,52,122
1,<environment.Job instance at 0x14e65ee6f050>,43,15,[7 1],67,123,138,56,123
1,<environment.Job instance at 0x14e65f2fd190>,13,19,[2 7],21,202,221,181,202
1,<environment.Job instance at 0x14e65f1a01e0>,7,1,[1 8],12,223,224,211,223
1,<environment.Job instance at 0x14e65ed45500>,52,2,[10  2],86,225,227,139,225
1,<environment.Job instance at 0x14e69a2816e0>,53,3,[2 9],87,243,246,156,243
1,<environment.Job instance at 0x14e69a281960>,54,2,[2 7],88,251,253,163,251
1,<environment.Job instance at 0x14e69a2819b0>,55,2,[9 2],89,264,266,175,264
1,<environment.Job instance at 0x14e69af23c80>,56,16,[6 2],90,265,281,175,265
1,<environment.Job instance at 0x14e69af230a0>,57,2,[6 2],91,283,285,192,283
1,<environment.Job instance at 0x14e69af23b90>,58,3,[2 9],92,302,305,210,302
1,<environment.Job instance at 0x14e69af231e0>,59,2,[10  2],93,310,312,217,310
1,<environment.Job instance at 0x14e65ed45870>,51,3,[2 7],84,320,323,236,320
1,<environment.Job instance at 0x14e69af233c0>,60,1,[10  2],95,330,331,235,330
1,<environment.Job instance at 0x14e65ed45e10>,46,1,[ 1 12],71,332,333,261,332
1,<environment.Job instance at 0x14e69af23870>,61,2,[1 9],96,351,353,255,351
1,<environment.Job instance at 0x14e69fd550f0>,62,15,[5 2],98,354,369,256,354
1,<environment.Job instance at 0x14e69abb4b90>,68,2,[8 1],105,361,363,256,361
1,<environment.Job instance at 0x14e65f166aa0>,67,3,[ 2 10],104,379,382,275,379
1,<environment.Job instance at 0x14e65f3c10f0>,69,3,[9 2],107,419,422,312,419
1,<environment.Job instance at 0x14e65f4740a0>,77,2,[8 1],122,429,431,307,429
1,<environment.Job instance at 0x14e69f390690>,78,3,[ 1 10],124,434,437,310,434
1,<environment.Job instance at 0x14e65e9ffaf0>,71,18,[6 1],111,450,468,339,450
1,<environment.Job instance at 0x14e65ed1baa0>,79,15,[9 2],126,465,480,339,465
1,<environment.Job instance at 0x14e65f398870>,83,1,[1 9],130,480,481,350,480
1,<environment.Job instance at 0x14e65eafe730>,84,18,[1 8],132,481,499,349,480
1,<environment.Job instance at 0x14e69a0a2370>,85,17,[7 1],133,518,535,385,518
1,<environment.Job instance at 0x14e69af351e0>,91,15,[6 2],141,522,537,381,522
1,<environment.Job instance at 0x14e65eafe1e0>,92,16,[1 5],144,542,558,398,542
1,<environment.Job instance at 0x14e65ef563c0>,96,15,[8 2],149,619,634,470,619
1,<environment.Job instance at 0x14e65ed9ec30>,110,2,[1 7],167,665,667,498,665
1,<environment.Job instance at 0x14e65ed9ed70>,109,3,[ 2 12],166,744,747,578,744
1,<environment.Job instance at 0x14e65ed9e9b0>,114,3,[7 2],173,749,752,576,749
1,<environment.Job instance at 0x14e65ed9e4b0>,115,1,[6 2],174,749,750,575,749
1,<environment.Job instance at 0x14e65ea52b90>,117,3,[9 1],178,756,759,578,756
1,<environment.Job instance at 0x14e69c213730>,111,2,[10  1],169,760,762,591,760
1,<environment.Job instance at 0x14e65ea52640>,119,19,[2 8],180,779,798,599,779
1,<environment.Job instance at 0x14e65ea52050>,120,22,[1 5],181,779,801,598,779
1,<environment.Job instance at 0x14e65ea52aa0>,121,2,[2 6],183,819,821,636,819
1,<environment.Job instance at 0x14e65f43cbe0>,82,3,[5 1],129,829,832,700,829
1,<environment.Job instance at 0x14e65ed45a00>,50,1,[13  1],83,832,833,749,832
1,<environment.Job instance at 0x14e65ed9ef00>,112,3,[1 5],171,978,981,807,978
1,<environment.Job instance at 0x14e69a0c82d0>,7,2,[6 1],14,14,16,0,14
1,<environment.Job instance at 0x14e69af252d0>,16,2,[7 2],26,26,28,0,26
1,<environment.Job instance at 0x14e69af25550>,17,2,[2 7],28,28,30,0,28
1,<environment.Job instance at 0x14e69af25690>,19,2,[1 8],31,31,33,0,31
1,<environment.Job instance at 0x14e69af25e10>,20,1,[2 6],32,32,33,0,32
1,<environment.Job instance at 0x14e69af25d20>,15,3,[ 1 10],24,45,48,21,45
1,<environment.Job instance at 0x14e65f1e4820>,31,1,[1 8],47,49,50,2,49
1,<environment.Job instance at 0x14e65f1e4cd0>,32,18,[5 1],48,96,114,48,96
1,<environment.Job instance at 0x14e69a034c80>,51,18,[5 1],83,194,212,111,194
1,<environment.Job instance at 0x14e65f1e4e60>,27,2,[6 2],42,220,222,178,220
1,<environment.Job instance at 0x14e65f1e4960>,36,3,[6 2],56,220,223,164,220
1,<environment.Job instance at 0x14e69a034e10>,58,1,[ 2 12],91,222,223,131,221
1,<environment.Job instance at 0x14e65f1e4050>,26,2,[10  2],41,223,225,182,221
1,<environment.Job instance at 0x14e65f738190>,63,1,[8 1],97,225,226,128,221
1,<environment.Job instance at 0x14e65f738780>,64,1,[5 1],98,222,223,124,221
1,<environment.Job instance at 0x14e65f738fa0>,65,1,[5 1],99,223,224,124,223
1,<environment.Job instance at 0x14e65f41b1e0>,59,3,[6 2],93,225,228,132,224
1,<environment.Job instance at 0x14e65f738280>,66,1,[10  2],100,228,229,128,224
1,<environment.Job instance at 0x14e65ebe7370>,68,2,[2 8],106,226,228,120,226
1,<environment.Job instance at 0x14e65f7386e0>,67,3,[5 2],105,226,229,121,226
1,<environment.Job instance at 0x14e65ebe7eb0>,69,3,[9 2],107,239,242,132,239
1,<environment.Job instance at 0x14e65f41b4b0>,60,1,[5 2],94,241,242,147,241
1,<environment.Job instance at 0x14e65ebe78c0>,74,3,[1 6],112,314,317,202,314
1,<environment.Job instance at 0x14e65f2415a0>,85,1,[2 7],125,315,316,190,315
1,<environment.Job instance at 0x14e69a05f500>,86,22,[6 2],126,315,337,189,315
1,<environment.Job instance at 0x14e65e98d9b0>,87,14,[ 2 10],128,358,372,230,358
1,<environment.Job instance at 0x14e65ed17eb0>,88,12,[1 6],129,390,402,261,390
1,<environment.Job instance at 0x14e65f3b2af0>,89,3,[2 7],131,516,519,385,516
1,<environment.Job instance at 0x14e69f3b3f00>,90,17,[1 5],132,516,533,384,516
1,<environment.Job instance at 0x14e69a05f870>,91,2,[2 9],133,521,523,388,521
1,<environment.Job instance at 0x14e65eaaa7d0>,92,18,[5 1],135,571,589,436,571
1,<environment.Job instance at 0x14e69fc88500>,93,1,[6 2],136,571,572,435,571
1,<environment.Job instance at 0x14e65ebe7d70>,75,3,[2 7],113,587,590,474,587
1,<environment.Job instance at 0x14e69fc88d70>,95,1,[7 1],138,589,590,451,589
1,<environment.Job instance at 0x14e69fc88a00>,94,18,[2 8],137,590,608,453,590
1,<environment.Job instance at 0x14e65f014cd0>,97,1,[6 2],140,600,601,460,600
1,<environment.Job instance at 0x14e65f7727d0>,96,17,[10  1],139,601,618,462,600
1,<environment.Job instance at 0x14e65ea98690>,98,14,[1 8],143,638,652,495,638
1,<environment.Job instance at 0x14e69a205730>,100,3,[6 1],146,646,649,500,646
1,<environment.Job instance at 0x14e65f5a39b0>,101,1,[9 1],148,649,650,501,647
1,<environment.Job instance at 0x14e65f5a3aa0>,102,3,[5 2],149,650,653,501,650
1,<environment.Job instance at 0x14e65ef210f0>,103,2,[2 5],150,654,656,504,654
1,<environment.Job instance at 0x14e6988d2a50>,104,12,[2 7],151,666,678,515,666
1,<environment.Job instance at 0x14e69a00a4b0>,105,2,[1 9],152,678,680,526,678
1,<environment.Job instance at 0x14e69a00a0a0>,106,1,[2 6],153,692,693,539,692
1,<environment.Job instance at 0x14e65ee98f50>,99,1,[1 6],144,692,693,548,692
1,<environment.Job instance at 0x14e69a00aa00>,107,17,[1 5],154,693,710,539,692
1,<environment.Job instance at 0x14e65e9ed910>,109,1,[8 1],158,696,697,538,696
1,<environment.Job instance at 0x14e65e9edfa0>,110,14,[8 2],161,698,712,537,698
1,<environment.Job instance at 0x14e65f747b90>,111,3,[2 6],162,704,707,542,704
1,<environment.Job instance at 0x14e65e9ed960>,112,1,[10  1],163,712,713,549,704
1,<environment.Job instance at 0x14e65e9edaa0>,113,2,[1 6],165,708,710,543,708
1,<environment.Job instance at 0x14e65ee59230>,114,28,[1 5],167,710,738,543,709
1,<environment.Job instance at 0x14e65edfc3c0>,115,3,[5 1],168,716,719,548,716
1,<environment.Job instance at 0x14e65edfc0a0>,116,1,[1 6],169,735,736,566,735
1,<environment.Job instance at 0x14e65edfccd0>,117,16,[1 8],170,757,773,587,757
1,<environment.Job instance at 0x14e6a1ecceb0>,118,3,[2 5],172,768,771,596,768
1,<environment.Job instance at 0x14e6a1eccfa0>,119,17,[14  2],174,771,788,597,768
1,<environment.Job instance at 0x14e69f2f7f50>,120,1,[1 6],175,774,775,599,774
1,<environment.Job instance at 0x14e69f2f7640>,121,16,[ 1 11],176,776,792,600,776
1,<environment.Job instance at 0x14e69f2f7140>,122,28,[1 9],178,792,820,614,791
1,<environment.Job instance at 0x14e69f2f7500>,123,18,[2 6],179,792,810,613,792
1,<environment.Job instance at 0x14e65ebe7190>,70,1,[9 1],108,816,817,708,816
1,<environment.Job instance at 0x14e69f2f7c80>,124,2,[6 2],180,817,819,637,817
1,<environment.Job instance at 0x14e69f2f7870>,126,3,[8 2],183,819,822,636,819
1,<environment.Job instance at 0x14e69f2f7230>,127,17,[2 6],184,820,837,636,819
1,<environment.Job instance at 0x14e69f2f72d0>,128,2,[5 1],185,819,821,634,819
1,<environment.Job instance at 0x14e69f2f78c0>,129,22,[1 5],186,821,843,635,819
1,<environment.Job instance at 0x14e6988d7f50>,130,12,[2 7],187,837,849,650,820
1,<environment.Job instance at 0x14e65ead2b90>,131,13,[10  1],188,822,835,634,821
1,<environment.Job instance at 0x14e69f2f7cd0>,125,16,[2 5],182,953,969,771,953
1,<environment.Job instance at 0x149ce7b67b40>,3,1,[6 2],4,4,5,0,4
1,<environment.Job instance at 0x149ce7b67eb0>,9,2,[6 1],11,11,13,0,11
1,<environment.Job instance at 0x149ce7b5da50>,18,2,[10  1],25,25,27,0,25
1,<environment.Job instance at 0x149ce7b5d500>,20,2,[ 1 13],27,28,30,1,28
1,<environment.Job instance at 0x149ce7b5d140>,22,1,[2 7],30,30,31,0,30
1,<environment.Job instance at 0x149ce7b5cd70>,25,2,[2 8],34,34,36,0,34
1,<environment.Job instance at 0x149ce7b5c690>,26,1,[2 7],35,35,36,0,35
1,<environment.Job instance at 0x149cef4eb9b0>,38,1,[8 1],51,51,52,0,51
1,<environment.Job instance at 0x149ce80628c0>,39,3,[1 5],52,54,57,2,54
1,<environment.Job instance at 0x149ce8062730>,40,3,[1 6],53,54,57,1,54
1,<environment.Job instance at 0x149ce80587d0>,35,2,[1 8],45,81,83,36,81
1,<environment.Job instance at 0x149ce8060500>,34,15,[11  1],44,100,115,56,100
1,<environment.Job instance at 0x149ce7da60a0>,46,2,[2 8],61,103,105,42,103
1,<environment.Job instance at 0x149ce7ffbf00>,50,12,[9 1],68,115,127,47,109
1,<environment.Job instance at 0x149ce7dbb190>,55,16,[2 5],76,230,246,154,230
1,<environment.Job instance at 0x149ce7da7690>,42,1,[10  1],56,232,233,176,232
1,<environment.Job instance at 0x149ce7dbb7d0>,57,22,[1 5],80,506,528,426,506
1,<environment.Job instance at 0x149ce86c18c0>,41,25,[12  2],54,641,666,587,641
1,<environment.Job instance at 0x149ce7db8640>,66,3,[1 9],93,641,644,548,641
1,<environment.Job instance at 0x149ce7b5c410>,36,3,[10  2],48,666,669,618,644
1,<environment.Job instance at 0x149ce7db8a00>,69,1,[2 5],96,695,696,599,695
1,<environment.Job instance at 0x149ce8065c30>,37,2,[ 1 10],50,728,730,678,728
1,<environment.Job instance at 0x149ce7dba280>,77,2,[ 1 10],109,731,733,622,731
1,<environment.Job instance at 0x149ceb9bdd20>,86,2,[1 8],121,754,756,633,754
1,<environment.Job instance at 0x149ceebcfbe0>,90,1,[2 7],127,758,759,631,758
1,<environment.Job instance at 0x149cea43d500>,93,2,[14  1],130,783,785,653,783
1,<environment.Job instance at 0x149cea3c0dc0>,91,1,[2 5],128,785,786,657,783
1,<environment.Job instance at 0x149ceebdc140>,96,12,[9 2],134,785,797,651,783
1,<environment.Job instance at 0x149cea3cf780>,95,3,[2 8],132,785,788,653,783
1,<environment.Job instance at 0x149ce7db7af0>,97,15,[10  2],135,803,818,668,803
1,<environment.Job instance at 0x149ce7db7f50>,101,13,[2 9],140,814,827,674,814
1,<environment.Job instance at 0x149ce7db7b90>,103,1,[ 2 10],142,827,828,685,819
1,<environment.Job instance at 0x149ce7b530f0>,105,1,[8 2],144,819,820,675,819
1,<environment.Job instance at 0x149ce7b53690>,106,15,[5 1],145,820,835,675,820
1,<environment.Job instance at 0x149ce7b536e0>,107,18,[1 8],146,828,846,682,823
1,<environment.Job instance at 0x149ce7db7870>,104,1,[ 2 14],143,846,847,703,824
1,<environment.Job instance at 0x149ce7b53b90>,108,2,[ 1 10],150,847,849,697,846
1,<environment.Job instance at 0x149cea2f16e0>,110,3,[ 2 10],152,849,852,697,848
1,<environment.Job instance at 0x149ce99b0c30>,111,3,[2 5],153,851,854,698,851
1,<environment.Job instance at 0x149ce7b56cd0>,112,1,[8 1],154,852,853,698,851
1,<environment.Job instance at 0x149ce7b56870>,113,3,[5 2],156,856,859,700,856
1,<environment.Job instance at 0x149ce7b56be0>,114,15,[9 2],157,856,871,699,856
1,<environment.Job instance at 0x149ce7b56a50>,115,18,[2 6],158,859,877,701,856
1,<environment.Job instance at 0x149ce99b10f0>,85,1,[7 2],120,871,872,751,866
1,<environment.Job instance at 0x149ce7b56370>,116,1,[1 6],159,867,868,708,867
1,<environment.Job instance at 0x149ce7b49910>,118,3,[9 1],163,872,875,709,869
1,<environment.Job instance at 0x149ce7b49a50>,119,3,[12  1],164,875,878,711,871
1,<environment.Job instance at 0x149ce7b49500>,120,1,[1 8],166,872,873,706,871
1,<environment.Job instance at 0x149ce7b49550>,121,15,[1 6],167,873,888,706,873
1,<environment.Job instance at 0x149ce7b49190>,122,3,[7 2],168,878,881,710,876
1,<environment.Job instance at 0x149ce7b499b0>,123,2,[1 8],169,881,883,712,879
1,<environment.Job instance at 0x149ce7b49690>,124,3,[1 7],171,888,891,717,888
1,<environment.Job instance at 0x149ce7b49d20>,125,13,[ 1 14],172,893,906,721,893
1,<environment.Job instance at 0x149ce7dc59b0>,126,27,[1 8],173,906,933,733,904
1,<environment.Job instance at 0x149ce7b49f50>,127,3,[1 9],174,933,936,759,932
1,<environment.Job instance at 0x149ce7b56c30>,117,1,[1 7],160,932,933,772,932
1,<environment.Job instance at 0x149ce7b49410>,128,2,[7 2],175,933,935,758,932
1,<environment.Job instance at 0x149ce7b4adc0>,130,28,[2 8],179,936,964,757,936
1,<environment.Job instance at 0x149ce7b4aa50>,131,3,[5 1],183,938,941,755,938
1,<environment.Job instance at 0x149ce8086d20>,132,15,[1 7],185,952,967,767,952
1,<environment.Job instance at 0x149ce7b4ac30>,133,3,[ 2 10],186,967,970,781,962
1,<environment.Job instance at 0x149ce7b4ad70>,129,12,[6 1],176,964,976,788,964
1,<environment.Job instance at 0x149cea7413c0>,134,2,[1 9],188,970,972,782,967
1,<environment.Job instance at 0x149ce7b4ab90>,136,3,[5 2],192,969,972,777,969
1,<environment.Job instance at 0x149ce7b4a730>,137,15,[2 7],193,987,1002,794,987
1,<environment.Job instance at 0x149ce7b4abe0>,138,2,[ 2 10],194,1002,1004,808,987
1,<environment.Job instance at 0x149ce7db65f0>,139,2,[2 9],195,1004,1006,809,987
1,<environment.Job instance at 0x149ce7db6460>,140,17,[ 2 10],196,1006,1023,810,1000
1,<environment.Job instance at 0x149ce7db6640>,141,19,[ 1 10],198,1023,1042,825,1021
1,<environment.Job instance at 0x149ce7db62d0>,142,2,[9 1],199,1021,1023,822,1021
1,<environment.Job instance at 0x149ce7b4a460>,135,2,[ 2 10],191,1076,1078,885,1076
1,<environment.Job instance at 0x149cea377e60>,30,3,[2 8],45,50,53,5,50
1,<environment.Job instance at 0x149ce8032820>,34,1,[2 8],52,53,54,1,52
1,<environment.Job instance at 0x149cef42ccd0>,36,2,[7 2],57,57,59,0,57
1,<environment.Job instance at 0x149cef42c370>,37,2,[2 5],58,58,60,0,58
1,<environment.Job instance at 0x149cef42c1e0>,40,1,[7 2],63,70,71,7,70
1,<environment.Job instance at 0x149cef42ce60>,41,2,[5 2],64,71,73,7,71
1,<environment.Job instance at 0x149cef42ce10>,42,2,[ 2 12],66,71,73,5,71
1,<environment.Job instance at 0x149cef415be0>,17,17,[7 1],22,228,245,206,228
1,<environment.Job instance at 0x149ce98f5320>,52,3,[1 5],79,320,323,241,320
1,<environment.Job instance at 0x149cf0e942d0>,53,21,[ 2 13],80,333,354,253,333
1,<environment.Job instance at 0x149cf0e94a50>,54,1,[2 8],81,368,369,287,368
1,<environment.Job instance at 0x149cf0e94370>,55,1,[7 1],82,760,761,678,760
1,<environment.Job instance at 0x149ce974c320>,56,18,[5 2],83,871,889,788,871
1,<environment.Job instance at 0x149ce974c230>,57,2,[8 2],85,979,981,894,979
1,<environment.Job instance at 0x149ceeae5b40>,58,3,[1 7],86,1439,1442,1353,1439
1,<environment.Job instance at 0x149ceeae5d70>,59,18,[8 1],87,1531,1549,1444,1531
1,<environment.Job instance at 0x149cea3bdeb0>,60,1,[5 2],88,1783,1784,1695,1783
1,<environment.Job instance at 0x149ceeae5320>,61,1,[1 8],89,1793,1794,1704,1793
1,<environment.Job instance at 0x149ce97e6780>,18,1,[2 6],23,2324,2325,2301,2324
1,<environment.Job instance at 0x149ceeae5cd0>,62,3,[1 7],90,2355,2358,2265,2355
1,<environment.Job instance at 0x149ce97c4960>,10,1,[7 2],16,16,17,0,16
1,<environment.Job instance at 0x149ce9826230>,21,3,[8 1],33,33,36,0,33
1,<environment.Job instance at 0x149ce98268c0>,22,1,[10  1],34,36,37,2,34
1,<environment.Job instance at 0x149ce9826730>,23,27,[1 7],35,35,62,0,35
1,<environment.Job instance at 0x149ce9826960>,20,3,[8 1],29,44,47,15,44
1,<environment.Job instance at 0x149ce980ad70>,28,2,[1 5],45,45,47,0,45
1,<environment.Job instance at 0x149ce980aaf0>,29,2,[8 1],46,47,49,1,46
1,<environment.Job instance at 0x149ce980a370>,30,3,[2 9],47,62,65,15,47
1,<environment.Job instance at 0x149ce980ae60>,31,1,[5 1],49,49,50,0,49
1,<environment.Job instance at 0x149ce97baf00>,32,3,[1 5],50,51,54,1,51
1,<environment.Job instance at 0x149ce97ba230>,35,1,[1 8],55,55,56,0,55
1,<environment.Job instance at 0x149ce97b5870>,41,2,[1 7],62,65,67,3,63
1,<environment.Job instance at 0x149ce97b5550>,42,15,[1 5],63,64,79,1,64
1,<environment.Job instance at 0x149ce9763820>,47,1,[2 8],70,72,73,2,72
1,<environment.Job instance at 0x149ce9894eb0>,49,14,[14  1],72,73,87,1,73
1,<environment.Job instance at 0x149ce986da50>,50,2,[6 1],74,87,89,13,74
1,<environment.Job instance at 0x149ce98943c0>,51,3,[10  1],76,89,92,13,76
1,<environment.Job instance at 0x149ce986d7d0>,52,3,[10  2],77,92,95,15,77
1,<environment.Job instance at 0x149cef411a50>,53,3,[ 2 11],80,87,90,7,80
1,<environment.Job instance at 0x149ce986dd20>,54,2,[1 7],81,81,83,0,81
1,<environment.Job instance at 0x149cea354280>,55,1,[1 5],82,83,84,1,82
1,<environment.Job instance at 0x149cea7412d0>,61,15,[7 2],88,98,113,10,98
1,<environment.Job instance at 0x149cef4140a0>,73,2,[10  1],104,113,115,9,105
1,<environment.Job instance at 0x149ce982a050>,74,2,[2 7],106,111,113,5,111
1,<environment.Job instance at 0x149ce982a870>,76,1,[2 5],108,111,112,3,111
1,<environment.Job instance at 0x149ceeaf1e10>,77,2,[ 1 10],110,113,115,3,111
1,<environment.Job instance at 0x149ceeaf1d20>,78,3,[2 5],111,115,118,4,111
1,<environment.Job instance at 0x149cea410780>,79,12,[6 1],112,115,127,3,112
1,<environment.Job instance at 0x149cef41f6e0>,81,1,[7 1],116,116,117,0,116
1,<environment.Job instance at 0x149cef41f5a0>,82,2,[7 1],117,117,119,0,117
1,<environment.Job instance at 0x149cef42cbe0>,85,2,[5 2],120,120,122,0,120
1,<environment.Job instance at 0x149ceeb1f550>,87,3,[1 7],123,123,126,0,123
1,<environment.Job instance at 0x149cbab45910>,9,1,[5 2],16,16,17,0,16
1,<environment.Job instance at 0x149cbab450a0>,10,26,[2 8],18,18,44,0,18
1,<environment.Job instance at 0x149ce41f5730>,20,1,[2 8],39,44,45,5,39
1,<environment.Job instance at 0x149ce42520a0>,27,21,[1 8],46,46,67,0,46
1,<environment.Job instance at 0x149ce4252730>,29,2,[6 1],49,51,53,2,51
1,<environment.Job instance at 0x149ce41ebcd0>,39,2,[1 8],67,67,69,0,67
1,<environment.Job instance at 0x149ce41ebd70>,40,1,[10  2],68,68,69,0,68
1,<environment.Job instance at 0x149ce41ebbe0>,41,3,[2 8],69,72,75,3,72
1,<environment.Job instance at 0x149ce41eb550>,46,1,[8 1],79,87,88,8,87
1,<environment.Job instance at 0x149ce4252f50>,34,3,[9 2],55,88,91,33,88
1,<environment.Job instance at 0x149cef4a5280>,4,1,[6 2],7,7,8,0,7
1,<environment.Job instance at 0x149ce42d30a0>,5,1,[5 1],8,8,9,0,8
1,<environment.Job instance at 0x149cef4a5050>,6,1,[2 6],10,10,11,0,10
1,<environment.Job instance at 0x149cba784870>,16,1,[8 2],23,25,26,2,25
1,<environment.Job instance at 0x149cba91bbe0>,15,17,[12  1],20,26,43,6,25
1,<environment.Job instance at 0x149cba792f50>,17,17,[7 1],24,43,60,19,31
1,<environment.Job instance at 0x149ce98cc190>,36,1,[13  1],45,60,61,15,58
1,<environment.Job instance at 0x149ce98cc4b0>,38,1,[5 1],47,59,60,12,59
1,<environment.Job instance at 0x149ce99b6fa0>,45,22,[8 1],55,69,91,14,69
1,<environment.Job instance at 0x149cbab731e0>,52,2,[2 7],63,85,87,22,85
1,<environment.Job instance at 0x149ce98e3d70>,56,22,[2 6],69,102,124,33,102
1,<environment.Job instance at 0x149ce98e3c80>,57,1,[ 1 14],70,196,197,126,196
1,<environment.Job instance at 0x149ce98e3f00>,59,1,[6 1],72,196,197,124,196
1,<environment.Job instance at 0x149ce98e30a0>,60,2,[9 1],74,197,199,123,196
1,<environment.Job instance at 0x149ce98e3190>,61,19,[1 5],76,197,216,121,196
1,<environment.Job instance at 0x149ce98e3050>,63,1,[5 1],79,197,198,118,196
1,<environment.Job instance at 0x149ce98e3410>,64,2,[7 2],80,199,201,119,196
1,<environment.Job instance at 0x149ce432cc30>,28,3,[8 2],36,207,210,171,207
1,<environment.Job instance at 0x149cbaa67f00>,66,3,[1 8],83,212,215,129,212
1,<environment.Job instance at 0x149ce98e3820>,65,3,[ 2 14],82,216,219,134,212
1,<environment.Job instance at 0x149cbaa67c80>,69,1,[6 1],87,212,213,125,212
1,<environment.Job instance at 0x149cbaa67e60>,70,2,[6 1],89,212,214,123,212
1,<environment.Job instance at 0x149cbab3a280>,27,1,[6 2],35,214,215,179,212
1,<environment.Job instance at 0x149cbaa67be0>,68,2,[7 2],86,219,221,133,212
1,<environment.Job instance at 0x149cbaa67460>,72,15,[10  2],94,221,236,127,212
1,<environment.Job instance at 0x149cbaa67af0>,76,27,[5 1],100,215,242,115,213
1,<environment.Job instance at 0x149ce99c46e0>,81,1,[2 9],106,219,220,113,218
1,<environment.Job instance at 0x149ce99c4a50>,82,2,[10  2],107,236,238,129,218
1,<environment.Job instance at 0x149ce99c4cd0>,83,1,[6 1],110,238,239,128,219
1,<environment.Job instance at 0x149ce99c4d20>,84,1,[7 2],112,239,240,127,219
1,<environment.Job instance at 0x149ce99c4be0>,85,2,[2 7],113,238,240,125,219
1,<environment.Job instance at 0x149ce99c4910>,86,3,[2 5],114,240,243,126,219
1,<environment.Job instance at 0x149ce99c4dc0>,80,1,[1 8],104,240,241,136,233
1,<environment.Job instance at 0x149ce99c47d0>,87,25,[6 1],115,240,265,125,236
1,<environment.Job instance at 0x149ce99c4640>,89,1,[10  1],118,265,266,147,237
1,<environment.Job instance at 0x149cbaa675f0>,75,14,[5 2],99,242,256,143,237
1,<environment.Job instance at 0x149ce99c4aa0>,92,3,[9 2],123,256,259,133,240
1,<environment.Job instance at 0x149ce99c4460>,94,1,[8 2],127,259,260,132,240
1,<environment.Job instance at 0x149ce99c43c0>,95,22,[2 5],129,260,282,131,253
1,<environment.Job instance at 0x149cbab70b40>,101,2,[12  1],137,278,280,141,278
1,<environment.Job instance at 0x149cbab70a00>,103,14,[7 1],140,280,294,140,278
1,<environment.Job instance at 0x149cbab70d70>,107,14,[9 1],144,294,308,150,279
1,<environment.Job instance at 0x149ce99c42d0>,98,26,[ 2 13],133,282,308,149,279
1,<environment.Job instance at 0x149ce99c4820>,93,1,[1 9],124,279,280,155,279
1,<environment.Job instance at 0x149cbab70dc0>,111,2,[2 7],149,280,282,131,279
1,<environment.Job instance at 0x149ce99bf910>,119,2,[ 1 11],167,308,310,141,294
1,<environment.Job instance at 0x149ce99bf2d0>,121,1,[1 8],170,310,311,140,294
1,<environment.Job instance at 0x149ce99bf320>,122,2,[2 9],171,311,313,140,294
1,<environment.Job instance at 0x149ce99bf370>,123,2,[8 2],172,308,310,136,294
1,<environment.Job instance at 0x149ce99bfdc0>,125,28,[5 2],174,308,336,134,307
1,<environment.Job instance at 0x149ce99bf5a0>,126,1,[8 2],175,310,311,135,307
1,<environment.Job instance at 0x149ce99bf8c0>,127,2,[ 1 10],176,313,315,137,307
1,<environment.Job instance at 0x149ce99bfbe0>,128,3,[ 2 14],177,336,339,159,310
1,<environment.Job instance at 0x149ce99bf1e0>,129,1,[5 1],178,311,312,133,310
1,<environment.Job instance at 0x149ce99aaeb0>,130,2,[2 6],179,315,317,136,310
1,<environment.Job instance at 0x149ce99aacd0>,131,1,[8 1],180,312,313,132,310
1,<environment.Job instance at 0x149ce99aa550>,132,1,[7 2],182,313,314,131,310
1,<environment.Job instance at 0x149cbab70190>,112,3,[9 2],151,330,333,179,330
1,<environment.Job instance at 0x149ce99aaaa0>,145,2,[8 2],196,334,336,138,334
1,<environment.Job instance at 0x149ce9994870>,146,1,[9 2],197,339,340,142,334
1,<environment.Job instance at 0x149ce9994050>,147,2,[1 7],198,334,336,136,334
1,<environment.Job instance at 0x149ce99aa5a0>,143,3,[5 2],194,356,359,162,356
1,<environment.Job instance at 0x149cbaa67eb0>,77,15,[14  1],101,360,375,259,360
1,<environment.Job instance at 0x149cba79b730>,18,17,[2 7],25,375,392,350,373
1,<environment.Job instance at 0x149ce41d5280>,0,26,[1 6],1,2,28,1,2
1,<environment.Job instance at 0x149ce41d54b0>,2,23,[2 6],4,4,27,0,4
1,<environment.Job instance at 0x149cba569690>,14,20,[8 1],20,34,54,14,34
1,<environment.Job instance at 0x149cba569190>,15,2,[7 1],21,73,75,52,73
1,<environment.Job instance at 0x149cba569fa0>,23,13,[ 2 11],40,106,119,66,106
1,<environment.Job instance at 0x149cba569e60>,24,3,[1 8],41,280,283,239,280
1,<environment.Job instance at 0x149cba56c0a0>,25,1,[8 1],43,299,300,256,299
1,<environment.Job instance at 0x149cba56c1e0>,26,16,[9 1],44,308,324,264,308
1,<environment.Job instance at 0x149cba56c280>,27,12,[7 2],46,326,338,280,326
1,<environment.Job instance at 0x149cba56c410>,28,15,[ 2 10],52,349,364,297,349
1,<environment.Job instance at 0x149cba56c3c0>,29,2,[5 2],53,366,368,313,366
1,<environment.Job instance at 0x149cba56c320>,30,2,[7 2],54,485,487,431,485
1,<environment.Job instance at 0x149cba569820>,16,3,[9 1],26,547,550,521,547
1,<environment.Job instance at 0x149cba56c5a0>,31,2,[5 2],56,570,572,514,570
1,<environment.Job instance at 0x149cba56c690>,33,1,[6 2],58,585,586,527,585
1,<environment.Job instance at 0x149cba56c640>,34,2,[ 1 12],59,598,600,539,598
1,<environment.Job instance at 0x149cba56c7d0>,35,16,[2 9],60,776,792,716,776
1,<environment.Job instance at 0x149cba56c6e0>,36,2,[5 2],61,828,830,767,828
1,<environment.Job instance at 0x149cba56c820>,37,21,[5 1],62,859,880,797,859
1,<environment.Job instance at 0x149cba56c8c0>,38,3,[2 8],63,928,931,865,928
1,<environment.Job instance at 0x149cba569730>,13,3,[12  1],19,947,950,928,947
1,<environment.Job instance at 0x149cba56ca00>,39,3,[8 2],65,950,953,885,947
1,<environment.Job instance at 0x149cba56cb40>,42,2,[8 1],68,953,955,885,950
1,<environment.Job instance at 0x149cba56cbe0>,43,1,[2 7],70,955,956,885,955
1,<environment.Job instance at 0x149cba56cb90>,41,2,[1 6],67,975,977,908,975
1,<environment.Job instance at 0x149cba56ce10>,45,13,[7 1],72,979,992,907,979
1,<environment.Job instance at 0x149cba56cf50>,46,3,[ 2 10],75,992,995,917,992
1,<environment.Job instance at 0x149cba56cfa0>,48,22,[ 2 10],77,998,1020,921,998
1,<environment.Job instance at 0x149cba56c5f0>,32,1,[ 2 10],57,1028,1029,971,1028
1,<environment.Job instance at 0x149cba56f0f0>,49,2,[10  2],78,1040,1042,962,1040
1,<environment.Job instance at 0x149cba56f140>,51,3,[2 8],80,1047,1050,967,1047
1,<environment.Job instance at 0x149cba56f460>,53,1,[7 1],84,1047,1048,963,1047
1,<environment.Job instance at 0x149cba56f550>,54,2,[5 2],85,1073,1075,988,1073
1,<environment.Job instance at 0x149cba56f820>,59,1,[2 6],92,1082,1083,990,1082
1,<environment.Job instance at 0x149cba56f690>,58,1,[7 1],89,1082,1083,993,1082
1,<environment.Job instance at 0x149cba56f870>,61,1,[5 1],94,1095,1096,1001,1095
1,<environment.Job instance at 0x149cba56fa00>,63,1,[6 1],96,1113,1114,1017,1113
1,<environment.Job instance at 0x149cba56faa0>,64,3,[8 1],98,1276,1279,1178,1276
1,<environment.Job instance at 0x149cba56fc80>,67,17,[10  1],106,1279,1296,1173,1276
1,<environment.Job instance at 0x149cba56ffa0>,70,21,[6 1],110,1296,1317,1186,1292
1,<environment.Job instance at 0x149cba56ff50>,71,3,[ 2 13],112,1336,1339,1224,1336
1,<environment.Job instance at 0x149cba571190>,73,1,[ 2 10],114,1358,1359,1244,1358
1,<environment.Job instance at 0x149cba56fd20>,68,3,[2 6],107,1362,1365,1255,1362
1,<environment.Job instance at 0x149cba571320>,75,1,[1 7],118,1369,1370,1251,1369
1,<environment.Job instance at 0x149cba571370>,76,1,[1 7],120,1381,1382,1261,1381
1,<environment.Job instance at 0x149cba5713c0>,77,12,[2 8],121,1384,1396,1263,1384
1,<environment.Job instance at 0x149cba5714b0>,78,27,[5 2],122,1384,1411,1262,1384
1,<environment.Job instance at 0x149cba571500>,79,27,[1 9],123,1397,1424,1274,1397
1,<environment.Job instance at 0x149cba5715f0>,80,1,[9 1],124,1447,1448,1323,1447
1,<environment.Job instance at 0x149cba571a00>,86,2,[8 1],135,1455,1457,1320,1455
1,<environment.Job instance at 0x149cba571af0>,88,1,[7 1],137,1471,1472,1334,1471
1,<environment.Job instance at 0x149cba571c30>,89,1,[2 6],139,1471,1472,1332,1471
1,<environment.Job instance at 0x149cba571910>,84,1,[8 2],132,1515,1516,1383,1515
1,<environment.Job instance at 0x149cba571e10>,91,3,[8 2],143,1516,1519,1373,1516
1,<environment.Job instance at 0x149cba571dc0>,92,1,[1 7],144,1545,1546,1401,1545
1,<environment.Job instance at 0x149cba569be0>,22,3,[11  1],39,1563,1566,1524,1563
1,<environment.Job instance at 0x149cba571fa0>,96,1,[1 7],150,1563,1564,1413,1563
1,<environment.Job instance at 0x149cba5740a0>,97,21,[9 1],151,1566,1587,1415,1563
1,<environment.Job instance at 0x149cba571f50>,95,28,[1 6],147,1563,1591,1416,1563
1,<environment.Job instance at 0x149cba5742d0>,100,2,[5 1],155,1566,1568,1411,1563
1,<environment.Job instance at 0x149cba574320>,101,2,[ 2 10],156,1591,1593,1435,1564
1,<environment.Job instance at 0x149cba574410>,102,3,[5 1],157,1568,1571,1411,1564
1,<environment.Job instance at 0x149cba574550>,103,1,[1 9],159,1587,1588,1428,1564
1,<environment.Job instance at 0x149cba574460>,104,1,[2 7],160,1564,1565,1404,1564
1,<environment.Job instance at 0x149cba5745f0>,105,2,[1 8],161,1571,1573,1410,1564
1,<environment.Job instance at 0x149cba574730>,106,1,[1 9],163,1588,1589,1425,1564
1,<environment.Job instance at 0x149cba5747d0>,107,2,[ 2 10],165,1593,1595,1428,1566
1,<environment.Job instance at 0x149cba571d70>,93,3,[2 8],145,1573,1576,1428,1566
1,<environment.Job instance at 0x149cba574b40>,116,1,[5 1],176,1593,1594,1417,1593
1,<environment.Job instance at 0x149cba574870>,109,12,[9 1],167,1603,1615,1436,1603
1,<environment.Job instance at 0x149cba4f6140>,122,1,[7 2],185,1616,1617,1431,1616
1,<environment.Job instance at 0x149cba4f6500>,130,17,[5 1],194,1618,1635,1424,1618
1,<environment.Job instance at 0x149cba4f65a0>,131,1,[7 1],195,1618,1619,1423,1618
1,<environment.Job instance at 0x149cba4f6780>,134,26,[8 1],198,1619,1645,1421,1618
1,<environment.Job instance at 0x149cba4f6820>,135,3,[2 5],199,1620,1623,1421,1620
1,<environment.Job instance at 0x149cba574910>,110,20,[ 2 11],168,1661,1681,1493,1661
1,<environment.Job instance at 0x149cba56f230>,50,2,[1 7],79,1681,1683,1602,1673
1,<environment.Job instance at 0x149cba500460>,1,21,[9 2],2,2,23,0,2
1,<environment.Job instance at 0x149cba5f4870>,0,27,[6 1],1,4,31,3,4
1,<environment.Job instance at 0x149cba675fa0>,4,2,[2 9],5,23,25,18,5
1,<environment.Job instance at 0x149cba675500>,10,1,[6 1],15,23,24,8,16
1,<environment.Job instance at 0x149cba666910>,16,3,[2 9],23,470,473,447,470
1,<environment.Job instance at 0x149cba67fe10>,1,1,[ 1 10],5,5,6,0,5
1,<environment.Job instance at 0x149ced605d20>,6,22,[2 9],13,13,35,0,13
1,<environment.Job instance at 0x149ced605550>,7,3,[1 7],15,35,38,20,15
1,<environment.Job instance at 0x149ce42ac730>,11,1,[ 1 12],24,38,39,14,24
1,<environment.Job instance at 0x149ce42ac3c0>,19,2,[13  1],34,34,36,0,34
1,<environment.Job instance at 0x149ced60c190>,20,1,[12  2],35,36,37,1,35
1,<environment.Job instance at 0x149ced60c280>,21,1,[5 1],36,37,38,1,36
1,<environment.Job instance at 0x149ced60ceb0>,23,2,[6 2],38,38,40,0,38
1,<environment.Job instance at 0x149ce42acaa0>,17,20,[9 1],31,46,66,15,46
1,<environment.Job instance at 0x149ceea8dd20>,32,2,[5 1],58,58,60,0,58
1,<environment.Job instance at 0x149ce9944640>,34,1,[7 2],60,66,67,6,60
1,<environment.Job instance at 0x149ce9944320>,40,1,[1 8],68,68,69,0,68
1,<environment.Job instance at 0x149cbabda780>,41,20,[7 2],69,69,89,0,69
1,<environment.Job instance at 0x149cbabda410>,42,1,[1 9],70,70,71,0,70
1,<environment.Job instance at 0x149ce42ac910>,18,3,[5 1],33,106,109,73,106
1,<environment.Job instance at 0x149cf1650a50>,51,1,[ 1 13],81,147,148,66,147
1,<environment.Job instance at 0x149cba829550>,56,2,[5 1],94,159,161,65,159
1,<environment.Job instance at 0x149cba829d20>,57,2,[1 6],95,215,217,120,215
1,<environment.Job instance at 0x149cba829aa0>,58,2,[1 8],96,223,225,127,223
1,<environment.Job instance at 0x149cba829140>,59,1,[6 1],97,246,247,149,246
1,<environment.Job instance at 0x149cba8290a0>,60,18,[10  2],99,259,277,160,259
1,<environment.Job instance at 0x149cba829730>,61,1,[6 1],100,287,288,187,287
1,<environment.Job instance at 0x149cba8295a0>,62,1,[2 9],101,316,317,215,316
1,<environment.Job instance at 0x149cba829460>,63,1,[1 5],102,325,326,223,325
1,<environment.Job instance at 0x149cba829500>,64,16,[ 2 10],103,467,483,364,467
1,<environment.Job instance at 0x149cba8298c0>,65,3,[5 1],104,479,482,375,479
1,<environment.Job instance at 0x149cba829820>,66,3,[1 7],105,499,502,394,499
1,<environment.Job instance at 0x149cba8297d0>,67,3,[10  2],107,505,508,398,505
1,<environment.Job instance at 0x149ce433c3c0>,68,17,[9 2],109,516,533,407,516
1,<environment.Job instance at 0x149ce41527d0>,69,2,[9 2],111,533,535,422,517
1,<environment.Job instance at 0x149cea69b050>,70,2,[2 7],115,575,577,460,575
1,<environment.Job instance at 0x149cef54cc30>,71,1,[8 1],116,576,577,460,576
1,<environment.Job instance at 0x149cba972cd0>,72,15,[7 1],117,599,614,482,599
1,<environment.Job instance at 0x149ceeb96960>,73,1,[1 8],118,607,608,489,607
1,<environment.Job instance at 0x149ce976a960>,74,12,[7 2],119,611,623,492,611
1,<environment.Job instance at 0x149ce43529b0>,75,13,[1 9],120,673,686,553,673
1,<environment.Job instance at 0x149cea6ac690>,76,2,[7 2],121,688,690,567,688
1,<environment.Job instance at 0x149ce86aa320>,77,1,[ 2 10],122,730,731,608,730
1,<environment.Job instance at 0x149ce42ac140>,16,1,[9 1],30,754,755,724,754
1,<environment.Job instance at 0x149ce411a6e0>,78,16,[1 7],123,956,972,833,956
1,<environment.Job instance at 0x149ce7ff4320>,80,3,[10  1],127,998,1001,871,998
1,<environment.Job instance at 0x149cea2a2230>,81,1,[9 2],128,1011,1012,883,1011
1,<environment.Job instance at 0x149ce97cb5f0>,82,17,[8 1],129,1044,1061,915,1044
1,<environment.Job instance at 0x149cef460370>,83,2,[1 5],130,1086,1088,956,1086
1,<environment.Job instance at 0x149ce40e78c0>,84,13,[1 9],131,1089,1102,958,1089
1,<environment.Job instance at 0x149ce40e7370>,85,2,[10  2],132,1106,1108,974,1106
1,<environment.Job instance at 0x149cea2e5fa0>,86,15,[9 1],134,1108,1123,974,1108
1,<environment.Job instance at 0x149cea2e5e10>,87,1,[1 5],135,1115,1116,980,1115
1,<environment.Job instance at 0x149cea2e56e0>,88,2,[1 9],136,1203,1205,1067,1203
1,<environment.Job instance at 0x149cba829c30>,54,12,[2 9],84,1250,1262,1166,1250
1,<environment.Job instance at 0x149cea2e5dc0>,89,2,[1 7],139,1396,1398,1257,1396
1,<environment.Job instance at 0x149ce9a3a910>,91,19,[5 2],141,1467,1486,1326,1467
1,<environment.Job instance at 0x149ce4369050>,92,2,[2 8],142,1496,1498,1354,1496
1,<environment.Job instance at 0x149ce4369780>,93,3,[1 7],143,1566,1569,1423,1566
1,<environment.Job instance at 0x149ce43695a0>,94,2,[6 1],144,1570,1572,1426,1570
1,<environment.Job instance at 0x149ce4369aa0>,95,3,[7 2],145,1575,1578,1430,1575
1,<environment.Job instance at 0x149ced627730>,96,2,[8 1],146,1676,1678,1530,1676
1,<environment.Job instance at 0x149ce7ff4190>,79,17,[5 2],125,1704,1721,1579,1704
1,<environment.Job instance at 0x149ced627d70>,97,15,[8 2],147,1724,1739,1577,1724
1,<environment.Job instance at 0x149ced625960>,99,2,[8 2],150,1739,1741,1589,1730
1,<environment.Job instance at 0x149ce976fb40>,100,1,[1 6],151,1739,1740,1588,1739
1,<environment.Job instance at 0x149ce976f500>,101,3,[6 1],152,1802,1805,1650,1802
1,<environment.Job instance at 0x149ce976fe60>,102,16,[1 5],153,1896,1912,1743,1896
1,<environment.Job instance at 0x149ce976f4b0>,103,3,[2 5],154,1942,1945,1788,1942
1,<environment.Job instance at 0x149ce9a3a230>,90,3,[1 8],140,2071,2074,1931,2071
1,<environment.Job instance at 0x149ced6253c0>,98,1,[10  1],148,2074,2075,1926,2074
1,<environment.Job instance at 0x149ce976f190>,104,3,[2 8],156,2475,2478,2319,2475
1,<environment.Job instance at 0x149ce976f8c0>,105,17,[12  1],157,2485,2502,2328,2485
1,<environment.Job instance at 0x149ce976f780>,107,2,[2 5],160,2629,2631,2469,2629
1,<environment.Job instance at 0x149ce976fc30>,109,15,[9 1],162,2640,2655,2478,2640
1,<environment.Job instance at 0x149ce976fc80>,110,12,[6 1],163,2787,2799,2624,2787
1,<environment.Job instance at 0x149ce424b640>,10,1,[5 2],13,13,14,0,13
1,<environment.Job instance at 0x149ce98bbe10>,0,1,[14  1],1,5,6,4,5
1,<environment.Job instance at 0x149ce98bbeb0>,6,2,[6 1],9,9,11,0,9
1,<environment.Job instance at 0x149ce98b50f0>,20,1,[1 5],28,28,29,0,28
1,<environment.Job instance at 0x149ceebb4230>,28,2,[7 1],36,36,38,0,36
1,<environment.Job instance at 0x149ceebca320>,30,1,[2 5],38,38,39,0,38
1,<environment.Job instance at 0x149ceebcaa00>,31,3,[ 1 11],41,41,44,0,41
1,<environment.Job instance at 0x149ceebca5a0>,32,2,[1 9],42,44,46,2,42
1,<environment.Job instance at 0x149ceebca0a0>,33,2,[2 5],43,44,46,1,43
1,<environment.Job instance at 0x149ceebca140>,34,3,[1 5],46,46,49,0,46
1,<environment.Job instance at 0x149ceebca910>,35,1,[8 1],47,47,48,0,47
1,<environment.Job instance at 0x149ceebd20f0>,36,2,[8 2],48,48,50,0,48
1,<environment.Job instance at 0x149ceebd2550>,40,1,[1 5],53,53,54,0,53
1,<environment.Job instance at 0x149ceebd25a0>,41,16,[8 1],54,60,76,6,60
1,<environment.Job instance at 0x149ceeba7730>,54,3,[ 1 14],70,91,94,21,91
1,<environment.Job instance at 0x149ceebe2320>,55,3,[5 1],71,91,94,20,91
1,<environment.Job instance at 0x149ceebe2280>,56,2,[8 1],73,94,96,21,91
1,<environment.Job instance at 0x149ceebe2fa0>,57,3,[9 1],74,96,99,22,91
1,<environment.Job instance at 0x149ceebe2cd0>,59,12,[7 2],77,99,111,22,91
1,<environment.Job instance at 0x149ceebe2d20>,61,17,[6 2],81,108,125,27,108
1,<environment.Job instance at 0x149ceebe27d0>,65,1,[8 1],85,111,112,26,108
1,<environment.Job instance at 0x149ceebe20a0>,67,1,[8 2],87,112,113,25,110
1,<environment.Job instance at 0x149ceebe2410>,68,2,[7 1],88,113,115,25,110
1,<environment.Job instance at 0x149ceebe2f00>,69,1,[5 1],89,115,116,26,110
1,<environment.Job instance at 0x149ceebe2460>,70,2,[2 8],90,113,115,23,110
1,<environment.Job instance at 0x149ceebdfaf0>,71,3,[7 1],91,116,119,25,110
1,<environment.Job instance at 0x149ceebdf050>,72,3,[8 2],92,119,122,27,110
1,<environment.Job instance at 0x149ceebdf0f0>,73,2,[10  1],94,125,127,31,110
1,<environment.Job instance at 0x149ceebdf4b0>,74,22,[5 1],96,122,144,26,115
1,<environment.Job instance at 0x149ceebc98c0>,76,16,[8 2],101,127,143,26,124
1,<environment.Job instance at 0x149ceebc91e0>,80,1,[7 2],106,143,144,37,124
1,<environment.Job instance at 0x149ceebc90f0>,81,2,[2 8],107,127,129,20,124
1,<environment.Job instance at 0x149ceebc9820>,82,12,[9 1],108,144,156,36,127
1,<environment.Job instance at 0x149ceebc9280>,83,3,[9 2],110,156,159,46,130
1,<environment.Job instance at 0x149cf0a23370>,84,1,[ 2 10],111,130,131,19,130
1,<environment.Job instance at 0x149cf0a23b90>,85,2,[6 2],112,144,146,32,130
1,<environment.Job instance at 0x149cf0a23c30>,86,1,[1 5],114,131,132,17,130
1,<environment.Job instance at 0x149ce421ff00>,87,2,[5 2],115,146,148,31,130
1,<environment.Job instance at 0x149ce402a640>,88,2,[8 1],116,159,161,43,132
1,<environment.Job instance at 0x149cef4e8f50>,89,2,[8 1],117,161,163,44,134
1,<environment.Job instance at 0x149ce992d820>,90,17,[ 2 10],118,148,165,30,136
1,<environment.Job instance at 0x149ce4320d70>,93,3,[2 7],121,136,139,15,136
1,<environment.Job instance at 0x149cba4f67d0>,97,2,[ 1 13],125,175,177,50,175
1,<environment.Job instance at 0x149ceebd2d20>,43,15,[8 2],56,175,190,119,175
1,<environment.Job instance at 0x149ce9804eb0>,101,1,[5 1],129,177,178,48,175
1,<environment.Job instance at 0x149ce8006f00>,102,3,[5 2],130,186,189,56,186
1,<environment.Job instance at 0x149cba5220f0>,106,2,[8 2],137,195,197,58,195
1,<environment.Job instance at 0x149cbab4b1e0>,107,2,[11  1],138,197,199,59,196
1,<environment.Job instance at 0x149ce42964b0>,108,1,[8 2],139,199,200,60,197
1,<environment.Job instance at 0x149ceebd2500>,44,3,[1 7],58,221,224,163,221
1,<environment.Job instance at 0x149cba5b8820>,111,3,[9 1],144,292,295,148,292
1,<environment.Job instance at 0x149cba5eb640>,128,2,[1 8],168,329,331,161,329
1,<environment.Job instance at 0x149cba5ebfa0>,129,16,[ 1 12],169,489,505,320,489
1,<environment.Job instance at 0x149cba5ebdc0>,130,1,[1 5],170,522,523,352,522
1,<environment.Job instance at 0x149cba5eb5f0>,131,3,[2 8],171,703,706,532,703
1,<environment.Job instance at 0x149cba5eb0a0>,132,12,[7 2],172,754,766,582,754
1,<environment.Job instance at 0x149cba5eb230>,133,1,[2 5],174,761,762,587,761
1,<environment.Job instance at 0x149ce991a2d0>,134,17,[ 1 10],176,783,800,607,783
1,<environment.Job instance at 0x149ce991ac80>,135,3,[1 6],179,856,859,677,856
1,<environment.Job instance at 0x149ce98bd5a0>,136,3,[2 6],180,860,863,680,860
1,<environment.Job instance at 0x149ce991a780>,137,3,[2 5],181,927,930,746,927
1,<environment.Job instance at 0x149cba8b6a00>,138,16,[7 2],182,928,944,746,928
1,<environment.Job instance at 0x149ce98bd780>,139,12,[9 1],183,949,961,766,949
1,<environment.Job instance at 0x149ce4163b40>,140,3,[7 2],185,986,989,801,986
1,<environment.Job instance at 0x149ceeba72d0>,45,3,[7 1],59,1007,1010,948,1007
1,<environment.Job instance at 0x149ce4242a50>,141,3,[1 6],187,1178,1181,991,1178
1,<environment.Job instance at 0x149ce4224aa0>,142,2,[1 6],189,1201,1203,1012,1201
1,<environment.Job instance at 0x149cba4485f0>,143,2,[8 1],193,1245,1247,1052,1245
1,<environment.Job instance at 0x149ce403e190>,145,1,[2 8],196,1262,1263,1066,1262
1,<environment.Job instance at 0x149ce403e6e0>,146,2,[10  1],197,1307,1309,1110,1307
1,<environment.Job instance at 0x149cba465640>,147,13,[1 8],198,1323,1336,1125,1323
1,<environment.Job instance at 0x149cba465dc0>,1,2,[7 2],4,4,6,0,4
1,<environment.Job instance at 0x149cba7070f0>,8,3,[1 9],16,29,32,13,29
1,<environment.Job instance at 0x149cba7075a0>,14,16,[9 2],23,34,50,11,34
1,<environment.Job instance at 0x149cba707460>,11,23,[9 1],20,50,73,30,44
1,<environment.Job instance at 0x149cba707d70>,24,2,[5 1],39,46,48,7,46
1,<environment.Job instance at 0x149cba711d20>,36,1,[14  2],56,82,83,26,82
1,<environment.Job instance at 0x149cba711f50>,37,2,[6 2],57,86,88,29,86
1,<environment.Job instance at 0x149ce99c2050>,39,2,[1 9],59,87,89,28,87
1,<environment.Job instance at 0x149cba707780>,15,2,[1 5],24,94,96,70,94
1,<environment.Job instance at 0x149ce99c22d0>,44,2,[2 8],67,96,98,29,96
1,<environment.Job instance at 0x149ce99c2b90>,51,1,[6 2],78,160,161,82,160
1,<environment.Job instance at 0x149ce99c2dc0>,52,1,[6 1],79,160,161,81,160
1,<environment.Job instance at 0x149ce99c2cd0>,53,1,[8 1],80,161,162,81,160
1,<environment.Job instance at 0x149ce99c2eb0>,54,1,[5 1],83,161,162,78,160
1,<environment.Job instance at 0x149ce99c2f50>,55,2,[1 9],84,160,162,76,160
1,<environment.Job instance at 0x149ce9995370>,57,2,[7 1],88,162,164,74,160
1,<environment.Job instance at 0x149ce9995500>,58,2,[ 1 10],91,162,164,71,160
1,<environment.Job instance at 0x149ce9995550>,59,1,[ 2 10],92,164,165,72,160
1,<environment.Job instance at 0x149ce99954b0>,60,3,[1 9],94,165,168,71,161
1,<environment.Job instance at 0x149ce9995cd0>,65,1,[1 6],102,223,224,121,223
1,<environment.Job instance at 0x149ce9995d20>,66,1,[1 8],103,223,224,120,223
1,<environment.Job instance at 0x149ce9995af0>,67,1,[8 2],105,224,225,119,223
1,<environment.Job instance at 0x149ce9995fa0>,69,2,[14  1],107,225,227,118,224
1,<environment.Job instance at 0x149ce9995eb0>,71,1,[5 2],111,278,279,167,278
1,<environment.Job instance at 0x149ce99c41e0>,73,3,[1 5],113,283,286,170,283
1,<environment.Job instance at 0x149cba707410>,9,1,[5 2],17,361,362,344,361
1,<environment.Job instance at 0x149ce99c4410>,78,1,[10  2],119,442,443,323,442
1,<environment.Job instance at 0x149ce99c45f0>,77,1,[2 9],118,444,445,326,444
1,<environment.Job instance at 0x149ce99c48c0>,82,1,[7 2],126,486,487,360,486
1,<environment.Job instance at 0x149ce99c4730>,80,2,[10  1],123,574,576,451,574
1,<environment.Job instance at 0x149ce99c4be0>,86,1,[1 7],137,598,599,461,598
1,<environment.Job instance at 0x149ce99c4a50>,85,3,[1 9],134,629,632,495,629
1,<environment.Job instance at 0x149ce99c4eb0>,90,2,[8 1],146,629,631,483,629
1,<environment.Job instance at 0x149ce99ba280>,93,2,[2 6],150,640,642,490,640
1,<environment.Job instance at 0x149ce99c4f50>,91,3,[8 2],148,662,665,514,662
1,<environment.Job instance at 0x149ce99ba370>,96,1,[8 1],153,665,666,512,662
1,<environment.Job instance at 0x149ce99ba050>,98,1,[1 9],158,662,663,504,662
1,<environment.Job instance at 0x149cba71bb90>,101,1,[2 8],164,736,737,572,736
1,<environment.Job instance at 0x149ce99ba410>,97,1,[6 1],154,737,738,583,737
1,<environment.Job instance at 0x149cba71b8c0>,103,18,[2 8],168,750,768,582,750
1,<environment.Job instance at 0x149cbaaf5e60>,109,1,[9 1],181,756,757,575,756
1,<environment.Job instance at 0x149cf1771b90>,110,2,[1 7],183,757,759,574,756
1,<environment.Job instance at 0x149cba6a8190>,106,3,[5 2],177,810,813,633,810
1,<environment.Job instance at 0x149cea442960>,114,2,[10  1],187,837,839,650,837
1,<environment.Job instance at 0x149cba7075f0>,12,14,[10  1],21,893,907,872,893
1,<environment.Job instance at 0x149cbaa87b90>,115,2,[8 1],188,1019,1021,831,1019
1,<environment.Job instance at 0x149cba439b90>,117,1,[1 9],191,1022,1023,831,1022
1,<environment.Job instance at 0x149cba439960>,118,18,[8 2],192,1044,1062,852,1044
1,<environment.Job instance at 0x149ce99afc30>,119,2,[5 1],193,1093,1095,900,1093
1,<environment.Job instance at 0x149cba6871e0>,120,3,[2 5],194,1336,1339,1142,1336
1,<environment.Job instance at 0x149cbaa87730>,116,3,[2 9],190,1374,1377,1184,1374
1,<environment.Job instance at 0x149ce7b57eb0>,121,1,[6 1],195,1418,1419,1223,1418
1,<environment.Job instance at 0x149cba466e60>,123,1,[6 1],198,1441,1442,1243,1441
1,<environment.Job instance at 0x149cbab1fb40>,122,1,[5 2],197,1512,1513,1315,1512
1,<environment.Job instance at 0x149cba8402d0>,12,2,[7 1],18,19,21,1,19
1,<environment.Job instance at 0x149cba840e10>,14,1,[9 2],20,21,22,1,20
1,<environment.Job instance at 0x149ce439fcd0>,19,2,[1 9],28,30,32,2,30
1,<environment.Job instance at 0x149cef4d45f0>,23,2,[5 1],37,38,40,1,38
1,<environment.Job instance at 0x149ce43d6410>,27,17,[10  2],41,57,74,16,57
1,<environment.Job instance at 0x149ce403d4b0>,30,3,[9 1],47,74,77,27,74
1,<environment.Job instance at 0x149ce403d7d0>,31,27,[9 2],48,77,104,29,76
1,<environment.Job instance at 0x149ce9a32190>,24,1,[2 5],38,103,104,65,103
1,<environment.Job instance at 0x149ce403deb0>,32,2,[7 1],49,110,112,61,110
1,<environment.Job instance at 0x149ce7d98eb0>,28,12,[1 7],42,115,127,73,115
1,<environment.Job instance at 0x149cef4610a0>,34,1,[6 1],51,140,141,89,140
1,<environment.Job instance at 0x149cba835050>,36,2,[1 7],53,150,152,97,150
1,<environment.Job instance at 0x149cef461b40>,33,3,[1 6],50,159,162,109,159
1,<environment.Job instance at 0x149ce415dd70>,38,1,[1 8],55,167,168,112,167
1,<environment.Job instance at 0x149ce415d0a0>,37,3,[1 7],54,168,171,114,168
1,<environment.Job instance at 0x149ce415d2d0>,39,2,[2 5],56,170,172,114,170
1,<environment.Job instance at 0x149ce415d320>,40,3,[1 9],57,182,185,125,182
1,<environment.Job instance at 0x149ce8021500>,42,1,[2 9],59,192,193,133,192
1,<environment.Job instance at 0x149ce415daf0>,41,3,[8 1],58,193,196,135,193
1,<environment.Job instance at 0x149ce8021a00>,43,3,[1 9],62,199,202,137,199
1,<environment.Job instance at 0x149cef4619b0>,35,1,[1 5],52,202,203,150,202
1,<environment.Job instance at 0x149ce9a02780>,45,3,[1 7],64,205,208,141,205
1,<environment.Job instance at 0x149ce9a02820>,47,16,[10  1],66,205,221,139,205
1,<environment.Job instance at 0x149ce9a02870>,48,3,[5 1],68,208,211,140,207
1,<environment.Job instance at 0x149ce9a020f0>,46,2,[1 8],65,211,213,146,207
1,<environment.Job instance at 0x149ce97d2410>,49,3,[9 2],69,221,224,152,208
1,<environment.Job instance at 0x149ce97d20f0>,51,2,[ 1 10],71,213,215,142,208
1,<environment.Job instance at 0x149ce403db40>,29,2,[11  1],44,224,226,180,209
1,<environment.Job instance at 0x149ce97d20a0>,52,1,[9 1],72,226,227,154,209
1,<environment.Job instance at 0x149ce97d2730>,54,1,[6 2],74,221,222,147,209
1,<environment.Job instance at 0x149ce97d2230>,55,3,[7 2],76,227,230,151,209
1,<environment.Job instance at 0x149cbabcceb0>,56,13,[1 6],77,222,235,145,209
1,<environment.Job instance at 0x149cbabcc370>,57,19,[5 1],78,226,245,148,216
1,<environment.Job instance at 0x149cbabccc80>,58,1,[5 2],80,216,217,136,216
1,<environment.Job instance at 0x149cbabcca00>,59,3,[1 8],82,217,220,135,216
1,<environment.Job instance at 0x149ce40f18c0>,60,16,[ 1 10],83,235,251,152,229
1,<environment.Job instance at 0x149ce40f1a00>,64,1,[7 2],88,230,231,142,229
1,<environment.Job instance at 0x149ce40f1eb0>,63,1,[1 5],87,229,230,142,229
1,<environment.Job instance at 0x149ce40f1190>,66,1,[6 2],91,231,232,140,230
1,<environment.Job instance at 0x149ce40f16e0>,71,1,[1 5],101,260,261,159,260
1,<environment.Job instance at 0x149ce40f1c80>,72,21,[6 2],102,260,281,158,260
1,<environment.Job instance at 0x149ce40f1500>,65,3,[ 2 10],90,274,277,184,274
1,<environment.Job instance at 0x149ce9a029b0>,44,1,[9 1],63,304,305,241,304
1,<environment.Job instance at 0x149ce40f1050>,76,1,[1 6],107,380,381,273,380
1,<environment.Job instance at 0x149cea6e6eb0>,77,1,[ 1 10],112,381,382,269,380
1,<environment.Job instance at 0x149ce40f1780>,74,1,[8 2],105,385,386,280,385
1,<environment.Job instance at 0x149cea6e6500>,80,1,[ 1 10],115,402,403,287,402
1,<environment.Job instance at 0x149ce97d24b0>,50,14,[ 1 12],70,538,552,468,538
1,<environment.Job instance at 0x149cea6e69b0>,79,3,[7 1],114,565,568,451,565
1,<environment.Job instance at 0x149cea6e6140>,85,27,[7 1],121,582,609,461,582
1,<environment.Job instance at 0x149ce40f1550>,75,2,[ 2 10],106,610,612,504,610
1,<environment.Job instance at 0x149ce4271eb0>,92,1,[ 1 10],133,612,613,479,612
1,<environment.Job instance at 0x149ce4271c30>,93,1,[8 1],134,612,613,478,612
1,<environment.Job instance at 0x149ce42715f0>,94,1,[8 1],135,613,614,478,612
1,<environment.Job instance at 0x149ce4271410>,98,1,[2 7],143,614,615,471,614
1,<environment.Job instance at 0x149cea6e67d0>,83,14,[ 1 10],118,631,645,513,631
1,<environment.Job instance at 0x149ce4271be0>,101,23,[1 9],146,645,668,499,639
1,<environment.Job instance at 0x149cbaba7460>,105,3,[7 1],156,639,642,483,639
1,<environment.Job instance at 0x149cbaba7690>,111,1,[2 7],168,668,669,500,641
1,<environment.Job instance at 0x149cbaba7a50>,112,2,[2 5],169,642,644,473,641
1,<environment.Job instance at 0x149cbaba76e0>,114,1,[10  2],171,644,645,473,642
1,<environment.Job instance at 0x149cbaba77d0>,106,3,[ 2 10],159,669,672,510,644
1,<environment.Job instance at 0x149ce4271f50>,89,2,[2 6],126,645,647,519,644
1,<environment.Job instance at 0x149cbaba7e60>,116,17,[10  2],175,647,664,472,645
1,<environment.Job instance at 0x149cbaba7910>,118,12,[8 1],177,664,676,487,655
1,<environment.Job instance at 0x149cbaba7aa0>,119,2,[6 2],178,672,674,494,667
1,<environment.Job instance at 0x149cbaba75a0>,120,16,[ 2 10],183,675,691,492,675
1,<environment.Job instance at 0x149cbaba7f00>,122,2,[2 6],185,691,693,506,681
1,<environment.Job instance at 0x149ce436eaf0>,125,1,[2 6],190,696,697,506,696
1,<environment.Job instance at 0x149ce436e9b0>,124,1,[2 9],189,696,697,507,696
1,<environment.Job instance at 0x149ce436efa0>,128,13,[1 9],194,703,716,509,703
1,<environment.Job instance at 0x149cea6e6410>,82,3,[2 9],117,716,719,599,705
1,<environment.Job instance at 0x149cea304eb0>,132,2,[1 7],199,719,721,520,706
1,<environment.Job instance at 0x149cea3040f0>,131,2,[13  1],198,731,733,533,731
1,<environment.Job instance at 0x149ce97d3140>,20,3,[ 2 12],30,747,750,717,747
1,<environment.Job instance at 0x149cbaba7190>,117,3,[9 2],176,776,779,600,776
1,<environment.Job instance at 0x149ce976a0f0>,3,15,[10  1],6,6,21,0,6
1,<environment.Job instance at 0x149ce97b9050>,14,16,[7 1],21,26,42,5,26
1,<environment.Job instance at 0x149ce97b9140>,21,2,[1 6],30,40,42,10,40
1,<environment.Job instance at 0x149ce97b9730>,22,24,[9 2],31,42,66,11,40
1,<environment.Job instance at 0x149ce97b9a00>,25,2,[6 2],35,42,44,7,42
1,<environment.Job instance at 0x149ce97b9960>,28,1,[1 9],40,46,47,6,46
1,<environment.Job instance at 0x149cea3a5280>,29,1,[10  2],41,66,67,25,46
1,<environment.Job instance at 0x149cea3a50a0>,30,3,[1 7],44,47,50,3,46
1,<environment.Job instance at 0x149cea3a53c0>,31,1,[6 2],45,50,51,5,46
1,<environment.Job instance at 0x149cbab2b730>,39,1,[ 2 10],55,91,92,36,91
1,<environment.Job instance at 0x149cea6a8dc0>,42,2,[6 2],61,96,98,35,96
1,<environment.Job instance at 0x149cea6a8aa0>,43,1,[2 5],62,96,97,34,96
1,<environment.Job instance at 0x149cea6a8eb0>,45,2,[1 9],67,100,102,33,100
1,<environment.Job instance at 0x149ce97b9e10>,20,13,[9 1],29,105,118,76,105
1,<environment.Job instance at 0x149cf0a5ce60>,50,1,[2 5],74,108,109,34,108
1,<environment.Job instance at 0x149cf0a5c820>,51,2,[5 1],75,109,111,34,108
1,<environment.Job instance at 0x149cf0a5cc80>,55,1,[7 1],80,118,119,38,110
1,<environment.Job instance at 0x149cf0a5c1e0>,56,2,[2 7],81,111,113,30,110
1,<environment.Job instance at 0x149cf0a5c0f0>,57,23,[2 9],82,113,136,31,110
1,<environment.Job instance at 0x149ce9834500>,75,12,[7 1],111,153,165,42,153
1,<environment.Job instance at 0x149ce41bbd70>,73,2,[9 1],109,165,167,56,158
1,<environment.Job instance at 0x149ceeb0e4b0>,13,1,[6 2],20,217,218,197,217
1,<environment.Job instance at 0x149ce404e6e0>,95,3,[ 2 10],142,247,250,105,247
1,<environment.Job instance at 0x149cbabec1e0>,80,3,[13  1],117,249,252,132,249
1,<environment.Job instance at 0x149ce4273e60>,102,1,[1 8],156,250,251,94,249
1,<environment.Job instance at 0x149ce4273230>,103,2,[5 2],157,252,254,95,249
1,<environment.Job instance at 0x149ce42739b0>,104,19,[8 1],158,252,271,94,249
1,<environment.Job instance at 0x149ce97778c0>,105,1,[8 2],159,271,272,112,249
1,<environment.Job instance at 0x149ce9777960>,106,1,[1 6],160,250,251,90,249
1,<environment.Job instance at 0x149ce9777fa0>,107,2,[1 8],161,251,253,90,249
1,<environment.Job instance at 0x149cba671af0>,110,1,[5 1],164,264,265,100,264
1,<environment.Job instance at 0x149ce7b73640>,111,2,[2 7],165,268,270,103,268
1,<environment.Job instance at 0x149ce4273b90>,101,3,[6 2],155,281,284,126,281
1,<environment.Job instance at 0x149cbab7b0a0>,114,2,[10  2],168,284,286,116,283
1,<environment.Job instance at 0x149cbab7bb90>,115,1,[9 2],169,287,288,118,287
1,<environment.Job instance at 0x149ce437c960>,116,14,[2 7],170,294,308,124,294
1,<environment.Job instance at 0x149cbab7bb40>,113,1,[1 8],167,299,300,132,299
1,<environment.Job instance at 0x149ce989a910>,118,23,[5 2],174,352,375,178,352
1,<environment.Job instance at 0x149cbabe3910>,117,1,[10  1],172,367,368,195,367
1,<environment.Job instance at 0x149cea6a82d0>,47,2,[5 2],69,372,374,303,372
1,<environment.Job instance at 0x149cea740820>,121,17,[2 6],178,385,402,207,385
1,<environment.Job instance at 0x149cea2ce910>,122,1,[1 6],179,394,395,215,394
1,<environment.Job instance at 0x149ce432beb0>,2,1,[ 1 10],6,6,7,0,6
1,<environment.Job instance at 0x149ce432bbe0>,3,1,[2 6],7,7,8,0,7
1,<environment.Job instance at 0x149ce432b230>,4,1,[2 6],8,8,9,0,8
1,<environment.Job instance at 0x149ce432b910>,6,12,[1 9],11,13,25,2,13
1,<environment.Job instance at 0x149ce432bf50>,9,2,[1 9],14,25,27,11,14
1,<environment.Job instance at 0x149ce432b460>,10,1,[5 1],15,15,16,0,15
1,<environment.Job instance at 0x149ce432b780>,11,3,[6 2],17,17,20,0,17
1,<environment.Job instance at 0x149ce432ba50>,12,2,[2 7],18,27,29,9,18
1,<environment.Job instance at 0x149ce4320eb0>,19,14,[1 5],26,26,40,0,26
1,<environment.Job instance at 0x149ce4320d20>,20,1,[ 2 10],27,29,30,2,27
1,<environment.Job instance at 0x149ce4320870>,21,3,[ 2 10],28,30,33,2,28
1,<environment.Job instance at 0x149ce4320190>,22,2,[5 1],29,33,35,4,29
1,<environment.Job instance at 0x149ce43208c0>,24,1,[1 9],33,33,34,0,33
1,<environment.Job instance at 0x149ce4320730>,25,21,[2 7],34,34,55,0,34
1,<environment.Job instance at 0x149cf0a46820>,28,2,[9 2],37,37,39,0,37
1,<environment.Job instance at 0x149cf0a46a00>,30,1,[1 6],39,40,41,1,39
1,<environment.Job instance at 0x149ceebe2640>,31,27,[2 7],40,41,68,1,40
1,<environment.Job instance at 0x149ceebe23c0>,32,1,[1 9],41,68,69,27,41
1,<environment.Job instance at 0x149ceebe2f00>,36,2,[1 6],47,55,57,8,47
1,<environment.Job instance at 0x149ce4320550>,16,1,[2 6],23,57,58,34,51
1,<environment.Job instance at 0x149cba8e3230>,38,3,[ 2 13],54,69,72,15,56
1,<environment.Job instance at 0x149cba8e3410>,40,3,[10  1],56,56,59,0,56
1,<environment.Job instance at 0x149cba8e3050>,41,21,[1 5],59,72,93,13,64
1,<environment.Job instance at 0x149cba8e3730>,42,3,[2 8],60,64,67,4,64
1,<environment.Job instance at 0x149cef4ea5f0>,45,2,[5 2],63,67,69,4,64
1,<environment.Job instance at 0x149cef4ea320>,46,1,[5 1],64,67,68,3,64
1,<environment.Job instance at 0x149cbabcc730>,47,3,[8 1],65,68,71,3,65
1,<environment.Job instance at 0x149cba38d6e0>,48,3,[10  1],66,71,74,5,66
1,<environment.Job instance at 0x149cea3f5050>,53,3,[1 9],74,74,77,0,74
1,<environment.Job instance at 0x149cba309320>,59,2,[7 1],80,80,82,0,80
1,<environment.Job instance at 0x149ce4320aa0>,17,15,[8 2],24,82,97,58,81
1,<environment.Job instance at 0x149ce97cd6e0>,69,1,[2 7],93,93,94,0,93
1,<environment.Job instance at 0x149ce97cd190>,70,2,[5 1],94,94,96,0,94
1,<environment.Job instance at 0x149cea3df230>,64,3,[2 6],85,96,99,11,96
1,<environment.Job instance at 0x149ceea8de60>,80,2,[ 1 12],107,152,154,45,152
1,<environment.Job instance at 0x149cba62e9b0>,87,1,[10  2],118,152,153,34,152
1,<environment.Job instance at 0x149cba62e410>,91,2,[2 8],123,154,156,31,152
1,<environment.Job instance at 0x149cba62e050>,92,3,[1 7],125,154,157,29,153
1,<environment.Job instance at 0x149cba62e8c0>,93,2,[8 1],127,156,158,29,153
1,<environment.Job instance at 0x149cba62e280>,101,1,[6 1],138,166,167,28,166
1,<environment.Job instance at 0x149cba62e730>,102,3,[6 1],139,166,169,27,166
1,<environment.Job instance at 0x149cba62e7d0>,103,3,[9 1],140,167,170,27,166
1,<environment.Job instance at 0x149cba62e1e0>,104,3,[2 9],141,169,172,28,166
1,<environment.Job instance at 0x149ce979b410>,107,1,[5 1],146,170,171,24,168
1,<environment.Job instance at 0x149ce979b140>,108,3,[1 8],147,172,175,25,168
1,<environment.Job instance at 0x149ce979b2d0>,109,2,[5 1],148,170,172,22,168
1,<environment.Job instance at 0x149ce979b3c0>,111,2,[2 8],152,177,179,25,177
1,<environment.Job instance at 0x149cea403a50>,112,1,[ 1 10],153,179,180,26,177
1,<environment.Job instance at 0x149cea403b40>,113,16,[8 1],155,177,193,22,177
1,<environment.Job instance at 0x149cea403730>,116,1,[5 1],158,177,178,19,177
1,<environment.Job instance at 0x149cea403050>,117,3,[5 1],159,178,181,19,177
1,<environment.Job instance at 0x149cea4030a0>,118,18,[5 2],160,181,199,21,181
1,<environment.Job instance at 0x149cba6664b0>,127,1,[10  1],175,222,223,47,222
1,<environment.Job instance at 0x149ce97867d0>,65,3,[6 2],87,225,228,138,225
1,<environment.Job instance at 0x149ce9a2b280>,130,12,[5 2],178,225,237,47,225
1,<environment.Job instance at 0x149ce9a2b190>,131,3,[9 2],180,384,387,204,384
1,<environment.Job instance at 0x149ce43205a0>,18,3,[ 2 10],25,436,439,411,436
1,<environment.Job instance at 0x149cba9b0b90>,10,3,[7 2],16,16,19,0,16
1,<environment.Job instance at 0x149cba9b0d70>,14,1,[5 2],22,34,35,12,34
1,<environment.Job instance at 0x149cba9b0fa0>,18,1,[1 9],27,82,83,55,82
1,<environment.Job instance at 0x149cba9b0960>,13,1,[2 9],21,91,92,70,91
1,<environment.Job instance at 0x149cba9b0a00>,12,3,[5 1],19,95,98,76,95
1,<environment.Job instance at 0x149cba80d320>,22,2,[1 5],32,98,100,66,98
1,<environment.Job instance at 0x149cba80d3c0>,24,16,[6 2],34,99,115,65,99
1,<environment.Job instance at 0x149cba80d140>,21,1,[1 6],31,108,109,77,108
1,<environment.Job instance at 0x149cba9b0870>,9,15,[10  2],14,115,130,101,109
1,<environment.Job instance at 0x149cba80d730>,27,1,[7 1],38,114,115,76,114
1,<environment.Job instance at 0x149cba80d280>,23,3,[6 1],33,130,133,97,114
1,<environment.Job instance at 0x149cba80d5a0>,29,1,[ 2 10],41,114,115,73,114
1,<environment.Job instance at 0x149cba80d9b0>,31,1,[2 8],43,120,121,77,120
1,<environment.Job instance at 0x149cba80d820>,30,14,[10  2],42,133,147,91,122
1,<environment.Job instance at 0x149cba80ddc0>,38,2,[7 1],50,147,149,97,143
1,<environment.Job instance at 0x149cba80dfa0>,40,1,[11  2],52,149,150,97,144
1,<environment.Job instance at 0x149cba8341e0>,44,18,[1 6],57,153,171,96,153
1,<environment.Job instance at 0x149cba834370>,45,3,[9 1],58,153,156,95,153
1,<environment.Job instance at 0x149cba834280>,46,3,[9 1],59,156,159,97,153
1,<environment.Job instance at 0x149ce43b9e10>,5,2,[7 1],8,8,10,0,8
1,<environment.Job instance at 0x149ce43b98c0>,6,1,[1 7],9,9,10,0,9
1,<environment.Job instance at 0x149ce43b9640>,7,1,[5 2],11,11,12,0,11
1,<environment.Job instance at 0x149ce43b9fa0>,11,1,[10  2],18,18,19,0,18
1,<environment.Job instance at 0x149ce43b9a50>,12,27,[6 1],19,20,47,1,20
1,<environment.Job instance at 0x149ce43ac5f0>,22,13,[7 1],35,987,1000,952,987
1,<environment.Job instance at 0x149cba6a89b0>,2,21,[5 1],4,4,25,0,4
1,<environment.Job instance at 0x149ce97a20a0>,10,24,[5 2],18,19,43,1,19
1,<environment.Job instance at 0x149ce97a2050>,13,12,[1 6],24,53,65,29,53
1,<environment.Job instance at 0x149ce97a2500>,12,3,[1 8],22,93,96,71,93
1,<environment.Job instance at 0x149ce97a2870>,15,18,[8 1],28,116,134,88,116
1,<environment.Job instance at 0x149ce97a2d20>,23,2,[8 1],41,210,212,169,210
1,<environment.Job instance at 0x149ce97a2e10>,24,20,[1 9],42,216,236,174,216
1,<environment.Job instance at 0x149ce97a2dc0>,25,1,[7 2],44,216,217,172,216
1,<environment.Job instance at 0x149ce97a25a0>,14,15,[6 2],27,238,253,211,238
1,<environment.Job instance at 0x149ce97a2f00>,26,1,[5 1],45,267,268,222,267
1,<environment.Job instance at 0x149ce97a2e60>,28,2,[2 7],49,319,321,270,319
1,<environment.Job instance at 0x149ce97a2f50>,27,2,[5 1],48,324,326,276,324
1,<environment.Job instance at 0x149ce97ab050>,29,15,[5 1],51,348,363,297,348
1,<environment.Job instance at 0x149ce97ab140>,31,3,[2 8],53,391,394,338,391
1,<environment.Job instance at 0x149ce97ab460>,32,1,[2 8],55,401,402,346,401
1,<environment.Job instance at 0x149ce97ab230>,33,1,[6 2],56,454,455,398,454
1,<environment.Job instance at 0x149ce97ab3c0>,34,2,[1 7],57,472,474,415,472
1,<environment.Job instance at 0x149ce97ab280>,35,23,[10  2],58,472,495,414,472
1,<environment.Job instance at 0x149ce97ab5f0>,36,3,[6 1],59,495,498,436,475
1,<environment.Job instance at 0x149ce97ab6e0>,37,2,[13  2],62,507,509,445,507
1,<environment.Job instance at 0x149ce97ab7d0>,38,2,[5 1],63,523,525,460,523
1,<environment.Job instance at 0x149ce97ab780>,39,1,[8 2],65,534,535,469,534
1,<environment.Job instance at 0x149ce97ab820>,40,25,[2 7],67,537,562,470,537
1,<environment.Job instance at 0x149ce97ab9b0>,41,3,[1 7],69,594,597,525,594
1,<environment.Job instance at 0x149ce97abaf0>,42,19,[8 1],72,595,614,523,595
1,<environment.Job instance at 0x149ce97ab870>,43,3,[10  2],74,614,617,540,610
1,<environment.Job instance at 0x149ce97abb90>,44,1,[9 1],75,617,618,542,611
1,<environment.Job instance at 0x149ce97abb40>,45,2,[8 2],76,618,620,542,612
1,<environment.Job instance at 0x149ce97abbe0>,46,2,[6 1],77,623,625,546,623
1,<environment.Job instance at 0x149ce97abcd0>,47,1,[2 6],78,659,660,581,659
1,<environment.Job instance at 0x149ce97ab1e0>,30,3,[5 2],52,666,669,614,666
1,<environment.Job instance at 0x149ce97abd20>,49,1,[1 7],80,666,667,586,666
1,<environment.Job instance at 0x149ce97abc30>,48,2,[2 7],79,733,735,654,733
1,<environment.Job instance at 0x149ce97abdc0>,51,3,[6 2],84,758,761,674,758
1,<environment.Job instance at 0x149ce97abf50>,52,1,[8 2],85,801,802,716,801
1,<environment.Job instance at 0x149ce978b0f0>,53,18,[9 2],86,804,822,718,804
1,<environment.Job instance at 0x149ce978b140>,54,3,[8 1],87,825,828,738,825
1,<environment.Job instance at 0x149ce978b190>,55,3,[5 1],88,887,890,799,887
1,<environment.Job instance at 0x149ce978b1e0>,56,2,[9 1],89,893,895,804,893
1,<environment.Job instance at 0x149ce97abfa0>,50,1,[1 7],83,895,896,812,895
1,<environment.Job instance at 0x149ce978b320>,57,3,[7 1],91,931,934,840,931
1,<environment.Job instance at 0x149ce978b640>,59,14,[7 1],95,936,950,841,936
1,<environment.Job instance at 0x149ce978b690>,60,3,[ 2 10],97,1018,1021,921,1018
1,<environment.Job instance at 0x149ce978ba00>,61,3,[6 2],98,1037,1040,939,1037
1,<environment.Job instance at 0x149ce978b8c0>,58,1,[1 9],94,1040,1041,946,1040
1,<environment.Job instance at 0x149ce978baa0>,62,3,[6 1],100,1042,1045,942,1042
1,<environment.Job instance at 0x149ce978bc30>,64,3,[7 2],106,1086,1089,980,1086
1,<environment.Job instance at 0x149ce978bb90>,63,3,[6 1],105,1103,1106,998,1103
1,<environment.Job instance at 0x149ce978bbe0>,65,15,[8 1],107,1116,1131,1009,1116
1,<environment.Job instance at 0x149ce978bc80>,67,2,[8 1],110,1162,1164,1052,1162
1,<environment.Job instance at 0x149ce978bfa0>,68,2,[7 1],113,1163,1165,1050,1163
1,<environment.Job instance at 0x149ce978beb0>,69,15,[7 1],114,1179,1194,1065,1179
1,<environment.Job instance at 0x149ce978bf50>,70,3,[1 6],116,1185,1188,1069,1185
1,<environment.Job instance at 0x149ce97a1050>,71,2,[6 1],117,1198,1200,1081,1198
1,<environment.Job instance at 0x149ce97a1140>,73,3,[1 6],119,1207,1210,1088,1207
1,<environment.Job instance at 0x149ce97a1410>,74,17,[5 1],124,1210,1227,1086,1210
1,<environment.Job instance at 0x149ce978be10>,66,3,[1 7],109,1215,1218,1106,1215
1,<environment.Job instance at 0x149ce97a1320>,75,2,[1 5],126,1221,1223,1095,1221
1,<environment.Job instance at 0x149ce97a13c0>,77,16,[2 6],131,1225,1241,1094,1225
1,<environment.Job instance at 0x149ce97a1690>,78,1,[7 2],133,1244,1245,1111,1244
1,<environment.Job instance at 0x149ce97a1500>,79,1,[10  2],134,1248,1249,1114,1248
1,<environment.Job instance at 0x149ce97a15a0>,76,1,[7 2],130,1250,1251,1120,1250
1,<environment.Job instance at 0x149ce97a1730>,80,13,[1 8],135,1264,1277,1129,1264
1,<environment.Job instance at 0x149ce97a1870>,82,3,[6 1],137,1270,1273,1133,1270
1,<environment.Job instance at 0x149ce97a1a50>,83,2,[6 2],141,1271,1273,1130,1271
1,<environment.Job instance at 0x149ce97a19b0>,84,3,[14  1],142,1275,1278,1133,1275
1,<environment.Job instance at 0x149ce97a1aa0>,85,2,[2 7],145,1284,1286,1139,1284
1,<environment.Job instance at 0x149ce97a1b40>,86,18,[5 1],148,1288,1306,1140,1288
1,<environment.Job instance at 0x149ce97a16e0>,81,3,[8 1],136,1294,1297,1158,1294
1,<environment.Job instance at 0x149ce97a1780>,87,3,[6 2],150,1297,1300,1147,1295
1,<environment.Job instance at 0x149ce97a1be0>,89,2,[1 6],152,1319,1321,1167,1319
1,<environment.Job instance at 0x149ce97a1e10>,90,13,[1 7],154,1333,1346,1179,1333
1,<environment.Job instance at 0x149ce97a1d70>,91,3,[1 9],155,1358,1361,1203,1358
1,<environment.Job instance at 0x149ce97a1eb0>,92,3,[8 2],156,1371,1374,1215,1371
1,<environment.Job instance at 0x149ce97a1f00>,93,13,[8 2],157,1374,1387,1217,1373
1,<environment.Job instance at 0x149ce97a1fa0>,94,22,[7 2],158,1375,1397,1217,1375
1,<environment.Job instance at 0x149ce97c40f0>,95,3,[6 2],159,1387,1390,1228,1385
1,<environment.Job instance at 0x149ce97a1c80>,88,2,[10  2],151,1397,1399,1246,1386
1,<environment.Job instance at 0x149ce97c40a0>,96,3,[9 2],160,1399,1402,1239,1396
1,<environment.Job instance at 0x149ce97c4280>,98,2,[ 2 10],163,1398,1400,1235,1398
1,<environment.Job instance at 0x149ce97c4410>,99,21,[2 7],165,1400,1421,1235,1398
1,<environment.Job instance at 0x149ce97c43c0>,100,3,[2 8],166,1425,1428,1259,1425
1,<environment.Job instance at 0x149ce97c4550>,101,14,[1 6],168,1426,1440,1258,1426
1,<environment.Job instance at 0x149ce97c45f0>,102,2,[6 2],169,1437,1439,1268,1437
1,<environment.Job instance at 0x149ce97c45a0>,103,1,[2 6],170,1437,1438,1267,1437
1,<environment.Job instance at 0x149ce97c4460>,104,3,[7 1],171,1442,1445,1271,1442
1,<environment.Job instance at 0x149ce97c4640>,105,3,[1 7],173,1443,1446,1270,1443
1,<environment.Job instance at 0x149ce97c4780>,106,15,[10  2],174,1446,1461,1272,1446
1,<environment.Job instance at 0x149ce97c4820>,107,2,[5 1],176,1447,1449,1271,1447
1,<environment.Job instance at 0x149ce97c4140>,97,13,[6 1],161,1461,1474,1300,1453
1,<environment.Job instance at 0x149ce97c49b0>,108,1,[8 1],177,1470,1471,1293,1470
1,<environment.Job instance at 0x149ce97c48c0>,110,18,[2 5],179,1471,1489,1292,1470
1,<environment.Job instance at 0x149ce97c4af0>,111,21,[1 8],180,1474,1495,1294,1474
1,<environment.Job instance at 0x149ce97c4a00>,112,1,[6 1],181,1475,1476,1294,1475
1,<environment.Job instance at 0x149ce97c4be0>,113,15,[2 6],183,1489,1504,1306,1479
1,<environment.Job instance at 0x149ce97c4c80>,114,21,[10  2],184,1495,1516,1311,1487
1,<environment.Job instance at 0x149ce97c4d70>,115,15,[9 1],185,1516,1531,1331,1504
1,<environment.Job instance at 0x149ce97c4d20>,116,1,[5 1],186,1514,1515,1328,1514
1,<environment.Job instance at 0x149ce97c4fa0>,117,3,[2 6],189,1533,1536,1344,1533
1,<environment.Job instance at 0x149ce97c4eb0>,118,18,[2 9],190,1536,1554,1346,1536
1,<environment.Job instance at 0x149ce97c4f50>,119,3,[9 1],192,1541,1544,1349,1541
1,<environment.Job instance at 0x149ce97c4960>,109,3,[2 9],178,1554,1557,1376,1551
1,<environment.Job instance at 0x149ce9787140>,120,3,[2 6],193,1555,1558,1362,1555
1,<environment.Job instance at 0x149ce9787190>,122,12,[10  2],195,1563,1575,1368,1563
1,<environment.Job instance at 0x149ce97872d0>,123,2,[9 2],196,1575,1577,1379,1564
1,<environment.Job instance at 0x149ce97871e0>,124,2,[2 8],197,1584,1586,1387,1584
1,<environment.Job instance at 0x149ce97873c0>,125,1,[1 5],199,1584,1585,1385,1584
1,<environment.Job instance at 0x149ce97870a0>,121,2,[8 1],194,1726,1728,1532,1726
1,<environment.Job instance at 0x149ce97a2370>,8,3,[ 1 12],15,2150,2153,2135,2150
1,<environment.Job instance at 0x149ce97a2b40>,22,3,[14  2],38,2164,2167,2126,2164
1,<environment.Job instance at 0x149ce97a11e0>,72,1,[10  2],118,2198,2199,2080,2198
1,<environment.Job instance at 0x149ce422f2d0>,11,28,[7 2],15,38,66,23,38
1,<environment.Job instance at 0x149cba19fbe0>,9,15,[9 2],13,256,271,243,256
1,<environment.Job instance at 0x149ce422f3c0>,15,25,[9 2],20,279,304,259,279
1,<environment.Job instance at 0x149cef528820>,17,18,[6 2],23,279,297,256,279
1,<environment.Job instance at 0x149cba205820>,18,14,[1 9],24,297,311,273,286
1,<environment.Job instance at 0x149cef528640>,19,13,[1 9],26,399,412,373,399
1,<environment.Job instance at 0x149cba385370>,22,2,[1 6],31,405,407,374,405
1,<environment.Job instance at 0x149cba3858c0>,23,1,[1 8],32,412,413,380,407
1,<environment.Job instance at 0x149ce4022d70>,26,2,[ 1 10],38,413,415,375,409
1,<environment.Job instance at 0x149cba19f320>,8,1,[7 2],11,410,411,399,410
1,<environment.Job instance at 0x149ce4022dc0>,28,16,[2 9],40,415,431,375,412
1,<environment.Job instance at 0x149ce97b7b40>,5,3,[ 2 13],8,431,434,423,412
1,<environment.Job instance at 0x149ce9a15640>,40,24,[2 7],56,441,465,385,441
1,<environment.Job instance at 0x149cea42eeb0>,31,3,[8 2],43,462,465,419,462
1,<environment.Job instance at 0x149ce999df50>,57,1,[9 1],85,495,496,410,495
1,<environment.Job instance at 0x149ce999d370>,56,1,[1 7],81,495,496,414,495
1,<environment.Job instance at 0x149cf03eeb90>,61,1,[1 5],90,496,497,406,496
1,<environment.Job instance at 0x149cf03eebe0>,62,1,[ 1 12],91,497,498,406,496
1,<environment.Job instance at 0x149cea321dc0>,63,1,[8 1],94,496,497,402,496
1,<environment.Job instance at 0x149cf03ee730>,60,3,[1 5],89,498,501,409,496
1,<environment.Job instance at 0x149cea321b40>,64,3,[8 1],96,500,503,404,500
1,<environment.Job instance at 0x149cea3215f0>,67,3,[2 7],104,500,503,396,500
1,<environment.Job instance at 0x149cea321b90>,68,2,[10  2],106,503,505,397,503
1,<environment.Job instance at 0x149cea321c80>,70,2,[2 7],108,505,507,397,505
1,<environment.Job instance at 0x149cea3212d0>,71,2,[9 2],109,505,507,396,505
1,<environment.Job instance at 0x149ce422f410>,10,17,[5 1],14,526,543,512,526
1,<environment.Job instance at 0x149cea725be0>,73,2,[6 2],111,532,534,421,532
1,<environment.Job instance at 0x149cea3cf690>,48,3,[ 2 10],69,537,540,468,537
1,<environment.Job instance at 0x149cea7258c0>,76,1,[10  2],115,540,541,425,537
1,<environment.Job instance at 0x149cea725910>,74,3,[2 9],112,569,572,457,569
1,<environment.Job instance at 0x149cea321280>,66,1,[13  1],103,577,578,474,577
1,<environment.Job instance at 0x149cea725410>,77,2,[1 9],116,577,579,461,577
1,<environment.Job instance at 0x149cef483b40>,87,18,[6 1],131,578,596,447,577
1,<environment.Job instance at 0x149cba5ea230>,96,3,[7 1],147,594,597,447,594
1,<environment.Job instance at 0x149cba5eae60>,97,2,[1 8],148,594,596,446,594
1,<environment.Job instance at 0x149cba5eaeb0>,98,3,[5 1],149,596,599,447,594
1,<environment.Job instance at 0x149cba5eacd0>,99,1,[1 9],150,596,597,446,594
1,<environment.Job instance at 0x149cba5eabe0>,101,17,[7 1],153,598,615,445,598
1,<environment.Job instance at 0x149cba5ea280>,106,1,[7 2],160,619,620,459,619
1,<environment.Job instance at 0x149cef483c30>,85,3,[9 2],127,626,629,499,626
1,<environment.Job instance at 0x149cba5ea370>,111,14,[1 7],168,627,641,459,627
1,<environment.Job instance at 0x149cba5ea190>,109,3,[ 2 10],166,641,644,475,630
1,<environment.Job instance at 0x149cba313910>,117,1,[2 9],175,644,645,469,644
1,<environment.Job instance at 0x149cba313aa0>,118,1,[10  1],176,644,645,468,644
1,<environment.Job instance at 0x149cba3136e0>,126,2,[1 7],187,671,673,484,671
1,<environment.Job instance at 0x149cba313550>,125,3,[ 2 12],186,673,676,487,673
1,<environment.Job instance at 0x149cba3137d0>,129,13,[6 1],192,673,686,481,673
1,<environment.Job instance at 0x149cba313be0>,130,3,[7 2],193,673,676,480,673
1,<environment.Job instance at 0x149cba3139b0>,133,3,[9 1],198,676,679,478,673
1,<environment.Job instance at 0x149cba313460>,132,20,[10  2],197,686,706,489,680
1,<environment.Job instance at 0x149cba5ea550>,113,1,[2 5],171,682,683,511,682
1,<environment.Job instance at 0x149cef483730>,82,1,[ 1 10],123,697,698,574,697
1,<environment.Job instance at 0x149cba136780>,29,19,[2 7],41,721,740,680,721
1,<environment.Job instance at 0x149cba22d140>,0,22,[1 5],1,1,23,0,1
1,<environment.Job instance at 0x149cba381d20>,12,14,[5 1],26,33,47,7,33
1,<environment.Job instance at 0x149cbaadf8c0>,19,3,[ 1 10],34,34,37,0,34
1,<environment.Job instance at 0x149cbaadf9b0>,20,2,[7 2],36,36,38,0,36
1,<environment.Job instance at 0x149cbaadfd70>,21,2,[2 7],38,38,40,0,38
1,<environment.Job instance at 0x149cbaadf190>,22,3,[2 7],40,40,43,0,40
1,<environment.Job instance at 0x149cbaadf1e0>,23,2,[1 8],41,43,45,2,41
1,<environment.Job instance at 0x149cbaadf5a0>,24,1,[2 6],42,42,43,0,42
1,<environment.Job instance at 0x149cbaadf5f0>,26,12,[ 1 13],46,69,81,23,69
1,<environment.Job instance at 0x149cf03fb1e0>,31,2,[6 2],52,69,71,17,69
1,<environment.Job instance at 0x149cef561b90>,42,3,[9 1],70,75,78,5,75
1,<environment.Job instance at 0x149ceeb08320>,43,3,[2 6],71,81,84,10,75
1,<environment.Job instance at 0x149ceeb08140>,44,2,[ 1 10],72,84,86,12,75
1,<environment.Job instance at 0x149cea704e10>,45,2,[2 7],75,81,83,6,75
1,<environment.Job instance at 0x149cba324460>,47,1,[10  1],80,88,89,8,88
1,<environment.Job instance at 0x149cba324870>,48,16,[1 8],81,88,104,7,88
1,<environment.Job instance at 0x149cba324280>,50,25,[2 9],85,104,129,19,100
1,<environment.Job instance at 0x149cba324c30>,51,1,[7 2],87,100,101,13,100
1,<environment.Job instance at 0x149ce439ad70>,53,2,[2 6],91,101,103,10,100
1,<environment.Job instance at 0x149cba5a8050>,54,2,[5 1],92,100,102,8,100
1,<environment.Job instance at 0x149cf03fbdc0>,30,2,[10  2],51,115,117,64,115
1,<environment.Job instance at 0x149cba37e910>,65,2,[2 5],105,117,119,12,115
1,<environment.Job instance at 0x149ce9826690>,66,2,[ 2 10],106,129,131,23,115
1,<environment.Job instance at 0x149cba29ad20>,67,1,[8 1],107,117,118,10,115
1,<environment.Job instance at 0x149cea34adc0>,68,1,[5 1],108,118,119,10,115
1,<environment.Job instance at 0x149cf0bde9b0>,69,1,[5 1],109,119,120,10,115
1,<environment.Job instance at 0x149cba69bd70>,70,1,[10  2],110,120,121,10,115
1,<environment.Job instance at 0x149cba3a2960>,72,2,[2 8],116,131,133,15,116
1,<environment.Job instance at 0x149cea342280>,74,1,[9 1],118,121,122,3,118
1,<environment.Job instance at 0x149cba30f280>,75,1,[1 9],119,133,134,14,119
1,<environment.Job instance at 0x149cba49a320>,81,1,[10  2],125,137,138,12,137
1,<environment.Job instance at 0x149cea2f81e0>,89,1,[2 7],135,163,164,28,163
1,<environment.Job instance at 0x149cea2f82d0>,90,22,[6 2],136,163,185,27,163
1,<environment.Job instance at 0x149cf0e94320>,62,1,[ 2 12],101,189,190,88,189
1,<environment.Job instance at 0x149cbab0a780>,95,2,[2 9],143,219,221,76,219
1,<environment.Job instance at 0x149cef413140>,97,1,[6 2],146,232,233,86,232
1,<environment.Job instance at 0x149cf03fb9b0>,28,2,[5 2],49,233,235,184,233
1,<environment.Job instance at 0x149ce98eebe0>,99,1,[7 1],148,236,237,88,236
1,<environment.Job instance at 0x149ce98ee780>,100,17,[10  1],149,237,254,88,237
1,<environment.Job instance at 0x149cef413820>,98,18,[2 8],147,248,266,101,248
1,<environment.Job instance at 0x149ce978dbe0>,102,14,[1 8],153,266,280,113,266
1,<environment.Job instance at 0x149ce98ee4b0>,103,1,[1 6],154,285,286,131,285
1,<environment.Job instance at 0x149ce98ee500>,104,3,[6 1],156,289,292,133,289
1,<environment.Job instance at 0x149cea703910>,105,1,[9 1],158,315,316,157,315
1,<environment.Job instance at 0x149ceea97a00>,106,3,[5 2],159,328,331,169,328
1,<environment.Job instance at 0x149cf03fb910>,38,12,[2 6],64,331,343,267,331
1,<environment.Job instance at 0x149cea2ea370>,109,2,[1 9],162,346,348,184,346
1,<environment.Job instance at 0x149cea2eafa0>,110,1,[2 6],163,346,347,183,346
1,<environment.Job instance at 0x149ceea97be0>,107,2,[2 5],160,347,349,187,347
1,<environment.Job instance at 0x149cea2ea780>,112,1,[9 1],166,348,349,182,348
1,<environment.Job instance at 0x149ce999a140>,113,1,[8 1],168,349,350,181,349
1,<environment.Job instance at 0x149ce999a4b0>,114,14,[8 2],171,351,365,180,351
1,<environment.Job instance at 0x149cba383140>,115,3,[2 6],172,354,357,182,354
1,<environment.Job instance at 0x149cba383780>,116,1,[10  1],173,365,366,192,358
1,<environment.Job instance at 0x149cba5c7140>,117,2,[1 6],175,358,360,183,358
1,<environment.Job instance at 0x149ce999a2d0>,118,28,[1 5],177,358,386,181,358
1,<environment.Job instance at 0x149cef411e60>,119,3,[5 1],178,361,364,183,361
1,<environment.Job instance at 0x149cef411820>,120,1,[1 6],179,362,363,183,362
1,<environment.Job instance at 0x149cbab41eb0>,121,16,[1 8],180,364,380,184,363
1,<environment.Job instance at 0x149ce40572d0>,122,3,[2 5],182,380,383,198,363
1,<environment.Job instance at 0x149cbab41be0>,123,17,[14  2],184,383,400,199,371
1,<environment.Job instance at 0x149cbab41960>,124,1,[1 6],185,386,387,201,384
1,<environment.Job instance at 0x149cbab41640>,126,28,[1 9],188,387,415,199,387
1,<environment.Job instance at 0x149ce98ee230>,101,1,[6 2],150,400,401,250,388
1,<environment.Job instance at 0x149cba7470f0>,127,18,[2 6],189,401,419,212,391
1,<environment.Job instance at 0x149ce99774b0>,129,16,[2 5],192,415,431,223,402
1,<environment.Job instance at 0x149cba20faf0>,130,3,[8 2],193,417,420,224,417
1,<environment.Job instance at 0x149cbabab3c0>,131,17,[2 6],194,419,436,225,418
1,<environment.Job instance at 0x149cba20fc80>,132,2,[5 1],195,429,431,234,429
1,<environment.Job instance at 0x149ce93187d0>,133,22,[1 5],196,431,453,235,429
1,<environment.Job instance at 0x149ce40789b0>,128,2,[6 2],190,457,459,267,457
1,<environment.Job instance at 0x149ce9318a00>,135,13,[10  1],198,464,477,266,464
1,<environment.Job instance at 0x149ce9318be0>,134,12,[2 7],197,477,489,280,477
1,<environment.Job instance at 0x149ceea97a50>,108,12,[2 7],161,763,775,602,763
1,<environment.Job instance at 0x149cba49af50>,88,3,[ 2 13],134,2606,2609,2472,2606
1,<environment.Job instance at 0x149cea354af0>,4,2,[12  1],5,8,10,3,8
1,<environment.Job instance at 0x149cea354e60>,7,1,[9 2],9,10,11,1,9
1,<environment.Job instance at 0x149cea354f00>,9,1,[6 2],12,12,13,0,12
1,<environment.Job instance at 0x149cf0ad0b40>,10,2,[5 2],13,13,15,0,13
1,<environment.Job instance at 0x149cf0ad0a50>,11,1,[6 1],14,14,15,0,14
1,<environment.Job instance at 0x149cea43c960>,18,2,[ 2 10],21,21,23,0,21
1,<environment.Job instance at 0x149cf0ad09b0>,16,1,[ 1 12],19,28,29,9,28
1,<environment.Job instance at 0x149ce99af2d0>,33,3,[1 7],42,241,244,199,241
1,<environment.Job instance at 0x149ce9779820>,48,1,[1 7],69,1033,1034,964,1033
1,<environment.Job instance at 0x149cba42bb90>,49,3,[5 1],70,1075,1078,1005,1075
1,<environment.Job instance at 0x149cba42bbe0>,50,1,[2 9],72,1193,1194,1121,1193
1,<environment.Job instance at 0x149cba42bb40>,51,18,[2 9],74,1203,1221,1129,1203
1,<environment.Job instance at 0x149cba42b870>,52,2,[1 9],75,1308,1310,1233,1308
1,<environment.Job instance at 0x149cba42bfa0>,53,3,[10  1],76,1448,1451,1372,1448
1,<environment.Job instance at 0x149cba42b4b0>,54,1,[7 2],78,1539,1540,1461,1539
1,<environment.Job instance at 0x149cea3c1190>,55,2,[6 1],79,1554,1556,1475,1554
1,<environment.Job instance at 0x149cea3c16e0>,56,2,[2 5],80,1806,1808,1726,1806
1,<environment.Job instance at 0x149cea3c1c30>,57,14,[1 6],81,2115,2129,2034,2115
1,<environment.Job instance at 0x149cea3c1dc0>,58,3,[8 1],82,2172,2175,2090,2172
1,<environment.Job instance at 0x149cea3c1be0>,59,15,[1 7],83,2442,2457,2359,2442
1,<environment.Job instance at 0x149cea3c1b90>,60,18,[ 2 10],84,2502,2520,2418,2502
1,<environment.Job instance at 0x149cea3c1c80>,61,18,[8 2],86,2507,2525,2421,2507
1,<environment.Job instance at 0x149cea3c1960>,62,1,[1 9],87,2540,2541,2453,2540
1,<environment.Job instance at 0x149cea3c1eb0>,63,3,[7 2],88,2627,2630,2539,2627
1,<environment.Job instance at 0x149cef4b6550>,64,3,[10  2],89,2692,2695,2603,2692
1,<environment.Job instance at 0x149cba449e60>,65,21,[10  2],90,2696,2717,2606,2696
1,<environment.Job instance at 0x149ce4025a50>,66,2,[ 2 10],91,2801,2803,2710,2801
