iteration,job object,job ID,job Length,job ressource requirement,job enter time,job start time,job finish time,job waiting time,current time
1,<environment.Job instance at 0x7f30e0eb54b0>,2,12,[5 4],3,3,15,0,3
1,<environment.Job instance at 0x7f30d7764c30>,4,18,[10  4],5,15,33,10,5
1,<environment.Job instance at 0x7f30d7764f00>,5,13,[5 9],6,20,33,14,6
1,<environment.Job instance at 0x7f30d7764be0>,7,14,[5 1],8,33,47,25,18
1,<environment.Job instance at 0x7f30d76e2460>,13,13,[1 8],14,33,46,19,18
1,<environment.Job instance at 0x7f30d76e2500>,14,12,[3 7],15,46,58,31,29
1,<environment.Job instance at 0x7f30d76e2640>,16,12,[1 8],17,47,59,30,30
1,<environment.Job instance at 0x7f30d76e2050>,18,16,[8 5],19,58,74,39,45
1,<environment.Job instance at 0x7f30d76e2a50>,23,18,[5 2],24,58,76,34,47
1,<environment.Job instance at 0x7f30d76e2fa0>,29,13,[1 6],30,59,72,29,47
1,<environment.Job instance at 0x7f30d76ec9b0>,1,2,[4 9],2,2,4,0,2
1,<environment.Job instance at 0x7f30d76e2eb0>,2,3,[ 3 11],3,4,7,1,3
1,<environment.Job instance at 0x7f30d7828a00>,4,14,[1 7],5,7,21,2,5
1,<environment.Job instance at 0x7f30d7828b90>,5,17,[4 7],6,7,24,1,6
1,<environment.Job instance at 0x7f30d76e2f50>,7,3,[8 4],8,21,24,13,8
1,<environment.Job instance at 0x7f30d784c820>,13,15,[1 5],14,24,39,10,14
1,<environment.Job instance at 0x7f30d784cdc0>,14,12,[6 1],15,24,36,9,15
1,<environment.Job instance at 0x7f30d784ca50>,15,13,[3 5],16,24,37,8,16
1,<environment.Job instance at 0x7f30d784c3c0>,16,3,[ 2 10],17,37,40,20,17
1,<environment.Job instance at 0x7f30d78288c0>,9,14,[ 2 10],10,40,54,30,29
1,<environment.Job instance at 0x7f30d784ce10>,17,26,[5 4],18,39,65,21,36
1,<environment.Job instance at 0x7f30d784ceb0>,19,13,[7 2],20,54,67,34,38
1,<environment.Job instance at 0x7f30d6e77640>,1,1,[9 4],2,2,3,0,2
1,<environment.Job instance at 0x7f30d6e76870>,3,17,[5 6],4,4,21,0,4
1,<environment.Job instance at 0x7f30d6e76af0>,4,17,[5 4],5,5,22,0,5
1,<environment.Job instance at 0x7f30d6e76410>,5,1,[3 6],6,21,22,15,6
1,<environment.Job instance at 0x7f30d6e765f0>,6,12,[2 6],7,22,34,15,7
1,<environment.Job instance at 0x7f30d6e76dc0>,7,3,[7 4],8,21,24,13,8
1,<environment.Job instance at 0x7f30d6e76a00>,13,3,[1 6],14,24,27,10,14
1,<environment.Job instance at 0x7f30d6e76fa0>,14,12,[6 1],15,22,34,7,15
1,<environment.Job instance at 0x7f30d6e76190>,15,14,[9 1],16,34,48,18,19
1,<environment.Job instance at 0x7f30d6e76b40>,18,3,[2 7],19,27,30,8,19
1,<environment.Job instance at 0x7f30d6e763c0>,19,16,[1 8],20,30,46,10,20
1,<environment.Job instance at 0x7f30d6e3d870>,24,15,[9 1],25,48,63,23,34
1,<environment.Job instance at 0x7f30d6e3d5a0>,25,15,[5 3],26,34,49,8,34
1,<environment.Job instance at 0x7f30d6e3d690>,27,3,[1 8],28,46,49,18,34
1,<environment.Job instance at 0x7f30d71ddd20>,0,13,[2 6],1,1,14,0,1
1,<environment.Job instance at 0x7f30d7192a50>,2,16,[6 2],3,3,19,0,3
1,<environment.Job instance at 0x7f30d6dea780>,3,1,[5 6],4,4,5,0,4
1,<environment.Job instance at 0x7f30d71251e0>,4,2,[8 5],5,14,16,9,5
1,<environment.Job instance at 0x7f30d6dea1e0>,5,14,[3 8],6,16,30,10,6
1,<environment.Job instance at 0x7f30d741a8c0>,6,2,[8 2],7,19,21,12,7
1,<environment.Job instance at 0x7f30d719c140>,9,3,[4 8],10,30,33,20,11
1,<environment.Job instance at 0x7f30d70a2500>,11,3,[1 5],12,12,15,0,12
1,<environment.Job instance at 0x7f30d70a2320>,12,1,[10  1],13,21,22,8,13
1,<environment.Job instance at 0x7f30d70a2690>,10,12,[6 3],11,22,34,11,20
1,<environment.Job instance at 0x7f30d719c9b0>,8,16,[3 9],9,33,49,24,20
1,<environment.Job instance at 0x7f30d7151b90>,15,3,[5 5],16,34,37,18,20
1,<environment.Job instance at 0x7f30d70a2a00>,17,18,[5 2],18,37,55,19,26
1,<environment.Job instance at 0x7f30d70ae280>,18,18,[4 6],19,49,67,30,38
1,<environment.Job instance at 0x7f30d70aee60>,19,16,[3 5],20,49,65,29,38
1,<environment.Job instance at 0x7f30d70ae500>,21,14,[5 3],22,55,69,33,40
1,<environment.Job instance at 0x7f30d6e10be0>,0,2,[3 8],1,1,3,0,1
1,<environment.Job instance at 0x7f30d6e10780>,1,2,[12  1],2,3,5,1,3
1,<environment.Job instance at 0x7f30d73d9a50>,2,14,[9 2],3,5,19,2,4
1,<environment.Job instance at 0x7f30d6cbb690>,3,27,[5 3],4,5,32,1,4
1,<environment.Job instance at 0x7f30d6cbb870>,5,17,[5 9],6,19,36,13,7
1,<environment.Job instance at 0x7f30d6cbb8c0>,6,13,[5 1],7,19,32,12,7
1,<environment.Job instance at 0x7f30d6cbba50>,9,3,[ 4 12],10,36,39,26,19
1,<environment.Job instance at 0x7f30d6cbb730>,10,17,[2 9],11,39,56,28,27
1,<environment.Job instance at 0x7f30d6cbba00>,7,1,[1 6],8,32,33,24,27
1,<environment.Job instance at 0x7f30d6cbbe10>,13,12,[5 1],14,33,45,19,27
1,<environment.Job instance at 0x7f30d6cbbd70>,12,17,[10  4],13,45,62,32,36
1,<environment.Job instance at 0x7f30d6cbbeb0>,14,13,[5 9],15,56,69,41,45
1,<environment.Job instance at 0x7f30d6d0ff00>,1,3,[1 8],2,2,5,0,2
1,<environment.Job instance at 0x7f30d6ca4b40>,2,13,[2 5],3,3,16,0,3
1,<environment.Job instance at 0x7f30d6ca4e10>,3,14,[3 5],4,5,19,1,4
1,<environment.Job instance at 0x7f30d6ca4cd0>,4,17,[1 9],5,16,33,11,5
1,<environment.Job instance at 0x7f30d6ca4c80>,5,2,[9 2],6,6,8,0,6
1,<environment.Job instance at 0x7f30d6ca4aa0>,6,2,[5 1],7,8,10,1,7
1,<environment.Job instance at 0x7f30d6ca48c0>,7,1,[1 7],8,33,34,25,8
1,<environment.Job instance at 0x7f30d6ca43c0>,8,12,[12  2],9,19,31,10,9
1,<environment.Job instance at 0x7f30d6ca4050>,9,12,[1 8],10,33,45,23,16
1,<environment.Job instance at 0x7f30d6ca4280>,12,2,[14  5],13,31,33,18,16
1,<environment.Job instance at 0x7f30d6ca40a0>,15,12,[12  4],16,34,46,18,17
1,<environment.Job instance at 0x7f30d6ca4dc0>,16,22,[6 1],17,46,68,29,39
1,<environment.Job instance at 0x7f30d6d1d6e0>,17,14,[3 5],18,45,59,27,40
1,<environment.Job instance at 0x7f30d6d1d9b0>,18,21,[5 1],19,46,67,27,40
1,<environment.Job instance at 0x7f30d6d1d780>,19,1,[8 5],20,67,68,47,40
1,<environment.Job instance at 0x7f30d6d1da00>,20,1,[9 5],21,68,69,47,40
1,<environment.Job instance at 0x7f30d836dc30>,0,17,[4 5],1,1,18,0,1
1,<environment.Job instance at 0x7f30d836d190>,1,2,[3 8],2,2,4,0,2
1,<environment.Job instance at 0x7f30d784cd20>,3,13,[8 3],4,4,17,0,4
1,<environment.Job instance at 0x7f30d836d0f0>,4,1,[3 8],5,17,18,12,6
1,<environment.Job instance at 0x7f30d836d9b0>,8,1,[12  5],9,18,19,9,9
1,<environment.Job instance at 0x7f30d83485a0>,9,1,[8 5],10,19,20,9,10
1,<environment.Job instance at 0x7f30d8348820>,10,14,[2 8],11,18,32,7,11
1,<environment.Job instance at 0x7f30d836dbe0>,5,18,[9 5],6,20,38,14,12
1,<environment.Job instance at 0x7f30d8348cd0>,14,16,[8 3],15,38,54,23,25
1,<environment.Job instance at 0x7f30d8348370>,17,14,[7 1],18,38,52,20,25
1,<environment.Job instance at 0x7f30d8348e10>,19,17,[4 8],20,52,69,32,40
1,<environment.Job instance at 0x7f30d6d04910>,1,14,[3 6],2,2,16,0,2
1,<environment.Job instance at 0x7f30d83486e0>,2,15,[7 3],3,3,18,0,3
1,<environment.Job instance at 0x7f30d78ed4b0>,0,1,[2 5],1,4,5,3,4
1,<environment.Job instance at 0x7f30d7db5910>,4,12,[2 9],5,16,28,11,5
1,<environment.Job instance at 0x7f30d7db56e0>,3,1,[2 8],4,28,29,24,5
1,<environment.Job instance at 0x7f30d8348e10>,5,16,[2 6],6,18,34,12,6
1,<environment.Job instance at 0x7f30d7db5cd0>,10,1,[5 1],11,11,12,0,11
1,<environment.Job instance at 0x7f30d7db5b90>,8,16,[3 6],9,29,45,20,16
1,<environment.Job instance at 0x7f30d7db5fa0>,13,12,[8 5],14,34,46,20,17
1,<environment.Job instance at 0x7f30d7db5b40>,7,16,[ 3 10],8,45,61,37,35
1,<environment.Job instance at 0x7f30d825de60>,1,3,[3 7],2,2,5,0,2
1,<environment.Job instance at 0x7f30d825d370>,2,17,[4 6],3,3,20,0,3
1,<environment.Job instance at 0x7f30d825d410>,4,13,[14  5],5,20,33,15,6
1,<environment.Job instance at 0x7f30d7e1a730>,6,13,[8 3],7,7,20,0,7
1,<environment.Job instance at 0x7f30d825d640>,0,16,[1 9],1,20,36,19,14
1,<environment.Job instance at 0x7f30d7e1a460>,10,2,[9 4],11,33,35,22,15
1,<environment.Job instance at 0x7f30d825d230>,5,12,[4 7],6,36,48,30,19
1,<environment.Job instance at 0x7f30d7e1a640>,9,17,[5 1],10,33,50,23,21
1,<environment.Job instance at 0x7f30d7e1a4b0>,7,13,[4 6],8,36,49,28,21
1,<environment.Job instance at 0x7f30d7e1aaf0>,14,3,[2 5],15,48,51,33,23
1,<environment.Job instance at 0x7f30d7e1aaa0>,12,13,[8 1],13,49,62,36,33
1,<environment.Job instance at 0x7f30d7e1a690>,16,13,[1 6],17,50,63,33,34
1,<environment.Job instance at 0x7f30d7e1a2d0>,11,18,[5 7],12,51,69,39,40
1,<environment.Job instance at 0x7f30d7ced050>,17,14,[10  3],18,63,77,45,48
1,<environment.Job instance at 0x7f30d8348d70>,1,3,[9 3],2,2,5,0,2
1,<environment.Job instance at 0x7f30d78460a0>,0,1,[2 9],1,3,4,2,3
1,<environment.Job instance at 0x7f30d7117690>,3,13,[9 5],4,5,18,1,4
1,<environment.Job instance at 0x7f30d75e2870>,4,15,[ 1 10],5,5,20,0,5
1,<environment.Job instance at 0x7f30d75e25f0>,5,1,[12  4],6,18,19,12,6
1,<environment.Job instance at 0x7f30d75e2af0>,6,2,[9 2],7,19,21,12,7
1,<environment.Job instance at 0x7f30d75e2fa0>,7,2,[5 2],8,19,21,11,8
1,<environment.Job instance at 0x7f30d75e20f0>,8,2,[6 5],9,21,23,12,9
1,<environment.Job instance at 0x7f30d75e2050>,9,3,[8 5],10,21,24,11,10
1,<environment.Job instance at 0x7f30d75e23c0>,10,13,[3 8],11,23,36,12,11
1,<environment.Job instance at 0x7f30d7117820>,2,17,[10  3],3,24,41,21,12
1,<environment.Job instance at 0x7f30d826d280>,15,1,[3 6],16,36,37,20,17
1,<environment.Job instance at 0x7f30d80230f0>,16,15,[ 5 10],17,37,52,20,23
1,<environment.Job instance at 0x7f30d71b7910>,20,2,[6 5],21,41,43,20,23
1,<environment.Job instance at 0x7f30d785c870>,21,14,[1 9],22,52,66,30,37
1,<environment.Job instance at 0x7f30d7064730>,22,12,[4 9],23,66,78,43,49
1,<environment.Job instance at 0x7f30d7952280>,19,14,[2 6],20,52,66,32,49
1,<environment.Job instance at 0x7f30d73cbeb0>,1,24,[1 9],2,2,26,0,2
1,<environment.Job instance at 0x7f30d7952b90>,2,3,[ 3 10],3,26,29,23,3
1,<environment.Job instance at 0x7f30d83359b0>,3,15,[6 5],4,4,19,0,4
1,<environment.Job instance at 0x7f30d8335b40>,4,1,[2 5],5,19,20,14,5
1,<environment.Job instance at 0x7f30d8335c30>,5,2,[9 3],6,20,22,14,6
1,<environment.Job instance at 0x7f30d8335d20>,6,14,[7 5],7,22,36,15,7
1,<environment.Job instance at 0x7f30d8335d70>,10,3,[7 3],11,29,32,18,12
1,<environment.Job instance at 0x7f30d8335f50>,9,3,[3 6],10,32,35,22,12
1,<environment.Job instance at 0x7f30d7952280>,8,14,[3 8],9,35,49,26,20
1,<environment.Job instance at 0x7f30d8354320>,14,13,[1 9],15,49,62,34,33
1,<environment.Job instance at 0x7f30d8354190>,15,16,[4 5],16,36,52,20,33
1,<environment.Job instance at 0x7f30d83541e0>,12,12,[3 8],13,62,74,49,48
1,<environment.Job instance at 0x7f30d7098d70>,0,3,[1 6],1,1,4,0,1
1,<environment.Job instance at 0x7f30d8354140>,1,15,[ 2 14],2,4,19,2,2
1,<environment.Job instance at 0x7f30d83541e0>,3,12,[ 2 10],4,19,31,15,4
1,<environment.Job instance at 0x7f30d7098460>,2,3,[4 9],3,31,34,28,7
1,<environment.Job instance at 0x7f30d7098dc0>,4,2,[10  3],5,19,21,14,8
1,<environment.Job instance at 0x7f30d78294b0>,9,1,[8 3],10,21,22,11,11
1,<environment.Job instance at 0x7f30e09771e0>,11,3,[1 6],12,31,34,19,13
1,<environment.Job instance at 0x7f30e09775a0>,12,3,[4 9],13,34,37,21,13
1,<environment.Job instance at 0x7f30d78293c0>,6,16,[2 6],7,34,50,27,21
1,<environment.Job instance at 0x7f30e0977550>,14,14,[7 5],15,37,51,22,22
1,<environment.Job instance at 0x7f30e0977460>,15,12,[6 1],16,37,49,21,22
1,<environment.Job instance at 0x7f30e0977640>,17,3,[5 1],18,23,26,5,23
1,<environment.Job instance at 0x7f30e0977690>,18,2,[5 4],19,23,25,4,23
1,<environment.Job instance at 0x7f30e09772d0>,19,14,[9 5],20,51,65,31,36
1,<environment.Job instance at 0x7f30e0977aa0>,20,1,[5 1],21,49,50,28,36
1,<environment.Job instance at 0x7f30e0977500>,22,2,[5 5],23,50,52,27,36
1,<environment.Job instance at 0x7f30e09776e0>,23,1,[7 1],24,65,66,41,37
1,<environment.Job instance at 0x7f30d71a4960>,25,17,[ 5 10],26,52,69,26,40
1,<environment.Job instance at 0x7f30d7d7d1e0>,1,3,[5 9],2,2,5,0,2
1,<environment.Job instance at 0x7f30d75266e0>,2,2,[7 4],3,3,5,0,3
1,<environment.Job instance at 0x7f30d8336be0>,3,3,[5 5],4,5,8,1,4
1,<environment.Job instance at 0x7f30d81c84b0>,4,2,[9 2],5,5,7,0,5
1,<environment.Job instance at 0x7f30d81c8b90>,5,13,[3 9],6,7,20,1,6
1,<environment.Job instance at 0x7f30d6df08c0>,6,18,[9 4],7,8,26,1,7
1,<environment.Job instance at 0x7f30d726e370>,7,17,[3 5],8,20,37,12,8
1,<environment.Job instance at 0x7f30d7b131e0>,8,17,[2 6],9,20,37,11,9
1,<environment.Job instance at 0x7f30d7b13370>,9,2,[ 4 10],10,37,39,27,10
1,<environment.Job instance at 0x7f30d7b135a0>,10,1,[9 5],11,37,38,26,11
1,<environment.Job instance at 0x7f30d7b13960>,15,13,[8 5],16,38,51,22,22
1,<environment.Job instance at 0x7f30d7b136e0>,16,13,[3 9],17,39,52,22,23
1,<environment.Job instance at 0x7f30d7aa1550>,17,14,[2 5],18,51,65,33,37
1,<environment.Job instance at 0x7f30d726e820>,13,17,[5 3],14,52,69,38,40
1,<environment.Job instance at 0x7f30d7dd3c80>,22,15,[2 5],23,52,67,29,40
1,<environment.Job instance at 0x7f30d7b13190>,1,2,[5 7],2,2,4,0,2
1,<environment.Job instance at 0x7f30d6f787d0>,0,17,[2 6],1,2,19,1,2
1,<environment.Job instance at 0x7f30d7dd3c80>,2,1,[4 6],3,4,5,1,4
1,<environment.Job instance at 0x7f30d71ba410>,4,12,[3 5],5,5,17,0,5
1,<environment.Job instance at 0x7f30d71b6be0>,5,3,[9 2],6,7,10,1,7
1,<environment.Job instance at 0x7f30d71baeb0>,6,2,[8 4],7,10,12,3,7
1,<environment.Job instance at 0x7f30d71b6e60>,7,3,[10  4],8,12,15,4,8
1,<environment.Job instance at 0x7f30d71b6fa0>,9,21,[1 9],10,17,38,7,10
1,<environment.Job instance at 0x7f30d71b6a00>,8,3,[3 9],9,38,41,29,12
1,<environment.Job instance at 0x7f30d71b6370>,11,1,[11  4],12,19,20,7,12
1,<environment.Job instance at 0x7f30d71b6910>,13,13,[7 5],14,20,33,6,14
1,<environment.Job instance at 0x7f30d71a35f0>,15,3,[10  4],16,33,36,17,17
1,<environment.Job instance at 0x7f30d71b6190>,12,15,[10  1],13,36,51,23,23
1,<environment.Job instance at 0x7f30d71a3140>,14,13,[1 8],15,41,54,26,25
1,<environment.Job instance at 0x7f30d71a3be0>,21,2,[2 6],22,41,43,19,25
1,<environment.Job instance at 0x7f30d71a3b90>,22,24,[1 6],23,43,67,20,40
1,<environment.Job instance at 0x7f30d71a3500>,19,16,[5 3],20,54,70,34,41
1,<environment.Job instance at 0x7f30d7d71eb0>,23,16,[8 5],24,54,70,30,42
1,<environment.Job instance at 0x7f30d7d71910>,25,3,[1 9],26,70,73,44,44
1,<environment.Job instance at 0x7f30d7d60b90>,0,2,[2 7],1,1,3,0,1
1,<environment.Job instance at 0x7f30d7166d70>,1,12,[1 8],2,2,14,0,2
1,<environment.Job instance at 0x7f30d7166c80>,2,1,[6 3],3,3,4,0,3
1,<environment.Job instance at 0x7f30d7166aa0>,3,16,[5 3],4,4,20,0,4
1,<environment.Job instance at 0x7f30d7166dc0>,4,17,[5 1],5,5,22,0,5
1,<environment.Job instance at 0x7f30d7784c80>,6,12,[ 2 11],7,14,26,7,7
1,<environment.Job instance at 0x7f30d7166460>,7,12,[7 2],8,20,32,12,8
1,<environment.Job instance at 0x7f30d71660f0>,11,3,[5 2],12,22,25,10,12
1,<environment.Job instance at 0x7f30d71660a0>,9,12,[4 6],10,26,38,16,12
1,<environment.Job instance at 0x7f30d7f710f0>,13,3,[4 7],14,26,29,12,14
1,<environment.Job instance at 0x7f30d7166cd0>,12,17,[9 4],13,32,49,19,21
1,<environment.Job instance at 0x7f30d7166a00>,5,15,[ 1 10],6,38,53,32,24
1,<environment.Job instance at 0x7f30d7f71cd0>,16,2,[3 6],17,29,31,12,24
1,<environment.Job instance at 0x7f30d7f71550>,15,16,[9 4],16,49,65,33,36
1,<environment.Job instance at 0x7f30d7f71f00>,17,15,[4 6],18,53,68,35,42
1,<environment.Job instance at 0x7f30d73f2730>,21,2,[8 4],22,65,67,43,42
1,<environment.Job instance at 0x7f30d73f2a00>,22,2,[8 4],23,67,69,44,42
1,<environment.Job instance at 0x7f30d75a20a0>,1,18,[4 8],2,2,20,0,2
1,<environment.Job instance at 0x7f30d75a2140>,2,15,[4 8],3,20,35,17,6
1,<environment.Job instance at 0x7f30d75a2370>,6,12,[2 7],7,7,19,0,7
1,<environment.Job instance at 0x7f30d75a2c80>,9,1,[ 5 14],10,35,36,25,10
1,<environment.Job instance at 0x7f30d75a2640>,10,2,[5 1],11,19,21,8,11
1,<environment.Job instance at 0x7f30d75a2c30>,11,12,[5 5],12,19,31,7,12
1,<environment.Job instance at 0x7f30d7e74eb0>,12,16,[3 8],13,36,52,23,23
1,<environment.Job instance at 0x7f30d75a2be0>,13,13,[7 4],14,36,49,22,23
1,<environment.Job instance at 0x7f30d7e74190>,14,3,[7 4],15,31,34,16,23
1,<environment.Job instance at 0x7f30d7e74aa0>,15,2,[4 5],16,49,51,33,23
1,<environment.Job instance at 0x7f30d75a2960>,8,18,[4 6],9,51,69,42,40
1,<environment.Job instance at 0x7f30d7e74910>,18,17,[9 5],19,52,69,33,40
1,<environment.Job instance at 0x7f30d7e76910>,0,14,[ 2 10],1,1,15,0,1
1,<environment.Job instance at 0x7f30d7e74910>,2,16,[ 3 10],3,15,31,12,3
1,<environment.Job instance at 0x7f30d7e760f0>,1,3,[3 9],2,31,34,29,5
1,<environment.Job instance at 0x7f30d8256690>,4,16,[5 5],5,5,21,0,5
1,<environment.Job instance at 0x7f30d7a7b2d0>,7,2,[ 3 10],8,34,36,26,11
1,<environment.Job instance at 0x7f30d7a7b370>,6,13,[3 9],7,36,49,29,20
1,<environment.Job instance at 0x7f30d7a7b6e0>,10,19,[4 5],11,21,40,10,20
1,<environment.Job instance at 0x7f30d7a7b870>,12,13,[9 4],13,40,53,27,24
1,<environment.Job instance at 0x7f30d7d90cd0>,13,12,[2 6],14,49,61,35,32
1,<environment.Job instance at 0x7f30d7d90e60>,14,16,[2 7],15,53,69,38,40
1,<environment.Job instance at 0x7f30d7a8f6e0>,16,13,[5 5],17,61,74,44,45
1,<environment.Job instance at 0x7f30d7a8f8c0>,18,16,[8 3],19,61,77,42,48
1,<environment.Job instance at 0x7f30d6d31e60>,0,14,[1 5],1,1,15,0,1
1,<environment.Job instance at 0x7f30d6d31be0>,4,13,[2 6],5,5,18,0,5
1,<environment.Job instance at 0x7f30d6d316e0>,5,14,[ 1 10],6,18,32,12,6
1,<environment.Job instance at 0x7f30d6d31050>,6,18,[7 4],7,7,25,0,7
1,<environment.Job instance at 0x7f30d7e54fa0>,10,13,[11  2],11,25,38,14,11
1,<environment.Job instance at 0x7f30d6d31d20>,8,14,[1 7],9,32,46,23,21
1,<environment.Job instance at 0x7f30d7e54460>,11,13,[6 3],12,38,51,26,22
1,<environment.Job instance at 0x7f30d7e54820>,13,1,[10  5],14,51,52,37,23
1,<environment.Job instance at 0x7f30d7e54190>,14,14,[5 3],15,38,52,23,24
1,<environment.Job instance at 0x7f30d7e54be0>,15,2,[8 3],16,52,54,36,25
1,<environment.Job instance at 0x7f30d7e54320>,16,3,[ 5 10],17,52,55,35,26
1,<environment.Job instance at 0x7f30d7e543c0>,12,14,[3 9],13,55,69,42,40
1,<environment.Job instance at 0x7f30d7e54d70>,18,15,[7 3],19,54,69,35,40
1,<environment.Job instance at 0x7f30d6c805f0>,0,1,[8 1],1,1,2,0,1
1,<environment.Job instance at 0x7f30d7e54d70>,2,2,[3 6],3,3,5,0,3
1,<environment.Job instance at 0x7f30d6c80690>,4,3,[4 5],5,5,8,0,5
1,<environment.Job instance at 0x7f30d7289460>,5,18,[9 2],6,6,24,0,6
1,<environment.Job instance at 0x7f30d72898c0>,6,3,[5 8],7,8,11,1,7
1,<environment.Job instance at 0x7f30d7289eb0>,7,20,[1 8],8,11,31,3,8
1,<environment.Job instance at 0x7f30d7289640>,8,3,[6 1],9,24,27,15,9
1,<environment.Job instance at 0x7f30d7289b90>,9,3,[8 2],10,24,27,14,10
1,<environment.Job instance at 0x7f30d6c809b0>,12,3,[5 9],13,31,34,18,14
1,<environment.Job instance at 0x7f30d6f7a370>,14,3,[2 7],15,27,30,12,15
1,<environment.Job instance at 0x7f30d6f7ab40>,16,12,[3 9],17,34,46,17,17
1,<environment.Job instance at 0x7f30d6f7a6e0>,17,20,[5 7],18,46,66,28,37
1,<environment.Job instance at 0x7f30d6f7a410>,19,18,[6 1],20,37,55,17,37
1,<environment.Job instance at 0x7f30d6f7aaa0>,20,15,[2 8],21,55,70,34,41
1,<environment.Job instance at 0x7f30d6f7a8c0>,22,12,[6 1],23,66,78,43,49
1,<environment.Job instance at 0x7f30d6f7a870>,23,3,[8 3],24,70,73,46,49
1,<environment.Job instance at 0x7f30d77ac050>,0,3,[5 3],1,1,4,0,1
1,<environment.Job instance at 0x7f30d6f7a0a0>,1,18,[3 8],2,2,20,0,2
1,<environment.Job instance at 0x7f30d77acc80>,2,2,[5 7],3,4,6,1,3
1,<environment.Job instance at 0x7f30d78a4910>,4,15,[4 8],5,20,35,15,6
1,<environment.Job instance at 0x7f30d74aaeb0>,6,16,[1 6],7,9,25,2,9
1,<environment.Job instance at 0x7f30d70bbc80>,14,3,[1 5],15,25,28,10,15
1,<environment.Job instance at 0x7f30d7a6c780>,15,15,[3 5],16,28,43,12,17
1,<environment.Job instance at 0x7f30d73264b0>,16,3,[7 4],17,35,38,18,17
1,<environment.Job instance at 0x7f30d7166fa0>,17,13,[9 1],18,38,51,20,23
1,<environment.Job instance at 0x7f30d7e76230>,18,2,[7 4],19,51,53,32,24
1,<environment.Job instance at 0x7f30d7db8a00>,19,2,[5 1],20,24,26,4,24
1,<environment.Job instance at 0x7f30d6ff4230>,20,2,[10  5],21,53,55,32,26
1,<environment.Job instance at 0x7f30d7e768c0>,21,3,[9 1],22,55,58,33,29
1,<environment.Job instance at 0x7f30d7a6cc30>,13,12,[3 8],14,38,50,24,29
1,<environment.Job instance at 0x7f30d7e002d0>,24,13,[4 8],25,50,63,25,36
1,<environment.Job instance at 0x7f30d7117e10>,25,12,[2 8],26,63,75,37,46
1,<environment.Job instance at 0x7f30d7e00fa0>,26,12,[9 5],27,58,70,31,46
1,<environment.Job instance at 0x7f59e6d6c460>,0,18,[ 2 10],1,2,20,1,2
1,<environment.Job instance at 0x7f59e6d6c4b0>,2,12,[5 4],3,3,15,0,3
1,<environment.Job instance at 0x7f59dd617d70>,5,13,[5 9],6,20,33,14,6
1,<environment.Job instance at 0x7f59dd617be0>,4,18,[10  4],5,15,33,10,7
1,<environment.Job instance at 0x7f59dd595280>,10,1,[7 3],11,33,34,22,11
1,<environment.Job instance at 0x7f59dd5953c0>,11,2,[3 9],12,33,35,21,16
1,<environment.Job instance at 0x7f59dd595460>,12,3,[6 3],13,34,37,21,17
1,<environment.Job instance at 0x7f59dd5951e0>,9,17,[ 4 10],10,35,52,25,23
1,<environment.Job instance at 0x7f59dd595410>,14,12,[3 7],15,52,64,37,35
1,<environment.Job instance at 0x7f59dd595730>,16,12,[1 8],17,52,64,35,35
1,<environment.Job instance at 0x7f59dd595870>,18,16,[8 5],19,64,80,45,51
1,<environment.Job instance at 0x7f59dd595640>,23,18,[5 2],24,64,82,40,53
1,<environment.Job instance at 0x7f59dd595cd0>,25,3,[1 6],26,64,67,38,53
1,<environment.Job instance at 0x7f59dd5a38c0>,1,2,[9 2],2,2,4,0,2
1,<environment.Job instance at 0x7f59dd75d190>,0,24,[ 3 10],1,3,27,2,3
1,<environment.Job instance at 0x7f59dd595c80>,2,20,[9 1],3,4,24,1,3
1,<environment.Job instance at 0x7f59dd75deb0>,5,13,[3 5],6,24,37,18,10
1,<environment.Job instance at 0x7f59dd75dcd0>,4,12,[6 1],5,27,39,22,10
1,<environment.Job instance at 0x7f59dd75d500>,6,3,[ 2 10],7,37,40,30,17
1,<environment.Job instance at 0x7f59dd757500>,9,13,[7 2],10,37,50,27,21
1,<environment.Job instance at 0x7f59dd757f50>,11,1,[8 2],12,40,41,28,21
1,<environment.Job instance at 0x7f59dd595cd0>,3,15,[1 5],4,41,56,37,27
1,<environment.Job instance at 0x7f59dd757fa0>,13,3,[10  4],14,50,53,36,27
1,<environment.Job instance at 0x7f59dd7578c0>,14,1,[6 2],15,27,28,12,27
1,<environment.Job instance at 0x7f59dd757730>,15,3,[6 4],16,28,31,12,27
1,<environment.Job instance at 0x7f59dd757280>,16,13,[1 5],17,41,54,24,27
1,<environment.Job instance at 0x7f59dd757a50>,17,15,[4 7],18,54,69,36,40
1,<environment.Job instance at 0x7f59dd757dc0>,12,14,[9 1],13,53,67,40,40
1,<environment.Job instance at 0x7f59dd757e10>,20,2,[10  3],21,67,69,46,41
1,<environment.Job instance at 0x7f59dd1dcbe0>,22,3,[10  1],23,69,72,46,43
1,<environment.Job instance at 0x7f59dcd826e0>,23,3,[9 2],24,72,75,48,46
1,<environment.Job instance at 0x7f59dd099780>,24,12,[3 5],25,69,81,44,54
1,<environment.Job instance at 0x7f59dcd226e0>,0,2,[5 6],1,1,3,0,1
1,<environment.Job instance at 0x7f59dcd223c0>,3,3,[1 5],4,4,7,0,4
1,<environment.Job instance at 0x7f59dcd22280>,4,15,[9 1],5,5,20,0,5
1,<environment.Job instance at 0x7f59dcd224b0>,5,15,[5 3],6,6,21,0,6
1,<environment.Job instance at 0x7f59dcd22190>,7,3,[1 8],8,8,11,0,8
1,<environment.Job instance at 0x7f59dcd22550>,8,16,[7 1],9,20,36,11,9
1,<environment.Job instance at 0x7f59dcd22d20>,9,14,[8 1],10,21,35,11,10
1,<environment.Job instance at 0x7f59dcd22e60>,12,3,[8 5],13,35,38,22,14
1,<environment.Job instance at 0x7f59e6d6bd20>,13,3,[2 9],14,36,39,22,14
1,<environment.Job instance at 0x7f59e6d6b5a0>,17,12,[14  5],18,39,51,21,26
1,<environment.Job instance at 0x7f59dcd2a230>,16,18,[1 6],17,38,56,21,31
1,<environment.Job instance at 0x7f59dcd2af50>,18,14,[5 1],19,51,65,32,36
1,<environment.Job instance at 0x7f59dcd2ab90>,20,17,[3 8],21,51,68,30,39
1,<environment.Job instance at 0x7f59dcd2a140>,23,16,[6 4],24,56,72,32,43
1,<environment.Job instance at 0x7f59dcd2acd0>,25,15,[6 2],26,65,80,39,51
1,<environment.Job instance at 0x7f59dcd2a820>,26,15,[6 2],27,72,87,45,58
1,<environment.Job instance at 0x7f59dcd2a5a0>,28,12,[3 9],29,68,80,39,58
1,<environment.Job instance at 0x7f59dcfaf140>,0,12,[2 5],1,1,13,0,1
1,<environment.Job instance at 0x7f59dcd2a320>,1,1,[5 1],2,2,3,0,2
1,<environment.Job instance at 0x7f59dd6f5690>,2,2,[8 2],3,3,5,0,3
1,<environment.Job instance at 0x7f59dd1244b0>,4,12,[5 7],5,5,17,0,5
1,<environment.Job instance at 0x7f59dd124500>,3,1,[3 9],4,17,18,13,6
1,<environment.Job instance at 0x7f59dd5ba5a0>,5,17,[10  5],6,13,30,7,6
1,<environment.Job instance at 0x7f59dd5ba5f0>,7,2,[9 3],8,30,32,22,8
1,<environment.Job instance at 0x7f59dd13a050>,11,3,[8 2],12,32,35,20,12
1,<environment.Job instance at 0x7f59dcda5cd0>,8,14,[8 5],9,35,49,26,20
1,<environment.Job instance at 0x7f59dd13a1e0>,13,3,[5 4],14,20,23,6,20
1,<environment.Job instance at 0x7f59dcdcc550>,10,18,[5 1],11,23,41,12,21
1,<environment.Job instance at 0x7f59dcda5730>,9,17,[9 2],10,49,66,39,37
1,<environment.Job instance at 0x7f59dcd25640>,15,16,[ 3 10],16,41,57,25,37
1,<environment.Job instance at 0x7f59dd6bfa00>,17,3,[4 9],18,57,60,39,37
1,<environment.Job instance at 0x7f59dd142050>,18,2,[ 3 10],19,60,62,41,37
1,<environment.Job instance at 0x7f59dd6bff00>,19,1,[10  3],20,66,67,46,38
1,<environment.Job instance at 0x7f59dd95c640>,20,2,[3 8],21,62,64,41,38
1,<environment.Job instance at 0x7f59dd1d6fa0>,21,2,[12  1],22,67,69,45,40
1,<environment.Job instance at 0x7f59dd13a4b0>,12,14,[8 4],13,69,83,56,54
1,<environment.Job instance at 0x7f59dd5ced20>,25,17,[5 9],26,69,86,43,58
1,<environment.Job instance at 0x7f59dcfc21e0>,1,16,[7 4],2,2,18,0,2
1,<environment.Job instance at 0x7f59dd5a37d0>,2,3,[3 9],3,3,6,0,3
1,<environment.Job instance at 0x7f59dcb6cbe0>,3,18,[1 6],4,6,24,2,4
1,<environment.Job instance at 0x7f59dcb6ce10>,4,15,[9 5],5,18,33,13,5
1,<environment.Job instance at 0x7f59dcb6ceb0>,5,3,[6 4],6,6,9,0,6
1,<environment.Job instance at 0x7f59dcb701e0>,9,1,[8 3],10,33,34,23,10
1,<environment.Job instance at 0x7f59dcb6ce60>,6,17,[2 6],7,24,41,17,13
1,<environment.Job instance at 0x7f59dcb700f0>,11,3,[1 8],12,34,37,22,13
1,<environment.Job instance at 0x7f59dcb700a0>,12,13,[2 5],13,37,50,24,21
1,<environment.Job instance at 0x7f59dcb70050>,8,12,[9 2],9,37,49,28,22
1,<environment.Job instance at 0x7f59dd5ced20>,7,16,[2 8],8,41,57,33,29
1,<environment.Job instance at 0x7f59dcb70910>,19,12,[1 8],20,57,69,37,40
1,<environment.Job instance at 0x7f59dcb70690>,13,14,[3 5],14,50,64,36,40
1,<environment.Job instance at 0x7f59dcb70640>,24,18,[10  2],25,49,67,24,46
1,<environment.Job instance at 0x7f59dcb70e10>,25,12,[12  4],26,67,79,41,50
1,<environment.Job instance at 0x7f59dcbb69b0>,0,17,[4 5],1,1,18,0,1
1,<environment.Job instance at 0x7f59dcb70e60>,1,2,[3 8],2,2,4,0,2
1,<environment.Job instance at 0x7f59dcb70e10>,3,13,[8 3],4,4,17,0,4
1,<environment.Job instance at 0x7f59dcbb60f0>,4,1,[3 8],5,17,18,12,5
1,<environment.Job instance at 0x7f59dcbb6f50>,6,15,[7 3],7,18,33,11,7
1,<environment.Job instance at 0x7f59dcbb6e60>,7,17,[7 5],8,18,35,10,9
1,<environment.Job instance at 0x7f59dcbb6cd0>,8,1,[12  5],9,35,36,26,9
1,<environment.Job instance at 0x7f59dcbb65f0>,12,2,[7 1],13,33,35,20,14
1,<environment.Job instance at 0x7f59dcbb6500>,11,15,[10  3],12,36,51,24,22
1,<environment.Job instance at 0x7f59dcbc0aa0>,14,16,[8 3],15,51,67,36,38
1,<environment.Job instance at 0x7f59dcbc0b90>,17,14,[7 1],18,51,65,33,38
1,<environment.Job instance at 0x7f59dcbb6c80>,13,2,[3 5],14,38,40,24,38
1,<environment.Job instance at 0x7f59dcbc0640>,18,3,[5 1],19,40,43,21,38
1,<environment.Job instance at 0x7f59dcbc0780>,20,14,[ 3 10],21,65,79,44,50
1,<environment.Job instance at 0x7f59dcbc02d0>,23,15,[7 4],24,67,82,43,53
1,<environment.Job instance at 0x7f59dcbc0d20>,24,3,[5 8],25,79,82,54,53
1,<environment.Job instance at 0x7f59dd1bfe60>,0,1,[5 1],1,2,3,1,2
1,<environment.Job instance at 0x7f59dd1bf280>,2,2,[1 5],3,3,5,0,3
1,<environment.Job instance at 0x7f59dd1bf500>,3,12,[8 5],4,4,16,0,4
1,<environment.Job instance at 0x7f59dd1bfd70>,5,12,[2 5],6,6,18,0,6
1,<environment.Job instance at 0x7f59dd1bfcd0>,6,3,[2 7],7,16,19,9,7
1,<environment.Job instance at 0x7f59dd1bf730>,7,13,[ 1 10],8,19,32,11,8
1,<environment.Job instance at 0x7f59de1ccf00>,8,3,[4 7],9,32,35,23,9
1,<environment.Job instance at 0x7f59dd1bf0a0>,10,17,[7 1],11,16,33,5,12
1,<environment.Job instance at 0x7f59de1cc140>,15,20,[3 8],16,33,53,17,24
1,<environment.Job instance at 0x7f59de1ccb40>,18,14,[3 6],19,35,49,16,24
1,<environment.Job instance at 0x7f59de1cc460>,20,18,[4 8],21,53,71,32,42
1,<environment.Job instance at 0x7f59dd6e1960>,2,13,[3 9],3,3,16,0,3
1,<environment.Job instance at 0x7f59dd6e1280>,0,1,[ 4 12],1,16,17,15,6
1,<environment.Job instance at 0x7f59ddd87960>,4,12,[13  3],5,17,29,12,6
1,<environment.Job instance at 0x7f59dcd510f0>,7,14,[9 1],8,29,43,21,14
1,<environment.Job instance at 0x7f59dcc13fa0>,1,1,[10  1],2,14,15,12,14
1,<environment.Job instance at 0x7f59dcd51280>,11,1,[5 5],12,15,16,3,14
1,<environment.Job instance at 0x7f59dcd51910>,10,17,[9 4],11,43,60,32,31
1,<environment.Job instance at 0x7f59dcd4b820>,15,15,[5 7],16,31,46,15,31
1,<environment.Job instance at 0x7f59dcd51050>,12,12,[8 5],13,60,72,47,43
1,<environment.Job instance at 0x7f59dcd4b8c0>,16,13,[7 1],17,60,73,43,44
1,<environment.Job instance at 0x7f59de15c050>,0,1,[10  3],1,1,2,0,1
1,<environment.Job instance at 0x7f59dcd4b050>,1,24,[4 8],2,3,27,1,3
1,<environment.Job instance at 0x7f59dd0497d0>,2,3,[1 7],3,3,6,0,3
1,<environment.Job instance at 0x7f59de15cbe0>,3,3,[9 4],4,6,9,2,4
1,<environment.Job instance at 0x7f59de15c460>,4,2,[4 8],5,27,29,22,5
1,<environment.Job instance at 0x7f59de15c190>,6,14,[8 1],7,9,23,2,7
1,<environment.Job instance at 0x7f59dcba9d70>,7,12,[10  4],8,23,35,15,8
1,<environment.Job instance at 0x7f59dcba9500>,8,1,[2 5],9,9,10,0,9
1,<environment.Job instance at 0x7f59dcba90a0>,9,3,[4 8],10,29,32,19,10
1,<environment.Job instance at 0x7f59dcba91e0>,14,2,[4 9],15,32,34,17,15
1,<environment.Job instance at 0x7f59dcba9730>,15,2,[7 5],16,35,37,19,16
1,<environment.Job instance at 0x7f59dcba95f0>,13,14,[8 2],14,35,49,21,20
1,<environment.Job instance at 0x7f59dcba9230>,10,14,[ 4 10],11,37,51,26,27
1,<environment.Job instance at 0x7f59dcba99b0>,18,3,[9 1],19,49,52,30,27
1,<environment.Job instance at 0x7f59dcba9f50>,17,18,[6 2],18,51,69,33,40
1,<environment.Job instance at 0x7f59dcffcaf0>,20,19,[2 7],21,52,71,31,42
1,<environment.Job instance at 0x7f59dcffcc30>,23,15,[6 5],24,52,67,28,43
1,<environment.Job instance at 0x7f59dcffcf50>,26,14,[7 5],27,67,81,40,52
1,<environment.Job instance at 0x7f59dcffcb90>,28,14,[3 8],29,71,85,42,56
1,<environment.Job instance at 0x7f59dcffcc80>,29,3,[3 6],30,81,84,51,56
1,<environment.Job instance at 0x7f59dd9488c0>,0,14,[8 4],1,1,15,0,1
1,<environment.Job instance at 0x7f59dd9485a0>,1,12,[5 9],2,2,14,0,2
1,<environment.Job instance at 0x7f59dcd4b780>,2,3,[11  3],3,15,18,12,3
1,<environment.Job instance at 0x7f59dcffc690>,4,12,[4 7],5,14,26,9,5
1,<environment.Job instance at 0x7f59dccc52d0>,5,1,[8 1],6,18,19,12,6
1,<environment.Job instance at 0x7f59dccc55a0>,6,14,[10  4],7,19,33,12,7
1,<environment.Job instance at 0x7f59dccc5690>,7,2,[2 6],8,26,28,18,8
1,<environment.Job instance at 0x7f59dccc5780>,8,2,[5 5],9,28,30,19,9
1,<environment.Job instance at 0x7f59dccc5960>,9,1,[5 7],10,30,31,20,10
1,<environment.Job instance at 0x7f59dccc5820>,10,3,[1 6],11,31,34,20,11
1,<environment.Job instance at 0x7f59dccc5b40>,12,3,[4 9],13,33,36,20,13
1,<environment.Job instance at 0x7f59dccc5eb0>,16,16,[2 6],17,34,50,17,21
1,<environment.Job instance at 0x7f59dccc5f50>,18,14,[6 4],19,36,50,17,21
1,<environment.Job instance at 0x7f59dccc5fa0>,17,18,[3 6],18,50,68,32,39
1,<environment.Job instance at 0x7f59dcccf460>,21,3,[1 6],22,50,53,28,39
1,<environment.Job instance at 0x7f59dcccf3c0>,22,3,[4 9],23,53,56,30,39
1,<environment.Job instance at 0x7f59dcccf050>,20,18,[5 9],21,56,74,35,55
1,<environment.Job instance at 0x7f59dcccf5a0>,24,14,[7 5],25,68,82,43,56
1,<environment.Job instance at 0x7f59dd45d2d0>,1,3,[5 9],2,2,5,0,2
1,<environment.Job instance at 0x7f59dcccf5f0>,2,2,[7 4],3,3,5,0,3
1,<environment.Job instance at 0x7f59dd45d460>,3,3,[5 5],4,5,8,1,4
1,<environment.Job instance at 0x7f59dd45d910>,5,13,[3 9],6,6,19,0,6
1,<environment.Job instance at 0x7f59dd45df50>,6,18,[9 4],7,8,26,1,7
1,<environment.Job instance at 0x7f59dd45de10>,7,17,[3 5],8,19,36,11,8
1,<environment.Job instance at 0x7f59dd260780>,8,17,[2 6],9,19,36,10,9
1,<environment.Job instance at 0x7f59dd260b40>,9,2,[ 4 10],10,36,38,26,10
1,<environment.Job instance at 0x7f59dd2609b0>,10,1,[9 5],11,36,37,25,11
1,<environment.Job instance at 0x7f59dd260c30>,15,13,[8 5],16,37,50,21,23
1,<environment.Job instance at 0x7f59dd260640>,16,13,[3 9],17,38,51,21,23
1,<environment.Job instance at 0x7f59dd45d190>,13,17,[5 3],14,50,67,36,38
1,<environment.Job instance at 0x7f59dd260550>,18,16,[6 5],19,51,67,32,38
1,<environment.Job instance at 0x7f59dd43e6e0>,22,15,[2 5],23,51,66,28,38
1,<environment.Job instance at 0x7f59dd2604b0>,17,14,[2 5],18,66,80,48,51
1,<environment.Job instance at 0x7f59dd43e0f0>,23,14,[4 8],24,67,81,43,52
1,<environment.Job instance at 0x7f59dd43ef00>,26,15,[9 1],27,67,82,40,53
1,<environment.Job instance at 0x7f59dcd987d0>,1,1,[11  4],2,2,3,0,2
1,<environment.Job instance at 0x7f59dd198500>,2,15,[10  1],3,3,18,0,3
1,<environment.Job instance at 0x7f59dd198190>,3,13,[7 5],4,18,31,14,4
1,<environment.Job instance at 0x7f59dd198640>,4,13,[1 8],5,5,18,0,5
1,<environment.Job instance at 0x7f59dd198af0>,5,3,[10  4],6,31,34,25,6
1,<environment.Job instance at 0x7f59dd198c30>,6,14,[1 7],7,18,32,11,7
1,<environment.Job instance at 0x7f59dd1980f0>,7,2,[ 2 10],8,32,34,24,8
1,<environment.Job instance at 0x7f59dd198b40>,11,2,[2 6],12,12,14,0,12
1,<environment.Job instance at 0x7f59dcd986e0>,9,16,[5 3],10,34,50,24,21
1,<environment.Job instance at 0x7f59dd198780>,13,16,[8 5],14,34,50,20,21
1,<environment.Job instance at 0x7f59dd27fd70>,14,16,[9 4],15,50,66,35,37
1,<environment.Job instance at 0x7f59dd27f780>,12,24,[1 6],13,39,63,26,39
1,<environment.Job instance at 0x7f59dd27f190>,16,15,[10  4],17,66,81,49,52
1,<environment.Job instance at 0x7f59dd27f5f0>,18,17,[3 9],19,63,80,44,52
1,<environment.Job instance at 0x7f59dd6f9eb0>,0,20,[4 6],1,1,21,0,1
1,<environment.Job instance at 0x7f59dd27f9b0>,1,2,[8 4],2,2,4,0,2
1,<environment.Job instance at 0x7f59dd6f95a0>,2,2,[8 4],3,4,6,1,3
1,<environment.Job instance at 0x7f59dd27fdc0>,4,16,[4 5],5,6,22,1,6
1,<environment.Job instance at 0x7f59dd6f9c30>,3,14,[ 1 11],4,22,36,18,7
1,<environment.Job instance at 0x7f59dd6f9b90>,6,3,[8 3],7,21,24,14,7
1,<environment.Job instance at 0x7f59dd6f97d0>,7,1,[10  5],8,36,37,28,8
1,<environment.Job instance at 0x7f59dd6f9370>,8,2,[13  3],9,24,26,15,9
1,<environment.Job instance at 0x7f59dd6f9690>,9,1,[5 1],10,10,11,0,10
1,<environment.Job instance at 0x7f59dd6f9140>,11,3,[6 4],12,13,16,1,13
1,<environment.Job instance at 0x7f59dcf65b40>,15,2,[6 3],16,16,18,0,16
1,<environment.Job instance at 0x7f59dd56adc0>,16,13,[4 7],17,36,49,19,20
1,<environment.Job instance at 0x7f59dd56a550>,17,3,[8 1],18,26,29,8,20
1,<environment.Job instance at 0x7f59dcf65550>,14,12,[9 1],15,37,49,22,20
1,<environment.Job instance at 0x7f59dd56a9b0>,19,13,[7 4],20,49,62,29,33
1,<environment.Job instance at 0x7f59dcf657d0>,12,17,[ 2 10],13,49,66,36,37
1,<environment.Job instance at 0x7f59dd56ad20>,18,20,[3 8],19,66,86,47,57
1,<environment.Job instance at 0x7f59dd56a0a0>,21,21,[4 7],22,66,87,44,58
1,<environment.Job instance at 0x7f59ddac5190>,0,2,[3 9],1,1,3,0,1
1,<environment.Job instance at 0x7f59dd56a640>,1,2,[7 1],2,2,4,0,2
1,<environment.Job instance at 0x7f59dd931a50>,2,1,[12  5],3,4,5,1,4
1,<environment.Job instance at 0x7f59dd56a0a0>,3,3,[10  3],4,5,8,1,4
1,<environment.Job instance at 0x7f59dd931190>,4,13,[5 3],5,5,18,0,5
1,<environment.Job instance at 0x7f59dd9315f0>,5,12,[8 5],6,8,20,2,6
1,<environment.Job instance at 0x7f59dce2b0a0>,6,14,[6 4],7,18,32,11,7
1,<environment.Job instance at 0x7f59dd9315a0>,7,3,[7 5],8,20,23,12,8
1,<environment.Job instance at 0x7f59de180500>,10,13,[5 3],11,23,36,12,11
1,<environment.Job instance at 0x7f59dd931d20>,8,17,[3 7],9,23,40,14,11
1,<environment.Job instance at 0x7f59dd090870>,9,1,[8 2],10,36,37,26,14
1,<environment.Job instance at 0x7f59de180a50>,14,3,[ 3 10],15,40,43,25,15
1,<environment.Job instance at 0x7f59dd020d20>,16,3,[5 4],17,32,35,15,17
1,<environment.Job instance at 0x7f59ddc50460>,17,2,[7 2],18,37,39,19,18
1,<environment.Job instance at 0x7f59dd020e10>,15,1,[7 3],16,35,36,19,18
1,<environment.Job instance at 0x7f59ddc500a0>,19,1,[5 7],20,39,40,19,20
1,<environment.Job instance at 0x7f59ddc505f0>,20,14,[ 2 10],21,43,57,22,28
1,<environment.Job instance at 0x7f59dcf615f0>,21,3,[3 9],22,57,60,35,31
1,<environment.Job instance at 0x7f59de180280>,12,17,[6 4],13,40,57,27,31
1,<environment.Job instance at 0x7f59dcdbc280>,23,18,[5 5],24,57,75,33,46
1,<environment.Job instance at 0x7f59ddcf5cd0>,24,16,[5 5],25,60,76,35,47
1,<environment.Job instance at 0x7f59de22caf0>,28,18,[1 5],29,60,78,31,49
1,<environment.Job instance at 0x7f59dc84b500>,1,1,[6 5],2,2,3,0,2
1,<environment.Job instance at 0x7f59dc84b0f0>,2,16,[13  1],3,4,20,1,4
1,<environment.Job instance at 0x7f59ddbe9c80>,4,2,[9 3],5,20,22,15,5
1,<environment.Job instance at 0x7f59dc84b640>,3,14,[3 6],4,20,34,16,6
1,<environment.Job instance at 0x7f59ddbe95f0>,5,18,[1 8],6,22,40,16,11
1,<environment.Job instance at 0x7f59ddbe97d0>,9,15,[5 7],10,34,49,24,20
1,<environment.Job instance at 0x7f59ddbe9640>,10,14,[1 5],11,40,54,29,25
1,<environment.Job instance at 0x7f59ddbe9820>,6,13,[9 3],7,40,53,33,26
1,<environment.Job instance at 0x7f59ddbe9370>,14,13,[2 6],15,49,62,34,33
1,<environment.Job instance at 0x7f59ddbe9140>,16,18,[7 4],17,53,71,36,42
1,<environment.Job instance at 0x7f59ddbe9d70>,7,23,[5 3],8,54,77,46,49
1,<environment.Job instance at 0x7f59dcfc8870>,17,19,[1 5],18,62,81,44,52
1,<environment.Job instance at 0x7f59dcd112d0>,2,2,[3 6],3,3,5,0,3
1,<environment.Job instance at 0x7f59dcd11280>,0,1,[8 1],1,3,4,2,3
1,<environment.Job instance at 0x7f59dcfc8870>,3,1,[12  4],4,4,5,0,4
1,<environment.Job instance at 0x7f59dcd11230>,4,3,[4 5],5,5,8,0,5
1,<environment.Job instance at 0x7f59dcd11a00>,1,18,[10  5],2,6,24,4,6
1,<environment.Job instance at 0x7f59ddbe9fa0>,6,3,[5 8],7,8,11,1,7
1,<environment.Job instance at 0x7f59dd39b8c0>,7,20,[1 8],8,11,31,3,8
1,<environment.Job instance at 0x7f59dd39bc30>,8,3,[6 1],9,24,27,15,9
1,<environment.Job instance at 0x7f59dd39b2d0>,9,3,[8 2],10,24,27,14,10
1,<environment.Job instance at 0x7f59dcd116e0>,12,3,[5 9],13,31,34,18,13
1,<environment.Job instance at 0x7f59dd39b460>,13,16,[8 1],14,27,43,13,14
1,<environment.Job instance at 0x7f59dd174fa0>,16,12,[3 9],17,34,46,17,17
1,<environment.Job instance at 0x7f59dd1740f0>,17,20,[5 7],18,46,66,28,37
1,<environment.Job instance at 0x7f59dd174730>,19,18,[6 1],20,43,61,23,37
1,<environment.Job instance at 0x7f59dd1749b0>,20,15,[2 8],21,61,76,40,47
1,<environment.Job instance at 0x7f59dd174aa0>,22,12,[6 1],23,66,78,43,49
1,<environment.Job instance at 0x7f59ddd35140>,1,28,[5 1],2,2,30,0,2
1,<environment.Job instance at 0x7f59ddd35dc0>,2,3,[1 8],3,3,6,0,3
1,<environment.Job instance at 0x7f59ddd35870>,3,12,[3 8],4,6,18,2,4
1,<environment.Job instance at 0x7f59dd169280>,4,3,[1 5],5,5,8,0,5
1,<environment.Job instance at 0x7f59dd169e60>,5,15,[3 5],6,8,23,2,6
1,<environment.Job instance at 0x7f59ddd356e0>,6,3,[7 4],7,18,21,11,7
1,<environment.Job instance at 0x7f59de179e60>,7,13,[9 1],8,23,36,15,8
1,<environment.Job instance at 0x7f59e675b640>,8,2,[7 4],9,21,23,12,9
1,<environment.Job instance at 0x7f59ddfbf370>,9,2,[5 1],10,30,32,20,10
1,<environment.Job instance at 0x7f59dc7da550>,10,2,[10  5],11,36,38,25,11
1,<environment.Job instance at 0x7f59de192870>,11,3,[9 1],12,38,41,26,12
1,<environment.Job instance at 0x7f59dcd79410>,17,17,[10  4],18,41,58,23,29
1,<environment.Job instance at 0x7f59dcd790f0>,19,15,[2 6],20,32,47,12,29
1,<environment.Job instance at 0x7f59dc84f1e0>,21,14,[9 4],22,58,72,36,43
1,<environment.Job instance at 0x7f59de13c320>,1,15,[5 4],2,2,17,0,2
1,<environment.Job instance at 0x7f59ddbe9960>,0,16,[7 5],1,3,19,2,3
1,<environment.Job instance at 0x7f59dcfa3b90>,2,2,[1 7],3,17,19,14,5
1,<environment.Job instance at 0x7f59dd97d500>,4,17,[2 5],5,19,36,14,7
1,<environment.Job instance at 0x7f59dd4ce820>,6,15,[3 5],7,19,34,12,9
1,<environment.Job instance at 0x7f59dd4ceb40>,9,14,[5 4],10,19,33,9,10
1,<environment.Job instance at 0x7f59dd4ce960>,11,1,[5 5],12,33,34,21,14
1,<environment.Job instance at 0x7f59dd4cec80>,13,12,[10  1],14,34,46,20,17
1,<environment.Job instance at 0x7f59dd4cee10>,16,18,[8 1],17,46,64,29,35
1,<environment.Job instance at 0x7f59dd4d1230>,21,13,[7 4],22,46,59,24,35
1,<environment.Job instance at 0x7f59dd4d1500>,24,18,[5 5],25,59,77,34,48
1,<environment.Job instance at 0x7f59dd4d1640>,26,17,[2 6],27,59,76,32,48
1,<environment.Job instance at 0x7f59dd4d16e0>,27,12,[2 8],28,76,88,48,59
1,<environment.Job instance at 0x7f59ddbf9eb0>,0,12,[7 4],1,1,13,0,1
1,<environment.Job instance at 0x7f59dd4d1730>,1,1,[4 5],2,2,3,0,2
1,<environment.Job instance at 0x7f59ddbf9230>,2,3,[8 1],3,3,6,0,3
1,<environment.Job instance at 0x7f59ddc71690>,3,15,[3 9],4,6,21,2,4
1,<environment.Job instance at 0x7f59dd4d16e0>,5,3,[10  4],6,13,16,7,6
1,<environment.Job instance at 0x7f59ddc71be0>,6,1,[ 4 10],7,21,22,14,7
1,<environment.Job instance at 0x7f59ddc717d0>,7,13,[14  4],8,22,35,14,9
1,<environment.Job instance at 0x7f59ddc716e0>,9,2,[5 8],10,35,37,25,10
1,<environment.Job instance at 0x7f59ddc713c0>,8,17,[9 5],9,35,52,26,23
1,<environment.Job instance at 0x7f59ddc71500>,12,14,[4 6],13,37,51,24,23
1,<environment.Job instance at 0x7f59ddc71fa0>,13,17,[9 1],14,52,69,38,40
1,<environment.Job instance at 0x7f59ddc71140>,16,21,[5 5],17,51,72,34,43
1,<environment.Job instance at 0x7f59ddc71e60>,19,15,[3 9],20,69,84,49,55
1,<environment.Job instance at 0x7f59ddc710a0>,20,15,[5 5],21,72,87,51,58
1,<environment.Job instance at 0x7f59e67d7a50>,1,15,[8 4],2,2,17,0,2
1,<environment.Job instance at 0x7f59dd457e10>,2,14,[9 2],3,17,31,14,3
1,<environment.Job instance at 0x7f59dd457320>,3,16,[2 6],4,4,20,0,4
1,<environment.Job instance at 0x7f59dd457370>,4,2,[6 1],5,20,22,15,5
1,<environment.Job instance at 0x7f59dd457140>,5,17,[5 3],6,22,39,16,10
1,<environment.Job instance at 0x7f59dd457460>,9,2,[9 3],10,31,33,21,10
1,<environment.Job instance at 0x7f59dd4575f0>,10,13,[4 6],11,33,46,22,17
1,<environment.Job instance at 0x7f59dd457870>,11,1,[5 4],12,33,34,21,17
1,<environment.Job instance at 0x7f59dd457b40>,7,1,[ 1 13],8,46,47,38,20
1,<environment.Job instance at 0x7f59dd457500>,6,12,[2 7],7,47,59,40,30
1,<environment.Job instance at 0x7f59dd549410>,14,13,[2 8],15,47,60,32,31
1,<environment.Job instance at 0x7f59dd549d70>,16,17,[3 7],17,59,76,42,47
1,<environment.Job instance at 0x7f59dd549fa0>,17,12,[1 6],18,60,72,42,47
1,<environment.Job instance at 0x7f59dd457730>,12,16,[9 2],13,60,76,47,51
1,<environment.Job instance at 0x7f59ddfe9960>,20,2,[4 6],21,76,78,55,51
1,<environment.Job instance at 0x7f59ddfe9b90>,21,3,[ 4 13],22,78,81,56,52
1,<environment.Job instance at 0x7fef1daff230>,0,18,[ 2 10],1,1,19,0,1
1,<environment.Job instance at 0x7fef1daff320>,2,12,[5 4],3,3,15,0,3
1,<environment.Job instance at 0x7fef143875f0>,4,18,[10  4],5,15,33,10,5
1,<environment.Job instance at 0x7fef14387870>,7,14,[5 1],8,19,33,11,8
1,<environment.Job instance at 0x7fef143877d0>,5,13,[5 9],6,33,46,27,17
1,<environment.Job instance at 0x7fef14387c80>,13,13,[1 8],14,46,59,32,30
1,<environment.Job instance at 0x7fef14387d20>,14,12,[3 7],15,46,58,31,30
1,<environment.Job instance at 0x7fef14387e60>,16,12,[1 8],17,59,71,42,42
1,<environment.Job instance at 0x7fef14387fa0>,18,16,[8 5],19,58,74,39,45
1,<environment.Job instance at 0x7fef1438a370>,23,18,[5 2],24,58,76,34,47
1,<environment.Job instance at 0x7fef1438a730>,29,13,[1 6],30,71,84,41,55
1,<environment.Job instance at 0x7fef1438a870>,31,17,[4 9],32,76,93,44,64
1,<environment.Job instance at 0x7fef149cc820>,0,18,[5 5],1,1,19,0,1
1,<environment.Job instance at 0x7fef1438a960>,1,1,[8 2],2,3,4,1,3
1,<environment.Job instance at 0x7fef1438a870>,2,14,[9 1],3,4,18,1,3
1,<environment.Job instance at 0x7fef14a38b40>,3,3,[10  4],4,18,21,14,6
1,<environment.Job instance at 0x7fef14a384b0>,5,3,[6 4],6,21,24,15,6
1,<environment.Job instance at 0x7fef14a38140>,6,13,[1 5],7,19,32,12,7
1,<environment.Job instance at 0x7fef14a38be0>,7,15,[4 7],8,24,39,16,10
1,<environment.Job instance at 0x7fef14a38e10>,10,2,[10  3],11,24,26,13,11
1,<environment.Job instance at 0x7fef14a382d0>,12,3,[10  1],13,26,29,13,14
1,<environment.Job instance at 0x7fef14a38c30>,13,3,[9 2],14,29,32,15,14
1,<environment.Job instance at 0x7fef14ac2190>,14,12,[3 5],15,32,44,17,15
1,<environment.Job instance at 0x7fef14a38c80>,8,19,[8 4],9,39,58,30,29
1,<environment.Job instance at 0x7fef14ac2eb0>,18,12,[3 5],19,39,51,20,29
1,<environment.Job instance at 0x7fef14ac2a50>,19,13,[7 2],20,51,64,31,35
1,<environment.Job instance at 0x7fef14a38960>,4,1,[6 2],5,35,36,30,35
1,<environment.Job instance at 0x7fef14ac20f0>,22,2,[2 5],23,44,46,21,35
1,<environment.Job instance at 0x7fef14ac2690>,23,12,[4 9],24,58,70,34,43
1,<environment.Job instance at 0x7fef14ac2230>,24,2,[4 7],25,70,72,45,43
1,<environment.Job instance at 0x7fef14ac2dc0>,21,16,[5 8],22,70,86,48,57
1,<environment.Job instance at 0x7fef13cdac30>,28,12,[10  1],29,72,84,43,57
1,<environment.Job instance at 0x7fef13cd1aa0>,0,17,[3 8],1,1,18,0,1
1,<environment.Job instance at 0x7fef13ce2140>,1,16,[5 4],2,2,18,0,2
1,<environment.Job instance at 0x7fef13cd1af0>,2,2,[4 9],3,18,20,15,4
1,<environment.Job instance at 0x7fef13d94c80>,3,16,[6 4],4,18,34,14,5
1,<environment.Job instance at 0x7fef13cd1dc0>,5,15,[6 2],6,20,35,14,6
1,<environment.Job instance at 0x7fef13cd11e0>,4,1,[7 1],5,6,7,1,6
1,<environment.Job instance at 0x7fef13cd1e60>,7,3,[ 2 10],8,34,37,26,9
1,<environment.Job instance at 0x7fef13cd16e0>,9,3,[5 5],10,35,38,25,10
1,<environment.Job instance at 0x7fef13cd19b0>,10,13,[2 6],11,20,33,9,11
1,<environment.Job instance at 0x7fef13cd1550>,13,1,[5 6],14,37,38,23,14
1,<environment.Job instance at 0x7fef13cd09b0>,14,2,[8 5],15,38,40,23,15
1,<environment.Job instance at 0x7fef13cd1910>,8,12,[3 9],9,38,50,29,21
1,<environment.Job instance at 0x7fef13cd0aa0>,15,14,[3 8],16,50,64,34,35
1,<environment.Job instance at 0x7fef13cd1140>,12,16,[6 2],13,48,64,35,48
1,<environment.Job instance at 0x7fef13cd0be0>,19,3,[4 8],20,64,67,44,49
1,<environment.Job instance at 0x7fef13cd0b40>,20,12,[6 3],21,49,61,28,49
1,<environment.Job instance at 0x7fef13cdaa50>,21,3,[1 5],22,61,64,39,55
1,<environment.Job instance at 0x7fef13cd07d0>,22,1,[10  1],23,64,65,41,55
1,<environment.Job instance at 0x7fef13cd0230>,17,17,[3 8],18,67,84,49,55
1,<environment.Job instance at 0x7fef13cda2d0>,24,13,[1 9],25,84,97,59,68
1,<environment.Job instance at 0x7fef13cdae10>,27,18,[5 2],28,68,86,40,68
1,<environment.Job instance at 0x7fef143992d0>,2,17,[10  4],3,3,20,0,3
1,<environment.Job instance at 0x7fef13ac9fa0>,3,12,[5 1],4,4,16,0,4
1,<environment.Job instance at 0x7fef14399d20>,4,13,[5 9],5,16,29,11,5
1,<environment.Job instance at 0x7fef13ac98c0>,6,16,[7 2],7,20,36,13,7
1,<environment.Job instance at 0x7fef14343640>,9,1,[9 2],10,36,37,26,10
1,<environment.Job instance at 0x7fef13f9a280>,10,2,[4 5],11,29,31,18,11
1,<environment.Job instance at 0x7fef13ae4780>,11,1,[8 3],12,31,32,19,12
1,<environment.Job instance at 0x7fef14343e60>,12,1,[3 8],13,29,30,16,14
1,<environment.Job instance at 0x7fef14048550>,15,17,[3 5],16,32,49,16,20
1,<environment.Job instance at 0x7fef13d90320>,19,12,[5 4],20,37,49,17,21
1,<environment.Job instance at 0x7fef13ed93c0>,20,15,[7 4],21,37,52,16,23
1,<environment.Job instance at 0x7fef13d900a0>,22,16,[8 5],23,49,65,26,36
1,<environment.Job instance at 0x7fef13d90460>,23,12,[3 8],24,52,64,28,36
1,<environment.Job instance at 0x7fef13eab6e0>,24,14,[8 5],25,65,79,40,50
1,<environment.Job instance at 0x7fef13e9e3c0>,25,12,[2 6],26,64,76,38,50
1,<environment.Job instance at 0x7fef13b40870>,13,15,[5 6],14,76,91,62,62
1,<environment.Job instance at 0x7fef143436e0>,5,17,[8 1],6,79,96,73,67
1,<environment.Job instance at 0x7fef13ff8910>,0,2,[10  1],1,2,4,1,2
1,<environment.Job instance at 0x7fef13d9cb40>,1,16,[6 2],2,4,20,2,2
1,<environment.Job instance at 0x7fef143436e0>,2,2,[9 4],3,4,6,1,3
1,<environment.Job instance at 0x7fef138eeb40>,3,3,[14  5],4,20,23,16,5
1,<environment.Job instance at 0x7fef13ff8b90>,4,2,[1 7],5,6,8,1,5
1,<environment.Job instance at 0x7fef138eec30>,5,1,[ 4 10],6,8,9,2,7
1,<environment.Job instance at 0x7fef138eedc0>,6,13,[3 6],7,23,36,16,7
1,<environment.Job instance at 0x7fef138eefa0>,9,14,[5 7],10,23,37,13,10
1,<environment.Job instance at 0x7fef138eeeb0>,7,1,[9 4],8,10,11,2,10
1,<environment.Job instance at 0x7fef138f0230>,12,1,[13  3],13,37,38,24,18
1,<environment.Job instance at 0x7fef138f0500>,15,1,[8 2],16,19,20,3,19
1,<environment.Job instance at 0x7fef138f0460>,14,18,[ 5 10],15,38,56,23,27
1,<environment.Job instance at 0x7fef138f05a0>,18,15,[2 5],19,36,51,17,27
1,<environment.Job instance at 0x7fef138f08c0>,19,15,[7 4],20,51,66,31,37
1,<environment.Job instance at 0x7fef138f0780>,20,17,[4 5],21,56,73,35,44
1,<environment.Job instance at 0x7fef138f0b90>,23,13,[8 3],24,66,79,42,50
1,<environment.Job instance at 0x7fef138f0cd0>,25,18,[9 5],26,79,97,53,68
1,<environment.Job instance at 0x7fef13d2b960>,0,1,[2 5],1,1,2,0,1
1,<environment.Job instance at 0x7fef138f0d20>,1,14,[3 6],2,2,16,0,2
1,<environment.Job instance at 0x7fef138f0cd0>,3,1,[2 8],4,4,5,0,4
1,<environment.Job instance at 0x7fef13d2b460>,2,15,[7 3],3,5,20,2,4
1,<environment.Job instance at 0x7fef13d2b0f0>,4,12,[2 9],5,16,28,11,6
1,<environment.Job instance at 0x7fef13d2bbe0>,5,16,[2 6],6,20,36,14,7
1,<environment.Job instance at 0x7fef13d2b370>,10,1,[5 1],11,12,13,1,12
1,<environment.Job instance at 0x7fef13d2bc80>,8,16,[3 6],9,28,44,19,15
1,<environment.Job instance at 0x7fef13d2b6e0>,13,12,[8 5],14,36,48,22,19
1,<environment.Job instance at 0x7fef13d2b410>,7,16,[ 3 10],8,44,60,36,31
1,<environment.Job instance at 0x7fef13d44dc0>,15,12,[2 5],16,48,60,32,47
1,<environment.Job instance at 0x7fef13d2bd20>,16,3,[2 7],17,60,63,43,47
1,<environment.Job instance at 0x7fef13d44f50>,17,13,[ 1 10],18,63,76,45,47
1,<environment.Job instance at 0x7fef13d44550>,18,3,[4 7],19,60,63,41,47
1,<environment.Job instance at 0x7fef13d44820>,20,17,[7 1],21,60,77,39,48
1,<environment.Job instance at 0x7fef13d44320>,21,18,[3 8],22,76,94,54,65
1,<environment.Job instance at 0x7fef13d1f460>,0,1,[ 4 12],1,3,4,2,3
1,<environment.Job instance at 0x7fef13d1f500>,1,1,[10  1],2,3,4,1,3
1,<environment.Job instance at 0x7fef13d1f0a0>,2,13,[3 9],3,4,17,1,4
1,<environment.Job instance at 0x7fef13d1f190>,5,16,[10  5],6,6,22,0,6
1,<environment.Job instance at 0x7fef1431c410>,6,13,[8 4],7,22,35,15,7
1,<environment.Job instance at 0x7fef13d1f640>,3,1,[5 2],4,17,18,13,8
1,<environment.Job instance at 0x7fef1431cd20>,12,12,[8 5],13,35,47,22,18
1,<environment.Job instance at 0x7fef1431c370>,9,3,[12  1],10,47,50,37,21
1,<environment.Job instance at 0x7fef14718f50>,16,13,[7 1],17,25,38,8,25
1,<environment.Job instance at 0x7fef1431c910>,15,15,[5 7],16,50,65,34,36
1,<environment.Job instance at 0x7fef142e5b90>,29,16,[1 8],30,38,54,8,37
1,<environment.Job instance at 0x7fef142e5e10>,32,17,[10  3],33,54,71,21,42
1,<environment.Job instance at 0x7fef142e5910>,33,13,[9 5],34,71,84,37,55
1,<environment.Job instance at 0x7fef13de6910>,40,13,[3 8],41,65,78,24,55
1,<environment.Job instance at 0x7fef144effa0>,47,13,[6 5],48,78,91,30,62
1,<environment.Job instance at 0x7fef13a2a6e0>,0,14,[ 4 10],1,1,15,0,1
1,<environment.Job instance at 0x7fef13a2a8c0>,1,1,[11  1],2,3,4,1,3
1,<environment.Job instance at 0x7fef144efa00>,2,17,[2 5],3,4,21,1,3
1,<environment.Job instance at 0x7fef1403b410>,4,2,[4 9],5,15,17,10,5
1,<environment.Job instance at 0x7fef1403beb0>,5,2,[7 5],6,17,19,11,6
1,<environment.Job instance at 0x7fef1403b460>,7,18,[6 2],8,17,35,9,8
1,<environment.Job instance at 0x7fef1404a5f0>,8,3,[9 1],9,21,24,12,11
1,<environment.Job instance at 0x7fef1404a230>,12,3,[ 3 10],13,24,27,11,13
1,<environment.Job instance at 0x7fef1404a0f0>,13,15,[6 5],14,27,42,13,14
1,<environment.Job instance at 0x7fef1404a690>,14,1,[2 5],15,19,20,4,15
1,<environment.Job instance at 0x7fef1404a370>,16,14,[7 5],17,35,49,18,20
1,<environment.Job instance at 0x7fef14029910>,18,14,[3 8],19,42,56,23,27
1,<environment.Job instance at 0x7fef140299b0>,19,3,[3 6],20,27,30,7,27
1,<environment.Job instance at 0x7fef13b4af50>,20,3,[7 3],21,49,52,28,27
1,<environment.Job instance at 0x7fef1404a910>,21,17,[5 7],22,52,69,30,40
1,<environment.Job instance at 0x7fef14361550>,22,12,[3 8],23,56,68,33,40
1,<environment.Job instance at 0x7fef13c0e230>,24,13,[1 9],25,69,82,44,53
1,<environment.Job instance at 0x7fef13c0e370>,25,16,[4 5],26,68,84,42,55
1,<environment.Job instance at 0x7fef1463fb40>,0,18,[5 9],1,1,19,0,1
1,<environment.Job instance at 0x7fef140519b0>,1,3,[1 6],2,3,6,1,3
1,<environment.Job instance at 0x7fef13b38d20>,2,3,[4 9],3,19,22,16,3
1,<environment.Job instance at 0x7fef1463f910>,4,14,[7 5],5,6,20,1,5
1,<environment.Job instance at 0x7fef1463ffa0>,5,12,[6 1],6,20,32,14,6
1,<environment.Job instance at 0x7fef1463faa0>,6,2,[ 3 10],7,22,24,15,7
1,<environment.Job instance at 0x7fef1463fd20>,7,3,[5 1],8,20,23,12,8
1,<environment.Job instance at 0x7fef1463f4b0>,8,2,[5 4],9,23,25,14,9
1,<environment.Job instance at 0x7fef1463f5a0>,9,14,[9 5],10,25,39,15,10
1,<environment.Job instance at 0x7fef1463f3c0>,10,1,[5 1],11,32,33,21,11
1,<environment.Job instance at 0x7fef1411f500>,15,17,[ 5 10],16,33,50,17,21
1,<environment.Job instance at 0x7fef1411ffa0>,18,16,[9 2],19,39,55,20,26
1,<environment.Job instance at 0x7fef1411fc80>,20,12,[7 2],21,55,67,34,38
1,<environment.Job instance at 0x7fef1411f4b0>,21,13,[1 9],22,50,63,28,38
1,<environment.Job instance at 0x7fef1411f1e0>,26,14,[9 2],27,67,81,40,52
1,<environment.Job instance at 0x7fef1411fc30>,27,17,[3 8],28,63,80,35,52
1,<environment.Job instance at 0x7fef1411f780>,29,3,[4 9],30,80,83,50,54
1,<environment.Job instance at 0x7fef1411fcd0>,30,13,[10  4],31,81,94,50,65
1,<environment.Job instance at 0x7fef1411feb0>,31,15,[1 9],32,83,98,51,69
1,<environment.Job instance at 0x7fef143300a0>,0,3,[10  4],1,1,4,0,1
1,<environment.Job instance at 0x7fef14330cd0>,1,13,[6 5],2,4,17,2,2
1,<environment.Job instance at 0x7fef1404af50>,2,13,[ 5 10],3,3,16,0,3
1,<environment.Job instance at 0x7fef1411feb0>,4,3,[7 4],5,16,19,11,5
1,<environment.Job instance at 0x7fef13cc2a00>,3,15,[6 1],4,17,32,13,5
1,<environment.Job instance at 0x7fef13cc2af0>,5,3,[9 4],6,19,22,13,7
1,<environment.Job instance at 0x7fef13cc29b0>,6,2,[5 5],7,22,24,15,7
1,<environment.Job instance at 0x7fef13cc2d70>,7,1,[10  3],8,32,33,24,9
1,<environment.Job instance at 0x7fef13cdd140>,12,2,[7 3],13,24,26,11,13
1,<environment.Job instance at 0x7fef13cdd050>,13,3,[8 1],14,26,29,12,14
1,<environment.Job instance at 0x7fef13cc2d20>,11,2,[2 9],12,17,19,5,15
1,<environment.Job instance at 0x7fef13cc2f50>,10,15,[5 6],11,29,44,18,18
1,<environment.Job instance at 0x7fef13cdd550>,16,14,[5 4],17,33,47,16,19
1,<environment.Job instance at 0x7fef13cdd690>,17,15,[10  1],18,44,59,26,30
1,<environment.Job instance at 0x7fef13cdd9b0>,20,17,[2 6],21,47,64,26,38
1,<environment.Job instance at 0x7fef13cddb90>,24,12,[3 5],25,47,59,22,38
1,<environment.Job instance at 0x7fef13cddeb0>,28,3,[3 9],29,59,62,30,39
1,<environment.Job instance at 0x7fef13cc2e60>,8,17,[7 2],9,62,79,53,50
1,<environment.Job instance at 0x7fef13cddd70>,30,27,[6 4],31,62,89,31,60
1,<environment.Job instance at 0x7fef13cddf00>,31,1,[11  4],32,89,90,57,61
1,<environment.Job instance at 0x7fef14863410>,0,2,[2 7],1,1,3,0,1
1,<environment.Job instance at 0x7fef14863500>,1,12,[1 8],2,2,14,0,2
1,<environment.Job instance at 0x7fef14330550>,2,1,[6 3],3,3,4,0,3
1,<environment.Job instance at 0x7fef13e4f050>,3,16,[5 3],4,4,20,0,4
1,<environment.Job instance at 0x7fef13e4f460>,4,17,[5 1],5,5,22,0,5
1,<environment.Job instance at 0x7fef13e4f550>,6,12,[ 2 11],7,14,26,7,7
1,<environment.Job instance at 0x7fef1477a0f0>,7,12,[7 2],8,20,32,12,8
1,<environment.Job instance at 0x7fef1477ac30>,9,12,[4 6],10,26,38,16,11
1,<environment.Job instance at 0x7fef13e13690>,13,3,[4 7],14,26,29,12,14
1,<environment.Job instance at 0x7fef13e131e0>,12,17,[9 4],13,32,49,19,21
1,<environment.Job instance at 0x7fef13e4fc30>,5,15,[ 1 10],6,38,53,32,31
1,<environment.Job instance at 0x7fef13e138c0>,16,2,[3 6],17,53,55,36,31
1,<environment.Job instance at 0x7fef13e13910>,15,16,[9 4],16,49,65,33,38
1,<environment.Job instance at 0x7fef13e13a50>,17,15,[4 6],18,55,70,37,41
1,<environment.Job instance at 0x7fef13a09370>,21,2,[8 4],22,65,67,43,41
1,<environment.Job instance at 0x7fef13a09190>,22,2,[8 4],23,67,69,44,41
1,<environment.Job instance at 0x7fef13e13e10>,20,20,[4 6],21,69,89,48,60
1,<environment.Job instance at 0x7fef13a094b0>,24,16,[4 5],25,70,86,45,60
1,<environment.Job instance at 0x7fef14fd2be0>,0,16,[ 3 10],1,1,17,0,1
1,<environment.Job instance at 0x7fef13ada190>,2,3,[4 8],3,17,20,14,4
1,<environment.Job instance at 0x7fef14fd2b40>,3,13,[5 5],4,4,17,0,4
1,<environment.Job instance at 0x7fef14fd24b0>,1,16,[5 7],2,17,33,15,5
1,<environment.Job instance at 0x7fef142107d0>,5,14,[4 6],6,20,34,14,6
1,<environment.Job instance at 0x7fef14210a50>,6,1,[5 1],7,20,21,13,7
1,<environment.Job instance at 0x7fef14fd20a0>,4,2,[1 6],5,33,35,28,7
1,<environment.Job instance at 0x7fef14210550>,8,3,[2 6],9,34,37,25,9
1,<environment.Job instance at 0x7fef142100a0>,9,3,[11  2],10,34,37,24,10
1,<environment.Job instance at 0x7fef14129d20>,10,2,[3 9],11,37,39,26,11
1,<environment.Job instance at 0x7fef14129a50>,11,2,[7 1],12,37,39,25,12
1,<environment.Job instance at 0x7fef14129eb0>,12,1,[12  5],13,39,40,26,13
1,<environment.Job instance at 0x7fef14129780>,13,3,[10  3],14,40,43,26,14
1,<environment.Job instance at 0x7fef14129320>,17,3,[7 5],18,43,46,25,21
1,<environment.Job instance at 0x7fef14129870>,14,13,[5 3],15,40,53,25,24
1,<environment.Job instance at 0x7fef14129b40>,19,1,[8 2],20,33,34,13,24
1,<environment.Job instance at 0x7fef141293c0>,20,13,[5 3],21,46,59,25,30
1,<environment.Job instance at 0x7fef142ed730>,21,17,[2 7],22,43,60,21,31
1,<environment.Job instance at 0x7fef142edeb0>,23,12,[7 4],24,53,65,29,36
1,<environment.Job instance at 0x7fef14da7d70>,33,18,[5 5],34,60,78,26,49
1,<environment.Job instance at 0x7fef14da7f50>,34,16,[5 5],35,65,81,30,52
1,<environment.Job instance at 0x7fef14da7e60>,36,13,[3 9],37,78,91,41,63
1,<environment.Job instance at 0x7fef14129e60>,16,14,[6 4],17,81,95,64,67
1,<environment.Job instance at 0x7fef143680f0>,1,1,[6 5],2,2,3,0,2
1,<environment.Job instance at 0x7fef14368870>,2,16,[13  1],3,4,20,1,4
1,<environment.Job instance at 0x7fef14368140>,4,2,[9 3],5,20,22,15,5
1,<environment.Job instance at 0x7fef145874b0>,5,18,[1 8],6,6,24,0,6
1,<environment.Job instance at 0x7fef14587eb0>,6,13,[9 3],7,22,35,15,7
1,<environment.Job instance at 0x7fef14368fa0>,3,14,[3 6],4,24,38,20,9
1,<environment.Job instance at 0x7fef14587280>,10,14,[1 5],11,24,38,13,13
1,<environment.Job instance at 0x7fef14587870>,9,15,[5 7],10,38,53,28,24
1,<environment.Job instance at 0x7fef14368dc0>,8,16,[9 4],9,35,51,26,24
1,<environment.Job instance at 0x7fef1475ae60>,14,13,[2 6],15,51,64,36,35
1,<environment.Job instance at 0x7fef14f39cd0>,16,18,[7 4],17,53,71,36,42
1,<environment.Job instance at 0x7fef14f39910>,17,19,[1 5],18,53,72,35,44
1,<environment.Job instance at 0x7fef14f39be0>,15,14,[ 1 10],16,71,85,55,57
1,<environment.Job instance at 0x7fef14f39c30>,19,18,[6 4],20,72,90,52,61
1,<environment.Job instance at 0x7fef13ab2550>,0,2,[ 2 12],1,1,3,0,1
1,<environment.Job instance at 0x7fef14f39c30>,2,3,[5 9],3,3,6,0,3
1,<environment.Job instance at 0x7fef1433e410>,3,16,[8 1],4,4,20,0,4
1,<environment.Job instance at 0x7fef14b29820>,1,21,[4 9],2,6,27,4,5
1,<environment.Job instance at 0x7fef1433e0a0>,4,3,[2 7],5,27,30,22,5
1,<environment.Job instance at 0x7fef1433eaf0>,9,18,[6 1],10,20,38,10,10
1,<environment.Job instance at 0x7fef14a505f0>,10,15,[2 8],11,30,45,19,16
1,<environment.Job instance at 0x7fef1405ff50>,11,3,[2 6],12,27,30,15,16
1,<environment.Job instance at 0x7fef14db5a50>,12,12,[6 1],13,30,42,17,16
1,<environment.Job instance at 0x7fef14db5e60>,13,3,[8 3],14,42,45,28,16
1,<environment.Job instance at 0x7fef14ad4af0>,14,15,[11  1],15,45,60,30,31
1,<environment.Job instance at 0x7fef1433edc0>,6,12,[3 9],7,45,57,38,34
1,<environment.Job instance at 0x7fef14006be0>,16,1,[7 4],17,38,39,21,35
1,<environment.Job instance at 0x7fef1433e960>,8,16,[4 8],9,57,73,48,50
1,<environment.Job instance at 0x7fef144d8500>,18,3,[2 7],19,60,63,41,50
1,<environment.Job instance at 0x7fef1433ea50>,7,20,[5 7],8,63,83,55,54
1,<environment.Job instance at 0x7fef144d8550>,20,15,[4 7],21,73,88,52,59
1,<environment.Job instance at 0x7fef141e13c0>,0,2,[5 5],1,1,3,0,1
1,<environment.Job instance at 0x7fef141e1d20>,1,14,[9 4],2,2,16,0,2
1,<environment.Job instance at 0x7fef141e1f50>,2,13,[2 9],3,3,16,0,3
1,<environment.Job instance at 0x7fef141e1500>,3,3,[13  5],4,16,19,12,4
1,<environment.Job instance at 0x7fef14d32730>,4,3,[4 5],5,19,22,14,6
1,<environment.Job instance at 0x7fef141e1960>,5,18,[7 5],6,19,37,13,8
1,<environment.Job instance at 0x7fef14d32eb0>,8,13,[1 5],9,16,29,7,9
1,<environment.Job instance at 0x7fef14d32230>,12,1,[2 5],13,22,23,9,14
1,<environment.Job instance at 0x7fef14d32f50>,13,2,[ 4 10],14,29,31,15,14
1,<environment.Job instance at 0x7fef14d32a00>,11,1,[8 4],12,31,32,19,16
1,<environment.Job instance at 0x7fef14d32410>,10,22,[2 5],11,32,54,21,25
1,<environment.Job instance at 0x7fef14cfcfa0>,15,3,[5 6],16,37,40,21,26
1,<environment.Job instance at 0x7fef1480e960>,17,15,[5 8],18,40,55,22,26
1,<environment.Job instance at 0x7fef13e2ec30>,19,17,[2 6],20,54,71,34,42
1,<environment.Job instance at 0x7fef1414d6e0>,21,2,[1 5],22,55,57,33,42
1,<environment.Job instance at 0x7fef1414cb90>,23,14,[ 5 10],24,71,85,47,56
1,<environment.Job instance at 0x7fef1414db90>,26,17,[3 5],27,57,74,30,56
1,<environment.Job instance at 0x7fef13b473c0>,0,13,[2 6],1,1,14,0,1
1,<environment.Job instance at 0x7fef1d4fd370>,1,13,[10  4],2,2,15,0,2
1,<environment.Job instance at 0x7fef13b478c0>,2,15,[8 4],3,15,30,12,4
1,<environment.Job instance at 0x7fef13b479b0>,4,15,[5 6],5,14,29,9,5
1,<environment.Job instance at 0x7fef13b470a0>,5,1,[5 9],6,29,30,23,6
1,<environment.Job instance at 0x7fef13b47820>,7,2,[11  4],8,30,32,22,11
1,<environment.Job instance at 0x7fef13b42690>,8,12,[9 3],9,32,44,23,15
1,<environment.Job instance at 0x7fef13b47a00>,6,17,[2 5],7,30,47,23,18
1,<environment.Job instance at 0x7fef13b42d20>,17,17,[1 9],18,44,61,26,32
1,<environment.Job instance at 0x7fef13b422d0>,10,3,[8 3],11,47,50,36,34
1,<environment.Job instance at 0x7fef13b429b0>,19,18,[7 5],20,50,68,30,39
1,<environment.Job instance at 0x7fef13b428c0>,21,14,[5 8],22,61,75,39,46
1,<environment.Job instance at 0x7fef13b4ed20>,24,17,[7 2],25,68,85,43,56
1,<environment.Job instance at 0x7fef13b4e6e0>,26,21,[5 5],27,75,96,48,67
1,<environment.Job instance at 0x7fef1414d690>,0,12,[5 6],1,1,13,0,1
1,<environment.Job instance at 0x7fef13b4eaa0>,1,16,[3 9],2,2,18,0,2
1,<environment.Job instance at 0x7fef1414deb0>,2,1,[5 9],3,18,19,15,5
1,<environment.Job instance at 0x7fef1414db40>,4,13,[2 7],5,19,32,14,5
1,<environment.Job instance at 0x7fef13b4ec30>,3,1,[2 6],4,13,14,9,5
1,<environment.Job instance at 0x7fef1414daf0>,6,18,[6 4],7,14,32,7,7
1,<environment.Job instance at 0x7fef14c5dd20>,8,14,[6 4],9,19,33,10,9
1,<environment.Job instance at 0x7fef14ab0f50>,9,3,[1 7],10,32,35,22,10
1,<environment.Job instance at 0x7fef147ff6e0>,12,14,[ 4 10],13,35,49,22,20
1,<environment.Job instance at 0x7fef14faaaa0>,16,12,[8 4],17,32,44,15,20
1,<environment.Job instance at 0x7fef14297d20>,17,16,[1 8],18,49,65,31,36
1,<environment.Job instance at 0x7fef14faa410>,18,2,[4 6],19,49,51,30,36
1,<environment.Job instance at 0x7fef14faa690>,14,3,[10  5],15,44,47,29,36
1,<environment.Job instance at 0x7fef14b36370>,22,14,[9 2],23,51,65,28,36
1,<environment.Job instance at 0x7fef146f7190>,25,17,[5 3],26,51,68,25,39
1,<environment.Job instance at 0x7fef14e145a0>,26,12,[2 7],27,65,77,38,48
1,<environment.Job instance at 0x7fef14e71aa0>,30,13,[4 6],31,68,81,37,52
1,<environment.Job instance at 0x7fef1412ea00>,32,16,[9 2],33,68,84,35,55
1,<environment.Job instance at 0x7fef1367a140>,0,12,[4 8],1,1,13,0,1
1,<environment.Job instance at 0x7fef1412ea00>,2,1,[1 8],3,13,14,10,3
1,<environment.Job instance at 0x7fef14085cd0>,4,2,[3 6],5,5,7,0,5
1,<environment.Job instance at 0x7fef14085af0>,5,3,[2 8],6,14,17,8,6
1,<environment.Job instance at 0x7fef14085e10>,6,1,[9 2],7,7,8,0,7
1,<environment.Job instance at 0x7fef14085f50>,7,1,[5 3],8,8,9,0,8
1,<environment.Job instance at 0x7fef14085d20>,8,18,[5 9],9,17,35,8,9
1,<environment.Job instance at 0x7fef14070190>,9,3,[10  1],10,10,13,0,10
1,<environment.Job instance at 0x7fef14070230>,10,18,[6 4],11,13,31,2,11
1,<environment.Job instance at 0x7fef14070370>,11,2,[1 9],12,35,37,23,12
1,<environment.Job instance at 0x7fef14070410>,12,3,[10  4],13,31,34,18,13
1,<environment.Job instance at 0x7fef14070690>,18,13,[8 5],19,34,47,15,19
1,<environment.Job instance at 0x7fef14070910>,19,13,[8 2],20,47,60,27,31
1,<environment.Job instance at 0x7fef14070af0>,20,13,[12  1],21,60,73,39,44
1,<environment.Job instance at 0x7fef14070b40>,21,16,[ 5 11],22,73,89,51,60
1,<environment.Job instance at 0x7fef14070be0>,22,16,[5 4],23,73,89,50,60
1,<environment.Job instance at 0x7fef14070c80>,23,3,[ 4 10],24,89,92,65,63
1,<environment.Job instance at 0x7fef14070d20>,24,3,[10  2],25,89,92,64,63
1,<environment.Job instance at 0x7fef14f67550>,0,2,[6 1],1,2,4,1,2
1,<environment.Job instance at 0x7fef14f67e60>,1,3,[7 4],2,2,5,0,2
1,<environment.Job instance at 0x7fef14070d20>,2,18,[3 7],3,4,22,1,3
1,<environment.Job instance at 0x7fef14f675a0>,3,12,[5 4],4,4,16,0,4
1,<environment.Job instance at 0x7fef14f670f0>,4,1,[13  5],5,22,23,17,6
1,<environment.Job instance at 0x7fef14f67730>,5,13,[9 1],6,23,36,17,7
1,<environment.Job instance at 0x7fef14f890a0>,7,15,[3 6],8,23,38,15,9
1,<environment.Job instance at 0x7fef14f89140>,9,3,[ 3 10],10,38,41,28,12
1,<environment.Job instance at 0x7fef14f89af0>,12,2,[3 7],13,16,18,3,13
1,<environment.Job instance at 0x7fef14f89820>,6,1,[5 7],7,18,19,11,16
1,<environment.Job instance at 0x7fef14f89a00>,13,13,[5 6],14,41,54,27,25
1,<environment.Job instance at 0x7fef14f89910>,15,2,[8 1],16,36,38,20,25
1,<environment.Job instance at 0x7fef14f89960>,16,13,[8 1],17,38,51,21,25
1,<environment.Job instance at 0x7fef14f89500>,17,1,[ 4 10],18,54,55,36,26
1,<environment.Job instance at 0x7fef14f67370>,8,14,[ 1 10],9,55,69,46,40
1,<environment.Job instance at 0x7fef14f89e60>,11,16,[11  2],12,54,70,42,47
1,<environment.Job instance at 0x7fef1408caa0>,25,14,[7 2],26,70,84,44,56
1,<environment.Job instance at 0x7fef1408c910>,26,3,[ 5 14],27,84,87,57,58
1,<environment.Job instance at 0x7fef14a607d0>,0,2,[8 2],1,1,3,0,1
1,<environment.Job instance at 0x7fef14a609b0>,1,16,[4 6],2,2,18,0,2
1,<environment.Job instance at 0x7fef14a60fa0>,2,15,[5 1],3,3,18,0,3
1,<environment.Job instance at 0x7fef14a60c80>,3,3,[2 7],4,4,7,0,4
1,<environment.Job instance at 0x7fef14a60dc0>,4,1,[4 6],5,7,8,2,6
1,<environment.Job instance at 0x7fef14a604b0>,5,3,[10  5],6,18,21,12,6
1,<environment.Job instance at 0x7fef14a60230>,7,15,[10  4],8,21,36,13,8
1,<environment.Job instance at 0x7fef14654e60>,8,16,[ 5 10],9,18,34,9,9
1,<environment.Job instance at 0x7fef14a60d70>,10,13,[1 5],11,34,47,23,18
1,<environment.Job instance at 0x7fef14654280>,9,3,[6 2],10,36,39,26,18
1,<environment.Job instance at 0x7fef14654f50>,13,3,[10  4],14,39,42,25,19
1,<environment.Job instance at 0x7fef14654c80>,11,1,[6 3],12,36,37,24,26
1,<environment.Job instance at 0x7fef14654aa0>,15,13,[5 4],16,42,55,26,26
1,<environment.Job instance at 0x7fef14654050>,14,1,[4 8],15,37,38,22,26
1,<environment.Job instance at 0x7fef14654c30>,17,15,[2 6],18,38,53,20,26
1,<environment.Job instance at 0x7fef14654550>,12,14,[3 7],13,53,67,40,38
1,<environment.Job instance at 0x7fef146542d0>,20,13,[2 8],21,55,68,34,39
1,<environment.Job instance at 0x7fef1375cf50>,21,1,[10  1],22,67,68,45,39
1,<environment.Job instance at 0x7fef14654730>,19,18,[10  2],20,68,86,48,57
1,<environment.Job instance at 0x7fef1375c9b0>,24,13,[5 8],25,68,81,43,57
1,<environment.Job instance at 0x7fe23b7e7410>,2,12,[5 4],3,3,15,0,3
1,<environment.Job instance at 0x7fe244f5f230>,0,18,[ 2 10],1,3,21,2,3
1,<environment.Job instance at 0x7fe23b7e7550>,5,13,[5 9],6,21,34,15,6
1,<environment.Job instance at 0x7fe23b7e75a0>,7,14,[5 1],8,8,22,0,8
1,<environment.Job instance at 0x7fe23b7e78c0>,8,17,[ 2 10],9,34,51,25,22
1,<environment.Job instance at 0x7fe23b7e7be0>,12,3,[6 3],13,22,25,9,22
1,<environment.Job instance at 0x7fe23b7e7c80>,13,13,[1 8],14,51,64,37,35
1,<environment.Job instance at 0x7fe23b7e7d20>,14,12,[3 7],15,51,63,36,35
1,<environment.Job instance at 0x7fe23b7e7e60>,16,12,[1 8],17,64,76,47,47
1,<environment.Job instance at 0x7fe23b7e7fa0>,18,16,[8 5],19,63,79,44,50
1,<environment.Job instance at 0x7fe23b7e92d0>,23,18,[5 2],24,63,81,39,52
1,<environment.Job instance at 0x7fe23b7e9780>,29,13,[1 6],30,76,89,46,60
1,<environment.Job instance at 0x7fe23b7e7960>,10,1,[7 3],11,79,80,68,60
1,<environment.Job instance at 0x7fe23b7e98c0>,31,17,[4 9],32,81,98,49,69
1,<environment.Job instance at 0x7fe23b7e9be0>,35,16,[8 1],36,89,105,53,76
1,<environment.Job instance at 0x7fe23b8614b0>,0,2,[10  3],1,1,3,0,1
1,<environment.Job instance at 0x7fe23b7e9cd0>,1,17,[ 4 14],2,3,20,1,2
1,<environment.Job instance at 0x7fe23b861dc0>,4,12,[3 5],5,20,32,15,5
1,<environment.Job instance at 0x7fe23b7e9320>,3,3,[9 2],4,20,23,16,5
1,<environment.Job instance at 0x7fe23b861c80>,2,3,[10  1],3,6,9,3,6
1,<environment.Job instance at 0x7fe23be9c960>,6,3,[5 6],7,23,26,16,7
1,<environment.Job instance at 0x7fe23be9c280>,7,2,[ 4 10],8,26,28,18,9
1,<environment.Job instance at 0x7fe23be9c690>,10,3,[7 2],11,23,26,12,11
1,<environment.Job instance at 0x7fe23be9cf50>,8,12,[3 5],9,28,40,19,11
1,<environment.Job instance at 0x7fe23be9c820>,21,1,[9 4],22,28,29,6,22
1,<environment.Job instance at 0x7fe23bcebe10>,20,18,[7 5],21,29,47,8,29
1,<environment.Job instance at 0x7fe23bceb780>,23,17,[5 6],24,40,57,16,29
1,<environment.Job instance at 0x7fe23be9cdc0>,13,12,[4 9],14,47,59,33,30
1,<environment.Job instance at 0x7fe23bceba50>,25,1,[3 6],26,57,58,31,33
1,<environment.Job instance at 0x7fe23bceb640>,24,17,[5 4],25,58,75,33,46
1,<environment.Job instance at 0x7fe23b2b3870>,26,12,[2 6],27,59,71,32,47
1,<environment.Job instance at 0x7fe23b2b8cd0>,29,3,[5 3],30,59,62,29,47
1,<environment.Job instance at 0x7fe23b1f4c80>,28,20,[5 7],29,71,91,42,62
1,<environment.Job instance at 0x7fe23b2bccd0>,34,12,[6 1],35,75,87,40,62
1,<environment.Job instance at 0x7fe23be9cfa0>,9,13,[7 2],10,87,100,77,71
1,<environment.Job instance at 0x7fe23af31730>,0,12,[6 3],1,1,13,0,1
1,<environment.Job instance at 0x7fe23af31280>,1,3,[1 5],2,2,5,0,2
1,<environment.Job instance at 0x7fe23af31960>,2,1,[10  1],3,13,14,10,3
1,<environment.Job instance at 0x7fe23ae4f960>,3,15,[4 8],4,5,20,1,4
1,<environment.Job instance at 0x7fe23af315a0>,5,3,[5 5],6,14,17,8,6
1,<environment.Job instance at 0x7fe23ae4f460>,4,13,[1 9],5,20,33,15,7
1,<environment.Job instance at 0x7fe23ae4fc80>,7,18,[5 2],8,14,32,6,8
1,<environment.Job instance at 0x7fe23ae4fe60>,9,16,[3 5],10,32,48,22,19
1,<environment.Job instance at 0x7fe23ae4f370>,13,12,[1 7],14,33,45,19,19
1,<environment.Job instance at 0x7fe23ae4faa0>,10,3,[9 1],11,20,23,9,19
1,<environment.Job instance at 0x7fe23ae4f0f0>,16,1,[7 4],17,23,24,6,19
1,<environment.Job instance at 0x7fe23ae4fa50>,18,14,[4 7],19,45,59,26,30
1,<environment.Job instance at 0x7fe244ba9d70>,20,12,[2 5],21,48,60,27,31
1,<environment.Job instance at 0x7fe244ba9960>,24,12,[5 7],25,59,71,34,42
1,<environment.Job instance at 0x7fe23ae4fc30>,11,14,[5 3],12,45,59,33,45
1,<environment.Job instance at 0x7fe23ae96f00>,25,17,[10  5],26,60,77,34,48
1,<environment.Job instance at 0x7fe23ae960a0>,28,14,[8 5],29,77,91,48,62
1,<environment.Job instance at 0x7fe23ae4f0a0>,17,13,[ 4 10],18,71,84,53,64
1,<environment.Job instance at 0x7fe23ae4f550>,8,18,[4 6],9,84,102,75,78
1,<environment.Job instance at 0x7fe23ae96f50>,31,3,[8 2],32,91,94,59,79
1,<environment.Job instance at 0x7fe23b1075a0>,1,16,[7 4],2,2,18,0,2
1,<environment.Job instance at 0x7fe23b4d61e0>,2,3,[3 9],3,3,6,0,3
1,<environment.Job instance at 0x7fe23b317dc0>,3,18,[1 6],4,6,24,2,4
1,<environment.Job instance at 0x7fe23b317e10>,4,15,[9 5],5,18,33,13,5
1,<environment.Job instance at 0x7fe23b314e60>,5,3,[6 4],6,6,9,0,6
1,<environment.Job instance at 0x7fe23c399870>,9,1,[8 3],10,33,34,23,10
1,<environment.Job instance at 0x7fe23b77cb40>,6,17,[2 6],7,24,41,17,13
1,<environment.Job instance at 0x7fe23b2bcc80>,11,3,[1 8],12,34,37,22,13
1,<environment.Job instance at 0x7fe23c399aa0>,12,13,[2 5],13,37,50,24,21
1,<environment.Job instance at 0x7fe23b3141e0>,8,12,[9 2],9,37,49,28,26
1,<environment.Job instance at 0x7fe23b30f8c0>,13,14,[3 5],14,41,55,27,27
1,<environment.Job instance at 0x7fe23bbf5410>,15,2,[9 2],16,49,51,33,27
1,<environment.Job instance at 0x7fe23bbf5730>,16,2,[5 1],17,33,35,16,27
1,<environment.Job instance at 0x7fe23bbf5190>,17,1,[1 7],18,50,51,32,27
1,<environment.Job instance at 0x7fe23b3142d0>,7,16,[2 8],8,51,67,43,38
1,<environment.Job instance at 0x7fe23bbf5910>,18,12,[12  2],19,55,67,36,42
1,<environment.Job instance at 0x7fe23b17e870>,20,2,[8 3],21,67,69,46,42
1,<environment.Job instance at 0x7fe23b4ed870>,22,2,[14  5],23,69,71,46,42
1,<environment.Job instance at 0x7fe23b486500>,19,12,[1 8],20,67,79,47,50
1,<environment.Job instance at 0x7fe23b28aa00>,24,18,[10  2],25,71,89,46,60
1,<environment.Job instance at 0x7fe23aea8aa0>,0,14,[ 3 10],1,1,15,0,1
1,<environment.Job instance at 0x7fe23b28a7d0>,2,2,[9 3],3,3,5,0,3
1,<environment.Job instance at 0x7fe23ad5faa0>,3,15,[7 4],4,5,20,1,4
1,<environment.Job instance at 0x7fe23ad5fbe0>,4,3,[5 8],5,15,18,10,5
1,<environment.Job instance at 0x7fe23b149280>,6,15,[6 2],7,18,33,11,7
1,<environment.Job instance at 0x7fe23ad5fb90>,5,2,[2 6],6,18,20,12,8
1,<environment.Job instance at 0x7fe23ad5feb0>,8,2,[1 7],9,20,22,11,9
1,<environment.Job instance at 0x7fe23ad5fc30>,9,3,[8 4],10,20,23,10,10
1,<environment.Job instance at 0x7fe23ad5f910>,10,13,[ 4 10],11,23,36,12,11
1,<environment.Job instance at 0x7fe23ad64550>,18,14,[10  4],19,33,47,14,19
1,<environment.Job instance at 0x7fe23ad645f0>,19,16,[1 7],20,36,52,16,23
1,<environment.Job instance at 0x7fe23ad64780>,21,15,[3 5],22,47,62,25,33
1,<environment.Job instance at 0x7fe23ad64820>,22,20,[7 3],23,47,67,24,38
1,<environment.Job instance at 0x7fe23ad64b40>,24,12,[3 5],25,52,64,27,38
1,<environment.Job instance at 0x7fe23ad64be0>,25,17,[6 3],26,64,81,38,52
1,<environment.Job instance at 0x7fe23ad64c80>,26,20,[6 2],27,67,87,40,58
1,<environment.Job instance at 0x7fe23ad64dc0>,28,17,[2 8],29,64,81,35,58
1,<environment.Job instance at 0x7fe23ad64fa0>,31,14,[3 6],32,81,95,49,66
1,<environment.Job instance at 0x7fe23ad64eb0>,32,15,[7 3],33,87,102,54,73
1,<environment.Job instance at 0x7fe23ad64230>,13,13,[2 5],14,81,94,67,75
1,<environment.Job instance at 0x7fe23ad661e0>,34,12,[2 9],35,95,107,60,78
1,<environment.Job instance at 0x7fe23ae02640>,1,3,[3 7],2,2,5,0,2
1,<environment.Job instance at 0x7fe23ae02550>,2,17,[4 6],3,3,20,0,3
1,<environment.Job instance at 0x7fe23ae02140>,4,13,[14  5],5,20,33,15,6
1,<environment.Job instance at 0x7fe23ae02500>,6,13,[8 3],7,7,20,0,7
1,<environment.Job instance at 0x7fe23ae02b40>,0,16,[1 9],1,20,36,19,9
1,<environment.Job instance at 0x7fe23ae02e60>,10,2,[9 4],11,33,35,22,11
1,<environment.Job instance at 0x7fe23ae02460>,5,12,[4 7],6,36,48,30,19
1,<environment.Job instance at 0x7fe23ae02d70>,12,13,[8 1],13,35,48,22,20
1,<environment.Job instance at 0x7fe23ae02280>,13,16,[3 5],14,35,51,21,22
1,<environment.Job instance at 0x7fe23ae024b0>,14,3,[2 5],15,48,51,33,22
1,<environment.Job instance at 0x7fe23ae025a0>,16,13,[1 6],17,51,64,34,35
1,<environment.Job instance at 0x7fe23adb4fa0>,17,14,[10  3],18,48,62,30,35
1,<environment.Job instance at 0x7fe23adb4140>,18,13,[8 2],19,62,75,43,49
1,<environment.Job instance at 0x7fe23ae022d0>,7,13,[4 6],8,51,64,43,50
1,<environment.Job instance at 0x7fe23adb49b0>,22,13,[3 9],23,64,77,41,50
1,<environment.Job instance at 0x7fe23adb4640>,25,16,[10  5],26,75,91,49,62
1,<environment.Job instance at 0x7fe23adb4870>,26,13,[8 4],27,91,104,64,75
1,<environment.Job instance at 0x7fe23ae02320>,9,17,[5 1],10,77,94,67,75
1,<environment.Job instance at 0x7fe23b617a00>,0,1,[10  3],1,1,2,0,1
1,<environment.Job instance at 0x7fe23ae02eb0>,1,24,[4 8],2,3,27,1,3
1,<environment.Job instance at 0x7fe23ae02320>,2,3,[1 7],3,3,6,0,3
1,<environment.Job instance at 0x7fe23b617be0>,3,3,[9 4],4,6,9,2,4
1,<environment.Job instance at 0x7fe23bc2ddc0>,4,2,[4 8],5,27,29,22,5
1,<environment.Job instance at 0x7fe23bc2d370>,6,14,[8 1],7,9,23,2,7
1,<environment.Job instance at 0x7fe23b9cdd70>,7,12,[10  4],8,23,35,15,8
1,<environment.Job instance at 0x7fe23b9cda50>,8,1,[2 5],9,9,10,0,9
1,<environment.Job instance at 0x7fe23b9cdfa0>,9,3,[4 8],10,29,32,19,10
1,<environment.Job instance at 0x7fe23b98e870>,14,2,[4 9],15,32,34,17,15
1,<environment.Job instance at 0x7fe23b98ebe0>,15,2,[7 5],16,35,37,19,16
1,<environment.Job instance at 0x7fe23b98e4b0>,13,14,[8 2],14,35,49,21,20
1,<environment.Job instance at 0x7fe23b98e500>,10,14,[ 4 10],11,37,51,26,22
1,<environment.Job instance at 0x7fe23bc893c0>,18,3,[9 1],19,49,52,30,23
1,<environment.Job instance at 0x7fe23bc89c30>,17,18,[6 2],18,51,69,33,40
1,<environment.Job instance at 0x7fe23bc89910>,20,19,[2 7],21,52,71,31,42
1,<environment.Job instance at 0x7fe23bc89be0>,23,15,[6 5],24,52,67,28,42
1,<environment.Job instance at 0x7fe23bc89140>,26,14,[7 5],27,67,81,40,52
1,<environment.Job instance at 0x7fe23bc89870>,28,14,[3 8],29,71,85,42,56
1,<environment.Job instance at 0x7fe23bc89280>,31,17,[5 7],32,81,98,49,69
1,<environment.Job instance at 0x7fe23bc897d0>,32,12,[3 8],33,85,97,52,69
1,<environment.Job instance at 0x7fe23be60870>,0,18,[5 9],1,1,19,0,1
1,<environment.Job instance at 0x7fe23be60140>,1,3,[1 6],2,2,5,0,2
1,<environment.Job instance at 0x7fe23ad9a690>,4,14,[7 5],5,5,19,0,5
1,<environment.Job instance at 0x7fe23ad9a230>,5,12,[6 1],6,19,31,13,6
1,<environment.Job instance at 0x7fe23ad88b40>,2,3,[4 9],3,19,22,16,7
1,<environment.Job instance at 0x7fe23ad9a730>,7,3,[5 1],8,19,22,11,9
1,<environment.Job instance at 0x7fe23ad9aeb0>,8,2,[5 4],9,22,24,13,9
1,<environment.Job instance at 0x7fe23ad9be60>,9,14,[9 5],10,24,38,14,10
1,<environment.Job instance at 0x7fe23ad9bf50>,10,1,[5 1],11,31,32,20,11
1,<environment.Job instance at 0x7fe23ad9b3c0>,12,2,[5 5],13,32,34,19,13
1,<environment.Job instance at 0x7fe23ad9b550>,13,1,[7 1],14,38,39,24,14
1,<environment.Job instance at 0x7fe23b63a550>,15,17,[ 5 10],16,34,51,18,22
1,<environment.Job instance at 0x7fe23b63a870>,19,28,[1 8],20,51,79,31,50
1,<environment.Job instance at 0x7fe23ada4500>,20,12,[7 2],21,50,62,29,50
1,<environment.Job instance at 0x7fe23ada4e60>,21,13,[1 9],22,79,92,57,63
1,<environment.Job instance at 0x7fe23adb12d0>,22,3,[1 9],23,92,95,69,66
1,<environment.Job instance at 0x7fe23ada41e0>,23,2,[6 5],24,66,68,42,66
1,<environment.Job instance at 0x7fe23adb1050>,24,1,[7 3],25,68,69,43,66
1,<environment.Job instance at 0x7fe23b5558c0>,25,3,[7 2],26,66,69,40,66
1,<environment.Job instance at 0x7fe23adb1af0>,26,14,[9 2],27,69,83,42,66
1,<environment.Job instance at 0x7fe23b4625a0>,0,15,[5 6],1,1,16,0,1
1,<environment.Job instance at 0x7fe23adb1f00>,1,2,[2 9],2,3,5,1,3
1,<environment.Job instance at 0x7fe23adb1af0>,2,2,[7 3],3,5,7,2,3
1,<environment.Job instance at 0x7fe23b462a00>,3,3,[8 1],4,7,10,3,4
1,<environment.Job instance at 0x7fe23b548af0>,4,15,[7 3],5,10,25,5,5
1,<environment.Job instance at 0x7fe23b548a00>,6,14,[5 4],7,16,30,9,7
1,<environment.Job instance at 0x7fe23b548050>,5,12,[10  3],6,25,37,19,8
1,<environment.Job instance at 0x7fe23b548d20>,8,2,[4 5],9,30,32,21,9
1,<environment.Job instance at 0x7fe23b548cd0>,12,1,[4 6],13,32,33,19,13
1,<environment.Job instance at 0x7fe23b5483c0>,13,1,[4 9],14,33,34,19,14
1,<environment.Job instance at 0x7fe23b5480a0>,11,2,[5 7],12,34,36,22,15
1,<environment.Job instance at 0x7fe23b548320>,15,3,[9 2],16,37,40,21,16
1,<environment.Job instance at 0x7fe23b548e10>,16,2,[8 4],17,40,42,23,17
1,<environment.Job instance at 0x7fe23b548550>,17,3,[10  4],18,42,45,24,18
1,<environment.Job instance at 0x7fe23b548500>,14,12,[3 5],15,36,48,21,19
1,<environment.Job instance at 0x7fe23ad720f0>,18,3,[3 9],19,45,48,26,22
1,<environment.Job instance at 0x7fe23b548c80>,10,17,[2 6],11,48,65,37,36
1,<environment.Job instance at 0x7fe23ad72b40>,22,15,[10  1],23,48,63,25,36
1,<environment.Job instance at 0x7fe23ad729b0>,23,13,[7 5],24,63,76,39,47
1,<environment.Job instance at 0x7fe23ad72af0>,29,16,[5 3],30,63,79,33,50
1,<environment.Job instance at 0x7fe23ad72230>,33,16,[8 5],34,76,92,42,63
1,<environment.Job instance at 0x7fe23ad72e60>,19,21,[1 9],20,79,100,59,71
1,<environment.Job instance at 0x7fe23ad72370>,35,3,[1 9],36,100,103,64,74
1,<environment.Job instance at 0x7fe23ad72140>,34,16,[9 4],35,92,108,57,79
1,<environment.Job instance at 0x7fe23b4c35a0>,0,20,[4 6],1,1,21,0,1
1,<environment.Job instance at 0x7fe23b4c3780>,1,2,[8 4],2,2,4,0,2
1,<environment.Job instance at 0x7fe23b118730>,2,2,[8 4],3,4,6,1,3
1,<environment.Job instance at 0x7fe23b145a00>,4,16,[4 5],5,6,22,1,5
1,<environment.Job instance at 0x7fe23bc47280>,6,3,[8 3],7,21,24,14,7
1,<environment.Job instance at 0x7fe23bc39eb0>,3,14,[ 1 11],4,22,36,18,7
1,<environment.Job instance at 0x7fe23bc470a0>,7,1,[10  5],8,36,37,28,8
1,<environment.Job instance at 0x7fe23bc47370>,8,2,[13  3],9,24,26,15,12
1,<environment.Job instance at 0x7fe23bc47460>,9,1,[5 1],10,13,14,3,13
1,<environment.Job instance at 0x7fe23bc475f0>,11,3,[6 4],12,26,29,14,19
1,<environment.Job instance at 0x7fe23bc47a50>,15,2,[6 3],16,29,31,13,20
1,<environment.Job instance at 0x7fe23bc47550>,10,12,[1 7],11,36,48,25,20
1,<environment.Job instance at 0x7fe23bc47780>,14,12,[9 1],15,37,49,22,23
1,<environment.Job instance at 0x7fe23bc478c0>,13,15,[5 5],14,37,52,23,23
1,<environment.Job instance at 0x7fe23bc47c30>,18,20,[3 8],19,49,69,30,40
1,<environment.Job instance at 0x7fe23bc47af0>,16,13,[4 7],17,52,65,35,47
1,<environment.Job instance at 0x7fe23bc55320>,24,1,[ 2 11],25,69,70,44,55
1,<environment.Job instance at 0x7fe23bc55190>,23,15,[4 9],24,70,85,46,56
1,<environment.Job instance at 0x7fe23bc55370>,26,18,[6 3],27,65,83,38,56
1,<environment.Job instance at 0x7fe23bc550a0>,25,2,[4 7],26,85,87,59,58
1,<environment.Job instance at 0x7fe23bc55640>,30,15,[10  4],31,83,98,52,69
1,<environment.Job instance at 0x7fe23bc55690>,31,18,[4 8],32,87,105,55,77
1,<environment.Job instance at 0x7fe23c1e2730>,0,14,[ 2 10],1,1,15,0,1
1,<environment.Job instance at 0x7fe23bc55690>,2,16,[ 3 10],3,15,31,12,3
1,<environment.Job instance at 0x7fe23b898cd0>,3,18,[5 5],4,4,22,0,4
1,<environment.Job instance at 0x7fe23bc55730>,1,3,[3 9],2,31,34,29,5
1,<environment.Job instance at 0x7fe23b898050>,7,2,[ 3 10],8,34,36,26,9
1,<environment.Job instance at 0x7fe23b898c80>,6,13,[3 9],7,36,49,29,20
1,<environment.Job instance at 0x7fe23b8985f0>,10,19,[4 5],11,22,41,11,20
1,<environment.Job instance at 0x7fe23c2d42d0>,12,13,[9 4],13,41,54,28,25
1,<environment.Job instance at 0x7fe23c2d4140>,13,12,[2 6],14,49,61,35,32
1,<environment.Job instance at 0x7fe23c2d4b40>,14,16,[2 7],15,54,70,39,41
1,<environment.Job instance at 0x7fe23c2d4960>,16,13,[5 5],17,61,74,44,45
1,<environment.Job instance at 0x7fe23c2d43c0>,18,16,[8 3],19,61,77,42,48
1,<environment.Job instance at 0x7fe23b898820>,8,18,[1 5],9,70,88,61,59
1,<environment.Job instance at 0x7fe23b8981e0>,5,17,[ 3 10],6,77,94,71,67
1,<environment.Job instance at 0x7fe23c2d6820>,23,1,[10  1],24,88,89,64,67
1,<environment.Job instance at 0x7fe244e9a140>,0,16,[ 2 10],1,1,17,0,1
1,<environment.Job instance at 0x7fe23bc22870>,2,15,[5 9],3,17,32,14,3
1,<environment.Job instance at 0x7fe244e9adc0>,1,2,[1 6],2,17,19,15,4
1,<environment.Job instance at 0x7fe244e9a5f0>,3,2,[3 5],4,4,6,0,4
1,<environment.Job instance at 0x7fe244e9aa50>,4,14,[6 4],5,19,33,14,5
1,<environment.Job instance at 0x7fe23bf8a320>,7,2,[6 3],8,11,13,3,11
1,<environment.Job instance at 0x7fe23bf8a910>,11,2,[3 8],12,32,34,20,12
1,<environment.Job instance at 0x7fe23bf8a5a0>,12,1,[6 3],13,13,14,0,13
1,<environment.Job instance at 0x7fe23bf8a550>,13,2,[14  3],14,34,36,20,18
1,<environment.Job instance at 0x7fe23bf8a050>,19,1,[1 8],20,34,35,14,20
1,<environment.Job instance at 0x7fe23c398050>,20,1,[8 1],21,33,34,12,21
1,<environment.Job instance at 0x7fe23bf8adc0>,9,12,[9 4],10,36,48,26,22
1,<environment.Job instance at 0x7fe23c3985f0>,22,2,[3 6],23,36,38,13,23
1,<environment.Job instance at 0x7fe23c398410>,23,1,[12  4],24,48,49,24,24
1,<environment.Job instance at 0x7fe23c398140>,24,3,[4 5],25,38,41,13,25
1,<environment.Job instance at 0x7fe23c398f50>,25,18,[9 2],26,49,67,23,38
1,<environment.Job instance at 0x7fe23c398820>,26,3,[5 8],27,41,44,14,38
1,<environment.Job instance at 0x7fe23bf8a370>,17,18,[3 8],18,44,62,26,38
1,<environment.Job instance at 0x7fe23c398870>,27,20,[1 8],28,62,82,34,54
1,<environment.Job instance at 0x7fe23c31edc0>,32,3,[5 9],33,82,85,49,56
1,<environment.Job instance at 0x7fe23c31ea00>,33,16,[8 1],34,67,83,33,56
1,<environment.Job instance at 0x7fe23c31e140>,34,3,[2 7],35,85,88,50,59
1,<environment.Job instance at 0x7fe23c31e9b0>,35,23,[8 4],36,83,106,47,77
1,<environment.Job instance at 0x7fe23c31eeb0>,36,12,[3 9],37,88,100,51,77
1,<environment.Job instance at 0x7fe23b239be0>,1,28,[5 1],2,2,30,0,2
1,<environment.Job instance at 0x7fe23b239050>,2,3,[1 8],3,3,6,0,3
1,<environment.Job instance at 0x7fe23b239cd0>,3,12,[3 8],4,6,18,2,4
1,<environment.Job instance at 0x7fe23b239820>,4,3,[1 5],5,5,8,0,5
1,<environment.Job instance at 0x7fe23b2399b0>,5,15,[3 5],6,8,23,2,6
1,<environment.Job instance at 0x7fe23b239140>,6,3,[7 4],7,18,21,11,7
1,<environment.Job instance at 0x7fe23b239d20>,7,13,[9 1],8,23,36,15,8
1,<environment.Job instance at 0x7fe23b2393c0>,8,2,[7 4],9,21,23,12,9
1,<environment.Job instance at 0x7fe23b6bbbe0>,9,2,[5 1],10,30,32,20,10
1,<environment.Job instance at 0x7fe23b6bb730>,10,2,[10  5],11,36,38,25,11
1,<environment.Job instance at 0x7fe23b6bb7d0>,11,3,[9 1],12,38,41,26,12
1,<environment.Job instance at 0x7fe23b6bbb90>,15,12,[2 8],16,32,44,16,17
1,<environment.Job instance at 0x7fe23b6bb410>,12,13,[9 1],13,41,54,28,26
1,<environment.Job instance at 0x7fe23b6bb460>,17,17,[10  4],18,54,71,36,42
1,<environment.Job instance at 0x7fe23b6bbfa0>,19,15,[2 6],20,42,57,22,42
1,<environment.Job instance at 0x7fe23b6bb4b0>,21,14,[9 4],22,71,85,49,56
1,<environment.Job instance at 0x7fe244a14e60>,22,13,[2 9],23,57,70,34,56
1,<environment.Job instance at 0x7fe23b94f0f0>,25,18,[7 5],26,85,103,59,74
1,<environment.Job instance at 0x7fe23b94faf0>,28,13,[1 5],29,74,87,45,74
1,<environment.Job instance at 0x7fe23b94f3c0>,30,22,[2 5],31,74,96,43,74
1,<environment.Job instance at 0x7fe23c02dbe0>,1,13,[7 4],2,2,15,0,2
1,<environment.Job instance at 0x7fe23b42e410>,0,3,[2 8],1,3,6,2,3
1,<environment.Job instance at 0x7fe23b5024b0>,3,1,[8 5],4,6,7,2,4
1,<environment.Job instance at 0x7fe23adbbc30>,4,18,[5 5],5,7,25,2,5
1,<environment.Job instance at 0x7fe23adbbc80>,5,3,[7 5],6,15,18,9,6
1,<environment.Job instance at 0x7fe23c178190>,6,17,[2 6],7,18,35,11,7
1,<environment.Job instance at 0x7fe23c178230>,7,12,[2 8],8,25,37,17,8
1,<environment.Job instance at 0x7fe23b89c910>,10,13,[2 6],11,35,48,24,19
1,<environment.Job instance at 0x7fe23c178870>,9,12,[4 6],10,37,49,27,21
1,<environment.Job instance at 0x7fe23afa32d0>,15,1,[5 9],16,48,49,32,21
1,<environment.Job instance at 0x7fe23b6a7140>,14,15,[5 6],15,49,64,34,35
1,<environment.Job instance at 0x7fe23af0db90>,18,12,[9 3],19,49,61,30,35
1,<environment.Job instance at 0x7fe23b86c910>,19,13,[6 4],20,61,74,41,45
1,<environment.Job instance at 0x7fe23b57cf50>,16,17,[2 5],17,61,78,44,51
1,<environment.Job instance at 0x7fe23b6d03c0>,8,18,[5 3],9,64,82,55,53
1,<environment.Job instance at 0x7fe23b1e2d70>,26,1,[6 3],27,74,75,47,53
1,<environment.Job instance at 0x7fe23b1e2370>,25,15,[3 9],26,78,93,52,66
1,<environment.Job instance at 0x7fe23b39ffa0>,29,18,[7 5],30,82,100,52,71
1,<environment.Job instance at 0x7fe23b39f6e0>,31,14,[5 8],32,93,107,61,78
1,<environment.Job instance at 0x7fe23b816f50>,0,12,[5 6],1,1,13,0,1
1,<environment.Job instance at 0x7fe23b816960>,1,16,[3 9],2,2,18,0,2
1,<environment.Job instance at 0x7fe23b816410>,3,1,[2 6],4,13,14,9,5
1,<environment.Job instance at 0x7fe23b816550>,4,13,[2 7],5,18,31,13,6
1,<environment.Job instance at 0x7fe23b816be0>,2,1,[5 9],3,31,32,28,6
1,<environment.Job instance at 0x7fe23b816910>,5,17,[10  3],6,14,31,8,7
1,<environment.Job instance at 0x7fe24494f640>,10,2,[1 6],11,31,33,20,12
1,<environment.Job instance at 0x7fe23bec5c80>,15,16,[7 3],16,32,48,16,19
1,<environment.Job instance at 0x7fe24494ff50>,12,14,[ 4 10],13,33,47,20,19
1,<environment.Job instance at 0x7fe23bec5f00>,16,12,[8 4],17,47,59,30,30
1,<environment.Job instance at 0x7fe24494f410>,8,14,[6 4],9,48,62,39,36
1,<environment.Job instance at 0x7fe23c3ed230>,20,20,[9 3],21,59,79,38,50
1,<environment.Job instance at 0x7fe23aafc4b0>,22,14,[9 2],23,79,93,56,64
1,<environment.Job instance at 0x7fe23bec5140>,17,16,[1 8],18,64,80,46,64
1,<environment.Job instance at 0x7fe23bab23c0>,24,2,[6 1],25,80,82,55,64
1,<environment.Job instance at 0x7fe23b5b0870>,25,17,[5 3],26,82,99,56,70
1,<environment.Job instance at 0x7fe23baea140>,26,12,[2 7],27,93,105,66,76
1,<environment.Job instance at 0x7fe23bab26e0>,27,1,[ 1 13],28,105,106,77,77
1,<environment.Job instance at 0x7fe23b7d2320>,1,2,[1 9],2,2,4,0,2
1,<environment.Job instance at 0x7fe23b3c9a50>,0,18,[6 4],1,2,20,1,2
1,<environment.Job instance at 0x7fe23bab26e0>,2,3,[10  4],3,20,23,17,4
1,<environment.Job instance at 0x7fe23bab2c30>,3,13,[8 4],4,4,17,0,4
1,<environment.Job instance at 0x7fe23b3c9eb0>,4,3,[9 3],5,17,20,12,6
1,<environment.Job instance at 0x7fe23b0b1190>,6,1,[5 2],7,20,21,13,7
1,<environment.Job instance at 0x7fe23b0b10a0>,7,13,[10  4],8,23,36,15,8
1,<environment.Job instance at 0x7fe23b0b1d20>,11,16,[ 5 11],12,21,37,9,14
1,<environment.Job instance at 0x7fe23b0b1410>,12,16,[5 4],13,36,52,23,23
1,<environment.Job instance at 0x7fe23b0b1550>,13,3,[ 4 10],14,37,40,23,23
1,<environment.Job instance at 0x7fe23b0b1140>,14,3,[10  2],15,40,43,25,23
1,<environment.Job instance at 0x7fe23b0b1eb0>,10,13,[12  1],11,52,65,41,36
1,<environment.Job instance at 0x7fe23b0b1870>,16,1,[12  2],17,65,66,48,37
1,<environment.Job instance at 0x7fe23b0b1500>,9,13,[8 2],10,66,79,56,50
1,<environment.Job instance at 0x7fe23b0b1cd0>,17,18,[1 6],18,50,68,32,50
1,<environment.Job instance at 0x7fe23b3c9b40>,5,16,[7 3],6,68,84,62,57
1,<environment.Job instance at 0x7fe23b0b1a00>,21,2,[ 5 10],22,79,81,57,57
1,<environment.Job instance at 0x7fe23b0b1be0>,19,14,[5 1],20,81,95,61,68
1,<environment.Job instance at 0x7fe23b0b1960>,22,14,[7 3],23,84,98,61,69
1,<environment.Job instance at 0x7fe23b6511e0>,0,3,[ 4 10],1,1,4,0,1
1,<environment.Job instance at 0x7fe23b651500>,1,2,[2 9],2,4,6,2,2
1,<environment.Job instance at 0x7fe23b651dc0>,3,3,[8 1],4,4,7,0,4
1,<environment.Job instance at 0x7fe23b651690>,4,17,[2 7],5,6,23,1,5
1,<environment.Job instance at 0x7fe23adc92d0>,5,14,[7 2],6,7,21,1,6
1,<environment.Job instance at 0x7fe23adc9af0>,6,3,[ 5 14],7,23,26,16,8
1,<environment.Job instance at 0x7fe23b69a1e0>,7,16,[5 4],8,26,42,18,13
1,<environment.Job instance at 0x7fe23adc97d0>,11,12,[2 6],12,26,38,14,13
1,<environment.Job instance at 0x7fe23adc9a00>,12,17,[6 4],13,26,43,13,15
1,<environment.Job instance at 0x7fe23c040d70>,16,15,[5 6],17,42,57,25,28
1,<environment.Job instance at 0x7fe23bad21e0>,19,12,[3 9],20,43,55,23,28
1,<environment.Job instance at 0x7fe23bec5b90>,20,15,[1 8],21,55,70,34,41
1,<environment.Job instance at 0x7fe23b246190>,21,16,[5 5],22,57,73,35,44
1,<environment.Job instance at 0x7fe23b2464b0>,22,18,[2 5],23,70,88,47,59
1,<environment.Job instance at 0x7fe23b246230>,23,3,[5 3],24,70,73,46,59
1,<environment.Job instance at 0x7fe23b246780>,24,14,[ 3 10],25,73,87,48,59
1,<environment.Job instance at 0x7fe23acaf4b0>,31,15,[5 2],32,87,102,55,73
1,<environment.Job instance at 0x7fe23adc9b90>,10,16,[1 7],11,87,103,76,74
1,<environment.Job instance at 0x7fe23bead910>,36,1,[5 9],37,103,104,66,75
1,<environment.Job instance at 0x7fe23b138230>,37,2,[10  2],38,102,104,64,75
1,<environment.Job instance at 0x7fe23b138b40>,38,2,[8 5],39,88,90,49,75
1,<environment.Job instance at 0x7fe23b7e9280>,0,2,[14  4],1,3,5,2,3
1,<environment.Job instance at 0x7fe23bac5280>,2,2,[10  3],3,5,7,2,3
1,<environment.Job instance at 0x7fe23b138b40>,3,1,[1 7],4,5,6,1,5
1,<environment.Job instance at 0x7fe23b8492d0>,4,16,[11  4],5,7,23,2,5
1,<environment.Job instance at 0x7fe23b8494b0>,6,3,[8 2],7,23,26,16,8
1,<environment.Job instance at 0x7fe23b849500>,7,18,[1 9],8,8,26,0,8
1,<environment.Job instance at 0x7fe23b8495a0>,9,14,[2 8],10,26,40,16,12
1,<environment.Job instance at 0x7fe23b849410>,5,14,[1 7],6,26,40,20,12
1,<environment.Job instance at 0x7fe23b849b40>,14,17,[10  5],15,40,57,25,28
1,<environment.Job instance at 0x7fe23b849870>,15,18,[5 6],16,40,58,24,29
1,<environment.Job instance at 0x7fe23b8495f0>,10,1,[5 2],11,57,58,46,29
1,<environment.Job instance at 0x7fe23b849cd0>,17,15,[ 4 10],18,58,73,40,44
1,<environment.Job instance at 0x7fe23b849910>,22,18,[9 1],23,58,76,35,47
1,<environment.Job instance at 0x7fe23b849a50>,23,13,[3 9],24,73,86,49,57
1,<environment.Job instance at 0x7fe23b81a190>,24,15,[2 7],25,86,101,61,72
1,<environment.Job instance at 0x7fe23b81a2d0>,26,13,[1 6],27,76,89,49,72
1,<environment.Job instance at 0x7fe23b81a730>,29,12,[5 8],30,89,101,59,72
1,<environment.Job instance at 0x7fe23b170aa0>,0,20,[ 4 10],1,1,21,0,1
1,<environment.Job instance at 0x7fe23b81a960>,2,16,[6 1],3,3,19,0,3
1,<environment.Job instance at 0x7fe23b1701e0>,12,2,[1 9],13,21,23,8,13
1,<environment.Job instance at 0x7fe23b81a7d0>,1,1,[ 3 10],2,23,24,21,13
1,<environment.Job instance at 0x7fe23b150190>,14,3,[8 5],15,19,22,4,15
1,<environment.Job instance at 0x7fe23b150320>,15,2,[9 5],16,22,24,6,16
1,<environment.Job instance at 0x7fe23b150dc0>,13,1,[3 7],14,24,25,10,16
1,<environment.Job instance at 0x7fe23b170190>,3,14,[ 4 10],4,25,39,21,18
1,<environment.Job instance at 0x7fe23b150fa0>,18,14,[5 4],19,24,38,5,19
1,<environment.Job instance at 0x7fe23b150eb0>,19,15,[6 4],20,38,53,18,24
1,<environment.Job instance at 0x7fe23b150aa0>,20,2,[7 5],21,39,41,18,24
1,<environment.Job instance at 0x7fe23b179370>,21,2,[ 2 10],22,41,43,19,24
1,<environment.Job instance at 0x7fe23b150500>,11,12,[3 5],12,43,55,31,27
1,<environment.Job instance at 0x7fe23b179730>,22,23,[6 2],23,43,66,20,38
1,<environment.Job instance at 0x7fe23b179460>,27,13,[9 4],28,55,68,27,39
1,<environment.Job instance at 0x7fe23b179550>,28,13,[4 8],29,66,79,37,50
1,<environment.Job instance at 0x7fe23b1793c0>,29,3,[4 5],30,68,71,38,50
1,<environment.Job instance at 0x7fe23b179a00>,30,2,[1 5],31,53,55,22,50
1,<environment.Job instance at 0x7fe23b1790f0>,31,1,[3 6],32,71,72,39,50
1,<environment.Job instance at 0x7fe23b170f00>,5,14,[5 4],6,72,86,66,60
1,<environment.Job instance at 0x7fe23b179910>,33,1,[11  3],34,86,87,52,60
1,<environment.Job instance at 0x7fe23b1796e0>,26,17,[1 6],27,79,96,52,72
1,<environment.Job instance at 0x7fe23b1795f0>,32,18,[6 5],33,87,105,54,76
1,<environment.Job instance at 0x7fe23c2495f0>,0,2,[10  4],1,1,3,0,1
1,<environment.Job instance at 0x7fe23b1795f0>,2,16,[2 8],3,3,19,0,3
1,<environment.Job instance at 0x7fe23c0e0320>,3,12,[3 9],4,19,31,15,4
1,<environment.Job instance at 0x7fe23c0e0e60>,4,1,[2 9],5,31,32,26,6
1,<environment.Job instance at 0x7fe23c0e0aa0>,7,2,[10  2],8,9,11,1,9
1,<environment.Job instance at 0x7fe23c0e0140>,5,18,[4 6],6,11,29,5,10
1,<environment.Job instance at 0x7fe23c0e0960>,10,15,[8 4],11,29,44,18,15
1,<environment.Job instance at 0x7fe23c0e0cd0>,11,12,[8 1],12,44,56,32,27
1,<environment.Job instance at 0x7fe23c0e0280>,12,13,[5 3],13,32,45,19,27
1,<environment.Job instance at 0x7fe23c0e00f0>,13,3,[6 5],14,45,48,31,27
1,<environment.Job instance at 0x7fe23c0e08c0>,14,19,[ 5 10],15,48,67,33,38
1,<environment.Job instance at 0x7fe23c0e0d70>,16,15,[3 9],17,67,82,50,53
1,<environment.Job instance at 0x7fe23c0e0a50>,18,12,[5 4],19,56,68,37,53
1,<environment.Job instance at 0x7fe23b84a9b0>,20,13,[8 3],21,68,81,47,53
1,<environment.Job instance at 0x7fe23b84a5f0>,25,15,[10  1],26,81,96,55,67
1,<environment.Job instance at 0x7fe23b84abe0>,26,13,[ 2 10],27,82,95,55,67
1,<environment.Job instance at 0x7fe23b84a050>,27,12,[6 5],28,96,108,68,79
1,<environment.Job instance at 0x7fe23b84a140>,28,3,[1 7],29,95,98,66,79
1,<environment.Job instance at 0x7fe23b84aeb0>,29,3,[7 3],30,96,99,66,79
1,<environment.Job instance at 0x7f630500e410>,2,12,[5 4],3,3,15,0,3
1,<environment.Job instance at 0x7f630e786230>,0,18,[ 2 10],1,3,21,2,3
1,<environment.Job instance at 0x7f630500e4b0>,4,18,[10  4],5,15,33,10,5
1,<environment.Job instance at 0x7f630500e5f0>,5,13,[5 9],6,21,34,15,6
1,<environment.Job instance at 0x7f630500e820>,7,14,[5 1],8,33,47,25,18
1,<environment.Job instance at 0x7f630500ecd0>,13,13,[1 8],14,34,47,20,18
1,<environment.Job instance at 0x7f630500ed70>,14,12,[3 7],15,47,59,32,30
1,<environment.Job instance at 0x7f630500eeb0>,16,12,[1 8],17,47,59,30,30
1,<environment.Job instance at 0x7f630500e9b0>,18,16,[8 5],19,59,75,40,46
1,<environment.Job instance at 0x7f6305010320>,23,18,[5 2],24,59,77,35,48
1,<environment.Job instance at 0x7f63050106e0>,29,13,[1 6],30,59,72,29,53
1,<environment.Job instance at 0x7f6305010820>,31,17,[4 9],32,75,92,43,63
1,<environment.Job instance at 0x7f63050107d0>,32,17,[9 3],33,77,94,44,65
1,<environment.Job instance at 0x7f6305010b40>,35,16,[8 1],36,94,110,58,81
1,<environment.Job instance at 0x7f6305010c80>,37,14,[5 5],38,92,106,54,81
1,<environment.Job instance at 0x7f6305010d20>,38,12,[3 6],39,106,118,67,89
1,<environment.Job instance at 0x7f63046bf730>,0,3,[7 2],1,1,4,0,1
1,<environment.Job instance at 0x7f6305010d70>,1,16,[5 8],2,2,18,0,2
1,<environment.Job instance at 0x7f6305010d20>,3,12,[4 9],4,18,30,14,4
1,<environment.Job instance at 0x7f63054b8d20>,2,2,[2 5],3,4,6,1,4
1,<environment.Job instance at 0x7f63054b86e0>,4,2,[4 7],5,6,8,1,5
1,<environment.Job instance at 0x7f63054b8410>,6,2,[4 8],7,30,32,23,7
1,<environment.Job instance at 0x7f63054b8fa0>,7,3,[5 3],8,9,12,1,9
1,<environment.Job instance at 0x7f63054b8050>,9,2,[10  4],10,12,14,2,10
1,<environment.Job instance at 0x7f63054b8280>,8,12,[10  1],9,14,26,5,11
1,<environment.Job instance at 0x7f63054350a0>,13,17,[5 6],14,26,43,12,14
1,<environment.Job instance at 0x7f6305435a00>,14,17,[5 4],15,32,49,17,20
1,<environment.Job instance at 0x7f6305435b40>,17,3,[7 4],18,43,46,25,20
1,<environment.Job instance at 0x7f63054b8870>,15,1,[3 6],16,43,44,27,22
1,<environment.Job instance at 0x7f63054356e0>,19,3,[5 3],20,32,35,12,23
1,<environment.Job instance at 0x7f63054354b0>,16,12,[2 6],17,44,56,27,27
1,<environment.Job instance at 0x7f6305435140>,18,20,[5 7],19,49,69,30,40
1,<environment.Job instance at 0x7f6304a145a0>,24,12,[6 1],25,46,58,21,40
1,<environment.Job instance at 0x7f6304ae3b90>,25,14,[9 1],26,58,72,32,43
1,<environment.Job instance at 0x7f630468a2d0>,26,15,[9 2],27,72,87,45,58
1,<environment.Job instance at 0x7f6304a1ae60>,29,16,[1 8],30,69,85,39,58
1,<environment.Job instance at 0x7f630481fe10>,34,15,[9 1],35,87,102,52,73
1,<environment.Job instance at 0x7f6304b25690>,35,15,[5 3],36,73,88,37,73
1,<environment.Job instance at 0x7f63046e1410>,38,16,[7 1],39,102,118,63,89
1,<environment.Job instance at 0x7f630e3d2c80>,39,14,[8 1],40,102,116,62,89
1,<environment.Job instance at 0x7f63046760f0>,0,12,[2 5],1,1,13,0,1
1,<environment.Job instance at 0x7f630485ba50>,1,1,[5 1],2,2,3,0,2
1,<environment.Job instance at 0x7f6304676a50>,2,2,[8 2],3,3,5,0,3
1,<environment.Job instance at 0x7f630e3d2c80>,4,12,[5 7],5,5,17,0,5
1,<environment.Job instance at 0x7f6304676aa0>,3,1,[3 9],4,17,18,13,6
1,<environment.Job instance at 0x7f6304676370>,5,17,[10  5],6,13,30,7,6
1,<environment.Job instance at 0x7f6304676730>,7,2,[9 3],8,30,32,22,8
1,<environment.Job instance at 0x7f6304676320>,11,3,[8 2],12,32,35,20,12
1,<environment.Job instance at 0x7f63046b0690>,12,14,[8 4],13,35,49,22,20
1,<environment.Job instance at 0x7f63046b0140>,13,3,[5 4],14,20,23,6,20
1,<environment.Job instance at 0x7f63046763c0>,10,18,[5 1],11,23,41,12,20
1,<environment.Job instance at 0x7f6304676190>,9,17,[9 2],10,49,66,39,37
1,<environment.Job instance at 0x7f63046b09b0>,15,16,[ 3 10],16,41,57,25,37
1,<environment.Job instance at 0x7f63046b0780>,17,3,[4 9],18,57,60,39,37
1,<environment.Job instance at 0x7f63046b0c30>,18,2,[ 3 10],19,60,62,41,37
1,<environment.Job instance at 0x7f63046b0f50>,19,1,[10  3],20,66,67,46,38
1,<environment.Job instance at 0x7f63046b0be0>,20,2,[3 8],21,62,64,41,38
1,<environment.Job instance at 0x7f63046b06e0>,21,2,[12  1],22,67,69,45,40
1,<environment.Job instance at 0x7f63046b0aa0>,24,17,[10  2],25,69,86,44,57
1,<environment.Job instance at 0x7f63046b0190>,22,14,[9 2],23,86,100,63,72
1,<environment.Job instance at 0x7f63046b0cd0>,26,13,[5 1],27,72,85,45,72
1,<environment.Job instance at 0x7f63046b0500>,27,1,[1 6],28,85,86,57,72
1,<environment.Job instance at 0x7f63046b02d0>,25,17,[5 9],26,87,104,61,87
1,<environment.Job instance at 0x7f6304819d70>,0,1,[9 5],1,1,2,0,1
1,<environment.Job instance at 0x7f6305450870>,1,18,[ 5 14],2,2,20,0,2
1,<environment.Job instance at 0x7f6304c820f0>,4,1,[3 7],5,20,21,15,7
1,<environment.Job instance at 0x7f6304c82fa0>,6,14,[5 4],7,20,34,13,8
1,<environment.Job instance at 0x7f6304c825a0>,8,1,[ 5 14],9,34,35,25,9
1,<environment.Job instance at 0x7f6304c822d0>,5,2,[7 1],6,10,12,4,10
1,<environment.Job instance at 0x7f6304ba5b40>,10,2,[10  1],11,12,14,1,12
1,<environment.Job instance at 0x7f6304ba5cd0>,9,13,[5 7],10,21,34,11,12
1,<environment.Job instance at 0x7f6304ba55a0>,12,2,[9 4],13,35,37,22,13
1,<environment.Job instance at 0x7f6304b3b0a0>,13,3,[14  5],14,37,40,23,14
1,<environment.Job instance at 0x7f6304a45640>,14,2,[1 7],15,35,37,20,15
1,<environment.Job instance at 0x7f630481fbe0>,15,1,[ 4 10],16,40,41,24,16
1,<environment.Job instance at 0x7f6304a1b140>,16,13,[3 6],17,41,54,24,25
1,<environment.Job instance at 0x7f6304a1be60>,17,1,[9 4],18,40,41,22,25
1,<environment.Job instance at 0x7f6304c82d70>,7,14,[4 7],8,41,55,33,26
1,<environment.Job instance at 0x7f6304c82910>,11,16,[6 2],12,41,57,29,31
1,<environment.Job instance at 0x7f63050200a0>,19,14,[5 7],20,55,69,35,40
1,<environment.Job instance at 0x7f6304a531e0>,21,3,[3 6],22,54,57,32,40
1,<environment.Job instance at 0x7f6304c03aa0>,23,18,[9 2],24,57,75,33,56
1,<environment.Job instance at 0x7f6304fc8910>,20,13,[7 4],21,75,88,54,59
1,<environment.Job instance at 0x7f6304a21190>,25,1,[8 2],26,75,76,49,59
1,<environment.Job instance at 0x7f6304a218c0>,24,18,[ 5 10],25,76,94,51,66
1,<environment.Job instance at 0x7f63054b8fa0>,28,15,[2 5],29,88,103,59,74
1,<environment.Job instance at 0x7f63053bc730>,29,15,[7 4],30,94,109,64,80
1,<environment.Job instance at 0x7f63054b87d0>,30,17,[4 5],31,94,111,63,82
1,<environment.Job instance at 0x7f63046a0af0>,0,1,[5 1],1,2,3,1,2
1,<environment.Job instance at 0x7f63053bc0f0>,2,2,[1 5],3,3,5,0,3
1,<environment.Job instance at 0x7f6304586f50>,3,12,[8 5],4,4,16,0,4
1,<environment.Job instance at 0x7f6304586fa0>,5,12,[2 5],6,6,18,0,6
1,<environment.Job instance at 0x7f630458b050>,6,3,[2 7],7,16,19,9,7
1,<environment.Job instance at 0x7f630458b370>,7,13,[ 1 10],8,19,32,11,8
1,<environment.Job instance at 0x7f630458b460>,8,3,[4 7],9,32,35,23,9
1,<environment.Job instance at 0x7f630458b230>,10,17,[7 1],11,16,33,5,12
1,<environment.Job instance at 0x7f630458b960>,15,20,[3 8],16,33,53,17,24
1,<environment.Job instance at 0x7f630458baf0>,18,14,[3 6],19,35,49,16,24
1,<environment.Job instance at 0x7f630458bb90>,19,3,[9 2],20,49,52,29,24
1,<environment.Job instance at 0x7f630458bc30>,20,18,[4 8],21,53,71,32,42
1,<environment.Job instance at 0x7f630458e190>,25,18,[ 3 10],26,71,89,45,60
1,<environment.Job instance at 0x7f630458e2d0>,26,21,[6 1],27,60,81,33,60
1,<environment.Job instance at 0x7f630458e370>,27,13,[4 9],28,89,102,61,73
1,<environment.Job instance at 0x7f630458e410>,28,12,[8 2],29,81,93,52,73
1,<environment.Job instance at 0x7f630458e550>,30,12,[1 5],31,93,105,62,76
1,<environment.Job instance at 0x7f630458e690>,32,17,[9 1],33,93,110,60,81
1,<environment.Job instance at 0x7f63045d01e0>,0,1,[2 9],1,1,2,0,1
1,<environment.Job instance at 0x7f630458e6e0>,1,3,[9 3],2,2,5,0,2
1,<environment.Job instance at 0x7f630458e690>,3,13,[9 5],4,5,18,1,4
1,<environment.Job instance at 0x7f63045d02d0>,4,15,[ 1 10],5,5,20,0,5
1,<environment.Job instance at 0x7f63045d0af0>,6,2,[9 2],7,18,20,11,7
1,<environment.Job instance at 0x7f63045d0640>,7,2,[5 2],8,18,20,10,8
1,<environment.Job instance at 0x7f63045d0cd0>,8,2,[6 5],9,20,22,11,9
1,<environment.Job instance at 0x7f63045d0190>,9,3,[8 5],10,20,23,10,10
1,<environment.Job instance at 0x7f63045d0870>,10,13,[3 8],11,22,35,11,11
1,<environment.Job instance at 0x7f63045d0fa0>,13,14,[3 6],14,23,37,9,14
1,<environment.Job instance at 0x7f63045d0aa0>,15,1,[3 6],16,35,36,19,16
1,<environment.Job instance at 0x7f63045c56e0>,17,13,[6 5],18,36,49,18,23
1,<environment.Job instance at 0x7f63045c5050>,16,15,[ 5 10],17,37,52,20,23
1,<environment.Job instance at 0x7f63045c53c0>,22,12,[4 9],23,52,64,29,36
1,<environment.Job instance at 0x7f63045c5b40>,18,2,[7 3],19,49,51,30,37
1,<environment.Job instance at 0x7f63045c5280>,19,14,[2 6],20,52,66,32,37
1,<environment.Job instance at 0x7f63045c55f0>,25,14,[7 3],26,64,78,38,49
1,<environment.Job instance at 0x7f63045c5550>,24,17,[7 4],25,66,83,41,54
1,<environment.Job instance at 0x7f63045c5a50>,27,3,[5 6],28,78,81,50,54
1,<environment.Job instance at 0x7f63045c5aa0>,28,12,[5 6],29,81,93,52,64
1,<environment.Job instance at 0x7f63045c5460>,29,1,[ 4 10],30,93,94,63,65
1,<environment.Job instance at 0x7f63045bfc30>,30,1,[10  3],31,83,84,52,65
1,<environment.Job instance at 0x7f6304626a00>,0,14,[8 4],1,1,15,0,1
1,<environment.Job instance at 0x7f63045bf3c0>,1,12,[5 9],2,2,14,0,2
1,<environment.Job instance at 0x7f63055713c0>,2,3,[11  3],3,15,18,12,3
1,<environment.Job instance at 0x7f63045bfc30>,4,12,[4 7],5,14,26,9,5
1,<environment.Job instance at 0x7f6305571c80>,6,14,[10  4],7,18,32,11,7
1,<environment.Job instance at 0x7f6305571e10>,5,1,[8 1],6,32,33,26,19
1,<environment.Job instance at 0x7f63056afbe0>,12,3,[4 9],13,26,29,13,19
1,<environment.Job instance at 0x7f63056af3c0>,13,12,[ 2 10],14,29,41,15,19
1,<environment.Job instance at 0x7f63056af050>,14,2,[10  3],15,33,35,18,19
1,<environment.Job instance at 0x7f6305571050>,10,3,[1 6],11,41,44,30,19
1,<environment.Job instance at 0x7f6305571500>,9,1,[5 7],10,41,42,31,19
1,<environment.Job instance at 0x7f6305571aa0>,8,2,[5 5],9,35,37,26,19
1,<environment.Job instance at 0x7f63056af230>,19,1,[8 3],20,37,38,17,20
1,<environment.Job instance at 0x7f63056afd70>,17,18,[3 6],18,42,60,24,31
1,<environment.Job instance at 0x7f63056afa50>,21,3,[1 6],22,44,47,22,31
1,<environment.Job instance at 0x7f63056af550>,22,3,[4 9],23,47,50,24,31
1,<environment.Job instance at 0x7f63056af1e0>,23,18,[ 1 10],24,60,78,36,49
1,<environment.Job instance at 0x7f63056af870>,24,14,[7 5],25,50,64,25,49
1,<environment.Job instance at 0x7f63056af910>,25,12,[6 1],26,64,76,38,49
1,<environment.Job instance at 0x7f63056af140>,18,14,[6 4],19,64,78,45,49
1,<environment.Job instance at 0x7f6305855370>,30,1,[5 1],31,50,51,19,49
1,<environment.Job instance at 0x7f6305855500>,29,14,[9 5],30,78,92,48,63
1,<environment.Job instance at 0x7f63058559b0>,32,2,[5 5],33,78,80,45,63
1,<environment.Job instance at 0x7f63058556e0>,35,17,[ 5 10],36,80,97,44,68
1,<environment.Job instance at 0x7f63058557d0>,36,17,[ 1 10],37,97,114,60,85
1,<environment.Job instance at 0x7f6305855730>,38,16,[9 2],39,92,108,53,85
1,<environment.Job instance at 0x7f6305463050>,0,3,[10  4],1,1,4,0,1
1,<environment.Job instance at 0x7f63054636e0>,1,13,[6 5],2,4,17,2,2
1,<environment.Job instance at 0x7f63045d80f0>,2,13,[ 5 10],3,3,16,0,3
1,<environment.Job instance at 0x7f6305855cd0>,3,15,[6 1],4,16,31,12,4
1,<environment.Job instance at 0x7f6304ea8af0>,4,3,[7 4],5,17,20,12,5
1,<environment.Job instance at 0x7f6304ea8870>,5,3,[9 4],6,20,23,14,6
1,<environment.Job instance at 0x7f6304ea8d70>,6,2,[5 5],7,23,25,16,7
1,<environment.Job instance at 0x7f6304ea80f0>,7,1,[10  3],8,31,32,23,8
1,<environment.Job instance at 0x7f6304e790a0>,10,15,[5 6],11,25,40,14,11
1,<environment.Job instance at 0x7f6304e795a0>,12,2,[7 3],13,32,34,19,14
1,<environment.Job instance at 0x7f6304e791e0>,13,3,[8 1],14,34,37,20,19
1,<environment.Job instance at 0x7f6304e79460>,14,15,[7 3],15,37,52,22,23
1,<environment.Job instance at 0x7f6304e79a00>,16,14,[5 4],17,40,54,23,31
1,<environment.Job instance at 0x7f6304e79960>,17,15,[10  1],18,52,67,34,38
1,<environment.Job instance at 0x7f6304e77c80>,18,2,[4 5],19,54,56,35,40
1,<environment.Job instance at 0x7f6304e90f00>,19,23,[6 5],20,67,90,47,61
1,<environment.Job instance at 0x7f6304e99640>,24,12,[3 5],25,61,73,36,61
1,<environment.Job instance at 0x7f6304e993c0>,25,3,[9 2],26,73,76,47,61
1,<environment.Job instance at 0x7f6304e99690>,27,3,[10  4],28,90,93,62,64
1,<environment.Job instance at 0x7f6304e99a50>,28,3,[3 9],29,76,79,47,64
1,<environment.Job instance at 0x7f6304e90230>,20,17,[2 6],21,79,96,58,69
1,<environment.Job instance at 0x7f6304e795f0>,15,12,[10  3],16,93,105,77,79
1,<environment.Job instance at 0x7f6304597dc0>,31,1,[11  4],32,105,106,73,79
1,<environment.Job instance at 0x7f63057aabe0>,0,20,[4 6],1,1,21,0,1
1,<environment.Job instance at 0x7f63057aaf50>,1,2,[8 4],2,2,4,0,2
1,<environment.Job instance at 0x7f63057aad20>,2,2,[8 4],3,4,6,1,4
1,<environment.Job instance at 0x7f63057aa960>,4,16,[4 5],5,6,22,1,5
1,<environment.Job instance at 0x7f63057aa0f0>,6,3,[8 3],7,21,24,14,7
1,<environment.Job instance at 0x7f63045cd280>,7,1,[10  5],8,24,25,16,8
1,<environment.Job instance at 0x7f63045cd5f0>,10,12,[1 7],11,21,33,10,11
1,<environment.Job instance at 0x7f63045cd6e0>,11,3,[6 4],12,12,15,0,12
1,<environment.Job instance at 0x7f63057a9960>,13,15,[5 5],14,25,40,11,14
1,<environment.Job instance at 0x7f63045b17d0>,16,13,[4 7],17,33,46,16,17
1,<environment.Job instance at 0x7f63045b1c80>,17,3,[8 1],18,25,28,7,18
1,<environment.Job instance at 0x7f63045cd910>,15,2,[6 3],16,19,21,3,19
1,<environment.Job instance at 0x7f63045b1c30>,19,13,[7 4],20,40,53,20,24
1,<environment.Job instance at 0x7f63045af280>,21,21,[4 7],22,46,67,24,38
1,<environment.Job instance at 0x7f63045af410>,23,15,[4 9],24,67,82,43,53
1,<environment.Job instance at 0x7f63045afd20>,26,18,[6 3],27,53,71,26,53
1,<environment.Job instance at 0x7f63045af050>,29,19,[5 5],30,71,90,41,61
1,<environment.Job instance at 0x7f63045afeb0>,30,15,[10  4],31,82,97,51,69
1,<environment.Job instance at 0x7f63045aff00>,31,18,[4 8],32,90,108,58,79
1,<environment.Job instance at 0x7f63056fdf50>,0,19,[4 5],1,1,20,0,1
1,<environment.Job instance at 0x7f63045aff00>,2,13,[9 4],3,3,16,0,3
1,<environment.Job instance at 0x7f63056fd460>,1,3,[1 9],2,16,19,14,4
1,<environment.Job instance at 0x7f6305256690>,3,12,[2 6],4,4,16,0,4
1,<environment.Job instance at 0x7f6305256780>,5,1,[5 8],6,19,20,13,7
1,<environment.Job instance at 0x7f63052565a0>,6,13,[5 5],7,20,33,13,7
1,<environment.Job instance at 0x7f6305256a00>,7,2,[9 3],8,20,22,12,8
1,<environment.Job instance at 0x7f6305256af0>,8,16,[8 3],9,22,38,13,9
1,<environment.Job instance at 0x7f6305256b90>,9,1,[5 4],10,33,34,23,10
1,<environment.Job instance at 0x7f6305256e10>,13,1,[10  1],14,16,17,2,14
1,<environment.Job instance at 0x7f63048875f0>,4,16,[2 7],5,22,38,17,15
1,<environment.Job instance at 0x7f630526a0a0>,15,18,[5 5],16,34,52,18,26
1,<environment.Job instance at 0x7f630526a190>,16,2,[5 9],17,38,40,21,26
1,<environment.Job instance at 0x7f630526a280>,17,2,[10  3],18,40,42,22,26
1,<environment.Job instance at 0x7f6305256f00>,14,17,[9 2],15,42,59,27,31
1,<environment.Job instance at 0x7f630526a410>,19,14,[5 1],20,52,66,32,37
1,<environment.Job instance at 0x7f630526a4b0>,20,3,[5 7],21,59,62,38,37
1,<environment.Job instance at 0x7f630526a550>,21,1,[7 3],22,62,63,40,37
1,<environment.Job instance at 0x7f630526a5f0>,22,18,[4 7],23,63,81,40,52
1,<environment.Job instance at 0x7f630526a690>,23,18,[7 1],24,66,84,42,56
1,<environment.Job instance at 0x7f630526a730>,24,14,[9 1],25,84,98,59,69
1,<environment.Job instance at 0x7f630526a7d0>,25,12,[7 1],26,98,110,72,81
1,<environment.Job instance at 0x7f63051f3640>,0,1,[8 1],1,1,2,0,1
1,<environment.Job instance at 0x7f630526a7d0>,2,2,[3 6],3,3,5,0,3
1,<environment.Job instance at 0x7f63053274b0>,4,3,[4 5],5,5,8,0,5
1,<environment.Job instance at 0x7f6305327780>,5,18,[9 2],6,6,24,0,6
1,<environment.Job instance at 0x7f6305327500>,6,3,[5 8],7,8,11,1,7
1,<environment.Job instance at 0x7f63052fefa0>,7,20,[1 8],8,11,31,3,8
1,<environment.Job instance at 0x7f63052fec80>,8,3,[6 1],9,24,27,15,9
1,<environment.Job instance at 0x7f63052fee10>,9,3,[8 2],10,24,27,14,10
1,<environment.Job instance at 0x7f63052fe640>,10,2,[ 2 12],11,31,33,20,11
1,<environment.Job instance at 0x7f63052fea00>,16,12,[3 9],17,33,45,16,17
1,<environment.Job instance at 0x7f630543e4b0>,17,20,[5 7],18,45,65,27,36
1,<environment.Job instance at 0x7f630543efa0>,19,18,[6 1],20,36,54,16,36
1,<environment.Job instance at 0x7f630543e730>,20,15,[2 8],21,54,69,33,40
1,<environment.Job instance at 0x7f630543e690>,22,12,[6 1],23,65,77,42,48
1,<environment.Job instance at 0x7f630543ee60>,25,16,[10  5],26,77,93,51,64
1,<environment.Job instance at 0x7f630543e410>,27,16,[1 7],28,69,85,41,64
1,<environment.Job instance at 0x7f630543eb90>,29,18,[2 7],30,85,103,55,74
1,<environment.Job instance at 0x7f630543e370>,30,15,[4 7],31,93,108,62,79
1,<environment.Job instance at 0x7f6304860fa0>,1,1,[8 4],2,3,4,1,3
1,<environment.Job instance at 0x7f630543ee10>,3,2,[ 4 10],4,4,6,0,4
1,<environment.Job instance at 0x7f63048600a0>,5,3,[5 6],6,6,9,0,6
1,<environment.Job instance at 0x7f63059bc640>,4,18,[10  2],5,6,24,1,6
1,<environment.Job instance at 0x7f63059bcd70>,6,1,[2 6],7,9,10,2,8
1,<environment.Job instance at 0x7f63059bc6e0>,7,15,[5 8],8,10,25,2,9
1,<environment.Job instance at 0x7f63059bc820>,9,17,[2 6],10,24,41,14,12
1,<environment.Job instance at 0x7f63059bc320>,12,1,[9 5],13,25,26,12,13
1,<environment.Job instance at 0x7f63059bceb0>,11,2,[1 5],12,26,28,14,14
1,<environment.Job instance at 0x7f63059bc0f0>,10,1,[ 2 10],11,41,42,30,16
1,<environment.Job instance at 0x7f63059bcfa0>,15,3,[9 2],16,26,29,10,17
1,<environment.Job instance at 0x7f63059bc5f0>,13,14,[ 5 10],14,42,56,28,27
1,<environment.Job instance at 0x7f630e20eeb0>,18,15,[5 8],19,56,71,37,42
1,<environment.Job instance at 0x7f630e20ee10>,20,13,[5 6],21,56,69,35,42
1,<environment.Job instance at 0x7f630e20e640>,22,12,[10  4],23,42,54,19,42
1,<environment.Job instance at 0x7f630e20e1e0>,25,15,[8 1],26,69,84,43,55
1,<environment.Job instance at 0x7f630e20ee60>,28,18,[5 5],29,71,89,42,60
1,<environment.Job instance at 0x7f6304df2e60>,29,15,[6 2],30,84,99,54,70
1,<environment.Job instance at 0x7f6304df2be0>,30,16,[7 5],31,89,105,58,76
1,<environment.Job instance at 0x7f6304df2050>,31,15,[5 4],32,99,114,67,85
1,<environment.Job instance at 0x7f630457caa0>,0,12,[7 4],1,1,13,0,1
1,<environment.Job instance at 0x7f630457ce10>,1,1,[4 5],2,2,3,0,2
1,<environment.Job instance at 0x7f630457c5f0>,2,3,[8 1],3,3,6,0,3
1,<environment.Job instance at 0x7f630474caf0>,3,15,[3 9],4,6,21,2,4
1,<environment.Job instance at 0x7f630457c2d0>,5,3,[10  4],6,13,16,7,6
1,<environment.Job instance at 0x7f630474ce10>,6,1,[ 4 10],7,21,22,14,7
1,<environment.Job instance at 0x7f630474cd70>,8,17,[9 5],9,16,33,7,9
1,<environment.Job instance at 0x7f630474cbe0>,9,2,[5 8],10,22,24,12,10
1,<environment.Job instance at 0x7f630474c960>,10,15,[5 3],11,24,39,13,11
1,<environment.Job instance at 0x7f630474c2d0>,12,14,[4 6],13,33,47,20,18
1,<environment.Job instance at 0x7f63046be8c0>,16,21,[5 5],17,33,54,16,25
1,<environment.Job instance at 0x7f63046bef00>,19,15,[3 9],20,47,62,27,35
1,<environment.Job instance at 0x7f63046be6e0>,20,15,[5 5],21,54,69,33,40
1,<environment.Job instance at 0x7f6304e502d0>,24,15,[10  2],25,62,77,37,48
1,<environment.Job instance at 0x7f6304e50f50>,27,15,[6 2],28,77,92,49,63
1,<environment.Job instance at 0x7f63046be460>,13,17,[9 1],14,77,94,63,65
1,<environment.Job instance at 0x7f6305338190>,0,2,[8 4],1,1,3,0,1
1,<environment.Job instance at 0x7f6304e50370>,2,14,[ 2 10],3,3,17,0,3
1,<environment.Job instance at 0x7f63053386e0>,3,16,[3 8],4,17,33,13,4
1,<environment.Job instance at 0x7f6305338320>,5,19,[1 5],6,6,25,0,6
1,<environment.Job instance at 0x7f6304e50be0>,1,2,[3 9],2,33,35,31,6
1,<environment.Job instance at 0x7f6304e3ee60>,11,12,[4 7],12,35,47,23,18
1,<environment.Job instance at 0x7f6305318410>,10,18,[9 2],11,18,36,7,18
1,<environment.Job instance at 0x7f630534b280>,15,14,[4 8],16,36,50,20,21
1,<environment.Job instance at 0x7f630534b140>,17,12,[1 6],18,47,59,29,30
1,<environment.Job instance at 0x7f6304c4d0a0>,19,16,[10  5],20,50,66,30,37
1,<environment.Job instance at 0x7f630563da00>,20,12,[4 8],21,59,71,38,42
1,<environment.Job instance at 0x7f63049a1230>,28,18,[5 9],29,71,89,42,60
1,<environment.Job instance at 0x7f6305380780>,30,18,[6 4],31,66,84,35,60
1,<environment.Job instance at 0x7f6305223460>,33,13,[8 4],34,84,97,50,68
1,<environment.Job instance at 0x7f63056e3050>,35,16,[7 3],36,89,105,53,76
1,<environment.Job instance at 0x7f6304e2a1e0>,37,13,[10  4],38,105,118,67,89
1,<environment.Job instance at 0x7f63054ab7d0>,0,2,[6 1],1,1,3,0,1
1,<environment.Job instance at 0x7f63054ab500>,1,3,[7 4],2,2,5,0,2
1,<environment.Job instance at 0x7f63054ab410>,2,18,[3 7],3,3,21,0,3
1,<environment.Job instance at 0x7f63054ab460>,3,12,[5 4],4,4,16,0,4
1,<environment.Job instance at 0x7f63054ab370>,4,1,[13  5],5,21,22,16,6
1,<environment.Job instance at 0x7f63054abb90>,5,13,[9 1],6,22,35,16,6
1,<environment.Job instance at 0x7f63054abc80>,6,1,[5 7],7,16,17,9,8
1,<environment.Job instance at 0x7f63054abbe0>,7,15,[3 6],8,22,37,14,8
1,<environment.Job instance at 0x7f63054ab320>,9,3,[ 3 10],10,37,40,27,11
1,<environment.Job instance at 0x7f6304fbf910>,12,2,[3 7],13,17,19,4,15
1,<environment.Job instance at 0x7f6304fbfb40>,14,13,[3 6],15,22,35,7,15
1,<environment.Job instance at 0x7f63052b5370>,18,16,[10  3],19,35,51,16,22
1,<environment.Job instance at 0x7f6304cb87d0>,24,17,[2 7],25,40,57,15,28
1,<environment.Job instance at 0x7f6305074e60>,25,14,[7 2],26,51,65,25,36
1,<environment.Job instance at 0x7f6304e10230>,27,16,[5 4],28,51,67,23,38
1,<environment.Job instance at 0x7f6304fbf730>,13,13,[5 6],14,65,78,51,50
1,<environment.Job instance at 0x7f6304e10a50>,29,18,[5 1],30,65,83,35,54
1,<environment.Job instance at 0x7f6304e10f50>,28,17,[6 5],29,78,95,49,66
1,<environment.Job instance at 0x7f6305b3ec80>,31,12,[2 6],32,67,79,35,66
1,<environment.Job instance at 0x7f6304c21280>,32,17,[6 4],33,83,100,50,71
1,<environment.Job instance at 0x7f63042de5a0>,36,15,[5 6],37,95,110,58,81
1,<environment.Job instance at 0x7f630584e730>,39,12,[3 9],40,100,112,60,84
1,<environment.Job instance at 0x7f63052e9460>,0,13,[2 8],1,1,14,0,1
1,<environment.Job instance at 0x7f630584e230>,1,1,[10  1],2,3,4,1,3
1,<environment.Job instance at 0x7f630584e730>,2,22,[8 1],3,4,26,1,4
1,<environment.Job instance at 0x7f63052e95f0>,4,13,[5 8],5,14,27,9,5
1,<environment.Job instance at 0x7f63052e9910>,8,16,[9 1],9,26,42,17,13
1,<environment.Job instance at 0x7f63052e9780>,13,1,[1 7],14,27,28,13,14
1,<environment.Job instance at 0x7f63054ac230>,16,3,[8 2],17,42,45,25,18
1,<environment.Job instance at 0x7f63054acf00>,17,18,[1 9],18,28,46,10,20
1,<environment.Job instance at 0x7f63054ac960>,19,14,[2 8],20,46,60,26,31
1,<environment.Job instance at 0x7f63054acf50>,20,1,[5 2],21,31,32,10,31
1,<environment.Job instance at 0x7f63054ac5a0>,15,14,[1 7],16,46,60,30,31
1,<environment.Job instance at 0x7f63054ac7d0>,21,14,[ 2 12],22,60,74,38,45
1,<environment.Job instance at 0x7f63054acaf0>,23,26,[7 1],24,60,86,36,57
1,<environment.Job instance at 0x7f63054ac8c0>,22,18,[10  5],23,86,104,63,75
1,<environment.Job instance at 0x7f63054ac140>,25,18,[5 6],26,75,93,49,75
1,<environment.Job instance at 0x7f63053a31e0>,0,20,[ 4 10],1,1,21,0,1
1,<environment.Job instance at 0x7f63053a3aa0>,2,16,[6 1],3,4,20,1,4
1,<environment.Job instance at 0x7f6304a22690>,4,2,[1 9],5,21,23,16,5
1,<environment.Job instance at 0x7f6304e274b0>,5,14,[5 4],6,6,20,0,6
1,<environment.Job instance at 0x7f63059076e0>,8,3,[9 5],9,20,23,11,9
1,<environment.Job instance at 0x7f6304a22f50>,3,14,[ 4 10],4,23,37,19,9
1,<environment.Job instance at 0x7f63053a3370>,1,1,[ 3 10],2,37,38,35,9
1,<environment.Job instance at 0x7f6304bcb2d0>,9,3,[5 4],10,23,26,13,11
1,<environment.Job instance at 0x7f6304d1d280>,11,12,[3 5],12,26,38,14,12
1,<environment.Job instance at 0x7f6305907cd0>,12,2,[1 9],13,38,40,25,13
1,<environment.Job instance at 0x7f630486abe0>,13,1,[3 7],14,40,41,26,15
1,<environment.Job instance at 0x7f630486a910>,14,3,[8 5],15,38,41,23,15
1,<environment.Job instance at 0x7f630484b7d0>,15,2,[9 5],16,41,43,25,16
1,<environment.Job instance at 0x7f630486a050>,18,14,[5 4],19,41,55,22,26
1,<environment.Job instance at 0x7f6304e42a00>,19,15,[6 4],20,43,58,23,29
1,<environment.Job instance at 0x7f630512f640>,26,17,[1 6],27,41,58,14,29
1,<environment.Job instance at 0x7f6305200dc0>,28,13,[4 8],29,58,71,29,42
1,<environment.Job instance at 0x7f6304a0a230>,32,18,[6 5],33,55,73,22,44
1,<environment.Job instance at 0x7f63056f3aa0>,36,16,[4 8],37,71,87,34,58
1,<environment.Job instance at 0x7f630486a190>,17,18,[6 1],18,73,91,55,64
1,<environment.Job instance at 0x7f6304ac7190>,38,15,[1 6],39,73,88,34,64
1,<environment.Job instance at 0x7f6304ac7e60>,39,1,[ 4 13],40,88,89,48,64
1,<environment.Job instance at 0x7f6304ac70a0>,40,1,[7 5],41,87,88,46,64
1,<environment.Job instance at 0x7f6304ac7550>,41,12,[5 6],42,89,101,47,72
1,<environment.Job instance at 0x7f6304ac7140>,42,2,[3 5],43,89,91,46,72
1,<environment.Job instance at 0x7f6304e10730>,27,13,[9 4],28,91,104,63,76
1,<environment.Job instance at 0x7f6304ac7500>,37,15,[4 8],38,101,116,63,88
1,<environment.Job instance at 0x7f6304be7eb0>,1,12,[8 1],2,2,14,0,2
1,<environment.Job instance at 0x7f6304ac7910>,2,13,[5 3],3,3,16,0,3
1,<environment.Job instance at 0x7f630438a780>,3,3,[6 5],4,14,17,10,4
1,<environment.Job instance at 0x7f630438a9b0>,4,19,[ 5 10],5,16,35,11,6
1,<environment.Job instance at 0x7f63049a8f00>,0,15,[8 4],1,17,32,16,6
1,<environment.Job instance at 0x7f630438ad20>,8,12,[5 4],9,32,44,23,15
1,<environment.Job instance at 0x7f630438aaf0>,6,15,[3 9],7,35,50,28,21
1,<environment.Job instance at 0x7f630438ae60>,12,1,[1 8],13,50,51,37,22
1,<environment.Job instance at 0x7f630438ad70>,11,1,[2 7],12,50,51,38,22
1,<environment.Job instance at 0x7f630438afa0>,14,3,[13  1],15,51,54,36,25
1,<environment.Job instance at 0x7f630438adc0>,9,3,[ 1 12],10,51,54,41,26
1,<environment.Job instance at 0x7f630436d370>,17,12,[6 5],18,54,66,36,37
1,<environment.Job instance at 0x7f630438acd0>,10,13,[8 3],11,54,67,43,38
1,<environment.Job instance at 0x7f630436d6e0>,21,12,[5 3],22,66,78,44,49
1,<environment.Job instance at 0x7f630436d5a0>,22,3,[5 8],23,67,70,44,49
1,<environment.Job instance at 0x7f630436d730>,23,2,[6 2],24,70,72,46,49
1,<environment.Job instance at 0x7f630436d140>,16,13,[ 2 10],17,70,83,53,62
1,<environment.Job instance at 0x7f630436d8c0>,24,16,[5 8],25,83,99,58,70
1,<environment.Job instance at 0x7f630436db90>,26,2,[ 1 10],27,99,101,72,72
1,<environment.Job instance at 0x7f630436da00>,27,3,[2 7],28,83,86,55,72
1,<environment.Job instance at 0x7f630436d820>,28,1,[ 4 14],29,101,102,72,73
1,<environment.Job instance at 0x7f630436dbe0>,29,1,[5 6],30,86,87,56,73
1,<environment.Job instance at 0x7f63045cf6e0>,0,15,[3 7],1,1,16,0,1
1,<environment.Job instance at 0x7f630436dc30>,1,3,[6 5],2,2,5,0,2
1,<environment.Job instance at 0x7f630436dbe0>,3,3,[4 7],4,5,8,1,4
1,<environment.Job instance at 0x7f63045cfe10>,4,13,[10  1],5,8,21,3,5
1,<environment.Job instance at 0x7f63045cfa00>,5,3,[8 5],6,21,24,15,6
1,<environment.Job instance at 0x7f63045cf690>,6,15,[4 6],7,16,31,9,7
1,<environment.Job instance at 0x7f63045cf320>,7,13,[7 1],8,24,37,16,8
1,<environment.Job instance at 0x7f63045cfa50>,8,3,[4 7],9,24,27,15,10
1,<environment.Job instance at 0x7f63045cf4b0>,10,12,[3 8],11,27,39,16,11
1,<environment.Job instance at 0x7f630439c460>,14,2,[10  2],15,37,39,22,15
1,<environment.Job instance at 0x7f63045cff50>,12,15,[6 2],13,39,54,26,25
1,<environment.Job instance at 0x7f630439c6e0>,16,14,[6 2],17,39,53,22,25
1,<environment.Job instance at 0x7f630439cbe0>,19,14,[7 3],20,53,67,33,38
1,<environment.Job instance at 0x7f630439c5f0>,20,14,[8 2],21,54,68,33,39
1,<environment.Job instance at 0x7f630439c1e0>,22,17,[1 5],23,67,84,44,55
1,<environment.Job instance at 0x7f63045bbeb0>,23,3,[8 2],24,68,71,44,55
1,<environment.Job instance at 0x7f63045bb6e0>,24,18,[4 8],25,67,85,42,56
1,<environment.Job instance at 0x7f63045bbaa0>,26,12,[5 3],27,84,96,57,67
1,<environment.Job instance at 0x7f63045bbf00>,27,15,[6 1],28,71,86,43,67
1,<environment.Job instance at 0x7f63045bba50>,28,15,[10  2],29,86,101,57,72
1,<environment.Job instance at 0x7f63045bbc30>,29,13,[4 7],30,96,109,66,80
1,<environment.Job instance at 0x7f63045bb3c0>,32,14,[5 2],33,101,115,68,86
1,<environment.Job instance at 0x7f6305abd780>,0,3,[ 2 10],1,1,4,0,1
1,<environment.Job instance at 0x7f6305abda50>,1,13,[5 8],2,4,17,2,2
1,<environment.Job instance at 0x7f6305abd690>,2,14,[6 2],3,3,17,0,3
1,<environment.Job instance at 0x7f6305abd820>,3,13,[6 5],4,17,30,13,4
1,<environment.Job instance at 0x7f6305abd1e0>,4,2,[1 5],5,5,7,0,5
1,<environment.Job instance at 0x7f6305abde10>,5,3,[9 4],6,17,20,11,6
1,<environment.Job instance at 0x7f630436d690>,7,18,[ 1 10],8,20,38,12,9
1,<environment.Job instance at 0x7f6305274690>,9,3,[7 4],10,30,33,20,10
1,<environment.Job instance at 0x7f6305274e60>,10,2,[3 9],11,38,40,27,11
1,<environment.Job instance at 0x7f6305274190>,11,3,[4 5],12,12,15,0,12
1,<environment.Job instance at 0x7f6305274780>,12,3,[10  3],13,33,36,20,13
1,<environment.Job instance at 0x7f6305274140>,15,20,[7 2],16,36,56,20,27
1,<environment.Job instance at 0x7f6305274640>,8,12,[6 3],9,40,52,31,30
1,<environment.Job instance at 0x7f6305274f00>,16,14,[10  3],17,56,70,39,41
1,<environment.Job instance at 0x7f6305274230>,18,2,[7 1],19,52,54,33,41
1,<environment.Job instance at 0x7f63043ab690>,19,17,[5 2],20,54,71,34,42
1,<environment.Job instance at 0x7f63043ab910>,20,14,[6 1],21,70,84,49,55
1,<environment.Job instance at 0x7f63043ab960>,21,17,[9 3],22,71,88,49,59
1,<environment.Job instance at 0x7f63043ab870>,22,3,[8 4],23,88,91,65,62
1,<environment.Job instance at 0x7f63043ab500>,23,15,[2 7],24,84,99,60,70
1,<environment.Job instance at 0x7f6305274be0>,17,17,[5 6],18,91,108,73,81
1,<environment.Job instance at 0x7f63043ab8c0>,24,19,[1 8],25,99,118,74,89
1,<environment.Job instance at 0x7f63043abb90>,27,3,[6 1],28,91,94,63,89
1,<environment.Job instance at 0x7f97e2c93410>,2,12,[5 4],3,3,15,0,3
1,<environment.Job instance at 0x7f97ec40b230>,0,18,[ 2 10],1,3,21,2,3
1,<environment.Job instance at 0x7f97e2c93550>,5,13,[5 9],6,21,34,15,6
1,<environment.Job instance at 0x7f97e2c935a0>,7,14,[5 1],8,8,22,0,8
1,<environment.Job instance at 0x7f97e2c93c30>,13,13,[1 8],14,34,47,20,18
1,<environment.Job instance at 0x7f97e2c93dc0>,15,3,[10  2],16,22,25,6,18
1,<environment.Job instance at 0x7f97e2c93e60>,16,12,[1 8],17,47,59,30,30
1,<environment.Job instance at 0x7f97e2c93a00>,18,16,[8 5],19,30,46,11,30
1,<environment.Job instance at 0x7f97e2c95320>,23,18,[5 2],24,34,52,10,30
1,<environment.Job instance at 0x7f97e2c95460>,25,3,[1 6],26,52,55,26,31
1,<environment.Job instance at 0x7f97e2c956e0>,29,13,[1 6],30,55,68,25,44
1,<environment.Job instance at 0x7f97e2c95af0>,31,17,[4 9],32,59,76,27,47
1,<environment.Job instance at 0x7f97e2c95a50>,32,17,[9 3],33,68,85,35,56
1,<environment.Job instance at 0x7f97e2c95d20>,35,16,[8 1],36,85,101,49,72
1,<environment.Job instance at 0x7f97e2c95e60>,37,14,[5 5],38,76,90,38,72
1,<environment.Job instance at 0x7f97e2c95f00>,38,12,[3 6],39,90,102,51,73
1,<environment.Job instance at 0x7f97e2c93d20>,14,12,[3 7],15,90,102,75,79
1,<environment.Job instance at 0x7f97e2c95960>,40,1,[1 8],41,85,86,44,79
1,<environment.Job instance at 0x7f97e2c95aa0>,39,18,[5 8],40,102,120,62,91
1,<environment.Job instance at 0x7f97e2c991e0>,42,14,[8 4],43,102,116,59,91
1,<environment.Job instance at 0x7f97e2c9a780>,1,1,[9 4],2,2,3,0,2
1,<environment.Job instance at 0x7f97e32d88c0>,3,17,[5 6],4,4,21,0,4
1,<environment.Job instance at 0x7f97e32d8370>,4,17,[5 4],5,5,22,0,5
1,<environment.Job instance at 0x7f97e32d8d20>,5,1,[3 6],6,21,22,15,6
1,<environment.Job instance at 0x7f97e32d8820>,6,12,[2 6],7,22,34,15,7
1,<environment.Job instance at 0x7f97e32d87d0>,7,3,[7 4],8,21,24,13,8
1,<environment.Job instance at 0x7f97e2c993c0>,9,3,[5 3],10,11,14,1,11
1,<environment.Job instance at 0x7f97e34045f0>,13,3,[1 6],14,24,27,10,14
1,<environment.Job instance at 0x7f97e3404eb0>,14,12,[6 1],15,22,34,7,15
1,<environment.Job instance at 0x7f97e34040a0>,15,14,[9 1],16,34,48,18,19
1,<environment.Job instance at 0x7f97e3404730>,18,3,[2 7],19,27,30,8,19
1,<environment.Job instance at 0x7f97e26c9dc0>,19,16,[1 8],20,30,46,10,20
1,<environment.Job instance at 0x7f97e23d2410>,24,15,[9 1],25,48,63,23,34
1,<environment.Job instance at 0x7f97e269caa0>,25,15,[5 3],26,34,49,8,34
1,<environment.Job instance at 0x7f97e23e00f0>,28,16,[7 1],29,63,79,34,50
1,<environment.Job instance at 0x7f97e23da5f0>,29,14,[8 1],30,63,77,33,50
1,<environment.Job instance at 0x7f97e23da0f0>,30,16,[9 3],31,79,95,48,66
1,<environment.Job instance at 0x7f97e23b2690>,33,3,[2 9],34,77,80,43,67
1,<environment.Job instance at 0x7f97e236a0f0>,34,15,[10  5],35,95,110,60,81
1,<environment.Job instance at 0x7f97e233fc80>,36,18,[1 6],37,81,99,44,81
1,<environment.Job instance at 0x7f97e23ddb40>,38,14,[5 1],39,81,95,42,81
1,<environment.Job instance at 0x7f97e23794b0>,40,17,[3 8],41,99,116,58,87
1,<environment.Job instance at 0x7f97e28d6a50>,41,16,[5 4],42,110,126,68,97
1,<environment.Job instance at 0x7f97e23bbdc0>,0,2,[3 8],1,1,3,0,1
1,<environment.Job instance at 0x7f97e23bbeb0>,1,2,[12  1],2,3,5,1,3
1,<environment.Job instance at 0x7f97e23bbcd0>,2,14,[9 2],3,5,19,2,3
1,<environment.Job instance at 0x7f97e23bbfa0>,3,27,[5 3],4,5,32,1,4
1,<environment.Job instance at 0x7f97e23bba50>,5,17,[5 9],6,19,36,13,7
1,<environment.Job instance at 0x7f97e23bbc30>,6,13,[5 1],7,19,32,12,7
1,<environment.Job instance at 0x7f97e23bba00>,7,1,[1 6],8,8,9,0,8
1,<environment.Job instance at 0x7f97e23bbf00>,12,17,[10  4],13,32,49,19,20
1,<environment.Job instance at 0x7f97e23bbaf0>,14,13,[5 9],15,36,49,21,20
1,<environment.Job instance at 0x7f97e23bb050>,15,17,[8 1],16,49,66,33,37
1,<environment.Job instance at 0x7f97e23bb230>,16,16,[7 2],17,49,65,32,37
1,<environment.Job instance at 0x7f97e23bb0a0>,17,18,[ 1 10],18,65,83,47,54
1,<environment.Job instance at 0x7f97e23bbf50>,20,2,[4 5],21,66,68,45,54
1,<environment.Job instance at 0x7f97e24a75a0>,23,15,[5 6],24,83,98,59,69
1,<environment.Job instance at 0x7f97e24a7230>,25,17,[3 5],26,69,86,43,69
1,<environment.Job instance at 0x7f97e24a7b90>,26,15,[ 5 10],27,98,113,71,84
1,<environment.Job instance at 0x7f97e24a70f0>,29,12,[5 4],30,84,96,54,84
1,<environment.Job instance at 0x7f97e24eefa0>,30,15,[7 4],31,96,111,65,84
1,<environment.Job instance at 0x7f97e24eee60>,31,13,[3 6],32,113,126,81,97
1,<environment.Job instance at 0x7f97e24ee910>,32,16,[8 5],33,111,127,78,98
1,<environment.Job instance at 0x7f97e27a52d0>,0,17,[4 5],1,1,18,0,1
1,<environment.Job instance at 0x7f97e269eb40>,3,13,[8 3],4,4,17,0,4
1,<environment.Job instance at 0x7f97e23dd870>,1,2,[3 8],2,17,19,15,5
1,<environment.Job instance at 0x7f97e269e550>,4,1,[3 8],5,19,20,14,6
1,<environment.Job instance at 0x7f97e269ebe0>,6,15,[7 3],7,18,33,11,7
1,<environment.Job instance at 0x7f97e269e780>,7,17,[7 5],8,20,37,12,8
1,<environment.Job instance at 0x7f97e2c7a4b0>,13,2,[3 5],14,14,16,0,14
1,<environment.Job instance at 0x7f97e26905f0>,12,2,[7 1],13,33,35,20,18
1,<environment.Job instance at 0x7f97e27dcf00>,11,15,[10  3],12,37,52,25,23
1,<environment.Job instance at 0x7f97e269e820>,10,14,[2 8],11,35,49,24,23
1,<environment.Job instance at 0x7f97e2690690>,15,2,[4 6],16,49,51,33,24
1,<environment.Job instance at 0x7f97e2bd2410>,23,15,[7 4],24,52,67,28,38
1,<environment.Job instance at 0x7f97e2346d20>,26,15,[6 2],27,52,67,25,38
1,<environment.Job instance at 0x7f97e230a0f0>,31,16,[2 8],32,51,67,19,40
1,<environment.Job instance at 0x7f97e23a4730>,33,13,[2 5],34,67,80,33,51
1,<environment.Job instance at 0x7f97e28ecfa0>,38,14,[10  4],39,67,81,28,52
1,<environment.Job instance at 0x7f97e2905870>,39,16,[1 7],40,80,96,40,67
1,<environment.Job instance at 0x7f97e23db140>,41,15,[3 5],42,81,96,39,67
1,<environment.Job instance at 0x7f97e23dba50>,42,20,[7 3],43,81,101,38,72
1,<environment.Job instance at 0x7f97e23dbdc0>,44,12,[3 5],45,96,108,51,79
1,<environment.Job instance at 0x7f97e23dbc30>,45,17,[6 3],46,101,118,55,89
1,<environment.Job instance at 0x7f97e23dbaa0>,46,20,[6 2],47,101,121,54,93
1,<environment.Job instance at 0x7f97e23a1730>,48,17,[2 8],49,108,125,59,96
1,<environment.Job instance at 0x7f97e2656d20>,1,3,[3 7],2,2,5,0,2
1,<environment.Job instance at 0x7f97e2656aa0>,2,17,[4 6],3,3,20,0,3
1,<environment.Job instance at 0x7f97e2654e60>,4,13,[14  5],5,20,33,15,6
1,<environment.Job instance at 0x7f97e2654cd0>,6,13,[8 3],7,7,20,0,7
1,<environment.Job instance at 0x7f97e2656af0>,5,12,[4 7],6,33,45,27,17
1,<environment.Job instance at 0x7f97e2654370>,7,13,[4 6],8,33,46,25,18
1,<environment.Job instance at 0x7f97e2654050>,9,17,[5 1],10,33,50,23,22
1,<environment.Job instance at 0x7f97e2654550>,11,18,[5 7],12,45,63,33,34
1,<environment.Job instance at 0x7f97e2644d20>,16,13,[1 6],17,46,59,29,34
1,<environment.Job instance at 0x7f97e2644f00>,12,13,[8 1],13,50,63,37,43
1,<environment.Job instance at 0x7f97e265b5f0>,17,14,[10  3],18,63,77,45,48
1,<environment.Job instance at 0x7f97e265b550>,22,13,[3 9],23,63,76,40,49
1,<environment.Job instance at 0x7f97e265bc30>,25,16,[10  5],26,77,93,51,64
1,<environment.Job instance at 0x7f97e2656e60>,0,16,[1 9],1,76,92,75,73
1,<environment.Job instance at 0x7f97e265b370>,26,13,[8 4],27,93,106,66,77
1,<environment.Job instance at 0x7f97e2644b90>,13,16,[3 5],14,92,108,78,80
1,<environment.Job instance at 0x7f97e263e0f0>,29,3,[12  1],30,106,109,76,80
1,<environment.Job instance at 0x7f97e265beb0>,18,13,[8 2],19,109,122,90,93
1,<environment.Job instance at 0x7f97e2657be0>,31,1,[5 5],32,109,110,77,93
1,<environment.Job instance at 0x7f97e27245a0>,1,24,[1 9],2,2,26,0,2
1,<environment.Job instance at 0x7f97e26be140>,2,3,[ 3 10],3,26,29,23,3
1,<environment.Job instance at 0x7f97e26be820>,3,15,[6 5],4,4,19,0,4
1,<environment.Job instance at 0x7f97e26becd0>,4,1,[2 5],5,19,20,14,5
1,<environment.Job instance at 0x7f97e26bee10>,5,2,[9 3],6,20,22,14,6
1,<environment.Job instance at 0x7f97e26be780>,6,14,[7 5],7,22,36,15,7
1,<environment.Job instance at 0x7f97e26be410>,10,3,[7 3],11,29,32,18,11
1,<environment.Job instance at 0x7f97e26bea50>,9,3,[3 6],10,32,35,22,12
1,<environment.Job instance at 0x7f97e26be0a0>,8,14,[3 8],9,35,49,26,20
1,<environment.Job instance at 0x7f97e26e1690>,14,13,[1 9],15,49,62,34,33
1,<environment.Job instance at 0x7f97e26e1fa0>,15,16,[4 5],16,36,52,20,33
1,<environment.Job instance at 0x7f97e26e1640>,19,17,[ 5 10],20,62,79,42,50
1,<environment.Job instance at 0x7f97e26bedc0>,12,12,[3 8],13,79,91,66,66
1,<environment.Job instance at 0x7f97e26e1730>,20,18,[4 6],21,79,97,58,68
1,<environment.Job instance at 0x7f97e26e1c30>,24,15,[5 7],25,91,106,66,77
1,<environment.Job instance at 0x7f97e26e1320>,26,14,[ 5 10],27,106,120,79,91
1,<environment.Job instance at 0x7f97ec4adf50>,1,3,[5 9],2,2,5,0,2
1,<environment.Job instance at 0x7f97ec3052d0>,2,2,[7 4],3,3,5,0,3
1,<environment.Job instance at 0x7f97ec305500>,3,3,[5 5],4,5,8,1,4
1,<environment.Job instance at 0x7f97ec305f00>,4,2,[9 2],5,5,7,0,5
1,<environment.Job instance at 0x7f97ec3057d0>,5,13,[3 9],6,7,20,1,6
1,<environment.Job instance at 0x7f97ec3051e0>,6,18,[9 4],7,8,26,1,7
1,<environment.Job instance at 0x7f97ec305460>,7,17,[3 5],8,20,37,12,8
1,<environment.Job instance at 0x7f97ec3055a0>,8,17,[2 6],9,20,37,11,9
1,<environment.Job instance at 0x7f97ec305550>,9,2,[ 4 10],10,37,39,27,10
1,<environment.Job instance at 0x7f97ec305a50>,10,1,[9 5],11,37,38,26,11
1,<environment.Job instance at 0x7f97e33a7f00>,15,13,[8 5],16,38,51,22,23
1,<environment.Job instance at 0x7f97e33a7780>,16,13,[3 9],17,39,52,22,23
1,<environment.Job instance at 0x7f97e33a7dc0>,13,17,[5 3],14,51,68,37,39
1,<environment.Job instance at 0x7f97e33a7280>,18,16,[6 5],19,52,68,33,39
1,<environment.Job instance at 0x7f97e29ce6e0>,22,15,[2 5],23,52,67,29,39
1,<environment.Job instance at 0x7f97e29ced20>,23,14,[4 8],24,68,82,44,53
1,<environment.Job instance at 0x7f97e33a70f0>,17,14,[2 5],18,67,81,49,53
1,<environment.Job instance at 0x7f97e29ce640>,25,2,[2 9],26,82,84,56,55
1,<environment.Job instance at 0x7f97e29ce460>,24,16,[9 2],25,68,84,43,55
1,<environment.Job instance at 0x7f97e29ced70>,28,13,[6 1],29,84,97,55,68
1,<environment.Job instance at 0x7f97e29cedc0>,29,13,[1 8],30,84,97,54,69
1,<environment.Job instance at 0x7f97e29ce280>,31,13,[6 5],32,84,97,52,69
1,<environment.Job instance at 0x7f97e29ce820>,33,15,[6 1],34,97,112,63,83
1,<environment.Job instance at 0x7f97e29cebe0>,26,15,[9 1],27,97,112,70,83
1,<environment.Job instance at 0x7f97e22ee2d0>,0,2,[2 7],1,1,3,0,1
1,<environment.Job instance at 0x7f97e22eeb40>,1,12,[1 8],2,2,14,0,2
1,<environment.Job instance at 0x7f97e22e0be0>,2,1,[6 3],3,3,4,0,3
1,<environment.Job instance at 0x7f97e28c9e10>,3,16,[5 3],4,4,20,0,4
1,<environment.Job instance at 0x7f97e28ec050>,4,17,[5 1],5,5,22,0,5
1,<environment.Job instance at 0x7f97e28c9c30>,6,12,[ 2 11],7,14,26,7,7
1,<environment.Job instance at 0x7f97e28ec5a0>,7,12,[7 2],8,20,32,12,8
1,<environment.Job instance at 0x7f97e28ec9b0>,9,12,[4 6],10,26,38,16,11
1,<environment.Job instance at 0x7f97e28ecb90>,13,3,[4 7],14,26,29,12,14
1,<environment.Job instance at 0x7f97e28d0640>,12,17,[9 4],13,32,49,19,20
1,<environment.Job instance at 0x7f97e28ecc30>,5,15,[ 1 10],6,38,53,32,36
1,<environment.Job instance at 0x7f97e28d0be0>,16,2,[3 6],17,53,55,36,36
1,<environment.Job instance at 0x7f97e28d0d20>,15,16,[9 4],16,49,65,33,36
1,<environment.Job instance at 0x7f97e28d10f0>,24,16,[4 5],25,55,71,30,42
1,<environment.Job instance at 0x7f97e28d0fa0>,17,15,[4 6],18,65,80,47,51
1,<environment.Job instance at 0x7f97e3308730>,31,3,[6 4],32,65,68,33,51
1,<environment.Job instance at 0x7f97e3308870>,30,12,[1 7],31,71,83,40,57
1,<environment.Job instance at 0x7f97e33083c0>,33,15,[5 5],34,80,95,46,66
1,<environment.Job instance at 0x7f97e2922d20>,32,17,[ 2 10],33,83,100,50,71
1,<environment.Job instance at 0x7f97e32eceb0>,35,2,[6 3],36,80,82,44,71
1,<environment.Job instance at 0x7f97e24f4af0>,39,13,[7 4],40,95,108,55,79
1,<environment.Job instance at 0x7f97e28ecf50>,10,13,[5 3],11,100,113,89,86
1,<environment.Job instance at 0x7f97e32ec5a0>,38,20,[3 8],39,100,120,61,91
1,<environment.Job instance at 0x7f97e252c280>,0,14,[ 2 10],1,1,15,0,1
1,<environment.Job instance at 0x7f97e29841e0>,1,3,[3 9],2,15,18,13,2
1,<environment.Job instance at 0x7f97e28fc2d0>,3,18,[5 5],4,4,22,0,4
1,<environment.Job instance at 0x7f97e252c7d0>,4,16,[5 5],5,18,34,13,5
1,<environment.Job instance at 0x7f97e252ca50>,6,13,[3 9],7,22,35,15,9
1,<environment.Job instance at 0x7f97e252c460>,7,2,[ 3 10],8,35,37,27,9
1,<environment.Job instance at 0x7f97e250f870>,9,18,[9 5],10,34,52,24,23
1,<environment.Job instance at 0x7f97e250f8c0>,11,3,[1 9],12,37,40,25,23
1,<environment.Job instance at 0x7f97e250f640>,12,13,[9 4],13,52,65,39,36
1,<environment.Job instance at 0x7f97e250f5a0>,13,12,[2 6],14,40,52,26,36
1,<environment.Job instance at 0x7f97e250f690>,14,16,[2 7],15,52,68,37,39
1,<environment.Job instance at 0x7f97e250ffa0>,16,13,[5 5],17,65,78,48,49
1,<environment.Job instance at 0x7f97e250f500>,18,16,[8 3],19,65,81,46,52
1,<environment.Job instance at 0x7f97e252ce10>,8,18,[1 5],9,68,86,59,58
1,<environment.Job instance at 0x7f97e250f9b0>,21,21,[8 2],22,81,102,59,73
1,<environment.Job instance at 0x7f97e250f140>,24,17,[9 2],25,102,119,77,90
1,<environment.Job instance at 0x7f97e250ff50>,25,18,[5 5],26,90,108,64,90
1,<environment.Job instance at 0x7f97e252a4b0>,29,14,[5 1],30,108,122,78,93
1,<environment.Job instance at 0x7f97e252a500>,30,3,[5 7],31,119,122,88,93
1,<environment.Job instance at 0x7f97e3092870>,0,1,[8 1],1,2,3,1,2
1,<environment.Job instance at 0x7f97e252ae10>,2,2,[3 6],3,3,5,0,3
1,<environment.Job instance at 0x7f97e31e4e60>,3,1,[12  4],4,4,5,0,4
1,<environment.Job instance at 0x7f97e31e9140>,4,3,[4 5],5,5,8,0,5
1,<environment.Job instance at 0x7f97e29025f0>,1,18,[10  5],2,6,24,4,6
1,<environment.Job instance at 0x7f97e31ef730>,6,3,[5 8],7,8,11,1,7
1,<environment.Job instance at 0x7f97e31e9c80>,7,20,[1 8],8,11,31,3,8
1,<environment.Job instance at 0x7f97e31dab40>,8,3,[6 1],9,24,27,15,9
1,<environment.Job instance at 0x7f97e3201500>,9,3,[8 2],10,24,27,14,10
1,<environment.Job instance at 0x7f97e3201e60>,10,2,[ 2 12],11,31,33,20,11
1,<environment.Job instance at 0x7f97e31e9f00>,12,3,[5 9],13,33,36,20,14
1,<environment.Job instance at 0x7f97e32014b0>,14,3,[2 7],15,27,30,12,15
1,<environment.Job instance at 0x7f97e3201820>,16,12,[3 9],17,36,48,19,19
1,<environment.Job instance at 0x7f97e31e9a00>,5,18,[9 2],6,30,48,24,20
1,<environment.Job instance at 0x7f97e271ecd0>,19,18,[6 1],20,48,66,28,37
1,<environment.Job instance at 0x7f97e31f4c80>,20,15,[2 8],21,48,63,27,37
1,<environment.Job instance at 0x7f97e3359d20>,22,12,[6 1],23,48,60,25,39
1,<environment.Job instance at 0x7f97e271eeb0>,25,16,[10  5],26,66,82,40,53
1,<environment.Job instance at 0x7f97e2511230>,27,16,[1 7],28,63,79,35,58
1,<environment.Job instance at 0x7f97e2852aa0>,29,18,[2 7],30,79,97,49,68
1,<environment.Job instance at 0x7f97e348b280>,30,15,[4 7],31,82,97,51,68
1,<environment.Job instance at 0x7f97e3041640>,33,16,[9 4],34,97,113,63,84
1,<environment.Job instance at 0x7f97e30413c0>,34,13,[8 2],35,113,126,78,97
1,<environment.Job instance at 0x7f97e3202dc0>,38,13,[2 5],39,97,110,58,97
1,<environment.Job instance at 0x7f97e34877d0>,41,12,[3 7],42,110,122,68,98
1,<environment.Job instance at 0x7f97ec657780>,0,1,[ 2 10],1,2,3,1,2
1,<environment.Job instance at 0x7f97e33e67d0>,1,2,[1 5],2,2,4,0,2
1,<environment.Job instance at 0x7f97e34877d0>,2,1,[9 5],3,3,4,0,3
1,<environment.Job instance at 0x7f97e318afa0>,3,14,[ 5 10],4,4,18,0,4
1,<environment.Job instance at 0x7f97e318ad20>,4,28,[4 5],5,5,33,0,5
1,<environment.Job instance at 0x7f97e318a5a0>,5,3,[9 2],6,18,21,12,7
1,<environment.Job instance at 0x7f97e318abe0>,7,2,[ 5 13],8,33,35,25,8
1,<environment.Job instance at 0x7f97e318aaa0>,13,2,[5 1],14,21,23,7,14
1,<environment.Job instance at 0x7f97e318af00>,12,12,[10  4],13,35,47,22,18
1,<environment.Job instance at 0x7f97e318a8c0>,8,15,[5 8],9,35,50,26,21
1,<environment.Job instance at 0x7f97e318a690>,16,3,[5 1],17,21,24,4,21
1,<environment.Job instance at 0x7f97e318a460>,17,1,[2 6],18,23,24,5,21
1,<environment.Job instance at 0x7f97e318a910>,15,15,[8 1],16,47,62,31,34
1,<environment.Job instance at 0x7f97e318ab40>,19,15,[6 2],20,50,65,30,36
1,<environment.Job instance at 0x7f97e2babeb0>,20,16,[7 5],21,62,78,41,49
1,<environment.Job instance at 0x7f97e2bad190>,21,15,[5 4],22,65,80,43,51
1,<environment.Job instance at 0x7f97e318aeb0>,14,13,[ 5 10],15,78,91,63,64
1,<environment.Job instance at 0x7f97e2bad7d0>,24,17,[2 5],25,80,97,55,69
1,<environment.Job instance at 0x7f97e2bad0f0>,23,17,[5 9],24,91,108,67,79
1,<environment.Job instance at 0x7f97e2bad320>,26,15,[3 5],27,97,112,70,83
1,<environment.Job instance at 0x7f97e2bad4b0>,29,14,[5 4],30,108,122,78,93
1,<environment.Job instance at 0x7f97e3487050>,6,17,[3 5],7,108,125,101,96
1,<environment.Job instance at 0x7f97e2166640>,0,15,[5 5],1,1,16,0,1
1,<environment.Job instance at 0x7f97e2166fa0>,1,3,[8 5],2,2,5,0,2
1,<environment.Job instance at 0x7f97e2166c80>,2,12,[ 1 10],3,5,17,2,3
1,<environment.Job instance at 0x7f97e21664b0>,3,2,[13  2],4,16,18,12,5
1,<environment.Job instance at 0x7f97e318acd0>,4,15,[10  2],5,18,33,13,5
1,<environment.Job instance at 0x7f97e2166460>,6,1,[5 5],7,18,19,11,7
1,<environment.Job instance at 0x7f97e2166af0>,9,3,[9 3],10,33,36,23,13
1,<environment.Job instance at 0x7f97e2166aa0>,5,25,[1 6],6,19,44,13,16
1,<environment.Job instance at 0x7f97e2166cd0>,7,15,[6 2],8,36,51,28,22
1,<environment.Job instance at 0x7f97e210e2d0>,16,14,[6 4],17,36,50,19,22
1,<environment.Job instance at 0x7f97e210efa0>,17,12,[5 9],18,50,62,32,33
1,<environment.Job instance at 0x7f97e210e3c0>,18,2,[6 3],19,51,53,32,33
1,<environment.Job instance at 0x7f97e210e230>,19,2,[1 9],20,44,46,24,33
1,<environment.Job instance at 0x7f97e210ef00>,20,12,[5 6],21,53,65,32,37
1,<environment.Job instance at 0x7f97e210e280>,21,16,[3 9],22,62,78,40,50
1,<environment.Job instance at 0x7f97e210e370>,22,1,[5 9],23,78,79,55,50
1,<environment.Job instance at 0x7f97e210ec30>,23,1,[2 6],24,65,66,41,50
1,<environment.Job instance at 0x7f97e210e460>,24,13,[2 7],25,79,92,54,63
1,<environment.Job instance at 0x7f97e210ed20>,14,12,[9 1],15,66,78,51,63
1,<environment.Job instance at 0x7f97e210ef50>,26,18,[6 4],27,78,96,51,67
1,<environment.Job instance at 0x7f97e210ea00>,28,14,[6 4],29,79,93,50,67
1,<environment.Job instance at 0x7f97e210e0a0>,29,3,[1 7],30,92,95,62,67
1,<environment.Job instance at 0x7f97e216c960>,32,14,[ 4 10],33,95,109,62,80
1,<environment.Job instance at 0x7f97e216c0a0>,35,16,[7 3],36,96,112,60,83
1,<environment.Job instance at 0x7f97e216c500>,36,12,[8 4],37,109,121,72,92
1,<environment.Job instance at 0x7f97e216cbe0>,37,16,[1 8],38,112,128,74,99
1,<environment.Job instance at 0x7f97e29021e0>,1,2,[1 9],2,2,4,0,2
1,<environment.Job instance at 0x7f97e216cf50>,2,3,[10  4],3,3,6,0,3
1,<environment.Job instance at 0x7f97e2902780>,3,13,[8 4],4,6,19,2,4
1,<environment.Job instance at 0x7f97e2902d70>,0,18,[6 4],1,6,24,5,5
1,<environment.Job instance at 0x7f97e2ba05f0>,4,3,[9 3],5,19,22,14,6
1,<environment.Job instance at 0x7f97e2ba0cd0>,6,1,[5 2],7,22,23,15,8
1,<environment.Job instance at 0x7f97e216cb40>,7,13,[10  4],8,24,37,16,8
1,<environment.Job instance at 0x7f97e2ba0a50>,11,16,[ 5 11],12,23,39,11,13
1,<environment.Job instance at 0x7f97e2ba0230>,12,16,[5 4],13,37,53,24,24
1,<environment.Job instance at 0x7f97e2ba0910>,13,3,[ 4 10],14,39,42,25,24
1,<environment.Job instance at 0x7f97e2ba0550>,14,3,[10  2],15,42,45,27,24
1,<environment.Job instance at 0x7f97e2ba0410>,10,13,[12  1],11,53,66,42,37
1,<environment.Job instance at 0x7f97e2ba0af0>,16,1,[12  2],17,66,67,49,38
1,<environment.Job instance at 0x7f97e2ba0eb0>,9,13,[8 2],10,67,80,57,51
1,<environment.Job instance at 0x7f97e2ba06e0>,17,18,[1 6],18,51,69,33,51
1,<environment.Job instance at 0x7f97e2ba0b40>,8,13,[8 5],9,80,93,71,64
1,<environment.Job instance at 0x7f97e2ba0aa0>,21,2,[ 5 10],22,69,71,47,64
1,<environment.Job instance at 0x7f97e2ba05a0>,22,14,[7 3],23,71,85,48,65
1,<environment.Job instance at 0x7f97e2ba0f00>,23,3,[6 2],24,85,88,61,65
1,<environment.Job instance at 0x7f97e365a1e0>,24,1,[7 4],25,88,89,63,65
1,<environment.Job instance at 0x7f97e365a370>,25,3,[9 2],26,93,96,67,68
1,<environment.Job instance at 0x7f97e365ad20>,29,18,[6 2],30,89,107,59,78
1,<environment.Job instance at 0x7f97e365ac30>,35,14,[5 7],36,96,110,60,81
1,<environment.Job instance at 0x7f97e365acd0>,36,16,[9 2],37,107,123,70,94
1,<environment.Job instance at 0x7f97e2f02eb0>,1,16,[5 5],2,2,18,0,2
1,<environment.Job instance at 0x7f97e1f64140>,2,18,[2 5],3,3,21,0,3
1,<environment.Job instance at 0x7f97e1f641e0>,3,3,[5 3],4,4,7,0,4
1,<environment.Job instance at 0x7f97e1f649b0>,4,14,[ 3 10],5,18,32,13,5
1,<environment.Job instance at 0x7f97e1f64780>,5,1,[6 1],6,8,9,2,8
1,<environment.Job instance at 0x7f97e1f64190>,8,1,[1 9],9,32,33,23,9
1,<environment.Job instance at 0x7f97e1f64960>,9,2,[13  4],10,32,34,22,10
1,<environment.Job instance at 0x7f97e1f64a50>,10,2,[5 2],11,11,13,0,11
1,<environment.Job instance at 0x7f97e1f64a00>,16,1,[5 9],17,34,35,17,17
1,<environment.Job instance at 0x7f97e2494190>,17,2,[10  2],18,21,23,3,18
1,<environment.Job instance at 0x7f97e2494960>,18,2,[8 5],19,23,25,4,19
1,<environment.Job instance at 0x7f97e1f643c0>,11,15,[5 2],12,34,49,22,20
1,<environment.Job instance at 0x7f97e252a6e0>,0,15,[1 8],1,35,50,34,21
1,<environment.Job instance at 0x7f97e2494e10>,21,2,[ 5 11],22,50,52,28,23
1,<environment.Job instance at 0x7f97e2494d20>,22,2,[5 3],23,25,27,2,23
1,<environment.Job instance at 0x7f97e1f64320>,15,16,[10  3],16,49,65,33,36
1,<environment.Job instance at 0x7f97e2494eb0>,25,15,[1 5],26,52,67,26,38
1,<environment.Job instance at 0x7f97e24942d0>,26,16,[5 6],27,65,81,38,52
1,<environment.Job instance at 0x7f97e2494a00>,28,13,[8 2],29,65,78,36,53
1,<environment.Job instance at 0x7f97e2f5c280>,31,16,[4 6],32,78,94,46,65
1,<environment.Job instance at 0x7f97e2f5caa0>,32,15,[5 1],33,78,93,45,65
1,<environment.Job instance at 0x7f97e2f5cf00>,37,15,[10  4],38,93,108,55,79
1,<environment.Job instance at 0x7f97e2f5ce60>,38,16,[ 5 10],39,94,110,55,89
1,<environment.Job instance at 0x7f97e2f5c8c0>,40,13,[1 5],41,108,121,67,92
1,<environment.Job instance at 0x7f97e2f5c7d0>,42,14,[3 7],43,110,124,67,96
1,<environment.Job instance at 0x7f97e2f29e60>,0,13,[5 8],1,1,14,0,1
1,<environment.Job instance at 0x7f97e2f5c320>,1,16,[ 5 12],2,14,30,12,2
1,<environment.Job instance at 0x7f97e2f297d0>,2,3,[2 8],3,30,33,27,4
1,<environment.Job instance at 0x7f97e2f29fa0>,6,16,[1 5],7,30,46,23,18
1,<environment.Job instance at 0x7f97e2f29550>,9,19,[2 5],10,33,52,23,23
1,<environment.Job instance at 0x7f97e2f290a0>,5,17,[1 7],6,46,63,40,34
1,<environment.Job instance at 0x7f97e32bfb90>,11,12,[7 2],12,34,46,22,34
1,<environment.Job instance at 0x7f97e32bff00>,12,3,[4 6],13,52,55,39,34
1,<environment.Job instance at 0x7f97e32bf320>,13,1,[5 5],14,55,56,41,34
1,<environment.Job instance at 0x7f97e32bf2d0>,14,18,[ 4 10],15,63,81,48,52
1,<environment.Job instance at 0x7f97e32bfd20>,16,15,[ 3 10],17,81,96,64,67
1,<environment.Job instance at 0x7f97e32bf820>,18,13,[6 2],19,67,80,48,67
1,<environment.Job instance at 0x7f97e32bf780>,19,12,[7 5],20,80,92,60,67
1,<environment.Job instance at 0x7f97e32bf690>,20,3,[8 1],21,92,95,71,67
1,<environment.Job instance at 0x7f97e32bfcd0>,22,3,[ 4 11],23,96,99,73,70
1,<environment.Job instance at 0x7f97e2f29320>,7,2,[5 2],8,72,74,64,72
1,<environment.Job instance at 0x7f97e32bfc80>,21,12,[5 8],22,99,111,77,82
1,<environment.Job instance at 0x7f97e32bf7d0>,24,15,[6 2],25,95,110,70,83
1,<environment.Job instance at 0x7f97e32bfeb0>,27,3,[5 2],28,95,98,67,83
1,<environment.Job instance at 0x7f97e32bf280>,26,16,[5 9],27,111,127,84,98
1,<environment.Job instance at 0x7f97e2f29230>,8,13,[10  4],9,110,123,101,99
1,<environment.Job instance at 0x7f97e37305f0>,1,17,[9 4],2,2,19,0,2
1,<environment.Job instance at 0x7f97e286f3c0>,2,2,[8 4],3,19,21,16,3
1,<environment.Job instance at 0x7f97e286fd70>,3,3,[10  2],4,21,24,17,5
1,<environment.Job instance at 0x7f97e286f960>,5,14,[4 8],6,6,20,0,6
1,<environment.Job instance at 0x7f97e286fc30>,6,12,[9 1],7,24,36,17,7
1,<environment.Job instance at 0x7f97e286f140>,7,3,[1 6],8,20,23,12,8
1,<environment.Job instance at 0x7f97e3896e10>,15,19,[2 8],16,23,42,7,17
1,<environment.Job instance at 0x7f97e3896870>,11,13,[9 3],12,36,49,24,22
1,<environment.Job instance at 0x7f97e38964b0>,20,2,[10  4],21,49,51,28,22
1,<environment.Job instance at 0x7f97e38966e0>,19,15,[ 5 10],20,42,57,22,28
1,<environment.Job instance at 0x7f97e3896460>,22,16,[2 8],23,57,73,34,44
1,<environment.Job instance at 0x7f97e3896410>,23,12,[3 9],24,73,85,49,56
1,<environment.Job instance at 0x7f97e3896960>,25,18,[4 6],26,57,75,31,56
1,<environment.Job instance at 0x7f97e3896f50>,26,15,[5 9],27,85,100,58,71
1,<environment.Job instance at 0x7f97e3896a50>,29,17,[ 1 10],30,100,117,70,88
1,<environment.Job instance at 0x7f97e38965f0>,30,15,[8 4],31,88,103,57,88
1,<environment.Job instance at 0x7f97e38813c0>,31,12,[8 1],32,103,115,71,88
1,<environment.Job instance at 0x7f97e3881050>,32,13,[5 3],33,103,116,70,88
1,<environment.Job instance at 0x7f97e21a9aa0>,0,15,[5 5],1,1,16,0,1
1,<environment.Job instance at 0x7f97e21a9370>,2,17,[5 7],3,3,20,0,3
1,<environment.Job instance at 0x7f97e21a9c30>,3,3,[7 1],4,16,19,12,5
1,<environment.Job instance at 0x7f97e21a9f50>,4,12,[7 1],5,19,31,14,6
1,<environment.Job instance at 0x7f97e21a9910>,5,3,[ 1 10],6,20,23,14,6
1,<environment.Job instance at 0x7f97e21a96e0>,1,1,[5 3],2,11,12,9,11
1,<environment.Job instance at 0x7f97e21a9780>,6,1,[11  3],7,31,32,24,12
1,<environment.Job instance at 0x7f97e2cac140>,12,2,[8 5],13,23,25,10,13
1,<environment.Job instance at 0x7f97e2cac780>,14,2,[8 5],15,25,27,10,15
1,<environment.Job instance at 0x7f97e2089050>,15,3,[10  5],16,32,35,16,16
1,<environment.Job instance at 0x7f97e2cacd70>,10,18,[9 3],11,35,53,24,24
1,<environment.Job instance at 0x7f97e20893c0>,17,14,[5 6],18,32,46,14,25
1,<environment.Job instance at 0x7f97e2089cd0>,18,16,[8 4],19,53,69,34,40
1,<environment.Job instance at 0x7f97e20891e0>,19,17,[5 6],20,46,63,26,40
1,<environment.Job instance at 0x7f97e2cac690>,8,12,[7 5],9,63,75,54,47
1,<environment.Job instance at 0x7f97e2089190>,21,3,[6 5],22,69,72,47,47
1,<environment.Job instance at 0x7f97e2089500>,20,15,[3 7],21,72,87,51,58
1,<environment.Job instance at 0x7f97e2651820>,26,15,[4 6],27,75,90,48,61
1,<environment.Job instance at 0x7f97e2651190>,32,15,[6 2],33,75,90,42,61
1,<environment.Job instance at 0x7f97e2cacb40>,13,14,[14  1],14,90,104,76,78
1,<environment.Job instance at 0x7f97e2651a00>,45,3,[9 4],46,104,107,58,78
1,<environment.Job instance at 0x7f97e20896e0>,16,17,[4 8],17,104,121,87,92
1,<environment.Job instance at 0x7f97e26518c0>,46,12,[5 3],47,107,119,60,92
1,<environment.Job instance at 0x7f97e3425460>,47,15,[6 1],48,107,122,59,93
1,<environment.Job instance at 0x7f97ec4578c0>,0,12,[9 4],1,1,13,0,1
1,<environment.Job instance at 0x7f97e24ec9b0>,2,14,[3 7],3,3,17,0,3
1,<environment.Job instance at 0x7f97e24e9b40>,3,16,[ 5 10],4,17,33,13,4
1,<environment.Job instance at 0x7f97e24e9910>,4,17,[3 5],5,13,30,8,5
1,<environment.Job instance at 0x7f97e24e94b0>,5,15,[ 1 10],6,33,48,27,19
1,<environment.Job instance at 0x7f97e24e9280>,9,3,[3 5],10,30,33,20,20
1,<environment.Job instance at 0x7f97e35dcb40>,10,3,[ 2 10],11,48,51,37,22
1,<environment.Job instance at 0x7f97ec057e60>,12,14,[6 2],13,33,47,20,22
1,<environment.Job instance at 0x7f97ec0576e0>,14,2,[1 5],15,47,49,32,22
1,<environment.Job instance at 0x7f97ebe04e60>,15,3,[9 4],16,49,52,33,24
1,<environment.Job instance at 0x7f97ec0573c0>,13,13,[6 5],14,51,64,37,35
1,<environment.Job instance at 0x7f97e2c279b0>,17,18,[ 1 10],18,52,70,34,41
1,<environment.Job instance at 0x7f97e2c27870>,18,12,[6 3],19,64,76,45,47
1,<environment.Job instance at 0x7f97e2c27af0>,19,3,[7 4],20,70,73,50,47
1,<environment.Job instance at 0x7f97e2c27b40>,20,2,[3 9],21,73,75,52,47
1,<environment.Job instance at 0x7f97e2c27aa0>,21,3,[4 5],22,75,78,53,49
1,<environment.Job instance at 0x7f97e2c0ee10>,22,3,[10  3],23,76,79,53,50
1,<environment.Job instance at 0x7f97e2c0e280>,23,16,[9 5],24,79,95,55,66
1,<environment.Job instance at 0x7f97e2c0ef50>,24,28,[7 4],25,95,123,70,94
1,<environment.Job instance at 0x7f97e2efe190>,25,20,[7 2],26,95,115,69,94
1,<environment.Job instance at 0x7f97e24e91e0>,8,1,[10  1],9,123,124,114,95
1,<environment.Job instance at 0x7f97e26ec230>,0,15,[2 8],1,1,16,0,1
1,<environment.Job instance at 0x7f97e26ecf00>,1,3,[2 9],2,16,19,14,3
1,<environment.Job instance at 0x7f97e26ec3c0>,2,18,[2 5],3,3,21,0,3
1,<environment.Job instance at 0x7f97e26ec640>,4,15,[10  1],5,5,20,0,5
1,<environment.Job instance at 0x7f97e26ec5a0>,5,15,[8 4],6,20,35,14,6
1,<environment.Job instance at 0x7f97e26eceb0>,3,1,[8 3],4,35,36,31,7
1,<environment.Job instance at 0x7f97e26ec370>,6,14,[2 6],7,19,33,12,8
1,<environment.Job instance at 0x7f97e26ec550>,9,17,[5 4],10,21,38,11,10
1,<environment.Job instance at 0x7f97e26d2f50>,13,2,[1 7],14,33,35,19,14
1,<environment.Job instance at 0x7f97e26ecbe0>,11,12,[2 8],12,35,47,23,18
1,<environment.Job instance at 0x7f97e26d2b40>,12,15,[10  3],13,38,53,25,26
1,<environment.Job instance at 0x7f97e26ec960>,10,16,[1 6],11,47,63,36,34
1,<environment.Job instance at 0x7f97e26d2d70>,17,3,[8 3],18,53,56,35,34
1,<environment.Job instance at 0x7f97e26d27d0>,18,2,[1 7],19,56,58,37,34
1,<environment.Job instance at 0x7f97e26d2cd0>,16,14,[6 2],17,53,67,36,42
1,<environment.Job instance at 0x7f97e26d2910>,20,14,[1 7],21,58,72,37,43
1,<environment.Job instance at 0x7f97e26d2640>,21,1,[3 9],22,72,73,50,44
1,<environment.Job instance at 0x7f97e26d2af0>,22,13,[13  5],23,73,86,50,57
1,<environment.Job instance at 0x7f97e26d25a0>,23,3,[6 1],24,63,66,39,57
1,<environment.Job instance at 0x7f97e26d2050>,19,14,[4 7],20,86,100,66,71
1,<environment.Job instance at 0x7f97e26d2780>,25,2,[ 2 12],26,100,102,74,73
1,<environment.Job instance at 0x7f97e26d25f0>,26,1,[3 9],27,102,103,75,74
1,<environment.Job instance at 0x7f97e26d2a00>,14,18,[9 3],15,87,105,72,87
1,<environment.Job instance at 0x7f97e26d2690>,15,16,[3 8],16,103,119,87,90
1,<environment.Job instance at 0x7f97e26d23c0>,30,15,[3 7],31,105,120,74,91
1,<environment.Job instance at 0x7f97e2b41c30>,0,16,[5 9],1,1,17,0,1
1,<environment.Job instance at 0x7f97e2718d70>,2,14,[10  5],3,3,17,0,3
1,<environment.Job instance at 0x7f97e28d1320>,3,3,[1 8],4,17,20,13,4
1,<environment.Job instance at 0x7f97e28d15f0>,6,18,[1 8],7,20,38,13,9
1,<environment.Job instance at 0x7f97e28d1c80>,9,12,[10  1],10,17,29,7,10
1,<environment.Job instance at 0x7f97e28d1d20>,10,15,[8 5],11,29,44,18,15
1,<environment.Job instance at 0x7f97e28dc320>,13,15,[5 3],14,38,53,24,24
1,<environment.Job instance at 0x7f97e28dc690>,18,18,[6 4],19,44,62,25,33
1,<environment.Job instance at 0x7f97e28dc870>,21,17,[7 1],22,53,70,31,41
1,<environment.Job instance at 0x7f97e28dc910>,22,15,[9 5],23,70,85,47,56
1,<environment.Job instance at 0x7f97e28dcb90>,26,18,[4 9],27,62,80,35,56
1,<environment.Job instance at 0x7f97e28dcc30>,27,18,[5 3],28,80,98,52,69
1,<environment.Job instance at 0x7f97e28dcd70>,29,13,[9 3],30,85,98,55,69
1,<environment.Job instance at 0x7f97e28dce10>,30,12,[2 6],31,98,110,67,81
1,<environment.Job instance at 0x7f97e28dcf50>,32,16,[8 1],33,98,114,65,85
1,<environment.Job instance at 0x7f97e28dcb40>,34,13,[8 1],35,114,127,79,98
1,<environment.Job instance at 0x7f97e28c0230>,36,16,[2 7],37,98,114,61,98
1,<environment.Job instance at 0x7f97e28c0410>,39,17,[3 5],40,110,127,70,98
1,<environment.Job instance at 0x7f0759835410>,2,12,[5 4],3,3,15,0,3
1,<environment.Job instance at 0x7f0762fad230>,0,18,[ 2 10],1,3,21,2,3
1,<environment.Job instance at 0x7f07598354b0>,4,18,[10  4],5,15,33,10,5
1,<environment.Job instance at 0x7f07598355f0>,5,13,[5 9],6,21,34,15,6
1,<environment.Job instance at 0x7f0759835820>,7,14,[5 1],8,33,47,25,18
1,<environment.Job instance at 0x7f0759835cd0>,13,13,[1 8],14,34,47,20,18
1,<environment.Job instance at 0x7f0759835d70>,14,12,[3 7],15,47,59,32,30
1,<environment.Job instance at 0x7f0759835eb0>,16,12,[1 8],17,47,59,30,30
1,<environment.Job instance at 0x7f07598359b0>,18,16,[8 5],19,59,75,40,46
1,<environment.Job instance at 0x7f0759837320>,23,18,[5 2],24,59,77,35,48
1,<environment.Job instance at 0x7f0759837820>,31,17,[4 9],32,75,92,43,63
1,<environment.Job instance at 0x7f07598377d0>,32,17,[9 3],33,77,94,44,65
1,<environment.Job instance at 0x7f0759837b40>,35,16,[8 1],36,94,110,58,81
1,<environment.Job instance at 0x7f0759837c80>,37,14,[5 5],38,92,106,54,81
1,<environment.Job instance at 0x7f0759837d20>,38,12,[3 6],39,106,118,67,89
1,<environment.Job instance at 0x7f0759837dc0>,39,18,[5 8],40,110,128,70,99
1,<environment.Job instance at 0x7f0759837f50>,41,14,[6 1],42,110,124,68,101
1,<environment.Job instance at 0x7f0759837fa0>,42,14,[8 4],43,124,138,81,109
1,<environment.Job instance at 0x7f0759c9dd20>,0,20,[5 7],1,1,21,0,1
1,<environment.Job instance at 0x7f075983b0a0>,2,2,[4 8],3,5,7,2,5
1,<environment.Job instance at 0x7f0759cfc320>,5,14,[9 1],6,7,21,1,6
1,<environment.Job instance at 0x7f0759920cd0>,6,15,[9 2],7,21,36,14,7
1,<environment.Job instance at 0x7f0759cfcf50>,8,3,[2 7],9,21,24,12,10
1,<environment.Job instance at 0x7f0759920640>,9,16,[1 8],10,24,40,14,13
1,<environment.Job instance at 0x7f0759920c30>,12,14,[14  1],13,36,50,23,21
1,<environment.Job instance at 0x7f0759920870>,13,3,[1 5],14,23,26,9,23
1,<environment.Job instance at 0x7f0759920500>,14,15,[9 1],15,50,65,35,36
1,<environment.Job instance at 0x7f0759920820>,18,16,[7 1],19,65,81,46,52
1,<environment.Job instance at 0x7f07599205a0>,7,18,[ 3 12],8,52,70,44,52
1,<environment.Job instance at 0x7f0758f58780>,19,14,[8 1],20,70,84,50,62
1,<environment.Job instance at 0x7f0758f7b410>,24,15,[10  5],25,84,99,59,70
1,<environment.Job instance at 0x7f0759920aa0>,15,15,[5 3],16,81,96,65,77
1,<environment.Job instance at 0x7f0759cfce60>,4,12,[6 1],5,99,111,94,85
1,<environment.Job instance at 0x7f07592dbd70>,26,18,[1 6],27,96,114,69,85
1,<environment.Job instance at 0x7f0758e9b640>,28,14,[5 1],29,99,113,70,85
1,<environment.Job instance at 0x7f0759309730>,29,3,[1 7],30,99,102,69,85
1,<environment.Job instance at 0x7f0758ef8b40>,31,16,[5 4],32,111,127,79,98
1,<environment.Job instance at 0x7f0759298320>,32,2,[4 9],33,114,116,81,98
1,<environment.Job instance at 0x7f0759298460>,33,16,[6 4],34,116,132,82,103
1,<environment.Job instance at 0x7f07592e67d0>,34,1,[7 1],35,113,114,78,103
1,<environment.Job instance at 0x7f0758f24190>,0,2,[4 5],1,1,3,0,1
1,<environment.Job instance at 0x7f0758f245a0>,1,1,[8 3],2,2,3,0,2
1,<environment.Job instance at 0x7f0758f24dc0>,3,15,[5 6],4,4,19,0,4
1,<environment.Job instance at 0x7f0758f246e0>,5,17,[3 5],6,6,23,0,6
1,<environment.Job instance at 0x7f0758f24aa0>,6,15,[ 5 10],7,19,34,12,7
1,<environment.Job instance at 0x7f0758f24280>,9,12,[5 4],10,23,35,13,10
1,<environment.Job instance at 0x7f0758f24b40>,10,15,[7 4],11,34,49,23,20
1,<environment.Job instance at 0x7f0758f23190>,12,16,[8 5],13,35,51,22,22
1,<environment.Job instance at 0x7f0758f23b90>,13,12,[3 8],14,49,61,35,32
1,<environment.Job instance at 0x7f0758f23050>,14,14,[8 5],15,51,65,36,36
1,<environment.Job instance at 0x7f0758f23a50>,15,12,[2 6],16,61,73,45,44
1,<environment.Job instance at 0x7f0758f231e0>,16,3,[7 5],17,65,68,48,45
1,<environment.Job instance at 0x7f0758f237d0>,18,18,[3 8],19,68,86,49,57
1,<environment.Job instance at 0x7f0758f235f0>,21,16,[7 4],22,73,89,51,60
1,<environment.Job instance at 0x7f0758f23f50>,23,18,[1 6],24,86,104,62,75
1,<environment.Job instance at 0x7f0758f23aa0>,24,15,[9 5],25,89,104,64,75
1,<environment.Job instance at 0x7f0758f23280>,26,17,[2 6],27,104,121,77,92
1,<environment.Job instance at 0x7f0758f23730>,27,16,[2 8],28,104,120,76,92
1,<environment.Job instance at 0x7f0758f24e10>,2,1,[3 8],3,120,121,117,93
1,<environment.Job instance at 0x7f0758f23460>,29,1,[8 3],30,121,122,91,95
1,<environment.Job instance at 0x7f0758f23910>,28,12,[9 2],29,122,134,93,105
1,<environment.Job instance at 0x7f0758ed5730>,32,13,[2 5],33,121,134,88,105
1,<environment.Job instance at 0x7f0758ed5690>,33,14,[3 5],34,121,135,87,106
1,<environment.Job instance at 0x7f0762a2fd20>,0,13,[ 4 10],1,1,14,0,1
1,<environment.Job instance at 0x7f0762a2f3c0>,1,16,[2 8],2,14,30,12,2
1,<environment.Job instance at 0x7f07592e6550>,2,2,[6 1],3,3,5,0,3
1,<environment.Job instance at 0x7f07594f52d0>,3,13,[2 5],4,5,18,1,4
1,<environment.Job instance at 0x7f0758ed5690>,5,1,[5 7],6,18,19,12,6
1,<environment.Job instance at 0x7f0759235f00>,6,2,[3 5],7,19,21,12,7
1,<environment.Job instance at 0x7f0758f7be60>,7,2,[9 1],8,14,16,6,8
1,<environment.Job instance at 0x7f0758f7be10>,8,14,[10  4],9,21,35,12,9
1,<environment.Job instance at 0x7f0758f7bc80>,14,12,[3 5],15,30,42,15,15
1,<environment.Job instance at 0x7f075924cc80>,15,17,[6 3],16,35,52,19,23
1,<environment.Job instance at 0x7f0758f7baa0>,9,16,[1 7],10,35,51,25,23
1,<environment.Job instance at 0x7f075924cdc0>,17,2,[5 9],18,51,53,33,24
1,<environment.Job instance at 0x7f075924cbe0>,16,20,[6 2],17,52,72,35,43
1,<environment.Job instance at 0x7f07591f0af0>,21,14,[3 6],22,53,67,31,43
1,<environment.Job instance at 0x7f0759920910>,22,15,[7 3],23,67,82,44,53
1,<environment.Job instance at 0x7f07591f0500>,24,12,[2 9],25,67,79,42,53
1,<environment.Job instance at 0x7f0758f220a0>,25,16,[2 6],26,79,95,53,66
1,<environment.Job instance at 0x7f075945c410>,26,15,[10  5],27,82,97,55,68
1,<environment.Job instance at 0x7f075945c730>,27,16,[ 3 10],28,95,111,67,82
1,<environment.Job instance at 0x7f07592dbc80>,28,16,[3 6],29,111,127,82,98
1,<environment.Job instance at 0x7f075945c370>,29,22,[1 6],30,111,133,81,104
1,<environment.Job instance at 0x7f0759c300a0>,0,3,[9 1],1,1,4,0,1
1,<environment.Job instance at 0x7f0759c30820>,1,2,[5 6],2,3,5,1,3
1,<environment.Job instance at 0x7f0759c30280>,2,2,[3 5],3,4,6,1,3
1,<environment.Job instance at 0x7f07591f9230>,5,24,[3 9],6,6,30,0,6
1,<environment.Job instance at 0x7f07591f9370>,6,17,[9 1],7,7,24,0,7
1,<environment.Job instance at 0x7f0759c65be0>,7,3,[10  3],8,24,27,16,9
1,<environment.Job instance at 0x7f0759c65a00>,8,12,[ 2 10],9,30,42,21,15
1,<environment.Job instance at 0x7f0759c657d0>,11,3,[9 3],12,27,30,15,15
1,<environment.Job instance at 0x7f075920aaf0>,12,17,[10  3],13,30,47,17,18
1,<environment.Job instance at 0x7f0759c65690>,10,1,[2 9],11,42,43,31,21
1,<environment.Job instance at 0x7f0759c65960>,9,16,[1 8],10,43,59,33,30
1,<environment.Job instance at 0x7f0759c71c80>,16,2,[9 2],17,47,49,30,30
1,<environment.Job instance at 0x7f0759f19a00>,17,2,[5 2],18,47,49,29,30
1,<environment.Job instance at 0x7f0759ca7c30>,18,2,[6 5],19,49,51,30,30
1,<environment.Job instance at 0x7f0759ca71e0>,19,3,[8 5],20,51,54,31,30
1,<environment.Job instance at 0x7f07592c7230>,15,1,[12  4],16,54,55,38,34
1,<environment.Job instance at 0x7f0759ca7140>,20,13,[3 8],21,59,72,38,43
1,<environment.Job instance at 0x7f0759ca7370>,23,14,[3 6],24,55,69,31,48
1,<environment.Job instance at 0x7f0759ca7fa0>,27,13,[6 5],28,69,82,41,53
1,<environment.Job instance at 0x7f0759c75a00>,29,14,[2 6],30,72,86,42,58
1,<environment.Job instance at 0x7f0759ca7f00>,26,15,[ 5 10],27,86,101,59,72
1,<environment.Job instance at 0x7f0759c650f0>,13,13,[9 5],14,82,95,68,77
1,<environment.Job instance at 0x7f0759ca72d0>,21,15,[14  1],22,101,116,79,87
1,<environment.Job instance at 0x7f0759c30a00>,3,17,[1 8],4,101,118,97,96
1,<environment.Job instance at 0x7f0758defaa0>,31,14,[1 9],32,118,132,86,103
1,<environment.Job instance at 0x7f0758e568c0>,37,3,[5 6],38,116,119,78,103
1,<environment.Job instance at 0x7f0759284d70>,38,12,[5 6],39,119,131,80,103
1,<environment.Job instance at 0x7f075956abe0>,0,3,[1 6],1,1,4,0,1
1,<environment.Job instance at 0x7f075956a140>,2,3,[4 9],3,3,6,0,3
1,<environment.Job instance at 0x7f075956ab40>,3,12,[ 2 10],4,6,18,2,4
1,<environment.Job instance at 0x7f075956ad20>,4,2,[10  3],5,5,7,0,5
1,<environment.Job instance at 0x7f075956a0f0>,6,16,[2 6],7,18,34,11,7
1,<environment.Job instance at 0x7f075956ad70>,8,14,[6 4],9,9,23,0,9
1,<environment.Job instance at 0x7f0758e205f0>,9,1,[8 3],10,23,24,13,10
1,<environment.Job instance at 0x7f0758e20be0>,12,3,[4 9],13,24,27,11,13
1,<environment.Job instance at 0x7f0758e20320>,10,18,[5 9],11,27,45,16,16
1,<environment.Job instance at 0x7f0758e20b40>,14,14,[7 5],15,34,48,19,19
1,<environment.Job instance at 0x7f0758e206e0>,15,12,[6 1],16,45,57,29,28
1,<environment.Job instance at 0x7f0758e20e60>,19,14,[9 5],20,48,62,28,33
1,<environment.Job instance at 0x7f0758e54640>,25,17,[ 5 10],26,57,74,31,45
1,<environment.Job instance at 0x7f0758e54c30>,28,16,[9 2],29,62,78,33,49
1,<environment.Job instance at 0x7f0758e20cd0>,11,3,[1 6],12,74,77,62,49
1,<environment.Job instance at 0x7f0758e543c0>,31,13,[1 9],32,77,90,45,61
1,<environment.Job instance at 0x7f0758e54be0>,36,14,[9 2],37,78,92,41,63
1,<environment.Job instance at 0x7f0758e539b0>,37,17,[3 8],38,90,107,52,78
1,<environment.Job instance at 0x7f0758e530a0>,40,13,[10  4],41,92,105,51,78
1,<environment.Job instance at 0x7f0758e534b0>,41,15,[1 9],42,107,122,65,93
1,<environment.Job instance at 0x7f0758e532d0>,42,17,[2 5],43,105,122,62,93
1,<environment.Job instance at 0x7f075a320370>,1,1,[11  4],2,2,3,0,2
1,<environment.Job instance at 0x7f075a320960>,2,15,[10  1],3,3,18,0,3
1,<environment.Job instance at 0x7f0762ea45a0>,3,13,[7 5],4,18,31,14,4
1,<environment.Job instance at 0x7f0762ea4fa0>,4,13,[1 8],5,5,18,0,5
1,<environment.Job instance at 0x7f0762ea4dc0>,5,3,[10  4],6,31,34,25,6
1,<environment.Job instance at 0x7f0762ea4b90>,6,14,[1 7],7,18,32,11,7
1,<environment.Job instance at 0x7f0762ea44b0>,7,2,[ 2 10],8,32,34,24,8
1,<environment.Job instance at 0x7f07592b2c30>,11,2,[2 6],12,12,14,0,12
1,<environment.Job instance at 0x7f0762ea4730>,9,16,[5 3],10,34,50,24,21
1,<environment.Job instance at 0x7f07592b20f0>,13,16,[8 5],14,34,50,20,21
1,<environment.Job instance at 0x7f07592b2500>,14,16,[9 4],15,50,66,35,37
1,<environment.Job instance at 0x7f07592b2a50>,16,15,[10  4],17,66,81,49,52
1,<environment.Job instance at 0x7f07592b2c80>,18,17,[3 9],19,52,69,33,52
1,<environment.Job instance at 0x7f07592b2e10>,20,14,[1 8],21,69,83,48,54
1,<environment.Job instance at 0x7f07592b2320>,21,12,[5 6],22,81,93,59,64
1,<environment.Job instance at 0x7f075a323fa0>,32,15,[6 2],33,83,98,50,69
1,<environment.Job instance at 0x7f075a323f00>,38,18,[6 5],39,93,111,54,82
1,<environment.Job instance at 0x7f07592b2f50>,10,18,[ 5 10],11,98,116,87,87
1,<environment.Job instance at 0x7f075a3236e0>,40,2,[2 7],41,87,89,46,87
1,<environment.Job instance at 0x7f075a323820>,43,16,[5 3],44,111,127,67,98
1,<environment.Job instance at 0x7f075a323cd0>,41,12,[1 8],42,116,128,74,99
1,<environment.Job instance at 0x7f0759f2f7d0>,0,16,[ 3 10],1,1,17,0,1
1,<environment.Job instance at 0x7f075a323320>,2,3,[4 8],3,17,20,14,4
1,<environment.Job instance at 0x7f0758f551e0>,3,13,[5 5],4,4,17,0,4
1,<environment.Job instance at 0x7f0759f2feb0>,1,16,[5 7],2,17,33,15,5
1,<environment.Job instance at 0x7f0758f55190>,4,2,[1 6],5,20,22,15,5
1,<environment.Job instance at 0x7f0758f552d0>,5,14,[4 6],6,22,36,16,7
1,<environment.Job instance at 0x7f0758f74e10>,8,3,[2 6],9,33,36,24,9
1,<environment.Job instance at 0x7f0758f74b90>,9,3,[11  2],10,36,39,26,10
1,<environment.Job instance at 0x7f0758f74af0>,10,2,[3 9],11,36,38,25,11
1,<environment.Job instance at 0x7f0758f74eb0>,11,2,[7 1],12,20,22,8,12
1,<environment.Job instance at 0x7f0758f6bb40>,12,1,[12  5],13,39,40,26,13
1,<environment.Job instance at 0x7f0758f6bbe0>,13,3,[10  3],14,40,43,26,14
1,<environment.Job instance at 0x7f0758f6b500>,17,3,[7 5],18,43,46,25,18
1,<environment.Job instance at 0x7f0758f6bc80>,14,13,[5 3],15,40,53,25,25
1,<environment.Job instance at 0x7f0758f6bdc0>,19,1,[8 2],20,33,34,13,25
1,<environment.Job instance at 0x7f075922baa0>,20,13,[5 3],21,46,59,25,30
1,<environment.Job instance at 0x7f0758f74cd0>,15,12,[8 5],16,53,65,37,36
1,<environment.Job instance at 0x7f0758f5baa0>,22,17,[6 4],23,59,76,36,47
1,<environment.Job instance at 0x7f0758f5be60>,23,12,[7 4],24,65,77,41,48
1,<environment.Job instance at 0x7f07591e5dc0>,33,18,[5 5],34,76,94,42,65
1,<environment.Job instance at 0x7f07591f74b0>,34,16,[5 5],35,77,93,42,65
1,<environment.Job instance at 0x7f0758f6b3c0>,16,14,[6 4],17,93,107,76,78
1,<environment.Job instance at 0x7f07591f7be0>,36,13,[3 9],37,94,107,57,78
1,<environment.Job instance at 0x7f0759222a50>,37,2,[ 3 10],38,107,109,69,80
1,<environment.Job instance at 0x7f07591f80a0>,35,17,[ 3 10],36,109,126,73,97
1,<environment.Job instance at 0x7f07590d40a0>,39,18,[9 5],40,107,125,67,97
1,<environment.Job instance at 0x7f0759e81aa0>,0,16,[ 2 10],1,1,17,0,1
1,<environment.Job instance at 0x7f07590d40a0>,2,15,[5 9],3,17,32,14,3
1,<environment.Job instance at 0x7f0759205410>,1,2,[1 6],2,17,19,15,3
1,<environment.Job instance at 0x7f0759e816e0>,3,2,[3 5],4,4,6,0,4
1,<environment.Job instance at 0x7f0759e81cd0>,4,14,[6 4],5,19,33,14,5
1,<environment.Job instance at 0x7f075a295910>,17,18,[3 8],18,32,50,14,22
1,<environment.Job instance at 0x7f0759e818c0>,18,16,[7 2],19,33,49,14,22
1,<environment.Job instance at 0x7f075a295aa0>,22,2,[3 6],23,49,51,26,23
1,<environment.Job instance at 0x7f075a2959b0>,23,1,[12  4],24,50,51,26,24
1,<environment.Job instance at 0x7f075a295320>,24,3,[4 5],25,33,36,8,25
1,<environment.Job instance at 0x7f075a295be0>,21,18,[10  5],22,51,69,29,40
1,<environment.Job instance at 0x7f075a295b90>,27,20,[1 8],28,53,73,25,53
1,<environment.Job instance at 0x7f0759e81500>,9,12,[9 4],10,69,81,59,53
1,<environment.Job instance at 0x7f0759537fa0>,32,3,[5 9],33,73,76,40,53
1,<environment.Job instance at 0x7f0759e81460>,6,25,[6 3],7,76,101,69,72
1,<environment.Job instance at 0x7f0759537a50>,34,3,[2 7],35,81,84,46,72
1,<environment.Job instance at 0x7f0759537f00>,33,16,[8 1],34,84,100,50,72
1,<environment.Job instance at 0x7f0759537280>,36,12,[3 9],37,100,112,63,83
1,<environment.Job instance at 0x7f0759537c30>,38,16,[4 8],39,112,128,73,99
1,<environment.Job instance at 0x7f07595375f0>,39,18,[6 1],40,100,118,60,99
1,<environment.Job instance at 0x7f07591db140>,1,1,[8 4],2,2,3,0,2
1,<environment.Job instance at 0x7f0759537b90>,2,1,[2 5],3,5,6,2,5
1,<environment.Job instance at 0x7f075991f050>,4,18,[10  2],5,5,23,0,5
1,<environment.Job instance at 0x7f07597096e0>,5,3,[5 6],6,6,9,0,6
1,<environment.Job instance at 0x7f075991f410>,6,1,[2 6],7,9,10,2,8
1,<environment.Job instance at 0x7f075991f4b0>,7,15,[5 8],8,10,25,2,9
1,<environment.Job instance at 0x7f075991f730>,9,17,[2 6],10,23,40,13,11
1,<environment.Job instance at 0x7f07598ef870>,11,2,[1 5],12,25,27,13,12
1,<environment.Job instance at 0x7f075916f410>,10,1,[ 2 10],11,40,41,29,14
1,<environment.Job instance at 0x7f07598ef1e0>,16,17,[3 5],17,27,44,10,17
1,<environment.Job instance at 0x7f075991f0f0>,13,14,[ 5 10],14,41,55,27,26
1,<environment.Job instance at 0x7f07598ef410>,19,1,[4 5],20,44,45,24,26
1,<environment.Job instance at 0x7f0759911320>,20,13,[5 6],21,55,68,34,40
1,<environment.Job instance at 0x7f07598ef0f0>,18,15,[5 8],19,55,70,36,41
1,<environment.Job instance at 0x7f07599190a0>,28,18,[5 5],29,68,86,39,57
1,<environment.Job instance at 0x7f075a434550>,29,15,[6 2],30,70,85,40,57
1,<environment.Job instance at 0x7f07593b0410>,30,16,[7 5],31,85,101,54,72
1,<environment.Job instance at 0x7f07593ef2d0>,31,15,[5 4],32,86,101,54,72
1,<environment.Job instance at 0x7f0759e984b0>,33,17,[5 9],34,101,118,67,89
1,<environment.Job instance at 0x7f075a41c960>,34,17,[2 5],35,89,106,54,89
1,<environment.Job instance at 0x7f07590f3d70>,0,22,[2 5],1,106,128,105,100
1,<environment.Job instance at 0x7f07593b2cd0>,36,15,[3 5],37,118,133,81,104
1,<environment.Job instance at 0x7f07591c0f50>,0,15,[5 5],1,1,16,0,1
1,<environment.Job instance at 0x7f07593b2cd0>,2,12,[ 1 10],3,3,15,0,3
1,<environment.Job instance at 0x7f07591c07d0>,4,15,[10  2],5,15,30,10,5
1,<environment.Job instance at 0x7f07593b23c0>,1,3,[8 5],2,30,33,28,5
1,<environment.Job instance at 0x7f07591c0be0>,6,1,[5 5],7,16,17,9,7
1,<environment.Job instance at 0x7f07596c7960>,7,15,[6 2],8,30,45,22,16
1,<environment.Job instance at 0x7f07596c7e60>,12,20,[ 5 10],13,33,53,20,24
1,<environment.Job instance at 0x7f07596c7500>,9,3,[9 3],10,45,48,35,30
1,<environment.Job instance at 0x7f07596c7910>,14,12,[9 1],15,48,60,33,35
1,<environment.Job instance at 0x7f07596c7dc0>,17,12,[5 9],18,53,65,35,36
1,<environment.Job instance at 0x7f07596c75a0>,20,12,[5 6],21,60,72,39,43
1,<environment.Job instance at 0x7f07596c7cd0>,21,16,[3 9],22,65,81,43,52
1,<environment.Job instance at 0x7f07596c7af0>,24,13,[2 7],25,81,94,56,65
1,<environment.Job instance at 0x7f07596c7370>,25,17,[10  3],26,72,89,46,65
1,<environment.Job instance at 0x7f07596c70a0>,26,18,[6 4],27,89,107,62,78
1,<environment.Job instance at 0x7f07596c7f50>,28,14,[6 4],29,89,103,60,78
1,<environment.Job instance at 0x7f0759b3f910>,35,16,[7 3],36,103,119,67,90
1,<environment.Job instance at 0x7f07591c0320>,5,25,[1 6],6,94,119,88,90
1,<environment.Job instance at 0x7f0759b3ffa0>,36,12,[8 4],37,119,131,82,103
1,<environment.Job instance at 0x7f0759b3f730>,37,16,[1 8],38,119,135,81,106
1,<environment.Job instance at 0x7f0758beb690>,0,13,[12  1],1,1,14,0,1
1,<environment.Job instance at 0x7f0759b3fb90>,1,16,[ 5 11],2,14,30,12,2
1,<environment.Job instance at 0x7f0758beb320>,2,16,[5 4],3,14,30,11,3
1,<environment.Job instance at 0x7f0758beb820>,3,3,[ 4 10],4,30,33,26,4
1,<environment.Job instance at 0x7f0758beb500>,4,3,[10  2],5,30,33,25,5
1,<environment.Job instance at 0x7f0759b3f730>,6,1,[12  2],7,33,34,26,8
1,<environment.Job instance at 0x7f0758be1320>,8,2,[1 9],9,10,12,1,10
1,<environment.Job instance at 0x7f0758be1e10>,11,2,[ 5 10],12,34,36,22,12
1,<environment.Job instance at 0x7f0758be1eb0>,10,17,[9 2],11,34,51,23,23
1,<environment.Job instance at 0x7f0758be1050>,13,3,[6 2],14,36,39,22,23
1,<environment.Job instance at 0x7f0758be1af0>,14,1,[7 4],15,51,52,36,23
1,<environment.Job instance at 0x7f0758be19b0>,15,3,[9 2],16,52,55,36,26
1,<environment.Job instance at 0x7f0758beb370>,7,18,[1 6],8,39,57,31,30
1,<environment.Job instance at 0x7f0758be13c0>,12,14,[7 3],13,55,69,42,40
1,<environment.Job instance at 0x7f0758bebe10>,5,27,[4 5],6,40,67,34,40
1,<environment.Job instance at 0x7f0758be1cd0>,21,1,[2 5],22,57,58,35,41
1,<environment.Job instance at 0x7f0758be1f50>,22,13,[ 3 10],23,67,80,44,51
1,<environment.Job instance at 0x7f0758be1b90>,19,18,[6 2],20,69,87,49,59
1,<environment.Job instance at 0x7f0758beb5a0>,9,14,[5 1],10,67,81,57,59
1,<environment.Job instance at 0x7f0758be1280>,23,14,[ 4 10],24,80,94,56,65
1,<environment.Job instance at 0x7f0758c36e10>,25,14,[5 7],26,94,108,68,82
1,<environment.Job instance at 0x7f0758be11e0>,16,25,[7 3],17,87,112,70,83
1,<environment.Job instance at 0x7f0758c36eb0>,29,2,[8 2],30,108,110,78,83
1,<environment.Job instance at 0x7f0758c36af0>,30,2,[5 4],31,110,112,79,83
1,<environment.Job instance at 0x7f0758c36460>,31,2,[6 1],32,112,114,80,85
1,<environment.Job instance at 0x7f0758c36730>,32,12,[1 9],33,112,124,79,95
1,<environment.Job instance at 0x7f0758c364b0>,33,1,[7 3],34,112,113,78,95
1,<environment.Job instance at 0x7f0758c36870>,34,2,[2 5],35,95,97,60,95
1,<environment.Job instance at 0x7f0758c36c30>,26,16,[9 2],27,114,130,87,101
1,<environment.Job instance at 0x7f0758c36aa0>,37,3,[ 1 10],38,124,127,86,101
1,<environment.Job instance at 0x7f0758c36050>,38,2,[5 7],39,127,129,88,101
1,<environment.Job instance at 0x7f0759822730>,0,13,[10  1],1,1,14,0,1
1,<environment.Job instance at 0x7f0759626370>,1,2,[ 5 11],2,2,4,0,2
1,<environment.Job instance at 0x7f0759626230>,2,2,[5 3],3,4,6,1,3
1,<environment.Job instance at 0x7f0759626a50>,3,18,[4 5],4,6,24,2,4
1,<environment.Job instance at 0x7f0759626f00>,4,1,[6 1],5,14,15,9,6
1,<environment.Job instance at 0x7f0759626730>,6,16,[5 6],7,14,30,7,7
1,<environment.Job instance at 0x7f0759626fa0>,7,3,[9 4],8,24,27,16,8
1,<environment.Job instance at 0x7f0759f6a1e0>,5,15,[1 5],6,24,39,18,10
1,<environment.Job instance at 0x7f0759626c30>,8,13,[8 2],9,27,40,18,11
1,<environment.Job instance at 0x7f07596263c0>,10,2,[8 2],11,40,42,29,13
1,<environment.Job instance at 0x7f0759d91730>,13,3,[2 7],14,30,33,16,15
1,<environment.Job instance at 0x7f0759d91190>,15,3,[10  5],16,42,45,26,16
1,<environment.Job instance at 0x7f0759d91e10>,12,15,[5 1],13,33,48,20,19
1,<environment.Job instance at 0x7f0759d910a0>,14,1,[4 6],15,45,46,30,22
1,<environment.Job instance at 0x7f0759d91050>,19,3,[6 2],20,45,48,25,24
1,<environment.Job instance at 0x7f0759d91d70>,18,16,[ 5 10],19,48,64,29,35
1,<environment.Job instance at 0x7f07596e3500>,22,14,[3 7],23,64,78,41,49
1,<environment.Job instance at 0x7f07596e36e0>,25,13,[5 4],26,49,62,23,49
1,<environment.Job instance at 0x7f07596e3320>,27,15,[2 6],28,64,79,36,50
1,<environment.Job instance at 0x7f07596e3550>,28,18,[ 5 10],29,79,97,50,68
1,<environment.Job instance at 0x7f07596e37d0>,29,18,[10  2],30,68,86,38,68
1,<environment.Job instance at 0x7f07596e3140>,30,13,[2 8],31,97,110,66,81
1,<environment.Job instance at 0x7f0759d91dc0>,11,16,[4 6],12,97,113,85,84
1,<environment.Job instance at 0x7f07596e38c0>,32,22,[8 1],33,95,117,62,95
1,<environment.Job instance at 0x7f07596e3a00>,34,13,[5 8],35,113,126,78,97
1,<environment.Job instance at 0x7f07596e3730>,38,16,[9 1],39,117,133,78,104
1,<environment.Job instance at 0x7f0759d91c30>,20,13,[1 5],21,110,123,89,105
1,<environment.Job instance at 0x7f0759cf25f0>,1,17,[5 8],2,2,19,0,2
1,<environment.Job instance at 0x7f0759d91c30>,3,14,[3 6],4,4,18,0,4
1,<environment.Job instance at 0x7f075918a050>,4,16,[8 2],5,18,34,13,5
1,<environment.Job instance at 0x7f0759c54140>,12,16,[6 1],13,19,35,6,13
1,<environment.Job instance at 0x7f0759759870>,15,14,[5 4],16,34,48,18,19
1,<environment.Job instance at 0x7f0759759960>,21,12,[3 5],22,34,46,12,22
1,<environment.Job instance at 0x7f0758d9efa0>,0,3,[ 3 12],1,48,51,47,30
1,<environment.Job instance at 0x7f0758d9e820>,6,14,[4 7],7,51,65,44,36
1,<environment.Job instance at 0x7f075a439e60>,28,14,[5 4],29,51,65,22,36
1,<environment.Job instance at 0x7f075a4393c0>,29,15,[6 4],30,51,66,21,37
1,<environment.Job instance at 0x7f075a4391e0>,30,2,[7 5],31,37,39,6,37
1,<environment.Job instance at 0x7f075a439460>,31,2,[ 2 10],32,46,48,14,37
1,<environment.Job instance at 0x7f075a439c80>,32,23,[6 2],33,65,88,32,59
1,<environment.Job instance at 0x7f075a439960>,33,1,[9 4],34,66,67,32,59
1,<environment.Job instance at 0x7f075976a370>,34,3,[ 1 12],35,67,70,32,59
1,<environment.Job instance at 0x7f075976a140>,35,14,[12  1],36,88,102,52,73
1,<environment.Job instance at 0x7f075976a910>,36,17,[1 6],37,73,90,36,73
1,<environment.Job instance at 0x7f075976a3c0>,37,13,[9 4],38,102,115,64,86
1,<environment.Job instance at 0x7f075976a820>,38,13,[4 8],39,102,115,63,86
1,<environment.Job instance at 0x7f075976ab90>,39,3,[4 5],40,115,118,75,89
1,<environment.Job instance at 0x7f075976afa0>,40,2,[1 5],41,89,91,48,89
1,<environment.Job instance at 0x7f0759709b90>,41,1,[3 6],42,91,92,49,89
1,<environment.Job instance at 0x7f075a439cd0>,26,16,[4 9],27,115,131,88,102
1,<environment.Job instance at 0x7f0759709eb0>,42,18,[6 5],43,118,136,75,107
1,<environment.Job instance at 0x7f075a3256e0>,0,13,[8 3],1,1,14,0,1
1,<environment.Job instance at 0x7f075a3252d0>,1,1,[2 7],2,2,3,0,2
1,<environment.Job instance at 0x7f075a325fa0>,2,1,[1 8],3,3,4,0,3
1,<environment.Job instance at 0x7f075a325140>,5,15,[10  1],6,14,29,8,6
1,<environment.Job instance at 0x7f075a325500>,6,13,[ 2 10],7,7,20,0,7
1,<environment.Job instance at 0x7f075a325690>,7,12,[6 5],8,29,41,21,12
1,<environment.Job instance at 0x7f075a325d20>,11,12,[5 3],12,20,32,8,12
1,<environment.Job instance at 0x7f075a325dc0>,12,3,[5 8],13,32,35,19,13
1,<environment.Job instance at 0x7f075a3255a0>,13,2,[6 2],14,35,37,21,14
1,<environment.Job instance at 0x7f075a325a00>,14,16,[5 8],15,37,53,22,24
1,<environment.Job instance at 0x7f075942a730>,16,2,[ 1 10],17,53,55,36,26
1,<environment.Job instance at 0x7f075a325d70>,9,3,[7 3],10,41,44,31,26
1,<environment.Job instance at 0x7f075942aa00>,22,3,[5 8],23,55,58,32,30
1,<environment.Job instance at 0x7f075942a820>,23,14,[6 2],24,44,58,20,31
1,<environment.Job instance at 0x7f075942a870>,24,2,[3 9],25,58,60,33,31
1,<environment.Job instance at 0x7f075942adc0>,25,1,[1 7],26,35,36,9,34
1,<environment.Job instance at 0x7f075942a5a0>,26,2,[5 3],27,53,55,26,34
1,<environment.Job instance at 0x7f075942a320>,27,1,[4 7],28,60,61,32,35
1,<environment.Job instance at 0x7f075942afa0>,28,12,[6 4],29,58,70,29,42
1,<environment.Job instance at 0x7f076299caf0>,29,2,[4 8],30,61,63,31,42
1,<environment.Job instance at 0x7f076299c140>,30,2,[13  2],31,70,72,39,43
1,<environment.Job instance at 0x7f076299c230>,31,13,[3 5],32,72,85,40,57
1,<environment.Job instance at 0x7f075942af00>,20,18,[3 5],21,72,90,51,61
1,<environment.Job instance at 0x7f0758b36f00>,33,15,[ 2 10],34,85,100,51,71
1,<environment.Job instance at 0x7f0758b36fa0>,36,13,[6 4],37,72,85,35,71
1,<environment.Job instance at 0x7f0758b36280>,38,12,[10  4],39,90,102,51,73
1,<environment.Job instance at 0x7f0758b367d0>,39,12,[5 8],40,100,112,60,83
1,<environment.Job instance at 0x7f07590f8a00>,50,12,[2 5],51,102,114,51,85
1,<environment.Job instance at 0x7f07590f82d0>,51,17,[7 4],52,112,129,60,100
1,<environment.Job instance at 0x7f07590f86e0>,53,14,[ 5 10],54,114,128,60,100
1,<environment.Job instance at 0x7f07595ad050>,0,2,[8 1],1,1,3,0,1
1,<environment.Job instance at 0x7f075953afa0>,2,14,[5 2],3,3,17,0,3
1,<environment.Job instance at 0x7f0758e124b0>,4,1,[ 2 10],5,8,9,3,8
1,<environment.Job instance at 0x7f0758e12820>,8,1,[5 3],9,9,10,0,9
1,<environment.Job instance at 0x7f0758e12d20>,9,3,[ 4 10],10,10,13,0,10
1,<environment.Job instance at 0x7f0758e12b90>,10,13,[5 8],11,13,26,2,11
1,<environment.Job instance at 0x7f0758e12be0>,11,16,[5 2],12,12,28,0,12
1,<environment.Job instance at 0x7f0758e12eb0>,12,2,[5 4],13,17,19,4,13
1,<environment.Job instance at 0x7f0758e12dc0>,13,15,[ 3 10],14,26,41,12,14
1,<environment.Job instance at 0x7f0758e12780>,14,12,[7 5],15,28,40,13,16
1,<environment.Job instance at 0x7f0759c8c640>,17,16,[8 4],18,40,56,22,27
1,<environment.Job instance at 0x7f0758e12320>,15,14,[7 5],16,41,55,25,27
1,<environment.Job instance at 0x7f0759c8caf0>,21,3,[1 5],22,55,58,33,29
1,<environment.Job instance at 0x7f0759c8c410>,22,12,[8 2],23,56,68,33,39
1,<environment.Job instance at 0x7f0759c8ce10>,23,12,[8 2],24,68,80,44,53
1,<environment.Job instance at 0x7f0759c8cb90>,24,1,[10  4],25,80,81,55,53
1,<environment.Job instance at 0x7f0759c8c550>,25,2,[8 4],26,81,83,55,54
1,<environment.Job instance at 0x7f0759c8c2d0>,20,15,[10  5],21,83,98,62,69
1,<environment.Job instance at 0x7f075914d960>,31,16,[8 4],32,98,114,66,85
1,<environment.Job instance at 0x7f075914dfa0>,33,12,[6 5],34,98,110,64,85
1,<environment.Job instance at 0x7f075914de10>,35,15,[9 1],36,114,129,78,100
1,<environment.Job instance at 0x7f0759120640>,0,3,[7 3],1,1,4,0,1
1,<environment.Job instance at 0x7f075914d280>,2,12,[12  2],3,4,16,1,3
1,<environment.Job instance at 0x7f0759bad550>,4,17,[5 5],5,16,33,11,5
1,<environment.Job instance at 0x7f07591c6b40>,6,12,[6 2],7,16,28,9,8
1,<environment.Job instance at 0x7f0759ad1b90>,9,15,[9 1],10,28,43,18,14
1,<environment.Job instance at 0x7f0759ad1050>,11,15,[10  4],12,43,58,31,29
1,<environment.Job instance at 0x7f0759ad15f0>,15,3,[2 8],16,33,36,17,29
1,<environment.Job instance at 0x7f0759ad1a00>,16,14,[9 2],17,58,72,41,43
1,<environment.Job instance at 0x7f0759ba62d0>,18,3,[4 5],19,43,46,24,43
1,<environment.Job instance at 0x7f0759ba6410>,20,13,[3 7],21,46,59,25,43
1,<environment.Job instance at 0x7f0759c27dc0>,10,12,[10  4],11,72,84,61,61
1,<environment.Job instance at 0x7f075914f5a0>,1,25,[1 6],2,61,86,59,61
1,<environment.Job instance at 0x7f0759ba67d0>,26,3,[ 2 14],27,86,89,59,61
1,<environment.Job instance at 0x7f0759ba6690>,24,21,[10  5],25,89,110,64,81
1,<environment.Job instance at 0x7f0759ba6910>,28,14,[1 9],29,89,103,60,81
1,<environment.Job instance at 0x7f0759ba60a0>,29,12,[5 1],30,103,115,73,86
1,<environment.Job instance at 0x7f0759ba6b40>,31,13,[7 4],32,110,123,78,94
1,<environment.Job instance at 0x7f0759ba6c80>,33,3,[8 4],34,115,118,81,94
1,<environment.Job instance at 0x7f0759ba6e60>,36,14,[8 3],37,118,132,81,103
1,<environment.Job instance at 0x7f0759ba6af0>,38,3,[6 2],39,123,126,84,103
1,<environment.Job instance at 0x7f075957f280>,0,13,[6 3],1,1,14,0,1
1,<environment.Job instance at 0x7f0759ba6af0>,2,1,[ 4 11],3,4,5,1,4
1,<environment.Job instance at 0x7f075957f190>,3,14,[6 4],4,5,19,1,4
1,<environment.Job instance at 0x7f075957fa50>,4,3,[ 3 10],5,14,17,9,6
1,<environment.Job instance at 0x7f075957f5f0>,5,12,[10  3],6,19,31,13,7
1,<environment.Job instance at 0x7f075957fc30>,6,16,[1 7],7,17,33,10,7
1,<environment.Job instance at 0x7f075957f690>,7,1,[7 1],8,17,18,9,8
1,<environment.Job instance at 0x7f0759558370>,8,1,[1 5],9,10,11,1,10
1,<environment.Job instance at 0x7f075957f960>,9,14,[2 5],10,19,33,9,10
1,<environment.Job instance at 0x7f07594a6550>,11,16,[1 5],12,33,49,21,20
1,<environment.Job instance at 0x7f075a4088c0>,16,3,[3 9],17,33,36,16,20
1,<environment.Job instance at 0x7f075a4087d0>,17,13,[ 5 10],18,36,49,18,20
1,<environment.Job instance at 0x7f075a408730>,18,16,[6 5],19,49,65,30,36
1,<environment.Job instance at 0x7f075a408050>,19,3,[9 3],20,49,52,29,36
1,<environment.Job instance at 0x7f0759addfa0>,21,2,[5 2],22,52,54,30,36
1,<environment.Job instance at 0x7f0759bd1140>,24,21,[5 2],25,54,75,29,46
1,<environment.Job instance at 0x7f0759ba6fa0>,1,21,[1 7],2,52,73,50,46
1,<environment.Job instance at 0x7f0758e91eb0>,27,16,[1 7],28,73,89,45,60
1,<environment.Job instance at 0x7f0758e91e60>,28,3,[7 1],29,65,68,36,60
1,<environment.Job instance at 0x7f0759aabb40>,29,3,[7 5],30,68,71,38,60
1,<environment.Job instance at 0x7f0759aaba00>,30,16,[5 9],31,89,105,58,76
1,<environment.Job instance at 0x7f0758e8b9b0>,32,14,[10  5],33,76,90,43,76
1,<environment.Job instance at 0x7f0759ac9a50>,26,3,[8 4],27,90,93,63,77
1,<environment.Job instance at 0x7f0758e8b730>,33,3,[1 8],34,105,108,71,79
1,<environment.Job instance at 0x7f07594a6410>,10,12,[4 5],11,93,105,82,87
1,<environment.Job instance at 0x7f0758f035a0>,36,18,[1 8],37,108,126,71,97
1,<environment.Job instance at 0x7f0758f03730>,40,15,[8 5],41,105,120,64,97
1,<environment.Job instance at 0x7f0758e8fb90>,43,15,[5 3],44,120,135,76,106
1,<environment.Job instance at 0x7f0758e8fdc0>,48,18,[6 4],49,120,138,71,109
1,<environment.Job instance at 0x7f0759c77d20>,0,2,[9 2],1,1,3,0,1
1,<environment.Job instance at 0x7f0759c77b90>,3,3,[5 2],4,4,7,0,4
1,<environment.Job instance at 0x7f0759c77fa0>,4,12,[ 1 10],5,5,17,0,5
1,<environment.Job instance at 0x7f0759c77500>,5,1,[8 4],6,7,8,1,6
1,<environment.Job instance at 0x7f0759c77230>,6,12,[1 9],7,17,29,10,7
1,<environment.Job instance at 0x7f0759c772d0>,7,2,[4 5],8,8,10,0,8
1,<environment.Job instance at 0x7f0759c77eb0>,9,16,[8 4],10,10,26,0,10
1,<environment.Job instance at 0x7f0759978280>,10,3,[1 9],11,29,32,18,12
1,<environment.Job instance at 0x7f0759978050>,12,16,[4 7],13,32,48,19,19
1,<environment.Job instance at 0x7f07599785f0>,14,16,[3 5],15,26,42,11,19
1,<environment.Job instance at 0x7f0759c77b40>,11,2,[3 5],12,42,44,30,20
1,<environment.Job instance at 0x7f07599780f0>,15,15,[ 3 10],16,48,63,32,34
1,<environment.Job instance at 0x7f0759978500>,21,12,[7 5],22,44,56,22,34
1,<environment.Job instance at 0x7f0759978dc0>,23,12,[8 2],24,56,68,32,39
1,<environment.Job instance at 0x7f0758e41be0>,25,15,[8 3],26,68,83,42,54
1,<environment.Job instance at 0x7f0759c77370>,1,16,[1 7],2,66,82,64,66
1,<environment.Job instance at 0x7f0758e41230>,28,1,[5 9],29,82,83,53,66
1,<environment.Job instance at 0x7f0758e419b0>,29,2,[ 1 10],30,83,85,53,66
1,<environment.Job instance at 0x7f0758e418c0>,30,14,[5 3],31,66,80,35,66
1,<environment.Job instance at 0x7f0758e41a50>,31,3,[4 6],32,85,88,53,66
1,<environment.Job instance at 0x7f0758e411e0>,27,13,[9 2],28,83,96,55,67
1,<environment.Job instance at 0x7f0758e415f0>,33,14,[5 9],34,88,102,54,73
1,<environment.Job instance at 0x7f0758e41500>,35,18,[6 4],36,96,114,60,85
1,<environment.Job instance at 0x7f0759978320>,13,16,[5 9],14,102,118,88,89
1,<environment.Job instance at 0x7f0758e41eb0>,38,13,[7 2],39,114,127,75,98
1,<environment.Job instance at 0x7f0758e41d70>,39,2,[1 6],40,118,120,78,98
1,<environment.Job instance at 0x7f07596511e0>,0,1,[9 5],1,1,2,0,1
1,<environment.Job instance at 0x7f075a2bb5f0>,1,18,[5 6],2,2,20,0,2
1,<environment.Job instance at 0x7f0759ffc410>,3,2,[8 4],4,5,7,1,5
1,<environment.Job instance at 0x7f0759ffc460>,4,14,[ 4 10],5,20,34,15,5
1,<environment.Job instance at 0x7f0759ffc230>,2,2,[7 3],3,7,9,4,6
1,<environment.Job instance at 0x7f075a10b820>,5,16,[6 5],6,9,25,3,6
1,<environment.Job instance at 0x7f0759a851e0>,8,3,[7 1],9,25,28,16,9
1,<environment.Job instance at 0x7f075a37a460>,11,3,[6 4],12,28,31,16,12
1,<environment.Job instance at 0x7f0759a855a0>,9,14,[2 7],10,34,48,24,19
1,<environment.Job instance at 0x7f075a37ad70>,13,15,[9 4],14,31,46,17,19
1,<environment.Job instance at 0x7f0759a85730>,10,3,[13  5],11,46,49,35,20
1,<environment.Job instance at 0x7f075a37a370>,15,3,[14  3],16,49,52,33,24
1,<environment.Job instance at 0x7f075a37abe0>,17,18,[2 8],18,52,70,34,41
1,<environment.Job instance at 0x7f075a3473c0>,21,14,[1 8],22,70,84,48,55
1,<environment.Job instance at 0x7f075a347370>,22,16,[6 4],23,55,71,32,55
1,<environment.Job instance at 0x7f075a347050>,23,12,[10  2],24,71,83,47,55
1,<environment.Job instance at 0x7f0758bc7be0>,16,14,[7 3],17,55,69,38,55
1,<environment.Job instance at 0x7f0762eaf780>,27,2,[ 1 10],28,84,86,56,57
1,<environment.Job instance at 0x7f0762eaff00>,28,1,[4 7],29,83,84,54,60
1,<environment.Job instance at 0x7f0762eaf960>,29,3,[13  3],30,84,87,54,60
1,<environment.Job instance at 0x7f07595164b0>,26,18,[ 2 10],27,86,104,59,75
1,<environment.Job instance at 0x7f075983b050>,31,18,[7 3],32,87,105,55,76
1,<environment.Job instance at 0x7f075983b280>,32,17,[1 7],33,104,121,71,92
1,<environment.Job instance at 0x7f075983b0a0>,33,14,[7 2],34,104,118,70,92
1,<environment.Job instance at 0x7f075a10b1e0>,6,15,[1 6],7,105,120,98,93
1,<environment.Job instance at 0x7f075a07b7d0>,36,1,[10  1],37,118,119,81,93
1,<environment.Job instance at 0x7f0759290eb0>,35,12,[8 1],36,119,131,83,102
1,<environment.Job instance at 0x7f075a4625a0>,37,15,[ 3 10],38,121,136,83,107
1,<environment.Job instance at 0x7f283d1c3230>,0,18,[ 2 10],1,2,20,1,2
1,<environment.Job instance at 0x7f283d1c31e0>,2,12,[5 4],3,3,15,0,3
1,<environment.Job instance at 0x7f2833a4b500>,4,18,[10  4],5,15,33,10,5
1,<environment.Job instance at 0x7f2833a4b4b0>,5,13,[5 9],6,20,33,14,6
1,<environment.Job instance at 0x7f2833a4b960>,7,14,[5 1],8,33,47,25,18
1,<environment.Job instance at 0x7f2833a4bcd0>,13,13,[1 8],14,33,46,19,18
1,<environment.Job instance at 0x7f2833a4bd70>,14,12,[3 7],15,46,58,31,29
1,<environment.Job instance at 0x7f2833a4beb0>,16,12,[1 8],17,47,59,30,30
1,<environment.Job instance at 0x7f2833a4b7d0>,18,16,[8 5],19,58,74,39,45
1,<environment.Job instance at 0x7f2833a4d320>,23,18,[5 2],24,58,76,34,47
1,<environment.Job instance at 0x7f2833a4d7d0>,29,13,[1 6],30,59,72,29,49
1,<environment.Job instance at 0x7f2833a4d8c0>,31,17,[4 9],32,74,91,42,62
1,<environment.Job instance at 0x7f2833a4d9b0>,32,17,[9 3],33,76,93,43,64
1,<environment.Job instance at 0x7f2833a4db40>,35,16,[8 1],36,93,109,57,80
1,<environment.Job instance at 0x7f2833a4dc80>,37,14,[5 5],38,91,105,53,80
1,<environment.Job instance at 0x7f2833a4dd20>,38,12,[3 6],39,105,117,66,88
1,<environment.Job instance at 0x7f2833a4ddc0>,39,18,[5 8],40,109,127,69,98
1,<environment.Job instance at 0x7f2833a4df50>,41,14,[6 1],42,109,123,67,99
1,<environment.Job instance at 0x7f2833a4dfa0>,42,14,[8 4],43,123,137,80,108
1,<environment.Job instance at 0x7f2833a51370>,45,16,[6 2],46,127,143,81,114
1,<environment.Job instance at 0x7f2833b367d0>,0,2,[5 6],1,1,3,0,1
1,<environment.Job instance at 0x7f2833b36c80>,3,3,[1 5],4,4,7,0,4
1,<environment.Job instance at 0x7f2833b36e60>,4,15,[9 1],5,5,20,0,5
1,<environment.Job instance at 0x7f2833b36b90>,5,15,[5 3],6,6,21,0,6
1,<environment.Job instance at 0x7f2833ac5780>,7,3,[1 8],8,8,11,0,8
1,<environment.Job instance at 0x7f2833ac5280>,8,16,[7 1],9,20,36,11,9
1,<environment.Job instance at 0x7f2833ac50a0>,9,14,[8 1],10,21,35,11,10
1,<environment.Job instance at 0x7f2833ac54b0>,13,3,[2 9],14,35,38,21,14
1,<environment.Job instance at 0x7f2833ac5d20>,12,3,[8 5],13,36,39,23,14
1,<environment.Job instance at 0x7f2833ac5460>,16,18,[1 6],17,38,56,21,27
1,<environment.Job instance at 0x7f283316ffa0>,18,14,[5 1],19,35,49,16,27
1,<environment.Job instance at 0x7f283311dc80>,19,3,[1 7],20,39,42,19,27
1,<environment.Job instance at 0x7f2833ac5c80>,17,12,[14  5],18,49,61,31,33
1,<environment.Job instance at 0x7f2833ac5820>,21,16,[5 4],22,61,77,39,49
1,<environment.Job instance at 0x7f2833100f00>,22,2,[4 9],23,61,63,38,49
1,<environment.Job instance at 0x7f2833523a00>,23,16,[6 4],24,63,79,39,51
1,<environment.Job instance at 0x7f2833523230>,24,1,[7 1],25,77,78,52,51
1,<environment.Job instance at 0x7f28335236e0>,25,15,[6 2],26,78,93,52,64
1,<environment.Job instance at 0x7f283310eb40>,26,15,[6 2],27,79,94,52,65
1,<environment.Job instance at 0x7f28335e8b90>,27,3,[ 2 10],28,79,82,51,65
1,<environment.Job instance at 0x7f28333936e0>,28,12,[3 9],29,82,94,53,65
1,<environment.Job instance at 0x7f2833394c30>,29,3,[5 5],30,94,97,64,68
1,<environment.Job instance at 0x7f283345c960>,30,13,[2 6],31,94,107,63,78
1,<environment.Job instance at 0x7f2833ac5be0>,20,17,[3 8],21,97,114,76,85
1,<environment.Job instance at 0x7f2833372320>,32,16,[6 2],33,107,123,74,94
1,<environment.Job instance at 0x7f283359baa0>,35,14,[3 8],36,114,128,78,99
1,<environment.Job instance at 0x7f283359b320>,37,17,[3 8],38,128,145,90,116
1,<environment.Job instance at 0x7f28330b0460>,1,16,[7 4],2,2,18,0,2
1,<environment.Job instance at 0x7f28330b0f50>,2,3,[3 9],3,3,6,0,3
1,<environment.Job instance at 0x7f28330b06e0>,3,18,[1 6],4,6,24,2,4
1,<environment.Job instance at 0x7f283313c780>,4,15,[9 5],5,18,33,13,5
1,<environment.Job instance at 0x7f283313c3c0>,5,3,[6 4],6,6,9,0,6
1,<environment.Job instance at 0x7f283313cf00>,9,1,[8 3],10,33,34,23,12
1,<environment.Job instance at 0x7f283313c500>,6,17,[2 6],7,24,41,17,12
1,<environment.Job instance at 0x7f283313ceb0>,11,3,[1 8],12,34,37,22,12
1,<environment.Job instance at 0x7f283313c5f0>,12,13,[2 5],13,37,50,24,21
1,<environment.Job instance at 0x7f283313c640>,13,14,[3 5],14,41,55,27,26
1,<environment.Job instance at 0x7f283313ca50>,8,12,[9 2],9,37,49,28,28
1,<environment.Job instance at 0x7f283313c4b0>,15,2,[9 2],16,49,51,33,29
1,<environment.Job instance at 0x7f283313c190>,16,2,[5 1],17,33,35,16,31
1,<environment.Job instance at 0x7f283313c910>,17,1,[1 7],18,50,51,32,32
1,<environment.Job instance at 0x7f283313cc80>,18,12,[12  2],19,51,63,32,34
1,<environment.Job instance at 0x7f283313cb90>,19,12,[1 8],20,55,67,35,38
1,<environment.Job instance at 0x7f283313c2d0>,20,2,[8 3],21,63,65,42,38
1,<environment.Job instance at 0x7f283345b3c0>,7,16,[2 8],8,67,83,59,56
1,<environment.Job instance at 0x7f283313cc30>,10,18,[8 5],11,65,83,54,56
1,<environment.Job instance at 0x7f283313c690>,14,17,[1 9],15,83,100,68,72
1,<environment.Job instance at 0x7f2833159280>,25,12,[12  4],26,83,95,57,72
1,<environment.Job instance at 0x7f283313c1e0>,24,18,[10  2],25,95,113,70,85
1,<environment.Job instance at 0x7f28331599b0>,27,14,[3 5],28,100,114,72,86
1,<environment.Job instance at 0x7f2833159f00>,28,21,[5 1],29,113,134,84,105
1,<environment.Job instance at 0x7f2833159550>,29,1,[8 5],30,114,115,84,105
1,<environment.Job instance at 0x7f28331596e0>,30,1,[9 5],31,115,116,84,105
1,<environment.Job instance at 0x7f2833159b40>,31,18,[ 5 14],32,116,134,84,107
1,<environment.Job instance at 0x7f28336c1a50>,0,1,[5 1],1,3,4,2,3
1,<environment.Job instance at 0x7f283345b370>,2,2,[1 5],3,3,5,0,3
1,<environment.Job instance at 0x7f2833a14cd0>,3,12,[8 5],4,4,16,0,4
1,<environment.Job instance at 0x7f2833677a00>,5,12,[2 5],6,6,18,0,6
1,<environment.Job instance at 0x7f28335a47d0>,6,3,[2 7],7,16,19,9,7
1,<environment.Job instance at 0x7f28335a4820>,7,13,[ 1 10],8,19,32,11,8
1,<environment.Job instance at 0x7f28335a4fa0>,8,3,[4 7],9,32,35,23,9
1,<environment.Job instance at 0x7f2833261c30>,10,17,[7 1],11,16,33,5,12
1,<environment.Job instance at 0x7f2833465af0>,15,20,[3 8],16,33,53,17,24
1,<environment.Job instance at 0x7f283359bf00>,18,14,[3 6],19,35,49,16,24
1,<environment.Job instance at 0x7f2833465640>,19,3,[9 2],20,49,52,29,24
1,<environment.Job instance at 0x7f2833591320>,20,18,[4 8],21,53,71,32,42
1,<environment.Job instance at 0x7f2833673870>,25,18,[ 3 10],26,71,89,45,60
1,<environment.Job instance at 0x7f28336736e0>,26,21,[6 1],27,60,81,33,60
1,<environment.Job instance at 0x7f28336cdd20>,27,13,[4 9],28,89,102,61,73
1,<environment.Job instance at 0x7f28336cdcd0>,28,12,[8 2],29,81,93,52,73
1,<environment.Job instance at 0x7f28336cd230>,30,12,[1 5],31,93,105,62,76
1,<environment.Job instance at 0x7f283362a9b0>,32,17,[9 1],33,93,110,60,81
1,<environment.Job instance at 0x7f283345e500>,33,18,[8 1],34,110,128,76,99
1,<environment.Job instance at 0x7f2833693320>,36,22,[2 8],37,102,124,65,99
1,<environment.Job instance at 0x7f2833693f00>,37,20,[5 2],38,110,130,72,101
1,<environment.Job instance at 0x7f28334fb6e0>,39,17,[2 6],40,124,141,84,112
1,<environment.Job instance at 0x7f28334fb4b0>,40,16,[1 9],41,130,146,89,117
1,<environment.Job instance at 0x7f2833e82320>,0,1,[10  3],1,1,2,0,1
1,<environment.Job instance at 0x7f2833e82aa0>,1,24,[4 8],2,3,27,1,3
1,<environment.Job instance at 0x7f2833e821e0>,2,3,[1 7],3,3,6,0,3
1,<environment.Job instance at 0x7f2833e6b6e0>,3,3,[9 4],4,6,9,2,4
1,<environment.Job instance at 0x7f2833e6b370>,4,2,[4 8],5,27,29,22,5
1,<environment.Job instance at 0x7f2833422b40>,6,14,[8 1],7,9,23,2,7
1,<environment.Job instance at 0x7f2833422460>,7,12,[10  4],8,23,35,15,8
1,<environment.Job instance at 0x7f28333fcb90>,8,1,[2 5],9,9,10,0,9
1,<environment.Job instance at 0x7f28333fc1e0>,9,3,[4 8],10,29,32,19,10
1,<environment.Job instance at 0x7f28333f8aa0>,14,2,[4 9],15,32,34,17,15
1,<environment.Job instance at 0x7f28333f8f00>,15,2,[7 5],16,35,37,19,16
1,<environment.Job instance at 0x7f28333f8b40>,13,14,[8 2],14,35,49,21,20
1,<environment.Job instance at 0x7f28333fc230>,10,14,[ 4 10],11,37,51,26,25
1,<environment.Job instance at 0x7f28333f8550>,18,3,[9 1],19,49,52,30,25
1,<environment.Job instance at 0x7f28333f8230>,17,18,[6 2],18,51,69,33,40
1,<environment.Job instance at 0x7f283341f690>,20,19,[2 7],21,52,71,31,42
1,<environment.Job instance at 0x7f283341fe60>,23,15,[6 5],24,52,67,28,42
1,<environment.Job instance at 0x7f2833415730>,26,14,[7 5],27,67,81,40,52
1,<environment.Job instance at 0x7f2833415a50>,28,14,[3 8],29,71,85,42,56
1,<environment.Job instance at 0x7f2833415550>,31,17,[5 7],32,81,98,49,69
1,<environment.Job instance at 0x7f2833415410>,32,12,[3 8],33,85,97,52,69
1,<environment.Job instance at 0x7f2833415190>,34,13,[1 9],35,98,111,63,82
1,<environment.Job instance at 0x7f28333ed0a0>,35,16,[4 5],36,97,113,61,84
1,<environment.Job instance at 0x7f28333ed5a0>,39,17,[ 5 10],40,111,128,71,99
1,<environment.Job instance at 0x7f28337702d0>,40,18,[4 6],41,128,146,87,117
1,<environment.Job instance at 0x7f2834126e10>,41,15,[3 5],42,117,132,75,117
1,<environment.Job instance at 0x7f2833005b90>,44,15,[5 7],45,132,147,87,118
1,<environment.Job instance at 0x7f283308c0a0>,1,3,[5 9],2,2,5,0,2
1,<environment.Job instance at 0x7f2833c90b90>,2,2,[7 4],3,3,5,0,3
1,<environment.Job instance at 0x7f283308c1e0>,3,3,[5 5],4,5,8,1,4
1,<environment.Job instance at 0x7f283308cf50>,4,2,[9 2],5,5,7,0,5
1,<environment.Job instance at 0x7f2833069370>,5,13,[3 9],6,7,20,1,6
1,<environment.Job instance at 0x7f28330692d0>,6,18,[9 4],7,8,26,1,7
1,<environment.Job instance at 0x7f28330697d0>,7,17,[3 5],8,20,37,12,8
1,<environment.Job instance at 0x7f28330694b0>,8,17,[2 6],9,20,37,11,9
1,<environment.Job instance at 0x7f28330698c0>,9,2,[ 4 10],10,37,39,27,10
1,<environment.Job instance at 0x7f2833069910>,12,15,[10  1],13,26,41,13,13
1,<environment.Job instance at 0x7f2833e6b8c0>,16,13,[3 9],17,39,52,22,23
1,<environment.Job instance at 0x7f2833e6bc80>,17,14,[2 5],18,39,53,21,24
1,<environment.Job instance at 0x7f2833e6be10>,19,3,[5 9],20,52,55,32,26
1,<environment.Job instance at 0x7f2833e6b050>,20,2,[6 4],21,53,55,32,26
1,<environment.Job instance at 0x7f2833e6bd70>,21,2,[3 5],22,55,57,33,28
1,<environment.Job instance at 0x7f2833e6b0a0>,18,16,[6 5],19,55,71,36,42
1,<environment.Job instance at 0x7f2833e6b1e0>,22,15,[2 5],23,55,70,32,42
1,<environment.Job instance at 0x7f2833069460>,13,17,[5 3],14,57,74,43,46
1,<environment.Job instance at 0x7f2833e6bfa0>,25,2,[2 9],26,71,73,45,46
1,<environment.Job instance at 0x7f2833e6b960>,23,14,[4 8],24,73,87,49,58
1,<environment.Job instance at 0x7f2833c90820>,15,13,[8 5],16,74,87,58,58
1,<environment.Job instance at 0x7f2833e6bf00>,28,13,[6 1],29,87,100,58,71
1,<environment.Job instance at 0x7f2833e63320>,31,13,[6 5],32,87,100,55,71
1,<environment.Job instance at 0x7f2833e6bc30>,29,13,[1 8],30,87,100,57,76
1,<environment.Job instance at 0x7f2833e635a0>,32,13,[ 5 10],33,100,113,67,85
1,<environment.Job instance at 0x7f2833e633c0>,34,3,[7 4],35,100,103,65,85
1,<environment.Job instance at 0x7f2833e6bbe0>,24,16,[9 2],25,103,119,78,90
1,<environment.Job instance at 0x7f2833e63eb0>,38,17,[7 2],39,119,136,80,107
1,<environment.Job instance at 0x7f2833e63370>,33,15,[6 1],34,113,128,79,107
1,<environment.Job instance at 0x7f2833e634b0>,41,2,[2 9],42,119,121,77,109
1,<environment.Job instance at 0x7f2833e63a00>,42,2,[7 3],43,128,130,85,112
1,<environment.Job instance at 0x7f2833e63910>,43,3,[8 1],44,130,133,86,116
1,<environment.Job instance at 0x7f2833e63fa0>,40,15,[5 6],41,133,148,92,119
1,<environment.Job instance at 0x7f28340fc1e0>,0,20,[4 6],1,1,21,0,1
1,<environment.Job instance at 0x7f2833e635f0>,1,2,[8 4],2,2,4,0,2
1,<environment.Job instance at 0x7f2833462230>,2,2,[8 4],3,5,7,2,5
1,<environment.Job instance at 0x7f2833462500>,4,16,[4 5],5,7,23,2,5
1,<environment.Job instance at 0x7f2833462460>,6,3,[8 3],7,21,24,14,7
1,<environment.Job instance at 0x7f2833462a00>,7,1,[10  5],8,24,25,16,10
1,<environment.Job instance at 0x7f2833462780>,10,12,[1 7],11,21,33,10,11
1,<environment.Job instance at 0x7f2833462960>,11,3,[6 4],12,12,15,0,12
1,<environment.Job instance at 0x7f2833462f00>,13,15,[5 5],14,25,40,11,14
1,<environment.Job instance at 0x7f2833462f50>,14,12,[9 1],15,25,37,10,17
1,<environment.Job instance at 0x7f28334623c0>,15,2,[6 3],16,17,19,1,17
1,<environment.Job instance at 0x7f28344d4730>,17,3,[8 1],18,37,40,19,18
1,<environment.Job instance at 0x7f28344d4a00>,16,13,[4 7],17,40,53,23,24
1,<environment.Job instance at 0x7f28344d40a0>,19,13,[7 4],20,40,53,20,24
1,<environment.Job instance at 0x7f28344d4be0>,18,20,[3 8],19,53,73,34,44
1,<environment.Job instance at 0x7f28344d4f00>,21,21,[4 7],22,53,74,31,51
1,<environment.Job instance at 0x7f2833462b90>,12,17,[ 2 10],13,74,91,61,62
1,<environment.Job instance at 0x7f28344d4370>,24,1,[ 2 11],25,91,92,66,63
1,<environment.Job instance at 0x7f28338314b0>,26,18,[6 3],27,73,91,46,64
1,<environment.Job instance at 0x7f2833831aa0>,27,1,[2 6],28,92,93,64,65
1,<environment.Job instance at 0x7f28344d4410>,25,2,[4 7],26,92,94,66,65
1,<environment.Job instance at 0x7f2833831e60>,28,3,[8 3],29,93,96,64,67
1,<environment.Job instance at 0x7f28344d46e0>,23,15,[4 9],24,94,109,70,80
1,<environment.Job instance at 0x7f2833831410>,30,15,[10  4],31,96,111,65,82
1,<environment.Job instance at 0x7f2833831460>,31,18,[4 8],32,109,127,77,98
1,<environment.Job instance at 0x7f28338313c0>,34,14,[3 8],35,127,141,92,112
1,<environment.Job instance at 0x7f2833831960>,36,12,[2 7],37,113,125,76,113
1,<environment.Job instance at 0x7f28338318c0>,38,18,[4 6],39,125,143,86,115
1,<environment.Job instance at 0x7f2833a56c30>,0,26,[4 9],1,2,28,1,2
1,<environment.Job instance at 0x7f2833e59aa0>,1,1,[6 5],2,2,3,0,2
1,<environment.Job instance at 0x7f2833831370>,3,14,[3 6],4,4,18,0,4
1,<environment.Job instance at 0x7f28336f5870>,4,2,[9 3],5,18,20,13,5
1,<environment.Job instance at 0x7f28336f5550>,6,13,[9 3],7,20,33,13,9
1,<environment.Job instance at 0x7f28344640a0>,9,15,[5 7],10,28,43,18,14
1,<environment.Job instance at 0x7f28336f5c30>,10,14,[1 5],11,28,42,17,14
1,<environment.Job instance at 0x7f28336f3b90>,14,13,[2 6],15,42,55,27,26
1,<environment.Job instance at 0x7f28336f5460>,8,16,[9 4],9,43,59,34,30
1,<environment.Job instance at 0x7f28336f3a50>,17,19,[1 5],18,43,62,25,33
1,<environment.Job instance at 0x7f28336f3370>,18,14,[1 7],19,59,73,40,44
1,<environment.Job instance at 0x7f2833717780>,19,18,[6 4],20,62,80,42,51
1,<environment.Job instance at 0x7f28336e9320>,20,13,[11  2],21,80,93,59,64
1,<environment.Job instance at 0x7f28336e90f0>,21,13,[6 3],22,64,77,42,64
1,<environment.Job instance at 0x7f28336e95a0>,22,14,[3 9],23,77,91,54,64
1,<environment.Job instance at 0x7f28336e9500>,23,1,[10  5],24,93,94,69,65
1,<environment.Job instance at 0x7f28336e9730>,24,14,[5 3],25,93,107,68,78
1,<environment.Job instance at 0x7f28336e99b0>,25,2,[8 3],26,94,96,68,78
1,<environment.Job instance at 0x7f28336e9a50>,26,3,[ 5 10],27,96,99,69,78
1,<environment.Job instance at 0x7f28336f3cd0>,16,18,[7 4],17,99,117,82,88
1,<environment.Job instance at 0x7f28336e9c80>,28,15,[7 3],29,107,122,78,93
1,<environment.Job instance at 0x7f28336e91e0>,27,16,[ 3 12],28,117,133,89,104
1,<environment.Job instance at 0x7f2834465f00>,30,14,[10  1],31,122,136,91,107
1,<environment.Job instance at 0x7f283344f730>,31,3,[1 9],32,133,136,101,107
1,<environment.Job instance at 0x7f28336e9d20>,32,3,[7 1],33,136,139,103,110
1,<environment.Job instance at 0x7f2833ce6aa0>,1,28,[5 1],2,2,30,0,2
1,<environment.Job instance at 0x7f2834462190>,2,3,[1 8],3,3,6,0,3
1,<environment.Job instance at 0x7f2833ce6500>,3,12,[3 8],4,6,18,2,4
1,<environment.Job instance at 0x7f2833ce6dc0>,4,3,[1 5],5,5,8,0,5
1,<environment.Job instance at 0x7f2833ce6140>,5,15,[3 5],6,8,23,2,6
1,<environment.Job instance at 0x7f2833ce6d20>,6,3,[7 4],7,18,21,11,7
1,<environment.Job instance at 0x7f2833ce6690>,7,13,[9 1],8,23,36,15,8
1,<environment.Job instance at 0x7f2833ce6a50>,8,2,[7 4],9,21,23,12,9
1,<environment.Job instance at 0x7f2833ce6f50>,9,2,[5 1],10,30,32,20,10
1,<environment.Job instance at 0x7f2833ce6fa0>,10,2,[10  5],11,36,38,25,11
1,<environment.Job instance at 0x7f2833ce6a00>,11,3,[9 1],12,38,41,26,12
1,<environment.Job instance at 0x7f2833ce6230>,12,13,[9 1],13,41,54,28,25
1,<environment.Job instance at 0x7f2833ce67d0>,17,17,[10  4],18,54,71,36,42
1,<environment.Job instance at 0x7f283302c7d0>,19,15,[2 6],20,42,57,22,42
1,<environment.Job instance at 0x7f283302c500>,21,14,[9 4],22,71,85,49,56
1,<environment.Job instance at 0x7f283302caf0>,22,13,[2 9],23,57,70,34,56
1,<environment.Job instance at 0x7f283302cd70>,25,18,[7 5],26,85,103,59,74
1,<environment.Job instance at 0x7f283302c6e0>,28,13,[1 5],29,74,87,45,74
1,<environment.Job instance at 0x7f2833ce6b90>,14,13,[4 8],15,87,100,72,75
1,<environment.Job instance at 0x7f283302c550>,29,18,[ 2 10],30,100,118,70,89
1,<environment.Job instance at 0x7f283302cb40>,34,18,[10  2],35,103,121,68,92
1,<environment.Job instance at 0x7f283302c5a0>,37,15,[5 8],38,118,133,80,104
1,<environment.Job instance at 0x7f28332c24b0>,0,12,[7 4],1,1,13,0,1
1,<environment.Job instance at 0x7f28345ec690>,1,1,[4 5],2,2,3,0,2
1,<environment.Job instance at 0x7f28336f5910>,2,3,[8 1],3,3,6,0,3
1,<environment.Job instance at 0x7f2833d5fd70>,3,15,[3 9],4,6,21,2,4
1,<environment.Job instance at 0x7f283302c5a0>,5,3,[10  4],6,13,16,7,6
1,<environment.Job instance at 0x7f28335ead20>,6,1,[ 4 10],7,21,22,14,7
1,<environment.Job instance at 0x7f28335ea7d0>,8,17,[9 5],9,16,33,7,9
1,<environment.Job instance at 0x7f28335ea5a0>,9,2,[5 8],10,22,24,12,10
1,<environment.Job instance at 0x7f2833d6a140>,10,15,[5 3],11,24,39,13,11
1,<environment.Job instance at 0x7f28335eae60>,12,14,[4 6],13,33,47,20,18
1,<environment.Job instance at 0x7f2833d7a820>,16,21,[5 5],17,33,54,16,25
1,<environment.Job instance at 0x7f2833d7d140>,19,15,[3 9],20,47,62,27,33
1,<environment.Job instance at 0x7f2833d7d370>,20,15,[5 5],21,54,69,33,40
1,<environment.Job instance at 0x7f2833d7da00>,24,15,[10  2],25,62,77,37,48
1,<environment.Job instance at 0x7f2833d4bd20>,27,15,[6 2],28,77,92,49,63
1,<environment.Job instance at 0x7f2833d6aeb0>,13,17,[9 1],14,77,94,63,65
1,<environment.Job instance at 0x7f2833be5a50>,31,3,[1 8],32,69,72,37,65
1,<environment.Job instance at 0x7f283303e2d0>,34,12,[9 1],35,94,106,59,77
1,<environment.Job instance at 0x7f28340bc870>,36,14,[6 4],37,92,106,55,77
1,<environment.Job instance at 0x7f2833ae5730>,37,12,[5 9],38,106,118,68,89
1,<environment.Job instance at 0x7f2833046fa0>,40,12,[5 6],41,106,118,65,89
1,<environment.Job instance at 0x7f2833ae5230>,41,16,[3 9],42,118,134,76,105
1,<environment.Job instance at 0x7f283304faf0>,44,13,[2 7],45,134,147,89,118
1,<environment.Job instance at 0x7f28332a2320>,45,17,[10  3],46,118,135,72,118
1,<environment.Job instance at 0x7f2833d2e140>,1,2,[1 9],2,2,4,0,2
1,<environment.Job instance at 0x7f2833692280>,0,18,[6 4],1,2,20,1,2
1,<environment.Job instance at 0x7f28332a2320>,2,3,[10  4],3,20,23,17,3
1,<environment.Job instance at 0x7f28336927d0>,3,13,[8 4],4,4,17,0,4
1,<environment.Job instance at 0x7f2833692460>,4,3,[9 3],5,17,20,12,5
1,<environment.Job instance at 0x7f28332a2aa0>,6,1,[5 2],7,20,21,13,7
1,<environment.Job instance at 0x7f2833692910>,7,13,[10  4],8,23,36,15,8
1,<environment.Job instance at 0x7f2833692050>,10,13,[12  1],11,36,49,25,20
1,<environment.Job instance at 0x7f2833692730>,9,13,[8 2],10,49,62,39,33
1,<environment.Job instance at 0x7f28330f5690>,17,18,[1 6],18,33,51,15,33
1,<environment.Job instance at 0x7f28330f5640>,19,14,[5 1],20,49,63,29,34
1,<environment.Job instance at 0x7f2833692af0>,8,13,[8 5],9,62,75,53,46
1,<environment.Job instance at 0x7f28330f5f00>,21,2,[ 5 10],22,63,65,41,46
1,<environment.Job instance at 0x7f28330f5280>,22,14,[7 3],23,65,79,42,50
1,<environment.Job instance at 0x7f28330f5b90>,23,3,[6 2],24,75,78,51,51
1,<environment.Job instance at 0x7f28330f5550>,24,1,[7 4],25,78,79,53,51
1,<environment.Job instance at 0x7f28330f5fa0>,25,3,[9 2],26,79,82,53,53
1,<environment.Job instance at 0x7f28330f5c80>,20,17,[9 2],21,82,99,61,70
1,<environment.Job instance at 0x7f28330f53c0>,29,18,[6 2],30,79,97,49,70
1,<environment.Job instance at 0x7f283415eaa0>,33,14,[ 4 10],34,97,111,63,82
1,<environment.Job instance at 0x7f283415e140>,35,14,[5 7],36,111,125,75,96
1,<environment.Job instance at 0x7f283415ef50>,36,16,[9 2],37,99,115,62,96
1,<environment.Job instance at 0x7f2833692190>,5,16,[7 3],6,115,131,109,107
1,<environment.Job instance at 0x7f2832e43870>,0,13,[10  1],1,1,14,0,1
1,<environment.Job instance at 0x7f2832e43cd0>,1,2,[ 5 11],2,2,4,0,2
1,<environment.Job instance at 0x7f2832e435a0>,2,2,[5 3],3,4,6,1,3
1,<environment.Job instance at 0x7f2832e432d0>,3,18,[4 5],4,6,24,2,4
1,<environment.Job instance at 0x7f2832e430a0>,4,1,[6 1],5,14,15,9,6
1,<environment.Job instance at 0x7f2832e43050>,6,16,[5 6],7,14,30,7,7
1,<environment.Job instance at 0x7f2832e43820>,7,3,[9 4],8,24,27,16,8
1,<environment.Job instance at 0x7f2832da9910>,5,15,[1 5],6,24,39,18,10
1,<environment.Job instance at 0x7f2832e436e0>,8,13,[8 2],9,27,40,18,11
1,<environment.Job instance at 0x7f2832e439b0>,10,2,[8 2],11,40,42,29,14
1,<environment.Job instance at 0x7f2832e43f50>,15,3,[10  5],16,42,45,26,16
1,<environment.Job instance at 0x7f2832e43eb0>,14,1,[4 6],15,30,31,15,16
1,<environment.Job instance at 0x7f2832e43c30>,12,15,[5 1],13,31,46,18,17
1,<environment.Job instance at 0x7f2832e433c0>,11,16,[4 6],12,45,61,33,32
1,<environment.Job instance at 0x7f2832d9b050>,19,3,[6 2],20,45,48,25,32
1,<environment.Job instance at 0x7f2832d9b8c0>,20,13,[1 5],21,46,59,25,33
1,<environment.Job instance at 0x7f2832d9b370>,21,1,[6 3],22,48,49,26,33
1,<environment.Job instance at 0x7f2832d9bfa0>,22,14,[3 7],23,59,73,36,44
1,<environment.Job instance at 0x7f2832d9be10>,23,3,[10  4],24,49,52,25,44
1,<environment.Job instance at 0x7f2832d9b9b0>,24,1,[4 8],25,61,62,36,44
1,<environment.Job instance at 0x7f2832d9b820>,25,13,[5 4],26,62,75,36,46
1,<environment.Job instance at 0x7f2832d9b0a0>,17,15,[10  4],18,73,88,55,59
1,<environment.Job instance at 0x7f2832e1bfa0>,27,15,[2 6],28,75,90,47,61
1,<environment.Job instance at 0x7f2832e43b90>,13,3,[2 7],14,88,91,74,62
1,<environment.Job instance at 0x7f2832e1baa0>,34,13,[5 8],35,90,103,55,74
1,<environment.Job instance at 0x7f2832e1b6e0>,29,18,[10  2],30,91,109,61,81
1,<environment.Job instance at 0x7f2832e24910>,50,1,[5 2],51,88,89,37,82
1,<environment.Job instance at 0x7f2832e24d20>,49,14,[2 8],50,103,117,53,88
1,<environment.Job instance at 0x7f2832e24e10>,52,18,[10  5],53,109,127,56,98
1,<environment.Job instance at 0x7f2832e24be0>,54,17,[10  5],55,127,144,72,115
1,<environment.Job instance at 0x7f2832e24dc0>,55,18,[5 6],56,117,135,61,115
1,<environment.Job instance at 0x7f28338edf50>,0,20,[ 4 10],1,1,21,0,1
1,<environment.Job instance at 0x7f28338ede60>,2,16,[6 1],3,3,19,0,3
1,<environment.Job instance at 0x7f28338ed6e0>,1,1,[ 3 10],2,21,22,19,6
1,<environment.Job instance at 0x7f28338ed2d0>,5,14,[5 4],6,6,20,0,6
1,<environment.Job instance at 0x7f28338ed230>,8,3,[9 5],9,20,23,11,9
1,<environment.Job instance at 0x7f2833f7f910>,9,3,[5 4],10,22,25,12,10
1,<environment.Job instance at 0x7f2833f7f8c0>,10,2,[3 5],11,23,25,12,11
1,<environment.Job instance at 0x7f2833f7fb90>,11,12,[3 5],12,23,35,11,12
1,<environment.Job instance at 0x7f2833f7fe60>,12,2,[1 9],13,25,27,12,13
1,<environment.Job instance at 0x7f2833f7fa00>,13,1,[3 7],14,27,28,13,14
1,<environment.Job instance at 0x7f2833f7f0f0>,14,3,[8 5],15,28,31,13,15
1,<environment.Job instance at 0x7f2833f7fbe0>,15,2,[9 5],16,31,33,15,16
1,<environment.Job instance at 0x7f2833f7f5a0>,19,15,[6 4],20,33,48,13,20
1,<environment.Job instance at 0x7f2833f7fa50>,20,2,[7 5],21,35,37,14,21
1,<environment.Job instance at 0x7f2833f7faa0>,21,2,[ 2 10],22,37,39,15,22
1,<environment.Job instance at 0x7f2833f7f960>,22,23,[6 2],23,39,62,16,33
1,<environment.Job instance at 0x7f2833f7f1e0>,23,1,[9 4],24,48,49,24,33
1,<environment.Job instance at 0x7f2833f7f780>,24,3,[ 1 12],25,49,52,24,33
1,<environment.Job instance at 0x7f2833f7feb0>,17,18,[6 1],18,49,67,31,45
1,<environment.Job instance at 0x7f2833160140>,26,17,[1 6],27,52,69,25,46
1,<environment.Job instance at 0x7f2833160e60>,27,13,[9 4],28,67,80,39,51
1,<environment.Job instance at 0x7f28331603c0>,28,13,[4 8],29,69,82,40,54
1,<environment.Job instance at 0x7f2833f7f370>,25,14,[12  1],26,82,96,56,68
1,<environment.Job instance at 0x7f2833160be0>,33,1,[11  3],34,80,81,46,68
1,<environment.Job instance at 0x7f2833160730>,34,14,[ 5 10],35,96,110,61,81
1,<environment.Job instance at 0x7f2833160780>,32,18,[6 5],33,96,114,63,85
1,<environment.Job instance at 0x7f2833f7fd70>,18,14,[5 4],19,110,124,91,95
1,<environment.Job instance at 0x7f2833160cd0>,37,15,[4 8],38,114,129,76,100
1,<environment.Job instance at 0x7f2833160f00>,36,16,[4 8],37,129,145,92,116
1,<environment.Job instance at 0x7f283cc28870>,41,12,[5 6],42,124,136,82,116
1,<environment.Job instance at 0x7f283317de10>,0,18,[3 5],1,1,19,0,1
1,<environment.Job instance at 0x7f283d203c80>,1,15,[3 7],2,2,17,0,2
1,<environment.Job instance at 0x7f283cc28780>,3,14,[6 2],4,4,18,0,4
1,<environment.Job instance at 0x7f2833bb33c0>,2,3,[5 8],3,17,20,14,5
1,<environment.Job instance at 0x7f2833c59be0>,5,1,[1 7],6,19,20,13,7
1,<environment.Job instance at 0x7f2833c59690>,4,2,[3 9],5,20,22,15,7
1,<environment.Job instance at 0x7f2833a11d20>,7,1,[4 7],8,22,23,14,9
1,<environment.Job instance at 0x7f2833a112d0>,8,12,[6 4],9,20,32,11,9
1,<environment.Job instance at 0x7f2833a11af0>,9,2,[4 8],10,23,25,13,12
1,<environment.Job instance at 0x7f2833a11640>,10,2,[13  2],11,32,34,21,12
1,<environment.Job instance at 0x7f2833a110f0>,13,15,[ 2 10],14,25,40,11,14
1,<environment.Job instance at 0x7f2833a11230>,14,1,[12  5],15,34,35,19,15
1,<environment.Job instance at 0x7f2833a11b90>,15,3,[3 9],16,40,43,24,16
1,<environment.Job instance at 0x7f2833a11320>,16,13,[6 4],17,35,48,18,19
1,<environment.Job instance at 0x7f283d161460>,19,12,[5 8],20,43,55,23,27
1,<environment.Job instance at 0x7f283d161780>,20,2,[5 4],21,48,50,27,27
1,<environment.Job instance at 0x7f283d161500>,21,3,[12  2],22,55,58,33,29
1,<environment.Job instance at 0x7f2833a3da50>,22,1,[2 6],23,50,51,27,29
1,<environment.Job instance at 0x7f2833a3d2d0>,23,3,[6 1],24,29,32,5,29
1,<environment.Job instance at 0x7f2833a3d960>,24,1,[7 3],25,51,52,26,29
1,<environment.Job instance at 0x7f2833a3d820>,25,3,[8 1],26,52,55,26,29
1,<environment.Job instance at 0x7f2833a3db90>,26,2,[5 9],27,58,60,31,31
1,<environment.Job instance at 0x7f2833a3d460>,27,2,[5 8],28,60,62,32,33
1,<environment.Job instance at 0x7f28334512d0>,28,3,[6 2],29,40,43,11,33
1,<environment.Job instance at 0x7f28334510f0>,29,2,[10  1],30,58,60,28,33
1,<environment.Job instance at 0x7f2833a11d70>,11,13,[3 5],12,60,73,48,44
1,<environment.Job instance at 0x7f283d161aa0>,18,12,[10  4],19,62,74,43,50
1,<environment.Job instance at 0x7f2833451370>,32,1,[7 4],33,74,75,41,50
1,<environment.Job instance at 0x7f2833451cd0>,30,12,[2 5],31,62,74,31,54
1,<environment.Job instance at 0x7f2833451f50>,31,17,[7 4],32,74,91,42,62
1,<environment.Job instance at 0x7f28331e1640>,35,13,[7 4],36,75,88,39,62
1,<environment.Job instance at 0x7f2833451f00>,34,3,[14  3],35,91,94,56,65
1,<environment.Job instance at 0x7f28331e18c0>,37,3,[6 5],38,88,91,50,65
1,<environment.Job instance at 0x7f28331e1140>,38,1,[2 8],39,94,95,55,67
1,<environment.Job instance at 0x7f28331e1f00>,39,2,[6 3],40,94,96,54,67
1,<environment.Job instance at 0x7f28331e1960>,36,16,[3 8],37,95,111,58,82
1,<environment.Job instance at 0x7f28331e1320>,42,17,[5 7],43,96,113,53,84
1,<environment.Job instance at 0x7f2833c426e0>,44,12,[7 1],45,111,123,66,97
1,<environment.Job instance at 0x7f2833c42be0>,48,12,[7 5],49,113,125,64,97
1,<environment.Job instance at 0x7f28334516e0>,33,14,[ 5 10],34,123,137,89,108
1,<environment.Job instance at 0x7f28331e12d0>,40,15,[5 5],41,125,140,84,113
1,<environment.Job instance at 0x7f2833c42a00>,52,2,[8 5],53,137,139,84,116
1,<environment.Job instance at 0x7f2833d4b870>,1,16,[8 4],2,2,18,0,2
1,<environment.Job instance at 0x7f2833d4b9b0>,0,1,[1 9],1,3,4,2,3
1,<environment.Job instance at 0x7f2833d4bd70>,2,1,[1 5],3,4,5,1,3
1,<environment.Job instance at 0x7f2833d4bdc0>,3,12,[6 5],4,4,16,0,4
1,<environment.Job instance at 0x7f2833d4be60>,4,2,[3 6],5,16,18,11,5
1,<environment.Job instance at 0x7f2833d4b140>,7,16,[8 4],8,18,34,10,8
1,<environment.Job instance at 0x7f2833d4b910>,8,2,[7 4],9,18,20,9,9
1,<environment.Job instance at 0x7f2833d4b550>,9,2,[2 6],10,20,22,10,10
1,<environment.Job instance at 0x7f2833d4b280>,10,15,[1 8],11,22,37,11,11
1,<environment.Job instance at 0x7f2833d4bbe0>,11,2,[6 3],12,22,24,10,12
1,<environment.Job instance at 0x7f2833d4b0a0>,12,2,[2 8],13,37,39,24,13
1,<environment.Job instance at 0x7f28333edbe0>,16,1,[ 3 11],17,39,40,22,17
1,<environment.Job instance at 0x7f2833d4b7d0>,14,14,[5 3],15,24,38,9,18
1,<environment.Job instance at 0x7f2833d4b370>,15,2,[8 1],16,34,36,18,18
1,<environment.Job instance at 0x7f28333edf50>,19,1,[9 1],20,36,37,16,20
1,<environment.Job instance at 0x7f283346e8c0>,20,12,[9 4],21,38,50,17,21
1,<environment.Job instance at 0x7f283346e6e0>,22,14,[3 7],23,40,54,17,25
1,<environment.Job instance at 0x7f283346e500>,24,17,[3 5],25,50,67,25,38
1,<environment.Job instance at 0x7f283346e960>,31,13,[5 8],32,54,67,22,40
1,<environment.Job instance at 0x7f283346e780>,32,14,[6 2],33,50,64,17,40
1,<environment.Job instance at 0x7f283346eaa0>,33,13,[6 5],34,67,80,33,51
1,<environment.Job instance at 0x7f28333ed3c0>,17,14,[4 7],18,67,81,49,54
1,<environment.Job instance at 0x7f2833d4b5a0>,13,13,[10  3],14,80,93,66,64
1,<environment.Job instance at 0x7f283346ef00>,39,3,[7 4],40,93,96,53,67
1,<environment.Job instance at 0x7f28341889b0>,40,2,[3 9],41,81,83,40,67
1,<environment.Job instance at 0x7f2834188a00>,41,3,[4 5],42,83,86,41,67
1,<environment.Job instance at 0x7f28341885f0>,42,3,[10  3],43,96,99,53,70
1,<environment.Job instance at 0x7f283346ec80>,37,18,[ 1 10],38,86,104,48,76
1,<environment.Job instance at 0x7f283346e370>,38,12,[6 3],39,99,111,60,82
1,<environment.Job instance at 0x7f2834188050>,45,20,[7 2],46,99,119,53,90
1,<environment.Job instance at 0x7f2834188140>,47,17,[5 6],48,111,128,63,99
1,<environment.Job instance at 0x7f2834188af0>,48,2,[7 1],49,119,121,70,99
1,<environment.Job instance at 0x7f2834188d20>,49,17,[5 2],50,121,138,71,109
1,<environment.Job instance at 0x7f2834188820>,50,14,[6 1],51,128,142,77,113
1,<environment.Job instance at 0x7f28341dfa50>,1,3,[2 9],2,2,5,0,2
1,<environment.Job instance at 0x7f2833f81d20>,0,15,[2 8],1,5,20,4,2
1,<environment.Job instance at 0x7f2834188820>,2,18,[2 5],3,3,21,0,3
1,<environment.Job instance at 0x7f2834188eb0>,4,15,[10  1],5,5,20,0,5
1,<environment.Job instance at 0x7f2833f81e60>,3,1,[8 3],4,20,21,16,6
1,<environment.Job instance at 0x7f2833f81f50>,5,15,[8 4],6,21,36,15,7
1,<environment.Job instance at 0x7f2833f81780>,7,15,[6 2],8,21,36,13,8
1,<environment.Job instance at 0x7f2833f81cd0>,9,17,[5 4],10,36,53,26,24
1,<environment.Job instance at 0x7f2833fae6e0>,12,15,[10  3],13,36,51,23,24
1,<environment.Job instance at 0x7f2833fae500>,14,18,[9 3],15,51,69,36,40
1,<environment.Job instance at 0x7f2833fae640>,15,16,[3 8],16,53,69,37,40
1,<environment.Job instance at 0x7f2833faea50>,16,14,[6 2],17,69,83,52,54
1,<environment.Job instance at 0x7f2833fae960>,19,14,[4 7],20,69,83,49,54
1,<environment.Job instance at 0x7f2833fae1e0>,20,14,[1 7],21,83,97,62,68
1,<environment.Job instance at 0x7f2833faeaf0>,24,14,[5 6],25,69,83,44,68
1,<environment.Job instance at 0x7f2833fafc30>,27,17,[ 5 10],28,97,114,69,85
1,<environment.Job instance at 0x7f2833fafd20>,28,21,[2 5],29,85,106,56,85
1,<environment.Job instance at 0x7f2833faffa0>,30,15,[3 7],31,114,129,83,100
1,<environment.Job instance at 0x7f2833faff00>,31,13,[1 7],32,114,127,82,100
1,<environment.Job instance at 0x7f2833fafe10>,34,14,[5 3],35,127,141,92,112
1,<environment.Job instance at 0x7f2833faf550>,37,19,[ 2 10],38,129,148,91,119
1,<environment.Job instance at 0x7f28340f4a00>,1,17,[7 1],2,2,19,0,2
1,<environment.Job instance at 0x7f28340f4aa0>,0,1,[10  3],1,19,20,18,2
1,<environment.Job instance at 0x7f2833ffd320>,5,3,[3 6],6,6,9,0,6
1,<environment.Job instance at 0x7f2833ffd640>,6,18,[4 9],7,9,27,2,7
1,<environment.Job instance at 0x7f2833ffd0a0>,7,18,[5 3],8,20,38,12,9
1,<environment.Job instance at 0x7f2833ffd910>,9,13,[9 3],10,27,40,17,11
1,<environment.Job instance at 0x7f2833ffdaa0>,11,3,[5 2],12,20,23,8,12
1,<environment.Job instance at 0x7f2833ffd960>,10,12,[2 6],11,38,50,27,24
1,<environment.Job instance at 0x7f2833ffd280>,14,13,[8 1],15,40,53,25,24
1,<environment.Job instance at 0x7f28337a60f0>,17,2,[7 1],18,50,52,32,24
1,<environment.Job instance at 0x7f28337a66e0>,18,2,[5 5],19,40,42,21,24
1,<environment.Job instance at 0x7f28337a6eb0>,16,16,[2 7],17,52,68,35,39
1,<environment.Job instance at 0x7f28337a6aa0>,19,17,[3 5],20,52,69,32,40
1,<environment.Job instance at 0x7f2833ffdaf0>,12,16,[8 1],13,53,69,40,40
1,<environment.Job instance at 0x7f28337a6870>,22,2,[6 4],23,69,71,46,42
1,<environment.Job instance at 0x7f28337a6a50>,23,1,[5 3],24,42,43,18,42
1,<environment.Job instance at 0x7f28337a6b90>,21,14,[7 5],22,69,83,47,54
1,<environment.Job instance at 0x7f283398ca00>,25,1,[5 1],26,71,72,45,54
1,<environment.Job instance at 0x7f283398ce10>,26,17,[5 1],27,72,89,45,60
1,<environment.Job instance at 0x7f283398c690>,27,13,[6 1],28,83,96,55,67
1,<environment.Job instance at 0x7f283398c230>,28,3,[6 1],29,89,92,60,67
1,<environment.Job instance at 0x7f283398c050>,29,16,[5 5],30,92,108,62,79
1,<environment.Job instance at 0x7f283398cf50>,30,1,[9 3],31,96,97,65,79
1,<environment.Job instance at 0x7f283398c410>,31,1,[2 5],32,79,80,47,79
1,<environment.Job instance at 0x7f283398c820>,32,17,[3 5],33,97,114,64,85
1,<environment.Job instance at 0x7f283398ca50>,33,13,[2 7],34,108,121,74,92
1,<environment.Job instance at 0x7f283398cbe0>,34,2,[7 3],35,97,99,62,92
1,<environment.Job instance at 0x7f28337a6dc0>,20,17,[5 8],21,114,131,93,105
1,<environment.Job instance at 0x7f28334a0a00>,36,14,[8 5],37,121,135,84,106
1,<environment.Job instance at 0x7f2833a52780>,0,2,[4 7],1,2,4,1,2
1,<environment.Job instance at 0x7f2833a525a0>,1,17,[8 4],2,2,19,0,2
1,<environment.Job instance at 0x7f28334a0230>,2,15,[1 9],3,4,19,1,4
1,<environment.Job instance at 0x7f28346980a0>,5,12,[1 8],6,19,31,13,6
1,<environment.Job instance at 0x7f28334a05f0>,3,18,[10  4],4,19,37,15,8
1,<environment.Job instance at 0x7f2834698f00>,8,3,[9 1],9,37,40,28,12
1,<environment.Job instance at 0x7f2834687370>,9,13,[6 5],10,37,50,27,21
1,<environment.Job instance at 0x7f28346871e0>,13,16,[1 9],14,40,56,26,27
1,<environment.Job instance at 0x7f28346984b0>,7,20,[5 3],8,50,70,42,42
1,<environment.Job instance at 0x7f2834687730>,15,15,[2 8],16,56,71,40,42
1,<environment.Job instance at 0x7f2834687c80>,18,13,[7 4],19,56,69,37,45
1,<environment.Job instance at 0x7f2834687a00>,20,17,[1 7],21,70,87,49,58
1,<environment.Job instance at 0x7f283415f050>,21,13,[8 2],22,71,84,49,58
1,<environment.Job instance at 0x7f2834687140>,22,15,[6 2],23,71,86,48,58
1,<environment.Job instance at 0x7f2834687690>,25,16,[2 9],26,87,103,61,74
1,<environment.Job instance at 0x7f2833adba00>,26,12,[7 4],27,84,96,57,74
1,<environment.Job instance at 0x7f2834032cd0>,36,12,[9 1],37,96,108,59,86
1,<environment.Job instance at 0x7f2834032190>,38,12,[4 6],39,103,115,64,86
1,<environment.Job instance at 0x7f2834032f00>,39,13,[9 4],40,108,121,68,92
1,<environment.Job instance at 0x7f2834032b40>,41,15,[6 1],42,115,130,73,101
1,<environment.Job instance at 0x7f2834032050>,43,18,[1 7],44,121,139,77,110
1,<environment.Job instance at 0x7f28346873c0>,16,17,[13  4],17,130,147,113,118
1,<environment.Job instance at 0x7f2834032aa0>,47,2,[7 5],48,121,123,73,119
1,<environment.Job instance at 0x7f283313b320>,0,3,[3 7],1,1,4,0,1
1,<environment.Job instance at 0x7f283313b7d0>,1,2,[4 5],2,2,4,0,2
1,<environment.Job instance at 0x7f283313b730>,3,2,[2 8],4,4,6,0,4
1,<environment.Job instance at 0x7f283313b8c0>,4,3,[5 3],5,5,8,0,5
1,<environment.Job instance at 0x7f283313b9b0>,8,12,[ 4 10],9,9,21,0,9
1,<environment.Job instance at 0x7f283313b190>,9,2,[9 5],10,10,12,0,10
1,<environment.Job instance at 0x7f283313bf00>,10,3,[8 2],11,12,15,1,11
1,<environment.Job instance at 0x7f283313bdc0>,11,15,[9 3],12,15,30,3,12
1,<environment.Job instance at 0x7f283313bb40>,12,17,[4 9],13,21,38,8,13
1,<environment.Job instance at 0x7f283313b1e0>,13,1,[5 5],14,30,31,16,14
1,<environment.Job instance at 0x7f2833706820>,15,13,[7 2],16,31,44,15,16
1,<environment.Job instance at 0x7f2833706a00>,17,22,[1 9],18,38,60,20,31
1,<environment.Job instance at 0x7f2833706780>,20,12,[10  5],21,44,56,23,31
1,<environment.Job instance at 0x7f2833706550>,19,1,[ 4 10],20,60,61,40,34
1,<environment.Job instance at 0x7f2833706f50>,22,2,[6 5],23,56,58,33,34
1,<environment.Job instance at 0x7f28337065a0>,21,16,[10  1],22,58,74,36,45
1,<environment.Job instance at 0x7f28331639b0>,27,15,[5 5],28,61,76,33,47
1,<environment.Job instance at 0x7f2833163870>,30,14,[1 9],31,74,88,43,59
1,<environment.Job instance at 0x7f28331637d0>,33,3,[4 8],34,88,91,54,62
1,<environment.Job instance at 0x7f2833163be0>,36,15,[ 1 10],37,91,106,54,77
1,<environment.Job instance at 0x7f2833163370>,39,23,[6 1],40,77,100,37,77
1,<environment.Job instance at 0x7f2833163e60>,42,18,[ 3 10],43,106,124,63,95
1,<environment.Job instance at 0x7f2833163b40>,43,16,[8 1],44,95,111,51,95
1,<environment.Job instance at 0x7f283321be10>,44,18,[ 3 10],45,124,142,79,113
1,<environment.Job instance at 0x7f283321bdc0>,45,12,[5 1],46,113,125,67,113
1,<environment.Job instance at 0x7f2833276230>,0,12,[5 7],1,1,13,0,1
1,<environment.Job instance at 0x7f283321b640>,2,3,[1 9],3,13,16,10,3
1,<environment.Job instance at 0x7f2832fb55a0>,3,1,[6 2],4,4,5,0,4
1,<environment.Job instance at 0x7f2832fb56e0>,4,2,[1 8],5,5,7,0,5
1,<environment.Job instance at 0x7f2832fb57d0>,5,1,[ 4 14],6,16,17,10,6
1,<environment.Job instance at 0x7f2832fb5870>,6,3,[6 5],7,7,10,0,7
1,<environment.Job instance at 0x7f2832fb59b0>,7,3,[1 9],8,17,20,9,8
1,<environment.Job instance at 0x7f2832fb5aa0>,8,2,[2 7],9,10,12,1,9
1,<environment.Job instance at 0x7f2832fb5b90>,9,2,[5 3],10,12,14,2,10
1,<environment.Job instance at 0x7f2832fb5c30>,10,1,[3 7],11,20,21,9,11
1,<environment.Job instance at 0x7f2832fb5d20>,11,1,[4 6],12,14,15,2,12
1,<environment.Job instance at 0x7f2832fb5dc0>,12,13,[5 8],13,20,33,7,13
1,<environment.Job instance at 0x7f2832fb5a00>,13,2,[2 7],14,21,23,7,14
1,<environment.Job instance at 0x7f2832fe30a0>,14,18,[7 1],15,23,41,8,15
1,<environment.Job instance at 0x7f2832fe31e0>,15,2,[10  4],16,17,19,1,16
1,<environment.Job instance at 0x7f2832fe3500>,17,1,[10  4],18,19,20,1,18
1,<environment.Job instance at 0x7f2832fe32d0>,18,1,[2 9],19,33,34,14,19
1,<environment.Job instance at 0x7f2832fe37d0>,20,12,[9 3],21,41,53,20,24
1,<environment.Job instance at 0x7f2833276370>,1,18,[1 7],2,34,52,32,24
1,<environment.Job instance at 0x7f2832fe36e0>,21,1,[ 5 10],22,52,53,30,26
1,<environment.Job instance at 0x7f2832fe3e10>,27,1,[10  4],28,53,54,25,28
1,<environment.Job instance at 0x7f2832fe3690>,22,12,[11  2],23,54,66,31,37
1,<environment.Job instance at 0x7f2832fe3f50>,29,12,[3 8],30,53,65,23,37
1,<environment.Job instance at 0x7f2832fe3d20>,26,13,[7 3],27,66,79,39,50
1,<environment.Job instance at 0x7f2832fe3f00>,30,18,[1 7],31,65,83,34,57
1,<environment.Job instance at 0x7f2832fb60f0>,32,3,[4 6],33,79,82,46,57
1,<environment.Job instance at 0x7f2832fb6230>,33,2,[1 5],34,57,59,23,57
1,<environment.Job instance at 0x7f2832fb62d0>,34,18,[3 8],35,82,100,47,71
1,<environment.Job instance at 0x7f2832fb6370>,35,3,[10  1],36,79,82,43,71
1,<environment.Job instance at 0x7f2832fb6500>,36,1,[7 5],37,71,72,34,71
1,<environment.Job instance at 0x7f2832fe3eb0>,28,22,[10  4],29,83,105,54,76
1,<environment.Job instance at 0x7f2832fb66e0>,38,3,[6 4],39,76,79,37,76
1,<environment.Job instance at 0x7f2832fb6820>,39,1,[9 5],40,105,106,65,77
1,<environment.Job instance at 0x7f2832fe3be0>,25,12,[10  4],26,106,118,80,89
1,<environment.Job instance at 0x7f2832fb6780>,41,15,[3 5],42,100,115,58,92
1,<environment.Job instance at 0x7f2832fb69b0>,42,2,[5 3],43,115,117,72,92
1,<environment.Job instance at 0x7f2832fb6a50>,43,13,[ 4 10],44,117,130,73,101
1,<environment.Job instance at 0x7f2832fb68c0>,40,16,[8 3],41,118,134,77,105
1,<environment.Job instance at 0x7f2832fb6b90>,45,1,[1 9],46,130,131,84,105
1,<environment.Job instance at 0x7f2832fb6c30>,46,2,[1 9],47,131,133,84,105
1,<environment.Job instance at 0x7f2832fb6cd0>,47,13,[5 6],48,133,146,85,117
1,<environment.Job instance at 0x7f5a9c6f8230>,0,18,[ 2 10],1,1,19,0,1
1,<environment.Job instance at 0x7f5a9c6f8320>,2,12,[5 4],3,3,15,0,3
1,<environment.Job instance at 0x7f5a92f805f0>,4,18,[10  4],5,15,33,10,5
1,<environment.Job instance at 0x7f5a92f807d0>,5,13,[5 9],6,19,32,13,7
1,<environment.Job instance at 0x7f5a92f80690>,7,14,[5 1],8,32,46,24,17
1,<environment.Job instance at 0x7f5a92f80a50>,9,17,[ 4 10],10,33,50,23,21
1,<environment.Job instance at 0x7f5a92f80cd0>,13,13,[1 8],14,50,63,36,34
1,<environment.Job instance at 0x7f5a92f80d70>,14,12,[3 7],15,50,62,35,34
1,<environment.Job instance at 0x7f5a92f80a00>,18,16,[8 5],19,62,78,43,49
1,<environment.Job instance at 0x7f5a92f83280>,23,18,[5 2],24,62,80,38,51
1,<environment.Job instance at 0x7f5a92f83780>,29,13,[1 6],30,63,76,33,52
1,<environment.Job instance at 0x7f5a92f838c0>,31,17,[4 9],32,78,95,46,66
1,<environment.Job instance at 0x7f5a92f83960>,32,17,[9 3],33,80,97,47,68
1,<environment.Job instance at 0x7f5a92f83b40>,35,16,[8 1],36,97,113,61,84
1,<environment.Job instance at 0x7f5a92f83b90>,37,14,[5 5],38,95,109,57,84
1,<environment.Job instance at 0x7f5a92f83d20>,38,12,[3 6],39,109,121,70,92
1,<environment.Job instance at 0x7f5a92f83dc0>,39,18,[5 8],40,113,131,73,102
1,<environment.Job instance at 0x7f5a92f83f50>,41,14,[6 1],42,113,127,71,102
1,<environment.Job instance at 0x7f5a92f83fa0>,42,14,[8 4],43,127,141,84,112
1,<environment.Job instance at 0x7f5a92f861e0>,45,16,[6 2],46,131,147,85,118
1,<environment.Job instance at 0x7f5a92f863c0>,48,13,[6 1],49,141,154,92,125
1,<environment.Job instance at 0x7f5a92f869b0>,54,14,[1 7],55,131,145,76,125
1,<environment.Job instance at 0x7f5a93480c30>,1,2,[9 3],2,2,4,0,2
1,<environment.Job instance at 0x7f5a92f86a00>,2,3,[8 5],3,4,7,1,3
1,<environment.Job instance at 0x7f5a93480af0>,3,3,[2 9],4,4,7,0,4
1,<environment.Job instance at 0x7f5a93480320>,4,15,[10  5],5,7,22,2,5
1,<environment.Job instance at 0x7f5a93480be0>,6,18,[1 6],7,7,25,0,7
1,<environment.Job instance at 0x7f5a934804b0>,8,14,[5 1],9,22,36,13,9
1,<environment.Job instance at 0x7f5a934473c0>,9,3,[1 7],10,22,25,12,10
1,<environment.Job instance at 0x7f5a93447960>,11,16,[5 4],12,25,41,13,12
1,<environment.Job instance at 0x7f5a934479b0>,10,17,[3 8],11,25,42,14,13
1,<environment.Job instance at 0x7f5a930e0370>,16,15,[6 2],17,36,51,19,22
1,<environment.Job instance at 0x7f5a930e01e0>,19,3,[5 5],20,41,44,21,22
1,<environment.Job instance at 0x7f5a930e0320>,20,13,[2 6],21,42,55,21,26
1,<environment.Job instance at 0x7f5a930e06e0>,18,12,[3 9],19,51,63,32,35
1,<environment.Job instance at 0x7f5a926474b0>,22,16,[6 2],23,55,71,32,42
1,<environment.Job instance at 0x7f5a930e0eb0>,13,16,[6 4],14,55,71,41,42
1,<environment.Job instance at 0x7f5a930e0280>,21,16,[1 9],22,63,79,41,50
1,<environment.Job instance at 0x7f5a929935a0>,26,2,[8 2],27,71,73,44,50
1,<environment.Job instance at 0x7f5a926c96e0>,25,14,[3 8],26,79,93,53,64
1,<environment.Job instance at 0x7f5a927d6820>,30,12,[6 3],31,71,83,40,64
1,<environment.Job instance at 0x7f5a934803c0>,15,15,[6 2],16,73,88,57,72
1,<environment.Job instance at 0x7f5a92a5cd20>,33,15,[4 8],34,93,108,59,79
1,<environment.Job instance at 0x7f5a92a09820>,35,3,[5 5],36,83,86,47,79
1,<environment.Job instance at 0x7f5a926cd640>,37,18,[5 2],38,86,104,48,79
1,<environment.Job instance at 0x7f5a926cd500>,38,18,[4 6],39,104,122,65,93
1,<environment.Job instance at 0x7f5a926a46e0>,39,16,[3 5],40,108,124,68,95
1,<environment.Job instance at 0x7f5a9298e910>,41,14,[5 3],42,108,122,66,95
1,<environment.Job instance at 0x7f5a92a91b90>,43,12,[1 7],44,122,134,78,105
1,<environment.Job instance at 0x7f5a92a88050>,47,13,[ 4 10],48,134,147,86,118
1,<environment.Job instance at 0x7f5a926714b0>,0,2,[8 3],1,1,3,0,1
1,<environment.Job instance at 0x7f5a927fa6e0>,2,2,[14  5],3,3,5,0,3
1,<environment.Job instance at 0x7f5a92671aa0>,4,18,[10  2],5,5,23,0,5
1,<environment.Job instance at 0x7f5a92671140>,6,22,[6 1],7,23,45,16,16
1,<environment.Job instance at 0x7f5a92671370>,12,17,[8 2],13,23,40,10,16
1,<environment.Job instance at 0x7f5a92766a00>,13,18,[7 5],14,40,58,26,29
1,<environment.Job instance at 0x7f5a92766410>,16,14,[5 4],17,45,59,28,30
1,<environment.Job instance at 0x7f5a92671460>,7,14,[3 5],8,45,59,37,35
1,<environment.Job instance at 0x7f5a92766be0>,18,1,[ 5 14],19,59,60,40,38
1,<environment.Job instance at 0x7f5a92766960>,17,14,[4 7],18,60,74,42,45
1,<environment.Job instance at 0x7f5a92766730>,21,16,[6 2],22,60,76,38,47
1,<environment.Job instance at 0x7f5a92766f50>,26,13,[3 6],27,60,73,33,47
1,<environment.Job instance at 0x7f5a92824550>,29,14,[5 7],30,74,88,44,59
1,<environment.Job instance at 0x7f5a92824780>,30,13,[7 4],31,76,89,45,60
1,<environment.Job instance at 0x7f5a92824410>,33,18,[9 2],34,89,107,55,78
1,<environment.Job instance at 0x7f5a92766780>,19,13,[5 7],20,88,101,68,78
1,<environment.Job instance at 0x7f5a92824f00>,35,1,[8 2],36,107,108,71,79
1,<environment.Job instance at 0x7f5a92824eb0>,34,18,[ 5 10],35,101,119,66,90
1,<environment.Job instance at 0x7f5a92824be0>,38,15,[2 5],39,108,123,69,94
1,<environment.Job instance at 0x7f5a92824460>,39,15,[7 4],40,119,134,79,105
1,<environment.Job instance at 0x7f5a92824690>,40,17,[4 5],41,119,136,78,107
1,<environment.Job instance at 0x7f5a92824280>,43,13,[8 3],44,134,147,90,118
1,<environment.Job instance at 0x7f5a92a2af00>,0,12,[1 5],1,1,13,0,1
1,<environment.Job instance at 0x7f5a926e9190>,1,2,[7 4],2,2,4,0,2
1,<environment.Job instance at 0x7f5a926e9d70>,3,18,[8 1],4,4,22,0,4
1,<environment.Job instance at 0x7f5a9293efa0>,6,22,[2 8],7,7,29,0,7
1,<environment.Job instance at 0x7f5a9297d550>,7,20,[5 2],8,13,33,5,8
1,<environment.Job instance at 0x7f5a92a736e0>,11,3,[3 7],12,29,32,17,13
1,<environment.Job instance at 0x7f5a92f86fa0>,10,16,[1 9],11,32,48,21,19
1,<environment.Job instance at 0x7f5a92a73190>,12,17,[4 6],13,33,50,20,21
1,<environment.Job instance at 0x7f5a929b8f00>,15,12,[4 7],16,48,60,32,31
1,<environment.Job instance at 0x7f5a926f5780>,16,13,[8 3],17,50,63,33,34
1,<environment.Job instance at 0x7f5a926f58c0>,17,13,[4 6],18,60,73,42,44
1,<environment.Job instance at 0x7f5a929e62d0>,18,14,[2 7],19,63,77,44,48
1,<environment.Job instance at 0x7f5a926f5af0>,20,2,[9 4],21,73,75,52,48
1,<environment.Job instance at 0x7f5a92ada5f0>,19,17,[5 1],20,75,92,55,63
1,<environment.Job instance at 0x7f5a92b15c80>,21,18,[5 7],22,75,93,53,64
1,<environment.Job instance at 0x7f5a92741b90>,23,16,[3 5],24,77,93,53,64
1,<environment.Job instance at 0x7f5a927418c0>,24,3,[2 5],25,93,96,68,67
1,<environment.Job instance at 0x7f5a92be2e10>,25,25,[3 7],26,93,118,67,89
1,<environment.Job instance at 0x7f5a92bf6af0>,26,13,[1 6],27,96,109,69,89
1,<environment.Job instance at 0x7f5a92ac0730>,22,13,[8 1],23,93,106,70,89
1,<environment.Job instance at 0x7f5a92ad36e0>,28,13,[8 2],29,106,119,77,90
1,<environment.Job instance at 0x7f5a92bffcd0>,32,13,[3 9],33,118,131,85,102
1,<environment.Job instance at 0x7f5a926a0690>,27,14,[10  3],28,119,133,91,105
1,<environment.Job instance at 0x7f5a92aa86e0>,36,13,[8 4],37,133,146,96,117
1,<environment.Job instance at 0x7f5a92a73050>,9,17,[2 6],10,131,148,121,127
1,<environment.Job instance at 0x7f5a9338d2d0>,0,18,[4 6],1,1,19,0,1
1,<environment.Job instance at 0x7f5a9338d1e0>,1,15,[3 5],2,2,17,0,2
1,<environment.Job instance at 0x7f5a9338d3c0>,3,1,[8 5],4,17,18,13,4
1,<environment.Job instance at 0x7f5a93393870>,4,15,[5 7],5,18,33,13,5
1,<environment.Job instance at 0x7f5a93393780>,6,14,[ 5 10],7,33,47,26,18
1,<environment.Job instance at 0x7f5a93393eb0>,11,14,[5 4],12,19,33,7,18
1,<environment.Job instance at 0x7f5a933939b0>,13,20,[5 7],14,47,67,33,38
1,<environment.Job instance at 0x7f5a93388be0>,17,12,[5 5],18,38,50,20,38
1,<environment.Job instance at 0x7f5a933aac80>,18,15,[5 9],19,67,82,48,53
1,<environment.Job instance at 0x7f5a933aad20>,19,12,[9 1],20,53,65,33,53
1,<environment.Job instance at 0x7f5a933aaaa0>,20,14,[8 4],21,65,79,44,53
1,<environment.Job instance at 0x7f5a933aa140>,21,12,[5 9],22,82,94,60,65
1,<environment.Job instance at 0x7f5a933aa780>,23,18,[6 1],24,79,97,55,68
1,<environment.Job instance at 0x7f5a933aa5a0>,24,12,[4 7],25,94,106,69,77
1,<environment.Job instance at 0x7f5a929bd820>,26,14,[10  4],27,97,111,70,82
1,<environment.Job instance at 0x7f5a9339c190>,30,3,[1 6],31,94,97,63,82
1,<environment.Job instance at 0x7f5a9339c550>,32,3,[4 9],33,106,109,73,82
1,<environment.Job instance at 0x7f5a9339c5f0>,33,12,[ 2 10],34,109,121,75,92
1,<environment.Job instance at 0x7f5a933b0500>,36,16,[2 6],37,121,137,84,108
1,<environment.Job instance at 0x7f5a933b0910>,37,18,[3 6],38,121,139,83,110
1,<environment.Job instance at 0x7f5a9253c8c0>,38,14,[6 4],39,137,151,98,122
1,<environment.Job instance at 0x7f5a9253c0a0>,40,18,[5 9],41,139,157,98,128
1,<environment.Job instance at 0x7f5a93bc5500>,0,17,[2 6],1,1,18,0,1
1,<environment.Job instance at 0x7f5a9253aaf0>,1,2,[5 7],2,2,4,0,2
1,<environment.Job instance at 0x7f5a93bc5c30>,2,1,[4 6],3,4,5,1,4
1,<environment.Job instance at 0x7f5a9253ac30>,3,1,[4 9],4,5,6,1,4
1,<environment.Job instance at 0x7f5a93bc5410>,4,12,[3 5],5,6,18,1,5
1,<environment.Job instance at 0x7f5a93bc5a00>,5,3,[9 2],6,6,9,0,6
1,<environment.Job instance at 0x7f5a93bc52d0>,6,2,[8 4],7,9,11,2,7
1,<environment.Job instance at 0x7f5a93bc5d70>,7,3,[10  4],8,11,14,3,8
1,<environment.Job instance at 0x7f5a93bc56e0>,9,21,[1 9],10,18,39,8,10
1,<environment.Job instance at 0x7f5a93bc5f50>,11,1,[11  4],12,18,19,6,13
1,<environment.Job instance at 0x7f5a93bc5280>,12,15,[10  1],13,19,34,6,13
1,<environment.Job instance at 0x7f5a93bc51e0>,8,3,[3 9],9,39,42,30,13
1,<environment.Job instance at 0x7f5a933e7aa0>,13,13,[7 5],14,34,47,20,21
1,<environment.Job instance at 0x7f5a933e7a00>,14,13,[1 8],15,42,55,27,26
1,<environment.Job instance at 0x7f5a933e74b0>,21,2,[2 6],22,47,49,25,26
1,<environment.Job instance at 0x7f5a933e7320>,19,16,[5 3],20,49,65,29,40
1,<environment.Job instance at 0x7f5a933e73c0>,20,18,[ 5 10],21,55,73,34,44
1,<environment.Job instance at 0x7f5a92ca1640>,24,16,[9 4],25,65,81,40,52
1,<environment.Job instance at 0x7f5a92ca1320>,25,3,[1 9],26,73,76,47,52
1,<environment.Job instance at 0x7f5a92ca1230>,26,15,[10  4],27,81,96,54,68
1,<environment.Job instance at 0x7f5a92ca1b40>,27,13,[ 4 10],28,76,89,48,68
1,<environment.Job instance at 0x7f5a92ca1280>,28,17,[3 9],29,89,106,60,77
1,<environment.Job instance at 0x7f5a92ca14b0>,29,2,[9 1],30,96,98,66,77
1,<environment.Job instance at 0x7f5a92ca1690>,30,14,[1 8],31,106,120,75,91
1,<environment.Job instance at 0x7f5a92ca18c0>,31,12,[5 6],32,98,110,66,91
1,<environment.Job instance at 0x7f5a92ca1d20>,32,3,[1 9],33,120,123,87,94
1,<environment.Job instance at 0x7f5a92ca1af0>,33,13,[5 1],34,106,119,72,95
1,<environment.Job instance at 0x7f5a92ca1e10>,34,3,[ 2 12],35,123,126,88,97
1,<environment.Job instance at 0x7f5a92ca17d0>,35,2,[3 5],36,110,112,74,97
1,<environment.Job instance at 0x7f5a92ca1a50>,36,12,[1 5],37,126,138,89,109
1,<environment.Job instance at 0x7f5a92ca1e60>,37,2,[8 4],38,112,114,74,109
1,<environment.Job instance at 0x7f5a92ca1190>,38,14,[9 1],39,114,128,75,109
1,<environment.Job instance at 0x7f5a92ca13c0>,39,17,[1 9],40,126,143,86,114
1,<environment.Job instance at 0x7f5a92ca1d70>,40,1,[9 4],41,138,139,97,114
1,<environment.Job instance at 0x7f5a92ca1870>,41,2,[ 3 14],42,143,145,101,116
1,<environment.Job instance at 0x7f5a92fc1550>,0,2,[3 9],1,2,4,1,2
1,<environment.Job instance at 0x7f5a9c347370>,1,2,[7 1],2,2,4,0,2
1,<environment.Job instance at 0x7f5a933b0690>,2,1,[12  5],3,4,5,1,4
1,<environment.Job instance at 0x7f5a925947d0>,3,3,[10  3],4,5,8,1,4
1,<environment.Job instance at 0x7f5a925941e0>,4,13,[5 3],5,5,18,0,5
1,<environment.Job instance at 0x7f5a925943c0>,5,12,[8 5],6,8,20,2,6
1,<environment.Job instance at 0x7f5a92594910>,6,14,[6 4],7,18,32,11,7
1,<environment.Job instance at 0x7f5a92594d70>,7,3,[7 5],8,20,23,12,8
1,<environment.Job instance at 0x7f5a92594460>,9,1,[8 2],10,23,24,13,11
1,<environment.Job instance at 0x7f5a92584c80>,10,13,[5 3],11,24,37,13,11
1,<environment.Job instance at 0x7f5a92584690>,11,17,[2 7],12,24,41,12,12
1,<environment.Job instance at 0x7f5a92584e60>,13,12,[7 4],14,32,44,18,15
1,<environment.Job instance at 0x7f5a92584cd0>,15,1,[7 3],16,41,42,25,16
1,<environment.Job instance at 0x7f5a925845f0>,16,3,[5 4],17,37,40,20,17
1,<environment.Job instance at 0x7f5a925842d0>,14,3,[ 3 10],15,42,45,27,17
1,<environment.Job instance at 0x7f5a925847d0>,21,3,[3 9],22,45,48,23,22
1,<environment.Job instance at 0x7f5a92584460>,23,18,[5 5],24,44,62,20,33
1,<environment.Job instance at 0x7f5a92584d70>,24,16,[5 5],25,48,64,23,35
1,<environment.Job instance at 0x7f5a92584f50>,18,12,[ 4 10],19,62,74,43,45
1,<environment.Job instance at 0x7f5a9c100fa0>,28,18,[1 5],29,64,82,35,53
1,<environment.Job instance at 0x7f5a9c100050>,29,18,[9 5],30,74,92,44,63
1,<environment.Job instance at 0x7f5a9c100780>,30,19,[4 5],31,74,93,43,64
1,<environment.Job instance at 0x7f5a9c100f00>,32,13,[9 4],33,92,105,59,76
1,<environment.Job instance at 0x7f5a9c100be0>,33,12,[2 6],34,92,104,58,76
1,<environment.Job instance at 0x7f5a9c1006e0>,34,16,[2 7],35,104,120,69,91
1,<environment.Job instance at 0x7f5a9c100b90>,36,13,[5 5],37,105,118,68,91
1,<environment.Job instance at 0x7f5a9c100a00>,38,16,[8 3],39,105,121,66,92
1,<environment.Job instance at 0x7f5a92584910>,22,16,[ 3 10],23,120,136,97,112
1,<environment.Job instance at 0x7f5a925840f0>,12,17,[6 4],13,121,138,108,113
1,<environment.Job instance at 0x7f5a93393190>,43,1,[10  1],44,138,139,94,113
1,<environment.Job instance at 0x7f5a9c100870>,26,13,[3 9],27,136,149,109,124
1,<environment.Job instance at 0x7f5a9297d6e0>,0,2,[ 2 12],1,1,3,0,1
1,<environment.Job instance at 0x7f5a9297db40>,1,21,[4 9],2,3,24,1,3
1,<environment.Job instance at 0x7f5a9c100870>,2,3,[5 9],3,24,27,21,3
1,<environment.Job instance at 0x7f5a92cff550>,4,3,[2 7],5,27,30,22,5
1,<environment.Job instance at 0x7f5a92cffb40>,5,23,[8 4],6,6,29,0,6
1,<environment.Job instance at 0x7f5a92cff9b0>,6,12,[3 9],7,30,42,23,18
1,<environment.Job instance at 0x7f5a926b5960>,9,18,[6 1],10,29,47,19,18
1,<environment.Job instance at 0x7f5a92d01f50>,11,3,[2 6],12,42,45,30,18
1,<environment.Job instance at 0x7f5a92d01fa0>,12,12,[6 1],13,29,41,16,18
1,<environment.Job instance at 0x7f5a92d013c0>,13,3,[8 3],14,45,48,31,19
1,<environment.Job instance at 0x7f5a92d01280>,14,15,[11  1],15,48,63,33,34
1,<environment.Job instance at 0x7f5a92cff7d0>,7,20,[5 7],8,63,83,55,54
1,<environment.Job instance at 0x7f5a92d015a0>,17,16,[1 7],18,54,70,36,54
1,<environment.Job instance at 0x7f5a92d01910>,18,3,[2 7],19,54,57,35,54
1,<environment.Job instance at 0x7f5a92d0db40>,19,18,[2 7],20,70,88,50,59
1,<environment.Job instance at 0x7f5a92d01e10>,20,15,[4 7],21,83,98,62,69
1,<environment.Job instance at 0x7f5a93673280>,23,16,[9 4],24,88,104,64,75
1,<environment.Job instance at 0x7f5a92f2e2d0>,24,13,[8 2],25,104,117,79,88
1,<environment.Job instance at 0x7f5a939a0820>,26,3,[6 1],27,98,101,71,88
1,<environment.Job instance at 0x7f5a939a04b0>,28,13,[2 5],29,101,114,72,88
1,<environment.Job instance at 0x7f5a9366d370>,31,12,[3 7],32,104,116,72,88
1,<environment.Job instance at 0x7f5a93652910>,32,15,[ 2 10],33,116,131,83,102
1,<environment.Job instance at 0x7f5a936453c0>,34,17,[8 1],35,117,134,82,105
1,<environment.Job instance at 0x7f5a92ce7190>,36,19,[2 9],37,131,150,94,121
1,<environment.Job instance at 0x7f5a92bbd0f0>,0,3,[2 8],1,1,4,0,1
1,<environment.Job instance at 0x7f5a92bbde10>,1,13,[7 4],2,2,15,0,2
1,<environment.Job instance at 0x7f5a92bbde60>,2,18,[ 2 12],3,15,33,12,4
1,<environment.Job instance at 0x7f5a93416370>,5,3,[7 5],6,7,10,1,7
1,<environment.Job instance at 0x7f5a93416410>,9,12,[4 6],10,33,45,23,16
1,<environment.Job instance at 0x7f5a93416280>,10,13,[2 6],11,33,46,22,17
1,<environment.Job instance at 0x7f5a93416820>,8,18,[5 3],9,19,37,10,19
1,<environment.Job instance at 0x7f5a93416780>,7,12,[2 8],8,45,57,37,32
1,<environment.Job instance at 0x7f5a934167d0>,6,17,[2 6],7,46,63,39,34
1,<environment.Job instance at 0x7f5a93416cd0>,14,15,[5 6],15,57,72,42,43
1,<environment.Job instance at 0x7f5a93416d70>,16,17,[2 5],17,63,80,46,51
1,<environment.Job instance at 0x7f5a93416f50>,18,12,[9 3],19,72,84,53,55
1,<environment.Job instance at 0x7f5a93434d70>,19,13,[6 4],20,80,93,60,64
1,<environment.Job instance at 0x7f5a934345f0>,24,12,[9 1],25,84,96,59,67
1,<environment.Job instance at 0x7f5a93434c30>,25,15,[3 9],26,93,108,67,79
1,<environment.Job instance at 0x7f5a93416960>,13,24,[5 3],14,96,120,82,96
1,<environment.Job instance at 0x7f5a93434b40>,27,17,[1 9],28,108,125,80,96
1,<environment.Job instance at 0x7f5a93434690>,29,18,[7 5],30,120,138,90,109
1,<environment.Job instance at 0x7f5a934347d0>,30,17,[10  1],31,138,155,107,126
1,<environment.Job instance at 0x7f5a93434cd0>,31,14,[5 8],32,126,140,94,126
1,<environment.Job instance at 0x7f5a92f42320>,0,2,[8 4],1,1,3,0,1
1,<environment.Job instance at 0x7f5a92f20cd0>,1,2,[3 9],2,2,4,0,2
1,<environment.Job instance at 0x7f5a92d0d230>,2,14,[ 2 10],3,4,18,1,3
1,<environment.Job instance at 0x7f5a929612d0>,3,16,[3 8],4,18,34,14,5
1,<environment.Job instance at 0x7f5a93434cd0>,4,13,[10  5],5,5,18,0,5
1,<environment.Job instance at 0x7f5a92961a50>,6,13,[5 7],7,18,31,11,7
1,<environment.Job instance at 0x7f5a92961050>,7,1,[10  2],8,31,32,23,9
1,<environment.Job instance at 0x7f5a93ada5a0>,9,1,[9 4],10,32,33,22,10
1,<environment.Job instance at 0x7f5a92961870>,8,16,[3 8],9,34,50,25,21
1,<environment.Job instance at 0x7f5a92961b40>,11,12,[4 7],12,33,45,21,25
1,<environment.Job instance at 0x7f5a92985c80>,15,14,[4 8],16,50,64,34,35
1,<environment.Job instance at 0x7f5a92985a00>,17,12,[1 6],18,45,57,27,35
1,<environment.Job instance at 0x7f5a929857d0>,19,16,[10  5],20,57,73,37,44
1,<environment.Job instance at 0x7f5a92985190>,20,12,[4 8],21,64,76,43,47
1,<environment.Job instance at 0x7f5a9295dbe0>,28,18,[5 9],29,76,94,47,65
1,<environment.Job instance at 0x7f5a9c148730>,30,18,[6 4],31,73,91,42,65
1,<environment.Job instance at 0x7f5a92b61b90>,33,13,[8 4],34,91,104,57,75
1,<environment.Job instance at 0x7f5a92f2adc0>,35,16,[7 3],36,94,110,58,81
1,<environment.Job instance at 0x7f5a9296ba00>,37,13,[10  4],38,110,123,72,94
1,<environment.Job instance at 0x7f5a92961be0>,5,19,[1 5],6,104,123,98,97
1,<environment.Job instance at 0x7f5a9c1540f0>,38,13,[8 5],39,123,136,84,107
1,<environment.Job instance at 0x7f5a9275d960>,42,16,[5 4],43,123,139,80,110
1,<environment.Job instance at 0x7f5a92ea4e60>,47,18,[1 6],48,110,128,62,110
1,<environment.Job instance at 0x7f5a92eb1820>,50,17,[9 2],51,136,153,85,125
1,<environment.Job instance at 0x7f5a92edfd20>,1,16,[5 5],2,2,18,0,2
1,<environment.Job instance at 0x7f5a92ed8e10>,2,18,[2 5],3,3,21,0,3
1,<environment.Job instance at 0x7f5a92edf820>,3,3,[5 3],4,4,7,0,4
1,<environment.Job instance at 0x7f5a92edf730>,4,14,[ 3 10],5,18,32,13,5
1,<environment.Job instance at 0x7f5a92edf8c0>,5,1,[6 1],6,7,8,1,6
1,<environment.Job instance at 0x7f5a92edf500>,6,1,[ 5 10],7,32,33,25,7
1,<environment.Job instance at 0x7f5a92edf6e0>,8,1,[1 9],9,33,34,24,9
1,<environment.Job instance at 0x7f5a92edfcd0>,9,2,[13  4],10,33,35,23,10
1,<environment.Job instance at 0x7f5a92edfeb0>,10,2,[5 2],11,11,13,0,11
1,<environment.Job instance at 0x7f5a93492640>,16,1,[5 9],17,35,36,18,17
1,<environment.Job instance at 0x7f5a934924b0>,17,2,[10  2],18,21,23,3,18
1,<environment.Job instance at 0x7f5a93492f00>,18,2,[8 5],19,23,25,4,19
1,<environment.Job instance at 0x7f5a93492870>,11,15,[5 2],12,35,50,23,21
1,<environment.Job instance at 0x7f5a93492b90>,20,13,[10  1],21,36,49,15,22
1,<environment.Job instance at 0x7f5a934928c0>,21,2,[ 5 11],22,49,51,27,22
1,<environment.Job instance at 0x7f5a93492320>,22,2,[5 3],23,25,27,2,23
1,<environment.Job instance at 0x7f5a93492b40>,15,16,[10  3],16,50,66,34,37
1,<environment.Job instance at 0x7f5a93492a50>,25,15,[1 5],26,51,66,25,37
1,<environment.Job instance at 0x7f5a934923c0>,26,16,[5 6],27,66,82,39,53
1,<environment.Job instance at 0x7f5a936520a0>,28,13,[8 2],29,66,79,37,53
1,<environment.Job instance at 0x7f5a93652e10>,31,16,[4 6],32,79,95,47,66
1,<environment.Job instance at 0x7f5a93652460>,32,15,[5 1],33,79,94,46,66
1,<environment.Job instance at 0x7f5a93652f00>,33,3,[2 7],34,66,69,32,66
1,<environment.Job instance at 0x7f5a93652370>,37,15,[10  4],38,94,109,56,80
1,<environment.Job instance at 0x7f5a93652be0>,38,16,[ 5 10],39,95,111,56,82
1,<environment.Job instance at 0x7f5a93652dc0>,40,13,[1 5],41,82,95,41,82
1,<environment.Job instance at 0x7f5a925a00f0>,42,14,[3 7],43,111,125,68,96
1,<environment.Job instance at 0x7f5a925a0be0>,44,1,[4 8],45,111,112,66,96
1,<environment.Job instance at 0x7f5a925a0f50>,45,13,[5 4],46,112,125,66,96
1,<environment.Job instance at 0x7f5a925a0e60>,47,15,[2 6],48,125,140,77,111
1,<environment.Job instance at 0x7f5a934925f0>,23,18,[4 5],24,125,143,101,120
1,<environment.Job instance at 0x7f5a925a0d70>,48,18,[ 5 10],49,140,158,91,129
1,<environment.Job instance at 0x7f5a92430640>,0,3,[ 3 12],1,1,4,0,1
1,<environment.Job instance at 0x7f5a92430050>,1,17,[5 8],2,4,21,2,2
1,<environment.Job instance at 0x7f5a93ac14b0>,3,14,[3 6],4,4,18,0,4
1,<environment.Job instance at 0x7f5a92430c30>,4,16,[8 2],5,18,34,13,5
1,<environment.Job instance at 0x7f5a92430cd0>,5,1,[4 9],6,21,22,15,7
1,<environment.Job instance at 0x7f5a92430c80>,7,2,[9 4],8,34,36,26,8
1,<environment.Job instance at 0x7f5a924309b0>,9,13,[10  4],10,36,49,26,20
1,<environment.Job instance at 0x7f5a923b4dc0>,11,1,[ 3 10],12,22,23,10,20
1,<environment.Job instance at 0x7f5a924301e0>,6,14,[4 7],7,23,37,16,20
1,<environment.Job instance at 0x7f5a923b40f0>,12,16,[6 1],13,49,65,36,36
1,<environment.Job instance at 0x7f5a923b40a0>,14,2,[1 9],15,37,39,22,36
1,<environment.Job instance at 0x7f5a923b48c0>,21,12,[3 5],22,39,51,17,36
1,<environment.Job instance at 0x7f5a923b46e0>,15,14,[5 4],16,49,63,33,36
1,<environment.Job instance at 0x7f5a923b4460>,10,20,[ 4 10],11,51,71,40,42
1,<environment.Job instance at 0x7f5a923b4af0>,28,14,[5 4],29,63,77,34,48
1,<environment.Job instance at 0x7f5a923b4280>,29,15,[6 4],30,71,86,41,57
1,<environment.Job instance at 0x7f5a923b4f50>,30,2,[7 5],31,77,79,46,57
1,<environment.Job instance at 0x7f5a923b43c0>,31,2,[ 2 10],32,79,81,47,57
1,<environment.Job instance at 0x7f5a923b4a50>,32,23,[6 2],33,81,104,48,75
1,<environment.Job instance at 0x7f5a92bb4eb0>,33,1,[9 4],34,86,87,52,75
1,<environment.Job instance at 0x7f5a92bb40f0>,34,3,[ 1 12],35,87,90,52,75
1,<environment.Job instance at 0x7f5a92bb4190>,35,14,[12  1],36,104,118,68,89
1,<environment.Job instance at 0x7f5a92bb4e60>,36,17,[1 6],37,90,107,53,90
1,<environment.Job instance at 0x7f5a92bb44b0>,37,13,[9 4],38,118,131,80,102
1,<environment.Job instance at 0x7f5a92bb4be0>,38,13,[4 8],39,118,131,79,102
1,<environment.Job instance at 0x7f5a92bb4820>,39,3,[4 5],40,131,134,91,105
1,<environment.Job instance at 0x7f5a92bb4370>,40,2,[1 5],41,105,107,64,105
1,<environment.Job instance at 0x7f5a92bb42d0>,41,1,[3 6],42,107,108,65,105
1,<environment.Job instance at 0x7f5a92430f50>,8,12,[10  3],9,131,143,122,120
1,<environment.Job instance at 0x7f5a92bdbbe0>,43,1,[11  3],44,143,144,99,120
1,<environment.Job instance at 0x7f5a93bce640>,0,18,[3 5],1,1,19,0,1
1,<environment.Job instance at 0x7f5a93bce1e0>,1,15,[3 7],2,2,17,0,2
1,<environment.Job instance at 0x7f5a93492fa0>,3,14,[6 2],4,4,18,0,4
1,<environment.Job instance at 0x7f5a92daea50>,2,3,[5 8],3,17,20,14,5
1,<environment.Job instance at 0x7f5a92dae140>,4,2,[3 9],5,20,22,15,7
1,<environment.Job instance at 0x7f5a937d6a50>,11,13,[3 5],12,19,32,7,12
1,<environment.Job instance at 0x7f5a92dae0f0>,7,1,[4 7],8,22,23,14,13
1,<environment.Job instance at 0x7f5a937d61e0>,14,1,[12  5],15,23,24,8,15
1,<environment.Job instance at 0x7f5a937d60f0>,15,3,[3 9],16,24,27,8,16
1,<environment.Job instance at 0x7f5a937d6280>,16,13,[6 4],17,27,40,10,17
1,<environment.Job instance at 0x7f5a92daec80>,8,12,[6 4],9,27,39,18,18
1,<environment.Job instance at 0x7f5a937d6460>,18,12,[10  4],19,40,52,21,23
1,<environment.Job instance at 0x7f5a937d67d0>,19,12,[5 8],20,39,51,19,23
1,<environment.Job instance at 0x7f5a937d69b0>,20,2,[5 4],21,51,53,30,26
1,<environment.Job instance at 0x7f5a937d6f50>,21,3,[12  2],22,53,56,31,27
1,<environment.Job instance at 0x7f5a937d6640>,22,1,[2 6],23,32,33,9,27
1,<environment.Job instance at 0x7f5a93aab2d0>,23,3,[6 1],24,56,59,32,33
1,<environment.Job instance at 0x7f5a93aab230>,24,1,[7 3],25,52,53,27,34
1,<environment.Job instance at 0x7f5a93aabbe0>,25,3,[8 1],26,56,59,30,35
1,<environment.Job instance at 0x7f5a93aab410>,26,2,[5 9],27,59,61,32,35
1,<environment.Job instance at 0x7f5a93aab9b0>,27,2,[5 8],28,61,63,33,35
1,<environment.Job instance at 0x7f5a93aab640>,28,3,[6 2],29,59,62,30,35
1,<environment.Job instance at 0x7f5a93aaba50>,29,2,[10  1],30,62,64,32,36
1,<environment.Job instance at 0x7f5a93aab4b0>,30,12,[2 5],31,63,75,32,46
1,<environment.Job instance at 0x7f5a92daee60>,5,1,[1 7],6,52,53,46,49
1,<environment.Job instance at 0x7f5a93aab870>,32,1,[7 4],33,64,65,31,52
1,<environment.Job instance at 0x7f5a93aabe10>,31,17,[7 4],32,65,82,33,53
1,<environment.Job instance at 0x7f5a93aab0a0>,34,3,[14  3],35,82,85,47,56
1,<environment.Job instance at 0x7f5a93aabc80>,35,13,[7 4],36,85,98,49,69
1,<environment.Job instance at 0x7f5a936aaaa0>,36,16,[3 8],37,85,101,48,72
1,<environment.Job instance at 0x7f5a936aa730>,37,3,[6 5],38,72,75,34,72
1,<environment.Job instance at 0x7f5a936aa2d0>,38,1,[2 8],39,75,76,36,72
1,<environment.Job instance at 0x7f5a936aa640>,39,2,[6 3],40,75,77,35,72
1,<environment.Job instance at 0x7f5a936aa6e0>,40,15,[5 5],41,98,113,57,84
1,<environment.Job instance at 0x7f5a936aa8c0>,41,1,[5 3],42,85,86,43,84
1,<environment.Job instance at 0x7f5a936aaf50>,42,17,[5 7],43,101,118,58,89
1,<environment.Job instance at 0x7f5a936aa230>,43,3,[7 1],44,98,101,54,89
1,<environment.Job instance at 0x7f5a936aa370>,44,12,[7 1],45,113,125,68,96
1,<environment.Job instance at 0x7f5a936aa190>,45,3,[ 1 10],46,118,121,72,96
1,<environment.Job instance at 0x7f5a936aa0f0>,46,1,[11  3],47,125,126,78,97
1,<environment.Job instance at 0x7f5a936aa5f0>,47,1,[8 4],48,121,122,73,97
1,<environment.Job instance at 0x7f5a936aab40>,48,12,[7 5],49,126,138,77,109
1,<environment.Job instance at 0x7f5a936aa780>,49,2,[3 9],50,122,124,72,109
1,<environment.Job instance at 0x7f5a937d6d20>,17,26,[ 3 10],18,124,150,106,122
1,<environment.Job instance at 0x7f5a936aac80>,50,18,[9 3],51,138,156,87,127
1,<environment.Job instance at 0x7f5a934d1b90>,1,2,[6 3],2,2,4,0,2
1,<environment.Job instance at 0x7f5a936aa320>,2,2,[2 8],3,3,5,0,3
1,<environment.Job instance at 0x7f5a92f6acd0>,3,13,[10  3],4,4,17,0,4
1,<environment.Job instance at 0x7f5a92f6ab40>,4,14,[5 3],5,5,19,0,5
1,<environment.Job instance at 0x7f5a935a8d70>,0,15,[1 8],1,17,32,16,6
1,<environment.Job instance at 0x7f5a92f6a8c0>,5,2,[8 1],6,17,19,11,6
1,<environment.Job instance at 0x7f5a92f6a280>,7,14,[4 7],8,19,33,11,8
1,<environment.Job instance at 0x7f5a936aac80>,6,1,[ 3 11],7,33,34,26,12
1,<environment.Job instance at 0x7f5a9259efa0>,14,17,[3 5],15,34,51,19,22
1,<environment.Job instance at 0x7f5a9259ed70>,21,13,[5 8],22,34,47,12,22
1,<environment.Job instance at 0x7f5a9259eb90>,22,14,[6 2],23,32,46,9,23
1,<environment.Job instance at 0x7f5a9259e8c0>,23,13,[6 5],24,47,60,23,31
1,<environment.Job instance at 0x7f5a92f6a780>,10,12,[9 4],11,51,63,40,36
1,<environment.Job instance at 0x7f5a92f6ae60>,8,1,[3 6],9,60,61,51,39
1,<environment.Job instance at 0x7f5a9259e500>,29,3,[7 4],30,63,66,33,40
1,<environment.Job instance at 0x7f5a926a35f0>,30,2,[3 9],31,61,63,30,40
1,<environment.Job instance at 0x7f5a926a3eb0>,33,16,[9 5],34,66,82,32,53
1,<environment.Job instance at 0x7f5a9259ef00>,12,14,[3 7],13,63,77,50,53
1,<environment.Job instance at 0x7f5a92f6ae10>,13,16,[ 5 10],14,77,93,63,67
1,<environment.Job instance at 0x7f5a926a3f00>,36,14,[10  3],37,82,96,45,67
1,<environment.Job instance at 0x7f5a926a34b0>,38,2,[7 1],39,96,98,57,69
1,<environment.Job instance at 0x7f5a926a3dc0>,39,17,[5 2],40,93,110,53,81
1,<environment.Job instance at 0x7f5a926a3aa0>,40,14,[6 1],41,98,112,57,83
1,<environment.Job instance at 0x7f5a926a30a0>,35,20,[7 2],36,110,130,74,102
1,<environment.Job instance at 0x7f5a926a3b90>,43,15,[2 7],44,106,121,62,106
1,<environment.Job instance at 0x7f5a926a3fa0>,34,28,[7 4],35,121,149,86,120
1,<environment.Job instance at 0x7f5a9c136870>,45,3,[9 3],46,149,152,103,123
1,<environment.Job instance at 0x7f5a9c136780>,44,19,[1 8],45,123,142,78,123
1,<environment.Job instance at 0x7f5a9259e460>,28,12,[6 3],29,130,142,101,123
1,<environment.Job instance at 0x7f5a9c136f00>,47,3,[6 1],48,142,145,94,125
1,<environment.Job instance at 0x7f5a9c136f50>,49,3,[5 3],50,145,148,95,125
1,<environment.Job instance at 0x7f5a9273e0f0>,0,14,[1 7],1,1,15,0,1
1,<environment.Job instance at 0x7f5a9273e190>,4,14,[5 6],5,5,19,0,5
1,<environment.Job instance at 0x7f5a92478870>,7,17,[ 5 10],8,19,36,11,9
1,<environment.Job instance at 0x7f5a9273eaf0>,1,1,[3 9],2,15,16,13,10
1,<environment.Job instance at 0x7f5a924785f0>,12,2,[5 3],13,16,18,3,13
1,<environment.Job instance at 0x7f5a92478910>,11,13,[1 7],12,36,49,24,20
1,<environment.Job instance at 0x7f5a924783c0>,14,14,[5 3],15,20,34,5,20
1,<environment.Job instance at 0x7f5a92478f50>,21,18,[9 3],22,34,52,12,28
1,<environment.Job instance at 0x7f5a92478320>,22,14,[5 5],23,36,50,13,28
1,<environment.Job instance at 0x7f5a924784b0>,24,13,[4 7],25,50,63,25,34
1,<environment.Job instance at 0x7f5a92478690>,26,14,[9 3],27,52,66,25,37
1,<environment.Job instance at 0x7f5a924781e0>,10,15,[3 7],11,63,78,52,49
1,<environment.Job instance at 0x7f5a9386c730>,29,14,[1 8],30,66,80,36,51
1,<environment.Job instance at 0x7f5a9386c500>,28,18,[7 1],29,78,96,49,67
1,<environment.Job instance at 0x7f5a9386c460>,31,12,[4 6],32,78,90,46,67
1,<environment.Job instance at 0x7f5a9386c0a0>,33,13,[10  4],34,96,109,62,80
1,<environment.Job instance at 0x7f5a9386c960>,37,15,[8 5],38,109,124,71,95
1,<environment.Job instance at 0x7f5a9386c910>,39,21,[7 2],40,109,130,69,101
1,<environment.Job instance at 0x7f5a9386c5a0>,40,13,[4 9],41,124,137,83,108
1,<environment.Job instance at 0x7f5a9386c050>,42,16,[8 1],43,130,146,87,117
1,<environment.Job instance at 0x7f5a9363e4b0>,43,14,[6 1],44,137,151,93,122
1,<environment.Job instance at 0x7f5a9386cf00>,30,12,[ 1 13],31,137,149,106,123
1,<environment.Job instance at 0x7f5a9363eaf0>,48,2,[6 1],49,146,148,97,123
1,<environment.Job instance at 0x7f5a9354c230>,0,1,[9 3],1,1,2,0,1
1,<environment.Job instance at 0x7f5a9354cf50>,1,1,[2 5],2,2,3,0,2
1,<environment.Job instance at 0x7f5a9354c8c0>,2,17,[3 5],3,3,20,0,3
1,<environment.Job instance at 0x7f5a9354c050>,3,13,[2 7],4,4,17,0,4
1,<environment.Job instance at 0x7f5a9354ca50>,4,2,[7 3],5,6,8,1,6
1,<environment.Job instance at 0x7f5a92f39a50>,5,18,[4 9],6,17,35,11,6
1,<environment.Job instance at 0x7f5a9354c550>,6,14,[8 5],7,20,34,13,7
1,<environment.Job instance at 0x7f5a9354c870>,7,1,[8 1],8,8,9,0,8
1,<environment.Job instance at 0x7f5a9354c7d0>,9,3,[9 5],10,34,37,24,13
1,<environment.Job instance at 0x7f5a92e406e0>,14,16,[1 6],15,35,51,20,22
1,<environment.Job instance at 0x7f5a92e40b90>,15,16,[10  1],16,37,53,21,26
1,<environment.Job instance at 0x7f5a92e40a50>,17,14,[ 3 12],18,51,65,33,37
1,<environment.Job instance at 0x7f5a9354c910>,13,18,[6 1],14,53,71,39,46
1,<environment.Job instance at 0x7f5a92e40730>,19,2,[9 5],20,65,67,45,46
1,<environment.Job instance at 0x7f5a92e407d0>,20,1,[8 3],21,67,68,46,46
1,<environment.Job instance at 0x7f5a92e40870>,21,2,[10  3],22,71,73,49,46
1,<environment.Job instance at 0x7f5a92e40dc0>,22,3,[ 4 10],23,68,71,45,46
1,<environment.Job instance at 0x7f5a92e40be0>,18,14,[5 5],19,71,85,52,57
1,<environment.Job instance at 0x7f5a92e404b0>,24,2,[7 5],25,73,75,48,57
1,<environment.Job instance at 0x7f5a9354ce60>,12,1,[2 9],13,75,76,62,60
1,<environment.Job instance at 0x7f5a92e40e10>,26,2,[ 2 10],27,76,78,49,61
1,<environment.Job instance at 0x7f5a92e40d20>,23,15,[8 2],24,78,93,54,64
1,<environment.Job instance at 0x7f5a92e40f50>,28,1,[9 5],29,93,94,64,65
1,<environment.Job instance at 0x7f5a9354cbe0>,8,18,[6 5],9,85,103,76,76
1,<environment.Job instance at 0x7f5a92e40190>,30,2,[9 2],31,94,96,63,76
1,<environment.Job instance at 0x7f5a92e40d70>,31,16,[1 7],32,96,112,64,83
1,<environment.Job instance at 0x7f5a92e40a00>,16,21,[10  4],17,103,124,86,95
1,<environment.Job instance at 0x7f5a9340c4b0>,34,12,[ 1 10],35,112,124,77,95
1,<environment.Job instance at 0x7f5a9340cb90>,38,18,[5 9],39,124,142,85,113
1,<environment.Job instance at 0x7f5a9340c690>,39,16,[8 4],40,124,140,84,113
1,<environment.Job instance at 0x7f5a9340cf50>,42,16,[4 7],43,142,158,99,129
1,<environment.Job instance at 0x7f5a928770f0>,0,2,[1 7],1,1,3,0,1
1,<environment.Job instance at 0x7f5a9340c550>,1,15,[6 1],2,2,17,0,2
1,<environment.Job instance at 0x7f5a9340cf50>,3,18,[1 7],4,4,22,0,4
1,<environment.Job instance at 0x7f5a92877550>,6,13,[4 9],7,22,35,15,7
1,<environment.Job instance at 0x7f5a92877e10>,7,2,[7 5],8,8,10,0,8
1,<environment.Job instance at 0x7f5a93400140>,8,3,[13  2],9,17,20,8,9
1,<environment.Job instance at 0x7f5a93400500>,15,16,[6 5],16,20,36,4,17
1,<environment.Job instance at 0x7f5a93400dc0>,16,15,[1 6],17,35,50,18,21
1,<environment.Job instance at 0x7f5a93400af0>,17,18,[3 8],18,36,54,18,25
1,<environment.Job instance at 0x7f5a93400870>,18,3,[7 1],19,35,38,16,25
1,<environment.Job instance at 0x7f5a93400e10>,19,14,[2 7],20,50,64,30,35
1,<environment.Job instance at 0x7f5a934006e0>,9,12,[4 7],10,54,66,44,39
1,<environment.Job instance at 0x7f5a934003c0>,24,1,[8 2],25,64,65,39,42
1,<environment.Job instance at 0x7f5a93400190>,25,3,[14  3],26,66,69,40,42
1,<environment.Job instance at 0x7f5a93400820>,22,16,[3 7],23,69,85,46,56
1,<environment.Job instance at 0x7f5a93400280>,26,14,[7 3],27,69,83,42,58
1,<environment.Job instance at 0x7f5a93400b40>,28,3,[ 2 10],29,85,88,56,59
1,<environment.Job instance at 0x7f5a9c79e140>,29,1,[8 3],30,65,66,35,59
1,<environment.Job instance at 0x7f5a9c79e370>,30,3,[8 1],31,59,62,28,59
1,<environment.Job instance at 0x7f5a934005f0>,27,18,[2 8],28,88,106,60,77
1,<environment.Job instance at 0x7f5a93401fa0>,32,16,[6 4],33,83,99,50,77
1,<environment.Job instance at 0x7f5a93401870>,33,12,[10  2],34,99,111,65,83
1,<environment.Job instance at 0x7f5a9c79e320>,31,14,[1 8],32,106,120,74,91
1,<environment.Job instance at 0x7f5a93401cd0>,37,2,[ 1 10],38,120,122,82,94
1,<environment.Job instance at 0x7f5a93401690>,38,1,[4 7],39,111,112,72,99
1,<environment.Job instance at 0x7f5a93401960>,39,3,[13  3],40,112,115,72,99
1,<environment.Job instance at 0x7f5a93400eb0>,11,18,[5 6],12,122,140,110,111
1,<environment.Job instance at 0x7f5a93401b90>,40,15,[8 4],41,115,130,74,111
1,<environment.Job instance at 0x7f5a934010f0>,43,14,[7 2],44,130,144,86,116
1,<environment.Job instance at 0x7f5a934015f0>,42,17,[1 7],43,130,147,87,122
1,<environment.Job instance at 0x7f5a93401c80>,46,1,[10  1],47,144,145,97,122
1,<environment.Job instance at 0x7f5a9c6f80a0>,49,12,[4 6],50,140,152,90,123
1,<environment.Job instance at 0x7f5a93278370>,1,2,[11  4],2,2,4,0,2
1,<environment.Job instance at 0x7f5a939e4050>,3,2,[7 1],4,4,6,0,4
1,<environment.Job instance at 0x7f5a939e45f0>,4,2,[4 5],5,5,7,0,5
1,<environment.Job instance at 0x7f5a939e4dc0>,5,13,[9 1],6,6,19,0,6
1,<environment.Job instance at 0x7f5a939e4c30>,6,3,[4 7],7,7,10,0,7
1,<environment.Job instance at 0x7f5a93278460>,0,15,[ 1 11],1,10,25,9,7
1,<environment.Job instance at 0x7f5a939e4e60>,8,15,[3 5],9,25,40,16,11
1,<environment.Job instance at 0x7f5a939e4af0>,11,1,[6 4],12,19,20,7,12
1,<environment.Job instance at 0x7f5a939e4230>,12,15,[8 3],13,20,35,7,13
1,<environment.Job instance at 0x7f5a939e4460>,13,3,[7 5],14,35,38,21,14
1,<environment.Job instance at 0x7f5a939e4fa0>,14,12,[2 9],15,38,50,23,21
1,<environment.Job instance at 0x7f5a939e4aa0>,10,2,[3 9],11,50,52,39,24
1,<environment.Job instance at 0x7f5a939fee10>,17,3,[1 5],18,26,29,8,26
1,<environment.Job instance at 0x7f5a939e4b40>,15,14,[6 3],16,40,54,24,36
1,<environment.Job instance at 0x7f5a939e4cd0>,16,13,[2 7],17,52,65,35,37
1,<environment.Job instance at 0x7f5a939e47d0>,9,14,[ 2 10],10,65,79,55,50
1,<environment.Job instance at 0x7f5a938e5d20>,22,14,[5 3],23,50,64,27,50
1,<environment.Job instance at 0x7f5a927445a0>,23,13,[10  5],24,64,77,40,50
1,<environment.Job instance at 0x7f5a938e59b0>,25,15,[10  4],26,77,92,51,63
1,<environment.Job instance at 0x7f5a9273baa0>,31,12,[7 1],32,92,104,60,75
1,<environment.Job instance at 0x7f5a939fed70>,19,12,[7 4],20,92,104,72,76
1,<environment.Job instance at 0x7f5a93286500>,33,3,[8 1],34,104,107,70,78
1,<environment.Job instance at 0x7f5a9273b6e0>,32,13,[6 3],33,104,117,71,88
1,<environment.Job instance at 0x7f5a9274a0f0>,37,14,[6 1],38,107,121,69,92
1,<environment.Job instance at 0x7f5a9274aaa0>,38,12,[5 3],39,117,129,78,100
1,<environment.Job instance at 0x7f5a9274adc0>,39,20,[3 9],40,107,127,67,101
1,<environment.Job instance at 0x7f5a93286960>,34,14,[5 2],35,121,135,86,106
1,<environment.Job instance at 0x7f5a9274ab40>,40,16,[4 9],41,127,143,86,114
1,<environment.Job instance at 0x7f5a9274a190>,42,17,[3 6],43,135,152,92,123
1,<environment.Job instance at 0x7f5a9274a4b0>,43,14,[5 4],44,143,157,99,128
1,<environment.Job instance at 0x7f5a92bd0690>,0,14,[7 5],1,1,15,0,1
1,<environment.Job instance at 0x7f5a92bd0820>,1,14,[8 5],2,2,16,0,2
1,<environment.Job instance at 0x7f5a92bd0230>,3,13,[7 2],4,15,28,11,4
1,<environment.Job instance at 0x7f5a92bd0aa0>,4,3,[9 3],5,28,31,23,5
1,<environment.Job instance at 0x7f5a92bd0960>,2,18,[5 8],3,16,34,13,5
1,<environment.Job instance at 0x7f5a92bd0b40>,6,3,[10  1],7,31,34,24,7
1,<environment.Job instance at 0x7f5a92bd0870>,8,2,[10  3],9,34,36,25,9
1,<environment.Job instance at 0x7f5a92bd0a50>,9,1,[2 6],10,34,35,24,10
1,<environment.Job instance at 0x7f5a930b78c0>,13,13,[1 7],14,35,48,21,19
1,<environment.Job instance at 0x7f5a930b7dc0>,12,2,[1 7],13,36,38,23,23
1,<environment.Job instance at 0x7f5a930b7690>,15,2,[8 4],16,38,40,22,29
1,<environment.Job instance at 0x7f5a930b7550>,16,2,[14  2],17,40,42,23,29
1,<environment.Job instance at 0x7f5a92a91a00>,17,3,[13  2],18,42,45,24,30
1,<environment.Job instance at 0x7f5a92a91f50>,18,1,[5 2],19,38,39,19,33
1,<environment.Job instance at 0x7f5a92bd05f0>,11,19,[3 6],12,45,64,33,35
1,<environment.Job instance at 0x7f5a930b7b40>,14,18,[1 9],15,48,66,33,37
1,<environment.Job instance at 0x7f5a92a91640>,22,16,[5 5],23,64,80,41,51
1,<environment.Job instance at 0x7f5a92a916e0>,23,13,[2 7],24,66,79,42,51
1,<environment.Job instance at 0x7f5a92a91550>,24,2,[9 3],25,79,81,54,52
1,<environment.Job instance at 0x7f5a92a910f0>,19,17,[8 2],20,81,98,61,69
1,<environment.Job instance at 0x7f5a92a91aa0>,21,19,[3 9],22,80,99,58,70
1,<environment.Job instance at 0x7f5a92a912d0>,27,12,[5 6],28,98,110,70,81
1,<environment.Job instance at 0x7f5a92a91370>,28,13,[5 5],29,99,112,70,83
1,<environment.Job instance at 0x7f5a92a91a50>,30,13,[1 6],31,110,123,79,94
1,<environment.Job instance at 0x7f5a92a25870>,35,16,[6 1],36,110,126,74,97
1,<environment.Job instance at 0x7f5a92a25a50>,36,13,[5 7],37,112,125,75,97
1,<environment.Job instance at 0x7f5a92a25410>,38,16,[6 1],39,125,141,86,112
1,<environment.Job instance at 0x7f5a92a25550>,39,13,[5 2],40,126,139,86,112
1,<environment.Job instance at 0x7f5a92a25820>,43,16,[10  1],44,141,157,97,128
1,<environment.Job instance at 0x7f5a92a25eb0>,44,17,[4 8],45,129,146,84,129
1,<environment.Job instance at 0x7f5a92b3b820>,0,19,[3 8],1,2,21,1,2
1,<environment.Job instance at 0x7f5a928a4d70>,1,1,[ 5 10],2,21,22,19,2
1,<environment.Job instance at 0x7f5a93241cd0>,4,16,[4 6],5,5,21,0,5
1,<environment.Job instance at 0x7f5a93241b90>,5,15,[5 5],6,21,36,15,7
1,<environment.Job instance at 0x7f5a93241f00>,8,13,[9 1],9,22,35,13,9
1,<environment.Job instance at 0x7f5a93259050>,9,1,[1 5],10,22,23,12,10
1,<environment.Job instance at 0x7f5a93259230>,10,12,[7 4],11,35,47,24,18
1,<environment.Job instance at 0x7f5a93259280>,13,3,[8 3],14,36,39,22,18
1,<environment.Job instance at 0x7f5a93241fa0>,11,2,[3 9],12,39,41,27,20
1,<environment.Job instance at 0x7f5a93259460>,15,3,[5 9],16,41,44,25,23
1,<environment.Job instance at 0x7f5a93241d70>,6,14,[1 8],7,44,58,37,29
1,<environment.Job instance at 0x7f5a932598c0>,18,18,[2 5],19,47,65,28,39
1,<environment.Job instance at 0x7f5a93259320>,12,16,[7 5],13,58,74,45,45
1,<environment.Job instance at 0x7f5a93259730>,22,2,[8 3],23,65,67,42,45
1,<environment.Job instance at 0x7f5a932597d0>,23,12,[2 9],24,67,79,43,50
1,<environment.Job instance at 0x7f5a93259c80>,24,3,[4 8],25,79,82,54,53
1,<environment.Job instance at 0x7f5a93259d70>,25,25,[2 7],26,79,104,53,75
1,<environment.Job instance at 0x7f5a93259f00>,28,17,[7 4],29,82,99,53,75
1,<environment.Job instance at 0x7f5a9262df50>,50,13,[2 8],51,99,112,48,83
1,<environment.Job instance at 0x7f5a92632230>,52,12,[7 5],53,104,116,51,87
1,<environment.Job instance at 0x7f5a93259fa0>,29,16,[ 1 10],30,112,128,82,99
1,<environment.Job instance at 0x7f5a92632410>,54,1,[5 7],55,128,129,73,100
1,<environment.Job instance at 0x7f5a926324b0>,55,3,[2 5],56,116,119,60,100
1,<environment.Job instance at 0x7f5a92632190>,53,17,[10  5],54,119,136,65,108
1,<environment.Job instance at 0x7f5a92632870>,62,17,[4 9],63,129,146,66,126
1,<environment.Job instance at 0x7fa9f8261230>,0,18,[ 2 10],1,1,19,0,1
1,<environment.Job instance at 0x7fa9f8261320>,2,12,[5 4],3,3,15,0,3
1,<environment.Job instance at 0x7fa9eeae95f0>,4,18,[10  4],5,15,33,10,5
1,<environment.Job instance at 0x7fa9eeae97d0>,5,13,[5 9],6,19,32,13,7
1,<environment.Job instance at 0x7fa9eeae9690>,7,14,[5 1],8,32,46,24,17
1,<environment.Job instance at 0x7fa9eeae9a50>,9,17,[ 4 10],10,33,50,23,21
1,<environment.Job instance at 0x7fa9eeae9cd0>,13,13,[1 8],14,50,63,36,34
1,<environment.Job instance at 0x7fa9eeae9d70>,14,12,[3 7],15,50,62,35,34
1,<environment.Job instance at 0x7fa9eeae9eb0>,16,12,[1 8],17,63,75,46,46
1,<environment.Job instance at 0x7fa9eeae9a00>,18,16,[8 5],19,62,78,43,49
1,<environment.Job instance at 0x7fa9eeaec280>,23,18,[5 2],24,62,80,38,51
1,<environment.Job instance at 0x7fa9eeaec780>,29,13,[1 6],30,75,88,45,59
1,<environment.Job instance at 0x7fa9eeaec8c0>,31,17,[4 9],32,80,97,48,68
1,<environment.Job instance at 0x7fa9eeaec960>,32,17,[9 3],33,88,105,55,76
1,<environment.Job instance at 0x7fa9eeaecb40>,35,16,[8 1],36,105,121,69,92
1,<environment.Job instance at 0x7fa9eeaecb90>,37,14,[5 5],38,97,111,59,92
1,<environment.Job instance at 0x7fa9eeaecd20>,38,12,[3 6],39,111,123,72,94
1,<environment.Job instance at 0x7fa9eeaecdc0>,39,18,[5 8],40,121,139,81,110
1,<environment.Job instance at 0x7fa9eeaecf50>,41,14,[6 1],42,121,135,79,110
1,<environment.Job instance at 0x7fa9eeaecfa0>,42,14,[8 4],43,135,149,92,120
1,<environment.Job instance at 0x7fa9eeaef1e0>,45,16,[6 2],46,139,155,93,126
1,<environment.Job instance at 0x7fa9eeaef460>,48,13,[6 1],49,149,162,100,133
1,<environment.Job instance at 0x7fa9eeaef9b0>,54,14,[1 7],55,139,153,84,133
1,<environment.Job instance at 0x7fa9eeb633c0>,0,17,[3 8],1,1,18,0,1
1,<environment.Job instance at 0x7fa9eeaefa00>,1,16,[5 4],2,2,18,0,2
1,<environment.Job instance at 0x7fa9eeb637d0>,2,2,[4 9],3,18,20,15,4
1,<environment.Job instance at 0x7fa9eeaef9b0>,3,16,[6 4],4,18,34,14,5
1,<environment.Job instance at 0x7fa9eeb635a0>,5,15,[6 2],6,20,35,14,6
1,<environment.Job instance at 0x7fa9eeb636e0>,4,1,[7 1],5,9,10,4,9
1,<environment.Job instance at 0x7fa9ef1a7b40>,9,3,[5 5],10,34,37,24,10
1,<environment.Job instance at 0x7fa9ef1a70f0>,10,13,[2 6],11,20,33,9,11
1,<environment.Job instance at 0x7fa9ef1a75f0>,13,1,[5 6],14,35,36,21,14
1,<environment.Job instance at 0x7fa9ef1a70a0>,14,2,[8 5],15,36,38,21,15
1,<environment.Job instance at 0x7fa9ef1a7960>,12,16,[6 2],13,37,53,24,24
1,<environment.Job instance at 0x7fa9eeb63af0>,6,15,[6 2],7,38,53,31,24
1,<environment.Job instance at 0x7fa9ef1a7730>,15,14,[3 8],16,38,52,22,24
1,<environment.Job instance at 0x7fa9ef1a7550>,19,3,[4 8],20,53,56,33,27
1,<environment.Job instance at 0x7fa9ef1a7460>,20,12,[6 3],21,53,65,32,36
1,<environment.Job instance at 0x7fa9f7eabd70>,21,3,[1 5],22,56,59,34,36
1,<environment.Job instance at 0x7fa9ee149d20>,22,1,[10  1],23,65,66,42,37
1,<environment.Job instance at 0x7fa9ef1a7050>,17,17,[3 8],18,59,76,41,47
1,<environment.Job instance at 0x7fa9ee20fb90>,24,13,[1 9],25,76,89,51,60
1,<environment.Job instance at 0x7fa9ee156140>,27,18,[5 2],28,66,84,38,61
1,<environment.Job instance at 0x7fa9ee4fce60>,28,18,[4 6],29,84,102,55,73
1,<environment.Job instance at 0x7fa9ee43c910>,29,16,[3 5],30,89,105,59,76
1,<environment.Job instance at 0x7fa9ee5c1690>,31,14,[5 3],32,89,103,57,76
1,<environment.Job instance at 0x7fa9ee1f8960>,33,12,[1 7],34,102,114,68,85
1,<environment.Job instance at 0x7fa9ee587eb0>,37,13,[ 4 10],38,114,127,76,98
1,<environment.Job instance at 0x7fa9eeb63d20>,8,12,[3 9],9,127,139,118,112
1,<environment.Job instance at 0x7fa9ee587140>,38,14,[4 7],39,139,153,100,124
1,<environment.Job instance at 0x7fa9ee5abcd0>,40,12,[2 5],41,124,136,83,124
1,<environment.Job instance at 0x7fa9ee5abf50>,42,2,[8 2],43,136,138,93,124
1,<environment.Job instance at 0x7fa9ee6034b0>,44,12,[5 7],45,139,151,94,124
1,<environment.Job instance at 0x7fa9ee6037d0>,45,17,[10  5],46,151,168,105,139
1,<environment.Job instance at 0x7fa9ee1a13c0>,0,2,[10  1],1,1,3,0,1
1,<environment.Job instance at 0x7fa9ee1a1d70>,1,16,[6 2],2,3,19,1,2
1,<environment.Job instance at 0x7fa9ee1a1cd0>,2,2,[9 4],3,3,5,0,3
1,<environment.Job instance at 0x7fa9ee1a1dc0>,3,3,[14  5],4,19,22,15,5
1,<environment.Job instance at 0x7fa9ee1a1c80>,4,2,[1 7],5,5,7,0,5
1,<environment.Job instance at 0x7fa9ee1a1f00>,5,1,[ 4 10],6,7,8,1,7
1,<environment.Job instance at 0x7fa9ee1fbb90>,6,13,[3 6],7,22,35,15,7
1,<environment.Job instance at 0x7fa9ee1fb9b0>,7,1,[9 4],8,8,9,0,8
1,<environment.Job instance at 0x7fa9ee1fb2d0>,9,14,[5 7],10,22,36,12,10
1,<environment.Job instance at 0x7fa9ee1fb4b0>,10,13,[7 4],11,35,48,24,19
1,<environment.Job instance at 0x7fa9ee1fbd20>,14,18,[ 5 10],15,36,54,21,25
1,<environment.Job instance at 0x7fa9ee1fb190>,15,1,[8 2],16,48,49,32,25
1,<environment.Job instance at 0x7fa9ee1fb230>,17,1,[4 8],18,54,55,36,26
1,<environment.Job instance at 0x7fa9ee1fb730>,12,1,[13  3],13,55,56,42,27
1,<environment.Job instance at 0x7fa9ee1fbb40>,18,15,[2 5],19,49,64,30,36
1,<environment.Job instance at 0x7fa9ee1fb780>,16,16,[5 7],17,56,72,39,43
1,<environment.Job instance at 0x7fa9ee213410>,23,13,[8 3],24,56,69,32,44
1,<environment.Job instance at 0x7fa9ee213dc0>,25,18,[9 5],26,69,87,43,58
1,<environment.Job instance at 0x7fa9ee213c80>,26,15,[7 3],27,87,102,60,73
1,<environment.Job instance at 0x7fa9ee2135f0>,27,17,[7 5],28,87,104,59,76
1,<environment.Job instance at 0x7fa9ee2134b0>,30,14,[2 8],31,102,116,71,87
1,<environment.Job instance at 0x7fa9ee213fa0>,31,15,[10  3],32,104,119,72,90
1,<environment.Job instance at 0x7fa9ee213d70>,34,16,[8 3],35,119,135,84,106
1,<environment.Job instance at 0x7fa9ee1fb5a0>,19,15,[7 4],20,119,134,99,106
1,<environment.Job instance at 0x7fa9ee2160a0>,38,3,[5 1],39,116,119,77,106
1,<environment.Job instance at 0x7fa9ee2164b0>,37,14,[7 1],38,134,148,96,119
1,<environment.Job instance at 0x7fa9ee2168c0>,40,14,[ 3 10],41,135,149,94,120
1,<environment.Job instance at 0x7fa9ee919410>,43,15,[7 4],44,148,163,104,134
1,<environment.Job instance at 0x7fa9ef00fd70>,46,15,[6 2],47,149,164,102,135
1,<environment.Job instance at 0x7fa9ee764690>,51,16,[2 8],52,149,165,97,136
1,<environment.Job instance at 0x7fa9ee61cf00>,0,1,[ 4 12],1,2,3,1,2
1,<environment.Job instance at 0x7fa9eeaf6d70>,1,1,[10  1],2,2,3,0,2
1,<environment.Job instance at 0x7fa9eebab190>,2,13,[3 9],3,3,16,0,3
1,<environment.Job instance at 0x7fa9ee625c30>,3,1,[5 2],4,4,5,0,4
1,<environment.Job instance at 0x7fa9ee625eb0>,4,12,[13  3],5,16,28,11,5
1,<environment.Job instance at 0x7fa9ee4fc140>,9,3,[12  1],10,10,13,0,10
1,<environment.Job instance at 0x7fa9ee625f00>,6,13,[8 4],7,28,41,21,12
1,<environment.Job instance at 0x7fa9ee6dd0f0>,11,1,[5 5],12,13,14,1,12
1,<environment.Job instance at 0x7fa9ee625f50>,7,14,[9 1],8,41,55,33,27
1,<environment.Job instance at 0x7fa9ee4fcaa0>,15,15,[5 7],16,34,49,18,34
1,<environment.Job instance at 0x7fa9ee597aa0>,12,12,[8 5],13,55,67,42,38
1,<environment.Job instance at 0x7fa9ee6cdb40>,16,13,[7 1],17,55,68,38,39
1,<environment.Job instance at 0x7fa9ee4fd820>,23,17,[1 8],24,67,84,43,55
1,<environment.Job instance at 0x7fa9ee20fc30>,26,17,[9 1],27,68,85,41,56
1,<environment.Job instance at 0x7fa9ee6cdf50>,17,16,[2 6],18,67,83,49,61
1,<environment.Job instance at 0x7fa9ee5ec910>,30,1,[2 9],31,84,85,53,61
1,<environment.Job instance at 0x7fa9eec53910>,31,3,[9 3],32,85,88,53,62
1,<environment.Job instance at 0x7fa9ee4129b0>,29,16,[1 8],30,85,101,55,72
1,<environment.Job instance at 0x7fa9ee549730>,33,13,[9 5],34,88,101,54,72
1,<environment.Job instance at 0x7fa9ee59ebe0>,47,13,[6 5],48,101,114,53,85
1,<environment.Job instance at 0x7fa9ee762370>,49,14,[2 6],50,101,115,51,86
1,<environment.Job instance at 0x7fa9ee762870>,51,14,[1 9],52,114,128,62,99
1,<environment.Job instance at 0x7fa9ee762140>,52,12,[4 9],53,128,140,75,111
1,<environment.Job instance at 0x7fa9ee4fc1e0>,8,21,[9 5],9,121,142,112,121
1,<environment.Job instance at 0x7fa9ee762960>,53,18,[4 8],54,140,158,86,129
1,<environment.Job instance at 0x7fa9ee762e60>,55,14,[7 3],56,142,156,86,129
1,<environment.Job instance at 0x7fa9ee762be0>,58,12,[5 6],59,156,168,97,139
1,<environment.Job instance at 0x7fa9eef15fa0>,0,18,[5 9],1,1,19,0,1
1,<environment.Job instance at 0x7fa9eef15be0>,1,3,[1 6],2,3,6,1,3
1,<environment.Job instance at 0x7fa9eef15f00>,2,3,[4 9],3,19,22,16,3
1,<environment.Job instance at 0x7fa9ef1bbcd0>,4,14,[7 5],5,6,20,1,5
1,<environment.Job instance at 0x7fa9ef1bbc80>,5,12,[6 1],6,20,32,14,6
1,<environment.Job instance at 0x7fa9ef1e1960>,6,2,[ 3 10],7,22,24,15,7
1,<environment.Job instance at 0x7fa9ef1e1a00>,7,3,[5 1],8,20,23,12,8
1,<environment.Job instance at 0x7fa9ef1e1b40>,8,2,[5 4],9,23,25,14,9
1,<environment.Job instance at 0x7fa9ef1e1460>,9,14,[9 5],10,25,39,15,10
1,<environment.Job instance at 0x7fa9ef1e8be0>,10,1,[5 1],11,32,33,21,11
1,<environment.Job instance at 0x7fa9ef1e8a00>,15,17,[ 5 10],16,33,50,17,21
1,<environment.Job instance at 0x7fa9ef1e8c80>,18,16,[9 2],19,39,55,20,26
1,<environment.Job instance at 0x7fa9ef1b9f00>,20,12,[7 2],21,55,67,34,38
1,<environment.Job instance at 0x7fa9ef1b9b90>,21,13,[1 9],22,50,63,28,38
1,<environment.Job instance at 0x7fa9ef1b9960>,22,3,[1 9],23,63,66,40,38
1,<environment.Job instance at 0x7fa9ef1c6b90>,26,14,[9 2],27,67,81,40,52
1,<environment.Job instance at 0x7fa9ef1c6af0>,27,17,[3 8],28,66,83,38,54
1,<environment.Job instance at 0x7fa9ef1c6870>,30,13,[10  4],31,81,94,50,65
1,<environment.Job instance at 0x7fa9ef1c65f0>,31,15,[1 9],32,83,98,51,69
1,<environment.Job instance at 0x7fa9ef1c60f0>,32,17,[2 5],33,94,111,61,82
1,<environment.Job instance at 0x7fa9ef1c6190>,33,3,[1 8],34,98,101,64,82
1,<environment.Job instance at 0x7fa9ee816370>,38,17,[2 7],39,101,118,62,89
1,<environment.Job instance at 0x7fa9ee10f0f0>,39,14,[4 9],40,118,132,78,103
1,<environment.Job instance at 0x7fa9ee4b4af0>,40,18,[8 1],41,103,121,62,103
1,<environment.Job instance at 0x7fa9eef11e60>,41,3,[5 9],42,132,135,90,106
1,<environment.Job instance at 0x7fa9ee816280>,43,3,[5 5],44,111,114,67,106
1,<environment.Job instance at 0x7fa9ee1203c0>,45,13,[3 9],46,135,148,89,119
1,<environment.Job instance at 0x7fa9ee0d7190>,46,18,[9 4],47,121,139,74,119
1,<environment.Job instance at 0x7fa9ee0c7410>,47,17,[3 5],48,139,156,91,127
1,<environment.Job instance at 0x7fa9ee0d7d20>,48,17,[2 6],49,148,165,99,136
1,<environment.Job instance at 0x7fa9ee0d0e60>,52,15,[10  1],53,148,163,95,136
1,<environment.Job instance at 0x7fa9eeb52e10>,0,2,[2 7],1,1,3,0,1
1,<environment.Job instance at 0x7fa9ee0d0140>,1,12,[1 8],2,2,14,0,2
1,<environment.Job instance at 0x7fa9eeb522d0>,2,1,[6 3],3,3,4,0,3
1,<environment.Job instance at 0x7fa9eeb52b90>,3,16,[5 3],4,4,20,0,4
1,<environment.Job instance at 0x7fa9eeb52820>,4,17,[5 1],5,5,22,0,5
1,<environment.Job instance at 0x7fa9eeb52280>,6,12,[ 2 11],7,14,26,7,7
1,<environment.Job instance at 0x7fa9ee10b0a0>,7,12,[7 2],8,20,32,12,8
1,<environment.Job instance at 0x7fa9ee10beb0>,9,12,[4 6],10,26,38,16,11
1,<environment.Job instance at 0x7fa9ee10b2d0>,13,3,[4 7],14,26,29,12,14
1,<environment.Job instance at 0x7fa9ee10ba00>,12,17,[9 4],13,32,49,19,21
1,<environment.Job instance at 0x7fa9eeb52640>,5,15,[ 1 10],6,38,53,32,26
1,<environment.Job instance at 0x7fa9ee10bb40>,16,2,[3 6],17,29,31,12,26
1,<environment.Job instance at 0x7fa9ee10ba50>,15,16,[9 4],16,49,65,33,36
1,<environment.Job instance at 0x7fa9ee10bbe0>,17,15,[4 6],18,53,68,35,39
1,<environment.Job instance at 0x7fa9ee10b230>,21,2,[8 4],22,65,67,43,39
1,<environment.Job instance at 0x7fa9ee10bc80>,22,2,[8 4],23,67,69,44,40
1,<environment.Job instance at 0x7fa9ee10b370>,23,14,[ 1 11],24,68,82,44,58
1,<environment.Job instance at 0x7fa9ee0cd820>,24,16,[4 5],25,82,98,57,73
1,<environment.Job instance at 0x7fa9ee10bd20>,20,20,[4 6],21,82,102,61,74
1,<environment.Job instance at 0x7fa9ee0cdb90>,30,12,[1 7],31,98,110,67,81
1,<environment.Job instance at 0x7fa9ee0cabe0>,33,15,[5 5],34,102,117,68,88
1,<environment.Job instance at 0x7fa9ee0caa50>,36,13,[4 7],37,110,123,73,94
1,<environment.Job instance at 0x7fa9ee10be60>,10,13,[5 3],11,102,115,91,100
1,<environment.Job instance at 0x7fa9ee0caaa0>,38,20,[3 8],39,117,137,78,109
1,<environment.Job instance at 0x7fa9ee0cae10>,43,15,[4 9],44,137,152,93,123
1,<environment.Job instance at 0x7fa9ee0c78c0>,46,18,[6 3],47,123,141,76,123
1,<environment.Job instance at 0x7fa9ee0c7d70>,49,19,[5 5],50,141,160,91,131
1,<environment.Job instance at 0x7fa9ee0c7460>,50,15,[10  4],51,152,167,101,139
1,<environment.Job instance at 0x7fa9eeaa3960>,1,1,[6 5],2,2,3,0,2
1,<environment.Job instance at 0x7fa9ee0c7780>,2,16,[13  1],3,4,20,1,4
1,<environment.Job instance at 0x7fa9ef47f0a0>,4,2,[9 3],5,20,22,15,5
1,<environment.Job instance at 0x7fa9ef47f140>,5,18,[1 8],6,6,24,0,6
1,<environment.Job instance at 0x7fa9ef47f6e0>,6,13,[9 3],7,22,35,15,7
1,<environment.Job instance at 0x7fa9ee0c7460>,3,14,[3 6],4,24,38,20,9
1,<environment.Job instance at 0x7fa9ef47f320>,10,14,[1 5],11,24,38,13,11
1,<environment.Job instance at 0x7fa9ef47fb40>,9,15,[5 7],10,38,53,28,24
1,<environment.Job instance at 0x7fa9ef47f460>,14,13,[2 6],15,38,51,23,24
1,<environment.Job instance at 0x7fa9ef47fbe0>,16,18,[7 4],17,51,69,34,40
1,<environment.Job instance at 0x7fa9ef47f870>,17,19,[1 5],18,53,72,35,43
1,<environment.Job instance at 0x7fa9ef47fe10>,7,23,[5 3],8,53,76,45,47
1,<environment.Job instance at 0x7fa9ef47f190>,18,14,[1 7],19,69,83,50,54
1,<environment.Job instance at 0x7fa9f7e9d8c0>,21,13,[6 3],22,72,85,50,56
1,<environment.Job instance at 0x7fa9ef47fc30>,19,18,[6 4],20,76,94,56,67
1,<environment.Job instance at 0x7fa9ef2a8500>,23,1,[10  5],24,94,95,70,67
1,<environment.Job instance at 0x7fa9ef573320>,24,14,[5 3],25,85,99,60,70
1,<environment.Job instance at 0x7fa9ef2a8eb0>,25,2,[8 3],26,95,97,69,70
1,<environment.Job instance at 0x7fa9ef573b90>,26,3,[ 5 10],27,97,100,70,71
1,<environment.Job instance at 0x7fa9f7cae4b0>,29,17,[9 2],30,99,116,69,87
1,<environment.Job instance at 0x7fa9ef573e60>,27,16,[ 3 12],28,100,116,72,89
1,<environment.Job instance at 0x7fa9ef43be10>,35,17,[3 6],36,116,133,80,105
1,<environment.Job instance at 0x7fa9ef298aa0>,8,16,[9 4],9,116,132,107,105
1,<environment.Job instance at 0x7fa9ef43bc80>,36,13,[8 2],37,132,145,95,116
1,<environment.Job instance at 0x7fa9ef43b140>,38,12,[ 4 10],39,133,145,94,116
1,<environment.Job instance at 0x7fa9ef43b820>,39,3,[10  5],40,145,148,105,119
1,<environment.Job instance at 0x7fa9ef43b640>,37,13,[4 5],38,145,158,107,130
1,<environment.Job instance at 0x7fa9ef275140>,41,2,[1 6],42,148,150,106,130
1,<environment.Job instance at 0x7fa9ef275c80>,42,15,[5 9],43,150,165,107,136
1,<environment.Job instance at 0x7fa9ef275640>,43,2,[3 5],44,158,160,114,137
1,<environment.Job instance at 0x7fa9ef141c80>,0,2,[5 5],1,1,3,0,1
1,<environment.Job instance at 0x7fa9ee127b40>,1,14,[9 4],2,2,16,0,2
1,<environment.Job instance at 0x7fa9ef1495a0>,2,13,[2 9],3,3,16,0,3
1,<environment.Job instance at 0x7fa9eea16730>,3,3,[13  5],4,16,19,12,5
1,<environment.Job instance at 0x7fa9ef275640>,4,3,[4 5],5,19,22,14,5
1,<environment.Job instance at 0x7fa9eea2a7d0>,8,13,[1 5],9,16,29,7,9
1,<environment.Job instance at 0x7fa9eea2afa0>,9,18,[ 2 10],10,22,40,12,11
1,<environment.Job instance at 0x7fa9eea2eaf0>,11,1,[8 4],12,19,20,7,14
1,<environment.Job instance at 0x7fa9eea2ed70>,13,2,[ 4 10],14,40,42,26,14
1,<environment.Job instance at 0x7fa9eea2ed20>,15,3,[5 6],16,42,45,26,16
1,<environment.Job instance at 0x7fa9eea28280>,16,1,[2 6],17,42,43,25,19
1,<environment.Job instance at 0x7fa9eea2e690>,12,1,[2 5],13,20,21,7,20
1,<environment.Job instance at 0x7fa9eea2a730>,10,22,[2 5],11,43,65,32,36
1,<environment.Job instance at 0x7fa9eea285f0>,19,17,[2 6],20,45,62,25,36
1,<environment.Job instance at 0x7fa9eea23f00>,23,14,[ 5 10],24,62,76,38,47
1,<environment.Job instance at 0x7fa9ee211dc0>,26,17,[3 5],27,65,82,38,53
1,<environment.Job instance at 0x7fa9ee2114b0>,28,15,[5 8],29,76,91,47,62
1,<environment.Job instance at 0x7fa9ef2e8c80>,30,13,[5 6],31,82,95,51,66
1,<environment.Job instance at 0x7fa9ee23d410>,32,12,[10  4],33,91,103,58,74
1,<environment.Job instance at 0x7fa9eea22550>,34,13,[ 5 10],35,95,108,60,79
1,<environment.Job instance at 0x7fa9ef2b42d0>,35,15,[8 1],36,103,118,67,89
1,<environment.Job instance at 0x7fa9ee73f820>,36,3,[5 1],37,108,111,71,89
1,<environment.Job instance at 0x7fa9ee743f00>,38,18,[5 5],39,111,129,72,100
1,<environment.Job instance at 0x7fa9ee731190>,39,15,[6 2],40,118,133,78,104
1,<environment.Job instance at 0x7fa9ee734190>,40,16,[7 5],41,129,145,88,116
1,<environment.Job instance at 0x7fa9ee713730>,41,15,[5 4],42,133,148,91,119
1,<environment.Job instance at 0x7fa9ef2e69b0>,43,17,[5 9],44,145,162,101,133
1,<environment.Job instance at 0x7fa9ef2e2550>,44,17,[2 5],45,148,165,103,136
1,<environment.Job instance at 0x7fa9ef2e4d20>,0,12,[5 6],1,1,13,0,1
1,<environment.Job instance at 0x7fa9ee23b3c0>,1,16,[3 9],2,2,18,0,2
1,<environment.Job instance at 0x7fa9ef2e2550>,3,1,[2 6],4,13,14,9,5
1,<environment.Job instance at 0x7fa9ef2e4190>,4,13,[2 7],5,18,31,13,5
1,<environment.Job instance at 0x7fa9ef2e4f00>,2,1,[5 9],3,31,32,28,6
1,<environment.Job instance at 0x7fa9ef2e4820>,5,17,[10  3],6,14,31,8,7
1,<environment.Job instance at 0x7fa9ef2e8410>,10,2,[1 6],11,31,33,20,12
1,<environment.Job instance at 0x7fa9ef2e8af0>,15,16,[7 3],16,32,48,16,19
1,<environment.Job instance at 0x7fa9ef2e8820>,12,14,[ 4 10],13,33,47,20,21
1,<environment.Job instance at 0x7fa9ef2e8730>,16,12,[8 4],17,47,59,30,30
1,<environment.Job instance at 0x7fa9ef2e4320>,6,18,[6 4],7,48,66,41,40
1,<environment.Job instance at 0x7fa9ef2e9af0>,21,15,[8 4],22,59,74,37,47
1,<environment.Job instance at 0x7fa9ef2e92d0>,22,14,[9 2],23,74,88,51,63
1,<environment.Job instance at 0x7fa9ef2e84b0>,8,14,[6 4],9,66,80,57,63
1,<environment.Job instance at 0x7fa9ef2e9d20>,23,16,[2 6],24,80,96,56,67
1,<environment.Job instance at 0x7fa9ef2e91e0>,25,17,[5 3],26,88,105,62,76
1,<environment.Job instance at 0x7fa9ef2e9190>,26,12,[2 7],27,96,108,69,79
1,<environment.Job instance at 0x7fa9ef2e9910>,27,1,[ 1 13],28,108,109,80,80
1,<environment.Job instance at 0x7fa9ef2e9be0>,24,2,[6 1],25,88,90,63,82
1,<environment.Job instance at 0x7fa9ef2e9820>,29,2,[9 3],30,105,107,75,83
1,<environment.Job instance at 0x7fa9ef2e8190>,11,28,[3 6],12,109,137,97,108
1,<environment.Job instance at 0x7fa9ef2e9780>,31,1,[5 4],32,109,110,77,108
1,<environment.Job instance at 0x7fa9ef2e97d0>,32,16,[9 2],33,110,126,77,108
1,<environment.Job instance at 0x7fa9ef2e9140>,33,18,[4 6],34,126,144,92,115
1,<environment.Job instance at 0x7fa9ef2e93c0>,34,13,[2 8],35,137,150,102,121
1,<environment.Job instance at 0x7fa9ef2e8910>,20,20,[9 3],21,144,164,123,136
1,<environment.Job instance at 0x7fa9ef2e8640>,17,16,[1 8],18,150,166,132,137
1,<environment.Job instance at 0x7fa9ef2ed460>,0,2,[6 1],1,1,3,0,1
1,<environment.Job instance at 0x7fa9ef2ed280>,1,3,[7 4],2,2,5,0,2
1,<environment.Job instance at 0x7fa9ef2e8640>,2,18,[3 7],3,3,21,0,3
1,<environment.Job instance at 0x7fa9ef113b40>,3,12,[5 4],4,4,16,0,4
1,<environment.Job instance at 0x7fa9eea07c80>,5,13,[9 1],6,16,29,10,6
1,<environment.Job instance at 0x7fa9eeadee60>,4,1,[13  5],5,29,30,24,7
1,<environment.Job instance at 0x7fa9eeade280>,6,1,[5 7],7,21,22,14,7
1,<environment.Job instance at 0x7fa9eeade5f0>,8,14,[ 1 10],9,22,36,13,9
1,<environment.Job instance at 0x7fa9eeaf2730>,9,3,[ 3 10],10,36,39,26,11
1,<environment.Job instance at 0x7fa9eeaf2b90>,12,2,[3 7],13,16,18,3,14
1,<environment.Job instance at 0x7fa9eeaf20f0>,16,13,[8 1],17,30,43,13,18
1,<environment.Job instance at 0x7fa9eeaf2be0>,13,13,[5 6],14,39,52,25,29
1,<environment.Job instance at 0x7fa9eeaf24b0>,14,13,[3 6],15,43,56,28,30
1,<environment.Job instance at 0x7fa9eeb04190>,20,3,[ 4 10],21,56,59,35,30
1,<environment.Job instance at 0x7fa9eeb04280>,21,2,[2 9],22,52,54,30,31
1,<environment.Job instance at 0x7fa9ee977230>,18,16,[10  3],19,54,70,35,41
1,<environment.Job instance at 0x7fa9eeb02dc0>,24,17,[2 7],25,59,76,34,47
1,<environment.Job instance at 0x7fa9eeb02e10>,25,14,[7 2],26,70,84,44,55
1,<environment.Job instance at 0x7fa9eeb02870>,27,16,[5 4],28,70,86,42,57
1,<environment.Job instance at 0x7fa9ee212fa0>,28,17,[6 5],29,84,101,55,72
1,<environment.Job instance at 0x7fa9ef737230>,29,18,[5 1],30,86,104,56,75
1,<environment.Job instance at 0x7fa9eeb002d0>,30,16,[1 7],31,86,102,55,75
1,<environment.Job instance at 0x7fa9ef7176e0>,31,12,[2 6],32,101,113,69,84
1,<environment.Job instance at 0x7fa9eeb009b0>,32,17,[6 4],33,102,119,69,90
1,<environment.Job instance at 0x7fa9eee1ffa0>,36,15,[5 6],37,113,128,76,99
1,<environment.Job instance at 0x7fa9eee1fb40>,39,12,[3 9],40,119,131,79,102
1,<environment.Job instance at 0x7fa9eeaac870>,40,15,[1 8],41,131,146,90,117
1,<environment.Job instance at 0x7fa9eeab3d20>,41,16,[5 5],42,128,144,86,117
1,<environment.Job instance at 0x7fa9eeab3be0>,42,18,[2 5],43,144,162,101,133
1,<environment.Job instance at 0x7fa9eeaac460>,44,14,[ 3 10],45,146,160,101,133
1,<environment.Job instance at 0x7fa9ee66df00>,0,13,[5 8],1,1,14,0,1
1,<environment.Job instance at 0x7fa9eea9b960>,1,16,[ 5 12],2,14,30,12,2
1,<environment.Job instance at 0x7fa9ee66ddc0>,2,3,[2 8],3,30,33,27,5
1,<environment.Job instance at 0x7fa9ee66d820>,4,17,[8 5],5,30,47,25,18
1,<environment.Job instance at 0x7fa9ee66dd70>,8,13,[10  4],9,47,60,38,31
1,<environment.Job instance at 0x7fa9eecf90a0>,9,19,[2 5],10,33,52,23,31
1,<environment.Job instance at 0x7fa9eecf96e0>,11,12,[7 2],12,60,72,48,43
1,<environment.Job instance at 0x7fa9eecf92d0>,14,18,[ 4 10],15,52,70,37,43
1,<environment.Job instance at 0x7fa9eecf9410>,18,13,[6 2],19,70,83,51,54
1,<environment.Job instance at 0x7fa9eecf9910>,19,12,[7 5],20,72,84,52,55
1,<environment.Job instance at 0x7fa9eecf9820>,21,12,[5 8],22,83,95,61,66
1,<environment.Job instance at 0x7fa9ee66d4b0>,7,2,[5 2],8,84,86,76,70
1,<environment.Job instance at 0x7fa9ee66deb0>,5,17,[1 7],6,86,103,80,74
1,<environment.Job instance at 0x7fa9eecf9c80>,25,2,[9 1],26,95,97,69,74
1,<environment.Job instance at 0x7fa9eecf97d0>,23,18,[9 2],24,97,115,73,86
1,<environment.Job instance at 0x7fa9ee66da00>,6,16,[1 5],7,95,111,88,91
1,<environment.Job instance at 0x7fa9ee81b5a0>,31,17,[5 8],32,103,120,71,95
1,<environment.Job instance at 0x7fa9ee81b960>,33,14,[3 6],34,115,129,81,100
1,<environment.Job instance at 0x7fa9ee81baa0>,34,16,[8 2],35,120,136,85,107
1,<environment.Job instance at 0x7fa9ee81b8c0>,36,14,[4 7],37,120,134,83,107
1,<environment.Job instance at 0x7fa9ee81bc80>,42,16,[6 1],43,134,150,91,121
1,<environment.Job instance at 0x7fa9ee81bb90>,45,14,[5 4],46,136,150,90,121
1,<environment.Job instance at 0x7fa9eef33870>,56,16,[4 9],57,136,152,79,126
1,<environment.Job instance at 0x7fa9eef33b40>,57,18,[6 1],58,150,168,92,139
1,<environment.Job instance at 0x7fa9eef33960>,58,14,[5 4],59,150,164,91,139
1,<environment.Job instance at 0x7fa9edec6b90>,0,13,[8 3],1,1,14,0,1
1,<environment.Job instance at 0x7fa9edec62d0>,1,1,[2 7],2,2,3,0,2
1,<environment.Job instance at 0x7fa9ede63140>,2,1,[1 8],3,3,4,0,3
1,<environment.Job instance at 0x7fa9ede63c80>,5,15,[10  1],6,14,29,8,6
1,<environment.Job instance at 0x7fa9ede63f00>,6,13,[ 2 10],7,7,20,0,7
1,<environment.Job instance at 0x7fa9ede63730>,7,12,[6 5],8,29,41,21,12
1,<environment.Job instance at 0x7fa9ede63370>,11,12,[5 3],12,20,32,8,12
1,<environment.Job instance at 0x7fa9ede63a00>,12,3,[5 8],13,32,35,19,13
1,<environment.Job instance at 0x7fa9ede63f50>,13,2,[6 2],14,35,37,21,14
1,<environment.Job instance at 0x7fa9ede63410>,14,16,[5 8],15,37,53,22,24
1,<environment.Job instance at 0x7fa9ede63870>,18,1,[ 4 14],19,53,54,34,25
1,<environment.Job instance at 0x7fa9ede63460>,9,3,[7 3],10,41,44,31,25
1,<environment.Job instance at 0x7fa9edf45b90>,22,3,[5 8],23,54,57,31,28
1,<environment.Job instance at 0x7fa9edf45eb0>,23,14,[6 2],24,54,68,30,39
1,<environment.Job instance at 0x7fa9edf45500>,24,2,[3 9],25,57,59,32,39
1,<environment.Job instance at 0x7fa9edf453c0>,25,1,[1 7],26,44,45,18,40
1,<environment.Job instance at 0x7fa9edf45aa0>,26,2,[5 3],27,45,47,18,40
1,<environment.Job instance at 0x7fa9edf45460>,27,1,[4 7],28,47,48,19,40
1,<environment.Job instance at 0x7fa9edf45a00>,28,12,[6 4],29,57,69,28,40
1,<environment.Job instance at 0x7fa9edf45820>,29,2,[4 8],30,68,70,38,41
1,<environment.Job instance at 0x7fa9edf45e10>,30,2,[13  2],31,70,72,39,43
1,<environment.Job instance at 0x7fa9ede635a0>,20,18,[3 5],21,72,90,51,61
1,<environment.Job instance at 0x7fa9edf45640>,31,13,[3 5],32,72,85,40,61
1,<environment.Job instance at 0x7fa9ede63780>,21,15,[3 7],22,85,100,63,71
1,<environment.Job instance at 0x7fa9edf45960>,34,1,[12  5],35,90,91,55,71
1,<environment.Job instance at 0x7fa9edf452d0>,35,3,[3 9],36,100,103,64,74
1,<environment.Job instance at 0x7fa9edf450f0>,36,13,[6 4],37,91,104,54,75
1,<environment.Job instance at 0x7fa9edf45dc0>,33,15,[ 2 10],34,103,118,69,97
1,<environment.Job instance at 0x7fa9edf45be0>,38,12,[10  4],39,104,116,65,98
1,<environment.Job instance at 0x7fa9edeea870>,40,2,[5 4],41,98,100,57,98
1,<environment.Job instance at 0x7fa9edeea320>,41,3,[12  2],42,116,119,74,98
1,<environment.Job instance at 0x7fa9edeea960>,42,1,[2 6],43,118,119,75,98
1,<environment.Job instance at 0x7fa9edeea640>,43,3,[6 1],44,100,103,56,98
1,<environment.Job instance at 0x7fa9edeea0f0>,44,1,[7 3],45,119,120,74,98
1,<environment.Job instance at 0x7fa9edeea5a0>,45,3,[8 1],46,119,122,73,98
1,<environment.Job instance at 0x7fa9edeea550>,46,2,[5 9],47,120,122,73,98
1,<environment.Job instance at 0x7fa9edeeaeb0>,47,2,[5 8],48,122,124,74,98
1,<environment.Job instance at 0x7fa9edeead20>,48,3,[6 2],49,122,125,73,98
1,<environment.Job instance at 0x7fa9edeea140>,49,2,[10  1],50,125,127,75,98
1,<environment.Job instance at 0x7fa9edeea9b0>,50,12,[2 5],51,120,132,69,103
1,<environment.Job instance at 0x7fa9edeeabe0>,39,12,[5 8],40,127,139,87,110
1,<environment.Job instance at 0x7fa9edeea280>,52,1,[7 4],53,124,125,71,110
1,<environment.Job instance at 0x7fa9edeea7d0>,51,17,[7 4],52,132,149,80,120
1,<environment.Job instance at 0x7fa9edeeac80>,54,3,[14  3],55,149,152,94,123
1,<environment.Job instance at 0x7fa9edeeac30>,55,13,[7 4],56,152,165,96,136
1,<environment.Job instance at 0x7fa9edeb8e10>,56,16,[3 8],57,152,168,95,139
1,<environment.Job instance at 0x7fa9edeb8be0>,57,3,[6 5],58,139,142,81,139
1,<environment.Job instance at 0x7fa9edeb8550>,58,1,[2 8],59,142,143,83,139
1,<environment.Job instance at 0x7fa9edeb85a0>,59,2,[6 3],60,142,144,82,139
1,<environment.Job instance at 0x7fa9eea3d280>,0,1,[1 9],1,1,2,0,1
1,<environment.Job instance at 0x7fa9eea3d1e0>,2,1,[1 5],3,3,4,0,3
1,<environment.Job instance at 0x7fa9ee540b40>,3,12,[6 5],4,4,16,0,4
1,<environment.Job instance at 0x7fa9ee540410>,4,2,[3 6],5,5,7,0,5
1,<environment.Job instance at 0x7fa9ee540be0>,5,15,[9 1],6,7,22,1,6
1,<environment.Job instance at 0x7fa9ee5401e0>,7,16,[8 4],8,22,38,14,9
1,<environment.Job instance at 0x7fa9ee540c30>,9,2,[2 6],10,16,18,6,10
1,<environment.Job instance at 0x7fa9ee540140>,10,15,[1 8],11,16,31,5,11
1,<environment.Job instance at 0x7fa9ee5406e0>,11,2,[6 3],12,22,24,10,12
1,<environment.Job instance at 0x7fa9ee540320>,12,2,[2 8],13,31,33,18,13
1,<environment.Job instance at 0x7fa9ee5400a0>,18,1,[3 6],19,19,20,0,19
1,<environment.Job instance at 0x7fa9ef0d1050>,19,1,[9 1],20,38,39,18,20
1,<environment.Job instance at 0x7fa9ee540aa0>,13,13,[10  3],14,39,52,25,23
1,<environment.Job instance at 0x7fa9ef0d1c30>,21,23,[1 8],22,33,56,11,27
1,<environment.Job instance at 0x7fa9ef0d1f00>,20,12,[9 4],21,52,64,31,37
1,<environment.Job instance at 0x7fa9ef0d1b90>,22,14,[3 7],23,56,70,33,41
1,<environment.Job instance at 0x7fa9ef0d1f50>,17,14,[4 7],18,64,78,46,49
1,<environment.Job instance at 0x7fa9ee5407d0>,14,14,[5 3],15,70,84,55,55
1,<environment.Job instance at 0x7fa9ef0d15a0>,31,13,[5 8],32,78,91,46,62
1,<environment.Job instance at 0x7fa9ef0d1dc0>,32,14,[6 2],33,84,98,51,69
1,<environment.Job instance at 0x7fa9ef0d16e0>,33,13,[6 5],34,91,104,57,77
1,<environment.Job instance at 0x7fa9ef0d18c0>,24,17,[3 5],25,84,101,59,77
1,<environment.Job instance at 0x7fa9ef503cd0>,38,12,[6 3],39,98,110,59,81
1,<environment.Job instance at 0x7fa9ef5039b0>,39,3,[7 4],40,104,107,64,81
1,<environment.Job instance at 0x7fa9ef503be0>,40,2,[3 9],41,107,109,66,81
1,<environment.Job instance at 0x7fa9ef503910>,41,3,[4 5],42,109,112,67,83
1,<environment.Job instance at 0x7fa9ef5030f0>,42,3,[10  3],43,110,113,67,84
1,<environment.Job instance at 0x7fa9ef0d1640>,26,13,[ 5 11],27,112,125,85,96
1,<environment.Job instance at 0x7fa9ef503050>,44,28,[7 4],45,113,141,68,112
1,<environment.Job instance at 0x7fa9ef503730>,45,20,[7 2],46,125,145,79,116
1,<environment.Job instance at 0x7fa9ef0d1e60>,37,18,[ 1 10],38,141,159,103,130
1,<environment.Job instance at 0x7fa9ef5037d0>,46,14,[10  3],47,145,159,98,137
1,<environment.Job instance at 0x7fa9ef503370>,48,2,[7 1],49,141,143,92,139
1,<environment.Job instance at 0x7fa9ee4a6460>,0,14,[1 7],1,1,15,0,1
1,<environment.Job instance at 0x7fa9ee4a6050>,1,1,[3 9],2,15,16,13,3
1,<environment.Job instance at 0x7fa9eea2bc80>,3,3,[6 1],4,4,7,0,4
1,<environment.Job instance at 0x7fa9ef2d2780>,4,14,[5 6],5,5,19,0,5
1,<environment.Job instance at 0x7fa9ef2d2140>,5,2,[ 2 12],6,19,21,13,6
1,<environment.Job instance at 0x7fa9ef2d20f0>,7,17,[ 5 10],8,21,38,13,9
1,<environment.Job instance at 0x7fa9ef2d2640>,6,1,[3 9],7,16,17,9,9
1,<environment.Job instance at 0x7fa9eecf9eb0>,12,2,[5 3],13,17,19,4,13
1,<environment.Job instance at 0x7fa9ef2d2690>,8,21,[2 5],9,21,42,12,15
1,<environment.Job instance at 0x7fa9eecf9320>,14,14,[5 3],15,38,52,23,23
1,<environment.Job instance at 0x7fa9ef2d2be0>,11,13,[1 7],12,38,51,26,23
1,<environment.Job instance at 0x7fa9eecf95a0>,18,1,[ 5 14],19,52,53,33,24
1,<environment.Job instance at 0x7fa9eecf9a00>,19,1,[5 1],20,42,43,22,24
1,<environment.Job instance at 0x7fa9eecf91e0>,20,1,[2 9],21,51,52,30,24
1,<environment.Job instance at 0x7fa9eecf90f0>,21,18,[9 3],22,53,71,31,42
1,<environment.Job instance at 0x7fa9eecf9c80>,22,14,[5 5],23,53,67,30,42
1,<environment.Job instance at 0x7fa9eecf95f0>,23,3,[3 6],24,67,70,43,42
1,<environment.Job instance at 0x7fa9ee4e8550>,26,14,[9 3],27,71,85,44,56
1,<environment.Job instance at 0x7fa9ee4e83c0>,24,13,[4 7],25,70,83,45,62
1,<environment.Job instance at 0x7fa9ee4e8780>,28,18,[7 1],29,85,103,56,74
1,<environment.Job instance at 0x7fa9ee4e85a0>,31,12,[4 6],32,83,95,51,74
1,<environment.Job instance at 0x7fa9ee4e8eb0>,33,13,[10  4],34,103,116,69,87
1,<environment.Job instance at 0x7fa9ee4e8fa0>,37,15,[8 5],38,116,131,78,102
1,<environment.Job instance at 0x7fa9eecf9c30>,13,25,[ 1 10],14,103,128,89,103
1,<environment.Job instance at 0x7fa9ee4e8140>,40,13,[4 9],41,128,141,87,112
1,<environment.Job instance at 0x7fa9ee4e8870>,41,3,[ 1 10],42,141,144,99,115
1,<environment.Job instance at 0x7fa9ee4e8cd0>,42,16,[8 1],43,131,147,88,118
1,<environment.Job instance at 0x7fa9ee4e8f00>,43,14,[6 1],44,141,155,97,126
1,<environment.Job instance at 0x7fa9ee7626e0>,44,14,[ 1 12],45,144,158,99,129
1,<environment.Job instance at 0x7fa9ee762fa0>,45,2,[8 4],46,158,160,112,131
1,<environment.Job instance at 0x7fa9ee4e89b0>,39,21,[7 2],40,147,168,107,139
1,<environment.Job instance at 0x7fa9ee6063c0>,0,2,[8 4],1,1,3,0,1
1,<environment.Job instance at 0x7fa9ee4e8460>,1,1,[3 9],2,3,4,1,3
1,<environment.Job instance at 0x7fa9ee4e89b0>,2,1,[2 9],3,4,5,1,3
1,<environment.Job instance at 0x7fa9ee606e10>,3,18,[6 1],4,4,22,0,4
1,<environment.Job instance at 0x7fa9ee606af0>,8,14,[5 5],9,9,23,0,9
1,<environment.Job instance at 0x7fa9ee606780>,9,2,[9 5],10,22,24,12,10
1,<environment.Job instance at 0x7fa9ee6065a0>,10,1,[8 3],11,24,25,13,11
1,<environment.Job instance at 0x7fa9eef4baa0>,11,2,[10  3],12,25,27,13,12
1,<environment.Job instance at 0x7fa9eef4bf00>,12,3,[ 4 10],13,23,26,10,13
1,<environment.Job instance at 0x7fa9eef4b730>,13,15,[8 2],14,27,42,13,14
1,<environment.Job instance at 0x7fa9eef4be10>,14,2,[7 5],15,27,29,12,15
1,<environment.Job instance at 0x7fa9ee6066e0>,4,16,[1 6],5,29,45,24,16
1,<environment.Job instance at 0x7fa9ef430e60>,16,2,[ 2 10],17,45,47,28,18
1,<environment.Job instance at 0x7fa9ee606a50>,5,16,[10  1],6,42,58,36,29
1,<environment.Job instance at 0x7fa9ef4304b0>,18,1,[9 5],19,58,59,39,30
1,<environment.Job instance at 0x7fa9ef430230>,19,22,[9 1],20,59,81,39,52
1,<environment.Job instance at 0x7fa9ef430190>,20,2,[9 2],21,81,83,60,54
1,<environment.Job instance at 0x7fa9ef430550>,21,16,[1 7],22,54,70,32,54
1,<environment.Job instance at 0x7fa9ef430c80>,23,3,[5 2],24,58,61,34,54
1,<environment.Job instance at 0x7fa9ef430320>,24,12,[ 1 10],25,70,82,45,54
1,<environment.Job instance at 0x7fa9ef430870>,25,1,[8 4],26,83,84,57,55
1,<environment.Job instance at 0x7fa9ef430820>,26,12,[1 9],27,82,94,55,65
1,<environment.Job instance at 0x7fa9ef4301e0>,27,2,[4 5],28,65,67,37,65
1,<environment.Job instance at 0x7fa9ee606320>,15,23,[7 3],16,84,107,68,78
1,<environment.Job instance at 0x7fa9ef430a50>,29,16,[8 4],30,94,110,64,81
1,<environment.Job instance at 0x7fa9ef572280>,30,3,[1 9],31,107,110,76,81
1,<environment.Job instance at 0x7fa9ef572d20>,31,2,[3 5],32,110,112,78,83
1,<environment.Job instance at 0x7fa9ef5728c0>,32,16,[4 7],33,110,126,77,97
1,<environment.Job instance at 0x7fa9ef5724b0>,33,16,[5 9],34,126,142,92,113
1,<environment.Job instance at 0x7fa9ef572dc0>,34,16,[3 5],35,113,129,78,113
1,<environment.Job instance at 0x7fa9ef572c80>,35,15,[ 3 10],36,142,157,106,128
1,<environment.Job instance at 0x7fa9ef572370>,36,12,[1 5],37,129,141,92,128
1,<environment.Job instance at 0x7fa9ef572690>,37,1,[1 9],38,157,158,119,129
1,<environment.Job instance at 0x7fa9ef572af0>,38,3,[7 1],39,129,132,90,129
1,<environment.Job instance at 0x7fa9ef5726e0>,39,2,[10  5],40,141,143,101,129
1,<environment.Job instance at 0x7fa9eec48550>,40,1,[5 8],41,158,159,117,130
1,<environment.Job instance at 0x7fa9eec48a00>,41,12,[7 5],42,143,155,101,130
1,<environment.Job instance at 0x7fa9eeba3cd0>,0,3,[13  5],1,2,5,1,2
1,<environment.Job instance at 0x7fa9eeba3d20>,1,3,[6 4],2,5,8,3,2
1,<environment.Job instance at 0x7fa9eeba3be0>,2,16,[3 7],3,5,21,2,3
1,<environment.Job instance at 0x7fa9eeba38c0>,6,14,[7 3],7,8,22,1,7
1,<environment.Job instance at 0x7fa9eeba3f50>,7,18,[2 8],8,21,39,13,10
1,<environment.Job instance at 0x7fa9eeba3b90>,3,15,[9 4],4,22,37,18,11
1,<environment.Job instance at 0x7fa9eeba3af0>,9,1,[8 3],10,37,38,27,14
1,<environment.Job instance at 0x7fa9eeba3e60>,8,3,[ 2 10],9,39,42,30,15
1,<environment.Job instance at 0x7fa9ee8cba50>,14,1,[10  2],15,38,39,23,17
1,<environment.Job instance at 0x7fa9ee8cb5f0>,20,15,[8 4],21,39,54,18,25
1,<environment.Job instance at 0x7fa9ee8cb910>,21,18,[7 3],22,42,60,20,31
1,<environment.Job instance at 0x7fa9ee8cb9b0>,22,17,[1 7],23,54,71,31,42
1,<environment.Job instance at 0x7fa9ee8cb320>,23,14,[7 2],24,54,68,30,42
1,<environment.Job instance at 0x7fa9ee8cbf50>,24,3,[5 1],25,60,63,35,42
1,<environment.Job instance at 0x7fa9ee8cbdc0>,25,12,[8 1],26,68,80,42,51
1,<environment.Job instance at 0x7fa9ee8cb1e0>,27,15,[ 3 10],28,71,86,43,57
1,<environment.Job instance at 0x7fa9ee8cba00>,28,12,[10  1],29,80,92,51,66
1,<environment.Job instance at 0x7fa9ee8cb460>,29,12,[4 6],30,86,98,56,69
1,<environment.Job instance at 0x7fa9ee8cb0f0>,30,17,[5 2],31,92,109,61,80
1,<environment.Job instance at 0x7fa9eeba3050>,11,14,[1 8],12,98,112,86,84
1,<environment.Job instance at 0x7fa9eeb9e870>,31,21,[8 4],32,98,119,66,90
1,<environment.Job instance at 0x7fa9eeb9ed70>,33,3,[6 5],34,92,95,58,90
1,<environment.Job instance at 0x7fa9eeb9e820>,34,3,[6 4],35,95,98,60,90
1,<environment.Job instance at 0x7fa9eeb9ea00>,35,18,[4 5],36,112,130,76,101
1,<environment.Job instance at 0x7fa9eeb9e5a0>,36,12,[2 8],37,119,131,82,102
1,<environment.Job instance at 0x7fa9eeb9ef00>,37,18,[2 7],38,130,148,92,119
1,<environment.Job instance at 0x7fa9eeb9e960>,38,12,[1 5],39,131,143,92,119
1,<environment.Job instance at 0x7fa9eeb9eaa0>,40,15,[6 1],41,131,146,90,119
1,<environment.Job instance at 0x7fa9eeb9e460>,41,3,[4 7],42,143,146,101,119
1,<environment.Job instance at 0x7fa9ee8cbfa0>,13,12,[10  2],14,146,158,132,129
1,<environment.Job instance at 0x7fa9eeb9e230>,32,16,[1 7],33,148,164,115,138
1,<environment.Job instance at 0x7fa9eedf1500>,46,2,[4 7],47,158,160,111,138
1,<environment.Job instance at 0x7fa9eedf1460>,47,2,[ 4 10],48,164,166,116,138
1,<environment.Job instance at 0x7fa9eedf1410>,48,3,[8 2],49,160,163,111,138
1,<environment.Job instance at 0x7fa9ee2b18c0>,0,1,[7 3],1,1,2,0,1
1,<environment.Job instance at 0x7fa9eedf1320>,1,12,[7 1],2,2,14,0,2
1,<environment.Job instance at 0x7fa9eec061e0>,2,13,[6 3],3,3,16,0,3
1,<environment.Job instance at 0x7fa9eec08e10>,3,3,[8 1],4,14,17,10,4
1,<environment.Job instance at 0x7fa9eec08140>,4,14,[5 2],5,16,30,11,5
1,<environment.Job instance at 0x7fa9eedf1410>,5,3,[4 7],6,17,20,11,6
1,<environment.Job instance at 0x7fa9edfee140>,6,3,[ 4 11],7,20,23,13,7
1,<environment.Job instance at 0x7fa9edfeed20>,7,14,[6 1],8,17,31,9,8
1,<environment.Job instance at 0x7fa9ef6eeeb0>,10,16,[4 9],11,23,39,12,11
1,<environment.Job instance at 0x7fa9ef6eed70>,8,12,[5 3],9,30,42,21,15
1,<environment.Job instance at 0x7fa9ef6ee820>,14,3,[11  3],15,42,45,27,16
1,<environment.Job instance at 0x7fa9ef6ee190>,21,17,[7 4],22,45,62,23,33
1,<environment.Job instance at 0x7fa9ef6ee5a0>,23,16,[1 9],24,39,55,15,33
1,<environment.Job instance at 0x7fa9ef6dac30>,27,15,[10  5],28,62,77,34,48
1,<environment.Job instance at 0x7fa9ef6daeb0>,29,18,[5 2],30,48,66,18,48
1,<environment.Job instance at 0x7fa9ef6eef50>,13,14,[5 4],14,66,80,52,51
1,<environment.Job instance at 0x7fa9ef6dacd0>,31,2,[7 3],32,77,79,45,51
1,<environment.Job instance at 0x7fa9ef6dae10>,30,17,[8 2],31,79,96,48,67
1,<environment.Job instance at 0x7fa9ef6daaa0>,33,15,[5 2],34,80,95,46,67
1,<environment.Job instance at 0x7fa9ef6da640>,34,3,[8 2],35,96,99,61,70
1,<environment.Job instance at 0x7fa9ef6dac80>,35,14,[9 4],36,99,113,63,84
1,<environment.Job instance at 0x7fa9ef6da7d0>,36,12,[7 2],37,113,125,76,96
1,<environment.Job instance at 0x7fa9ef6da230>,38,18,[5 3],39,96,114,57,96
1,<environment.Job instance at 0x7fa9ef6da0f0>,39,12,[9 5],40,125,137,85,108
1,<environment.Job instance at 0x7fa9ef6da3c0>,40,12,[5 7],41,114,126,73,108
1,<environment.Job instance at 0x7fa9ef6da4b0>,32,13,[6 1],33,126,139,93,110
1,<environment.Job instance at 0x7fa9ef6da050>,42,3,[1 9],43,137,140,94,111
1,<environment.Job instance at 0x7fa9ef6da870>,43,1,[6 2],44,137,138,93,112
1,<environment.Job instance at 0x7fa9ef6da1e0>,44,2,[1 8],45,112,114,67,112
1,<environment.Job instance at 0x7fa9ef6da9b0>,45,1,[ 4 14],46,140,141,94,112
1,<environment.Job instance at 0x7fa9ef1b0d70>,46,3,[6 5],47,141,144,94,115
1,<environment.Job instance at 0x7fa9ef1b0550>,47,3,[1 9],48,141,144,93,115
1,<environment.Job instance at 0x7fa9ef1b08c0>,48,2,[2 7],49,144,146,95,118
1,<environment.Job instance at 0x7fa9ef1b0820>,49,2,[5 3],50,138,140,88,118
1,<environment.Job instance at 0x7fa9ef1b0af0>,50,1,[3 7],51,144,145,93,118
1,<environment.Job instance at 0x7fa9ef1b06e0>,51,1,[4 6],52,145,146,93,118
1,<environment.Job instance at 0x7fa9ef6da960>,41,18,[1 7],42,146,164,104,135
1,<environment.Job instance at 0x7fa9ef1b0140>,53,2,[2 7],54,146,148,92,135
1,<environment.Job instance at 0x7fa9ef1b02d0>,54,18,[7 1],55,139,157,84,135
1,<environment.Job instance at 0x7fa9ef1b0870>,57,1,[10  4],58,157,158,99,135
1,<environment.Job instance at 0x7fa9edfd09b0>,58,1,[2 9],59,164,165,105,136
1,<environment.Job instance at 0x7fa9ef5fbe10>,0,12,[ 3 11],1,1,13,0,1
1,<environment.Job instance at 0x7fa9ef5fb4b0>,2,2,[3 8],3,13,15,10,3
1,<environment.Job instance at 0x7fa9ede3e5f0>,3,16,[10  1],4,4,20,0,4
1,<environment.Job instance at 0x7fa9ede3e370>,4,17,[4 8],5,15,32,10,5
1,<environment.Job instance at 0x7fa9ede3ea00>,5,2,[1 7],6,20,22,14,6
1,<environment.Job instance at 0x7fa9ede3e640>,6,15,[3 5],7,22,37,15,9
1,<environment.Job instance at 0x7fa9ede3e6e0>,9,2,[4 6],10,32,34,22,11
1,<environment.Job instance at 0x7fa9ef5f56e0>,12,12,[7 2],13,22,34,9,13
1,<environment.Job instance at 0x7fa9ef5f5820>,13,3,[ 3 10],14,34,37,20,14
1,<environment.Job instance at 0x7fa9eeb78140>,16,3,[5 6],17,37,40,20,19
1,<environment.Job instance at 0x7fa9ef5f5780>,15,18,[4 5],16,37,55,21,26
1,<environment.Job instance at 0x7fa9eeb78d20>,17,13,[7 4],18,40,53,22,26
1,<environment.Job instance at 0x7fa9ef5e0640>,21,1,[12  2],22,55,56,33,27
1,<environment.Job instance at 0x7fa9ef5e0dc0>,22,1,[9 3],23,53,54,30,27
1,<environment.Job instance at 0x7fa9ef5e0960>,23,12,[6 3],24,56,68,32,44
1,<environment.Job instance at 0x7fa9ef5fbe60>,1,28,[1 5],2,44,72,42,44
1,<environment.Job instance at 0x7fa9ef5e0730>,25,3,[4 6],26,56,59,30,44
1,<environment.Job instance at 0x7fa9ef5e0780>,24,1,[10  3],25,54,55,29,44
1,<environment.Job instance at 0x7fa9ef352fa0>,27,3,[6 5],28,59,62,31,44
1,<environment.Job instance at 0x7fa9eecd7eb0>,28,12,[6 1],29,62,74,33,45
1,<environment.Job instance at 0x7fa9ef5e05f0>,20,20,[7 1],21,68,88,47,59
1,<environment.Job instance at 0x7fa9ede3ebe0>,8,14,[4 7],9,74,88,65,59
1,<environment.Job instance at 0x7fa9ef1a7b90>,32,12,[3 6],33,74,86,41,61
1,<environment.Job instance at 0x7fa9ef47c460>,33,2,[7 2],34,88,90,54,61
1,<environment.Job instance at 0x7fa9ef47c280>,31,17,[ 3 10],32,88,105,56,76
1,<environment.Job instance at 0x7fa9ede0e230>,35,13,[3 7],36,105,118,69,89
1,<environment.Job instance at 0x7fa9ede0efa0>,36,3,[5 2],37,89,92,52,89
1,<environment.Job instance at 0x7fa9ede0ea00>,38,3,[2 5],39,92,95,53,89
1,<environment.Job instance at 0x7fa9ede0ef50>,41,13,[ 3 10],42,118,131,76,102
1,<environment.Job instance at 0x7fa9ede0e6e0>,43,16,[5 5],44,102,118,58,102
1,<environment.Job instance at 0x7fa9ede0e550>,44,18,[7 5],45,118,136,73,108
1,<environment.Job instance at 0x7fa9ede0e0f0>,47,16,[7 4],48,131,147,83,118
1,<environment.Job instance at 0x7fa9ede0e910>,48,12,[8 2],49,136,148,87,119
1,<environment.Job instance at 0x7fa9ef5da3c0>,51,17,[ 3 10],52,147,164,95,135
1,<environment.Job instance at 0x7fa9ee49c7d0>,0,13,[2 8],1,1,14,0,1
1,<environment.Job instance at 0x7fa9ee49c640>,2,12,[7 5],3,3,15,0,3
1,<environment.Job instance at 0x7fa9ee49c230>,3,17,[10  5],4,15,32,11,4
1,<environment.Job instance at 0x7fa9ee49c050>,4,1,[5 7],5,14,15,9,5
1,<environment.Job instance at 0x7fa9ee49c910>,5,3,[2 5],6,15,18,9,6
1,<environment.Job instance at 0x7fa9ef172be0>,11,3,[11  1],12,32,35,20,12
1,<environment.Job instance at 0x7fa9ef172320>,10,14,[5 1],11,18,32,7,13
1,<environment.Job instance at 0x7fa9ef172f00>,9,3,[12  2],10,35,38,25,13
1,<environment.Job instance at 0x7fa9ef172dc0>,14,2,[8 5],15,38,40,23,15
1,<environment.Job instance at 0x7fa9ef1720a0>,12,17,[4 9],13,38,55,25,26
1,<environment.Job instance at 0x7fa9ef172870>,17,17,[5 5],18,40,57,22,29
1,<environment.Job instance at 0x7fa9ef172d70>,6,17,[10  5],7,55,72,48,47
1,<environment.Job instance at 0x7fa9ef172c30>,19,18,[1 5],20,57,75,37,48
1,<environment.Job instance at 0x7fa9ef1721e0>,20,1,[9 3],21,72,73,51,48
1,<environment.Job instance at 0x7fa9ef172370>,21,14,[10  4],22,73,87,51,58
1,<environment.Job instance at 0x7fa9ef172fa0>,22,1,[ 3 10],23,75,76,52,58
1,<environment.Job instance at 0x7fa9ef172190>,23,13,[6 4],24,87,100,63,71
1,<environment.Job instance at 0x7fa9ef172e60>,24,1,[5 4],25,72,73,47,71
1,<environment.Job instance at 0x7fa9ef172460>,25,2,[5 4],26,76,78,50,71
1,<environment.Job instance at 0x7fa9ef186230>,26,2,[7 5],27,87,89,60,71
1,<environment.Job instance at 0x7fa9ee49cb40>,1,26,[6 3],2,89,115,87,86
1,<environment.Job instance at 0x7fa9ef186050>,28,17,[ 1 13],29,115,132,86,103
1,<environment.Job instance at 0x7fa9ef186370>,29,2,[12  1],30,115,117,85,103
1,<environment.Job instance at 0x7fa9ef186730>,30,14,[2 7],31,132,146,101,117
1,<environment.Job instance at 0x7fa9ef186500>,27,13,[ 2 13],28,146,159,118,133
1,<environment.Job instance at 0x7fa9ee069960>,87,3,[12  2],88,133,136,45,133
1,<environment.Job instance at 0x7fa9ef197c30>,0,3,[2 8],1,1,4,0,1
1,<environment.Job instance at 0x7fa9ef197780>,1,17,[5 5],2,2,19,0,2
1,<environment.Job instance at 0x7fa9eeab92d0>,2,13,[8 4],3,4,17,1,3
1,<environment.Job instance at 0x7fa9ee5ed550>,3,16,[5 2],4,17,33,13,4
1,<environment.Job instance at 0x7fa9ee5ed7d0>,7,12,[5 5],8,17,29,9,8
1,<environment.Job instance at 0x7fa9ee5eda00>,8,16,[5 9],9,29,45,20,16
1,<environment.Job instance at 0x7fa9ee5edb40>,13,14,[2 7],14,45,59,31,30
1,<environment.Job instance at 0x7fa9ee5ede10>,18,14,[8 5],19,33,47,14,30
1,<environment.Job instance at 0x7fa9ee5e71e0>,21,12,[5 6],22,47,59,25,30
1,<environment.Job instance at 0x7fa9ee5e7320>,23,17,[2 5],24,59,76,35,47
1,<environment.Job instance at 0x7fa9ee5e73c0>,24,17,[2 6],25,59,76,34,47
1,<environment.Job instance at 0x7fa9ee5e7460>,25,14,[3 5],26,76,90,50,61
1,<environment.Job instance at 0x7fa9ee5e75a0>,27,16,[ 2 10],28,76,92,48,63
1,<environment.Job instance at 0x7fa9ee5e76e0>,29,14,[3 9],30,92,106,62,77
1,<environment.Job instance at 0x7fa9ee5e7960>,30,15,[ 3 10],31,106,121,75,92
1,<environment.Job instance at 0x7fa9ee5e78c0>,31,12,[10  5],32,92,104,60,92
1,<environment.Job instance at 0x7fa9ee5ed6e0>,10,12,[4 6],11,121,133,110,104
1,<environment.Job instance at 0x7fa9ee5e7a00>,33,2,[5 6],34,104,106,70,104
1,<environment.Job instance at 0x7fa9ee5e7050>,32,16,[5 8],33,121,137,88,108
1,<environment.Job instance at 0x7fa9ee5e7be0>,36,17,[4 9],37,137,154,100,125
1,<environment.Job instance at 0x7f2b1dd70410>,2,12,[5 4],3,3,15,0,3
1,<environment.Job instance at 0x7f2b274e8230>,0,18,[ 2 10],1,3,21,2,3
1,<environment.Job instance at 0x7f2b1dd70550>,5,13,[5 9],6,21,34,15,6
1,<environment.Job instance at 0x7f2b1dd705f0>,7,14,[5 1],8,8,22,0,8
1,<environment.Job instance at 0x7f2b1dd70960>,10,1,[7 3],11,15,16,4,11
1,<environment.Job instance at 0x7f2b1dd708c0>,8,17,[ 2 10],9,34,51,25,22
1,<environment.Job instance at 0x7f2b1dd70a50>,12,3,[6 3],13,22,25,9,22
1,<environment.Job instance at 0x7f2b1dd70b90>,13,13,[1 8],14,51,64,37,35
1,<environment.Job instance at 0x7f2b1dd70d70>,14,12,[3 7],15,51,63,36,35
1,<environment.Job instance at 0x7f2b1dd70eb0>,16,12,[1 8],17,64,76,47,47
1,<environment.Job instance at 0x7f2b1dd70be0>,18,16,[8 5],19,63,79,44,50
1,<environment.Job instance at 0x7f2b1dd70c80>,11,2,[3 9],12,76,78,64,51
1,<environment.Job instance at 0x7f2b1dd723c0>,24,3,[5 9],25,78,81,53,53
1,<environment.Job instance at 0x7f2b1dd72550>,25,3,[1 6],26,79,82,53,57
1,<environment.Job instance at 0x7f2b1dd72320>,23,18,[5 2],24,81,99,57,70
1,<environment.Job instance at 0x7f2b1dd727d0>,29,13,[1 6],30,81,94,51,70
1,<environment.Job instance at 0x7f2b1dd72910>,31,17,[4 9],32,94,111,62,82
1,<environment.Job instance at 0x7f2b1dd729b0>,32,17,[9 3],33,99,116,66,87
1,<environment.Job instance at 0x7f2b1dd72c30>,35,16,[8 1],36,116,132,80,103
1,<environment.Job instance at 0x7f2b1dd72be0>,37,14,[5 5],38,111,125,73,103
1,<environment.Job instance at 0x7f2b1dd72c80>,38,12,[3 6],39,125,137,86,108
1,<environment.Job instance at 0x7f2b1dd72e10>,39,18,[5 8],40,132,150,92,121
1,<environment.Job instance at 0x7f2b1dd72f50>,41,14,[6 1],42,132,146,90,121
1,<environment.Job instance at 0x7f2b1dd72f00>,42,14,[8 4],43,146,160,103,131
1,<environment.Job instance at 0x7f2b1dd76230>,45,16,[6 2],46,150,166,104,137
1,<environment.Job instance at 0x7f2b1dd76410>,48,13,[6 1],49,160,173,111,144
1,<environment.Job instance at 0x7f2b1dd76870>,54,14,[1 7],55,150,164,95,144
1,<environment.Job instance at 0x7f2b1dd8a9b0>,0,13,[2 6],1,1,14,0,1
1,<environment.Job instance at 0x7f2b1dd76870>,2,16,[6 2],3,3,19,0,3
1,<environment.Job instance at 0x7f2b1e5379b0>,3,1,[5 6],4,6,7,2,6
1,<environment.Job instance at 0x7f2b1e3b6eb0>,6,2,[8 2],7,14,16,7,7
1,<environment.Job instance at 0x7f2b1e3b6730>,7,17,[3 8],8,16,33,8,8
1,<environment.Job instance at 0x7f2b1e3b6960>,10,12,[6 3],11,16,28,5,15
1,<environment.Job instance at 0x7f2b1e3b6640>,11,3,[1 5],12,28,31,16,17
1,<environment.Job instance at 0x7f2b1e3b6140>,12,1,[10  1],13,28,29,15,18
1,<environment.Job instance at 0x7f2b1e537280>,9,3,[4 8],10,33,36,23,18
1,<environment.Job instance at 0x7f2b1e537730>,5,14,[3 8],6,36,50,30,21
1,<environment.Job instance at 0x7f2b1e3b6f00>,15,3,[5 5],16,31,34,15,21
1,<environment.Job instance at 0x7f2b1e3b6f50>,17,18,[5 2],18,29,47,11,21
1,<environment.Job instance at 0x7f2b1d4220f0>,18,18,[4 6],19,47,65,28,36
1,<environment.Job instance at 0x7f2b1d784140>,19,16,[3 5],20,50,66,30,37
1,<environment.Job instance at 0x7f2b1d4b5190>,20,3,[9 1],21,65,68,44,39
1,<environment.Job instance at 0x7f2b1d86eb40>,21,14,[5 3],22,50,64,28,39
1,<environment.Job instance at 0x7f2b1d86eaf0>,23,12,[1 7],24,65,77,41,48
1,<environment.Job instance at 0x7f2b1d785c80>,27,13,[ 4 10],28,77,90,49,61
1,<environment.Job instance at 0x7f2b1d3ddcd0>,28,14,[4 7],29,90,104,61,75
1,<environment.Job instance at 0x7f2b1d498e60>,29,23,[2 8],30,90,113,60,87
1,<environment.Job instance at 0x7f2b1d882b90>,30,12,[2 5],31,104,116,73,87
1,<environment.Job instance at 0x7f2b1d882aa0>,34,12,[5 7],35,113,125,78,96
1,<environment.Job instance at 0x7f2b1e3b6410>,13,15,[4 8],14,116,131,102,104
1,<environment.Job instance at 0x7f2b1d84c050>,35,17,[10  5],36,125,142,89,113
1,<environment.Job instance at 0x7f2b1e3b67d0>,8,16,[3 9],9,131,147,122,120
1,<environment.Job instance at 0x7f2b1d84c0f0>,38,14,[8 5],39,142,156,103,127
1,<environment.Job instance at 0x7f2b1e3b6320>,14,13,[1 9],15,147,160,132,131
1,<environment.Job instance at 0x7f2b1d818eb0>,41,3,[8 2],42,156,159,114,131
1,<environment.Job instance at 0x7f2b1d818f50>,44,17,[10  5],45,159,176,114,147
1,<environment.Job instance at 0x7f2b1d8bc190>,1,16,[1 9],2,160,176,158,147
1,<environment.Job instance at 0x7f2b1d3e9e60>,0,17,[4 5],1,1,18,0,1
1,<environment.Job instance at 0x7f2b1d3e9e10>,3,13,[8 3],4,4,17,0,4
1,<environment.Job instance at 0x7f2b1dd767d0>,1,2,[3 8],2,17,19,15,5
1,<environment.Job instance at 0x7f2b1d41c7d0>,6,15,[7 3],7,18,33,11,7
1,<environment.Job instance at 0x7f2b1d41ceb0>,7,17,[7 5],8,19,36,11,8
1,<environment.Job instance at 0x7f2b1d41cc80>,8,1,[12  5],9,36,37,27,9
1,<environment.Job instance at 0x7f2b1d41c0a0>,9,1,[8 5],10,33,34,23,10
1,<environment.Job instance at 0x7f2b1d41ce10>,13,2,[3 5],14,14,16,0,14
1,<environment.Job instance at 0x7f2b1d41c640>,12,2,[7 1],13,34,36,21,20
1,<environment.Job instance at 0x7f2b1d3e9050>,11,15,[10  3],12,37,52,25,23
1,<environment.Job instance at 0x7f2b1d41c960>,10,14,[2 8],11,36,50,25,23
1,<environment.Job instance at 0x7f2b1d41c320>,15,2,[4 6],16,50,52,34,36
1,<environment.Job instance at 0x7f2b1d41c230>,17,14,[7 1],18,52,66,34,37
1,<environment.Job instance at 0x7f2b1d41c5a0>,19,17,[4 8],20,52,69,32,40
1,<environment.Job instance at 0x7f2b1d41cf00>,20,14,[ 3 10],21,69,83,48,54
1,<environment.Job instance at 0x7f2b1d41cf50>,22,2,[9 3],23,66,68,43,54
1,<environment.Job instance at 0x7f2b1d45b8c0>,24,3,[5 8],25,83,86,58,57
1,<environment.Job instance at 0x7f2b1d45baa0>,25,2,[2 6],26,57,59,31,57
1,<environment.Job instance at 0x7f2b1d41caf0>,23,15,[7 4],24,68,83,44,57
1,<environment.Job instance at 0x7f2b1d45b910>,26,15,[6 2],27,83,98,56,69
1,<environment.Job instance at 0x7f2b1d45b050>,31,16,[2 8],32,86,102,54,73
1,<environment.Job instance at 0x7f2b1d45b2d0>,32,2,[6 1],33,86,88,53,73
1,<environment.Job instance at 0x7f2b1d45bbe0>,33,13,[2 5],34,88,101,54,73
1,<environment.Job instance at 0x7f2b1d45bfa0>,38,14,[10  4],39,101,115,62,86
1,<environment.Job instance at 0x7f2b1d45bdc0>,39,16,[1 7],40,102,118,62,91
1,<environment.Job instance at 0x7f2b1dbb19b0>,41,15,[3 5],42,115,130,73,101
1,<environment.Job instance at 0x7f2b1e209370>,42,20,[7 3],43,115,135,72,106
1,<environment.Job instance at 0x7f2b1e209410>,44,12,[3 5],45,118,130,73,106
1,<environment.Job instance at 0x7f2b1d41c140>,18,3,[5 1],19,130,133,111,110
1,<environment.Job instance at 0x7f2b1dba85f0>,45,17,[6 3],46,133,150,87,121
1,<environment.Job instance at 0x7f2b1e2041e0>,48,17,[2 8],49,130,147,81,121
1,<environment.Job instance at 0x7f2b1e2185f0>,51,14,[3 6],52,147,161,95,132
1,<environment.Job instance at 0x7f2b1e2b3280>,52,15,[7 3],53,150,165,97,136
1,<environment.Job instance at 0x7f2b1e2b3dc0>,54,12,[2 9],55,161,173,106,144
1,<environment.Job instance at 0x7f2b1d9f7780>,0,1,[2 9],1,2,3,1,2
1,<environment.Job instance at 0x7f2b1d9f7690>,1,3,[9 3],2,2,5,0,2
1,<environment.Job instance at 0x7f2b1dd1a910>,3,13,[9 5],4,5,18,1,4
1,<environment.Job instance at 0x7f2b1d4bcc30>,4,15,[ 1 10],5,5,20,0,5
1,<environment.Job instance at 0x7f2b1d776eb0>,6,2,[9 2],7,18,20,11,7
1,<environment.Job instance at 0x7f2b1d9f9870>,7,2,[5 2],8,18,20,10,8
1,<environment.Job instance at 0x7f2b1d9f96e0>,8,2,[6 5],9,20,22,11,9
1,<environment.Job instance at 0x7f2b1d9f7f50>,9,3,[8 5],10,20,23,10,10
1,<environment.Job instance at 0x7f2b1d4d00f0>,10,13,[3 8],11,22,35,11,11
1,<environment.Job instance at 0x7f2b1d84c8c0>,13,14,[3 6],14,23,37,9,14
1,<environment.Job instance at 0x7f2b1d84c820>,15,1,[3 6],16,35,36,19,16
1,<environment.Job instance at 0x7f2b1d88fc80>,19,14,[2 6],20,36,50,16,21
1,<environment.Job instance at 0x7f2b1d8ccd70>,20,2,[6 5],21,37,39,16,34
1,<environment.Job instance at 0x7f2b1dec58c0>,21,14,[1 9],22,39,53,17,34
1,<environment.Job instance at 0x7f2b274e8280>,22,12,[4 9],23,53,65,30,36
1,<environment.Job instance at 0x7f2b1d955280>,17,13,[6 5],18,50,63,32,36
1,<environment.Job instance at 0x7f2b1d955e10>,18,2,[7 3],19,63,65,44,47
1,<environment.Job instance at 0x7f2b1da3b5a0>,23,18,[4 8],24,65,83,41,54
1,<environment.Job instance at 0x7f2b1da3bbe0>,25,14,[7 3],26,65,79,39,54
1,<environment.Job instance at 0x7f2b1da3bb90>,27,3,[5 6],28,79,82,51,58
1,<environment.Job instance at 0x7f2b1da3b4b0>,28,12,[5 6],29,82,94,53,65
1,<environment.Job instance at 0x7f2b1d84cd20>,16,15,[ 5 10],17,94,109,77,80
1,<environment.Job instance at 0x7f2b1d4bfb90>,29,1,[ 4 10],30,109,110,79,81
1,<environment.Job instance at 0x7f2b1da3b230>,24,17,[7 4],25,83,100,58,81
1,<environment.Job instance at 0x7f2b1dde9fa0>,35,19,[7 5],36,100,119,64,91
1,<environment.Job instance at 0x7f2b1d4bf4b0>,30,1,[10  3],31,119,120,88,92
1,<environment.Job instance at 0x7f2b1d81d6e0>,31,24,[4 8],32,110,134,78,105
1,<environment.Job instance at 0x7f2b1e236cd0>,38,1,[2 5],39,120,121,81,105
1,<environment.Job instance at 0x7f2b1d9eacd0>,39,3,[4 8],40,134,137,94,108
1,<environment.Job instance at 0x7f2b1d9fcdc0>,40,14,[ 4 10],41,137,151,96,122
1,<environment.Job instance at 0x7f2b1d9fc9b0>,41,1,[11  1],42,122,123,80,122
1,<environment.Job instance at 0x7f2b1d9fc190>,42,17,[2 5],43,123,140,80,122
1,<environment.Job instance at 0x7f2b1d47c190>,43,14,[8 2],44,123,137,79,122
1,<environment.Job instance at 0x7f2b1d47c780>,44,2,[4 9],45,151,153,106,124
1,<environment.Job instance at 0x7f2b1d47cb40>,45,2,[7 5],46,140,142,94,124
1,<environment.Job instance at 0x7f2b1d47ca00>,46,18,[8 2],47,142,160,95,131
1,<environment.Job instance at 0x7f2b1d47caf0>,47,18,[6 2],48,153,171,105,142
1,<environment.Job instance at 0x7f2b1d47c2d0>,48,3,[9 1],49,160,163,111,142
1,<environment.Job instance at 0x7f2b1da99820>,1,3,[5 9],2,2,5,0,2
1,<environment.Job instance at 0x7f2b1da99b40>,2,2,[7 4],3,3,5,0,3
1,<environment.Job instance at 0x7f2b1da99280>,3,3,[5 5],4,5,8,1,4
1,<environment.Job instance at 0x7f2b1dbe1320>,4,2,[9 2],5,5,7,0,5
1,<environment.Job instance at 0x7f2b1da99a00>,5,13,[3 9],6,7,20,1,6
1,<environment.Job instance at 0x7f2b1dea09b0>,6,18,[9 4],7,8,26,1,7
1,<environment.Job instance at 0x7f2b1e1d8b90>,7,17,[3 5],8,20,37,12,8
1,<environment.Job instance at 0x7f2b1e1d8820>,8,17,[2 6],9,20,37,11,9
1,<environment.Job instance at 0x7f2b1e1bf320>,9,2,[ 4 10],10,37,39,27,10
1,<environment.Job instance at 0x7f2b1e1d8460>,10,1,[9 5],11,37,38,26,11
1,<environment.Job instance at 0x7f2b1e1ce050>,13,17,[5 3],14,38,55,24,26
1,<environment.Job instance at 0x7f2b1e1ce2d0>,16,13,[3 9],17,39,52,22,26
1,<environment.Job instance at 0x7f2b1e1ce5f0>,17,14,[2 5],18,52,66,34,37
1,<environment.Job instance at 0x7f2b1e1ce230>,18,16,[6 5],19,52,68,33,39
1,<environment.Job instance at 0x7f2b1e1ce370>,19,3,[5 9],20,66,69,46,40
1,<environment.Job instance at 0x7f2b1e1c40a0>,22,15,[2 5],23,68,83,45,54
1,<environment.Job instance at 0x7f2b1e1ce190>,15,13,[8 5],16,69,82,53,54
1,<environment.Job instance at 0x7f2b1e1c4370>,23,14,[4 8],24,82,96,58,67
1,<environment.Job instance at 0x7f2b1e1c4820>,24,16,[9 2],25,82,98,57,69
1,<environment.Job instance at 0x7f2b1e1c4c30>,27,1,[3 6],28,96,97,68,69
1,<environment.Job instance at 0x7f2b1e1c4b40>,28,13,[6 1],29,97,110,68,81
1,<environment.Job instance at 0x7f2b1e1c46e0>,29,13,[1 8],30,98,111,68,82
1,<environment.Job instance at 0x7f2b1e1c4780>,30,3,[10  4],31,110,113,79,84
1,<environment.Job instance at 0x7f2b1e1cd910>,31,13,[6 5],32,113,126,81,97
1,<environment.Job instance at 0x7f2b1e1cdeb0>,32,13,[ 5 10],33,111,124,78,98
1,<environment.Job instance at 0x7f2b1e1cddc0>,33,15,[6 1],34,124,139,90,110
1,<environment.Job instance at 0x7f2b1e1cde60>,34,3,[7 4],35,126,129,91,110
1,<environment.Job instance at 0x7f2b1e1cda50>,35,3,[9 4],36,129,132,93,110
1,<environment.Job instance at 0x7f2b1e1cd500>,36,2,[5 5],37,132,134,95,110
1,<environment.Job instance at 0x7f2b1d31f320>,37,1,[10  3],38,139,140,101,111
1,<environment.Job instance at 0x7f2b1e1cef00>,12,15,[10  1],13,140,155,127,127
1,<environment.Job instance at 0x7f2b1e3b6050>,39,16,[10  2],40,155,171,115,142
1,<environment.Job instance at 0x7f2b1db80370>,1,18,[4 8],2,2,20,0,2
1,<environment.Job instance at 0x7f2b1d7b8d70>,6,12,[2 7],7,7,19,0,7
1,<environment.Job instance at 0x7f2b1d7b83c0>,2,15,[4 8],3,20,35,17,7
1,<environment.Job instance at 0x7f2b1d7b8e60>,9,1,[ 5 14],10,35,36,25,10
1,<environment.Job instance at 0x7f2b1dac3eb0>,10,2,[5 1],11,19,21,8,11
1,<environment.Job instance at 0x7f2b1dac36e0>,11,12,[5 5],12,19,31,7,12
1,<environment.Job instance at 0x7f2b1dac3d70>,12,16,[3 8],13,36,52,23,24
1,<environment.Job instance at 0x7f2b1dac35f0>,13,13,[7 4],14,36,49,22,24
1,<environment.Job instance at 0x7f2b1dac3640>,14,3,[7 4],15,31,34,16,24
1,<environment.Job instance at 0x7f2b1dac3fa0>,15,2,[4 5],16,49,51,33,24
1,<environment.Job instance at 0x7f2b1dac3370>,16,18,[10  2],17,51,69,34,40
1,<environment.Job instance at 0x7f2b1dac3910>,17,2,[7 4],18,69,71,51,42
1,<environment.Job instance at 0x7f2b1d7b8730>,7,14,[ 4 10],8,52,66,44,42
1,<environment.Job instance at 0x7f2b1d7b8280>,8,18,[4 6],9,66,84,57,55
1,<environment.Job instance at 0x7f2b1d7b8c80>,4,14,[3 8],5,71,85,66,56
1,<environment.Job instance at 0x7f2b1dac30f0>,23,13,[5 5],24,84,97,60,68
1,<environment.Job instance at 0x7f2b1dac6190>,25,14,[4 6],26,85,99,59,70
1,<environment.Job instance at 0x7f2b1dac6320>,34,13,[5 3],35,85,98,50,70
1,<environment.Job instance at 0x7f2b1dac6460>,35,12,[8 5],36,98,110,62,81
1,<environment.Job instance at 0x7f2b1dac6230>,36,14,[6 4],37,99,113,62,84
1,<environment.Job instance at 0x7f2b1d38c870>,38,17,[3 7],39,110,127,71,98
1,<environment.Job instance at 0x7f2b1d38c140>,40,13,[5 3],41,110,123,69,98
1,<environment.Job instance at 0x7f2b1d38c7d0>,41,17,[2 7],42,123,140,81,111
1,<environment.Job instance at 0x7f2b1d38cb90>,42,17,[6 4],43,127,144,84,115
1,<environment.Job instance at 0x7f2b1d38c500>,43,12,[7 4],44,127,139,83,115
1,<environment.Job instance at 0x7f2b1d38c190>,50,14,[ 2 10],51,140,154,89,125
1,<environment.Job instance at 0x7f2b1dac3f00>,19,16,[7 2],20,144,160,124,131
1,<environment.Job instance at 0x7f2b1d38caa0>,52,16,[ 3 10],53,154,170,101,141
1,<environment.Job instance at 0x7f2b1d38c0a0>,54,16,[5 5],55,160,176,105,147
1,<environment.Job instance at 0x7f2b1e1ced20>,0,1,[8 1],1,1,2,0,1
1,<environment.Job instance at 0x7f2b1e1ce190>,2,2,[3 6],3,3,5,0,3
1,<environment.Job instance at 0x7f2b1e1ce0f0>,4,3,[4 5],5,5,8,0,5
1,<environment.Job instance at 0x7f2b1e1ce780>,5,18,[9 2],6,6,24,0,6
1,<environment.Job instance at 0x7f2b1e1ceb40>,6,3,[5 8],7,8,11,1,7
1,<environment.Job instance at 0x7f2b1e1cee60>,7,20,[1 8],8,11,31,3,8
1,<environment.Job instance at 0x7f2b1e1ce280>,8,3,[6 1],9,24,27,15,9
1,<environment.Job instance at 0x7f2b1e1ce730>,9,3,[8 2],10,24,27,14,10
1,<environment.Job instance at 0x7f2b1dbd7690>,14,3,[2 7],15,27,30,12,15
1,<environment.Job instance at 0x7f2b1dbd7c30>,16,12,[3 9],17,31,43,14,17
1,<environment.Job instance at 0x7f2b1e412050>,13,16,[8 1],14,30,46,16,18
1,<environment.Job instance at 0x7f2b1dbd7aa0>,19,18,[6 1],20,43,61,23,32
1,<environment.Job instance at 0x7f2b1dbd7730>,20,15,[2 8],21,46,61,25,32
1,<environment.Job instance at 0x7f2b1dbd7c80>,22,12,[6 1],23,46,58,23,32
1,<environment.Job instance at 0x7f2b1dbd7b90>,25,16,[10  5],26,61,77,35,48
1,<environment.Job instance at 0x7f2b1dbd70f0>,27,16,[1 7],28,61,77,33,48
1,<environment.Job instance at 0x7f2b1dbd71e0>,29,18,[2 7],30,77,95,47,66
1,<environment.Job instance at 0x7f2b1dbd7460>,30,15,[4 7],31,77,92,46,66
1,<environment.Job instance at 0x7f2b1d3601e0>,33,16,[9 4],34,92,108,58,79
1,<environment.Job instance at 0x7f2b1d360410>,34,13,[8 2],35,108,121,73,92
1,<environment.Job instance at 0x7f2b1e8a9140>,38,13,[2 5],39,95,108,56,92
1,<environment.Job instance at 0x7f2b1e8a95a0>,41,12,[3 7],42,108,120,66,92
1,<environment.Job instance at 0x7f2b1dea0870>,44,17,[8 1],45,121,138,76,109
1,<environment.Job instance at 0x7f2b1dbe3eb0>,46,19,[2 9],47,120,139,73,110
1,<environment.Job instance at 0x7f2b1dbe36e0>,49,18,[2 7],50,139,157,89,128
1,<environment.Job instance at 0x7f2b1dbe3b40>,51,18,[3 8],52,139,157,87,128
1,<environment.Job instance at 0x7f2b1dbe3910>,54,15,[4 8],55,157,172,102,143
1,<environment.Job instance at 0x7f2b1dbe38c0>,56,16,[1 6],57,157,173,100,144
1,<environment.Job instance at 0x7f2b1e7f92d0>,0,13,[2 6],1,1,14,0,1
1,<environment.Job instance at 0x7f2b1e202e10>,1,13,[10  4],2,2,15,0,2
1,<environment.Job instance at 0x7f2b1d48a410>,4,15,[5 6],5,14,29,9,5
1,<environment.Job instance at 0x7f2b1d48acd0>,5,1,[5 9],6,15,16,9,6
1,<environment.Job instance at 0x7f2b1d48aa00>,6,17,[2 5],7,16,33,9,7
1,<environment.Job instance at 0x7f2b1d48a910>,7,2,[11  4],8,29,31,21,8
1,<environment.Job instance at 0x7f2b1d48abe0>,10,3,[8 3],11,16,19,5,14
1,<environment.Job instance at 0x7f2b1d48a960>,8,12,[9 3],9,31,43,22,14
1,<environment.Job instance at 0x7f2b1d45a5a0>,13,16,[ 1 12],14,33,49,19,20
1,<environment.Job instance at 0x7f2b1e548230>,12,2,[3 6],13,31,33,18,20
1,<environment.Job instance at 0x7f2b1d48ac30>,9,13,[6 4],10,49,62,39,33
1,<environment.Job instance at 0x7f2b1d45a7d0>,14,12,[9 1],15,43,55,28,33
1,<environment.Job instance at 0x7f2b1d45ac30>,18,19,[ 3 11],19,55,74,36,45
1,<environment.Job instance at 0x7f2b1d45a9b0>,17,17,[1 9],18,74,91,56,62
1,<environment.Job instance at 0x7f2b1d45a3c0>,20,17,[10  1],21,62,79,41,62
1,<environment.Job instance at 0x7f2b1d45a730>,21,14,[5 8],22,91,105,69,76
1,<environment.Job instance at 0x7f2b1d468cd0>,22,13,[7 2],23,79,92,56,76
1,<environment.Job instance at 0x7f2b1e386be0>,24,17,[7 2],25,92,109,67,80
1,<environment.Job instance at 0x7f2b1d45aa50>,15,15,[3 9],16,105,120,89,91
1,<environment.Job instance at 0x7f2b1d44d0f0>,27,3,[1 9],28,120,123,92,94
1,<environment.Job instance at 0x7f2b1e5452d0>,28,13,[4 6],29,109,122,80,96
1,<environment.Job instance at 0x7f2b1e545640>,29,15,[10  2],30,122,137,92,111
1,<environment.Job instance at 0x7f2b1e5562d0>,30,12,[7 4],31,137,149,106,120
1,<environment.Job instance at 0x7f2b1e556dc0>,31,1,[4 5],32,123,124,91,120
1,<environment.Job instance at 0x7f2b1e556c30>,32,3,[8 1],33,137,140,104,120
1,<environment.Job instance at 0x7f2b1d44dcd0>,26,21,[5 5],27,140,161,113,132
1,<environment.Job instance at 0x7f2b1e556b40>,34,16,[7 4],35,149,165,114,136
1,<environment.Job instance at 0x7f2b1e548190>,1,2,[1 9],2,2,4,0,2
1,<environment.Job instance at 0x7f2b1e548e60>,2,3,[10  4],3,3,6,0,3
1,<environment.Job instance at 0x7f2b1e548910>,3,13,[8 4],4,6,19,2,4
1,<environment.Job instance at 0x7f2b1e548500>,0,18,[6 4],1,6,24,5,4
1,<environment.Job instance at 0x7f2b1d772d70>,4,3,[9 3],5,19,22,14,5
1,<environment.Job instance at 0x7f2b1e548410>,6,1,[5 2],7,22,23,15,8
1,<environment.Job instance at 0x7f2b1e5482d0>,7,13,[10  4],8,24,37,16,8
1,<environment.Job instance at 0x7f2b1e570910>,11,16,[ 5 11],12,23,39,11,18
1,<environment.Job instance at 0x7f2b1e5707d0>,12,16,[5 4],13,37,53,24,24
1,<environment.Job instance at 0x7f2b1e570280>,13,3,[ 4 10],14,39,42,25,24
1,<environment.Job instance at 0x7f2b1e570230>,14,3,[10  2],15,42,45,27,24
1,<environment.Job instance at 0x7f2b1e547fa0>,8,13,[8 5],9,45,58,36,33
1,<environment.Job instance at 0x7f2b1e570e60>,16,1,[12  2],17,58,59,41,33
1,<environment.Job instance at 0x7f2b1e570140>,10,13,[12  1],11,59,72,48,43
1,<environment.Job instance at 0x7f2b1e5709b0>,18,2,[1 9],19,53,55,34,43
1,<environment.Job instance at 0x7f2b1e570820>,17,18,[1 6],18,55,73,37,51
1,<environment.Job instance at 0x7f2b1e570a00>,19,14,[5 1],20,72,86,52,57
1,<environment.Job instance at 0x7f2b1e570be0>,21,2,[ 5 10],22,73,75,51,57
1,<environment.Job instance at 0x7f2b1e570fa0>,22,14,[7 3],23,75,89,52,60
1,<environment.Job instance at 0x7f2b1e570410>,23,3,[6 2],24,86,89,62,60
1,<environment.Job instance at 0x7f2b1e570050>,24,1,[7 4],25,72,73,47,61
1,<environment.Job instance at 0x7f2b1e55dfa0>,25,3,[9 2],26,89,92,63,63
1,<environment.Job instance at 0x7f2b1e55d0a0>,29,18,[6 2],30,89,107,59,78
1,<environment.Job instance at 0x7f2b1e570b90>,20,17,[9 2],21,92,109,71,86
1,<environment.Job instance at 0x7f2b1e8cab40>,35,14,[5 7],36,107,121,71,94
1,<environment.Job instance at 0x7f2b1e8ca8c0>,36,16,[9 2],37,109,125,72,98
1,<environment.Job instance at 0x7f2b1e548a50>,5,16,[7 3],6,125,141,119,115
1,<environment.Job instance at 0x7f2b1e8cae60>,39,2,[8 2],40,125,127,85,115
1,<environment.Job instance at 0x7f2b1e8cabe0>,40,2,[5 4],41,121,123,80,115
1,<environment.Job instance at 0x7f2b1e8ca3c0>,41,2,[6 1],42,123,125,81,115
1,<environment.Job instance at 0x7f2b1e8cadc0>,42,12,[1 9],43,127,139,84,115
1,<environment.Job instance at 0x7f2b1e8caa00>,43,1,[7 3],44,127,128,83,115
1,<environment.Job instance at 0x7f2b1e3e7370>,44,2,[2 5],45,139,141,94,115
1,<environment.Job instance at 0x7f2b1e8ca370>,38,21,[5 1],39,128,149,89,121
1,<environment.Job instance at 0x7f2b1e3e7c30>,45,16,[4 9],46,141,157,95,129
1,<environment.Job instance at 0x7f2b1e3e78c0>,47,3,[ 1 10],48,157,160,109,131
1,<environment.Job instance at 0x7f2b1e3e7b90>,48,2,[5 7],49,160,162,111,133
1,<environment.Job instance at 0x7f2b1e3e7870>,46,18,[5 5],47,141,159,94,139
1,<environment.Job instance at 0x7f2b1e3ee460>,0,13,[2 8],1,1,14,0,1
1,<environment.Job instance at 0x7f2b1e3eeaf0>,1,1,[10  1],2,2,3,0,2
1,<environment.Job instance at 0x7f2b1e4dc730>,4,13,[5 8],5,14,27,9,5
1,<environment.Job instance at 0x7f2b1e4e4e60>,8,16,[9 1],9,9,25,0,9
1,<environment.Job instance at 0x7f2b1e4e4dc0>,9,2,[10  2],10,25,27,15,15
1,<environment.Job instance at 0x7f2b1e4e4b90>,15,14,[1 7],16,27,41,11,18
1,<environment.Job instance at 0x7f2b1e4c9fa0>,19,14,[2 8],20,27,41,7,20
1,<environment.Job instance at 0x7f2b1e4c9be0>,17,18,[1 9],18,41,59,23,30
1,<environment.Job instance at 0x7f2b1e4c96e0>,23,26,[7 1],24,41,67,17,38
1,<environment.Job instance at 0x7f2b1e4c90a0>,22,18,[10  5],23,67,85,44,56
1,<environment.Job instance at 0x7f2b1de959b0>,25,18,[5 6],26,59,77,33,56
1,<environment.Job instance at 0x7f2b1d380e10>,32,18,[9 1],33,85,103,52,77
1,<environment.Job instance at 0x7f2b1d383550>,33,13,[3 9],34,78,91,44,78
1,<environment.Job instance at 0x7f2b1d383230>,34,15,[2 7],35,91,106,56,78
1,<environment.Job instance at 0x7f2b1d763eb0>,36,13,[1 6],37,91,104,54,78
1,<environment.Job instance at 0x7f2b1e15c690>,39,12,[5 8],40,104,116,64,87
1,<environment.Job instance at 0x7f2b1e15cc80>,40,12,[4 6],41,106,118,65,89
1,<environment.Job instance at 0x7f2b1d758aa0>,48,15,[3 8],49,116,131,67,103
1,<environment.Job instance at 0x7f2b1d821050>,50,13,[5 8],51,131,144,80,115
1,<environment.Job instance at 0x7f2b1d74ecd0>,54,17,[8 5],55,118,135,63,115
1,<environment.Job instance at 0x7f2b1d76e0f0>,59,19,[2 5],60,135,154,75,125
1,<environment.Job instance at 0x7f2b1d77aaf0>,68,13,[6 2],69,135,148,66,126
1,<environment.Job instance at 0x7f2b1d77abe0>,69,12,[7 5],70,144,156,74,127
1,<environment.Job instance at 0x7f2b1d77a780>,71,12,[5 8],72,154,166,82,137
1,<environment.Job instance at 0x7f2b1d77a1e0>,73,18,[9 2],74,156,174,82,145
1,<environment.Job instance at 0x7f2b1e27a910>,1,17,[9 4],2,2,19,0,2
1,<environment.Job instance at 0x7f2b1d844730>,2,2,[8 4],3,19,21,16,4
1,<environment.Job instance at 0x7f2b1e27a3c0>,4,1,[5 9],5,6,7,1,6
1,<environment.Job instance at 0x7f2b1e27a9b0>,6,12,[9 1],7,21,33,14,7
1,<environment.Job instance at 0x7f2b1e27ac80>,7,3,[1 6],8,8,11,0,8
1,<environment.Job instance at 0x7f2b1e27a370>,9,13,[ 1 11],10,11,24,1,11
1,<environment.Job instance at 0x7f2b1e27ae10>,11,13,[9 3],12,33,46,21,17
1,<environment.Job instance at 0x7f2b1e27a5f0>,12,1,[1 7],13,24,25,11,17
1,<environment.Job instance at 0x7f2b1e27a870>,13,3,[ 4 11],14,25,28,11,17
1,<environment.Job instance at 0x7f2b1e27ae60>,14,2,[7 5],15,46,48,31,19
1,<environment.Job instance at 0x7f2b1e27a280>,15,19,[2 8],16,28,47,12,19
1,<environment.Job instance at 0x7f2b1e27a550>,5,14,[4 8],6,47,61,41,32
1,<environment.Job instance at 0x7f2b1dcd4230>,16,16,[ 1 10],17,61,77,44,48
1,<environment.Job instance at 0x7f2b1dcd41e0>,20,2,[10  4],21,48,50,27,48
1,<environment.Job instance at 0x7f2b1dcd40f0>,19,15,[ 5 10],20,77,92,57,63
1,<environment.Job instance at 0x7f2b1dcd4c80>,22,16,[2 8],23,92,108,69,79
1,<environment.Job instance at 0x7f2b1dcd4e10>,23,12,[3 9],24,108,120,84,91
1,<environment.Job instance at 0x7f2b1dcd4b40>,25,18,[4 6],26,92,110,66,91
1,<environment.Job instance at 0x7f2b1dcd4960>,26,15,[5 9],27,120,135,93,106
1,<environment.Job instance at 0x7f2b1dcd4050>,21,17,[ 2 10],22,135,152,113,123
1,<environment.Job instance at 0x7f2b1dcd4b90>,30,15,[8 4],31,123,138,92,123
1,<environment.Job instance at 0x7f2b1dcd4f50>,31,12,[8 1],32,138,150,106,123
1,<environment.Job instance at 0x7f2b1e26bbe0>,32,13,[5 3],33,138,151,105,123
1,<environment.Job instance at 0x7f2b1e26bc80>,33,3,[6 5],34,151,154,117,125
1,<environment.Job instance at 0x7f2b1e26ba50>,36,15,[3 9],37,152,167,115,138
1,<environment.Job instance at 0x7f2b1e26b370>,38,12,[5 4],39,154,166,115,138
1,<environment.Job instance at 0x7f2b1d0e2500>,0,2,[8 1],1,1,3,0,1
1,<environment.Job instance at 0x7f2b1e26bf00>,2,14,[5 2],3,3,17,0,3
1,<environment.Job instance at 0x7f2b1d0e2dc0>,3,3,[ 1 14],4,17,20,13,8
1,<environment.Job instance at 0x7f2b1d0e2be0>,8,1,[5 3],9,9,10,0,9
1,<environment.Job instance at 0x7f2b1d0e26e0>,9,3,[ 4 10],10,10,13,0,10
1,<environment.Job instance at 0x7f2b1d0e2780>,10,13,[5 8],11,20,33,9,11
1,<environment.Job instance at 0x7f2b1d0e28c0>,11,16,[5 2],12,20,36,8,12
1,<environment.Job instance at 0x7f2b1d0e2fa0>,6,1,[ 3 13],7,13,14,6,12
1,<environment.Job instance at 0x7f2b1d0e2320>,12,2,[5 4],13,14,16,1,13
1,<environment.Job instance at 0x7f2b1d0e21e0>,13,15,[ 3 10],14,33,48,19,19
1,<environment.Job instance at 0x7f2b1d0e2140>,14,12,[7 5],15,36,48,21,19
1,<environment.Job instance at 0x7f2b1d0e2c80>,5,3,[8 5],6,48,51,42,22
1,<environment.Job instance at 0x7f2b1d0e2d20>,15,14,[7 5],16,48,62,32,34
1,<environment.Job instance at 0x7f2b1d1af8c0>,21,3,[1 5],22,51,54,29,34
1,<environment.Job instance at 0x7f2b1d1afc30>,22,12,[8 2],23,54,66,31,37
1,<environment.Job instance at 0x7f2b1d1afe10>,23,12,[8 2],24,66,78,42,49
1,<environment.Job instance at 0x7f2b1d1afaa0>,24,1,[10  4],25,78,79,53,50
1,<environment.Job instance at 0x7f2b1d1affa0>,25,2,[8 4],26,79,81,53,52
1,<environment.Job instance at 0x7f2b1e26b870>,1,23,[5 9],2,62,85,60,56
1,<environment.Job instance at 0x7f2b1d1af500>,20,15,[10  5],21,81,96,60,67
1,<environment.Job instance at 0x7f2b1d1afbe0>,31,16,[8 4],32,96,112,64,83
1,<environment.Job instance at 0x7f2b1d1af190>,33,12,[6 5],34,96,108,62,83
1,<environment.Job instance at 0x7f2b1d1aff50>,27,12,[ 2 12],28,112,124,84,95
1,<environment.Job instance at 0x7f2b1d4db190>,36,1,[7 4],37,108,109,71,95
1,<environment.Job instance at 0x7f2b1d1af370>,35,15,[9 1],36,112,127,76,103
1,<environment.Job instance at 0x7f2b1d4dbe60>,40,15,[1 8],41,124,139,83,117
1,<environment.Job instance at 0x7f2b1d4db640>,43,13,[10  3],44,127,140,83,117
1,<environment.Job instance at 0x7f2b1d4db6e0>,44,14,[5 3],45,139,153,94,124
1,<environment.Job instance at 0x7f2b1d4db550>,47,14,[4 7],48,140,154,92,128
1,<environment.Job instance at 0x7f2b1db2de60>,50,12,[9 4],51,153,165,102,136
1,<environment.Job instance at 0x7f2b1db2d5a0>,52,14,[3 7],53,154,168,101,148
1,<environment.Job instance at 0x7f2b1da1b370>,0,15,[2 8],1,1,16,0,1
1,<environment.Job instance at 0x7f2b1db2d960>,1,3,[2 9],2,16,19,14,4
1,<environment.Job instance at 0x7f2b1da1bc30>,3,1,[8 3],4,4,5,0,4
1,<environment.Job instance at 0x7f2b1db2d5a0>,2,18,[2 5],3,5,23,2,4
1,<environment.Job instance at 0x7f2b1da1bdc0>,5,15,[8 4],6,19,34,13,6
1,<environment.Job instance at 0x7f2b1da1b690>,6,14,[2 6],7,19,33,12,7
1,<environment.Job instance at 0x7f2b1da1be60>,9,17,[5 4],10,23,40,13,12
1,<environment.Job instance at 0x7f2b26ed7eb0>,12,15,[10  3],13,34,49,21,20
1,<environment.Job instance at 0x7f2b26ed7280>,13,2,[1 7],14,40,42,26,20
1,<environment.Job instance at 0x7f2b26ed7910>,11,12,[2 8],12,42,54,30,26
1,<environment.Job instance at 0x7f2b26ed7b90>,14,18,[9 3],15,49,67,34,38
1,<environment.Job instance at 0x7f2b26ed7fa0>,16,14,[6 2],17,54,68,37,39
1,<environment.Job instance at 0x7f2b26ed72d0>,17,3,[8 3],18,67,70,49,41
1,<environment.Job instance at 0x7f2b26ed7f50>,19,14,[4 7],20,68,82,48,53
1,<environment.Job instance at 0x7f2b26ed7410>,20,14,[1 7],21,70,84,49,55
1,<environment.Job instance at 0x7f2b1e1eb5a0>,23,3,[6 1],24,70,73,46,55
1,<environment.Job instance at 0x7f2b1e1eb7d0>,24,14,[5 6],25,82,96,57,67
1,<environment.Job instance at 0x7f2b1e1ebb40>,27,17,[ 5 10],28,96,113,68,84
1,<environment.Job instance at 0x7f2b1e1ebcd0>,28,21,[2 5],29,84,105,55,84
1,<environment.Job instance at 0x7f2b1da1b050>,7,15,[6 2],8,105,120,97,93
1,<environment.Job instance at 0x7f2b1e1eb820>,30,15,[3 7],31,113,128,82,99
1,<environment.Job instance at 0x7f2b1d9328c0>,34,14,[5 3],35,113,127,78,100
1,<environment.Job instance at 0x7f2b1d9326e0>,35,2,[5 2],36,120,122,84,104
1,<environment.Job instance at 0x7f2b1d932550>,37,19,[ 2 10],38,128,147,90,118
1,<environment.Job instance at 0x7f2b1d932820>,41,18,[9 3],42,127,145,85,118
1,<environment.Job instance at 0x7f2b1d9329b0>,42,14,[5 5],43,145,159,102,130
1,<environment.Job instance at 0x7f2b1d3951e0>,43,3,[3 6],44,147,150,103,131
1,<environment.Job instance at 0x7f2b1d395690>,44,13,[4 7],45,150,163,105,134
1,<environment.Job instance at 0x7f2b1d395e10>,46,14,[9 3],47,159,173,112,144
1,<environment.Job instance at 0x7f2b1e7cf5f0>,0,1,[9 3],1,1,2,0,1
1,<environment.Job instance at 0x7f2b1d395140>,1,1,[2 5],2,3,4,1,3
1,<environment.Job instance at 0x7f2b1d395190>,2,17,[3 5],3,3,20,0,3
1,<environment.Job instance at 0x7f2b1e7cfe10>,3,13,[2 7],4,4,17,0,4
1,<environment.Job instance at 0x7f2b1e7cf9b0>,5,18,[4 9],6,17,35,11,6
1,<environment.Job instance at 0x7f2b1e7cfaf0>,6,14,[8 5],7,20,34,13,7
1,<environment.Job instance at 0x7f2b1e7cf690>,4,2,[7 3],5,8,10,3,8
1,<environment.Job instance at 0x7f2b1e7cf780>,7,1,[8 1],8,10,11,2,9
1,<environment.Job instance at 0x7f2b1deccf50>,9,3,[9 5],10,34,37,24,10
1,<environment.Job instance at 0x7f2b1decc320>,10,2,[8 4],11,37,39,26,11
1,<environment.Job instance at 0x7f2b1decc9b0>,11,1,[3 9],12,35,36,23,12
1,<environment.Job instance at 0x7f2b1decc460>,12,1,[2 9],13,36,37,23,13
1,<environment.Job instance at 0x7f2b1deccb40>,14,16,[1 6],15,37,53,22,24
1,<environment.Job instance at 0x7f2b1decc410>,18,14,[5 5],19,37,51,18,24
1,<environment.Job instance at 0x7f2b1deccc80>,23,15,[8 2],24,39,54,15,25
1,<environment.Job instance at 0x7f2b1df19640>,27,20,[8 3],28,54,74,26,45
1,<environment.Job instance at 0x7f2b1deccaf0>,13,18,[6 1],14,51,69,37,46
1,<environment.Job instance at 0x7f2b1df19960>,30,2,[9 2],31,74,76,43,47
1,<environment.Job instance at 0x7f2b1df19d20>,31,16,[1 7],32,53,69,21,47
1,<environment.Job instance at 0x7f2b1df19f50>,33,3,[5 2],34,69,72,35,47
1,<environment.Job instance at 0x7f2b1df19d70>,34,12,[ 1 10],35,69,81,34,52
1,<environment.Job instance at 0x7f2b1df197d0>,35,1,[8 4],36,76,77,40,53
1,<environment.Job instance at 0x7f2b1df19230>,36,12,[1 9],37,81,93,44,64
1,<environment.Job instance at 0x7f2b1df19aa0>,37,2,[4 5],38,77,79,39,64
1,<environment.Job instance at 0x7f2b1deccfa0>,15,16,[10  1],16,79,95,63,67
1,<environment.Job instance at 0x7f2b1df199b0>,39,16,[8 4],40,95,111,55,82
1,<environment.Job instance at 0x7f2b1df19c30>,40,3,[1 9],41,93,96,52,82
1,<environment.Job instance at 0x7f2b1df19690>,41,2,[3 5],42,82,84,40,82
1,<environment.Job instance at 0x7f2b1deccdc0>,8,18,[6 5],9,96,114,87,85
1,<environment.Job instance at 0x7f2b1d5005a0>,43,16,[5 9],44,111,127,67,98
1,<environment.Job instance at 0x7f2b1d500be0>,44,16,[3 5],45,114,130,69,101
1,<environment.Job instance at 0x7f2b1d500aa0>,45,15,[ 3 10],46,127,142,81,113
1,<environment.Job instance at 0x7f2b1d500140>,46,12,[1 5],47,130,142,83,113
1,<environment.Job instance at 0x7f2b1d5002d0>,47,1,[1 9],48,142,143,94,114
1,<environment.Job instance at 0x7f2b1d500410>,48,3,[7 1],49,114,117,65,114
1,<environment.Job instance at 0x7f2b1d500c80>,51,12,[7 5],52,142,154,90,125
1,<environment.Job instance at 0x7f2b1d500eb0>,53,12,[8 2],54,143,155,89,126
1,<environment.Job instance at 0x7f2b1da4ba50>,55,15,[8 3],56,155,170,99,141
1,<environment.Job instance at 0x7f2b1d500960>,49,2,[10  5],50,170,172,120,145
1,<environment.Job instance at 0x7f2b1da4bc30>,58,1,[5 9],59,154,155,95,145
1,<environment.Job instance at 0x7f2b1da4bcd0>,59,2,[ 1 10],60,155,157,95,146
1,<environment.Job instance at 0x7f2b1d360640>,0,3,[13  5],1,2,5,1,2
1,<environment.Job instance at 0x7f2b1d360c80>,1,3,[6 4],2,5,8,3,2
1,<environment.Job instance at 0x7f2b1d360d70>,2,16,[3 7],3,5,21,2,3
1,<environment.Job instance at 0x7f2b1e8be690>,6,14,[7 3],7,8,22,1,7
1,<environment.Job instance at 0x7f2b1e8beb90>,7,18,[2 8],8,21,39,13,10
1,<environment.Job instance at 0x7f2b1e8be8c0>,10,3,[8 1],11,22,25,11,11
1,<environment.Job instance at 0x7f2b1e8beaf0>,11,14,[1 8],12,39,53,27,24
1,<environment.Job instance at 0x7f2b1d3605f0>,3,15,[9 4],4,25,40,21,24
1,<environment.Job instance at 0x7f2b1e8be910>,9,1,[8 3],10,40,41,30,25
1,<environment.Job instance at 0x7f2b1e8be870>,17,2,[ 1 10],18,53,55,35,27
1,<environment.Job instance at 0x7f2b1e8befa0>,18,1,[4 7],19,41,42,22,27
1,<environment.Job instance at 0x7f2b1d3120a0>,19,3,[13  3],20,42,45,22,27
1,<environment.Job instance at 0x7f2b1e8bebe0>,12,16,[6 4],13,45,61,32,34
1,<environment.Job instance at 0x7f2b1d312690>,22,17,[1 7],23,55,72,32,44
1,<environment.Job instance at 0x7f2b1d312fa0>,21,18,[7 3],22,55,73,33,44
1,<environment.Job instance at 0x7f2b1e8be1e0>,15,27,[1 5],16,61,88,45,59
1,<environment.Job instance at 0x7f2b1d312e60>,26,1,[10  1],27,73,74,46,59
1,<environment.Job instance at 0x7f2b1e8bee60>,13,12,[10  2],14,74,86,60,59
1,<environment.Job instance at 0x7f2b1e18cfa0>,28,12,[10  1],29,86,98,57,71
1,<environment.Job instance at 0x7f2b1d312410>,29,12,[4 6],30,74,86,44,74
1,<environment.Job instance at 0x7f2b1d312eb0>,27,15,[ 3 10],28,88,103,60,74
1,<environment.Job instance at 0x7f2b1d312cd0>,23,14,[7 2],24,98,112,74,83
1,<environment.Job instance at 0x7f2b1d312f00>,25,12,[8 1],26,103,115,77,89
1,<environment.Job instance at 0x7f2b1e18cc80>,34,3,[6 4],35,112,115,77,89
1,<environment.Job instance at 0x7f2b1e18c0f0>,35,18,[4 5],36,115,133,79,104
1,<environment.Job instance at 0x7f2b1e18c320>,36,12,[2 8],37,115,127,78,104
1,<environment.Job instance at 0x7f2b1e18c230>,32,16,[1 7],33,127,143,94,115
1,<environment.Job instance at 0x7f2b1e18c460>,38,12,[1 5],39,133,145,94,117
1,<environment.Job instance at 0x7f2b1e18c0a0>,39,1,[1 7],40,143,144,103,117
1,<environment.Job instance at 0x7f2b1e18c820>,30,17,[5 2],31,117,134,86,117
1,<environment.Job instance at 0x7f2b1e18cc30>,41,3,[4 7],42,144,147,102,118
1,<environment.Job instance at 0x7f2b1e18c550>,42,3,[10  5],43,145,148,102,119
1,<environment.Job instance at 0x7f2b1e18c640>,43,2,[4 5],44,147,149,103,120
1,<environment.Job instance at 0x7f2b1e18c410>,40,15,[6 1],41,148,163,107,134
1,<environment.Job instance at 0x7f2b1e18c6e0>,37,18,[2 7],38,148,166,110,137
1,<environment.Job instance at 0x7f2b1e36fd20>,46,2,[4 7],47,149,151,102,137
1,<environment.Job instance at 0x7f2b1e36ffa0>,49,13,[2 6],50,151,164,101,137
1,<environment.Job instance at 0x7f2b1df0d4b0>,0,16,[4 9],1,1,17,0,1
1,<environment.Job instance at 0x7f2b1df0d640>,2,17,[3 6],3,3,20,0,3
1,<environment.Job instance at 0x7f2b1df0d5a0>,3,14,[5 4],4,17,31,13,4
1,<environment.Job instance at 0x7f2b1e9a15f0>,5,14,[8 2],6,20,34,14,6
1,<environment.Job instance at 0x7f2b1e9a13c0>,8,2,[7 4],9,17,19,8,9
1,<environment.Job instance at 0x7f2b1e9a1d70>,9,1,[5 4],10,19,20,9,10
1,<environment.Job instance at 0x7f2b1e9a1eb0>,16,2,[9 1],17,34,36,17,17
1,<environment.Job instance at 0x7f2b1e9a1aa0>,17,15,[10  5],18,36,51,18,22
1,<environment.Job instance at 0x7f2b1e9a1f50>,18,3,[ 3 12],19,31,34,12,22
1,<environment.Job instance at 0x7f2b1e9a1fa0>,19,18,[5 2],20,34,52,14,23
1,<environment.Job instance at 0x7f2b1e9a11e0>,22,13,[6 1],23,51,64,28,35
1,<environment.Job instance at 0x7f2b1da22370>,23,15,[5 2],24,52,67,28,38
1,<environment.Job instance at 0x7f2b1da226e0>,24,3,[8 2],25,64,67,39,38
1,<environment.Job instance at 0x7f2b1da22190>,25,14,[9 4],26,67,81,41,52
1,<environment.Job instance at 0x7f2b1da225a0>,26,12,[7 2],27,81,93,54,64
1,<environment.Job instance at 0x7f2b1da22a50>,28,18,[5 3],29,67,85,38,64
1,<environment.Job instance at 0x7f2b1da228c0>,29,12,[9 5],30,93,105,63,76
1,<environment.Job instance at 0x7f2b1da221e0>,30,12,[5 7],31,85,97,54,76
1,<environment.Job instance at 0x7f2b1da22b90>,31,18,[1 7],32,97,115,65,86
1,<environment.Job instance at 0x7f2b1da22fa0>,32,3,[1 9],33,115,118,82,89
1,<environment.Job instance at 0x7f2b1da22640>,34,2,[1 8],35,105,107,70,89
1,<environment.Job instance at 0x7f2b1df157d0>,36,3,[6 5],37,107,110,70,89
1,<environment.Job instance at 0x7f2b1df15820>,42,13,[5 8],43,118,131,75,102
1,<environment.Job instance at 0x7f2b1df15e60>,44,18,[7 1],45,107,125,62,102
1,<environment.Job instance at 0x7f2b1df15870>,50,12,[9 3],51,125,137,74,108
1,<environment.Job instance at 0x7f2b1df15140>,53,3,[4 6],54,110,113,56,108
1,<environment.Job instance at 0x7f2b1dda71e0>,54,18,[ 4 10],55,131,149,76,120
1,<environment.Job instance at 0x7f2b1dda7aa0>,55,12,[10  4],56,137,149,81,120
1,<environment.Job instance at 0x7f2b1dda7b90>,56,13,[7 3],57,149,162,92,133
1,<environment.Job instance at 0x7f2b1e9a18c0>,20,17,[8 2],21,149,166,128,137
1,<environment.Job instance at 0x7f2b1dda7820>,59,12,[3 8],60,162,174,102,145
1,<environment.Job instance at 0x7f2b1dda7b40>,2,1,[9 3],3,3,4,0,3
1,<environment.Job instance at 0x7f2b1e6b6280>,3,12,[6 3],4,4,16,0,4
1,<environment.Job instance at 0x7f2b1e6b6870>,4,1,[10  3],5,16,17,11,5
1,<environment.Job instance at 0x7f2b1e6b67d0>,5,3,[4 6],6,6,9,0,6
1,<environment.Job instance at 0x7f2b1e6b6460>,6,14,[8 2],7,17,31,10,7
1,<environment.Job instance at 0x7f2b1dda7820>,7,3,[6 5],8,9,12,1,8
1,<environment.Job instance at 0x7f2b27528eb0>,8,12,[6 1],9,17,29,8,9
1,<environment.Job instance at 0x7f2b27528c80>,9,16,[1 8],10,12,28,2,10
1,<environment.Job instance at 0x7f2b1d9f9780>,10,3,[2 6],11,29,32,18,11
1,<environment.Job instance at 0x7f2b27528fa0>,12,12,[3 6],13,29,41,16,15
1,<environment.Job instance at 0x7f2b1d9f9050>,15,13,[3 7],16,32,45,16,17
1,<environment.Job instance at 0x7f2b1d9f91e0>,16,3,[5 2],17,31,34,14,17
1,<environment.Job instance at 0x7f2b1e703f00>,18,3,[2 5],19,41,44,22,26
1,<environment.Job instance at 0x7f2b1d9f9c30>,11,17,[ 3 10],12,45,62,33,33
1,<environment.Job instance at 0x7f2b1e7030f0>,22,28,[1 7],23,62,90,39,61
1,<environment.Job instance at 0x7f2b1d9f96e0>,13,2,[7 2],14,61,63,47,61
1,<environment.Job instance at 0x7f2b1e703b40>,21,13,[ 3 10],22,90,103,68,74
1,<environment.Job instance at 0x7f2b1d697af0>,27,16,[7 4],28,74,90,46,74
1,<environment.Job instance at 0x7f2b1d697870>,28,12,[8 2],29,90,102,61,74
1,<environment.Job instance at 0x7f2b1d697910>,32,14,[1 7],33,103,117,70,88
1,<environment.Job instance at 0x7f2b1d6978c0>,35,3,[4 7],36,103,106,67,88
1,<environment.Job instance at 0x7f2b1d697dc0>,36,15,[9 4],37,106,121,69,92
1,<environment.Job instance at 0x7f2b1d697c80>,37,17,[8 2],38,121,138,83,109
1,<environment.Job instance at 0x7f2b1e6be320>,41,15,[6 1],42,117,132,75,109
1,<environment.Job instance at 0x7f2b1e6be6e0>,42,18,[5 5],43,132,150,89,121
1,<environment.Job instance at 0x7f2b1e6be190>,43,16,[9 3],44,138,154,94,125
1,<environment.Job instance at 0x7f2b1e6be4b0>,45,16,[ 5 10],46,150,166,104,137
1,<environment.Job instance at 0x7f2b1e6be050>,46,12,[1 9],47,166,178,119,149
1,<environment.Job instance at 0x7f2b1d9f9a00>,14,17,[4 5],15,154,171,139,149
1,<environment.Job instance at 0x7f2b1d02dd70>,0,14,[2 7],1,1,15,0,1
1,<environment.Job instance at 0x7f2b1d02dd20>,2,2,[10  2],3,3,5,0,3
1,<environment.Job instance at 0x7f2b1d02d370>,3,1,[3 5],4,5,6,1,5
1,<environment.Job instance at 0x7f2b1e16f410>,5,1,[10  4],6,6,7,0,6
1,<environment.Job instance at 0x7f2b1e16f3c0>,7,15,[3 5],8,8,23,0,8
1,<environment.Job instance at 0x7f2b1d017870>,6,1,[1 6],7,15,16,8,8
1,<environment.Job instance at 0x7f2b1d017280>,8,13,[14  1],9,23,36,14,10
1,<environment.Job instance at 0x7f2b1d017640>,9,13,[3 8],10,36,49,26,20
1,<environment.Job instance at 0x7f2b1d0174b0>,13,18,[2 9],14,49,67,35,38
1,<environment.Job instance at 0x7f2b1d017e10>,14,15,[9 1],15,38,53,23,38
1,<environment.Job instance at 0x7f2b1d4929b0>,17,12,[3 5],18,41,53,23,41
1,<environment.Job instance at 0x7f2b1d492b40>,18,3,[6 2],19,53,56,34,41
1,<environment.Job instance at 0x7f2b1d492af0>,19,17,[7 1],20,53,70,33,41
1,<environment.Job instance at 0x7f2b1d492050>,20,13,[1 5],21,56,69,35,41
1,<environment.Job instance at 0x7f2b1d1457d0>,22,14,[5 6],23,67,81,44,52
1,<environment.Job instance at 0x7f2b1d1455a0>,23,13,[2 7],24,69,82,45,53
1,<environment.Job instance at 0x7f2b1d145640>,24,19,[1 7],25,81,100,56,71
1,<environment.Job instance at 0x7f2b1e94b960>,27,17,[7 2],28,82,99,54,71
1,<environment.Job instance at 0x7f2b1d017960>,12,17,[4 7],13,99,116,86,91
1,<environment.Job instance at 0x7f2b1d017140>,10,20,[9 2],11,100,120,89,91
1,<environment.Job instance at 0x7f2b1e5a68c0>,37,3,[7 1],38,91,94,53,91
1,<environment.Job instance at 0x7f2b1d4ad6e0>,38,19,[2 5],39,100,119,61,93
1,<environment.Job instance at 0x7f2b1d4ad320>,39,3,[5 8],40,119,122,79,93
1,<environment.Job instance at 0x7f2b1d4ad280>,40,1,[ 2 11],41,122,123,81,95
1,<environment.Job instance at 0x7f2b1d4ade60>,41,21,[7 2],42,120,141,78,112
1,<environment.Job instance at 0x7f2b1d4adaf0>,49,3,[7 2],50,123,126,73,119
1,<environment.Job instance at 0x7f2b1d4ad7d0>,48,1,[8 1],49,126,127,77,119
1,<environment.Job instance at 0x7f2b1d4adcd0>,47,16,[3 9],48,127,143,79,119
1,<environment.Job instance at 0x7f2b1d4ae050>,54,17,[10  1],55,141,158,86,129
1,<environment.Job instance at 0x7f2b1d4ae960>,52,17,[1 9],53,143,160,90,133
1,<environment.Job instance at 0x7f2b1d4adfa0>,51,1,[3 6],52,158,159,106,133
1,<environment.Job instance at 0x7f2b1d4ae370>,57,3,[12  2],58,159,162,101,133
1,<environment.Job instance at 0x7f2b1d4ae7d0>,59,15,[1 5],60,141,156,81,136
1,<environment.Job instance at 0x7f2b1d4ae0f0>,60,12,[1 6],61,160,172,99,144
1,<environment.Job instance at 0x7f2b1d4ae870>,61,13,[3 5],62,162,175,100,146
1,<environment.Job instance at 0x7f2b1d4aee60>,56,16,[9 3],57,162,178,105,149
1,<environment.Job instance at 0x7f2b1e9583c0>,0,13,[9 4],1,1,14,0,1
1,<environment.Job instance at 0x7f2b1e958640>,1,3,[5 3],2,2,5,0,2
1,<environment.Job instance at 0x7f2b1d19a3c0>,3,1,[9 4],4,14,15,10,5
1,<environment.Job instance at 0x7f2b1e10da00>,5,2,[8 5],6,15,17,9,6
1,<environment.Job instance at 0x7f2b1e10d870>,6,1,[5 3],7,7,8,0,7
1,<environment.Job instance at 0x7f2b1e10d4b0>,7,16,[5 7],8,8,24,0,8
1,<environment.Job instance at 0x7f2b1e10dd70>,8,1,[ 2 10],9,24,25,15,9
1,<environment.Job instance at 0x7f2b1e10d0a0>,11,3,[7 1],12,17,20,5,12
1,<environment.Job instance at 0x7f2b1e10d320>,4,15,[ 5 10],5,25,40,20,12
1,<environment.Job instance at 0x7f2b1e10db90>,12,17,[8 1],13,20,37,7,13
1,<environment.Job instance at 0x7f2b1e10d370>,15,1,[5 5],16,37,38,21,16
1,<environment.Job instance at 0x7f2b1ddf0d70>,14,13,[7 4],15,38,51,23,22
1,<environment.Job instance at 0x7f2b1ddf0eb0>,17,16,[5 9],18,40,56,22,27
1,<environment.Job instance at 0x7f2b1ddf0910>,18,16,[7 3],19,51,67,32,38
1,<environment.Job instance at 0x7f2b1ddf0f00>,19,20,[5 3],20,56,76,36,47
1,<environment.Job instance at 0x7f2b1e10de10>,9,18,[1 9],10,56,74,46,49
1,<environment.Job instance at 0x7f2b1ddf0780>,22,1,[ 1 10],23,74,75,51,49
1,<environment.Job instance at 0x7f2b1ddf0e10>,23,2,[ 4 10],24,75,77,51,49
1,<environment.Job instance at 0x7f2b1ddf0aa0>,24,14,[10  2],25,76,90,51,61
1,<environment.Job instance at 0x7f2b1ddf0be0>,21,17,[4 6],22,77,94,55,67
1,<environment.Job instance at 0x7f2b1d50ad70>,33,14,[8 4],34,90,104,56,75
1,<environment.Job instance at 0x7f2b1d50a190>,34,18,[2 6],35,94,112,59,84
1,<environment.Job instance at 0x7f2b1ddf0820>,16,15,[5 5],17,94,109,77,85
1,<environment.Job instance at 0x7f2b1d50a0f0>,36,1,[8 5],37,109,110,72,85
1,<environment.Job instance at 0x7f2b1d50a7d0>,35,18,[4 6],36,110,128,74,99
1,<environment.Job instance at 0x7f2b1d50a550>,37,18,[3 5],38,112,130,74,101
1,<environment.Job instance at 0x7f2b1d50a690>,39,12,[1 5],40,128,140,88,112
1,<environment.Job instance at 0x7f2b1d50a870>,40,3,[2 6],41,130,133,89,112
1,<environment.Job instance at 0x7f2b1d50a2d0>,38,19,[3 9],39,133,152,94,123
1,<environment.Job instance at 0x7f2b1d50a3c0>,43,17,[6 4],44,140,157,96,128
1,<environment.Job instance at 0x7f2b1d50a320>,45,12,[9 4],46,152,164,106,135
1,<environment.Job instance at 0x7f2b1d50a6e0>,47,17,[4 8],48,157,174,109,145
1,<environment.Job instance at 0x7f2b1e0ef230>,0,13,[6 4],1,1,14,0,1
1,<environment.Job instance at 0x7f2b1d769230>,1,3,[8 3],2,2,5,0,2
1,<environment.Job instance at 0x7f2b1d772730>,2,14,[2 7],3,5,19,2,3
1,<environment.Job instance at 0x7f2b1e541d20>,4,13,[1 5],5,14,27,9,5
1,<environment.Job instance at 0x7f2b1d577a50>,5,18,[8 1],6,14,32,8,6
1,<environment.Job instance at 0x7f2b1d577cd0>,6,2,[2 7],7,19,21,12,7
1,<environment.Job instance at 0x7f2b1d577b40>,7,17,[2 9],8,21,38,13,9
1,<environment.Job instance at 0x7f2b1d577960>,9,12,[9 3],10,32,44,22,15
1,<environment.Job instance at 0x7f2b1d577190>,10,2,[ 4 10],11,38,40,27,18
1,<environment.Job instance at 0x7f2b1d587050>,14,3,[5 6],15,40,43,25,18
1,<environment.Job instance at 0x7f2b1d5872d0>,16,16,[10  2],17,44,60,27,31
1,<environment.Job instance at 0x7f2b1d587410>,17,15,[7 3],18,60,75,42,46
1,<environment.Job instance at 0x7f2b1d587640>,18,15,[5 7],19,46,61,27,46
1,<environment.Job instance at 0x7f2b1d587280>,19,14,[9 3],20,75,89,55,60
1,<environment.Job instance at 0x7f2b1d587690>,21,16,[7 3],22,89,105,67,76
1,<environment.Job instance at 0x7f2b1d5773c0>,11,16,[14  3],12,105,121,93,92
1,<environment.Job instance at 0x7f2b1d587870>,24,1,[6 1],25,92,93,67,92
1,<environment.Job instance at 0x7f2b1d577c30>,3,17,[10  2],4,121,138,117,110
1,<environment.Job instance at 0x7f2b1d5879b0>,26,3,[2 6],27,121,124,94,110
1,<environment.Job instance at 0x7f2b1d587a50>,27,15,[12  1],28,138,153,110,124
1,<environment.Job instance at 0x7f2b1d587af0>,28,15,[7 5],29,153,168,124,139
1,<environment.Job instance at 0x7f2b1d587b90>,29,23,[4 6],30,153,176,123,147
1,<environment.Job instance at 0x7f2b1d587c30>,30,1,[ 2 14],31,147,148,116,147
1,<environment.Job instance at 0x7f2b1d587f00>,31,2,[8 5],32,168,170,136,147
1,<environment.Job instance at 0x7f2b1d587f50>,32,3,[3 5],33,148,151,115,147
1,<environment.Job instance at 0x7f2b1d587fa0>,33,2,[5 8],34,170,172,136,147
1,<environment.Job instance at 0x7fb7eaa93230>,0,18,[ 2 10],1,1,19,0,1
1,<environment.Job instance at 0x7fb7eaa93320>,2,12,[5 4],3,3,15,0,3
1,<environment.Job instance at 0x7fb7e131b5f0>,4,18,[10  4],5,15,33,10,5
1,<environment.Job instance at 0x7fb7e131b7d0>,5,13,[5 9],6,19,32,13,6
1,<environment.Job instance at 0x7fb7e131ba00>,9,17,[ 4 10],10,32,49,22,20
1,<environment.Job instance at 0x7fb7e131bbe0>,12,3,[6 3],13,33,36,20,20
1,<environment.Job instance at 0x7fb7e131bc80>,13,13,[1 8],14,49,62,35,33
1,<environment.Job instance at 0x7fb7e131bd20>,14,12,[3 7],15,49,61,34,33
1,<environment.Job instance at 0x7fb7e131be60>,16,12,[1 8],17,62,74,45,45
1,<environment.Job instance at 0x7fb7e131bf00>,17,3,[10  3],18,45,48,27,45
1,<environment.Job instance at 0x7fb7e131bfa0>,18,16,[8 5],19,61,77,42,48
1,<environment.Job instance at 0x7fb7e131d3c0>,23,18,[5 2],24,61,79,37,50
1,<environment.Job instance at 0x7fb7e131d780>,29,13,[1 6],30,74,87,44,58
1,<environment.Job instance at 0x7fb7e131d8c0>,31,17,[4 9],32,79,96,47,67
1,<environment.Job instance at 0x7fb7e131d960>,32,17,[9 3],33,87,104,54,75
1,<environment.Job instance at 0x7fb7e131da50>,35,16,[8 1],36,104,120,68,91
1,<environment.Job instance at 0x7fb7e131dc80>,37,14,[5 5],38,96,110,58,91
1,<environment.Job instance at 0x7fb7e131dd20>,38,12,[3 6],39,110,122,71,93
1,<environment.Job instance at 0x7fb7e131ddc0>,39,18,[5 8],40,120,138,80,109
1,<environment.Job instance at 0x7fb7e131df50>,41,14,[6 1],42,120,134,78,109
1,<environment.Job instance at 0x7fb7e131dfa0>,42,14,[8 4],43,134,148,91,119
1,<environment.Job instance at 0x7fb7e1320320>,45,16,[6 2],46,138,154,92,125
1,<environment.Job instance at 0x7fb7e1320460>,46,3,[5 4],47,148,151,101,125
1,<environment.Job instance at 0x7fb7e13205f0>,48,13,[6 1],49,151,164,102,135
1,<environment.Job instance at 0x7fb7e1320a50>,54,14,[1 7],55,138,152,83,135
1,<environment.Job instance at 0x7fb7e1320af0>,55,17,[4 7],56,154,171,98,142
1,<environment.Job instance at 0x7fb7e1320b90>,56,18,[4 5],57,154,172,97,143
1,<environment.Job instance at 0x7fb7e1320e60>,59,14,[ 2 10],60,171,185,111,156
1,<environment.Job instance at 0x7fb7e12baa50>,0,12,[6 3],1,1,13,0,1
1,<environment.Job instance at 0x7fb7e0a69370>,1,3,[1 5],2,2,5,0,2
1,<environment.Job instance at 0x7fb7e1705320>,2,1,[10  1],3,13,14,10,3
1,<environment.Job instance at 0x7fb7e17c2460>,3,15,[4 8],4,5,20,1,4
1,<environment.Job instance at 0x7fb7e17c2a00>,4,13,[1 9],5,20,33,15,6
1,<environment.Job instance at 0x7fb7e1320f50>,5,3,[5 5],6,14,17,8,6
1,<environment.Job instance at 0x7fb7e17c2b90>,7,18,[5 2],8,14,32,6,8
1,<environment.Job instance at 0x7fb7e17c2050>,9,16,[3 5],10,32,48,22,19
1,<environment.Job instance at 0x7fb7e1783c80>,13,12,[1 7],14,33,45,19,20
1,<environment.Job instance at 0x7fb7e17c26e0>,10,3,[9 1],11,20,23,9,20
1,<environment.Job instance at 0x7fb7e1783fa0>,16,1,[7 4],17,23,24,6,20
1,<environment.Job instance at 0x7fb7e1783d20>,11,14,[5 3],12,33,47,21,20
1,<environment.Job instance at 0x7fb7e1783e10>,18,14,[4 7],19,45,59,26,30
1,<environment.Job instance at 0x7fb7e17839b0>,20,12,[2 5],21,48,60,27,31
1,<environment.Job instance at 0x7fb7e1783690>,24,12,[5 7],25,59,71,34,42
1,<environment.Job instance at 0x7fb7e1783190>,25,17,[10  5],26,60,77,34,52
1,<environment.Job instance at 0x7fb7e098b190>,28,14,[8 5],29,77,91,48,62
1,<environment.Job instance at 0x7fb7e1783820>,19,23,[2 8],20,71,94,51,67
1,<environment.Job instance at 0x7fb7e0de09b0>,30,18,[5 1],31,77,95,46,68
1,<environment.Job instance at 0x7fb7e0e6ef50>,31,3,[8 2],32,91,94,59,68
1,<environment.Job instance at 0x7fb7e09a9a00>,29,17,[9 2],30,94,111,64,82
1,<environment.Job instance at 0x7fb7e0dc7410>,34,17,[10  5],35,111,128,76,99
1,<environment.Job instance at 0x7fb7e17c27d0>,8,18,[4 6],9,99,117,90,99
1,<environment.Job instance at 0x7fb7e0dc33c0>,45,17,[5 9],46,117,134,71,105
1,<environment.Job instance at 0x7fb7e0dc95a0>,50,17,[2 9],51,134,151,83,122
1,<environment.Job instance at 0x7fb7e0e27460>,52,17,[10  4],53,128,145,75,122
1,<environment.Job instance at 0x7fb7e0e27c80>,54,13,[5 9],55,151,164,96,135
1,<environment.Job instance at 0x7fb7e0e21b40>,56,16,[7 2],57,145,161,88,135
1,<environment.Job instance at 0x7fb7e0e11140>,63,15,[5 6],64,161,176,97,147
1,<environment.Job instance at 0x7fb7e0e113c0>,65,17,[3 5],66,164,181,98,152
1,<environment.Job instance at 0x7fb7e0d840f0>,69,12,[5 4],70,164,176,94,152
1,<environment.Job instance at 0x7fb7e0a37e60>,0,14,[ 3 10],1,1,15,0,1
1,<environment.Job instance at 0x7fb7e0e12eb0>,2,2,[9 3],3,3,5,0,3
1,<environment.Job instance at 0x7fb7e0a37a00>,3,15,[7 4],4,5,20,1,4
1,<environment.Job instance at 0x7fb7e0a37820>,4,3,[5 8],5,15,18,10,5
1,<environment.Job instance at 0x7fb7e0a37320>,6,15,[6 2],7,18,33,11,7
1,<environment.Job instance at 0x7fb7e0a37550>,5,2,[2 6],6,18,20,12,9
1,<environment.Job instance at 0x7fb7e0a37640>,1,18,[ 4 13],2,20,38,18,9
1,<environment.Job instance at 0x7fb7e0a37eb0>,9,3,[8 4],10,38,41,28,12
1,<environment.Job instance at 0x7fb7e0a45870>,12,2,[6 1],13,33,35,20,13
1,<environment.Job instance at 0x7fb7e0a45460>,19,16,[1 7],20,38,54,18,25
1,<environment.Job instance at 0x7fb7e0a45370>,21,15,[3 5],22,41,56,19,27
1,<environment.Job instance at 0x7fb7e0a45320>,22,20,[7 3],23,41,61,18,32
1,<environment.Job instance at 0x7fb7e0a45190>,24,12,[3 5],25,54,66,29,37
1,<environment.Job instance at 0x7fb7e0a45eb0>,25,17,[6 3],26,61,78,35,49
1,<environment.Job instance at 0x7fb7e0a45b40>,26,20,[6 2],27,61,81,34,52
1,<environment.Job instance at 0x7fb7e0a45be0>,13,13,[2 5],14,66,79,52,53
1,<environment.Job instance at 0x7fb7e0a48410>,29,1,[4 6],30,56,57,26,53
1,<environment.Job instance at 0x7fb7e0a45910>,28,17,[2 8],29,78,95,49,66
1,<environment.Job instance at 0x7fb7e0a48230>,31,14,[3 6],32,81,95,49,66
1,<environment.Job instance at 0x7fb7e0a48640>,30,1,[2 5],31,79,80,48,66
1,<environment.Job instance at 0x7fb7e0a482d0>,33,1,[2 8],34,95,96,61,67
1,<environment.Job instance at 0x7fb7e0a483c0>,32,15,[7 3],33,95,110,62,81
1,<environment.Job instance at 0x7fb7e0a481e0>,35,16,[2 6],36,96,112,60,83
1,<environment.Job instance at 0x7fb7e0a48690>,36,15,[10  5],37,110,125,73,96
1,<environment.Job instance at 0x7fb7e0a48550>,38,16,[3 6],39,112,128,73,99
1,<environment.Job instance at 0x7fb7e0a484b0>,43,12,[8 5],44,125,137,81,108
1,<environment.Job instance at 0x7fb7e0a48320>,34,12,[2 9],35,128,140,93,111
1,<environment.Job instance at 0x7fb7e0a48f50>,45,12,[2 5],46,137,149,91,120
1,<environment.Job instance at 0x7fb7e1197d20>,50,17,[7 1],51,137,154,86,129
1,<environment.Job instance at 0x7fb7e10da410>,55,20,[3 8],56,140,160,84,134
1,<environment.Job instance at 0x7fb7e0a45960>,18,14,[10  4],19,154,168,135,140
1,<environment.Job instance at 0x7fb7e10da500>,56,15,[4 9],57,160,175,103,146
1,<environment.Job instance at 0x7fb7e19ce4b0>,0,1,[10  3],1,1,2,0,1
1,<environment.Job instance at 0x7fb7e0d1b410>,1,24,[4 8],2,3,27,1,3
1,<environment.Job instance at 0x7fb7e10dafa0>,2,3,[1 7],3,3,6,0,3
1,<environment.Job instance at 0x7fb7ea6dfc30>,3,3,[9 4],4,6,9,2,4
1,<environment.Job instance at 0x7fb7e0aa2780>,4,2,[4 8],5,27,29,22,5
1,<environment.Job instance at 0x7fb7ea6df0a0>,6,14,[8 1],7,9,23,2,7
1,<environment.Job instance at 0x7fb7e0fe9dc0>,7,12,[10  4],8,23,35,15,8
1,<environment.Job instance at 0x7fb7e0fe9be0>,8,1,[2 5],9,9,10,0,9
1,<environment.Job instance at 0x7fb7e0fe9640>,9,3,[4 8],10,29,32,19,10
1,<environment.Job instance at 0x7fb7e0a2d9b0>,14,2,[4 9],15,32,34,17,15
1,<environment.Job instance at 0x7fb7e0e555f0>,15,2,[7 5],16,35,37,19,16
1,<environment.Job instance at 0x7fb7e0a2da00>,13,14,[8 2],14,35,49,21,24
1,<environment.Job instance at 0x7fb7e0e272d0>,17,18,[6 2],18,37,55,19,26
1,<environment.Job instance at 0x7fb7e0fe94b0>,10,14,[ 4 10],11,49,63,38,36
1,<environment.Job instance at 0x7fb7e0fe9d70>,12,17,[2 5],13,55,72,42,45
1,<environment.Job instance at 0x7fb7e0df5640>,19,18,[5 8],20,63,81,43,52
1,<environment.Job instance at 0x7fb7e0deb780>,23,15,[6 5],24,72,87,48,58
1,<environment.Job instance at 0x7fb7e0e30af0>,26,14,[7 5],27,81,95,54,66
1,<environment.Job instance at 0x7fb7e0fa1c30>,28,14,[3 8],29,87,101,58,74
1,<environment.Job instance at 0x7fb7e09df3c0>,29,3,[3 6],30,95,98,65,74
1,<environment.Job instance at 0x7fb7e09dfd70>,30,3,[7 3],31,98,101,67,74
1,<environment.Job instance at 0x7fb7e09dfbe0>,31,17,[5 7],32,101,118,69,89
1,<environment.Job instance at 0x7fb7e09d5460>,32,12,[3 8],33,101,113,68,89
1,<environment.Job instance at 0x7fb7e09d5be0>,34,13,[1 9],35,118,131,83,102
1,<environment.Job instance at 0x7fb7e09a74b0>,35,16,[4 5],36,113,129,77,102
1,<environment.Job instance at 0x7fb7e09a7c30>,39,17,[ 5 10],40,131,148,91,119
1,<environment.Job instance at 0x7fb7e09a76e0>,40,18,[4 6],41,148,166,107,137
1,<environment.Job instance at 0x7fb7e09a77d0>,41,15,[3 5],42,137,152,95,137
1,<environment.Job instance at 0x7fb7e09a7960>,44,15,[5 7],45,152,167,107,138
1,<environment.Job instance at 0x7fb7e0a628c0>,46,14,[ 5 10],47,167,181,120,152
1,<environment.Job instance at 0x7fb7e178d190>,0,15,[5 6],1,1,16,0,1
1,<environment.Job instance at 0x7fb7e178d780>,1,2,[2 9],2,2,4,0,2
1,<environment.Job instance at 0x7fb7e178db40>,2,2,[7 3],3,4,6,1,3
1,<environment.Job instance at 0x7fb7e178d8c0>,3,3,[8 1],4,6,9,2,4
1,<environment.Job instance at 0x7fb7e0d50cd0>,4,15,[7 3],5,9,24,4,5
1,<environment.Job instance at 0x7fb7e0d51d20>,6,14,[5 4],7,16,30,9,7
1,<environment.Job instance at 0x7fb7e0d515a0>,5,12,[10  3],6,24,36,18,7
1,<environment.Job instance at 0x7fb7e0d5caa0>,11,2,[5 7],12,30,32,18,12
1,<environment.Job instance at 0x7fb7e0d5c9b0>,12,1,[4 6],13,32,33,19,13
1,<environment.Job instance at 0x7fb7e0d5c370>,13,1,[4 9],14,33,34,19,14
1,<environment.Job instance at 0x7fb7e1e425a0>,8,2,[4 5],9,34,36,25,16
1,<environment.Job instance at 0x7fb7e0d5ccd0>,15,3,[9 2],16,36,39,20,18
1,<environment.Job instance at 0x7fb7e0d5c1e0>,16,2,[8 4],17,39,41,22,18
1,<environment.Job instance at 0x7fb7e0d5c6e0>,17,3,[10  4],18,41,44,23,18
1,<environment.Job instance at 0x7fb7e0d45280>,18,3,[3 9],19,36,39,17,19
1,<environment.Job instance at 0x7fb7e0d5cf00>,14,12,[3 5],15,39,51,24,27
1,<environment.Job instance at 0x7fb7e0d60370>,22,15,[10  1],23,44,59,21,30
1,<environment.Job instance at 0x7fb7e0d60320>,23,13,[7 5],24,59,72,35,43
1,<environment.Job instance at 0x7fb7e0d60fa0>,24,13,[1 8],25,44,57,19,43
1,<environment.Job instance at 0x7fb7e0d60eb0>,26,14,[1 7],27,57,71,30,43
1,<environment.Job instance at 0x7fb7e1063640>,28,22,[7 5],29,71,93,42,64
1,<environment.Job instance at 0x7fb7e08c8cd0>,29,16,[5 3],30,72,88,42,64
1,<environment.Job instance at 0x7fb7e1e42a50>,10,17,[2 6],11,72,89,61,67
1,<environment.Job instance at 0x7fb7e08c87d0>,31,2,[2 6],32,89,91,57,67
1,<environment.Job instance at 0x7fb7e08c89b0>,30,18,[ 5 10],31,91,109,60,83
1,<environment.Job instance at 0x7fb7e08d85f0>,33,16,[8 5],34,93,109,59,83
1,<environment.Job instance at 0x7fb7e0d51050>,7,15,[10  1],8,109,124,101,95
1,<environment.Job instance at 0x7fb7e08d8b40>,35,3,[1 9],36,109,112,73,95
1,<environment.Job instance at 0x7fb7e08d8a50>,34,16,[9 4],35,124,140,89,111
1,<environment.Job instance at 0x7fb7e08d8500>,32,24,[1 6],33,112,136,79,111
1,<environment.Job instance at 0x7fb7e11a65f0>,40,14,[1 8],41,136,150,95,121
1,<environment.Job instance at 0x7fb7e1064af0>,41,12,[5 6],42,140,152,98,123
1,<environment.Job instance at 0x7fb7e0d58370>,49,17,[1 9],50,150,167,100,138
1,<environment.Job instance at 0x7fb7e0959730>,52,15,[6 2],53,152,167,99,138
1,<environment.Job instance at 0x7fb7e0d5c7d0>,58,18,[6 5],59,167,185,108,156
1,<environment.Job instance at 0x7fb7e0d5ca50>,59,18,[ 5 10],60,167,185,107,156
1,<environment.Job instance at 0x7fb7e10461e0>,0,14,[ 2 10],1,1,15,0,1
1,<environment.Job instance at 0x7fb7e0927280>,2,16,[ 3 10],3,15,31,12,3
1,<environment.Job instance at 0x7fb7e10466e0>,3,18,[5 5],4,4,22,0,4
1,<environment.Job instance at 0x7fb7e0927460>,1,3,[3 9],2,31,34,29,5
1,<environment.Job instance at 0x7fb7e1046a50>,7,2,[ 3 10],8,34,36,26,11
1,<environment.Job instance at 0x7fb7e1046870>,8,18,[1 5],9,22,40,13,11
1,<environment.Job instance at 0x7fb7e10467d0>,6,13,[3 9],7,36,49,29,20
1,<environment.Job instance at 0x7fb7e1046aa0>,12,13,[9 4],13,40,53,27,24
1,<environment.Job instance at 0x7fb7e1046370>,13,12,[2 6],14,49,61,35,32
1,<environment.Job instance at 0x7fb7e1046460>,14,16,[2 7],15,53,69,38,40
1,<environment.Job instance at 0x7fb7e1046f50>,16,13,[5 5],17,61,74,44,45
1,<environment.Job instance at 0x7fb7e10460a0>,18,16,[8 3],19,61,77,42,48
1,<environment.Job instance at 0x7fb7e10469b0>,4,16,[5 5],5,74,90,69,61
1,<environment.Job instance at 0x7fb7e10468c0>,5,17,[ 3 10],6,77,94,71,66
1,<environment.Job instance at 0x7fb7e104d640>,23,1,[10  1],24,90,91,66,66
1,<environment.Job instance at 0x7fb7e104dd70>,24,17,[9 2],25,91,108,66,82
1,<environment.Job instance at 0x7fb7e104d870>,25,18,[5 5],26,94,112,68,83
1,<environment.Job instance at 0x7fb7e104da50>,26,2,[5 9],27,108,110,81,83
1,<environment.Job instance at 0x7fb7e104d820>,27,2,[10  3],28,110,112,82,83
1,<environment.Job instance at 0x7fb7e1046be0>,21,21,[8 2],22,112,133,90,104
1,<environment.Job instance at 0x7fb7e104de10>,29,14,[5 1],30,112,126,82,104
1,<environment.Job instance at 0x7fb7e104d910>,32,18,[4 7],33,126,144,93,115
1,<environment.Job instance at 0x7fb7e104d140>,33,18,[7 1],34,133,151,99,122
1,<environment.Job instance at 0x7fb7e104daa0>,34,14,[9 1],35,151,165,116,136
1,<environment.Job instance at 0x7fb7e104da00>,36,18,[8 3],37,165,183,128,154
1,<environment.Job instance at 0x7fb7e0918c30>,43,14,[3 6],44,154,168,110,154
1,<environment.Job instance at 0x7fb7e0918690>,45,18,[1 8],46,168,186,122,157
1,<environment.Job instance at 0x7fb7e18eb1e0>,1,28,[5 1],2,2,30,0,2
1,<environment.Job instance at 0x7fb7e0918500>,2,3,[1 8],3,3,6,0,3
1,<environment.Job instance at 0x7fb7e111c370>,3,12,[3 8],4,6,18,2,4
1,<environment.Job instance at 0x7fb7e111c6e0>,4,3,[1 5],5,5,8,0,5
1,<environment.Job instance at 0x7fb7e111ce60>,5,15,[3 5],6,8,23,2,6
1,<environment.Job instance at 0x7fb7e111c1e0>,6,3,[7 4],7,18,21,11,7
1,<environment.Job instance at 0x7fb7e111caf0>,7,13,[9 1],8,23,36,15,8
1,<environment.Job instance at 0x7fb7e111ca50>,8,2,[7 4],9,21,23,12,9
1,<environment.Job instance at 0x7fb7e111ccd0>,9,2,[5 1],10,30,32,20,10
1,<environment.Job instance at 0x7fb7e111c910>,10,2,[10  5],11,36,38,25,11
1,<environment.Job instance at 0x7fb7e111c820>,11,3,[9 1],12,38,41,26,12
1,<environment.Job instance at 0x7fb7e08b9910>,15,12,[2 8],16,32,44,16,20
1,<environment.Job instance at 0x7fb7e08b9a50>,19,15,[2 6],20,38,53,18,24
1,<environment.Job instance at 0x7fb7e08b9f00>,21,14,[9 4],22,44,58,22,29
1,<environment.Job instance at 0x7fb7e08b9870>,22,13,[2 9],23,53,66,30,37
1,<environment.Job instance at 0x7fb7e08b9230>,16,12,[9 5],17,58,70,41,41
1,<environment.Job instance at 0x7fb7e111cd70>,12,13,[9 1],13,70,83,57,55
1,<environment.Job instance at 0x7fb7e08b9b90>,27,14,[ 3 14],28,70,84,42,55
1,<environment.Job instance at 0x7fb7e08b94b0>,28,13,[1 5],29,84,97,55,69
1,<environment.Job instance at 0x7fb7e08b9960>,25,18,[7 5],26,84,102,58,73
1,<environment.Job instance at 0x7fb7e08b9550>,26,27,[5 2],27,84,111,57,83
1,<environment.Job instance at 0x7fb7e09e3230>,35,3,[5 6],36,102,105,66,83
1,<environment.Job instance at 0x7fb7e09e3500>,36,1,[2 6],37,97,98,60,83
1,<environment.Job instance at 0x7fb7e09e3460>,37,15,[5 8],38,105,120,67,93
1,<environment.Job instance at 0x7fb7e09e3140>,34,18,[10  2],35,111,129,76,100
1,<environment.Job instance at 0x7fb7e09e3c80>,39,17,[2 6],40,120,137,80,108
1,<environment.Job instance at 0x7fb7e08b9a00>,14,13,[4 8],15,129,142,114,117
1,<environment.Job instance at 0x7fb7e1e4f3c0>,43,14,[ 5 10],44,142,156,98,127
1,<environment.Job instance at 0x7fb7e1e4faa0>,46,17,[3 5],47,137,154,90,127
1,<environment.Job instance at 0x7fb7e1e4f410>,48,15,[5 8],49,156,171,107,142
1,<environment.Job instance at 0x7fb7e1e4f230>,50,13,[5 6],51,156,169,105,142
1,<environment.Job instance at 0x7fb7e09228c0>,55,15,[8 1],56,169,184,113,155
1,<environment.Job instance at 0x7fb7e112f140>,0,12,[5 6],1,1,13,0,1
1,<environment.Job instance at 0x7fb7e112f4b0>,1,16,[3 9],2,2,18,0,2
1,<environment.Job instance at 0x7fb7e1182910>,4,13,[2 7],5,18,31,13,5
1,<environment.Job instance at 0x7fb7e1afad70>,2,1,[5 9],3,31,32,28,5
1,<environment.Job instance at 0x7fb7e0922e10>,3,1,[2 6],4,13,14,9,5
1,<environment.Job instance at 0x7fb7e1182050>,6,18,[6 4],7,14,32,7,7
1,<environment.Job instance at 0x7fb7e12498c0>,10,2,[1 6],11,32,34,21,12
1,<environment.Job instance at 0x7fb7e1249500>,15,16,[7 3],16,32,48,16,20
1,<environment.Job instance at 0x7fb7e12495a0>,12,14,[ 4 10],13,34,48,21,20
1,<environment.Job instance at 0x7fb7e1249c80>,16,12,[8 4],17,48,60,31,31
1,<environment.Job instance at 0x7fb7e1249820>,11,28,[3 6],12,50,78,38,50
1,<environment.Job instance at 0x7fb7e12502d0>,21,15,[8 4],22,60,75,38,51
1,<environment.Job instance at 0x7fb7e1250f50>,22,14,[9 2],23,75,89,52,61
1,<environment.Job instance at 0x7fb7e1250690>,23,16,[2 6],24,75,91,51,62
1,<environment.Job instance at 0x7fb7e1250eb0>,24,2,[6 1],25,89,91,64,62
1,<environment.Job instance at 0x7fb7e1249a00>,8,14,[6 4],9,89,103,80,76
1,<environment.Job instance at 0x7fb7e1250910>,26,12,[2 7],27,91,103,64,77
1,<environment.Job instance at 0x7fb7e1250d70>,25,17,[5 3],26,91,108,65,79
1,<environment.Job instance at 0x7fb7e1adec80>,27,1,[ 1 13],28,108,109,80,80
1,<environment.Job instance at 0x7fb7e1250cd0>,29,2,[9 3],30,103,105,73,80
1,<environment.Job instance at 0x7fb7e17ac640>,30,13,[4 6],31,109,122,78,96
1,<environment.Job instance at 0x7fb7e1ed0910>,31,1,[5 4],32,105,106,73,96
1,<environment.Job instance at 0x7fb7e1249dc0>,17,16,[1 8],18,109,125,91,99
1,<environment.Job instance at 0x7fb7e17acd20>,32,16,[9 2],33,122,138,89,112
1,<environment.Job instance at 0x7fb7e17acaa0>,34,13,[2 8],35,125,138,90,114
1,<environment.Job instance at 0x7fb7e1250aa0>,28,26,[8 2],29,138,164,109,135
1,<environment.Job instance at 0x7fb7e17a2640>,37,12,[1 6],38,138,150,100,135
1,<environment.Job instance at 0x7fb7e1eed500>,38,3,[10  2],39,164,167,125,138
1,<environment.Job instance at 0x7fb7e1eecfa0>,39,17,[5 7],40,139,156,99,139
1,<environment.Job instance at 0x7fb7e17ca050>,40,2,[4 6],41,156,158,115,139
1,<environment.Job instance at 0x7fb7e1ad6500>,41,3,[ 4 13],42,158,161,116,139
1,<environment.Job instance at 0x7fb7e1ada550>,42,18,[7 4],43,167,185,124,157
1,<environment.Job instance at 0x7fb7e1ad64b0>,43,14,[ 2 10],44,161,175,117,157
1,<environment.Job instance at 0x7fb7e11a83c0>,0,3,[ 4 10],1,1,4,0,1
1,<environment.Job instance at 0x7fb7e11a8eb0>,1,2,[2 9],2,4,6,2,2
1,<environment.Job instance at 0x7fb7e11a8960>,2,23,[3 7],3,6,29,3,4
1,<environment.Job instance at 0x7fb7e11a8e10>,3,3,[8 1],4,4,7,0,4
1,<environment.Job instance at 0x7fb7e1ac14b0>,4,17,[2 7],5,6,23,1,5
1,<environment.Job instance at 0x7fb7e0a295a0>,5,14,[7 2],6,23,37,17,9
1,<environment.Job instance at 0x7fb7e0a29050>,11,12,[2 6],12,23,35,11,12
1,<environment.Job instance at 0x7fb7e0a29be0>,8,17,[6 5],9,29,46,20,17
1,<environment.Job instance at 0x7fb7e0a29870>,16,15,[5 6],17,37,52,20,23
1,<environment.Job instance at 0x7fb7e11ac870>,19,12,[3 9],20,46,58,26,29
1,<environment.Job instance at 0x7fb7e11ac2d0>,20,15,[1 8],21,58,73,37,44
1,<environment.Job instance at 0x7fb7e11ac5a0>,21,16,[5 5],22,52,68,30,44
1,<environment.Job instance at 0x7fb7e11acbe0>,22,18,[2 5],23,68,86,45,57
1,<environment.Job instance at 0x7fb7e11ac6e0>,23,3,[5 3],24,73,76,49,57
1,<environment.Job instance at 0x7fb7e11acd70>,24,14,[ 3 10],25,76,90,51,61
1,<environment.Job instance at 0x7fb7e117fbe0>,31,15,[5 2],32,61,76,29,61
1,<environment.Job instance at 0x7fb7e117f6e0>,35,16,[10  3],36,86,102,50,73
1,<environment.Job instance at 0x7fb7e0a29370>,9,18,[5 1],10,90,108,80,79
1,<environment.Job instance at 0x7fb7e117f0a0>,39,17,[9 4],40,102,119,62,90
1,<environment.Job instance at 0x7fb7e117f960>,42,2,[5 3],43,108,110,65,90
1,<environment.Job instance at 0x7fb7e10067d0>,43,18,[4 5],44,110,128,66,99
1,<environment.Job instance at 0x7fb7e117ff00>,40,13,[10  1],41,119,132,78,103
1,<environment.Job instance at 0x7fb7e1006460>,45,15,[1 5],46,103,118,57,103
1,<environment.Job instance at 0x7fb7e1006820>,47,3,[9 4],48,132,135,84,106
1,<environment.Job instance at 0x7fb7e1006640>,48,13,[8 2],49,135,148,86,119
1,<environment.Job instance at 0x7fb7e10060f0>,51,16,[4 6],52,128,144,76,119
1,<environment.Job instance at 0x7fb7e1006910>,52,15,[5 1],53,144,159,91,130
1,<environment.Job instance at 0x7fb7e1006c30>,57,15,[10  4],58,148,163,90,134
1,<environment.Job instance at 0x7fb7e10060a0>,58,16,[ 5 10],59,159,175,100,146
1,<environment.Job instance at 0x7fb7e1006f50>,60,13,[1 5],61,163,176,102,147
1,<environment.Job instance at 0x7fb7e0a24870>,0,20,[ 4 10],1,1,21,0,1
1,<environment.Job instance at 0x7fb7e1018690>,2,16,[6 1],3,3,19,0,3
1,<environment.Job instance at 0x7fb7e0a24be0>,1,1,[ 3 10],2,21,22,19,13
1,<environment.Job instance at 0x7fb7e187d410>,12,2,[1 9],13,22,24,9,13
1,<environment.Job instance at 0x7fb7e1865a00>,14,3,[8 5],15,19,22,4,15
1,<environment.Job instance at 0x7fb7e1865e60>,15,2,[9 5],16,22,24,6,16
1,<environment.Job instance at 0x7fb7e1865190>,13,1,[3 7],14,24,25,10,16
1,<environment.Job instance at 0x7fb7e15f6820>,3,14,[ 4 10],4,25,39,21,18
1,<environment.Job instance at 0x7fb7e1865820>,18,14,[5 4],19,24,38,5,19
1,<environment.Job instance at 0x7fb7e187f1e0>,19,15,[6 4],20,38,53,18,24
1,<environment.Job instance at 0x7fb7e18651e0>,20,2,[7 5],21,39,41,18,24
1,<environment.Job instance at 0x7fb7e187fa00>,21,2,[ 2 10],22,41,43,19,24
1,<environment.Job instance at 0x7fb7e1c16cd0>,11,12,[3 5],12,43,55,31,26
1,<environment.Job instance at 0x7fb7e187f4b0>,22,23,[6 2],23,43,66,20,37
1,<environment.Job instance at 0x7fb7e1178e60>,27,13,[9 4],28,55,68,27,39
1,<environment.Job instance at 0x7fb7e0ec14b0>,28,13,[4 8],29,66,79,37,50
1,<environment.Job instance at 0x7fb7e1884b40>,29,3,[4 5],30,68,71,38,50
1,<environment.Job instance at 0x7fb7e1885e10>,30,2,[1 5],31,53,55,22,50
1,<environment.Job instance at 0x7fb7e1863690>,31,1,[3 6],32,71,72,39,50
1,<environment.Job instance at 0x7fb7e187d370>,5,14,[5 4],6,72,86,66,57
1,<environment.Job instance at 0x7fb7e17d9a00>,33,1,[11  3],34,86,87,52,58
1,<environment.Job instance at 0x7fb7e18843c0>,26,17,[1 6],27,79,96,52,68
1,<environment.Job instance at 0x7fb7e1865d70>,17,18,[6 1],18,68,86,50,68
1,<environment.Job instance at 0x7fb7e1863d70>,36,16,[4 8],37,87,103,50,74
1,<environment.Job instance at 0x7fb7e0ecf690>,38,15,[1 6],39,96,111,57,82
1,<environment.Job instance at 0x7fb7e0b06910>,41,12,[5 6],42,103,115,61,87
1,<environment.Job instance at 0x7fb7e0eef280>,44,17,[1 6],45,111,128,66,99
1,<environment.Job instance at 0x7fb7e0eef320>,45,14,[3 8],46,115,129,69,100
1,<environment.Job instance at 0x7fb7e0f39190>,46,17,[4 6],47,128,145,81,116
1,<environment.Job instance at 0x7fb7e11a3be0>,37,15,[4 8],38,129,144,91,116
1,<environment.Job instance at 0x7fb7e0ed8c30>,49,3,[2 7],50,144,147,94,118
1,<environment.Job instance at 0x7fb7e0ed8960>,50,15,[4 7],51,145,160,94,131
1,<environment.Job instance at 0x7fb7e0ee40a0>,51,1,[6 2],52,144,145,92,131
1,<environment.Job instance at 0x7fb7e0f397d0>,48,18,[10  1],49,147,165,98,136
1,<environment.Job instance at 0x7fb7e0ee4140>,53,15,[8 4],54,165,180,111,151
1,<environment.Job instance at 0x7fb7e0ec8640>,54,13,[1 9],55,160,173,105,151
1,<environment.Job instance at 0x7fb7e0ec84b0>,56,12,[3 5],57,173,185,116,156
1,<environment.Job instance at 0x7fb7e0d70370>,0,15,[5 5],1,1,16,0,1
1,<environment.Job instance at 0x7fb7e0ec8eb0>,2,17,[5 7],3,3,20,0,3
1,<environment.Job instance at 0x7fb7ea712b40>,4,12,[7 1],5,16,28,11,5
1,<environment.Job instance at 0x7fb7ea712e10>,3,3,[7 1],4,20,23,16,5
1,<environment.Job instance at 0x7fb7ea73cd70>,5,3,[ 1 10],6,20,23,14,6
1,<environment.Job instance at 0x7fb7e0ec8dc0>,1,1,[5 3],2,12,13,10,12
1,<environment.Job instance at 0x7fb7e1e6e410>,12,2,[8 5],13,23,25,10,13
1,<environment.Job instance at 0x7fb7e1e6e2d0>,6,1,[11  3],7,28,29,21,14
1,<environment.Job instance at 0x7fb7e1e6e1e0>,14,2,[8 5],15,25,27,10,15
1,<environment.Job instance at 0x7fb7e1e6e7d0>,15,3,[10  5],16,29,32,13,16
1,<environment.Job instance at 0x7fb7e1e6ef00>,13,14,[14  1],14,32,46,18,20
1,<environment.Job instance at 0x7fb7e1e6edc0>,10,18,[9 3],11,46,64,35,35
1,<environment.Job instance at 0x7fb7e1e6e910>,17,14,[5 6],18,46,60,28,42
1,<environment.Job instance at 0x7fb7e1e6eaa0>,18,16,[8 4],19,64,80,45,51
1,<environment.Job instance at 0x7fb7e1e6e9b0>,8,12,[7 5],9,64,76,55,51
1,<environment.Job instance at 0x7fb7e1e6e640>,21,3,[6 5],22,60,63,38,51
1,<environment.Job instance at 0x7fb7e1e6e500>,20,15,[3 7],21,76,91,55,62
1,<environment.Job instance at 0x7fb7e1704910>,26,15,[4 6],27,80,95,53,66
1,<environment.Job instance at 0x7fb7e1704dc0>,30,12,[3 8],31,91,103,60,74
1,<environment.Job instance at 0x7fb7e1704b40>,31,18,[7 1],32,80,98,48,74
1,<environment.Job instance at 0x7fb7e1704e10>,32,15,[6 2],33,98,113,65,84
1,<environment.Job instance at 0x7fb7e1704280>,35,16,[3 5],36,95,111,59,84
1,<environment.Job instance at 0x7fb7e17040f0>,36,14,[6 2],37,103,117,66,88
1,<environment.Job instance at 0x7fb7e17049b0>,39,14,[7 3],40,113,127,73,98
1,<environment.Job instance at 0x7fb7e17048c0>,40,14,[8 2],41,117,131,76,102
1,<environment.Job instance at 0x7fb7e1704550>,42,17,[1 5],43,127,144,84,115
1,<environment.Job instance at 0x7fb7e1e6e320>,16,17,[4 8],17,127,144,110,115
1,<environment.Job instance at 0x7fb7e1704f50>,45,3,[9 4],46,144,147,98,118
1,<environment.Job instance at 0x7fb7e1434d20>,46,12,[5 3],47,144,156,97,127
1,<environment.Job instance at 0x7fb7e1434eb0>,47,15,[6 1],48,147,162,99,133
1,<environment.Job instance at 0x7fb7e1e6ecd0>,22,17,[ 5 14],23,156,173,133,146
1,<environment.Job instance at 0x7fb7e1434410>,49,13,[4 7],50,173,186,123,159
1,<environment.Job instance at 0x7fb7e1434b90>,50,2,[8 1],51,162,164,111,159
1,<environment.Job instance at 0x7fb7e076f460>,0,3,[7 3],1,1,4,0,1
1,<environment.Job instance at 0x7fb7e1006910>,2,12,[12  2],3,5,17,2,5
1,<environment.Job instance at 0x7fb7e076fb40>,4,17,[5 5],5,17,34,12,6
1,<environment.Job instance at 0x7fb7e076feb0>,6,12,[6 2],7,17,29,10,7
1,<environment.Job instance at 0x7fb7e076fc30>,7,15,[1 8],8,8,23,0,8
1,<environment.Job instance at 0x7fb7e076fcd0>,8,2,[3 8],9,23,25,14,9
1,<environment.Job instance at 0x7fb7e076fa50>,12,1,[3 6],13,25,26,12,13
1,<environment.Job instance at 0x7fb7e076fd20>,13,2,[5 5],14,29,31,15,14
1,<environment.Job instance at 0x7fb7e076f780>,10,12,[10  4],11,31,43,20,15
1,<environment.Job instance at 0x7fb7e076f5f0>,14,13,[ 5 11],15,34,47,19,19
1,<environment.Job instance at 0x7fb7e06ec690>,16,14,[9 2],17,43,57,26,29
1,<environment.Job instance at 0x7fb7e06ec6e0>,20,13,[3 7],21,47,60,26,31
1,<environment.Job instance at 0x7fb7e076f9b0>,9,15,[9 1],10,57,72,47,43
1,<environment.Job instance at 0x7fb7e076f6e0>,1,25,[1 6],2,48,73,46,48
1,<environment.Job instance at 0x7fb7e06ecb40>,26,3,[ 2 14],27,73,76,46,48
1,<environment.Job instance at 0x7fb7e06ec370>,25,17,[9 3],26,76,93,50,72
1,<environment.Job instance at 0x7fb7e06ece10>,28,14,[1 9],29,76,90,47,74
1,<environment.Job instance at 0x7fb7e06eca50>,29,12,[5 1],30,74,86,44,74
1,<environment.Job instance at 0x7fb7e06ec3c0>,30,3,[8 5],31,93,96,62,75
1,<environment.Job instance at 0x7fb7e06ec8c0>,31,13,[7 4],32,93,106,61,77
1,<environment.Job instance at 0x7fb7e06ecd70>,32,2,[4 9],33,90,92,57,77
1,<environment.Job instance at 0x7fb7e06ec1e0>,33,3,[8 4],34,96,99,62,77
1,<environment.Job instance at 0x7fb7e06ec230>,34,2,[3 8],35,99,101,64,77
1,<environment.Job instance at 0x7fb7e06ec280>,35,3,[ 1 10],36,101,104,65,77
1,<environment.Job instance at 0x7fb7e06ec960>,36,14,[8 3],37,104,118,67,93
1,<environment.Job instance at 0x7fb7e06ec500>,24,21,[10  5],25,118,139,93,111
1,<environment.Job instance at 0x7fb7e07800a0>,39,15,[5 5],40,111,126,71,111
1,<environment.Job instance at 0x7fb7e07808c0>,40,15,[2 8],41,126,141,85,112
1,<environment.Job instance at 0x7fb7e0780d70>,42,18,[2 5],43,139,157,96,128
1,<environment.Job instance at 0x7fb7e0780aa0>,44,15,[10  1],45,139,154,94,128
1,<environment.Job instance at 0x7fb7e0780780>,45,15,[8 4],46,154,169,108,140
1,<environment.Job instance at 0x7fb7e07809b0>,46,14,[2 6],47,141,155,94,140
1,<environment.Job instance at 0x7fb7e0780b40>,47,15,[6 2],48,157,172,109,143
1,<environment.Job instance at 0x7fb7e0780190>,49,17,[5 4],50,169,186,119,157
1,<environment.Job instance at 0x7fb7e0780eb0>,50,16,[1 6],51,157,173,106,157
1,<environment.Job instance at 0x7fb7e0780f00>,51,12,[2 8],52,173,185,121,159
1,<environment.Job instance at 0x7fb7e10cbfa0>,0,1,[10  3],1,1,2,0,1
1,<environment.Job instance at 0x7fb7ea48f050>,2,15,[9 5],3,3,18,0,3
1,<environment.Job instance at 0x7fb7e10cb320>,3,2,[2 7],4,6,8,2,6
1,<environment.Job instance at 0x7fb7e10cbd70>,1,17,[7 1],2,18,35,16,6
1,<environment.Job instance at 0x7fb7e10cbf50>,6,18,[4 9],7,8,26,1,7
1,<environment.Job instance at 0x7fb7e10cb5f0>,8,2,[7 3],9,26,28,17,10
1,<environment.Job instance at 0x7fb7e10cb5a0>,10,12,[2 6],11,28,40,17,11
1,<environment.Job instance at 0x7fb7e10cb4b0>,11,3,[5 2],12,28,31,16,12
1,<environment.Job instance at 0x7fb7e10cb370>,15,1,[3 8],16,31,32,15,16
1,<environment.Job instance at 0x7fb7e10cba00>,14,13,[8 1],15,35,48,20,20
1,<environment.Job instance at 0x7fb7e0943230>,19,17,[3 5],20,32,49,12,20
1,<environment.Job instance at 0x7fb7e0943320>,20,17,[5 8],21,48,65,27,36
1,<environment.Job instance at 0x7fb7e0943dc0>,21,14,[7 5],22,49,63,27,36
1,<environment.Job instance at 0x7fb7e0943820>,24,18,[6 5],25,63,81,38,52
1,<environment.Job instance at 0x7fb7e09432d0>,26,17,[5 1],27,65,82,38,53
1,<environment.Job instance at 0x7fb7e0943c30>,29,16,[5 5],30,81,97,51,68
1,<environment.Job instance at 0x7fb7e0943d70>,32,17,[3 5],33,68,85,35,68
1,<environment.Job instance at 0x7fb7e09430a0>,33,13,[2 7],34,85,98,51,69
1,<environment.Job instance at 0x7fb7e10cb3c0>,9,13,[9 3],10,97,110,87,86
1,<environment.Job instance at 0x7fb7e1c87c30>,35,18,[4 9],36,98,116,62,87
1,<environment.Job instance at 0x7fb7e1c877d0>,38,18,[6 5],39,110,128,71,99
1,<environment.Job instance at 0x7fb7e1c874b0>,43,18,[6 1],44,116,134,72,105
1,<environment.Job instance at 0x7fb7e1c87eb0>,44,16,[1 6],45,116,132,71,105
1,<environment.Job instance at 0x7fb7e1c870f0>,45,16,[10  1],46,134,150,88,121
1,<environment.Job instance at 0x7fb7e10cbbe0>,16,16,[2 7],17,128,144,111,121
1,<environment.Job instance at 0x7fb7e1c873c0>,47,14,[ 3 12],48,144,158,96,137
1,<environment.Job instance at 0x7fb7e10cbaf0>,12,16,[8 1],13,150,166,137,138
1,<environment.Job instance at 0x7fb7e1c87b90>,49,2,[9 5],50,166,168,116,139
1,<environment.Job instance at 0x7fb7e1334320>,50,1,[8 3],51,168,169,117,140
1,<environment.Job instance at 0x7fb7e13345f0>,51,2,[10  3],52,169,171,117,142
1,<environment.Job instance at 0x7fb7e1334eb0>,52,3,[ 4 10],53,158,161,105,142
1,<environment.Job instance at 0x7fb7e1c87d20>,48,14,[5 5],49,161,175,112,146
1,<environment.Job instance at 0x7fb7e1334280>,54,2,[7 5],55,171,173,116,146
1,<environment.Job instance at 0x7fb7e13347d0>,53,15,[8 2],54,173,188,119,159
1,<environment.Job instance at 0x7fb7e1334c80>,56,2,[ 2 10],57,175,177,118,159
1,<environment.Job instance at 0x7fb7ea4e40f0>,0,2,[1 7],1,1,3,0,1
1,<environment.Job instance at 0x7fb7e1334910>,1,15,[6 1],2,2,17,0,2
1,<environment.Job instance at 0x7fb7e1334c80>,3,18,[1 7],4,4,22,0,4
1,<environment.Job instance at 0x7fb7ea4e4140>,5,1,[ 5 12],6,22,23,16,6
1,<environment.Job instance at 0x7fb7ea4e47d0>,6,13,[4 9],7,23,36,16,7
1,<environment.Job instance at 0x7fb7ea4e4870>,7,2,[7 5],8,8,10,0,8
1,<environment.Job instance at 0x7fb7e19f3640>,9,12,[4 7],10,10,22,0,10
1,<environment.Job instance at 0x7fb7e19f37d0>,10,1,[9 5],11,23,24,12,11
1,<environment.Job instance at 0x7fb7e1d31910>,11,18,[5 6],12,24,42,12,13
1,<environment.Job instance at 0x7fb7e1d31640>,13,2,[8 4],14,36,38,22,15
1,<environment.Job instance at 0x7fb7e1d311e0>,16,15,[1 6],17,38,53,21,24
1,<environment.Job instance at 0x7fb7e1d31500>,19,14,[2 7],20,42,56,22,27
1,<environment.Job instance at 0x7fb7e1d31b90>,22,16,[3 7],23,53,69,30,41
1,<environment.Job instance at 0x7fb7e1d313c0>,23,15,[9 4],24,56,71,32,42
1,<environment.Job instance at 0x7fb7e1d31320>,26,14,[7 3],27,71,85,44,56
1,<environment.Job instance at 0x7fb7e1d31a00>,27,18,[2 8],28,69,87,41,58
1,<environment.Job instance at 0x7fb7e1187640>,31,14,[1 8],32,87,101,55,72
1,<environment.Job instance at 0x7fb7e1187cd0>,32,16,[6 4],33,72,88,39,72
1,<environment.Job instance at 0x7fb7e1187960>,33,12,[10  2],34,88,100,54,72
1,<environment.Job instance at 0x7fb7e1d314b0>,14,14,[ 4 10],15,101,115,86,86
1,<environment.Job instance at 0x7fb7e11879b0>,37,2,[ 1 10],38,115,117,77,88
1,<environment.Job instance at 0x7fb7e1187c30>,38,1,[4 7],39,100,101,61,88
1,<environment.Job instance at 0x7fb7e1187e10>,39,3,[13  3],40,115,118,75,89
1,<environment.Job instance at 0x7fb7e11876e0>,40,15,[8 4],41,118,133,77,104
1,<environment.Job instance at 0x7fb7e1187b90>,41,18,[7 3],42,118,136,76,107
1,<environment.Job instance at 0x7fb7e1187140>,36,18,[ 2 10],37,133,151,96,122
1,<environment.Job instance at 0x7fb7e1187e60>,43,14,[7 2],44,136,150,92,122
1,<environment.Job instance at 0x7fb7e1187280>,44,3,[5 1],45,133,136,88,122
1,<environment.Job instance at 0x7fb7e1187320>,45,12,[8 1],46,150,162,104,133
1,<environment.Job instance at 0x7fb7e1187d20>,47,15,[ 3 10],48,151,166,103,137
1,<environment.Job instance at 0x7fb7e0b1a050>,49,12,[4 6],50,166,178,116,149
1,<environment.Job instance at 0x7fb7e0b1a4b0>,50,17,[5 2],51,162,179,111,150
1,<environment.Job instance at 0x7fb7e0d6cc30>,0,1,[7 3],1,1,2,0,1
1,<environment.Job instance at 0x7fb7e0b1a190>,1,12,[7 1],2,2,14,0,2
1,<environment.Job instance at 0x7fb7e0d6cb90>,2,13,[6 3],3,3,16,0,3
1,<environment.Job instance at 0x7fb7e0d6c870>,3,3,[8 1],4,14,17,10,4
1,<environment.Job instance at 0x7fb7e0b1a4b0>,4,14,[5 2],5,16,30,11,5
1,<environment.Job instance at 0x7fb7e117a2d0>,5,3,[4 7],6,17,20,11,6
1,<environment.Job instance at 0x7fb7e117a910>,6,3,[ 4 11],7,20,23,13,7
1,<environment.Job instance at 0x7fb7e117a6e0>,7,14,[6 1],8,17,31,9,8
1,<environment.Job instance at 0x7fb7e117a0a0>,10,16,[4 9],11,23,39,12,11
1,<environment.Job instance at 0x7fb7e117afa0>,8,12,[5 3],9,30,42,21,14
1,<environment.Job instance at 0x7fb7e117aa50>,14,3,[11  3],15,42,45,27,16
1,<environment.Job instance at 0x7fb7e117a690>,17,2,[1 9],18,39,41,21,25
1,<environment.Job instance at 0x7fb7e117a640>,18,2,[7 4],19,45,47,26,25
1,<environment.Job instance at 0x7fb7e17ec5f0>,21,17,[7 4],22,45,62,23,33
1,<environment.Job instance at 0x7fb7e17ec280>,22,2,[6 2],23,33,35,10,33
1,<environment.Job instance at 0x7fb7e17ec8c0>,23,16,[1 9],24,47,63,23,34
1,<environment.Job instance at 0x7fb7e17ecd20>,27,15,[10  5],28,62,77,34,48
1,<environment.Job instance at 0x7fb7e17ec0f0>,29,18,[5 2],30,63,81,33,52
1,<environment.Job instance at 0x7fb7e17ec4b0>,30,17,[8 2],31,77,94,46,65
1,<environment.Job instance at 0x7fb7e189d190>,32,13,[6 1],33,81,94,48,65
1,<environment.Job instance at 0x7fb7e189d960>,33,15,[5 2],34,94,109,60,80
1,<environment.Job instance at 0x7fb7e189db40>,35,14,[9 4],36,94,108,58,80
1,<environment.Job instance at 0x7fb7e189dd70>,36,12,[7 2],37,108,120,71,91
1,<environment.Job instance at 0x7fb7e189df50>,38,18,[5 3],39,109,127,70,98
1,<environment.Job instance at 0x7fb7e189d280>,39,12,[9 5],40,120,132,80,103
1,<environment.Job instance at 0x7fb7e189de10>,40,12,[5 7],41,127,139,86,110
1,<environment.Job instance at 0x7fb7e189d8c0>,41,18,[1 7],42,132,150,90,121
1,<environment.Job instance at 0x7fb7e189dc80>,42,3,[1 9],43,150,153,107,124
1,<environment.Job instance at 0x7fb7e189ddc0>,43,1,[6 2],44,139,140,95,124
1,<environment.Job instance at 0x7fb7e189d5f0>,44,2,[1 8],45,140,142,95,124
1,<environment.Job instance at 0x7fb7e189d910>,46,3,[6 5],47,142,145,95,124
1,<environment.Job instance at 0x7fb7ea4d1f00>,47,3,[1 9],48,153,156,105,127
1,<environment.Job instance at 0x7fb7ea4d1370>,48,2,[2 7],49,145,147,96,127
1,<environment.Job instance at 0x7fb7ea4d1320>,49,2,[5 3],50,142,144,92,127
1,<environment.Job instance at 0x7fb7ea4d13c0>,52,13,[5 8],53,156,169,103,140
1,<environment.Job instance at 0x7fb7ea4d1d70>,54,18,[7 1],55,144,162,89,140
1,<environment.Job instance at 0x7fb7ea4d12d0>,55,2,[10  4],56,162,164,106,140
1,<environment.Job instance at 0x7fb7ea4d1f50>,60,12,[9 3],61,164,176,103,147
1,<environment.Job instance at 0x7fb7ea4d1230>,63,3,[4 6],64,147,150,83,147
1,<environment.Job instance at 0x7fb7ea4d10a0>,64,18,[ 4 10],65,169,187,104,158
1,<environment.Job instance at 0x7fb7ea49b3c0>,65,12,[10  4],66,176,188,110,159
1,<environment.Job instance at 0x7fb7e0a06c30>,1,1,[12  2],2,2,3,0,2
1,<environment.Job instance at 0x7fb7e0a063c0>,2,1,[9 3],3,3,4,0,3
1,<environment.Job instance at 0x7fb7e0a065a0>,3,12,[6 3],4,4,16,0,4
1,<environment.Job instance at 0x7fb7e0a065f0>,4,1,[10  3],5,16,17,11,5
1,<environment.Job instance at 0x7fb7e0a06fa0>,5,3,[4 6],6,6,9,0,6
1,<environment.Job instance at 0x7fb7e0a06460>,6,14,[8 2],7,17,31,10,7
1,<environment.Job instance at 0x7fb7e0a06f50>,7,3,[6 5],8,9,12,1,8
1,<environment.Job instance at 0x7fb7e0a06640>,8,12,[6 1],9,17,29,8,9
1,<environment.Job instance at 0x7fb7e0a1f320>,9,16,[1 8],10,12,28,2,10
1,<environment.Job instance at 0x7fb7e0a1fa00>,10,3,[2 6],11,29,32,18,11
1,<environment.Job instance at 0x7fb7e0a1f500>,12,12,[3 6],13,29,41,16,15
1,<environment.Job instance at 0x7fb7e0a1f960>,13,2,[7 2],14,31,33,17,17
1,<environment.Job instance at 0x7fb7e0a1fb40>,15,13,[3 7],16,32,45,16,17
1,<environment.Job instance at 0x7fb7e0a1f690>,18,3,[2 5],19,41,44,22,26
1,<environment.Job instance at 0x7fb7e0a1f0a0>,11,17,[ 3 10],12,45,62,33,33
1,<environment.Job instance at 0x7fb7e0a333c0>,21,13,[ 3 10],22,62,75,40,53
1,<environment.Job instance at 0x7fb7e0a33280>,23,16,[5 5],24,53,69,29,53
1,<environment.Job instance at 0x7fb7e0a33690>,24,18,[7 5],25,69,87,44,58
1,<environment.Job instance at 0x7fb7e0a334b0>,28,12,[8 2],29,75,87,46,58
1,<environment.Job instance at 0x7fb7e0a33d20>,32,14,[1 7],33,87,101,54,76
1,<environment.Job instance at 0x7fb7e0a1a550>,36,15,[9 4],37,87,102,50,76
1,<environment.Job instance at 0x7fb7e0a1a230>,37,17,[8 2],38,102,119,64,90
1,<environment.Job instance at 0x7fb7e0a06f00>,0,20,[7 1],1,102,122,101,93
1,<environment.Job instance at 0x7fb7e0a1a140>,42,18,[5 5],43,119,137,76,108
1,<environment.Job instance at 0x7fb7e0a1a0a0>,43,16,[9 3],44,122,138,78,109
1,<environment.Job instance at 0x7fb7e0a1ae60>,44,3,[1 9],45,119,122,74,109
1,<environment.Job instance at 0x7fb7e0a1a910>,45,16,[ 5 10],46,137,153,91,124
1,<environment.Job instance at 0x7fb7e0a1a730>,46,12,[1 9],47,153,165,106,136
1,<environment.Job instance at 0x7fb7e0a1a780>,47,2,[10  4],48,138,140,90,136
1,<environment.Job instance at 0x7fb7e0a1a7d0>,48,19,[5 8],49,165,184,116,155
1,<environment.Job instance at 0x7fb7e0a1af00>,49,12,[10  3],50,155,167,105,155
1,<environment.Job instance at 0x7fb7e0a1a8c0>,50,12,[9 5],51,167,179,116,155
1,<environment.Job instance at 0x7fb7e0a1a500>,51,2,[8 5],52,179,181,127,155
1,<environment.Job instance at 0x7fb7e0a36c80>,2,17,[4 7],3,3,20,0,3
1,<environment.Job instance at 0x7fb7e1e8eb90>,4,15,[9 1],5,5,20,0,5
1,<environment.Job instance at 0x7fb7e1e8e550>,5,3,[3 8],6,20,23,14,7
1,<environment.Job instance at 0x7fb7e1c9db90>,7,12,[3 5],8,20,32,12,8
1,<environment.Job instance at 0x7fb7e1c9df50>,8,3,[6 2],9,20,23,11,9
1,<environment.Job instance at 0x7fb7e1c9d500>,10,13,[1 5],11,23,36,12,11
1,<environment.Job instance at 0x7fb7e1c9d960>,11,3,[ 2 12],12,36,39,24,12
1,<environment.Job instance at 0x7fb7e1c9d0f0>,9,17,[7 1],10,23,40,13,12
1,<environment.Job instance at 0x7fb7e1c9da50>,12,14,[5 6],13,39,53,26,24
1,<environment.Job instance at 0x7fb7e1c9d4b0>,13,13,[2 7],14,39,52,25,24
1,<environment.Job instance at 0x7fb7e1e8e8c0>,3,18,[2 9],4,52,70,48,41
1,<environment.Job instance at 0x7fb7e1c9daa0>,17,17,[7 2],18,53,70,35,41
1,<environment.Job instance at 0x7fb7e1c9dbe0>,18,1,[2 8],19,70,71,51,42
1,<environment.Job instance at 0x7fb7e0ad40a0>,19,1,[8 5],20,70,71,50,42
1,<environment.Job instance at 0x7fb7e0ad4780>,20,1,[8 2],21,42,43,21,42
1,<environment.Job instance at 0x7fb7e0ad40f0>,21,3,[5 9],22,71,74,49,45
1,<environment.Job instance at 0x7fb7e0ad44b0>,22,1,[1 9],23,74,75,51,46
1,<environment.Job instance at 0x7fb7e0ad4870>,23,2,[7 1],24,46,48,22,46
1,<environment.Job instance at 0x7fb7e0ad4d20>,24,25,[7 4],25,71,96,46,67
1,<environment.Job instance at 0x7fb7e1c9da00>,14,19,[1 7],15,75,94,60,74
1,<environment.Job instance at 0x7fb7e1c9dd70>,15,13,[13  4],16,96,109,80,81
1,<environment.Job instance at 0x7fb7e0ad4500>,27,3,[7 1],28,81,84,53,81
1,<environment.Job instance at 0x7fb7e0ad4d70>,28,19,[2 5],29,94,113,65,84
1,<environment.Job instance at 0x7fb7e1e714b0>,31,21,[7 2],32,109,130,77,101
1,<environment.Job instance at 0x7fb7e0aec870>,35,14,[7 2],36,113,127,77,108
1,<environment.Job instance at 0x7fb7e0aec230>,36,18,[10  3],37,130,148,93,119
1,<environment.Job instance at 0x7fb7e0aecf50>,37,16,[3 9],38,127,143,89,119
1,<environment.Job instance at 0x7fb7e0aec6e0>,42,17,[1 9],43,143,160,100,131
1,<environment.Job instance at 0x7fb7e0aec640>,44,17,[10  1],45,148,165,103,136
1,<environment.Job instance at 0x7fb7e1e38500>,46,16,[9 3],47,165,181,118,152
1,<environment.Job instance at 0x7fb7e1444500>,0,2,[7 1],1,1,3,0,1
1,<environment.Job instance at 0x7fb7e1444730>,1,17,[4 6],2,2,19,0,2
1,<environment.Job instance at 0x7fb7e1444640>,4,14,[10  2],5,5,19,0,5
1,<environment.Job instance at 0x7fb7e14447d0>,2,1,[ 1 10],3,19,20,16,6
1,<environment.Job instance at 0x7fb7e0efe690>,3,2,[ 4 10],4,20,22,16,6
1,<environment.Job instance at 0x7fb7e1444e60>,6,3,[3 8],7,22,25,15,8
1,<environment.Job instance at 0x7fb7e10a8280>,7,3,[3 5],8,19,22,11,8
1,<environment.Job instance at 0x7fb7e10a86e0>,9,3,[3 5],10,22,25,12,10
1,<environment.Job instance at 0x7fb7e10a8910>,10,1,[4 6],11,25,26,14,11
1,<environment.Job instance at 0x7fb7e10a8eb0>,11,1,[2 7],12,25,26,13,12
1,<environment.Job instance at 0x7fb7e10a85a0>,12,3,[ 5 13],13,26,29,13,13
1,<environment.Job instance at 0x7fb7e10a8b90>,8,13,[ 5 13],9,29,42,20,13
1,<environment.Job instance at 0x7fb7e0f12230>,16,1,[8 5],17,42,43,25,17
1,<environment.Job instance at 0x7fb7e0f12050>,18,19,[3 9],19,42,61,23,32
1,<environment.Job instance at 0x7fb7e109eb40>,19,12,[1 5],20,43,55,23,32
1,<environment.Job instance at 0x7fb7e109ecd0>,20,3,[2 6],21,55,58,34,32
1,<environment.Job instance at 0x7fb7e109e910>,21,18,[1 8],22,61,79,39,50
1,<environment.Job instance at 0x7fb7e109e870>,23,17,[6 4],24,58,75,34,50
1,<environment.Job instance at 0x7fb7e109eb90>,25,12,[9 4],26,75,87,49,58
1,<environment.Job instance at 0x7fb7e109e0a0>,27,17,[4 8],28,79,96,51,67
1,<environment.Job instance at 0x7fb7e10aff50>,30,22,[6 2],31,87,109,56,80
1,<environment.Job instance at 0x7fb7e10af7d0>,31,13,[ 5 10],32,96,109,64,80
1,<environment.Job instance at 0x7fb7e0efae10>,34,16,[10  1],35,109,125,74,96
1,<environment.Job instance at 0x7fb7e0f12870>,17,18,[3 5],18,109,127,91,98
1,<environment.Job instance at 0x7fb7e0efa050>,36,3,[4 7],37,125,128,88,99
1,<environment.Job instance at 0x7fb7e0efae60>,37,3,[5 6],38,127,130,89,101
1,<environment.Job instance at 0x7fb7e0efaf50>,38,1,[10  4],39,128,129,89,101
1,<environment.Job instance at 0x7fb7e0efadc0>,35,18,[7 3],36,129,147,93,118
1,<environment.Job instance at 0x7fb7e0f34f50>,45,18,[6 3],46,130,148,84,119
1,<environment.Job instance at 0x7fb7e0f34870>,48,18,[5 8],49,147,165,98,136
1,<environment.Job instance at 0x7fb7e0f2ac30>,50,13,[1 6],51,148,161,97,136
1,<environment.Job instance at 0x7fb7e0efac30>,39,18,[3 7],40,161,179,121,150
1,<environment.Job instance at 0x7fb7e0f2aeb0>,52,2,[2 8],53,165,167,112,150
1,<environment.Job instance at 0x7fb7e0f2ad70>,53,15,[5 6],54,167,182,113,154
1,<environment.Job instance at 0x7fb7e0f2abe0>,54,1,[8 4],55,179,180,124,154
1,<environment.Job instance at 0x7fb7e0d1d5f0>,0,1,[ 2 14],1,2,3,1,2
1,<environment.Job instance at 0x7fb7e0d1d9b0>,1,2,[8 5],2,3,5,1,2
1,<environment.Job instance at 0x7fb7e12c6a00>,2,3,[3 5],3,3,6,0,3
1,<environment.Job instance at 0x7fb7e12c6a50>,3,2,[5 8],4,5,7,1,4
1,<environment.Job instance at 0x7fb7e12c67d0>,5,13,[7 1],6,6,19,0,6
1,<environment.Job instance at 0x7fb7e1dc50a0>,6,14,[ 4 10],7,7,21,0,7
1,<environment.Job instance at 0x7fb7e12c6780>,7,1,[9 1],8,19,20,11,8
1,<environment.Job instance at 0x7fb7e1db2fa0>,8,12,[5 3],9,20,32,11,9
1,<environment.Job instance at 0x7fb7e06e9910>,9,13,[6 2],10,20,33,10,10
1,<environment.Job instance at 0x7fb7e06e9b40>,10,3,[8 1],11,32,35,21,11
1,<environment.Job instance at 0x7fb7e06e9e60>,11,2,[1 6],12,21,23,9,12
1,<environment.Job instance at 0x7fb7e06e9b90>,13,16,[1 8],14,23,39,9,16
1,<environment.Job instance at 0x7fb7e075e410>,20,15,[2 9],21,39,54,18,25
1,<environment.Job instance at 0x7fb7e16ed820>,24,13,[5 6],25,33,46,8,25
1,<environment.Job instance at 0x7fb7e0d28d20>,27,12,[5 6],28,46,58,18,29
1,<environment.Job instance at 0x7fb7e0d28910>,30,14,[1 8],31,54,68,23,39
1,<environment.Job instance at 0x7fb7e16ee7d0>,31,14,[9 1],32,54,68,22,40
1,<environment.Job instance at 0x7fb7e170ef50>,32,13,[8 3],33,68,81,35,53
1,<environment.Job instance at 0x7fb7e06e9690>,15,15,[4 8],16,68,83,52,54
1,<environment.Job instance at 0x7fb7e170e730>,34,2,[6 5],35,81,83,46,54
1,<environment.Job instance at 0x7fb7e06e6c30>,35,14,[6 2],36,83,97,47,68
1,<environment.Job instance at 0x7fb7e06e94b0>,12,16,[2 9],13,83,99,70,71
1,<environment.Job instance at 0x7fb7e1706460>,37,2,[ 1 11],38,99,101,61,72
1,<environment.Job instance at 0x7fb7e170e550>,33,15,[4 9],34,101,116,67,88
1,<environment.Job instance at 0x7fb7e0f5b2d0>,48,13,[4 6],49,101,114,52,88
1,<environment.Job instance at 0x7fb7e0f5b280>,51,18,[1 6],52,114,132,62,103
1,<environment.Job instance at 0x7fb7e0f5bd20>,52,17,[5 2],53,116,133,63,104
1,<environment.Job instance at 0x7fb7e0f76eb0>,53,14,[8 5],54,116,130,62,104
1,<environment.Job instance at 0x7fb7e170fa50>,55,18,[5 8],56,132,150,76,121
1,<environment.Job instance at 0x7fb7e170f820>,57,16,[3 5],58,130,146,72,121
1,<environment.Job instance at 0x7fb7e16fb0f0>,59,18,[5 6],60,146,164,86,135
1,<environment.Job instance at 0x7fb7e16fb910>,61,15,[2 9],62,150,165,88,143
1,<environment.Job instance at 0x7fb7e1703280>,65,16,[2 7],66,165,181,99,152
1,<environment.Job instance at 0x7fb7e16e1c30>,66,16,[4 6],67,164,180,97,152
1,<environment.Job instance at 0x7fb7e0b628c0>,0,18,[6 2],1,1,19,0,1
1,<environment.Job instance at 0x7fb7e0b62640>,1,3,[5 4],2,3,6,1,3
1,<environment.Job instance at 0x7fb7e16e1e60>,2,3,[ 4 10],3,6,9,3,3
1,<environment.Job instance at 0x7fb7e087cfa0>,3,12,[3 7],4,9,21,5,4
1,<environment.Job instance at 0x7fb7e087cf00>,5,3,[2 8],6,19,22,13,6
1,<environment.Job instance at 0x7fb7e08901e0>,4,3,[1 6],5,9,12,4,7
1,<environment.Job instance at 0x7fb7e0890140>,6,13,[9 2],7,21,34,14,7
1,<environment.Job instance at 0x7fb7e08904b0>,8,14,[4 8],9,22,36,13,9
1,<environment.Job instance at 0x7fb7e08905f0>,12,1,[9 5],13,34,35,21,13
1,<environment.Job instance at 0x7fb7e0890640>,9,1,[5 5],10,13,14,3,13
1,<environment.Job instance at 0x7fb7e0890730>,10,13,[9 1],11,35,48,24,19
1,<environment.Job instance at 0x7fb7e0890b40>,16,15,[7 1],17,48,63,31,34
1,<environment.Job instance at 0x7fb7e0890820>,17,13,[ 5 10],18,36,49,18,34
1,<environment.Job instance at 0x7fb7e08908c0>,13,16,[1 7],14,49,65,35,39
1,<environment.Job instance at 0x7fb7e0890eb0>,19,2,[8 3],20,63,65,43,39
1,<environment.Job instance at 0x7fb7e0890f00>,20,1,[8 5],21,65,66,44,39
1,<environment.Job instance at 0x7fb7e0890fa0>,21,2,[9 5],22,66,68,44,39
1,<environment.Job instance at 0x7fb7e0890d70>,22,15,[4 5],23,49,64,26,39
1,<environment.Job instance at 0x7fb7e0890c30>,18,16,[11  4],19,68,84,49,55
1,<environment.Job instance at 0x7fb7e08993c0>,27,14,[5 1],28,84,98,56,69
1,<environment.Job instance at 0x7fb7e0899640>,31,16,[1 8],32,69,85,37,69
1,<environment.Job instance at 0x7fb7e08996e0>,32,16,[ 5 10],33,85,101,52,72
1,<environment.Job instance at 0x7fb7e08999b0>,36,13,[ 1 10],37,101,114,64,85
1,<environment.Job instance at 0x7fb7e0899a00>,37,18,[7 4],38,98,116,60,87
1,<environment.Job instance at 0x7fb7e0899fa0>,40,14,[10  2],41,116,130,75,101
1,<environment.Job instance at 0x7fb7e08af1e0>,44,19,[3 6],45,114,133,69,104
1,<environment.Job instance at 0x7fb7e08af280>,45,17,[5 3],46,130,147,84,118
1,<environment.Job instance at 0x7fb7e08af3c0>,47,13,[2 9],48,133,146,85,118
1,<environment.Job instance at 0x7fb7e08af500>,49,17,[8 4],50,146,163,96,134
1,<environment.Job instance at 0x7fb7e08af5a0>,50,15,[4 8],51,147,162,96,134
1,<environment.Job instance at 0x7fb7e08af640>,51,16,[3 6],52,162,178,110,149
1,<environment.Job instance at 0x7fb7e08af820>,54,3,[5 4],55,163,166,108,149
1,<environment.Job instance at 0x7fb7e08afa00>,55,13,[5 1],56,163,176,107,149
1,<environment.Job instance at 0x7fb7e08af910>,56,16,[6 2],57,166,182,109,153
1,<environment.Job instance at 0x7fe53427e230>,0,18,[ 2 10],1,1,19,0,1
1,<environment.Job instance at 0x7fe53427e320>,2,12,[5 4],3,3,15,0,3
1,<environment.Job instance at 0x7fe52ab065f0>,4,18,[10  4],5,15,33,10,5
1,<environment.Job instance at 0x7fe52ab067d0>,5,13,[5 9],6,19,32,13,7
1,<environment.Job instance at 0x7fe52ab06690>,7,14,[5 1],8,32,46,24,17
1,<environment.Job instance at 0x7fe52ab06a50>,9,17,[ 4 10],10,33,50,23,21
1,<environment.Job instance at 0x7fe52ab06cd0>,13,13,[1 8],14,50,63,36,34
1,<environment.Job instance at 0x7fe52ab06d70>,14,12,[3 7],15,50,62,35,34
1,<environment.Job instance at 0x7fe52ab06eb0>,16,12,[1 8],17,63,75,46,46
1,<environment.Job instance at 0x7fe52ab06a00>,18,16,[8 5],19,62,78,43,49
1,<environment.Job instance at 0x7fe52ab09280>,23,18,[5 2],24,62,80,38,51
1,<environment.Job instance at 0x7fe52ab09780>,29,13,[1 6],30,75,88,45,59
1,<environment.Job instance at 0x7fe52ab098c0>,31,17,[4 9],32,80,97,48,68
1,<environment.Job instance at 0x7fe52ab09960>,32,17,[9 3],33,88,105,55,76
1,<environment.Job instance at 0x7fe52ab09b40>,35,16,[8 1],36,105,121,69,92
1,<environment.Job instance at 0x7fe52ab09b90>,37,14,[5 5],38,97,111,59,92
1,<environment.Job instance at 0x7fe52ab09d20>,38,12,[3 6],39,111,123,72,94
1,<environment.Job instance at 0x7fe52ab09dc0>,39,18,[5 8],40,121,139,81,110
1,<environment.Job instance at 0x7fe52ab09f50>,41,14,[6 1],42,121,135,79,110
1,<environment.Job instance at 0x7fe52ab09fa0>,42,14,[8 4],43,135,149,92,120
1,<environment.Job instance at 0x7fe52ab0c1e0>,45,16,[6 2],46,139,155,93,126
1,<environment.Job instance at 0x7fe52ab0c460>,48,13,[6 1],49,149,162,100,133
1,<environment.Job instance at 0x7fe52ab0ca00>,54,14,[1 7],55,139,153,84,133
1,<environment.Job instance at 0x7fe52ab0caa0>,55,17,[4 7],56,155,172,99,143
1,<environment.Job instance at 0x7fe52ab0cb40>,56,18,[4 5],57,155,173,98,144
1,<environment.Job instance at 0x7fe53427e1e0>,1,15,[ 1 14],2,173,188,171,161
1,<environment.Job instance at 0x7fe52aaa7820>,0,3,[9 1],1,2,5,1,2
1,<environment.Job instance at 0x7fe52ab09aa0>,1,14,[5 3],2,2,16,0,2
1,<environment.Job instance at 0x7fe53427e1e0>,2,1,[ 5 10],3,5,6,2,4
1,<environment.Job instance at 0x7fe52b2775f0>,3,12,[1 7],4,6,18,2,4
1,<environment.Job instance at 0x7fe52b277af0>,4,1,[9 4],5,6,7,1,5
1,<environment.Job instance at 0x7fe52b2773c0>,6,1,[7 4],7,7,8,0,7
1,<environment.Job instance at 0x7fe52b277e60>,7,13,[ 4 10],8,18,31,10,8
1,<environment.Job instance at 0x7fe52b277eb0>,8,14,[4 7],9,31,45,22,16
1,<environment.Job instance at 0x7fe52b277cd0>,14,12,[5 7],15,31,43,16,16
1,<environment.Job instance at 0x7fe52b277460>,10,12,[2 5],11,17,29,6,17
1,<environment.Job instance at 0x7fe52b277a00>,11,1,[5 1],12,29,30,17,20
1,<environment.Job instance at 0x7fe52b1dc820>,20,18,[5 1],21,29,47,8,21
1,<environment.Job instance at 0x7fe52b1dc550>,21,3,[8 2],22,45,48,23,22
1,<environment.Job instance at 0x7fe52b1dc2d0>,18,14,[8 5],19,48,62,29,33
1,<environment.Job instance at 0x7fe52b1dc690>,23,3,[5 4],24,47,50,23,33
1,<environment.Job instance at 0x7fe52b1dcf50>,24,17,[10  5],25,62,79,37,50
1,<environment.Job instance at 0x7fe52b1dc870>,19,17,[9 2],20,79,96,59,67
1,<environment.Job instance at 0x7fe52b1dca50>,26,23,[5 8],27,67,90,40,67
1,<environment.Job instance at 0x7fe52b1dc4b0>,27,3,[4 9],28,90,93,62,67
1,<environment.Job instance at 0x7fe52b1dcfa0>,28,2,[ 3 10],29,93,95,64,67
1,<environment.Job instance at 0x7fe52b1dcb90>,29,1,[10  3],30,96,97,66,68
1,<environment.Job instance at 0x7fe52b1dcd20>,30,2,[3 8],31,95,97,64,68
1,<environment.Job instance at 0x7fe52b1dc910>,31,2,[12  1],32,97,99,65,70
1,<environment.Job instance at 0x7fe52b1dc7d0>,32,14,[9 2],33,99,113,66,84
1,<environment.Job instance at 0x7fe52b1dcd70>,33,27,[5 3],34,99,126,65,97
1,<environment.Job instance at 0x7fe52b1dc230>,34,17,[10  2],35,113,130,78,101
1,<environment.Job instance at 0x7fe52b232a00>,36,13,[5 1],37,126,139,89,110
1,<environment.Job instance at 0x7fe52b1dc5a0>,22,14,[8 4],23,130,144,107,115
1,<environment.Job instance at 0x7fe52b232b90>,39,3,[ 4 12],40,144,147,104,118
1,<environment.Job instance at 0x7fe52b232f00>,42,17,[10  4],43,147,164,104,135
1,<environment.Job instance at 0x7fe52b232b40>,44,13,[5 9],45,147,160,102,135
1,<environment.Job instance at 0x7fe52b232c80>,45,17,[8 1],46,164,181,118,152
1,<environment.Job instance at 0x7fe52b232af0>,46,16,[7 2],47,164,180,117,152
1,<environment.Job instance at 0x7fe52b2323c0>,53,15,[5 6],54,180,195,126,166
1,<environment.Job instance at 0x7fe52b231e10>,55,17,[3 5],56,181,198,125,169
1,<environment.Job instance at 0x7fe52a2986e0>,1,15,[3 5],2,2,17,0,2
1,<environment.Job instance at 0x7fe52a2982d0>,2,20,[7 3],3,3,23,0,3
1,<environment.Job instance at 0x7fe52a2980a0>,3,1,[2 8],4,17,18,13,4
1,<environment.Job instance at 0x7fe52a298f00>,4,12,[3 5],5,5,17,0,5
1,<environment.Job instance at 0x7fe52a298910>,5,17,[6 3],6,17,34,11,6
1,<environment.Job instance at 0x7fe52a293f00>,11,14,[3 6],12,23,37,11,12
1,<environment.Job instance at 0x7fe52a293140>,12,15,[7 3],13,34,49,21,20
1,<environment.Job instance at 0x7fe52a2932d0>,14,12,[2 9],15,37,49,22,20
1,<environment.Job instance at 0x7fe52a293460>,15,16,[2 6],16,20,36,4,20
1,<environment.Job instance at 0x7fe52a293910>,16,15,[10  5],17,49,64,32,35
1,<environment.Job instance at 0x7fe52a2939b0>,17,16,[ 3 10],18,49,65,31,36
1,<environment.Job instance at 0x7fe52a293a00>,18,16,[3 6],19,65,81,46,52
1,<environment.Job instance at 0x7fe52a293a50>,19,22,[1 6],20,65,87,45,58
1,<environment.Job instance at 0x7fe52a290690>,23,12,[8 5],24,81,93,57,64
1,<environment.Job instance at 0x7fe52a290640>,24,22,[1 9],25,87,109,62,80
1,<environment.Job instance at 0x7fe52a290e10>,25,12,[2 5],26,93,105,67,80
1,<environment.Job instance at 0x7fe52a290a50>,26,3,[2 7],27,109,112,82,83
1,<environment.Job instance at 0x7fe52a290b40>,27,13,[ 1 10],28,112,125,84,96
1,<environment.Job instance at 0x7fe52a290b90>,28,3,[4 7],29,109,112,80,96
1,<environment.Job instance at 0x7fe52a293fa0>,13,1,[2 8],14,125,126,111,108
1,<environment.Job instance at 0x7fe52a290be0>,29,18,[ 2 10],30,126,144,96,115
1,<environment.Job instance at 0x7fe52a290d70>,31,18,[3 8],32,144,162,112,133
1,<environment.Job instance at 0x7fe52a290aa0>,35,20,[3 8],36,162,182,126,153
1,<environment.Job instance at 0x7fe52a28b870>,36,15,[4 9],37,182,197,145,168
1,<environment.Job instance at 0x7fe52a28b960>,38,14,[3 6],39,168,182,129,168
1,<environment.Job instance at 0x7fe52a5ec410>,0,3,[7 3],1,1,4,0,1
1,<environment.Job instance at 0x7fe52a28bd20>,1,17,[5 7],2,2,19,0,2
1,<environment.Job instance at 0x7fe52a5ec500>,2,12,[3 8],3,4,16,1,3
1,<environment.Job instance at 0x7fe52a28bc30>,4,13,[1 9],5,19,32,14,5
1,<environment.Job instance at 0x7fe52a5ec5a0>,3,3,[ 5 13],4,32,35,28,6
1,<environment.Job instance at 0x7fe52a5ecd20>,5,16,[4 5],6,16,32,10,6
1,<environment.Job instance at 0x7fe52a6f6730>,7,1,[11  4],8,35,36,27,8
1,<environment.Job instance at 0x7fe52a6f6be0>,8,1,[5 3],9,16,17,7,9
1,<environment.Job instance at 0x7fe52a6f68c0>,10,18,[4 6],11,35,53,24,24
1,<environment.Job instance at 0x7fe52a6f6fa0>,14,15,[5 7],15,36,51,21,24
1,<environment.Job instance at 0x7fe52a6f6910>,17,18,[1 7],18,51,69,33,40
1,<environment.Job instance at 0x7fe52a6f66e0>,18,19,[1 6],19,53,72,34,43
1,<environment.Job instance at 0x7fe52a6f6cd0>,21,14,[5 4],22,69,83,47,54
1,<environment.Job instance at 0x7fe52a6f6690>,23,20,[5 7],24,72,92,48,63
1,<environment.Job instance at 0x7fe52a2accd0>,27,12,[5 5],28,83,95,55,66
1,<environment.Job instance at 0x7fe52a2ac8c0>,28,15,[5 9],29,92,107,63,78
1,<environment.Job instance at 0x7fe52a2ac0f0>,30,14,[8 4],31,95,109,64,80
1,<environment.Job instance at 0x7fe52a2aceb0>,31,12,[5 9],32,107,119,75,90
1,<environment.Job instance at 0x7fe52a2ac5a0>,33,18,[6 1],34,109,127,75,98
1,<environment.Job instance at 0x7fe52a2aca50>,34,12,[4 7],35,119,131,84,102
1,<environment.Job instance at 0x7fe52a2ac4b0>,36,14,[10  4],37,127,141,90,112
1,<environment.Job instance at 0x7fe52a5ed2d0>,46,16,[2 6],47,131,147,84,118
1,<environment.Job instance at 0x7fe52a5ed1e0>,47,18,[3 6],48,141,159,93,130
1,<environment.Job instance at 0x7fe52a5ed050>,48,14,[6 4],49,147,161,98,132
1,<environment.Job instance at 0x7fe52a5edb40>,50,18,[5 9],51,159,177,108,148
1,<environment.Job instance at 0x7fe52a5edc30>,54,14,[7 5],55,161,175,106,148
1,<environment.Job instance at 0x7fe52a519fa0>,68,16,[9 2],69,175,191,106,162
1,<environment.Job instance at 0x7fe52b58f370>,0,14,[1 8],1,1,15,0,1
1,<environment.Job instance at 0x7fe52b58f050>,1,12,[5 6],2,2,14,0,2
1,<environment.Job instance at 0x7fe52b58f640>,3,13,[5 1],4,4,17,0,4
1,<environment.Job instance at 0x7fe52b58fd70>,2,3,[1 9],3,15,18,12,6
1,<environment.Job instance at 0x7fe52b4c09b0>,5,2,[3 5],6,14,16,8,6
1,<environment.Job instance at 0x7fe52b4c0f00>,7,2,[8 4],8,16,18,8,8
1,<environment.Job instance at 0x7fe52b4c0910>,8,14,[9 1],9,18,32,9,9
1,<environment.Job instance at 0x7fe52b4c07d0>,9,17,[1 9],10,18,35,8,10
1,<environment.Job instance at 0x7fe52b1c5b40>,10,1,[9 4],11,32,33,21,11
1,<environment.Job instance at 0x7fe52b58fdc0>,6,12,[1 5],7,18,30,11,12
1,<environment.Job instance at 0x7fe52b1c5c30>,13,3,[10  3],14,33,36,19,16
1,<environment.Job instance at 0x7fe52b1c5c80>,12,15,[6 2],13,36,51,23,22
1,<environment.Job instance at 0x7fe52b4f4d70>,20,2,[2 7],21,35,37,14,22
1,<environment.Job instance at 0x7fe52b4f4640>,21,12,[1 8],22,37,49,15,22
1,<environment.Job instance at 0x7fe52b1ba140>,22,1,[6 3],23,36,37,13,24
1,<environment.Job instance at 0x7fe52b1b6e10>,23,16,[5 3],24,37,53,13,24
1,<environment.Job instance at 0x7fe533c28550>,24,17,[5 1],25,51,68,26,40
1,<environment.Job instance at 0x7fe52b1c5410>,15,1,[8 4],16,53,54,37,40
1,<environment.Job instance at 0x7fe533c28fa0>,26,12,[ 2 11],27,54,66,27,40
1,<environment.Job instance at 0x7fe533c28e60>,27,12,[7 2],28,54,66,26,40
1,<environment.Job instance at 0x7fe52b4f49b0>,18,18,[6 5],19,66,84,47,55
1,<environment.Job instance at 0x7fe533c28f50>,25,15,[ 1 10],26,68,83,42,55
1,<environment.Job instance at 0x7fe52b58b5f0>,31,3,[5 2],32,83,86,51,60
1,<environment.Job instance at 0x7fe52b58bc30>,33,3,[4 7],34,83,86,49,60
1,<environment.Job instance at 0x7fe52b58b410>,32,17,[9 4],33,86,103,53,74
1,<environment.Job instance at 0x7fe52b4cda50>,34,18,[ 4 11],35,86,104,51,85
1,<environment.Job instance at 0x7fe52b4cd190>,36,2,[3 6],37,104,106,67,85
1,<environment.Job instance at 0x7fe52b4cd2d0>,35,16,[9 4],36,103,119,67,90
1,<environment.Job instance at 0x7fe52b1643c0>,44,16,[4 5],45,106,122,61,96
1,<environment.Job instance at 0x7fe533c2bbe0>,53,15,[5 5],54,119,134,65,105
1,<environment.Job instance at 0x7fe52b4cd320>,37,15,[4 6],38,122,137,84,108
1,<environment.Job instance at 0x7fe52a134e10>,55,2,[6 3],56,119,121,63,108
1,<environment.Job instance at 0x7fe52b1c05a0>,56,13,[4 7],57,134,147,77,118
1,<environment.Job instance at 0x7fe52b1d03c0>,57,3,[8 1],58,137,140,79,118
1,<environment.Job instance at 0x7fe52b5f2dc0>,59,13,[7 4],60,140,153,80,125
1,<environment.Job instance at 0x7fe52b287cd0>,66,18,[6 3],67,147,165,80,136
1,<environment.Job instance at 0x7fe52aa71730>,69,19,[5 5],70,153,172,83,143
1,<environment.Job instance at 0x7fe52b1a8500>,70,15,[10  4],71,165,180,94,153
1,<environment.Job instance at 0x7fe52aa9da00>,71,18,[4 8],72,172,190,100,161
1,<environment.Job instance at 0x7fe52a1f9b90>,0,14,[1 5],1,2,16,1,2
1,<environment.Job instance at 0x7fe52a540eb0>,2,12,[ 5 13],3,16,28,13,3
1,<environment.Job instance at 0x7fe52a0f2140>,4,13,[2 6],5,28,41,23,12
1,<environment.Job instance at 0x7fe52a1f91e0>,7,19,[1 5],8,28,47,20,18
1,<environment.Job instance at 0x7fe52a1f96e0>,8,14,[1 7],9,41,55,32,26
1,<environment.Job instance at 0x7fe52a1f9a00>,9,18,[6 4],10,47,65,37,36
1,<environment.Job instance at 0x7fe52a1f9320>,11,13,[6 3],12,36,49,24,36
1,<environment.Job instance at 0x7fe52a1f9d20>,5,14,[ 1 10],6,55,69,49,40
1,<environment.Job instance at 0x7fe52a9833c0>,13,1,[10  5],14,65,66,51,40
1,<environment.Job instance at 0x7fe52a9834b0>,14,14,[5 3],15,66,80,51,52
1,<environment.Job instance at 0x7fe52a983140>,15,2,[8 3],16,52,54,36,52
1,<environment.Job instance at 0x7fe52a983230>,16,3,[ 5 10],17,69,72,52,52
1,<environment.Job instance at 0x7fe52a983cd0>,12,14,[3 9],13,72,86,59,58
1,<environment.Job instance at 0x7fe52a983d70>,18,15,[7 3],19,72,87,53,58
1,<environment.Job instance at 0x7fe52a983eb0>,19,17,[9 2],20,87,104,67,75
1,<environment.Job instance at 0x7fe52a983500>,17,16,[ 3 12],18,86,102,68,75
1,<environment.Job instance at 0x7fe52a983550>,25,17,[3 6],26,102,119,76,90
1,<environment.Job instance at 0x7fe52a983af0>,26,13,[8 2],27,104,117,77,90
1,<environment.Job instance at 0x7fe52a983a00>,27,13,[4 5],28,104,117,76,90
1,<environment.Job instance at 0x7fe52a983c30>,32,15,[5 9],33,117,132,84,103
1,<environment.Job instance at 0x7fe52a1ed0f0>,34,14,[6 4],35,119,133,84,104
1,<environment.Job instance at 0x7fe52a1ed190>,47,18,[3 8],48,132,150,84,121
1,<environment.Job instance at 0x7fe52a1edeb0>,48,16,[7 2],49,133,149,84,121
1,<environment.Job instance at 0x7fe52a1ed370>,51,18,[10  5],52,149,167,97,138
1,<environment.Job instance at 0x7fe52a587be0>,55,18,[9 2],56,167,185,111,156
1,<environment.Job instance at 0x7fe52a983820>,24,18,[5 6],25,156,174,131,156
1,<environment.Job instance at 0x7fe52a587d70>,58,3,[6 1],59,174,177,115,156
1,<environment.Job instance at 0x7fe52a587230>,59,3,[8 2],60,185,188,125,159
1,<environment.Job instance at 0x7fe52a587050>,60,2,[ 2 12],61,177,179,116,159
1,<environment.Job instance at 0x7fe52ab4b190>,1,15,[5 4],2,2,17,0,2
1,<environment.Job instance at 0x7fe52a587af0>,2,2,[1 7],3,3,5,0,3
1,<environment.Job instance at 0x7fe52a066c30>,3,17,[5 9],4,5,22,1,4
1,<environment.Job instance at 0x7fe52a066cd0>,4,17,[2 5],5,17,34,12,5
1,<environment.Job instance at 0x7fe52a06a050>,8,2,[7 5],9,22,24,13,9
1,<environment.Job instance at 0x7fe52a587050>,6,15,[3 5],7,22,37,15,10
1,<environment.Job instance at 0x7fe52a06a280>,12,16,[9 4],13,24,40,11,13
1,<environment.Job instance at 0x7fe52a06a190>,9,14,[5 4],10,37,51,27,22
1,<environment.Job instance at 0x7fe52a06a6e0>,15,2,[4 8],16,40,42,24,22
1,<environment.Job instance at 0x7fe52a06a690>,14,17,[1 9],15,42,59,27,31
1,<environment.Job instance at 0x7fe52a06a780>,16,18,[8 1],17,42,60,25,34
1,<environment.Job instance at 0x7fe52a06a870>,21,13,[7 4],22,59,72,37,43
1,<environment.Job instance at 0x7fe52a06a500>,24,18,[5 5],25,60,78,35,49
1,<environment.Job instance at 0x7fe52a06ae10>,26,17,[2 6],27,60,77,33,49
1,<environment.Job instance at 0x7fe52a06a5f0>,28,18,[5 3],29,72,90,43,61
1,<environment.Job instance at 0x7fe52a06aaf0>,29,12,[4 6],30,77,89,47,61
1,<environment.Job instance at 0x7fe52a06afa0>,30,13,[2 6],31,78,91,47,62
1,<environment.Job instance at 0x7fe52a06b2d0>,32,15,[8 4],33,89,104,56,75
1,<environment.Job instance at 0x7fe52a06b500>,34,15,[5 6],35,91,106,56,77
1,<environment.Job instance at 0x7fe52a06b5f0>,36,17,[2 5],37,90,107,53,78
1,<environment.Job instance at 0x7fe52a06bb90>,49,18,[7 5],50,106,124,56,95
1,<environment.Job instance at 0x7fe52a06b140>,50,17,[10  1],51,124,141,73,112
1,<environment.Job instance at 0x7fe52a06f1e0>,51,14,[5 8],52,112,126,60,112
1,<environment.Job instance at 0x7fe52a06f280>,52,13,[7 2],53,141,154,88,125
1,<environment.Job instance at 0x7fe52a06f3c0>,54,17,[7 2],55,141,158,86,129
1,<environment.Job instance at 0x7fe52a06f500>,56,21,[5 5],57,154,175,97,146
1,<environment.Job instance at 0x7fe52a06f640>,58,13,[4 6],59,158,171,99,146
1,<environment.Job instance at 0x7fe52a06f6e0>,59,15,[10  2],60,171,186,111,157
1,<environment.Job instance at 0x7fe52a06f780>,60,12,[7 4],61,186,198,125,169
1,<environment.Job instance at 0x7fe52a06fb90>,63,15,[3 9],64,175,190,111,169
1,<environment.Job instance at 0x7fe52a825e10>,0,12,[4 8],1,1,13,0,1
1,<environment.Job instance at 0x7fe52a06fb90>,2,1,[1 8],3,13,14,10,3
1,<environment.Job instance at 0x7fe52a1e6b40>,3,24,[10  2],4,5,29,1,5
1,<environment.Job instance at 0x7fe52a953460>,5,3,[2 8],6,14,17,8,6
1,<environment.Job instance at 0x7fe52a9530a0>,6,1,[9 2],7,29,30,22,7
1,<environment.Job instance at 0x7fe52a9530f0>,7,1,[5 3],8,17,18,9,8
1,<environment.Job instance at 0x7fe52a953b90>,8,18,[5 9],9,18,36,9,9
1,<environment.Job instance at 0x7fe52a953d70>,9,3,[10  1],10,30,33,20,10
1,<environment.Job instance at 0x7fe52a953be0>,12,3,[10  4],13,33,36,20,14
1,<environment.Job instance at 0x7fe52abc2460>,4,2,[3 6],5,36,38,31,14
1,<environment.Job instance at 0x7fe52a9535a0>,14,3,[9 3],15,36,39,21,15
1,<environment.Job instance at 0x7fe52ab7cbe0>,15,16,[7 3],16,39,55,23,26
1,<environment.Job instance at 0x7fe52a953f00>,10,18,[6 4],11,38,56,27,27
1,<environment.Job instance at 0x7fe52a953b40>,11,2,[1 9],12,55,57,43,29
1,<environment.Job instance at 0x7fe52a9538c0>,13,13,[8 4],14,56,69,42,40
1,<environment.Job instance at 0x7fe52ab7c0f0>,20,13,[12  1],21,69,82,48,53
1,<environment.Job instance at 0x7fe52ab7c910>,22,16,[5 4],23,82,98,59,69
1,<environment.Job instance at 0x7fe52ab7cd70>,27,18,[1 6],28,69,87,41,69
1,<environment.Job instance at 0x7fe52ab7c1e0>,29,14,[5 1],30,82,96,52,69
1,<environment.Job instance at 0x7fe52ab7c230>,21,16,[ 5 11],22,96,112,74,83
1,<environment.Job instance at 0x7fe52ab7cdc0>,31,2,[ 5 10],32,87,89,55,83
1,<environment.Job instance at 0x7fe52aa612d0>,32,14,[7 3],33,98,112,65,83
1,<environment.Job instance at 0x7fe52aa61a50>,33,3,[6 2],34,112,115,78,86
1,<environment.Job instance at 0x7fe52aa61230>,34,1,[7 4],35,112,113,77,86
1,<environment.Job instance at 0x7fe52aa61320>,35,3,[9 2],36,113,116,77,87
1,<environment.Job instance at 0x7fe52ab7ce60>,17,13,[10  4],18,116,129,98,102
1,<environment.Job instance at 0x7fe52aa616e0>,37,3,[8 1],38,129,132,91,103
1,<environment.Job instance at 0x7fe52aa61960>,38,3,[10  4],39,132,135,93,106
1,<environment.Job instance at 0x7fe52aa61280>,39,18,[6 2],40,135,153,95,125
1,<environment.Job instance at 0x7fe52aa61f00>,40,26,[6 4],41,135,161,94,132
1,<environment.Job instance at 0x7fe52aa61410>,41,1,[2 5],42,132,133,90,132
1,<environment.Job instance at 0x7fe52aa617d0>,36,25,[7 3],37,153,178,116,149
1,<environment.Job instance at 0x7fe52abbb0a0>,43,14,[ 4 10],44,161,175,117,149
1,<environment.Job instance at 0x7fe52abbbc30>,44,1,[5 5],45,175,176,130,149
1,<environment.Job instance at 0x7fe52abbb3c0>,45,14,[5 7],46,176,190,130,161
1,<environment.Job instance at 0x7fe52abbb190>,46,16,[9 2],47,178,194,131,165
1,<environment.Job instance at 0x7fe52a763280>,0,2,[14  4],1,3,5,2,3
1,<environment.Job instance at 0x7fe52abbbaf0>,2,2,[10  3],3,5,7,2,3
1,<environment.Job instance at 0x7fe52abbb190>,3,1,[1 7],4,4,5,0,4
1,<environment.Job instance at 0x7fe52a96ff50>,5,14,[1 7],6,6,20,0,6
1,<environment.Job instance at 0x7fe52a96faf0>,6,3,[8 2],7,7,10,0,7
1,<environment.Job instance at 0x7fe529d2dd70>,7,18,[1 9],8,20,38,12,9
1,<environment.Job instance at 0x7fe529d2db90>,14,17,[10  5],15,17,34,2,17
1,<environment.Job instance at 0x7fe529d2d5a0>,11,14,[ 2 12],12,38,52,26,23
1,<environment.Job instance at 0x7fe52a0bcdc0>,16,1,[7 3],17,34,35,17,23
1,<environment.Job instance at 0x7fe52a0bcbe0>,15,18,[5 6],16,52,70,36,41
1,<environment.Job instance at 0x7fe529d2da50>,9,14,[2 8],10,52,66,42,41
1,<environment.Job instance at 0x7fe52a3473c0>,23,13,[3 9],24,66,79,42,51
1,<environment.Job instance at 0x7fe529d3ec80>,22,18,[9 1],23,70,88,47,60
1,<environment.Job instance at 0x7fe52a45c0f0>,26,13,[1 6],27,79,92,52,65
1,<environment.Job instance at 0x7fe52a424320>,29,12,[5 8],30,79,91,49,65
1,<environment.Job instance at 0x7fe52a45c8c0>,30,12,[4 6],31,91,103,60,74
1,<environment.Job instance at 0x7fe529d3e6e0>,24,15,[2 7],25,92,107,67,81
1,<environment.Job instance at 0x7fe529e9c640>,33,2,[2 6],34,103,105,69,81
1,<environment.Job instance at 0x7fe529e9ca50>,32,18,[1 9],33,107,125,74,96
1,<environment.Job instance at 0x7fe529e9cdc0>,38,15,[3 8],39,125,140,86,111
1,<environment.Job instance at 0x7fe529e9c820>,40,13,[5 8],41,140,153,99,124
1,<environment.Job instance at 0x7fe529ee9640>,44,17,[8 5],45,124,141,79,124
1,<environment.Job instance at 0x7fe529ee9730>,45,17,[1 7],46,141,158,95,129
1,<environment.Job instance at 0x7fe529ee9b40>,46,16,[1 5],47,153,169,106,140
1,<environment.Job instance at 0x7fe529ee9aa0>,48,13,[10  4],49,158,171,109,142
1,<environment.Job instance at 0x7fe52b1018c0>,49,19,[2 5],50,158,177,108,148
1,<environment.Job instance at 0x7fe52aa5abe0>,51,12,[7 2],52,171,183,119,154
1,<environment.Job instance at 0x7fe529d3edc0>,17,15,[ 4 10],18,177,192,159,163
1,<environment.Job instance at 0x7fe52afa24b0>,55,2,[ 3 11],56,192,194,136,165
1,<environment.Job instance at 0x7fe529d81870>,58,13,[6 2],59,183,196,124,167
1,<environment.Job instance at 0x7fe52aedbc80>,1,12,[8 1],2,2,14,0,2
1,<environment.Job instance at 0x7fe52a7c3b40>,2,13,[5 3],3,3,16,0,3
1,<environment.Job instance at 0x7fe52a540320>,0,15,[8 4],1,14,29,13,3
1,<environment.Job instance at 0x7fe529d81870>,3,3,[6 5],4,16,19,12,4
1,<environment.Job instance at 0x7fe52a540fa0>,5,3,[9 1],6,29,32,23,7
1,<environment.Job instance at 0x7fe52b4f46e0>,6,15,[3 9],7,19,34,12,10
1,<environment.Job instance at 0x7fe52b1bb500>,9,3,[ 1 12],10,34,37,24,11
1,<environment.Job instance at 0x7fe52b164d70>,11,1,[2 7],12,12,13,0,12
1,<environment.Job instance at 0x7fe52b58bc80>,12,1,[1 8],13,13,14,0,13
1,<environment.Job instance at 0x7fe52b4f4280>,10,13,[8 3],11,32,45,21,16
1,<environment.Job instance at 0x7fe52a7b80f0>,15,15,[10  1],16,45,60,29,31
1,<environment.Job instance at 0x7fe52aab17d0>,17,12,[6 5],18,60,72,42,43
1,<environment.Job instance at 0x7fe52b188b90>,4,19,[ 5 10],5,43,62,38,43
1,<environment.Job instance at 0x7fe52b3029b0>,21,12,[5 3],22,62,74,40,45
1,<environment.Job instance at 0x7fe52b3028c0>,22,3,[5 8],23,72,75,49,46
1,<environment.Job instance at 0x7fe52b5951e0>,23,2,[6 2],24,74,76,50,47
1,<environment.Job instance at 0x7fe52b595a00>,24,16,[5 8],25,75,91,50,63
1,<environment.Job instance at 0x7fe52b5955a0>,25,25,[4 5],26,74,99,48,70
1,<environment.Job instance at 0x7fe52b24e690>,26,2,[ 1 10],27,91,93,64,70
1,<environment.Job instance at 0x7fe52b29f640>,27,3,[2 7],28,93,96,65,70
1,<environment.Job instance at 0x7fe52b29f9b0>,28,1,[ 4 14],29,99,100,70,71
1,<environment.Job instance at 0x7fe52b29f410>,29,1,[5 6],30,96,97,66,71
1,<environment.Job instance at 0x7fe52b302500>,20,20,[8 5],21,100,120,79,91
1,<environment.Job instance at 0x7fe52b29fe10>,31,15,[3 7],32,100,115,68,92
1,<environment.Job instance at 0x7fe52b4cb140>,33,14,[6 2],34,115,129,81,100
1,<environment.Job instance at 0x7fe52b4c98c0>,38,12,[6 4],39,120,132,81,103
1,<environment.Job instance at 0x7fe52b54dc80>,41,13,[3 5],42,120,133,78,104
1,<environment.Job instance at 0x7fe52b54db90>,42,18,[4 8],43,132,150,89,121
1,<environment.Job instance at 0x7fe52b25ce60>,46,13,[6 4],47,133,146,86,121
1,<environment.Job instance at 0x7fe52b2875f0>,48,12,[10  4],49,146,158,97,131
1,<environment.Job instance at 0x7fe52a256be0>,49,12,[5 8],50,150,162,100,133
1,<environment.Job instance at 0x7fe52a22b140>,60,12,[2 5],61,158,170,97,142
1,<environment.Job instance at 0x7fe52a256e60>,57,2,[5 8],58,162,164,104,147
1,<environment.Job instance at 0x7fe52a22b8c0>,62,1,[7 4],63,164,165,101,151
1,<environment.Job instance at 0x7fe52a22b640>,61,17,[7 4],62,165,182,103,153
1,<environment.Job instance at 0x7fe52a22b690>,65,13,[7 4],66,170,183,104,154
1,<environment.Job instance at 0x7fe52a22baa0>,66,16,[3 8],67,182,198,115,169
1,<environment.Job instance at 0x7fe52a2547d0>,70,15,[5 5],71,183,198,112,169
1,<environment.Job instance at 0x7fe52abbe0a0>,0,12,[9 4],1,1,13,0,1
1,<environment.Job instance at 0x7fe52a254910>,2,14,[3 7],3,3,17,0,3
1,<environment.Job instance at 0x7fe52abbe140>,3,16,[ 5 10],4,17,33,13,4
1,<environment.Job instance at 0x7fe52abbe8c0>,4,17,[3 5],5,13,30,8,5
1,<environment.Job instance at 0x7fe52abbea00>,5,15,[ 1 10],6,33,48,27,19
1,<environment.Job instance at 0x7fe52abbeb40>,10,3,[ 2 10],11,48,51,37,22
1,<environment.Job instance at 0x7fe52b472730>,12,14,[6 2],13,30,44,17,22
1,<environment.Job instance at 0x7fe52b472230>,13,13,[6 5],14,44,57,30,28
1,<environment.Job instance at 0x7fe52b472910>,14,2,[1 5],15,51,53,36,28
1,<environment.Job instance at 0x7fe52b4729b0>,15,3,[9 4],16,53,56,37,28
1,<environment.Job instance at 0x7fe52abbe320>,9,3,[3 5],10,56,59,46,31
1,<environment.Job instance at 0x7fe52abbefa0>,11,13,[5 8],12,57,70,45,41
1,<environment.Job instance at 0x7fe52b472dc0>,18,12,[6 3],19,59,71,40,44
1,<environment.Job instance at 0x7fe52b472f00>,23,16,[9 5],24,70,86,46,57
1,<environment.Job instance at 0x7fe52b472be0>,25,20,[7 2],26,86,106,60,77
1,<environment.Job instance at 0x7fe52b472280>,26,14,[10  3],27,106,120,79,91
1,<environment.Job instance at 0x7fe52b472140>,27,17,[5 6],28,91,108,63,91
1,<environment.Job instance at 0x7fe52b472050>,29,17,[5 2],30,108,125,78,96
1,<environment.Job instance at 0x7fe52a60ab40>,30,14,[6 1],31,120,134,89,105
1,<environment.Job instance at 0x7fe52a60a370>,31,17,[9 3],32,125,142,93,113
1,<environment.Job instance at 0x7fe52a60a460>,33,15,[2 7],34,134,149,100,120
1,<environment.Job instance at 0x7fe52a60ad70>,34,19,[1 8],35,142,161,107,132
1,<environment.Job instance at 0x7fe52a60aaf0>,36,17,[8 4],37,149,166,112,139
1,<environment.Job instance at 0x7fe52a60a550>,40,13,[8 4],41,166,179,125,150
1,<environment.Job instance at 0x7fe52a60a690>,42,12,[7 3],43,161,173,118,153
1,<environment.Job instance at 0x7fe52a60a280>,43,20,[4 5],44,173,193,129,164
1,<environment.Job instance at 0x7fe529e5ec30>,0,13,[6 3],1,1,14,0,1
1,<environment.Job instance at 0x7fe52a69df00>,2,1,[ 4 11],3,4,5,1,4
1,<environment.Job instance at 0x7fe529e5ea50>,3,14,[6 4],4,5,19,1,4
1,<environment.Job instance at 0x7fe529e5ef50>,4,3,[ 3 10],5,14,17,9,6
1,<environment.Job instance at 0x7fe529e5e140>,5,12,[10  3],6,19,31,13,6
1,<environment.Job instance at 0x7fe529e5e7d0>,6,16,[1 7],7,17,33,10,7
1,<environment.Job instance at 0x7fe529e5ecd0>,7,1,[7 1],8,17,18,9,11
1,<environment.Job instance at 0x7fe529e5eb90>,10,12,[4 5],11,19,31,8,12
1,<environment.Job instance at 0x7fe529e27c30>,12,18,[1 5],13,31,49,18,20
1,<environment.Job instance at 0x7fe529e27d20>,16,3,[3 9],17,33,36,16,20
1,<environment.Job instance at 0x7fe529e277d0>,17,13,[ 5 10],18,36,49,18,20
1,<environment.Job instance at 0x7fe529e27aa0>,18,16,[6 5],19,49,65,30,36
1,<environment.Job instance at 0x7fe529e27870>,19,3,[9 3],20,49,52,29,36
1,<environment.Job instance at 0x7fe52ae9b2d0>,24,21,[5 2],25,52,73,27,44
1,<environment.Job instance at 0x7fe529e5e370>,9,14,[2 5],10,52,66,42,44
1,<environment.Job instance at 0x7fe52ae9bf00>,26,3,[8 4],27,65,68,38,44
1,<environment.Job instance at 0x7fe52ae9ba00>,28,3,[7 1],29,68,71,39,44
1,<environment.Job instance at 0x7fe52ae9b690>,29,3,[7 5],30,71,74,41,45
1,<environment.Job instance at 0x7fe52ae9b500>,30,16,[5 9],31,73,89,42,60
1,<environment.Job instance at 0x7fe52ae9b280>,32,14,[10  5],33,74,88,41,60
1,<environment.Job instance at 0x7fe52ae9b4b0>,34,17,[4 9],35,89,106,54,77
1,<environment.Job instance at 0x7fe52ae9bf50>,36,18,[1 8],37,106,124,69,95
1,<environment.Job instance at 0x7fe52ae9b370>,39,12,[10  1],40,95,107,55,95
1,<environment.Job instance at 0x7fe52ae9bb40>,40,15,[8 5],41,107,122,66,95
1,<environment.Job instance at 0x7fe52ae9bd20>,43,15,[5 3],44,122,137,78,108
1,<environment.Job instance at 0x7fe52a0474b0>,44,3,[10  5],45,124,127,79,108
1,<environment.Job instance at 0x7fe52a0478c0>,45,3,[6 3],46,127,130,81,108
1,<environment.Job instance at 0x7fe52a047870>,48,18,[6 4],49,130,148,81,119
1,<environment.Job instance at 0x7fe52a047050>,51,17,[7 1],52,137,154,85,125
1,<environment.Job instance at 0x7fe52a0470a0>,52,15,[9 5],53,154,169,101,140
1,<environment.Job instance at 0x7fe52a047320>,53,2,[2 7],54,140,142,86,140
1,<environment.Job instance at 0x7fe52a047780>,55,3,[3 6],56,148,151,92,140
1,<environment.Job instance at 0x7fe52a0477d0>,56,18,[4 9],57,151,169,94,140
1,<environment.Job instance at 0x7fe52a047aa0>,57,18,[5 3],58,169,187,111,158
1,<environment.Job instance at 0x7fe52a047e10>,59,13,[9 3],60,169,182,109,158
1,<environment.Job instance at 0x7fe52b12fe60>,60,12,[2 6],61,182,194,121,165
1,<environment.Job instance at 0x7fe52b12fe10>,61,3,[5 2],62,182,185,120,165
1,<environment.Job instance at 0x7fe52b08d190>,0,2,[4 7],1,1,3,0,1
1,<environment.Job instance at 0x7fe52b12fe10>,2,15,[1 9],3,3,18,0,3
1,<environment.Job instance at 0x7fe52b08d4b0>,3,18,[10  4],4,4,22,0,4
1,<environment.Job instance at 0x7fe52b5f7cd0>,4,14,[ 4 10],5,18,32,13,5
1,<environment.Job instance at 0x7fe52b5f7af0>,8,3,[9 1],9,22,25,13,9
1,<environment.Job instance at 0x7fe52b5f7820>,9,13,[6 5],10,25,38,15,15
1,<environment.Job instance at 0x7fe52b5f71e0>,11,16,[ 2 10],12,32,48,20,20
1,<environment.Job instance at 0x7fe52b5f7870>,12,3,[3 8],13,48,51,35,22
1,<environment.Job instance at 0x7fe52b5f7fa0>,13,16,[1 9],14,51,67,37,38
1,<environment.Job instance at 0x7fe52b5f7aa0>,14,1,[4 6],15,48,49,33,38
1,<environment.Job instance at 0x7fe52b5f7640>,15,15,[2 8],16,67,82,51,53
1,<environment.Job instance at 0x7fe52b5f7320>,16,17,[13  4],17,55,72,38,55
1,<environment.Job instance at 0x7fe52b5f7e10>,17,3,[5 6],18,72,75,54,55
1,<environment.Job instance at 0x7fe52b5f76e0>,18,13,[7 4],19,75,88,56,59
1,<environment.Job instance at 0x7fe52b5f7a00>,19,17,[ 1 11],20,82,99,62,71
1,<environment.Job instance at 0x7fe533e90280>,20,17,[1 7],21,99,116,78,87
1,<environment.Job instance at 0x7fe52b5f79b0>,21,13,[8 2],22,88,101,66,87
1,<environment.Job instance at 0x7fe533e90690>,22,15,[6 2],23,88,103,65,87
1,<environment.Job instance at 0x7fe533e90410>,23,1,[6 3],24,101,102,77,87
1,<environment.Job instance at 0x7fe52b5f7b40>,5,12,[1 8],6,103,115,97,90
1,<environment.Job instance at 0x7fe533e90460>,24,17,[12  2],25,115,132,90,103
1,<environment.Job instance at 0x7fe533e901e0>,26,12,[7 4],27,132,144,105,115
1,<environment.Job instance at 0x7fe533e908c0>,27,3,[6 1],28,132,135,104,115
1,<environment.Job instance at 0x7fe533e909b0>,28,1,[1 6],29,115,116,86,115
1,<environment.Job instance at 0x7fe533e905a0>,29,13,[ 1 10],30,116,129,86,115
1,<environment.Job instance at 0x7fe533e90320>,30,1,[9 2],31,144,145,113,116
1,<environment.Job instance at 0x7fe529d9eb40>,31,2,[1 9],32,129,131,97,116
1,<environment.Job instance at 0x7fe529d9ed20>,32,1,[ 1 11],33,131,132,98,116
1,<environment.Job instance at 0x7fe529d9ef00>,33,3,[9 3],34,145,148,111,119
1,<environment.Job instance at 0x7fe529d9e2d0>,34,12,[ 3 12],35,144,156,109,127
1,<environment.Job instance at 0x7fe529d9e780>,35,17,[14  3],36,156,173,120,144
1,<environment.Job instance at 0x7fe529d9ecd0>,36,12,[9 1],37,173,185,136,156
1,<environment.Job instance at 0x7fe529d9eaf0>,37,24,[1 8],38,156,180,118,156
1,<environment.Job instance at 0x7fe529d9ec30>,38,12,[4 6],39,173,185,134,156
1,<environment.Job instance at 0x7fe529d9ebe0>,39,13,[9 4],40,185,198,145,169
1,<environment.Job instance at 0x7fe529d9e410>,40,2,[1 7],41,180,182,139,169
1,<environment.Job instance at 0x7fe52a9cb5a0>,1,2,[11  4],2,2,4,0,2
1,<environment.Job instance at 0x7fe52a5e8cd0>,3,2,[7 1],4,4,6,0,4
1,<environment.Job instance at 0x7fe52a5e8d20>,4,2,[4 5],5,5,7,0,5
1,<environment.Job instance at 0x7fe52a5e8640>,5,13,[9 1],6,6,19,0,6
1,<environment.Job instance at 0x7fe52a5e8fa0>,6,3,[4 7],7,7,10,0,7
1,<environment.Job instance at 0x7fe52a30c690>,0,15,[ 1 11],1,10,25,9,7
1,<environment.Job instance at 0x7fe52a5e83c0>,8,15,[3 5],9,25,40,16,11
1,<environment.Job instance at 0x7fe52a61df00>,11,1,[6 4],12,19,20,7,12
1,<environment.Job instance at 0x7fe52a60f8c0>,12,15,[8 3],13,20,35,7,13
1,<environment.Job instance at 0x7fe52a60f500>,13,3,[7 5],14,35,38,21,14
1,<environment.Job instance at 0x7fe529ed4280>,14,12,[2 9],15,38,50,23,21
1,<environment.Job instance at 0x7fe52a61d730>,10,2,[3 9],11,50,52,39,27
1,<environment.Job instance at 0x7fe529ed4500>,17,3,[1 5],18,29,32,11,29
1,<environment.Job instance at 0x7fe529ed42d0>,15,14,[6 3],16,40,54,24,29
1,<environment.Job instance at 0x7fe529ed4640>,19,12,[7 4],20,52,64,32,35
1,<environment.Job instance at 0x7fe529ed45a0>,18,14,[2 8],19,52,66,33,37
1,<environment.Job instance at 0x7fe529ed4910>,21,2,[ 1 10],22,66,68,44,39
1,<environment.Job instance at 0x7fe529ed4320>,16,13,[2 7],17,68,81,51,52
1,<environment.Job instance at 0x7fe529ed4aa0>,24,1,[6 3],25,54,55,29,52
1,<environment.Job instance at 0x7fe529ed48c0>,22,14,[5 3],23,55,69,32,54
1,<environment.Job instance at 0x7fe529ed46e0>,20,18,[5 6],21,69,87,48,58
1,<environment.Job instance at 0x7fe529ed4d70>,27,2,[1 6],28,81,83,53,58
1,<environment.Job instance at 0x7fe529ed4dc0>,28,3,[10  2],29,83,86,54,58
1,<environment.Job instance at 0x7fe529ed4eb0>,29,13,[ 2 14],30,87,100,57,71
1,<environment.Job instance at 0x7fe529ed4f00>,30,1,[7 3],31,81,82,50,71
1,<environment.Job instance at 0x7fe52a5fe140>,31,12,[7 1],32,86,98,54,71
1,<environment.Job instance at 0x7fe52a5fe1e0>,32,13,[6 3],33,100,113,67,84
1,<environment.Job instance at 0x7fe52a5fe280>,33,3,[8 1],34,98,101,64,84
1,<environment.Job instance at 0x7fe52a5fe370>,34,14,[5 2],35,101,115,66,86
1,<environment.Job instance at 0x7fe52a5fe500>,35,3,[4 7],36,101,104,65,86
1,<environment.Job instance at 0x7fe52a5fe050>,36,3,[ 4 11],37,113,116,76,87
1,<environment.Job instance at 0x7fe52a5fe730>,37,14,[6 1],38,113,127,75,98
1,<environment.Job instance at 0x7fe52a5fe640>,38,12,[5 3],39,115,127,76,98
1,<environment.Job instance at 0x7fe52a5fe870>,39,20,[3 9],40,116,136,76,111
1,<environment.Job instance at 0x7fe529ed4a00>,23,13,[10  5],24,127,140,103,116
1,<environment.Job instance at 0x7fe52a5fea00>,42,17,[3 6],43,136,153,93,124
1,<environment.Job instance at 0x7fe52a5feaa0>,43,14,[5 4],44,140,154,96,125
1,<environment.Job instance at 0x7fe52a5febe0>,45,14,[8 2],46,153,167,107,138
1,<environment.Job instance at 0x7fe52a5fefa0>,51,17,[7 4],52,154,171,102,142
1,<environment.Job instance at 0x7fe52a5f32d0>,53,16,[1 9],54,167,183,113,154
1,<environment.Job instance at 0x7fe52a5f35f0>,57,15,[10  5],58,171,186,113,157
1,<environment.Job instance at 0x7fe52ab61a00>,0,12,[ 3 11],1,1,13,0,1
1,<environment.Job instance at 0x7fe52a5f33c0>,2,2,[3 8],3,13,15,10,3
1,<environment.Job instance at 0x7fe529efdd70>,3,16,[10  1],4,4,20,0,4
1,<environment.Job instance at 0x7fe529efde10>,4,17,[4 8],5,15,32,10,5
1,<environment.Job instance at 0x7fe529efd320>,5,2,[1 7],6,20,22,14,6
1,<environment.Job instance at 0x7fe52af0faa0>,9,2,[4 6],10,22,24,12,10
1,<environment.Job instance at 0x7fe529efd500>,6,15,[3 5],7,24,39,17,23
1,<environment.Job instance at 0x7fe52af0f4b0>,13,3,[ 3 10],14,32,35,18,23
1,<environment.Job instance at 0x7fe52af0f230>,12,12,[7 2],13,35,47,22,23
1,<environment.Job instance at 0x7fe529efda00>,7,14,[9 1],8,47,61,39,32
1,<environment.Job instance at 0x7fe52b22fc80>,17,13,[7 4],18,61,74,43,45
1,<environment.Job instance at 0x7fe52a5f38c0>,1,28,[1 5],2,45,73,43,45
1,<environment.Job instance at 0x7fe52b22f5a0>,21,1,[12  2],22,74,75,52,46
1,<environment.Job instance at 0x7fe52b22f5f0>,22,1,[9 3],23,75,76,52,47
1,<environment.Job instance at 0x7fe52b22faa0>,23,12,[6 3],24,61,73,37,47
1,<environment.Job instance at 0x7fe52b22f9b0>,24,1,[10  3],25,76,77,51,48
1,<environment.Job instance at 0x7fe52b0c88c0>,25,3,[4 6],26,48,51,22,48
1,<environment.Job instance at 0x7fe52b22f230>,20,20,[7 1],21,77,97,56,68
1,<environment.Job instance at 0x7fe52a401c30>,28,12,[6 1],29,77,89,48,68
1,<environment.Job instance at 0x7fe52a401320>,29,16,[1 8],30,73,89,43,68
1,<environment.Job instance at 0x7fe52a401730>,31,17,[ 3 10],32,89,106,57,77
1,<environment.Job instance at 0x7fe52a401230>,32,12,[3 6],33,106,118,73,89
1,<environment.Job instance at 0x7fe52a401910>,34,17,[4 5],35,97,114,62,89
1,<environment.Job instance at 0x7fe52a401780>,35,13,[3 7],36,114,127,78,98
1,<environment.Job instance at 0x7fe52a401c80>,36,3,[5 2],37,106,109,69,98
1,<environment.Job instance at 0x7fe529ec4230>,38,3,[2 5],39,118,121,79,98
1,<environment.Job instance at 0x7fe52a401e60>,26,14,[8 2],27,109,123,82,102
1,<environment.Job instance at 0x7fe529fb2550>,43,16,[5 5],44,123,139,79,110
1,<environment.Job instance at 0x7fe529fb2460>,44,18,[7 5],45,127,145,82,116
1,<environment.Job instance at 0x7fe529dfc0f0>,47,16,[7 4],48,139,155,91,126
1,<environment.Job instance at 0x7fe529dfc320>,48,12,[8 2],49,145,157,96,128
1,<environment.Job instance at 0x7fe52af0f0a0>,8,14,[4 7],9,155,169,146,142
1,<environment.Job instance at 0x7fe529dfdb90>,51,17,[ 3 10],52,169,186,117,157
1,<environment.Job instance at 0x7fe529dfd640>,56,15,[9 4],57,157,172,100,157
1,<environment.Job instance at 0x7fe529dfd2d0>,57,17,[8 2],58,172,189,114,160
1,<environment.Job instance at 0x7fe52adb8aa0>,0,14,[2 7],1,1,15,0,1
1,<environment.Job instance at 0x7fe529dfd6e0>,2,2,[10  2],3,4,6,1,4
1,<environment.Job instance at 0x7fe52a3b9410>,4,3,[10  1],5,6,9,1,5
1,<environment.Job instance at 0x7fe52a3b93c0>,5,1,[10  4],6,9,10,3,8
1,<environment.Job instance at 0x7fe5342012d0>,7,15,[3 5],8,10,25,2,8
1,<environment.Job instance at 0x7fe52a3b90a0>,8,13,[14  1],9,25,38,16,10
1,<environment.Job instance at 0x7fe52a3b9aa0>,9,13,[3 8],10,38,51,28,22
1,<environment.Job instance at 0x7fe52a95ae60>,13,18,[2 9],14,51,69,37,40
1,<environment.Job instance at 0x7fe52a95a6e0>,14,15,[9 1],15,40,55,25,40
1,<environment.Job instance at 0x7fe52a95a9b0>,17,12,[3 5],18,41,53,23,41
1,<environment.Job instance at 0x7fe52a95ab90>,18,3,[6 2],19,55,58,36,41
1,<environment.Job instance at 0x7fe52a95a280>,19,17,[7 1],20,55,72,35,43
1,<environment.Job instance at 0x7fe52a95aaf0>,20,13,[1 5],21,58,71,37,43
1,<environment.Job instance at 0x7fe52a95ad70>,22,14,[5 6],23,69,83,46,54
1,<environment.Job instance at 0x7fe52a95a320>,23,13,[2 7],24,71,84,47,55
1,<environment.Job instance at 0x7fe52a95a190>,24,19,[1 7],25,83,102,58,73
1,<environment.Job instance at 0x7fe52a95a7d0>,27,17,[7 2],28,84,101,56,73
1,<environment.Job instance at 0x7fe52a95ae10>,12,17,[4 7],13,101,118,88,93
1,<environment.Job instance at 0x7fe52a95ac80>,10,20,[9 2],11,102,122,91,93
1,<environment.Job instance at 0x7fe529f9d320>,37,3,[7 1],38,93,96,55,93
1,<environment.Job instance at 0x7fe529f9d140>,38,19,[2 5],39,102,121,63,94
1,<environment.Job instance at 0x7fe529f9d8c0>,39,3,[5 8],40,121,124,81,95
1,<environment.Job instance at 0x7fe529f9dcd0>,40,1,[ 2 11],41,124,125,83,96
1,<environment.Job instance at 0x7fe529f9d280>,41,21,[7 2],42,122,143,80,114
1,<environment.Job instance at 0x7fe52ad064b0>,47,16,[3 9],48,125,141,77,116
1,<environment.Job instance at 0x7fe52ad060f0>,52,17,[1 9],53,141,158,88,129
1,<environment.Job instance at 0x7fe52ad06a00>,45,14,[7 2],46,141,155,95,130
1,<environment.Job instance at 0x7fe52a6d6f00>,55,2,[1 9],56,158,160,102,131
1,<environment.Job instance at 0x7fe52a6d6370>,54,17,[10  1],55,155,172,100,143
1,<environment.Job instance at 0x7fe52a6d64b0>,58,16,[8 3],59,172,188,113,159
1,<environment.Job instance at 0x7fe52af7ab40>,59,15,[1 5],60,159,174,99,159
1,<environment.Job instance at 0x7fe52af7a960>,60,12,[1 6],61,160,172,99,159
1,<environment.Job instance at 0x7fe52af7a410>,61,13,[3 5],62,172,185,110,159
1,<environment.Job instance at 0x7fe52a643730>,0,2,[7 1],1,1,3,0,1
1,<environment.Job instance at 0x7fe52a4d9320>,1,17,[4 6],2,2,19,0,2
1,<environment.Job instance at 0x7fe52ab9f280>,2,1,[ 1 10],3,19,20,16,4
1,<environment.Job instance at 0x7fe52af7aeb0>,3,2,[ 4 10],4,20,22,16,4
1,<environment.Job instance at 0x7fe529d9ce60>,4,14,[10  2],5,5,19,0,5
1,<environment.Job instance at 0x7fe529d9cf00>,6,3,[3 8],7,22,25,15,7
1,<environment.Job instance at 0x7fe529d7e0f0>,7,3,[3 5],8,19,22,11,11
1,<environment.Job instance at 0x7fe529d7e410>,11,1,[2 7],12,22,23,10,13
1,<environment.Job instance at 0x7fe529d7e5f0>,13,14,[8 4],14,23,37,9,14
1,<environment.Job instance at 0x7fe529d7e780>,14,18,[2 6],15,25,43,10,15
1,<environment.Job instance at 0x7fe529d7e320>,10,1,[4 6],11,37,38,26,20
1,<environment.Job instance at 0x7fe529d7ebe0>,19,12,[1 5],20,25,37,5,23
1,<environment.Job instance at 0x7fe529d7edc0>,20,3,[2 6],21,38,41,17,25
1,<environment.Job instance at 0x7fe529d7eb90>,18,19,[3 9],19,41,60,22,31
1,<environment.Job instance at 0x7fe529d7ee60>,23,17,[6 4],24,43,60,19,31
1,<environment.Job instance at 0x7fe52a6a1190>,25,12,[9 4],26,60,72,34,43
1,<environment.Job instance at 0x7fe52a6a1370>,27,17,[4 8],28,60,77,32,48
1,<environment.Job instance at 0x7fe52a6a1550>,30,22,[6 2],31,72,94,41,65
1,<environment.Job instance at 0x7fe52a6a1690>,31,13,[ 5 10],32,77,90,45,65
1,<environment.Job instance at 0x7fe52a6a17d0>,34,16,[10  1],35,94,110,59,81
1,<environment.Job instance at 0x7fe52a6a1870>,35,18,[7 3],36,110,128,74,99
1,<environment.Job instance at 0x7fe52a6a1910>,36,3,[4 7],37,99,102,62,99
1,<environment.Job instance at 0x7fe52a6a19b0>,37,3,[5 6],38,102,105,64,99
1,<environment.Job instance at 0x7fe52a6a1af0>,39,18,[3 7],40,105,123,65,99
1,<environment.Job instance at 0x7fe52a6a1b90>,40,3,[ 4 10],41,123,126,82,99
1,<environment.Job instance at 0x7fe52a6a1fa0>,45,18,[6 3],46,126,144,80,115
1,<environment.Job instance at 0x7fe52a6755f0>,48,18,[5 8],49,128,146,79,117
1,<environment.Job instance at 0x7fe52a6757d0>,50,13,[1 6],51,144,157,93,128
1,<environment.Job instance at 0x7fe52a675b40>,51,18,[10  3],52,146,164,94,135
1,<environment.Job instance at 0x7fe52a675370>,53,15,[5 6],54,157,172,103,143
1,<environment.Job instance at 0x7fe52a675190>,56,13,[9 3],57,164,177,107,148
1,<environment.Job instance at 0x7fe52a675af0>,57,14,[10  2],58,177,191,119,162
1,<environment.Job instance at 0x7fe52a675690>,58,15,[4 6],59,172,187,113,162
1,<environment.Job instance at 0x7fe52a675050>,60,1,[10  3],61,191,192,130,163
1,<environment.Job instance at 0x7fe52a675d70>,61,3,[5 3],62,187,190,125,163
1,<environment.Job instance at 0x7fe52a675460>,62,2,[3 7],63,190,192,127,163
1,<environment.Job instance at 0x7fe52a675e10>,63,3,[5 5],64,192,195,128,166
1,<environment.Job instance at 0x7fe52a675410>,64,3,[4 6],65,192,195,127,166
1,<environment.Job instance at 0x7fe52abe57d0>,0,3,[8 1],1,1,4,0,1
1,<environment.Job instance at 0x7fe52a675320>,1,2,[1 6],2,2,4,0,2
1,<environment.Job instance at 0x7fe52a675820>,3,16,[1 8],4,4,20,0,4
1,<environment.Job instance at 0x7fe52b178b40>,4,15,[9 3],5,5,20,0,5
1,<environment.Job instance at 0x7fe52b178730>,5,15,[4 8],6,20,35,14,6
1,<environment.Job instance at 0x7fe52b178550>,6,1,[7 2],7,20,21,13,8
1,<environment.Job instance at 0x7fe52b178820>,9,2,[5 8],10,35,37,25,11
1,<environment.Job instance at 0x7fe529f87690>,11,1,[2 5],12,20,21,8,12
1,<environment.Job instance at 0x7fe529f87820>,12,2,[3 7],13,21,23,8,13
1,<environment.Job instance at 0x7fe529f87a50>,13,1,[6 3],14,23,24,9,14
1,<environment.Job instance at 0x7fe529f87aa0>,14,13,[5 6],15,24,37,9,15
1,<environment.Job instance at 0x7fe529f6a730>,16,2,[6 3],17,37,39,20,20
1,<environment.Job instance at 0x7fe529f87a00>,19,1,[8 4],20,37,38,17,20
1,<environment.Job instance at 0x7fe529f6a410>,10,15,[2 9],11,38,53,27,24
1,<environment.Job instance at 0x7fe52b3d5d70>,21,14,[9 1],22,39,53,17,25
1,<environment.Job instance at 0x7fe529d860a0>,22,13,[8 3],23,53,66,30,37
1,<environment.Job instance at 0x7fe52a516640>,23,15,[4 9],24,53,68,29,39
1,<environment.Job instance at 0x7fe52a0f8eb0>,25,14,[6 2],26,66,80,40,51
1,<environment.Job instance at 0x7fe529f87c80>,17,12,[5 6],18,68,80,50,51
1,<environment.Job instance at 0x7fe52b61e410>,27,2,[ 1 11],28,80,82,52,55
1,<environment.Job instance at 0x7fe52a7cb7d0>,26,18,[2 5],27,82,100,55,71
1,<environment.Job instance at 0x7fe52a44df50>,34,14,[10  2],35,80,94,45,71
1,<environment.Job instance at 0x7fe52b132820>,38,13,[4 6],39,94,107,55,78
1,<environment.Job instance at 0x7fe52b6252d0>,41,18,[1 6],42,100,118,58,89
1,<environment.Job instance at 0x7fe52b2ce050>,42,17,[5 2],43,94,111,51,89
1,<environment.Job instance at 0x7fe52b2cedc0>,43,14,[8 5],44,107,121,63,92
1,<environment.Job instance at 0x7fe52b2ce140>,45,18,[5 8],46,118,136,72,107
1,<environment.Job instance at 0x7fe52a742be0>,47,16,[3 5],48,121,137,73,108
1,<environment.Job instance at 0x7fe52a526690>,49,18,[5 6],50,136,154,86,125
1,<environment.Job instance at 0x7fe52a526c30>,51,15,[2 9],52,137,152,85,125
1,<environment.Job instance at 0x7fe52b660c30>,56,16,[4 6],57,152,168,95,139
1,<environment.Job instance at 0x7fe52b660910>,58,16,[10  1],59,154,170,95,141
1,<environment.Job instance at 0x7fe52b6605a0>,59,16,[2 5],60,168,184,108,155
1,<environment.Job instance at 0x7fe52a6bb640>,63,16,[8 3],64,170,186,106,157
1,<environment.Job instance at 0x7fe52a6bb370>,65,18,[4 6],66,170,188,104,159
1,<environment.Job instance at 0x7fe533d00780>,0,1,[8 5],1,1,2,0,1
1,<environment.Job instance at 0x7fe533d00190>,1,2,[9 5],2,2,4,0,2
1,<environment.Job instance at 0x7fe533d00050>,2,15,[4 5],3,3,18,0,3
1,<environment.Job instance at 0x7fe533d004b0>,4,2,[9 4],5,5,7,0,5
1,<environment.Job instance at 0x7fe52b372870>,5,2,[2 8],6,7,9,1,6
1,<environment.Job instance at 0x7fe52b372690>,6,3,[ 2 12],7,18,21,11,7
1,<environment.Job instance at 0x7fe52b372e10>,7,14,[5 1],8,8,22,0,8
1,<environment.Job instance at 0x7fe52b3729b0>,10,2,[2 5],11,11,13,0,11
1,<environment.Job instance at 0x7fe52afd11e0>,11,16,[1 8],12,21,37,9,12
1,<environment.Job instance at 0x7fe52afd1c30>,12,16,[ 5 10],13,37,53,24,24
1,<environment.Job instance at 0x7fe52afd10a0>,17,18,[7 4],18,24,42,6,24
1,<environment.Job instance at 0x7fe52afd1910>,18,2,[2 5],19,42,44,23,24
1,<environment.Job instance at 0x7fe52afd1eb0>,15,1,[5 5],16,44,45,28,31
1,<environment.Job instance at 0x7fe52afd1fa0>,14,3,[5 3],15,31,34,16,31
1,<environment.Job instance at 0x7fe52b1868c0>,26,3,[3 5],27,45,48,18,41
1,<environment.Job instance at 0x7fe52b186f50>,27,13,[2 9],28,53,66,25,41
1,<environment.Job instance at 0x7fe52afd1460>,24,19,[3 6],25,53,72,28,43
1,<environment.Job instance at 0x7fe52b186140>,29,17,[8 4],30,66,83,36,54
1,<environment.Job instance at 0x7fe52b1865a0>,28,2,[ 1 10],29,72,74,43,63
1,<environment.Job instance at 0x7fe52b186dc0>,30,15,[4 8],31,74,89,43,63
1,<environment.Job instance at 0x7fe52aeaad20>,36,16,[6 2],37,83,99,46,70
1,<environment.Job instance at 0x7fe52aeaa410>,38,14,[3 7],39,89,103,50,74
1,<environment.Job instance at 0x7fe52aeaa320>,39,12,[3 8],40,99,111,59,82
1,<environment.Job instance at 0x7fe52aec6140>,41,15,[5 5],42,83,98,41,82
1,<environment.Job instance at 0x7fe52b5de870>,42,16,[3 5],43,103,119,60,90
1,<environment.Job instance at 0x7fe52a40b910>,43,18,[8 4],44,111,129,67,100
1,<environment.Job instance at 0x7fe52a001460>,46,14,[6 5],47,119,133,72,104
1,<environment.Job instance at 0x7fe52a001410>,47,13,[9 3],48,129,142,81,113
1,<environment.Job instance at 0x7fe52aeee550>,48,15,[7 4],49,142,157,93,128
1,<environment.Job instance at 0x7fe52ab8c500>,49,12,[3 5],50,133,145,83,128
1,<environment.Job instance at 0x7fe52a001640>,50,15,[2 7],51,145,160,94,131
1,<environment.Job instance at 0x7fe52a001820>,51,12,[5 8],52,157,169,105,140
1,<environment.Job instance at 0x7fe52af56be0>,54,13,[5 6],55,160,173,105,144
1,<environment.Job instance at 0x7fe529ffdbe0>,65,16,[9 5],66,169,185,103,156
1,<environment.Job instance at 0x7fe52b1a89b0>,0,14,[ 1 10],1,1,15,0,1
1,<environment.Job instance at 0x7fe52a371280>,1,1,[10  3],2,2,3,0,2
1,<environment.Job instance at 0x7fe52a921e60>,2,2,[3 8],3,15,17,12,3
1,<environment.Job instance at 0x7fe529eec460>,4,16,[10  5],5,5,21,0,5
1,<environment.Job instance at 0x7fe52a8ee460>,5,12,[6 1],6,21,33,15,6
1,<environment.Job instance at 0x7fe52addebe0>,6,16,[ 2 10],7,17,33,10,7
1,<environment.Job instance at 0x7fe529eec500>,3,1,[5 2],4,21,22,17,7
1,<environment.Job instance at 0x7fe52a8eea50>,7,12,[5 4],8,22,34,14,8
1,<environment.Job instance at 0x7fe52a5e6f50>,12,1,[5 6],13,33,34,20,16
1,<environment.Job instance at 0x7fe52a5e6d20>,10,15,[7 3],11,34,49,23,20
1,<environment.Job instance at 0x7fe52a5e6280>,15,14,[4 7],16,34,48,18,20
1,<environment.Job instance at 0x7fe52a5e6dc0>,8,13,[1 5],9,33,46,24,20
1,<environment.Job instance at 0x7fe52a59b3c0>,19,2,[10  4],20,49,51,29,22
1,<environment.Job instance at 0x7fe52afd1690>,20,2,[10  1],21,51,53,30,24
1,<environment.Job instance at 0x7fe52a59b050>,21,14,[4 7],22,48,62,26,33
1,<environment.Job instance at 0x7fe52a59b870>,18,13,[9 1],19,53,66,34,37
1,<environment.Job instance at 0x7fe52a397f00>,24,17,[5 4],25,62,79,37,50
1,<environment.Job instance at 0x7fe52b52abe0>,26,18,[6 5],27,66,84,39,55
1,<environment.Job instance at 0x7fe52a7cb5a0>,27,14,[10  5],28,84,98,56,69
1,<environment.Job instance at 0x7fe52ab134b0>,30,13,[1 7],31,79,92,48,69
1,<environment.Job instance at 0x7fe52a675190>,32,16,[5 8],33,92,108,59,79
1,<environment.Job instance at 0x7fe52ad14550>,13,15,[6 1],14,98,113,84,84
1,<environment.Job instance at 0x7fe52a675fa0>,34,3,[9 5],35,108,111,73,84
1,<environment.Job instance at 0x7fe52acb4b90>,35,16,[7 2],36,111,127,75,101
1,<environment.Job instance at 0x7fe52a5cc780>,36,2,[5 4],37,113,115,76,101
1,<environment.Job instance at 0x7fe52a5cc6e0>,37,12,[4 6],38,115,127,77,101
1,<environment.Job instance at 0x7fe52abc4730>,33,22,[7 2],34,127,149,93,120
1,<environment.Job instance at 0x7fe52a5ccaa0>,42,3,[5 7],43,127,130,84,120
1,<environment.Job instance at 0x7fe52a5cc960>,43,15,[5 5],44,130,145,86,120
1,<environment.Job instance at 0x7fe52a5cceb0>,44,13,[ 2 10],45,145,158,100,129
1,<environment.Job instance at 0x7fe52b178cd0>,46,18,[5 5],47,149,167,102,138
1,<environment.Job instance at 0x7fe52b178190>,47,18,[9 5],48,158,176,110,147
1,<environment.Job instance at 0x7fe52b1787d0>,49,14,[1 9],50,167,181,117,152
1,<environment.Job instance at 0x7fe52b178b40>,50,14,[7 3],51,176,190,125,161
1,<environment.Job instance at 0x7fe52b178a00>,51,16,[2 9],52,181,197,129,168
1,<environment.Job instance at 0x7efbf87cb410>,2,12,[5 4],3,3,15,0,3
1,<environment.Job instance at 0x7efc01f43230>,0,18,[ 2 10],1,3,21,2,3
1,<environment.Job instance at 0x7efbf87cb5f0>,4,18,[10  4],5,15,33,10,5
1,<environment.Job instance at 0x7efbf87cb7d0>,5,13,[5 9],6,21,34,15,6
1,<environment.Job instance at 0x7efbf87cb960>,7,14,[5 1],8,33,47,25,18
1,<environment.Job instance at 0x7efbf87cbcd0>,13,13,[1 8],14,34,47,20,18
1,<environment.Job instance at 0x7efbf87cbd70>,14,12,[3 7],15,47,59,32,30
1,<environment.Job instance at 0x7efbf87cbeb0>,16,12,[1 8],17,47,59,30,30
1,<environment.Job instance at 0x7efbf87cb9b0>,18,16,[8 5],19,59,75,40,46
1,<environment.Job instance at 0x7efbf87cd320>,23,18,[5 2],24,59,77,35,48
1,<environment.Job instance at 0x7efbf87cd6e0>,29,13,[1 6],30,59,72,29,53
1,<environment.Job instance at 0x7efbf87cd820>,31,17,[4 9],32,75,92,43,63
1,<environment.Job instance at 0x7efbf87cd7d0>,32,17,[9 3],33,77,94,44,65
1,<environment.Job instance at 0x7efbf87cdb40>,35,16,[8 1],36,94,110,58,81
1,<environment.Job instance at 0x7efbf87cdc80>,37,14,[5 5],38,92,106,54,81
1,<environment.Job instance at 0x7efbf87cdd20>,38,12,[3 6],39,106,118,67,89
1,<environment.Job instance at 0x7efbf87cddc0>,39,18,[5 8],40,110,128,70,99
1,<environment.Job instance at 0x7efbf87cdf50>,41,14,[6 1],42,110,124,68,99
1,<environment.Job instance at 0x7efbf87cdfa0>,42,14,[8 4],43,124,138,81,109
1,<environment.Job instance at 0x7efbf87d11e0>,45,16,[6 2],46,128,144,82,115
1,<environment.Job instance at 0x7efbf87d15a0>,48,13,[6 1],49,138,151,89,122
1,<environment.Job instance at 0x7efbf87d1a00>,54,14,[1 7],55,128,142,73,122
1,<environment.Job instance at 0x7efbf87d1a50>,55,17,[4 7],56,144,161,88,132
1,<environment.Job instance at 0x7efbf87d1af0>,56,18,[4 5],57,144,162,87,133
1,<environment.Job instance at 0x7efbf87d1eb0>,62,20,[9 1],63,161,181,98,152
1,<environment.Job instance at 0x7efbf87d1730>,63,15,[1 5],64,161,176,97,152
1,<environment.Job instance at 0x7efbf87d4140>,65,13,[3 5],66,162,175,96,158
1,<environment.Job instance at 0x7efbf87d4410>,69,13,[7 2],70,181,194,111,165
1,<environment.Job instance at 0x7efbf87d45a0>,70,18,[5 5],71,175,193,104,165
1,<environment.Job instance at 0x7efbf87d4500>,72,14,[9 1],73,194,208,121,179
1,<environment.Job instance at 0x7efbf87d4910>,77,15,[4 7],78,193,208,115,179
1,<environment.Job instance at 0x7efbf876f5f0>,0,12,[2 5],1,1,13,0,1
1,<environment.Job instance at 0x7efbf87d4960>,1,1,[5 1],2,2,3,0,2
1,<environment.Job instance at 0x7efbf8ef7780>,2,2,[8 2],3,3,5,0,3
1,<environment.Job instance at 0x7efbf87d4910>,4,12,[5 7],5,5,17,0,5
1,<environment.Job instance at 0x7efbf8ef7050>,3,1,[3 9],4,17,18,13,6
1,<environment.Job instance at 0x7efbf8ef71e0>,5,17,[10  5],6,13,30,7,7
1,<environment.Job instance at 0x7efbf8ea2be0>,7,2,[9 3],8,30,32,22,8
1,<environment.Job instance at 0x7efbf8ea23c0>,11,3,[8 2],12,32,35,20,12
1,<environment.Job instance at 0x7efbf8ea2230>,8,14,[8 5],9,35,49,26,20
1,<environment.Job instance at 0x7efbf8ea20a0>,13,3,[5 4],14,20,23,6,20
1,<environment.Job instance at 0x7efbf8ea2aa0>,10,18,[5 1],11,37,55,26,37
1,<environment.Job instance at 0x7efbf8ef7e10>,9,17,[9 2],10,49,66,39,37
1,<environment.Job instance at 0x7efbf8ea2190>,17,3,[4 9],18,55,58,37,39
1,<environment.Job instance at 0x7efbf8ea2d20>,22,14,[9 2],23,66,80,43,51
1,<environment.Job instance at 0x7efbf8ea2f00>,24,17,[10  2],25,80,97,55,68
1,<environment.Job instance at 0x7efbf8ea2e10>,25,17,[5 9],26,68,85,42,68
1,<environment.Job instance at 0x7efbf8ea4f50>,26,13,[5 1],27,85,98,58,69
1,<environment.Job instance at 0x7efbf8ea2460>,12,14,[8 4],13,97,111,84,83
1,<environment.Job instance at 0x7efbf8ea4370>,29,3,[ 4 12],30,111,114,81,85
1,<environment.Job instance at 0x7efbf8ea4b40>,30,17,[2 9],31,114,131,83,102
1,<environment.Job instance at 0x7efbf8ea49b0>,28,22,[9 2],29,111,133,82,104
1,<environment.Job instance at 0x7efbf8ea4cd0>,32,17,[10  4],33,133,150,100,121
1,<environment.Job instance at 0x7efbf8ea41e0>,33,12,[5 1],34,131,143,97,121
1,<environment.Job instance at 0x7efbf8ea4960>,34,13,[5 9],35,143,156,108,127
1,<environment.Job instance at 0x7efbf8ea4640>,35,17,[8 1],36,150,167,114,138
1,<environment.Job instance at 0x7efbf8ea48c0>,36,16,[7 2],37,156,172,119,143
1,<environment.Job instance at 0x7efbf8ea2780>,15,16,[ 3 10],16,167,183,151,154
1,<environment.Job instance at 0x7efbf8ea4a50>,43,15,[5 6],44,183,198,139,169
1,<environment.Job instance at 0x7efbf8ea42d0>,45,17,[3 5],46,172,189,126,169
1,<environment.Job instance at 0x7efbf7effd20>,0,1,[5 1],1,1,2,0,1
1,<environment.Job instance at 0x7efbf8ea42d0>,2,2,[1 5],3,3,5,0,3
1,<environment.Job instance at 0x7efbf7effcd0>,3,12,[8 5],4,4,16,0,4
1,<environment.Job instance at 0x7efbf7efce10>,4,22,[1 9],5,5,27,0,5
1,<environment.Job instance at 0x7efbf7efc370>,5,12,[2 5],6,16,28,10,6
1,<environment.Job instance at 0x7efbf7efc730>,6,3,[2 7],7,27,30,20,7
1,<environment.Job instance at 0x7efbf7efc550>,12,2,[6 3],13,27,29,14,13
1,<environment.Job instance at 0x7efbf7efc1e0>,11,18,[3 8],12,29,47,17,18
1,<environment.Job instance at 0x7efbf7efc320>,15,20,[3 8],16,47,67,31,38
1,<environment.Job instance at 0x7efbf7efc5a0>,16,15,[4 9],17,67,82,50,53
1,<environment.Job instance at 0x7efbf7efc2d0>,18,14,[3 6],19,53,67,34,53
1,<environment.Job instance at 0x7efbf7efcc30>,20,18,[4 8],21,82,100,61,71
1,<environment.Job instance at 0x7efbf7efc140>,25,18,[ 3 10],26,100,118,74,89
1,<environment.Job instance at 0x7efbf7efa5f0>,26,21,[6 1],27,89,110,62,89
1,<environment.Job instance at 0x7efbf7efaf00>,27,13,[4 9],28,118,131,90,102
1,<environment.Job instance at 0x7efbf7efa960>,28,12,[8 2],29,110,122,81,102
1,<environment.Job instance at 0x7efbf7efa910>,30,12,[1 5],31,122,134,91,105
1,<environment.Job instance at 0x7efbf7efac30>,32,17,[9 1],33,122,139,89,110
1,<environment.Job instance at 0x7efbf7efa7d0>,33,18,[8 1],34,139,157,105,128
1,<environment.Job instance at 0x7efbf7efa0a0>,36,22,[2 8],37,131,153,94,128
1,<environment.Job instance at 0x7efbf7efa140>,37,20,[5 2],38,139,159,101,130
1,<environment.Job instance at 0x7efbf7efa2d0>,39,17,[2 6],40,153,170,113,141
1,<environment.Job instance at 0x7efbf7efa460>,40,16,[1 9],41,159,175,118,146
1,<environment.Job instance at 0x7efbf7efa370>,42,17,[4 6],43,170,187,127,158
1,<environment.Job instance at 0x7efbf8124190>,45,12,[4 7],46,175,187,129,158
1,<environment.Job instance at 0x7efbf8124780>,46,13,[8 3],47,187,200,140,171
1,<environment.Job instance at 0x7efbf8124690>,47,13,[4 6],48,187,200,139,171
1,<environment.Job instance at 0x7efbf8f07640>,0,14,[8 4],1,1,15,0,1
1,<environment.Job instance at 0x7efbf8f075a0>,1,12,[5 9],2,2,14,0,2
1,<environment.Job instance at 0x7efbf8f07e60>,2,3,[11  3],3,15,18,12,3
1,<environment.Job instance at 0x7efbf8f078c0>,4,12,[4 7],5,14,26,9,5
1,<environment.Job instance at 0x7efc019d4b40>,5,1,[8 1],6,18,19,12,6
1,<environment.Job instance at 0x7efc019d4fa0>,6,14,[10  4],7,19,33,12,7
1,<environment.Job instance at 0x7efc019d45f0>,7,2,[2 6],8,26,28,18,8
1,<environment.Job instance at 0x7efc019d4d20>,8,2,[5 5],9,28,30,19,9
1,<environment.Job instance at 0x7efc019d4c30>,9,1,[5 7],10,30,31,20,10
1,<environment.Job instance at 0x7efc019d44b0>,10,3,[1 6],11,31,34,20,11
1,<environment.Job instance at 0x7efc019d42d0>,12,3,[4 9],13,33,36,20,13
1,<environment.Job instance at 0x7efc019d4aa0>,16,16,[2 6],17,34,50,17,21
1,<environment.Job instance at 0x7efc019d4190>,17,18,[3 6],18,36,54,18,25
1,<environment.Job instance at 0x7efc019d41e0>,19,1,[8 3],20,36,37,16,25
1,<environment.Job instance at 0x7efc019d4780>,18,14,[6 4],19,50,64,31,35
1,<environment.Job instance at 0x7efc019d40a0>,13,12,[ 2 10],14,54,66,40,37
1,<environment.Job instance at 0x7efc019d4b90>,15,12,[ 3 13],16,66,78,50,49
1,<environment.Job instance at 0x7efc019c0050>,25,12,[6 1],26,49,61,23,49
1,<environment.Job instance at 0x7efc019c00f0>,26,2,[ 3 10],27,78,80,51,51
1,<environment.Job instance at 0x7efc019c0dc0>,27,3,[5 1],28,61,64,33,51
1,<environment.Job instance at 0x7efc019c0e10>,28,2,[5 4],29,64,66,35,51
1,<environment.Job instance at 0x7efc019c0910>,29,14,[9 5],30,78,92,48,63
1,<environment.Job instance at 0x7efc019c0e60>,30,1,[5 1],31,64,65,33,63
1,<environment.Job instance at 0x7efbf8ede820>,31,17,[14  3],32,92,109,60,80
1,<environment.Job instance at 0x7efbf8edee60>,32,2,[5 5],33,80,82,47,80
1,<environment.Job instance at 0x7efbf8ede1e0>,33,1,[7 1],34,109,110,75,81
1,<environment.Job instance at 0x7efbf8ede730>,34,15,[ 2 13],35,109,124,74,95
1,<environment.Job instance at 0x7efbf8edef00>,38,16,[9 2],39,110,126,71,98
1,<environment.Job instance at 0x7efbf8ede500>,40,12,[7 2],41,126,138,85,109
1,<environment.Job instance at 0x7efbf8ede0a0>,41,13,[1 9],42,124,137,82,109
1,<environment.Job instance at 0x7efbf8f07b40>,3,18,[6 1],4,126,144,122,116
1,<environment.Job instance at 0x7efbf8ede640>,46,14,[9 2],47,138,152,91,123
1,<environment.Job instance at 0x7efbf8ededc0>,50,13,[10  4],51,152,165,101,136
1,<environment.Job instance at 0x7efbf8590fa0>,51,15,[1 9],52,144,159,92,136
1,<environment.Job instance at 0x7efbf8590a50>,52,17,[2 5],53,159,176,106,147
1,<environment.Job instance at 0x7efbf8590c80>,58,17,[2 7],59,165,182,106,153
1,<environment.Job instance at 0x7efbf8590870>,59,14,[4 9],60,182,196,122,167
1,<environment.Job instance at 0x7efbf8590d20>,60,18,[8 1],61,167,185,106,167
1,<environment.Job instance at 0x7efbf8f1d820>,0,20,[4 6],1,1,21,0,1
1,<environment.Job instance at 0x7efbf8f1dd70>,1,2,[8 4],2,3,5,1,3
1,<environment.Job instance at 0x7efbf8590960>,2,2,[8 4],3,5,7,2,3
1,<environment.Job instance at 0x7efbf8f1de60>,4,16,[4 5],5,7,23,2,5
1,<environment.Job instance at 0x7efbf9359820>,6,3,[8 3],7,21,24,14,7
1,<environment.Job instance at 0x7efbf9359780>,7,1,[10  5],8,24,25,16,11
1,<environment.Job instance at 0x7efbf9359e60>,11,3,[6 4],12,12,15,0,12
1,<environment.Job instance at 0x7efbf9359eb0>,12,17,[ 2 10],13,23,40,10,13
1,<environment.Job instance at 0x7efc01991e10>,13,15,[5 5],14,25,40,11,15
1,<environment.Job instance at 0x7efc01991fa0>,15,2,[6 3],16,16,18,0,16
1,<environment.Job instance at 0x7efc01991e60>,17,3,[8 1],18,40,43,22,19
1,<environment.Job instance at 0x7efbf8f1dcd0>,3,14,[ 1 11],4,40,54,36,25
1,<environment.Job instance at 0x7efc01997370>,19,13,[7 4],20,43,56,23,27
1,<environment.Job instance at 0x7efbf9359f00>,14,12,[9 1],15,56,68,41,39
1,<environment.Job instance at 0x7efbf9359c30>,10,12,[1 7],11,54,66,43,39
1,<environment.Job instance at 0x7efbf90c6820>,16,13,[4 7],17,56,69,39,41
1,<environment.Job instance at 0x7efc01997a50>,21,21,[4 7],22,68,89,46,60
1,<environment.Job instance at 0x7efc01997aa0>,26,18,[6 3],27,69,87,42,60
1,<environment.Job instance at 0x7efc019974b0>,29,19,[5 5],30,69,88,39,60
1,<environment.Job instance at 0x7efc01997a00>,30,15,[10  4],31,88,103,57,74
1,<environment.Job instance at 0x7efc01997230>,18,20,[3 8],19,89,109,70,80
1,<environment.Job instance at 0x7efc0198feb0>,32,15,[4 8],33,109,124,76,95
1,<environment.Job instance at 0x7efc0198ff50>,33,3,[8 4],34,103,106,69,95
1,<environment.Job instance at 0x7efc0198f7d0>,34,14,[3 8],35,124,138,89,109
1,<environment.Job instance at 0x7efc0198f8c0>,35,12,[10  1],36,110,122,74,110
1,<environment.Job instance at 0x7efc0198f320>,36,12,[2 7],37,122,134,85,110
1,<environment.Job instance at 0x7efc0198f230>,37,14,[ 4 10],38,138,152,100,126
1,<environment.Job instance at 0x7efc0198f0f0>,38,18,[4 6],39,152,170,113,141
1,<environment.Job instance at 0x7efc01997550>,23,15,[4 9],24,152,167,128,141
1,<environment.Job instance at 0x7efc0197ddc0>,40,2,[5 1],41,141,143,100,141
1,<environment.Job instance at 0x7efc0194bc30>,39,1,[ 5 14],40,170,171,130,142
1,<environment.Job instance at 0x7efbf9203280>,42,16,[3 8],43,171,187,128,158
1,<environment.Job instance at 0x7efbf9203c30>,41,12,[5 5],42,171,183,129,158
1,<environment.Job instance at 0x7efbf92d43c0>,44,3,[7 4],45,167,170,122,158
1,<environment.Job instance at 0x7efbf92d4190>,45,2,[4 5],46,167,169,121,158
1,<environment.Job instance at 0x7efbf9203dc0>,43,13,[7 4],44,183,196,139,167
1,<environment.Job instance at 0x7efbf92d4140>,47,2,[7 4],48,187,189,139,167
1,<environment.Job instance at 0x7efc019977d0>,31,18,[4 8],32,189,207,157,178
1,<environment.Job instance at 0x7efbf8207af0>,0,1,[8 1],1,2,3,1,2
1,<environment.Job instance at 0x7efbf8207aa0>,2,2,[3 6],3,3,5,0,3
1,<environment.Job instance at 0x7efbf8673b90>,3,1,[12  4],4,4,5,0,4
1,<environment.Job instance at 0x7efbf8673870>,4,3,[4 5],5,5,8,0,5
1,<environment.Job instance at 0x7efbf7dd0190>,1,18,[10  5],2,5,23,3,5
1,<environment.Job instance at 0x7efbf8673e10>,6,3,[5 8],7,8,11,1,7
1,<environment.Job instance at 0x7efbf8673d20>,7,20,[1 8],8,11,31,3,8
1,<environment.Job instance at 0x7efbf86737d0>,8,3,[6 1],9,23,26,14,9
1,<environment.Job instance at 0x7efbf8673780>,9,3,[8 2],10,23,26,13,10
1,<environment.Job instance at 0x7efbf8673140>,10,2,[ 2 12],11,31,33,20,11
1,<environment.Job instance at 0x7efbf8673fa0>,12,3,[5 9],13,33,36,20,14
1,<environment.Job instance at 0x7efbf8673230>,14,3,[2 7],15,26,29,11,15
1,<environment.Job instance at 0x7efbf8673690>,16,12,[3 9],17,36,48,19,19
1,<environment.Job instance at 0x7efbf8673730>,13,16,[8 1],14,29,45,15,21
1,<environment.Job instance at 0x7efbf86730a0>,18,16,[4 8],19,48,64,29,35
1,<environment.Job instance at 0x7efbf8673280>,19,18,[6 1],20,45,63,25,36
1,<environment.Job instance at 0x7efbf8200500>,21,3,[2 6],22,48,51,26,38
1,<environment.Job instance at 0x7efbf8200370>,22,12,[6 1],23,63,75,40,46
1,<environment.Job instance at 0x7efbf8200280>,23,3,[8 3],24,64,67,40,47
1,<environment.Job instance at 0x7efbf8673a50>,20,15,[2 8],21,67,82,46,53
1,<environment.Job instance at 0x7efbf8200eb0>,25,16,[10  5],26,75,91,49,62
1,<environment.Job instance at 0x7efbf8200640>,27,16,[1 7],28,82,98,54,69
1,<environment.Job instance at 0x7efbf8200820>,29,18,[2 7],30,91,109,61,80
1,<environment.Job instance at 0x7efbf8200870>,30,15,[4 7],31,98,113,67,84
1,<environment.Job instance at 0x7efbf82006e0>,33,16,[9 4],34,109,125,75,96
1,<environment.Job instance at 0x7efbf8200730>,34,13,[8 2],35,125,138,90,109
1,<environment.Job instance at 0x7efbf81fe7d0>,38,13,[2 5],39,113,126,74,109
1,<environment.Job instance at 0x7efbf81febe0>,41,12,[3 7],42,125,137,83,109
1,<environment.Job instance at 0x7efbf81fea50>,42,15,[ 2 10],43,137,152,94,123
1,<environment.Job instance at 0x7efbf81fec80>,44,17,[8 1],45,138,155,93,126
1,<environment.Job instance at 0x7efbf81ecdc0>,46,19,[2 9],47,152,171,105,142
1,<environment.Job instance at 0x7efbf81eccd0>,49,18,[2 7],50,171,189,121,160
1,<environment.Job instance at 0x7efbf81ec500>,51,18,[3 8],52,171,189,119,160
1,<environment.Job instance at 0x7efbf81ec0a0>,54,15,[4 8],55,189,204,134,175
1,<environment.Job instance at 0x7efbf81eca50>,56,16,[1 6],57,189,205,132,176
1,<environment.Job instance at 0x7efbf81839b0>,0,12,[7 4],1,1,13,0,1
1,<environment.Job instance at 0x7efbf8183280>,1,1,[4 5],2,2,3,0,2
1,<environment.Job instance at 0x7efbf8bf3c30>,2,3,[8 1],3,3,6,0,3
1,<environment.Job instance at 0x7efbf7d2f460>,3,15,[3 9],4,6,21,2,4
1,<environment.Job instance at 0x7efbf81eca50>,5,3,[10  4],6,13,16,7,6
1,<environment.Job instance at 0x7efbf7d2f370>,6,1,[ 4 10],7,21,22,14,7
1,<environment.Job instance at 0x7efbf7d2f820>,8,17,[9 5],9,16,33,7,9
1,<environment.Job instance at 0x7efbf7d2f8c0>,9,2,[5 8],10,22,24,12,10
1,<environment.Job instance at 0x7efbf7d2f9b0>,10,15,[5 3],11,24,39,13,11
1,<environment.Job instance at 0x7efbf7d2fa00>,12,14,[4 6],13,33,47,20,18
1,<environment.Job instance at 0x7efbf7d2fe60>,16,21,[5 5],17,33,54,16,25
1,<environment.Job instance at 0x7efbf7d2fd20>,19,15,[3 9],20,47,62,27,34
1,<environment.Job instance at 0x7efbf7d31190>,20,15,[5 5],21,54,69,33,40
1,<environment.Job instance at 0x7efbf7d31410>,24,15,[10  2],25,62,77,37,48
1,<environment.Job instance at 0x7efbf7d31550>,27,15,[6 2],28,77,92,49,63
1,<environment.Job instance at 0x7efbf7d2fb90>,13,17,[9 1],14,77,94,63,65
1,<environment.Job instance at 0x7efbf7d31a50>,33,3,[3 8],34,69,72,35,65
1,<environment.Job instance at 0x7efbf7d31b90>,34,12,[9 1],35,94,106,59,77
1,<environment.Job instance at 0x7efbf7d31cd0>,35,24,[8 3],36,106,130,70,101
1,<environment.Job instance at 0x7efbf7d31d70>,36,14,[6 4],37,101,115,64,101
1,<environment.Job instance at 0x7efbf7d31e10>,37,12,[5 9],38,115,127,77,101
1,<environment.Job instance at 0x7efbf7d31eb0>,38,2,[6 3],39,127,129,88,101
1,<environment.Job instance at 0x7efbf7d31f50>,39,2,[1 9],40,127,129,87,101
1,<environment.Job instance at 0x7efbf7d31e60>,40,12,[5 6],41,129,141,88,112
1,<environment.Job instance at 0x7efbf7d31f00>,41,16,[3 9],42,130,146,88,117
1,<environment.Job instance at 0x7efbf7d34230>,42,1,[5 9],43,146,147,103,118
1,<environment.Job instance at 0x7efbf7d34280>,43,1,[2 6],44,129,130,85,118
1,<environment.Job instance at 0x7efbf7d34410>,45,17,[10  3],46,141,158,95,129
1,<environment.Job instance at 0x7efbf7d344b0>,46,18,[6 4],47,158,176,111,147
1,<environment.Job instance at 0x7efbf7d34140>,44,13,[2 7],45,147,160,102,147
1,<environment.Job instance at 0x7efbf7d34640>,48,14,[6 4],49,158,172,109,147
1,<environment.Job instance at 0x7efbf7d34910>,53,2,[2 7],54,160,162,106,147
1,<environment.Job instance at 0x7efbf7d349b0>,54,3,[10  5],55,176,179,121,150
1,<environment.Job instance at 0x7efbf7d34af0>,56,12,[8 4],57,179,191,122,162
1,<environment.Job instance at 0x7efbf7d34b90>,57,16,[1 8],58,172,188,114,166
1,<environment.Job instance at 0x7efbf8bc1910>,0,2,[6 1],1,1,3,0,1
1,<environment.Job instance at 0x7efbf8bc1af0>,1,3,[7 4],2,2,5,0,2
1,<environment.Job instance at 0x7efbf8184f50>,2,18,[3 7],3,3,21,0,3
1,<environment.Job instance at 0x7efbf8249af0>,3,12,[5 4],4,4,16,0,4
1,<environment.Job instance at 0x7efbf7d34d70>,5,13,[9 1],6,16,29,10,6
1,<environment.Job instance at 0x7efbf8249820>,4,1,[13  5],5,29,30,24,7
1,<environment.Job instance at 0x7efbf8249d70>,6,1,[5 7],7,21,22,14,7
1,<environment.Job instance at 0x7efbf8249be0>,8,14,[ 1 10],9,22,36,13,9
1,<environment.Job instance at 0x7efbf8249e60>,9,3,[ 3 10],10,36,39,26,11
1,<environment.Job instance at 0x7efbf8249190>,12,2,[3 7],13,16,18,3,14
1,<environment.Job instance at 0x7efbf82cdaf0>,16,13,[8 1],17,30,43,13,17
1,<environment.Job instance at 0x7efc01f433c0>,13,13,[5 6],14,39,52,25,23
1,<environment.Job instance at 0x7efbf82cd7d0>,18,16,[10  3],19,43,59,24,30
1,<environment.Job instance at 0x7efc01f43230>,14,13,[3 6],15,52,65,37,36
1,<environment.Job instance at 0x7efbf82cd050>,25,14,[7 2],26,59,73,33,45
1,<environment.Job instance at 0x7efbf82cd500>,24,17,[2 7],25,59,76,34,47
1,<environment.Job instance at 0x7efbf82cd5a0>,26,3,[ 5 14],27,76,79,49,51
1,<environment.Job instance at 0x7efbf82cd910>,27,16,[5 4],28,79,95,51,66
1,<environment.Job instance at 0x7efbf82cdb40>,29,18,[5 1],30,66,84,36,66
1,<environment.Job instance at 0x7efbf82cdeb0>,30,16,[1 7],31,79,95,48,66
1,<environment.Job instance at 0x7efbf8d3fa50>,31,12,[2 6],32,95,107,63,78
1,<environment.Job instance at 0x7efbf8d3f0a0>,32,17,[6 4],33,84,101,51,78
1,<environment.Job instance at 0x7efbf85e9a50>,36,15,[5 6],37,101,116,64,87
1,<environment.Job instance at 0x7efbf85e9690>,40,15,[1 8],41,107,122,66,94
1,<environment.Job instance at 0x7efbf85e95a0>,41,16,[5 5],42,116,132,74,103
1,<environment.Job instance at 0x7efbf85e9410>,42,18,[2 5],43,122,140,79,111
1,<environment.Job instance at 0x7efbf938abe0>,51,15,[5 2],52,116,131,64,111
1,<environment.Job instance at 0x7efbf938a190>,55,16,[10  3],56,132,148,76,119
1,<environment.Job instance at 0x7efbf938ab40>,59,17,[9 4],60,148,165,88,136
1,<environment.Job instance at 0x7efbf938ad70>,63,18,[4 5],64,140,158,76,136
1,<environment.Job instance at 0x7efbf938a780>,65,15,[1 5],66,136,151,70,136
1,<environment.Job instance at 0x7efbf8359870>,66,16,[5 6],67,158,174,91,145
1,<environment.Job instance at 0x7efbf8359690>,71,16,[4 6],72,165,181,93,152
1,<environment.Job instance at 0x7efbf8359230>,72,15,[5 1],73,165,180,92,152
1,<environment.Job instance at 0x7efbf935bf00>,77,15,[10  4],78,180,195,102,166
1,<environment.Job instance at 0x7efbf935b5f0>,78,16,[ 5 10],79,181,197,102,170
1,<environment.Job instance at 0x7efbf935b230>,80,13,[1 5],81,195,208,114,179
1,<environment.Job instance at 0x7efbf83db2d0>,0,20,[ 4 10],1,1,21,0,1
1,<environment.Job instance at 0x7efbf935bb90>,2,16,[6 1],3,3,19,0,3
1,<environment.Job instance at 0x7efbf7b601e0>,11,12,[3 5],12,19,31,7,12
1,<environment.Job instance at 0x7efbf7b60140>,17,18,[6 1],18,21,39,3,18
1,<environment.Job instance at 0x7efbf812c550>,1,1,[ 3 10],2,31,32,29,18
1,<environment.Job instance at 0x7efbf7b60d70>,3,14,[ 4 10],4,32,46,28,20
1,<environment.Job instance at 0x7efbf7b614b0>,20,2,[7 5],21,39,41,18,21
1,<environment.Job instance at 0x7efbf7b61c80>,21,2,[ 2 10],22,46,48,24,22
1,<environment.Job instance at 0x7efbf7b61460>,19,15,[6 4],20,41,56,21,30
1,<environment.Job instance at 0x7efbf7b61230>,23,1,[9 4],24,48,49,24,30
1,<environment.Job instance at 0x7efbf7b611e0>,24,3,[ 1 12],25,56,59,31,30
1,<environment.Job instance at 0x7efbf7b61050>,22,23,[6 2],23,49,72,26,44
1,<environment.Job instance at 0x7efbf7b605a0>,5,14,[5 4],6,59,73,53,44
1,<environment.Job instance at 0x7efbf8933af0>,16,16,[4 9],17,59,75,42,48
1,<environment.Job instance at 0x7efbf7a5a370>,28,13,[4 8],29,75,88,46,59
1,<environment.Job instance at 0x7efbf7a2edc0>,32,18,[6 5],33,73,91,40,66
1,<environment.Job instance at 0x7efbf7a2ef00>,34,14,[ 5 10],35,88,102,53,73
1,<environment.Job instance at 0x7efbf7b61140>,27,13,[9 4],28,91,104,63,81
1,<environment.Job instance at 0x7efbf7a2e6e0>,36,16,[4 8],37,102,118,65,89
1,<environment.Job instance at 0x7efbf7b598c0>,38,15,[1 6],39,104,119,65,90
1,<environment.Job instance at 0x7efbf7b59910>,41,12,[5 6],42,118,130,76,101
1,<environment.Job instance at 0x7efbf7b59640>,42,2,[3 5],43,119,121,76,101
1,<environment.Job instance at 0x7efbf7b59c80>,44,17,[1 6],45,121,138,76,109
1,<environment.Job instance at 0x7efbf7b59be0>,45,14,[3 8],46,130,144,84,115
1,<environment.Job instance at 0x7efbf7b59e60>,46,17,[4 6],47,138,155,91,126
1,<environment.Job instance at 0x7efbf7a291e0>,48,18,[10  1],49,144,162,95,139
1,<environment.Job instance at 0x7efbf7b59af0>,49,3,[2 7],50,155,158,105,139
1,<environment.Job instance at 0x7efbf7b838c0>,50,15,[4 7],51,158,173,107,144
1,<environment.Job instance at 0x7efbf7b83730>,52,17,[ 1 10],53,173,190,120,161
1,<environment.Job instance at 0x7efbf7b83d20>,53,15,[8 4],54,162,177,108,161
1,<environment.Job instance at 0x7efbf7b61960>,25,14,[12  1],26,177,191,151,173
1,<environment.Job instance at 0x7efbf7b83370>,54,13,[1 9],55,190,203,135,175
1,<environment.Job instance at 0x7efbf7b836e0>,56,12,[3 5],57,191,203,134,175
1,<environment.Job instance at 0x7efbf92eedc0>,0,15,[3 7],1,1,16,0,1
1,<environment.Job instance at 0x7efbf8a591e0>,1,3,[6 5],2,2,5,0,2
1,<environment.Job instance at 0x7efbf8a59960>,3,3,[4 7],4,5,8,1,4
1,<environment.Job instance at 0x7efbf82ce7d0>,4,13,[10  1],5,8,21,3,5
1,<environment.Job instance at 0x7efbf82ceb40>,2,17,[ 5 14],3,16,33,13,5
1,<environment.Job instance at 0x7efbf82ce780>,5,3,[8 5],6,33,36,27,7
1,<environment.Job instance at 0x7efbf8b42640>,8,3,[4 7],9,33,36,24,9
1,<environment.Job instance at 0x7efbf8291c30>,9,3,[4 8],10,36,39,26,10
1,<environment.Job instance at 0x7efbf8b42af0>,6,15,[4 6],7,36,51,29,22
1,<environment.Job instance at 0x7efbf8291b90>,13,15,[ 2 12],14,51,66,37,37
1,<environment.Job instance at 0x7efbf8291e60>,14,2,[10  2],15,39,41,24,37
1,<environment.Job instance at 0x7efbf8291230>,12,15,[6 2],13,41,56,28,37
1,<environment.Job instance at 0x7efbf8b47c80>,16,14,[6 2],17,56,70,39,41
1,<environment.Job instance at 0x7efbf8b47eb0>,17,2,[9 2],18,66,68,48,41
1,<environment.Job instance at 0x7efbf8b47dc0>,18,2,[13  1],19,70,72,51,43
1,<environment.Job instance at 0x7efbf8291d70>,10,12,[3 8],11,72,84,61,57
1,<environment.Job instance at 0x7efbf8b47870>,19,14,[7 3],20,72,86,52,57
1,<environment.Job instance at 0x7efbf8357730>,7,13,[7 1],8,84,97,76,68
1,<environment.Job instance at 0x7efc01b7fbe0>,22,17,[1 5],23,84,101,61,73
1,<environment.Job instance at 0x7efbf91b9690>,23,3,[8 2],24,97,100,73,73
1,<environment.Job instance at 0x7efbf8b475f0>,15,16,[3 5],16,86,102,70,73
1,<environment.Job instance at 0x7efbf8e4bc30>,25,3,[9 4],26,100,103,74,74
1,<environment.Job instance at 0x7efbf92cc500>,26,12,[5 3],27,102,114,75,85
1,<environment.Job instance at 0x7efbf8840460>,27,15,[6 1],28,103,118,75,90
1,<environment.Job instance at 0x7efbf8291f50>,11,18,[7 1],12,114,132,102,103
1,<environment.Job instance at 0x7efbf886caf0>,24,18,[4 8],25,118,136,93,108
1,<environment.Job instance at 0x7efbf8875230>,30,2,[8 1],31,132,134,101,108
1,<environment.Job instance at 0x7efbf8875b40>,29,13,[4 7],30,134,147,104,118
1,<environment.Job instance at 0x7efbf8866d20>,33,3,[ 1 14],34,147,150,113,121
1,<environment.Job instance at 0x7efbf8c2b2d0>,34,1,[ 2 10],35,150,151,115,122
1,<environment.Job instance at 0x7efc019939b0>,35,3,[8 5],36,136,139,100,122
1,<environment.Job instance at 0x7efbf8871cd0>,36,1,[ 3 13],37,151,152,114,123
1,<environment.Job instance at 0x7efbf88757d0>,28,15,[10  2],29,150,165,121,136
1,<environment.Job instance at 0x7efbf8c34730>,38,1,[5 3],39,139,140,100,136
1,<environment.Job instance at 0x7efbf884cd20>,39,3,[ 4 10],40,152,155,112,136
1,<environment.Job instance at 0x7efbf90c6820>,40,13,[5 8],41,155,168,114,139
1,<environment.Job instance at 0x7efbf8866280>,32,14,[5 2],33,165,179,132,151
1,<environment.Job instance at 0x7efbf90c6230>,41,16,[5 2],42,165,181,123,152
1,<environment.Job instance at 0x7efbf8c23d70>,44,12,[7 5],45,179,191,134,164
1,<environment.Job instance at 0x7efbf88432d0>,45,14,[7 5],46,181,195,135,166
1,<environment.Job instance at 0x7efbf8e74fa0>,0,15,[2 8],1,1,16,0,1
1,<environment.Job instance at 0x7efbf8e710a0>,1,3,[2 9],2,16,19,14,3
1,<environment.Job instance at 0x7efbf88432d0>,2,18,[2 5],3,3,21,0,3
1,<environment.Job instance at 0x7efbf80d2320>,4,15,[10  1],5,5,20,0,5
1,<environment.Job instance at 0x7efbf80d2640>,5,15,[8 4],6,20,35,14,6
1,<environment.Job instance at 0x7efbf80d2460>,6,14,[2 6],7,19,33,12,7
1,<environment.Job instance at 0x7efbf82db3c0>,3,1,[8 3],4,35,36,31,8
1,<environment.Job instance at 0x7efbf80d2730>,9,17,[5 4],10,21,38,11,12
1,<environment.Job instance at 0x7efbf80d2eb0>,12,15,[10  3],13,36,51,23,22
1,<environment.Job instance at 0x7efbf80d25a0>,11,12,[2 8],12,38,50,26,22
1,<environment.Job instance at 0x7efbf80d2f50>,14,18,[9 3],15,51,69,36,40
1,<environment.Job instance at 0x7efbf831c230>,16,14,[6 2],17,51,65,34,40
1,<environment.Job instance at 0x7efbf831cf50>,19,14,[4 7],20,65,79,45,50
1,<environment.Job instance at 0x7efbf831c4b0>,20,14,[1 7],21,69,83,48,54
1,<environment.Job instance at 0x7efbf831ce10>,24,14,[5 6],25,79,93,54,64
1,<environment.Job instance at 0x7efbf88d62d0>,27,17,[ 5 10],28,93,110,65,81
1,<environment.Job instance at 0x7efbf88d6e10>,28,21,[2 5],29,83,104,54,81
1,<environment.Job instance at 0x7efbf88d6730>,30,15,[3 7],31,110,125,79,96
1,<environment.Job instance at 0x7efbf88d65a0>,31,13,[1 7],32,110,123,78,96
1,<environment.Job instance at 0x7efbf88d66e0>,34,14,[5 3],35,123,137,88,108
1,<environment.Job instance at 0x7efbf80d2500>,10,16,[1 6],11,125,141,114,113
1,<environment.Job instance at 0x7efbf88d63c0>,38,1,[ 5 14],39,141,142,102,113
1,<environment.Job instance at 0x7efbf88d6190>,39,1,[5 1],40,113,114,73,113
1,<environment.Job instance at 0x7efbf88d6e60>,40,1,[2 9],41,137,138,96,113
1,<environment.Job instance at 0x7efbf896a0f0>,42,14,[5 5],43,123,137,80,113
1,<environment.Job instance at 0x7efbf896a410>,44,13,[4 7],45,142,155,97,126
1,<environment.Job instance at 0x7efbf831c910>,15,16,[3 8],16,142,158,126,129
1,<environment.Job instance at 0x7efbf896a910>,47,3,[10  5],48,138,141,90,129
1,<environment.Job instance at 0x7efbf896a3c0>,48,18,[7 1],49,155,173,106,144
1,<environment.Job instance at 0x7efbf896ad70>,49,14,[1 8],50,158,172,108,144
1,<environment.Job instance at 0x7efbf896a4b0>,50,12,[ 1 13],51,172,184,121,155
1,<environment.Job instance at 0x7efbf896aa50>,51,12,[4 6],52,155,167,103,155
1,<environment.Job instance at 0x7efbf896af50>,52,2,[4 5],53,167,169,114,155
1,<environment.Job instance at 0x7efbf80d2e60>,7,15,[6 2],8,173,188,165,161
1,<environment.Job instance at 0x7efbf896a5f0>,54,2,[8 4],55,184,186,129,161
1,<environment.Job instance at 0x7efbf896a050>,55,2,[11  4],56,188,190,132,162
1,<environment.Job instance at 0x7efbf896a230>,56,1,[6 4],57,169,170,112,162
1,<environment.Job instance at 0x7efbf896aa00>,53,13,[10  4],54,190,203,136,174
1,<environment.Job instance at 0x7efbf896a320>,58,2,[6 3],59,186,188,127,174
1,<environment.Job instance at 0x7efbf7b45aa0>,1,16,[1 7],2,2,18,0,2
1,<environment.Job instance at 0x7efbf7b45870>,0,2,[9 2],1,2,4,1,2
1,<environment.Job instance at 0x7efbf896abe0>,3,3,[5 2],4,5,8,1,5
1,<environment.Job instance at 0x7efbf7b6f0a0>,4,12,[ 1 10],5,18,30,13,5
1,<environment.Job instance at 0x7efbf7b6ffa0>,5,1,[8 4],6,6,7,0,6
1,<environment.Job instance at 0x7efbf7b6f500>,9,16,[8 4],10,10,26,0,10
1,<environment.Job instance at 0x7efbf7b6fb40>,12,16,[4 7],13,30,46,17,17
1,<environment.Job instance at 0x7efbf7b6f960>,14,16,[3 5],15,26,42,11,17
1,<environment.Job instance at 0x7efbf7b6fb90>,15,15,[ 3 10],16,46,61,30,32
1,<environment.Job instance at 0x7efbf7b6fa00>,16,12,[1 5],17,42,54,25,32
1,<environment.Job instance at 0x7efbf7b6faf0>,18,3,[7 1],19,32,35,13,32
1,<environment.Job instance at 0x7efbf7b585f0>,21,12,[7 5],22,54,66,32,37
1,<environment.Job instance at 0x7efbf7b586e0>,23,12,[8 2],24,61,73,37,44
1,<environment.Job instance at 0x7efbf7b58be0>,24,3,[5 3],25,66,69,41,44
1,<environment.Job instance at 0x7efbf7b58050>,25,15,[8 3],26,73,88,47,59
1,<environment.Job instance at 0x7efbf7b58550>,27,13,[9 2],28,88,101,60,72
1,<environment.Job instance at 0x7efbf7b58dc0>,30,14,[5 3],31,72,86,41,72
1,<environment.Job instance at 0x7efbf7b58820>,31,3,[4 6],32,86,89,54,72
1,<environment.Job instance at 0x7efbf7b58fa0>,32,12,[9 4],33,101,113,68,84
1,<environment.Job instance at 0x7efbf7b296e0>,33,14,[5 9],34,89,103,55,84
1,<environment.Job instance at 0x7efbf7b29320>,35,18,[6 4],36,103,121,67,92
1,<environment.Job instance at 0x7efbf7b29a00>,37,22,[6 4],38,113,135,75,106
1,<environment.Job instance at 0x7efbf7b29b40>,38,13,[7 2],39,121,134,82,106
1,<environment.Job instance at 0x7efbf7b29d70>,40,15,[4 9],41,134,149,93,120
1,<environment.Job instance at 0x7efbf7b29c80>,41,12,[4 6],42,135,147,93,120
1,<environment.Job instance at 0x7efbf7b4cb40>,44,17,[9 5],45,147,164,102,135
1,<environment.Job instance at 0x7efbf7b4c6e0>,46,12,[9 2],47,164,176,117,147
1,<environment.Job instance at 0x7efbf7b4ca50>,47,18,[3 7],48,149,167,101,147
1,<environment.Job instance at 0x7efbf7b4c2d0>,51,17,[7 1],52,176,193,124,164
1,<environment.Job instance at 0x7efbf7b4c0a0>,53,12,[ 4 10],54,167,179,113,164
1,<environment.Job instance at 0x7efbf7b4c050>,54,18,[ 2 10],55,179,197,124,168
1,<environment.Job instance at 0x7efc01e54e60>,0,3,[3 7],1,1,4,0,1
1,<environment.Job instance at 0x7efc01e54640>,1,2,[4 5],2,2,4,0,2
1,<environment.Job instance at 0x7efbf804f140>,3,2,[2 8],4,4,6,0,4
1,<environment.Job instance at 0x7efc01e54af0>,4,3,[5 3],5,5,8,0,5
1,<environment.Job instance at 0x7efbf89cb550>,5,1,[4 8],6,6,7,0,6
1,<environment.Job instance at 0x7efbf89cb050>,8,12,[ 4 10],9,9,21,0,9
1,<environment.Job instance at 0x7efbf89cbe60>,9,2,[9 5],10,10,12,0,10
1,<environment.Job instance at 0x7efbf89cb730>,10,3,[8 2],11,12,15,1,11
1,<environment.Job instance at 0x7efbf89cb5a0>,11,15,[9 3],12,15,30,3,12
1,<environment.Job instance at 0x7efbf89cbd70>,12,17,[4 9],13,21,38,8,13
1,<environment.Job instance at 0x7efbf89cb4b0>,13,1,[5 5],14,30,31,16,14
1,<environment.Job instance at 0x7efbf90cca00>,15,13,[7 2],16,31,44,15,16
1,<environment.Job instance at 0x7efbf90cc460>,17,22,[1 9],18,38,60,20,31
1,<environment.Job instance at 0x7efbf90cc320>,20,12,[10  5],21,44,56,23,31
1,<environment.Job instance at 0x7efbf90cc730>,21,16,[10  1],22,56,72,34,43
1,<environment.Job instance at 0x7efbf90cc960>,23,17,[8 3],24,72,89,48,60
1,<environment.Job instance at 0x7efbf90cc5f0>,26,2,[3 7],27,60,62,33,60
1,<environment.Job instance at 0x7efbf8e780a0>,27,15,[5 5],28,62,77,34,60
1,<environment.Job instance at 0x7efbf8e78f00>,30,14,[1 9],31,77,91,46,62
1,<environment.Job instance at 0x7efbf93508c0>,36,15,[ 1 10],37,91,106,54,77
1,<environment.Job instance at 0x7efbf90cc1e0>,19,1,[ 4 10],20,106,107,86,80
1,<environment.Job instance at 0x7efbf9350a50>,42,18,[ 3 10],43,107,125,64,96
1,<environment.Job instance at 0x7efbf9350e60>,44,18,[ 3 10],45,125,143,80,114
1,<environment.Job instance at 0x7efbf93507d0>,45,12,[5 1],46,114,126,68,114
1,<environment.Job instance at 0x7efbf9350d70>,49,15,[4 9],50,143,158,93,129
1,<environment.Job instance at 0x7efbf7efd8c0>,54,2,[4 5],55,129,131,74,129
1,<environment.Job instance at 0x7efbf7efdbe0>,55,13,[9 1],56,131,144,75,129
1,<environment.Job instance at 0x7efbf7efd870>,56,3,[4 7],57,158,161,101,132
1,<environment.Job instance at 0x7efbf7efdf50>,57,17,[5 6],58,144,161,86,132
1,<environment.Job instance at 0x7efbf7efd640>,58,15,[3 5],59,161,176,102,147
1,<environment.Job instance at 0x7efbf7efd370>,59,14,[ 2 10],60,161,175,101,147
1,<environment.Job instance at 0x7efbf7efdaa0>,62,15,[8 3],63,175,190,112,161
1,<environment.Job instance at 0x7efbf7efdb40>,63,3,[7 5],64,176,179,112,161
1,<environment.Job instance at 0x7efbf7efde60>,64,12,[2 9],65,179,191,114,162
1,<environment.Job instance at 0x7efbf7efd190>,65,14,[6 3],66,190,204,124,175
1,<environment.Job instance at 0x7efbf7efda00>,66,13,[2 7],67,191,204,124,175
1,<environment.Job instance at 0x7efbf7efdeb0>,67,3,[1 5],68,191,194,123,175
1,<environment.Job instance at 0x7efbf7b83b90>,0,14,[7 5],1,1,15,0,1
1,<environment.Job instance at 0x7efbf7b83050>,1,14,[8 5],2,2,16,0,2
1,<environment.Job instance at 0x7efbf7efdeb0>,3,13,[7 2],4,15,28,11,4
1,<environment.Job instance at 0x7efbf9398e60>,4,3,[9 3],5,28,31,23,5
1,<environment.Job instance at 0x7efbf82290a0>,2,18,[5 8],3,16,34,13,5
1,<environment.Job instance at 0x7efbf9398eb0>,6,3,[10  1],7,31,34,24,7
1,<environment.Job instance at 0x7efbf9398c80>,8,2,[10  3],9,34,36,25,9
1,<environment.Job instance at 0x7efbf9398b90>,9,1,[2 6],10,34,35,24,10
1,<environment.Job instance at 0x7efbf8274780>,13,13,[1 7],14,35,48,21,19
1,<environment.Job instance at 0x7efbf82745f0>,12,2,[1 7],13,36,38,23,20
1,<environment.Job instance at 0x7efbf82741e0>,15,2,[8 4],16,38,40,22,23
1,<environment.Job instance at 0x7efbf82740a0>,16,2,[14  2],17,40,42,23,24
1,<environment.Job instance at 0x7efbf8274a00>,17,3,[13  2],18,42,45,24,31
1,<environment.Job instance at 0x7efbf8274b90>,18,1,[5 2],19,38,39,19,35
1,<environment.Job instance at 0x7efbf9398280>,11,19,[3 6],12,45,64,33,35
1,<environment.Job instance at 0x7efbf8274960>,14,18,[1 9],15,48,66,33,37
1,<environment.Job instance at 0x7efbf8274fa0>,22,16,[5 5],23,64,80,41,51
1,<environment.Job instance at 0x7efbf8274f50>,23,13,[2 7],24,66,79,42,51
1,<environment.Job instance at 0x7efbf7bd8230>,24,2,[9 3],25,79,81,54,52
1,<environment.Job instance at 0x7efbf8274f00>,21,19,[3 9],22,80,99,58,70
1,<environment.Job instance at 0x7efbf7bd81e0>,25,17,[10  2],26,81,98,55,70
1,<environment.Job instance at 0x7efbf7bd8460>,27,12,[5 6],28,98,110,70,81
1,<environment.Job instance at 0x7efbf7bd8500>,28,13,[5 5],29,99,112,70,83
1,<environment.Job instance at 0x7efbf82745a0>,19,17,[8 2],20,110,127,90,98
1,<environment.Job instance at 0x7efbf7bd8370>,26,17,[4 9],27,112,129,85,100
1,<environment.Job instance at 0x7efbf7bd8410>,31,1,[1 6],32,110,111,78,100
1,<environment.Job instance at 0x7efbf7bd8b90>,35,16,[6 1],36,127,143,91,114
1,<environment.Job instance at 0x7efbf7bd8910>,36,13,[5 7],37,129,142,92,116
1,<environment.Job instance at 0x7efbf7bd8640>,30,13,[1 6],31,129,142,98,116
1,<environment.Job instance at 0x7efbf7bd8870>,39,13,[5 2],40,142,155,102,128
1,<environment.Job instance at 0x7efbf7bd8550>,29,18,[13  1],30,155,173,125,144
1,<environment.Job instance at 0x7efbf7bd8fa0>,43,16,[10  1],44,173,189,129,160
1,<environment.Job instance at 0x7efbf7bd21e0>,46,15,[3 5],47,173,188,126,160
1,<environment.Job instance at 0x7efbf7bd2280>,47,14,[9 1],48,189,203,141,175
1,<environment.Job instance at 0x7efbf7bd2050>,44,17,[4 8],45,188,205,143,176
1,<environment.Job instance at 0x7efbf7bd23c0>,49,2,[4 6],50,203,205,153,176
1,<environment.Job instance at 0x7efbf8bf31e0>,0,13,[2 8],1,1,14,0,1
1,<environment.Job instance at 0x7efbf7bd23c0>,2,12,[7 5],3,3,15,0,3
1,<environment.Job instance at 0x7efbf8bf3640>,3,17,[10  5],4,15,32,11,4
1,<environment.Job instance at 0x7efbf8bf3f00>,5,3,[2 5],6,14,17,8,6
1,<environment.Job instance at 0x7efbf8bf3c30>,13,1,[10  2],14,32,33,18,14
1,<environment.Job instance at 0x7efbf7cfaf50>,14,2,[8 5],15,33,35,18,15
1,<environment.Job instance at 0x7efbf8bf3410>,10,14,[5 1],11,17,31,6,16
1,<environment.Job instance at 0x7efbf7cfabe0>,16,22,[9 5],17,35,57,18,28
1,<environment.Job instance at 0x7efbf7cfa320>,17,17,[5 5],18,31,48,13,28
1,<environment.Job instance at 0x7efbf7cff410>,18,24,[7 4],19,57,81,38,52
1,<environment.Job instance at 0x7efbf7cfffa0>,19,18,[1 5],20,52,70,32,52
1,<environment.Job instance at 0x7efbf7cffd20>,20,1,[9 3],21,81,82,60,53
1,<environment.Job instance at 0x7efbf7cffa50>,21,14,[10  4],22,82,96,60,67
1,<environment.Job instance at 0x7efbf87d6a50>,22,1,[ 3 10],23,70,71,47,67
1,<environment.Job instance at 0x7efbf7d47a50>,23,13,[6 4],24,96,109,72,80
1,<environment.Job instance at 0x7efbf7d476e0>,24,1,[5 4],25,80,81,55,80
1,<environment.Job instance at 0x7efbf7d47aa0>,25,2,[5 4],26,81,83,55,80
1,<environment.Job instance at 0x7efbf7d477d0>,26,2,[7 5],27,96,98,69,80
1,<environment.Job instance at 0x7efbf7d47e60>,27,13,[ 2 13],28,109,122,81,93
1,<environment.Job instance at 0x7efbf7d47b40>,28,17,[ 1 13],29,122,139,93,110
1,<environment.Job instance at 0x7efbf7d47cd0>,29,2,[12  1],30,110,112,80,110
1,<environment.Job instance at 0x7efbf7c75820>,30,14,[2 7],31,139,153,108,124
1,<environment.Job instance at 0x7efbf8bf3910>,6,17,[10  5],7,141,158,134,141
1,<environment.Job instance at 0x7efbf7c75960>,32,2,[10  2],33,158,160,125,141
1,<environment.Job instance at 0x7efbf7c756e0>,33,1,[3 5],34,153,154,119,141
1,<environment.Job instance at 0x7efbf7c75230>,34,3,[10  1],35,160,163,125,141
1,<environment.Job instance at 0x7efbf7c75a00>,35,1,[10  4],36,163,164,127,141
1,<environment.Job instance at 0x7efbf7c75280>,36,1,[1 6],37,154,155,117,141
1,<environment.Job instance at 0x7efbf7c755f0>,37,15,[3 5],38,155,170,117,141
1,<environment.Job instance at 0x7efbf7cc0a50>,38,13,[14  1],39,170,183,131,157
1,<environment.Job instance at 0x7efbf7cc0d70>,39,13,[3 8],40,183,196,143,167
1,<environment.Job instance at 0x7efbf89ad1e0>,0,13,[9 4],1,1,14,0,1
1,<environment.Job instance at 0x7efbf7cc0910>,1,3,[5 3],2,2,5,0,2
1,<environment.Job instance at 0x7efbf7cc0d70>,3,1,[9 4],4,14,15,10,5
1,<environment.Job instance at 0x7efbf89ad780>,5,2,[8 5],6,15,17,9,6
1,<environment.Job instance at 0x7efbf89ade60>,6,1,[5 3],7,7,8,0,7
1,<environment.Job instance at 0x7efbf89ad500>,7,16,[5 7],8,8,24,0,8
1,<environment.Job instance at 0x7efbf89adf00>,8,1,[ 2 10],9,24,25,15,9
1,<environment.Job instance at 0x7efbf89ade10>,4,15,[ 5 10],5,25,40,20,11
1,<environment.Job instance at 0x7efbf92fc5a0>,13,3,[5 5],14,17,20,3,14
1,<environment.Job instance at 0x7efbf92fc280>,12,17,[8 1],13,23,40,10,23
1,<environment.Job instance at 0x7efbf92fc0a0>,16,15,[5 5],17,40,55,23,26
1,<environment.Job instance at 0x7efbf92fcd70>,17,16,[5 9],18,40,56,22,27
1,<environment.Job instance at 0x7efbf92fcbe0>,18,16,[7 3],19,55,71,36,42
1,<environment.Job instance at 0x7efbf89adcd0>,9,18,[1 9],10,56,74,46,46
1,<environment.Job instance at 0x7efbf92fcaa0>,20,2,[7 1],21,56,58,35,46
1,<environment.Job instance at 0x7efbf92fc370>,14,13,[7 4],15,71,84,56,55
1,<environment.Job instance at 0x7efbf92fc460>,22,1,[ 1 10],23,74,75,51,55
1,<environment.Job instance at 0x7efbf92fc2d0>,23,2,[ 4 10],24,75,77,51,55
1,<environment.Job instance at 0x7efbf92fc640>,19,20,[5 3],20,77,97,57,68
1,<environment.Job instance at 0x7efbf92fc910>,21,17,[4 6],22,84,101,62,72
1,<environment.Job instance at 0x7efbf87f9460>,26,3,[3 8],27,77,80,50,72
1,<environment.Job instance at 0x7efbf87f9280>,27,3,[3 5],28,80,83,52,72
1,<environment.Job instance at 0x7efbf87f95f0>,30,1,[4 6],31,84,85,53,72
1,<environment.Job instance at 0x7efbf87f9cd0>,33,14,[8 4],34,97,111,63,82
1,<environment.Job instance at 0x7efbf87f9f50>,35,18,[4 6],36,101,119,65,90
1,<environment.Job instance at 0x7efbf87f95a0>,37,18,[3 5],38,90,108,52,90
1,<environment.Job instance at 0x7efc01c0bcd0>,10,16,[9 3],11,111,127,100,101
1,<environment.Job instance at 0x7efbf87f9410>,39,12,[1 5],40,108,120,68,101
1,<environment.Job instance at 0x7efbf87f9af0>,40,3,[2 6],41,119,122,78,101
1,<environment.Job instance at 0x7efbf87f9370>,38,19,[3 9],39,122,141,83,112
1,<environment.Job instance at 0x7efbf87f9730>,42,1,[10  2],43,127,128,84,112
1,<environment.Job instance at 0x7efbf87f9a50>,43,17,[6 4],44,128,145,84,116
1,<environment.Job instance at 0x7efbf9235af0>,45,12,[9 4],46,141,153,95,124
1,<environment.Job instance at 0x7efbf9235690>,46,2,[5 2],47,128,130,81,124
1,<environment.Job instance at 0x7efbf9235e60>,47,17,[4 8],48,145,162,97,133
1,<environment.Job instance at 0x7efbf9235500>,48,2,[1 6],49,153,155,104,133
1,<environment.Job instance at 0x7efbf9235c80>,49,3,[9 2],50,155,158,105,133
1,<environment.Job instance at 0x7efbf92350f0>,50,22,[6 2],51,158,180,107,151
1,<environment.Job instance at 0x7efbf9235c30>,51,13,[ 5 10],52,162,175,110,151
1,<environment.Job instance at 0x7efbf9235b90>,54,16,[10  1],55,180,196,125,167
1,<environment.Job instance at 0x7efbf8875820>,0,1,[ 2 14],1,3,4,2,3
1,<environment.Job instance at 0x7efbf8bef5f0>,2,3,[3 5],3,4,7,1,3
1,<environment.Job instance at 0x7efbf85ff4b0>,1,2,[8 5],2,4,6,2,3
1,<environment.Job instance at 0x7efbf92354b0>,3,2,[5 8],4,6,8,2,4
1,<environment.Job instance at 0x7efbf9235b90>,5,13,[7 1],6,6,19,0,6
1,<environment.Job instance at 0x7efbf86a9410>,6,14,[ 4 10],7,8,22,1,7
1,<environment.Job instance at 0x7efbf86a9960>,8,12,[5 3],9,19,31,10,9
1,<environment.Job instance at 0x7efbf86a99b0>,9,13,[6 2],10,19,32,9,10
1,<environment.Job instance at 0x7efbf86a9af0>,10,3,[8 1],11,31,34,20,11
1,<environment.Job instance at 0x7efbf86a9be0>,11,2,[1 6],12,22,24,10,12
1,<environment.Job instance at 0x7efbf86a9d20>,13,16,[1 8],14,24,40,10,16
1,<environment.Job instance at 0x7efbf86d3370>,20,15,[2 9],21,40,55,19,26
1,<environment.Job instance at 0x7efbf86d3690>,24,13,[5 6],25,32,45,7,26
1,<environment.Job instance at 0x7efbf86d3870>,27,12,[5 6],28,45,57,17,28
1,<environment.Job instance at 0x7efbf86d39b0>,30,14,[1 8],31,55,69,24,40
1,<environment.Job instance at 0x7efbf86d3c80>,31,14,[9 1],32,55,69,23,40
1,<environment.Job instance at 0x7efbf86d3d70>,32,13,[8 3],33,69,82,36,54
1,<environment.Job instance at 0x7efbf86d3c30>,33,15,[4 9],34,69,84,35,55
1,<environment.Job instance at 0x7efbf86d3f00>,35,14,[6 2],36,82,96,46,67
1,<environment.Job instance at 0x7efbf86d3dc0>,36,18,[2 5],37,84,102,47,73
1,<environment.Job instance at 0x7efbf86a9eb0>,15,15,[4 8],16,84,99,68,75
1,<environment.Job instance at 0x7efbf86ad910>,48,13,[4 6],49,99,112,50,83
1,<environment.Job instance at 0x7efbf86a9cd0>,12,16,[2 9],13,102,118,89,90
1,<environment.Job instance at 0x7efbf86adb90>,52,17,[5 2],53,112,129,59,100
1,<environment.Job instance at 0x7efbf86adc30>,53,14,[8 5],54,118,132,64,103
1,<environment.Job instance at 0x7efbf86addc0>,54,2,[9 2],55,132,134,77,105
1,<environment.Job instance at 0x7efbf86adaf0>,51,18,[1 6],52,118,136,66,107
1,<environment.Job instance at 0x7efbf86ade60>,57,16,[3 5],58,132,148,74,119
1,<environment.Job instance at 0x7efbf86adeb0>,59,18,[5 6],60,136,154,76,125
1,<environment.Job instance at 0x7efbf79f12d0>,61,15,[2 9],62,148,163,86,134
1,<environment.Job instance at 0x7efbf79f1500>,65,16,[2 7],66,163,179,97,150
1,<environment.Job instance at 0x7efbf79f15a0>,66,16,[4 6],67,154,170,87,150
1,<environment.Job instance at 0x7efbf79f1690>,68,16,[10  1],69,170,186,101,157
1,<environment.Job instance at 0x7efbf79f1820>,69,16,[2 5],70,170,186,100,157
1,<environment.Job instance at 0x7efbf79f11e0>,73,16,[8 3],74,186,202,112,173
1,<environment.Job instance at 0x7efbf79f1c30>,75,18,[4 6],76,186,204,110,175
1,<environment.Job instance at 0x7efbf7d7b690>,0,1,[8 5],1,1,2,0,1
1,<environment.Job instance at 0x7efbf79f1d20>,1,2,[9 5],2,2,4,0,2
1,<environment.Job instance at 0x7efbf7d7b320>,2,15,[4 5],3,3,18,0,3
1,<environment.Job instance at 0x7efbf79f1c30>,4,2,[9 4],5,5,7,0,5
1,<environment.Job instance at 0x7efbf7d7bb90>,5,2,[2 8],6,7,9,1,6
1,<environment.Job instance at 0x7efbf8efe550>,7,14,[5 1],8,8,22,0,8
1,<environment.Job instance at 0x7efbf8efed20>,10,2,[2 5],11,11,13,0,11
1,<environment.Job instance at 0x7efbf86a8230>,11,16,[1 8],12,13,29,1,12
1,<environment.Job instance at 0x7efbf86a8410>,12,16,[ 5 10],13,29,45,16,16
1,<environment.Job instance at 0x7efbf86a85f0>,15,1,[5 5],16,19,20,3,19
1,<environment.Job instance at 0x7efbf86a8730>,18,2,[2 5],19,20,22,1,19
1,<environment.Job instance at 0x7efbf86a8b40>,16,13,[ 1 10],17,45,58,28,29
1,<environment.Job instance at 0x7efbf86a88c0>,17,18,[7 4],18,29,47,11,29
1,<environment.Job instance at 0x7efbf86a80f0>,14,3,[5 3],15,47,50,32,30
1,<environment.Job instance at 0x7efbf913bfa0>,25,17,[5 3],26,50,67,24,38
1,<environment.Job instance at 0x7efbf86a8910>,20,14,[10  2],21,58,72,37,43
1,<environment.Job instance at 0x7efbf933e050>,26,3,[3 5],27,67,70,40,51
1,<environment.Job instance at 0x7efbf933e6e0>,27,13,[2 9],28,70,83,42,59
1,<environment.Job instance at 0x7efbf87ae640>,29,17,[8 4],30,72,89,42,60
1,<environment.Job instance at 0x7efbf87aec30>,31,16,[3 6],32,83,99,51,70
1,<environment.Job instance at 0x7efbf8706c30>,35,13,[5 1],36,89,102,53,73
1,<environment.Job instance at 0x7efbf8f5b460>,36,16,[6 2],37,89,105,52,76
1,<environment.Job instance at 0x7efbf823fd20>,38,14,[3 7],39,99,113,60,84
1,<environment.Job instance at 0x7efbf823fb90>,39,12,[3 8],40,105,117,65,88
1,<environment.Job instance at 0x7efbf8d8db40>,40,3,[5 6],41,102,105,61,88
1,<environment.Job instance at 0x7efbf8d8d2d0>,41,15,[5 5],42,113,128,71,99
1,<environment.Job instance at 0x7efbf8d8d320>,42,16,[3 5],43,117,133,74,104
1,<environment.Job instance at 0x7efbf8d8de60>,43,18,[8 4],44,128,146,84,118
1,<environment.Job instance at 0x7efbf8d8d230>,46,14,[6 5],47,133,147,86,118
1,<environment.Job instance at 0x7efbf8d8d370>,47,13,[9 3],48,146,159,98,130
1,<environment.Job instance at 0x7efbf8d8d6e0>,48,15,[7 4],49,159,174,110,145
1,<environment.Job instance at 0x7efbf8d8dd70>,49,12,[3 5],50,147,159,97,145
1,<environment.Job instance at 0x7efbf87d1d70>,30,15,[4 8],31,159,174,128,145
1,<environment.Job instance at 0x7efbf8edb320>,51,12,[5 8],52,174,186,122,157
1,<environment.Job instance at 0x7efbf7b30d70>,52,1,[5 6],53,174,175,121,157
1,<environment.Job instance at 0x7efbf7b30eb0>,53,1,[6 2],54,175,176,121,157
1,<environment.Job instance at 0x7efbf7b30c30>,54,13,[5 6],55,176,189,121,160
1,<environment.Job instance at 0x7efbf7b30050>,55,2,[ 2 10],56,189,191,133,162
1,<environment.Job instance at 0x7efbf7eb6690>,56,2,[4 5],57,186,188,129,162
1,<environment.Job instance at 0x7efbf7eb62d0>,57,2,[10  1],58,188,190,130,162
1,<environment.Job instance at 0x7efbf7eb6280>,58,2,[ 1 10],59,191,193,132,164
1,<environment.Job instance at 0x7efbf8d8d960>,50,15,[2 7],51,193,208,142,179
1,<environment.Job instance at 0x7efbf809f280>,65,16,[9 5],66,190,206,124,179
1,<environment.Job instance at 0x7efbf823cdc0>,0,15,[7 3],1,1,16,0,1
1,<environment.Job instance at 0x7efbf823ccd0>,1,18,[4 9],2,2,20,0,2
1,<environment.Job instance at 0x7efbf823cd70>,2,1,[5 6],3,16,17,13,9
1,<environment.Job instance at 0x7efbf91b6f50>,8,13,[9 1],9,17,30,8,9
1,<environment.Job instance at 0x7efbf91b6140>,9,2,[10  4],10,30,32,20,12
1,<environment.Job instance at 0x7efbf91b6a00>,11,14,[4 7],12,20,34,8,12
1,<environment.Job instance at 0x7efbf91b6640>,14,17,[5 4],15,32,49,17,20
1,<environment.Job instance at 0x7efbf91b61e0>,15,3,[6 3],16,32,35,16,20
1,<environment.Job instance at 0x7efbf91b6c30>,16,18,[6 5],17,35,53,18,24
1,<environment.Job instance at 0x7efbf8ecb9b0>,18,3,[8 5],19,49,52,30,24
1,<environment.Job instance at 0x7efbf8ecb460>,20,13,[1 7],21,52,65,31,36
1,<environment.Job instance at 0x7efbf8ecbe10>,21,3,[6 5],22,53,56,31,36
1,<environment.Job instance at 0x7efbf8ecb870>,22,16,[5 8],23,56,72,33,43
1,<environment.Job instance at 0x7efbf7d33820>,3,15,[6 1],4,65,80,61,53
1,<environment.Job instance at 0x7efbf8ecba00>,24,3,[9 5],25,72,75,47,53
1,<environment.Job instance at 0x7efbf8ecb230>,23,22,[7 2],24,75,97,51,68
1,<environment.Job instance at 0x7efbf8ecba50>,27,12,[4 6],28,80,92,52,68
1,<environment.Job instance at 0x7efbf8ecbcd0>,28,14,[ 5 10],29,92,106,63,77
1,<environment.Job instance at 0x7efbf83f30a0>,33,15,[5 5],34,97,112,63,83
1,<environment.Job instance at 0x7efbf83f3af0>,34,13,[ 2 10],35,106,119,71,90
1,<environment.Job instance at 0x7efbf83f3eb0>,36,18,[5 5],37,112,130,75,101
1,<environment.Job instance at 0x7efbf83f3640>,37,18,[9 5],38,119,137,81,108
1,<environment.Job instance at 0x7efbf83f3910>,39,14,[1 9],40,130,144,90,115
1,<environment.Job instance at 0x7efbf83f3f00>,40,14,[7 3],41,137,151,96,122
1,<environment.Job instance at 0x7efbf83f3b90>,41,16,[2 9],42,144,160,102,131
1,<environment.Job instance at 0x7efbf83f3460>,42,16,[5 4],43,151,167,108,138
1,<environment.Job instance at 0x7efbf937dbe0>,43,19,[7 4],44,160,179,116,150
1,<environment.Job instance at 0x7efbf7a8a7d0>,44,18,[9 3],45,179,197,134,168
1,<environment.Job instance at 0x7efbf8b6be10>,0,17,[ 4 12],1,1,18,0,1
1,<environment.Job instance at 0x7efbf7c32cd0>,2,14,[ 1 10],3,18,32,15,3
1,<environment.Job instance at 0x7efbf83e25a0>,1,15,[9 1],2,3,18,1,3
1,<environment.Job instance at 0x7efbf8b6b4b0>,3,15,[3 5],4,18,33,14,4
1,<environment.Job instance at 0x7efbf8b6b8c0>,4,3,[5 5],5,32,35,27,6
1,<environment.Job instance at 0x7efbf865c5a0>,10,1,[ 4 10],11,33,34,22,11
1,<environment.Job instance at 0x7efbf865ba00>,8,15,[2 9],9,34,49,25,20
1,<environment.Job instance at 0x7efbf865be10>,12,16,[4 9],13,49,65,36,36
1,<environment.Job instance at 0x7efbf91d47d0>,13,12,[5 7],14,65,77,51,48
1,<environment.Job instance at 0x7efbf91d4190>,14,3,[2 6],15,49,52,34,49
1,<environment.Job instance at 0x7efbf91d40a0>,17,15,[6 4],18,52,67,34,49
1,<environment.Job instance at 0x7efbf8b5b0a0>,19,13,[3 9],20,77,90,57,61
1,<environment.Job instance at 0x7efbf8b5b280>,20,14,[6 2],21,67,81,46,61
1,<environment.Job instance at 0x7efbf8b5bf50>,22,16,[6 1],23,77,93,54,64
1,<environment.Job instance at 0x7efbf7ed8b90>,24,18,[1 6],25,90,108,65,79
1,<environment.Job instance at 0x7efbf7ed8820>,26,12,[10  3],27,93,105,66,79
1,<environment.Job instance at 0x7efbf93c2b40>,27,13,[4 5],28,81,94,53,79
1,<environment.Job instance at 0x7efbf86e0dc0>,28,16,[6 3],29,105,121,76,92
1,<environment.Job instance at 0x7efbf7a9d230>,29,18,[4 9],30,108,126,78,97
1,<environment.Job instance at 0x7efbf8cecbe0>,31,18,[3 7],32,126,144,94,115
1,<environment.Job instance at 0x7efbf8cecaf0>,33,14,[5 1],34,115,129,81,115
1,<environment.Job instance at 0x7efbf87dd780>,34,15,[8 1],35,129,144,94,115
1,<environment.Job instance at 0x7efbf8a5d320>,37,15,[5 2],38,144,159,106,130
1,<environment.Job instance at 0x7efbf9114cd0>,38,15,[3 7],39,130,145,91,130
1,<environment.Job instance at 0x7efbf8a5d690>,39,12,[6 3],40,144,156,104,130
1,<environment.Job instance at 0x7efc01b905f0>,40,15,[5 4],41,156,171,115,142
1,<environment.Job instance at 0x7efbf8b6b7d0>,5,18,[3 5],6,145,163,139,142
1,<environment.Job instance at 0x7efc01b908c0>,41,15,[ 4 10],42,163,178,121,149
1,<environment.Job instance at 0x7efbf7ee3c80>,47,18,[9 5],48,171,189,123,160
1,<environment.Job instance at 0x7efbf7ee3e10>,48,12,[5 3],49,178,190,129,161
1,<environment.Job instance at 0x7efbf8b778c0>,49,12,[5 9],50,189,201,139,172
1,<environment.Job instance at 0x7efbf7ee3280>,50,15,[7 1],51,190,205,139,176
1,<environment.Job instance at 0x7efbf8b77b90>,51,16,[1 5],52,190,206,138,177
1,<environment.Job instance at 0x7f02944f1410>,2,12,[5 4],3,3,15,0,3
1,<environment.Job instance at 0x7f029dc69230>,0,18,[ 2 10],1,3,21,2,3
1,<environment.Job instance at 0x7f02944f14b0>,4,18,[10  4],5,15,33,10,5
1,<environment.Job instance at 0x7f02944f17d0>,5,13,[5 9],6,21,34,15,6
1,<environment.Job instance at 0x7f02944f15f0>,7,14,[5 1],8,33,47,25,18
1,<environment.Job instance at 0x7f02944f1cd0>,13,13,[1 8],14,34,47,20,18
1,<environment.Job instance at 0x7f02944f1d70>,14,12,[3 7],15,47,59,32,30
1,<environment.Job instance at 0x7f02944f1eb0>,16,12,[1 8],17,47,59,30,30
1,<environment.Job instance at 0x7f02944f1a00>,18,16,[8 5],19,59,75,40,46
1,<environment.Job instance at 0x7f02944f3320>,23,18,[5 2],24,59,77,35,48
1,<environment.Job instance at 0x7f02944f36e0>,29,13,[1 6],30,59,72,29,50
1,<environment.Job instance at 0x7f02944f3820>,31,17,[4 9],32,75,92,43,63
1,<environment.Job instance at 0x7f02944f37d0>,32,17,[9 3],33,77,94,44,65
1,<environment.Job instance at 0x7f02944f3b40>,35,16,[8 1],36,94,110,58,81
1,<environment.Job instance at 0x7f02944f3c80>,37,14,[5 5],38,92,106,54,81
1,<environment.Job instance at 0x7f02944f3d20>,38,12,[3 6],39,106,118,67,89
1,<environment.Job instance at 0x7f02944f3dc0>,39,18,[5 8],40,110,128,70,99
1,<environment.Job instance at 0x7f02944f3f50>,41,14,[6 1],42,110,124,68,99
1,<environment.Job instance at 0x7f02944f3fa0>,42,14,[8 4],43,124,138,81,109
1,<environment.Job instance at 0x7f02944f71e0>,45,16,[6 2],46,128,144,82,115
1,<environment.Job instance at 0x7f02944f7320>,48,13,[6 1],49,138,151,89,122
1,<environment.Job instance at 0x7f02944f79b0>,54,14,[1 7],55,128,142,73,122
1,<environment.Job instance at 0x7f02944f7a50>,55,17,[4 7],56,144,161,88,132
1,<environment.Job instance at 0x7f02944f7af0>,56,18,[4 5],57,144,162,87,133
1,<environment.Job instance at 0x7f02944f7eb0>,62,20,[9 1],63,161,181,98,152
1,<environment.Job instance at 0x7f02944f77d0>,63,15,[1 5],64,161,176,97,152
1,<environment.Job instance at 0x7f02944f7fa0>,64,12,[6 1],65,176,188,111,159
1,<environment.Job instance at 0x7f02944fa140>,65,13,[3 5],66,162,175,96,159
1,<environment.Job instance at 0x7f02944fa500>,69,13,[7 2],70,181,194,111,165
1,<environment.Job instance at 0x7f02944fa4b0>,70,18,[5 5],71,188,206,117,177
1,<environment.Job instance at 0x7f02944fa5f0>,72,14,[9 1],73,194,208,121,179
1,<environment.Job instance at 0x7f02944fa870>,76,13,[1 5],77,181,194,104,179
1,<environment.Job instance at 0x7f029479b8c0>,0,18,[5 1],1,1,19,0,1
1,<environment.Job instance at 0x7f02944fa870>,2,14,[8 4],3,3,17,0,3
1,<environment.Job instance at 0x7f02944fa8c0>,1,3,[8 2],2,17,20,15,3
1,<environment.Job instance at 0x7f029479baf0>,3,3,[5 4],4,19,22,15,4
1,<environment.Job instance at 0x7f029479bdc0>,5,16,[ 3 10],6,20,36,14,7
1,<environment.Job instance at 0x7f0294589a50>,7,3,[4 9],8,36,39,28,10
1,<environment.Job instance at 0x7f02945891e0>,9,1,[10  3],10,22,23,12,10
1,<environment.Job instance at 0x7f0294589cd0>,10,2,[3 8],11,39,41,28,12
1,<environment.Job instance at 0x7f0294589140>,11,2,[12  1],12,23,25,11,13
1,<environment.Job instance at 0x7f02945899b0>,8,2,[ 3 10],9,41,43,32,14
1,<environment.Job instance at 0x7f0294676fa0>,12,14,[9 2],13,25,39,12,14
1,<environment.Job instance at 0x7f0294676820>,16,13,[5 1],17,39,52,22,23
1,<environment.Job instance at 0x7f0294676e10>,13,27,[5 3],14,39,66,25,37
1,<environment.Job instance at 0x7f0294676a00>,19,3,[ 4 12],20,52,55,32,37
1,<environment.Job instance at 0x7f02946760a0>,20,17,[2 9],21,55,72,34,43
1,<environment.Job instance at 0x7f029479b5a0>,4,17,[10  5],5,66,83,61,55
1,<environment.Job instance at 0x7f02946765f0>,23,12,[5 1],24,72,84,48,56
1,<environment.Job instance at 0x7f0294676870>,24,13,[5 9],25,83,96,58,67
1,<environment.Job instance at 0x7f0294676190>,25,17,[8 1],26,84,101,58,72
1,<environment.Job instance at 0x7f0294676500>,26,16,[7 2],27,96,112,69,83
1,<environment.Job instance at 0x7f0294676c80>,15,17,[5 9],16,101,118,85,90
1,<environment.Job instance at 0x7f029499ca00>,33,15,[5 6],34,112,127,78,100
1,<environment.Job instance at 0x7f029499c230>,35,17,[3 5],36,118,135,82,106
1,<environment.Job instance at 0x7f02946768c0>,28,28,[7 4],29,118,146,89,117
1,<environment.Job instance at 0x7f029499c190>,37,1,[7 2],38,135,136,97,117
1,<environment.Job instance at 0x7f029499c6e0>,36,15,[ 5 10],37,136,151,99,129
1,<environment.Job instance at 0x7f029499c910>,39,12,[5 4],40,146,158,106,129
1,<environment.Job instance at 0x7f029499cfa0>,40,15,[7 4],41,151,166,110,137
1,<environment.Job instance at 0x7f029499c5f0>,41,13,[3 6],42,151,164,109,138
1,<environment.Job instance at 0x7f029499cb90>,42,16,[8 5],43,164,180,121,151
1,<environment.Job instance at 0x7f029499cdc0>,43,12,[3 8],44,166,178,122,151
1,<environment.Job instance at 0x7f029499c820>,44,14,[8 5],45,180,194,135,165
1,<environment.Job instance at 0x7f029499c4b0>,45,12,[2 6],46,178,190,132,165
1,<environment.Job instance at 0x7f029499cf00>,48,18,[3 8],49,190,208,141,179
1,<environment.Job instance at 0x7f029499cc80>,49,16,[9 4],50,194,210,144,181
1,<environment.Job instance at 0x7f0294103dc0>,0,18,[4 8],1,1,19,0,1
1,<environment.Job instance at 0x7f0294993230>,1,3,[10  4],2,3,6,1,3
1,<environment.Job instance at 0x7f0294993a50>,2,2,[6 4],3,6,8,3,3
1,<environment.Job instance at 0x7f0294103a50>,3,2,[ 3 14],4,19,21,15,5
1,<environment.Job instance at 0x7f0294103fa0>,4,2,[1 9],5,21,23,16,5
1,<environment.Job instance at 0x7f0294103410>,6,21,[6 1],7,8,29,1,7
1,<environment.Job instance at 0x7f0294103a00>,7,13,[4 9],8,23,36,15,8
1,<environment.Job instance at 0x7f0294103640>,8,12,[8 2],9,29,41,20,12
1,<environment.Job instance at 0x7f0294103b90>,14,3,[ 3 12],15,36,39,21,15
1,<environment.Job instance at 0x7f0294103b40>,10,12,[1 5],11,39,51,28,22
1,<environment.Job instance at 0x7f0294103f00>,13,18,[8 1],14,41,59,27,30
1,<environment.Job instance at 0x7f0293ff1d70>,17,20,[5 2],18,39,59,21,30
1,<environment.Job instance at 0x7f0293ff1d20>,19,17,[2 6],20,51,68,31,39
1,<environment.Job instance at 0x7f0293ff1dc0>,20,16,[1 9],21,59,75,38,46
1,<environment.Job instance at 0x7f0293ff1550>,22,17,[4 6],23,68,85,45,56
1,<environment.Job instance at 0x7f0293ff1730>,25,12,[4 7],26,75,87,49,58
1,<environment.Job instance at 0x7f0293ff19b0>,26,13,[8 3],27,85,98,58,69
1,<environment.Job instance at 0x7f0293ff1230>,27,13,[4 6],28,87,100,59,71
1,<environment.Job instance at 0x7f0293ff15f0>,28,14,[2 7],29,98,112,69,83
1,<environment.Job instance at 0x7f0293d30f50>,29,17,[5 1],30,98,115,68,86
1,<environment.Job instance at 0x7f0293d30cd0>,31,18,[5 7],32,100,118,68,89
1,<environment.Job instance at 0x7f0293d30c80>,33,16,[3 5],34,112,128,78,99
1,<environment.Job instance at 0x7f0293c1ceb0>,36,13,[1 6],37,118,131,81,102
1,<environment.Job instance at 0x7f0293c1c870>,37,14,[10  3],38,118,132,80,103
1,<environment.Job instance at 0x7f0293c1c0a0>,38,13,[8 2],39,132,145,93,116
1,<environment.Job instance at 0x7f0293c1c5f0>,42,13,[3 9],43,131,144,88,116
1,<environment.Job instance at 0x7f0293c1c230>,45,16,[10  5],46,145,161,99,132
1,<environment.Job instance at 0x7f0293c1c4b0>,46,13,[8 4],47,161,174,114,145
1,<environment.Job instance at 0x7f0294103cd0>,5,18,[ 3 10],6,149,167,143,149
1,<environment.Job instance at 0x7f0293c1c5a0>,47,14,[9 1],48,174,188,126,159
1,<environment.Job instance at 0x7f0293c18d70>,50,17,[9 4],51,188,205,137,176
1,<environment.Job instance at 0x7f0293c18f00>,52,12,[8 5],53,205,217,152,188
1,<environment.Job instance at 0x7f0293c18960>,55,15,[5 7],56,188,203,132,188
1,<environment.Job instance at 0x7f0293c18410>,56,13,[7 1],57,205,218,148,189
1,<environment.Job instance at 0x7f0293bde050>,0,1,[5 1],1,1,2,0,1
1,<environment.Job instance at 0x7f0293c18410>,2,2,[5 5],3,3,5,0,3
1,<environment.Job instance at 0x7f0293e39730>,5,17,[ 5 10],6,6,23,0,6
1,<environment.Job instance at 0x7f0293e39b90>,10,12,[7 2],11,12,24,1,12
1,<environment.Job instance at 0x7f0293e39d20>,11,13,[1 9],12,23,36,11,17
1,<environment.Job instance at 0x7f0293e395f0>,17,17,[3 8],18,36,53,18,24
1,<environment.Job instance at 0x7f0293e39cd0>,16,14,[9 2],17,24,38,7,24
1,<environment.Job instance at 0x7f0293e39370>,20,13,[10  4],21,38,51,17,27
1,<environment.Job instance at 0x7f0293d5a730>,21,15,[1 9],22,53,68,31,40
1,<environment.Job instance at 0x7f0293d5a640>,22,17,[2 5],23,51,68,28,40
1,<environment.Job instance at 0x7f0293d5a1e0>,23,3,[1 8],24,68,71,44,44
1,<environment.Job instance at 0x7f0293d5adc0>,24,3,[5 2],25,68,71,43,44
1,<environment.Job instance at 0x7f0293d5a9b0>,28,17,[2 7],29,71,88,42,59
1,<environment.Job instance at 0x7f0293e39690>,18,18,[13  3],19,71,89,52,62
1,<environment.Job instance at 0x7f0293e39780>,6,17,[ 1 10],7,88,105,81,76
1,<environment.Job instance at 0x7f0293d5a500>,31,3,[5 9],32,105,108,73,79
1,<environment.Job instance at 0x7f0293d5aa00>,32,2,[7 4],33,89,91,56,79
1,<environment.Job instance at 0x7f0293d5a050>,33,3,[5 5],34,91,94,57,79
1,<environment.Job instance at 0x7f0293d5ae60>,34,2,[9 2],35,94,96,59,79
1,<environment.Job instance at 0x7f0293d5a870>,30,18,[8 1],31,96,114,65,91
1,<environment.Job instance at 0x7f0293d5a5a0>,35,13,[3 9],36,108,121,72,92
1,<environment.Job instance at 0x7f0293d5ad20>,37,17,[3 5],38,108,125,70,99
1,<environment.Job instance at 0x7f0293d5a910>,29,14,[4 9],30,121,135,91,106
1,<environment.Job instance at 0x7f0293d5a5f0>,38,17,[2 6],39,125,142,86,113
1,<environment.Job instance at 0x7f0293d85500>,42,15,[10  1],43,135,150,92,122
1,<environment.Job instance at 0x7f0293d85dc0>,43,17,[5 3],44,142,159,98,132
1,<environment.Job instance at 0x7f0293d858c0>,46,13,[3 9],47,150,163,103,134
1,<environment.Job instance at 0x7f0293d850a0>,47,14,[2 5],48,159,173,111,144
1,<environment.Job instance at 0x7f0293d85910>,45,13,[8 5],46,163,176,117,147
1,<environment.Job instance at 0x7f0293d857d0>,52,15,[2 5],53,163,178,110,149
1,<environment.Job instance at 0x7f0293d85fa0>,53,14,[4 8],54,176,190,122,161
1,<environment.Job instance at 0x7f0293d85410>,54,16,[9 2],55,176,192,121,166
1,<environment.Job instance at 0x7f02940c44b0>,56,15,[9 1],57,192,207,135,178
1,<environment.Job instance at 0x7f02940c48c0>,58,13,[6 1],59,190,203,131,181
1,<environment.Job instance at 0x7f02941f7140>,59,13,[1 8],60,203,216,143,188
1,<environment.Job instance at 0x7f02945f6140>,0,2,[5 1],1,1,3,0,1
1,<environment.Job instance at 0x7f02945f6f50>,1,12,[5 5],2,2,14,0,2
1,<environment.Job instance at 0x7f02945f6280>,2,16,[3 8],3,3,19,0,3
1,<environment.Job instance at 0x7f0294ba5960>,3,13,[7 4],4,14,27,10,4
1,<environment.Job instance at 0x7f02945f6dc0>,4,3,[7 4],5,19,22,14,6
1,<environment.Job instance at 0x7f02945f6d70>,5,2,[4 5],6,22,24,16,6
1,<environment.Job instance at 0x7f0294dea8c0>,7,2,[7 4],8,24,26,16,8
1,<environment.Job instance at 0x7f0294fd6e60>,9,16,[7 2],10,26,42,16,13
1,<environment.Job instance at 0x7f0294fd6820>,12,3,[4 8],13,27,30,14,13
1,<environment.Job instance at 0x7f0294fd6870>,13,13,[5 5],14,30,43,16,14
1,<environment.Job instance at 0x7f0294e82640>,14,2,[1 6],15,19,21,4,15
1,<environment.Job instance at 0x7f0294e82dc0>,15,14,[4 6],16,42,56,26,27
1,<environment.Job instance at 0x7f029d6ce460>,18,3,[2 6],19,30,33,11,27
1,<environment.Job instance at 0x7f0294eb8140>,23,3,[10  3],24,43,46,19,27
1,<environment.Job instance at 0x7f0294eb8be0>,24,13,[5 3],25,46,59,21,30
1,<environment.Job instance at 0x7f0294eb8320>,25,12,[8 5],26,56,68,30,39
1,<environment.Job instance at 0x7f0294eb8e60>,26,14,[6 4],27,59,73,32,44
1,<environment.Job instance at 0x7f0294eb8dc0>,27,3,[7 5],28,68,71,40,44
1,<environment.Job instance at 0x7f02945ea320>,28,17,[3 7],29,71,88,42,59
1,<environment.Job instance at 0x7f02945ea550>,30,13,[5 3],31,71,84,40,59
1,<environment.Job instance at 0x7f02945eaf00>,31,17,[2 7],32,84,101,52,72
1,<environment.Job instance at 0x7f02945eae60>,32,17,[6 4],33,88,105,55,76
1,<environment.Job instance at 0x7f02945ea6e0>,33,12,[7 4],34,88,100,54,76
1,<environment.Job instance at 0x7f02945ea690>,34,3,[ 3 10],35,101,104,66,76
1,<environment.Job instance at 0x7f02945eaaf0>,38,12,[ 4 10],39,104,116,65,87
1,<environment.Job instance at 0x7f02945ea870>,40,14,[ 2 10],41,116,130,75,101
1,<environment.Job instance at 0x7f02945ea230>,41,3,[3 9],42,130,133,88,104
1,<environment.Job instance at 0x7f02945ea4b0>,42,16,[ 3 10],43,133,149,90,120
1,<environment.Job instance at 0x7f02945eaa50>,43,18,[5 5],44,120,138,76,120
1,<environment.Job instance at 0x7f02945ea0a0>,44,16,[5 5],45,138,154,93,125
1,<environment.Job instance at 0x7f02945c3410>,45,17,[ 3 10],46,149,166,103,137
1,<environment.Job instance at 0x7f02945c3320>,46,13,[3 9],47,166,179,119,150
1,<environment.Job instance at 0x7f02945c3fa0>,48,18,[1 5],49,154,172,105,150
1,<environment.Job instance at 0x7f02945c31e0>,49,18,[9 5],50,172,190,122,161
1,<environment.Job instance at 0x7f02945c3e10>,50,19,[4 5],51,179,198,128,169
1,<environment.Job instance at 0x7f02945c3230>,52,13,[9 4],53,190,203,137,174
1,<environment.Job instance at 0x7f02945c3730>,53,12,[2 6],54,190,202,136,174
1,<environment.Job instance at 0x7f02945c3500>,54,16,[2 7],55,202,218,147,189
1,<environment.Job instance at 0x7f02945c3280>,56,13,[5 5],57,203,216,146,189
1,<environment.Job instance at 0x7f0293f73230>,0,3,[5 3],1,1,4,0,1
1,<environment.Job instance at 0x7f0293f73190>,1,18,[3 8],2,2,20,0,2
1,<environment.Job instance at 0x7f0293f73370>,3,14,[ 4 10],4,20,34,16,5
1,<environment.Job instance at 0x7f0293f73820>,2,2,[5 7],3,5,7,2,5
1,<environment.Job instance at 0x7f0293f73910>,5,1,[ 2 10],6,34,35,28,6
1,<environment.Job instance at 0x7f0293f73690>,7,15,[7 4],8,8,23,0,8
1,<environment.Job instance at 0x7f0293f73460>,8,2,[ 1 13],9,35,37,26,9
1,<environment.Job instance at 0x7f0293f73410>,11,28,[5 1],12,23,51,11,22
1,<environment.Job instance at 0x7f029442e780>,12,3,[1 8],13,37,40,24,22
1,<environment.Job instance at 0x7f029442e140>,13,12,[3 8],14,40,52,26,23
1,<environment.Job instance at 0x7f029442ea00>,14,3,[1 5],15,37,40,22,24
1,<environment.Job instance at 0x7f029442e8c0>,15,15,[3 5],16,40,55,24,26
1,<environment.Job instance at 0x7f029442e0f0>,16,3,[7 4],17,52,55,35,26
1,<environment.Job instance at 0x7f029442ec80>,17,13,[9 1],18,55,68,37,39
1,<environment.Job instance at 0x7f029442ea50>,18,2,[7 4],19,68,70,49,41
1,<environment.Job instance at 0x7f029442e320>,19,2,[5 1],20,51,53,31,41
1,<environment.Job instance at 0x7f029442e9b0>,20,2,[10  5],21,70,72,49,43
1,<environment.Job instance at 0x7f029442e500>,21,3,[9 1],22,72,75,50,46
1,<environment.Job instance at 0x7f0293f734b0>,9,17,[ 1 10],10,55,72,45,46
1,<environment.Job instance at 0x7f029442eb40>,22,13,[9 1],23,75,88,52,59
1,<environment.Job instance at 0x7f029442e5f0>,24,13,[4 8],25,72,85,47,59
1,<environment.Job instance at 0x7f0294450230>,25,12,[2 8],26,85,97,59,68
1,<environment.Job instance at 0x7f0294450960>,26,12,[9 5],27,88,100,61,74
1,<environment.Job instance at 0x7f0293f737d0>,4,15,[4 8],5,97,112,92,83
1,<environment.Job instance at 0x7f0294450b90>,29,15,[2 6],30,100,115,70,86
1,<environment.Job instance at 0x7f02944503c0>,31,14,[9 4],32,112,126,80,97
1,<environment.Job instance at 0x7f0294450f00>,32,13,[2 9],33,115,128,82,99
1,<environment.Job instance at 0x7f0294450a00>,35,18,[7 5],36,126,144,90,115
1,<environment.Job instance at 0x7f0294450dc0>,38,13,[1 5],39,128,141,89,116
1,<environment.Job instance at 0x7f029442efa0>,23,23,[7 4],24,128,151,104,122
1,<environment.Job instance at 0x7f02944506e0>,39,18,[ 2 10],40,144,162,104,136
1,<environment.Job instance at 0x7f029436efa0>,44,18,[10  2],45,151,169,106,143
1,<environment.Job instance at 0x7f029436e960>,47,15,[5 8],48,162,177,114,150
1,<environment.Job instance at 0x7f0293f73780>,6,16,[1 6],7,169,185,162,156
1,<environment.Job instance at 0x7f029436e2d0>,48,18,[5 8],49,177,195,128,170
1,<environment.Job instance at 0x7f029436ecd0>,49,17,[2 6],50,185,202,135,173
1,<environment.Job instance at 0x7f029436e730>,52,1,[9 5],53,195,196,142,173
1,<environment.Job instance at 0x7f029436e3c0>,53,14,[ 5 10],54,202,216,148,187
1,<environment.Job instance at 0x7f029436edc0>,56,17,[3 5],57,196,213,139,187
1,<environment.Job instance at 0x7f0294921d70>,1,15,[8 4],2,2,17,0,2
1,<environment.Job instance at 0x7f029436e500>,2,14,[9 2],3,17,31,14,3
1,<environment.Job instance at 0x7f0293a565f0>,3,16,[2 6],4,4,20,0,4
1,<environment.Job instance at 0x7f0293a56690>,4,2,[6 1],5,20,22,15,5
1,<environment.Job instance at 0x7f0293a568c0>,5,17,[5 3],6,22,39,16,10
1,<environment.Job instance at 0x7f0293a56b40>,9,2,[9 3],10,31,33,21,10
1,<environment.Job instance at 0x7f0293a56c80>,10,13,[4 6],11,33,46,22,17
1,<environment.Job instance at 0x7f0293a56dc0>,11,1,[5 4],12,33,34,21,17
1,<environment.Job instance at 0x7f0293a56730>,7,1,[ 1 13],8,46,47,38,21
1,<environment.Job instance at 0x7f029436ea00>,6,12,[2 7],7,47,59,40,30
1,<environment.Job instance at 0x7f0293a56f00>,14,13,[2 8],15,47,60,32,31
1,<environment.Job instance at 0x7f0293a56d20>,16,17,[3 7],17,59,76,42,47
1,<environment.Job instance at 0x7f0293a571e0>,17,12,[1 6],18,60,72,42,47
1,<environment.Job instance at 0x7f0293a570f0>,19,17,[5 7],20,72,89,52,60
1,<environment.Job instance at 0x7f0293a575f0>,22,18,[7 4],23,76,94,53,65
1,<environment.Job instance at 0x7f0293a57910>,29,15,[3 9],30,89,104,59,75
1,<environment.Job instance at 0x7f0293a56e60>,13,18,[4 6],14,94,112,80,83
1,<environment.Job instance at 0x7f0293a57e10>,34,13,[10  5],35,104,117,69,92
1,<environment.Job instance at 0x7f0293a57eb0>,35,19,[1 5],36,112,131,76,102
1,<environment.Job instance at 0x7f0293a57f50>,36,13,[5 7],37,117,130,80,102
1,<environment.Job instance at 0x7f0293a57a50>,38,16,[3 8],39,130,146,91,117
1,<environment.Job instance at 0x7f0293a58230>,40,18,[9 2],41,117,135,76,117
1,<environment.Job instance at 0x7f0293a58320>,41,12,[4 7],42,135,147,93,118
1,<environment.Job instance at 0x7f0293a58050>,42,17,[9 4],43,146,163,103,134
1,<environment.Job instance at 0x7f0293a58410>,43,3,[3 9],44,147,150,103,134
1,<environment.Job instance at 0x7f0293a58550>,45,14,[4 8],46,150,164,104,135
1,<environment.Job instance at 0x7f0293a586e0>,47,12,[1 6],48,163,175,115,146
1,<environment.Job instance at 0x7f0293a587d0>,48,3,[3 8],49,164,167,115,146
1,<environment.Job instance at 0x7f0293a58910>,49,16,[10  5],50,167,183,117,154
1,<environment.Job instance at 0x7f0293a589b0>,50,12,[4 8],51,175,187,124,158
1,<environment.Job instance at 0x7f0293a58eb0>,58,18,[5 9],59,187,205,128,176
1,<environment.Job instance at 0x7f0293a58a50>,60,18,[6 4],61,183,201,122,176
1,<environment.Job instance at 0x7f0293a5c320>,63,13,[8 4],64,201,214,137,185
1,<environment.Job instance at 0x7f0293f520a0>,1,16,[4 6],2,2,18,0,2
1,<environment.Job instance at 0x7f0293a5c410>,2,15,[5 1],3,3,18,0,3
1,<environment.Job instance at 0x7f02941dbe10>,0,2,[8 2],1,18,20,17,4
1,<environment.Job instance at 0x7f02946590a0>,3,3,[2 7],4,4,7,0,4
1,<environment.Job instance at 0x7f0293a5c3c0>,4,1,[4 6],5,7,8,2,6
1,<environment.Job instance at 0x7f02946590f0>,5,3,[10  5],6,20,23,14,6
1,<environment.Job instance at 0x7f0294659cd0>,7,15,[10  4],8,23,38,15,11
1,<environment.Job instance at 0x7f0294659a50>,11,1,[6 3],12,12,13,0,12
1,<environment.Job instance at 0x7f0294659870>,10,13,[1 5],11,13,26,2,13
1,<environment.Job instance at 0x7f0294659f50>,12,14,[3 7],13,26,40,13,13
1,<environment.Job instance at 0x7f0294659320>,13,3,[10  4],14,38,41,24,14
1,<environment.Job instance at 0x7f029454d780>,14,1,[4 8],15,18,19,3,15
1,<environment.Job instance at 0x7f0294659820>,9,3,[6 2],10,41,44,31,17
1,<environment.Job instance at 0x7f0294659640>,8,16,[ 5 10],9,40,56,31,27
1,<environment.Job instance at 0x7f029454d9b0>,17,15,[2 6],18,56,71,38,44
1,<environment.Job instance at 0x7f029454dfa0>,19,18,[10  2],20,53,71,33,53
1,<environment.Job instance at 0x7f029454d320>,20,13,[2 8],21,71,84,50,55
1,<environment.Job instance at 0x7f029454d2d0>,21,1,[10  1],22,71,72,49,55
1,<environment.Job instance at 0x7f029454d550>,22,22,[8 1],23,72,94,49,65
1,<environment.Job instance at 0x7f029454d500>,23,14,[14  4],24,94,108,70,79
1,<environment.Job instance at 0x7f029454d190>,24,13,[5 8],25,108,121,83,92
1,<environment.Job instance at 0x7f029454d6e0>,25,3,[ 1 13],26,121,124,95,95
1,<environment.Job instance at 0x7f0294919cd0>,26,2,[14  2],27,121,123,94,95
1,<environment.Job instance at 0x7f029454d460>,16,27,[2 9],17,124,151,107,122
1,<environment.Job instance at 0x7f0294919c30>,28,16,[9 1],29,123,139,94,122
1,<environment.Job instance at 0x7f0294919e10>,29,2,[10  2],30,139,141,109,122
1,<environment.Job instance at 0x7f0294919c80>,30,2,[14  4],31,151,153,120,124
1,<environment.Job instance at 0x7f029454df50>,15,13,[5 4],16,153,166,137,138
1,<environment.Job instance at 0x7f0294919dc0>,32,2,[10  3],33,141,143,108,138
1,<environment.Job instance at 0x7f0294919fa0>,33,1,[1 7],34,151,152,117,138
1,<environment.Job instance at 0x7f02949194b0>,27,15,[ 5 12],28,166,181,138,152
1,<environment.Job instance at 0x7f0294919640>,35,14,[1 7],36,152,166,116,152
1,<environment.Job instance at 0x7f02949192d0>,36,3,[8 2],37,153,156,116,152
1,<environment.Job instance at 0x7f029454da50>,18,18,[ 5 10],19,181,199,162,170
1,<environment.Job instance at 0x7f02949190a0>,39,14,[2 8],40,199,213,159,184
1,<environment.Job instance at 0x7f0294919780>,42,18,[10  5],43,184,202,141,184
1,<environment.Job instance at 0x7f0293885d20>,0,2,[10  4],1,1,3,0,1
1,<environment.Job instance at 0x7f0294919b40>,1,17,[ 2 10],2,2,19,0,2
1,<environment.Job instance at 0x7f02949195f0>,3,12,[3 9],4,19,31,15,4
1,<environment.Job instance at 0x7f0293738640>,4,1,[2 9],5,31,32,26,6
1,<environment.Job instance at 0x7f0293738960>,7,2,[10  2],8,9,11,1,9
1,<environment.Job instance at 0x7f02938880f0>,5,18,[4 6],6,19,37,13,10
1,<environment.Job instance at 0x7f02940eb910>,10,15,[8 4],11,32,47,21,18
1,<environment.Job instance at 0x7f02937384b0>,2,16,[2 8],3,37,53,34,26
1,<environment.Job instance at 0x7f0293e40d70>,12,13,[5 3],13,37,50,24,26
1,<environment.Job instance at 0x7f0293f52d70>,13,3,[6 5],14,50,53,36,26
1,<environment.Job instance at 0x7f029476a820>,11,12,[8 1],12,53,65,41,36
1,<environment.Job instance at 0x7f029476a690>,9,17,[ 1 10],10,53,70,43,41
1,<environment.Job instance at 0x7f0293888f50>,6,15,[5 9],7,70,85,63,56
1,<environment.Job instance at 0x7f0294a78370>,18,12,[5 4],19,56,68,37,56
1,<environment.Job instance at 0x7f0294a78230>,19,3,[ 1 12],20,85,88,65,59
1,<environment.Job instance at 0x7f029441b3c0>,20,13,[8 3],21,68,81,47,59
1,<environment.Job instance at 0x7f029441b1e0>,21,1,[2 7],22,88,89,66,60
1,<environment.Job instance at 0x7f029441bb40>,22,1,[1 8],23,88,89,65,60
1,<environment.Job instance at 0x7f02940e2b40>,16,15,[3 9],17,89,104,72,75
1,<environment.Job instance at 0x7f0293752f00>,25,15,[10  1],26,89,104,63,76
1,<environment.Job instance at 0x7f0293752d70>,27,12,[6 5],28,104,116,76,87
1,<environment.Job instance at 0x7f029386b190>,30,20,[8 5],31,104,124,73,97
1,<environment.Job instance at 0x7f029386beb0>,31,12,[5 3],32,116,128,84,99
1,<environment.Job instance at 0x7f029386baa0>,34,16,[5 8],35,124,140,89,111
1,<environment.Job instance at 0x7f0293887eb0>,40,18,[3 5],41,128,146,87,117
1,<environment.Job instance at 0x7f0293887370>,41,15,[3 7],42,140,155,98,126
1,<environment.Job instance at 0x7f0293887d20>,43,14,[6 2],44,128,142,84,126
1,<environment.Job instance at 0x7f02940eabe0>,48,12,[6 4],49,146,158,97,129
1,<environment.Job instance at 0x7f029d6ba780>,51,13,[3 5],52,155,168,103,139
1,<environment.Job instance at 0x7f02941bc1e0>,52,18,[4 8],53,158,176,105,148
1,<environment.Job instance at 0x7f02945404b0>,56,13,[6 4],57,168,181,111,152
1,<environment.Job instance at 0x7f0294dd8e10>,59,12,[5 8],60,176,188,116,159
1,<environment.Job instance at 0x7f029371b5a0>,71,17,[7 4],72,181,198,109,169
1,<environment.Job instance at 0x7f029371bb90>,73,14,[ 5 10],74,188,202,114,173
1,<environment.Job instance at 0x7f0294007c80>,80,15,[5 5],81,198,213,117,184
1,<environment.Job instance at 0x7f0294380140>,1,13,[5 8],2,2,15,0,2
1,<environment.Job instance at 0x7f0294e9f140>,2,14,[6 2],3,3,17,0,3
1,<environment.Job instance at 0x7f0294f79410>,3,13,[6 5],4,15,28,11,4
1,<environment.Job instance at 0x7f0294bdb960>,0,3,[ 2 10],1,17,20,16,5
1,<environment.Job instance at 0x7f0294b2d640>,4,2,[1 5],5,5,7,0,5
1,<environment.Job instance at 0x7f0294b2d190>,5,3,[9 4],6,20,23,14,6
1,<environment.Job instance at 0x7f0294df2b90>,10,2,[3 9],11,23,25,12,11
1,<environment.Job instance at 0x7f0294df2b40>,11,3,[4 5],12,12,15,0,12
1,<environment.Job instance at 0x7f0294df21e0>,8,12,[6 3],9,25,37,16,12
1,<environment.Job instance at 0x7f0294df2e10>,9,3,[7 4],10,28,31,18,17
1,<environment.Job instance at 0x7f0293d5ac80>,13,16,[9 5],14,31,47,17,18
1,<environment.Job instance at 0x7f0294b0ad70>,16,14,[10  3],17,47,61,30,32
1,<environment.Job instance at 0x7f0294b0a780>,17,17,[5 6],18,37,54,19,32
1,<environment.Job instance at 0x7f029d8b6fa0>,18,2,[7 1],19,61,63,42,34
1,<environment.Job instance at 0x7f0294df2cd0>,19,17,[5 2],20,54,71,34,42
1,<environment.Job instance at 0x7f029d8b6dc0>,20,14,[6 1],21,63,77,42,48
1,<environment.Job instance at 0x7f029db9ce60>,7,18,[ 1 10],8,61,79,53,50
1,<environment.Job instance at 0x7f029d6b6f50>,22,3,[8 4],23,71,74,48,50
1,<environment.Job instance at 0x7f029d6b6460>,23,15,[2 7],24,79,94,55,65
1,<environment.Job instance at 0x7f0293cca820>,21,17,[9 3],22,77,94,55,65
1,<environment.Job instance at 0x7f0293a9ac80>,25,3,[9 3],26,94,97,68,68
1,<environment.Job instance at 0x7f0294937b40>,26,17,[8 4],27,97,114,70,85
1,<environment.Job instance at 0x7f029d6f8320>,27,3,[6 1],28,94,97,66,85
1,<environment.Job instance at 0x7f029d6f84b0>,28,12,[ 1 10],29,97,109,68,85
1,<environment.Job instance at 0x7f029d6f8d70>,29,3,[5 3],30,109,112,79,85
1,<environment.Job instance at 0x7f0293aad8c0>,30,13,[8 4],31,114,127,83,98
1,<environment.Job instance at 0x7f02944fc550>,31,3,[10  1],32,127,130,95,101
1,<environment.Job instance at 0x7f0294173c80>,32,12,[7 3],33,112,124,79,101
1,<environment.Job instance at 0x7f0294173eb0>,33,20,[4 5],34,124,144,90,115
1,<environment.Job instance at 0x7f0294173a50>,34,2,[6 5],35,130,132,95,115
1,<environment.Job instance at 0x7f02944fc5f0>,35,20,[5 5],36,130,150,94,121
1,<environment.Job instance at 0x7f0294ef94b0>,36,18,[7 3],37,144,162,107,133
1,<environment.Job instance at 0x7f0294ef9230>,37,13,[14  1],38,162,175,124,146
1,<environment.Job instance at 0x7f0294ef9cd0>,38,18,[1 5],39,146,164,107,146
1,<environment.Job instance at 0x7f0294f17d20>,39,2,[1 6],40,150,152,110,146
1,<environment.Job instance at 0x7f0294f17730>,40,16,[ 2 10],41,175,191,134,163
1,<environment.Job instance at 0x7f0293d5a960>,15,20,[7 2],16,179,199,163,179
1,<environment.Job instance at 0x7f0294f0de60>,42,15,[5 5],43,191,206,148,179
1,<environment.Job instance at 0x7f0294f0daa0>,43,15,[1 5],44,191,206,147,180
1,<environment.Job instance at 0x7f029499b500>,48,13,[8 5],49,199,212,150,183
1,<environment.Job instance at 0x7f0294c19500>,0,16,[5 9],1,1,17,0,1
1,<environment.Job instance at 0x7f029499b500>,2,14,[10  5],3,3,17,0,3
1,<environment.Job instance at 0x7f029d6fd5a0>,3,3,[1 8],4,17,20,13,4
1,<environment.Job instance at 0x7f029d6fd6e0>,6,18,[1 8],7,20,38,13,9
1,<environment.Job instance at 0x7f0295042d20>,9,12,[10  1],10,17,29,7,11
1,<environment.Job instance at 0x7f029d6fd2d0>,10,15,[8 5],11,29,44,18,15
1,<environment.Job instance at 0x7f02950425a0>,13,15,[5 3],14,38,53,24,24
1,<environment.Job instance at 0x7f0295042eb0>,18,18,[6 4],19,44,62,25,33
1,<environment.Job instance at 0x7f0295042190>,21,17,[7 1],22,53,70,31,41
1,<environment.Job instance at 0x7f029488c640>,22,15,[9 5],23,70,85,47,56
1,<environment.Job instance at 0x7f029488c0a0>,26,18,[4 9],27,62,80,35,57
1,<environment.Job instance at 0x7f029488ca00>,27,18,[5 3],28,80,98,52,69
1,<environment.Job instance at 0x7f029488cfa0>,29,13,[9 3],30,85,98,55,69
1,<environment.Job instance at 0x7f029488ce10>,30,12,[2 6],31,98,110,67,81
1,<environment.Job instance at 0x7f029488cf50>,32,16,[8 1],33,98,114,65,85
1,<environment.Job instance at 0x7f029488cc30>,34,13,[8 1],35,114,127,79,98
1,<environment.Job instance at 0x7f029442a190>,36,16,[2 7],37,98,114,61,98
1,<environment.Job instance at 0x7f029442a410>,39,17,[3 5],40,110,127,70,98
1,<environment.Job instance at 0x7f029442ad20>,40,17,[5 8],41,127,144,86,115
1,<environment.Job instance at 0x7f0293efbfa0>,41,14,[7 5],42,127,141,85,115
1,<environment.Job instance at 0x7f0293efbf00>,44,18,[6 5],45,141,159,96,130
1,<environment.Job instance at 0x7f0293efb2d0>,46,17,[5 1],47,144,161,97,132
1,<environment.Job instance at 0x7f0293efb1e0>,47,13,[6 1],48,159,172,111,143
1,<environment.Job instance at 0x7f0293efbe10>,49,16,[5 5],50,161,177,111,148
1,<environment.Job instance at 0x7f0293efb910>,52,17,[3 5],53,148,165,95,148
1,<environment.Job instance at 0x7f0293efb280>,53,13,[2 7],54,165,178,111,149
1,<environment.Job instance at 0x7f0293efb7d0>,55,18,[4 9],56,178,196,122,167
1,<environment.Job instance at 0x7f0293efbbe0>,56,14,[8 5],57,177,191,120,167
1,<environment.Job instance at 0x7f0295132280>,58,18,[6 5],59,191,209,132,180
1,<environment.Job instance at 0x7f0295132c80>,63,18,[6 1],64,196,214,132,185
1,<environment.Job instance at 0x7f0295132cd0>,64,16,[1 6],65,196,212,131,185
1,<environment.Job instance at 0x7f0293878960>,0,1,[9 5],1,1,2,0,1
1,<environment.Job instance at 0x7f0293878aa0>,1,18,[5 6],2,2,20,0,2
1,<environment.Job instance at 0x7f0294c13c30>,3,2,[8 4],4,5,7,1,5
1,<environment.Job instance at 0x7f02938785f0>,4,14,[ 4 10],5,20,34,15,5
1,<environment.Job instance at 0x7f0293878050>,5,16,[6 5],6,7,23,1,6
1,<environment.Job instance at 0x7f0293878d20>,2,2,[7 3],3,23,25,20,7
1,<environment.Job instance at 0x7f02938786e0>,6,15,[1 6],7,34,49,27,21
1,<environment.Job instance at 0x7f0293878370>,14,1,[8 2],15,25,26,10,21
1,<environment.Job instance at 0x7f02938788c0>,15,3,[14  3],16,34,37,18,21
1,<environment.Job instance at 0x7f0293878870>,12,16,[3 7],13,37,53,24,24
1,<environment.Job instance at 0x7f0293878550>,9,14,[2 7],10,49,63,39,35
1,<environment.Job instance at 0x7f0293878a50>,18,3,[ 2 10],19,63,66,44,37
1,<environment.Job instance at 0x7f0293878320>,19,1,[8 3],20,53,54,33,37
1,<environment.Job instance at 0x7f0293878140>,20,3,[8 1],21,37,40,16,37
1,<environment.Job instance at 0x7f0293878190>,16,14,[7 3],17,54,68,37,41
1,<environment.Job instance at 0x7f0293878230>,17,18,[2 8],18,66,84,48,55
1,<environment.Job instance at 0x7f029387fd70>,23,12,[10  2],24,68,80,44,55
1,<environment.Job instance at 0x7f029387f910>,26,18,[ 2 10],27,84,102,57,73
1,<environment.Job instance at 0x7f029387f460>,30,15,[8 4],31,80,95,49,73
1,<environment.Job instance at 0x7f029387f1e0>,31,18,[7 3],32,95,113,63,84
1,<environment.Job instance at 0x7f029387f5a0>,32,17,[1 7],33,102,119,69,90
1,<environment.Job instance at 0x7f029387f6e0>,33,14,[7 2],34,102,116,68,90
1,<environment.Job instance at 0x7f029387f500>,34,3,[5 1],35,90,93,55,90
1,<environment.Job instance at 0x7f029387f4b0>,35,12,[8 1],36,116,128,80,99
1,<environment.Job instance at 0x7f02937a4af0>,37,15,[ 3 10],38,119,134,81,105
1,<environment.Job instance at 0x7f02937a4730>,38,12,[10  1],39,128,140,89,116
1,<environment.Job instance at 0x7f02937a4140>,39,12,[4 6],40,134,146,94,117
1,<environment.Job instance at 0x7f02937a47d0>,40,17,[5 2],41,140,157,99,128
1,<environment.Job instance at 0x7f02937a4640>,41,21,[8 4],42,146,167,104,138
1,<environment.Job instance at 0x7f02937a4b90>,42,16,[1 7],43,138,154,95,138
1,<environment.Job instance at 0x7f02937a4230>,45,18,[4 5],46,157,175,111,146
1,<environment.Job instance at 0x7f02937a4a50>,46,12,[2 8],47,167,179,120,150
1,<environment.Job instance at 0x7f02937a4e60>,47,18,[2 7],48,175,193,127,164
1,<environment.Job instance at 0x7f02937a4eb0>,48,12,[1 5],49,179,191,130,164
1,<environment.Job instance at 0x7f02937a4280>,50,15,[6 1],51,179,194,128,165
1,<environment.Job instance at 0x7f029387f190>,22,16,[6 4],23,191,207,168,179
1,<environment.Job instance at 0x7f029489f960>,55,14,[4 9],56,194,208,138,180
1,<environment.Job instance at 0x7f029489fb40>,56,2,[4 7],57,208,210,151,181
1,<environment.Job instance at 0x7f029489f730>,57,2,[ 4 10],58,210,212,152,183
1,<environment.Job instance at 0x7f029489ff50>,58,3,[8 2],59,207,210,148,184
1,<environment.Job instance at 0x7f0293b12a50>,0,12,[5 7],1,1,13,0,1
1,<environment.Job instance at 0x7f029489ff50>,2,3,[1 9],3,13,16,10,3
1,<environment.Job instance at 0x7f0293b12280>,3,1,[6 2],4,4,5,0,4
1,<environment.Job instance at 0x7f0293b12b40>,4,2,[1 8],5,5,7,0,5
1,<environment.Job instance at 0x7f0293b12f00>,5,1,[ 4 14],6,16,17,10,6
1,<environment.Job instance at 0x7f0293b12050>,6,3,[6 5],7,7,10,0,7
1,<environment.Job instance at 0x7f0293b128c0>,7,3,[1 9],8,17,20,9,8
1,<environment.Job instance at 0x7f0293b12460>,8,2,[2 7],9,10,12,1,9
1,<environment.Job instance at 0x7f0293b12640>,9,2,[5 3],10,12,14,2,10
1,<environment.Job instance at 0x7f0293b12230>,10,1,[3 7],11,20,21,9,11
1,<environment.Job instance at 0x7f0294b8c500>,11,1,[4 6],12,14,15,2,12
1,<environment.Job instance at 0x7f0294b8c640>,12,13,[5 8],13,20,33,7,13
1,<environment.Job instance at 0x7f0294b8c7d0>,13,2,[2 7],14,21,23,7,14
1,<environment.Job instance at 0x7f0294b8c6e0>,14,18,[7 1],15,23,41,8,15
1,<environment.Job instance at 0x7f0294b8c870>,15,2,[10  4],16,17,19,1,16
1,<environment.Job instance at 0x7f0294b8cbe0>,17,1,[10  4],18,19,20,1,18
1,<environment.Job instance at 0x7f0294b8c5a0>,18,1,[2 9],19,33,34,14,19
1,<environment.Job instance at 0x7f0294b8c3c0>,20,12,[9 3],21,41,53,20,24
1,<environment.Job instance at 0x7f0293a10b40>,24,18,[ 4 10],25,34,52,9,25
1,<environment.Job instance at 0x7f0293a10c30>,27,1,[10  4],28,53,54,25,28
1,<environment.Job instance at 0x7f0293a109b0>,22,12,[11  2],23,54,66,31,38
1,<environment.Job instance at 0x7f0293a10af0>,29,12,[3 8],30,52,64,22,43
1,<environment.Job instance at 0x7f0293a10d20>,26,13,[7 3],27,66,79,39,50
1,<environment.Job instance at 0x7f0293a10f50>,31,21,[5 8],32,66,87,34,58
1,<environment.Job instance at 0x7f029d667d70>,34,18,[3 8],35,87,105,52,76
1,<environment.Job instance at 0x7f029d667870>,40,16,[8 3],41,79,95,38,76
1,<environment.Job instance at 0x7f029d667af0>,41,15,[3 5],42,95,110,53,81
1,<environment.Job instance at 0x7f029dbefaa0>,44,15,[10  3],45,105,120,60,91
1,<environment.Job instance at 0x7f029dbef4b0>,47,13,[5 6],48,110,123,62,94
1,<environment.Job instance at 0x7f0294d47910>,51,14,[4 6],52,120,134,68,105
1,<environment.Job instance at 0x7f0294d47af0>,52,3,[6 1],53,120,123,67,105
1,<environment.Job instance at 0x7f0294d47aa0>,54,3,[7 2],55,123,126,68,105
1,<environment.Job instance at 0x7f0294d47230>,55,3,[5 3],56,126,129,70,105
1,<environment.Job instance at 0x7f0294d47870>,57,16,[6 3],58,126,142,68,113
1,<environment.Job instance at 0x7f0294d47f50>,60,14,[7 5],61,134,148,73,119
1,<environment.Job instance at 0x7f0294d47a00>,61,14,[8 5],62,142,156,80,127
1,<environment.Job instance at 0x7f0294d47eb0>,62,18,[5 8],63,148,166,85,137
1,<environment.Job instance at 0x7f029375e5a0>,63,13,[7 2],64,156,169,92,140
1,<environment.Job instance at 0x7f029375ec80>,70,18,[5 5],71,166,184,95,155
1,<environment.Job instance at 0x7f029375ee10>,71,19,[3 6],72,166,185,94,156
1,<environment.Job instance at 0x7f029375e780>,73,13,[1 7],74,184,197,110,168
1,<environment.Job instance at 0x7f0293a10e60>,30,18,[1 7],31,185,203,154,178
1,<environment.Job instance at 0x7f029375efa0>,75,2,[8 4],76,197,199,121,178
1,<environment.Job instance at 0x7f029375e690>,76,2,[14  2],77,199,201,122,178
1,<environment.Job instance at 0x7f029375ef50>,77,3,[13  2],78,201,204,123,178
1,<environment.Job instance at 0x7f029375e230>,78,1,[5 2],79,178,179,99,178
1,<environment.Job instance at 0x7f0293a10eb0>,25,12,[10  4],26,204,216,178,188
1,<environment.Job instance at 0x7f0294075af0>,80,1,[3 6],81,204,205,123,188
1,<environment.Job instance at 0x7f0294bda2d0>,0,19,[3 8],1,1,20,0,1
1,<environment.Job instance at 0x7f0293ab1640>,4,16,[4 6],5,5,21,0,5
1,<environment.Job instance at 0x7f0293ab1730>,5,15,[5 5],6,20,35,14,6
1,<environment.Job instance at 0x7f0293ab18c0>,6,14,[1 8],7,21,35,14,7
1,<environment.Job instance at 0x7f0293ab1aa0>,8,13,[9 1],9,21,34,12,9
1,<environment.Job instance at 0x7f0293ab1be0>,10,12,[7 4],11,35,47,24,18
1,<environment.Job instance at 0x7f0294bda7d0>,1,1,[ 5 10],2,35,36,33,18
1,<environment.Job instance at 0x7f0293ab1dc0>,14,17,[5 2],15,36,53,21,24
1,<environment.Job instance at 0x7f0293ab1fa0>,15,3,[5 9],16,47,50,31,24
1,<environment.Job instance at 0x7f0293ab1c30>,11,2,[3 9],12,36,38,24,24
1,<environment.Job instance at 0x7f0293ab1f00>,17,3,[5 9],18,50,53,32,24
1,<environment.Job instance at 0x7f0293ab1af0>,9,1,[1 5],10,38,39,28,24
1,<environment.Job instance at 0x7f02944624b0>,22,2,[8 3],23,53,55,30,27
1,<environment.Job instance at 0x7f0294462410>,21,18,[ 5 10],22,53,71,31,42
1,<environment.Job instance at 0x7f0294462a00>,26,15,[9 2],27,55,70,28,42
1,<environment.Job instance at 0x7f0294462aa0>,28,17,[7 4],29,70,87,41,58
1,<environment.Job instance at 0x7f0294462b90>,29,16,[ 1 10],30,71,87,41,59
1,<environment.Job instance at 0x7f0294462cd0>,31,14,[ 2 10],32,87,101,55,72
1,<environment.Job instance at 0x7f02944721e0>,37,12,[7 2],38,87,99,49,72
1,<environment.Job instance at 0x7f02944723c0>,40,13,[7 2],41,99,112,58,83
1,<environment.Job instance at 0x7f0294472a50>,49,12,[2 9],50,101,113,51,84
1,<environment.Job instance at 0x7f0294472af0>,50,13,[2 8],51,113,126,62,97
1,<environment.Job instance at 0x7f0294472c30>,52,12,[7 5],53,112,124,59,97
1,<environment.Job instance at 0x7f0293ab1cd0>,12,16,[7 5],13,124,140,111,112
1,<environment.Job instance at 0x7f0294472d70>,54,1,[5 7],55,126,127,71,112
1,<environment.Job instance at 0x7f0294472e10>,55,3,[2 5],56,127,130,71,112
1,<environment.Job instance at 0x7f0294472cd0>,53,17,[10  5],54,140,157,86,128
1,<environment.Job instance at 0x7f02944600a0>,60,14,[5 1],61,128,142,67,128
1,<environment.Job instance at 0x7f0294460460>,62,17,[4 9],63,142,159,79,130
1,<environment.Job instance at 0x7f0294462550>,23,12,[2 9],24,159,171,135,144
1,<environment.Job instance at 0x7f02944606e0>,66,22,[9 5],67,157,179,90,150
1,<environment.Job instance at 0x7f02944608c0>,69,18,[1 5],70,171,189,101,160
1,<environment.Job instance at 0x7f0294460a00>,71,14,[10  4],72,179,193,107,164
1,<environment.Job instance at 0x7f02944602d0>,73,13,[6 4],74,193,206,119,177
1,<environment.Job instance at 0x7f0294460f50>,80,14,[2 7],81,189,203,108,177
1,<environment.Job instance at 0x7f029408b500>,87,15,[3 5],88,203,218,115,189
1,<environment.Job instance at 0x7f0293a024b0>,0,3,[2 8],1,1,4,0,1
1,<environment.Job instance at 0x7f029408bb90>,1,17,[5 5],2,2,19,0,2
1,<environment.Job instance at 0x7f0293a02cd0>,2,13,[8 4],3,4,17,1,4
1,<environment.Job instance at 0x7f029408bbe0>,3,16,[5 2],4,17,33,13,5
1,<environment.Job instance at 0x7f0293a02320>,4,17,[1 5],5,6,23,1,6
1,<environment.Job instance at 0x7f0293a02780>,7,12,[5 5],8,19,31,11,8
1,<environment.Job instance at 0x7f0293a02d70>,6,2,[12  3],7,33,35,26,11
1,<environment.Job instance at 0x7f0294921af0>,12,2,[ 1 10],13,31,33,18,13
1,<environment.Job instance at 0x7f0294377b40>,11,1,[8 4],12,35,36,23,13
1,<environment.Job instance at 0x7f0294377230>,14,3,[14  3],15,36,39,21,15
1,<environment.Job instance at 0x7f02943770a0>,15,2,[5 1],16,23,25,7,16
1,<environment.Job instance at 0x7f0294377190>,16,2,[4 7],17,25,27,8,17
1,<environment.Job instance at 0x7f0294377640>,17,2,[10  1],18,39,41,21,18
1,<environment.Job instance at 0x7f0294377410>,13,14,[2 7],14,39,53,25,25
1,<environment.Job instance at 0x7f02943774b0>,18,14,[8 5],19,41,55,22,26
1,<environment.Job instance at 0x7f0294921b90>,8,16,[5 9],9,53,69,44,40
1,<environment.Job instance at 0x7f0294623500>,25,14,[3 5],26,55,69,29,40
1,<environment.Job instance at 0x7f0294623550>,26,3,[12  5],27,69,72,42,43
1,<environment.Job instance at 0x7f02945bf9b0>,27,16,[ 2 10],28,69,85,41,56
1,<environment.Job instance at 0x7f02946234b0>,28,2,[5 8],29,85,87,56,58
1,<environment.Job instance at 0x7f029399a960>,20,24,[7 2],21,72,96,51,72
1,<environment.Job instance at 0x7f02946269b0>,30,15,[ 3 10],31,87,102,56,73
1,<environment.Job instance at 0x7f02946260a0>,29,14,[3 9],30,102,116,72,87
1,<environment.Job instance at 0x7f0294626410>,31,12,[10  5],32,96,108,64,90
1,<environment.Job instance at 0x7f029421f280>,33,2,[5 6],34,108,110,74,90
1,<environment.Job instance at 0x7f02946235a0>,24,17,[2 6],25,110,127,85,98
1,<environment.Job instance at 0x7f02937a86e0>,36,17,[4 9],37,116,133,79,104
1,<environment.Job instance at 0x7f0294921410>,10,12,[4 6],11,127,139,116,116
1,<environment.Job instance at 0x7f02937a8550>,38,3,[ 3 10],39,139,142,100,122
1,<environment.Job instance at 0x7f02937a85f0>,39,12,[8 3],40,133,145,93,123
1,<environment.Job instance at 0x7f029421f0f0>,34,18,[2 9],35,142,160,107,131
1,<environment.Job instance at 0x7f02937a80f0>,41,3,[5 3],42,142,145,100,132
1,<environment.Job instance at 0x7f02937a8aa0>,40,13,[9 4],41,145,158,104,137
1,<environment.Job instance at 0x7f029493f9b0>,43,1,[9 4],44,158,159,114,137
1,<environment.Job instance at 0x7f029493f190>,44,15,[ 5 10],45,160,175,115,147
1,<environment.Job instance at 0x7f0294790280>,45,2,[8 5],46,159,161,113,147
1,<environment.Job instance at 0x7f0294790a50>,46,1,[5 3],47,161,162,114,147
1,<environment.Job instance at 0x7f02937a83c0>,37,18,[3 7],38,175,193,137,168
1,<environment.Job instance at 0x7f0294790fa0>,47,16,[5 7],48,175,191,127,168
1,<environment.Job instance at 0x7f0294790b40>,49,18,[1 9],50,193,211,143,182
1,<environment.Job instance at 0x7f0294e3f780>,0,13,[6 4],1,1,14,0,1
1,<environment.Job instance at 0x7f02947909b0>,1,3,[8 3],2,2,5,0,2
1,<environment.Job instance at 0x7f0294e3f2d0>,2,14,[2 7],3,5,19,2,3
1,<environment.Job instance at 0x7f0294790e60>,4,13,[1 5],5,14,27,9,5
1,<environment.Job instance at 0x7f0294e3f460>,5,18,[8 1],6,14,32,8,6
1,<environment.Job instance at 0x7f0294e3f410>,6,2,[2 7],7,19,21,12,7
1,<environment.Job instance at 0x7f0294e3f140>,7,17,[2 9],8,21,38,13,9
1,<environment.Job instance at 0x7f0294bdb1e0>,14,3,[5 6],15,32,35,17,15
1,<environment.Job instance at 0x7f0294e3f500>,9,12,[9 3],10,35,47,25,20
1,<environment.Job instance at 0x7f0294bdbfa0>,15,26,[6 1],16,38,64,22,35
1,<environment.Job instance at 0x7f0294bdb9b0>,17,15,[7 3],18,47,62,29,36
1,<environment.Job instance at 0x7f0294bdb780>,18,15,[5 7],19,62,77,43,48
1,<environment.Job instance at 0x7f0294bdb280>,19,14,[9 3],20,64,78,44,49
1,<environment.Job instance at 0x7f0294bdb0f0>,21,16,[7 3],22,78,94,56,66
1,<environment.Job instance at 0x7f0294bdb640>,20,26,[4 5],21,77,103,56,77
1,<environment.Job instance at 0x7f0294bdb960>,24,1,[6 1],25,94,95,69,77
1,<environment.Job instance at 0x7f0294bdbb90>,16,16,[10  2],17,95,111,78,82
1,<environment.Job instance at 0x7f0294bdbe10>,26,3,[2 6],27,82,85,55,82
1,<environment.Job instance at 0x7f0294bdb500>,27,15,[12  1],28,111,126,83,97
1,<environment.Job instance at 0x7f0294bdb4b0>,28,15,[7 5],29,126,141,97,112
1,<environment.Job instance at 0x7f0294bdbd70>,25,18,[8 2],26,128,146,102,128
1,<environment.Job instance at 0x7f0294861a00>,30,1,[ 2 14],31,146,147,115,128
1,<environment.Job instance at 0x7f0294861f00>,31,2,[8 5],32,147,149,115,128
1,<environment.Job instance at 0x7f0294861aa0>,32,3,[3 5],33,141,144,108,128
1,<environment.Job instance at 0x7f0294861140>,33,2,[5 8],34,144,146,110,128
1,<environment.Job instance at 0x7f0294e3f4b0>,3,17,[10  2],4,149,166,145,137
1,<environment.Job instance at 0x7f0294861c30>,35,13,[7 1],36,166,179,130,150
1,<environment.Job instance at 0x7f02948614b0>,36,14,[ 4 10],37,150,164,113,150
1,<environment.Job instance at 0x7f0294861230>,37,1,[9 1],38,179,180,141,151
1,<environment.Job instance at 0x7f02948615f0>,38,12,[5 3],39,164,176,125,151
1,<environment.Job instance at 0x7f02948616e0>,39,13,[6 2],40,176,189,136,160
1,<environment.Job instance at 0x7f0294861e10>,40,3,[8 1],41,180,183,139,160
1,<environment.Job instance at 0x7f02948613c0>,41,2,[1 6],42,166,168,124,160
1,<environment.Job instance at 0x7f0294861a50>,42,16,[2 9],43,183,199,140,170
1,<environment.Job instance at 0x7f0294861fa0>,43,16,[1 8],44,199,215,155,186
1,<environment.Job instance at 0x7f0294861f50>,44,15,[9 3],45,189,204,144,186
1,<environment.Job instance at 0x7f029d6fa730>,0,18,[6 2],1,1,19,0,1
1,<environment.Job instance at 0x7f029d6fa050>,1,3,[5 4],2,2,5,0,2
1,<environment.Job instance at 0x7f029400cd20>,2,3,[ 4 10],3,5,8,2,3
1,<environment.Job instance at 0x7f02939498c0>,3,12,[3 7],4,8,20,4,4
1,<environment.Job instance at 0x7f02939499b0>,4,3,[1 6],5,8,11,3,6
1,<environment.Job instance at 0x7f0294861f50>,5,3,[2 8],6,19,22,13,6
1,<environment.Job instance at 0x7f0293949d20>,9,1,[5 5],10,11,12,1,11
1,<environment.Job instance at 0x7f0293949b90>,7,17,[2 8],8,22,39,14,11
1,<environment.Job instance at 0x7f0293949eb0>,12,1,[9 5],13,20,21,7,13
1,<environment.Job instance at 0x7f0293949c30>,8,14,[4 8],9,39,53,30,24
1,<environment.Job instance at 0x7f0293936320>,15,2,[ 3 10],16,53,55,37,26
1,<environment.Job instance at 0x7f0293936230>,16,15,[7 1],17,26,41,9,26
1,<environment.Job instance at 0x7f0293936be0>,17,13,[ 5 10],18,55,68,37,39
1,<environment.Job instance at 0x7f02939497d0>,10,13,[9 1],11,41,54,30,41
1,<environment.Job instance at 0x7f0293936370>,19,2,[8 3],20,54,56,34,41
1,<environment.Job instance at 0x7f02939366e0>,20,1,[8 5],21,56,57,35,41
1,<environment.Job instance at 0x7f0293936d70>,21,2,[9 5],22,57,59,35,41
1,<environment.Job instance at 0x7f0293949af0>,6,13,[9 2],7,59,72,52,45
1,<environment.Job instance at 0x7f0293936140>,27,14,[5 1],28,68,82,40,53
1,<environment.Job instance at 0x7f0293936730>,31,16,[1 8],32,68,84,36,55
1,<environment.Job instance at 0x7f0293936690>,22,15,[4 5],23,72,87,49,63
1,<environment.Job instance at 0x7f02939360a0>,33,2,[ 3 12],34,87,89,53,63
1,<environment.Job instance at 0x7f02939364b0>,34,3,[5 3],35,84,87,49,63
1,<environment.Job instance at 0x7f0293936e10>,35,1,[5 5],36,84,85,48,63
1,<environment.Job instance at 0x7f02939360f0>,32,16,[ 5 10],33,89,105,56,76
1,<environment.Job instance at 0x7f0293921230>,37,18,[7 4],38,89,107,51,78
1,<environment.Job instance at 0x7f02939214b0>,40,14,[10  2],41,107,121,66,92
1,<environment.Job instance at 0x7f0293921190>,36,13,[ 1 10],37,105,118,68,92
1,<environment.Job instance at 0x7f0293921690>,44,19,[3 6],45,118,137,73,108
1,<environment.Job instance at 0x7f0293921a00>,47,13,[2 9],48,121,134,73,108
1,<environment.Job instance at 0x7f0293921dc0>,49,17,[8 4],50,134,151,84,122
1,<environment.Job instance at 0x7f0293921e60>,50,15,[4 8],51,137,152,86,123
1,<environment.Job instance at 0x7f0293921f00>,51,16,[3 6],52,151,167,99,138
1,<environment.Job instance at 0x7f029394d140>,55,13,[5 1],56,151,164,95,138
1,<environment.Job instance at 0x7f029394d370>,56,16,[6 2],57,152,168,95,139
1,<environment.Job instance at 0x7f029394d410>,58,14,[3 7],59,164,178,105,149
1,<environment.Job instance at 0x7f029394d4b0>,59,12,[3 8],60,168,180,108,151
1,<environment.Job instance at 0x7f029394d550>,60,3,[5 6],61,178,181,117,152
1,<environment.Job instance at 0x7f029394d5f0>,61,15,[5 5],62,180,195,118,166
1,<environment.Job instance at 0x7f029394d690>,62,16,[3 5],63,181,197,118,168
1,<environment.Job instance at 0x7f0293921be0>,45,17,[5 3],46,180,197,134,168
1,<environment.Job instance at 0x7f029394da00>,64,2,[4 6],65,195,197,130,168
1,<environment.Job instance at 0x7f029394db90>,65,2,[ 2 10],66,197,199,131,170
1,<environment.Job instance at 0x7f029394daa0>,63,18,[8 4],64,197,215,133,186
1,<environment.Job instance at 0x7f0293c33280>,0,14,[ 1 10],1,1,15,0,1
1,<environment.Job instance at 0x7f029394d780>,1,1,[10  3],2,3,4,1,3
1,<environment.Job instance at 0x7f029394daa0>,2,2,[3 8],3,15,17,12,3
1,<environment.Job instance at 0x7f0293c33730>,3,1,[5 2],4,4,5,0,4
1,<environment.Job instance at 0x7f0293c33640>,5,12,[6 1],6,6,18,0,6
1,<environment.Job instance at 0x7f029db57aa0>,6,16,[ 2 10],7,17,33,10,7
1,<environment.Job instance at 0x7f029db57320>,7,12,[5 4],8,8,20,0,8
1,<environment.Job instance at 0x7f029db57640>,8,13,[1 5],9,20,33,11,9
1,<environment.Job instance at 0x7f029db57a50>,12,1,[5 6],13,33,34,20,13
1,<environment.Job instance at 0x7f029db575a0>,10,15,[7 3],11,33,48,22,19
1,<environment.Job instance at 0x7f0294ab4500>,13,15,[6 1],14,34,49,20,20
1,<environment.Job instance at 0x7f0294ed3410>,16,1,[ 5 14],17,48,49,31,20
1,<environment.Job instance at 0x7f0293741e10>,15,14,[4 7],16,49,63,33,34
1,<environment.Job instance at 0x7f029393b460>,18,13,[9 1],19,49,62,30,34
1,<environment.Job instance at 0x7f029d671640>,21,14,[4 7],22,62,76,40,47
1,<environment.Job instance at 0x7f02942cae60>,24,17,[5 4],25,63,80,38,51
1,<environment.Job instance at 0x7f02942ca730>,26,18,[6 5],27,76,94,49,65
1,<environment.Job instance at 0x7f029dc693c0>,27,14,[10  5],28,94,108,66,79
1,<environment.Job instance at 0x7f0293925c80>,30,13,[1 7],31,80,93,49,79
1,<environment.Job instance at 0x7f02940065a0>,32,16,[5 8],33,93,109,60,80
1,<environment.Job instance at 0x7f0295064870>,17,18,[ 5 13],18,109,127,91,101
1,<environment.Job instance at 0x7f0294006c30>,34,3,[9 5],35,127,130,92,101
1,<environment.Job instance at 0x7f0294006e10>,35,16,[7 2],36,108,124,72,101
1,<environment.Job instance at 0x7f0293c684b0>,36,2,[5 4],37,127,129,90,101
1,<environment.Job instance at 0x7f0293c68f50>,37,12,[4 6],38,129,141,91,112
1,<environment.Job instance at 0x7f0294006140>,33,22,[7 2],34,130,152,96,124
1,<environment.Job instance at 0x7f0293c682d0>,39,3,[7 1],40,124,127,84,124
1,<environment.Job instance at 0x7f0293c68aa0>,42,3,[5 7],43,141,144,98,124
1,<environment.Job instance at 0x7f0293c68550>,43,15,[5 5],44,144,159,100,130
1,<environment.Job instance at 0x7f0293f732d0>,44,13,[ 2 10],45,152,165,107,136
1,<environment.Job instance at 0x7f0293c680f0>,46,18,[5 5],47,159,177,112,148
1,<environment.Job instance at 0x7f0293c68eb0>,38,14,[ 5 10],39,165,179,126,150
1,<environment.Job instance at 0x7f0294b8b1e0>,47,18,[9 5],48,177,195,129,166
1,<environment.Job instance at 0x7f0294b8b640>,49,14,[1 9],50,179,193,129,166
1,<environment.Job instance at 0x7f0294b8b370>,50,14,[7 3],51,195,209,144,180
1,<environment.Job instance at 0x7f0294b8b960>,51,16,[2 9],52,193,209,141,180
1,<environment.Job instance at 0x7f02937128c0>,0,17,[ 4 12],1,1,18,0,1
1,<environment.Job instance at 0x7f0294b8b960>,2,14,[ 1 10],3,18,32,15,3
1,<environment.Job instance at 0x7f02937123c0>,3,15,[3 5],4,18,33,14,4
1,<environment.Job instance at 0x7f02937122d0>,7,2,[10  4],8,32,34,24,9
1,<environment.Job instance at 0x7f0293712690>,10,1,[ 4 10],11,33,34,22,12
1,<environment.Job instance at 0x7f0293712e10>,9,17,[1 9],10,34,51,24,22
1,<environment.Job instance at 0x7f0294d2baf0>,12,16,[4 9],13,51,67,38,38
1,<environment.Job instance at 0x7f0294d2bf00>,13,12,[5 7],14,67,79,53,50
1,<environment.Job instance at 0x7f0294d2b230>,14,3,[2 6],15,50,53,35,50
1,<environment.Job instance at 0x7f0294d2bd20>,17,15,[6 4],18,53,68,35,50
1,<environment.Job instance at 0x7f0294d2b730>,19,13,[3 9],20,79,92,59,63
1,<environment.Job instance at 0x7f0294d2be60>,20,14,[6 2],21,68,82,47,63
1,<environment.Job instance at 0x7f0294d2b410>,22,16,[6 1],23,79,95,56,66
1,<environment.Job instance at 0x7f0294d2bc30>,23,2,[2 9],24,92,94,68,66
1,<environment.Job instance at 0x7f0294d2bcd0>,24,18,[1 6],25,94,112,69,83
1,<environment.Job instance at 0x7f0293e43af0>,25,2,[1 8],26,94,96,68,83
1,<environment.Job instance at 0x7f0293e438c0>,26,12,[10  3],27,96,108,69,83
1,<environment.Job instance at 0x7f0293e43820>,27,13,[4 5],28,96,109,68,83
1,<environment.Job instance at 0x7f0293e43370>,28,16,[6 3],29,108,124,79,95
1,<environment.Job instance at 0x7f0293712d20>,8,15,[2 9],9,112,127,103,99
1,<environment.Job instance at 0x7f0293e43780>,30,3,[4 6],31,109,112,78,100
1,<environment.Job instance at 0x7f0293e43f00>,29,18,[4 9],30,127,145,97,116
1,<environment.Job instance at 0x7f0293e43dc0>,33,14,[5 1],34,116,130,82,116
1,<environment.Job instance at 0x7f0293e43550>,34,15,[8 1],35,130,145,95,116
1,<environment.Job instance at 0x7f0293e43cd0>,35,3,[8 4],36,124,127,88,116
1,<environment.Job instance at 0x7f0293e43410>,37,15,[5 2],38,145,160,107,131
1,<environment.Job instance at 0x7f0293e43a50>,38,15,[3 7],39,145,160,106,131
1,<environment.Job instance at 0x7f0293e43320>,39,12,[6 3],40,145,157,105,131
1,<environment.Job instance at 0x7f0293e43910>,40,15,[5 4],41,157,172,116,143
1,<environment.Job instance at 0x7f0293e43500>,41,15,[ 4 10],42,160,175,118,146
1,<environment.Job instance at 0x7f0294e3c780>,42,18,[4 6],43,175,193,132,164
1,<environment.Job instance at 0x7f0294e3ce60>,45,3,[4 8],46,175,178,129,164
1,<environment.Job instance at 0x7f0294e3c140>,46,13,[9 1],47,178,191,131,164
1,<environment.Job instance at 0x7f0294e3c820>,47,18,[9 5],48,191,209,143,180
1,<environment.Job instance at 0x7f0294e3c0a0>,48,12,[5 3],49,193,205,144,180
1,<environment.Job instance at 0x7f0294e3c870>,49,12,[5 9],50,205,217,155,188
1,<environment.Job instance at 0x7f0294936a50>,0,2,[3 5],1,1,3,0,1
1,<environment.Job instance at 0x7f02949365f0>,2,3,[5 9],3,3,6,0,3
1,<environment.Job instance at 0x7f02941c37d0>,3,3,[5 4],4,4,7,0,4
1,<environment.Job instance at 0x7f02941c3870>,5,14,[9 5],6,6,20,0,6
1,<environment.Job instance at 0x7f02943bc640>,6,13,[14  4],7,20,33,13,8
1,<environment.Job instance at 0x7f02943c1370>,9,3,[4 5],10,12,15,2,12
1,<environment.Job instance at 0x7f02941a2820>,11,3,[7 2],12,33,36,21,13
1,<environment.Job instance at 0x7f0294677c30>,10,13,[12  5],11,36,49,25,20
1,<environment.Job instance at 0x7f02941ad410>,13,13,[7 3],14,49,62,35,33
1,<environment.Job instance at 0x7f02941c33c0>,8,14,[6 2],9,49,63,40,34
1,<environment.Job instance at 0x7f0294ce2230>,15,16,[8 3],16,62,78,46,49
1,<environment.Job instance at 0x7f0294ce25f0>,16,16,[5 3],17,63,79,46,50
1,<environment.Job instance at 0x7f0294ce28c0>,17,2,[10  1],18,78,80,60,51
1,<environment.Job instance at 0x7f0294cda3c0>,18,16,[2 8],19,79,95,60,68
1,<environment.Job instance at 0x7f0294cda5a0>,19,1,[6 1],20,80,81,60,68
1,<environment.Job instance at 0x7f02941a2eb0>,14,26,[8 4],15,81,107,66,78
1,<environment.Job instance at 0x7f0294cda8c0>,21,17,[4 8],22,95,112,73,83
1,<environment.Job instance at 0x7f0294cda500>,22,2,[1 9],23,112,114,89,85
1,<environment.Job instance at 0x7f0294a38aa0>,23,14,[5 6],24,107,121,83,92
1,<environment.Job instance at 0x7f0294ffaa00>,24,23,[6 3],25,114,137,89,108
1,<environment.Job instance at 0x7f029463c320>,25,22,[6 3],26,121,143,95,114
1,<environment.Job instance at 0x7f0294a38d70>,26,2,[8 5],27,137,139,110,114
1,<environment.Job instance at 0x7f0293e74cd0>,27,1,[5 5],28,139,140,111,114
1,<environment.Job instance at 0x7f0293e74dc0>,28,3,[ 3 10],29,140,143,111,114
1,<environment.Job instance at 0x7f029382faf0>,29,3,[6 1],30,140,143,110,114
1,<environment.Job instance at 0x7f02939f8140>,30,12,[2 8],31,121,133,90,114
1,<environment.Job instance at 0x7f02939f81e0>,31,18,[8 2],32,143,161,111,132
1,<environment.Job instance at 0x7f02939f8be0>,32,15,[1 6],33,143,158,110,132
1,<environment.Job instance at 0x7f0294cda910>,20,16,[4 9],21,158,174,137,148
1,<environment.Job instance at 0x7f0294c05fa0>,33,28,[8 5],34,161,189,127,160
1,<environment.Job instance at 0x7f029430ef50>,35,16,[ 5 10],36,174,190,138,161
1,<environment.Job instance at 0x7f02950b28c0>,36,13,[5 8],37,190,203,153,174
1,<environment.Job instance at 0x7f0294040dc0>,37,3,[3 8],38,203,206,165,177
1,<environment.Job instance at 0x7f0294040f50>,38,13,[9 1],39,189,202,150,177
1,<environment.Job instance at 0x7f8b95673b90>,2,13,[10  1],3,3,16,0,3
1,<environment.Job instance at 0x7f8b95673c30>,3,17,[ 5 10],4,4,21,0,4
1,<environment.Job instance at 0x7f8b95673e10>,4,1,[5 6],5,21,22,16,5
1,<environment.Job instance at 0x7f8b95673f00>,5,12,[1 7],6,21,33,15,6
1,<environment.Job instance at 0x7f8b955f1140>,7,16,[5 8],8,22,38,14,9
1,<environment.Job instance at 0x7f8b955f12d0>,11,3,[5 5],12,16,19,4,12
1,<environment.Job instance at 0x7f8b9edc4500>,8,16,[1 8],9,38,54,29,25
1,<environment.Job instance at 0x7f8b955f11e0>,13,15,[7 4],14,33,48,19,25
1,<environment.Job instance at 0x7f8b955f1550>,14,18,[1 6],15,48,66,33,37
1,<environment.Job instance at 0x7f8b955f15f0>,15,16,[5 5],16,54,70,38,41
1,<environment.Job instance at 0x7f8b955f1640>,18,12,[1 8],19,66,78,47,49
1,<environment.Job instance at 0x7f8b94f7edc0>,0,15,[4 7],1,1,16,0,1
1,<environment.Job instance at 0x7f8b94f7e730>,1,2,[5 4],2,3,5,1,3
1,<environment.Job instance at 0x7f8b955f1820>,2,2,[6 2],3,3,5,0,3
1,<environment.Job instance at 0x7f8b955fbaf0>,3,21,[5 4],4,5,26,1,4
1,<environment.Job instance at 0x7f8b956e6fa0>,5,18,[8 4],6,16,34,10,6
1,<environment.Job instance at 0x7f8b956e6730>,6,1,[ 4 10],7,26,27,19,7
1,<environment.Job instance at 0x7f8b95720b90>,9,3,[8 1],10,34,37,24,11
1,<environment.Job instance at 0x7f8b95720cd0>,11,3,[5 6],12,27,30,15,12
1,<environment.Job instance at 0x7f8b95720460>,12,3,[4 7],13,30,33,17,14
1,<environment.Job instance at 0x7f8b957206e0>,13,1,[12  4],14,37,38,23,15
1,<environment.Job instance at 0x7f8b95720dc0>,10,16,[3 7],11,33,49,22,20
1,<environment.Job instance at 0x7f8b95720500>,14,12,[6 1],15,38,50,23,24
1,<environment.Job instance at 0x7f8b957202d0>,16,3,[1 9],17,49,52,32,24
1,<environment.Job instance at 0x7f8b957200a0>,17,1,[10  4],18,50,51,32,24
1,<environment.Job instance at 0x7f8b956e6dc0>,8,17,[5 4],9,51,68,42,39
1,<environment.Job instance at 0x7f8b95720f50>,19,12,[7 3],20,52,64,32,39
1,<environment.Job instance at 0x7f8b95720370>,20,3,[7 1],21,64,67,43,39
1,<environment.Job instance at 0x7f8b94d438c0>,0,3,[1 7],1,1,4,0,1
1,<environment.Job instance at 0x7f8b94d43500>,1,16,[6 3],2,2,18,0,2
1,<environment.Job instance at 0x7f8b94d43c30>,3,12,[9 2],4,4,16,0,4
1,<environment.Job instance at 0x7f8b94d433c0>,4,2,[8 4],5,16,18,11,5
1,<environment.Job instance at 0x7f8b94d430f0>,5,12,[10  3],6,18,30,12,6
1,<environment.Job instance at 0x7f8b94d43690>,6,1,[ 4 10],7,18,19,11,7
1,<environment.Job instance at 0x7f8b94d43230>,10,17,[5 3],11,19,36,8,11
1,<environment.Job instance at 0x7f8b94d43640>,11,18,[5 5],12,30,48,18,19
1,<environment.Job instance at 0x7f8b94d43e10>,15,12,[2 6],16,30,42,14,19
1,<environment.Job instance at 0x7f8b94d849b0>,18,13,[1 5],19,42,55,23,26
1,<environment.Job instance at 0x7f8b94d84280>,20,16,[5 2],21,36,52,15,26
1,<environment.Job instance at 0x7f8b94d435f0>,9,18,[9 4],10,48,66,38,37
1,<environment.Job instance at 0x7f8b94d84c80>,23,2,[1 7],24,55,57,31,37
1,<environment.Job instance at 0x7f8b94d84af0>,24,1,[10  1],25,66,67,41,38
1,<environment.Job instance at 0x7f8b94d84b40>,25,12,[2 8],26,57,69,31,40
1,<environment.Job instance at 0x7f8b96209780>,0,12,[4 8],1,1,13,0,1
1,<environment.Job instance at 0x7f8b94d84b40>,2,15,[6 4],3,3,18,0,3
1,<environment.Job instance at 0x7f8b9501bb40>,4,18,[9 2],5,13,31,8,5
1,<environment.Job instance at 0x7f8b9565b8c0>,5,15,[5 4],6,18,33,12,6
1,<environment.Job instance at 0x7f8b952ebfa0>,6,2,[5 8],7,31,33,24,7
1,<environment.Job instance at 0x7f8b952ebe10>,7,2,[2 8],8,33,35,25,8
1,<environment.Job instance at 0x7f8b9533e8c0>,8,1,[9 3],9,33,34,24,9
1,<environment.Job instance at 0x7f8b9532a640>,12,1,[5 2],13,31,32,18,14
1,<environment.Job instance at 0x7f8b94d78500>,17,15,[2 5],18,34,49,16,20
1,<environment.Job instance at 0x7f8b95326e10>,18,18,[7 3],19,35,53,16,24
1,<environment.Job instance at 0x7f8b94d78a00>,19,15,[3 7],20,35,50,15,24
1,<environment.Job instance at 0x7f8b95326c30>,13,12,[ 2 10],14,50,62,36,33
1,<environment.Job instance at 0x7f8b94d78960>,21,16,[9 1],22,53,69,31,40
1,<environment.Job instance at 0x7f8b9edc44b0>,23,16,[2 8],24,62,78,38,49
1,<environment.Job instance at 0x7f8b9524ca50>,0,2,[1 9],1,1,3,0,1
1,<environment.Job instance at 0x7f8b95197d20>,2,13,[9 4],3,3,16,0,3
1,<environment.Job instance at 0x7f8b94bcb6e0>,3,1,[3 6],4,4,5,0,4
1,<environment.Job instance at 0x7f8b94bcb820>,4,1,[ 3 12],5,16,17,11,5
1,<environment.Job instance at 0x7f8b94bcb910>,5,15,[5 6],6,17,32,11,6
1,<environment.Job instance at 0x7f8b94bcba00>,6,2,[4 9],7,7,9,0,7
1,<environment.Job instance at 0x7f8b94bcbaf0>,7,2,[10  1],8,16,18,8,8
1,<environment.Job instance at 0x7f8b94bcbb90>,8,14,[5 5],9,18,32,9,9
1,<environment.Job instance at 0x7f8b94bcbfa0>,14,13,[5 9],15,32,45,17,16
1,<environment.Job instance at 0x7f8b9586b460>,12,20,[1 8],13,45,65,32,36
1,<environment.Job instance at 0x7f8b94bcc280>,16,18,[7 4],17,36,54,19,36
1,<environment.Job instance at 0x7f8b94bcbe10>,15,13,[1 7],16,54,67,38,38
1,<environment.Job instance at 0x7f8b94c2c0f0>,0,13,[ 3 10],1,1,14,0,1
1,<environment.Job instance at 0x7f8b94c2ce60>,1,2,[10  5],2,2,4,0,2
1,<environment.Job instance at 0x7f8b94c2c780>,2,2,[9 4],3,4,6,1,3
1,<environment.Job instance at 0x7f8b94c2cb40>,3,1,[2 6],4,14,15,10,4
1,<environment.Job instance at 0x7f8b94c2c500>,4,1,[3 6],5,14,15,9,6
1,<environment.Job instance at 0x7f8b94bcc0a0>,5,3,[4 5],6,6,9,0,6
1,<environment.Job instance at 0x7f8b94c2cf00>,7,3,[5 5],8,9,12,1,8
1,<environment.Job instance at 0x7f8b94c2c370>,8,3,[8 2],9,12,15,3,9
1,<environment.Job instance at 0x7f8b94bf5140>,11,14,[2 5],12,15,29,3,12
1,<environment.Job instance at 0x7f8b94bf5870>,12,16,[2 9],13,15,31,2,13
1,<environment.Job instance at 0x7f8b94bf5190>,17,14,[4 9],18,31,45,13,18
1,<environment.Job instance at 0x7f8b94bf5230>,18,14,[10  4],19,29,43,10,19
1,<environment.Job instance at 0x7f8b94bf5690>,21,1,[7 4],22,43,44,21,26
1,<environment.Job instance at 0x7f8b94bf53c0>,23,2,[5 2],24,44,46,20,27
1,<environment.Job instance at 0x7f8b94bf5eb0>,22,14,[1 9],23,45,59,22,30
1,<environment.Job instance at 0x7f8b94bf5f00>,24,3,[6 2],25,44,47,19,30
1,<environment.Job instance at 0x7f8b94bf5be0>,25,14,[4 8],26,59,73,33,44
1,<environment.Job instance at 0x7f8b94bf5d70>,19,12,[4 6],20,47,59,27,44
1,<environment.Job instance at 0x7f8b94c2d640>,28,12,[1 5],29,59,71,30,45
1,<environment.Job instance at 0x7f8b9ecbbc30>,0,3,[ 3 10],1,1,4,0,1
1,<environment.Job instance at 0x7f8b9ecbb5a0>,1,12,[3 5],2,2,14,0,2
1,<environment.Job instance at 0x7f8b9ecbb730>,4,13,[4 5],5,5,18,0,5
1,<environment.Job instance at 0x7f8b9ecbb820>,6,16,[9 1],7,14,30,7,7
1,<environment.Job instance at 0x7f8b95f24280>,7,1,[8 3],8,8,9,0,8
1,<environment.Job instance at 0x7f8b95f248c0>,8,12,[5 5],9,18,30,9,9
1,<environment.Job instance at 0x7f8b9ecbba50>,10,14,[5 4],11,30,44,19,15
1,<environment.Job instance at 0x7f8b95f24910>,12,15,[2 9],13,30,45,17,20
1,<environment.Job instance at 0x7f8b95f24c80>,20,2,[10  2],21,44,46,23,21
1,<environment.Job instance at 0x7f8b95f24460>,21,1,[13  2],22,46,47,24,22
1,<environment.Job instance at 0x7f8b95f249b0>,22,12,[6 4],23,47,59,24,30
1,<environment.Job instance at 0x7f8b95f24e10>,9,14,[5 2],10,30,44,20,30
1,<environment.Job instance at 0x7f8b95f24410>,19,14,[ 3 10],20,47,61,27,32
1,<environment.Job instance at 0x7f8b95f244b0>,23,13,[9 4],24,59,72,35,43
1,<environment.Job instance at 0x7f8b95de0d20>,26,3,[7 3],27,72,75,45,46
1,<environment.Job instance at 0x7f8b95de0b90>,27,2,[7 2],28,72,74,44,46
1,<environment.Job instance at 0x7f8b95de0550>,28,2,[10  5],29,75,77,46,48
1,<environment.Job instance at 0x7f8b95de05f0>,2,1,[8 3],3,3,4,0,3
1,<environment.Job instance at 0x7f8b955588c0>,0,27,[3 7],1,3,30,2,3
1,<environment.Job instance at 0x7f8b95de0550>,3,2,[ 1 11],4,30,32,26,4
1,<environment.Job instance at 0x7f8b94d9e8c0>,4,14,[6 3],5,5,19,0,5
1,<environment.Job instance at 0x7f8b94d9ef00>,5,1,[8 2],6,19,20,13,6
1,<environment.Job instance at 0x7f8b94d9e870>,8,17,[6 5],9,32,49,23,20
1,<environment.Job instance at 0x7f8b94d9e190>,6,12,[4 6],7,32,44,25,20
1,<environment.Job instance at 0x7f8b94d9ec80>,13,17,[5 5],14,44,61,30,32
1,<environment.Job instance at 0x7f8b94d9e1e0>,9,2,[2 7],10,49,51,39,36
1,<environment.Job instance at 0x7f8b94d9d190>,16,3,[5 4],17,36,39,19,36
1,<environment.Job instance at 0x7f8b94d9e690>,15,15,[2 7],16,51,66,35,37
1,<environment.Job instance at 0x7f8b94d9d2d0>,18,16,[5 6],19,61,77,42,48
1,<environment.Job instance at 0x7f8b961735a0>,0,1,[3 5],1,2,3,1,2
1,<environment.Job instance at 0x7f8b96173460>,1,3,[2 5],2,2,5,0,2
1,<environment.Job instance at 0x7f8b94d9d320>,3,3,[8 2],4,4,7,0,4
1,<environment.Job instance at 0x7f8b96173d20>,4,12,[ 5 10],5,5,17,0,5
1,<environment.Job instance at 0x7f8b96173230>,5,1,[4 9],6,17,18,11,6
1,<environment.Job instance at 0x7f8b951a9c30>,7,19,[5 3],8,8,27,0,8
1,<environment.Job instance at 0x7f8b951a9aa0>,9,3,[5 2],10,10,13,0,10
1,<environment.Job instance at 0x7f8b951a9dc0>,10,12,[6 2],11,17,29,6,11
1,<environment.Job instance at 0x7f8b96173500>,12,17,[2 9],13,18,35,5,14
1,<environment.Job instance at 0x7f8b951a9f50>,13,12,[2 9],14,35,47,21,18
1,<environment.Job instance at 0x7f8b951a9a50>,16,1,[6 3],17,27,28,10,18
1,<environment.Job instance at 0x7f8b951a9960>,17,12,[7 5],18,29,41,11,18
1,<environment.Job instance at 0x7f8b951a9820>,18,17,[5 5],19,41,58,22,30
1,<environment.Job instance at 0x7f8b951a9c80>,14,15,[2 9],15,47,62,32,33
1,<environment.Job instance at 0x7f8b95fa9e60>,20,17,[8 3],21,58,75,37,46
1,<environment.Job instance at 0x7f8b95fa9960>,21,13,[7 2],22,62,75,40,46
1,<environment.Job instance at 0x7f8b951d2690>,0,16,[4 6],1,1,17,0,1
1,<environment.Job instance at 0x7f8b951d2e60>,1,15,[4 8],2,2,17,0,2
1,<environment.Job instance at 0x7f8b952f56e0>,4,16,[8 3],5,17,33,12,5
1,<environment.Job instance at 0x7f8b952f53c0>,5,1,[ 4 11],6,17,18,11,6
1,<environment.Job instance at 0x7f8b952f5140>,6,2,[4 7],7,18,20,11,7
1,<environment.Job instance at 0x7f8b952f5690>,8,2,[ 2 10],9,20,22,11,9
1,<environment.Job instance at 0x7f8b952f5a50>,9,17,[5 3],10,22,39,12,10
1,<environment.Job instance at 0x7f8b9ecb6550>,10,2,[6 4],11,33,35,22,11
1,<environment.Job instance at 0x7f8b952f5aa0>,11,1,[10  5],12,35,36,23,12
1,<environment.Job instance at 0x7f8b955c5050>,12,1,[3 5],13,18,19,5,13
1,<environment.Job instance at 0x7f8b95ce70a0>,13,3,[7 1],14,14,17,0,14
1,<environment.Job instance at 0x7f8b94df2dc0>,17,1,[7 3],18,36,37,18,18
1,<environment.Job instance at 0x7f8b95ce7a50>,14,12,[5 5],15,37,49,22,21
1,<environment.Job instance at 0x7f8b95a853c0>,19,2,[14  1],20,49,51,29,22
1,<environment.Job instance at 0x7f8b9ea08b90>,20,3,[4 6],21,37,40,16,22
1,<environment.Job instance at 0x7f8b958781e0>,21,12,[5 1],22,51,63,29,34
1,<environment.Job instance at 0x7f8b956248c0>,18,15,[6 1],19,51,66,32,37
1,<environment.Job instance at 0x7f8b94fca960>,24,3,[5 2],25,39,42,14,37
1,<environment.Job instance at 0x7f8b957ff5a0>,25,1,[4 7],26,40,41,14,37
1,<environment.Job instance at 0x7f8b950f1af0>,26,1,[7 2],27,42,43,15,37
1,<environment.Job instance at 0x7f8b95d3a6e0>,23,15,[2 9],24,51,66,27,41
1,<environment.Job instance at 0x7f8b95770410>,0,3,[1 6],1,1,4,0,1
1,<environment.Job instance at 0x7f8b957702d0>,1,13,[8 5],2,2,15,0,2
1,<environment.Job instance at 0x7f8b956c9be0>,2,2,[7 3],3,4,6,1,3
1,<environment.Job instance at 0x7f8b951feaf0>,3,2,[ 2 13],4,15,17,11,4
1,<environment.Job instance at 0x7f8b951feb90>,4,15,[4 8],5,17,32,12,5
1,<environment.Job instance at 0x7f8b95c01050>,6,17,[7 3],7,17,34,10,7
1,<environment.Job instance at 0x7f8b951fed20>,7,1,[2 8],8,32,33,24,15
1,<environment.Job instance at 0x7f8b951fefa0>,11,17,[3 8],12,33,50,21,21
1,<environment.Job instance at 0x7f8b952030f0>,13,16,[5 1],14,32,48,18,21
1,<environment.Job instance at 0x7f8b95203550>,17,17,[5 7],18,48,65,30,36
1,<environment.Job instance at 0x7f8b952034b0>,18,15,[2 7],19,50,65,31,37
1,<environment.Job instance at 0x7f8b95021a50>,0,2,[8 4],1,1,3,0,1
1,<environment.Job instance at 0x7f8b952035f0>,1,1,[9 1],2,3,4,1,2
1,<environment.Job instance at 0x7f8b95021870>,2,12,[10  2],3,4,16,1,3
1,<environment.Job instance at 0x7f8b95021c80>,3,14,[ 5 10],4,4,18,0,4
1,<environment.Job instance at 0x7f8b9e85d550>,4,2,[ 3 10],5,18,20,13,6
1,<environment.Job instance at 0x7f8b952034b0>,5,17,[3 5],6,16,33,10,6
1,<environment.Job instance at 0x7f8b9e85d9b0>,7,2,[1 8],8,20,22,12,8
1,<environment.Job instance at 0x7f8b9e85d780>,8,13,[4 5],9,22,35,13,9
1,<environment.Job instance at 0x7f8b9e85d910>,10,16,[2 6],11,33,49,22,20
1,<environment.Job instance at 0x7f8b9e85dd70>,13,17,[5 3],14,22,39,8,20
1,<environment.Job instance at 0x7f8b9e85d6e0>,9,15,[1 8],10,39,54,29,25
1,<environment.Job instance at 0x7f8b9e85d960>,15,13,[1 8],16,54,67,38,38
1,<environment.Job instance at 0x7f8b9e85dc80>,14,22,[6 5],15,49,71,34,42
1,<environment.Job instance at 0x7f8b95916aa0>,0,21,[4 9],1,2,23,1,2
1,<environment.Job instance at 0x7f8b959166e0>,1,3,[ 4 10],2,23,26,21,2
1,<environment.Job instance at 0x7f8b9ea01be0>,2,3,[2 9],3,26,29,23,3
1,<environment.Job instance at 0x7f8b9615f280>,4,14,[3 6],5,8,22,3,8
1,<environment.Job instance at 0x7f8b95060f00>,3,12,[5 8],4,29,41,25,12
1,<environment.Job instance at 0x7f8b95745550>,9,3,[8 1],10,22,25,12,12
1,<environment.Job instance at 0x7f8b94da3c30>,5,13,[10  3],6,25,38,19,12
1,<environment.Job instance at 0x7f8b9526af00>,11,14,[8 1],12,38,52,26,27
1,<environment.Job instance at 0x7f8b9561feb0>,12,16,[7 2],13,41,57,28,28
1,<environment.Job instance at 0x7f8b9526a870>,13,3,[4 5],14,52,55,38,28
1,<environment.Job instance at 0x7f8b95a85780>,14,15,[9 5],15,57,72,42,43
1,<environment.Job instance at 0x7f8b9615ffa0>,6,13,[3 7],7,52,65,45,43
1,<environment.Job instance at 0x7f8b95a852d0>,18,13,[1 9],19,65,78,46,49
1,<environment.Job instance at 0x7f8b95a858c0>,1,17,[7 2],2,2,19,0,2
1,<environment.Job instance at 0x7f8b95668230>,0,22,[2 5],1,3,25,2,3
1,<environment.Job instance at 0x7f8b95a85be0>,2,2,[10  4],3,19,21,16,3
1,<environment.Job instance at 0x7f8b95a852d0>,3,3,[2 6],4,4,7,0,4
1,<environment.Job instance at 0x7f8b94dd64b0>,4,15,[3 7],5,21,36,16,7
1,<environment.Job instance at 0x7f8b96251500>,6,2,[3 5],7,7,9,0,7
1,<environment.Job instance at 0x7f8b96251320>,7,1,[ 4 10],8,36,37,28,8
1,<environment.Job instance at 0x7f8b94dd6500>,5,17,[9 3],6,21,38,15,9
1,<environment.Job instance at 0x7f8b96251e60>,11,3,[8 5],12,38,41,26,14
1,<environment.Job instance at 0x7f8b96263d70>,14,3,[2 5],15,15,18,0,15
1,<environment.Job instance at 0x7f8b96263e10>,15,17,[5 8],16,37,54,21,25
1,<environment.Job instance at 0x7f8b96263960>,16,16,[9 2],17,41,57,24,28
1,<environment.Job instance at 0x7f8b96263f50>,17,15,[2 6],18,54,69,36,40
1,<environment.Job instance at 0x7f8b96263eb0>,18,12,[9 5],19,57,69,38,40
1,<environment.Job instance at 0x7f8b96005640>,0,1,[5 6],1,1,2,0,1
1,<environment.Job instance at 0x7f8b96005460>,1,1,[2 6],2,2,3,0,2
1,<environment.Job instance at 0x7f8b96005690>,2,3,[7 2],3,3,6,0,3
1,<environment.Job instance at 0x7f8b96005820>,3,3,[3 6],4,4,7,0,4
1,<environment.Job instance at 0x7f8b960054b0>,4,14,[4 5],5,5,19,0,5
1,<environment.Job instance at 0x7f8b96005a50>,5,17,[3 7],6,7,24,1,6
1,<environment.Job instance at 0x7f8b94a8aaf0>,9,16,[3 5],10,19,35,9,10
1,<environment.Job instance at 0x7f8b96005190>,7,1,[14  1],8,35,36,27,11
1,<environment.Job instance at 0x7f8b94a8a050>,14,15,[9 5],15,36,51,21,22
1,<environment.Job instance at 0x7f8b94a8a7d0>,16,13,[7 3],17,22,35,5,22
1,<environment.Job instance at 0x7f8b94a8ad70>,13,1,[6 4],14,36,37,22,26
1,<environment.Job instance at 0x7f8b96005370>,6,2,[9 4],7,51,53,44,27
1,<environment.Job instance at 0x7f8b94ce1460>,27,23,[3 7],28,37,60,9,31
1,<environment.Job instance at 0x7f8b955ee050>,28,13,[5 5],29,53,66,24,37
1,<environment.Job instance at 0x7f8b955ee640>,29,14,[3 7],30,60,74,30,45
1,<environment.Job instance at 0x7f8b950fe5a0>,0,13,[3 6],1,1,14,0,1
1,<environment.Job instance at 0x7f8b955eef50>,1,13,[2 6],2,2,15,0,2
1,<environment.Job instance at 0x7f8b950fee60>,2,3,[10  1],3,3,6,0,3
1,<environment.Job instance at 0x7f8b950feeb0>,3,3,[5 5],4,14,17,10,4
1,<environment.Job instance at 0x7f8b950fe2d0>,4,3,[2 7],5,15,18,10,5
1,<environment.Job instance at 0x7f8b950fe550>,5,15,[5 2],6,6,21,0,6
1,<environment.Job instance at 0x7f8b950fe140>,6,1,[5 7],7,18,19,11,9
1,<environment.Job instance at 0x7f8b9606dbe0>,9,3,[7 5],10,19,22,9,11
1,<environment.Job instance at 0x7f8b950fe690>,7,18,[12  5],8,22,40,14,11
1,<environment.Job instance at 0x7f8b9606da50>,11,3,[1 7],12,19,22,7,12
1,<environment.Job instance at 0x7f8b9606d1e0>,12,3,[1 9],13,22,25,9,13
1,<environment.Job instance at 0x7f8b9606d870>,10,3,[7 5],11,40,43,29,15
1,<environment.Job instance at 0x7f8b9606d780>,17,2,[6 2],18,40,42,22,18
1,<environment.Job instance at 0x7f8b9606d4b0>,18,15,[11  2],19,43,58,24,29
1,<environment.Job instance at 0x7f8b94ea6be0>,19,16,[8 1],20,58,74,38,45
1,<environment.Job instance at 0x7f8b95e49e60>,0,2,[9 2],1,1,3,0,1
1,<environment.Job instance at 0x7f8b961b0d20>,1,13,[13  3],2,3,16,1,2
1,<environment.Job instance at 0x7f8b94aeee10>,3,13,[3 8],4,16,29,12,4
1,<environment.Job instance at 0x7f8b95cb3f50>,4,18,[1 6],5,5,23,0,5
1,<environment.Job instance at 0x7f8b95cadaa0>,8,2,[2 7],9,23,25,14,9
1,<environment.Job instance at 0x7f8b95cad0a0>,9,13,[1 8],10,29,42,19,13
1,<environment.Job instance at 0x7f8b95cad5a0>,10,12,[8 2],11,25,37,14,18
1,<environment.Job instance at 0x7f8b95cad780>,11,1,[ 2 14],12,42,43,30,18
1,<environment.Job instance at 0x7f8b95cad690>,12,17,[6 1],13,29,46,16,19
1,<environment.Job instance at 0x7f8b95cad3c0>,13,12,[5 5],14,43,55,29,26
1,<environment.Job instance at 0x7f8b95cadf50>,14,1,[ 3 10],15,46,47,31,26
1,<environment.Job instance at 0x7f8b94ef0eb0>,15,2,[2 5],16,26,28,10,26
1,<environment.Job instance at 0x7f8b95fbcf50>,7,16,[6 1],8,47,63,39,34
1,<environment.Job instance at 0x7f8b95cb30a0>,5,12,[ 2 10],6,55,67,49,40
1,<environment.Job instance at 0x7f8b95bd8190>,0,2,[5 8],1,1,3,0,1
1,<environment.Job instance at 0x7f8b95cb3050>,1,3,[7 4],2,2,5,0,2
1,<environment.Job instance at 0x7f8b95cb30a0>,3,15,[3 6],4,4,19,0,4
1,<environment.Job instance at 0x7f8b9524e410>,4,1,[4 6],5,5,6,0,5
1,<environment.Job instance at 0x7f8b9524e7d0>,6,24,[3 5],7,7,31,0,7
1,<environment.Job instance at 0x7f8b9524e230>,8,18,[2 6],9,19,37,10,9
1,<environment.Job instance at 0x7f8b9524e500>,9,17,[5 4],10,10,27,0,10
1,<environment.Job instance at 0x7f8b9524ea00>,13,3,[4 8],14,31,34,17,14
1,<environment.Job instance at 0x7f8b9524e690>,11,13,[4 8],12,34,47,22,18
1,<environment.Job instance at 0x7f8b9524e3c0>,15,18,[2 5],16,37,55,21,26
1,<environment.Job instance at 0x7f8b9524e780>,17,3,[8 1],18,27,30,9,26
1,<environment.Job instance at 0x7f8b94d1a230>,22,14,[3 6],23,47,61,24,32
1,<environment.Job instance at 0x7f8b94d1a410>,25,12,[10  5],26,55,67,29,38
1,<environment.Job instance at 0x7f8b94d1ae10>,26,17,[5 1],27,38,55,11,38
1,<environment.Job instance at 0x7f8b94d1a140>,27,12,[3 5],28,61,73,33,44
1,<environment.Job instance at 0x7f8b95e27f50>,0,2,[4 7],1,1,3,0,1
1,<environment.Job instance at 0x7f8b94d1a140>,2,20,[5 6],3,3,23,0,3
1,<environment.Job instance at 0x7f8b95423c30>,3,3,[ 4 10],4,23,26,19,4
1,<environment.Job instance at 0x7f8b957b1190>,1,15,[7 5],2,4,19,2,4
1,<environment.Job instance at 0x7f8b95423410>,6,13,[7 3],7,19,32,12,7
1,<environment.Job instance at 0x7f8b95423280>,7,14,[9 5],8,32,46,24,17
1,<environment.Job instance at 0x7f8b95423aa0>,10,13,[4 7],11,26,39,15,17
1,<environment.Job instance at 0x7f8b95423550>,8,3,[3 9],9,39,42,30,17
1,<environment.Job instance at 0x7f8b9e7c4d20>,18,12,[2 8],19,42,54,23,25
1,<environment.Job instance at 0x7f8b9e7c4140>,19,16,[3 5],20,46,62,26,33
1,<environment.Job instance at 0x7f8b9e7c4e60>,21,16,[ 3 10],22,54,70,32,41
1,<environment.Job instance at 0x7f8b9e7c4af0>,23,16,[7 4],24,62,78,38,49
1,<environment.Job instance at 0x7f8b949d59b0>,0,16,[4 8],1,1,17,0,1
1,<environment.Job instance at 0x7f8b95ca70a0>,1,14,[5 6],2,2,16,0,2
1,<environment.Job instance at 0x7f8b94fc2500>,4,14,[4 9],5,17,31,12,5
1,<environment.Job instance at 0x7f8b949d5b40>,2,18,[5 5],3,16,34,13,5
1,<environment.Job instance at 0x7f8b94fc24b0>,5,1,[1 9],6,31,32,25,6
1,<environment.Job instance at 0x7f8b94fc23c0>,9,12,[6 2],10,32,44,22,16
1,<environment.Job instance at 0x7f8b94fc28c0>,10,1,[5 1],11,18,19,7,18
1,<environment.Job instance at 0x7f8b94fc2870>,7,15,[ 1 10],8,34,49,26,22
1,<environment.Job instance at 0x7f8b95132dc0>,11,16,[9 1],12,44,60,32,31
1,<environment.Job instance at 0x7f8b95747c80>,15,2,[9 4],16,60,62,44,33
1,<environment.Job instance at 0x7f8b95747f50>,14,18,[3 8],15,49,67,34,38
1,<environment.Job instance at 0x7f8b96005820>,19,12,[5 5],20,62,74,42,45
1,<environment.Job instance at 0x7f8b9506e230>,20,13,[6 1],21,62,75,41,49
1,<environment.Job instance at 0x7ff2efb8b5f0>,1,1,[3 7],2,2,3,0,2
1,<environment.Job instance at 0x7ff2e6436eb0>,2,13,[10  1],3,3,16,0,3
1,<environment.Job instance at 0x7ff2efb8b4b0>,3,17,[ 5 10],4,4,21,0,4
1,<environment.Job instance at 0x7ff2e63b41e0>,4,1,[5 6],5,21,22,16,5
1,<environment.Job instance at 0x7ff2e63b42d0>,5,12,[1 7],6,21,33,15,6
1,<environment.Job instance at 0x7ff2e63b43c0>,6,1,[9 5],7,16,17,9,7
1,<environment.Job instance at 0x7ff2e63b4460>,7,16,[5 8],8,22,38,14,9
1,<environment.Job instance at 0x7ff2e63b4690>,11,3,[5 5],12,17,20,5,12
1,<environment.Job instance at 0x7ff2e6436f50>,8,16,[1 8],9,38,54,29,25
1,<environment.Job instance at 0x7ff2e63b4820>,13,15,[7 4],14,33,48,19,25
1,<environment.Job instance at 0x7ff2e63b4640>,10,12,[5 5],11,48,60,37,31
1,<environment.Job instance at 0x7ff2e63b4910>,14,18,[1 6],15,54,72,39,43
1,<environment.Job instance at 0x7ff2e63b4aa0>,17,2,[3 5],18,60,62,42,43
1,<environment.Job instance at 0x7ff2e63b4b40>,18,12,[1 8],19,62,74,43,45
1,<environment.Job instance at 0x7ff2e63b4c80>,20,14,[4 8],21,74,88,53,59
1,<environment.Job instance at 0x7ff2e63b71e0>,26,16,[9 1],27,59,75,32,59
1,<environment.Job instance at 0x7ff2e63c1c30>,0,16,[3 7],1,1,17,0,1
1,<environment.Job instance at 0x7ff2e63b7410>,1,3,[5 6],2,3,6,1,3
1,<environment.Job instance at 0x7ff2e63b73c0>,2,3,[4 7],3,6,9,3,3
1,<environment.Job instance at 0x7ff2e687f690>,4,12,[6 1],5,5,17,0,5
1,<environment.Job instance at 0x7ff2e687f780>,3,1,[12  4],4,17,18,13,5
1,<environment.Job instance at 0x7ff2e687f320>,5,14,[11  5],6,18,32,12,6
1,<environment.Job instance at 0x7ff2e687faa0>,6,3,[1 9],7,17,20,10,7
1,<environment.Job instance at 0x7ff2e687f640>,7,1,[10  4],8,32,33,24,8
1,<environment.Job instance at 0x7ff2e6924b90>,11,3,[10  2],12,33,36,21,16
1,<environment.Job instance at 0x7ff2e687fe60>,9,12,[7 3],10,36,48,26,19
1,<environment.Job instance at 0x7ff2e6088960>,14,16,[3 5],15,20,36,5,19
1,<environment.Job instance at 0x7ff2e604e820>,15,13,[ 4 10],16,36,49,20,20
1,<environment.Job instance at 0x7ff2ef7d8960>,17,17,[1 9],18,49,66,31,37
1,<environment.Job instance at 0x7ff2e69248c0>,8,16,[9 5],9,48,64,39,37
1,<environment.Job instance at 0x7ff2e5dfd6e0>,19,1,[3 6],20,64,65,44,37
1,<environment.Job instance at 0x7ff2e5d376e0>,18,1,[12  3],19,65,66,46,40
1,<environment.Job instance at 0x7ff2e69245f0>,13,1,[9 5],14,66,67,52,40
1,<environment.Job instance at 0x7ff2e5b44dc0>,22,12,[9 3],23,67,79,44,50
1,<environment.Job instance at 0x7ff2e5b44a50>,25,3,[2 6],26,66,69,40,50
1,<environment.Job instance at 0x7ff2e5d09f00>,26,13,[1 6],27,67,80,40,51
1,<environment.Job instance at 0x7ff2e6924140>,12,16,[5 3],13,69,85,56,56
1,<environment.Job instance at 0x7ff2e5abe190>,0,16,[5 2],1,1,17,0,1
1,<environment.Job instance at 0x7ff2e69240a0>,1,1,[1 9],2,3,4,1,3
1,<environment.Job instance at 0x7ff2e6924140>,2,19,[5 8],3,4,23,1,3
1,<environment.Job instance at 0x7ff2e5abecd0>,3,2,[1 7],4,17,19,13,4
1,<environment.Job instance at 0x7ff2e5abe7d0>,5,12,[2 8],6,23,35,17,6
1,<environment.Job instance at 0x7ff2e5abcc80>,6,13,[6 2],7,19,32,12,7
1,<environment.Job instance at 0x7ff2e5abc910>,4,1,[10  1],5,32,33,27,7
1,<environment.Job instance at 0x7ff2e5abc5f0>,8,2,[7 2],9,23,25,14,12
1,<environment.Job instance at 0x7ff2e5abc460>,13,12,[5 1],14,33,45,19,16
1,<environment.Job instance at 0x7ff2e5b4a690>,14,17,[5 3],15,33,50,18,21
1,<environment.Job instance at 0x7ff2e5abcc30>,7,14,[4 5],8,35,49,27,21
1,<environment.Job instance at 0x7ff2e5b4a1e0>,11,17,[5 9],12,49,66,37,37
1,<environment.Job instance at 0x7ff2e5b4a4b0>,17,18,[7 1],18,50,68,32,40
1,<environment.Job instance at 0x7ff2e5b4aaf0>,23,18,[8 2],24,66,84,42,55
1,<environment.Job instance at 0x7ff2e5b4ac30>,16,17,[5 8],17,68,85,51,56
1,<environment.Job instance at 0x7ff2e6be9c80>,0,13,[4 9],1,1,14,0,1
1,<environment.Job instance at 0x7ff2e5b4a960>,1,16,[6 4],2,2,18,0,2
1,<environment.Job instance at 0x7ff2e5e6a8c0>,2,2,[6 1],3,14,16,11,3
1,<environment.Job instance at 0x7ff2e5b4ac30>,3,3,[10  3],4,18,21,14,4
1,<environment.Job instance at 0x7ff2e607f410>,6,14,[6 1],7,21,35,14,7
1,<environment.Job instance at 0x7ff2e607f640>,4,1,[8 3],5,16,17,11,8
1,<environment.Job instance at 0x7ff2e6be90f0>,5,2,[6 4],6,21,23,15,9
1,<environment.Job instance at 0x7ff2e607f550>,7,12,[4 8],8,23,35,15,9
1,<environment.Job instance at 0x7ff2e607feb0>,9,3,[7 2],10,35,38,25,13
1,<environment.Job instance at 0x7ff2e5f33b90>,13,1,[9 3],14,17,18,3,14
1,<environment.Job instance at 0x7ff2e5f33370>,15,3,[3 9],16,18,21,2,16
1,<environment.Job instance at 0x7ff2e60a1410>,11,14,[9 5],12,38,52,26,23
1,<environment.Job instance at 0x7ff2e5f555a0>,18,1,[6 5],19,35,36,16,23
1,<environment.Job instance at 0x7ff2e5f55780>,19,2,[5 4],20,23,25,3,23
1,<environment.Job instance at 0x7ff2e5e64870>,20,2,[1 9],21,36,38,15,23
1,<environment.Job instance at 0x7ff2e5f55e10>,17,17,[2 8],18,38,55,20,28
1,<environment.Job instance at 0x7ff2e5b0bd20>,22,13,[9 4],23,52,65,29,36
1,<environment.Job instance at 0x7ff2e5e21730>,25,15,[5 6],26,55,70,29,41
1,<environment.Job instance at 0x7ff2e5b9c050>,28,14,[5 5],29,65,79,36,50
1,<environment.Job instance at 0x7ff2e5e003c0>,31,17,[7 2],32,70,87,38,58
1,<environment.Job instance at 0x7ff2e5b2c140>,0,2,[7 2],1,1,3,0,1
1,<environment.Job instance at 0x7ff2e5b2ceb0>,1,15,[6 4],2,2,17,0,2
1,<environment.Job instance at 0x7ff2e5dfec30>,2,2,[9 4],3,4,6,1,4
1,<environment.Job instance at 0x7ff2e5e003c0>,3,3,[1 9],4,6,9,2,4
1,<environment.Job instance at 0x7ff2e598be10>,4,3,[5 1],5,6,9,1,5
1,<environment.Job instance at 0x7ff2e598beb0>,5,16,[3 7],6,9,25,3,6
1,<environment.Job instance at 0x7ff2e598f0f0>,8,15,[9 1],9,17,32,8,9
1,<environment.Job instance at 0x7ff2e598bc80>,6,1,[1 5],7,17,18,10,9
1,<environment.Job instance at 0x7ff2e598f1e0>,10,13,[ 3 10],11,25,38,14,11
1,<environment.Job instance at 0x7ff2e598f410>,11,2,[10  5],12,32,34,20,12
1,<environment.Job instance at 0x7ff2e598f500>,12,2,[9 4],13,34,36,21,13
1,<environment.Job instance at 0x7ff2e598f690>,13,1,[2 6],14,18,19,4,14
1,<environment.Job instance at 0x7ff2e598f7d0>,14,1,[3 6],15,19,20,4,15
1,<environment.Job instance at 0x7ff2e598f820>,15,3,[4 5],16,36,39,20,16
1,<environment.Job instance at 0x7ff2e598fb90>,17,3,[5 5],18,38,41,20,18
1,<environment.Job instance at 0x7ff2e598fbe0>,18,3,[8 2],19,39,42,20,19
1,<environment.Job instance at 0x7ff2e598ff50>,22,16,[2 9],23,41,57,18,28
1,<environment.Job instance at 0x7ff2e598ff00>,23,1,[3 7],24,57,58,33,37
1,<environment.Job instance at 0x7ff2e5992280>,27,14,[4 9],28,58,72,30,43
1,<environment.Job instance at 0x7ff2e5992370>,29,12,[4 6],30,43,55,13,43
1,<environment.Job instance at 0x7ff2e59925f0>,30,14,[4 9],31,72,86,41,57
1,<environment.Job instance at 0x7ff2e59cd140>,0,3,[ 3 10],1,2,5,1,2
1,<environment.Job instance at 0x7ff2e59cd8c0>,1,12,[3 5],2,2,14,0,2
1,<environment.Job instance at 0x7ff2e59b9e10>,4,13,[4 5],5,5,18,0,5
1,<environment.Job instance at 0x7ff2e59b98c0>,6,16,[9 1],7,14,30,7,7
1,<environment.Job instance at 0x7ff2e59b9370>,7,1,[8 3],8,8,9,0,8
1,<environment.Job instance at 0x7ff2e59b90f0>,8,12,[5 5],9,18,30,9,9
1,<environment.Job instance at 0x7ff2e59b9640>,10,14,[5 4],11,30,44,19,15
1,<environment.Job instance at 0x7ff2e59b9a50>,12,15,[2 9],13,30,45,17,20
1,<environment.Job instance at 0x7ff2e59b9f50>,20,2,[10  2],21,44,46,23,21
1,<environment.Job instance at 0x7ff2e59b9410>,21,1,[13  2],22,46,47,24,22
1,<environment.Job instance at 0x7ff2e59b9500>,9,14,[5 2],10,30,44,20,28
1,<environment.Job instance at 0x7ff2e59760a0>,22,12,[6 4],23,47,59,24,30
1,<environment.Job instance at 0x7ff2e5976910>,24,18,[2 6],25,45,63,20,34
1,<environment.Job instance at 0x7ff2e5976500>,26,3,[7 3],27,47,50,20,34
1,<environment.Job instance at 0x7ff2e59764b0>,27,2,[7 2],28,50,52,22,34
1,<environment.Job instance at 0x7ff2e5976730>,28,2,[10  5],29,59,61,30,34
1,<environment.Job instance at 0x7ff2e5976640>,29,2,[13  5],30,61,63,31,34
1,<environment.Job instance at 0x7ff2e5976a00>,30,3,[1 7],31,63,66,32,37
1,<environment.Job instance at 0x7ff2e5976280>,31,3,[8 1],32,63,66,31,37
1,<environment.Job instance at 0x7ff2e5976960>,32,17,[6 1],33,63,80,30,51
1,<environment.Job instance at 0x7ff2e5976690>,23,13,[9 4],24,66,79,42,54
1,<environment.Job instance at 0x7ff2e597a9b0>,0,13,[4 8],1,1,14,0,1
1,<environment.Job instance at 0x7ff2e59762d0>,1,3,[3 9],2,14,17,12,2
1,<environment.Job instance at 0x7ff2e5976690>,3,17,[5 5],4,4,21,0,4
1,<environment.Job instance at 0x7ff2e6bebb40>,4,2,[ 4 10],5,17,19,12,6
1,<environment.Job instance at 0x7ff2e61fa0f0>,6,3,[5 4],7,19,22,12,7
1,<environment.Job instance at 0x7ff2e61fa6e0>,7,12,[5 7],8,21,33,13,8
1,<environment.Job instance at 0x7ff2efdda820>,8,16,[5 6],9,22,38,13,9
1,<environment.Job instance at 0x7ff2efdda410>,10,3,[6 2],11,33,36,22,12
1,<environment.Job instance at 0x7ff2e60883c0>,11,1,[6 4],12,36,37,24,13
1,<environment.Job instance at 0x7ff2e6088c80>,12,14,[8 2],13,37,51,24,22
1,<environment.Job instance at 0x7ff2e6bebbe0>,5,15,[2 7],6,37,52,31,25
1,<environment.Job instance at 0x7ff2e6088cd0>,14,13,[10  4],15,51,64,36,39
1,<environment.Job instance at 0x7ff2e6050af0>,17,16,[5 1],18,52,68,34,40
1,<environment.Job instance at 0x7ff2e6050550>,18,1,[5 3],19,42,43,23,42
1,<environment.Job instance at 0x7ff2e60506e0>,19,2,[6 1],20,64,66,44,43
1,<environment.Job instance at 0x7ff2e6050460>,20,3,[4 6],21,43,46,22,43
1,<environment.Job instance at 0x7ff2e6050dc0>,21,1,[ 3 11],22,64,65,42,43
1,<environment.Job instance at 0x7ff2e6050a00>,22,2,[4 9],23,65,67,42,43
1,<environment.Job instance at 0x7ff2e60882d0>,16,18,[8 4],17,67,85,50,56
1,<environment.Job instance at 0x7ff2e6050f00>,25,17,[2 5],26,66,83,40,56
1,<environment.Job instance at 0x7ff2e59d5460>,1,13,[7 2],2,2,15,0,2
1,<environment.Job instance at 0x7ff2e5e513c0>,3,3,[1 5],4,4,7,0,4
1,<environment.Job instance at 0x7ff2e6346690>,4,15,[1 8],5,5,20,0,5
1,<environment.Job instance at 0x7ff2e6346230>,5,15,[ 1 10],6,20,35,14,6
1,<environment.Job instance at 0x7ff2e6346280>,6,3,[5 8],7,35,38,28,9
1,<environment.Job instance at 0x7ff2e6346af0>,9,18,[8 3],10,15,33,5,10
1,<environment.Job instance at 0x7ff2e6346370>,11,2,[2 8],12,38,40,26,12
1,<environment.Job instance at 0x7ff2e636d2d0>,12,3,[7 4],13,33,36,20,13
1,<environment.Job instance at 0x7ff2e636db90>,13,15,[ 1 10],14,40,55,26,26
1,<environment.Job instance at 0x7ff2e633aaa0>,17,14,[7 4],18,36,50,18,26
1,<environment.Job instance at 0x7ff2e636d960>,16,3,[2 9],17,55,58,38,36
1,<environment.Job instance at 0x7ff2e6346d70>,8,19,[7 1],9,44,63,35,44
1,<environment.Job instance at 0x7ff2e633abe0>,18,16,[3 8],19,58,74,39,45
1,<environment.Job instance at 0x7ff2e633a4b0>,21,15,[1 5],22,55,70,33,45
1,<environment.Job instance at 0x7ff2e633a640>,22,1,[5 3],23,50,51,27,45
1,<environment.Job instance at 0x7ff2e633a370>,20,3,[9 1],21,63,66,42,51
1,<environment.Job instance at 0x7ff2e633a820>,19,16,[2 7],20,70,86,50,58
1,<environment.Job instance at 0x7ff2e5e57b90>,1,15,[5 2],2,2,17,0,2
1,<environment.Job instance at 0x7ff2e633ab40>,2,14,[14  5],3,17,31,14,3
1,<environment.Job instance at 0x7ff2e5e578c0>,0,18,[1 8],1,3,21,2,3
1,<environment.Job instance at 0x7ff2e633a820>,3,15,[1 7],4,21,36,17,8
1,<environment.Job instance at 0x7ff2e5e57910>,6,2,[10  5],7,31,33,24,8
1,<environment.Job instance at 0x7ff2e5b4a460>,10,15,[5 3],11,33,48,22,19
1,<environment.Job instance at 0x7ff2e5e57cd0>,4,13,[5 2],5,33,46,28,19
1,<environment.Job instance at 0x7ff2e5b4a050>,7,18,[1 7],8,36,54,28,27
1,<environment.Job instance at 0x7ff2e5e654b0>,17,2,[ 4 12],18,54,56,36,27
1,<environment.Job instance at 0x7ff2e5b4a280>,9,14,[8 3],10,46,60,36,31
1,<environment.Job instance at 0x7ff2e5e65f00>,19,3,[3 6],20,56,59,36,31
1,<environment.Job instance at 0x7ff2e5e657d0>,20,3,[1 6],21,56,59,35,31
1,<environment.Job instance at 0x7ff2e5b4a320>,16,14,[9 2],17,60,74,43,46
1,<environment.Job instance at 0x7ff2e5e65410>,22,2,[7 3],23,74,76,51,47
1,<environment.Job instance at 0x7ff2e5e652d0>,23,2,[ 2 13],24,60,62,36,47
1,<environment.Job instance at 0x7ff2e5e656e0>,24,15,[4 8],25,62,77,37,51
1,<environment.Job instance at 0x7ff2e59e2230>,0,3,[5 4],1,1,4,0,1
1,<environment.Job instance at 0x7ff2e59e2730>,1,13,[12  2],2,4,17,2,2
1,<environment.Job instance at 0x7ff2e6346dc0>,2,1,[4 6],3,3,4,0,3
1,<environment.Job instance at 0x7ff2e6b0d3c0>,3,12,[7 1],4,17,29,13,4
1,<environment.Job instance at 0x7ff2e6b0d4b0>,4,1,[7 3],5,17,18,12,5
1,<environment.Job instance at 0x7ff2e6b0d550>,5,3,[13  3],6,29,32,23,6
1,<environment.Job instance at 0x7ff2e5e656e0>,7,12,[1 8],8,8,20,0,8
1,<environment.Job instance at 0x7ff2e6b0d8c0>,8,2,[6 2],9,18,20,9,10
1,<environment.Job instance at 0x7ff2e6b0daa0>,10,2,[8 4],11,20,22,9,13
1,<environment.Job instance at 0x7ff2e6b0db40>,12,12,[10  2],13,32,44,19,17
1,<environment.Job instance at 0x7ff2e6b0dd20>,15,17,[3 5],16,32,49,16,20
1,<environment.Job instance at 0x7ff2e6b0ddc0>,17,2,[1 8],18,22,24,4,20
1,<environment.Job instance at 0x7ff2e6b0dc30>,16,27,[1 8],17,26,53,9,26
1,<environment.Job instance at 0x7ff2e6b0deb0>,18,13,[4 5],19,49,62,30,33
1,<environment.Job instance at 0x7ff2e6afb2d0>,21,16,[9 5],22,53,69,31,40
1,<environment.Job instance at 0x7ff2e6afb410>,23,17,[5 3],24,62,79,38,50
1,<environment.Job instance at 0x7ff2e6afb140>,20,16,[2 6],21,69,85,48,56
1,<environment.Job instance at 0x7ff2e607c5f0>,1,3,[ 4 10],2,2,5,0,2
1,<environment.Job instance at 0x7ff2e6adc910>,0,21,[4 9],1,5,26,4,3
1,<environment.Job instance at 0x7ff2e6afb320>,2,3,[2 9],3,26,29,23,3
1,<environment.Job instance at 0x7ff2e5db09b0>,4,14,[3 6],5,8,22,3,8
1,<environment.Job instance at 0x7ff2e6afb140>,3,12,[5 8],4,29,41,25,12
1,<environment.Job instance at 0x7ff2e5db0550>,9,3,[8 1],10,22,25,12,12
1,<environment.Job instance at 0x7ff2e5db01e0>,8,14,[10  5],9,25,39,16,13
1,<environment.Job instance at 0x7ff2e5db0320>,5,13,[10  3],6,39,52,33,24
1,<environment.Job instance at 0x7ff2e5db05f0>,12,16,[7 2],13,52,68,39,39
1,<environment.Job instance at 0x7ff2e5db0aa0>,11,14,[8 1],12,52,66,40,43
1,<environment.Job instance at 0x7ff2e6f85cd0>,15,1,[8 2],16,66,67,50,43
1,<environment.Job instance at 0x7ff2e6f85320>,14,15,[9 5],15,68,83,53,54
1,<environment.Job instance at 0x7ff2e6f85820>,18,13,[1 9],19,67,80,48,54
1,<environment.Job instance at 0x7ff2e6f6a230>,0,12,[8 1],1,1,13,0,1
1,<environment.Job instance at 0x7ff2e6f6a7d0>,1,3,[8 5],2,13,16,11,2
1,<environment.Job instance at 0x7ff2e6f6a3c0>,3,12,[9 5],4,16,28,12,4
1,<environment.Job instance at 0x7ff2e6f6a460>,4,3,[2 5],5,5,8,0,5
1,<environment.Job instance at 0x7ff2e6f6a4b0>,5,17,[5 8],6,6,23,0,6
1,<environment.Job instance at 0x7ff2e6f6adc0>,7,15,[2 6],8,23,38,15,9
1,<environment.Job instance at 0x7ff2e697dbe0>,11,13,[5 4],12,28,41,16,12
1,<environment.Job instance at 0x7ff2e6f6a8c0>,13,13,[7 1],14,28,41,14,16
1,<environment.Job instance at 0x7ff2e697d190>,14,2,[4 8],15,41,43,26,16
1,<environment.Job instance at 0x7ff2e697d370>,15,3,[10  5],16,41,44,25,16
1,<environment.Job instance at 0x7ff2e697ddc0>,12,13,[10  4],13,44,57,31,28
1,<environment.Job instance at 0x7ff2e697d780>,17,14,[1 6],18,43,57,25,28
1,<environment.Job instance at 0x7ff2e697d320>,18,17,[10  5],19,57,74,38,45
1,<environment.Job instance at 0x7ff2e697db90>,19,17,[4 6],20,57,74,37,45
1,<environment.Job instance at 0x7ff2e68a9d20>,0,13,[9 4],1,1,14,0,1
1,<environment.Job instance at 0x7ff2e697d6e0>,1,14,[ 1 10],2,2,16,0,2
1,<environment.Job instance at 0x7ff2e68a9f50>,2,2,[5 8],3,16,18,13,4
1,<environment.Job instance at 0x7ff2e68a90a0>,3,3,[9 1],4,14,17,10,4
1,<environment.Job instance at 0x7ff2e68a9280>,4,3,[1 8],5,18,21,13,6
1,<environment.Job instance at 0x7ff2e5984a50>,5,18,[10  2],6,17,35,11,7
1,<environment.Job instance at 0x7ff2e5984e10>,8,13,[5 5],9,21,34,12,10
1,<environment.Job instance at 0x7ff2e59845a0>,12,2,[8 5],13,35,37,22,14
1,<environment.Job instance at 0x7ff2e68d5820>,13,12,[4 6],14,34,46,20,17
1,<environment.Job instance at 0x7ff2e68d5b40>,15,13,[9 2],16,37,50,21,21
1,<environment.Job instance at 0x7ff2e68d5230>,18,12,[7 3],19,50,62,31,33
1,<environment.Job instance at 0x7ff2e68d53c0>,19,13,[8 4],20,50,63,30,34
1,<environment.Job instance at 0x7ff2e5984050>,6,16,[ 2 10],7,62,78,55,49
1,<environment.Job instance at 0x7ff2e5d8e640>,23,3,[2 6],24,78,81,54,52
1,<environment.Job instance at 0x7ff2e68d59b0>,14,17,[6 1],15,63,80,48,52
1,<environment.Job instance at 0x7ff2e63a4550>,0,17,[ 4 10],1,1,18,0,1
1,<environment.Job instance at 0x7ff2e63a4500>,1,12,[2 9],2,18,30,16,4
1,<environment.Job instance at 0x7ff2e63a4050>,2,1,[8 2],3,5,6,2,5
1,<environment.Job instance at 0x7ff2e64fb730>,5,2,[5 7],6,30,32,24,6
1,<environment.Job instance at 0x7ff2e64fbf50>,8,2,[3 6],9,18,20,9,10
1,<environment.Job instance at 0x7ff2e6848cd0>,7,1,[5 4],8,10,11,2,10
1,<environment.Job instance at 0x7ff2e64fbbe0>,9,13,[2 7],10,30,43,20,17
1,<environment.Job instance at 0x7ff2e68480f0>,4,12,[3 8],5,32,44,27,18
1,<environment.Job instance at 0x7ff2ef624460>,12,3,[ 4 14],13,44,47,31,18
1,<environment.Job instance at 0x7ff2e63a4f50>,3,21,[2 8],4,47,68,43,39
1,<environment.Job instance at 0x7ff2e589d050>,15,13,[1 5],16,47,60,31,39
1,<environment.Job instance at 0x7ff2e589d3c0>,16,21,[7 5],17,60,81,43,52
1,<environment.Job instance at 0x7ff2e589d370>,18,12,[4 8],19,68,80,49,52
1,<environment.Job instance at 0x7ff2e64af9b0>,1,15,[ 3 10],2,2,17,0,2
1,<environment.Job instance at 0x7ff2e69c8b90>,2,2,[3 6],3,17,19,14,3
1,<environment.Job instance at 0x7ff2e69c80a0>,3,13,[4 6],4,17,30,13,4
1,<environment.Job instance at 0x7ff2e69c8a00>,4,14,[5 3],5,5,19,0,5
1,<environment.Job instance at 0x7ff2e55b6910>,5,2,[5 8],6,19,21,13,6
1,<environment.Job instance at 0x7ff2e55b68c0>,6,1,[ 4 10],7,30,31,23,7
1,<environment.Job instance at 0x7ff2e66dce60>,12,17,[7 2],13,21,38,8,13
1,<environment.Job instance at 0x7ff2e55b6370>,14,1,[4 6],15,21,22,6,17
1,<environment.Job instance at 0x7ff2e66dcc80>,13,15,[3 6],14,31,46,17,17
1,<environment.Job instance at 0x7ff2e66dc6e0>,18,18,[2 6],19,31,49,12,20
1,<environment.Job instance at 0x7ff2e66dceb0>,19,17,[5 4],20,46,63,26,34
1,<environment.Job instance at 0x7ff2e66dc320>,20,17,[1 5],21,46,63,25,34
1,<environment.Job instance at 0x7ff2e66dc190>,21,13,[4 8],22,63,76,41,48
1,<environment.Job instance at 0x7ff2e5a53aa0>,22,17,[8 5],23,49,66,26,48
1,<environment.Job instance at 0x7ff2e600f6e0>,0,2,[4 7],1,1,3,0,1
1,<environment.Job instance at 0x7ff2ef7c5b40>,2,20,[5 6],3,3,23,0,3
1,<environment.Job instance at 0x7ff2e695f820>,1,15,[7 5],2,3,18,1,3
1,<environment.Job instance at 0x7ff2e600f500>,4,13,[ 2 10],5,23,36,18,7
1,<environment.Job instance at 0x7ff2e600f870>,8,3,[3 9],9,18,21,9,9
1,<environment.Job instance at 0x7ff2e600f9b0>,5,17,[2 6],6,36,53,30,24
1,<environment.Job instance at 0x7ff2e5ffdc30>,10,13,[4 7],11,36,49,25,24
1,<environment.Job instance at 0x7ff2e5ffddc0>,9,12,[1 7],10,49,61,39,32
1,<environment.Job instance at 0x7ff2e5ffdcd0>,13,2,[8 4],14,32,34,18,32
1,<environment.Job instance at 0x7ff2e600fc30>,3,3,[ 4 10],4,61,64,57,35
1,<environment.Job instance at 0x7ff2e600f410>,6,13,[7 3],7,53,66,46,43
1,<environment.Job instance at 0x7ff2e63b8a00>,0,1,[5 1],1,1,2,0,1
1,<environment.Job instance at 0x7ff2e5ffd7d0>,2,2,[10  5],3,3,5,0,3
1,<environment.Job instance at 0x7ff2e64461e0>,4,18,[3 8],5,5,23,0,5
1,<environment.Job instance at 0x7ff2e5a449b0>,6,21,[7 2],7,7,28,0,7
1,<environment.Job instance at 0x7ff2e6908f00>,8,2,[6 4],9,23,25,14,9
1,<environment.Job instance at 0x7ff2e69a74b0>,9,12,[5 5],10,10,22,0,10
1,<environment.Job instance at 0x7ff2e69a7f50>,10,13,[6 1],11,25,38,14,11
1,<environment.Job instance at 0x7ff2e5b98c30>,12,3,[4 6],13,28,31,15,13
1,<environment.Job instance at 0x7ff2e67e8690>,16,18,[5 3],17,28,46,11,17
1,<environment.Job instance at 0x7ff2e6ae92d0>,20,13,[7 2],21,38,51,17,22
1,<environment.Job instance at 0x7ff2e660f960>,22,14,[4 5],23,46,60,23,31
1,<environment.Job instance at 0x7ff2e66949b0>,25,17,[5 4],26,51,68,25,39
1,<environment.Job instance at 0x7ff2e68672d0>,27,14,[7 3],28,60,74,32,45
1,<environment.Job instance at 0x7ff2e68674b0>,28,14,[9 3],29,74,88,45,59
1,<environment.Job instance at 0x7ff2e68087d0>,0,3,[7 1],1,1,4,0,1
1,<environment.Job instance at 0x7ff2e6808320>,1,3,[6 3],2,2,5,0,2
1,<environment.Job instance at 0x7ff2e6965e10>,2,18,[5 1],3,4,22,1,3
1,<environment.Job instance at 0x7ff2e55bd5f0>,3,3,[4 5],4,5,8,1,5
1,<environment.Job instance at 0x7ff2e7041140>,4,1,[3 6],5,5,6,0,5
1,<environment.Job instance at 0x7ff2e55bd780>,5,2,[5 5],6,6,8,0,6
1,<environment.Job instance at 0x7ff2e55bd960>,8,17,[8 3],9,9,26,0,9
1,<environment.Job instance at 0x7ff2e55bd690>,6,3,[9 3],7,26,29,19,9
1,<environment.Job instance at 0x7ff2e55bdbe0>,10,15,[6 5],11,22,37,11,11
1,<environment.Job instance at 0x7ff2e55bdb90>,12,14,[7 2],13,29,43,16,14
1,<environment.Job instance at 0x7ff2e55bdf50>,15,1,[5 6],16,37,38,21,16
1,<environment.Job instance at 0x7ff2e55bde10>,13,3,[8 2],14,38,41,24,17
1,<environment.Job instance at 0x7ff2e55bdd20>,14,16,[5 1],15,41,57,26,28
1,<environment.Job instance at 0x7ff2e55db370>,18,17,[9 1],19,43,60,24,31
1,<environment.Job instance at 0x7ff2e55db280>,19,20,[2 8],20,57,77,37,48
1,<environment.Job instance at 0x7ff2e55db3c0>,20,18,[4 7],21,60,78,39,49
1,<environment.Job instance at 0x7ff2e6121f00>,3,2,[ 4 10],4,4,6,0,4
1,<environment.Job instance at 0x7ff2e6121280>,4,14,[10  1],5,5,19,0,5
1,<environment.Job instance at 0x7ff2e6121320>,5,3,[7 3],6,19,22,13,6
1,<environment.Job instance at 0x7ff2e61211e0>,6,16,[5 6],7,7,23,0,7
1,<environment.Job instance at 0x7ff2e6121140>,7,3,[4 5],8,22,25,14,8
1,<environment.Job instance at 0x7ff2e6121e60>,8,13,[6 3],9,22,35,13,9
1,<environment.Job instance at 0x7ff2e61218c0>,9,17,[4 9],10,25,42,15,13
1,<environment.Job instance at 0x7ff2e6121dc0>,14,2,[11  5],15,35,37,20,15
1,<environment.Job instance at 0x7ff2e6121b90>,11,2,[ 3 10],12,42,44,30,17
1,<environment.Job instance at 0x7ff2e61210f0>,17,16,[2 5],18,37,53,19,24
1,<environment.Job instance at 0x7ff2e6121af0>,12,15,[2 5],13,44,59,31,30
1,<environment.Job instance at 0x7ff2e5810d20>,20,1,[6 3],21,44,45,23,30
1,<environment.Job instance at 0x7ff2e5810870>,21,13,[3 5],22,45,58,23,30
1,<environment.Job instance at 0x7ff2e61217d0>,15,15,[4 5],16,53,68,37,40
1,<environment.Job instance at 0x7ff2e58101e0>,23,15,[7 4],24,58,73,34,46
1,<environment.Job instance at 0x7ff2e5810500>,24,1,[10  1],25,73,74,48,46
1,<environment.Job instance at 0x7ff2e5810d70>,25,14,[5 5],26,68,82,42,53
1,<environment.Job instance at 0x7ff2e636d5f0>,0,16,[5 9],1,1,17,0,1
1,<environment.Job instance at 0x7ff2e55db1e0>,2,18,[6 5],3,3,21,0,3
1,<environment.Job instance at 0x7ff2e636d230>,4,14,[1 7],5,17,31,12,5
1,<environment.Job instance at 0x7ff2e636dfa0>,3,17,[5 2],4,17,34,13,5
1,<environment.Job instance at 0x7ff2e636d190>,5,1,[10  5],6,31,32,25,8
1,<environment.Job instance at 0x7ff2e59ef370>,9,15,[10  3],10,32,47,22,18
1,<environment.Job instance at 0x7ff2e59ef9b0>,8,16,[ 5 10],9,34,50,25,21
1,<environment.Job instance at 0x7ff2e59ef460>,12,2,[6 4],13,28,30,15,28
1,<environment.Job instance at 0x7ff2e59ef1e0>,14,1,[10  2],15,47,48,32,28
1,<environment.Job instance at 0x7ff2e59efaf0>,15,2,[5 8],16,50,52,34,28
1,<environment.Job instance at 0x7ff2e59ef3c0>,16,1,[11  3],17,52,53,35,28
1,<environment.Job instance at 0x7ff2e59efb90>,17,1,[2 6],18,30,31,12,28
1,<environment.Job instance at 0x7ff2e59ef0f0>,20,12,[8 4],21,53,65,32,36
1,<environment.Job instance at 0x7ff2e59ef870>,18,18,[ 1 11],19,52,70,33,41
1,<environment.Job instance at 0x7ff2e6203820>,22,13,[5 7],23,70,83,47,54
1,<environment.Job instance at 0x7f529ddd8320>,1,1,[3 7],2,2,3,0,2
1,<environment.Job instance at 0x7f5294660410>,2,13,[10  1],3,3,16,0,3
1,<environment.Job instance at 0x7f52946605f0>,3,17,[ 5 10],4,4,21,0,4
1,<environment.Job instance at 0x7f52946606e0>,4,1,[5 6],5,21,22,16,5
1,<environment.Job instance at 0x7f52946607d0>,5,12,[1 7],6,21,33,15,6
1,<environment.Job instance at 0x7f52946608c0>,6,1,[9 5],7,16,17,9,7
1,<environment.Job instance at 0x7f5294660960>,7,16,[5 8],8,22,38,14,9
1,<environment.Job instance at 0x7f5294660b90>,11,3,[5 5],12,17,20,5,12
1,<environment.Job instance at 0x7f5294660b40>,10,12,[5 5],11,33,45,22,21
1,<environment.Job instance at 0x7f529ddd81e0>,8,16,[1 8],9,38,54,29,25
1,<environment.Job instance at 0x7f5294660e10>,14,18,[1 6],15,45,63,30,34
1,<environment.Job instance at 0x7f5294660cd0>,15,16,[5 5],16,54,70,38,42
1,<environment.Job instance at 0x7f5294662050>,18,12,[1 8],19,63,75,44,46
1,<environment.Job instance at 0x7f52946621e0>,20,14,[4 8],21,75,89,54,61
1,<environment.Job instance at 0x7f52946625a0>,26,16,[9 1],27,61,77,34,61
1,<environment.Job instance at 0x7f5294662960>,29,18,[5 1],30,77,95,47,66
1,<environment.Job instance at 0x7f5294662aa0>,31,15,[5 5],32,77,92,45,66
1,<environment.Job instance at 0x7f5294cad460>,0,3,[7 1],1,1,4,0,1
1,<environment.Job instance at 0x7f5294662b90>,1,3,[10  2],2,4,7,2,2
1,<environment.Job instance at 0x7f5294cad140>,2,16,[5 3],3,3,19,0,3
1,<environment.Job instance at 0x7f5294cadb90>,3,1,[9 5],4,7,8,3,5
1,<environment.Job instance at 0x7f5294cad230>,5,13,[ 4 10],6,8,21,2,6
1,<environment.Job instance at 0x7f5294662b40>,4,16,[3 5],5,19,35,14,6
1,<environment.Job instance at 0x7f5294cade60>,7,17,[1 9],8,21,38,13,9
1,<environment.Job instance at 0x7f5294cadc80>,6,3,[ 4 12],7,38,41,31,12
1,<environment.Job instance at 0x7f5294cadaa0>,9,1,[3 6],10,35,36,25,13
1,<environment.Job instance at 0x7f5294cad050>,13,2,[4 5],14,36,38,22,14
1,<environment.Job instance at 0x7f5294d8b320>,15,3,[2 6],16,41,44,25,16
1,<environment.Job instance at 0x7f5294d8ba50>,16,13,[1 6],17,41,54,24,25
1,<environment.Job instance at 0x7f5294cadc30>,12,12,[9 3],13,38,50,25,27
1,<environment.Job instance at 0x7f5294cad2d0>,10,19,[9 2],11,50,69,39,41
1,<environment.Job instance at 0x7f5294d8b230>,19,12,[ 2 10],20,54,66,34,41
1,<environment.Job instance at 0x7f5294d8b820>,20,14,[10  4],21,69,83,48,54
1,<environment.Job instance at 0x7f5294d8b910>,21,20,[5 2],22,66,86,44,57
1,<environment.Job instance at 0x7f5294d8b5f0>,27,12,[10  4],28,83,95,55,66
1,<environment.Job instance at 0x7f5294d36140>,30,3,[1 7],31,86,89,55,67
1,<environment.Job instance at 0x7f5293d005a0>,0,12,[11  1],1,1,13,0,1
1,<environment.Job instance at 0x7f5293d00460>,1,1,[7 3],2,13,14,11,2
1,<environment.Job instance at 0x7f5293d00aa0>,2,1,[2 7],3,3,4,0,3
1,<environment.Job instance at 0x7f5293d00140>,4,3,[7 1],5,13,16,8,5
1,<environment.Job instance at 0x7f5293d003c0>,5,1,[10  4],6,16,17,10,6
1,<environment.Job instance at 0x7f5293d00a50>,7,1,[4 9],8,8,9,0,8
1,<environment.Job instance at 0x7f5293d00820>,8,18,[4 6],9,14,32,5,9
1,<environment.Job instance at 0x7f5293d00640>,9,3,[8 4],10,17,20,7,10
1,<environment.Job instance at 0x7f5293d00be0>,10,12,[4 8],11,20,32,9,11
1,<environment.Job instance at 0x7f5293d00e10>,12,15,[6 4],13,32,47,19,18
1,<environment.Job instance at 0x7f5293d762d0>,15,15,[5 4],16,32,47,16,18
1,<environment.Job instance at 0x7f5293d76820>,19,17,[7 3],20,47,64,27,35
1,<environment.Job instance at 0x7f5293d766e0>,23,12,[ 2 10],24,47,59,23,36
1,<environment.Job instance at 0x7f5293d00230>,13,14,[13  1],14,64,78,50,49
1,<environment.Job instance at 0x7f5293d768c0>,25,3,[ 1 10],26,59,62,33,49
1,<environment.Job instance at 0x7f5293d769b0>,26,2,[ 3 10],27,62,64,35,50
1,<environment.Job instance at 0x7f5293d76370>,27,15,[2 5],28,64,79,36,55
1,<environment.Job instance at 0x7f5293d76780>,24,15,[4 8],25,78,93,53,67
1,<environment.Job instance at 0x7f5293d765a0>,29,15,[3 7],30,79,94,49,67
1,<environment.Job instance at 0x7f5293d605a0>,0,1,[7 4],1,1,2,0,1
1,<environment.Job instance at 0x7f5293d76af0>,2,20,[1 8],3,3,23,0,3
1,<environment.Job instance at 0x7f5294cf5550>,4,13,[5 9],5,23,36,18,7
1,<environment.Job instance at 0x7f5293d76190>,1,17,[7 2],2,19,36,17,19
1,<environment.Job instance at 0x7f5294cf5460>,3,12,[1 9],4,36,48,32,23
1,<environment.Job instance at 0x7f5294cf5cd0>,10,22,[5 5],11,36,58,25,30
1,<environment.Job instance at 0x7f5294cf56e0>,5,13,[1 7],6,48,61,42,33
1,<environment.Job instance at 0x7f5294cf55a0>,16,3,[4 6],17,58,61,41,33
1,<environment.Job instance at 0x7f5294cf5b40>,6,18,[7 4],7,61,79,54,50
1,<environment.Job instance at 0x7f5294cf5d70>,18,3,[5 3],19,50,53,31,50
1,<environment.Job instance at 0x7f5294cf5280>,19,2,[2 8],20,61,63,41,50
1,<environment.Job instance at 0x7f5294cf53c0>,15,18,[5 8],16,63,81,47,52
1,<environment.Job instance at 0x7f5294cf5fa0>,22,17,[7 4],23,79,96,56,67
1,<environment.Job instance at 0x7f5294cf5dc0>,17,16,[5 6],18,81,97,63,69
1,<environment.Job instance at 0x7f52951424b0>,0,13,[5 1],1,1,14,0,1
1,<environment.Job instance at 0x7f5295142d20>,1,2,[5 8],2,2,4,0,2
1,<environment.Job instance at 0x7f5295142410>,2,16,[ 4 10],3,4,20,1,3
1,<environment.Job instance at 0x7f52951422d0>,4,16,[4 9],5,20,36,15,8
1,<environment.Job instance at 0x7f5295142b40>,15,2,[2 5],16,16,18,0,16
1,<environment.Job instance at 0x7f5295137190>,14,15,[8 3],15,18,33,3,17
1,<environment.Job instance at 0x7f5295137a50>,17,12,[5 9],18,36,48,18,19
1,<environment.Job instance at 0x7f52951677d0>,21,12,[3 5],22,33,45,11,22
1,<environment.Job instance at 0x7f5295167a00>,24,13,[4 5],25,45,58,20,29
1,<environment.Job instance at 0x7f52951374b0>,16,12,[2 9],17,48,60,31,31
1,<environment.Job instance at 0x7f5295160c80>,27,1,[8 3],28,58,59,30,31
1,<environment.Job instance at 0x7f52951600a0>,28,12,[5 5],29,59,71,30,45
1,<environment.Job instance at 0x7f5295142190>,8,15,[ 4 10],9,60,75,51,47
1,<environment.Job instance at 0x7f5295160b90>,30,14,[5 4],31,71,85,40,56
1,<environment.Job instance at 0x7f5295160aa0>,26,16,[9 1],27,75,91,48,62
1,<environment.Job instance at 0x7f52943aadc0>,0,27,[3 7],1,2,29,1,2
1,<environment.Job instance at 0x7f52943aa460>,2,1,[8 3],3,3,4,0,3
1,<environment.Job instance at 0x7f52943aa6e0>,3,2,[ 1 11],4,29,31,25,4
1,<environment.Job instance at 0x7f52943aa5a0>,4,14,[6 3],5,5,19,0,5
1,<environment.Job instance at 0x7f52943aa820>,5,1,[8 2],6,19,20,13,6
1,<environment.Job instance at 0x7f52943aa640>,8,17,[6 5],9,31,48,22,19
1,<environment.Job instance at 0x7f52943aaaa0>,6,12,[4 6],7,31,43,24,19
1,<environment.Job instance at 0x7f52943aa870>,9,2,[2 7],10,20,22,10,19
1,<environment.Job instance at 0x7f52945c8fa0>,14,2,[ 4 10],15,43,45,28,25
1,<environment.Job instance at 0x7f52945c8050>,13,17,[5 5],14,45,62,31,33
1,<environment.Job instance at 0x7f52945c8640>,17,12,[5 7],18,48,60,30,33
1,<environment.Job instance at 0x7f52945c82d0>,18,16,[5 6],19,60,76,41,47
1,<environment.Job instance at 0x7f52945c8960>,19,14,[3 5],20,62,76,42,47
1,<environment.Job instance at 0x7f52945c8be0>,22,14,[8 2],23,76,90,53,61
1,<environment.Job instance at 0x7f52945c85f0>,23,20,[ 5 10],24,76,96,52,67
1,<environment.Job instance at 0x7f5294abab90>,1,13,[7 2],2,2,15,0,2
1,<environment.Job instance at 0x7f5293c33c30>,3,3,[1 5],4,4,7,0,4
1,<environment.Job instance at 0x7f5293c33e10>,4,15,[1 8],5,5,20,0,5
1,<environment.Job instance at 0x7f5293c33f00>,5,15,[ 1 10],6,20,35,14,6
1,<environment.Job instance at 0x7f5293c33cd0>,6,3,[5 8],7,35,38,28,9
1,<environment.Job instance at 0x7f5293c37190>,9,18,[8 3],10,15,33,5,10
1,<environment.Job instance at 0x7f5293c373c0>,11,2,[2 8],12,38,40,26,12
1,<environment.Job instance at 0x7f5293c370f0>,12,3,[7 4],13,33,36,20,13
1,<environment.Job instance at 0x7f5293c37550>,13,15,[ 1 10],14,40,55,26,26
1,<environment.Job instance at 0x7f5293c37960>,18,16,[3 8],19,55,71,36,42
1,<environment.Job instance at 0x7f5293c37aa0>,20,3,[9 1],21,42,45,21,42
1,<environment.Job instance at 0x7f5293c37b40>,21,15,[1 5],22,45,60,23,42
1,<environment.Job instance at 0x7f5293c37be0>,22,1,[5 3],23,42,43,19,42
1,<environment.Job instance at 0x7f5293c37c80>,23,18,[1 6],24,60,78,36,49
1,<environment.Job instance at 0x7f5293c37a00>,19,16,[2 7],20,71,87,51,58
1,<environment.Job instance at 0x7f5293c37d20>,24,27,[7 2],25,71,98,46,69
1,<environment.Job instance at 0x7f5293c37d70>,26,1,[2 5],27,78,79,51,69
1,<environment.Job instance at 0x7f5293c2cc80>,0,15,[5 3],1,1,16,0,1
1,<environment.Job instance at 0x7f5293c37d70>,2,1,[3 9],3,3,4,0,3
1,<environment.Job instance at 0x7f52942844b0>,4,2,[ 3 10],5,5,7,0,5
1,<environment.Job instance at 0x7f5294284780>,5,17,[5 8],6,7,24,1,6
1,<environment.Job instance at 0x7f529498d910>,6,14,[9 2],7,16,30,9,7
1,<environment.Job instance at 0x7f529498d460>,7,2,[ 4 12],8,24,26,16,8
1,<environment.Job instance at 0x7f5294aa0460>,9,3,[3 6],10,26,29,16,11
1,<environment.Job instance at 0x7f5294e3f0f0>,11,13,[8 5],12,30,43,18,14
1,<environment.Job instance at 0x7f529498dbe0>,12,2,[7 3],13,30,32,17,15
1,<environment.Job instance at 0x7f529498da50>,10,3,[1 6],11,26,29,15,16
1,<environment.Job instance at 0x7f5294e3fd70>,14,15,[4 8],15,32,47,17,18
1,<environment.Job instance at 0x7f5294e3fc80>,20,18,[8 1],21,43,61,22,32
1,<environment.Job instance at 0x7f5294e3fc30>,21,17,[3 8],22,47,64,25,35
1,<environment.Job instance at 0x7f5294e3f550>,23,16,[5 1],24,61,77,37,48
1,<environment.Job instance at 0x7f5294a26e10>,27,17,[5 7],28,64,81,36,52
1,<environment.Job instance at 0x7f5294a26eb0>,28,15,[2 7],29,64,79,35,52
1,<environment.Job instance at 0x7f5294a26e60>,29,18,[1 8],30,79,97,49,68
1,<environment.Job instance at 0x7f5294a26a50>,30,13,[4 5],31,81,94,50,68
1,<environment.Job instance at 0x7f5294a26c80>,39,13,[9 2],40,81,94,41,69
1,<environment.Job instance at 0x7f52938e4320>,0,16,[2 6],1,1,17,0,1
1,<environment.Job instance at 0x7f529514d230>,3,17,[5 3],4,4,21,0,4
1,<environment.Job instance at 0x7f52941b8690>,5,13,[1 8],6,17,30,11,6
1,<environment.Job instance at 0x7f52941b8820>,6,16,[10  3],7,21,37,14,8
1,<environment.Job instance at 0x7f52941b8140>,11,16,[7 2],12,37,53,25,24
1,<environment.Job instance at 0x7f52941b8b40>,12,15,[5 9],13,30,45,17,24
1,<environment.Job instance at 0x7f52941b8730>,13,15,[5 2],14,45,60,31,31
1,<environment.Job instance at 0x7f52941b85f0>,14,28,[ 4 10],15,53,81,38,52
1,<environment.Job instance at 0x7f529480b8c0>,15,2,[1 6],16,81,83,65,54
1,<environment.Job instance at 0x7f52941b8500>,10,19,[10  4],11,65,84,54,65
1,<environment.Job instance at 0x7f52941bb230>,21,13,[5 7],22,83,96,61,67
1,<environment.Job instance at 0x7f52941bbbe0>,23,12,[5 5],24,84,96,60,67
1,<environment.Job instance at 0x7f5294ac5550>,1,1,[4 8],2,2,3,0,2
1,<environment.Job instance at 0x7f5294d13910>,2,1,[2 5],3,3,4,0,3
1,<environment.Job instance at 0x7f529450faf0>,3,17,[9 3],4,4,21,0,4
1,<environment.Job instance at 0x7f529da27370>,4,15,[8 3],5,21,36,16,8
1,<environment.Job instance at 0x7f529450f960>,0,26,[3 8],1,9,35,8,9
1,<environment.Job instance at 0x7f529da27320>,7,21,[5 1],8,35,56,27,27
1,<environment.Job instance at 0x7f52942db1e0>,5,17,[10  5],6,36,53,30,27
1,<environment.Job instance at 0x7f529501b2d0>,12,20,[5 7],13,53,73,40,44
1,<environment.Job instance at 0x7f529501b5a0>,13,14,[5 1],14,53,67,39,44
1,<environment.Job instance at 0x7f52950bad20>,17,18,[ 5 10],18,73,91,55,62
1,<environment.Job instance at 0x7f5294fc5280>,0,1,[5 6],1,1,2,0,1
1,<environment.Job instance at 0x7f52950bad20>,2,3,[7 2],3,3,6,0,3
1,<environment.Job instance at 0x7f52943274b0>,1,1,[2 6],2,4,5,2,4
1,<environment.Job instance at 0x7f529472d230>,3,3,[3 6],4,4,7,0,4
1,<environment.Job instance at 0x7f52947bfeb0>,4,14,[4 5],5,5,19,0,5
1,<environment.Job instance at 0x7f5293afb9b0>,5,17,[3 7],6,7,24,1,7
1,<environment.Job instance at 0x7f5293afb0a0>,6,2,[9 4],7,19,21,12,7
1,<environment.Job instance at 0x7f52940e77d0>,10,13,[ 5 10],11,24,37,13,11
1,<environment.Job instance at 0x7f5293d876e0>,7,1,[14  1],8,37,38,29,14
1,<environment.Job instance at 0x7f52940e7e60>,9,16,[3 5],10,21,37,11,15
1,<environment.Job instance at 0x7f5294232fa0>,15,1,[4 6],16,38,39,22,17
1,<environment.Job instance at 0x7f5294232be0>,17,2,[2 9],18,38,40,20,18
1,<environment.Job instance at 0x7f529458b280>,18,3,[3 5],19,39,42,20,19
1,<environment.Job instance at 0x7f529458b140>,19,2,[7 5],20,40,42,20,20
1,<environment.Job instance at 0x7f5294232500>,21,14,[ 1 10],22,42,56,20,27
1,<environment.Job instance at 0x7f529458b780>,22,2,[5 8],23,56,58,33,29
1,<environment.Job instance at 0x7f529458b410>,23,3,[9 1],24,42,45,18,29
1,<environment.Job instance at 0x7f529458beb0>,24,3,[1 8],25,58,61,33,32
1,<environment.Job instance at 0x7f529458b6e0>,20,13,[9 4],21,45,58,24,32
1,<environment.Job instance at 0x7f529458b2d0>,28,13,[5 5],29,58,71,29,42
1,<environment.Job instance at 0x7f52951938c0>,29,14,[3 7],30,61,75,31,47
1,<environment.Job instance at 0x7f52944ed9b0>,33,12,[4 6],34,71,83,37,60
1,<environment.Job instance at 0x7f529492c370>,12,13,[11  4],13,75,88,62,60
1,<environment.Job instance at 0x7f52941753c0>,0,13,[9 3],1,1,14,0,1
1,<environment.Job instance at 0x7f52941756e0>,1,13,[5 1],2,2,15,0,2
1,<environment.Job instance at 0x7f52941759b0>,2,2,[10  5],3,14,16,11,3
1,<environment.Job instance at 0x7f5294175500>,3,14,[5 8],4,15,29,11,4
1,<environment.Job instance at 0x7f5294175d20>,5,12,[5 2],6,16,28,10,8
1,<environment.Job instance at 0x7f5294938aa0>,11,12,[2 9],12,29,41,17,12
1,<environment.Job instance at 0x7f5294938960>,12,1,[8 2],13,28,29,15,13
1,<environment.Job instance at 0x7f5294938eb0>,10,17,[ 4 10],11,41,58,30,29
1,<environment.Job instance at 0x7f5294938140>,14,12,[3 8],15,58,70,43,41
1,<environment.Job instance at 0x7f5294938b90>,16,17,[7 5],17,41,58,24,41
1,<environment.Job instance at 0x7f529491ec80>,19,13,[2 7],20,58,71,38,42
1,<environment.Job instance at 0x7f529491e320>,21,18,[4 6],22,70,88,48,59
1,<environment.Job instance at 0x7f5294938050>,4,14,[4 8],5,71,85,66,59
1,<environment.Job instance at 0x7f529491e230>,25,13,[1 5],26,85,98,59,69
1,<environment.Job instance at 0x7f52939739b0>,1,15,[ 3 10],2,2,17,0,2
1,<environment.Job instance at 0x7f529491e280>,2,2,[3 6],3,17,19,14,3
1,<environment.Job instance at 0x7f52944d0a00>,3,13,[4 6],4,17,30,13,4
1,<environment.Job instance at 0x7f52944d0690>,4,14,[5 3],5,5,19,0,5
1,<environment.Job instance at 0x7f52944d00a0>,5,2,[5 8],6,19,21,13,6
1,<environment.Job instance at 0x7f52944d0e60>,6,1,[ 4 10],7,30,31,23,7
1,<environment.Job instance at 0x7f52944d0b90>,12,17,[7 2],13,21,38,8,13
1,<environment.Job instance at 0x7f52944d0cd0>,14,1,[4 6],15,21,22,6,15
1,<environment.Job instance at 0x7f52944d0d70>,13,15,[3 6],14,31,46,17,17
1,<environment.Job instance at 0x7f52938f31e0>,18,18,[2 6],19,31,49,12,20
1,<environment.Job instance at 0x7f52938f3e10>,19,17,[5 4],20,46,63,26,34
1,<environment.Job instance at 0x7f52938f3a50>,20,17,[1 5],21,46,63,25,34
1,<environment.Job instance at 0x7f52938f38c0>,21,13,[4 8],22,63,76,41,47
1,<environment.Job instance at 0x7f52938f3690>,22,17,[8 5],23,49,66,26,47
1,<environment.Job instance at 0x7f52938f3f50>,24,15,[5 8],25,76,91,51,62
1,<environment.Job instance at 0x7f52938f3870>,25,18,[2 5],26,66,84,40,63
1,<environment.Job instance at 0x7f52948d8910>,0,13,[4 7],1,1,14,0,1
1,<environment.Job instance at 0x7f52948d8e10>,1,1,[2 8],2,2,3,0,2
1,<environment.Job instance at 0x7f52938f3460>,2,14,[10  5],3,3,17,0,3
1,<environment.Job instance at 0x7f5293db99b0>,3,2,[8 4],4,17,19,13,6
1,<environment.Job instance at 0x7f5294736230>,6,13,[ 3 13],7,19,32,12,8
1,<environment.Job instance at 0x7f5293da6c30>,9,16,[3 5],10,32,48,22,19
1,<environment.Job instance at 0x7f5293da6b40>,13,16,[7 4],14,32,48,18,19
1,<environment.Job instance at 0x7f5293da6a00>,14,12,[5 3],15,32,44,17,21
1,<environment.Job instance at 0x7f52939c30f0>,17,15,[10  2],18,48,63,30,34
1,<environment.Job instance at 0x7f52939c3140>,18,13,[6 5],19,63,76,44,47
1,<environment.Job instance at 0x7f5294736d20>,8,12,[2 8],9,48,60,39,47
1,<environment.Job instance at 0x7f52939c35a0>,20,18,[6 1],21,63,81,42,52
1,<environment.Job instance at 0x7f52939c35f0>,22,13,[2 7],23,60,73,37,52
1,<environment.Job instance at 0x7f52939c39b0>,24,17,[2 5],25,73,90,48,61
1,<environment.Job instance at 0x7f52939c3a50>,25,22,[4 5],26,76,98,50,69
1,<environment.Job instance at 0x7f52939c3a00>,27,13,[6 1],28,81,94,53,69
1,<environment.Job instance at 0x7f5295237c30>,0,13,[7 2],1,1,14,0,1
1,<environment.Job instance at 0x7f52939c3aa0>,1,16,[5 8],2,2,18,0,2
1,<environment.Job instance at 0x7f52944d0730>,2,14,[4 5],3,14,28,11,3
1,<environment.Job instance at 0x7f529e022fa0>,4,2,[6 2],5,14,16,9,6
1,<environment.Job instance at 0x7f52944d0910>,5,17,[5 4],6,18,35,12,6
1,<environment.Job instance at 0x7f52945f7d70>,6,2,[ 2 10],7,28,30,21,8
1,<environment.Job instance at 0x7f52945f7af0>,10,2,[11  1],11,35,37,24,11
1,<environment.Job instance at 0x7f5294841b40>,9,3,[3 5],10,11,14,1,11
1,<environment.Job instance at 0x7f52948416e0>,8,14,[9 3],9,37,51,28,22
1,<environment.Job instance at 0x7f52939c3a00>,3,22,[ 3 10],4,30,52,26,26
1,<environment.Job instance at 0x7f52948bea50>,14,2,[ 1 11],15,52,54,37,26
1,<environment.Job instance at 0x7f52945f7f00>,7,14,[7 3],8,51,65,43,37
1,<environment.Job instance at 0x7f5293fd0b90>,15,12,[3 6],16,54,66,38,37
1,<environment.Job instance at 0x7f529478efa0>,17,17,[5 3],18,54,71,36,45
1,<environment.Job instance at 0x7f5293fd0af0>,13,14,[11  2],14,71,85,57,56
1,<environment.Job instance at 0x7f52949500f0>,19,2,[5 6],20,65,67,45,56
1,<environment.Job instance at 0x7f5294950e10>,20,2,[8 2],21,67,69,46,56
1,<environment.Job instance at 0x7f5294950730>,21,2,[9 4],22,69,71,47,56
1,<environment.Job instance at 0x7f5294950190>,22,1,[4 8],23,71,72,48,56
1,<environment.Job instance at 0x7f5293c54dc0>,23,3,[5 3],24,85,88,61,59
1,<environment.Job instance at 0x7f5293c54320>,24,3,[6 2],25,85,88,60,59
1,<environment.Job instance at 0x7f529d87c960>,25,14,[4 9],26,72,86,46,59
1,<environment.Job instance at 0x7f5294d37780>,0,2,[4 8],1,1,3,0,1
1,<environment.Job instance at 0x7f529d87ca50>,1,12,[ 5 10],2,3,15,1,2
1,<environment.Job instance at 0x7f5293adde10>,2,1,[2 8],3,15,16,12,4
1,<environment.Job instance at 0x7f529d87c960>,3,1,[7 2],4,4,5,0,4
1,<environment.Job instance at 0x7f5293add5f0>,4,13,[11  5],5,15,28,10,5
1,<environment.Job instance at 0x7f5293add0f0>,5,2,[10  2],6,6,8,0,6
1,<environment.Job instance at 0x7f5293addeb0>,6,3,[3 7],7,16,19,9,7
1,<environment.Job instance at 0x7f5293add6e0>,7,18,[4 9],8,19,37,11,8
1,<environment.Job instance at 0x7f5293addd20>,8,12,[5 2],9,28,40,19,11
1,<environment.Job instance at 0x7f5293add190>,11,1,[1 6],12,37,38,25,12
1,<environment.Job instance at 0x7f5293add550>,9,3,[7 3],10,12,15,2,12
1,<environment.Job instance at 0x7f5293add140>,14,12,[9 4],15,37,49,22,20
1,<environment.Job instance at 0x7f5293addb90>,16,17,[1 7],17,38,55,21,26
1,<environment.Job instance at 0x7f5293addf00>,17,18,[5 1],18,40,58,22,29
1,<environment.Job instance at 0x7f5294fb27d0>,20,13,[5 8],21,55,68,34,39
1,<environment.Job instance at 0x7f5294fb20f0>,21,15,[7 4],22,58,73,36,44
1,<environment.Job instance at 0x7f5294fb2a00>,24,13,[6 2],25,68,81,43,52
1,<environment.Job instance at 0x7f5293add500>,12,16,[3 6],13,73,89,60,60
1,<environment.Job instance at 0x7f5294d94e10>,0,3,[ 3 14],1,2,5,1,2
1,<environment.Job instance at 0x7f529412c960>,1,1,[4 5],2,5,6,3,2
1,<environment.Job instance at 0x7f5293add500>,2,13,[13  2],3,6,19,3,4
1,<environment.Job instance at 0x7f52944f3eb0>,4,3,[5 7],5,19,22,14,7
1,<environment.Job instance at 0x7f52944f3f50>,6,3,[4 9],7,22,25,15,7
1,<environment.Job instance at 0x7f52944f3e10>,5,1,[3 5],6,19,20,13,7
1,<environment.Job instance at 0x7f52944e0230>,8,3,[ 4 10],9,25,28,16,9
1,<environment.Job instance at 0x7f52944e0410>,10,3,[5 8],11,28,31,17,12
1,<environment.Job instance at 0x7f52944e0640>,13,2,[6 4],14,20,22,6,14
1,<environment.Job instance at 0x7f52944e0910>,14,3,[ 4 10],15,31,34,16,15
1,<environment.Job instance at 0x7f52944e0140>,15,3,[11  4],16,22,25,6,16
1,<environment.Job instance at 0x7f52944e08c0>,16,13,[2 9],17,34,47,17,18
1,<environment.Job instance at 0x7f52944e05f0>,11,2,[6 5],12,25,27,13,18
1,<environment.Job instance at 0x7f52944e0dc0>,18,12,[2 9],19,47,59,28,30
1,<environment.Job instance at 0x7f52944e0be0>,20,16,[5 9],21,59,75,38,46
1,<environment.Job instance at 0x7f52944e0e10>,21,18,[2 6],22,46,64,24,46
1,<environment.Job instance at 0x7f52944e0aa0>,17,14,[2 6],18,64,78,46,50
1,<environment.Job instance at 0x7f52944e0fa0>,22,18,[6 5],23,75,93,52,64
1,<environment.Job instance at 0x7f52944e0f00>,24,14,[1 7],25,78,92,53,65
1,<environment.Job instance at 0x7f52944e0f50>,23,17,[5 2],24,75,92,51,65
1,<environment.Job instance at 0x7f5293f128c0>,0,12,[2 5],1,1,13,0,1
1,<environment.Job instance at 0x7f52944bf0a0>,1,2,[3 6],2,2,4,0,2
1,<environment.Job instance at 0x7f52944e0f50>,3,17,[6 2],4,4,21,0,4
1,<environment.Job instance at 0x7f5293f12e60>,4,1,[6 4],5,5,6,0,5
1,<environment.Job instance at 0x7f52951fb140>,8,17,[ 1 10],9,13,30,4,9
1,<environment.Job instance at 0x7f52951fb4b0>,9,2,[7 3],10,10,12,0,10
1,<environment.Job instance at 0x7f52951fb820>,11,3,[3 7],12,30,33,18,12
1,<environment.Job instance at 0x7f52951fb320>,12,1,[ 3 10],13,33,34,20,13
1,<environment.Job instance at 0x7f52951fb0a0>,13,18,[7 5],14,21,39,7,14
1,<environment.Job instance at 0x7f5293f12fa0>,17,3,[ 5 11],18,39,42,21,18
1,<environment.Job instance at 0x7f52944d5e10>,18,2,[ 1 10],19,34,36,15,19
1,<environment.Job instance at 0x7f529418a960>,15,15,[10  3],16,39,54,23,26
1,<environment.Job instance at 0x7f52950ed460>,19,13,[ 5 10],20,42,55,22,26
1,<environment.Job instance at 0x7f52951ee6e0>,21,3,[6 4],22,36,39,14,27
1,<environment.Job instance at 0x7f52951fb370>,14,14,[5 5],15,54,68,39,39
1,<environment.Job instance at 0x7f5294797be0>,23,3,[5 6],24,55,58,31,39
1,<environment.Job instance at 0x7f529508ef50>,24,3,[6 4],25,58,61,33,39
1,<environment.Job instance at 0x7f5293c7b1e0>,25,2,[13  1],26,68,70,42,41
1,<environment.Job instance at 0x7f5293fe3b40>,26,3,[3 8],27,61,64,34,41
1,<environment.Job instance at 0x7f5294657730>,16,3,[ 1 10],17,64,67,47,41
1,<environment.Job instance at 0x7f5293b81280>,28,1,[5 5],29,67,68,38,41
1,<environment.Job instance at 0x7f5294d1e320>,27,14,[1 6],28,68,82,40,56
1,<environment.Job instance at 0x7f5293b81d20>,31,3,[ 5 10],32,82,85,50,56
1,<environment.Job instance at 0x7f52944016e0>,22,20,[6 5],23,70,90,47,61
1,<environment.Job instance at 0x7f529d7c0cd0>,0,16,[5 5],1,1,17,0,1
1,<environment.Job instance at 0x7f529d7c0dc0>,5,14,[8 1],6,6,20,0,6
1,<environment.Job instance at 0x7f529d7c01e0>,6,15,[9 4],7,20,35,13,7
1,<environment.Job instance at 0x7f529508eaf0>,1,2,[6 2],2,17,19,15,8
1,<environment.Job instance at 0x7f5293afe640>,13,3,[4 7],14,19,22,5,14
1,<environment.Job instance at 0x7f5293afe370>,12,14,[6 3],13,22,36,9,14
1,<environment.Job instance at 0x7f5293afecd0>,17,2,[5 9],18,35,37,17,18
1,<environment.Job instance at 0x7f5293afec30>,18,12,[4 8],19,37,49,18,20
1,<environment.Job instance at 0x7f5293afef50>,19,1,[2 6],20,36,37,16,20
1,<environment.Job instance at 0x7f5293afe3c0>,20,12,[3 5],21,37,49,16,21
1,<environment.Job instance at 0x7f5293afec80>,21,3,[1 9],22,49,52,27,23
1,<environment.Job instance at 0x7f5293afef00>,16,15,[2 9],17,52,67,35,38
1,<environment.Job instance at 0x7f5293afe230>,24,16,[4 9],25,67,83,42,54
1,<environment.Job instance at 0x7f5293afe780>,25,18,[9 4],26,54,72,28,54
1,<environment.Job instance at 0x7f5293a8b5a0>,31,16,[6 5],32,72,88,40,59
1,<environment.Job instance at 0x7f5293a2e050>,0,16,[4 6],1,1,17,0,1
1,<environment.Job instance at 0x7f5293a2eb90>,1,13,[8 5],2,2,15,0,2
1,<environment.Job instance at 0x7f52938822d0>,4,13,[2 6],5,15,28,10,5
1,<environment.Job instance at 0x7f52946667d0>,5,16,[7 1],6,15,31,9,6
1,<environment.Job instance at 0x7f5294666820>,6,13,[3 5],7,17,30,10,8
1,<environment.Job instance at 0x7f529401e870>,9,13,[8 5],10,30,43,20,14
1,<environment.Job instance at 0x7f529401e640>,11,16,[1 6],12,31,47,19,18
1,<environment.Job instance at 0x7f5293a300f0>,17,18,[4 9],18,43,61,25,32
1,<environment.Job instance at 0x7f5293a30230>,19,16,[5 8],20,61,77,41,48
1,<environment.Job instance at 0x7f5294c742d0>,23,18,[4 5],24,48,66,24,48
1,<environment.Job instance at 0x7f5293af6f50>,24,14,[5 1],25,48,62,23,48
1,<environment.Job instance at 0x7f5294e2c280>,25,17,[10  1],26,66,83,40,55
1,<environment.Job instance at 0x7f5294c6ad70>,10,13,[3 8],11,77,90,66,62
1,<environment.Job instance at 0x7f836b59f320>,1,1,[3 7],2,2,3,0,2
1,<environment.Job instance at 0x7f8361e27410>,2,13,[10  1],3,3,16,0,3
1,<environment.Job instance at 0x7f8361e275f0>,3,17,[ 5 10],4,4,21,0,4
1,<environment.Job instance at 0x7f8361e276e0>,4,1,[5 6],5,21,22,16,5
1,<environment.Job instance at 0x7f8361e277d0>,5,12,[1 7],6,21,33,15,6
1,<environment.Job instance at 0x7f8361e278c0>,6,1,[9 5],7,16,17,9,7
1,<environment.Job instance at 0x7f8361e27960>,7,16,[5 8],8,22,38,14,9
1,<environment.Job instance at 0x7f8361e27b90>,11,3,[5 5],12,17,20,5,12
1,<environment.Job instance at 0x7f836b59f1e0>,8,16,[1 8],9,38,54,29,25
1,<environment.Job instance at 0x7f8361e27d20>,13,15,[7 4],14,33,48,19,25
1,<environment.Job instance at 0x7f8361e27b40>,10,12,[5 5],11,48,60,37,32
1,<environment.Job instance at 0x7f8361e27e10>,14,18,[1 6],15,54,72,39,43
1,<environment.Job instance at 0x7f8361e27fa0>,17,2,[3 5],18,60,62,42,43
1,<environment.Job instance at 0x7f8361e29050>,18,12,[1 8],19,62,74,43,45
1,<environment.Job instance at 0x7f8361e291e0>,20,14,[4 8],21,74,88,53,59
1,<environment.Job instance at 0x7f8361e29460>,24,2,[6 5],25,72,74,47,59
1,<environment.Job instance at 0x7f8361e29690>,26,16,[9 1],27,74,90,47,61
1,<environment.Job instance at 0x7f8361e29960>,29,18,[5 1],30,88,106,58,77
1,<environment.Job instance at 0x7f8361e29a00>,30,3,[6 5],31,90,93,59,77
1,<environment.Job instance at 0x7f8361e29aa0>,31,15,[5 5],32,93,108,61,79
1,<environment.Job instance at 0x7f8361e29b40>,33,15,[5 3],34,93,108,59,79
1,<environment.Job instance at 0x7f8361e30050>,1,15,[9 5],2,2,17,0,2
1,<environment.Job instance at 0x7f8361e29cd0>,2,12,[9 3],3,17,29,14,3
1,<environment.Job instance at 0x7f8361ea1640>,3,2,[4 5],4,4,6,0,4
1,<environment.Job instance at 0x7f8361ea1cd0>,4,18,[ 2 10],5,6,24,1,5
1,<environment.Job instance at 0x7f8361ea14b0>,5,3,[2 6],6,24,27,18,6
1,<environment.Job instance at 0x7f8361ea1690>,9,12,[ 2 10],10,27,39,17,10
1,<environment.Job instance at 0x7f8361ea1320>,10,14,[10  4],11,29,43,18,16
1,<environment.Job instance at 0x7f8361ea1eb0>,11,20,[5 2],12,39,59,27,30
1,<environment.Job instance at 0x7f8361f04960>,12,1,[10  2],13,43,44,30,30
1,<environment.Job instance at 0x7f8361f04aa0>,13,1,[9 2],14,44,45,30,30
1,<environment.Job instance at 0x7f8361f049b0>,14,1,[ 1 14],15,59,60,44,31
1,<environment.Job instance at 0x7f8361f040a0>,15,3,[5 7],16,45,48,29,31
1,<environment.Job instance at 0x7f8361f04370>,16,1,[3 8],17,48,49,31,31
1,<environment.Job instance at 0x7f8361f041e0>,17,12,[10  4],18,60,72,42,44
1,<environment.Job instance at 0x7f8361f04190>,18,12,[13  2],19,72,84,53,55
1,<environment.Job instance at 0x7f8361f04f00>,19,3,[ 5 12],20,55,58,35,55
1,<environment.Job instance at 0x7f8361f04820>,20,3,[1 7],21,60,63,39,55
1,<environment.Job instance at 0x7f8361ea1f50>,6,13,[1 6],7,63,76,56,56
1,<environment.Job instance at 0x7f8361e29b40>,7,18,[6 5],8,84,102,76,73
1,<environment.Job instance at 0x7f8361f04fa0>,23,12,[9 2],24,84,96,60,73
1,<environment.Job instance at 0x7f83614d5b90>,0,3,[ 5 12],1,1,4,0,1
1,<environment.Job instance at 0x7f8361f04640>,1,2,[ 2 10],2,4,6,2,2
1,<environment.Job instance at 0x7f836148f230>,2,1,[5 2],3,3,4,0,3
1,<environment.Job instance at 0x7f836148f870>,3,12,[ 2 10],4,6,18,2,4
1,<environment.Job instance at 0x7f836148ffa0>,4,15,[4 8],5,18,33,13,5
1,<environment.Job instance at 0x7f836148f190>,5,3,[ 1 10],6,33,36,27,7
1,<environment.Job instance at 0x7f836148fe10>,7,15,[2 5],8,8,23,0,8
1,<environment.Job instance at 0x7f8361f04230>,6,2,[ 3 10],7,36,38,29,9
1,<environment.Job instance at 0x7f836148fd20>,13,16,[2 8],14,38,54,24,25
1,<environment.Job instance at 0x7f836148fa00>,14,3,[13  5],15,33,36,18,25
1,<environment.Job instance at 0x7f836148fcd0>,15,17,[1 5],16,36,53,20,25
1,<environment.Job instance at 0x7f836148f140>,16,21,[5 2],17,38,59,21,30
1,<environment.Job instance at 0x7f836148f730>,17,1,[3 7],18,30,31,12,30
1,<environment.Job instance at 0x7f836148f1e0>,18,12,[5 5],19,53,65,34,36
1,<environment.Job instance at 0x7f836148fd70>,19,13,[2 7],20,54,67,34,38
1,<environment.Job instance at 0x7f8361511a50>,20,13,[4 9],21,67,80,46,51
1,<environment.Job instance at 0x7f836148fb90>,8,18,[7 3],9,59,77,50,55
1,<environment.Job instance at 0x7f83615119b0>,22,2,[6 1],23,65,67,42,55
1,<environment.Job instance at 0x7f8361511e60>,23,3,[10  3],24,77,80,53,56
1,<environment.Job instance at 0x7f83615111e0>,24,1,[8 3],25,80,81,55,56
1,<environment.Job instance at 0x7f8361511c80>,25,2,[6 4],26,80,82,54,57
1,<environment.Job instance at 0x7f8361511730>,26,14,[6 1],27,81,95,54,67
1,<environment.Job instance at 0x7f8361511f50>,27,12,[4 8],28,82,94,54,67
1,<environment.Job instance at 0x7f83619a9a00>,0,2,[7 2],1,1,3,0,1
1,<environment.Job instance at 0x7f8361f04b90>,1,15,[6 4],2,2,17,0,2
1,<environment.Job instance at 0x7f8361f04eb0>,2,2,[9 4],3,4,6,1,4
1,<environment.Job instance at 0x7f8361aff3c0>,3,3,[1 9],4,6,9,2,4
1,<environment.Job instance at 0x7f8361f040a0>,4,3,[5 1],5,6,9,1,5
1,<environment.Job instance at 0x7f8361f04370>,5,16,[3 7],6,9,25,3,6
1,<environment.Job instance at 0x7f8361f043c0>,8,15,[9 1],9,17,32,8,9
1,<environment.Job instance at 0x7f8362500550>,11,2,[10  5],12,32,34,20,13
1,<environment.Job instance at 0x7f836b6301e0>,12,2,[9 4],13,34,36,21,13
1,<environment.Job instance at 0x7f8361a801e0>,13,1,[2 6],14,17,18,3,17
1,<environment.Job instance at 0x7f836156feb0>,14,1,[3 6],15,18,19,3,17
1,<environment.Job instance at 0x7f836156ff50>,15,3,[4 5],16,25,28,9,17
1,<environment.Job instance at 0x7f8361f04af0>,6,1,[1 5],7,19,20,12,18
1,<environment.Job instance at 0x7f8361968d20>,17,3,[5 5],18,28,31,10,18
1,<environment.Job instance at 0x7f8361f04050>,9,16,[7 4],10,36,52,26,23
1,<environment.Job instance at 0x7f8361512730>,21,14,[2 5],22,31,45,9,23
1,<environment.Job instance at 0x7f8361968370>,18,3,[8 2],19,45,48,26,23
1,<environment.Job instance at 0x7f836193af00>,23,1,[3 7],24,24,25,0,24
1,<environment.Job instance at 0x7f83619283c0>,27,14,[4 9],28,48,62,20,34
1,<environment.Job instance at 0x7f8361928f00>,28,14,[10  4],29,52,66,23,37
1,<environment.Job instance at 0x7f8362500730>,10,13,[ 3 10],11,62,75,51,46
1,<environment.Job instance at 0x7f8361635d20>,31,1,[7 4],32,66,67,34,65
1,<environment.Job instance at 0x7f83622ce960>,30,14,[4 9],31,75,89,44,65
1,<environment.Job instance at 0x7f83618ed550>,35,14,[4 8],36,89,103,53,74
1,<environment.Job instance at 0x7f83618edc80>,36,12,[8 4],37,74,86,37,74
1,<environment.Job instance at 0x7f8361859a50>,37,19,[5 4],38,86,105,48,76
1,<environment.Job instance at 0x7f8361574eb0>,0,2,[10  2],1,1,3,0,1
1,<environment.Job instance at 0x7f8361574280>,1,1,[13  2],2,3,4,1,3
1,<environment.Job instance at 0x7f83621c2f00>,2,12,[6 4],3,4,16,1,3
1,<environment.Job instance at 0x7f8361c99e10>,3,13,[9 4],4,4,17,0,4
1,<environment.Job instance at 0x7f83613920f0>,4,18,[2 6],5,16,34,11,5
1,<environment.Job instance at 0x7f8361392370>,5,18,[5 9],6,17,35,11,6
1,<environment.Job instance at 0x7f8361392460>,6,3,[7 3],7,34,37,27,8
1,<environment.Job instance at 0x7f83613922d0>,7,2,[7 2],8,35,37,27,8
1,<environment.Job instance at 0x7f83613925a0>,8,2,[10  5],9,37,39,28,10
1,<environment.Job instance at 0x7f8361392640>,10,3,[1 7],11,35,38,24,11
1,<environment.Job instance at 0x7f83613928c0>,11,3,[8 1],12,39,42,27,13
1,<environment.Job instance at 0x7f8361392c80>,15,1,[9 1],16,42,43,26,19
1,<environment.Job instance at 0x7f8361392910>,17,2,[2 8],18,38,40,20,19
1,<environment.Job instance at 0x7f8361392e10>,18,2,[ 2 10],19,40,42,21,19
1,<environment.Job instance at 0x7f8361392af0>,14,12,[1 8],15,42,54,27,25
1,<environment.Job instance at 0x7f8361392d20>,16,12,[14  5],17,43,55,26,27
1,<environment.Job instance at 0x7f8361393280>,21,3,[1 5],22,54,57,32,28
1,<environment.Job instance at 0x7f8361393320>,22,3,[8 5],23,55,58,32,29
1,<environment.Job instance at 0x7f8361392c30>,19,13,[10  3],20,58,71,38,43
1,<environment.Job instance at 0x7f8361392b90>,13,17,[5 5],14,55,72,41,51
1,<environment.Job instance at 0x7f8361393190>,20,14,[8 5],21,71,85,50,56
1,<environment.Job instance at 0x7f8361393d20>,34,14,[6 3],35,72,86,37,60
1,<environment.Job instance at 0x7f8361393960>,36,12,[4 6],37,85,97,48,70
1,<environment.Job instance at 0x7f8361393230>,24,14,[10  1],25,86,100,61,73
1,<environment.Job instance at 0x7f8361393dc0>,39,2,[2 7],40,97,99,57,73
1,<environment.Job instance at 0x7f8362238640>,0,1,[3 5],1,1,2,0,1
1,<environment.Job instance at 0x7f83613960a0>,1,3,[2 5],2,2,5,0,2
1,<environment.Job instance at 0x7f8361393dc0>,3,3,[8 2],4,4,7,0,4
1,<environment.Job instance at 0x7f8362238690>,4,12,[ 5 10],5,5,17,0,5
1,<environment.Job instance at 0x7f83622388c0>,5,1,[4 9],6,17,18,11,6
1,<environment.Job instance at 0x7f8362238f50>,7,19,[5 3],8,8,27,0,8
1,<environment.Job instance at 0x7f8362238a50>,12,17,[2 9],13,18,35,5,14
1,<environment.Job instance at 0x7f83629736e0>,14,15,[2 9],15,35,50,20,21
1,<environment.Job instance at 0x7f83629738c0>,17,12,[7 5],18,27,39,9,21
1,<environment.Job instance at 0x7f8362973190>,18,17,[5 5],19,39,56,20,31
1,<environment.Job instance at 0x7f8362973320>,19,16,[1 7],20,50,66,30,37
1,<environment.Job instance at 0x7f8362973550>,20,17,[8 3],21,50,67,29,43
1,<environment.Job instance at 0x7f8362973370>,21,13,[7 2],22,66,79,44,50
1,<environment.Job instance at 0x7f83622385f0>,13,12,[2 9],14,67,79,53,56
1,<environment.Job instance at 0x7f8362973910>,25,15,[ 1 10],26,79,94,53,73
1,<environment.Job instance at 0x7f83613926e0>,1,15,[5 2],2,2,17,0,2
1,<environment.Job instance at 0x7f8362973140>,2,14,[14  5],3,17,31,14,4
1,<environment.Job instance at 0x7f8362973910>,3,15,[1 7],4,15,30,11,15
1,<environment.Job instance at 0x7f83622c0dc0>,4,13,[5 2],5,31,44,26,16
1,<environment.Job instance at 0x7f83622c06e0>,5,2,[9 1],6,31,33,25,16
1,<environment.Job instance at 0x7f83622c0a50>,6,2,[10  5],7,33,35,26,16
1,<environment.Job instance at 0x7f83622c04b0>,9,14,[8 3],10,35,49,25,20
1,<environment.Job instance at 0x7f83622c0eb0>,7,18,[1 7],8,35,53,27,33
1,<environment.Job instance at 0x7f83622c0410>,10,15,[5 3],11,44,59,33,34
1,<environment.Job instance at 0x7f8361800960>,16,14,[9 2],17,49,63,32,35
1,<environment.Job instance at 0x7f8361800aa0>,17,2,[ 4 12],18,59,61,41,35
1,<environment.Job instance at 0x7f83618003c0>,15,17,[5 8],16,61,78,45,49
1,<environment.Job instance at 0x7f8361800cd0>,21,13,[8 5],22,63,76,41,50
1,<environment.Job instance at 0x7f83618000f0>,24,15,[4 8],25,78,93,53,64
1,<environment.Job instance at 0x7f83622c05a0>,8,16,[9 4],9,76,92,67,72
1,<environment.Job instance at 0x7f836228bfa0>,0,16,[2 6],1,1,17,0,1
1,<environment.Job instance at 0x7f8362620e60>,3,17,[5 3],4,4,21,0,4
1,<environment.Job instance at 0x7f83615457d0>,4,22,[6 5],5,5,27,0,5
1,<environment.Job instance at 0x7f83615458c0>,5,13,[1 8],6,21,34,15,6
1,<environment.Job instance at 0x7f8361545cd0>,7,3,[8 4],8,27,30,19,8
1,<environment.Job instance at 0x7f83615453c0>,8,16,[5 9],9,34,50,25,21
1,<environment.Job instance at 0x7f836229ef50>,11,16,[7 2],12,30,46,18,21
1,<environment.Job instance at 0x7f83615760f0>,12,15,[5 9],13,50,65,37,36
1,<environment.Job instance at 0x7f8361576190>,13,15,[5 2],14,46,61,32,36
1,<environment.Job instance at 0x7f83619f0aa0>,9,17,[9 4],10,61,78,51,49
1,<environment.Job instance at 0x7f8361563410>,21,13,[5 7],22,65,78,43,49
1,<environment.Job instance at 0x7f8361563e10>,22,2,[5 1],23,49,51,26,49
1,<environment.Job instance at 0x7f8361de06e0>,23,12,[5 5],24,78,90,54,61
1,<environment.Job instance at 0x7f8361b30f50>,24,3,[ 5 10],25,78,81,53,61
1,<environment.Job instance at 0x7f8361563550>,25,12,[ 2 10],26,81,93,55,64
1,<environment.Job instance at 0x7f83615635a0>,26,2,[8 2],27,90,92,63,64
1,<environment.Job instance at 0x7f8361b1baa0>,28,13,[8 3],29,92,105,63,76
1,<environment.Job instance at 0x7f8361f555a0>,0,20,[ 3 10],1,1,21,0,1
1,<environment.Job instance at 0x7f8361f554b0>,3,14,[5 1],4,4,18,0,4
1,<environment.Job instance at 0x7f8361f55820>,4,3,[4 6],5,21,24,16,5
1,<environment.Job instance at 0x7f8361dda0f0>,1,1,[10  2],2,18,19,16,6
1,<environment.Job instance at 0x7f8361f55460>,5,2,[4 7],6,21,23,15,6
1,<environment.Job instance at 0x7f8361f55140>,9,3,[1 6],10,23,26,13,12
1,<environment.Job instance at 0x7f8361f550f0>,7,18,[ 5 10],8,26,44,18,15
1,<environment.Job instance at 0x7f8361f558c0>,11,17,[7 2],12,19,36,7,15
1,<environment.Job instance at 0x7f8361f71460>,14,15,[3 7],15,44,59,29,30
1,<environment.Job instance at 0x7f8361f71370>,15,17,[9 3],16,36,53,20,30
1,<environment.Job instance at 0x7f8361f55fa0>,6,1,[5 3],7,53,54,46,30
1,<environment.Job instance at 0x7f8361f71cd0>,21,3,[8 5],22,54,57,32,30
1,<environment.Job instance at 0x7f8361f71500>,23,12,[9 5],24,57,69,33,40
1,<environment.Job instance at 0x7f8361f71b40>,25,17,[5 8],26,59,76,33,47
1,<environment.Job instance at 0x7f8361f711e0>,26,16,[9 2],27,69,85,42,56
1,<environment.Job instance at 0x7f8361f6f7d0>,27,15,[2 6],28,76,91,48,62
1,<environment.Job instance at 0x7f8361f6f820>,28,12,[9 5],29,85,97,56,68
1,<environment.Job instance at 0x7f8361f6ff00>,31,13,[5 4],32,91,104,59,75
1,<environment.Job instance at 0x7f83619cd230>,0,13,[9 4],1,1,14,0,1
1,<environment.Job instance at 0x7f83619cd960>,1,14,[ 1 10],2,2,16,0,2
1,<environment.Job instance at 0x7f8362474690>,2,2,[5 8],3,16,18,13,4
1,<environment.Job instance at 0x7f8361f6ff00>,3,3,[9 1],4,14,17,10,6
1,<environment.Job instance at 0x7f836203a320>,5,18,[10  2],6,17,35,11,6
1,<environment.Job instance at 0x7f8361c60e60>,6,16,[ 2 10],7,18,34,11,7
1,<environment.Job instance at 0x7f836203ab40>,4,3,[1 8],5,34,37,29,8
1,<environment.Job instance at 0x7f8361f8a780>,12,2,[8 5],13,35,37,22,17
1,<environment.Job instance at 0x7f8361f8ac80>,13,12,[4 6],14,37,49,23,20
1,<environment.Job instance at 0x7f8362973140>,16,1,[ 4 14],17,49,50,32,21
1,<environment.Job instance at 0x7f8362973a50>,17,2,[8 4],18,37,39,19,21
1,<environment.Job instance at 0x7f83629737d0>,18,12,[7 3],19,50,62,31,33
1,<environment.Job instance at 0x7f8361f8a320>,9,14,[3 7],10,50,64,40,35
1,<environment.Job instance at 0x7f8362973320>,20,3,[5 3],21,39,42,18,35
1,<environment.Job instance at 0x7f83624daa50>,8,13,[5 5],9,50,63,41,35
1,<environment.Job instance at 0x7f8362973960>,21,1,[3 7],22,42,43,20,35
1,<environment.Job instance at 0x7f83629730a0>,23,3,[2 6],24,39,42,15,35
1,<environment.Job instance at 0x7f8362973fa0>,15,13,[9 2],16,63,76,47,47
1,<environment.Job instance at 0x7f8362973820>,24,15,[14  2],25,76,91,51,62
1,<environment.Job instance at 0x7f8362973500>,14,17,[6 1],15,91,108,76,79
1,<environment.Job instance at 0x7f83623d1c30>,0,2,[9 2],1,1,3,0,1
1,<environment.Job instance at 0x7f8362973370>,1,13,[13  3],2,3,16,1,2
1,<environment.Job instance at 0x7f8362973500>,3,13,[3 8],4,16,29,12,4
1,<environment.Job instance at 0x7f83623d15f0>,4,18,[1 6],5,5,23,0,5
1,<environment.Job instance at 0x7f83623d1320>,8,2,[2 7],9,23,25,14,9
1,<environment.Job instance at 0x7f83623d1960>,9,13,[1 8],10,29,42,19,13
1,<environment.Job instance at 0x7f83623d1b40>,10,12,[8 2],11,25,37,14,13
1,<environment.Job instance at 0x7f83623d1e10>,11,1,[ 2 14],12,42,43,30,14
1,<environment.Job instance at 0x7f83623d1910>,12,17,[6 1],13,29,46,16,21
1,<environment.Job instance at 0x7f83623d14b0>,13,12,[5 5],14,43,55,29,26
1,<environment.Job instance at 0x7f83623d1870>,14,1,[ 3 10],15,46,47,31,26
1,<environment.Job instance at 0x7f83623d1b90>,15,2,[2 5],16,26,28,10,26
1,<environment.Job instance at 0x7f83623d12d0>,5,12,[ 2 10],6,47,59,41,32
1,<environment.Job instance at 0x7f83623d1fa0>,7,16,[6 1],8,55,71,47,42
1,<environment.Job instance at 0x7f83623d1370>,18,13,[8 5],19,59,72,40,43
1,<environment.Job instance at 0x7f83629126e0>,19,2,[8 1],20,72,74,52,46
1,<environment.Job instance at 0x7f83623d1280>,6,15,[5 5],7,71,86,64,57
1,<environment.Job instance at 0x7f8362912b40>,20,18,[7 2],21,74,92,53,63
1,<environment.Job instance at 0x7f8362912460>,24,14,[5 6],25,86,100,61,71
1,<environment.Job instance at 0x7f8362912140>,26,14,[6 2],27,92,106,65,78
1,<environment.Job instance at 0x7f8362912960>,22,15,[4 7],23,92,107,69,78
1,<environment.Job instance at 0x7f8361220e10>,0,1,[14  5],1,1,2,0,1
1,<environment.Job instance at 0x7f83629125f0>,1,1,[2 5],2,2,3,0,2
1,<environment.Job instance at 0x7f8361220cd0>,2,12,[1 7],3,3,15,0,3
1,<environment.Job instance at 0x7f83612206e0>,3,15,[7 5],4,4,19,0,4
1,<environment.Job instance at 0x7f8362912960>,5,14,[3 6],6,15,29,9,6
1,<environment.Job instance at 0x7f8361220280>,4,1,[10  2],5,19,20,14,7
1,<environment.Job instance at 0x7f8361220690>,7,3,[ 4 11],8,29,32,21,8
1,<environment.Job instance at 0x7f83612200f0>,10,3,[4 8],11,20,23,9,13
1,<environment.Job instance at 0x7f8361186dc0>,13,3,[5 4],14,15,18,1,14
1,<environment.Job instance at 0x7f8361186870>,14,16,[10  2],15,23,39,8,15
1,<environment.Job instance at 0x7f8361186e10>,15,12,[5 3],16,32,44,16,16
1,<environment.Job instance at 0x7f8361220320>,11,2,[2 6],12,23,25,11,19
1,<environment.Job instance at 0x7f8361186f50>,16,15,[3 7],17,39,54,22,25
1,<environment.Job instance at 0x7f8361186550>,18,14,[9 5],19,44,58,25,29
1,<environment.Job instance at 0x7f8361186aa0>,20,2,[4 7],21,54,56,33,29
1,<environment.Job instance at 0x7f8361186b40>,21,15,[7 5],22,58,73,36,44
1,<environment.Job instance at 0x7f8361186500>,22,20,[5 6],23,56,76,33,47
1,<environment.Job instance at 0x7f8361186c30>,24,13,[ 2 10],25,76,89,51,60
1,<environment.Job instance at 0x7f8361186960>,25,17,[2 6],26,89,106,63,77
1,<environment.Job instance at 0x7f83611864b0>,26,13,[7 3],27,77,90,50,77
1,<environment.Job instance at 0x7f8361186370>,27,14,[9 5],28,90,104,62,77
1,<environment.Job instance at 0x7f8361186cd0>,28,3,[3 9],29,104,107,75,79
1,<environment.Job instance at 0x7f836151dc30>,0,1,[5 1],1,1,2,0,1
1,<environment.Job instance at 0x7f836158fcd0>,3,2,[2 7],4,4,6,0,4
1,<environment.Job instance at 0x7f836152d140>,4,18,[3 8],5,5,23,0,5
1,<environment.Job instance at 0x7f836152d5f0>,5,2,[9 4],6,6,8,0,6
1,<environment.Job instance at 0x7f836152db90>,6,21,[7 2],7,8,29,1,7
1,<environment.Job instance at 0x7f836152d960>,8,2,[6 4],9,23,25,14,9
1,<environment.Job instance at 0x7f836152dc80>,9,12,[5 5],10,10,22,0,10
1,<environment.Job instance at 0x7f836152deb0>,10,13,[6 1],11,25,38,14,11
1,<environment.Job instance at 0x7f836152d3c0>,12,3,[4 6],13,29,32,16,13
1,<environment.Job instance at 0x7f836158fc30>,17,16,[9 4],18,32,48,14,20
1,<environment.Job instance at 0x7f836260c050>,20,13,[7 2],21,48,61,27,32
1,<environment.Job instance at 0x7f836152d8c0>,18,2,[2 6],19,38,40,19,32
1,<environment.Job instance at 0x7f836152d4b0>,16,18,[5 3],17,40,58,23,32
1,<environment.Job instance at 0x7f836260caf0>,21,16,[5 8],22,58,74,36,45
1,<environment.Job instance at 0x7f836260cf50>,25,17,[5 4],26,61,78,35,49
1,<environment.Job instance at 0x7f836260c410>,27,14,[7 3],28,74,88,46,59
1,<environment.Job instance at 0x7f836260ce60>,28,14,[9 3],29,88,102,59,73
1,<environment.Job instance at 0x7f8361a9f870>,0,18,[4 7],1,1,19,0,1
1,<environment.Job instance at 0x7f836260c3c0>,2,14,[9 1],3,3,17,0,3
1,<environment.Job instance at 0x7f83621d8c80>,3,3,[7 1],4,17,20,13,4
1,<environment.Job instance at 0x7f83621d8e10>,4,12,[ 1 11],5,19,31,14,5
1,<environment.Job instance at 0x7f83621d8b90>,5,14,[6 2],6,19,33,13,6
1,<environment.Job instance at 0x7f83621d8f00>,9,2,[10  3],10,33,35,23,10
1,<environment.Job instance at 0x7f836b1db0a0>,10,2,[4 8],11,31,33,20,11
1,<environment.Job instance at 0x7f836b1dba00>,18,12,[5 2],19,20,32,1,19
1,<environment.Job instance at 0x7f836156a2d0>,19,3,[7 3],20,35,38,15,20
1,<environment.Job instance at 0x7f836156afa0>,20,1,[1 6],21,33,34,12,21
1,<environment.Job instance at 0x7f836156aa50>,21,1,[1 6],22,33,34,11,22
1,<environment.Job instance at 0x7f836156ac80>,17,18,[4 9],18,34,52,16,23
1,<environment.Job instance at 0x7f836156a140>,24,12,[9 4],25,38,50,13,30
1,<environment.Job instance at 0x7f836156ab90>,25,17,[2 8],26,52,69,26,40
1,<environment.Job instance at 0x7f836156aa00>,26,17,[1 7],27,52,69,25,40
1,<environment.Job instance at 0x7f836156adc0>,27,18,[5 1],28,69,87,41,58
1,<environment.Job instance at 0x7f836156a500>,30,13,[5 8],31,69,82,38,58
1,<environment.Job instance at 0x7f8361d9df00>,31,15,[7 4],32,82,97,50,68
1,<environment.Job instance at 0x7f8361d9d6e0>,34,13,[6 2],35,87,100,52,71
1,<environment.Job instance at 0x7f836295ff00>,0,3,[ 3 14],1,2,5,1,2
1,<environment.Job instance at 0x7f836295f780>,1,1,[4 5],2,5,6,3,2
1,<environment.Job instance at 0x7f8361d9dc80>,2,13,[13  2],3,6,19,3,3
1,<environment.Job instance at 0x7f8361d9d370>,4,3,[5 7],5,19,22,14,5
1,<environment.Job instance at 0x7f836295f0a0>,3,28,[2 8],4,6,34,2,6
1,<environment.Job instance at 0x7f836295ffa0>,5,1,[3 5],6,22,23,16,6
1,<environment.Job instance at 0x7f836295f730>,8,3,[ 4 10],9,34,37,25,9
1,<environment.Job instance at 0x7f8362474b40>,11,2,[6 5],12,23,25,11,12
1,<environment.Job instance at 0x7f83624745a0>,12,1,[5 9],13,37,38,24,13
1,<environment.Job instance at 0x7f83624746e0>,13,2,[6 4],14,25,27,11,14
1,<environment.Job instance at 0x7f8362474730>,14,3,[ 4 10],15,38,41,23,15
1,<environment.Job instance at 0x7f836226d8c0>,15,3,[11  4],16,27,30,11,16
1,<environment.Job instance at 0x7f836295ff50>,6,3,[4 9],7,41,44,34,20
1,<environment.Job instance at 0x7f83624743c0>,9,19,[3 7],10,44,63,34,34
1,<environment.Job instance at 0x7f836226d910>,18,12,[2 9],19,63,75,44,46
1,<environment.Job instance at 0x7f8362474780>,10,3,[5 8],11,51,54,40,51
1,<environment.Job instance at 0x7f836226d370>,21,18,[2 6],22,54,72,32,51
1,<environment.Job instance at 0x7f836226d050>,22,18,[6 5],23,72,90,49,61
1,<environment.Job instance at 0x7f836226d460>,23,17,[5 2],24,75,92,51,63
1,<environment.Job instance at 0x7f836226d7d0>,24,14,[1 7],25,75,89,50,63
1,<environment.Job instance at 0x7f836226d3c0>,28,16,[ 5 10],29,90,106,61,77
1,<environment.Job instance at 0x7f836226d960>,29,15,[10  3],30,92,107,62,78
1,<environment.Job instance at 0x7f8361c969b0>,1,3,[3 7],2,2,5,0,2
1,<environment.Job instance at 0x7f8361c96780>,3,18,[7 5],4,4,22,0,4
1,<environment.Job instance at 0x7f8361c96c30>,4,14,[5 5],5,5,19,0,5
1,<environment.Job instance at 0x7f8361c96500>,5,15,[10  3],6,22,37,16,8
1,<environment.Job instance at 0x7f8361cbe1e0>,8,2,[ 1 10],9,19,21,10,9
1,<environment.Job instance at 0x7f8361cbe9b0>,9,13,[ 5 10],10,21,34,11,10
1,<environment.Job instance at 0x7f8361cbe7d0>,10,12,[ 5 10],11,34,46,23,17
1,<environment.Job instance at 0x7f8361c96910>,7,3,[ 5 11],8,46,49,38,20
1,<environment.Job instance at 0x7f8361cbef00>,14,3,[6 4],15,37,40,22,21
1,<environment.Job instance at 0x7f8361cbe2d0>,13,3,[5 6],14,49,52,35,23
1,<environment.Job instance at 0x7f8361cbe550>,18,1,[5 5],19,40,41,21,23
1,<environment.Job instance at 0x7f8361cbebe0>,15,2,[13  1],16,52,54,36,25
1,<environment.Job instance at 0x7f8361cbe5a0>,17,14,[1 6],18,49,63,31,35
1,<environment.Job instance at 0x7f8361ca0230>,22,17,[5 5],23,54,71,31,42
1,<environment.Job instance at 0x7f8361ca0460>,23,15,[7 3],24,54,69,30,42
1,<environment.Job instance at 0x7f8361ca05a0>,25,15,[6 4],26,69,84,43,55
1,<environment.Job instance at 0x7f8361ca00a0>,29,16,[2 7],30,71,87,41,58
1,<environment.Job instance at 0x7f8361cbe820>,12,20,[6 5],13,84,104,71,75
1,<environment.Job instance at 0x7f8361b288c0>,31,17,[2 7],32,87,104,55,76
1,<environment.Job instance at 0x7f8361b28870>,32,3,[13  3],33,104,107,71,78
1,<environment.Job instance at 0x7f83625ebc80>,0,12,[3 5],1,1,13,0,1
1,<environment.Job instance at 0x7f8361b28d70>,1,3,[1 9],2,2,5,0,2
1,<environment.Job instance at 0x7f8361b28870>,3,1,[ 1 10],4,5,6,1,4
1,<environment.Job instance at 0x7f83625eb5a0>,4,16,[4 9],5,6,22,1,5
1,<environment.Job instance at 0x7f83625eb230>,5,18,[9 4],6,13,31,7,6
1,<environment.Job instance at 0x7f8361932e10>,11,16,[6 5],12,22,38,10,16
1,<environment.Job instance at 0x7f8361932fa0>,12,18,[9 5],13,31,49,18,20
1,<environment.Job instance at 0x7f83619321e0>,10,1,[3 5],11,38,39,27,20
1,<environment.Job instance at 0x7f8361932050>,13,17,[9 3],14,49,66,35,37
1,<environment.Job instance at 0x7f8361932960>,15,18,[1 7],16,39,57,23,39
1,<environment.Job instance at 0x7f8361932780>,9,3,[10  1],10,66,69,56,41
1,<environment.Job instance at 0x7f8361932500>,18,2,[8 3],19,69,71,50,42
1,<environment.Job instance at 0x7f8361932870>,14,15,[5 6],15,57,72,42,45
1,<environment.Job instance at 0x7f8361932640>,20,2,[7 4],21,71,73,50,45
1,<environment.Job instance at 0x7f83619323c0>,21,1,[1 6],22,57,58,35,45
1,<environment.Job instance at 0x7f8361932a00>,17,21,[5 6],18,72,93,54,66
1,<environment.Job instance at 0x7f836b060cd0>,24,12,[2 6],25,73,85,48,66
1,<environment.Job instance at 0x7f8361932d20>,6,23,[8 1],7,73,96,66,68
1,<environment.Job instance at 0x7f83627d9370>,0,14,[10  5],1,1,15,0,1
1,<environment.Job instance at 0x7f8361932d20>,2,16,[ 3 10],3,3,19,0,3
1,<environment.Job instance at 0x7f83627b3b90>,5,13,[8 4],6,15,28,9,6
1,<environment.Job instance at 0x7f83627b3640>,6,1,[ 2 10],7,19,20,12,7
1,<environment.Job instance at 0x7f83627b34b0>,7,1,[7 4],8,20,21,12,8
1,<environment.Job instance at 0x7f83627b3d20>,8,18,[ 1 10],9,21,39,12,10
1,<environment.Job instance at 0x7f83627b3a50>,10,2,[ 4 10],11,39,41,28,12
1,<environment.Job instance at 0x7f83627b3d70>,12,1,[2 8],13,41,42,28,13
1,<environment.Job instance at 0x7f83627b3550>,15,2,[1 8],16,42,44,26,16
1,<environment.Job instance at 0x7f83627b3f00>,16,13,[ 1 10],17,44,57,27,28
1,<environment.Job instance at 0x7f83627b3690>,14,18,[8 5],15,28,46,13,28
1,<environment.Job instance at 0x7f836117abe0>,18,17,[5 9],19,57,74,38,45
1,<environment.Job instance at 0x7f836117ad20>,19,12,[10  2],20,46,58,26,45
1,<environment.Job instance at 0x7f836117ab40>,20,12,[2 5],21,58,70,37,45
1,<environment.Job instance at 0x7f8361e19c80>,24,12,[8 2],25,70,82,45,53
1,<environment.Job instance at 0x7f8361e19960>,25,12,[6 1],26,58,70,32,53
1,<environment.Job instance at 0x7f8361e19be0>,27,12,[5 3],28,74,86,46,57
1,<environment.Job instance at 0x7f83627c0410>,33,18,[7 2],34,82,100,48,71
1,<environment.Job instance at 0x7f83627c0460>,35,17,[2 5],36,74,91,38,71
1,<environment.Job instance at 0x7f83627c03c0>,36,16,[5 3],37,86,102,49,73
1,<environment.Job instance at 0x7f83627c3460>,37,12,[3 7],38,91,103,53,74
1,<environment.Job instance at 0x7f8361fc63c0>,0,12,[3 7],1,1,13,0,1
1,<environment.Job instance at 0x7f8361fc6780>,1,17,[2 6],2,2,19,0,2
1,<environment.Job instance at 0x7f8361fc6460>,2,3,[5 2],3,3,6,0,3
1,<environment.Job instance at 0x7f8361f24e10>,5,18,[6 4],6,13,31,7,6
1,<environment.Job instance at 0x7f8361f24d70>,6,1,[3 9],7,19,20,12,7
1,<environment.Job instance at 0x7f8361f24a50>,9,15,[7 1],10,20,35,10,10
1,<environment.Job instance at 0x7f8361f242d0>,10,3,[8 2],11,31,34,20,11
1,<environment.Job instance at 0x7f8361f24280>,16,2,[8 5],17,34,36,17,21
1,<environment.Job instance at 0x7f8361f24c30>,17,3,[4 5],18,35,38,17,21
1,<environment.Job instance at 0x7f8361f24f50>,18,1,[7 5],19,36,37,17,21
1,<environment.Job instance at 0x7f8361f240f0>,20,3,[4 8],21,37,40,16,21
1,<environment.Job instance at 0x7f8361f240a0>,21,3,[2 9],22,22,25,0,22
1,<environment.Job instance at 0x7f8361f24910>,22,16,[4 6],23,38,54,15,25
1,<environment.Job instance at 0x7f8361f24a00>,23,18,[5 8],24,40,58,16,29
1,<environment.Job instance at 0x7f8362614f50>,25,15,[9 4],26,54,69,28,40
1,<environment.Job instance at 0x7f8362614550>,26,14,[10  3],27,69,83,42,54
1,<environment.Job instance at 0x7f83626143c0>,27,18,[10  1],28,83,101,55,72
1,<environment.Job instance at 0x7f8361a5eb40>,1,1,[3 5],2,2,3,0,2
1,<environment.Job instance at 0x7f8362614690>,2,2,[ 2 10],3,3,5,0,3
1,<environment.Job instance at 0x7f8361d70af0>,3,1,[6 5],4,4,5,0,4
1,<environment.Job instance at 0x7f8361abd5a0>,0,18,[2 7],1,5,23,4,4
1,<environment.Job instance at 0x7f8361d70e10>,5,12,[8 5],6,6,18,0,6
1,<environment.Job instance at 0x7f8361d70d70>,6,12,[2 5],7,18,30,11,7
1,<environment.Job instance at 0x7f8361d70fa0>,7,1,[8 3],8,18,19,10,8
1,<environment.Job instance at 0x7f8361d52050>,8,2,[8 3],9,19,21,10,9
1,<environment.Job instance at 0x7f8361d52230>,9,2,[ 1 10],10,23,25,13,10
1,<environment.Job instance at 0x7f8361d70c30>,11,17,[3 9],12,25,42,13,14
1,<environment.Job instance at 0x7f8361d52460>,12,13,[10  5],13,30,43,17,16
1,<environment.Job instance at 0x7f8361d52730>,16,15,[2 6],17,42,57,25,28
1,<environment.Job instance at 0x7f8361d52b90>,21,13,[5 5],22,43,56,21,28
1,<environment.Job instance at 0x7f8361d52c30>,22,17,[8 5],23,56,73,33,44
1,<environment.Job instance at 0x7f8361d52e10>,25,12,[3 9],26,57,69,31,44
1,<environment.Job instance at 0x7f8361d52eb0>,26,13,[2 9],27,69,82,42,53
1,<environment.Job instance at 0x7f8361d52f50>,27,22,[7 5],28,73,95,45,66
1,<environment.Job instance at 0x7f81798ec320>,1,1,[3 7],2,2,3,0,2
1,<environment.Job instance at 0x7f8170174410>,2,13,[10  1],3,3,16,0,3
1,<environment.Job instance at 0x7f81701745f0>,3,17,[ 5 10],4,4,21,0,4
1,<environment.Job instance at 0x7f81701746e0>,4,1,[5 6],5,21,22,16,5
1,<environment.Job instance at 0x7f81701747d0>,5,12,[1 7],6,21,33,15,6
1,<environment.Job instance at 0x7f81701748c0>,6,1,[9 5],7,16,17,9,7
1,<environment.Job instance at 0x7f8170174960>,7,16,[5 8],8,22,38,14,9
1,<environment.Job instance at 0x7f8170174b90>,11,3,[5 5],12,17,20,5,12
1,<environment.Job instance at 0x7f8170174b40>,10,12,[5 5],11,33,45,22,22
1,<environment.Job instance at 0x7f81798ec1e0>,8,16,[1 8],9,38,54,29,25
1,<environment.Job instance at 0x7f8170174e10>,14,18,[1 6],15,45,63,30,34
1,<environment.Job instance at 0x7f8170174cd0>,15,16,[5 5],16,54,70,38,41
1,<environment.Job instance at 0x7f8170174d20>,13,15,[7 4],14,54,69,40,46
1,<environment.Job instance at 0x7f81701760a0>,19,2,[5 5],20,69,71,49,47
1,<environment.Job instance at 0x7f8170176050>,18,12,[1 8],19,70,82,51,53
1,<environment.Job instance at 0x7f81701765a0>,26,16,[9 1],27,70,86,43,57
1,<environment.Job instance at 0x7f8170176960>,29,18,[5 1],30,71,89,41,60
1,<environment.Job instance at 0x7f8170176a00>,30,3,[6 5],31,86,89,55,60
1,<environment.Job instance at 0x7f8170176aa0>,31,15,[5 5],32,89,104,57,75
1,<environment.Job instance at 0x7f8170176be0>,33,15,[5 3],34,89,104,55,75
1,<environment.Job instance at 0x7f8170176730>,34,19,[3 7],35,86,105,51,76
1,<environment.Job instance at 0x7f81701766e0>,36,13,[7 1],37,104,117,67,88
1,<environment.Job instance at 0x7f8170176eb0>,38,12,[5 4],39,104,116,65,88
1,<environment.Job instance at 0x7f817050e320>,0,14,[10  4],1,1,15,0,1
1,<environment.Job instance at 0x7f817017a0a0>,1,20,[5 2],2,2,22,0,2
1,<environment.Job instance at 0x7f817050ec80>,2,1,[10  2],3,15,16,12,3
1,<environment.Job instance at 0x7f817050ebe0>,3,1,[9 2],4,16,17,12,4
1,<environment.Job instance at 0x7f817050eb90>,4,1,[ 1 14],5,22,23,17,6
1,<environment.Job instance at 0x7f8170176f50>,5,3,[5 7],6,17,20,11,6
1,<environment.Job instance at 0x7f8170450690>,6,1,[3 8],7,20,21,13,7
1,<environment.Job instance at 0x7f8170450320>,7,12,[10  4],8,23,35,15,8
1,<environment.Job instance at 0x7f8170450aa0>,10,3,[1 7],11,23,26,12,12
1,<environment.Job instance at 0x7f8170450b90>,14,2,[8 4],15,35,37,20,15
1,<environment.Job instance at 0x7f8170450d70>,15,12,[10  3],16,37,49,21,22
1,<environment.Job instance at 0x7f8170450410>,16,1,[ 4 10],17,26,27,9,22
1,<environment.Job instance at 0x7f81704502d0>,11,16,[6 3],12,49,65,37,36
1,<environment.Job instance at 0x7f816fd010a0>,19,18,[9 4],20,49,67,29,38
1,<environment.Job instance at 0x7f816f8ba050>,20,17,[5 3],21,65,82,44,53
1,<environment.Job instance at 0x7f816f8babe0>,21,18,[5 5],22,67,85,45,56
1,<environment.Job instance at 0x7f816f847690>,25,12,[2 6],26,67,79,41,62
1,<environment.Job instance at 0x7f816fb80230>,28,13,[1 5],29,79,92,50,63
1,<environment.Job instance at 0x7f816fb808c0>,30,16,[5 2],31,82,98,51,69
1,<environment.Job instance at 0x7f8170450b40>,13,12,[9 2],14,85,97,71,69
1,<environment.Job instance at 0x7f816f8bd6e0>,33,2,[1 7],34,92,94,58,69
1,<environment.Job instance at 0x7f816fc45690>,34,1,[10  1],35,97,98,62,69
1,<environment.Job instance at 0x7f816fb80cd0>,32,19,[5 8],33,98,117,65,88
1,<environment.Job instance at 0x7f816f830280>,36,13,[6 2],37,98,111,61,88
1,<environment.Job instance at 0x7f816fc45910>,37,14,[4 5],38,98,112,60,88
1,<environment.Job instance at 0x7f816f881aa0>,0,13,[4 9],1,1,14,0,1
1,<environment.Job instance at 0x7f816f881910>,1,16,[6 4],2,2,18,0,2
1,<environment.Job instance at 0x7f8170176c80>,3,3,[10  3],4,18,21,14,4
1,<environment.Job instance at 0x7f816f881500>,2,2,[6 1],3,14,16,11,5
1,<environment.Job instance at 0x7f816f881730>,5,2,[6 4],6,16,18,10,6
1,<environment.Job instance at 0x7f816f8814b0>,6,14,[6 1],7,21,35,14,7
1,<environment.Job instance at 0x7f816f8815a0>,7,12,[4 8],8,18,30,10,8
1,<environment.Job instance at 0x7f816f881d70>,9,3,[7 2],10,30,33,20,10
1,<environment.Job instance at 0x7f816f881870>,10,2,[6 1],11,33,35,22,11
1,<environment.Job instance at 0x7f816f881be0>,13,1,[9 3],14,35,36,21,15
1,<environment.Job instance at 0x7f816f84e6e0>,15,3,[3 9],16,33,36,17,16
1,<environment.Job instance at 0x7f816f84ef00>,14,15,[12  4],15,36,51,21,22
1,<environment.Job instance at 0x7f816f84e0a0>,17,17,[2 8],18,36,53,18,24
1,<environment.Job instance at 0x7f816f84e8c0>,18,1,[6 5],19,51,52,32,24
1,<environment.Job instance at 0x7f816f84ecd0>,19,2,[5 4],20,24,26,4,24
1,<environment.Job instance at 0x7f816f84e190>,20,2,[1 9],21,30,32,9,24
1,<environment.Job instance at 0x7f816f881370>,11,14,[9 5],12,52,66,40,37
1,<environment.Job instance at 0x7f816f85cd70>,22,13,[9 4],23,66,79,43,50
1,<environment.Job instance at 0x7f816f85cf00>,23,1,[3 6],24,53,54,29,50
1,<environment.Job instance at 0x7f816f85c730>,24,1,[ 3 12],25,79,80,54,51
1,<environment.Job instance at 0x7f816f881690>,8,17,[6 1],9,54,71,45,51
1,<environment.Job instance at 0x7f816f85c960>,26,2,[4 9],27,71,73,44,51
1,<environment.Job instance at 0x7f816f85c320>,27,2,[10  1],28,79,81,51,53
1,<environment.Job instance at 0x7f816f85c820>,25,15,[5 6],26,80,95,54,66
1,<environment.Job instance at 0x7f816f85c910>,28,14,[5 5],29,81,95,52,66
1,<environment.Job instance at 0x7f816f85c0f0>,30,1,[7 4],31,95,96,64,67
1,<environment.Job instance at 0x7f816f85cfa0>,31,17,[7 2],32,95,112,63,83
1,<environment.Job instance at 0x7f816f85c690>,33,12,[1 9],34,95,107,61,83
1,<environment.Job instance at 0x7f816fe49280>,0,14,[4 9],1,1,15,0,1
1,<environment.Job instance at 0x7f816f85ccd0>,1,1,[7 4],2,2,3,0,2
1,<environment.Job instance at 0x7f816f85c690>,3,2,[5 2],4,4,6,0,4
1,<environment.Job instance at 0x7f816fe49500>,2,14,[1 9],3,15,29,12,4
1,<environment.Job instance at 0x7f816fe49aa0>,4,3,[6 2],5,5,8,0,5
1,<environment.Job instance at 0x7f816f985eb0>,7,19,[5 4],8,10,29,2,10
1,<environment.Job instance at 0x7f816fcb8370>,10,13,[5 1],11,11,24,0,11
1,<environment.Job instance at 0x7f816fe49f50>,6,12,[8 4],7,29,41,22,13
1,<environment.Job instance at 0x7f816f985d70>,8,12,[1 5],9,29,41,20,14
1,<environment.Job instance at 0x7f817049a9b0>,12,16,[ 4 10],13,41,57,28,28
1,<environment.Job instance at 0x7f816fb815f0>,16,17,[5 5],17,29,46,12,28
1,<environment.Job instance at 0x7f816fb81280>,18,15,[ 4 10],19,57,72,38,43
1,<environment.Job instance at 0x7f816fb81f50>,19,3,[9 2],20,46,49,26,43
1,<environment.Job instance at 0x7f816fb8a5f0>,24,15,[8 3],25,49,64,24,43
1,<environment.Job instance at 0x7f816f823910>,26,12,[2 9],27,72,84,45,55
1,<environment.Job instance at 0x7f816f8235f0>,27,12,[5 9],28,84,96,56,67
1,<environment.Job instance at 0x7f816fb6cc30>,31,12,[3 5],32,69,81,37,69
1,<environment.Job instance at 0x7f816f839dc0>,32,23,[6 3],33,81,104,48,75
1,<environment.Job instance at 0x7f816f9865f0>,34,13,[4 5],35,96,109,61,80
1,<environment.Job instance at 0x7f816fdf7eb0>,0,13,[4 8],1,1,14,0,1
1,<environment.Job instance at 0x7f816fdf79b0>,1,3,[3 9],2,14,17,12,2
1,<environment.Job instance at 0x7f816faeb1e0>,3,17,[5 5],4,4,21,0,4
1,<environment.Job instance at 0x7f816f6f10a0>,4,2,[ 4 10],5,17,19,12,6
1,<environment.Job instance at 0x7f816f6f11e0>,6,3,[5 4],7,19,22,12,7
1,<environment.Job instance at 0x7f816f6f1370>,7,12,[5 7],8,21,33,13,8
1,<environment.Job instance at 0x7f816f6f1460>,8,16,[5 6],9,22,38,13,9
1,<environment.Job instance at 0x7f816f6f1730>,11,1,[6 4],12,33,34,21,15
1,<environment.Job instance at 0x7f816f6f16e0>,10,3,[6 2],11,34,37,23,16
1,<environment.Job instance at 0x7f816f6f1550>,9,14,[3 5],10,33,47,23,18
1,<environment.Job instance at 0x7f816f6f1910>,14,13,[10  4],15,38,51,23,23
1,<environment.Job instance at 0x7f816f6f1a50>,15,3,[8 1],16,51,54,35,25
1,<environment.Job instance at 0x7f816f6ecf50>,5,15,[2 7],6,47,62,41,33
1,<environment.Job instance at 0x7f816f6f1140>,17,16,[5 1],18,51,67,33,38
1,<environment.Job instance at 0x7f816f6f1dc0>,20,3,[4 6],21,54,57,33,38
1,<environment.Job instance at 0x7f816f6f17d0>,12,14,[8 2],13,57,71,44,43
1,<environment.Job instance at 0x7f816f6f1f00>,24,3,[5 5],25,67,70,42,43
1,<environment.Job instance at 0x7f816f6f1f50>,23,18,[9 3],24,71,89,47,60
1,<environment.Job instance at 0x7f816f6f33c0>,26,17,[4 8],27,70,87,43,60
1,<environment.Job instance at 0x7f816f6f35a0>,29,13,[1 9],30,87,100,57,71
1,<environment.Job instance at 0x7f816f6f36e0>,31,17,[ 1 10],32,100,117,68,88
1,<environment.Job instance at 0x7f816f6f3730>,33,17,[5 1],34,88,105,54,88
1,<environment.Job instance at 0x7f816f748190>,0,16,[4 6],1,1,17,0,1
1,<environment.Job instance at 0x7f816f6f3870>,1,15,[4 8],2,2,17,0,2
1,<environment.Job instance at 0x7f816f748050>,4,16,[8 3],5,17,33,12,5
1,<environment.Job instance at 0x7f816f748e10>,5,1,[ 4 11],6,17,18,11,6
1,<environment.Job instance at 0x7f816f748af0>,6,2,[4 7],7,18,20,11,7
1,<environment.Job instance at 0x7f816f748eb0>,7,3,[12  4],8,33,36,25,8
1,<environment.Job instance at 0x7f816f748690>,8,2,[ 2 10],9,20,22,11,9
1,<environment.Job instance at 0x7f816f7483c0>,10,2,[6 4],11,22,24,11,21
1,<environment.Job instance at 0x7f816f73be60>,13,3,[7 1],14,24,27,10,22
1,<environment.Job instance at 0x7f816f73b640>,14,12,[5 5],15,36,48,21,22
1,<environment.Job instance at 0x7f816f73b1e0>,15,3,[5 4],16,27,30,11,22
1,<environment.Job instance at 0x7f816f748410>,12,1,[3 5],13,30,31,17,22
1,<environment.Job instance at 0x7f816f73b870>,17,1,[7 3],18,31,32,13,22
1,<environment.Job instance at 0x7f816f748320>,11,1,[10  5],12,36,37,24,22
1,<environment.Job instance at 0x7f816f73b730>,19,2,[14  1],20,48,50,28,22
1,<environment.Job instance at 0x7f816f73b280>,18,15,[6 1],19,50,65,31,37
1,<environment.Job instance at 0x7f816f73b5f0>,21,12,[5 1],22,50,62,28,37
1,<environment.Job instance at 0x7f816f73b690>,20,3,[4 6],21,37,40,16,37
1,<environment.Job instance at 0x7f816f73b8c0>,16,21,[5 1],17,62,83,45,54
1,<environment.Job instance at 0x7f816f71b410>,27,17,[8 4],28,65,82,37,54
1,<environment.Job instance at 0x7f816f71b370>,29,17,[10  3],30,82,99,52,70
1,<environment.Job instance at 0x7f816f71bc80>,30,18,[1 8],31,83,101,52,72
1,<environment.Job instance at 0x7f816f71b5f0>,31,15,[5 2],32,99,114,67,85
1,<environment.Job instance at 0x7f816f71bd20>,33,15,[1 7],34,101,116,67,87
1,<environment.Job instance at 0x7f816f71bf50>,34,13,[5 2],35,99,112,64,87
1,<environment.Job instance at 0x7f816f78a960>,0,3,[5 4],1,1,4,0,1
1,<environment.Job instance at 0x7f816f71bdc0>,1,13,[12  2],2,4,17,2,2
1,<environment.Job instance at 0x7f816f71b500>,3,12,[7 1],4,17,29,13,4
1,<environment.Job instance at 0x7f817035a8c0>,2,1,[4 6],3,17,18,14,5
1,<environment.Job instance at 0x7f817035ad70>,4,1,[7 3],5,18,19,13,5
1,<environment.Job instance at 0x7f817035a730>,5,3,[13  3],6,29,32,23,7
1,<environment.Job instance at 0x7f81709cd820>,7,12,[1 8],8,15,27,7,15
1,<environment.Job instance at 0x7f81709cd320>,14,2,[ 3 10],15,27,29,12,15
1,<environment.Job instance at 0x7f81709cda00>,12,12,[10  2],13,32,44,19,15
1,<environment.Job instance at 0x7f81709cd1e0>,18,13,[4 5],19,32,45,13,19
1,<environment.Job instance at 0x7f8179339690>,19,15,[1 8],20,29,44,9,27
1,<environment.Job instance at 0x7f8179339370>,20,16,[2 6],21,44,60,23,31
1,<environment.Job instance at 0x7f8179339b40>,21,16,[9 5],22,45,61,23,33
1,<environment.Job instance at 0x7f8179339f00>,23,17,[5 3],24,60,77,36,48
1,<environment.Job instance at 0x7f81709cd640>,13,14,[ 5 10],14,61,75,47,48
1,<environment.Job instance at 0x7f8179339640>,25,13,[1 8],26,75,88,49,59
1,<environment.Job instance at 0x7f817035adc0>,6,15,[6 3],7,75,90,68,61
1,<environment.Job instance at 0x7f816fb6c320>,27,3,[8 4],28,77,80,49,61
1,<environment.Job instance at 0x7f816fb6ceb0>,26,16,[10  3],27,90,106,63,78
1,<environment.Job instance at 0x7f816fb6c9b0>,28,16,[5 9],29,88,104,59,79
1,<environment.Job instance at 0x7f816f741e10>,1,1,[4 8],2,2,3,0,2
1,<environment.Job instance at 0x7f8179339500>,2,1,[2 5],3,3,4,0,3
1,<environment.Job instance at 0x7f816f70e7d0>,3,17,[9 3],4,4,21,0,4
1,<environment.Job instance at 0x7f8170ba0a00>,7,21,[5 1],8,8,29,0,8
1,<environment.Job instance at 0x7f816f70efa0>,5,17,[10  5],6,21,38,15,9
1,<environment.Job instance at 0x7f8170ba0c80>,12,20,[5 7],13,29,49,16,23
1,<environment.Job instance at 0x7f8170ba0460>,13,14,[5 1],14,38,52,24,23
1,<environment.Job instance at 0x7f8170ba01e0>,8,16,[5 4],9,38,54,29,29
1,<environment.Job instance at 0x7f816f7098c0>,19,3,[1 6],20,49,52,29,29
1,<environment.Job instance at 0x7f816f709690>,18,18,[5 9],19,52,70,33,41
1,<environment.Job instance at 0x7f8170b95d20>,21,17,[7 2],22,54,71,32,42
1,<environment.Job instance at 0x7f8170b760f0>,24,15,[3 7],25,70,85,45,56
1,<environment.Job instance at 0x7f8170b76730>,25,17,[9 3],26,71,88,45,59
1,<environment.Job instance at 0x7f816fb5caf0>,32,18,[1 5],33,70,88,37,59
1,<environment.Job instance at 0x7f816f70eb40>,4,15,[8 3],5,88,103,83,76
1,<environment.Job instance at 0x7f81793397d0>,6,17,[4 8],7,88,105,81,76
1,<environment.Job instance at 0x7f8170babf00>,0,13,[9 4],1,1,14,0,1
1,<environment.Job instance at 0x7f8170ba06e0>,1,14,[ 1 10],2,2,16,0,2
1,<environment.Job instance at 0x7f81793397d0>,3,3,[9 1],4,14,17,10,4
1,<environment.Job instance at 0x7f81701fa1e0>,2,2,[5 8],3,16,18,13,5
1,<environment.Job instance at 0x7f81701fa550>,4,3,[1 8],5,18,21,13,5
1,<environment.Job instance at 0x7f81701fa7d0>,6,16,[ 2 10],7,21,37,14,8
1,<environment.Job instance at 0x7f816fb7a320>,8,13,[5 5],9,17,30,8,9
1,<environment.Job instance at 0x7f816fb7a3c0>,11,1,[5 5],12,30,31,18,13
1,<environment.Job instance at 0x7f816fb7a5a0>,12,2,[8 5],13,31,33,18,15
1,<environment.Job instance at 0x7f816fb7a0f0>,13,12,[4 6],14,37,49,23,20
1,<environment.Job instance at 0x7f816fb7a410>,9,14,[3 7],10,37,51,27,22
1,<environment.Job instance at 0x7f816fb7a500>,16,1,[ 4 14],17,51,52,34,23
1,<environment.Job instance at 0x7f816fb7a4b0>,17,2,[8 4],18,33,35,15,23
1,<environment.Job instance at 0x7f816fb7a870>,18,12,[7 3],19,52,64,33,35
1,<environment.Job instance at 0x7f816fb7af50>,19,13,[8 4],20,52,65,32,36
1,<environment.Job instance at 0x7f816fb7ad70>,20,3,[5 3],21,64,67,43,38
1,<environment.Job instance at 0x7f816fb7ac30>,21,1,[3 7],22,49,50,27,38
1,<environment.Job instance at 0x7f816fb7a960>,15,13,[9 2],16,65,78,49,49
1,<environment.Job instance at 0x7f8170012460>,23,3,[2 6],24,67,70,43,49
1,<environment.Job instance at 0x7f816fb7a050>,14,17,[6 1],15,70,87,55,58
1,<environment.Job instance at 0x7f816fb7aaa0>,10,14,[ 4 14],11,78,92,67,64
1,<environment.Job instance at 0x7f8170012410>,24,15,[14  2],25,92,107,67,80
1,<environment.Job instance at 0x7f8170012820>,27,2,[10  2],28,107,109,79,80
1,<environment.Job instance at 0x7f817006c050>,0,12,[8 2],1,1,13,0,1
1,<environment.Job instance at 0x7f817006c550>,1,1,[ 2 14],2,13,14,11,3
1,<environment.Job instance at 0x7f8170012820>,2,17,[6 1],3,3,20,0,3
1,<environment.Job instance at 0x7f8170b76690>,3,12,[5 5],4,14,26,10,4
1,<environment.Job instance at 0x7f81701fd5a0>,4,1,[ 3 10],5,20,21,15,7
1,<environment.Job instance at 0x7f81701fd550>,5,2,[2 5],6,14,16,8,8
1,<environment.Job instance at 0x7f81701fda50>,8,13,[8 5],9,21,34,12,10
1,<environment.Job instance at 0x7f81701fdd70>,11,3,[5 7],12,26,29,14,13
1,<environment.Job instance at 0x7f81701fdaf0>,9,2,[8 1],10,34,36,24,13
1,<environment.Job instance at 0x7f81701fde60>,13,2,[5 8],14,29,31,15,14
1,<environment.Job instance at 0x7f817050b140>,16,14,[6 2],17,31,45,14,17
1,<environment.Job instance at 0x7f817050b1e0>,17,13,[2 5],18,36,49,18,20
1,<environment.Job instance at 0x7f81701fddc0>,12,15,[4 7],13,36,51,23,22
1,<environment.Job instance at 0x7f817050b7d0>,23,17,[7 5],24,49,66,25,37
1,<environment.Job instance at 0x7f817050b910>,25,13,[6 3],26,51,64,25,37
1,<environment.Job instance at 0x7f817050baa0>,28,14,[2 8],29,64,78,35,49
1,<environment.Job instance at 0x7f817050be10>,33,13,[4 6],34,66,79,32,50
1,<environment.Job instance at 0x7f817050b690>,21,16,[5 6],22,78,94,56,66
1,<environment.Job instance at 0x7f8170503230>,38,1,[5 7],39,79,80,40,66
1,<environment.Job instance at 0x7f8170503280>,37,18,[7 4],38,80,98,42,69
1,<environment.Job instance at 0x7f81705035a0>,42,17,[7 2],43,94,111,51,82
1,<environment.Job instance at 0x7f8170503640>,43,15,[3 6],44,98,113,54,84
1,<environment.Job instance at 0x7f8170503960>,48,18,[2 6],49,98,116,49,87
1,<environment.Job instance at 0x7f816fd17960>,0,2,[4 7],1,1,3,0,1
1,<environment.Job instance at 0x7f81705039b0>,1,15,[7 5],2,2,17,0,2
1,<environment.Job instance at 0x7f8170c8ad70>,2,20,[5 6],3,3,23,0,3
1,<environment.Job instance at 0x7f8170c8a910>,3,3,[ 4 10],4,23,26,19,7
1,<environment.Job instance at 0x7f81707365f0>,8,3,[3 9],9,17,20,8,9
1,<environment.Job instance at 0x7f8170583640>,9,12,[1 7],10,26,38,16,10
1,<environment.Job instance at 0x7f8170583eb0>,10,13,[4 7],11,26,39,15,11
1,<environment.Job instance at 0x7f8170583c80>,11,1,[2 8],12,20,21,8,12
1,<environment.Job instance at 0x7f8170736eb0>,6,13,[7 3],7,38,51,31,22
1,<environment.Job instance at 0x7f8170583280>,13,2,[8 4],14,22,24,8,22
1,<environment.Job instance at 0x7f8170c8ac30>,5,17,[2 6],6,39,56,33,27
1,<environment.Job instance at 0x7f81705837d0>,18,12,[2 8],19,51,63,32,34
1,<environment.Job instance at 0x7f81705838c0>,19,16,[3 5],20,56,72,36,43
1,<environment.Job instance at 0x7f816fbf7460>,21,16,[ 3 10],22,63,79,41,50
1,<environment.Job instance at 0x7f816fbf78c0>,23,16,[7 4],24,72,88,48,59
1,<environment.Job instance at 0x7f816fbf7f50>,24,12,[5 3],25,79,91,54,62
1,<environment.Job instance at 0x7f816fbf7fa0>,27,15,[10  2],28,88,103,60,74
1,<environment.Job instance at 0x7f8170c8a4b0>,4,13,[ 2 10],5,91,104,86,77
1,<environment.Job instance at 0x7f816fbf74b0>,28,13,[6 5],29,103,116,74,87
1,<environment.Job instance at 0x7f81705839b0>,7,14,[9 5],8,104,118,96,89
1,<environment.Job instance at 0x7f817095eaf0>,0,2,[11  1],1,3,5,2,3
1,<environment.Job instance at 0x7f817095e2d0>,2,18,[7 3],3,5,23,2,3
1,<environment.Job instance at 0x7f8170205fa0>,5,12,[3 6],6,6,18,0,6
1,<environment.Job instance at 0x7f8170205aa0>,7,17,[5 3],8,8,25,0,8
1,<environment.Job instance at 0x7f8170205820>,8,21,[1 8],9,18,39,9,10
1,<environment.Job instance at 0x7f817095ed70>,3,14,[11  2],4,25,39,21,10
1,<environment.Job instance at 0x7f8170205e60>,10,2,[8 2],11,23,25,12,11
1,<environment.Job instance at 0x7f816ff0ccd0>,11,2,[9 4],12,39,41,27,12
1,<environment.Job instance at 0x7f8170205050>,9,2,[5 6],10,39,41,29,12
1,<environment.Job instance at 0x7f81702051e0>,12,1,[4 8],13,41,42,28,13
1,<environment.Job instance at 0x7f816ff0c5a0>,13,3,[5 3],14,41,44,27,15
1,<environment.Job instance at 0x7f816ff0c050>,14,3,[6 2],15,41,44,26,15
1,<environment.Job instance at 0x7f816ff0c690>,15,14,[4 9],16,42,56,26,27
1,<environment.Job instance at 0x7f816ff0c870>,17,16,[9 1],18,44,60,26,32
1,<environment.Job instance at 0x7f816ff0caf0>,21,12,[2 5],22,44,56,22,32
1,<environment.Job instance at 0x7f816ff0c280>,20,13,[3 8],21,56,69,35,40
1,<environment.Job instance at 0x7f816ff0c730>,18,2,[1 8],19,69,71,50,46
1,<environment.Job instance at 0x7f816fdd3f50>,25,16,[1 5],26,56,72,30,47
1,<environment.Job instance at 0x7f816ff0c4b0>,19,17,[ 2 14],20,72,89,52,60
1,<environment.Job instance at 0x7f816fdd3550>,28,3,[1 8],29,89,92,60,63
1,<environment.Job instance at 0x7f816fdd3730>,27,17,[9 4],28,89,106,61,77
1,<environment.Job instance at 0x7f816fdd3a00>,29,18,[ 1 11],30,92,110,62,81
1,<environment.Job instance at 0x7f8170230910>,2,2,[ 3 12],3,3,5,0,3
1,<environment.Job instance at 0x7f81705425a0>,3,2,[ 4 10],4,5,7,1,4
1,<environment.Job instance at 0x7f81701b1640>,4,14,[10  1],5,5,19,0,5
1,<environment.Job instance at 0x7f81701b1c80>,5,3,[7 3],6,19,22,13,6
1,<environment.Job instance at 0x7f81701b1b90>,6,16,[5 6],7,7,23,0,7
1,<environment.Job instance at 0x7f81701b1960>,7,3,[4 5],8,22,25,14,8
1,<environment.Job instance at 0x7f81701b1410>,8,13,[6 3],9,22,35,13,9
1,<environment.Job instance at 0x7f81701b17d0>,9,17,[4 9],10,25,42,15,13
1,<environment.Job instance at 0x7f816f756b90>,14,2,[11  5],15,35,37,20,15
1,<environment.Job instance at 0x7f81701b1320>,16,17,[5 2],17,37,54,20,25
1,<environment.Job instance at 0x7f81701b1fa0>,11,2,[ 3 10],12,42,44,30,26
1,<environment.Job instance at 0x7f816f7560f0>,18,1,[ 2 10],19,44,45,25,29
1,<environment.Job instance at 0x7f816f756690>,17,16,[2 5],18,45,61,27,32
1,<environment.Job instance at 0x7f816f756550>,21,13,[3 5],22,45,58,23,32
1,<environment.Job instance at 0x7f816f756050>,23,15,[7 4],24,54,69,30,40
1,<environment.Job instance at 0x7f816fde87d0>,25,14,[5 5],26,58,72,32,43
1,<environment.Job instance at 0x7f81701b1910>,12,15,[2 5],13,61,76,48,47
1,<environment.Job instance at 0x7f816fde8640>,27,3,[2 7],28,72,75,44,47
1,<environment.Job instance at 0x7f816fde8320>,28,15,[3 6],29,75,90,46,61
1,<environment.Job instance at 0x7f816fde8d70>,26,16,[8 1],27,69,85,42,61
1,<environment.Job instance at 0x7f8170958460>,31,17,[1 9],32,85,102,53,73
1,<environment.Job instance at 0x7f8170958d20>,32,12,[3 6],33,90,102,57,73
1,<environment.Job instance at 0x7f8170958be0>,33,13,[2 8],34,102,115,68,86
1,<environment.Job instance at 0x7f8170958fa0>,36,3,[5 5],37,102,105,65,86
1,<environment.Job instance at 0x7f816fe895f0>,0,12,[2 5],1,1,13,0,1
1,<environment.Job instance at 0x7f816fb47b90>,1,2,[4 6],2,2,4,0,2
1,<environment.Job instance at 0x7f8170953730>,2,2,[10  3],3,4,6,1,3
1,<environment.Job instance at 0x7f816fe2a3c0>,3,17,[5 2],4,6,23,2,4
1,<environment.Job instance at 0x7f816fb473c0>,4,14,[8 3],5,6,20,1,5
1,<environment.Job instance at 0x7f816fb47820>,6,17,[5 6],7,20,37,13,8
1,<environment.Job instance at 0x7f816fe5d730>,8,15,[2 6],9,13,28,4,9
1,<environment.Job instance at 0x7f816fe5d8c0>,9,3,[3 9],10,28,31,18,11
1,<environment.Job instance at 0x7f816fe5d550>,13,1,[ 2 14],14,37,38,23,14
1,<environment.Job instance at 0x7f816fe5df50>,14,14,[5 1],15,31,45,16,17
1,<environment.Job instance at 0x7f816fe5d0f0>,15,2,[4 8],16,31,33,15,17
1,<environment.Job instance at 0x7f8170738fa0>,10,2,[6 5],11,38,40,27,24
1,<environment.Job instance at 0x7f816fe5da50>,12,17,[3 5],13,38,55,25,26
1,<environment.Job instance at 0x7f8170235460>,18,13,[6 1],19,40,53,21,26
1,<environment.Job instance at 0x7f8170235500>,17,2,[14  3],18,55,57,37,28
1,<environment.Job instance at 0x7f8170972370>,23,17,[6 2],24,57,74,33,45
1,<environment.Job instance at 0x7f816f6d9b90>,20,12,[2 5],21,57,69,36,45
1,<environment.Job instance at 0x7f81708ab3c0>,29,2,[7 3],30,53,55,23,45
1,<environment.Job instance at 0x7f816fe5d370>,11,16,[3 6],12,57,73,45,50
1,<environment.Job instance at 0x7f8170739460>,31,3,[3 7],32,50,53,18,50
1,<environment.Job instance at 0x7f816fe49eb0>,32,1,[ 3 10],33,73,74,40,55
1,<environment.Job instance at 0x7f81700225f0>,16,14,[9 3],17,74,88,57,59
1,<environment.Job instance at 0x7f8170112640>,34,14,[5 5],35,74,88,39,59
1,<environment.Job instance at 0x7f816ffec2d0>,36,3,[ 1 10],37,88,91,51,63
1,<environment.Job instance at 0x7f816ffec0f0>,37,3,[ 5 11],38,91,94,53,65
1,<environment.Job instance at 0x7f8170112500>,38,2,[ 1 10],39,94,96,55,75
1,<environment.Job instance at 0x7f81704c5a50>,35,15,[10  3],36,88,103,52,75
1,<environment.Job instance at 0x7f816fc93640>,40,12,[ 5 10],41,96,108,55,79
1,<environment.Job instance at 0x7f816fc934b0>,41,3,[6 4],42,103,106,61,79
1,<environment.Job instance at 0x7f816ffb5c30>,0,16,[5 5],1,1,17,0,1
1,<environment.Job instance at 0x7f81708a8730>,1,2,[6 2],2,2,4,0,2
1,<environment.Job instance at 0x7f816ffb51e0>,3,2,[3 5],4,4,6,0,4
1,<environment.Job instance at 0x7f81708a8690>,4,14,[ 5 10],5,6,20,1,5
1,<environment.Job instance at 0x7f81708a8b90>,5,14,[8 1],6,17,31,11,6
1,<environment.Job instance at 0x7f81708a8e60>,9,2,[9 5],10,31,33,21,10
1,<environment.Job instance at 0x7f81708a89b0>,10,2,[7 4],11,20,22,9,11
1,<environment.Job instance at 0x7f81708a8370>,11,2,[5 8],12,22,24,10,12
1,<environment.Job instance at 0x7f81708a8500>,12,14,[6 3],13,24,38,11,14
1,<environment.Job instance at 0x7f81708a84b0>,13,3,[4 7],14,33,36,19,14
1,<environment.Job instance at 0x7f81708a8870>,14,2,[ 1 12],15,36,38,21,15
1,<environment.Job instance at 0x7f816f4e4e60>,15,1,[7 2],16,38,39,22,16
1,<environment.Job instance at 0x7f81708a8640>,8,14,[13  1],9,39,53,30,24
1,<environment.Job instance at 0x7f81708a8af0>,17,2,[5 9],18,53,55,35,26
1,<environment.Job instance at 0x7f816f4e4370>,16,15,[2 9],17,38,53,21,29
1,<environment.Job instance at 0x7f816f4e49b0>,19,1,[2 6],20,53,54,33,29
1,<environment.Job instance at 0x7f816f4e4820>,20,12,[3 5],21,54,66,33,37
1,<environment.Job instance at 0x7f816fe9b500>,21,3,[1 9],22,55,58,33,37
1,<environment.Job instance at 0x7f816f4e4640>,18,12,[4 8],19,58,70,39,41
1,<environment.Job instance at 0x7f81704db5f0>,23,1,[ 1 10],24,70,71,46,44
1,<environment.Job instance at 0x7f81708a8eb0>,6,15,[9 4],7,66,81,59,56
1,<environment.Job instance at 0x7f81708a85a0>,7,17,[1 8],8,71,88,63,59
1,<environment.Job instance at 0x7f8170c64640>,31,16,[6 5],32,81,97,49,68
1,<environment.Job instance at 0x7f81704c17d0>,32,18,[9 5],33,88,106,55,77
1,<environment.Job instance at 0x7f8170123050>,0,1,[6 1],1,1,2,0,1
1,<environment.Job instance at 0x7f81701235a0>,3,18,[4 5],4,4,22,0,4
1,<environment.Job instance at 0x7f81701235f0>,4,14,[5 1],5,5,19,0,5
1,<environment.Job instance at 0x7f8170ad92d0>,1,24,[2 7],2,7,31,5,7
1,<environment.Job instance at 0x7f817011f230>,10,14,[10  5],11,22,36,11,12
1,<environment.Job instance at 0x7f817011fd70>,12,16,[ 3 10],13,31,47,18,20
1,<environment.Job instance at 0x7f817011f7d0>,15,13,[8 4],16,36,49,20,20
1,<environment.Job instance at 0x7f81701245a0>,23,15,[6 5],24,47,62,23,33
1,<environment.Job instance at 0x7f817011f5a0>,24,18,[8 5],25,49,67,24,38
1,<environment.Job instance at 0x7f817011f280>,9,16,[7 5],10,62,78,52,52
1,<environment.Job instance at 0x7f8170124cd0>,28,17,[5 9],29,67,84,38,55
1,<environment.Job instance at 0x7f81701247d0>,29,12,[10  2],30,78,90,48,61
1,<environment.Job instance at 0x7f8170124370>,30,12,[2 5],31,84,96,53,67
1,<environment.Job instance at 0x7f81701246e0>,31,2,[9 5],32,90,92,58,67
1,<environment.Job instance at 0x7f8170124eb0>,32,3,[4 5],33,90,93,57,67
1,<environment.Job instance at 0x7f81701248c0>,33,1,[2 6],34,84,85,50,67
1,<environment.Job instance at 0x7f8170124730>,34,12,[8 2],35,92,104,57,75
1,<environment.Job instance at 0x7f8170124820>,35,12,[6 1],36,96,108,60,79
1,<environment.Job instance at 0x7f817011af50>,36,14,[ 4 13],37,104,118,67,89
1,<environment.Job instance at 0x7f816fdd7a50>,0,12,[3 7],1,1,13,0,1
1,<environment.Job instance at 0x7f817011a9b0>,1,17,[2 6],2,3,20,1,3
1,<environment.Job instance at 0x7f817011af50>,2,3,[5 2],3,3,6,0,3
1,<environment.Job instance at 0x7f8170bd30f0>,5,18,[6 4],6,13,31,7,6
1,<environment.Job instance at 0x7f816f588690>,6,1,[3 9],7,20,21,13,8
1,<environment.Job instance at 0x7f8170bd3f50>,8,1,[10  3],9,31,32,22,9
1,<environment.Job instance at 0x7f81701a0320>,10,3,[8 2],11,21,24,10,12
1,<environment.Job instance at 0x7f8170d8bcd0>,12,3,[6 3],13,13,16,0,13
1,<environment.Job instance at 0x7f8170d8b280>,13,15,[8 3],14,32,47,18,18
1,<environment.Job instance at 0x7f81793adfa0>,18,1,[7 5],19,19,20,0,19
1,<environment.Job instance at 0x7f8170d8b1e0>,19,2,[ 2 11],20,24,26,4,20
1,<environment.Job instance at 0x7f817062fdc0>,20,3,[4 8],21,26,29,5,21
1,<environment.Job instance at 0x7f81707d4140>,21,3,[2 9],22,29,32,7,22
1,<environment.Job instance at 0x7f8170d065f0>,23,18,[5 8],24,32,50,8,24
1,<environment.Job instance at 0x7f8170657910>,25,15,[9 4],26,47,62,21,33
1,<environment.Job instance at 0x7f81704d3e10>,26,14,[10  3],27,62,76,35,47
1,<environment.Job instance at 0x7f817067e690>,27,18,[10  1],28,76,94,48,65
1,<environment.Job instance at 0x7f81702f1320>,28,15,[8 5],29,94,109,65,80
1,<environment.Job instance at 0x7f8179302cd0>,29,15,[5 7],30,80,95,50,80
1,<environment.Job instance at 0x7f81793027d0>,30,13,[3 5],31,95,108,64,80
1,<environment.Job instance at 0x7f817053dd20>,1,17,[3 9],2,2,19,0,2
1,<environment.Job instance at 0x7f817062a960>,2,13,[10  5],3,3,16,0,3
1,<environment.Job instance at 0x7f8170b8b9b0>,4,1,[6 1],5,16,17,11,5
1,<environment.Job instance at 0x7f8170b8b8c0>,5,1,[8 2],6,17,18,11,6
1,<environment.Job instance at 0x7f8170b8bb40>,6,15,[2 6],7,18,33,11,7
1,<environment.Job instance at 0x7f8170b8bc30>,7,18,[ 4 10],8,33,51,25,22
1,<environment.Job instance at 0x7f8170b8beb0>,11,13,[5 5],12,22,35,10,22
1,<environment.Job instance at 0x7f8170b8bf50>,12,17,[8 5],13,35,52,22,23
1,<environment.Job instance at 0x7f8170b8bc80>,13,1,[ 5 10],14,51,52,37,23
1,<environment.Job instance at 0x7f8170b8be10>,10,1,[5 6],11,52,53,41,27
1,<environment.Job instance at 0x7f8170b8bd70>,9,2,[6 3],10,29,31,19,29
1,<environment.Job instance at 0x7f8170b93190>,15,12,[3 9],16,52,64,36,35
1,<environment.Job instance at 0x7f8170b93410>,19,14,[10  4],20,53,67,33,41
1,<environment.Job instance at 0x7f8170b93960>,26,15,[10  5],27,67,82,40,53
1,<environment.Job instance at 0x7f8170b93230>,16,13,[2 9],17,64,77,47,58
1,<environment.Job instance at 0x7f8170b93af0>,27,17,[7 4],28,82,99,54,70
1,<environment.Job instance at 0x7f8170b93d20>,31,13,[5 7],32,77,90,45,70
1,<environment.Job instance at 0x7f8170ba72d0>,35,14,[5 9],36,90,104,54,75
1,<environment.Job instance at 0x7f8170ba7d20>,40,12,[5 5],41,99,111,58,82
1,<environment.Job instance at 0x7f8170b78aa0>,0,2,[5 7],1,1,3,0,1
1,<environment.Job instance at 0x7f8170b787d0>,1,15,[ 4 11],2,3,18,1,2
1,<environment.Job instance at 0x7f8170b78910>,3,12,[8 3],4,4,16,0,4
1,<environment.Job instance at 0x7f8170b785a0>,4,16,[5 5],5,18,34,13,5
1,<environment.Job instance at 0x7f8170b78e60>,5,15,[3 5],6,18,33,12,6
1,<environment.Job instance at 0x7f8170b78eb0>,7,12,[1 8],8,33,45,25,16
1,<environment.Job instance at 0x7f8170b78dc0>,11,15,[ 5 10],12,45,60,33,31
1,<environment.Job instance at 0x7f8170b88f50>,13,12,[5 4],14,34,46,20,31
1,<environment.Job instance at 0x7f8170b88eb0>,14,17,[2 6],15,60,77,45,48
1,<environment.Job instance at 0x7f8170b881e0>,15,12,[5 3],16,48,60,32,48
1,<environment.Job instance at 0x7f8170b88190>,21,14,[8 3],22,60,74,38,48
1,<environment.Job instance at 0x7f8170b886e0>,22,13,[3 9],23,74,87,51,58
1,<environment.Job instance at 0x7f8170b888c0>,23,13,[3 9],24,87,100,63,71
1,<environment.Job instance at 0x7f8170b88c80>,24,18,[ 2 10],25,100,118,75,89
1,<environment.Job instance at 0x7f8170b883c0>,27,17,[10  2],28,89,106,61,89
1,<environment.Job instance at 0x7f816f423370>,0,13,[8 5],1,1,14,0,1
1,<environment.Job instance at 0x7f816f4234b0>,1,18,[2 9],2,2,20,0,2
1,<environment.Job instance at 0x7f816f423aa0>,6,14,[9 3],7,14,28,7,7
1,<environment.Job instance at 0x7f816f423050>,3,1,[2 5],4,20,21,16,8
1,<environment.Job instance at 0x7f816f4238c0>,9,2,[3 7],10,20,22,10,11
1,<environment.Job instance at 0x7f816f423d70>,7,14,[10  5],8,28,42,20,13
1,<environment.Job instance at 0x7f816f423af0>,2,3,[14  5],3,42,45,39,16
1,<environment.Job instance at 0x7f816f423910>,5,2,[5 5],6,22,24,16,22
1,<environment.Job instance at 0x7f816f423230>,12,1,[12  1],13,45,46,32,26
1,<environment.Job instance at 0x7f816f423fa0>,14,3,[8 4],15,46,49,31,26
1,<environment.Job instance at 0x7f816f423640>,15,2,[9 3],16,49,51,33,26
1,<environment.Job instance at 0x7f816f423c30>,16,2,[4 6],17,26,28,9,26
1,<environment.Job instance at 0x7f816f4232d0>,17,2,[3 7],18,28,30,10,26
1,<environment.Job instance at 0x7f816f423b40>,18,2,[5 1],19,30,32,11,27
1,<environment.Job instance at 0x7f816fde1960>,19,13,[5 7],20,46,59,26,31
1,<environment.Job instance at 0x7f816f423730>,11,17,[9 2],12,51,68,39,41
1,<environment.Job instance at 0x7f816f4235f0>,13,1,[5 6],14,41,42,27,41
1,<environment.Job instance at 0x7f816fde1b90>,20,12,[5 9],21,59,71,38,42
1,<environment.Job instance at 0x7f816fde1b40>,22,12,[10  1],23,68,80,45,51
1,<environment.Job instance at 0x7f816fde1460>,23,12,[9 1],24,80,92,56,63
1,<environment.Job instance at 0x7f816fde11e0>,27,14,[5 7],28,71,85,43,63
1,<environment.Job instance at 0x7f816fde1870>,29,14,[3 7],30,85,99,55,71
1,<environment.Job instance at 0x7f816fde15a0>,30,3,[1 5],31,80,83,49,71
1,<environment.Job instance at 0x7f816fde1dc0>,31,18,[10  1],32,92,110,60,81
1,<environment.Job instance at 0x7fec27c91320>,1,1,[3 7],2,2,3,0,2
1,<environment.Job instance at 0x7fec1e519460>,2,13,[10  1],3,3,16,0,3
1,<environment.Job instance at 0x7fec1e519640>,3,17,[ 5 10],4,4,21,0,4
1,<environment.Job instance at 0x7fec1e519730>,4,1,[5 6],5,21,22,16,5
1,<environment.Job instance at 0x7fec1e519820>,5,12,[1 7],6,21,33,15,6
1,<environment.Job instance at 0x7fec1e519910>,6,1,[9 5],7,16,17,9,7
1,<environment.Job instance at 0x7fec1e5199b0>,7,16,[5 8],8,22,38,14,9
1,<environment.Job instance at 0x7fec1e519be0>,11,3,[5 5],12,17,20,5,12
1,<environment.Job instance at 0x7fec1e519b90>,10,12,[5 5],11,33,45,22,20
1,<environment.Job instance at 0x7fec27c911e0>,8,16,[1 8],9,38,54,29,25
1,<environment.Job instance at 0x7fec1e519dc0>,14,18,[1 6],15,45,63,30,34
1,<environment.Job instance at 0x7fec1e519cd0>,15,16,[5 5],16,54,70,38,41
1,<environment.Job instance at 0x7fec1e51b050>,18,12,[1 8],19,63,75,44,46
1,<environment.Job instance at 0x7fec1e51b2d0>,20,14,[4 8],21,75,89,54,60
1,<environment.Job instance at 0x7fec1e51b5f0>,26,16,[9 1],27,60,76,33,60
1,<environment.Job instance at 0x7fec1e51b870>,27,13,[11  4],28,76,89,48,60
1,<environment.Job instance at 0x7fec1e51b9b0>,29,18,[5 1],30,89,107,59,78
1,<environment.Job instance at 0x7fec1e51baf0>,31,15,[5 5],32,89,104,57,78
1,<environment.Job instance at 0x7fec1e51bc30>,33,15,[5 3],34,89,104,55,78
1,<environment.Job instance at 0x7fec1e51b780>,34,19,[3 7],35,104,123,69,94
1,<environment.Job instance at 0x7fec1e51b730>,36,13,[7 1],37,104,117,67,94
1,<environment.Job instance at 0x7fec1e51be60>,37,2,[8 4],38,117,119,79,94
1,<environment.Job instance at 0x7fec1e8b3cd0>,0,3,[1 7],1,1,4,0,1
1,<environment.Job instance at 0x7fec1e51beb0>,1,16,[6 3],2,2,18,0,2
1,<environment.Job instance at 0x7fec1e51be60>,3,12,[9 2],4,4,16,0,4
1,<environment.Job instance at 0x7fec1e8c79b0>,4,2,[8 4],5,16,18,11,5
1,<environment.Job instance at 0x7fec1e8c7be0>,5,12,[10  3],6,18,30,12,7
1,<environment.Job instance at 0x7fec1e8b3230>,2,21,[1 8],3,16,37,13,8
1,<environment.Job instance at 0x7fec1e8c7af0>,9,18,[9 4],10,30,48,20,19
1,<environment.Job instance at 0x7fec1df18be0>,15,12,[2 6],16,37,49,21,20
1,<environment.Job instance at 0x7fec1db90f00>,18,13,[1 5],19,37,50,18,21
1,<environment.Job instance at 0x7fec1e8c7500>,20,16,[5 2],21,48,64,27,35
1,<environment.Job instance at 0x7fec1e8c7c30>,7,17,[10  2],8,50,67,42,38
1,<environment.Job instance at 0x7fec1e033140>,23,2,[1 7],24,64,66,40,38
1,<environment.Job instance at 0x7fec1e8c7f00>,24,1,[10  1],25,67,68,42,39
1,<environment.Job instance at 0x7fec1e033500>,25,12,[2 8],26,66,78,40,49
1,<environment.Job instance at 0x7fec1de69370>,26,13,[6 2],27,68,81,41,52
1,<environment.Job instance at 0x7fec1dfd8190>,27,14,[4 5],28,68,82,40,53
1,<environment.Job instance at 0x7fec1dfd8230>,28,2,[7 2],29,81,83,52,54
1,<environment.Job instance at 0x7fec1dff21e0>,29,3,[11  5],30,83,86,53,57
1,<environment.Job instance at 0x7fec1dff23c0>,30,1,[4 7],31,78,79,47,57
1,<environment.Job instance at 0x7fec1dff2370>,31,17,[5 9],32,86,103,54,75
1,<environment.Job instance at 0x7fec1e8c7fa0>,8,12,[ 1 10],9,103,115,94,86
1,<environment.Job instance at 0x7fec1df26d70>,33,12,[5 1],34,86,98,52,86
1,<environment.Job instance at 0x7fec1dbf0b90>,34,17,[5 3],35,86,103,51,86
1,<environment.Job instance at 0x7fec1dc58780>,35,23,[1 5],36,103,126,67,97
1,<environment.Job instance at 0x7fec1dcfb910>,0,2,[1 9],1,1,3,0,1
1,<environment.Job instance at 0x7fec1dc58780>,2,13,[9 4],3,3,16,0,3
1,<environment.Job instance at 0x7fec1dcfb280>,3,1,[3 6],4,4,5,0,4
1,<environment.Job instance at 0x7fec1dc38550>,4,1,[ 3 12],5,16,17,11,5
1,<environment.Job instance at 0x7fec1dc387d0>,5,15,[5 6],6,17,32,11,6
1,<environment.Job instance at 0x7fec1dc386e0>,6,2,[4 9],7,7,9,0,7
1,<environment.Job instance at 0x7fec1dc38780>,7,2,[10  1],8,16,18,8,8
1,<environment.Job instance at 0x7fec1dc38690>,8,14,[5 5],9,18,32,9,9
1,<environment.Job instance at 0x7fec1dc389b0>,13,12,[1 9],14,32,44,18,20
1,<environment.Job instance at 0x7fec1dcfb960>,12,20,[1 8],13,44,64,31,35
1,<environment.Job instance at 0x7fec1dc38af0>,16,18,[7 4],17,36,54,19,36
1,<environment.Job instance at 0x7fec1dc38b90>,14,13,[5 9],15,64,77,49,48
1,<environment.Job instance at 0x7fec1dc3a640>,20,22,[5 5],21,54,76,33,48
1,<environment.Job instance at 0x7fec1dc3a0a0>,22,16,[3 7],23,77,93,54,64
1,<environment.Job instance at 0x7fec1dc3a0f0>,25,18,[5 8],26,77,95,51,66
1,<environment.Job instance at 0x7fec1dc3a550>,26,3,[4 6],27,93,96,66,67
1,<environment.Job instance at 0x7fec1dc3afa0>,27,16,[5 6],28,95,111,67,82
1,<environment.Job instance at 0x7fec1dc3ac80>,32,17,[7 4],33,96,113,63,84
1,<environment.Job instance at 0x7fec1dc3b500>,37,12,[5 8],38,111,123,73,94
1,<environment.Job instance at 0x7fec1dc3b960>,41,15,[6 4],42,113,128,71,99
1,<environment.Job instance at 0x7fec1df325f0>,1,12,[3 5],2,2,14,0,2
1,<environment.Job instance at 0x7fec1df18690>,0,3,[ 3 10],1,3,6,2,3
1,<environment.Job instance at 0x7fec1dc3bf50>,2,23,[6 3],3,6,29,3,3
1,<environment.Job instance at 0x7fec1dc3b0f0>,4,13,[4 5],5,6,19,1,5
1,<environment.Job instance at 0x7fec1df4f190>,6,16,[9 1],7,19,35,12,7
1,<environment.Job instance at 0x7fec1df4f320>,7,1,[8 3],8,35,36,27,8
1,<environment.Job instance at 0x7fec1df4f8c0>,8,12,[5 5],9,29,41,20,12
1,<environment.Job instance at 0x7fec1df4feb0>,9,14,[5 2],10,36,50,26,21
1,<environment.Job instance at 0x7fec1dc58640>,10,14,[5 4],11,36,50,25,21
1,<environment.Job instance at 0x7fec1e037aa0>,20,2,[10  2],21,50,52,29,23
1,<environment.Job instance at 0x7fec1e19aeb0>,21,1,[13  2],22,52,53,30,24
1,<environment.Job instance at 0x7fec1e19a4b0>,24,18,[2 6],25,41,59,16,36
1,<environment.Job instance at 0x7fec1e18b0a0>,22,12,[6 4],23,53,65,30,36
1,<environment.Job instance at 0x7fec1dc666e0>,26,3,[7 3],27,53,56,26,36
1,<environment.Job instance at 0x7fec1dc66320>,27,2,[7 2],28,56,58,28,36
1,<environment.Job instance at 0x7fec1dc664b0>,28,2,[10  5],29,65,67,36,38
1,<environment.Job instance at 0x7fec1e13f4b0>,29,2,[13  5],30,67,69,37,40
1,<environment.Job instance at 0x7fec1e13ffa0>,30,3,[1 7],31,59,62,28,40
1,<environment.Job instance at 0x7fec1ea7f780>,31,3,[8 1],32,59,62,27,40
1,<environment.Job instance at 0x7fec1df265a0>,12,15,[2 9],13,62,77,49,53
1,<environment.Job instance at 0x7fec1db9e640>,32,17,[6 1],33,69,86,36,58
1,<environment.Job instance at 0x7fec278dd780>,34,12,[1 8],35,77,89,42,60
1,<environment.Job instance at 0x7fec1db90960>,35,1,[9 1],36,86,87,50,60
1,<environment.Job instance at 0x7fec1db90f00>,36,12,[14  5],37,87,99,50,70
1,<environment.Job instance at 0x7fec1e13fd70>,37,2,[2 8],38,99,101,61,72
1,<environment.Job instance at 0x7fec1dc34c30>,38,2,[ 2 10],39,101,103,62,74
1,<environment.Job instance at 0x7fec1dc34190>,39,13,[10  3],40,99,112,59,83
1,<environment.Job instance at 0x7fec1e19f780>,25,18,[5 9],26,103,121,77,92
1,<environment.Job instance at 0x7fec1dbd9d20>,54,14,[6 3],55,112,126,57,98
1,<environment.Job instance at 0x7fec1e270370>,0,1,[3 5],1,2,3,1,2
1,<environment.Job instance at 0x7fec1e270f00>,1,3,[2 5],2,2,5,0,2
1,<environment.Job instance at 0x7fec1ebecc30>,3,3,[8 2],4,4,7,0,4
1,<environment.Job instance at 0x7fec1ebfdb90>,4,12,[ 5 10],5,5,17,0,5
1,<environment.Job instance at 0x7fec1ebfdc80>,5,1,[4 9],6,17,18,11,6
1,<environment.Job instance at 0x7fec1ec0f8c0>,7,19,[5 3],8,8,27,0,8
1,<environment.Job instance at 0x7fec1ec0f3c0>,9,3,[5 2],10,10,13,0,10
1,<environment.Job instance at 0x7fec1ec0f280>,10,12,[6 2],11,17,29,6,11
1,<environment.Job instance at 0x7fec1ec0fd70>,12,17,[2 9],13,18,35,5,14
1,<environment.Job instance at 0x7fec1ec0f140>,13,12,[2 9],14,35,47,21,18
1,<environment.Job instance at 0x7fec1ec04dc0>,16,1,[6 3],17,27,28,10,18
1,<environment.Job instance at 0x7fec1ec04b40>,17,12,[7 5],18,29,41,11,18
1,<environment.Job instance at 0x7fec1ec04550>,18,17,[5 5],19,41,58,22,29
1,<environment.Job instance at 0x7fec1ec04cd0>,14,15,[2 9],15,47,62,32,33
1,<environment.Job instance at 0x7fec1ec08f50>,20,17,[8 3],21,58,75,37,46
1,<environment.Job instance at 0x7fec1ec08230>,21,13,[7 2],22,62,75,40,46
1,<environment.Job instance at 0x7fec1ec08320>,24,15,[1 8],25,75,90,50,61
1,<environment.Job instance at 0x7fec1ec04370>,19,16,[1 7],20,75,91,55,62
1,<environment.Job instance at 0x7fec1ec08a50>,26,3,[5 8],27,90,93,63,64
1,<environment.Job instance at 0x7fec1ec08be0>,27,1,[3 7],28,91,92,63,64
1,<environment.Job instance at 0x7fec1dad32d0>,29,18,[8 3],30,92,110,62,81
1,<environment.Job instance at 0x7fec1dafcaf0>,37,14,[7 4],38,93,107,55,83
1,<environment.Job instance at 0x7fec1ebf8320>,28,19,[7 1],29,107,126,78,97
1,<environment.Job instance at 0x7fec1db51690>,38,16,[3 8],39,110,126,71,97
1,<environment.Job instance at 0x7fec1db04190>,41,15,[1 5],42,110,125,68,97
1,<environment.Job instance at 0x7fec1e238730>,0,3,[1 6],1,1,4,0,1
1,<environment.Job instance at 0x7fec1db12be0>,1,13,[8 5],2,2,15,0,2
1,<environment.Job instance at 0x7fec1e238870>,2,2,[7 3],3,4,6,1,3
1,<environment.Job instance at 0x7fec1e238e60>,3,2,[ 2 13],4,15,17,11,4
1,<environment.Job instance at 0x7fec1e238a50>,4,15,[4 8],5,17,32,12,5
1,<environment.Job instance at 0x7fec1e238b90>,6,17,[7 3],7,17,34,10,8
1,<environment.Job instance at 0x7fec1e911960>,5,16,[4 9],6,32,48,26,19
1,<environment.Job instance at 0x7fec1e911be0>,8,1,[12  2],9,48,49,39,23
1,<environment.Job instance at 0x7fec1e911140>,14,3,[5 1],15,34,37,19,23
1,<environment.Job instance at 0x7fec1e9110a0>,15,2,[2 6],16,37,39,21,23
1,<environment.Job instance at 0x7fec1e9119b0>,16,3,[ 1 11],17,48,51,31,23
1,<environment.Job instance at 0x7fec1e911b90>,9,3,[6 5],10,34,37,24,25
1,<environment.Job instance at 0x7fec1e911dc0>,13,16,[5 1],14,49,65,35,36
1,<environment.Job instance at 0x7fec1e911e60>,19,18,[1 8],20,51,69,31,40
1,<environment.Job instance at 0x7fec1e911370>,20,13,[4 5],21,51,64,30,40
1,<environment.Job instance at 0x7fec1e910370>,29,13,[9 2],30,64,77,34,48
1,<environment.Job instance at 0x7fec1e910960>,34,12,[2 7],35,69,81,34,52
1,<environment.Job instance at 0x7fec1e910a00>,35,19,[9 5],36,77,96,41,67
1,<environment.Job instance at 0x7fec1e910640>,37,15,[6 1],38,81,96,43,67
1,<environment.Job instance at 0x7fec1e910b40>,38,14,[ 3 10],39,96,110,57,81
1,<environment.Job instance at 0x7fec1e910730>,39,13,[1 8],40,110,123,70,94
1,<environment.Job instance at 0x7fec1e910460>,40,3,[5 4],41,96,99,55,94
1,<environment.Job instance at 0x7fec1e910cd0>,43,12,[7 1],44,96,108,52,94
1,<environment.Job instance at 0x7fec1e96c780>,46,15,[6 3],47,108,123,61,94
1,<environment.Job instance at 0x7fec1db31550>,1,3,[ 4 10],2,2,5,0,2
1,<environment.Job instance at 0x7fec1db31b90>,0,21,[4 9],1,5,26,4,3
1,<environment.Job instance at 0x7fec1f053460>,2,3,[2 9],3,26,29,23,3
1,<environment.Job instance at 0x7fec1f053280>,4,14,[3 6],5,8,22,3,8
1,<environment.Job instance at 0x7fec1f0536e0>,5,13,[10  3],6,22,35,16,10
1,<environment.Job instance at 0x7fec1db31960>,3,12,[5 8],4,29,41,25,14
1,<environment.Job instance at 0x7fec1f053190>,6,13,[3 7],7,35,48,28,19
1,<environment.Job instance at 0x7fec1f053500>,8,14,[10  5],9,41,55,32,29
1,<environment.Job instance at 0x7fec1db1d6e0>,13,3,[4 5],14,48,51,34,29
1,<environment.Job instance at 0x7fec1f053eb0>,10,18,[1 6],11,51,69,40,40
1,<environment.Job instance at 0x7fec1f0530a0>,12,16,[7 2],13,55,71,42,42
1,<environment.Job instance at 0x7fec1db1ddc0>,18,13,[1 9],19,69,82,50,53
1,<environment.Job instance at 0x7fec1db1dfa0>,20,14,[9 5],21,71,85,50,56
1,<environment.Job instance at 0x7fec1db1d190>,21,1,[5 4],22,62,63,40,62
1,<environment.Job instance at 0x7fec1f053230>,7,17,[7 4],8,85,102,77,73
1,<environment.Job instance at 0x7fec1db1d140>,23,12,[8 4],24,85,97,61,73
1,<environment.Job instance at 0x7fec1db1dd20>,22,18,[9 4],23,102,120,79,91
1,<environment.Job instance at 0x7fec1db1d050>,25,18,[2 5],26,97,115,71,91
1,<environment.Job instance at 0x7fec1db1dcd0>,26,12,[5 7],27,115,127,88,98
1,<environment.Job instance at 0x7fec1ebd72d0>,0,1,[5 6],1,1,2,0,1
1,<environment.Job instance at 0x7fec1eb93910>,1,1,[2 6],2,3,4,1,3
1,<environment.Job instance at 0x7fec1db1dcd0>,2,3,[7 2],3,3,6,0,3
1,<environment.Job instance at 0x7fec1e922be0>,3,3,[3 6],4,4,7,0,4
1,<environment.Job instance at 0x7fec1dc072d0>,4,14,[4 5],5,5,19,0,5
1,<environment.Job instance at 0x7fec1dc07af0>,5,17,[3 7],6,7,24,1,6
1,<environment.Job instance at 0x7fec1dc07910>,6,2,[9 4],7,19,21,12,10
1,<environment.Job instance at 0x7fec1dc0be60>,9,16,[3 5],10,21,37,11,10
1,<environment.Job instance at 0x7fec1dc07960>,10,13,[ 5 10],11,24,37,13,11
1,<environment.Job instance at 0x7fec1dc07d70>,7,1,[14  1],8,37,38,29,12
1,<environment.Job instance at 0x7fec1dc0a050>,17,2,[2 9],18,38,40,20,18
1,<environment.Job instance at 0x7fec1dc0aeb0>,18,3,[3 5],19,38,41,19,19
1,<environment.Job instance at 0x7fec1dc0a870>,19,2,[7 5],20,40,42,20,20
1,<environment.Job instance at 0x7fec1dc0aaf0>,16,13,[7 3],17,41,54,24,25
1,<environment.Job instance at 0x7fec1e434c80>,20,13,[9 4],21,54,67,33,40
1,<environment.Job instance at 0x7fec1dc2b5a0>,26,16,[ 2 10],27,42,58,15,40
1,<environment.Job instance at 0x7fec1e4e8730>,27,23,[3 7],28,58,81,30,52
1,<environment.Job instance at 0x7fec1e4230f0>,28,13,[5 5],29,67,80,38,52
1,<environment.Job instance at 0x7fec1f0b4190>,29,14,[3 7],30,80,94,50,66
1,<environment.Job instance at 0x7fec1dc2bb40>,25,18,[10  2],26,81,99,55,77
1,<environment.Job instance at 0x7fec1e4e4aa0>,33,12,[4 6],34,94,106,60,77
1,<environment.Job instance at 0x7fec1e4e4640>,34,17,[6 1],35,99,116,64,87
1,<environment.Job instance at 0x7fec1e414370>,35,13,[9 2],36,106,119,70,91
1,<environment.Job instance at 0x7fec1e4dc7d0>,0,2,[9 2],1,1,3,0,1
1,<environment.Job instance at 0x7fec1f0c82d0>,1,13,[13  3],2,3,16,1,2
1,<environment.Job instance at 0x7fec1f0eb0f0>,3,13,[3 8],4,16,29,12,4
1,<environment.Job instance at 0x7fec1e4dc5a0>,4,18,[1 6],5,5,23,0,5
1,<environment.Job instance at 0x7fec1e25b550>,8,2,[2 7],9,23,25,14,9
1,<environment.Job instance at 0x7fec1e25b870>,9,13,[1 8],10,29,42,19,13
1,<environment.Job instance at 0x7fec1e25bcd0>,10,12,[8 2],11,25,37,14,16
1,<environment.Job instance at 0x7fec1e25b910>,11,1,[ 2 14],12,42,43,30,16
1,<environment.Job instance at 0x7fec1e25bd20>,12,17,[6 1],13,29,46,16,23
1,<environment.Job instance at 0x7fec1e25b820>,13,12,[5 5],14,43,55,29,26
1,<environment.Job instance at 0x7fec1e25b500>,14,1,[ 3 10],15,46,47,31,27
1,<environment.Job instance at 0x7fec1e25bc30>,15,2,[2 5],16,37,39,21,28
1,<environment.Job instance at 0x7fec1e25b5a0>,7,16,[6 1],8,47,63,39,34
1,<environment.Job instance at 0x7fec1e4dc780>,6,15,[5 5],7,55,70,48,41
1,<environment.Job instance at 0x7fec1e4dc410>,5,12,[ 2 10],6,63,75,57,47
1,<environment.Job instance at 0x7fec1e25b690>,18,13,[8 5],19,70,83,51,54
1,<environment.Job instance at 0x7fec1e25b0a0>,19,2,[8 1],20,83,85,63,60
1,<environment.Job instance at 0x7fec1e25b370>,21,3,[5 7],22,75,78,53,60
1,<environment.Job instance at 0x7fec1e25b280>,20,18,[7 2],21,78,96,57,68
1,<environment.Job instance at 0x7fec1e25b3c0>,17,15,[5 9],18,85,100,67,71
1,<environment.Job instance at 0x7fec1e25b190>,25,12,[11  4],26,100,112,74,83
1,<environment.Job instance at 0x7fec1e25ba00>,22,15,[4 7],23,100,115,77,90
1,<environment.Job instance at 0x7fec1ecfd050>,26,14,[6 2],27,112,126,85,97
1,<environment.Job instance at 0x7fec1ecfd640>,28,3,[10  1],29,97,100,68,97
1,<environment.Job instance at 0x7fec1e94eeb0>,0,2,[4 7],1,1,3,0,1
1,<environment.Job instance at 0x7fec1ecfd640>,2,20,[5 6],3,3,23,0,3
1,<environment.Job instance at 0x7fec1e94eb90>,1,15,[7 5],2,3,18,1,3
1,<environment.Job instance at 0x7fec1dc83cd0>,5,17,[2 6],6,18,35,12,7
1,<environment.Job instance at 0x7fec1dc83e60>,8,3,[3 9],9,23,26,14,9
1,<environment.Job instance at 0x7fec1e7e00a0>,3,3,[ 4 10],4,35,38,31,9
1,<environment.Job instance at 0x7fec1dc7e780>,10,13,[4 7],11,38,51,27,22
1,<environment.Job instance at 0x7fec1dc7e6e0>,11,1,[2 8],12,26,27,14,22
1,<environment.Job instance at 0x7fec1dc7ee60>,9,12,[1 7],10,38,50,28,23
1,<environment.Job instance at 0x7fec1dc7eaa0>,13,2,[8 4],14,27,29,13,23
1,<environment.Job instance at 0x7fec1dc7e140>,7,14,[9 5],8,50,64,42,36
1,<environment.Job instance at 0x7fec1e7e01e0>,4,13,[ 2 10],5,51,64,46,37
1,<environment.Job instance at 0x7fec1f03c050>,18,12,[2 8],19,64,76,45,48
1,<environment.Job instance at 0x7fec1dc83a50>,6,13,[7 3],7,64,77,57,48
1,<environment.Job instance at 0x7fec1e801910>,22,2,[ 2 10],23,76,78,53,49
1,<environment.Job instance at 0x7fec1e95f550>,24,12,[5 3],25,64,76,39,51
1,<environment.Job instance at 0x7fec1dc7eb40>,12,14,[10  5],13,77,91,64,62
1,<environment.Job instance at 0x7fec1dc79c80>,28,13,[6 5],29,91,104,62,75
1,<environment.Job instance at 0x7fec1dc79b40>,29,1,[6 4],30,91,92,61,75
1,<environment.Job instance at 0x7fec1e7fcf50>,19,16,[3 5],20,78,94,58,75
1,<environment.Job instance at 0x7fec1dc79f00>,32,13,[2 7],33,94,107,61,79
1,<environment.Job instance at 0x7fec1e3bc960>,34,17,[2 5],35,104,121,69,92
1,<environment.Job instance at 0x7fec1dc79960>,31,18,[8 1],32,104,122,72,95
1,<environment.Job instance at 0x7fec1e3efaf0>,39,1,[4 8],40,107,108,67,95
1,<environment.Job instance at 0x7fec1e3f2320>,40,1,[9 4],41,122,123,81,95
1,<environment.Job instance at 0x7fec1f037fa0>,38,17,[2 5],39,108,125,69,96
1,<environment.Job instance at 0x7fec1e4ef0f0>,0,2,[8 2],1,1,3,0,1
1,<environment.Job instance at 0x7fec1e3c7910>,1,2,[9 4],2,3,5,1,2
1,<environment.Job instance at 0x7fec1e19e320>,2,1,[4 8],3,4,5,1,4
1,<environment.Job instance at 0x7fec1dc92640>,3,3,[5 3],4,5,8,1,4
1,<environment.Job instance at 0x7fec1e19ef50>,4,3,[6 2],5,5,8,0,5
1,<environment.Job instance at 0x7fec1e19e230>,5,14,[4 9],6,6,20,0,6
1,<environment.Job instance at 0x7fec1e19ec30>,7,16,[9 1],8,8,24,0,8
1,<environment.Job instance at 0x7fec1e19eb40>,8,2,[1 8],9,20,22,11,9
1,<environment.Job instance at 0x7fec1dbdf410>,10,13,[3 8],11,22,35,11,11
1,<environment.Job instance at 0x7fec1dbdfa00>,11,12,[2 5],12,12,24,0,12
1,<environment.Job instance at 0x7fec1dbdf870>,12,17,[9 1],13,24,41,11,13
1,<environment.Job instance at 0x7fec1dbdf550>,15,16,[1 5],16,24,40,8,16
1,<environment.Job instance at 0x7fec1dbdf0a0>,17,17,[9 4],18,41,58,23,29
1,<environment.Job instance at 0x7fec1dbdf280>,22,18,[5 1],23,35,53,12,29
1,<environment.Job instance at 0x7fec1dbdfe60>,18,3,[1 8],19,40,43,21,29
1,<environment.Job instance at 0x7fec1dbdf780>,28,17,[8 3],29,58,75,29,46
1,<environment.Job instance at 0x7fec1e19e780>,6,26,[3 5],7,53,79,46,50
1,<environment.Job instance at 0x7fec1ee032d0>,30,15,[6 5],31,75,90,44,61
1,<environment.Job instance at 0x7fec1dbdfaa0>,24,1,[3 6],25,66,67,41,66
1,<environment.Job instance at 0x7fec1ee03af0>,31,22,[1 9],32,79,101,47,72
1,<environment.Job instance at 0x7fec1ee03780>,33,3,[8 2],34,90,93,56,72
1,<environment.Job instance at 0x7fec1ee03e10>,34,16,[5 1],35,75,91,40,72
1,<environment.Job instance at 0x7fec1ee03870>,35,1,[5 6],36,93,94,57,72
1,<environment.Job instance at 0x7fec1ee03a50>,32,14,[7 2],33,94,108,61,80
1,<environment.Job instance at 0x7fec1ee030f0>,37,14,[3 9],38,101,115,63,88
1,<environment.Job instance at 0x7fec1ee03aa0>,38,17,[9 1],39,108,125,69,96
1,<environment.Job instance at 0x7fec1d991230>,0,1,[6 3],1,1,2,0,1
1,<environment.Job instance at 0x7fec1ee031e0>,1,13,[3 5],2,2,15,0,2
1,<environment.Job instance at 0x7fec1ee03aa0>,3,15,[7 4],4,4,19,0,4
1,<environment.Job instance at 0x7fec1d991c80>,5,14,[5 5],6,6,20,0,6
1,<environment.Job instance at 0x7fec1d979460>,6,16,[8 1],7,19,35,12,7
1,<environment.Job instance at 0x7fec1d979b40>,7,3,[2 7],8,19,22,11,8
1,<environment.Job instance at 0x7fec1d979c80>,8,15,[3 6],9,20,35,11,9
1,<environment.Job instance at 0x7fec1d979500>,12,12,[3 6],13,22,34,9,13
1,<environment.Job instance at 0x7fec1d979140>,14,2,[2 7],15,34,36,19,17
1,<environment.Job instance at 0x7fec1d9799b0>,15,1,[7 5],16,35,36,19,18
1,<environment.Job instance at 0x7fec1d979960>,16,3,[5 5],17,36,39,19,18
1,<environment.Job instance at 0x7fec1d979a50>,13,13,[2 8],14,36,49,22,20
1,<environment.Job instance at 0x7fec1d979d20>,18,3,[9 3],19,39,42,20,20
1,<environment.Job instance at 0x7fec1d979e60>,19,14,[9 2],20,42,56,22,27
1,<environment.Job instance at 0x7fec1d979eb0>,24,3,[5 7],25,49,52,24,27
1,<environment.Job instance at 0x7fec1d9f5a00>,26,3,[4 9],27,52,55,25,27
1,<environment.Job instance at 0x7fec1d9f55f0>,27,18,[5 8],28,55,73,27,44
1,<environment.Job instance at 0x7fec1d9f53c0>,29,19,[3 7],30,56,75,26,46
1,<environment.Job instance at 0x7fec1d9f5780>,36,13,[2 9],37,75,88,38,59
1,<environment.Job instance at 0x7fec1d9f5fa0>,37,14,[2 6],38,73,87,35,59
1,<environment.Job instance at 0x7fec1d9f5be0>,40,16,[5 9],41,88,104,47,75
1,<environment.Job instance at 0x7fec1d9f5f00>,41,18,[2 6],42,87,105,45,76
1,<environment.Job instance at 0x7fec1d9f5c30>,42,18,[6 5],43,104,122,61,93
1,<environment.Job instance at 0x7fec1d9f57d0>,43,17,[5 2],44,104,121,60,93
1,<environment.Job instance at 0x7fec1d94aeb0>,44,14,[1 7],45,105,119,60,93
1,<environment.Job instance at 0x7fec1dfc7f50>,1,3,[3 7],2,2,5,0,2
1,<environment.Job instance at 0x7fec1d94a500>,2,1,[ 3 10],3,5,6,2,3
1,<environment.Job instance at 0x7fec1e4b3f50>,3,18,[7 5],4,4,22,0,4
1,<environment.Job instance at 0x7fec1e4b3140>,4,14,[5 5],5,6,20,1,5
1,<environment.Job instance at 0x7fec1e4b33c0>,5,15,[10  3],6,22,37,16,8
1,<environment.Job instance at 0x7fec1e4b3230>,8,2,[ 1 10],9,20,22,11,9
1,<environment.Job instance at 0x7fec1e4b3d20>,9,13,[ 5 10],10,22,35,12,10
1,<environment.Job instance at 0x7fec1e4b39b0>,10,12,[ 5 10],11,35,47,24,18
1,<environment.Job instance at 0x7fec1e4b3fa0>,7,3,[ 5 11],8,47,50,39,21
1,<environment.Job instance at 0x7fec1e4b3690>,13,3,[5 6],14,50,53,36,24
1,<environment.Job instance at 0x7fec1e4b3c80>,18,1,[5 5],19,37,38,18,24
1,<environment.Job instance at 0x7fec1e4b3550>,14,3,[6 4],15,38,41,23,24
1,<environment.Job instance at 0x7fec1e4b3f00>,17,14,[1 6],18,50,64,32,35
1,<environment.Job instance at 0x7fec1de2d550>,22,17,[5 5],23,53,70,30,41
1,<environment.Job instance at 0x7fec1de2d230>,23,15,[7 3],24,41,56,17,41
1,<environment.Job instance at 0x7fec1de2d820>,25,15,[6 4],26,56,71,30,42
1,<environment.Job instance at 0x7fec1de2d500>,29,16,[2 7],30,70,86,40,57
1,<environment.Job instance at 0x7fec1e4b3e60>,12,20,[6 5],13,71,91,58,62
1,<environment.Job instance at 0x7fec1de2d6e0>,31,17,[2 7],32,86,103,54,74
1,<environment.Job instance at 0x7fec1de2db40>,32,3,[13  3],33,91,94,58,74
1,<environment.Job instance at 0x7fec1de2dbe0>,33,12,[ 5 11],34,103,115,69,86
1,<environment.Job instance at 0x7fec1de2d280>,30,21,[10  4],31,94,115,63,86
1,<environment.Job instance at 0x7fec1e863550>,0,2,[7 4],1,1,3,0,1
1,<environment.Job instance at 0x7fec1e863320>,1,1,[1 6],2,3,4,1,3
1,<environment.Job instance at 0x7fec1de2d280>,2,22,[7 2],3,3,25,0,3
1,<environment.Job instance at 0x7fec1e3265f0>,3,18,[ 5 11],4,4,22,0,4
1,<environment.Job instance at 0x7fec1e637b90>,4,12,[2 6],5,22,34,17,5
1,<environment.Job instance at 0x7fec1e637960>,5,3,[7 5],6,25,28,19,7
1,<environment.Job instance at 0x7fec1e637f00>,13,2,[ 1 12],14,34,36,20,14
1,<environment.Job instance at 0x7fec1e637aa0>,14,3,[5 2],15,22,25,7,15
1,<environment.Job instance at 0x7fec1e637910>,15,3,[5 1],16,25,28,9,16
1,<environment.Job instance at 0x7fec1e637550>,12,16,[1 6],13,36,52,23,23
1,<environment.Job instance at 0x7fec1e637fa0>,17,13,[8 3],18,28,41,10,23
1,<environment.Job instance at 0x7fec1e326f00>,6,15,[10  3],7,41,56,34,30
1,<environment.Job instance at 0x7fec1e637500>,16,18,[2 5],17,36,54,19,30
1,<environment.Job instance at 0x7fec1e84bc80>,26,3,[5 3],27,30,33,3,30
1,<environment.Job instance at 0x7fec1e84b8c0>,27,3,[5 8],28,54,57,26,30
1,<environment.Job instance at 0x7fec1e84bb90>,28,2,[12  3],29,57,59,28,30
1,<environment.Job instance at 0x7fec1e84b050>,29,13,[8 5],30,59,72,29,44
1,<environment.Job instance at 0x7fec1e84bd70>,30,16,[4 6],31,59,75,28,46
1,<environment.Job instance at 0x7fec1e84b2d0>,31,13,[8 5],32,72,85,40,58
1,<environment.Job instance at 0x7fec1e637e60>,9,24,[5 8],10,75,99,65,70
1,<environment.Job instance at 0x7fec1e84bcd0>,33,18,[9 5],34,85,103,51,74
1,<environment.Job instance at 0x7fec1dd7df00>,34,13,[2 6],35,99,112,64,83
1,<environment.Job instance at 0x7fec1dd7d8c0>,35,16,[7 1],36,103,119,67,90
1,<environment.Job instance at 0x7fec1dd7d410>,36,13,[3 5],37,103,116,66,90
1,<environment.Job instance at 0x7fec1db9e6e0>,1,3,[10  4],2,2,5,0,2
1,<environment.Job instance at 0x7fec1dd7dcd0>,2,14,[10  4],3,5,19,2,3
1,<environment.Job instance at 0x7fec1db9edc0>,0,15,[ 1 11],1,4,19,3,4
1,<environment.Job instance at 0x7fec1db9eb40>,3,2,[4 7],4,19,21,15,4
1,<environment.Job instance at 0x7fec1db9ef50>,6,16,[4 5],7,19,35,12,7
1,<environment.Job instance at 0x7fec1db9e3c0>,5,18,[7 3],6,19,37,13,8
1,<environment.Job instance at 0x7fec1db9e910>,10,1,[2 6],11,21,22,10,11
1,<environment.Job instance at 0x7fec1db9ec80>,9,3,[3 6],10,22,25,12,11
1,<environment.Job instance at 0x7fec1eb685a0>,13,1,[7 2],14,35,36,21,14
1,<environment.Job instance at 0x7fec1eb688c0>,14,15,[6 3],15,36,51,21,23
1,<environment.Job instance at 0x7fec1eb68eb0>,15,13,[3 7],16,37,50,21,23
1,<environment.Job instance at 0x7fec1eb68a00>,16,3,[4 5],17,25,28,8,23
1,<environment.Job instance at 0x7fec1dd7d410>,4,14,[6 4],5,37,51,32,24
1,<environment.Job instance at 0x7fec1eb680a0>,18,1,[6 1],19,51,52,32,34
1,<environment.Job instance at 0x7fec1eb68190>,12,1,[1 5],13,50,51,37,39
1,<environment.Job instance at 0x7fec1db9ea50>,11,18,[10  5],12,52,70,40,43
1,<environment.Job instance at 0x7fec1eb68d20>,22,16,[3 5],23,51,67,28,43
1,<environment.Job instance at 0x7fec1e045aa0>,24,16,[3 6],25,67,83,42,54
1,<environment.Job instance at 0x7fec1e045910>,25,18,[9 5],26,70,88,44,60
1,<environment.Job instance at 0x7fec1e045d20>,33,15,[6 1],34,83,98,49,69
1,<environment.Job instance at 0x7fec1dd03fa0>,35,18,[5 5],36,88,106,52,77
1,<environment.Job instance at 0x7fec1dd03c80>,36,3,[4 7],37,88,91,51,77
1,<environment.Job instance at 0x7fec1dd036e0>,37,15,[4 6],38,91,106,53,77
1,<environment.Job instance at 0x7fec1dd03e60>,39,16,[1 8],40,106,122,66,93
1,<environment.Job instance at 0x7fec1dd03050>,40,12,[3 7],41,106,118,65,93
1,<environment.Job instance at 0x7fec1e42d5a0>,1,13,[9 1],2,2,15,0,2
1,<environment.Job instance at 0x7fec1e42d460>,0,2,[ 1 14],1,3,5,2,3
1,<environment.Job instance at 0x7fec1e42db90>,2,15,[9 4],3,15,30,12,3
1,<environment.Job instance at 0x7fec1e42d690>,4,2,[7 2],5,30,32,25,5
1,<environment.Job instance at 0x7fec1e42d0f0>,5,3,[9 5],6,32,35,26,6
1,<environment.Job instance at 0x7fec1e42dbe0>,6,16,[2 7],7,7,23,0,7
1,<environment.Job instance at 0x7fec1e42d0a0>,7,15,[4 8],8,23,38,15,9
1,<environment.Job instance at 0x7fec1e42d1e0>,8,12,[6 4],9,35,47,26,19
1,<environment.Job instance at 0x7fec1e42daf0>,9,14,[1 9],10,38,52,28,23
1,<environment.Job instance at 0x7fec1e42d3c0>,12,12,[7 1],13,38,50,25,23
1,<environment.Job instance at 0x7fec1e6c6460>,18,18,[2 9],19,52,70,33,41
1,<environment.Job instance at 0x7fec1e42dcd0>,11,18,[9 3],12,50,68,38,42
1,<environment.Job instance at 0x7fec1e6c6050>,21,1,[3 5],22,47,48,25,42
1,<environment.Job instance at 0x7fec1e6c6820>,22,2,[ 2 10],23,70,72,47,44
1,<environment.Job instance at 0x7fec1e6c6a50>,23,1,[6 5],24,48,49,24,44
1,<environment.Job instance at 0x7fec1e42dc30>,10,17,[ 2 13],11,72,89,61,60
1,<environment.Job instance at 0x7fec1e6c6960>,25,12,[8 5],26,89,101,63,72
1,<environment.Job instance at 0x7fec1e6c63c0>,26,12,[2 5],27,89,101,62,72
1,<environment.Job instance at 0x7fec1e6c68c0>,27,1,[8 3],28,101,102,73,75
1,<environment.Job instance at 0x7fec1e6c6a00>,28,2,[8 3],29,102,104,73,75
1,<environment.Job instance at 0x7fec1e6c6b90>,29,2,[ 1 10],30,101,103,71,77
1,<environment.Job instance at 0x7fec1e6c60a0>,30,18,[10  1],31,104,122,73,93
1,<environment.Job instance at 0x7fec1e6c6c80>,20,18,[2 7],21,103,121,82,93
1,<environment.Job instance at 0x7fec1dc927d0>,0,12,[10  5],1,1,13,0,1
1,<environment.Job instance at 0x7fec1e6c6500>,1,1,[5 4],2,2,3,0,2
1,<environment.Job instance at 0x7fec1e6c6c80>,3,13,[6 4],4,13,26,9,4
1,<environment.Job instance at 0x7fec1dc92640>,4,3,[6 5],5,13,16,8,5
1,<environment.Job instance at 0x7fec1dc92a50>,5,3,[5 7],6,6,9,0,6
1,<environment.Job instance at 0x7fec1dc92190>,6,3,[4 9],7,9,12,2,7
1,<environment.Job instance at 0x7fec1dc92140>,7,18,[3 7],8,16,34,8,8
1,<environment.Job instance at 0x7fec1dc0b870>,11,1,[5 2],12,12,13,0,12
1,<environment.Job instance at 0x7fec1dc0bbe0>,12,13,[5 6],13,26,39,13,13
1,<environment.Job instance at 0x7fec1dc0b780>,13,13,[7 5],14,34,47,20,18
1,<environment.Job instance at 0x7fec1dc0b280>,14,2,[ 4 10],15,39,41,24,18
1,<environment.Job instance at 0x7fec1dc92500>,9,15,[7 1],10,41,56,31,27
1,<environment.Job instance at 0x7fec1dc0bc80>,16,16,[3 5],17,47,63,30,34
1,<environment.Job instance at 0x7fec1dc0bf00>,18,18,[2 8],19,47,65,28,36
1,<environment.Job instance at 0x7fec1dc0b190>,22,19,[5 6],23,63,82,40,53
1,<environment.Job instance at 0x7fec1dc0be60>,23,12,[8 3],24,65,77,41,53
1,<environment.Job instance at 0x7fec1dc0b960>,24,16,[5 5],25,77,93,52,64
1,<environment.Job instance at 0x7fec1dc0be10>,25,15,[3 5],26,82,97,56,68
1,<environment.Job instance at 0x7fec1dc0b640>,26,16,[1 7],27,93,109,66,80
1,<environment.Job instance at 0x7fec1dc0baf0>,27,12,[1 8],28,97,109,69,80
1,<environment.Job instance at 0x7fec1dc0b5a0>,28,17,[4 9],29,109,126,80,97
1,<environment.Job instance at 0x7fec1d9545f0>,0,12,[9 4],1,1,13,0,1
1,<environment.Job instance at 0x7fec1dc0b5a0>,2,18,[2 9],3,3,21,0,3
1,<environment.Job instance at 0x7fec1f0100f0>,3,12,[7 1],4,13,25,9,4
1,<environment.Job instance at 0x7fec1d954730>,5,17,[5 6],6,21,38,15,9
1,<environment.Job instance at 0x7fec1f0101e0>,8,3,[1 9],9,25,28,16,9
1,<environment.Job instance at 0x7fec1f010140>,9,12,[3 8],10,28,40,18,11
1,<environment.Job instance at 0x7fec1f010460>,7,3,[3 7],8,21,24,13,11
1,<environment.Job instance at 0x7fec1f010230>,10,13,[8 5],11,38,51,27,22
1,<environment.Job instance at 0x7fec1dfa6140>,16,14,[9 3],17,51,65,34,36
1,<environment.Job instance at 0x7fec1dfa6050>,17,14,[10  5],18,65,79,47,50
1,<environment.Job instance at 0x7fec1dfa6550>,18,17,[10  4],19,79,96,60,67
1,<environment.Job instance at 0x7fec1dfa6640>,20,17,[2 9],21,68,85,47,68
1,<environment.Job instance at 0x7fec1f010d70>,6,2,[6 5],7,96,98,89,80
1,<environment.Job instance at 0x7fec1dfa6a00>,21,17,[9 2],22,96,113,74,84
1,<environment.Job instance at 0x7fec1e782a50>,1,18,[1 7],2,98,116,96,87
1,<environment.Job instance at 0x7fec1dfa6dc0>,28,2,[5 1],29,91,93,62,91
1,<environment.Job instance at 0x7fec1dfa6230>,29,13,[5 7],30,113,126,83,97
1,<environment.Job instance at 0x7fec1dd62050>,0,3,[3 5],1,1,4,0,1
1,<environment.Job instance at 0x7fec1dd62fa0>,1,2,[ 1 11],2,4,6,2,3
1,<environment.Job instance at 0x7fec1dd62190>,2,2,[10  2],3,3,5,0,3
1,<environment.Job instance at 0x7fec1dd628c0>,4,3,[5 8],5,6,9,1,5
1,<environment.Job instance at 0x7fec1dd41c30>,5,16,[5 1],6,6,22,0,6
1,<environment.Job instance at 0x7fec1dd41780>,6,17,[1 5],7,7,24,0,7
1,<environment.Job instance at 0x7fec1dd41370>,7,13,[2 8],8,9,22,1,8
1,<environment.Job instance at 0x7fec1dd41320>,8,12,[3 9],9,22,34,13,9
1,<environment.Job instance at 0x7fec1dd411e0>,9,3,[7 2],10,24,27,14,10
1,<environment.Job instance at 0x7fec1dd412d0>,13,1,[9 1],14,22,23,8,14
1,<environment.Job instance at 0x7fec1dd41cd0>,14,2,[3 7],15,34,36,19,15
1,<environment.Job instance at 0x7fec1dd41460>,11,12,[8 2],12,27,39,15,16
1,<environment.Job instance at 0x7fec1dd41a00>,16,15,[1 8],17,36,51,19,22
1,<environment.Job instance at 0x7fec1dd40730>,21,18,[7 2],22,39,57,17,28
1,<environment.Job instance at 0x7fec1dd402d0>,23,3,[5 9],24,51,54,27,28
1,<environment.Job instance at 0x7fec1dd40460>,24,14,[ 1 10],25,54,68,29,39
1,<environment.Job instance at 0x7fec1dd40280>,26,20,[5 4],27,57,77,30,48
1,<environment.Job instance at 0x7fec1dd41050>,12,15,[5 4],13,68,83,55,54
1,<environment.Job instance at 0x7fec1dd5b1e0>,32,2,[3 7],33,68,70,35,54
1,<environment.Job instance at 0x7fec1dd5b550>,33,2,[4 9],34,77,79,43,54
1,<environment.Job instance at 0x7fec1dd408c0>,31,18,[3 9],32,79,97,47,68
1,<environment.Job instance at 0x7fec1dd41140>,10,16,[11  4],11,83,99,72,72
1,<environment.Job instance at 0x7fec1dd5ba50>,36,3,[1 5],37,72,75,35,72
1,<environment.Job instance at 0x7fec1dd5b780>,37,15,[4 8],38,97,112,59,84
1,<environment.Job instance at 0x7fec1e9e3730>,0,17,[ 4 10],1,1,18,0,1
1,<environment.Job instance at 0x7fec1dd5b780>,2,12,[5 4],3,3,15,0,3
1,<environment.Job instance at 0x7fec1e9e3320>,1,21,[6 1],2,3,24,1,3
1,<environment.Job instance at 0x7fec1e657b90>,4,13,[2 9],5,18,31,13,5
1,<environment.Job instance at 0x7fec1dd51cd0>,3,3,[4 9],4,31,34,27,5
1,<environment.Job instance at 0x7fec1e657f00>,7,2,[3 8],8,34,36,26,11
1,<environment.Job instance at 0x7fec1e657eb0>,9,1,[ 4 10],10,36,37,26,11
1,<environment.Job instance at 0x7fec1e657f50>,10,13,[10  4],11,24,37,13,11
1,<environment.Job instance at 0x7fec1e657fa0>,8,1,[7 3],9,18,19,9,13
1,<environment.Job instance at 0x7fec1e64f280>,11,12,[7 2],12,37,49,25,20
1,<environment.Job instance at 0x7fec1e64f550>,15,21,[6 1],16,37,58,21,29
1,<environment.Job instance at 0x7fec1e64f370>,16,13,[7 2],17,49,62,32,33
1,<environment.Job instance at 0x7fec1e64f640>,18,17,[6 5],19,58,75,39,46
1,<environment.Job instance at 0x7fec1e64f960>,20,13,[5 9],21,62,75,41,47
1,<environment.Job instance at 0x7fec1e64f820>,21,17,[5 6],22,75,92,53,63
1,<environment.Job instance at 0x7fec1e64fa00>,22,18,[5 3],23,75,93,52,64
1,<environment.Job instance at 0x7fec1e64f1e0>,13,18,[5 2],14,75,93,61,64
1,<environment.Job instance at 0x7fec1e64fbe0>,25,14,[4 7],26,92,106,66,77
1,<environment.Job instance at 0x7fec1e64fb40>,24,22,[6 1],25,93,115,68,86
1,<environment.Job instance at 0x7fec1e64fdc0>,28,21,[1 8],29,106,127,77,98
1,<environment.Job instance at 0x7f51fb004320>,1,1,[3 7],2,2,3,0,2
1,<environment.Job instance at 0x7f51f188c410>,2,13,[10  1],3,3,16,0,3
1,<environment.Job instance at 0x7f51f188c5f0>,3,17,[ 5 10],4,4,21,0,4
1,<environment.Job instance at 0x7f51f188c7d0>,5,12,[1 7],6,21,33,15,6
1,<environment.Job instance at 0x7f51f188c910>,7,16,[5 8],8,21,37,13,8
1,<environment.Job instance at 0x7f51f188ca50>,11,3,[5 5],12,16,19,4,12
1,<environment.Job instance at 0x7f51fb0041e0>,9,16,[4 5],10,33,49,23,20
1,<environment.Job instance at 0x7f51f188cd70>,13,15,[7 4],14,37,52,23,23
1,<environment.Job instance at 0x7f51f188cd20>,14,18,[1 6],15,37,55,22,26
1,<environment.Job instance at 0x7f51f188ccd0>,15,16,[5 5],16,49,65,33,36
1,<environment.Job instance at 0x7f51f188cfa0>,18,12,[1 8],19,55,67,36,38
1,<environment.Job instance at 0x7f51f188e280>,20,14,[4 8],21,67,81,46,53
1,<environment.Job instance at 0x7f51f188e5a0>,26,16,[9 1],27,53,69,26,53
1,<environment.Job instance at 0x7f51f188caa0>,10,12,[5 5],11,69,81,58,58
1,<environment.Job instance at 0x7f51f188e780>,30,3,[6 5],31,81,84,50,58
1,<environment.Job instance at 0x7f51f188e870>,29,18,[5 1],30,69,87,39,58
1,<environment.Job instance at 0x7f51f188ea50>,33,15,[5 3],34,84,99,50,70
1,<environment.Job instance at 0x7f51f188e6e0>,31,15,[5 5],32,84,99,52,71
1,<environment.Job instance at 0x7f51f188eb90>,35,1,[9 1],36,99,100,63,71
1,<environment.Job instance at 0x7f51f188eaf0>,34,19,[3 7],35,87,106,52,81
1,<environment.Job instance at 0x7f51f188ef00>,38,12,[5 4],39,100,112,61,83
1,<environment.Job instance at 0x7f51f188ef50>,40,12,[10  2],41,106,118,65,92
1,<environment.Job instance at 0x7f51f188cbe0>,12,17,[1 8],13,112,129,99,102
1,<environment.Job instance at 0x7f51f188ecd0>,36,13,[7 1],37,118,131,81,109
1,<environment.Job instance at 0x7f51f1892280>,43,20,[5 2],44,118,138,74,109
1,<environment.Job instance at 0x7f51f1892410>,45,2,[9 3],46,131,133,85,109
1,<environment.Job instance at 0x7f51f1f3deb0>,0,17,[5 3],1,1,18,0,1
1,<environment.Job instance at 0x7f51f1892460>,1,18,[5 5],2,2,20,0,2
1,<environment.Job instance at 0x7f51f1f3d910>,3,2,[9 2],4,18,20,14,5
1,<environment.Job instance at 0x7f51faf150f0>,5,12,[2 6],6,6,18,0,6
1,<environment.Job instance at 0x7f51faf15b90>,6,1,[8 4],7,20,21,13,7
1,<environment.Job instance at 0x7f51faf15190>,7,3,[4 8],8,20,23,12,8
1,<environment.Job instance at 0x7f51faf155a0>,8,13,[1 5],9,21,34,12,9
1,<environment.Job instance at 0x7f51faf15a50>,9,3,[3 5],10,23,26,13,10
1,<environment.Job instance at 0x7f51faf153c0>,10,16,[5 2],11,21,37,10,11
1,<environment.Job instance at 0x7f51faf15410>,11,1,[1 9],12,34,35,22,12
1,<environment.Job instance at 0x7f51f1f3daa0>,4,12,[ 2 10],5,35,47,30,18
1,<environment.Job instance at 0x7f51faf155f0>,14,1,[10  1],15,37,38,22,24
1,<environment.Job instance at 0x7f51faf15be0>,15,12,[2 8],16,47,59,31,30
1,<environment.Job instance at 0x7f51f2053550>,17,14,[4 5],18,38,52,20,30
1,<environment.Job instance at 0x7f51faf15140>,16,13,[6 2],17,47,60,30,32
1,<environment.Job instance at 0x7f51faf151e0>,13,2,[1 7],14,32,34,18,32
1,<environment.Job instance at 0x7f51f10a1dc0>,23,12,[5 1],24,52,64,28,35
1,<environment.Job instance at 0x7f51f135d190>,26,17,[5 8],27,60,77,33,49
1,<environment.Job instance at 0x7f51f0fd6960>,33,18,[8 2],34,64,82,30,53
1,<environment.Job instance at 0x7f51f129cbe0>,38,18,[4 6],39,77,95,38,66
1,<environment.Job instance at 0x7f51f13a49b0>,41,18,[7 2],42,82,100,40,71
1,<environment.Job instance at 0x7f51f13a4dc0>,42,15,[6 4],43,95,110,52,81
1,<environment.Job instance at 0x7f51f1f3d7d0>,2,26,[2 7],3,83,109,80,83
1,<environment.Job instance at 0x7f51f13326e0>,45,15,[5 4],46,100,115,54,88
1,<environment.Job instance at 0x7f51f1332690>,46,2,[5 8],47,110,112,63,88
1,<environment.Job instance at 0x7f51f1332e10>,47,2,[2 8],48,112,114,64,88
1,<environment.Job instance at 0x7f51f0fcd550>,48,1,[9 3],49,114,115,65,88
1,<environment.Job instance at 0x7f51f1332910>,44,18,[9 2],45,115,133,70,108
1,<environment.Job instance at 0x7f51f137fb40>,53,12,[ 2 10],54,115,127,61,108
1,<environment.Job instance at 0x7f51f0f385a0>,0,22,[5 5],1,1,23,0,1
1,<environment.Job instance at 0x7f51f0f387d0>,2,16,[3 7],3,3,19,0,3
1,<environment.Job instance at 0x7f51f0f38fa0>,6,3,[4 6],7,19,22,12,8
1,<environment.Job instance at 0x7f51f0f38e60>,8,3,[5 3],9,9,12,0,9
1,<environment.Job instance at 0x7f51f0f386e0>,12,17,[7 4],13,22,39,9,13
1,<environment.Job instance at 0x7f51f0f38c80>,16,1,[5 5],17,23,24,6,17
1,<environment.Job instance at 0x7f51f0f7deb0>,17,12,[5 8],18,24,36,6,18
1,<environment.Job instance at 0x7f51f0f7ddc0>,18,1,[13  1],19,39,40,20,19
1,<environment.Job instance at 0x7f51f0f7dc30>,19,12,[14  2],20,40,52,20,23
1,<environment.Job instance at 0x7f51f0f382d0>,20,2,[7 2],21,36,38,15,23
1,<environment.Job instance at 0x7f51f0f7d820>,25,16,[3 7],26,52,68,26,39
1,<environment.Job instance at 0x7f51f0f38a00>,7,16,[5 6],8,52,68,44,42
1,<environment.Job instance at 0x7f51f0f38d20>,5,18,[5 8],6,68,86,62,57
1,<environment.Job instance at 0x7f51f0f7dfa0>,29,16,[7 4],30,68,84,38,57
1,<environment.Job instance at 0x7f51f0f7dcd0>,30,13,[ 3 10],31,86,99,55,70
1,<environment.Job instance at 0x7f51f0f7de60>,31,2,[10  5],32,84,86,52,70
1,<environment.Job instance at 0x7f51f0f7d7d0>,32,2,[9 4],33,86,88,53,70
1,<environment.Job instance at 0x7f51f0f7d0a0>,33,1,[2 6],34,99,100,65,71
1,<environment.Job instance at 0x7f51f0f7d2d0>,34,1,[3 6],35,99,100,64,71
1,<environment.Job instance at 0x7f51f0f7dbe0>,35,3,[4 5],36,88,91,52,71
1,<environment.Job instance at 0x7f51f0f42370>,41,14,[2 5],42,100,114,58,85
1,<environment.Job instance at 0x7f51f0f7df50>,28,15,[9 1],29,91,106,62,85
1,<environment.Job instance at 0x7f51f1c6c640>,42,16,[2 9],43,100,116,57,87
1,<environment.Job instance at 0x7f51f1c6c0f0>,43,1,[3 7],44,116,117,72,90
1,<environment.Job instance at 0x7f51faf2d0f0>,47,14,[4 9],48,117,131,69,102
1,<environment.Job instance at 0x7f51f1d9a550>,49,12,[4 6],50,114,126,64,102
1,<environment.Job instance at 0x7f51f13393c0>,0,3,[1 7],1,2,5,1,2
1,<environment.Job instance at 0x7f51f23d1460>,1,3,[8 1],2,2,5,0,2
1,<environment.Job instance at 0x7f51f1dcc1e0>,2,17,[6 1],3,3,20,0,3
1,<environment.Job instance at 0x7f51f13ccdc0>,3,17,[5 5],4,5,22,1,4
1,<environment.Job instance at 0x7f51f0ffe460>,4,12,[1 8],5,5,17,0,5
1,<environment.Job instance at 0x7f51f17d0780>,11,3,[1 5],12,17,20,5,12
1,<environment.Job instance at 0x7f51f17d0960>,12,3,[8 5],13,20,23,7,13
1,<environment.Job instance at 0x7f51f10a2730>,5,1,[9 1],6,23,24,17,14
1,<environment.Job instance at 0x7f51f1023230>,9,13,[10  3],10,24,37,14,14
1,<environment.Job instance at 0x7f51f17d0320>,14,14,[10  1],15,37,51,22,22
1,<environment.Job instance at 0x7f51f13aefa0>,16,2,[7 1],17,51,53,34,24
1,<environment.Job instance at 0x7f51f13ae320>,17,2,[ 3 12],18,24,26,6,24
1,<environment.Job instance at 0x7f51f141efa0>,15,17,[14  2],16,53,70,37,41
1,<environment.Job instance at 0x7f51f12a3c80>,19,1,[2 9],20,45,46,25,45
1,<environment.Job instance at 0x7f51f0f38a00>,28,17,[6 5],29,70,87,41,62
1,<environment.Job instance at 0x7f51f13ae2d0>,18,24,[5 8],19,70,94,51,65
1,<environment.Job instance at 0x7f51f151ebe0>,34,2,[ 4 10],35,94,96,59,67
1,<environment.Job instance at 0x7f51f0f57780>,33,17,[5 5],34,87,104,53,78
1,<environment.Job instance at 0x7f51f151eb40>,35,15,[2 7],36,96,111,60,83
1,<environment.Job instance at 0x7f51f0fcc690>,39,14,[3 5],40,104,118,64,90
1,<environment.Job instance at 0x7f51f13e24b0>,40,3,[6 2],41,96,99,55,90
1,<environment.Job instance at 0x7f51f1f3d050>,41,1,[6 4],42,111,112,69,90
1,<environment.Job instance at 0x7f51f0f57dc0>,38,16,[5 6],39,111,127,72,100
1,<environment.Job instance at 0x7f51f13e2190>,42,14,[8 2],43,118,132,75,103
1,<environment.Job instance at 0x7f51f1f3d6e0>,45,3,[8 1],46,103,106,57,103
1,<environment.Job instance at 0x7f51f19ea0a0>,0,3,[9 1],1,1,4,0,1
1,<environment.Job instance at 0x7f51f19ea140>,1,15,[1 5],2,2,17,0,2
1,<environment.Job instance at 0x7f51f12e52d0>,2,1,[5 3],3,3,4,0,3
1,<environment.Job instance at 0x7f51f12e59b0>,3,18,[1 6],4,6,24,2,6
1,<environment.Job instance at 0x7f51f12e5e60>,6,1,[2 5],7,17,18,10,7
1,<environment.Job instance at 0x7f51f12e5140>,7,15,[3 7],8,18,33,10,8
1,<environment.Job instance at 0x7f51f12a9780>,10,16,[4 6],11,24,40,13,11
1,<environment.Job instance at 0x7f51f12d9640>,12,18,[8 1],13,14,32,1,14
1,<environment.Job instance at 0x7f51f12d90a0>,14,16,[8 3],15,33,49,18,20
1,<environment.Job instance at 0x7f51f12d9780>,15,1,[ 4 11],16,40,41,24,20
1,<environment.Job instance at 0x7f51f12d9820>,16,2,[4 7],17,41,43,24,20
1,<environment.Job instance at 0x7f51f12abeb0>,17,3,[12  4],18,49,52,31,23
1,<environment.Job instance at 0x7f51f12abf00>,18,2,[ 2 10],19,43,45,24,23
1,<environment.Job instance at 0x7f51f12abaa0>,19,17,[5 3],20,52,69,32,40
1,<environment.Job instance at 0x7f51f12ab2d0>,20,2,[6 4],21,45,47,24,40
1,<environment.Job instance at 0x7f51f12e6410>,21,1,[10  5],22,52,53,30,40
1,<environment.Job instance at 0x7f51f12e6550>,22,1,[3 5],23,41,42,18,40
1,<environment.Job instance at 0x7f51f12e65f0>,23,3,[7 1],24,53,56,29,40
1,<environment.Job instance at 0x7f51f12e6190>,24,12,[5 5],25,56,68,31,40
1,<environment.Job instance at 0x7f51f12e67d0>,25,3,[5 4],26,56,59,30,40
1,<environment.Job instance at 0x7f51f12e71e0>,26,21,[5 1],27,59,80,32,51
1,<environment.Job instance at 0x7f51f12e7f00>,27,1,[7 3],28,69,70,41,51
1,<environment.Job instance at 0x7f51f12e7f50>,28,15,[6 1],29,70,85,41,56
1,<environment.Job instance at 0x7f51f12e7a50>,29,2,[14  1],30,85,87,55,58
1,<environment.Job instance at 0x7f51f12e7910>,30,3,[4 6],31,70,73,39,58
1,<environment.Job instance at 0x7f51f12e7b90>,31,12,[5 1],32,87,99,55,70
1,<environment.Job instance at 0x7f51f12e75f0>,32,16,[9 1],33,87,103,54,74
1,<environment.Job instance at 0x7f51f12e77d0>,33,15,[2 9],34,99,114,65,85
1,<environment.Job instance at 0x7f51f12e7730>,34,3,[5 2],35,103,106,68,85
1,<environment.Job instance at 0x7f51f12e7cd0>,35,1,[4 7],36,114,115,78,86
1,<environment.Job instance at 0x7f51f12e72d0>,36,1,[7 2],37,103,104,66,86
1,<environment.Job instance at 0x7f51f12e7410>,37,17,[8 4],38,104,121,66,92
1,<environment.Job instance at 0x7f51f12e7e10>,38,2,[3 7],39,115,117,76,92
1,<environment.Job instance at 0x7f51f12e74b0>,39,17,[10  3],40,121,138,81,109
1,<environment.Job instance at 0x7f51f12d93c0>,11,15,[4 8],12,117,132,105,109
1,<environment.Job instance at 0x7f51f15addc0>,0,2,[8 4],1,1,3,0,1
1,<environment.Job instance at 0x7f51f15ad370>,1,1,[9 1],2,3,4,1,2
1,<environment.Job instance at 0x7f51f15adb40>,2,12,[10  2],3,4,16,1,3
1,<environment.Job instance at 0x7f51f15ad8c0>,3,14,[ 5 10],4,4,18,0,4
1,<environment.Job instance at 0x7f51f15ad780>,4,2,[ 3 10],5,18,20,13,5
1,<environment.Job instance at 0x7f51f15ad230>,5,17,[3 5],6,16,33,10,6
1,<environment.Job instance at 0x7f51f23d3a00>,7,2,[1 8],8,20,22,12,8
1,<environment.Job instance at 0x7f51f15ad690>,8,13,[4 5],9,22,35,13,9
1,<environment.Job instance at 0x7f51f15adf00>,9,15,[1 8],10,33,48,23,20
1,<environment.Job instance at 0x7f51f15ad0f0>,10,16,[2 6],11,35,51,24,22
1,<environment.Job instance at 0x7f51f15ad140>,13,17,[5 3],14,48,65,34,37
1,<environment.Job instance at 0x7f51f15ade10>,15,13,[1 8],16,51,64,35,37
1,<environment.Job instance at 0x7f51f15ade60>,16,16,[10  3],17,64,80,47,57
1,<environment.Job instance at 0x7f51f15adcd0>,17,3,[8 4],18,57,60,39,57
1,<environment.Job instance at 0x7f51f15ad550>,18,16,[5 9],19,65,81,46,58
1,<environment.Job instance at 0x7f51f15adf50>,14,22,[6 5],15,80,102,65,73
1,<environment.Job instance at 0x7f51f15ad4b0>,19,17,[9 4],20,81,98,61,73
1,<environment.Job instance at 0x7f51f123b410>,21,16,[7 2],22,98,114,76,87
1,<environment.Job instance at 0x7f51f123baf0>,22,15,[5 9],23,102,117,79,89
1,<environment.Job instance at 0x7f51f123b190>,23,15,[5 2],24,114,129,90,101
1,<environment.Job instance at 0x7f51f123bfa0>,20,19,[10  4],21,117,136,96,109
1,<environment.Job instance at 0x7f51f122ddc0>,0,12,[8 1],1,1,13,0,1
1,<environment.Job instance at 0x7f51f123ba50>,1,3,[8 5],2,13,16,11,2
1,<environment.Job instance at 0x7f51f123b460>,3,12,[9 5],4,16,28,12,4
1,<environment.Job instance at 0x7f51f122d410>,4,3,[2 5],5,5,8,0,5
1,<environment.Job instance at 0x7f51f122d820>,5,17,[5 8],6,6,23,0,6
1,<environment.Job instance at 0x7f51f122d7d0>,7,15,[2 6],8,23,38,15,9
1,<environment.Job instance at 0x7f51f0e479b0>,11,13,[5 4],12,28,41,16,12
1,<environment.Job instance at 0x7f51f0e47cd0>,13,13,[7 1],14,28,41,14,14
1,<environment.Job instance at 0x7f51f0e47a50>,14,2,[4 8],15,41,43,26,15
1,<environment.Job instance at 0x7f51f0e471e0>,15,3,[10  5],16,41,44,25,16
1,<environment.Job instance at 0x7f51f0e47f50>,12,13,[10  4],13,44,57,31,28
1,<environment.Job instance at 0x7f51f0e47910>,17,14,[1 6],18,43,57,25,28
1,<environment.Job instance at 0x7f51f122dc80>,2,18,[1 5],3,44,62,41,36
1,<environment.Job instance at 0x7f51f0e47230>,18,17,[10  5],19,57,74,38,45
1,<environment.Job instance at 0x7f51f0e47410>,19,17,[4 6],20,62,79,42,50
1,<environment.Job instance at 0x7f51f0e47870>,20,17,[8 1],21,74,91,53,62
1,<environment.Job instance at 0x7f51f0ecb140>,23,17,[8 4],24,91,108,67,79
1,<environment.Job instance at 0x7f51f0ecb1e0>,24,16,[1 6],25,81,97,56,81
1,<environment.Job instance at 0x7f51f0e474b0>,21,15,[4 6],22,97,112,75,87
1,<environment.Job instance at 0x7f51f0ecbcd0>,25,16,[9 3],26,108,124,82,95
1,<environment.Job instance at 0x7f51f0e47b90>,16,16,[3 7],17,112,128,95,99
1,<environment.Job instance at 0x7f51f0ecb500>,26,13,[9 1],27,124,137,97,108
1,<environment.Job instance at 0x7f51f0ecb820>,31,2,[1 6],32,108,110,76,108
1,<environment.Job instance at 0x7f51f14e1aa0>,32,1,[5 9],33,128,129,95,108
1,<environment.Job instance at 0x7f51f2410730>,0,13,[9 3],1,1,14,0,1
1,<environment.Job instance at 0x7f51f2410370>,1,13,[5 1],2,2,15,0,2
1,<environment.Job instance at 0x7f51f0f999b0>,2,2,[10  5],3,14,16,11,3
1,<environment.Job instance at 0x7f51f1f71370>,3,14,[5 8],4,15,29,11,4
1,<environment.Job instance at 0x7f51f14e1aa0>,5,12,[5 2],6,16,28,10,9
1,<environment.Job instance at 0x7f51f1f71d70>,9,3,[2 6],10,28,31,18,10
1,<environment.Job instance at 0x7f51f1f71870>,8,12,[1 7],9,29,41,20,12
1,<environment.Job instance at 0x7f51f1f86780>,13,21,[2 8],14,31,52,17,23
1,<environment.Job instance at 0x7f51f1f715a0>,11,12,[2 9],12,52,64,40,35
1,<environment.Job instance at 0x7f51f1f86a00>,15,2,[5 7],16,41,43,25,36
1,<environment.Job instance at 0x7f51f1f0d5f0>,14,12,[3 8],15,64,76,49,47
1,<environment.Job instance at 0x7f51f1f6ab40>,19,13,[2 7],20,64,77,44,48
1,<environment.Job instance at 0x7f51f1f6aa00>,21,18,[4 6],22,76,94,54,65
1,<environment.Job instance at 0x7f51f1f6acd0>,25,13,[1 5],26,77,90,51,65
1,<environment.Job instance at 0x7f51f1f710f0>,4,14,[4 8],5,90,104,85,75
1,<environment.Job instance at 0x7f51f1f6a640>,26,21,[7 5],27,94,115,67,86
1,<environment.Job instance at 0x7f51f127f230>,28,12,[4 8],29,104,116,75,87
1,<environment.Job instance at 0x7f51f228d460>,32,18,[8 5],33,115,133,82,104
1,<environment.Job instance at 0x7f51f12919b0>,33,13,[3 8],34,116,129,82,104
1,<environment.Job instance at 0x7f51f1d075f0>,0,1,[14  5],1,1,2,0,1
1,<environment.Job instance at 0x7f51f228db90>,1,1,[2 5],2,2,3,0,2
1,<environment.Job instance at 0x7f51f1ddb1e0>,2,12,[1 7],3,3,15,0,3
1,<environment.Job instance at 0x7f51f1ddb820>,3,15,[7 5],4,4,19,0,4
1,<environment.Job instance at 0x7f51f12919b0>,5,14,[3 6],6,15,29,9,6
1,<environment.Job instance at 0x7f51f1ddba50>,4,1,[10  2],5,19,20,14,7
1,<environment.Job instance at 0x7f51f1ddb0f0>,7,3,[ 4 11],8,29,32,21,8
1,<environment.Job instance at 0x7f51f1ddba00>,10,3,[4 8],11,20,23,9,12
1,<environment.Job instance at 0x7f51f1dec280>,12,15,[6 3],13,23,38,10,13
1,<environment.Job instance at 0x7f51f1decf00>,11,2,[2 6],12,23,25,11,15
1,<environment.Job instance at 0x7f51f1dec2d0>,13,3,[5 4],14,16,19,2,16
1,<environment.Job instance at 0x7f51f1ddb7d0>,8,13,[4 8],9,32,45,23,16
1,<environment.Job instance at 0x7f51f1dec9b0>,17,17,[2 6],18,38,55,20,26
1,<environment.Job instance at 0x7f51f1dec050>,18,14,[9 5],19,45,59,26,30
1,<environment.Job instance at 0x7f51f1dec460>,21,15,[7 5],22,59,74,37,45
1,<environment.Job instance at 0x7f51f1de2a50>,22,20,[5 6],23,55,75,32,46
1,<environment.Job instance at 0x7f51f1de2780>,25,17,[2 6],26,74,91,48,62
1,<environment.Job instance at 0x7f51f1de2f00>,26,13,[7 3],27,74,87,47,62
1,<environment.Job instance at 0x7f51f1de2730>,27,14,[9 5],28,87,101,59,72
1,<environment.Job instance at 0x7f51f1dec230>,15,12,[5 3],16,75,87,59,74
1,<environment.Job instance at 0x7f51f1de2eb0>,29,12,[1 7],30,91,103,61,74
1,<environment.Job instance at 0x7f51f1dc3f50>,32,14,[10  5],33,101,115,68,86
1,<environment.Job instance at 0x7f51f1dc3dc0>,38,12,[2 8],39,103,115,64,86
1,<environment.Job instance at 0x7f51f1dc3370>,39,16,[3 5],40,115,131,75,102
1,<environment.Job instance at 0x7f51f1dc3910>,41,16,[ 3 10],42,115,131,73,102
1,<environment.Job instance at 0x7f51f23a3af0>,0,2,[11  1],1,3,5,2,3
1,<environment.Job instance at 0x7f51f1dfd190>,2,18,[7 3],3,5,23,2,3
1,<environment.Job instance at 0x7f51f1dc3550>,4,2,[ 1 11],5,6,8,1,6
1,<environment.Job instance at 0x7f51f1b902d0>,5,12,[3 6],6,8,20,2,7
1,<environment.Job instance at 0x7f51f1b90730>,7,17,[5 3],8,9,26,1,9
1,<environment.Job instance at 0x7f51f1b90500>,9,2,[5 6],10,23,25,13,10
1,<environment.Job instance at 0x7f51f1bb95f0>,10,2,[8 2],11,25,27,14,11
1,<environment.Job instance at 0x7f51f0fbd6e0>,3,14,[11  2],4,27,41,23,12
1,<environment.Job instance at 0x7f51f1b905a0>,12,1,[4 8],13,26,27,13,13
1,<environment.Job instance at 0x7f51f1bb9550>,14,3,[6 2],15,41,44,26,15
1,<environment.Job instance at 0x7f51f1bb9b40>,13,3,[5 3],14,41,44,27,15
1,<environment.Job instance at 0x7f51f1b92b90>,15,14,[4 9],16,27,41,11,16
1,<environment.Job instance at 0x7f51f1ba1140>,18,2,[1 8],19,20,22,1,19
1,<environment.Job instance at 0x7f51f1b92140>,17,16,[9 1],18,44,60,26,31
1,<environment.Job instance at 0x7f51f1ba1910>,20,13,[3 8],21,41,54,20,31
1,<environment.Job instance at 0x7f51f1ba18c0>,21,12,[2 5],22,44,56,22,31
1,<environment.Job instance at 0x7f51f1ba1870>,22,17,[9 1],23,60,77,37,48
1,<environment.Job instance at 0x7f51f1ba1af0>,25,16,[1 5],26,54,70,28,48
1,<environment.Job instance at 0x7f51f1ba1b40>,26,16,[ 4 10],27,70,86,43,57
1,<environment.Job instance at 0x7f51f11017d0>,27,17,[9 4],28,77,94,49,65
1,<environment.Job instance at 0x7f51f1769550>,32,18,[5 1],33,86,104,53,75
1,<environment.Job instance at 0x7f51f0f46cd0>,38,17,[8 3],39,94,111,55,82
1,<environment.Job instance at 0x7f51f1769140>,39,22,[9 3],40,111,133,71,104
1,<environment.Job instance at 0x7f51f0f326e0>,40,15,[6 5],41,104,119,63,104
1,<environment.Job instance at 0x7f51f1e78870>,0,1,[6 3],1,1,2,0,1
1,<environment.Job instance at 0x7f51f0f32a00>,1,13,[3 5],2,2,15,0,2
1,<environment.Job instance at 0x7f51f0f326e0>,3,15,[7 4],4,4,19,0,4
1,<environment.Job instance at 0x7f51f1e78be0>,5,14,[5 5],6,6,20,0,6
1,<environment.Job instance at 0x7f51f1e78af0>,6,16,[8 1],7,19,35,12,7
1,<environment.Job instance at 0x7f51f1e78e10>,7,3,[2 7],8,19,22,11,8
1,<environment.Job instance at 0x7f51f1e78cd0>,8,15,[3 6],9,20,35,11,9
1,<environment.Job instance at 0x7f51f1e78eb0>,12,12,[3 6],13,22,34,9,13
1,<environment.Job instance at 0x7f51f1e78d20>,13,13,[2 8],14,34,47,20,18
1,<environment.Job instance at 0x7f51f23dd050>,16,3,[5 5],17,35,38,18,18
1,<environment.Job instance at 0x7f51f23dd500>,17,16,[1 6],18,38,54,20,25
1,<environment.Job instance at 0x7f51f23ddaf0>,19,14,[9 2],20,47,61,27,32
1,<environment.Job instance at 0x7f51f23dd7d0>,26,3,[4 9],27,54,57,27,32
1,<environment.Job instance at 0x7f51f1e78c80>,14,2,[2 7],15,47,49,32,32
1,<environment.Job instance at 0x7f51f23dd0f0>,28,3,[ 4 10],29,57,60,28,32
1,<environment.Job instance at 0x7f51f23dd460>,27,18,[5 8],28,60,78,32,49
1,<environment.Job instance at 0x7f51f17a5730>,36,13,[2 9],37,78,91,41,62
1,<environment.Job instance at 0x7f51f17a5230>,37,14,[2 6],38,62,76,24,62
1,<environment.Job instance at 0x7f51f17a5af0>,38,12,[2 9],39,91,103,52,74
1,<environment.Job instance at 0x7f51f17a5be0>,40,16,[5 9],41,103,119,62,90
1,<environment.Job instance at 0x7f51f17a5c80>,41,18,[2 6],42,90,108,48,90
1,<environment.Job instance at 0x7f51f17a5cd0>,42,18,[6 5],43,108,126,65,97
1,<environment.Job instance at 0x7f51f17a5690>,43,17,[5 2],44,119,136,75,107
1,<environment.Job instance at 0x7f51f17a59b0>,44,14,[1 7],45,119,133,74,107
1,<environment.Job instance at 0x7f51f127f730>,0,12,[ 5 10],1,1,13,0,1
1,<environment.Job instance at 0x7f51f17a55f0>,1,3,[6 4],2,2,5,0,2
1,<environment.Job instance at 0x7f51f17a5640>,3,3,[5 6],4,13,16,9,4
1,<environment.Job instance at 0x7f51f127fbe0>,4,3,[6 4],5,5,8,0,5
1,<environment.Job instance at 0x7f51f127ffa0>,2,20,[6 5],3,8,28,5,6
1,<environment.Job instance at 0x7f51f127f3c0>,6,3,[3 8],7,16,19,9,7
1,<environment.Job instance at 0x7f51f127fb40>,7,14,[1 6],8,19,33,11,8
1,<environment.Job instance at 0x7f51f127feb0>,8,1,[5 5],9,28,29,19,9
1,<environment.Job instance at 0x7f51f1ef9be0>,13,15,[7 3],14,19,34,5,14
1,<environment.Job instance at 0x7f51f1ef9b40>,15,15,[6 4],16,29,44,13,16
1,<environment.Job instance at 0x7f51f1ef9730>,18,3,[6 4],19,34,37,15,19
1,<environment.Job instance at 0x7f51f1ef93c0>,19,16,[2 7],20,33,49,13,20
1,<environment.Job instance at 0x7f51f1ef9dc0>,21,17,[2 7],22,44,61,22,32
1,<environment.Job instance at 0x7f51f1ef92d0>,22,3,[13  3],23,49,52,26,32
1,<environment.Job instance at 0x7f51f1ef9960>,23,12,[ 5 11],24,61,73,37,44
1,<environment.Job instance at 0x7f51f1ef9410>,20,21,[10  4],21,52,73,31,45
1,<environment.Job instance at 0x7f51f0cea500>,25,14,[3 7],26,73,87,47,58
1,<environment.Job instance at 0x7f51f0cea050>,26,13,[7 1],27,73,86,46,58
1,<environment.Job instance at 0x7f51f0ceae60>,27,17,[1 9],28,87,104,59,75
1,<environment.Job instance at 0x7f51f0cea230>,28,16,[10  5],29,86,102,57,75
1,<environment.Job instance at 0x7f51f0cea5a0>,29,12,[10  4],30,102,114,72,85
1,<environment.Job instance at 0x7f51f0cead70>,30,13,[6 4],31,114,127,83,98
1,<environment.Job instance at 0x7f51f0cea730>,32,22,[2 6],33,104,126,71,98
1,<environment.Job instance at 0x7f51f0ceafa0>,33,12,[6 2],34,114,126,80,98
1,<environment.Job instance at 0x7f51f23db410>,0,1,[ 1 14],1,2,3,1,2
1,<environment.Job instance at 0x7f51f23db550>,1,2,[1 9],2,3,5,1,2
1,<environment.Job instance at 0x7f51f0ceacd0>,2,3,[5 8],3,5,8,2,3
1,<environment.Job instance at 0x7f51f23db690>,3,1,[7 1],4,4,5,0,4
1,<environment.Job instance at 0x7f51f23db960>,4,18,[ 4 10],5,8,26,3,5
1,<environment.Job instance at 0x7f51f0cea190>,6,3,[5 3],7,7,10,0,7
1,<environment.Job instance at 0x7f51f23db7d0>,7,3,[5 8],8,26,29,18,8
1,<environment.Job instance at 0x7f51f1dfb0f0>,8,2,[12  3],9,29,31,20,9
1,<environment.Job instance at 0x7f51f1dfb460>,9,13,[8 5],10,10,23,0,10
1,<environment.Job instance at 0x7f51f1dfb140>,10,16,[4 6],11,31,47,20,18
1,<environment.Job instance at 0x7f51f1dfb6e0>,14,13,[2 6],15,26,39,11,18
1,<environment.Job instance at 0x7f51f1dfb1e0>,15,16,[7 1],16,31,47,15,18
1,<environment.Job instance at 0x7f51f1dfb5f0>,16,13,[3 5],17,39,52,22,23
1,<environment.Job instance at 0x7f51f1dfbd70>,17,17,[3 7],18,47,64,29,35
1,<environment.Job instance at 0x7f51f1dfb3c0>,18,17,[5 8],19,52,69,33,40
1,<environment.Job instance at 0x7f51f1dfb050>,19,13,[8 5],20,64,77,44,48
1,<environment.Job instance at 0x7f51f1dfb0a0>,20,13,[3 8],21,69,82,48,53
1,<environment.Job instance at 0x7f51f1dfb690>,21,16,[1 6],22,77,93,55,64
1,<environment.Job instance at 0x7f51f1dfb870>,22,2,[12  5],23,82,84,59,64
1,<environment.Job instance at 0x7f51f1dfb910>,23,1,[4 7],24,84,85,60,64
1,<environment.Job instance at 0x7f51f1dfb9b0>,24,2,[5 8],25,85,87,60,64
1,<environment.Job instance at 0x7f51f1dfbdc0>,25,3,[ 1 10],26,93,96,67,67
1,<environment.Job instance at 0x7f51f1dfb230>,26,1,[ 5 10],27,96,97,69,68
1,<environment.Job instance at 0x7f51f1dfbcd0>,13,18,[9 5],14,87,105,73,76
1,<environment.Job instance at 0x7f51f182cc80>,28,1,[5 2],29,84,85,55,76
1,<environment.Job instance at 0x7f51f182cd70>,29,16,[5 8],30,97,113,67,84
1,<environment.Job instance at 0x7f51f182cb90>,30,1,[6 1],31,85,86,54,84
1,<environment.Job instance at 0x7f51f182cb40>,31,24,[2 7],32,105,129,73,100
1,<environment.Job instance at 0x7f51f1291690>,0,12,[10  1],1,1,13,0,1
1,<environment.Job instance at 0x7f51f12915a0>,1,3,[7 5],2,13,16,11,2
1,<environment.Job instance at 0x7f51f182cb40>,3,15,[6 1],4,13,28,9,4
1,<environment.Job instance at 0x7f51f173e910>,2,1,[7 2],3,16,17,13,4
1,<environment.Job instance at 0x7f51f19f3c80>,5,18,[5 5],6,17,35,11,6
1,<environment.Job instance at 0x7f51f19f3960>,6,3,[4 7],7,8,11,1,8
1,<environment.Job instance at 0x7f51f19f3320>,8,2,[3 6],9,11,13,2,9
1,<environment.Job instance at 0x7f51f19f3be0>,9,16,[1 8],10,11,27,1,10
1,<environment.Job instance at 0x7f51f19f30a0>,10,12,[3 7],11,27,39,16,11
1,<environment.Job instance at 0x7f51f19f3d70>,12,3,[5 2],13,28,31,15,14
1,<environment.Job instance at 0x7f51f19f36e0>,7,15,[4 6],8,35,50,27,22
1,<environment.Job instance at 0x7f51f19f3460>,15,18,[6 4],16,39,57,23,28
1,<environment.Job instance at 0x7f51f1649b90>,23,15,[8 3],24,50,65,26,37
1,<environment.Job instance at 0x7f51f1649dc0>,32,16,[4 6],33,57,73,24,44
1,<environment.Job instance at 0x7f51f16490f0>,33,18,[5 8],34,65,83,31,55
1,<environment.Job instance at 0x7f51f1910140>,35,15,[9 4],36,73,88,37,62
1,<environment.Job instance at 0x7f51f1910b40>,38,15,[8 5],39,88,103,49,74
1,<environment.Job instance at 0x7f51f1910780>,39,15,[5 7],40,83,98,43,74
1,<environment.Job instance at 0x7f51f208af00>,46,15,[8 5],47,103,118,56,89
1,<environment.Job instance at 0x7f51f208a190>,47,17,[10  5],48,118,135,70,106
1,<environment.Job instance at 0x7f51f19f3b90>,4,27,[4 9],5,106,133,101,106
1,<environment.Job instance at 0x7f51f2081190>,0,1,[5 6],1,1,2,0,1
1,<environment.Job instance at 0x7f51f2081690>,1,13,[5 5],2,2,15,0,2
1,<environment.Job instance at 0x7f51f2081e10>,4,2,[2 5],5,5,7,0,5
1,<environment.Job instance at 0x7f51f2081910>,5,12,[3 9],6,7,19,1,6
1,<environment.Job instance at 0x7f51f12ba0f0>,6,13,[2 9],7,19,32,12,7
1,<environment.Job instance at 0x7f51f12ba870>,7,22,[7 5],8,15,37,7,8
1,<environment.Job instance at 0x7f51f12ba5a0>,9,14,[10  4],10,37,51,27,22
1,<environment.Job instance at 0x7f51f12ba410>,14,1,[6 2],15,32,33,17,22
1,<environment.Job instance at 0x7f51f12baf00>,11,2,[3 8],12,33,35,21,23
1,<environment.Job instance at 0x7f51f12ba050>,12,28,[7 1],13,51,79,38,50
1,<environment.Job instance at 0x7f51f12bae10>,19,3,[2 7],20,50,53,30,50
1,<environment.Job instance at 0x7f51f12ba2d0>,20,1,[8 4],21,53,54,32,50
1,<environment.Job instance at 0x7f51f12ba230>,21,13,[5 7],22,54,67,32,50
1,<environment.Job instance at 0x7f51f1087500>,22,3,[5 4],23,67,70,44,50
1,<environment.Job instance at 0x7f51f10875f0>,23,2,[5 5],24,51,53,27,50
1,<environment.Job instance at 0x7f51f10875a0>,24,3,[10  5],25,79,82,54,53
1,<environment.Job instance at 0x7f51f1087eb0>,25,14,[5 9],26,70,84,44,55
1,<environment.Job instance at 0x7f51f10872d0>,26,2,[3 8],27,67,69,40,55
1,<environment.Job instance at 0x7f51f1087fa0>,27,2,[6 5],28,82,84,54,55
1,<environment.Job instance at 0x7f51f1087b40>,28,1,[10  4],29,84,85,55,56
1,<environment.Job instance at 0x7f51f10876e0>,29,3,[ 3 11],30,84,87,54,58
1,<environment.Job instance at 0x7f51f10873c0>,30,12,[5 5],31,87,99,56,70
1,<environment.Job instance at 0x7f51f1087690>,31,15,[5 5],32,87,102,55,73
1,<environment.Job instance at 0x7f51f10870f0>,32,12,[ 3 10],33,99,111,66,82
1,<environment.Job instance at 0x7f51f10879b0>,33,14,[2 9],34,111,125,77,96
1,<environment.Job instance at 0x7f51f1087cd0>,34,3,[ 4 13],35,125,128,90,99
1,<environment.Job instance at 0x7f51f144adc0>,0,17,[5 2],1,1,18,0,1
1,<environment.Job instance at 0x7f51f144af50>,1,2,[5 3],2,2,4,0,2
1,<environment.Job instance at 0x7f51f144ac80>,2,2,[2 8],3,3,5,0,3
1,<environment.Job instance at 0x7f51f22b7f50>,3,13,[ 3 10],4,5,18,1,4
1,<environment.Job instance at 0x7f51f22b7730>,4,18,[2 8],5,18,36,13,7
1,<environment.Job instance at 0x7f51f22b7780>,6,2,[10  2],7,18,20,11,7
1,<environment.Job instance at 0x7f51f144ad70>,5,18,[3 5],6,18,36,12,7
1,<environment.Job instance at 0x7f51f22b7640>,8,3,[4 6],9,36,39,27,11
1,<environment.Job instance at 0x7f51f22b7e60>,11,1,[8 4],12,36,37,24,15
1,<environment.Job instance at 0x7f51f22b75f0>,15,2,[10  1],16,20,22,4,16
1,<environment.Job instance at 0x7f51f22b7190>,13,16,[6 5],14,37,53,23,24
1,<environment.Job instance at 0x7f51f22b7be0>,17,17,[5 2],18,37,54,19,25
1,<environment.Job instance at 0x7f51f1ceb960>,23,17,[4 7],24,39,56,15,29
1,<environment.Job instance at 0x7f51f1cebfa0>,25,13,[5 5],26,53,66,27,37
1,<environment.Job instance at 0x7f51f1cebe10>,26,19,[4 5],27,56,75,29,46
1,<environment.Job instance at 0x7f51f1cebaf0>,29,12,[6 4],30,56,68,26,46
1,<environment.Job instance at 0x7f51f1ceb780>,31,18,[6 2],32,68,86,36,57
1,<environment.Job instance at 0x7f51f22b7280>,7,28,[4 9],8,75,103,67,74
1,<environment.Job instance at 0x7f51f1cebf00>,33,16,[1 5],34,86,102,52,74
1,<environment.Job instance at 0x7f51f1ceb6e0>,39,17,[7 3],40,102,119,62,90
1,<environment.Job instance at 0x7f51f1c97eb0>,40,14,[2 8],41,103,117,62,93
1,<environment.Job instance at 0x7f51f1c97e10>,42,15,[8 2],43,117,132,74,103
1,<environment.Job instance at 0x7f51f20003c0>,0,2,[5 6],1,2,4,1,2
1,<environment.Job instance at 0x7f51f1c8f820>,1,17,[9 1],2,3,20,1,3
1,<environment.Job instance at 0x7f51f1c97e10>,3,16,[6 4],4,4,20,0,4
1,<environment.Job instance at 0x7f51f1c97230>,2,14,[7 2],3,20,34,17,5
1,<environment.Job instance at 0x7f51f2000640>,4,2,[6 3],5,20,22,15,5
1,<environment.Job instance at 0x7f51f2000e10>,5,13,[ 2 10],6,20,33,14,6
1,<environment.Job instance at 0x7f51f1eeba50>,6,3,[ 4 10],7,33,36,26,8
1,<environment.Job instance at 0x7f51f1eeb820>,8,3,[12  1],9,36,39,27,10
1,<environment.Job instance at 0x7f51f1eeb050>,10,2,[6 1],11,22,24,11,11
1,<environment.Job instance at 0x7f51f1eeb690>,12,17,[7 3],13,39,56,26,27
1,<environment.Job instance at 0x7f51f1eeb0a0>,15,13,[8 5],16,39,52,23,27
1,<environment.Job instance at 0x7f51f1eebfa0>,16,15,[10  3],17,56,71,39,42
1,<environment.Job instance at 0x7f51f1eebe10>,18,12,[ 4 10],19,52,64,33,42
1,<environment.Job instance at 0x7f51f1eebaa0>,14,12,[ 4 11],15,64,76,49,47
1,<environment.Job instance at 0x7f51f1eeb320>,20,1,[6 4],21,71,72,50,47
1,<environment.Job instance at 0x7f51f1eeb870>,21,2,[2 6],22,76,78,54,49
1,<environment.Job instance at 0x7f51f1eebcd0>,9,15,[9 3],10,72,87,62,58
1,<environment.Job instance at 0x7f51f1eeb910>,23,2,[9 4],24,87,89,63,60
1,<environment.Job instance at 0x7f51f1eebeb0>,24,3,[2 6],25,76,79,51,60
1,<environment.Job instance at 0x7f51f1eeb410>,11,16,[4 9],12,79,95,67,66
1,<environment.Job instance at 0x7f51f10375a0>,26,19,[5 4],27,89,108,62,79
1,<environment.Job instance at 0x7f51f1037280>,27,18,[4 6],28,95,113,67,84
1,<environment.Job instance at 0x7f51f10370f0>,28,17,[6 2],29,89,106,60,84
1,<environment.Job instance at 0x7f51f1eebc80>,25,15,[10  1],26,108,123,82,94
1,<environment.Job instance at 0x7f51f1037730>,30,13,[9 4],31,123,136,92,107
1,<environment.Job instance at 0x7f51f0b5efa0>,0,21,[4 6],1,1,22,0,1
1,<environment.Job instance at 0x7f51f0b5ec80>,1,3,[9 3],2,2,5,0,2
1,<environment.Job instance at 0x7f51f1a07190>,6,21,[10  5],7,7,28,0,7
1,<environment.Job instance at 0x7f51f1a072d0>,7,15,[4 5],8,22,37,14,8
1,<environment.Job instance at 0x7f51f0b5eb40>,2,2,[8 5],3,28,30,25,8
1,<environment.Job instance at 0x7f51f1a07460>,9,16,[1 8],10,30,46,20,17
1,<environment.Job instance at 0x7f51f1a07320>,11,15,[5 2],12,30,45,18,17
1,<environment.Job instance at 0x7f51f0b4aa00>,13,17,[4 9],14,46,63,32,34
1,<environment.Job instance at 0x7f51f0b4ad70>,15,17,[9 5],16,37,54,21,34
1,<environment.Job instance at 0x7f51f1a076e0>,10,12,[6 3],11,54,66,43,40
1,<environment.Job instance at 0x7f51f0b4a0a0>,18,14,[7 5],19,63,77,44,48
1,<environment.Job instance at 0x7f51f0b4a690>,21,18,[5 3],22,66,84,44,55
1,<environment.Job instance at 0x7f51f0b4a410>,23,13,[5 9],24,77,90,53,61
1,<environment.Job instance at 0x7f51f0b380a0>,27,16,[6 1],28,84,100,56,71
1,<environment.Job instance at 0x7f51f0b38e10>,28,16,[8 2],29,90,106,61,77
1,<environment.Job instance at 0x7f51f0b38be0>,32,12,[5 4],33,100,112,67,83
1,<environment.Job instance at 0x7f51f0b38a50>,34,13,[2 9],35,100,113,65,84
1,<environment.Job instance at 0x7f51f0b38d70>,35,16,[9 2],36,112,128,76,99
1,<environment.Job instance at 0x7f51f0b38a00>,36,19,[2 7],37,113,132,76,103
1,<environment.Job instance at 0x7f51f1deae10>,0,15,[6 4],1,1,16,0,1
1,<environment.Job instance at 0x7f51f1deab90>,1,17,[5 1],2,2,19,0,2
1,<environment.Job instance at 0x7f51f1deac30>,2,1,[6 5],3,16,17,13,4
1,<environment.Job instance at 0x7f51f232b280>,3,16,[6 5],4,17,33,13,4
1,<environment.Job instance at 0x7f51f1dea0f0>,5,15,[5 5],6,19,34,13,7
1,<environment.Job instance at 0x7f51f1dea4b0>,7,2,[10  3],8,33,35,25,11
1,<environment.Job instance at 0x7f51f1dea7d0>,12,3,[4 6],13,13,16,0,13
1,<environment.Job instance at 0x7f51f0b08a50>,13,3,[ 4 13],14,35,38,21,14
1,<environment.Job instance at 0x7f51f0b08e10>,14,12,[5 7],15,38,50,23,21
1,<environment.Job instance at 0x7f51f1dea370>,8,13,[5 4],9,38,51,29,22
1,<environment.Job instance at 0x7f51f0b08dc0>,19,14,[4 8],20,50,64,30,35
1,<environment.Job instance at 0x7f51f0b088c0>,22,14,[8 4],23,51,65,28,36
1,<environment.Job instance at 0x7f51f16f4e60>,30,18,[9 5],31,65,83,34,54
1,<environment.Job instance at 0x7f51f16f4910>,32,20,[5 3],33,64,84,31,55
1,<environment.Job instance at 0x7f51f16f49b0>,33,18,[7 1],34,83,101,49,72
1,<environment.Job instance at 0x7f51f16f4a50>,34,16,[7 4],35,84,100,49,72
1,<environment.Job instance at 0x7f51f1deab40>,4,14,[10  4],5,101,115,96,86
1,<environment.Job instance at 0x7f51f16f4b90>,36,12,[2 7],37,100,112,63,86
1,<environment.Job instance at 0x7f51f16f4c80>,42,18,[9 2],43,115,133,72,104
1,<environment.Job instance at 0x7f51f16f48c0>,43,18,[1 7],44,112,130,68,104
1,<environment.Job instance at 0x7f51f0c9dcd0>,46,14,[2 5],47,115,129,68,105
1,<environment.Job instance at 0x7f51f1b15050>,1,15,[7 4],2,2,17,0,2
1,<environment.Job instance at 0x7f51f168b690>,0,25,[ 2 10],1,3,28,2,3
1,<environment.Job instance at 0x7f51f0c9d960>,2,2,[4 6],3,28,30,25,3
1,<environment.Job instance at 0x7f51f0c9d050>,3,2,[5 2],4,17,19,13,4
1,<environment.Job instance at 0x7f51f0e4b1e0>,4,3,[1 9],5,28,31,23,5
1,<environment.Job instance at 0x7f51f0e4b370>,5,1,[5 2],6,17,18,11,6
1,<environment.Job instance at 0x7f51f0e4b460>,6,1,[7 2],7,18,19,11,7
1,<environment.Job instance at 0x7f51f0e4b4b0>,8,3,[ 5 10],9,31,34,22,9
1,<environment.Job instance at 0x7f51f0e4b730>,12,16,[10  5],13,30,46,17,17
1,<environment.Job instance at 0x7f51f0e4baa0>,15,13,[5 6],16,34,47,18,19
1,<environment.Job instance at 0x7f51f0e4baf0>,16,12,[1 8],17,46,58,29,30
1,<environment.Job instance at 0x7f51f0e4bd70>,17,17,[2 6],18,47,64,29,35
1,<environment.Job instance at 0x7f51f0e4b8c0>,11,16,[9 1],12,46,62,34,36
1,<environment.Job instance at 0x7f51f0e4bc80>,20,3,[5 5],21,62,65,41,36
1,<environment.Job instance at 0x7f51f0e4bfa0>,21,2,[5 7],22,64,66,42,37
1,<environment.Job instance at 0x7f51f0e4bf00>,22,1,[10  3],23,65,66,42,37
1,<environment.Job instance at 0x7f51f0e5c050>,23,14,[9 4],24,66,80,42,52
1,<environment.Job instance at 0x7f51f0e4bc30>,19,16,[2 8],20,66,82,46,56
1,<environment.Job instance at 0x7f51f0e5c1e0>,25,12,[2 7],26,80,92,54,63
1,<environment.Job instance at 0x7f51f0e5c0a0>,24,15,[8 4],25,82,97,57,70
1,<environment.Job instance at 0x7f51f0e5c690>,30,18,[5 8],31,92,110,61,81
1,<environment.Job instance at 0x7f51f0e5c8c0>,34,13,[2 7],35,97,110,62,81
1,<environment.Job instance at 0x7f51f0e5c730>,35,13,[3 6],36,110,123,74,94
1,<environment.Job instance at 0x7f51f0e5cc80>,36,13,[1 5],37,110,123,73,94
1,<environment.Job instance at 0x7f51f0e5cbe0>,37,13,[7 5],38,123,136,85,107
1,<environment.Job instance at 0x7f71f8358410>,2,13,[10  1],3,3,16,0,3
1,<environment.Job instance at 0x7f71f83584b0>,3,17,[ 5 10],4,4,21,0,4
1,<environment.Job instance at 0x7f71f8358690>,4,1,[5 6],5,21,22,16,5
1,<environment.Job instance at 0x7f71f8358780>,5,12,[1 7],6,21,33,15,6
1,<environment.Job instance at 0x7f71f8358870>,6,1,[9 5],7,16,17,9,7
1,<environment.Job instance at 0x7f71f8358910>,7,16,[5 8],8,22,38,14,9
1,<environment.Job instance at 0x7f71f8358b40>,11,3,[5 5],12,17,20,5,12
1,<environment.Job instance at 0x7f71f8358af0>,10,12,[5 5],11,33,45,22,20
1,<environment.Job instance at 0x7f7201ad01e0>,8,16,[1 8],9,38,54,29,25
1,<environment.Job instance at 0x7f71f8358dc0>,14,18,[1 6],15,45,63,30,34
1,<environment.Job instance at 0x7f71f8358cd0>,15,16,[5 5],16,54,70,38,41
1,<environment.Job instance at 0x7f71f8358d70>,13,15,[7 4],14,54,69,40,44
1,<environment.Job instance at 0x7f71f835a050>,19,2,[5 5],20,69,71,49,44
1,<environment.Job instance at 0x7f71f8358fa0>,18,12,[1 8],19,70,82,51,53
1,<environment.Job instance at 0x7f71f835a730>,26,16,[9 1],27,70,86,43,57
1,<environment.Job instance at 0x7f71f835a8c0>,29,18,[5 1],30,71,89,41,60
1,<environment.Job instance at 0x7f71f835a960>,30,3,[6 5],31,86,89,55,60
1,<environment.Job instance at 0x7f71f835aa00>,31,15,[5 5],32,89,104,57,75
1,<environment.Job instance at 0x7f71f835ab40>,33,15,[5 3],34,89,104,55,75
1,<environment.Job instance at 0x7f71f835a640>,34,19,[3 7],35,86,105,51,77
1,<environment.Job instance at 0x7f71f835a6e0>,36,13,[7 1],37,104,117,67,88
1,<environment.Job instance at 0x7f71f835ae10>,38,12,[5 4],39,104,116,65,88
1,<environment.Job instance at 0x7f71f8358c80>,12,17,[1 8],13,105,122,92,93
1,<environment.Job instance at 0x7f71f835e280>,42,15,[7 4],43,116,131,73,102
1,<environment.Job instance at 0x7f71f835e0f0>,43,20,[5 2],44,117,137,73,108
1,<environment.Job instance at 0x7f71f835e500>,44,14,[7 1],45,131,145,86,116
1,<environment.Job instance at 0x7f71f835e550>,46,18,[2 7],47,122,140,75,116
1,<environment.Job instance at 0x7f71f7e79e60>,0,16,[5 2],1,1,17,0,1
1,<environment.Job instance at 0x7f71f835e5f0>,2,19,[5 8],3,3,22,0,3
1,<environment.Job instance at 0x7f71f87eed70>,3,2,[1 7],4,17,19,13,4
1,<environment.Job instance at 0x7f71f881e190>,4,1,[10  1],5,19,20,14,6
1,<environment.Job instance at 0x7f71f881e780>,5,12,[2 8],6,22,34,16,6
1,<environment.Job instance at 0x7f71f87f8190>,1,1,[1 9],2,34,35,32,6
1,<environment.Job instance at 0x7f71f84a1c30>,6,13,[6 2],7,20,33,13,7
1,<environment.Job instance at 0x7f71f84a1370>,7,14,[4 5],8,20,34,12,8
1,<environment.Job instance at 0x7f71f84a1910>,8,2,[7 2],9,33,35,24,9
1,<environment.Job instance at 0x7f71f84a1a50>,9,3,[11  5],10,35,38,25,10
1,<environment.Job instance at 0x7f71f84a1e60>,10,1,[4 7],11,35,36,24,11
1,<environment.Job instance at 0x7f71f84a1aa0>,14,17,[5 3],15,38,55,23,26
1,<environment.Job instance at 0x7f71f84a1f50>,13,12,[5 1],14,38,50,24,26
1,<environment.Job instance at 0x7f71f84a1730>,11,17,[5 9],12,38,55,26,26
1,<environment.Job instance at 0x7f71f7cd1be0>,17,18,[7 1],18,55,73,37,44
1,<environment.Job instance at 0x7f71f7d686e0>,23,18,[8 2],24,55,73,31,44
1,<environment.Job instance at 0x7f71f7e30dc0>,28,18,[4 6],29,73,91,44,62
1,<environment.Job instance at 0x7f71f7a62960>,30,12,[4 8],31,73,85,42,62
1,<environment.Job instance at 0x7f71f7d6ddc0>,31,18,[7 2],32,85,103,53,74
1,<environment.Job instance at 0x7f71f7cb32d0>,32,15,[6 4],33,91,106,58,77
1,<environment.Job instance at 0x7f71f7a0b7d0>,34,18,[9 2],35,103,121,68,92
1,<environment.Job instance at 0x7f71f7d67550>,35,15,[5 4],36,106,121,70,92
1,<environment.Job instance at 0x7f71f7aa0af0>,39,17,[7 3],40,121,138,81,109
1,<environment.Job instance at 0x7f71f7e67500>,43,12,[ 2 10],44,121,133,77,109
1,<environment.Job instance at 0x7f71f7e49280>,44,15,[4 8],45,133,148,88,119
1,<environment.Job instance at 0x7f71f79c76e0>,0,2,[7 2],1,2,4,1,2
1,<environment.Job instance at 0x7f71f79c77d0>,1,15,[6 4],2,2,17,0,2
1,<environment.Job instance at 0x7f71f79c7a50>,2,2,[9 4],3,4,6,1,4
1,<environment.Job instance at 0x7f71f79c70a0>,4,3,[5 1],5,6,9,1,5
1,<environment.Job instance at 0x7f71f79c7640>,5,16,[3 7],6,6,22,0,6
1,<environment.Job instance at 0x7f71f79c7c80>,6,1,[1 5],7,17,18,10,7
1,<environment.Job instance at 0x7f71f79c7230>,3,3,[1 9],4,22,25,18,7
1,<environment.Job instance at 0x7f71f7a45a00>,8,15,[9 1],9,17,32,8,9
1,<environment.Job instance at 0x7f71f7a45230>,12,2,[9 4],13,32,34,19,15
1,<environment.Job instance at 0x7f71f7a45410>,11,2,[10  5],12,34,36,22,18
1,<environment.Job instance at 0x7f71f7a450a0>,9,16,[7 4],10,36,52,26,23
1,<environment.Job instance at 0x7f71f7a459b0>,15,3,[4 5],16,23,26,7,23
1,<environment.Job instance at 0x7f71f7a452d0>,14,1,[3 6],15,26,27,11,23
1,<environment.Job instance at 0x7f71f7a455a0>,17,3,[5 5],18,27,30,9,23
1,<environment.Job instance at 0x7f71f7a45780>,18,3,[8 2],19,36,39,17,23
1,<environment.Job instance at 0x7f71f7a45aa0>,21,14,[2 5],22,39,53,17,33
1,<environment.Job instance at 0x7f71f7a45c30>,19,12,[14  3],20,53,65,33,36
1,<environment.Job instance at 0x7f71f7a71230>,23,1,[3 7],24,52,53,28,36
1,<environment.Job instance at 0x7f71f7a45820>,13,1,[2 6],14,39,40,25,36
1,<environment.Job instance at 0x7f71f7a71280>,25,1,[8 4],26,65,66,39,38
1,<environment.Job instance at 0x7f71f7a71320>,26,1,[6 1],27,40,41,13,38
1,<environment.Job instance at 0x7f71f7a45dc0>,22,16,[2 9],23,65,81,42,52
1,<environment.Job instance at 0x7f71f7a71e60>,28,14,[10  4],29,66,80,37,52
1,<environment.Job instance at 0x7f71f7a71c80>,29,12,[4 6],30,80,92,50,63
1,<environment.Job instance at 0x7f71f7a71f50>,30,14,[4 9],31,81,95,50,66
1,<environment.Job instance at 0x7f71f7a71870>,32,14,[1 9],33,95,109,62,80
1,<environment.Job instance at 0x7f71f7a71e10>,35,14,[4 8],36,109,123,73,94
1,<environment.Job instance at 0x7f71f8b19a50>,36,12,[8 4],37,94,106,57,94
1,<environment.Job instance at 0x7f71f885c780>,37,19,[5 4],38,106,125,68,96
1,<environment.Job instance at 0x7f71f885c730>,38,12,[1 5],39,123,135,84,106
1,<environment.Job instance at 0x7f71f81a3140>,39,15,[10  4],40,125,140,85,111
1,<environment.Job instance at 0x7f71f81a3730>,40,13,[5 1],41,112,125,71,112
1,<environment.Job instance at 0x7f71f7fb0050>,0,13,[4 8],1,1,14,0,1
1,<environment.Job instance at 0x7f71f81a3f50>,2,18,[ 4 10],3,14,32,11,3
1,<environment.Job instance at 0x7f71f8199460>,3,17,[5 5],4,4,21,0,4
1,<environment.Job instance at 0x7f71f81a3eb0>,1,3,[3 9],2,32,35,30,6
1,<environment.Job instance at 0x7f71f7ea7b40>,4,2,[ 4 10],5,35,37,30,8
1,<environment.Job instance at 0x7f71f82faf50>,6,3,[5 4],7,21,24,14,10
1,<environment.Job instance at 0x7f71f7c7bfa0>,10,3,[6 2],11,11,14,0,11
1,<environment.Job instance at 0x7f71f82fa910>,9,14,[3 5],10,24,38,14,11
1,<environment.Job instance at 0x7f71f7ea7640>,5,15,[2 7],6,37,52,31,23
1,<environment.Job instance at 0x7f71f7fcddc0>,12,14,[8 2],13,37,51,24,24
1,<environment.Job instance at 0x7f71f7cf7b90>,8,16,[5 6],9,38,54,29,31
1,<environment.Job instance at 0x7f71f7a06730>,15,3,[8 1],16,32,35,16,31
1,<environment.Job instance at 0x7f71f82fa190>,7,12,[5 7],8,52,64,44,36
1,<environment.Job instance at 0x7f71f7a065a0>,17,16,[5 1],18,51,67,33,38
1,<environment.Job instance at 0x7f71f7a06c30>,18,1,[5 3],19,54,55,35,38
1,<environment.Job instance at 0x7f71f7a06190>,19,2,[6 1],20,64,66,44,38
1,<environment.Job instance at 0x7f71f7a061e0>,20,3,[4 6],21,55,58,34,39
1,<environment.Job instance at 0x7f71f7e939b0>,21,1,[ 3 11],22,64,65,42,41
1,<environment.Job instance at 0x7f71f7e93550>,22,2,[4 9],23,65,67,42,42
1,<environment.Job instance at 0x7f71f7a06870>,13,20,[ 5 10],14,67,87,53,58
1,<environment.Job instance at 0x7f71f79eb0f0>,24,3,[5 5],25,58,61,33,58
1,<environment.Job instance at 0x7f71f7d6be10>,25,17,[2 5],26,66,83,40,58
1,<environment.Job instance at 0x7f71f7a0c910>,26,17,[4 8],27,87,104,60,75
1,<environment.Job instance at 0x7f71f7fa05a0>,29,13,[1 9],30,104,117,74,88
1,<environment.Job instance at 0x7f71f7fa06e0>,30,2,[5 2],31,88,90,57,88
1,<environment.Job instance at 0x7f71f7fa0e10>,31,17,[ 1 10],32,117,134,85,105
1,<environment.Job instance at 0x7f71f7adc410>,33,17,[5 1],34,105,122,71,105
1,<environment.Job instance at 0x7f71f87aa1e0>,1,15,[5 2],2,2,17,0,2
1,<environment.Job instance at 0x7f71f8780cd0>,2,14,[14  5],3,17,31,14,4
1,<environment.Job instance at 0x7f71f874f820>,6,2,[10  5],7,9,11,2,9
1,<environment.Job instance at 0x7f71f874f690>,5,2,[9 1],6,11,13,5,9
1,<environment.Job instance at 0x7f71f874f9b0>,7,18,[1 7],8,11,29,3,11
1,<environment.Job instance at 0x7f71f877e3c0>,4,13,[5 2],5,31,44,26,15
1,<environment.Job instance at 0x7f71f8780aa0>,3,15,[1 7],4,29,44,25,16
1,<environment.Job instance at 0x7f71f874f0a0>,10,15,[5 3],11,31,46,20,17
1,<environment.Job instance at 0x7f71f875eaa0>,16,14,[9 2],17,44,58,27,31
1,<environment.Job instance at 0x7f71f875e370>,17,2,[ 4 12],18,46,48,28,31
1,<environment.Job instance at 0x7f71f875e8c0>,15,17,[5 8],16,48,65,32,36
1,<environment.Job instance at 0x7f71f87592d0>,19,3,[3 6],20,58,61,38,36
1,<environment.Job instance at 0x7f71f8759690>,20,3,[1 6],21,61,64,40,36
1,<environment.Job instance at 0x7f71f8759780>,21,13,[8 5],22,64,77,42,48
1,<environment.Job instance at 0x7f71f87856e0>,24,15,[4 8],25,65,80,40,51
1,<environment.Job instance at 0x7f71f8785190>,25,16,[4 9],26,80,96,54,67
1,<environment.Job instance at 0x7f71f87852d0>,26,17,[7 3],27,77,94,50,67
1,<environment.Job instance at 0x7f71f8785730>,30,18,[8 1],31,94,112,63,83
1,<environment.Job instance at 0x7f71f8785d70>,31,17,[3 8],32,96,113,64,84
1,<environment.Job instance at 0x7f71f8785e10>,33,16,[5 1],34,112,128,78,99
1,<environment.Job instance at 0x7f71f7991280>,37,17,[5 7],38,113,130,75,101
1,<environment.Job instance at 0x7f71f80a2640>,38,15,[2 7],39,113,128,74,101
1,<environment.Job instance at 0x7f71f80a2690>,39,18,[1 8],40,128,146,88,117
1,<environment.Job instance at 0x7f71f80a21e0>,40,13,[4 5],41,130,143,89,117
1,<environment.Job instance at 0x7f71f7953aa0>,49,13,[9 2],50,130,143,80,117
1,<environment.Job instance at 0x7f71f8794af0>,0,21,[4 9],1,2,23,1,2
1,<environment.Job instance at 0x7f71f8794c80>,1,3,[ 4 10],2,23,26,21,2
1,<environment.Job instance at 0x7f71f87757d0>,2,3,[2 9],3,26,29,23,3
1,<environment.Job instance at 0x7f71f7944dc0>,4,14,[3 6],5,5,19,0,5
1,<environment.Job instance at 0x7f71f8794410>,5,13,[10  3],6,19,32,13,7
1,<environment.Job instance at 0x7f71f7d9e8c0>,9,3,[8 1],10,32,35,22,10
1,<environment.Job instance at 0x7f71f87941e0>,6,13,[3 7],7,29,42,22,13
1,<environment.Job instance at 0x7f71f8794d70>,3,12,[5 8],4,35,47,31,18
1,<environment.Job instance at 0x7f71f7d9ea50>,11,14,[8 1],12,42,56,30,27
1,<environment.Job instance at 0x7f71f7d9e460>,10,18,[1 6],11,42,60,31,32
1,<environment.Job instance at 0x7f71f7d9e7d0>,15,1,[8 2],16,56,57,40,32
1,<environment.Job instance at 0x7f71f7d9ef50>,14,15,[9 5],15,57,72,42,43
1,<environment.Job instance at 0x7f71f7d9ea00>,18,13,[1 9],19,60,73,41,45
1,<environment.Job instance at 0x7f71f7d9e190>,20,14,[9 5],21,72,86,51,57
1,<environment.Job instance at 0x7f71f7d9e5f0>,16,13,[ 4 14],17,86,99,69,72
1,<environment.Job instance at 0x7f71f7d9ecd0>,23,12,[8 4],24,99,111,75,82
1,<environment.Job instance at 0x7f71f7d9ef00>,22,18,[9 4],23,111,129,88,100
1,<environment.Job instance at 0x7f71f798aaf0>,25,18,[2 5],26,100,118,74,100
1,<environment.Job instance at 0x7f71f798a910>,26,12,[5 7],27,118,130,91,101
1,<environment.Job instance at 0x7f71f798ad70>,27,17,[7 2],28,129,146,101,117
1,<environment.Job instance at 0x7f71f798a7d0>,29,15,[8 5],30,130,145,100,117
1,<environment.Job instance at 0x7f71f7913aa0>,0,13,[9 4],1,1,14,0,1
1,<environment.Job instance at 0x7f71f7913c80>,1,14,[ 1 10],2,2,16,0,2
1,<environment.Job instance at 0x7f71f795c730>,2,2,[5 8],3,16,18,13,3
1,<environment.Job instance at 0x7f71f795c690>,3,3,[9 1],4,14,17,10,4
1,<environment.Job instance at 0x7f71f795ccd0>,4,3,[1 8],5,18,21,13,5
1,<environment.Job instance at 0x7f71f7913370>,6,16,[ 2 10],7,21,37,14,8
1,<environment.Job instance at 0x7f71f795cd70>,8,13,[5 5],9,17,30,8,9
1,<environment.Job instance at 0x7f71f795ce60>,11,1,[5 5],12,30,31,18,13
1,<environment.Job instance at 0x7f71f795caa0>,12,2,[8 5],13,31,33,18,13
1,<environment.Job instance at 0x7f71f795cbe0>,13,12,[4 6],14,37,49,23,20
1,<environment.Job instance at 0x7f71f8a3faf0>,15,13,[9 2],16,33,46,17,22
1,<environment.Job instance at 0x7f71f8a3fa00>,16,1,[ 4 14],17,49,50,32,22
1,<environment.Job instance at 0x7f71f8a3f9b0>,17,2,[8 4],18,46,48,28,22
1,<environment.Job instance at 0x7f71f8a3f8c0>,18,12,[7 3],19,50,62,31,33
1,<environment.Job instance at 0x7f71f8a3f910>,19,13,[8 4],20,50,63,30,34
1,<environment.Job instance at 0x7f71f8d1c140>,20,3,[5 3],21,62,65,41,36
1,<environment.Job instance at 0x7f71f8d1c9b0>,21,1,[3 7],22,48,49,26,36
1,<environment.Job instance at 0x7f71f795c9b0>,9,14,[3 7],10,63,77,53,48
1,<environment.Job instance at 0x7f71f8d1ccd0>,23,3,[2 6],24,65,68,41,48
1,<environment.Job instance at 0x7f71f795ca00>,14,17,[6 1],15,63,80,48,53
1,<environment.Job instance at 0x7f71f795c3c0>,10,14,[ 4 14],11,77,91,66,62
1,<environment.Job instance at 0x7f71f8d1cb90>,26,16,[11  3],27,91,107,64,79
1,<environment.Job instance at 0x7f71f8d1cd70>,27,2,[10  2],28,107,109,79,81
1,<environment.Job instance at 0x7f71f8d1c6e0>,24,15,[14  2],25,109,124,84,95
1,<environment.Job instance at 0x7f71f7945eb0>,29,14,[7 5],30,124,138,94,109
1,<environment.Job instance at 0x7f71f7945b90>,30,13,[3 6],31,124,137,93,109
1,<environment.Job instance at 0x7f71f8772f00>,1,15,[ 3 10],2,2,17,0,2
1,<environment.Job instance at 0x7f71f79454b0>,2,2,[3 6],3,17,19,14,3
1,<environment.Job instance at 0x7f71f7f8caf0>,3,13,[4 6],4,17,30,13,4
1,<environment.Job instance at 0x7f71f7f8ce60>,4,14,[5 3],5,5,19,0,5
1,<environment.Job instance at 0x7f71f7f97f50>,5,2,[5 8],6,19,21,13,6
1,<environment.Job instance at 0x7f71f7f97370>,6,1,[ 4 10],7,30,31,23,7
1,<environment.Job instance at 0x7f71f7f972d0>,12,17,[7 2],13,21,38,8,14
1,<environment.Job instance at 0x7f71f7f9c9b0>,18,18,[2 6],19,31,49,12,20
1,<environment.Job instance at 0x7f71f7f97960>,19,17,[5 4],20,31,48,11,20
1,<environment.Job instance at 0x7f71f7d219b0>,20,17,[1 5],21,38,55,17,26
1,<environment.Job instance at 0x7f71f7d21960>,21,13,[4 8],22,49,62,27,33
1,<environment.Job instance at 0x7f71f7f9ca00>,22,17,[8 5],23,55,72,32,43
1,<environment.Job instance at 0x7f71f87dc370>,24,15,[5 8],25,62,77,37,48
1,<environment.Job instance at 0x7f71f87dc3c0>,25,18,[2 5],26,72,90,46,61
1,<environment.Job instance at 0x7f71f7fbabe0>,32,14,[3 6],33,77,91,44,62
1,<environment.Job instance at 0x7f71f80ee0a0>,35,12,[10  5],36,90,102,54,73
1,<environment.Job instance at 0x7f71f7cd5f00>,37,12,[3 5],38,91,103,53,74
1,<environment.Job instance at 0x7f71f7fa7a50>,38,15,[4 5],39,102,117,63,88
1,<environment.Job instance at 0x7f71f7fa7500>,39,14,[2 8],40,103,117,63,88
1,<environment.Job instance at 0x7f71f8b3c2d0>,43,15,[7 5],44,117,132,73,103
1,<environment.Job instance at 0x7f71f8b3c1e0>,45,14,[3 6],46,117,131,71,103
1,<environment.Job instance at 0x7f71f7f85230>,48,13,[4 8],49,131,144,82,115
1,<environment.Job instance at 0x7f71f80d7f00>,52,15,[6 3],53,132,147,79,118
1,<environment.Job instance at 0x7f71f838b960>,1,16,[9 1],2,2,18,0,2
1,<environment.Job instance at 0x7f71f838bd20>,0,1,[5 1],1,3,4,2,3
1,<environment.Job instance at 0x7f71f80d79b0>,2,2,[10  5],3,18,20,15,3
1,<environment.Job instance at 0x7f71f80d7b90>,3,2,[2 7],4,4,6,0,4
1,<environment.Job instance at 0x7f71f838bf50>,4,18,[3 8],5,6,24,1,5
1,<environment.Job instance at 0x7f71f838b190>,5,2,[9 4],6,20,22,14,8
1,<environment.Job instance at 0x7f71f838b9b0>,8,2,[6 4],9,22,24,13,9
1,<environment.Job instance at 0x7f71f838b370>,9,12,[5 5],10,24,36,14,10
1,<environment.Job instance at 0x7f71f8b3faf0>,10,13,[6 1],11,22,35,11,11
1,<environment.Job instance at 0x7f71f8b3f690>,12,3,[4 6],13,24,27,11,13
1,<environment.Job instance at 0x7f71f8b3f410>,18,2,[2 6],19,27,29,8,23
1,<environment.Job instance at 0x7f71f8b3f050>,16,18,[5 3],17,35,53,18,24
1,<environment.Job instance at 0x7f71f8b3f8c0>,20,13,[7 2],21,36,49,15,24
1,<environment.Job instance at 0x7f71f8b3f0a0>,21,16,[5 8],22,49,65,27,36
1,<environment.Job instance at 0x7f71f8b3f910>,22,14,[4 5],23,53,67,30,38
1,<environment.Job instance at 0x7f71f8b3f9b0>,25,17,[5 4],26,65,82,39,53
1,<environment.Job instance at 0x7f71f8b3fbe0>,27,14,[7 3],28,67,81,39,53
1,<environment.Job instance at 0x7f71f8b3f550>,28,14,[9 3],29,81,95,52,66
1,<environment.Job instance at 0x7f71f7cc0be0>,32,18,[7 3],33,95,113,62,84
1,<environment.Job instance at 0x7f71f7cc0f50>,35,12,[3 6],36,84,96,48,84
1,<environment.Job instance at 0x7f71f7cc01e0>,37,17,[5 3],38,95,112,57,89
1,<environment.Job instance at 0x7f71f7cc0370>,38,21,[1 8],39,96,117,57,89
1,<environment.Job instance at 0x7f71f8391c30>,47,16,[9 1],48,113,129,65,105
1,<environment.Job instance at 0x7f71f83910a0>,50,13,[3 8],51,117,130,66,105
1,<environment.Job instance at 0x7f71f8391a00>,51,12,[2 5],52,113,125,61,105
1,<environment.Job instance at 0x7f71f8391e10>,52,17,[9 1],53,129,146,76,119
1,<environment.Job instance at 0x7f71f83915a0>,55,16,[1 5],56,125,141,69,119
1,<environment.Job instance at 0x7f71f83aca50>,2,2,[ 3 12],3,3,5,0,3
1,<environment.Job instance at 0x7f71f7d5b960>,3,2,[ 4 10],4,5,7,1,4
1,<environment.Job instance at 0x7f71f7d5b7d0>,4,14,[10  1],5,5,19,0,5
1,<environment.Job instance at 0x7f71f7d5b500>,5,3,[7 3],6,19,22,13,6
1,<environment.Job instance at 0x7f71f7d3ddc0>,6,16,[5 6],7,7,23,0,7
1,<environment.Job instance at 0x7f71f7d3dcd0>,7,3,[4 5],8,22,25,14,8
1,<environment.Job instance at 0x7f71f89cf0f0>,8,13,[6 3],9,22,35,13,9
1,<environment.Job instance at 0x7f71f89cf050>,11,2,[ 3 10],12,25,27,13,13
1,<environment.Job instance at 0x7f71f7d5b5a0>,10,1,[3 6],11,19,20,8,13
1,<environment.Job instance at 0x7f71f89cf230>,9,17,[4 9],10,27,44,17,15
1,<environment.Job instance at 0x7f71f89b77d0>,16,17,[5 2],17,23,40,6,17
1,<environment.Job instance at 0x7f71f89b7b90>,17,16,[2 5],18,40,56,22,27
1,<environment.Job instance at 0x7f71f89cf640>,12,15,[2 5],13,44,59,31,31
1,<environment.Job instance at 0x7f71f89b7a50>,20,1,[6 3],21,35,36,14,31
1,<environment.Job instance at 0x7f71f89b7730>,18,1,[ 2 10],19,56,57,37,31
1,<environment.Job instance at 0x7f71f89b71e0>,21,13,[3 5],22,57,70,35,41
1,<environment.Job instance at 0x7f71f89c16e0>,23,15,[7 4],24,57,72,33,43
1,<environment.Job instance at 0x7f71f8999cd0>,24,1,[10  1],25,44,45,19,43
1,<environment.Job instance at 0x7f71f89c1b90>,25,14,[5 5],26,59,73,33,44
1,<environment.Job instance at 0x7f71f89caeb0>,26,16,[8 1],27,72,88,45,59
1,<environment.Job instance at 0x7f71f89c1aa0>,27,3,[2 7],28,72,75,44,59
1,<environment.Job instance at 0x7f71f7ee6eb0>,28,15,[3 6],29,73,88,44,59
1,<environment.Job instance at 0x7f71f89b7b40>,19,19,[5 5],20,88,107,68,78
1,<environment.Job instance at 0x7f71f7edc0f0>,31,17,[1 9],32,88,105,56,78
1,<environment.Job instance at 0x7f71f84120a0>,32,12,[3 6],33,105,117,72,88
1,<environment.Job instance at 0x7f71f84dd370>,33,13,[2 8],34,107,120,73,91
1,<environment.Job instance at 0x7f71f83a1910>,37,16,[1 6],38,117,133,79,104
1,<environment.Job instance at 0x7f71f83a16e0>,38,3,[9 3],39,120,123,81,104
1,<environment.Job instance at 0x7f71f85ab640>,39,14,[9 2],40,123,137,83,108
1,<environment.Job instance at 0x7f71f83c0230>,1,3,[3 7],2,2,5,0,2
1,<environment.Job instance at 0x7f71f83bc410>,2,1,[ 3 10],3,5,6,2,3
1,<environment.Job instance at 0x7f71f823bcd0>,3,18,[7 5],4,4,22,0,4
1,<environment.Job instance at 0x7f71f823b5f0>,4,14,[5 5],5,6,20,1,5
1,<environment.Job instance at 0x7f71f823ba00>,5,15,[10  3],6,22,37,16,8
1,<environment.Job instance at 0x7f71f823b5a0>,8,2,[ 1 10],9,20,22,11,9
1,<environment.Job instance at 0x7f71f823baf0>,9,13,[ 5 10],10,22,35,12,10
1,<environment.Job instance at 0x7f71f823bc30>,10,12,[ 5 10],11,35,47,24,18
1,<environment.Job instance at 0x7f71f823bbe0>,7,3,[ 5 11],8,47,50,39,21
1,<environment.Job instance at 0x7f71f823b280>,14,3,[6 4],15,37,40,22,23
1,<environment.Job instance at 0x7f71f823be10>,15,2,[13  1],16,50,52,34,23
1,<environment.Job instance at 0x7f71f823b320>,16,3,[3 8],17,52,55,35,26
1,<environment.Job instance at 0x7f71f823be60>,13,3,[5 6],14,52,55,38,26
1,<environment.Job instance at 0x7f71f861ef00>,19,20,[9 2],20,55,75,35,46
1,<environment.Job instance at 0x7f71f861e5a0>,22,17,[5 5],23,55,72,32,46
1,<environment.Job instance at 0x7f71f861e2d0>,23,15,[7 3],24,75,90,51,61
1,<environment.Job instance at 0x7f71f861e0f0>,25,15,[6 4],26,72,87,46,61
1,<environment.Job instance at 0x7f71f823bd70>,17,14,[1 6],18,75,89,57,61
1,<environment.Job instance at 0x7f71f861ed70>,30,21,[10  4],31,90,111,59,82
1,<environment.Job instance at 0x7f71f861e1e0>,31,17,[2 7],32,89,106,57,82
1,<environment.Job instance at 0x7f71f861e690>,34,15,[4 9],35,106,121,71,92
1,<environment.Job instance at 0x7f71f861e640>,35,14,[3 7],36,121,135,85,106
1,<environment.Job instance at 0x7f71f86331e0>,36,13,[7 1],37,111,124,74,106
1,<environment.Job instance at 0x7f71f861ebe0>,29,16,[2 7],30,121,137,91,115
1,<environment.Job instance at 0x7f71f7794230>,0,1,[ 1 14],1,2,3,1,2
1,<environment.Job instance at 0x7f71f861e910>,2,3,[5 8],3,3,6,0,3
1,<environment.Job instance at 0x7f71f7794640>,1,2,[1 9],2,6,8,4,3
1,<environment.Job instance at 0x7f71f861ebe0>,3,1,[7 1],4,4,5,0,4
1,<environment.Job instance at 0x7f71f77f38c0>,4,18,[ 4 10],5,8,26,3,5
1,<environment.Job instance at 0x7f71f7794f00>,6,3,[5 3],7,7,10,0,7
1,<environment.Job instance at 0x7f71f77f35a0>,7,3,[5 8],8,26,29,18,8
1,<environment.Job instance at 0x7f71f77f30f0>,9,13,[8 5],10,10,23,0,10
1,<environment.Job instance at 0x7f71f77f37d0>,10,16,[4 6],11,26,42,15,14
1,<environment.Job instance at 0x7f71f77f3b40>,14,13,[2 6],15,29,42,14,15
1,<environment.Job instance at 0x7f71f77f30a0>,15,16,[7 1],16,29,45,13,16
1,<environment.Job instance at 0x7f71f77f3500>,16,13,[3 5],17,42,55,25,26
1,<environment.Job instance at 0x7f71f77f3af0>,17,17,[3 7],18,42,59,24,30
1,<environment.Job instance at 0x7f71f77f3f50>,18,17,[5 8],19,55,72,36,43
1,<environment.Job instance at 0x7f71f77f3690>,19,13,[8 5],20,59,72,39,43
1,<environment.Job instance at 0x7f71f77f32d0>,20,13,[3 8],21,72,85,51,56
1,<environment.Job instance at 0x7f71f77f3c30>,21,16,[1 6],22,72,88,50,59
1,<environment.Job instance at 0x7f71f77d70a0>,22,2,[12  5],23,85,87,62,59
1,<environment.Job instance at 0x7f71f77d75f0>,23,1,[4 7],24,87,88,63,59
1,<environment.Job instance at 0x7f71f77d7640>,24,2,[5 8],25,88,90,63,61
1,<environment.Job instance at 0x7f71f77d7690>,25,3,[ 1 10],26,90,93,64,64
1,<environment.Job instance at 0x7f71f77d7780>,26,1,[ 5 10],27,93,94,66,65
1,<environment.Job instance at 0x7f71f77f3aa0>,11,13,[8 5],12,88,101,76,77
1,<environment.Job instance at 0x7f71f77d7320>,27,18,[4 9],28,94,112,66,85
1,<environment.Job instance at 0x7f71f77d7be0>,30,1,[6 1],31,87,88,56,85
1,<environment.Job instance at 0x7f71f77d7e60>,31,24,[2 7],32,112,136,80,107
1,<environment.Job instance at 0x7f71f8ea4960>,0,12,[3 7],1,1,13,0,1
1,<environment.Job instance at 0x7f71f8ea49b0>,1,17,[2 6],2,2,19,0,2
1,<environment.Job instance at 0x7f71f8ea4910>,2,3,[5 2],3,4,7,1,4
1,<environment.Job instance at 0x7f71f78c40a0>,5,18,[6 4],6,13,31,7,6
1,<environment.Job instance at 0x7f71f78c4820>,6,1,[3 9],7,19,20,12,7
1,<environment.Job instance at 0x7f71f78c4b40>,8,1,[10  3],9,31,32,22,9
1,<environment.Job instance at 0x7f71f78c4a00>,10,3,[8 2],11,20,23,9,12
1,<environment.Job instance at 0x7f71f78c4f00>,12,3,[6 3],13,13,16,0,13
1,<environment.Job instance at 0x7f71f78c45f0>,14,1,[8 4],15,23,24,8,15
1,<environment.Job instance at 0x7f71f78c4870>,15,1,[9 2],16,24,25,8,16
1,<environment.Job instance at 0x7f71f78c4320>,16,2,[8 5],17,25,27,8,18
1,<environment.Job instance at 0x7f71f78c4dc0>,17,3,[4 5],18,27,30,9,18
1,<environment.Job instance at 0x7f71f78c4190>,13,15,[8 3],14,32,47,18,18
1,<environment.Job instance at 0x7f71f78c4640>,9,15,[7 1],10,32,47,22,19
1,<environment.Job instance at 0x7f71f8c4d730>,19,2,[ 2 11],20,30,32,10,20
1,<environment.Job instance at 0x7f71f8c4dcd0>,20,3,[4 8],21,47,50,26,21
1,<environment.Job instance at 0x7f71f8c4d2d0>,21,3,[2 9],22,50,53,28,25
1,<environment.Job instance at 0x7f71f8c4d320>,22,16,[4 6],23,47,63,24,34
1,<environment.Job instance at 0x7f71f8c4d910>,25,15,[9 4],26,53,68,27,39
1,<environment.Job instance at 0x7f71f8c4de10>,26,14,[10  3],27,68,82,41,53
1,<environment.Job instance at 0x7f71f8c4d780>,23,18,[5 8],24,63,81,39,53
1,<environment.Job instance at 0x7f71f8c4db90>,24,1,[10  2],25,82,83,57,55
1,<environment.Job instance at 0x7f71f8c4dc30>,28,15,[8 5],29,83,98,54,72
1,<environment.Job instance at 0x7f71f8c4dd70>,30,13,[3 5],31,81,94,50,72
1,<environment.Job instance at 0x7f71f8c4d230>,31,3,[3 8],32,94,97,62,72
1,<environment.Job instance at 0x7f71f8c4dd20>,32,18,[7 1],33,97,115,64,86
1,<environment.Job instance at 0x7f71f8c4d1e0>,33,3,[5 7],34,98,101,64,86
1,<environment.Job instance at 0x7f71f7d2ca50>,34,18,[5 1],35,101,119,66,90
1,<environment.Job instance at 0x7f71f7d2c6e0>,35,2,[6 1],36,115,117,79,90
1,<environment.Job instance at 0x7f71f8c4d5a0>,27,18,[10  1],28,117,135,89,106
1,<environment.Job instance at 0x7f71f86c34b0>,0,1,[8 4],1,1,2,0,1
1,<environment.Job instance at 0x7f71f8f6f5f0>,1,13,[5 7],2,2,15,0,2
1,<environment.Job instance at 0x7f71f808ce60>,2,3,[5 4],3,3,6,0,3
1,<environment.Job instance at 0x7f71f87cefa0>,3,2,[5 5],4,6,8,2,4
1,<environment.Job instance at 0x7f71f87ce910>,4,3,[10  5],5,8,11,3,5
1,<environment.Job instance at 0x7f71f87ceaa0>,5,14,[5 9],6,15,29,9,6
1,<environment.Job instance at 0x7f71f87ce410>,6,2,[3 8],7,11,13,4,7
1,<environment.Job instance at 0x7f71f87ce730>,7,2,[6 5],8,13,15,5,8
1,<environment.Job instance at 0x7f71f8c4d5a0>,9,3,[ 3 11],10,29,32,19,10
1,<environment.Job instance at 0x7f71f87cec30>,8,1,[10  4],9,15,16,6,10
1,<environment.Job instance at 0x7f71f87ce690>,10,12,[5 5],11,16,28,5,11
1,<environment.Job instance at 0x7f71f87ce370>,12,12,[ 3 10],13,32,44,19,15
1,<environment.Job instance at 0x7f71f87ce780>,14,3,[ 4 13],15,44,47,29,18
1,<environment.Job instance at 0x7f71f87ceeb0>,13,14,[2 9],14,47,61,33,32
1,<environment.Job instance at 0x7f71f7fce320>,18,14,[6 2],19,32,46,13,32
1,<environment.Job instance at 0x7f71f87ce7d0>,16,17,[2 5],17,47,64,30,35
1,<environment.Job instance at 0x7f71f7fce780>,20,3,[2 7],21,61,64,40,35
1,<environment.Job instance at 0x7f71f7fceb40>,21,3,[3 8],22,64,67,42,38
1,<environment.Job instance at 0x7f71f7fce9b0>,22,12,[1 6],23,64,76,41,47
1,<environment.Job instance at 0x7f71f7fce050>,23,2,[10  1],24,47,49,23,47
1,<environment.Job instance at 0x7f71f7fce500>,24,2,[ 3 12],25,76,78,51,49
1,<environment.Job instance at 0x7f71f7fce0a0>,25,16,[4 7],26,78,94,52,65
1,<environment.Job instance at 0x7f71f7fceb90>,26,1,[5 6],27,67,68,40,65
1,<environment.Job instance at 0x7f71f7fce460>,27,2,[8 1],28,65,67,37,65
1,<environment.Job instance at 0x7f71f7fce640>,28,12,[5 2],29,67,79,38,65
1,<environment.Job instance at 0x7f71f7fce870>,29,13,[9 1],30,79,92,49,65
1,<environment.Job instance at 0x7f71f87ce280>,11,15,[5 5],12,92,107,80,80
1,<environment.Job instance at 0x7f71f87ce820>,15,13,[1 9],16,94,107,78,80
1,<environment.Job instance at 0x7f71f7fce8c0>,32,2,[ 3 10],33,107,109,74,83
1,<environment.Job instance at 0x7f71f7fcea50>,31,13,[5 9],32,109,122,77,93
1,<environment.Job instance at 0x7f71f7fcecd0>,33,14,[6 4],34,107,121,73,95
1,<environment.Job instance at 0x7f71f7fceeb0>,35,2,[10  3],36,121,123,85,95
1,<environment.Job instance at 0x7f71f7fceaf0>,36,1,[3 6],37,122,123,85,95
1,<environment.Job instance at 0x7f71f815e2d0>,37,14,[8 5],38,123,137,85,111
1,<environment.Job instance at 0x7f71f7fcebe0>,34,17,[5 5],35,123,140,88,115
1,<environment.Job instance at 0x7f71f7d28730>,0,12,[10  5],1,1,13,0,1
1,<environment.Job instance at 0x7f71f7d28b40>,1,18,[6 2],2,13,31,11,2
1,<environment.Job instance at 0x7f71f7d289b0>,2,22,[5 5],3,3,25,0,3
1,<environment.Job instance at 0x7f71f7d28500>,5,12,[3 9],6,25,37,19,8
1,<environment.Job instance at 0x7f71f7d288c0>,8,12,[3 6],9,13,25,4,10
1,<environment.Job instance at 0x7f71f7d282d0>,7,1,[5 2],8,25,26,17,14
1,<environment.Job instance at 0x7f71f7e31be0>,11,3,[6 2],12,26,29,14,19
1,<environment.Job instance at 0x7f71f7e319b0>,10,14,[2 8],11,37,51,26,22
1,<environment.Job instance at 0x7f71f7d28d70>,9,17,[7 3],10,31,48,21,22
1,<environment.Job instance at 0x7f71f7e31a50>,14,3,[7 1],15,48,51,33,22
1,<environment.Job instance at 0x7f71f7e31f00>,15,3,[10  2],16,51,54,35,25
1,<environment.Job instance at 0x7f71f7e31640>,16,2,[ 5 10],17,51,53,34,25
1,<environment.Job instance at 0x7f71f7e311e0>,17,3,[10  3],18,54,57,36,28
1,<environment.Job instance at 0x7f71f7e31aa0>,18,12,[5 2],19,29,41,10,28
1,<environment.Job instance at 0x7f71f7e31050>,13,13,[3 9],14,53,66,39,37
1,<environment.Job instance at 0x7f71f7e31fa0>,20,12,[9 4],21,57,69,36,40
1,<environment.Job instance at 0x7f71f7d28b90>,6,14,[3 9],7,66,80,59,51
1,<environment.Job instance at 0x7f71f7e31cd0>,19,15,[8 4],20,69,84,49,58
1,<environment.Job instance at 0x7f71f7e31870>,23,12,[7 1],24,80,92,56,63
1,<environment.Job instance at 0x7f71f7e31dc0>,12,15,[8 2],13,84,99,71,71
1,<environment.Job instance at 0x7f71f7e310a0>,22,18,[2 9],23,92,110,69,81
1,<environment.Job instance at 0x7f7201522b40>,29,12,[3 8],30,110,122,80,93
1,<environment.Job instance at 0x7f7201522550>,30,13,[8 5],31,99,112,68,93
1,<environment.Job instance at 0x7f7201522be0>,31,18,[2 9],32,122,140,90,111
1,<environment.Job instance at 0x7f72015225f0>,36,14,[9 3],37,112,126,75,111
1,<environment.Job instance at 0x7f7201522280>,37,14,[10  5],38,126,140,88,112
1,<environment.Job instance at 0x7f71f7b61230>,0,3,[3 5],1,2,5,1,2
1,<environment.Job instance at 0x7f71f7b611e0>,1,2,[ 1 11],2,5,7,3,2
1,<environment.Job instance at 0x7f71f7b612d0>,2,2,[10  2],3,4,6,1,4
1,<environment.Job instance at 0x7f71f7b61140>,3,20,[8 5],4,7,27,3,4
1,<environment.Job instance at 0x7f71f7b61f00>,4,3,[5 8],5,7,10,2,5
1,<environment.Job instance at 0x7f71f84470a0>,5,16,[5 1],6,10,26,4,6
1,<environment.Job instance at 0x7f71f8447820>,7,13,[2 8],8,10,23,2,8
1,<environment.Job instance at 0x7f71f8447f50>,8,12,[3 9],9,26,38,17,9
1,<environment.Job instance at 0x7f71f8447230>,9,3,[7 2],10,27,30,17,11
1,<environment.Job instance at 0x7f71f8447320>,11,12,[8 2],12,30,42,18,17
1,<environment.Job instance at 0x7f71f8447b90>,17,1,[8 3],18,42,43,24,18
1,<environment.Job instance at 0x7f71f8447f00>,18,1,[5 5],19,38,39,19,19
1,<environment.Job instance at 0x7f71f8447550>,20,2,[1 9],21,23,25,2,23
1,<environment.Job instance at 0x7f71f84474b0>,16,15,[1 8],17,38,53,21,24
1,<environment.Job instance at 0x7f71f7b642d0>,26,20,[5 4],27,39,59,12,30
1,<environment.Job instance at 0x7f71f7b641e0>,31,18,[3 9],32,53,71,21,42
1,<environment.Job instance at 0x7f71f7b74280>,34,15,[10  3],35,59,74,24,45
1,<environment.Job instance at 0x7f71f7b74d70>,35,18,[1 8],36,71,89,35,60
1,<environment.Job instance at 0x7f71f7b74230>,37,15,[4 8],38,89,104,51,75
1,<environment.Job instance at 0x7f71f7b64230>,21,18,[7 2],22,81,99,59,81
1,<environment.Job instance at 0x7f71f7b74500>,38,18,[3 9],39,104,122,65,93
1,<environment.Job instance at 0x7f71f7b744b0>,41,13,[8 5],42,99,112,57,94
1,<environment.Job instance at 0x7f71f7b74e60>,42,17,[10  2],43,112,129,69,100
1,<environment.Job instance at 0x7f71f7b74e10>,45,14,[5 3],46,122,136,76,107
1,<environment.Job instance at 0x7f71f7b520a0>,48,15,[3 6],49,129,144,80,115
1,<environment.Job instance at 0x7f71f7867af0>,0,13,[5 9],1,1,14,0,1
1,<environment.Job instance at 0x7f71f7807190>,1,17,[5 6],2,2,19,0,2
1,<environment.Job instance at 0x7f71f7b520a0>,3,3,[8 1],4,14,17,10,5
1,<environment.Job instance at 0x7f71f86fb7d0>,4,22,[6 1],5,17,39,12,10
1,<environment.Job instance at 0x7f71f86fb550>,6,17,[2 9],7,19,36,12,10
1,<environment.Job instance at 0x7f71f86fb4b0>,9,14,[10  5],10,39,53,29,25
1,<environment.Job instance at 0x7f71f86fbaf0>,10,18,[11  2],11,53,71,42,42
1,<environment.Job instance at 0x7f71f86fbe60>,11,16,[2 8],12,42,58,30,42
1,<environment.Job instance at 0x7f71f86fb140>,12,1,[9 4],13,71,72,58,43
1,<environment.Job instance at 0x7f71f86fbaa0>,13,12,[3 7],14,58,70,44,43
1,<environment.Job instance at 0x7f71f86fb690>,14,18,[11  5],15,72,90,57,61
1,<environment.Job instance at 0x7f71f86fbf00>,7,26,[1 8],8,73,99,65,73
1,<environment.Job instance at 0x7f71f86fb0f0>,5,14,[4 7],6,90,104,84,75
1,<environment.Job instance at 0x7f71f86fbeb0>,17,2,[4 9],18,104,106,86,77
1,<environment.Job instance at 0x7f71f86fb820>,18,3,[1 6],19,99,102,80,77
1,<environment.Job instance at 0x7f71f86fb1e0>,19,2,[1 6],20,102,104,82,77
1,<environment.Job instance at 0x7f71f86fba00>,16,23,[6 1],17,99,122,82,93
1,<environment.Job instance at 0x7f71f86fbcd0>,21,2,[ 4 10],22,106,108,84,93
1,<environment.Job instance at 0x7f71f86fb640>,22,3,[1 5],23,108,111,85,93
1,<environment.Job instance at 0x7f71f86fbd20>,23,1,[5 2],24,104,105,80,94
1,<environment.Job instance at 0x7f71f760e9b0>,24,12,[5 5],25,108,120,83,94
1,<environment.Job instance at 0x7f71f86fbb40>,8,21,[1 8],9,111,132,102,103
1,<environment.Job instance at 0x7f71f760e1e0>,27,13,[2 7],28,122,135,94,106
1,<environment.Job instance at 0x7f71f760e910>,28,15,[4 7],29,132,147,103,118
1,<environment.Job instance at 0x7f71f760eb40>,29,3,[8 4],30,135,138,105,118
1,<environment.Job instance at 0x7f72014bfa00>,0,1,[5 4],1,1,2,0,1
1,<environment.Job instance at 0x7f72014bf820>,1,18,[5 8],2,2,20,0,2
1,<environment.Job instance at 0x7f72014bf5a0>,3,2,[3 6],4,7,9,3,7
1,<environment.Job instance at 0x7f71f8ba7eb0>,6,15,[3 5],7,9,24,2,7
1,<environment.Job instance at 0x7f71f8c4adc0>,7,3,[3 8],8,20,23,12,8
1,<environment.Job instance at 0x7f71f8642c80>,8,3,[2 8],9,23,26,14,9
1,<environment.Job instance at 0x7f72016e2230>,10,1,[8 2],11,20,21,9,11
1,<environment.Job instance at 0x7f72016e27d0>,15,27,[13  1],16,24,51,8,22
1,<environment.Job instance at 0x7f7201591fa0>,16,13,[7 3],17,51,64,34,35
1,<environment.Job instance at 0x7f71f8c4a730>,2,24,[3 7],3,51,75,48,46
1,<environment.Job instance at 0x7f71f7fdf4b0>,18,3,[4 6],19,64,67,45,46
1,<environment.Job instance at 0x7f71f7fdf500>,19,14,[1 5],20,46,60,26,46
1,<environment.Job instance at 0x7f7201591190>,17,28,[6 2],18,64,92,46,63
1,<environment.Job instance at 0x7f71f7fdffa0>,21,16,[7 3],22,75,91,53,65
1,<environment.Job instance at 0x7f72016e2320>,14,18,[9 2],15,91,109,76,80
1,<environment.Job instance at 0x7f71f88a0050>,33,14,[2 9],34,92,106,58,83
1,<environment.Job instance at 0x7f71f8c9fd20>,22,15,[ 2 14],23,109,124,86,98
1,<environment.Job instance at 0x7f71f8cbd2d0>,48,12,[2 7],49,124,136,75,107
1,<environment.Job instance at 0x7f71f8f92050>,49,1,[5 4],50,107,108,57,107
1,<environment.Job instance at 0x7f71f8cbd0a0>,47,18,[10  2],48,124,142,76,116
1,<environment.Job instance at 0x7f71f7dbc550>,1,1,[ 4 13],2,2,3,0,2
1,<environment.Job instance at 0x7f71f81b3f00>,2,17,[4 7],3,3,20,0,3
1,<environment.Job instance at 0x7f71f81b3e10>,3,3,[ 4 14],4,20,23,16,4
1,<environment.Job instance at 0x7f71f81b3b90>,4,2,[ 3 13],5,23,25,18,5
1,<environment.Job instance at 0x7f71f81b3a50>,5,12,[10  2],6,6,18,0,6
1,<environment.Job instance at 0x7f71f81b33c0>,6,1,[7 4],7,18,19,11,7
1,<environment.Job instance at 0x7f71f81b35f0>,7,14,[5 9],8,25,39,17,10
1,<environment.Job instance at 0x7f71f81b3aa0>,9,1,[9 2],10,19,20,9,12
1,<environment.Job instance at 0x7f71f81b38c0>,12,3,[5 9],13,39,42,26,13
1,<environment.Job instance at 0x7f71f81b3b40>,8,3,[8 2],9,23,26,14,14
1,<environment.Job instance at 0x7f71f81a60f0>,15,1,[2 7],16,42,43,26,16
1,<environment.Job instance at 0x7f71f81a65f0>,16,12,[9 1],17,26,38,9,17
1,<environment.Job instance at 0x7f71f81a66e0>,18,13,[7 4],19,38,51,19,22
1,<environment.Job instance at 0x7f71f81a6fa0>,19,15,[3 8],20,43,58,23,29
1,<environment.Job instance at 0x7f71f81a6730>,20,15,[ 1 10],21,58,73,37,44
1,<environment.Job instance at 0x7f71f81a6410>,21,15,[8 5],22,51,66,29,44
1,<environment.Job instance at 0x7f71f81a6f50>,23,15,[2 9],24,73,88,49,59
1,<environment.Job instance at 0x7f71f81a6d70>,24,3,[5 6],25,73,76,48,59
1,<environment.Job instance at 0x7f71f81a6870>,26,3,[2 7],27,88,91,61,62
1,<environment.Job instance at 0x7f71f81a63c0>,28,15,[5 8],29,88,103,59,74
1,<environment.Job instance at 0x7f71f81a6960>,29,15,[7 4],30,91,106,61,77
1,<environment.Job instance at 0x7f71f81a6550>,30,12,[9 2],31,106,118,75,89
1,<environment.Job instance at 0x7f71f817ad70>,32,16,[4 8],33,103,119,70,90
1,<environment.Job instance at 0x7f71f817a910>,35,13,[ 5 10],36,119,132,83,103
1,<environment.Job instance at 0x7f71f81b3140>,11,14,[6 5],12,118,132,106,104
1,<environment.Job instance at 0x7f71f817aeb0>,39,3,[2 6],40,132,135,92,107
1,<environment.Job instance at 0x7f71f817a500>,38,15,[9 2],39,132,147,93,118
1,<environment.Job instance at 0x7f71f817a5a0>,42,12,[2 7],43,132,144,89,118
1,<environment.Job instance at 0x7f71f889a0f0>,1,16,[1 7],2,2,18,0,2
1,<environment.Job instance at 0x7f71f817a9b0>,2,15,[6 3],3,3,18,0,3
1,<environment.Job instance at 0x7f71f7c944b0>,3,13,[7 1],4,4,17,0,4
1,<environment.Job instance at 0x7f71f7c946e0>,4,18,[ 5 10],5,18,36,13,8
1,<environment.Job instance at 0x7f71f7c94910>,8,15,[2 5],9,17,32,8,9
1,<environment.Job instance at 0x7f71f7c94a00>,9,1,[8 4],10,32,33,22,10
1,<environment.Job instance at 0x7f71f7c94af0>,10,3,[5 7],11,36,39,25,11
1,<environment.Job instance at 0x7f71f817a730>,5,20,[10  5],6,33,53,27,24
1,<environment.Job instance at 0x7f71f7c77140>,20,14,[9 5],21,53,67,32,38
1,<environment.Job instance at 0x7f71f7c77870>,29,13,[4 8],30,39,52,9,38
1,<environment.Job instance at 0x7f71f7c94820>,6,1,[8 3],7,67,68,60,42
1,<environment.Job instance at 0x7f71f7c77690>,26,13,[ 3 10],27,52,65,25,42
1,<environment.Job instance at 0x7f71f7c77a50>,32,3,[6 5],33,65,68,32,42
1,<environment.Job instance at 0x7f71f7c77f00>,38,18,[8 4],39,68,86,29,57
1,<environment.Job instance at 0x7f71f7c77500>,40,16,[6 4],41,68,84,27,57
1,<environment.Job instance at 0x7f71f7c84690>,46,16,[3 9],47,84,100,37,71
1,<environment.Job instance at 0x7f71f7c84730>,47,15,[2 6],48,86,101,38,72
1,<environment.Job instance at 0x7f71f7c848c0>,50,16,[4 6],51,100,116,49,87
1,<environment.Job instance at 0x7f71f7c84b40>,54,17,[3 6],55,101,118,46,89
1,<environment.Job instance at 0x7f71f7ca38c0>,71,16,[2 8],72,116,132,44,103
1,<environment.Job instance at 0x7f71f8439230>,72,21,[5 2],73,118,139,45,110
1,<environment.Job instance at 0x7f9dc5056320>,1,1,[3 7],2,2,3,0,2
1,<environment.Job instance at 0x7f9dbb8de410>,2,13,[10  1],3,3,16,0,3
1,<environment.Job instance at 0x7f9dbb8de5f0>,3,17,[ 5 10],4,4,21,0,4
1,<environment.Job instance at 0x7f9dbb8de7d0>,5,12,[1 7],6,21,33,15,6
1,<environment.Job instance at 0x7f9dbb8de500>,6,1,[9 5],7,16,17,9,7
1,<environment.Job instance at 0x7f9dbb8de910>,7,16,[5 8],8,21,37,13,8
1,<environment.Job instance at 0x7f9dbb8deaa0>,11,3,[5 5],12,17,20,5,12
1,<environment.Job instance at 0x7f9dc50561e0>,9,16,[4 5],10,33,49,23,20
1,<environment.Job instance at 0x7f9dbb8ded20>,13,15,[7 4],14,37,52,23,23
1,<environment.Job instance at 0x7f9dbb8ded70>,14,18,[1 6],15,37,55,22,27
1,<environment.Job instance at 0x7f9dbb8dec80>,15,16,[5 5],16,49,65,33,36
1,<environment.Job instance at 0x7f9dbb8defa0>,18,12,[1 8],19,55,67,36,38
1,<environment.Job instance at 0x7f9dbb8e02d0>,20,14,[4 8],21,67,81,46,54
1,<environment.Job instance at 0x7f9dbb8e04b0>,26,16,[9 1],27,54,70,27,54
1,<environment.Job instance at 0x7f9dbb8e06e0>,29,18,[5 1],30,70,88,40,59
1,<environment.Job instance at 0x7f9dbb8e09b0>,31,15,[5 5],32,70,85,38,59
1,<environment.Job instance at 0x7f9dbb8e0af0>,33,15,[5 3],34,81,96,47,67
1,<environment.Job instance at 0x7f9dbb8deaf0>,10,12,[5 5],11,85,97,74,70
1,<environment.Job instance at 0x7f9dbb8e0c30>,35,1,[9 1],36,96,97,60,70
1,<environment.Job instance at 0x7f9dbb8e0d70>,36,13,[7 1],37,97,110,60,83
1,<environment.Job instance at 0x7f9dbb8e0eb0>,37,2,[8 4],38,97,99,59,83
1,<environment.Job instance at 0x7f9dbb8e0d20>,38,12,[5 4],39,99,111,60,85
1,<environment.Job instance at 0x7f9dbb8e0f50>,39,1,[2 7],40,88,89,48,85
1,<environment.Job instance at 0x7f9dbb8e0b90>,34,19,[3 7],35,99,118,64,90
1,<environment.Job instance at 0x7f9dbb8dec30>,12,17,[1 8],13,111,128,98,99
1,<environment.Job instance at 0x7f9dbb8e4190>,42,15,[7 4],43,118,133,75,105
1,<environment.Job instance at 0x7f9dbb8e43c0>,43,20,[5 2],44,118,138,74,114
1,<environment.Job instance at 0x7f9dbb8e4370>,45,2,[9 3],46,133,135,87,114
1,<environment.Job instance at 0x7f9dbb8e4460>,44,14,[7 1],45,135,149,90,124
1,<environment.Job instance at 0x7f9dbb8e46e0>,48,17,[1 9],49,128,145,79,125
1,<environment.Job instance at 0x7f9dbb9575f0>,1,17,[5 9],2,2,19,0,2
1,<environment.Job instance at 0x7f9dbb8e46e0>,4,17,[5 3],5,5,22,0,5
1,<environment.Job instance at 0x7f9dbb957690>,0,1,[4 7],1,19,20,18,6
1,<environment.Job instance at 0x7f9dbb9625f0>,3,12,[5 1],4,7,19,3,7
1,<environment.Job instance at 0x7f9dbb962a00>,7,18,[7 1],8,20,38,12,9
1,<environment.Job instance at 0x7f9dbbf9c050>,14,3,[7 1],15,22,25,7,15
1,<environment.Job instance at 0x7f9dbbf9c3c0>,15,1,[10  4],16,38,39,22,16
1,<environment.Job instance at 0x7f9dbb962870>,6,17,[5 8],7,25,42,18,20
1,<environment.Job instance at 0x7f9dbbf9c2d0>,17,1,[4 9],18,42,43,24,20
1,<environment.Job instance at 0x7f9dbbf9c5f0>,13,18,[8 2],14,39,57,25,28
1,<environment.Job instance at 0x7f9dbbf9c1e0>,20,12,[4 8],21,43,55,22,28
1,<environment.Job instance at 0x7f9dbbf9cdc0>,21,18,[7 2],22,55,73,33,44
1,<environment.Job instance at 0x7f9dbb3bae60>,22,15,[6 4],23,57,72,34,44
1,<environment.Job instance at 0x7f9dbbf9ca50>,18,18,[4 6],19,72,90,53,61
1,<environment.Job instance at 0x7f9dbaf91410>,25,15,[5 4],26,73,88,47,61
1,<environment.Job instance at 0x7f9dbb02bfa0>,26,2,[5 8],27,88,90,61,61
1,<environment.Job instance at 0x7f9dbaf66eb0>,27,2,[2 8],28,61,63,33,61
1,<environment.Job instance at 0x7f9dbb3ecc80>,28,1,[9 3],29,90,91,61,62
1,<environment.Job instance at 0x7f9dbb3441e0>,24,18,[9 2],25,91,109,66,80
1,<environment.Job instance at 0x7f9dbb3675a0>,34,15,[4 8],35,93,108,58,93
1,<environment.Job instance at 0x7f9dbafa79b0>,37,15,[2 5],38,93,108,55,93
1,<environment.Job instance at 0x7f9dbb37b870>,38,18,[7 3],39,109,127,70,98
1,<environment.Job instance at 0x7f9dbb027690>,39,15,[3 7],40,108,123,68,102
1,<environment.Job instance at 0x7f9dbb027cd0>,41,16,[9 1],42,127,143,85,114
1,<environment.Job instance at 0x7f9dbbf9ca00>,16,25,[ 4 10],17,123,148,106,119
1,<environment.Job instance at 0x7f9dbb8e97d0>,1,14,[2 5],2,2,16,0,2
1,<environment.Job instance at 0x7f9dbaf92690>,2,16,[2 9],3,3,19,0,3
1,<environment.Job instance at 0x7f9dbaf92780>,3,1,[3 7],4,19,20,15,4
1,<environment.Job instance at 0x7f9dbaf92460>,5,1,[8 4],6,16,17,10,6
1,<environment.Job instance at 0x7f9dbaf92230>,6,1,[6 1],7,8,9,1,8
1,<environment.Job instance at 0x7f9dbaf92cd0>,8,14,[10  4],9,17,31,8,9
1,<environment.Job instance at 0x7f9dbaf92c80>,9,12,[4 6],10,20,32,10,10
1,<environment.Job instance at 0x7f9dbaf92d20>,12,14,[1 9],13,31,45,18,16
1,<environment.Job instance at 0x7f9dbaf92af0>,13,2,[5 2],14,32,34,18,17
1,<environment.Job instance at 0x7f9dbaf92500>,14,3,[6 2],15,32,35,17,19
1,<environment.Job instance at 0x7f9dbaf922d0>,15,14,[4 8],16,45,59,29,30
1,<environment.Job instance at 0x7f9dbafddd20>,16,12,[8 4],17,34,46,17,31
1,<environment.Job instance at 0x7f9dbaf92140>,11,1,[7 4],12,46,47,34,32
1,<environment.Job instance at 0x7f9dbaf92910>,10,14,[4 9],11,59,73,48,44
1,<environment.Job instance at 0x7f9dbafdd870>,19,15,[10  4],20,47,62,27,45
1,<environment.Job instance at 0x7f9dbafddcd0>,20,13,[5 1],21,62,75,41,46
1,<environment.Job instance at 0x7f9dbafdd6e0>,21,2,[5 8],22,73,75,51,46
1,<environment.Job instance at 0x7f9dbafdd500>,22,16,[ 4 10],23,75,91,52,62
1,<environment.Job instance at 0x7f9dbafdd4b0>,18,12,[1 5],19,66,78,47,66
1,<environment.Job instance at 0x7f9dbaf92640>,7,14,[4 9],8,91,105,83,76
1,<environment.Job instance at 0x7f9dbafdd460>,26,17,[5 5],27,78,95,51,76
1,<environment.Job instance at 0x7f9dbafdd1e0>,34,15,[8 3],35,95,110,60,81
1,<environment.Job instance at 0x7f9dbaf902d0>,36,12,[2 9],37,105,117,68,88
1,<environment.Job instance at 0x7f9dbaf904b0>,37,12,[5 9],38,117,129,79,100
1,<environment.Job instance at 0x7f9dbaf901e0>,41,12,[3 5],42,110,122,68,100
1,<environment.Job instance at 0x7f9dbbd79460>,44,13,[4 5],45,122,135,77,106
1,<environment.Job instance at 0x7f9dbb70c5f0>,46,16,[9 1],47,129,145,82,116
1,<environment.Job instance at 0x7f9dbbd79500>,48,12,[5 5],49,135,147,86,118
1,<environment.Job instance at 0x7f9dc5056190>,1,17,[ 1 10],2,2,19,0,2
1,<environment.Job instance at 0x7f9dbbd79500>,3,17,[5 1],4,4,21,0,4
1,<environment.Job instance at 0x7f9dbb020320>,0,2,[5 2],1,5,7,4,5
1,<environment.Job instance at 0x7f9dbb729a00>,2,1,[1 6],3,19,20,16,6
1,<environment.Job instance at 0x7f9dbb0208c0>,4,18,[3 6],5,19,37,14,8
1,<environment.Job instance at 0x7f9dbb5655f0>,9,3,[2 6],10,20,23,10,10
1,<environment.Job instance at 0x7f9dbb565780>,10,1,[3 5],11,23,24,12,11
1,<environment.Job instance at 0x7f9dbb2f7190>,11,3,[2 5],12,24,27,12,12
1,<environment.Job instance at 0x7f9dbb565a50>,8,18,[10  4],9,24,42,15,14
1,<environment.Job instance at 0x7f9dbb5b9f00>,7,2,[ 3 11],8,37,39,29,14
1,<environment.Job instance at 0x7f9dbb2dbf00>,17,19,[5 3],18,39,58,21,29
1,<environment.Job instance at 0x7f9dbb4d1af0>,14,12,[ 5 10],15,42,54,27,29
1,<environment.Job instance at 0x7f9dbb2db730>,20,12,[6 2],21,54,66,33,37
1,<environment.Job instance at 0x7f9dbb2db410>,22,17,[2 9],23,54,71,31,43
1,<environment.Job instance at 0x7f9dbb07ddc0>,23,12,[2 9],24,71,83,47,54
1,<environment.Job instance at 0x7f9dbaf68820>,24,15,[2 9],25,83,98,58,69
1,<environment.Job instance at 0x7f9dbbc15230>,27,12,[7 5],28,69,81,41,69
1,<environment.Job instance at 0x7f9dbbc15cd0>,28,17,[5 5],29,81,98,52,69
1,<environment.Job instance at 0x7f9dbb556320>,29,16,[1 7],30,98,114,68,85
1,<environment.Job instance at 0x7f9dbbc155f0>,30,17,[8 3],31,98,115,67,86
1,<environment.Job instance at 0x7f9dbb394190>,31,13,[7 2],32,114,127,82,99
1,<environment.Job instance at 0x7f9dbaf53870>,34,15,[1 8],35,115,130,80,101
1,<environment.Job instance at 0x7f9dbb004280>,38,19,[7 1],39,115,134,76,106
1,<environment.Job instance at 0x7f9dbb004320>,39,18,[8 3],40,130,148,90,120
1,<environment.Job instance at 0x7f9dbaff05a0>,47,14,[7 4],48,134,148,86,120
1,<environment.Job instance at 0x7f9dbb282460>,0,13,[4 5],1,1,14,0,1
1,<environment.Job instance at 0x7f9dbb282d20>,1,28,[6 2],2,2,30,0,2
1,<environment.Job instance at 0x7f9dbb2a9190>,2,2,[6 2],3,14,16,11,3
1,<environment.Job instance at 0x7f9dbb2a9550>,3,2,[1 8],4,4,6,0,4
1,<environment.Job instance at 0x7f9dbb2b4320>,4,1,[5 4],5,6,7,1,5
1,<environment.Job instance at 0x7f9dbb2b4460>,5,3,[ 5 10],6,16,19,10,6
1,<environment.Job instance at 0x7f9dbb2b45f0>,7,3,[1 9],8,19,22,11,8
1,<environment.Job instance at 0x7f9dbb2b4af0>,8,3,[5 2],9,9,12,0,9
1,<environment.Job instance at 0x7f9dbb2b4e10>,9,13,[9 2],10,22,35,12,10
1,<environment.Job instance at 0x7f9dbb2b4370>,10,1,[5 8],11,12,13,1,11
1,<environment.Job instance at 0x7f9dbb2a2820>,14,12,[2 7],15,30,42,15,15
1,<environment.Job instance at 0x7f9dbb2a2aa0>,19,13,[1 8],20,35,48,15,21
1,<environment.Job instance at 0x7f9dbb2a0870>,20,3,[5 4],21,42,45,21,21
1,<environment.Job instance at 0x7f9dbb2a0280>,21,13,[12  2],22,45,58,23,29
1,<environment.Job instance at 0x7f9dbb2a0eb0>,22,1,[4 6],23,30,31,7,29
1,<environment.Job instance at 0x7f9dbb2a00a0>,18,14,[ 3 10],19,48,62,29,33
1,<environment.Job instance at 0x7f9dbb2a08c0>,23,12,[7 1],24,58,70,34,41
1,<environment.Job instance at 0x7f9dbc06df50>,27,12,[1 8],28,62,74,34,45
1,<environment.Job instance at 0x7f9dbc069190>,28,2,[6 2],29,62,64,33,45
1,<environment.Job instance at 0x7f9dbb2a23c0>,17,15,[6 1],18,64,79,46,50
1,<environment.Job instance at 0x7f9dbc065d70>,30,2,[8 4],31,70,72,39,50
1,<environment.Job instance at 0x7f9dbaf3e1e0>,31,1,[9 1],32,74,75,42,50
1,<environment.Job instance at 0x7f9dbb924fa0>,26,15,[6 3],27,75,90,48,61
1,<environment.Job instance at 0x7f9dbb28edc0>,33,14,[ 5 10],34,79,93,45,66
1,<environment.Job instance at 0x7f9dbaf1f370>,32,12,[10  2],33,90,102,57,73
1,<environment.Job instance at 0x7f9dbaf16d20>,35,17,[3 5],36,93,110,57,81
1,<environment.Job instance at 0x7f9dbaefc0a0>,38,13,[4 5],39,102,115,63,86
1,<environment.Job instance at 0x7f9dbaebd0f0>,39,15,[1 8],40,110,125,70,96
1,<environment.Job instance at 0x7f9dbaec0280>,40,16,[2 6],41,115,131,74,102
1,<environment.Job instance at 0x7f9dbaedadc0>,41,16,[9 5],42,125,141,83,112
1,<environment.Job instance at 0x7f9dbb2b94b0>,43,17,[5 3],44,131,148,87,119
1,<environment.Job instance at 0x7f9dbaebd870>,1,17,[7 2],2,2,19,0,2
1,<environment.Job instance at 0x7f9dbaebda00>,2,2,[10  4],3,19,21,16,3
1,<environment.Job instance at 0x7f9dbaebd230>,3,3,[2 6],4,4,7,0,4
1,<environment.Job instance at 0x7f9dbaebdd70>,4,15,[3 7],5,5,20,0,5
1,<environment.Job instance at 0x7f9dbaebd0a0>,6,2,[3 5],7,7,9,0,7
1,<environment.Job instance at 0x7f9dbaf38be0>,5,17,[9 3],6,21,38,15,9
1,<environment.Job instance at 0x7f9dbaf38d70>,9,3,[9 4],10,38,41,28,12
1,<environment.Job instance at 0x7f9dbaebd960>,0,22,[2 5],1,20,42,19,13
1,<environment.Job instance at 0x7f9dbaf384b0>,12,18,[1 5],13,20,38,7,13
1,<environment.Job instance at 0x7f9dbaf38460>,14,3,[2 5],15,15,18,0,15
1,<environment.Job instance at 0x7f9dbaf38780>,10,12,[8 1],11,41,53,30,24
1,<environment.Job instance at 0x7f9dbaf38230>,17,15,[2 6],18,38,53,20,24
1,<environment.Job instance at 0x7f9dbaf385a0>,11,3,[8 5],12,53,56,41,30
1,<environment.Job instance at 0x7f9dbaf38280>,18,12,[9 5],19,56,68,37,39
1,<environment.Job instance at 0x7f9dbaf35910>,21,13,[5 4],22,42,55,20,39
1,<environment.Job instance at 0x7f9dbaf355f0>,22,13,[10  4],23,68,81,45,52
1,<environment.Job instance at 0x7f9dbaf35190>,19,3,[9 3],20,81,84,61,56
1,<environment.Job instance at 0x7f9dbaf35640>,24,2,[4 8],25,56,58,31,56
1,<environment.Job instance at 0x7f9dbaf354b0>,25,3,[10  5],26,84,87,58,59
1,<environment.Job instance at 0x7f9dbaf35460>,23,13,[7 1],24,87,100,63,71
1,<environment.Job instance at 0x7f9dbaf35280>,27,14,[1 6],28,71,85,43,71
1,<environment.Job instance at 0x7f9dbaf35690>,28,17,[10  5],29,100,117,71,88
1,<environment.Job instance at 0x7f9dbaf355a0>,29,17,[4 6],30,88,105,58,88
1,<environment.Job instance at 0x7f9dbaf32690>,30,17,[8 1],31,117,134,86,105
1,<environment.Job instance at 0x7f9dbaf32f00>,31,15,[4 6],32,105,120,73,105
1,<environment.Job instance at 0x7f9dbaf32640>,32,3,[5 5],33,120,123,87,105
1,<environment.Job instance at 0x7f9dbaf320a0>,33,17,[8 4],34,134,151,100,122
1,<environment.Job instance at 0x7f9dbaf32730>,34,16,[1 6],35,122,138,87,122
1,<environment.Job instance at 0x7f9dbb6cfc30>,0,17,[ 4 10],1,1,18,0,1
1,<environment.Job instance at 0x7f9dbaf32730>,2,1,[8 2],3,4,5,1,4
1,<environment.Job instance at 0x7f9dbae99c80>,4,12,[3 8],5,18,30,13,5
1,<environment.Job instance at 0x7f9dbae990f0>,5,2,[5 7],6,18,20,12,6
1,<environment.Job instance at 0x7f9dbae99050>,6,17,[7 5],7,20,37,13,8
1,<environment.Job instance at 0x7f9dbae99870>,8,2,[3 6],9,30,32,21,10
1,<environment.Job instance at 0x7f9dbaf32b40>,1,12,[2 9],2,32,44,30,17
1,<environment.Job instance at 0x7f9dbb6cf050>,3,21,[2 8],4,44,65,40,36
1,<environment.Job instance at 0x7f9dbae99960>,15,13,[1 5],16,37,50,21,36
1,<environment.Job instance at 0x7f9dbae99730>,9,13,[2 7],10,50,63,40,38
1,<environment.Job instance at 0x7f9dbae99690>,11,18,[4 6],12,63,81,51,54
1,<environment.Job instance at 0x7f9dbae99af0>,18,12,[4 8],19,65,77,46,54
1,<environment.Job instance at 0x7f9dbb324cd0>,19,3,[12  2],20,81,84,61,55
1,<environment.Job instance at 0x7f9dbb324780>,20,2,[9 2],21,77,79,56,55
1,<environment.Job instance at 0x7f9dbb324460>,21,13,[13  3],22,84,97,62,68
1,<environment.Job instance at 0x7f9dbae993c0>,10,28,[2 8],11,79,107,68,79
1,<environment.Job instance at 0x7f9dbb90bd70>,7,1,[5 4],8,97,98,89,79
1,<environment.Job instance at 0x7f9dbae99a50>,16,21,[7 5],17,98,119,81,92
1,<environment.Job instance at 0x7f9dbb3244b0>,25,12,[ 2 10],26,107,119,81,92
1,<environment.Job instance at 0x7f9dbb3241e0>,26,15,[5 5],27,119,134,92,105
1,<environment.Job instance at 0x7f9dbb324a00>,27,16,[6 1],28,119,135,91,106
1,<environment.Job instance at 0x7f9dbb324640>,29,13,[1 8],30,119,132,89,107
1,<environment.Job instance at 0x7f9dbb324b90>,30,12,[8 2],31,134,146,103,117
1,<environment.Job instance at 0x7f9dbb324550>,32,17,[6 1],33,135,152,102,124
1,<environment.Job instance at 0x7f9dbb324e10>,33,12,[5 5],34,146,158,112,129
1,<environment.Job instance at 0x7f9dbaea0370>,0,13,[4 7],1,1,14,0,1
1,<environment.Job instance at 0x7f9dbaea0c30>,1,1,[2 8],2,3,4,1,3
1,<environment.Job instance at 0x7f9dbb324be0>,2,14,[10  5],3,4,18,1,3
1,<environment.Job instance at 0x7f9dbb898190>,3,2,[8 4],4,18,20,14,7
1,<environment.Job instance at 0x7f9dbb2c75a0>,8,12,[2 8],9,14,26,5,9
1,<environment.Job instance at 0x7f9dbb2c71e0>,7,3,[8 1],8,20,23,12,9
1,<environment.Job instance at 0x7f9dbb7fc280>,9,16,[3 5],10,20,36,10,10
1,<environment.Job instance at 0x7f9dbb32d190>,10,3,[11  5],11,26,29,15,11
1,<environment.Job instance at 0x7f9dbb329370>,13,16,[7 4],14,29,45,15,16
1,<environment.Job instance at 0x7f9dbb329190>,15,2,[7 1],16,23,25,7,23
1,<environment.Job instance at 0x7f9dbb3292d0>,18,13,[6 5],19,36,49,17,23
1,<environment.Job instance at 0x7f9dbb325500>,19,1,[6 4],20,45,46,25,23
1,<environment.Job instance at 0x7f9dbb325f50>,17,15,[10  2],18,49,64,31,35
1,<environment.Job instance at 0x7f9dbb7fcc30>,11,16,[ 3 10],12,46,62,34,35
1,<environment.Job instance at 0x7f9dbb325550>,22,13,[2 7],23,62,75,39,46
1,<environment.Job instance at 0x7f9dbb325be0>,23,2,[2 8],24,64,66,40,46
1,<environment.Job instance at 0x7f9dbb3255a0>,24,17,[2 5],25,66,83,41,54
1,<environment.Job instance at 0x7f9dbb826e10>,28,17,[2 5],29,75,92,46,63
1,<environment.Job instance at 0x7f9dbb305eb0>,39,15,[3 5],40,75,90,35,63
1,<environment.Job instance at 0x7f9dbb32d050>,14,12,[5 3],15,83,95,68,68
1,<environment.Job instance at 0x7f9dbc088fa0>,42,18,[5 5],43,90,108,47,79
1,<environment.Job instance at 0x7f9dbc088b90>,41,14,[5 6],42,92,106,50,84
1,<environment.Job instance at 0x7f9dbc095320>,55,2,[9 4],56,106,108,50,86
1,<environment.Job instance at 0x7f9dbc0959b0>,54,18,[3 8],55,108,126,53,97
1,<environment.Job instance at 0x7f9dbc091230>,66,18,[5 3],67,108,126,41,97
1,<environment.Job instance at 0x7f9dbb325280>,20,18,[6 1],21,108,126,87,100
1,<environment.Job instance at 0x7f9dbb7d3eb0>,68,2,[2 6],69,126,128,57,100
1,<environment.Job instance at 0x7f9dbc0912d0>,67,16,[9 4],68,126,142,58,113
1,<environment.Job instance at 0x7f9dbb7d3f00>,71,16,[5 8],72,128,144,56,117
1,<environment.Job instance at 0x7f9dbbf971e0>,0,18,[4 7],1,1,19,0,1
1,<environment.Job instance at 0x7f9dbb7c9280>,2,14,[9 1],3,3,17,0,3
1,<environment.Job instance at 0x7f9dbbf977d0>,3,3,[7 1],4,17,20,13,4
1,<environment.Job instance at 0x7f9dbbf97a00>,4,12,[ 1 11],5,19,31,14,5
1,<environment.Job instance at 0x7f9dbbf97aa0>,5,14,[6 2],6,19,33,13,6
1,<environment.Job instance at 0x7f9dbb5da910>,8,1,[9 4],9,31,32,22,9
1,<environment.Job instance at 0x7f9dbb5da820>,9,2,[10  3],10,33,35,23,10
1,<environment.Job instance at 0x7f9dbb5da640>,10,2,[4 8],11,32,34,21,11
1,<environment.Job instance at 0x7f9dbb5da190>,11,12,[ 5 10],12,34,46,22,17
1,<environment.Job instance at 0x7f9dbb5daa00>,13,1,[7 2],14,20,21,6,17
1,<environment.Job instance at 0x7f9dbb5daf50>,15,2,[10  2],16,35,37,19,18
1,<environment.Job instance at 0x7f9dbb5da0a0>,16,3,[3 7],17,46,49,29,20
1,<environment.Job instance at 0x7f9dbb5da1e0>,12,1,[2 8],13,46,47,33,20
1,<environment.Job instance at 0x7f9dbb5da2d0>,19,3,[7 3],20,37,40,17,21
1,<environment.Job instance at 0x7f9dbb5da0f0>,18,12,[5 2],19,47,59,28,32
1,<environment.Job instance at 0x7f9dbb8b97d0>,22,16,[3 6],23,47,63,24,34
1,<environment.Job instance at 0x7f9dbb8b9e10>,24,12,[9 4],25,59,71,34,42
1,<environment.Job instance at 0x7f9dbb8b9eb0>,25,17,[2 8],26,63,80,37,51
1,<environment.Job instance at 0x7f9dbb8b9fa0>,26,17,[1 7],27,71,88,44,59
1,<environment.Job instance at 0x7f9dbb8b9320>,27,18,[5 1],28,80,98,52,69
1,<environment.Job instance at 0x7f9dbb8b9b40>,30,13,[5 8],31,88,101,57,72
1,<environment.Job instance at 0x7f9dbb8b9730>,31,15,[7 4],32,98,113,66,84
1,<environment.Job instance at 0x7f9dbb8b9af0>,34,13,[6 2],35,101,114,66,85
1,<environment.Job instance at 0x7f9dbb8b9e60>,40,22,[7 3],41,113,135,72,106
1,<environment.Job instance at 0x7f9dbb8b9050>,23,13,[4 9],24,114,127,90,106
1,<environment.Job instance at 0x7f9dbb890e10>,45,3,[7 3],46,127,130,81,109
1,<environment.Job instance at 0x7f9dbb890a00>,44,14,[10  1],45,135,149,90,120
1,<environment.Job instance at 0x7f9dbb890960>,47,3,[4 5],48,130,133,82,120
1,<environment.Job instance at 0x7f9dbb8a3be0>,0,12,[2 5],1,1,13,0,1
1,<environment.Job instance at 0x7f9dbb8a36e0>,1,2,[4 6],2,2,4,0,2
1,<environment.Job instance at 0x7f9dbc3c83c0>,2,2,[10  3],3,4,6,1,3
1,<environment.Job instance at 0x7f9dbb606dc0>,3,17,[5 2],4,6,23,2,4
1,<environment.Job instance at 0x7f9dbb606b40>,4,14,[8 3],5,6,20,1,5
1,<environment.Job instance at 0x7f9dbb890960>,6,17,[5 6],7,20,37,13,8
1,<environment.Job instance at 0x7f9dbb6060a0>,8,15,[2 6],9,13,28,4,9
1,<environment.Job instance at 0x7f9dbb605960>,9,3,[3 9],10,28,31,18,10
1,<environment.Job instance at 0x7f9dbb606a50>,10,2,[6 5],11,31,33,20,11
1,<environment.Job instance at 0x7f9dbb605aa0>,12,17,[3 5],13,33,50,20,21
1,<environment.Job instance at 0x7f9dbb605be0>,11,16,[3 6],12,37,53,25,24
1,<environment.Job instance at 0x7f9dbc3ea0f0>,16,14,[9 3],17,37,51,20,24
1,<environment.Job instance at 0x7f9dbc3ea730>,17,2,[14  3],18,53,55,35,26
1,<environment.Job instance at 0x7f9dbb639460>,19,3,[5 3],20,33,36,13,26
1,<environment.Job instance at 0x7f9dbb639f00>,20,12,[2 5],21,55,67,34,38
1,<environment.Job instance at 0x7f9dbb639e60>,21,2,[3 6],22,50,52,28,38
1,<environment.Job instance at 0x7f9dbb639190>,23,17,[6 2],24,55,72,31,43
1,<environment.Job instance at 0x7f9dbc3121e0>,33,18,[7 5],34,55,73,21,46
1,<environment.Job instance at 0x7f9dbc3120f0>,34,14,[5 5],35,72,86,37,57
1,<environment.Job instance at 0x7f9dbbf64dc0>,42,20,[6 5],43,73,93,30,64
1,<environment.Job instance at 0x7f9dbb606190>,5,24,[2 7],6,86,110,80,81
1,<environment.Job instance at 0x7f9dbb60c370>,48,1,[5 5],49,93,94,44,81
1,<environment.Job instance at 0x7f9dbb9b4aa0>,47,14,[1 6],48,94,108,46,81
1,<environment.Job instance at 0x7f9dbb9b0e10>,52,17,[5 5],53,108,125,55,96
1,<environment.Job instance at 0x7f9dbbf632d0>,53,15,[7 3],54,108,123,54,96
1,<environment.Job instance at 0x7f9dbb605a00>,13,1,[ 2 14],14,125,126,111,100
1,<environment.Job instance at 0x7f9dbbf63460>,55,15,[6 4],56,126,141,70,112
1,<environment.Job instance at 0x7f9dbbf63af0>,59,16,[2 7],60,126,142,66,113
1,<environment.Job instance at 0x7f9dbbf9d910>,40,12,[ 5 10],41,142,154,101,125
1,<environment.Job instance at 0x7f9dbc223410>,0,2,[7 4],1,1,3,0,1
1,<environment.Job instance at 0x7f9dbbf9d690>,1,1,[1 6],2,3,4,1,3
1,<environment.Job instance at 0x7f9dbbf9d910>,2,22,[7 2],3,4,26,1,4
1,<environment.Job instance at 0x7f9dbc223140>,3,18,[ 5 11],4,4,22,0,4
1,<environment.Job instance at 0x7f9dbc2232d0>,4,12,[2 6],5,22,34,17,5
1,<environment.Job instance at 0x7f9dbc2236e0>,5,3,[7 5],6,26,29,20,6
1,<environment.Job instance at 0x7f9dbc223e60>,10,3,[5 7],11,22,25,11,11
1,<environment.Job instance at 0x7f9dbc223960>,13,2,[ 1 12],14,34,36,20,14
1,<environment.Job instance at 0x7f9dc4c8c5f0>,14,3,[5 2],15,25,28,10,15
1,<environment.Job instance at 0x7f9dbc29e410>,15,3,[5 1],16,28,31,12,16
1,<environment.Job instance at 0x7f9dc4c8caa0>,12,16,[1 6],13,36,52,23,23
1,<environment.Job instance at 0x7f9dbc29ec30>,17,13,[8 3],18,29,42,11,23
1,<environment.Job instance at 0x7f9dbc29e1e0>,22,3,[5 8],23,42,45,19,23
1,<environment.Job instance at 0x7f9dbc29ecd0>,16,18,[2 5],17,45,63,28,34
1,<environment.Job instance at 0x7f9dbc29e0a0>,24,18,[ 4 10],25,52,70,27,41
1,<environment.Job instance at 0x7f9dbc29e5f0>,29,13,[8 5],30,63,76,33,47
1,<environment.Job instance at 0x7f9dbc29ea50>,30,16,[4 6],31,70,86,39,57
1,<environment.Job instance at 0x7f9dbc29e190>,31,13,[8 5],32,76,89,44,60
1,<environment.Job instance at 0x7f9dbaffca50>,33,18,[9 5],34,89,107,55,78
1,<environment.Job instance at 0x7f9dbaffc500>,34,13,[2 6],35,86,99,51,78
1,<environment.Job instance at 0x7f9dbaffc7d0>,35,16,[7 1],36,107,123,71,94
1,<environment.Job instance at 0x7f9dbaffc280>,36,13,[3 5],37,99,112,62,94
1,<environment.Job instance at 0x7f9dbaffcaa0>,37,17,[3 7],38,107,124,69,95
1,<environment.Job instance at 0x7f9dbaffc960>,38,17,[5 8],39,123,140,84,111
1,<environment.Job instance at 0x7f9dbaffc870>,39,13,[8 5],40,124,137,84,111
1,<environment.Job instance at 0x7f9dbaffc140>,40,13,[3 8],41,140,153,99,124
1,<environment.Job instance at 0x7f9dbaffcdc0>,41,16,[1 6],42,137,153,95,124
1,<environment.Job instance at 0x7f9dbad3ef50>,0,12,[10  1],1,1,13,0,1
1,<environment.Job instance at 0x7f9dbb28b910>,1,3,[7 5],2,13,16,11,2
1,<environment.Job instance at 0x7f9dbad3ef00>,2,1,[7 2],3,13,14,10,3
1,<environment.Job instance at 0x7f9dbad3ed70>,3,15,[6 1],4,14,29,10,4
1,<environment.Job instance at 0x7f9dbb28bb90>,5,18,[5 5],6,16,34,10,6
1,<environment.Job instance at 0x7f9dbad3eb40>,6,3,[4 7],7,8,11,1,8
1,<environment.Job instance at 0x7f9dbad3e8c0>,8,2,[3 6],9,11,13,2,9
1,<environment.Job instance at 0x7f9dbad3e730>,9,16,[1 8],10,11,27,1,10
1,<environment.Job instance at 0x7f9dbad3eb90>,10,12,[3 7],11,27,39,16,11
1,<environment.Job instance at 0x7f9dbad3eeb0>,12,3,[5 2],13,29,32,16,16
1,<environment.Job instance at 0x7f9dbad3ee10>,7,15,[4 6],8,34,49,26,20
1,<environment.Job instance at 0x7f9dbacfd320>,15,18,[6 4],16,39,57,23,28
1,<environment.Job instance at 0x7f9dbac4c4b0>,32,16,[4 6],33,49,65,16,40
1,<environment.Job instance at 0x7f9dbacfd140>,33,18,[5 8],34,57,75,23,51
1,<environment.Job instance at 0x7f9dbac4c370>,35,15,[9 4],36,65,80,29,51
1,<environment.Job instance at 0x7f9dbac4caf0>,38,15,[8 5],39,80,95,41,66
1,<environment.Job instance at 0x7f9dbac4cb90>,39,15,[5 7],40,75,90,35,66
1,<environment.Job instance at 0x7f9dbac4c690>,46,15,[8 5],47,95,110,48,81
1,<environment.Job instance at 0x7f9dbacfd3c0>,13,18,[ 3 13],14,110,128,96,99
1,<environment.Job instance at 0x7f9dbac4ccd0>,48,26,[ 1 10],49,128,154,79,125
1,<environment.Job instance at 0x7f9dbb2565a0>,0,1,[8 4],1,1,2,0,1
1,<environment.Job instance at 0x7f9dbb2564b0>,1,13,[5 7],2,2,15,0,2
1,<environment.Job instance at 0x7f9dbb256a50>,2,3,[5 4],3,3,6,0,3
1,<environment.Job instance at 0x7f9dbb256f50>,3,2,[5 5],4,6,8,2,4
1,<environment.Job instance at 0x7f9dbb256be0>,4,3,[10  5],5,8,11,3,5
1,<environment.Job instance at 0x7f9dbb256500>,5,14,[5 9],6,15,29,9,6
1,<environment.Job instance at 0x7f9dbb256550>,6,2,[3 8],7,11,13,4,7
1,<environment.Job instance at 0x7f9dbb256c30>,7,2,[6 5],8,13,15,5,8
1,<environment.Job instance at 0x7f9dbb256d20>,9,3,[ 3 11],10,29,32,19,10
1,<environment.Job instance at 0x7f9dbb2569b0>,8,1,[10  4],9,15,16,6,10
1,<environment.Job instance at 0x7f9dbb256730>,10,12,[5 5],11,16,28,5,11
1,<environment.Job instance at 0x7f9dbb604460>,12,12,[ 3 10],13,32,44,19,15
1,<environment.Job instance at 0x7f9dbb6040f0>,14,3,[ 4 13],15,44,47,29,19
1,<environment.Job instance at 0x7f9dbb604f00>,13,14,[2 9],14,47,61,33,32
1,<environment.Job instance at 0x7f9dbbe215a0>,18,14,[6 2],19,32,46,13,32
1,<environment.Job instance at 0x7f9dbbe212d0>,16,17,[2 5],17,47,64,30,35
1,<environment.Job instance at 0x7f9dbbe21410>,20,3,[2 7],21,61,64,40,35
1,<environment.Job instance at 0x7f9dbbe21b40>,21,3,[3 8],22,64,67,42,38
1,<environment.Job instance at 0x7f9dbbe21730>,22,12,[1 6],23,64,76,41,47
1,<environment.Job instance at 0x7f9dbbe21140>,23,2,[10  1],24,47,49,23,47
1,<environment.Job instance at 0x7f9dbbe21780>,24,2,[ 3 12],25,76,78,51,49
1,<environment.Job instance at 0x7f9dbbe21b90>,25,16,[4 7],26,78,94,52,65
1,<environment.Job instance at 0x7f9dbbe21230>,26,1,[5 6],27,67,68,40,65
1,<environment.Job instance at 0x7f9dbbe21820>,27,2,[8 1],28,65,67,37,65
1,<environment.Job instance at 0x7f9dbbe21190>,28,12,[5 2],29,67,79,38,65
1,<environment.Job instance at 0x7f9dbbe21870>,29,13,[9 1],30,79,92,49,65
1,<environment.Job instance at 0x7f9dbbe21eb0>,15,13,[1 9],16,94,107,78,81
1,<environment.Job instance at 0x7f9dbbe21cd0>,30,18,[9 3],31,92,110,61,81
1,<environment.Job instance at 0x7f9dbbe21960>,32,2,[ 3 10],33,107,109,74,81
1,<environment.Job instance at 0x7f9dbbe216e0>,33,14,[6 4],34,109,123,75,94
1,<environment.Job instance at 0x7f9dbbe213c0>,34,17,[5 5],35,110,127,75,98
1,<environment.Job instance at 0x7f9dbb8129b0>,35,2,[10  3],36,123,125,87,98
1,<environment.Job instance at 0x7f9dbb812af0>,36,1,[3 6],37,110,111,73,98
1,<environment.Job instance at 0x7f9dbb812f50>,37,14,[8 5],38,125,139,87,110
1,<environment.Job instance at 0x7f9dbb604640>,11,15,[5 5],12,127,142,115,115
1,<environment.Job instance at 0x7f9dbb812960>,38,15,[8 4],39,139,154,100,125
1,<environment.Job instance at 0x7f9dbb4fb6e0>,0,14,[2 8],1,1,15,0,1
1,<environment.Job instance at 0x7f9dbb812960>,2,15,[8 2],3,3,18,0,3
1,<environment.Job instance at 0x7f9dbb369e60>,3,13,[3 9],4,15,28,11,4
1,<environment.Job instance at 0x7f9dbb4fb1e0>,1,3,[6 2],2,18,21,16,4
1,<environment.Job instance at 0x7f9dc4ca3640>,4,3,[7 1],5,21,24,16,5
1,<environment.Job instance at 0x7f9dbb369690>,5,3,[10  2],6,24,27,18,6
1,<environment.Job instance at 0x7f9dbb369780>,6,2,[ 5 10],7,28,30,21,7
1,<environment.Job instance at 0x7f9dbb990a00>,7,3,[10  3],8,27,30,19,8
1,<environment.Job instance at 0x7f9dbb990780>,10,12,[9 4],11,30,42,19,13
1,<environment.Job instance at 0x7f9dbb990230>,8,12,[5 2],9,30,42,21,13
1,<environment.Job instance at 0x7f9dbb990690>,14,21,[7 5],15,42,63,27,34
1,<environment.Job instance at 0x7f9dbb990f00>,15,17,[5 6],16,42,59,26,34
1,<environment.Job instance at 0x7f9dbb990870>,18,3,[1 9],19,36,39,17,36
1,<environment.Job instance at 0x7f9dbb990910>,19,12,[3 8],20,59,71,39,42
1,<environment.Job instance at 0x7f9dbb990d70>,20,13,[8 5],21,63,76,42,47
1,<environment.Job instance at 0x7f9dbb990eb0>,21,18,[2 9],22,71,89,49,60
1,<environment.Job instance at 0x7f9dbbb4d280>,26,14,[9 3],27,76,90,49,61
1,<environment.Job instance at 0x7f9dbbb4de10>,27,14,[10  5],28,90,104,62,75
1,<environment.Job instance at 0x7f9dbbb4dd70>,28,17,[10  4],29,104,121,75,92
1,<environment.Job instance at 0x7f9dbbb4d0a0>,30,17,[2 9],31,94,111,63,94
1,<environment.Job instance at 0x7f9dbbb4d1e0>,31,17,[9 2],32,121,138,89,109
1,<environment.Job instance at 0x7f9dbbb4d5f0>,34,3,[8 4],35,138,141,103,112
1,<environment.Job instance at 0x7f9dbbb4dbe0>,39,13,[5 7],40,112,125,72,112
1,<environment.Job instance at 0x7f9dbc49f5a0>,40,12,[5 9],41,125,137,84,112
1,<environment.Job instance at 0x7f9dbb990460>,13,12,[7 1],14,138,150,124,122
1,<environment.Job instance at 0x7f9dbc2a5c80>,0,2,[1 9],1,1,3,0,1
1,<environment.Job instance at 0x7f9dbc2a5960>,2,3,[10  3],3,3,6,0,3
1,<environment.Job instance at 0x7f9dbc2a5c30>,3,3,[5 9],4,4,7,0,4
1,<environment.Job instance at 0x7f9dbc2a5410>,4,14,[ 1 10],5,7,21,2,5
1,<environment.Job instance at 0x7f9dbc2a5370>,5,22,[11  2],6,7,29,1,6
1,<environment.Job instance at 0x7f9dbb7905f0>,11,18,[3 9],12,21,39,9,12
1,<environment.Job instance at 0x7f9dbb7906e0>,12,2,[3 7],13,39,41,26,13
1,<environment.Job instance at 0x7f9dbb790050>,14,15,[10  3],15,29,44,14,15
1,<environment.Job instance at 0x7f9dbc2a5dc0>,16,3,[1 5],17,39,42,22,17
1,<environment.Job instance at 0x7f9dbc2a5190>,9,3,[5 8],10,42,45,32,19
1,<environment.Job instance at 0x7f9dbb790b90>,15,18,[1 8],16,45,63,29,34
1,<environment.Job instance at 0x7f9dbb7909b0>,19,15,[ 1 10],20,63,78,43,49
1,<environment.Job instance at 0x7f9dbb7904b0>,20,13,[ 3 10],21,78,91,57,62
1,<environment.Job instance at 0x7f9dbb790690>,21,13,[8 5],22,62,75,40,62
1,<environment.Job instance at 0x7f9dbb790460>,22,17,[10  2],23,75,92,52,63
1,<environment.Job instance at 0x7f9dbb790640>,25,14,[5 3],26,91,105,65,76
1,<environment.Job instance at 0x7f9dbb790280>,28,15,[3 6],29,92,107,63,78
1,<environment.Job instance at 0x7f9dbb790d70>,29,18,[5 8],30,105,123,75,94
1,<environment.Job instance at 0x7f9dbadb9eb0>,30,16,[10  3],31,107,123,76,94
1,<environment.Job instance at 0x7f9dbadb95f0>,31,14,[3 7],32,123,137,91,108
1,<environment.Job instance at 0x7f9dbadb9c80>,32,15,[4 5],33,123,138,90,109
1,<environment.Job instance at 0x7f9dbadb9140>,33,13,[10  4],34,137,150,103,121
1,<environment.Job instance at 0x7f9dbadb9960>,36,17,[5 4],37,138,155,101,126
1,<environment.Job instance at 0x7f9dbbe25690>,0,2,[10  3],1,1,3,0,1
1,<environment.Job instance at 0x7f9dbbe25c80>,1,13,[2 5],2,2,15,0,2
1,<environment.Job instance at 0x7f9dbbb4da00>,3,21,[3 8],4,4,25,0,4
1,<environment.Job instance at 0x7f9dbbe256e0>,4,1,[5 5],5,15,16,10,5
1,<environment.Job instance at 0x7f9dbbe25910>,5,1,[7 4],6,16,17,10,6
1,<environment.Job instance at 0x7f9dbbe25a50>,6,3,[7 4],7,17,20,10,7
1,<environment.Job instance at 0x7f9dbbe25f50>,7,1,[3 7],8,20,21,12,8
1,<environment.Job instance at 0x7f9dbbe25550>,8,1,[2 5],9,21,22,12,9
1,<environment.Job instance at 0x7f9dbbe25500>,9,2,[2 6],10,22,24,12,10
1,<environment.Job instance at 0x7f9dbbe254b0>,10,3,[9 5],11,24,27,13,11
1,<environment.Job instance at 0x7f9dbbe42140>,12,18,[6 5],13,25,43,12,14
1,<environment.Job instance at 0x7f9dbbe423c0>,11,1,[8 2],12,21,22,9,15
1,<environment.Job instance at 0x7f9dbbe420f0>,14,15,[4 7],15,27,42,12,16
1,<environment.Job instance at 0x7f9dbbe42c30>,17,3,[7 2],18,42,45,24,18
1,<environment.Job instance at 0x7f9dbbe42730>,18,3,[10  1],19,45,48,26,19
1,<environment.Job instance at 0x7f9dbbe429b0>,19,3,[1 5],20,42,45,22,20
1,<environment.Job instance at 0x7f9dbbe42eb0>,16,13,[2 8],17,43,56,26,27
1,<environment.Job instance at 0x7f9dbbe42910>,21,3,[7 4],22,48,51,26,27
1,<environment.Job instance at 0x7f9dbbe424b0>,22,12,[1 8],23,56,68,33,39
1,<environment.Job instance at 0x7f9dbbe3deb0>,23,2,[8 4],24,51,53,27,39
1,<environment.Job instance at 0x7f9dbbe3d9b0>,24,17,[8 5],25,53,70,28,41
1,<environment.Job instance at 0x7f9dbbe3d690>,26,14,[9 2],27,70,84,43,55
1,<environment.Job instance at 0x7f9dbbe25e60>,2,18,[1 7],3,68,86,65,59
1,<environment.Job instance at 0x7f9dbbe3daa0>,27,1,[10  2],28,84,85,56,59
1,<environment.Job instance at 0x7f9dbbe3d6e0>,28,3,[6 3],29,85,88,56,62
1,<environment.Job instance at 0x7f9dbbe3d4b0>,29,17,[3 9],30,86,103,56,74
1,<environment.Job instance at 0x7f9dbbe3d550>,31,17,[5 1],32,85,102,53,74
1,<environment.Job instance at 0x7f9dbbe3d730>,33,16,[6 5],34,88,104,54,75
1,<environment.Job instance at 0x7f9dbbe3d640>,34,14,[10  4],35,104,118,69,89
1,<environment.Job instance at 0x7f9dbbe4f500>,35,15,[5 5],36,103,118,67,89
1,<environment.Job instance at 0x7f9dbbe4f5f0>,36,3,[5 2],37,118,121,81,92
1,<environment.Job instance at 0x7f9dbbe4f230>,38,13,[5 4],39,118,131,79,102
1,<environment.Job instance at 0x7f9dbbe4faf0>,40,13,[3 6],41,118,131,77,103
1,<environment.Job instance at 0x7f9dbbe4fa50>,42,3,[4 6],43,131,134,88,105
1,<environment.Job instance at 0x7f9dbbe4f050>,44,12,[5 7],45,131,143,86,114
1,<environment.Job instance at 0x7f9dbbe4f460>,45,18,[9 5],46,134,152,88,123
1,<environment.Job instance at 0x7f9dbbe140a0>,46,1,[6 4],47,123,124,76,123
1,<environment.Job instance at 0x7f9dbbe142d0>,49,14,[4 8],50,143,157,93,128
1,<environment.Job instance at 0x7f9dbb2a4410>,0,1,[1 6],1,1,2,0,1
1,<environment.Job instance at 0x7f9dbbe142d0>,2,13,[6 3],3,3,16,0,3
1,<environment.Job instance at 0x7f9dbbbebdc0>,3,2,[4 9],4,4,6,0,4
1,<environment.Job instance at 0x7f9dbbbeb190>,4,2,[3 9],5,6,8,1,5
1,<environment.Job instance at 0x7f9dbbbebc30>,5,16,[ 3 10],6,8,24,2,6
1,<environment.Job instance at 0x7f9dbbbeb5a0>,6,1,[5 8],7,24,25,17,8
1,<environment.Job instance at 0x7f9dbbbeb7d0>,8,12,[2 7],9,24,36,15,9
1,<environment.Job instance at 0x7f9dbbbeb1e0>,9,1,[5 4],10,16,17,6,10
1,<environment.Job instance at 0x7f9dbbbeb2d0>,11,15,[7 4],12,25,40,13,12
1,<environment.Job instance at 0x7f9dbbbeb960>,12,2,[4 6],13,36,38,23,13
1,<environment.Job instance at 0x7f9dbbbeb780>,13,2,[5 2],14,14,16,0,14
1,<environment.Job instance at 0x7f9dbbbeb320>,14,3,[1 9],15,38,41,23,15
1,<environment.Job instance at 0x7f9dbbbebb90>,15,1,[5 2],16,17,18,1,16
1,<environment.Job instance at 0x7f9dbc226c80>,16,1,[7 2],17,17,18,0,17
1,<environment.Job instance at 0x7f9dbbbeba00>,7,18,[10  2],8,40,58,32,29
1,<environment.Job instance at 0x7f9dbc2265a0>,22,16,[10  5],23,58,74,35,45
1,<environment.Job instance at 0x7f9dbc2265f0>,17,24,[4 7],18,45,69,27,45
1,<environment.Job instance at 0x7f9dbc226cd0>,18,3,[ 5 10],19,69,72,50,48
1,<environment.Job instance at 0x7f9dbc226eb0>,26,12,[1 8],27,72,84,45,55
1,<environment.Job instance at 0x7f9dbc2260f0>,28,2,[7 5],29,74,76,45,55
1,<environment.Job instance at 0x7f9dbc226050>,25,13,[5 6],26,76,89,50,60
1,<environment.Job instance at 0x7f9dbb87e550>,33,14,[9 4],34,84,98,50,69
1,<environment.Job instance at 0x7f9dbb87e730>,34,15,[8 4],35,98,113,63,84
1,<environment.Job instance at 0x7f9dbb87ee60>,35,12,[2 7],36,89,101,53,84
1,<environment.Job instance at 0x7f9dbb87e050>,36,13,[5 1],37,98,111,61,86
1,<environment.Job instance at 0x7f9dbc226b40>,29,16,[2 8],30,101,117,71,88
1,<environment.Job instance at 0x7f9dbb87e7d0>,39,14,[ 5 10],40,117,131,77,102
1,<environment.Job instance at 0x7f9dbb87ea50>,44,13,[2 7],45,131,144,86,115
1,<environment.Job instance at 0x7f9dbb87e640>,45,13,[3 6],46,131,144,85,115
1,<environment.Job instance at 0x7f9dbb87e230>,47,13,[7 5],48,115,128,67,115
1,<environment.Job instance at 0x7f9dbc226640>,19,18,[8 1],20,128,146,108,118
1,<environment.Job instance at 0x7f9dbb2a3500>,49,2,[10  4],50,146,148,96,119
1,<environment.Job instance at 0x7f9dbc312870>,0,13,[10  2],1,1,14,0,1
1,<environment.Job instance at 0x7f9dbc312eb0>,1,14,[12  4],2,14,28,12,2
1,<environment.Job instance at 0x7f9dbb27b730>,2,2,[5 3],3,3,5,0,3
1,<environment.Job instance at 0x7f9dbb27bc30>,3,2,[2 9],4,5,7,1,4
1,<environment.Job instance at 0x7f9dbb27bf00>,4,15,[ 1 11],5,7,22,2,5
1,<environment.Job instance at 0x7f9dbb27bbe0>,7,16,[4 9],8,28,44,20,15
1,<environment.Job instance at 0x7f9dbb27b230>,9,18,[7 2],10,28,46,18,19
1,<environment.Job instance at 0x7f9dbb293af0>,18,3,[8 2],19,44,47,25,19
1,<environment.Job instance at 0x7f9dbb289190>,19,1,[5 5],20,46,47,26,20
1,<environment.Job instance at 0x7f9dbb289280>,20,1,[4 6],21,47,48,26,21
1,<environment.Job instance at 0x7f9dbb289460>,21,2,[9 5],22,47,49,25,22
1,<environment.Job instance at 0x7f9dbb27bdc0>,5,15,[2 8],6,48,63,42,34
1,<environment.Job instance at 0x7f9dbb2891e0>,23,1,[10  5],24,49,50,25,34
1,<environment.Job instance at 0x7f9dbb2893c0>,22,16,[6 2],23,50,66,27,37
1,<environment.Job instance at 0x7f9dbb292730>,25,12,[4 8],26,63,75,37,46
1,<environment.Job instance at 0x7f9dbb2890f0>,24,15,[5 3],25,50,65,25,49
1,<environment.Job instance at 0x7f9dbb292820>,27,15,[2 5],28,65,80,37,51
1,<environment.Job instance at 0x7f9dbb2923c0>,28,1,[9 5],29,75,76,46,51
1,<environment.Job instance at 0x7f9dbb292460>,29,1,[ 4 13],30,80,81,50,52
1,<environment.Job instance at 0x7f9dbb2896e0>,17,14,[9 5],18,81,95,63,66
1,<environment.Job instance at 0x7f9dbb292320>,31,15,[3 6],32,81,96,49,67
1,<environment.Job instance at 0x7f9dbb292f00>,32,15,[3 5],33,95,110,62,81
1,<environment.Job instance at 0x7f9dbc24eaf0>,30,17,[5 7],31,96,113,65,84
1,<environment.Job instance at 0x7f9dbb942550>,34,16,[2 6],35,110,126,75,97
1,<environment.Job instance at 0x7f9dbb9424b0>,35,1,[5 3],36,97,98,61,97
1,<environment.Job instance at 0x7f9dbb9423c0>,36,15,[3 7],37,113,128,76,99
1,<environment.Job instance at 0x7f9dbb942410>,37,1,[3 7],38,126,127,88,99
1,<environment.Job instance at 0x7f9dbbf365a0>,38,3,[3 9],39,128,131,89,102
1,<environment.Job instance at 0x7f9dbbf36500>,39,1,[4 8],40,127,128,87,102
1,<environment.Job instance at 0x7f9dbbf366e0>,40,24,[5 2],41,102,126,61,102
1,<environment.Job instance at 0x7f9dbbf360a0>,41,15,[1 9],42,131,146,89,117
1,<environment.Job instance at 0x7f9dbc312280>,6,17,[4 5],7,128,145,121,117
1,<environment.Job instance at 0x7f9dbc0b9f50>,0,17,[ 5 12],1,1,18,0,1
1,<environment.Job instance at 0x7f9dbc0b9960>,2,12,[6 1],3,3,15,0,3
1,<environment.Job instance at 0x7f9dbc0b97d0>,3,17,[5 9],4,18,35,14,6
1,<environment.Job instance at 0x7f9dbc0b9730>,1,14,[9 1],2,15,29,13,6
1,<environment.Job instance at 0x7f9dbc0bde60>,6,2,[ 3 10],7,35,37,28,8
1,<environment.Job instance at 0x7f9dbc0bd4b0>,8,2,[5 4],9,29,31,20,9
1,<environment.Job instance at 0x7f9dbc0bd320>,12,21,[5 2],13,29,50,16,21
1,<environment.Job instance at 0x7f9dbc0bd6e0>,13,12,[9 4],14,37,49,23,21
1,<environment.Job instance at 0x7f9dbc0b9820>,5,3,[5 4],6,31,34,25,23
1,<environment.Job instance at 0x7f9dbc0bd0f0>,14,12,[1 8],15,37,49,22,23
1,<environment.Job instance at 0x7f9dbc0bd2d0>,16,15,[7 3],17,49,64,32,35
1,<environment.Job instance at 0x7f9dbc0bde10>,17,16,[2 5],18,49,65,31,36
1,<environment.Job instance at 0x7f9dbc0bd410>,18,17,[3 9],19,64,81,45,52
1,<environment.Job instance at 0x7f9dbc0b15a0>,20,13,[1 8],21,81,94,60,65
1,<environment.Job instance at 0x7f9dbc0b1eb0>,21,3,[4 6],22,65,68,43,65
1,<environment.Job instance at 0x7f9dbc0b1410>,22,3,[7 2],23,68,71,45,65
1,<environment.Job instance at 0x7f9dbc0b1780>,23,18,[5 2],24,68,86,44,65
1,<environment.Job instance at 0x7f9dbc0b1c80>,25,3,[8 3],26,81,84,55,65
1,<environment.Job instance at 0x7f9dbc0b1fa0>,26,16,[8 2],27,84,100,57,71
1,<environment.Job instance at 0x7f9dbc0b1a00>,27,15,[ 2 10],28,94,109,66,80
1,<environment.Job instance at 0x7f9dbc0b1280>,28,17,[5 4],29,100,117,71,88
1,<environment.Job instance at 0x7f9dbc0b4b90>,33,22,[5 8],34,109,131,75,102
1,<environment.Job instance at 0x7f9dbc0b4d20>,34,23,[5 6],35,117,140,82,111
1,<environment.Job instance at 0x7f9dbc0b4780>,35,14,[5 7],36,131,145,95,116
1,<environment.Job instance at 0x7f9dbc0b4be0>,36,15,[2 7],37,140,155,103,126
1,<environment.Job instance at 0x7f9dbaf5af50>,0,3,[9 2],1,1,4,0,1
1,<environment.Job instance at 0x7f9dbaf559b0>,1,1,[12  5],2,4,5,2,2
1,<environment.Job instance at 0x7f9dbb74a050>,2,15,[7 4],3,5,20,2,3
1,<environment.Job instance at 0x7f9dbb956c30>,3,17,[ 5 10],4,5,22,1,4
1,<environment.Job instance at 0x7f9dbc0b41e0>,5,12,[1 8],6,22,34,16,6
1,<environment.Job instance at 0x7f9dbb956690>,7,15,[9 1],8,20,35,12,8
1,<environment.Job instance at 0x7f9dbb956370>,6,17,[5 1],7,22,39,15,10
1,<environment.Job instance at 0x7f9dbb974960>,11,1,[ 4 13],12,35,36,23,12
1,<environment.Job instance at 0x7f9dbb956730>,9,12,[10  1],10,36,48,26,19
1,<environment.Job instance at 0x7f9dbb974c80>,13,1,[1 5],14,34,35,20,19
1,<environment.Job instance at 0x7f9dbb974e10>,14,13,[2 7],15,39,52,24,23
1,<environment.Job instance at 0x7f9dbb974dc0>,15,2,[6 3],16,48,50,32,23
1,<environment.Job instance at 0x7f9dbb9742d0>,8,14,[3 9],9,52,66,43,37
1,<environment.Job instance at 0x7f9dbb974d70>,12,18,[7 5],13,48,66,35,44
1,<environment.Job instance at 0x7f9dbb974410>,23,1,[9 5],24,66,67,42,44
1,<environment.Job instance at 0x7f9dbb56ebe0>,24,1,[7 1],25,67,68,42,44
1,<environment.Job instance at 0x7f9dbb9744b0>,22,17,[5 9],23,66,83,43,54
1,<environment.Job instance at 0x7f9dbb959fa0>,26,12,[7 3],27,68,80,41,54
1,<environment.Job instance at 0x7f9dbb959c80>,27,15,[5 5],28,80,95,52,66
1,<environment.Job instance at 0x7f9dbb94f9b0>,31,17,[1 6],32,83,100,51,71
1,<environment.Job instance at 0x7f9dbb94fc30>,32,13,[2 9],33,95,108,62,79
1,<environment.Job instance at 0x7f9dbb94f190>,34,16,[7 5],35,100,116,65,87
1,<environment.Job instance at 0x7f9dbab46550>,35,16,[2 7],36,108,124,72,95
1,<environment.Job instance at 0x7f9dbb954d20>,38,16,[5 9],39,124,140,85,111
1,<environment.Job instance at 0x7f9dbb974730>,25,18,[5 6],26,116,134,90,114
1,<environment.Job instance at 0x7f9dbb954f00>,43,2,[1 7],44,140,142,96,114
1,<environment.Job instance at 0x7f553ac56320>,1,1,[3 7],2,2,3,0,2
1,<environment.Job instance at 0x7f55314de410>,2,13,[10  1],3,3,16,0,3
1,<environment.Job instance at 0x7f55314de5f0>,3,17,[ 5 10],4,4,21,0,4
1,<environment.Job instance at 0x7f55314de6e0>,4,1,[5 6],5,21,22,16,5
1,<environment.Job instance at 0x7f55314de7d0>,5,12,[1 7],6,21,33,15,6
1,<environment.Job instance at 0x7f55314de8c0>,6,1,[9 5],7,16,17,9,7
1,<environment.Job instance at 0x7f55314de960>,7,16,[5 8],8,22,38,14,9
1,<environment.Job instance at 0x7f55314deb90>,11,3,[5 5],12,17,20,5,12
1,<environment.Job instance at 0x7f553ac561e0>,8,16,[1 8],9,38,54,29,25
1,<environment.Job instance at 0x7f55314ded20>,13,15,[7 4],14,33,48,19,25
1,<environment.Job instance at 0x7f55314dedc0>,14,18,[1 6],15,48,66,33,37
1,<environment.Job instance at 0x7f55314deeb0>,15,16,[5 5],16,54,70,38,41
1,<environment.Job instance at 0x7f55314e0050>,18,12,[1 8],19,66,78,47,49
1,<environment.Job instance at 0x7f55314deb40>,10,12,[5 5],11,70,82,59,62
1,<environment.Job instance at 0x7f55314e0280>,21,1,[6 4],22,62,63,40,62
1,<environment.Job instance at 0x7f55314e0320>,22,1,[12  1],23,82,83,59,62
1,<environment.Job instance at 0x7f55314e01e0>,20,14,[4 8],21,83,97,62,68
1,<environment.Job instance at 0x7f55314e0460>,24,2,[6 5],25,78,80,53,68
1,<environment.Job instance at 0x7f55314e0550>,25,1,[9 2],26,68,69,42,68
1,<environment.Job instance at 0x7f55314e0690>,26,16,[9 1],27,83,99,56,70
1,<environment.Job instance at 0x7f55314e0960>,29,18,[5 1],30,97,115,67,86
1,<environment.Job instance at 0x7f55314e0a00>,30,3,[6 5],31,99,102,68,86
1,<environment.Job instance at 0x7f55314e0aa0>,31,15,[5 5],32,102,117,70,88
1,<environment.Job instance at 0x7f55314e0be0>,33,15,[5 3],34,102,117,68,88
1,<environment.Job instance at 0x7f55314e0c80>,34,19,[3 7],35,115,134,80,105
1,<environment.Job instance at 0x7f55314e0dc0>,36,13,[7 1],37,117,130,80,105
1,<environment.Job instance at 0x7f55314e0780>,37,2,[8 4],38,130,132,92,105
1,<environment.Job instance at 0x7f55314e0fa0>,38,12,[5 4],39,117,129,78,105
1,<environment.Job instance at 0x7f55314e0eb0>,40,12,[10  2],41,132,144,91,115
1,<environment.Job instance at 0x7f55314dec80>,12,17,[1 8],13,134,151,121,122
1,<environment.Job instance at 0x7f55314dea00>,9,16,[4 5],10,134,150,124,122
1,<environment.Job instance at 0x7f55314e4370>,44,14,[7 1],45,144,158,99,133
1,<environment.Job instance at 0x7f55314e4410>,45,2,[9 3],46,158,160,112,133
1,<environment.Job instance at 0x7f55314efb90>,0,12,[11  1],1,1,13,0,1
1,<environment.Job instance at 0x7f5530c2a1e0>,1,1,[7 3],2,13,14,11,2
1,<environment.Job instance at 0x7f55314e03c0>,2,1,[2 7],3,3,4,0,3
1,<environment.Job instance at 0x7f5531921820>,4,3,[7 1],5,13,16,8,5
1,<environment.Job instance at 0x7f5531557960>,5,1,[10  4],6,16,17,10,6
1,<environment.Job instance at 0x7f5531557eb0>,7,1,[4 9],8,8,9,0,8
1,<environment.Job instance at 0x7f5531557280>,8,18,[4 6],9,14,32,5,9
1,<environment.Job instance at 0x7f5531557640>,9,3,[8 4],10,17,20,7,10
1,<environment.Job instance at 0x7f5531557b90>,10,12,[4 8],11,20,32,9,11
1,<environment.Job instance at 0x7f5530fb6960>,12,15,[6 4],13,32,47,19,18
1,<environment.Job instance at 0x7f5531b9c730>,15,15,[5 4],16,32,47,16,19
1,<environment.Job instance at 0x7f5531b9cc30>,19,17,[7 3],20,47,64,27,35
1,<environment.Job instance at 0x7f5531b9c910>,23,12,[ 2 10],24,47,59,23,35
1,<environment.Job instance at 0x7f5531b9c870>,24,15,[4 8],25,59,74,34,49
1,<environment.Job instance at 0x7f5530bcb140>,27,15,[2 5],28,64,79,36,50
1,<environment.Job instance at 0x7f5530f68a50>,28,18,[7 3],29,74,92,45,63
1,<environment.Job instance at 0x7f5530c081e0>,29,15,[3 7],30,74,89,44,64
1,<environment.Job instance at 0x7f5530e05280>,31,16,[9 1],32,92,108,60,79
1,<environment.Job instance at 0x7f5531b9cf00>,13,14,[13  1],14,108,122,94,97
1,<environment.Job instance at 0x7f5530ba40a0>,32,18,[9 2],33,122,140,89,111
1,<environment.Job instance at 0x7f5530baa5a0>,35,17,[1 5],36,111,128,75,111
1,<environment.Job instance at 0x7f5530fba4b0>,36,21,[5 2],37,122,143,85,114
1,<environment.Job instance at 0x7f5530fba5a0>,38,12,[5 5],39,140,152,101,123
1,<environment.Job instance at 0x7f5530ef5eb0>,39,13,[2 7],40,140,153,100,124
1,<environment.Job instance at 0x7f5530bd06e0>,40,13,[4 9],41,153,166,112,137
1,<environment.Job instance at 0x7f5530bffaa0>,41,16,[6 4],42,152,168,110,139
1,<environment.Job instance at 0x7f5530f1c500>,0,13,[5 1],1,1,14,0,1
1,<environment.Job instance at 0x7f5530bcfbe0>,1,2,[5 8],2,2,4,0,2
1,<environment.Job instance at 0x7f5530bcfcd0>,2,16,[ 4 10],3,4,20,1,3
1,<environment.Job instance at 0x7f5530bcfb90>,9,3,[9 2],10,14,17,4,10
1,<environment.Job instance at 0x7f5530bcfb40>,8,15,[ 4 10],9,20,35,11,10
1,<environment.Job instance at 0x7f5530bcfa00>,15,2,[2 5],16,17,19,1,16
1,<environment.Job instance at 0x7f553a8a0910>,14,15,[8 3],15,19,34,4,17
1,<environment.Job instance at 0x7f553a8a0be0>,17,12,[5 9],18,35,47,17,18
1,<environment.Job instance at 0x7f553a8a05f0>,21,12,[3 5],22,34,46,12,22
1,<environment.Job instance at 0x7f5530b96280>,24,13,[4 5],25,46,59,21,30
1,<environment.Job instance at 0x7f553a8a0870>,16,12,[2 9],17,47,59,30,30
1,<environment.Job instance at 0x7f5530b965a0>,27,1,[8 3],28,59,60,31,31
1,<environment.Job instance at 0x7f5530b96640>,28,12,[5 5],29,59,71,30,45
1,<environment.Job instance at 0x7f5530b96aa0>,29,14,[5 2],30,60,74,30,45
1,<environment.Job instance at 0x7f5530b962d0>,30,14,[5 4],31,60,74,29,45
1,<environment.Job instance at 0x7f5530b96af0>,26,16,[9 1],27,74,90,47,61
1,<environment.Job instance at 0x7f5530b96780>,32,15,[2 9],33,71,86,38,61
1,<environment.Job instance at 0x7f5530b96320>,35,3,[6 3],36,86,89,50,61
1,<environment.Job instance at 0x7f5530b95dc0>,42,12,[6 4],43,89,101,46,72
1,<environment.Job instance at 0x7f5530b95690>,43,13,[9 4],44,90,103,46,74
1,<environment.Job instance at 0x7f5530b95960>,44,18,[2 6],45,101,119,56,90
1,<environment.Job instance at 0x7f5531c141e0>,45,18,[5 9],46,103,121,57,92
1,<environment.Job instance at 0x7f553135d0a0>,52,17,[6 1],53,119,136,66,107
1,<environment.Job instance at 0x7f553135d4b0>,53,17,[5 5],54,121,138,67,109
1,<environment.Job instance at 0x7f553135ddc0>,54,12,[1 8],55,121,133,66,109
1,<environment.Job instance at 0x7f5531326fa0>,60,14,[8 5],61,136,150,75,121
1,<environment.Job instance at 0x7f5530cc6af0>,74,14,[6 3],75,138,152,63,129
1,<environment.Job instance at 0x7f5530c270f0>,76,12,[4 6],77,150,162,73,133
1,<environment.Job instance at 0x7f5530ba4c80>,1,13,[7 2],2,2,15,0,2
1,<environment.Job instance at 0x7f5531484960>,3,3,[1 5],4,4,7,0,4
1,<environment.Job instance at 0x7f5531484190>,4,15,[1 8],5,5,20,0,5
1,<environment.Job instance at 0x7f5531129d70>,5,15,[ 1 10],6,20,35,14,6
1,<environment.Job instance at 0x7f5531129b40>,6,3,[5 8],7,35,38,28,9
1,<environment.Job instance at 0x7f55311293c0>,9,18,[8 3],10,15,33,5,10
1,<environment.Job instance at 0x7f5531129aa0>,11,2,[2 8],12,38,40,26,12
1,<environment.Job instance at 0x7f553144d640>,12,3,[7 4],13,33,36,20,13
1,<environment.Job instance at 0x7f5530f16af0>,15,17,[12  2],16,38,55,22,26
1,<environment.Job instance at 0x7f5530f3e0a0>,18,16,[3 8],19,40,56,21,27
1,<environment.Job instance at 0x7f55311291e0>,17,14,[7 4],18,55,69,37,42
1,<environment.Job instance at 0x7f55319e2460>,13,15,[ 1 10],14,56,71,42,42
1,<environment.Job instance at 0x7f5531129500>,8,19,[7 1],9,56,75,47,51
1,<environment.Job instance at 0x7f5531019500>,19,16,[2 7],20,71,87,51,58
1,<environment.Job instance at 0x7f5530c21a50>,23,18,[1 6],24,71,89,47,61
1,<environment.Job instance at 0x7f5531010f00>,21,15,[1 5],22,87,102,65,76
1,<environment.Job instance at 0x7f5531a41640>,27,15,[3 7],28,89,104,61,76
1,<environment.Job instance at 0x7f5530c27b40>,30,16,[4 6],31,102,118,71,93
1,<environment.Job instance at 0x7f5531a41230>,25,22,[2 7],26,104,126,78,97
1,<environment.Job instance at 0x7f5530ef1690>,32,18,[8 1],33,98,116,65,98
1,<environment.Job instance at 0x7f5530f88320>,24,27,[7 2],25,116,143,91,115
1,<environment.Job instance at 0x7f5531127cd0>,31,15,[4 8],32,126,141,94,115
1,<environment.Job instance at 0x7f5530b57320>,39,17,[5 3],40,141,158,101,129
1,<environment.Job instance at 0x7f5530b95500>,44,12,[5 5],45,143,155,98,129
1,<environment.Job instance at 0x7f5530b95b40>,46,21,[5 1],47,143,164,96,137
1,<environment.Job instance at 0x7f5530f0c690>,0,16,[2 6],1,1,17,0,1
1,<environment.Job instance at 0x7f55319489b0>,3,17,[5 3],4,4,21,0,4
1,<environment.Job instance at 0x7f5531948280>,4,22,[6 5],5,5,27,0,5
1,<environment.Job instance at 0x7f55319445f0>,5,13,[1 8],6,21,34,15,6
1,<environment.Job instance at 0x7f5530e92be0>,9,17,[9 4],10,27,44,17,15
1,<environment.Job instance at 0x7f5530e92910>,11,16,[7 2],12,44,60,32,31
1,<environment.Job instance at 0x7f5530e92e10>,12,15,[5 9],13,34,49,21,31
1,<environment.Job instance at 0x7f5530e92f00>,13,15,[5 2],14,49,64,35,35
1,<environment.Job instance at 0x7f5530e99f00>,8,16,[5 9],9,60,76,51,47
1,<environment.Job instance at 0x7f5530eabdc0>,21,13,[5 7],22,76,89,54,60
1,<environment.Job instance at 0x7f5530eabbe0>,22,2,[5 1],23,60,62,37,60
1,<environment.Job instance at 0x7f5530eabf50>,23,12,[5 5],24,64,76,40,60
1,<environment.Job instance at 0x7f5530eab960>,24,3,[ 5 10],25,89,92,64,63
1,<environment.Job instance at 0x7f5530eab320>,25,12,[ 2 10],26,92,104,66,75
1,<environment.Job instance at 0x7f5530eab820>,26,2,[8 2],27,76,78,49,75
1,<environment.Job instance at 0x7f5530eab0a0>,27,26,[9 4],28,78,104,50,75
1,<environment.Job instance at 0x7f5530eab140>,28,13,[8 3],29,104,117,75,88
1,<environment.Job instance at 0x7f5530ebacd0>,29,17,[ 1 10],30,104,121,74,94
1,<environment.Job instance at 0x7f5530eba410>,30,1,[8 2],31,117,118,86,94
1,<environment.Job instance at 0x7f5530eba730>,31,2,[3 6],32,121,123,89,94
1,<environment.Job instance at 0x7f5530ebad70>,32,14,[5 8],33,121,135,88,106
1,<environment.Job instance at 0x7f5530eba960>,33,2,[2 5],34,118,120,84,106
1,<environment.Job instance at 0x7f5530ebab40>,34,2,[7 3],35,123,125,88,106
1,<environment.Job instance at 0x7f5530eaca00>,35,2,[6 2],36,106,108,70,106
1,<environment.Job instance at 0x7f5530eabd20>,20,22,[4 7],21,125,147,104,122
1,<environment.Job instance at 0x7f5530eac5f0>,39,16,[10  2],40,135,151,95,122
1,<environment.Job instance at 0x7f5530eac410>,36,16,[11  5],37,151,167,114,138
1,<environment.Job instance at 0x7f5530eacaf0>,41,3,[ 4 10],42,147,150,105,138
1,<environment.Job instance at 0x7f5530eacb90>,42,3,[2 9],43,150,153,107,138
1,<environment.Job instance at 0x7f5530a7b280>,0,1,[5 6],1,1,2,0,1
1,<environment.Job instance at 0x7f5530a7b960>,1,1,[2 6],2,2,3,0,2
1,<environment.Job instance at 0x7f5530a7bbe0>,2,3,[7 2],3,3,6,0,3
1,<environment.Job instance at 0x7f5531223e60>,3,3,[3 6],4,4,7,0,4
1,<environment.Job instance at 0x7f5531223e10>,4,14,[4 5],5,5,19,0,5
1,<environment.Job instance at 0x7f55312235f0>,5,17,[3 7],6,7,24,1,6
1,<environment.Job instance at 0x7f5531223410>,6,2,[9 4],7,19,21,12,7
1,<environment.Job instance at 0x7f5531223730>,9,16,[3 5],10,21,37,11,10
1,<environment.Job instance at 0x7f5531223370>,10,13,[ 5 10],11,24,37,13,11
1,<environment.Job instance at 0x7f5531223230>,7,1,[14  1],8,37,38,29,11
1,<environment.Job instance at 0x7f5531223780>,17,2,[2 9],18,38,40,20,18
1,<environment.Job instance at 0x7f55312230a0>,18,3,[3 5],19,38,41,19,19
1,<environment.Job instance at 0x7f55311fcbe0>,19,2,[7 5],20,40,42,20,20
1,<environment.Job instance at 0x7f55312232d0>,16,13,[7 3],17,41,54,24,25
1,<environment.Job instance at 0x7f55311fc640>,20,13,[9 4],21,54,67,33,38
1,<environment.Job instance at 0x7f55311fc8c0>,26,16,[ 2 10],27,42,58,15,42
1,<environment.Job instance at 0x7f55311fc820>,27,23,[3 7],28,58,81,30,52
1,<environment.Job instance at 0x7f55311fc9b0>,28,13,[5 5],29,67,80,38,52
1,<environment.Job instance at 0x7f55311fc690>,29,14,[3 7],30,80,94,50,65
1,<environment.Job instance at 0x7f55311fc1e0>,25,18,[10  2],26,81,99,55,71
1,<environment.Job instance at 0x7f55311fc7d0>,33,12,[4 6],34,94,106,60,77
1,<environment.Job instance at 0x7f55311fc500>,34,17,[6 1],35,99,116,64,87
1,<environment.Job instance at 0x7f5530ac6280>,38,12,[7 3],39,106,118,67,89
1,<environment.Job instance at 0x7f5530ac61e0>,39,13,[8 4],40,116,129,76,100
1,<environment.Job instance at 0x7f5530ac6190>,42,18,[8 5],43,129,147,86,118
1,<environment.Job instance at 0x7f5530ac6f50>,45,21,[3 8],46,120,141,74,120
1,<environment.Job instance at 0x7f5530aca370>,49,14,[7 5],50,141,155,91,126
1,<environment.Job instance at 0x7f5530aca1e0>,50,13,[3 6],51,147,160,96,131
1,<environment.Job instance at 0x7f5530aca410>,51,13,[2 6],52,155,168,103,139
1,<environment.Job instance at 0x7f5530acadc0>,55,15,[5 2],56,147,162,91,139
1,<environment.Job instance at 0x7f55311fa780>,1,15,[ 3 10],2,2,17,0,2
1,<environment.Job instance at 0x7f5530aca5f0>,2,2,[3 6],3,17,19,14,3
1,<environment.Job instance at 0x7f5530aca780>,3,13,[4 6],4,17,30,13,4
1,<environment.Job instance at 0x7f5530aca910>,4,14,[5 3],5,5,19,0,5
1,<environment.Job instance at 0x7f5530aca690>,5,2,[5 8],6,19,21,13,6
1,<environment.Job instance at 0x7f5530acab40>,6,1,[ 4 10],7,30,31,23,7
1,<environment.Job instance at 0x7f553191df50>,12,17,[7 2],13,21,38,8,13
1,<environment.Job instance at 0x7f55318e1dc0>,14,1,[4 6],15,21,22,6,17
1,<environment.Job instance at 0x7f553191d5f0>,13,15,[3 6],14,31,46,17,17
1,<environment.Job instance at 0x7f553191df00>,18,18,[2 6],19,31,49,12,20
1,<environment.Job instance at 0x7f553191dfa0>,19,17,[5 4],20,46,63,26,34
1,<environment.Job instance at 0x7f553191d2d0>,20,17,[1 5],21,46,63,25,34
1,<environment.Job instance at 0x7f553191d280>,21,13,[4 8],22,63,76,41,47
1,<environment.Job instance at 0x7f553191da50>,22,17,[8 5],23,49,66,26,47
1,<environment.Job instance at 0x7f553191d500>,24,15,[5 8],25,76,91,51,62
1,<environment.Job instance at 0x7f553191d870>,25,18,[2 5],26,66,84,40,62
1,<environment.Job instance at 0x7f5530a7cb40>,32,14,[3 6],33,84,98,51,69
1,<environment.Job instance at 0x7f5530a7ce10>,35,12,[10  5],36,91,103,55,74
1,<environment.Job instance at 0x7f55318e1820>,9,16,[ 4 10],10,98,114,88,85
1,<environment.Job instance at 0x7f5530a7cb90>,37,12,[3 5],38,103,115,65,86
1,<environment.Job instance at 0x7f5530a7c4b0>,39,14,[2 8],40,114,128,74,99
1,<environment.Job instance at 0x7f5530a7c960>,42,12,[1 7],43,115,127,72,100
1,<environment.Job instance at 0x7f5530a7c6e0>,43,15,[7 5],44,127,142,83,113
1,<environment.Job instance at 0x7f5530a7c230>,45,14,[3 6],46,128,142,82,113
1,<environment.Job instance at 0x7f5530a7c2d0>,38,15,[4 5],39,142,157,103,128
1,<environment.Job instance at 0x7f5531b8fe10>,48,13,[4 8],49,142,155,93,128
1,<environment.Job instance at 0x7f553168c910>,0,13,[7 2],1,1,14,0,1
1,<environment.Job instance at 0x7f553168cb90>,1,16,[5 8],2,2,18,0,2
1,<environment.Job instance at 0x7f5531126b90>,2,14,[4 5],3,14,28,11,3
1,<environment.Job instance at 0x7f5530ae5d20>,4,2,[6 2],5,14,16,9,6
1,<environment.Job instance at 0x7f5530bbe4b0>,5,17,[5 4],6,18,35,12,6
1,<environment.Job instance at 0x7f5530bbe500>,6,2,[ 2 10],7,28,30,21,8
1,<environment.Job instance at 0x7f5530bd1d20>,10,2,[11  1],11,35,37,24,11
1,<environment.Job instance at 0x7f5530bd1be0>,9,3,[3 5],10,18,21,8,12
1,<environment.Job instance at 0x7f5530bbeaa0>,7,14,[7 3],8,37,51,29,23
1,<environment.Job instance at 0x7f5530bd10a0>,12,18,[7 3],13,37,55,24,26
1,<environment.Job instance at 0x7f5531120460>,16,17,[10  1],17,55,72,38,43
1,<environment.Job instance at 0x7f5531120370>,17,17,[5 3],18,51,68,33,45
1,<environment.Job instance at 0x7f5531120280>,15,12,[3 6],16,68,80,52,51
1,<environment.Job instance at 0x7f5531120f00>,18,21,[1 8],19,68,89,49,60
1,<environment.Job instance at 0x7f5530bd1e10>,8,14,[9 3],9,80,94,71,66
1,<environment.Job instance at 0x7f5531caa730>,27,16,[9 1],28,94,110,66,81
1,<environment.Job instance at 0x7f553198a0a0>,28,2,[1 8],29,89,91,60,81
1,<environment.Job instance at 0x7f5530ed4870>,29,17,[ 2 14],30,94,111,64,82
1,<environment.Job instance at 0x7f5531991730>,30,13,[3 8],31,111,124,80,95
1,<environment.Job instance at 0x7f55319903c0>,31,12,[2 5],32,111,123,79,95
1,<environment.Job instance at 0x7f5530ed80f0>,32,17,[9 1],33,110,127,77,98
1,<environment.Job instance at 0x7f553118abe0>,38,3,[1 8],39,124,127,85,98
1,<environment.Job instance at 0x7f5531c79050>,37,17,[9 4],38,127,144,89,115
1,<environment.Job instance at 0x7f5530bbeeb0>,3,22,[ 3 10],4,127,149,123,120
1,<environment.Job instance at 0x7f55311ad820>,43,3,[4 5],44,124,127,80,120
1,<environment.Job instance at 0x7f55311ad190>,44,1,[3 6],45,123,124,78,120
1,<environment.Job instance at 0x7f55311016e0>,45,2,[5 5],46,144,146,98,120
1,<environment.Job instance at 0x7f5531101eb0>,46,3,[9 3],47,146,149,99,120
1,<environment.Job instance at 0x7f553117df00>,47,12,[12  4],48,149,161,101,132
1,<environment.Job instance at 0x7f553151d370>,0,3,[ 3 14],1,2,5,1,2
1,<environment.Job instance at 0x7f5530f9d500>,1,1,[4 5],2,5,6,3,2
1,<environment.Job instance at 0x7f553151d0f0>,2,13,[13  2],3,6,19,3,3
1,<environment.Job instance at 0x7f553151d7d0>,4,3,[5 7],5,19,22,14,5
1,<environment.Job instance at 0x7f553151d9b0>,5,1,[3 5],6,19,20,13,6
1,<environment.Job instance at 0x7f553151dc80>,6,3,[4 9],7,22,25,15,7
1,<environment.Job instance at 0x7f553151d460>,10,3,[5 8],11,25,28,14,11
1,<environment.Job instance at 0x7f553151ddc0>,13,2,[6 4],14,20,22,6,14
1,<environment.Job instance at 0x7f553151dd20>,16,13,[2 9],17,28,41,11,17
1,<environment.Job instance at 0x7f5530ebfd20>,17,14,[2 6],18,22,36,4,18
1,<environment.Job instance at 0x7f5530ebfb40>,18,12,[2 9],19,41,53,22,24
1,<environment.Job instance at 0x7f5530ebfbe0>,20,16,[5 9],21,53,69,32,40
1,<environment.Job instance at 0x7f5530ebf1e0>,21,18,[2 6],22,40,58,18,40
1,<environment.Job instance at 0x7f5530ebf690>,22,18,[6 5],23,58,76,35,47
1,<environment.Job instance at 0x7f5530ebfb90>,23,17,[5 2],24,69,86,45,57
1,<environment.Job instance at 0x7f5530ebf460>,24,14,[1 7],25,69,83,44,57
1,<environment.Job instance at 0x7f5530ebf550>,28,16,[ 5 10],29,83,99,54,70
1,<environment.Job instance at 0x7f5530ebf370>,29,15,[10  3],30,86,101,56,72
1,<environment.Job instance at 0x7f5530ebf230>,30,21,[7 2],31,101,122,70,93
1,<environment.Job instance at 0x7f5530ec94b0>,40,12,[8 4],41,101,113,60,93
1,<environment.Job instance at 0x7f5530ec9af0>,41,3,[5 5],42,113,116,71,93
1,<environment.Job instance at 0x7f5530ec9550>,42,13,[5 7],43,116,129,73,100
1,<environment.Job instance at 0x7f5530ec9910>,44,3,[9 2],45,122,125,77,100
1,<environment.Job instance at 0x7f5530ec9eb0>,47,3,[4 8],48,125,128,77,100
1,<environment.Job instance at 0x7f5530ec9320>,48,15,[5 7],49,128,143,79,114
1,<environment.Job instance at 0x7f5530ec9b90>,50,12,[2 5],51,129,141,78,114
1,<environment.Job instance at 0x7f5530ec99b0>,53,17,[5 2],54,129,146,75,117
1,<environment.Job instance at 0x7f5530ec9fa0>,54,14,[8 3],55,143,157,88,128
1,<environment.Job instance at 0x7f5531521140>,56,17,[5 6],57,146,163,89,134
1,<environment.Job instance at 0x7f5531521be0>,58,15,[2 6],59,141,156,82,134
1,<environment.Job instance at 0x7f5530bf4be0>,0,16,[5 5],1,1,17,0,1
1,<environment.Job instance at 0x7f5530bf4af0>,1,2,[6 2],2,4,6,2,4
1,<environment.Job instance at 0x7f5530d09a00>,3,2,[3 5],4,4,6,0,4
1,<environment.Job instance at 0x7f5530a4d550>,4,14,[ 5 10],5,6,20,1,5
1,<environment.Job instance at 0x7f5531a15690>,5,14,[8 1],6,17,31,11,6
1,<environment.Job instance at 0x7f5530bfb050>,7,17,[1 8],8,20,37,12,8
1,<environment.Job instance at 0x7f5531a155f0>,10,2,[7 4],11,31,33,20,11
1,<environment.Job instance at 0x7f5531a15aa0>,11,2,[5 8],12,37,39,25,12
1,<environment.Job instance at 0x7f5531a15dc0>,12,14,[6 3],13,20,34,7,13
1,<environment.Job instance at 0x7f5531a206e0>,13,3,[4 7],14,34,37,20,14
1,<environment.Job instance at 0x7f5531a207d0>,15,1,[7 2],16,33,34,17,16
1,<environment.Job instance at 0x7f55311b2870>,21,3,[1 9],22,39,42,17,22
1,<environment.Job instance at 0x7f55311b27d0>,20,12,[3 5],21,37,49,16,23
1,<environment.Job instance at 0x7f55311b2690>,18,12,[4 8],19,42,54,23,27
1,<environment.Job instance at 0x7f5531ed4960>,24,16,[4 9],25,54,70,29,41
1,<environment.Job instance at 0x7f5531ebc190>,31,16,[6 5],32,49,65,17,41
1,<environment.Job instance at 0x7f5531a2aa50>,32,18,[9 5],33,65,83,32,54
1,<environment.Job instance at 0x7f5531a20be0>,16,15,[2 9],17,70,85,53,56
1,<environment.Job instance at 0x7f5531a2a7d0>,33,17,[9 3],34,83,100,49,71
1,<environment.Job instance at 0x7f5531a2aaf0>,34,15,[5 6],35,85,100,50,71
1,<environment.Job instance at 0x7f5531a2a9b0>,36,2,[7 3],37,100,102,63,73
1,<environment.Job instance at 0x7f5531a2ae10>,35,18,[1 7],36,100,118,64,89
1,<environment.Job instance at 0x7f5531a2a4b0>,39,13,[5 5],40,100,113,60,89
1,<environment.Job instance at 0x7f5531a2afa0>,42,22,[7 2],43,102,124,59,95
1,<environment.Job instance at 0x7f5531778fa0>,44,12,[2 6],45,113,125,68,96
1,<environment.Job instance at 0x7f5531778910>,46,15,[10  3],47,124,139,77,110
1,<environment.Job instance at 0x7f5531ecffa0>,47,18,[2 8],48,125,143,77,114
1,<environment.Job instance at 0x7f5531764410>,52,16,[1 6],53,139,155,86,126
1,<environment.Job instance at 0x7f55317645a0>,56,18,[2 5],57,143,161,86,132
1,<environment.Job instance at 0x7f5531764aa0>,57,13,[8 3],58,143,156,85,132
1,<environment.Job instance at 0x7f5531d24d20>,1,3,[10  4],2,2,5,0,2
1,<environment.Job instance at 0x7f55317570f0>,2,14,[10  4],3,5,19,2,3
1,<environment.Job instance at 0x7f5531d24eb0>,3,2,[4 7],4,4,6,0,4
1,<environment.Job instance at 0x7f5531d248c0>,4,14,[6 4],5,19,33,14,5
1,<environment.Job instance at 0x7f5531757640>,6,16,[4 5],7,7,23,0,7
1,<environment.Job instance at 0x7f5531d24dc0>,8,16,[10  5],9,33,49,24,20
1,<environment.Job instance at 0x7f5531d24c80>,10,1,[2 6],11,20,21,9,20
1,<environment.Job instance at 0x7f5531d24460>,12,1,[1 5],13,21,22,8,20
1,<environment.Job instance at 0x7f5531d245a0>,13,1,[7 2],14,23,24,9,20
1,<environment.Job instance at 0x7f5531d24d70>,9,3,[3 6],10,24,27,14,21
1,<environment.Job instance at 0x7f5531d24410>,11,18,[10  5],12,49,67,37,38
1,<environment.Job instance at 0x7f5531d24e60>,19,17,[10  3],20,67,84,47,55
1,<environment.Job instance at 0x7f55315c20f0>,20,18,[3 6],21,55,73,34,55
1,<environment.Job instance at 0x7f55315c2a50>,22,16,[3 5],23,73,89,50,60
1,<environment.Job instance at 0x7f55315c2d70>,24,16,[3 6],25,84,100,59,71
1,<environment.Job instance at 0x7f55315c2f00>,25,18,[9 5],26,89,107,63,78
1,<environment.Job instance at 0x7f55315c28c0>,33,15,[6 1],34,100,115,66,86
1,<environment.Job instance at 0x7f55315c2280>,35,18,[5 5],36,107,125,71,96
1,<environment.Job instance at 0x7f55315c2690>,37,15,[4 6],38,107,122,69,96
1,<environment.Job instance at 0x7f5531d24aa0>,15,13,[3 7],16,122,135,106,107
1,<environment.Job instance at 0x7f55315c2370>,39,16,[1 8],40,125,141,85,112
1,<environment.Job instance at 0x7f5531300460>,41,17,[2 6],42,135,152,93,123
1,<environment.Job instance at 0x7f5531300c80>,45,18,[6 4],46,141,159,95,130
1,<environment.Job instance at 0x7f5531300820>,49,15,[7 1],50,135,150,85,131
1,<environment.Job instance at 0x7f5531300370>,53,15,[8 3],54,152,167,98,138
1,<environment.Job instance at 0x7f553095ea50>,0,1,[5 6],1,2,3,1,2
1,<environment.Job instance at 0x7f553095e960>,1,13,[5 5],2,2,15,0,2
1,<environment.Job instance at 0x7f553095e9b0>,4,2,[2 5],5,5,7,0,5
1,<environment.Job instance at 0x7f553095e870>,5,12,[3 9],6,7,19,1,6
1,<environment.Job instance at 0x7f553095ef50>,6,13,[2 9],7,19,32,12,7
1,<environment.Job instance at 0x7f553095e280>,7,22,[7 5],8,15,37,7,8
1,<environment.Job instance at 0x7f553095edc0>,9,14,[10  4],10,37,51,27,23
1,<environment.Job instance at 0x7f553095ea00>,16,15,[10  5],17,51,66,34,37
1,<environment.Job instance at 0x7f553095e910>,15,17,[ 3 13],16,66,83,50,54
1,<environment.Job instance at 0x7f553095e370>,19,3,[2 7],20,54,57,34,54
1,<environment.Job instance at 0x7f55309270a0>,20,1,[8 4],21,83,84,62,55
1,<environment.Job instance at 0x7f55309274b0>,21,13,[5 7],22,83,96,61,67
1,<environment.Job instance at 0x7f55309270f0>,22,3,[5 4],23,84,87,61,67
1,<environment.Job instance at 0x7f55309276e0>,23,2,[5 5],24,87,89,63,67
1,<environment.Job instance at 0x7f5530927f50>,24,3,[10  5],25,89,92,64,67
1,<environment.Job instance at 0x7f5530927460>,25,14,[5 9],26,96,110,70,81
1,<environment.Job instance at 0x7f5530927d70>,26,2,[3 8],27,92,94,65,81
1,<environment.Job instance at 0x7f5530927280>,27,2,[6 5],28,94,96,66,81
1,<environment.Job instance at 0x7f55309277d0>,28,1,[10  4],29,96,97,67,81
1,<environment.Job instance at 0x7f5530927e10>,29,3,[ 3 11],30,110,113,80,84
1,<environment.Job instance at 0x7f5530927370>,30,12,[5 5],31,97,109,66,84
1,<environment.Job instance at 0x7f5530927410>,31,15,[5 5],32,113,128,81,99
1,<environment.Job instance at 0x7f5530927aa0>,32,12,[ 3 10],33,113,125,80,99
1,<environment.Job instance at 0x7f5530927e60>,33,14,[2 9],34,125,139,91,110
1,<environment.Job instance at 0x7f5530927550>,34,3,[ 4 13],35,139,142,104,113
1,<environment.Job instance at 0x7f55309271e0>,35,13,[1 9],36,142,155,106,126
1,<environment.Job instance at 0x7f5530927be0>,36,17,[2 5],37,142,159,105,130
1,<environment.Job instance at 0x7f55317a7f00>,0,12,[10  5],1,1,13,0,1
1,<environment.Job instance at 0x7f5530927500>,1,18,[6 2],2,13,31,11,2
1,<environment.Job instance at 0x7f55320ead20>,2,22,[5 5],3,3,25,0,3
1,<environment.Job instance at 0x7f55320ea960>,5,12,[3 9],6,25,37,19,8
1,<environment.Job instance at 0x7f5530d4f460>,8,12,[3 6],9,13,25,4,9
1,<environment.Job instance at 0x7f55320ea460>,6,14,[3 9],7,37,51,30,22
1,<environment.Job instance at 0x7f5530d4f550>,7,1,[5 2],8,25,26,17,22
1,<environment.Job instance at 0x7f5530d4f3c0>,13,13,[3 9],14,51,64,37,35
1,<environment.Job instance at 0x7f55318d5690>,18,12,[5 2],19,35,47,16,35
1,<environment.Job instance at 0x7f55318d5140>,19,15,[8 4],20,47,62,27,35
1,<environment.Job instance at 0x7f55318d5320>,20,12,[9 4],21,62,74,41,45
1,<environment.Job instance at 0x7f55318d5af0>,21,18,[1 7],22,64,82,42,53
1,<environment.Job instance at 0x7f55318d5780>,22,18,[2 9],23,82,100,59,71
1,<environment.Job instance at 0x7f55320eaaf0>,3,16,[1 5],4,74,90,70,71
1,<environment.Job instance at 0x7f55318d5500>,23,12,[7 1],24,74,86,50,71
1,<environment.Job instance at 0x7f55318d5e10>,25,17,[5 6],26,90,107,64,83
1,<environment.Job instance at 0x7f55318d5f50>,29,12,[3 8],30,100,112,70,83
1,<environment.Job instance at 0x7f55318d5d20>,30,13,[8 5],31,107,120,76,91
1,<environment.Job instance at 0x7f5530d4f820>,10,14,[2 8],11,112,126,101,97
1,<environment.Job instance at 0x7f55318d5f00>,32,3,[14  5],33,126,129,93,100
1,<environment.Job instance at 0x7f55318d50f0>,33,1,[2 5],34,120,121,86,100
1,<environment.Job instance at 0x7f55318d5820>,34,2,[4 7],35,121,123,86,100
1,<environment.Job instance at 0x7f55318d54b0>,35,2,[5 5],36,123,125,87,100
1,<environment.Job instance at 0x7f55318d5550>,31,18,[2 9],32,129,147,97,118
1,<environment.Job instance at 0x7f55318d57d0>,37,14,[10  5],38,129,143,91,118
1,<environment.Job instance at 0x7f55318d5eb0>,36,14,[9 3],37,143,157,106,128
1,<environment.Job instance at 0x7f5531163140>,39,2,[3 7],40,147,149,107,128
1,<environment.Job instance at 0x7f55313c3aa0>,0,2,[1 9],1,1,3,0,1
1,<environment.Job instance at 0x7f5531163140>,2,3,[10  3],3,3,6,0,3
1,<environment.Job instance at 0x7f553081b960>,3,3,[5 9],4,4,7,0,4
1,<environment.Job instance at 0x7f553081be10>,4,14,[ 1 10],5,7,21,2,5
1,<environment.Job instance at 0x7f553081b730>,5,22,[11  2],6,7,29,1,6
1,<environment.Job instance at 0x7f5531c6d460>,9,3,[5 8],10,29,32,19,11
1,<environment.Job instance at 0x7f5531c6de60>,14,15,[10  3],15,29,44,14,15
1,<environment.Job instance at 0x7f5531c6d5f0>,15,18,[1 8],16,32,50,16,21
1,<environment.Job instance at 0x7f5531c6d0a0>,17,15,[4 8],18,50,65,32,36
1,<environment.Job instance at 0x7f5531c6dfa0>,11,18,[3 9],12,65,83,53,54
1,<environment.Job instance at 0x7f5531c6db40>,19,15,[ 1 10],20,83,98,63,70
1,<environment.Job instance at 0x7f5531c6d0f0>,20,13,[ 3 10],21,98,111,77,82
1,<environment.Job instance at 0x7f5531c6d870>,21,13,[8 5],22,82,95,60,82
1,<environment.Job instance at 0x7f5531c6deb0>,22,17,[10  2],23,95,112,72,83
1,<environment.Job instance at 0x7f5531c6d640>,23,3,[9 1],24,112,115,88,86
1,<environment.Job instance at 0x7f5531c6d7d0>,24,17,[12  2],25,115,132,90,103
1,<environment.Job instance at 0x7f5531c6d730>,18,18,[3 9],19,114,132,95,114
1,<environment.Job instance at 0x7f5531c6d140>,25,14,[5 3],26,132,146,106,117
1,<environment.Job instance at 0x7f5530f9d730>,28,15,[3 6],29,132,147,103,119
1,<environment.Job instance at 0x7f5530f9deb0>,30,16,[10  3],31,146,162,115,133
1,<environment.Job instance at 0x7f5530f9d5f0>,31,14,[3 7],32,147,161,115,133
1,<environment.Job instance at 0x7f55309b2190>,0,3,[9 5],1,1,4,0,1
1,<environment.Job instance at 0x7f5530f9d190>,1,1,[8 2],2,4,5,2,2
1,<environment.Job instance at 0x7f5530f9d5f0>,3,14,[8 4],4,5,19,1,4
1,<environment.Job instance at 0x7f55309b2820>,4,15,[4 7],5,5,20,0,5
1,<environment.Job instance at 0x7f55309b2c80>,6,13,[2 8],7,19,32,12,8
1,<environment.Job instance at 0x7f55313ae640>,8,3,[10  1],9,20,23,11,10
1,<environment.Job instance at 0x7f55313aeaf0>,11,3,[7 4],12,23,26,11,12
1,<environment.Job instance at 0x7f55313ae190>,12,12,[1 8],13,32,44,19,18
1,<environment.Job instance at 0x7f55313ae0a0>,13,2,[8 4],14,26,28,12,18
1,<environment.Job instance at 0x7f55309b27d0>,9,3,[1 5],10,20,23,10,18
1,<environment.Job instance at 0x7f55313aee10>,15,2,[3 9],16,44,46,28,18
1,<environment.Job instance at 0x7f55313aea50>,14,17,[8 5],15,28,45,13,18
1,<environment.Job instance at 0x7f55313aebe0>,17,1,[10  2],18,45,46,27,20
1,<environment.Job instance at 0x7f55313ae140>,18,3,[6 3],19,23,26,4,20
1,<environment.Job instance at 0x7f55309b2460>,7,3,[7 2],8,46,49,38,21
1,<environment.Job instance at 0x7f5531985460>,19,17,[3 9],20,46,63,26,34
1,<environment.Job instance at 0x7f5531985690>,21,17,[5 1],22,46,63,24,34
1,<environment.Job instance at 0x7f5531985d70>,23,16,[6 5],24,49,65,25,36
1,<environment.Job instance at 0x7f5531985b40>,24,14,[10  4],25,65,79,40,50
1,<environment.Job instance at 0x7f5531985140>,25,15,[5 5],26,63,78,37,50
1,<environment.Job instance at 0x7f5531985e60>,28,13,[5 4],29,78,91,49,62
1,<environment.Job instance at 0x7f5531985320>,30,13,[3 6],31,79,92,48,63
1,<environment.Job instance at 0x7f5531db9c30>,34,12,[5 7],35,91,103,56,74
1,<environment.Job instance at 0x7f55313ae780>,16,14,[9 2],17,92,106,75,77
1,<environment.Job instance at 0x7f5531db9f50>,36,1,[6 4],37,79,80,42,77
1,<environment.Job instance at 0x7f5531db9b40>,35,18,[9 5],36,106,124,70,95
1,<environment.Job instance at 0x7f5531985550>,20,15,[6 4],21,103,118,82,95
1,<environment.Job instance at 0x7f5531db9be0>,39,14,[4 8],40,118,132,78,103
1,<environment.Job instance at 0x7f5531db9230>,42,14,[8 4],43,124,138,81,109
1,<environment.Job instance at 0x7f55313a4e10>,50,18,[9 5],51,138,156,87,127
1,<environment.Job instance at 0x7f55313a4cd0>,52,20,[5 3],53,132,152,79,127
1,<environment.Job instance at 0x7f5530ac0c80>,0,1,[7 3],1,1,2,0,1
1,<environment.Job instance at 0x7f5530ac0c30>,2,16,[10  5],3,3,19,0,3
1,<environment.Job instance at 0x7f5530ac02d0>,5,13,[5 6],6,6,19,0,6
1,<environment.Job instance at 0x7f5530ac04b0>,6,12,[1 8],7,19,31,12,7
1,<environment.Job instance at 0x7f5530ac0cd0>,7,17,[2 6],8,19,36,11,8
1,<environment.Job instance at 0x7f5530ac0820>,10,3,[5 5],11,31,34,20,14
1,<environment.Job instance at 0x7f5530ac0f50>,12,1,[10  3],13,34,35,21,14
1,<environment.Job instance at 0x7f5530ac0370>,13,14,[9 4],14,35,49,21,20
1,<environment.Job instance at 0x7f5530af23c0>,15,12,[2 7],16,36,48,20,21
1,<environment.Job instance at 0x7f5530af2fa0>,16,13,[5 1],17,21,34,4,21
1,<environment.Job instance at 0x7f5530af2f00>,17,3,[9 5],18,49,52,31,23
1,<environment.Job instance at 0x7f5530af2af0>,18,3,[7 1],19,52,55,33,33
1,<environment.Job instance at 0x7f5530af21e0>,19,14,[ 5 10],20,48,62,28,33
1,<environment.Job instance at 0x7f5530ac0730>,11,2,[5 7],12,62,64,50,35
1,<environment.Job instance at 0x7f5530af26e0>,20,18,[5 8],21,62,80,41,51
1,<environment.Job instance at 0x7f5530af2910>,23,3,[1 7],24,64,67,40,51
1,<environment.Job instance at 0x7f5530af25a0>,24,13,[2 7],25,67,80,42,51
1,<environment.Job instance at 0x7f5530af24b0>,25,13,[3 6],26,80,93,54,64
1,<environment.Job instance at 0x7f5530af27d0>,26,13,[1 5],27,80,93,53,64
1,<environment.Job instance at 0x7f5530af2640>,27,13,[7 5],28,93,106,65,77
1,<environment.Job instance at 0x7f5530ac0e60>,9,16,[2 8],10,93,109,83,80
1,<environment.Job instance at 0x7f5530af87d0>,29,2,[10  4],30,80,82,50,80
1,<environment.Job instance at 0x7f5530af85f0>,28,21,[5 7],29,106,127,77,98
1,<environment.Job instance at 0x7f5530af8cd0>,31,13,[6 3],32,109,122,77,98
1,<environment.Job instance at 0x7f5530af8870>,33,12,[8 1],34,122,134,88,105
1,<environment.Job instance at 0x7f5530af8c80>,34,12,[ 3 10],35,127,139,92,110
1,<environment.Job instance at 0x7f5530af8a50>,35,13,[3 9],36,139,152,103,123
1,<environment.Job instance at 0x7f5530af8960>,38,13,[7 1],39,134,147,95,123
1,<environment.Job instance at 0x7f5530af8dc0>,39,12,[4 7],40,152,164,112,135
1,<environment.Job instance at 0x7f5530af89b0>,41,17,[5 6],42,147,164,105,135
1,<environment.Job instance at 0x7f55320c09b0>,0,17,[5 7],1,1,18,0,1
1,<environment.Job instance at 0x7f5530ad4960>,1,15,[3 6],2,3,18,1,3
1,<environment.Job instance at 0x7f5530ad47d0>,2,15,[3 5],3,18,33,15,4
1,<environment.Job instance at 0x7f5530bdad20>,4,16,[2 6],5,18,34,13,5
1,<environment.Job instance at 0x7f55320c0960>,3,13,[9 1],4,18,31,14,5
1,<environment.Job instance at 0x7f55320c0be0>,5,1,[5 3],6,31,32,25,6
1,<environment.Job instance at 0x7f5530bda2d0>,7,1,[3 7],8,33,34,25,11
1,<environment.Job instance at 0x7f5530bda690>,11,15,[1 9],12,34,49,22,20
1,<environment.Job instance at 0x7f5530bda640>,9,1,[4 8],10,49,50,39,21
1,<environment.Job instance at 0x7f5530bdac30>,14,13,[5 4],15,34,47,19,21
1,<environment.Job instance at 0x7f5530bdafa0>,15,12,[1 8],16,50,62,34,33
1,<environment.Job instance at 0x7f5530bda780>,6,15,[3 7],7,49,64,42,35
1,<environment.Job instance at 0x7f5530bda500>,18,1,[4 9],19,64,65,45,38
1,<environment.Job instance at 0x7f5530bda960>,19,2,[3 5],20,47,49,27,39
1,<environment.Job instance at 0x7f5530bda5a0>,10,24,[5 2],11,62,86,51,57
1,<environment.Job instance at 0x7f5530bc8d20>,21,2,[10  2],22,65,67,43,57
1,<environment.Job instance at 0x7f5530bdadc0>,12,15,[9 3],13,67,82,54,57
1,<environment.Job instance at 0x7f5530bda0f0>,17,18,[10  3],18,82,100,64,71
1,<environment.Job instance at 0x7f5530bc8960>,23,17,[ 5 10],24,86,103,62,74
1,<environment.Job instance at 0x7f5530bc86e0>,28,12,[1 5],29,100,112,71,83
1,<environment.Job instance at 0x7f5530bc8870>,31,14,[3 7],32,103,117,71,88
1,<environment.Job instance at 0x7f5530bc88c0>,33,16,[8 2],34,103,119,69,91
1,<environment.Job instance at 0x7f5530bc8500>,34,12,[5 2],35,117,129,82,100
1,<environment.Job instance at 0x7f5530bc8690>,27,17,[1 5],28,112,129,84,100
1,<environment.Job instance at 0x7f55314476e0>,35,19,[4 7],36,119,138,83,109
1,<environment.Job instance at 0x7f55314474b0>,41,16,[1 7],42,129,145,87,116
1,<environment.Job instance at 0x7f5531447370>,42,15,[6 3],43,138,153,95,124
1,<environment.Job instance at 0x7f5531447c80>,43,13,[7 1],44,129,142,85,124
1,<environment.Job instance at 0x7f5531447cd0>,44,18,[ 5 10],45,145,163,100,134
1,<environment.Job instance at 0x7f5531086eb0>,1,3,[5 9],2,2,5,0,2
1,<environment.Job instance at 0x7f55310866e0>,2,13,[9 1],3,3,16,0,3
1,<environment.Job instance at 0x7f5531086f00>,3,15,[5 2],4,5,20,1,4
1,<environment.Job instance at 0x7f5531086d20>,4,12,[8 3],5,16,28,11,5
1,<environment.Job instance at 0x7f5530c210f0>,12,18,[7 3],13,20,38,7,13
1,<environment.Job instance at 0x7f5530c21c80>,15,3,[5 9],16,28,31,12,16
1,<environment.Job instance at 0x7f5530c215a0>,16,14,[3 7],17,31,45,14,17
1,<environment.Job instance at 0x7f5530c21230>,18,12,[6 5],19,38,50,19,21
1,<environment.Job instance at 0x7f55310ac3c0>,23,17,[5 6],24,45,62,21,33
1,<environment.Job instance at 0x7f55310ac460>,24,14,[7 4],25,50,64,25,35
1,<environment.Job instance at 0x7f55310acf00>,25,16,[2 7],26,62,78,36,49
1,<environment.Job instance at 0x7f55310ac1e0>,26,13,[8 5],27,64,77,37,49
1,<environment.Job instance at 0x7f55307f8b40>,48,17,[6 5],49,77,94,28,65
1,<environment.Job instance at 0x7f5531f25910>,57,18,[4 5],58,78,96,20,69
1,<environment.Job instance at 0x7f5531dd0e10>,59,12,[4 8],60,94,106,34,78
1,<environment.Job instance at 0x7f5531dd0280>,61,16,[10  4],62,96,112,34,83
1,<environment.Job instance at 0x7f553109fa50>,64,15,[6 3],65,112,127,47,98
1,<environment.Job instance at 0x7f55307cc820>,65,12,[7 4],66,112,124,46,98
1,<environment.Job instance at 0x7f55309cd0a0>,67,14,[5 5],68,124,138,56,109
1,<environment.Job instance at 0x7f5530c0f4b0>,70,14,[6 3],71,127,141,56,112
1,<environment.Job instance at 0x7f55310ac4b0>,22,16,[4 7],23,124,140,101,114
1,<environment.Job instance at 0x7f55310ac320>,21,12,[ 4 11],22,140,152,118,123
1,<environment.Job instance at 0x7f553207e0f0>,81,1,[10  5],82,152,153,70,124
1,<environment.Job instance at 0x7f5532084a00>,82,14,[ 4 10],83,152,166,69,137
1,<environment.Job instance at 0x7f5531b15690>,83,3,[7 2],84,141,144,57,137
1,<environment.Job instance at 0x7f55309471e0>,84,3,[10  5],85,153,156,68,137
1,<environment.Job instance at 0x7f553148b190>,0,14,[2 7],1,1,15,0,1
1,<environment.Job instance at 0x7f55309471e0>,2,14,[ 1 10],3,15,29,12,3
1,<environment.Job instance at 0x7f553148baf0>,1,1,[ 2 10],2,29,30,27,3
1,<environment.Job instance at 0x7f553148be10>,3,15,[2 5],4,4,19,0,4
1,<environment.Job instance at 0x7f553148b0a0>,4,2,[10  2],5,5,7,0,5
1,<environment.Job instance at 0x7f553148beb0>,9,2,[10  4],10,19,21,9,11
1,<environment.Job instance at 0x7f553148b820>,10,3,[5 6],11,30,33,19,11
1,<environment.Job instance at 0x7f553148b690>,11,3,[7 3],12,12,15,0,12
1,<environment.Job instance at 0x7f553148b460>,12,13,[6 1],13,21,34,8,13
1,<environment.Job instance at 0x7f553148b1e0>,13,3,[7 4],14,21,24,7,14
1,<environment.Job instance at 0x7f553148b500>,14,12,[2 7],15,30,42,15,15
1,<environment.Job instance at 0x7f553148bb40>,15,12,[14  1],16,42,54,26,25
1,<environment.Job instance at 0x7f553148b8c0>,7,15,[5 6],8,54,69,46,40
1,<environment.Job instance at 0x7f553148bc30>,5,14,[4 8],6,54,68,48,40
1,<environment.Job instance at 0x7f5530c4de60>,20,14,[8 2],21,68,82,47,53
1,<environment.Job instance at 0x7f5530c4dbe0>,21,17,[5 8],22,69,86,47,59
1,<environment.Job instance at 0x7f5530c4dc80>,24,18,[5 5],25,82,100,57,71
1,<environment.Job instance at 0x7f5530c4d5f0>,25,17,[1 5],26,86,103,60,74
1,<environment.Job instance at 0x7f5530c4daa0>,28,13,[5 4],29,86,99,57,74
1,<environment.Job instance at 0x7f5531925280>,29,19,[6 3],30,99,118,69,89
1,<environment.Job instance at 0x7f5531925550>,30,15,[ 5 10],31,103,118,72,89
1,<environment.Job instance at 0x7f5531925c80>,33,17,[10  1],34,118,135,84,106
1,<environment.Job instance at 0x7f5531925370>,34,18,[2 5],35,118,136,83,107
1,<environment.Job instance at 0x7f55319256e0>,35,16,[5 9],36,135,151,99,122
1,<environment.Job instance at 0x7f5531925730>,39,13,[8 2],40,136,149,96,122
1,<environment.Job instance at 0x7f5531925b90>,40,17,[5 1],41,149,166,108,137
1,<environment.Job instance at 0x7f5531925320>,41,14,[5 1],42,149,163,107,137
1,<environment.Job instance at 0x7f553149fd70>,43,16,[1 9],44,151,167,107,138
1,<environment.Job instance at 0x7f5530e85e60>,0,2,[1 9],1,3,5,2,3
1,<environment.Job instance at 0x7f553149f0a0>,2,3,[1 9],3,5,8,2,3
1,<environment.Job instance at 0x7f553149fdc0>,3,2,[9 3],4,5,7,1,5
1,<environment.Job instance at 0x7f55315e8550>,4,14,[5 5],5,7,21,2,5
1,<environment.Job instance at 0x7f55315e8690>,5,3,[9 2],6,8,11,2,7
1,<environment.Job instance at 0x7f55315e8460>,6,2,[3 7],7,11,13,4,7
1,<environment.Job instance at 0x7f55315e8820>,7,14,[3 7],8,13,27,5,8
1,<environment.Job instance at 0x7f55315e88c0>,9,12,[3 8],10,21,33,11,10
1,<environment.Job instance at 0x7f55315e8870>,8,3,[10  5],9,27,30,18,10
1,<environment.Job instance at 0x7f55315e8be0>,11,2,[9 5],12,30,32,18,12
1,<environment.Job instance at 0x7f55315e8b90>,12,3,[5 4],13,32,35,19,13
1,<environment.Job instance at 0x7f55315e8fa0>,14,1,[9 1],15,33,34,18,17
1,<environment.Job instance at 0x7f55315e8e60>,16,12,[5 9],17,34,46,17,18
1,<environment.Job instance at 0x7f55315f5320>,18,2,[8 3],19,35,37,16,19
1,<environment.Job instance at 0x7f55315e8f00>,15,3,[6 3],16,37,40,21,20
1,<environment.Job instance at 0x7f55315f5500>,19,25,[5 2],20,40,65,20,36
1,<environment.Job instance at 0x7f55315f55f0>,21,2,[10  1],22,46,48,24,36
1,<environment.Job instance at 0x7f55315f5780>,23,14,[1 5],24,48,62,24,36
1,<environment.Job instance at 0x7f55315f56e0>,22,1,[5 5],23,48,49,25,36
1,<environment.Job instance at 0x7f55315f5a00>,27,1,[5 7],28,49,50,21,36
1,<environment.Job instance at 0x7f55315f5aa0>,28,2,[2 9],29,62,64,33,36
1,<environment.Job instance at 0x7f55315f5b40>,29,2,[ 5 11],30,64,66,34,37
1,<environment.Job instance at 0x7f55315f5be0>,30,3,[1 6],31,50,53,19,37
1,<environment.Job instance at 0x7f55315f5960>,26,20,[5 9],27,66,86,39,57
1,<environment.Job instance at 0x7f55315f5d20>,32,13,[3 7],33,86,99,53,70
1,<environment.Job instance at 0x7f55315f5f00>,35,13,[5 3],36,70,83,34,70
1,<environment.Job instance at 0x7f55315e2690>,38,13,[5 1],39,70,83,31,70
1,<environment.Job instance at 0x7f55315e26e0>,40,12,[3 9],41,99,111,58,82
1,<environment.Job instance at 0x7f55315e2960>,44,15,[5 8],45,111,126,66,97
1,<environment.Job instance at 0x7f55315e2be0>,48,15,[8 1],49,97,112,48,97
1,<environment.Job instance at 0x7f55315e2d20>,50,15,[2 8],51,126,141,75,112
1,<environment.Job instance at 0x7f55315e2e60>,52,17,[7 1],53,112,129,59,112
1,<environment.Job instance at 0x7f55315e2f50>,53,17,[10  3],54,129,146,75,117
1,<environment.Job instance at 0x7f55315e2fa0>,54,18,[5 9],55,141,159,86,130
1,<environment.Job instance at 0x7f55315d00a0>,56,14,[6 5],57,146,160,89,131
1,<environment.Job instance at 0x7f52078c5320>,1,1,[3 7],2,2,3,0,2
1,<environment.Job instance at 0x7f51fe14d410>,2,13,[10  1],3,3,16,0,3
1,<environment.Job instance at 0x7f51fe14d5f0>,3,17,[ 5 10],4,4,21,0,4
1,<environment.Job instance at 0x7f51fe14d6e0>,4,1,[5 6],5,21,22,16,5
1,<environment.Job instance at 0x7f51fe14d7d0>,5,12,[1 7],6,21,33,15,6
1,<environment.Job instance at 0x7f51fe14d8c0>,6,1,[9 5],7,16,17,9,7
1,<environment.Job instance at 0x7f51fe14d960>,7,16,[5 8],8,22,38,14,9
1,<environment.Job instance at 0x7f51fe14db90>,11,3,[5 5],12,17,20,5,12
1,<environment.Job instance at 0x7f52078c51e0>,8,16,[1 8],9,38,54,29,25
1,<environment.Job instance at 0x7f51fe14ddc0>,13,15,[7 4],14,33,48,19,25
1,<environment.Job instance at 0x7f51fe14de10>,14,18,[1 6],15,48,66,33,37
1,<environment.Job instance at 0x7f51fe14dd20>,15,16,[5 5],16,54,70,38,41
1,<environment.Job instance at 0x7f51fe14dfa0>,17,2,[3 5],18,66,68,48,41
1,<environment.Job instance at 0x7f51fe14f050>,18,12,[1 8],19,68,80,49,51
1,<environment.Job instance at 0x7f51fe14f1e0>,20,14,[4 8],21,80,94,59,65
1,<environment.Job instance at 0x7f51fe14db40>,10,12,[5 5],11,70,82,59,67
1,<environment.Job instance at 0x7f51fe14f690>,26,16,[9 1],27,82,98,55,73
1,<environment.Job instance at 0x7f51fe14f960>,29,18,[5 1],30,94,112,64,83
1,<environment.Job instance at 0x7f51fe14f780>,30,3,[6 5],31,98,101,67,83
1,<environment.Job instance at 0x7f51fe14faa0>,31,15,[5 5],32,101,116,69,87
1,<environment.Job instance at 0x7f51fe14fbe0>,33,15,[5 3],34,101,116,67,87
1,<environment.Job instance at 0x7f51fe14fc80>,34,19,[3 7],35,112,131,77,102
1,<environment.Job instance at 0x7f51fe14fdc0>,36,13,[7 1],37,116,129,79,102
1,<environment.Job instance at 0x7f51fe14ffa0>,38,12,[5 4],39,116,128,77,102
1,<environment.Job instance at 0x7f51fe14feb0>,40,12,[10  2],41,129,141,88,112
1,<environment.Job instance at 0x7f51fe153320>,42,15,[7 4],43,141,156,98,127
1,<environment.Job instance at 0x7f51fe153370>,43,20,[5 2],44,131,151,87,127
1,<environment.Job instance at 0x7f51fe14dcd0>,12,17,[1 8],13,141,158,128,129
1,<environment.Job instance at 0x7f51fe1534b0>,45,2,[9 3],46,156,158,110,129
1,<environment.Job instance at 0x7f51fe153410>,44,14,[7 1],45,158,172,113,143
1,<environment.Job instance at 0x7f51fe153690>,48,17,[1 9],49,158,175,109,147
1,<environment.Job instance at 0x7f51fe1679b0>,0,12,[4 8],1,1,13,0,1
1,<environment.Job instance at 0x7f51fe153690>,2,15,[6 4],3,3,18,0,3
1,<environment.Job instance at 0x7f51fdc13c30>,4,18,[9 2],5,13,31,8,5
1,<environment.Job instance at 0x7f51fe6133c0>,5,15,[5 4],6,18,33,12,6
1,<environment.Job instance at 0x7f51fe613550>,6,2,[5 8],7,31,33,24,7
1,<environment.Job instance at 0x7f51fe613a00>,7,2,[2 8],8,33,35,25,8
1,<environment.Job instance at 0x7f51fe613b40>,8,1,[9 3],9,33,34,24,9
1,<environment.Job instance at 0x7f51fe613500>,10,3,[ 5 12],11,35,38,24,12
1,<environment.Job instance at 0x7f51fe1c6690>,12,1,[5 2],13,31,32,18,13
1,<environment.Job instance at 0x7f51fe1c6c30>,11,2,[ 2 10],12,38,40,26,15
1,<environment.Job instance at 0x7f51fe1c6280>,15,3,[ 1 10],16,40,43,24,17
1,<environment.Job instance at 0x7f51fe1c61e0>,13,12,[ 2 10],14,43,55,29,26
1,<environment.Job instance at 0x7f51fe1c6730>,17,15,[2 5],18,38,53,20,26
1,<environment.Job instance at 0x7f51fe1c6e60>,18,18,[7 3],19,53,71,34,42
1,<environment.Job instance at 0x7f51fe1c6050>,16,2,[ 3 10],17,55,57,38,42
1,<environment.Job instance at 0x7f51fe1c6370>,19,15,[3 7],20,57,72,37,43
1,<environment.Job instance at 0x7f51fe1c6f00>,21,16,[9 1],22,71,87,49,58
1,<environment.Job instance at 0x7f51fe1c60f0>,14,15,[4 8],15,72,87,57,62
1,<environment.Job instance at 0x7f51fdaa9dc0>,23,16,[2 8],24,87,103,63,74
1,<environment.Job instance at 0x7f51fda9a870>,24,3,[13  5],25,87,90,62,74
1,<environment.Job instance at 0x7f51fd818d70>,25,17,[1 5],26,90,107,64,78
1,<environment.Job instance at 0x7f51fdb89cd0>,26,21,[5 2],27,90,111,63,82
1,<environment.Job instance at 0x7f51fdbb60a0>,27,1,[3 7],28,103,104,75,82
1,<environment.Job instance at 0x7f51fd81a0a0>,28,12,[5 5],29,104,116,75,87
1,<environment.Job instance at 0x7f51fdce1280>,29,13,[2 7],30,107,120,77,91
1,<environment.Job instance at 0x7f51fd81adc0>,30,13,[4 9],31,120,133,89,104
1,<environment.Job instance at 0x7f51fe1c6640>,31,16,[6 4],32,116,132,84,104
1,<environment.Job instance at 0x7f51fdbed5f0>,32,2,[6 1],33,111,113,78,104
1,<environment.Job instance at 0x7f51fd875b90>,33,3,[10  3],34,132,135,98,106
1,<environment.Job instance at 0x7f51fdce5460>,34,1,[8 3],35,113,114,78,106
1,<environment.Job instance at 0x7f51fdca3410>,35,2,[6 4],36,116,118,80,106
1,<environment.Job instance at 0x7f51fdbdb0f0>,36,14,[6 1],37,135,149,98,120
1,<environment.Job instance at 0x7f51fdbadb40>,37,12,[4 8],38,133,145,95,120
1,<environment.Job instance at 0x7f51fdbdb3c0>,38,17,[6 1],39,145,162,106,133
1,<environment.Job instance at 0x7f51fdb61730>,39,3,[7 2],40,149,152,109,133
1,<environment.Job instance at 0x7f51fdc5f820>,40,2,[6 1],41,152,154,111,133
1,<environment.Job instance at 0x7f51fdc5fdc0>,41,14,[9 5],42,154,168,112,139
1,<environment.Job instance at 0x7f51fd8381e0>,0,3,[ 3 10],1,1,4,0,1
1,<environment.Job instance at 0x7f51fd838640>,1,12,[3 5],2,2,14,0,2
1,<environment.Job instance at 0x7f51fd838140>,2,23,[6 3],3,4,27,1,4
1,<environment.Job instance at 0x7f51fd838550>,4,13,[4 5],5,5,18,0,5
1,<environment.Job instance at 0x7f51fd838b40>,5,16,[ 3 12],6,18,34,12,6
1,<environment.Job instance at 0x7f51fd877050>,9,14,[5 2],10,27,41,17,12
1,<environment.Job instance at 0x7f51fd877b40>,10,14,[5 4],11,34,48,23,19
1,<environment.Job instance at 0x7f51fd877e60>,13,14,[12  3],14,48,62,34,33
1,<environment.Job instance at 0x7f51fd8777d0>,8,12,[5 5],9,34,46,25,33
1,<environment.Job instance at 0x7f51fd8770a0>,14,2,[8 4],15,46,48,31,39
1,<environment.Job instance at 0x7f51fd877dc0>,15,3,[6 3],16,62,65,46,39
1,<environment.Job instance at 0x7f51fd877b90>,12,15,[2 9],13,48,63,35,46
1,<environment.Job instance at 0x7f51fd877e10>,22,12,[6 4],23,63,75,40,48
1,<environment.Job instance at 0x7f51fd8775a0>,17,3,[ 5 10],18,65,68,47,52
1,<environment.Job instance at 0x7f51fd877690>,23,13,[9 4],24,68,81,44,52
1,<environment.Job instance at 0x7f51fd877be0>,25,18,[5 9],26,75,93,49,64
1,<environment.Job instance at 0x7f51fd838f50>,6,16,[9 1],7,81,97,74,68
1,<environment.Job instance at 0x7f51fd87b050>,33,17,[5 5],34,93,110,59,81
1,<environment.Job instance at 0x7f51fd87bd20>,34,12,[1 8],35,93,105,58,81
1,<environment.Job instance at 0x7f51fd87b820>,32,17,[6 1],33,97,114,64,85
1,<environment.Job instance at 0x7f51fd87bdc0>,39,13,[10  3],40,114,127,74,98
1,<environment.Job instance at 0x7f51fd87baa0>,40,14,[8 5],41,127,141,86,112
1,<environment.Job instance at 0x7f51fd87b5f0>,36,12,[14  5],37,141,153,104,124
1,<environment.Job instance at 0x7f51fd87bcd0>,44,14,[10  1],45,153,167,108,138
1,<environment.Job instance at 0x7f51fdc83730>,0,16,[4 6],1,1,17,0,1
1,<environment.Job instance at 0x7f51fdfd2fa0>,1,15,[4 8],2,3,18,1,3
1,<environment.Job instance at 0x7f51fdc83af0>,4,16,[8 3],5,17,33,12,5
1,<environment.Job instance at 0x7f51fe565500>,7,3,[12  4],8,33,36,25,8
1,<environment.Job instance at 0x7f51fdca01e0>,11,1,[10  5],12,36,37,24,12
1,<environment.Job instance at 0x7f51fdc96e10>,12,1,[3 5],13,18,19,5,13
1,<environment.Job instance at 0x7f51fd8166e0>,13,3,[7 1],14,19,22,5,15
1,<environment.Job instance at 0x7f51fdca0500>,10,2,[6 4],11,22,24,11,15
1,<environment.Job instance at 0x7f51fdc96050>,15,3,[5 4],16,24,27,8,16
1,<environment.Job instance at 0x7f51fdc960f0>,14,12,[5 5],15,36,48,21,19
1,<environment.Job instance at 0x7f51fdc965a0>,17,1,[7 3],18,27,28,9,19
1,<environment.Job instance at 0x7f51fdc3cd70>,18,15,[6 1],19,37,52,18,26
1,<environment.Job instance at 0x7f51fd8e6690>,19,2,[14  1],20,52,54,32,26
1,<environment.Job instance at 0x7f51fe0f8960>,20,3,[4 6],21,28,31,7,26
1,<environment.Job instance at 0x7f51fdc1daf0>,21,12,[5 1],22,54,66,32,38
1,<environment.Job instance at 0x7f51fdca0cd0>,9,17,[5 3],10,54,71,44,42
1,<environment.Job instance at 0x7f51fdc3c690>,16,21,[5 1],17,54,75,37,46
1,<environment.Job instance at 0x7f51fd91dbe0>,24,3,[5 2],25,48,51,23,46
1,<environment.Job instance at 0x7f51fe613370>,25,1,[4 7],26,46,47,20,46
1,<environment.Job instance at 0x7f51fd859f00>,26,1,[7 2],27,51,52,24,46
1,<environment.Job instance at 0x7f51fdc5f2d0>,23,15,[2 9],24,66,81,42,52
1,<environment.Job instance at 0x7f51fdbfa500>,29,17,[10  3],30,75,92,45,63
1,<environment.Job instance at 0x7f51fe6135f0>,30,18,[1 8],31,81,99,50,75
1,<environment.Job instance at 0x7f51fe613b90>,31,15,[5 2],32,92,107,60,78
1,<environment.Job instance at 0x7f51fdc4b410>,27,17,[8 4],28,92,109,64,80
1,<environment.Job instance at 0x7f51fddd27d0>,34,13,[5 2],35,107,120,72,92
1,<environment.Job instance at 0x7f51fd89cf00>,35,2,[9 1],36,109,111,73,92
1,<environment.Job instance at 0x7f51fdda7e60>,36,2,[10  5],37,111,113,74,92
1,<environment.Job instance at 0x7f51fd89cd70>,33,15,[1 7],34,113,128,79,99
1,<environment.Job instance at 0x7f51fd80ff00>,38,16,[9 4],39,113,129,74,100
1,<environment.Job instance at 0x7f51fd80f280>,39,14,[8 3],40,129,143,89,114
1,<environment.Job instance at 0x7f51fd89d6e0>,40,15,[5 3],41,120,135,79,114
1,<environment.Job instance at 0x7f51fdd7c1e0>,45,17,[5 8],46,135,152,89,123
1,<environment.Job instance at 0x7f51fd813f00>,46,14,[9 2],47,143,157,96,128
1,<environment.Job instance at 0x7f51fd8135f0>,51,13,[8 5],52,157,170,105,141
1,<environment.Job instance at 0x7f51fd8138c0>,54,15,[4 8],55,152,167,97,141
1,<environment.Job instance at 0x7f51fdb79b90>,0,21,[4 9],1,2,23,1,2
1,<environment.Job instance at 0x7f51fdb793c0>,1,3,[ 4 10],2,23,26,21,2
1,<environment.Job instance at 0x7f51fdb79870>,2,3,[2 9],3,26,29,23,3
1,<environment.Job instance at 0x7f51fdb79dc0>,4,14,[3 6],5,8,22,3,8
1,<environment.Job instance at 0x7f51fdb79190>,3,12,[5 8],4,29,41,25,12
1,<environment.Job instance at 0x7f51fe5b1730>,9,3,[8 1],10,22,25,12,12
1,<environment.Job instance at 0x7f51fdb79730>,5,13,[10  3],6,25,38,19,13
1,<environment.Job instance at 0x7f51fe5b1aa0>,11,14,[8 1],12,38,52,26,24
1,<environment.Job instance at 0x7f51fec6af50>,12,16,[7 2],13,41,57,28,28
1,<environment.Job instance at 0x7f51fec6a6e0>,13,3,[4 5],14,52,55,38,28
1,<environment.Job instance at 0x7f51fec6a7d0>,14,15,[9 5],15,57,72,42,43
1,<environment.Job instance at 0x7f51fec67230>,18,13,[1 9],19,55,68,36,43
1,<environment.Job instance at 0x7f51fec678c0>,20,14,[9 5],21,72,86,51,57
1,<environment.Job instance at 0x7f51fe5b1370>,10,18,[1 6],11,68,86,57,64
1,<environment.Job instance at 0x7f51fec67190>,23,12,[8 4],24,86,98,62,74
1,<environment.Job instance at 0x7f51fdb79460>,7,17,[7 4],8,86,103,78,74
1,<environment.Job instance at 0x7f51fec815a0>,25,18,[2 5],26,98,116,72,91
1,<environment.Job instance at 0x7f51fec81500>,26,12,[5 7],27,103,115,76,91
1,<environment.Job instance at 0x7f51fec81a00>,27,17,[7 2],28,103,120,75,91
1,<environment.Job instance at 0x7f51fec81dc0>,28,2,[5 6],29,98,100,69,91
1,<environment.Job instance at 0x7f51fec81050>,29,15,[8 5],30,116,131,86,106
1,<environment.Job instance at 0x7f51fdb79910>,6,13,[3 7],7,120,133,113,115
1,<environment.Job instance at 0x7f51fec81410>,31,1,[4 8],32,115,116,83,115
1,<environment.Job instance at 0x7f51fec81370>,32,1,[2 5],33,131,132,98,116
1,<environment.Job instance at 0x7f51fec814b0>,33,17,[9 3],34,131,148,97,121
1,<environment.Job instance at 0x7f51fec812d0>,30,26,[3 8],31,133,159,102,133
1,<environment.Job instance at 0x7f51fec67140>,22,18,[9 4],23,148,166,125,137
1,<environment.Job instance at 0x7f51fe842460>,36,17,[4 8],37,159,176,122,148
1,<environment.Job instance at 0x7f51fe5b2fa0>,0,13,[3 6],1,1,14,0,1
1,<environment.Job instance at 0x7f51fe5b27d0>,1,13,[2 6],2,2,15,0,2
1,<environment.Job instance at 0x7f51fe5b2c80>,2,3,[10  1],3,3,6,0,3
1,<environment.Job instance at 0x7f51fd6ece60>,3,3,[5 5],4,14,17,10,4
1,<environment.Job instance at 0x7f51fd6ecc30>,4,3,[2 7],5,15,18,10,5
1,<environment.Job instance at 0x7f51fd6ec8c0>,5,15,[5 2],6,6,21,0,6
1,<environment.Job instance at 0x7f51fd6ec870>,10,3,[7 5],11,17,20,6,11
1,<environment.Job instance at 0x7f51fd6ecb40>,11,3,[1 7],12,18,21,6,12
1,<environment.Job instance at 0x7f51fd6ec370>,6,1,[5 7],7,21,22,14,13
1,<environment.Job instance at 0x7f51fd6ecdc0>,14,18,[10  4],15,21,39,6,16
1,<environment.Job instance at 0x7f51fde754b0>,19,16,[8 1],20,39,55,19,26
1,<environment.Job instance at 0x7f51fde75230>,20,13,[9 3],21,55,68,34,39
1,<environment.Job instance at 0x7f51fde75640>,23,14,[5 8],24,40,54,16,40
1,<environment.Job instance at 0x7f51fd6ec500>,9,3,[7 5],10,68,71,58,43
1,<environment.Job instance at 0x7f51fde75b90>,24,14,[4 8],25,54,68,29,43
1,<environment.Job instance at 0x7f51fde756e0>,25,12,[5 2],26,68,80,42,52
1,<environment.Job instance at 0x7f51fde75690>,34,12,[3 8],35,68,80,33,52
1,<environment.Job instance at 0x7f51fd70ba50>,35,2,[5 7],36,80,82,44,55
1,<environment.Job instance at 0x7f51fd70b5a0>,39,13,[2 7],40,80,93,40,64
1,<environment.Job instance at 0x7f51fd70baa0>,41,18,[4 6],42,82,100,40,71
1,<environment.Job instance at 0x7f51fd6eca50>,15,18,[9 1],16,82,100,66,75
1,<environment.Job instance at 0x7f51fd70b230>,47,27,[1 7],48,93,120,45,91
1,<environment.Job instance at 0x7f51fd70bbe0>,48,12,[4 8],49,100,112,51,92
1,<environment.Job instance at 0x7f51fd70b8c0>,49,3,[12  2],50,112,115,62,92
1,<environment.Job instance at 0x7f51fde99e10>,50,2,[9 2],51,115,117,64,92
1,<environment.Job instance at 0x7f51fde99640>,51,13,[13  3],52,117,130,65,101
1,<environment.Job instance at 0x7f51fd70b500>,46,21,[7 5],47,130,151,83,122
1,<environment.Job instance at 0x7f51fde99d70>,53,13,[3 8],54,130,143,76,122
1,<environment.Job instance at 0x7f51fde996e0>,54,18,[1 6],55,143,161,88,132
1,<environment.Job instance at 0x7f51fde99aa0>,56,15,[5 5],57,151,166,94,137
1,<environment.Job instance at 0x7f51fde99b40>,57,16,[6 1],58,143,159,85,137
1,<environment.Job instance at 0x7f51fde99690>,59,13,[1 8],60,161,174,101,145
1,<environment.Job instance at 0x7f51fde993c0>,60,12,[8 2],61,159,171,98,145
1,<environment.Job instance at 0x7f51fdf69050>,0,2,[4 7],1,1,3,0,1
1,<environment.Job instance at 0x7f51fdf69140>,2,20,[5 6],3,3,23,0,3
1,<environment.Job instance at 0x7f51fe8782d0>,3,3,[ 4 10],4,23,26,19,4
1,<environment.Job instance at 0x7f51fdf69b40>,1,15,[7 5],2,4,19,2,4
1,<environment.Job instance at 0x7f51fdfd8320>,6,13,[7 3],7,19,32,12,7
1,<environment.Job instance at 0x7f51fdfd8e10>,9,12,[1 7],10,26,38,16,11
1,<environment.Job instance at 0x7f51fdfd8230>,7,14,[9 5],8,32,46,24,17
1,<environment.Job instance at 0x7f51fdfd8f00>,8,3,[3 9],9,38,41,29,17
1,<environment.Job instance at 0x7f51fe5ad550>,18,12,[2 8],19,41,53,22,24
1,<environment.Job instance at 0x7f51fe5adbe0>,19,16,[3 5],20,46,62,26,33
1,<environment.Job instance at 0x7f51fdfd8b90>,10,13,[4 7],11,53,66,42,38
1,<environment.Job instance at 0x7f51fe5adcd0>,22,2,[ 2 10],23,66,68,43,39
1,<environment.Job instance at 0x7f51fe5adf50>,12,14,[10  5],13,62,76,49,53
1,<environment.Job instance at 0x7f51fe5ad0a0>,24,12,[5 3],25,68,80,43,53
1,<environment.Job instance at 0x7f51fe5ad5a0>,25,2,[7 1],26,54,56,28,54
1,<environment.Job instance at 0x7f51fe5add20>,26,1,[5 8],27,76,77,49,54
1,<environment.Job instance at 0x7f51fe5ad820>,21,16,[ 3 10],22,77,93,55,64
1,<environment.Job instance at 0x7f51fe5add70>,28,13,[6 5],29,80,93,51,64
1,<environment.Job instance at 0x7f51fe5ad190>,30,18,[6 1],31,93,111,62,82
1,<environment.Job instance at 0x7f51fe8780a0>,4,13,[ 2 10],5,93,106,88,82
1,<environment.Job instance at 0x7f51fe5ad1e0>,23,16,[7 4],24,93,109,69,83
1,<environment.Job instance at 0x7f51fd7a76e0>,33,2,[2 8],34,106,108,72,83
1,<environment.Job instance at 0x7f51fd7a7be0>,32,13,[2 7],33,108,121,75,94
1,<environment.Job instance at 0x7f51fd7a7af0>,34,17,[2 5],35,109,126,74,97
1,<environment.Job instance at 0x7f51fd7a7730>,36,3,[6 2],37,111,114,74,97
1,<environment.Job instance at 0x7f51fd7a7780>,37,13,[6 1],38,114,127,76,98
1,<environment.Job instance at 0x7f51fec9de10>,38,17,[2 5],39,121,138,82,111
1,<environment.Job instance at 0x7f51fec9d140>,39,1,[4 8],40,126,127,86,111
1,<environment.Job instance at 0x7f51fec9dbe0>,40,1,[9 4],41,127,128,86,111
1,<environment.Job instance at 0x7f51fe5ad500>,27,15,[10  2],28,128,143,100,115
1,<environment.Job instance at 0x7f51fdfd8dc0>,5,17,[2 6],6,127,144,121,115
1,<environment.Job instance at 0x7f51fec9d320>,43,20,[ 2 11],44,144,164,100,135
1,<environment.Job instance at 0x7f51fec9d230>,44,2,[8 1],45,143,145,98,139
1,<environment.Job instance at 0x7f51fd756320>,45,3,[5 4],46,145,148,99,139
1,<environment.Job instance at 0x7f51fd7563c0>,46,1,[7 1],47,148,149,101,142
1,<environment.Job instance at 0x7f51fd756a00>,47,12,[ 3 12],48,164,176,116,147
1,<environment.Job instance at 0x7f51fd756460>,48,24,[9 2],49,149,173,100,147
1,<environment.Job instance at 0x7f51fe2d0190>,1,12,[ 5 10],2,2,14,0,2
1,<environment.Job instance at 0x7f51fdb2cdc0>,0,2,[4 8],1,14,16,13,2
1,<environment.Job instance at 0x7f51fd756460>,2,1,[2 8],3,16,17,13,4
1,<environment.Job instance at 0x7f51fd756b40>,3,1,[7 2],4,4,5,0,4
1,<environment.Job instance at 0x7f51fe048c80>,4,13,[11  5],5,14,27,9,5
1,<environment.Job instance at 0x7f51fe048af0>,5,2,[10  2],6,6,8,0,6
1,<environment.Job instance at 0x7f51fe048820>,6,3,[3 7],7,17,20,10,7
1,<environment.Job instance at 0x7f51fe048b90>,8,12,[5 2],9,27,39,18,10
1,<environment.Job instance at 0x7f51fe048960>,7,18,[4 9],8,20,38,12,10
1,<environment.Job instance at 0x7f51fe067a00>,9,3,[7 3],10,10,13,0,10
1,<environment.Job instance at 0x7f51fe067230>,10,1,[1 6],11,38,39,27,11
1,<environment.Job instance at 0x7f51fe03caf0>,11,1,[1 6],12,38,39,26,12
1,<environment.Job instance at 0x7f51fe03c0a0>,14,12,[9 4],15,39,51,24,22
1,<environment.Job instance at 0x7f51fe03c370>,17,18,[5 1],18,27,45,9,22
1,<environment.Job instance at 0x7f51fe03c190>,20,13,[5 8],21,45,58,24,29
1,<environment.Job instance at 0x7f51fe0539b0>,21,15,[7 4],22,51,66,29,37
1,<environment.Job instance at 0x7f51fe069be0>,24,13,[6 2],25,58,71,33,42
1,<environment.Job instance at 0x7f51fe03c870>,16,17,[1 7],17,58,75,41,49
1,<environment.Job instance at 0x7f51fe755550>,36,16,[5 6],37,66,82,29,55
1,<environment.Job instance at 0x7f51fe7555f0>,38,13,[6 3],39,75,88,36,59
1,<environment.Job instance at 0x7f51fecd4e60>,39,17,[4 9],40,82,99,42,70
1,<environment.Job instance at 0x7f51fe762b40>,42,15,[2 5],43,88,103,45,74
1,<environment.Job instance at 0x7f51fe782230>,45,15,[4 5],46,99,114,53,85
1,<environment.Job instance at 0x7f51fe782f50>,46,17,[5 2],47,99,116,52,87
1,<environment.Job instance at 0x7f51fe782f00>,47,16,[2 5],48,103,119,55,90
1,<environment.Job instance at 0x7f51fe7630f0>,49,19,[5 5],50,114,133,64,104
1,<environment.Job instance at 0x7f51fe763d70>,51,13,[3 5],52,116,129,64,104
1,<environment.Job instance at 0x7f51fe78b460>,53,15,[7 4],54,119,134,65,105
1,<environment.Job instance at 0x7f51fe78b690>,55,14,[5 5],56,133,147,77,118
1,<environment.Job instance at 0x7f51fe78bbe0>,56,16,[8 1],57,134,150,77,121
1,<environment.Job instance at 0x7f51fe78b780>,58,15,[3 6],59,147,162,88,133
1,<environment.Job instance at 0x7f51fe78b870>,59,16,[10  4],60,150,166,90,137
1,<environment.Job instance at 0x7f51fe855b40>,1,3,[3 7],2,2,5,0,2
1,<environment.Job instance at 0x7f51fe855fa0>,2,1,[ 3 10],3,5,6,2,3
1,<environment.Job instance at 0x7f51fe8554b0>,3,18,[7 5],4,4,22,0,4
1,<environment.Job instance at 0x7f51fe855140>,4,14,[5 5],5,6,20,1,5
1,<environment.Job instance at 0x7f51fe855410>,5,15,[10  3],6,22,37,16,8
1,<environment.Job instance at 0x7f51fe855e60>,8,2,[ 1 10],9,20,22,11,9
1,<environment.Job instance at 0x7f51fe855aa0>,9,13,[ 5 10],10,22,35,12,10
1,<environment.Job instance at 0x7f51fe855370>,10,12,[ 5 10],11,35,47,24,18
1,<environment.Job instance at 0x7f51fe855dc0>,7,3,[ 5 11],8,47,50,39,21
1,<environment.Job instance at 0x7f51fe8559b0>,14,3,[6 4],15,37,40,22,24
1,<environment.Job instance at 0x7f51fe855640>,13,3,[5 6],14,50,53,36,24
1,<environment.Job instance at 0x7f51fd83e3c0>,16,3,[3 8],17,50,53,33,24
1,<environment.Job instance at 0x7f51fe855460>,11,3,[6 4],12,40,43,28,25
1,<environment.Job instance at 0x7f51fe855f00>,15,2,[13  1],16,53,55,37,26
1,<environment.Job instance at 0x7f51fd83e780>,17,14,[1 6],18,53,67,35,38
1,<environment.Job instance at 0x7f51fd83e230>,21,3,[ 5 10],22,67,70,45,41
1,<environment.Job instance at 0x7f51fe855190>,12,20,[6 5],13,55,75,42,46
1,<environment.Job instance at 0x7f51fd83e410>,23,15,[7 3],24,70,85,46,56
1,<environment.Job instance at 0x7f51fd83e370>,24,2,[1 9],25,75,77,50,56
1,<environment.Job instance at 0x7f51fecaceb0>,25,15,[6 4],26,77,92,51,63
1,<environment.Job instance at 0x7f51fecac050>,26,2,[6 2],27,63,65,36,63
1,<environment.Job instance at 0x7f51fecaca50>,27,14,[14  4],28,92,106,64,77
1,<environment.Job instance at 0x7f51fecac730>,28,3,[6 4],29,85,88,56,77
1,<environment.Job instance at 0x7f51fecacd20>,29,16,[2 7],30,106,122,76,93
1,<environment.Job instance at 0x7f51fd83e910>,22,17,[5 5],23,106,123,83,95
1,<environment.Job instance at 0x7f51fecac7d0>,31,17,[2 7],32,122,139,90,112
1,<environment.Job instance at 0x7f51fecac690>,32,3,[13  3],33,123,126,90,112
1,<environment.Job instance at 0x7f51fecac550>,33,12,[ 5 11],34,139,151,105,122
1,<environment.Job instance at 0x7f51fd83e640>,19,20,[9 2],20,126,146,106,124
1,<environment.Job instance at 0x7f51fecace60>,36,13,[7 1],37,146,159,109,130
1,<environment.Job instance at 0x7f51fecacaf0>,34,15,[4 9],35,151,166,116,137
1,<environment.Job instance at 0x7f51fecac5a0>,38,16,[10  5],39,159,175,120,146
1,<environment.Job instance at 0x7f51feb78500>,0,1,[6 1],1,1,2,0,1
1,<environment.Job instance at 0x7f51fec362d0>,3,18,[4 5],4,4,22,0,4
1,<environment.Job instance at 0x7f51feb5fa50>,4,14,[5 1],5,5,19,0,5
1,<environment.Job instance at 0x7f51feb5feb0>,5,17,[10  1],6,19,36,13,8
1,<environment.Job instance at 0x7f51feb5f9b0>,8,1,[5 5],9,10,11,1,10
1,<environment.Job instance at 0x7f51feb7e140>,9,16,[7 5],10,36,52,26,23
1,<environment.Job instance at 0x7f51feb7eb40>,15,13,[8 4],16,36,49,20,23
1,<environment.Job instance at 0x7f51fec46af0>,23,15,[6 5],24,49,64,25,37
1,<environment.Job instance at 0x7f51fec46a00>,24,18,[8 5],25,52,70,27,41
1,<environment.Job instance at 0x7f51feb67960>,27,21,[1 9],28,64,85,36,56
1,<environment.Job instance at 0x7f51feb67a00>,28,17,[5 9],29,85,102,56,73
1,<environment.Job instance at 0x7f51fdecc5a0>,30,12,[2 5],31,73,85,42,73
1,<environment.Job instance at 0x7f51fdd2c640>,34,12,[8 2],35,85,97,50,73
1,<environment.Job instance at 0x7f51fdd2c6e0>,37,12,[5 3],38,97,109,59,80
1,<environment.Job instance at 0x7f51feb7ef00>,12,16,[ 3 10],13,102,118,89,91
1,<environment.Job instance at 0x7f51fd92c320>,44,1,[4 7],45,118,119,73,91
1,<environment.Job instance at 0x7f51fdeac690>,45,17,[2 5],46,109,126,63,97
1,<environment.Job instance at 0x7f51fd92cbe0>,46,16,[5 3],47,118,134,71,105
1,<environment.Job instance at 0x7f51fded86e0>,47,12,[3 7],48,119,131,71,105
1,<environment.Job instance at 0x7f51fd94c190>,48,13,[9 5],49,131,144,82,115
1,<environment.Job instance at 0x7f51fd94ca00>,49,15,[8 1],50,144,159,94,131
1,<environment.Job instance at 0x7f51feb80050>,50,15,[ 1 11],51,144,159,93,133
1,<environment.Job instance at 0x7f51fd960fa0>,51,3,[10  4],52,159,162,107,133
1,<environment.Job instance at 0x7f51fe860f00>,1,13,[9 1],2,2,15,0,2
1,<environment.Job instance at 0x7f51fd9605a0>,2,15,[9 4],3,15,30,12,3
1,<environment.Job instance at 0x7f51fe22e1e0>,0,2,[ 1 14],1,5,7,4,5
1,<environment.Job instance at 0x7f51fe22e5f0>,4,2,[7 2],5,30,32,25,5
1,<environment.Job instance at 0x7f51fd960fa0>,5,3,[9 5],6,32,35,26,6
1,<environment.Job instance at 0x7f51fe22efa0>,6,16,[2 7],7,7,23,0,7
1,<environment.Job instance at 0x7f51fe22e230>,8,12,[6 4],9,23,35,14,9
1,<environment.Job instance at 0x7f51fe22e690>,12,12,[7 1],13,35,47,22,19
1,<environment.Job instance at 0x7f51fe22e820>,14,1,[10  1],15,47,48,32,20
1,<environment.Job instance at 0x7f51fe22ed20>,9,14,[1 9],10,35,49,25,20
1,<environment.Job instance at 0x7f51fe22e5a0>,16,2,[ 4 10],17,49,51,32,22
1,<environment.Job instance at 0x7f51fe22e3c0>,17,3,[4 5],18,35,38,17,22
1,<environment.Job instance at 0x7f51fe22e8c0>,11,18,[9 3],12,48,66,36,37
1,<environment.Job instance at 0x7f51fe22edc0>,15,12,[ 3 10],16,51,63,35,38
1,<environment.Job instance at 0x7f51fe6bf050>,21,1,[3 5],22,41,42,19,41
1,<environment.Job instance at 0x7f51fe6bf910>,22,2,[ 2 10],23,63,65,40,41
1,<environment.Job instance at 0x7f51fe6bf820>,23,1,[6 5],24,44,45,20,44
1,<environment.Job instance at 0x7f51fe22e050>,20,18,[2 7],21,65,83,44,54
1,<environment.Job instance at 0x7f51fe6bf320>,25,12,[8 5],26,66,78,40,54
1,<environment.Job instance at 0x7f51fe22ef00>,7,15,[4 8],8,78,93,70,64
1,<environment.Job instance at 0x7f51fe6bf1e0>,30,18,[10  1],31,83,101,52,73
1,<environment.Job instance at 0x7f51fe6bf6e0>,32,13,[10  5],33,101,114,68,85
1,<environment.Job instance at 0x7f51fe6bf640>,36,15,[2 6],37,93,108,56,85
1,<environment.Job instance at 0x7f51fe1204b0>,37,18,[ 4 10],38,108,126,70,98
1,<environment.Job instance at 0x7f51fe1208c0>,41,13,[5 5],42,114,127,72,98
1,<environment.Job instance at 0x7f51fe120320>,42,17,[8 5],43,126,143,83,114
1,<environment.Job instance at 0x7f51fe120a50>,45,12,[3 9],46,127,139,81,114
1,<environment.Job instance at 0x7f51fe1209b0>,46,13,[2 9],47,139,152,92,123
1,<environment.Job instance at 0x7f51fe1200f0>,49,14,[10  4],50,143,157,93,134
1,<environment.Job instance at 0x7f51fe2a80f0>,56,15,[10  5],57,157,172,100,143
1,<environment.Job instance at 0x7f51fd5afe10>,0,17,[5 2],1,1,18,0,1
1,<environment.Job instance at 0x7f51fe2a8280>,1,2,[5 3],2,3,5,1,3
1,<environment.Job instance at 0x7f51fd5afdc0>,3,13,[ 3 10],4,4,17,0,4
1,<environment.Job instance at 0x7f51fe2a80f0>,2,2,[2 8],3,17,19,14,4
1,<environment.Job instance at 0x7f51fd5afc80>,5,18,[3 5],6,17,35,11,6
1,<environment.Job instance at 0x7f51fd5af640>,6,2,[10  2],7,18,20,11,7
1,<environment.Job instance at 0x7f51fd5af050>,4,18,[2 8],5,19,37,14,8
1,<environment.Job instance at 0x7f51fd5af370>,8,3,[4 6],9,35,38,26,9
1,<environment.Job instance at 0x7f51fd5af820>,10,3,[7 2],11,11,14,0,11
1,<environment.Job instance at 0x7f51fd519820>,11,1,[8 4],12,37,38,25,12
1,<environment.Job instance at 0x7f51fd519fa0>,9,3,[14  1],10,38,41,28,12
1,<environment.Job instance at 0x7f51fd519b40>,15,2,[10  1],16,20,22,4,17
1,<environment.Job instance at 0x7f51fd519140>,14,17,[9 2],15,41,58,26,29
1,<environment.Job instance at 0x7f51fd519aa0>,17,17,[5 2],18,41,58,23,29
1,<environment.Job instance at 0x7f51fd519870>,22,2,[6 2],23,29,31,6,29
1,<environment.Job instance at 0x7f51fd519690>,25,13,[5 5],26,58,71,32,42
1,<environment.Job instance at 0x7f51fd5b3be0>,26,19,[4 5],27,58,77,31,48
1,<environment.Job instance at 0x7f51fd5b3c80>,29,12,[6 4],30,58,70,28,48
1,<environment.Job instance at 0x7f51fd5b3c30>,31,18,[6 2],32,70,88,38,59
1,<environment.Job instance at 0x7f51fd5b3820>,32,22,[5 5],33,71,93,38,64
1,<environment.Job instance at 0x7f51fd5b32d0>,33,16,[1 5],34,77,93,43,64
1,<environment.Job instance at 0x7f51fd5b3dc0>,35,12,[3 9],36,93,105,57,76
1,<environment.Job instance at 0x7f51fd5b35f0>,38,12,[3 6],39,93,105,54,80
1,<environment.Job instance at 0x7f51fd5b3050>,39,17,[7 3],40,105,122,65,93
1,<environment.Job instance at 0x7f51fd5b3eb0>,40,14,[2 8],41,105,119,64,93
1,<environment.Job instance at 0x7f51fd5b3e60>,42,15,[8 2],43,119,134,76,105
1,<environment.Job instance at 0x7f51fd5b3320>,43,13,[3 9],44,122,135,78,106
1,<environment.Job instance at 0x7f51fd627320>,49,15,[8 4],50,134,149,84,120
1,<environment.Job instance at 0x7f51fd6277d0>,50,12,[9 4],51,149,161,98,132
1,<environment.Job instance at 0x7f51fd627780>,51,18,[1 7],52,135,153,83,132
1,<environment.Job instance at 0x7f51fd6275a0>,52,18,[2 9],53,153,171,100,142
1,<environment.Job instance at 0x7f51fd806500>,0,3,[3 5],1,1,4,0,1
1,<environment.Job instance at 0x7f51fd627f50>,1,2,[ 1 11],2,4,6,2,2
1,<environment.Job instance at 0x7f51fd806230>,2,2,[10  2],3,3,5,0,3
1,<environment.Job instance at 0x7f51fd806960>,4,3,[5 8],5,6,9,1,5
1,<environment.Job instance at 0x7f51fdae55a0>,5,16,[5 1],6,6,22,0,6
1,<environment.Job instance at 0x7f51fdae5780>,6,17,[1 5],7,7,24,0,7
1,<environment.Job instance at 0x7f51fdae5820>,7,13,[2 8],8,9,22,1,8
1,<environment.Job instance at 0x7f51fdae5c30>,8,12,[3 9],9,22,34,13,9
1,<environment.Job instance at 0x7f51fdae5a00>,9,3,[7 2],10,24,27,14,10
1,<environment.Job instance at 0x7f51fdae5050>,13,1,[9 1],14,22,23,8,14
1,<environment.Job instance at 0x7f51fdae5640>,14,2,[3 7],15,34,36,19,15
1,<environment.Job instance at 0x7f51fdae5730>,11,12,[8 2],12,27,39,15,16
1,<environment.Job instance at 0x7f51fdae55f0>,16,15,[1 8],17,36,51,19,22
1,<environment.Job instance at 0x7f51fdae5b90>,21,18,[7 2],22,39,57,17,28
1,<environment.Job instance at 0x7f51fdae59b0>,12,15,[5 4],13,36,51,23,30
1,<environment.Job instance at 0x7f51fe0b4cd0>,24,14,[ 1 10],25,51,65,26,36
1,<environment.Job instance at 0x7f51fe0b4f50>,26,20,[5 4],27,57,77,30,48
1,<environment.Job instance at 0x7f51fe0b49b0>,31,18,[3 9],32,65,83,33,54
1,<environment.Job instance at 0x7f51fe0b4aa0>,34,15,[10  3],35,77,92,42,63
1,<environment.Job instance at 0x7f51fe0b40f0>,35,18,[1 8],36,83,101,47,73
1,<environment.Job instance at 0x7f51fe0b4af0>,36,3,[1 5],37,92,95,55,73
1,<environment.Job instance at 0x7f51fdae5230>,15,15,[11  3],16,95,110,79,83
1,<environment.Job instance at 0x7f51fe0b4a50>,38,18,[3 9],39,101,119,62,90
1,<environment.Job instance at 0x7f51fe0b4730>,39,15,[ 1 10],40,119,134,79,105
1,<environment.Job instance at 0x7f51fe0b4910>,40,13,[ 3 10],41,134,147,93,118
1,<environment.Job instance at 0x7f51fe679050>,41,13,[8 5],42,118,131,76,118
1,<environment.Job instance at 0x7f51fe6790a0>,42,17,[10  2],43,131,148,88,122
1,<environment.Job instance at 0x7f51fe679780>,43,3,[9 1],44,148,151,104,122
1,<environment.Job instance at 0x7f51fe0b4f00>,37,15,[4 8],38,147,162,109,135
1,<environment.Job instance at 0x7f51fe679910>,45,14,[5 3],46,151,165,105,136
1,<environment.Job instance at 0x7f51fe6791e0>,48,15,[3 6],49,162,177,113,148
1,<environment.Job instance at 0x7f51fe2b42d0>,0,2,[10  3],1,1,3,0,1
1,<environment.Job instance at 0x7f51fe679370>,1,13,[2 5],2,2,15,0,2
1,<environment.Job instance at 0x7f51fe6791e0>,3,21,[3 8],4,4,25,0,4
1,<environment.Job instance at 0x7f51fe2b4910>,4,1,[5 5],5,15,16,10,5
1,<environment.Job instance at 0x7f51fe2b4a00>,5,1,[7 4],6,16,17,10,6
1,<environment.Job instance at 0x7f51fe2b4a50>,6,3,[7 4],7,17,20,10,7
1,<environment.Job instance at 0x7f51febdf4b0>,7,1,[3 7],8,20,21,12,8
1,<environment.Job instance at 0x7f51febdf690>,8,1,[2 5],9,21,22,12,9
1,<environment.Job instance at 0x7f51febdf550>,9,2,[2 6],10,22,24,12,10
1,<environment.Job instance at 0x7f51febdfcd0>,10,3,[9 5],11,24,27,13,11
1,<environment.Job instance at 0x7f51febdf1e0>,11,1,[8 2],12,14,15,2,14
1,<environment.Job instance at 0x7f51febdf820>,12,18,[6 5],13,25,43,12,16
1,<environment.Job instance at 0x7f51fe2b4780>,2,18,[1 7],3,27,45,24,16
1,<environment.Job instance at 0x7f51febdf230>,22,12,[1 8],23,43,55,20,26
1,<environment.Job instance at 0x7f51febdf9b0>,24,17,[8 5],25,45,62,20,33
1,<environment.Job instance at 0x7f51febdfe60>,16,13,[2 8],17,55,68,38,39
1,<environment.Job instance at 0x7f5207512c30>,27,1,[10  2],28,62,63,34,39
1,<environment.Job instance at 0x7f5207512aa0>,28,3,[6 3],29,39,42,10,39
1,<environment.Job instance at 0x7f5207512370>,26,14,[9 2],27,63,77,36,48
1,<environment.Job instance at 0x7f5207512230>,30,15,[6 4],31,68,83,37,54
1,<environment.Job instance at 0x7f5207512780>,31,17,[5 1],32,77,94,45,65
1,<environment.Job instance at 0x7f52075127d0>,33,16,[6 5],34,83,99,49,70
1,<environment.Job instance at 0x7f51febdf6e0>,15,18,[2 9],16,77,95,61,70
1,<environment.Job instance at 0x7f52075124b0>,29,17,[3 9],30,95,112,65,83
1,<environment.Job instance at 0x7f5207512500>,36,3,[5 2],37,99,102,62,83
1,<environment.Job instance at 0x7f5207512550>,37,2,[10  3],38,102,104,64,83
1,<environment.Job instance at 0x7f52075123c0>,38,13,[5 4],39,104,117,65,88
1,<environment.Job instance at 0x7f5207512190>,35,15,[5 5],36,112,127,76,98
1,<environment.Job instance at 0x7f5207512eb0>,40,13,[3 6],41,112,125,71,98
1,<environment.Job instance at 0x7f52075128c0>,34,14,[10  4],35,125,139,90,110
1,<environment.Job instance at 0x7f51fdd33be0>,44,12,[5 7],45,127,139,82,111
1,<environment.Job instance at 0x7f5207512960>,41,15,[13  4],42,139,154,97,125
1,<environment.Job instance at 0x7f51fdd33550>,46,1,[6 4],47,154,155,107,126
1,<environment.Job instance at 0x7f51fdd33c80>,47,27,[2 6],48,139,166,91,137
1,<environment.Job instance at 0x7f51febdf7d0>,13,14,[8 4],14,155,169,141,141
1,<environment.Job instance at 0x7f51fd4391e0>,0,1,[7 3],1,1,2,0,1
1,<environment.Job instance at 0x7f51febdf7d0>,2,16,[10  5],3,3,19,0,3
1,<environment.Job instance at 0x7f51fd439eb0>,5,13,[5 6],6,6,19,0,6
1,<environment.Job instance at 0x7f51fdf5f9b0>,6,12,[1 8],7,19,31,12,7
1,<environment.Job instance at 0x7f51fdf5fdc0>,7,17,[2 6],8,19,36,11,8
1,<environment.Job instance at 0x7f51fdf5f460>,8,2,[7 5],9,31,33,22,9
1,<environment.Job instance at 0x7f51fd4395a0>,10,3,[5 5],11,33,36,22,13
1,<environment.Job instance at 0x7f51fdf5f320>,12,1,[10  3],13,36,37,23,14
1,<environment.Job instance at 0x7f51fdf5f870>,13,14,[9 4],14,37,51,23,22
1,<environment.Job instance at 0x7f51fdf5f1e0>,15,12,[2 7],16,36,48,20,22
1,<environment.Job instance at 0x7f51fdf5f280>,11,2,[5 7],12,48,50,36,23
1,<environment.Job instance at 0x7f51fdf5f780>,17,3,[9 5],18,51,54,33,27
1,<environment.Job instance at 0x7f51fdf5f2d0>,16,13,[5 1],17,50,63,33,34
1,<environment.Job instance at 0x7f51fe33ecd0>,18,3,[7 1],19,54,57,35,37
1,<environment.Job instance at 0x7f51fe33e460>,19,14,[ 5 10],20,57,71,37,42
1,<environment.Job instance at 0x7f51fe33e050>,21,17,[ 1 10],22,71,88,49,59
1,<environment.Job instance at 0x7f51fe33e0f0>,23,3,[1 7],24,88,91,64,62
1,<environment.Job instance at 0x7f51fe33e230>,24,13,[2 7],25,88,101,63,72
1,<environment.Job instance at 0x7f51fe33ed20>,25,13,[3 6],26,91,104,65,75
1,<environment.Job instance at 0x7f51fe33e3c0>,26,13,[1 5],27,75,88,48,75
1,<environment.Job instance at 0x7f51fe33e6e0>,27,13,[7 5],28,101,114,73,85
1,<environment.Job instance at 0x7f51fe33eb90>,28,21,[5 7],29,104,125,75,96
1,<environment.Job instance at 0x7f51fe33e780>,30,23,[2 5],31,114,137,83,108
1,<environment.Job instance at 0x7f51fe33ec80>,31,13,[6 3],32,114,127,82,108
1,<environment.Job instance at 0x7f51fe33e9b0>,33,12,[8 1],34,127,139,93,110
1,<environment.Job instance at 0x7f51fd6b63c0>,34,12,[ 3 10],35,137,149,102,120
1,<environment.Job instance at 0x7f51fd6b6cd0>,35,13,[3 9],36,149,162,113,133
1,<environment.Job instance at 0x7f51fd6b6910>,38,13,[7 1],39,139,152,100,133
1,<environment.Job instance at 0x7f51fd6b6af0>,39,12,[4 7],40,162,174,122,145
1,<environment.Job instance at 0x7f51fd6b6e60>,41,17,[5 6],42,152,169,110,145
1,<environment.Job instance at 0x7f51fd6b67d0>,42,3,[4 8],43,169,172,126,145
1,<environment.Job instance at 0x7f51fdf2af00>,1,15,[1 9],2,2,17,0,2
1,<environment.Job instance at 0x7f51fdf95280>,0,24,[5 2],1,2,26,1,2
1,<environment.Job instance at 0x7f51fe775b40>,3,16,[2 6],4,17,33,13,4
1,<environment.Job instance at 0x7f51fe775e10>,4,13,[5 4],5,5,18,0,5
1,<environment.Job instance at 0x7f51fe775aa0>,5,12,[1 8],6,26,38,20,9
1,<environment.Job instance at 0x7f51fe7751e0>,8,1,[4 9],9,38,39,29,11
1,<environment.Job instance at 0x7f51fe775f50>,9,2,[3 5],10,18,20,8,11
1,<environment.Job instance at 0x7f51fe7757d0>,11,2,[10  2],12,33,35,21,12
1,<environment.Job instance at 0x7f51fe775e60>,10,18,[8 5],11,35,53,24,24
1,<environment.Job instance at 0x7f51fe2765a0>,16,12,[ 1 10],17,39,51,22,24
1,<environment.Job instance at 0x7f51fe276e60>,17,17,[1 5],18,51,68,33,39
1,<environment.Job instance at 0x7f51fe2765f0>,18,12,[1 5],19,51,63,32,39
1,<environment.Job instance at 0x7f51fe276190>,21,14,[3 7],22,63,77,41,48
1,<environment.Job instance at 0x7f51fe276410>,23,16,[8 2],24,53,69,29,48
1,<environment.Job instance at 0x7f51fe276cd0>,24,12,[5 2],25,69,81,44,52
1,<environment.Job instance at 0x7f51fe276140>,25,19,[4 7],26,77,96,51,67
1,<environment.Job instance at 0x7f51fe276730>,28,21,[8 5],29,81,102,52,73
1,<environment.Job instance at 0x7f51fe276910>,31,16,[1 7],32,96,112,64,83
1,<environment.Job instance at 0x7f51fe276b40>,32,15,[6 3],33,96,111,63,83
1,<environment.Job instance at 0x7f51fe2769b0>,34,18,[ 5 10],35,112,130,77,101
1,<environment.Job instance at 0x7f51fe783870>,35,20,[10  5],36,111,131,75,102
1,<environment.Job instance at 0x7f51fe783460>,37,19,[8 5],38,131,150,93,121
1,<environment.Job instance at 0x7f51fe783190>,38,15,[2 5],39,130,145,91,121
1,<environment.Job instance at 0x7f51fe7835f0>,45,15,[5 1],46,131,146,85,121
1,<environment.Job instance at 0x7f51fe7830a0>,49,15,[5 5],50,146,161,96,132
1,<environment.Job instance at 0x7f51fe783fa0>,50,14,[9 5],51,150,164,99,135
1,<environment.Job instance at 0x7f51fe863d70>,56,13,[ 3 10],57,161,174,104,145
1,<environment.Job instance at 0x7f51fd7495f0>,0,17,[ 5 10],1,1,18,0,1
1,<environment.Job instance at 0x7f51fe863cd0>,1,12,[ 4 11],2,18,30,16,2
1,<environment.Job instance at 0x7f51fd7496e0>,4,14,[7 4],5,6,20,1,6
1,<environment.Job instance at 0x7f51fd7491e0>,6,13,[8 5],7,30,43,23,14
1,<environment.Job instance at 0x7f51fd749d70>,11,1,[9 2],12,20,21,8,14
1,<environment.Job instance at 0x7f51fd7494b0>,12,18,[4 7],13,30,48,17,19
1,<environment.Job instance at 0x7f51fd749140>,13,12,[8 3],14,43,55,29,26
1,<environment.Job instance at 0x7f51feb3eaa0>,14,19,[3 5],15,43,62,28,33
1,<environment.Job instance at 0x7f51fd749e60>,15,22,[1 8],16,55,77,39,48
1,<environment.Job instance at 0x7f51feb3ee60>,16,2,[3 9],17,77,79,60,50
1,<environment.Job instance at 0x7f51feb3e690>,17,23,[2 9],18,79,102,61,73
1,<environment.Job instance at 0x7f51feb3eaf0>,18,2,[5 6],19,73,75,54,73
1,<environment.Job instance at 0x7f51feb3ed20>,19,15,[10  5],20,75,90,55,73
1,<environment.Job instance at 0x7f51fd749be0>,7,14,[10  4],8,90,104,82,81
1,<environment.Job instance at 0x7f51feb3e190>,21,2,[4 7],22,102,104,80,81
1,<environment.Job instance at 0x7f51feb3ed70>,22,1,[ 3 10],23,104,105,81,81
1,<environment.Job instance at 0x7f51feb3e280>,23,2,[7 5],24,104,106,80,81
1,<environment.Job instance at 0x7f51feb3e870>,24,3,[3 8],25,105,108,80,81
1,<environment.Job instance at 0x7f51feb3e910>,25,16,[6 1],26,106,122,80,93
1,<environment.Job instance at 0x7f51fe5e6b40>,26,2,[2 9],27,108,110,81,93
1,<environment.Job instance at 0x7f51feb3e140>,27,1,[4 8],28,110,111,82,93
1,<environment.Job instance at 0x7f51fd7492d0>,2,16,[4 7],3,111,127,108,98
1,<environment.Job instance at 0x7f51fe5e6690>,29,3,[ 5 10],30,127,130,97,101
1,<environment.Job instance at 0x7f51feb3e370>,20,20,[10  1],21,122,142,101,113
1,<environment.Job instance at 0x7f51fe5e6af0>,33,3,[5 5],34,113,116,79,113
1,<environment.Job instance at 0x7f51fe5e6410>,37,18,[4 5],38,130,148,92,119
1,<environment.Job instance at 0x7f51fe5e6f00>,38,13,[2 8],39,142,155,103,126
1,<environment.Job instance at 0x7f51fe5e6dc0>,39,12,[4 8],40,155,167,115,138
1,<environment.Job instance at 0x7f51fe5e68c0>,40,3,[9 5],41,148,151,107,138
1,<environment.Job instance at 0x7f51fd46b370>,41,16,[10  4],42,151,167,109,138
1,<environment.Job instance at 0x7f51fec975f0>,0,15,[ 5 10],1,1,16,0,1
1,<environment.Job instance at 0x7f51fec97370>,1,14,[ 4 10],2,16,30,14,2
1,<environment.Job instance at 0x7f51fec97f50>,2,3,[3 6],3,30,33,27,4
1,<environment.Job instance at 0x7f51fec97050>,3,17,[10  1],4,5,22,1,5
1,<environment.Job instance at 0x7f51fec97be0>,8,3,[ 4 12],9,33,36,24,10
1,<environment.Job instance at 0x7f51fec62870>,10,17,[5 1],11,22,39,11,12
1,<environment.Job instance at 0x7f51fec8a9b0>,11,14,[5 1],12,22,36,10,12
1,<environment.Job instance at 0x7f51fec62820>,12,3,[5 1],13,36,39,23,13
1,<environment.Job instance at 0x7f51fec62500>,9,13,[8 2],10,39,52,29,23
1,<environment.Job instance at 0x7f51fec97820>,7,3,[3 5],8,36,39,28,24
1,<environment.Job instance at 0x7f51fec62550>,15,12,[4 5],16,39,51,23,24
1,<environment.Job instance at 0x7f51fe71faa0>,16,1,[3 8],17,39,40,22,24
1,<environment.Job instance at 0x7f51fe71fc30>,17,2,[5 6],18,51,53,33,24
1,<environment.Job instance at 0x7f51fe71fd20>,18,2,[8 1],19,52,54,33,27
1,<environment.Job instance at 0x7f51fec62e10>,14,17,[ 3 10],15,53,70,38,41
1,<environment.Job instance at 0x7f51fe71f280>,22,14,[5 9],23,70,84,47,55
1,<environment.Job instance at 0x7f51fe71f4b0>,24,12,[5 8],25,84,96,59,67
1,<environment.Job instance at 0x7f51fec802d0>,26,17,[10  1],27,67,84,40,67
1,<environment.Job instance at 0x7f51fec801e0>,28,15,[2 7],29,84,99,55,70
1,<environment.Job instance at 0x7f51fec804b0>,30,16,[1 6],31,96,112,65,83
1,<environment.Job instance at 0x7f51fec62050>,13,16,[1 9],14,99,115,85,88
1,<environment.Job instance at 0x7f51fec805f0>,31,18,[10  5],32,112,130,80,101
1,<environment.Job instance at 0x7f51fdddf780>,32,18,[2 9],33,115,133,82,105
1,<environment.Job instance at 0x7f51fdddf910>,35,3,[5 1],36,130,133,94,105
1,<environment.Job instance at 0x7f51fdddf190>,36,16,[2 9],37,133,149,96,121
1,<environment.Job instance at 0x7f51fdddfa00>,37,3,[ 1 10],38,149,152,111,123
1,<environment.Job instance at 0x7f51febb0cd0>,38,1,[9 4],39,133,134,94,123
1,<environment.Job instance at 0x7f51fdddfb40>,34,21,[9 4],35,134,155,99,129
1,<environment.Job instance at 0x7f51febb0050>,42,13,[6 1],43,152,165,109,136
1,<environment.Job instance at 0x7f51febb08c0>,39,16,[3 9],40,155,171,115,143
1,<environment.Job instance at 0x7f51fec358c0>,49,3,[6 4],50,155,158,105,143
1,<environment.Job instance at 0x7f51fd52f780>,0,12,[3 9],1,1,13,0,1
1,<environment.Job instance at 0x7f51fd52f730>,1,2,[ 4 14],2,13,15,11,3
1,<environment.Job instance at 0x7f51fd52f960>,2,1,[3 5],3,3,4,0,3
1,<environment.Job instance at 0x7f51fd52fa50>,3,1,[13  4],4,15,16,11,4
1,<environment.Job instance at 0x7f51fd52f820>,4,15,[5 8],5,16,31,11,5
1,<environment.Job instance at 0x7f51fd52f320>,8,15,[8 1],9,16,31,7,9
1,<environment.Job instance at 0x7f51fdb568c0>,10,15,[2 8],11,31,46,20,17
1,<environment.Job instance at 0x7f51fdb56b40>,13,17,[10  3],14,31,48,17,19
1,<environment.Job instance at 0x7f51fd52f9b0>,11,2,[2 9],12,46,48,34,19
1,<environment.Job instance at 0x7f51fdb56fa0>,12,17,[7 1],13,48,65,35,38
1,<environment.Job instance at 0x7f51fd52faf0>,6,22,[2 9],7,48,70,41,45
1,<environment.Job instance at 0x7f51fdb560f0>,16,14,[6 5],17,54,68,37,54
1,<environment.Job instance at 0x7f51fdb56c80>,18,1,[9 4],19,68,69,49,54
1,<environment.Job instance at 0x7f51fdb56820>,19,2,[4 7],20,70,72,50,54
1,<environment.Job instance at 0x7f51fdb56cd0>,20,2,[2 6],21,69,71,48,54
1,<environment.Job instance at 0x7f51feb12be0>,21,13,[1 9],22,72,85,50,56
1,<environment.Job instance at 0x7f51feb12690>,22,15,[5 2],23,70,85,47,56
1,<environment.Job instance at 0x7f51fda53410>,23,2,[3 8],24,85,87,61,58
1,<environment.Job instance at 0x7f51fdb56050>,14,18,[5 9],15,87,105,72,76
1,<environment.Job instance at 0x7f51fda530a0>,26,16,[7 5],27,85,101,58,76
1,<environment.Job instance at 0x7f51fda53320>,29,18,[9 2],30,101,119,71,90
1,<environment.Job instance at 0x7f51fda53fa0>,32,12,[7 4],33,119,131,86,102
1,<environment.Job instance at 0x7f51fda53aa0>,34,20,[5 1],35,116,136,81,116
1,<environment.Job instance at 0x7f51fda53550>,35,12,[10  4],36,131,143,95,116
1,<environment.Job instance at 0x7f51fd3c5460>,40,17,[2 9],41,136,153,95,125
1,<environment.Job instance at 0x7f51fd3c5c80>,48,14,[3 5],49,143,157,94,128
1,<environment.Job instance at 0x7f51fdb56370>,15,26,[10  1],16,143,169,127,140
1,<environment.Job instance at 0x7f51fdb47c80>,54,2,[4 9],55,157,159,102,140
1,<environment.Job instance at 0x7f51fdb476e0>,53,16,[1 8],54,159,175,105,146
1,<environment.Job instance at 0x7f520758dbe0>,1,15,[1 7],2,2,17,0,2
1,<environment.Job instance at 0x7f51fdb47410>,2,2,[5 7],3,5,7,2,5
1,<environment.Job instance at 0x7f51fdb7faa0>,12,1,[5 8],13,13,14,0,13
1,<environment.Job instance at 0x7f51fdb7fd70>,11,14,[8 5],12,14,28,2,14
1,<environment.Job instance at 0x7f51fdb6c190>,15,14,[3 5],16,17,31,1,16
1,<environment.Job instance at 0x7f51fdb6c320>,17,3,[7 4],18,28,31,10,18
1,<environment.Job instance at 0x7f51fdb6c0f0>,18,17,[5 9],19,31,48,12,19
1,<environment.Job instance at 0x7f51fdb7f910>,4,14,[7 4],5,31,45,26,23
1,<environment.Job instance at 0x7f51fdb6c3c0>,21,14,[4 9],22,48,62,26,33
1,<environment.Job instance at 0x7f51fdb6c820>,23,14,[9 2],24,45,59,21,33
1,<environment.Job instance at 0x7f51fdb6c9b0>,26,15,[8 4],27,59,74,32,45
1,<environment.Job instance at 0x7f51fe24f4b0>,0,17,[2 9],1,62,79,61,50
1,<environment.Job instance at 0x7f51fdb6caf0>,28,3,[11  3],29,74,77,45,50
1,<environment.Job instance at 0x7f51fdb6cb90>,29,12,[4 5],30,77,89,47,60
1,<environment.Job instance at 0x7f51fdb7feb0>,13,14,[ 5 10],14,79,93,65,69
1,<environment.Job instance at 0x7f51fdb6ccd0>,31,3,[10  2],32,89,92,57,69
1,<environment.Job instance at 0x7f51fdb6cd70>,32,2,[8 2],33,92,94,59,69
1,<environment.Job instance at 0x7f51fdb6ce60>,33,3,[5 6],34,93,96,59,69
1,<environment.Job instance at 0x7f51fdb6ceb0>,34,1,[ 2 13],35,96,97,61,69
1,<environment.Job instance at 0x7f51fdb6ca50>,27,21,[9 3],28,97,118,69,89
1,<environment.Job instance at 0x7f51fdb6cf00>,36,16,[3 7],37,97,113,60,89
1,<environment.Job instance at 0x7f51fdb93370>,39,15,[9 4],40,118,133,78,104
1,<environment.Job instance at 0x7f51fdb93410>,40,16,[1 8],41,113,129,72,104
1,<environment.Job instance at 0x7f51fdb935f0>,43,12,[6 2],44,129,141,85,112
1,<environment.Job instance at 0x7f51fdb93690>,44,13,[4 9],45,133,146,88,117
1,<environment.Job instance at 0x7f51fdb93780>,45,18,[6 1],46,141,159,95,130
1,<environment.Job instance at 0x7f51fdb936e0>,46,17,[7 4],47,146,163,99,134
1,<environment.Job instance at 0x7f51fdb93af0>,50,12,[5 2],51,134,146,83,134
1,<environment.Job instance at 0x7f51fdb93c80>,51,17,[5 2],52,159,176,107,147
1,<environment.Job instance at 0x7f51fdb93640>,52,14,[2 5],53,147,161,94,147
1,<environment.Job instance at 0x7f51fdb93cd0>,53,15,[5 9],54,163,178,109,149
1,<environment.Job instance at 0x7f3a3a5b1320>,1,1,[3 7],2,2,3,0,2
1,<environment.Job instance at 0x7f3a30e39460>,2,13,[10  1],3,3,16,0,3
1,<environment.Job instance at 0x7f3a30e39640>,3,17,[ 5 10],4,4,21,0,4
1,<environment.Job instance at 0x7f3a30e39730>,4,1,[5 6],5,21,22,16,5
1,<environment.Job instance at 0x7f3a30e39820>,5,12,[1 7],6,21,33,15,6
1,<environment.Job instance at 0x7f3a30e39910>,6,1,[9 5],7,16,17,9,7
1,<environment.Job instance at 0x7f3a30e399b0>,7,16,[5 8],8,22,38,14,9
1,<environment.Job instance at 0x7f3a30e39be0>,11,3,[5 5],12,17,20,5,12
1,<environment.Job instance at 0x7f3a3a5b11e0>,8,16,[1 8],9,38,54,29,25
1,<environment.Job instance at 0x7f3a30e39d70>,13,15,[7 4],14,33,48,19,25
1,<environment.Job instance at 0x7f3a30e39e10>,14,18,[1 6],15,48,66,33,37
1,<environment.Job instance at 0x7f3a30e39f00>,15,16,[5 5],16,54,70,38,41
1,<environment.Job instance at 0x7f3a30e3b0a0>,18,12,[1 8],19,66,78,47,49
1,<environment.Job instance at 0x7f3a30e39b90>,10,12,[5 5],11,70,82,59,57
1,<environment.Job instance at 0x7f3a30e3b2d0>,21,1,[6 4],22,57,58,35,57
1,<environment.Job instance at 0x7f3a30e3b370>,22,1,[12  1],23,82,83,59,57
1,<environment.Job instance at 0x7f3a30e3b230>,20,14,[4 8],21,83,97,62,68
1,<environment.Job instance at 0x7f3a30e3b4b0>,24,2,[6 5],25,78,80,53,68
1,<environment.Job instance at 0x7f3a30e3b6e0>,26,16,[9 1],27,83,99,56,70
1,<environment.Job instance at 0x7f3a30e3b9b0>,29,18,[5 1],30,97,115,67,86
1,<environment.Job instance at 0x7f3a30e3ba50>,30,3,[6 5],31,99,102,68,86
1,<environment.Job instance at 0x7f3a30e3baf0>,31,15,[5 5],32,102,117,70,88
1,<environment.Job instance at 0x7f3a30e3bc30>,33,15,[5 3],34,102,117,68,88
1,<environment.Job instance at 0x7f3a30e3bcd0>,34,19,[3 7],35,115,134,80,105
1,<environment.Job instance at 0x7f3a30e3bd70>,35,1,[9 1],36,117,118,81,105
1,<environment.Job instance at 0x7f3a30e3be10>,36,13,[7 1],37,118,131,81,105
1,<environment.Job instance at 0x7f3a30e3b7d0>,37,2,[8 4],38,131,133,93,105
1,<environment.Job instance at 0x7f3a30e3b780>,38,12,[5 4],39,118,130,79,105
1,<environment.Job instance at 0x7f3a30e3bf00>,39,1,[2 7],40,117,118,77,105
1,<environment.Job instance at 0x7f3a30e3f050>,40,12,[10  2],41,133,145,92,116
1,<environment.Job instance at 0x7f3a30e39cd0>,12,17,[1 8],13,134,151,121,122
1,<environment.Job instance at 0x7f3a30e39a50>,9,16,[4 5],10,134,150,124,122
1,<environment.Job instance at 0x7f3a30e3f3c0>,44,14,[7 1],45,145,159,100,130
1,<environment.Job instance at 0x7f3a30e3f460>,45,2,[9 3],46,159,161,113,132
1,<environment.Job instance at 0x7f3a30e3f500>,46,18,[2 7],47,151,169,104,141
1,<environment.Job instance at 0x7f3a30e3f370>,43,20,[5 2],44,161,181,117,155
1,<environment.Job instance at 0x7f3a30e3f8c0>,49,15,[3 9],50,169,184,119,155
1,<environment.Job instance at 0x7f3a3127ad20>,0,3,[ 5 12],1,2,5,1,2
1,<environment.Job instance at 0x7f3a3127a190>,1,2,[ 2 10],2,5,7,3,2
1,<environment.Job instance at 0x7f3a30e3f8c0>,2,1,[5 2],3,3,4,0,3
1,<environment.Job instance at 0x7f3a3127a640>,3,12,[ 2 10],4,7,19,3,4
1,<environment.Job instance at 0x7f3a30e3f7d0>,4,15,[4 8],5,19,34,14,5
1,<environment.Job instance at 0x7f3a313f3be0>,7,15,[2 5],8,8,23,0,8
1,<environment.Job instance at 0x7f3a3127af00>,6,2,[ 3 10],7,34,36,27,8
1,<environment.Job instance at 0x7f3a313f3910>,9,15,[3 7],10,36,51,26,22
1,<environment.Job instance at 0x7f3a313f3aa0>,11,16,[9 1],12,22,38,10,22
1,<environment.Job instance at 0x7f3a313f32d0>,12,18,[9 2],13,38,56,25,27
1,<environment.Job instance at 0x7f3a312ffe60>,15,17,[1 5],16,36,53,20,27
1,<environment.Job instance at 0x7f3a312ff230>,16,21,[5 2],17,51,72,34,43
1,<environment.Job instance at 0x7f3a312ff780>,18,12,[5 5],19,56,68,37,43
1,<environment.Job instance at 0x7f3a312ff280>,19,13,[2 7],20,56,69,36,43
1,<environment.Job instance at 0x7f3a312fff50>,20,13,[4 9],21,69,82,48,53
1,<environment.Job instance at 0x7f3a312ff730>,21,16,[6 4],22,68,84,46,55
1,<environment.Job instance at 0x7f3a3058a320>,27,12,[4 8],28,82,94,54,65
1,<environment.Job instance at 0x7f3a3058a0a0>,28,17,[6 1],29,84,101,55,72
1,<environment.Job instance at 0x7f3a3058aaa0>,31,14,[9 5],32,94,108,62,79
1,<environment.Job instance at 0x7f3a30898f50>,32,18,[ 3 10],33,101,119,68,90
1,<environment.Job instance at 0x7f3a30913eb0>,37,17,[2 8],38,119,136,81,107
1,<environment.Job instance at 0x7f3a30508a50>,39,2,[5 4],40,108,110,68,107
1,<environment.Job instance at 0x7f3a308e54b0>,41,17,[7 5],42,110,127,68,107
1,<environment.Job instance at 0x7f3a308e5fa0>,42,13,[9 4],43,127,140,84,111
1,<environment.Job instance at 0x7f3a308e5a50>,45,15,[5 6],46,136,151,90,122
1,<environment.Job instance at 0x7f3a3089c910>,48,14,[5 5],49,140,154,91,125
1,<environment.Job instance at 0x7f3a3089c370>,51,17,[7 2],52,151,168,99,139
1,<environment.Job instance at 0x7f3a3089cc80>,52,20,[1 8],53,151,171,98,142
1,<environment.Job instance at 0x7f3a3089c500>,53,12,[1 9],54,171,183,117,154
1,<environment.Job instance at 0x7f3a30584dc0>,0,2,[10  2],1,1,3,0,1
1,<environment.Job instance at 0x7f3a30584140>,1,1,[13  2],2,3,4,1,3
1,<environment.Job instance at 0x7f3a30584af0>,2,12,[6 4],3,4,16,1,3
1,<environment.Job instance at 0x7f3a30584910>,3,13,[9 4],4,4,17,0,4
1,<environment.Job instance at 0x7f3a30584b40>,4,18,[2 6],5,16,34,11,5
1,<environment.Job instance at 0x7f3a30584f50>,5,18,[5 9],6,17,35,11,6
1,<environment.Job instance at 0x7f3a30584d70>,6,3,[7 3],7,34,37,27,8
1,<environment.Job instance at 0x7f3a305849b0>,8,2,[10  5],9,37,39,28,10
1,<environment.Job instance at 0x7f3a305847d0>,10,3,[1 7],11,35,38,24,11
1,<environment.Job instance at 0x7f3a30584690>,7,2,[7 2],8,35,37,27,11
1,<environment.Job instance at 0x7f3a30584370>,11,3,[8 1],12,39,42,27,13
1,<environment.Job instance at 0x7f3a3052ca00>,15,1,[9 1],16,42,43,26,18
1,<environment.Job instance at 0x7f3a3052cb40>,17,2,[2 8],18,38,40,20,19
1,<environment.Job instance at 0x7f3a3052cf50>,18,2,[ 2 10],19,40,42,21,19
1,<environment.Job instance at 0x7f3a3052c9b0>,14,12,[1 8],15,42,54,27,26
1,<environment.Job instance at 0x7f3a3052c820>,16,12,[14  5],17,43,55,26,28
1,<environment.Job instance at 0x7f3a3052c7d0>,21,3,[1 5],22,54,57,32,28
1,<environment.Job instance at 0x7f3a3052c190>,22,3,[8 5],23,55,58,32,29
1,<environment.Job instance at 0x7f3a3052c460>,20,14,[8 5],21,58,72,37,43
1,<environment.Job instance at 0x7f3a3052baa0>,34,14,[6 3],35,55,69,20,50
1,<environment.Job instance at 0x7f3a3052b3c0>,36,12,[4 6],37,69,81,32,53
1,<environment.Job instance at 0x7f3a3052cdc0>,19,13,[10  3],20,72,85,52,56
1,<environment.Job instance at 0x7f3a3052b6e0>,39,2,[2 7],40,81,83,41,57
1,<environment.Job instance at 0x7f3a3052b280>,38,17,[6 5],39,85,102,46,73
1,<environment.Job instance at 0x7f3a3052bd20>,40,13,[4 8],41,83,96,42,73
1,<environment.Job instance at 0x7f3a31379d70>,47,12,[5 7],48,96,108,48,79
1,<environment.Job instance at 0x7f3a31379dc0>,48,16,[5 6],49,102,118,53,90
1,<environment.Job instance at 0x7f3a39f95eb0>,49,14,[3 5],50,108,122,58,93
1,<environment.Job instance at 0x7f3a305845a0>,12,17,[6 1],13,108,125,95,96
1,<environment.Job instance at 0x7f3a39f95cd0>,52,14,[8 2],53,122,136,69,107
1,<environment.Job instance at 0x7f3a3052c6e0>,13,17,[5 5],14,125,142,111,115
1,<environment.Job instance at 0x7f3a3156ef00>,55,3,[8 1],56,136,139,80,115
1,<environment.Job instance at 0x7f3a3156e8c0>,54,13,[10  4],55,139,152,84,123
1,<environment.Job instance at 0x7f3a3156efa0>,57,16,[5 1],58,142,158,84,129
1,<environment.Job instance at 0x7f3a3137c730>,63,18,[9 3],64,152,170,88,141
1,<environment.Job instance at 0x7f3a3137c050>,65,17,[2 5],66,158,175,92,146
1,<environment.Job instance at 0x7f3a313e6aa0>,66,17,[4 8],67,170,187,103,158
1,<environment.Job instance at 0x7f3a313e6410>,73,17,[5 1],74,170,187,96,159
1,<environment.Job instance at 0x7f3a30e45d20>,1,15,[5 2],2,2,17,0,2
1,<environment.Job instance at 0x7f3a31248c80>,2,14,[14  5],3,17,31,14,4
1,<environment.Job instance at 0x7f3a30abea50>,6,2,[10  5],7,11,13,4,11
1,<environment.Job instance at 0x7f3a30a822d0>,3,15,[1 7],4,13,28,9,12
1,<environment.Job instance at 0x7f3a30b077d0>,8,16,[9 4],9,31,47,22,18
1,<environment.Job instance at 0x7f3a30d88be0>,4,13,[5 2],5,31,44,26,26
1,<environment.Job instance at 0x7f3a30b07b90>,9,14,[8 3],10,47,61,37,32
1,<environment.Job instance at 0x7f3a30b07820>,10,15,[5 3],11,44,59,33,32
1,<environment.Job instance at 0x7f3a304f0460>,0,18,[1 8],1,32,50,31,32
1,<environment.Job instance at 0x7f3a30b07dc0>,12,1,[3 9],13,59,60,46,37
1,<environment.Job instance at 0x7f3a30abc5a0>,14,2,[ 3 10],15,60,62,45,37
1,<environment.Job instance at 0x7f3a3058cf50>,16,14,[9 2],17,61,75,44,46
1,<environment.Job instance at 0x7f3a3058c370>,19,3,[3 6],20,62,65,42,46
1,<environment.Job instance at 0x7f3a3058ce10>,20,3,[1 6],21,50,53,29,46
1,<environment.Job instance at 0x7f3a30abebe0>,7,18,[1 7],8,62,80,54,59
1,<environment.Job instance at 0x7f3a3096bd20>,22,2,[7 3],23,75,77,52,59
1,<environment.Job instance at 0x7f3a3096ba00>,23,2,[ 2 13],24,80,82,56,59
1,<environment.Job instance at 0x7f3a30b04460>,21,13,[8 5],22,82,95,60,66
1,<environment.Job instance at 0x7f3a304f0b40>,5,2,[9 1],6,77,79,71,66
1,<environment.Job instance at 0x7f3a3096b050>,24,15,[4 8],25,82,97,57,68
1,<environment.Job instance at 0x7f3a3096bbe0>,27,1,[2 8],28,79,80,51,68
1,<environment.Job instance at 0x7f3a30dd7d20>,28,1,[12  2],29,80,81,51,68
1,<environment.Job instance at 0x7f3a30930140>,29,3,[6 5],30,95,98,65,69
1,<environment.Job instance at 0x7f3a31170410>,25,16,[4 9],26,97,113,71,84
1,<environment.Job instance at 0x7f3a312cda00>,30,18,[8 1],31,98,116,67,87
1,<environment.Job instance at 0x7f3a31170c30>,26,17,[7 3],27,113,130,86,101
1,<environment.Job instance at 0x7f3a307da5a0>,33,16,[5 1],34,116,132,82,103
1,<environment.Job instance at 0x7f3a30e54050>,34,3,[5 1],35,130,133,95,104
1,<environment.Job instance at 0x7f3a308e1c80>,35,2,[2 6],36,116,118,80,104
1,<environment.Job instance at 0x7f3a309cce60>,36,3,[ 1 11],37,118,121,81,105
1,<environment.Job instance at 0x7f3a307defa0>,31,17,[3 8],32,121,138,89,109
1,<environment.Job instance at 0x7f3a30654d20>,38,15,[2 7],39,133,148,94,119
1,<environment.Job instance at 0x7f3a30580f00>,39,18,[1 8],40,138,156,98,127
1,<environment.Job instance at 0x7f3a308e55f0>,40,13,[4 5],41,148,161,107,132
1,<environment.Job instance at 0x7f3a304e83c0>,49,13,[9 2],50,148,161,98,133
1,<environment.Job instance at 0x7f3a304e8870>,55,19,[9 5],56,161,180,105,155
1,<environment.Job instance at 0x7f3a304e8a50>,57,15,[6 1],58,161,176,103,155
1,<environment.Job instance at 0x7f3a319594b0>,0,20,[ 3 10],1,1,21,0,1
1,<environment.Job instance at 0x7f3a319598c0>,1,1,[10  2],2,2,3,0,2
1,<environment.Job instance at 0x7f3a31960780>,3,14,[5 1],4,4,18,0,4
1,<environment.Job instance at 0x7f3a31960320>,4,3,[4 6],5,21,24,16,5
1,<environment.Job instance at 0x7f3a31969e60>,5,2,[4 7],6,21,23,15,7
1,<environment.Job instance at 0x7f3a31969640>,7,18,[ 5 10],8,24,42,16,13
1,<environment.Job instance at 0x7f3a31969280>,9,3,[1 6],10,42,45,32,16
1,<environment.Job instance at 0x7f3a31240f50>,12,2,[10  4],13,18,20,5,16
1,<environment.Job instance at 0x7f3a31240aa0>,13,3,[2 6],14,42,45,28,16
1,<environment.Job instance at 0x7f3a319694b0>,8,18,[5 9],9,45,63,36,34
1,<environment.Job instance at 0x7f3a31240500>,15,17,[9 3],16,34,51,18,34
1,<environment.Job instance at 0x7f3a3122f7d0>,20,12,[8 1],21,51,63,30,34
1,<environment.Job instance at 0x7f3a3122f230>,22,18,[1 5],23,51,69,28,40
1,<environment.Job instance at 0x7f3a3122f8c0>,23,12,[9 5],24,63,75,39,46
1,<environment.Job instance at 0x7f3a3122fdc0>,25,17,[5 8],26,69,86,43,57
1,<environment.Job instance at 0x7f3a3122f460>,26,16,[9 2],27,75,91,48,62
1,<environment.Job instance at 0x7f3a31962690>,27,15,[2 6],28,86,101,58,72
1,<environment.Job instance at 0x7f3a319625a0>,28,12,[9 5],29,91,103,62,74
1,<environment.Job instance at 0x7f3a319624b0>,31,13,[5 4],32,101,114,69,85
1,<environment.Job instance at 0x7f3a31962af0>,32,13,[10  4],33,103,116,70,87
1,<environment.Job instance at 0x7f3a31962f00>,33,13,[7 1],34,116,129,82,100
1,<environment.Job instance at 0x7f3a303f8a00>,36,16,[3 7],37,114,130,77,101
1,<environment.Job instance at 0x7f3a303f8f50>,37,14,[1 6],38,116,130,78,101
1,<environment.Job instance at 0x7f3a303f8c30>,38,17,[10  5],39,130,147,91,118
1,<environment.Job instance at 0x7f3a310e26e0>,39,17,[4 6],40,130,147,90,118
1,<environment.Job instance at 0x7f3a3045dd20>,40,17,[8 1],41,147,164,106,135
1,<environment.Job instance at 0x7f3a30b761e0>,41,15,[4 6],42,147,162,105,135
1,<environment.Job instance at 0x7f3a303f88c0>,43,17,[8 4],44,164,181,120,152
1,<environment.Job instance at 0x7f3a3042b050>,44,16,[1 6],45,152,168,107,152
1,<environment.Job instance at 0x7f3a30417e60>,0,2,[9 2],1,1,3,0,1
1,<environment.Job instance at 0x7f3a3042b050>,2,18,[8 5],3,3,21,0,3
1,<environment.Job instance at 0x7f3a30417460>,3,13,[3 8],4,4,17,0,4
1,<environment.Job instance at 0x7f3a30417f50>,4,18,[1 6],5,17,35,12,6
1,<environment.Job instance at 0x7f3a30417aa0>,6,15,[5 5],7,21,36,14,7
1,<environment.Job instance at 0x7f3a30417780>,7,16,[6 1],8,17,33,9,8
1,<environment.Job instance at 0x7f3a30417a00>,8,2,[2 7],9,35,37,26,9
1,<environment.Job instance at 0x7f3a30417870>,11,1,[ 2 14],12,37,38,25,13
1,<environment.Job instance at 0x7f3a304175a0>,12,17,[6 1],13,33,50,20,22
1,<environment.Job instance at 0x7f3a304944b0>,14,1,[ 3 10],15,38,39,23,22
1,<environment.Job instance at 0x7f3a30494e60>,15,2,[2 5],16,39,41,23,22
1,<environment.Job instance at 0x7f3a30417730>,10,12,[8 2],11,41,53,30,24
1,<environment.Job instance at 0x7f3a304942d0>,13,12,[5 5],14,50,62,36,33
1,<environment.Job instance at 0x7f3a30494280>,17,15,[5 9],18,53,68,35,39
1,<environment.Job instance at 0x7f3a30494b40>,19,2,[8 1],20,62,64,42,39
1,<environment.Job instance at 0x7f3a30494eb0>,20,18,[7 2],21,64,82,43,54
1,<environment.Job instance at 0x7f3a30494cd0>,21,3,[5 7],22,68,71,46,54
1,<environment.Job instance at 0x7f3a30494a00>,18,13,[8 5],19,71,84,52,55
1,<environment.Job instance at 0x7f3a30490aa0>,24,14,[5 6],25,82,96,57,68
1,<environment.Job instance at 0x7f3a30494050>,22,15,[4 7],23,84,99,61,71
1,<environment.Job instance at 0x7f3a30490780>,27,13,[2 5],28,96,109,68,80
1,<environment.Job instance at 0x7f3a30490a50>,28,3,[10  1],29,99,102,70,80
1,<environment.Job instance at 0x7f3a30494aa0>,16,25,[5 8],17,102,127,85,99
1,<environment.Job instance at 0x7f3a30490dc0>,30,21,[5 3],31,109,130,78,106
1,<environment.Job instance at 0x7f3a304176e0>,9,13,[1 8],10,127,140,117,111
1,<environment.Job instance at 0x7f3a304900a0>,31,16,[5 6],32,130,146,98,117
1,<environment.Job instance at 0x7f3a30490d20>,33,17,[7 5],34,140,157,106,128
1,<environment.Job instance at 0x7f3a30490870>,34,3,[4 9],35,146,149,111,128
1,<environment.Job instance at 0x7f3a30490b40>,35,13,[6 3],36,149,162,113,133
1,<environment.Job instance at 0x7f3a304902d0>,36,2,[7 1],37,133,135,96,133
1,<environment.Job instance at 0x7f3a30490e60>,26,14,[6 2],27,157,171,130,150
1,<environment.Job instance at 0x7f3a304903c0>,37,23,[ 1 10],38,157,180,119,154
1,<environment.Job instance at 0x7f3a304806e0>,39,14,[11  4],40,171,185,131,156
1,<environment.Job instance at 0x7f3a31923730>,0,1,[5 1],1,1,2,0,1
1,<environment.Job instance at 0x7f3a30f3fb40>,2,2,[10  5],3,3,5,0,3
1,<environment.Job instance at 0x7f3a31923d20>,4,18,[3 8],5,5,23,0,5
1,<environment.Job instance at 0x7f3a31923550>,5,2,[9 4],6,6,8,0,6
1,<environment.Job instance at 0x7f3a31923f50>,6,21,[7 2],7,8,29,1,7
1,<environment.Job instance at 0x7f3a317f4e60>,8,2,[6 4],9,23,25,14,9
1,<environment.Job instance at 0x7f3a317f4d20>,9,12,[5 5],10,10,22,0,10
1,<environment.Job instance at 0x7f3a317f4640>,10,13,[6 1],11,25,38,14,11
1,<environment.Job instance at 0x7f3a3143a780>,12,3,[4 6],13,29,32,16,13
1,<environment.Job instance at 0x7f3a317f47d0>,17,16,[9 4],18,32,48,14,19
1,<environment.Job instance at 0x7f3a318ae7d0>,18,2,[2 6],19,38,40,19,31
1,<environment.Job instance at 0x7f3a318aea00>,20,13,[7 2],21,48,61,27,32
1,<environment.Job instance at 0x7f3a318805a0>,22,14,[4 5],23,38,52,15,35
1,<environment.Job instance at 0x7f3a318ae050>,19,17,[7 3],20,52,69,32,40
1,<environment.Job instance at 0x7f3a31781fa0>,25,17,[5 4],26,61,78,35,49
1,<environment.Job instance at 0x7f3a317813c0>,27,14,[7 3],28,69,83,41,54
1,<environment.Job instance at 0x7f3a317815f0>,28,14,[9 3],29,83,97,54,68
1,<environment.Job instance at 0x7f3a30e94370>,29,3,[3 5],30,68,71,38,68
1,<environment.Job instance at 0x7f3a30e94690>,32,18,[7 3],33,97,115,64,86
1,<environment.Job instance at 0x7f3a30e94280>,35,12,[3 6],36,86,98,50,86
1,<environment.Job instance at 0x7f3a30e94cd0>,36,17,[10  1],37,115,132,78,103
1,<environment.Job instance at 0x7f3a318c1f00>,37,17,[5 3],38,103,120,65,103
1,<environment.Job instance at 0x7f3a318c1d70>,38,21,[1 8],39,120,141,81,112
1,<environment.Job instance at 0x7f3a318c1be0>,43,3,[5 3],44,132,135,88,112
1,<environment.Job instance at 0x7f3a318c17d0>,45,14,[4 9],46,141,155,95,126
1,<environment.Job instance at 0x7f3a318c1820>,47,16,[9 1],48,132,148,84,126
1,<environment.Job instance at 0x7f3a318c1320>,50,13,[3 8],51,155,168,104,139
1,<environment.Job instance at 0x7f3a318c1410>,51,12,[2 5],52,139,151,87,139
1,<environment.Job instance at 0x7f3a39f5e820>,52,17,[9 1],53,148,165,95,139
1,<environment.Job instance at 0x7f3a39f5eaa0>,55,16,[1 5],56,151,167,95,139
1,<environment.Job instance at 0x7f3a39f5eaf0>,56,16,[ 4 10],57,168,184,111,155
1,<environment.Job instance at 0x7f3a39f5e870>,57,17,[9 4],58,167,184,109,155
1,<environment.Job instance at 0x7f3a312de8c0>,0,3,[ 3 14],1,1,4,0,1
1,<environment.Job instance at 0x7f3a312de5f0>,1,1,[4 5],2,4,5,2,2
1,<environment.Job instance at 0x7f3a315d95f0>,2,13,[13  2],3,5,18,2,4
1,<environment.Job instance at 0x7f3a30aff370>,4,3,[5 7],5,18,21,13,6
1,<environment.Job instance at 0x7f3a30aff870>,6,3,[4 9],7,21,24,14,8
1,<environment.Job instance at 0x7f3a30aff640>,10,3,[5 8],11,18,21,7,11
1,<environment.Job instance at 0x7f3a30affd70>,11,2,[6 5],12,21,23,9,12
1,<environment.Job instance at 0x7f3a30aff230>,7,18,[5 8],8,24,42,16,13
1,<environment.Job instance at 0x7f3a30affe10>,8,3,[ 4 10],9,42,45,33,16
1,<environment.Job instance at 0x7f3a30af7a00>,17,14,[2 6],18,23,37,5,18
1,<environment.Job instance at 0x7f3a310ffd70>,12,1,[5 9],13,45,46,32,19
1,<environment.Job instance at 0x7f3a30af7500>,18,12,[2 9],19,46,58,27,29
1,<environment.Job instance at 0x7f3a30d59550>,20,16,[5 9],21,58,74,37,45
1,<environment.Job instance at 0x7f3a30af7050>,21,18,[2 6],22,45,63,23,45
1,<environment.Job instance at 0x7f3a30af7dc0>,22,18,[6 5],23,63,81,40,52
1,<environment.Job instance at 0x7f3a30b11500>,23,17,[5 2],24,74,91,50,62
1,<environment.Job instance at 0x7f3a30b113c0>,24,14,[1 7],25,74,88,49,62
1,<environment.Job instance at 0x7f3a30aff0f0>,5,1,[3 5],6,81,82,75,65
1,<environment.Job instance at 0x7f3a30b11b90>,28,16,[ 5 10],29,88,104,59,75
1,<environment.Job instance at 0x7f3a30d6a960>,30,21,[7 2],31,91,112,60,83
1,<environment.Job instance at 0x7f3a30d78410>,40,12,[8 4],41,104,116,63,87
1,<environment.Job instance at 0x7f3a31876140>,42,13,[5 7],43,112,125,69,96
1,<environment.Job instance at 0x7f3a3123a7d0>,48,15,[5 7],49,116,131,67,102
1,<environment.Job instance at 0x7f3a31805050>,50,12,[2 5],51,125,137,74,108
1,<environment.Job instance at 0x7f3a317fe460>,53,17,[5 2],54,125,142,71,113
1,<environment.Job instance at 0x7f3a317fe500>,54,14,[8 3],55,131,145,76,116
1,<environment.Job instance at 0x7f3a317fe1e0>,56,17,[5 6],57,142,159,85,130
1,<environment.Job instance at 0x7f3a31834960>,58,15,[2 6],59,137,152,78,130
1,<environment.Job instance at 0x7f3a31834e10>,61,16,[3 6],62,152,168,90,139
1,<environment.Job instance at 0x7f3a318347d0>,62,17,[3 5],63,159,176,96,147
1,<environment.Job instance at 0x7f3a31834d70>,64,14,[5 1],65,147,161,82,147
1,<environment.Job instance at 0x7f3a318349b0>,66,14,[9 3],67,161,175,94,147
1,<environment.Job instance at 0x7f3a31834820>,68,13,[6 1],69,175,188,106,159
1,<environment.Job instance at 0x7f3a3182efa0>,69,3,[5 3],70,175,178,105,159
1,<environment.Job instance at 0x7f3a3052bcd0>,70,12,[2 5],71,176,188,105,159
1,<environment.Job instance at 0x7f3a308c50f0>,0,12,[3 5],1,1,13,0,1
1,<environment.Job instance at 0x7f3a3052b690>,1,3,[1 9],2,2,5,0,2
1,<environment.Job instance at 0x7f3a3052bc80>,3,1,[ 1 10],4,5,6,1,4
1,<environment.Job instance at 0x7f3a308cd8c0>,4,16,[4 9],5,6,22,1,5
1,<environment.Job instance at 0x7f3a308cd230>,5,18,[9 4],6,13,31,7,6
1,<environment.Job instance at 0x7f3a308cd050>,11,16,[6 5],12,22,38,10,15
1,<environment.Job instance at 0x7f3a308cd500>,12,18,[9 5],13,31,49,18,20
1,<environment.Job instance at 0x7f3a308cda00>,13,17,[9 3],14,49,66,35,37
1,<environment.Job instance at 0x7f3a308cda50>,14,15,[5 6],15,38,53,23,38
1,<environment.Job instance at 0x7f3a308cdaf0>,6,23,[8 1],7,66,89,59,60
1,<environment.Job instance at 0x7f3a308cd3c0>,16,2,[7 3],17,66,68,49,60
1,<environment.Job instance at 0x7f3a308cdb40>,17,21,[5 6],18,68,89,50,60
1,<environment.Job instance at 0x7f3a308cdb90>,18,2,[8 3],19,89,91,70,62
1,<environment.Job instance at 0x7f3a308cd7d0>,19,13,[5 5],20,89,102,69,73
1,<environment.Job instance at 0x7f3a310f3f50>,20,2,[7 4],21,91,93,70,73
1,<environment.Job instance at 0x7f3a310f3dc0>,21,1,[1 6],22,73,74,51,73
1,<environment.Job instance at 0x7f3a308cd280>,15,18,[1 7],16,93,111,77,83
1,<environment.Job instance at 0x7f3a310f3e10>,24,12,[2 6],25,102,114,77,85
1,<environment.Job instance at 0x7f3a310f3730>,25,3,[7 5],26,111,114,85,85
1,<environment.Job instance at 0x7f3a308ba9b0>,26,15,[10  3],27,114,129,87,100
1,<environment.Job instance at 0x7f3a308cd1e0>,10,1,[3 5],11,114,115,103,106
1,<environment.Job instance at 0x7f3a308ba640>,27,18,[2 8],28,115,133,87,106
1,<environment.Job instance at 0x7f3a308bae60>,28,2,[10  1],29,106,108,77,106
1,<environment.Job instance at 0x7f3a308baf50>,30,3,[5 7],31,129,132,98,106
1,<environment.Job instance at 0x7f3a308ba730>,31,2,[6 1],32,108,110,76,106
1,<environment.Job instance at 0x7f3a308cd0a0>,9,3,[10  1],10,132,135,122,106
1,<environment.Job instance at 0x7f3a308ba140>,33,2,[ 1 12],34,133,135,99,106
1,<environment.Job instance at 0x7f3a311017d0>,36,18,[2 5],37,135,153,98,124
1,<environment.Job instance at 0x7f3a31101c80>,37,13,[8 3],38,135,148,97,124
1,<environment.Job instance at 0x7f3a31101a50>,42,3,[5 8],43,148,151,105,124
1,<environment.Job instance at 0x7f3a308ba0f0>,34,3,[5 2],35,135,138,100,126
1,<environment.Job instance at 0x7f3a311015a0>,44,18,[ 4 10],45,151,169,106,140
1,<environment.Job instance at 0x7f3a31101730>,46,3,[5 3],47,140,143,93,140
1,<environment.Job instance at 0x7f3a31127a00>,49,13,[8 5],50,153,166,103,140
1,<environment.Job instance at 0x7f3a31127550>,50,16,[4 6],51,169,185,118,156
1,<environment.Job instance at 0x7f3a311270a0>,51,13,[8 5],52,166,179,114,156
1,<environment.Job instance at 0x7f3a30cf9b40>,0,12,[3 7],1,1,13,0,1
1,<environment.Job instance at 0x7f3a30cf9f50>,1,17,[2 6],2,2,19,0,2
1,<environment.Job instance at 0x7f3a30551c30>,2,3,[5 2],3,6,9,3,6
1,<environment.Job instance at 0x7f3a310ec9b0>,5,18,[6 4],6,13,31,7,6
1,<environment.Job instance at 0x7f3a310ec960>,6,1,[3 9],7,19,20,12,9
1,<environment.Job instance at 0x7f3a30df36e0>,8,1,[10  3],9,31,32,22,9
1,<environment.Job instance at 0x7f3a30df3640>,10,3,[8 2],11,20,23,9,11
1,<environment.Job instance at 0x7f3a30dec2d0>,12,3,[6 3],13,13,16,0,13
1,<environment.Job instance at 0x7f3a310bbb40>,15,1,[9 2],16,23,24,7,16
1,<environment.Job instance at 0x7f3a310bb1e0>,16,2,[8 5],17,24,26,7,17
1,<environment.Job instance at 0x7f3a310c5e60>,17,3,[4 5],18,26,29,8,18
1,<environment.Job instance at 0x7f3a30dec1e0>,13,15,[8 3],14,32,47,18,18
1,<environment.Job instance at 0x7f3a30df3690>,9,15,[7 1],10,32,47,22,18
1,<environment.Job instance at 0x7f3a310c5280>,18,1,[7 5],19,29,30,10,19
1,<environment.Job instance at 0x7f3a310c55a0>,19,2,[ 2 11],20,30,32,10,20
1,<environment.Job instance at 0x7f3a310c5e10>,20,3,[4 8],21,47,50,26,21
1,<environment.Job instance at 0x7f3a3138feb0>,25,15,[9 4],26,47,62,21,33
1,<environment.Job instance at 0x7f3a310c5d70>,21,3,[2 9],22,50,53,28,42
1,<environment.Job instance at 0x7f3a3087f1e0>,26,14,[10  3],27,62,76,35,49
1,<environment.Job instance at 0x7f3a30d72a50>,29,15,[5 7],30,53,68,23,49
1,<environment.Job instance at 0x7f3a3067fb90>,30,13,[3 5],31,68,81,37,52
1,<environment.Job instance at 0x7f3a3117f2d0>,31,3,[3 8],32,76,79,44,52
1,<environment.Job instance at 0x7f3a315ca9b0>,32,18,[7 1],33,76,94,43,65
1,<environment.Job instance at 0x7f3a309dcd20>,33,3,[5 7],34,79,82,45,65
1,<environment.Job instance at 0x7f3a310e5910>,34,18,[5 1],35,82,100,47,71
1,<environment.Job instance at 0x7f3a30d75f00>,35,2,[6 1],36,94,96,58,71
1,<environment.Job instance at 0x7f3a3117e820>,36,15,[8 5],37,96,111,59,82
1,<environment.Job instance at 0x7f3a3138f640>,27,18,[10  1],28,111,129,83,100
1,<environment.Job instance at 0x7f3a310dc1e0>,40,13,[1 9],41,100,113,59,100
1,<environment.Job instance at 0x7f3a315d0780>,44,19,[8 5],45,129,148,84,119
1,<environment.Job instance at 0x7f3a315d0500>,45,13,[9 1],46,148,161,102,132
1,<environment.Job instance at 0x7f3a315e1140>,46,18,[8 1],47,161,179,114,150
1,<environment.Job instance at 0x7f3a30fdf550>,0,12,[10  5],1,1,13,0,1
1,<environment.Job instance at 0x7f3a30d5ceb0>,1,1,[5 4],2,2,3,0,2
1,<environment.Job instance at 0x7f3a315e1140>,3,13,[6 4],4,13,26,9,4
1,<environment.Job instance at 0x7f3a30fdfd20>,4,3,[6 5],5,13,16,8,5
1,<environment.Job instance at 0x7f3a30fdf0f0>,5,3,[5 7],6,6,9,0,6
1,<environment.Job instance at 0x7f3a30fdf2d0>,6,3,[4 9],7,9,12,2,7
1,<environment.Job instance at 0x7f3a30d63870>,7,18,[3 7],8,16,34,8,8
1,<environment.Job instance at 0x7f3a30d630f0>,11,1,[5 2],12,12,13,0,12
1,<environment.Job instance at 0x7f3a30d63410>,12,13,[5 6],13,26,39,13,13
1,<environment.Job instance at 0x7f3a30d63780>,13,13,[7 5],14,34,47,20,18
1,<environment.Job instance at 0x7f3a30d635f0>,14,2,[ 4 10],15,39,41,24,18
1,<environment.Job instance at 0x7f3a30fdf9b0>,9,15,[7 1],10,41,56,31,27
1,<environment.Job instance at 0x7f3a30d63c30>,16,16,[3 5],17,47,63,30,34
1,<environment.Job instance at 0x7f3a30d63e10>,18,18,[2 8],19,47,65,28,36
1,<environment.Job instance at 0x7f3a30d632d0>,22,19,[5 6],23,63,82,40,53
1,<environment.Job instance at 0x7f3a30d63280>,23,12,[8 3],24,65,77,41,53
1,<environment.Job instance at 0x7f3a30d639b0>,24,16,[5 5],25,77,93,52,64
1,<environment.Job instance at 0x7f3a30d63820>,25,15,[3 5],26,82,97,56,68
1,<environment.Job instance at 0x7f3a30d634b0>,26,16,[1 7],27,93,109,66,80
1,<environment.Job instance at 0x7f3a30d98c30>,27,12,[1 8],28,97,109,69,80
1,<environment.Job instance at 0x7f3a30d984b0>,28,17,[4 9],29,109,126,80,97
1,<environment.Job instance at 0x7f3a30d63460>,10,21,[8 5],11,109,130,98,104
1,<environment.Job instance at 0x7f3a30d988c0>,32,3,[8 2],33,130,133,97,104
1,<environment.Job instance at 0x7f3a30d98280>,33,12,[5 4],34,126,138,92,109
1,<environment.Job instance at 0x7f3a30d98dc0>,31,15,[ 5 10],32,133,148,101,119
1,<environment.Job instance at 0x7f3a30d98410>,35,12,[5 3],36,138,150,102,121
1,<environment.Job instance at 0x7f3a30d986e0>,41,14,[8 3],42,148,162,106,133
1,<environment.Job instance at 0x7f3a30d98aa0>,42,13,[3 9],43,150,163,107,134
1,<environment.Job instance at 0x7f3a30d98e10>,43,13,[3 9],44,163,176,119,147
1,<environment.Job instance at 0x7f3a3029f820>,0,2,[5 6],1,1,3,0,1
1,<environment.Job instance at 0x7f3a30d98e10>,2,14,[7 2],3,3,17,0,3
1,<environment.Job instance at 0x7f3a3021a8c0>,3,16,[6 4],4,4,20,0,4
1,<environment.Job instance at 0x7f3a3021a960>,4,2,[6 3],5,17,19,12,5
1,<environment.Job instance at 0x7f3a3021a6e0>,5,13,[ 2 10],6,19,32,13,6
1,<environment.Job instance at 0x7f3a3021aa50>,6,3,[ 4 10],7,32,35,25,7
1,<environment.Job instance at 0x7f3a3021a280>,7,1,[9 4],8,20,21,12,8
1,<environment.Job instance at 0x7f3a3021a870>,9,15,[9 3],10,21,36,11,10
1,<environment.Job instance at 0x7f3a3021a5a0>,10,2,[6 1],11,35,37,24,11
1,<environment.Job instance at 0x7f3a3029f370>,12,17,[7 3],13,36,53,23,24
1,<environment.Job instance at 0x7f3a3021aaa0>,15,13,[8 5],16,37,50,21,24
1,<environment.Job instance at 0x7f3a3021a370>,16,15,[10  3],17,53,68,36,39
1,<environment.Job instance at 0x7f3a3021a2d0>,17,2,[9 4],18,68,70,50,41
1,<environment.Job instance at 0x7f3a3021aeb0>,18,12,[ 4 10],19,50,62,31,41
1,<environment.Job instance at 0x7f3a3021a640>,14,12,[ 4 11],15,62,74,47,46
1,<environment.Job instance at 0x7f3a3021ab40>,20,1,[6 4],21,70,71,49,46
1,<environment.Job instance at 0x7f3a3021aaf0>,21,2,[2 6],22,74,76,52,47
1,<environment.Job instance at 0x7f3a3021a9b0>,22,18,[5 5],23,74,92,51,63
1,<environment.Job instance at 0x7f3a3021acd0>,23,2,[9 4],24,71,73,47,63
1,<environment.Job instance at 0x7f3a301f7370>,24,3,[2 6],25,76,79,51,63
1,<environment.Job instance at 0x7f3a3021ac80>,19,20,[8 1],20,73,93,53,64
1,<environment.Job instance at 0x7f3a301f7eb0>,26,19,[5 4],27,92,111,65,82
1,<environment.Job instance at 0x7f3a301f7c80>,27,18,[4 6],28,93,111,65,82
1,<environment.Job instance at 0x7f3a301f7f50>,28,17,[6 2],29,93,110,64,82
1,<environment.Job instance at 0x7f3a301f7a50>,30,13,[9 4],31,111,124,80,95
1,<environment.Job instance at 0x7f3a301f7b90>,31,13,[10  1],32,124,137,92,108
1,<environment.Job instance at 0x7f3a301f76e0>,32,18,[9 2],33,137,155,104,126
1,<environment.Job instance at 0x7f3a301f7640>,33,12,[6 2],34,137,149,103,126
1,<environment.Job instance at 0x7f3a301f7fa0>,34,17,[5 3],35,149,166,114,137
1,<environment.Job instance at 0x7f3a301f7500>,35,2,[9 3],36,155,157,119,137
1,<environment.Job instance at 0x7f3a301f7c30>,36,3,[7 4],37,157,160,120,137
1,<environment.Job instance at 0x7f3a301f7820>,37,2,[8 3],38,160,162,122,137
1,<environment.Job instance at 0x7f3a301f75f0>,39,17,[5 5],40,162,179,122,150
1,<environment.Job instance at 0x7f3a30c4fc30>,40,3,[3 5],41,157,160,116,150
1,<environment.Job instance at 0x7f3a301f7960>,25,15,[10  1],26,166,181,140,156
1,<environment.Job instance at 0x7f3a302525f0>,44,3,[5 8],45,179,182,134,156
1,<environment.Job instance at 0x7f3a3171beb0>,0,13,[5 9],1,1,14,0,1
1,<environment.Job instance at 0x7f3a3171b230>,1,17,[5 6],2,2,19,0,2
1,<environment.Job instance at 0x7f3a3171bb90>,3,3,[8 1],4,14,17,10,4
1,<environment.Job instance at 0x7f3a3171b5f0>,5,14,[4 7],6,17,31,11,6
1,<environment.Job instance at 0x7f3a3060dbe0>,6,17,[2 9],7,31,48,24,19
1,<environment.Job instance at 0x7f3a3060d320>,9,14,[10  5],10,19,33,9,19
1,<environment.Job instance at 0x7f3a3060d730>,10,18,[11  2],11,33,51,22,22
1,<environment.Job instance at 0x7f3a3060d460>,13,12,[3 7],14,48,60,34,31
1,<environment.Job instance at 0x7f3a3060d280>,14,18,[11  5],15,51,69,36,40
1,<environment.Job instance at 0x7f3a3060dcd0>,15,16,[6 3],16,69,85,53,56
1,<environment.Job instance at 0x7f3a3171b0a0>,2,18,[5 3],3,69,87,66,58
1,<environment.Job instance at 0x7f3a3060d370>,17,2,[4 9],18,60,62,42,58
1,<environment.Job instance at 0x7f3a3060daa0>,18,3,[1 6],19,62,65,43,58
1,<environment.Job instance at 0x7f3a3060d0f0>,19,2,[1 6],20,65,67,45,58
1,<environment.Job instance at 0x7f3a3060d7d0>,22,3,[1 5],23,67,70,44,59
1,<environment.Job instance at 0x7f3a3060deb0>,24,12,[5 5],25,85,97,60,68
1,<environment.Job instance at 0x7f3a3060d960>,27,13,[2 7],28,70,83,42,70
1,<environment.Job instance at 0x7f3a3121c780>,28,15,[4 7],29,83,98,54,70
1,<environment.Job instance at 0x7f3a3121c690>,29,3,[8 4],30,97,100,67,71
1,<environment.Job instance at 0x7f3a3121c2d0>,31,13,[2 5],32,98,111,66,82
1,<environment.Job instance at 0x7f3a3121caf0>,32,18,[1 7],33,100,118,67,89
1,<environment.Job instance at 0x7f3a3121caa0>,33,21,[3 8],34,111,132,77,103
1,<environment.Job instance at 0x7f3a3121ce10>,34,1,[5 5],35,118,119,83,103
1,<environment.Job instance at 0x7f3a3121cc30>,36,3,[7 4],37,119,122,82,103
1,<environment.Job instance at 0x7f3a3121c0f0>,38,1,[2 5],39,122,123,83,104
1,<environment.Job instance at 0x7f3a3121c230>,39,2,[2 6],40,123,125,83,104
1,<environment.Job instance at 0x7f3a3121cbe0>,40,3,[9 5],41,125,128,84,104
1,<environment.Job instance at 0x7f3a3121c730>,42,18,[6 5],43,128,146,85,117
1,<environment.Job instance at 0x7f3a3121ccd0>,43,14,[8 4],44,132,146,88,117
1,<environment.Job instance at 0x7f3a3121c320>,44,15,[4 7],45,146,161,101,132
1,<environment.Job instance at 0x7f3a3121c410>,45,18,[2 9],46,161,179,115,150
1,<environment.Job instance at 0x7f3a314b3640>,0,1,[1 6],1,1,2,0,1
1,<environment.Job instance at 0x7f3a3121c410>,2,13,[6 3],3,3,16,0,3
1,<environment.Job instance at 0x7f3a30602050>,3,2,[4 9],4,4,6,0,4
1,<environment.Job instance at 0x7f3a30602a00>,4,2,[3 9],5,6,8,1,5
1,<environment.Job instance at 0x7f3a30c42be0>,5,16,[ 3 10],6,8,24,2,6
1,<environment.Job instance at 0x7f3a30c426e0>,6,1,[5 8],7,24,25,17,7
1,<environment.Job instance at 0x7f3a30c42140>,7,18,[10  2],8,16,34,8,8
1,<environment.Job instance at 0x7f3a30c425f0>,8,12,[2 7],9,25,37,16,9
1,<environment.Job instance at 0x7f3a30c42910>,9,1,[5 4],10,34,35,24,10
1,<environment.Job instance at 0x7f3a30c42050>,11,15,[7 4],12,34,49,22,20
1,<environment.Job instance at 0x7f3a30c421e0>,16,1,[7 2],17,37,38,20,20
1,<environment.Job instance at 0x7f3a30c42460>,18,3,[ 5 10],19,38,41,19,20
1,<environment.Job instance at 0x7f3a30c42aa0>,14,3,[1 9],15,41,44,26,24
1,<environment.Job instance at 0x7f3a30c42a00>,21,16,[9 1],22,49,65,27,36
1,<environment.Job instance at 0x7f3a30c42f00>,13,2,[5 2],14,41,43,27,36
1,<environment.Job instance at 0x7f3a303e8690>,24,3,[11  5],25,65,68,40,39
1,<environment.Job instance at 0x7f3a303e8370>,25,13,[5 6],26,44,57,18,39
1,<environment.Job instance at 0x7f3a303e8230>,26,12,[1 8],27,49,61,22,39
1,<environment.Job instance at 0x7f3a303e85f0>,29,16,[2 8],30,61,77,31,48
1,<environment.Job instance at 0x7f3a303e8820>,30,3,[5 5],31,57,60,26,48
1,<environment.Job instance at 0x7f3a303e8320>,33,14,[9 4],34,68,82,34,53
1,<environment.Job instance at 0x7f3a303e8280>,34,15,[8 4],35,82,97,47,68
1,<environment.Job instance at 0x7f3a303e8f50>,35,12,[2 7],36,77,89,41,68
1,<environment.Job instance at 0x7f3a303e8960>,36,13,[5 1],37,82,95,45,68
1,<environment.Job instance at 0x7f3a3a039820>,39,14,[ 5 10],40,95,109,55,80
1,<environment.Job instance at 0x7f3a3a039c30>,40,18,[5 8],41,109,127,68,98
1,<environment.Job instance at 0x7f3a3a039a00>,41,17,[ 1 10],42,127,144,85,115
1,<environment.Job instance at 0x7f3a3a039370>,43,3,[1 7],44,115,118,71,115
1,<environment.Job instance at 0x7f3a3a039780>,44,13,[2 7],45,144,157,99,128
1,<environment.Job instance at 0x7f3a3a0395a0>,45,13,[3 6],46,144,157,98,128
1,<environment.Job instance at 0x7f3a3a039050>,46,13,[1 5],47,128,141,81,128
1,<environment.Job instance at 0x7f3a3a0392d0>,47,13,[7 5],48,157,170,109,141
1,<environment.Job instance at 0x7f3a3a0390f0>,48,21,[5 7],49,157,178,108,149
1,<environment.Job instance at 0x7f3a3a039690>,51,13,[6 3],52,170,183,118,154
1,<environment.Job instance at 0x7f3a3a4c26e0>,0,17,[5 7],1,1,18,0,1
1,<environment.Job instance at 0x7f3a3a4c2c80>,1,15,[3 6],2,2,17,0,2
1,<environment.Job instance at 0x7f3a3a4c29b0>,2,15,[3 5],3,17,32,14,3
1,<environment.Job instance at 0x7f3a3a4c20f0>,3,13,[9 1],4,18,31,14,4
1,<environment.Job instance at 0x7f3a3a4c2aa0>,4,16,[2 6],5,18,34,13,5
1,<environment.Job instance at 0x7f3a3a4c20a0>,5,1,[5 3],6,17,18,11,6
1,<environment.Job instance at 0x7f3a3a4c2be0>,6,15,[3 7],7,32,47,25,18
1,<environment.Job instance at 0x7f3a314ac0f0>,7,1,[3 7],8,34,35,26,19
1,<environment.Job instance at 0x7f3a3a4c2190>,9,1,[4 8],10,35,36,25,20
1,<environment.Job instance at 0x7f3a3021c1e0>,13,16,[2 6],14,36,52,22,25
1,<environment.Job instance at 0x7f3a3021c140>,15,12,[1 8],16,47,59,31,30
1,<environment.Job instance at 0x7f3a3021cdc0>,16,2,[4 9],17,59,61,42,32
1,<environment.Job instance at 0x7f3a3021c500>,12,15,[9 3],13,52,67,39,38
1,<environment.Job instance at 0x7f3a3021c730>,14,13,[5 4],15,61,74,46,47
1,<environment.Job instance at 0x7f3a3021cfa0>,21,2,[10  2],22,67,69,45,47
1,<environment.Job instance at 0x7f3a3090e410>,20,18,[8 5],21,69,87,48,63
1,<environment.Job instance at 0x7f3a3090e870>,22,21,[6 2],23,74,95,51,66
1,<environment.Job instance at 0x7f3a3090edc0>,24,1,[5 9],25,87,88,62,67
1,<environment.Job instance at 0x7f3a3090e230>,25,3,[6 4],26,88,91,62,67
1,<environment.Job instance at 0x7f3a3090e050>,26,12,[ 1 10],27,91,103,64,74
1,<environment.Job instance at 0x7f3a3090efa0>,23,17,[ 5 10],24,103,120,79,91
1,<environment.Job instance at 0x7f3a3090ea00>,28,12,[1 5],29,95,107,66,91
1,<environment.Job instance at 0x7f3a3090eaf0>,31,14,[3 7],32,120,134,88,105
1,<environment.Job instance at 0x7f3a3090e3c0>,33,16,[8 2],34,107,123,73,105
1,<environment.Job instance at 0x7f3a3090e7d0>,34,12,[5 2],35,123,135,88,106
1,<environment.Job instance at 0x7f3a3090e910>,27,17,[1 5],28,120,137,92,108
1,<environment.Job instance at 0x7f3a3021c370>,17,18,[10  3],18,135,153,117,126
1,<environment.Job instance at 0x7f3a3a200140>,37,1,[10  2],38,153,154,115,126
1,<environment.Job instance at 0x7f3a3090e960>,35,19,[4 7],36,139,158,103,139
1,<environment.Job instance at 0x7f3a3a200370>,41,16,[1 7],42,154,170,112,142
1,<environment.Job instance at 0x7f3a3a200b90>,42,15,[6 3],43,158,173,115,144
1,<environment.Job instance at 0x7f3a3021cc80>,10,24,[5 2],11,158,182,147,155
1,<environment.Job instance at 0x7f3a3a200050>,46,1,[8 3],47,173,174,126,155
1,<environment.Job instance at 0x7f3a3021c2d0>,11,15,[1 9],12,170,185,158,156
1,<environment.Job instance at 0x7f3a3061db40>,0,17,[ 5 10],1,1,18,0,1
1,<environment.Job instance at 0x7f3a3021c410>,1,12,[ 4 11],2,18,30,16,2
1,<environment.Job instance at 0x7f3a3061d9b0>,4,14,[7 4],5,5,19,0,5
1,<environment.Job instance at 0x7f3a3061d1e0>,5,16,[2 7],6,30,46,24,17
1,<environment.Job instance at 0x7f3a3061dbe0>,12,18,[4 7],13,30,48,17,19
1,<environment.Job instance at 0x7f3a3061dd70>,13,12,[8 3],14,46,58,32,29
1,<environment.Job instance at 0x7f3a30da0550>,14,19,[3 5],15,46,65,31,36
1,<environment.Job instance at 0x7f3a3061dfa0>,2,16,[4 7],3,48,64,45,40
1,<environment.Job instance at 0x7f3a30da0370>,16,2,[3 9],17,64,66,47,40
1,<environment.Job instance at 0x7f3a3061d550>,6,13,[8 5],7,65,78,58,51
1,<environment.Job instance at 0x7f3a30da0050>,18,2,[5 6],19,66,68,47,51
1,<environment.Job instance at 0x7f3a30da0230>,15,22,[1 8],16,68,90,52,61
1,<environment.Job instance at 0x7f3a3021c2d0>,3,17,[5 6],4,78,95,74,69
1,<environment.Job instance at 0x7f3a30da0960>,21,2,[4 7],22,90,92,68,69
1,<environment.Job instance at 0x7f3a30da0870>,22,1,[ 3 10],23,95,96,72,69
1,<environment.Job instance at 0x7f3a30da0820>,23,2,[7 5],24,92,94,68,69
1,<environment.Job instance at 0x7f3a30da01e0>,24,3,[3 8],25,96,99,71,70
1,<environment.Job instance at 0x7f3a30da0f00>,25,16,[6 1],26,70,86,44,70
1,<environment.Job instance at 0x7f3a30da0a00>,26,2,[2 9],27,99,101,72,72
1,<environment.Job instance at 0x7f3a30da0500>,27,1,[4 8],28,94,95,66,72
1,<environment.Job instance at 0x7f3a3061d910>,7,14,[10  4],8,95,109,87,80
1,<environment.Job instance at 0x7f3a30c30d70>,29,3,[ 5 10],30,101,104,71,80
1,<environment.Job instance at 0x7f3a30c30500>,28,17,[6 5],29,109,126,80,97
1,<environment.Job instance at 0x7f3a30c30f50>,31,2,[10  5],32,126,128,94,99
1,<environment.Job instance at 0x7f3a30c30820>,32,2,[14  2],33,128,130,95,101
1,<environment.Job instance at 0x7f3a30c30c80>,33,3,[5 5],34,104,107,70,101
1,<environment.Job instance at 0x7f3a30c303c0>,34,2,[2 5],35,107,109,72,101
1,<environment.Job instance at 0x7f3a30c304b0>,39,12,[4 8],40,112,124,72,112
1,<environment.Job instance at 0x7f3a303980f0>,43,2,[7 3],44,124,126,80,112
1,<environment.Job instance at 0x7f3a30c30e60>,41,16,[10  4],42,130,146,88,117
1,<environment.Job instance at 0x7f3a30398780>,47,14,[5 5],48,130,144,82,125
1,<environment.Job instance at 0x7f3a303981e0>,50,14,[6 3],51,146,160,95,131
1,<environment.Job instance at 0x7f3a30398640>,56,14,[7 2],57,146,160,89,131
1,<environment.Job instance at 0x7f3a303c7500>,58,12,[5 8],59,160,172,101,143
1,<environment.Job instance at 0x7f3a30398550>,42,14,[10  2],43,160,174,117,146
1,<environment.Job instance at 0x7f3a3179bcd0>,0,17,[5 1],1,1,18,0,1
1,<environment.Job instance at 0x7f3a30398fa0>,1,14,[5 1],2,2,16,0,2
1,<environment.Job instance at 0x7f3a30398550>,3,16,[1 9],4,4,20,0,4
1,<environment.Job instance at 0x7f3a30e2bfa0>,5,12,[4 5],6,16,28,10,7
1,<environment.Job instance at 0x7f3a30e2bc80>,4,17,[ 3 10],5,20,37,15,8
1,<environment.Job instance at 0x7f3a30e2bc30>,2,3,[5 1],3,28,31,25,8
1,<environment.Job instance at 0x7f3a3145f640>,8,2,[8 1],9,18,20,9,9
1,<environment.Job instance at 0x7f3a31865460>,9,15,[3 6],10,37,52,27,23
1,<environment.Job instance at 0x7f3a300dfc30>,12,14,[5 9],13,37,51,24,23
1,<environment.Job instance at 0x7f3a300dfd20>,13,2,[4 9],14,51,53,37,24
1,<environment.Job instance at 0x7f3a300df230>,14,12,[5 8],15,53,65,38,36
1,<environment.Job instance at 0x7f3a3145f8c0>,10,1,[9 4],11,52,53,41,47
1,<environment.Job instance at 0x7f3a300dffa0>,15,12,[14  4],16,65,77,49,48
1,<environment.Job instance at 0x7f3a300df190>,18,15,[2 7],19,77,92,58,63
1,<environment.Job instance at 0x7f3a300dfeb0>,19,1,[1 8],20,65,66,45,63
1,<environment.Job instance at 0x7f3a300df0a0>,20,16,[1 6],21,66,82,45,63
1,<environment.Job instance at 0x7f3a300df960>,16,17,[10  1],17,77,94,60,65
1,<environment.Job instance at 0x7f3a318650f0>,6,1,[3 8],7,92,93,85,66
1,<environment.Job instance at 0x7f3a300dfb40>,23,1,[1 9],24,93,94,69,68
1,<environment.Job instance at 0x7f3a300df640>,22,18,[2 9],23,94,112,71,83
1,<environment.Job instance at 0x7f3a300df690>,24,21,[9 4],25,94,115,69,88
1,<environment.Job instance at 0x7f3a300dfdc0>,27,3,[ 1 10],28,112,115,84,88
1,<environment.Job instance at 0x7f3a300dfe10>,28,1,[9 4],29,115,116,86,89
1,<environment.Job instance at 0x7f3a300df320>,26,16,[2 9],27,115,131,88,102
1,<environment.Job instance at 0x7f3a31977aa0>,32,13,[6 1],33,116,129,83,102
1,<environment.Job instance at 0x7f3a31196b40>,38,18,[10  5],39,129,147,90,118
1,<environment.Job instance at 0x7f3a311967d0>,40,17,[8 5],41,147,164,106,135
1,<environment.Job instance at 0x7f3a31196d20>,44,17,[8 2],45,164,181,119,152
1,<environment.Job instance at 0x7f3a31196780>,47,17,[1 7],48,152,169,104,152
1,<environment.Job instance at 0x7f3a30ceffa0>,50,12,[5 4],51,164,176,113,152
1,<environment.Job instance at 0x7f3a31610730>,0,2,[2 6],1,1,3,0,1
1,<environment.Job instance at 0x7f3a31a3f870>,2,15,[5 2],3,3,18,0,3
1,<environment.Job instance at 0x7f3a31610aa0>,1,13,[1 9],2,4,17,2,4
1,<environment.Job instance at 0x7f3a31610320>,3,2,[3 8],4,17,19,13,4
1,<environment.Job instance at 0x7f3a31610f50>,4,14,[ 4 13],5,19,33,14,5
1,<environment.Job instance at 0x7f3a309043c0>,5,3,[10  5],6,33,36,27,12
1,<environment.Job instance at 0x7f3a30904c80>,9,18,[9 2],10,36,54,26,25
1,<environment.Job instance at 0x7f3a30904410>,12,12,[7 4],13,54,66,41,37
1,<environment.Job instance at 0x7f3a30904280>,14,20,[5 1],15,37,57,22,37
1,<environment.Job instance at 0x7f3a30904a00>,15,12,[10  4],16,66,78,50,49
1,<environment.Job instance at 0x7f3a309044b0>,8,2,[6 2],9,57,59,48,49
1,<environment.Job instance at 0x7f3a314a2eb0>,20,17,[2 9],21,54,71,33,49
1,<environment.Job instance at 0x7f3a314a2e60>,21,1,[6 2],22,59,60,37,49
1,<environment.Job instance at 0x7f3a314a2910>,24,3,[8 5],25,78,81,53,52
1,<environment.Job instance at 0x7f3a31624e60>,28,14,[3 5],29,71,85,42,56
1,<environment.Job instance at 0x7f3a31624960>,30,12,[6 1],31,81,93,50,64
1,<environment.Job instance at 0x7f3a31624550>,25,3,[3 9],26,81,84,55,64
1,<environment.Job instance at 0x7f3a31624c30>,32,20,[ 2 10],33,85,105,52,76
1,<environment.Job instance at 0x7f3a308d8af0>,35,16,[6 2],36,84,100,48,76
1,<environment.Job instance at 0x7f3a308d8190>,36,13,[5 2],37,93,106,56,77
1,<environment.Job instance at 0x7f3a308d87d0>,37,14,[10  5],38,105,119,67,90
1,<environment.Job instance at 0x7f3a308d8aa0>,39,18,[8 4],40,119,137,79,108
1,<environment.Job instance at 0x7f3a308d82d0>,41,17,[9 5],42,137,154,95,125
1,<environment.Job instance at 0x7f3a308d89b0>,42,16,[10  2],43,154,170,111,141
1,<environment.Job instance at 0x7f3a308d80a0>,43,12,[10  3],44,170,182,126,153
1,<environment.Job instance at 0x7f3a308d8eb0>,44,17,[5 1],45,153,170,108,153
1,<environment.Job instance at 0x7f3a30116730>,45,3,[7 1],46,182,185,136,156
1,<environment.Job instance at 0x7f3a30116820>,46,16,[5 2],47,170,186,123,157
1,<environment.Job instance at 0x7f3a3052bf50>,0,20,[4 7],1,1,21,0,1
1,<environment.Job instance at 0x7f3a3052b230>,1,3,[10  2],2,2,5,0,2
1,<environment.Job instance at 0x7f3a31120550>,2,2,[8 2],3,5,7,2,4
1,<environment.Job instance at 0x7f3a3052bdc0>,3,3,[5 6],4,7,10,3,4
1,<environment.Job instance at 0x7f3a311205a0>,6,16,[3 7],7,10,26,3,7
1,<environment.Job instance at 0x7f3a31120870>,4,1,[ 2 13],5,26,27,21,7
1,<environment.Job instance at 0x7f3a31120d70>,8,16,[12  2],9,21,37,12,9
1,<environment.Job instance at 0x7f3a311208c0>,11,1,[10  4],12,37,38,25,12
1,<environment.Job instance at 0x7f3a31120b40>,12,3,[10  1],13,38,41,25,13
1,<environment.Job instance at 0x7f3a31120280>,10,16,[1 8],11,27,43,16,21
1,<environment.Job instance at 0x7f3a31120f00>,7,1,[2 7],8,41,42,33,22
1,<environment.Job instance at 0x7f3a31120c30>,14,13,[4 9],15,43,56,28,27
1,<environment.Job instance at 0x7f3a3111f960>,17,1,[12  1],18,42,43,24,27
1,<environment.Job instance at 0x7f3a3111f190>,18,1,[10  3],19,43,44,24,27
1,<environment.Job instance at 0x7f3a3111f280>,19,1,[3 8],20,56,57,36,28
1,<environment.Job instance at 0x7f3a3111f5a0>,20,12,[5 2],21,44,56,23,28
1,<environment.Job instance at 0x7f3a3111f780>,21,17,[5 2],22,44,61,22,32
1,<environment.Job instance at 0x7f3a3111f6e0>,22,14,[2 5],23,56,70,33,41
1,<environment.Job instance at 0x7f3a311200a0>,13,12,[6 2],14,57,69,43,43
1,<environment.Job instance at 0x7f3a3111f320>,24,3,[8 1],25,69,72,44,44
1,<environment.Job instance at 0x7f3a3111f370>,23,15,[5 9],24,69,84,45,55
1,<environment.Job instance at 0x7f3a3111fa50>,15,18,[6 1],16,72,90,56,61
1,<environment.Job instance at 0x7f3a310f71e0>,30,13,[ 5 10],31,84,97,53,68
1,<environment.Job instance at 0x7f3a3111faf0>,26,16,[1 8],27,97,113,70,84
1,<environment.Job instance at 0x7f3a310f77d0>,32,1,[7 1],33,90,91,57,84
1,<environment.Job instance at 0x7f3a310f7780>,33,1,[1 8],34,113,114,79,85
1,<environment.Job instance at 0x7f3a31120d20>,9,15,[9 4],10,91,106,81,90
1,<environment.Job instance at 0x7f3a310f7500>,35,15,[8 4],36,106,121,70,92
1,<environment.Job instance at 0x7f3a310f7960>,36,2,[8 2],37,121,123,84,94
1,<environment.Job instance at 0x7f3a310f7dc0>,37,1,[5 9],38,114,115,76,94
1,<environment.Job instance at 0x7f3a310f7050>,31,17,[3 9],32,115,132,83,106
1,<environment.Job instance at 0x7f3a310f1af0>,43,15,[7 3],44,123,138,79,109
1,<environment.Job instance at 0x7f3a310f1410>,44,12,[5 2],45,123,135,78,109
1,<environment.Job instance at 0x7f3a310f13c0>,45,13,[5 8],46,135,148,89,119
1,<environment.Job instance at 0x7f3a310f1320>,38,15,[9 2],39,138,153,99,124
1,<environment.Job instance at 0x7f3a310f1910>,46,15,[1 6],47,148,163,101,134
1,<environment.Job instance at 0x7f3a310f1fa0>,48,18,[3 7],49,148,166,99,137
1,<environment.Job instance at 0x7f3a310fe640>,50,12,[2 6],51,163,175,112,146
1,<environment.Job instance at 0x7f3a310fe460>,52,17,[7 2],53,153,170,100,147
1,<environment.Job instance at 0x7f3a310fe550>,53,15,[10  1],54,170,185,116,156
1,<environment.Job instance at 0x7f3a310fe500>,54,13,[3 5],55,166,179,111,156
1,<environment.Job instance at 0x7f3a302f9640>,1,16,[ 2 10],2,2,18,0,2
1,<environment.Job instance at 0x7f3a315b5230>,4,12,[5 8],5,18,30,13,5
1,<environment.Job instance at 0x7f3a315b52d0>,7,14,[6 3],8,8,22,0,8
1,<environment.Job instance at 0x7f3a315b5460>,8,12,[8 1],9,22,34,13,9
1,<environment.Job instance at 0x7f3a315b5870>,13,2,[3 6],14,30,32,16,17
1,<environment.Job instance at 0x7f3a315b5780>,12,17,[ 5 10],13,32,49,19,20
1,<environment.Job instance at 0x7f3a315b5320>,6,2,[6 5],7,35,37,28,35
1,<environment.Job instance at 0x7f3a315b59b0>,15,16,[1 8],16,49,65,33,36
1,<environment.Job instance at 0x7f3a315b5b90>,17,12,[7 4],18,37,49,19,36
1,<environment.Job instance at 0x7f3a315b5f50>,24,15,[7 5],25,49,64,24,36
1,<environment.Job instance at 0x7f3a315b5fa0>,25,22,[6 5],26,64,86,38,57
1,<environment.Job instance at 0x7f3a31586050>,26,13,[8 1],27,64,77,37,57
1,<environment.Job instance at 0x7f3a315862d0>,29,15,[9 4],30,77,92,47,63
1,<environment.Job instance at 0x7f3a315b5910>,14,17,[5 5],15,86,103,71,75
1,<environment.Job instance at 0x7f3a31586410>,31,13,[10  2],32,92,105,60,76
1,<environment.Job instance at 0x7f3a315865f0>,34,12,[8 1],35,105,117,70,88
1,<environment.Job instance at 0x7f3a31586730>,35,18,[6 3],36,105,123,69,94
1,<environment.Job instance at 0x7f3a31586af0>,38,14,[6 1],39,117,131,78,102
1,<environment.Job instance at 0x7f3a31586cd0>,41,16,[ 3 10],42,117,133,75,104
1,<environment.Job instance at 0x7f3a31586e10>,43,12,[1 8],44,104,116,60,104
1,<environment.Job instance at 0x7f3a31586f50>,45,17,[8 4],46,131,148,85,119
1,<environment.Job instance at 0x7f3a31586910>,47,14,[3 9],48,133,147,85,119
1,<environment.Job instance at 0x7f3a315a1230>,49,20,[3 5],50,147,167,97,138
1,<environment.Job instance at 0x7f3a315a1410>,52,16,[1 9],53,148,164,95,138
1,<environment.Job instance at 0x7f3a315a14b0>,53,13,[5 4],54,164,177,110,148
1,<environment.Job instance at 0x7f3a315a1550>,54,15,[8 3],55,167,182,112,153
1,<environment.Job instance at 0x7f3a315a1690>,56,15,[2 8],57,167,182,110,153
1,<environment.Job instance at 0x7f353c647320>,1,1,[3 7],2,2,3,0,2
1,<environment.Job instance at 0x7f3532ecf460>,2,13,[10  1],3,3,16,0,3
1,<environment.Job instance at 0x7f3532ecf640>,3,17,[ 5 10],4,4,21,0,4
1,<environment.Job instance at 0x7f3532ecf820>,5,12,[1 7],6,21,33,15,6
1,<environment.Job instance at 0x7f3532ecf960>,7,16,[5 8],8,21,37,13,8
1,<environment.Job instance at 0x7f353c6471e0>,10,12,[5 5],11,33,45,22,16
1,<environment.Job instance at 0x7f3532ecfc80>,13,15,[7 4],14,37,52,23,23
1,<environment.Job instance at 0x7f3532ecfd20>,14,18,[1 6],15,37,55,22,27
1,<environment.Job instance at 0x7f3532ecf8c0>,11,3,[5 5],12,45,48,33,27
1,<environment.Job instance at 0x7f3532ecfdc0>,15,16,[5 5],16,48,64,32,35
1,<environment.Job instance at 0x7f3532ecff50>,17,2,[3 5],18,55,57,37,35
1,<environment.Job instance at 0x7f3532ecffa0>,18,12,[1 8],19,57,69,38,40
1,<environment.Job instance at 0x7f3532ed12d0>,20,14,[4 8],21,69,83,48,54
1,<environment.Job instance at 0x7f3532ed1190>,24,2,[6 5],25,55,57,30,54
1,<environment.Job instance at 0x7f3532ed15f0>,25,1,[9 2],26,54,55,28,54
1,<environment.Job instance at 0x7f3532ed15a0>,26,16,[9 1],27,57,73,30,54
1,<environment.Job instance at 0x7f3532ed1460>,29,18,[5 1],30,73,91,43,62
1,<environment.Job instance at 0x7f3532ed1910>,30,3,[6 5],31,73,76,42,62
1,<environment.Job instance at 0x7f3532ed1960>,31,15,[5 5],32,76,91,44,62
1,<environment.Job instance at 0x7f3532ed1aa0>,33,15,[5 3],34,83,98,49,69
1,<environment.Job instance at 0x7f3532ed1b40>,34,19,[3 7],35,91,110,56,81
1,<environment.Job instance at 0x7f3532ed1dc0>,35,1,[9 1],36,98,99,62,81
1,<environment.Job instance at 0x7f3532ed1c80>,36,13,[7 1],37,99,112,62,83
1,<environment.Job instance at 0x7f3532ed1e60>,37,2,[8 4],38,110,112,72,83
1,<environment.Job instance at 0x7f3532ed1f50>,38,12,[5 4],39,112,124,73,95
1,<environment.Job instance at 0x7f3532ed5280>,40,12,[10  2],41,112,124,71,95
1,<environment.Job instance at 0x7f3532ecfa50>,12,17,[1 8],13,124,141,111,112
1,<environment.Job instance at 0x7f3532ed5370>,42,15,[7 4],43,124,139,81,112
1,<environment.Job instance at 0x7f3532ed5410>,43,20,[5 2],44,124,144,80,115
1,<environment.Job instance at 0x7f3532ed54b0>,44,14,[7 1],45,139,153,94,124
1,<environment.Job instance at 0x7f3532ed50a0>,45,2,[9 3],46,153,155,107,126
1,<environment.Job instance at 0x7f3532ed55f0>,46,18,[2 7],47,141,159,94,130
1,<environment.Job instance at 0x7f3532ed5690>,47,1,[1 7],48,144,145,96,130
1,<environment.Job instance at 0x7f3532ed57d0>,49,15,[3 9],50,159,174,109,145
1,<environment.Job instance at 0x7f3532ed52d0>,50,15,[4 7],51,174,189,123,160
1,<environment.Job instance at 0x7f3532ed5910>,51,2,[5 4],52,160,162,108,160
1,<environment.Job instance at 0x7f3532ed59b0>,52,2,[6 2],53,160,162,107,160
1,<environment.Job instance at 0x7f3532ed5230>,53,21,[5 4],54,162,183,108,160
1,<environment.Job instance at 0x7f353340f460>,0,19,[ 5 11],1,1,20,0,1
1,<environment.Job instance at 0x7f3532ed5230>,2,18,[9 2],3,3,21,0,3
1,<environment.Job instance at 0x7f353340f7d0>,3,16,[2 8],4,20,36,16,7
1,<environment.Job instance at 0x7f3532ed5a50>,1,16,[9 1],2,21,37,19,8
1,<environment.Job instance at 0x7f353302e230>,7,1,[3 7],8,36,37,28,11
1,<environment.Job instance at 0x7f353302e910>,8,12,[5 5],9,37,49,28,20
1,<environment.Job instance at 0x7f353302e780>,9,13,[2 7],10,36,49,26,21
1,<environment.Job instance at 0x7f353302ef50>,16,14,[6 1],17,37,51,20,25
1,<environment.Job instance at 0x7f35329a8d20>,17,12,[4 8],18,49,61,31,32
1,<environment.Job instance at 0x7f353302e640>,6,21,[5 2],7,49,70,42,42
1,<environment.Job instance at 0x7f353302ef00>,19,3,[7 2],20,61,64,41,42
1,<environment.Job instance at 0x7f353261eaf0>,20,2,[6 1],21,51,53,30,42
1,<environment.Job instance at 0x7f35328243c0>,18,17,[6 1],19,64,81,45,52
1,<environment.Job instance at 0x7f353340f5a0>,5,17,[1 5],6,53,70,47,52
1,<environment.Job instance at 0x7f353292e8c0>,23,1,[9 3],24,70,71,46,52
1,<environment.Job instance at 0x7f353290eaa0>,21,14,[9 5],22,71,85,49,57
1,<environment.Job instance at 0x7f35329a4780>,25,3,[3 9],26,81,84,55,57
1,<environment.Job instance at 0x7f3532a35b90>,24,15,[12  4],25,85,100,60,71
1,<environment.Job instance at 0x7f3532620640>,27,17,[2 8],28,84,101,56,72
1,<environment.Job instance at 0x7f353261c870>,28,1,[6 5],29,100,101,71,72
1,<environment.Job instance at 0x7f35326254b0>,29,2,[5 4],30,101,103,71,74
1,<environment.Job instance at 0x7f35325e4500>,30,2,[1 9],31,101,103,70,74
1,<environment.Job instance at 0x7f3532936960>,32,13,[9 4],33,103,116,70,87
1,<environment.Job instance at 0x7f35329f7e60>,35,15,[5 6],36,103,118,67,89
1,<environment.Job instance at 0x7f3532828780>,38,14,[5 5],39,116,130,77,101
1,<environment.Job instance at 0x7f35328e5aa0>,41,17,[7 2],42,118,135,76,110
1,<environment.Job instance at 0x7f35325f8730>,31,17,[7 5],32,130,147,98,118
1,<environment.Job instance at 0x7f35328e5b40>,43,12,[1 9],44,135,147,91,118
1,<environment.Job instance at 0x7f353298aa00>,44,13,[5 9],45,147,160,102,140
1,<environment.Job instance at 0x7f353296feb0>,47,2,[1 8],48,160,162,112,140
1,<environment.Job instance at 0x7f353296fb90>,48,2,[4 8],49,162,164,113,140
1,<environment.Job instance at 0x7f353292e460>,26,28,[5 7],27,160,188,133,159
1,<environment.Job instance at 0x7f353296f280>,50,22,[5 5],51,164,186,113,159
1,<environment.Job instance at 0x7f3532587eb0>,0,14,[8 5],1,1,15,0,1
1,<environment.Job instance at 0x7f3532587f50>,1,3,[1 5],2,2,5,0,2
1,<environment.Job instance at 0x7f3532587050>,2,3,[8 5],3,15,18,12,3
1,<environment.Job instance at 0x7f35329e8e60>,4,14,[10  1],5,18,32,13,5
1,<environment.Job instance at 0x7f353258a730>,14,14,[6 3],15,32,46,17,17
1,<environment.Job instance at 0x7f353258a320>,16,12,[4 6],17,30,42,13,30
1,<environment.Job instance at 0x7f353258a500>,18,17,[6 5],19,42,59,23,30
1,<environment.Job instance at 0x7f353258adc0>,7,2,[ 3 12],8,59,61,51,32
1,<environment.Job instance at 0x7f35325bd960>,20,13,[4 8],21,46,59,25,32
1,<environment.Job instance at 0x7f35325bd500>,24,2,[ 4 10],25,61,63,36,34
1,<environment.Job instance at 0x7f35325bd780>,25,15,[2 7],26,63,78,37,51
1,<environment.Job instance at 0x7f35325bde60>,26,3,[5 4],27,61,64,34,51
1,<environment.Job instance at 0x7f35325bdeb0>,27,12,[5 7],28,64,76,36,51
1,<environment.Job instance at 0x7f35325bdf50>,29,14,[3 5],30,76,90,46,61
1,<environment.Job instance at 0x7f35325bd050>,32,14,[8 2],33,76,90,43,61
1,<environment.Job instance at 0x7f35325bdb40>,36,18,[8 4],37,90,108,53,79
1,<environment.Job instance at 0x7f353253a370>,37,16,[5 1],38,90,106,52,79
1,<environment.Job instance at 0x7f353253af50>,43,18,[9 3],44,108,126,64,97
1,<environment.Job instance at 0x7f353253a4b0>,45,17,[2 5],46,97,114,51,97
1,<environment.Job instance at 0x7f353253a410>,46,17,[4 8],47,114,131,67,102
1,<environment.Job instance at 0x7f353342a050>,53,17,[5 1],54,126,143,72,114
1,<environment.Job instance at 0x7f35333e2c80>,54,18,[3 6],55,126,144,71,115
1,<environment.Job instance at 0x7f35333e2960>,55,17,[2 5],56,131,148,75,119
1,<environment.Job instance at 0x7f35325bdc80>,28,16,[5 6],29,144,160,115,131
1,<environment.Job instance at 0x7f3532d5c690>,59,3,[2 6],60,148,151,88,131
1,<environment.Job instance at 0x7f3532d5cfa0>,60,1,[3 5],61,151,152,90,131
1,<environment.Job instance at 0x7f3532d5cdc0>,61,3,[2 5],62,152,155,90,131
1,<environment.Job instance at 0x7f3532d5cc30>,58,18,[10  4],59,155,173,96,145
1,<environment.Job instance at 0x7f353307ebe0>,67,19,[5 3],68,160,179,92,150
1,<environment.Job instance at 0x7f3533390a00>,70,12,[6 2],71,173,185,102,156
1,<environment.Job instance at 0x7f3533390aa0>,72,17,[2 9],73,173,190,100,161
1,<environment.Job instance at 0x7f35328dca00>,1,17,[3 8],2,2,19,0,2
1,<environment.Job instance at 0x7f35329f7be0>,3,16,[5 1],4,4,20,0,4
1,<environment.Job instance at 0x7f35329f7f50>,4,3,[5 1],5,5,8,0,5
1,<environment.Job instance at 0x7f35325bd910>,5,2,[2 6],6,8,10,2,6
1,<environment.Job instance at 0x7f35325bd370>,7,17,[5 7],8,19,36,11,8
1,<environment.Job instance at 0x7f35325bd280>,8,15,[2 7],9,19,34,10,9
1,<environment.Job instance at 0x7f3532be5500>,12,2,[6 2],13,13,15,0,13
1,<environment.Job instance at 0x7f3532be5910>,13,2,[1 8],14,34,36,20,14
1,<environment.Job instance at 0x7f3532be58c0>,14,1,[5 4],15,15,16,0,15
1,<environment.Job instance at 0x7f3532be5370>,15,3,[ 5 10],16,36,39,20,16
1,<environment.Job instance at 0x7f35329aceb0>,10,13,[4 5],11,36,49,25,25
1,<environment.Job instance at 0x7f35329ac960>,9,18,[1 8],10,39,57,29,36
1,<environment.Job instance at 0x7f3532a0ff00>,20,1,[5 8],21,57,58,36,36
1,<environment.Job instance at 0x7f3532598b90>,0,18,[8 1],1,40,58,39,40
1,<environment.Job instance at 0x7f3532b57eb0>,24,12,[2 7],25,58,70,33,41
1,<environment.Job instance at 0x7f3532b57dc0>,23,25,[7 3],24,58,83,34,54
1,<environment.Job instance at 0x7f3532e7eeb0>,26,3,[10  1],27,83,86,56,57
1,<environment.Job instance at 0x7f353298a870>,27,15,[6 1],28,58,73,30,57
1,<environment.Job instance at 0x7f3532a216e0>,28,14,[ 3 10],29,73,87,44,60
1,<environment.Job instance at 0x7f3532a21230>,29,13,[1 8],30,87,100,57,71
1,<environment.Job instance at 0x7f35326eac80>,30,3,[5 4],31,86,89,55,71
1,<environment.Job instance at 0x7f35326ea690>,31,13,[12  2],32,89,102,57,73
1,<environment.Job instance at 0x7f3533376960>,37,12,[1 8],38,100,112,62,83
1,<environment.Job instance at 0x7f35333760f0>,38,2,[6 2],39,87,89,48,83
1,<environment.Job instance at 0x7f3532b54820>,36,15,[6 3],37,102,117,65,88
1,<environment.Job instance at 0x7f353259e410>,43,14,[ 5 10],44,112,126,68,98
1,<environment.Job instance at 0x7f353259e5f0>,45,17,[3 5],46,117,134,71,112
1,<environment.Job instance at 0x7f3532a15f00>,11,28,[6 2],12,126,154,114,125
1,<environment.Job instance at 0x7f353259ea00>,48,13,[4 5],49,126,139,77,125
1,<environment.Job instance at 0x7f353259eb90>,50,16,[2 6],51,134,150,83,125
1,<environment.Job instance at 0x7f353259e960>,51,16,[9 5],52,150,166,98,137
1,<environment.Job instance at 0x7f353259ef00>,53,17,[5 3],54,154,171,100,142
1,<environment.Job instance at 0x7f3532624370>,54,22,[6 5],55,166,188,111,159
1,<environment.Job instance at 0x7f35326245a0>,55,13,[1 8],56,171,184,115,160
1,<environment.Job instance at 0x7f35335c0230>,1,15,[4 6],2,2,17,0,2
1,<environment.Job instance at 0x7f35335c7230>,2,3,[5 5],3,3,6,0,3
1,<environment.Job instance at 0x7f35335c7cd0>,3,17,[8 4],4,6,23,2,4
1,<environment.Job instance at 0x7f35335930a0>,4,16,[1 6],5,17,33,12,5
1,<environment.Job instance at 0x7f35335acc80>,8,3,[6 3],9,17,20,8,9
1,<environment.Job instance at 0x7f35335930f0>,5,16,[9 3],6,23,39,17,12
1,<environment.Job instance at 0x7f35335ac9b0>,10,22,[5 4],11,20,42,9,13
1,<environment.Job instance at 0x7f35335acaa0>,11,2,[1 6],12,33,35,21,13
1,<environment.Job instance at 0x7f35335ac410>,12,1,[5 9],13,39,40,26,13
1,<environment.Job instance at 0x7f35335acb90>,6,13,[9 1],7,40,53,33,24
1,<environment.Job instance at 0x7f35335b6d20>,15,14,[1 9],16,40,54,24,25
1,<environment.Job instance at 0x7f35335b6910>,16,14,[4 9],17,54,68,37,39
1,<environment.Job instance at 0x7f35335b68c0>,18,3,[8 1],19,53,56,34,39
1,<environment.Job instance at 0x7f35339f30f0>,22,3,[7 2],23,56,59,33,39
1,<environment.Job instance at 0x7f35339f3230>,23,3,[3 6],24,59,62,35,39
1,<environment.Job instance at 0x7f35339f3d70>,24,14,[4 5],25,62,76,37,47
1,<environment.Job instance at 0x7f35339f35f0>,25,17,[3 7],26,68,85,42,56
1,<environment.Job instance at 0x7f35339f3e10>,29,16,[3 5],30,76,92,46,63
1,<environment.Job instance at 0x7f35339f3370>,30,13,[ 5 10],31,85,98,54,72
1,<environment.Job instance at 0x7f3533a22460>,34,15,[9 5],35,92,107,57,78
1,<environment.Job instance at 0x7f3533a224b0>,36,13,[7 3],37,107,120,70,91
1,<environment.Job instance at 0x7f353332d730>,40,13,[9 4],41,120,133,79,104
1,<environment.Job instance at 0x7f353250fdc0>,45,18,[10  2],46,133,151,87,122
1,<environment.Job instance at 0x7f353332da50>,46,16,[ 2 10],47,133,149,86,133
1,<environment.Job instance at 0x7f3533593c30>,48,13,[5 5],49,149,162,100,133
1,<environment.Job instance at 0x7f35324c1190>,49,14,[3 7],50,151,165,101,136
1,<environment.Job instance at 0x7f35335b63c0>,53,12,[4 6],54,162,174,108,145
1,<environment.Job instance at 0x7f35335ac6e0>,9,18,[7 1],10,151,169,141,145
1,<environment.Job instance at 0x7f35324b80a0>,54,17,[6 1],55,169,186,114,157
1,<environment.Job instance at 0x7f35324d0a00>,58,12,[7 3],59,174,186,115,157
1,<environment.Job instance at 0x7f3532525460>,0,2,[5 8],1,1,3,0,1
1,<environment.Job instance at 0x7f35324d0b90>,1,3,[7 4],2,2,5,0,2
1,<environment.Job instance at 0x7f35324d0a00>,3,15,[3 6],4,4,19,0,4
1,<environment.Job instance at 0x7f35324f40f0>,4,1,[4 6],5,5,6,0,5
1,<environment.Job instance at 0x7f35324f4820>,6,24,[3 5],7,7,31,0,7
1,<environment.Job instance at 0x7f35324f45a0>,8,18,[2 6],9,19,37,10,9
1,<environment.Job instance at 0x7f35324f46e0>,9,17,[5 4],10,10,27,0,10
1,<environment.Job instance at 0x7f35324f4a50>,13,3,[4 8],14,31,34,17,14
1,<environment.Job instance at 0x7f35324f4140>,11,13,[4 8],12,34,47,22,18
1,<environment.Job instance at 0x7f35324f4aa0>,15,18,[2 5],16,37,55,21,26
1,<environment.Job instance at 0x7f35324f47d0>,17,3,[8 1],18,27,30,9,26
1,<environment.Job instance at 0x7f35335c7050>,22,14,[3 6],23,47,61,24,32
1,<environment.Job instance at 0x7f35335c7fa0>,25,12,[10  5],26,55,67,29,38
1,<environment.Job instance at 0x7f35335c79b0>,26,17,[5 1],27,38,55,11,38
1,<environment.Job instance at 0x7f35335c73c0>,27,12,[3 5],28,61,73,33,44
1,<environment.Job instance at 0x7f35335c7f00>,28,15,[4 5],29,67,82,38,53
1,<environment.Job instance at 0x7f35335c7a50>,29,14,[2 8],30,73,87,43,58
1,<environment.Job instance at 0x7f35335c7550>,32,12,[1 7],33,82,94,49,65
1,<environment.Job instance at 0x7f35328f1460>,33,15,[7 5],34,87,102,53,73
1,<environment.Job instance at 0x7f35328f1d70>,35,14,[3 6],36,94,108,58,79
1,<environment.Job instance at 0x7f35328f1a50>,38,13,[4 8],39,102,115,63,86
1,<environment.Job instance at 0x7f35328f1410>,39,17,[ 2 10],40,115,132,75,103
1,<environment.Job instance at 0x7f35328f13c0>,40,3,[4 8],41,132,135,91,106
1,<environment.Job instance at 0x7f35328f1640>,42,15,[6 3],43,108,123,65,106
1,<environment.Job instance at 0x7f35328f1aa0>,43,3,[5 4],44,108,111,64,106
1,<environment.Job instance at 0x7f35328f1c30>,44,16,[10  2],45,123,139,78,112
1,<environment.Job instance at 0x7f35328f1370>,45,12,[5 3],46,135,147,89,118
1,<environment.Job instance at 0x7f35328f10f0>,46,15,[3 7],47,139,154,92,125
1,<environment.Job instance at 0x7f35328f1f50>,47,17,[2 6],48,147,164,99,135
1,<environment.Job instance at 0x7f35328f1320>,48,14,[9 5],49,154,168,105,139
1,<environment.Job instance at 0x7f35328f1960>,51,15,[7 5],52,168,183,116,154
1,<environment.Job instance at 0x7f3532c0d550>,52,20,[5 6],53,164,184,111,155
1,<environment.Job instance at 0x7f3532c0dd70>,54,13,[ 2 10],55,184,197,129,168
1,<environment.Job instance at 0x7f3533959410>,0,3,[7 1],1,2,5,1,2
1,<environment.Job instance at 0x7f3532aca9b0>,1,3,[6 3],2,2,5,0,2
1,<environment.Job instance at 0x7f3533959d20>,2,18,[5 1],3,5,23,2,3
1,<environment.Job instance at 0x7f3533959aa0>,3,3,[4 5],4,7,10,3,7
1,<environment.Job instance at 0x7f3533959910>,4,1,[3 6],5,7,8,2,7
1,<environment.Job instance at 0x7f3533959d70>,8,17,[8 3],9,10,27,1,9
1,<environment.Job instance at 0x7f3533959b40>,7,12,[12  4],8,27,39,19,10
1,<environment.Job instance at 0x7f35339595f0>,11,22,[1 9],12,12,34,0,12
1,<environment.Job instance at 0x7f353c081d20>,13,3,[8 2],14,39,42,25,15
1,<environment.Job instance at 0x7f353c081eb0>,12,14,[7 2],13,39,53,26,24
1,<environment.Job instance at 0x7f3533959fa0>,6,3,[9 3],7,53,56,46,27
1,<environment.Job instance at 0x7f353c081f00>,14,16,[5 1],15,42,58,27,29
1,<environment.Job instance at 0x7f353c081230>,18,17,[9 1],19,56,73,37,44
1,<environment.Job instance at 0x7f353c081dc0>,20,18,[4 7],21,58,76,37,47
1,<environment.Job instance at 0x7f353c081320>,22,14,[9 1],23,73,87,50,58
1,<environment.Job instance at 0x7f353c0814b0>,25,14,[6 2],26,76,90,50,61
1,<environment.Job instance at 0x7f353c081c80>,26,16,[9 2],27,87,103,60,74
1,<environment.Job instance at 0x7f3533a3f690>,31,12,[ 5 10],32,90,102,58,74
1,<environment.Job instance at 0x7f3533a3f9b0>,37,18,[4 9],38,102,120,64,91
1,<environment.Job instance at 0x7f3533a3fe10>,38,12,[5 2],39,103,115,64,91
1,<environment.Job instance at 0x7f3533a3f050>,42,16,[3 6],43,115,131,72,102
1,<environment.Job instance at 0x7f3533a3fdc0>,43,13,[4 9],44,120,133,76,104
1,<environment.Job instance at 0x7f3532d10640>,44,12,[9 4],45,131,143,86,114
1,<environment.Job instance at 0x7f3532d100a0>,45,17,[2 8],46,133,150,87,121
1,<environment.Job instance at 0x7f3532d105a0>,46,17,[1 7],47,143,160,96,131
1,<environment.Job instance at 0x7f3532d10aa0>,47,18,[5 1],48,150,168,102,139
1,<environment.Job instance at 0x7f3532d10960>,50,13,[5 8],51,160,173,109,144
1,<environment.Job instance at 0x7f3532d10b90>,51,15,[7 4],52,168,183,116,154
1,<environment.Job instance at 0x7f3532d10320>,54,13,[6 2],55,173,186,118,157
1,<environment.Job instance at 0x7f353248e550>,0,12,[2 5],1,1,13,0,1
1,<environment.Job instance at 0x7f353248e500>,1,2,[3 6],2,2,4,0,2
1,<environment.Job instance at 0x7f35335a2320>,3,17,[6 2],4,4,21,0,4
1,<environment.Job instance at 0x7f35325ba690>,4,1,[6 4],5,5,6,0,5
1,<environment.Job instance at 0x7f35325bb190>,8,17,[ 1 10],9,13,30,4,9
1,<environment.Job instance at 0x7f35325bc2d0>,9,2,[7 3],10,10,12,0,10
1,<environment.Job instance at 0x7f35325bccd0>,11,3,[3 7],12,30,33,18,12
1,<environment.Job instance at 0x7f35325bce10>,12,1,[ 3 10],13,33,34,20,13
1,<environment.Job instance at 0x7f35325bc910>,13,18,[7 5],14,21,39,7,14
1,<environment.Job instance at 0x7f35325bca50>,17,3,[ 5 11],18,39,42,21,18
1,<environment.Job instance at 0x7f35325b8fa0>,18,2,[ 1 10],19,34,36,15,19
1,<environment.Job instance at 0x7f35325ba7d0>,15,15,[10  3],16,39,54,23,25
1,<environment.Job instance at 0x7f35325bc9b0>,16,3,[ 1 10],17,36,39,19,26
1,<environment.Job instance at 0x7f35325cb500>,19,13,[ 5 10],20,42,55,22,26
1,<environment.Job instance at 0x7f35331adb90>,21,3,[6 4],22,54,57,32,28
1,<environment.Job instance at 0x7f353354e960>,23,3,[5 6],24,55,58,31,29
1,<environment.Job instance at 0x7f3533193c80>,24,3,[6 4],25,57,60,32,34
1,<environment.Job instance at 0x7f3532e2d8c0>,25,2,[13  1],26,60,62,34,34
1,<environment.Job instance at 0x7f3533193370>,26,3,[3 8],27,62,65,35,36
1,<environment.Job instance at 0x7f3532e52f00>,27,14,[1 6],28,58,72,30,44
1,<environment.Job instance at 0x7f35331935f0>,28,1,[5 5],29,58,59,29,45
1,<environment.Job instance at 0x7f35325bcb90>,14,14,[5 5],15,65,79,50,50
1,<environment.Job instance at 0x7f35325dce10>,31,3,[ 5 10],32,72,75,40,50
1,<environment.Job instance at 0x7f35325dc9b0>,32,17,[5 5],33,75,92,42,63
1,<environment.Job instance at 0x7f35325dcbe0>,33,15,[7 3],34,79,94,45,67
1,<environment.Job instance at 0x7f35325dcd20>,34,2,[1 9],35,92,94,57,67
1,<environment.Job instance at 0x7f35325dccd0>,35,15,[6 4],36,94,109,58,81
1,<environment.Job instance at 0x7f3532e3faf0>,36,2,[6 2],37,92,94,55,81
1,<environment.Job instance at 0x7f3532e69e10>,39,16,[2 7],40,94,110,54,83
1,<environment.Job instance at 0x7f35331adc30>,22,20,[6 5],23,109,129,86,100
1,<environment.Job instance at 0x7f3532b9a320>,41,17,[2 7],42,110,127,68,100
1,<environment.Job instance at 0x7f3533548aa0>,42,3,[13  3],43,129,132,86,103
1,<environment.Job instance at 0x7f3532e653c0>,43,12,[ 5 11],44,132,144,88,115
1,<environment.Job instance at 0x7f3532b9aa50>,40,21,[10  4],41,132,153,91,125
1,<environment.Job instance at 0x7f3533548870>,44,15,[4 9],45,144,159,99,130
1,<environment.Job instance at 0x7f35335217d0>,46,13,[7 1],47,153,166,106,137
1,<environment.Job instance at 0x7f3533521fa0>,45,14,[3 7],46,159,173,113,144
1,<environment.Job instance at 0x7f3532e58a00>,48,16,[10  5],49,166,182,117,154
1,<environment.Job instance at 0x7f3532e58eb0>,50,13,[6 4],51,182,195,131,166
1,<environment.Job instance at 0x7f3532e589b0>,47,17,[1 9],48,173,190,125,167
1,<environment.Job instance at 0x7f3532e57730>,62,1,[ 3 10],63,190,191,127,167
1,<environment.Job instance at 0x7f35339f4960>,0,14,[10  5],1,1,15,0,1
1,<environment.Job instance at 0x7f3532e57730>,2,16,[ 3 10],3,3,19,0,3
1,<environment.Job instance at 0x7f35328a23c0>,5,13,[8 4],6,15,28,9,6
1,<environment.Job instance at 0x7f35328a2aa0>,6,1,[ 2 10],7,19,20,12,7
1,<environment.Job instance at 0x7f35328a24b0>,7,1,[7 4],8,20,21,12,8
1,<environment.Job instance at 0x7f35328a2820>,8,18,[ 1 10],9,21,39,12,10
1,<environment.Job instance at 0x7f3532e28c30>,13,15,[6 5],14,28,43,14,14
1,<environment.Job instance at 0x7f3532e28050>,18,17,[5 9],19,39,56,20,27
1,<environment.Job instance at 0x7f3532e281e0>,19,12,[10  2],20,43,55,23,27
1,<environment.Job instance at 0x7f3532e28eb0>,20,12,[2 5],21,55,67,34,38
1,<environment.Job instance at 0x7f3532e283c0>,24,12,[8 2],25,56,68,31,39
1,<environment.Job instance at 0x7f3532e285a0>,25,12,[6 1],26,67,79,41,50
1,<environment.Job instance at 0x7f353352eaa0>,27,12,[5 3],28,68,80,40,51
1,<environment.Job instance at 0x7f353352eaf0>,33,18,[7 2],34,79,97,45,68
1,<environment.Job instance at 0x7f353352e690>,35,17,[2 5],36,68,85,32,68
1,<environment.Job instance at 0x7f353352ec80>,36,16,[5 3],37,80,96,43,68
1,<environment.Job instance at 0x7f353352e320>,37,12,[3 7],38,85,97,47,68
1,<environment.Job instance at 0x7f353352e3c0>,38,13,[9 5],39,97,110,58,81
1,<environment.Job instance at 0x7f35328a2190>,16,13,[ 1 10],17,97,110,80,83
1,<environment.Job instance at 0x7f353352ea50>,39,15,[8 1],40,110,125,70,96
1,<environment.Job instance at 0x7f353352e5a0>,41,3,[10  4],42,125,128,83,99
1,<environment.Job instance at 0x7f353352edc0>,42,14,[10  4],43,128,142,85,113
1,<environment.Job instance at 0x7f3532e28780>,17,21,[1 9],18,117,138,99,117
1,<environment.Job instance at 0x7f353352ed20>,44,14,[6 4],45,142,156,97,127
1,<environment.Job instance at 0x7f3533532f50>,46,16,[4 5],47,138,154,91,127
1,<environment.Job instance at 0x7f3533532960>,48,16,[10  5],49,156,172,107,143
1,<environment.Job instance at 0x7f3533532fa0>,49,3,[3 6],50,143,146,93,143
1,<environment.Job instance at 0x7f3533532d20>,51,18,[10  5],52,172,190,120,161
1,<environment.Job instance at 0x7f3532e58dc0>,1,17,[3 9],2,2,19,0,2
1,<environment.Job instance at 0x7f353329d0a0>,2,13,[10  5],3,3,16,0,3
1,<environment.Job instance at 0x7f35339ebb90>,4,1,[6 1],5,16,17,11,5
1,<environment.Job instance at 0x7f35339eb960>,5,1,[8 2],6,17,18,11,6
1,<environment.Job instance at 0x7f35339eb6e0>,6,15,[2 6],7,18,33,11,7
1,<environment.Job instance at 0x7f35339eb4b0>,7,18,[ 4 10],8,33,51,25,22
1,<environment.Job instance at 0x7f3533a1bd20>,11,13,[5 5],12,22,35,10,22
1,<environment.Job instance at 0x7f3533a1bdc0>,12,17,[8 5],13,35,52,22,23
1,<environment.Job instance at 0x7f35332990f0>,13,1,[ 5 10],14,51,52,37,23
1,<environment.Job instance at 0x7f35332992d0>,14,2,[2 5],15,52,54,37,25
1,<environment.Job instance at 0x7f3533a1bd70>,9,2,[6 3],10,29,31,19,29
1,<environment.Job instance at 0x7f3533299460>,15,12,[3 9],16,52,64,36,35
1,<environment.Job instance at 0x7f3533299a00>,19,14,[10  4],20,54,68,34,46
1,<environment.Job instance at 0x7f3533299640>,16,13,[2 9],17,64,77,47,48
1,<environment.Job instance at 0x7f35332bc550>,26,15,[10  5],27,68,83,41,54
1,<environment.Job instance at 0x7f35332b11e0>,28,18,[6 3],29,83,101,54,72
1,<environment.Job instance at 0x7f3532492320>,31,13,[5 7],32,77,90,45,72
1,<environment.Job instance at 0x7f3532495e10>,35,14,[5 9],36,90,104,54,75
1,<environment.Job instance at 0x7f35331bc5f0>,40,12,[5 5],41,101,113,60,84
1,<environment.Job instance at 0x7f35331bccd0>,41,15,[5 5],42,104,119,62,90
1,<environment.Job instance at 0x7f353353dcd0>,43,14,[2 9],44,113,127,69,98
1,<environment.Job instance at 0x7f353371cc30>,45,13,[1 9],46,127,140,81,111
1,<environment.Job instance at 0x7f3533547730>,46,17,[2 5],47,119,136,72,111
1,<environment.Job instance at 0x7f35335474b0>,47,19,[7 4],48,136,155,88,126
1,<environment.Job instance at 0x7f353373a960>,48,14,[6 2],49,136,150,87,126
1,<environment.Job instance at 0x7f353371c910>,49,18,[8 4],50,150,168,100,139
1,<environment.Job instance at 0x7f35335198c0>,50,3,[2 7],51,140,143,89,139
1,<environment.Job instance at 0x7f353371f5f0>,52,12,[1 6],53,155,167,102,139
1,<environment.Job instance at 0x7f3533533730>,55,16,[4 7],56,167,183,111,154
1,<environment.Job instance at 0x7f3533533c30>,58,12,[5 2],59,155,167,96,154
1,<environment.Job instance at 0x7f3533533f00>,59,13,[9 1],60,168,181,108,154
1,<environment.Job instance at 0x7f35329f7230>,0,12,[9 4],1,1,13,0,1
1,<environment.Job instance at 0x7f3533533f00>,2,18,[2 9],3,3,21,0,3
1,<environment.Job instance at 0x7f35339abaa0>,3,12,[7 1],4,13,25,9,4
1,<environment.Job instance at 0x7f35339ab0f0>,7,3,[3 7],8,21,24,13,8
1,<environment.Job instance at 0x7f35339ab0a0>,5,17,[5 6],6,21,38,15,9
1,<environment.Job instance at 0x7f35339ab690>,8,3,[1 9],9,25,28,16,10
1,<environment.Job instance at 0x7f35339ab8c0>,9,12,[3 8],10,28,40,18,11
1,<environment.Job instance at 0x7f35339ab410>,6,2,[6 5],7,13,15,6,12
1,<environment.Job instance at 0x7f35339abeb0>,12,3,[14  5],13,40,43,27,16
1,<environment.Job instance at 0x7f35339abd20>,13,1,[2 5],14,16,17,2,16
1,<environment.Job instance at 0x7f35329363c0>,14,2,[4 7],15,38,40,23,19
1,<environment.Job instance at 0x7f3532936690>,15,2,[5 5],16,19,21,3,19
1,<environment.Job instance at 0x7f35339abb90>,11,18,[2 9],12,43,61,31,32
1,<environment.Job instance at 0x7f35329367d0>,17,14,[10  5],18,43,57,25,32
1,<environment.Job instance at 0x7f3532936230>,18,17,[10  4],19,57,74,38,45
1,<environment.Job instance at 0x7f3532936730>,20,17,[2 9],21,61,78,40,49
1,<environment.Job instance at 0x7f35329369b0>,21,17,[9 2],22,74,91,52,62
1,<environment.Job instance at 0x7f3532936960>,29,13,[5 7],30,78,91,48,62
1,<environment.Job instance at 0x7f35329365f0>,30,12,[5 9],31,91,103,60,74
1,<environment.Job instance at 0x7f35333d9730>,33,12,[9 1],34,91,103,57,78
1,<environment.Job instance at 0x7f35333d91e0>,34,18,[7 3],35,103,121,68,92
1,<environment.Job instance at 0x7f35333d9410>,35,17,[9 2],36,121,138,85,109
1,<environment.Job instance at 0x7f35333d9b90>,37,14,[5 7],38,109,123,71,109
1,<environment.Job instance at 0x7f35333d94b0>,39,14,[3 7],40,123,137,83,109
1,<environment.Job instance at 0x7f35339abc30>,10,13,[8 5],11,138,151,127,125
1,<environment.Job instance at 0x7f3533542140>,1,18,[1 7],2,137,155,135,127
1,<environment.Job instance at 0x7f35333d9690>,43,1,[9 3],44,151,152,107,127
1,<environment.Job instance at 0x7f35333d9a50>,44,2,[5 5],45,151,153,106,127
1,<environment.Job instance at 0x7f35333d9a00>,41,18,[10  1],42,153,171,111,142
1,<environment.Job instance at 0x7f35333d9be0>,49,14,[6 4],50,171,185,121,156
1,<environment.Job instance at 0x7f35328ce280>,54,13,[5 2],55,156,169,101,156
1,<environment.Job instance at 0x7f35322929b0>,0,21,[4 6],1,2,23,1,2
1,<environment.Job instance at 0x7f35322920f0>,1,3,[9 3],2,2,5,0,2
1,<environment.Job instance at 0x7f35328ce280>,2,2,[8 5],3,5,7,2,3
1,<environment.Job instance at 0x7f35328ce5a0>,4,1,[4 7],5,7,8,2,5
1,<environment.Job instance at 0x7f35322926e0>,5,17,[5 6],6,8,25,2,6
1,<environment.Job instance at 0x7f3532292fa0>,7,15,[4 5],8,23,38,15,9
1,<environment.Job instance at 0x7f353228da00>,9,16,[1 8],10,25,41,15,12
1,<environment.Job instance at 0x7f353228d640>,11,15,[5 2],12,12,27,0,12
1,<environment.Job instance at 0x7f3532292f50>,10,12,[6 3],11,38,50,27,23
1,<environment.Job instance at 0x7f353228daf0>,14,1,[14  3],15,50,51,35,23
1,<environment.Job instance at 0x7f3532292cd0>,8,15,[1 5],9,41,56,32,34
1,<environment.Job instance at 0x7f353228d4b0>,13,17,[4 9],14,51,68,37,39
1,<environment.Job instance at 0x7f353228d280>,17,13,[2 6],18,56,69,38,40
1,<environment.Job instance at 0x7f353228d7d0>,18,14,[7 5],19,68,82,49,53
1,<environment.Job instance at 0x7f353228d0a0>,20,3,[7 4],21,69,72,48,53
1,<environment.Job instance at 0x7f353228dc80>,21,18,[5 3],22,72,90,50,61
1,<environment.Job instance at 0x7f353228d960>,22,14,[5 1],23,82,96,59,67
1,<environment.Job instance at 0x7f353228d230>,23,13,[5 9],24,82,95,58,67
1,<environment.Job instance at 0x7f353228d9b0>,25,14,[3 9],26,95,109,69,80
1,<environment.Job instance at 0x7f353228db90>,27,16,[6 1],28,95,111,67,82
1,<environment.Job instance at 0x7f353228d3c0>,28,16,[8 2],29,109,125,80,96
1,<environment.Job instance at 0x7f3532232140>,31,21,[6 1],32,111,132,79,103
1,<environment.Job instance at 0x7f3532232a00>,32,12,[5 4],33,125,137,92,108
1,<environment.Job instance at 0x7f3532232550>,34,13,[2 9],35,125,138,90,109
1,<environment.Job instance at 0x7f3532232e10>,35,16,[9 2],36,137,153,101,124
1,<environment.Job instance at 0x7f3532232690>,36,19,[2 7],37,138,157,101,128
1,<environment.Job instance at 0x7f3532232e60>,40,13,[10  4],41,153,166,112,137
1,<environment.Job instance at 0x7f3532232d70>,41,12,[7 2],42,166,178,124,149
1,<environment.Job instance at 0x7f3532232c80>,42,21,[5 9],43,157,178,114,149
1,<environment.Job instance at 0x7f35322329b0>,43,18,[5 2],44,178,196,134,167
1,<environment.Job instance at 0x7f35335d74b0>,1,18,[5 8],2,2,20,0,2
1,<environment.Job instance at 0x7f3533514410>,0,1,[5 4],1,4,5,3,4
1,<environment.Job instance at 0x7f3533514d20>,3,2,[3 6],4,5,7,1,4
1,<environment.Job instance at 0x7f3533514870>,4,3,[9 3],5,7,10,2,6
1,<environment.Job instance at 0x7f3533514960>,5,2,[11  3],6,20,22,14,6
1,<environment.Job instance at 0x7f3533514c80>,6,15,[3 5],7,10,25,3,7
1,<environment.Job instance at 0x7f353381dfa0>,7,3,[3 8],8,22,25,14,9
1,<environment.Job instance at 0x7f3533514f00>,8,3,[2 8],9,25,28,16,9
1,<environment.Job instance at 0x7f353381de60>,13,15,[10  5],14,25,40,11,14
1,<environment.Job instance at 0x7f353381d280>,18,3,[4 6],19,28,31,9,19
1,<environment.Job instance at 0x7f353381dd70>,19,14,[1 5],20,31,45,11,20
1,<environment.Job instance at 0x7f353381d730>,16,13,[7 3],17,40,53,23,25
1,<environment.Job instance at 0x7f3532f1af00>,21,16,[7 3],22,40,56,18,34
1,<environment.Job instance at 0x7f353381d4b0>,17,28,[6 2],18,53,81,35,52
1,<environment.Job instance at 0x7f3532f1afa0>,24,12,[1 8],25,52,64,27,52
1,<environment.Job instance at 0x7f3532f1adc0>,25,2,[6 3],26,56,58,30,52
1,<environment.Job instance at 0x7f3532f1aaf0>,26,1,[2 8],27,64,65,37,52
1,<environment.Job instance at 0x7f3532f1a730>,27,13,[7 1],28,58,71,30,52
1,<environment.Job instance at 0x7f3532f1a550>,28,2,[5 1],29,71,73,42,52
1,<environment.Job instance at 0x7f3532f1a460>,29,12,[9 5],30,73,85,43,56
1,<environment.Job instance at 0x7f3532f1a370>,30,13,[9 4],31,85,98,54,69
1,<environment.Job instance at 0x7f3532f1a1e0>,31,3,[ 5 10],32,81,84,49,69
1,<environment.Job instance at 0x7f3532f1af50>,32,16,[ 5 13],33,98,114,65,85
1,<environment.Job instance at 0x7f3532f1a5f0>,33,14,[2 9],34,114,128,80,99
1,<environment.Job instance at 0x7f3532d6b6e0>,34,1,[9 3],35,114,115,79,99
1,<environment.Job instance at 0x7f3532f1a960>,35,15,[4 9],36,128,143,92,114
1,<environment.Job instance at 0x7f3532d6b460>,36,3,[3 7],37,143,146,106,117
1,<environment.Job instance at 0x7f3532d6b410>,37,13,[9 5],38,117,130,79,117
1,<environment.Job instance at 0x7f3532d6bf00>,38,12,[4 9],39,146,158,107,129
1,<environment.Job instance at 0x7f3532d6b730>,39,1,[6 4],40,130,131,90,129
1,<environment.Job instance at 0x7f3532d6b640>,40,1,[1 6],41,131,132,90,129
1,<environment.Job instance at 0x7f3532f1a9b0>,23,13,[ 1 10],24,158,171,134,144
1,<environment.Job instance at 0x7f3532d6bbe0>,42,13,[6 3],43,144,157,101,144
1,<environment.Job instance at 0x7f3532d6bf50>,43,2,[4 9],44,171,173,127,144
1,<environment.Job instance at 0x7f3532d6beb0>,45,16,[ 3 10],46,173,189,127,160
1,<environment.Job instance at 0x7f3532d6bcd0>,47,18,[10  2],48,160,178,112,160
1,<environment.Job instance at 0x7f3533b1c9b0>,0,13,[10  2],1,1,14,0,1
1,<environment.Job instance at 0x7f3533b1c960>,1,14,[12  4],2,14,28,12,2
1,<environment.Job instance at 0x7f3532635eb0>,2,2,[5 3],3,3,5,0,3
1,<environment.Job instance at 0x7f35339f64b0>,3,2,[2 9],4,5,7,1,4
1,<environment.Job instance at 0x7f35339f68c0>,4,15,[ 1 11],5,7,22,2,5
1,<environment.Job instance at 0x7f35339f6690>,5,15,[2 8],6,22,37,16,10
1,<environment.Job instance at 0x7f35339f6e10>,10,2,[2 7],11,28,30,17,11
1,<environment.Job instance at 0x7f35339f6dc0>,11,1,[5 3],12,30,31,18,12
1,<environment.Job instance at 0x7f35325a4fa0>,12,1,[9 4],13,31,32,18,13
1,<environment.Job instance at 0x7f35325a4f00>,13,3,[3 8],14,37,40,23,14
1,<environment.Job instance at 0x7f35325a4550>,14,3,[4 5],15,32,35,17,15
1,<environment.Job instance at 0x7f35325a4dc0>,15,1,[11  3],16,35,36,19,16
1,<environment.Job instance at 0x7f35325a4e10>,16,3,[10  4],17,36,39,19,17
1,<environment.Job instance at 0x7f3532d6bcd0>,6,17,[4 5],7,39,56,32,28
1,<environment.Job instance at 0x7f35325a4d70>,18,3,[8 2],19,32,35,13,28
1,<environment.Job instance at 0x7f35325a4960>,19,1,[5 5],20,40,41,20,28
1,<environment.Job instance at 0x7f35325a4640>,20,1,[4 6],21,41,42,20,28
1,<environment.Job instance at 0x7f35325a4eb0>,21,2,[9 5],22,42,44,20,28
1,<environment.Job instance at 0x7f35325a4aa0>,22,16,[6 2],23,44,60,21,31
1,<environment.Job instance at 0x7f35325a45a0>,23,1,[10  5],24,60,61,36,32
1,<environment.Job instance at 0x7f35325a4c80>,24,15,[5 3],25,44,59,19,32
1,<environment.Job instance at 0x7f35325a46e0>,25,12,[4 8],26,56,68,30,39
1,<environment.Job instance at 0x7f35325a48c0>,26,16,[7 4],27,61,77,34,49
1,<environment.Job instance at 0x7f35325a4c30>,27,15,[2 5],28,68,83,40,54
1,<environment.Job instance at 0x7f353232ef50>,28,1,[9 5],29,77,78,48,54
1,<environment.Job instance at 0x7f353232eaf0>,29,1,[ 4 13],30,83,84,53,55
1,<environment.Job instance at 0x7f35339f66e0>,9,18,[7 2],10,78,96,68,67
1,<environment.Job instance at 0x7f353232ecd0>,31,15,[3 6],32,84,99,52,70
1,<environment.Job instance at 0x7f353232e9b0>,32,15,[3 5],33,84,99,51,71
1,<environment.Job instance at 0x7f353232ef00>,33,13,[9 1],34,96,109,62,83
1,<environment.Job instance at 0x7f353232e370>,34,16,[2 6],35,99,115,64,86
1,<environment.Job instance at 0x7f353232e140>,35,1,[5 3],36,109,110,73,86
1,<environment.Job instance at 0x7f353232eeb0>,36,15,[3 7],37,110,125,73,97
1,<environment.Job instance at 0x7f353232e780>,37,1,[3 7],38,99,100,61,98
1,<environment.Job instance at 0x7f353232e5a0>,38,3,[3 9],39,125,128,86,99
1,<environment.Job instance at 0x7f353232ee10>,39,1,[4 8],40,100,101,60,99
1,<environment.Job instance at 0x7f353232e500>,40,24,[5 2],41,109,133,68,104
1,<environment.Job instance at 0x7f35339f6460>,7,16,[4 9],8,128,144,120,115
1,<environment.Job instance at 0x7f3533185730>,42,15,[9 3],43,133,148,90,119
1,<environment.Job instance at 0x7f3533185370>,43,16,[2 6],44,144,160,100,131
1,<environment.Job instance at 0x7f35331855a0>,44,13,[5 4],45,148,161,103,132
1,<environment.Job instance at 0x7f3533185b90>,45,12,[1 8],46,160,172,114,143
1,<environment.Job instance at 0x7f3533185cd0>,47,18,[10  3],48,161,179,113,157
1,<environment.Job instance at 0x7f3533185eb0>,41,15,[1 9],42,172,187,130,158
1,<environment.Job instance at 0x7f3533185050>,51,2,[10  2],52,179,181,127,158
1,<environment.Job instance at 0x7f35335f8be0>,1,3,[5 9],2,2,5,0,2
1,<environment.Job instance at 0x7f35330c87d0>,2,13,[9 1],3,3,16,0,3
1,<environment.Job instance at 0x7f35330c8230>,3,15,[5 2],4,5,20,1,4
1,<environment.Job instance at 0x7f35330c8280>,4,12,[8 3],5,16,28,11,5
1,<environment.Job instance at 0x7f353c0d6b90>,12,18,[7 3],13,20,38,7,13
1,<environment.Job instance at 0x7f35330c8a00>,0,15,[10  3],1,38,53,37,24
1,<environment.Job instance at 0x7f353c0d67d0>,17,3,[ 2 12],18,28,31,10,24
1,<environment.Job instance at 0x7f353c0d6e60>,18,12,[6 5],19,53,65,34,36
1,<environment.Job instance at 0x7f353c0d65a0>,19,12,[1 7],20,36,48,16,36
1,<environment.Job instance at 0x7f353c0d6eb0>,20,17,[ 5 10],21,48,65,27,36
1,<environment.Job instance at 0x7f35324cd820>,22,16,[4 7],23,65,81,42,52
1,<environment.Job instance at 0x7f35324cd640>,23,17,[5 6],24,65,82,41,53
1,<environment.Job instance at 0x7f353c0d66e0>,15,3,[5 9],16,81,84,65,60
1,<environment.Job instance at 0x7f35324cdaa0>,24,14,[7 4],25,82,96,57,67
1,<environment.Job instance at 0x7f35324cdd70>,26,13,[8 5],27,84,97,57,68
1,<environment.Job instance at 0x7f35324cd500>,27,14,[10  4],28,97,111,69,82
1,<environment.Job instance at 0x7f35324cd460>,32,18,[4 7],33,96,114,63,85
1,<environment.Job instance at 0x7f35324cda50>,33,12,[8 3],34,111,123,77,94
1,<environment.Job instance at 0x7f35324cd140>,34,19,[3 5],35,111,130,76,101
1,<environment.Job instance at 0x7f353c0d6f00>,21,12,[ 4 11],22,130,142,108,113
1,<environment.Job instance at 0x7f35324cdfa0>,36,2,[3 9],37,123,125,86,113
1,<environment.Job instance at 0x7f353c0d6b40>,13,1,[5 3],14,125,126,111,114
1,<environment.Job instance at 0x7f35324cdaf0>,38,2,[5 6],39,125,127,86,114
1,<environment.Job instance at 0x7f35324cda00>,25,16,[2 7],26,142,158,116,130
1,<environment.Job instance at 0x7f35324cddc0>,40,20,[10  1],41,130,150,89,130
1,<environment.Job instance at 0x7f3533a5f0a0>,41,2,[4 7],42,150,152,108,130
1,<environment.Job instance at 0x7f3533a5f550>,42,1,[ 3 10],43,158,159,115,130
1,<environment.Job instance at 0x7f3533a5fa50>,43,2,[7 5],44,152,154,108,130
1,<environment.Job instance at 0x7f3533a5f500>,44,3,[3 8],45,154,157,109,130
1,<environment.Job instance at 0x7f3533a5fc80>,45,16,[6 1],46,157,173,111,144
1,<environment.Job instance at 0x7f3533a5f7d0>,46,2,[2 9],47,159,161,112,144
1,<environment.Job instance at 0x7f3533a5f460>,47,1,[4 8],48,161,162,113,144
1,<environment.Job instance at 0x7f3533a5f410>,48,17,[6 5],49,162,179,113,150
1,<environment.Job instance at 0x7f3533a5faf0>,49,3,[ 5 10],50,173,176,123,150
1,<environment.Job instance at 0x7f35324cdd20>,35,22,[1 8],36,176,198,140,169
1,<environment.Job instance at 0x7f3532385f50>,53,3,[5 5],54,179,182,125,169
1,<environment.Job instance at 0x7f3533169af0>,0,15,[ 5 10],1,1,16,0,1
1,<environment.Job instance at 0x7f3532385640>,1,14,[ 4 10],2,16,30,14,2
1,<environment.Job instance at 0x7f3533169f50>,2,3,[3 6],3,30,33,27,4
1,<environment.Job instance at 0x7f3532385780>,3,17,[10  1],4,5,22,1,5
1,<environment.Job instance at 0x7f35331692d0>,8,3,[ 4 12],9,33,36,24,10
1,<environment.Job instance at 0x7f3533169230>,10,17,[5 1],11,22,39,11,11
1,<environment.Job instance at 0x7f35331690f0>,11,14,[5 1],12,22,36,10,12
1,<environment.Job instance at 0x7f35327c87d0>,12,3,[5 1],13,36,39,23,13
1,<environment.Job instance at 0x7f3533169550>,9,13,[8 2],10,39,52,29,23
1,<environment.Job instance at 0x7f35331691e0>,14,17,[ 3 10],15,36,53,21,24
1,<environment.Job instance at 0x7f35327c8640>,15,12,[4 5],16,52,64,36,35
1,<environment.Job instance at 0x7f35327c8500>,19,15,[3 6],20,53,68,33,39
1,<environment.Job instance at 0x7f3533169d20>,7,3,[3 5],8,64,67,56,42
1,<environment.Job instance at 0x7f35327c8280>,24,12,[5 8],25,67,79,42,50
1,<environment.Job instance at 0x7f35327d4aa0>,26,17,[10  1],27,68,85,41,57
1,<environment.Job instance at 0x7f35327d46e0>,28,15,[2 7],29,79,94,50,65
1,<environment.Job instance at 0x7f35327d4780>,30,16,[1 6],31,79,95,48,66
1,<environment.Job instance at 0x7f35327c8820>,13,16,[1 9],14,94,110,80,82
1,<environment.Job instance at 0x7f35327d4550>,31,18,[10  5],32,95,113,63,84
1,<environment.Job instance at 0x7f35327d45f0>,32,18,[2 9],33,110,128,77,100
1,<environment.Job instance at 0x7f35327d4cd0>,35,3,[5 1],36,113,116,77,100
1,<environment.Job instance at 0x7f35327d4be0>,34,21,[9 4],35,116,137,81,109
1,<environment.Job instance at 0x7f35327ca190>,39,16,[3 9],40,128,144,88,115
1,<environment.Job instance at 0x7f35327cabe0>,48,18,[10  5],49,137,155,88,130
1,<environment.Job instance at 0x7f35327d4140>,36,16,[2 9],37,144,160,107,138
1,<environment.Job instance at 0x7f35327e5be0>,51,12,[ 5 10],52,160,172,108,143
1,<environment.Job instance at 0x7f35327e5c80>,50,17,[8 5],51,155,172,104,143
1,<environment.Job instance at 0x7f35327d20f0>,74,17,[6 4],75,172,189,97,160
1,<environment.Job instance at 0x7f35327d24b0>,75,16,[4 5],76,172,188,96,160
1,<environment.Job instance at 0x7f35327ce370>,80,12,[4 6],81,172,184,91,160
1,<environment.Job instance at 0x7f3532801640>,0,2,[2 6],1,1,3,0,1
1,<environment.Job instance at 0x7f35327ce0a0>,1,13,[1 9],2,2,15,0,2
1,<environment.Job instance at 0x7f35332d3eb0>,2,15,[5 2],3,3,18,0,3
1,<environment.Job instance at 0x7f35334a4fa0>,3,2,[3 8],4,15,17,11,6
1,<environment.Job instance at 0x7f35334a4d20>,5,3,[10  5],6,17,20,11,6
1,<environment.Job instance at 0x7f35334a4640>,8,2,[6 2],9,9,11,0,9
1,<environment.Job instance at 0x7f35334a4190>,9,18,[9 2],10,20,38,10,10
1,<environment.Job instance at 0x7f35334a4aa0>,10,16,[ 4 10],11,18,34,7,11
1,<environment.Job instance at 0x7f353381dfa0>,16,13,[ 3 11],17,34,47,17,18
1,<environment.Job instance at 0x7f353381d820>,14,20,[5 1],15,38,58,23,35
1,<environment.Job instance at 0x7f353381d690>,20,17,[2 9],21,47,64,26,35
1,<environment.Job instance at 0x7f353381dd20>,28,14,[3 5],29,47,61,18,35
1,<environment.Job instance at 0x7f353381d410>,21,1,[6 2],22,38,39,16,35
1,<environment.Job instance at 0x7f35335b09b0>,35,16,[6 2],36,61,77,25,48
1,<environment.Job instance at 0x7f35335b01e0>,36,13,[5 2],37,61,74,24,48
1,<environment.Job instance at 0x7f35335b0b90>,37,14,[10  5],38,77,91,39,62
1,<environment.Job instance at 0x7f35335b0d20>,39,18,[8 4],40,91,109,51,80
1,<environment.Job instance at 0x7f35335b0370>,41,17,[9 5],42,109,126,67,97
1,<environment.Job instance at 0x7f35335b07d0>,42,16,[10  2],43,126,142,83,113
1,<environment.Job instance at 0x7f35335b0e10>,44,17,[5 1],45,116,133,71,116
1,<environment.Job instance at 0x7f35335b0d70>,46,16,[5 2],47,133,149,86,120
1,<environment.Job instance at 0x7f35335b0c30>,47,12,[9 4],48,142,154,94,125
1,<environment.Job instance at 0x7f35321c9eb0>,49,13,[5 4],50,149,162,99,133
1,<environment.Job instance at 0x7f35321c9b90>,50,17,[9 1],51,154,171,103,142
1,<environment.Job instance at 0x7f35321c9500>,51,13,[8 3],52,171,184,119,155
1,<environment.Job instance at 0x7f35321c91e0>,55,14,[2 7],56,162,176,106,155
1,<environment.Job instance at 0x7f35321c9640>,57,15,[7 1],58,176,191,118,162
1,<environment.Job instance at 0x7f3533a72a50>,1,1,[10  4],2,3,4,1,3
1,<environment.Job instance at 0x7f3533a72a00>,3,12,[6 2],4,4,16,0,4
1,<environment.Job instance at 0x7f35335c5500>,4,13,[4 9],5,5,18,0,5
1,<environment.Job instance at 0x7f35335c5b40>,5,18,[6 1],6,16,34,10,6
1,<environment.Job instance at 0x7f35335c56e0>,6,17,[7 4],7,18,35,11,7
1,<environment.Job instance at 0x7f35335c5be0>,7,1,[12  1],8,35,36,27,10
1,<environment.Job instance at 0x7f35335c55a0>,10,12,[5 2],11,36,48,25,19
1,<environment.Job instance at 0x7f35335c58c0>,9,1,[3 8],10,34,35,24,22
1,<environment.Job instance at 0x7f35335c53c0>,14,3,[8 1],15,36,39,21,22
1,<environment.Job instance at 0x7f35339c0f00>,12,14,[2 5],13,35,49,22,22
1,<environment.Job instance at 0x7f35335c5410>,11,17,[5 2],12,39,56,27,27
1,<environment.Job instance at 0x7f3533a9e2d0>,20,13,[ 5 10],21,49,62,28,33
1,<environment.Job instance at 0x7f3533a9e410>,21,17,[3 9],22,62,79,40,50
1,<environment.Job instance at 0x7f3533a84af0>,24,17,[9 4],25,56,73,31,50
1,<environment.Job instance at 0x7f3533a84f00>,25,15,[8 4],26,73,88,47,59
1,<environment.Job instance at 0x7f3533a84cd0>,28,15,[9 2],29,88,103,59,74
1,<environment.Job instance at 0x7f35336b5a00>,33,15,[7 3],34,103,118,69,89
1,<environment.Job instance at 0x7f35336b5960>,34,12,[5 2],35,89,101,54,89
1,<environment.Job instance at 0x7f35336b5eb0>,35,13,[5 8],36,101,114,65,89
1,<environment.Job instance at 0x7f35336b5e10>,36,15,[1 6],37,114,129,77,100
1,<environment.Job instance at 0x7f35336b5e60>,37,17,[5 4],38,114,131,76,102
1,<environment.Job instance at 0x7f35336b59b0>,38,18,[3 7],39,129,147,90,118
1,<environment.Job instance at 0x7f35336b50f0>,40,12,[2 6],41,131,143,90,118
1,<environment.Job instance at 0x7f35337b9e10>,42,17,[7 2],43,118,135,75,118
1,<environment.Job instance at 0x7f35336b57d0>,43,15,[10  1],44,135,150,91,122
1,<environment.Job instance at 0x7f35332a6cd0>,44,13,[3 5],45,147,160,102,131
1,<environment.Job instance at 0x7f35337da780>,49,16,[2 8],50,147,163,97,134
1,<environment.Job instance at 0x7f35334a8cd0>,50,12,[2 8],51,163,175,112,146
1,<environment.Job instance at 0x7f35334a8f00>,52,12,[5 9],53,175,187,122,158
1,<environment.Job instance at 0x7f35334a8c30>,53,12,[4 6],54,160,172,106,158
1,<environment.Job instance at 0x7f3533631910>,1,3,[10  3],2,2,5,0,2
1,<environment.Job instance at 0x7f35336311e0>,0,1,[ 1 10],1,4,5,3,4
1,<environment.Job instance at 0x7f3533631320>,3,2,[8 1],4,5,7,1,4
1,<environment.Job instance at 0x7f35336315a0>,5,22,[6 5],6,6,28,0,6
1,<environment.Job instance at 0x7f3533631500>,4,15,[7 5],5,7,22,2,6
1,<environment.Job instance at 0x7f3533631fa0>,6,13,[8 1],7,22,35,15,7
1,<environment.Job instance at 0x7f3533631e10>,7,13,[5 1],8,28,41,20,12
1,<environment.Job instance at 0x7f35336310a0>,8,1,[6 3],9,35,36,26,13
1,<environment.Job instance at 0x7f3533631d20>,13,1,[5 8],14,36,37,22,14
1,<environment.Job instance at 0x7f3533631c30>,11,13,[10  2],12,37,50,25,22
1,<environment.Job instance at 0x7f3533631f50>,14,12,[8 1],15,50,62,35,33
1,<environment.Job instance at 0x7f35336317d0>,16,2,[ 1 10],17,33,35,16,33
1,<environment.Job instance at 0x7f3533909550>,17,3,[3 8],18,41,44,23,33
1,<environment.Job instance at 0x7f3533909910>,18,14,[6 1],19,50,64,31,35
1,<environment.Job instance at 0x7f3533909820>,19,3,[14  2],20,64,67,44,38
1,<environment.Job instance at 0x7f3533909d20>,20,3,[ 5 10],21,44,47,23,39
1,<environment.Job instance at 0x7f35336315f0>,9,15,[9 4],10,67,82,57,56
1,<environment.Job instance at 0x7f35339097d0>,21,16,[ 3 10],22,67,83,45,56
1,<environment.Job instance at 0x7f3533909e60>,24,3,[7 5],25,82,85,57,56
1,<environment.Job instance at 0x7f3533909c30>,23,12,[1 8],24,83,95,59,66
1,<environment.Job instance at 0x7f3533631a50>,10,12,[11  3],11,85,97,74,68
1,<environment.Job instance at 0x7f3533909690>,28,13,[13  2],29,97,110,68,81
1,<environment.Job instance at 0x7f3533909b40>,27,14,[3 9],28,110,124,82,95
1,<environment.Job instance at 0x7f35339098c0>,29,20,[3 5],30,110,130,80,103
1,<environment.Job instance at 0x7f35329ad960>,33,13,[5 4],34,124,137,90,108
1,<environment.Job instance at 0x7f35329ad820>,32,16,[1 9],33,130,146,97,117
1,<environment.Job instance at 0x7f35329add20>,34,15,[8 3],35,137,152,102,124
1,<environment.Job instance at 0x7f3533631be0>,15,18,[6 3],16,137,155,121,130
1,<environment.Job instance at 0x7f35329ad460>,36,15,[2 8],37,152,167,115,138
1,<environment.Job instance at 0x7f35329ad140>,38,15,[7 2],39,152,167,113,139
1,<environment.Job instance at 0x7f35329ad370>,40,3,[9 2],41,167,170,126,141
1,<environment.Job instance at 0x7f35329adf00>,41,2,[6 2],42,155,157,113,141
1,<environment.Job instance at 0x7f35329adaa0>,42,14,[4 7],43,167,181,124,154
1,<environment.Job instance at 0x7f35329ad280>,39,13,[10  3],40,170,183,130,154
1,<environment.Job instance at 0x7f35329ad4b0>,44,3,[5 2],45,157,160,112,154
1,<environment.Job instance at 0x7f3533a00e60>,48,16,[1 9],49,181,197,132,168
1,<environment.Job instance at 0x7f3533a00b90>,49,13,[10  4],50,183,196,133,168
1,<environment.Job instance at 0x7f35329c8960>,0,16,[6 3],1,1,17,0,1
1,<environment.Job instance at 0x7f35329c85a0>,1,13,[6 2],2,2,15,0,2
1,<environment.Job instance at 0x7f35331aa5a0>,2,14,[5 9],3,15,29,12,3
1,<environment.Job instance at 0x7f3532304640>,3,12,[6 2],4,17,29,13,4
1,<environment.Job instance at 0x7f35323047d0>,6,12,[ 5 10],7,29,41,22,12
1,<environment.Job instance at 0x7f3532304960>,9,3,[7 5],10,29,32,19,12
1,<environment.Job instance at 0x7f3532304a00>,10,14,[1 7],11,41,55,30,26
1,<environment.Job instance at 0x7f3532304aa0>,11,3,[1 6],12,41,44,29,26
1,<environment.Job instance at 0x7f3532304cd0>,13,16,[6 4],14,44,60,30,31
1,<environment.Job instance at 0x7f3532304870>,8,3,[9 4],9,33,36,24,33
1,<environment.Job instance at 0x7f3532304eb0>,15,17,[4 9],16,55,72,39,43
1,<environment.Job instance at 0x7f3532304dc0>,17,15,[5 3],18,60,75,42,46
1,<environment.Job instance at 0x7f35322f62d0>,21,12,[10  4],22,72,84,50,55
1,<environment.Job instance at 0x7f35322f6370>,22,13,[5 7],23,75,88,52,59
1,<environment.Job instance at 0x7f35322f64b0>,24,16,[9 5],25,84,100,59,71
1,<environment.Job instance at 0x7f35322f6550>,25,17,[5 4],26,88,105,62,76
1,<environment.Job instance at 0x7f35322f6050>,26,3,[9 4],27,100,103,73,77
1,<environment.Job instance at 0x7f35322f60a0>,27,15,[8 1],28,103,118,75,89
1,<environment.Job instance at 0x7f35322f6640>,28,3,[2 5],29,103,106,74,89
1,<environment.Job instance at 0x7f35322f6730>,29,3,[ 3 10],30,106,109,76,89
1,<environment.Job instance at 0x7f35322f6820>,30,17,[6 4],31,109,126,78,97
1,<environment.Job instance at 0x7f35322f6aa0>,31,18,[ 1 10],32,109,127,77,98
1,<environment.Job instance at 0x7f35322f6be0>,33,15,[10  4],34,126,141,92,112
1,<environment.Job instance at 0x7f35322f6cd0>,35,16,[10  2],36,141,157,105,128
1,<environment.Job instance at 0x7f35322f6e10>,37,14,[2 8],38,128,142,90,128
1,<environment.Job instance at 0x7f35322f6eb0>,38,14,[6 3],39,157,171,118,142
1,<environment.Job instance at 0x7f35322f6f50>,39,14,[10  5],40,171,185,131,156
1,<environment.Job instance at 0x7f35322f6c80>,40,13,[6 2],41,157,170,116,156
1,<environment.Job instance at 0x7f35322f3190>,42,18,[5 3],43,170,188,127,159
1,<environment.Job instance at 0x7f2734e79460>,2,13,[10  1],3,3,16,0,3
1,<environment.Job instance at 0x7f2734e79500>,3,17,[ 5 10],4,4,21,0,4
1,<environment.Job instance at 0x7f2734e796e0>,4,1,[5 6],5,21,22,16,5
1,<environment.Job instance at 0x7f2734e797d0>,5,12,[1 7],6,21,33,15,6
1,<environment.Job instance at 0x7f2734e79960>,7,16,[5 8],8,22,38,14,9
1,<environment.Job instance at 0x7f2734e79b40>,11,3,[5 5],12,16,19,4,12
1,<environment.Job instance at 0x7f2734e79aa0>,10,12,[5 5],11,33,45,22,24
1,<environment.Job instance at 0x7f273e5f11e0>,8,16,[1 8],9,38,54,29,25
1,<environment.Job instance at 0x7f2734e79dc0>,14,18,[1 6],15,45,63,30,34
1,<environment.Job instance at 0x7f2734e79cd0>,15,16,[5 5],16,54,70,38,41
1,<environment.Job instance at 0x7f2734e79fa0>,18,12,[1 8],19,63,75,44,46
1,<environment.Job instance at 0x7f2734e7b140>,20,14,[4 8],21,75,89,54,60
1,<environment.Job instance at 0x7f2734e7b640>,24,2,[6 5],25,70,72,45,60
1,<environment.Job instance at 0x7f2734e7b730>,26,16,[9 1],27,72,88,45,60
1,<environment.Job instance at 0x7f2734e7b8c0>,29,18,[5 1],30,88,106,58,77
1,<environment.Job instance at 0x7f2734e7ba00>,31,15,[5 5],32,88,103,56,77
1,<environment.Job instance at 0x7f2734e7bb40>,33,15,[5 3],34,89,104,55,77
1,<environment.Job instance at 0x7f2734e7b460>,34,19,[3 7],35,103,122,68,93
1,<environment.Job instance at 0x7f2734e7bcd0>,36,13,[7 1],37,104,117,67,93
1,<environment.Job instance at 0x7f2734e7bdc0>,38,12,[5 4],39,106,118,67,93
1,<environment.Job instance at 0x7f2734e7bf50>,40,12,[10  2],41,118,130,77,101
1,<environment.Job instance at 0x7f2734e7f230>,42,15,[7 4],43,130,145,87,116
1,<environment.Job instance at 0x7f2734e7f0a0>,43,20,[5 2],44,122,142,78,116
1,<environment.Job instance at 0x7f2734e79c30>,12,17,[1 8],13,130,147,117,118
1,<environment.Job instance at 0x7f2734e7f320>,45,2,[9 3],46,145,147,99,118
1,<environment.Job instance at 0x7f2734e7f280>,44,14,[7 1],45,147,161,102,132
1,<environment.Job instance at 0x7f2734e79a50>,13,15,[7 4],14,147,162,133,133
1,<environment.Job instance at 0x7f2734e7f690>,48,17,[1 9],49,147,164,98,135
1,<environment.Job instance at 0x7f2734e7f7d0>,50,15,[4 7],51,164,179,113,150
1,<environment.Job instance at 0x7f2734e7f460>,51,2,[5 4],52,162,164,110,150
1,<environment.Job instance at 0x7f2734e7f9b0>,53,21,[5 4],54,164,185,110,156
1,<environment.Job instance at 0x7f2734e7f550>,54,17,[10  3],55,179,196,124,167
1,<environment.Job instance at 0x7f2734e1c550>,0,13,[4 9],1,1,14,0,1
1,<environment.Job instance at 0x7f2734e7fa50>,1,16,[6 4],2,2,18,0,2
1,<environment.Job instance at 0x7f2734e7f550>,3,3,[10  3],4,18,21,14,4
1,<environment.Job instance at 0x7f273551c140>,2,2,[6 1],3,14,16,11,5
1,<environment.Job instance at 0x7f273551c500>,4,1,[8 3],5,16,17,11,5
1,<environment.Job instance at 0x7f273551ccd0>,6,14,[6 1],7,21,35,14,7
1,<environment.Job instance at 0x7f273551c280>,7,12,[4 8],8,17,29,9,8
1,<environment.Job instance at 0x7f273551cf00>,5,2,[6 4],6,29,31,23,9
1,<environment.Job instance at 0x7f273551caa0>,9,3,[7 2],10,31,34,21,10
1,<environment.Job instance at 0x7f273551c910>,11,14,[9 5],12,34,48,22,19
1,<environment.Job instance at 0x7f273551c820>,13,1,[9 3],14,48,49,34,21
1,<environment.Job instance at 0x7f27354cd230>,17,17,[2 8],18,35,52,17,23
1,<environment.Job instance at 0x7f27354cd280>,18,1,[6 5],19,49,50,30,25
1,<environment.Job instance at 0x7f27354cd370>,21,17,[7 5],22,50,67,28,38
1,<environment.Job instance at 0x7f27354cd7d0>,25,15,[5 6],26,52,67,26,38
1,<environment.Job instance at 0x7f27354cd500>,28,14,[5 5],29,67,81,38,52
1,<environment.Job instance at 0x7f27354cdc80>,31,17,[7 2],32,67,84,35,55
1,<environment.Job instance at 0x7f273551c050>,10,2,[6 1],11,81,83,70,55
1,<environment.Job instance at 0x7f27354cdbe0>,32,20,[1 8],33,67,87,34,58
1,<environment.Job instance at 0x7f27354cdaa0>,34,13,[5 9],35,87,100,52,71
1,<environment.Job instance at 0x7f27354cdd70>,35,13,[1 7],36,100,113,64,84
1,<environment.Job instance at 0x7f27354cddc0>,36,18,[7 4],37,84,102,47,84
1,<environment.Job instance at 0x7f2735028af0>,37,2,[1 8],38,102,104,64,84
1,<environment.Job instance at 0x7f2735028e60>,40,22,[5 5],41,104,126,63,97
1,<environment.Job instance at 0x7f27350288c0>,41,16,[9 3],42,104,120,62,97
1,<environment.Job instance at 0x7f27350280f0>,42,16,[3 7],43,120,136,77,107
1,<environment.Job instance at 0x7f2735028d20>,45,18,[5 8],46,126,144,80,115
1,<environment.Job instance at 0x7f2735028cd0>,47,16,[5 6],48,136,152,88,123
1,<environment.Job instance at 0x7f2735028dc0>,52,17,[7 4],53,144,161,91,132
1,<environment.Job instance at 0x7f2735028910>,53,3,[2 5],54,144,147,90,134
1,<environment.Job instance at 0x7f27354cda50>,33,12,[1 9],34,152,164,118,135
1,<environment.Job instance at 0x7f2734fc6fa0>,56,1,[5 5],57,161,162,104,135
1,<environment.Job instance at 0x7f2734fc69b0>,61,15,[6 4],62,162,177,100,148
1,<environment.Job instance at 0x7f2734fc6320>,65,16,[3 7],66,164,180,98,151
1,<environment.Job instance at 0x7f2734fc6c80>,57,12,[5 8],58,177,189,119,160
1,<environment.Job instance at 0x7f2734fc6960>,68,15,[9 1],69,180,195,111,166
1,<environment.Job instance at 0x7f273459fa50>,0,13,[4 8],1,1,14,0,1
1,<environment.Job instance at 0x7f2734fc67d0>,1,3,[3 9],2,14,17,12,2
1,<environment.Job instance at 0x7f2734fc62d0>,3,17,[5 5],4,4,21,0,4
1,<environment.Job instance at 0x7f273459f910>,4,2,[ 4 10],5,17,19,12,5
1,<environment.Job instance at 0x7f273459fc80>,5,15,[2 7],6,19,34,13,6
1,<environment.Job instance at 0x7f273459ff00>,6,3,[5 4],7,21,24,14,8
1,<environment.Job instance at 0x7f273459a7d0>,10,3,[6 2],11,11,14,0,11
1,<environment.Job instance at 0x7f273459f780>,8,16,[5 6],9,24,40,15,11
1,<environment.Job instance at 0x7f273459ab40>,11,1,[6 4],12,21,22,9,12
1,<environment.Job instance at 0x7f273459a1e0>,12,14,[8 2],13,22,36,9,13
1,<environment.Job instance at 0x7f273459fb90>,7,12,[5 7],8,36,48,28,19
1,<environment.Job instance at 0x7f273459adc0>,15,3,[8 1],16,40,43,24,19
1,<environment.Job instance at 0x7f273459a050>,16,18,[8 4],17,43,61,26,32
1,<environment.Job instance at 0x7f273459a0a0>,17,16,[5 1],18,48,64,30,35
1,<environment.Job instance at 0x7f2734615c80>,23,18,[9 3],24,61,79,37,50
1,<environment.Job instance at 0x7f27346159b0>,24,3,[5 5],25,64,67,39,50
1,<environment.Job instance at 0x7f27346155f0>,25,17,[2 5],26,67,84,41,55
1,<environment.Job instance at 0x7f27346155a0>,26,17,[4 8],27,79,96,52,67
1,<environment.Job instance at 0x7f2734615f50>,29,13,[1 9],30,96,109,66,80
1,<environment.Job instance at 0x7f2734615550>,31,17,[ 1 10],32,109,126,77,97
1,<environment.Job instance at 0x7f2734615d70>,33,17,[5 1],34,97,114,63,97
1,<environment.Job instance at 0x7f2734615280>,34,18,[3 6],35,126,144,91,115
1,<environment.Job instance at 0x7f2734615690>,35,17,[2 5],36,115,132,79,115
1,<environment.Job instance at 0x7f2734615f00>,36,17,[8 2],37,126,143,89,115
1,<environment.Job instance at 0x7f27346109b0>,38,18,[10  4],39,143,161,104,132
1,<environment.Job instance at 0x7f2734610910>,44,12,[ 5 10],45,144,156,99,132
1,<environment.Job instance at 0x7f2734610f00>,47,19,[5 3],48,156,175,108,146
1,<environment.Job instance at 0x7f2734610c80>,49,3,[5 2],50,161,164,111,146
1,<environment.Job instance at 0x7f2734610640>,50,12,[6 2],51,164,176,113,147
1,<environment.Job instance at 0x7f273460ad70>,52,17,[2 9],53,161,178,108,149
1,<environment.Job instance at 0x7f273460acd0>,53,12,[2 9],54,178,190,124,161
1,<environment.Job instance at 0x7f273460ab40>,54,15,[2 9],55,190,205,135,176
1,<environment.Job instance at 0x7f273460a640>,55,23,[5 5],56,176,199,120,176
1,<environment.Job instance at 0x7f273498f050>,0,3,[5 4],1,1,4,0,1
1,<environment.Job instance at 0x7f273460ae60>,1,13,[12  2],2,4,17,2,2
1,<environment.Job instance at 0x7f273460aaf0>,3,12,[7 1],4,17,29,13,4
1,<environment.Job instance at 0x7f2734c3e0a0>,2,1,[4 6],3,17,18,14,4
1,<environment.Job instance at 0x7f2734c3ee10>,4,1,[7 3],5,18,19,13,5
1,<environment.Job instance at 0x7f2734c3ecd0>,5,3,[13  3],6,29,32,23,7
1,<environment.Job instance at 0x7f2734c3ebe0>,7,12,[1 8],8,14,26,6,14
1,<environment.Job instance at 0x7f2734b0ee10>,15,17,[3 5],16,32,49,16,20
1,<environment.Job instance at 0x7f2734b0e190>,18,13,[4 5],19,32,45,13,20
1,<environment.Job instance at 0x7f2734b0ed70>,14,2,[ 3 10],15,26,28,11,25
1,<environment.Job instance at 0x7f2734b0e410>,19,15,[1 8],20,45,60,25,31
1,<environment.Job instance at 0x7f2734b0e910>,21,16,[9 5],22,49,65,27,41
1,<environment.Job instance at 0x7f2734c3e0f0>,13,14,[ 5 10],14,60,74,46,45
1,<environment.Job instance at 0x7f2734c3e050>,6,15,[6 3],7,65,80,58,54
1,<environment.Job instance at 0x7f2734b0fcd0>,25,13,[1 8],26,74,87,48,60
1,<environment.Job instance at 0x7f2734b0ef50>,23,17,[5 3],24,74,91,50,63
1,<environment.Job instance at 0x7f2734b0f7d0>,28,16,[5 9],29,87,103,58,74
1,<environment.Job instance at 0x7f2734b0e2d0>,20,16,[2 6],21,91,107,70,79
1,<environment.Job instance at 0x7f2734b0fd70>,29,17,[9 4],30,103,120,73,92
1,<environment.Job instance at 0x7f2734b0e140>,24,22,[6 5],25,107,129,82,100
1,<environment.Job instance at 0x7f2734b18960>,32,15,[5 9],33,120,135,87,107
1,<environment.Job instance at 0x7f2734b18690>,33,15,[5 2],34,129,144,95,115
1,<environment.Job instance at 0x7f2734b18b90>,31,16,[7 2],32,135,151,103,124
1,<environment.Job instance at 0x7f2734c3e320>,9,24,[10  4],10,151,175,141,146
1,<environment.Job instance at 0x7f2734b180f0>,41,13,[5 7],42,146,159,104,146
1,<environment.Job instance at 0x7f2734b18550>,42,2,[5 1],43,159,161,116,146
1,<environment.Job instance at 0x7f2734b18870>,43,12,[5 5],44,161,173,117,146
1,<environment.Job instance at 0x7f2734956aa0>,44,3,[ 5 10],45,173,176,128,147
1,<environment.Job instance at 0x7f2734956730>,45,12,[ 2 10],46,176,188,130,159
1,<environment.Job instance at 0x7f2734956fa0>,46,2,[8 2],47,175,177,128,159
1,<environment.Job instance at 0x7f2734956f00>,48,13,[8 3],49,177,190,128,164
1,<environment.Job instance at 0x7f2734960fa0>,52,14,[5 8],53,188,202,135,174
1,<environment.Job instance at 0x7f2734960230>,59,16,[10  2],60,190,206,130,179
1,<environment.Job instance at 0x7f2735865730>,0,13,[9 4],1,1,14,0,1
1,<environment.Job instance at 0x7f2735865a00>,1,14,[ 1 10],2,2,16,0,2
1,<environment.Job instance at 0x7f2735865870>,2,2,[5 8],3,16,18,13,4
1,<environment.Job instance at 0x7f2735865c30>,3,3,[9 1],4,14,17,10,4
1,<environment.Job instance at 0x7f2735865be0>,4,3,[1 8],5,18,21,13,6
1,<environment.Job instance at 0x7f27355f25a0>,5,18,[10  2],6,17,35,11,7
1,<environment.Job instance at 0x7f27355f23c0>,8,13,[5 5],9,21,34,12,9
1,<environment.Job instance at 0x7f27355f2f00>,11,1,[5 5],12,34,35,22,12
1,<environment.Job instance at 0x7f27355f2eb0>,12,2,[8 5],13,35,37,22,13
1,<environment.Job instance at 0x7f27355f27d0>,13,12,[4 6],14,35,47,21,18
1,<environment.Job instance at 0x7f27355f2aa0>,14,17,[6 1],15,37,54,22,29
1,<environment.Job instance at 0x7f27355f2230>,9,14,[3 7],10,37,51,27,29
1,<environment.Job instance at 0x7f27355e2a50>,18,12,[7 3],19,51,63,32,35
1,<environment.Job instance at 0x7f27355e2be0>,19,13,[8 4],20,54,67,34,40
1,<environment.Job instance at 0x7f27355f2a00>,15,13,[9 2],16,67,80,51,51
1,<environment.Job instance at 0x7f27354d54b0>,23,3,[2 6],24,51,54,27,51
1,<environment.Job instance at 0x7f27355f25f0>,6,16,[ 2 10],7,63,79,56,53
1,<environment.Job instance at 0x7f2734f665a0>,24,15,[14  2],25,80,95,55,66
1,<environment.Job instance at 0x7f27354d5140>,22,18,[8 5],23,95,113,72,84
1,<environment.Job instance at 0x7f2734f66dc0>,29,14,[7 5],30,95,109,65,84
1,<environment.Job instance at 0x7f2734f66e60>,30,13,[3 6],31,109,122,78,93
1,<environment.Job instance at 0x7f2734f66af0>,31,13,[2 6],32,113,126,81,97
1,<environment.Job instance at 0x7f27355d5960>,35,15,[5 2],36,113,128,77,99
1,<environment.Job instance at 0x7f27354c2b40>,44,18,[10  4],45,126,144,81,115
1,<environment.Job instance at 0x7f2734f66820>,25,21,[3 8],26,128,149,102,120
1,<environment.Job instance at 0x7f2734f66780>,26,16,[11  3],27,144,160,117,132
1,<environment.Job instance at 0x7f27354c2af0>,47,2,[6 2],48,160,162,112,133
1,<environment.Job instance at 0x7f27354c2b90>,46,24,[4 5],47,149,173,102,146
1,<environment.Job instance at 0x7f27354c2f00>,48,15,[11  2],49,162,177,113,148
1,<environment.Job instance at 0x7f27355f2050>,7,23,[3 7],8,173,196,165,167
1,<environment.Job instance at 0x7f27354c2c30>,50,13,[9 3],51,177,190,126,167
1,<environment.Job instance at 0x7f27354c25a0>,52,2,[10  5],53,190,192,137,167
1,<environment.Job instance at 0x7f2735833960>,53,14,[5 8],54,192,206,138,177
1,<environment.Job instance at 0x7f2734de8af0>,0,2,[4 7],1,1,3,0,1
1,<environment.Job instance at 0x7f2734de8280>,2,20,[5 6],3,3,23,0,3
1,<environment.Job instance at 0x7f2734de85a0>,1,15,[7 5],2,3,18,1,3
1,<environment.Job instance at 0x7f2734de8190>,3,3,[ 4 10],4,23,26,19,8
1,<environment.Job instance at 0x7f2734de84b0>,6,13,[7 3],7,18,31,11,8
1,<environment.Job instance at 0x7f2734de8460>,5,17,[2 6],6,26,43,20,14
1,<environment.Job instance at 0x7f2734de8a00>,8,3,[3 9],9,31,34,22,14
1,<environment.Job instance at 0x7f27348fdcd0>,11,1,[2 8],12,34,35,22,14
1,<environment.Job instance at 0x7f2734de8aa0>,10,13,[4 7],11,35,48,24,19
1,<environment.Job instance at 0x7f2734de8320>,9,12,[1 7],10,43,55,33,26
1,<environment.Job instance at 0x7f27348fdf50>,18,12,[2 8],19,48,60,29,32
1,<environment.Job instance at 0x7f27348fdf00>,19,16,[3 5],20,55,71,35,42
1,<environment.Job instance at 0x7f2734de8e10>,4,13,[ 2 10],5,60,73,55,44
1,<environment.Job instance at 0x7f27348fe280>,22,2,[ 2 10],23,73,75,50,46
1,<environment.Job instance at 0x7f27348feb40>,24,12,[5 3],25,71,83,46,54
1,<environment.Job instance at 0x7f27348fe190>,27,15,[10  2],28,75,90,47,61
1,<environment.Job instance at 0x7f27348fef50>,28,13,[6 5],29,90,103,61,74
1,<environment.Job instance at 0x7f2734de87d0>,7,14,[9 5],8,90,104,82,76
1,<environment.Job instance at 0x7f27348fe8c0>,30,18,[6 1],31,103,121,72,92
1,<environment.Job instance at 0x7f27348fe050>,32,13,[2 7],33,104,117,71,92
1,<environment.Job instance at 0x7f27348feaf0>,34,17,[2 5],35,104,121,69,92
1,<environment.Job instance at 0x7f2734ccb9b0>,37,13,[6 1],38,117,130,79,103
1,<environment.Job instance at 0x7f2734ccbd70>,38,17,[2 5],39,121,138,82,109
1,<environment.Job instance at 0x7f2734ccbcd0>,49,15,[3 5],50,121,136,71,109
1,<environment.Job instance at 0x7f27348fefa0>,31,18,[8 1],32,130,148,98,123
1,<environment.Job instance at 0x7f2734ccbfa0>,50,16,[4 8],51,136,152,85,123
1,<environment.Job instance at 0x7f2734ccb2d0>,51,14,[5 6],52,148,162,96,133
1,<environment.Job instance at 0x7f2734ccbaf0>,52,18,[5 5],53,152,170,99,141
1,<environment.Job instance at 0x7f2734ce3fa0>,54,14,[4 9],55,162,176,107,148
1,<environment.Job instance at 0x7f2734ce31e0>,56,14,[7 5],57,170,184,113,156
1,<environment.Job instance at 0x7f2734ce3370>,57,15,[ 1 10],58,176,191,118,162
1,<environment.Job instance at 0x7f2734ce3be0>,59,12,[6 2],60,184,196,124,167
1,<environment.Job instance at 0x7f2734ce3e60>,61,16,[9 1],62,191,207,129,178
1,<environment.Job instance at 0x7f2734ce3550>,2,2,[ 3 12],3,3,5,0,3
1,<environment.Job instance at 0x7f27343dd2d0>,3,2,[ 4 10],4,5,7,1,4
1,<environment.Job instance at 0x7f27343dd460>,4,14,[10  1],5,5,19,0,5
1,<environment.Job instance at 0x7f27343dd550>,5,3,[7 3],6,19,22,13,6
1,<environment.Job instance at 0x7f27343dd640>,6,16,[5 6],7,7,23,0,7
1,<environment.Job instance at 0x7f27343dd780>,7,3,[4 5],8,22,25,14,8
1,<environment.Job instance at 0x7f27343dd820>,8,13,[6 3],9,22,35,13,9
1,<environment.Job instance at 0x7f27343dd960>,9,17,[4 9],10,25,42,15,13
1,<environment.Job instance at 0x7f27343ddc30>,14,2,[11  5],15,35,37,20,15
1,<environment.Job instance at 0x7f27343dd8c0>,11,2,[ 3 10],12,42,44,30,15
1,<environment.Job instance at 0x7f27343ddf50>,16,17,[5 2],17,37,54,20,25
1,<environment.Job instance at 0x7f27343ddaf0>,12,15,[2 5],13,44,59,31,31
1,<environment.Job instance at 0x7f27343df190>,20,1,[6 3],21,37,38,16,31
1,<environment.Job instance at 0x7f27343df230>,21,13,[3 5],22,44,57,22,31
1,<environment.Job instance at 0x7f27343dde60>,19,19,[5 5],20,54,73,34,44
1,<environment.Job instance at 0x7f27343df2d0>,23,15,[7 4],24,57,72,33,44
1,<environment.Job instance at 0x7f27343df5f0>,25,14,[5 5],26,72,86,46,57
1,<environment.Job instance at 0x7f27343df690>,26,16,[8 1],27,73,89,46,61
1,<environment.Job instance at 0x7f27343dddc0>,17,16,[2 5],18,61,77,43,61
1,<environment.Job instance at 0x7f27343df730>,27,3,[2 7],28,77,80,49,61
1,<environment.Job instance at 0x7f27343df870>,29,16,[10  4],30,89,105,59,76
1,<environment.Job instance at 0x7f27343ddf00>,15,15,[4 5],16,86,101,70,76
1,<environment.Job instance at 0x7f27343dfc30>,32,12,[3 6],33,101,113,68,84
1,<environment.Job instance at 0x7f27343dfbe0>,31,17,[1 9],32,105,122,73,93
1,<environment.Job instance at 0x7f27343dfeb0>,36,3,[5 5],37,113,116,76,93
1,<environment.Job instance at 0x7f27343dff50>,37,16,[1 6],38,116,132,78,104
1,<environment.Job instance at 0x7f27343dff00>,39,14,[9 2],40,122,136,82,108
1,<environment.Job instance at 0x7f27343dfcd0>,33,13,[2 8],34,132,145,98,117
1,<environment.Job instance at 0x7f27343e1780>,48,3,[ 4 10],49,145,148,96,119
1,<environment.Job instance at 0x7f27343e16e0>,47,18,[5 8],48,148,166,100,137
1,<environment.Job instance at 0x7f27343e18c0>,50,3,[5 8],51,166,169,115,140
1,<environment.Job instance at 0x7f27343e1c80>,56,13,[2 9],57,169,182,112,153
1,<environment.Job instance at 0x7f27343e1280>,57,14,[2 6],58,153,167,95,153
1,<environment.Job instance at 0x7f27343e15a0>,58,12,[2 9],59,182,194,123,165
1,<environment.Job instance at 0x7f27343e1e10>,59,14,[ 3 10],60,194,208,134,179
1,<environment.Job instance at 0x7f27344ebcd0>,0,16,[5 5],1,1,17,0,1
1,<environment.Job instance at 0x7f27344eb3c0>,1,2,[6 2],2,4,6,2,4
1,<environment.Job instance at 0x7f2734960eb0>,3,2,[3 5],4,4,6,0,4
1,<environment.Job instance at 0x7f27352b77d0>,4,14,[ 5 10],5,6,20,1,5
1,<environment.Job instance at 0x7f273462cf00>,5,14,[8 1],6,17,31,11,6
1,<environment.Job instance at 0x7f2734960b90>,7,17,[1 8],8,20,37,12,8
1,<environment.Job instance at 0x7f273462cfa0>,11,2,[5 8],12,37,39,25,12
1,<environment.Job instance at 0x7f273462c2d0>,12,14,[6 3],13,20,34,7,13
1,<environment.Job instance at 0x7f273462c690>,13,3,[4 7],14,34,37,20,14
1,<environment.Job instance at 0x7f27349c31e0>,15,1,[7 2],16,31,32,15,16
1,<environment.Job instance at 0x7f27349c3c80>,20,12,[3 5],21,37,49,16,21
1,<environment.Job instance at 0x7f27349c39b0>,23,1,[ 1 10],24,39,40,15,24
1,<environment.Job instance at 0x7f27349c3e60>,24,16,[4 9],25,40,56,15,27
1,<environment.Job instance at 0x7f27349c3640>,16,15,[2 9],17,56,71,39,42
1,<environment.Job instance at 0x7f27349c3910>,26,23,[8 1],27,42,65,15,42
1,<environment.Job instance at 0x7f27349c38c0>,27,2,[ 5 14],28,71,73,43,44
1,<environment.Job instance at 0x7f27349c3780>,28,1,[4 6],29,65,66,36,44
1,<environment.Job instance at 0x7f27349c3870>,29,3,[10  1],30,66,69,36,44
1,<environment.Job instance at 0x7f27349c3730>,30,1,[3 5],31,49,50,18,44
1,<environment.Job instance at 0x7f2735a9cd70>,31,16,[6 5],32,73,89,41,61
1,<environment.Job instance at 0x7f27349c34b0>,18,12,[4 8],19,73,85,54,61
1,<environment.Job instance at 0x7f27349c3960>,22,20,[9 3],23,85,105,62,76
1,<environment.Job instance at 0x7f2735a9c140>,34,15,[5 6],35,89,104,54,76
1,<environment.Job instance at 0x7f2735a9ca00>,35,18,[1 7],36,104,122,68,93
1,<environment.Job instance at 0x7f2735a9cf00>,37,21,[5 6],38,105,126,67,97
1,<environment.Job instance at 0x7f2735a9c370>,39,13,[5 5],40,122,135,82,106
1,<environment.Job instance at 0x7f2735a9ccd0>,33,17,[9 3],34,126,143,92,115
1,<environment.Job instance at 0x7f27349c35f0>,25,18,[9 4],26,143,161,117,136
1,<environment.Job instance at 0x7f2735a9cb40>,44,12,[2 6],45,136,148,91,136
1,<environment.Job instance at 0x7f2735a9cc80>,45,3,[7 5],46,161,164,115,136
1,<environment.Job instance at 0x7f2735a9c640>,42,22,[7 2],43,161,183,118,154
1,<environment.Job instance at 0x7f2734669eb0>,47,18,[2 8],48,164,182,116,154
1,<environment.Job instance at 0x7f2734669050>,50,3,[5 7],51,154,157,103,154
1,<environment.Job instance at 0x7f2734669550>,52,16,[1 6],53,182,198,129,169
1,<environment.Job instance at 0x7f2734720780>,54,3,[5 2],55,169,172,114,169
1,<environment.Job instance at 0x7f27347209b0>,55,3,[5 1],56,172,175,116,169
1,<environment.Job instance at 0x7f2734720e60>,56,18,[2 5],57,175,193,118,169
1,<environment.Job instance at 0x7f2734720280>,57,13,[8 3],58,183,196,125,169
1,<environment.Job instance at 0x7f273552a0f0>,62,3,[5 8],63,196,199,133,170
1,<environment.Job instance at 0x7f273412c370>,0,12,[3 7],1,1,13,0,1
1,<environment.Job instance at 0x7f273552a870>,1,17,[2 6],2,2,19,0,2
1,<environment.Job instance at 0x7f27340a7a50>,2,3,[5 2],3,6,9,3,6
1,<environment.Job instance at 0x7f27342fc0a0>,5,18,[6 4],6,13,31,7,6
1,<environment.Job instance at 0x7f2734f41a50>,6,1,[3 9],7,19,20,12,10
1,<environment.Job instance at 0x7f2735106a50>,10,3,[8 2],11,20,23,9,12
1,<environment.Job instance at 0x7f2735106b40>,12,3,[6 3],13,13,16,0,13
1,<environment.Job instance at 0x7f2735106c30>,14,1,[8 4],15,23,24,8,15
1,<environment.Job instance at 0x7f2735106be0>,15,1,[9 2],16,24,25,8,17
1,<environment.Job instance at 0x7f2735106730>,17,3,[4 5],18,25,28,7,18
1,<environment.Job instance at 0x7f273420e050>,18,1,[7 5],19,28,29,9,19
1,<environment.Job instance at 0x7f273495faf0>,19,2,[ 2 11],20,29,31,9,20
1,<environment.Job instance at 0x7f27351069b0>,20,3,[4 8],21,31,34,10,21
1,<environment.Job instance at 0x7f273495fd70>,21,3,[2 9],22,34,37,12,22
1,<environment.Job instance at 0x7f2734b107d0>,22,16,[4 6],23,31,47,8,23
1,<environment.Job instance at 0x7f2734b10a00>,25,15,[9 4],26,37,52,11,27
1,<environment.Job instance at 0x7f2734b101e0>,26,14,[10  3],27,52,66,25,37
1,<environment.Job instance at 0x7f2734b100a0>,23,18,[5 8],24,47,65,23,37
1,<environment.Job instance at 0x7f2735964230>,29,15,[5 7],30,65,80,35,51
1,<environment.Job instance at 0x7f2735964140>,30,13,[3 5],31,66,79,35,51
1,<environment.Job instance at 0x7f2734f2e960>,31,3,[3 8],32,79,82,47,53
1,<environment.Job instance at 0x7f2735964320>,28,15,[8 5],29,80,95,51,68
1,<environment.Job instance at 0x7f27346333c0>,33,3,[5 7],34,82,85,48,68
1,<environment.Job instance at 0x7f27359640a0>,32,18,[7 1],33,85,103,52,74
1,<environment.Job instance at 0x7f2734633500>,35,2,[6 1],36,74,76,38,74
1,<environment.Job instance at 0x7f2734633f00>,34,18,[5 1],35,95,113,60,84
1,<environment.Job instance at 0x7f273497ddc0>,9,15,[7 1],10,103,118,93,89
1,<environment.Job instance at 0x7f2735964050>,27,18,[10  1],28,118,136,90,107
1,<environment.Job instance at 0x7f2735991c30>,40,13,[1 9],41,107,120,66,107
1,<environment.Job instance at 0x7f2735ab6f00>,44,19,[8 5],45,136,155,91,126
1,<environment.Job instance at 0x7f2735ab6910>,45,13,[9 1],46,155,168,109,139
1,<environment.Job instance at 0x7f2735ab6780>,46,18,[8 1],47,168,186,121,157
1,<environment.Job instance at 0x7f27345ee280>,47,15,[10  4],48,186,201,138,172
1,<environment.Job instance at 0x7f27345c9960>,38,26,[ 1 10],39,175,201,136,175
1,<environment.Job instance at 0x7f27354a8870>,51,1,[ 3 10],52,201,202,149,175
1,<environment.Job instance at 0x7f27354a8640>,52,3,[ 2 10],53,202,205,149,176
1,<environment.Job instance at 0x7f2734cd2af0>,0,2,[5 7],1,1,3,0,1
1,<environment.Job instance at 0x7f2734cd24b0>,1,15,[ 4 11],2,3,18,1,2
1,<environment.Job instance at 0x7f273e0455a0>,3,12,[8 3],4,4,16,0,4
1,<environment.Job instance at 0x7f2735a65a50>,4,16,[5 5],5,18,34,13,5
1,<environment.Job instance at 0x7f2735a65550>,5,15,[3 5],6,18,33,12,6
1,<environment.Job instance at 0x7f2735a65190>,7,12,[1 8],8,33,45,25,16
1,<environment.Job instance at 0x7f2734ab94b0>,11,15,[ 5 10],12,45,60,33,31
1,<environment.Job instance at 0x7f2734ab9640>,13,12,[5 4],14,34,46,20,31
1,<environment.Job instance at 0x7f2734ab9b90>,14,17,[2 6],15,60,77,45,48
1,<environment.Job instance at 0x7f2734ab9dc0>,15,12,[5 3],16,48,60,32,48
1,<environment.Job instance at 0x7f2735903410>,21,14,[8 3],22,60,74,38,48
1,<environment.Job instance at 0x7f2735906960>,22,13,[3 9],23,74,87,51,58
1,<environment.Job instance at 0x7f27349d0550>,23,13,[3 9],24,87,100,63,71
1,<environment.Job instance at 0x7f273dfefbe0>,24,18,[ 2 10],25,100,118,75,89
1,<environment.Job instance at 0x7f273527f8c0>,27,17,[10  2],28,89,106,61,89
1,<environment.Job instance at 0x7f2735658280>,28,19,[9 3],29,106,125,77,96
1,<environment.Job instance at 0x7f27352b0870>,29,15,[5 4],30,118,133,88,104
1,<environment.Job instance at 0x7f27352b02d0>,30,17,[5 2],31,125,142,94,113
1,<environment.Job instance at 0x7f2735846870>,34,18,[2 8],35,125,143,90,114
1,<environment.Job instance at 0x7f2734c825a0>,35,18,[3 5],36,133,151,97,122
1,<environment.Job instance at 0x7f273e0881e0>,43,16,[6 5],44,143,159,99,130
1,<environment.Job instance at 0x7f273e0889b0>,44,17,[9 2],45,151,168,106,139
1,<environment.Job instance at 0x7f27346c2640>,47,17,[5 2],48,159,176,111,147
1,<environment.Job instance at 0x7f2735a95d70>,53,17,[4 7],54,168,185,114,156
1,<environment.Job instance at 0x7f2735acc370>,55,13,[5 5],56,168,181,112,156
1,<environment.Job instance at 0x7f2735acc230>,56,19,[4 5],57,181,200,124,171
1,<environment.Job instance at 0x7f2735acc1e0>,59,12,[6 4],60,185,197,125,171
1,<environment.Job instance at 0x7f273416c410>,0,3,[3 5],1,1,4,0,1
1,<environment.Job instance at 0x7f273416c4b0>,1,2,[ 1 11],2,4,6,2,3
1,<environment.Job instance at 0x7f2735acc410>,2,2,[10  2],3,3,5,0,3
1,<environment.Job instance at 0x7f27345c9e60>,4,3,[5 8],5,6,9,1,5
1,<environment.Job instance at 0x7f27345c9a50>,5,16,[5 1],6,6,22,0,6
1,<environment.Job instance at 0x7f27345c9050>,6,17,[1 5],7,7,24,0,7
1,<environment.Job instance at 0x7f27345c9230>,7,13,[2 8],8,9,22,1,8
1,<environment.Job instance at 0x7f27345c9500>,8,12,[3 9],9,22,34,13,9
1,<environment.Job instance at 0x7f27345c97d0>,9,3,[7 2],10,24,27,14,10
1,<environment.Job instance at 0x7f2734d001e0>,13,1,[9 1],14,22,23,8,14
1,<environment.Job instance at 0x7f2734d004b0>,14,2,[3 7],15,34,36,19,15
1,<environment.Job instance at 0x7f27345c9550>,11,12,[8 2],12,27,39,15,16
1,<environment.Job instance at 0x7f2734d00c80>,16,15,[1 8],17,36,51,19,22
1,<environment.Job instance at 0x7f2734d00fa0>,21,18,[7 2],22,39,57,17,28
1,<environment.Job instance at 0x7f27345c9640>,12,15,[5 4],13,36,51,23,30
1,<environment.Job instance at 0x7f273530f050>,23,3,[5 9],24,51,54,27,30
1,<environment.Job instance at 0x7f273530f3c0>,22,3,[10  3],23,57,60,34,31
1,<environment.Job instance at 0x7f273530fb90>,26,20,[5 4],27,54,74,27,45
1,<environment.Job instance at 0x7f273530f230>,29,3,[5 8],30,60,63,30,45
1,<environment.Job instance at 0x7f27348900a0>,31,18,[3 9],32,63,81,31,52
1,<environment.Job instance at 0x7f2734890780>,34,15,[10  3],35,74,89,39,60
1,<environment.Job instance at 0x7f2734890820>,35,18,[1 8],36,81,99,45,70
1,<environment.Job instance at 0x7f2734b13f50>,36,3,[1 5],37,89,92,52,70
1,<environment.Job instance at 0x7f2734b136e0>,37,15,[4 8],38,99,114,61,85
1,<environment.Job instance at 0x7f2734b13500>,38,18,[3 9],39,114,132,75,103
1,<environment.Job instance at 0x7f27345c92d0>,10,16,[11  4],11,118,134,107,118
1,<environment.Job instance at 0x7f2734b139b0>,40,13,[ 3 10],41,132,145,91,118
1,<environment.Job instance at 0x7f2734b13be0>,41,13,[8 5],42,134,147,92,118
1,<environment.Job instance at 0x7f2734b13460>,39,15,[ 1 10],40,145,160,105,131
1,<environment.Job instance at 0x7f2734b13c30>,43,3,[9 1],44,147,150,103,131
1,<environment.Job instance at 0x7f2734b132d0>,45,14,[5 3],46,147,161,101,132
1,<environment.Job instance at 0x7f2734b13230>,48,15,[3 6],49,160,175,111,146
1,<environment.Job instance at 0x7f2734b131e0>,49,18,[5 8],50,161,179,111,152
1,<environment.Job instance at 0x7f2734b13870>,50,16,[10  3],51,175,191,124,162
1,<environment.Job instance at 0x7f27359b10a0>,51,14,[3 7],52,179,193,127,164
1,<environment.Job instance at 0x7f27359b14b0>,52,15,[4 5],53,191,206,138,177
1,<environment.Job instance at 0x7f27359b1320>,53,13,[10  4],54,193,206,139,177
1,<environment.Job instance at 0x7f27359b13c0>,54,2,[1 7],55,206,208,151,179
1,<environment.Job instance at 0x7f27342225f0>,0,15,[6 4],1,1,16,0,1
1,<environment.Job instance at 0x7f2734222500>,1,17,[5 1],2,2,19,0,2
1,<environment.Job instance at 0x7f2734222b90>,2,1,[6 5],3,16,17,13,4
1,<environment.Job instance at 0x7f2734222410>,3,16,[6 5],4,17,33,13,4
1,<environment.Job instance at 0x7f27342223c0>,7,2,[10  3],8,33,35,25,9
1,<environment.Job instance at 0x7f2734222370>,5,15,[5 5],6,19,34,13,9
1,<environment.Job instance at 0x7f2734222230>,14,12,[5 7],15,34,46,19,17
1,<environment.Job instance at 0x7f27342229b0>,8,13,[5 4],9,35,48,26,19
1,<environment.Job instance at 0x7f2734222870>,16,1,[6 4],17,46,47,29,19
1,<environment.Job instance at 0x7f2734222e10>,4,14,[10  4],5,47,61,42,32
1,<environment.Job instance at 0x7f2734222f50>,17,27,[2 6],18,48,75,30,46
1,<environment.Job instance at 0x7f27342227d0>,19,14,[4 8],20,61,75,41,46
1,<environment.Job instance at 0x7f2734222460>,20,18,[1 5],21,75,93,54,64
1,<environment.Job instance at 0x7f27341e3820>,21,12,[ 1 10],22,75,87,53,64
1,<environment.Job instance at 0x7f2734222c80>,15,18,[9 5],16,87,105,71,76
1,<environment.Job instance at 0x7f2734222be0>,9,24,[5 5],10,87,111,77,82
1,<environment.Job instance at 0x7f27341e3550>,31,1,[13  2],32,111,112,79,83
1,<environment.Job instance at 0x7f27341e3e60>,30,18,[9 5],31,112,130,81,101
1,<environment.Job instance at 0x7f27341e36e0>,32,20,[5 3],33,112,132,79,103
1,<environment.Job instance at 0x7f27341e32d0>,34,16,[7 4],35,130,146,95,118
1,<environment.Job instance at 0x7f27341e31e0>,36,12,[2 7],37,130,142,93,118
1,<environment.Job instance at 0x7f27341e3960>,33,18,[7 1],34,142,160,108,131
1,<environment.Job instance at 0x7f27341feb90>,42,18,[9 2],43,160,178,117,149
1,<environment.Job instance at 0x7f27341e3d70>,37,26,[6 2],38,149,175,111,149
1,<environment.Job instance at 0x7f27341fe280>,44,12,[10  4],45,178,190,133,161
1,<environment.Job instance at 0x7f27341fe4b0>,45,3,[6 2],46,175,178,129,161
1,<environment.Job instance at 0x7f27341fea00>,46,14,[2 5],47,178,192,131,163
1,<environment.Job instance at 0x7f27341fe7d0>,47,2,[3 5],48,178,180,130,163
1,<environment.Job instance at 0x7f27341fe6e0>,48,12,[4 7],49,190,202,141,173
1,<environment.Job instance at 0x7f27342225a0>,10,13,[3 6],11,192,205,181,176
1,<environment.Job instance at 0x7f2734b2e3c0>,1,1,[ 4 13],2,2,3,0,2
1,<environment.Job instance at 0x7f2734b2ee10>,2,17,[4 7],3,3,20,0,3
1,<environment.Job instance at 0x7f2734b2e190>,3,3,[ 4 14],4,20,23,16,4
1,<environment.Job instance at 0x7f2734b2e550>,5,12,[10  2],6,6,18,0,6
1,<environment.Job instance at 0x7f2734b2ef00>,6,1,[7 4],7,18,19,11,7
1,<environment.Job instance at 0x7f2734b2e140>,7,14,[5 9],8,23,37,15,8
1,<environment.Job instance at 0x7f2734b2e780>,8,3,[8 2],9,23,26,14,9
1,<environment.Job instance at 0x7f2734b2e4b0>,9,1,[9 2],10,19,20,9,10
1,<environment.Job instance at 0x7f2734b2e2d0>,11,14,[6 5],12,26,40,14,12
1,<environment.Job instance at 0x7f2734b2e910>,12,3,[5 9],13,37,40,24,13
1,<environment.Job instance at 0x7f2735966550>,13,16,[3 5],14,40,56,26,27
1,<environment.Job instance at 0x7f27359664b0>,16,12,[9 1],17,40,52,23,27
1,<environment.Job instance at 0x7f2735966320>,15,1,[2 7],16,40,41,24,28
1,<environment.Job instance at 0x7f27359662d0>,18,13,[7 4],19,52,65,33,36
1,<environment.Job instance at 0x7f2735966cd0>,14,1,[7 4],15,56,57,41,36
1,<environment.Job instance at 0x7f27359669b0>,20,15,[ 1 10],21,57,72,36,43
1,<environment.Job instance at 0x7f2735966780>,23,15,[2 9],24,72,87,48,58
1,<environment.Job instance at 0x7f27359660f0>,24,3,[5 6],25,72,75,47,58
1,<environment.Job instance at 0x7f2735966fa0>,28,15,[5 8],29,87,102,58,73
1,<environment.Job instance at 0x7f2734758e10>,29,15,[7 4],30,75,90,45,73
1,<environment.Job instance at 0x7f2734758550>,30,12,[9 2],31,90,102,59,73
1,<environment.Job instance at 0x7f2734758af0>,32,16,[4 8],33,102,118,69,89
1,<environment.Job instance at 0x7f2734758410>,35,13,[ 5 10],36,118,131,82,102
1,<environment.Job instance at 0x7f27355af8c0>,38,15,[9 2],39,102,117,63,102
1,<environment.Job instance at 0x7f27355af460>,40,18,[7 4],41,117,135,76,106
1,<environment.Job instance at 0x7f27355af690>,42,12,[2 7],43,131,143,88,114
1,<environment.Job instance at 0x7f27355af640>,44,15,[4 7],45,135,150,90,121
1,<environment.Job instance at 0x7f27355aff50>,45,15,[2 6],46,143,158,97,129
1,<environment.Job instance at 0x7f27355afc80>,46,14,[4 7],47,150,164,103,135
1,<environment.Job instance at 0x7f27359b6e60>,47,13,[10  1],48,158,171,110,144
1,<environment.Job instance at 0x7f27359b6b90>,48,14,[2 5],49,164,178,115,149
1,<environment.Job instance at 0x7f27359b6230>,50,13,[10  2],51,171,184,120,155
1,<environment.Job instance at 0x7f27359b6c30>,55,15,[2 8],56,164,179,108,155
1,<environment.Job instance at 0x7f27359b6c80>,56,17,[4 5],57,179,196,122,167
1,<environment.Job instance at 0x7f27359b6aa0>,57,16,[4 9],58,184,200,126,171
1,<environment.Job instance at 0x7f27352bbe60>,0,17,[ 5 12],1,1,18,0,1
1,<environment.Job instance at 0x7f27359b6aa0>,2,12,[6 1],3,3,15,0,3
1,<environment.Job instance at 0x7f273449c0a0>,3,17,[5 9],4,18,35,14,6
1,<environment.Job instance at 0x7f27352bb190>,1,14,[9 1],2,15,29,13,6
1,<environment.Job instance at 0x7f273449ca50>,6,2,[ 3 10],7,35,37,28,8
1,<environment.Job instance at 0x7f273449cd70>,8,2,[5 4],9,29,31,20,9
1,<environment.Job instance at 0x7f273449c140>,5,3,[5 4],6,31,34,25,9
1,<environment.Job instance at 0x7f27352365a0>,12,21,[5 2],13,29,50,16,21
1,<environment.Job instance at 0x7f27352367d0>,14,12,[1 8],15,37,49,22,21
1,<environment.Job instance at 0x7f27352368c0>,15,17,[2 7],16,49,66,33,37
1,<environment.Job instance at 0x7f2735236140>,16,15,[7 3],17,37,52,20,37
1,<environment.Job instance at 0x7f2735236870>,17,16,[2 5],18,50,66,32,37
1,<environment.Job instance at 0x7f2735236aa0>,18,17,[3 9],19,66,83,47,54
1,<environment.Job instance at 0x7f2735236be0>,20,13,[1 8],21,83,96,62,67
1,<environment.Job instance at 0x7f2735236e60>,21,3,[4 6],22,67,70,45,67
1,<environment.Job instance at 0x7f2735236cd0>,22,3,[7 2],23,70,73,47,67
1,<environment.Job instance at 0x7f2735236d70>,23,18,[5 2],24,70,88,46,67
1,<environment.Job instance at 0x7f2735236fa0>,25,3,[8 3],26,83,86,57,67
1,<environment.Job instance at 0x7f27352369b0>,26,16,[8 2],27,86,102,59,73
1,<environment.Job instance at 0x7f27344c5140>,27,15,[ 2 10],28,96,111,68,82
1,<environment.Job instance at 0x7f27344c51e0>,28,17,[5 4],29,102,119,73,90
1,<environment.Job instance at 0x7f27344c5500>,33,22,[5 8],34,111,133,77,104
1,<environment.Job instance at 0x7f27344c5640>,35,14,[5 7],36,119,133,83,111
1,<environment.Job instance at 0x7f27344c56e0>,36,15,[2 7],37,133,148,96,119
1,<environment.Job instance at 0x7f27344c5910>,37,3,[7 2],38,133,136,95,119
1,<environment.Job instance at 0x7f27344c5aa0>,39,24,[2 6],40,133,157,93,128
1,<environment.Job instance at 0x7f27344c5b40>,40,15,[10  3],41,148,163,107,134
1,<environment.Job instance at 0x7f27344c5be0>,41,3,[5 9],42,157,160,115,134
1,<environment.Job instance at 0x7f27344c5c80>,42,13,[9 1],43,163,176,120,147
1,<environment.Job instance at 0x7f27344c5d20>,43,15,[5 2],44,160,175,116,147
1,<environment.Job instance at 0x7f27344c5dc0>,44,12,[8 3],45,176,188,131,159
1,<environment.Job instance at 0x7f2734b96320>,52,18,[7 3],53,176,194,123,165
1,<environment.Job instance at 0x7f2734b965a0>,55,3,[5 9],56,188,191,132,165
1,<environment.Job instance at 0x7f2734b96640>,56,14,[3 7],57,191,205,134,176
1,<environment.Job instance at 0x7f2734b96780>,58,12,[6 5],59,194,206,135,177
1,<environment.Job instance at 0x7f2735965f50>,0,14,[2 7],1,1,15,0,1
1,<environment.Job instance at 0x7f2734b96780>,2,14,[ 1 10],3,15,29,12,3
1,<environment.Job instance at 0x7f2734b967d0>,1,1,[ 2 10],2,29,30,27,3
1,<environment.Job instance at 0x7f2735965a00>,3,15,[2 5],4,4,19,0,4
1,<environment.Job instance at 0x7f27359651e0>,4,2,[10  2],5,5,7,0,5
1,<environment.Job instance at 0x7f2735965690>,8,3,[6 5],9,19,22,10,11
1,<environment.Job instance at 0x7f27342bac30>,11,3,[7 3],12,12,15,0,12
1,<environment.Job instance at 0x7f2735965640>,10,3,[5 6],11,30,33,19,13
1,<environment.Job instance at 0x7f27342baa50>,13,3,[7 4],14,22,25,8,14
1,<environment.Job instance at 0x7f27342ba870>,14,12,[2 7],15,30,42,15,15
1,<environment.Job instance at 0x7f27342bad70>,12,13,[6 1],13,23,36,10,23
1,<environment.Job instance at 0x7f273e502a00>,15,12,[14  1],16,42,54,26,25
1,<environment.Job instance at 0x7f273e502be0>,17,13,[8 2],18,54,67,36,38
1,<environment.Job instance at 0x7f2735965230>,5,14,[4 8],6,54,68,48,39
1,<environment.Job instance at 0x7f27359652d0>,9,2,[10  4],10,40,42,30,40
1,<environment.Job instance at 0x7f27343cfaa0>,24,18,[5 5],25,67,85,42,56
1,<environment.Job instance at 0x7f273436e820>,25,17,[1 5],26,68,85,42,56
1,<environment.Job instance at 0x7f273436ea50>,28,13,[5 4],29,68,81,39,56
1,<environment.Job instance at 0x7f273e5023c0>,18,16,[4 5],19,81,97,62,68
1,<environment.Job instance at 0x7f273436e190>,30,15,[ 5 10],31,85,100,54,72
1,<environment.Job instance at 0x7f273436ebe0>,31,14,[ 4 10],32,100,114,68,87
1,<environment.Job instance at 0x7f27343ccc80>,32,3,[3 6],33,114,117,81,88
1,<environment.Job instance at 0x7f273436ea00>,29,19,[6 3],30,97,116,67,88
1,<environment.Job instance at 0x7f27343cc5f0>,34,18,[2 5],35,114,132,79,103
1,<environment.Job instance at 0x7f27343cc460>,35,16,[5 9],36,117,133,81,104
1,<environment.Job instance at 0x7f27343e4460>,39,13,[8 2],40,132,145,92,116
1,<environment.Job instance at 0x7f27343e4f50>,40,17,[5 1],41,133,150,92,121
1,<environment.Job instance at 0x7f27343e42d0>,41,14,[5 1],42,145,159,103,130
1,<environment.Job instance at 0x7f27343e4b90>,43,16,[1 9],44,133,149,89,131
1,<environment.Job instance at 0x7f27343e4190>,44,17,[ 3 10],45,149,166,104,137
1,<environment.Job instance at 0x7f2734bcec30>,45,12,[4 5],46,159,171,113,142
1,<environment.Job instance at 0x7f27354c20a0>,49,15,[3 6],50,166,181,116,152
1,<environment.Job instance at 0x7f2734259f50>,51,17,[ 2 10],52,181,198,129,169
1,<environment.Job instance at 0x7f273459a910>,0,12,[3 9],1,1,13,0,1
1,<environment.Job instance at 0x7f2734259500>,1,2,[ 4 14],2,13,15,11,3
1,<environment.Job instance at 0x7f2734259f50>,2,1,[3 5],3,3,4,0,3
1,<environment.Job instance at 0x7f273550df00>,3,1,[13  4],4,15,16,11,4
1,<environment.Job instance at 0x7f273550d6e0>,4,15,[5 8],5,16,31,11,5
1,<environment.Job instance at 0x7f27341fc370>,8,15,[8 1],9,16,31,7,9
1,<environment.Job instance at 0x7f27341fcf50>,10,15,[2 8],11,31,46,20,17
1,<environment.Job instance at 0x7f27341fc280>,13,17,[10  3],14,31,48,17,19
1,<environment.Job instance at 0x7f27341fc4b0>,11,2,[2 9],12,46,48,34,19
1,<environment.Job instance at 0x7f27341fc410>,12,17,[7 1],13,48,65,35,37
1,<environment.Job instance at 0x7f27341fc910>,14,18,[5 9],15,48,66,33,37
1,<environment.Job instance at 0x7f27341fc550>,16,14,[6 5],17,65,79,48,51
1,<environment.Job instance at 0x7f27341fcc30>,18,1,[9 4],19,66,67,47,51
1,<environment.Job instance at 0x7f27341fcaf0>,19,2,[4 7],20,67,69,47,51
1,<environment.Job instance at 0x7f27341fc500>,20,2,[2 6],21,69,71,48,51
1,<environment.Job instance at 0x7f27341fc460>,21,13,[1 9],22,71,84,49,55
1,<environment.Job instance at 0x7f27341fc640>,22,15,[5 2],23,79,94,56,65
1,<environment.Job instance at 0x7f27341fcb40>,23,2,[3 8],24,84,86,60,65
1,<environment.Job instance at 0x7f27341fc6e0>,17,16,[10  4],18,86,102,68,73
1,<environment.Job instance at 0x7f27341fcbe0>,26,16,[7 5],27,102,118,75,89
1,<environment.Job instance at 0x7f27341fcf00>,24,14,[ 4 13],25,118,132,93,103
1,<environment.Job instance at 0x7f27355b05f0>,29,18,[9 2],30,118,136,88,107
1,<environment.Job instance at 0x7f27355b0eb0>,32,12,[7 4],33,136,148,103,119
1,<environment.Job instance at 0x7f27355b0af0>,34,20,[5 1],35,132,152,97,125
1,<environment.Job instance at 0x7f27355b0f50>,35,12,[10  4],36,148,160,112,131
1,<environment.Job instance at 0x7f27355b07d0>,40,17,[2 9],41,152,169,111,140
1,<environment.Job instance at 0x7f2734e18d70>,48,14,[3 5],49,160,174,111,145
1,<environment.Job instance at 0x7f2734e182d0>,50,12,[6 1],51,160,172,109,145
1,<environment.Job instance at 0x7f273466f4b0>,53,16,[1 8],54,169,185,115,156
1,<environment.Job instance at 0x7f2735875c80>,55,16,[6 2],56,172,188,116,159
1,<environment.Job instance at 0x7f2735875c30>,56,13,[5 2],57,174,187,117,159
1,<environment.Job instance at 0x7f2735875690>,57,14,[10  5],58,188,202,130,173
1,<environment.Job instance at 0x7f2734b70d20>,0,20,[4 7],1,1,21,0,1
1,<environment.Job instance at 0x7f2735875230>,2,2,[8 2],3,7,9,4,7
1,<environment.Job instance at 0x7f2734a4c640>,6,16,[3 7],7,9,25,2,7
1,<environment.Job instance at 0x7f2734b70640>,1,3,[10  2],2,21,24,19,9
1,<environment.Job instance at 0x7f2734a4c5a0>,7,1,[2 7],8,24,25,16,10
1,<environment.Job instance at 0x7f2734a4ca00>,10,16,[1 8],11,25,41,14,12
1,<environment.Job instance at 0x7f2734a4caf0>,12,3,[10  1],13,24,27,11,13
1,<environment.Job instance at 0x7f2734a4cc80>,13,12,[6 2],14,27,39,13,14
1,<environment.Job instance at 0x7f2734a4ce60>,16,17,[7 4],17,27,44,10,21
1,<environment.Job instance at 0x7f2734a4cfa0>,17,1,[12  1],18,44,45,26,21
1,<environment.Job instance at 0x7f2734a4cf50>,18,1,[10  3],19,45,46,26,21
1,<environment.Job instance at 0x7f2734a52140>,19,1,[3 8],20,41,42,21,21
1,<environment.Job instance at 0x7f2734a521e0>,20,12,[5 2],21,45,57,24,28
1,<environment.Job instance at 0x7f2734a4cd70>,14,13,[4 9],15,46,59,31,33
1,<environment.Job instance at 0x7f2734a524b0>,21,17,[5 2],22,46,63,24,34
1,<environment.Job instance at 0x7f2734a4ceb0>,15,18,[6 1],16,57,75,41,46
1,<environment.Job instance at 0x7f2734a52550>,22,14,[2 5],23,59,73,36,46
1,<environment.Job instance at 0x7f2734a527d0>,27,2,[ 2 10],28,73,75,45,46
1,<environment.Job instance at 0x7f2734a52a00>,28,2,[1 9],29,63,65,34,46
1,<environment.Job instance at 0x7f2734a52af0>,30,13,[ 5 10],31,75,88,44,59
1,<environment.Job instance at 0x7f2734a52730>,26,16,[1 8],27,88,104,61,75
1,<environment.Job instance at 0x7f2734a52f50>,34,17,[9 4],35,76,93,41,76
1,<environment.Job instance at 0x7f2734a52cd0>,35,15,[8 4],36,93,108,57,79
1,<environment.Job instance at 0x7f2734a2d230>,38,15,[9 2],39,108,123,69,94
1,<environment.Job instance at 0x7f2734a2d2d0>,39,3,[6 5],40,104,107,64,94
1,<environment.Job instance at 0x7f2734a525a0>,23,15,[5 9],24,107,122,83,102
1,<environment.Job instance at 0x7f2734a2d5a0>,44,12,[5 2],45,122,134,77,105
1,<environment.Job instance at 0x7f2734a2d640>,45,13,[5 8],46,123,136,77,107
1,<environment.Job instance at 0x7f2734a2d500>,43,15,[7 3],44,134,149,90,120
1,<environment.Job instance at 0x7f2734a2d9b0>,47,17,[5 4],48,136,153,88,124
1,<environment.Job instance at 0x7f2734a2d870>,46,15,[1 6],47,136,151,89,124
1,<environment.Job instance at 0x7f2734a2daf0>,49,3,[7 1],50,149,152,99,124
1,<environment.Job instance at 0x7f2734a2db90>,50,12,[2 6],51,151,163,100,134
1,<environment.Job instance at 0x7f2734a2dc30>,51,1,[6 5],52,152,153,100,135
1,<environment.Job instance at 0x7f2734a2dcd0>,52,17,[7 2],53,153,170,100,142
1,<environment.Job instance at 0x7f2734a2da50>,48,18,[3 7],49,153,171,104,142
1,<environment.Job instance at 0x7f2734a2de10>,54,13,[3 5],55,163,176,108,147
1,<environment.Job instance at 0x7f2734a2d820>,57,3,[6 2],58,170,173,112,147
1,<environment.Job instance at 0x7f2734a2c140>,59,16,[2 8],60,171,187,111,158
1,<environment.Job instance at 0x7f2734a2c2d0>,60,12,[2 8],61,187,199,126,170
1,<environment.Job instance at 0x7f2734537460>,0,1,[ 1 10],1,2,3,1,2
1,<environment.Job instance at 0x7f27345372d0>,1,3,[10  3],2,2,5,0,2
1,<environment.Job instance at 0x7f2734a2c1e0>,3,2,[8 1],4,5,7,1,4
1,<environment.Job instance at 0x7f27358723c0>,4,15,[7 5],5,5,20,0,5
1,<environment.Job instance at 0x7f2735872c80>,5,22,[6 5],6,7,29,1,6
1,<environment.Job instance at 0x7f2735872e60>,6,13,[8 1],7,20,33,13,7
1,<environment.Job instance at 0x7f2735872050>,13,1,[5 8],14,29,30,15,14
1,<environment.Job instance at 0x7f273538b0f0>,14,12,[8 1],15,33,45,18,16
1,<environment.Job instance at 0x7f2735872140>,7,13,[5 1],8,30,43,22,16
1,<environment.Job instance at 0x7f273538b820>,16,2,[ 1 10],17,30,32,13,17
1,<environment.Job instance at 0x7f273538bf00>,17,3,[3 8],18,43,46,25,18
1,<environment.Job instance at 0x7f273538b870>,18,14,[6 1],19,45,59,26,31
1,<environment.Job instance at 0x7f273538b230>,19,3,[14  2],20,59,62,39,33
1,<environment.Job instance at 0x7f2735867c30>,24,3,[7 5],25,46,49,21,33
1,<environment.Job instance at 0x7f2735867780>,23,12,[1 8],24,46,58,22,35
1,<environment.Job instance at 0x7f273434f050>,27,14,[3 9],28,62,76,34,48
1,<environment.Job instance at 0x7f2735872d20>,9,15,[9 4],10,62,77,52,50
1,<environment.Job instance at 0x7f273538b410>,15,18,[6 3],16,76,94,60,66
1,<environment.Job instance at 0x7f2735757fa0>,30,18,[ 3 12],31,77,95,46,66
1,<environment.Job instance at 0x7f2734a53050>,32,16,[1 9],33,95,111,62,82
1,<environment.Job instance at 0x7f2734318410>,33,13,[5 4],34,95,108,61,82
1,<environment.Job instance at 0x7f2734f3a3c0>,34,15,[8 3],35,108,123,73,94
1,<environment.Job instance at 0x7f2734a319b0>,35,27,[4 5],36,111,138,75,109
1,<environment.Job instance at 0x7f2734a53f00>,29,20,[3 5],30,111,131,81,109
1,<environment.Job instance at 0x7f27354dbb40>,37,17,[4 5],38,123,140,85,111
1,<environment.Job instance at 0x7f27354db8c0>,38,15,[7 2],39,131,146,92,117
1,<environment.Job instance at 0x7f2734a31550>,36,15,[2 8],37,138,153,101,126
1,<environment.Job instance at 0x7f27354dbdc0>,40,3,[9 2],41,146,149,105,126
1,<environment.Job instance at 0x7f2735a8ceb0>,41,2,[6 2],42,140,142,98,126
1,<environment.Job instance at 0x7f2734bc9b90>,42,14,[4 7],43,149,163,106,135
1,<environment.Job instance at 0x7f2734bc9280>,44,3,[5 2],45,142,145,97,135
1,<environment.Job instance at 0x7f2734bc9780>,45,3,[2 9],46,163,166,117,137
1,<environment.Job instance at 0x7f273468a0f0>,46,1,[6 3],47,145,146,98,137
1,<environment.Job instance at 0x7f273468a460>,47,1,[9 1],48,153,154,105,137
1,<environment.Job instance at 0x7f2734bc9320>,43,16,[10  3],44,154,170,110,141
1,<environment.Job instance at 0x7f273468aa00>,49,13,[10  4],50,170,183,120,154
1,<environment.Job instance at 0x7f27348228c0>,52,17,[4 8],53,166,183,113,154
1,<environment.Job instance at 0x7f2734822f50>,54,15,[3 6],55,183,198,128,169
1,<environment.Job instance at 0x7f2734ea5c30>,56,14,[7 5],57,183,197,126,169
1,<environment.Job instance at 0x7f2735640230>,0,14,[1 7],1,1,15,0,1
1,<environment.Job instance at 0x7f27356405a0>,1,3,[1 6],2,2,5,0,2
1,<environment.Job instance at 0x7f2735640460>,2,3,[3 8],3,5,8,2,3
1,<environment.Job instance at 0x7f2735640870>,3,16,[6 4],4,8,24,4,4
1,<environment.Job instance at 0x7f2734a52410>,5,17,[4 9],6,15,32,9,6
1,<environment.Job instance at 0x7f2735640500>,4,2,[6 1],5,8,10,3,6
1,<environment.Job instance at 0x7f2735640c30>,6,12,[6 4],7,24,36,17,7
1,<environment.Job instance at 0x7f27347c1190>,9,1,[4 9],10,32,33,22,11
1,<environment.Job instance at 0x7f27347c1870>,7,15,[5 3],8,33,48,25,19
1,<environment.Job instance at 0x7f27347c1c30>,16,3,[9 4],17,36,39,19,19
1,<environment.Job instance at 0x7f27347c1550>,11,12,[10  4],12,39,51,27,22
1,<environment.Job instance at 0x7f27347c17d0>,18,3,[2 5],19,33,36,14,22
1,<environment.Job instance at 0x7f27347c1410>,19,3,[ 3 10],20,48,51,28,22
1,<environment.Job instance at 0x7f27347c1d20>,14,16,[9 5],15,51,67,36,38
1,<environment.Job instance at 0x7f27347c10a0>,12,13,[5 7],13,51,64,38,39
1,<environment.Job instance at 0x7f27347c1b90>,20,17,[6 4],21,64,81,43,52
1,<environment.Job instance at 0x7f273e4f3c30>,22,15,[ 4 14],23,81,96,58,67
1,<environment.Job instance at 0x7f273e4f3780>,24,2,[6 2],25,67,69,42,67
1,<environment.Job instance at 0x7f273e4f3190>,23,15,[10  4],24,96,111,72,83
1,<environment.Job instance at 0x7f27347c1eb0>,15,17,[5 4],16,96,113,80,84
1,<environment.Job instance at 0x7f273e4f3d70>,27,14,[2 8],28,111,125,83,96
1,<environment.Job instance at 0x7f273e4f3730>,30,13,[6 2],31,111,124,80,96
1,<environment.Job instance at 0x7f273e4f3dc0>,31,3,[1 7],32,124,127,92,98
1,<environment.Job instance at 0x7f273512a8c0>,32,18,[5 3],33,125,143,92,114
1,<environment.Job instance at 0x7f273e4f3b90>,28,14,[6 3],29,125,139,96,114
1,<environment.Job instance at 0x7f2735663dc0>,38,3,[2 6],39,127,130,88,120
1,<environment.Job instance at 0x7f2734958b40>,39,18,[6 4],40,139,157,99,128
1,<environment.Job instance at 0x7f2734958500>,41,3,[9 3],42,143,146,101,129
1,<environment.Job instance at 0x7f2734958870>,44,12,[8 4],45,146,158,101,129
1,<environment.Job instance at 0x7f2734958820>,45,3,[6 2],46,157,160,111,132
1,<environment.Job instance at 0x7f2734958eb0>,46,14,[ 5 10],47,158,172,111,143
1,<environment.Job instance at 0x7f27358cb550>,47,16,[5 3],48,160,176,112,147
1,<environment.Job instance at 0x7f273567e460>,49,18,[2 8],50,172,190,122,161
1,<environment.Job instance at 0x7f273512a550>,35,16,[6 1],36,172,188,136,165
1,<environment.Job instance at 0x7f27358cb870>,51,15,[4 9],52,190,205,138,176
1,<environment.Job instance at 0x7f27355c6190>,52,2,[ 4 10],53,205,207,152,178
1,<environment.Job instance at 0x7f2735a139b0>,0,16,[3 6],1,1,17,0,1
1,<environment.Job instance at 0x7f27347f2820>,2,2,[4 9],3,3,5,0,3
1,<environment.Job instance at 0x7f2735a130f0>,3,16,[5 6],4,5,21,1,4
1,<environment.Job instance at 0x7f273429eb40>,4,1,[2 8],5,17,18,12,6
1,<environment.Job instance at 0x7f2734998460>,6,1,[9 2],7,18,19,11,10
1,<environment.Job instance at 0x7f27359bcb40>,10,1,[5 4],11,19,20,8,11
1,<environment.Job instance at 0x7f27359bca50>,11,1,[5 2],12,12,13,0,12
1,<environment.Job instance at 0x7f2734566aa0>,12,12,[10  5],13,20,32,7,13
1,<environment.Job instance at 0x7f27359bc460>,13,3,[8 1],14,32,35,18,14
1,<environment.Job instance at 0x7f2734566410>,14,16,[6 4],15,32,48,17,19
1,<environment.Job instance at 0x7f2734566eb0>,15,14,[2 8],16,35,49,19,20
1,<environment.Job instance at 0x7f273516b730>,16,1,[5 1],17,21,22,4,20
1,<environment.Job instance at 0x7f2734f31fa0>,19,12,[5 5],20,48,60,28,32
1,<environment.Job instance at 0x7f27354965a0>,20,2,[5 6],21,49,51,28,32
1,<environment.Job instance at 0x7f2735757190>,21,2,[ 2 10],22,51,53,29,32
1,<environment.Job instance at 0x7f2734d598c0>,9,13,[6 5],10,53,66,43,37
1,<environment.Job instance at 0x7f27354962d0>,23,3,[5 5],24,60,63,36,37
1,<environment.Job instance at 0x7f2735271f50>,22,16,[2 7],23,63,79,40,50
1,<environment.Job instance at 0x7f27356bfcd0>,25,25,[5 2],26,63,88,37,59
1,<environment.Job instance at 0x7f27356bfdc0>,26,23,[1 5],27,66,89,39,60
1,<environment.Job instance at 0x7f2734d59370>,8,1,[3 8],9,79,80,70,60
1,<environment.Job instance at 0x7f2735061e60>,27,13,[8 4],28,80,93,52,65
1,<environment.Job instance at 0x7f2735061fa0>,29,1,[2 8],30,89,90,59,65
1,<environment.Job instance at 0x7f2735055cd0>,30,3,[ 5 13],31,93,96,62,67
1,<environment.Job instance at 0x7f2735055690>,31,3,[1 5],32,90,93,58,67
1,<environment.Job instance at 0x7f2735061870>,28,12,[5 3],29,96,108,67,79
1,<environment.Job instance at 0x7f273480ba00>,33,18,[7 2],34,93,111,59,82
1,<environment.Job instance at 0x7f2734f31500>,18,17,[5 1],19,108,125,89,96
1,<environment.Job instance at 0x7f27346eeb90>,35,16,[10  3],36,111,127,75,98
1,<environment.Job instance at 0x7f27357dbb90>,38,16,[9 5],39,127,143,88,114
1,<environment.Job instance at 0x7f27357db0a0>,39,13,[4 5],40,125,138,85,114
1,<environment.Job instance at 0x7f27357db190>,40,14,[3 9],41,138,152,97,123
1,<environment.Job instance at 0x7f27357dbbe0>,41,14,[10  5],42,143,157,101,128
1,<environment.Job instance at 0x7f27357db500>,43,12,[3 6],44,152,164,108,135
1,<environment.Job instance at 0x7f27357dbcd0>,48,14,[8 4],49,157,171,108,143
1,<environment.Job instance at 0x7f27357db050>,49,13,[7 2],50,164,177,114,148
1,<environment.Job instance at 0x7f2735754a50>,52,12,[1 7],53,171,183,118,154
1,<environment.Job instance at 0x7f273e0829b0>,57,12,[3 6],58,171,183,113,154
1,<environment.Job instance at 0x7f273e082eb0>,58,15,[10  2],59,177,192,118,163
1,<environment.Job instance at 0x7f2734902780>,59,15,[2 8],60,183,198,123,169
1,<environment.Job instance at 0x7f89f5727320>,1,1,[3 7],2,2,3,0,2
1,<environment.Job instance at 0x7f89ebfaf460>,2,13,[10  1],3,3,16,0,3
1,<environment.Job instance at 0x7f89ebfaf640>,3,17,[ 5 10],4,4,21,0,4
1,<environment.Job instance at 0x7f89ebfaf730>,4,1,[5 6],5,21,22,16,5
1,<environment.Job instance at 0x7f89ebfaf820>,5,12,[1 7],6,21,33,15,6
1,<environment.Job instance at 0x7f89ebfaf910>,6,1,[9 5],7,16,17,9,7
1,<environment.Job instance at 0x7f89ebfaf9b0>,7,16,[5 8],8,22,38,14,9
1,<environment.Job instance at 0x7f89ebfafbe0>,11,3,[5 5],12,17,20,5,12
1,<environment.Job instance at 0x7f89ebfafb90>,10,12,[5 5],11,33,45,22,21
1,<environment.Job instance at 0x7f89f57271e0>,8,16,[1 8],9,38,54,29,25
1,<environment.Job instance at 0x7f89ebfafe10>,14,18,[1 6],15,45,63,30,34
1,<environment.Job instance at 0x7f89ebfafd70>,15,16,[5 5],16,54,70,38,41
1,<environment.Job instance at 0x7f89ebfb1050>,18,12,[1 8],19,63,75,44,46
1,<environment.Job instance at 0x7f89ebfb1280>,20,14,[4 8],21,75,89,54,60
1,<environment.Job instance at 0x7f89ebfb15f0>,26,16,[9 1],27,60,76,33,60
1,<environment.Job instance at 0x7f89ebfb19b0>,29,18,[5 1],30,76,94,46,66
1,<environment.Job instance at 0x7f89ebfb1af0>,31,15,[5 5],32,76,91,44,66
1,<environment.Job instance at 0x7f89ebfb1c30>,33,15,[5 3],34,89,104,55,75
1,<environment.Job instance at 0x7f89ebfb1780>,34,19,[3 7],35,91,110,56,81
1,<environment.Job instance at 0x7f89ebfb1730>,36,13,[7 1],37,94,107,57,81
1,<environment.Job instance at 0x7f89ebfb1f50>,38,12,[5 4],39,104,116,65,87
1,<environment.Job instance at 0x7f89ebfb5050>,40,12,[10  2],41,110,122,69,93
1,<environment.Job instance at 0x7f89ebfb5320>,42,15,[7 4],43,122,137,79,108
1,<environment.Job instance at 0x7f89ebfafd20>,12,17,[1 8],13,116,133,103,108
1,<environment.Job instance at 0x7f89ebfb53c0>,44,14,[7 1],45,122,136,77,108
1,<environment.Job instance at 0x7f89ebfb5460>,45,2,[9 3],46,137,139,91,110
1,<environment.Job instance at 0x7f89ebfb5370>,43,20,[5 2],44,136,156,92,127
1,<environment.Job instance at 0x7f89ebfafe60>,13,15,[7 4],14,139,154,125,127
1,<environment.Job instance at 0x7f89ebfb55a0>,48,17,[1 9],49,133,150,84,127
1,<environment.Job instance at 0x7f89ebfb5910>,50,15,[4 7],51,154,169,103,140
1,<environment.Job instance at 0x7f89ebfb5af0>,53,21,[5 4],54,154,175,100,146
1,<environment.Job instance at 0x7f89ebfb5b90>,54,17,[10  3],55,169,186,114,157
1,<environment.Job instance at 0x7f89ebfb5c30>,55,18,[8 4],56,186,204,130,175
1,<environment.Job instance at 0x7f89ebfb5d70>,57,13,[6 4],58,186,199,128,175
1,<environment.Job instance at 0x7f89ebfb5e10>,58,17,[5 4],59,199,216,140,187
1,<environment.Job instance at 0x7f89ebf52d70>,0,2,[6 1],1,1,3,0,1
1,<environment.Job instance at 0x7f89ebfb5f00>,1,14,[9 5],2,2,16,0,2
1,<environment.Job instance at 0x7f89ec6305a0>,2,18,[ 3 10],3,3,21,0,3
1,<environment.Job instance at 0x7f89ec630aa0>,8,1,[6 5],9,16,17,7,9
1,<environment.Job instance at 0x7f89ec630c80>,9,2,[5 4],10,17,19,7,10
1,<environment.Job instance at 0x7f89ec630370>,10,2,[1 9],11,21,23,10,11
1,<environment.Job instance at 0x7f89ec630780>,3,1,[9 3],4,19,20,15,12
1,<environment.Job instance at 0x7f89ec630a50>,11,17,[7 5],12,20,37,8,13
1,<environment.Job instance at 0x7f89ec6afcd0>,13,1,[3 6],14,23,24,9,14
1,<environment.Job instance at 0x7f89ec6af3c0>,14,1,[ 3 12],15,37,38,22,15
1,<environment.Job instance at 0x7f89ec6afbe0>,12,13,[9 4],13,38,51,25,22
1,<environment.Job instance at 0x7f89ec6af0a0>,16,2,[4 9],17,24,26,7,22
1,<environment.Job instance at 0x7f89ec6afc30>,17,2,[10  1],18,51,53,33,24
1,<environment.Job instance at 0x7f89ec6af870>,18,14,[5 5],19,38,52,19,24
1,<environment.Job instance at 0x7f89ec6af690>,15,15,[5 6],16,52,67,36,39
1,<environment.Job instance at 0x7f89ec6afe10>,20,1,[7 4],21,53,54,32,39
1,<environment.Job instance at 0x7f89ec6af140>,21,17,[7 2],22,54,71,32,42
1,<environment.Job instance at 0x7f89ec630c30>,7,17,[2 8],8,67,84,59,55
1,<environment.Job instance at 0x7f89ec6af910>,24,13,[5 9],25,84,97,59,68
1,<environment.Job instance at 0x7f89ec6afe60>,19,27,[5 4],20,68,95,48,68
1,<environment.Job instance at 0x7f89ec65c820>,31,16,[9 3],32,95,111,63,82
1,<environment.Job instance at 0x7f89ec65c320>,32,16,[3 7],33,97,113,64,84
1,<environment.Job instance at 0x7f89ec65c2d0>,35,18,[5 8],36,111,129,75,100
1,<environment.Job instance at 0x7f89ec65c1e0>,37,16,[5 6],38,113,129,75,100
1,<environment.Job instance at 0x7f89ec6d8a00>,42,17,[7 4],43,129,146,86,117
1,<environment.Job instance at 0x7f89ec6d8b90>,47,12,[5 8],48,129,141,81,117
1,<environment.Job instance at 0x7f89ec6d8550>,51,15,[6 4],52,141,156,89,127
1,<environment.Job instance at 0x7f89ec6d88c0>,55,16,[3 7],56,146,162,90,133
1,<environment.Job instance at 0x7f89ec689410>,58,15,[9 1],59,156,171,97,144
1,<environment.Job instance at 0x7f89ec689e60>,59,16,[7 4],60,171,187,111,158
1,<environment.Job instance at 0x7f89ec6af500>,22,20,[1 8],23,162,182,139,158
1,<environment.Job instance at 0x7f89ec689f50>,67,3,[5 5],68,162,165,94,158
1,<environment.Job instance at 0x7f89ec689a00>,68,3,[8 2],69,182,185,113,158
1,<environment.Job instance at 0x7f89ec689870>,69,12,[14  3],70,187,199,117,170
1,<environment.Job instance at 0x7f89eb6dfb40>,0,3,[4 6],1,1,4,0,1
1,<environment.Job instance at 0x7f89ec689050>,1,1,[ 3 11],2,4,5,2,3
1,<environment.Job instance at 0x7f89ec689870>,2,2,[4 9],3,5,7,2,3
1,<environment.Job instance at 0x7f89eb6df550>,4,3,[5 5],5,5,8,0,5
1,<environment.Job instance at 0x7f89eb6df5f0>,5,17,[2 5],6,7,24,1,6
1,<environment.Job instance at 0x7f89eb6df690>,6,17,[4 8],7,8,25,1,7
1,<environment.Job instance at 0x7f89eb6df1e0>,7,2,[5 4],8,24,26,16,8
1,<environment.Job instance at 0x7f89eb792e10>,9,13,[1 9],10,25,38,15,10
1,<environment.Job instance at 0x7f89eb792230>,10,2,[5 2],11,11,13,0,11
1,<environment.Job instance at 0x7f89eb6df0f0>,12,1,[1 6],13,26,27,13,16
1,<environment.Job instance at 0x7f89eb7923c0>,15,17,[2 5],16,27,44,11,16
1,<environment.Job instance at 0x7f89eb792500>,14,18,[3 6],15,38,56,23,27
1,<environment.Job instance at 0x7f89eb792280>,17,2,[ 3 11],18,56,58,38,29
1,<environment.Job instance at 0x7f89eb792870>,16,17,[8 2],17,38,55,21,29
1,<environment.Job instance at 0x7f89eb749a50>,23,3,[8 2],24,55,58,31,32
1,<environment.Job instance at 0x7f89eb7498c0>,24,12,[ 5 10],25,58,70,33,44
1,<environment.Job instance at 0x7f89eb749910>,27,19,[5 3],28,58,77,30,48
1,<environment.Job instance at 0x7f89eb792960>,13,17,[5 1],14,58,75,44,51
1,<environment.Job instance at 0x7f89eb7496e0>,30,12,[6 2],31,75,87,44,58
1,<environment.Job instance at 0x7f89eb7490f0>,32,17,[2 9],33,70,87,37,58
1,<environment.Job instance at 0x7f89eb749230>,33,12,[2 9],34,87,99,53,70
1,<environment.Job instance at 0x7f89eb749870>,34,15,[2 9],35,99,114,64,85
1,<environment.Job instance at 0x7f89eb6d9280>,37,12,[7 5],38,87,99,49,85
1,<environment.Job instance at 0x7f89eb6d9050>,38,17,[5 5],39,99,116,60,87
1,<environment.Job instance at 0x7f89eb6d9870>,39,16,[1 7],40,114,130,74,101
1,<environment.Job instance at 0x7f89eb6d9f00>,40,17,[8 3],41,114,131,73,102
1,<environment.Job instance at 0x7f89eb6d9500>,41,13,[7 2],42,130,143,88,114
1,<environment.Job instance at 0x7f89eb6d9690>,44,15,[1 8],45,131,146,86,118
1,<environment.Job instance at 0x7f89eb6d9460>,48,19,[7 1],49,132,151,83,132
1,<environment.Job instance at 0x7f89eb6d6280>,49,18,[8 3],50,146,164,96,135
1,<environment.Job instance at 0x7f89eb792eb0>,11,17,[ 1 10],12,151,168,139,139
1,<environment.Job instance at 0x7f89eb6d6960>,54,2,[ 4 10],55,168,170,113,141
1,<environment.Job instance at 0x7f89eb6d6e10>,57,14,[7 4],58,164,178,106,149
1,<environment.Job instance at 0x7f89eb6d66e0>,59,16,[2 7],60,170,186,110,157
1,<environment.Job instance at 0x7f89eb6d0a50>,61,15,[1 5],62,178,193,116,164
1,<environment.Job instance at 0x7f89eb6d0c80>,63,18,[1 6],64,186,204,122,175
1,<environment.Job instance at 0x7f89eb749140>,31,23,[9 3],32,178,201,146,176
1,<environment.Job instance at 0x7f89eb6d6fa0>,58,16,[3 8],59,201,217,142,188
1,<environment.Job instance at 0x7f89eb6d0cd0>,66,1,[2 5],67,193,194,126,188
1,<environment.Job instance at 0x7f89ec6863c0>,1,16,[7 2],2,2,18,0,2
1,<environment.Job instance at 0x7f89eb6d0eb0>,2,15,[5 9],3,3,18,0,3
1,<environment.Job instance at 0x7f89ec5e3460>,3,15,[5 2],4,18,33,14,4
1,<environment.Job instance at 0x7f89ec5e3370>,5,2,[1 6],6,18,20,12,6
1,<environment.Job instance at 0x7f89ec5de050>,7,3,[14  4],8,33,36,25,8
1,<environment.Job instance at 0x7f89ec5dedc0>,9,2,[1 8],10,20,22,10,10
1,<environment.Job instance at 0x7f89ec5de7d0>,12,2,[5 1],13,18,20,5,14
1,<environment.Job instance at 0x7f89ec5e3af0>,11,13,[5 7],12,36,49,24,20
1,<environment.Job instance at 0x7f89ec5ded20>,14,3,[ 5 10],15,25,28,10,25
1,<environment.Job instance at 0x7f89ec5de0f0>,10,22,[4 7],11,36,58,25,32
1,<environment.Job instance at 0x7f89ec5de190>,17,26,[9 4],18,49,75,31,46
1,<environment.Job instance at 0x7f89ec5de410>,16,2,[8 2],17,75,77,58,48
1,<environment.Job instance at 0x7f89ec5debe0>,15,12,[ 2 10],16,58,70,42,49
1,<environment.Job instance at 0x7f89ec5de820>,13,12,[5 5],14,70,82,56,53
1,<environment.Job instance at 0x7f89ec5de9b0>,23,2,[2 5],24,75,77,51,53
1,<environment.Job instance at 0x7f89ec5def50>,24,2,[7 3],25,77,79,52,53
1,<environment.Job instance at 0x7f89ec57f9b0>,25,2,[6 2],26,79,81,53,53
1,<environment.Job instance at 0x7f89ec5de1e0>,22,14,[5 8],23,81,95,58,66
1,<environment.Job instance at 0x7f89ec57ff00>,29,16,[10  2],30,82,98,52,69
1,<environment.Job instance at 0x7f89ec57fa00>,30,21,[4 9],31,95,116,64,87
1,<environment.Job instance at 0x7f89ec57f960>,33,12,[5 8],34,116,128,82,99
1,<environment.Job instance at 0x7f89ec57f4b0>,34,14,[3 6],35,99,113,64,99
1,<environment.Job instance at 0x7f89ec57f0f0>,35,13,[10  3],36,113,126,77,99
1,<environment.Job instance at 0x7f89ec57f780>,36,13,[3 7],37,126,139,89,110
1,<environment.Job instance at 0x7f89ec57f280>,37,17,[7 4],38,128,145,90,116
1,<environment.Job instance at 0x7f89ec57bc30>,38,14,[10  5],39,145,159,106,130
1,<environment.Job instance at 0x7f89ec57b5a0>,40,18,[1 6],41,139,157,98,130
1,<environment.Job instance at 0x7f89ec57b9b0>,41,14,[8 1],42,159,173,117,144
1,<environment.Job instance at 0x7f89ec57b370>,42,16,[7 2],43,159,175,116,146
1,<environment.Job instance at 0x7f89ec57b280>,43,3,[4 5],44,173,176,129,147
1,<environment.Job instance at 0x7f89ec57baf0>,44,15,[9 5],45,175,190,130,161
1,<environment.Job instance at 0x7f89ec57b410>,48,13,[1 9],49,176,189,127,161
1,<environment.Job instance at 0x7f89ec57ba00>,50,14,[9 5],51,190,204,139,175
1,<environment.Job instance at 0x7f89ec60b0a0>,0,3,[7 5],1,1,4,0,1
1,<environment.Job instance at 0x7f89ec613230>,1,3,[1 7],2,2,5,0,2
1,<environment.Job instance at 0x7f89ec613730>,2,3,[1 9],3,5,8,2,3
1,<environment.Job instance at 0x7f89ec60baa0>,4,18,[10  4],5,5,23,0,5
1,<environment.Job instance at 0x7f89ec613640>,6,24,[4 5],7,8,32,1,7
1,<environment.Job instance at 0x7f89ec7ada00>,10,13,[9 3],11,23,36,12,11
1,<environment.Job instance at 0x7f89ec7adf50>,11,13,[5 1],12,32,45,20,17
1,<environment.Job instance at 0x7f89ec7adc80>,12,2,[10  5],13,36,38,23,17
1,<environment.Job instance at 0x7f89ec7adb90>,13,14,[5 8],14,38,52,24,23
1,<environment.Job instance at 0x7f89ec7ad870>,9,16,[8 1],10,45,61,35,36
1,<environment.Job instance at 0x7f89ecabe280>,15,12,[5 2],16,52,64,36,36
1,<environment.Job instance at 0x7f89ecabe730>,18,12,[1 7],19,52,64,33,37
1,<environment.Job instance at 0x7f89ecabe500>,19,3,[2 6],20,38,41,18,37
1,<environment.Job instance at 0x7f89ecabed20>,20,17,[ 4 10],21,64,81,43,52
1,<environment.Job instance at 0x7f89ec613690>,5,18,[9 1],6,61,79,55,52
1,<environment.Job instance at 0x7f89ecabe3c0>,14,14,[4 8],15,81,95,66,66
1,<environment.Job instance at 0x7f89ecabec30>,25,2,[5 7],26,81,83,55,67
1,<environment.Job instance at 0x7f89ec973be0>,26,17,[7 5],27,83,100,56,77
1,<environment.Job instance at 0x7f89ec973690>,27,1,[5 4],28,79,80,51,77
1,<environment.Job instance at 0x7f89ec973f00>,28,2,[3 6],29,95,97,66,77
1,<environment.Job instance at 0x7f89ec7745f0>,29,13,[2 7],30,97,110,67,81
1,<environment.Job instance at 0x7f89ec9ad5a0>,8,15,[11  2],9,100,115,91,87
1,<environment.Job instance at 0x7f89ec774460>,31,18,[4 6],32,110,128,78,99
1,<environment.Job instance at 0x7f89f50d3460>,32,3,[ 4 14],33,128,131,95,102
1,<environment.Job instance at 0x7f89ecaa0b90>,24,12,[3 8],25,115,127,90,103
1,<environment.Job instance at 0x7f89ec7749b0>,33,13,[ 1 13],34,131,144,97,115
1,<environment.Job instance at 0x7f89ec5fc8c0>,35,13,[1 5],36,144,157,108,128
1,<environment.Job instance at 0x7f89ec5fc640>,36,21,[7 5],37,144,165,107,139
1,<environment.Job instance at 0x7f89ec663be0>,23,21,[2 8],24,157,178,133,150
1,<environment.Job instance at 0x7f89f512fd70>,38,12,[4 8],39,178,190,139,161
1,<environment.Job instance at 0x7f89ec5feeb0>,42,18,[8 5],43,168,186,125,168
1,<environment.Job instance at 0x7f89ec5fe8c0>,43,13,[3 8],44,190,203,146,174
1,<environment.Job instance at 0x7f89ec5fe4b0>,44,18,[1 6],45,186,204,141,175
1,<environment.Job instance at 0x7f89ec5fe820>,46,15,[5 5],47,203,218,156,189
1,<environment.Job instance at 0x7f89ec5fe7d0>,47,16,[6 1],48,189,205,141,189
1,<environment.Job instance at 0x7f89ebe100f0>,0,16,[4 8],1,1,17,0,1
1,<environment.Job instance at 0x7f89ec5fe140>,1,14,[5 6],2,2,16,0,2
1,<environment.Job instance at 0x7f89ec5fecd0>,3,16,[10  1],4,16,32,12,4
1,<environment.Job instance at 0x7f89ebe10b40>,4,14,[4 9],5,17,31,12,5
1,<environment.Job instance at 0x7f89ebe105a0>,5,1,[1 9],6,31,32,25,9
1,<environment.Job instance at 0x7f89ebe10fa0>,6,14,[7 5],7,32,46,25,17
1,<environment.Job instance at 0x7f89ebe10960>,7,15,[ 1 10],8,32,47,24,18
1,<environment.Job instance at 0x7f89ebe10320>,9,12,[6 2],10,46,58,36,29
1,<environment.Job instance at 0x7f89ebd84aa0>,15,2,[9 4],16,47,49,31,29
1,<environment.Job instance at 0x7f89eba178c0>,11,16,[9 1],12,49,65,37,38
1,<environment.Job instance at 0x7f89ebd84be0>,14,18,[3 8],15,58,76,43,50
1,<environment.Job instance at 0x7f89ebd84c30>,19,12,[5 5],20,65,77,45,51
1,<environment.Job instance at 0x7f89ebd84230>,20,13,[6 1],21,65,78,44,55
1,<environment.Job instance at 0x7f89ebd84190>,22,3,[4 6],23,76,79,53,58
1,<environment.Job instance at 0x7f89ebd846e0>,26,18,[5 3],27,77,95,50,66
1,<environment.Job instance at 0x7f89ebe358c0>,27,16,[9 4],28,79,95,51,66
1,<environment.Job instance at 0x7f89ebe35b40>,29,17,[7 3],30,95,112,65,83
1,<environment.Job instance at 0x7f89ebe35e60>,30,13,[7 2],31,95,108,64,84
1,<environment.Job instance at 0x7f89ebe35a50>,31,16,[5 8],32,108,124,76,95
1,<environment.Job instance at 0x7f89ebe353c0>,32,14,[4 5],33,112,126,79,97
1,<environment.Job instance at 0x7f89ebe35960>,35,17,[5 4],36,124,141,88,112
1,<environment.Job instance at 0x7f89ebe35230>,37,14,[7 3],38,126,140,88,113
1,<environment.Job instance at 0x7f89ebe35f50>,38,14,[9 3],39,140,154,101,125
1,<environment.Job instance at 0x7f89ebe10690>,8,15,[14  4],9,154,169,145,141
1,<environment.Job instance at 0x7f89ebe35aa0>,43,14,[11  2],44,169,183,125,158
1,<environment.Job instance at 0x7f89eba3f460>,44,2,[ 1 11],45,158,160,113,158
1,<environment.Job instance at 0x7f89eba3fb90>,45,12,[3 6],46,169,181,123,158
1,<environment.Job instance at 0x7f89ebe35fa0>,42,18,[7 3],43,183,201,140,172
1,<environment.Job instance at 0x7f89eba3fd20>,47,17,[5 3],48,183,200,135,172
1,<environment.Job instance at 0x7f89eba3f320>,48,21,[1 8],49,189,210,140,189
1,<environment.Job instance at 0x7f89ec3c50a0>,0,16,[5 9],1,1,17,0,1
1,<environment.Job instance at 0x7f89eba3ff50>,2,18,[6 5],3,3,21,0,3
1,<environment.Job instance at 0x7f89eb9c3eb0>,3,17,[5 2],4,17,34,13,5
1,<environment.Job instance at 0x7f89eb9c3140>,5,1,[10  5],6,21,22,15,6
1,<environment.Job instance at 0x7f89eb9c38c0>,6,2,[7 3],7,22,24,15,7
1,<environment.Job instance at 0x7f89eb9c3af0>,7,3,[1 9],8,22,25,14,8
1,<environment.Job instance at 0x7f89eb624140>,8,16,[ 5 10],9,25,41,16,12
1,<environment.Job instance at 0x7f89eb624500>,11,1,[8 1],12,24,25,12,12
1,<environment.Job instance at 0x7f89eb6245f0>,12,2,[6 4],13,34,36,21,13
1,<environment.Job instance at 0x7f89ebbcec30>,4,14,[1 7],5,41,55,36,26
1,<environment.Job instance at 0x7f89eb624eb0>,20,12,[8 4],21,36,48,15,26
1,<environment.Job instance at 0x7f89eb6249b0>,22,13,[5 7],23,48,61,25,32
1,<environment.Job instance at 0x7f89eb9c4140>,28,15,[5 7],29,55,70,26,41
1,<environment.Job instance at 0x7f89eb9c4280>,30,12,[2 5],31,61,73,30,44
1,<environment.Job instance at 0x7f89eb9c45a0>,33,17,[5 2],34,61,78,27,49
1,<environment.Job instance at 0x7f89eb9c4640>,34,14,[8 3],35,70,84,35,57
1,<environment.Job instance at 0x7f89eb9c4730>,36,17,[5 6],37,78,95,41,66
1,<environment.Job instance at 0x7f89eb9c48c0>,38,15,[2 6],39,73,88,34,66
1,<environment.Job instance at 0x7f89eb9c4b90>,41,16,[3 6],42,88,104,46,75
1,<environment.Job instance at 0x7f89eb9c49b0>,42,17,[3 5],43,95,112,52,83
1,<environment.Job instance at 0x7f89eb624050>,13,26,[6 1],14,84,110,70,84
1,<environment.Job instance at 0x7f89eb9c4d20>,45,2,[4 8],46,104,106,58,84
1,<environment.Job instance at 0x7f89eb9c4e60>,46,14,[9 3],47,110,124,63,95
1,<environment.Job instance at 0x7f89eb9c4f00>,47,2,[14  3],48,124,126,76,97
1,<environment.Job instance at 0x7f89eb9c4fa0>,48,13,[6 1],49,126,139,77,110
1,<environment.Job instance at 0x7f89eb9aa190>,49,3,[5 3],50,112,115,62,110
1,<environment.Job instance at 0x7f89eb9aa0f0>,50,12,[2 5],51,126,138,75,110
1,<environment.Job instance at 0x7f89eb9aa2d0>,51,2,[3 6],52,110,112,58,110
1,<environment.Job instance at 0x7f89ec3c5b90>,1,18,[2 6],2,126,144,124,115
1,<environment.Job instance at 0x7f89eb9aaaa0>,63,18,[7 5],64,138,156,74,127
1,<environment.Job instance at 0x7f89eb9aab40>,64,14,[5 5],65,144,158,79,129
1,<environment.Job instance at 0x7f89eb9aabe0>,65,15,[10  3],66,156,171,90,142
1,<environment.Job instance at 0x7f89eb99f0a0>,72,20,[6 5],73,171,191,98,162
1,<environment.Job instance at 0x7f89eb9aa410>,53,17,[6 2],54,171,188,117,162
1,<environment.Job instance at 0x7f89eb99f8c0>,82,17,[5 5],83,188,205,105,176
1,<environment.Job instance at 0x7f89eb9c3b90>,83,15,[7 3],84,191,206,107,177
1,<environment.Job instance at 0x7f89ec397e60>,0,16,[4 6],1,1,17,0,1
1,<environment.Job instance at 0x7f89ec461460>,1,13,[8 5],2,3,16,1,3
1,<environment.Job instance at 0x7f89ec7f6320>,4,13,[2 6],5,16,29,11,5
1,<environment.Job instance at 0x7f89eba97b40>,5,16,[7 1],6,16,32,10,6
1,<environment.Job instance at 0x7f89eba97aa0>,6,13,[3 5],7,17,30,10,7
1,<environment.Job instance at 0x7f89eba97d20>,10,13,[3 8],11,29,42,18,13
1,<environment.Job instance at 0x7f89eba970f0>,11,16,[1 6],12,30,46,18,22
1,<environment.Job instance at 0x7f89eba97af0>,12,2,[12  5],13,42,44,29,22
1,<environment.Job instance at 0x7f89eba978c0>,13,1,[4 7],14,44,45,30,22
1,<environment.Job instance at 0x7f89eba97eb0>,14,2,[5 8],15,45,47,30,22
1,<environment.Job instance at 0x7f89eba97dc0>,15,3,[ 1 10],16,47,50,31,22
1,<environment.Job instance at 0x7f89eba97f50>,16,1,[ 5 10],17,50,51,33,22
1,<environment.Job instance at 0x7f89eba97be0>,8,17,[5 8],9,51,68,42,39
1,<environment.Job instance at 0x7f89eba97370>,9,13,[8 5],10,46,59,36,45
1,<environment.Job instance at 0x7f89eba97c80>,20,1,[6 1],21,45,46,24,45
1,<environment.Job instance at 0x7f89eba97e60>,19,16,[5 8],20,68,84,48,55
1,<environment.Job instance at 0x7f89ebfdbd70>,23,18,[4 5],24,59,77,35,55
1,<environment.Job instance at 0x7f89ebfdbf50>,24,14,[5 1],25,59,73,34,55
1,<environment.Job instance at 0x7f89ebfdb4b0>,25,17,[10  1],26,77,94,51,65
1,<environment.Job instance at 0x7f89ebfdbe10>,29,16,[7 5],30,94,110,64,81
1,<environment.Job instance at 0x7f89ebfdbc30>,30,14,[10  5],31,110,124,79,95
1,<environment.Job instance at 0x7f89eba976e0>,17,18,[4 9],18,96,114,78,96
1,<environment.Job instance at 0x7f89ebfdbfa0>,31,16,[9 3],32,124,140,92,111
1,<environment.Job instance at 0x7f89ebfdbd20>,35,13,[8 4],36,140,153,104,124
1,<environment.Job instance at 0x7f89ebfdbb40>,38,18,[ 1 10],39,124,142,85,124
1,<environment.Job instance at 0x7f89ebfdb820>,43,15,[6 5],44,142,157,98,128
1,<environment.Job instance at 0x7f89ebfdb640>,44,18,[8 5],45,153,171,108,142
1,<environment.Job instance at 0x7f89ec59f960>,45,2,[1 8],46,157,159,111,142
1,<environment.Job instance at 0x7f89ec59f370>,46,13,[ 1 10],47,159,172,112,143
1,<environment.Job instance at 0x7f89ec59f780>,47,21,[1 9],48,172,193,124,164
1,<environment.Job instance at 0x7f89ec59fd70>,48,17,[5 9],49,193,210,144,181
1,<environment.Job instance at 0x7f89ec59f3c0>,49,12,[10  2],50,181,193,131,181
1,<environment.Job instance at 0x7f89ec59f8c0>,50,12,[2 5],51,193,205,142,181
1,<environment.Job instance at 0x7f89ec59faf0>,52,3,[4 5],53,205,208,152,181
1,<environment.Job instance at 0x7f89ec3ca9b0>,0,18,[2 7],1,2,20,1,2
1,<environment.Job instance at 0x7f89eb4f7460>,1,1,[3 5],2,2,3,0,2
1,<environment.Job instance at 0x7f89ec59f5f0>,2,2,[ 2 10],3,20,22,17,5
1,<environment.Job instance at 0x7f89ec59f7d0>,3,1,[6 5],4,6,7,2,6
1,<environment.Job instance at 0x7f89ebd885f0>,5,12,[8 5],6,7,19,1,6
1,<environment.Job instance at 0x7f89ebd88780>,6,12,[2 5],7,19,31,12,7
1,<environment.Job instance at 0x7f89eb4a05f0>,7,1,[8 3],8,19,20,11,8
1,<environment.Job instance at 0x7f89eb4a06e0>,8,2,[8 3],9,22,24,13,9
1,<environment.Job instance at 0x7f89eb4a07d0>,9,2,[ 1 10],10,24,26,14,10
1,<environment.Job instance at 0x7f89eb4a0500>,11,17,[3 9],12,26,43,14,14
1,<environment.Job instance at 0x7f89eb4bbfa0>,14,1,[6 1],15,26,27,11,16
1,<environment.Job instance at 0x7f89eba358c0>,16,15,[2 6],17,31,46,14,17
1,<environment.Job instance at 0x7f89ec3a85f0>,21,13,[5 5],22,43,56,21,27
1,<environment.Job instance at 0x7f89ec3a8550>,25,12,[3 9],26,46,58,20,29
1,<environment.Job instance at 0x7f89eb43c5f0>,26,13,[2 9],27,58,71,31,42
1,<environment.Job instance at 0x7f89eb4a0370>,10,18,[10  1],11,56,74,45,45
1,<environment.Job instance at 0x7f89ec4b94b0>,28,22,[4 8],29,71,93,42,64
1,<environment.Job instance at 0x7f89eb9ac910>,29,14,[10  4],30,74,88,44,64
1,<environment.Job instance at 0x7f89ebe67c30>,30,1,[7 3],31,88,89,57,64
1,<environment.Job instance at 0x7f89eb9acf50>,31,2,[3 8],32,93,95,61,66
1,<environment.Job instance at 0x7f89eb4a0aa0>,12,13,[10  5],13,89,102,76,73
1,<environment.Job instance at 0x7f89ec4b9d70>,27,22,[7 5],28,102,124,74,98
1,<environment.Job instance at 0x7f89eb3bc870>,32,28,[7 1],33,103,131,70,103
1,<environment.Job instance at 0x7f89eb963960>,36,15,[10  5],37,131,146,94,117
1,<environment.Job instance at 0x7f89ec2cf2d0>,38,18,[6 3],39,146,164,107,135
1,<environment.Job instance at 0x7f89ebbe2f00>,41,13,[5 7],42,135,148,93,135
1,<environment.Job instance at 0x7f89eb92d6e0>,45,14,[5 9],46,148,162,102,135
1,<environment.Job instance at 0x7f89f53b4a50>,50,12,[5 5],51,162,174,111,145
1,<environment.Job instance at 0x7f89eb8d9460>,51,15,[5 5],52,164,179,112,150
1,<environment.Job instance at 0x7f89eb8d9780>,52,12,[ 3 10],53,174,186,121,157
1,<environment.Job instance at 0x7f89eb8d9050>,53,14,[2 9],54,186,200,132,171
1,<environment.Job instance at 0x7f89eb8d97d0>,55,13,[1 9],56,200,213,144,184
1,<environment.Job instance at 0x7f89eb8d9af0>,56,17,[2 5],57,184,201,127,184
1,<environment.Job instance at 0x7f89ec3d65a0>,0,13,[8 5],1,1,14,0,1
1,<environment.Job instance at 0x7f89ec3d69b0>,1,18,[2 9],2,2,20,0,2
1,<environment.Job instance at 0x7f89ec91bc30>,2,3,[14  5],3,20,23,17,3
1,<environment.Job instance at 0x7f89eca5dcd0>,3,1,[2 5],4,14,15,10,4
1,<environment.Job instance at 0x7f89eca5df50>,4,2,[4 7],5,23,25,18,6
1,<environment.Job instance at 0x7f89eca5dfa0>,5,2,[5 5],6,15,17,9,6
1,<environment.Job instance at 0x7f89eca6e140>,7,14,[10  5],8,23,37,15,8
1,<environment.Job instance at 0x7f89eca6e550>,12,1,[12  1],13,17,18,4,13
1,<environment.Job instance at 0x7f89eca6e0a0>,13,1,[5 6],14,18,19,4,14
1,<environment.Job instance at 0x7f89eca6e320>,10,17,[2 9],11,25,42,14,14
1,<environment.Job instance at 0x7f89eca6e820>,20,12,[5 9],21,42,54,21,26
1,<environment.Job instance at 0x7f89eca6e4b0>,11,17,[9 2],12,37,54,25,27
1,<environment.Job instance at 0x7f89eca6ea00>,19,13,[5 7],20,54,67,34,38
1,<environment.Job instance at 0x7f89eca6ecd0>,23,12,[9 1],24,54,66,30,38
1,<environment.Job instance at 0x7f89eca6ebe0>,24,18,[7 3],25,66,84,41,55
1,<environment.Job instance at 0x7f89eca6ec80>,22,12,[10  1],23,84,96,61,70
1,<environment.Job instance at 0x7f89eca6ee10>,26,3,[7 5],27,71,74,44,71
1,<environment.Job instance at 0x7f89eca6ee60>,25,17,[9 2],26,96,113,70,84
1,<environment.Job instance at 0x7f89eca4a0f0>,27,14,[5 7],28,84,98,56,84
1,<environment.Job instance at 0x7f89eca4a190>,29,14,[3 7],30,98,112,68,84
1,<environment.Job instance at 0x7f89eca4a2d0>,30,3,[1 5],31,96,99,65,90
1,<environment.Job instance at 0x7f89eca4a230>,28,3,[9 4],29,113,116,84,97
1,<environment.Job instance at 0x7f89eca6eb40>,21,15,[12  5],22,116,131,94,102
1,<environment.Job instance at 0x7f89eca4a4b0>,33,1,[9 3],34,131,132,97,103
1,<environment.Job instance at 0x7f89eca4a5a0>,34,2,[5 5],35,112,114,77,103
1,<environment.Job instance at 0x7f89eca4a410>,32,17,[10  2],33,132,149,99,120
1,<environment.Job instance at 0x7f89eca4a550>,39,14,[6 4],40,149,163,109,134
1,<environment.Job instance at 0x7f89eca4adc0>,44,13,[5 2],45,134,147,89,134
1,<environment.Job instance at 0x7f89eca4aaa0>,45,15,[10  2],46,163,178,117,149
1,<environment.Job instance at 0x7f89eca4af00>,46,14,[5 1],47,159,173,112,159
1,<environment.Job instance at 0x7f89eca4a370>,31,18,[10  1],32,178,196,146,167
1,<environment.Job instance at 0x7f89eca6f320>,52,14,[7 2],53,196,210,143,181
1,<environment.Job instance at 0x7f89eca6f3c0>,53,16,[6 4],54,196,212,142,183
1,<environment.Job instance at 0x7f89eca6f460>,54,2,[6 3],55,210,212,155,183
1,<environment.Job instance at 0x7f89eca6f050>,55,13,[ 2 10],56,183,196,127,183
1,<environment.Job instance at 0x7f89eca6f640>,56,3,[ 4 10],57,212,215,155,186
1,<environment.Job instance at 0x7f89eca6f0f0>,57,1,[9 4],58,212,213,154,188
1,<environment.Job instance at 0x7f89ebc4b9b0>,0,17,[ 4 10],1,1,18,0,1
1,<environment.Job instance at 0x7f89eca6f0f0>,2,12,[5 4],3,3,15,0,3
1,<environment.Job instance at 0x7f89ec8f9b90>,3,3,[4 9],4,18,21,14,4
1,<environment.Job instance at 0x7f89ec8f9fa0>,4,13,[2 9],5,21,34,16,5
1,<environment.Job instance at 0x7f89ec04e7d0>,1,21,[6 1],2,5,26,3,5
1,<environment.Job instance at 0x7f89ec8f9870>,10,13,[10  4],11,26,39,15,21
1,<environment.Job instance at 0x7f89ec8f95a0>,9,1,[ 4 10],10,34,35,24,22
1,<environment.Job instance at 0x7f89ec8f9370>,11,12,[7 2],12,39,51,27,22
1,<environment.Job instance at 0x7f89ec8f9730>,8,1,[7 3],9,23,24,14,23
1,<environment.Job instance at 0x7f89ecb02e10>,14,3,[10  5],15,51,54,36,25
1,<environment.Job instance at 0x7f89ec8f9190>,13,18,[5 2],14,35,53,21,25
1,<environment.Job instance at 0x7f89ecb02500>,16,13,[7 2],17,54,67,37,38
1,<environment.Job instance at 0x7f89ecb02280>,18,17,[6 5],19,54,71,35,43
1,<environment.Job instance at 0x7f89ecb029b0>,20,13,[5 9],21,67,80,46,51
1,<environment.Job instance at 0x7f89ecb02820>,21,17,[5 6],22,71,88,49,60
1,<environment.Job instance at 0x7f89ecb028c0>,22,18,[5 3],23,80,98,57,69
1,<environment.Job instance at 0x7f89ecb021e0>,15,21,[6 1],16,88,109,72,80
1,<environment.Job instance at 0x7f89ecb02af0>,25,14,[4 7],26,88,102,62,82
1,<environment.Job instance at 0x7f89ecb02e60>,24,22,[6 1],25,102,124,77,95
1,<environment.Job instance at 0x7f89ebb5b870>,26,17,[2 9],27,102,119,75,95
1,<environment.Job instance at 0x7f89ebb5b2d0>,28,21,[1 8],29,119,140,90,111
1,<environment.Job instance at 0x7f89ebb5b4b0>,29,14,[10  5],30,124,138,94,113
1,<environment.Job instance at 0x7f89ebb5b6e0>,33,12,[3 7],34,138,150,104,122
1,<environment.Job instance at 0x7f89ebb5b410>,34,18,[11  5],35,140,158,105,129
1,<environment.Job instance at 0x7f89ebb5bb90>,35,16,[6 3],36,158,174,122,145
1,<environment.Job instance at 0x7f89ebb5baf0>,31,16,[2 8],32,150,166,118,145
1,<environment.Job instance at 0x7f89ebb5b730>,37,2,[4 9],38,166,168,128,145
1,<environment.Job instance at 0x7f89ebb5b3c0>,38,3,[1 6],39,168,171,129,145
1,<environment.Job instance at 0x7f89ebb5ba00>,39,2,[1 6],40,168,170,128,145
1,<environment.Job instance at 0x7f89ebb5b500>,42,3,[1 5],43,170,173,127,155
1,<environment.Job instance at 0x7f89ec4cce60>,44,12,[5 5],45,171,183,126,155
1,<environment.Job instance at 0x7f89ec4cc230>,47,13,[2 7],48,173,186,125,157
1,<environment.Job instance at 0x7f89ec4cceb0>,48,15,[4 7],49,183,198,134,169
1,<environment.Job instance at 0x7f89ec4cc780>,49,3,[8 4],50,186,189,136,169
1,<environment.Job instance at 0x7f89ec4cc410>,51,13,[2 5],52,189,202,137,173
1,<environment.Job instance at 0x7f89ec4ccdc0>,52,18,[1 7],53,198,216,145,187
1,<environment.Job instance at 0x7f89eca6e7d0>,1,15,[7 4],2,2,17,0,2
1,<environment.Job instance at 0x7f89ec4cc190>,2,2,[4 6],3,3,5,0,3
1,<environment.Job instance at 0x7f89ecb951e0>,3,2,[5 2],4,5,7,1,4
1,<environment.Job instance at 0x7f89ecb950a0>,4,3,[1 9],5,5,8,0,5
1,<environment.Job instance at 0x7f89ecb956e0>,5,1,[5 2],6,7,8,1,6
1,<environment.Job instance at 0x7f89ecb957d0>,6,1,[7 2],7,8,9,1,7
1,<environment.Job instance at 0x7f89ecb95550>,7,24,[4 7],8,9,33,1,8
1,<environment.Job instance at 0x7f89ecb95690>,8,3,[ 5 10],9,33,36,24,9
1,<environment.Job instance at 0x7f89ecb95d20>,9,18,[8 1],10,17,35,7,10
1,<environment.Job instance at 0x7f89eb29c550>,10,1,[7 3],11,35,36,24,11
1,<environment.Job instance at 0x7f89eb29c4b0>,14,3,[11  5],15,36,39,21,15
1,<environment.Job instance at 0x7f89eb29c230>,15,13,[5 6],16,39,52,23,25
1,<environment.Job instance at 0x7f89eb29c870>,12,16,[10  5],13,39,55,26,26
1,<environment.Job instance at 0x7f89eb29c0f0>,17,17,[2 6],18,52,69,34,40
1,<environment.Job instance at 0x7f89eb29c6e0>,18,2,[7 5],19,55,57,36,40
1,<environment.Job instance at 0x7f89eb29c7d0>,19,16,[2 8],20,57,73,37,44
1,<environment.Job instance at 0x7f89eb29ca00>,20,3,[5 5],21,69,72,48,44
1,<environment.Job instance at 0x7f89ebd22c30>,23,14,[9 4],24,72,86,48,57
1,<environment.Job instance at 0x7f89eb29c730>,16,12,[1 8],17,73,85,56,62
1,<environment.Job instance at 0x7f89ebd221e0>,24,15,[8 4],25,86,101,61,72
1,<environment.Job instance at 0x7f89ebd226e0>,26,13,[5 1],27,73,86,46,72
1,<environment.Job instance at 0x7f89ebd22dc0>,27,3,[9 5],28,101,104,73,75
1,<environment.Job instance at 0x7f89ebd22e10>,28,3,[7 1],29,86,89,57,75
1,<environment.Job instance at 0x7f89ebd22140>,29,14,[ 5 10],30,89,103,59,75
1,<environment.Job instance at 0x7f89ebd229b0>,25,12,[2 7],26,103,115,77,89
1,<environment.Job instance at 0x7f89ebd22eb0>,30,18,[5 8],31,104,122,73,93
1,<environment.Job instance at 0x7f89ebd22050>,34,13,[2 7],35,115,128,80,99
1,<environment.Job instance at 0x7f89ebd22b90>,35,13,[3 6],36,122,135,86,106
1,<environment.Job instance at 0x7f89ebd22460>,36,13,[1 5],37,128,141,91,112
1,<environment.Job instance at 0x7f89ebd22320>,37,13,[7 5],38,135,148,97,119
1,<environment.Job instance at 0x7f89ebd227d0>,38,21,[5 7],39,141,162,102,133
1,<environment.Job instance at 0x7f89ecb9c140>,40,23,[2 5],41,148,171,107,142
1,<environment.Job instance at 0x7f89ecb9c960>,41,13,[6 3],42,148,161,106,142
1,<environment.Job instance at 0x7f89ecb9caa0>,43,12,[8 1],44,161,173,117,144
1,<environment.Job instance at 0x7f89ecb9cb40>,45,13,[3 9],46,162,175,116,149
1,<environment.Job instance at 0x7f89ecb9cd70>,49,12,[4 7],50,175,187,125,158
1,<environment.Job instance at 0x7f89ecb9cd20>,51,17,[5 6],52,173,190,121,161
1,<environment.Job instance at 0x7f89ecb9cdc0>,55,18,[4 6],56,187,205,131,176
1,<environment.Job instance at 0x7f89ecb90c80>,62,13,[10  4],63,190,203,127,176
1,<environment.Job instance at 0x7f89ebee3500>,1,16,[1 7],2,2,18,0,2
1,<environment.Job instance at 0x7f89ecb90e10>,2,15,[6 3],3,3,18,0,3
1,<environment.Job instance at 0x7f89ec0e4730>,3,13,[7 1],4,4,17,0,4
1,<environment.Job instance at 0x7f89ecb90c80>,4,18,[ 5 10],5,18,36,13,8
1,<environment.Job instance at 0x7f89eb9a65a0>,8,15,[2 5],9,17,32,8,9
1,<environment.Job instance at 0x7f89eb9a6190>,9,1,[8 4],10,32,33,22,10
1,<environment.Job instance at 0x7f89eb9a67d0>,10,3,[5 7],11,36,39,25,11
1,<environment.Job instance at 0x7f89ec0e4780>,5,20,[10  5],6,33,53,27,24
1,<environment.Job instance at 0x7f89eb9a6910>,15,15,[5 1],16,39,54,23,25
1,<environment.Job instance at 0x7f89ecbc6230>,17,1,[7 2],18,53,54,35,25
1,<environment.Job instance at 0x7f89ecbc66e0>,18,3,[1 5],19,53,56,34,27
1,<environment.Job instance at 0x7f89eb9a6fa0>,6,1,[8 3],7,54,55,47,46
1,<environment.Job instance at 0x7f89ebc379b0>,29,13,[4 8],30,55,68,25,46
1,<environment.Job instance at 0x7f89ebc373c0>,30,21,[3 8],31,68,89,37,60
1,<environment.Job instance at 0x7f89ebc37190>,38,18,[8 4],39,60,78,21,60
1,<environment.Job instance at 0x7f89ebc37e10>,40,16,[6 4],41,78,94,37,65
1,<environment.Job instance at 0x7f89ebde8960>,47,15,[2 6],48,89,104,41,75
1,<environment.Job instance at 0x7f89ebde8820>,50,16,[4 6],51,94,110,43,81
1,<environment.Job instance at 0x7f89ebde89b0>,54,17,[3 6],55,104,121,49,92
1,<environment.Job instance at 0x7f89ebb2e190>,63,17,[5 9],64,110,127,46,98
1,<environment.Job instance at 0x7f89ec9ef7d0>,67,18,[1 8],68,127,145,59,116
1,<environment.Job instance at 0x7f89ec9ef370>,69,14,[4 9],70,145,159,75,130
1,<environment.Job instance at 0x7f89ec9ef280>,71,16,[2 8],72,159,175,87,146
1,<environment.Job instance at 0x7f89ec9ef1e0>,72,21,[5 2],73,146,167,73,146
1,<environment.Job instance at 0x7f89ebae6cd0>,75,17,[2 7],76,167,184,91,155
1,<environment.Job instance at 0x7f89ebae6690>,76,15,[7 3],77,175,190,98,161
1,<environment.Job instance at 0x7f89ebae6500>,77,16,[2 5],78,175,191,97,162
1,<environment.Job instance at 0x7f89ebae6230>,78,17,[3 9],79,190,207,111,178
1,<environment.Job instance at 0x7f89ec18f820>,0,3,[9 2],1,1,4,0,1
1,<environment.Job instance at 0x7f89ec18fdc0>,1,1,[12  5],2,4,5,2,2
1,<environment.Job instance at 0x7f89ec592a50>,2,15,[7 4],3,5,20,2,3
1,<environment.Job instance at 0x7f89eb2cad70>,3,17,[ 5 10],4,5,22,1,4
1,<environment.Job instance at 0x7f89ebc6f140>,5,12,[1 8],6,22,34,16,6
1,<environment.Job instance at 0x7f89eb56d320>,7,15,[9 1],8,20,35,12,8
1,<environment.Job instance at 0x7f89eb56d5f0>,6,17,[5 1],7,22,39,15,11
1,<environment.Job instance at 0x7f89eb56d730>,11,1,[ 4 13],12,35,36,23,12
1,<environment.Job instance at 0x7f89eb56daa0>,8,14,[3 9],9,36,50,27,21
1,<environment.Job instance at 0x7f89eb56d230>,12,18,[7 5],13,36,54,23,25
1,<environment.Job instance at 0x7f89eb56d960>,14,13,[2 7],15,50,63,35,34
1,<environment.Job instance at 0x7f89eb56dbe0>,17,2,[5 3],18,50,52,32,34
1,<environment.Job instance at 0x7f89eb786280>,18,14,[ 5 12],19,63,77,44,48
1,<environment.Job instance at 0x7f89eb786320>,19,2,[3 6],20,54,56,34,48
1,<environment.Job instance at 0x7f89eb56db90>,10,14,[6 1],11,54,68,43,54
1,<environment.Job instance at 0x7f89eb56dc30>,9,12,[10  1],10,68,80,58,54
1,<environment.Job instance at 0x7f89eb7865f0>,23,1,[9 5],24,80,81,56,54
1,<environment.Job instance at 0x7f89eb786690>,24,1,[7 1],25,56,57,31,54
1,<environment.Job instance at 0x7f89eb56d550>,16,18,[4 8],17,77,95,60,66
1,<environment.Job instance at 0x7f89eb7860a0>,26,12,[7 3],27,81,93,54,66
1,<environment.Job instance at 0x7f89eb786910>,27,15,[5 5],28,93,108,65,79
1,<environment.Job instance at 0x7f89eb786f50>,34,16,[7 5],35,95,111,60,82
1,<environment.Job instance at 0x7f89eb786dc0>,35,16,[2 7],36,108,124,72,95
1,<environment.Job instance at 0x7f89eb448190>,38,16,[5 9],39,124,140,85,111
1,<environment.Job instance at 0x7f89eb7867d0>,25,18,[5 6],26,111,129,85,111
1,<environment.Job instance at 0x7f89eb4484b0>,43,2,[1 7],44,140,142,96,113
1,<environment.Job instance at 0x7f89eb448410>,42,18,[5 9],43,142,160,99,131
1,<environment.Job instance at 0x7f89eb4485f0>,45,14,[10  5],46,131,145,85,131
1,<environment.Job instance at 0x7f89eb4489b0>,48,17,[1 7],49,160,177,111,148
1,<environment.Job instance at 0x7f89eb448140>,49,13,[6 4],50,148,161,98,148
1,<environment.Job instance at 0x7f89eb448a50>,50,14,[2 7],51,161,175,110,148
1,<environment.Job instance at 0x7f89eb448910>,55,14,[4 8],56,175,189,119,160
1,<environment.Job instance at 0x7f89ec426190>,57,15,[5 6],58,177,192,119,163
1,<environment.Job instance at 0x7f89ec4264b0>,62,13,[6 1],63,177,190,114,163
1,<environment.Job instance at 0x7f89ec4265f0>,64,12,[2 7],65,189,201,124,172
1,<environment.Job instance at 0x7f89ec426960>,67,13,[8 2],68,190,203,122,174
1,<environment.Job instance at 0x7f89ec426a00>,68,16,[4 5],69,192,208,123,179
1,<environment.Job instance at 0x7f89ec426b40>,70,14,[8 2],71,203,217,132,188
1,<environment.Job instance at 0x7f89ec91f500>,0,2,[1 9],1,1,3,0,1
1,<environment.Job instance at 0x7f89ec4269b0>,1,12,[ 2 13],2,3,15,1,2
1,<environment.Job instance at 0x7f89ec5e3b40>,2,3,[1 9],3,15,18,12,4
1,<environment.Job instance at 0x7f89ec426b40>,3,2,[9 3],4,15,17,11,4
1,<environment.Job instance at 0x7f89ec5e30f0>,4,14,[5 5],5,17,31,12,5
1,<environment.Job instance at 0x7f89ebc486e0>,5,3,[9 2],6,6,9,0,6
1,<environment.Job instance at 0x7f89ebc48be0>,6,2,[3 7],7,18,20,11,8
1,<environment.Job instance at 0x7f89ebc48550>,7,14,[3 7],8,20,34,12,8
1,<environment.Job instance at 0x7f89ebe2ca50>,8,3,[10  5],9,31,34,22,9
1,<environment.Job instance at 0x7f89eb700aa0>,12,3,[5 4],13,34,37,21,14
1,<environment.Job instance at 0x7f89ebe2c190>,14,1,[9 1],15,17,18,2,16
1,<environment.Job instance at 0x7f89eb5838c0>,16,12,[5 9],17,34,46,17,17
1,<environment.Job instance at 0x7f89eb5836e0>,18,2,[8 3],19,37,39,18,19
1,<environment.Job instance at 0x7f89eb583690>,17,17,[ 5 10],18,46,63,28,34
1,<environment.Job instance at 0x7f89eb583280>,15,3,[6 3],16,39,42,23,34
1,<environment.Job instance at 0x7f89eb583500>,21,2,[10  1],22,42,44,20,34
1,<environment.Job instance at 0x7f89eb5837d0>,22,1,[5 5],23,44,45,21,35
1,<environment.Job instance at 0x7f89f51dcf00>,23,14,[1 5],24,45,59,21,38
1,<environment.Job instance at 0x7f89f51dcfa0>,24,2,[11  4],25,63,65,38,38
1,<environment.Job instance at 0x7f89eb583f50>,25,2,[6 1],26,59,61,33,38
1,<environment.Job instance at 0x7f89eb2a6370>,31,15,[10  2],32,65,80,33,51
1,<environment.Job instance at 0x7f89eb2a69b0>,32,13,[3 7],33,63,76,30,51
1,<environment.Job instance at 0x7f89ebfb81e0>,44,15,[5 8],45,76,91,31,62
1,<environment.Job instance at 0x7f89f50d3af0>,50,15,[2 8],51,91,106,40,77
1,<environment.Job instance at 0x7f89f50d3910>,52,17,[7 1],53,80,97,27,77
1,<environment.Job instance at 0x7f89f50d3730>,53,17,[10  3],54,97,114,43,85
1,<environment.Job instance at 0x7f89f50d31e0>,54,18,[5 9],55,106,124,51,95
1,<environment.Job instance at 0x7f89f50d3780>,56,14,[6 5],57,114,128,57,99
1,<environment.Job instance at 0x7f89ebe2c5f0>,9,12,[3 8],10,124,136,114,109
1,<environment.Job instance at 0x7f89f50d3a50>,58,1,[9 4],59,128,129,69,109
1,<environment.Job instance at 0x7f89f50d36e0>,59,2,[4 7],60,129,131,69,109
1,<environment.Job instance at 0x7f89f50d3460>,60,2,[2 6],61,131,133,70,109
1,<environment.Job instance at 0x7f89ec2200a0>,66,16,[7 5],67,133,149,66,120
1,<environment.Job instance at 0x7f89ec220f00>,61,13,[1 9],62,136,149,74,120
1,<environment.Job instance at 0x7f89eb583870>,19,25,[5 2],20,149,174,129,145
1,<environment.Job instance at 0x7f89ec2205a0>,69,18,[9 2],70,149,167,79,145
1,<environment.Job instance at 0x7f89eb2550a0>,72,12,[7 4],73,167,179,94,150
1,<environment.Job instance at 0x7f89eb255460>,80,17,[2 9],81,167,184,86,155
1,<environment.Job instance at 0x7f89eb2554b0>,88,14,[3 5],89,179,193,90,164
1,<environment.Job instance at 0x7f89ecb2e460>,93,16,[1 8],94,184,200,90,171
1,<environment.Job instance at 0x7f89ecb2e550>,95,16,[6 2],96,184,200,88,171
1,<environment.Job instance at 0x7f89ecb2eb40>,97,14,[10  5],98,200,214,102,185
1,<environment.Job instance at 0x7f89eb3fad20>,1,15,[1 7],2,2,17,0,2
1,<environment.Job instance at 0x7f89eb3fab90>,2,2,[5 7],3,3,5,0,3
1,<environment.Job instance at 0x7f89eb8830a0>,3,1,[5 7],4,5,6,1,4
1,<environment.Job instance at 0x7f89eb8835a0>,4,14,[7 4],5,6,20,1,5
1,<environment.Job instance at 0x7f89eb883820>,5,17,[5 7],6,17,34,11,6
1,<environment.Job instance at 0x7f89eb883730>,6,2,[11  1],7,34,36,27,7
1,<environment.Job instance at 0x7f89eb883500>,7,2,[7 4],8,8,10,0,8
1,<environment.Job instance at 0x7f89eb883640>,8,3,[6 5],9,20,23,11,9
1,<environment.Job instance at 0x7f89eb883b40>,11,14,[8 5],12,36,50,24,21
1,<environment.Job instance at 0x7f89eb883be0>,15,14,[3 5],16,23,37,7,21
1,<environment.Job instance at 0x7f89eb883370>,12,1,[5 8],13,37,38,24,25
1,<environment.Job instance at 0x7f89eb660690>,19,3,[14  3],20,50,53,30,26
1,<environment.Job instance at 0x7f89eb6606e0>,18,17,[5 9],19,53,70,34,41
1,<environment.Job instance at 0x7f89eb660140>,20,24,[8 2],21,53,77,32,51
1,<environment.Job instance at 0x7f89eb660780>,21,14,[4 9],22,70,84,48,55
1,<environment.Job instance at 0x7f89eb660190>,23,14,[9 2],24,77,91,53,62
1,<environment.Job instance at 0x7f89eb660730>,26,15,[8 4],27,91,106,64,77
1,<environment.Job instance at 0x7f89eb3fa140>,0,17,[2 9],1,84,101,83,84
1,<environment.Job instance at 0x7f89eb6605f0>,28,3,[11  3],29,106,109,77,84
1,<environment.Job instance at 0x7f89ebf9feb0>,29,12,[4 5],30,101,113,71,85
1,<environment.Job instance at 0x7f89eb660c80>,27,21,[9 3],28,109,130,81,101
1,<environment.Job instance at 0x7f89ebf9f140>,36,16,[3 7],37,113,129,76,101
1,<environment.Job instance at 0x7f89ebf9f6e0>,39,15,[9 4],40,130,145,90,116
1,<environment.Job instance at 0x7f89ebf9fc30>,40,16,[1 8],41,129,145,88,116
1,<environment.Job instance at 0x7f89ebf9f410>,43,12,[6 2],44,145,157,101,128
1,<environment.Job instance at 0x7f89ebf9f320>,44,13,[4 9],45,145,158,100,129
1,<environment.Job instance at 0x7f89f5890d20>,45,18,[6 1],46,157,175,111,146
1,<environment.Job instance at 0x7f89f53efbe0>,46,17,[7 4],47,158,175,111,146
1,<environment.Job instance at 0x7f89f5751b90>,50,12,[5 2],51,146,158,95,146
1,<environment.Job instance at 0x7f89f5366050>,51,17,[5 2],52,175,192,123,163
1,<environment.Job instance at 0x7f89f53eed70>,52,14,[2 5],53,163,177,110,163
1,<environment.Job instance at 0x7f89ebc08370>,53,15,[5 9],54,177,192,123,163
1,<environment.Job instance at 0x7f89ebc35370>,56,16,[1 8],57,192,208,135,179
1,<environment.Job instance at 0x7f89ebc3feb0>,1,16,[ 2 10],2,2,18,0,2
1,<environment.Job instance at 0x7f89ebf0cd20>,7,14,[6 3],8,8,22,0,8
1,<environment.Job instance at 0x7f89ebf0cbe0>,13,2,[3 6],14,18,20,4,14
1,<environment.Job instance at 0x7f89ebf490f0>,12,17,[ 5 10],13,20,37,7,15
1,<environment.Job instance at 0x7f89ebf49370>,15,16,[1 8],16,37,53,21,24
1,<environment.Job instance at 0x7f89ebf49460>,17,12,[7 4],18,24,36,6,24
1,<environment.Job instance at 0x7f89ebf49960>,24,15,[7 5],25,36,51,11,25
1,<environment.Job instance at 0x7f89ebf49d20>,29,15,[9 4],30,51,66,21,37
1,<environment.Job instance at 0x7f89ec686a00>,0,17,[1 6],1,53,70,52,43
1,<environment.Job instance at 0x7f89ebf49f00>,33,1,[5 8],34,66,67,32,43
1,<environment.Job instance at 0x7f89ebf49fa0>,32,14,[10  5],33,67,81,34,52
1,<environment.Job instance at 0x7f89ebf1b230>,35,18,[6 3],36,81,99,45,70
1,<environment.Job instance at 0x7f89ebf49e10>,34,12,[8 1],35,81,93,46,70
1,<environment.Job instance at 0x7f89ebf1b280>,43,12,[1 8],44,72,84,28,72
1,<environment.Job instance at 0x7f89ebf1b4b0>,39,3,[14  2],40,99,102,59,73
1,<environment.Job instance at 0x7f89ebf1ba00>,46,3,[8 4],47,93,96,46,76
1,<environment.Job instance at 0x7f89ebf1b960>,45,17,[8 4],46,102,119,56,90
1,<environment.Job instance at 0x7f89ebf0ca50>,4,12,[5 8],5,102,114,97,91
1,<environment.Job instance at 0x7f89ebf1bbe0>,49,20,[3 5],50,114,134,64,105
1,<environment.Job instance at 0x7f89ebf1bf00>,52,16,[1 9],53,119,135,66,106
1,<environment.Job instance at 0x7f89ebf1be10>,53,13,[5 4],54,134,147,80,118
1,<environment.Job instance at 0x7f89ebf1bfa0>,54,15,[8 3],55,135,150,80,121
1,<environment.Job instance at 0x7f89ebf1b820>,56,15,[2 8],57,135,150,78,121
1,<environment.Job instance at 0x7f89ebf231e0>,57,17,[4 5],58,150,167,92,138
1,<environment.Job instance at 0x7f89ebf23280>,58,15,[7 2],59,150,165,91,138
1,<environment.Job instance at 0x7f89ebf23320>,59,13,[10  3],60,165,178,105,149
1,<environment.Job instance at 0x7f89ebf23500>,62,14,[4 7],63,150,164,87,149
1,<environment.Job instance at 0x7f89ebf235a0>,63,16,[10  3],64,178,194,114,165
1,<environment.Job instance at 0x7f89ebf1baa0>,47,14,[3 9],48,167,181,119,165
1,<environment.Job instance at 0x7f89ebf238c0>,68,16,[1 9],69,181,197,112,168
1,<environment.Job instance at 0x7f89ebf23cd0>,72,17,[4 8],73,197,214,124,185
1,<environment.Job instance at 0x7f89ebf23c80>,74,15,[3 6],75,194,209,119,185
1,<environment.Job instance at 0x7f89ebef5eb0>,0,16,[6 3],1,1,17,0,1
1,<environment.Job instance at 0x7f89ebef6370>,1,13,[6 2],2,2,15,0,2
1,<environment.Job instance at 0x7f89ebef5f50>,2,14,[5 9],3,15,29,12,3
1,<environment.Job instance at 0x7f89ebf070a0>,3,12,[6 2],4,17,29,13,4
1,<environment.Job instance at 0x7f89ebaf9d70>,6,12,[ 5 10],7,29,41,22,12
1,<environment.Job instance at 0x7f89ebaf9e10>,10,14,[1 7],11,41,55,30,26
1,<environment.Job instance at 0x7f89ebaf91e0>,11,3,[1 6],12,41,44,29,26
1,<environment.Job instance at 0x7f89ebaf9af0>,12,3,[3 8],13,44,47,31,26
1,<environment.Job instance at 0x7f89ebaf9f50>,8,3,[9 4],9,34,37,25,34
1,<environment.Job instance at 0x7f89ebaf9eb0>,13,16,[6 4],14,47,63,33,34
1,<environment.Job instance at 0x7f89ebaf9370>,14,2,[6 1],15,37,39,22,35
1,<environment.Job instance at 0x7f89ebaf9780>,15,17,[4 9],16,55,72,39,43
1,<environment.Job instance at 0x7f89ebaf95f0>,17,15,[5 3],18,63,78,45,49
1,<environment.Job instance at 0x7f89ec5e3230>,21,12,[10  4],22,72,84,50,55
1,<environment.Job instance at 0x7f89ec5e34b0>,22,13,[5 7],23,78,91,55,62
1,<environment.Job instance at 0x7f89ebc0a0f0>,24,16,[9 5],25,84,100,59,71
1,<environment.Job instance at 0x7f89ebc0a500>,25,17,[5 4],26,91,108,65,79
1,<environment.Job instance at 0x7f89eb2bb050>,27,15,[8 1],28,100,115,72,86
1,<environment.Job instance at 0x7f89ec9cb870>,28,3,[2 5],29,100,103,71,86
1,<environment.Job instance at 0x7f89ec5b3c80>,29,3,[ 3 10],30,108,111,78,86
1,<environment.Job instance at 0x7f89ec9cb690>,30,17,[6 4],31,111,128,80,99
1,<environment.Job instance at 0x7f89ebe73c30>,31,18,[ 1 10],32,111,129,79,100
1,<environment.Job instance at 0x7f89ec5d21e0>,33,15,[10  4],34,128,143,94,114
1,<environment.Job instance at 0x7f89ec5cef50>,35,16,[10  2],36,143,159,107,130
1,<environment.Job instance at 0x7f89ec5d2eb0>,36,2,[7 1],37,159,161,122,132
1,<environment.Job instance at 0x7f89eb916410>,37,14,[2 8],38,132,146,94,132
1,<environment.Job instance at 0x7f89ec46a1e0>,38,14,[6 3],39,159,173,120,144
1,<environment.Job instance at 0x7f89ebf3ac80>,39,14,[10  5],40,173,187,133,158
1,<environment.Job instance at 0x7f89ebf1c910>,40,13,[6 2],41,187,200,146,171
1,<environment.Job instance at 0x7f89ec660be0>,41,3,[1 7],42,171,174,129,171
1,<environment.Job instance at 0x7f89ec6604b0>,42,18,[5 3],43,174,192,131,171
1,<environment.Job instance at 0x7f89eb80a5f0>,44,2,[2 7],45,187,189,142,171
1,<environment.Job instance at 0x7f89eb80a460>,45,16,[6 1],46,192,208,146,179
1,<environment.Job instance at 0x7f89eb80ab40>,48,3,[2 6],49,189,192,140,179
1,<environment.Job instance at 0x7f89eb80a3c0>,49,18,[6 4],50,200,218,150,189
1,<environment.Job instance at 0x7f89ebac1a50>,0,16,[3 6],1,1,17,0,1
1,<environment.Job instance at 0x7f89eb6d90a0>,2,2,[4 9],3,3,5,0,3
1,<environment.Job instance at 0x7f89ec436f50>,3,16,[5 6],4,5,21,1,4
1,<environment.Job instance at 0x7f89ec436d70>,4,1,[2 8],5,17,18,12,6
1,<environment.Job instance at 0x7f89ec4360a0>,6,1,[9 2],7,18,19,11,7
1,<environment.Job instance at 0x7f89ec436d20>,7,1,[5 5],8,19,20,11,8
1,<environment.Job instance at 0x7f89ec436c80>,8,1,[3 8],9,20,21,11,9
1,<environment.Job instance at 0x7f89ec4362d0>,9,13,[6 5],10,21,34,11,10
1,<environment.Job instance at 0x7f89ec436a50>,10,1,[5 4],11,19,20,8,11
1,<environment.Job instance at 0x7f89ec4365f0>,11,1,[5 2],12,12,13,0,12
1,<environment.Job instance at 0x7f89ec436690>,16,1,[5 1],17,17,18,0,17
1,<environment.Job instance at 0x7f89ebbeb050>,17,1,[5 5],18,21,22,3,18
1,<environment.Job instance at 0x7f89ebbeb0f0>,18,17,[5 1],19,22,39,3,19
1,<environment.Job instance at 0x7f89ebbebe10>,19,12,[5 5],20,34,46,14,20
1,<environment.Job instance at 0x7f89ebbeb370>,20,2,[5 6],21,34,36,13,21
1,<environment.Job instance at 0x7f89ebbebeb0>,21,2,[ 2 10],22,39,41,17,22
1,<environment.Job instance at 0x7f89ebbebcd0>,22,16,[2 7],23,41,57,18,28
1,<environment.Job instance at 0x7f89ebbebfa0>,23,3,[5 5],24,36,39,12,28
1,<environment.Job instance at 0x7f89ec436a00>,12,12,[10  5],13,46,58,33,32
1,<environment.Job instance at 0x7f89ebbeb5f0>,15,14,[2 8],16,57,71,41,42
1,<environment.Job instance at 0x7f89ebbebd20>,27,13,[8 4],28,58,71,30,42
1,<environment.Job instance at 0x7f89f51e8c30>,28,12,[5 3],29,58,70,29,42
1,<environment.Job instance at 0x7f89f51e8b40>,32,17,[6 4],33,71,88,38,59
1,<environment.Job instance at 0x7f89f51e8140>,33,18,[7 2],34,71,89,37,61
1,<environment.Job instance at 0x7f89f51e8a50>,35,16,[10  3],36,89,105,53,76
1,<environment.Job instance at 0x7f89f51e8e60>,38,16,[9 5],39,105,121,66,92
1,<environment.Job instance at 0x7f89ec0678c0>,39,13,[4 5],40,92,105,52,92
1,<environment.Job instance at 0x7f89ec067eb0>,40,14,[3 9],41,105,119,64,92
1,<environment.Job instance at 0x7f89ec067550>,41,14,[10  5],42,121,135,79,106
1,<environment.Job instance at 0x7f89ec396500>,43,12,[3 6],44,119,131,75,106
1,<environment.Job instance at 0x7f89ebe47910>,48,14,[8 4],49,135,149,86,120
1,<environment.Job instance at 0x7f89ebe47b40>,49,13,[7 2],50,135,148,85,120
1,<environment.Job instance at 0x7f89ebe47af0>,52,12,[1 7],53,148,160,95,133
1,<environment.Job instance at 0x7f89eb717410>,57,12,[3 6],58,149,161,91,133
1,<environment.Job instance at 0x7f89eb717910>,58,15,[10  2],59,149,164,90,135
1,<environment.Job instance at 0x7f89ebbeb410>,25,25,[5 2],26,161,186,135,157
1,<environment.Job instance at 0x7f89ec436370>,14,16,[6 4],15,164,180,149,157
1,<environment.Job instance at 0x7f89eb7178c0>,59,15,[2 8],60,164,179,104,157
1,<environment.Job instance at 0x7f89eba2d6e0>,67,15,[1 8],68,179,194,111,165
1,<environment.Job instance at 0x7f89ebc0a690>,69,17,[5 6],70,186,203,116,174
1,<environment.Job instance at 0x7f89ebc0aaf0>,70,17,[5 7],71,194,211,123,182
1,<environment.Job instance at 0x7f89eb2c70f0>,72,13,[7 1],73,203,216,130,187
1,<environment.Job instance at 0x7f89eb8b3cd0>,0,3,[7 4],1,1,4,0,1
1,<environment.Job instance at 0x7f89eb7241e0>,1,12,[10  2],2,4,16,2,2
1,<environment.Job instance at 0x7f89ebfb8b90>,2,1,[9 2],3,16,17,13,4
1,<environment.Job instance at 0x7f89eb2c70f0>,3,15,[8 1],4,17,32,13,4
1,<environment.Job instance at 0x7f89ebfb8d70>,4,23,[ 5 11],5,5,28,0,5
1,<environment.Job instance at 0x7f89ebdbff00>,9,3,[6 3],10,28,31,18,10
1,<environment.Job instance at 0x7f89ebdbf910>,10,14,[3 8],11,31,45,20,16
1,<environment.Job instance at 0x7f89ebdbfb90>,12,16,[ 1 10],13,45,61,32,32
1,<environment.Job instance at 0x7f89ebdbf550>,13,16,[ 3 10],14,61,77,47,48
1,<environment.Job instance at 0x7f89eb44fd20>,14,12,[4 7],15,77,89,62,60
1,<environment.Job instance at 0x7f89ebdbfe60>,15,12,[5 9],16,89,101,73,72
1,<environment.Job instance at 0x7f89ebac61e0>,19,16,[ 2 10],20,101,117,81,88
1,<environment.Job instance at 0x7f89ebac6050>,21,14,[5 5],22,88,102,66,88
1,<environment.Job instance at 0x7f89ebbeca50>,23,20,[3 7],24,117,137,93,108
1,<environment.Job instance at 0x7f89ec364f50>,24,15,[10  4],25,108,123,83,108
1,<environment.Job instance at 0x7f89ec3640a0>,25,16,[2 5],26,123,139,97,110
1,<environment.Job instance at 0x7f89ebe73870>,26,16,[3 5],27,137,153,110,124
1,<environment.Job instance at 0x7f89ebdb1820>,27,18,[6 1],28,124,142,96,124
1,<environment.Job instance at 0x7f89ebfb8190>,5,13,[2 6],6,139,152,133,128
1,<environment.Job instance at 0x7f89ec958140>,29,2,[1 8],30,152,154,122,129
1,<environment.Job instance at 0x7f89ecbdd1e0>,30,3,[6 4],31,142,145,111,129
1,<environment.Job instance at 0x7f89ecaf2910>,28,17,[9 1],29,145,162,116,135
1,<environment.Job instance at 0x7f89ebfb8a00>,11,12,[3 9],12,154,166,142,137
1,<environment.Job instance at 0x7f89eb6e89b0>,34,18,[3 8],35,166,184,131,155
1,<environment.Job instance at 0x7f89eb5079b0>,37,15,[6 1],38,162,177,124,155
1,<environment.Job instance at 0x7f89ecbdd280>,31,15,[8 2],32,177,192,145,163
1,<environment.Job instance at 0x7f89eb507b40>,38,14,[8 1],39,192,206,153,177
1,<environment.Job instance at 0x7f89eb5076e0>,40,12,[5 3],41,184,196,143,177
1,<environment.Job instance at 0x7f89eb5074b0>,42,18,[5 5],43,196,214,153,185
1,<environment.Job instance at 0x7fe7286204b0>,0,13,[9 3],1,1,14,0,1
1,<environment.Job instance at 0x7fe728620640>,2,22,[4 8],3,3,25,0,3
1,<environment.Job instance at 0x7fe71eecfbe0>,3,3,[4 8],4,25,28,21,4
1,<environment.Job instance at 0x7fe71eecfdc0>,4,14,[1 6],5,14,28,9,5
1,<environment.Job instance at 0x7fe71eecfeb0>,5,2,[1 5],6,28,30,22,6
1,<environment.Job instance at 0x7fe71eecfd20>,6,20,[6 1],7,14,34,7,7
1,<environment.Job instance at 0x7fe71ee4d320>,10,12,[3 7],11,28,40,17,18
1,<environment.Job instance at 0x7fe71ee4d3c0>,11,15,[4 8],12,34,49,22,24
1,<environment.Job instance at 0x7fe71ee4d5f0>,14,13,[7 3],15,40,53,25,24
1,<environment.Job instance at 0x7fe71ee4d690>,15,18,[2 8],16,49,67,33,39
1,<environment.Job instance at 0x7fe71ee4d730>,16,16,[3 5],17,53,69,36,40
1,<environment.Job instance at 0x7fe71ee57dc0>,1,3,[1 5],2,2,5,0,2
1,<environment.Job instance at 0x7fe71ee4d960>,2,1,[8 5],3,3,4,0,3
1,<environment.Job instance at 0x7fe71efb1fa0>,3,17,[5 7],4,4,21,0,4
1,<environment.Job instance at 0x7fe71efb14b0>,7,18,[2 8],8,8,26,0,8
1,<environment.Job instance at 0x7fe71f015c80>,8,14,[2 7],9,21,35,12,9
1,<environment.Job instance at 0x7fe71efb1910>,10,3,[12  3],11,26,29,15,11
1,<environment.Job instance at 0x7fe71f015c30>,11,2,[4 5],12,29,31,17,12
1,<environment.Job instance at 0x7fe71f0158c0>,9,17,[1 6],10,31,48,21,19
1,<environment.Job instance at 0x7fe71efb17d0>,4,13,[13  1],5,35,48,30,19
1,<environment.Job instance at 0x7fe71f015be0>,14,18,[2 9],15,48,66,33,37
1,<environment.Job instance at 0x7fe71f015960>,16,3,[7 4],17,48,51,31,37
1,<environment.Job instance at 0x7fe71e63b370>,23,13,[6 3],24,51,64,27,37
1,<environment.Job instance at 0x7fe71f015e60>,24,14,[5 1],25,48,62,23,37
1,<environment.Job instance at 0x7fe728530820>,1,18,[ 1 10],2,2,20,0,2
1,<environment.Job instance at 0x7fe71eb47410>,3,16,[1 6],4,20,36,16,7
1,<environment.Job instance at 0x7fe728530320>,6,15,[11  1],7,7,22,0,7
1,<environment.Job instance at 0x7fe728530c30>,7,17,[9 3],8,22,39,14,10
1,<environment.Job instance at 0x7fe728530af0>,8,3,[10  4],9,39,42,30,13
1,<environment.Job instance at 0x7fe71e600fa0>,10,3,[6 5],11,36,39,25,13
1,<environment.Job instance at 0x7fe71e600a50>,12,2,[6 2],13,42,44,29,15
1,<environment.Job instance at 0x7fe71e600140>,13,15,[6 1],14,42,57,28,28
1,<environment.Job instance at 0x7fe71e600d20>,14,14,[2 5],15,39,53,24,28
1,<environment.Job instance at 0x7fe71e600e60>,15,16,[7 5],16,44,60,28,31
1,<environment.Job instance at 0x7fe71e600280>,17,1,[1 5],18,33,34,15,33
1,<environment.Job instance at 0x7fe71e600550>,18,1,[3 6],19,34,35,15,33
1,<environment.Job instance at 0x7fe71e600910>,19,20,[2 6],20,53,73,33,44
1,<environment.Job instance at 0x7fe71e6002d0>,20,2,[7 2],21,60,62,39,44
1,<environment.Job instance at 0x7fe71e600be0>,21,1,[2 6],22,60,61,38,44
1,<environment.Job instance at 0x7fe71e600a00>,24,1,[8 4],25,62,63,37,44
1,<environment.Job instance at 0x7fe71e936640>,0,2,[3 8],1,1,3,0,1
1,<environment.Job instance at 0x7fe71eb37aa0>,2,14,[1 8],3,3,17,0,3
1,<environment.Job instance at 0x7fe71eb82410>,4,14,[8 4],5,5,19,0,5
1,<environment.Job instance at 0x7fe71e88e780>,6,1,[6 3],7,7,8,0,7
1,<environment.Job instance at 0x7fe71f33c6e0>,7,3,[4 5],8,17,20,9,8
1,<environment.Job instance at 0x7fe71eb445a0>,8,14,[9 5],9,19,33,10,9
1,<environment.Job instance at 0x7fe71eb44550>,9,2,[4 9],10,20,22,10,10
1,<environment.Job instance at 0x7fe71ee50410>,11,15,[1 7],12,22,37,10,12
1,<environment.Job instance at 0x7fe71eb82460>,12,3,[3 7],13,33,36,20,13
1,<environment.Job instance at 0x7fe71e67e4b0>,13,15,[5 2],14,36,51,22,22
1,<environment.Job instance at 0x7fe71eb35460>,17,2,[10  2],18,37,39,19,22
1,<environment.Job instance at 0x7fe71e5e0dc0>,16,2,[8 1],17,33,35,16,22
1,<environment.Job instance at 0x7fe71e899550>,20,2,[9 5],21,39,41,18,22
1,<environment.Job instance at 0x7fe72861fcd0>,21,2,[5 5],22,41,43,19,22
1,<environment.Job instance at 0x7fe71e895820>,22,1,[6 4],23,36,37,13,23
1,<environment.Job instance at 0x7fe71e5e0410>,19,14,[3 6],20,41,55,21,26
1,<environment.Job instance at 0x7fe71e897c30>,24,19,[6 1],25,43,62,18,33
1,<environment.Job instance at 0x7fe71e5beaa0>,23,18,[6 5],24,51,69,27,40
1,<environment.Job instance at 0x7fe71e8974b0>,26,2,[11  5],27,69,71,42,42
1,<environment.Job instance at 0x7fe71ead6c30>,0,13,[10  5],1,1,14,0,1
1,<environment.Job instance at 0x7fe71ead6cd0>,1,14,[1 6],2,2,16,0,2
1,<environment.Job instance at 0x7fe71f6d81e0>,2,14,[2 7],3,14,28,11,3
1,<environment.Job instance at 0x7fe71e4275f0>,3,14,[7 5],4,16,30,12,4
1,<environment.Job instance at 0x7fe71e427820>,4,3,[9 2],5,30,33,25,6
1,<environment.Job instance at 0x7fe71e427640>,6,3,[2 8],7,28,31,21,7
1,<environment.Job instance at 0x7fe71e427b40>,7,1,[2 8],8,31,32,23,8
1,<environment.Job instance at 0x7fe71e427be0>,8,2,[13  1],9,33,35,24,10
1,<environment.Job instance at 0x7fe71e427a50>,10,3,[5 6],11,35,38,24,11
1,<environment.Job instance at 0x7fe71e427dc0>,11,3,[13  5],12,38,41,26,12
1,<environment.Job instance at 0x7fe71e427eb0>,12,2,[ 1 12],13,32,34,19,13
1,<environment.Job instance at 0x7fe71e427d70>,13,2,[5 6],14,35,37,21,14
1,<environment.Job instance at 0x7fe71e429460>,17,3,[1 5],18,37,40,19,18
1,<environment.Job instance at 0x7fe71e4295f0>,18,1,[10  5],19,41,42,22,20
1,<environment.Job instance at 0x7fe71e429640>,19,1,[ 2 10],20,34,35,14,21
1,<environment.Job instance at 0x7fe71e429050>,15,2,[5 5],16,41,43,25,21
1,<environment.Job instance at 0x7fe71e4293c0>,16,12,[ 3 10],17,42,54,25,25
1,<environment.Job instance at 0x7fe71e429a50>,24,16,[9 4],25,43,59,18,30
1,<environment.Job instance at 0x7fe71e429d20>,26,14,[10  1],27,59,73,32,44
1,<environment.Job instance at 0x7fe71e416b90>,0,3,[7 3],1,1,4,0,1
1,<environment.Job instance at 0x7fe71e429cd0>,1,27,[4 7],2,2,29,0,2
1,<environment.Job instance at 0x7fe71e429d20>,3,12,[9 1],4,4,16,0,4
1,<environment.Job instance at 0x7fe71e4161e0>,4,14,[5 5],5,16,30,11,5
1,<environment.Job instance at 0x7fe71e41a730>,6,3,[9 1],7,29,32,22,7
1,<environment.Job instance at 0x7fe71e41a550>,9,1,[5 4],10,30,31,20,11
1,<environment.Job instance at 0x7fe71e4858c0>,11,1,[ 2 10],12,31,32,19,12
1,<environment.Job instance at 0x7fe71e485c80>,12,1,[3 9],13,32,33,19,13
1,<environment.Job instance at 0x7fe71e485c30>,13,2,[4 7],14,33,35,19,14
1,<environment.Job instance at 0x7fe71e485780>,14,12,[7 2],15,32,44,17,18
1,<environment.Job instance at 0x7fe71e41a5f0>,15,2,[1 5],16,29,31,13,18
1,<environment.Job instance at 0x7fe71e485500>,16,3,[8 4],17,35,38,18,18
1,<environment.Job instance at 0x7fe71e4852d0>,17,13,[9 2],18,44,57,26,28
1,<environment.Job instance at 0x7fe71e485050>,18,15,[3 6],19,38,53,19,28
1,<environment.Job instance at 0x7fe71e485230>,19,3,[4 7],20,38,41,18,28
1,<environment.Job instance at 0x7fe71e416b40>,8,18,[4 5],9,53,71,44,42
1,<environment.Job instance at 0x7fe71e4857d0>,21,15,[8 4],22,57,72,35,43
1,<environment.Job instance at 0x7fe71e429af0>,1,3,[4 5],2,2,5,0,2
1,<environment.Job instance at 0x7fe71ed08870>,3,2,[5 1],4,4,6,0,4
1,<environment.Job instance at 0x7fe71ed08f00>,4,17,[9 4],5,5,22,0,5
1,<environment.Job instance at 0x7fe71ed080f0>,5,13,[6 4],6,6,19,0,6
1,<environment.Job instance at 0x7fe71ed085a0>,6,2,[5 5],7,19,21,12,7
1,<environment.Job instance at 0x7fe71e485910>,7,13,[1 9],8,21,34,13,8
1,<environment.Job instance at 0x7fe71f776410>,8,17,[3 6],9,22,39,13,11
1,<environment.Job instance at 0x7fe71f776c30>,12,1,[5 9],13,34,35,21,13
1,<environment.Job instance at 0x7fe71f776190>,10,1,[ 1 10],11,39,40,28,14
1,<environment.Job instance at 0x7fe71f776eb0>,11,14,[8 2],12,35,49,23,20
1,<environment.Job instance at 0x7fe71f776dc0>,15,3,[5 2],16,39,42,23,20
1,<environment.Job instance at 0x7fe71f776460>,16,3,[ 5 10],17,42,45,25,20
1,<environment.Job instance at 0x7fe71f776e60>,17,1,[8 5],18,49,50,31,21
1,<environment.Job instance at 0x7fe71f776870>,18,2,[2 6],19,35,37,16,21
1,<environment.Job instance at 0x7fe71ef296e0>,24,12,[5 9],25,45,57,20,28
1,<environment.Job instance at 0x7fe71ef295f0>,28,15,[7 5],29,50,65,21,36
1,<environment.Job instance at 0x7fe71eeb1eb0>,36,16,[ 5 10],37,57,73,20,44
1,<environment.Job instance at 0x7fe71ee68140>,0,14,[8 3],1,1,15,0,1
1,<environment.Job instance at 0x7fe71ee68aa0>,1,2,[6 3],2,2,4,0,2
1,<environment.Job instance at 0x7fe71e489c30>,2,12,[8 1],3,15,27,12,3
1,<environment.Job instance at 0x7fe71f53b780>,3,1,[1 7],4,4,5,0,4
1,<environment.Job instance at 0x7fe71f53b960>,4,18,[3 6],5,5,23,0,5
1,<environment.Job instance at 0x7fe71f53baa0>,5,3,[9 4],6,27,30,21,7
1,<environment.Job instance at 0x7fe71f53bcd0>,9,3,[ 2 10],10,23,26,13,11
1,<environment.Job instance at 0x7fe71f53bdc0>,12,12,[3 8],13,26,38,13,13
1,<environment.Job instance at 0x7fe71f53bfa0>,13,3,[4 8],14,15,18,1,15
1,<environment.Job instance at 0x7fe71f53bf00>,14,15,[4 6],15,30,45,15,16
1,<environment.Job instance at 0x7fe71f559410>,17,15,[5 3],18,38,53,20,24
1,<environment.Job instance at 0x7fe71f559550>,18,18,[1 5],19,38,56,19,27
1,<environment.Job instance at 0x7fe71f559780>,25,13,[5 5],26,45,58,19,29
1,<environment.Job instance at 0x7fe71f559e60>,30,14,[7 5],31,53,67,22,39
1,<environment.Job instance at 0x7fe71f53be60>,11,17,[7 5],12,58,75,46,46
1,<environment.Job instance at 0x7fe71e8638c0>,0,2,[10  2],1,1,3,0,1
1,<environment.Job instance at 0x7fe71f5500f0>,1,17,[2 6],2,2,19,0,2
1,<environment.Job instance at 0x7fe71e863d70>,5,3,[2 5],6,6,9,0,6
1,<environment.Job instance at 0x7fe71e863500>,6,2,[11  3],7,7,9,0,7
1,<environment.Job instance at 0x7fe71e863eb0>,8,14,[ 2 10],9,19,33,10,9
1,<environment.Job instance at 0x7fe71e863870>,9,17,[9 1],10,10,27,0,10
1,<environment.Job instance at 0x7fe71e863780>,11,3,[7 3],12,27,30,15,12
1,<environment.Job instance at 0x7fe71e863370>,10,18,[3 5],11,30,48,19,19
1,<environment.Job instance at 0x7fe71e9e5e10>,15,13,[ 1 10],16,33,46,17,19
1,<environment.Job instance at 0x7fe71e9e5230>,16,3,[8 1],17,46,49,29,20
1,<environment.Job instance at 0x7fe71e863aa0>,14,1,[14  4],15,49,50,34,21
1,<environment.Job instance at 0x7fe71e863fa0>,13,1,[1 7],14,46,47,32,21
1,<environment.Job instance at 0x7fe71e9e5640>,20,13,[5 6],21,50,63,29,34
1,<environment.Job instance at 0x7fe71e9e51e0>,22,12,[5 5],23,50,62,27,34
1,<environment.Job instance at 0x7fe71e9e5910>,18,14,[4 6],19,62,76,43,47
1,<environment.Job instance at 0x7fe71e9e5460>,25,14,[7 4],26,63,77,37,48
1,<environment.Job instance at 0x7fe71e627960>,1,3,[9 3],2,2,5,0,2
1,<environment.Job instance at 0x7fe71e627640>,0,1,[5 1],1,2,3,1,2
1,<environment.Job instance at 0x7fe71e9e58c0>,2,3,[ 4 10],3,3,6,0,3
1,<environment.Job instance at 0x7fe71f332190>,3,3,[8 4],4,5,8,1,4
1,<environment.Job instance at 0x7fe71f332b90>,4,3,[6 1],5,6,9,1,6
1,<environment.Job instance at 0x7fe71f332c30>,6,18,[4 6],7,8,26,1,7
1,<environment.Job instance at 0x7fe71f805c80>,8,17,[7 4],9,9,26,0,9
1,<environment.Job instance at 0x7fe71fa1b550>,10,12,[8 5],11,26,38,15,11
1,<environment.Job instance at 0x7fe71fa1b500>,11,3,[9 2],12,38,41,26,12
1,<environment.Job instance at 0x7fe71fa1bf50>,12,18,[6 3],13,26,44,13,15
1,<environment.Job instance at 0x7fe71eaa7730>,17,2,[2 8],18,41,43,23,18
1,<environment.Job instance at 0x7fe727fd1c30>,18,3,[ 5 14],19,44,47,25,19
1,<environment.Job instance at 0x7fe71fa1ba50>,14,2,[1 8],15,47,49,32,20
1,<environment.Job instance at 0x7fe71f3af3c0>,24,17,[8 5],25,47,64,22,35
1,<environment.Job instance at 0x7fe71ead1fa0>,29,13,[1 9],30,49,62,19,36
1,<environment.Job instance at 0x7fe71f9d6690>,0,1,[6 3],1,1,2,0,1
1,<environment.Job instance at 0x7fe71ef3f2d0>,1,13,[5 3],2,2,15,0,2
1,<environment.Job instance at 0x7fe71f2330f0>,2,15,[5 1],3,3,18,0,3
1,<environment.Job instance at 0x7fe71e737af0>,3,18,[5 9],4,4,22,0,4
1,<environment.Job instance at 0x7fe71e737be0>,4,12,[6 4],5,18,30,13,5
1,<environment.Job instance at 0x7fe71ead1fa0>,6,1,[7 2],7,22,23,15,7
1,<environment.Job instance at 0x7fe71e737c30>,7,2,[2 6],8,22,24,14,8
1,<environment.Job instance at 0x7fe71e737eb0>,8,14,[5 9],9,24,38,15,9
1,<environment.Job instance at 0x7fe71e737fa0>,10,12,[2 5],11,30,42,19,13
1,<environment.Job instance at 0x7fe71e714320>,15,12,[2 9],16,38,50,22,21
1,<environment.Job instance at 0x7fe71e7140f0>,12,1,[2 9],13,50,51,37,23
1,<environment.Job instance at 0x7fe71e7144b0>,17,2,[2 8],18,51,53,33,24
1,<environment.Job instance at 0x7fe71e7145a0>,18,3,[5 9],19,53,56,34,27
1,<environment.Job instance at 0x7fe71e714370>,16,14,[3 9],17,56,70,39,41
1,<environment.Job instance at 0x7fe71e714960>,21,18,[8 4],22,42,60,20,41
1,<environment.Job instance at 0x7fe71e782f00>,0,1,[6 3],1,1,2,0,1
1,<environment.Job instance at 0x7fe71e714910>,2,18,[5 1],3,3,21,0,3
1,<environment.Job instance at 0x7fe71e782e60>,3,2,[5 6],4,4,6,0,4
1,<environment.Job instance at 0x7fe71ef205f0>,4,2,[2 5],5,6,8,1,6
1,<environment.Job instance at 0x7fe71ef20aa0>,6,3,[8 2],7,7,10,0,7
1,<environment.Job instance at 0x7fe71ef20c80>,7,13,[7 3],8,10,23,2,8
1,<environment.Job instance at 0x7fe71ef20370>,9,15,[ 1 10],10,11,26,1,11
1,<environment.Job instance at 0x7fe71ef201e0>,12,15,[1 6],13,26,41,13,13
1,<environment.Job instance at 0x7fe71ef20410>,14,12,[4 6],15,26,38,11,15
1,<environment.Job instance at 0x7fe71ef208c0>,15,17,[7 1],16,21,38,5,16
1,<environment.Job instance at 0x7fe71e9e6870>,17,18,[1 7],18,38,56,20,27
1,<environment.Job instance at 0x7fe71e9e6910>,19,14,[10  1],20,38,52,18,28
1,<environment.Job instance at 0x7fe71e9e66e0>,20,15,[1 6],21,41,56,20,28
1,<environment.Job instance at 0x7fe71e9e6f00>,21,14,[10  4],22,56,70,34,41
1,<environment.Job instance at 0x7fe71e9e6410>,22,18,[5 5],23,56,74,33,45
1,<environment.Job instance at 0x7fe71f123d70>,0,3,[9 5],1,1,4,0,1
1,<environment.Job instance at 0x7fe71e9e64b0>,1,13,[1 7],2,2,15,0,2
1,<environment.Job instance at 0x7fe71f36ad20>,2,13,[4 8],3,4,17,1,3
1,<environment.Job instance at 0x7fe71f36ab40>,3,1,[6 2],4,15,16,11,5
1,<environment.Job instance at 0x7fe71e9e6fa0>,4,2,[4 6],5,16,18,11,5
1,<environment.Job instance at 0x7fe71f36a730>,5,3,[8 5],6,17,20,11,6
1,<environment.Job instance at 0x7fe71eba9640>,6,12,[7 1],7,18,30,11,7
1,<environment.Job instance at 0x7fe71eba95a0>,7,3,[ 1 12],8,20,23,12,8
1,<environment.Job instance at 0x7fe71f36a1e0>,8,15,[ 3 11],9,23,38,14,9
1,<environment.Job instance at 0x7fe71e4e1140>,9,3,[5 1],10,20,23,10,10
1,<environment.Job instance at 0x7fe71f681820>,10,14,[6 4],11,30,44,19,15
1,<environment.Job instance at 0x7fe71e4e1be0>,11,1,[10  4],12,44,45,32,17
1,<environment.Job instance at 0x7fe71f681d20>,17,1,[9 4],18,38,39,20,18
1,<environment.Job instance at 0x7fe71f681eb0>,15,15,[ 2 11],16,39,54,23,25
1,<environment.Job instance at 0x7fe71f681320>,14,15,[9 1],15,45,60,30,31
1,<environment.Job instance at 0x7fe71f6819b0>,19,14,[3 7],20,54,68,34,41
1,<environment.Job instance at 0x7fe71f0ebb40>,21,3,[5 5],22,60,63,38,41
1,<environment.Job instance at 0x7fe71e9ad780>,22,13,[1 5],23,63,76,40,47
1,<environment.Job instance at 0x7fe71ee930a0>,1,19,[10  1],2,2,21,0,2
1,<environment.Job instance at 0x7fe7280bc0a0>,2,2,[5 8],3,3,5,0,3
1,<environment.Job instance at 0x7fe728264af0>,3,12,[4 6],4,5,17,1,4
1,<environment.Job instance at 0x7fe71e8bd960>,4,3,[6 4],5,21,24,16,5
1,<environment.Job instance at 0x7fe71ed11410>,5,13,[2 6],6,17,30,11,6
1,<environment.Job instance at 0x7fe71ed27320>,8,3,[8 2],9,24,27,15,9
1,<environment.Job instance at 0x7fe71ed27500>,9,3,[ 5 10],10,30,33,20,10
1,<environment.Job instance at 0x7fe71ed27c30>,11,1,[4 6],12,24,25,12,12
1,<environment.Job instance at 0x7fe71ed11370>,13,16,[6 5],14,27,43,13,15
1,<environment.Job instance at 0x7fe71ed270a0>,12,18,[5 9],13,33,51,20,22
1,<environment.Job instance at 0x7fe71ed1eaf0>,17,17,[5 2],18,43,60,25,31
1,<environment.Job instance at 0x7fe71ed1e5f0>,19,15,[6 3],20,51,66,31,37
1,<environment.Job instance at 0x7fe71ed1e500>,20,15,[3 9],21,51,66,30,37
1,<environment.Job instance at 0x7fe71ed1e460>,21,2,[9 5],22,66,68,44,39
1,<environment.Job instance at 0x7fe71ed1e780>,22,3,[9 5],23,68,71,45,42
1,<environment.Job instance at 0x7fe71ed1e280>,23,12,[6 2],24,60,72,36,43
1,<environment.Job instance at 0x7fe71ed27e60>,16,1,[2 6],17,71,72,54,44
1,<environment.Job instance at 0x7fe71ed27c80>,14,2,[ 2 10],15,72,74,57,45
1,<environment.Job instance at 0x7fe71ed1e8c0>,26,2,[13  5],27,72,74,45,45
1,<environment.Job instance at 0x7fe71ed26050>,27,1,[9 5],28,74,75,46,48
1,<environment.Job instance at 0x7fe71ef83eb0>,0,1,[5 9],1,2,3,1,2
1,<environment.Job instance at 0x7fe71e9793c0>,1,3,[8 4],2,2,5,0,2
1,<environment.Job instance at 0x7fe71ef83960>,2,3,[5 2],3,3,6,0,3
1,<environment.Job instance at 0x7fe71e4c3690>,3,3,[9 2],4,5,8,1,4
1,<environment.Job instance at 0x7fe71e4c3640>,4,18,[4 7],5,6,24,1,5
1,<environment.Job instance at 0x7fe71e4c3780>,5,12,[5 6],6,8,20,2,6
1,<environment.Job instance at 0x7fe71f70c460>,7,13,[8 2],8,20,33,12,8
1,<environment.Job instance at 0x7fe71e4c3c30>,6,17,[5 5],7,24,41,17,12
1,<environment.Job instance at 0x7fe71e4c3a00>,12,17,[1 6],13,20,37,7,13
1,<environment.Job instance at 0x7fe71e4c35f0>,8,1,[8 4],9,33,34,24,20
1,<environment.Job instance at 0x7fe71e4c3820>,10,2,[4 9],11,37,39,26,20
1,<environment.Job instance at 0x7fe71ef0a960>,18,15,[3 6],19,39,54,20,25
1,<environment.Job instance at 0x7fe71e89c230>,24,17,[6 5],25,41,58,16,29
1,<environment.Job instance at 0x7fe71e9a36e0>,29,15,[5 2],30,39,54,9,32
1,<environment.Job instance at 0x7fe71e9a3190>,31,14,[7 1],32,54,68,22,39
1,<environment.Job instance at 0x7fe71efe9410>,0,15,[ 4 10],1,1,16,0,1
1,<environment.Job instance at 0x7fe71efe9a50>,2,2,[ 2 10],3,16,18,13,3
1,<environment.Job instance at 0x7fe71efe9550>,3,15,[7 2],4,4,19,0,4
1,<environment.Job instance at 0x7fe71efe93c0>,1,1,[9 5],2,19,20,17,5
1,<environment.Job instance at 0x7fe71efe9b40>,4,2,[4 6],5,18,20,13,5
1,<environment.Job instance at 0x7fe71efe9cd0>,5,2,[10  5],6,20,22,14,8
1,<environment.Job instance at 0x7fe71f371b90>,8,14,[1 7],9,20,34,11,9
1,<environment.Job instance at 0x7fe71efe9c30>,6,1,[5 7],7,22,23,15,9
1,<environment.Job instance at 0x7fe71f371140>,10,1,[5 4],11,23,24,12,11
1,<environment.Job instance at 0x7fe71f3711e0>,11,18,[4 8],12,24,42,12,13
1,<environment.Job instance at 0x7fe71f3714b0>,12,1,[2 7],13,18,19,5,16
1,<environment.Job instance at 0x7fe71f371280>,15,13,[1 5],16,34,47,18,18
1,<environment.Job instance at 0x7fe71e4c30f0>,17,2,[6 4],18,42,44,24,18
1,<environment.Job instance at 0x7fe71f371910>,14,2,[ 1 12],15,47,49,32,20
1,<environment.Job instance at 0x7fe71f63eb40>,18,14,[8 3],19,42,56,23,35
1,<environment.Job instance at 0x7fe71e4c33c0>,16,15,[ 5 10],17,49,64,32,38
1,<environment.Job instance at 0x7fe71f63eb90>,19,14,[9 5],20,56,70,36,42
1,<environment.Job instance at 0x7fe71f63ef00>,21,13,[5 8],22,64,77,42,48
1,<environment.Job instance at 0x7fe71f687dc0>,0,2,[2 7],1,1,3,0,1
1,<environment.Job instance at 0x7fe71f687d70>,1,1,[10  4],2,2,3,0,2
1,<environment.Job instance at 0x7fe71ef39730>,2,3,[3 8],3,3,6,0,3
1,<environment.Job instance at 0x7fe71f63ef00>,4,17,[3 6],5,5,22,0,5
1,<environment.Job instance at 0x7fe71ec84dc0>,7,16,[1 5],8,8,24,0,8
1,<environment.Job instance at 0x7fe71ec84500>,8,2,[7 3],9,9,11,0,9
1,<environment.Job instance at 0x7fe71ec56aa0>,9,1,[5 6],10,22,23,12,10
1,<environment.Job instance at 0x7fe71ec567d0>,10,13,[9 3],11,11,24,0,11
1,<environment.Job instance at 0x7fe71ec84230>,11,16,[2 7],12,23,39,11,12
1,<environment.Job instance at 0x7fe71f22c280>,12,15,[3 8],13,24,39,11,13
1,<environment.Job instance at 0x7fe71f22caa0>,16,2,[7 3],17,39,41,22,17
1,<environment.Job instance at 0x7fe71f22c550>,13,13,[6 5],14,39,52,25,23
1,<environment.Job instance at 0x7fe71f22ca50>,18,2,[2 7],19,39,41,20,23
1,<environment.Job instance at 0x7fe71f22cd70>,19,2,[4 6],20,41,43,21,23
1,<environment.Job instance at 0x7fe71ec56b90>,14,13,[5 4],15,41,54,26,26
1,<environment.Job instance at 0x7fe71f22cf00>,20,16,[2 8],21,52,68,31,39
1,<environment.Job instance at 0x7fe71f236a00>,23,17,[6 4],24,54,71,30,42
1,<environment.Job instance at 0x7fe71f236f50>,24,1,[8 1],25,52,53,27,42
1,<environment.Job instance at 0x7fe71e21cf00>,0,16,[5 9],1,1,17,0,1
1,<environment.Job instance at 0x7fe71f236f50>,2,14,[9 1],3,3,17,0,3
1,<environment.Job instance at 0x7fe71e31ea50>,6,3,[8 5],7,17,20,10,7
1,<environment.Job instance at 0x7fe71e31ef00>,7,12,[5 4],8,17,29,9,8
1,<environment.Job instance at 0x7fe71e31e230>,8,14,[8 1],9,20,34,11,9
1,<environment.Job instance at 0x7fe71e21c550>,10,18,[5 8],11,29,47,18,18
1,<environment.Job instance at 0x7fe71e31eb90>,12,23,[7 1],13,34,57,21,28
1,<environment.Job instance at 0x7fe71e31eaf0>,20,15,[4 9],21,47,62,26,33
1,<environment.Job instance at 0x7fe71e31e9b0>,23,16,[8 2],24,57,73,33,44
1,<environment.Job instance at 0x7fe71e31e280>,21,15,[7 5],22,62,77,40,49
1,<environment.Job instance at 0x7fe71f57dcd0>,27,2,[2 9],28,73,75,45,49
1,<environment.Job instance at 0x7fe71f57dc30>,28,2,[8 3],29,75,77,46,49
1,<environment.Job instance at 0x7fe71f314690>,0,1,[8 1],1,1,2,0,1
1,<environment.Job instance at 0x7fe71f314230>,1,18,[3 7],2,2,20,0,2
1,<environment.Job instance at 0x7fe71ea65be0>,3,14,[5 5],4,4,18,0,4
1,<environment.Job instance at 0x7fe71f314eb0>,6,13,[3 7],7,18,31,11,7
1,<environment.Job instance at 0x7fe71f314550>,7,16,[5 8],8,20,36,12,8
1,<environment.Job instance at 0x7fe71f314a00>,8,16,[1 6],9,31,47,22,18
1,<environment.Job instance at 0x7fe71f314730>,12,3,[10  5],13,36,39,23,18
1,<environment.Job instance at 0x7fe71f3148c0>,9,3,[10  2],10,39,42,29,19
1,<environment.Job instance at 0x7fe71f314b90>,13,15,[4 9],14,42,57,28,28
1,<environment.Job instance at 0x7fe71f314e60>,15,12,[ 3 10],16,57,69,41,40
1,<environment.Job instance at 0x7fe71f314500>,16,12,[9 4],17,47,59,30,40
1,<environment.Job instance at 0x7fe71f314320>,14,14,[10  4],15,59,73,44,44
1,<environment.Job instance at 0x7fe71e3c7e60>,0,1,[4 5],1,1,2,0,1
1,<environment.Job instance at 0x7fe71f9181e0>,1,16,[5 3],2,2,18,0,2
1,<environment.Job instance at 0x7fe71e3c7d70>,2,1,[6 3],3,4,5,1,4
1,<environment.Job instance at 0x7fe71f918cd0>,3,3,[1 6],4,4,7,0,4
1,<environment.Job instance at 0x7fe71e60e230>,5,17,[ 2 10],6,7,24,1,6
1,<environment.Job instance at 0x7fe728027870>,6,3,[6 2],7,7,10,0,7
1,<environment.Job instance at 0x7fe71e2f6f00>,7,1,[6 3],8,18,19,10,9
1,<environment.Job instance at 0x7fe71e60e5a0>,8,19,[7 1],9,10,29,1,9
1,<environment.Job instance at 0x7fe71e60ecd0>,4,1,[5 4],5,19,20,14,11
1,<environment.Job instance at 0x7fe71ec60d20>,9,2,[5 4],10,20,22,10,11
1,<environment.Job instance at 0x7fe71ee53d70>,11,1,[2 7],12,24,25,12,15
1,<environment.Job instance at 0x7fe71f8990a0>,12,2,[4 5],13,24,26,11,15
1,<environment.Job instance at 0x7fe71f7a08c0>,14,12,[7 4],15,26,38,11,15
1,<environment.Job instance at 0x7fe71f67f960>,15,2,[10  5],16,38,40,22,16
1,<environment.Job instance at 0x7fe71ee53e60>,16,1,[2 5],17,25,26,8,20
1,<environment.Job instance at 0x7fe71f8994b0>,10,18,[9 2],11,40,58,29,29
1,<environment.Job instance at 0x7fe71f2334b0>,21,12,[6 3],22,40,52,18,29
1,<environment.Job instance at 0x7fe71f233f50>,22,16,[10  2],23,58,74,35,45
1,<environment.Job instance at 0x7fe71f233dc0>,23,15,[4 8],24,52,67,28,45
1,<environment.Job instance at 0x7fe84ae84460>,0,13,[9 3],1,1,14,0,1
1,<environment.Job instance at 0x7fe84ae845f0>,2,22,[4 8],3,3,25,0,3
1,<environment.Job instance at 0x7fe84172fb90>,3,3,[4 8],4,25,28,21,4
1,<environment.Job instance at 0x7fe84172fd70>,4,14,[1 6],5,14,28,9,5
1,<environment.Job instance at 0x7fe84172fe60>,5,2,[1 5],6,28,30,22,6
1,<environment.Job instance at 0x7fe84172ffa0>,6,20,[6 1],7,14,34,7,7
1,<environment.Job instance at 0x7fe8416ad140>,7,1,[5 4],8,28,29,20,8
1,<environment.Job instance at 0x7fe8416ad320>,10,12,[3 7],11,29,41,18,20
1,<environment.Job instance at 0x7fe8416ad370>,11,15,[4 8],12,34,49,22,20
1,<environment.Job instance at 0x7fe8416ad5f0>,14,13,[7 3],15,41,54,26,25
1,<environment.Job instance at 0x7fe8416ad690>,15,18,[2 8],16,49,67,33,38
1,<environment.Job instance at 0x7fe8416ad730>,16,16,[3 5],17,54,70,37,41
1,<environment.Job instance at 0x7fe8416ad910>,19,14,[3 5],20,67,81,47,52
1,<environment.Job instance at 0x7fe8416ad550>,13,18,[ 4 10],14,70,88,56,59
1,<environment.Job instance at 0x7fe841b771e0>,0,3,[12  3],1,2,5,1,2
1,<environment.Job instance at 0x7fe8416bbd70>,1,2,[4 5],2,5,7,3,2
1,<environment.Job instance at 0x7fe8416ad5a0>,3,3,[5 9],4,5,8,1,4
1,<environment.Job instance at 0x7fe841b77640>,4,18,[2 9],5,8,26,3,5
1,<environment.Job instance at 0x7fe841b773c0>,5,20,[2 6],6,7,27,1,6
1,<environment.Job instance at 0x7fe841c10550>,6,3,[7 4],7,26,29,19,7
1,<environment.Job instance at 0x7fe841c10dc0>,11,2,[5 1],12,26,28,14,14
1,<environment.Job instance at 0x7fe841c10370>,13,13,[6 3],14,28,41,14,14
1,<environment.Job instance at 0x7fe841c10b90>,14,14,[5 1],15,29,43,14,15
1,<environment.Job instance at 0x7fe841c10500>,15,14,[ 4 11],16,29,43,13,16
1,<environment.Job instance at 0x7fe841c10690>,17,13,[8 5],18,43,56,25,27
1,<environment.Job instance at 0x7fe84102c140>,20,14,[2 6],21,43,57,22,28
1,<environment.Job instance at 0x7fe8410efa50>,21,15,[5 9],22,56,71,34,42
1,<environment.Job instance at 0x7fe841c10730>,18,12,[10  2],19,57,69,38,46
1,<environment.Job instance at 0x7fe841c10460>,19,13,[9 4],20,69,82,49,53
1,<environment.Job instance at 0x7fe840e44c30>,0,2,[7 2],1,1,3,0,1
1,<environment.Job instance at 0x7fe840e44370>,1,1,[2 6],2,2,3,0,2
1,<environment.Job instance at 0x7fe840e44b90>,2,3,[ 4 12],3,5,8,2,5
1,<environment.Job instance at 0x7fe840e440a0>,4,1,[8 4],5,8,9,3,5
1,<environment.Job instance at 0x7fe840e44cd0>,5,21,[4 5],6,8,29,2,6
1,<environment.Job instance at 0x7fe840e3a5f0>,6,3,[ 5 10],7,9,12,2,7
1,<environment.Job instance at 0x7fe840e3a690>,7,22,[4 5],8,12,34,4,8
1,<environment.Job instance at 0x7fe840e44b40>,9,2,[1 8],10,29,31,19,10
1,<environment.Job instance at 0x7fe840e3aa00>,10,15,[8 3],11,31,46,20,19
1,<environment.Job instance at 0x7fe840e043c0>,19,18,[ 1 12],20,34,52,14,23
1,<environment.Job instance at 0x7fe840e3a780>,18,16,[11  2],19,46,62,27,33
1,<environment.Job instance at 0x7fe840e04460>,21,13,[5 6],22,62,75,40,46
1,<environment.Job instance at 0x7fe840e041e0>,22,3,[4 7],23,52,55,29,46
1,<environment.Job instance at 0x7fe840e04d70>,26,17,[1 7],27,55,72,28,48
1,<environment.Job instance at 0x7fe840e04fa0>,31,15,[10  4],32,72,87,40,58
1,<environment.Job instance at 0x7fe841299eb0>,0,1,[5 8],1,1,2,0,1
1,<environment.Job instance at 0x7fe841299cd0>,1,13,[8 5],2,2,15,0,2
1,<environment.Job instance at 0x7fe840db7050>,2,14,[2 9],3,3,17,0,3
1,<environment.Job instance at 0x7fe840d7bf50>,3,2,[7 3],4,15,17,11,4
1,<environment.Job instance at 0x7fe841072190>,4,3,[4 6],5,17,20,12,5
1,<environment.Job instance at 0x7fe840f2a230>,5,2,[5 2],6,15,17,9,8
1,<environment.Job instance at 0x7fe840eb8500>,9,12,[9 3],10,17,29,7,10
1,<environment.Job instance at 0x7fe840e591e0>,13,2,[8 3],14,29,31,15,14
1,<environment.Job instance at 0x7fe841a0e9b0>,15,1,[6 2],16,20,21,4,16
1,<environment.Job instance at 0x7fe841a0e230>,14,12,[3 8],15,21,33,6,17
1,<environment.Job instance at 0x7fe840eb83c0>,11,17,[10  2],12,31,48,19,19
1,<environment.Job instance at 0x7fe84123bd70>,21,14,[1 6],22,33,47,11,22
1,<environment.Job instance at 0x7fe84111b050>,22,14,[2 7],23,33,47,10,23
1,<environment.Job instance at 0x7fe84111beb0>,23,14,[7 5],24,48,62,24,33
1,<environment.Job instance at 0x7fe840ecf640>,16,14,[5 5],17,47,61,30,33
1,<environment.Job instance at 0x7fe841381870>,26,3,[2 8],27,61,64,34,35
1,<environment.Job instance at 0x7fe8413814b0>,27,1,[2 8],28,64,65,36,36
1,<environment.Job instance at 0x7fe841381b90>,28,2,[13  1],29,62,64,33,36
1,<environment.Job instance at 0x7fe841381cd0>,29,2,[10  4],30,64,66,34,37
1,<environment.Job instance at 0x7fe8411685a0>,30,3,[5 6],31,65,68,34,39
1,<environment.Job instance at 0x7fe840e64230>,31,3,[13  5],32,68,71,36,42
1,<environment.Job instance at 0x7fe841168370>,32,2,[ 1 12],33,71,73,38,44
1,<environment.Job instance at 0x7fe840e33370>,33,2,[5 6],34,66,68,32,44
1,<environment.Job instance at 0x7fe84123baf0>,25,14,[10  2],26,71,85,45,56
1,<environment.Job instance at 0x7fe8411a2be0>,1,2,[9 5],2,2,4,0,2
1,<environment.Job instance at 0x7fe841b76a00>,2,2,[9 3],3,4,6,1,3
1,<environment.Job instance at 0x7fe840c84be0>,3,24,[7 4],4,6,30,2,4
1,<environment.Job instance at 0x7fe840c84cd0>,4,16,[7 5],5,6,22,1,5
1,<environment.Job instance at 0x7fe840c84eb0>,5,3,[12  3],6,30,33,24,6
1,<environment.Job instance at 0x7fe840c88230>,10,3,[7 3],11,22,25,11,11
1,<environment.Job instance at 0x7fe840c88140>,13,12,[9 1],14,33,45,19,17
1,<environment.Job instance at 0x7fe840c88730>,17,17,[5 2],18,33,50,15,21
1,<environment.Job instance at 0x7fe840c88820>,18,18,[4 5],19,45,63,26,34
1,<environment.Job instance at 0x7fe840c88c80>,24,12,[7 2],25,50,62,25,34
1,<environment.Job instance at 0x7fe840c88e60>,27,13,[9 2],28,62,75,34,46
1,<environment.Job instance at 0x7fe840c88d20>,28,15,[3 6],29,47,62,18,47
1,<environment.Job instance at 0x7fe840c88f50>,30,17,[2 6],31,62,79,31,50
1,<environment.Job instance at 0x7fe840cc6dc0>,1,3,[4 5],2,2,5,0,2
1,<environment.Job instance at 0x7fe840cc6af0>,3,2,[5 1],4,4,6,0,4
1,<environment.Job instance at 0x7fe840cc6730>,4,17,[9 4],5,5,22,0,5
1,<environment.Job instance at 0x7fe840d24b90>,5,13,[6 4],6,6,19,0,6
1,<environment.Job instance at 0x7fe840d24960>,6,2,[5 5],7,19,21,12,7
1,<environment.Job instance at 0x7fe840d24dc0>,7,13,[1 9],8,21,34,13,8
1,<environment.Job instance at 0x7fe840d24f50>,11,14,[8 2],12,22,36,10,12
1,<environment.Job instance at 0x7fe840d24af0>,12,1,[5 9],13,34,35,21,15
1,<environment.Job instance at 0x7fe840d246e0>,10,1,[ 1 10],11,35,36,24,15
1,<environment.Job instance at 0x7fe840c88f50>,9,15,[ 5 10],10,36,51,26,22
1,<environment.Job instance at 0x7fe840d24190>,14,15,[5 1],15,35,50,20,22
1,<environment.Job instance at 0x7fe840d24370>,15,3,[5 2],16,23,26,7,23
1,<environment.Job instance at 0x7fe840d245a0>,18,2,[2 6],19,51,53,32,24
1,<environment.Job instance at 0x7fe840d24410>,20,12,[9 2],21,50,62,29,33
1,<environment.Job instance at 0x7fe840d24cd0>,16,3,[ 5 10],17,53,56,36,33
1,<environment.Job instance at 0x7fe840d24a50>,22,3,[ 3 11],23,56,59,33,33
1,<environment.Job instance at 0x7fe840cd1fa0>,23,3,[2 5],24,59,62,35,35
1,<environment.Job instance at 0x7fe840cd1230>,25,12,[2 6],26,59,71,33,42
1,<environment.Job instance at 0x7fe840cd1e10>,26,15,[2 7],27,62,77,35,48
1,<environment.Job instance at 0x7fe840cd15a0>,28,15,[7 5],29,71,86,42,57
1,<environment.Job instance at 0x7fe840cbdaa0>,1,17,[7 5],2,2,19,0,2
1,<environment.Job instance at 0x7fe8417de3c0>,0,27,[ 5 10],1,2,29,1,2
1,<environment.Job instance at 0x7fe8417dea00>,3,3,[4 8],4,29,32,25,5
1,<environment.Job instance at 0x7fe8417de320>,5,3,[3 8],6,32,35,26,6
1,<environment.Job instance at 0x7fe841085550>,7,15,[5 3],8,19,34,11,8
1,<environment.Job instance at 0x7fe8410858c0>,10,2,[1 7],11,34,36,23,11
1,<environment.Job instance at 0x7fe841085370>,11,1,[ 4 10],12,36,37,24,12
1,<environment.Job instance at 0x7fe841085f50>,12,3,[10  4],13,35,38,22,13
1,<environment.Job instance at 0x7fe841085fa0>,13,2,[5 7],14,37,39,23,14
1,<environment.Job instance at 0x7fe841085050>,14,1,[3 8],15,38,39,23,15
1,<environment.Job instance at 0x7fe8417de370>,9,2,[8 2],10,39,41,29,20
1,<environment.Job instance at 0x7fe841085c30>,16,3,[2 8],17,39,42,22,20
1,<environment.Job instance at 0x7fe8410859b0>,17,1,[5 5],18,39,40,21,20
1,<environment.Job instance at 0x7fe8410852d0>,18,2,[6 3],19,29,31,10,20
1,<environment.Job instance at 0x7fe84adb6690>,19,3,[7 2],20,41,44,21,21
1,<environment.Job instance at 0x7fe841085960>,15,13,[5 5],16,40,53,24,25
1,<environment.Job instance at 0x7fe84adb6050>,21,3,[1 6],22,42,45,20,26
1,<environment.Job instance at 0x7fe8417de640>,4,15,[4 6],5,45,60,40,31
1,<environment.Job instance at 0x7fe84229a410>,25,16,[10  4],26,53,69,27,40
1,<environment.Job instance at 0x7fe84229aaa0>,26,3,[6 3],27,44,47,17,40
1,<environment.Job instance at 0x7fe84229a460>,27,12,[5 8],28,60,72,32,43
1,<environment.Job instance at 0x7fe84229a1e0>,28,14,[7 5],29,69,83,40,54
1,<environment.Job instance at 0x7fe84229adc0>,29,3,[5 5],30,72,75,42,54
1,<environment.Job instance at 0x7fe8419b2730>,0,13,[5 6],1,1,14,0,1
1,<environment.Job instance at 0x7fe8419b2640>,1,12,[5 5],2,2,14,0,2
1,<environment.Job instance at 0x7fe84134fb40>,2,12,[5 5],3,14,26,11,3
1,<environment.Job instance at 0x7fe840e44370>,3,13,[4 9],4,14,27,10,4
1,<environment.Job instance at 0x7fe840e44230>,4,2,[2 5],5,26,28,21,5
1,<environment.Job instance at 0x7fe840e44e10>,5,14,[7 4],6,27,41,21,12
1,<environment.Job instance at 0x7fe840e44eb0>,11,13,[4 5],12,27,40,15,12
1,<environment.Job instance at 0x7fe84229adc0>,6,1,[3 8],7,40,41,33,13
1,<environment.Job instance at 0x7fe840e445f0>,9,1,[ 3 10],10,41,42,31,15
1,<environment.Job instance at 0x7fe841331370>,13,1,[ 5 12],14,42,43,28,15
1,<environment.Job instance at 0x7fe8413628c0>,16,3,[ 3 10],17,43,46,26,17
1,<environment.Job instance at 0x7fe841362b40>,17,2,[10  4],18,43,45,25,18
1,<environment.Job instance at 0x7fe841362370>,18,16,[6 3],19,45,61,26,32
1,<environment.Job instance at 0x7fe841362aa0>,19,14,[5 7],20,46,60,26,32
1,<environment.Job instance at 0x7fe840e44af0>,8,1,[2 8],9,60,61,51,35
1,<environment.Job instance at 0x7fe841331a50>,15,12,[ 1 10],16,61,73,45,45
1,<environment.Job instance at 0x7fe841331730>,14,21,[7 2],15,60,81,45,52
1,<environment.Job instance at 0x7fe8413620a0>,23,14,[2 7],24,73,87,49,58
1,<environment.Job instance at 0x7fe840c8dfa0>,0,19,[6 3],1,1,20,0,1
1,<environment.Job instance at 0x7fe840efca50>,1,13,[5 5],2,2,15,0,2
1,<environment.Job instance at 0x7fe840c8d550>,2,2,[9 3],3,15,17,12,3
1,<environment.Job instance at 0x7fe840c8d1e0>,3,12,[1 8],4,17,29,13,4
1,<environment.Job instance at 0x7fe840efc640>,5,3,[1 5],6,6,9,0,6
1,<environment.Job instance at 0x7fe840c8d0a0>,6,3,[9 3],7,20,23,13,7
1,<environment.Job instance at 0x7fe840c8d0f0>,7,13,[6 4],8,23,36,15,8
1,<environment.Job instance at 0x7fe8410e0dc0>,11,18,[2 9],12,29,47,17,18
1,<environment.Job instance at 0x7fe8410e0320>,13,13,[6 5],14,36,49,22,20
1,<environment.Job instance at 0x7fe8410e01e0>,17,18,[5 1],18,20,38,2,20
1,<environment.Job instance at 0x7fe8410e0820>,19,15,[9 5],20,47,62,27,33
1,<environment.Job instance at 0x7fe8410e0410>,21,13,[5 3],22,49,62,27,34
1,<environment.Job instance at 0x7fe8410e0140>,22,15,[5 1],23,62,77,39,48
1,<environment.Job instance at 0x7fe840c8d3c0>,10,19,[1 5],11,51,70,40,51
1,<environment.Job instance at 0x7fe8410e0870>,24,12,[6 4],25,62,74,37,51
1,<environment.Job instance at 0x7fe8410e0f00>,25,21,[2 5],26,62,83,36,57
1,<environment.Job instance at 0x7fe8410e0b90>,26,1,[7 2],27,74,75,47,57
1,<environment.Job instance at 0x7fe8410e02d0>,27,2,[2 6],28,75,77,47,57
1,<environment.Job instance at 0x7fe84213fa50>,0,2,[ 5 11],1,1,3,0,1
1,<environment.Job instance at 0x7fe84213f4b0>,1,14,[5 8],2,3,17,1,2
1,<environment.Job instance at 0x7fe8410e02d0>,3,15,[6 3],4,4,19,0,4
1,<environment.Job instance at 0x7fe8411b84b0>,5,18,[7 5],6,17,35,11,6
1,<environment.Job instance at 0x7fe8411b8280>,6,2,[2 9],7,19,21,12,7
1,<environment.Job instance at 0x7fe8411b8640>,7,3,[7 1],8,21,24,13,8
1,<environment.Job instance at 0x7fe8411b87d0>,10,1,[6 3],11,24,25,13,12
1,<environment.Job instance at 0x7fe8411b8b90>,13,2,[5 6],14,25,27,11,14
1,<environment.Job instance at 0x7fe8411b8820>,12,18,[5 1],13,27,45,14,16
1,<environment.Job instance at 0x7fe8411b8cd0>,15,3,[6 5],16,35,38,19,16
1,<environment.Job instance at 0x7fe8411b8c80>,14,2,[2 5],15,17,19,2,16
1,<environment.Job instance at 0x7fe8411b8e60>,16,3,[8 2],17,38,41,21,17
1,<environment.Job instance at 0x7fe8411b8f00>,17,13,[7 3],18,41,54,23,25
1,<environment.Job instance at 0x7fe8411b00a0>,19,15,[ 1 10],20,38,53,18,25
1,<environment.Job instance at 0x7fe8411b01e0>,20,14,[3 6],21,53,67,32,38
1,<environment.Job instance at 0x7fe8411b0370>,22,15,[1 6],23,53,68,30,39
1,<environment.Job instance at 0x7fe8411b04b0>,24,12,[4 6],25,67,79,42,50
1,<environment.Job instance at 0x7fe8411b0730>,25,17,[7 1],26,54,71,28,50
1,<environment.Job instance at 0x7fe8411b0820>,27,18,[1 7],28,68,86,40,57
1,<environment.Job instance at 0x7fe8411b0960>,29,14,[10  1],30,71,85,41,57
1,<environment.Job instance at 0x7fe841b33dc0>,0,3,[9 5],1,1,4,0,1
1,<environment.Job instance at 0x7fe8411b09b0>,1,13,[1 7],2,2,15,0,2
1,<environment.Job instance at 0x7fe841b33370>,2,13,[4 8],3,4,17,1,3
1,<environment.Job instance at 0x7fe8411b0960>,4,2,[4 6],5,15,17,10,5
1,<environment.Job instance at 0x7fe841b338c0>,5,3,[8 5],6,17,20,11,6
1,<environment.Job instance at 0x7fe841b337d0>,6,12,[7 1],7,15,27,8,7
1,<environment.Job instance at 0x7fe841b33b40>,9,3,[5 1],10,20,23,10,10
1,<environment.Job instance at 0x7fe841b33c30>,10,14,[6 4],11,23,37,12,11
1,<environment.Job instance at 0x7fe841b33eb0>,3,1,[6 2],4,27,28,23,11
1,<environment.Job instance at 0x7fe841b336e0>,11,1,[10  4],12,37,38,25,12
1,<environment.Job instance at 0x7fe841748f50>,12,3,[6 4],13,28,31,15,13
1,<environment.Job instance at 0x7fe8417483c0>,13,3,[6 2],14,31,34,17,14
1,<environment.Job instance at 0x7fe841748d70>,18,17,[5 5],19,34,51,15,22
1,<environment.Job instance at 0x7fe8417485f0>,22,13,[1 5],23,23,36,0,23
1,<environment.Job instance at 0x7fe841810d70>,23,20,[5 4],24,38,58,14,29
1,<environment.Job instance at 0x7fe84117dd70>,32,14,[6 5],33,51,65,18,36
1,<environment.Job instance at 0x7fe84117d640>,34,15,[10  3],35,65,80,30,51
1,<environment.Job instance at 0x7fe84117d0a0>,35,20,[4 7],36,58,78,22,51
1,<environment.Job instance at 0x7fe840c4f550>,0,1,[4 6],1,2,3,1,2
1,<environment.Job instance at 0x7fe840c4fbe0>,1,1,[4 6],2,2,3,0,2
1,<environment.Job instance at 0x7fe840c4f730>,2,18,[5 9],3,3,21,0,3
1,<environment.Job instance at 0x7fe840c4fe60>,4,2,[ 2 10],5,21,23,16,5
1,<environment.Job instance at 0x7fe840c4fb40>,3,16,[6 5],4,5,21,1,5
1,<environment.Job instance at 0x7fe840c4f050>,7,17,[5 2],8,21,38,13,9
1,<environment.Job instance at 0x7fe840c4f280>,9,15,[6 3],10,21,36,11,10
1,<environment.Job instance at 0x7fe840c4f320>,5,1,[9 5],6,36,37,30,11
1,<environment.Job instance at 0x7fe840c4f1e0>,12,3,[9 5],13,37,40,24,13
1,<environment.Job instance at 0x7fe840d3e320>,11,2,[9 5],12,40,42,28,15
1,<environment.Job instance at 0x7fe840c4f370>,6,1,[2 6],7,23,24,16,15
1,<environment.Job instance at 0x7fe840d3e820>,13,12,[6 2],14,38,50,24,21
1,<environment.Job instance at 0x7fe840d3e780>,16,2,[13  5],17,50,52,33,23
1,<environment.Job instance at 0x7fe840d3efa0>,17,1,[9 5],18,42,43,24,24
1,<environment.Job instance at 0x7fe840d3e9b0>,10,15,[3 9],11,52,67,41,38
1,<environment.Job instance at 0x7fe840d3e0f0>,19,13,[3 6],20,52,65,32,38
1,<environment.Job instance at 0x7fe840d3e640>,21,14,[4 6],22,65,79,43,50
1,<environment.Job instance at 0x7fe84191db90>,27,17,[4 9],28,67,84,39,55
1,<environment.Job instance at 0x7fe842289e60>,0,28,[5 6],1,1,29,0,1
1,<environment.Job instance at 0x7fe84ab4ed20>,1,2,[2 6],2,2,4,0,2
1,<environment.Job instance at 0x7fe841748640>,2,3,[9 1],3,4,7,1,3
1,<environment.Job instance at 0x7fe84191d7d0>,4,17,[6 5],5,7,24,2,5
1,<environment.Job instance at 0x7fe841815640>,8,1,[6 1],9,24,25,15,12
1,<environment.Job instance at 0x7fe841815dc0>,9,15,[5 2],10,25,40,15,13
1,<environment.Job instance at 0x7fe841815a50>,7,16,[ 5 10],8,29,45,21,17
1,<environment.Job instance at 0x7fe8413ad690>,11,14,[7 1],12,40,54,28,25
1,<environment.Job instance at 0x7fe8413adc30>,13,3,[5 8],14,45,48,31,25
1,<environment.Job instance at 0x7fe8413ad2d0>,14,1,[6 1],15,48,49,33,25
1,<environment.Job instance at 0x7fe841079d70>,15,3,[1 5],16,25,28,9,25
1,<environment.Job instance at 0x7fe8413add20>,12,16,[9 4],13,54,70,41,41
1,<environment.Job instance at 0x7fe841079cd0>,17,14,[4 7],18,49,63,31,41
1,<environment.Job instance at 0x7fe841079eb0>,22,17,[4 5],23,63,80,40,51
1,<environment.Job instance at 0x7fe841079e10>,25,12,[8 1],26,70,82,44,55
1,<environment.Job instance at 0x7fe840e95fa0>,0,1,[4 8],1,1,2,0,1
1,<environment.Job instance at 0x7fe841079fa0>,1,16,[ 4 10],2,2,18,0,2
1,<environment.Job instance at 0x7fe841079a00>,3,2,[2 5],4,5,7,1,5
1,<environment.Job instance at 0x7fe841b8cb40>,5,16,[4 6],6,18,34,12,6
1,<environment.Job instance at 0x7fe841e9c8c0>,7,3,[8 5],8,9,12,1,9
1,<environment.Job instance at 0x7fe84213daa0>,8,1,[ 3 12],9,34,35,25,9
1,<environment.Job instance at 0x7fe841b8cfa0>,4,15,[ 2 10],5,35,50,30,21
1,<environment.Job instance at 0x7fe841635d20>,11,13,[2 8],12,21,34,9,21
1,<environment.Job instance at 0x7fe841635640>,12,18,[5 1],13,21,39,8,21
1,<environment.Job instance at 0x7fe841635eb0>,10,2,[5 6],11,50,52,39,24
1,<environment.Job instance at 0x7fe841635a50>,13,18,[ 5 10],14,52,70,38,41
1,<environment.Job instance at 0x7fe8416357d0>,15,17,[7 4],16,41,58,25,41
1,<environment.Job instance at 0x7fe841b8c730>,2,3,[5 2],3,58,61,55,48
1,<environment.Job instance at 0x7fe8416355f0>,16,18,[4 6],17,70,88,53,59
1,<environment.Job instance at 0x7fe8416359b0>,19,12,[5 7],20,70,82,50,59
1,<environment.Job instance at 0x7fe8413074b0>,0,3,[7 3],1,1,4,0,1
1,<environment.Job instance at 0x7fe841307d70>,1,13,[ 3 10],2,2,15,0,2
1,<environment.Job instance at 0x7fe8413076e0>,3,13,[1 7],4,15,28,11,4
1,<environment.Job instance at 0x7fe841307960>,2,18,[5 8],3,15,33,12,4
1,<environment.Job instance at 0x7fe841307320>,4,3,[3 5],5,5,8,0,5
1,<environment.Job instance at 0x7fe841307f50>,6,16,[6 1],7,28,44,21,15
1,<environment.Job instance at 0x7fe84144f8c0>,10,16,[5 9],11,33,49,22,20
1,<environment.Job instance at 0x7fe84144f3c0>,11,15,[9 5],12,44,59,32,30
1,<environment.Job instance at 0x7fe84144f690>,9,2,[3 6],10,31,33,21,31
1,<environment.Job instance at 0x7fe84144f910>,16,3,[8 5],17,59,62,42,43
1,<environment.Job instance at 0x7fe84144fc80>,17,12,[5 4],18,49,61,31,43
1,<environment.Job instance at 0x7fe84144fdc0>,14,3,[8 2],15,62,65,47,43
1,<environment.Job instance at 0x7fe84131feb0>,18,14,[8 1],19,65,79,46,50
1,<environment.Job instance at 0x7fe84144f0f0>,8,1,[ 1 10],9,61,62,52,50
1,<environment.Job instance at 0x7fe8422f70f0>,20,18,[5 8],21,62,80,41,51
1,<environment.Job instance at 0x7fe84140eb90>,0,1,[8 1],1,1,2,0,1
1,<environment.Job instance at 0x7fe8408ff370>,1,18,[3 7],2,2,20,0,2
1,<environment.Job instance at 0x7fe841a4aa00>,3,14,[5 5],4,4,18,0,4
1,<environment.Job instance at 0x7fe84140e2d0>,6,13,[3 7],7,18,31,11,7
1,<environment.Job instance at 0x7fe84140ef50>,7,16,[5 8],8,20,36,12,9
1,<environment.Job instance at 0x7fe84140e5f0>,9,3,[10  2],10,31,34,21,10
1,<environment.Job instance at 0x7fe84140e820>,12,3,[10  5],13,34,37,21,13
1,<environment.Job instance at 0x7fe84140e6e0>,13,15,[4 9],14,36,51,22,22
1,<environment.Job instance at 0x7fe8421595f0>,15,12,[ 3 10],16,51,63,35,34
1,<environment.Job instance at 0x7fe842159690>,16,12,[9 4],17,37,49,20,34
1,<environment.Job instance at 0x7fe842159e10>,18,12,[10  1],19,49,61,30,35
1,<environment.Job instance at 0x7fe842159730>,19,21,[1 7],20,63,84,43,55
1,<environment.Job instance at 0x7fe842159fa0>,20,16,[9 2],21,61,77,40,55
1,<environment.Job instance at 0x7fe841d01190>,1,1,[2 7],2,2,3,0,2
1,<environment.Job instance at 0x7fe84218d690>,2,2,[4 5],3,3,5,0,3
1,<environment.Job instance at 0x7fe840b86e60>,3,14,[5 5],4,4,18,0,4
1,<environment.Job instance at 0x7fe842175410>,4,12,[7 4],5,5,17,0,5
1,<environment.Job instance at 0x7fe840ce8280>,5,2,[10  5],6,17,19,11,6
1,<environment.Job instance at 0x7fe84231a640>,6,1,[2 5],7,7,8,0,7
1,<environment.Job instance at 0x7fe84231a780>,7,14,[11  2],8,19,33,11,8
1,<environment.Job instance at 0x7fe84231aa50>,9,18,[1 5],10,18,36,8,10
1,<environment.Job instance at 0x7fe8419a29b0>,15,2,[ 1 12],16,36,38,20,16
1,<environment.Job instance at 0x7fe84135e6e0>,14,12,[1 8],15,19,31,4,16
1,<environment.Job instance at 0x7fe841fee5f0>,11,12,[6 3],12,33,45,21,16
1,<environment.Job instance at 0x7fe842277e60>,18,14,[ 4 10],19,38,52,19,24
1,<environment.Job instance at 0x7fe842277a50>,19,13,[7 5],20,45,58,25,29
1,<environment.Job instance at 0x7fe840be9730>,17,18,[6 2],18,52,70,34,41
1,<environment.Job instance at 0x7fe842277fa0>,21,14,[9 5],22,58,72,36,43
1,<environment.Job instance at 0x7fe84164b5f0>,22,15,[7 3],23,72,87,49,58
1,<environment.Job instance at 0x7fe8419bf730>,1,14,[ 5 10],2,2,16,0,2
1,<environment.Job instance at 0x7fe841d61fa0>,2,19,[8 3],3,3,22,0,3
1,<environment.Job instance at 0x7fe84109c5f0>,5,1,[7 1],6,16,17,10,7
1,<environment.Job instance at 0x7fe84109c460>,3,13,[8 3],4,22,35,18,7
1,<environment.Job instance at 0x7fe84109c820>,7,1,[2 6],8,17,18,9,8
1,<environment.Job instance at 0x7fe84109c5a0>,6,23,[5 5],7,17,40,10,16
1,<environment.Job instance at 0x7fe84109caf0>,10,1,[12  5],11,40,41,29,16
1,<environment.Job instance at 0x7fe84109cb90>,11,13,[5 2],12,41,54,29,25
1,<environment.Job instance at 0x7fe84109cc30>,12,1,[5 2],13,35,36,22,25
1,<environment.Job instance at 0x7fe84109c960>,8,14,[9 5],9,41,55,32,29
1,<environment.Job instance at 0x7fe84109ccd0>,13,17,[6 4],14,54,71,40,42
1,<environment.Job instance at 0x7fe84109ce10>,15,3,[ 3 10],16,55,58,39,42
1,<environment.Job instance at 0x7fe84109cfa0>,16,13,[10  5],17,71,84,54,55
1,<environment.Job instance at 0x7fe84109cf00>,17,14,[2 6],18,58,72,40,55
1,<environment.Job instance at 0x7fe84109ceb0>,18,12,[5 1],19,55,67,36,55
1,<environment.Job instance at 0x7fe84108e140>,19,3,[7 1],20,67,70,47,55
1,<environment.Job instance at 0x7fe84108e1e0>,20,2,[8 5],21,84,86,63,57
1,<environment.Job instance at 0x7fe841554370>,0,2,[7 4],1,1,3,0,1
1,<environment.Job instance at 0x7fe84108e230>,1,16,[6 5],2,2,18,0,2
1,<environment.Job instance at 0x7fe841546050>,2,13,[14  2],3,18,31,15,4
1,<environment.Job instance at 0x7fe84108e1e0>,3,1,[5 5],4,6,7,2,6
1,<environment.Job instance at 0x7fe8415462d0>,6,12,[ 1 10],7,7,19,0,7
1,<environment.Job instance at 0x7fe841546aa0>,5,16,[6 5],6,31,47,25,18
1,<environment.Job instance at 0x7fe841546d20>,10,15,[5 1],11,31,46,20,18
1,<environment.Job instance at 0x7fe8415465f0>,9,3,[4 5],10,31,34,21,22
1,<environment.Job instance at 0x7fe8415468c0>,11,13,[5 2],12,46,59,34,30
1,<environment.Job instance at 0x7fe841546cd0>,18,14,[7 2],19,47,61,28,32
1,<environment.Job instance at 0x7fe841546be0>,12,1,[10  2],13,61,62,48,34
1,<environment.Job instance at 0x7fe84155be10>,20,2,[ 4 14],21,62,64,41,35
1,<environment.Job instance at 0x7fe841546d70>,8,15,[1 8],9,36,51,27,36
1,<environment.Job instance at 0x7fe84155bd20>,22,2,[1 5],23,51,53,28,36
1,<environment.Job instance at 0x7fe84155bb90>,24,17,[3 7],25,64,81,39,52
1,<environment.Job instance at 0x7fe84155baf0>,26,14,[7 5],27,64,78,37,52
1,<environment.Job instance at 0x7fe8414165f0>,0,1,[10  3],1,1,2,0,1
1,<environment.Job instance at 0x7fe841416eb0>,1,14,[1 5],2,2,16,0,2
1,<environment.Job instance at 0x7fe8414160f0>,2,17,[5 1],3,3,20,0,3
1,<environment.Job instance at 0x7fe841416320>,3,3,[2 6],4,4,7,0,4
1,<environment.Job instance at 0x7fe8414167d0>,5,12,[8 3],6,7,19,1,6
1,<environment.Job instance at 0x7fe8409cb320>,6,18,[ 2 10],7,16,34,9,7
1,<environment.Job instance at 0x7fe841416870>,4,2,[9 2],5,20,22,15,7
1,<environment.Job instance at 0x7fe8409cb7d0>,8,14,[9 5],9,22,36,13,9
1,<environment.Job instance at 0x7fe8420ab0a0>,13,3,[3 9],14,34,37,20,14
1,<environment.Job instance at 0x7fe8420ab190>,11,15,[7 3],12,36,51,24,22
1,<environment.Job instance at 0x7fe8420aba00>,15,1,[ 1 10],16,37,38,21,22
1,<environment.Job instance at 0x7fe8420abc30>,16,13,[5 9],17,38,51,21,23
1,<environment.Job instance at 0x7fe8420ab3c0>,12,17,[1 5],13,51,68,38,39
1,<environment.Job instance at 0x7fe8420abbe0>,20,18,[5 4],21,51,69,30,40
1,<environment.Job instance at 0x7fe8420ab8c0>,21,14,[8 4],22,51,65,29,40
1,<environment.Job instance at 0x7fe8414791e0>,24,16,[8 1],25,65,81,40,52
1,<environment.Job instance at 0x7fe8420666e0>,27,3,[5 6],28,69,72,41,53
1,<environment.Job instance at 0x7fe842066550>,28,19,[2 7],29,68,87,39,58
1,<environment.Job instance at 0x7fe8423270f0>,30,12,[2 6],31,72,84,41,58
1,<environment.Job instance at 0x7fad41e91230>,0,13,[9 3],1,1,14,0,1
1,<environment.Job instance at 0x7fad41e91320>,2,22,[4 8],3,3,25,0,3
1,<environment.Job instance at 0x7fad387194b0>,3,3,[4 8],4,25,28,21,4
1,<environment.Job instance at 0x7fad38719690>,4,14,[1 6],5,14,28,9,5
1,<environment.Job instance at 0x7fad38719780>,5,2,[1 5],6,28,30,22,6
1,<environment.Job instance at 0x7fad38719870>,6,20,[6 1],7,14,34,7,7
1,<environment.Job instance at 0x7fad38719b90>,10,12,[3 7],11,28,40,17,14
1,<environment.Job instance at 0x7fad38719c30>,11,15,[4 8],12,34,49,22,22
1,<environment.Job instance at 0x7fad38719f00>,14,13,[7 3],15,40,53,25,24
1,<environment.Job instance at 0x7fad38719dc0>,13,18,[ 4 10],14,49,67,35,38
1,<environment.Job instance at 0x7fad38719fa0>,16,16,[3 5],17,53,69,36,40
1,<environment.Job instance at 0x7fad3871b230>,19,14,[3 5],20,67,81,47,52
1,<environment.Job instance at 0x7fad3871b640>,24,18,[2 6],25,69,87,44,58
1,<environment.Job instance at 0x7fad3884f820>,0,3,[10  2],1,1,4,0,1
1,<environment.Job instance at 0x7fad3871b5f0>,1,2,[5 1],2,2,4,0,2
1,<environment.Job instance at 0x7fad3884f190>,2,2,[5 9],3,4,6,1,3
1,<environment.Job instance at 0x7fad3884ffa0>,3,13,[6 3],4,4,17,0,4
1,<environment.Job instance at 0x7fad3884f640>,4,14,[5 1],5,6,20,1,5
1,<environment.Job instance at 0x7fad3884f410>,5,14,[ 4 11],6,6,20,0,6
1,<environment.Job instance at 0x7fad3871b640>,7,13,[8 5],8,20,33,12,8
1,<environment.Job instance at 0x7fad3884f870>,9,13,[9 4],10,33,46,23,17
1,<environment.Job instance at 0x7fad3884fc30>,10,14,[2 6],11,20,34,9,17
1,<environment.Job instance at 0x7fad3884f550>,13,20,[7 1],14,46,66,32,37
1,<environment.Job instance at 0x7fad3884fd70>,14,18,[3 7],15,37,55,22,37
1,<environment.Job instance at 0x7fad3884fb40>,12,16,[ 4 10],13,55,71,42,42
1,<environment.Job instance at 0x7fad3884f5f0>,16,18,[9 2],17,66,84,49,55
1,<environment.Job instance at 0x7fad389c70f0>,19,14,[5 3],20,71,85,51,56
1,<environment.Job instance at 0x7fad389c72d0>,22,20,[1 5],23,71,91,48,62
1,<environment.Job instance at 0x7fad37e73a50>,0,16,[2 8],1,1,17,0,1
1,<environment.Job instance at 0x7fad37e735f0>,1,13,[5 6],2,2,15,0,2
1,<environment.Job instance at 0x7fad37e73230>,2,3,[4 7],3,15,18,12,4
1,<environment.Job instance at 0x7fad37e735a0>,4,2,[2 7],5,17,19,12,5
1,<environment.Job instance at 0x7fad37e734b0>,6,17,[1 7],7,18,35,11,7
1,<environment.Job instance at 0x7fad37e739b0>,5,3,[ 4 13],6,35,38,29,9
1,<environment.Job instance at 0x7fad37e73500>,9,12,[4 9],10,38,50,28,21
1,<environment.Job instance at 0x7fad37e731e0>,12,14,[1 8],13,21,35,8,21
1,<environment.Job instance at 0x7fad37e73820>,13,3,[1 9],14,50,53,36,24
1,<environment.Job instance at 0x7fad37e73910>,14,14,[8 4],15,38,52,23,24
1,<environment.Job instance at 0x7fad37e73e10>,15,1,[9 1],16,35,36,19,24
1,<environment.Job instance at 0x7fad37e73cd0>,16,1,[6 3],17,52,53,35,24
1,<environment.Job instance at 0x7fad37e73c30>,17,3,[4 5],18,53,56,35,27
1,<environment.Job instance at 0x7fad37e73dc0>,18,14,[9 5],19,53,67,34,38
1,<environment.Job instance at 0x7fad37e73370>,19,2,[4 9],20,56,58,36,38
1,<environment.Job instance at 0x7fad37df86e0>,20,3,[13  3],21,67,70,46,41
1,<environment.Job instance at 0x7fad37df8fa0>,21,15,[1 7],22,58,73,36,44
1,<environment.Job instance at 0x7fad37df83c0>,22,3,[3 7],23,70,73,47,44
1,<environment.Job instance at 0x7fad37df8410>,23,15,[5 2],24,73,88,49,59
1,<environment.Job instance at 0x7fad37df8e60>,24,3,[6 4],25,73,76,48,59
1,<environment.Job instance at 0x7fad37df8dc0>,28,19,[6 4],29,76,95,47,66
1,<environment.Job instance at 0x7fad37df8050>,29,14,[3 6],30,73,87,43,66
1,<environment.Job instance at 0x7fad37e2bd20>,0,3,[5 6],1,1,4,0,1
1,<environment.Job instance at 0x7fad37df8550>,1,3,[13  5],2,4,7,2,4
1,<environment.Job instance at 0x7fad3895cbe0>,3,2,[5 6],4,7,9,3,4
1,<environment.Job instance at 0x7fad3895cc80>,5,2,[5 5],6,7,9,1,6
1,<environment.Job instance at 0x7fad3895ce60>,6,12,[ 3 10],7,9,21,2,7
1,<environment.Job instance at 0x7fad3895cf50>,7,3,[1 5],8,9,12,1,8
1,<environment.Job instance at 0x7fad3895cc30>,8,1,[10  5],9,12,13,3,9
1,<environment.Job instance at 0x7fad3895cb40>,9,1,[ 2 10],10,21,22,11,10
1,<environment.Job instance at 0x7fad3895c0a0>,10,18,[4 5],11,13,31,2,11
1,<environment.Job instance at 0x7fad3895c5a0>,11,18,[2 8],12,22,40,10,12
1,<environment.Job instance at 0x7fad3895c2d0>,12,1,[ 4 13],13,40,41,27,13
1,<environment.Job instance at 0x7fad3895ca00>,15,1,[3 8],16,41,42,25,18
1,<environment.Job instance at 0x7fad39295870>,16,14,[10  1],17,31,45,14,25
1,<environment.Job instance at 0x7fad41b19d70>,14,16,[9 4],15,45,61,30,32
1,<environment.Job instance at 0x7fad39295690>,19,13,[6 3],20,45,58,25,32
1,<environment.Job instance at 0x7fad38060b40>,20,13,[7 4],21,61,74,40,45
1,<environment.Job instance at 0x7fad41b19eb0>,13,14,[11  3],14,74,88,60,61
1,<environment.Job instance at 0x7fad3805b910>,23,1,[ 4 10],24,61,62,37,61
1,<environment.Job instance at 0x7fad38017d20>,24,3,[4 7],25,62,65,37,61
1,<environment.Job instance at 0x7fad38017820>,25,1,[10  1],26,88,89,62,61
1,<environment.Job instance at 0x7fad380177d0>,26,19,[2 7],27,65,84,38,61
1,<environment.Job instance at 0x7fad38017230>,27,3,[1 6],28,84,87,56,61
1,<environment.Job instance at 0x7fad38b4d9b0>,0,2,[ 5 10],1,5,7,4,5
1,<environment.Job instance at 0x7fad38b1c280>,8,13,[8 5],9,9,22,0,9
1,<environment.Job instance at 0x7fad38b30960>,10,18,[6 1],11,11,29,0,11
1,<environment.Job instance at 0x7fad38b30280>,11,2,[1 5],12,12,14,0,12
1,<environment.Job instance at 0x7fad38b30140>,12,18,[8 2],13,22,40,9,13
1,<environment.Job instance at 0x7fad38b30870>,13,3,[9 5],14,40,43,26,14
1,<environment.Job instance at 0x7fad38b30eb0>,14,2,[7 4],15,29,31,14,15
1,<environment.Job instance at 0x7fad38b4d690>,3,2,[7 3],4,31,33,27,18
1,<environment.Job instance at 0x7fad38b30690>,18,1,[2 7],19,33,34,14,19
1,<environment.Job instance at 0x7fad38b302d0>,19,16,[9 4],20,43,59,23,30
1,<environment.Job instance at 0x7fad38b30fa0>,21,3,[4 5],22,33,36,11,30
1,<environment.Job instance at 0x7fad38b30b40>,17,14,[ 1 10],18,36,50,18,30
1,<environment.Job instance at 0x7fad390d4eb0>,25,13,[6 4],26,50,63,24,34
1,<environment.Job instance at 0x7fad39206a50>,26,2,[5 5],27,59,61,32,34
1,<environment.Job instance at 0x7fad418f92d0>,27,13,[1 9],28,61,74,33,45
1,<environment.Job instance at 0x7fad418f9c30>,28,17,[3 6],29,63,80,34,51
1,<environment.Job instance at 0x7fad38b30550>,24,17,[9 4],25,74,91,49,62
1,<environment.Job instance at 0x7fad418f9230>,29,15,[ 5 10],30,80,95,50,66
1,<environment.Job instance at 0x7fad387496e0>,32,1,[5 9],33,95,96,62,67
1,<environment.Job instance at 0x7fad3844c730>,0,14,[8 3],1,1,15,0,1
1,<environment.Job instance at 0x7fad3844c460>,1,2,[6 3],2,2,4,0,2
1,<environment.Job instance at 0x7fad3844cbe0>,2,12,[8 1],3,15,27,12,3
1,<environment.Job instance at 0x7fad3844c910>,3,1,[1 7],4,4,5,0,4
1,<environment.Job instance at 0x7fad3844cf50>,4,18,[3 6],5,5,23,0,5
1,<environment.Job instance at 0x7fad3844caa0>,5,3,[9 4],6,27,30,21,7
1,<environment.Job instance at 0x7fad3845ab40>,9,3,[ 2 10],10,23,26,13,11
1,<environment.Job instance at 0x7fad3845a5f0>,12,12,[3 8],13,26,38,13,13
1,<environment.Job instance at 0x7fad3845a7d0>,13,3,[4 8],14,15,18,1,14
1,<environment.Job instance at 0x7fad3845a6e0>,14,15,[4 6],15,30,45,15,17
1,<environment.Job instance at 0x7fad3845a4b0>,17,15,[5 3],18,38,53,20,24
1,<environment.Job instance at 0x7fad3845a0a0>,18,18,[1 5],19,38,56,19,29
1,<environment.Job instance at 0x7fad3845a3c0>,11,17,[7 5],12,45,62,33,33
1,<environment.Job instance at 0x7fad3845ab90>,22,3,[10  4],23,62,65,39,37
1,<environment.Job instance at 0x7fad38872820>,26,3,[2 8],27,56,59,29,37
1,<environment.Job instance at 0x7fad38872960>,27,1,[5 5],28,53,54,25,37
1,<environment.Job instance at 0x7fad38872c30>,28,2,[6 3],29,54,56,25,37
1,<environment.Job instance at 0x7fad38872e60>,29,3,[7 2],30,59,62,29,37
1,<environment.Job instance at 0x7fad3845a0f0>,25,13,[5 5],26,62,75,36,48
1,<environment.Job instance at 0x7fad38872d70>,30,14,[7 5],31,65,79,34,50
1,<environment.Job instance at 0x7fad38872640>,35,16,[10  4],36,79,95,43,66
1,<environment.Job instance at 0x7fad38e160a0>,0,13,[5 6],1,1,14,0,1
1,<environment.Job instance at 0x7fad38e16aa0>,1,12,[5 5],2,2,14,0,2
1,<environment.Job instance at 0x7fad380e5be0>,2,12,[5 5],3,14,26,11,3
1,<environment.Job instance at 0x7fad37cecc30>,3,13,[4 9],4,14,27,10,4
1,<environment.Job instance at 0x7fad37cece60>,4,2,[2 5],5,26,28,21,5
1,<environment.Job instance at 0x7fad388721e0>,6,1,[3 8],7,27,28,20,7
1,<environment.Job instance at 0x7fad37cf0280>,7,3,[10  2],8,27,30,19,8
1,<environment.Job instance at 0x7fad37cf0370>,8,1,[2 8],9,28,29,19,11
1,<environment.Job instance at 0x7fad37cf0500>,13,1,[ 5 12],14,29,30,15,14
1,<environment.Job instance at 0x7fad37cf0050>,11,13,[4 5],12,30,43,18,15
1,<environment.Job instance at 0x7fad37cecf00>,5,14,[7 4],6,30,44,24,15
1,<environment.Job instance at 0x7fad37cf0820>,16,3,[ 3 10],17,43,46,26,17
1,<environment.Job instance at 0x7fad37cf08c0>,17,2,[10  4],18,44,46,26,18
1,<environment.Job instance at 0x7fad37cf04b0>,12,1,[ 5 10],13,46,47,33,23
1,<environment.Job instance at 0x7fad37cf0870>,15,12,[ 1 10],16,47,59,31,30
1,<environment.Job instance at 0x7fad37cf0af0>,18,16,[6 3],19,46,62,27,33
1,<environment.Job instance at 0x7fad37cf0cd0>,21,14,[1 5],22,59,73,37,44
1,<environment.Job instance at 0x7fad37cf05f0>,14,21,[7 2],15,47,68,32,45
1,<environment.Job instance at 0x7fad37cf0eb0>,23,14,[2 7],24,62,76,38,47
1,<environment.Job instance at 0x7fad37cf0e10>,24,3,[14  4],25,76,79,51,50
1,<environment.Job instance at 0x7fad37cf0f50>,25,2,[5 5],26,73,75,47,50
1,<environment.Job instance at 0x7fad37cf2050>,26,2,[13  4],27,79,81,52,52
1,<environment.Job instance at 0x7fad37cf20f0>,27,3,[3 5],28,81,84,53,55
1,<environment.Job instance at 0x7fad37cf03c0>,10,16,[10  2],11,81,97,70,68
1,<environment.Job instance at 0x7fad37cf0d70>,22,14,[ 1 11],23,84,98,61,69
1,<environment.Job instance at 0x7fad392722d0>,1,18,[2 9],2,2,20,0,2
1,<environment.Job instance at 0x7fad37cf0dc0>,2,18,[10  4],3,3,21,0,3
1,<environment.Job instance at 0x7fad37e9d370>,3,13,[6 5],4,21,34,17,5
1,<environment.Job instance at 0x7fad37e9dbe0>,5,2,[14  5],6,34,36,28,8
1,<environment.Job instance at 0x7fad37e9dcd0>,8,3,[5 8],9,20,23,11,9
1,<environment.Job instance at 0x7fad37e9d820>,6,3,[2 7],7,23,26,16,11
1,<environment.Job instance at 0x7fad37e9db40>,7,18,[5 1],8,36,54,28,25
1,<environment.Job instance at 0x7fad37e9de60>,14,12,[6 4],15,36,48,21,25
1,<environment.Job instance at 0x7fad386efd70>,15,21,[2 5],16,36,57,20,28
1,<environment.Job instance at 0x7fad386efc80>,16,1,[7 2],17,28,29,11,28
1,<environment.Job instance at 0x7fad386ef280>,17,2,[2 6],18,28,30,10,28
1,<environment.Job instance at 0x7fad386efaf0>,18,14,[5 9],19,48,62,29,33
1,<environment.Job instance at 0x7fad37e9d460>,11,13,[5 3],12,57,70,45,45
1,<environment.Job instance at 0x7fad386ef910>,20,12,[2 5],21,62,74,41,45
1,<environment.Job instance at 0x7fad386ef0a0>,21,16,[6 5],22,62,78,40,50
1,<environment.Job instance at 0x7fad386ef500>,22,1,[2 9],23,74,75,51,50
1,<environment.Job instance at 0x7fad37e9d3c0>,13,18,[5 9],14,75,93,61,64
1,<environment.Job instance at 0x7fad3868dc30>,0,14,[3 6],1,1,15,0,1
1,<environment.Job instance at 0x7fad38f74280>,1,1,[8 5],2,2,3,0,2
1,<environment.Job instance at 0x7fad38411960>,2,15,[1 6],3,4,19,1,4
1,<environment.Job instance at 0x7fad379df6e0>,3,2,[5 5],4,15,17,11,4
1,<environment.Job instance at 0x7fad3892dc80>,4,12,[4 6],5,17,29,12,5
1,<environment.Job instance at 0x7fad38411b40>,6,13,[11  1],7,19,32,12,7
1,<environment.Job instance at 0x7fad38a1e910>,10,15,[1 6],11,29,44,18,15
1,<environment.Job instance at 0x7fad38a1e780>,12,18,[5 5],13,32,50,19,21
1,<environment.Job instance at 0x7fad38a1e050>,14,12,[8 4],15,32,44,17,21
1,<environment.Job instance at 0x7fad3798e960>,15,15,[7 4],16,44,59,28,30
1,<environment.Job instance at 0x7fad38a1e640>,16,3,[8 1],17,50,53,33,30
1,<environment.Job instance at 0x7fad38cd3f50>,17,14,[6 2],18,53,67,35,38
1,<environment.Job instance at 0x7fad37af53c0>,7,18,[1 7],8,53,71,45,43
1,<environment.Job instance at 0x7fad418a7960>,9,14,[10  1],10,67,81,57,53
1,<environment.Job instance at 0x7fad38a1ea50>,18,21,[5 8],19,71,92,52,63
1,<environment.Job instance at 0x7fad38298230>,20,12,[8 1],21,81,93,60,64
1,<environment.Job instance at 0x7fad38df84b0>,1,2,[5 1],2,2,4,0,2
1,<environment.Job instance at 0x7fad384b1b90>,2,14,[6 5],3,3,17,0,3
1,<environment.Job instance at 0x7fad379c1370>,3,1,[7 2],4,4,5,0,4
1,<environment.Job instance at 0x7fad38e4f320>,4,15,[10  3],5,17,32,12,5
1,<environment.Job instance at 0x7fad38e61320>,5,20,[4 7],6,6,26,0,6
1,<environment.Job instance at 0x7fad3848a910>,7,13,[9 4],8,32,45,24,16
1,<environment.Job instance at 0x7fad3922b4b0>,10,15,[4 5],11,26,41,15,16
1,<environment.Job instance at 0x7fad3922b640>,8,1,[ 3 10],9,41,42,32,16
1,<environment.Job instance at 0x7fad390afc80>,13,17,[8 5],14,45,62,31,33
1,<environment.Job instance at 0x7fad390af870>,14,3,[6 1],15,42,45,27,33
1,<environment.Job instance at 0x7fad390afeb0>,15,16,[4 5],16,45,61,29,33
1,<environment.Job instance at 0x7fad3916d2d0>,18,16,[ 5 10],19,61,77,42,48
1,<environment.Job instance at 0x7fad41920d70>,19,18,[7 3],20,62,80,42,51
1,<environment.Job instance at 0x7fad38d99780>,20,16,[9 2],21,80,96,59,67
1,<environment.Job instance at 0x7fad382a6be0>,0,1,[5 9],1,1,2,0,1
1,<environment.Job instance at 0x7fad37d81050>,1,3,[8 4],2,2,5,0,2
1,<environment.Job instance at 0x7fad39292c30>,2,3,[5 2],3,3,6,0,3
1,<environment.Job instance at 0x7fad38100820>,3,3,[9 2],4,5,8,1,4
1,<environment.Job instance at 0x7fad38100190>,4,18,[4 7],5,6,24,1,5
1,<environment.Job instance at 0x7fad3890f9b0>,5,12,[5 6],6,8,20,2,6
1,<environment.Job instance at 0x7fad3867c370>,7,13,[8 2],8,20,33,12,8
1,<environment.Job instance at 0x7fad37e341e0>,9,3,[7 4],10,24,27,14,10
1,<environment.Job instance at 0x7fad37e34be0>,10,2,[4 9],11,27,29,16,13
1,<environment.Job instance at 0x7fad37e34dc0>,12,17,[1 6],13,29,46,16,17
1,<environment.Job instance at 0x7fad37ba1460>,17,3,[6 4],18,29,32,11,21
1,<environment.Job instance at 0x7fad37de7dc0>,18,15,[3 6],19,32,47,13,21
1,<environment.Job instance at 0x7fad37de7230>,15,13,[ 1 12],16,47,60,31,33
1,<environment.Job instance at 0x7fad37e34460>,14,1,[1 9],15,46,47,31,33
1,<environment.Job instance at 0x7fad386cd690>,21,2,[2 6],22,60,62,38,35
1,<environment.Job instance at 0x7fad386cd1e0>,22,3,[9 1],23,37,40,14,37
1,<environment.Job instance at 0x7fad38d99780>,6,17,[5 5],7,60,77,53,48
1,<environment.Job instance at 0x7fad38f0e870>,24,17,[6 5],25,62,79,37,60
1,<environment.Job instance at 0x7fad37e34910>,13,16,[4 9],14,77,93,63,69
1,<environment.Job instance at 0x7fad37b0da50>,1,13,[5 8],2,2,15,0,2
1,<environment.Job instance at 0x7fad37b0d6e0>,2,18,[9 4],3,3,21,0,3
1,<environment.Job instance at 0x7fad37b0d690>,3,18,[ 4 10],4,15,33,11,4
1,<environment.Job instance at 0x7fad37b0dbe0>,5,1,[10  1],6,21,22,15,6
1,<environment.Job instance at 0x7fad37b0d3c0>,6,12,[6 3],7,22,34,15,7
1,<environment.Job instance at 0x7fad37b45780>,10,1,[4 8],11,33,34,22,11
1,<environment.Job instance at 0x7fad37b0dfa0>,9,2,[13  5],10,34,36,24,22
1,<environment.Job instance at 0x7fad37b0dcd0>,8,17,[5 7],9,36,53,27,24
1,<environment.Job instance at 0x7fad37b45640>,12,3,[5 2],13,24,27,11,24
1,<environment.Job instance at 0x7fad37b459b0>,16,18,[9 4],17,36,54,19,25
1,<environment.Job instance at 0x7fad37b45e10>,19,16,[2 8],20,53,69,33,40
1,<environment.Job instance at 0x7fad37b45690>,22,18,[5 1],23,54,72,31,46
1,<environment.Job instance at 0x7fad37b455a0>,15,16,[4 6],16,54,70,38,46
1,<environment.Job instance at 0x7fad37b45af0>,25,17,[7 4],26,70,87,44,58
1,<environment.Job instance at 0x7fad37b45820>,11,16,[ 4 10],12,72,88,60,61
1,<environment.Job instance at 0x7fad387a17d0>,0,3,[7 3],1,1,4,0,1
1,<environment.Job instance at 0x7fad387a1280>,1,13,[ 3 10],2,2,15,0,2
1,<environment.Job instance at 0x7fad3900e5f0>,3,13,[1 7],4,15,28,11,4
1,<environment.Job instance at 0x7fad387a1af0>,2,18,[5 8],3,15,33,12,4
1,<environment.Job instance at 0x7fad387a1a50>,4,3,[3 5],5,5,8,0,5
1,<environment.Job instance at 0x7fad387a1690>,6,16,[6 1],7,28,44,21,15
1,<environment.Job instance at 0x7fad387a1050>,10,16,[5 9],11,33,49,22,20
1,<environment.Job instance at 0x7fad387a1500>,11,15,[9 5],12,44,59,32,30
1,<environment.Job instance at 0x7fad387a1140>,12,14,[9 1],13,59,73,46,44
1,<environment.Job instance at 0x7fad387a1d70>,9,2,[3 6],10,49,51,39,46
1,<environment.Job instance at 0x7fad387a1320>,15,3,[11  2],16,73,76,57,47
1,<environment.Job instance at 0x7fad37ebe460>,19,16,[ 4 10],20,51,67,31,47
1,<environment.Job instance at 0x7fad387a1780>,17,12,[5 4],18,76,88,58,59
1,<environment.Job instance at 0x7fad37ebe410>,20,18,[5 8],21,76,94,55,65
1,<environment.Job instance at 0x7fad38c45550>,0,13,[11  4],1,1,14,0,1
1,<environment.Job instance at 0x7fad38c45fa0>,1,12,[ 1 13],2,14,26,12,2
1,<environment.Job instance at 0x7fad37b60190>,2,3,[10  5],3,26,29,23,3
1,<environment.Job instance at 0x7fad38b69910>,4,14,[10  4],5,29,43,24,14
1,<environment.Job instance at 0x7fad38b78320>,11,2,[5 5],12,26,28,14,14
1,<environment.Job instance at 0x7fad38b78b90>,13,2,[8 4],14,43,45,29,16
1,<environment.Job instance at 0x7fad38b78640>,14,1,[10  4],15,45,46,30,17
1,<environment.Job instance at 0x7fad38b78780>,15,12,[5 9],16,28,40,12,17
1,<environment.Job instance at 0x7fad37d683c0>,16,12,[6 4],17,46,58,29,29
1,<environment.Job instance at 0x7fad38b7b280>,6,12,[9 4],7,46,58,39,30
1,<environment.Job instance at 0x7fad38b78910>,9,21,[1 7],10,58,79,48,50
1,<environment.Job instance at 0x7fad37d685f0>,19,17,[9 2],20,58,75,38,50
1,<environment.Job instance at 0x7fad37d68730>,22,15,[2 9],23,79,94,56,65
1,<environment.Job instance at 0x7fad37d68a50>,27,16,[3 5],28,65,81,37,65
1,<environment.Job instance at 0x7fad37d68dc0>,29,3,[2 6],30,81,84,51,65
1,<environment.Job instance at 0x7fad37d68e10>,30,13,[6 4],31,84,97,53,68
1,<environment.Job instance at 0x7fad38c45aa0>,1,14,[9 5],2,2,16,0,2
1,<environment.Job instance at 0x7fad37d68f50>,2,15,[7 3],3,16,31,13,3
1,<environment.Job instance at 0x7fad41899730>,3,1,[ 4 13],4,31,32,27,4
1,<environment.Job instance at 0x7fad38bad9b0>,5,3,[ 4 11],6,16,19,10,6
1,<environment.Job instance at 0x7fad393308c0>,7,3,[2 8],8,8,11,0,8
1,<environment.Job instance at 0x7fad39330500>,8,13,[3 7],9,32,45,23,16
1,<environment.Job instance at 0x7fad39330b40>,11,13,[9 4],12,32,45,20,16
1,<environment.Job instance at 0x7fad38f00be0>,12,16,[1 7],13,45,61,32,32
1,<environment.Job instance at 0x7fad38f005f0>,13,13,[3 7],14,45,58,31,32
1,<environment.Job instance at 0x7fad38f00320>,14,15,[6 4],15,58,73,43,44
1,<environment.Job instance at 0x7fad38f00aa0>,17,16,[7 2],18,58,74,40,45
1,<environment.Job instance at 0x7fad39330870>,10,1,[2 6],11,61,62,50,46
1,<environment.Job instance at 0x7fad3899f370>,23,2,[2 7],24,62,64,38,46
1,<environment.Job instance at 0x7fad3899f730>,24,1,[9 2],25,74,75,49,46
1,<environment.Job instance at 0x7fad37f00820>,25,3,[9 1],26,46,49,20,46
1,<environment.Job instance at 0x7fad3899f500>,22,14,[9 3],23,75,89,52,60
1,<environment.Job instance at 0x7fad38f724b0>,0,18,[5 4],1,1,19,0,1
1,<environment.Job instance at 0x7fad37f00500>,1,1,[4 7],2,3,4,1,3
1,<environment.Job instance at 0x7fad38b56640>,3,3,[1 8],4,4,7,0,4
1,<environment.Job instance at 0x7fad37f00e60>,2,19,[6 2],3,4,23,1,4
1,<environment.Job instance at 0x7fad38f725f0>,5,3,[14  4],6,23,26,17,9
1,<environment.Job instance at 0x7fad386008c0>,11,2,[11  4],12,26,28,14,12
1,<environment.Job instance at 0x7fad38600eb0>,12,2,[6 3],13,19,21,6,13
1,<environment.Job instance at 0x7fad38600190>,8,18,[ 4 10],9,26,44,17,15
1,<environment.Job instance at 0x7fad38600cd0>,14,16,[9 2],15,28,44,13,15
1,<environment.Job instance at 0x7fad39182780>,4,1,[1 7],5,15,16,10,15
1,<environment.Job instance at 0x7fad384219b0>,15,3,[3 9],16,16,19,0,16
1,<environment.Job instance at 0x7fad38421a50>,17,18,[5 5],18,44,62,26,33
1,<environment.Job instance at 0x7fad37a96500>,23,18,[4 5],24,44,62,20,33
1,<environment.Job instance at 0x7fad3807de10>,24,15,[3 5],25,44,59,19,33
1,<environment.Job instance at 0x7fad37a96460>,25,18,[5 8],26,62,80,36,51
1,<environment.Job instance at 0x7fad38600a00>,10,14,[2 6],11,62,76,51,52
1,<environment.Job instance at 0x7fad37dfd870>,27,1,[9 1],28,76,77,48,52
1,<environment.Job instance at 0x7fad418bf9b0>,28,2,[11  2],29,80,82,51,53
1,<environment.Job instance at 0x7fad418bf8c0>,26,18,[3 9],27,80,98,53,69
1,<environment.Job instance at 0x7fad38793230>,31,16,[6 5],32,82,98,50,69
1,<environment.Job instance at 0x7fad3852eeb0>,0,1,[4 8],1,2,3,1,2
1,<environment.Job instance at 0x7fad37c15af0>,1,13,[9 1],2,2,15,0,2
1,<environment.Job instance at 0x7fad37a389b0>,2,3,[5 8],3,3,6,0,3
1,<environment.Job instance at 0x7fad41ed1dc0>,4,15,[10  2],5,15,30,10,5
1,<environment.Job instance at 0x7fad38019eb0>,6,12,[3 5],7,7,19,0,7
1,<environment.Job instance at 0x7fad380197d0>,7,3,[8 3],8,30,33,22,8
1,<environment.Job instance at 0x7fad37f45960>,10,2,[9 4],11,33,35,22,11
1,<environment.Job instance at 0x7fad3801ae60>,9,1,[7 3],10,30,31,20,11
1,<environment.Job instance at 0x7fad3801a410>,15,14,[6 3],16,31,45,15,16
1,<environment.Job instance at 0x7fad38016f50>,16,2,[ 5 12],17,19,21,2,17
1,<environment.Job instance at 0x7fad38016d70>,14,14,[5 9],15,35,49,20,22
1,<environment.Job instance at 0x7fad380163c0>,21,14,[1 5],22,45,59,23,30
1,<environment.Job instance at 0x7fad38016b90>,22,17,[5 1],23,45,62,22,33
1,<environment.Job instance at 0x7fad38139190>,25,12,[8 3],26,49,61,23,33
1,<environment.Job instance at 0x7fad37f73a00>,26,18,[ 2 10],27,59,77,32,48
1,<environment.Job instance at 0x7fad37f73aa0>,27,17,[5 5],28,62,79,34,51
1,<environment.Job instance at 0x7fad3828f460>,28,14,[9 5],29,77,91,48,64
1,<environment.Job instance at 0x7fad386ddf50>,0,18,[4 5],1,1,19,0,1
1,<environment.Job instance at 0x7fad386ddeb0>,1,18,[4 9],2,2,20,0,2
1,<environment.Job instance at 0x7fad383965a0>,3,13,[9 3],4,19,32,15,4
1,<environment.Job instance at 0x7fad38b4e0f0>,2,3,[1 7],3,20,23,17,5
1,<environment.Job instance at 0x7fad3796b690>,6,14,[5 4],7,20,34,13,7
1,<environment.Job instance at 0x7fad37a939b0>,9,3,[6 1],10,10,13,0,10
1,<environment.Job instance at 0x7fad37ebef00>,11,2,[7 1],12,14,16,2,14
1,<environment.Job instance at 0x7fad38cddeb0>,12,3,[6 1],13,32,35,19,17
1,<environment.Job instance at 0x7fad38cdd6e0>,13,23,[1 7],14,23,46,9,17
1,<environment.Job instance at 0x7fad3852e2d0>,8,12,[1 9],9,46,58,37,33
1,<environment.Job instance at 0x7fad38efbaf0>,16,1,[6 4],17,34,35,17,33
1,<environment.Job instance at 0x7fad38efbbe0>,17,2,[3 8],18,35,37,17,33
1,<environment.Job instance at 0x7fad37e705f0>,18,13,[14  3],19,37,50,18,33
1,<environment.Job instance at 0x7fad388f90f0>,19,17,[9 1],20,50,67,30,40
1,<environment.Job instance at 0x7fad37e5c5a0>,20,16,[4 8],21,58,74,37,46
1,<environment.Job instance at 0x7fad388f9af0>,21,3,[1 8],22,74,77,52,48
1,<environment.Job instance at 0x7fad38cdda50>,15,18,[ 2 10],16,77,95,61,66
1,<environment.Job instance at 0x7fad41919cd0>,0,18,[3 6],1,1,19,0,1
1,<environment.Job instance at 0x7fad37c5acd0>,2,16,[1 9],3,3,19,0,3
1,<environment.Job instance at 0x7fad41919820>,3,13,[6 4],4,19,32,15,4
1,<environment.Job instance at 0x7fad41919e10>,1,2,[4 9],2,19,21,17,5
1,<environment.Job instance at 0x7fad37e6a960>,5,3,[3 8],6,21,24,15,7
1,<environment.Job instance at 0x7fad37e6a460>,9,12,[4 8],10,24,36,14,10
1,<environment.Job instance at 0x7fad37e6a5a0>,8,1,[8 3],9,32,33,23,13
1,<environment.Job instance at 0x7fad37e6a690>,11,2,[5 4],12,33,35,21,13
1,<environment.Job instance at 0x7fad419199b0>,6,16,[2 7],7,35,51,28,22
1,<environment.Job instance at 0x7fad390d4dc0>,14,17,[10  5],15,36,53,21,24
1,<environment.Job instance at 0x7fad390d47d0>,15,15,[1 6],16,51,66,35,37
1,<environment.Job instance at 0x7fad390d4b40>,18,13,[3 6],19,53,66,34,37
1,<environment.Job instance at 0x7fad381c95f0>,20,14,[3 5],21,66,80,45,51
1,<environment.Job instance at 0x7fad38efbb90>,24,12,[7 2],25,53,65,28,51
1,<environment.Job instance at 0x7fad390d4370>,10,14,[1 9],11,66,80,55,54
1,<environment.Job instance at 0x7fad4190e730>,26,12,[5 6],27,80,92,53,63
1,<environment.Job instance at 0x7fad4190ef00>,27,1,[ 5 10],28,92,93,64,64
1,<environment.Job instance at 0x7fad37af20a0>,28,12,[6 1],29,65,77,36,64
1,<environment.Job instance at 0x7fad385b5500>,29,2,[1 9],30,80,82,50,64
1,<environment.Job instance at 0x7fad37e6ad20>,4,12,[10  3],5,82,94,77,67
1,<environment.Job instance at 0x7fad38dfd690>,31,2,[10  4],32,94,96,62,67
1,<environment.Job instance at 0x7fad38dfd3c0>,2,15,[ 2 10],3,3,18,0,3
1,<environment.Job instance at 0x7fad37dc2fa0>,3,18,[6 3],4,4,22,0,4
1,<environment.Job instance at 0x7fad37dc29b0>,7,18,[6 4],8,18,36,10,8
1,<environment.Job instance at 0x7fad39135500>,13,12,[4 8],14,22,34,8,15
1,<environment.Job instance at 0x7fad39135a00>,14,2,[10  3],15,36,38,21,17
1,<environment.Job instance at 0x7fad37ee9d70>,17,2,[5 5],18,34,36,16,18
1,<environment.Job instance at 0x7fad37ee95f0>,16,15,[4 7],17,36,51,19,22
1,<environment.Job instance at 0x7fad37dc2910>,9,15,[9 3],10,38,53,28,24
1,<environment.Job instance at 0x7fad37b64500>,29,13,[4 5],30,51,64,21,35
1,<environment.Job instance at 0x7fad37ee9640>,25,13,[3 7],26,53,66,27,38
1,<environment.Job instance at 0x7fad37ee9c80>,30,17,[5 9],31,66,83,35,54
1,<environment.Job instance at 0x7fad37b64960>,34,14,[9 5],35,64,78,29,54
1,<environment.Job instance at 0x7f6b5c577230>,0,13,[9 3],1,1,14,0,1
1,<environment.Job instance at 0x7f6b5c577320>,2,22,[4 8],3,3,25,0,3
1,<environment.Job instance at 0x7f6b52dff4b0>,3,3,[4 8],4,25,28,21,4
1,<environment.Job instance at 0x7f6b52dff690>,4,14,[1 6],5,14,28,9,5
1,<environment.Job instance at 0x7f6b52dff780>,5,2,[1 5],6,28,30,22,6
1,<environment.Job instance at 0x7f6b52dff870>,6,20,[6 1],7,14,34,7,7
1,<environment.Job instance at 0x7f6b52dffa00>,11,15,[4 8],12,28,43,16,14
1,<environment.Job instance at 0x7f6b52dffaa0>,10,12,[3 7],11,34,46,23,17
1,<environment.Job instance at 0x7f6b52dfff00>,14,13,[7 3],15,43,56,28,27
1,<environment.Job instance at 0x7f6b52dfffa0>,15,18,[2 8],16,46,64,30,35
1,<environment.Job instance at 0x7f6b52dffe60>,16,16,[3 5],17,56,72,39,43
1,<environment.Job instance at 0x7f6b52e01230>,17,3,[4 9],18,64,67,46,43
1,<environment.Job instance at 0x7f6b52dffd20>,18,3,[4 7],19,67,70,48,43
1,<environment.Job instance at 0x7f6b52e01140>,19,14,[3 5],20,70,84,50,55
1,<environment.Job instance at 0x7f6b52e012d0>,20,1,[7 5],21,70,71,49,55
1,<environment.Job instance at 0x7f6b52e01370>,21,1,[6 5],22,71,72,49,55
1,<environment.Job instance at 0x7f6b52e01410>,22,1,[2 7],23,72,73,49,56
1,<environment.Job instance at 0x7f6b52dffe10>,13,18,[ 4 10],14,73,91,59,67
1,<environment.Job instance at 0x7f6b53243320>,0,14,[2 6],1,1,15,0,1
1,<environment.Job instance at 0x7f6b532435a0>,1,15,[5 9],2,2,17,0,2
1,<environment.Job instance at 0x7f6b532435f0>,4,18,[3 7],5,17,35,12,6
1,<environment.Job instance at 0x7f6b53243b90>,6,18,[9 2],7,15,33,8,7
1,<environment.Job instance at 0x7f6b532a1a00>,9,14,[5 3],10,33,47,23,18
1,<environment.Job instance at 0x7f6b532a19b0>,12,20,[1 5],13,18,38,5,18
1,<environment.Job instance at 0x7f6b53243c80>,10,2,[9 3],11,35,37,24,20
1,<environment.Job instance at 0x7f6b532a1b90>,16,2,[1 8],17,38,40,21,22
1,<environment.Job instance at 0x7f6b532a11e0>,15,15,[5 7],16,40,55,24,26
1,<environment.Job instance at 0x7f6b532a1f00>,20,18,[2 7],21,47,65,26,36
1,<environment.Job instance at 0x7f6b532a1320>,21,18,[ 1 10],22,65,83,43,54
1,<environment.Job instance at 0x7f6b532a1820>,22,16,[3 9],23,83,99,60,70
1,<environment.Job instance at 0x7f6b532a1c80>,23,16,[1 6],24,83,99,59,70
1,<environment.Job instance at 0x7f6b52531a50>,1,15,[1 7],2,2,17,0,2
1,<environment.Job instance at 0x7f6b525316e0>,0,3,[13  3],1,3,6,2,3
1,<environment.Job instance at 0x7f6b52531d70>,2,3,[3 7],3,6,9,3,3
1,<environment.Job instance at 0x7f6b52531cd0>,3,15,[5 2],4,9,24,5,4
1,<environment.Job instance at 0x7f6b524fae10>,4,3,[6 4],5,9,12,4,5
1,<environment.Job instance at 0x7f6b524faaa0>,6,2,[8 1],7,7,9,0,7
1,<environment.Job instance at 0x7f6b524fa910>,7,2,[10  2],8,17,19,9,8
1,<environment.Job instance at 0x7f6b524fa4b0>,9,14,[3 6],10,19,33,9,10
1,<environment.Job instance at 0x7f6b524fa1e0>,10,2,[9 5],11,12,14,1,11
1,<environment.Job instance at 0x7f6b524fa230>,11,2,[5 5],12,14,16,2,12
1,<environment.Job instance at 0x7f6b524fa3c0>,12,1,[6 4],13,16,17,3,13
1,<environment.Job instance at 0x7f6b524fa640>,13,18,[6 5],14,19,37,5,14
1,<environment.Job instance at 0x7f6b524fa2d0>,8,19,[6 4],9,24,43,15,14
1,<environment.Job instance at 0x7f6b524fa6e0>,15,16,[ 2 10],16,37,53,21,24
1,<environment.Job instance at 0x7f6b524fa500>,19,14,[2 6],20,53,67,33,38
1,<environment.Job instance at 0x7f6b5249fdc0>,21,13,[8 5],22,43,56,21,38
1,<environment.Job instance at 0x7f6b5249f410>,22,14,[2 9],23,56,70,33,41
1,<environment.Job instance at 0x7f6b5249fb40>,28,21,[9 4],29,67,88,38,59
1,<environment.Job instance at 0x7f6b5249f050>,29,12,[9 3],30,88,100,58,71
1,<environment.Job instance at 0x7f6b524df0a0>,1,2,[9 5],2,2,4,0,2
1,<environment.Job instance at 0x7f6b5249faa0>,2,2,[9 3],3,4,6,1,3
1,<environment.Job instance at 0x7f6b52edb0f0>,3,24,[7 4],4,6,30,2,4
1,<environment.Job instance at 0x7f6b52edb820>,4,16,[7 5],5,6,22,1,5
1,<environment.Job instance at 0x7f6b52edbfa0>,5,3,[12  3],6,30,33,24,6
1,<environment.Job instance at 0x7f6b52edb1e0>,13,12,[9 1],14,33,45,19,17
1,<environment.Job instance at 0x7f6b52edbd20>,14,14,[5 5],15,33,47,18,21
1,<environment.Job instance at 0x7f6b52edb870>,17,17,[5 2],18,45,62,27,33
1,<environment.Job instance at 0x7f6b52f9fa50>,24,12,[7 2],25,47,59,22,33
1,<environment.Job instance at 0x7f6b52f9f730>,27,13,[9 2],28,59,72,31,43
1,<environment.Job instance at 0x7f6b52f9fbe0>,28,15,[3 6],29,62,77,33,49
1,<environment.Job instance at 0x7f6b52f9fb90>,30,17,[2 6],31,62,79,31,50
1,<environment.Job instance at 0x7f6b52f9fd70>,31,15,[8 4],32,77,92,45,63
1,<environment.Job instance at 0x7f6b52edbe10>,6,16,[7 4],7,79,95,72,67
1,<environment.Job instance at 0x7f6b5c042410>,38,13,[5 1],39,92,105,53,76
1,<environment.Job instance at 0x7f6b5c042690>,39,2,[10  2],40,95,97,55,76
1,<environment.Job instance at 0x7f6b5c0425a0>,40,2,[ 5 10],41,97,99,56,76
1,<environment.Job instance at 0x7f6b538f4cd0>,0,12,[9 2],1,1,13,0,1
1,<environment.Job instance at 0x7f6b5c0420f0>,1,2,[1 7],2,2,4,0,2
1,<environment.Job instance at 0x7f6b538f4dc0>,2,3,[ 3 11],3,4,7,1,3
1,<environment.Job instance at 0x7f6b538f4c80>,3,3,[2 5],4,7,10,3,4
1,<environment.Job instance at 0x7f6b538f4e60>,4,12,[5 9],5,10,22,5,5
1,<environment.Job instance at 0x7f6b5c0425a0>,6,15,[2 7],7,22,37,15,8
1,<environment.Job instance at 0x7f6b538f4f50>,5,12,[2 6],6,13,25,7,8
1,<environment.Job instance at 0x7f6b536006e0>,16,16,[ 5 10],17,37,53,20,24
1,<environment.Job instance at 0x7f6b53600960>,19,13,[4 6],20,53,66,33,37
1,<environment.Job instance at 0x7f6b53600820>,20,15,[7 1],21,37,52,16,37
1,<environment.Job instance at 0x7f6b53600280>,21,17,[10  3],22,52,69,30,40
1,<environment.Job instance at 0x7f6b536004b0>,22,13,[1 6],23,53,66,30,40
1,<environment.Job instance at 0x7f6b53559a00>,24,14,[1 5],25,66,80,41,51
1,<environment.Job instance at 0x7f6b53559b90>,29,16,[5 4],30,69,85,39,56
1,<environment.Job instance at 0x7f6b5357be60>,30,14,[8 3],31,69,83,38,56
1,<environment.Job instance at 0x7f6b5357b4b0>,32,12,[8 1],33,83,95,50,66
1,<environment.Job instance at 0x7f6b5357b9b0>,34,18,[3 6],35,85,103,50,74
1,<environment.Job instance at 0x7f6b524d0230>,0,2,[10  2],1,1,3,0,1
1,<environment.Job instance at 0x7f6b524d0c80>,2,19,[8 2],3,3,22,0,3
1,<environment.Job instance at 0x7f6b52c9d640>,1,17,[2 6],2,3,20,1,3
1,<environment.Job instance at 0x7f6b52c9d910>,3,2,[ 2 14],4,22,24,18,4
1,<environment.Job instance at 0x7f6b52c9df50>,5,3,[2 5],6,6,9,0,6
1,<environment.Job instance at 0x7f6b52c9ddc0>,6,2,[11  3],7,24,26,17,7
1,<environment.Job instance at 0x7f6b52c9d140>,8,14,[ 2 10],9,24,38,15,9
1,<environment.Job instance at 0x7f6b52c9dc30>,10,18,[3 5],11,26,44,15,15
1,<environment.Job instance at 0x7f6b52c9d0f0>,12,2,[12  5],13,38,40,25,22
1,<environment.Job instance at 0x7f6b524e4c30>,15,13,[ 1 10],16,40,53,24,25
1,<environment.Job instance at 0x7f6b524e4e60>,17,2,[6 4],18,44,46,26,25
1,<environment.Job instance at 0x7f6b524e4fa0>,16,3,[8 1],17,44,47,27,26
1,<environment.Job instance at 0x7f6b524e43c0>,18,14,[4 6],19,53,67,34,38
1,<environment.Job instance at 0x7f6b524e4550>,20,13,[5 6],21,53,66,32,38
1,<environment.Job instance at 0x7f6b524e4370>,21,12,[5 5],22,66,78,44,49
1,<environment.Job instance at 0x7f6b524e4c80>,22,12,[5 5],23,67,79,44,50
1,<environment.Job instance at 0x7f6b52c9d960>,11,3,[7 3],12,78,81,66,52
1,<environment.Job instance at 0x7f6b524e4910>,24,2,[2 5],25,67,69,42,59
1,<environment.Job instance at 0x7f6b524e40f0>,23,13,[4 9],24,79,92,55,63
1,<environment.Job instance at 0x7f6b5278c370>,30,16,[10  2],31,81,97,50,68
1,<environment.Job instance at 0x7f6b5278cf50>,31,13,[4 5],32,92,105,60,76
1,<environment.Job instance at 0x7f6b524e9230>,1,13,[5 5],2,2,15,0,2
1,<environment.Job instance at 0x7f6b5251be10>,0,19,[6 3],1,2,21,1,2
1,<environment.Job instance at 0x7f6b5278c2d0>,3,12,[1 8],4,15,27,11,4
1,<environment.Job instance at 0x7f6b5278ceb0>,2,2,[9 3],3,21,23,18,4
1,<environment.Job instance at 0x7f6b524655a0>,5,3,[1 5],6,6,9,0,6
1,<environment.Job instance at 0x7f6b52465730>,7,13,[6 4],8,23,36,15,8
1,<environment.Job instance at 0x7f6b52465690>,11,18,[2 9],12,27,45,15,16
1,<environment.Job instance at 0x7f6b52465b90>,13,13,[6 5],14,36,49,22,20
1,<environment.Job instance at 0x7f6b52465e60>,17,18,[5 1],18,20,38,2,20
1,<environment.Job instance at 0x7f6b52465a50>,19,15,[9 5],20,45,60,25,31
1,<environment.Job instance at 0x7f6b52465fa0>,21,13,[5 3],22,49,62,27,33
1,<environment.Job instance at 0x7f6b524602d0>,22,15,[5 1],23,60,75,37,46
1,<environment.Job instance at 0x7f6b524659b0>,10,19,[1 5],11,49,68,38,47
1,<environment.Job instance at 0x7f6b52460410>,24,12,[6 4],25,62,74,37,47
1,<environment.Job instance at 0x7f6b524604b0>,25,21,[2 5],26,60,81,34,54
1,<environment.Job instance at 0x7f6b52460550>,26,1,[7 2],27,74,75,47,54
1,<environment.Job instance at 0x7f6b524605f0>,27,2,[2 6],28,75,77,47,54
1,<environment.Job instance at 0x7f6b52460690>,28,14,[5 9],29,77,91,48,62
1,<environment.Job instance at 0x7f6b52460730>,29,19,[9 1],30,81,100,51,71
1,<environment.Job instance at 0x7f6b524607d0>,30,12,[2 5],31,91,103,60,74
1,<environment.Job instance at 0x7f6b52860fa0>,0,14,[3 6],1,1,15,0,1
1,<environment.Job instance at 0x7f6b528600a0>,1,1,[8 5],2,3,4,1,3
1,<environment.Job instance at 0x7f6b524607d0>,2,15,[1 6],3,4,19,1,3
1,<environment.Job instance at 0x7f6b52d75a00>,3,2,[5 5],4,15,17,11,4
1,<environment.Job instance at 0x7f6b52707d20>,4,12,[4 6],5,17,29,12,5
1,<environment.Job instance at 0x7f6b527070f0>,6,13,[11  1],7,19,32,12,7
1,<environment.Job instance at 0x7f6b52707aa0>,9,14,[10  1],10,32,46,22,17
1,<environment.Job instance at 0x7f6b52a4bb90>,12,18,[5 5],13,32,50,19,21
1,<environment.Job instance at 0x7f6b52a4b910>,13,2,[10  5],14,46,48,32,21
1,<environment.Job instance at 0x7f6b52a4b190>,14,12,[8 4],15,48,60,33,31
1,<environment.Job instance at 0x7f6b52a4b7d0>,15,15,[7 4],16,50,65,34,36
1,<environment.Job instance at 0x7f6b52a4b870>,16,3,[8 1],17,60,63,43,36
1,<environment.Job instance at 0x7f6b52a4bdc0>,17,14,[6 2],18,63,77,45,48
1,<environment.Job instance at 0x7f6b527075a0>,10,15,[1 6],11,63,78,52,49
1,<environment.Job instance at 0x7f6b52a4b050>,19,17,[7 2],20,65,82,45,53
1,<environment.Job instance at 0x7f6b52a4b780>,20,12,[8 1],21,78,90,57,61
1,<environment.Job instance at 0x7f6b52a4b500>,18,21,[5 8],19,82,103,63,74
1,<environment.Job instance at 0x7f6b531f5820>,22,18,[5 1],23,90,108,67,79
1,<environment.Job instance at 0x7f6b5206edc0>,0,15,[4 5],1,1,16,0,1
1,<environment.Job instance at 0x7f6b530884b0>,1,27,[5 1],2,2,29,0,2
1,<environment.Job instance at 0x7f6b5206ed70>,3,17,[8 5],4,16,33,12,4
1,<environment.Job instance at 0x7f6b53088d70>,4,3,[6 1],5,5,8,0,5
1,<environment.Job instance at 0x7f6b53088870>,2,21,[1 6],3,8,29,5,8
1,<environment.Job instance at 0x7f6b5260ec30>,9,18,[7 3],10,29,47,19,18
1,<environment.Job instance at 0x7f6b530882d0>,5,16,[4 5],6,33,49,27,23
1,<environment.Job instance at 0x7f6b5260e5a0>,12,2,[5 8],13,47,49,34,23
1,<environment.Job instance at 0x7f6b5260e1e0>,13,12,[4 6],14,33,45,19,23
1,<environment.Job instance at 0x7f6b5260e320>,14,3,[6 4],15,49,52,34,23
1,<environment.Job instance at 0x7f6b5260e6e0>,15,13,[2 6],16,49,62,33,34
1,<environment.Job instance at 0x7f6b521a1e10>,17,1,[3 6],18,45,46,27,34
1,<environment.Job instance at 0x7f6b5342b0a0>,18,3,[8 2],19,52,55,33,34
1,<environment.Job instance at 0x7f6b5342b500>,19,3,[ 5 10],20,62,65,42,36
1,<environment.Job instance at 0x7f6b5342b370>,20,1,[4 6],21,46,47,25,36
1,<environment.Job instance at 0x7f6b5342b460>,21,1,[4 6],22,52,53,30,36
1,<environment.Job instance at 0x7f6b5260e0f0>,10,16,[9 2],11,55,71,44,45
1,<environment.Job instance at 0x7f6b5260e410>,8,16,[ 5 10],9,65,81,56,52
1,<environment.Job instance at 0x7f6b5342bf00>,24,2,[ 2 10],25,81,83,56,54
1,<environment.Job instance at 0x7f6b531c8960>,25,1,[9 5],26,71,72,45,54
1,<environment.Job instance at 0x7f6b531c8140>,26,1,[2 6],27,54,55,27,54
1,<environment.Job instance at 0x7f6b531c8dc0>,27,17,[5 2],28,72,89,44,60
1,<environment.Job instance at 0x7f6b531c83c0>,28,18,[1 9],29,83,101,54,73
1,<environment.Job instance at 0x7f6b531c8f50>,29,15,[6 3],30,81,96,51,73
1,<environment.Job instance at 0x7f6b5353b7d0>,0,28,[5 6],1,1,29,0,1
1,<environment.Job instance at 0x7f6b5353b4b0>,1,2,[2 6],2,2,4,0,2
1,<environment.Job instance at 0x7f6b52d017d0>,2,3,[9 1],3,4,7,1,3
1,<environment.Job instance at 0x7f6b531c8f50>,4,17,[6 5],5,7,24,2,5
1,<environment.Job instance at 0x7f6b520a12d0>,9,15,[5 2],10,24,39,14,10
1,<environment.Job instance at 0x7f6b52ce41e0>,8,1,[6 1],9,29,30,20,11
1,<environment.Job instance at 0x7f6b52cfe410>,11,14,[7 1],12,30,44,18,15
1,<environment.Job instance at 0x7f6b526117d0>,7,16,[ 5 10],8,39,55,31,26
1,<environment.Job instance at 0x7f6b52cfe5f0>,13,3,[5 8],14,55,58,41,29
1,<environment.Job instance at 0x7f6b53791af0>,15,3,[1 5],16,29,32,13,29
1,<environment.Job instance at 0x7f6b537910f0>,16,15,[9 5],17,44,59,27,30
1,<environment.Job instance at 0x7f6b5382aa50>,17,14,[4 7],18,58,72,40,43
1,<environment.Job instance at 0x7f6b538c1640>,20,16,[5 1],21,59,75,38,46
1,<environment.Job instance at 0x7f6b5298a4b0>,21,16,[ 2 10],22,72,88,50,59
1,<environment.Job instance at 0x7f6b52ce39b0>,22,17,[4 5],23,75,92,52,63
1,<environment.Job instance at 0x7f6b52ce33c0>,23,18,[ 1 10],24,88,106,64,77
1,<environment.Job instance at 0x7f6b52d6bc80>,25,12,[8 1],26,92,104,66,77
1,<environment.Job instance at 0x7f6b52e0d550>,0,2,[2 7],1,1,3,0,1
1,<environment.Job instance at 0x7f6b52ebbd20>,1,1,[10  4],2,2,3,0,2
1,<environment.Job instance at 0x7f6b527834b0>,2,3,[3 8],3,3,6,0,3
1,<environment.Job instance at 0x7f6b52554050>,4,17,[3 6],5,5,22,0,5
1,<environment.Job instance at 0x7f6b52c3c2d0>,7,16,[1 5],8,8,24,0,8
1,<environment.Job instance at 0x7f6b52c3cd70>,10,13,[9 3],11,11,24,0,11
1,<environment.Job instance at 0x7f6b52c3c050>,11,16,[2 7],12,22,38,10,12
1,<environment.Job instance at 0x7f6b527d5af0>,12,15,[3 8],13,24,39,11,13
1,<environment.Job instance at 0x7f6b53528280>,16,2,[7 3],17,38,40,21,17
1,<environment.Job instance at 0x7f6b52c3cc30>,14,13,[5 4],15,38,51,23,23
1,<environment.Job instance at 0x7f6b53528550>,13,13,[6 5],14,40,53,26,24
1,<environment.Job instance at 0x7f6b5bfbcf50>,21,3,[ 4 12],22,53,56,31,27
1,<environment.Job instance at 0x7f6b5bfbcd20>,22,17,[1 7],23,56,73,33,44
1,<environment.Job instance at 0x7f6b5bfbc280>,23,17,[6 4],24,56,73,32,44
1,<environment.Job instance at 0x7f6b5bfbc640>,24,1,[8 1],25,51,52,26,44
1,<environment.Job instance at 0x7f6b53479f50>,20,16,[2 8],21,73,89,52,60
1,<environment.Job instance at 0x7f6b533dc370>,28,14,[5 4],29,60,74,31,60
1,<environment.Job instance at 0x7f6b533dc140>,25,16,[1 6],26,74,90,48,62
1,<environment.Job instance at 0x7f6b5352e730>,32,2,[5 7],33,89,91,56,62
1,<environment.Job instance at 0x7f6b5352e410>,33,12,[4 9],34,91,103,57,74
1,<environment.Job instance at 0x7f6b5352ea50>,31,18,[9 3],32,90,108,58,79
1,<environment.Job instance at 0x7f6b52ccc960>,2,13,[6 5],3,3,16,0,3
1,<environment.Job instance at 0x7f6b52ccc0a0>,3,16,[ 4 10],4,4,20,0,4
1,<environment.Job instance at 0x7f6b52cccc30>,5,13,[4 7],6,20,33,14,9
1,<environment.Job instance at 0x7f6b52ca4460>,7,15,[6 1],8,16,31,8,9
1,<environment.Job instance at 0x7f6b52ca4aa0>,9,1,[9 4],10,31,32,21,10
1,<environment.Job instance at 0x7f6b52ca49b0>,6,2,[7 2],7,32,34,25,11
1,<environment.Job instance at 0x7f6b52ca4780>,11,3,[3 7],12,20,23,8,12
1,<environment.Job instance at 0x7f6b52ca4dc0>,12,2,[5 6],13,23,25,10,13
1,<environment.Job instance at 0x7f6b52ca4910>,13,3,[10  1],14,34,37,20,14
1,<environment.Job instance at 0x7f6b52ca4b40>,8,18,[5 8],9,33,51,24,22
1,<environment.Job instance at 0x7f6b52ca4500>,14,15,[7 5],15,37,52,22,25
1,<environment.Job instance at 0x7f6b52ca40a0>,21,18,[3 7],22,51,69,29,40
1,<environment.Job instance at 0x7f6b52357b40>,23,14,[5 5],24,52,66,28,40
1,<environment.Job instance at 0x7f6b52ccc730>,0,15,[9 1],1,66,81,65,54
1,<environment.Job instance at 0x7f6b523570a0>,25,3,[ 1 14],26,69,72,43,54
1,<environment.Job instance at 0x7f6b523575f0>,26,13,[3 7],27,72,85,45,56
1,<environment.Job instance at 0x7f6b523574b0>,27,16,[5 8],28,81,97,53,69
1,<environment.Job instance at 0x7f6b52357870>,28,16,[1 6],29,85,101,56,72
1,<environment.Job instance at 0x7f6b523578c0>,29,3,[10  2],30,97,100,67,72
1,<environment.Job instance at 0x7f6b536e6690>,1,1,[2 7],2,2,3,0,2
1,<environment.Job instance at 0x7f6b5263b0f0>,2,2,[4 5],3,3,5,0,3
1,<environment.Job instance at 0x7f6b5263b820>,3,14,[5 5],4,4,18,0,4
1,<environment.Job instance at 0x7f6b5263b140>,4,12,[7 4],5,5,17,0,5
1,<environment.Job instance at 0x7f6b5263b4b0>,5,2,[10  5],6,17,19,11,6
1,<environment.Job instance at 0x7f6b5263b370>,6,1,[2 5],7,7,8,0,7
1,<environment.Job instance at 0x7f6b5263b780>,7,14,[11  2],8,19,33,11,8
1,<environment.Job instance at 0x7f6b5263b5f0>,9,18,[1 5],10,18,36,8,10
1,<environment.Job instance at 0x7f6b5263b8c0>,12,16,[10  2],13,33,49,20,20
1,<environment.Job instance at 0x7f6b5263b9b0>,14,12,[1 8],15,21,33,6,21
1,<environment.Job instance at 0x7f6b5263b910>,11,12,[6 3],12,49,61,37,32
1,<environment.Job instance at 0x7f6b52834b40>,17,18,[6 2],18,49,67,31,38
1,<environment.Job instance at 0x7f6b52834730>,19,13,[7 5],20,61,74,41,45
1,<environment.Job instance at 0x7f6b52834a50>,16,13,[9 5],17,74,87,57,58
1,<environment.Job instance at 0x7f6b52834f00>,21,14,[9 5],22,87,101,65,72
1,<environment.Job instance at 0x7f6b521a30a0>,0,2,[8 5],1,1,3,0,1
1,<environment.Job instance at 0x7f6b521a3f00>,1,3,[ 3 11],2,3,6,1,3
1,<environment.Job instance at 0x7f6b52834f00>,2,14,[10  1],3,3,17,0,3
1,<environment.Job instance at 0x7f6b5216ac80>,3,3,[1 6],4,6,9,2,5
1,<environment.Job instance at 0x7f6b52b5c4b0>,4,15,[8 1],5,17,32,12,5
1,<environment.Job instance at 0x7f6b52b5c550>,5,14,[5 7],6,9,23,3,6
1,<environment.Job instance at 0x7f6b52b5c8c0>,7,15,[3 9],8,23,38,15,9
1,<environment.Job instance at 0x7f6b52b5c730>,9,2,[3 7],10,38,40,28,11
1,<environment.Job instance at 0x7f6b52d6f870>,11,1,[4 7],12,38,39,26,12
1,<environment.Job instance at 0x7f6b52b5cb40>,13,3,[1 8],14,39,42,25,19
1,<environment.Job instance at 0x7f6b52b5c7d0>,6,1,[ 3 10],7,42,43,35,20
1,<environment.Job instance at 0x7f6b52d6fdc0>,19,13,[7 2],20,40,53,20,24
1,<environment.Job instance at 0x7f6b52d6ff50>,21,2,[11  4],22,32,34,10,24
1,<environment.Job instance at 0x7f6b52d6ffa0>,22,2,[6 3],23,34,36,11,24
1,<environment.Job instance at 0x7f6b52d6fb90>,18,18,[ 4 10],19,43,61,24,32
1,<environment.Job instance at 0x7f6b53490410>,24,16,[9 2],25,53,69,28,40
1,<environment.Job instance at 0x7f6b534904b0>,26,18,[3 6],27,61,79,34,50
1,<environment.Job instance at 0x7f6b53490550>,27,18,[5 5],28,69,87,41,58
1,<environment.Job instance at 0x7f6b53490690>,29,3,[2 9],30,79,82,49,58
1,<environment.Job instance at 0x7f6b534909b0>,33,18,[4 5],34,82,100,48,71
1,<environment.Job instance at 0x7f6b53490050>,34,15,[3 5],35,82,97,47,71
1,<environment.Job instance at 0x7f6b524a25a0>,0,1,[4 8],1,1,2,0,1
1,<environment.Job instance at 0x7f6b533fa9b0>,1,13,[9 1],2,2,15,0,2
1,<environment.Job instance at 0x7f6b52164f50>,2,3,[5 8],3,3,6,0,3
1,<environment.Job instance at 0x7f6b531d67d0>,4,15,[10  2],5,15,30,10,5
1,<environment.Job instance at 0x7f6b536f1550>,6,12,[3 5],7,7,19,0,7
1,<environment.Job instance at 0x7f6b525953c0>,7,3,[8 3],8,30,33,22,8
1,<environment.Job instance at 0x7f6b530f7eb0>,9,1,[7 3],10,30,31,20,10
1,<environment.Job instance at 0x7f6b77c848c0>,10,2,[9 4],11,33,35,22,11
1,<environment.Job instance at 0x7f6b53256690>,14,14,[5 9],15,31,45,16,16
1,<environment.Job instance at 0x7f6b532568c0>,15,14,[6 3],16,35,49,19,20
1,<environment.Job instance at 0x7f6b527f2aa0>,18,3,[9 2],19,45,48,26,20
1,<environment.Job instance at 0x7f6b527f2910>,19,2,[4 5],20,20,22,0,20
1,<environment.Job instance at 0x7f6b52022c80>,21,14,[1 5],22,48,62,26,33
1,<environment.Job instance at 0x7f6b521a98c0>,25,12,[8 3],26,48,60,22,33
1,<environment.Job instance at 0x7f6b527d75a0>,22,17,[5 1],23,49,66,26,37
1,<environment.Job instance at 0x7f6b521a9960>,26,18,[ 2 10],27,62,80,35,51
1,<environment.Job instance at 0x7f6b521a9230>,28,14,[9 5],29,66,80,37,51
1,<environment.Job instance at 0x7f6b534ac640>,29,14,[8 5],30,80,94,50,66
1,<environment.Job instance at 0x7f6b5218e550>,31,15,[7 3],32,80,95,48,66
1,<environment.Job instance at 0x7f6b5309cb90>,0,2,[2 6],1,1,3,0,1
1,<environment.Job instance at 0x7f6b5218e280>,1,2,[7 1],2,2,4,0,2
1,<environment.Job instance at 0x7f6b5309c190>,3,23,[1 7],4,5,28,1,5
1,<environment.Job instance at 0x7f6b5309cbe0>,2,3,[6 1],3,6,9,3,6
1,<environment.Job instance at 0x7f6b5294b640>,6,1,[6 4],7,7,8,0,7
1,<environment.Job instance at 0x7f6b5294b050>,7,2,[3 8],8,9,11,1,8
1,<environment.Job instance at 0x7f6b5218e550>,4,22,[1 8],5,11,33,6,11
1,<environment.Job instance at 0x7f6b5294b690>,11,3,[1 8],12,33,36,21,12
1,<environment.Job instance at 0x7f6b5294b780>,8,13,[14  3],9,28,41,19,13
1,<environment.Job instance at 0x7f6b5294bfa0>,14,15,[5 3],15,41,56,26,27
1,<environment.Job instance at 0x7f6b5294bb40>,15,15,[8 3],16,41,56,25,27
1,<environment.Job instance at 0x7f6b5294b1e0>,17,12,[9 2],18,56,68,38,39
1,<environment.Job instance at 0x7f6b5294b500>,20,13,[10  5],21,68,81,47,52
1,<environment.Job instance at 0x7f6b5294b230>,21,12,[8 2],22,81,93,59,64
1,<environment.Job instance at 0x7f6b52285b90>,22,22,[5 3],23,64,86,41,64
1,<environment.Job instance at 0x7f6b52285a00>,24,15,[4 7],25,86,101,61,72
1,<environment.Job instance at 0x7f6b535c0cd0>,0,14,[3 5],1,1,15,0,1
1,<environment.Job instance at 0x7f6b535c0b90>,1,3,[13  1],2,15,18,13,3
1,<environment.Job instance at 0x7f6b52285d20>,2,3,[3 7],3,3,6,0,3
1,<environment.Job instance at 0x7f6b524e2a50>,3,3,[5 4],4,6,9,2,4
1,<environment.Job instance at 0x7f6b52b0e460>,4,12,[7 2],5,18,30,13,5
1,<environment.Job instance at 0x7f6b52b0e6e0>,5,17,[ 5 10],6,18,35,12,6
1,<environment.Job instance at 0x7f6b52b0e730>,7,1,[ 5 10],8,12,13,4,12
1,<environment.Job instance at 0x7f6b52b0eaa0>,11,2,[10  4],12,13,15,1,13
1,<environment.Job instance at 0x7f6b52b0e8c0>,8,12,[6 1],9,30,42,21,14
1,<environment.Job instance at 0x7f6b52b0e7d0>,6,12,[5 6],7,35,47,28,18
1,<environment.Job instance at 0x7f6b52b0ea00>,10,15,[6 2],11,42,57,31,28
1,<environment.Job instance at 0x7f6b52b0eb40>,15,1,[ 3 12],16,47,48,31,29
1,<environment.Job instance at 0x7f6b52b0efa0>,16,3,[10  3],17,57,60,40,31
1,<environment.Job instance at 0x7f6b52b0ee10>,17,14,[ 5 10],18,48,62,30,33
1,<environment.Job instance at 0x7f6b5384c0f0>,18,3,[ 5 12],19,62,65,43,36
1,<environment.Job instance at 0x7f6b5384c2d0>,19,16,[6 2],20,60,76,40,47
1,<environment.Job instance at 0x7f6b5384c1e0>,20,2,[5 4],21,65,67,44,47
1,<environment.Job instance at 0x7f6b5384c190>,21,12,[2 5],22,65,77,43,48
1,<environment.Job instance at 0x7f6b52b0e5a0>,9,2,[1 9],10,76,78,66,52
1,<environment.Job instance at 0x7f6b52b0ec80>,13,16,[9 5],14,77,93,63,64
1,<environment.Job instance at 0x7f6b531c32d0>,0,17,[5 9],1,1,18,0,1
1,<environment.Job instance at 0x7f6b531c3320>,2,2,[3 7],3,18,20,15,3
1,<environment.Job instance at 0x7f6b5220b960>,4,14,[9 5],5,5,19,0,5
1,<environment.Job instance at 0x7f6b5220bf00>,5,14,[6 1],6,19,33,13,6
1,<environment.Job instance at 0x7f6b5220b190>,6,16,[3 8],7,20,36,13,7
1,<environment.Job instance at 0x7f6b5220baa0>,7,18,[ 5 10],8,36,54,28,25
1,<environment.Job instance at 0x7f6b5220b4b0>,11,2,[6 2],12,25,27,13,25
1,<environment.Job instance at 0x7f6b5220b730>,12,12,[10  2],13,33,45,20,25
1,<environment.Job instance at 0x7f6b521fbeb0>,13,1,[5 5],14,27,28,13,25
1,<environment.Job instance at 0x7f6b521fb5f0>,14,18,[ 2 10],15,54,72,39,43
1,<environment.Job instance at 0x7f6b521fb780>,15,14,[8 4],16,45,59,29,43
1,<environment.Job instance at 0x7f6b521fbb90>,16,18,[ 2 10],17,72,90,55,61
1,<environment.Job instance at 0x7f6b521fbbe0>,17,18,[5 9],18,90,108,72,79
1,<environment.Job instance at 0x7f6b521fbc30>,18,3,[6 2],19,79,82,60,79
1,<environment.Job instance at 0x7f6b521fbb40>,19,1,[6 1],20,79,80,59,79
1,<environment.Job instance at 0x7f6b521fb6e0>,20,17,[8 2],21,82,99,61,79
1,<environment.Job instance at 0x7f6b5202c8c0>,0,2,[7 1],1,1,3,0,1
1,<environment.Job instance at 0x7f6b5202c0a0>,1,3,[ 3 11],2,3,6,1,3
1,<environment.Job instance at 0x7f6b5c46e780>,2,1,[ 3 10],3,6,7,3,3
1,<environment.Job instance at 0x7f6b5202c820>,3,12,[5 8],4,7,19,3,4
1,<environment.Job instance at 0x7f6b5202c050>,6,3,[2 5],7,7,10,0,7
1,<environment.Job instance at 0x7f6b5202c730>,4,1,[2 5],5,10,11,5,7
1,<environment.Job instance at 0x7f6b5202c780>,5,3,[10  1],6,11,14,5,7
1,<environment.Job instance at 0x7f6b5202c5a0>,7,13,[5 5],8,14,27,6,8
1,<environment.Job instance at 0x7f6b5202c190>,9,2,[1 8],10,19,21,9,11
1,<environment.Job instance at 0x7f6b5202caf0>,10,12,[10  4],11,21,33,10,11
1,<environment.Job instance at 0x7f6b5202c690>,11,12,[4 5],12,27,39,15,12
1,<environment.Job instance at 0x7f6b52ff55f0>,15,3,[4 8],16,33,36,17,16
1,<environment.Job instance at 0x7f6b52ff5a50>,17,12,[6 2],18,33,45,15,18
1,<environment.Job instance at 0x7f6b52ff5b40>,18,3,[2 8],19,36,39,17,19
1,<environment.Job instance at 0x7f6b52ff5690>,19,2,[4 5],20,39,41,19,20
1,<environment.Job instance at 0x7f6b52ff55a0>,20,1,[7 1],21,41,42,20,21
1,<environment.Job instance at 0x7f6b52ff59b0>,21,2,[2 6],22,39,41,17,22
1,<environment.Job instance at 0x7f6b52ff5820>,22,20,[5 2],23,42,62,19,33
1,<environment.Job instance at 0x7f6b52ff5230>,16,16,[ 5 10],17,45,61,28,41
1,<environment.Job instance at 0x7f6b522212d0>,24,12,[3 9],25,61,73,36,44
1,<environment.Job instance at 0x7f6b52221eb0>,25,15,[5 1],26,45,60,19,44
1,<environment.Job instance at 0x7f6b52221690>,33,15,[8 4],34,62,77,28,50
1,<environment.Job instance at 0x7f6b522217d0>,35,13,[5 1],36,73,86,37,57
1,<environment.Job instance at 0x7f6b52ff5140>,23,14,[1 8],24,73,87,49,58
1,<environment.Job instance at 0x7f6b52221f50>,37,2,[5 7],38,86,88,48,59
1,<environment.Job instance at 0x7f6b52221230>,38,12,[1 6],39,87,99,48,70
1,<environment.Job instance at 0x7f6b52221b90>,39,1,[6 3],40,77,78,37,70
1,<environment.Job instance at 0x7f6b52761dc0>,40,16,[6 2],41,87,103,46,74
1,<environment.Job instance at 0x7f6b52952b90>,41,2,[ 2 13],42,99,101,57,74
1,<environment.Job instance at 0x7f6b5332a2d0>,42,1,[5 5],43,78,79,35,74
1,<environment.Job instance at 0x7f6b5c46ec80>,1,1,[5 1],2,5,6,3,5
1,<environment.Job instance at 0x7f6b534be4b0>,4,13,[10  5],5,5,18,0,5
1,<environment.Job instance at 0x7f6b52f325a0>,5,14,[10  1],6,18,32,12,7
1,<environment.Job instance at 0x7f6b535f3af0>,7,17,[1 7],8,8,25,0,8
1,<environment.Job instance at 0x7f6b535f3870>,8,2,[ 4 12],9,25,27,16,10
1,<environment.Job instance at 0x7f6b535f3a00>,10,3,[ 4 10],11,27,30,16,11
1,<environment.Job instance at 0x7f6b535f3cd0>,9,17,[8 4],10,32,49,22,20
1,<environment.Job instance at 0x7f6b5230d690>,14,13,[2 5],15,30,43,15,26
1,<environment.Job instance at 0x7f6b535f3500>,12,17,[8 1],13,49,66,36,37
1,<environment.Job instance at 0x7f6b5230d640>,16,13,[12  4],17,66,79,49,50
1,<environment.Job instance at 0x7f6b5230dc30>,17,3,[4 9],18,50,53,32,50
1,<environment.Job instance at 0x7f6b524b9a00>,18,14,[1 6],19,53,67,34,50
1,<environment.Job instance at 0x7f6b524b9730>,19,3,[3 5],20,50,53,30,50
1,<environment.Job instance at 0x7f6b5206dc80>,20,3,[2 6],21,53,56,32,50
1,<environment.Job instance at 0x7f6b5230d5a0>,15,17,[1 8],16,67,84,51,58
1,<environment.Job instance at 0x7f6b5206d190>,22,18,[6 4],23,79,97,56,68
1,<environment.Job instance at 0x7fde516d0230>,0,13,[9 3],1,1,14,0,1
1,<environment.Job instance at 0x7fde516d0320>,2,22,[4 8],3,3,25,0,3
1,<environment.Job instance at 0x7fde47f58460>,3,3,[4 8],4,25,28,21,4
1,<environment.Job instance at 0x7fde47f58640>,4,14,[1 6],5,14,28,9,5
1,<environment.Job instance at 0x7fde47f58730>,5,2,[1 5],6,28,30,22,6
1,<environment.Job instance at 0x7fde47f58820>,6,20,[6 1],7,14,34,7,7
1,<environment.Job instance at 0x7fde47f58910>,7,1,[5 4],8,28,29,20,8
1,<environment.Job instance at 0x7fde47f58af0>,10,12,[3 7],11,29,41,18,14
1,<environment.Job instance at 0x7fde47f58c30>,11,15,[4 8],12,34,49,22,21
1,<environment.Job instance at 0x7fde47f58f00>,14,13,[7 3],15,41,54,26,28
1,<environment.Job instance at 0x7fde47f58be0>,15,18,[2 8],16,49,67,33,38
1,<environment.Job instance at 0x7fde47f58fa0>,16,16,[3 5],17,54,70,37,41
1,<environment.Job instance at 0x7fde47f5a230>,19,14,[3 5],20,67,81,47,52
1,<environment.Job instance at 0x7fde47f5a5a0>,24,18,[2 6],25,70,88,45,59
1,<environment.Job instance at 0x7fde47f5a640>,25,12,[ 5 10],26,88,100,62,71
1,<environment.Job instance at 0x7fde47f5a780>,27,15,[8 4],28,71,86,43,71
1,<environment.Job instance at 0x7fde47f5a3c0>,29,12,[5 4],30,81,93,51,71
1,<environment.Job instance at 0x7fde47f5aa00>,30,14,[5 2],31,93,107,62,78
1,<environment.Job instance at 0x7fde47f5aaa0>,31,14,[2 5],32,100,114,68,85
1,<environment.Job instance at 0x7fde47f5abe0>,33,14,[5 5],34,100,114,66,85
1,<environment.Job instance at 0x7fde485a55a0>,0,2,[9 3],1,1,3,0,1
1,<environment.Job instance at 0x7fde47f5acd0>,1,3,[1 8],2,2,5,0,2
1,<environment.Job instance at 0x7fde47f5ac80>,3,2,[6 1],4,4,6,0,4
1,<environment.Job instance at 0x7fde485a50f0>,4,3,[4 5],5,5,8,0,5
1,<environment.Job instance at 0x7fde485a5500>,5,15,[5 7],6,6,21,0,6
1,<environment.Job instance at 0x7fde485a5dc0>,6,2,[1 8],7,8,10,1,7
1,<environment.Job instance at 0x7fde483060a0>,7,2,[ 5 11],8,21,23,13,8
1,<environment.Job instance at 0x7fde48306c30>,8,2,[5 2],9,10,12,1,9
1,<environment.Job instance at 0x7fde485a5280>,10,18,[2 7],11,23,41,12,12
1,<environment.Job instance at 0x7fde48306500>,12,16,[3 9],13,41,57,28,28
1,<environment.Job instance at 0x7fde48306f00>,14,15,[1 9],15,57,72,42,43
1,<environment.Job instance at 0x7fde483067d0>,17,17,[9 3],18,43,60,25,43
1,<environment.Job instance at 0x7fde48306780>,20,3,[6 5],21,60,63,39,43
1,<environment.Job instance at 0x7fde4769eb40>,23,15,[6 1],24,60,75,36,46
1,<environment.Job instance at 0x7fde479dbdc0>,24,14,[2 5],25,63,77,38,48
1,<environment.Job instance at 0x7fde4761f3c0>,25,16,[7 5],26,72,88,46,59
1,<environment.Job instance at 0x7fde476a2820>,29,20,[2 6],30,77,97,47,68
1,<environment.Job instance at 0x7fde47a2d1e0>,35,21,[4 5],36,88,109,52,80
1,<environment.Job instance at 0x7fde47a2dbe0>,36,3,[ 5 10],37,97,100,60,80
1,<environment.Job instance at 0x7fde47665dc0>,0,1,[5 8],1,1,2,0,1
1,<environment.Job instance at 0x7fde47665eb0>,1,13,[8 5],2,2,15,0,2
1,<environment.Job instance at 0x7fde47665b90>,2,14,[2 9],3,3,17,0,3
1,<environment.Job instance at 0x7fde47665c80>,3,2,[7 3],4,15,17,11,4
1,<environment.Job instance at 0x7fde47665b40>,4,3,[4 6],5,17,20,12,5
1,<environment.Job instance at 0x7fde47665d70>,6,1,[5 9],7,17,18,10,7
1,<environment.Job instance at 0x7fde47665820>,5,2,[5 2],6,15,17,9,8
1,<environment.Job instance at 0x7fde47665af0>,7,1,[2 9],8,18,19,10,8
1,<environment.Job instance at 0x7fde47665690>,9,12,[9 3],10,19,31,9,10
1,<environment.Job instance at 0x7fde475c0fa0>,13,2,[8 3],14,31,33,17,16
1,<environment.Job instance at 0x7fde475c0f50>,14,12,[3 8],15,20,32,5,16
1,<environment.Job instance at 0x7fde47665280>,11,17,[10  2],12,33,50,21,21
1,<environment.Job instance at 0x7fde475c0140>,16,14,[5 5],17,32,46,15,21
1,<environment.Job instance at 0x7fde475c0a50>,15,1,[6 2],16,50,51,34,22
1,<environment.Job instance at 0x7fde475c0640>,12,3,[10  2],13,51,54,38,25
1,<environment.Job instance at 0x7fde475c0730>,19,2,[9 4],20,54,56,34,31
1,<environment.Job instance at 0x7fde47640280>,22,14,[2 7],23,46,60,23,31
1,<environment.Job instance at 0x7fde47640550>,23,14,[7 5],24,56,70,32,41
1,<environment.Job instance at 0x7fde47640e60>,24,3,[9 2],25,70,73,45,45
1,<environment.Job instance at 0x7fde47640b90>,25,14,[10  2],26,73,87,47,58
1,<environment.Job instance at 0x7fde476405f0>,26,3,[2 8],27,60,63,33,58
1,<environment.Job instance at 0x7fde475c01e0>,21,14,[1 6],22,63,77,41,58
1,<environment.Job instance at 0x7fde47640370>,29,2,[10  4],30,87,89,57,60
1,<environment.Job instance at 0x7fde47640190>,31,3,[13  5],32,89,92,57,63
1,<environment.Job instance at 0x7fde476400f0>,30,3,[5 6],31,70,73,39,63
1,<environment.Job instance at 0x7fde47640d70>,33,2,[5 6],34,77,79,43,63
1,<environment.Job instance at 0x7fde47640780>,32,2,[ 1 12],33,79,81,46,64
1,<environment.Job instance at 0x7fde47640be0>,35,2,[5 5],36,81,83,45,64
1,<environment.Job instance at 0x7fde47640f50>,34,16,[7 2],35,92,108,57,79
1,<environment.Job instance at 0x7fde476402d0>,36,12,[ 3 10],37,92,104,55,79
1,<environment.Job instance at 0x7fde47912e10>,0,17,[2 6],1,1,18,0,1
1,<environment.Job instance at 0x7fde476402d0>,2,1,[5 5],3,3,4,0,3
1,<environment.Job instance at 0x7fde476400a0>,1,15,[8 4],2,7,22,5,7
1,<environment.Job instance at 0x7fde47b80d70>,7,18,[5 9],8,18,36,10,8
1,<environment.Job instance at 0x7fde47aadcd0>,8,13,[5 1],9,22,35,13,9
1,<environment.Job instance at 0x7fde47aad050>,9,2,[10  2],10,35,37,25,10
1,<environment.Job instance at 0x7fde484becd0>,14,15,[10  4],15,37,52,22,23
1,<environment.Job instance at 0x7fde47aada50>,10,2,[ 5 10],11,36,38,25,23
1,<environment.Job instance at 0x7fde47addb40>,17,3,[6 3],18,52,55,34,26
1,<environment.Job instance at 0x7fde47addd70>,18,13,[8 5],19,52,65,33,36
1,<environment.Job instance at 0x7fde47aad6e0>,13,2,[7 3],14,55,57,41,44
1,<environment.Job instance at 0x7fde47addbe0>,20,18,[6 1],21,57,75,36,46
1,<environment.Job instance at 0x7fde47964d20>,21,2,[1 5],22,48,50,26,48
1,<environment.Job instance at 0x7fde476caf00>,22,18,[8 2],23,65,83,42,54
1,<environment.Job instance at 0x7fde47f14af0>,23,3,[9 5],24,83,86,59,57
1,<environment.Job instance at 0x7fde477685a0>,26,1,[7 3],27,75,76,48,58
1,<environment.Job instance at 0x7fde476d54b0>,27,14,[ 1 10],28,76,90,48,61
1,<environment.Job instance at 0x7fde476eb230>,28,1,[2 7],29,90,91,61,63
1,<environment.Job instance at 0x7fde47f14f50>,25,17,[4 6],26,90,107,64,78
1,<environment.Job instance at 0x7fde477280f0>,30,15,[8 2],31,86,101,55,78
1,<environment.Job instance at 0x7fde4761d730>,34,17,[9 4],35,101,118,66,89
1,<environment.Job instance at 0x7fde47999280>,1,17,[7 5],2,2,19,0,2
1,<environment.Job instance at 0x7fde475d0960>,0,27,[ 5 10],1,2,29,1,2
1,<environment.Job instance at 0x7fde475d03c0>,3,3,[4 8],4,29,32,25,5
1,<environment.Job instance at 0x7fde474d50f0>,5,3,[3 8],6,32,35,26,6
1,<environment.Job instance at 0x7fde474d5550>,9,2,[8 2],10,19,21,9,10
1,<environment.Job instance at 0x7fde474d56e0>,10,2,[1 7],11,29,31,18,11
1,<environment.Job instance at 0x7fde474d57d0>,11,1,[ 4 10],12,35,36,23,13
1,<environment.Job instance at 0x7fde474d55a0>,12,3,[10  4],13,21,24,8,13
1,<environment.Job instance at 0x7fde474d5730>,13,2,[5 7],14,31,33,17,15
1,<environment.Job instance at 0x7fde474d0fa0>,4,15,[4 6],5,36,51,31,22
1,<environment.Job instance at 0x7fde474d5b40>,15,13,[5 5],16,33,46,17,22
1,<environment.Job instance at 0x7fde474d5a00>,16,3,[2 8],17,46,49,29,26
1,<environment.Job instance at 0x7fde474d58c0>,14,1,[3 8],15,49,50,34,27
1,<environment.Job instance at 0x7fde474d5e60>,21,3,[1 6],22,50,53,28,27
1,<environment.Job instance at 0x7fde474d5dc0>,20,14,[7 5],21,51,65,30,36
1,<environment.Job instance at 0x7fde4761d730>,2,12,[3 8],3,53,65,50,36
1,<environment.Job instance at 0x7fde474d80a0>,24,1,[7 4],25,51,52,26,36
1,<environment.Job instance at 0x7fde474d83c0>,26,3,[6 3],27,37,40,10,37
1,<environment.Job instance at 0x7fde474d85a0>,27,12,[5 8],28,65,77,37,48
1,<environment.Job instance at 0x7fde474d8550>,28,14,[7 5],29,65,79,36,50
1,<environment.Job instance at 0x7fde474d8730>,30,18,[9 5],31,79,97,48,68
1,<environment.Job instance at 0x7fde474d5140>,8,18,[1 5],9,77,95,68,68
1,<environment.Job instance at 0x7fde474d8870>,32,1,[7 4],33,77,78,44,70
1,<environment.Job instance at 0x7fde474d8910>,33,2,[9 2],34,97,99,63,70
1,<environment.Job instance at 0x7fde474d5370>,7,15,[5 3],8,78,93,70,72
1,<environment.Job instance at 0x7fde474d8cd0>,36,12,[8 3],37,99,111,62,82
1,<environment.Job instance at 0x7fde474d8d20>,37,15,[2 9],38,95,110,57,84
1,<environment.Job instance at 0x7fde474d8f50>,40,2,[10  2],41,111,113,70,84
1,<environment.Job instance at 0x7fde4750fd20>,0,1,[5 1],1,1,2,0,1
1,<environment.Job instance at 0x7fde474d8f00>,1,3,[9 3],2,2,5,0,2
1,<environment.Job instance at 0x7fde4750faf0>,2,3,[ 4 10],3,4,7,1,4
1,<environment.Job instance at 0x7fde474d8f50>,3,3,[8 4],4,5,8,1,4
1,<environment.Job instance at 0x7fde4750fe10>,4,3,[6 1],5,7,10,2,5
1,<environment.Job instance at 0x7fde47520dc0>,5,14,[ 5 12],6,8,22,2,6
1,<environment.Job instance at 0x7fde47520870>,8,17,[7 4],9,22,39,13,10
1,<environment.Job instance at 0x7fde47520f00>,10,12,[8 5],11,22,34,11,11
1,<environment.Job instance at 0x7fde47520320>,13,2,[9 1],14,14,16,0,14
1,<environment.Job instance at 0x7fde47520370>,14,2,[1 8],15,34,36,19,16
1,<environment.Job instance at 0x7fde47520fa0>,12,18,[6 3],13,34,52,21,23
1,<environment.Job instance at 0x7fde475205a0>,20,15,[7 5],21,39,54,18,25
1,<environment.Job instance at 0x7fde47520a00>,24,17,[8 5],25,52,69,27,40
1,<environment.Job instance at 0x7fde474c3690>,29,13,[1 9],30,54,67,24,40
1,<environment.Job instance at 0x7fde474c3460>,30,19,[6 3],31,67,86,36,57
1,<environment.Job instance at 0x7fde474c3370>,31,13,[5 5],32,69,82,37,57
1,<environment.Job instance at 0x7fde474c3f00>,33,12,[1 8],34,82,94,48,65
1,<environment.Job instance at 0x7fde474c3410>,34,16,[10  3],35,86,102,51,73
1,<environment.Job instance at 0x7fde474b6af0>,37,13,[6 4],38,102,115,64,86
1,<environment.Job instance at 0x7fde474d8c80>,1,14,[5 8],2,2,16,0,2
1,<environment.Job instance at 0x7fde483231e0>,0,2,[ 5 11],1,16,18,15,3
1,<environment.Job instance at 0x7fde474b6410>,2,16,[9 2],3,3,19,0,3
1,<environment.Job instance at 0x7fde474b6af0>,3,15,[6 3],4,18,33,14,4
1,<environment.Job instance at 0x7fde48234f00>,4,1,[5 7],5,19,20,14,5
1,<environment.Job instance at 0x7fde482345f0>,6,2,[2 9],7,20,22,13,7
1,<environment.Job instance at 0x7fde482349b0>,7,3,[7 1],8,20,23,12,8
1,<environment.Job instance at 0x7fde48234820>,10,1,[6 3],11,23,24,12,12
1,<environment.Job instance at 0x7fde48234500>,12,18,[5 1],13,24,42,11,13
1,<environment.Job instance at 0x7fde48401d70>,14,2,[2 5],15,22,24,7,15
1,<environment.Job instance at 0x7fde484016e0>,15,3,[6 5],16,33,36,17,16
1,<environment.Job instance at 0x7fde48401410>,16,3,[8 2],17,36,39,19,17
1,<environment.Job instance at 0x7fde48401aa0>,17,13,[7 3],18,39,52,21,23
1,<environment.Job instance at 0x7fde48401eb0>,19,15,[ 1 10],20,36,51,16,24
1,<environment.Job instance at 0x7fde48401820>,20,14,[3 6],21,51,65,30,36
1,<environment.Job instance at 0x7fde48401dc0>,22,15,[1 6],23,51,66,28,37
1,<environment.Job instance at 0x7fde48401af0>,24,12,[4 6],25,65,77,40,48
1,<environment.Job instance at 0x7fde484017d0>,25,17,[7 1],26,52,69,26,48
1,<environment.Job instance at 0x7fde48401e60>,27,18,[1 7],28,66,84,38,55
1,<environment.Job instance at 0x7fde487ae870>,29,14,[10  1],30,69,83,39,56
1,<environment.Job instance at 0x7fde487ae280>,30,15,[1 6],31,77,92,46,63
1,<environment.Job instance at 0x7fde487ae820>,31,14,[10  4],32,84,98,52,69
1,<environment.Job instance at 0x7fde487aef00>,32,18,[5 5],33,92,110,59,81
1,<environment.Job instance at 0x7fde487aee60>,34,12,[8 4],35,98,110,63,81
1,<environment.Job instance at 0x7fde4756ea50>,1,2,[5 1],2,2,4,0,2
1,<environment.Job instance at 0x7fde47c54500>,2,14,[6 5],3,3,17,0,3
1,<environment.Job instance at 0x7fde48021aa0>,3,1,[7 2],4,4,5,0,4
1,<environment.Job instance at 0x7fde47c3ccd0>,4,15,[10  3],5,17,32,12,5
1,<environment.Job instance at 0x7fde487aee60>,5,20,[4 7],6,6,26,0,6
1,<environment.Job instance at 0x7fde47c3cc80>,7,13,[9 4],8,32,45,24,16
1,<environment.Job instance at 0x7fde4895bbe0>,10,15,[4 5],11,26,41,15,16
1,<environment.Job instance at 0x7fde4895ba00>,8,1,[ 3 10],9,41,42,32,17
1,<environment.Job instance at 0x7fde4895b1e0>,12,21,[1 6],13,42,63,29,34
1,<environment.Job instance at 0x7fde47c46a50>,15,16,[4 5],16,42,58,26,34
1,<environment.Job instance at 0x7fde47c46e60>,18,16,[ 5 10],19,63,79,44,50
1,<environment.Job instance at 0x7fde47c46690>,19,18,[7 3],20,50,68,30,50
1,<environment.Job instance at 0x7fde48992690>,20,16,[9 2],21,68,84,47,55
1,<environment.Job instance at 0x7fde4895b5a0>,9,17,[5 9],10,79,96,69,72
1,<environment.Job instance at 0x7fde48992870>,22,2,[5 8],23,96,98,73,72
1,<environment.Job instance at 0x7fde48992b40>,23,12,[4 6],24,84,96,60,72
1,<environment.Job instance at 0x7fde48992b90>,24,3,[6 4],25,96,99,71,72
1,<environment.Job instance at 0x7fde489920f0>,25,13,[2 6],26,98,111,72,82
1,<environment.Job instance at 0x7fde4895b6e0>,13,17,[8 5],14,99,116,85,89
1,<environment.Job instance at 0x7fde48992910>,27,1,[3 6],28,111,112,83,89
1,<environment.Job instance at 0x7fde47c3b050>,0,28,[5 6],1,1,29,0,1
1,<environment.Job instance at 0x7fde48973190>,1,2,[2 6],2,2,4,0,2
1,<environment.Job instance at 0x7fde47c3bc30>,2,3,[9 1],3,4,7,1,3
1,<environment.Job instance at 0x7fde48992910>,4,17,[6 5],5,7,24,2,5
1,<environment.Job instance at 0x7fde47c6ce10>,8,1,[6 1],9,24,25,15,14
1,<environment.Job instance at 0x7fde47c6c550>,7,16,[ 5 10],8,29,45,21,16
1,<environment.Job instance at 0x7fde47c6c1e0>,11,14,[7 1],12,25,39,13,17
1,<environment.Job instance at 0x7fde47c6cf50>,12,16,[9 4],13,39,55,26,26
1,<environment.Job instance at 0x7fde47c6cfa0>,9,15,[5 2],10,45,60,35,32
1,<environment.Job instance at 0x7fde47c6c410>,16,15,[9 5],17,55,70,38,41
1,<environment.Job instance at 0x7fde47c6c230>,20,16,[5 1],21,60,76,39,47
1,<environment.Job instance at 0x7fde47c6c320>,22,17,[4 5],23,70,87,47,58
1,<environment.Job instance at 0x7fde47c6c5a0>,17,14,[4 7],18,70,84,52,61
1,<environment.Job instance at 0x7fde48655410>,28,3,[7 1],29,76,79,47,61
1,<environment.Job instance at 0x7fde486555f0>,29,1,[7 3],30,79,80,49,61
1,<environment.Job instance at 0x7fde48655b90>,27,18,[10  5],28,84,102,56,73
1,<environment.Job instance at 0x7fde48655e60>,33,15,[7 2],34,102,117,68,88
1,<environment.Job instance at 0x7fde48655b40>,38,14,[1 7],39,88,102,49,88
1,<environment.Job instance at 0x7fde48619a50>,0,13,[9 3],1,1,14,0,1
1,<environment.Job instance at 0x7fde48619460>,1,16,[2 7],2,2,18,0,2
1,<environment.Job instance at 0x7fde48655b40>,3,13,[6 5],4,14,27,10,4
1,<environment.Job instance at 0x7fde47e47230>,2,15,[3 8],3,18,33,15,4
1,<environment.Job instance at 0x7fde48617820>,11,3,[ 4 12],12,33,36,21,12
1,<environment.Job instance at 0x7fde48617aa0>,10,16,[2 8],11,36,52,25,24
1,<environment.Job instance at 0x7fde48617c80>,13,17,[6 4],14,36,53,22,24
1,<environment.Job instance at 0x7fde48617c30>,15,16,[1 6],16,52,68,36,39
1,<environment.Job instance at 0x7fde48617e60>,18,14,[5 4],19,52,66,33,39
1,<environment.Job instance at 0x7fde48617500>,5,15,[9 1],6,53,68,47,46
1,<environment.Job instance at 0x7fde48617be0>,12,17,[1 7],13,66,83,53,54
1,<environment.Job instance at 0x7fde486175a0>,4,13,[5 4],5,68,81,63,59
1,<environment.Job instance at 0x7fde48604370>,23,12,[4 9],24,83,95,59,66
1,<environment.Job instance at 0x7fde48604500>,25,3,[1 6],26,81,84,55,66
1,<environment.Job instance at 0x7fde48604280>,22,2,[5 7],23,95,97,72,70
1,<environment.Job instance at 0x7fde48604690>,27,1,[5 7],28,95,96,67,85
1,<environment.Job instance at 0x7fde486041e0>,21,18,[9 3],22,96,114,74,86
1,<environment.Job instance at 0x7fde47f063c0>,0,1,[8 1],1,1,2,0,1
1,<environment.Job instance at 0x7fde48604230>,1,18,[3 7],2,2,20,0,2
1,<environment.Job instance at 0x7fde486041e0>,3,14,[5 5],4,4,18,0,4
1,<environment.Job instance at 0x7fde48224dc0>,6,13,[3 7],7,18,31,11,7
1,<environment.Job instance at 0x7fde48224960>,7,16,[5 8],8,20,36,12,9
1,<environment.Job instance at 0x7fde48224a50>,9,3,[10  2],10,31,34,21,10
1,<environment.Job instance at 0x7fde4835a500>,12,3,[10  5],13,34,37,21,13
1,<environment.Job instance at 0x7fde4835a6e0>,13,15,[4 9],14,36,51,22,22
1,<environment.Job instance at 0x7fde4835a280>,15,12,[ 3 10],16,51,63,35,34
1,<environment.Job instance at 0x7fde4835a230>,16,12,[9 4],17,37,49,20,34
1,<environment.Job instance at 0x7fde4835a0a0>,17,2,[3 7],18,63,65,45,36
1,<environment.Job instance at 0x7fde4835aaf0>,18,12,[10  1],19,49,61,30,36
1,<environment.Job instance at 0x7fde4835ae60>,19,21,[1 7],20,63,84,43,55
1,<environment.Job instance at 0x7fde4835a1e0>,20,16,[9 2],21,65,81,44,55
1,<environment.Job instance at 0x7fde4790f550>,25,12,[5 9],26,84,96,58,67
1,<environment.Job instance at 0x7fde4790f6e0>,26,12,[6 4],27,81,93,54,67
1,<environment.Job instance at 0x7fde4790f5a0>,27,17,[8 2],28,93,110,65,81
1,<environment.Job instance at 0x7fde4790fd70>,28,17,[1 6],29,96,113,67,84
1,<environment.Job instance at 0x7fde489e4aa0>,0,1,[2 6],1,1,2,0,1
1,<environment.Job instance at 0x7fde489e4af0>,1,13,[9 4],2,2,15,0,2
1,<environment.Job instance at 0x7fde489e41e0>,3,13,[3 7],4,4,17,0,4
1,<environment.Job instance at 0x7fde48655140>,4,15,[6 4],5,15,30,10,5
1,<environment.Job instance at 0x7fde489e4370>,2,16,[1 7],3,17,33,14,6
1,<environment.Job instance at 0x7fde48655b40>,5,1,[5 2],6,15,16,9,6
1,<environment.Job instance at 0x7fde489e4dc0>,6,3,[8 3],7,17,20,10,7
1,<environment.Job instance at 0x7fde48655550>,7,16,[7 2],8,20,36,12,8
1,<environment.Job instance at 0x7fde48655820>,8,3,[11  1],9,36,39,27,10
1,<environment.Job instance at 0x7fde47ecdb40>,10,2,[9 1],11,39,41,28,12
1,<environment.Job instance at 0x7fde48655d70>,9,2,[3 7],10,33,35,23,12
1,<environment.Job instance at 0x7fde47ecdeb0>,13,2,[2 7],14,35,37,21,14
1,<environment.Job instance at 0x7fde47ecd640>,14,1,[9 2],15,41,42,26,15
1,<environment.Job instance at 0x7fde47ecdaf0>,15,3,[9 1],16,42,45,26,16
1,<environment.Job instance at 0x7fde47c6be10>,19,14,[3 8],20,37,51,17,22
1,<environment.Job instance at 0x7fde47c6b910>,20,12,[5 9],21,51,63,30,34
1,<environment.Job instance at 0x7fde47c6b500>,18,15,[7 1],19,45,60,26,34
1,<environment.Job instance at 0x7fde47c6b280>,22,2,[8 2],23,60,62,37,34
1,<environment.Job instance at 0x7fde47c6b4b0>,23,2,[8 1],24,62,64,38,36
1,<environment.Job instance at 0x7fde47c6bdc0>,24,1,[ 3 10],25,63,64,38,41
1,<environment.Job instance at 0x7fde47c6b370>,25,17,[10  3],26,64,81,38,54
1,<environment.Job instance at 0x7fde47c6ba00>,21,18,[5 9],22,64,82,42,55
1,<environment.Job instance at 0x7fde47ecd820>,12,14,[9 3],13,81,95,68,66
1,<environment.Job instance at 0x7fde47c6bc80>,28,14,[6 3],29,82,96,53,69
1,<environment.Job instance at 0x7fde47c6b3c0>,29,2,[3 7],30,95,97,65,69
1,<environment.Job instance at 0x7fde47c6b410>,27,16,[8 4],28,96,112,68,83
1,<environment.Job instance at 0x7fde47c6b5a0>,31,14,[ 5 10],32,97,111,65,83
1,<environment.Job instance at 0x7fde47768640>,0,2,[7 4],1,1,3,0,1
1,<environment.Job instance at 0x7fde47768410>,1,16,[6 5],2,2,18,0,2
1,<environment.Job instance at 0x7fde481aa230>,2,13,[14  2],3,18,31,15,4
1,<environment.Job instance at 0x7fde48261910>,3,1,[5 5],4,6,7,2,6
1,<environment.Job instance at 0x7fde481aa780>,6,12,[ 1 10],7,7,19,0,7
1,<environment.Job instance at 0x7fde481aa6e0>,5,16,[6 5],6,31,47,25,18
1,<environment.Job instance at 0x7fde481aa910>,10,15,[5 1],11,31,46,20,18
1,<environment.Job instance at 0x7fde481aabe0>,11,13,[5 2],12,46,59,34,30
1,<environment.Job instance at 0x7fde4879b0a0>,18,14,[7 2],19,47,61,28,32
1,<environment.Job instance at 0x7fde481aa960>,9,3,[4 5],10,33,36,23,33
1,<environment.Job instance at 0x7fde4879bf00>,20,2,[ 4 14],21,61,63,40,35
1,<environment.Job instance at 0x7fde481aa9b0>,8,15,[1 8],9,36,51,27,35
1,<environment.Job instance at 0x7fde48b17500>,22,2,[1 5],23,51,53,28,35
1,<environment.Job instance at 0x7fde48b17780>,23,14,[4 8],24,63,77,39,49
1,<environment.Job instance at 0x7fde4879b1e0>,21,14,[6 1],22,59,73,37,54
1,<environment.Job instance at 0x7fde48b170a0>,25,3,[10  2],26,73,76,47,54
1,<environment.Job instance at 0x7fde4879ba00>,19,18,[1 9],20,77,95,57,66
1,<environment.Job instance at 0x7fde48b173c0>,29,18,[2 9],30,95,113,65,84
1,<environment.Job instance at 0x7fde48b17730>,30,18,[5 5],31,84,102,53,84
1,<environment.Job instance at 0x7fde484870f0>,0,12,[2 6],1,1,13,0,1
1,<environment.Job instance at 0x7fde48487d70>,1,2,[6 2],2,2,4,0,2
1,<environment.Job instance at 0x7fde4785ce60>,2,22,[5 4],3,3,25,0,3
1,<environment.Job instance at 0x7fde48487550>,3,3,[7 2],4,4,7,0,4
1,<environment.Job instance at 0x7fde4896b1e0>,4,13,[5 8],5,13,26,8,5
1,<environment.Job instance at 0x7fde474ba050>,7,3,[3 7],8,25,28,17,9
1,<environment.Job instance at 0x7fde4804e280>,9,13,[4 8],10,26,39,16,11
1,<environment.Job instance at 0x7fde4795bd20>,11,16,[2 5],12,28,44,16,15
1,<environment.Job instance at 0x7fde474ba500>,12,15,[2 5],13,39,54,26,25
1,<environment.Job instance at 0x7fde4795b370>,13,16,[1 5],14,39,55,25,26
1,<environment.Job instance at 0x7fde48505af0>,15,15,[5 4],16,44,59,28,30
1,<environment.Job instance at 0x7fde485393c0>,19,16,[5 6],20,54,70,34,41
1,<environment.Job instance at 0x7fde47c6b870>,20,18,[4 5],21,55,73,34,44
1,<environment.Job instance at 0x7fde47c6b640>,21,18,[4 9],22,70,88,48,59
1,<environment.Job instance at 0x7fde47c6b7d0>,23,13,[9 3],24,73,86,49,59
1,<environment.Job instance at 0x7fde47c6b190>,24,19,[2 5],25,86,105,61,76
1,<environment.Job instance at 0x7fde47ecda50>,25,14,[ 3 10],26,88,102,62,76
1,<environment.Job instance at 0x7fde47ecdaf0>,26,14,[5 4],27,102,116,75,87
1,<environment.Job instance at 0x7fde480a97d0>,28,12,[1 9],29,105,117,76,88
1,<environment.Job instance at 0x7fde472c6500>,0,18,[3 6],1,1,19,0,1
1,<environment.Job instance at 0x7fde472c62d0>,2,16,[1 9],3,3,19,0,3
1,<environment.Job instance at 0x7fde47fd90a0>,3,13,[6 4],4,19,32,15,4
1,<environment.Job instance at 0x7fde472c6fa0>,1,2,[4 9],2,19,21,17,4
1,<environment.Job instance at 0x7fde47fd9c30>,5,3,[3 8],6,21,24,15,7
1,<environment.Job instance at 0x7fde47fd9640>,7,13,[7 1],8,24,37,16,8
1,<environment.Job instance at 0x7fde47fd9af0>,8,1,[8 3],9,32,33,23,9
1,<environment.Job instance at 0x7fde47fd9f50>,11,2,[5 4],12,33,35,21,12
1,<environment.Job instance at 0x7fde47fd96e0>,12,12,[1 7],13,33,45,20,18
1,<environment.Job instance at 0x7fde47fd9aa0>,13,3,[ 2 10],14,24,27,10,19
1,<environment.Job instance at 0x7fde47fd9960>,6,16,[2 7],7,35,51,28,22
1,<environment.Job instance at 0x7fde4884a870>,15,15,[1 6],16,45,60,29,31
1,<environment.Job instance at 0x7fde47863cd0>,18,13,[3 6],19,51,64,32,35
1,<environment.Job instance at 0x7fde5191c7d0>,20,14,[3 5],21,60,74,39,45
1,<environment.Job instance at 0x7fde47dc0870>,24,12,[7 2],25,47,59,22,47
1,<environment.Job instance at 0x7fde47fd9370>,9,12,[4 8],10,64,76,54,47
1,<environment.Job instance at 0x7fde48013780>,25,17,[ 5 10],26,76,93,50,64
1,<environment.Job instance at 0x7fde472bda50>,28,12,[6 1],29,64,76,35,64
1,<environment.Job instance at 0x7fde47ea6c80>,30,15,[6 2],31,76,91,45,64
1,<environment.Job instance at 0x7fde47ea6be0>,32,16,[5 3],33,91,107,58,78
1,<environment.Job instance at 0x7fde47fd98c0>,4,12,[10  3],5,93,105,88,79
1,<environment.Job instance at 0x7fde47af8c80>,0,3,[5 7],1,2,5,1,2
1,<environment.Job instance at 0x7fde47af8d70>,1,3,[7 4],2,2,5,0,2
1,<environment.Job instance at 0x7fde47af8960>,2,3,[1 5],3,5,8,2,3
1,<environment.Job instance at 0x7fde47fd98c0>,3,2,[5 6],4,5,7,1,5
1,<environment.Job instance at 0x7fde47fd9eb0>,4,1,[2 5],5,7,8,2,5
1,<environment.Job instance at 0x7fde48274eb0>,5,13,[3 7],6,8,21,2,6
1,<environment.Job instance at 0x7fde482748c0>,10,17,[5 9],11,21,38,10,11
1,<environment.Job instance at 0x7fde48274320>,11,17,[9 4],12,12,29,0,12
1,<environment.Job instance at 0x7fde482746e0>,6,1,[14  4],7,38,39,31,12
1,<environment.Job instance at 0x7fde482745f0>,12,2,[3 7],13,39,41,26,15
1,<environment.Job instance at 0x7fde48274370>,15,14,[6 1],16,39,53,23,24
1,<environment.Job instance at 0x7fde48274640>,14,14,[9 5],15,41,55,26,26
1,<environment.Job instance at 0x7fde48274870>,20,13,[7 3],21,55,68,34,39
1,<environment.Job instance at 0x7fde48274b40>,9,13,[4 5],10,53,66,43,39
1,<environment.Job instance at 0x7fde481ce730>,27,18,[5 9],28,66,84,38,55
1,<environment.Job instance at 0x7fde481ced20>,30,17,[8 2],31,68,85,37,58
1,<environment.Job instance at 0x7fde481ce190>,31,14,[4 9],32,84,98,52,69
1,<environment.Job instance at 0x7fde481cec30>,32,16,[6 2],33,85,101,52,72
1,<environment.Job instance at 0x7fde481ce3c0>,34,15,[2 5],35,98,113,63,84
1,<environment.Job instance at 0x7fde481cefa0>,35,13,[2 7],36,98,111,62,85
1,<environment.Job instance at 0x7fde47de7fa0>,0,2,[7 1],1,1,3,0,1
1,<environment.Job instance at 0x7fde47dac230>,1,3,[ 3 11],2,3,6,1,3
1,<environment.Job instance at 0x7fde47dacb90>,2,1,[ 3 10],3,6,7,3,3
1,<environment.Job instance at 0x7fde5114d230>,3,12,[5 8],4,7,19,3,4
1,<environment.Job instance at 0x7fde5114da50>,4,1,[2 5],5,7,8,2,7
1,<environment.Job instance at 0x7fde47eb37d0>,5,3,[10  1],6,8,11,2,7
1,<environment.Job instance at 0x7fde5114d050>,6,3,[2 5],7,11,14,4,7
1,<environment.Job instance at 0x7fde47eae460>,7,13,[5 5],8,14,27,6,8
1,<environment.Job instance at 0x7fde47eae870>,10,12,[10  4],11,19,31,8,11
1,<environment.Job instance at 0x7fde47eae500>,11,12,[4 5],12,27,39,15,12
1,<environment.Job instance at 0x7fde5114d370>,9,2,[1 8],10,31,33,21,13
1,<environment.Job instance at 0x7fde47bcc140>,13,3,[6 1],14,31,34,17,14
1,<environment.Job instance at 0x7fde47eae370>,15,3,[4 8],16,33,36,17,16
1,<environment.Job instance at 0x7fde477196e0>,17,12,[6 2],18,34,46,16,18
1,<environment.Job instance at 0x7fde485da690>,18,3,[2 8],19,36,39,17,21
1,<environment.Job instance at 0x7fde47bcceb0>,12,18,[ 5 10],13,39,57,26,28
1,<environment.Job instance at 0x7fde47719500>,19,2,[4 5],20,46,48,26,33
1,<environment.Job instance at 0x7fde48727a00>,22,20,[5 2],23,48,68,25,39
1,<environment.Job instance at 0x7fde47e8b6e0>,24,12,[3 9],25,57,69,32,40
1,<environment.Job instance at 0x7fde477245f0>,25,15,[5 1],26,48,63,22,40
1,<environment.Job instance at 0x7fde4757f500>,33,15,[8 4],34,68,83,34,54
1,<environment.Job instance at 0x7fde4757fbe0>,34,3,[2 8],35,69,72,34,54
1,<environment.Job instance at 0x7fde4757f4b0>,35,13,[5 1],36,69,82,33,54
1,<environment.Job instance at 0x7fde4757fe60>,36,20,[4 9],37,82,102,45,73
1,<environment.Job instance at 0x7fde484a2af0>,38,12,[1 6],39,83,95,44,73
1,<environment.Job instance at 0x7fde48b28190>,40,16,[6 2],41,95,111,54,82
1,<environment.Job instance at 0x7fde482a10f0>,0,3,[ 4 10],1,2,5,1,2
1,<environment.Job instance at 0x7fde482a1460>,1,16,[2 6],2,5,21,3,2
1,<environment.Job instance at 0x7fde4735a500>,4,13,[2 5],5,5,18,0,5
1,<environment.Job instance at 0x7fde4735a370>,5,17,[1 8],6,18,35,12,6
1,<environment.Job instance at 0x7fde4735a780>,7,3,[4 9],8,35,38,27,9
1,<environment.Job instance at 0x7fde4736a780>,9,3,[3 5],10,21,24,11,10
1,<environment.Job instance at 0x7fde4736a5f0>,10,3,[2 6],11,24,27,13,11
1,<environment.Job instance at 0x7fde4735a690>,8,14,[1 6],9,27,41,18,13
1,<environment.Job instance at 0x7fde4736a1e0>,13,18,[1 8],14,38,56,24,27
1,<environment.Job instance at 0x7fde47365820>,17,12,[2 5],18,41,53,23,27
1,<environment.Job instance at 0x7fde47365190>,19,15,[8 4],20,53,68,33,39
1,<environment.Job instance at 0x7fde473654b0>,21,12,[5 1],22,39,51,17,39
1,<environment.Job instance at 0x7fde473657d0>,24,16,[5 3],25,53,69,28,40
1,<environment.Job instance at 0x7fde47365370>,25,13,[2 6],26,56,69,30,40
1,<environment.Job instance at 0x7fde4736a730>,14,13,[2 8],15,69,82,54,53
1,<environment.Job instance at 0x7fde47365af0>,29,1,[3 5],30,68,69,38,53
1,<environment.Job instance at 0x7fde47365d70>,30,1,[4 9],31,82,83,51,54
1,<environment.Job instance at 0x7fde482c83c0>,31,12,[7 4],32,69,81,37,56
1,<environment.Job instance at 0x7fde47365a50>,28,18,[5 6],29,81,99,52,70
1,<environment.Job instance at 0x7fde482c8050>,33,13,[4 7],34,83,96,49,70
1,<environment.Job instance at 0x7fde482c8aa0>,35,16,[5 7],36,96,112,60,83
1,<environment.Job instance at 0x7fde482c8190>,36,12,[4 6],37,99,111,62,83
1,<environment.Job instance at 0x7fde48473460>,0,2,[2 6],1,1,3,0,1
1,<environment.Job instance at 0x7fde482c8280>,1,3,[5 8],2,2,5,0,2
1,<environment.Job instance at 0x7fde48473fa0>,2,2,[2 8],3,5,7,2,3
1,<environment.Job instance at 0x7fde48473320>,3,18,[4 9],4,7,25,3,4
1,<environment.Job instance at 0x7fde48473b40>,5,1,[12  3],6,6,7,0,6
1,<environment.Job instance at 0x7fde47403eb0>,6,2,[5 5],7,7,9,0,7
1,<environment.Job instance at 0x7fde474032d0>,7,2,[9 3],8,9,11,1,8
1,<environment.Job instance at 0x7fde473fc6e0>,11,13,[5 5],12,12,25,0,12
1,<environment.Job instance at 0x7fde473fc9b0>,8,16,[1 8],9,25,41,16,12
1,<environment.Job instance at 0x7fde47403f50>,9,12,[9 3],10,25,37,15,12
1,<environment.Job instance at 0x7fde473fc640>,12,3,[9 3],13,37,40,24,13
1,<environment.Job instance at 0x7fde473fc820>,13,1,[10  5],14,40,41,26,14
1,<environment.Job instance at 0x7fde473fc960>,10,3,[8 4],11,41,44,30,16
1,<environment.Job instance at 0x7fde473fc280>,16,2,[3 5],17,41,43,24,17
1,<environment.Job instance at 0x7fde473fc140>,17,1,[5 1],18,18,19,0,18
1,<environment.Job instance at 0x7fde473fc5f0>,15,3,[5 6],16,43,46,27,19
1,<environment.Job instance at 0x7fde47913050>,20,13,[8 3],21,44,57,23,28
1,<environment.Job instance at 0x7fde47913e60>,27,19,[4 7],28,46,65,18,36
1,<environment.Job instance at 0x7fde479133c0>,21,16,[8 1],22,57,73,35,44
1,<environment.Job instance at 0x7fde479132d0>,29,15,[6 1],30,65,80,35,51
1,<environment.Job instance at 0x7fde47913230>,33,13,[5 1],34,73,86,39,57
1,<environment.Job instance at 0x7fde47913690>,34,16,[6 3],35,80,96,45,67
1,<environment.Job instance at 0x7fde4809aa00>,36,12,[1 9],37,67,79,30,67
1,<environment.Job instance at 0x7fde47913410>,30,17,[2 8],31,79,96,48,67
1,<environment.Job instance at 0x7fde4809aaa0>,37,18,[7 1],38,86,104,48,75
1,<environment.Job instance at 0x7fde48aabb40>,0,21,[5 2],1,1,22,0,1
1,<environment.Job instance at 0x7fde4809ad70>,1,12,[7 5],2,2,14,0,2
1,<environment.Job instance at 0x7fde48aab0a0>,4,18,[3 8],5,5,23,0,5
1,<environment.Job instance at 0x7fde47b33280>,6,14,[3 9],7,23,37,16,8
1,<environment.Job instance at 0x7fde47b33be0>,8,13,[5 9],9,37,50,28,21
1,<environment.Job instance at 0x7fde47b332d0>,12,1,[5 8],13,50,51,37,23
1,<environment.Job instance at 0x7fde47b33e10>,10,14,[5 5],11,23,37,12,23
1,<environment.Job instance at 0x7fde47d0a460>,13,1,[6 3],14,37,38,23,23
1,<environment.Job instance at 0x7fde47d0a780>,15,1,[10  4],16,38,39,22,23
1,<environment.Job instance at 0x7fde47d0a0f0>,14,3,[6 1],15,23,26,8,23
1,<environment.Job instance at 0x7fde47d0ae60>,17,3,[10  1],18,39,42,21,23
1,<environment.Job instance at 0x7fde47b336e0>,9,3,[ 4 10],10,51,54,41,25
1,<environment.Job instance at 0x7fde47d0a8c0>,16,12,[9 1],17,42,54,25,25
1,<environment.Job instance at 0x7fde47d0a730>,20,12,[3 8],21,54,66,33,37
1,<environment.Job instance at 0x7fde47d0a910>,21,1,[6 1],22,54,55,32,37
1,<environment.Job instance at 0x7fde47d0a410>,22,2,[ 4 10],23,66,68,43,39
1,<environment.Job instance at 0x7fde47d0abe0>,23,2,[4 7],24,55,57,31,39
1,<environment.Job instance at 0x7fde47d0aaa0>,19,1,[6 1],20,54,55,34,44
1,<environment.Job instance at 0x7fde47d0a550>,18,14,[7 3],19,57,71,38,44
1,<environment.Job instance at 0x7fde47d0a190>,25,23,[7 4],26,68,91,42,62
1,<environment.Job instance at 0x7fde47b33cd0>,11,17,[2 9],12,71,88,59,62
1,<environment.Job instance at 0x7fde47d0a1e0>,29,15,[5 3],30,88,103,58,74
1,<environment.Job instance at 0x7fde472e84b0>,30,17,[6 4],31,91,108,60,79
1,<environment.Job instance at 0x7fde47d0a280>,27,16,[2 6],28,88,104,60,82
1,<environment.Job instance at 0x7fc775e41230>,0,13,[9 3],1,1,14,0,1
1,<environment.Job instance at 0x7fc775e41320>,2,22,[4 8],3,3,25,0,3
1,<environment.Job instance at 0x7fc76c6c94b0>,3,3,[4 8],4,25,28,21,4
1,<environment.Job instance at 0x7fc76c6c9690>,4,14,[1 6],5,14,28,9,5
1,<environment.Job instance at 0x7fc76c6c9780>,5,2,[1 5],6,28,30,22,6
1,<environment.Job instance at 0x7fc76c6c9870>,6,20,[6 1],7,14,34,7,7
1,<environment.Job instance at 0x7fc76c6c9960>,7,1,[5 4],8,28,29,20,8
1,<environment.Job instance at 0x7fc76c6c9aa0>,10,12,[3 7],11,29,41,18,13
1,<environment.Job instance at 0x7fc76c6c9c80>,11,15,[4 8],12,34,49,22,21
1,<environment.Job instance at 0x7fc76c6c9e60>,14,13,[7 3],15,41,54,26,25
1,<environment.Job instance at 0x7fc76c6c9d70>,13,18,[ 4 10],14,49,67,35,38
1,<environment.Job instance at 0x7fc76c6c9f00>,16,16,[3 5],17,54,70,37,41
1,<environment.Job instance at 0x7fc76c6cb280>,19,14,[3 5],20,67,81,47,52
1,<environment.Job instance at 0x7fc76c6cb5a0>,24,18,[2 6],25,70,88,45,59
1,<environment.Job instance at 0x7fc76c6cb6e0>,25,12,[ 5 10],26,88,100,62,71
1,<environment.Job instance at 0x7fc76c6cb690>,26,3,[3 7],27,81,84,54,71
1,<environment.Job instance at 0x7fc76c6cb870>,27,15,[8 4],28,84,99,56,71
1,<environment.Job instance at 0x7fc76c6cb9b0>,29,12,[5 4],30,99,111,69,82
1,<environment.Job instance at 0x7fc76c6cba50>,30,14,[5 2],31,100,114,69,85
1,<environment.Job instance at 0x7fc76c6cbaf0>,31,14,[2 5],32,100,114,68,85
1,<environment.Job instance at 0x7fc76c6cbc30>,33,14,[5 5],34,111,125,77,96
1,<environment.Job instance at 0x7fc76c6d2640>,1,18,[ 1 10],2,2,20,0,2
1,<environment.Job instance at 0x7fc76c6cbcd0>,3,16,[1 6],4,20,36,16,7
1,<environment.Job instance at 0x7fc76c828050>,6,15,[11  1],7,7,22,0,7
1,<environment.Job instance at 0x7fc76c828870>,7,17,[9 3],8,22,39,14,10
1,<environment.Job instance at 0x7fc76c828b40>,8,3,[10  4],9,39,42,30,13
1,<environment.Job instance at 0x7fc76c828500>,9,1,[10  4],10,42,43,32,14
1,<environment.Job instance at 0x7fc76c828aa0>,10,3,[6 5],11,36,39,25,14
1,<environment.Job instance at 0x7fc76c867820>,12,2,[6 2],13,43,45,30,16
1,<environment.Job instance at 0x7fc76c867f50>,13,15,[6 1],14,43,58,29,29
1,<environment.Job instance at 0x7fc76c867500>,14,14,[2 5],15,39,53,24,29
1,<environment.Job instance at 0x7fc76c8679b0>,15,16,[7 5],16,45,61,29,32
1,<environment.Job instance at 0x7fc76c867190>,17,1,[1 5],18,32,33,14,32
1,<environment.Job instance at 0x7fc76c8674b0>,18,1,[3 6],19,33,34,14,32
1,<environment.Job instance at 0x7fc76c867aa0>,19,20,[2 6],20,53,73,33,44
1,<environment.Job instance at 0x7fc76c8672d0>,20,2,[7 2],21,61,63,40,44
1,<environment.Job instance at 0x7fc76c867eb0>,21,1,[2 6],22,61,62,39,44
1,<environment.Job instance at 0x7fc76be10c30>,24,1,[8 4],25,63,64,38,44
1,<environment.Job instance at 0x7fc76c150500>,25,21,[4 5],26,62,83,36,54
1,<environment.Job instance at 0x7fc76be13320>,26,3,[ 5 10],27,73,76,46,54
1,<environment.Job instance at 0x7fc76bdb5190>,27,22,[4 5],28,76,98,48,69
1,<environment.Job instance at 0x7fc76c021a00>,29,2,[1 8],30,83,85,53,69
1,<environment.Job instance at 0x7fc76c021aa0>,30,15,[8 3],31,85,100,54,71
1,<environment.Job instance at 0x7fc76c00e6e0>,31,1,[3 9],32,98,99,66,71
1,<environment.Job instance at 0x7fc76c199c30>,32,13,[ 5 10],33,99,112,66,83
1,<environment.Job instance at 0x7fc76c188280>,33,16,[ 3 10],34,112,128,78,99
1,<environment.Job instance at 0x7fc76bdf10f0>,0,13,[10  5],1,1,14,0,1
1,<environment.Job instance at 0x7fc76bdf10a0>,1,14,[1 6],2,2,16,0,2
1,<environment.Job instance at 0x7fc76bdf1410>,2,14,[2 7],3,14,28,11,3
1,<environment.Job instance at 0x7fc76bf1f640>,3,14,[7 5],4,16,30,12,4
1,<environment.Job instance at 0x7fc76bf1fd20>,4,3,[9 2],5,30,33,25,5
1,<environment.Job instance at 0x7fc76bdf1690>,6,3,[2 8],7,28,31,21,11
1,<environment.Job instance at 0x7fc76bf1f870>,10,3,[5 6],11,31,34,20,11
1,<environment.Job instance at 0x7fc76bf1fc30>,11,3,[13  5],12,34,37,22,12
1,<environment.Job instance at 0x7fc76bf1f1e0>,12,2,[ 1 12],13,37,39,24,13
1,<environment.Job instance at 0x7fc76bf1f500>,13,2,[5 6],14,39,41,25,14
1,<environment.Job instance at 0x7fc76bf1f460>,14,16,[7 2],15,37,53,22,24
1,<environment.Job instance at 0x7fc76bf1fbe0>,15,2,[5 5],16,41,43,25,25
1,<environment.Job instance at 0x7fc76bf1f410>,16,12,[ 3 10],17,43,55,26,26
1,<environment.Job instance at 0x7fc76bf1fd70>,5,14,[10  2],6,53,67,47,38
1,<environment.Job instance at 0x7fc76bf1fdc0>,18,1,[10  5],19,67,68,48,39
1,<environment.Job instance at 0x7fc76bf1f0f0>,19,1,[ 2 10],20,55,56,35,39
1,<environment.Job instance at 0x7fc76c019690>,20,18,[4 5],21,56,74,35,45
1,<environment.Job instance at 0x7fc76c019d70>,21,18,[2 8],22,68,86,46,57
1,<environment.Job instance at 0x7fc76c0190a0>,24,16,[9 4],25,74,90,49,61
1,<environment.Job instance at 0x7fc76c019c30>,22,1,[ 4 13],23,90,91,67,62
1,<environment.Job instance at 0x7fc76bf1fc80>,17,3,[1 5],18,86,89,68,74
1,<environment.Job instance at 0x7fc76bf1f550>,9,2,[10  4],10,91,93,81,74
1,<environment.Job instance at 0x7fc76bf40cd0>,29,13,[6 3],30,93,106,63,77
1,<environment.Job instance at 0x7fc76bf1fe10>,8,2,[13  1],9,106,108,97,79
1,<environment.Job instance at 0x7fc76bf401e0>,30,13,[7 4],31,93,106,62,79
1,<environment.Job instance at 0x7fc76bf40c30>,31,1,[8 3],32,108,109,76,81
1,<environment.Job instance at 0x7fc76bf40640>,33,1,[ 4 10],34,89,90,55,82
1,<environment.Job instance at 0x7fc76bf40730>,34,3,[4 7],35,108,111,73,82
1,<environment.Job instance at 0x7fc76bf40550>,35,1,[10  1],36,90,91,54,83
1,<environment.Job instance at 0x7fc76c019eb0>,27,16,[9 2],28,109,125,81,96
1,<environment.Job instance at 0x7fc76bf40820>,37,3,[1 6],38,97,100,59,97
1,<environment.Job instance at 0x7fc76c03e910>,1,3,[4 5],2,2,5,0,2
1,<environment.Job instance at 0x7fc76c127dc0>,3,2,[5 1],4,4,6,0,4
1,<environment.Job instance at 0x7fc76be13190>,4,17,[9 4],5,5,22,0,5
1,<environment.Job instance at 0x7fc76be09870>,5,13,[6 4],6,6,19,0,6
1,<environment.Job instance at 0x7fc76be09dc0>,6,2,[5 5],7,19,21,12,7
1,<environment.Job instance at 0x7fc76be09fa0>,7,13,[1 9],8,21,34,13,8
1,<environment.Job instance at 0x7fc76c34e140>,0,15,[8 2],1,22,37,21,8
1,<environment.Job instance at 0x7fc76c1b4410>,14,15,[5 1],15,21,36,6,15
1,<environment.Job instance at 0x7fc76c33b230>,15,3,[5 2],16,36,39,20,16
1,<environment.Job instance at 0x7fc76c33bd70>,16,3,[ 5 10],17,37,40,20,17
1,<environment.Job instance at 0x7fc76c3b1aa0>,17,1,[8 5],18,39,40,21,18
1,<environment.Job instance at 0x7fc76c33d0a0>,18,2,[2 6],19,34,36,15,19
1,<environment.Job instance at 0x7fc76c1ce5f0>,9,15,[ 5 10],10,40,55,30,28
1,<environment.Job instance at 0x7fc76bff0460>,20,12,[9 2],21,40,52,19,28
1,<environment.Job instance at 0x7fc76bd58140>,21,2,[1 7],22,55,57,33,28
1,<environment.Job instance at 0x7fc76c33d5a0>,22,3,[ 3 11],23,57,60,34,31
1,<environment.Job instance at 0x7fc76be17eb0>,23,3,[2 5],24,52,55,28,31
1,<environment.Job instance at 0x7fc76be17500>,24,12,[5 9],25,60,72,35,43
1,<environment.Job instance at 0x7fc76be176e0>,25,12,[2 6],26,60,72,34,43
1,<environment.Job instance at 0x7fc76be177d0>,26,15,[2 7],27,72,87,45,61
1,<environment.Job instance at 0x7fc76be17370>,27,1,[9 3],28,72,73,44,61
1,<environment.Job instance at 0x7fc76c1b40f0>,11,14,[8 2],12,73,87,61,61
1,<environment.Job instance at 0x7fc76c1b4c30>,13,20,[2 6],14,73,93,59,64
1,<environment.Job instance at 0x7fc76bd30dc0>,19,18,[13  1],20,87,105,67,76
1,<environment.Job instance at 0x7fc76bd44640>,37,1,[4 5],38,105,106,67,77
1,<environment.Job instance at 0x7fc76bd447d0>,38,1,[2 9],39,93,94,54,77
1,<environment.Job instance at 0x7fc76bd444b0>,39,13,[4 6],40,105,118,65,90
1,<environment.Job instance at 0x7fc76bd44cd0>,40,15,[7 1],41,105,120,64,91
1,<environment.Job instance at 0x7fc76c0a2fa0>,0,2,[10  2],1,1,3,0,1
1,<environment.Job instance at 0x7fc76c0a2d20>,1,17,[2 6],2,2,19,0,2
1,<environment.Job instance at 0x7fc76c0a2820>,5,3,[2 5],6,6,9,0,6
1,<environment.Job instance at 0x7fc76c0a2460>,6,2,[11  3],7,7,9,0,7
1,<environment.Job instance at 0x7fc76c08dd20>,8,14,[ 2 10],9,19,33,10,9
1,<environment.Job instance at 0x7fc76c08dfa0>,9,17,[9 1],10,10,27,0,10
1,<environment.Job instance at 0x7fc76c08d2d0>,11,3,[7 3],12,27,30,15,12
1,<environment.Job instance at 0x7fc76c08df00>,10,18,[3 5],11,30,48,19,19
1,<environment.Job instance at 0x7fc76c074190>,15,13,[ 1 10],16,33,46,17,19
1,<environment.Job instance at 0x7fc76c074230>,16,3,[8 1],17,46,49,29,20
1,<environment.Job instance at 0x7fc76c074c30>,14,1,[14  4],15,49,50,34,21
1,<environment.Job instance at 0x7fc76c074d20>,13,1,[1 7],14,46,47,32,22
1,<environment.Job instance at 0x7fc76c074910>,20,13,[5 6],21,50,63,29,34
1,<environment.Job instance at 0x7fc76c0a0820>,22,12,[5 5],23,50,62,27,34
1,<environment.Job instance at 0x7fc76c0a05a0>,23,13,[4 9],24,62,75,38,46
1,<environment.Job instance at 0x7fc76c0a09b0>,24,2,[2 5],25,47,49,22,46
1,<environment.Job instance at 0x7fc76c695d70>,25,14,[7 4],26,63,77,37,48
1,<environment.Job instance at 0x7fc76c639820>,26,1,[3 8],27,48,49,21,48
1,<environment.Job instance at 0x7fc76cd17d20>,27,3,[10  2],28,77,80,49,51
1,<environment.Job instance at 0x7fc76cd11230>,28,1,[2 8],29,75,76,46,51
1,<environment.Job instance at 0x7fc76c71a9b0>,29,1,[ 3 10],30,76,77,46,51
1,<environment.Job instance at 0x7fc76c0a0870>,21,12,[5 5],22,77,89,55,61
1,<environment.Job instance at 0x7fc76c074690>,18,14,[4 6],19,80,94,61,65
1,<environment.Job instance at 0x7fc76cd0b4b0>,31,13,[4 5],32,89,102,57,75
1,<environment.Job instance at 0x7fc76bd019b0>,34,21,[7 2],35,89,110,54,81
1,<environment.Job instance at 0x7fc76cae3d20>,36,3,[ 3 10],37,102,105,65,81
1,<environment.Job instance at 0x7fc76cb370f0>,38,16,[6 3],39,105,121,66,92
1,<environment.Job instance at 0x7fc76bc6c870>,35,12,[ 1 10],36,105,117,69,92
1,<environment.Job instance at 0x7fc76bd17a00>,0,1,[6 3],1,1,2,0,1
1,<environment.Job instance at 0x7fc76bd17af0>,1,13,[5 3],2,2,15,0,2
1,<environment.Job instance at 0x7fc76bd17c80>,2,15,[5 1],3,3,18,0,3
1,<environment.Job instance at 0x7fc76bd17780>,3,18,[5 9],4,4,22,0,4
1,<environment.Job instance at 0x7fc76bd173c0>,4,12,[6 4],5,18,30,13,5
1,<environment.Job instance at 0x7fc76bd17aa0>,6,1,[7 2],7,22,23,15,10
1,<environment.Job instance at 0x7fc76bce9460>,11,16,[6 5],12,23,39,11,12
1,<environment.Job instance at 0x7fc76bce99b0>,12,1,[2 9],13,22,23,9,13
1,<environment.Job instance at 0x7fc76bc6c870>,5,21,[2 5],6,23,44,17,16
1,<environment.Job instance at 0x7fc76bce9370>,14,1,[5 8],15,39,40,24,16
1,<environment.Job instance at 0x7fc76bce6550>,15,12,[2 9],16,40,52,24,23
1,<environment.Job instance at 0x7fc76bce6e60>,16,14,[3 9],17,52,66,35,37
1,<environment.Job instance at 0x7fc76bce65a0>,17,2,[2 8],18,66,68,48,39
1,<environment.Job instance at 0x7fc76bce6410>,18,3,[5 9],19,68,71,49,42
1,<environment.Job instance at 0x7fc76bce9b90>,10,12,[2 5],11,44,56,33,43
1,<environment.Job instance at 0x7fc76bce6aa0>,20,3,[1 7],21,71,74,50,45
1,<environment.Job instance at 0x7fc76bce6280>,19,13,[5 9],20,74,87,54,58
1,<environment.Job instance at 0x7fc76bce65f0>,22,3,[ 1 10],23,87,90,64,61
1,<environment.Job instance at 0x7fc76bce6d20>,23,3,[7 3],24,61,64,37,61
1,<environment.Job instance at 0x7fc76bce9280>,8,14,[5 9],9,90,104,81,76
1,<environment.Job instance at 0x7fc76bce6a50>,25,13,[10  4],26,76,89,50,76
1,<environment.Job instance at 0x7fc76bd07730>,26,16,[5 5],27,89,105,62,77
1,<environment.Job instance at 0x7fc76bce9870>,9,19,[9 1],10,104,123,94,94
1,<environment.Job instance at 0x7fc76bc8fe10>,0,3,[9 5],1,1,4,0,1
1,<environment.Job instance at 0x7fc76bc8f320>,1,13,[1 7],2,2,15,0,2
1,<environment.Job instance at 0x7fc76bc8f1e0>,2,13,[4 8],3,4,17,1,3
1,<environment.Job instance at 0x7fc76cdc86e0>,4,2,[4 6],5,15,17,10,5
1,<environment.Job instance at 0x7fc76bc8f960>,5,3,[8 5],6,17,20,11,6
1,<environment.Job instance at 0x7fc76ce6e960>,6,12,[7 1],7,15,27,8,7
1,<environment.Job instance at 0x7fc76ce6ef50>,9,3,[5 1],10,20,23,10,10
1,<environment.Job instance at 0x7fc76ce6e370>,10,14,[6 4],11,23,37,12,11
1,<environment.Job instance at 0x7fc76ce6e690>,11,1,[10  4],12,37,38,25,12
1,<environment.Job instance at 0x7fc76cdc8870>,3,1,[6 2],4,27,28,23,13
1,<environment.Job instance at 0x7fc76ce6e4b0>,12,3,[6 4],13,28,31,15,13
1,<environment.Job instance at 0x7fc76ce6e1e0>,13,3,[6 2],14,31,34,17,14
1,<environment.Job instance at 0x7fc76cd3c7d0>,21,3,[5 5],22,34,37,12,22
1,<environment.Job instance at 0x7fc76cd3c730>,19,14,[3 7],20,37,51,17,22
1,<environment.Job instance at 0x7fc76cd3cfa0>,22,13,[1 5],23,23,36,0,23
1,<environment.Job instance at 0x7fc76cd3cbe0>,24,2,[10  3],25,38,40,13,25
1,<environment.Job instance at 0x7fc76cd3c460>,25,3,[5 5],26,40,43,14,26
1,<environment.Job instance at 0x7fc76cd3c5f0>,26,2,[3 9],27,51,53,24,27
1,<environment.Job instance at 0x7fc76d0135a0>,27,2,[7 2],28,40,42,12,28
1,<environment.Job instance at 0x7fc76d013050>,28,3,[10  4],29,43,46,14,29
1,<environment.Job instance at 0x7fc76d013c80>,29,1,[ 2 10],30,53,54,23,30
1,<environment.Job instance at 0x7fc76cd3caa0>,23,20,[5 4],24,46,66,22,37
1,<environment.Job instance at 0x7fc76d013a00>,31,2,[5 1],32,46,48,14,39
1,<environment.Job instance at 0x7fc76d013a50>,32,14,[6 5],33,54,68,21,39
1,<environment.Job instance at 0x7fc775d47410>,33,1,[7 2],34,42,43,8,39
1,<environment.Job instance at 0x7fc775d470a0>,34,15,[10  3],35,68,83,33,54
1,<environment.Job instance at 0x7fc76ce6e190>,18,17,[5 5],19,66,83,47,54
1,<environment.Job instance at 0x7fc775d47460>,35,20,[4 7],36,83,103,47,74
1,<environment.Job instance at 0x7fc76d011140>,37,13,[9 4],38,83,96,45,74
1,<environment.Job instance at 0x7fc76d011690>,39,17,[5 9],40,103,120,63,91
1,<environment.Job instance at 0x7fc76d090320>,40,15,[4 5],41,96,111,55,91
1,<environment.Job instance at 0x7fc76cd64b40>,0,1,[5 9],1,2,3,1,2
1,<environment.Job instance at 0x7fc76cae30f0>,1,3,[8 4],2,2,5,0,2
1,<environment.Job instance at 0x7fc76d090fa0>,2,3,[5 2],3,3,6,0,3
1,<environment.Job instance at 0x7fc76c5c3b90>,3,3,[9 2],4,5,8,1,4
1,<environment.Job instance at 0x7fc76bdc8320>,4,18,[4 7],5,6,24,1,5
1,<environment.Job instance at 0x7fc76bdc8460>,5,12,[5 6],6,8,20,2,6
1,<environment.Job instance at 0x7fc76bdc80f0>,7,13,[8 2],8,20,33,12,8
1,<environment.Job instance at 0x7fc76c5ddcd0>,8,1,[8 4],9,33,34,24,9
1,<environment.Job instance at 0x7fc76c5dd0a0>,9,3,[7 4],10,24,27,14,10
1,<environment.Job instance at 0x7fc76c5bb5f0>,10,2,[4 9],11,27,29,16,11
1,<environment.Job instance at 0x7fc76c5ddc30>,13,16,[4 9],14,29,45,15,16
1,<environment.Job instance at 0x7fc76c5cfbe0>,17,3,[6 4],18,34,37,16,26
1,<environment.Job instance at 0x7fc76c5cfd20>,18,15,[3 6],19,37,52,18,26
1,<environment.Job instance at 0x7fc76c5cfaa0>,15,13,[ 1 12],16,52,65,36,36
1,<environment.Job instance at 0x7fc76c5cff00>,14,1,[1 9],15,45,46,30,36
1,<environment.Job instance at 0x7fc76c5cf320>,21,2,[2 6],22,46,48,24,36
1,<environment.Job instance at 0x7fc76c5cf050>,22,3,[9 1],23,46,49,23,36
1,<environment.Job instance at 0x7fc76c5c3780>,6,17,[5 5],7,65,82,58,55
1,<environment.Job instance at 0x7fc76c5cf960>,12,17,[1 6],13,65,82,52,55
1,<environment.Job instance at 0x7fc76cb7e500>,24,17,[6 5],25,82,99,57,70
1,<environment.Job instance at 0x7fc76c5cf370>,20,28,[5 6],21,83,111,62,83
1,<environment.Job instance at 0x7fc76c5cf460>,19,18,[9 5],20,99,117,79,92
1,<environment.Job instance at 0x7fc76ce84820>,0,2,[2 7],1,1,3,0,1
1,<environment.Job instance at 0x7fc76c5cf3c0>,1,1,[10  4],2,2,3,0,2
1,<environment.Job instance at 0x7fc76ce847d0>,2,3,[3 8],3,3,6,0,3
1,<environment.Job instance at 0x7fc76c5cf460>,4,17,[3 6],5,5,22,0,5
1,<environment.Job instance at 0x7fc76ce84460>,7,16,[1 5],8,8,24,0,8
1,<environment.Job instance at 0x7fc76ce84e60>,8,2,[7 3],9,9,11,0,9
1,<environment.Job instance at 0x7fc76ce844b0>,9,1,[5 6],10,22,23,12,10
1,<environment.Job instance at 0x7fc76ce848c0>,10,13,[9 3],11,11,24,0,11
1,<environment.Job instance at 0x7fc76ce84410>,11,16,[2 7],12,23,39,11,12
1,<environment.Job instance at 0x7fc76ce845f0>,12,15,[3 8],13,24,39,11,13
1,<environment.Job instance at 0x7fc76d0b9fa0>,16,2,[7 3],17,39,41,22,17
1,<environment.Job instance at 0x7fc76ce84370>,13,13,[6 5],14,39,52,25,23
1,<environment.Job instance at 0x7fc76d0b9b90>,18,2,[2 7],19,39,41,20,23
1,<environment.Job instance at 0x7fc76d0b90a0>,19,2,[4 6],20,41,43,21,23
1,<environment.Job instance at 0x7fc76ce84d20>,14,13,[5 4],15,41,54,26,26
1,<environment.Job instance at 0x7fc76d0b9550>,20,16,[2 8],21,52,68,31,39
1,<environment.Job instance at 0x7fc76d0b9820>,23,17,[6 4],24,54,71,30,42
1,<environment.Job instance at 0x7fc76d0b9d20>,24,1,[8 1],25,52,53,27,42
1,<environment.Job instance at 0x7fc76d0b9c80>,25,16,[1 6],26,68,84,42,55
1,<environment.Job instance at 0x7fc76d0b99b0>,26,16,[14  3],27,71,87,44,58
1,<environment.Job instance at 0x7fc76d0b9460>,27,14,[12  5],28,87,101,59,72
1,<environment.Job instance at 0x7fc76d0b9500>,28,14,[5 4],29,101,115,72,86
1,<environment.Job instance at 0x7fc76d0b9e60>,29,2,[9 5],30,101,103,71,86
1,<environment.Job instance at 0x7fc76d0b9870>,30,1,[8 5],31,103,104,72,86
1,<environment.Job instance at 0x7fc76d0b9410>,15,15,[9 1],16,104,119,88,90
1,<environment.Job instance at 0x7fc76c072730>,32,2,[5 7],33,115,117,82,90
1,<environment.Job instance at 0x7fc76d1f9370>,0,1,[8 1],1,1,2,0,1
1,<environment.Job instance at 0x7fc76d1f9960>,1,18,[3 7],2,2,20,0,2
1,<environment.Job instance at 0x7fc76cd71730>,3,14,[5 5],4,4,18,0,4
1,<environment.Job instance at 0x7fc76d0d30a0>,6,13,[3 7],7,18,31,11,7
1,<environment.Job instance at 0x7fc76c269a00>,7,16,[5 8],8,20,36,12,9
1,<environment.Job instance at 0x7fc76c159fa0>,12,3,[10  5],13,31,34,18,13
1,<environment.Job instance at 0x7fc76c159c80>,13,15,[4 9],14,36,51,22,22
1,<environment.Job instance at 0x7fc76d0de6e0>,15,12,[ 3 10],16,51,63,35,34
1,<environment.Job instance at 0x7fc76d0dee60>,16,12,[9 4],17,34,46,17,34
1,<environment.Job instance at 0x7fc76d0de190>,18,12,[10  1],19,46,58,27,34
1,<environment.Job instance at 0x7fc76ccfe2d0>,19,21,[1 7],20,63,84,43,55
1,<environment.Job instance at 0x7fc76c4f5190>,20,16,[9 2],21,58,74,37,55
1,<environment.Job instance at 0x7fc76be64140>,25,12,[5 9],26,84,96,58,67
1,<environment.Job instance at 0x7fc76be29140>,26,12,[6 4],27,74,86,47,67
1,<environment.Job instance at 0x7fc76c4e7500>,27,17,[8 2],28,86,103,58,74
1,<environment.Job instance at 0x7fc76be2bf50>,28,17,[1 6],29,96,113,67,84
1,<environment.Job instance at 0x7fc76c4c35f0>,29,17,[9 2],30,103,120,73,91
1,<environment.Job instance at 0x7fc76be2b1e0>,32,15,[2 9],33,113,128,80,99
1,<environment.Job instance at 0x7fc76cb5ef00>,0,2,[9 1],1,2,4,1,2
1,<environment.Job instance at 0x7fc76cb5e780>,1,2,[6 2],2,2,4,0,2
1,<environment.Job instance at 0x7fc76d0ec370>,2,14,[9 3],3,4,18,1,3
1,<environment.Job instance at 0x7fc76cb5eb90>,3,2,[2 7],4,4,6,0,4
1,<environment.Job instance at 0x7fc76cb5eaf0>,4,1,[9 2],5,18,19,13,5
1,<environment.Job instance at 0x7fc76cb5e730>,5,3,[9 1],6,19,22,13,6
1,<environment.Job instance at 0x7fc76cb5eb40>,8,15,[7 1],9,22,37,13,9
1,<environment.Job instance at 0x7fc76cb5e9b0>,6,16,[4 9],7,9,25,2,9
1,<environment.Job instance at 0x7fc76cb5edc0>,9,14,[3 8],10,25,39,15,10
1,<environment.Job instance at 0x7fc76c9c7370>,13,2,[8 1],14,37,39,23,15
1,<environment.Job instance at 0x7fc76c9c7460>,14,1,[ 3 10],15,39,40,24,17
1,<environment.Job instance at 0x7fc76c9c7aa0>,16,12,[7 5],17,39,51,22,22
1,<environment.Job instance at 0x7fc76c9c7d70>,18,14,[6 3],19,40,54,21,25
1,<environment.Job instance at 0x7fc76c9c76e0>,20,17,[8 4],21,51,68,30,39
1,<environment.Job instance at 0x7fc76c9c72d0>,21,14,[ 5 10],22,54,68,32,39
1,<environment.Job instance at 0x7fc76c9c70f0>,22,19,[8 3],23,68,87,45,58
1,<environment.Job instance at 0x7fc76cb5ef50>,10,12,[5 9],11,68,80,57,61
1,<environment.Job instance at 0x7fc76c9c7960>,23,13,[8 3],24,87,100,63,71
1,<environment.Job instance at 0x7fc76c9c79b0>,28,14,[9 5],29,100,114,71,85
1,<environment.Job instance at 0x7fc76d2132d0>,31,13,[5 2],32,85,98,53,85
1,<environment.Job instance at 0x7fc76d2138c0>,33,17,[6 4],34,98,115,64,86
1,<environment.Job instance at 0x7fc76c481410>,1,14,[6 1],2,2,16,0,2
1,<environment.Job instance at 0x7fc76c481370>,0,2,[ 4 14],1,3,5,2,3
1,<environment.Job instance at 0x7fc76d213d20>,2,2,[1 5],3,5,7,2,3
1,<environment.Job instance at 0x7fc76d2138c0>,3,14,[4 8],4,5,19,1,4
1,<environment.Job instance at 0x7fc76c481870>,4,17,[3 7],5,16,33,11,5
1,<environment.Job instance at 0x7fc76c481f50>,5,3,[10  2],6,19,22,13,6
1,<environment.Job instance at 0x7fc76baba2d0>,6,14,[7 5],7,22,36,15,7
1,<environment.Job instance at 0x7fc76baba050>,7,2,[9 1],8,36,38,28,9
1,<environment.Job instance at 0x7fc76c4817d0>,8,2,[ 2 10],9,33,35,24,10
1,<environment.Job instance at 0x7fc76babad70>,12,1,[3 9],13,35,36,22,24
1,<environment.Job instance at 0x7fc76baba320>,16,12,[8 3],17,38,50,21,24
1,<environment.Job instance at 0x7fc76baba550>,9,18,[2 9],10,36,54,26,25
1,<environment.Job instance at 0x7fc76baba370>,22,3,[5 8],23,54,57,31,28
1,<environment.Job instance at 0x7fc76baba960>,13,18,[5 2],14,38,56,24,28
1,<environment.Job instance at 0x7fc76baba820>,21,13,[9 1],22,56,69,34,40
1,<environment.Job instance at 0x7fc76babaa00>,24,15,[10  2],25,69,84,44,55
1,<environment.Job instance at 0x7fc76baba870>,26,12,[3 5],27,57,69,30,55
1,<environment.Job instance at 0x7fc76bba46e0>,27,3,[8 3],28,84,87,56,58
1,<environment.Job instance at 0x7fc76bba4870>,28,1,[9 5],29,87,88,58,59
1,<environment.Job instance at 0x7fc76bba4500>,29,1,[7 3],30,84,85,54,59
1,<environment.Job instance at 0x7fc76bba4d70>,30,2,[9 4],31,88,90,57,61
1,<environment.Job instance at 0x7fc76bba4190>,31,1,[3 8],32,61,62,29,61
1,<environment.Job instance at 0x7fc76bba45a0>,32,18,[9 2],33,90,108,57,79
1,<environment.Job instance at 0x7fc76bba4320>,33,3,[9 5],34,108,111,74,82
1,<environment.Job instance at 0x7fc76bba4960>,34,14,[5 9],35,85,99,50,82
1,<environment.Job instance at 0x7fc76bba4b90>,35,14,[6 3],36,99,113,63,84
1,<environment.Job instance at 0x7fc76bba4690>,36,2,[ 5 12],37,111,113,74,84
1,<environment.Job instance at 0x7fc76d0763c0>,0,2,[2 6],1,1,3,0,1
1,<environment.Job instance at 0x7fc76d076eb0>,1,2,[7 1],2,2,4,0,2
1,<environment.Job instance at 0x7fc76d07ff00>,2,3,[6 1],3,3,6,0,3
1,<environment.Job instance at 0x7fc76bba4690>,4,22,[1 8],5,5,27,0,5
1,<environment.Job instance at 0x7fc76c0a1370>,6,1,[6 4],7,10,11,3,10
1,<environment.Job instance at 0x7fc76c0a19b0>,9,17,[9 1],10,11,28,1,11
1,<environment.Job instance at 0x7fc76c0a1af0>,5,18,[ 2 10],6,27,45,21,16
1,<environment.Job instance at 0x7fc76c709f50>,11,3,[1 8],12,45,48,33,19
1,<environment.Job instance at 0x7fc76c0a17d0>,7,2,[3 8],8,48,50,40,21
1,<environment.Job instance at 0x7fc76c0a16e0>,8,13,[14  3],9,50,63,41,37
1,<environment.Job instance at 0x7fc76c0a18c0>,12,26,[1 5],13,41,67,28,41
1,<environment.Job instance at 0x7fc76c709fa0>,10,16,[4 8],11,63,79,52,50
1,<environment.Job instance at 0x7fc76c7092d0>,17,12,[9 2],18,63,75,45,50
1,<environment.Job instance at 0x7fc76c7097d0>,20,13,[10  5],21,75,88,54,59
1,<environment.Job instance at 0x7fc76c709410>,24,15,[4 7],25,79,94,54,67
1,<environment.Job instance at 0x7fc76c709190>,15,15,[8 3],16,88,103,72,81
1,<environment.Job instance at 0x7fc76c709370>,32,15,[1 6],33,94,109,61,81
1,<environment.Job instance at 0x7fc76c709b90>,31,16,[4 9],32,103,119,71,90
1,<environment.Job instance at 0x7fc76cf0c410>,0,2,[5 4],1,1,3,0,1
1,<environment.Job instance at 0x7fc76cf0c3c0>,1,12,[2 5],2,2,14,0,2
1,<environment.Job instance at 0x7fc775a8d690>,3,14,[1 6],4,4,18,0,4
1,<environment.Job instance at 0x7fc76c6783c0>,4,16,[7 3],5,5,21,0,5
1,<environment.Job instance at 0x7fc76c6780a0>,5,22,[5 2],6,14,36,8,7
1,<environment.Job instance at 0x7fc76c678910>,7,2,[2 6],8,18,20,10,8
1,<environment.Job instance at 0x7fc76c678d70>,8,13,[5 7],9,21,34,12,9
1,<environment.Job instance at 0x7fc76c678f50>,9,3,[7 2],10,34,37,24,10
1,<environment.Job instance at 0x7fc76c678780>,16,3,[10  1],17,37,40,20,17
1,<environment.Job instance at 0x7fc76c511550>,17,15,[7 2],18,40,55,22,26
1,<environment.Job instance at 0x7fc76c511a50>,18,1,[5 1],19,26,27,7,26
1,<environment.Job instance at 0x7fc76c511c30>,19,2,[7 4],20,40,42,20,26
1,<environment.Job instance at 0x7fc76c511730>,20,2,[1 9],21,34,36,13,26
1,<environment.Job instance at 0x7fc76c678be0>,12,14,[6 1],13,42,56,29,31
1,<environment.Job instance at 0x7fc76c511b90>,15,18,[10  4],16,56,74,40,45
1,<environment.Job instance at 0x7fc76c511e60>,25,16,[2 7],26,45,61,19,45
1,<environment.Job instance at 0x7fc76c511640>,28,18,[8 3],29,74,92,45,63
1,<environment.Job instance at 0x7fc76c511820>,29,15,[6 5],30,74,89,44,63
1,<environment.Job instance at 0x7fc7758fd460>,32,15,[ 2 10],33,89,104,56,75
1,<environment.Job instance at 0x7fc7758fde60>,33,18,[6 3],34,92,110,58,81
1,<environment.Job instance at 0x7fc7758fdb90>,34,17,[10  3],35,110,127,75,98
1,<environment.Job instance at 0x7fc76c10b280>,0,22,[4 6],1,1,23,0,1
1,<environment.Job instance at 0x7fc76cabfeb0>,1,2,[1 8],2,2,4,0,2
1,<environment.Job instance at 0x7fc76cabf0a0>,2,18,[5 6],3,4,22,1,3
1,<environment.Job instance at 0x7fc76cabf4b0>,7,2,[9 5],8,22,24,14,8
1,<environment.Job instance at 0x7fc76cabfe10>,6,1,[6 4],7,23,24,16,9
1,<environment.Job instance at 0x7fc76cabf910>,5,17,[3 9],6,24,41,18,12
1,<environment.Job instance at 0x7fc76cabf140>,10,3,[7 5],11,24,27,13,13
1,<environment.Job instance at 0x7fc76cabf550>,9,2,[2 5],10,27,29,17,14
1,<environment.Job instance at 0x7fc76bdb6190>,13,2,[8 3],14,29,31,15,14
1,<environment.Job instance at 0x7fc76cabfd20>,8,12,[10  5],9,31,43,22,15
1,<environment.Job instance at 0x7fc76bdb6730>,14,13,[9 1],15,43,56,28,27
1,<environment.Job instance at 0x7fc76bba3af0>,20,14,[ 3 10],21,41,55,20,27
1,<environment.Job instance at 0x7fc76bba35f0>,23,14,[9 2],24,56,70,32,41
1,<environment.Job instance at 0x7fc76bba3230>,24,15,[3 7],25,55,70,30,41
1,<environment.Job instance at 0x7fc76bba3640>,29,15,[4 9],30,70,85,40,56
1,<environment.Job instance at 0x7fc76bba3c30>,30,15,[1 6],31,56,71,25,56
1,<environment.Job instance at 0x7fc76bba3370>,35,16,[8 5],36,71,87,35,58
1,<environment.Job instance at 0x7fc76bba3cd0>,36,13,[4 5],37,85,98,48,69
1,<environment.Job instance at 0x7fc76ba49dc0>,39,18,[7 2],40,87,105,47,76
1,<environment.Job instance at 0x7fc76ba49640>,43,12,[5 8],44,98,110,54,81
1,<environment.Job instance at 0x7fc76ba49d70>,47,13,[5 5],48,105,118,57,89
1,<environment.Job instance at 0x7fc76c6383c0>,51,12,[4 5],52,110,122,58,93
1,<environment.Job instance at 0x7fc76c72be10>,1,14,[2 7],2,2,16,0,2
1,<environment.Job instance at 0x7fc76c638140>,2,3,[5 1],3,3,6,0,3
1,<environment.Job instance at 0x7fc76c72b910>,3,18,[10  5],4,6,24,2,4
1,<environment.Job instance at 0x7fc76c72b1e0>,4,1,[7 2],5,5,6,0,5
1,<environment.Job instance at 0x7fc76c72b3c0>,5,14,[13  2],6,24,38,18,9
1,<environment.Job instance at 0x7fc76c72b7d0>,7,1,[6 4],8,38,39,30,19
1,<environment.Job instance at 0x7fc76c72b9b0>,10,3,[ 4 10],11,20,23,9,20
1,<environment.Job instance at 0x7fc76c72b820>,11,3,[6 5],12,38,41,26,23
1,<environment.Job instance at 0x7fc76c72bb90>,9,14,[3 5],10,38,52,28,23
1,<environment.Job instance at 0x7fc76c72b140>,13,2,[1 5],14,23,25,9,23
1,<environment.Job instance at 0x7fc76c6383c0>,6,16,[5 2],7,39,55,32,26
1,<environment.Job instance at 0x7fc76c72b730>,14,17,[9 5],15,52,69,37,40
1,<environment.Job instance at 0x7fc76c72bd20>,16,3,[4 5],17,41,44,24,40
1,<environment.Job instance at 0x7fc76c72b780>,17,12,[ 3 10],18,55,67,37,40
1,<environment.Job instance at 0x7fc76c72b690>,18,2,[6 4],19,44,46,25,40
1,<environment.Job instance at 0x7fc76c72bdc0>,15,14,[2 9],16,67,81,51,52
1,<environment.Job instance at 0x7fc76ccf0c30>,24,13,[10  5],25,69,82,44,54
1,<environment.Job instance at 0x7fc76ccf0910>,27,17,[1 7],28,81,98,53,69
1,<environment.Job instance at 0x7fc76d2273c0>,29,17,[8 4],30,82,99,52,70
1,<environment.Job instance at 0x7fc76d227f00>,34,13,[2 5],35,98,111,63,83
1,<environment.Job instance at 0x7fc76ccf0b40>,19,19,[2 9],20,99,118,79,89
1,<environment.Job instance at 0x7fc76d227140>,36,13,[12  4],37,111,124,74,95
1,<environment.Job instance at 0x7fc76d227a50>,37,3,[4 9],38,124,127,86,98
1,<environment.Job instance at 0x7fc76bbd72d0>,0,2,[4 6],1,1,3,0,1
1,<environment.Job instance at 0x7fc775d3b730>,3,22,[5 4],4,4,26,0,4
1,<environment.Job instance at 0x7fc775d3b960>,4,1,[7 5],5,5,6,0,5
1,<environment.Job instance at 0x7fc775d3bb40>,5,17,[ 4 10],6,6,23,0,6
1,<environment.Job instance at 0x7fc775d3b140>,6,3,[1 8],7,23,26,16,7
1,<environment.Job instance at 0x7fc775d3b1e0>,7,1,[3 5],8,26,27,18,8
1,<environment.Job instance at 0x7fc775d3b9b0>,8,2,[5 7],9,26,28,17,9
1,<environment.Job instance at 0x7fc775d3b6e0>,9,2,[2 5],10,27,29,17,10
1,<environment.Job instance at 0x7fc775d3b410>,12,3,[6 2],13,23,26,10,16
1,<environment.Job instance at 0x7fc775d6a7d0>,11,17,[6 5],12,28,45,16,16
1,<environment.Job instance at 0x7fc775d3ba50>,10,16,[1 5],11,28,44,17,16
1,<environment.Job instance at 0x7fc775d3b870>,14,2,[1 7],15,44,46,29,18
1,<environment.Job instance at 0x7fc76ba2b500>,18,1,[1 6],19,45,46,26,19
1,<environment.Job instance at 0x7fc76ba2b9b0>,19,3,[5 2],20,29,32,9,20
1,<environment.Job instance at 0x7fc76ba2bdc0>,20,2,[2 6],21,46,48,25,21
1,<environment.Job instance at 0x7fc76ba2b780>,21,3,[5 8],22,46,49,24,22
1,<environment.Job instance at 0x7fc76ba2b230>,22,2,[2 8],23,49,51,26,23
1,<environment.Job instance at 0x7fc76ba2bd70>,28,16,[1 8],29,51,67,22,38
1,<environment.Job instance at 0x7fc76ba2b7d0>,29,12,[9 3],30,48,60,18,38
1,<environment.Job instance at 0x7fc76ba2b820>,30,3,[8 4],31,38,41,7,38
1,<environment.Job instance at 0x7fc76ba2b730>,31,13,[5 5],32,60,73,28,44
1,<environment.Job instance at 0x7fc76ba2bbe0>,32,3,[9 3],33,67,70,34,44
1,<environment.Job instance at 0x7fc76ba2b640>,34,17,[10  4],35,70,87,35,58
1,<environment.Job instance at 0x7fc76ba2b0a0>,35,3,[5 6],36,73,76,37,58
1,<environment.Job instance at 0x7fc76ce00e10>,40,13,[8 3],41,87,100,46,71
1,<environment.Job instance at 0x7fc76ce004b0>,41,16,[8 1],42,100,116,58,87
1,<environment.Job instance at 0x7fc76ce00640>,47,19,[4 7],48,87,106,39,87
1,<environment.Job instance at 0x7fc76d069230>,49,15,[6 1],50,106,121,56,92
1,<environment.Job instance at 0x7fc76d26e4b0>,0,20,[5 8],1,2,22,1,2
1,<environment.Job instance at 0x7fc76d26eb90>,1,2,[10  5],2,2,4,0,2
1,<environment.Job instance at 0x7fc76d069230>,2,1,[9 4],3,7,8,4,7
1,<environment.Job instance at 0x7fc76cfcadc0>,7,14,[8 3],8,8,22,0,8
1,<environment.Job instance at 0x7fc76d28d140>,8,14,[7 5],9,22,36,13,9
1,<environment.Job instance at 0x7fc76d05bb90>,3,2,[3 6],4,22,24,18,12
1,<environment.Job instance at 0x7fc76c84b5f0>,4,1,[1 7],5,24,25,19,12
1,<environment.Job instance at 0x7fc76d28d230>,11,12,[7 5],12,25,37,13,12
1,<environment.Job instance at 0x7fc76d28d280>,12,16,[11  5],13,37,53,24,24
1,<environment.Job instance at 0x7fc76c84bf00>,5,2,[1 8],6,36,38,30,25
1,<environment.Job instance at 0x7fc76d28daf0>,14,18,[3 8],15,38,56,23,27
1,<environment.Job instance at 0x7fc76c099140>,16,14,[3 9],17,56,70,39,41
1,<environment.Job instance at 0x7fc76c0999b0>,18,13,[5 9],19,70,83,51,54
1,<environment.Job instance at 0x7fc76c099190>,20,14,[5 5],21,54,68,33,54
1,<environment.Job instance at 0x7fc76d28db40>,15,2,[ 5 10],16,83,85,67,58
1,<environment.Job instance at 0x7fc7758bee60>,22,1,[5 8],23,85,86,62,61
1,<environment.Job instance at 0x7fc76d1039b0>,23,1,[6 3],24,68,69,44,61
1,<environment.Job instance at 0x7fc7758be370>,24,3,[6 1],25,61,64,36,61
1,<environment.Job instance at 0x7fc76d103690>,25,1,[10  4],26,69,70,43,61
1,<environment.Job instance at 0x7fc76d1b4d20>,26,12,[9 1],27,70,82,43,63
1,<environment.Job instance at 0x7fc7758be0f0>,21,17,[2 9],22,86,103,64,74
1,<environment.Job instance at 0x7fc76c09fd70>,28,14,[7 3],29,82,96,53,74
1,<environment.Job instance at 0x7fc76c09f5a0>,30,12,[3 8],31,103,115,72,86
1,<environment.Job instance at 0x7fc76c09fa50>,34,18,[6 3],35,86,104,51,86
1,<environment.Job instance at 0x7fc76c09ff50>,27,3,[10  1],28,104,107,76,90
1,<environment.Job instance at 0x7fc76c09f5f0>,37,16,[2 6],38,104,120,66,91
1,<environment.Job instance at 0x7fc76c923f00>,0,17,[4 8],1,1,18,0,1
1,<environment.Job instance at 0x7fc76c923410>,1,17,[3 6],2,2,19,0,2
1,<environment.Job instance at 0x7fc76c9236e0>,3,1,[9 3],4,18,19,14,4
1,<environment.Job instance at 0x7fc76c923190>,4,1,[ 1 11],5,19,20,14,5
1,<environment.Job instance at 0x7fc76c923640>,5,1,[ 3 14],6,20,21,14,6
1,<environment.Job instance at 0x7fc76c9233c0>,2,17,[ 4 10],3,21,38,18,9
1,<environment.Job instance at 0x7fc76c923e10>,6,1,[1 9],7,38,39,31,10
1,<environment.Job instance at 0x7fc76c923370>,9,18,[5 5],10,21,39,11,10
1,<environment.Job instance at 0x7fc76cf35d70>,15,3,[8 5],16,39,42,23,16
1,<environment.Job instance at 0x7fc76cf35c30>,14,17,[6 1],15,38,55,23,26
1,<environment.Job instance at 0x7fc76c923320>,8,3,[6 2],9,42,45,33,28
1,<environment.Job instance at 0x7fc76cf35870>,18,3,[1 7],19,39,42,20,28
1,<environment.Job instance at 0x7fc76cf35500>,20,14,[7 4],21,45,59,24,30
1,<environment.Job instance at 0x7fc76cf35dc0>,21,17,[ 4 10],22,55,72,33,43
1,<environment.Job instance at 0x7fc76cf35d20>,25,18,[5 3],26,59,77,33,48
1,<environment.Job instance at 0x7fc76cf350f0>,27,15,[5 1],28,59,74,31,48
1,<environment.Job instance at 0x7fc76cf354b0>,29,13,[6 1],30,74,87,44,58
1,<environment.Job instance at 0x7fc76cf35910>,30,12,[ 4 10],31,72,84,41,58
1,<environment.Job instance at 0x7fc76bda7640>,31,17,[6 1],32,84,101,52,72
1,<environment.Job instance at 0x7fc76cf35190>,16,17,[3 7],17,84,101,67,72
1,<environment.Job instance at 0x7fc76c923a50>,10,16,[5 4],11,87,103,76,83
1,<environment.Job instance at 0x7fc76bda7910>,34,2,[6 1],35,101,103,66,83
1,<environment.Job instance at 0x7fc76bda7a50>,35,3,[7 2],36,103,106,67,83
1,<environment.Job instance at 0x7fc76bda7460>,36,1,[10  5],37,106,107,69,83
1,<environment.Job instance at 0x7fc76bda78c0>,37,3,[10  3],38,107,110,69,83
1,<environment.Job instance at 0x7fc76bda7230>,33,15,[5 8],34,103,118,69,97
1,<environment.Job instance at 0x7fc76bda79b0>,32,16,[9 2],33,110,126,77,99
1,<environment.Job instance at 0x7fc76ca955a0>,0,12,[9 2],1,1,13,0,1
1,<environment.Job instance at 0x7fc76bda7e60>,2,15,[4 9],3,3,18,0,3
1,<environment.Job instance at 0x7fc76bb88b90>,3,13,[7 3],4,13,26,9,4
1,<environment.Job instance at 0x7fc76bb88f00>,4,3,[2 5],5,18,21,13,5
1,<environment.Job instance at 0x7fc76bb7d640>,5,3,[1 5],6,18,21,12,6
1,<environment.Job instance at 0x7fc76c2dc0f0>,6,15,[6 4],7,21,36,14,7
1,<environment.Job instance at 0x7fc76d123320>,7,3,[3 5],8,26,29,18,8
1,<environment.Job instance at 0x7fc76d123410>,8,3,[6 4],9,26,29,17,9
1,<environment.Job instance at 0x7fc76d123730>,13,21,[5 4],14,29,50,15,21
1,<environment.Job instance at 0x7fc76d123910>,16,12,[10  3],17,36,48,19,21
1,<environment.Job instance at 0x7fc76d123af0>,19,14,[5 9],20,48,62,28,33
1,<environment.Job instance at 0x7fc76d123c80>,21,12,[4 6],22,50,62,28,33
1,<environment.Job instance at 0x7fc76d123d70>,22,18,[10  3],23,62,80,39,51
1,<environment.Job instance at 0x7fc76c981190>,27,18,[3 8],28,62,80,34,51
1,<environment.Job instance at 0x7fc76c9812d0>,29,12,[1 5],30,80,92,50,63
1,<environment.Job instance at 0x7fc76c9814b0>,32,13,[3 6],33,80,93,47,64
1,<environment.Job instance at 0x7fc76c9816e0>,33,17,[7 2],34,80,97,46,68
1,<environment.Job instance at 0x7fc76d1235f0>,11,13,[3 5],12,92,105,80,76
1,<environment.Job instance at 0x7fc76c9817d0>,35,1,[5 9],36,97,98,61,83
1,<environment.Job instance at 0x7fc76c9815f0>,34,18,[1 8],35,98,116,63,87
1,<environment.Job instance at 0x7efc4cdcf230>,0,13,[9 3],1,1,14,0,1
1,<environment.Job instance at 0x7efc4cdcf320>,2,22,[4 8],3,3,25,0,3
1,<environment.Job instance at 0x7efc43657460>,3,3,[4 8],4,25,28,21,4
1,<environment.Job instance at 0x7efc43657640>,4,14,[1 6],5,14,28,9,5
1,<environment.Job instance at 0x7efc43657730>,5,2,[1 5],6,28,30,22,6
1,<environment.Job instance at 0x7efc43657820>,6,20,[6 1],7,14,34,7,7
1,<environment.Job instance at 0x7efc436579b0>,11,15,[4 8],12,28,43,16,14
1,<environment.Job instance at 0x7efc43657a50>,10,12,[3 7],11,34,46,23,19
1,<environment.Job instance at 0x7efc43657eb0>,14,13,[7 3],15,43,56,28,28
1,<environment.Job instance at 0x7efc43657e10>,15,18,[2 8],16,46,64,30,35
1,<environment.Job instance at 0x7efc43657c80>,16,16,[3 5],17,56,72,39,43
1,<environment.Job instance at 0x7efc43657f50>,17,3,[4 9],18,64,67,46,43
1,<environment.Job instance at 0x7efc43657d70>,18,3,[4 7],19,67,70,48,45
1,<environment.Job instance at 0x7efc43659320>,19,14,[3 5],20,70,84,50,55
1,<environment.Job instance at 0x7efc436592d0>,20,1,[7 5],21,70,71,49,55
1,<environment.Job instance at 0x7efc43659370>,21,1,[6 5],22,71,72,49,55
1,<environment.Job instance at 0x7efc43659410>,22,1,[2 7],23,72,73,49,55
1,<environment.Job instance at 0x7efc43657dc0>,13,18,[ 4 10],14,73,91,59,64
1,<environment.Job instance at 0x7efc43659500>,24,18,[2 6],25,91,109,66,81
1,<environment.Job instance at 0x7efc436595a0>,25,12,[ 5 10],26,109,121,83,92
1,<environment.Job instance at 0x7efc43659690>,26,3,[3 7],27,92,95,65,92
1,<environment.Job instance at 0x7efc43659730>,27,15,[8 4],28,95,110,67,92
1,<environment.Job instance at 0x7efc43659910>,29,12,[5 4],30,95,107,65,93
1,<environment.Job instance at 0x7efc43659960>,30,14,[5 2],31,110,124,79,95
1,<environment.Job instance at 0x7efc43659a00>,31,14,[2 5],32,121,135,89,106
1,<environment.Job instance at 0x7efc43659b40>,33,14,[5 5],34,121,135,87,106
1,<environment.Job instance at 0x7efc43a9b960>,0,3,[6 5],1,1,4,0,1
1,<environment.Job instance at 0x7efc43659b40>,2,2,[6 2],3,3,5,0,3
1,<environment.Job instance at 0x7efc43659b90>,1,26,[ 5 10],2,4,30,2,3
1,<environment.Job instance at 0x7efc43a9b690>,3,15,[6 1],4,5,20,1,4
1,<environment.Job instance at 0x7efc43a9b4b0>,4,14,[2 5],5,20,34,15,5
1,<environment.Job instance at 0x7efc43af8fa0>,7,1,[1 5],8,30,31,22,8
1,<environment.Job instance at 0x7efc43af8be0>,8,1,[3 6],9,31,32,22,9
1,<environment.Job instance at 0x7efc43af8e10>,10,2,[7 2],11,30,32,19,13
1,<environment.Job instance at 0x7efc43af8820>,12,3,[ 4 12],13,34,37,21,16
1,<environment.Job instance at 0x7efc43af8780>,16,3,[ 5 10],17,37,40,20,18
1,<environment.Job instance at 0x7efc43af8cd0>,11,1,[2 6],12,32,33,20,18
1,<environment.Job instance at 0x7efc43af8460>,15,21,[4 5],16,37,58,21,29
1,<environment.Job instance at 0x7efc43af83c0>,20,15,[8 3],21,40,55,19,29
1,<environment.Job instance at 0x7efc43af8eb0>,9,20,[2 6],10,40,60,30,32
1,<environment.Job instance at 0x7efc42da0a50>,24,3,[5 6],25,58,61,33,36
1,<environment.Job instance at 0x7efc42d9d8c0>,23,16,[ 3 10],24,61,77,37,48
1,<environment.Job instance at 0x7efc42da2f50>,26,1,[9 3],27,55,56,28,48
1,<environment.Job instance at 0x7efc430fd3c0>,27,20,[9 2],28,60,80,32,51
1,<environment.Job instance at 0x7efc42da2280>,25,14,[ 2 10],26,77,91,51,63
1,<environment.Job instance at 0x7efc430fd0f0>,28,16,[11  2],29,80,96,51,67
1,<environment.Job instance at 0x7efc430fd6e0>,31,13,[5 6],32,96,109,64,80
1,<environment.Job instance at 0x7efc43115e10>,32,3,[4 7],33,91,94,58,80
1,<environment.Job instance at 0x7efc42cca0a0>,33,15,[ 1 12],34,109,124,75,95
1,<environment.Job instance at 0x7efc431159b0>,34,2,[2 7],35,95,97,60,95
1,<environment.Job instance at 0x7efc431a2d70>,35,3,[ 4 13],36,124,127,88,98
1,<environment.Job instance at 0x7efc42ccfe60>,0,18,[4 5],1,1,19,0,1
1,<environment.Job instance at 0x7efc436597d0>,2,1,[ 4 13],3,19,20,16,5
1,<environment.Job instance at 0x7efc42d0b320>,5,1,[3 8],6,6,7,0,6
1,<environment.Job instance at 0x7efc42d0b9b0>,4,16,[9 4],5,20,36,15,7
1,<environment.Job instance at 0x7efc42ccfdc0>,1,18,[2 8],2,20,38,18,10
1,<environment.Job instance at 0x7efc42d0b050>,9,13,[6 3],10,36,49,26,21
1,<environment.Job instance at 0x7efc42d0bb40>,11,1,[8 3],12,38,39,26,21
1,<environment.Job instance at 0x7efc42d0b780>,7,16,[9 2],8,39,55,31,26
1,<environment.Job instance at 0x7efc42d5baa0>,16,19,[2 7],17,49,68,32,39
1,<environment.Job instance at 0x7efc42d5b370>,18,18,[6 3],19,55,73,36,44
1,<environment.Job instance at 0x7efc42d5b320>,24,16,[7 5],25,55,71,30,44
1,<environment.Job instance at 0x7efc42d5b410>,26,16,[7 4],27,71,87,44,58
1,<environment.Job instance at 0x7efc42d5b460>,28,18,[4 6],29,73,91,44,62
1,<environment.Job instance at 0x7efc42d0bc80>,10,13,[7 4],11,87,100,76,71
1,<environment.Job instance at 0x7efc42d71640>,37,17,[5 2],38,91,108,53,79
1,<environment.Job instance at 0x7efc42d71f00>,38,18,[4 5],39,100,118,61,89
1,<environment.Job instance at 0x7efc42d5beb0>,34,14,[5 5],35,100,114,65,89
1,<environment.Job instance at 0x7efc4348f050>,45,2,[1 5],46,90,92,44,90
1,<environment.Job instance at 0x7efc43b82280>,46,3,[8 4],47,114,117,67,90
1,<environment.Job instance at 0x7efc433fb8c0>,44,12,[7 2],45,117,129,72,100
1,<environment.Job instance at 0x7efc43b82e60>,48,15,[3 6],49,114,129,65,102
1,<environment.Job instance at 0x7efc434c70a0>,50,17,[2 6],51,118,135,67,106
1,<environment.Job instance at 0x7efc42ff4690>,1,24,[9 1],2,3,27,1,3
1,<environment.Job instance at 0x7efc43050500>,0,24,[2 8],1,5,29,4,5
1,<environment.Job instance at 0x7efc43050730>,7,1,[4 5],8,9,10,1,9
1,<environment.Job instance at 0x7efc42d971e0>,8,1,[2 9],9,29,30,20,9
1,<environment.Job instance at 0x7efc43050af0>,6,16,[ 5 10],7,30,46,23,17
1,<environment.Job instance at 0x7efc4308ccd0>,11,17,[10  3],12,27,44,15,17
1,<environment.Job instance at 0x7efc4308c910>,12,13,[1 6],13,46,59,33,30
1,<environment.Job instance at 0x7efc4308caa0>,14,14,[1 5],15,44,58,29,30
1,<environment.Job instance at 0x7efc4305de10>,19,16,[5 4],20,46,62,26,33
1,<environment.Job instance at 0x7efc4305d0f0>,20,14,[8 3],21,58,72,37,43
1,<environment.Job instance at 0x7efc430509b0>,5,15,[ 1 11],6,62,77,56,48
1,<environment.Job instance at 0x7efc42d43c30>,23,1,[1 7],24,59,60,35,48
1,<environment.Job instance at 0x7efc42d43410>,22,12,[8 1],23,72,84,49,65
1,<environment.Job instance at 0x7efc42d97690>,10,15,[7 1],11,77,92,66,69
1,<environment.Job instance at 0x7efc42cdc0a0>,26,16,[9 2],27,92,108,65,79
1,<environment.Job instance at 0x7efc43069c80>,31,17,[7 5],32,108,125,76,96
1,<environment.Job instance at 0x7efc436b3730>,32,12,[3 8],33,96,108,63,96
1,<environment.Job instance at 0x7efc43a7bc30>,34,15,[4 6],35,108,123,73,96
1,<environment.Job instance at 0x7efc42d98c80>,37,15,[5 3],38,123,138,85,109
1,<environment.Job instance at 0x7efc42ffed20>,0,18,[4 7],1,1,19,0,1
1,<environment.Job instance at 0x7efc42fff0f0>,2,14,[ 1 11],3,19,33,16,4
1,<environment.Job instance at 0x7efc430e6690>,3,14,[2 7],4,4,18,0,4
1,<environment.Job instance at 0x7efc42ff9780>,5,2,[5 5],6,33,35,27,6
1,<environment.Job instance at 0x7efc42ff98c0>,6,2,[13  4],7,19,21,12,7
1,<environment.Job instance at 0x7efc42ff92d0>,7,3,[3 5],8,33,36,25,8
1,<environment.Job instance at 0x7efc42ff75f0>,11,3,[9 3],12,21,24,9,12
1,<environment.Job instance at 0x7efc4302f3c0>,12,3,[ 4 10],13,35,38,22,13
1,<environment.Job instance at 0x7efc4302f6e0>,13,3,[8 4],14,24,27,10,14
1,<environment.Job instance at 0x7efc4302f780>,14,3,[6 1],15,15,18,0,15
1,<environment.Job instance at 0x7efc42ff7780>,10,1,[5 1],11,18,19,7,16
1,<environment.Job instance at 0x7efc43004f50>,18,17,[7 4],19,36,53,17,24
1,<environment.Job instance at 0x7efc43004550>,20,12,[8 5],21,38,50,17,24
1,<environment.Job instance at 0x7efc4301b190>,21,3,[9 2],22,27,30,5,25
1,<environment.Job instance at 0x7efc4301b230>,22,18,[6 3],23,50,68,27,39
1,<environment.Job instance at 0x7efc4301baf0>,25,16,[6 3],26,53,69,27,40
1,<environment.Job instance at 0x7efc43015050>,30,15,[7 5],31,68,83,37,54
1,<environment.Job instance at 0x7efc430153c0>,34,17,[8 5],35,69,86,34,57
1,<environment.Job instance at 0x7efc43086730>,39,13,[1 9],40,83,96,43,67
1,<environment.Job instance at 0x7efc42c12140>,40,19,[6 3],41,86,105,45,76
1,<environment.Job instance at 0x7efc430b2640>,41,13,[5 5],42,96,109,54,80
1,<environment.Job instance at 0x7efc42c12fa0>,43,12,[1 8],44,105,117,61,88
1,<environment.Job instance at 0x7efc42c12960>,44,16,[10  3],45,109,125,64,96
1,<environment.Job instance at 0x7efc433ab2d0>,47,13,[6 4],48,125,138,77,109
1,<environment.Job instance at 0x7efc4308ed20>,0,1,[6 3],1,1,2,0,1
1,<environment.Job instance at 0x7efc4308edc0>,2,18,[5 1],3,3,21,0,3
1,<environment.Job instance at 0x7efc4308e5f0>,3,2,[5 6],4,4,6,0,4
1,<environment.Job instance at 0x7efc42cb3780>,4,2,[2 5],5,5,7,0,5
1,<environment.Job instance at 0x7efc42cb3910>,5,3,[6 5],6,6,9,0,6
1,<environment.Job instance at 0x7efc42cb30f0>,6,3,[8 2],7,9,12,2,7
1,<environment.Job instance at 0x7efc42cb3500>,7,13,[7 3],8,12,25,4,8
1,<environment.Job instance at 0x7efc42cb3b90>,12,15,[1 6],13,13,28,0,13
1,<environment.Job instance at 0x7efc42cb3f50>,14,12,[4 6],15,21,33,6,15
1,<environment.Job instance at 0x7efc42cb3d20>,15,17,[7 1],16,25,42,9,16
1,<environment.Job instance at 0x7efc42caf1e0>,17,18,[1 7],18,28,46,10,18
1,<environment.Job instance at 0x7efc42caf690>,21,14,[10  4],22,42,56,20,27
1,<environment.Job instance at 0x7efc42caf780>,22,18,[5 5],23,46,64,23,35
1,<environment.Job instance at 0x7efc42caf0f0>,24,12,[8 4],25,56,68,31,39
1,<environment.Job instance at 0x7efc42caf6e0>,25,15,[7 4],26,64,79,38,50
1,<environment.Job instance at 0x7efc42caf5f0>,27,14,[6 2],28,68,82,40,53
1,<environment.Job instance at 0x7efc42caf730>,28,21,[5 8],29,79,100,50,71
1,<environment.Job instance at 0x7efc42caf640>,29,17,[7 2],30,82,99,52,71
1,<environment.Job instance at 0x7efc42cab910>,32,18,[5 1],33,99,117,66,88
1,<environment.Job instance at 0x7efc42cabb90>,34,12,[6 5],35,100,112,65,88
1,<environment.Job instance at 0x7efc42ca70f0>,49,17,[1 5],50,88,105,38,88
1,<environment.Job instance at 0x7efc42ca7dc0>,51,13,[1 7],52,105,118,53,89
1,<environment.Job instance at 0x7efc42c97820>,60,14,[6 4],61,112,126,51,97
1,<environment.Job instance at 0x7efc42c972d0>,64,15,[9 1],65,118,133,53,105
1,<environment.Job instance at 0x7efc43d47780>,0,1,[4 6],1,1,2,0,1
1,<environment.Job instance at 0x7efc43d47f00>,2,18,[5 9],3,3,21,0,3
1,<environment.Job instance at 0x7efc43e9ec80>,3,16,[6 5],4,4,20,0,4
1,<environment.Job instance at 0x7efc43e9e280>,1,1,[4 6],2,20,21,18,8
1,<environment.Job instance at 0x7efc43e9e870>,4,2,[ 2 10],5,21,23,16,9
1,<environment.Job instance at 0x7efc43e9e500>,9,15,[6 3],10,21,36,11,10
1,<environment.Job instance at 0x7efc43e9ea00>,10,15,[3 9],11,23,38,12,11
1,<environment.Job instance at 0x7efc43e9eb40>,11,2,[9 5],12,36,38,24,12
1,<environment.Job instance at 0x7efc4398adc0>,12,3,[9 5],13,38,41,25,13
1,<environment.Job instance at 0x7efc43e9ef50>,13,12,[6 2],14,21,33,7,14
1,<environment.Job instance at 0x7efc43e9eaa0>,6,1,[2 6],7,38,39,31,15
1,<environment.Job instance at 0x7efc434d0280>,18,14,[9 4],19,41,55,22,26
1,<environment.Job instance at 0x7efc43d4ad70>,19,13,[3 6],20,39,52,19,28
1,<environment.Job instance at 0x7efc434d0fa0>,21,14,[4 6],22,52,66,30,37
1,<environment.Job instance at 0x7efc43d4afa0>,15,16,[5 3],16,55,71,39,42
1,<environment.Job instance at 0x7efc43080fa0>,28,2,[8 5],29,66,68,37,42
1,<environment.Job instance at 0x7efc43080910>,29,14,[6 1],30,68,82,38,53
1,<environment.Job instance at 0x7efc430809b0>,30,3,[2 7],31,66,69,35,53
1,<environment.Job instance at 0x7efc43080b90>,27,17,[4 9],28,69,86,41,57
1,<environment.Job instance at 0x7efc43e9eeb0>,7,17,[5 2],8,71,88,63,61
1,<environment.Job instance at 0x7efc43080050>,32,14,[3 9],33,86,100,53,71
1,<environment.Job instance at 0x7efc43080c80>,34,14,[7 4],35,86,100,51,71
1,<environment.Job instance at 0x7efc43080e10>,33,12,[ 1 14],34,100,112,66,85
1,<environment.Job instance at 0x7efc43080eb0>,36,13,[13  3],37,112,125,75,96
1,<environment.Job instance at 0x7efc43ab1b90>,1,13,[5 8],2,2,15,0,2
1,<environment.Job instance at 0x7efc43080dc0>,2,18,[9 4],3,3,21,0,3
1,<environment.Job instance at 0x7efc43631a00>,3,18,[ 4 10],4,15,33,11,4
1,<environment.Job instance at 0x7efc436315a0>,5,1,[10  1],6,21,22,15,7
1,<environment.Job instance at 0x7efc43080eb0>,6,12,[6 3],7,22,34,15,7
1,<environment.Job instance at 0x7efc436012d0>,10,1,[4 8],11,33,34,22,12
1,<environment.Job instance at 0x7efc436010f0>,9,2,[13  5],10,34,36,24,13
1,<environment.Job instance at 0x7efc43601dc0>,12,3,[5 2],13,22,25,9,15
1,<environment.Job instance at 0x7efc436013c0>,13,2,[2 5],14,34,36,20,23
1,<environment.Job instance at 0x7efc43631aa0>,8,17,[5 7],9,36,53,27,24
1,<environment.Job instance at 0x7efc43601f50>,15,16,[4 6],16,36,52,20,24
1,<environment.Job instance at 0x7efc43601b90>,16,18,[9 4],17,52,70,35,41
1,<environment.Job instance at 0x7efc4361a8c0>,19,16,[2 8],20,53,69,33,41
1,<environment.Job instance at 0x7efc43ad0d70>,21,13,[2 8],22,69,82,47,53
1,<environment.Job instance at 0x7efc43add0a0>,22,18,[5 1],23,70,88,47,59
1,<environment.Job instance at 0x7efc43a7fe10>,24,20,[9 5],25,82,102,57,77
1,<environment.Job instance at 0x7efc4361a4b0>,25,17,[7 4],26,102,119,76,90
1,<environment.Job instance at 0x7efc43ad87d0>,26,18,[4 6],27,90,108,63,90
1,<environment.Job instance at 0x7efc43ad8cd0>,27,14,[5 5],28,108,122,80,93
1,<environment.Job instance at 0x7efc43615550>,33,17,[10  5],34,119,136,85,107
1,<environment.Job instance at 0x7efc436155f0>,2,13,[6 5],3,3,16,0,3
1,<environment.Job instance at 0x7efc43573e10>,3,16,[ 4 10],4,4,20,0,4
1,<environment.Job instance at 0x7efc43573140>,4,18,[1 8],5,20,38,15,9
1,<environment.Job instance at 0x7efc43573370>,7,15,[6 1],8,16,31,8,11
1,<environment.Job instance at 0x7efc43573780>,9,1,[9 4],10,31,32,21,13
1,<environment.Job instance at 0x7efc43573d70>,6,2,[7 2],7,20,22,13,16
1,<environment.Job instance at 0x7efc43615550>,5,13,[4 7],6,32,45,26,16
1,<environment.Job instance at 0x7efc43573050>,11,3,[3 7],12,38,41,26,24
1,<environment.Job instance at 0x7efc435738c0>,14,15,[7 5],15,41,56,26,27
1,<environment.Job instance at 0x7efc43573c80>,15,2,[10  5],16,56,58,40,30
1,<environment.Job instance at 0x7efc43554730>,21,18,[3 7],22,45,63,23,34
1,<environment.Job instance at 0x7efc43554b40>,23,14,[5 5],24,58,72,34,43
1,<environment.Job instance at 0x7efc43554cd0>,24,22,[9 5],25,63,85,38,56
1,<environment.Job instance at 0x7efc43554820>,26,13,[3 7],27,72,85,45,56
1,<environment.Job instance at 0x7efc43554be0>,27,16,[5 8],28,85,101,57,72
1,<environment.Job instance at 0x7efc43554af0>,28,16,[1 6],29,85,101,56,72
1,<environment.Job instance at 0x7efc43554f50>,33,15,[4 9],34,101,116,67,87
1,<environment.Job instance at 0x7efc43554550>,34,14,[10  4],35,101,115,66,87
1,<environment.Job instance at 0x7efc43554dc0>,35,12,[ 3 10],36,116,128,80,99
1,<environment.Job instance at 0x7efc43554460>,36,12,[9 4],37,115,127,78,99
1,<environment.Job instance at 0x7efc43353d20>,1,13,[9 4],2,2,15,0,2
1,<environment.Job instance at 0x7efc435c6af0>,2,16,[1 7],3,3,19,0,3
1,<environment.Job instance at 0x7efc42f3c6e0>,3,13,[3 7],4,15,28,11,4
1,<environment.Job instance at 0x7efc43dd1870>,0,1,[2 6],1,19,20,18,4
1,<environment.Job instance at 0x7efc435c6dc0>,4,15,[6 4],5,20,35,15,6
1,<environment.Job instance at 0x7efc42c5f370>,5,1,[5 2],6,6,7,0,6
1,<environment.Job instance at 0x7efc42c5f4b0>,6,3,[8 3],7,28,31,21,7
1,<environment.Job instance at 0x7efc42c5fa00>,8,3,[11  1],9,15,18,6,9
1,<environment.Job instance at 0x7efc42c3b050>,9,2,[3 7],10,31,33,21,10
1,<environment.Job instance at 0x7efc42c3b1e0>,10,2,[9 1],11,18,20,7,11
1,<environment.Job instance at 0x7efc42c3b4b0>,11,2,[6 2],12,20,22,8,12
1,<environment.Job instance at 0x7efc42c3bc80>,12,14,[9 3],13,33,47,20,18
1,<environment.Job instance at 0x7efc42c643c0>,16,16,[4 9],17,35,51,18,22
1,<environment.Job instance at 0x7efc42c3bcd0>,13,2,[2 7],14,51,53,37,24
1,<environment.Job instance at 0x7efc42c64140>,15,3,[9 1],16,47,50,31,25
1,<environment.Job instance at 0x7efc42c3de10>,18,15,[7 1],19,50,65,31,36
1,<environment.Job instance at 0x7efc42c3d140>,20,12,[5 9],21,53,65,32,36
1,<environment.Job instance at 0x7efc42c5f9b0>,14,1,[9 2],15,65,66,50,38
1,<environment.Job instance at 0x7efc42c3d960>,22,2,[8 2],23,66,68,43,42
1,<environment.Job instance at 0x7efc42c3d9b0>,23,2,[8 1],24,68,70,44,48
1,<environment.Job instance at 0x7efc42c3d500>,21,18,[5 9],22,65,83,43,54
1,<environment.Job instance at 0x7efc4356fa50>,25,17,[10  3],26,70,87,44,58
1,<environment.Job instance at 0x7efc42c3d410>,26,12,[7 5],27,87,99,60,70
1,<environment.Job instance at 0x7efc42db9140>,27,16,[8 4],28,87,103,59,74
1,<environment.Job instance at 0x7efc4356f370>,28,14,[6 3],29,99,113,70,84
1,<environment.Job instance at 0x7efc43558690>,29,2,[3 7],30,84,86,54,84
1,<environment.Job instance at 0x7efc435589b0>,30,17,[8 4],31,103,120,72,91
1,<environment.Job instance at 0x7efc4353f7d0>,31,14,[ 5 10],32,113,127,81,98
1,<environment.Job instance at 0x7efc43cad4b0>,0,2,[ 4 14],1,2,4,1,2
1,<environment.Job instance at 0x7efc43cadb90>,1,14,[6 1],2,2,16,0,2
1,<environment.Job instance at 0x7efc4353f7d0>,2,2,[1 5],3,4,6,1,3
1,<environment.Job instance at 0x7efc43cadb40>,3,14,[4 8],4,4,18,0,4
1,<environment.Job instance at 0x7efc43da1550>,4,17,[3 7],5,16,33,11,5
1,<environment.Job instance at 0x7efc43da1f00>,5,3,[10  2],6,18,21,12,6
1,<environment.Job instance at 0x7efc43da10f0>,6,14,[7 5],7,21,35,14,7
1,<environment.Job instance at 0x7efc43da1320>,7,2,[9 1],8,35,37,27,8
1,<environment.Job instance at 0x7efc43da1230>,8,2,[ 2 10],9,33,35,24,9
1,<environment.Job instance at 0x7efc43da1690>,12,1,[3 9],13,35,36,22,16
1,<environment.Job instance at 0x7efc43da15f0>,16,12,[8 3],17,37,49,20,20
1,<environment.Job instance at 0x7efc43da13c0>,9,18,[2 9],10,36,54,26,25
1,<environment.Job instance at 0x7efc43234c80>,22,3,[5 8],23,54,57,31,28
1,<environment.Job instance at 0x7efc43da1cd0>,13,18,[5 2],14,37,55,23,28
1,<environment.Job instance at 0x7efc43234460>,21,13,[9 1],22,55,68,33,39
1,<environment.Job instance at 0x7efc43234be0>,24,15,[10  2],25,68,83,43,54
1,<environment.Job instance at 0x7efc43234500>,26,12,[3 5],27,57,69,30,54
1,<environment.Job instance at 0x7efc432344b0>,27,3,[8 3],28,83,86,55,57
1,<environment.Job instance at 0x7efc43234140>,28,1,[9 5],29,86,87,57,58
1,<environment.Job instance at 0x7efc43234aa0>,29,1,[7 3],30,83,84,53,58
1,<environment.Job instance at 0x7efc43234690>,30,2,[9 4],31,87,89,56,60
1,<environment.Job instance at 0x7efc43234af0>,31,1,[3 8],32,60,61,28,60
1,<environment.Job instance at 0x7efc43234280>,32,18,[9 2],33,89,107,56,78
1,<environment.Job instance at 0x7efc43234820>,33,3,[9 5],34,107,110,73,81
1,<environment.Job instance at 0x7efc432342d0>,34,14,[5 9],35,84,98,49,81
1,<environment.Job instance at 0x7efc43234a00>,35,14,[6 3],36,98,112,62,83
1,<environment.Job instance at 0x7efc432343c0>,36,2,[ 5 12],37,110,112,73,83
1,<environment.Job instance at 0x7efc43234320>,37,23,[6 1],38,112,135,74,106
1,<environment.Job instance at 0x7efc43234d70>,38,3,[9 2],39,112,115,73,106
1,<environment.Job instance at 0x7efc436593c0>,39,2,[4 5],40,115,117,75,106
1,<environment.Job instance at 0x7efc436590f0>,40,1,[10  3],41,135,136,94,107
1,<environment.Job instance at 0x7efc43659b40>,41,14,[1 5],42,115,129,73,107
1,<environment.Job instance at 0x7efc43659550>,42,17,[5 1],43,117,134,74,107
1,<environment.Job instance at 0x7efc436591e0>,43,3,[2 6],44,117,120,73,107
1,<environment.Job instance at 0x7efc436595f0>,44,2,[9 2],45,136,138,91,109
1,<environment.Job instance at 0x7efc42a910a0>,0,16,[4 8],1,1,17,0,1
1,<environment.Job instance at 0x7efc436595f0>,2,26,[1 5],3,3,29,0,3
1,<environment.Job instance at 0x7efc42a910f0>,4,15,[5 3],5,17,32,12,6
1,<environment.Job instance at 0x7efc43659410>,1,3,[1 8],2,29,32,27,8
1,<environment.Job instance at 0x7efc42a8edc0>,8,3,[5 8],9,32,35,23,9
1,<environment.Job instance at 0x7efc42a8e8c0>,9,2,[3 9],10,35,37,25,10
1,<environment.Job instance at 0x7efc42a8e2d0>,7,12,[9 2],8,12,24,4,12
1,<environment.Job instance at 0x7efc42a8ec80>,11,12,[8 2],12,24,36,12,13
1,<environment.Job instance at 0x7efc42a8e780>,13,1,[8 4],14,36,37,22,14
1,<environment.Job instance at 0x7efc42a8e050>,14,15,[4 7],15,37,52,22,25
1,<environment.Job instance at 0x7efc42a8ef00>,15,1,[8 5],16,37,38,21,25
1,<environment.Job instance at 0x7efc42a8e5f0>,16,3,[2 5],17,32,35,15,25
1,<environment.Job instance at 0x7efc42a8e500>,12,22,[5 3],13,38,60,25,31
1,<environment.Job instance at 0x7efc42a8eaf0>,5,15,[8 3],6,52,67,46,38
1,<environment.Job instance at 0x7efc42a8e370>,21,16,[4 9],22,60,76,38,47
1,<environment.Job instance at 0x7efc42cb6c80>,25,12,[5 2],26,67,79,41,50
1,<environment.Job instance at 0x7efc42a8e7d0>,10,13,[10  5],11,76,89,65,60
1,<environment.Job instance at 0x7efc42cb6d20>,27,3,[7 5],28,89,92,61,63
1,<environment.Job instance at 0x7efc42cb6dc0>,28,2,[5 3],29,67,69,38,63
1,<environment.Job instance at 0x7efc42cb60a0>,26,18,[7 1],27,89,107,62,78
1,<environment.Job instance at 0x7efc42cb6b90>,32,13,[1 9],33,79,92,46,78
1,<environment.Job instance at 0x7efc42cd5460>,34,14,[2 7],35,92,106,57,78
1,<environment.Job instance at 0x7efc42cd5140>,36,16,[9 3],37,107,123,70,94
1,<environment.Job instance at 0x7efc42cd5eb0>,38,16,[5 1],39,94,110,55,94
1,<environment.Job instance at 0x7efc42cd5aa0>,40,17,[4 7],41,110,127,69,98
1,<environment.Job instance at 0x7efc42cd5cd0>,41,14,[3 5],42,123,137,81,108
1,<environment.Job instance at 0x7efc42cd50f0>,42,14,[6 3],43,123,137,80,108
1,<environment.Job instance at 0x7efc43534e60>,0,2,[1 9],1,1,3,0,1
1,<environment.Job instance at 0x7efc435342d0>,1,18,[4 9],2,3,21,1,2
1,<environment.Job instance at 0x7efc42cd50f0>,3,3,[6 1],4,4,7,0,4
1,<environment.Job instance at 0x7efc4c81c370>,4,3,[1 6],5,7,10,2,5
1,<environment.Job instance at 0x7efc4c81ccd0>,8,18,[8 3],9,10,28,1,10
1,<environment.Job instance at 0x7efc4c81c730>,12,15,[ 2 10],13,21,36,8,13
1,<environment.Job instance at 0x7efc4c81c550>,7,13,[13  4],8,28,41,20,13
1,<environment.Job instance at 0x7efc4c81c910>,13,18,[6 3],14,41,59,27,30
1,<environment.Job instance at 0x7efc4c81c870>,17,18,[6 4],18,41,59,23,30
1,<environment.Job instance at 0x7efc440853c0>,19,15,[9 3],20,59,74,39,45
1,<environment.Job instance at 0x7efc4c81cbe0>,9,15,[6 5],10,59,74,49,45
1,<environment.Job instance at 0x7efc440850a0>,24,2,[10  3],25,74,76,49,47
1,<environment.Job instance at 0x7efc44085460>,25,1,[5 2],26,74,75,48,47
1,<environment.Job instance at 0x7efc44085dc0>,23,12,[4 8],24,75,87,51,58
1,<environment.Job instance at 0x7efc44085a50>,30,3,[5 7],31,76,79,45,58
1,<environment.Job instance at 0x7efc44085780>,31,3,[7 4],32,79,82,47,58
1,<environment.Job instance at 0x7efc440855a0>,32,3,[1 5],33,82,85,49,58
1,<environment.Job instance at 0x7efc44085140>,34,1,[2 5],35,58,59,23,58
1,<environment.Job instance at 0x7efc44085960>,35,13,[3 7],36,85,98,49,69
1,<environment.Job instance at 0x7efc43353500>,38,1,[1 5],39,87,88,48,69
1,<environment.Job instance at 0x7efc433537d0>,39,13,[4 5],40,88,101,48,72
1,<environment.Job instance at 0x7efc433538c0>,40,17,[5 9],41,98,115,57,86
1,<environment.Job instance at 0x7efc43353050>,41,17,[9 4],42,101,118,59,94
1,<environment.Job instance at 0x7efc43353550>,44,14,[9 5],45,118,132,73,103
1,<environment.Job instance at 0x7efc43353370>,45,14,[6 1],46,115,129,69,103
1,<environment.Job instance at 0x7efc43cfa1e0>,1,22,[2 9],2,2,24,0,2
1,<environment.Job instance at 0x7efc43353dc0>,2,2,[5 5],3,3,5,0,3
1,<environment.Job instance at 0x7efc43aca2d0>,3,3,[ 5 11],4,24,27,20,4
1,<environment.Job instance at 0x7efc44141f00>,0,15,[1 6],1,5,20,4,4
1,<environment.Job instance at 0x7efc43acae60>,8,1,[5 5],9,20,21,11,9
1,<environment.Job instance at 0x7efc43aca320>,6,13,[4 5],7,27,40,20,11
1,<environment.Job instance at 0x7efc43aca870>,7,2,[9 2],8,21,23,13,11
1,<environment.Job instance at 0x7efc43353370>,4,1,[9 1],5,23,24,18,11
1,<environment.Job instance at 0x7efc43aca230>,5,16,[8 5],6,27,43,21,14
1,<environment.Job instance at 0x7efc441a9820>,14,1,[2 5],15,23,24,8,15
1,<environment.Job instance at 0x7efc441a9410>,15,3,[10  1],16,24,27,8,16
1,<environment.Job instance at 0x7efc441a9870>,16,3,[2 5],17,27,30,10,17
1,<environment.Job instance at 0x7efc43d8b0a0>,11,3,[ 3 11],12,43,46,31,21
1,<environment.Job instance at 0x7efc43d8b5a0>,12,1,[ 3 10],13,40,41,27,21
1,<environment.Job instance at 0x7efc441a9320>,19,2,[1 8],20,41,43,21,22
1,<environment.Job instance at 0x7efc441a9230>,17,13,[5 5],18,46,59,28,30
1,<environment.Job instance at 0x7efc441a90a0>,21,12,[4 5],22,46,58,24,30
1,<environment.Job instance at 0x7efc43d8ba50>,13,12,[5 8],14,58,70,44,41
1,<environment.Job instance at 0x7efc441a9780>,20,12,[10  4],21,59,71,38,42
1,<environment.Job instance at 0x7efc441a9d70>,27,12,[6 2],28,42,54,14,42
1,<environment.Job instance at 0x7efc4305f050>,28,3,[2 8],29,70,73,41,45
1,<environment.Job instance at 0x7efc4305fe60>,29,2,[4 5],30,54,56,24,45
1,<environment.Job instance at 0x7efc4305f4b0>,30,1,[7 1],31,71,72,40,46
1,<environment.Job instance at 0x7efc4305f780>,31,2,[2 6],32,71,73,39,46
1,<environment.Job instance at 0x7efc441a9a50>,26,16,[ 5 10],27,73,89,46,60
1,<environment.Job instance at 0x7efc4305f460>,32,20,[5 2],33,73,93,40,64
1,<environment.Job instance at 0x7efc4305ff00>,33,14,[1 8],34,89,103,55,74
1,<environment.Job instance at 0x7efc4305faf0>,35,15,[5 1],36,74,89,38,74
1,<environment.Job instance at 0x7efc43af56e0>,43,15,[8 4],44,89,104,45,75
1,<environment.Job instance at 0x7efc43af5960>,45,13,[5 1],46,93,106,47,77
1,<environment.Job instance at 0x7efc4305fb40>,34,12,[3 9],35,104,116,69,87
1,<environment.Job instance at 0x7efc43af50f0>,47,2,[5 7],48,116,118,68,89
1,<environment.Job instance at 0x7efc43af5550>,48,12,[1 6],49,106,118,57,92
1,<environment.Job instance at 0x7efc43af59b0>,49,1,[6 3],50,104,105,54,92
1,<environment.Job instance at 0x7efc43af5d70>,50,16,[6 2],51,116,132,65,105
1,<environment.Job instance at 0x7efc441a9b40>,22,18,[ 5 10],23,118,136,95,107
1,<environment.Job instance at 0x7efc43af5cd0>,52,1,[5 5],53,132,133,79,107
1,<environment.Job instance at 0x7efc43af5730>,51,2,[ 2 13],52,136,138,84,109
1,<environment.Job instance at 0x7efc4364ad20>,0,3,[2 6],1,1,4,0,1
1,<environment.Job instance at 0x7efc43af5f00>,2,18,[6 4],3,3,21,0,3
1,<environment.Job instance at 0x7efc4364aeb0>,3,18,[1 8],4,4,22,0,4
1,<environment.Job instance at 0x7efc4364a050>,4,13,[2 8],5,22,35,17,6
1,<environment.Job instance at 0x7efc4364a730>,6,1,[5 3],7,7,8,0,7
1,<environment.Job instance at 0x7efc4364aa50>,7,12,[2 5],8,21,33,13,8
1,<environment.Job instance at 0x7efc4364a870>,8,3,[10  4],9,33,36,24,9
1,<environment.Job instance at 0x7efc4364a140>,9,15,[8 4],10,36,51,26,22
1,<environment.Job instance at 0x7efc4364a910>,12,2,[1 9],13,35,37,22,22
1,<environment.Job instance at 0x7efc4364a1e0>,13,2,[6 3],14,37,39,23,22
1,<environment.Job instance at 0x7efc4364a460>,14,16,[5 3],15,39,55,24,26
1,<environment.Job instance at 0x7efc4364af00>,15,13,[2 6],16,39,52,23,26
1,<environment.Job instance at 0x7efc4364af50>,16,1,[6 3],17,51,52,34,26
1,<environment.Job instance at 0x7efc43a83e60>,17,1,[5 4],18,52,53,34,26
1,<environment.Job instance at 0x7efc4364a5a0>,5,3,[5 5],6,52,55,46,27
1,<environment.Job instance at 0x7efc43a83a00>,18,18,[5 6],19,53,71,34,42
1,<environment.Job instance at 0x7efc43a83c30>,20,1,[4 9],21,55,56,34,42
1,<environment.Job instance at 0x7efc4364ae60>,11,12,[5 1],12,56,68,44,42
1,<environment.Job instance at 0x7efc43a83370>,23,13,[4 7],24,56,69,32,44
1,<environment.Job instance at 0x7efc43a83140>,24,2,[7 3],25,69,71,44,44
1,<environment.Job instance at 0x7efc43a83690>,21,12,[7 4],22,71,83,49,54
1,<environment.Job instance at 0x7efc43a83af0>,26,12,[4 6],27,71,83,44,54
1,<environment.Job instance at 0x7efc43a83550>,27,16,[3 5],28,69,85,41,56
1,<environment.Job instance at 0x7efc4364a370>,10,1,[1 7],11,83,84,72,57
1,<environment.Job instance at 0x7efc43a83910>,31,12,[7 5],32,84,96,52,67
1,<environment.Job instance at 0x7efc43c4cf50>,32,12,[5 4],33,84,96,51,67
1,<environment.Job instance at 0x7efc43c4cb90>,33,13,[10  3],34,96,109,62,81
1,<environment.Job instance at 0x7efc43a836e0>,25,16,[5 7],26,96,112,70,84
1,<environment.Job instance at 0x7efc43c4ce60>,34,17,[5 6],35,109,126,74,97
1,<environment.Job instance at 0x7efc43c4c0a0>,36,15,[1 5],37,112,127,75,98
1,<environment.Job instance at 0x7efc43a83320>,30,17,[8 3],31,112,129,81,100
1,<environment.Job instance at 0x7efc43c4c050>,41,2,[4 8],42,127,129,85,100
1,<environment.Job instance at 0x7efc441a9370>,1,3,[2 8],2,2,5,0,2
1,<environment.Job instance at 0x7efc439ba9b0>,0,17,[2 8],1,5,22,4,3
1,<environment.Job instance at 0x7efc43c4c4b0>,2,12,[10  3],3,3,15,0,3
1,<environment.Job instance at 0x7efc43c4c050>,3,13,[5 1],4,15,28,11,4
1,<environment.Job instance at 0x7efc439ba5a0>,4,16,[6 3],5,15,31,10,6
1,<environment.Job instance at 0x7efc439ba4b0>,5,1,[5 7],6,28,29,22,6
1,<environment.Job instance at 0x7efc42a95f00>,10,2,[3 9],11,22,24,11,11
1,<environment.Job instance at 0x7efc42a95050>,11,3,[1 7],12,24,27,12,12
1,<environment.Job instance at 0x7efc42a95730>,6,12,[1 9],7,29,41,22,13
1,<environment.Job instance at 0x7efc42a95190>,7,18,[7 1],8,29,47,21,19
1,<environment.Job instance at 0x7efc42dcc640>,13,16,[4 9],14,41,57,27,29
1,<environment.Job instance at 0x7efc42dccdc0>,15,1,[9 4],16,47,48,31,29
1,<environment.Job instance at 0x7efc42dcce60>,16,3,[ 4 10],17,57,60,40,31
1,<environment.Job instance at 0x7efc42dccaf0>,17,2,[5 8],18,60,62,42,33
1,<environment.Job instance at 0x7efc42a95aa0>,8,16,[10  3],9,48,64,39,35
1,<environment.Job instance at 0x7efc42dcc1e0>,18,12,[ 3 10],19,62,74,43,45
1,<environment.Job instance at 0x7efc42a95e10>,14,23,[6 5],15,64,87,49,58
1,<environment.Job instance at 0x7efc42dcc320>,21,12,[1 7],22,74,86,52,58
1,<environment.Job instance at 0x7efc42dcc410>,12,22,[6 2],13,74,96,61,70
1,<environment.Job instance at 0x7efc4362ab40>,35,3,[6 1],36,87,90,51,70
1,<environment.Job instance at 0x7efc4362a690>,36,1,[7 3],37,90,91,53,70
1,<environment.Job instance at 0x7efc4362a870>,34,20,[5 9],35,91,111,56,82
1,<environment.Job instance at 0x7efc4362a5f0>,38,18,[5 6],39,96,114,57,85
1,<environment.Job instance at 0x7efc4362aa50>,41,12,[8 3],42,111,123,69,94
1,<environment.Job instance at 0x7efc4404e8c0>,44,16,[5 6],45,114,130,69,101
1,<environment.Job instance at 0x7efc4362a0f0>,37,15,[1 7],38,123,138,85,109
1,<environment.Job instance at 0x7efc4404e190>,46,2,[5 6],47,130,132,83,109
1,<environment.Job instance at 0x7efc43d81140>,0,12,[6 1],1,1,13,0,1
1,<environment.Job instance at 0x7efc4404efa0>,1,2,[1 9],2,2,4,0,2
1,<environment.Job instance at 0x7efc43d81050>,2,1,[7 2],3,3,4,0,3
1,<environment.Job instance at 0x7efc43d81870>,3,20,[5 2],4,4,24,0,4
1,<environment.Job instance at 0x7efc43d817d0>,4,12,[ 4 10],5,5,17,0,5
1,<environment.Job instance at 0x7efc43d81a00>,9,14,[8 5],10,17,31,7,10
1,<environment.Job instance at 0x7efc43d37e10>,11,18,[6 1],12,24,42,12,13
1,<environment.Job instance at 0x7efc43d37640>,13,14,[2 9],14,31,45,17,16
1,<environment.Job instance at 0x7efc432c65f0>,16,12,[3 5],17,31,43,14,17
1,<environment.Job instance at 0x7efc43695960>,17,3,[1 7],18,19,22,1,19
1,<environment.Job instance at 0x7efc43695820>,19,2,[6 4],20,43,45,23,20
1,<environment.Job instance at 0x7efc432c60a0>,18,12,[3 5],19,45,57,26,28
1,<environment.Job instance at 0x7efc43695780>,23,2,[ 3 10],24,45,47,21,28
1,<environment.Job instance at 0x7efc42a94b40>,27,27,[2 6],28,47,74,19,45
1,<environment.Job instance at 0x7efc42a94b90>,28,1,[10  4],29,47,48,18,45
1,<environment.Job instance at 0x7efc42a94fa0>,29,18,[5 2],30,48,66,18,45
1,<environment.Job instance at 0x7efc42a94e10>,30,3,[ 2 10],31,74,77,43,48
1,<environment.Job instance at 0x7efc42a942d0>,31,2,[8 5],32,57,59,25,48
1,<environment.Job instance at 0x7efc432f07d0>,32,13,[9 4],33,66,79,33,50
1,<environment.Job instance at 0x7efc432f0a50>,33,1,[ 3 10],34,77,78,43,50
1,<environment.Job instance at 0x7efc439929b0>,34,2,[10  3],35,79,81,44,52
1,<environment.Job instance at 0x7efc42a94690>,26,17,[3 8],27,78,95,51,66
1,<environment.Job instance at 0x7efc43d375f0>,14,12,[9 4],15,81,93,66,68
1,<environment.Job instance at 0x7efc43d81730>,5,15,[8 2],6,93,108,87,79
1,<environment.Job instance at 0x7efc43992a50>,38,14,[3 7],39,95,109,56,80
1,<environment.Job instance at 0x7efc43992f00>,39,1,[12  4],40,108,109,68,80
1,<environment.Job instance at 0x7efc439920f0>,41,17,[3 6],42,109,126,67,98
1,<environment.Job instance at 0x7efc439922d0>,35,18,[5 5],36,109,127,73,99
1,<environment.Job instance at 0x7efc43992230>,43,1,[9 3],44,126,127,82,99
1,<environment.Job instance at 0x7efc43992c30>,44,1,[ 1 11],45,127,128,82,99
1,<environment.Job instance at 0x7efc43992640>,45,1,[ 3 14],46,128,129,82,100
1,<environment.Job instance at 0x7efc43992fa0>,46,1,[1 9],47,129,130,82,101
1,<environment.Job instance at 0x7efc43605c80>,47,1,[6 4],48,109,110,61,101
1,<environment.Job instance at 0x7efc43605aa0>,48,3,[6 2],49,110,113,61,101
1,<environment.Job instance at 0x7efc4384e0f0>,0,13,[8 2],1,1,14,0,1
1,<environment.Job instance at 0x7efc4384ec30>,1,2,[5 2],2,2,4,0,2
1,<environment.Job instance at 0x7efc4384e690>,2,13,[1 7],3,3,16,0,3
1,<environment.Job instance at 0x7efc4384e640>,3,15,[3 5],4,4,19,0,4
1,<environment.Job instance at 0x7efc4384e8c0>,4,13,[6 5],5,16,29,11,5
1,<environment.Job instance at 0x7efc429aa190>,5,13,[6 1],6,14,27,8,6
1,<environment.Job instance at 0x7efc4384e0a0>,7,2,[10  1],8,29,31,21,8
1,<environment.Job instance at 0x7efc429aa910>,8,1,[2 8],9,19,20,10,9
1,<environment.Job instance at 0x7efc429aa5f0>,9,13,[3 6],10,20,33,10,10
1,<environment.Job instance at 0x7efc429aa730>,10,1,[ 2 10],11,33,34,22,11
1,<environment.Job instance at 0x7efc429aabe0>,11,3,[3 8],12,34,37,22,12
1,<environment.Job instance at 0x7efc429aa3c0>,12,2,[2 5],13,29,31,16,13
1,<environment.Job instance at 0x7efc429aa2d0>,13,2,[1 9],14,31,33,17,14
1,<environment.Job instance at 0x7efc429ab550>,14,2,[2 7],15,34,36,19,15
1,<environment.Job instance at 0x7efc429abeb0>,15,17,[5 8],16,37,54,21,25
1,<environment.Job instance at 0x7efc429abb40>,19,2,[5 5],20,36,38,16,25
1,<environment.Job instance at 0x7efc429abd20>,20,16,[8 2],21,38,54,17,25
1,<environment.Job instance at 0x7efc429abbe0>,18,12,[6 2],19,54,66,35,37
1,<environment.Job instance at 0x7efc429abdc0>,17,2,[7 3],18,54,56,36,37
1,<environment.Job instance at 0x7efc429ab050>,24,13,[6 5],25,56,69,31,40
1,<environment.Job instance at 0x7efc434e4190>,25,3,[ 4 10],26,66,69,40,40
1,<environment.Job instance at 0x7efc434e4af0>,26,1,[1 6],27,54,55,27,41
1,<environment.Job instance at 0x7efc434e4f50>,27,2,[4 6],28,69,71,41,42
1,<environment.Job instance at 0x7efc434e49b0>,28,2,[ 2 10],29,71,73,42,44
1,<environment.Job instance at 0x7efc429aba50>,22,17,[5 5],23,69,86,46,57
1,<environment.Job instance at 0x7efc429ab410>,21,12,[9 4],22,73,85,51,57
1,<environment.Job instance at 0x7efc42e31410>,30,12,[9 2],31,85,97,54,68
1,<environment.Job instance at 0x7efc42e31550>,32,15,[4 9],33,86,101,53,76
1,<environment.Job instance at 0x7efc42e31460>,33,13,[7 3],34,97,110,63,81
1,<environment.Job instance at 0x7efc43e906e0>,36,15,[6 4],37,101,116,64,87
1,<environment.Job instance at 0x7efc43836320>,41,13,[3 5],42,110,123,68,94
1,<environment.Job instance at 0x7efc43836e10>,43,21,[5 4],44,110,131,66,102
1,<environment.Job instance at 0x7efc43836230>,46,12,[10  3],47,123,135,76,106
1,<environment.Job instance at 0x7efc43135d70>,1,2,[5 3],2,2,4,0,2
1,<environment.Job instance at 0x7efc43135190>,3,12,[9 4],4,4,16,0,4
1,<environment.Job instance at 0x7efc43135370>,4,2,[9 3],5,16,18,11,5
1,<environment.Job instance at 0x7efc43135690>,5,3,[2 6],6,6,9,0,6
1,<environment.Job instance at 0x7efc43135780>,6,15,[5 2],7,9,24,2,7
1,<environment.Job instance at 0x7efc43135a00>,7,3,[6 3],8,18,21,10,8
1,<environment.Job instance at 0x7efc4417c730>,9,13,[4 9],10,18,31,8,10
1,<environment.Job instance at 0x7efc4417c690>,10,14,[11  5],11,24,38,13,11
1,<environment.Job instance at 0x7efc4417c190>,13,14,[4 9],14,31,45,17,17
1,<environment.Job instance at 0x7efc4417c7d0>,15,13,[ 3 10],16,45,58,29,30
1,<environment.Job instance at 0x7efc4417c460>,16,2,[9 4],17,38,40,21,30
1,<environment.Job instance at 0x7efc4417c280>,17,3,[7 3],18,40,43,22,30
1,<environment.Job instance at 0x7efc4417ccd0>,18,14,[10  3],19,43,57,24,32
1,<environment.Job instance at 0x7efc4417c640>,19,18,[8 2],20,57,75,37,46
1,<environment.Job instance at 0x7efc43135fa0>,12,17,[3 8],13,58,75,45,46
1,<environment.Job instance at 0x7efc4417c780>,14,28,[4 7],15,75,103,60,74
1,<environment.Job instance at 0x7efc4417cc30>,22,2,[ 3 10],23,103,105,80,76
1,<environment.Job instance at 0x7efc4417cb90>,23,2,[12  3],24,103,105,79,76
1,<environment.Job instance at 0x7efc44185140>,24,14,[3 7],25,76,90,51,76
1,<environment.Job instance at 0x7efc441852d0>,25,12,[2 6],26,90,102,64,76
1,<environment.Job instance at 0x7efc4417c910>,11,13,[ 1 10],12,105,118,93,92
1,<environment.Job instance at 0x7efc441859b0>,26,18,[10  1],27,105,123,78,94
1,<environment.Job instance at 0x7efc43b01280>,0,13,[1 8],1,2,15,1,2
1,<environment.Job instance at 0x7efc4332a3c0>,1,13,[8 2],2,2,15,0,2
1,<environment.Job instance at 0x7efc441859b0>,2,3,[5 5],3,3,6,0,3
1,<environment.Job instance at 0x7efc440fa190>,3,3,[ 3 10],4,15,18,11,5
1,<environment.Job instance at 0x7efc440fa0a0>,6,2,[4 9],7,18,20,11,7
1,<environment.Job instance at 0x7efc440fa230>,7,2,[9 2],8,15,17,7,8
1,<environment.Job instance at 0x7efc440fa5a0>,8,13,[5 4],9,17,30,8,9
1,<environment.Job instance at 0x7efc440fa690>,9,17,[4 6],10,20,37,10,10
1,<environment.Job instance at 0x7efc440fa780>,10,1,[6 1],11,11,12,0,11
1,<environment.Job instance at 0x7efc440fa870>,11,15,[5 1],12,17,32,5,12
1,<environment.Job instance at 0x7efc440fa960>,12,1,[1 5],13,13,14,0,13
1,<environment.Job instance at 0x7efc440faaa0>,13,1,[7 1],14,32,33,18,14
1,<environment.Job instance at 0x7efc440fafa0>,18,2,[7 1],19,33,35,14,19
1,<environment.Job instance at 0x7efc440faf50>,19,2,[5 1],20,30,32,10,21
1,<environment.Job instance at 0x7efc440fadc0>,16,15,[10  5],17,35,50,18,21
1,<environment.Job instance at 0x7efc4410e370>,22,17,[ 1 10],23,37,54,14,25
1,<environment.Job instance at 0x7efc4410e1e0>,20,2,[ 2 12],21,54,56,33,27
1,<environment.Job instance at 0x7efc440faf00>,17,1,[3 6],18,33,34,15,33
1,<environment.Job instance at 0x7efc4410e460>,23,14,[5 4],24,56,70,32,41
1,<environment.Job instance at 0x7efc4410e5f0>,26,15,[5 5],27,56,71,29,42
1,<environment.Job instance at 0x7efc440fa410>,15,17,[4 6],16,56,73,40,50
1,<environment.Job instance at 0x7efc4410e820>,28,12,[3 7],29,71,83,42,57
1,<environment.Job instance at 0x7efc4410e9b0>,29,2,[10  4],30,73,75,43,57
1,<environment.Job instance at 0x7efc4410e500>,24,15,[7 5],25,75,90,50,62
1,<environment.Job instance at 0x7efc4410eaf0>,31,2,[10  3],32,90,92,58,63
1,<environment.Job instance at 0x7efc4410eb90>,32,16,[2 8],33,83,99,50,70
1,<environment.Job instance at 0x7efc4410ec80>,33,12,[3 6],34,92,104,58,75
1,<environment.Job instance at 0x7efc4410ec30>,34,14,[7 2],35,99,113,64,84
1,<environment.Job instance at 0x7efc4410ee10>,35,1,[14  5],36,113,114,77,85
1,<environment.Job instance at 0x7efc4410e910>,27,17,[9 4],28,114,131,86,102
1,<environment.Job instance at 0x7efc4410ecd0>,38,3,[9 4],39,131,134,92,105
1,<environment.Job instance at 0x7ff6c7fa2230>,0,13,[9 3],1,1,14,0,1
1,<environment.Job instance at 0x7ff6c7fa2320>,2,22,[4 8],3,3,25,0,3
1,<environment.Job instance at 0x7ff6be82a460>,3,3,[4 8],4,25,28,21,4
1,<environment.Job instance at 0x7ff6be82a640>,4,14,[1 6],5,14,28,9,5
1,<environment.Job instance at 0x7ff6be82a730>,5,2,[1 5],6,28,30,22,6
1,<environment.Job instance at 0x7ff6be82a820>,6,20,[6 1],7,14,34,7,7
1,<environment.Job instance at 0x7ff6be82aa50>,10,12,[3 7],11,28,40,17,13
1,<environment.Job instance at 0x7ff6be82ab90>,11,15,[4 8],12,34,49,22,21
1,<environment.Job instance at 0x7ff6be82ad20>,14,13,[7 3],15,40,53,25,25
1,<environment.Job instance at 0x7ff6be82af00>,15,18,[2 8],16,49,67,33,38
1,<environment.Job instance at 0x7ff6be82ae10>,16,16,[3 5],17,53,69,36,40
1,<environment.Job instance at 0x7ff6be82c230>,19,14,[3 5],20,67,81,47,52
1,<environment.Job instance at 0x7ff6be82c550>,24,18,[2 6],25,69,87,44,58
1,<environment.Job instance at 0x7ff6be82c780>,27,15,[8 4],28,67,82,39,59
1,<environment.Job instance at 0x7ff6be82c8c0>,29,12,[5 4],30,81,93,51,64
1,<environment.Job instance at 0x7ff6be82c960>,30,14,[5 2],31,82,96,51,67
1,<environment.Job instance at 0x7ff6be82ca00>,31,14,[2 5],32,87,101,55,72
1,<environment.Job instance at 0x7ff6be82cb40>,33,14,[5 5],34,93,107,59,78
1,<environment.Job instance at 0x7ff6be82cc80>,35,15,[9 5],36,101,116,65,88
1,<environment.Job instance at 0x7ff6be82ceb0>,40,15,[10  3],41,116,131,75,102
1,<environment.Job instance at 0x7ff6be830320>,43,18,[5 5],44,107,125,63,102
1,<environment.Job instance at 0x7ff6be830460>,45,13,[6 5],46,131,144,85,115
1,<environment.Job instance at 0x7ff6be9940a0>,0,2,[7 2],1,1,3,0,1
1,<environment.Job instance at 0x7ff6be8305f0>,1,1,[2 6],2,2,3,0,2
1,<environment.Job instance at 0x7ff6be994e10>,2,3,[ 4 12],3,3,6,0,3
1,<environment.Job instance at 0x7ff6be994870>,3,12,[ 4 11],4,6,18,2,4
1,<environment.Job instance at 0x7ff6be8305a0>,4,1,[8 4],5,6,7,1,6
1,<environment.Job instance at 0x7ff6be8ae640>,6,3,[ 5 10],7,18,21,11,7
1,<environment.Job instance at 0x7ff6be8aef00>,12,13,[ 5 10],13,21,34,8,13
1,<environment.Job instance at 0x7ff6be8ae870>,14,3,[5 6],15,34,37,19,15
1,<environment.Job instance at 0x7ff6be8aef50>,13,16,[ 3 10],14,37,53,23,24
1,<environment.Job instance at 0x7ff6be8aee10>,7,22,[4 5],8,27,49,19,27
1,<environment.Job instance at 0x7ff6be155500>,15,14,[ 2 10],16,53,67,37,38
1,<environment.Job instance at 0x7ff6bed569b0>,17,20,[9 2],18,49,69,31,40
1,<environment.Job instance at 0x7ff6bdf73370>,20,16,[2 8],21,67,83,46,54
1,<environment.Job instance at 0x7ff6be302a00>,21,13,[5 6],22,69,82,47,54
1,<environment.Job instance at 0x7ff6bdf350a0>,26,17,[1 7],27,82,99,55,70
1,<environment.Job instance at 0x7ff6be28a870>,29,12,[4 9],30,99,111,69,82
1,<environment.Job instance at 0x7ff6be10bd70>,31,15,[10  4],32,83,98,51,82
1,<environment.Job instance at 0x7ff6bdfc00a0>,32,14,[1 8],33,111,125,78,96
1,<environment.Job instance at 0x7ff6be28a280>,34,14,[8 4],35,98,112,63,96
1,<environment.Job instance at 0x7ff6be23a5f0>,38,14,[9 5],39,112,126,73,97
1,<environment.Job instance at 0x7ff6be2c8a50>,43,15,[5 2],44,111,126,67,97
1,<environment.Job instance at 0x7ff6be31c9b0>,48,19,[6 4],49,126,145,77,116
1,<environment.Job instance at 0x7ff6be31c550>,49,14,[3 6],50,126,140,76,116
1,<environment.Job instance at 0x7ff6be33f910>,53,18,[6 5],54,126,144,72,116
1,<environment.Job instance at 0x7ff6bdf18690>,1,2,[9 5],2,2,4,0,2
1,<environment.Job instance at 0x7ff6bdf18d70>,2,2,[9 3],3,4,6,1,3
1,<environment.Job instance at 0x7ff6bdf17dc0>,3,24,[7 4],4,6,30,2,4
1,<environment.Job instance at 0x7ff6bdf172d0>,4,16,[7 5],5,6,22,1,5
1,<environment.Job instance at 0x7ff6bdf17780>,5,3,[12  3],6,30,33,24,6
1,<environment.Job instance at 0x7ff6bdf17370>,13,12,[9 1],14,33,45,19,16
1,<environment.Job instance at 0x7ff6bdf17b90>,17,17,[5 2],18,33,50,15,21
1,<environment.Job instance at 0x7ff6bdf17500>,18,18,[4 5],19,45,63,26,34
1,<environment.Job instance at 0x7ff6bdf17fa0>,24,12,[7 2],25,50,62,25,34
1,<environment.Job instance at 0x7ff6bded9be0>,27,13,[9 2],28,62,75,34,47
1,<environment.Job instance at 0x7ff6bded94b0>,28,15,[3 6],29,47,62,18,47
1,<environment.Job instance at 0x7ff6bded99b0>,30,17,[2 6],31,62,79,31,50
1,<environment.Job instance at 0x7ff6bded9050>,31,15,[8 4],32,75,90,43,61
1,<environment.Job instance at 0x7ff6bdf17280>,14,14,[5 5],15,75,89,60,62
1,<environment.Job instance at 0x7ff6bded9690>,38,13,[5 1],39,89,102,50,73
1,<environment.Job instance at 0x7ff6bded9a50>,39,2,[10  2],40,90,92,50,73
1,<environment.Job instance at 0x7ff6bded9d20>,40,2,[ 5 10],41,92,94,51,73
1,<environment.Job instance at 0x7ff6bded90f0>,37,18,[5 9],38,94,112,56,83
1,<environment.Job instance at 0x7ff6bdf3a780>,44,15,[10  4],45,102,117,57,88
1,<environment.Job instance at 0x7ff6bdf3ac80>,41,15,[14  1],42,117,132,75,103
1,<environment.Job instance at 0x7ff6bdf3ad70>,46,1,[2 7],47,112,113,65,103
1,<environment.Job instance at 0x7ff6be6a3190>,47,3,[6 3],48,132,135,84,106
1,<environment.Job instance at 0x7ff6bf248e60>,1,17,[7 5],2,2,19,0,2
1,<environment.Job instance at 0x7ff6be3693c0>,0,27,[ 5 10],1,2,29,1,2
1,<environment.Job instance at 0x7ff6be811550>,3,3,[4 8],4,29,32,25,5
1,<environment.Job instance at 0x7ff6be3bae10>,5,3,[3 8],6,32,35,26,6
1,<environment.Job instance at 0x7ff6bee7e4b0>,7,15,[5 3],8,19,34,11,8
1,<environment.Job instance at 0x7ff6be1c75a0>,10,2,[1 7],11,34,36,23,11
1,<environment.Job instance at 0x7ff6be804c30>,11,1,[ 4 10],12,36,37,24,12
1,<environment.Job instance at 0x7ff6be3b6b90>,12,3,[10  4],13,35,38,22,13
1,<environment.Job instance at 0x7ff6be5354b0>,9,2,[8 2],10,38,40,28,13
1,<environment.Job instance at 0x7ff6be382af0>,14,1,[3 8],15,37,38,22,17
1,<environment.Job instance at 0x7ff6be382c30>,13,2,[5 7],14,38,40,24,17
1,<environment.Job instance at 0x7ff6be1e5f50>,16,3,[2 8],17,40,43,23,17
1,<environment.Job instance at 0x7ff6be34b5f0>,17,1,[5 5],18,40,41,22,19
1,<environment.Job instance at 0x7ff6be3d6b90>,18,2,[6 3],19,29,31,10,19
1,<environment.Job instance at 0x7ff6be306050>,19,3,[7 2],20,40,43,20,20
1,<environment.Job instance at 0x7ff6be811f50>,4,15,[4 6],5,43,58,38,29
1,<environment.Job instance at 0x7ff6bedb18c0>,2,12,[3 8],3,43,55,40,29
1,<environment.Job instance at 0x7ff6be3d6410>,15,13,[5 5],16,55,68,39,39
1,<environment.Job instance at 0x7ff6be324e60>,26,3,[6 3],27,55,58,28,39
1,<environment.Job instance at 0x7ff6be7cb320>,27,12,[5 8],28,58,70,30,41
1,<environment.Job instance at 0x7ff6be35d7d0>,28,14,[7 5],29,68,82,39,53
1,<environment.Job instance at 0x7ff6be7ce5f0>,29,3,[5 5],30,70,73,40,53
1,<environment.Job instance at 0x7ff6be23da00>,25,16,[10  4],26,82,98,56,69
1,<environment.Job instance at 0x7ff6be2460a0>,34,17,[7 2],35,98,115,63,86
1,<environment.Job instance at 0x7ff6be3064b0>,20,14,[7 5],21,98,112,77,86
1,<environment.Job instance at 0x7ff6bde955f0>,36,12,[8 3],37,112,124,75,95
1,<environment.Job instance at 0x7ff6bde95e10>,37,15,[2 9],38,115,130,77,102
1,<environment.Job instance at 0x7ff6bde95050>,40,2,[10  2],41,124,126,83,102
1,<environment.Job instance at 0x7ff6bde955a0>,39,17,[8 1],40,126,143,86,114
1,<environment.Job instance at 0x7ff6bec970a0>,0,19,[6 3],1,1,20,0,1
1,<environment.Job instance at 0x7ff6bec97a50>,1,13,[5 5],2,2,15,0,2
1,<environment.Job instance at 0x7ff6be577910>,3,12,[1 8],4,15,27,11,4
1,<environment.Job instance at 0x7ff6bec97140>,2,2,[9 3],3,20,22,17,4
1,<environment.Job instance at 0x7ff6be569280>,5,3,[1 5],6,6,9,0,6
1,<environment.Job instance at 0x7ff6be569c30>,6,3,[9 3],7,22,25,15,7
1,<environment.Job instance at 0x7ff6be569960>,7,13,[6 4],8,25,38,17,10
1,<environment.Job instance at 0x7ff6be1eda00>,9,1,[10  3],10,38,39,28,15
1,<environment.Job instance at 0x7ff6be1edf00>,11,18,[2 9],12,27,45,15,16
1,<environment.Job instance at 0x7ff6be1ed8c0>,13,13,[6 5],14,39,52,25,23
1,<environment.Job instance at 0x7ff6be1f9aa0>,14,2,[7 5],15,45,47,30,23
1,<environment.Job instance at 0x7ff6be1f9e60>,15,2,[14  5],16,52,54,36,25
1,<environment.Job instance at 0x7ff6be1f96e0>,16,3,[2 7],17,47,50,30,25
1,<environment.Job instance at 0x7ff6be1f9b40>,17,18,[5 1],18,54,72,36,43
1,<environment.Job instance at 0x7ff6be1f90a0>,18,3,[5 8],19,54,57,35,43
1,<environment.Job instance at 0x7ff6be569550>,8,14,[10  3],9,57,71,48,43
1,<environment.Job instance at 0x7ff6be1f9be0>,21,13,[5 3],22,71,84,49,55
1,<environment.Job instance at 0x7ff6be1f99b0>,22,15,[5 1],23,71,86,48,57
1,<environment.Job instance at 0x7ff6be1dba00>,23,18,[5 9],24,72,90,48,62
1,<environment.Job instance at 0x7ff6be1dbb40>,24,12,[6 4],25,86,98,61,69
1,<environment.Job instance at 0x7ff6be1ef3c0>,25,21,[2 5],26,90,111,64,82
1,<environment.Job instance at 0x7ff6be1ef460>,28,14,[5 9],29,98,112,69,83
1,<environment.Job instance at 0x7ff6be1ef5a0>,29,19,[9 1],30,111,130,81,101
1,<environment.Job instance at 0x7ff6be1efb90>,30,12,[2 5],31,112,124,81,101
1,<environment.Job instance at 0x7ff6be1ef320>,31,16,[6 5],32,124,140,92,111
1,<environment.Job instance at 0x7ff6bde62cd0>,0,3,[9 5],1,1,4,0,1
1,<environment.Job instance at 0x7ff6bde62690>,1,13,[1 7],2,2,15,0,2
1,<environment.Job instance at 0x7ff6bde62a50>,2,13,[4 8],3,4,17,1,3
1,<environment.Job instance at 0x7ff6be57e870>,3,1,[6 2],4,15,16,11,4
1,<environment.Job instance at 0x7ff6be57ed70>,4,2,[4 6],5,16,18,11,5
1,<environment.Job instance at 0x7ff6be57eaf0>,5,3,[8 5],6,17,20,11,6
1,<environment.Job instance at 0x7ff6be57efa0>,6,12,[7 1],7,18,30,11,7
1,<environment.Job instance at 0x7ff6be57e550>,7,3,[ 1 12],8,20,23,12,8
1,<environment.Job instance at 0x7ff6be57e050>,8,15,[ 3 11],9,23,38,14,9
1,<environment.Job instance at 0x7ff6be57e5f0>,9,3,[5 1],10,20,23,10,10
1,<environment.Job instance at 0x7ff6be57ea00>,10,14,[6 4],11,30,44,19,15
1,<environment.Job instance at 0x7ff6be57ea50>,11,1,[10  4],12,44,45,32,18
1,<environment.Job instance at 0x7ff6be57ec30>,17,1,[9 4],18,38,39,20,18
1,<environment.Job instance at 0x7ff6be57e780>,15,15,[ 2 11],16,39,54,23,26
1,<environment.Job instance at 0x7ff6be57ecd0>,14,15,[9 1],15,45,60,30,32
1,<environment.Job instance at 0x7ff6be57ee60>,19,14,[3 7],20,54,68,34,39
1,<environment.Job instance at 0x7ff6be1ebb40>,21,3,[5 5],22,60,63,38,39
1,<environment.Job instance at 0x7ff6be1ebf50>,22,13,[1 5],23,63,76,40,47
1,<environment.Job instance at 0x7ff6be57ee10>,13,3,[6 2],14,60,63,46,48
1,<environment.Job instance at 0x7ff6be1eb780>,24,2,[10  3],25,63,65,38,55
1,<environment.Job instance at 0x7ff6be1eb140>,25,3,[5 5],26,68,71,42,57
1,<environment.Job instance at 0x7ff6be1ebbe0>,26,2,[3 9],27,71,73,44,58
1,<environment.Job instance at 0x7ff6be57e460>,20,15,[9 4],21,73,88,52,62
1,<environment.Job instance at 0x7ff6be1eb3c0>,28,3,[10  4],29,88,91,59,62
1,<environment.Job instance at 0x7ff6be1eb820>,29,1,[ 2 10],30,76,77,46,62
1,<environment.Job instance at 0x7ff6be57ef00>,18,17,[5 5],19,77,94,58,65
1,<environment.Job instance at 0x7ff6bde65230>,31,2,[5 1],32,65,67,33,65
1,<environment.Job instance at 0x7ff6be1ebf00>,27,2,[7 2],28,91,93,63,74
1,<environment.Job instance at 0x7ff6bde65140>,32,14,[6 5],33,93,107,60,78
1,<environment.Job instance at 0x7ff6bde65550>,33,1,[7 2],34,94,95,60,78
1,<environment.Job instance at 0x7ff6be57e3c0>,16,23,[7 4],17,95,118,78,89
1,<environment.Job instance at 0x7ff6bde65c30>,36,21,[6 5],37,107,128,70,99
1,<environment.Job instance at 0x7ff6bde658c0>,37,13,[9 4],38,118,131,80,102
1,<environment.Job instance at 0x7ff6bde65690>,39,17,[5 9],40,128,145,88,116
1,<environment.Job instance at 0x7ff6bde65f00>,40,15,[4 5],41,131,146,90,117
1,<environment.Job instance at 0x7ff6be961e10>,1,2,[2 6],2,2,4,0,2
1,<environment.Job instance at 0x7ff6beee55f0>,0,28,[5 6],1,2,30,1,2
1,<environment.Job instance at 0x7ff6bde65af0>,2,3,[9 1],3,4,7,1,3
1,<environment.Job instance at 0x7ff6bde65cd0>,4,17,[6 5],5,7,24,2,5
1,<environment.Job instance at 0x7ff6bf46fdc0>,5,23,[5 3],6,24,47,18,18
1,<environment.Job instance at 0x7ff6bf46f780>,10,13,[12  5],11,47,60,36,31
1,<environment.Job instance at 0x7ff6bf46ff50>,11,14,[7 1],12,31,45,19,31
1,<environment.Job instance at 0x7ff6bf46f9b0>,8,1,[6 1],9,45,46,36,31
1,<environment.Job instance at 0x7ff6bde15410>,13,3,[5 8],14,60,63,46,34
1,<environment.Job instance at 0x7ff6bde15dc0>,14,1,[6 1],15,46,47,31,34
1,<environment.Job instance at 0x7ff6bde15460>,15,3,[1 5],16,34,37,18,34
1,<environment.Job instance at 0x7ff6bf46fcd0>,7,16,[ 5 10],8,63,79,55,50
1,<environment.Job instance at 0x7ff6bde15f50>,12,16,[9 4],13,60,76,47,52
1,<environment.Job instance at 0x7ff6bf46fe10>,9,15,[5 2],10,76,91,66,62
1,<environment.Job instance at 0x7ff6bf3648c0>,29,1,[7 3],30,79,80,49,62
1,<environment.Job instance at 0x7ff6bde15730>,28,3,[7 1],29,80,83,51,62
1,<environment.Job instance at 0x7ff6be1f9c80>,31,1,[9 5],32,83,84,51,62
1,<environment.Job instance at 0x7ff6be1f9870>,32,2,[ 2 10],33,79,81,46,62
1,<environment.Job instance at 0x7ff6be1f9a50>,33,15,[7 2],34,84,99,50,70
1,<environment.Job instance at 0x7ff6be1f90f0>,34,2,[4 6],35,91,93,56,70
1,<environment.Job instance at 0x7ff6be1f9780>,35,2,[10  5],36,99,101,63,72
1,<environment.Job instance at 0x7ff6be1f9460>,36,1,[5 7],37,93,94,56,72
1,<environment.Job instance at 0x7ff6be1f9a00>,37,2,[ 4 14],38,101,103,63,74
1,<environment.Job instance at 0x7ff6be1f9af0>,38,14,[1 7],39,103,117,64,88
1,<environment.Job instance at 0x7ff6bde15370>,27,18,[10  5],28,103,121,75,94
1,<environment.Job instance at 0x7ff6bf364a00>,30,15,[ 4 10],31,117,132,86,103
1,<environment.Job instance at 0x7ff6be1f9140>,42,1,[2 7],43,132,133,89,104
1,<environment.Job instance at 0x7ff6bde15640>,16,15,[9 5],17,121,136,104,107
1,<environment.Job instance at 0x7ff6be1f9e60>,44,2,[ 1 12],45,136,138,91,109
1,<environment.Job instance at 0x7ff6be8f7910>,0,3,[7 3],1,1,4,0,1
1,<environment.Job instance at 0x7ff6be76fe60>,1,13,[ 3 10],2,2,15,0,2
1,<environment.Job instance at 0x7ff6be1f9e60>,3,13,[1 7],4,15,28,11,4
1,<environment.Job instance at 0x7ff6bf18f8c0>,2,18,[5 8],3,15,33,12,4
1,<environment.Job instance at 0x7ff6be498190>,4,3,[3 5],5,5,8,0,5
1,<environment.Job instance at 0x7ff6be498960>,6,16,[6 1],7,28,44,21,15
1,<environment.Job instance at 0x7ff6be4b5230>,10,16,[5 9],11,33,49,22,20
1,<environment.Job instance at 0x7ff6be4b5550>,11,15,[9 5],12,44,59,32,30
1,<environment.Job instance at 0x7ff6be4b50f0>,9,2,[3 6],10,49,51,39,38
1,<environment.Job instance at 0x7ff6be4b54b0>,15,3,[11  2],16,59,62,43,38
1,<environment.Job instance at 0x7ff6be4b5910>,16,3,[8 5],17,62,65,45,38
1,<environment.Job instance at 0x7ff6be4976e0>,8,1,[ 1 10],9,51,52,42,39
1,<environment.Job instance at 0x7ff6be4b57d0>,17,12,[5 4],18,62,74,44,46
1,<environment.Job instance at 0x7ff6be4b5f50>,18,14,[8 1],19,65,79,46,50
1,<environment.Job instance at 0x7ff6be4b5140>,19,16,[ 4 10],20,74,90,54,61
1,<environment.Job instance at 0x7ff6be48dd20>,23,2,[2 8],24,65,67,41,61
1,<environment.Job instance at 0x7ff6be48da50>,24,14,[10  1],25,79,93,54,64
1,<environment.Job instance at 0x7ff6be493500>,29,13,[ 2 10],30,90,103,60,74
1,<environment.Job instance at 0x7ff6be7e96e0>,30,15,[4 9],31,103,118,72,89
1,<environment.Job instance at 0x7ff6be7e7550>,31,15,[7 5],32,93,108,61,89
1,<environment.Job instance at 0x7ff6be7e7690>,33,16,[8 2],34,108,124,74,95
1,<environment.Job instance at 0x7ff6be7e78c0>,35,3,[5 1],36,118,121,82,95
1,<environment.Job instance at 0x7ff6beefddc0>,36,17,[9 3],37,124,141,87,112
1,<environment.Job instance at 0x7ff6be7eca50>,39,15,[5 6],40,121,136,81,112
1,<environment.Job instance at 0x7ff6bdf81050>,1,1,[2 7],2,2,3,0,2
1,<environment.Job instance at 0x7ff6be4c5fa0>,2,2,[4 5],3,3,5,0,3
1,<environment.Job instance at 0x7ff6bdf81e60>,3,14,[5 5],4,4,18,0,4
1,<environment.Job instance at 0x7ff6bdf81eb0>,4,12,[7 4],5,5,17,0,5
1,<environment.Job instance at 0x7ff6bdf81dc0>,5,2,[10  5],6,17,19,11,6
1,<environment.Job instance at 0x7ff6bdf810a0>,6,1,[2 5],7,7,8,0,7
1,<environment.Job instance at 0x7ff6bdf81140>,7,14,[11  2],8,19,33,11,8
1,<environment.Job instance at 0x7ff6bdf82f00>,9,18,[1 5],10,18,36,8,10
1,<environment.Job instance at 0x7ff6bdf82730>,14,12,[1 8],15,19,31,4,16
1,<environment.Job instance at 0x7ff6bdf825a0>,16,13,[9 5],17,33,46,16,17
1,<environment.Job instance at 0x7ff6bdf82050>,15,2,[ 1 12],16,46,48,30,19
1,<environment.Job instance at 0x7ff6bdf825f0>,17,18,[6 2],18,36,54,18,27
1,<environment.Job instance at 0x7ff6bdf82640>,19,13,[7 5],20,48,61,28,32
1,<environment.Job instance at 0x7ff6bdf82780>,18,14,[ 4 10],19,54,68,35,39
1,<environment.Job instance at 0x7ff6bdf82690>,21,14,[9 5],22,61,75,39,47
1,<environment.Job instance at 0x7ff6bdf82870>,11,12,[6 3],12,68,80,56,52
1,<environment.Job instance at 0x7ff6bdf71280>,25,3,[ 4 11],26,75,78,49,52
1,<environment.Job instance at 0x7ff6bdf715f0>,26,2,[8 3],27,78,80,51,52
1,<environment.Job instance at 0x7ff6bdf714b0>,27,3,[2 8],28,80,83,52,54
1,<environment.Job instance at 0x7ff6bdf716e0>,22,15,[7 3],23,80,95,57,66
1,<environment.Job instance at 0x7ff6bdf71b90>,28,13,[3 7],29,83,96,54,67
1,<environment.Job instance at 0x7ff6bdf71d70>,30,1,[2 6],31,95,96,64,67
1,<environment.Job instance at 0x7ff6bdf718c0>,31,13,[9 4],32,96,109,64,80
1,<environment.Job instance at 0x7ff6bdf526e0>,32,16,[1 7],33,96,112,63,88
1,<environment.Job instance at 0x7ff6bdf71c80>,29,15,[8 5],30,109,124,79,95
1,<environment.Job instance at 0x7ff6bdf52aa0>,34,15,[6 4],35,112,127,77,98
1,<environment.Job instance at 0x7ff6bdf52b40>,35,1,[5 2],36,98,99,62,98
1,<environment.Job instance at 0x7ff6bdf52910>,36,3,[8 3],37,124,127,87,98
1,<environment.Job instance at 0x7ff6bdf52460>,37,16,[7 2],38,127,143,89,114
1,<environment.Job instance at 0x7ff6bdf520a0>,38,3,[11  1],39,143,146,104,117
1,<environment.Job instance at 0x7ff6bdf525a0>,39,2,[3 7],40,127,129,87,117
1,<environment.Job instance at 0x7ff6bdf52190>,40,2,[9 1],41,146,148,105,119
1,<environment.Job instance at 0x7ff6bdf52730>,41,2,[6 2],42,129,131,87,119
1,<environment.Job instance at 0x7ff6bdf71460>,33,13,[3 7],34,131,144,97,119
1,<environment.Job instance at 0x7ff6bdf52be0>,43,2,[2 7],44,129,131,85,119
1,<environment.Job instance at 0x7ff6be6f3410>,0,2,[7 4],1,1,3,0,1
1,<environment.Job instance at 0x7ff6becb98c0>,1,16,[6 5],2,2,18,0,2
1,<environment.Job instance at 0x7ff6bf2463c0>,2,13,[14  2],3,18,31,15,4
1,<environment.Job instance at 0x7ff6bdf52be0>,3,1,[5 5],4,6,7,2,6
1,<environment.Job instance at 0x7ff6be83d870>,6,12,[ 1 10],7,7,19,0,7
1,<environment.Job instance at 0x7ff6be810690>,9,3,[4 5],10,31,34,21,10
1,<environment.Job instance at 0x7ff6be82dd20>,5,16,[6 5],6,31,47,25,18
1,<environment.Job instance at 0x7ff6be810fa0>,11,13,[5 2],12,31,44,19,18
1,<environment.Job instance at 0x7ff6be816280>,15,3,[5 7],16,44,47,28,18
1,<environment.Job instance at 0x7ff6be8165a0>,17,3,[4 5],18,34,37,16,18
1,<environment.Job instance at 0x7ff6bec78050>,18,14,[7 2],19,47,61,28,32
1,<environment.Job instance at 0x7ff6be83dd70>,8,15,[1 8],9,47,62,38,33
1,<environment.Job instance at 0x7ff6bef2b780>,20,2,[ 4 14],21,62,64,41,35
1,<environment.Job instance at 0x7ff6bec98230>,21,14,[6 1],22,47,61,25,35
1,<environment.Job instance at 0x7ff6bef2cf00>,22,2,[1 5],23,37,39,14,35
1,<environment.Job instance at 0x7ff6be816aa0>,19,18,[1 9],20,64,82,44,53
1,<environment.Job instance at 0x7ff6be25ff00>,10,15,[5 1],11,61,76,50,56
1,<environment.Job instance at 0x7ff6be8315a0>,25,3,[10  2],26,76,79,50,56
1,<environment.Job instance at 0x7ff6be8316e0>,24,17,[3 7],25,82,99,57,70
1,<environment.Job instance at 0x7ff6bef2b370>,23,14,[4 8],24,82,96,58,71
1,<environment.Job instance at 0x7ff6bef30a00>,29,18,[2 9],30,99,117,69,88
1,<environment.Job instance at 0x7ff6bec73870>,33,18,[5 2],34,96,114,62,88
1,<environment.Job instance at 0x7ff6bec7a280>,34,16,[7 5],35,114,130,79,101
1,<environment.Job instance at 0x7ff6be260c30>,36,12,[8 3],37,101,113,64,101
1,<environment.Job instance at 0x7ff6bef30a50>,30,18,[5 5],31,117,135,86,106
1,<environment.Job instance at 0x7ff6be80d3c0>,42,3,[5 8],43,130,133,87,106
1,<environment.Job instance at 0x7ff6be80dc80>,44,15,[10  2],45,133,148,88,119
1,<environment.Job instance at 0x7ff6be7576e0>,0,2,[2 6],1,1,3,0,1
1,<environment.Job instance at 0x7ff6be80dc80>,2,3,[6 1],3,3,6,0,3
1,<environment.Job instance at 0x7ff6be80df50>,1,2,[7 1],2,4,6,2,4
1,<environment.Job instance at 0x7ff6be757c80>,3,23,[1 7],4,4,27,0,4
1,<environment.Job instance at 0x7ff6be757cd0>,7,2,[3 8],8,10,12,2,10
1,<environment.Job instance at 0x7ff6be757500>,4,22,[1 8],5,12,34,7,11
1,<environment.Job instance at 0x7ff6be757aa0>,11,3,[1 8],12,34,37,22,18
1,<environment.Job instance at 0x7ff6be757190>,8,13,[14  3],9,27,40,18,19
1,<environment.Job instance at 0x7ff6be757870>,14,15,[5 3],15,40,55,25,26
1,<environment.Job instance at 0x7ff6be757a50>,15,15,[8 3],16,40,55,24,26
1,<environment.Job instance at 0x7ff6be757e60>,17,12,[9 2],18,55,67,37,38
1,<environment.Job instance at 0x7ff6bde657d0>,20,13,[10  5],21,67,80,46,51
1,<environment.Job instance at 0x7ff6be757be0>,10,16,[4 8],11,55,71,44,51
1,<environment.Job instance at 0x7ff6bde65b90>,21,12,[8 2],22,80,92,58,63
1,<environment.Job instance at 0x7ff6bde650a0>,24,15,[4 7],25,71,86,46,63
1,<environment.Job instance at 0x7ff6bde65550>,31,16,[4 9],32,86,102,54,73
1,<environment.Job instance at 0x7ff6bde65be0>,32,15,[1 6],33,92,107,59,78
1,<environment.Job instance at 0x7ff6bde65a00>,35,12,[5 2],36,102,114,66,85
1,<environment.Job instance at 0x7ff6bde65dc0>,36,18,[7 1],37,102,120,65,91
1,<environment.Job instance at 0x7ff6be784140>,42,13,[1 9],43,107,120,64,91
1,<environment.Job instance at 0x7ff6be784d20>,44,14,[2 7],45,120,134,75,105
1,<environment.Job instance at 0x7ff6be784af0>,46,16,[9 3],47,120,136,73,107
1,<environment.Job instance at 0x7ff6be57e0a0>,0,2,[1 9],1,1,3,0,1
1,<environment.Job instance at 0x7ff6be784eb0>,1,18,[4 9],2,3,21,1,2
1,<environment.Job instance at 0x7ff6be57e870>,2,18,[3 6],3,3,21,0,3
1,<environment.Job instance at 0x7ff6be57ea50>,4,3,[1 6],5,21,24,16,5
1,<environment.Job instance at 0x7ff6be57efa0>,3,3,[6 1],4,21,24,17,7
1,<environment.Job instance at 0x7ff6bef2c410>,5,16,[2 7],6,21,37,15,8
1,<environment.Job instance at 0x7ff6bef2c8c0>,7,13,[13  4],8,24,37,16,12
1,<environment.Job instance at 0x7ff6bef2c2d0>,13,18,[6 3],14,37,55,23,26
1,<environment.Job instance at 0x7ff6bef2c6e0>,17,18,[6 4],18,37,55,19,26
1,<environment.Job instance at 0x7ff6bef2c140>,19,15,[9 3],20,55,70,35,41
1,<environment.Job instance at 0x7ff6bdf827d0>,23,12,[4 8],24,55,67,31,41
1,<environment.Job instance at 0x7ff6befb7f50>,26,15,[4 7],27,67,82,40,53
1,<environment.Job instance at 0x7ff6bdd271e0>,30,3,[5 7],31,70,73,39,53
1,<environment.Job instance at 0x7ff6bdd27280>,31,3,[7 4],32,73,76,41,53
1,<environment.Job instance at 0x7ff6bdcd7b90>,35,13,[3 7],36,76,89,40,60
1,<environment.Job instance at 0x7ff6bdcd7c80>,39,13,[4 5],40,82,95,42,66
1,<environment.Job instance at 0x7ff6bdcd7e60>,40,17,[5 9],41,89,106,48,77
1,<environment.Job instance at 0x7ff6bdcd79b0>,41,17,[9 4],42,95,112,53,83
1,<environment.Job instance at 0x7ff6bdcd7fa0>,44,14,[9 5],45,112,126,67,97
1,<environment.Job instance at 0x7ff6bdcd7460>,45,14,[6 1],46,106,120,60,97
1,<environment.Job instance at 0x7ff6bdcd7780>,46,16,[3 8],47,120,136,73,107
1,<environment.Job instance at 0x7ff6bef2cbe0>,9,15,[6 5],10,126,141,116,112
1,<environment.Job instance at 0x7ff6be8bf140>,0,2,[7 1],1,2,4,1,2
1,<environment.Job instance at 0x7ff6be8bf730>,1,3,[ 3 11],2,2,5,0,2
1,<environment.Job instance at 0x7ff6be8bff50>,3,12,[5 8],4,5,17,1,4
1,<environment.Job instance at 0x7ff6be8bf0f0>,2,1,[ 3 10],3,17,18,14,5
1,<environment.Job instance at 0x7ff6be8bf0a0>,4,1,[2 5],5,5,6,0,5
1,<environment.Job instance at 0x7ff6be8bf190>,5,3,[10  1],6,6,9,0,6
1,<environment.Job instance at 0x7ff6be8bfcd0>,6,3,[2 5],7,9,12,2,7
1,<environment.Job instance at 0x7ff6be8bfb90>,7,13,[5 5],8,12,25,4,8
1,<environment.Job instance at 0x7ff6be8bfe10>,9,2,[1 8],10,18,20,8,11
1,<environment.Job instance at 0x7ff6be8bfbe0>,10,12,[10  4],11,20,32,9,11
1,<environment.Job instance at 0x7ff6be8bf370>,11,12,[4 5],12,25,37,13,12
1,<environment.Job instance at 0x7ff6bef61370>,17,12,[6 2],18,32,44,14,18
1,<environment.Job instance at 0x7ff6bef616e0>,18,3,[2 8],19,32,35,13,19
1,<environment.Job instance at 0x7ff6bef61280>,19,2,[4 5],20,35,37,15,20
1,<environment.Job instance at 0x7ff6bef61aa0>,20,1,[7 1],21,37,38,16,21
1,<environment.Job instance at 0x7ff6bef61c30>,21,2,[2 6],22,37,39,15,22
1,<environment.Job instance at 0x7ff6bef61910>,16,16,[ 5 10],17,39,55,22,27
1,<environment.Job instance at 0x7ff6bef61d20>,23,14,[1 8],24,55,69,31,40
1,<environment.Job instance at 0x7ff6be8bf870>,14,26,[10  2],15,44,70,29,43
1,<environment.Job instance at 0x7ff6bef61820>,24,12,[3 9],25,69,81,44,52
1,<environment.Job instance at 0x7ff6be90b640>,33,15,[8 4],34,70,85,36,56
1,<environment.Job instance at 0x7ff6bef615f0>,25,15,[5 1],26,81,96,55,68
1,<environment.Job instance at 0x7ff6be90bdc0>,37,2,[5 7],38,85,87,47,68
1,<environment.Job instance at 0x7ff6be90bf50>,38,12,[1 6],39,81,93,42,68
1,<environment.Job instance at 0x7ff6be90baa0>,39,1,[6 3],40,87,88,47,69
1,<environment.Job instance at 0x7ff6be90baf0>,40,16,[6 2],41,88,104,47,76
1,<environment.Job instance at 0x7ff6be90be10>,41,2,[ 2 13],42,96,98,54,76
1,<environment.Job instance at 0x7ff6be90b4b0>,42,1,[5 5],43,98,99,55,76
1,<environment.Job instance at 0x7ff6be90b550>,36,20,[4 9],37,99,119,62,90
1,<environment.Job instance at 0x7ff6be90bcd0>,44,14,[10  4],45,104,118,59,90
1,<environment.Job instance at 0x7ff6be90bbe0>,45,17,[4 9],46,119,136,73,107
1,<environment.Job instance at 0x7ff6be8c6280>,47,13,[7 4],48,118,131,70,107
1,<environment.Job instance at 0x7ff6be156d70>,1,12,[7 4],2,2,14,0,2
1,<environment.Job instance at 0x7ff6be1617d0>,0,1,[4 9],1,2,3,1,2
1,<environment.Job instance at 0x7ff6be8c6370>,3,13,[4 7],4,4,17,0,4
1,<environment.Job instance at 0x7ff6be82de10>,4,2,[7 3],5,14,16,9,5
1,<environment.Job instance at 0x7ff6be82de60>,5,16,[5 7],6,16,32,10,6
1,<environment.Job instance at 0x7ff6be26c7d0>,6,12,[4 6],7,17,29,10,7
1,<environment.Job instance at 0x7ff6be26c4b0>,11,12,[7 5],12,29,41,17,12
1,<environment.Job instance at 0x7ff6be26c2d0>,12,12,[5 4],13,32,44,19,15
1,<environment.Job instance at 0x7ff6be26c9b0>,13,13,[10  3],14,41,54,27,25
1,<environment.Job instance at 0x7ff6be26c320>,14,17,[5 6],15,44,61,29,33
1,<environment.Job instance at 0x7ff6be26c8c0>,10,17,[8 3],11,54,71,43,42
1,<environment.Job instance at 0x7ff6be26c820>,16,15,[1 5],17,54,69,37,43
1,<environment.Job instance at 0x7ff6be26c730>,20,14,[6 1],21,61,75,40,46
1,<environment.Job instance at 0x7ff6be26c190>,21,2,[4 8],22,71,73,49,47
1,<environment.Job instance at 0x7ff6be26c1e0>,22,17,[3 8],23,73,90,50,61
1,<environment.Job instance at 0x7ff6be26cc80>,9,23,[5 5],10,71,94,61,65
1,<environment.Job instance at 0x7ff6be7d6730>,29,15,[8 4],30,90,105,60,77
1,<environment.Job instance at 0x7ff6be26c500>,7,16,[3 5],8,94,110,86,81
1,<environment.Job instance at 0x7ff6be7d65f0>,27,14,[9 3],28,105,119,77,90
1,<environment.Job instance at 0x7ff6be7d6dc0>,33,1,[ 2 13],34,119,120,85,91
1,<environment.Job instance at 0x7ff6be7d69b0>,34,2,[ 4 10],35,110,112,75,93
1,<environment.Job instance at 0x7ff6be7d67d0>,35,19,[8 1],36,119,138,83,109
1,<environment.Job instance at 0x7ff6be7d6190>,36,1,[ 4 11],37,112,113,75,109
1,<environment.Job instance at 0x7ff6be7d6e10>,32,16,[6 3],33,120,136,87,109
1,<environment.Job instance at 0x7ff6be7d6280>,38,3,[2 6],39,113,116,74,109
1,<environment.Job instance at 0x7ff6be7d6af0>,39,2,[10  5],40,138,140,98,111
1,<environment.Job instance at 0x7ff6be7d6960>,40,2,[4 6],41,113,115,72,111
1,<environment.Job instance at 0x7ff6be659690>,1,16,[ 2 10],2,2,18,0,2
1,<environment.Job instance at 0x7ff6bdef6820>,2,2,[7 5],3,3,5,0,3
1,<environment.Job instance at 0x7ff6bdef66e0>,3,15,[10  1],4,5,20,1,4
1,<environment.Job instance at 0x7ff6c7c69a00>,7,15,[1 7],8,18,33,10,10
1,<environment.Job instance at 0x7ff6bf3e5550>,11,12,[8 3],12,20,32,8,12
1,<environment.Job instance at 0x7ff6bf3e58c0>,14,16,[5 6],15,32,48,17,19
1,<environment.Job instance at 0x7ff6c7fe2dc0>,15,16,[10  2],16,33,49,17,20
1,<environment.Job instance at 0x7ff6bf3e5f00>,17,12,[4 7],18,48,60,30,31
1,<environment.Job instance at 0x7ff6c7fe2fa0>,8,18,[5 6],9,49,67,40,38
1,<environment.Job instance at 0x7ff6beab0fa0>,21,2,[10  5],22,60,62,38,38
1,<environment.Job instance at 0x7ff6beab00a0>,22,1,[9 4],23,62,63,39,38
1,<environment.Job instance at 0x7ff6beab0c80>,23,2,[3 6],24,63,65,39,38
1,<environment.Job instance at 0x7ff6beab03c0>,24,1,[1 7],25,65,66,40,38
1,<environment.Job instance at 0x7ff6beab0190>,25,2,[1 8],26,66,68,40,39
1,<environment.Job instance at 0x7ff6beab0320>,26,18,[3 5],27,67,85,40,56
1,<environment.Job instance at 0x7ff6beab0640>,27,14,[8 3],28,68,82,40,56
1,<environment.Job instance at 0x7ff6beab0af0>,28,14,[7 5],29,82,96,53,67
1,<environment.Job instance at 0x7ff6beab0b90>,29,14,[ 1 13],30,96,110,66,81
1,<environment.Job instance at 0x7ff6beab08c0>,30,21,[5 2],31,82,103,51,81
1,<environment.Job instance at 0x7ff6beab0050>,31,12,[7 5],32,110,122,78,93
1,<environment.Job instance at 0x7ff6bf3e5140>,20,20,[5 8],21,110,130,89,103
1,<environment.Job instance at 0x7ff6beab0dc0>,32,16,[11  5],33,130,146,97,117
1,<environment.Job instance at 0x7ff6be7ccf00>,35,2,[ 5 10],36,146,148,110,119
1,<environment.Job instance at 0x7ff6be7cc500>,36,14,[3 9],37,130,144,93,119
1,<environment.Job instance at 0x7ff6be7cc780>,37,2,[8 3],38,122,124,84,119
1,<environment.Job instance at 0x7ff6be632280>,0,17,[4 8],1,1,18,0,1
1,<environment.Job instance at 0x7ff6be86ad20>,2,17,[ 4 10],3,18,35,15,6
1,<environment.Job instance at 0x7ff6be632c80>,1,17,[3 6],2,35,52,33,23
1,<environment.Job instance at 0x7ff6be632c30>,9,18,[5 5],10,23,41,13,23
1,<environment.Job instance at 0x7ff6be632a50>,10,16,[5 4],11,35,51,24,23
1,<environment.Job instance at 0x7ff6be632af0>,5,1,[ 3 14],6,52,53,46,24
1,<environment.Job instance at 0x7ff6be617f00>,15,3,[8 5],16,53,56,37,27
1,<environment.Job instance at 0x7ff6be617fa0>,14,17,[6 1],15,41,58,26,29
1,<environment.Job instance at 0x7ff6be632050>,11,18,[5 5],12,56,74,44,45
1,<environment.Job instance at 0x7ff6be617730>,20,14,[7 4],21,58,72,37,47
1,<environment.Job instance at 0x7ff6be632500>,4,1,[ 1 11],5,74,75,69,47
1,<environment.Job instance at 0x7ff6be617690>,22,1,[6 3],23,51,52,28,48
1,<environment.Job instance at 0x7ff6be632b40>,6,1,[1 9],7,53,54,46,48
1,<environment.Job instance at 0x7ff6be617eb0>,23,2,[4 5],24,56,58,32,53
1,<environment.Job instance at 0x7ff6be617870>,21,17,[ 4 10],22,75,92,53,63
1,<environment.Job instance at 0x7ff6bf2ceaa0>,27,15,[5 1],28,72,87,44,63
1,<environment.Job instance at 0x7ff6bf2ce550>,29,13,[6 1],30,74,87,44,63
1,<environment.Job instance at 0x7ff6bf2ce370>,31,17,[6 1],32,87,104,55,75
1,<environment.Job instance at 0x7ff6bf2ceb90>,32,16,[9 2],33,92,108,59,79
1,<environment.Job instance at 0x7ff6bf2ce140>,33,15,[5 8],34,104,119,70,90
1,<environment.Job instance at 0x7ff6bdd38be0>,46,22,[7 4],47,108,130,61,101
1,<environment.Job instance at 0x7ff6bdd38cd0>,48,18,[5 5],49,119,137,70,108
1,<environment.Job instance at 0x7ff6bdd386e0>,49,15,[3 6],50,119,134,69,108
1,<environment.Job instance at 0x7ff6be611640>,1,12,[4 6],2,2,14,0,2
1,<environment.Job instance at 0x7ff6be633500>,0,2,[1 8],1,2,4,1,2
1,<environment.Job instance at 0x7ff6bf1e8f00>,3,1,[ 4 10],4,14,15,10,4
1,<environment.Job instance at 0x7ff6bf1e89b0>,5,1,[1 5],6,6,7,0,6
1,<environment.Job instance at 0x7ff6bf1e8a00>,6,24,[10  2],7,7,31,0,7
1,<environment.Job instance at 0x7ff6bf1e8be0>,7,18,[3 8],8,15,33,7,8
1,<environment.Job instance at 0x7ff6bf1e86e0>,8,1,[2 6],9,31,32,22,9
1,<environment.Job instance at 0x7ff6bf1e8f50>,9,12,[1 5],10,15,27,5,10
1,<environment.Job instance at 0x7ff6bf1e80a0>,11,1,[3 9],12,33,34,21,12
1,<environment.Job instance at 0x7ff6bf1e8910>,15,1,[5 9],16,34,35,18,16
1,<environment.Job instance at 0x7ff6bf1e80f0>,13,17,[7 2],14,32,49,18,20
1,<environment.Job instance at 0x7ff6bf1e8820>,12,13,[3 6],13,35,48,22,20
1,<environment.Job instance at 0x7ff6be81a500>,18,2,[6 2],19,48,50,29,21
1,<environment.Job instance at 0x7ff6bf1e8b40>,17,18,[1 8],18,48,66,30,37
1,<environment.Job instance at 0x7ff6be81a460>,22,18,[1 6],23,50,68,27,39
1,<environment.Job instance at 0x7ff6be81a730>,23,17,[10  3],24,66,83,42,54
1,<environment.Job instance at 0x7ff6be81a960>,25,16,[7 4],26,83,99,57,70
1,<environment.Job instance at 0x7ff6be81a0a0>,26,13,[4 6],27,70,83,43,70
1,<environment.Job instance at 0x7ff6be81ab90>,32,17,[6 3],33,83,100,50,71
1,<environment.Job instance at 0x7ff6bf1e8690>,14,18,[1 8],15,83,101,68,77
1,<environment.Job instance at 0x7ff6bdd12c80>,42,16,[7 1],43,99,115,56,86
1,<environment.Job instance at 0x7ff6bdd12780>,43,13,[6 5],44,100,113,56,86
1,<environment.Job instance at 0x7ff6bdd12960>,47,18,[4 5],48,113,131,65,102
1,<environment.Job instance at 0x7ff6bdd12c30>,48,15,[5 4],49,115,130,66,102
1,<environment.Job instance at 0x7ff6bdd12eb0>,49,17,[7 5],50,130,147,80,118
1,<environment.Job instance at 0x7ff6be81adc0>,19,17,[6 3],20,131,148,111,119
1,<environment.Job instance at 0x7ff6bde11a50>,0,14,[12  5],1,1,15,0,1
1,<environment.Job instance at 0x7ff6bf338cd0>,1,2,[2 7],2,2,4,0,2
1,<environment.Job instance at 0x7ff6bf3385a0>,2,13,[2 6],3,4,17,1,3
1,<environment.Job instance at 0x7ff6c79a4f50>,4,2,[2 5],5,15,17,10,5
1,<environment.Job instance at 0x7ff6bf338460>,5,3,[ 4 10],6,17,20,11,6
1,<environment.Job instance at 0x7ff6c79f4690>,6,21,[10  2],7,15,36,8,7
1,<environment.Job instance at 0x7ff6be00fc30>,7,15,[5 1],8,20,35,12,8
1,<environment.Job instance at 0x7ff6bf31be10>,11,3,[7 5],12,36,39,24,12
1,<environment.Job instance at 0x7ff6be00fd70>,9,2,[2 5],10,35,37,25,15
1,<environment.Job instance at 0x7ff6c7ea43c0>,14,16,[8 4],15,37,53,22,24
1,<environment.Job instance at 0x7ff6c7ea4a50>,15,12,[6 4],16,39,51,23,24
1,<environment.Job instance at 0x7ff6c79f45a0>,10,13,[1 5],11,39,52,28,29
1,<environment.Job instance at 0x7ff6c7ea4cd0>,16,14,[ 2 10],17,52,66,35,37
1,<environment.Job instance at 0x7ff6be878d20>,18,14,[6 4],19,53,67,34,38
1,<environment.Job instance at 0x7ff6be00f0a0>,8,12,[1 5],9,66,78,57,52
1,<environment.Job instance at 0x7ff6bf083410>,12,15,[3 8],13,67,82,54,53
1,<environment.Job instance at 0x7ff6be878aa0>,23,1,[6 5],24,66,67,42,53
1,<environment.Job instance at 0x7ff6be878910>,24,14,[ 2 11],25,82,96,57,67
1,<environment.Job instance at 0x7ff6c79a42d0>,3,17,[6 4],4,78,95,74,68
1,<environment.Job instance at 0x7ff6c7ea45f0>,17,14,[7 4],18,95,109,77,80
1,<environment.Job instance at 0x7ff6be878820>,28,13,[5 2],29,96,109,67,80
1,<environment.Job instance at 0x7ff6be8784b0>,29,17,[1 5],30,96,113,66,84
1,<environment.Job instance at 0x7ff6be878140>,33,15,[5 7],34,109,124,75,97
1,<environment.Job instance at 0x7ff6be878320>,34,16,[2 8],35,113,129,78,101
1,<environment.Job instance at 0x7ff6bf19a500>,37,17,[ 5 10],38,129,146,91,118
1,<environment.Job instance at 0x7ff6bec15730>,1,16,[1 7],2,2,18,0,2
1,<environment.Job instance at 0x7ff6bec159b0>,0,1,[13  1],1,4,5,3,4
1,<environment.Job instance at 0x7ff6bec15500>,2,3,[9 2],3,5,8,2,5
1,<environment.Job instance at 0x7ff6bec15460>,3,19,[3 9],4,18,37,14,8
1,<environment.Job instance at 0x7ff6bec153c0>,4,2,[2 7],5,8,10,3,8
1,<environment.Job instance at 0x7ff6bec15190>,9,18,[5 3],10,10,28,0,10
1,<environment.Job instance at 0x7ff6bec15050>,7,14,[5 6],8,28,42,20,13
1,<environment.Job instance at 0x7ff6be265cd0>,12,2,[ 4 10],13,42,44,29,15
1,<environment.Job instance at 0x7ff6bec15960>,8,12,[7 2],9,15,27,6,15
1,<environment.Job instance at 0x7ff6be265e10>,11,20,[10  2],12,37,57,25,28
1,<environment.Job instance at 0x7ff6be265f50>,15,15,[2 6],16,44,59,28,30
1,<environment.Job instance at 0x7ff6be2652d0>,17,18,[1 8],18,57,75,39,46
1,<environment.Job instance at 0x7ff6be555e60>,20,18,[8 3],21,59,77,38,48
1,<environment.Job instance at 0x7ff6be5550f0>,23,17,[6 1],24,57,74,33,48
1,<environment.Job instance at 0x7ff6be5553c0>,24,12,[4 5],25,75,87,50,58
1,<environment.Job instance at 0x7ff6be555a50>,27,20,[1 5],28,75,95,47,66
1,<environment.Job instance at 0x7ff6be555730>,30,13,[4 7],31,87,100,56,71
1,<environment.Job instance at 0x7ff6be5552d0>,31,16,[5 5],32,95,111,63,82
1,<environment.Job instance at 0x7ff6be555500>,33,13,[3 7],34,100,113,66,84
1,<environment.Job instance at 0x7ff6be555410>,34,15,[7 4],35,111,126,76,97
1,<environment.Job instance at 0x7ff6be555c80>,37,17,[4 9],38,113,130,75,101
1,<environment.Job instance at 0x7ff6beff0fa0>,41,12,[8 5],42,126,138,84,109
1,<environment.Job instance at 0x7ff6bec15a00>,6,12,[3 9],7,130,142,123,115
1,<environment.Job instance at 0x7ff6beff0050>,43,1,[ 4 10],44,142,143,98,115
1,<environment.Job instance at 0x7ff6bf00c3c0>,0,18,[3 7],1,1,19,0,1
1,<environment.Job instance at 0x7ff6be42a7d0>,3,13,[8 4],4,4,17,0,4
1,<environment.Job instance at 0x7ff6be42a6e0>,4,3,[7 5],5,17,20,12,5
1,<environment.Job instance at 0x7ff6bf00c1e0>,1,1,[1 8],2,19,20,17,6
1,<environment.Job instance at 0x7ff6be42a9b0>,5,2,[5 6],6,20,22,14,6
1,<environment.Job instance at 0x7ff6be42ab40>,7,14,[4 9],8,20,34,12,8
1,<environment.Job instance at 0x7ff6be42aa00>,8,15,[5 4],9,22,37,13,9
1,<environment.Job instance at 0x7ff6be42ad20>,15,3,[7 1],16,34,37,18,16
1,<environment.Job instance at 0x7ff6be41b050>,14,22,[7 4],15,37,59,22,30
1,<environment.Job instance at 0x7ff6be41b1e0>,17,16,[5 1],18,37,53,19,30
1,<environment.Job instance at 0x7ff6be42af00>,12,18,[1 5],13,34,52,21,30
1,<environment.Job instance at 0x7ff6be41b5a0>,21,3,[7 4],22,53,56,31,30
1,<environment.Job instance at 0x7ff6be41b230>,24,16,[9 5],25,59,75,34,46
1,<environment.Job instance at 0x7ff6be41b960>,27,15,[4 6],28,56,71,28,47
1,<environment.Job instance at 0x7ff6be41b640>,22,14,[11  5],23,75,89,52,60
1,<environment.Job instance at 0x7ff6be41b2d0>,30,1,[6 3],31,71,72,40,60
1,<environment.Job instance at 0x7ff6be41be10>,31,1,[6 5],32,72,73,40,60
1,<environment.Job instance at 0x7ff6be41bd70>,32,13,[5 1],33,89,102,56,73
1,<environment.Job instance at 0x7ff6be41be60>,33,1,[3 8],34,73,74,39,73
1,<environment.Job instance at 0x7ff6be41bf50>,34,1,[10  1],35,89,90,54,73
1,<environment.Job instance at 0x7ff6be41bfa0>,35,3,[5 5],36,90,93,54,73
1,<environment.Job instance at 0x7ff6be434050>,36,14,[ 3 10],37,74,88,37,73
1,<environment.Job instance at 0x7ff6be4340f0>,37,1,[12  4],38,102,103,64,75
1,<environment.Job instance at 0x7ff6be41baa0>,29,18,[1 9],30,90,108,60,79
1,<environment.Job instance at 0x7ff6be434280>,39,14,[5 4],40,103,117,63,88
1,<environment.Job instance at 0x7ff6be4343c0>,41,12,[6 4],42,108,120,66,91
1,<environment.Job instance at 0x7ff6be4345a0>,44,16,[9 1],45,117,133,72,104
1,<environment.Job instance at 0x7ff6be434820>,46,13,[9 1],47,133,146,86,117
1,<environment.Job instance at 0x7f9787838230>,0,13,[9 3],1,1,14,0,1
1,<environment.Job instance at 0x7f9787838320>,2,22,[4 8],3,3,25,0,3
1,<environment.Job instance at 0x7f977e0c0460>,3,3,[4 8],4,25,28,21,4
1,<environment.Job instance at 0x7f977e0c0640>,4,14,[1 6],5,14,28,9,5
1,<environment.Job instance at 0x7f977e0c0730>,5,2,[1 5],6,28,30,22,6
1,<environment.Job instance at 0x7f977e0c0820>,6,20,[6 1],7,14,34,7,7
1,<environment.Job instance at 0x7f977e0c0a50>,10,12,[3 7],11,28,40,17,13
1,<environment.Job instance at 0x7f977e0c0be0>,11,15,[4 8],12,34,49,22,21
1,<environment.Job instance at 0x7f977e0c0d20>,14,13,[7 3],15,40,53,25,24
1,<environment.Job instance at 0x7f977e0c0f00>,15,18,[2 8],16,49,67,33,39
1,<environment.Job instance at 0x7f977e0c0e10>,16,16,[3 5],17,53,69,36,40
1,<environment.Job instance at 0x7f977e0c2230>,19,14,[3 5],20,67,81,47,52
1,<environment.Job instance at 0x7f977e0c25f0>,24,18,[2 6],25,69,87,44,58
1,<environment.Job instance at 0x7f977e0c2780>,27,15,[8 4],28,67,82,39,62
1,<environment.Job instance at 0x7f977e0c28c0>,29,12,[5 4],30,81,93,51,64
1,<environment.Job instance at 0x7f977e0c2960>,30,14,[5 2],31,82,96,51,67
1,<environment.Job instance at 0x7f977e0c2a00>,31,14,[2 5],32,87,101,55,72
1,<environment.Job instance at 0x7f977e0c2b40>,33,14,[5 5],34,93,107,59,78
1,<environment.Job instance at 0x7f977e0c2c80>,35,15,[9 5],36,101,116,65,87
1,<environment.Job instance at 0x7f977e0c2190>,40,15,[10  3],41,116,131,75,102
1,<environment.Job instance at 0x7f977e0c6320>,43,18,[5 5],44,107,125,63,102
1,<environment.Job instance at 0x7f977e0c6460>,45,13,[6 5],46,131,144,85,115
1,<environment.Job instance at 0x7f977e0c09b0>,12,26,[ 1 10],13,125,151,112,122
1,<environment.Job instance at 0x7f977dbdc280>,2,13,[ 5 10],3,3,16,0,3
1,<environment.Job instance at 0x7f977e19c320>,3,16,[ 3 10],4,16,32,12,4
1,<environment.Job instance at 0x7f977e19c460>,4,3,[5 6],5,32,35,27,6
1,<environment.Job instance at 0x7f977e19c5a0>,6,1,[9 3],7,7,8,0,7
1,<environment.Job instance at 0x7f977e19ce10>,7,20,[9 2],8,8,28,0,8
1,<environment.Job instance at 0x7f977dc111e0>,5,14,[ 2 10],6,35,49,29,20
1,<environment.Job instance at 0x7f977e139550>,11,13,[5 6],12,49,62,37,33
1,<environment.Job instance at 0x7f977e139be0>,16,17,[1 7],17,49,66,32,37
1,<environment.Job instance at 0x7f977e139320>,19,12,[4 9],20,66,78,46,49
1,<environment.Job instance at 0x7f977e139e10>,21,15,[10  4],22,62,77,40,49
1,<environment.Job instance at 0x7f977e139f50>,22,14,[1 8],23,78,92,55,63
1,<environment.Job instance at 0x7f977db81500>,23,3,[1 9],24,92,95,68,66
1,<environment.Job instance at 0x7f977d786c80>,24,14,[8 4],25,77,91,52,66
1,<environment.Job instance at 0x7f977d789320>,27,3,[4 5],28,91,94,63,66
1,<environment.Job instance at 0x7f977db9bf50>,28,14,[9 5],29,94,108,65,79
1,<environment.Job instance at 0x7f977db250f0>,31,15,[1 7],32,95,110,63,81
1,<environment.Job instance at 0x7f977dad2be0>,32,3,[3 7],33,108,111,75,82
1,<environment.Job instance at 0x7f977dbcde60>,33,15,[5 2],34,110,125,76,96
1,<environment.Job instance at 0x7f977dc110a0>,0,15,[8 3],1,111,126,110,97
1,<environment.Job instance at 0x7f977db97cd0>,37,2,[10  2],38,126,128,88,99
1,<environment.Job instance at 0x7f977dbd8230>,39,14,[3 6],40,125,139,85,110
1,<environment.Job instance at 0x7f977dbb2050>,43,18,[6 5],44,128,146,84,117
1,<environment.Job instance at 0x7f977dbb27d0>,44,19,[6 1],45,128,147,83,118
1,<environment.Job instance at 0x7f977d80a5f0>,1,1,[ 2 10],2,2,3,0,2
1,<environment.Job instance at 0x7f977d80aaf0>,2,1,[3 9],3,3,4,0,3
1,<environment.Job instance at 0x7f977d80af00>,3,2,[4 7],4,4,6,0,4
1,<environment.Job instance at 0x7f977d80ac80>,4,12,[7 2],5,5,17,0,5
1,<environment.Job instance at 0x7f977d80a550>,0,25,[ 3 10],1,6,31,5,5
1,<environment.Job instance at 0x7f977d80ad70>,5,2,[1 5],6,17,19,11,6
1,<environment.Job instance at 0x7f977d7afe60>,6,3,[8 4],7,19,22,12,7
1,<environment.Job instance at 0x7f977d7afb90>,7,13,[9 2],8,22,35,14,8
1,<environment.Job instance at 0x7f977d7af820>,9,3,[4 7],10,31,34,21,11
1,<environment.Job instance at 0x7f977d7af910>,12,1,[5 5],13,34,35,21,15
1,<environment.Job instance at 0x7f977d7afaf0>,14,2,[8 5],15,35,37,20,16
1,<environment.Job instance at 0x7f977d7af8c0>,15,1,[8 1],16,37,38,21,16
1,<environment.Job instance at 0x7f977d7affa0>,10,17,[2 6],11,35,52,24,24
1,<environment.Job instance at 0x7f977d7af7d0>,11,15,[8 4],12,38,53,26,24
1,<environment.Job instance at 0x7f977d7af140>,18,13,[5 1],19,35,48,16,24
1,<environment.Job instance at 0x7f977d7afd70>,19,2,[10  2],20,53,55,33,26
1,<environment.Job instance at 0x7f977d7af5a0>,20,2,[ 5 10],21,52,54,31,26
1,<environment.Job instance at 0x7f977d7af780>,17,18,[5 9],18,54,72,36,43
1,<environment.Job instance at 0x7f977d7af960>,8,15,[3 6],9,55,70,46,43
1,<environment.Job instance at 0x7f977d767960>,24,15,[10  4],25,70,85,45,56
1,<environment.Job instance at 0x7f977d7670f0>,35,17,[4 6],36,72,89,36,71
1,<environment.Job instance at 0x7f977d7677d0>,39,16,[9 4],40,85,101,45,72
1,<environment.Job instance at 0x7f977e5d8a00>,44,17,[9 4],45,101,118,56,89
1,<environment.Job instance at 0x7f97872200f0>,68,15,[7 5],69,118,133,49,104
1,<environment.Job instance at 0x7f977d73c640>,89,16,[5 4],90,106,122,16,106
1,<environment.Job instance at 0x7f977de08d20>,90,14,[8 3],91,122,136,31,107
1,<environment.Job instance at 0x7f977d772fa0>,94,18,[3 6],95,133,151,38,122
1,<environment.Job instance at 0x7f977d772dc0>,96,16,[9 2],97,136,152,39,123
1,<environment.Job instance at 0x7f977da1e0f0>,1,3,[9 4],2,2,5,0,2
1,<environment.Job instance at 0x7f977d7ae910>,3,2,[9 2],4,5,7,1,4
1,<environment.Job instance at 0x7f977d7ae640>,4,17,[7 2],5,7,24,2,5
1,<environment.Job instance at 0x7f977d7aebe0>,6,12,[8 3],7,7,19,0,7
1,<environment.Job instance at 0x7f977d774910>,7,15,[2 9],8,19,34,11,8
1,<environment.Job instance at 0x7f977d774140>,8,1,[2 6],9,24,25,15,9
1,<environment.Job instance at 0x7f977d774b90>,13,2,[ 2 14],14,34,36,20,14
1,<environment.Job instance at 0x7f977d774a00>,12,19,[8 2],13,36,55,23,26
1,<environment.Job instance at 0x7f977d774780>,18,14,[ 2 10],19,36,50,17,26
1,<environment.Job instance at 0x7f977d7746e0>,19,17,[9 1],20,55,72,35,43
1,<environment.Job instance at 0x7f977d774960>,20,18,[3 5],21,50,68,29,43
1,<environment.Job instance at 0x7f977d774b40>,28,14,[4 6],29,68,82,39,53
1,<environment.Job instance at 0x7f977d739870>,29,15,[10  2],30,72,87,42,58
1,<environment.Job instance at 0x7f977d739780>,30,13,[5 6],31,82,95,51,66
1,<environment.Job instance at 0x7f977d739280>,31,12,[5 5],32,87,99,55,70
1,<environment.Job instance at 0x7f977d7396e0>,32,12,[5 5],33,95,107,62,78
1,<environment.Job instance at 0x7f977d739eb0>,33,13,[4 9],34,99,112,65,83
1,<environment.Job instance at 0x7f977d739be0>,35,14,[7 4],36,107,121,71,92
1,<environment.Job instance at 0x7f977d7cf460>,40,16,[10  2],41,121,137,80,108
1,<environment.Job instance at 0x7f977d7cf410>,41,13,[4 5],42,112,125,70,108
1,<environment.Job instance at 0x7f977d7cf050>,44,21,[7 2],45,137,158,92,129
1,<environment.Job instance at 0x7f977d7cfb90>,45,12,[ 1 10],46,129,141,83,129
1,<environment.Job instance at 0x7f977d7cffa0>,48,16,[6 3],49,137,153,88,129
1,<environment.Job instance at 0x7f977dae8e10>,0,3,[1 7],1,1,4,0,1
1,<environment.Job instance at 0x7f977dae8c30>,2,3,[ 1 10],3,4,7,1,3
1,<environment.Job instance at 0x7f977dae84b0>,3,3,[7 3],4,4,7,0,4
1,<environment.Job instance at 0x7f977dae8370>,4,17,[3 9],5,7,24,2,5
1,<environment.Job instance at 0x7f977da8f9b0>,5,13,[10  4],6,7,20,1,6
1,<environment.Job instance at 0x7f977da8faa0>,6,16,[5 5],7,20,36,13,7
1,<environment.Job instance at 0x7f977da707d0>,7,22,[1 7],8,24,46,16,17
1,<environment.Job instance at 0x7f977e4d99b0>,12,1,[9 3],13,24,25,11,17
1,<environment.Job instance at 0x7f977df46730>,13,3,[ 3 14],14,46,49,32,20
1,<environment.Job instance at 0x7f977df46b40>,14,14,[7 1],15,25,39,10,20
1,<environment.Job instance at 0x7f977df46550>,15,25,[6 3],16,49,74,33,45
1,<environment.Job instance at 0x7f977df46640>,16,2,[5 1],17,45,47,28,45
1,<environment.Job instance at 0x7f977df463c0>,17,2,[4 5],18,49,51,31,45
1,<environment.Job instance at 0x7f977da70dc0>,9,15,[7 1],10,51,66,41,45
1,<environment.Job instance at 0x7f977e4d9b40>,10,14,[6 4],11,66,80,55,51
1,<environment.Job instance at 0x7f977df52f50>,20,2,[ 5 11],21,74,76,53,51
1,<environment.Job instance at 0x7f977df52b90>,21,14,[5 8],22,76,90,54,64
1,<environment.Job instance at 0x7f977e4d9af0>,11,18,[3 6],12,80,98,68,69
1,<environment.Job instance at 0x7f977df52870>,23,15,[6 3],24,90,105,66,76
1,<environment.Job instance at 0x7f977df52a00>,22,16,[9 2],23,98,114,75,86
1,<environment.Job instance at 0x7f977df52280>,26,2,[2 9],27,105,107,78,86
1,<environment.Job instance at 0x7f977df521e0>,27,3,[7 1],28,86,89,58,86
1,<environment.Job instance at 0x7f977df523c0>,25,18,[7 5],26,114,132,88,103
1,<environment.Job instance at 0x7f977df269b0>,19,18,[7 5],20,114,132,94,103
1,<environment.Job instance at 0x7f977df2fa00>,37,13,[7 3],38,132,145,94,116
1,<environment.Job instance at 0x7f977df2fd70>,38,20,[6 2],39,132,152,93,123
1,<environment.Job instance at 0x7f977d6fd640>,1,19,[10  1],2,2,21,0,2
1,<environment.Job instance at 0x7f977d6fd820>,3,12,[4 6],4,4,16,0,4
1,<environment.Job instance at 0x7f977d6fde60>,4,3,[6 4],5,21,24,16,5
1,<environment.Job instance at 0x7f977d6fdcd0>,5,13,[2 6],6,16,29,10,6
1,<environment.Job instance at 0x7f977d6fd780>,7,1,[3 6],8,16,17,8,8
1,<environment.Job instance at 0x7f977d6fd7d0>,8,3,[8 2],9,24,27,15,9
1,<environment.Job instance at 0x7f977d6fddc0>,9,3,[ 5 10],10,29,32,19,10
1,<environment.Job instance at 0x7f977da8e230>,10,1,[4 6],11,24,25,13,11
1,<environment.Job instance at 0x7f977df38230>,13,16,[6 5],14,27,43,13,14
1,<environment.Job instance at 0x7f977da8e550>,12,18,[5 9],13,32,50,19,21
1,<environment.Job instance at 0x7f977da8e190>,16,1,[2 6],17,25,26,8,24
1,<environment.Job instance at 0x7f977da8e960>,15,1,[9 5],16,43,44,27,31
1,<environment.Job instance at 0x7f977da8e640>,18,18,[1 9],19,50,68,31,39
1,<environment.Job instance at 0x7f977da8e870>,23,12,[6 2],24,44,56,20,39
1,<environment.Job instance at 0x7f977da8eeb0>,19,15,[6 3],20,50,65,30,43
1,<environment.Job instance at 0x7f977da8ee10>,25,16,[5 3],26,56,72,30,43
1,<environment.Job instance at 0x7f977da8e320>,26,2,[13  5],27,72,74,45,45
1,<environment.Job instance at 0x7f977da8e370>,27,1,[9 5],28,68,69,40,45
1,<environment.Job instance at 0x7f977da8e0a0>,24,17,[9 5],25,74,91,49,62
1,<environment.Job instance at 0x7f977da8e820>,29,13,[3 6],30,74,87,44,62
1,<environment.Job instance at 0x7f977e50c3c0>,31,14,[4 6],32,87,101,55,72
1,<environment.Job instance at 0x7f977e50c0f0>,37,17,[4 9],38,91,108,53,79
1,<environment.Job instance at 0x7f977e50c870>,39,14,[6 1],40,101,115,61,86
1,<environment.Job instance at 0x7f977e50cd20>,40,3,[2 7],41,108,111,67,87
1,<environment.Job instance at 0x7f977e50ca50>,41,17,[10  4],42,115,132,73,103
1,<environment.Job instance at 0x7f977e50cfa0>,42,14,[3 9],43,111,125,68,103
1,<environment.Job instance at 0x7f977e50caf0>,44,14,[7 4],45,132,146,87,117
1,<environment.Job instance at 0x7f977eb07d70>,1,16,[ 4 10],2,2,18,0,2
1,<environment.Job instance at 0x7f977e50ceb0>,2,3,[5 2],3,3,6,0,3
1,<environment.Job instance at 0x7f977eb074b0>,0,1,[4 8],1,18,19,17,4
1,<environment.Job instance at 0x7f9787240230>,3,2,[2 5],4,6,8,2,4
1,<environment.Job instance at 0x7f9787240960>,5,16,[4 6],6,18,34,12,6
1,<environment.Job instance at 0x7f9787240b40>,7,3,[8 5],8,8,11,0,8
1,<environment.Job instance at 0x7f97872401e0>,6,18,[9 4],7,19,37,12,8
1,<environment.Job instance at 0x7f9787240f00>,8,1,[ 3 12],9,37,38,28,10
1,<environment.Job instance at 0x7f9787240320>,10,2,[5 6],11,34,36,23,11
1,<environment.Job instance at 0x7f97872409b0>,11,13,[2 8],12,38,51,26,24
1,<environment.Job instance at 0x7f9787240dc0>,12,18,[5 1],13,36,54,23,26
1,<environment.Job instance at 0x7f9787240d70>,9,16,[2 8],10,51,67,41,38
1,<environment.Job instance at 0x7f977e113780>,16,18,[4 6],17,38,56,21,38
1,<environment.Job instance at 0x7f977e122280>,17,14,[5 5],18,56,70,38,41
1,<environment.Job instance at 0x7f977e0fb140>,19,12,[5 7],20,67,79,47,50
1,<environment.Job instance at 0x7f977eae3c30>,23,17,[10  5],24,70,87,46,58
1,<environment.Job instance at 0x7f977eae3eb0>,24,17,[3 6],25,79,96,54,67
1,<environment.Job instance at 0x7f977eae3be0>,27,16,[1 5],28,87,103,59,74
1,<environment.Job instance at 0x7f977eae32d0>,30,13,[9 3],31,87,100,56,74
1,<environment.Job instance at 0x7f977eae3370>,31,16,[2 7],32,96,112,64,83
1,<environment.Job instance at 0x7f977eae30a0>,32,15,[3 8],33,103,118,70,89
1,<environment.Job instance at 0x7f977eae38c0>,33,13,[6 5],34,112,125,78,96
1,<environment.Job instance at 0x7f977eae3a00>,34,13,[5 4],35,118,131,83,102
1,<environment.Job instance at 0x7f977eae3190>,35,15,[9 1],36,125,140,89,111
1,<environment.Job instance at 0x7f977eaf7f50>,40,16,[2 8],41,131,147,90,118
1,<environment.Job instance at 0x7f977eaf7b40>,42,17,[1 7],43,140,157,97,128
1,<environment.Job instance at 0x7f977e4b6820>,0,13,[11  4],1,1,14,0,1
1,<environment.Job instance at 0x7f977e5657d0>,1,12,[ 1 13],2,14,26,12,2
1,<environment.Job instance at 0x7f977eac88c0>,2,3,[10  5],3,26,29,23,3
1,<environment.Job instance at 0x7f977dff8c80>,7,2,[3 7],8,8,10,0,8
1,<environment.Job instance at 0x7f977dff80f0>,3,15,[4 9],4,26,41,22,12
1,<environment.Job instance at 0x7f977dff8e60>,6,12,[9 4],7,29,41,22,12
1,<environment.Job instance at 0x7f977e097140>,11,2,[5 5],12,41,43,29,15
1,<environment.Job instance at 0x7f977dffb140>,15,12,[5 9],16,41,53,25,25
1,<environment.Job instance at 0x7f977dffb5a0>,16,12,[6 4],17,43,55,26,26
1,<environment.Job instance at 0x7f977dffbfa0>,17,17,[8 2],18,53,70,35,43
1,<environment.Job instance at 0x7f977dffbf00>,18,17,[1 6],19,53,70,34,44
1,<environment.Job instance at 0x7f977e04af50>,9,21,[1 7],10,55,76,45,47
1,<environment.Job instance at 0x7f977dffb460>,20,2,[8 1],21,70,72,49,47
1,<environment.Job instance at 0x7f977dffbaa0>,21,1,[9 4],22,72,73,50,47
1,<environment.Job instance at 0x7f977dfed1e0>,22,15,[2 9],23,76,91,53,62
1,<environment.Job instance at 0x7f977e3ef4b0>,23,2,[1 7],24,70,72,46,62
1,<environment.Job instance at 0x7f977dfed050>,24,2,[1 6],25,73,75,48,62
1,<environment.Job instance at 0x7f977dffb690>,19,17,[9 2],20,73,90,53,62
1,<environment.Job instance at 0x7f977dd58780>,27,16,[3 5],28,90,106,62,77
1,<environment.Job instance at 0x7f977daa0c30>,29,3,[2 6],30,91,94,61,77
1,<environment.Job instance at 0x7f977e52ca00>,30,13,[6 4],31,91,104,60,77
1,<environment.Job instance at 0x7f977e50ae60>,33,18,[ 2 10],34,104,122,70,93
1,<environment.Job instance at 0x7f977e0050f0>,34,17,[8 3],35,106,123,71,94
1,<environment.Job instance at 0x7f977e3c6c80>,37,17,[7 4],38,122,139,84,110
1,<environment.Job instance at 0x7f977e3e1730>,38,15,[8 3],39,123,138,84,110
1,<environment.Job instance at 0x7f977e005370>,39,16,[10  5],40,139,155,99,126
1,<environment.Job instance at 0x7f977e3f0370>,41,16,[5 3],42,138,154,96,126
1,<environment.Job instance at 0x7f977e51d050>,43,3,[1 6],44,154,157,110,128
1,<environment.Job instance at 0x7f977e3cb640>,0,2,[8 5],1,1,3,0,1
1,<environment.Job instance at 0x7f977daae550>,1,3,[ 3 11],2,3,6,1,3
1,<environment.Job instance at 0x7f977daae690>,2,14,[10  1],3,3,17,0,3
1,<environment.Job instance at 0x7f977e3cb2d0>,3,3,[1 6],4,6,9,2,4
1,<environment.Job instance at 0x7f977e3cb8c0>,5,14,[5 7],6,9,23,3,6
1,<environment.Job instance at 0x7f977e3cb460>,7,15,[3 9],8,23,38,15,9
1,<environment.Job instance at 0x7f977e3cb960>,9,2,[3 7],10,17,19,7,10
1,<environment.Job instance at 0x7f977e3cbdc0>,10,18,[5 4],11,19,37,8,11
1,<environment.Job instance at 0x7f977e3cb140>,11,1,[4 7],12,38,39,26,12
1,<environment.Job instance at 0x7f977dd47b90>,12,19,[6 2],13,23,42,10,13
1,<environment.Job instance at 0x7f977dd476e0>,13,3,[1 8],14,39,42,25,14
1,<environment.Job instance at 0x7f977dd47d20>,14,1,[1 7],15,42,43,27,15
1,<environment.Job instance at 0x7f977dd47fa0>,15,3,[14  4],16,42,45,26,16
1,<environment.Job instance at 0x7f977dd47550>,20,14,[2 6],21,45,59,24,30
1,<environment.Job instance at 0x7f977dd47c30>,21,2,[11  4],22,45,47,23,30
1,<environment.Job instance at 0x7f977dd470a0>,22,2,[6 3],23,39,41,16,31
1,<environment.Job instance at 0x7f977dd47050>,19,13,[7 2],20,47,60,27,32
1,<environment.Job instance at 0x7f977e3cb230>,8,15,[ 4 10],9,59,74,50,45
1,<environment.Job instance at 0x7f977dd47280>,26,18,[3 6],27,74,92,47,63
1,<environment.Job instance at 0x7f977dd47460>,27,18,[5 5],28,63,81,35,63
1,<environment.Job instance at 0x7f977dd47690>,23,16,[3 8],24,81,97,57,69
1,<environment.Job instance at 0x7f977e0447d0>,33,18,[4 5],34,92,110,58,81
1,<environment.Job instance at 0x7f977e0441e0>,34,15,[3 5],35,97,112,62,83
1,<environment.Job instance at 0x7f977e0442d0>,36,18,[3 9],37,110,128,73,99
1,<environment.Job instance at 0x7f977e0444b0>,37,1,[9 1],38,110,111,72,99
1,<environment.Job instance at 0x7f977e044050>,38,2,[11  2],39,112,114,73,99
1,<environment.Job instance at 0x7f977dd47b40>,24,16,[9 2],25,114,130,89,102
1,<environment.Job instance at 0x7f977e04aaf0>,40,2,[7 4],41,103,105,62,103
1,<environment.Job instance at 0x7f977e0449b0>,35,18,[5 8],36,128,146,92,117
1,<environment.Job instance at 0x7f977e04a5f0>,41,16,[6 5],42,130,146,88,117
1,<environment.Job instance at 0x7f977d94fc30>,0,12,[2 6],1,1,13,0,1
1,<environment.Job instance at 0x7f977e033690>,1,2,[6 2],2,2,4,0,2
1,<environment.Job instance at 0x7f977d9ce3c0>,2,22,[5 4],3,3,25,0,3
1,<environment.Job instance at 0x7f977d7c12d0>,3,3,[7 2],4,4,7,0,4
1,<environment.Job instance at 0x7f977d7c1d20>,4,13,[5 8],5,13,26,8,5
1,<environment.Job instance at 0x7f977d7c17d0>,7,3,[3 7],8,25,28,17,9
1,<environment.Job instance at 0x7f977d9d56e0>,9,13,[4 8],10,26,39,16,11
1,<environment.Job instance at 0x7f977d7c10a0>,11,16,[2 5],12,28,44,16,15
1,<environment.Job instance at 0x7f977d7c1be0>,12,15,[2 5],13,39,54,26,25
1,<environment.Job instance at 0x7f977d7afb40>,13,16,[1 5],14,39,55,25,26
1,<environment.Job instance at 0x7f977d7af8c0>,15,15,[5 4],16,44,59,28,30
1,<environment.Job instance at 0x7f977d7af640>,19,16,[5 6],20,54,70,34,41
1,<environment.Job instance at 0x7f977d7af7d0>,20,18,[4 5],21,55,73,34,44
1,<environment.Job instance at 0x7f977d7af190>,21,18,[4 9],22,70,88,48,59
1,<environment.Job instance at 0x7f977d7c1cd0>,5,13,[5 5],6,73,86,67,59
1,<environment.Job instance at 0x7f977d9c0730>,24,19,[2 5],25,86,105,61,76
1,<environment.Job instance at 0x7f977d9c0460>,25,14,[ 3 10],26,88,102,62,76
1,<environment.Job instance at 0x7f977dd544b0>,26,14,[5 4],27,102,116,75,87
1,<environment.Job instance at 0x7f977d7d85f0>,28,12,[1 9],29,105,117,76,88
1,<environment.Job instance at 0x7f977dc3a690>,34,22,[1 8],35,117,139,82,110
1,<environment.Job instance at 0x7f977e030730>,6,18,[1 5],7,128,146,121,128
1,<environment.Job instance at 0x7f977e32d550>,36,1,[6 4],37,139,140,102,128
1,<environment.Job instance at 0x7f977e32daf0>,37,2,[3 8],38,140,142,102,128
1,<environment.Job instance at 0x7f977e32deb0>,39,17,[9 1],40,140,157,100,129
1,<environment.Job instance at 0x7f977d94b500>,0,2,[5 4],1,1,3,0,1
1,<environment.Job instance at 0x7f977e32d8c0>,1,12,[2 5],2,2,14,0,2
1,<environment.Job instance at 0x7f977e32deb0>,3,14,[1 6],4,4,18,0,4
1,<environment.Job instance at 0x7f977d94b4b0>,4,16,[7 3],5,5,21,0,5
1,<environment.Job instance at 0x7f977d94b190>,5,22,[5 2],6,14,36,8,7
1,<environment.Job instance at 0x7f977d94bd70>,7,2,[2 6],8,18,20,10,8
1,<environment.Job instance at 0x7f977d94b140>,8,13,[5 7],9,21,34,12,9
1,<environment.Job instance at 0x7f977d94b9b0>,9,3,[7 2],10,34,37,24,10
1,<environment.Job instance at 0x7f977d94b550>,10,13,[11  3],11,37,50,26,21
1,<environment.Job instance at 0x7f977d94ba00>,13,2,[14  5],14,50,52,36,23
1,<environment.Job instance at 0x7f977d94b730>,16,3,[10  1],17,52,55,35,26
1,<environment.Job instance at 0x7f977d94b5a0>,12,14,[6 1],13,55,69,42,40
1,<environment.Job instance at 0x7f977e90f140>,17,15,[7 2],18,55,70,37,41
1,<environment.Job instance at 0x7f977e90f050>,21,18,[4 9],22,69,87,47,58
1,<environment.Job instance at 0x7f977e90fb90>,25,16,[2 7],26,87,103,61,74
1,<environment.Job instance at 0x7f977e90feb0>,28,18,[8 3],29,74,92,45,74
1,<environment.Job instance at 0x7f977e90f7d0>,29,15,[6 5],30,92,107,62,78
1,<environment.Job instance at 0x7f977e90f410>,32,15,[ 2 10],33,103,118,70,89
1,<environment.Job instance at 0x7f977e90f3c0>,33,18,[6 3],34,107,125,73,96
1,<environment.Job instance at 0x7f977d94b3c0>,14,26,[7 1],15,110,136,95,110
1,<environment.Job instance at 0x7f977e90faa0>,34,17,[10  3],35,136,153,101,124
1,<environment.Job instance at 0x7f977da5eb90>,1,22,[2 9],2,2,24,0,2
1,<environment.Job instance at 0x7f9787726fa0>,2,2,[5 5],3,3,5,0,3
1,<environment.Job instance at 0x7f977d5195a0>,3,3,[ 5 11],4,24,27,20,4
1,<environment.Job instance at 0x7f977d424280>,4,1,[9 1],5,5,6,0,5
1,<environment.Job instance at 0x7f977d424b90>,5,16,[8 5],6,6,22,0,6
1,<environment.Job instance at 0x7f977d4244b0>,8,1,[5 5],9,22,23,13,10
1,<environment.Job instance at 0x7f977d424f50>,6,13,[4 5],7,27,40,20,11
1,<environment.Job instance at 0x7f977d519be0>,0,15,[1 6],1,27,42,26,13
1,<environment.Job instance at 0x7f977d4240f0>,12,1,[ 3 10],13,42,43,29,14
1,<environment.Job instance at 0x7f977d4242d0>,13,12,[5 8],14,43,55,29,26
1,<environment.Job instance at 0x7f977d424050>,14,1,[2 5],15,40,41,25,26
1,<environment.Job instance at 0x7f977d424370>,15,3,[10  1],16,26,29,10,26
1,<environment.Job instance at 0x7f977d424dc0>,16,3,[2 5],17,41,44,24,26
1,<environment.Job instance at 0x7f977d424a50>,17,13,[5 5],18,44,57,26,28
1,<environment.Job instance at 0x7f977d424640>,11,3,[ 3 11],12,57,60,45,40
1,<environment.Job instance at 0x7f977d4249b0>,21,12,[4 5],22,60,72,38,43
1,<environment.Job instance at 0x7f977d424e60>,20,12,[10  4],21,55,67,34,43
1,<environment.Job instance at 0x7f977d424780>,10,2,[7 1],11,67,69,56,43
1,<environment.Job instance at 0x7f977d422730>,26,16,[ 5 10],27,69,85,42,56
1,<environment.Job instance at 0x7f977d4227d0>,27,12,[6 2],28,72,84,44,56
1,<environment.Job instance at 0x7f977d424e10>,9,18,[7 2],10,84,102,74,74
1,<environment.Job instance at 0x7f977d477960>,33,14,[1 8],34,85,99,51,74
1,<environment.Job instance at 0x7f977d477870>,34,12,[3 9],35,99,111,64,82
1,<environment.Job instance at 0x7f977d477a50>,35,15,[5 1],36,85,100,49,82
1,<environment.Job instance at 0x7f977d477230>,36,1,[5 5],37,102,103,65,82
1,<environment.Job instance at 0x7f977d422d20>,32,20,[5 2],33,103,123,70,94
1,<environment.Job instance at 0x7f977d477730>,38,3,[2 5],39,111,114,72,94
1,<environment.Job instance at 0x7f977d4772d0>,41,3,[2 9],42,114,117,72,94
1,<environment.Job instance at 0x7f977d477640>,43,15,[8 4],44,111,126,67,97
1,<environment.Job instance at 0x7f977d477c80>,44,3,[2 8],45,117,120,72,97
1,<environment.Job instance at 0x7f977d4779b0>,45,13,[5 1],46,123,136,77,107
1,<environment.Job instance at 0x7f977d477820>,46,20,[4 9],47,126,146,79,119
1,<environment.Job instance at 0x7f977d4776e0>,48,12,[1 6],49,136,148,87,119
1,<environment.Job instance at 0x7f977e7517d0>,1,12,[7 4],2,2,14,0,2
1,<environment.Job instance at 0x7f977e751c30>,0,1,[4 9],1,2,3,1,2
1,<environment.Job instance at 0x7f9787289050>,3,13,[4 7],4,4,17,0,4
1,<environment.Job instance at 0x7f9787289c30>,4,2,[7 3],5,14,16,9,5
1,<environment.Job instance at 0x7f97872892d0>,5,16,[5 7],6,16,32,10,6
1,<environment.Job instance at 0x7f9787289be0>,6,12,[4 6],7,17,29,10,7
1,<environment.Job instance at 0x7f97872894b0>,11,12,[7 5],12,29,41,17,12
1,<environment.Job instance at 0x7f977e6820a0>,12,12,[5 4],13,32,44,19,15
1,<environment.Job instance at 0x7f9787289780>,7,16,[3 5],8,32,48,24,21
1,<environment.Job instance at 0x7f9787289910>,13,13,[10  3],14,44,57,30,31
1,<environment.Job instance at 0x7f977e6827d0>,14,17,[5 6],15,48,65,33,36
1,<environment.Job instance at 0x7f977e682c80>,16,15,[1 5],17,57,72,40,43
1,<environment.Job instance at 0x7f977e682b90>,17,3,[ 2 13],18,72,75,54,46
1,<environment.Job instance at 0x7f977e682dc0>,18,2,[5 5],19,65,67,46,46
1,<environment.Job instance at 0x7f977e682460>,19,3,[5 2],20,57,60,37,46
1,<environment.Job instance at 0x7f977e682d70>,20,14,[6 1],21,60,74,39,46
1,<environment.Job instance at 0x7f977e682b40>,21,2,[4 8],22,67,69,45,46
1,<environment.Job instance at 0x7f9787289960>,10,17,[8 3],11,75,92,64,64
1,<environment.Job instance at 0x7f977e682500>,22,17,[3 8],23,75,92,52,68
1,<environment.Job instance at 0x7f977e1056e0>,29,15,[8 4],30,92,107,62,78
1,<environment.Job instance at 0x7f9787289730>,9,23,[5 5],10,92,115,82,89
1,<environment.Job instance at 0x7f977e105190>,32,16,[6 3],33,107,123,74,94
1,<environment.Job instance at 0x7f977e105500>,33,1,[ 2 13],34,123,124,89,95
1,<environment.Job instance at 0x7f977e105050>,34,2,[ 4 10],35,115,117,80,95
1,<environment.Job instance at 0x7f977e1054b0>,35,19,[8 1],36,117,136,81,107
1,<environment.Job instance at 0x7f977e105730>,36,1,[ 4 11],37,124,125,87,107
1,<environment.Job instance at 0x7f977e1053c0>,37,15,[6 1],38,125,140,87,111
1,<environment.Job instance at 0x7f977e105410>,38,3,[2 6],39,111,114,72,111
1,<environment.Job instance at 0x7f977e105460>,39,2,[10  5],40,140,142,100,113
1,<environment.Job instance at 0x7f977e1050f0>,40,2,[4 6],41,136,138,95,113
1,<environment.Job instance at 0x7f977e105320>,31,15,[3 9],32,138,153,106,126
1,<environment.Job instance at 0x7f977e105870>,27,14,[9 3],28,142,156,114,128
1,<environment.Job instance at 0x7f977e105640>,44,1,[7 5],45,156,157,111,128
1,<environment.Job instance at 0x7f977e503410>,0,1,[8 1],1,1,2,0,1
1,<environment.Job instance at 0x7f977e503870>,1,12,[8 3],2,2,14,0,2
1,<environment.Job instance at 0x7f977e903aa0>,3,28,[3 5],4,4,32,0,4
1,<environment.Job instance at 0x7f977db0dd20>,4,16,[5 6],5,14,30,9,5
1,<environment.Job instance at 0x7f977db0da00>,11,2,[10  5],12,30,32,18,12
1,<environment.Job instance at 0x7f977db0dc30>,12,1,[9 4],13,32,33,19,13
1,<environment.Job instance at 0x7f977db0d960>,13,2,[3 6],14,32,34,18,14
1,<environment.Job instance at 0x7f977db0da50>,14,1,[1 7],15,33,34,18,15
1,<environment.Job instance at 0x7f977e558eb0>,15,2,[1 8],16,34,36,18,16
1,<environment.Job instance at 0x7f977db0d320>,5,16,[10  2],6,33,49,27,20
1,<environment.Job instance at 0x7f977db0de10>,17,14,[8 3],18,49,63,31,34
1,<environment.Job instance at 0x7f977e5588c0>,18,14,[7 5],19,49,63,30,34
1,<environment.Job instance at 0x7f977e558960>,19,14,[ 1 13],20,63,77,43,48
1,<environment.Job instance at 0x7f977e558320>,20,21,[5 2],21,63,84,42,55
1,<environment.Job instance at 0x7f977e558500>,21,12,[7 5],22,77,89,55,60
1,<environment.Job instance at 0x7f977e558f50>,16,18,[3 5],17,77,95,60,66
1,<environment.Job instance at 0x7f977e558730>,23,2,[9 4],24,89,91,65,66
1,<environment.Job instance at 0x7f977db0d730>,7,12,[4 7],8,91,103,83,74
1,<environment.Job instance at 0x7f977e558460>,25,2,[ 5 10],26,103,105,77,76
1,<environment.Job instance at 0x7f977e558690>,26,14,[3 9],27,105,119,78,90
1,<environment.Job instance at 0x7f977e558e60>,27,2,[8 3],28,91,93,63,90
1,<environment.Job instance at 0x7f977e5585f0>,28,13,[5 9],29,119,132,90,104
1,<environment.Job instance at 0x7f977e558fa0>,29,3,[ 4 10],30,132,135,102,106
1,<environment.Job instance at 0x7f977e558050>,30,14,[5 5],31,106,120,75,106
1,<environment.Job instance at 0x7f977db0de60>,10,20,[5 8],11,135,155,124,126
1,<environment.Job instance at 0x7f977dcb5960>,36,12,[9 1],37,126,138,89,126
1,<environment.Job instance at 0x7f977dcb5640>,38,14,[7 3],39,138,152,99,126
1,<environment.Job instance at 0x7f977e141280>,0,14,[7 4],1,1,15,0,1
1,<environment.Job instance at 0x7f977dcb55a0>,1,17,[ 4 10],2,2,19,0,2
1,<environment.Job instance at 0x7f977e141640>,2,1,[6 3],3,15,16,12,3
1,<environment.Job instance at 0x7f977e141910>,3,2,[4 5],4,16,18,12,4
1,<environment.Job instance at 0x7f977e141aa0>,5,18,[5 3],6,18,36,12,7
1,<environment.Job instance at 0x7f97871e53c0>,7,15,[5 1],8,18,33,10,8
1,<environment.Job instance at 0x7f977df52d20>,8,2,[10  1],9,33,35,24,10
1,<environment.Job instance at 0x7f977df52cd0>,10,12,[ 4 10],11,19,31,8,11
1,<environment.Job instance at 0x7f97871e5690>,9,13,[6 1],10,35,48,25,19
1,<environment.Job instance at 0x7f977df520f0>,12,16,[9 2],13,36,52,23,23
1,<environment.Job instance at 0x7f977d6d9cd0>,24,2,[8 1],25,52,54,27,27
1,<environment.Job instance at 0x7f977d6d9410>,25,1,[4 6],26,31,32,5,28
1,<environment.Job instance at 0x7f977d6d9dc0>,28,18,[5 5],29,48,66,19,37
1,<environment.Job instance at 0x7f977d6d9c80>,29,15,[3 6],30,54,69,24,40
1,<environment.Job instance at 0x7f977df520a0>,11,17,[6 1],12,54,71,42,44
1,<environment.Job instance at 0x7f977e7885f0>,39,1,[8 3],40,69,70,29,48
1,<environment.Job instance at 0x7f977e788140>,40,2,[ 4 10],41,70,72,29,48
1,<environment.Job instance at 0x7f977e788190>,41,1,[9 1],42,71,72,29,48
1,<environment.Job instance at 0x7f977e788320>,38,14,[9 3],39,72,86,33,57
1,<environment.Job instance at 0x7f977e788e10>,44,16,[5 8],45,72,88,27,59
1,<environment.Job instance at 0x7f977d4fd8c0>,45,16,[2 7],46,86,102,40,73
1,<environment.Job instance at 0x7f977d4fdeb0>,47,12,[10  4],48,88,100,40,73
1,<environment.Job instance at 0x7f977d4fd230>,48,12,[3 8],49,100,112,51,83
1,<environment.Job instance at 0x7f977d4fde60>,52,13,[1 7],53,102,115,49,86
1,<environment.Job instance at 0x7f977d4fd190>,53,15,[3 5],54,112,127,58,98
1,<environment.Job instance at 0x7f977d4fdc80>,54,13,[6 5],55,115,128,60,100
1,<environment.Job instance at 0x7f977df52eb0>,13,15,[5 8],14,127,142,113,113
1,<environment.Job instance at 0x7f977d4fd0a0>,57,2,[10  1],58,113,115,55,113
1,<environment.Job instance at 0x7f977d4fd960>,58,1,[2 8],59,142,143,83,114
1,<environment.Job instance at 0x7f977d4fd7d0>,59,13,[3 6],60,128,141,68,114
1,<environment.Job instance at 0x7f977d4fda50>,60,1,[ 2 10],61,143,144,82,115
1,<environment.Job instance at 0x7f977ea0e6e0>,61,3,[3 8],62,144,147,82,118
1,<environment.Job instance at 0x7f977ea0ef00>,62,2,[2 5],63,118,120,55,118
1,<environment.Job instance at 0x7f977ea0e3c0>,63,2,[1 9],64,147,149,83,120
1,<environment.Job instance at 0x7f977ea0e870>,64,2,[2 7],65,141,143,76,120
1,<environment.Job instance at 0x7f977dbc8690>,0,1,[4 5],1,2,3,1,2
1,<environment.Job instance at 0x7f977e3f9280>,1,2,[4 7],2,2,4,0,2
1,<environment.Job instance at 0x7f977ea0e870>,2,17,[6 3],3,3,20,0,3
1,<environment.Job instance at 0x7f977dbc4140>,3,27,[5 6],4,4,31,0,4
1,<environment.Job instance at 0x7f977dbc4eb0>,4,2,[5 3],5,20,22,15,6
1,<environment.Job instance at 0x7f977ea0efa0>,5,1,[9 2],6,22,23,16,6
1,<environment.Job instance at 0x7f977dbc40a0>,7,2,[4 9],8,23,25,15,12
1,<environment.Job instance at 0x7f977dbc4500>,12,16,[7 1],13,25,41,12,13
1,<environment.Job instance at 0x7f977dbc45a0>,10,3,[7 1],11,31,34,20,14
1,<environment.Job instance at 0x7f977dbc4be0>,13,13,[6 5],14,34,47,20,18
1,<environment.Job instance at 0x7f977dbc4820>,16,3,[1 5],17,18,21,1,18
1,<environment.Job instance at 0x7f977d933d20>,18,15,[5 4],19,41,56,22,27
1,<environment.Job instance at 0x7f977d933a50>,19,17,[7 5],20,47,64,27,35
1,<environment.Job instance at 0x7f977d933690>,21,15,[4 9],22,56,71,34,42
1,<environment.Job instance at 0x7f977d933730>,22,13,[1 8],23,71,84,48,55
1,<environment.Job instance at 0x7f977d933d70>,23,18,[1 8],24,84,102,60,73
1,<environment.Job instance at 0x7f977d9338c0>,24,17,[3 6],25,73,90,48,73
1,<environment.Job instance at 0x7f977d933dc0>,26,15,[8 5],27,90,105,63,76
1,<environment.Job instance at 0x7f977d933cd0>,28,12,[4 8],29,102,114,73,85
1,<environment.Job instance at 0x7f977dbc4dc0>,11,12,[10  1],12,105,117,93,89
1,<environment.Job instance at 0x7f977eae0e10>,29,17,[7 1],30,117,134,87,105
1,<environment.Job instance at 0x7f977eae0820>,33,12,[9 4],34,134,146,100,117
1,<environment.Job instance at 0x7f977dbc4320>,6,16,[ 3 11],7,117,133,110,117
1,<environment.Job instance at 0x7f977eae09b0>,35,3,[2 6],36,133,136,97,117
1,<environment.Job instance at 0x7f977eae0eb0>,36,15,[5 2],37,117,132,80,117
1,<environment.Job instance at 0x7f977eae0b40>,37,3,[6 3],38,136,139,98,117
1,<environment.Job instance at 0x7f977eae0b90>,39,13,[4 9],40,139,152,99,123
1,<environment.Job instance at 0x7f977e512640>,0,17,[6 1],1,1,18,0,1
1,<environment.Job instance at 0x7f977e5120a0>,1,14,[4 8],2,2,16,0,2
1,<environment.Job instance at 0x7f977e512c80>,2,2,[5 5],3,4,6,1,4
1,<environment.Job instance at 0x7f977e90fb40>,3,1,[3 5],4,6,7,2,4
1,<environment.Job instance at 0x7f977e512820>,4,2,[6 5],5,16,18,11,5
1,<environment.Job instance at 0x7f977e684cd0>,5,1,[ 4 10],6,18,19,12,7
1,<environment.Job instance at 0x7f977e5123c0>,6,16,[12  5],7,19,35,12,7
1,<environment.Job instance at 0x7f977e684aa0>,7,3,[1 7],8,19,22,11,8
1,<environment.Job instance at 0x7f977e684eb0>,8,2,[3 7],9,16,18,7,10
1,<environment.Job instance at 0x7f977e684230>,10,13,[1 8],11,22,35,11,11
1,<environment.Job instance at 0x7f977e6841e0>,11,13,[8 2],12,35,48,23,19
1,<environment.Job instance at 0x7f977e6845f0>,16,2,[4 9],17,35,37,18,19
1,<environment.Job instance at 0x7f977e684f50>,17,2,[9 2],18,48,50,30,21
1,<environment.Job instance at 0x7f977e684b40>,18,13,[5 4],19,37,50,18,21
1,<environment.Job instance at 0x7f977d3807d0>,19,17,[4 6],20,50,67,30,38
1,<environment.Job instance at 0x7f977d380af0>,20,1,[6 1],21,50,51,29,38
1,<environment.Job instance at 0x7f977d380a50>,21,15,[5 1],22,50,65,28,38
1,<environment.Job instance at 0x7f977d380d20>,22,1,[1 5],23,38,39,15,38
1,<environment.Job instance at 0x7f977e684c80>,12,3,[5 5],13,51,54,38,38
1,<environment.Job instance at 0x7f977e684e60>,14,1,[10  2],15,65,66,50,41
1,<environment.Job instance at 0x7f977d3809b0>,27,1,[3 6],28,54,55,26,41
1,<environment.Job instance at 0x7f977d380fa0>,28,2,[7 1],29,66,68,37,41
1,<environment.Job instance at 0x7f977d380280>,29,2,[5 1],30,55,57,25,41
1,<environment.Job instance at 0x7f977d3801e0>,30,2,[ 2 12],31,67,69,36,41
1,<environment.Job instance at 0x7f977d380050>,23,1,[7 1],24,68,69,44,41
1,<environment.Job instance at 0x7f977d380820>,31,13,[ 3 11],32,69,82,37,53
1,<environment.Job instance at 0x7f977d380e10>,33,14,[5 4],34,69,83,35,55
1,<environment.Job instance at 0x7f977d380190>,25,17,[4 6],26,82,99,56,70
1,<environment.Job instance at 0x7f977d380b40>,34,15,[7 5],35,83,98,48,73
1,<environment.Job instance at 0x7f977d3802d0>,26,15,[10  5],27,98,113,71,84
1,<environment.Job instance at 0x7f977d3805a0>,32,17,[ 1 10],33,99,116,66,89
1,<environment.Job instance at 0x7f977d798730>,35,15,[7 1],36,113,128,77,99
1,<environment.Job instance at 0x7f977da573c0>,38,12,[3 7],39,116,128,77,101
1,<environment.Job instance at 0x7f977da57820>,41,2,[10  3],42,128,130,86,101
1,<environment.Job instance at 0x7f977d798370>,36,15,[5 5],37,116,131,79,102
1,<environment.Job instance at 0x7f977da57410>,43,12,[3 6],44,130,142,86,113
1,<environment.Job instance at 0x7f977da57870>,44,14,[7 2],45,130,144,85,115
1,<environment.Job instance at 0x7f977da570a0>,45,1,[14  5],46,144,145,98,116
1,<environment.Job instance at 0x7f977da57e10>,46,13,[10  2],47,145,158,98,129
1,<environment.Job instance at 0x7f977da57190>,47,2,[ 5 12],48,142,144,94,129
1,<environment.Job instance at 0x7f977d4ac460>,0,12,[8 3],1,1,13,0,1
1,<environment.Job instance at 0x7f977da57140>,1,14,[9 3],2,13,27,11,2
1,<environment.Job instance at 0x7f977e0eda00>,2,14,[ 3 10],3,3,17,0,3
1,<environment.Job instance at 0x7f977da57190>,4,3,[6 2],5,17,20,12,5
1,<environment.Job instance at 0x7f977e0ed6e0>,3,1,[6 1],4,20,21,16,6
1,<environment.Job instance at 0x7f977d4d4d70>,5,2,[1 9],6,21,23,15,6
1,<environment.Job instance at 0x7f977d4ac8c0>,6,13,[ 5 10],7,23,36,16,7
1,<environment.Job instance at 0x7f977d4d4e60>,7,2,[ 1 10],8,36,38,28,9
1,<environment.Job instance at 0x7f977d4d4780>,9,1,[2 5],10,27,28,17,10
1,<environment.Job instance at 0x7f977d4d4eb0>,8,1,[7 4],9,28,29,19,10
1,<environment.Job instance at 0x7f977db5bc80>,11,3,[7 4],12,29,32,17,12
1,<environment.Job instance at 0x7f977db5bb40>,13,3,[6 1],14,32,35,18,16
1,<environment.Job instance at 0x7f977db5b730>,16,3,[9 5],17,35,38,18,17
1,<environment.Job instance at 0x7f977d731af0>,17,15,[10  1],18,38,53,20,24
1,<environment.Job instance at 0x7f977d7318c0>,19,15,[2 5],20,38,53,18,24
1,<environment.Job instance at 0x7f977d74da50>,25,17,[8 3],26,53,70,27,41
1,<environment.Job instance at 0x7f977d74d780>,26,22,[4 9],27,53,75,26,46
1,<environment.Job instance at 0x7f977d74df50>,28,14,[5 6],29,70,84,41,55
1,<environment.Job instance at 0x7f977ea357d0>,32,18,[7 3],33,75,93,42,64
1,<environment.Job instance at 0x7f977eb1a3c0>,35,14,[8 2],36,84,98,48,69
1,<environment.Job instance at 0x7f977eb1a410>,36,3,[5 3],37,93,96,56,69
1,<environment.Job instance at 0x7f977dbf05a0>,40,15,[8 2],41,98,113,57,84
1,<environment.Job instance at 0x7f977dbec3c0>,41,16,[4 9],42,96,112,54,84
1,<environment.Job instance at 0x7f977dbec820>,42,15,[9 5],43,113,128,70,99
1,<environment.Job instance at 0x7f977dbec960>,43,13,[3 7],44,112,125,68,99
1,<environment.Job instance at 0x7f977ea8dc30>,46,16,[ 5 10],47,125,141,78,112
1,<environment.Job instance at 0x7f977ea8d500>,47,13,[10  3],48,128,141,80,112
1,<environment.Job instance at 0x7f977db92550>,0,1,[7 5],1,1,2,0,1
1,<environment.Job instance at 0x7f977db92b40>,1,1,[12  1],2,3,4,1,3
1,<environment.Job instance at 0x7f977da4b050>,2,2,[7 5],3,4,6,1,3
1,<environment.Job instance at 0x7f977db92dc0>,3,3,[ 3 12],4,6,9,2,5
1,<environment.Job instance at 0x7f977db92e60>,4,1,[3 8],5,5,6,0,5
1,<environment.Job instance at 0x7f977db92500>,6,14,[4 9],7,9,23,2,7
1,<environment.Job instance at 0x7f977db926e0>,5,2,[4 7],6,23,25,17,8
1,<environment.Job instance at 0x7f977db922d0>,7,17,[10  4],8,9,26,1,8
1,<environment.Job instance at 0x7f977db92a00>,10,16,[ 1 10],11,25,41,14,14
1,<environment.Job instance at 0x7f977db9c960>,12,3,[6 3],13,26,29,13,14
1,<environment.Job instance at 0x7f977db9c2d0>,14,2,[8 2],15,26,28,11,15
1,<environment.Job instance at 0x7f977db9cf50>,15,2,[3 8],16,41,43,25,16
1,<environment.Job instance at 0x7f977db9c8c0>,11,13,[4 5],12,29,42,17,20
1,<environment.Job instance at 0x7f977db9ce10>,16,16,[10  2],17,42,58,25,30
1,<environment.Job instance at 0x7f977db9c690>,20,2,[13  2],21,58,60,37,31
1,<environment.Job instance at 0x7f977db9c460>,21,2,[8 2],22,60,62,38,33
1,<environment.Job instance at 0x7f977db92eb0>,9,18,[2 7],10,43,61,33,34
1,<environment.Job instance at 0x7f977db9c280>,23,1,[14  1],24,62,63,38,34
1,<environment.Job instance at 0x7f977db9c4b0>,24,1,[9 2],25,63,64,38,35
1,<environment.Job instance at 0x7f977db9cb40>,25,2,[5 1],26,60,62,34,35
1,<environment.Job instance at 0x7f977db9c140>,26,3,[6 3],27,63,66,36,37
1,<environment.Job instance at 0x7f977db9cd70>,22,14,[9 2],23,64,78,41,51
1,<environment.Job instance at 0x7f977db9c190>,28,15,[5 3],29,66,81,37,53
1,<environment.Job instance at 0x7f977db9c7d0>,19,17,[10  1],20,78,95,58,66
1,<environment.Job instance at 0x7f977db9c230>,29,15,[4 9],30,81,96,51,67
1,<environment.Job instance at 0x7f977ea81050>,32,1,[2 5],33,95,96,62,67
1,<environment.Job instance at 0x7f977ea81280>,33,1,[5 6],34,96,97,62,68
1,<environment.Job instance at 0x7f977ea815f0>,34,3,[6 1],35,95,98,60,69
1,<environment.Job instance at 0x7f977ea81a50>,31,17,[9 4],32,97,114,65,85
1,<environment.Job instance at 0x7f977db9c6e0>,17,13,[5 5],18,98,111,80,86
1,<environment.Job instance at 0x7f977ea81550>,36,13,[9 1],37,114,127,77,98
1,<environment.Job instance at 0x7f977ea81d20>,39,13,[2 8],40,111,124,71,98
1,<environment.Job instance at 0x7f977ea81320>,41,16,[1 7],42,124,140,82,111
1,<environment.Job instance at 0x7f977ea819b0>,45,12,[4 8],46,127,139,81,111
1,<environment.Job instance at 0x7f977d6e3280>,47,18,[3 6],48,139,157,91,128
1,<environment.Job instance at 0x7f977d6e33c0>,48,14,[10  1],49,139,153,90,128
1,<environment.Job instance at 0x7f977e595190>,0,1,[10  3],1,1,2,0,1
1,<environment.Job instance at 0x7f977e595370>,1,2,[2 5],2,2,4,0,2
1,<environment.Job instance at 0x7f977d68dc80>,2,2,[3 9],3,4,6,1,4
1,<environment.Job instance at 0x7f977eab3910>,3,1,[8 5],4,4,5,0,4
1,<environment.Job instance at 0x7f977e5c0730>,4,1,[3 7],5,6,7,1,6
1,<environment.Job instance at 0x7f977e5c0f50>,6,1,[6 2],7,7,8,0,7
1,<environment.Job instance at 0x7f977e5c08c0>,7,17,[2 8],8,8,25,0,8
1,<environment.Job instance at 0x7f977e5b9050>,8,18,[5 5],9,9,27,0,9
1,<environment.Job instance at 0x7f977e5b9140>,12,16,[ 1 10],13,25,41,12,13
1,<environment.Job instance at 0x7f977e5b95f0>,18,1,[ 2 12],19,41,42,22,19
1,<environment.Job instance at 0x7f977e5b96e0>,17,17,[2 5],18,42,59,24,30
1,<environment.Job instance at 0x7f977e5b9a00>,20,15,[10  4],21,42,57,21,30
1,<environment.Job instance at 0x7f977e5b9a50>,21,16,[5 1],22,57,73,35,44
1,<environment.Job instance at 0x7f977e5b9690>,15,14,[5 5],16,57,71,41,44
1,<environment.Job instance at 0x7f977e5b9af0>,22,14,[1 8],23,59,73,36,45
1,<environment.Job instance at 0x7f977e5b9e10>,27,14,[6 2],28,71,85,43,56
1,<environment.Job instance at 0x7f977e5b9f50>,29,13,[5 3],30,73,86,43,57
1,<environment.Job instance at 0x7f977e5b9410>,13,15,[4 8],14,73,88,59,60
1,<environment.Job instance at 0x7f977e5d2640>,37,17,[9 5],38,86,103,48,74
1,<environment.Job instance at 0x7f977e5d2910>,43,15,[5 6],44,88,103,44,74
1,<environment.Job instance at 0x7f977e5d2c30>,44,16,[10  5],45,103,119,58,90
1,<environment.Job instance at 0x7f977e5d2780>,39,14,[ 1 10],40,103,117,63,90
1,<environment.Job instance at 0x7f977e5d2e60>,47,1,[1 5],48,117,118,69,99
1,<environment.Job instance at 0x7f977e5d2f00>,48,12,[1 5],49,117,129,68,100
1,<environment.Job instance at 0x7f977e5d2b40>,49,12,[8 1],50,119,131,69,106
1,<environment.Job instance at 0x7f977e5d2d20>,50,14,[5 6],51,119,133,68,110
1,<environment.Job instance at 0x7f977e5d2af0>,46,18,[10  3],47,131,149,84,120
1,<environment.Job instance at 0x7f977e5b7500>,56,15,[5 8],57,133,148,76,120
1,<environment.Job instance at 0x7f10d0cce230>,0,13,[9 3],1,1,14,0,1
1,<environment.Job instance at 0x7f10d0cce320>,2,22,[4 8],3,3,25,0,3
1,<environment.Job instance at 0x7f10c7556460>,3,3,[4 8],4,25,28,21,4
1,<environment.Job instance at 0x7f10c7556640>,4,14,[1 6],5,14,28,9,5
1,<environment.Job instance at 0x7f10c7556730>,5,2,[1 5],6,28,30,22,6
1,<environment.Job instance at 0x7f10c7556820>,6,20,[6 1],7,14,34,7,7
1,<environment.Job instance at 0x7f10c7556910>,7,1,[5 4],8,28,29,20,9
1,<environment.Job instance at 0x7f10c75569b0>,8,13,[5 5],9,29,42,20,13
1,<environment.Job instance at 0x7f10c7556c30>,10,12,[3 7],11,30,42,19,15
1,<environment.Job instance at 0x7f10c7556f00>,14,13,[7 3],15,34,47,19,18
1,<environment.Job instance at 0x7f10c7556b90>,13,18,[ 4 10],14,42,60,28,31
1,<environment.Job instance at 0x7f10c7556e60>,16,16,[3 5],17,47,63,30,34
1,<environment.Job instance at 0x7f10c75581e0>,19,14,[3 5],20,60,74,40,45
1,<environment.Job instance at 0x7f10c7558640>,24,18,[2 6],25,63,81,38,52
1,<environment.Job instance at 0x7f10c75586e0>,25,12,[ 5 10],26,81,93,55,64
1,<environment.Job instance at 0x7f10c7558820>,27,15,[8 4],28,64,79,36,64
1,<environment.Job instance at 0x7f10c7558960>,29,12,[5 4],30,74,86,44,64
1,<environment.Job instance at 0x7f10c7558a00>,30,14,[5 2],31,86,100,55,71
1,<environment.Job instance at 0x7f10c7558280>,31,14,[2 5],32,93,107,61,78
1,<environment.Job instance at 0x7f10c75582d0>,33,14,[5 5],34,93,107,59,78
1,<environment.Job instance at 0x7f10c7558c80>,35,15,[9 5],36,107,122,71,93
1,<environment.Job instance at 0x7f10c755c1e0>,40,15,[10  3],41,122,137,81,108
1,<environment.Job instance at 0x7f10c755c3c0>,43,18,[5 5],44,108,126,64,108
1,<environment.Job instance at 0x7f10c755c460>,44,3,[5 5],45,126,129,81,108
1,<environment.Job instance at 0x7f10c755c640>,45,13,[6 5],46,137,150,91,121
1,<environment.Job instance at 0x7f10c755c780>,48,15,[10  1],49,150,165,101,136
1,<environment.Job instance at 0x7f10c755c820>,49,16,[2 5],50,136,152,86,136
1,<environment.Job instance at 0x7f10c6c9a2d0>,0,16,[2 8],1,1,17,0,1
1,<environment.Job instance at 0x7f10c6c22910>,1,13,[5 6],2,2,15,0,2
1,<environment.Job instance at 0x7f10c7558aa0>,2,3,[4 7],3,15,18,12,5
1,<environment.Job instance at 0x7f10c7032c80>,4,2,[2 7],5,17,19,12,5
1,<environment.Job instance at 0x7f10c76a31e0>,5,3,[ 4 13],6,19,22,13,7
1,<environment.Job instance at 0x7f10c75cfb40>,7,1,[ 1 14],8,22,23,14,8
1,<environment.Job instance at 0x7f10c75cf3c0>,9,12,[4 9],10,23,35,13,10
1,<environment.Job instance at 0x7f10c75cf230>,8,1,[4 6],9,18,19,9,12
1,<environment.Job instance at 0x7f10c75cf0f0>,13,3,[1 9],14,35,38,21,14
1,<environment.Job instance at 0x7f10c75cfd70>,15,1,[9 1],16,17,18,1,16
1,<environment.Job instance at 0x7f10c75cfa00>,14,14,[8 4],15,23,37,8,16
1,<environment.Job instance at 0x7f10c75cf5a0>,19,2,[4 9],20,38,40,18,20
1,<environment.Job instance at 0x7f10d0ccd550>,20,3,[13  3],21,40,43,19,21
1,<environment.Job instance at 0x7f10d0ccd370>,21,15,[1 7],22,40,55,18,26
1,<environment.Job instance at 0x7f10d0ccdc30>,22,3,[3 7],23,43,46,20,26
1,<environment.Job instance at 0x7f10c75cf870>,18,14,[9 5],19,46,60,27,31
1,<environment.Job instance at 0x7f10d0ccd280>,23,15,[5 2],24,46,61,22,32
1,<environment.Job instance at 0x7f10c6f68870>,28,19,[6 4],29,60,79,31,50
1,<environment.Job instance at 0x7f10c702ee10>,33,18,[6 5],34,61,79,27,50
1,<environment.Job instance at 0x7f10c6f6ab90>,29,14,[3 6],30,60,74,30,53
1,<environment.Job instance at 0x7f10c6bc3500>,34,19,[6 1],35,79,98,44,69
1,<environment.Job instance at 0x7f10c6f69370>,39,14,[2 6],40,74,88,34,69
1,<environment.Job instance at 0x7f10c6f69c80>,41,13,[8 5],42,88,101,46,72
1,<environment.Job instance at 0x7f10c6c0b230>,42,14,[2 9],43,98,112,55,83
1,<environment.Job instance at 0x7f10c75cf460>,12,14,[1 8],13,83,97,70,83
1,<environment.Job instance at 0x7f10c6ff49b0>,49,12,[9 3],50,101,113,51,84
1,<environment.Job instance at 0x7f10c6ff4870>,48,21,[9 4],49,113,134,64,105
1,<environment.Job instance at 0x7f10c6fbb2d0>,35,16,[ 2 10],36,112,128,76,107
1,<environment.Job instance at 0x7f10c70b3dc0>,52,3,[10  2],53,134,137,81,108
1,<environment.Job instance at 0x7f10c6c17b90>,53,2,[8 3],54,137,139,83,110
1,<environment.Job instance at 0x7f10c7070f00>,54,12,[3 8],55,128,140,73,111
1,<environment.Job instance at 0x7f10c704b460>,55,1,[6 2],56,139,140,83,111
1,<environment.Job instance at 0x7f10c704b050>,56,14,[5 5],57,139,153,82,124
1,<environment.Job instance at 0x7f10c704b320>,57,1,[9 1],58,140,141,82,124
1,<environment.Job instance at 0x7f10c704b780>,58,12,[14  4],59,153,165,94,136
1,<environment.Job instance at 0x7f10c6ffb0f0>,59,2,[9 4],60,141,143,81,136
1,<environment.Job instance at 0x7f10c6c72690>,0,2,[ 5 10],1,5,7,4,5
1,<environment.Job instance at 0x7f10c6ca7e10>,1,15,[14  1],2,7,22,5,6
1,<environment.Job instance at 0x7f10c6c72c30>,6,1,[2 7],7,22,23,15,7
1,<environment.Job instance at 0x7f10c6c72a00>,7,3,[6 3],8,22,25,14,8
1,<environment.Job instance at 0x7f10c6c728c0>,8,13,[8 5],9,23,36,14,9
1,<environment.Job instance at 0x7f10c6c72870>,10,18,[6 1],11,25,43,14,14
1,<environment.Job instance at 0x7f10c6c72960>,12,18,[8 2],13,36,54,23,25
1,<environment.Job instance at 0x7f10c6c72550>,15,17,[4 6],16,43,60,27,31
1,<environment.Job instance at 0x7f10c6c722d0>,3,2,[7 3],4,54,56,50,35
1,<environment.Job instance at 0x7f10c6c033c0>,19,16,[9 4],20,56,72,36,43
1,<environment.Job instance at 0x7f10c6c720a0>,17,14,[ 1 10],18,60,74,42,45
1,<environment.Job instance at 0x7f10c6c03fa0>,25,13,[6 4],26,72,85,46,57
1,<environment.Job instance at 0x7f10c6c03f00>,26,2,[5 5],27,74,76,47,57
1,<environment.Job instance at 0x7f10c6c03640>,27,13,[1 9],28,76,89,48,60
1,<environment.Job instance at 0x7f10c6c03500>,24,17,[9 4],25,85,102,60,73
1,<environment.Job instance at 0x7f10c6c035f0>,29,15,[ 5 10],30,89,104,59,75
1,<environment.Job instance at 0x7f10c6c030f0>,31,14,[8 2],32,102,116,70,87
1,<environment.Job instance at 0x7f10c6c032d0>,33,20,[2 6],34,104,124,70,95
1,<environment.Job instance at 0x7f10c6c03370>,34,15,[5 1],35,104,119,69,95
1,<environment.Job instance at 0x7f10c6c03a00>,35,3,[5 2],36,116,119,80,95
1,<environment.Job instance at 0x7f10c6c03c80>,40,12,[9 2],41,119,131,78,102
1,<environment.Job instance at 0x7f10c73a0a50>,43,3,[2 5],44,116,119,72,104
1,<environment.Job instance at 0x7f10c73a0e60>,44,12,[5 9],45,124,136,79,107
1,<environment.Job instance at 0x7f10c73a0690>,45,12,[2 6],46,131,143,85,114
1,<environment.Job instance at 0x7f10c6e83aa0>,46,15,[2 7],47,136,151,89,122
1,<environment.Job instance at 0x7f10d06ca0f0>,48,15,[7 5],49,143,158,94,129
1,<environment.Job instance at 0x7f10c73a2dc0>,49,15,[ 3 10],50,151,166,101,139
1,<environment.Job instance at 0x7f10c7507c80>,0,13,[5 6],1,1,14,0,1
1,<environment.Job instance at 0x7f10c78a7460>,1,12,[5 5],2,2,14,0,2
1,<environment.Job instance at 0x7f10c708d4b0>,2,12,[5 5],3,14,26,11,3
1,<environment.Job instance at 0x7f10c6fe0aa0>,3,13,[4 9],4,14,27,10,4
1,<environment.Job instance at 0x7f10c708dd20>,4,2,[2 5],5,26,28,21,5
1,<environment.Job instance at 0x7f10c6cd9910>,6,1,[3 8],7,27,28,20,11
1,<environment.Job instance at 0x7f10c7596f00>,9,1,[ 3 10],10,28,29,18,11
1,<environment.Job instance at 0x7f10c708d0f0>,8,1,[2 8],9,29,30,20,12
1,<environment.Job instance at 0x7f10c7596be0>,12,1,[ 5 10],13,30,31,17,13
1,<environment.Job instance at 0x7f10c7264460>,7,3,[10  2],8,27,30,19,13
1,<environment.Job instance at 0x7f10c74fab40>,11,13,[4 5],12,30,43,18,16
1,<environment.Job instance at 0x7f10c719cf00>,16,3,[ 3 10],17,31,34,14,17
1,<environment.Job instance at 0x7f10c719c370>,19,14,[5 7],20,34,48,14,20
1,<environment.Job instance at 0x7f10c719c1e0>,18,16,[6 3],19,34,50,15,21
1,<environment.Job instance at 0x7f10c6fb6f00>,21,14,[1 5],22,43,57,21,28
1,<environment.Job instance at 0x7f10c6c208c0>,23,14,[2 7],24,48,62,24,33
1,<environment.Job instance at 0x7f10d0ccdc30>,28,15,[8 5],29,57,72,28,43
1,<environment.Job instance at 0x7f10c6f55050>,14,21,[7 2],15,62,83,47,54
1,<environment.Job instance at 0x7f10c6c1ce60>,36,18,[4 6],37,72,90,35,61
1,<environment.Job instance at 0x7f10c6c99a00>,20,18,[4 7],21,72,90,51,63
1,<environment.Job instance at 0x7f10c6c1c0a0>,39,14,[ 5 11],40,90,104,50,76
1,<environment.Job instance at 0x7f10c6c1c4b0>,38,17,[7 4],39,90,107,51,84
1,<environment.Job instance at 0x7f10c72328c0>,40,12,[8 5],41,104,116,63,87
1,<environment.Job instance at 0x7f10c72322d0>,43,2,[9 1],44,116,118,72,89
1,<environment.Job instance at 0x7f10c7232f00>,44,2,[1 8],45,107,109,62,89
1,<environment.Job instance at 0x7f10c7232fa0>,42,18,[6 3],43,109,127,66,98
1,<environment.Job instance at 0x7f10c7232780>,50,15,[7 5],51,118,133,67,104
1,<environment.Job instance at 0x7f10c6f5e910>,54,17,[8 5],55,127,144,72,115
1,<environment.Job instance at 0x7f10c7091f50>,59,13,[1 9],60,133,146,73,117
1,<environment.Job instance at 0x7f10c7232460>,45,16,[6 3],46,144,160,98,133
1,<environment.Job instance at 0x7f10c7091690>,61,13,[5 5],62,146,159,84,133
1,<environment.Job instance at 0x7f10c7091c80>,62,2,[9 3],63,159,161,96,133
1,<environment.Job instance at 0x7f10c6f7bcd0>,0,14,[3 6],1,1,15,0,1
1,<environment.Job instance at 0x7f10c6f7b370>,1,1,[8 5],2,2,3,0,2
1,<environment.Job instance at 0x7f10c8076eb0>,2,15,[1 6],3,4,19,1,4
1,<environment.Job instance at 0x7f10c7c24550>,3,2,[5 5],4,15,17,11,4
1,<environment.Job instance at 0x7f10c7c24780>,4,12,[4 6],5,17,29,12,5
1,<environment.Job instance at 0x7f10c7c26f50>,6,13,[11  1],7,19,32,12,7
1,<environment.Job instance at 0x7f10c7c3a500>,9,14,[10  1],10,32,46,22,17
1,<environment.Job instance at 0x7f10c7c3aa00>,12,18,[5 5],13,32,50,19,21
1,<environment.Job instance at 0x7f10c7c3a3c0>,13,2,[10  5],14,46,48,32,21
1,<environment.Job instance at 0x7f10c7c3a1e0>,14,12,[8 4],15,48,60,33,31
1,<environment.Job instance at 0x7f10c7c3a0f0>,15,15,[7 4],16,50,65,34,36
1,<environment.Job instance at 0x7f10c7c3a8c0>,16,3,[8 1],17,60,63,43,36
1,<environment.Job instance at 0x7f10c7c27370>,17,14,[6 2],18,63,77,45,48
1,<environment.Job instance at 0x7f10c7c3abe0>,10,15,[1 6],11,63,78,52,55
1,<environment.Job instance at 0x7f10c7c27c30>,19,17,[7 2],20,65,82,45,55
1,<environment.Job instance at 0x7f10c7c27af0>,20,12,[8 1],21,78,90,57,61
1,<environment.Job instance at 0x7f10c7c27fa0>,18,21,[5 8],19,82,103,63,74
1,<environment.Job instance at 0x7f10c7c27460>,22,18,[5 1],23,90,108,67,79
1,<environment.Job instance at 0x7f10c7c48870>,24,12,[6 5],25,103,115,78,86
1,<environment.Job instance at 0x7f10c7c48b90>,27,12,[ 4 10],28,108,120,80,91
1,<environment.Job instance at 0x7f10c79a8b40>,39,17,[1 5],40,115,132,75,103
1,<environment.Job instance at 0x7f10c79a85f0>,40,3,[9 5],41,120,123,79,103
1,<environment.Job instance at 0x7f10c79a8050>,41,13,[1 7],42,123,136,81,107
1,<environment.Job instance at 0x7f10c79a8190>,42,13,[4 8],43,132,145,89,116
1,<environment.Job instance at 0x7f10c6b11960>,44,2,[4 6],45,136,138,91,116
1,<environment.Job instance at 0x7f10c6f31690>,46,12,[7 1],47,136,148,89,119
1,<environment.Job instance at 0x7f10c6b11a00>,49,3,[5 1],50,120,123,70,119
1,<environment.Job instance at 0x7f10c6b99be0>,50,14,[6 4],51,145,159,94,130
1,<environment.Job instance at 0x7f10d06bdc80>,52,3,[6 4],53,148,151,95,130
1,<environment.Job instance at 0x7f10c7c480a0>,53,3,[6 2],54,151,154,97,130
1,<environment.Job instance at 0x7f10c6b0ac80>,0,1,[5 9],1,2,3,1,2
1,<environment.Job instance at 0x7f10c6b0a730>,1,3,[8 4],2,2,5,0,2
1,<environment.Job instance at 0x7f10c6b0a820>,2,3,[5 2],3,3,6,0,3
1,<environment.Job instance at 0x7f10c6b0a500>,3,3,[9 2],4,5,8,1,4
1,<environment.Job instance at 0x7f10c6b0a1e0>,4,18,[4 7],5,6,24,1,5
1,<environment.Job instance at 0x7f10c6b0acd0>,5,12,[5 6],6,8,20,2,6
1,<environment.Job instance at 0x7f10c6b0aeb0>,7,13,[8 2],8,20,33,12,8
1,<environment.Job instance at 0x7f10c6b0a5f0>,6,17,[5 5],7,24,41,17,12
1,<environment.Job instance at 0x7f10c7299550>,10,2,[4 9],11,33,35,22,14
1,<environment.Job instance at 0x7f10c6b0a3c0>,8,1,[8 4],9,35,36,26,14
1,<environment.Job instance at 0x7f10c7299be0>,14,1,[1 9],15,36,37,21,15
1,<environment.Job instance at 0x7f10c7299af0>,11,14,[ 3 14],12,41,55,29,26
1,<environment.Job instance at 0x7f10c72998c0>,15,13,[ 1 12],16,55,68,39,44
1,<environment.Job instance at 0x7f10c7299190>,21,2,[2 6],22,68,70,46,51
1,<environment.Job instance at 0x7f10c72996e0>,22,3,[9 1],23,55,58,32,55
1,<environment.Job instance at 0x7f10c72993c0>,19,18,[9 5],20,68,86,48,57
1,<environment.Job instance at 0x7f10c6b62eb0>,27,16,[ 5 10],28,70,86,42,58
1,<environment.Job instance at 0x7f10c6b62c30>,29,15,[5 2],30,86,101,56,72
1,<environment.Job instance at 0x7f10c72997d0>,12,17,[1 6],13,86,103,73,82
1,<environment.Job instance at 0x7f10c6b62820>,31,14,[7 1],32,86,100,54,86
1,<environment.Job instance at 0x7f10c6b62d20>,36,15,[9 5],37,100,115,63,86
1,<environment.Job instance at 0x7f10c7299cd0>,16,17,[11  2],17,115,132,98,103
1,<environment.Job instance at 0x7f10c6b62e60>,38,15,[ 3 13],39,115,130,76,103
1,<environment.Job instance at 0x7f10c6b62320>,39,1,[10  3],40,132,133,92,104
1,<environment.Job instance at 0x7f10c6b620a0>,37,14,[4 7],38,130,144,92,115
1,<environment.Job instance at 0x7f10c6b624b0>,40,16,[5 1],41,133,149,92,120
1,<environment.Job instance at 0x7f10c6b625f0>,42,17,[4 5],43,133,150,90,121
1,<environment.Job instance at 0x7f10c6b628c0>,41,16,[ 2 10],42,149,165,107,136
1,<environment.Job instance at 0x7f10c6b626e0>,45,12,[8 1],46,150,162,104,136
1,<environment.Job instance at 0x7f10c6b42af0>,0,3,[7 3],1,1,4,0,1
1,<environment.Job instance at 0x7f10c6b42d70>,1,13,[ 3 10],2,2,15,0,2
1,<environment.Job instance at 0x7f10c7172af0>,3,13,[1 7],4,15,28,11,4
1,<environment.Job instance at 0x7f10c6b42c30>,2,18,[5 8],3,15,33,12,4
1,<environment.Job instance at 0x7f10c6b42500>,4,3,[3 5],5,5,8,0,5
1,<environment.Job instance at 0x7f10c6b5dc30>,8,1,[ 1 10],9,33,34,24,15
1,<environment.Job instance at 0x7f10c6b5dd20>,12,14,[9 1],13,28,42,15,16
1,<environment.Job instance at 0x7f10c6b5d870>,14,3,[8 2],15,42,45,27,16
1,<environment.Job instance at 0x7f10c6b5df00>,17,12,[5 4],18,33,45,15,18
1,<environment.Job instance at 0x7f10c6b5dfa0>,18,14,[8 1],19,45,59,26,30
1,<environment.Job instance at 0x7f10c6b5d6e0>,19,16,[ 4 10],20,45,61,25,33
1,<environment.Job instance at 0x7f10c6b5d2d0>,20,18,[5 8],21,61,79,40,50
1,<environment.Job instance at 0x7f10c6b5d960>,21,17,[3 7],22,61,78,39,50
1,<environment.Job instance at 0x7f10c6f247d0>,30,15,[4 9],31,79,94,48,65
1,<environment.Job instance at 0x7f10c6f24870>,31,15,[7 5],32,78,93,46,65
1,<environment.Job instance at 0x7f10c6b13280>,33,16,[8 2],34,93,109,59,80
1,<environment.Job instance at 0x7f10c6b5db90>,10,16,[5 9],11,94,110,83,81
1,<environment.Job instance at 0x7f10c6b13960>,37,2,[2 9],38,110,112,72,83
1,<environment.Job instance at 0x7f10c6b13be0>,38,2,[8 3],39,109,111,70,83
1,<environment.Job instance at 0x7f10c733c8c0>,39,15,[5 6],40,111,126,71,99
1,<environment.Job instance at 0x7f10c6b13050>,36,17,[9 3],37,112,129,75,100
1,<environment.Job instance at 0x7f10c6f148c0>,42,13,[6 5],43,126,139,83,110
1,<environment.Job instance at 0x7f10c6b426e0>,6,16,[6 1],7,129,145,122,116
1,<environment.Job instance at 0x7f10c6f14f50>,44,18,[1 8],45,129,147,84,122
1,<environment.Job instance at 0x7f10c6f14640>,45,13,[4 7],46,145,158,99,129
1,<environment.Job instance at 0x7f10c6f14870>,46,2,[7 2],47,139,141,92,129
1,<environment.Job instance at 0x7f10c6f14f00>,47,15,[6 1],48,147,162,99,133
1,<environment.Job instance at 0x7f10c75f9b90>,1,14,[9 5],2,2,16,0,2
1,<environment.Job instance at 0x7f10c6c67b90>,2,15,[7 3],3,16,31,13,3
1,<environment.Job instance at 0x7f10c6f639b0>,3,1,[ 4 13],4,31,32,27,4
1,<environment.Job instance at 0x7f10c6c699b0>,6,2,[8 3],7,16,18,9,7
1,<environment.Job instance at 0x7f10c6c6ee60>,7,3,[2 8],8,8,11,0,8
1,<environment.Job instance at 0x7f10c6c6e870>,8,13,[3 7],9,18,31,9,9
1,<environment.Job instance at 0x7f10c6c6ed70>,9,15,[8 5],10,32,47,22,18
1,<environment.Job instance at 0x7f10c6c6e910>,12,16,[1 7],13,32,48,19,19
1,<environment.Job instance at 0x7f10c6c6eaf0>,13,13,[3 7],14,47,60,33,31
1,<environment.Job instance at 0x7f10c6c628c0>,14,15,[6 4],15,48,63,33,34
1,<environment.Job instance at 0x7f10c6c697d0>,10,1,[2 6],11,60,61,49,34
1,<environment.Job instance at 0x7f10c6c62dc0>,15,1,[5 2],16,35,36,19,35
1,<environment.Job instance at 0x7f10c6c62640>,17,16,[7 2],18,60,76,42,47
1,<environment.Job instance at 0x7f10c6c53e10>,22,14,[9 3],23,76,90,53,61
1,<environment.Job instance at 0x7f10c6c55c80>,26,16,[4 9],27,63,79,36,61
1,<environment.Job instance at 0x7f10c7414a00>,27,22,[6 1],28,79,101,51,72
1,<environment.Job instance at 0x7f10c6c391e0>,28,15,[7 1],29,90,105,61,76
1,<environment.Job instance at 0x7f10c6c39910>,29,14,[3 8],30,101,115,71,86
1,<environment.Job instance at 0x7f10c7bd2230>,30,12,[5 9],31,115,127,84,98
1,<environment.Job instance at 0x7f10c6c62690>,16,3,[8 3],17,105,108,88,99
1,<environment.Job instance at 0x7f10c7bd28c0>,32,2,[8 2],33,108,110,75,102
1,<environment.Job instance at 0x7f10c7b9d4b0>,33,2,[8 1],34,110,112,76,102
1,<environment.Job instance at 0x7f10c7180dc0>,34,1,[ 3 10],35,127,128,92,102
1,<environment.Job instance at 0x7f10c7b9d2d0>,31,18,[5 9],32,128,146,96,117
1,<environment.Job instance at 0x7f10c7430870>,36,12,[7 5],37,117,129,80,117
1,<environment.Job instance at 0x7f10c71abe60>,37,16,[8 4],38,129,145,91,117
1,<environment.Job instance at 0x7f10c71abb90>,38,14,[6 3],39,145,159,106,130
1,<environment.Job instance at 0x7f10c71a59b0>,40,17,[8 4],41,146,163,105,134
1,<environment.Job instance at 0x7f10c6c403c0>,0,1,[4 8],1,1,2,0,1
1,<environment.Job instance at 0x7f10c6c40410>,1,13,[9 1],2,2,15,0,2
1,<environment.Job instance at 0x7f10c6c40500>,2,3,[5 8],3,3,6,0,3
1,<environment.Job instance at 0x7f10c6c40cd0>,4,15,[10  2],5,15,30,10,5
1,<environment.Job instance at 0x7f10c6c61550>,6,12,[3 5],7,7,19,0,7
1,<environment.Job instance at 0x7f10c6c61f50>,7,3,[8 3],8,30,33,22,8
1,<environment.Job instance at 0x7f10c6c610f0>,13,3,[9 5],14,33,36,19,14
1,<environment.Job instance at 0x7f10c6c61910>,14,14,[5 9],15,22,36,7,22
1,<environment.Job instance at 0x7f10c6c61c30>,15,14,[6 3],16,36,50,20,23
1,<environment.Job instance at 0x7f10c717a690>,16,2,[ 5 12],17,36,38,19,23
1,<environment.Job instance at 0x7f10c6c61870>,12,18,[9 2],13,38,56,25,29
1,<environment.Job instance at 0x7f10c6c61b90>,10,2,[9 4],11,56,58,45,29
1,<environment.Job instance at 0x7f10c717a050>,19,2,[4 5],20,50,52,30,29
1,<environment.Job instance at 0x7f10c717a640>,20,1,[10  3],21,58,59,37,30
1,<environment.Job instance at 0x7f10c717a190>,22,17,[5 1],23,52,69,29,40
1,<environment.Job instance at 0x7f10c717aaa0>,23,3,[2 6],24,59,62,35,42
1,<environment.Job instance at 0x7f10c717a6e0>,25,12,[8 3],26,59,71,33,42
1,<environment.Job instance at 0x7f10c717a910>,21,14,[1 5],22,62,76,40,47
1,<environment.Job instance at 0x7f10c717adc0>,26,18,[ 2 10],27,71,89,44,60
1,<environment.Job instance at 0x7f10c717ae60>,28,14,[9 5],29,76,90,47,61
1,<environment.Job instance at 0x7f10c7f81be0>,29,14,[8 5],30,90,104,60,75
1,<environment.Job instance at 0x7f10c7f81dc0>,31,15,[7 3],32,90,105,58,77
1,<environment.Job instance at 0x7f10c7d26140>,32,17,[1 5],33,104,121,71,92
1,<environment.Job instance at 0x7f10c7d26cd0>,36,13,[5 9],37,105,118,68,92
1,<environment.Job instance at 0x7f10c717a410>,17,23,[6 1],18,104,127,86,99
1,<environment.Job instance at 0x7f10c7d26af0>,40,18,[5 4],41,118,136,77,107
1,<environment.Job instance at 0x7f10c7d26b90>,41,14,[8 4],42,127,141,85,114
1,<environment.Job instance at 0x7f10c7d26aa0>,45,3,[10  3],46,141,144,95,115
1,<environment.Job instance at 0x7f10c7d26820>,44,16,[8 1],45,144,160,99,131
1,<environment.Job instance at 0x7f10c7bd2690>,48,19,[2 7],49,131,150,82,131
1,<environment.Job instance at 0x7f10c7bd2aa0>,50,12,[2 6],51,144,156,93,131
1,<environment.Job instance at 0x7f10c80cd2d0>,0,18,[3 6],1,1,19,0,1
1,<environment.Job instance at 0x7f10c7bd2cd0>,2,16,[1 9],3,3,19,0,3
1,<environment.Job instance at 0x7f10c7a09a00>,3,13,[6 4],4,19,32,15,4
1,<environment.Job instance at 0x7f10c80cdd70>,1,2,[4 9],2,19,21,17,5
1,<environment.Job instance at 0x7f10c79d53c0>,5,3,[3 8],6,21,24,15,6
1,<environment.Job instance at 0x7f10c79f6370>,9,12,[4 8],10,24,36,14,10
1,<environment.Job instance at 0x7f10c79d56e0>,7,13,[7 1],8,32,45,24,16
1,<environment.Job instance at 0x7f10c79d55f0>,8,1,[8 3],9,36,37,27,20
1,<environment.Job instance at 0x7f10c79f6e60>,10,14,[1 9],11,37,51,26,22
1,<environment.Job instance at 0x7f10c79f6dc0>,14,17,[10  5],15,45,62,30,33
1,<environment.Job instance at 0x7f10c79f65f0>,18,13,[3 6],19,51,64,32,35
1,<environment.Job instance at 0x7f10c7a0a910>,20,14,[3 5],21,62,76,41,47
1,<environment.Job instance at 0x7f10c7a0a5a0>,24,12,[7 2],25,62,74,37,47
1,<environment.Job instance at 0x7f10c79f63c0>,12,12,[1 7],13,64,76,51,47
1,<environment.Job instance at 0x7f10c6b50820>,30,15,[6 2],31,74,89,43,60
1,<environment.Job instance at 0x7f10c815caf0>,32,16,[5 3],33,76,92,43,63
1,<environment.Job instance at 0x7f10c79f6960>,15,15,[1 6],16,76,91,60,63
1,<environment.Job instance at 0x7f10c79d5870>,4,12,[10  3],5,91,103,86,76
1,<environment.Job instance at 0x7f10c6d3d910>,35,1,[ 3 12],36,92,93,56,76
1,<environment.Job instance at 0x7f10c813b0f0>,36,3,[10  3],37,103,106,66,77
1,<environment.Job instance at 0x7f10c6b5fe10>,37,14,[ 5 10],38,93,107,55,78
1,<environment.Job instance at 0x7f10c6b6bb40>,38,3,[ 5 12],39,107,110,68,81
1,<environment.Job instance at 0x7f10c6be3d20>,33,16,[9 5],34,110,126,76,97
1,<environment.Job instance at 0x7f10c6b6b1e0>,41,12,[2 5],42,110,122,68,97
1,<environment.Job instance at 0x7f10c6d5e960>,42,16,[9 3],43,126,142,83,113
1,<environment.Job instance at 0x7f10c741e4b0>,39,16,[6 2],40,122,138,82,113
1,<environment.Job instance at 0x7f10c6d5e9b0>,43,14,[1 6],44,138,152,94,124
1,<environment.Job instance at 0x7f10c79bd9b0>,44,16,[7 3],45,142,158,97,130
1,<environment.Job instance at 0x7f10c7999a00>,46,1,[11  1],47,158,159,111,130
1,<environment.Job instance at 0x7f10c79994b0>,47,2,[2 6],48,138,140,90,130
1,<environment.Job instance at 0x7f10c6fa3e10>,0,22,[4 6],1,1,23,0,1
1,<environment.Job instance at 0x7f10c74271e0>,1,2,[1 8],2,2,4,0,2
1,<environment.Job instance at 0x7f10c6fa3fa0>,2,18,[5 6],3,4,22,1,3
1,<environment.Job instance at 0x7f10c6fa3b90>,7,2,[9 5],8,22,24,14,8
1,<environment.Job instance at 0x7f10c6fa34b0>,6,1,[6 4],7,23,24,16,9
1,<environment.Job instance at 0x7f10c6fa35a0>,5,17,[3 9],6,24,41,18,12
1,<environment.Job instance at 0x7f10c6fa3eb0>,10,3,[7 5],11,24,27,13,13
1,<environment.Job instance at 0x7f10c6fa3780>,9,2,[2 5],10,27,29,17,14
1,<environment.Job instance at 0x7f10c7f16b40>,11,2,[5 4],12,29,31,17,14
1,<environment.Job instance at 0x7f10c7f165a0>,13,2,[8 3],14,31,33,17,14
1,<environment.Job instance at 0x7f10c7f165f0>,14,13,[9 1],15,33,46,18,17
1,<environment.Job instance at 0x7f10c7f16320>,16,3,[1 8],17,41,44,24,17
1,<environment.Job instance at 0x7f10c7f16690>,17,3,[6 1],18,18,21,0,18
1,<environment.Job instance at 0x7f10c7f16aa0>,20,14,[ 3 10],21,44,58,23,29
1,<environment.Job instance at 0x7f10c7f16780>,23,14,[9 2],24,46,60,22,31
1,<environment.Job instance at 0x7f10c7f16a00>,24,15,[3 7],25,58,73,33,44
1,<environment.Job instance at 0x7f10c7f160f0>,27,3,[3 6],28,58,61,30,44
1,<environment.Job instance at 0x7f10c6cc1af0>,29,15,[4 9],30,73,88,43,59
1,<environment.Job instance at 0x7f10c6cc1c80>,30,15,[1 6],31,61,76,30,59
1,<environment.Job instance at 0x7f10c7f161e0>,12,17,[ 3 14],13,88,105,75,80
1,<environment.Job instance at 0x7f10c6cc1500>,32,2,[5 5],33,80,82,47,80
1,<environment.Job instance at 0x7f10c6cc15f0>,33,3,[ 5 11],34,105,108,71,80
1,<environment.Job instance at 0x7f10c6cc10f0>,34,1,[9 1],35,82,83,47,80
1,<environment.Job instance at 0x7f10c6cc1550>,35,16,[8 5],36,108,124,72,98
1,<environment.Job instance at 0x7f10c6cc1140>,36,13,[4 5],37,108,121,71,98
1,<environment.Job instance at 0x7f10c6b58640>,37,2,[9 2],38,105,107,67,99
1,<environment.Job instance at 0x7f10c6b58050>,38,1,[5 5],39,121,122,82,99
1,<environment.Job instance at 0x7f10c6b58b40>,39,18,[7 2],40,122,140,82,111
1,<environment.Job instance at 0x7f10c6b58dc0>,40,2,[7 1],41,124,126,83,111
1,<environment.Job instance at 0x7f10c6b585a0>,41,3,[ 3 11],42,126,129,84,111
1,<environment.Job instance at 0x7f10c6b58c30>,42,1,[ 3 10],43,129,130,86,111
1,<environment.Job instance at 0x7f10c6b58aa0>,43,12,[5 8],44,130,142,86,113
1,<environment.Job instance at 0x7f10c6b58280>,44,1,[2 5],45,113,114,68,113
1,<environment.Job instance at 0x7f10c6b58d70>,45,3,[10  1],46,140,143,94,114
1,<environment.Job instance at 0x7f10c6b580a0>,46,3,[2 5],47,114,117,67,114
1,<environment.Job instance at 0x7f10c6b58410>,47,13,[5 5],48,142,155,94,126
1,<environment.Job instance at 0x7f10c6cc1820>,31,22,[2 9],32,143,165,111,136
1,<environment.Job instance at 0x7f10c6b58820>,49,2,[1 8],50,165,167,115,138
1,<environment.Job instance at 0x7f10c6b58780>,50,12,[10  4],51,155,167,104,138
1,<environment.Job instance at 0x7f10c79551e0>,0,3,[2 6],1,1,4,0,1
1,<environment.Job instance at 0x7f10c79550a0>,2,18,[6 4],3,3,21,0,3
1,<environment.Job instance at 0x7f10c7971d20>,3,18,[1 8],4,4,22,0,4
1,<environment.Job instance at 0x7f10c7971870>,4,13,[2 8],5,22,35,17,6
1,<environment.Job instance at 0x7f10c7971370>,6,1,[5 3],7,7,8,0,7
1,<environment.Job instance at 0x7f10c7971140>,7,12,[2 5],8,21,33,13,8
1,<environment.Job instance at 0x7f10c7971280>,8,3,[10  4],9,33,36,24,9
1,<environment.Job instance at 0x7f10c79715a0>,9,15,[8 4],10,36,51,26,22
1,<environment.Job instance at 0x7f10c7971af0>,12,2,[1 9],13,35,37,22,22
1,<environment.Job instance at 0x7f10c7971a50>,13,2,[6 3],14,37,39,23,22
1,<environment.Job instance at 0x7f10c7971fa0>,14,16,[5 3],15,39,55,24,26
1,<environment.Job instance at 0x7f10c7971500>,15,13,[2 6],16,39,52,23,26
1,<environment.Job instance at 0x7f10c7971a00>,11,12,[5 1],12,51,63,39,34
1,<environment.Job instance at 0x7f10c79711e0>,19,1,[3 5],20,51,52,31,34
1,<environment.Job instance at 0x7f10c7971cd0>,20,1,[4 9],21,52,53,31,34
1,<environment.Job instance at 0x7f10c7971190>,16,1,[6 3],17,55,56,38,34
1,<environment.Job instance at 0x7f10c79710f0>,10,1,[1 7],11,37,38,26,36
1,<environment.Job instance at 0x7f10c7971f00>,21,12,[7 4],22,56,68,34,39
1,<environment.Job instance at 0x7f10c6955f00>,24,2,[7 3],25,63,65,38,39
1,<environment.Job instance at 0x7f10c79713c0>,18,18,[5 6],19,65,83,46,54
1,<environment.Job instance at 0x7f10c6955410>,26,12,[4 6],27,68,80,41,54
1,<environment.Job instance at 0x7f10c69559b0>,27,16,[3 5],28,80,96,52,67
1,<environment.Job instance at 0x7f10c6955eb0>,25,16,[5 7],26,83,99,57,70
1,<environment.Job instance at 0x7f10c6955910>,31,12,[7 5],32,96,108,64,79
1,<environment.Job instance at 0x7f10c6955a50>,32,12,[5 4],33,99,111,66,82
1,<environment.Job instance at 0x7f10c6955640>,33,13,[10  3],34,108,121,74,92
1,<environment.Job instance at 0x7f10c6955140>,30,17,[8 3],31,121,138,90,109
1,<environment.Job instance at 0x7f10c6955690>,23,13,[4 7],24,111,124,87,109
1,<environment.Job instance at 0x7f10c6954550>,36,15,[1 5],37,111,126,74,109
1,<environment.Job instance at 0x7f10c6954190>,37,3,[ 2 13],38,138,141,100,112
1,<environment.Job instance at 0x7f10c69549b0>,40,14,[6 1],41,124,138,83,112
1,<environment.Job instance at 0x7f10c6954320>,39,3,[5 2],40,138,141,98,112
1,<environment.Job instance at 0x7f10c6954af0>,47,14,[9 3],48,141,155,93,126
1,<environment.Job instance at 0x7f10c7063460>,1,16,[ 2 10],2,2,18,0,2
1,<environment.Job instance at 0x7f10c7063cd0>,2,2,[7 5],3,3,5,0,3
1,<environment.Job instance at 0x7f10c7063370>,3,15,[10  1],4,5,20,1,4
1,<environment.Job instance at 0x7f10c7063280>,6,1,[7 3],7,20,21,13,8
1,<environment.Job instance at 0x7f10c7063140>,5,3,[6 1],6,20,23,14,8
1,<environment.Job instance at 0x7f10c7063dc0>,7,15,[1 7],8,18,33,10,10
1,<environment.Job instance at 0x7f10c7063550>,10,1,[8 1],11,21,22,10,11
1,<environment.Job instance at 0x7f10c70632d0>,11,12,[8 3],12,22,34,10,12
1,<environment.Job instance at 0x7f10c7063780>,8,18,[5 6],9,33,51,24,22
1,<environment.Job instance at 0x7f10c7063c80>,14,16,[5 6],15,34,50,19,22
1,<environment.Job instance at 0x7f10c7063960>,15,16,[10  2],16,50,66,34,37
1,<environment.Job instance at 0x7f10c6e7d780>,17,12,[4 7],18,51,63,33,37
1,<environment.Job instance at 0x7f10c6e7d500>,20,20,[5 8],21,63,83,42,54
1,<environment.Job instance at 0x7f10c6e7d460>,26,18,[3 5],27,66,84,39,55
1,<environment.Job instance at 0x7f10c6e7dc80>,28,14,[7 5],29,83,97,54,68
1,<environment.Job instance at 0x7f10c6e7d910>,31,12,[7 5],32,84,96,52,69
1,<environment.Job instance at 0x7f10c6e7d140>,34,18,[3 8],35,96,114,61,86
1,<environment.Job instance at 0x7f10c7f547d0>,36,14,[3 9],37,114,128,77,99
1,<environment.Job instance at 0x7f10c7f54050>,40,14,[5 5],41,100,114,59,100
1,<environment.Job instance at 0x7f10c7f540f0>,41,17,[2 9],42,128,145,86,116
1,<environment.Job instance at 0x7f10c7f54be0>,48,14,[7 3],49,116,130,67,116
1,<environment.Job instance at 0x7f10c7d967d0>,54,18,[6 3],55,128,146,73,117
1,<environment.Job instance at 0x7f10c7d965f0>,59,15,[5 3],60,130,145,70,121
1,<environment.Job instance at 0x7f10c7d96320>,60,17,[6 4],61,145,162,84,133
1,<environment.Job instance at 0x7f10c7d96f50>,62,18,[9 5],63,146,164,83,136
1,<environment.Job instance at 0x7f10c75de780>,0,14,[7 4],1,1,15,0,1
1,<environment.Job instance at 0x7f10c7d96500>,1,17,[ 4 10],2,2,19,0,2
1,<environment.Job instance at 0x7f10c75de500>,2,1,[6 3],3,15,16,12,3
1,<environment.Job instance at 0x7f10c75de870>,3,2,[4 5],4,16,18,12,4
1,<environment.Job instance at 0x7f10c75de140>,5,18,[5 3],6,18,36,12,7
1,<environment.Job instance at 0x7f10c809f460>,7,15,[5 1],8,18,33,10,8
1,<environment.Job instance at 0x7f10c809fc30>,8,2,[10  1],9,33,35,24,10
1,<environment.Job instance at 0x7f10c809ffa0>,10,12,[ 4 10],11,19,31,8,11
1,<environment.Job instance at 0x7f10c809f960>,9,13,[6 1],10,35,48,25,20
1,<environment.Job instance at 0x7f10c809f280>,11,17,[6 1],12,36,53,24,24
1,<environment.Job instance at 0x7f10c809f910>,24,2,[8 1],25,48,50,23,25
1,<environment.Job instance at 0x7f10c809f370>,25,1,[4 6],26,31,32,5,26
1,<environment.Job instance at 0x7f10c80d1640>,28,18,[5 5],29,50,68,21,39
1,<environment.Job instance at 0x7f10c80d17d0>,29,15,[3 6],30,50,65,20,39
1,<environment.Job instance at 0x7f10c809fdc0>,12,16,[9 2],13,65,81,52,52
1,<environment.Job instance at 0x7f10c6a32820>,35,2,[8 2],36,81,83,45,54
1,<environment.Job instance at 0x7f10c6a32230>,36,1,[10  4],37,83,84,46,55
1,<environment.Job instance at 0x7f10c6a32690>,37,3,[9 4],38,84,87,46,58
1,<environment.Job instance at 0x7f10c809f190>,13,15,[5 8],14,68,83,54,66
1,<environment.Job instance at 0x7f10c6a328c0>,43,3,[9 5],44,87,90,43,66
1,<environment.Job instance at 0x7f10c6a32730>,42,18,[7 2],43,90,108,47,79
1,<environment.Job instance at 0x7f10c6a32550>,45,16,[2 7],46,85,101,39,85
1,<environment.Job instance at 0x7f10c6a32aa0>,47,12,[10  4],48,108,120,60,92
1,<environment.Job instance at 0x7f10c6a32910>,48,12,[3 8],49,101,113,52,92
1,<environment.Job instance at 0x7f10c6a32870>,49,16,[ 3 10],50,113,129,63,102
1,<environment.Job instance at 0x7f10c6a32460>,50,13,[8 2],51,120,133,69,104
1,<environment.Job instance at 0x7f10c6b4c7d0>,52,13,[1 7],53,129,142,76,113
1,<environment.Job instance at 0x7f10c6b4c550>,53,15,[3 5],54,129,144,75,115
1,<environment.Job instance at 0x7f10c6b4cfa0>,54,13,[6 5],55,142,155,87,126
1,<environment.Job instance at 0x7f10c80d1a00>,26,22,[7 4],27,144,166,117,137
1,<environment.Job instance at 0x7f10c78a7aa0>,57,2,[10  1],58,137,139,79,137
1,<environment.Job instance at 0x7f10c78a7f00>,58,1,[2 8],59,155,156,96,137
1,<environment.Job instance at 0x7f10c7766e10>,0,3,[7 1],1,1,4,0,1
1,<environment.Job instance at 0x7f10c7766be0>,1,12,[10  1],2,4,16,2,2
1,<environment.Job instance at 0x7f10c77669b0>,3,13,[6 5],4,16,29,12,4
1,<environment.Job instance at 0x7f10c7766b40>,2,16,[7 1],3,16,32,13,4
1,<environment.Job instance at 0x7f10c7766820>,5,2,[3 7],6,7,9,1,7
1,<environment.Job instance at 0x7f10c7f525a0>,9,17,[7 5],10,29,46,19,17
1,<environment.Job instance at 0x7f10c7f52a50>,11,15,[4 9],12,32,47,20,18
1,<environment.Job instance at 0x7f10c7f52e60>,12,13,[1 8],13,18,31,5,18
1,<environment.Job instance at 0x7f10c7f529b0>,13,18,[1 8],14,47,65,33,36
1,<environment.Job instance at 0x7f10c7f52dc0>,14,17,[3 6],15,46,63,31,36
1,<environment.Job instance at 0x7f10c7f52f50>,16,15,[8 5],17,63,78,46,49
1,<environment.Job instance at 0x7f10c7f52820>,18,12,[4 8],19,65,77,46,49
1,<environment.Job instance at 0x7f10c7f526e0>,19,17,[7 1],20,77,94,57,65
1,<environment.Job instance at 0x7f10c7f52d20>,20,16,[10  3],21,94,110,73,81
1,<environment.Job instance at 0x7f10c7f52320>,23,12,[9 4],24,110,122,86,93
1,<environment.Job instance at 0x7f10c7bba320>,26,15,[5 2],27,93,108,66,93
1,<environment.Job instance at 0x7f10c7bba370>,29,13,[4 9],30,108,121,78,93
1,<environment.Job instance at 0x7f10c7bba910>,32,17,[3 8],33,121,138,88,109
1,<environment.Job instance at 0x7f10c7f52190>,8,15,[5 4],9,122,137,113,112
1,<environment.Job instance at 0x7f10c7bba5f0>,33,14,[4 9],34,138,152,104,124
1,<environment.Job instance at 0x7f10c7f52370>,7,18,[4 5],8,137,155,129,126
1,<environment.Job instance at 0x7f10c7bba050>,38,14,[10  3],39,152,166,113,138
1,<environment.Job instance at 0x7f10c69ae190>,1,15,[5 1],2,2,17,0,2
1,<environment.Job instance at 0x7f10c69ae5a0>,0,1,[6 1],1,4,5,3,4
1,<environment.Job instance at 0x7f10c6991500>,4,12,[ 4 13],5,5,17,0,5
1,<environment.Job instance at 0x7f10c69911e0>,5,17,[4 6],6,17,34,11,6
1,<environment.Job instance at 0x7f10c69ae640>,7,1,[3 6],8,17,18,9,8
1,<environment.Job instance at 0x7f10c6991190>,6,15,[10  5],7,18,33,11,8
1,<environment.Job instance at 0x7f10c6991640>,8,2,[7 1],9,33,35,24,9
1,<environment.Job instance at 0x7f10c69915a0>,9,2,[5 1],10,10,12,0,10
1,<environment.Job instance at 0x7f10c6991f50>,10,2,[ 2 12],11,34,36,23,11
1,<environment.Job instance at 0x7f10c69914b0>,13,14,[5 4],14,36,50,22,21
1,<environment.Job instance at 0x7f10c73e8410>,16,15,[5 5],17,36,51,19,22
1,<environment.Job instance at 0x7f10c73e8b40>,17,17,[9 4],18,50,67,32,38
1,<environment.Job instance at 0x7f10c73e80a0>,18,12,[3 7],19,51,63,32,38
1,<environment.Job instance at 0x7f10c73e83c0>,20,18,[2 9],21,63,81,42,53
1,<environment.Job instance at 0x7f10c73e8280>,15,15,[7 1],16,67,82,51,64
1,<environment.Job instance at 0x7f10c73e87d0>,22,16,[2 8],23,81,97,58,68
1,<environment.Job instance at 0x7f10c73e8230>,24,14,[7 2],25,82,96,57,68
1,<environment.Job instance at 0x7f10c73e8780>,23,12,[3 6],24,96,108,72,79
1,<environment.Job instance at 0x7f10c73e88c0>,27,2,[ 5 12],28,108,110,80,81
1,<environment.Job instance at 0x7f10c73e8140>,28,3,[9 4],29,97,100,68,81
1,<environment.Job instance at 0x7f10c6991be0>,11,13,[ 3 11],12,110,123,98,94
1,<environment.Job instance at 0x7f10c73e8a00>,30,16,[1 9],31,123,139,92,110
1,<environment.Job instance at 0x7f10c73e8aa0>,31,12,[6 3],32,110,122,78,110
1,<environment.Job instance at 0x7f10c73e45a0>,32,16,[5 3],33,122,138,89,110
1,<environment.Job instance at 0x7f10c73e8690>,29,20,[7 2],30,123,143,93,114
1,<environment.Job instance at 0x7f10c73e47d0>,39,12,[7 5],40,139,151,99,122
1,<environment.Job instance at 0x7f10c73e4320>,41,14,[ 5 10],42,143,157,101,132
1,<environment.Job instance at 0x7f10c7fbbc80>,0,1,[2 9],1,1,2,0,1
1,<environment.Job instance at 0x7f10c7fbb4b0>,1,1,[7 3],2,2,3,0,2
1,<environment.Job instance at 0x7f10c76ddb40>,3,1,[2 6],4,4,5,0,4
1,<environment.Job instance at 0x7f10c7fbbcd0>,4,3,[6 2],5,5,8,0,5
1,<environment.Job instance at 0x7f10c74a7cd0>,5,14,[8 2],6,6,20,0,6
1,<environment.Job instance at 0x7f10c74a7410>,6,3,[5 3],7,8,11,1,7
1,<environment.Job instance at 0x7f10c74a7280>,7,1,[ 2 12],8,11,12,3,8
1,<environment.Job instance at 0x7f10c74a7460>,8,1,[5 8],9,12,13,3,9
1,<environment.Job instance at 0x7f10c74a7960>,9,3,[ 2 10],10,13,16,3,10
1,<environment.Job instance at 0x7f10c74a7550>,10,15,[8 2],11,20,35,9,11
1,<environment.Job instance at 0x7f10c74a7190>,11,16,[4 9],12,16,32,4,12
1,<environment.Job instance at 0x7f10c74a7e60>,15,1,[10  4],16,35,36,19,19
1,<environment.Job instance at 0x7f10c74a7f00>,13,13,[3 7],14,32,45,18,19
1,<environment.Job instance at 0x7f10c8083730>,17,13,[10  3],18,36,49,18,20
1,<environment.Job instance at 0x7f10c74a77d0>,14,1,[8 1],15,49,50,34,22
1,<environment.Job instance at 0x7f10c8083690>,19,2,[7 1],20,49,51,29,23
1,<environment.Job instance at 0x7f10c8083c80>,18,18,[10  5],19,51,69,32,40
1,<environment.Job instance at 0x7f10c8083230>,23,13,[8 4],24,69,82,45,53
1,<environment.Job instance at 0x7f10c8083c30>,26,15,[7 3],27,69,84,42,55
1,<environment.Job instance at 0x7f10c80838c0>,29,15,[ 5 10],30,82,97,52,69
1,<environment.Job instance at 0x7f10c8083fa0>,31,12,[7 5],32,84,96,52,69
1,<environment.Job instance at 0x7f10c7fdf230>,34,14,[5 5],35,96,110,61,81
1,<environment.Job instance at 0x7f10c7fdf960>,36,12,[5 9],37,97,109,60,81
1,<environment.Job instance at 0x7f10c7fdf6e0>,40,18,[3 7],41,109,127,68,98
1,<environment.Job instance at 0x7f10c7fdf9b0>,43,13,[8 4],44,110,123,66,98
1,<environment.Job instance at 0x7f10c7fdf500>,47,14,[4 9],48,127,141,79,112
1,<environment.Job instance at 0x7f10c7fdf0f0>,48,15,[5 4],49,123,138,74,112
1,<environment.Job instance at 0x7f10c7fdffa0>,50,17,[10  2],51,138,155,87,126
1,<environment.Job instance at 0x7f10c7fdfdc0>,52,18,[1 5],53,141,159,88,130
1,<environment.Job instance at 0x7f10c7ee73c0>,1,16,[1 7],2,2,18,0,2
1,<environment.Job instance at 0x7f10c7ee5780>,2,2,[ 1 14],3,18,20,15,5
1,<environment.Job instance at 0x7f10c7ee5460>,5,12,[4 8],6,6,18,0,6
1,<environment.Job instance at 0x7f10c7ee5370>,8,14,[10  1],9,18,32,9,9
1,<environment.Job instance at 0x7f10c7ee50f0>,11,16,[6 2],12,32,48,20,19
1,<environment.Job instance at 0x7f10c7edb230>,15,14,[ 2 10],16,20,34,4,19
1,<environment.Job instance at 0x7f10c7edb280>,16,17,[9 4],17,34,51,17,22
1,<environment.Job instance at 0x7f10c7edb4b0>,17,2,[2 5],18,48,50,30,22
1,<environment.Job instance at 0x7f10c7edb3c0>,18,14,[ 1 10],19,50,64,31,35
1,<environment.Job instance at 0x7f10c7edbe10>,20,13,[ 4 10],21,64,77,43,48
1,<environment.Job instance at 0x7f10c7edb7d0>,21,16,[4 7],22,77,93,55,64
1,<environment.Job instance at 0x7f10c7edb820>,22,17,[10  4],23,64,81,41,64
1,<environment.Job instance at 0x7f10c7edb5a0>,23,13,[ 4 10],24,93,106,69,77
1,<environment.Job instance at 0x7f10c7ed8500>,27,12,[6 5],28,81,93,53,77
1,<environment.Job instance at 0x7f10c7ee59b0>,12,2,[8 5],13,93,95,80,82
1,<environment.Job instance at 0x7f10c7ed88c0>,28,18,[4 7],29,106,124,77,95
1,<environment.Job instance at 0x7f10c7ed82d0>,30,21,[9 2],31,95,116,64,95
1,<environment.Job instance at 0x7f10c684beb0>,33,18,[ 4 10],34,124,142,90,113
1,<environment.Job instance at 0x7f10c684be60>,34,15,[3 5],35,116,131,81,113
1,<environment.Job instance at 0x7f10c6857fa0>,39,13,[4 7],40,142,155,102,126
1,<environment.Job instance at 0x7f10c6857e10>,40,15,[1 8],41,142,157,101,128
1,<environment.Job instance at 0x7f10c79c8a50>,0,14,[5 6],1,1,15,0,1
1,<environment.Job instance at 0x7f10c7a6f2d0>,2,2,[10  5],3,3,5,0,3
1,<environment.Job instance at 0x7f10c79c8280>,3,1,[2 5],4,5,6,1,4
1,<environment.Job instance at 0x7f10c79c85f0>,4,2,[2 7],5,6,8,1,5
1,<environment.Job instance at 0x7f10c79c8dc0>,5,3,[6 5],6,8,11,2,6
1,<environment.Job instance at 0x7f10c79c8550>,6,15,[5 8],7,11,26,4,7
1,<environment.Job instance at 0x7f10c7be8230>,7,13,[ 1 10],8,26,39,18,10
1,<environment.Job instance at 0x7f10c7be8320>,12,13,[5 5],13,15,28,2,13
1,<environment.Job instance at 0x7f10c7be8870>,13,12,[5 2],14,28,40,14,14
1,<environment.Job instance at 0x7f10c7be8500>,14,1,[3 7],15,39,40,24,15
1,<environment.Job instance at 0x7f10c7be8cd0>,15,2,[ 5 10],16,40,42,24,16
1,<environment.Job instance at 0x7f10c7be8a00>,11,18,[4 5],12,39,57,27,28
1,<environment.Job instance at 0x7f10c7be85f0>,18,12,[2 6],19,42,54,23,28
1,<environment.Job instance at 0x7f10c7be80f0>,19,18,[6 5],20,54,72,34,43
1,<environment.Job instance at 0x7f10c7be8050>,20,15,[5 5],21,54,69,33,43
1,<environment.Job instance at 0x7f10c7be81e0>,22,14,[4 6],23,69,83,46,54
1,<environment.Job instance at 0x7f10c7be8820>,25,18,[1 6],26,72,90,46,61
1,<environment.Job instance at 0x7f10c7be8140>,27,13,[1 7],28,83,96,55,67
1,<environment.Job instance at 0x7f10c7bde230>,28,12,[2 5],29,90,102,61,73
1,<environment.Job instance at 0x7f10c7bded20>,29,17,[5 2],30,73,90,43,73
1,<environment.Job instance at 0x7f10c7bde690>,30,3,[5 6],31,96,99,65,73
1,<environment.Job instance at 0x7f10c7be8910>,16,18,[3 7],17,99,117,82,88
1,<environment.Job instance at 0x7f10c7bde460>,31,18,[9 3],32,99,117,67,88
1,<environment.Job instance at 0x7f10c7bde780>,33,18,[8 3],34,117,135,83,106
1,<environment.Job instance at 0x7f10c7bdefa0>,35,15,[2 7],36,117,132,81,106
1,<environment.Job instance at 0x7f10c7bde8c0>,39,12,[1 7],40,132,144,92,115
1,<environment.Job instance at 0x7f10c7bde2d0>,40,3,[10  5],41,135,138,94,115
1,<environment.Job instance at 0x7f10c7bde730>,41,14,[1 7],42,138,152,96,123
1,<environment.Job instance at 0x7f10c7bde410>,43,18,[2 6],44,144,162,100,133
1,<environment.Job instance at 0x7f10c7bdebe0>,44,13,[1 6],45,152,165,107,136
1,<environment.Job instance at 0x7f10c7bdec30>,2,17,[7 2],3,3,20,0,3
1,<environment.Job instance at 0x7f10c78bb190>,3,1,[5 3],4,4,5,0,4
1,<environment.Job instance at 0x7f10c78bb370>,4,2,[2 7],5,5,7,0,5
1,<environment.Job instance at 0x7f10c78bb500>,6,13,[3 5],7,7,20,0,7
1,<environment.Job instance at 0x7f10c78bb230>,7,2,[8 4],8,20,22,12,8
1,<environment.Job instance at 0x7f10c78bb6e0>,8,12,[12  3],9,22,34,13,10
1,<environment.Job instance at 0x7f10c78bb5f0>,10,1,[ 5 10],11,20,21,9,12
1,<environment.Job instance at 0x7f10c78bb780>,11,2,[3 6],12,15,17,3,15
1,<environment.Job instance at 0x7f10c78bba00>,13,13,[6 3],14,34,47,20,18
1,<environment.Job instance at 0x7f10c78bb870>,12,15,[6 1],13,34,49,21,20
1,<environment.Job instance at 0x7f10c78bbbe0>,16,3,[4 9],17,47,50,30,21
1,<environment.Job instance at 0x7f10c78bbe60>,18,1,[3 6],19,21,22,2,21
1,<environment.Job instance at 0x7f10c78bbcd0>,19,2,[ 1 11],20,22,24,2,21
1,<environment.Job instance at 0x7f10c78bbe10>,20,2,[8 1],21,49,51,28,22
1,<environment.Job instance at 0x7f10c7bde1e0>,9,12,[7 5],10,50,62,40,34
1,<environment.Job instance at 0x7f10c78bbd20>,15,12,[14  1],16,62,74,46,45
1,<environment.Job instance at 0x7f10c78902d0>,23,2,[9 5],24,74,76,50,47
1,<environment.Job instance at 0x7f10c78904b0>,24,2,[1 6],25,51,53,26,47
1,<environment.Job instance at 0x7f10c7890550>,25,3,[5 7],26,53,56,27,47
1,<environment.Job instance at 0x7f10c78905f0>,26,13,[5 1],27,74,87,47,58
1,<environment.Job instance at 0x7f10c7890690>,27,15,[1 9],28,62,77,34,62
1,<environment.Job instance at 0x7f10c78901e0>,22,17,[9 5],23,76,93,53,64
1,<environment.Job instance at 0x7f10c78bb9b0>,14,13,[2 9],15,87,100,72,72
1,<environment.Job instance at 0x7f10c78b7050>,42,17,[7 2],43,93,110,50,88
1,<environment.Job instance at 0x7f10c78903c0>,21,17,[4 8],22,100,117,78,88
1,<environment.Job instance at 0x7f10c78b7230>,44,13,[2 8],45,117,130,72,101
1,<environment.Job instance at 0x7f10c78b74b0>,45,17,[6 3],46,110,127,64,101
1,<environment.Job instance at 0x7f10c78b7320>,46,12,[ 4 10],47,130,142,83,113
1,<environment.Job instance at 0x7f10c78b76e0>,47,14,[9 4],48,127,141,79,113
1,<environment.Job instance at 0x7f10c78b70f0>,43,14,[7 2],44,141,155,97,126
1,<environment.Job instance at 0x7f10c78b75f0>,48,18,[8 3],49,142,160,93,131
1,<environment.Job instance at 0x7f10c78b7910>,50,1,[5 9],51,155,156,104,131
1,<environment.Job instance at 0x7f10c78b79b0>,51,1,[2 5],52,156,157,104,131
1,<environment.Job instance at 0x7feb927c7230>,0,13,[9 3],1,1,14,0,1
1,<environment.Job instance at 0x7feb927c7320>,2,22,[4 8],3,3,25,0,3
1,<environment.Job instance at 0x7feb8904f4b0>,3,3,[4 8],4,25,28,21,4
1,<environment.Job instance at 0x7feb8904f690>,4,14,[1 6],5,14,28,9,5
1,<environment.Job instance at 0x7feb8904f780>,5,2,[1 5],6,28,30,22,6
1,<environment.Job instance at 0x7feb8904f870>,6,20,[6 1],7,14,34,7,7
1,<environment.Job instance at 0x7feb8904f960>,7,1,[5 4],8,28,29,20,8
1,<environment.Job instance at 0x7feb8904f640>,11,15,[4 8],12,29,44,17,15
1,<environment.Job instance at 0x7feb8904fb40>,10,12,[3 7],11,34,46,23,17
1,<environment.Job instance at 0x7feb8904ff00>,14,13,[7 3],15,44,57,29,28
1,<environment.Job instance at 0x7feb8904fe60>,13,18,[ 4 10],14,46,64,32,35
1,<environment.Job instance at 0x7feb8904ff50>,16,16,[3 5],17,57,73,40,44
1,<environment.Job instance at 0x7feb890510f0>,19,14,[3 5],20,64,78,44,49
1,<environment.Job instance at 0x7feb890515a0>,24,18,[2 6],25,73,91,48,62
1,<environment.Job instance at 0x7feb89051640>,25,12,[ 5 10],26,91,103,65,74
1,<environment.Job instance at 0x7feb89051780>,27,15,[8 4],28,74,89,46,74
1,<environment.Job instance at 0x7feb89051870>,29,12,[5 4],30,78,90,48,74
1,<environment.Job instance at 0x7feb89051a50>,30,14,[5 2],31,89,103,58,74
1,<environment.Job instance at 0x7feb89051af0>,31,14,[2 5],32,103,117,71,88
1,<environment.Job instance at 0x7feb89051c30>,33,14,[5 5],34,103,117,69,88
1,<environment.Job instance at 0x7feb89051910>,35,15,[9 5],36,117,132,81,103
1,<environment.Job instance at 0x7feb890511e0>,37,2,[2 6],38,117,119,79,104
1,<environment.Job instance at 0x7feb89055050>,40,15,[10  3],41,132,147,91,118
1,<environment.Job instance at 0x7feb89055280>,43,18,[5 5],44,119,137,75,118
1,<environment.Job instance at 0x7feb89055460>,44,3,[5 5],45,137,140,92,118
1,<environment.Job instance at 0x7feb89055370>,45,13,[6 5],46,147,160,101,131
1,<environment.Job instance at 0x7feb89055730>,48,15,[10  1],49,160,175,111,146
1,<environment.Job instance at 0x7feb89055910>,49,16,[2 5],50,146,162,96,146
1,<environment.Job instance at 0x7feb8919c640>,0,2,[3 8],1,1,3,0,1
1,<environment.Job instance at 0x7feb89055a50>,2,14,[1 8],3,3,17,0,3
1,<environment.Job instance at 0x7feb8919caf0>,3,3,[1 9],4,17,20,13,4
1,<environment.Job instance at 0x7feb8919c230>,4,14,[8 4],5,5,19,0,5
1,<environment.Job instance at 0x7feb8919c6e0>,7,3,[4 5],8,19,22,11,8
1,<environment.Job instance at 0x7feb8919c910>,8,14,[9 5],9,20,34,11,9
1,<environment.Job instance at 0x7feb89816a50>,9,2,[4 9],10,22,24,12,10
1,<environment.Job instance at 0x7feb89816320>,11,15,[1 7],12,24,39,12,12
1,<environment.Job instance at 0x7feb89816690>,12,3,[3 7],13,34,37,21,13
1,<environment.Job instance at 0x7feb89816aa0>,13,15,[5 2],14,37,52,23,23
1,<environment.Job instance at 0x7feb89816190>,17,2,[10  2],18,39,41,21,24
1,<environment.Job instance at 0x7feb88a642d0>,20,2,[9 5],21,37,39,16,24
1,<environment.Job instance at 0x7feb88aefc80>,21,2,[5 5],22,41,43,19,24
1,<environment.Job instance at 0x7feb88aef6e0>,22,1,[6 4],23,43,44,20,24
1,<environment.Job instance at 0x7feb88bd3500>,19,14,[3 6],20,41,55,21,28
1,<environment.Job instance at 0x7feb88c60320>,18,19,[6 4],19,44,63,25,34
1,<environment.Job instance at 0x7feb88add460>,25,16,[ 2 10],26,55,71,29,42
1,<environment.Job instance at 0x7feb88777eb0>,26,2,[11  5],27,63,65,36,42
1,<environment.Job instance at 0x7feb89055aa0>,1,15,[10  4],2,65,80,63,53
1,<environment.Job instance at 0x7feb88aaf4b0>,28,3,[14  4],29,80,83,51,54
1,<environment.Job instance at 0x7feb887790f0>,29,14,[2 6],30,83,97,53,68
1,<environment.Job instance at 0x7feb88779cd0>,30,1,[5 8],31,71,72,40,68
1,<environment.Job instance at 0x7feb88779550>,31,13,[8 5],32,83,96,51,68
1,<environment.Job instance at 0x7feb88b4db90>,32,14,[2 9],33,96,110,63,81
1,<environment.Job instance at 0x7feb88b4daa0>,33,2,[7 3],34,97,99,63,81
1,<environment.Job instance at 0x7feb887085a0>,34,3,[4 6],35,99,102,64,81
1,<environment.Job instance at 0x7feb88867aa0>,35,2,[5 2],36,83,85,47,81
1,<environment.Job instance at 0x7feb88b21aa0>,36,1,[5 9],37,110,111,73,82
1,<environment.Job instance at 0x7feb88b099b0>,37,1,[2 9],38,111,112,73,83
1,<environment.Job instance at 0x7feb8871c5a0>,23,18,[6 5],24,102,120,78,91
1,<environment.Job instance at 0x7feb88b097d0>,39,12,[9 3],40,112,124,72,97
1,<environment.Job instance at 0x7feb88a5faa0>,24,19,[6 1],25,120,139,95,110
1,<environment.Job instance at 0x7feb88b060f0>,41,17,[10  2],42,139,156,97,127
1,<environment.Job instance at 0x7feb88aaff50>,27,21,[ 3 10],28,127,148,99,127
1,<environment.Job instance at 0x7feb88b06910>,45,1,[6 2],46,127,128,81,127
1,<environment.Job instance at 0x7feb88afca50>,46,14,[5 5],47,148,162,101,133
1,<environment.Job instance at 0x7feb88afc2d0>,47,1,[9 1],48,156,157,108,133
1,<environment.Job instance at 0x7feb88aeceb0>,48,12,[14  4],49,162,174,113,145
1,<environment.Job instance at 0x7feb88aecf00>,49,2,[9 4],50,157,159,107,145
1,<environment.Job instance at 0x7feb890570f0>,1,3,[4 5],2,2,5,0,2
1,<environment.Job instance at 0x7feb888932d0>,3,2,[5 1],4,4,6,0,4
1,<environment.Job instance at 0x7feb88893960>,4,17,[9 4],5,5,22,0,5
1,<environment.Job instance at 0x7feb88893910>,5,13,[6 4],6,6,19,0,6
1,<environment.Job instance at 0x7feb888930f0>,6,2,[5 5],7,19,21,12,7
1,<environment.Job instance at 0x7feb88893730>,7,13,[1 9],8,21,34,13,8
1,<environment.Job instance at 0x7feb88893e60>,0,15,[8 2],1,22,37,21,8
1,<environment.Job instance at 0x7feb88958b40>,14,15,[5 1],15,21,36,6,17
1,<environment.Job instance at 0x7feb88958aa0>,15,3,[5 2],16,36,39,20,17
1,<environment.Job instance at 0x7feb88958500>,16,3,[ 5 10],17,37,40,20,17
1,<environment.Job instance at 0x7feb889585a0>,17,1,[8 5],18,39,40,21,18
1,<environment.Job instance at 0x7feb888a9f50>,18,2,[2 6],19,34,36,15,19
1,<environment.Job instance at 0x7feb88958960>,9,15,[ 5 10],10,40,55,30,26
1,<environment.Job instance at 0x7feb888a9c30>,20,12,[9 2],21,40,52,19,26
1,<environment.Job instance at 0x7feb888a9140>,21,2,[1 7],22,55,57,33,28
1,<environment.Job instance at 0x7feb888a91e0>,22,3,[ 3 11],23,57,60,34,31
1,<environment.Job instance at 0x7feb888a9a00>,23,3,[2 5],24,52,55,28,31
1,<environment.Job instance at 0x7feb888a9780>,24,12,[5 9],25,60,72,35,43
1,<environment.Job instance at 0x7feb888a9050>,25,12,[2 6],26,60,72,34,43
1,<environment.Job instance at 0x7feb888a9cd0>,26,15,[2 7],27,72,87,45,60
1,<environment.Job instance at 0x7feb888a9a50>,27,1,[9 3],28,72,73,44,60
1,<environment.Job instance at 0x7feb888a9870>,28,15,[7 5],29,73,88,44,62
1,<environment.Job instance at 0x7feb888a99b0>,29,15,[ 3 10],30,87,102,57,76
1,<environment.Job instance at 0x7feb88958190>,13,20,[2 6],14,102,122,88,93
1,<environment.Job instance at 0x7feb888935a0>,8,17,[3 6],9,102,119,93,93
1,<environment.Job instance at 0x7feb887760a0>,32,3,[7 1],33,93,96,60,93
1,<environment.Job instance at 0x7feb888a9500>,30,24,[2 8],31,119,143,88,114
1,<environment.Job instance at 0x7feb887760f0>,37,1,[4 5],38,122,123,84,114
1,<environment.Job instance at 0x7feb88776c80>,38,1,[2 9],39,143,144,104,115
1,<environment.Job instance at 0x7feb88776910>,39,13,[4 6],40,123,136,83,115
1,<environment.Job instance at 0x7feb88776870>,40,15,[7 1],41,115,130,74,115
1,<environment.Job instance at 0x7feb88958820>,11,14,[8 2],12,136,150,124,121
1,<environment.Job instance at 0x7feb88776d70>,42,13,[1 6],43,144,157,101,128
1,<environment.Job instance at 0x7feb88e16d70>,43,3,[3 5],44,136,139,92,128
1,<environment.Job instance at 0x7feb889354b0>,44,14,[1 5],45,144,158,99,132
1,<environment.Job instance at 0x7feb88776fa0>,41,17,[10  3],42,150,167,108,140
1,<environment.Job instance at 0x7feb88cdce60>,46,1,[2 6],47,157,158,110,140
1,<environment.Job instance at 0x7feb89248500>,47,15,[ 3 12],48,158,173,110,144
1,<environment.Job instance at 0x7feb88dfc730>,48,2,[5 7],49,173,175,124,146
1,<environment.Job instance at 0x7feb89494230>,0,1,[5 1],1,1,2,0,1
1,<environment.Job instance at 0x7feb88a69a50>,1,3,[9 3],2,2,5,0,2
1,<environment.Job instance at 0x7feb88d1a550>,2,3,[ 4 10],3,3,6,0,3
1,<environment.Job instance at 0x7feb88d1a500>,3,3,[8 4],4,5,8,1,4
1,<environment.Job instance at 0x7feb88d1af00>,4,3,[6 1],5,6,9,1,5
1,<environment.Job instance at 0x7feb88d1ad70>,5,14,[ 5 12],6,8,22,2,6
1,<environment.Job instance at 0x7feb887e8780>,8,17,[7 4],9,22,39,13,10
1,<environment.Job instance at 0x7feb88a8baa0>,10,12,[8 5],11,22,34,11,11
1,<environment.Job instance at 0x7feb887799b0>,13,2,[9 1],14,14,16,0,14
1,<environment.Job instance at 0x7feb89001320>,14,2,[1 8],15,34,36,19,15
1,<environment.Job instance at 0x7feb88a8bd70>,12,18,[6 3],13,34,52,21,23
1,<environment.Job instance at 0x7feb887a2910>,20,15,[7 5],21,39,54,18,25
1,<environment.Job instance at 0x7feb894de5a0>,24,17,[8 5],25,52,69,27,40
1,<environment.Job instance at 0x7feb88b61aa0>,30,19,[6 3],31,54,73,23,44
1,<environment.Job instance at 0x7feb88b61730>,31,13,[5 5],32,69,82,37,53
1,<environment.Job instance at 0x7feb926d8be0>,33,12,[1 8],34,73,85,39,56
1,<environment.Job instance at 0x7feb88cca910>,34,16,[10  3],35,82,98,47,69
1,<environment.Job instance at 0x7feb886cc370>,37,13,[6 4],38,98,111,60,82
1,<environment.Job instance at 0x7feb88d1a4b0>,6,18,[4 6],7,85,103,78,85
1,<environment.Job instance at 0x7feb8958f960>,39,1,[10  3],40,111,112,71,85
1,<environment.Job instance at 0x7feb8958fe60>,40,19,[1 5],41,85,104,44,85
1,<environment.Job instance at 0x7feb88c4dd70>,41,18,[2 9],42,104,122,62,96
1,<environment.Job instance at 0x7feb88777230>,15,16,[6 3],16,112,128,96,99
1,<environment.Job instance at 0x7feb88701820>,44,2,[7 5],45,122,124,77,99
1,<environment.Job instance at 0x7feb88c4dc30>,45,2,[14  5],46,128,130,82,101
1,<environment.Job instance at 0x7feb88701c80>,46,3,[2 7],47,122,125,75,101
1,<environment.Job instance at 0x7feb88701280>,47,18,[5 1],48,130,148,82,119
1,<environment.Job instance at 0x7feb88701b90>,48,3,[5 8],49,125,128,76,119
1,<environment.Job instance at 0x7feb88c4d370>,42,18,[10  4],43,130,148,87,119
1,<environment.Job instance at 0x7feb886c09b0>,51,13,[5 3],52,148,161,96,132
1,<environment.Job instance at 0x7feb88c4dcd0>,43,13,[6 5],44,148,161,104,133
1,<environment.Job instance at 0x7feb886c0d20>,52,15,[5 1],53,161,176,108,147
1,<environment.Job instance at 0x7feb886c0e10>,54,12,[6 4],55,161,173,106,147
1,<environment.Job instance at 0x7feb886c0500>,55,21,[2 5],56,148,169,92,147
1,<environment.Job instance at 0x7feb89461550>,0,3,[9 5],1,1,4,0,1
1,<environment.Job instance at 0x7feb894613c0>,1,13,[1 7],2,2,15,0,2
1,<environment.Job instance at 0x7feb894618c0>,2,13,[4 8],3,4,17,1,3
1,<environment.Job instance at 0x7feb89461a00>,4,2,[4 6],5,15,17,10,5
1,<environment.Job instance at 0x7feb89448b90>,5,3,[8 5],6,17,20,11,6
1,<environment.Job instance at 0x7feb89448910>,6,12,[7 1],7,15,27,8,7
1,<environment.Job instance at 0x7feb8947e7d0>,9,3,[5 1],10,20,23,10,10
1,<environment.Job instance at 0x7feb8947ed20>,10,14,[6 4],11,23,37,12,11
1,<environment.Job instance at 0x7feb8947ecd0>,11,1,[10  4],12,37,38,25,13
1,<environment.Job instance at 0x7feb89461d20>,3,1,[6 2],4,27,28,23,14
1,<environment.Job instance at 0x7feb8947e0f0>,13,3,[6 2],14,28,31,14,14
1,<environment.Job instance at 0x7feb88ed81e0>,18,17,[5 5],19,31,48,12,19
1,<environment.Job instance at 0x7feb88ed8f00>,22,13,[1 5],23,23,36,0,23
1,<environment.Job instance at 0x7feb88ed87d0>,19,14,[3 7],20,38,52,18,25
1,<environment.Job instance at 0x7feb88ed80a0>,24,2,[10  3],25,48,50,23,25
1,<environment.Job instance at 0x7feb88ed86e0>,21,3,[5 5],22,50,53,28,25
1,<environment.Job instance at 0x7feb885f7c30>,25,3,[5 5],26,52,55,26,26
1,<environment.Job instance at 0x7feb8860d050>,26,2,[3 9],27,53,55,26,27
1,<environment.Job instance at 0x7feb8860dbe0>,27,2,[7 2],28,38,40,10,28
1,<environment.Job instance at 0x7feb8860d500>,28,3,[10  4],29,55,58,26,29
1,<environment.Job instance at 0x7feb8860df00>,29,1,[ 2 10],30,55,56,25,30
1,<environment.Job instance at 0x7feb88657aa0>,31,2,[5 1],32,40,42,8,33
1,<environment.Job instance at 0x7feb88ed83c0>,20,15,[9 4],21,58,73,37,44
1,<environment.Job instance at 0x7feb8860dc30>,32,14,[6 5],33,58,72,25,50
1,<environment.Job instance at 0x7feb89b6ed20>,34,15,[10  3],35,73,88,38,59
1,<environment.Job instance at 0x7feb88e5f4b0>,36,21,[6 5],37,88,109,51,80
1,<environment.Job instance at 0x7feb8868dbe0>,37,13,[9 4],38,88,101,50,80
1,<environment.Job instance at 0x7feb8862cd70>,39,17,[5 9],40,101,118,61,89
1,<environment.Job instance at 0x7feb886a2280>,40,15,[4 5],41,109,124,68,95
1,<environment.Job instance at 0x7feb8864ea50>,42,21,[1 6],43,118,139,75,110
1,<environment.Job instance at 0x7feb8864ebe0>,43,17,[8 5],44,124,141,80,112
1,<environment.Job instance at 0x7feb88640f50>,45,16,[4 5],46,139,155,93,126
1,<environment.Job instance at 0x7feb886734b0>,48,16,[ 5 10],49,141,157,92,128
1,<environment.Job instance at 0x7feb88631f00>,49,18,[7 3],50,155,173,105,144
1,<environment.Job instance at 0x7feb894b3640>,0,15,[ 4 10],1,1,16,0,1
1,<environment.Job instance at 0x7feb88640410>,1,1,[9 5],2,3,4,1,3
1,<environment.Job instance at 0x7feb88631f00>,2,2,[ 2 10],3,16,18,13,3
1,<environment.Job instance at 0x7feb894b3f00>,4,2,[4 6],5,18,20,13,5
1,<environment.Job instance at 0x7feb88ebf910>,5,2,[10  5],6,6,8,0,6
1,<environment.Job instance at 0x7feb88ebf5a0>,6,1,[5 7],7,18,19,11,7
1,<environment.Job instance at 0x7feb88ebfbe0>,7,2,[ 4 14],8,20,22,12,8
1,<environment.Job instance at 0x7feb88ebf190>,8,14,[1 7],9,22,36,13,9
1,<environment.Job instance at 0x7feb88ebff00>,9,17,[9 4],10,22,39,12,10
1,<environment.Job instance at 0x7feb88ebf0a0>,10,1,[5 4],11,11,12,0,11
1,<environment.Job instance at 0x7feb88ebf5f0>,15,13,[1 5],16,36,49,20,20
1,<environment.Job instance at 0x7feb88ebf500>,18,14,[8 3],19,39,53,20,24
1,<environment.Job instance at 0x7feb88ebfd20>,19,14,[9 5],20,53,67,33,38
1,<environment.Job instance at 0x7feb88ebf370>,21,13,[5 8],22,49,62,27,38
1,<environment.Job instance at 0x7feb894c4d20>,22,18,[9 4],23,67,85,44,56
1,<environment.Job instance at 0x7feb894c4b40>,23,18,[ 4 10],24,62,80,38,61
1,<environment.Job instance at 0x7feb894c42d0>,26,12,[6 3],27,80,92,53,63
1,<environment.Job instance at 0x7feb894c4050>,27,15,[ 5 10],28,85,100,57,71
1,<environment.Job instance at 0x7feb894c46e0>,28,17,[5 7],29,100,117,71,88
1,<environment.Job instance at 0x7feb88ebf690>,13,15,[10  4],14,92,107,78,92
1,<environment.Job instance at 0x7feb894c4500>,32,3,[5 2],33,107,110,74,92
1,<environment.Job instance at 0x7feb894c4870>,33,2,[2 5],34,107,109,73,92
1,<environment.Job instance at 0x7feb894c4910>,31,16,[ 4 10],32,117,133,85,104
1,<environment.Job instance at 0x7feb894c4140>,35,16,[4 6],36,133,149,97,120
1,<environment.Job instance at 0x7feb894c4780>,36,18,[9 4],37,120,138,83,120
1,<environment.Job instance at 0x7feb894c4eb0>,39,16,[2 8],40,138,154,98,125
1,<environment.Job instance at 0x7feb88ed5a00>,41,13,[2 8],42,154,167,112,138
1,<environment.Job instance at 0x7feb88ed5910>,42,18,[5 1],43,138,156,95,138
1,<environment.Job instance at 0x7feb92173410>,0,1,[8 1],1,1,2,0,1
1,<environment.Job instance at 0x7feb92173500>,2,17,[1 9],3,3,20,0,3
1,<environment.Job instance at 0x7feb92173370>,3,14,[5 5],4,4,18,0,4
1,<environment.Job instance at 0x7feb92173640>,6,13,[3 7],7,20,33,13,7
1,<environment.Job instance at 0x7feb921735a0>,7,16,[5 8],8,20,36,12,9
1,<environment.Job instance at 0x7feb921cfeb0>,9,3,[10  2],10,33,36,23,11
1,<environment.Job instance at 0x7feb92217e60>,12,3,[10  5],13,36,39,23,13
1,<environment.Job instance at 0x7feb92217d20>,13,15,[4 9],14,36,51,22,22
1,<environment.Job instance at 0x7feb921cf550>,14,14,[10  4],15,39,53,24,24
1,<environment.Job instance at 0x7feb92217370>,15,12,[ 3 10],16,51,63,35,34
1,<environment.Job instance at 0x7feb92217500>,16,12,[9 4],17,53,65,36,36
1,<environment.Job instance at 0x7feb92217a00>,17,2,[3 7],18,63,65,45,36
1,<environment.Job instance at 0x7feb92217fa0>,18,12,[10  1],19,65,77,46,48
1,<environment.Job instance at 0x7feb92217550>,19,21,[1 7],20,65,86,45,57
1,<environment.Job instance at 0x7feb921739b0>,1,18,[3 7],2,65,83,63,60
1,<environment.Job instance at 0x7feb92217f00>,20,16,[9 2],21,83,99,62,70
1,<environment.Job instance at 0x7feb92217e10>,21,2,[5 5],22,83,85,61,70
1,<environment.Job instance at 0x7feb89b3c9b0>,24,1,[10  4],25,99,100,74,71
1,<environment.Job instance at 0x7feb89b3c7d0>,25,12,[5 9],26,86,98,60,71
1,<environment.Job instance at 0x7feb92217910>,23,2,[8 4],24,100,102,76,77
1,<environment.Job instance at 0x7feb89b3ceb0>,27,17,[8 2],28,102,119,74,90
1,<environment.Job instance at 0x7feb89a16730>,28,17,[1 6],29,98,115,69,90
1,<environment.Job instance at 0x7feb89b3c370>,26,12,[6 4],27,100,112,73,97
1,<environment.Job instance at 0x7feb89a16820>,29,17,[9 2],30,119,136,89,107
1,<environment.Job instance at 0x7feb899b16e0>,32,15,[2 9],33,115,130,82,108
1,<environment.Job instance at 0x7feb899b12d0>,33,2,[1 7],34,112,114,78,109
1,<environment.Job instance at 0x7feb89a161e0>,30,2,[8 1],31,136,138,105,109
1,<environment.Job instance at 0x7feb921d5f00>,37,16,[3 5],38,130,146,92,117
1,<environment.Job instance at 0x7feb8905b4b0>,39,3,[2 6],40,130,133,90,117
1,<environment.Job instance at 0x7feb8905b550>,40,13,[6 4],41,138,151,97,122
1,<environment.Job instance at 0x7feb8905b370>,43,18,[ 2 10],44,146,164,102,135
1,<environment.Job instance at 0x7feb8905b960>,44,17,[8 3],45,151,168,106,139
1,<environment.Job instance at 0x7feb88e83be0>,0,18,[5 4],1,1,19,0,1
1,<environment.Job instance at 0x7feb88e83b40>,1,1,[4 7],2,3,4,1,3
1,<environment.Job instance at 0x7feb8905bd20>,2,19,[6 2],3,3,22,0,3
1,<environment.Job instance at 0x7feb896c3910>,3,3,[1 8],4,5,8,1,5
1,<environment.Job instance at 0x7feb88adbe10>,4,1,[1 7],5,8,9,3,5
1,<environment.Job instance at 0x7feb88adb410>,5,3,[14  4],6,22,25,16,7
1,<environment.Job instance at 0x7feb88adbaa0>,9,13,[7 2],10,25,38,15,10
1,<environment.Job instance at 0x7feb88ab07d0>,10,14,[2 6],11,25,39,14,12
1,<environment.Job instance at 0x7feb88ab0b90>,12,2,[6 3],13,19,21,6,13
1,<environment.Job instance at 0x7feb88adbb90>,11,2,[11  4],12,38,40,26,15
1,<environment.Job instance at 0x7feb88ab0cd0>,15,3,[3 9],16,16,19,0,16
1,<environment.Job instance at 0x7feb88ab0d70>,13,16,[3 8],14,39,55,25,26
1,<environment.Job instance at 0x7feb88ab05a0>,17,18,[5 5],18,40,58,22,29
1,<environment.Job instance at 0x7feb88ad50f0>,19,3,[2 9],20,55,58,35,29
1,<environment.Job instance at 0x7feb88ad51e0>,20,3,[9 2],21,58,61,37,32
1,<environment.Job instance at 0x7feb88ad5cd0>,21,3,[2 9],22,58,61,36,32
1,<environment.Job instance at 0x7feb88ad5d70>,22,3,[10  3],23,61,64,38,35
1,<environment.Job instance at 0x7feb88ad5730>,23,18,[4 5],24,61,79,37,50
1,<environment.Job instance at 0x7feb8901deb0>,24,15,[3 5],25,64,79,39,50
1,<environment.Job instance at 0x7feb88ad5a50>,25,18,[5 8],26,79,97,53,68
1,<environment.Job instance at 0x7feb89bbd8c0>,26,18,[3 9],27,97,115,70,86
1,<environment.Job instance at 0x7feb89ba65f0>,31,16,[6 5],32,86,102,54,86
1,<environment.Job instance at 0x7feb89ba4f50>,34,22,[5 8],35,115,137,80,108
1,<environment.Job instance at 0x7feb89087320>,35,16,[6 5],36,108,124,72,108
1,<environment.Job instance at 0x7feb88ac9cd0>,36,12,[ 1 10],37,137,149,100,120
1,<environment.Job instance at 0x7feb88ac9690>,37,18,[9 4],38,124,142,86,120
1,<environment.Job instance at 0x7feb89017410>,38,15,[1 8],39,149,164,110,135
1,<environment.Job instance at 0x7feb89bc1230>,39,3,[4 5],40,142,145,102,135
1,<environment.Job instance at 0x7feb89017230>,40,15,[5 1],41,145,160,104,135
1,<environment.Job instance at 0x7feb8907d4b0>,41,13,[5 2],42,145,158,103,135
1,<environment.Job instance at 0x7feb8900fd20>,48,14,[7 2],49,158,172,109,143
1,<environment.Job instance at 0x7feb88a37f00>,0,2,[2 6],1,1,3,0,1
1,<environment.Job instance at 0x7feb8900f960>,1,2,[7 1],2,2,4,0,2
1,<environment.Job instance at 0x7feb88a370a0>,2,3,[6 1],3,3,6,0,3
1,<environment.Job instance at 0x7feb8900fd20>,4,22,[1 8],5,5,27,0,5
1,<environment.Job instance at 0x7feb88a37cd0>,6,1,[6 4],7,9,10,2,9
1,<environment.Job instance at 0x7feb88a37e10>,8,13,[14  3],9,10,23,1,10
1,<environment.Job instance at 0x7feb88a37960>,9,17,[9 1],10,23,40,13,11
1,<environment.Job instance at 0x7feb88a37c80>,7,2,[3 8],8,27,29,19,11
1,<environment.Job instance at 0x7feb88a371e0>,11,3,[1 8],12,29,32,17,12
1,<environment.Job instance at 0x7feb88a41640>,14,15,[5 3],15,29,44,14,17
1,<environment.Job instance at 0x7feb88a415a0>,15,15,[8 3],16,40,55,24,26
1,<environment.Job instance at 0x7feb88a41f00>,17,12,[9 2],18,55,67,37,38
1,<environment.Job instance at 0x7feb88a41460>,20,13,[10  5],21,67,80,46,51
1,<environment.Job instance at 0x7feb88a41320>,21,12,[8 2],22,80,92,58,63
1,<environment.Job instance at 0x7feb88a41410>,22,22,[5 3],23,63,85,40,63
1,<environment.Job instance at 0x7feb88a45780>,24,15,[4 7],25,85,100,60,71
1,<environment.Job instance at 0x7feb88a452d0>,30,12,[ 5 10],31,100,112,69,83
1,<environment.Job instance at 0x7feb88a450f0>,31,16,[4 9],32,112,128,80,99
1,<environment.Job instance at 0x7feb88a45140>,32,15,[1 6],33,112,127,79,99
1,<environment.Job instance at 0x7feb88a45550>,34,13,[1 9],35,128,141,93,112
1,<environment.Job instance at 0x7feb88a45eb0>,35,12,[5 2],36,127,139,91,112
1,<environment.Job instance at 0x7feb88a45dc0>,36,18,[7 1],37,128,146,91,117
1,<environment.Job instance at 0x7feb88a455f0>,42,13,[1 9],43,141,154,98,125
1,<environment.Job instance at 0x7feb88a58e60>,44,14,[2 7],45,154,168,109,139
1,<environment.Job instance at 0x7feb88a58370>,46,16,[9 3],47,146,162,99,139
1,<environment.Job instance at 0x7feb88a58550>,48,16,[5 1],49,162,178,113,149
1,<environment.Job instance at 0x7feb88a5e9b0>,0,3,[5 7],1,1,4,0,1
1,<environment.Job instance at 0x7feb88a5e230>,1,3,[7 4],2,2,5,0,2
1,<environment.Job instance at 0x7feb88e8bd20>,2,3,[1 5],3,4,7,1,3
1,<environment.Job instance at 0x7feb88e94c80>,3,2,[5 6],4,4,6,0,4
1,<environment.Job instance at 0x7feb88d09910>,4,1,[2 5],5,6,7,1,5
1,<environment.Job instance at 0x7feb8964a320>,5,13,[3 7],6,7,20,1,6
1,<environment.Job instance at 0x7feb88e7a4b0>,6,1,[14  4],7,20,21,13,7
1,<environment.Job instance at 0x7feb88a585f0>,8,1,[1 5],9,9,10,0,9
1,<environment.Job instance at 0x7feb88e7a2d0>,9,13,[4 5],10,21,34,11,10
1,<environment.Job instance at 0x7feb88e7a9b0>,10,17,[5 9],11,21,38,10,11
1,<environment.Job instance at 0x7feb88e7a910>,13,2,[ 3 10],14,38,40,24,15
1,<environment.Job instance at 0x7feb88cb4910>,15,14,[6 1],16,21,35,5,16
1,<environment.Job instance at 0x7feb88cb4e10>,16,16,[3 8],17,40,56,23,27
1,<environment.Job instance at 0x7feb89803050>,18,15,[1 8],19,56,71,37,42
1,<environment.Job instance at 0x7feb88e85e60>,20,13,[7 3],21,42,55,21,42
1,<environment.Job instance at 0x7feb88e85a00>,22,12,[10  2],23,55,67,32,42
1,<environment.Job instance at 0x7feb88e85b40>,24,18,[ 2 10],25,71,89,46,60
1,<environment.Job instance at 0x7feb8872bbe0>,25,14,[8 4],26,67,81,41,60
1,<environment.Job instance at 0x7feb89a0ee60>,27,18,[5 9],28,89,107,61,78
1,<environment.Job instance at 0x7feb88ea89b0>,30,17,[8 2],31,81,98,50,78
1,<environment.Job instance at 0x7feb89a41e60>,31,14,[4 9],32,107,121,75,92
1,<environment.Job instance at 0x7feb88666960>,32,16,[6 2],33,98,114,65,92
1,<environment.Job instance at 0x7feb8870b0f0>,34,15,[2 5],35,114,129,79,100
1,<environment.Job instance at 0x7feb8870b3c0>,35,13,[2 7],36,121,134,85,105
1,<environment.Job instance at 0x7feb8895beb0>,42,13,[3 7],43,129,142,86,113
1,<environment.Job instance at 0x7feb8895bcd0>,43,12,[1 8],44,134,146,90,117
1,<environment.Job instance at 0x7feb88968f50>,44,14,[7 4],45,142,156,97,127
1,<environment.Job instance at 0x7feb88968d70>,45,14,[5 9],46,146,160,100,131
1,<environment.Job instance at 0x7feb88968a00>,46,15,[2 7],47,160,175,113,146
1,<environment.Job instance at 0x7feb88968b40>,47,16,[3 5],48,156,172,108,146
1,<environment.Job instance at 0x7feb89124230>,1,14,[2 7],2,2,16,0,2
1,<environment.Job instance at 0x7feb88968e60>,2,3,[5 1],3,3,6,0,3
1,<environment.Job instance at 0x7feb89358be0>,3,18,[10  5],4,6,24,2,4
1,<environment.Job instance at 0x7feb893585f0>,4,1,[7 2],5,5,6,0,5
1,<environment.Job instance at 0x7feb89358f00>,6,16,[5 2],7,16,32,9,7
1,<environment.Job instance at 0x7feb89358910>,7,1,[6 4],8,24,25,16,8
1,<environment.Job instance at 0x7feb88968b40>,9,14,[3 5],10,24,38,14,12
1,<environment.Job instance at 0x7feb89358dc0>,8,24,[8 3],9,32,56,23,27
1,<environment.Job instance at 0x7feb89358d20>,13,2,[1 5],14,27,29,13,27
1,<environment.Job instance at 0x7feb89358af0>,11,3,[6 5],12,29,32,17,28
1,<environment.Job instance at 0x7feb89358870>,10,3,[ 4 10],11,38,41,27,28
1,<environment.Job instance at 0x7feb89358730>,16,3,[4 5],17,32,35,15,28
1,<environment.Job instance at 0x7feb89358cd0>,17,12,[ 3 10],18,41,53,23,28
1,<environment.Job instance at 0x7feb89358e10>,18,2,[6 4],19,53,55,34,28
1,<environment.Job instance at 0x7feb89358960>,12,15,[ 3 10],13,55,70,42,41
1,<environment.Job instance at 0x7feb89358fa0>,20,22,[1 9],21,70,92,49,63
1,<environment.Job instance at 0x7feb8948e190>,21,1,[5 1],22,63,64,41,63
1,<environment.Job instance at 0x7feb8948eaf0>,23,1,[5 6],24,70,71,46,64
1,<environment.Job instance at 0x7feb8948e870>,24,13,[10  5],25,71,84,46,64
1,<environment.Job instance at 0x7feb8948efa0>,25,14,[10  1],26,84,98,58,70
1,<environment.Job instance at 0x7feb8948e7d0>,26,2,[1 8],27,92,94,65,70
1,<environment.Job instance at 0x7feb8948e1e0>,27,17,[1 7],28,94,111,66,82
1,<environment.Job instance at 0x7feb8948ea00>,29,17,[8 4],30,98,115,68,86
1,<environment.Job instance at 0x7feb8948e0a0>,30,3,[ 4 10],31,111,114,80,86
1,<environment.Job instance at 0x7feb8948ed20>,31,16,[2 6],32,114,130,82,101
1,<environment.Job instance at 0x7feb8948ee10>,32,17,[8 1],33,115,132,82,103
1,<environment.Job instance at 0x7feb8948e230>,34,13,[2 5],35,114,127,79,103
1,<environment.Job instance at 0x7feb8948e8c0>,35,17,[1 8],36,127,144,91,115
1,<environment.Job instance at 0x7feb889f35a0>,37,3,[4 9],38,144,147,106,118
1,<environment.Job instance at 0x7feb889f33c0>,38,14,[1 6],39,130,144,91,118
1,<environment.Job instance at 0x7feb889f3d20>,39,3,[3 5],40,144,147,104,118
1,<environment.Job instance at 0x7feb889f3460>,40,3,[2 6],41,147,150,106,121
1,<environment.Job instance at 0x7feb889f3410>,42,18,[6 4],43,147,165,104,136
1,<environment.Job instance at 0x7feb889f37d0>,43,18,[1 8],44,150,168,106,139
1,<environment.Job instance at 0x7feb884ebcd0>,0,17,[2 8],1,1,18,0,1
1,<environment.Job instance at 0x7feb889f3a50>,1,3,[2 8],2,18,21,16,3
1,<environment.Job instance at 0x7feb889f37d0>,2,12,[10  3],3,3,15,0,3
1,<environment.Job instance at 0x7feb884eb190>,3,13,[5 1],4,15,28,11,4
1,<environment.Job instance at 0x7feb884eb4b0>,5,1,[5 7],6,21,22,15,6
1,<environment.Job instance at 0x7feb884eb5f0>,6,12,[1 9],7,22,34,15,7
1,<environment.Job instance at 0x7feb884eb870>,10,2,[3 9],11,34,36,23,11
1,<environment.Job instance at 0x7feb884560a0>,11,3,[1 7],12,36,39,24,12
1,<environment.Job instance at 0x7feb884eb0f0>,7,18,[7 1],8,22,40,14,13
1,<environment.Job instance at 0x7feb88456dc0>,12,22,[6 2],13,36,58,23,29
1,<environment.Job instance at 0x7feb884565f0>,13,16,[4 9],14,40,56,26,29
1,<environment.Job instance at 0x7feb88456640>,15,1,[9 4],16,56,57,40,29
1,<environment.Job instance at 0x7feb884562d0>,16,3,[ 4 10],17,57,60,40,31
1,<environment.Job instance at 0x7feb88456500>,17,2,[5 8],18,60,62,42,33
1,<environment.Job instance at 0x7feb88456870>,18,12,[ 3 10],19,62,74,43,45
1,<environment.Job instance at 0x7feb88456d20>,19,3,[8 1],20,58,61,38,45
1,<environment.Job instance at 0x7feb88456f50>,20,2,[2 7],21,74,76,53,47
1,<environment.Job instance at 0x7feb88456fa0>,21,12,[1 7],22,74,86,52,57
1,<environment.Job instance at 0x7feb884ebd20>,9,15,[9 3],10,76,91,66,62
1,<environment.Job instance at 0x7feb884eb0a0>,4,16,[6 3],5,86,102,81,73
1,<environment.Job instance at 0x7feb884565a0>,24,2,[ 4 10],25,91,93,66,73
1,<environment.Job instance at 0x7feb88456820>,22,17,[1 6],23,93,110,70,83
1,<environment.Job instance at 0x7feb88456b90>,26,1,[3 5],27,83,84,56,83
1,<environment.Job instance at 0x7feb8848e7d0>,27,3,[5 5],28,93,96,65,83
1,<environment.Job instance at 0x7feb8848e730>,28,1,[5 1],29,84,85,55,83
1,<environment.Job instance at 0x7feb8848ee10>,29,1,[9 1],30,102,103,72,83
1,<environment.Job instance at 0x7feb884ebe60>,8,16,[10  3],9,103,119,94,91
1,<environment.Job instance at 0x7feb88456230>,25,15,[ 5 11],26,110,125,84,96
1,<environment.Job instance at 0x7feb8848e780>,38,18,[5 6],39,125,143,86,114
1,<environment.Job instance at 0x7feb8848ed20>,34,20,[5 9],35,125,145,90,116
1,<environment.Job instance at 0x7feb884d1be0>,44,16,[5 6],45,143,159,98,130
1,<environment.Job instance at 0x7feb884d1af0>,45,16,[10  2],46,145,161,99,138
1,<environment.Job instance at 0x7feb884d14b0>,51,2,[10  5],52,161,163,109,138
1,<environment.Job instance at 0x7feb884d1c30>,52,1,[9 4],53,163,164,110,138
1,<environment.Job instance at 0x7feb884d1910>,53,2,[3 6],54,159,161,105,138
1,<environment.Job instance at 0x7feb884d1690>,54,1,[1 7],55,159,160,104,138
1,<environment.Job instance at 0x7feb884d1f00>,55,2,[1 8],56,161,163,105,138
1,<environment.Job instance at 0x7feb89998910>,0,17,[4 8],1,1,18,0,1
1,<environment.Job instance at 0x7feb89998820>,2,17,[ 4 10],3,18,35,15,6
1,<environment.Job instance at 0x7feb89998d70>,6,1,[1 9],7,35,36,28,16
1,<environment.Job instance at 0x7feb89998640>,8,3,[6 2],9,16,19,7,16
1,<environment.Job instance at 0x7feb899982d0>,10,16,[5 4],11,19,35,8,16
1,<environment.Job instance at 0x7feb899984b0>,5,1,[ 3 14],6,36,37,30,18
1,<environment.Job instance at 0x7feb89998b90>,11,18,[5 5],12,37,55,25,26
1,<environment.Job instance at 0x7feb899988c0>,4,1,[ 1 11],5,55,56,50,27
1,<environment.Job instance at 0x7feb890f2690>,16,17,[3 7],17,37,54,20,27
1,<environment.Job instance at 0x7feb89998be0>,12,28,[5 1],13,27,55,14,27
1,<environment.Job instance at 0x7feb890f2870>,20,14,[7 4],21,55,69,34,40
1,<environment.Job instance at 0x7feb890f2eb0>,14,17,[6 1],15,56,73,41,44
1,<environment.Job instance at 0x7feb890f2820>,27,15,[5 1],28,69,84,41,55
1,<environment.Job instance at 0x7feb890f26e0>,29,13,[6 1],30,73,86,43,57
1,<environment.Job instance at 0x7feb890f22d0>,30,12,[ 4 10],31,69,81,38,57
1,<environment.Job instance at 0x7feb890f2e10>,31,17,[6 1],32,84,101,52,72
1,<environment.Job instance at 0x7feb88eb2e10>,32,16,[9 2],33,86,102,53,73
1,<environment.Job instance at 0x7feb88eb2eb0>,33,15,[5 8],34,101,116,67,87
1,<environment.Job instance at 0x7feb891c0050>,43,13,[10  1],44,102,115,58,88
1,<environment.Job instance at 0x7feb891c0eb0>,46,22,[7 4],47,115,137,68,108
1,<environment.Job instance at 0x7feb891c0fa0>,48,18,[5 5],49,116,134,67,108
1,<environment.Job instance at 0x7feb891c0f50>,49,15,[3 6],50,116,131,66,108
1,<environment.Job instance at 0x7feb891c0780>,54,18,[ 2 10],55,134,152,79,123
1,<environment.Job instance at 0x7feb891c0e10>,58,14,[9 3],59,137,151,78,123
1,<environment.Job instance at 0x7feb891c0960>,62,18,[7 2],63,151,169,88,140
1,<environment.Job instance at 0x7feb895da640>,64,16,[5 8],65,152,168,87,140
1,<environment.Job instance at 0x7feb89735550>,0,1,[4 5],1,2,3,1,2
1,<environment.Job instance at 0x7feb896dd730>,1,2,[4 7],2,2,4,0,2
1,<environment.Job instance at 0x7feb895da640>,2,17,[6 3],3,4,21,1,4
1,<environment.Job instance at 0x7feb89735870>,4,2,[5 3],5,5,7,0,5
1,<environment.Job instance at 0x7feb89735820>,5,1,[9 2],6,7,8,1,6
1,<environment.Job instance at 0x7feb89735b90>,6,16,[ 3 11],7,8,24,1,7
1,<environment.Job instance at 0x7feb89780820>,7,2,[4 9],8,24,26,16,11
1,<environment.Job instance at 0x7feb89780280>,9,2,[1 6],10,24,26,14,11
1,<environment.Job instance at 0x7feb89780370>,12,16,[7 1],13,26,42,13,13
1,<environment.Job instance at 0x7feb897802d0>,13,13,[6 5],14,26,39,12,14
1,<environment.Job instance at 0x7feb89780eb0>,15,2,[3 7],16,39,41,23,19
1,<environment.Job instance at 0x7feb89780050>,16,3,[1 5],17,26,29,9,20
1,<environment.Job instance at 0x7feb89486e10>,21,15,[4 9],22,41,56,19,27
1,<environment.Job instance at 0x7feb894864b0>,22,13,[1 8],23,56,69,33,40
1,<environment.Job instance at 0x7feb89486b90>,23,18,[1 8],24,69,87,45,58
1,<environment.Job instance at 0x7feb89486690>,24,17,[3 6],25,58,75,33,58
1,<environment.Job instance at 0x7feb89486fa0>,26,15,[8 5],27,75,90,48,61
1,<environment.Job instance at 0x7feb89780460>,11,12,[10  1],12,61,73,49,61
1,<environment.Job instance at 0x7feb88a3bf00>,29,17,[7 1],30,87,104,57,75
1,<environment.Job instance at 0x7feb89780c80>,18,15,[5 4],19,90,105,71,76
1,<environment.Job instance at 0x7feb88a3bd20>,31,2,[5 3],32,104,106,72,77
1,<environment.Job instance at 0x7feb88a3b050>,32,1,[5 5],33,104,105,71,77
1,<environment.Job instance at 0x7feb88a3b410>,30,16,[10  3],31,105,121,74,92
1,<environment.Job instance at 0x7feb896c5e10>,35,3,[2 6],36,92,95,56,92
1,<environment.Job instance at 0x7feb896c5a00>,36,15,[5 2],37,106,121,69,92
1,<environment.Job instance at 0x7feb896c5c30>,37,3,[6 3],38,121,124,83,95
1,<environment.Job instance at 0x7feb896c50a0>,39,13,[4 9],40,121,134,81,105
1,<environment.Job instance at 0x7feb896c5460>,33,12,[9 4],34,124,136,90,107
1,<environment.Job instance at 0x7feb921cc140>,42,17,[3 8],43,134,151,91,122
1,<environment.Job instance at 0x7feb921cceb0>,43,14,[4 9],44,151,165,107,136
1,<environment.Job instance at 0x7feb88be7320>,48,14,[10  3],49,139,153,90,139
1,<environment.Job instance at 0x7feb88be73c0>,49,18,[8 2],50,153,171,103,142
1,<environment.Job instance at 0x7feb8941f230>,0,1,[6 1],1,1,2,0,1
1,<environment.Job instance at 0x7feb88be7910>,1,15,[5 1],2,2,17,0,2
1,<environment.Job instance at 0x7feb8941f460>,2,1,[1 5],3,3,4,0,3
1,<environment.Job instance at 0x7feb8941f870>,3,1,[7 1],4,4,5,0,4
1,<environment.Job instance at 0x7feb8941f5a0>,4,12,[ 4 13],5,5,17,0,5
1,<environment.Job instance at 0x7feb8941f320>,5,17,[4 6],6,17,34,11,6
1,<environment.Job instance at 0x7feb8941f0a0>,6,15,[10  5],7,17,32,10,7
1,<environment.Job instance at 0x7feb8941f500>,7,1,[3 6],8,32,33,24,8
1,<environment.Job instance at 0x7feb8941fd20>,8,2,[7 1],9,32,34,23,9
1,<environment.Job instance at 0x7feb8941fe60>,9,2,[5 1],10,10,12,0,10
1,<environment.Job instance at 0x7feb884aab40>,10,2,[ 2 12],11,34,36,23,11
1,<environment.Job instance at 0x7feb884aaa50>,13,14,[5 4],14,36,50,22,21
1,<environment.Job instance at 0x7feb884aa910>,16,15,[5 5],17,36,51,19,22
1,<environment.Job instance at 0x7feb884aa820>,15,15,[7 1],16,50,65,34,36
1,<environment.Job instance at 0x7feb884aabe0>,18,12,[3 7],19,50,62,31,37
1,<environment.Job instance at 0x7feb884aa320>,19,2,[10  4],20,65,67,45,38
1,<environment.Job instance at 0x7feb884aaa00>,17,17,[9 4],18,67,84,49,55
1,<environment.Job instance at 0x7feb89813960>,22,16,[2 8],23,62,78,39,55
1,<environment.Job instance at 0x7feb89813910>,23,12,[3 6],24,78,90,54,61
1,<environment.Job instance at 0x7feb89813eb0>,24,14,[7 2],25,84,98,59,69
1,<environment.Job instance at 0x7feb884aa050>,11,13,[ 3 11],12,90,103,78,75
1,<environment.Job instance at 0x7feb89813f50>,27,2,[ 5 12],28,103,105,75,76
1,<environment.Job instance at 0x7feb89813af0>,29,20,[7 2],30,98,118,68,90
1,<environment.Job instance at 0x7feb89813c30>,31,12,[6 3],32,105,117,73,90
1,<environment.Job instance at 0x7feb8973da50>,32,16,[5 3],33,117,133,84,104
1,<environment.Job instance at 0x7feb8973dbe0>,33,15,[9 4],34,118,133,84,104
1,<environment.Job instance at 0x7feb8973d960>,37,12,[ 2 10],38,105,117,67,105
1,<environment.Job instance at 0x7feb8973deb0>,39,12,[7 5],40,133,145,93,116
1,<environment.Job instance at 0x7feb8973d050>,41,14,[ 5 10],42,133,147,91,118
1,<environment.Job instance at 0x7feb8973dd70>,42,17,[5 8],43,147,164,104,135
1,<environment.Job instance at 0x7feb8973d6e0>,43,14,[5 7],44,147,161,103,135
1,<environment.Job instance at 0x7feb886f6d20>,1,16,[4 9],2,2,18,0,2
1,<environment.Job instance at 0x7feb8973db40>,2,15,[9 5],3,3,18,0,3
1,<environment.Job instance at 0x7feb887fcc30>,3,13,[3 7],4,18,31,14,4
1,<environment.Job instance at 0x7feb887fc500>,4,1,[8 1],5,18,19,13,5
1,<environment.Job instance at 0x7feb887fcc80>,5,1,[10  4],6,19,20,13,6
1,<environment.Job instance at 0x7feb887fcd70>,9,2,[7 1],10,20,22,10,10
1,<environment.Job instance at 0x7feb8973d6e0>,7,13,[10  3],8,22,35,14,11
1,<environment.Job instance at 0x7feb887fca00>,13,13,[8 4],14,35,48,21,19
1,<environment.Job instance at 0x7feb887fcb90>,16,15,[7 3],17,35,50,18,21
1,<environment.Job instance at 0x7feb887fcd20>,17,3,[8 4],18,48,51,30,26
1,<environment.Job instance at 0x7feb887fc140>,18,3,[4 6],19,31,34,12,27
1,<environment.Job instance at 0x7feb887fcbe0>,19,15,[ 5 10],20,50,65,30,36
1,<environment.Job instance at 0x7feb88a4daa0>,21,12,[7 5],22,51,63,29,36
1,<environment.Job instance at 0x7feb88a4d370>,24,14,[5 5],25,63,77,38,48
1,<environment.Job instance at 0x7feb88a4d2d0>,26,12,[5 9],27,65,77,38,49
1,<environment.Job instance at 0x7feb887fcfa0>,10,17,[6 4],11,77,94,66,65
1,<environment.Job instance at 0x7feb88a547d0>,31,1,[1 8],32,77,78,45,65
1,<environment.Job instance at 0x7feb88a54a50>,30,18,[3 7],31,78,96,47,67
1,<environment.Job instance at 0x7feb88a548c0>,33,13,[8 4],34,94,107,60,78
1,<environment.Job instance at 0x7feb88a546e0>,37,14,[4 9],38,96,110,58,81
1,<environment.Job instance at 0x7feb88a54320>,38,15,[5 4],39,107,122,68,93
1,<environment.Job instance at 0x7feb88a54e10>,40,17,[10  2],41,110,127,69,100
1,<environment.Job instance at 0x7feb88a54640>,42,18,[1 5],43,122,140,79,111
1,<environment.Job instance at 0x7feb88a54050>,44,22,[7 4],45,127,149,82,120
1,<environment.Job instance at 0x7feb88a54cd0>,45,3,[7 1],46,127,130,81,120
1,<environment.Job instance at 0x7feb88a54730>,46,17,[5 8],47,140,157,93,128
1,<environment.Job instance at 0x7feb88a69a00>,47,16,[5 1],48,149,165,101,136
1,<environment.Job instance at 0x7feb88a69d70>,54,16,[9 5],55,157,173,102,144
1,<environment.Job instance at 0x7feb88bfb460>,0,13,[ 4 10],1,1,14,0,1
1,<environment.Job instance at 0x7feb88a697d0>,1,16,[4 7],2,14,30,12,2
1,<environment.Job instance at 0x7feb88a69550>,3,13,[ 4 10],4,30,43,26,14
1,<environment.Job instance at 0x7feb88821230>,7,12,[6 5],8,14,26,6,14
1,<environment.Job instance at 0x7feb888217d0>,6,3,[9 4],7,26,29,19,16
1,<environment.Job instance at 0x7feb88821730>,9,15,[7 2],10,29,44,19,16
1,<environment.Job instance at 0x7feb88c79fa0>,5,3,[4 8],6,43,46,37,18
1,<environment.Job instance at 0x7feb88619280>,14,15,[3 5],15,43,58,28,32
1,<environment.Job instance at 0x7feb88619b40>,15,3,[8 2],16,44,47,28,32
1,<environment.Job instance at 0x7feb88821870>,8,18,[4 7],9,46,64,37,35
1,<environment.Job instance at 0x7feb88619960>,13,18,[ 4 10],14,64,82,50,53
1,<environment.Job instance at 0x7feb89adb500>,19,13,[4 7],20,82,95,62,66
1,<environment.Job instance at 0x7feb89adb460>,20,15,[1 8],21,82,97,61,68
1,<environment.Job instance at 0x7feb89adbc80>,21,14,[6 4],22,68,82,46,68
1,<environment.Job instance at 0x7feb89adb1e0>,24,17,[3 5],25,95,112,70,83
1,<environment.Job instance at 0x7feb88619aa0>,17,24,[9 4],18,97,121,79,92
1,<environment.Job instance at 0x7feb89adbdc0>,26,3,[9 1],27,121,124,94,95
1,<environment.Job instance at 0x7feb89adb9b0>,27,3,[7 3],28,124,127,96,98
1,<environment.Job instance at 0x7feb89adb3c0>,28,1,[12  1],29,127,128,98,99
1,<environment.Job instance at 0x7feb886191e0>,16,26,[3 5],17,99,125,82,99
1,<environment.Job instance at 0x7feb89adb140>,29,2,[7 2],30,125,127,95,99
1,<environment.Job instance at 0x7feb89adb370>,31,2,[2 5],32,112,114,80,99
1,<environment.Job instance at 0x7feb89adb190>,30,1,[5 5],31,124,125,93,112
1,<environment.Job instance at 0x7feb89adb230>,32,13,[9 5],33,128,141,95,112
1,<environment.Job instance at 0x7feb89adb730>,34,1,[7 2],35,141,142,106,113
1,<environment.Job instance at 0x7feb89adbe60>,35,1,[6 4],36,128,129,92,113
1,<environment.Job instance at 0x7feb890e82d0>,36,1,[6 5],37,129,130,92,113
1,<environment.Job instance at 0x7feb89adbd20>,33,12,[ 3 10],34,130,142,96,113
1,<environment.Job instance at 0x7feb890e86e0>,38,3,[1 5],39,114,117,75,113
1,<environment.Job instance at 0x7feb890e8460>,39,14,[1 5],40,142,156,102,127
1,<environment.Job instance at 0x7feb890e80a0>,40,2,[6 2],41,142,144,101,128
1,<environment.Job instance at 0x7feb89adba00>,25,18,[ 3 10],26,144,162,118,133
1,<environment.Job instance at 0x7feb890e8190>,45,22,[5 4],46,156,178,110,149
1,<environment.Job instance at 0x7feb8911e550>,0,3,[5 6],1,1,4,0,1
1,<environment.Job instance at 0x7feb8911e5f0>,2,17,[4 8],3,3,20,0,3
1,<environment.Job instance at 0x7feb89111c30>,3,18,[8 3],4,4,22,0,4
1,<environment.Job instance at 0x7feb890fedc0>,4,2,[6 2],5,20,22,15,5
1,<environment.Job instance at 0x7feb890fe8c0>,5,15,[2 7],6,22,37,16,8
1,<environment.Job instance at 0x7feb8949cb90>,8,2,[4 8],9,22,24,13,9
1,<environment.Job instance at 0x7feb89785d70>,9,12,[1 7],10,24,36,14,10
1,<environment.Job instance at 0x7feb897859b0>,10,3,[10  5],11,36,39,25,11
1,<environment.Job instance at 0x7feb895d20a0>,11,14,[1 7],12,37,51,25,22
1,<environment.Job instance at 0x7feb89111a00>,6,3,[9 4],7,39,42,32,22
1,<environment.Job instance at 0x7feb895d25f0>,14,13,[1 6],15,42,55,27,26
1,<environment.Job instance at 0x7feb895d2910>,13,18,[2 6],14,51,69,37,40
1,<environment.Job instance at 0x7feb895d2280>,17,18,[3 8],18,55,73,37,44
1,<environment.Job instance at 0x7feb895d2b40>,18,13,[5 2],19,69,82,50,53
1,<environment.Job instance at 0x7feb923fda50>,19,15,[10  3],20,73,88,53,59
1,<environment.Job instance at 0x7feb923fd5f0>,20,3,[1 9],21,82,85,61,59
1,<environment.Job instance at 0x7feb895d21e0>,16,1,[2 8],17,85,86,68,73
1,<environment.Job instance at 0x7feb897455a0>,22,19,[1 5],23,86,105,63,76
1,<environment.Job instance at 0x7feb895d22d0>,21,17,[9 5],22,88,105,66,76
1,<environment.Job instance at 0x7feb89745190>,24,13,[2 5],25,86,99,61,76
1,<environment.Job instance at 0x7feb89254140>,27,12,[1 7],28,105,117,77,88
1,<environment.Job instance at 0x7feb892b0af0>,29,14,[9 3],30,105,119,75,90
1,<environment.Job instance at 0x7feb8949c370>,12,1,[2 9],13,117,118,104,93
1,<environment.Job instance at 0x7feb890fefa0>,7,1,[8 4],8,119,120,111,97
1,<environment.Job instance at 0x7feb895e9780>,30,12,[3 6],31,118,130,87,101
1,<environment.Job instance at 0x7feb89254460>,28,16,[8 1],29,120,136,91,107
1,<environment.Job instance at 0x7feb891cb6e0>,34,15,[5 2],35,130,145,95,116
1,<environment.Job instance at 0x7feb8972b5a0>,35,14,[1 5],36,118,132,82,116
1,<environment.Job instance at 0x7feb895e90f0>,36,2,[10  5],37,136,138,99,116
1,<environment.Job instance at 0x7feb895e9190>,37,12,[6 5],38,138,150,100,121
1,<environment.Job instance at 0x7feb895edf50>,39,16,[ 5 10],40,145,161,105,134
1,<environment.Job instance at 0x7feb895ed500>,41,2,[8 4],42,150,152,108,134
1,<environment.Job instance at 0x7feb895ed4b0>,42,2,[10  2],43,152,154,109,134
1,<environment.Job instance at 0x7feb895ed140>,40,13,[2 9],41,161,174,120,145
1,<environment.Job instance at 0x7feb895ed870>,48,17,[8 1],49,154,171,105,145
1,<environment.Job instance at 0x7feb89398e10>,0,2,[1 7],1,1,3,0,1
1,<environment.Job instance at 0x7feb894660a0>,2,17,[7 2],3,3,20,0,3
1,<environment.Job instance at 0x7feb89398550>,3,14,[7 2],4,4,18,0,4
1,<environment.Job instance at 0x7feb89398eb0>,4,13,[2 8],5,18,31,13,5
1,<environment.Job instance at 0x7feb89398730>,5,17,[6 3],6,18,35,12,8
1,<environment.Job instance at 0x7feb89398a50>,10,1,[5 9],11,31,32,20,11
1,<environment.Job instance at 0x7feb89398c30>,11,1,[2 5],12,32,33,20,12
1,<environment.Job instance at 0x7feb89398820>,9,16,[ 4 10],10,33,49,23,20
1,<environment.Job instance at 0x7feb89398cd0>,14,12,[7 2],15,35,47,20,20
1,<environment.Job instance at 0x7feb88615eb0>,20,16,[5 1],21,47,63,26,34
1,<environment.Job instance at 0x7feb89398be0>,7,14,[9 4],8,49,63,41,37
1,<environment.Job instance at 0x7feb88615e10>,26,19,[4 6],27,63,82,36,53
1,<environment.Job instance at 0x7feb88615050>,27,17,[6 2],28,63,80,35,53
1,<environment.Job instance at 0x7feb88615aa0>,30,3,[9 5],31,80,83,49,54
1,<environment.Job instance at 0x7feb88615c80>,29,21,[ 5 10],30,82,103,52,74
1,<environment.Job instance at 0x7feb886158c0>,33,21,[5 5],34,83,104,49,75
1,<environment.Job instance at 0x7feb89657870>,37,16,[6 5],38,103,119,65,90
1,<environment.Job instance at 0x7feb89657cd0>,38,12,[9 5],39,104,116,65,90
1,<environment.Job instance at 0x7feb88cb9c80>,39,12,[ 5 10],40,116,128,76,99
1,<environment.Job instance at 0x7feb88cb92d0>,40,18,[9 1],41,119,137,78,108
1,<environment.Job instance at 0x7feb88cb9730>,41,12,[7 5],42,137,149,95,120
1,<environment.Job instance at 0x7feb88cb9690>,42,3,[5 5],43,128,131,85,120
1,<environment.Job instance at 0x7feb88cb96e0>,44,14,[3 5],45,131,145,86,120
1,<environment.Job instance at 0x7feb88cb93c0>,45,17,[10  2],46,149,166,103,137
1,<environment.Job instance at 0x7feb88cb9280>,46,16,[ 5 10],47,145,161,98,137
1,<environment.Job instance at 0x7feb88cb9f00>,48,14,[5 1],49,161,175,112,146
1,<environment.Job instance at 0x7feb89396a00>,49,12,[6 2],50,166,178,116,149
1,<environment.Job instance at 0x7feb898271e0>,1,14,[5 8],2,2,16,0,2
1,<environment.Job instance at 0x7feb89396af0>,2,1,[ 1 10],3,16,17,13,3
1,<environment.Job instance at 0x7feb887557d0>,3,17,[3 7],4,17,34,13,5
1,<environment.Job instance at 0x7feb89449eb0>,0,16,[7 5],1,5,21,4,5
1,<environment.Job instance at 0x7feb89396730>,4,3,[5 5],5,21,24,16,5
1,<environment.Job instance at 0x7feb88755aa0>,6,2,[2 7],7,24,26,17,7
1,<environment.Job instance at 0x7feb88755d20>,7,2,[9 3],8,26,28,18,8
1,<environment.Job instance at 0x7feb88755e10>,8,3,[5 6],9,28,31,19,9
1,<environment.Job instance at 0x7feb8874c280>,15,15,[3 5],16,31,46,15,17
1,<environment.Job instance at 0x7feb88755af0>,16,2,[ 3 10],17,34,36,17,19
1,<environment.Job instance at 0x7feb8874c6e0>,20,3,[5 6],21,36,39,15,21
1,<environment.Job instance at 0x7feb8874c5f0>,21,3,[5 9],22,39,42,17,22
1,<environment.Job instance at 0x7feb8874c870>,22,13,[4 8],23,42,55,19,26
1,<environment.Job instance at 0x7feb8874caf0>,25,13,[8 2],26,42,55,16,26
1,<environment.Job instance at 0x7feb8874cd20>,26,13,[4 5],27,55,68,28,39
1,<environment.Job instance at 0x7feb8874ca00>,27,17,[7 5],28,55,72,27,43
1,<environment.Job instance at 0x7feb8874ceb0>,29,15,[3 5],30,46,61,16,43
1,<environment.Job instance at 0x7feb8872e190>,33,19,[5 5],34,68,87,34,58
1,<environment.Job instance at 0x7feb8872e230>,34,16,[1 7],35,72,88,37,59
1,<environment.Job instance at 0x7feb8872e370>,36,14,[2 9],37,88,102,51,73
1,<environment.Job instance at 0x7feb8872e410>,37,13,[4 7],38,102,115,64,86
1,<environment.Job instance at 0x7feb8872e4b0>,38,15,[4 7],39,102,117,63,88
1,<environment.Job instance at 0x7feb8872e640>,39,13,[3 7],40,115,128,75,99
1,<environment.Job instance at 0x7feb8872e6e0>,40,17,[9 5],41,117,134,76,105
1,<environment.Job instance at 0x7feb8872e730>,41,14,[5 4],42,128,142,86,113
1,<environment.Job instance at 0x7feb8872e7d0>,42,12,[1 5],43,128,140,85,113
1,<environment.Job instance at 0x7feb8872e140>,43,20,[1 7],44,140,160,96,131
1,<environment.Job instance at 0x7feb8872eaf0>,44,14,[9 2],45,134,148,89,131
1,<environment.Job instance at 0x7feb8872ecd0>,47,15,[3 7],48,148,163,100,134
1,<environment.Job instance at 0x7feb8872eeb0>,50,14,[6 3],51,160,174,109,145
1,<environment.Job instance at 0x7f65e4ff9230>,0,13,[9 3],1,1,14,0,1
1,<environment.Job instance at 0x7f65e4ff9320>,2,22,[4 8],3,3,25,0,3
1,<environment.Job instance at 0x7f65db8814b0>,3,3,[4 8],4,25,28,21,4
1,<environment.Job instance at 0x7f65db881690>,4,14,[1 6],5,14,28,9,5
1,<environment.Job instance at 0x7f65db881780>,5,2,[1 5],6,28,30,22,6
1,<environment.Job instance at 0x7f65db881870>,6,20,[6 1],7,14,34,7,7
1,<environment.Job instance at 0x7f65db881960>,7,1,[5 4],8,28,29,20,9
1,<environment.Job instance at 0x7f65db881a00>,8,13,[5 5],9,29,42,20,13
1,<environment.Job instance at 0x7f65db881640>,10,12,[3 7],11,30,42,19,14
1,<environment.Job instance at 0x7f65db881eb0>,14,13,[7 3],15,34,47,19,18
1,<environment.Job instance at 0x7f65db881be0>,13,18,[ 4 10],14,42,60,28,31
1,<environment.Job instance at 0x7f65db881a50>,16,16,[3 5],17,47,63,30,34
1,<environment.Job instance at 0x7f65db883140>,17,3,[4 9],18,60,63,42,34
1,<environment.Job instance at 0x7f65db8830f0>,18,3,[4 7],19,63,66,44,37
1,<environment.Job instance at 0x7f65db883230>,19,14,[3 5],20,63,77,43,48
1,<environment.Job instance at 0x7f65db883690>,24,18,[2 6],25,66,84,41,55
1,<environment.Job instance at 0x7f65db883730>,25,12,[ 5 10],26,84,96,58,67
1,<environment.Job instance at 0x7f65db883870>,27,15,[8 4],28,67,82,39,67
1,<environment.Job instance at 0x7f65db8839b0>,29,12,[5 4],30,77,89,47,67
1,<environment.Job instance at 0x7f65db883a50>,30,14,[5 2],31,89,103,58,74
1,<environment.Job instance at 0x7f65db8832d0>,31,14,[2 5],32,96,110,64,81
1,<environment.Job instance at 0x7f65db883c30>,32,3,[5 1],33,82,85,49,81
1,<environment.Job instance at 0x7f65db883320>,33,14,[5 5],34,96,110,62,81
1,<environment.Job instance at 0x7f65db883fa0>,35,15,[9 5],36,110,125,74,96
1,<environment.Job instance at 0x7f65db887370>,40,15,[10  3],41,125,140,84,111
1,<environment.Job instance at 0x7f65db887550>,43,18,[5 5],44,111,129,67,111
1,<environment.Job instance at 0x7f65db8875f0>,44,3,[5 5],45,129,132,84,111
1,<environment.Job instance at 0x7f65db887690>,45,13,[6 5],46,140,153,94,124
1,<environment.Job instance at 0x7f65db887960>,48,15,[10  1],49,153,168,104,139
1,<environment.Job instance at 0x7f65db887a00>,49,16,[2 5],50,139,155,89,139
1,<environment.Job instance at 0x7f65db887af0>,51,3,[1 5],52,139,142,87,139
1,<environment.Job instance at 0x7f65db887c30>,53,17,[5 7],54,155,172,101,143
1,<environment.Job instance at 0x7f65db887eb0>,56,17,[8 5],57,168,185,111,156
1,<environment.Job instance at 0x7f65db346a50>,1,15,[1 7],2,2,17,0,2
1,<environment.Job instance at 0x7f65db346fa0>,0,3,[13  3],1,3,6,2,3
1,<environment.Job instance at 0x7f65dbcc6640>,2,3,[3 7],3,6,9,3,3
1,<environment.Job instance at 0x7f65db887eb0>,3,15,[5 2],4,9,24,5,4
1,<environment.Job instance at 0x7f65dbd24e60>,4,3,[6 4],5,9,12,4,5
1,<environment.Job instance at 0x7f65db346c80>,6,2,[8 1],7,7,9,0,7
1,<environment.Job instance at 0x7f65dbd24fa0>,7,2,[10  2],8,17,19,9,8
1,<environment.Job instance at 0x7f65dbd241e0>,5,13,[ 1 14],6,24,37,18,8
1,<environment.Job instance at 0x7f65dbdc1cd0>,12,1,[6 4],13,14,15,1,14
1,<environment.Job instance at 0x7f65dbdc1910>,14,19,[6 1],15,19,38,4,17
1,<environment.Job instance at 0x7f65dbd24f00>,11,2,[5 5],12,37,39,25,17
1,<environment.Job instance at 0x7f65dbdc1550>,13,18,[6 5],14,38,56,24,27
1,<environment.Job instance at 0x7f65dbdc1730>,16,2,[11  5],17,56,58,39,29
1,<environment.Job instance at 0x7f65dbdc17d0>,18,3,[14  4],19,58,61,39,32
1,<environment.Job instance at 0x7f65dbdc1af0>,21,13,[8 5],22,39,52,17,32
1,<environment.Job instance at 0x7f65dbdc1640>,22,14,[2 9],23,61,75,38,46
1,<environment.Job instance at 0x7f65dbdc15a0>,24,3,[4 6],25,52,55,27,46
1,<environment.Job instance at 0x7f65dbdc1050>,25,2,[5 2],26,52,54,26,46
1,<environment.Job instance at 0x7f65dbd471e0>,28,21,[9 4],29,61,82,32,53
1,<environment.Job instance at 0x7f65daee4c80>,29,12,[9 3],30,82,94,52,65
1,<environment.Job instance at 0x7f65dbdc1460>,15,16,[ 2 10],16,75,91,59,71
1,<environment.Job instance at 0x7f65daef1870>,30,18,[10  3],31,94,112,63,83
1,<environment.Job instance at 0x7f65db338e60>,34,12,[3 8],35,91,103,56,83
1,<environment.Job instance at 0x7f65db3380f0>,36,14,[5 5],37,103,117,66,88
1,<environment.Job instance at 0x7f65db3d8500>,40,13,[10  5],41,112,125,71,96
1,<environment.Job instance at 0x7f65db33da50>,41,14,[1 6],42,117,131,75,102
1,<environment.Job instance at 0x7f65db1ac410>,42,14,[2 7],43,125,139,82,110
1,<environment.Job instance at 0x7f65db3d8230>,43,14,[7 5],44,131,145,87,116
1,<environment.Job instance at 0x7f65dbd24b90>,9,14,[3 6],10,139,153,129,126
1,<environment.Job instance at 0x7f65dafcdaf0>,46,3,[2 8],47,145,148,98,126
1,<environment.Job instance at 0x7f65db322d20>,47,1,[2 8],48,148,149,100,127
1,<environment.Job instance at 0x7f65db383820>,48,2,[13  1],49,153,155,104,129
1,<environment.Job instance at 0x7f65db383c80>,49,2,[10  4],50,149,151,99,130
1,<environment.Job instance at 0x7f65db383140>,50,3,[5 6],51,155,158,104,130
1,<environment.Job instance at 0x7f65db3830f0>,51,3,[13  5],52,158,161,106,138
1,<environment.Job instance at 0x7f65db383aa0>,52,2,[ 1 12],53,153,155,100,138
1,<environment.Job instance at 0x7f65db3833c0>,53,2,[5 6],54,151,153,97,138
1,<environment.Job instance at 0x7f65dafa95f0>,45,14,[10  2],46,161,175,115,146
1,<environment.Job instance at 0x7f65db378dc0>,56,12,[ 3 10],57,161,173,104,146
1,<environment.Job instance at 0x7f65dafd5460>,0,12,[9 2],1,1,13,0,1
1,<environment.Job instance at 0x7f65db3784b0>,1,2,[1 7],2,2,4,0,2
1,<environment.Job instance at 0x7f65dafd5280>,2,3,[ 3 11],3,4,7,1,3
1,<environment.Job instance at 0x7f65dafd5a50>,3,3,[2 5],4,7,10,3,4
1,<environment.Job instance at 0x7f65dafd52d0>,4,12,[5 9],5,10,22,5,5
1,<environment.Job instance at 0x7f65daf82190>,5,12,[2 6],6,13,25,7,6
1,<environment.Job instance at 0x7f65daf82410>,6,15,[2 7],7,22,37,15,8
1,<environment.Job instance at 0x7f65daf82910>,15,15,[ 1 11],16,37,52,21,23
1,<environment.Job instance at 0x7f65daf82230>,17,1,[4 5],18,25,26,7,24
1,<environment.Job instance at 0x7f65daf82500>,18,1,[2 9],19,52,53,33,24
1,<environment.Job instance at 0x7f65daf829b0>,19,13,[4 6],20,52,65,32,36
1,<environment.Job instance at 0x7f65daf82c30>,20,15,[7 1],21,36,51,15,36
1,<environment.Job instance at 0x7f65daf82690>,9,15,[ 3 10],10,65,80,55,51
1,<environment.Job instance at 0x7f65daf82d70>,11,24,[9 1],12,55,79,43,55
1,<environment.Job instance at 0x7f65daf82640>,23,3,[3 5],24,79,82,55,55
1,<environment.Job instance at 0x7f65daf82d20>,16,16,[ 5 10],17,80,96,63,67
1,<environment.Job instance at 0x7f65daf94280>,29,16,[5 4],30,82,98,52,69
1,<environment.Job instance at 0x7f65daf94aa0>,30,14,[8 3],31,96,110,65,81
1,<environment.Job instance at 0x7f65daf826e0>,22,13,[1 6],23,96,109,73,81
1,<environment.Job instance at 0x7f65daf94eb0>,33,1,[1 7],34,109,110,75,83
1,<environment.Job instance at 0x7f65daf82820>,24,14,[1 5],25,98,112,73,83
1,<environment.Job instance at 0x7f65daf94140>,35,3,[9 4],36,110,113,74,84
1,<environment.Job instance at 0x7f65daf94730>,32,12,[8 1],33,113,125,80,96
1,<environment.Job instance at 0x7f65daf94a00>,37,16,[9 4],38,125,141,87,112
1,<environment.Job instance at 0x7f65daf75550>,41,17,[7 5],42,141,158,99,129
1,<environment.Job instance at 0x7f65daf75b40>,42,12,[3 8],43,129,141,86,129
1,<environment.Job instance at 0x7f65daf756e0>,44,15,[4 6],45,141,156,96,129
1,<environment.Job instance at 0x7f65daf75050>,47,15,[5 3],48,156,171,108,142
1,<environment.Job instance at 0x7f65daf750f0>,48,18,[1 5],49,156,174,107,145
1,<environment.Job instance at 0x7f65db6b7b90>,55,13,[5 5],56,158,171,102,145
1,<environment.Job instance at 0x7f65dbd1ea50>,60,14,[7 5],61,171,185,110,156
1,<environment.Job instance at 0x7f65db1b0e10>,1,13,[5 5],2,2,15,0,2
1,<environment.Job instance at 0x7f65db82adc0>,0,19,[6 3],1,2,21,1,2
1,<environment.Job instance at 0x7f65db62ceb0>,3,12,[1 8],4,15,27,11,4
1,<environment.Job instance at 0x7f65db62c1e0>,2,2,[9 3],3,21,23,18,4
1,<environment.Job instance at 0x7f65db3cfe10>,5,3,[1 5],6,6,9,0,6
1,<environment.Job instance at 0x7f65db2879b0>,6,3,[9 3],7,23,26,16,7
1,<environment.Job instance at 0x7f65dbd24640>,8,14,[10  3],9,26,40,17,11
1,<environment.Job instance at 0x7f65db287410>,9,1,[10  3],10,40,41,30,12
1,<environment.Job instance at 0x7f65db2878c0>,10,19,[1 5],11,27,46,16,17
1,<environment.Job instance at 0x7f65db3c3410>,13,13,[6 5],14,41,54,27,25
1,<environment.Job instance at 0x7f65daf383c0>,14,2,[7 5],15,41,43,26,25
1,<environment.Job instance at 0x7f65daf38500>,15,2,[14  5],16,54,56,38,27
1,<environment.Job instance at 0x7f65daf387d0>,16,3,[2 7],17,27,30,10,27
1,<environment.Job instance at 0x7f65db346870>,17,18,[5 1],18,56,74,38,45
1,<environment.Job instance at 0x7f65daf49b90>,18,3,[5 8],19,46,49,27,45
1,<environment.Job instance at 0x7f65dbd241e0>,7,13,[6 4],8,56,69,48,45
1,<environment.Job instance at 0x7f65db346dc0>,20,1,[6 3],21,45,46,24,45
1,<environment.Job instance at 0x7f65db383cd0>,11,18,[2 9],12,56,74,44,49
1,<environment.Job instance at 0x7f65db28cb90>,22,15,[5 1],23,69,84,46,55
1,<environment.Job instance at 0x7f65daf38f00>,12,18,[10  4],13,74,92,61,63
1,<environment.Job instance at 0x7f65db2c1280>,21,13,[5 3],22,84,97,62,69
1,<environment.Job instance at 0x7f65daf45e60>,24,12,[6 4],25,92,104,67,75
1,<environment.Job instance at 0x7f65daf21c80>,26,1,[7 2],27,97,98,70,75
1,<environment.Job instance at 0x7f65daf943c0>,27,2,[2 6],28,92,94,64,75
1,<environment.Job instance at 0x7f65db392910>,28,14,[5 9],29,98,112,69,87
1,<environment.Job instance at 0x7f65daf45f00>,23,18,[5 9],24,112,130,88,101
1,<environment.Job instance at 0x7f65db2bd3c0>,30,12,[2 5],31,104,116,73,101
1,<environment.Job instance at 0x7f65daef1410>,31,16,[6 5],32,116,132,84,103
1,<environment.Job instance at 0x7f65e4f0aaf0>,35,12,[2 9],36,130,142,94,113
1,<environment.Job instance at 0x7f65e4f0adc0>,36,14,[3 9],37,142,156,105,127
1,<environment.Job instance at 0x7f65daf958c0>,39,13,[5 9],40,156,169,116,140
1,<environment.Job instance at 0x7f65daf74be0>,41,18,[8 4],42,140,158,98,140
1,<environment.Job instance at 0x7f65e4c43f50>,25,21,[2 5],26,158,179,132,151
1,<environment.Job instance at 0x7f65daf391e0>,45,13,[10  4],46,169,182,123,155
1,<environment.Job instance at 0x7f65dbc8b3c0>,0,15,[4 5],1,1,16,0,1
1,<environment.Job instance at 0x7f65dbc8b0a0>,1,27,[5 1],2,2,29,0,2
1,<environment.Job instance at 0x7f65dbc8bf00>,3,17,[8 5],4,16,33,12,4
1,<environment.Job instance at 0x7f65dbc8bd20>,4,3,[6 1],5,5,8,0,5
1,<environment.Job instance at 0x7f65dbc8b8c0>,2,21,[1 6],3,8,29,5,6
1,<environment.Job instance at 0x7f65dbcaf5a0>,10,16,[9 2],11,33,49,22,20
1,<environment.Job instance at 0x7f65dbf4ec80>,5,16,[4 5],6,29,45,23,20
1,<environment.Job instance at 0x7f65dbcaf870>,12,2,[5 8],13,45,47,32,20
1,<environment.Job instance at 0x7f65dbcaf9b0>,13,12,[4 6],14,47,59,33,30
1,<environment.Job instance at 0x7f65dbcafd70>,14,3,[6 4],15,49,52,34,30
1,<environment.Job instance at 0x7f65dbcafdc0>,15,13,[2 6],16,52,65,36,36
1,<environment.Job instance at 0x7f65dbf7b410>,17,1,[3 6],18,59,60,41,45
1,<environment.Job instance at 0x7f65dbf7bb90>,18,3,[8 2],19,52,55,33,45
1,<environment.Job instance at 0x7f65dbf7beb0>,19,3,[ 5 10],20,65,68,45,45
1,<environment.Job instance at 0x7f65dbca4370>,20,1,[4 6],21,60,61,39,45
1,<environment.Job instance at 0x7f65dbca4730>,21,1,[4 6],22,61,62,39,45
1,<environment.Job instance at 0x7f65dbcaf2d0>,9,18,[7 3],10,55,73,45,46
1,<environment.Job instance at 0x7f65dbcaf230>,8,16,[ 5 10],9,68,84,59,55
1,<environment.Job instance at 0x7f65dbc77870>,27,17,[5 2],28,73,90,45,61
1,<environment.Job instance at 0x7f65dbc77550>,28,18,[1 9],29,84,102,55,73
1,<environment.Job instance at 0x7f65dbc77e60>,29,15,[6 3],30,84,99,54,73
1,<environment.Job instance at 0x7f65dbc77c30>,30,15,[3 9],31,102,117,71,88
1,<environment.Job instance at 0x7f65dbf5cfa0>,33,12,[6 2],34,90,102,56,88
1,<environment.Job instance at 0x7f65dbf5c140>,34,17,[9 5],35,102,119,67,90
1,<environment.Job instance at 0x7f65dbf5cbe0>,35,16,[5 3],36,117,133,81,104
1,<environment.Job instance at 0x7f65db669b40>,38,14,[9 4],39,119,133,80,104
1,<environment.Job instance at 0x7f65db9f6460>,39,13,[3 6],40,133,146,93,117
1,<environment.Job instance at 0x7f65dbcc2e60>,41,14,[4 6],42,133,147,91,118
1,<environment.Job instance at 0x7f65dbd941e0>,47,17,[4 9],48,146,163,98,134
1,<environment.Job instance at 0x7f65dbccb2d0>,49,14,[6 1],50,147,161,97,134
1,<environment.Job instance at 0x7f65dae71e60>,51,17,[10  4],52,161,178,109,149
1,<environment.Job instance at 0x7f65dae716e0>,52,14,[3 9],53,163,177,110,149
1,<environment.Job instance at 0x7f65dbcabdc0>,0,2,[2 7],1,1,3,0,1
1,<environment.Job instance at 0x7f65dae71af0>,1,1,[10  4],2,2,3,0,2
1,<environment.Job instance at 0x7f65dbcab140>,2,3,[3 8],3,3,6,0,3
1,<environment.Job instance at 0x7f65dae71be0>,4,17,[3 6],5,5,22,0,5
1,<environment.Job instance at 0x7f65dbcab050>,7,16,[1 5],8,8,24,0,8
1,<environment.Job instance at 0x7f65dbcab960>,8,2,[7 3],9,9,11,0,9
1,<environment.Job instance at 0x7f65dbc8ba50>,9,1,[5 6],10,22,23,12,10
1,<environment.Job instance at 0x7f65dbc8bdc0>,10,13,[9 3],11,11,24,0,11
1,<environment.Job instance at 0x7f65dbc8b5f0>,11,16,[2 7],12,23,39,11,12
1,<environment.Job instance at 0x7f65dbc8baf0>,12,15,[3 8],13,24,39,11,13
1,<environment.Job instance at 0x7f65daea7d70>,16,2,[7 3],17,39,41,22,17
1,<environment.Job instance at 0x7f65dbc8b550>,13,13,[6 5],14,39,52,25,23
1,<environment.Job instance at 0x7f65daea4c80>,18,2,[2 7],19,39,41,20,23
1,<environment.Job instance at 0x7f65daea48c0>,19,2,[4 6],20,41,43,21,23
1,<environment.Job instance at 0x7f65daea7500>,14,13,[5 4],15,41,54,26,26
1,<environment.Job instance at 0x7f65daea4140>,20,16,[2 8],21,52,68,31,39
1,<environment.Job instance at 0x7f65daea4730>,23,17,[6 4],24,54,71,30,42
1,<environment.Job instance at 0x7f65daea4c30>,26,16,[14  3],27,71,87,44,58
1,<environment.Job instance at 0x7f65daea4b40>,27,14,[12  5],28,87,101,59,72
1,<environment.Job instance at 0x7f65daea4d20>,28,14,[5 4],29,101,115,72,86
1,<environment.Job instance at 0x7f65daea4640>,29,2,[9 5],30,101,103,71,86
1,<environment.Job instance at 0x7f65daea4aa0>,30,1,[8 5],31,103,104,72,86
1,<environment.Job instance at 0x7f65daea4050>,25,16,[1 6],26,87,103,61,87
1,<environment.Job instance at 0x7f65dbca74b0>,33,12,[4 9],34,104,116,70,87
1,<environment.Job instance at 0x7f65daea7c30>,15,15,[9 1],16,115,130,99,102
1,<environment.Job instance at 0x7f65dbca7230>,38,16,[2 7],39,116,132,77,103
1,<environment.Job instance at 0x7f65dbca7550>,42,18,[5 8],43,130,148,87,119
1,<environment.Job instance at 0x7f65dbca7190>,43,13,[1 7],44,132,145,88,119
1,<environment.Job instance at 0x7f65dbca7d20>,46,16,[6 1],47,145,161,98,132
1,<environment.Job instance at 0x7f65dbca7be0>,50,16,[5 9],51,148,164,97,135
1,<environment.Job instance at 0x7f65dbca46e0>,51,15,[9 5],52,161,176,109,147
1,<environment.Job instance at 0x7f65dbca75f0>,39,16,[ 3 10],40,164,180,124,152
1,<environment.Job instance at 0x7f65dae892d0>,1,1,[2 7],2,2,3,0,2
1,<environment.Job instance at 0x7f65dbca7d70>,2,2,[4 5],3,3,5,0,3
1,<environment.Job instance at 0x7f65dae89f00>,3,14,[5 5],4,4,18,0,4
1,<environment.Job instance at 0x7f65dae8d870>,4,12,[7 4],5,5,17,0,5
1,<environment.Job instance at 0x7f65dae8dcd0>,5,2,[10  5],6,17,19,11,6
1,<environment.Job instance at 0x7f65dae8d370>,6,1,[2 5],7,7,8,0,7
1,<environment.Job instance at 0x7f65dae8de10>,7,14,[11  2],8,19,33,11,8
1,<environment.Job instance at 0x7f65dae8da50>,9,18,[1 5],10,18,36,8,10
1,<environment.Job instance at 0x7f65dae8dc30>,15,2,[ 1 12],16,36,38,20,16
1,<environment.Job instance at 0x7f65dae8db90>,11,12,[6 3],12,33,45,21,16
1,<environment.Job instance at 0x7f65dae8d6e0>,16,13,[9 5],17,38,51,21,22
1,<environment.Job instance at 0x7f65dae8d460>,18,14,[ 4 10],19,45,59,26,30
1,<environment.Job instance at 0x7f65dae50730>,19,13,[7 5],20,51,64,31,40
1,<environment.Job instance at 0x7f65dae8d5a0>,17,18,[6 2],18,59,77,41,48
1,<environment.Job instance at 0x7f65dae50e10>,23,1,[ 4 13],24,64,65,40,48
1,<environment.Job instance at 0x7f65dae50280>,21,14,[9 5],22,65,79,43,51
1,<environment.Job instance at 0x7f65dae50a50>,28,13,[3 7],29,77,90,48,61
1,<environment.Job instance at 0x7f65dae502d0>,29,15,[8 5],30,79,94,49,65
1,<environment.Job instance at 0x7f65dae500f0>,31,13,[9 4],32,94,107,62,78
1,<environment.Job instance at 0x7f65dae50870>,32,16,[1 7],33,91,107,58,91
1,<environment.Job instance at 0x7f65dae50b90>,33,13,[3 7],34,107,120,73,91
1,<environment.Job instance at 0x7f65dae50cd0>,34,15,[6 4],35,107,122,72,93
1,<environment.Job instance at 0x7f65dae504b0>,37,16,[7 2],38,120,136,82,107
1,<environment.Job instance at 0x7f65dbf45b40>,42,14,[9 3],43,136,150,93,121
1,<environment.Job instance at 0x7f65dae8d730>,13,15,[4 8],14,130,145,116,130
1,<environment.Job instance at 0x7f65dae50550>,22,15,[7 3],23,150,165,127,138
1,<environment.Job instance at 0x7f65dbf45e60>,47,22,[6 1],48,145,167,97,138
1,<environment.Job instance at 0x7f65dbf45aa0>,46,16,[4 9],47,165,181,118,152
1,<environment.Job instance at 0x7f65db0328c0>,1,13,[9 1],2,2,15,0,2
1,<environment.Job instance at 0x7f65dae71c30>,0,1,[4 8],1,2,3,1,2
1,<environment.Job instance at 0x7f65db7a1460>,4,15,[10  2],5,15,30,10,5
1,<environment.Job instance at 0x7f65dbf45aa0>,2,3,[5 8],3,5,8,2,5
1,<environment.Job instance at 0x7f65daf700f0>,6,12,[3 5],7,8,20,1,7
1,<environment.Job instance at 0x7f65daf703c0>,7,3,[8 3],8,30,33,22,8
1,<environment.Job instance at 0x7f65daf70e10>,8,1,[9 5],9,33,34,24,9
1,<environment.Job instance at 0x7f65daf70d70>,9,1,[7 3],10,30,31,20,10
1,<environment.Job instance at 0x7f65daf70780>,10,2,[9 4],11,34,36,23,11
1,<environment.Job instance at 0x7f65daf70b90>,11,1,[3 8],12,12,13,0,12
1,<environment.Job instance at 0x7f65daf80e60>,15,14,[6 3],16,31,45,15,16
1,<environment.Job instance at 0x7f65daf5f640>,21,14,[1 5],22,36,50,14,22
1,<environment.Job instance at 0x7f65daf80aa0>,23,3,[2 6],24,24,27,0,24
1,<environment.Job instance at 0x7f65daf5f730>,22,17,[5 1],23,36,53,13,24
1,<environment.Job instance at 0x7f65db7a9410>,25,12,[8 3],26,45,57,19,28
1,<environment.Job instance at 0x7f65db834eb0>,27,17,[5 5],28,53,70,25,41
1,<environment.Job instance at 0x7f65db3ff3c0>,28,14,[9 5],29,57,71,28,42
1,<environment.Job instance at 0x7f65db3ffcd0>,29,14,[8 5],30,71,85,41,56
1,<environment.Job instance at 0x7f65db3e1640>,31,15,[7 3],32,71,86,39,57
1,<environment.Job instance at 0x7f65db40aeb0>,32,17,[1 5],33,85,102,52,73
1,<environment.Job instance at 0x7f65db85b780>,36,13,[5 9],37,86,99,49,73
1,<environment.Job instance at 0x7f65daf65410>,40,18,[5 4],41,99,117,58,88
1,<environment.Job instance at 0x7f65daf65960>,41,14,[8 4],42,99,113,57,88
1,<environment.Job instance at 0x7f65daf65640>,43,3,[1 6],44,102,105,58,88
1,<environment.Job instance at 0x7f65dc2d3050>,44,16,[8 1],45,113,129,68,100
1,<environment.Job instance at 0x7f65dc2d3960>,48,19,[2 7],49,105,124,56,100
1,<environment.Job instance at 0x7f65dc2ff730>,50,12,[2 6],51,117,129,66,100
1,<environment.Job instance at 0x7f65dc2ff8c0>,52,22,[5 4],53,124,146,71,117
1,<environment.Job instance at 0x7f65dc2ffb90>,54,13,[5 8],55,129,142,74,117
1,<environment.Job instance at 0x7f65dc2ff5a0>,55,13,[5 5],56,142,155,86,126
1,<environment.Job instance at 0x7f65dc2ff780>,56,18,[1 5],57,142,160,85,131
1,<environment.Job instance at 0x7f65dc2ff960>,58,17,[7 5],59,146,163,87,134
1,<environment.Job instance at 0x7f65dc2ffdc0>,59,13,[4 8],60,160,173,100,144
1,<environment.Job instance at 0x7f65dc2fe2d0>,61,16,[2 5],62,163,179,101,150
1,<environment.Job instance at 0x7f65dc2fe140>,62,15,[2 5],63,173,188,110,159
1,<environment.Job instance at 0x7f65db649cd0>,0,14,[3 5],1,1,15,0,1
1,<environment.Job instance at 0x7f65db84b8c0>,1,3,[13  1],2,15,18,13,3
1,<environment.Job instance at 0x7f65dc2fe140>,2,3,[3 7],3,3,6,0,3
1,<environment.Job instance at 0x7f65db649be0>,3,3,[5 4],4,6,9,2,5
1,<environment.Job instance at 0x7f65daf93460>,4,12,[7 2],5,18,30,13,5
1,<environment.Job instance at 0x7f65daf93190>,5,17,[ 5 10],6,18,35,12,6
1,<environment.Job instance at 0x7f65daf93d20>,7,1,[ 5 10],8,13,14,5,13
1,<environment.Job instance at 0x7f65db40a7d0>,11,2,[10  4],12,30,32,18,13
1,<environment.Job instance at 0x7f65daf93780>,8,12,[6 1],9,32,44,23,16
1,<environment.Job instance at 0x7f65daf935a0>,6,12,[5 6],7,35,47,28,19
1,<environment.Job instance at 0x7f65db40a8c0>,10,15,[6 2],11,44,59,33,30
1,<environment.Job instance at 0x7f65db40ad70>,15,1,[ 3 12],16,47,48,31,30
1,<environment.Job instance at 0x7f65db40a050>,16,3,[10  3],17,59,62,42,33
1,<environment.Job instance at 0x7f65daf93a00>,9,2,[1 9],10,48,50,38,33
1,<environment.Job instance at 0x7f65db40a460>,18,3,[ 5 12],19,50,53,31,34
1,<environment.Job instance at 0x7f65db40a230>,17,14,[ 5 10],18,53,67,35,38
1,<environment.Job instance at 0x7f65db40a3c0>,20,2,[5 4],21,48,50,27,38
1,<environment.Job instance at 0x7f65db40a4b0>,21,12,[2 5],22,62,74,40,45
1,<environment.Job instance at 0x7f65db40a640>,12,16,[5 3],13,67,83,54,54
1,<environment.Job instance at 0x7f65db40a2d0>,23,14,[1 6],24,67,81,43,54
1,<environment.Job instance at 0x7f65db40a0a0>,24,16,[7 3],25,74,90,49,61
1,<environment.Job instance at 0x7f65db40a190>,25,22,[5 2],26,83,105,57,76
1,<environment.Job instance at 0x7f65db7ca0a0>,26,1,[11  1],27,105,106,78,77
1,<environment.Job instance at 0x7f65db7ca050>,27,2,[2 6],28,81,83,53,77
1,<environment.Job instance at 0x7f65db7ca8c0>,28,13,[5 7],29,90,103,61,77
1,<environment.Job instance at 0x7f65db7ca370>,29,3,[7 2],30,106,109,76,80
1,<environment.Job instance at 0x7f65db7cadc0>,30,13,[11  3],31,109,122,78,94
1,<environment.Job instance at 0x7f65db40a320>,13,16,[9 5],14,122,138,108,109
1,<environment.Job instance at 0x7f65db7ca870>,32,14,[6 1],33,122,136,89,109
1,<environment.Job instance at 0x7f65db7ca6e0>,35,18,[10  4],36,138,156,102,127
1,<environment.Job instance at 0x7f65dbd22be0>,37,15,[7 2],38,156,171,118,142
1,<environment.Job instance at 0x7f65daf82d70>,41,18,[4 9],42,143,161,101,143
1,<environment.Job instance at 0x7f65daf826e0>,42,18,[3 6],43,161,179,118,150
1,<environment.Job instance at 0x7f65daf82320>,45,16,[2 7],46,161,177,115,150
1,<environment.Job instance at 0x7f65db7a1190>,0,2,[7 1],1,1,3,0,1
1,<environment.Job instance at 0x7f65db7a1dc0>,1,3,[ 3 11],2,3,6,1,3
1,<environment.Job instance at 0x7f65daf82320>,2,1,[ 3 10],3,6,7,3,3
1,<environment.Job instance at 0x7f65daed06e0>,3,12,[5 8],4,7,19,3,4
1,<environment.Job instance at 0x7f65daed0820>,5,3,[10  1],6,7,10,1,7
1,<environment.Job instance at 0x7f65dc027410>,4,1,[2 5],5,10,11,5,7
1,<environment.Job instance at 0x7f65dc027050>,6,3,[2 5],7,11,14,4,7
1,<environment.Job instance at 0x7f65dc027730>,7,13,[5 5],8,14,27,6,8
1,<environment.Job instance at 0x7f65dbdad960>,9,2,[1 8],10,19,21,9,10
1,<environment.Job instance at 0x7f65dc0270f0>,10,12,[10  4],11,21,33,10,11
1,<environment.Job instance at 0x7f65dc008af0>,11,12,[4 5],12,27,39,15,12
1,<environment.Job instance at 0x7f65dc029320>,15,3,[4 8],16,33,36,17,16
1,<environment.Job instance at 0x7f65dc029be0>,17,12,[6 2],18,33,45,15,18
1,<environment.Job instance at 0x7f65dc01fa00>,18,3,[2 8],19,36,39,17,19
1,<environment.Job instance at 0x7f65dc01f190>,19,2,[4 5],20,39,41,19,20
1,<environment.Job instance at 0x7f65dc01f280>,20,1,[7 1],21,41,42,20,21
1,<environment.Job instance at 0x7f65dc01f5a0>,21,2,[2 6],22,39,41,17,22
1,<environment.Job instance at 0x7f65dc029280>,16,16,[ 5 10],17,42,58,25,29
1,<environment.Job instance at 0x7f65dc01f410>,22,20,[5 2],23,45,65,22,36
1,<environment.Job instance at 0x7f65db491820>,24,12,[3 9],25,58,70,33,43
1,<environment.Job instance at 0x7f65dc01f8c0>,25,15,[5 1],26,45,60,19,43
1,<environment.Job instance at 0x7f65db331d20>,26,1,[5 5],27,65,66,38,43
1,<environment.Job instance at 0x7f65dc01fd70>,23,14,[1 8],24,70,84,46,56
1,<environment.Job instance at 0x7f65dc412320>,28,3,[2 5],29,66,69,37,56
1,<environment.Job instance at 0x7f65dc3ebc30>,29,1,[5 1],30,60,61,30,58
1,<environment.Job instance at 0x7f65db3365f0>,31,3,[2 9],32,84,87,52,58
1,<environment.Job instance at 0x7f65db32eeb0>,32,3,[10  3],33,69,72,36,58
1,<environment.Job instance at 0x7f65dc205a50>,33,15,[8 4],34,72,87,38,58
1,<environment.Job instance at 0x7f65db34f280>,35,13,[5 1],36,72,85,36,59
1,<environment.Job instance at 0x7f65dc200e60>,27,15,[13  3],28,87,102,59,81
1,<environment.Job instance at 0x7f65db4efaf0>,37,2,[5 7],38,102,104,64,81
1,<environment.Job instance at 0x7f65db4efc80>,38,12,[1 6],39,87,99,48,81
1,<environment.Job instance at 0x7f65db4e4550>,39,1,[6 3],40,102,103,62,81
1,<environment.Job instance at 0x7f65dc00acd0>,40,16,[6 2],41,103,119,62,90
1,<environment.Job instance at 0x7f65dc00a690>,41,2,[ 2 13],42,104,106,62,90
1,<environment.Job instance at 0x7f65dc00afa0>,42,1,[5 5],43,106,107,63,90
1,<environment.Job instance at 0x7f65dc008b90>,14,26,[10  2],15,119,145,104,116
1,<environment.Job instance at 0x7f65db486280>,44,14,[10  4],45,145,159,100,130
1,<environment.Job instance at 0x7f65db494d70>,36,20,[4 9],37,130,150,93,130
1,<environment.Job instance at 0x7f65db3220f0>,47,13,[7 4],48,159,172,111,143
1,<environment.Job instance at 0x7f65db322050>,51,16,[5 7],52,150,166,98,143
1,<environment.Job instance at 0x7f65db3245f0>,52,19,[4 7],53,166,185,113,156
1,<environment.Job instance at 0x7f65db324140>,55,13,[6 4],56,172,185,116,156
1,<environment.Job instance at 0x7f65e4a4be60>,0,2,[4 6],1,1,3,0,1
1,<environment.Job instance at 0x7f65e4a4b190>,3,22,[5 4],4,4,26,0,4
1,<environment.Job instance at 0x7f65e4a4b7d0>,4,1,[7 5],5,5,6,0,5
1,<environment.Job instance at 0x7f65e4a4be10>,5,17,[ 4 10],6,6,23,0,6
1,<environment.Job instance at 0x7f65e4a4bd70>,6,3,[1 8],7,23,26,16,7
1,<environment.Job instance at 0x7f65e4a4b280>,7,1,[3 5],8,26,27,18,8
1,<environment.Job instance at 0x7f65e4a4beb0>,8,2,[5 7],9,26,28,17,9
1,<environment.Job instance at 0x7f65e4a4b410>,9,2,[2 5],10,27,29,17,10
1,<environment.Job instance at 0x7f65e4a4b0f0>,12,3,[6 2],13,23,26,10,14
1,<environment.Job instance at 0x7f65e4a4b3c0>,11,17,[6 5],12,28,45,16,16
1,<environment.Job instance at 0x7f65db3ed7d0>,14,2,[1 7],15,29,31,14,17
1,<environment.Job instance at 0x7f65db3ede60>,17,3,[9 2],18,31,34,13,18
1,<environment.Job instance at 0x7f65db3edf50>,18,1,[1 6],19,34,35,15,19
1,<environment.Job instance at 0x7f65db3ed320>,19,3,[5 2],20,26,29,6,20
1,<environment.Job instance at 0x7f65db3edcd0>,20,2,[2 6],21,35,37,14,21
1,<environment.Job instance at 0x7f65db3ed1e0>,21,3,[5 8],22,37,40,15,22
1,<environment.Job instance at 0x7f65db3ed870>,22,2,[2 8],23,40,42,17,23
1,<environment.Job instance at 0x7f65db3ed8c0>,16,16,[3 6],17,42,58,25,29
1,<environment.Job instance at 0x7f65dbda2320>,28,16,[1 8],29,45,61,16,32
1,<environment.Job instance at 0x7f65dbda26e0>,29,12,[9 3],30,58,70,28,41
1,<environment.Job instance at 0x7f65dbda2460>,31,13,[5 5],32,61,74,29,45
1,<environment.Job instance at 0x7f65dbda2fa0>,34,17,[10  4],35,70,87,35,58
1,<environment.Job instance at 0x7f65dbda25a0>,35,3,[5 6],36,74,77,38,58
1,<environment.Job instance at 0x7f65dbda21e0>,40,13,[8 3],41,87,100,46,71
1,<environment.Job instance at 0x7f65db3edc30>,23,18,[4 9],24,77,95,53,71
1,<environment.Job instance at 0x7f65dbda20f0>,42,14,[ 2 12],43,95,109,52,82
1,<environment.Job instance at 0x7f65dbda23c0>,43,1,[7 3],44,100,101,56,82
1,<environment.Job instance at 0x7f65dbda2be0>,44,3,[3 7],45,109,112,64,83
1,<environment.Job instance at 0x7f65dbda2140>,41,16,[8 1],42,101,117,59,88
1,<environment.Job instance at 0x7f65dbda24b0>,45,15,[ 2 12],46,112,127,66,99
1,<environment.Job instance at 0x7f65db56adc0>,48,3,[9 1],49,117,120,68,99
1,<environment.Job instance at 0x7f65db56aeb0>,49,15,[6 1],50,120,135,70,106
1,<environment.Job instance at 0x7f65db56a140>,47,19,[4 7],48,127,146,79,117
1,<environment.Job instance at 0x7f65db56a730>,52,12,[10  3],53,135,147,82,118
1,<environment.Job instance at 0x7f65db56ae10>,53,13,[5 1],54,120,133,66,118
1,<environment.Job instance at 0x7f65db56a8c0>,54,16,[6 3],55,147,163,92,134
1,<environment.Job instance at 0x7f65db56ab40>,56,12,[1 9],57,146,158,89,134
1,<environment.Job instance at 0x7f65db56ae60>,57,18,[7 1],58,147,165,89,136
1,<environment.Job instance at 0x7f65db56a870>,58,16,[10  3],59,165,181,106,152
1,<environment.Job instance at 0x7f65dac14230>,0,12,[6 1],1,1,13,0,1
1,<environment.Job instance at 0x7f65db56af50>,1,2,[1 9],2,2,4,0,2
1,<environment.Job instance at 0x7f65dac14d70>,2,1,[7 2],3,3,4,0,3
1,<environment.Job instance at 0x7f65dac14cd0>,3,20,[5 2],4,4,24,0,4
1,<environment.Job instance at 0x7f65dac14dc0>,4,12,[ 4 10],5,5,17,0,5
1,<environment.Job instance at 0x7f65dac14820>,9,14,[8 5],10,17,31,7,10
1,<environment.Job instance at 0x7f65dac98370>,11,18,[6 1],12,24,42,12,13
1,<environment.Job instance at 0x7f65dac98410>,13,14,[2 9],14,31,45,17,16
1,<environment.Job instance at 0x7f65dac98230>,16,12,[3 5],17,31,43,14,17
1,<environment.Job instance at 0x7f65dac98460>,17,3,[1 7],18,19,22,1,19
1,<environment.Job instance at 0x7f65dac98aa0>,19,2,[6 4],20,43,45,23,20
1,<environment.Job instance at 0x7f65dac98fa0>,18,12,[3 5],19,45,57,26,28
1,<environment.Job instance at 0x7f65dac7e780>,26,17,[3 8],27,45,62,18,40
1,<environment.Job instance at 0x7f65dac7e6e0>,29,18,[5 2],30,43,61,13,41
1,<environment.Job instance at 0x7f65dac7e0a0>,32,13,[9 4],33,61,74,28,45
1,<environment.Job instance at 0x7f65dac7e910>,35,18,[5 5],36,62,80,26,55
1,<environment.Job instance at 0x7f65dac7e4b0>,38,14,[3 7],39,74,88,35,61
1,<environment.Job instance at 0x7f65dac7eb90>,40,17,[4 8],41,80,97,39,73
1,<environment.Job instance at 0x7f65dac7e230>,41,17,[3 6],42,88,105,46,77
1,<environment.Job instance at 0x7f65dac98c30>,20,25,[8 3],21,97,122,76,93
1,<environment.Job instance at 0x7f65dac7e5a0>,43,1,[9 3],44,122,123,78,94
1,<environment.Job instance at 0x7f65dac7e280>,44,1,[ 1 11],45,105,106,60,94
1,<environment.Job instance at 0x7f65dabd10f0>,45,1,[ 3 14],46,123,124,77,95
1,<environment.Job instance at 0x7f65dabd1780>,46,1,[1 9],47,106,107,59,95
1,<environment.Job instance at 0x7f65dabd1190>,47,1,[6 4],48,107,108,59,95
1,<environment.Job instance at 0x7f65dabd1fa0>,48,3,[6 2],49,108,111,59,95
1,<environment.Job instance at 0x7f65dac98870>,14,12,[9 4],15,124,136,109,107
1,<environment.Job instance at 0x7f65dabd14b0>,50,16,[5 4],51,124,140,73,112
1,<environment.Job instance at 0x7f65dac7edc0>,42,17,[ 4 10],43,136,153,93,124
1,<environment.Job instance at 0x7f65dabd18c0>,54,17,[6 1],55,136,153,81,124
1,<environment.Job instance at 0x7f65dabd1460>,56,17,[3 7],57,153,170,96,141
1,<environment.Job instance at 0x7f65dac9beb0>,60,14,[7 4],61,153,167,92,141
1,<environment.Job instance at 0x7f65dabd1410>,51,18,[5 5],52,167,185,115,157
1,<environment.Job instance at 0x7f65dac9b140>,62,1,[6 3],63,167,168,104,158
1,<environment.Job instance at 0x7f65dac9be60>,63,2,[4 5],64,170,172,106,159
1,<environment.Job instance at 0x7f65dabd10a0>,49,18,[5 5],50,170,188,120,159
1,<environment.Job instance at 0x7f65db8dcf50>,0,2,[1 8],1,1,3,0,1
1,<environment.Job instance at 0x7f65db8dc780>,1,12,[4 6],2,2,14,0,2
1,<environment.Job instance at 0x7f65db8dc140>,3,1,[ 4 10],4,14,15,10,4
1,<environment.Job instance at 0x7f65db8dc410>,5,1,[1 5],6,6,7,0,6
1,<environment.Job instance at 0x7f65db575140>,7,18,[3 8],8,15,33,7,8
1,<environment.Job instance at 0x7f65db5757d0>,8,1,[2 6],9,9,10,0,9
1,<environment.Job instance at 0x7f65db575c30>,9,12,[1 5],10,10,22,0,10
1,<environment.Job instance at 0x7f65db575460>,10,2,[14  3],11,33,35,22,11
1,<environment.Job instance at 0x7f65db575fa0>,11,1,[3 9],12,35,36,23,12
1,<environment.Job instance at 0x7f65db8dc5a0>,13,17,[7 2],14,16,33,2,16
1,<environment.Job instance at 0x7f65db575e10>,15,1,[5 9],16,36,37,20,17
1,<environment.Job instance at 0x7f65db575d20>,17,18,[1 8],18,37,55,19,26
1,<environment.Job instance at 0x7f65db5750a0>,18,2,[6 2],19,35,37,16,26
1,<environment.Job instance at 0x7f65db575af0>,12,13,[3 6],13,37,50,24,26
1,<environment.Job instance at 0x7f65db575780>,20,1,[ 5 10],21,55,56,34,27
1,<environment.Job instance at 0x7f65db575f50>,21,3,[10  5],22,50,53,28,27
1,<environment.Job instance at 0x7f65db575640>,22,18,[1 6],23,56,74,33,45
1,<environment.Job instance at 0x7f65db575960>,24,1,[3 8],25,56,57,31,46
1,<environment.Job instance at 0x7f65db5758c0>,25,16,[7 4],26,57,73,31,46
1,<environment.Job instance at 0x7f65db3ff140>,26,13,[4 6],27,73,86,46,57
1,<environment.Job instance at 0x7f65db3ff820>,27,3,[8 5],28,74,77,46,57
1,<environment.Job instance at 0x7f65db3ff190>,28,3,[9 3],29,77,80,48,57
1,<environment.Job instance at 0x7f65db3ffeb0>,30,1,[4 5],31,57,58,26,57
1,<environment.Job instance at 0x7f65db3ff780>,31,2,[4 7],32,80,82,48,57
1,<environment.Job instance at 0x7f65db3ffa00>,32,17,[6 3],33,82,99,49,70
1,<environment.Job instance at 0x7f65db3ff0f0>,34,2,[5 3],35,70,72,35,70
1,<environment.Job instance at 0x7f65db3ff7d0>,37,2,[4 9],38,86,88,48,70
1,<environment.Job instance at 0x7f65db3ffb40>,39,2,[1 6],40,77,79,37,70
1,<environment.Job instance at 0x7f65db3ffaa0>,40,3,[7 1],41,88,91,47,70
1,<environment.Job instance at 0x7f65db3ff230>,41,12,[10  1],42,99,111,57,82
1,<environment.Job instance at 0x7f65db3ff280>,42,16,[7 1],43,111,127,68,98
1,<environment.Job instance at 0x7f65db3ffe60>,43,13,[6 5],44,111,124,67,98
1,<environment.Job instance at 0x7f65dbab9870>,45,2,[3 7],46,98,100,52,98
1,<environment.Job instance at 0x7f65dbab9be0>,46,3,[1 5],47,98,101,51,98
1,<environment.Job instance at 0x7f65dbab9aa0>,47,18,[4 5],48,124,142,76,113
1,<environment.Job instance at 0x7f65dbab9f50>,48,15,[5 4],49,127,142,78,113
1,<environment.Job instance at 0x7f65dbab9370>,49,17,[7 5],50,142,159,92,130
1,<environment.Job instance at 0x7f65dbab9b40>,51,15,[4 9],52,142,157,90,130
1,<environment.Job instance at 0x7f65dbab9dc0>,52,13,[1 8],53,157,170,104,141
1,<environment.Job instance at 0x7f65dbab9a50>,53,18,[1 8],54,170,188,116,159
1,<environment.Job instance at 0x7f65dbab9f00>,54,17,[3 6],55,159,176,104,159
1,<environment.Job instance at 0x7f65db6f8190>,0,17,[6 1],1,1,18,0,1
1,<environment.Job instance at 0x7f65db6f87d0>,1,14,[4 8],2,2,16,0,2
1,<environment.Job instance at 0x7f65db661230>,2,2,[5 5],3,4,6,1,4
1,<environment.Job instance at 0x7f65dbab9500>,3,1,[3 5],4,6,7,2,4
1,<environment.Job instance at 0x7f65db507550>,4,2,[6 5],5,16,18,11,5
1,<environment.Job instance at 0x7f65db507140>,6,16,[12  5],7,18,34,11,11
1,<environment.Job instance at 0x7f65db507820>,5,1,[ 4 10],6,34,35,28,11
1,<environment.Job instance at 0x7f65db49f820>,12,3,[5 5],13,13,16,0,13
1,<environment.Job instance at 0x7f65db49fcd0>,13,3,[ 3 10],14,18,21,4,14
1,<environment.Job instance at 0x7f65db49f0a0>,14,1,[10  2],15,34,35,19,15
1,<environment.Job instance at 0x7f65db49fe60>,17,2,[9 2],18,35,37,17,18
1,<environment.Job instance at 0x7f65db49f500>,10,13,[1 8],11,21,34,10,18
1,<environment.Job instance at 0x7f65db49f230>,18,13,[5 4],19,35,48,16,19
1,<environment.Job instance at 0x7f65db49f730>,20,1,[6 1],21,37,38,16,21
1,<environment.Job instance at 0x7f65db49f960>,21,15,[5 1],22,38,53,16,24
1,<environment.Job instance at 0x7f65db49fe10>,22,1,[1 5],23,35,36,12,25
1,<environment.Job instance at 0x7f65db49f4b0>,23,1,[7 1],24,48,49,24,25
1,<environment.Job instance at 0x7f65db49f280>,16,2,[4 9],17,37,39,20,30
1,<environment.Job instance at 0x7f65db49fc80>,19,17,[4 6],20,49,66,29,37
1,<environment.Job instance at 0x7f65dbd12690>,26,15,[10  5],27,53,68,26,39
1,<environment.Job instance at 0x7f65dbd12c80>,32,17,[ 1 10],33,66,83,33,54
1,<environment.Job instance at 0x7f65dbd12370>,33,14,[5 4],34,68,82,34,54
1,<environment.Job instance at 0x7f65dbe925a0>,34,15,[7 5],35,82,97,47,68
1,<environment.Job instance at 0x7f65dbe926e0>,35,15,[7 1],36,83,98,47,69
1,<environment.Job instance at 0x7f65dbe923c0>,36,15,[5 5],37,97,112,60,83
1,<environment.Job instance at 0x7f65dbe92820>,37,17,[9 4],38,98,115,60,86
1,<environment.Job instance at 0x7f65dbe92550>,38,12,[3 7],39,112,124,73,95
1,<environment.Job instance at 0x7f65dbe92320>,40,18,[2 9],41,124,142,83,113
1,<environment.Job instance at 0x7f65dbe92780>,42,16,[2 8],43,142,158,99,129
1,<environment.Job instance at 0x7f65dbe92730>,43,12,[3 6],44,129,141,85,129
1,<environment.Job instance at 0x7f65dbe92a00>,44,14,[7 2],45,141,155,96,129
1,<environment.Job instance at 0x7f65dbe92cd0>,46,13,[10  2],47,155,168,108,139
1,<environment.Job instance at 0x7f65dbd129b0>,24,12,[ 4 13],25,158,170,133,151
1,<environment.Job instance at 0x7f65dbe92af0>,49,20,[7 2],50,168,188,118,159
1,<environment.Job instance at 0x7f65db97e500>,51,12,[6 3],52,170,182,118,159
1,<environment.Job instance at 0x7f65dbd26e10>,0,1,[2 9],1,2,3,1,2
1,<environment.Job instance at 0x7f65dbd26d20>,1,1,[7 3],2,2,3,0,2
1,<environment.Job instance at 0x7f65db97e1e0>,3,1,[2 6],4,4,5,0,4
1,<environment.Job instance at 0x7f65dbd26870>,4,3,[6 2],5,5,8,0,5
1,<environment.Job instance at 0x7f65dbd265f0>,5,14,[8 2],6,6,20,0,6
1,<environment.Job instance at 0x7f65dbd264b0>,6,3,[5 3],7,8,11,1,7
1,<environment.Job instance at 0x7f65dbd265a0>,7,1,[ 2 12],8,11,12,3,8
1,<environment.Job instance at 0x7f65dbd268c0>,8,1,[5 8],9,12,13,3,9
1,<environment.Job instance at 0x7f65dbd26550>,9,3,[ 2 10],10,13,16,3,10
1,<environment.Job instance at 0x7f65dbd26500>,10,15,[8 2],11,20,35,9,11
1,<environment.Job instance at 0x7f65db66d730>,11,16,[4 9],12,16,32,4,12
1,<environment.Job instance at 0x7f65db66d140>,15,1,[10  4],16,35,36,19,16
1,<environment.Job instance at 0x7f65db66d460>,14,1,[8 1],15,36,37,21,17
1,<environment.Job instance at 0x7f65db66d3c0>,13,13,[3 7],14,32,45,18,17
1,<environment.Job instance at 0x7f65db66dd20>,17,13,[10  3],18,37,50,19,22
1,<environment.Job instance at 0x7f65dbc4cf50>,20,17,[6 4],21,50,67,29,38
1,<environment.Job instance at 0x7f65dbc4cdc0>,23,13,[8 4],24,50,63,26,38
1,<environment.Job instance at 0x7f65dbc4caf0>,26,15,[7 3],27,63,78,36,49
1,<environment.Job instance at 0x7f65dbc4cfa0>,27,3,[8 4],28,67,70,39,49
1,<environment.Job instance at 0x7f65dbc4c3c0>,28,3,[4 6],29,70,73,41,49
1,<environment.Job instance at 0x7f65dbc4ceb0>,29,15,[ 5 10],30,73,88,43,59
1,<environment.Job instance at 0x7f65dbc4cc80>,31,12,[7 5],32,78,90,46,61
1,<environment.Job instance at 0x7f65dbc4c640>,34,14,[5 5],35,88,102,53,73
1,<environment.Job instance at 0x7f65dbc4c280>,36,12,[5 9],37,90,102,53,73
1,<environment.Job instance at 0x7f65daf809b0>,40,18,[3 7],41,102,120,61,91
1,<environment.Job instance at 0x7f65daf80a00>,43,13,[8 4],44,102,115,58,91
1,<environment.Job instance at 0x7f65daf805f0>,47,14,[4 9],48,120,134,72,105
1,<environment.Job instance at 0x7f65daf80780>,48,15,[5 4],49,115,130,66,105
1,<environment.Job instance at 0x7f65daf800a0>,50,17,[10  2],51,130,147,79,118
1,<environment.Job instance at 0x7f65daf80960>,52,18,[1 5],53,134,152,81,123
1,<environment.Job instance at 0x7f65dc2956e0>,54,22,[7 4],55,147,169,92,140
1,<environment.Job instance at 0x7f65db66dcd0>,16,16,[ 5 10],17,152,168,135,141
1,<environment.Job instance at 0x7f65dc2953c0>,57,16,[5 1],58,168,184,110,155
1,<environment.Job instance at 0x7f65dbc4c8c0>,18,18,[10  5],19,169,187,150,158
1,<environment.Job instance at 0x7f65dc38b6e0>,0,13,[ 4 10],1,1,14,0,1
1,<environment.Job instance at 0x7f65dc38b780>,1,16,[4 7],2,14,30,12,2
1,<environment.Job instance at 0x7f65db97e820>,3,13,[ 4 10],4,30,43,26,14
1,<environment.Job instance at 0x7f65dbecab90>,7,12,[6 5],8,14,26,6,14
1,<environment.Job instance at 0x7f65dbeca780>,6,3,[9 4],7,26,29,19,14
1,<environment.Job instance at 0x7f65dbecaf00>,9,15,[7 2],10,29,44,19,15
1,<environment.Job instance at 0x7f65dbeca460>,5,3,[4 8],6,43,46,37,25
1,<environment.Job instance at 0x7f65dbeca050>,14,15,[3 5],15,43,58,28,29
1,<environment.Job instance at 0x7f65dbeca320>,15,3,[8 2],16,44,47,28,32
1,<environment.Job instance at 0x7f65dbeca0f0>,13,18,[ 4 10],14,47,65,33,36
1,<environment.Job instance at 0x7f65db9e9370>,19,13,[4 7],20,65,78,45,49
1,<environment.Job instance at 0x7f65db9e9960>,20,15,[1 8],21,65,80,44,51
1,<environment.Job instance at 0x7f65db9e9780>,21,14,[6 4],22,78,92,56,63
1,<environment.Job instance at 0x7f65db9e9a00>,24,17,[3 5],25,80,97,55,69
1,<environment.Job instance at 0x7f65dbeca370>,16,26,[3 5],17,80,106,63,79
1,<environment.Job instance at 0x7f65db9e9c30>,26,3,[9 1],27,92,95,65,84
1,<environment.Job instance at 0x7f65db9e9d20>,27,3,[7 3],28,95,98,67,84
1,<environment.Job instance at 0x7f65dbecafa0>,8,18,[4 7],9,97,115,88,86
1,<environment.Job instance at 0x7f65db9e9fa0>,29,2,[7 2],30,98,100,68,86
1,<environment.Job instance at 0x7f65db9e9e10>,30,1,[5 5],31,106,107,75,86
1,<environment.Job instance at 0x7f65dbed44b0>,31,2,[2 5],32,107,109,75,86
1,<environment.Job instance at 0x7f65dbed4280>,32,13,[9 5],33,109,122,76,93
1,<environment.Job instance at 0x7f65dbed4370>,33,12,[ 3 10],34,115,127,81,98
1,<environment.Job instance at 0x7f65dbed42d0>,34,1,[7 2],35,100,101,65,98
1,<environment.Job instance at 0x7f65dbed4050>,35,1,[6 4],36,122,123,86,98
1,<environment.Job instance at 0x7f65dbed4550>,36,1,[6 5],37,123,124,86,98
1,<environment.Job instance at 0x7f65db9e9140>,28,1,[12  1],29,124,125,95,104
1,<environment.Job instance at 0x7f65dbed4b90>,38,3,[1 5],39,125,128,86,104
1,<environment.Job instance at 0x7f65dbed4b40>,39,14,[1 5],40,127,141,87,114
1,<environment.Job instance at 0x7f65dbed4690>,40,2,[6 2],41,127,129,86,114
1,<environment.Job instance at 0x7f65db9e95f0>,25,18,[ 3 10],26,129,147,103,118
1,<environment.Job instance at 0x7f65dbed4230>,45,22,[5 4],46,141,163,95,134
1,<environment.Job instance at 0x7f65db232050>,47,3,[4 8],48,147,150,99,134
1,<environment.Job instance at 0x7f65db2320a0>,50,18,[5 8],51,150,168,99,139
1,<environment.Job instance at 0x7f65db232550>,52,13,[8 1],53,163,176,110,147
1,<environment.Job instance at 0x7f65db1870a0>,0,3,[10  5],1,1,4,0,1
1,<environment.Job instance at 0x7f65dadfdc80>,1,14,[1 7],2,2,16,0,2
1,<environment.Job instance at 0x7f65dadfd320>,2,1,[2 9],3,16,17,13,4
1,<environment.Job instance at 0x7f65db187460>,3,18,[2 6],4,4,22,0,4
1,<environment.Job instance at 0x7f65dadfd780>,4,13,[1 6],5,17,30,12,5
1,<environment.Job instance at 0x7f65dadfd730>,6,1,[2 8],7,22,23,15,7
1,<environment.Job instance at 0x7f65dadfd1e0>,8,13,[5 2],9,23,36,14,9
1,<environment.Job instance at 0x7f65dadfd690>,9,15,[10  3],10,30,45,20,16
1,<environment.Job instance at 0x7f65db0fcf50>,12,19,[1 5],13,36,55,23,26
1,<environment.Job instance at 0x7f65dadfddc0>,5,1,[8 2],6,26,27,20,26
1,<environment.Job instance at 0x7f65db0fc370>,15,16,[ 4 10],16,45,61,29,32
1,<environment.Job instance at 0x7f65db0fc1e0>,17,12,[1 7],18,61,73,43,44
1,<environment.Job instance at 0x7f65db0fc960>,18,16,[8 1],19,55,71,36,44
1,<environment.Job instance at 0x7f65db0fc0f0>,14,13,[2 5],15,61,74,46,50
1,<environment.Job instance at 0x7f65db0fc500>,19,14,[9 3],20,71,85,51,56
1,<environment.Job instance at 0x7f65db0fce60>,21,14,[7 4],22,85,99,63,70
1,<environment.Job instance at 0x7f65db0fc5a0>,22,12,[2 8],23,74,86,51,70
1,<environment.Job instance at 0x7f65dadfdc30>,10,3,[1 9],11,86,89,75,70
1,<environment.Job instance at 0x7f65db0fce10>,25,14,[1 5],26,89,103,63,74
1,<environment.Job instance at 0x7f65db0fc3c0>,27,12,[6 5],28,89,101,61,74
1,<environment.Job instance at 0x7f65db0fcf00>,29,16,[ 5 10],30,101,117,71,88
1,<environment.Job instance at 0x7f65db0fc690>,24,15,[5 2],25,103,118,78,99
1,<environment.Job instance at 0x7f65db0fc230>,30,13,[2 9],31,117,130,86,101
1,<environment.Job instance at 0x7f65db0fcaf0>,20,12,[3 6],21,118,130,97,101
1,<environment.Job instance at 0x7f65db0fc2d0>,31,2,[8 4],32,130,132,98,103
1,<environment.Job instance at 0x7f65daf50730>,40,15,[7 4],41,130,145,89,116
1,<environment.Job instance at 0x7f65daf50aa0>,39,22,[5 3],40,132,154,92,125
1,<environment.Job instance at 0x7f65daf505a0>,45,16,[6 3],46,145,161,99,132
1,<environment.Job instance at 0x7f65daf50280>,46,2,[4 9],47,145,147,98,132
1,<environment.Job instance at 0x7f65daf50410>,44,20,[1 9],45,147,167,102,138
1,<environment.Job instance at 0x7f65daf50690>,48,17,[1 8],49,167,184,118,155
1,<environment.Job instance at 0x7f65dadfd410>,11,17,[9 5],12,161,178,149,158
1,<environment.Job instance at 0x7f65daf50820>,52,1,[1 9],53,184,185,131,158
1,<environment.Job instance at 0x7f65db425b90>,0,16,[5 1],1,1,17,0,1
1,<environment.Job instance at 0x7f65db432050>,1,2,[9 4],2,4,6,2,4
1,<environment.Job instance at 0x7f65db425960>,4,1,[5 4],5,6,7,1,6
1,<environment.Job instance at 0x7f65db4253c0>,5,3,[7 4],6,7,10,1,7
1,<environment.Job instance at 0x7f65db425870>,6,19,[4 6],7,10,29,3,7
1,<environment.Job instance at 0x7f65db425550>,7,17,[6 2],8,10,27,2,8
1,<environment.Job instance at 0x7f65db425910>,13,21,[5 5],14,17,38,3,14
1,<environment.Job instance at 0x7f65db425d20>,8,1,[3 8],9,29,30,20,15
1,<environment.Job instance at 0x7f65db425820>,15,3,[1 8],16,30,33,14,17
1,<environment.Job instance at 0x7f65db44af50>,18,12,[9 5],19,33,45,14,19
1,<environment.Job instance at 0x7f65db44ac30>,19,12,[ 5 10],20,38,50,18,21
1,<environment.Job instance at 0x7f65dbb5f500>,21,12,[7 5],22,45,57,23,28
1,<environment.Job instance at 0x7f65dbb5f6e0>,24,14,[3 5],25,50,64,25,35
1,<environment.Job instance at 0x7f65dbb5f0a0>,25,17,[10  2],26,57,74,31,45
1,<environment.Job instance at 0x7f65dbb5fb90>,26,16,[ 5 10],27,64,80,37,51
1,<environment.Job instance at 0x7f65dbaea1e0>,29,12,[6 2],30,74,86,44,57
1,<environment.Job instance at 0x7f65dbc903c0>,33,13,[8 5],34,80,93,46,64
1,<environment.Job instance at 0x7f65dab11e10>,36,16,[4 8],37,86,102,49,73
1,<environment.Job instance at 0x7f65db44a910>,17,16,[6 5],18,93,109,75,85
1,<environment.Job instance at 0x7f65dab11730>,38,22,[5 8],39,102,124,63,95
1,<environment.Job instance at 0x7f65db43c870>,40,18,[7 4],41,109,127,68,98
1,<environment.Job instance at 0x7f65db43c780>,45,18,[5 9],46,124,142,78,113
1,<environment.Job instance at 0x7f65db43c500>,47,18,[7 1],48,127,145,79,116
1,<environment.Job instance at 0x7f65db43c230>,49,17,[6 3],50,142,159,92,130
1,<environment.Job instance at 0x7f65dc176be0>,52,14,[10  1],53,159,173,106,144
1,<environment.Job instance at 0x7f65db3731e0>,53,12,[ 1 10],54,144,156,90,144
1,<environment.Job instance at 0x7f65dae5f3c0>,56,16,[3 5],57,156,172,99,144
1,<environment.Job instance at 0x7f65dab12960>,57,14,[5 1],58,145,159,87,144
1,<environment.Job instance at 0x7f65db43c5f0>,58,14,[6 1],59,173,187,114,158
1,<environment.Job instance at 0x7f65db8e4fa0>,0,3,[4 8],1,2,5,1,2
1,<environment.Job instance at 0x7f65db8e4d20>,1,1,[8 1],2,2,3,0,2
1,<environment.Job instance at 0x7f65db8e44b0>,2,2,[9 1],3,3,5,0,3
1,<environment.Job instance at 0x7f65db8e4780>,3,19,[5 5],4,5,24,1,4
1,<environment.Job instance at 0x7f65db8e4690>,5,3,[3 5],6,6,9,0,6
1,<environment.Job instance at 0x7f65db8cd3c0>,6,14,[2 9],7,9,23,2,7
1,<environment.Job instance at 0x7f65db8cd690>,7,13,[4 7],8,23,36,15,8
1,<environment.Job instance at 0x7f65db8cdb40>,8,15,[4 7],9,24,39,15,10
1,<environment.Job instance at 0x7f65db8e4960>,9,13,[3 7],10,36,49,26,20
1,<environment.Job instance at 0x7f65db8cd500>,12,12,[1 5],13,39,51,26,27
1,<environment.Job instance at 0x7f65db8cd5f0>,13,20,[1 7],14,49,69,35,40
1,<environment.Job instance at 0x7f65db8cdfa0>,17,15,[3 7],18,51,66,33,40
1,<environment.Job instance at 0x7f65db186f00>,20,14,[6 3],21,66,80,45,51
1,<environment.Job instance at 0x7f65db186e60>,21,16,[9 2],22,69,85,47,56
1,<environment.Job instance at 0x7f65db186d20>,22,14,[2 8],23,80,94,57,65
1,<environment.Job instance at 0x7f65db186e10>,25,16,[7 4],26,85,101,59,72
1,<environment.Job instance at 0x7f65db186aa0>,29,18,[7 3],30,94,112,64,83
1,<environment.Job instance at 0x7f65db186eb0>,30,14,[5 3],31,101,115,70,86
1,<environment.Job instance at 0x7f65db1862d0>,32,16,[1 7],33,94,110,61,86
1,<environment.Job instance at 0x7f65db1866e0>,33,15,[7 1],34,112,127,78,98
1,<environment.Job instance at 0x7f65db186870>,34,13,[5 9],35,115,128,80,99
1,<environment.Job instance at 0x7f65dad50550>,40,13,[5 2],41,127,140,86,111
1,<environment.Job instance at 0x7f65dad50e60>,43,13,[9 5],44,128,141,84,112
1,<environment.Job instance at 0x7f65dad50910>,46,17,[9 2],47,141,158,94,129
1,<environment.Job instance at 0x7f65dad506e0>,47,12,[6 5],48,140,152,92,129
1,<environment.Job instance at 0x7f65db8cdcd0>,11,14,[5 4],12,152,166,140,140
1,<environment.Job instance at 0x7f65dad50460>,50,18,[5 7],51,158,176,107,147
1,<environment.Job instance at 0x7f65dad50d20>,52,14,[5 8],53,166,180,113,151
1,<environment.Job instance at 0x7f65dbdec460>,0,1,[4 5],1,1,2,0,1
1,<environment.Job instance at 0x7f65dbdec320>,1,18,[2 8],2,2,20,0,2
1,<environment.Job instance at 0x7f65db589f50>,3,12,[6 3],4,4,16,0,4
1,<environment.Job instance at 0x7f65dc242730>,2,18,[3 8],3,20,38,17,9
1,<environment.Job instance at 0x7f65db589e10>,4,3,[9 1],5,16,19,11,9
1,<environment.Job instance at 0x7f65db599500>,9,14,[9 5],10,19,33,9,10
1,<environment.Job instance at 0x7f65db599280>,7,3,[5 1],8,12,15,4,12
1,<environment.Job instance at 0x7f65db5990f0>,12,3,[8 1],13,33,36,20,13
1,<environment.Job instance at 0x7f65db5991e0>,6,1,[ 3 10],7,38,39,31,18
1,<environment.Job instance at 0x7f65db599190>,10,13,[5 6],11,39,52,28,26
1,<environment.Job instance at 0x7f65db599910>,15,2,[10  4],16,36,38,20,26
1,<environment.Job instance at 0x7f65db5999b0>,16,2,[8 5],17,38,40,21,26
1,<environment.Job instance at 0x7f65db599a50>,17,12,[1 6],18,40,52,22,28
1,<environment.Job instance at 0x7f65db599b90>,18,3,[9 1],19,40,43,21,28
1,<environment.Job instance at 0x7f65db599690>,19,3,[4 9],20,52,55,32,28
1,<environment.Job instance at 0x7f65db599640>,11,21,[5 3],12,43,64,31,35
1,<environment.Job instance at 0x7f65db599f00>,24,13,[8 4],25,55,68,30,39
1,<environment.Job instance at 0x7f65db58f0f0>,26,17,[10  3],27,68,85,41,56
1,<environment.Job instance at 0x7f65db58f4b0>,28,17,[ 2 10],29,64,81,35,56
1,<environment.Job instance at 0x7f65db58f140>,29,12,[2 8],30,81,93,51,64
1,<environment.Job instance at 0x7f65db58f7d0>,32,14,[5 8],33,93,107,60,78
1,<environment.Job instance at 0x7f65db58faa0>,35,15,[5 2],36,85,100,49,78
1,<environment.Job instance at 0x7f65db58fd20>,40,16,[6 1],41,100,116,59,87
1,<environment.Job instance at 0x7f65db58ffa0>,42,17,[5 8],43,107,124,64,95
1,<environment.Job instance at 0x7f65db57e230>,46,15,[6 2],47,116,131,69,102
1,<environment.Job instance at 0x7f65db57e550>,51,12,[3 5],52,102,114,50,102
1,<environment.Job instance at 0x7f65db599870>,14,15,[1 5],15,114,129,99,104
1,<environment.Job instance at 0x7f65db57e690>,53,2,[5 4],54,124,126,70,117
1,<environment.Job instance at 0x7f65db599af0>,20,18,[ 4 10],21,129,147,108,118
1,<environment.Job instance at 0x7f65db57ea50>,58,3,[8 2],59,126,129,67,118
1,<environment.Job instance at 0x7f65db57eaf0>,59,23,[1 5],60,131,154,71,127
1,<environment.Job instance at 0x7f65db599730>,13,18,[5 6],14,147,165,133,136
1,<environment.Job instance at 0x7f65db57ecd0>,62,1,[8 3],63,147,148,84,136
1,<environment.Job instance at 0x7f65db57eb90>,60,18,[5 4],61,148,166,87,141
1,<environment.Job instance at 0x7f65db57ec30>,61,15,[7 5],62,165,180,103,151
1,<environment.Job instance at 0x7f70fbe1b230>,0,13,[9 3],1,1,14,0,1
1,<environment.Job instance at 0x7f70fbe1b320>,2,22,[4 8],3,3,25,0,3
1,<environment.Job instance at 0x7f70f26a3460>,3,3,[4 8],4,25,28,21,4
1,<environment.Job instance at 0x7f70f26a3640>,4,14,[1 6],5,14,28,9,5
1,<environment.Job instance at 0x7f70f26a3730>,5,2,[1 5],6,28,30,22,6
1,<environment.Job instance at 0x7f70f26a3820>,6,20,[6 1],7,14,34,7,7
1,<environment.Job instance at 0x7f70f26a3910>,7,1,[5 4],8,28,29,20,9
1,<environment.Job instance at 0x7f70f26a39b0>,8,13,[5 5],9,29,42,20,13
1,<environment.Job instance at 0x7f70f26a35f0>,10,12,[3 7],11,30,42,19,17
1,<environment.Job instance at 0x7f70f26a3dc0>,14,13,[7 3],15,34,47,19,18
1,<environment.Job instance at 0x7f70f26a3a50>,13,18,[ 4 10],14,42,60,28,31
1,<environment.Job instance at 0x7f70f26a3f00>,16,16,[3 5],17,47,63,30,34
1,<environment.Job instance at 0x7f70f26a50a0>,19,14,[3 5],20,60,74,40,45
1,<environment.Job instance at 0x7f70f26a5640>,24,18,[2 6],25,63,81,38,52
1,<environment.Job instance at 0x7f70f26a56e0>,25,12,[ 5 10],26,81,93,55,64
1,<environment.Job instance at 0x7f70f26a5820>,27,15,[8 4],28,64,79,36,64
1,<environment.Job instance at 0x7f70f26a5960>,29,12,[5 4],30,74,86,44,64
1,<environment.Job instance at 0x7f70f26a5a00>,30,14,[5 2],31,86,100,55,71
1,<environment.Job instance at 0x7f70f26a5320>,31,14,[2 5],32,93,107,61,78
1,<environment.Job instance at 0x7f70f26a5be0>,32,3,[5 1],33,79,82,46,78
1,<environment.Job instance at 0x7f70f26a5230>,33,14,[5 5],34,93,107,59,78
1,<environment.Job instance at 0x7f70f26a5c80>,35,15,[9 5],36,107,122,71,93
1,<environment.Job instance at 0x7f70f26a91e0>,40,15,[10  3],41,122,137,81,108
1,<environment.Job instance at 0x7f70f26a93c0>,43,18,[5 5],44,108,126,64,108
1,<environment.Job instance at 0x7f70f26a9460>,44,3,[5 5],45,126,129,81,108
1,<environment.Job instance at 0x7f70f26a9640>,45,13,[6 5],46,137,150,91,121
1,<environment.Job instance at 0x7f70f26a9780>,48,15,[10  1],49,150,165,101,136
1,<environment.Job instance at 0x7f70f26a9820>,49,16,[2 5],50,136,152,86,136
1,<environment.Job instance at 0x7f70f26a9b40>,53,17,[5 7],54,152,169,98,140
1,<environment.Job instance at 0x7f70f26a9c30>,56,17,[8 5],57,165,182,108,153
1,<environment.Job instance at 0x7f70f26a9cd0>,57,18,[2 8],58,169,187,111,158
1,<environment.Job instance at 0x7f70f26a9d70>,58,14,[2 7],59,182,196,123,167
1,<environment.Job instance at 0x7f70f2da3b40>,0,2,[9 5],1,1,3,0,1
1,<environment.Job instance at 0x7f70f26a9dc0>,1,2,[5 5],2,2,4,0,2
1,<environment.Job instance at 0x7f70f2da3e10>,2,1,[6 4],3,3,4,0,3
1,<environment.Job instance at 0x7f70f2da3050>,3,18,[6 5],4,4,22,0,4
1,<environment.Job instance at 0x7f70f2da31e0>,4,19,[6 1],5,5,24,0,5
1,<environment.Job instance at 0x7f70f26a9d70>,6,2,[11  5],7,24,26,17,8
1,<environment.Job instance at 0x7f70f2d45410>,8,3,[14  4],9,26,29,17,9
1,<environment.Job instance at 0x7f70f2d45d20>,9,14,[2 6],10,10,24,0,10
1,<environment.Job instance at 0x7f70f2d45cd0>,10,1,[5 8],11,22,23,11,11
1,<environment.Job instance at 0x7f70f2d45b90>,13,2,[7 3],14,29,31,15,14
1,<environment.Job instance at 0x7f70f2d458c0>,11,13,[8 5],12,29,42,17,14
1,<environment.Job instance at 0x7f70f2d45a50>,14,3,[4 6],15,23,26,8,15
1,<environment.Job instance at 0x7f70f2d45af0>,15,2,[5 2],16,31,33,15,16
1,<environment.Job instance at 0x7f70f2d459b0>,16,1,[5 9],17,33,34,16,17
1,<environment.Job instance at 0x7f70f2d455a0>,17,1,[2 9],18,34,35,16,18
1,<environment.Job instance at 0x7f70f2da35f0>,12,14,[2 9],13,35,49,22,22
1,<environment.Job instance at 0x7f70f2d45c80>,20,18,[10  3],21,42,60,21,31
1,<environment.Job instance at 0x7f70f2da3780>,7,21,[ 3 10],8,49,70,41,45
1,<environment.Job instance at 0x7f70f2d46960>,24,12,[3 8],25,70,82,45,53
1,<environment.Job instance at 0x7f70f2d467d0>,26,14,[5 5],27,60,74,33,53
1,<environment.Job instance at 0x7f70f2d46500>,30,13,[10  5],31,74,87,43,58
1,<environment.Job instance at 0x7f70f2d46e10>,31,14,[1 6],32,82,96,50,67
1,<environment.Job instance at 0x7f70f2d46820>,32,14,[2 7],33,87,101,54,72
1,<environment.Job instance at 0x7f70f2d46550>,33,14,[7 5],34,96,110,62,81
1,<environment.Job instance at 0x7f70f2d46370>,35,14,[10  2],36,110,124,74,95
1,<environment.Job instance at 0x7f70f2d46280>,36,3,[2 8],37,101,104,64,96
1,<environment.Job instance at 0x7f70f2d46230>,40,3,[5 6],41,104,107,63,96
1,<environment.Job instance at 0x7f70f2d46e60>,44,16,[7 2],45,124,140,79,111
1,<environment.Job instance at 0x7f70f2d56af0>,46,12,[ 3 10],47,112,124,65,112
1,<environment.Job instance at 0x7f70f2d56320>,47,3,[1 5],48,124,127,76,112
1,<environment.Job instance at 0x7f70f2d561e0>,50,18,[4 5],51,124,142,73,113
1,<environment.Job instance at 0x7f70f2d56690>,51,18,[2 8],52,127,145,75,116
1,<environment.Job instance at 0x7f70f2d567d0>,54,16,[9 4],55,142,158,87,129
1,<environment.Job instance at 0x7f70f2d56820>,56,14,[10  1],57,158,172,101,143
1,<environment.Job instance at 0x7f70f2d45be0>,19,12,[9 3],20,172,184,152,159
1,<environment.Job instance at 0x7f70f1f5c730>,1,17,[10  3],2,2,19,0,2
1,<environment.Job instance at 0x7f70f2d45d70>,2,13,[1 6],3,3,16,0,3
1,<environment.Job instance at 0x7f70f1f5cd20>,3,3,[3 5],4,4,7,0,4
1,<environment.Job instance at 0x7f70f1f5c410>,4,14,[1 5],5,7,21,2,5
1,<environment.Job instance at 0x7f70f1f5cdc0>,5,12,[ 4 10],6,19,31,13,6
1,<environment.Job instance at 0x7f70f1f5ce60>,6,1,[2 6],7,16,17,9,7
1,<environment.Job instance at 0x7f70f1dcdb40>,8,2,[5 7],9,31,33,22,9
1,<environment.Job instance at 0x7f70f1dcdf50>,9,16,[5 4],10,21,37,11,10
1,<environment.Job instance at 0x7f70f1dcdb90>,15,3,[9 4],16,33,36,17,16
1,<environment.Job instance at 0x7f70f1dcdc80>,12,12,[8 1],13,36,48,23,21
1,<environment.Job instance at 0x7f70f1dcdcd0>,14,18,[3 6],15,37,55,22,28
1,<environment.Job instance at 0x7f70f1dc9aa0>,21,17,[7 5],22,48,65,26,36
1,<environment.Job instance at 0x7f70f1dc9910>,22,12,[3 8],23,55,67,32,38
1,<environment.Job instance at 0x7f70f1dc9870>,24,15,[4 6],25,65,80,40,51
1,<environment.Job instance at 0x7f70f1dc9fa0>,27,15,[5 3],28,67,82,39,53
1,<environment.Job instance at 0x7f70f1dc9370>,28,18,[1 5],29,67,85,38,58
1,<environment.Job instance at 0x7f70f1dc9c80>,35,13,[5 5],36,80,93,44,64
1,<environment.Job instance at 0x7f70f1dc4fa0>,40,14,[7 5],41,82,96,41,67
1,<environment.Job instance at 0x7f70f1dc4d70>,45,16,[10  4],46,96,112,50,83
1,<environment.Job instance at 0x7f70f1dc4c80>,47,12,[5 8],48,93,105,45,83
1,<environment.Job instance at 0x7f70f1dc45a0>,48,14,[7 5],49,112,126,63,97
1,<environment.Job instance at 0x7f70f1dcdaf0>,10,14,[8 3],11,112,126,101,97
1,<environment.Job instance at 0x7f70f1dc4910>,51,3,[9 4],52,126,129,74,100
1,<environment.Job instance at 0x7f70f1dc40a0>,52,1,[7 4],53,129,130,76,101
1,<environment.Job instance at 0x7f70f1e3fb40>,53,2,[9 2],54,130,132,76,103
1,<environment.Job instance at 0x7f70f1dcdc30>,16,16,[9 2],17,132,148,115,120
1,<environment.Job instance at 0x7f70f1e3f410>,55,2,[ 4 11],56,126,128,70,120
1,<environment.Job instance at 0x7f70f1e3f0f0>,56,12,[8 3],57,148,160,91,131
1,<environment.Job instance at 0x7f70f1e3f6e0>,57,15,[2 9],58,131,146,73,131
1,<environment.Job instance at 0x7f70f1e3fa00>,58,1,[2 6],59,146,147,87,131
1,<environment.Job instance at 0x7f70f1f5c4b0>,0,15,[7 1],1,148,163,147,136
1,<environment.Job instance at 0x7f70f1e3fa50>,60,2,[10  2],61,163,165,102,139
1,<environment.Job instance at 0x7f70f1dc4f50>,50,18,[9 5],51,165,183,114,154
1,<environment.Job instance at 0x7f70f1e3f870>,61,17,[2 6],62,162,179,100,162
1,<environment.Job instance at 0x7f70f1e3f780>,63,2,[ 2 14],64,183,185,119,162
1,<environment.Job instance at 0x7f70f1df75f0>,0,12,[2 5],1,1,13,0,1
1,<environment.Job instance at 0x7f70f1df7410>,1,16,[6 5],2,2,18,0,2
1,<environment.Job instance at 0x7f70f1fc94b0>,2,1,[2 9],3,13,14,10,5
1,<environment.Job instance at 0x7f70f1fa7690>,4,1,[5 8],5,14,15,9,5
1,<environment.Job instance at 0x7f70f1fa7a50>,5,12,[2 9],6,15,27,9,6
1,<environment.Job instance at 0x7f70f1fa70f0>,7,2,[2 8],8,27,29,19,12
1,<environment.Job instance at 0x7f70f1fa7050>,12,3,[ 1 10],13,29,32,16,13
1,<environment.Job instance at 0x7f70f1fb29b0>,13,3,[7 3],14,18,21,4,16
1,<environment.Job instance at 0x7f70f1fa7d70>,11,18,[8 4],12,21,39,9,16
1,<environment.Job instance at 0x7f70f1fb2e10>,16,16,[5 5],17,32,48,15,19
1,<environment.Job instance at 0x7f70f1fa7cd0>,9,13,[5 9],10,39,52,29,23
1,<environment.Job instance at 0x7f70f1fb2730>,18,2,[5 7],19,52,54,33,25
1,<environment.Job instance at 0x7f70f1fb2140>,19,15,[7 1],20,48,63,28,34
1,<environment.Job instance at 0x7f70f1fb2be0>,20,14,[6 4],21,54,68,33,39
1,<environment.Job instance at 0x7f70f1fb2780>,17,22,[1 7],18,52,74,34,45
1,<environment.Job instance at 0x7f70f1fb2fa0>,24,14,[7 1],25,63,77,38,48
1,<environment.Job instance at 0x7f70f1ec48c0>,28,16,[8 5],29,74,90,45,61
1,<environment.Job instance at 0x7f70f1ec45a0>,29,18,[7 5],30,77,95,47,66
1,<environment.Job instance at 0x7f70f1ec46e0>,31,14,[5 8],32,90,104,58,75
1,<environment.Job instance at 0x7f70f1ec4730>,32,16,[9 2],33,95,111,62,83
1,<environment.Job instance at 0x7f70f1ec4910>,33,15,[6 3],34,104,119,70,90
1,<environment.Job instance at 0x7f70f1ec4d70>,35,18,[7 5],36,111,129,75,100
1,<environment.Job instance at 0x7f70f1ec4960>,38,17,[10  3],39,129,146,90,117
1,<environment.Job instance at 0x7f70f1ec4b90>,42,18,[5 1],43,119,137,76,117
1,<environment.Job instance at 0x7f70fb86b690>,47,13,[7 3],48,146,159,98,130
1,<environment.Job instance at 0x7f70fb86bdc0>,48,20,[6 2],49,146,166,97,137
1,<environment.Job instance at 0x7f70fb86b7d0>,50,14,[3 6],51,159,173,108,144
1,<environment.Job instance at 0x7f70fb86b460>,52,15,[1 6],53,144,159,91,144
1,<environment.Job instance at 0x7f70fb86b1e0>,54,12,[4 6],55,159,171,104,144
1,<environment.Job instance at 0x7f70fb86b4b0>,55,17,[7 1],56,166,183,110,154
1,<environment.Job instance at 0x7f70fb86b640>,57,18,[1 7],58,171,189,113,160
1,<environment.Job instance at 0x7f70fb86b5f0>,59,14,[10  1],60,183,197,123,168
1,<environment.Job instance at 0x7f70fb86bd20>,60,15,[1 6],61,173,188,112,168
1,<environment.Job instance at 0x7f70f2db3640>,1,14,[4 6],2,2,16,0,2
1,<environment.Job instance at 0x7f70f2db3550>,3,2,[6 3],4,4,6,0,4
1,<environment.Job instance at 0x7f70f2db3500>,4,1,[9 4],5,6,7,1,5
1,<environment.Job instance at 0x7f70f2db3230>,5,23,[7 1],6,7,30,1,6
1,<environment.Job instance at 0x7f70f2db3050>,6,1,[4 9],7,16,17,9,7
1,<environment.Job instance at 0x7f70f2dba0a0>,7,17,[4 9],8,17,34,9,8
1,<environment.Job instance at 0x7f70f2dba730>,8,2,[8 5],9,30,32,21,9
1,<environment.Job instance at 0x7f70f2dbabe0>,13,12,[ 1 14],14,34,46,20,17
1,<environment.Job instance at 0x7f70f2dba1e0>,9,14,[6 1],10,32,46,22,28
1,<environment.Job instance at 0x7f70f2dba320>,12,14,[3 9],13,46,60,33,31
1,<environment.Job instance at 0x7f70f2dba640>,11,17,[10  4],12,46,63,34,34
1,<environment.Job instance at 0x7f70f2dbacd0>,18,1,[ 3 14],19,63,64,44,36
1,<environment.Job instance at 0x7f70f2dba0f0>,19,2,[5 6],20,60,62,40,36
1,<environment.Job instance at 0x7f70f2dba370>,20,1,[5 9],21,62,63,41,36
1,<environment.Job instance at 0x7f70f2dbac80>,21,3,[8 4],22,64,67,42,38
1,<environment.Job instance at 0x7f70f2dbab40>,22,3,[5 2],23,64,67,41,38
1,<environment.Job instance at 0x7f70f2dbaf50>,23,3,[9 2],24,67,70,43,41
1,<environment.Job instance at 0x7f70f2dba230>,17,18,[3 6],18,67,85,49,56
1,<environment.Job instance at 0x7f70f2b25780>,25,12,[5 6],26,70,82,44,56
1,<environment.Job instance at 0x7f70f2b258c0>,26,17,[5 5],27,82,99,55,70
1,<environment.Job instance at 0x7f70f2b25320>,27,13,[8 2],28,85,98,57,70
1,<environment.Job instance at 0x7f70f3035c80>,32,17,[1 6],33,85,102,52,73
1,<environment.Job instance at 0x7f70f2f9c9b0>,33,16,[4 9],34,99,115,65,86
1,<environment.Job instance at 0x7f70f2dc8500>,38,15,[3 6],39,102,117,63,88
1,<environment.Job instance at 0x7f70f2dba7d0>,14,14,[7 4],15,115,129,100,101
1,<environment.Job instance at 0x7f70f2dc8910>,39,18,[9 5],40,129,147,89,118
1,<environment.Job instance at 0x7f70f2dc82d0>,44,17,[6 5],45,118,135,73,118
1,<environment.Job instance at 0x7f70f2dba280>,24,18,[4 7],25,135,153,110,124
1,<environment.Job instance at 0x7f70f2dc8140>,48,1,[6 1],49,147,148,98,124
1,<environment.Job instance at 0x7f70f2dc80f0>,49,15,[5 2],50,147,162,97,133
1,<environment.Job instance at 0x7f70f3184d20>,50,13,[12  5],51,162,175,111,146
1,<environment.Job instance at 0x7f70f31846e0>,51,14,[7 1],52,175,189,123,160
1,<environment.Job instance at 0x7f70f2622460>,0,16,[5 9],1,1,17,0,1
1,<environment.Job instance at 0x7f70f2622a50>,2,14,[9 1],3,3,17,0,3
1,<environment.Job instance at 0x7f70f27af1e0>,4,3,[8 2],5,17,20,12,5
1,<environment.Job instance at 0x7f70f27af050>,6,3,[8 5],7,20,23,13,7
1,<environment.Job instance at 0x7f70f27af5a0>,7,12,[5 4],8,17,29,9,8
1,<environment.Job instance at 0x7f70f27af730>,8,14,[8 1],9,23,37,14,9
1,<environment.Job instance at 0x7f70f27af320>,10,18,[5 8],11,29,47,18,21
1,<environment.Job instance at 0x7f70f27af9b0>,1,15,[9 5],2,37,52,35,23
1,<environment.Job instance at 0x7f70f25cafa0>,15,3,[13  2],16,52,55,36,26
1,<environment.Job instance at 0x7f70f25ca230>,16,1,[9 4],17,55,56,38,27
1,<environment.Job instance at 0x7f70f25ca690>,17,3,[3 8],18,47,50,29,27
1,<environment.Job instance at 0x7f70f25ca190>,18,1,[13  4],19,56,57,37,28
1,<environment.Job instance at 0x7f70f25ca730>,19,13,[ 2 10],20,50,63,30,34
1,<environment.Job instance at 0x7f70f25ca9b0>,21,15,[7 5],22,57,72,35,43
1,<environment.Job instance at 0x7f70f25ca550>,20,15,[4 9],21,63,78,42,51
1,<environment.Job instance at 0x7f70f25cae60>,24,2,[5 2],25,72,74,47,51
1,<environment.Job instance at 0x7f70f25cac30>,25,3,[5 1],26,72,75,46,51
1,<environment.Job instance at 0x7f70f25caaf0>,23,16,[8 2],24,75,91,51,62
1,<environment.Job instance at 0x7f70f27af6e0>,9,16,[ 4 10],10,78,94,68,65
1,<environment.Job instance at 0x7f70f25ca2d0>,29,15,[5 6],30,94,109,64,80
1,<environment.Job instance at 0x7f70f2555e10>,32,13,[6 5],33,91,104,58,80
1,<environment.Job instance at 0x7f70f25ca280>,30,15,[9 1],31,104,119,73,90
1,<environment.Job instance at 0x7f70f2555370>,35,13,[4 7],36,109,122,73,93
1,<environment.Job instance at 0x7f70f2555500>,36,2,[7 2],37,119,121,82,93
1,<environment.Job instance at 0x7f70f2555050>,34,18,[1 8],35,121,139,86,110
1,<environment.Job instance at 0x7f70f2555aa0>,37,15,[6 1],38,122,137,84,116
1,<environment.Job instance at 0x7f70f25557d0>,39,1,[9 4],40,137,138,97,116
1,<environment.Job instance at 0x7f70f25555a0>,38,18,[5 8],39,139,157,100,128
1,<environment.Job instance at 0x7f70f2555690>,41,3,[3 7],42,138,141,96,128
1,<environment.Job instance at 0x7f70f25552d0>,42,2,[5 6],43,128,130,85,128
1,<environment.Job instance at 0x7f70f25558c0>,43,3,[10  1],44,141,144,97,128
1,<environment.Job instance at 0x7f70f2555be0>,44,15,[7 5],45,144,159,99,130
1,<environment.Job instance at 0x7f70f2555b90>,47,15,[ 1 10],48,157,172,109,143
1,<environment.Job instance at 0x7f70f2555d70>,48,3,[2 7],49,172,175,123,146
1,<environment.Job instance at 0x7f70f2555730>,40,20,[9 5],41,159,179,118,153
1,<environment.Job instance at 0x7f70f2529f50>,51,18,[3 7],52,175,193,123,164
1,<environment.Job instance at 0x7f70f2529780>,53,14,[5 5],54,179,193,125,164
1,<environment.Job instance at 0x7f70f260f140>,1,14,[ 5 10],2,2,16,0,2
1,<environment.Job instance at 0x7f70f2529eb0>,2,19,[8 3],3,3,22,0,3
1,<environment.Job instance at 0x7f70f1c03dc0>,5,1,[7 1],6,16,17,10,7
1,<environment.Job instance at 0x7f70f1c03c30>,3,13,[8 3],4,22,35,18,7
1,<environment.Job instance at 0x7f70f1c03fa0>,7,1,[2 6],8,17,18,9,8
1,<environment.Job instance at 0x7f70f1c03d70>,6,23,[5 5],7,17,40,10,14
1,<environment.Job instance at 0x7f70f1c07320>,10,1,[12  5],11,40,41,29,14
1,<environment.Job instance at 0x7f70f1c073c0>,11,13,[5 2],12,41,54,29,25
1,<environment.Job instance at 0x7f70f1c07460>,12,1,[5 2],13,35,36,22,25
1,<environment.Job instance at 0x7f70f1c070a0>,8,14,[9 5],9,41,55,32,29
1,<environment.Job instance at 0x7f70f1c07500>,13,17,[6 4],14,54,71,40,42
1,<environment.Job instance at 0x7f70f1c07640>,15,3,[ 3 10],16,55,58,39,42
1,<environment.Job instance at 0x7f70f2529780>,4,17,[8 5],5,58,75,53,52
1,<environment.Job instance at 0x7f70f1c077d0>,17,14,[2 6],18,71,85,53,56
1,<environment.Job instance at 0x7f70f1c07870>,18,12,[5 1],19,71,83,52,58
1,<environment.Job instance at 0x7f70f1c071e0>,16,13,[10  5],17,83,96,66,67
1,<environment.Job instance at 0x7f70f1c07b90>,23,3,[1 6],24,67,70,43,67
1,<environment.Job instance at 0x7f70f1c07c30>,24,15,[8 1],25,96,111,71,82
1,<environment.Job instance at 0x7f70f1c07e60>,25,14,[5 7],26,85,99,59,82
1,<environment.Job instance at 0x7f70f1c07d70>,26,1,[ 3 10],27,99,100,72,82
1,<environment.Job instance at 0x7f70f1c072d0>,27,15,[3 9],28,100,115,72,86
1,<environment.Job instance at 0x7f70f1c07f50>,28,15,[ 4 10],29,115,130,86,101
1,<environment.Job instance at 0x7f70f1c07dc0>,29,2,[3 7],30,130,132,100,103
1,<environment.Job instance at 0x7f70f1c090a0>,30,18,[5 4],31,111,129,80,103
1,<environment.Job instance at 0x7f70f1c09230>,31,1,[4 7],32,130,131,98,103
1,<environment.Job instance at 0x7f70f1c092d0>,32,19,[6 2],33,131,150,98,121
1,<environment.Job instance at 0x7f70f1c09370>,33,3,[1 8],34,132,135,98,121
1,<environment.Job instance at 0x7f70f1c09410>,34,1,[1 7],35,135,136,100,121
1,<environment.Job instance at 0x7f70f1c094b0>,35,3,[14  4],36,150,153,114,124
1,<environment.Job instance at 0x7f70f1c09730>,39,13,[7 2],40,132,145,92,125
1,<environment.Job instance at 0x7f70f1c097d0>,40,14,[2 6],41,136,150,95,125
1,<environment.Job instance at 0x7f70f1c09aa0>,43,16,[3 8],44,153,169,109,140
1,<environment.Job instance at 0x7f70f1c09b90>,44,16,[9 2],45,153,169,108,143
1,<environment.Job instance at 0x7f70f1c09d70>,47,18,[5 5],48,169,187,121,158
1,<environment.Job instance at 0x7f70f1c0b140>,53,18,[4 5],54,169,187,115,158
1,<environment.Job instance at 0x7f70f1c0b320>,54,15,[3 5],55,158,173,103,158
1,<environment.Job instance at 0x7f70f1d26500>,0,18,[4 5],1,1,19,0,1
1,<environment.Job instance at 0x7f70f1c0b370>,1,18,[4 9],2,3,21,1,3
1,<environment.Job instance at 0x7f70f1c0b320>,2,3,[1 7],3,21,24,18,3
1,<environment.Job instance at 0x7f70f28527d0>,3,13,[9 3],4,19,32,15,4
1,<environment.Job instance at 0x7f70f2852140>,8,12,[1 9],9,24,36,15,9
1,<environment.Job instance at 0x7f70f2852690>,9,3,[6 1],10,10,13,0,10
1,<environment.Job instance at 0x7f70f2852d20>,10,2,[2 6],11,32,34,21,11
1,<environment.Job instance at 0x7f70f2852050>,11,2,[7 1],12,13,15,1,12
1,<environment.Job instance at 0x7f70f2852c30>,12,3,[6 1],13,15,18,2,13
1,<environment.Job instance at 0x7f70f2852370>,6,14,[5 4],7,34,48,27,19
1,<environment.Job instance at 0x7f70f2852550>,7,1,[3 8],8,36,37,28,20
1,<environment.Job instance at 0x7f70f2852d70>,14,22,[1 8],15,37,59,22,30
1,<environment.Job instance at 0x7f70fbd56730>,19,17,[9 1],20,37,54,17,31
1,<environment.Job instance at 0x7f70fbd56140>,20,16,[4 8],21,59,75,38,46
1,<environment.Job instance at 0x7f70f2543320>,23,17,[ 4 10],24,75,92,51,63
1,<environment.Job instance at 0x7f70f2543820>,24,15,[5 3],25,63,78,38,63
1,<environment.Job instance at 0x7f70f2543f00>,25,15,[8 3],26,78,93,52,64
1,<environment.Job instance at 0x7f70f2543c80>,30,13,[10  5],31,93,106,62,77
1,<environment.Job instance at 0x7f70f2852500>,4,19,[2 5],5,92,111,87,83
1,<environment.Job instance at 0x7f70f2543050>,31,12,[8 2],32,106,118,74,90
1,<environment.Job instance at 0x7f70f2543b40>,34,15,[4 7],35,106,121,71,92
1,<environment.Job instance at 0x7f70f25438c0>,41,16,[4 9],42,121,137,79,108
1,<environment.Job instance at 0x7f70f1f57410>,42,15,[1 6],43,111,126,68,108
1,<environment.Job instance at 0x7f70f1f57960>,44,13,[1 9],45,137,150,92,121
1,<environment.Job instance at 0x7f70f1f57280>,45,12,[5 2],46,126,138,80,121
1,<environment.Job instance at 0x7f70f2543550>,32,22,[5 3],33,126,148,93,122
1,<environment.Job instance at 0x7f70f1f57e60>,47,3,[7 5],48,148,151,100,122
1,<environment.Job instance at 0x7f70f1f575a0>,48,2,[5 3],49,138,140,89,123
1,<environment.Job instance at 0x7f70f1f57c30>,46,18,[7 1],47,140,158,93,129
1,<environment.Job instance at 0x7f70f1f57140>,52,13,[1 9],53,150,163,97,134
1,<environment.Job instance at 0x7f70fb80ae60>,54,14,[2 7],55,163,177,108,148
1,<environment.Job instance at 0x7f70fb80a4b0>,56,16,[9 3],57,158,174,101,148
1,<environment.Job instance at 0x7f70fb80a870>,58,16,[5 1],59,174,190,115,161
1,<environment.Job instance at 0x7f70fb80a8c0>,60,17,[4 7],61,174,191,113,162
1,<environment.Job instance at 0x7f70fb80aeb0>,61,14,[3 5],62,177,191,115,162
1,<environment.Job instance at 0x7f70f18d4e60>,0,17,[5 9],1,1,18,0,1
1,<environment.Job instance at 0x7f70f1ff66e0>,4,14,[9 5],5,5,19,0,5
1,<environment.Job instance at 0x7f70f1ff6d20>,5,14,[6 1],6,18,32,12,6
1,<environment.Job instance at 0x7f70f1ff63c0>,6,16,[3 8],7,19,35,12,7
1,<environment.Job instance at 0x7f70f1ff6820>,7,18,[ 5 10],8,35,53,27,24
1,<environment.Job instance at 0x7f70f1ff6550>,11,2,[6 2],12,24,26,12,24
1,<environment.Job instance at 0x7f70f1d092d0>,12,12,[10  2],13,32,44,19,24
1,<environment.Job instance at 0x7f70f1d09e60>,13,1,[5 5],14,26,27,12,24
1,<environment.Job instance at 0x7f70f1d09d20>,14,18,[ 2 10],15,53,71,38,42
1,<environment.Job instance at 0x7f70f2447b40>,15,14,[8 4],16,44,58,28,42
1,<environment.Job instance at 0x7f70f2447640>,16,18,[ 2 10],17,71,89,54,60
1,<environment.Job instance at 0x7f70f2447cd0>,17,18,[5 9],18,89,107,71,78
1,<environment.Job instance at 0x7f70f2953780>,18,3,[6 2],19,78,81,59,78
1,<environment.Job instance at 0x7f70f29538c0>,19,1,[6 1],20,78,79,58,78
1,<environment.Job instance at 0x7f70f193d550>,20,17,[8 2],21,81,98,60,78
1,<environment.Job instance at 0x7f70f29532d0>,21,14,[4 9],22,107,121,85,92
1,<environment.Job instance at 0x7f70f193dcd0>,22,16,[6 2],23,98,114,75,92
1,<environment.Job instance at 0x7f70f21e9320>,23,3,[ 2 10],24,121,124,97,95
1,<environment.Job instance at 0x7f70f21e9a00>,24,15,[2 5],25,114,129,89,100
1,<environment.Job instance at 0x7f70f21e9af0>,25,13,[2 7],26,124,137,98,108
1,<environment.Job instance at 0x7f70f21e9230>,26,3,[1 8],27,129,132,102,108
1,<environment.Job instance at 0x7f70f21c84b0>,27,1,[3 5],28,132,133,104,108
1,<environment.Job instance at 0x7f70f21c8d20>,28,25,[5 5],29,133,158,104,129
1,<environment.Job instance at 0x7f70f21c8e60>,29,2,[5 1],30,132,134,102,129
1,<environment.Job instance at 0x7f70f21c8aa0>,30,18,[14  5],31,158,176,127,147
1,<environment.Job instance at 0x7f70f21c8410>,31,15,[ 1 12],32,176,191,144,162
1,<environment.Job instance at 0x7f70f21f0780>,0,3,[ 4 10],1,2,5,1,2
1,<environment.Job instance at 0x7f70f1df3eb0>,1,16,[2 6],2,5,21,3,2
1,<environment.Job instance at 0x7f70f2deeaa0>,4,13,[2 5],5,5,18,0,5
1,<environment.Job instance at 0x7f70f3035690>,5,17,[1 8],6,18,35,12,6
1,<environment.Job instance at 0x7f70f3035320>,7,3,[4 9],8,35,38,27,9
1,<environment.Job instance at 0x7f70f304c190>,9,3,[3 5],10,21,24,11,10
1,<environment.Job instance at 0x7f70f304c050>,10,3,[2 6],11,24,27,13,11
1,<environment.Job instance at 0x7f70f21c8550>,8,14,[1 6],9,27,41,18,13
1,<environment.Job instance at 0x7f70f304caa0>,14,13,[2 8],15,38,51,23,22
1,<environment.Job instance at 0x7f70f304cbe0>,15,3,[5 5],16,41,44,25,22
1,<environment.Job instance at 0x7f70f304c6e0>,16,1,[5 3],17,44,45,27,23
1,<environment.Job instance at 0x7f70f3190c30>,17,12,[2 5],18,45,57,27,28
1,<environment.Job instance at 0x7f70f3190280>,18,3,[10  4],19,51,54,32,28
1,<environment.Job instance at 0x7f70f304c140>,13,18,[1 8],14,54,72,40,43
1,<environment.Job instance at 0x7f70f3081b40>,21,12,[5 1],22,54,66,32,43
1,<environment.Job instance at 0x7f70f305e280>,24,16,[5 3],25,57,73,32,44
1,<environment.Job instance at 0x7f70fb868460>,25,13,[2 6],26,72,85,46,56
1,<environment.Job instance at 0x7f70f320e640>,28,18,[5 6],29,72,90,43,61
1,<environment.Job instance at 0x7f70f2693320>,31,12,[7 4],32,85,97,53,68
1,<environment.Job instance at 0x7f70f326c6e0>,32,18,[7 3],33,90,108,57,79
1,<environment.Job instance at 0x7f70f2693aa0>,33,13,[4 7],34,97,110,63,81
1,<environment.Job instance at 0x7f70f3194460>,35,16,[5 7],36,108,124,72,95
1,<environment.Job instance at 0x7f70f3194640>,36,12,[4 6],37,110,122,73,95
1,<environment.Job instance at 0x7f70f2de0aa0>,37,16,[3 5],38,122,138,84,109
1,<environment.Job instance at 0x7f70f2e1d140>,40,17,[8 3],41,124,141,83,112
1,<environment.Job instance at 0x7f70f2e1d5a0>,41,12,[7 5],42,138,150,96,121
1,<environment.Job instance at 0x7f70f3219910>,42,12,[5 4],43,141,153,98,124
1,<environment.Job instance at 0x7f70f3219af0>,43,13,[10  3],44,150,163,106,134
1,<environment.Job instance at 0x7f70f32602d0>,44,17,[5 6],45,153,170,108,141
1,<environment.Job instance at 0x7f70f3260460>,46,15,[1 5],47,163,178,116,149
1,<environment.Job instance at 0x7f70f3241c30>,50,14,[6 1],51,163,177,112,149
1,<environment.Job instance at 0x7f70f3270870>,52,17,[3 8],53,170,187,117,158
1,<environment.Job instance at 0x7f70f3270fa0>,57,14,[9 3],58,178,192,120,168
1,<environment.Job instance at 0x7f70f1cb4a00>,0,20,[5 8],1,1,21,0,1
1,<environment.Job instance at 0x7f70f1cb4aa0>,1,2,[10  5],2,6,8,4,6
1,<environment.Job instance at 0x7f70f2d6ccd0>,6,18,[3 5],7,8,26,1,7
1,<environment.Job instance at 0x7f70f3270b40>,2,1,[9 4],3,21,22,18,7
1,<environment.Job instance at 0x7f70f2d6c050>,8,14,[7 5],9,22,36,13,9
1,<environment.Job instance at 0x7f70f2d6c190>,11,12,[7 5],12,26,38,14,12
1,<environment.Job instance at 0x7f70f2d6c640>,5,2,[1 8],6,36,38,30,13
1,<environment.Job instance at 0x7f70f2d7f820>,13,2,[9 4],14,38,40,24,14
1,<environment.Job instance at 0x7f70f2d6c550>,4,1,[1 7],5,38,39,33,15
1,<environment.Job instance at 0x7f70f2d7f640>,15,2,[ 5 10],16,39,41,23,20
1,<environment.Job instance at 0x7f70f2d7f410>,18,13,[5 9],19,41,54,22,25
1,<environment.Job instance at 0x7f70f2d7ff50>,20,14,[5 5],21,40,54,19,25
1,<environment.Job instance at 0x7f70f2d7f190>,21,17,[2 9],22,54,71,32,42
1,<environment.Job instance at 0x7f70f2080230>,26,12,[9 1],27,54,66,27,42
1,<environment.Job instance at 0x7f70f20801e0>,28,14,[7 3],29,66,80,37,51
1,<environment.Job instance at 0x7f70f2080500>,30,12,[3 8],31,71,83,40,54
1,<environment.Job instance at 0x7f70f27d3910>,34,18,[6 3],35,80,98,45,69
1,<environment.Job instance at 0x7f70f27d3960>,37,16,[2 6],38,83,99,45,70
1,<environment.Job instance at 0x7f70f27d3820>,39,15,[5 3],40,70,85,30,70
1,<environment.Job instance at 0x7f70f27d3fa0>,40,17,[6 4],41,85,102,44,73
1,<environment.Job instance at 0x7f70f277f0f0>,42,18,[9 5],43,99,117,56,88
1,<environment.Job instance at 0x7f70f277f410>,43,17,[5 1],44,102,119,58,90
1,<environment.Job instance at 0x7f70f277f320>,45,15,[9 5],46,117,132,71,103
1,<environment.Job instance at 0x7f70f277fdc0>,48,14,[3 8],49,119,133,70,104
1,<environment.Job instance at 0x7f70f318e7d0>,50,13,[6 5],51,132,145,81,116
1,<environment.Job instance at 0x7f70f318eb90>,51,16,[8 5],52,133,149,81,120
1,<environment.Job instance at 0x7f70f318e550>,54,17,[5 7],55,145,162,90,133
1,<environment.Job instance at 0x7f70f318edc0>,55,12,[5 1],56,149,161,93,133
1,<environment.Job instance at 0x7f70f318e320>,58,15,[6 1],59,161,176,102,147
1,<environment.Job instance at 0x7f70f318ecd0>,60,12,[6 1],61,162,174,101,147
1,<environment.Job instance at 0x7f70f318e500>,63,20,[5 2],64,174,194,110,165
1,<environment.Job instance at 0x7f70f318e730>,65,15,[8 2],66,176,191,110,165
1,<environment.Job instance at 0x7f70f1a261e0>,0,13,[8 2],1,1,14,0,1
1,<environment.Job instance at 0x7f70f1a26140>,1,2,[5 2],2,2,4,0,2
1,<environment.Job instance at 0x7f70f1a26960>,2,13,[1 7],3,3,16,0,3
1,<environment.Job instance at 0x7f70f1a269b0>,3,15,[3 5],4,4,19,0,4
1,<environment.Job instance at 0x7f70f1a26230>,4,13,[6 5],5,16,29,11,5
1,<environment.Job instance at 0x7f70f1a264b0>,5,13,[6 1],6,14,27,8,6
1,<environment.Job instance at 0x7f70f318e8c0>,7,2,[10  1],8,29,31,21,8
1,<environment.Job instance at 0x7f70f1a26e60>,8,1,[2 8],9,19,20,10,9
1,<environment.Job instance at 0x7f70f1a265a0>,9,13,[3 6],10,20,33,10,10
1,<environment.Job instance at 0x7f70f1a26370>,10,1,[ 2 10],11,33,34,22,11
1,<environment.Job instance at 0x7f70f1a2a870>,11,3,[3 8],12,34,37,22,12
1,<environment.Job instance at 0x7f70f1a2ad20>,12,2,[2 5],13,29,31,16,13
1,<environment.Job instance at 0x7f70f1a2a8c0>,13,2,[1 9],14,31,33,17,14
1,<environment.Job instance at 0x7f70f1a2a370>,14,2,[2 7],15,34,36,19,15
1,<environment.Job instance at 0x7f70f1a2a690>,15,17,[5 8],16,37,54,21,25
1,<environment.Job instance at 0x7f70f1a2a140>,19,2,[5 5],20,36,38,16,25
1,<environment.Job instance at 0x7f70f1a2a410>,20,16,[8 2],21,38,54,17,25
1,<environment.Job instance at 0x7f70f1a2a1e0>,21,12,[9 4],22,54,66,32,37
1,<environment.Job instance at 0x7f70f1a2aa50>,17,2,[7 3],18,66,68,48,40
1,<environment.Job instance at 0x7f70f1a2a500>,18,12,[6 2],19,54,66,35,40
1,<environment.Job instance at 0x7f70f1a44910>,25,3,[ 4 10],26,66,69,40,40
1,<environment.Job instance at 0x7f70f1a44b40>,26,1,[1 6],27,69,70,42,41
1,<environment.Job instance at 0x7f70f1a448c0>,27,2,[4 6],28,69,71,41,42
1,<environment.Job instance at 0x7f70f1a44140>,28,2,[ 2 10],29,71,73,42,44
1,<environment.Job instance at 0x7f70f1a44500>,24,13,[6 5],25,70,83,45,54
1,<environment.Job instance at 0x7f70f1a44aa0>,30,12,[9 2],31,73,85,42,56
1,<environment.Job instance at 0x7f70f1a17a50>,32,15,[4 9],33,83,98,50,69
1,<environment.Job instance at 0x7f70f1a17d70>,33,13,[7 3],34,85,98,51,69
1,<environment.Job instance at 0x7f70f1a177d0>,36,15,[6 4],37,98,113,61,84
1,<environment.Job instance at 0x7f70f1a17d20>,38,3,[6 4],39,98,101,59,84
1,<environment.Job instance at 0x7f70f1a17410>,39,16,[ 1 10],40,101,117,61,88
1,<environment.Job instance at 0x7f70f1a02320>,41,13,[3 5],42,113,126,71,97
1,<environment.Job instance at 0x7f70f1a02f50>,43,21,[5 4],44,117,138,73,109
1,<environment.Job instance at 0x7f70f1a02c80>,46,12,[10  3],47,126,138,79,109
1,<environment.Job instance at 0x7f70f1a029b0>,49,14,[5 9],50,138,152,88,123
1,<environment.Job instance at 0x7f70f1a02730>,51,12,[4 6],52,138,150,86,126
1,<environment.Job instance at 0x7f70f1a022d0>,52,18,[10  3],53,150,168,97,139
1,<environment.Job instance at 0x7f70f1a44c30>,22,17,[5 5],23,152,169,129,145
1,<environment.Job instance at 0x7f70f1a3f780>,58,1,[2 6],59,168,169,109,145
1,<environment.Job instance at 0x7f70f1a440a0>,29,15,[10  5],30,169,184,139,164
1,<environment.Job instance at 0x7f70f1a3f7d0>,60,2,[14  3],61,184,186,123,164
1,<environment.Job instance at 0x7f70f1a3f3c0>,61,1,[3 9],62,169,170,107,164
1,<environment.Job instance at 0x7f70f1a3f5a0>,62,13,[3 6],63,170,183,107,164
1,<environment.Job instance at 0x7f70f1a3f820>,59,12,[1 5],60,183,195,123,168
1,<environment.Job instance at 0x7f70f1975960>,0,14,[12  5],1,1,15,0,1
1,<environment.Job instance at 0x7f70f1975690>,1,2,[2 7],2,2,4,0,2
1,<environment.Job instance at 0x7f70f1975410>,2,13,[2 6],3,4,17,1,3
1,<environment.Job instance at 0x7f70f1975b40>,4,2,[2 5],5,15,17,10,5
1,<environment.Job instance at 0x7f70f1cd1d20>,5,3,[ 4 10],6,17,20,11,6
1,<environment.Job instance at 0x7f70f1cd1910>,6,21,[10  2],7,15,36,8,7
1,<environment.Job instance at 0x7f70f1cd1c80>,7,15,[5 1],8,20,35,12,8
1,<environment.Job instance at 0x7f70f1cd1820>,11,3,[7 5],12,36,39,24,12
1,<environment.Job instance at 0x7f70f1cd1b40>,9,2,[2 5],10,35,37,25,13
1,<environment.Job instance at 0x7f70f1cd1230>,12,15,[3 8],13,37,52,24,23
1,<environment.Job instance at 0x7f70f19131e0>,15,12,[6 4],16,39,51,23,23
1,<environment.Job instance at 0x7f70f1cd1e60>,14,16,[8 4],15,51,67,36,38
1,<environment.Job instance at 0x7f70f1913aa0>,17,14,[7 4],18,52,66,34,38
1,<environment.Job instance at 0x7f70f19134b0>,18,14,[6 4],19,66,80,47,51
1,<environment.Job instance at 0x7f70f1913e10>,16,14,[ 2 10],17,67,81,50,52
1,<environment.Job instance at 0x7f70f1cd11e0>,8,12,[1 5],9,80,92,71,63
1,<environment.Job instance at 0x7f70f1deab90>,23,1,[6 5],24,81,82,57,63
1,<environment.Job instance at 0x7f70f1cd1870>,3,17,[6 4],4,81,98,77,69
1,<environment.Job instance at 0x7f70f1deaaf0>,25,18,[2 9],26,92,110,66,81
1,<environment.Job instance at 0x7f70f1dea780>,24,14,[ 2 11],25,110,124,85,95
1,<environment.Job instance at 0x7f70f1deae60>,26,18,[10  3],27,98,116,71,95
1,<environment.Job instance at 0x7f70f1deadc0>,28,13,[5 2],29,116,129,87,100
1,<environment.Job instance at 0x7f70f1dea5a0>,29,17,[1 5],30,124,141,94,112
1,<environment.Job instance at 0x7f70f1913f00>,21,22,[9 1],22,124,146,102,119
1,<environment.Job instance at 0x7f70f1dea190>,31,3,[1 5],32,129,132,97,119
1,<environment.Job instance at 0x7f70f1dea640>,33,15,[5 7],34,132,147,98,119
1,<environment.Job instance at 0x7f70f1dea0a0>,34,16,[2 8],35,146,162,111,133
1,<environment.Job instance at 0x7f70f1dea0f0>,36,2,[5 2],37,147,149,110,133
1,<environment.Job instance at 0x7f70f1dea3c0>,37,17,[ 5 10],38,162,179,124,150
1,<environment.Job instance at 0x7f70f1dea960>,38,15,[2 6],39,179,194,140,165
1,<environment.Job instance at 0x7f70f1dead70>,39,16,[5 5],40,165,181,125,165
1,<environment.Job instance at 0x7f70f1dea730>,40,17,[6 1],41,179,196,138,167
1,<environment.Job instance at 0x7f70f2890aa0>,41,14,[4 8],42,181,195,139,167
1,<environment.Job instance at 0x7f70fb883140>,0,12,[8 3],1,1,13,0,1
1,<environment.Job instance at 0x7f70fb8832d0>,1,14,[9 3],2,13,27,11,2
1,<environment.Job instance at 0x7f70f195e050>,2,14,[ 3 10],3,3,17,0,3
1,<environment.Job instance at 0x7f70f310b730>,4,3,[6 2],5,17,20,12,5
1,<environment.Job instance at 0x7f70f310b460>,3,1,[6 1],4,20,21,16,5
1,<environment.Job instance at 0x7f70f1eb2370>,6,13,[ 5 10],7,21,34,14,7
1,<environment.Job instance at 0x7f70f1eb2f50>,5,2,[1 9],6,34,36,28,7
1,<environment.Job instance at 0x7f70f2890960>,7,2,[ 1 10],8,36,38,28,9
1,<environment.Job instance at 0x7f70f1ebb230>,9,1,[2 5],10,27,28,17,10
1,<environment.Job instance at 0x7f70f1ebb7d0>,11,3,[7 4],12,28,31,16,12
1,<environment.Job instance at 0x7f70f294a140>,13,3,[6 1],14,31,34,17,16
1,<environment.Job instance at 0x7f70f294a3c0>,16,3,[9 5],17,34,37,17,17
1,<environment.Job instance at 0x7f70f294a780>,17,15,[10  1],18,37,52,19,23
1,<environment.Job instance at 0x7f70f294a8c0>,19,15,[2 5],20,38,53,18,24
1,<environment.Job instance at 0x7f70f294a640>,23,3,[9 3],24,52,55,28,26
1,<environment.Job instance at 0x7f70f294adc0>,25,17,[8 3],26,55,72,29,43
1,<environment.Job instance at 0x7f70f294a410>,14,18,[2 5],15,43,61,28,43
1,<environment.Job instance at 0x7f70f294ae10>,27,1,[1 6],28,53,54,25,43
1,<environment.Job instance at 0x7f70f294afa0>,28,14,[5 6],29,55,69,26,43
1,<environment.Job instance at 0x7f70f294aa50>,29,2,[7 3],30,69,71,39,43
1,<environment.Job instance at 0x7f70f25cd140>,30,1,[2 9],31,71,72,40,43
1,<environment.Job instance at 0x7f70f25cd1e0>,31,1,[7 3],32,72,73,40,44
1,<environment.Job instance at 0x7f70f25cd460>,35,14,[8 2],36,72,86,36,58
1,<environment.Job instance at 0x7f70f25cd780>,40,15,[8 2],41,86,101,45,72
1,<environment.Job instance at 0x7f70f25cd280>,32,18,[7 3],33,73,91,40,72
1,<environment.Job instance at 0x7f70f25cd820>,41,16,[4 9],42,91,107,49,78
1,<environment.Job instance at 0x7f70f25cdbe0>,43,13,[3 7],44,107,120,63,91
1,<environment.Job instance at 0x7f70f25cdeb0>,46,16,[ 5 10],47,120,136,73,107
1,<environment.Job instance at 0x7f70f25cc190>,48,18,[10  5],49,107,125,58,107
1,<environment.Job instance at 0x7f70f25cc2d0>,50,17,[6 4],51,125,142,74,113
1,<environment.Job instance at 0x7f70f25cc4b0>,53,13,[8 4],54,136,149,82,120
1,<environment.Job instance at 0x7f70f25cc690>,56,15,[7 3],57,142,157,85,128
1,<environment.Job instance at 0x7f70f25cc730>,57,3,[8 4],58,149,152,91,128
1,<environment.Job instance at 0x7f70f25cc960>,59,15,[ 5 10],60,152,167,92,138
1,<environment.Job instance at 0x7f70f25ccaa0>,61,12,[7 5],62,157,169,95,140
1,<environment.Job instance at 0x7f70f25ccc80>,64,14,[5 5],65,167,181,102,152
1,<environment.Job instance at 0x7f70f25ccdc0>,66,12,[5 9],67,169,181,102,152
1,<environment.Job instance at 0x7f70f293b370>,1,16,[1 7],2,2,18,0,2
1,<environment.Job instance at 0x7f70f25cce10>,2,2,[ 1 14],3,18,20,15,3
1,<environment.Job instance at 0x7f70f2e82460>,3,1,[5 6],4,4,5,0,4
1,<environment.Job instance at 0x7f70f2e82870>,5,12,[4 8],6,6,18,0,6
1,<environment.Job instance at 0x7f70f25ccfa0>,7,18,[3 6],8,20,38,12,9
1,<environment.Job instance at 0x7f70f2e82050>,11,16,[6 2],12,20,36,8,12
1,<environment.Job instance at 0x7f70f1a43640>,15,14,[ 2 10],16,38,52,22,23
1,<environment.Job instance at 0x7f70f1a43f50>,18,14,[ 1 10],19,52,66,33,37
1,<environment.Job instance at 0x7f70f1bb54b0>,21,16,[4 7],22,66,82,44,53
1,<environment.Job instance at 0x7f70f1bb5b90>,22,17,[10  4],23,53,70,30,53
1,<environment.Job instance at 0x7f70f2e1dd20>,27,12,[6 5],28,70,82,42,56
1,<environment.Job instance at 0x7f70f2e1dfa0>,28,18,[4 7],29,82,100,53,71
1,<environment.Job instance at 0x7f70f326c230>,29,15,[7 2],30,82,97,52,71
1,<environment.Job instance at 0x7f70f324c050>,0,12,[ 1 14],1,100,112,99,88
1,<environment.Job instance at 0x7f70f326c140>,31,3,[8 3],32,97,100,65,88
1,<environment.Job instance at 0x7f70f24d35a0>,32,2,[9 2],33,112,114,79,88
1,<environment.Job instance at 0x7f70f2e82230>,8,14,[10  1],9,114,128,105,104
1,<environment.Job instance at 0x7f70f24d3320>,33,18,[ 4 10],34,112,130,78,104
1,<environment.Job instance at 0x7f70f24d3cd0>,35,3,[8 2],36,128,131,92,104
1,<environment.Job instance at 0x7f70f326ca00>,30,21,[9 2],31,131,152,100,124
1,<environment.Job instance at 0x7f70f1fa0960>,39,13,[4 7],40,130,143,90,124
1,<environment.Job instance at 0x7f70f1fa0f00>,40,15,[1 8],41,143,158,102,129
1,<environment.Job instance at 0x7f70f254bb90>,41,14,[6 4],42,152,166,110,137
1,<environment.Job instance at 0x7f70f2bc93c0>,44,17,[3 5],45,158,175,113,146
1,<environment.Job instance at 0x7f70fbf84d20>,34,15,[3 5],35,158,173,123,148
1,<environment.Job instance at 0x7f70f2bc96e0>,46,3,[9 1],47,166,169,119,148
1,<environment.Job instance at 0x7f70f2bc9640>,47,3,[7 3],48,152,155,104,148
1,<environment.Job instance at 0x7f70f2bc97d0>,48,1,[12  1],49,173,174,124,148
1,<environment.Job instance at 0x7f70f2bc9550>,49,2,[7 2],50,155,157,105,148
1,<environment.Job instance at 0x7f70f29d4aa0>,50,1,[5 5],51,148,149,97,148
1,<environment.Job instance at 0x7f70f29d4af0>,51,2,[2 5],52,149,151,97,148
1,<environment.Job instance at 0x7f70f2ccff00>,57,17,[8 4],58,174,191,116,162
1,<environment.Job instance at 0x7f70f2ccf730>,59,14,[1 5],60,174,188,114,162
1,<environment.Job instance at 0x7f70f2573d70>,0,3,[5 6],1,1,4,0,1
1,<environment.Job instance at 0x7f70f2ccffa0>,2,17,[4 8],3,3,20,0,3
1,<environment.Job instance at 0x7f70f2573b90>,3,18,[8 3],4,4,22,0,4
1,<environment.Job instance at 0x7f70f25734b0>,4,2,[6 2],5,20,22,15,5
1,<environment.Job instance at 0x7f70f25735f0>,5,15,[2 7],6,22,37,16,8
1,<environment.Job instance at 0x7f70f2573640>,8,2,[4 8],9,22,24,13,9
1,<environment.Job instance at 0x7f70f21f4aa0>,9,12,[1 7],10,24,36,14,10
1,<environment.Job instance at 0x7f70f21f4d20>,10,3,[10  5],11,36,39,25,11
1,<environment.Job instance at 0x7f70f25730f0>,11,14,[1 7],12,37,51,25,22
1,<environment.Job instance at 0x7f70f25733c0>,6,3,[9 4],7,39,42,32,22
1,<environment.Job instance at 0x7f70f21f49b0>,13,18,[2 6],14,42,60,28,31
1,<environment.Job instance at 0x7f70f2cefcd0>,15,1,[8 2],16,42,43,26,31
1,<environment.Job instance at 0x7f70f2cef1e0>,16,1,[2 8],17,51,52,34,31
1,<environment.Job instance at 0x7f70f2cef140>,14,13,[1 6],15,52,65,37,36
1,<environment.Job instance at 0x7f70f2cef690>,18,13,[5 2],19,52,65,33,36
1,<environment.Job instance at 0x7f70f21f4c80>,12,1,[2 9],13,65,66,52,39
1,<environment.Job instance at 0x7f70f2cef370>,20,3,[1 9],21,66,69,45,40
1,<environment.Job instance at 0x7f70f2ceff50>,19,15,[10  3],20,65,80,45,51
1,<environment.Job instance at 0x7f70f2573320>,7,1,[8 4],8,60,61,52,52
1,<environment.Job instance at 0x7f70f2cef0a0>,22,19,[1 5],23,69,88,46,59
1,<environment.Job instance at 0x7f70f2cef5f0>,24,13,[2 5],25,69,82,44,59
1,<environment.Job instance at 0x7f70f2cef640>,23,2,[1 7],24,61,63,37,60
1,<environment.Job instance at 0x7f70f2cef050>,26,14,[14  5],27,82,96,55,67
1,<environment.Job instance at 0x7f70f2cef9b0>,27,12,[1 7],28,88,100,60,78
1,<environment.Job instance at 0x7f70f2cef820>,25,16,[ 4 10],26,100,116,74,87
1,<environment.Job instance at 0x7f70f2fed460>,29,14,[9 3],30,96,110,66,87
1,<environment.Job instance at 0x7f70f2fed5f0>,30,12,[3 6],31,116,128,85,99
1,<environment.Job instance at 0x7f70f2fedaf0>,31,14,[7 4],32,110,124,78,99
1,<environment.Job instance at 0x7f70f2fed690>,32,12,[2 8],33,124,136,91,107
1,<environment.Job instance at 0x7f70f2f79b90>,34,15,[5 2],35,128,143,93,114
1,<environment.Job instance at 0x7f70f2f79640>,35,14,[1 5],36,128,142,92,116
1,<environment.Job instance at 0x7f70f2f794b0>,37,12,[6 5],38,136,148,98,119
1,<environment.Job instance at 0x7f70f2f79dc0>,39,16,[ 5 10],40,143,159,103,130
1,<environment.Job instance at 0x7f70f2f79500>,40,13,[2 9],41,159,172,118,143
1,<environment.Job instance at 0x7f70f2fed5a0>,28,16,[8 1],29,148,164,119,145
1,<environment.Job instance at 0x7f70f2f79870>,46,23,[3 7],47,172,195,125,166
1,<environment.Job instance at 0x7f70f25db730>,48,17,[8 1],49,166,183,117,166
1,<environment.Job instance at 0x7f70f1feafa0>,0,16,[5 1],1,1,17,0,1
1,<environment.Job instance at 0x7f70f3207870>,1,2,[9 4],2,2,4,0,2
1,<environment.Job instance at 0x7f70f2718190>,2,1,[2 7],3,4,5,1,3
1,<environment.Job instance at 0x7f70f2af6dc0>,3,1,[4 8],4,5,6,1,5
1,<environment.Job instance at 0x7f70f25db730>,4,1,[5 4],5,5,6,0,5
1,<environment.Job instance at 0x7f70f2af6d70>,5,3,[7 4],6,6,9,0,6
1,<environment.Job instance at 0x7f70f2aee230>,6,19,[4 6],7,9,28,2,7
1,<environment.Job instance at 0x7f70f2aee320>,7,17,[6 2],8,9,26,1,9
1,<environment.Job instance at 0x7f70f2af6e10>,8,1,[3 8],9,26,27,17,9
1,<environment.Job instance at 0x7f70f2aee500>,10,3,[9 5],11,27,30,16,11
1,<environment.Job instance at 0x7f70f2aeea00>,17,16,[6 5],18,28,44,10,19
1,<environment.Job instance at 0x7f70f2aeec80>,19,12,[ 5 10],20,30,42,10,20
1,<environment.Job instance at 0x7f70f2aee550>,18,12,[9 5],19,42,54,23,25
1,<environment.Job instance at 0x7f70f2aeee60>,21,12,[7 5],22,54,66,32,37
1,<environment.Job instance at 0x7f70f2aeee10>,22,3,[5 5],23,44,47,21,37
1,<environment.Job instance at 0x7f70f2aee820>,13,21,[5 5],14,47,68,33,39
1,<environment.Job instance at 0x7f70f2aeef50>,24,14,[3 5],25,54,68,29,39
1,<environment.Job instance at 0x7f70f2af9050>,25,17,[10  2],26,68,85,42,56
1,<environment.Job instance at 0x7f70f2af9280>,26,16,[ 5 10],27,68,84,41,56
1,<environment.Job instance at 0x7f70f2af90f0>,27,2,[3 5],28,66,68,38,56
1,<environment.Job instance at 0x7f70f2af92d0>,28,14,[5 1],29,84,98,55,69
1,<environment.Job instance at 0x7f70f2af9370>,29,12,[6 2],30,85,97,55,69
1,<environment.Job instance at 0x7f70f2af9410>,30,3,[ 1 14],31,97,100,66,72
1,<environment.Job instance at 0x7f70f2af94b0>,31,1,[10  3],32,100,101,68,72
1,<environment.Job instance at 0x7f70f2af9550>,32,1,[10  1],33,98,99,65,72
1,<environment.Job instance at 0x7f70f2af95f0>,33,13,[8 5],34,101,114,67,86
1,<environment.Job instance at 0x7f70f2af9690>,34,1,[ 2 11],35,86,87,51,86
1,<environment.Job instance at 0x7f70f2af9730>,35,13,[6 4],36,101,114,65,86
1,<environment.Job instance at 0x7f70f2af9be0>,39,15,[8 3],40,114,129,74,100
1,<environment.Job instance at 0x7f70f2af9d70>,40,18,[7 4],41,114,132,73,103
1,<environment.Job instance at 0x7f70f2af97d0>,36,16,[4 8],37,129,145,92,118
1,<environment.Job instance at 0x7f70f2ae3230>,46,3,[8 4],47,132,135,85,118
1,<environment.Job instance at 0x7f70f2ae32d0>,47,18,[7 1],48,135,153,87,124
1,<environment.Job instance at 0x7f70f2ae3190>,48,1,[8 5],49,145,146,96,124
1,<environment.Job instance at 0x7f70f2ae3410>,49,17,[6 3],50,146,163,96,134
1,<environment.Job instance at 0x7f70f2ae3370>,50,2,[7 3],51,153,155,102,134
1,<environment.Job instance at 0x7f70f2ae3550>,51,15,[14  2],52,163,178,111,149
1,<environment.Job instance at 0x7f70f2ae35f0>,52,14,[10  1],53,178,192,125,163
1,<environment.Job instance at 0x7f70f2ae34b0>,53,12,[ 1 10],54,163,175,109,163
1,<environment.Job instance at 0x7f70f2ae3690>,54,2,[ 3 10],55,178,180,123,163
1,<environment.Job instance at 0x7f70f2ae3730>,55,2,[4 5],56,180,182,124,163
1,<environment.Job instance at 0x7f70f2ae3aa0>,56,16,[3 5],57,182,198,125,169
1,<environment.Job instance at 0x7f70f325ce60>,1,14,[5 4],2,2,16,0,2
1,<environment.Job instance at 0x7f70f2ae3a50>,2,12,[1 5],3,3,15,0,3
1,<environment.Job instance at 0x7f70f2ae3aa0>,4,14,[9 2],5,5,19,0,5
1,<environment.Job instance at 0x7f70f2c0f9b0>,3,20,[1 7],4,15,35,11,6
1,<environment.Job instance at 0x7f70f2c0f870>,7,15,[3 7],8,19,34,11,8
1,<environment.Job instance at 0x7f70f2c0f1e0>,8,3,[8 3],9,34,37,25,9
1,<environment.Job instance at 0x7f70f24115f0>,13,3,[9 2],14,37,40,23,14
1,<environment.Job instance at 0x7f70f24117d0>,14,2,[8 3],15,40,42,25,15
1,<environment.Job instance at 0x7f70f2c0ff00>,10,14,[6 3],11,34,48,23,20
1,<environment.Job instance at 0x7f70f2411aa0>,16,2,[3 7],17,42,44,25,20
1,<environment.Job instance at 0x7f70f27463c0>,11,16,[9 2],12,44,60,32,31
1,<environment.Job instance at 0x7f70f2411370>,19,18,[7 3],20,60,78,40,49
1,<environment.Job instance at 0x7f70f2411d20>,20,14,[5 3],21,49,63,28,49
1,<environment.Job instance at 0x7f70f205cd20>,22,16,[1 7],23,49,65,26,49
1,<environment.Job instance at 0x7f70f2411fa0>,23,15,[7 1],24,63,78,39,49
1,<environment.Job instance at 0x7f70f24111e0>,24,13,[5 9],25,78,91,53,62
1,<environment.Job instance at 0x7f70f25f5a50>,30,13,[5 2],31,78,91,47,62
1,<environment.Job instance at 0x7f70fb855690>,33,13,[9 5],34,91,104,57,75
1,<environment.Job instance at 0x7f70f1a07aa0>,36,17,[9 2],37,104,121,67,92
1,<environment.Job instance at 0x7f70f2fe9f00>,37,12,[6 5],38,92,104,54,92
1,<environment.Job instance at 0x7f70f2481690>,40,18,[5 7],41,104,122,63,93
1,<environment.Job instance at 0x7f70f24816e0>,41,14,[1 9],42,122,136,80,107
1,<environment.Job instance at 0x7f70f2481b40>,42,14,[5 8],43,136,150,93,121
1,<environment.Job instance at 0x7f70f25472d0>,47,18,[10  1],48,121,139,73,121
1,<environment.Job instance at 0x7f70f2547b90>,48,14,[9 1],49,139,153,90,124
1,<environment.Job instance at 0x7f70f25477d0>,49,17,[2 7],50,150,167,100,138
1,<environment.Job instance at 0x7f70f25479b0>,51,17,[1 7],52,150,167,98,138
1,<environment.Job instance at 0x7f70f30cf3c0>,52,13,[5 1],53,153,166,100,138
1,<environment.Job instance at 0x7f70f30cfcd0>,53,14,[7 3],54,167,181,113,152
1,<environment.Job instance at 0x7f70f28fecd0>,55,21,[5 2],56,167,188,111,159
1,<environment.Job instance at 0x7f70f28fe370>,57,13,[6 5],58,181,194,123,165
1,<environment.Job instance at 0x7f70f28fed70>,58,14,[3 9],59,167,181,108,165
1,<environment.Job instance at 0x7f70f28feeb0>,59,14,[2 5],60,181,195,121,166
1,<environment.Job instance at 0x7f70fb81dd20>,0,18,[ 4 10],1,1,19,0,1
1,<environment.Job instance at 0x7f70f2b17820>,2,3,[6 3],3,3,6,0,3
1,<environment.Job instance at 0x7f70fb81df50>,1,2,[5 5],2,6,8,4,3
1,<environment.Job instance at 0x7f70fb81dd70>,4,13,[8 4],5,8,21,3,5
1,<environment.Job instance at 0x7f70fb89d5a0>,6,17,[10  3],7,21,38,14,9
1,<environment.Job instance at 0x7f70fb81d820>,3,3,[10  2],4,38,41,34,12
1,<environment.Job instance at 0x7f70fb89df50>,9,12,[2 8],10,19,31,9,12
1,<environment.Job instance at 0x7f70fb89d9b0>,10,1,[5 1],11,19,20,8,12
1,<environment.Job instance at 0x7f70fb89db90>,12,14,[5 8],13,31,45,18,16
1,<environment.Job instance at 0x7f70fb89d870>,15,15,[5 2],16,41,56,25,27
1,<environment.Job instance at 0x7f70fb89d050>,20,16,[6 1],21,45,61,24,32
1,<environment.Job instance at 0x7f70fb89dfa0>,5,1,[8 1],6,56,57,50,32
1,<environment.Job instance at 0x7f70fb89dbe0>,23,2,[12  5],24,61,63,37,34
1,<environment.Job instance at 0x7f70fb89d460>,24,1,[7 5],25,57,58,32,35
1,<environment.Job instance at 0x7f70fb89ddc0>,22,17,[5 8],23,63,80,40,51
1,<environment.Job instance at 0x7f70f2f7e9b0>,26,15,[6 2],27,63,78,36,51
1,<environment.Job instance at 0x7f70f2f7e320>,31,12,[3 5],32,58,70,26,51
1,<environment.Job instance at 0x7f70fb89da00>,16,16,[ 1 10],17,80,96,63,67
1,<environment.Job instance at 0x7f70f1a6b190>,33,2,[5 4],34,78,80,44,67
1,<environment.Job instance at 0x7f70fb89d690>,8,17,[ 2 10],9,96,113,87,84
1,<environment.Job instance at 0x7f70f1a6baf0>,38,3,[8 2],39,84,87,45,84
1,<environment.Job instance at 0x7f70f1a6b2d0>,39,23,[1 5],40,87,110,47,84
1,<environment.Job instance at 0x7f70f2f7ee60>,25,14,[ 2 11],26,113,127,87,99
1,<environment.Job instance at 0x7f70f1a6bf50>,42,1,[8 3],43,110,111,67,99
1,<environment.Job instance at 0x7f70f1a6b8c0>,40,18,[5 4],41,111,129,70,105
1,<environment.Job instance at 0x7f70f2741780>,44,13,[2 9],45,127,140,82,111
1,<environment.Job instance at 0x7f70f1a6bf00>,41,15,[7 5],42,129,144,87,115
1,<environment.Job instance at 0x7f70f2741dc0>,47,17,[10  5],48,144,161,96,132
1,<environment.Job instance at 0x7f70f27411e0>,48,13,[1 5],49,140,153,91,132
1,<environment.Job instance at 0x7f70f1db5190>,51,18,[5 5],52,153,171,101,142
1,<environment.Job instance at 0x7f70f232b910>,53,18,[5 4],54,161,179,107,150
1,<environment.Job instance at 0x7f70f232bdc0>,55,14,[6 2],56,171,185,115,156
1,<environment.Job instance at 0x7f70fb89d7d0>,7,25,[4 6],8,161,186,153,157
1,<environment.Job instance at 0x7f70f23cfd20>,56,18,[3 7],57,179,197,122,169
1,<environment.Job instance at 0x7f70f294d6e0>,2,17,[2 8],3,3,20,0,3
1,<environment.Job instance at 0x7f70f294d960>,3,16,[7 5],4,4,20,0,4
1,<environment.Job instance at 0x7f70f294d5f0>,0,3,[ 3 14],1,20,23,19,5
1,<environment.Job instance at 0x7f70f294d8c0>,1,1,[5 3],2,23,24,21,6
1,<environment.Job instance at 0x7f70f294dd20>,4,15,[5 6],5,23,38,18,9
1,<environment.Job instance at 0x7f70f202bd20>,9,3,[4 8],10,24,27,14,10
1,<environment.Job instance at 0x7f70f2acbf00>,8,17,[5 1],9,11,28,2,11
1,<environment.Job instance at 0x7f70f29bcd20>,11,3,[7 5],12,28,31,16,12
1,<environment.Job instance at 0x7f70f2e505f0>,12,3,[8 5],13,31,34,18,13
1,<environment.Job instance at 0x7f70f2e50f50>,13,3,[6 4],14,34,37,20,14
1,<environment.Job instance at 0x7f70f2e50d20>,14,2,[7 5],15,37,39,22,15
1,<environment.Job instance at 0x7f70f202ba00>,10,16,[9 1],11,39,55,28,26
1,<environment.Job instance at 0x7f70f27bfeb0>,17,14,[5 1],18,38,52,20,26
1,<environment.Job instance at 0x7f70f2e5f050>,18,3,[2 7],19,52,55,33,26
1,<environment.Job instance at 0x7f70f2e50960>,15,14,[1 8],16,38,52,22,29
1,<environment.Job instance at 0x7f70f27b3320>,21,2,[3 5],22,34,36,12,29
1,<environment.Job instance at 0x7f70f29c8370>,22,3,[2 8],23,55,58,32,29
1,<environment.Job instance at 0x7f70f2e507d0>,20,18,[5 8],21,58,76,37,47
1,<environment.Job instance at 0x7f70f1ba6910>,24,17,[4 7],25,52,69,27,47
1,<environment.Job instance at 0x7f70f1ba68c0>,26,14,[3 5],27,69,83,42,54
1,<environment.Job instance at 0x7f70f3129cd0>,23,12,[10  4],24,76,88,52,64
1,<environment.Job instance at 0x7f70f30a28c0>,28,19,[5 8],29,83,102,54,73
1,<environment.Job instance at 0x7f70f239eaa0>,32,14,[6 2],33,88,102,55,73
1,<environment.Job instance at 0x7f70f239e960>,33,14,[2 9],34,102,116,68,87
1,<environment.Job instance at 0x7f70f19e31e0>,34,18,[10  3],35,102,120,67,91
1,<environment.Job instance at 0x7f70f2746a50>,37,15,[2 8],38,116,131,78,102
1,<environment.Job instance at 0x7f70f202b0a0>,6,17,[5 4],7,120,137,113,112
1,<environment.Job instance at 0x7f70f217e5f0>,40,15,[ 4 10],41,131,146,90,117
1,<environment.Job instance at 0x7f70f217e3c0>,42,20,[ 1 10],43,146,166,103,137
1,<environment.Job instance at 0x7f70f1bbcdc0>,45,3,[5 6],46,166,169,120,140
1,<environment.Job instance at 0x7f70f2210b90>,29,16,[7 4],30,144,160,114,144
1,<environment.Job instance at 0x7f70f1bbc0f0>,47,2,[14  5],48,160,162,112,144
1,<environment.Job instance at 0x7f70f1bbc910>,46,19,[4 8],47,166,185,119,156
1,<environment.Job instance at 0x7f3db8f7c230>,0,13,[9 3],1,1,14,0,1
1,<environment.Job instance at 0x7f3db8f7c320>,2,22,[4 8],3,3,25,0,3
1,<environment.Job instance at 0x7f3daf804460>,3,3,[4 8],4,25,28,21,4
1,<environment.Job instance at 0x7f3daf804640>,4,14,[1 6],5,14,28,9,5
1,<environment.Job instance at 0x7f3daf804730>,5,2,[1 5],6,28,30,22,6
1,<environment.Job instance at 0x7f3daf804820>,6,20,[6 1],7,14,34,7,7
1,<environment.Job instance at 0x7f3daf804910>,7,1,[5 4],8,28,29,20,8
1,<environment.Job instance at 0x7f3daf804a50>,10,12,[3 7],11,29,41,18,13
1,<environment.Job instance at 0x7f3daf804c30>,11,15,[4 8],12,34,49,22,20
1,<environment.Job instance at 0x7f3daf804e10>,14,13,[7 3],15,41,54,26,25
1,<environment.Job instance at 0x7f3daf8045f0>,13,18,[ 4 10],14,49,67,35,38
1,<environment.Job instance at 0x7f3daf804eb0>,16,16,[3 5],17,54,70,37,41
1,<environment.Job instance at 0x7f3daf806280>,19,14,[3 5],20,67,81,47,52
1,<environment.Job instance at 0x7f3daf806550>,24,18,[2 6],25,70,88,45,59
1,<environment.Job instance at 0x7f3daf806690>,25,12,[ 5 10],26,88,100,62,71
1,<environment.Job instance at 0x7f3daf806820>,27,15,[8 4],28,71,86,43,71
1,<environment.Job instance at 0x7f3daf806960>,29,12,[5 4],30,81,93,51,71
1,<environment.Job instance at 0x7f3daf806aa0>,31,14,[2 5],32,93,107,61,78
1,<environment.Job instance at 0x7f3daf806be0>,33,14,[5 5],34,100,114,66,85
1,<environment.Job instance at 0x7f3daf806d20>,35,15,[9 5],36,107,122,71,93
1,<environment.Job instance at 0x7f3daf806f50>,40,15,[10  3],41,122,137,81,108
1,<environment.Job instance at 0x7f3daf80a3c0>,43,18,[5 5],44,114,132,70,108
1,<environment.Job instance at 0x7f3daf80a500>,45,13,[6 5],46,137,150,91,121
1,<environment.Job instance at 0x7f3daf80a6e0>,48,15,[10  1],49,150,165,101,136
1,<environment.Job instance at 0x7f3daf80a780>,49,16,[2 5],50,136,152,86,136
1,<environment.Job instance at 0x7f3daf804a00>,8,13,[5 5],9,137,150,128,136
1,<environment.Job instance at 0x7f3daf80a9b0>,53,17,[5 7],54,152,169,98,140
1,<environment.Job instance at 0x7f3daf80ac80>,56,17,[8 5],57,165,182,108,153
1,<environment.Job instance at 0x7f3daf80ad20>,57,18,[2 8],58,169,187,111,158
1,<environment.Job instance at 0x7f3daf80adc0>,58,14,[2 7],59,182,196,123,167
1,<environment.Job instance at 0x7f3daf80aa00>,59,17,[1 6],60,187,204,127,175
1,<environment.Job instance at 0x7f3daf7a78c0>,1,13,[8 5],2,2,15,0,2
1,<environment.Job instance at 0x7f3daf80d0a0>,2,14,[2 9],3,3,17,0,3
1,<environment.Job instance at 0x7f3dafe9ff50>,0,1,[5 8],1,17,18,16,4
1,<environment.Job instance at 0x7f3daff2ed70>,4,3,[4 6],5,15,18,10,5
1,<environment.Job instance at 0x7f3dafe9f550>,3,2,[7 3],4,18,20,14,5
1,<environment.Job instance at 0x7f3daf80a2d0>,5,2,[5 2],6,18,20,12,7
1,<environment.Job instance at 0x7f3daff2e640>,6,1,[5 9],7,20,21,13,7
1,<environment.Job instance at 0x7f3daff2e460>,7,1,[2 9],8,18,19,10,9
1,<environment.Job instance at 0x7f3daff2e5a0>,9,12,[9 3],10,20,32,10,10
1,<environment.Job instance at 0x7f3daff2e140>,13,2,[8 3],14,32,34,18,14
1,<environment.Job instance at 0x7f3daff2e4b0>,12,3,[10  2],13,34,37,21,15
1,<environment.Job instance at 0x7f3daff2e7d0>,11,17,[10  2],12,37,54,25,25
1,<environment.Job instance at 0x7f3daff2e190>,16,14,[5 5],17,25,39,8,25
1,<environment.Job instance at 0x7f3daff30d20>,20,13,[10  5],21,54,67,33,38
1,<environment.Job instance at 0x7f3daff30d70>,21,14,[1 6],22,39,53,17,38
1,<environment.Job instance at 0x7f3daff305a0>,22,14,[2 7],23,39,53,16,38
1,<environment.Job instance at 0x7f3daff2e8c0>,15,1,[6 2],16,67,68,51,45
1,<environment.Job instance at 0x7f3daff30730>,23,14,[7 5],24,67,81,43,52
1,<environment.Job instance at 0x7f3daff2e2d0>,14,12,[3 8],15,53,65,38,52
1,<environment.Job instance at 0x7f3daff30be0>,26,3,[2 8],27,65,68,38,52
1,<environment.Job instance at 0x7f3daff30fa0>,25,14,[10  2],26,81,95,55,66
1,<environment.Job instance at 0x7f3daff30780>,30,3,[5 6],31,68,71,37,66
1,<environment.Job instance at 0x7f3daff30140>,33,2,[5 6],34,71,73,37,68
1,<environment.Job instance at 0x7f3daff30af0>,34,16,[7 2],35,95,111,60,82
1,<environment.Job instance at 0x7f3daff30370>,35,2,[5 5],36,82,84,46,82
1,<environment.Job instance at 0x7f3daff30aa0>,36,12,[ 3 10],37,84,96,47,82
1,<environment.Job instance at 0x7f3dafea7410>,37,3,[1 5],38,96,99,58,82
1,<environment.Job instance at 0x7f3dafea71e0>,40,18,[4 5],41,96,114,55,85
1,<environment.Job instance at 0x7f3dafea7690>,41,18,[2 8],42,99,117,57,88
1,<environment.Job instance at 0x7f3daff30550>,27,1,[2 8],28,117,118,89,91
1,<environment.Job instance at 0x7f3dafea7e60>,45,1,[3 8],46,118,119,72,91
1,<environment.Job instance at 0x7f3dafea7e10>,44,16,[9 4],45,114,130,69,101
1,<environment.Job instance at 0x7f3dafea76e0>,47,16,[9 2],48,130,146,82,117
1,<environment.Job instance at 0x7f3dafea70a0>,48,15,[7 5],49,146,161,97,132
1,<environment.Job instance at 0x7f3dafea7c30>,49,13,[6 3],50,132,145,82,132
1,<environment.Job instance at 0x7f3dafea7c80>,50,13,[7 4],51,146,159,95,132
1,<environment.Job instance at 0x7f3daff30230>,24,3,[9 2],25,161,164,136,135
1,<environment.Job instance at 0x7f3dafea7640>,51,1,[8 3],52,159,160,107,135
1,<environment.Job instance at 0x7f3dafea7140>,53,1,[ 4 10],54,145,146,91,135
1,<environment.Job instance at 0x7f3dafea7d70>,54,3,[4 7],55,160,163,105,135
1,<environment.Job instance at 0x7f3dafede910>,55,1,[10  1],56,164,165,108,136
1,<environment.Job instance at 0x7f3dafedefa0>,56,19,[2 7],57,163,182,106,153
1,<environment.Job instance at 0x7f3dafedee10>,57,3,[1 6],58,153,156,95,153
1,<environment.Job instance at 0x7f3dafedee60>,58,18,[6 3],59,165,183,106,154
1,<environment.Job instance at 0x7f3dafedef00>,59,2,[5 8],60,182,184,122,155
1,<environment.Job instance at 0x7f3dafede460>,61,2,[9 5],62,183,185,121,156
1,<environment.Job instance at 0x7f3dafede500>,62,2,[9 3],63,185,187,122,158
1,<environment.Job instance at 0x7f3daef25c30>,0,27,[ 5 10],1,1,28,0,1
1,<environment.Job instance at 0x7f3daefa0c80>,8,18,[1 5],9,9,27,0,9
1,<environment.Job instance at 0x7f3daefa00a0>,9,2,[8 2],10,27,29,17,10
1,<environment.Job instance at 0x7f3daefa01e0>,10,2,[1 7],11,28,30,17,11
1,<environment.Job instance at 0x7f3daefa08c0>,11,1,[ 4 10],12,30,31,18,12
1,<environment.Job instance at 0x7f3daefa0690>,12,3,[10  4],13,29,32,16,13
1,<environment.Job instance at 0x7f3daefa0820>,13,2,[5 7],14,31,33,17,14
1,<environment.Job instance at 0x7f3daef9e730>,14,1,[3 8],15,32,33,17,15
1,<environment.Job instance at 0x7f3daef9ecd0>,15,13,[5 5],16,33,46,17,17
1,<environment.Job instance at 0x7f3daefa0500>,16,3,[2 8],17,33,36,16,17
1,<environment.Job instance at 0x7f3daef9e690>,17,1,[5 5],18,28,29,10,18
1,<environment.Job instance at 0x7f3daef9e640>,18,2,[6 3],19,36,38,17,19
1,<environment.Job instance at 0x7f3daef9e050>,19,3,[7 2],20,33,36,13,20
1,<environment.Job instance at 0x7f3daef9ee10>,20,14,[7 5],21,38,52,17,23
1,<environment.Job instance at 0x7f3daef9eb90>,21,3,[1 6],22,46,49,24,23
1,<environment.Job instance at 0x7f3daefa0e10>,7,15,[5 3],8,46,61,38,32
1,<environment.Job instance at 0x7f3daef9be60>,25,16,[10  4],26,52,68,26,39
1,<environment.Job instance at 0x7f3dafede500>,2,12,[3 8],3,61,73,58,44
1,<environment.Job instance at 0x7f3daef9bdc0>,27,12,[5 8],28,73,85,45,56
1,<environment.Job instance at 0x7f3daef9ba00>,29,3,[5 5],30,68,71,38,56
1,<environment.Job instance at 0x7f3daef9b870>,28,14,[7 5],29,71,85,42,60
1,<environment.Job instance at 0x7f3daef9b910>,31,3,[9 4],32,85,88,53,60
1,<environment.Job instance at 0x7f3daef9bfa0>,32,1,[7 4],33,88,89,55,60
1,<environment.Job instance at 0x7f3daef9bc80>,33,2,[9 2],34,89,91,55,62
1,<environment.Job instance at 0x7f3daef9b5a0>,30,18,[9 5],31,91,109,60,80
1,<environment.Job instance at 0x7f3daef95730>,36,12,[8 3],37,109,121,72,92
1,<environment.Job instance at 0x7f3daef95190>,37,15,[2 9],38,92,107,54,92
1,<environment.Job instance at 0x7f3daef95d20>,39,17,[8 1],40,121,138,81,109
1,<environment.Job instance at 0x7f3daefa0a00>,4,15,[4 6],5,109,124,104,109
1,<environment.Job instance at 0x7f3daef95640>,41,17,[2 6],42,109,126,67,109
1,<environment.Job instance at 0x7f3daef95af0>,45,3,[2 5],46,124,127,78,109
1,<environment.Job instance at 0x7f3daef95910>,48,14,[ 2 10],49,127,141,78,113
1,<environment.Job instance at 0x7f3daef95e10>,49,17,[9 1],50,138,155,88,126
1,<environment.Job instance at 0x7f3daef950f0>,50,18,[3 5],51,141,159,90,130
1,<environment.Job instance at 0x7f3daef950a0>,51,3,[7 3],52,155,158,103,130
1,<environment.Job instance at 0x7f3daeff73c0>,55,13,[ 1 10],56,158,171,102,143
1,<environment.Job instance at 0x7f3daeff7320>,56,3,[8 1],57,159,162,102,143
1,<environment.Job instance at 0x7f3daeff77d0>,58,14,[4 6],59,171,185,112,156
1,<environment.Job instance at 0x7f3daeff75a0>,59,15,[10  2],60,162,177,102,156
1,<environment.Job instance at 0x7f3daeff7c30>,60,13,[5 6],61,177,190,116,162
1,<environment.Job instance at 0x7f3daeff7c80>,61,12,[5 5],62,185,197,123,168
1,<environment.Job instance at 0x7f3daeff7a50>,62,12,[5 5],63,190,202,127,173
1,<environment.Job instance at 0x7f3daf31e370>,0,2,[ 5 11],1,1,3,0,1
1,<environment.Job instance at 0x7f3daf5ecc80>,1,14,[5 8],2,3,17,1,2
1,<environment.Job instance at 0x7f3daef92cd0>,3,15,[6 3],4,4,19,0,4
1,<environment.Job instance at 0x7f3dafdddaf0>,4,1,[5 7],5,17,18,12,5
1,<environment.Job instance at 0x7f3dafddd5f0>,5,18,[7 5],6,18,36,12,7
1,<environment.Job instance at 0x7f3daff30be0>,7,3,[7 1],8,19,22,11,8
1,<environment.Job instance at 0x7f3daff30140>,13,2,[5 6],14,22,24,8,14
1,<environment.Job instance at 0x7f3daff30d70>,14,2,[2 5],15,17,19,2,15
1,<environment.Job instance at 0x7f3daff309b0>,15,3,[6 5],16,24,27,8,16
1,<environment.Job instance at 0x7f3dafe38140>,16,3,[8 2],17,27,30,10,17
1,<environment.Job instance at 0x7f3dafe38320>,17,13,[7 3],18,30,43,12,18
1,<environment.Job instance at 0x7f3dafe38aa0>,18,20,[6 2],19,36,56,17,27
1,<environment.Job instance at 0x7f3dafe38370>,19,15,[ 1 10],20,36,51,16,27
1,<environment.Job instance at 0x7f3dafe38410>,20,14,[3 6],21,51,65,30,36
1,<environment.Job instance at 0x7f3dafe382d0>,21,1,[8 5],22,56,57,34,36
1,<environment.Job instance at 0x7f3dafe380a0>,22,15,[1 6],23,57,72,34,43
1,<environment.Job instance at 0x7f3dafe38690>,23,2,[5 5],24,51,53,27,43
1,<environment.Job instance at 0x7f3dafe387d0>,24,12,[4 6],25,65,77,40,48
1,<environment.Job instance at 0x7f3dafe38780>,25,17,[7 1],26,57,74,31,48
1,<environment.Job instance at 0x7f3dafd12280>,26,13,[11  1],27,74,87,47,58
1,<environment.Job instance at 0x7f3dafd12eb0>,27,18,[1 7],28,77,95,49,66
1,<environment.Job instance at 0x7f3daff30960>,12,18,[5 1],13,87,105,74,76
1,<environment.Job instance at 0x7f3dafd12370>,28,12,[ 5 12],29,95,107,66,78
1,<environment.Job instance at 0x7f3dafd12190>,30,15,[1 6],31,78,93,47,78
1,<environment.Job instance at 0x7f3dafd12500>,29,14,[10  1],30,105,119,75,91
1,<environment.Job instance at 0x7f3dafd123c0>,32,18,[5 5],33,107,125,74,96
1,<environment.Job instance at 0x7f3dafd12050>,34,12,[8 4],35,119,131,84,102
1,<environment.Job instance at 0x7f3dafd12960>,35,15,[7 4],36,125,140,89,111
1,<environment.Job instance at 0x7f3dafd12d20>,37,14,[6 2],38,131,145,93,116
1,<environment.Job instance at 0x7f3daff30aa0>,8,17,[10  3],9,145,162,136,133
1,<environment.Job instance at 0x7f3dafd122d0>,39,17,[7 2],40,162,179,122,150
1,<environment.Job instance at 0x7f3dafd124b0>,40,12,[8 1],41,162,174,121,150
1,<environment.Job instance at 0x7f3dafd12be0>,41,28,[2 8],42,174,202,132,173
1,<environment.Job instance at 0x7f3dafd12640>,42,18,[5 1],43,174,192,131,173
1,<environment.Job instance at 0x7f3daffa5a50>,0,28,[5 6],1,1,29,0,1
1,<environment.Job instance at 0x7f3daffa5f00>,1,2,[2 6],2,2,4,0,2
1,<environment.Job instance at 0x7f3daffa5aa0>,2,3,[9 1],3,4,7,1,3
1,<environment.Job instance at 0x7f3daffa5d20>,4,17,[6 5],5,7,24,2,5
1,<environment.Job instance at 0x7f3db01eae10>,5,23,[5 3],6,24,47,18,18
1,<environment.Job instance at 0x7f3db01ea320>,10,13,[12  5],11,47,60,36,31
1,<environment.Job instance at 0x7f3db01eaeb0>,11,14,[7 1],12,31,45,19,31
1,<environment.Job instance at 0x7f3db01ea500>,8,1,[6 1],9,45,46,36,31
1,<environment.Job instance at 0x7f3db01ea7d0>,13,3,[5 8],14,60,63,46,34
1,<environment.Job instance at 0x7f3db01ea9b0>,14,1,[6 1],15,46,47,31,34
1,<environment.Job instance at 0x7f3db01ea910>,15,3,[1 5],16,34,37,18,34
1,<environment.Job instance at 0x7f3db01ea6e0>,12,16,[9 4],13,60,76,47,49
1,<environment.Job instance at 0x7f3db01eae60>,17,14,[4 7],18,63,77,45,49
1,<environment.Job instance at 0x7f3db8984460>,37,2,[ 4 14],38,77,79,39,51
1,<environment.Job instance at 0x7f3db03050a0>,40,1,[5 4],41,76,77,35,51
1,<environment.Job instance at 0x7f3db8984c30>,38,14,[1 7],39,79,93,40,64
1,<environment.Job instance at 0x7f3db897e820>,43,15,[10  4],44,79,94,35,65
1,<environment.Job instance at 0x7f3db897e780>,45,13,[1 5],46,93,106,47,77
1,<environment.Job instance at 0x7f3db897eb40>,46,15,[ 5 10],47,94,109,47,80
1,<environment.Job instance at 0x7f3db0307fa0>,48,14,[8 3],49,106,120,57,91
1,<environment.Job instance at 0x7f3db03075f0>,49,14,[9 5],50,120,134,70,105
1,<environment.Job instance at 0x7f3db02f48c0>,51,13,[5 8],52,109,122,57,105
1,<environment.Job instance at 0x7f3db028da50>,52,18,[9 4],53,134,152,81,123
1,<environment.Job instance at 0x7f3db0307280>,53,18,[ 4 10],54,138,156,84,138
1,<environment.Job instance at 0x7f3db01e1a50>,56,12,[6 3],57,152,164,95,138
1,<environment.Job instance at 0x7f3db01e19b0>,57,15,[ 5 10],58,156,171,98,142
1,<environment.Job instance at 0x7f3db01e1e60>,58,17,[5 7],59,171,188,112,159
1,<environment.Job instance at 0x7f3db01eaa00>,16,15,[9 5],17,164,179,147,159
1,<environment.Job instance at 0x7f3db01e1730>,62,3,[5 2],63,179,182,116,159
1,<environment.Job instance at 0x7f3db01e1eb0>,63,2,[2 5],64,179,181,115,160
1,<environment.Job instance at 0x7f3db01e13c0>,61,16,[ 4 10],62,188,204,126,175
1,<environment.Job instance at 0x7f3daee06460>,0,1,[8 1],1,1,2,0,1
1,<environment.Job instance at 0x7f3daf73e6e0>,1,18,[3 7],2,2,20,0,2
1,<environment.Job instance at 0x7f3daf73e820>,3,14,[5 5],4,4,18,0,4
1,<environment.Job instance at 0x7f3daf4424b0>,6,13,[3 7],7,18,31,11,7
1,<environment.Job instance at 0x7f3daf442fa0>,7,16,[5 8],8,20,36,12,9
1,<environment.Job instance at 0x7f3daf442cd0>,9,3,[10  2],10,31,34,21,10
1,<environment.Job instance at 0x7f3daf442dc0>,12,3,[10  5],13,34,37,21,13
1,<environment.Job instance at 0x7f3daf442f50>,13,15,[4 9],14,36,51,22,22
1,<environment.Job instance at 0x7f3daf442aa0>,15,12,[ 3 10],16,51,63,35,34
1,<environment.Job instance at 0x7f3daf442c30>,16,12,[9 4],17,37,49,20,34
1,<environment.Job instance at 0x7f3daf4425a0>,18,12,[10  1],19,49,61,30,35
1,<environment.Job instance at 0x7f3daf442460>,19,21,[1 7],20,63,84,43,55
1,<environment.Job instance at 0x7f3daf26c230>,20,16,[9 2],21,61,77,40,55
1,<environment.Job instance at 0x7f3daf26c190>,23,2,[8 4],24,77,79,53,55
1,<environment.Job instance at 0x7f3daf26cc80>,25,12,[5 9],26,84,96,58,67
1,<environment.Job instance at 0x7f3daf26ce60>,26,12,[6 4],27,77,89,50,67
1,<environment.Job instance at 0x7f3daf26cdc0>,27,17,[8 2],28,89,106,61,77
1,<environment.Job instance at 0x7f3daf439050>,28,17,[1 6],29,96,113,67,84
1,<environment.Job instance at 0x7f3daf439c80>,29,17,[9 2],30,106,123,76,94
1,<environment.Job instance at 0x7f3daf4399b0>,32,15,[2 9],33,113,128,80,99
1,<environment.Job instance at 0x7f3daf439690>,35,16,[11  3],36,123,139,87,110
1,<environment.Job instance at 0x7f3daf4392d0>,36,3,[9 2],37,139,142,102,113
1,<environment.Job instance at 0x7f3daf439460>,37,16,[3 5],38,128,144,90,115
1,<environment.Job instance at 0x7f3daf439640>,39,3,[2 6],40,139,142,99,115
1,<environment.Job instance at 0x7f3daf2934b0>,40,13,[6 4],41,142,155,101,126
1,<environment.Job instance at 0x7f3daf293a00>,43,18,[ 2 10],44,144,162,100,133
1,<environment.Job instance at 0x7f3daf293af0>,44,17,[8 3],45,155,172,110,143
1,<environment.Job instance at 0x7f3daf293be0>,45,2,[3 7],46,162,164,116,143
1,<environment.Job instance at 0x7f3daf293690>,47,17,[7 4],48,164,181,116,152
1,<environment.Job instance at 0x7f3daf293820>,48,15,[8 3],49,172,187,123,158
1,<environment.Job instance at 0x7f3daf293c80>,49,16,[10  5],50,187,203,137,174
1,<environment.Job instance at 0x7f3daf293050>,51,16,[5 3],52,181,197,129,174
1,<environment.Job instance at 0x7f3daf293780>,52,1,[6 3],53,203,204,150,176
1,<environment.Job instance at 0x7f3daf2932d0>,53,3,[1 6],54,181,184,127,176
1,<environment.Job instance at 0x7f3daf293e10>,54,1,[5 4],55,197,198,142,176
1,<environment.Job instance at 0x7f3daf66aeb0>,0,2,[7 4],1,1,3,0,1
1,<environment.Job instance at 0x7f3daf66a500>,1,16,[6 5],2,2,18,0,2
1,<environment.Job instance at 0x7f3dafee05a0>,2,13,[14  2],3,18,31,15,4
1,<environment.Job instance at 0x7f3daf293e10>,3,1,[5 5],4,6,7,2,6
1,<environment.Job instance at 0x7f3daed68370>,6,12,[ 1 10],7,7,19,0,7
1,<environment.Job instance at 0x7f3daed68730>,9,3,[4 5],10,31,34,21,17
1,<environment.Job instance at 0x7f3daed684b0>,5,16,[6 5],6,31,47,25,18
1,<environment.Job instance at 0x7f3daed687d0>,11,13,[5 2],12,31,44,19,18
1,<environment.Job instance at 0x7f3daed68b90>,18,14,[7 2],19,44,58,25,29
1,<environment.Job instance at 0x7f3daed68f00>,19,18,[1 9],20,47,65,27,36
1,<environment.Job instance at 0x7f3daed68be0>,21,14,[6 1],22,47,61,25,36
1,<environment.Job instance at 0x7f3daed6a190>,23,14,[4 8],24,65,79,41,50
1,<environment.Job instance at 0x7f3daed6a230>,24,17,[3 7],25,65,82,40,53
1,<environment.Job instance at 0x7f3daed6a370>,26,14,[7 5],27,79,93,52,64
1,<environment.Job instance at 0x7f3daed6a5f0>,29,18,[2 9],30,82,100,52,71
1,<environment.Job instance at 0x7f3daed68640>,10,15,[5 1],11,79,94,68,75
1,<environment.Job instance at 0x7f3daed6a640>,30,18,[5 5],31,93,111,62,82
1,<environment.Job instance at 0x7f3daed6a820>,33,18,[5 2],34,100,118,66,89
1,<environment.Job instance at 0x7f3daed6a8c0>,34,16,[7 5],35,111,127,76,98
1,<environment.Job instance at 0x7f3daed6abe0>,36,12,[8 3],37,118,130,81,101
1,<environment.Job instance at 0x7f3daed6ad20>,44,15,[10  2],45,130,145,85,116
1,<environment.Job instance at 0x7f3daed6a6e0>,31,14,[ 1 10],32,127,141,95,117
1,<environment.Job instance at 0x7f3daed6d1e0>,46,12,[3 5],47,141,153,94,124
1,<environment.Job instance at 0x7f3daed6d280>,47,3,[8 3],48,145,148,97,124
1,<environment.Job instance at 0x7f3daed6d320>,48,1,[9 5],49,148,149,99,124
1,<environment.Job instance at 0x7f3daed6d3c0>,49,1,[7 3],50,149,150,99,124
1,<environment.Job instance at 0x7f3daed6d550>,50,2,[9 4],51,150,152,99,124
1,<environment.Job instance at 0x7f3daed6d500>,51,1,[3 8],52,152,153,100,124
1,<environment.Job instance at 0x7f3daed6aa50>,45,20,[10  3],46,153,173,107,144
1,<environment.Job instance at 0x7f3daed6d6e0>,54,14,[5 9],55,153,167,98,144
1,<environment.Job instance at 0x7f3daed6d8c0>,55,14,[6 3],56,173,187,117,158
1,<environment.Job instance at 0x7f3daed6dc80>,61,14,[1 5],62,167,181,105,158
1,<environment.Job instance at 0x7f3daed6dd20>,62,17,[5 1],63,173,190,110,162
1,<environment.Job instance at 0x7f3daed6deb0>,65,12,[8 3],66,187,199,121,170
1,<environment.Job instance at 0x7f3daed68500>,8,15,[1 8],9,181,196,172,170
1,<environment.Job instance at 0x7f3daee70e60>,0,18,[3 6],1,1,19,0,1
1,<environment.Job instance at 0x7f3daed6df00>,2,16,[1 9],3,3,19,0,3
1,<environment.Job instance at 0x7f3daed700a0>,1,2,[4 9],2,19,21,17,4
1,<environment.Job instance at 0x7f3dafd70730>,3,13,[6 4],4,19,32,15,4
1,<environment.Job instance at 0x7f3dafd70c80>,5,3,[3 8],6,21,24,15,7
1,<environment.Job instance at 0x7f3db0288fa0>,7,13,[7 1],8,24,37,16,8
1,<environment.Job instance at 0x7f3db0288550>,8,1,[8 3],9,32,33,23,9
1,<environment.Job instance at 0x7f3db02884b0>,11,2,[5 4],12,33,35,21,12
1,<environment.Job instance at 0x7f3db0288f50>,12,12,[1 7],13,33,45,20,20
1,<environment.Job instance at 0x7f3db0288c80>,13,3,[ 2 10],14,24,27,10,20
1,<environment.Job instance at 0x7f3dafd70140>,6,16,[2 7],7,35,51,28,22
1,<environment.Job instance at 0x7f3db0288e10>,15,15,[1 6],16,45,60,29,31
1,<environment.Job instance at 0x7f3db02888c0>,18,13,[3 6],19,51,64,32,35
1,<environment.Job instance at 0x7f3db0288cd0>,20,14,[3 5],21,60,74,39,45
1,<environment.Job instance at 0x7f3daeecd050>,24,12,[7 2],25,45,57,20,45
1,<environment.Job instance at 0x7f3db0288820>,9,12,[4 8],10,64,76,54,49
1,<environment.Job instance at 0x7f3daeecd550>,26,12,[5 6],27,74,86,47,60
1,<environment.Job instance at 0x7f3dafd70190>,10,14,[1 9],11,76,90,65,63
1,<environment.Job instance at 0x7f3daeecd5a0>,27,1,[ 5 10],28,90,91,62,63
1,<environment.Job instance at 0x7f3daeecd640>,29,2,[1 9],30,91,93,61,64
1,<environment.Job instance at 0x7f3daeecd190>,28,12,[6 1],29,64,76,35,64
1,<environment.Job instance at 0x7f3daeecd500>,31,2,[10  4],32,86,88,54,64
1,<environment.Job instance at 0x7f3daeecd1e0>,33,16,[9 5],34,88,104,54,75
1,<environment.Job instance at 0x7f3daeecd8c0>,30,15,[6 2],31,93,108,62,81
1,<environment.Job instance at 0x7f3daeecdc80>,35,1,[ 3 12],36,104,105,68,81
1,<environment.Job instance at 0x7f3daeecdbe0>,36,3,[10  3],37,108,111,71,82
1,<environment.Job instance at 0x7f3db02f5640>,37,14,[ 5 10],38,105,119,67,92
1,<environment.Job instance at 0x7f3db02f5a50>,38,3,[ 5 12],39,119,122,80,93
1,<environment.Job instance at 0x7f3daeecdeb0>,34,16,[8 5],35,122,138,87,109
1,<environment.Job instance at 0x7f3db02f5c80>,41,12,[2 5],42,122,134,80,109
1,<environment.Job instance at 0x7f3daeedaeb0>,42,16,[9 3],43,138,154,95,125
1,<environment.Job instance at 0x7f3daeeda550>,43,14,[1 6],44,134,148,90,125
1,<environment.Job instance at 0x7f3daeedaaf0>,44,16,[7 3],45,154,170,109,141
1,<environment.Job instance at 0x7f3db02f5b90>,39,16,[6 2],40,148,164,108,141
1,<environment.Job instance at 0x7f3daeeda4b0>,46,1,[11  1],47,170,171,123,145
1,<environment.Job instance at 0x7f3daeedafa0>,47,2,[2 6],48,145,147,97,145
1,<environment.Job instance at 0x7f3daeeda5a0>,48,13,[5 7],49,171,184,122,155
1,<environment.Job instance at 0x7f3daf32ef50>,49,3,[7 2],50,164,167,114,155
1,<environment.Job instance at 0x7f3dafd70780>,4,12,[10  3],5,171,183,166,155
1,<environment.Job instance at 0x7f3daf32e050>,52,14,[6 1],53,183,197,130,170
1,<environment.Job instance at 0x7f3daeecdb90>,32,16,[5 3],33,184,200,151,172
1,<environment.Job instance at 0x7f3daf4f4e10>,56,3,[10  1],57,197,200,140,172
1,<environment.Job instance at 0x7f3daeacdc80>,0,2,[7 1],1,1,3,0,1
1,<environment.Job instance at 0x7f3daf6b4050>,1,3,[ 3 11],2,3,6,1,3
1,<environment.Job instance at 0x7f3daf19a460>,2,1,[ 3 10],3,6,7,3,3
1,<environment.Job instance at 0x7f3daebef960>,3,12,[5 8],4,7,19,3,4
1,<environment.Job instance at 0x7f3daebef780>,4,1,[2 5],5,7,8,2,7
1,<environment.Job instance at 0x7f3dafdf01e0>,6,3,[2 5],7,8,11,1,7
1,<environment.Job instance at 0x7f3daebefc80>,5,3,[10  1],6,11,14,5,7
1,<environment.Job instance at 0x7f3daf6b6cd0>,7,13,[5 5],8,14,27,6,8
1,<environment.Job instance at 0x7f3daefdcaa0>,9,2,[1 8],10,19,21,9,11
1,<environment.Job instance at 0x7f3daefdc9b0>,10,12,[10  4],11,21,33,10,11
1,<environment.Job instance at 0x7f3daf14bc80>,11,12,[4 5],12,27,39,15,12
1,<environment.Job instance at 0x7f3daf53afa0>,15,3,[4 8],16,33,36,17,16
1,<environment.Job instance at 0x7f3daf53a140>,17,12,[6 2],18,33,45,15,18
1,<environment.Job instance at 0x7f3daea40fa0>,18,3,[2 8],19,36,39,17,19
1,<environment.Job instance at 0x7f3daea400f0>,19,2,[4 5],20,39,41,19,20
1,<environment.Job instance at 0x7f3daea40be0>,20,1,[7 1],21,41,42,20,21
1,<environment.Job instance at 0x7f3daea402d0>,21,2,[2 6],22,39,41,17,22
1,<environment.Job instance at 0x7f3daea40280>,22,20,[5 2],23,42,62,19,34
1,<environment.Job instance at 0x7f3daea40780>,16,16,[ 5 10],17,45,61,28,34
1,<environment.Job instance at 0x7f3daea403c0>,24,12,[3 9],25,61,73,36,45
1,<environment.Job instance at 0x7f3daf87d870>,25,15,[5 1],26,45,60,19,45
1,<environment.Job instance at 0x7f3daeac8320>,33,15,[8 4],34,62,77,28,49
1,<environment.Job instance at 0x7f3daeac80f0>,35,13,[5 1],36,73,86,37,57
1,<environment.Job instance at 0x7f3daea3e5f0>,23,14,[1 8],24,73,87,49,58
1,<environment.Job instance at 0x7f3daeac0190>,37,2,[5 7],38,86,88,48,59
1,<environment.Job instance at 0x7f3daeac0e10>,38,12,[1 6],39,87,99,48,70
1,<environment.Job instance at 0x7f3daeac0320>,39,1,[6 3],40,77,78,37,70
1,<environment.Job instance at 0x7f3daeac04b0>,40,16,[6 2],41,87,103,46,75
1,<environment.Job instance at 0x7f3daeac0730>,41,2,[ 2 13],42,99,101,57,75
1,<environment.Job instance at 0x7f3daeac05f0>,42,1,[5 5],43,78,79,35,75
1,<environment.Job instance at 0x7f3daf53a780>,14,26,[10  2],15,103,129,88,100
1,<environment.Job instance at 0x7f3daeac0410>,44,14,[10  4],45,129,143,84,114
1,<environment.Job instance at 0x7f3daeac0c80>,36,20,[4 9],37,114,134,77,114
1,<environment.Job instance at 0x7f3dafb55640>,47,13,[7 4],48,143,156,95,127
1,<environment.Job instance at 0x7f3daeb7c550>,51,16,[5 7],52,134,150,82,127
1,<environment.Job instance at 0x7f3dafbb6c30>,52,19,[4 7],53,150,169,97,140
1,<environment.Job instance at 0x7f3daf308f00>,55,13,[6 4],56,156,169,100,140
1,<environment.Job instance at 0x7f3dafdbe5a0>,56,19,[9 4],57,169,188,112,159
1,<environment.Job instance at 0x7f3daf2970a0>,57,18,[4 7],58,169,187,111,159
1,<environment.Job instance at 0x7f3db243a320>,61,14,[2 7],62,187,201,125,172
1,<environment.Job instance at 0x7f3daf45d690>,63,18,[10  5],64,188,206,124,177
1,<environment.Job instance at 0x7f3daf4a4690>,0,2,[2 6],1,1,3,0,1
1,<environment.Job instance at 0x7f3daf165cd0>,1,3,[5 8],2,2,5,0,2
1,<environment.Job instance at 0x7f3daf4bb5f0>,2,2,[2 8],3,5,7,2,3
1,<environment.Job instance at 0x7f3db8a13d70>,3,18,[4 9],4,7,25,3,4
1,<environment.Job instance at 0x7f3daf45d0f0>,5,1,[12  3],6,6,7,0,6
1,<environment.Job instance at 0x7f3dafe6edc0>,6,2,[5 5],7,7,9,0,7
1,<environment.Job instance at 0x7f3daf4b50a0>,7,2,[9 3],8,9,11,1,8
1,<environment.Job instance at 0x7f3dafea7960>,8,16,[1 8],9,25,41,16,12
1,<environment.Job instance at 0x7f3dafe59c80>,12,3,[9 3],13,13,16,0,13
1,<environment.Job instance at 0x7f3dafe6ef00>,9,12,[9 3],10,16,28,6,13
1,<environment.Job instance at 0x7f3dafe59a00>,13,1,[10  5],14,28,29,14,14
1,<environment.Job instance at 0x7f3dafe6eeb0>,10,3,[8 4],11,29,32,18,15
1,<environment.Job instance at 0x7f3db01d1e60>,15,3,[5 6],16,32,35,16,17
1,<environment.Job instance at 0x7f3db01d1b90>,16,2,[3 5],17,35,37,18,17
1,<environment.Job instance at 0x7f3db8926820>,20,13,[8 3],21,37,50,16,21
1,<environment.Job instance at 0x7f3dafe599b0>,11,13,[5 5],12,41,54,29,25
1,<environment.Job instance at 0x7f3daf3ebeb0>,21,16,[8 1],22,50,66,28,37
1,<environment.Job instance at 0x7f3db8a47c30>,27,19,[4 7],28,54,73,26,44
1,<environment.Job instance at 0x7f3db8bc8410>,29,15,[6 1],30,66,81,36,52
1,<environment.Job instance at 0x7f3db8a47460>,30,17,[2 8],31,73,90,42,61
1,<environment.Job instance at 0x7f3daff31910>,33,13,[5 1],34,66,79,32,62
1,<environment.Job instance at 0x7f3daff31140>,34,16,[6 3],35,79,95,44,66
1,<environment.Job instance at 0x7f3db02281e0>,36,12,[1 9],37,90,102,53,73
1,<environment.Job instance at 0x7f3daf49ad20>,37,18,[7 1],38,81,99,43,73
1,<environment.Job instance at 0x7f3db0228a00>,38,16,[10  3],39,99,115,60,86
1,<environment.Job instance at 0x7f3daf49ae10>,39,15,[9 3],40,115,130,75,101
1,<environment.Job instance at 0x7f3db8926f00>,22,14,[ 2 12],23,104,118,81,104
1,<environment.Job instance at 0x7f3daff20050>,42,22,[6 2],43,118,140,75,111
1,<environment.Job instance at 0x7f3daff06870>,51,12,[1 7],52,130,142,78,113
1,<environment.Job instance at 0x7f3daff06af0>,52,17,[1 6],53,130,147,77,118
1,<environment.Job instance at 0x7f3daff207d0>,43,16,[4 9],44,142,158,98,131
1,<environment.Job instance at 0x7f3daff06b40>,54,2,[ 4 10],55,158,160,103,131
1,<environment.Job instance at 0x7f3daff06820>,53,21,[7 4],54,147,168,93,139
1,<environment.Job instance at 0x7f3daff3f500>,63,15,[10  1],64,168,183,104,154
1,<environment.Job instance at 0x7f3daff3f230>,64,20,[5 9],65,160,180,95,155
1,<environment.Job instance at 0x7f3daff26fa0>,67,15,[1 7],68,180,195,112,167
1,<environment.Job instance at 0x7f3daff3d050>,68,18,[5 6],69,183,201,114,172
1,<environment.Job instance at 0x7f3daff3d370>,71,12,[8 3],72,195,207,123,178
1,<environment.Job instance at 0x7f3daff08050>,0,17,[4 8],1,1,18,0,1
1,<environment.Job instance at 0x7f3daff3d730>,2,17,[ 4 10],3,18,35,15,6
1,<environment.Job instance at 0x7f3daff08a00>,1,17,[3 6],2,35,52,33,23
1,<environment.Job instance at 0x7f3daf7742d0>,9,18,[5 5],10,23,41,13,23
1,<environment.Job instance at 0x7f3daf774280>,8,3,[6 2],9,35,38,26,23
1,<environment.Job instance at 0x7f3daf6b43c0>,6,1,[1 9],7,41,42,34,23
1,<environment.Job instance at 0x7f3daf774d20>,13,2,[1 9],14,42,44,28,23
1,<environment.Job instance at 0x7f3daf6b44b0>,4,1,[ 1 11],5,52,53,47,25
1,<environment.Job instance at 0x7f3daf774af0>,15,3,[8 5],16,44,47,28,30
1,<environment.Job instance at 0x7f3daf774f50>,11,18,[5 5],12,53,71,41,42
1,<environment.Job instance at 0x7f3daf774550>,20,14,[7 4],21,47,61,26,42
1,<environment.Job instance at 0x7f3daee61050>,25,18,[5 3],26,61,79,35,50
1,<environment.Job instance at 0x7f3daee61b40>,27,15,[5 1],28,61,76,33,50
1,<environment.Job instance at 0x7f3daee61500>,31,17,[6 1],32,76,93,44,64
1,<environment.Job instance at 0x7f3daee61730>,32,16,[9 2],33,79,95,46,66
1,<environment.Job instance at 0x7f3daee61780>,33,15,[5 8],34,93,108,59,79
1,<environment.Job instance at 0x7f3daf774460>,10,16,[5 4],11,95,111,84,83
1,<environment.Job instance at 0x7f3daf774aa0>,12,28,[5 1],13,95,123,82,94
1,<environment.Job instance at 0x7f3daf774230>,14,17,[6 1],15,111,128,96,99
1,<environment.Job instance at 0x7f3db8a0b230>,49,15,[3 6],50,108,123,58,99
1,<environment.Job instance at 0x7f3db8a0b4b0>,50,1,[ 5 10],51,123,124,72,99
1,<environment.Job instance at 0x7f3db8a0bfa0>,51,1,[9 3],52,124,125,72,99
1,<environment.Job instance at 0x7f3db8a0b910>,52,1,[1 7],53,111,112,58,99
1,<environment.Job instance at 0x7f3db8a0be10>,53,1,[5 4],54,125,126,71,99
1,<environment.Job instance at 0x7f3db8a0ba50>,46,22,[7 4],47,126,148,79,119
1,<environment.Job instance at 0x7f3db8a0b640>,58,14,[9 3],59,148,162,89,133
1,<environment.Job instance at 0x7f3db8a0b190>,62,18,[7 2],63,162,180,99,151
1,<environment.Job instance at 0x7f3db01ede10>,64,16,[5 8],65,151,167,86,151
1,<environment.Job instance at 0x7f3db01eda50>,65,16,[2 7],66,167,183,101,154
1,<environment.Job instance at 0x7f3db01edfa0>,67,12,[10  4],68,180,192,112,163
1,<environment.Job instance at 0x7f3db01ed1e0>,68,12,[3 8],69,183,195,114,166
1,<environment.Job instance at 0x7f3daeb689b0>,2,1,[5 5],3,3,4,0,3
1,<environment.Job instance at 0x7f3daeb68af0>,3,12,[9 4],4,4,16,0,4
1,<environment.Job instance at 0x7f3dafb5d3c0>,5,3,[2 6],6,6,9,0,6
1,<environment.Job instance at 0x7f3dafb5d870>,6,15,[5 2],7,9,24,2,7
1,<environment.Job instance at 0x7f3dafb5d280>,7,3,[6 3],8,16,19,8,8
1,<environment.Job instance at 0x7f3dafb5db90>,9,13,[4 9],10,16,29,6,10
1,<environment.Job instance at 0x7f3dafb5df50>,10,14,[11  5],11,24,38,13,11
1,<environment.Job instance at 0x7f3dafb5d9b0>,11,13,[ 1 10],12,29,42,17,13
1,<environment.Job instance at 0x7f3dafb5d2d0>,15,13,[ 3 10],16,42,55,26,26
1,<environment.Job instance at 0x7f3dafb5d780>,16,2,[9 4],17,38,40,21,26
1,<environment.Job instance at 0x7f3dafb5dfa0>,17,3,[7 3],18,40,43,22,26
1,<environment.Job instance at 0x7f3dafb5daf0>,18,14,[10  3],19,43,57,24,28
1,<environment.Job instance at 0x7f3dafb5d230>,13,14,[4 9],14,55,69,41,42
1,<environment.Job instance at 0x7f3dafb5dcd0>,19,18,[8 2],20,57,75,37,47
1,<environment.Job instance at 0x7f3daeb68d20>,12,17,[3 8],13,69,86,56,57
1,<environment.Job instance at 0x7f3daeaff280>,24,14,[3 7],25,75,89,50,60
1,<environment.Job instance at 0x7f3daeaff550>,25,12,[2 6],26,86,98,60,69
1,<environment.Job instance at 0x7f3dafb5d190>,21,17,[5 4],22,89,106,67,77
1,<environment.Job instance at 0x7f3daeaff410>,27,12,[3 7],28,98,110,70,81
1,<environment.Job instance at 0x7f3daeaff780>,28,16,[7 1],29,86,102,57,81
1,<environment.Job instance at 0x7f3daeaffdc0>,26,18,[10  1],27,106,124,79,96
1,<environment.Job instance at 0x7f3daeaff0a0>,30,17,[3 8],31,110,127,79,98
1,<environment.Job instance at 0x7f3daeaffc80>,33,17,[7 3],34,124,141,90,112
1,<environment.Job instance at 0x7f3daeaff050>,34,13,[7 1],35,127,140,92,114
1,<environment.Job instance at 0x7f3daeaffe10>,35,12,[5 5],36,140,152,104,123
1,<environment.Job instance at 0x7f3daeaff960>,36,12,[4 6],37,141,153,104,124
1,<environment.Job instance at 0x7f3daeaff500>,37,18,[3 9],38,152,170,114,141
1,<environment.Job instance at 0x7f3daeaff370>,38,12,[3 9],39,170,182,131,153
1,<environment.Job instance at 0x7f3daeb684b0>,0,16,[10  3],1,153,169,152,153
1,<environment.Job instance at 0x7f3daeaffb90>,40,1,[6 3],41,169,170,128,153
1,<environment.Job instance at 0x7f3daeaff8c0>,41,2,[ 3 10],42,182,184,140,155
1,<environment.Job instance at 0x7f3daeb1a190>,42,2,[6 4],43,170,172,127,155
1,<environment.Job instance at 0x7f3daeb1a730>,44,15,[6 3],45,172,187,127,158
1,<environment.Job instance at 0x7f3daeb1aaf0>,46,16,[2 9],47,184,200,137,171
1,<environment.Job instance at 0x7f3daf97dd70>,1,16,[1 7],2,2,18,0,2
1,<environment.Job instance at 0x7f3daf97d5a0>,0,1,[13  1],1,4,5,3,4
1,<environment.Job instance at 0x7f3daeb1a7d0>,2,3,[9 2],3,5,8,2,4
1,<environment.Job instance at 0x7f3daeb1aaf0>,3,19,[3 9],4,18,37,14,8
1,<environment.Job instance at 0x7f3daf97d460>,4,2,[2 7],5,8,10,3,8
1,<environment.Job instance at 0x7f3dafb99460>,9,18,[5 3],10,10,28,0,10
1,<environment.Job instance at 0x7f3dafb997d0>,8,12,[7 2],9,10,22,1,10
1,<environment.Job instance at 0x7f3dafb991e0>,10,2,[2 6],11,28,30,17,11
1,<environment.Job instance at 0x7f3daf97d190>,5,17,[9 1],6,30,47,24,20
1,<environment.Job instance at 0x7f3daf97d820>,6,12,[3 9],7,37,49,30,21
1,<environment.Job instance at 0x7f3dafb99500>,16,3,[ 3 10],17,49,52,32,23
1,<environment.Job instance at 0x7f3dafb99dc0>,14,14,[ 3 10],15,52,66,37,37
1,<environment.Job instance at 0x7f3dafb99d20>,19,1,[10  2],20,47,48,27,37
1,<environment.Job instance at 0x7f3dafb99b90>,20,18,[8 3],21,48,66,27,37
1,<environment.Job instance at 0x7f3db0374e10>,23,17,[6 1],24,66,83,42,54
1,<environment.Job instance at 0x7f3db0374fa0>,24,12,[4 5],25,66,78,41,54
1,<environment.Job instance at 0x7f3db0374460>,27,20,[1 5],28,66,86,38,57
1,<environment.Job instance at 0x7f3db0374140>,30,13,[4 7],31,78,91,47,62
1,<environment.Job instance at 0x7f3db0374410>,31,16,[5 5],32,86,102,54,73
1,<environment.Job instance at 0x7f3db0374dc0>,33,13,[3 7],34,91,104,57,75
1,<environment.Job instance at 0x7f3db0374a50>,34,15,[7 4],35,102,117,67,88
1,<environment.Job instance at 0x7f3db0374730>,36,2,[4 7],37,104,106,67,88
1,<environment.Job instance at 0x7f3db0374870>,37,17,[4 9],38,106,123,68,94
1,<environment.Job instance at 0x7f3db0374320>,39,13,[10  2],40,117,130,77,102
1,<environment.Job instance at 0x7f3dafb99320>,7,14,[5 6],8,123,137,115,113
1,<environment.Job instance at 0x7f3dafea6820>,41,12,[8 5],42,130,142,88,113
1,<environment.Job instance at 0x7f3dafb99d70>,17,18,[1 8],18,137,155,119,129
1,<environment.Job instance at 0x7f3dafea6690>,43,1,[ 4 10],44,155,156,111,129
1,<environment.Job instance at 0x7f3dafea66e0>,44,18,[3 5],45,142,160,97,131
1,<environment.Job instance at 0x7f3daf098c80>,45,1,[7 2],46,142,143,96,131
1,<environment.Job instance at 0x7f3daf0982d0>,48,15,[8 2],49,156,171,107,142
1,<environment.Job instance at 0x7f3daf0983c0>,46,13,[5 4],47,160,173,113,144
1,<environment.Job instance at 0x7f3dafb990a0>,15,15,[2 6],16,156,171,140,144
1,<environment.Job instance at 0x7f3daf098f00>,50,12,[8 3],51,171,183,120,154
1,<environment.Job instance at 0x7f3daf098320>,52,14,[ 3 10],53,173,187,120,164
1,<environment.Job instance at 0x7f3daf0985a0>,53,1,[6 1],54,183,184,129,164
1,<environment.Job instance at 0x7f3daf098050>,54,3,[6 2],55,183,186,128,164
1,<environment.Job instance at 0x7f3daf098a50>,55,2,[1 9],56,187,189,131,164
1,<environment.Job instance at 0x7f3daf21d7d0>,60,18,[6 1],61,184,202,123,173
1,<environment.Job instance at 0x7f3daf098e10>,56,13,[ 5 10],57,189,202,132,173
1,<environment.Job instance at 0x7f3daf21dfa0>,63,3,[6 1],64,186,189,122,173
1,<environment.Job instance at 0x7f3dafe3faa0>,0,1,[7 5],1,1,2,0,1
1,<environment.Job instance at 0x7f3dafe3f0a0>,1,1,[12  1],2,2,3,0,2
1,<environment.Job instance at 0x7f3daf326d70>,2,2,[7 5],3,3,5,0,3
1,<environment.Job instance at 0x7f3daf97c550>,3,3,[ 3 12],4,5,8,1,5
1,<environment.Job instance at 0x7f3daf21dfa0>,4,1,[3 8],5,8,9,3,5
1,<environment.Job instance at 0x7f3daf97c7d0>,6,14,[4 9],7,9,23,2,7
1,<environment.Job instance at 0x7f3daf97c6e0>,5,2,[4 7],6,23,25,17,8
1,<environment.Job instance at 0x7f3daf97c820>,7,17,[10  4],8,8,25,0,8
1,<environment.Job instance at 0x7f3daf97cc80>,12,3,[6 3],13,25,28,12,13
1,<environment.Job instance at 0x7f3daf97cb40>,10,16,[ 1 10],11,25,41,14,13
1,<environment.Job instance at 0x7f3daf97cd20>,14,2,[8 2],15,25,27,10,15
1,<environment.Job instance at 0x7f3daf97cdc0>,15,2,[3 8],16,41,43,25,16
1,<environment.Job instance at 0x7f3daf97cbe0>,11,13,[4 5],12,28,41,16,18
1,<environment.Job instance at 0x7f3daf9820a0>,18,3,[7 5],19,41,44,22,22
1,<environment.Job instance at 0x7f3daf9823c0>,19,17,[10  1],20,44,61,24,32
1,<environment.Job instance at 0x7f3daf982190>,22,14,[9 2],23,61,75,38,46
1,<environment.Job instance at 0x7f3daf982820>,26,3,[6 3],27,61,64,34,46
1,<environment.Job instance at 0x7f3daf9828c0>,27,14,[10  2],28,75,89,47,60
1,<environment.Job instance at 0x7f3daf982960>,28,15,[5 3],29,64,79,35,60
1,<environment.Job instance at 0x7f3daf982280>,17,13,[5 5],18,79,92,61,64
1,<environment.Job instance at 0x7f3daf982b40>,30,1,[4 8],31,89,90,58,66
1,<environment.Job instance at 0x7f3daf982a50>,29,15,[4 9],30,90,105,60,76
1,<environment.Job instance at 0x7f3daf982a00>,32,1,[2 5],33,92,93,59,76
1,<environment.Job instance at 0x7f3daf982dc0>,34,3,[6 1],35,89,92,54,76
1,<environment.Job instance at 0x7f3daf982f50>,35,16,[3 7],36,105,121,69,92
1,<environment.Job instance at 0x7f3daf982f00>,36,13,[9 1],37,92,105,55,92
1,<environment.Job instance at 0x7f3daf982eb0>,37,18,[10  3],38,105,123,67,94
1,<environment.Job instance at 0x7f3daf9790a0>,39,13,[2 8],40,121,134,81,105
1,<environment.Job instance at 0x7f3daf979370>,41,16,[1 7],42,123,139,81,110
1,<environment.Job instance at 0x7f3daf9795f0>,45,12,[4 8],46,134,146,88,117
1,<environment.Job instance at 0x7f3daf979870>,47,18,[3 6],48,139,157,91,128
1,<environment.Job instance at 0x7f3daf979910>,48,14,[10  1],49,146,160,97,131
1,<environment.Job instance at 0x7f3daf979af0>,51,16,[6 2],52,160,176,108,147
1,<environment.Job instance at 0x7f3daf979d70>,55,14,[ 2 10],56,157,171,101,147
1,<environment.Job instance at 0x7f3daf979e10>,56,17,[9 4],57,171,188,114,159
1,<environment.Job instance at 0x7f3daf979f50>,58,14,[ 1 10],59,176,190,117,162
1,<environment.Job instance at 0x7f3daf9a8050>,60,13,[ 4 10],61,190,203,129,174
1,<environment.Job instance at 0x7f3daf9f6780>,0,14,[5 6],1,1,15,0,1
1,<environment.Job instance at 0x7f3daf9a8050>,2,2,[10  5],3,3,5,0,3
1,<environment.Job instance at 0x7f3db0263410>,4,2,[2 7],5,5,7,0,5
1,<environment.Job instance at 0x7f3db02639b0>,5,3,[6 5],6,7,10,1,6
1,<environment.Job instance at 0x7f3db0263be0>,6,15,[5 8],7,10,25,3,7
1,<environment.Job instance at 0x7f3db02635a0>,7,13,[ 1 10],8,25,38,17,9
1,<environment.Job instance at 0x7f3db0263280>,9,17,[2 5],10,15,32,5,10
1,<environment.Job instance at 0x7f3daf414500>,13,12,[5 2],14,32,44,18,15
1,<environment.Job instance at 0x7f3daf414230>,14,1,[3 7],15,38,39,23,15
1,<environment.Job instance at 0x7f3daf414e60>,15,2,[ 5 10],16,39,41,23,16
1,<environment.Job instance at 0x7f3daf414460>,16,18,[3 7],17,41,59,24,30
1,<environment.Job instance at 0x7f3daf414dc0>,17,2,[2 8],18,44,46,26,30
1,<environment.Job instance at 0x7f3daf4149b0>,18,12,[2 6],19,46,58,27,30
1,<environment.Job instance at 0x7f3db0263820>,10,13,[ 2 10],11,59,72,48,43
1,<environment.Job instance at 0x7f3daf4147d0>,12,13,[5 5],13,58,71,45,43
1,<environment.Job instance at 0x7f3daf39fbe0>,21,3,[8 1],22,46,49,24,43
1,<environment.Job instance at 0x7f3db0263190>,11,18,[4 5],12,71,89,59,60
1,<environment.Job instance at 0x7f3daf39f690>,25,18,[1 6],26,72,90,46,61
1,<environment.Job instance at 0x7f3daf39fd20>,27,13,[1 7],28,89,102,61,73
1,<environment.Job instance at 0x7f3daf39ffa0>,28,12,[2 5],29,90,102,61,73
1,<environment.Job instance at 0x7f3daf0ec410>,29,17,[5 2],30,73,90,43,73
1,<environment.Job instance at 0x7f3daf4142d0>,20,15,[5 5],21,102,117,81,88
1,<environment.Job instance at 0x7f3daf0ec640>,31,18,[9 3],32,90,108,58,88
1,<environment.Job instance at 0x7f3daf0ec4b0>,33,18,[8 3],34,108,126,74,97
1,<environment.Job instance at 0x7f3daf0ec050>,35,15,[2 7],36,108,123,72,97
1,<environment.Job instance at 0x7f3daf0ecaa0>,39,12,[1 7],40,123,135,83,106
1,<environment.Job instance at 0x7f3daf0ec370>,41,14,[1 7],42,126,140,84,111
1,<environment.Job instance at 0x7f3dafc77960>,43,18,[2 6],44,135,153,91,124
1,<environment.Job instance at 0x7f3dafc77050>,44,13,[1 6],45,140,153,95,124
1,<environment.Job instance at 0x7f3dafc77410>,47,18,[3 8],48,153,171,105,142
1,<environment.Job instance at 0x7f3dafc77a50>,48,13,[5 2],49,142,155,93,142
1,<environment.Job instance at 0x7f3dafc77190>,49,15,[10  3],50,155,170,105,142
1,<environment.Job instance at 0x7f3dafc77320>,51,17,[9 5],52,170,187,118,158
1,<environment.Job instance at 0x7f3daf3e2320>,52,19,[1 5],53,171,190,118,161
1,<environment.Job instance at 0x7f3daf3e2f00>,54,13,[2 5],55,171,184,116,161
1,<environment.Job instance at 0x7f3daff38780>,57,12,[1 7],58,187,199,129,170
1,<environment.Job instance at 0x7f3daff38820>,58,16,[8 1],59,187,203,128,174
1,<environment.Job instance at 0x7f3daf046d70>,0,2,[1 7],1,1,3,0,1
1,<environment.Job instance at 0x7f3dafe51730>,2,17,[7 2],3,3,20,0,3
1,<environment.Job instance at 0x7f3daf046eb0>,3,14,[7 2],4,4,18,0,4
1,<environment.Job instance at 0x7f3daf046c30>,4,13,[2 8],5,18,31,13,5
1,<environment.Job instance at 0x7f3daf046b90>,5,17,[6 3],6,18,35,12,6
1,<environment.Job instance at 0x7f3daf046f00>,7,14,[9 4],8,31,45,23,16
1,<environment.Job instance at 0x7f3daf0461e0>,6,12,[ 4 10],7,35,47,28,21
1,<environment.Job instance at 0x7f3daf49b190>,13,1,[ 3 10],14,47,48,33,21
1,<environment.Job instance at 0x7f3daf49b9b0>,12,18,[3 8],13,48,66,35,37
1,<environment.Job instance at 0x7f3daf49b820>,20,16,[5 1],21,45,61,24,37
1,<environment.Job instance at 0x7f3daf49b370>,14,12,[7 2],15,47,59,32,37
1,<environment.Job instance at 0x7f3daf49b410>,26,19,[4 6],27,59,78,32,49
1,<environment.Job instance at 0x7f3daf9fb4b0>,31,18,[1 9],32,66,84,34,55
1,<environment.Job instance at 0x7f3daf9fb280>,33,21,[5 5],34,78,99,44,70
1,<environment.Job instance at 0x7f3dafc30690>,37,16,[6 5],38,84,100,46,71
1,<environment.Job instance at 0x7f3dafc30fa0>,38,12,[9 5],39,99,111,60,82
1,<environment.Job instance at 0x7f3dafc307d0>,39,12,[ 5 10],40,100,112,60,83
1,<environment.Job instance at 0x7f3dafc30280>,40,18,[9 1],41,111,129,70,100
1,<environment.Job instance at 0x7f3dafc309b0>,41,12,[7 5],42,129,141,87,112
1,<environment.Job instance at 0x7f3dafc30eb0>,44,14,[3 5],45,112,126,67,112
1,<environment.Job instance at 0x7f3dafc30050>,45,17,[10  2],46,141,158,95,129
1,<environment.Job instance at 0x7f3dafc30190>,46,16,[ 5 10],47,129,145,82,129
1,<environment.Job instance at 0x7f3dafc30d70>,48,14,[5 1],49,145,159,96,130
1,<environment.Job instance at 0x7f3dafc30370>,49,12,[6 2],50,158,170,108,141
1,<environment.Job instance at 0x7f3dafc30f50>,53,13,[8 5],54,159,172,105,143
1,<environment.Job instance at 0x7f3dafd4c0a0>,55,13,[6 4],56,170,183,114,154
1,<environment.Job instance at 0x7f3dafd4cd70>,56,16,[4 8],57,172,188,115,159
1,<environment.Job instance at 0x7f3daeab90a0>,0,3,[4 8],1,1,4,0,1
1,<environment.Job instance at 0x7f3dafd4c5a0>,2,2,[9 1],3,3,5,0,3
1,<environment.Job instance at 0x7f3daeab9410>,1,1,[8 1],2,5,6,3,3
1,<environment.Job instance at 0x7f3daf97d5f0>,3,19,[5 5],4,4,23,0,4
1,<environment.Job instance at 0x7f3dafd36f50>,5,3,[3 5],6,7,10,1,7
1,<environment.Job instance at 0x7f3dafd36d70>,7,13,[4 7],8,10,23,2,8
1,<environment.Job instance at 0x7f3dafd36b90>,8,15,[4 7],9,23,38,14,9
1,<environment.Job instance at 0x7f3daf291a00>,9,13,[3 7],10,23,36,13,10
1,<environment.Job instance at 0x7f3dafd36c30>,6,14,[2 9],7,38,52,31,23
1,<environment.Job instance at 0x7f3daf2915f0>,12,12,[1 5],13,36,48,23,23
1,<environment.Job instance at 0x7f3daf291460>,13,20,[1 7],14,52,72,38,43
1,<environment.Job instance at 0x7f3daf291f50>,17,15,[3 7],18,52,67,34,43
1,<environment.Job instance at 0x7f3daf7e0190>,20,14,[6 3],21,67,81,46,52
1,<environment.Job instance at 0x7f3daf291960>,14,14,[9 2],15,72,86,57,58
1,<environment.Job instance at 0x7f3daf7e0230>,21,16,[9 2],22,86,102,64,73
1,<environment.Job instance at 0x7f3daf7e04b0>,25,16,[7 4],26,102,118,76,89
1,<environment.Job instance at 0x7f3daf7e02d0>,22,14,[2 8],23,89,103,66,89
1,<environment.Job instance at 0x7f3daf7e0640>,29,18,[7 3],30,103,121,73,92
1,<environment.Job instance at 0x7f3daf7e07d0>,32,16,[1 7],33,103,119,70,95
1,<environment.Job instance at 0x7f3daf7e09b0>,33,15,[7 1],34,118,133,84,104
1,<environment.Job instance at 0x7f3daf7e0820>,30,14,[5 3],31,121,135,90,106
1,<environment.Job instance at 0x7f3daf7e0af0>,35,3,[2 8],36,121,124,85,106
1,<environment.Job instance at 0x7f3daf7e0b90>,36,2,[ 1 10],37,119,121,82,106
1,<environment.Job instance at 0x7f3daf7e0c30>,37,2,[2 8],38,124,126,86,106
1,<environment.Job instance at 0x7f3dafd36e10>,11,14,[5 4],12,133,147,121,118
1,<environment.Job instance at 0x7f3daf7e0a50>,34,13,[5 9],35,135,148,100,129
1,<environment.Job instance at 0x7f3daf7e0e10>,40,13,[5 2],41,133,146,92,130
1,<environment.Job instance at 0x7f3daf7b02d0>,43,13,[9 5],44,147,160,103,131
1,<environment.Job instance at 0x7f3dafd361e0>,4,16,[1 7],5,148,164,143,135
1,<environment.Job instance at 0x7f3daf7b0500>,47,12,[6 5],48,160,172,112,143
1,<environment.Job instance at 0x7f3daf7b05a0>,48,1,[ 1 10],49,164,165,115,143
1,<environment.Job instance at 0x7f3daf7b0640>,49,2,[1 5],50,165,167,115,143
1,<environment.Job instance at 0x7f3daf7b06e0>,50,18,[5 7],51,167,185,116,156
1,<environment.Job instance at 0x7f3daf7b0780>,51,14,[1 9],52,185,199,133,170
1,<environment.Job instance at 0x7f3daf291050>,10,17,[9 5],11,172,189,161,172
1,<environment.Job instance at 0x7f3daf7b0190>,53,1,[7 2],54,189,190,135,179
1,<environment.Job instance at 0x7f3db02889b0>,0,18,[ 4 10],1,1,19,0,1
1,<environment.Job instance at 0x7f3daf7b0960>,1,2,[5 5],2,3,5,1,3
1,<environment.Job instance at 0x7f3daf7b0190>,2,3,[6 3],3,5,8,2,3
1,<environment.Job instance at 0x7f3daf297aa0>,3,3,[10  2],4,8,11,4,4
1,<environment.Job instance at 0x7f3daf484cd0>,4,13,[8 4],5,11,24,6,5
1,<environment.Job instance at 0x7f3daf484820>,5,1,[8 1],6,24,25,18,7
1,<environment.Job instance at 0x7f3daf484690>,8,17,[ 2 10],9,19,36,10,9
1,<environment.Job instance at 0x7f3daefa5410>,10,1,[5 1],11,19,20,8,13
1,<environment.Job instance at 0x7f3daf484960>,9,12,[2 8],10,36,48,26,19
1,<environment.Job instance at 0x7f3db89924b0>,15,15,[5 2],16,24,39,8,19
1,<environment.Job instance at 0x7f3dafc2baa0>,20,16,[6 1],21,25,41,4,21
1,<environment.Job instance at 0x7f3daed33500>,22,17,[5 8],23,48,65,25,36
1,<environment.Job instance at 0x7f3daed33cd0>,26,15,[6 2],27,39,54,12,36
1,<environment.Job instance at 0x7f3daf91d500>,31,12,[3 5],32,41,53,9,36
1,<environment.Job instance at 0x7f3db8992b40>,12,14,[5 8],13,65,79,52,51
1,<environment.Job instance at 0x7f3daffc2aa0>,38,3,[8 2],39,54,57,15,51
1,<environment.Job instance at 0x7f3daf484be0>,11,23,[10  1],12,59,82,47,59
1,<environment.Job instance at 0x7f3daffc2780>,37,18,[3 8],38,79,97,41,68
1,<environment.Job instance at 0x7f3daf63d7d0>,41,15,[7 5],42,82,97,40,68
1,<environment.Job instance at 0x7f3daf29ebe0>,44,13,[2 9],45,97,110,52,81
1,<environment.Job instance at 0x7f3daf29e4b0>,47,17,[10  5],48,97,114,49,85
1,<environment.Job instance at 0x7f3db896d690>,48,13,[1 5],49,110,123,61,94
1,<environment.Job instance at 0x7f3db03c0a50>,51,18,[5 5],52,114,132,62,103
1,<environment.Job instance at 0x7f3db01d6690>,53,18,[5 4],54,114,132,60,103
1,<environment.Job instance at 0x7f3daf484190>,7,25,[4 6],8,123,148,115,119
1,<environment.Job instance at 0x7f3db0356e10>,55,14,[6 2],56,132,146,76,119
1,<environment.Job instance at 0x7f3db01d6b40>,54,16,[10  1],55,146,162,91,133
1,<environment.Job instance at 0x7f3daf7fcf00>,57,16,[7 4],58,162,178,104,149
1,<environment.Job instance at 0x7f3daf486fa0>,63,17,[ 1 10],64,149,166,85,149
1,<environment.Job instance at 0x7f3daf486aa0>,64,16,[10  1],65,178,194,113,166
1,<environment.Job instance at 0x7f3dafa45fa0>,1,3,[7 5],2,2,5,0,2
1,<environment.Job instance at 0x7f3daf5da1e0>,3,3,[6 4],4,4,7,0,4
1,<environment.Job instance at 0x7f3daf5dac80>,4,2,[7 5],5,5,7,0,5
1,<environment.Job instance at 0x7f3daf5dad70>,5,14,[1 8],6,7,21,1,6
1,<environment.Job instance at 0x7f3daf486aa0>,6,3,[1 8],7,21,24,14,7
1,<environment.Job instance at 0x7f3db89e49b0>,7,14,[5 1],8,8,22,0,8
1,<environment.Job instance at 0x7f3db89e4460>,8,3,[2 7],9,22,25,13,9
1,<environment.Job instance at 0x7f3db89e4320>,10,18,[5 8],11,24,42,13,13
1,<environment.Job instance at 0x7f3db89e4780>,13,12,[10  4],14,25,37,11,14
1,<environment.Job instance at 0x7f3db89e4f00>,15,1,[5 5],16,16,17,0,16
1,<environment.Job instance at 0x7f3daf5da3c0>,11,2,[3 5],12,17,19,5,17
1,<environment.Job instance at 0x7f3db89e4e10>,12,3,[2 8],13,42,45,29,18
1,<environment.Job instance at 0x7f3db89e4820>,16,14,[3 5],17,37,51,20,22
1,<environment.Job instance at 0x7f3db89e4fa0>,20,1,[5 2],21,37,38,16,22
1,<environment.Job instance at 0x7f3daee325f0>,21,2,[ 5 11],22,51,53,29,24
1,<environment.Job instance at 0x7f3daee32f50>,22,14,[6 2],23,38,52,15,25
1,<environment.Job instance at 0x7f3daee32960>,19,16,[7 4],20,52,68,32,39
1,<environment.Job instance at 0x7f3daee32a00>,23,14,[2 9],24,53,67,29,40
1,<environment.Job instance at 0x7f3daee32c30>,25,3,[ 3 11],26,67,70,41,41
1,<environment.Job instance at 0x7f3daee32140>,26,1,[ 4 10],27,70,71,43,42
1,<environment.Job instance at 0x7f3daee329b0>,27,15,[2 8],28,71,86,43,57
1,<environment.Job instance at 0x7f3daee32d20>,28,3,[5 3],29,68,71,39,57
1,<environment.Job instance at 0x7f3daee322d0>,29,2,[5 9],30,86,88,56,59
1,<environment.Job instance at 0x7f3daee323c0>,24,18,[10  3],25,71,89,46,60
1,<environment.Job instance at 0x7f3daee327d0>,31,17,[9 3],32,89,106,57,77
1,<environment.Job instance at 0x7f3daee32190>,32,20,[ 1 10],33,88,108,55,79
1,<environment.Job instance at 0x7f3daee32b40>,36,19,[4 8],37,108,127,71,98
1,<environment.Job instance at 0x7f3daee32550>,38,15,[1 9],39,127,142,88,113
1,<environment.Job instance at 0x7f3db8b42140>,39,17,[4 9],40,142,159,102,130
1,<environment.Job instance at 0x7f3daedbbd70>,49,17,[8 2],50,130,147,80,130
1,<environment.Job instance at 0x7f3daedbb780>,50,16,[6 5],51,147,163,96,134
1,<environment.Job instance at 0x7f3daedbb960>,53,16,[3 5],54,159,175,105,146
1,<environment.Job instance at 0x7f3daedbba00>,55,16,[1 6],56,163,179,107,150
1,<environment.Job instance at 0x7f3daedbb3c0>,56,13,[1 5],57,175,188,118,159
1,<environment.Job instance at 0x7f3daeaade60>,57,23,[6 2],58,159,182,101,159
1,<environment.Job instance at 0x7f3daeaad0a0>,58,15,[5 6],59,179,194,120,165
1,<environment.Job instance at 0x7f3db00fd460>,62,17,[5 5],63,188,205,125,176
1,<environment.Job instance at 0x7f3db00fdbe0>,64,14,[5 7],65,194,208,129,179
1,<environment.Job instance at 0x7f3dafd44b40>,0,15,[5 2],1,1,16,0,1
1,<environment.Job instance at 0x7f3db00fd910>,1,1,[2 7],2,3,4,1,3
1,<environment.Job instance at 0x7f3db00fdbe0>,2,1,[2 8],3,4,5,1,3
1,<environment.Job instance at 0x7f3dafd44960>,3,3,[4 8],4,5,8,1,4
1,<environment.Job instance at 0x7f3dafd446e0>,4,14,[7 3],5,8,22,3,5
1,<environment.Job instance at 0x7f3daf98cc30>,7,14,[7 1],8,16,30,8,8
1,<environment.Job instance at 0x7f3daf98cdc0>,5,3,[3 6],6,8,11,2,8
1,<environment.Job instance at 0x7f3dafd443c0>,6,24,[1 8],7,11,35,4,8
1,<environment.Job instance at 0x7f3daf98ca00>,9,3,[4 9],10,35,38,25,11
1,<environment.Job instance at 0x7f3dafab60a0>,13,2,[2 6],14,22,24,8,14
1,<environment.Job instance at 0x7f3daf7b5f50>,14,13,[ 2 10],15,38,51,23,22
1,<environment.Job instance at 0x7f3daf7b57d0>,15,12,[4 5],16,24,36,8,22
1,<environment.Job instance at 0x7f3daf7b5320>,16,15,[4 6],17,51,66,34,37
1,<environment.Job instance at 0x7f3dafab65a0>,10,13,[8 3],11,37,50,26,37
1,<environment.Job instance at 0x7f3db89f97d0>,23,17,[6 2],24,50,67,26,38
1,<environment.Job instance at 0x7f3daf7b5b40>,17,18,[ 1 10],18,66,84,48,55
1,<environment.Job instance at 0x7f3dafe03aa0>,25,13,[10  1],26,67,80,41,55
1,<environment.Job instance at 0x7f3daf98cbe0>,8,14,[9 1],9,80,94,71,67
1,<environment.Job instance at 0x7f3daf0c8f00>,27,1,[4 8],28,84,85,56,67
1,<environment.Job instance at 0x7f3dafab6f50>,11,14,[ 2 10],12,85,99,73,71
1,<environment.Job instance at 0x7f3daf17cbe0>,29,18,[8 1],30,94,112,64,83
1,<environment.Job instance at 0x7f3db244fc30>,30,15,[1 7],31,99,114,68,85
1,<environment.Job instance at 0x7f3db8e6fc30>,31,2,[5 2],32,94,96,62,85
1,<environment.Job instance at 0x7f3db0339dc0>,32,13,[10  1],33,112,125,79,96
1,<environment.Job instance at 0x7f3dafe9fa50>,33,16,[ 2 10],34,114,130,80,101
1,<environment.Job instance at 0x7f3db897e5f0>,34,3,[9 3],35,125,128,90,101
1,<environment.Job instance at 0x7f3db897e230>,35,14,[6 3],36,128,142,92,113
1,<environment.Job instance at 0x7f3dafab67d0>,12,18,[7 1],13,128,146,115,117
1,<environment.Job instance at 0x7f3daff2ecd0>,37,14,[7 3],38,142,156,104,132
1,<environment.Job instance at 0x7f3db8a471e0>,38,13,[8 3],39,146,159,107,134
1,<environment.Job instance at 0x7f3db0339aa0>,28,18,[5 7],29,156,174,127,145
1,<environment.Job instance at 0x7f3daff2e870>,40,12,[5 4],41,159,171,118,145
1,<environment.Job instance at 0x7f3daff2ef00>,41,13,[7 1],42,171,184,129,155
1,<environment.Job instance at 0x7f3daee51a50>,42,2,[3 5],43,171,173,128,155
1,<environment.Job instance at 0x7f3dafe03dc0>,26,18,[7 3],27,174,192,147,172
1,<environment.Job instance at 0x7f3dafab5b90>,44,13,[6 4],45,184,197,139,172
1,<environment.Job instance at 0x7f830077b230>,0,13,[9 3],1,1,14,0,1
1,<environment.Job instance at 0x7f830077b320>,2,22,[4 8],3,3,25,0,3
1,<environment.Job instance at 0x7f82f70034b0>,3,3,[4 8],4,25,28,21,4
1,<environment.Job instance at 0x7f82f7003690>,4,14,[1 6],5,14,28,9,5
1,<environment.Job instance at 0x7f82f7003780>,5,2,[1 5],6,28,30,22,6
1,<environment.Job instance at 0x7f82f7003870>,6,20,[6 1],7,14,34,7,7
1,<environment.Job instance at 0x7f82f7003960>,7,1,[5 4],8,28,29,20,9
1,<environment.Job instance at 0x7f82f7003a00>,8,13,[5 5],9,29,42,20,13
1,<environment.Job instance at 0x7f82f7003640>,10,12,[3 7],11,30,42,19,15
1,<environment.Job instance at 0x7f82f7003f50>,14,13,[7 3],15,34,47,19,20
1,<environment.Job instance at 0x7f82f7003aa0>,13,18,[ 4 10],14,42,60,28,31
1,<environment.Job instance at 0x7f82f7003fa0>,16,16,[3 5],17,47,63,30,34
1,<environment.Job instance at 0x7f82f7005320>,19,14,[3 5],20,60,74,40,45
1,<environment.Job instance at 0x7f82f7005690>,24,18,[2 6],25,63,81,38,52
1,<environment.Job instance at 0x7f82f7005730>,25,12,[ 5 10],26,81,93,55,64
1,<environment.Job instance at 0x7f82f7005870>,27,15,[8 4],28,64,79,36,64
1,<environment.Job instance at 0x7f82f70059b0>,29,12,[5 4],30,74,86,44,64
1,<environment.Job instance at 0x7f82f7005a50>,30,14,[5 2],31,86,100,55,71
1,<environment.Job instance at 0x7f82f7005230>,31,14,[2 5],32,93,107,61,78
1,<environment.Job instance at 0x7f82f7005c30>,32,3,[5 1],33,79,82,46,78
1,<environment.Job instance at 0x7f82f7005370>,33,14,[5 5],34,93,107,59,78
1,<environment.Job instance at 0x7f82f7005cd0>,35,15,[9 5],36,107,122,71,93
1,<environment.Job instance at 0x7f82f7009230>,40,15,[10  3],41,122,137,81,108
1,<environment.Job instance at 0x7f82f7009410>,43,18,[5 5],44,108,126,64,108
1,<environment.Job instance at 0x7f82f7009640>,45,13,[6 5],46,137,150,91,121
1,<environment.Job instance at 0x7f82f70097d0>,48,15,[10  1],49,150,165,101,136
1,<environment.Job instance at 0x7f82f7009870>,49,16,[2 5],50,136,152,86,136
1,<environment.Job instance at 0x7f82f7009b90>,53,17,[5 7],54,152,169,98,140
1,<environment.Job instance at 0x7f82f7009c80>,56,17,[8 5],57,165,182,108,153
1,<environment.Job instance at 0x7f82f7009d20>,57,18,[2 8],58,169,187,111,158
1,<environment.Job instance at 0x7f82f7009dc0>,58,14,[2 7],59,182,196,123,167
1,<environment.Job instance at 0x7f82f7009e60>,59,17,[1 6],60,187,204,127,175
1,<environment.Job instance at 0x7f82f700b050>,62,22,[6 4],63,196,218,133,189
1,<environment.Job instance at 0x7f82f700b0a0>,63,3,[5 9],64,204,207,140,189
1,<environment.Job instance at 0x7f82f6fa8320>,1,17,[10  2],2,2,19,0,2
1,<environment.Job instance at 0x7f82f76b6190>,3,2,[8 3],4,19,21,15,4
1,<environment.Job instance at 0x7f82f7444820>,4,12,[3 8],5,5,17,0,5
1,<environment.Job instance at 0x7f82f74445a0>,6,14,[5 5],7,17,31,10,7
1,<environment.Job instance at 0x7f82f7444370>,7,1,[9 1],8,21,22,13,8
1,<environment.Job instance at 0x7f82f74445f0>,9,2,[9 4],10,22,24,12,10
1,<environment.Job instance at 0x7f82f7444c30>,10,13,[10  5],11,24,37,13,11
1,<environment.Job instance at 0x7f82f7444730>,14,3,[9 2],15,37,40,22,15
1,<environment.Job instance at 0x7f82f7444500>,11,14,[1 6],12,31,45,19,16
1,<environment.Job instance at 0x7f82f7444640>,16,3,[2 8],17,40,43,23,17
1,<environment.Job instance at 0x7f82f7444a50>,17,1,[2 8],18,43,44,25,18
1,<environment.Job instance at 0x7f82f74444b0>,18,2,[13  1],19,44,46,25,19
1,<environment.Job instance at 0x7f82f7444410>,19,2,[10  4],20,46,48,26,20
1,<environment.Job instance at 0x7f82f7444a00>,20,3,[5 6],21,37,40,16,21
1,<environment.Job instance at 0x7f82f735d820>,21,3,[13  5],22,48,51,26,22
1,<environment.Job instance at 0x7f82f735ddc0>,22,2,[ 1 12],23,51,53,28,24
1,<environment.Job instance at 0x7f82f735d6e0>,23,2,[5 6],24,46,48,22,24
1,<environment.Job instance at 0x7f82f700b0a0>,12,14,[2 7],13,53,67,40,38
1,<environment.Job instance at 0x7f82f735d5a0>,26,12,[ 3 10],27,67,79,40,50
1,<environment.Job instance at 0x7f82f735d320>,27,3,[1 5],28,53,56,25,50
1,<environment.Job instance at 0x7f82f735dd20>,30,18,[4 5],31,56,74,25,50
1,<environment.Job instance at 0x7f82f74442d0>,13,14,[7 5],14,74,88,60,68
1,<environment.Job instance at 0x7f82f735df50>,31,18,[2 8],32,79,97,47,68
1,<environment.Job instance at 0x7f82f735da00>,33,14,[11  3],34,88,102,54,73
1,<environment.Job instance at 0x7f82f735daa0>,32,1,[ 4 13],33,102,103,69,74
1,<environment.Job instance at 0x7f82f735daf0>,35,1,[3 8],36,97,98,61,74
1,<environment.Job instance at 0x7f82f735d690>,34,16,[9 4],35,103,119,68,90
1,<environment.Job instance at 0x7f82f735d1e0>,37,16,[9 2],38,119,135,81,106
1,<environment.Job instance at 0x7f82f7443c80>,38,15,[7 5],39,135,150,96,121
1,<environment.Job instance at 0x7f82f7443960>,39,13,[6 3],40,121,134,81,121
1,<environment.Job instance at 0x7f82f7443cd0>,40,13,[7 4],41,135,148,94,121
1,<environment.Job instance at 0x7f82f7443280>,41,1,[8 3],42,148,149,106,133
1,<environment.Job instance at 0x7f82f735dcd0>,24,16,[7 2],25,149,165,124,136
1,<environment.Job instance at 0x7f82f7443910>,43,1,[ 4 10],44,150,151,106,136
1,<environment.Job instance at 0x7f82f74437d0>,44,3,[4 7],45,151,154,106,136
1,<environment.Job instance at 0x7f82f7443e60>,45,1,[10  1],46,165,166,119,137
1,<environment.Job instance at 0x7f82f7443190>,46,19,[2 7],47,154,173,107,144
1,<environment.Job instance at 0x7f82f7443b40>,47,3,[1 6],48,144,147,96,144
1,<environment.Job instance at 0x7f82f7443dc0>,42,20,[1 7],43,165,185,122,156
1,<environment.Job instance at 0x7f82f74435f0>,49,2,[5 8],50,173,175,123,156
1,<environment.Job instance at 0x7f82f7443820>,51,2,[9 5],52,175,177,123,156
1,<environment.Job instance at 0x7f82f74436e0>,52,2,[9 3],53,177,179,124,156
1,<environment.Job instance at 0x7f82f7443460>,54,16,[7 5],55,179,195,124,166
1,<environment.Job instance at 0x7f82f7443370>,48,18,[6 3],49,179,197,130,168
1,<environment.Job instance at 0x7f82f7443690>,58,18,[4 6],59,195,213,136,184
1,<environment.Job instance at 0x7f82f7443f00>,56,16,[7 4],57,197,213,140,184
1,<environment.Job instance at 0x7f82f74380a0>,60,3,[7 3],61,213,216,152,187
1,<environment.Job instance at 0x7f82f6a9c550>,0,14,[7 5],1,1,15,0,1
1,<environment.Job instance at 0x7f82f6a9c460>,1,3,[1 6],2,2,5,0,2
1,<environment.Job instance at 0x7f82f6a9c870>,3,2,[5 5],4,5,7,1,4
1,<environment.Job instance at 0x7f82f6a9cb90>,4,1,[7 4],5,7,8,2,5
1,<environment.Job instance at 0x7f82f6a9ccd0>,5,16,[10  4],6,15,31,9,6
1,<environment.Job instance at 0x7f82f6a9cdc0>,6,3,[6 3],7,8,11,1,7
1,<environment.Job instance at 0x7f82f6a9cd20>,7,12,[5 8],8,11,23,3,8
1,<environment.Job instance at 0x7f82f6a9ceb0>,15,2,[ 4 11],16,23,25,7,16
1,<environment.Job instance at 0x7f82f6a9c640>,16,12,[8 3],17,31,43,14,17
1,<environment.Job instance at 0x7f82f6a9c280>,17,15,[2 9],18,25,40,7,18
1,<environment.Job instance at 0x7f82f6a9c140>,18,1,[2 6],19,40,41,21,19
1,<environment.Job instance at 0x7f82f6a9c320>,14,17,[7 2],15,41,58,26,31
1,<environment.Job instance at 0x7f82f6736550>,21,17,[2 6],22,43,60,21,31
1,<environment.Job instance at 0x7f82f6736050>,19,17,[8 1],20,58,75,38,46
1,<environment.Job instance at 0x7f82f67360a0>,23,2,[ 2 14],24,60,62,36,46
1,<environment.Job instance at 0x7f82f6736e10>,24,17,[ 5 14],25,62,79,37,50
1,<environment.Job instance at 0x7f82f6736d70>,25,3,[2 5],26,50,53,24,50
1,<environment.Job instance at 0x7f82f67368c0>,26,2,[11  3],27,79,81,52,52
1,<environment.Job instance at 0x7f82f6736a00>,27,2,[12  2],28,81,83,53,54
1,<environment.Job instance at 0x7f82f6736b90>,28,14,[ 2 10],29,79,93,50,64
1,<environment.Job instance at 0x7f82f6736f50>,29,17,[9 1],30,83,100,53,71
1,<environment.Job instance at 0x7f82f6736f00>,30,18,[3 5],31,93,111,62,82
1,<environment.Job instance at 0x7f82f6736460>,31,3,[7 3],32,100,103,68,82
1,<environment.Job instance at 0x7f82f6736960>,32,2,[12  5],33,103,105,70,82
1,<environment.Job instance at 0x7f82f6736dc0>,33,1,[1 7],34,93,94,59,82
1,<environment.Job instance at 0x7f82f6736780>,34,1,[14  4],35,111,112,76,83
1,<environment.Job instance at 0x7f82f67366e0>,35,13,[ 1 10],36,105,118,69,89
1,<environment.Job instance at 0x7f82f6736a50>,36,3,[8 1],37,112,115,75,89
1,<environment.Job instance at 0x7f82f67360f0>,37,2,[6 4],38,112,114,74,89
1,<environment.Job instance at 0x7f82f6731050>,38,14,[4 6],39,118,132,79,103
1,<environment.Job instance at 0x7f82f6731550>,39,15,[10  2],40,115,130,75,104
1,<environment.Job instance at 0x7f82f6731b90>,40,13,[5 6],41,130,143,89,114
1,<environment.Job instance at 0x7f82f67314b0>,41,12,[5 5],42,132,144,90,115
1,<environment.Job instance at 0x7f82f6731820>,42,12,[5 5],43,143,155,100,126
1,<environment.Job instance at 0x7f82f6731910>,43,13,[4 9],44,144,157,100,128
1,<environment.Job instance at 0x7f82f6731af0>,44,2,[2 5],45,155,157,110,128
1,<environment.Job instance at 0x7f82f67317d0>,45,14,[7 4],46,157,171,111,142
1,<environment.Job instance at 0x7f82f6731e60>,46,1,[3 8],47,157,158,110,142
1,<environment.Job instance at 0x7f82f6731500>,47,3,[10  2],48,171,174,123,145
1,<environment.Job instance at 0x7f82f6731460>,48,1,[2 8],49,158,159,109,145
1,<environment.Job instance at 0x7f82f6b033c0>,49,1,[ 3 10],50,159,160,109,145
1,<environment.Job instance at 0x7f82f6b03e60>,50,16,[10  2],51,174,190,123,161
1,<environment.Job instance at 0x7f82f6b03a50>,51,13,[4 5],52,161,174,109,161
1,<environment.Job instance at 0x7f82f6b030f0>,52,1,[ 5 10],53,174,175,121,161
1,<environment.Job instance at 0x7f82f6b03aa0>,53,1,[ 5 12],54,175,176,121,161
1,<environment.Job instance at 0x7f82f6b03370>,54,21,[7 2],55,190,211,135,182
1,<environment.Job instance at 0x7f82f6b03960>,55,12,[ 1 10],56,182,194,126,182
1,<environment.Job instance at 0x7f82f6b03550>,56,3,[ 3 10],57,194,197,137,182
1,<environment.Job instance at 0x7f82f6b03870>,57,2,[10  4],58,211,213,153,184
1,<environment.Job instance at 0x7f82f6a9cc30>,8,14,[7 5],9,197,211,188,185
1,<environment.Job instance at 0x7f82f700b370>,1,14,[10  4],2,2,16,0,2
1,<environment.Job instance at 0x7f82f6a9c8c0>,2,18,[5 5],3,3,21,0,3
1,<environment.Job instance at 0x7f83001c0910>,3,2,[10  5],4,16,18,12,4
1,<environment.Job instance at 0x7f83001c0eb0>,4,12,[8 4],5,18,30,13,5
1,<environment.Job instance at 0x7f83008216e0>,5,15,[7 4],6,21,36,15,7
1,<environment.Job instance at 0x7f82f688b500>,10,12,[8 1],11,30,42,19,13
1,<environment.Job instance at 0x7f82f688b8c0>,9,17,[7 2],10,36,53,26,24
1,<environment.Job instance at 0x7f82f688b410>,12,18,[5 1],13,42,60,29,31
1,<environment.Job instance at 0x7f82f688bbe0>,14,12,[6 5],15,53,65,38,36
1,<environment.Job instance at 0x7f82f6bd58c0>,29,17,[1 5],30,42,59,12,37
1,<environment.Job instance at 0x7f82f6bd5d20>,31,13,[1 7],32,59,72,27,43
1,<environment.Job instance at 0x7f82f6bd5460>,32,13,[4 8],33,65,78,32,49
1,<environment.Job instance at 0x7f82f6bd51e0>,40,14,[6 4],41,72,86,31,57
1,<environment.Job instance at 0x7f82f675adc0>,0,15,[1 6],1,78,93,77,64
1,<environment.Job instance at 0x7f82f6d120f0>,44,15,[9 1],45,86,101,41,72
1,<environment.Job instance at 0x7f82f6d12f50>,48,17,[5 5],49,78,95,29,72
1,<environment.Job instance at 0x7f82f6d12550>,49,14,[3 7],50,95,109,45,80
1,<environment.Job instance at 0x7f82f6d12a50>,50,15,[9 4],51,101,116,50,87
1,<environment.Job instance at 0x7f82f6d12d20>,52,13,[1 5],53,109,122,56,94
1,<environment.Job instance at 0x7f82f6d128c0>,53,20,[5 4],54,109,129,55,100
1,<environment.Job instance at 0x7f82f756faa0>,62,14,[6 5],63,116,130,53,101
1,<environment.Job instance at 0x7f82f756f4b0>,64,15,[10  3],65,130,145,65,116
1,<environment.Job instance at 0x7f82f756ff00>,65,20,[4 7],66,129,149,63,121
1,<environment.Job instance at 0x7f82f756f0f0>,66,21,[6 5],67,145,166,78,137
1,<environment.Job instance at 0x7f82f756fd70>,67,13,[9 4],68,149,162,81,137
1,<environment.Job instance at 0x7f82f756f910>,69,17,[5 9],70,162,179,92,150
1,<environment.Job instance at 0x7f82f756f5a0>,70,15,[4 5],71,166,181,95,152
1,<environment.Job instance at 0x7f82f756f730>,72,21,[1 6],73,179,200,106,171
1,<environment.Job instance at 0x7f82f756f870>,73,17,[8 5],74,181,198,107,171
1,<environment.Job instance at 0x7f82f749b960>,75,16,[4 5],76,198,214,122,185
1,<environment.Job instance at 0x7f82f749bd70>,78,16,[ 5 10],79,200,216,121,187
1,<environment.Job instance at 0x7f82f70c1c30>,0,1,[5 4],1,1,2,0,1
1,<environment.Job instance at 0x7f82f70ef050>,1,18,[4 8],2,2,20,0,2
1,<environment.Job instance at 0x7f82f7ac56e0>,2,1,[2 7],3,4,5,1,4
1,<environment.Job instance at 0x7f82f70c1190>,3,15,[10  4],4,5,20,1,4
1,<environment.Job instance at 0x7f82f7a34730>,4,2,[ 1 12],5,20,22,15,6
1,<environment.Job instance at 0x7f82f7a343c0>,5,13,[1 5],6,22,35,16,6
1,<environment.Job instance at 0x7f82f7ac5230>,6,15,[ 5 10],7,22,37,15,8
1,<environment.Job instance at 0x7f82f76cf280>,12,18,[9 4],13,35,53,22,24
1,<environment.Job instance at 0x7f82f79acc80>,16,12,[6 3],17,37,49,20,24
1,<environment.Job instance at 0x7f82f76cf5a0>,11,13,[5 8],12,49,62,37,33
1,<environment.Job instance at 0x7f82f79ac640>,17,15,[ 5 10],18,62,77,44,48
1,<environment.Job instance at 0x7f82f7b126e0>,21,16,[ 4 10],22,77,93,55,64
1,<environment.Job instance at 0x7f82f7b12320>,24,15,[ 2 10],25,93,108,68,79
1,<environment.Job instance at 0x7f82f7b12190>,25,16,[4 6],26,108,124,82,95
1,<environment.Job instance at 0x7f82f7aa3f50>,26,18,[9 4],27,95,113,68,95
1,<environment.Job instance at 0x7f82f7aa3780>,29,16,[2 8],30,113,129,83,100
1,<environment.Job instance at 0x7f82f79895a0>,31,13,[2 8],32,129,142,97,113
1,<environment.Job instance at 0x7f82f76f7e60>,32,18,[5 1],33,113,131,80,113
1,<environment.Job instance at 0x7f82f76f76e0>,33,18,[ 5 10],34,142,160,108,131
1,<environment.Job instance at 0x7f82f76f7460>,34,20,[9 5],35,136,156,101,136
1,<environment.Job instance at 0x7f82f76f7640>,35,17,[7 4],36,156,173,120,144
1,<environment.Job instance at 0x7f82f76f7fa0>,36,18,[4 6],37,160,178,123,149
1,<environment.Job instance at 0x7f82f76f7af0>,37,14,[5 5],38,173,187,135,158
1,<environment.Job instance at 0x7f82f76f7f00>,39,12,[5 7],40,178,190,138,162
1,<environment.Job instance at 0x7f82f76f75a0>,43,17,[10  5],44,187,204,143,175
1,<environment.Job instance at 0x7f82f76f70a0>,44,17,[3 6],45,190,207,145,178
1,<environment.Job instance at 0x7f82f6e78c30>,0,1,[4 5],1,2,3,1,2
1,<environment.Job instance at 0x7f82f6db1c30>,1,16,[5 3],2,2,18,0,2
1,<environment.Job instance at 0x7f82f6e78aa0>,2,1,[6 3],3,4,5,1,4
1,<environment.Job instance at 0x7f82f6e78820>,3,3,[1 6],4,4,7,0,4
1,<environment.Job instance at 0x7f82f6e78910>,5,17,[ 2 10],6,7,24,1,6
1,<environment.Job instance at 0x7f82f6e78af0>,4,1,[5 4],5,6,7,1,6
1,<environment.Job instance at 0x7f82f6e782d0>,6,3,[6 2],7,7,10,0,7
1,<environment.Job instance at 0x7f82f6e78370>,7,1,[6 3],8,18,19,10,8
1,<environment.Job instance at 0x7f82f6e78870>,9,2,[5 4],10,19,21,9,10
1,<environment.Job instance at 0x7f82f6e3ac30>,10,18,[9 2],11,21,39,10,11
1,<environment.Job instance at 0x7f82f6e3a5a0>,11,1,[2 7],12,24,25,12,12
1,<environment.Job instance at 0x7f82f6e3a550>,12,2,[4 5],13,24,26,11,13
1,<environment.Job instance at 0x7f82f6e3a190>,13,14,[5 5],14,26,40,12,14
1,<environment.Job instance at 0x7f82f6e3a690>,16,1,[2 5],17,25,26,8,18
1,<environment.Job instance at 0x7f82f6e3a8c0>,14,12,[7 4],15,39,51,24,22
1,<environment.Job instance at 0x7f82f6e3aeb0>,19,18,[1 5],20,26,44,6,23
1,<environment.Job instance at 0x7f82f6e3acd0>,21,12,[6 3],22,40,52,18,23
1,<environment.Job instance at 0x7f82f6e3aaa0>,22,16,[10  2],23,52,68,29,39
1,<environment.Job instance at 0x7f82f6e3ad20>,23,15,[4 8],24,51,66,27,39
1,<environment.Job instance at 0x7f82f6e3a5f0>,24,12,[1 8],25,66,78,41,49
1,<environment.Job instance at 0x7f82f6f38f50>,26,13,[9 5],27,68,81,41,52
1,<environment.Job instance at 0x7f82f6f38910>,27,18,[6 2],28,78,96,50,67
1,<environment.Job instance at 0x7f82f6f38d70>,28,14,[ 4 10],29,81,95,52,79
1,<environment.Job instance at 0x7f82f6f38af0>,29,13,[7 5],30,95,108,65,79
1,<environment.Job instance at 0x7f82f6f389b0>,31,14,[9 5],32,108,122,76,93
1,<environment.Job instance at 0x7f82f6f38be0>,32,15,[7 3],33,122,137,89,108
1,<environment.Job instance at 0x7f82f6e3ac80>,20,27,[7 4],21,122,149,101,121
1,<environment.Job instance at 0x7f82f6f38a50>,35,3,[ 4 11],36,137,140,101,121
1,<environment.Job instance at 0x7f82f6f38820>,36,2,[8 3],37,140,142,103,121
1,<environment.Job instance at 0x7f82f6f38870>,37,3,[2 8],38,142,145,104,121
1,<environment.Job instance at 0x7f82f6e3af00>,17,14,[11  2],18,149,163,131,134
1,<environment.Job instance at 0x7f82f6f38aa0>,38,13,[3 7],39,145,158,106,134
1,<environment.Job instance at 0x7f82f6f38e60>,40,1,[2 6],41,158,159,117,134
1,<environment.Job instance at 0x7f82f6f386e0>,41,13,[9 4],42,163,176,121,147
1,<environment.Job instance at 0x7f82f6f38e10>,42,16,[1 7],43,158,174,115,150
1,<environment.Job instance at 0x7f82f6f388c0>,43,13,[3 7],44,174,187,130,159
1,<environment.Job instance at 0x7f82f6f38c30>,44,15,[6 4],45,176,191,131,162
1,<environment.Job instance at 0x7f82f6f38140>,45,1,[5 2],46,163,164,117,162
1,<environment.Job instance at 0x7f82f6f38500>,46,3,[8 3],47,187,190,140,162
1,<environment.Job instance at 0x7f82f6f385f0>,39,15,[8 5],40,190,205,150,176
1,<environment.Job instance at 0x7f82f698c190>,48,3,[11  1],49,205,208,156,179
1,<environment.Job instance at 0x7f82f698c7d0>,49,2,[3 7],50,191,193,141,179
1,<environment.Job instance at 0x7f82f698c4b0>,50,2,[9 1],51,208,210,157,181
1,<environment.Job instance at 0x7f82f698c550>,51,2,[6 2],52,181,183,129,181
1,<environment.Job instance at 0x7f82f6e6b320>,0,1,[10  3],1,1,2,0,1
1,<environment.Job instance at 0x7f82f6e6b9b0>,1,14,[1 5],2,2,16,0,2
1,<environment.Job instance at 0x7f82f6a30af0>,2,17,[5 1],3,3,20,0,3
1,<environment.Job instance at 0x7f82f6567550>,3,3,[2 6],4,4,7,0,4
1,<environment.Job instance at 0x7f82f65677d0>,4,2,[9 2],5,7,9,2,5
1,<environment.Job instance at 0x7f82f65678c0>,5,12,[8 3],6,9,21,3,6
1,<environment.Job instance at 0x7f82f6567960>,6,18,[ 2 10],7,16,34,9,7
1,<environment.Job instance at 0x7f82f698c550>,8,14,[9 5],9,21,35,12,9
1,<environment.Job instance at 0x7f82f6567d20>,13,3,[3 9],14,34,37,20,14
1,<environment.Job instance at 0x7f82f6567a00>,11,15,[7 3],12,35,50,23,21
1,<environment.Job instance at 0x7f82f6567fa0>,15,1,[ 1 10],16,37,38,21,21
1,<environment.Job instance at 0x7f82f6567f50>,16,13,[5 9],17,38,51,21,22
1,<environment.Job instance at 0x7f82f6567d70>,12,17,[1 5],13,50,67,37,38
1,<environment.Job instance at 0x7f82f65682d0>,20,18,[5 4],21,51,69,30,40
1,<environment.Job instance at 0x7f82f6567a50>,7,17,[5 5],8,51,68,43,40
1,<environment.Job instance at 0x7f82f65686e0>,22,2,[ 2 10],23,68,70,45,41
1,<environment.Job instance at 0x7f82f65687d0>,23,3,[1 6],24,70,73,46,44
1,<environment.Job instance at 0x7f82f6568320>,21,14,[8 4],22,69,83,47,54
1,<environment.Job instance at 0x7f82f6568af0>,28,19,[2 7],29,73,92,44,68
1,<environment.Job instance at 0x7f82f6568780>,29,3,[6 1],30,83,86,53,73
1,<environment.Job instance at 0x7f82f6568b90>,30,12,[2 6],31,83,95,52,73
1,<environment.Job instance at 0x7f82f6568cd0>,32,22,[5 4],33,92,114,59,85
1,<environment.Job instance at 0x7f82f6568230>,17,27,[2 9],18,95,122,77,93
1,<environment.Job instance at 0x7f82f6568eb0>,35,13,[5 5],36,114,127,78,98
1,<environment.Job instance at 0x7f82f6568e10>,34,13,[5 8],35,122,135,87,106
1,<environment.Job instance at 0x7f82f656a1e0>,38,17,[7 5],39,127,144,88,115
1,<environment.Job instance at 0x7f82f656a140>,39,13,[4 8],40,135,148,95,121
1,<environment.Job instance at 0x7f82f656a500>,40,17,[10  1],41,144,161,103,132
1,<environment.Job instance at 0x7f82f656a5f0>,41,16,[2 5],42,148,164,106,135
1,<environment.Job instance at 0x7f82f656a690>,42,15,[2 5],43,148,163,105,135
1,<environment.Job instance at 0x7f82f656a6e0>,43,16,[1 5],44,161,177,117,148
1,<environment.Job instance at 0x7f82f656a8c0>,45,15,[5 4],46,163,178,117,149
1,<environment.Job instance at 0x7f82f656ab40>,49,16,[5 6],50,164,180,114,151
1,<environment.Job instance at 0x7f82f656abe0>,50,18,[4 5],51,177,195,126,166
1,<environment.Job instance at 0x7f82f6568f50>,36,18,[1 5],37,180,198,143,169
1,<environment.Job instance at 0x7f82f656ad20>,52,3,[1 7],53,195,198,142,169
1,<environment.Job instance at 0x7f82f656adc0>,53,13,[9 3],54,180,193,126,169
1,<environment.Job instance at 0x7f82f656af50>,54,19,[2 5],55,198,217,143,188
1,<environment.Job instance at 0x7f82f656aeb0>,55,14,[ 3 10],56,198,212,142,188
1,<environment.Job instance at 0x7f82f656a960>,2,15,[ 2 10],3,3,18,0,3
1,<environment.Job instance at 0x7f82f6b9af50>,3,18,[6 3],4,4,22,0,4
1,<environment.Job instance at 0x7f82f6b9ac30>,8,27,[5 1],9,9,36,0,9
1,<environment.Job instance at 0x7f82f6b9a640>,7,18,[6 4],8,22,40,14,11
1,<environment.Job instance at 0x7f82f695c1e0>,13,12,[4 8],14,18,30,4,18
1,<environment.Job instance at 0x7f82f695caa0>,16,15,[4 7],17,30,45,13,18
1,<environment.Job instance at 0x7f830020f050>,20,3,[5 7],21,40,43,19,21
1,<environment.Job instance at 0x7f830020f0a0>,22,3,[1 5],23,43,46,20,23
1,<environment.Job instance at 0x7f82f75e4690>,25,13,[3 7],26,45,58,19,29
1,<environment.Job instance at 0x7f82f75e4be0>,29,13,[4 5],30,46,59,16,30
1,<environment.Job instance at 0x7f82f75e4500>,30,17,[5 9],31,58,75,27,46
1,<environment.Job instance at 0x7f82f71092d0>,31,17,[9 4],32,59,76,27,47
1,<environment.Job instance at 0x7f82f7109640>,34,14,[9 5],35,76,90,41,61
1,<environment.Job instance at 0x7f82f7109dc0>,35,14,[6 1],36,75,89,39,61
1,<environment.Job instance at 0x7f82f6b9a230>,6,13,[11  3],7,90,103,83,75
1,<environment.Job instance at 0x7f82f7109690>,36,16,[3 8],37,89,105,52,76
1,<environment.Job instance at 0x7f82f7109a00>,38,15,[1 8],39,105,120,66,91
1,<environment.Job instance at 0x7f82f7109d70>,40,13,[7 3],41,103,116,62,91
1,<environment.Job instance at 0x7f82f7109370>,44,18,[ 2 10],45,120,138,75,109
1,<environment.Job instance at 0x7f82f71097d0>,45,14,[8 4],46,116,130,70,109
1,<environment.Job instance at 0x7f82f7109f50>,46,18,[ 2 10],47,138,156,91,127
1,<environment.Job instance at 0x7f82f7109500>,47,18,[5 9],48,156,174,108,145
1,<environment.Job instance at 0x7f82f7849690>,50,17,[8 2],51,145,162,94,145
1,<environment.Job instance at 0x7f82f7849820>,51,14,[4 9],52,174,188,122,159
1,<environment.Job instance at 0x7f82f7849870>,52,16,[6 2],53,162,178,109,159
1,<environment.Job instance at 0x7f82f7849d20>,54,15,[2 5],55,178,193,123,164
1,<environment.Job instance at 0x7f82f78490f0>,55,13,[2 7],56,188,201,132,172
1,<environment.Job instance at 0x7f82f67adaa0>,62,13,[3 7],63,193,206,130,177
1,<environment.Job instance at 0x7f82f67ad140>,63,12,[1 8],64,201,213,137,184
1,<environment.Job instance at 0x7f82f6241d70>,1,1,[5 1],2,5,6,3,5
1,<environment.Job instance at 0x7f82f6eb5370>,4,13,[10  5],5,6,19,1,6
1,<environment.Job instance at 0x7f82f6eb54b0>,5,14,[10  1],6,19,33,13,6
1,<environment.Job instance at 0x7f82f6eb5be0>,6,2,[1 8],7,8,10,1,8
1,<environment.Job instance at 0x7f82f6cec820>,8,2,[ 4 12],9,19,21,10,9
1,<environment.Job instance at 0x7f82f6eb5f50>,7,17,[1 7],8,21,38,13,12
1,<environment.Job instance at 0x7f82f6cec8c0>,10,3,[ 4 10],11,12,15,1,12
1,<environment.Job instance at 0x7f82f6ceca00>,12,17,[8 1],13,33,50,20,21
1,<environment.Job instance at 0x7f82f6be2e10>,14,13,[2 5],15,21,34,6,21
1,<environment.Job instance at 0x7f82f6cec9b0>,15,17,[1 8],16,38,55,22,26
1,<environment.Job instance at 0x7f82f6b0c2d0>,18,14,[1 6],19,34,48,15,27
1,<environment.Job instance at 0x7f82f6b0cc80>,19,3,[3 5],20,48,51,28,27
1,<environment.Job instance at 0x7f82f6b0cf50>,20,3,[2 6],21,51,54,30,27
1,<environment.Job instance at 0x7f82f6b0cfa0>,22,18,[6 4],23,54,72,31,43
1,<environment.Job instance at 0x7f82f6aca6e0>,23,18,[1 8],24,55,73,31,44
1,<environment.Job instance at 0x7f82f6aca5a0>,24,13,[2 8],25,73,86,48,57
1,<environment.Job instance at 0x7f82f6acab90>,25,3,[5 5],26,72,75,46,57
1,<environment.Job instance at 0x7f82f6aca410>,27,12,[2 5],28,75,87,47,58
1,<environment.Job instance at 0x7f8300246c30>,29,15,[8 4],30,86,101,56,72
1,<environment.Job instance at 0x7f8300246140>,31,12,[5 1],32,72,84,40,72
1,<environment.Job instance at 0x7f82f622e780>,34,16,[5 3],35,86,102,51,73
1,<environment.Job instance at 0x7f82f6b4d320>,35,13,[2 6],36,87,100,51,73
1,<environment.Job instance at 0x7f82f6b4d6e0>,38,18,[5 6],39,101,119,62,90
1,<environment.Job instance at 0x7f82f6b4d550>,41,12,[7 4],42,102,114,60,90
1,<environment.Job instance at 0x7f82f6b4d4b0>,42,18,[7 3],43,114,132,71,103
1,<environment.Job instance at 0x7f82f6807cd0>,43,13,[4 7],44,119,132,75,103
1,<environment.Job instance at 0x7f82f6c9cc30>,45,16,[5 7],46,132,148,86,119
1,<environment.Job instance at 0x7f82f6807f00>,46,12,[4 6],47,132,144,85,119
1,<environment.Job instance at 0x7f82f68070a0>,47,16,[3 5],48,144,160,96,131
1,<environment.Job instance at 0x7f82f72b50f0>,50,17,[8 3],51,148,165,97,136
1,<environment.Job instance at 0x7f82f72b5d20>,51,12,[7 5],52,160,172,108,143
1,<environment.Job instance at 0x7f82f72b58c0>,52,12,[5 4],53,165,177,112,148
1,<environment.Job instance at 0x7f82f72b5370>,53,13,[10  3],54,172,185,118,156
1,<environment.Job instance at 0x7f82f6791fa0>,54,17,[5 6],55,177,194,122,165
1,<environment.Job instance at 0x7f82f6791c30>,56,15,[1 5],57,185,200,128,171
1,<environment.Job instance at 0x7f82f70b15f0>,59,3,[5 2],60,185,188,125,171
1,<environment.Job instance at 0x7f82f6b365a0>,60,14,[6 1],61,188,202,127,173
1,<environment.Job instance at 0x7f82f6b85af0>,62,17,[3 8],63,194,211,131,182
1,<environment.Job instance at 0x7f82f6c68640>,63,3,[5 6],64,200,203,136,182
1,<environment.Job instance at 0x7f82f6a81cd0>,67,14,[9 3],68,203,217,135,188
1,<environment.Job instance at 0x7f82f6f9a140>,0,21,[5 2],1,1,22,0,1
1,<environment.Job instance at 0x7f82f6f9a7d0>,1,12,[7 5],2,2,14,0,2
1,<environment.Job instance at 0x7f82f6ebe140>,3,2,[9 4],4,14,16,10,4
1,<environment.Job instance at 0x7f82f7989500>,4,18,[3 8],5,16,34,11,5
1,<environment.Job instance at 0x7f82f68ed640>,10,14,[5 5],11,16,30,5,12
1,<environment.Job instance at 0x7f82f7b14910>,11,17,[2 9],12,34,51,22,22
1,<environment.Job instance at 0x7f82f767d550>,19,1,[6 1],20,22,23,2,22
1,<environment.Job instance at 0x7f82f7839c80>,20,12,[3 8],21,51,63,30,34
1,<environment.Job instance at 0x7f82f7aa3230>,21,1,[6 1],22,34,35,12,34
1,<environment.Job instance at 0x7f82f7aa3730>,22,2,[ 4 10],23,63,65,40,36
1,<environment.Job instance at 0x7f82f7a87500>,23,2,[4 7],24,51,53,27,36
1,<environment.Job instance at 0x7f82f7b51cd0>,24,18,[6 3],25,53,71,28,42
1,<environment.Job instance at 0x7f82f6907410>,6,14,[3 9],7,65,79,58,51
1,<environment.Job instance at 0x7f82f7b39870>,30,17,[6 4],31,71,88,40,59
1,<environment.Job instance at 0x7f82f756b6e0>,32,18,[9 5],33,79,97,46,70
1,<environment.Job instance at 0x7f82f7b394b0>,35,15,[9 5],36,97,112,61,83
1,<environment.Job instance at 0x7f82f7b51320>,26,23,[5 6],27,88,111,61,83
1,<environment.Job instance at 0x7f82f629f640>,39,3,[2 9],40,111,114,71,85
1,<environment.Job instance at 0x7f82f7574280>,40,13,[6 5],41,112,125,71,96
1,<environment.Job instance at 0x7f82f69075f0>,8,13,[5 9],9,114,127,105,99
1,<environment.Job instance at 0x7f82f6272280>,42,2,[5 1],43,112,114,69,99
1,<environment.Job instance at 0x7f82f75740a0>,38,14,[3 8],39,127,141,88,115
1,<environment.Job instance at 0x7f82f7b51690>,25,23,[7 4],26,125,148,99,119
1,<environment.Job instance at 0x7f82f62726e0>,45,12,[5 1],46,127,139,81,119
1,<environment.Job instance at 0x7f82f73bbeb0>,46,1,[5 8],47,141,142,94,119
1,<environment.Job instance at 0x7f82f73bb870>,47,3,[9 3],48,148,151,100,122
1,<environment.Job instance at 0x7f82f627a280>,48,15,[6 1],49,142,157,93,128
1,<environment.Job instance at 0x7f82f627aaf0>,49,1,[8 4],50,151,152,101,128
1,<environment.Job instance at 0x7f82f627a780>,50,12,[6 1],51,152,164,101,135
1,<environment.Job instance at 0x7f82f627bf00>,51,2,[1 9],52,142,144,90,135
1,<environment.Job instance at 0x7f82f627bc80>,52,1,[7 2],53,157,158,104,135
1,<environment.Job instance at 0x7f82f627ba50>,53,20,[5 2],54,158,178,104,149
1,<environment.Job instance at 0x7f82f627b9b0>,54,12,[ 4 10],55,158,170,103,149
1,<environment.Job instance at 0x7f82f627bdc0>,55,15,[8 2],56,170,185,114,156
1,<environment.Job instance at 0x7f82f627baf0>,56,1,[6 2],57,164,165,107,156
1,<environment.Job instance at 0x7f82f627bc30>,57,2,[ 5 11],58,178,180,120,156
1,<environment.Job instance at 0x7f82f628d190>,58,12,[12  2],59,185,197,126,168
1,<environment.Job instance at 0x7f82f628d410>,59,14,[8 5],60,197,211,137,182
1,<environment.Job instance at 0x7f82f628de60>,60,2,[ 4 14],61,211,213,150,184
1,<environment.Job instance at 0x7f82f628d4b0>,61,18,[6 1],62,197,215,135,186
1,<environment.Job instance at 0x7f82f628d870>,62,1,[ 4 10],63,213,214,150,186
1,<environment.Job instance at 0x7f82f629fd20>,0,12,[9 2],1,1,13,0,1
1,<environment.Job instance at 0x7f82f754a690>,1,24,[2 6],2,2,26,0,2
1,<environment.Job instance at 0x7f82f6c7bc80>,2,15,[4 9],3,13,28,10,3
1,<environment.Job instance at 0x7f82f628d870>,4,3,[2 5],5,6,9,1,6
1,<environment.Job instance at 0x7f82f67120f0>,8,3,[6 4],9,26,29,17,10
1,<environment.Job instance at 0x7f82f6712c30>,5,3,[1 5],6,10,13,4,10
1,<environment.Job instance at 0x7f82f6712230>,10,3,[ 5 10],11,28,31,17,11
1,<environment.Job instance at 0x7f82f6712f00>,11,13,[3 5],12,29,42,17,13
1,<environment.Job instance at 0x7f82f6712690>,3,13,[7 3],4,31,44,27,15
1,<environment.Job instance at 0x7f82f6712a00>,7,3,[3 5],8,31,34,23,20
1,<environment.Job instance at 0x7f82f6712e60>,16,12,[10  3],17,44,56,27,27
1,<environment.Job instance at 0x7f82f66e5eb0>,19,14,[5 9],20,42,56,22,27
1,<environment.Job instance at 0x7f82f66e5500>,21,12,[4 6],22,56,68,34,39
1,<environment.Job instance at 0x7f82f66e5410>,22,18,[10  3],23,56,74,33,46
1,<environment.Job instance at 0x7f82f6c0f190>,27,18,[3 8],28,68,86,40,57
1,<environment.Job instance at 0x7f82f6c0f140>,29,12,[1 5],30,74,86,44,57
1,<environment.Job instance at 0x7f82f6c0f5f0>,32,13,[3 6],33,86,99,53,70
1,<environment.Job instance at 0x7f82f6c0f3c0>,33,17,[7 2],34,74,91,40,70
1,<environment.Job instance at 0x7f82f6c0f370>,34,18,[1 8],35,91,109,56,80
1,<environment.Job instance at 0x7f82f6c0fb40>,37,18,[1 8],38,109,127,71,98
1,<environment.Job instance at 0x7f82f6c0fe60>,39,17,[6 3],40,99,116,59,98
1,<environment.Job instance at 0x7f82f6c0fa50>,42,18,[1 6],43,116,134,73,105
1,<environment.Job instance at 0x7f82f6c0fa00>,43,17,[10  3],44,127,144,83,115
1,<environment.Job instance at 0x7f82f6c166e0>,45,16,[7 4],46,144,160,98,131
1,<environment.Job instance at 0x7f82f6c16a00>,46,13,[4 6],47,131,144,84,131
1,<environment.Job instance at 0x7f82f6c16eb0>,52,17,[6 3],53,144,161,91,132
1,<environment.Job instance at 0x7f82f69df500>,62,16,[7 1],63,160,176,97,147
1,<environment.Job instance at 0x7f82f69df2d0>,63,13,[6 5],64,161,174,97,147
1,<environment.Job instance at 0x7f82f6d434b0>,67,18,[4 5],68,174,192,106,163
1,<environment.Job instance at 0x7f82f6d43aa0>,68,15,[5 4],69,176,191,107,163
1,<environment.Job instance at 0x7f82f6d43410>,69,17,[7 5],70,191,208,121,179
1,<environment.Job instance at 0x7f82f76d9b40>,71,15,[4 9],72,192,207,120,179
1,<environment.Job instance at 0x7f82f640edc0>,0,13,[1 8],1,1,14,0,1
1,<environment.Job instance at 0x7f82f640ee60>,1,13,[8 2],2,2,15,0,2
1,<environment.Job instance at 0x7f82f640ebe0>,2,3,[5 5],3,3,6,0,3
1,<environment.Job instance at 0x7f82f640ea00>,3,3,[ 3 10],4,14,17,10,4
1,<environment.Job instance at 0x7f82f640eeb0>,4,1,[10  2],5,15,16,10,5
1,<environment.Job instance at 0x7f82f640e730>,6,2,[4 9],7,17,19,10,7
1,<environment.Job instance at 0x7f82f640e0a0>,7,2,[9 2],8,16,18,8,8
1,<environment.Job instance at 0x7f82f640e6e0>,8,13,[5 4],9,18,31,9,9
1,<environment.Job instance at 0x7f82f636b4b0>,9,17,[4 6],10,19,36,9,10
1,<environment.Job instance at 0x7f82f636b5f0>,10,1,[6 1],11,11,12,0,11
1,<environment.Job instance at 0x7f82f636b1e0>,11,15,[5 1],12,18,33,6,12
1,<environment.Job instance at 0x7f82f636bc80>,12,1,[1 5],13,13,14,0,13
1,<environment.Job instance at 0x7f82f636b2d0>,13,1,[7 1],14,33,34,19,14
1,<environment.Job instance at 0x7f82f6413c30>,16,15,[10  5],17,34,49,17,20
1,<environment.Job instance at 0x7f82f6413190>,15,17,[4 6],16,36,53,20,24
1,<environment.Job instance at 0x7f82f6413c80>,20,2,[ 2 12],21,53,55,32,26
1,<environment.Job instance at 0x7f82f6408d70>,22,17,[ 1 10],23,55,72,32,43
1,<environment.Job instance at 0x7f82f6408500>,23,14,[5 4],24,55,69,31,43
1,<environment.Job instance at 0x7f82f6408320>,24,15,[7 5],25,69,84,44,55
1,<environment.Job instance at 0x7f82f6408410>,25,15,[7 1],26,72,87,46,58
1,<environment.Job instance at 0x7f82f6413b90>,18,2,[7 1],19,84,86,65,70
1,<environment.Job instance at 0x7f82f6413be0>,17,1,[3 6],18,86,87,68,70
1,<environment.Job instance at 0x7f82f6642b90>,28,12,[3 7],29,86,98,57,70
1,<environment.Job instance at 0x7f82f6642eb0>,31,2,[10  3],32,87,89,55,70
1,<environment.Job instance at 0x7f82f66426e0>,30,18,[2 9],31,98,116,67,87
1,<environment.Job instance at 0x7f82f6642190>,33,12,[3 6],34,89,101,55,87
1,<environment.Job instance at 0x7f82f6642dc0>,34,14,[7 2],35,101,115,66,87
1,<environment.Job instance at 0x7f82f6386e60>,39,20,[7 2],40,115,135,75,106
1,<environment.Job instance at 0x7f82f6408dc0>,26,15,[5 5],27,116,131,89,106
1,<environment.Job instance at 0x7f82f6386e10>,41,12,[6 3],42,131,143,89,114
1,<environment.Job instance at 0x7f82f6386f50>,40,16,[1 9],41,131,147,90,118
1,<environment.Job instance at 0x7f82f6386f00>,43,15,[9 4],44,143,158,99,129
1,<environment.Job instance at 0x7f82f6386500>,47,12,[ 2 10],48,147,159,99,130
1,<environment.Job instance at 0x7f82f6386460>,49,12,[7 5],50,158,170,108,141
1,<environment.Job instance at 0x7f82f63866e0>,51,14,[ 5 10],52,159,173,107,144
1,<environment.Job instance at 0x7f82f6386410>,52,17,[5 8],53,173,190,120,161
1,<environment.Job instance at 0x7f82f6386730>,53,14,[5 7],54,173,187,119,161
1,<environment.Job instance at 0x7f82f72adf50>,54,19,[3 7],55,187,206,132,177
1,<environment.Job instance at 0x7f82f6386370>,42,16,[5 3],43,190,206,147,187
1,<environment.Job instance at 0x7f82f678d550>,0,18,[3 7],1,1,19,0,1
1,<environment.Job instance at 0x7f82f6842910>,3,13,[8 4],4,4,17,0,4
1,<environment.Job instance at 0x7f82f6842a00>,4,3,[7 5],5,17,20,12,5
1,<environment.Job instance at 0x7f82f678d320>,1,1,[1 8],2,19,20,17,6
1,<environment.Job instance at 0x7f82f68427d0>,5,2,[5 6],6,20,22,14,6
1,<environment.Job instance at 0x7f82f6842230>,7,14,[4 9],8,20,34,12,8
1,<environment.Job instance at 0x7f82f68429b0>,8,15,[5 4],9,22,37,13,9
1,<environment.Job instance at 0x7f82f6842eb0>,15,3,[7 1],16,34,37,18,16
1,<environment.Job instance at 0x7f82f6842140>,14,22,[7 4],15,37,59,22,30
1,<environment.Job instance at 0x7f82f6842c80>,17,16,[5 1],18,37,53,19,30
1,<environment.Job instance at 0x7f82f6842af0>,12,18,[1 5],13,34,52,21,30
1,<environment.Job instance at 0x7f83007db6e0>,21,3,[7 4],22,53,56,31,30
1,<environment.Job instance at 0x7f82f75d3be0>,24,16,[9 5],25,59,75,34,46
1,<environment.Job instance at 0x7f82f75d38c0>,27,15,[4 6],28,56,71,28,46
1,<environment.Job instance at 0x7f82f75d3320>,29,18,[1 9],30,71,89,41,60
1,<environment.Job instance at 0x7f82f75d37d0>,32,13,[5 1],33,71,84,38,60
1,<environment.Job instance at 0x7f82f75d3820>,22,14,[11  5],23,84,98,61,72
1,<environment.Job instance at 0x7f82f75d33c0>,38,17,[3 8],39,89,106,50,79
1,<environment.Job instance at 0x7f82f75d3dc0>,41,12,[6 4],42,98,110,56,81
1,<environment.Job instance at 0x7f82f7bb9140>,44,16,[9 1],45,106,122,61,95
1,<environment.Job instance at 0x7f82f75d35f0>,39,14,[5 4],40,110,124,70,98
1,<environment.Job instance at 0x7f82f7bb9be0>,48,14,[7 1],49,122,136,73,107
1,<environment.Job instance at 0x7f83007db820>,16,17,[5 8],17,124,141,107,114
1,<environment.Job instance at 0x7f82f7bb9370>,53,3,[2 8],54,141,144,87,115
1,<environment.Job instance at 0x7f82f7bb9230>,52,17,[9 3],53,136,153,83,125
1,<environment.Job instance at 0x7f82f70937d0>,57,13,[5 6],58,144,157,86,128
1,<environment.Job instance at 0x7f82f7093dc0>,59,19,[2 5],60,153,172,93,143
1,<environment.Job instance at 0x7f82f7093410>,66,14,[4 9],67,157,171,90,143
1,<environment.Job instance at 0x7f82f7093640>,67,17,[10  4],68,171,188,103,162
1,<environment.Job instance at 0x7f82f7bb9d20>,54,21,[1 8],55,172,193,117,164
1,<environment.Job instance at 0x7f82f7093f00>,68,17,[9 3],69,188,205,119,176
1,<environment.Job instance at 0x7f82f7c0c320>,71,13,[4 5],72,193,206,121,182
1,<environment.Job instance at 0x7f82f7093550>,69,18,[2 7],70,193,211,123,182
1,<environment.Job instance at 0x7f82f63a64b0>,0,1,[10  3],1,1,2,0,1
1,<environment.Job instance at 0x7f82f63a6780>,1,2,[2 5],2,2,4,0,2
1,<environment.Job instance at 0x7f82f71e3370>,2,2,[3 9],3,3,5,0,3
1,<environment.Job instance at 0x7f82f6d77c30>,3,1,[8 5],4,4,5,0,4
1,<environment.Job instance at 0x7f82f6d77e60>,4,1,[3 7],5,5,6,0,5
1,<environment.Job instance at 0x7f82f6d77f00>,5,27,[4 6],6,6,33,0,6
1,<environment.Job instance at 0x7f82f7093550>,6,1,[6 2],7,7,8,0,7
1,<environment.Job instance at 0x7f82f6d631e0>,7,17,[2 8],8,8,25,0,8
1,<environment.Job instance at 0x7f82f6d77fa0>,9,24,[9 1],10,10,34,0,10
1,<environment.Job instance at 0x7f82f6d634b0>,10,1,[6 3],11,33,34,22,12
1,<environment.Job instance at 0x7f82f6d635a0>,14,2,[1 7],15,25,27,10,15
1,<environment.Job instance at 0x7f82f6d63780>,15,14,[5 5],16,34,48,18,19
1,<environment.Job instance at 0x7f82f6d63460>,16,2,[10  3],17,34,36,17,19
1,<environment.Job instance at 0x7f82f6d63a00>,17,17,[2 5],18,36,53,18,25
1,<environment.Job instance at 0x7f82f6d63aa0>,18,1,[ 2 12],19,53,54,34,25
1,<environment.Job instance at 0x7f82f6d633c0>,11,18,[8 2],12,36,54,24,25
1,<environment.Job instance at 0x7f82f6d63c30>,20,15,[10  4],21,54,69,33,40
1,<environment.Job instance at 0x7f82f6d63dc0>,21,16,[5 1],22,48,64,26,40
1,<environment.Job instance at 0x7f82f6d63b90>,22,14,[1 8],23,64,78,41,49
1,<environment.Job instance at 0x7f82f6d63eb0>,23,17,[7 4],24,69,86,45,57
1,<environment.Job instance at 0x7f82f6d9c280>,27,14,[6 2],28,69,83,41,57
1,<environment.Job instance at 0x7f82f6d9c550>,29,13,[5 3],30,83,96,53,67
1,<environment.Job instance at 0x7f82f6d9ca50>,37,17,[9 5],38,86,103,48,74
1,<environment.Job instance at 0x7f82f6d9cf00>,43,15,[5 6],44,96,111,52,82
1,<environment.Job instance at 0x7f82f6d9cd20>,44,16,[10  5],45,103,119,58,90
1,<environment.Job instance at 0x7f82f6d9cd70>,46,18,[10  3],47,119,137,72,108
1,<environment.Job instance at 0x7f82f6d63690>,13,15,[4 8],14,111,126,97,108
1,<environment.Job instance at 0x7f82f6d7d280>,48,12,[1 5],49,126,138,77,109
1,<environment.Job instance at 0x7f82f6d7d410>,50,14,[5 6],51,137,151,86,122
1,<environment.Job instance at 0x7f82f6d7d3c0>,49,12,[8 1],50,137,149,87,123
1,<environment.Job instance at 0x7f82f6d7d550>,52,2,[10  5],53,149,151,96,126
1,<environment.Job instance at 0x7f82f6d7d5f0>,53,1,[2 5],54,127,128,73,127
1,<environment.Job instance at 0x7f82f6d7d690>,54,2,[2 7],55,128,130,73,128
1,<environment.Job instance at 0x7f82f6d7d730>,55,3,[6 5],56,151,154,95,128
1,<environment.Job instance at 0x7f82f6d7d4b0>,51,19,[10  5],52,154,173,102,144
1,<environment.Job instance at 0x7f82f6d7daf0>,59,17,[2 5],60,151,168,91,144
1,<environment.Job instance at 0x7f82f6d7dc30>,61,18,[4 5],62,168,186,106,157
1,<environment.Job instance at 0x7f82f6d7dcd0>,62,13,[5 5],63,173,186,110,157
1,<environment.Job instance at 0x7f82f6d7dd70>,63,12,[5 2],64,173,185,109,157
1,<environment.Job instance at 0x7f82f6d7d1e0>,66,18,[3 7],67,186,204,119,175
1,<environment.Job instance at 0x7f82f6d653c0>,68,12,[2 6],69,186,198,117,175
1,<environment.Job instance at 0x7f82f6d65640>,69,18,[6 5],70,198,216,128,187
1,<environment.Job instance at 0x7f82f7978f00>,2,17,[7 2],3,3,20,0,3
1,<environment.Job instance at 0x7f82f7978e10>,3,1,[5 3],4,4,5,0,4
1,<environment.Job instance at 0x7f82f7978320>,4,2,[2 7],5,5,7,0,5
1,<environment.Job instance at 0x7f82f79780a0>,6,13,[3 5],7,7,20,0,7
1,<environment.Job instance at 0x7f82f7978410>,7,2,[8 4],8,20,22,12,8
1,<environment.Job instance at 0x7f82f7978eb0>,8,12,[12  3],9,22,34,13,9
1,<environment.Job instance at 0x7f82f7978230>,9,12,[7 5],10,34,46,24,17
1,<environment.Job instance at 0x7f82f7978b40>,13,13,[6 3],14,34,47,20,18
1,<environment.Job instance at 0x7f8300191a00>,14,13,[2 9],15,20,33,5,18
1,<environment.Job instance at 0x7f83001914b0>,15,12,[14  1],16,47,59,31,30
1,<environment.Job instance at 0x7f82f7978d70>,11,2,[3 6],12,59,61,47,32
1,<environment.Job instance at 0x7f83001919b0>,23,2,[9 5],24,59,61,35,34
1,<environment.Job instance at 0x7f8300191c30>,24,2,[1 6],25,36,38,11,36
1,<environment.Job instance at 0x7f8300191f00>,25,3,[5 7],26,61,64,35,46
1,<environment.Job instance at 0x7f82f7978dc0>,12,15,[6 1],13,61,76,48,47
1,<environment.Job instance at 0x7f83001915a0>,26,13,[5 1],27,64,77,37,50
1,<environment.Job instance at 0x7f8300191fa0>,27,15,[1 9],28,64,79,36,50
1,<environment.Job instance at 0x7f8300191730>,29,2,[6 5],30,76,78,46,50
1,<environment.Job instance at 0x7f8300191820>,30,1,[1 7],31,50,51,19,50
1,<environment.Job instance at 0x7f8300191280>,31,3,[2 7],32,61,64,29,50
1,<environment.Job instance at 0x7f82f7205a50>,32,1,[4 6],33,78,79,45,50
1,<environment.Job instance at 0x7f83001918c0>,28,21,[5 3],29,79,100,50,71
1,<environment.Job instance at 0x7f82f7205a00>,34,3,[10  3],35,79,82,44,71
1,<environment.Job instance at 0x7f82f72053c0>,35,2,[6 3],36,82,84,46,71
1,<environment.Job instance at 0x7f82f7205780>,36,1,[3 8],37,82,83,45,71
1,<environment.Job instance at 0x7f82f7205f00>,37,2,[ 3 11],38,84,86,46,71
1,<environment.Job instance at 0x7f82f7205be0>,38,3,[4 9],39,86,89,47,71
1,<environment.Job instance at 0x7f82f7205190>,39,3,[7 4],40,89,92,49,71
1,<environment.Job instance at 0x7f82f7205c80>,40,2,[1 7],41,89,91,48,71
1,<environment.Job instance at 0x7f8300191640>,21,17,[4 8],22,92,109,70,80
1,<environment.Job instance at 0x7f82f7205e60>,42,17,[7 2],43,100,117,57,88
1,<environment.Job instance at 0x7f82f7205050>,43,14,[7 2],44,109,123,65,94
1,<environment.Job instance at 0x7f82f7205870>,44,13,[2 8],45,117,130,72,101
1,<environment.Job instance at 0x7f82f72056e0>,45,17,[6 3],46,117,134,71,105
1,<environment.Job instance at 0x7f82f7205320>,46,12,[ 4 10],47,130,142,83,113
1,<environment.Job instance at 0x7f82f720f7d0>,47,14,[9 4],48,134,148,86,119
1,<environment.Job instance at 0x7f82f720f280>,48,18,[8 3],49,148,166,99,137
1,<environment.Job instance at 0x7f82f7205370>,41,21,[2 7],42,142,163,100,137
1,<environment.Job instance at 0x7f82f758a370>,50,1,[5 9],51,163,164,112,137
1,<environment.Job instance at 0x7f82f758aeb0>,51,1,[2 5],52,148,149,96,137
1,<environment.Job instance at 0x7f82f720f410>,49,16,[ 4 10],50,164,180,114,153
1,<environment.Job instance at 0x7f82f7c40be0>,54,12,[7 2],55,166,178,111,153
1,<environment.Job instance at 0x7f82f7c40140>,57,13,[ 5 10],58,180,193,122,164
1,<environment.Job instance at 0x7f82f7c400a0>,60,16,[5 1],61,178,194,117,165
1,<environment.Job instance at 0x7f82f7c403c0>,66,19,[4 6],67,193,212,126,183
1,<environment.Job instance at 0x7f82f7c40c30>,67,17,[6 2],68,193,210,125,183
1,<environment.Job instance at 0x7f82f73544b0>,1,14,[5 8],2,2,16,0,2
1,<environment.Job instance at 0x7f82f64c00a0>,3,17,[3 7],4,4,21,0,4
1,<environment.Job instance at 0x7f82f64c07d0>,4,3,[5 5],5,16,19,11,5
1,<environment.Job instance at 0x7f82f64c0cd0>,6,2,[2 7],7,19,21,12,7
1,<environment.Job instance at 0x7f82f64c0e60>,7,2,[9 3],8,21,23,13,8
1,<environment.Job instance at 0x7f82f64c0780>,8,3,[5 6],9,21,24,12,9
1,<environment.Job instance at 0x7f82f64c0eb0>,9,17,[10  4],10,23,40,13,11
1,<environment.Job instance at 0x7f82f657faf0>,12,1,[4 5],13,24,25,11,14
1,<environment.Job instance at 0x7f82f657f9b0>,14,2,[7 1],15,16,18,1,15
1,<environment.Job instance at 0x7f82f656d640>,15,15,[3 5],16,25,40,9,16
1,<environment.Job instance at 0x7f82f656d870>,16,2,[ 3 10],17,40,42,23,17
1,<environment.Job instance at 0x7f82f656dc80>,17,1,[4 7],18,42,43,24,18
1,<environment.Job instance at 0x7f82f656d730>,18,1,[5 3],19,40,41,21,19
1,<environment.Job instance at 0x7f82f656d6e0>,20,3,[5 6],21,42,45,21,21
1,<environment.Job instance at 0x7f82f656dd20>,21,3,[5 9],22,43,46,21,22
1,<environment.Job instance at 0x7f82f656daf0>,22,13,[4 8],23,46,59,23,30
1,<environment.Job instance at 0x7f82f656d5a0>,26,13,[4 5],27,45,58,18,30
1,<environment.Job instance at 0x7f82f656d2d0>,25,13,[8 2],26,58,71,32,44
1,<environment.Job instance at 0x7f82f656d460>,23,18,[2 9],24,59,77,35,48
1,<environment.Job instance at 0x7f82f72b71e0>,29,15,[3 5],30,71,86,41,57
1,<environment.Job instance at 0x7f82f72b7f50>,33,19,[5 5],34,77,96,43,67
1,<environment.Job instance at 0x7f82f72b7280>,34,16,[1 7],35,86,102,51,73
1,<environment.Job instance at 0x7f82f72b7fa0>,36,14,[2 9],37,102,116,65,87
1,<environment.Job instance at 0x7f82f72b77d0>,37,13,[4 7],38,116,129,78,100
1,<environment.Job instance at 0x7f82f72b7780>,38,15,[4 7],39,116,131,77,102
1,<environment.Job instance at 0x7f82f72b7c30>,39,13,[3 7],40,129,142,89,113
1,<environment.Job instance at 0x7f82f72b7230>,40,17,[9 5],41,131,148,90,119
1,<environment.Job instance at 0x7f82f7774820>,41,14,[5 4],42,142,156,100,127
1,<environment.Job instance at 0x7f82f77745f0>,42,12,[1 5],43,142,154,99,127
1,<environment.Job instance at 0x7f82f7774e10>,43,20,[1 7],44,154,174,110,145
1,<environment.Job instance at 0x7f82f77742d0>,44,14,[9 2],45,148,162,103,145
1,<environment.Job instance at 0x7f82f7774780>,47,15,[3 7],48,162,177,114,148
1,<environment.Job instance at 0x7f82f7774af0>,48,3,[8 3],49,174,177,125,148
1,<environment.Job instance at 0x7f82f7774eb0>,50,14,[6 3],51,177,191,126,162
1,<environment.Job instance at 0x7f82f77741e0>,51,16,[9 2],52,177,193,125,164
1,<environment.Job instance at 0x7f82f7774a50>,52,14,[2 8],53,191,205,138,176
1,<environment.Job instance at 0x7f82f6af3910>,55,16,[7 4],56,193,209,137,180
1,<environment.Job instance at 0x7f82f6af3730>,58,3,[7 4],59,205,208,146,180
1,<environment.Job instance at 0x7f82f62417d0>,0,1,[4 5],1,2,3,1,2
1,<environment.Job instance at 0x7f82f73fed70>,1,18,[2 8],2,2,20,0,2
1,<environment.Job instance at 0x7f82f63b39b0>,3,12,[6 3],4,4,16,0,4
1,<environment.Job instance at 0x7f82f6e1d8c0>,4,3,[9 1],5,16,19,11,5
1,<environment.Job instance at 0x7f82f6af3730>,2,18,[3 8],3,20,38,17,9
1,<environment.Job instance at 0x7f82f6df8cd0>,9,14,[9 5],10,19,33,9,10
1,<environment.Job instance at 0x7f82f6df83c0>,10,13,[5 6],11,33,46,22,17
1,<environment.Job instance at 0x7f82f6df8230>,11,21,[5 3],12,38,59,26,30
1,<environment.Job instance at 0x7f82f6df8be0>,13,18,[5 6],14,38,56,24,30
1,<environment.Job instance at 0x7f82f6df87d0>,14,15,[1 5],15,46,61,31,32
1,<environment.Job instance at 0x7f82f6df8690>,15,2,[10  4],16,59,61,43,32
1,<environment.Job instance at 0x7f82f6df8140>,16,2,[8 5],17,56,58,39,32
1,<environment.Job instance at 0x7f82f6c20460>,17,12,[1 6],18,58,70,40,41
1,<environment.Job instance at 0x7f82f6c20190>,18,3,[9 1],19,61,64,42,41
1,<environment.Job instance at 0x7f82f6c201e0>,19,3,[4 9],20,64,67,44,41
1,<environment.Job instance at 0x7f82f6902c30>,5,2,[10  1],6,67,69,61,47
1,<environment.Job instance at 0x7f82f6c20870>,25,1,[8 1],26,58,59,32,47
1,<environment.Job instance at 0x7f82f6902730>,7,3,[5 1],8,61,64,53,47
1,<environment.Job instance at 0x7f82f6c207d0>,24,13,[8 4],25,69,82,44,53
1,<environment.Job instance at 0x7f82f6c209b0>,27,25,[4 6],28,70,95,42,66
1,<environment.Job instance at 0x7f82f6c20af0>,29,12,[2 8],30,82,94,52,66
1,<environment.Job instance at 0x7f82f6c20be0>,30,1,[5 1],31,69,70,38,66
1,<environment.Job instance at 0x7f82f6c20c80>,31,23,[10  1],32,94,117,62,88
1,<environment.Job instance at 0x7f82f6c20fa0>,32,14,[5 8],33,95,109,62,88
1,<environment.Job instance at 0x7f82f6c20f00>,33,26,[10  2],34,117,143,83,114
1,<environment.Job instance at 0x7f82f6c20f50>,34,3,[ 3 12],35,114,117,79,114
1,<environment.Job instance at 0x7f82f74550a0>,35,15,[5 2],36,117,132,81,114
1,<environment.Job instance at 0x7f82f74550f0>,36,16,[ 1 10],37,132,148,95,119
1,<environment.Job instance at 0x7f82f7455230>,37,1,[3 5],38,143,144,105,119
1,<environment.Job instance at 0x7f82f74552d0>,38,3,[10  1],39,144,147,105,119
1,<environment.Job instance at 0x7f82f7455370>,39,1,[3 8],40,148,149,108,120
1,<environment.Job instance at 0x7f82f7455410>,40,16,[6 1],41,147,163,106,134
1,<environment.Job instance at 0x7f82f74557d0>,41,24,[4 8],42,149,173,107,144
1,<environment.Job instance at 0x7f82f7455550>,42,17,[5 8],43,173,190,130,161
1,<environment.Job instance at 0x7f82f74558c0>,43,2,[12  5],44,190,192,146,163
1,<environment.Job instance at 0x7f82f7455960>,44,1,[7 5],45,163,164,118,163
1,<environment.Job instance at 0x7f82f7455a00>,45,14,[ 2 11],46,192,206,146,177
1,<environment.Job instance at 0x7f82f7455aa0>,46,15,[6 2],47,192,207,145,178
1,<environment.Job instance at 0x7f82f7455c30>,47,1,[3 8],48,190,191,142,178
1,<environment.Job instance at 0x7f82f6f337d0>,0,3,[ 3 14],1,3,6,2,3
1,<environment.Job instance at 0x7f82f6f45550>,1,1,[5 3],2,6,7,4,4
1,<environment.Job instance at 0x7f82f6f33b90>,4,15,[5 6],5,6,21,1,5
1,<environment.Job instance at 0x7f82f7569500>,5,15,[9 2],6,7,22,1,6
1,<environment.Job instance at 0x7f82f6f33960>,2,17,[2 8],3,21,38,18,9
1,<environment.Job instance at 0x7f82f6f4e8c0>,9,3,[4 8],10,38,41,28,12
1,<environment.Job instance at 0x7f82f7569d70>,10,16,[9 1],11,22,38,11,12
1,<environment.Job instance at 0x7f82f77b9b90>,15,14,[1 8],16,41,55,25,26
1,<environment.Job instance at 0x7f82f77b9870>,17,14,[5 1],18,38,52,20,26
1,<environment.Job instance at 0x7f82f75695f0>,8,17,[5 1],9,38,55,29,26
1,<environment.Job instance at 0x7f82f6766690>,21,2,[3 5],22,26,28,4,26
1,<environment.Job instance at 0x7f82f6a446e0>,22,3,[2 8],23,55,58,32,29
1,<environment.Job instance at 0x7f82f730c050>,20,18,[5 8],21,58,76,37,47
1,<environment.Job instance at 0x7f82f6a441e0>,24,17,[4 7],25,55,72,30,47
1,<environment.Job instance at 0x7f82f741cf00>,26,14,[3 5],27,72,86,45,57
1,<environment.Job instance at 0x7f82f6a442d0>,23,12,[10  4],24,76,88,52,61
1,<environment.Job instance at 0x7f82f741ceb0>,28,19,[5 8],29,86,105,57,76
1,<environment.Job instance at 0x7f82f65751e0>,32,14,[6 2],33,88,102,55,76
1,<environment.Job instance at 0x7f82f6575b90>,33,14,[2 9],34,105,119,71,90
1,<environment.Job instance at 0x7f82f6575690>,34,18,[10  3],35,102,120,67,91
1,<environment.Job instance at 0x7f82f6575e10>,37,15,[2 8],38,119,134,81,105
1,<environment.Job instance at 0x7f82f7569370>,6,17,[5 4],7,120,137,113,118
1,<environment.Job instance at 0x7f82f6575be0>,40,15,[ 4 10],41,134,149,93,120
1,<environment.Job instance at 0x7f82f6575f50>,45,3,[5 6],46,149,152,103,123
1,<environment.Job instance at 0x7f82f6575f00>,41,17,[9 3],42,137,154,95,128
1,<environment.Job instance at 0x7f82f65750f0>,47,2,[14  5],48,154,156,106,128
1,<environment.Job instance at 0x7f82f6575a00>,48,15,[1 9],49,152,167,103,141
1,<environment.Job instance at 0x7f82f65757d0>,46,19,[4 8],47,167,186,120,157
1,<environment.Job instance at 0x7f82f70d6d20>,57,3,[5 5],58,157,160,99,157
1,<environment.Job instance at 0x7f82f70d6f00>,59,17,[8 2],60,160,177,100,157
1,<environment.Job instance at 0x7f82f70d65a0>,60,16,[6 5],61,177,193,116,164
1,<environment.Job instance at 0x7f82f70d60a0>,63,16,[3 5],64,186,202,122,173
1,<environment.Job instance at 0x7f82f6527870>,65,16,[1 6],66,193,209,127,180
1,<environment.Job instance at 0x7f82f6527d70>,66,13,[1 5],67,202,215,135,186
1,<environment.Job instance at 0x7f82f693d9b0>,67,23,[6 2],68,186,209,118,186
1,<environment.Job instance at 0x7f82f7379690>,0,15,[5 2],1,1,16,0,1
1,<environment.Job instance at 0x7f82f76ee7d0>,1,1,[2 7],2,4,5,2,4
1,<environment.Job instance at 0x7f82f73795a0>,3,3,[4 8],4,5,8,1,4
1,<environment.Job instance at 0x7f82f693d9b0>,2,1,[2 8],3,8,9,5,4
1,<environment.Job instance at 0x7f82f7379d70>,4,14,[7 3],5,8,22,3,5
1,<environment.Job instance at 0x7f82f7379050>,5,3,[3 6],6,9,12,3,6
1,<environment.Job instance at 0x7f82f7379b90>,7,14,[7 1],8,16,30,8,8
1,<environment.Job instance at 0x7f82f7379140>,13,2,[2 6],14,14,16,0,14
1,<environment.Job instance at 0x7f82f73a6b90>,12,18,[7 1],13,22,40,9,15
1,<environment.Job instance at 0x7f82f73a64b0>,15,12,[4 5],16,30,42,14,16
1,<environment.Job instance at 0x7f82f73a6e60>,16,15,[4 6],17,30,45,13,17
1,<environment.Job instance at 0x7f82f73a6230>,23,17,[6 2],24,40,57,16,28
1,<environment.Job instance at 0x7f82f7379a00>,8,14,[9 1],9,45,59,36,30
1,<environment.Job instance at 0x7f82f73a66e0>,14,13,[ 2 10],15,57,70,42,41
1,<environment.Job instance at 0x7f82f73a6690>,25,13,[10  1],26,59,72,33,43
1,<environment.Job instance at 0x7f82f73a6500>,27,1,[4 8],28,70,71,42,44
1,<environment.Job instance at 0x7f82f73a63c0>,28,18,[5 7],29,71,89,42,66
1,<environment.Job instance at 0x7f82f73a65f0>,29,18,[8 1],30,72,90,42,66
1,<environment.Job instance at 0x7f82f73a67d0>,30,15,[1 7],31,72,87,41,66
1,<environment.Job instance at 0x7f82f73a6dc0>,31,2,[5 2],32,89,91,57,66
1,<environment.Job instance at 0x7f82f681ef50>,32,13,[10  1],33,90,103,57,75
1,<environment.Job instance at 0x7f82f681e190>,33,16,[ 2 10],34,91,107,57,80
1,<environment.Job instance at 0x7f82f681ed70>,34,3,[9 3],35,103,106,68,80
1,<environment.Job instance at 0x7f82f681ea50>,35,14,[6 3],36,106,120,70,91
1,<environment.Job instance at 0x7f82f7379f00>,6,24,[1 8],7,107,131,100,102
1,<environment.Job instance at 0x7f82f681e4b0>,37,14,[7 3],38,107,121,69,102
1,<environment.Job instance at 0x7f82f681e050>,38,13,[8 3],39,121,134,82,109
1,<environment.Job instance at 0x7f82f681e1e0>,39,14,[2 6],40,131,145,91,116
1,<environment.Job instance at 0x7f82f681e0a0>,40,12,[5 4],41,120,132,79,116
1,<environment.Job instance at 0x7f82f681eb40>,41,13,[7 1],42,134,147,92,118
1,<environment.Job instance at 0x7f82f681ea00>,42,2,[3 5],43,132,134,89,118
1,<environment.Job instance at 0x7f82f681e6e0>,43,13,[8 3],44,145,158,101,129
1,<environment.Job instance at 0x7f82f681e5a0>,44,13,[6 4],45,147,160,102,131
1,<environment.Job instance at 0x7f82f73a6320>,26,18,[7 3],27,158,176,131,147
1,<environment.Job instance at 0x7f82f681e280>,46,1,[ 5 12],47,160,161,113,147
1,<environment.Job instance at 0x7f82f7379dc0>,10,13,[8 3],11,161,174,150,147
1,<environment.Job instance at 0x7f82f681eaa0>,47,17,[10  3],48,176,193,128,165
1,<environment.Job instance at 0x7f82f681e9b0>,49,1,[5 4],50,174,175,124,165
1,<environment.Job instance at 0x7f82f681ecd0>,50,1,[7 1],51,175,176,124,165
1,<environment.Job instance at 0x7f82f7570640>,51,17,[4 8],52,176,193,124,165
1,<environment.Job instance at 0x7f82f7570910>,52,16,[7 3],53,193,209,140,180
1,<environment.Job instance at 0x7f82f75706e0>,53,12,[1 6],54,193,205,139,180
1,<environment.Job instance at 0x7f82f7570b40>,54,2,[5 8],55,205,207,150,180
1,<environment.Job instance at 0x7f82f7570050>,55,1,[3 9],56,207,208,151,180
1,<environment.Job instance at 0x7f82f75705a0>,56,2,[8 3],57,208,210,151,181
1,<environment.Job instance at 0x7f82f7570eb0>,57,1,[5 9],58,209,210,151,181
1,<environment.Job instance at 0x7f82f7570230>,58,12,[2 6],59,193,205,134,181
1,<environment.Job instance at 0x7f82f75700f0>,59,2,[7 3],60,210,212,150,183
1,<environment.Job instance at 0x7f82f75708c0>,60,2,[6 3],61,210,212,149,183
1,<environment.Job instance at 0x7f82f67531e0>,0,1,[7 1],1,1,2,0,1
1,<environment.Job instance at 0x7f82f67538c0>,1,3,[7 3],2,2,5,0,2
1,<environment.Job instance at 0x7f830019ce60>,2,3,[10  2],3,5,8,2,3
1,<environment.Job instance at 0x7f830019c230>,3,18,[5 6],4,4,22,0,4
1,<environment.Job instance at 0x7f82f6753e60>,5,15,[3 8],6,8,23,2,6
1,<environment.Job instance at 0x7f830019ce10>,4,2,[ 5 10],5,23,25,18,7
1,<environment.Job instance at 0x7f830019c780>,7,3,[8 2],8,22,25,14,8
1,<environment.Job instance at 0x7f830019c4b0>,8,1,[10  5],9,25,26,16,9
1,<environment.Job instance at 0x7f83002065f0>,11,18,[1 5],12,25,43,13,14
1,<environment.Job instance at 0x7f82f6dc0aa0>,14,13,[8 5],15,26,39,11,15
1,<environment.Job instance at 0x7f8300206230>,12,2,[1 9],13,39,41,26,16
1,<environment.Job instance at 0x7f8300206a00>,15,15,[2 7],16,41,56,25,27
1,<environment.Job instance at 0x7f82f6da2320>,26,19,[3 6],27,43,62,16,33
1,<environment.Job instance at 0x7f82f63ba6e0>,27,12,[7 2],28,41,53,13,33
1,<environment.Job instance at 0x7f82f76a6c80>,30,14,[6 5],31,56,70,25,41
1,<environment.Job instance at 0x7f82f6d25500>,32,17,[1 8],33,62,79,29,50
1,<environment.Job instance at 0x7f82f67d2af0>,34,12,[10  4],35,70,82,35,53
1,<environment.Job instance at 0x7f82f794e140>,36,15,[3 7],37,79,94,42,65
1,<environment.Job instance at 0x7f830067dd20>,38,16,[3 5],39,82,98,43,69
1,<environment.Job instance at 0x7f82f73318c0>,41,17,[5 2],42,82,99,40,70
1,<environment.Job instance at 0x7f82f64c9460>,45,15,[7 2],46,94,109,48,81
1,<environment.Job instance at 0x7f82f64c96e0>,47,16,[5 1],48,99,115,51,86
1,<environment.Job instance at 0x7f82f7843be0>,49,18,[2 5],50,98,116,48,87
1,<environment.Job instance at 0x7f82f7843e60>,50,20,[6 3],51,109,129,58,100
1,<environment.Job instance at 0x7f82f63306e0>,55,15,[1 8],56,116,131,60,102
1,<environment.Job instance at 0x7f82f632ddc0>,66,15,[3 7],67,129,144,62,115
1,<environment.Job instance at 0x7f82f632d730>,68,15,[5 2],69,131,146,62,117
1,<environment.Job instance at 0x7f82f632d320>,71,12,[6 3],72,117,129,45,117
1,<environment.Job instance at 0x7f8300206d20>,9,21,[4 6],10,131,152,121,125
1,<environment.Job instance at 0x7f82f632d0f0>,72,12,[9 3],73,146,158,73,129
1,<environment.Job instance at 0x7f82f76d75f0>,74,15,[5 7],75,152,167,77,138
1,<environment.Job instance at 0x7f82f76d7fa0>,77,16,[ 4 10],78,167,183,89,154
1,<environment.Job instance at 0x7f82f76d7dc0>,73,18,[5 4],74,158,176,84,154
1,<environment.Job instance at 0x7f82f76d7c80>,81,13,[2 5],82,176,189,94,160
1,<environment.Job instance at 0x7f82f76d7af0>,83,15,[5 5],84,183,198,99,169
1,<environment.Job instance at 0x7f82f76d7aa0>,84,14,[6 5],85,183,197,98,169
1,<environment.Job instance at 0x7f82f76d7c30>,86,12,[3 6],87,197,209,110,180
1,<environment.Job instance at 0x7f8300206500>,13,16,[4 9],14,198,214,184,185
