iteration,job object,job ID,job Length,job ressource requirement,job enter time,job start time,job finish time,job waiting time,current time
1,<environment.Job instance at 0x7f5bd88ffb40>,8,24,[ 2 10],9,29,53,20,24
1,<environment.Job instance at 0x7f5bd8903050>,14,21,[ 3 11],15,53,74,38,45
1,<environment.Job instance at 0x7f5bddc569b0>,6,28,[10  1],7,7,35,0,7
1,<environment.Job instance at 0x7f5bddc56820>,7,22,[6 5],8,35,57,27,28
1,<environment.Job instance at 0x7f5bddc56960>,12,24,[ 3 10],13,31,55,18,31
1,<environment.Job instance at 0x7f5bddc56690>,14,20,[9 1],15,55,75,40,46
1,<environment.Job instance at 0x7f5b92cae5f0>,0,22,[2 8],1,1,23,0,1
1,<environment.Job instance at 0x7f5b92cae5a0>,9,27,[5 8],10,23,50,13,21
1,<environment.Job instance at 0x7f5b92cb23c0>,14,28,[7 4],15,39,67,24,39
1,<environment.Job instance at 0x7f5b92cb20a0>,1,24,[12  2],2,2,26,0,2
1,<environment.Job instance at 0x7f5b92cb2370>,2,26,[ 3 11],3,3,29,0,3
1,<environment.Job instance at 0x7f5b92babaa0>,8,24,[8 5],9,29,53,20,24
1,<environment.Job instance at 0x7f5b92bab6e0>,7,1,[ 5 12],8,53,54,45,25
1,<environment.Job instance at 0x7f5b92baba50>,13,20,[14  2],14,54,74,40,45
1,<environment.Job instance at 0x7f5b92db3fa0>,0,23,[5 8],1,1,24,0,1
1,<environment.Job instance at 0x7f5b92db3b40>,5,24,[12  1],6,24,48,18,21
1,<environment.Job instance at 0x7f5b92f34c80>,4,28,[3 8],5,24,52,19,23
1,<environment.Job instance at 0x7f5b92bab230>,1,21,[ 4 11],2,52,73,50,44
1,<environment.Job instance at 0x7f5bd905e370>,7,3,[8 3],8,20,23,12,20
1,<environment.Job instance at 0x7f5bd8a7e820>,11,2,[5 1],12,27,29,15,27
1,<environment.Job instance at 0x7f5bd8a7e5f0>,12,23,[1 7],13,27,50,14,27
1,<environment.Job instance at 0x7f5bd8a7e230>,15,2,[14  3],16,40,42,24,40
1,<environment.Job instance at 0x7f5bd8b8c690>,0,1,[11  3],1,2,3,1,2
1,<environment.Job instance at 0x7f5bd8b8c730>,5,24,[8 2],6,6,30,0,6
1,<environment.Job instance at 0x7f5b931ab820>,10,26,[4 7],11,11,37,0,11
1,<environment.Job instance at 0x7f5b92e55eb0>,11,25,[10  5],12,30,55,18,26
1,<environment.Job instance at 0x7f5b92d7c910>,8,22,[9 3],9,55,77,46,48
1,<environment.Job instance at 0x7f5b92e55910>,16,20,[ 3 11],17,55,75,38,48
1,<environment.Job instance at 0x7f5b92fbed20>,0,24,[ 5 11],1,1,25,0,1
1,<environment.Job instance at 0x7f5b93242eb0>,2,27,[4 6],3,25,52,22,23
1,<environment.Job instance at 0x7f5b92dafdc0>,3,26,[12  3],4,4,30,0,4
1,<environment.Job instance at 0x7f5b92dafa00>,7,28,[1 9],8,8,36,0,8
1,<environment.Job instance at 0x7f5b92daf320>,8,26,[7 3],9,30,56,21,27
1,<environment.Job instance at 0x7f5b92f12d70>,3,27,[ 3 14],4,4,31,0,4
1,<environment.Job instance at 0x7f5b92f122d0>,6,28,[5 2],7,31,59,24,30
1,<environment.Job instance at 0x7f5b92d170f0>,0,21,[9 1],1,1,22,0,1
1,<environment.Job instance at 0x7f5bd9587c80>,3,24,[1 9],4,4,28,0,4
1,<environment.Job instance at 0x7f5bd9338af0>,4,25,[ 3 10],5,28,53,23,24
1,<environment.Job instance at 0x7f5b92d2c960>,10,28,[7 2],11,24,52,13,24
1,<environment.Job instance at 0x7f5bd8a4af50>,12,25,[5 7],13,53,78,40,49
1,<environment.Job instance at 0x7f5b9323a320>,0,28,[9 5],1,1,29,0,1
1,<environment.Job instance at 0x7f5bd8a4aaf0>,2,26,[9 3],3,29,55,26,26
1,<environment.Job instance at 0x7f5b92f2bcd0>,5,22,[ 1 13],6,55,77,49,48
1,<environment.Job instance at 0x7f5b92f401e0>,0,26,[14  4],1,1,27,0,1
1,<environment.Job instance at 0x7f5bd8872b90>,4,24,[9 2],5,27,51,22,22
1,<environment.Job instance at 0x7f5bd8872050>,7,27,[2 7],8,27,54,19,25
1,<environment.Job instance at 0x7f5bd8872cd0>,10,22,[1 8],11,51,73,40,44
1,<environment.Job instance at 0x7f5b929eee60>,2,20,[4 5],3,3,23,0,3
1,<environment.Job instance at 0x7f5b929eedc0>,3,23,[6 5],4,4,27,0,4
1,<environment.Job instance at 0x7f5b92c438c0>,6,27,[4 6],7,23,50,16,21
1,<environment.Job instance at 0x7f5b92c43b40>,9,21,[9 2],10,27,48,17,21
1,<environment.Job instance at 0x7f5b92c43c30>,10,22,[ 3 12],11,50,72,39,43
1,<environment.Job instance at 0x7f5b92c43b90>,12,22,[9 1],13,48,70,35,43
1,<environment.Job instance at 0x7f5b92bc4460>,1,27,[9 3],2,2,29,0,2
1,<environment.Job instance at 0x7f5b92d7af50>,4,2,[ 2 13],5,29,31,24,10
1,<environment.Job instance at 0x7f5b92fbe870>,9,25,[8 4],10,31,56,21,27
1,<environment.Job instance at 0x7f5b92c74f00>,0,25,[7 5],1,1,26,0,1
1,<environment.Job instance at 0x7f5b92c74500>,1,21,[7 5],2,2,23,0,2
1,<environment.Job instance at 0x7f5b92c74460>,5,28,[8 5],6,23,51,17,22
1,<environment.Job instance at 0x7f5bd9105780>,7,23,[8 4],8,51,74,43,45
1,<environment.Job instance at 0x7f5bd88d6410>,1,26,[13  1],2,2,28,0,2
1,<environment.Job instance at 0x7f5bd8878c30>,6,25,[3 9],7,28,53,21,24
1,<environment.Job instance at 0x7f5bd91f7b40>,15,19,[4 5],16,45,64,29,45
1,<environment.Job instance at 0x7f5bd8e2e3c0>,0,21,[11  1],1,1,22,0,1
1,<environment.Job instance at 0x7f5bd91f7640>,2,24,[8 3],3,22,46,19,17
1,<environment.Job instance at 0x7f5bd93d0960>,4,23,[ 5 10],5,22,45,17,17
1,<environment.Job instance at 0x7f5b9306daf0>,5,25,[ 2 14],6,46,71,40,43
1,<environment.Job instance at 0x7f5b92b560a0>,0,25,[14  5],1,1,26,0,1
1,<environment.Job instance at 0x7f5bd9285320>,2,28,[7 1],3,26,54,23,25
1,<environment.Job instance at 0x7f5b92b56410>,6,26,[3 8],7,26,52,19,25
1,<environment.Job instance at 0x7f5b92bb9730>,3,20,[ 1 10],4,5,25,1,5
1,<environment.Job instance at 0x7f5bd8f937d0>,5,25,[5 3],6,6,31,0,6
1,<environment.Job instance at 0x7f5b93278410>,10,27,[ 2 10],11,25,52,14,23
1,<environment.Job instance at 0x7ff3cae9d960>,4,24,[ 3 11],5,5,29,0,5
1,<environment.Job instance at 0x7ff3cae9dd70>,8,24,[ 2 10],9,29,53,20,24
1,<environment.Job instance at 0x7ff3caea1050>,14,21,[ 3 11],15,53,74,38,45
1,<environment.Job instance at 0x7ff3d041b910>,2,24,[ 3 10],3,3,27,0,3
1,<environment.Job instance at 0x7ff3d041b9b0>,4,20,[9 1],5,9,29,4,9
1,<environment.Job instance at 0x7ff3d0420230>,10,22,[5 6],11,27,49,16,20
1,<environment.Job instance at 0x7ff3d04202d0>,9,26,[5 4],10,29,55,19,26
1,<environment.Job instance at 0x7ff3d0420af0>,13,27,[8 2],14,49,76,35,47
1,<environment.Job instance at 0x7ff3d04207d0>,8,25,[ 2 12],9,55,80,46,51
1,<environment.Job instance at 0x7ff38519b640>,1,21,[2 7],2,2,23,0,2
1,<environment.Job instance at 0x7ff3d041e5a0>,3,24,[5 6],4,4,28,0,4
1,<environment.Job instance at 0x7ff38519bb40>,6,22,[10  1],7,23,45,16,16
1,<environment.Job instance at 0x7ff38519b7d0>,9,3,[14  4],10,45,48,35,23
1,<environment.Job instance at 0x7ff38519b230>,12,23,[ 1 14],13,48,71,35,42
1,<environment.Job instance at 0x7ff385275b90>,5,19,[5 1],6,7,26,1,7
1,<environment.Job instance at 0x7ff3852750a0>,3,23,[ 2 14],4,7,30,3,7
1,<environment.Job instance at 0x7ff3850ee550>,8,28,[4 7],9,30,58,21,29
1,<environment.Job instance at 0x7ff38519ba50>,9,26,[3 6],10,30,56,20,29
1,<environment.Job instance at 0x7ff3850eeaa0>,14,2,[ 1 11],15,58,60,43,48
1,<environment.Job instance at 0x7ff38554beb0>,0,24,[11  3],1,1,25,0,1
1,<environment.Job instance at 0x7ff38554bdc0>,4,28,[13  3],5,25,53,20,24
1,<environment.Job instance at 0x7ff3850ee410>,1,22,[5 8],2,53,75,51,46
1,<environment.Job instance at 0x7ff38559a550>,0,1,[11  3],1,2,3,1,2
1,<environment.Job instance at 0x7ff3cacaf6e0>,3,1,[10  2],4,4,5,0,4
1,<environment.Job instance at 0x7ff38559a4b0>,5,24,[8 2],6,6,30,0,6
1,<environment.Job instance at 0x7ff3cfdd5e60>,10,26,[4 7],11,11,37,0,11
1,<environment.Job instance at 0x7ff3cfdd5e10>,11,25,[10  5],12,30,55,18,26
1,<environment.Job instance at 0x7ff3cfdd5550>,8,22,[9 3],9,55,77,46,48
1,<environment.Job instance at 0x7ff3cfdd5b90>,16,20,[ 3 11],17,55,75,38,48
1,<environment.Job instance at 0x7ff3857e2eb0>,2,22,[1 6],3,3,25,0,3
1,<environment.Job instance at 0x7ff3cfdd5050>,3,27,[5 1],4,4,31,0,4
1,<environment.Job instance at 0x7ff3857e2280>,4,25,[10  4],5,25,50,20,21
1,<environment.Job instance at 0x7ff3cfdd5190>,5,26,[5 4],6,31,57,25,28
1,<environment.Job instance at 0x7ff3cfe79320>,10,26,[ 2 11],11,50,76,39,47
1,<environment.Job instance at 0x7ff3cfc16be0>,1,20,[7 4],2,2,22,0,2
1,<environment.Job instance at 0x7ff3853581e0>,2,23,[2 8],3,3,26,0,3
1,<environment.Job instance at 0x7ff3850692d0>,8,25,[6 1],9,9,34,0,9
1,<environment.Job instance at 0x7ff3cf969f00>,0,21,[5 6],1,1,22,0,1
1,<environment.Job instance at 0x7ff3cf9691e0>,3,23,[10  3],4,4,27,0,4
1,<environment.Job instance at 0x7ff3cf969cd0>,4,24,[4 8],5,23,47,18,23
1,<environment.Job instance at 0x7ff3caf1de60>,5,26,[14  5],6,47,73,41,44
1,<environment.Job instance at 0x7ff3cb0316e0>,3,21,[4 9],4,4,25,0,4
1,<environment.Job instance at 0x7ff3cb182690>,10,28,[9 5],11,11,39,0,11
1,<environment.Job instance at 0x7ff3cace6550>,12,26,[9 3],13,39,65,26,36
1,<environment.Job instance at 0x7ff3caf712d0>,15,22,[ 1 13],16,65,87,49,58
1,<environment.Job instance at 0x7ff3cfc360f0>,0,26,[14  4],1,1,27,0,1
1,<environment.Job instance at 0x7ff385562e10>,4,24,[9 2],5,27,51,22,22
1,<environment.Job instance at 0x7ff385562af0>,7,27,[2 7],8,27,54,19,25
1,<environment.Job instance at 0x7ff384f80690>,10,22,[1 8],11,51,73,40,44
1,<environment.Job instance at 0x7ff3cb188050>,0,22,[ 3 12],1,1,23,0,1
1,<environment.Job instance at 0x7ff384f80690>,2,22,[9 1],3,3,25,0,3
1,<environment.Job instance at 0x7ff38537c500>,8,22,[8 4],9,25,47,16,18
1,<environment.Job instance at 0x7ff38537c7d0>,11,22,[7 5],12,25,47,13,21
1,<environment.Job instance at 0x7ff38537ca50>,15,24,[1 6],16,47,71,31,42
1,<environment.Job instance at 0x7ff38537ccd0>,18,18,[1 9],19,53,71,34,53
1,<environment.Job instance at 0x7ff38537c820>,2,26,[1 6],3,3,29,0,3
1,<environment.Job instance at 0x7ff3cb3c2550>,3,23,[5 5],4,4,27,0,4
1,<environment.Job instance at 0x7ff3cfc5b320>,11,22,[5 4],12,12,34,0,12
1,<environment.Job instance at 0x7ff3cfc5b3c0>,12,26,[10  5],13,29,55,16,26
1,<environment.Job instance at 0x7ff3cfc5baa0>,13,27,[10  3],14,55,82,41,53
1,<environment.Job instance at 0x7ff3cfc9b410>,15,28,[1 7],16,53,81,37,53
1,<environment.Job instance at 0x7ff3855db4b0>,1,27,[ 2 11],2,2,29,0,2
1,<environment.Job instance at 0x7ff3cb170c30>,6,26,[9 2],7,7,33,0,7
1,<environment.Job instance at 0x7ff3cb170d20>,12,23,[ 3 10],13,29,52,16,23
1,<environment.Job instance at 0x7ff3cb149870>,14,25,[1 6],15,52,77,37,48
1,<environment.Job instance at 0x7ff3cb149820>,16,24,[1 9],17,52,76,35,48
1,<environment.Job instance at 0x7ff3856e2be0>,2,28,[3 8],3,3,31,0,3
1,<environment.Job instance at 0x7ff3854cb500>,10,21,[11  1],11,11,32,0,11
1,<environment.Job instance at 0x7ff3854cb820>,12,24,[8 3],13,32,56,19,27
1,<environment.Job instance at 0x7ff3854cb910>,14,23,[ 5 10],15,32,55,17,27
1,<environment.Job instance at 0x7ff3854cb8c0>,15,25,[ 2 14],16,56,81,40,52
1,<environment.Job instance at 0x7ff3854ab0f0>,0,25,[14  5],1,1,26,0,1
1,<environment.Job instance at 0x7ff3854cb8c0>,2,28,[7 1],3,26,54,23,25
1,<environment.Job instance at 0x7ff3cfc0c640>,6,26,[3 8],7,26,52,19,25
1,<environment.Job instance at 0x7ff3cfc0ce60>,7,26,[10  5],8,54,80,46,51
1,<environment.Job instance at 0x7ff3cb316cd0>,0,27,[ 2 10],1,1,28,0,1
1,<environment.Job instance at 0x7ff3cb259e60>,5,28,[ 2 14],6,28,56,22,27
1,<environment.Job instance at 0x7ff3cb2590f0>,7,22,[8 3],8,56,78,48,49
1,<environment.Job instance at 0x7ff38532faf0>,9,21,[ 1 11],10,56,77,46,49
1,<environment.Job instance at 0x7ff38504f5a0>,1,23,[1 8],2,2,25,0,2
1,<environment.Job instance at 0x7ff3cb33adc0>,2,28,[ 2 10],3,25,53,22,24
1,<environment.Job instance at 0x7ff385617f50>,6,21,[ 2 10],7,53,74,46,45
1,<environment.Job instance at 0x7ff384f93500>,9,21,[13  5],10,45,66,35,45
1,<environment.Job instance at 0x7ff3850d3870>,8,21,[8 1],9,9,30,0,9
1,<environment.Job instance at 0x7ff3cfb3fc80>,10,21,[9 1],11,30,51,19,22
1,<environment.Job instance at 0x7ff3850d31e0>,12,28,[9 4],13,51,79,38,50
1,<environment.Job instance at 0x7ff3857c87d0>,2,25,[10  5],3,3,28,0,3
1,<environment.Job instance at 0x7ff3cb038410>,6,28,[4 6],7,7,35,0,7
1,<environment.Job instance at 0x7ff3cf80c410>,7,26,[2 6],8,28,54,20,25
1,<environment.Job instance at 0x7ff3cf80ca50>,8,20,[9 3],9,28,48,19,25
1,<environment.Job instance at 0x7ff3cfb808c0>,15,1,[ 1 13],16,54,55,38,45
1,<environment.Job instance at 0x7ff3cfb80500>,16,26,[8 2],17,48,74,31,45
1,<environment.Job instance at 0x7ff3cfb800f0>,17,26,[5 7],18,55,81,37,52
1,<environment.Job instance at 0x7f3bdbd9f050>,4,24,[ 3 11],5,5,29,0,5
1,<environment.Job instance at 0x7f3bd4990690>,8,24,[ 2 10],9,29,53,20,24
1,<environment.Job instance at 0x7f3bd49906e0>,11,1,[8 4],12,25,26,13,25
1,<environment.Job instance at 0x7f3bd49908c0>,14,21,[ 3 11],15,53,74,38,45
1,<environment.Job instance at 0x7f3bd4990be0>,19,21,[8 5],20,74,95,54,66
1,<environment.Job instance at 0x7f3bdbdc7780>,0,22,[5 6],1,1,23,0,1
1,<environment.Job instance at 0x7f3bdbdc71e0>,3,27,[8 2],4,4,31,0,4
1,<environment.Job instance at 0x7f3bdbdc7b40>,7,19,[8 1],8,31,50,23,23
1,<environment.Job instance at 0x7f3bdbf0d820>,14,21,[ 1 10],15,23,44,8,23
1,<environment.Job instance at 0x7f3b90bdee60>,5,19,[1 5],6,6,25,0,6
1,<environment.Job instance at 0x7f3b90bde870>,6,25,[5 4],7,7,32,0,7
1,<environment.Job instance at 0x7f3b90bde280>,8,28,[7 1],9,9,37,0,9
1,<environment.Job instance at 0x7f3b90bde4b0>,11,24,[12  2],12,37,61,25,32
1,<environment.Job instance at 0x7f3b90bde0a0>,12,26,[ 3 11],13,32,58,19,32
1,<environment.Job instance at 0x7f3b90cbfdc0>,17,1,[ 5 12],18,61,62,43,56
1,<environment.Job instance at 0x7f3b90cbfa00>,18,24,[8 5],19,62,86,43,57
1,<environment.Job instance at 0x7f3b9a655230>,1,27,[6 5],2,2,29,0,2
1,<environment.Job instance at 0x7f3b911292d0>,3,2,[11  2],4,29,31,25,10
1,<environment.Job instance at 0x7f3b91129be0>,6,28,[14  3],7,7,35,0,7
1,<environment.Job instance at 0x7f3b9108f320>,7,24,[ 4 11],8,35,59,27,30
1,<environment.Job instance at 0x7f3b9104b230>,2,1,[ 5 14],3,59,60,56,54
1,<environment.Job instance at 0x7f3b9108f1e0>,8,3,[11  1],9,60,63,51,58
1,<environment.Job instance at 0x7f3b9108f4b0>,11,22,[ 1 10],12,60,82,48,58
1,<environment.Job instance at 0x7f3bd4772780>,0,24,[ 5 11],1,1,25,0,1
1,<environment.Job instance at 0x7f3b9108f550>,2,27,[4 6],3,25,52,22,23
1,<environment.Job instance at 0x7f3bdbb54f50>,1,20,[7 4],2,2,22,0,2
1,<environment.Job instance at 0x7f3bdb1f85a0>,2,23,[2 8],3,3,26,0,3
1,<environment.Job instance at 0x7f3bdb76e640>,8,25,[6 1],9,9,34,0,9
1,<environment.Job instance at 0x7f3bd4ccc280>,1,22,[6 4],2,2,24,0,2
1,<environment.Job instance at 0x7f3bd4c2b500>,2,28,[12  4],3,24,52,21,23
1,<environment.Job instance at 0x7f3b910dae10>,7,28,[7 5],8,52,80,44,51
1,<environment.Job instance at 0x7f3bdb76ee60>,3,1,[11  1],4,80,81,76,52
1,<environment.Job instance at 0x7f3bdbdc5a50>,2,27,[14  3],3,3,30,0,3
1,<environment.Job instance at 0x7f3bdbdc5910>,5,25,[4 9],6,30,55,24,26
1,<environment.Job instance at 0x7f3bdb21e9b0>,15,28,[5 5],16,43,71,27,43
1,<environment.Job instance at 0x7f3bd4c1eaf0>,3,21,[10  4],4,4,25,0,4
1,<environment.Job instance at 0x7f3b90f97a00>,15,2,[2 9],16,21,23,5,21
1,<environment.Job instance at 0x7f3bd4d2ff50>,16,2,[13  3],17,26,28,9,26
1,<environment.Job instance at 0x7f3bd4d2fd20>,17,1,[8 1],18,28,29,10,26
1,<environment.Job instance at 0x7f3bdb762320>,22,20,[4 5],23,68,88,45,68
1,<environment.Job instance at 0x7f3bdb53d460>,23,23,[6 5],24,68,91,44,68
1,<environment.Job instance at 0x7f3b9109caf0>,1,27,[9 3],2,2,29,0,2
1,<environment.Job instance at 0x7f3b90a750f0>,4,2,[ 2 13],5,29,31,24,8
1,<environment.Job instance at 0x7f3b90a75140>,5,26,[ 3 14],6,31,57,25,28
1,<environment.Job instance at 0x7f3b90a75dc0>,9,25,[8 4],10,57,82,47,53
1,<environment.Job instance at 0x7f3b90d69230>,15,3,[14  5],16,82,85,66,58
1,<environment.Job instance at 0x7f3b90f76050>,2,24,[9 5],3,3,27,0,3
1,<environment.Job instance at 0x7f3b90e84a00>,11,27,[ 2 11],12,27,54,15,25
1,<environment.Job instance at 0x7f3b9109f140>,1,19,[ 4 11],2,54,73,52,44
1,<environment.Job instance at 0x7f3b90e88190>,16,26,[9 2],17,46,72,29,46
1,<environment.Job instance at 0x7f3bd4afb780>,2,28,[3 8],3,3,31,0,3
1,<environment.Job instance at 0x7f3bd49720f0>,10,21,[11  1],11,13,34,2,13
1,<environment.Job instance at 0x7f3bd4972eb0>,12,24,[8 3],13,34,58,21,29
1,<environment.Job instance at 0x7f3bd4972dc0>,14,23,[ 5 10],15,34,57,19,30
1,<environment.Job instance at 0x7f3bd4972a50>,15,25,[ 2 14],16,58,83,42,54
1,<environment.Job instance at 0x7f3b90d7abe0>,0,24,[1 6],1,1,25,0,1
1,<environment.Job instance at 0x7f3bd4972a50>,2,24,[5 8],3,3,27,0,3
1,<environment.Job instance at 0x7f3b90fd46e0>,7,21,[4 9],8,27,48,19,19
1,<environment.Job instance at 0x7f3b90e88870>,4,22,[7 2],5,25,47,20,22
1,<environment.Job instance at 0x7f3b90fd4b40>,11,23,[8 4],12,47,70,35,41
1,<environment.Job instance at 0x7f3b90fd40a0>,13,20,[5 7],14,48,68,34,41
1,<environment.Job instance at 0x7f3b90fd4050>,9,21,[ 4 11],10,68,89,58,60
1,<environment.Job instance at 0x7f3b90a7dd70>,19,25,[8 3],20,70,95,50,66
1,<environment.Job instance at 0x7f3b90a65f00>,4,26,[ 4 10],5,5,31,0,5
1,<environment.Job instance at 0x7f3bd4d0da00>,8,25,[5 5],9,9,34,0,9
1,<environment.Job instance at 0x7f3bd4d0daa0>,9,26,[2 9],10,31,57,21,28
1,<environment.Job instance at 0x7f3bd4d0dc80>,10,22,[5 3],11,34,56,23,28
1,<environment.Job instance at 0x7f3bd4d0ddc0>,12,27,[10  3],13,56,83,43,54
1,<environment.Job instance at 0x7f3bd4d0de60>,13,1,[ 1 11],14,67,68,53,67
1,<environment.Job instance at 0x7f3bd4d0dfa0>,15,22,[ 2 11],16,68,90,52,67
1,<environment.Job instance at 0x7f3bd4d97280>,0,25,[5 8],1,1,26,0,1
1,<environment.Job instance at 0x7f3bd4db05f0>,8,24,[11  3],9,26,50,17,21
1,<environment.Job instance at 0x7f3bdb76fb90>,12,25,[1 8],13,31,56,18,31
1,<environment.Job instance at 0x7f3bdb76f2d0>,10,26,[ 1 12],11,56,82,45,53
1,<environment.Job instance at 0x7f3b9106a410>,1,23,[3 6],2,2,25,0,2
1,<environment.Job instance at 0x7f3b90ec3be0>,4,23,[2 6],5,5,28,0,5
1,<environment.Job instance at 0x7f3b90d97230>,8,24,[9 2],9,9,33,0,9
1,<environment.Job instance at 0x7f3bdb3a7c80>,7,22,[6 5],8,28,50,20,21
1,<environment.Job instance at 0x7f3bd4a77050>,13,2,[12  2],14,50,52,36,30
1,<environment.Job instance at 0x7f3bdb2625a0>,2,28,[13  5],3,3,31,0,3
1,<environment.Job instance at 0x7f3bd4a77910>,3,27,[6 1],4,31,58,27,29
1,<environment.Job instance at 0x7f3bdb362050>,7,19,[ 5 10],8,31,50,23,29
1,<environment.Job instance at 0x7f3bdb769a50>,9,24,[14  3],10,58,82,48,53
1,<environment.Job instance at 0x7f3b910095a0>,2,25,[8 5],3,3,28,0,3
1,<environment.Job instance at 0x7f3b91009870>,4,24,[13  5],5,28,52,23,23
1,<environment.Job instance at 0x7f3b91009690>,3,2,[14  3],4,52,54,48,27
1,<environment.Job instance at 0x7f3b91009780>,8,27,[ 3 10],9,54,81,45,52
1,<environment.Job instance at 0x7f3b91009b90>,9,19,[8 3],10,55,74,45,55
1,<environment.Job instance at 0x7f3b910da4b0>,9,3,[2 7],10,10,13,0,10
1,<environment.Job instance at 0x7f3b90ec8640>,11,21,[10  5],12,23,44,11,23
1,<environment.Job instance at 0x7f3b90e136e0>,16,28,[ 1 14],17,59,87,42,59
1,<environment.Job instance at 0x7f347d17b280>,4,24,[ 3 11],5,5,29,0,5
1,<environment.Job instance at 0x7f34825cf4b0>,6,19,[1 7],7,29,48,22,19
1,<environment.Job instance at 0x7f347d17b550>,8,24,[ 2 10],9,48,72,39,43
1,<environment.Job instance at 0x7f347d17b780>,11,1,[8 4],12,43,44,31,43
1,<environment.Job instance at 0x7f347d17b960>,14,21,[ 3 11],15,72,93,57,64
1,<environment.Job instance at 0x7f34825b2410>,0,19,[8 4],1,1,20,0,1
1,<environment.Job instance at 0x7f34826f2d20>,4,21,[ 1 10],5,5,26,0,5
1,<environment.Job instance at 0x7f3482705870>,3,20,[14  2],4,24,44,20,24
1,<environment.Job instance at 0x7f343753a910>,0,24,[11  3],1,1,25,0,1
1,<environment.Job instance at 0x7f34375163c0>,4,28,[13  3],5,25,53,20,24
1,<environment.Job instance at 0x7f343753a3c0>,1,22,[5 8],2,53,75,51,46
1,<environment.Job instance at 0x7f3437516640>,8,24,[ 5 11],9,75,99,66,70
1,<environment.Job instance at 0x7f34375167d0>,9,21,[6 4],10,70,91,60,70
1,<environment.Job instance at 0x7f3437548a50>,1,25,[5 1],2,2,27,0,2
1,<environment.Job instance at 0x7f3437873780>,5,24,[9 3],6,6,30,0,6
1,<environment.Job instance at 0x7f3437873730>,8,24,[ 2 13],9,30,54,21,25
1,<environment.Job instance at 0x7f3437873af0>,9,3,[ 2 14],10,54,57,44,31
1,<environment.Job instance at 0x7f3437873cd0>,12,22,[4 8],13,57,79,44,50
1,<environment.Job instance at 0x7f3437873e60>,15,24,[6 1],16,51,75,35,51
1,<environment.Job instance at 0x7f3437873fa0>,18,19,[ 5 13],19,79,98,60,70
1,<environment.Job instance at 0x7f3437a25f50>,3,26,[12  3],4,4,30,0,4
1,<environment.Job instance at 0x7f3437a250f0>,7,28,[1 9],8,8,36,0,8
1,<environment.Job instance at 0x7f347d326e60>,18,25,[9 1],19,59,84,40,59
1,<environment.Job instance at 0x7f347d326e10>,21,20,[7 4],22,84,104,62,75
1,<environment.Job instance at 0x7f347d3260f0>,22,23,[2 8],23,75,98,52,75
1,<environment.Job instance at 0x7f347d175050>,0,21,[5 6],1,1,22,0,1
1,<environment.Job instance at 0x7f347d1752d0>,3,23,[10  3],4,4,27,0,4
1,<environment.Job instance at 0x7f347d175460>,5,26,[14  5],6,27,53,21,24
1,<environment.Job instance at 0x7f347d175be0>,4,24,[4 8],5,53,77,48,48
1,<environment.Job instance at 0x7f347d2aeaa0>,6,1,[8 1],7,53,54,46,48
1,<environment.Job instance at 0x7f34375fe5a0>,11,22,[6 4],12,54,76,42,48
1,<environment.Job instance at 0x7f34375fe550>,12,28,[12  4],13,77,105,64,76
1,<environment.Job instance at 0x7f347d2ae640>,2,27,[14  3],3,3,30,0,3
1,<environment.Job instance at 0x7f347d2963c0>,5,25,[4 9],6,30,55,24,26
1,<environment.Job instance at 0x7f34377d0d70>,15,28,[5 5],16,40,68,24,40
1,<environment.Job instance at 0x7f34372f6af0>,16,19,[ 1 12],17,68,87,51,58
1,<environment.Job instance at 0x7f34372f6dc0>,17,24,[10  2],18,58,82,40,58
1,<environment.Job instance at 0x7f34372f6fa0>,18,2,[ 4 13],19,87,89,68,78
1,<environment.Job instance at 0x7f34372f6780>,19,19,[ 5 10],20,89,108,69,79
1,<environment.Job instance at 0x7f347f82baf0>,6,2,[13  3],7,14,16,7,14
1,<environment.Job instance at 0x7f343781f2d0>,12,20,[4 5],13,17,37,4,17
1,<environment.Job instance at 0x7f343781faa0>,13,23,[6 5],14,17,40,3,17
1,<environment.Job instance at 0x7f343781fb40>,16,27,[4 6],17,37,64,20,37
1,<environment.Job instance at 0x7f343781f500>,17,1,[4 9],18,40,41,22,37
1,<environment.Job instance at 0x7f343781f460>,15,2,[ 5 13],16,64,66,48,39
1,<environment.Job instance at 0x7f343781fbe0>,19,21,[9 2],20,41,62,21,39
1,<environment.Job instance at 0x7f343781f6e0>,20,22,[ 3 12],21,66,88,45,59
1,<environment.Job instance at 0x7f343781f870>,22,22,[9 1],23,62,84,39,59
1,<environment.Job instance at 0x7f347fcca640>,2,26,[1 6],3,3,29,0,3
1,<environment.Job instance at 0x7f347fcca5a0>,3,23,[5 5],4,4,27,0,4
1,<environment.Job instance at 0x7f343798fbe0>,11,22,[5 4],12,12,34,0,12
1,<environment.Job instance at 0x7f343798ff50>,12,26,[10  5],13,29,55,16,26
1,<environment.Job instance at 0x7f34377ea1e0>,13,27,[10  3],14,55,82,41,53
1,<environment.Job instance at 0x7f347fc063c0>,15,28,[1 7],16,53,81,37,53
1,<environment.Job instance at 0x7f3437a2daf0>,16,25,[6 4],17,82,107,65,78
1,<environment.Job instance at 0x7f34377948c0>,20,26,[3 6],21,81,107,60,78
1,<environment.Job instance at 0x7f347d4a1b40>,1,26,[13  1],2,2,28,0,2
1,<environment.Job instance at 0x7f34372598c0>,6,25,[3 9],7,28,53,21,24
1,<environment.Job instance at 0x7f3437650280>,15,19,[4 5],16,48,67,32,48
1,<environment.Job instance at 0x7f347f7fc730>,20,1,[5 8],21,70,71,49,70
1,<environment.Job instance at 0x7f347d13afa0>,5,21,[10  5],6,6,27,0,6
1,<environment.Job instance at 0x7f347d13af00>,7,26,[5 5],8,8,34,0,8
1,<environment.Job instance at 0x7f347d139190>,9,23,[7 1],10,27,50,17,21
1,<environment.Job instance at 0x7f347d1395f0>,12,25,[6 3],13,34,59,21,30
1,<environment.Job instance at 0x7f347d1395a0>,13,23,[7 4],14,50,73,36,44
1,<environment.Job instance at 0x7f347d139780>,16,28,[5 4],17,59,87,42,58
1,<environment.Job instance at 0x7f347d139820>,17,2,[3 8],18,73,75,55,58
1,<environment.Job instance at 0x7f347d1398c0>,18,27,[6 3],19,73,100,54,71
1,<environment.Job instance at 0x7f347d139960>,19,2,[14  3],20,100,102,80,75
1,<environment.Job instance at 0x7f34372e7820>,0,27,[ 2 10],1,1,28,0,1
1,<environment.Job instance at 0x7f34372e7230>,5,28,[ 2 14],6,28,56,22,27
1,<environment.Job instance at 0x7f34372e7d20>,7,22,[8 3],8,56,78,48,49
1,<environment.Job instance at 0x7f34372e7e60>,9,21,[ 1 11],10,56,77,46,52
1,<environment.Job instance at 0x7f347cff3960>,13,21,[8 3],14,78,99,64,70
1,<environment.Job instance at 0x7f347cff3370>,15,26,[2 9],16,77,103,61,77
1,<environment.Job instance at 0x7f347f960eb0>,3,26,[ 2 11],4,4,30,0,4
1,<environment.Job instance at 0x7f34379a7730>,1,23,[3 6],2,2,25,0,2
1,<environment.Job instance at 0x7f3437b1fd70>,4,23,[2 6],5,5,28,0,5
1,<environment.Job instance at 0x7f3437b1ff00>,8,24,[9 2],9,17,41,8,17
1,<environment.Job instance at 0x7f3437b1feb0>,7,22,[6 5],8,28,50,20,21
1,<environment.Job instance at 0x7f3437b04500>,13,2,[12  2],14,50,52,36,41
1,<environment.Job instance at 0x7f3437b38d70>,1,24,[10  2],2,2,26,0,2
1,<environment.Job instance at 0x7f347cf79690>,7,21,[12  1],8,34,55,26,34
1,<environment.Job instance at 0x7f347cf795a0>,3,3,[ 2 14],4,66,69,62,66
1,<environment.Job instance at 0x7f347cf790a0>,9,26,[1 9],10,69,95,59,66
1,<environment.Job instance at 0x7f347fbada00>,12,26,[13  5],13,69,95,56,67
1,<environment.Job instance at 0x7f347cf3e870>,0,19,[6 4],1,1,20,0,1
1,<environment.Job instance at 0x7f347d63d550>,8,22,[6 4],9,9,31,0,9
1,<environment.Job instance at 0x7f34826fe6e0>,12,23,[12  3],13,31,54,18,25
1,<environment.Job instance at 0x7f34826fea50>,13,28,[4 7],14,54,82,40,53
1,<environment.Job instance at 0x7f347d570460>,17,24,[1 7],18,54,78,36,54
1,<environment.Job instance at 0x7f34374df550>,21,23,[13  4],22,82,105,60,76
1,<environment.Job instance at 0x7f3437825f00>,23,26,[1 9],24,82,108,58,79
1,<environment.Job instance at 0x7f347d444910>,1,27,[3 9],2,2,29,0,2
1,<environment.Job instance at 0x7f347cfb24b0>,2,28,[3 8],3,29,57,26,28
1,<environment.Job instance at 0x7f34372a25a0>,3,23,[ 5 10],4,57,80,53,51
1,<environment.Job instance at 0x7f347f8c1050>,6,1,[ 4 13],7,80,81,73,52
1,<environment.Job instance at 0x7f347f8c17d0>,9,1,[ 1 14],10,81,82,71,53
1,<environment.Job instance at 0x7f347f81cc30>,5,20,[ 4 10],6,6,26,0,6
1,<environment.Job instance at 0x7f347f81c6e0>,0,19,[ 4 11],1,26,45,25,23
1,<environment.Job instance at 0x7f347f81c050>,11,24,[ 4 11],12,45,69,33,40
1,<environment.Job instance at 0x7f347f81ccd0>,12,24,[4 8],13,69,93,56,64
1,<environment.Job instance at 0x7f347f81c370>,13,21,[9 5],14,69,90,55,64
1,<environment.Job instance at 0x7f34374c6b40>,3,23,[4 5],4,4,27,0,4
1,<environment.Job instance at 0x7f34374c68c0>,6,22,[ 2 12],7,27,49,20,20
1,<environment.Job instance at 0x7f347f806c30>,8,28,[11  4],9,49,77,40,48
1,<environment.Job instance at 0x7f347d3b5e10>,11,22,[2 7],12,49,71,37,49
1,<environment.Job instance at 0x7f34378207d0>,15,28,[1 7],16,71,99,55,70
1,<environment.Job instance at 0x7f20dbe1e2d0>,4,24,[ 3 11],5,5,29,0,5
1,<environment.Job instance at 0x7f20dbe1e640>,8,24,[ 2 10],9,29,53,20,24
1,<environment.Job instance at 0x7f20dbe1e730>,11,1,[8 4],12,24,25,12,24
1,<environment.Job instance at 0x7f20dbe1e8c0>,14,21,[ 3 11],15,53,74,38,45
1,<environment.Job instance at 0x7f20dbe1ebe0>,19,21,[8 5],20,74,95,54,66
1,<environment.Job instance at 0x7f20dbe1ec80>,20,21,[13  5],21,95,116,74,87
1,<environment.Job instance at 0x7f20dbe1ee10>,3,27,[12  1],4,4,31,0,4
1,<environment.Job instance at 0x7f20e3395d20>,4,22,[5 8],5,31,53,26,24
1,<environment.Job instance at 0x7f20dbe1ec80>,5,24,[2 5],6,24,48,18,24
1,<environment.Job instance at 0x7f20e3395be0>,10,22,[2 8],11,53,75,42,46
1,<environment.Job instance at 0x7f20e3256690>,19,27,[5 8],20,79,106,59,79
1,<environment.Job instance at 0x7f2098218d20>,3,23,[ 2 14],4,5,28,1,5
1,<environment.Job instance at 0x7f20981f1af0>,8,28,[4 7],9,28,56,19,27
1,<environment.Job instance at 0x7f20981f1140>,9,26,[3 6],10,28,54,18,27
1,<environment.Job instance at 0x7f20981f1eb0>,7,22,[1 7],8,54,76,46,47
1,<environment.Job instance at 0x7f20981f10f0>,13,2,[ 1 10],14,76,78,62,51
1,<environment.Job instance at 0x7f20981f1460>,14,2,[ 1 11],15,78,80,63,51
1,<environment.Job instance at 0x7f20981f12d0>,17,3,[5 4],18,59,62,41,59
1,<environment.Job instance at 0x7f20981f1dc0>,1,22,[6 1],2,2,24,0,2
1,<environment.Job instance at 0x7f20981f1b40>,3,21,[5 1],4,4,25,0,4
1,<environment.Job instance at 0x7f20985ba1e0>,7,20,[3 7],8,8,28,0,8
1,<environment.Job instance at 0x7f20985baaf0>,9,20,[14  3],10,28,48,18,21
1,<environment.Job instance at 0x7f20985bafa0>,8,27,[ 3 13],9,48,75,39,46
1,<environment.Job instance at 0x7f209852ebe0>,5,20,[5 5],6,75,95,69,66
1,<environment.Job instance at 0x7f20985ba190>,12,1,[ 5 14],13,95,96,82,67
1,<environment.Job instance at 0x7f20985baf50>,10,3,[5 4],11,75,78,64,67
1,<environment.Job instance at 0x7f20981eb6e0>,14,2,[10  1],15,67,69,52,67
1,<environment.Job instance at 0x7f20984ca370>,2,22,[1 6],3,3,25,0,3
1,<environment.Job instance at 0x7f20981ebd70>,3,27,[5 1],4,4,31,0,4
1,<environment.Job instance at 0x7f20985badc0>,5,26,[5 4],6,9,35,3,9
1,<environment.Job instance at 0x7f20984ca230>,4,25,[10  4],5,31,56,26,27
1,<environment.Job instance at 0x7f209850cb90>,10,26,[ 2 11],11,35,61,24,32
1,<environment.Job instance at 0x7f209850f500>,16,24,[3 6],17,61,85,44,56
1,<environment.Job instance at 0x7f209850f5a0>,17,20,[8 5],18,61,81,43,56
1,<environment.Job instance at 0x7f209850f640>,18,26,[7 4],19,81,107,62,78
1,<environment.Job instance at 0x7f20dc2392d0>,3,27,[ 3 14],4,4,31,0,4
1,<environment.Job instance at 0x7f20dc239230>,7,28,[13  5],8,31,59,23,30
1,<environment.Job instance at 0x7f209850f870>,6,28,[5 2],7,59,87,52,58
1,<environment.Job instance at 0x7f20dc239c30>,9,19,[6 4],10,59,78,49,58
1,<environment.Job instance at 0x7f20dc2391e0>,10,22,[5 6],11,78,100,67,71
1,<environment.Job instance at 0x7f20de71e7d0>,3,21,[4 9],4,4,25,0,4
1,<environment.Job instance at 0x7f20de94d190>,10,28,[9 5],11,11,39,0,11
1,<environment.Job instance at 0x7f20985f3550>,12,26,[9 3],13,39,65,26,36
1,<environment.Job instance at 0x7f20de4e75f0>,15,22,[ 1 13],16,65,87,49,58
1,<environment.Job instance at 0x7f20dc16c7d0>,3,21,[10  4],4,4,25,0,4
1,<environment.Job instance at 0x7f2097fca8c0>,9,2,[8 4],10,25,27,15,14
1,<environment.Job instance at 0x7f2097fcaa50>,12,2,[7 2],13,25,27,12,15
1,<environment.Job instance at 0x7f2097fcaeb0>,16,2,[13  3],17,27,29,10,22
1,<environment.Job instance at 0x7f2097fc4460>,22,20,[4 5],23,50,70,27,50
1,<environment.Job instance at 0x7f2097fc4640>,23,23,[6 5],24,50,73,26,50
1,<environment.Job instance at 0x7f2097fc46e0>,25,2,[ 5 13],26,73,75,47,69
1,<environment.Job instance at 0x7f2097fc4780>,26,27,[4 6],27,75,102,48,73
1,<environment.Job instance at 0x7f2097fc4820>,27,1,[4 9],28,75,76,47,73
1,<environment.Job instance at 0x7f2097fc4960>,29,21,[9 2],30,76,97,46,73
1,<environment.Job instance at 0x7f2097fc4910>,2,26,[1 6],3,3,29,0,3
1,<environment.Job instance at 0x7f20981031e0>,3,23,[5 5],4,4,27,0,4
1,<environment.Job instance at 0x7f20dea9abe0>,11,22,[5 4],12,12,34,0,12
1,<environment.Job instance at 0x7f20dea9ad20>,12,26,[10  5],13,29,55,16,26
1,<environment.Job instance at 0x7f20dea9aaa0>,13,27,[10  3],14,55,82,41,53
1,<environment.Job instance at 0x7f2098423820>,15,28,[1 7],16,53,81,37,53
1,<environment.Job instance at 0x7f2098423fa0>,16,25,[6 4],17,82,107,65,78
1,<environment.Job instance at 0x7f20de3a1af0>,20,26,[3 6],21,81,107,60,79
1,<environment.Job instance at 0x7f209874e280>,5,19,[4 5],6,6,25,0,6
1,<environment.Job instance at 0x7f20dc120b40>,10,1,[5 8],11,13,14,2,13
1,<environment.Job instance at 0x7f20dc1f70a0>,12,2,[9 3],13,14,16,1,14
1,<environment.Job instance at 0x7f20dc1f7a50>,15,23,[9 4],16,29,52,13,29
1,<environment.Job instance at 0x7f209838fc80>,16,21,[8 2],17,52,73,35,44
1,<environment.Job instance at 0x7f209838f2d0>,17,21,[ 5 13],18,52,73,34,44
1,<environment.Job instance at 0x7f209864adc0>,22,28,[10  3],23,73,101,50,72
1,<environment.Job instance at 0x7f20de577280>,0,25,[14  5],1,1,26,0,1
1,<environment.Job instance at 0x7f209864adc0>,2,28,[7 1],3,26,54,23,25
1,<environment.Job instance at 0x7f20dc1c7aa0>,6,26,[3 8],7,26,52,19,25
1,<environment.Job instance at 0x7f20dc1c7b90>,7,26,[10  5],8,54,80,46,51
1,<environment.Job instance at 0x7f20dbc66690>,1,2,[ 2 12],2,80,82,78,67
1,<environment.Job instance at 0x7f20dc1c7d70>,10,24,[1 6],11,82,106,71,77
1,<environment.Job instance at 0x7f20dc1c7eb0>,12,24,[5 8],13,82,106,69,77
1,<environment.Job instance at 0x7f20dbba1460>,0,22,[5 3],1,1,23,0,1
1,<environment.Job instance at 0x7f20dc1bd140>,2,27,[10  3],3,3,30,0,3
1,<environment.Job instance at 0x7f20dc06bdc0>,6,23,[8 4],7,30,53,23,24
1,<environment.Job instance at 0x7f20dc06b280>,5,22,[ 2 11],6,24,46,18,24
1,<environment.Job instance at 0x7f20dc06bd20>,8,28,[ 4 10],9,46,74,37,45
1,<environment.Job instance at 0x7f20dc06be10>,11,24,[2 6],12,74,98,62,69
1,<environment.Job instance at 0x7f20dc06b780>,3,1,[ 1 11],4,98,99,94,70
1,<environment.Job instance at 0x7f20de851730>,7,1,[4 5],8,8,9,0,8
1,<environment.Job instance at 0x7f20de851b90>,8,21,[8 1],9,9,30,0,9
1,<environment.Job instance at 0x7f20dc06beb0>,10,21,[9 1],11,30,51,19,22
1,<environment.Job instance at 0x7f20de8510f0>,12,28,[9 4],13,51,79,38,50
1,<environment.Job instance at 0x7f20de851c30>,15,24,[8 4],16,79,103,63,74
1,<environment.Job instance at 0x7f20dc21daf0>,18,22,[5 5],19,74,96,55,74
1,<environment.Job instance at 0x7f20986cc140>,0,21,[ 4 13],1,1,22,0,1
1,<environment.Job instance at 0x7f20dc21d550>,3,27,[13  3],4,22,49,18,20
1,<environment.Job instance at 0x7f2098727e60>,7,27,[11  2],8,49,76,41,47
1,<environment.Job instance at 0x7f20986cca00>,4,24,[3 9],5,49,73,44,47
1,<environment.Job instance at 0x7f20de742b90>,10,22,[ 3 14],11,76,98,65,70
1,<environment.Job instance at 0x7f20de49d820>,0,19,[3 8],1,2,21,1,2
1,<environment.Job instance at 0x7f2098740eb0>,2,25,[8 5],3,3,28,0,3
1,<environment.Job instance at 0x7f2098068500>,4,24,[13  5],5,28,52,23,23
1,<environment.Job instance at 0x7f20dbcfedc0>,8,27,[ 3 10],9,52,79,43,50
1,<environment.Job instance at 0x7f2098068320>,3,2,[14  3],4,79,81,75,52
1,<environment.Job instance at 0x7f2097e9c410>,0,20,[4 8],1,1,21,0,1
1,<environment.Job instance at 0x7f2097e9ce60>,2,27,[2 9],3,21,48,18,19
1,<environment.Job instance at 0x7f2097e9c640>,7,23,[10  1],8,19,42,11,19
1,<environment.Job instance at 0x7f2097e9c320>,11,27,[3 9],12,48,75,36,46
1,<environment.Job instance at 0x7f2097e9cd70>,12,28,[3 8],13,75,103,62,74
1,<environment.Job instance at 0x7f2097e9cd70>,5,20,[ 4 10],6,6,26,0,6
1,<environment.Job instance at 0x7f2097e69910>,0,19,[ 4 11],1,26,45,25,23
1,<environment.Job instance at 0x7f20de906410>,11,24,[ 4 11],12,45,69,33,40
1,<environment.Job instance at 0x7f20de8e7190>,12,24,[4 8],13,69,93,56,64
1,<environment.Job instance at 0x7f20de8e7050>,13,21,[9 5],14,69,90,55,64
1,<environment.Job instance at 0x7f20de8e74b0>,14,25,[5 4],15,90,115,75,86
1,<environment.Job instance at 0x7f20981de500>,1,22,[2 7],2,2,24,0,2
1,<environment.Job instance at 0x7f20de717730>,5,28,[1 7],6,6,34,0,6
1,<environment.Job instance at 0x7f20deab4140>,12,27,[8 5],13,24,51,11,22
1,<environment.Job instance at 0x7f20deae55f0>,14,25,[ 1 12],15,51,76,36,47
1,<environment.Job instance at 0x7f20deae59b0>,17,20,[14  5],18,76,96,58,68
1,<environment.Job instance at 0x7f20dbc64730>,2,24,[8 5],3,3,27,0,3
1,<environment.Job instance at 0x7f2097dfca00>,3,3,[14  5],4,27,30,23,16
1,<environment.Job instance at 0x7f20e2faef00>,8,26,[ 3 14],9,30,56,21,27
1,<environment.Job instance at 0x7f20dbbba9b0>,9,21,[9 3],10,56,77,46,48
1,<environment.Job instance at 0x7f20de3a95a0>,16,20,[4 7],17,62,82,45,62
1,<environment.Job instance at 0x7f20985bfe10>,22,2,[10  2],23,87,89,64,87
1,<environment.Job instance at 0x7f20de431690>,1,20,[ 4 14],2,2,22,0,2
1,<environment.Job instance at 0x7f20dc2eca00>,10,24,[7 1],11,11,35,0,11
1,<environment.Job instance at 0x7f2097dac140>,4,25,[ 5 12],5,22,47,17,18
1,<environment.Job instance at 0x7f20dc2ecbe0>,17,25,[8 1],18,35,60,17,34
1,<environment.Job instance at 0x7f20dc2ece60>,18,18,[ 1 10],19,48,66,29,48
1,<environment.Job instance at 0x7f20dc2ec690>,20,21,[7 4],21,60,81,39,52
1,<environment.Job instance at 0x7f20dc2ec2d0>,22,25,[4 5],23,66,91,43,62
1,<environment.Job instance at 0x7f20dc2ec460>,23,25,[10  3],24,81,106,57,77
1,<environment.Job instance at 0x7f8d69c4cf00>,4,24,[ 3 11],5,5,29,0,5
1,<environment.Job instance at 0x7f8d6283d410>,8,24,[ 2 10],9,29,53,20,24
1,<environment.Job instance at 0x7f8d6283d8c0>,14,21,[ 3 11],15,53,74,38,45
1,<environment.Job instance at 0x7f8d6283dbe0>,19,21,[8 5],20,74,95,54,66
1,<environment.Job instance at 0x7f8d6283dc80>,20,21,[13  5],21,95,116,74,87
1,<environment.Job instance at 0x7f8d69dc3280>,0,22,[2 8],1,1,23,0,1
1,<environment.Job instance at 0x7f8d69db9820>,9,27,[5 8],10,23,50,13,21
1,<environment.Job instance at 0x7f8d69c74eb0>,14,28,[7 4],15,37,65,22,37
1,<environment.Job instance at 0x7f8d69db4780>,21,21,[2 7],22,69,90,47,69
1,<environment.Job instance at 0x7f8d69db46e0>,23,24,[5 6],24,69,93,45,69
1,<environment.Job instance at 0x7f8d1eb74370>,0,23,[5 8],1,1,24,0,1
1,<environment.Job instance at 0x7f8d1eb060a0>,4,28,[3 8],5,24,52,19,23
1,<environment.Job instance at 0x7f8d1eb06640>,5,24,[12  1],6,24,48,18,23
1,<environment.Job instance at 0x7f8d69dc70a0>,1,21,[ 4 11],2,52,73,50,44
1,<environment.Job instance at 0x7f8d1eb06370>,11,27,[6 5],12,73,100,61,71
1,<environment.Job instance at 0x7f8d1eb067d0>,13,2,[11  2],14,100,102,86,97
1,<environment.Job instance at 0x7f8d66e1b5f0>,0,1,[11  3],1,2,3,1,2
1,<environment.Job instance at 0x7f8d62b7e370>,5,24,[8 2],6,6,30,0,6
1,<environment.Job instance at 0x7f8d62b7e960>,8,22,[9 3],9,30,52,21,23
1,<environment.Job instance at 0x7f8d62ac6aa0>,11,25,[10  5],12,52,77,40,48
1,<environment.Job instance at 0x7f8d62ac6a50>,10,26,[4 7],11,48,74,37,48
1,<environment.Job instance at 0x7f8d66d7ac80>,16,20,[ 3 11],17,77,97,60,68
1,<environment.Job instance at 0x7f8d66d7a9b0>,21,25,[5 1],22,74,99,52,70
1,<environment.Job instance at 0x7f8d6295d320>,25,24,[9 3],26,97,121,71,92
1,<environment.Job instance at 0x7f8d1f00e8c0>,3,26,[12  3],4,4,30,0,4
1,<environment.Job instance at 0x7f8d1ee5dd70>,7,28,[1 9],8,8,36,0,8
1,<environment.Job instance at 0x7f8d1f00e230>,8,26,[7 3],9,30,56,21,27
1,<environment.Job instance at 0x7f8d626c9cd0>,18,25,[9 1],19,58,83,39,58
1,<environment.Job instance at 0x7f8d626c96e0>,19,3,[3 5],20,58,61,38,58
1,<environment.Job instance at 0x7f8d1ee561e0>,21,20,[7 4],22,83,103,61,74
1,<environment.Job instance at 0x7f8d1ee56780>,22,23,[2 8],23,74,97,51,74
1,<environment.Job instance at 0x7f8d6726ee10>,0,21,[9 1],1,1,22,0,1
1,<environment.Job instance at 0x7f8d6726e0f0>,3,24,[1 9],4,4,28,0,4
1,<environment.Job instance at 0x7f8d6726e500>,4,25,[ 3 10],5,28,53,23,24
1,<environment.Job instance at 0x7f8d67353410>,10,28,[7 2],11,24,52,13,24
1,<environment.Job instance at 0x7f8d67353640>,12,25,[5 7],13,53,78,40,49
1,<environment.Job instance at 0x7f8d67353be0>,11,20,[8 3],12,52,72,40,49
1,<environment.Job instance at 0x7f8d673535f0>,15,21,[ 5 13],16,78,99,62,70
1,<environment.Job instance at 0x7f8d67353370>,19,22,[12  5],20,99,121,79,92
1,<environment.Job instance at 0x7f8d66e611e0>,0,26,[14  4],1,1,27,0,1
1,<environment.Job instance at 0x7f8d66fc31e0>,4,24,[9 2],5,27,51,22,22
1,<environment.Job instance at 0x7f8d628da690>,7,27,[2 7],8,27,54,19,25
1,<environment.Job instance at 0x7f8d66f5ac30>,10,22,[1 8],11,51,73,40,44
1,<environment.Job instance at 0x7f8d628e59b0>,11,28,[ 3 12],12,73,101,61,72
1,<environment.Job instance at 0x7f8d628e5320>,12,24,[ 4 10],13,101,125,88,96
1,<environment.Job instance at 0x7f8d628e5500>,13,25,[11  2],14,96,121,82,96
1,<environment.Job instance at 0x7f8d62ab28c0>,1,27,[9 3],2,2,29,0,2
1,<environment.Job instance at 0x7f8d628e5730>,4,2,[ 2 13],5,29,31,24,10
1,<environment.Job instance at 0x7f8d1f1bb4b0>,5,26,[ 3 14],6,31,57,25,28
1,<environment.Job instance at 0x7f8d1f1bbf00>,9,25,[8 4],10,57,82,47,53
1,<environment.Job instance at 0x7f8d1f1942d0>,15,3,[14  5],16,82,85,66,56
1,<environment.Job instance at 0x7f8d1f1944b0>,18,1,[8 1],19,85,86,66,72
1,<environment.Job instance at 0x7f8d1f194690>,21,2,[10  4],22,86,88,64,86
1,<environment.Job instance at 0x7f8d1f194730>,22,26,[1 6],23,86,112,63,86
1,<environment.Job instance at 0x7f8d1f1947d0>,23,23,[5 5],24,88,111,64,86
1,<environment.Job instance at 0x7f8d1f1946e0>,1,26,[13  1],2,2,28,0,2
1,<environment.Job instance at 0x7f8d673437d0>,6,25,[3 9],7,28,53,21,24
1,<environment.Job instance at 0x7f8d66faef50>,13,18,[1 5],14,35,53,21,35
1,<environment.Job instance at 0x7f8d66edd190>,15,19,[4 5],16,53,72,37,44
1,<environment.Job instance at 0x7f8d66edd280>,20,1,[5 8],21,71,72,50,71
1,<environment.Job instance at 0x7f8d66eddb90>,22,2,[9 3],23,92,94,69,92
1,<environment.Job instance at 0x7f8d66ed0640>,25,23,[9 4],26,96,119,70,96
1,<environment.Job instance at 0x7f8d670d6d20>,0,25,[14  5],1,1,26,0,1
1,<environment.Job instance at 0x7f8d66ed0640>,2,28,[7 1],3,26,54,23,25
1,<environment.Job instance at 0x7f8d670d6640>,6,26,[3 8],7,26,52,19,25
1,<environment.Job instance at 0x7f8d69c6de60>,7,26,[10  5],8,54,80,46,51
1,<environment.Job instance at 0x7f8d1f13ad20>,1,2,[ 2 12],2,80,82,78,58
1,<environment.Job instance at 0x7f8d626356e0>,10,24,[1 6],11,82,106,71,77
1,<environment.Job instance at 0x7f8d6268d5f0>,12,24,[5 8],13,82,106,69,77
1,<environment.Job instance at 0x7f8d6268da50>,14,22,[7 2],15,106,128,91,99
1,<environment.Job instance at 0x7f8d62831230>,13,20,[1 8],14,106,126,92,99
1,<environment.Job instance at 0x7f8d69b4fd70>,1,24,[2 6],2,2,26,0,2
1,<environment.Job instance at 0x7f8d627a9230>,5,27,[ 2 10],6,26,53,20,24
1,<environment.Job instance at 0x7f8d6293a5a0>,10,25,[9 2],11,30,55,19,30
1,<environment.Job instance at 0x7f8d6293a3c0>,7,1,[11  5],8,60,61,52,60
1,<environment.Job instance at 0x7f8d6293a6e0>,12,2,[ 5 13],13,64,66,51,64
1,<environment.Job instance at 0x7f8d6293aaa0>,18,24,[5 1],19,64,88,45,64
1,<environment.Job instance at 0x7f8d6293a960>,16,19,[ 3 10],17,73,92,56,73
1,<environment.Job instance at 0x7f8d6293ad20>,22,28,[ 2 10],23,92,120,69,91
1,<environment.Job instance at 0x7f8d6293d370>,1,26,[6 1],2,2,28,0,2
1,<environment.Job instance at 0x7f8d1ecc5c30>,4,20,[3 6],5,5,25,0,5
1,<environment.Job instance at 0x7f8d6293ad70>,2,3,[ 5 14],3,25,28,22,20
1,<environment.Job instance at 0x7f8d1eeff9b0>,9,2,[13  2],10,28,30,18,20
1,<environment.Job instance at 0x7f8d1eeff910>,11,25,[1 6],12,28,53,16,24
1,<environment.Job instance at 0x7f8d1eefffa0>,12,26,[5 5],13,30,56,17,27
1,<environment.Job instance at 0x7f8d627f4960>,15,22,[5 8],16,53,75,37,46
1,<environment.Job instance at 0x7f8d627f4e10>,21,23,[3 6],22,56,79,34,54
1,<environment.Job instance at 0x7f8d627f42d0>,24,23,[2 6],25,75,98,50,69
1,<environment.Job instance at 0x7f8d1ea25b90>,27,22,[6 5],28,79,101,51,72
1,<environment.Job instance at 0x7f8d1ea25a50>,28,24,[9 2],29,98,122,69,93
1,<environment.Job instance at 0x7f8d626f77d0>,1,24,[10  2],2,2,26,0,2
1,<environment.Job instance at 0x7f8d627b5be0>,3,3,[ 2 14],4,28,31,24,28
1,<environment.Job instance at 0x7f8d627b5550>,7,21,[12  1],8,28,49,20,28
1,<environment.Job instance at 0x7f8d627b56e0>,9,26,[1 9],10,31,57,21,28
1,<environment.Job instance at 0x7f8d627b5e60>,12,26,[13  5],13,49,75,36,46
1,<environment.Job instance at 0x7f8d627b5500>,13,25,[13  3],14,75,100,61,71
1,<environment.Job instance at 0x7f8d627b5cd0>,14,22,[ 5 10],15,100,122,85,93
1,<environment.Job instance at 0x7f8d67502370>,1,23,[13  4],2,2,25,0,2
1,<environment.Job instance at 0x7f8d1ee90e10>,5,22,[ 2 10],6,10,32,4,10
1,<environment.Job instance at 0x7f8d627b5730>,4,25,[5 4],5,25,50,20,21
1,<environment.Job instance at 0x7f8d1ee9a0f0>,10,19,[12  3],11,50,69,39,41
1,<environment.Job instance at 0x7f8d1ee9aa00>,2,21,[5 5],3,3,24,0,3
1,<environment.Job instance at 0x7f8d67189690>,5,25,[3 6],6,6,31,0,6
1,<environment.Job instance at 0x7f8d671893c0>,8,22,[8 3],9,24,46,15,17
1,<environment.Job instance at 0x7f8d1efbb6e0>,12,2,[12  3],13,46,48,33,27
1,<environment.Job instance at 0x7f8d6752cfa0>,15,19,[2 5],16,48,67,32,48
1,<environment.Job instance at 0x7f8d6752ceb0>,16,23,[2 5],17,48,71,31,48
1,<environment.Job instance at 0x7f8d6752c0a0>,18,20,[6 1],19,50,70,31,50
1,<environment.Job instance at 0x7f8d6752c0a0>,5,22,[3 6],6,6,28,0,6
1,<environment.Job instance at 0x7f8d1e7c4a50>,9,20,[11  5],10,10,30,0,10
1,<environment.Job instance at 0x7f8d1e7cd780>,12,19,[7 3],13,30,49,17,25
1,<environment.Job instance at 0x7f8d1e7c48c0>,13,27,[ 1 10],14,28,55,14,26
1,<environment.Job instance at 0x7f8d1e7cd050>,15,25,[ 5 11],16,55,80,39,51
1,<environment.Job instance at 0x7f8d1e7cdeb0>,18,20,[5 1],19,51,71,32,51
1,<environment.Job instance at 0x7f8d1e7cd0a0>,19,28,[6 3],20,71,99,51,70
1,<environment.Job instance at 0x7f8d1e7c4190>,2,19,[ 2 12],3,92,111,89,92
1,<environment.Job instance at 0x7f8d1eb78a00>,1,28,[9 4],2,2,30,0,2
1,<environment.Job instance at 0x7f8d1e8056e0>,2,28,[13  4],3,30,58,27,29
1,<environment.Job instance at 0x7f8d1e9d5e10>,12,21,[3 9],13,58,79,45,50
1,<environment.Job instance at 0x7f8d1e9e06e0>,15,23,[ 4 10],16,79,102,63,73
1,<environment.Job instance at 0x7f8d1e8ae820>,1,24,[6 3],2,2,26,0,2
1,<environment.Job instance at 0x7f8d629cb780>,2,28,[2 8],3,3,31,0,3
1,<environment.Job instance at 0x7f8d627ff690>,6,23,[ 3 11],7,31,54,24,25
1,<environment.Job instance at 0x7f8d67330460>,8,26,[9 3],9,26,52,17,25
1,<environment.Job instance at 0x7f8d67330c80>,5,20,[8 1],6,52,72,46,44
1,<environment.Job instance at 0x7f8d1ee597d0>,11,20,[ 4 14],12,54,74,42,54
1,<environment.Job instance at 0x7f8d1ee591e0>,14,25,[ 5 12],15,74,99,59,70
1,<environment.Job instance at 0x7f8d672a9820>,20,24,[7 1],21,72,96,51,72
1,<environment.Job instance at 0x7f8d6292a910>,21,20,[ 2 10],22,99,119,77,93
1,<environment.Job instance at 0x7f8d1ed10cd0>,1,22,[10  4],2,2,24,0,2
1,<environment.Job instance at 0x7f8d1e903910>,6,26,[14  4],7,24,50,17,21
1,<environment.Job instance at 0x7f8d1e903550>,8,23,[ 1 11],9,21,44,12,21
1,<environment.Job instance at 0x7f8d1e8c8820>,13,22,[4 8],14,50,72,36,43
1,<environment.Job instance at 0x7f8d1e8c8730>,16,22,[4 7],17,50,72,33,43
1,<environment.Job instance at 0x7f8d1e8c86e0>,18,22,[3 5],19,72,94,53,65
1,<environment.Job instance at 0x7f8d1e8c8640>,24,20,[1 7],25,77,97,52,77
1,<environment.Job instance at 0x7f8d672a9910>,4,25,[ 1 14],5,97,122,92,93
1,<environment.Job instance at 0x7f8d627552d0>,0,22,[10  5],1,1,23,0,1
1,<environment.Job instance at 0x7f8d62a50500>,5,22,[1 5],6,6,28,0,6
1,<environment.Job instance at 0x7f8d62755be0>,3,25,[6 2],4,23,48,19,19
1,<environment.Job instance at 0x7f8d62a50b40>,4,24,[5 2],5,23,47,18,19
1,<environment.Job instance at 0x7f8d62b59a00>,7,21,[5 2],8,47,68,39,39
1,<environment.Job instance at 0x7f8d1efaf780>,13,23,[6 3],14,48,71,34,42
1,<environment.Job instance at 0x7f8d1efaf7d0>,14,20,[1 7],15,42,62,27,42
1,<environment.Job instance at 0x7f8d1f0e51e0>,17,25,[5 8],18,68,93,50,64
1,<environment.Job instance at 0x7f8d671e0be0>,18,26,[5 8],19,93,119,74,90
1,<environment.Job instance at 0x7f8693ea01e0>,4,24,[ 3 11],5,5,29,0,5
1,<environment.Job instance at 0x7f8693ea0730>,8,24,[ 2 10],9,29,53,20,24
1,<environment.Job instance at 0x7f8693ea0870>,14,21,[ 3 11],15,53,74,38,45
1,<environment.Job instance at 0x7f8693ea0910>,15,20,[3 5],16,74,94,58,65
1,<environment.Job instance at 0x7f8693ea0b90>,19,21,[8 5],20,74,95,54,67
1,<environment.Job instance at 0x7f8693ea0cd0>,21,22,[8 2],22,95,117,73,88
1,<environment.Job instance at 0x7f8693ea0c30>,20,21,[13  5],21,117,138,96,109
1,<environment.Job instance at 0x7f869b2d8a00>,4,28,[7 4],5,5,33,0,5
1,<environment.Job instance at 0x7f869b2d8e10>,11,21,[2 7],12,12,33,0,12
1,<environment.Job instance at 0x7f869b41e820>,13,24,[5 6],14,33,57,19,28
1,<environment.Job instance at 0x7f869b41ea00>,16,22,[10  1],17,33,55,16,28
1,<environment.Job instance at 0x7f869b41e550>,19,3,[14  4],20,57,60,37,54
1,<environment.Job instance at 0x7f869b416d20>,22,23,[ 1 14],23,76,99,53,76
1,<environment.Job instance at 0x7f869b416be0>,24,19,[9 1],25,76,95,51,76
1,<environment.Job instance at 0x7f869b424500>,25,23,[7 3],26,99,122,73,93
1,<environment.Job instance at 0x7f869b4241e0>,27,26,[ 1 11],28,99,125,71,96
1,<environment.Job instance at 0x7f86502d6500>,2,28,[7 4],3,3,31,0,3
1,<environment.Job instance at 0x7f869b4240f0>,4,28,[4 5],5,5,33,0,5
1,<environment.Job instance at 0x7f86502d6730>,7,22,[ 5 10],8,31,53,23,24
1,<environment.Job instance at 0x7f86502d6140>,11,28,[13  2],12,53,81,41,52
1,<environment.Job instance at 0x7f86502d6870>,10,21,[ 1 10],11,53,74,42,52
1,<environment.Job instance at 0x7f86502d61e0>,13,24,[9 1],14,81,105,67,76
1,<environment.Job instance at 0x7f865025ddc0>,18,20,[7 4],19,105,125,86,96
1,<environment.Job instance at 0x7f865025d0f0>,19,20,[6 2],20,96,116,76,96
1,<environment.Job instance at 0x7f865025d5a0>,2,22,[4 8],3,3,25,0,3
1,<environment.Job instance at 0x7f8693e820f0>,5,24,[6 1],6,6,30,0,6
1,<environment.Job instance at 0x7f865055e690>,9,28,[3 5],10,10,38,0,10
1,<environment.Job instance at 0x7f865055e230>,12,26,[5 3],13,25,51,12,22
1,<environment.Job instance at 0x7f8693e82f00>,8,19,[ 5 13],9,51,70,42,41
1,<environment.Job instance at 0x7f865055ef50>,15,20,[7 3],16,70,90,54,61
1,<environment.Job instance at 0x7f865055e9b0>,16,27,[2 8],17,70,97,53,68
1,<environment.Job instance at 0x7f86502d2af0>,3,24,[5 6],4,4,28,0,4
1,<environment.Job instance at 0x7f865059ca50>,7,24,[3 9],8,8,32,0,8
1,<environment.Job instance at 0x7f865059a0f0>,13,27,[ 3 14],14,34,61,20,34
1,<environment.Job instance at 0x7f865059a500>,16,28,[5 2],17,61,89,44,60
1,<environment.Job instance at 0x7f865059a3c0>,17,28,[13  5],18,89,117,71,88
1,<environment.Job instance at 0x7f86965adf50>,0,28,[9 5],1,1,29,0,1
1,<environment.Job instance at 0x7f865059a6e0>,2,26,[9 3],3,29,55,26,26
1,<environment.Job instance at 0x7f869690cbe0>,5,22,[ 1 13],6,55,77,49,48
1,<environment.Job instance at 0x7f869690c2d0>,12,27,[14  3],13,77,104,64,75
1,<environment.Job instance at 0x7f869690cc30>,14,3,[1 6],15,77,80,62,75
1,<environment.Job instance at 0x7f869690c140>,15,25,[4 9],16,104,129,88,100
1,<environment.Job instance at 0x7f8694129280>,0,22,[ 3 12],1,1,23,0,1
1,<environment.Job instance at 0x7f8696413eb0>,8,22,[8 4],9,23,45,14,16
1,<environment.Job instance at 0x7f86941570f0>,11,22,[7 5],12,23,45,11,18
1,<environment.Job instance at 0x7f8694157640>,14,2,[2 6],15,45,47,30,32
1,<environment.Job instance at 0x7f8693df90a0>,15,24,[1 6],16,45,69,29,40
1,<environment.Job instance at 0x7f86503a4410>,22,2,[9 1],23,80,82,57,80
1,<environment.Job instance at 0x7f869410f410>,27,22,[12  2],28,108,130,80,108
1,<environment.Job instance at 0x7f865041c3c0>,28,26,[ 2 10],29,108,134,79,108
1,<environment.Job instance at 0x7f8693de4a00>,2,24,[9 5],3,3,27,0,3
1,<environment.Job instance at 0x7f865009a410>,11,27,[ 2 11],12,27,54,15,25
1,<environment.Job instance at 0x7f865009a7d0>,16,26,[9 2],17,27,53,10,27
1,<environment.Job instance at 0x7f8694332f00>,1,19,[ 4 11],2,54,73,52,45
1,<environment.Job instance at 0x7f865009ab90>,22,23,[ 3 10],23,73,96,50,67
1,<environment.Job instance at 0x7f865009acd0>,24,25,[1 6],25,96,121,71,92
1,<environment.Job instance at 0x7f865009adc0>,26,24,[1 9],27,96,120,69,92
1,<environment.Job instance at 0x7f869696f730>,5,21,[10  5],6,6,27,0,6
1,<environment.Job instance at 0x7f8650635c80>,7,26,[5 5],8,8,34,0,8
1,<environment.Job instance at 0x7f865064e190>,9,23,[7 1],10,27,50,17,21
1,<environment.Job instance at 0x7f865064e0f0>,12,25,[6 3],13,34,59,21,30
1,<environment.Job instance at 0x7f865064edc0>,13,23,[7 4],14,50,73,36,44
1,<environment.Job instance at 0x7f8650338280>,16,28,[5 4],17,59,87,42,58
1,<environment.Job instance at 0x7f8650441910>,17,2,[3 8],18,73,75,55,58
1,<environment.Job instance at 0x7f8650441aa0>,18,27,[6 3],19,73,100,54,71
1,<environment.Job instance at 0x7f86940b0050>,19,2,[14  3],20,100,102,80,84
1,<environment.Job instance at 0x7f86506b24b0>,20,25,[14  5],21,102,127,81,98
1,<environment.Job instance at 0x7f8693e31b90>,21,2,[ 2 12],22,127,129,105,100
1,<environment.Job instance at 0x7f86506b2730>,0,22,[5 3],1,1,23,0,1
1,<environment.Job instance at 0x7f8650661b40>,2,27,[10  3],3,3,30,0,3
1,<environment.Job instance at 0x7f86506b2b40>,6,23,[8 4],7,30,53,23,24
1,<environment.Job instance at 0x7f8693dabe10>,8,28,[ 4 10],9,26,54,17,26
1,<environment.Job instance at 0x7f86506b2230>,5,22,[ 2 11],6,54,76,48,48
1,<environment.Job instance at 0x7f8696928190>,15,27,[ 2 10],16,76,103,60,74
1,<environment.Job instance at 0x7f86506b2d20>,3,1,[ 1 11],4,103,104,99,101
1,<environment.Job instance at 0x7f8693d3d0f0>,17,1,[11  5],18,101,102,83,101
1,<environment.Job instance at 0x7f865079a230>,20,25,[9 2],21,102,127,81,101
1,<environment.Job instance at 0x7f86940dd4b0>,22,2,[ 5 13],23,105,107,82,105
1,<environment.Job instance at 0x7f869663ae10>,1,26,[6 1],2,2,28,0,2
1,<environment.Job instance at 0x7f869402bbe0>,4,20,[3 6],5,5,25,0,5
1,<environment.Job instance at 0x7f8650414c80>,2,3,[ 5 14],3,25,28,22,12
1,<environment.Job instance at 0x7f8693d67be0>,9,2,[13  2],10,28,30,18,17
1,<environment.Job instance at 0x7f8693d67c30>,11,25,[1 6],12,28,53,16,24
1,<environment.Job instance at 0x7f8693d67f50>,12,26,[5 5],13,30,56,17,27
1,<environment.Job instance at 0x7f8693d67dc0>,15,22,[5 8],16,53,75,37,46
1,<environment.Job instance at 0x7f8693d82410>,21,23,[3 6],22,56,79,34,50
1,<environment.Job instance at 0x7f8693d82820>,24,23,[2 6],25,75,98,50,69
1,<environment.Job instance at 0x7f8693d82a50>,27,22,[6 5],28,79,101,51,74
1,<environment.Job instance at 0x7f8693d82b90>,28,24,[9 2],29,98,122,69,93
1,<environment.Job instance at 0x7f865010d190>,2,26,[13  5],3,3,29,0,3
1,<environment.Job instance at 0x7f8693d82960>,4,22,[ 5 10],5,29,51,24,22
1,<environment.Job instance at 0x7f865010d280>,7,26,[3 8],8,51,77,43,48
1,<environment.Job instance at 0x7f8693d82b90>,3,25,[13  3],4,77,102,73,73
1,<environment.Job instance at 0x7f865010d3c0>,9,24,[13  4],10,102,126,92,97
1,<environment.Job instance at 0x7f86504eefa0>,0,28,[ 5 11],1,1,29,0,1
1,<environment.Job instance at 0x7f86504eeb40>,4,28,[14  5],5,29,57,24,28
1,<environment.Job instance at 0x7f865010d3c0>,2,23,[5 9],3,57,80,54,51
1,<environment.Job instance at 0x7f86504eeb90>,7,28,[ 5 11],8,80,108,72,79
1,<environment.Job instance at 0x7f8693cf7910>,0,26,[ 4 11],1,1,27,0,1
1,<environment.Job instance at 0x7f86502a7820>,3,24,[ 5 12],4,27,51,23,22
1,<environment.Job instance at 0x7f869674b0a0>,10,19,[ 4 11],11,51,70,40,50
1,<environment.Job instance at 0x7f86965a5af0>,5,3,[ 3 12],6,70,73,64,63
1,<environment.Job instance at 0x7f86965a4dc0>,15,20,[ 4 10],16,73,93,57,64
1,<environment.Job instance at 0x7f8696a83d70>,2,27,[8 5],3,3,30,0,3
1,<environment.Job instance at 0x7f8696a83a00>,4,25,[ 1 12],5,30,55,25,26
1,<environment.Job instance at 0x7f865034e410>,7,20,[14  5],8,55,75,47,47
1,<environment.Job instance at 0x7f865034ec80>,8,25,[ 3 12],9,75,100,66,71
1,<environment.Job instance at 0x7f864ff94960>,17,3,[ 2 13],18,100,103,82,95
1,<environment.Job instance at 0x7f86965e4410>,21,26,[13  3],22,103,129,81,100
1,<environment.Job instance at 0x7f864feefd70>,1,28,[5 5],2,2,30,0,2
1,<environment.Job instance at 0x7f864feef5f0>,4,21,[4 8],5,5,26,0,5
1,<environment.Job instance at 0x7f864feef820>,9,26,[1 9],10,26,52,16,23
1,<environment.Job instance at 0x7f864feefc30>,10,28,[9 3],11,30,58,19,29
1,<environment.Job instance at 0x7f864feefaa0>,12,28,[5 3],13,30,58,17,29
1,<environment.Job instance at 0x7f864ff14e60>,16,22,[ 2 11],17,58,80,41,53
1,<environment.Job instance at 0x7f864ff14cd0>,17,24,[ 2 13],18,80,104,62,75
1,<environment.Job instance at 0x7f864ff14a50>,25,20,[14  4],26,104,124,78,101
1,<environment.Job instance at 0x7f8693d8d0f0>,0,22,[1 6],1,1,23,0,1
1,<environment.Job instance at 0x7f8693e274b0>,5,24,[5 2],6,6,30,0,6
1,<environment.Job instance at 0x7f86966b30f0>,7,22,[ 4 10],8,23,45,15,16
1,<environment.Job instance at 0x7f864fea9320>,1,21,[7 2],2,2,23,0,2
1,<environment.Job instance at 0x7f864ffb66e0>,0,1,[2 7],1,3,4,2,3
1,<environment.Job instance at 0x7f86968a3f50>,5,19,[11  2],6,23,42,17,13
1,<environment.Job instance at 0x7f86503a2f50>,13,21,[5 3],14,42,63,28,34
1,<environment.Job instance at 0x7f869aeae550>,14,27,[ 5 14],15,63,90,48,61
1,<environment.Job instance at 0x7f869aeae690>,15,22,[12  4],16,90,112,74,83
1,<environment.Job instance at 0x7f869429e050>,4,28,[13  3],5,5,33,0,5
1,<environment.Job instance at 0x7f8693dd4eb0>,2,2,[11  5],3,33,35,30,33
1,<environment.Job instance at 0x7f869429ef00>,10,20,[8 3],11,35,55,24,33
1,<environment.Job instance at 0x7f869429e500>,11,23,[9 5],12,55,78,43,49
1,<environment.Job instance at 0x7f869429e7d0>,12,22,[9 1],13,78,100,65,71
1,<environment.Job instance at 0x7f869429eaf0>,9,1,[ 2 12],10,78,79,68,76
1,<environment.Job instance at 0x7f869429ebe0>,16,28,[7 1],17,100,128,83,99
1,<environment.Job instance at 0x7f869429e0f0>,17,27,[2 7],18,99,126,81,99
1,<environment.Job instance at 0x7f86942f4140>,0,24,[11  2],1,1,25,0,1
1,<environment.Job instance at 0x7f8696a51960>,8,22,[10  5],9,25,47,16,18
1,<environment.Job instance at 0x7f8696a51d20>,5,24,[7 2],6,47,71,41,42
1,<environment.Job instance at 0x7f8696a51aa0>,7,27,[5 1],8,42,69,34,42
1,<environment.Job instance at 0x7f8696a515f0>,10,20,[4 7],11,69,89,58,60
1,<environment.Job instance at 0x7f8693f48500>,15,28,[7 3],16,71,99,55,70
1,<environment.Job instance at 0x7f8693d86280>,19,20,[1 6],20,89,109,69,80
1,<environment.Job instance at 0x7f8693d86fa0>,21,22,[ 1 10],22,109,131,87,102
1,<environment.Job instance at 0x7f869652c780>,22,28,[13  5],23,102,130,79,102
1,<environment.Job instance at 0x7f43aa188d70>,4,24,[ 3 11],5,5,29,0,5
1,<environment.Job instance at 0x7f43a2cef550>,8,24,[ 2 10],9,29,53,20,24
1,<environment.Job instance at 0x7f43a2cef870>,14,21,[ 3 11],15,53,74,38,45
1,<environment.Job instance at 0x7f43a2cefb90>,19,21,[8 5],20,74,95,54,66
1,<environment.Job instance at 0x7f43a2cefc30>,20,21,[13  5],21,95,116,74,87
1,<environment.Job instance at 0x7f43a2cefcd0>,21,22,[8 2],22,116,138,94,109
1,<environment.Job instance at 0x7f43a2cefd70>,22,3,[4 6],23,116,119,93,109
1,<environment.Job instance at 0x7f43a2cefeb0>,24,2,[ 3 12],25,119,121,94,110
1,<environment.Job instance at 0x7f43a2cf2280>,26,20,[4 8],27,121,141,94,112
1,<environment.Job instance at 0x7f43a2cf2280>,3,24,[5 6],4,4,28,0,4
1,<environment.Job instance at 0x7f43aa266c80>,6,22,[10  1],7,7,29,0,7
1,<environment.Job instance at 0x7f43aa279050>,9,3,[14  4],10,29,32,19,25
1,<environment.Job instance at 0x7f43aa279910>,12,23,[ 1 14],13,32,55,19,26
1,<environment.Job instance at 0x7f43aa279230>,15,23,[7 3],16,55,78,39,49
1,<environment.Job instance at 0x7f43aa279730>,14,19,[9 1],15,78,97,63,68
1,<environment.Job instance at 0x7f43aa2798c0>,17,26,[ 1 11],18,68,94,50,68
1,<environment.Job instance at 0x7f435efe8f00>,0,24,[11  3],1,1,25,0,1
1,<environment.Job instance at 0x7f435efe8d20>,4,28,[13  3],5,25,53,20,24
1,<environment.Job instance at 0x7f43aa26f370>,1,22,[5 8],2,53,75,51,46
1,<environment.Job instance at 0x7f435efe8c80>,8,24,[ 5 11],9,75,99,66,70
1,<environment.Job instance at 0x7f435efbb8c0>,9,21,[6 4],10,70,91,60,70
1,<environment.Job instance at 0x7f435efe2140>,22,23,[1 7],23,108,131,85,108
1,<environment.Job instance at 0x7f435f3ac5a0>,2,22,[1 6],3,3,25,0,3
1,<environment.Job instance at 0x7f435efe26e0>,3,27,[5 1],4,4,31,0,4
1,<environment.Job instance at 0x7f435f3ac280>,4,25,[10  4],5,25,50,20,21
1,<environment.Job instance at 0x7f435efe2140>,5,26,[5 4],6,31,57,25,28
1,<environment.Job instance at 0x7f435f4519b0>,10,26,[ 2 11],11,50,76,39,47
1,<environment.Job instance at 0x7f435f0c0cd0>,16,24,[3 6],17,76,100,59,71
1,<environment.Job instance at 0x7f435f0c06e0>,17,20,[8 5],18,76,96,58,71
1,<environment.Job instance at 0x7f435f0c0e10>,18,26,[7 4],19,96,122,77,93
1,<environment.Job instance at 0x7f43a53df370>,0,21,[5 6],1,1,22,0,1
1,<environment.Job instance at 0x7f435f0e1be0>,3,23,[10  3],4,4,27,0,4
1,<environment.Job instance at 0x7f435f3a46e0>,5,26,[14  5],6,27,53,21,24
1,<environment.Job instance at 0x7f435f3a4f50>,4,24,[4 8],5,53,77,48,48
1,<environment.Job instance at 0x7f435f3eb640>,11,22,[6 4],12,53,75,41,48
1,<environment.Job instance at 0x7f435f3eb6e0>,12,28,[12  4],13,77,105,64,76
1,<environment.Job instance at 0x7f435f3eba00>,17,28,[7 5],18,105,133,87,104
1,<environment.Job instance at 0x7f435f3eb460>,8,2,[7 2],9,105,107,96,104
1,<environment.Job instance at 0x7f43a3193690>,0,26,[14  4],1,1,27,0,1
1,<environment.Job instance at 0x7f43a3193c30>,4,24,[9 2],5,27,51,22,22
1,<environment.Job instance at 0x7f43a3193410>,7,27,[2 7],8,27,54,19,25
1,<environment.Job instance at 0x7f435ef96410>,11,28,[ 3 12],12,54,82,42,53
1,<environment.Job instance at 0x7f435ef965a0>,12,24,[ 4 10],13,82,106,69,77
1,<environment.Job instance at 0x7f435ef96320>,13,25,[11  2],14,77,102,63,77
1,<environment.Job instance at 0x7f43a30930f0>,2,26,[1 6],3,3,29,0,3
1,<environment.Job instance at 0x7f435f1a7230>,3,23,[5 5],4,4,27,0,4
1,<environment.Job instance at 0x7f43a310a1e0>,11,22,[5 4],12,12,34,0,12
1,<environment.Job instance at 0x7f435ef3d4b0>,12,26,[10  5],13,29,55,16,26
1,<environment.Job instance at 0x7f43a2c36960>,13,27,[10  3],14,55,82,41,53
1,<environment.Job instance at 0x7f43a2b48550>,15,28,[1 7],16,53,81,37,53
1,<environment.Job instance at 0x7f43a2b48230>,16,25,[6 4],17,82,107,65,78
1,<environment.Job instance at 0x7f43a31935a0>,20,26,[3 6],21,81,107,60,78
1,<environment.Job instance at 0x7f43a2c70050>,22,21,[ 1 12],23,107,128,84,99
1,<environment.Job instance at 0x7f435f1b88c0>,2,28,[3 8],3,3,31,0,3
1,<environment.Job instance at 0x7f435f0d86e0>,10,21,[11  1],11,11,32,0,11
1,<environment.Job instance at 0x7f435f0d8aa0>,12,24,[8 3],13,32,56,19,27
1,<environment.Job instance at 0x7f435f0d8be0>,14,23,[ 5 10],15,32,55,17,27
1,<environment.Job instance at 0x7f435f0d8dc0>,15,25,[ 2 14],16,56,81,40,52
1,<environment.Job instance at 0x7f435eeadd70>,0,27,[ 2 10],1,1,28,0,1
1,<environment.Job instance at 0x7f435ee98730>,5,28,[ 2 14],6,28,56,22,27
1,<environment.Job instance at 0x7f435ee98870>,7,22,[8 3],8,56,78,48,49
1,<environment.Job instance at 0x7f43aa03d6e0>,9,21,[ 1 11],10,56,77,46,54
1,<environment.Job instance at 0x7f435ee98af0>,10,21,[9 1],11,78,99,67,70
1,<environment.Job instance at 0x7f435ee98e10>,11,21,[8 2],12,99,120,87,91
1,<environment.Job instance at 0x7f435ee985f0>,3,2,[ 1 13],4,95,97,91,95
1,<environment.Job instance at 0x7f43a2aba730>,13,21,[8 3],14,120,141,106,112
1,<environment.Job instance at 0x7f435f494a00>,15,26,[2 9],16,112,138,96,112
1,<environment.Job instance at 0x7f43a57fd0a0>,7,1,[4 5],8,8,9,0,8
1,<environment.Job instance at 0x7f435ef4f500>,8,21,[8 1],9,9,30,0,9
1,<environment.Job instance at 0x7f43a2d40280>,10,21,[9 1],11,30,51,19,22
1,<environment.Job instance at 0x7f43a5594640>,12,28,[9 4],13,51,79,38,50
1,<environment.Job instance at 0x7f435f32c190>,15,24,[8 4],16,79,103,63,74
1,<environment.Job instance at 0x7f43a2cd8a00>,18,22,[5 5],19,75,97,56,75
1,<environment.Job instance at 0x7f43a2cd8e10>,21,26,[6 1],22,97,123,75,94
1,<environment.Job instance at 0x7f435f32c730>,14,19,[5 5],15,103,122,88,99
1,<environment.Job instance at 0x7f43a589f2d0>,1,24,[10  2],2,2,26,0,2
1,<environment.Job instance at 0x7f43a53ca230>,7,21,[12  1],8,26,47,18,18
1,<environment.Job instance at 0x7f43a53b0f00>,5,19,[11  3],6,47,66,41,38
1,<environment.Job instance at 0x7f43a53ca190>,9,26,[1 9],10,38,64,28,38
1,<environment.Job instance at 0x7f43a53ca410>,12,26,[13  5],13,66,92,53,63
1,<environment.Job instance at 0x7f43a53ca4b0>,13,25,[13  3],14,92,117,78,88
1,<environment.Job instance at 0x7f43a53ca0a0>,14,22,[ 5 10],15,117,139,102,110
1,<environment.Job instance at 0x7f43a2fc01e0>,0,28,[ 5 11],1,1,29,0,1
1,<environment.Job instance at 0x7f43a2fc06e0>,4,28,[14  5],5,29,57,24,28
1,<environment.Job instance at 0x7f43a2fc0dc0>,7,28,[ 5 11],8,57,85,49,56
1,<environment.Job instance at 0x7f43a2da9820>,19,3,[2 7],20,99,102,79,99
1,<environment.Job instance at 0x7f43a2da9be0>,21,21,[10  5],22,107,128,85,107
1,<environment.Job instance at 0x7f43a2da9be0>,5,20,[ 4 10],6,6,26,0,6
1,<environment.Job instance at 0x7f43a2ac9aa0>,11,24,[ 4 11],12,26,50,14,21
1,<environment.Job instance at 0x7f43a2ac9910>,12,24,[4 8],13,50,74,37,45
1,<environment.Job instance at 0x7f43a2ac9280>,13,21,[9 5],14,50,71,36,45
1,<environment.Job instance at 0x7f43a2ac95f0>,14,25,[5 4],15,71,96,56,67
1,<environment.Job instance at 0x7f43a2ac9c80>,19,26,[8 5],20,74,100,54,71
1,<environment.Job instance at 0x7f435f1a7500>,20,20,[9 5],21,100,120,79,91
1,<environment.Job instance at 0x7f435efc27d0>,0,19,[ 4 11],1,120,139,119,118
1,<environment.Job instance at 0x7f43a30e7320>,1,26,[13  3],2,2,28,0,2
1,<environment.Job instance at 0x7f43a305c5a0>,3,20,[11  4],4,28,48,24,19
1,<environment.Job instance at 0x7f43a5629050>,9,20,[ 4 12],10,48,68,38,39
1,<environment.Job instance at 0x7f43a52cb910>,10,28,[5 8],11,68,96,57,67
1,<environment.Job instance at 0x7f43a52cb0f0>,12,27,[ 3 10],13,96,123,83,94
1,<environment.Job instance at 0x7f43a5627640>,15,22,[ 1 10],16,123,145,107,116
1,<environment.Job instance at 0x7f43a5627af0>,17,27,[6 4],18,116,143,98,116
1,<environment.Job instance at 0x7f43a56034b0>,4,1,[14  4],5,5,6,0,5
1,<environment.Job instance at 0x7f435ee37a00>,5,2,[14  4],6,6,8,0,6
1,<environment.Job instance at 0x7f435ee37370>,6,24,[2 9],7,8,32,1,7
1,<environment.Job instance at 0x7f435f51b370>,1,22,[10  4],2,2,24,0,2
1,<environment.Job instance at 0x7f435ecceb40>,6,26,[14  4],7,24,50,17,21
1,<environment.Job instance at 0x7f435eccec30>,8,23,[ 1 11],9,21,44,12,21
1,<environment.Job instance at 0x7f435ecce280>,13,22,[4 8],14,50,72,36,43
1,<environment.Job instance at 0x7f435ecce780>,12,2,[4 7],13,50,52,37,43
1,<environment.Job instance at 0x7f435eccebe0>,16,22,[4 7],17,52,74,35,45
1,<environment.Job instance at 0x7f435ecceeb0>,18,22,[3 5],19,72,94,53,65
1,<environment.Job instance at 0x7f435ecceaa0>,19,1,[3 9],20,74,75,54,65
1,<environment.Job instance at 0x7f435f291e60>,24,20,[1 7],25,75,95,50,68
1,<environment.Job instance at 0x7f43a2f4b550>,4,25,[ 1 14],5,95,120,90,91
1,<environment.Job instance at 0x7f435f2918c0>,29,28,[1 7],30,120,148,90,119
1,<environment.Job instance at 0x7f435f1bc5f0>,4,23,[5 5],5,5,28,0,5
1,<environment.Job instance at 0x7f435f5c6af0>,5,1,[7 4],6,7,8,1,7
1,<environment.Job instance at 0x7f43a2ab4230>,1,23,[4 8],2,2,25,0,2
1,<environment.Job instance at 0x7f43a524a460>,4,23,[12  5],5,25,48,20,19
1,<environment.Job instance at 0x7f43a524a280>,6,28,[2 5],7,19,47,12,19
1,<environment.Job instance at 0x7f43a319b8c0>,12,26,[2 8],13,47,73,34,44
1,<environment.Job instance at 0x7f43a319b410>,11,2,[12  2],12,49,51,37,49
1,<environment.Job instance at 0x7f435f3c7e60>,18,2,[14  1],19,73,75,54,55
1,<environment.Job instance at 0x7f435ef70320>,0,28,[ 4 10],1,1,29,0,1
1,<environment.Job instance at 0x7f435ef70820>,6,26,[5 3],7,7,33,0,7
1,<environment.Job instance at 0x7f43a5247a50>,12,21,[8 4],13,29,50,16,21
1,<environment.Job instance at 0x7f43a5247b90>,14,21,[6 4],15,33,54,18,25
1,<environment.Job instance at 0x7f435ef70c80>,4,22,[ 1 11],5,50,72,45,49
1,<environment.Job instance at 0x7f435ee1f910>,23,20,[9 5],24,72,92,48,63
1,<environment.Job instance at 0x7f43a5247d20>,11,24,[ 4 14],12,92,116,80,87
1,<environment.Job instance at 0x7f435ef702d0>,3,21,[12  5],4,116,137,112,113
1,<environment.Job instance at 0x7f435ee1f870>,31,22,[1 9],32,116,138,84,114
1,<environment.Job instance at 0x7f435f2a8550>,0,28,[12  2],1,1,29,0,1
1,<environment.Job instance at 0x7f43a53a3fa0>,6,23,[3 7],7,7,30,0,7
1,<environment.Job instance at 0x7f43a53a3b40>,3,3,[ 3 12],4,30,33,26,26
1,<environment.Job instance at 0x7f43a2f05eb0>,11,25,[3 9],12,33,58,21,29
1,<environment.Job instance at 0x7f43a2f05a50>,12,22,[6 5],13,33,55,20,29
1,<environment.Job instance at 0x7f43a53a3370>,9,19,[11  4],10,55,74,45,55
1,<environment.Job instance at 0x7f435f3400f0>,17,27,[7 4],18,74,101,56,72
1,<environment.Job instance at 0x7f435ec16f50>,20,21,[10  3],21,101,122,80,93
1,<environment.Job instance at 0x7f4c37978dc0>,4,24,[ 3 11],5,5,29,0,5
1,<environment.Job instance at 0x7f4c304df690>,8,24,[ 2 10],9,29,53,20,24
1,<environment.Job instance at 0x7f4c304df870>,14,21,[ 3 11],15,53,74,38,45
1,<environment.Job instance at 0x7f4c304dfb90>,19,21,[8 5],20,74,95,54,66
1,<environment.Job instance at 0x7f4c304dfc30>,20,21,[13  5],21,95,116,74,87
1,<environment.Job instance at 0x7f4c304dfcd0>,21,22,[8 2],22,116,138,94,109
1,<environment.Job instance at 0x7f4c304dffa0>,24,2,[ 3 12],25,116,118,91,114
1,<environment.Job instance at 0x7f4c304dfeb0>,26,20,[4 8],27,118,138,91,114
1,<environment.Job instance at 0x7f4c37a5fcd0>,4,19,[9 1],5,5,24,0,5
1,<environment.Job instance at 0x7f4c37a5ff00>,5,23,[7 3],6,24,47,18,18
1,<environment.Job instance at 0x7f4c37a5f320>,7,26,[ 1 11],8,18,44,10,18
1,<environment.Job instance at 0x7f4c37a5fe10>,9,21,[3 6],10,44,65,34,36
1,<environment.Job instance at 0x7f4c37a63e60>,15,19,[1 5],16,44,63,28,43
1,<environment.Job instance at 0x7f4c37a631e0>,16,25,[5 4],17,47,72,30,43
1,<environment.Job instance at 0x7f4c37a63690>,18,28,[7 1],19,63,91,44,62
1,<environment.Job instance at 0x7f4c37a63af0>,21,24,[12  2],22,91,115,69,86
1,<environment.Job instance at 0x7f4c37a63500>,22,26,[ 3 11],23,86,112,63,86
1,<environment.Job instance at 0x7f4c37a69910>,27,1,[ 5 12],28,115,116,87,113
1,<environment.Job instance at 0x7f4c37a695a0>,28,24,[8 5],29,116,140,87,113
1,<environment.Job instance at 0x7f4c37a69230>,2,23,[1 7],3,3,26,0,3
1,<environment.Job instance at 0x7f4bec809be0>,8,21,[9 5],9,9,30,0,9
1,<environment.Job instance at 0x7f4c37a69320>,5,2,[14  3],6,30,32,24,24
1,<environment.Job instance at 0x7f4bec809500>,7,2,[14  5],8,32,34,24,24
1,<environment.Job instance at 0x7f4bec8090a0>,11,22,[6 1],12,34,56,22,27
1,<environment.Job instance at 0x7f4bec809550>,13,21,[5 1],14,34,55,20,27
1,<environment.Job instance at 0x7f4bec809870>,15,20,[5 5],16,55,75,39,46
1,<environment.Job instance at 0x7f4bec809aa0>,17,20,[3 7],18,46,66,28,46
1,<environment.Job instance at 0x7f4bec7e1cd0>,18,27,[ 3 13],19,75,102,56,73
1,<environment.Job instance at 0x7f4bec7e1d70>,19,20,[14  3],20,102,122,82,94
1,<environment.Job instance at 0x7f4bec7e11e0>,22,1,[ 5 14],23,122,123,99,116
1,<environment.Job instance at 0x7f4bec7e15a0>,26,28,[14  3],27,123,151,96,122
1,<environment.Job instance at 0x7f4bec7e16e0>,3,27,[9 1],4,4,31,0,4
1,<environment.Job instance at 0x7f4c37a56be0>,4,21,[3 9],5,5,26,0,5
1,<environment.Job instance at 0x7f4c37a56910>,5,22,[7 4],6,31,53,25,24
1,<environment.Job instance at 0x7f4c37a56410>,8,28,[3 6],9,26,54,17,25
1,<environment.Job instance at 0x7f4bece00a00>,13,26,[12  3],14,53,79,39,50
1,<environment.Job instance at 0x7f4bec896d70>,2,19,[11  4],3,83,102,80,83
1,<environment.Job instance at 0x7f4becbc5be0>,17,28,[1 9],18,85,113,67,85
1,<environment.Job instance at 0x7f4becbc59b0>,18,26,[7 3],19,102,128,83,99
1,<environment.Job instance at 0x7f4c30883be0>,0,23,[7 1],1,1,24,0,1
1,<environment.Job instance at 0x7f4becbcb690>,7,24,[10  2],8,24,48,16,19
1,<environment.Job instance at 0x7f4becbcbb90>,12,25,[11  2],13,48,73,35,44
1,<environment.Job instance at 0x7f4becbcbd70>,15,22,[8 5],16,73,95,57,66
1,<environment.Job instance at 0x7f4becbcbeb0>,17,23,[9 5],18,95,118,77,89
1,<environment.Job instance at 0x7f4becbcbfa0>,18,23,[8 1],19,118,141,99,112
1,<environment.Job instance at 0x7f4c32f4bd20>,3,23,[6 5],4,4,27,0,4
1,<environment.Job instance at 0x7f4c32f4baf0>,6,27,[4 6],7,7,34,0,7
1,<environment.Job instance at 0x7f4c32c50960>,9,21,[9 2],10,27,48,17,19
1,<environment.Job instance at 0x7f4c32c507d0>,12,22,[9 1],13,48,70,35,41
1,<environment.Job instance at 0x7f4c32c509b0>,10,22,[ 3 12],11,41,63,30,41
1,<environment.Job instance at 0x7f4c32f4b5a0>,5,2,[ 5 13],6,63,65,57,63
1,<environment.Job instance at 0x7f4c32f1baf0>,18,22,[8 4],19,70,92,51,63
1,<environment.Job instance at 0x7f4becbf8870>,21,22,[7 5],22,76,98,54,76
1,<environment.Job instance at 0x7f4becbf8910>,24,2,[2 6],25,95,97,70,95
1,<environment.Job instance at 0x7f4becbf8f00>,25,24,[1 6],26,97,121,71,95
1,<environment.Job instance at 0x7f4c37913050>,1,27,[ 2 11],2,2,29,0,2
1,<environment.Job instance at 0x7f4beca37140>,6,26,[9 2],7,7,33,0,7
1,<environment.Job instance at 0x7f4c32ae4cd0>,12,23,[ 3 10],13,29,52,16,23
1,<environment.Job instance at 0x7f4c32cdc050>,16,24,[1 9],17,52,76,35,47
1,<environment.Job instance at 0x7f4c30768fa0>,21,26,[13  1],22,52,78,30,50
1,<environment.Job instance at 0x7f4beca37fa0>,8,20,[ 1 13],9,76,96,67,67
1,<environment.Job instance at 0x7f4c33064d20>,26,25,[3 9],27,96,121,69,92
1,<environment.Job instance at 0x7f4c30486e10>,24,19,[ 5 13],25,125,144,100,125
1,<environment.Job instance at 0x7f4c3781e0f0>,0,24,[1 6],1,1,25,0,1
1,<environment.Job instance at 0x7f4c30765370>,2,24,[5 8],3,3,27,0,3
1,<environment.Job instance at 0x7f4c32b19140>,4,22,[7 2],5,25,47,20,19
1,<environment.Job instance at 0x7f4c32c0bf00>,7,21,[4 9],8,27,48,19,19
1,<environment.Job instance at 0x7f4c32be73c0>,11,23,[8 4],12,47,70,35,41
1,<environment.Job instance at 0x7f4c32c0bfa0>,9,21,[ 4 11],10,48,69,38,41
1,<environment.Job instance at 0x7f4c32be7190>,13,20,[5 7],14,69,89,55,60
1,<environment.Job instance at 0x7f4c32be7780>,17,24,[6 2],18,70,94,52,65
1,<environment.Job instance at 0x7f4c32be75f0>,19,25,[8 3],20,89,114,69,85
1,<environment.Job instance at 0x7f4c32be70f0>,8,21,[ 5 14],9,114,135,105,106
1,<environment.Job instance at 0x7f4c32be7dc0>,27,20,[ 5 13],28,135,155,107,129
1,<environment.Job instance at 0x7f4c32be7cd0>,3,26,[ 2 11],4,4,30,0,4
1,<environment.Job instance at 0x7f4c32b6da50>,0,21,[ 4 13],1,1,22,0,1
1,<environment.Job instance at 0x7f4becb47820>,3,27,[13  3],4,22,49,18,20
1,<environment.Job instance at 0x7f4becb47460>,6,23,[14  1],7,49,72,42,44
1,<environment.Job instance at 0x7f4becb47960>,4,24,[3 9],5,72,96,67,68
1,<environment.Job instance at 0x7f4c32df65a0>,7,27,[11  2],8,72,99,64,70
1,<environment.Job instance at 0x7f4c30768910>,10,22,[ 3 14],11,99,121,88,92
1,<environment.Job instance at 0x7f4c30792690>,18,21,[9 4],19,121,142,102,113
1,<environment.Job instance at 0x7f4c304d9dc0>,1,23,[13  4],2,2,25,0,2
1,<environment.Job instance at 0x7f4c307e1b40>,3,26,[1 9],4,4,30,0,4
1,<environment.Job instance at 0x7f4c330cf2d0>,4,25,[5 4],5,25,50,20,21
1,<environment.Job instance at 0x7f4c32fe35f0>,5,22,[ 2 10],6,30,52,24,23
1,<environment.Job instance at 0x7f4c32fe3a00>,12,2,[ 1 10],13,52,54,39,29
1,<environment.Job instance at 0x7f4c32fe38c0>,10,19,[12  3],11,51,70,40,51
1,<environment.Job instance at 0x7f4c302d6f50>,0,26,[ 4 11],1,1,27,0,1
1,<environment.Job instance at 0x7f4c302d6eb0>,3,24,[ 5 12],4,27,51,23,22
1,<environment.Job instance at 0x7f4c302d6c30>,2,23,[1 6],3,51,74,48,45
1,<environment.Job instance at 0x7f4becc67c80>,5,3,[ 3 12],6,74,77,68,50
1,<environment.Job instance at 0x7f4c304cd960>,10,19,[ 4 11],11,77,96,66,67
1,<environment.Job instance at 0x7f4c32c148c0>,15,20,[ 4 10],16,96,116,80,87
1,<environment.Job instance at 0x7f4bec8cb140>,1,26,[13  3],2,2,28,0,2
1,<environment.Job instance at 0x7f4c304cddc0>,3,20,[11  4],4,28,48,24,19
1,<environment.Job instance at 0x7f4becb5e6e0>,10,28,[5 8],11,48,76,37,47
1,<environment.Job instance at 0x7f4becb5e2d0>,9,20,[ 4 12],10,76,96,66,67
1,<environment.Job instance at 0x7f4becb5e0a0>,12,27,[ 3 10],13,96,123,83,94
1,<environment.Job instance at 0x7f4c30388280>,15,22,[ 1 10],16,123,145,107,116
1,<environment.Job instance at 0x7f4c30388c30>,17,27,[6 4],18,116,143,98,116
1,<environment.Job instance at 0x7f4c30388c30>,6,27,[7 4],7,7,34,0,7
1,<environment.Job instance at 0x7f4c30388b90>,4,2,[ 3 14],5,34,36,29,14
1,<environment.Job instance at 0x7f4c304675a0>,11,24,[6 3],12,36,60,24,31
1,<environment.Job instance at 0x7f4c3046eb40>,12,28,[2 8],13,36,64,23,35
1,<environment.Job instance at 0x7f4c3046e6e0>,15,20,[8 1],16,60,80,44,51
1,<environment.Job instance at 0x7f4c3046e2d0>,16,23,[ 3 11],17,64,87,47,58
1,<environment.Job instance at 0x7f4c3046eb90>,18,26,[9 3],19,80,106,61,77
1,<environment.Job instance at 0x7f4c3046a5f0>,21,20,[ 4 14],22,106,126,84,101
1,<environment.Job instance at 0x7f4c3047f050>,24,25,[ 5 12],25,126,151,101,122
1,<environment.Job instance at 0x7f4c3046a550>,4,20,[1 7],5,5,25,0,5
1,<environment.Job instance at 0x7f4bec65c500>,8,3,[14  3],9,13,16,4,13
1,<environment.Job instance at 0x7f4bec65c4b0>,9,28,[1 7],10,16,44,6,15
1,<environment.Job instance at 0x7f4becb34f00>,16,24,[ 2 12],17,44,68,27,39
1,<environment.Job instance at 0x7f4bec4c5780>,0,24,[7 1],1,1,25,0,1
1,<environment.Job instance at 0x7f4becb349b0>,1,21,[1 9],2,2,23,0,2
1,<environment.Job instance at 0x7f4bec4c5e10>,5,27,[ 4 13],6,23,50,17,21
1,<environment.Job instance at 0x7f4bec4c56e0>,14,22,[8 2],15,38,60,23,38
1,<environment.Job instance at 0x7f4bec4c5640>,15,27,[4 9],16,50,77,34,48
1,<environment.Job instance at 0x7f4bec4c5550>,17,19,[ 1 11],18,77,96,59,72
1,<environment.Job instance at 0x7f4bec4cc050>,20,28,[5 4],21,72,100,51,72
1,<environment.Job instance at 0x7f4c32e7e500>,0,25,[5 8],1,1,26,0,1
1,<environment.Job instance at 0x7f4bec4ccd20>,1,28,[3 6],2,2,30,0,2
1,<environment.Job instance at 0x7f4bec7e4d20>,6,28,[5 3],7,26,54,19,25
1,<environment.Job instance at 0x7f4bec7e4dc0>,7,23,[10  1],8,30,53,22,25
1,<environment.Job instance at 0x7f4bec7e4960>,8,21,[7 1],9,53,74,44,45
1,<environment.Job instance at 0x7f4bec7c3410>,10,24,[11  2],11,74,98,63,69
1,<environment.Job instance at 0x7f4bec7c26e0>,15,24,[7 2],16,98,122,82,93
1,<environment.Job instance at 0x7f4bec7c2aa0>,17,27,[5 1],18,98,125,80,96
1,<environment.Job instance at 0x7f4bec7c2b40>,18,22,[10  5],19,122,144,103,115
1,<environment.Job instance at 0x7f4bec7c2f50>,20,20,[4 7],21,125,145,104,116
1,<environment.Job instance at 0x7f4c302a7a00>,2,24,[8 1],3,3,27,0,3
1,<environment.Job instance at 0x7f4bec7c2be0>,4,26,[4 5],5,5,31,0,5
1,<environment.Job instance at 0x7f4c302a7820>,5,28,[8 2],6,27,55,21,26
1,<environment.Job instance at 0x7f4bec7c2e10>,3,23,[12  1],4,55,78,51,49
1,<environment.Job instance at 0x7f4c306c8690>,6,21,[11  3],7,78,99,71,70
1,<environment.Job instance at 0x7f4c3071b5f0>,10,23,[ 2 10],11,78,101,67,78
1,<environment.Job instance at 0x7f4beca8fc80>,1,1,[ 3 12],2,101,102,99,100
1,<environment.Job instance at 0x7f4c3071b460>,15,24,[11  4],16,102,126,86,100
1,<environment.Job instance at 0x7f4bece78370>,16,21,[14  5],17,126,147,109,118
1,<environment.Job instance at 0x7f4c3033baf0>,2,22,[3 5],3,3,25,0,3
1,<environment.Job instance at 0x7f4bec5deb40>,8,25,[6 1],9,9,34,0,9
1,<environment.Job instance at 0x7f4bec60d2d0>,11,26,[13  1],12,34,60,22,31
1,<environment.Job instance at 0x7f4bece09910>,14,21,[5 8],15,60,81,45,52
1,<environment.Job instance at 0x7f4bece091e0>,12,23,[13  2],13,81,104,68,75
1,<environment.Job instance at 0x7f4bece09960>,16,21,[ 3 13],17,104,125,87,96
1,<environment.Job instance at 0x7f4becb184b0>,0,24,[5 6],1,1,25,0,1
1,<environment.Job instance at 0x7f4c30512a50>,3,26,[8 5],4,4,30,0,4
1,<environment.Job instance at 0x7f4c32e8a870>,6,26,[ 2 10],7,25,51,18,22
1,<environment.Job instance at 0x7f4c307f8190>,11,28,[8 3],12,30,58,18,29
1,<environment.Job instance at 0x7f4c307f8460>,12,26,[11  4],13,58,84,45,55
1,<environment.Job instance at 0x7f4bec6419b0>,4,21,[12  3],5,84,105,79,76
1,<environment.Job instance at 0x7f4c307f8820>,15,27,[ 1 10],16,84,111,68,84
1,<environment.Job instance at 0x7f4c307f8410>,13,2,[ 3 14],14,111,113,97,108
1,<environment.Job instance at 0x7f4c32c63690>,19,28,[ 4 14],20,113,141,93,112
1,<environment.Job instance at 0x7f41fec021e0>,4,24,[ 3 11],5,5,29,0,5
1,<environment.Job instance at 0x7f41fec02370>,6,19,[1 7],7,29,48,22,19
1,<environment.Job instance at 0x7f41fec025a0>,8,24,[ 2 10],9,48,72,39,43
1,<environment.Job instance at 0x7f41fec02780>,11,1,[8 4],12,43,44,31,43
1,<environment.Job instance at 0x7f41fec02960>,14,21,[ 3 11],15,72,93,57,64
1,<environment.Job instance at 0x7f41fec02aa0>,16,19,[ 3 10],17,93,112,76,83
1,<environment.Job instance at 0x7f41fec02cd0>,19,21,[8 5],20,93,114,73,85
1,<environment.Job instance at 0x7f41fec02d70>,20,21,[13  5],21,114,135,93,106
1,<environment.Job instance at 0x7f41fec02320>,21,22,[8 2],22,135,157,113,128
1,<environment.Job instance at 0x7f41fec03050>,26,20,[4 8],27,135,155,108,129
1,<environment.Job instance at 0x7f420603a5a0>,5,19,[1 5],6,6,25,0,6
1,<environment.Job instance at 0x7f420603ad20>,6,25,[5 4],7,7,32,0,7
1,<environment.Job instance at 0x7f420603a3c0>,8,28,[7 1],9,9,37,0,9
1,<environment.Job instance at 0x7f42061802d0>,11,24,[12  2],12,37,61,25,32
1,<environment.Job instance at 0x7f4206180410>,12,26,[ 3 11],13,32,58,19,32
1,<environment.Job instance at 0x7f42061800a0>,18,24,[8 5],19,61,85,42,56
1,<environment.Job instance at 0x7f42061808c0>,17,1,[ 5 12],18,85,86,67,59
1,<environment.Job instance at 0x7f4206178be0>,23,20,[14  2],24,86,106,62,77
1,<environment.Job instance at 0x7f41baef57d0>,6,28,[14  3],7,9,37,2,9
1,<environment.Job instance at 0x7f41baef5820>,7,24,[ 4 11],8,37,61,29,32
1,<environment.Job instance at 0x7f41baef5730>,11,22,[ 1 10],12,61,83,49,54
1,<environment.Job instance at 0x7f41baef55f0>,13,24,[2 7],14,83,107,69,78
1,<environment.Job instance at 0x7f41baf1d140>,14,25,[5 5],15,78,103,63,78
1,<environment.Job instance at 0x7f41baf1db40>,17,26,[7 1],18,97,123,79,97
1,<environment.Job instance at 0x7f4206186500>,2,1,[ 5 14],3,107,108,104,101
1,<environment.Job instance at 0x7f41baf1d1e0>,20,1,[11  3],21,123,124,102,102
1,<environment.Job instance at 0x7f41baef5640>,8,3,[11  1],9,124,127,115,114
1,<environment.Job instance at 0x7f41baf1d870>,25,24,[8 2],26,127,151,101,122
1,<environment.Job instance at 0x7f41bb24c910>,1,20,[7 4],2,2,22,0,2
1,<environment.Job instance at 0x7f41bb2c2d20>,2,23,[2 8],3,3,26,0,3
1,<environment.Job instance at 0x7f41bb3c5910>,8,25,[6 1],9,9,34,0,9
1,<environment.Job instance at 0x7f41bb2c20a0>,2,27,[14  3],3,3,30,0,3
1,<environment.Job instance at 0x7f41bb301e60>,5,25,[4 9],6,30,55,24,26
1,<environment.Job instance at 0x7f41bb2fe460>,15,28,[5 5],16,47,75,31,47
1,<environment.Job instance at 0x7f41bb2fe500>,16,19,[ 1 12],17,75,94,58,65
1,<environment.Job instance at 0x7f41bb2fe5a0>,17,24,[10  2],18,65,89,47,65
1,<environment.Job instance at 0x7f41bb2fe640>,18,2,[ 4 13],19,94,96,75,88
1,<environment.Job instance at 0x7f41bb2fe6e0>,19,19,[ 5 10],20,96,115,76,88
1,<environment.Job instance at 0x7f41bb2fe820>,21,28,[ 1 12],22,115,143,93,114
1,<environment.Job instance at 0x7f41fea8d550>,1,27,[9 3],2,2,29,0,2
1,<environment.Job instance at 0x7f41fea8dcd0>,4,2,[ 2 13],5,29,31,24,7
1,<environment.Job instance at 0x7f41fea8d370>,5,26,[ 3 14],6,31,57,25,28
1,<environment.Job instance at 0x7f41fea8da50>,9,25,[8 4],10,57,82,47,53
1,<environment.Job instance at 0x7f42038e1050>,15,3,[14  5],16,82,85,66,56
1,<environment.Job instance at 0x7f42038e14b0>,18,1,[8 1],19,85,86,66,71
1,<environment.Job instance at 0x7f41fed52dc0>,20,15,[6 2],21,85,100,64,85
1,<environment.Job instance at 0x7f41fed524b0>,21,2,[10  4],22,100,102,78,85
1,<environment.Job instance at 0x7f41fed52140>,22,26,[1 6],23,85,111,62,85
1,<environment.Job instance at 0x7f41fed52690>,23,23,[5 5],24,102,125,78,96
1,<environment.Job instance at 0x7f41bb3ee8c0>,2,28,[3 8],3,3,31,0,3
1,<environment.Job instance at 0x7f41fea94d70>,10,21,[11  1],11,14,35,3,14
1,<environment.Job instance at 0x7f41fea94500>,12,24,[8 3],13,35,59,22,30
1,<environment.Job instance at 0x7f41bb482820>,14,23,[ 5 10],15,35,58,20,30
1,<environment.Job instance at 0x7f4203360d70>,15,25,[ 2 14],16,59,84,43,55
1,<environment.Job instance at 0x7f41feb3c280>,4,26,[ 4 10],5,5,31,0,5
1,<environment.Job instance at 0x7f41bafee500>,8,25,[5 5],9,9,34,0,9
1,<environment.Job instance at 0x7f41bafee640>,9,26,[2 9],10,31,57,21,28
1,<environment.Job instance at 0x7f41bafee780>,10,22,[5 3],11,34,56,23,28
1,<environment.Job instance at 0x7f41bafee8c0>,12,27,[10  3],13,56,83,43,54
1,<environment.Job instance at 0x7f41bafee960>,13,1,[ 1 11],14,74,75,60,74
1,<environment.Job instance at 0x7f41bafeeaa0>,15,22,[ 2 11],16,75,97,59,74
1,<environment.Job instance at 0x7f41bafeeb40>,16,23,[8 4],17,83,106,66,77
1,<environment.Job instance at 0x7f41bafeec80>,18,28,[ 4 10],19,97,125,78,96
1,<environment.Job instance at 0x7f41bafeee60>,21,24,[2 6],22,125,149,103,120
1,<environment.Job instance at 0x7f41bae54280>,1,23,[3 6],2,2,25,0,2
1,<environment.Job instance at 0x7f41fed11780>,4,23,[2 6],5,5,28,0,5
1,<environment.Job instance at 0x7f41fed11f00>,7,22,[6 5],8,25,47,17,18
1,<environment.Job instance at 0x7f41fed11730>,8,24,[9 2],9,28,52,19,23
1,<environment.Job instance at 0x7f41feba7500>,13,2,[12  2],14,52,54,38,47
1,<environment.Job instance at 0x7f41fefadd20>,2,25,[8 5],3,3,28,0,3
1,<environment.Job instance at 0x7f4203802a50>,4,24,[13  5],5,28,52,23,23
1,<environment.Job instance at 0x7f42038026e0>,3,2,[14  3],4,52,54,48,25
1,<environment.Job instance at 0x7f420350ef00>,8,27,[ 3 10],9,54,81,45,52
1,<environment.Job instance at 0x7f41bb001e60>,9,19,[8 3],10,54,73,44,52
1,<environment.Job instance at 0x7f4203802dc0>,0,19,[3 8],1,81,100,80,71
1,<environment.Job instance at 0x7f41bb4dd230>,20,19,[6 4],21,105,124,84,105
1,<environment.Job instance at 0x7f41bb49ff00>,2,21,[5 5],3,3,24,0,3
1,<environment.Job instance at 0x7f41fea08c80>,5,25,[3 6],6,6,31,0,6
1,<environment.Job instance at 0x7f41feaaa780>,8,22,[8 3],9,24,46,15,17
1,<environment.Job instance at 0x7f41fe9fe280>,12,2,[12  3],13,46,48,33,37
1,<environment.Job instance at 0x7f41fe9fe460>,15,19,[2 5],16,45,64,29,45
1,<environment.Job instance at 0x7f41fe9fe500>,16,23,[2 5],17,48,71,31,45
1,<environment.Job instance at 0x7f42037f24b0>,2,27,[8 5],3,3,30,0,3
1,<environment.Job instance at 0x7f41bb213870>,7,20,[14  5],8,30,50,22,21
1,<environment.Job instance at 0x7f41bb213780>,13,21,[1 7],14,37,58,23,37
1,<environment.Job instance at 0x7f41bb213be0>,8,25,[ 3 12],9,58,83,49,54
1,<environment.Job instance at 0x7f42037f20f0>,4,25,[ 1 12],5,83,108,78,79
1,<environment.Job instance at 0x7f41bb33cfa0>,17,3,[ 2 13],18,108,111,90,106
1,<environment.Job instance at 0x7f41bb33c780>,19,1,[7 5],20,111,112,91,110
1,<environment.Job instance at 0x7f41bb24b9b0>,21,26,[13  3],22,112,138,90,111
1,<environment.Job instance at 0x7f420350afa0>,4,1,[14  4],5,5,6,0,5
1,<environment.Job instance at 0x7f420350ae10>,5,2,[14  4],6,6,8,0,6
1,<environment.Job instance at 0x7f420350a4b0>,6,24,[2 9],7,8,32,1,7
1,<environment.Job instance at 0x7f420332c410>,4,20,[1 7],5,5,25,0,5
1,<environment.Job instance at 0x7f420332cdc0>,9,28,[1 7],10,10,38,0,10
1,<environment.Job instance at 0x7f420332c910>,8,3,[14  3],9,60,63,51,60
1,<environment.Job instance at 0x7f420325ac30>,16,24,[ 2 12],17,63,87,46,60
1,<environment.Job instance at 0x7f420325a9b0>,4,22,[8 2],5,5,27,0,5
1,<environment.Job instance at 0x7f41fefecc30>,5,27,[4 9],6,6,33,0,6
1,<environment.Job instance at 0x7f41badec370>,10,28,[5 4],11,27,55,16,26
1,<environment.Job instance at 0x7f41ff072af0>,16,3,[12  1],17,55,58,38,41
1,<environment.Job instance at 0x7f41bb5955a0>,7,19,[ 1 11],8,42,61,34,42
1,<environment.Job instance at 0x7f41ff0d3a00>,19,21,[12  4],20,58,79,38,54
1,<environment.Job instance at 0x7f41ff0d3e10>,22,2,[11  5],23,79,81,56,67
1,<environment.Job instance at 0x7f41bad873c0>,23,1,[8 3],24,81,82,57,67
1,<environment.Job instance at 0x7f41fec6f280>,24,28,[13  3],25,82,110,57,81
1,<environment.Job instance at 0x7f41fec6fa00>,27,2,[14  3],28,110,112,82,105
1,<environment.Job instance at 0x7f41ff0d4e10>,29,1,[ 2 12],30,106,107,76,106
1,<environment.Job instance at 0x7f41ff0d48c0>,30,20,[8 3],31,112,132,81,106
1,<environment.Job instance at 0x7f41ff0d4eb0>,31,23,[9 5],32,132,155,100,126
1,<environment.Job instance at 0x7f41bb1bc5f0>,0,20,[4 7],1,1,21,0,1
1,<environment.Job instance at 0x7f4203596640>,5,28,[7 3],6,6,34,0,6
1,<environment.Job instance at 0x7f4203596a00>,9,20,[1 6],10,21,41,11,12
1,<environment.Job instance at 0x7f42035961e0>,11,22,[ 1 10],12,41,63,29,34
1,<environment.Job instance at 0x7f420603c410>,12,28,[13  5],13,34,62,21,34
1,<environment.Job instance at 0x7f420603c6e0>,13,23,[9 3],14,62,85,48,56
1,<environment.Job instance at 0x7f41ff0d40a0>,1,21,[13  2],2,85,106,83,77
1,<environment.Job instance at 0x7f420603cb90>,18,19,[13  3],19,107,126,88,107
1,<environment.Job instance at 0x7f420603cc30>,19,25,[ 3 13],20,126,151,106,122
1,<environment.Job instance at 0x7f420603cdc0>,20,19,[10  2],21,126,145,105,122
1,<environment.Job instance at 0x7f42031c5870>,1,20,[4 7],2,2,22,0,2
1,<environment.Job instance at 0x7f420315c3c0>,4,27,[2 7],5,5,32,0,5
1,<environment.Job instance at 0x7f420315ca00>,12,25,[10  2],13,22,47,9,18
1,<environment.Job instance at 0x7f4203151870>,14,1,[7 3],15,47,48,32,31
1,<environment.Job instance at 0x7f41bb42dd70>,8,25,[2 8],9,9,34,0,9
1,<environment.Job instance at 0x7f41fec40aa0>,3,28,[ 3 14],4,5,33,1,5
1,<environment.Job instance at 0x7f41bb53d3c0>,6,27,[9 4],7,33,60,26,31
1,<environment.Job instance at 0x7f41bb53d870>,9,21,[2 5],10,33,54,23,31
1,<environment.Job instance at 0x7f41bb53d320>,10,1,[13  4],11,60,61,49,49
1,<environment.Job instance at 0x7f41bb53df50>,12,2,[ 5 11],13,54,56,41,52
1,<environment.Job instance at 0x7f41bb53d190>,13,25,[9 4],14,61,86,47,57
1,<environment.Job instance at 0x7f41bb53d820>,16,26,[6 3],17,61,87,44,58
1,<environment.Job instance at 0x7f41bb2b8460>,19,27,[5 7],20,86,113,66,84
1,<environment.Job instance at 0x7f41bb53dfa0>,7,20,[14  4],8,113,133,105,104
1,<environment.Job instance at 0x7f41bb2b8140>,22,1,[ 5 12],23,133,134,110,132
1,<environment.Job instance at 0x7f41bb2b87d0>,23,27,[ 2 10],24,134,161,110,132
1,<environment.Job instance at 0x7f41babf8f50>,1,23,[10  4],2,2,25,0,2
1,<environment.Job instance at 0x7f41babf8870>,4,21,[ 3 13],5,25,46,20,17
1,<environment.Job instance at 0x7f41babf8550>,0,3,[11  1],1,26,29,25,26
1,<environment.Job instance at 0x7f1fa8a0b1e0>,4,24,[ 3 11],5,5,29,0,5
1,<environment.Job instance at 0x7f1fa8a0b5f0>,8,24,[ 2 10],9,29,53,20,24
1,<environment.Job instance at 0x7f1fa8a0b870>,14,21,[ 3 11],15,53,74,38,45
1,<environment.Job instance at 0x7f1fa8a0bb90>,19,21,[8 5],20,74,95,54,66
1,<environment.Job instance at 0x7f1fa8a0bcd0>,21,22,[8 2],22,95,117,73,88
1,<environment.Job instance at 0x7f1fa8a0beb0>,24,2,[ 3 12],25,95,97,70,88
1,<environment.Job instance at 0x7f1fa8a0d190>,26,20,[4 8],27,97,117,70,89
1,<environment.Job instance at 0x7f1fa8a0d3c0>,27,25,[14  4],28,117,142,89,113
1,<environment.Job instance at 0x7f1fa8a0d820>,34,20,[5 3],35,142,162,107,133
1,<environment.Job instance at 0x7f1fa8a25c30>,1,24,[12  2],2,2,26,0,2
1,<environment.Job instance at 0x7f1fa8a0da50>,2,26,[ 3 11],3,7,33,4,7
1,<environment.Job instance at 0x7f1faff87a00>,8,24,[8 5],9,33,57,24,28
1,<environment.Job instance at 0x7f1faff876e0>,7,1,[ 5 12],8,57,58,49,30
1,<environment.Job instance at 0x7f1fafe42dc0>,13,20,[14  2],14,58,78,44,49
1,<environment.Job instance at 0x7f1f64d007d0>,0,1,[11  3],1,3,4,2,3
1,<environment.Job instance at 0x7f1f64d00b90>,5,24,[8 2],6,6,30,0,6
1,<environment.Job instance at 0x7f1faff82910>,8,22,[9 3],9,30,52,21,23
1,<environment.Job instance at 0x7f1f64cf1a50>,11,25,[10  5],12,52,77,40,48
1,<environment.Job instance at 0x7f1f64cf1dc0>,10,26,[4 7],11,48,74,37,48
1,<environment.Job instance at 0x7f1f64cf1820>,16,20,[ 3 11],17,77,97,60,68
1,<environment.Job instance at 0x7f1f64cf19b0>,21,25,[5 1],22,74,99,52,70
1,<environment.Job instance at 0x7f1f64cde280>,25,24,[9 3],26,97,121,71,92
1,<environment.Job instance at 0x7f1f64dd05f0>,3,27,[ 3 14],4,6,33,2,6
1,<environment.Job instance at 0x7f1f6515f820>,7,28,[13  5],8,33,61,25,32
1,<environment.Job instance at 0x7f1f6515faa0>,10,22,[5 6],11,61,83,50,54
1,<environment.Job instance at 0x7f1f651d0c30>,18,2,[7 2],19,79,81,60,79
1,<environment.Job instance at 0x7f1f651d0aa0>,21,25,[7 3],22,95,120,73,95
1,<environment.Job instance at 0x7f1f651d04b0>,22,20,[2 8],23,95,115,72,95
1,<environment.Job instance at 0x7f1f651d07d0>,23,27,[ 5 13],24,120,147,96,118
1,<environment.Job instance at 0x7f1f651d0960>,26,21,[5 4],27,147,168,120,146
1,<environment.Job instance at 0x7f1fa8d02190>,0,26,[14  4],1,1,27,0,1
1,<environment.Job instance at 0x7f1fa8e6e190>,4,24,[9 2],5,27,51,22,22
1,<environment.Job instance at 0x7f1fa8e6e2d0>,7,27,[2 7],8,27,54,19,25
1,<environment.Job instance at 0x7f1fa8e6e410>,10,22,[1 8],11,51,73,40,44
1,<environment.Job instance at 0x7f1fa8e6e4b0>,11,28,[ 3 12],12,73,101,61,72
1,<environment.Job instance at 0x7f1fa8e6e550>,12,24,[ 4 10],13,101,125,88,96
1,<environment.Job instance at 0x7f1fa8e6e5f0>,13,25,[11  2],14,96,121,82,96
1,<environment.Job instance at 0x7f1fab4415a0>,0,25,[7 5],1,1,26,0,1
1,<environment.Job instance at 0x7f1fa8e6eb40>,1,21,[7 5],2,2,23,0,2
1,<environment.Job instance at 0x7f1fab441230>,5,28,[8 5],6,23,51,17,22
1,<environment.Job instance at 0x7f1fab441cd0>,7,23,[8 4],8,51,74,43,45
1,<environment.Job instance at 0x7f1fab441b90>,4,23,[9 4],5,74,97,69,68
1,<environment.Job instance at 0x7f1fab4b3d70>,13,20,[9 4],14,97,117,83,88
1,<environment.Job instance at 0x7f1fab4b3690>,14,20,[5 1],15,88,108,73,88
1,<environment.Job instance at 0x7f1fab4b3370>,18,25,[12  1],19,117,142,98,113
1,<environment.Job instance at 0x7f1fab4b3230>,22,24,[9 5],23,142,166,119,137
1,<environment.Job instance at 0x7f1fab4b3280>,26,3,[4 8],27,142,145,115,140
1,<environment.Job instance at 0x7f1fab4b3050>,28,2,[1 6],29,140,142,111,140
1,<environment.Job instance at 0x7f1fa8eaf0a0>,0,25,[14  5],1,1,26,0,1
1,<environment.Job instance at 0x7f1fa8eaf5f0>,2,28,[7 1],3,26,54,23,25
1,<environment.Job instance at 0x7f1fa8b6efa0>,6,26,[3 8],7,26,52,19,25
1,<environment.Job instance at 0x7f1fa8b6e2d0>,7,26,[10  5],8,54,80,46,51
1,<environment.Job instance at 0x7f1fab4b3be0>,1,2,[ 2 12],2,80,82,78,73
1,<environment.Job instance at 0x7f1fa8b6e4b0>,10,24,[1 6],11,82,106,71,77
1,<environment.Job instance at 0x7f1fa8b6e6e0>,12,24,[5 8],13,82,106,69,78
1,<environment.Job instance at 0x7f1fa8b6ef50>,13,20,[1 8],14,106,126,92,97
1,<environment.Job instance at 0x7f1fa8b6e780>,14,22,[7 2],15,106,128,91,99
1,<environment.Job instance at 0x7f1fab5a11e0>,17,21,[4 9],18,126,147,108,118
1,<environment.Job instance at 0x7f1f64e14050>,19,21,[ 4 11],20,147,168,127,139
1,<environment.Job instance at 0x7f1fa8cf02d0>,21,23,[8 4],22,139,162,117,139
1,<environment.Job instance at 0x7f1f65147960>,0,25,[5 8],1,1,26,0,1
1,<environment.Job instance at 0x7f1fab56ddc0>,8,24,[11  3],9,26,50,17,21
1,<environment.Job instance at 0x7f1fab56dc30>,12,25,[1 8],13,26,51,13,22
1,<environment.Job instance at 0x7f1fab56dfa0>,13,27,[ 3 12],14,51,78,37,49
1,<environment.Job instance at 0x7f1fab56deb0>,10,26,[ 1 12],11,78,104,67,75
1,<environment.Job instance at 0x7f1fab580190>,16,21,[8 3],17,75,96,58,75
1,<environment.Job instance at 0x7f1fab580230>,17,28,[11  4],18,104,132,86,103
1,<environment.Job instance at 0x7f1fab5802d0>,18,26,[5 7],19,132,158,113,129
1,<environment.Job instance at 0x7f1fab580370>,19,2,[5 1],20,132,134,112,129
1,<environment.Job instance at 0x7f1fa8bbd0a0>,1,24,[10  2],2,2,26,0,2
1,<environment.Job instance at 0x7f1fab066640>,7,21,[12  1],8,26,47,18,24
1,<environment.Job instance at 0x7f1fa8bbde10>,3,3,[ 2 14],4,46,49,42,46
1,<environment.Job instance at 0x7f1faff89910>,9,26,[1 9],10,49,75,39,46
1,<environment.Job instance at 0x7f1fa8a6f7d0>,12,26,[13  5],13,49,75,36,46
1,<environment.Job instance at 0x7f1fab4aed20>,13,25,[13  3],14,75,100,61,71
1,<environment.Job instance at 0x7f1fa89ab460>,14,22,[ 5 10],15,100,122,85,93
1,<environment.Job instance at 0x7f1fa8bbdb90>,5,19,[11  3],6,122,141,116,121
1,<environment.Job instance at 0x7f1fab1ca910>,17,26,[3 8],18,130,156,112,130
1,<environment.Job instance at 0x7f1f650be910>,0,20,[4 8],1,1,21,0,1
1,<environment.Job instance at 0x7f1f64cc4460>,2,27,[2 9],3,21,48,18,19
1,<environment.Job instance at 0x7f1f653bbb90>,7,23,[10  1],8,19,42,11,19
1,<environment.Job instance at 0x7f1f651fb050>,8,22,[8 1],9,42,64,33,35
1,<environment.Job instance at 0x7f1fa89ad190>,11,27,[3 9],12,48,75,36,46
1,<environment.Job instance at 0x7f1fa89adcd0>,12,28,[3 8],13,75,103,62,74
1,<environment.Job instance at 0x7f1fab3d1a50>,13,23,[ 5 10],14,103,126,89,97
1,<environment.Job instance at 0x7f1fab3d1140>,16,1,[ 4 13],17,126,127,109,106
1,<environment.Job instance at 0x7f1fab3d1c80>,5,22,[3 6],6,6,28,0,6
1,<environment.Job instance at 0x7f1fa88835f0>,9,20,[11  5],10,10,30,0,10
1,<environment.Job instance at 0x7f1fa88834b0>,13,27,[ 1 10],14,28,55,14,26
1,<environment.Job instance at 0x7f1fa88837d0>,12,19,[7 3],13,30,49,17,26
1,<environment.Job instance at 0x7f1fa8883a50>,15,25,[ 5 11],16,55,80,39,51
1,<environment.Job instance at 0x7f1fa8883b90>,17,1,[1 7],18,80,81,62,54
1,<environment.Job instance at 0x7f1fa8883a00>,18,20,[5 1],19,54,74,35,54
1,<environment.Job instance at 0x7f1fa8883d70>,19,28,[6 3],20,74,102,54,73
1,<environment.Job instance at 0x7f1fa8ad6be0>,2,19,[ 2 12],3,88,107,85,88
1,<environment.Job instance at 0x7f1fa8883eb0>,23,23,[4 5],24,107,130,83,101
1,<environment.Job instance at 0x7f1fa8874460>,26,22,[ 2 12],27,130,152,103,123
1,<environment.Job instance at 0x7f1fa8883fa0>,22,19,[ 3 12],23,152,171,129,147
1,<environment.Job instance at 0x7f1f64bd7960>,1,28,[5 5],2,2,30,0,2
1,<environment.Job instance at 0x7f1f650cba50>,4,21,[4 8],5,5,26,0,5
1,<environment.Job instance at 0x7f1f650cb460>,9,26,[1 9],10,26,52,16,23
1,<environment.Job instance at 0x7f1f64f6daa0>,10,28,[9 3],11,30,58,19,29
1,<environment.Job instance at 0x7f1f64f6d960>,12,28,[5 3],13,30,58,17,29
1,<environment.Job instance at 0x7f1f64f6daf0>,14,20,[4 9],15,58,78,43,50
1,<environment.Job instance at 0x7f1f64bc9f50>,17,24,[ 2 13],18,78,102,60,74
1,<environment.Job instance at 0x7f1f64f6d6e0>,16,22,[ 2 11],17,102,124,85,96
1,<environment.Job instance at 0x7f1f64f6db40>,15,1,[ 3 13],16,124,125,108,114
1,<environment.Job instance at 0x7f1f64bc9500>,26,22,[ 1 14],27,125,147,98,118
1,<environment.Job instance at 0x7f1f64bc9f00>,27,2,[14  4],28,147,149,119,144
1,<environment.Job instance at 0x7f1fa8bf4f50>,29,27,[4 9],30,149,176,119,147
1,<environment.Job instance at 0x7f1fa8de9b90>,1,22,[10  4],2,2,24,0,2
1,<environment.Job instance at 0x7f1fab4a8640>,6,26,[14  4],7,24,50,17,21
1,<environment.Job instance at 0x7f1fab4a8e60>,8,23,[ 1 11],9,21,44,12,21
1,<environment.Job instance at 0x7f1fa8949af0>,13,22,[4 8],14,50,72,36,43
1,<environment.Job instance at 0x7f1fa8949820>,14,1,[9 5],15,50,51,35,43
1,<environment.Job instance at 0x7f1fa8949f50>,16,22,[4 7],17,51,73,34,44
1,<environment.Job instance at 0x7f1fab4a8140>,4,25,[ 1 14],5,73,98,68,69
1,<environment.Job instance at 0x7f1fa8949cd0>,18,22,[3 5],19,98,120,79,91
1,<environment.Job instance at 0x7f1fa8949be0>,19,1,[3 9],20,98,99,78,91
1,<environment.Job instance at 0x7f1fa8b90e60>,24,20,[1 7],25,99,119,74,91
1,<environment.Job instance at 0x7f1fa8b90820>,28,3,[14  3],29,120,123,91,119
1,<environment.Job instance at 0x7f1fa8b901e0>,29,28,[1 7],30,119,147,89,119
1,<environment.Job instance at 0x7f1fa8984690>,32,1,[3 9],33,147,148,114,124
1,<environment.Job instance at 0x7f1fa8cdb0f0>,0,24,[7 1],1,1,25,0,1
1,<environment.Job instance at 0x7f1fa8949320>,1,21,[1 9],2,2,23,0,2
1,<environment.Job instance at 0x7f1f653b6050>,5,27,[ 4 13],6,23,50,17,21
1,<environment.Job instance at 0x7f1f653d0870>,14,22,[8 2],15,25,47,10,24
1,<environment.Job instance at 0x7f1f653d07d0>,15,27,[4 9],16,50,77,34,48
1,<environment.Job instance at 0x7f1f653d0b90>,17,19,[ 1 11],18,77,96,59,67
1,<environment.Job instance at 0x7f1f653d0c30>,20,28,[5 4],21,67,95,46,67
1,<environment.Job instance at 0x7f1f64d32fa0>,0,20,[4 7],1,1,21,0,1
1,<environment.Job instance at 0x7f1f64aa39b0>,5,28,[7 3],6,6,34,0,6
1,<environment.Job instance at 0x7f1f653d00a0>,1,21,[13  2],2,34,55,32,26
1,<environment.Job instance at 0x7f1fab10e370>,9,20,[1 6],10,26,46,16,26
1,<environment.Job instance at 0x7f1fa8975050>,11,22,[ 1 10],12,46,68,34,39
1,<environment.Job instance at 0x7f1fa8873f00>,12,28,[13  5],13,55,83,42,54
1,<environment.Job instance at 0x7f1f652a5c30>,13,23,[9 3],14,83,106,69,77
1,<environment.Job instance at 0x7f1f64d479b0>,18,19,[13  3],19,114,133,95,114
1,<environment.Job instance at 0x7f1f64d47cd0>,19,25,[ 3 13],20,133,158,113,129
1,<environment.Job instance at 0x7f1f64ccdfa0>,2,25,[10  2],3,3,28,0,3
1,<environment.Job instance at 0x7f1f6cc5a730>,8,23,[1 9],9,9,32,0,9
1,<environment.Job instance at 0x7f1faff81be0>,10,22,[5 8],11,32,54,21,25
1,<environment.Job instance at 0x7f1fa8a26370>,13,20,[3 9],14,54,74,40,45
1,<environment.Job instance at 0x7f1f64ccd730>,1,13,[13  1],2,105,118,103,105
1,<environment.Job instance at 0x7f1fa8d78e60>,0,24,[7 4],1,1,25,0,1
1,<environment.Job instance at 0x7f1fa8ec8780>,6,24,[14  1],7,25,49,18,20
1,<environment.Job instance at 0x7f1fa8ec8640>,7,25,[10  3],8,49,74,41,45
1,<environment.Job instance at 0x7f1fa8ec88c0>,8,27,[7 2],9,74,101,65,72
1,<environment.Job instance at 0x7f1fa8ec8820>,9,22,[6 3],10,74,96,64,72
1,<environment.Job instance at 0x7f1fa8ec8e10>,12,25,[5 6],13,96,121,83,92
1,<environment.Job instance at 0x7f1fa8efa190>,16,23,[ 2 11],17,121,144,104,115
1,<environment.Job instance at 0x7f1fa8efa050>,18,28,[5 5],19,144,172,125,143
1,<environment.Job instance at 0x7f1fa8efae60>,3,24,[7 4],4,4,28,0,4
1,<environment.Job instance at 0x7f1fa887d3c0>,7,1,[ 3 10],8,8,9,0,8
1,<environment.Job instance at 0x7f1f64bff1e0>,10,22,[1 8],11,11,33,0,11
1,<environment.Job instance at 0x7f1fb009c190>,14,20,[12  1],15,28,48,13,22
1,<environment.Job instance at 0x7f1fab1693c0>,16,24,[ 3 14],17,33,57,16,28
1,<environment.Job instance at 0x7f1f64b5aeb0>,17,25,[10  2],18,57,82,39,53
1,<environment.Job instance at 0x7f1fab169140>,19,19,[5 5],20,57,76,37,53
1,<environment.Job instance at 0x7f1f64a20500>,22,24,[9 4],23,82,106,59,77
1,<environment.Job instance at 0x7f1f652e0c80>,25,28,[14  4],26,106,134,80,105
1,<environment.Job instance at 0x7f1f651050f0>,2,28,[8 5],3,3,31,0,3
1,<environment.Job instance at 0x7f1f64997aa0>,11,19,[ 2 12],12,37,56,25,37
1,<environment.Job instance at 0x7f1f6524f5a0>,0,21,[9 1],1,1,22,0,1
1,<environment.Job instance at 0x7f1f6524faf0>,2,23,[4 8],3,3,26,0,3
1,<environment.Job instance at 0x7f1f6510e410>,9,27,[9 3],10,22,49,12,20
1,<environment.Job instance at 0x7f1f6510e0f0>,8,27,[13  2],9,49,76,40,47
1,<environment.Job instance at 0x7f30c21f42d0>,4,24,[ 3 11],5,5,29,0,5
1,<environment.Job instance at 0x7f30c21f4640>,8,24,[ 2 10],9,29,53,20,24
1,<environment.Job instance at 0x7f30c21f4910>,14,21,[ 3 11],15,53,74,38,45
1,<environment.Job instance at 0x7f30c21f4a50>,15,20,[3 5],16,74,94,58,65
1,<environment.Job instance at 0x7f30c21f4d20>,19,21,[8 5],20,74,95,54,71
1,<environment.Job instance at 0x7f30c21f4f50>,21,22,[8 2],22,95,117,73,88
1,<environment.Job instance at 0x7f30c21f8370>,24,2,[ 3 12],25,95,97,70,94
1,<environment.Job instance at 0x7f30c21f80a0>,26,20,[4 8],27,97,117,70,95
1,<environment.Job instance at 0x7f30c21f83c0>,27,25,[14  4],28,117,142,89,113
1,<environment.Job instance at 0x7f30c21f8820>,34,20,[5 3],35,142,162,107,133
1,<environment.Job instance at 0x7f30c21f4c80>,20,21,[13  5],21,162,183,141,154
1,<environment.Job instance at 0x7f30c962b5f0>,3,20,[14  2],4,5,25,1,5
1,<environment.Job instance at 0x7f307e4529b0>,1,25,[5 1],2,2,27,0,2
1,<environment.Job instance at 0x7f307e452c80>,5,24,[9 3],6,6,30,0,6
1,<environment.Job instance at 0x7f307e49d730>,8,24,[ 2 13],9,30,54,21,25
1,<environment.Job instance at 0x7f307e49d050>,12,22,[4 8],13,54,76,41,54
1,<environment.Job instance at 0x7f307e452b40>,9,3,[ 2 14],10,76,79,66,54
1,<environment.Job instance at 0x7f307e49dd70>,15,24,[6 1],16,54,78,38,54
1,<environment.Job instance at 0x7f307e49deb0>,18,19,[ 5 13],19,79,98,60,76
1,<environment.Job instance at 0x7f307e49d0a0>,22,26,[5 3],23,98,124,75,95
1,<environment.Job instance at 0x7f307e531e60>,0,21,[5 6],1,1,22,0,1
1,<environment.Job instance at 0x7f307e840c30>,3,23,[10  3],4,4,27,0,4
1,<environment.Job instance at 0x7f307e4b5320>,5,26,[14  5],6,27,53,21,24
1,<environment.Job instance at 0x7f307e840910>,4,24,[4 8],5,53,77,48,48
1,<environment.Job instance at 0x7f307e4b5f00>,8,2,[7 2],9,53,55,44,48
1,<environment.Job instance at 0x7f307e4b5af0>,10,1,[1 6],11,48,49,37,48
1,<environment.Job instance at 0x7f307e4b5e60>,11,22,[6 4],12,55,77,43,48
1,<environment.Job instance at 0x7f307e4b5730>,17,28,[7 5],18,77,105,59,76
1,<environment.Job instance at 0x7f307e4b5eb0>,12,28,[12  4],13,105,133,92,104
1,<environment.Job instance at 0x7f307e4b55f0>,20,21,[9 1],21,133,154,112,125
1,<environment.Job instance at 0x7f307e4b5c80>,13,1,[11  1],14,154,155,140,127
1,<environment.Job instance at 0x7f307e4b57d0>,22,19,[2 7],23,127,146,104,127
1,<environment.Job instance at 0x7f307e4b53c0>,23,24,[1 9],24,146,170,122,141
1,<environment.Job instance at 0x7f307e83a4b0>,2,2,[7 2],3,3,5,0,3
1,<environment.Job instance at 0x7f307e8f8410>,6,2,[13  3],7,23,25,16,23
1,<environment.Job instance at 0x7f307e8f8960>,12,20,[4 5],13,25,45,12,23
1,<environment.Job instance at 0x7f307e8f8af0>,13,23,[6 5],14,25,48,11,23
1,<environment.Job instance at 0x7f307e8f8c80>,15,2,[ 5 13],16,48,50,32,23
1,<environment.Job instance at 0x7f307e8f8cd0>,16,27,[4 6],17,50,77,33,48
1,<environment.Job instance at 0x7f307e8f8d70>,17,1,[4 9],18,50,51,32,48
1,<environment.Job instance at 0x7f307e8f8eb0>,19,21,[9 2],20,51,72,31,48
1,<environment.Job instance at 0x7f307e8f8f50>,20,22,[ 3 12],21,77,99,56,70
1,<environment.Job instance at 0x7f307e8f84b0>,22,22,[9 1],23,72,94,49,70
1,<environment.Job instance at 0x7f307e8f4640>,28,22,[8 4],29,99,121,70,92
1,<environment.Job instance at 0x7f307e8f4820>,31,22,[7 5],32,111,133,79,111
1,<environment.Job instance at 0x7f307e8f47d0>,1,26,[13  1],2,2,28,0,2
1,<environment.Job instance at 0x7f30c2519690>,6,25,[3 9],7,28,53,21,24
1,<environment.Job instance at 0x7f30c90a4730>,15,19,[4 5],16,59,78,43,59
1,<environment.Job instance at 0x7f30c915d460>,20,1,[5 8],21,73,74,52,73
1,<environment.Job instance at 0x7f30c915d9b0>,25,23,[9 4],26,93,116,67,93
1,<environment.Job instance at 0x7f30c25b4fa0>,26,21,[8 2],27,116,137,89,108
1,<environment.Job instance at 0x7f30c25b4050>,27,21,[ 5 13],28,116,137,88,108
1,<environment.Job instance at 0x7f30c25b4f00>,32,28,[10  3],33,137,165,104,136
1,<environment.Job instance at 0x7f307e448370>,0,27,[ 2 10],1,1,28,0,1
1,<environment.Job instance at 0x7f307e5b8fa0>,5,28,[ 2 14],6,28,56,22,27
1,<environment.Job instance at 0x7f307e47f0a0>,6,28,[5 1],7,34,62,27,34
1,<environment.Job instance at 0x7f307e47f280>,7,22,[8 3],8,56,78,48,49
1,<environment.Job instance at 0x7f30c23487d0>,10,21,[9 1],11,78,99,67,70
1,<environment.Job instance at 0x7f30c22d1eb0>,11,21,[8 2],12,99,120,87,91
1,<environment.Job instance at 0x7f30c2348a00>,9,21,[ 1 11],10,91,112,81,91
1,<environment.Job instance at 0x7f30c22d14b0>,13,21,[8 3],14,120,141,106,112
1,<environment.Job instance at 0x7f30c8aa8730>,15,26,[2 9],16,112,138,96,112
1,<environment.Job instance at 0x7f307e5b8f00>,3,2,[ 1 13],4,141,143,137,135
1,<environment.Job instance at 0x7f307e8b97d0>,19,27,[ 4 13],20,143,170,123,141
1,<environment.Job instance at 0x7f30c26e6190>,1,23,[3 6],2,2,25,0,2
1,<environment.Job instance at 0x7f30c22eef50>,4,23,[2 6],5,5,28,0,5
1,<environment.Job instance at 0x7f30c8c82e10>,7,22,[6 5],8,25,47,17,18
1,<environment.Job instance at 0x7f30c8c82fa0>,8,24,[9 2],9,28,52,19,23
1,<environment.Job instance at 0x7f30c8cb7320>,13,2,[12  2],14,52,54,38,49
1,<environment.Job instance at 0x7f30c8b8b5f0>,8,22,[6 4],9,9,31,0,9
1,<environment.Job instance at 0x7f307eb04460>,12,23,[12  3],13,31,54,18,25
1,<environment.Job instance at 0x7f30c8b8b460>,13,28,[4 7],14,54,82,40,53
1,<environment.Job instance at 0x7f30c8c4c7d0>,17,24,[1 7],18,53,77,35,53
1,<environment.Job instance at 0x7f30c8b93960>,20,1,[3 9],21,82,83,61,59
1,<environment.Job instance at 0x7f307e61f780>,21,23,[13  4],22,83,106,61,77
1,<environment.Job instance at 0x7f307eb39500>,23,26,[1 9],24,83,109,59,80
1,<environment.Job instance at 0x7f30c9058230>,24,25,[5 4],25,106,131,81,102
1,<environment.Job instance at 0x7f30c268ffa0>,25,22,[ 2 10],26,109,131,83,102
1,<environment.Job instance at 0x7f307ea5f7d0>,5,20,[ 4 10],6,6,26,0,6
1,<environment.Job instance at 0x7f307e8515a0>,11,24,[ 4 11],12,28,52,16,28
1,<environment.Job instance at 0x7f307e851780>,12,24,[4 8],13,52,76,39,47
1,<environment.Job instance at 0x7f307e851140>,13,21,[9 5],14,52,73,38,47
1,<environment.Job instance at 0x7f307e8510a0>,14,25,[5 4],15,73,98,58,69
1,<environment.Job instance at 0x7f307e937dc0>,18,1,[3 7],19,76,77,57,75
1,<environment.Job instance at 0x7f30c8b51eb0>,19,26,[8 5],20,77,103,57,75
1,<environment.Job instance at 0x7f307eae3550>,0,19,[ 4 11],1,103,122,102,98
1,<environment.Job instance at 0x7f30c8b885a0>,27,23,[6 2],28,102,125,74,102
1,<environment.Job instance at 0x7f30c1ff47d0>,1,28,[9 4],2,2,30,0,2
1,<environment.Job instance at 0x7f30c8b5c2d0>,2,28,[13  4],3,30,58,27,29
1,<environment.Job instance at 0x7f30c90241e0>,12,21,[3 9],13,58,79,45,50
1,<environment.Job instance at 0x7f30c25cf460>,15,23,[ 4 10],16,79,102,63,73
1,<environment.Job instance at 0x7f307e990410>,0,22,[1 6],1,1,23,0,1
1,<environment.Job instance at 0x7f307e9902d0>,5,24,[5 2],6,6,30,0,6
1,<environment.Job instance at 0x7f307e990780>,7,22,[ 4 10],8,23,45,15,16
1,<environment.Job instance at 0x7f30c201fd70>,4,23,[5 5],5,5,28,0,5
1,<environment.Job instance at 0x7f307e292320>,0,25,[5 8],1,1,26,0,1
1,<environment.Job instance at 0x7f307e2928c0>,1,28,[3 6],2,2,30,0,2
1,<environment.Job instance at 0x7f30c8f6c820>,6,28,[5 3],7,26,54,19,25
1,<environment.Job instance at 0x7f30c2405370>,7,23,[10  1],8,30,53,22,25
1,<environment.Job instance at 0x7f307e292a00>,2,20,[9 1],3,53,73,50,45
1,<environment.Job instance at 0x7f30c8eae050>,8,21,[7 1],9,73,94,64,65
1,<environment.Job instance at 0x7f307e401dc0>,10,24,[11  2],11,94,118,83,89
1,<environment.Job instance at 0x7f30c8a05230>,15,24,[7 2],16,118,142,102,113
1,<environment.Job instance at 0x7f30c2024690>,17,27,[5 1],18,118,145,100,116
1,<environment.Job instance at 0x7f30c8a05c80>,18,22,[10  5],19,142,164,123,135
1,<environment.Job instance at 0x7f307e2faa00>,20,20,[4 7],21,145,165,124,136
1,<environment.Job instance at 0x7f30c224ae60>,1,20,[4 7],2,2,22,0,2
1,<environment.Job instance at 0x7f307e334370>,3,21,[5 1],4,4,25,0,4
1,<environment.Job instance at 0x7f30c8e866e0>,4,27,[2 7],5,6,33,1,6
1,<environment.Job instance at 0x7f30c1ff02d0>,12,25,[10  2],13,25,50,12,21
1,<environment.Job instance at 0x7f307e5d78c0>,0,24,[7 4],1,1,25,0,1
1,<environment.Job instance at 0x7f307e5d7c80>,6,24,[14  1],7,25,49,18,20
1,<environment.Job instance at 0x7f30c25a4550>,7,25,[10  3],8,49,74,41,45
1,<environment.Job instance at 0x7f30c25a46e0>,8,27,[7 2],9,74,101,65,72
1,<environment.Job instance at 0x7f30c25a4140>,9,22,[6 3],10,74,96,64,72
1,<environment.Job instance at 0x7f30c25a4f50>,12,25,[5 6],13,96,121,83,92
1,<environment.Job instance at 0x7f30c25a4690>,16,23,[ 2 11],17,121,144,104,115
1,<environment.Job instance at 0x7f30c25a4c30>,18,28,[5 5],19,144,172,125,143
1,<environment.Job instance at 0x7f30c8ef0870>,0,22,[1 8],1,1,23,0,1
1,<environment.Job instance at 0x7f30c8ac8a00>,6,24,[ 3 14],7,23,47,16,18
1,<environment.Job instance at 0x7f30c8d39640>,12,24,[9 4],13,47,71,34,42
1,<environment.Job instance at 0x7f30c8ac85a0>,7,25,[10  2],8,71,96,63,67
1,<environment.Job instance at 0x7f30c8d39230>,15,28,[14  4],16,96,124,80,95
1,<environment.Job instance at 0x7f30c8ef04b0>,4,20,[12  1],5,124,144,119,120
1,<environment.Job instance at 0x7f307e4e4140>,1,20,[14  5],2,2,22,0,2
1,<environment.Job instance at 0x7f30c24fb870>,9,25,[5 5],10,22,47,12,18
1,<environment.Job instance at 0x7f30c24fbaa0>,11,28,[1 5],12,28,56,16,28
1,<environment.Job instance at 0x7f30c24fb960>,12,2,[ 5 11],13,56,58,43,46
1,<environment.Job instance at 0x7f30c24fbd70>,15,20,[5 3],16,46,66,30,46
1,<environment.Job instance at 0x7f30c24fbcd0>,16,28,[7 1],17,58,86,41,57
1,<environment.Job instance at 0x7f30c24fb640>,18,27,[ 1 10],19,58,85,39,57
1,<environment.Job instance at 0x7f30c24fb550>,5,19,[11  5],6,86,105,80,79
1,<environment.Job instance at 0x7f30c8c03dc0>,0,22,[8 5],1,1,23,0,1
1,<environment.Job instance at 0x7f30c25123c0>,1,27,[6 5],2,2,29,0,2
1,<environment.Job instance at 0x7f307e6c3d70>,2,28,[13  5],3,29,57,26,28
1,<environment.Job instance at 0x7f307e6c3c80>,4,27,[6 2],5,57,84,52,55
1,<environment.Job instance at 0x7f30c262a320>,11,28,[12  1],12,84,112,72,83
1,<environment.Job instance at 0x7f30c2047d20>,16,24,[10  4],17,112,136,95,107
1,<environment.Job instance at 0x7f307e4ab640>,19,20,[8 5],20,136,156,116,127
1,<environment.Job instance at 0x7f307e4abaa0>,20,25,[3 5],21,127,152,106,127
1,<environment.Job instance at 0x7f307e873820>,21,28,[5 8],22,152,180,130,151
1,<environment.Job instance at 0x7f307e8d1280>,1,2,[5 9],2,2,4,0,2
1,<environment.Job instance at 0x7f307e45afa0>,6,22,[ 4 10],7,7,29,0,7
1,<environment.Job instance at 0x7f30c262af50>,7,1,[ 1 12],8,29,30,21,10
1,<environment.Job instance at 0x7f30c20288c0>,12,23,[10  2],13,13,36,0,13
1,<environment.Job instance at 0x7f30c8cb89b0>,15,23,[1 6],16,30,53,14,24
1,<environment.Job instance at 0x7f30c2118640>,16,26,[2 9],17,36,62,19,33
1,<environment.Job instance at 0x7f30c8cb8370>,17,28,[13  1],18,53,81,35,52
1,<environment.Job instance at 0x7f30c2108a00>,26,22,[13  4],27,82,104,55,82
1,<environment.Job instance at 0x7f8594257d70>,4,24,[ 3 11],5,5,29,0,5
1,<environment.Job instance at 0x7f858cdbe5f0>,8,24,[ 2 10],9,29,53,20,24
1,<environment.Job instance at 0x7f858cdbe910>,15,20,[3 5],16,44,64,28,44
1,<environment.Job instance at 0x7f858cdbe9b0>,16,19,[ 3 10],17,53,72,36,53
1,<environment.Job instance at 0x7f858cdbeb90>,19,21,[8 5],20,64,85,44,56
1,<environment.Job instance at 0x7f858cdbe870>,14,21,[ 3 11],15,85,106,70,77
1,<environment.Job instance at 0x7f858cdbecd0>,21,22,[8 2],22,85,107,63,78
1,<environment.Job instance at 0x7f858cdbec30>,20,21,[13  5],21,107,128,86,99
1,<environment.Job instance at 0x7f858cdbefa0>,26,20,[4 8],27,128,148,101,119
1,<environment.Job instance at 0x7f858cdc02d0>,27,25,[14  4],28,148,173,120,144
1,<environment.Job instance at 0x7f8552a84230>,0,22,[11  3],1,1,23,0,1
1,<environment.Job instance at 0x7f8594335410>,4,21,[9 1],5,23,44,18,15
1,<environment.Job instance at 0x7f8594335e10>,8,27,[9 4],9,44,71,35,42
1,<environment.Job instance at 0x7f8594335c80>,9,25,[3 9],10,42,67,32,42
1,<environment.Job instance at 0x7f85941f61e0>,15,19,[5 1],16,67,86,51,57
1,<environment.Job instance at 0x7f85941f6be0>,13,23,[ 2 14],14,71,94,57,65
1,<environment.Job instance at 0x7f85941f6d20>,18,28,[4 7],19,94,122,75,93
1,<environment.Job instance at 0x7f85941f6690>,19,26,[3 6],20,94,120,74,93
1,<environment.Job instance at 0x7f85941f6910>,17,22,[1 7],18,120,142,102,113
1,<environment.Job instance at 0x7f8594335780>,6,19,[ 5 14],7,142,161,135,140
1,<environment.Job instance at 0x7f85941f6b40>,24,2,[ 1 11],25,161,163,136,155
1,<environment.Job instance at 0x7f859433ca00>,30,23,[5 8],31,166,189,135,166
1,<environment.Job instance at 0x7f859433c820>,2,26,[5 3],3,3,29,0,3
1,<environment.Job instance at 0x7f85491c4500>,5,20,[7 3],6,6,26,0,6
1,<environment.Job instance at 0x7f85491c4780>,6,27,[2 8],7,7,34,0,7
1,<environment.Job instance at 0x7f8549183500>,10,24,[ 5 11],11,34,58,23,29
1,<environment.Job instance at 0x7f8549183780>,12,27,[4 6],13,58,85,45,56
1,<environment.Job instance at 0x7f8549077820>,0,28,[7 2],1,1,29,0,1
1,<environment.Job instance at 0x7f8549077460>,1,20,[8 3],2,2,22,0,2
1,<environment.Job instance at 0x7f85490778c0>,2,25,[5 7],3,22,47,19,18
1,<environment.Job instance at 0x7f8549077af0>,5,21,[ 5 13],6,47,68,41,39
1,<environment.Job instance at 0x7f8549077410>,9,22,[12  5],10,68,90,58,61
1,<environment.Job instance at 0x7f8549077be0>,10,23,[7 1],11,90,113,79,84
1,<environment.Job instance at 0x7f854905e280>,12,2,[2 5],13,84,86,71,84
1,<environment.Job instance at 0x7f854905e1e0>,15,1,[4 9],16,90,91,74,84
1,<environment.Job instance at 0x7f854905ed70>,17,24,[10  2],18,113,137,95,108
1,<environment.Job instance at 0x7f854957aa50>,22,25,[11  2],23,137,162,114,133
1,<environment.Job instance at 0x7f854957a6e0>,25,22,[8 5],26,162,184,136,155
1,<environment.Job instance at 0x7f85494bf5a0>,7,22,[12  2],8,8,30,0,8
1,<environment.Job instance at 0x7f85494bf820>,8,26,[ 2 10],9,9,35,0,9
1,<environment.Job instance at 0x7f85494bfdc0>,13,24,[9 3],14,30,54,16,25
1,<environment.Job instance at 0x7f85494bfe60>,14,23,[13  5],15,54,77,39,48
1,<environment.Job instance at 0x7f85494bff50>,15,22,[ 4 10],16,77,99,61,70
1,<environment.Job instance at 0x7f85494bfe10>,16,20,[ 2 10],17,99,119,82,90
1,<environment.Job instance at 0x7f85494ad0f0>,18,25,[3 6],19,119,144,100,115
1,<environment.Job instance at 0x7f85494ad1e0>,21,27,[9 3],22,115,142,93,115
1,<environment.Job instance at 0x7f85494bffa0>,17,2,[12  3],18,145,147,127,145
1,<environment.Job instance at 0x7f85494ad370>,24,2,[ 2 13],25,156,158,131,156
1,<environment.Job instance at 0x7f85494ad640>,25,26,[ 3 14],26,158,184,132,156
1,<environment.Job instance at 0x7f858f9b3960>,0,21,[11  1],1,1,22,0,1
1,<environment.Job instance at 0x7f85494ad640>,2,24,[8 3],3,22,46,19,17
1,<environment.Job instance at 0x7f858f9b3690>,4,23,[ 5 10],5,22,45,17,17
1,<environment.Job instance at 0x7f858f9b3f50>,5,25,[ 2 14],6,46,71,40,42
1,<environment.Job instance at 0x7f858d264af0>,1,23,[1 8],2,2,25,0,2
1,<environment.Job instance at 0x7f85494f09b0>,2,28,[ 2 10],3,25,53,22,24
1,<environment.Job instance at 0x7f858f3b3690>,6,21,[ 2 10],7,53,74,46,45
1,<environment.Job instance at 0x7f854955d5f0>,9,21,[13  5],10,45,66,35,45
1,<environment.Job instance at 0x7f854955d3c0>,10,19,[1 9],11,74,93,63,65
1,<environment.Job instance at 0x7f858ce58820>,15,28,[ 1 13],16,93,121,77,92
1,<environment.Job instance at 0x7f858f3b35a0>,5,21,[ 3 14],6,121,142,115,113
1,<environment.Job instance at 0x7f858ce58960>,19,2,[ 4 14],20,142,144,122,119
1,<environment.Job instance at 0x7f858cf1aa50>,23,26,[ 2 11],24,144,170,120,141
1,<environment.Job instance at 0x7f85940d0a50>,2,28,[13  5],3,3,31,0,3
1,<environment.Job instance at 0x7f858ce16d70>,3,27,[6 1],4,31,58,27,29
1,<environment.Job instance at 0x7f8549086eb0>,7,19,[ 5 10],8,31,50,23,29
1,<environment.Job instance at 0x7f8549086fa0>,9,24,[14  3],10,58,82,48,53
1,<environment.Job instance at 0x7f8549099190>,11,24,[10  2],12,82,106,70,77
1,<environment.Job instance at 0x7f85490992d0>,13,3,[ 2 14],14,106,109,92,96
1,<environment.Job instance at 0x7f8549099410>,15,19,[11  3],16,109,128,93,99
1,<environment.Job instance at 0x7f8549099550>,17,21,[12  1],18,128,149,110,120
1,<environment.Job instance at 0x7f8549099690>,19,26,[1 9],20,120,146,100,120
1,<environment.Job instance at 0x7f8549099870>,22,26,[13  5],23,149,175,126,146
1,<environment.Job instance at 0x7f85492db820>,1,27,[3 9],2,2,29,0,2
1,<environment.Job instance at 0x7f8549099820>,2,28,[3 8],3,29,57,26,28
1,<environment.Job instance at 0x7f8549099870>,3,23,[ 5 10],4,57,80,53,51
1,<environment.Job instance at 0x7f858d08e2d0>,6,1,[ 4 13],7,80,81,73,52
1,<environment.Job instance at 0x7f85490b4910>,9,1,[ 1 14],10,81,82,71,72
1,<environment.Job instance at 0x7f858f852910>,1,22,[2 7],2,2,24,0,2
1,<environment.Job instance at 0x7f8548ff4690>,5,28,[1 7],6,6,34,0,6
1,<environment.Job instance at 0x7f8549602780>,9,19,[ 5 10],10,34,53,24,24
1,<environment.Job instance at 0x7f854957e640>,12,27,[8 5],13,24,51,11,24
1,<environment.Job instance at 0x7f854957eb90>,17,20,[14  5],18,53,73,35,44
1,<environment.Job instance at 0x7f858fa88550>,18,25,[ 3 12],19,73,98,54,69
1,<environment.Job instance at 0x7f854957eaa0>,14,25,[ 1 12],15,98,123,83,94
1,<environment.Job instance at 0x7f854923a190>,23,21,[1 7],24,123,144,99,115
1,<environment.Job instance at 0x7f858f6631e0>,1,24,[6 3],2,2,26,0,2
1,<environment.Job instance at 0x7f858cbbc0a0>,2,28,[2 8],3,3,31,0,3
1,<environment.Job instance at 0x7f85490c9320>,8,26,[9 3],9,26,52,17,23
1,<environment.Job instance at 0x7f85490e5fa0>,6,23,[ 3 11],7,31,54,24,29
1,<environment.Job instance at 0x7f85490c9730>,14,25,[ 5 12],15,54,79,39,50
1,<environment.Job instance at 0x7f85490c9550>,11,20,[ 4 14],12,79,99,67,79
1,<environment.Job instance at 0x7f85490c9af0>,20,24,[7 1],21,85,109,64,85
1,<environment.Job instance at 0x7f85490c9b90>,21,20,[ 2 10],22,99,119,77,96
1,<environment.Job instance at 0x7f85941ce370>,1,21,[7 2],2,2,23,0,2
1,<environment.Job instance at 0x7f858d06b230>,5,19,[11  2],6,23,42,17,13
1,<environment.Job instance at 0x7f858d06b6e0>,13,21,[5 3],14,42,63,28,34
1,<environment.Job instance at 0x7f858d06b410>,14,27,[ 5 14],15,63,90,48,61
1,<environment.Job instance at 0x7f858d06b3c0>,15,22,[12  4],16,90,112,74,83
1,<environment.Job instance at 0x7f858cc0a640>,1,23,[4 8],2,2,25,0,2
1,<environment.Job instance at 0x7f858f414870>,6,28,[2 5],7,8,36,1,8
1,<environment.Job instance at 0x7f858d06b3c0>,4,23,[12  5],5,25,48,20,19
1,<environment.Job instance at 0x7f858cea8eb0>,12,26,[2 8],13,36,62,23,33
1,<environment.Job instance at 0x7f858f414c30>,11,2,[12  2],12,48,50,36,43
1,<environment.Job instance at 0x7f858cea80f0>,18,2,[14  1],19,62,64,43,45
1,<environment.Job instance at 0x7f858cea8460>,19,18,[ 1 11],20,70,88,50,70
1,<environment.Job instance at 0x7f858cfc7c30>,2,24,[8 1],3,3,27,0,3
1,<environment.Job instance at 0x7f858cea8410>,4,26,[4 5],5,5,31,0,5
1,<environment.Job instance at 0x7f8549471dc0>,5,28,[8 2],6,27,55,21,26
1,<environment.Job instance at 0x7f858cea8c80>,3,23,[12  1],4,55,78,51,49
1,<environment.Job instance at 0x7f858cfc76e0>,6,21,[11  3],7,78,99,71,70
1,<environment.Job instance at 0x7f858f8732d0>,10,23,[ 2 10],11,73,96,62,73
1,<environment.Job instance at 0x7f858ce6d6e0>,1,1,[ 3 12],2,96,97,94,94
1,<environment.Job instance at 0x7f854944b0a0>,15,24,[11  4],16,99,123,83,94
1,<environment.Job instance at 0x7f854944b2d0>,16,21,[14  5],17,123,144,106,115
1,<environment.Job instance at 0x7f854944bb90>,20,25,[4 7],21,144,169,123,140
1,<environment.Job instance at 0x7f8549658640>,8,25,[2 8],9,9,34,0,9
1,<environment.Job instance at 0x7f858f5a9280>,15,18,[7 2],16,39,57,23,39
1,<environment.Job instance at 0x7f858f7da280>,16,13,[1 8],17,39,52,22,39
1,<environment.Job instance at 0x7f8548eb14b0>,3,24,[7 4],4,4,28,0,4
1,<environment.Job instance at 0x7f8549114280>,9,1,[5 4],10,10,11,0,10
1,<environment.Job instance at 0x7f8549114c80>,10,22,[1 8],11,11,33,0,11
1,<environment.Job instance at 0x7f85491149b0>,14,20,[12  1],15,30,50,15,30
1,<environment.Job instance at 0x7f8549114050>,16,24,[ 3 14],17,33,57,16,30
1,<environment.Job instance at 0x7f8549114d70>,17,25,[10  2],18,57,82,39,53
1,<environment.Job instance at 0x7f8549114aa0>,19,19,[5 5],20,57,76,37,53
1,<environment.Job instance at 0x7f8549114640>,22,24,[9 4],23,82,106,59,77
1,<environment.Job instance at 0x7f8549114fa0>,25,28,[14  4],26,106,134,80,105
1,<environment.Job instance at 0x7f858f4ada50>,1,20,[14  5],2,2,22,0,2
1,<environment.Job instance at 0x7f8549352190>,9,25,[5 5],10,22,47,12,18
1,<environment.Job instance at 0x7f8549352d20>,11,28,[1 5],12,22,50,10,22
1,<environment.Job instance at 0x7f8549352820>,12,2,[ 5 11],13,50,52,37,26
1,<environment.Job instance at 0x7f8549352a00>,15,20,[5 3],16,37,57,21,37
1,<environment.Job instance at 0x7f858f4dca00>,16,28,[7 1],17,52,80,35,51
1,<environment.Job instance at 0x7f858f4dcf00>,18,27,[ 1 10],19,52,79,33,51
1,<environment.Job instance at 0x7f858f4da280>,5,19,[11  5],6,89,108,83,89
1,<environment.Job instance at 0x7f858f4dcf50>,21,23,[1 8],22,89,112,67,89
1,<environment.Job instance at 0x7f858f3923c0>,1,28,[12  1],2,2,30,0,2
1,<environment.Job instance at 0x7f8549136be0>,6,24,[10  4],7,30,54,23,25
1,<environment.Job instance at 0x7f858d169050>,9,20,[8 5],10,54,74,44,45
1,<environment.Job instance at 0x7f858f6bcd70>,10,25,[3 5],11,45,70,34,45
1,<environment.Job instance at 0x7f858f6bcb90>,11,28,[5 8],12,70,98,58,69
1,<environment.Job instance at 0x7f8549136a50>,8,23,[ 2 14],9,98,121,89,92
1,<environment.Job instance at 0x7f858f4a1eb0>,18,21,[8 1],19,102,123,83,102
1,<environment.Job instance at 0x7f858f59da50>,19,24,[1 6],20,121,145,101,116
1,<environment.Job instance at 0x7f8549677370>,24,1,[7 2],25,128,129,103,128
1,<environment.Job instance at 0x7f858f5ab230>,25,25,[9 5],26,129,154,103,128
1,<environment.Job instance at 0x7f858d068eb0>,27,28,[5 8],28,145,173,117,144
1,<environment.Job instance at 0x7f8548ec0690>,6,22,[13  4],7,7,29,0,7
1,<environment.Job instance at 0x7f8548ec0190>,10,19,[9 5],11,29,48,18,19
1,<environment.Job instance at 0x7f8548ec02d0>,13,28,[ 3 10],14,29,57,15,28
1,<environment.Job instance at 0x7f858d000370>,0,23,[5 3],1,1,24,0,1
1,<environment.Job instance at 0x7f858d000550>,2,28,[4 6],3,3,31,0,3
1,<environment.Job instance at 0x7f858f7dbbe0>,8,20,[ 5 10],9,31,51,22,22
1,<environment.Job instance at 0x7f858ccae2d0>,10,23,[ 1 10],11,51,74,40,45
1,<environment.Job instance at 0x7f85493541e0>,14,28,[5 9],15,74,102,59,73
1,<environment.Job instance at 0x7f858d204be0>,20,28,[3 8],21,102,130,81,101
1,<environment.Job instance at 0x7f858cfa4eb0>,21,1,[5 2],22,101,102,79,101
1,<environment.Job instance at 0x7f6d5b6f71e0>,4,24,[ 3 11],5,5,29,0,5
1,<environment.Job instance at 0x7f6d5b6f7730>,8,24,[ 2 10],9,29,53,20,24
1,<environment.Job instance at 0x7f6d5b6f75a0>,11,1,[8 4],12,29,30,17,29
1,<environment.Job instance at 0x7f6d5b6f7870>,14,21,[ 3 11],15,53,74,38,45
1,<environment.Job instance at 0x7f6d5b6f7910>,15,20,[3 5],16,74,94,58,65
1,<environment.Job instance at 0x7f6d5b6f7b90>,19,21,[8 5],20,74,95,54,66
1,<environment.Job instance at 0x7f6d5b6f7cd0>,21,22,[8 2],22,95,117,73,88
1,<environment.Job instance at 0x7f6d5b6f7c30>,20,21,[13  5],21,117,138,96,109
1,<environment.Job instance at 0x7f6d5b6f9190>,26,20,[4 8],27,138,158,111,129
1,<environment.Job instance at 0x7f6d5b6f9140>,27,25,[14  4],28,158,183,130,154
1,<environment.Job instance at 0x7f6d5b6f9550>,29,24,[5 1],30,183,207,153,178
1,<environment.Job instance at 0x7f6d5b6f7eb0>,24,2,[ 3 12],25,183,185,158,178
1,<environment.Job instance at 0x7f6d5b6f97d0>,34,20,[5 3],35,185,205,150,178
1,<environment.Job instance at 0x7f6d5b6f98c0>,3,23,[ 2 14],4,5,28,1,5
1,<environment.Job instance at 0x7f6d60c72410>,8,28,[4 7],9,28,56,19,27
1,<environment.Job instance at 0x7f6d60c72320>,9,26,[3 6],10,28,54,18,27
1,<environment.Job instance at 0x7f6d60b2d320>,14,2,[ 1 11],15,56,58,41,52
1,<environment.Job instance at 0x7f6d60c6d910>,20,23,[5 8],21,67,90,46,67
1,<environment.Job instance at 0x7f6d60c6d410>,21,21,[ 4 11],22,90,111,68,82
1,<environment.Job instance at 0x7f6d60c6dbe0>,24,28,[3 8],25,111,139,86,110
1,<environment.Job instance at 0x7f6d60c6deb0>,25,24,[12  1],26,111,135,85,110
1,<environment.Job instance at 0x7f6d15ad9fa0>,2,22,[1 6],3,3,25,0,3
1,<environment.Job instance at 0x7f6d60c6df50>,3,27,[5 1],4,4,31,0,4
1,<environment.Job instance at 0x7f6d15ad9cd0>,4,25,[10  4],5,25,50,20,21
1,<environment.Job instance at 0x7f6d60c6deb0>,5,26,[5 4],6,31,57,25,28
1,<environment.Job instance at 0x7f6d15ad9050>,10,26,[ 2 11],11,50,76,39,47
1,<environment.Job instance at 0x7f6d15a2d320>,16,24,[3 6],17,76,100,59,71
1,<environment.Job instance at 0x7f6d15a2d0f0>,17,20,[8 5],18,76,96,58,71
1,<environment.Job instance at 0x7f6d15a2d690>,18,26,[7 4],19,96,122,77,93
1,<environment.Job instance at 0x7f6d15a2dc80>,20,27,[9 5],21,122,149,101,120
1,<environment.Job instance at 0x7f6d15a2db90>,25,20,[6 4],26,121,141,95,121
1,<environment.Job instance at 0x7f6d15a2d8c0>,26,28,[ 3 14],27,149,177,122,148
1,<environment.Job instance at 0x7f6d15a2df00>,27,20,[1 9],28,177,197,149,168
1,<environment.Job instance at 0x7f6d15a2d190>,29,21,[6 1],30,172,193,142,172
1,<environment.Job instance at 0x7f6d15eee370>,3,21,[4 9],4,4,25,0,4
1,<environment.Job instance at 0x7f6d1602dbe0>,10,28,[9 5],11,18,46,7,18
1,<environment.Job instance at 0x7f6d1602d050>,12,26,[9 3],13,46,72,33,43
1,<environment.Job instance at 0x7f6d15b3d5f0>,15,22,[ 1 13],16,72,94,56,65
1,<environment.Job instance at 0x7f6d15e4e910>,2,26,[1 6],3,3,29,0,3
1,<environment.Job instance at 0x7f6d5ff97eb0>,3,23,[5 5],4,4,27,0,4
1,<environment.Job instance at 0x7f6d15dfbd70>,11,22,[5 4],12,12,34,0,12
1,<environment.Job instance at 0x7f6d15dfbbe0>,12,26,[10  5],13,29,55,16,26
1,<environment.Job instance at 0x7f6d15dfbfa0>,13,27,[10  3],14,55,82,41,53
1,<environment.Job instance at 0x7f6d15dfbaa0>,15,28,[1 7],16,53,81,37,53
1,<environment.Job instance at 0x7f6d15df6460>,20,26,[3 6],21,81,107,60,78
1,<environment.Job instance at 0x7f6d15df65a0>,22,21,[ 1 12],23,107,128,84,99
1,<environment.Job instance at 0x7f6d15df6640>,23,20,[3 8],24,128,148,104,119
1,<environment.Job instance at 0x7f6d15df6780>,25,24,[10  4],26,129,153,103,129
1,<environment.Job instance at 0x7f6d15df6870>,26,21,[4 7],27,148,169,121,140
1,<environment.Job instance at 0x7f6d160604b0>,0,25,[14  5],1,1,26,0,1
1,<environment.Job instance at 0x7f6d15df6870>,2,28,[7 1],3,26,54,23,25
1,<environment.Job instance at 0x7f6d16060460>,6,26,[3 8],7,26,52,19,25
1,<environment.Job instance at 0x7f6d16060e60>,7,26,[10  5],8,54,80,46,51
1,<environment.Job instance at 0x7f6d15df60a0>,1,2,[ 2 12],2,80,82,78,77
1,<environment.Job instance at 0x7f6d16060640>,10,24,[1 6],11,82,106,71,77
1,<environment.Job instance at 0x7f6d160601e0>,12,24,[5 8],13,82,106,69,77
1,<environment.Job instance at 0x7f6d16060d20>,13,20,[1 8],14,106,126,92,97
1,<environment.Job instance at 0x7f6d16060870>,14,22,[7 2],15,106,128,91,99
1,<environment.Job instance at 0x7f6d60413a00>,17,21,[4 9],18,126,147,108,118
1,<environment.Job instance at 0x7f6d60413460>,18,21,[ 5 14],19,147,168,128,139
1,<environment.Job instance at 0x7f6d60413690>,21,23,[8 4],22,168,191,146,162
1,<environment.Job instance at 0x7f6d60413b90>,19,21,[ 4 11],20,168,189,148,162
1,<environment.Job instance at 0x7f6d6018a140>,8,21,[8 1],9,9,30,0,9
1,<environment.Job instance at 0x7f6d15ad6140>,10,21,[9 1],11,30,51,19,22
1,<environment.Job instance at 0x7f6d15e0f050>,12,28,[9 4],13,51,79,38,50
1,<environment.Job instance at 0x7f6d15fae7d0>,15,24,[8 4],16,79,103,63,74
1,<environment.Job instance at 0x7f6d5ff66d70>,18,22,[5 5],19,74,96,55,74
1,<environment.Job instance at 0x7f6d15af2aa0>,21,26,[6 1],22,96,122,74,93
1,<environment.Job instance at 0x7f6d15e99280>,22,3,[ 5 14],23,160,163,137,160
1,<environment.Job instance at 0x7f6d15e990a0>,24,20,[3 6],25,163,183,138,160
1,<environment.Job instance at 0x7f6d15e7aaa0>,29,2,[13  2],30,183,185,153,174
1,<environment.Job instance at 0x7f6d5b6b1c80>,0,19,[3 8],1,2,21,1,2
1,<environment.Job instance at 0x7f6d15e7a190>,2,25,[8 5],3,3,28,0,3
1,<environment.Job instance at 0x7f6d15d0dc80>,8,27,[ 3 10],9,21,48,12,19
1,<environment.Job instance at 0x7f6d15e7aaa0>,4,24,[13  5],5,48,72,43,43
1,<environment.Job instance at 0x7f6d5b6b1dc0>,3,2,[14  3],4,72,74,68,67
1,<environment.Job instance at 0x7f6d15d33500>,20,19,[6 4],21,81,100,60,81
1,<environment.Job instance at 0x7f6d15d33820>,27,16,[5 4],28,113,129,85,113
1,<environment.Job instance at 0x7f6d15d338c0>,28,22,[6 4],29,113,135,84,113
1,<environment.Job instance at 0x7f6d15d33960>,29,2,[5 7],30,129,131,99,113
1,<environment.Job instance at 0x7f6d15d33b90>,5,20,[ 4 10],6,6,26,0,6
1,<environment.Job instance at 0x7f6d6023cf50>,0,19,[ 4 11],1,26,45,25,20
1,<environment.Job instance at 0x7f6d5b62f6e0>,11,24,[ 4 11],12,45,69,33,40
1,<environment.Job instance at 0x7f6d5b62f780>,12,24,[4 8],13,69,93,56,64
1,<environment.Job instance at 0x7f6d5b62f870>,13,21,[9 5],14,69,90,55,64
1,<environment.Job instance at 0x7f6d15caf500>,14,25,[5 4],15,90,115,75,86
1,<environment.Job instance at 0x7f6d1604afa0>,19,26,[8 5],20,93,119,73,90
1,<environment.Job instance at 0x7f6d15caf280>,20,20,[9 5],21,119,139,98,110
1,<environment.Job instance at 0x7f6d15cf8730>,27,23,[6 2],28,174,197,146,174
1,<environment.Job instance at 0x7f6d5b9476e0>,2,24,[8 5],3,3,27,0,3
1,<environment.Job instance at 0x7f6d15a965f0>,8,26,[ 3 14],9,27,53,18,24
1,<environment.Job instance at 0x7f6d5bbafe60>,9,21,[9 3],10,53,74,43,45
1,<environment.Job instance at 0x7f6d5b6627d0>,16,20,[4 7],17,53,73,36,45
1,<environment.Job instance at 0x7f6d604cfb40>,3,3,[14  5],4,81,84,77,81
1,<environment.Job instance at 0x7f6d15ff8c80>,22,2,[10  2],23,84,86,61,82
1,<environment.Job instance at 0x7f6d6044eaf0>,25,22,[5 8],26,84,106,58,82
1,<environment.Job instance at 0x7f6d5ffa8910>,28,21,[5 3],29,86,107,57,86
1,<environment.Job instance at 0x7f6d60451af0>,29,24,[ 4 12],30,106,130,76,101
1,<environment.Job instance at 0x7f6d5fff7410>,31,28,[5 5],32,130,158,98,129
1,<environment.Job instance at 0x7f6d5b888be0>,34,21,[4 8],35,130,151,95,129
1,<environment.Job instance at 0x7f6d15940d70>,38,3,[ 2 11],39,158,161,119,151
1,<environment.Job instance at 0x7f6d6015f500>,39,26,[1 9],40,161,187,121,158
1,<environment.Job instance at 0x7f6d6015f730>,40,28,[9 3],41,158,186,117,158
1,<environment.Job instance at 0x7f6d6015feb0>,42,28,[5 3],43,170,198,127,170
1,<environment.Job instance at 0x7f6d6015f1e0>,44,20,[4 9],45,187,207,142,178
1,<environment.Job instance at 0x7f6d5b792780>,1,22,[10  4],2,2,24,0,2
1,<environment.Job instance at 0x7f6d5b6e09b0>,6,26,[14  4],7,24,50,17,21
1,<environment.Job instance at 0x7f6d60383690>,13,22,[4 8],14,50,72,36,43
1,<environment.Job instance at 0x7f6d603835f0>,12,2,[4 7],13,50,52,37,45
1,<environment.Job instance at 0x7f6d60383870>,16,22,[4 7],17,52,74,35,45
1,<environment.Job instance at 0x7f6d60383370>,8,23,[ 1 11],9,74,97,65,68
1,<environment.Job instance at 0x7f6d603839b0>,18,22,[3 5],19,97,119,78,90
1,<environment.Job instance at 0x7f6d60383a50>,19,1,[3 9],20,97,98,77,90
1,<environment.Job instance at 0x7f6d60383dc0>,24,20,[1 7],25,107,127,82,107
1,<environment.Job instance at 0x7f6d60374780>,4,25,[ 1 14],5,127,152,122,123
1,<environment.Job instance at 0x7f6d603612d0>,29,28,[1 7],30,152,180,122,151
1,<environment.Job instance at 0x7f6d60383fa0>,28,3,[14  3],29,152,155,123,151
1,<environment.Job instance at 0x7f6d1597d5f0>,4,28,[13  3],5,5,33,0,5
1,<environment.Job instance at 0x7f6d60383820>,2,2,[11  5],3,33,35,30,22
1,<environment.Job instance at 0x7f6d1597d7d0>,9,1,[ 2 12],10,22,23,12,22
1,<environment.Job instance at 0x7f6d1597d550>,10,20,[8 3],11,35,55,24,26
1,<environment.Job instance at 0x7f6d1597d820>,11,23,[9 5],12,55,78,43,49
1,<environment.Job instance at 0x7f6d1597dcd0>,12,22,[9 1],13,78,100,65,71
1,<environment.Job instance at 0x7f6d1597dbe0>,7,2,[14  3],8,100,102,92,78
1,<environment.Job instance at 0x7f6d604b22d0>,16,28,[7 1],17,102,130,85,101
1,<environment.Job instance at 0x7f6d5bad51e0>,17,27,[2 7],18,102,129,84,101
1,<environment.Job instance at 0x7f6d5b778eb0>,21,24,[12  2],22,130,154,108,125
1,<environment.Job instance at 0x7f6d5b778b90>,24,25,[5 4],25,154,179,129,150
1,<environment.Job instance at 0x7f6d15cf76e0>,0,28,[ 4 10],1,1,29,0,1
1,<environment.Job instance at 0x7f6d60098190>,6,26,[5 3],7,7,33,0,7
1,<environment.Job instance at 0x7f6d600988c0>,3,21,[12  5],4,33,54,29,25
1,<environment.Job instance at 0x7f6d60098550>,12,21,[8 4],13,54,75,41,46
1,<environment.Job instance at 0x7f6d60098640>,4,22,[ 1 11],5,54,76,49,47
1,<environment.Job instance at 0x7f6d600983c0>,14,21,[6 4],15,75,96,60,67
1,<environment.Job instance at 0x7f6d600982d0>,13,1,[2 6],14,76,77,62,67
1,<environment.Job instance at 0x7f6d60098960>,11,24,[ 4 14],12,96,120,84,91
1,<environment.Job instance at 0x7f6d5b6accd0>,21,20,[5 2],22,120,140,98,111
1,<environment.Job instance at 0x7f6d5b6acdc0>,23,20,[9 5],24,120,140,96,111
1,<environment.Job instance at 0x7f6d5b6acaf0>,27,28,[7 2],28,140,168,112,139
1,<environment.Job instance at 0x7f6d5b888a50>,31,22,[1 9],32,142,164,110,142
1,<environment.Job instance at 0x7f6d5b888320>,33,1,[ 4 10],34,164,165,130,144
1,<environment.Job instance at 0x7f6d5b888f00>,36,28,[6 5],37,165,193,128,164
1,<environment.Job instance at 0x7f6d15b6e5a0>,2,22,[3 5],3,3,25,0,3
1,<environment.Job instance at 0x7f6d5b8889b0>,3,19,[3 9],4,5,24,1,5
1,<environment.Job instance at 0x7f6d5b5effa0>,8,25,[6 1],9,9,34,0,9
1,<environment.Job instance at 0x7f6d5b5efcd0>,9,20,[1 5],10,24,44,14,15
1,<environment.Job instance at 0x7f6d15c1d140>,11,26,[13  1],12,34,60,22,31
1,<environment.Job instance at 0x7f6d15c1d0f0>,12,23,[13  2],13,60,83,47,54
1,<environment.Job instance at 0x7f6d15c1d2d0>,14,21,[5 8],15,83,104,68,75
1,<environment.Job instance at 0x7f6d15c1daa0>,15,19,[3 7],16,83,102,67,75
1,<environment.Job instance at 0x7f6d15c1d820>,16,21,[ 3 13],17,104,125,87,96
1,<environment.Job instance at 0x7f6d15c0eaa0>,27,2,[2 8],28,132,134,104,132
1,<environment.Job instance at 0x7f6d1594f320>,33,21,[ 5 13],34,175,196,141,175
1,<environment.Job instance at 0x7f6d5fff3b40>,3,28,[ 3 14],4,4,32,0,4
1,<environment.Job instance at 0x7f6d5b748190>,6,27,[9 4],7,32,59,25,30
1,<environment.Job instance at 0x7f6d5b748910>,9,21,[2 5],10,32,53,22,30
1,<environment.Job instance at 0x7f6d5b7485a0>,10,1,[13  4],11,59,60,48,39
1,<environment.Job instance at 0x7f6d15aabeb0>,7,20,[14  4],8,60,80,52,51
1,<environment.Job instance at 0x7f6d15a6d140>,13,25,[9 4],14,80,105,66,76
1,<environment.Job instance at 0x7f6d15a6d500>,12,2,[ 5 11],13,94,96,81,94
1,<environment.Job instance at 0x7f6d15ee1690>,16,26,[6 3],17,96,122,79,94
1,<environment.Job instance at 0x7f6d15aaaa00>,19,27,[5 7],20,105,132,85,103
1,<environment.Job instance at 0x7f6d5bbf4460>,22,1,[ 5 12],23,132,133,109,118
1,<environment.Job instance at 0x7f6d5bbf44b0>,23,27,[ 2 10],24,133,160,109,131
1,<environment.Job instance at 0x7f6d15b839b0>,24,22,[ 2 13],25,160,182,135,153
1,<environment.Job instance at 0x7f6d5b8afeb0>,2,28,[8 5],3,3,31,0,3
1,<environment.Job instance at 0x7f6d156d8410>,11,19,[ 2 12],12,31,50,19,23
1,<environment.Job instance at 0x7f6d15f183c0>,0,22,[8 5],1,1,23,0,1
1,<environment.Job instance at 0x7f6d156d8230>,1,27,[6 5],2,2,29,0,2
1,<environment.Job instance at 0x7f6d156d8410>,2,28,[13  5],3,29,57,26,28
1,<environment.Job instance at 0x7f6d60027140>,4,27,[6 2],5,57,84,52,55
1,<environment.Job instance at 0x7f6d60006500>,11,28,[12  1],12,84,112,72,83
1,<environment.Job instance at 0x7f6d60006fa0>,16,24,[10  4],17,112,136,95,107
1,<environment.Job instance at 0x7f6d60006960>,19,20,[8 5],20,136,156,116,127
1,<environment.Job instance at 0x7f6d600065f0>,20,25,[3 5],21,127,152,106,127
1,<environment.Job instance at 0x7f6d6000d3c0>,21,28,[5 8],22,152,180,130,151
1,<environment.Job instance at 0x7f6d60006c30>,18,23,[ 2 14],19,180,203,161,174
1,<environment.Job instance at 0x7f6d157ec5a0>,6,22,[13  4],7,7,29,0,7
1,<environment.Job instance at 0x7f6d15760b90>,10,19,[9 5],11,29,48,18,19
1,<environment.Job instance at 0x7f6d157752d0>,13,28,[ 3 10],14,32,60,18,32
1,<environment.Job instance at 0x7f6d60088050>,0,23,[ 1 10],1,1,24,0,1
1,<environment.Job instance at 0x7f6d15882410>,4,28,[5 9],5,24,52,19,23
1,<environment.Job instance at 0x7f6d15882550>,10,28,[3 8],11,52,80,41,51
1,<environment.Job instance at 0x7f6d15882d70>,11,1,[5 2],12,51,52,39,51
1,<environment.Job instance at 0x7f6d15882eb0>,20,27,[5 6],21,81,108,60,81
1,<environment.Job instance at 0x7f6d15882e10>,22,24,[8 1],23,81,105,58,81
1,<environment.Job instance at 0x7f6d15b2b9b0>,2,25,[9 4],3,3,28,0,3
1,<environment.Job instance at 0x7f6d5b82baa0>,8,3,[12  1],9,28,31,19,14
1,<environment.Job instance at 0x7f6d15d7da50>,11,25,[5 2],12,31,56,19,27
1,<environment.Job instance at 0x7f6d15d7dfa0>,13,23,[10  2],14,31,54,17,27
1,<environment.Job instance at 0x7f6d15d92e60>,15,24,[13  4],16,56,80,40,51
1,<environment.Job instance at 0x7f6d15d923c0>,17,27,[ 5 10],18,80,107,62,78
1,<environment.Job instance at 0x7f6d15b1aaf0>,21,21,[ 5 11],22,107,128,85,99
1,<environment.Job instance at 0x7f6d5ffe4a50>,23,27,[4 9],24,128,155,104,126
1,<environment.Job instance at 0x7f6d5ffe4730>,24,20,[12  4],25,155,175,130,146
1,<environment.Job instance at 0x7f6d15914460>,31,26,[5 2],32,175,201,143,172
1,<environment.Job instance at 0x7fd672aef1e0>,4,24,[ 3 11],5,5,29,0,5
1,<environment.Job instance at 0x7fd672aef690>,8,24,[ 2 10],9,29,53,20,24
1,<environment.Job instance at 0x7fd672aef6e0>,11,1,[8 4],12,26,27,14,26
1,<environment.Job instance at 0x7fd672aef550>,6,19,[1 7],7,53,72,46,43
1,<environment.Job instance at 0x7fd672aef870>,14,21,[ 3 11],15,72,93,57,64
1,<environment.Job instance at 0x7fd672aef910>,15,20,[3 5],16,93,113,77,84
1,<environment.Job instance at 0x7fd672aef9b0>,16,19,[ 3 10],17,93,112,76,84
1,<environment.Job instance at 0x7fd672aefb90>,19,21,[8 5],20,112,133,92,104
1,<environment.Job instance at 0x7fd672aefc30>,20,21,[13  5],21,133,154,112,125
1,<environment.Job instance at 0x7fd672aefcd0>,21,22,[8 2],22,154,176,132,147
1,<environment.Job instance at 0x7fd672af1370>,26,20,[4 8],27,154,174,127,151
1,<environment.Job instance at 0x7fd672af1320>,27,25,[14  4],28,176,201,148,172
1,<environment.Job instance at 0x7fd67a06bc30>,3,2,[ 1 10],4,4,6,0,4
1,<environment.Job instance at 0x7fd672af1280>,4,2,[ 1 11],5,7,9,2,7
1,<environment.Job instance at 0x7fd679f26370>,10,23,[5 8],11,15,38,4,15
1,<environment.Job instance at 0x7fd6387a74b0>,11,21,[ 4 11],12,38,59,26,30
1,<environment.Job instance at 0x7fd679f26460>,14,28,[3 8],15,59,87,44,58
1,<environment.Job instance at 0x7fd67a066af0>,15,24,[12  1],16,59,83,43,58
1,<environment.Job instance at 0x7fd67a066500>,17,27,[5 3],18,83,110,65,81
1,<environment.Job instance at 0x7fd62ed51960>,0,27,[9 5],1,1,28,0,1
1,<environment.Job instance at 0x7fd62ed51910>,5,20,[6 4],6,6,26,0,6
1,<environment.Job instance at 0x7fd62ed51140>,7,20,[1 9],8,26,46,18,17
1,<environment.Job instance at 0x7fd62ed51500>,13,27,[9 1],14,28,55,14,26
1,<environment.Job instance at 0x7fd62ed7af50>,14,21,[3 9],15,46,67,31,38
1,<environment.Job instance at 0x7fd62ed7a280>,15,22,[7 4],16,55,77,39,48
1,<environment.Job instance at 0x7fd62ed7a910>,18,28,[3 6],19,67,95,48,66
1,<environment.Job instance at 0x7fd62ed51280>,6,28,[ 3 14],7,95,123,88,94
1,<environment.Job instance at 0x7fd62ed86b90>,23,26,[12  3],24,123,149,99,120
1,<environment.Job instance at 0x7fd62ed7ab40>,12,19,[11  4],13,149,168,136,139
1,<environment.Job instance at 0x7fd62ed86c30>,27,28,[1 9],28,139,167,111,139
1,<environment.Job instance at 0x7fd62f24e550>,5,28,[5 5],6,6,34,0,6
1,<environment.Job instance at 0x7fd62f24e820>,7,24,[10  2],8,8,32,0,8
1,<environment.Job instance at 0x7fd62eecec30>,8,2,[ 4 13],9,34,36,25,27
1,<environment.Job instance at 0x7fd62eece230>,11,28,[ 1 12],12,36,64,24,35
1,<environment.Job instance at 0x7fd62f24e1e0>,6,19,[ 1 12],7,80,99,73,80
1,<environment.Job instance at 0x7fd62f427f50>,3,20,[9 4],4,4,24,0,4
1,<environment.Job instance at 0x7fd62f1f2d20>,8,25,[12  1],9,24,49,15,20
1,<environment.Job instance at 0x7fd62f1de230>,12,24,[9 5],13,49,73,36,44
1,<environment.Job instance at 0x7fd62f1de190>,11,19,[ 4 11],12,73,92,61,63
1,<environment.Job instance at 0x7fd62f1dea50>,21,27,[ 2 11],22,92,119,70,90
1,<environment.Job instance at 0x7fd62f1deb40>,26,26,[9 2],27,116,142,89,116
1,<environment.Job instance at 0x7fd62f1decd0>,28,20,[ 1 13],29,119,139,90,116
1,<environment.Job instance at 0x7fd62f1defa0>,32,23,[ 3 10],33,139,162,106,133
1,<environment.Job instance at 0x7fd62ecf60a0>,34,25,[1 6],35,162,187,127,158
1,<environment.Job instance at 0x7fd62ecf6230>,36,24,[1 9],37,162,186,125,158
1,<environment.Job instance at 0x7fd62ecf64b0>,40,1,[7 3],41,186,187,145,172
1,<environment.Job instance at 0x7fd62ecf6550>,41,26,[13  1],42,187,213,145,184
1,<environment.Job instance at 0x7fd62ecf6690>,3,20,[ 1 10],4,4,24,0,4
1,<environment.Job instance at 0x7fd62f46daf0>,5,25,[5 3],6,6,31,0,6
1,<environment.Job instance at 0x7fd62f442960>,10,27,[ 2 10],11,24,51,13,22
1,<environment.Job instance at 0x7fd62f442870>,13,2,[ 1 13],14,51,53,37,51
1,<environment.Job instance at 0x7fd62f442a00>,15,28,[ 2 14],16,53,81,37,53
1,<environment.Job instance at 0x7fd62f442aa0>,16,28,[5 1],17,53,81,36,53
1,<environment.Job instance at 0x7fd62f442af0>,17,22,[8 3],18,81,103,63,74
1,<environment.Job instance at 0x7fd62f442190>,19,21,[ 1 11],20,81,102,61,74
1,<environment.Job instance at 0x7fd672d3c910>,25,26,[2 9],26,102,128,76,99
1,<environment.Job instance at 0x7fd672f8a5a0>,2,25,[10  5],3,3,28,0,3
1,<environment.Job instance at 0x7fd672d805a0>,6,28,[4 6],7,7,35,0,7
1,<environment.Job instance at 0x7fd62ef8fdc0>,8,20,[9 3],9,28,48,19,25
1,<environment.Job instance at 0x7fd672d80aa0>,7,26,[2 6],8,28,54,20,25
1,<environment.Job instance at 0x7fd6756431e0>,16,26,[8 2],17,48,74,31,45
1,<environment.Job instance at 0x7fd62ef77f50>,17,26,[5 7],18,48,74,30,45
1,<environment.Job instance at 0x7fd675643230>,15,1,[ 1 13],16,74,75,58,68
1,<environment.Job instance at 0x7fd62efc5870>,19,26,[11  1],20,74,100,54,71
1,<environment.Job instance at 0x7fd67563aa50>,27,24,[1 5],28,90,114,62,90
1,<environment.Job instance at 0x7fd675237af0>,28,23,[6 3],29,100,123,71,94
1,<environment.Job instance at 0x7fd62ed6a6e0>,11,21,[10  5],12,12,33,0,12
1,<environment.Job instance at 0x7fd62ed6aaf0>,16,28,[ 1 14],17,42,70,25,42
1,<environment.Job instance at 0x7fd62f2c9960>,3,23,[4 5],4,4,27,0,4
1,<environment.Job instance at 0x7fd62f2c98c0>,6,22,[ 2 12],7,27,49,20,20
1,<environment.Job instance at 0x7fd62f2d75f0>,8,28,[11  4],9,49,77,40,48
1,<environment.Job instance at 0x7fd62ed02cd0>,11,22,[2 7],12,49,71,37,48
1,<environment.Job instance at 0x7fd62ed02a50>,15,28,[1 7],16,71,99,55,70
1,<environment.Job instance at 0x7fd62f2c95a0>,2,19,[ 3 12],3,103,122,100,103
1,<environment.Job instance at 0x7fd6752e8fa0>,19,19,[ 5 10],20,122,141,102,112
1,<environment.Job instance at 0x7fd672ca7b40>,22,27,[8 5],23,122,149,99,120
1,<environment.Job instance at 0x7fd62ee66af0>,24,25,[ 1 12],25,149,174,124,145
1,<environment.Job instance at 0x7fd62ec4da00>,27,20,[14  5],28,174,194,146,165
1,<environment.Job instance at 0x7fd672af1fa0>,1,20,[ 4 14],2,2,22,0,2
1,<environment.Job instance at 0x7fd672af1af0>,4,25,[ 5 12],5,22,47,17,18
1,<environment.Job instance at 0x7fd672abc140>,10,24,[7 1],11,18,42,7,18
1,<environment.Job instance at 0x7fd67293d0f0>,17,25,[8 1],18,42,67,24,38
1,<environment.Job instance at 0x7fd62efbfe60>,11,20,[ 2 10],12,47,67,35,41
1,<environment.Job instance at 0x7fd62f181410>,20,21,[7 4],21,67,88,46,63
1,<environment.Job instance at 0x7fd672ed9050>,21,20,[3 9],22,67,87,45,63
1,<environment.Job instance at 0x7fd67522ab90>,22,25,[4 5],23,87,112,64,83
1,<environment.Job instance at 0x7fd62f486730>,23,25,[10  3],24,88,113,64,84
1,<environment.Job instance at 0x7fd62f486e10>,25,28,[13  4],26,113,141,87,112
1,<environment.Job instance at 0x7fd62f308a50>,26,20,[13  2],27,141,161,114,137
1,<environment.Job instance at 0x7fd672d2aa50>,0,22,[10  5],1,1,23,0,1
1,<environment.Job instance at 0x7fd672d2a460>,3,25,[6 2],4,23,48,19,19
1,<environment.Job instance at 0x7fd672d2a230>,4,24,[5 2],5,19,43,14,19
1,<environment.Job instance at 0x7fd672a6d640>,7,21,[5 2],8,43,64,35,35
1,<environment.Job instance at 0x7fd672a6da00>,13,23,[6 3],14,48,71,34,42
1,<environment.Job instance at 0x7fd672a6d960>,12,21,[14  2],13,71,92,58,63
1,<environment.Job instance at 0x7fd672a6dc80>,17,25,[5 8],18,92,117,74,88
1,<environment.Job instance at 0x7fd672a6dd20>,18,26,[5 8],19,117,143,98,114
1,<environment.Job instance at 0x7fd62f308be0>,1,3,[ 5 13],2,146,149,144,146
1,<environment.Job instance at 0x7fd672a7a1e0>,24,23,[5 5],25,155,178,130,155
1,<environment.Job instance at 0x7fd672a7a320>,25,1,[7 4],26,155,156,129,155
1,<environment.Job instance at 0x7fd62f19d0a0>,0,24,[11  2],1,1,25,0,1
1,<environment.Job instance at 0x7fd672c23500>,8,22,[10  5],9,25,47,16,18
1,<environment.Job instance at 0x7fd62f19d960>,5,24,[7 2],6,47,71,41,42
1,<environment.Job instance at 0x7fd672c23f00>,10,20,[4 7],11,42,62,31,42
1,<environment.Job instance at 0x7fd672c23e10>,15,28,[7 3],16,62,90,46,61
1,<environment.Job instance at 0x7fd672c23870>,11,21,[13  2],12,90,111,78,82
1,<environment.Job instance at 0x7fd672f65aa0>,22,28,[13  5],23,111,139,88,110
1,<environment.Job instance at 0x7fd675111460>,23,23,[9 3],24,139,162,115,133
1,<environment.Job instance at 0x7fd672f65730>,21,22,[ 1 10],22,133,155,111,133
1,<environment.Job instance at 0x7fd62f37f6e0>,0,28,[12  2],1,1,29,0,1
1,<environment.Job instance at 0x7fd6728db960>,6,23,[3 7],7,7,30,0,7
1,<environment.Job instance at 0x7fd6728db2d0>,9,19,[11  4],10,29,48,19,27
1,<environment.Job instance at 0x7fd6728dbaa0>,11,25,[3 9],12,30,55,18,27
1,<environment.Job instance at 0x7fd6728db730>,3,3,[ 3 12],4,55,58,51,48
1,<environment.Job instance at 0x7fd675131aa0>,17,27,[7 4],18,58,85,40,56
1,<environment.Job instance at 0x7fd675131320>,20,21,[10  3],21,85,106,64,77
1,<environment.Job instance at 0x7fd679c8b640>,0,24,[5 6],1,1,25,0,1
1,<environment.Job instance at 0x7fd679c8b550>,3,26,[8 5],4,4,30,0,4
1,<environment.Job instance at 0x7fd62f35cc80>,6,26,[ 2 10],7,25,51,18,22
1,<environment.Job instance at 0x7fd62f3640f0>,11,28,[8 3],12,30,58,18,29
1,<environment.Job instance at 0x7fd62f364730>,12,26,[11  4],13,58,84,45,55
1,<environment.Job instance at 0x7fd62f35cb90>,4,21,[12  3],5,84,105,79,76
1,<environment.Job instance at 0x7fd62f3644b0>,15,27,[ 1 10],16,76,103,60,76
1,<environment.Job instance at 0x7fd62f364370>,13,2,[ 3 14],14,105,107,91,105
1,<environment.Job instance at 0x7fd62f147050>,19,28,[ 4 14],20,108,136,88,108
1,<environment.Job instance at 0x7fd62f3492d0>,24,19,[12  1],25,139,158,114,139
1,<environment.Job instance at 0x7fd62f34f3c0>,27,1,[3 8],28,143,144,115,143
1,<environment.Job instance at 0x7fd62f34f9b0>,30,28,[6 2],31,161,189,130,161
1,<environment.Job instance at 0x7fd62f34f7d0>,31,21,[5 2],32,161,182,129,161
1,<environment.Job instance at 0x7fd62f34fd70>,32,23,[8 2],33,182,205,149,176
1,<environment.Job instance at 0x7fd672ce1320>,1,23,[10  4],2,2,25,0,2
1,<environment.Job instance at 0x7fd62ed9be60>,4,21,[ 3 13],5,25,46,20,17
1,<environment.Job instance at 0x7fd62ed9b960>,0,3,[11  1],1,39,42,38,39
1,<environment.Job instance at 0x7fd62eee9960>,0,21,[9 1],1,1,22,0,1
1,<environment.Job instance at 0x7fd672c7a910>,2,23,[4 8],3,3,26,0,3
1,<environment.Job instance at 0x7fd62eb63dc0>,9,27,[9 3],10,22,49,12,20
1,<environment.Job instance at 0x7fd62eb63140>,8,27,[13  2],9,49,76,40,47
1,<environment.Job instance at 0x7fd62f2c4a00>,22,12,[2 6],23,84,96,61,84
1,<environment.Job instance at 0x7fd62f2c4e10>,25,24,[9 2],26,102,126,76,102
1,<environment.Job instance at 0x7fd62f4730f0>,6,22,[ 4 10],7,7,29,0,7
1,<environment.Job instance at 0x7fd62f473280>,10,26,[3 5],11,11,37,0,11
1,<environment.Job instance at 0x7fd62f473c80>,12,23,[10  2],13,29,52,16,23
1,<environment.Job instance at 0x7fd62f472e10>,15,23,[1 6],16,34,57,18,34
1,<environment.Job instance at 0x7fd62f472be0>,16,26,[2 9],17,52,78,35,49
1,<environment.Job instance at 0x7fd62f472f50>,17,28,[13  1],18,57,85,39,56
1,<environment.Job instance at 0x7fd62f4730a0>,7,1,[ 1 12],8,83,84,75,83
1,<environment.Job instance at 0x7fd62f446460>,26,22,[13  4],27,104,126,77,104
1,<environment.Job instance at 0x7fd675614550>,0,23,[5 3],1,1,24,0,1
1,<environment.Job instance at 0x7fd62f446500>,2,28,[4 6],3,3,31,0,3
1,<environment.Job instance at 0x7fd62f0f94b0>,8,20,[ 5 10],9,31,51,22,22
1,<environment.Job instance at 0x7fd6757dc500>,10,23,[ 1 10],11,51,74,40,45
1,<environment.Job instance at 0x7fd6754da190>,14,28,[5 9],15,74,102,59,73
1,<environment.Job instance at 0x7fd672b46280>,20,28,[3 8],21,102,130,81,101
1,<environment.Job instance at 0x7fd62f2cbfa0>,21,1,[5 2],22,101,102,79,101
1,<environment.Job instance at 0x7fd6752d7370>,2,25,[9 4],3,3,28,0,3
1,<environment.Job instance at 0x7fd675576230>,8,3,[12  1],9,28,31,19,12
1,<environment.Job instance at 0x7fd62eb63230>,11,25,[5 2],12,31,56,19,27
1,<environment.Job instance at 0x7fd62eb639b0>,13,23,[10  2],14,31,54,17,27
1,<environment.Job instance at 0x7fd679f83f00>,15,24,[13  4],16,56,80,40,51
1,<environment.Job instance at 0x7fd62eb633c0>,17,27,[ 5 10],18,80,107,62,78
1,<environment.Job instance at 0x7fd6750328c0>,21,21,[ 5 11],22,107,128,85,99
1,<environment.Job instance at 0x7fd675032190>,23,27,[4 9],24,128,155,104,126
1,<environment.Job instance at 0x7fd6750325a0>,24,20,[12  4],25,155,175,130,146
1,<environment.Job instance at 0x7fd675032cd0>,31,26,[5 2],32,175,201,143,172
1,<environment.Job instance at 0x7fd62f3d84b0>,0,22,[6 5],1,1,23,0,1
1,<environment.Job instance at 0x7fd675394140>,9,27,[6 2],10,10,37,0,10
1,<environment.Job instance at 0x7fd6753945f0>,12,24,[10  3],13,37,61,24,32
1,<environment.Job instance at 0x7fd6729e0230>,23,22,[9 4],24,89,111,65,89
1,<environment.Job instance at 0x7f8c09e2c460>,3,22,[2 5],4,4,26,0,4
1,<environment.Job instance at 0x7f8c06a23cd0>,7,26,[9 3],8,8,34,0,8
1,<environment.Job instance at 0x7f8c06a23dc0>,9,23,[13  1],10,34,57,24,28
1,<environment.Job instance at 0x7f8c06a271e0>,14,21,[8 1],15,57,78,42,49
1,<environment.Job instance at 0x7f8c06a33410>,2,21,[6 4],3,3,24,0,3
1,<environment.Job instance at 0x7f8c09d79af0>,8,28,[10  3],9,24,52,15,23
1,<environment.Job instance at 0x7f8c09d79230>,9,21,[9 1],10,52,73,42,44
1,<environment.Job instance at 0x7f8bbedfc7d0>,0,28,[5 9],1,1,29,0,1
1,<environment.Job instance at 0x7f8bbedfc2d0>,6,22,[ 4 14],7,29,51,22,22
1,<environment.Job instance at 0x7f8bbedfc1e0>,10,23,[5 1],11,27,50,16,27
1,<environment.Job instance at 0x7f8bbedfc820>,9,27,[ 3 11],10,51,78,41,49
1,<environment.Job instance at 0x7f8bbee18dc0>,17,22,[10  3],18,51,73,33,49
1,<environment.Job instance at 0x7f8bbed193c0>,1,22,[5 6],2,2,24,0,2
1,<environment.Job instance at 0x7f8bbf1e4230>,2,26,[6 4],3,3,29,0,3
1,<environment.Job instance at 0x7f8bbf1f1f00>,7,25,[ 2 11],8,24,49,16,20
1,<environment.Job instance at 0x7f8bbf1f1af0>,5,25,[ 3 13],6,49,74,43,45
1,<environment.Job instance at 0x7f8bbf34d5f0>,0,2,[11  3],1,18,20,17,18
1,<environment.Job instance at 0x7f8c09814a00>,13,21,[1 6],14,40,61,26,40
1,<environment.Job instance at 0x7f8c096bb0a0>,0,23,[1 8],1,1,24,0,1
1,<environment.Job instance at 0x7f8c096bbaf0>,1,27,[5 6],2,2,29,0,2
1,<environment.Job instance at 0x7f8c096bbb90>,2,20,[5 1],3,3,23,0,3
1,<environment.Job instance at 0x7f8bbec8d8c0>,5,28,[14  4],6,29,57,23,28
1,<environment.Job instance at 0x7f8c098c04b0>,9,21,[8 2],10,10,31,0,10
1,<environment.Job instance at 0x7f8c06e11960>,14,25,[5 6],15,24,49,9,24
1,<environment.Job instance at 0x7f8c06ddf500>,15,20,[1 8],16,31,51,15,24
1,<environment.Job instance at 0x7f8c06e74190>,1,25,[7 5],2,2,27,0,2
1,<environment.Job instance at 0x7f8bbefbb0f0>,4,25,[2 8],5,5,30,0,5
1,<environment.Job instance at 0x7f8bbefbb1e0>,8,26,[8 3],9,27,53,18,24
1,<environment.Job instance at 0x7f8c06bcfb40>,7,22,[ 3 11],8,8,30,0,8
1,<environment.Job instance at 0x7f8c06bcf050>,8,20,[4 9],9,30,50,21,21
1,<environment.Job instance at 0x7f8c094eed70>,1,26,[ 3 12],2,2,28,0,2
1,<environment.Job instance at 0x7f8bbf237320>,9,2,[ 4 11],10,28,30,18,25
1,<environment.Job instance at 0x7f8bbf2e1e10>,1,25,[5 5],2,2,27,0,2
1,<environment.Job instance at 0x7f8bbf2afe10>,2,26,[12  3],3,27,53,24,24
1,<environment.Job instance at 0x7f8bbf072f50>,6,25,[7 5],7,53,78,46,49
1,<environment.Job instance at 0x7f8bbf261c30>,3,22,[ 5 13],4,4,26,0,4
1,<environment.Job instance at 0x7f8bbf072e10>,5,27,[11  2],6,26,53,20,24
1,<environment.Job instance at 0x7f8bbeb29b90>,6,21,[5 6],7,53,74,46,45
1,<environment.Job instance at 0x7f8bbeb1e140>,1,20,[ 2 11],2,3,23,1,3
1,<environment.Job instance at 0x7f8c094d9140>,8,25,[5 8],9,23,48,14,19
1,<environment.Job instance at 0x7f8c094d9320>,5,25,[3 7],6,23,48,17,19
1,<environment.Job instance at 0x7f8c094d9b90>,11,28,[2 7],12,48,76,36,47
1,<environment.Job instance at 0x7f8bbedc67d0>,1,24,[13  4],2,2,26,0,2
1,<environment.Job instance at 0x7f8bbedc6af0>,5,24,[12  4],6,26,50,20,21
1,<environment.Job instance at 0x7f8c06a3dc30>,11,27,[12  2],12,50,77,38,48
1,<environment.Job instance at 0x7f8bbedeebe0>,4,26,[6 3],5,5,31,0,5
1,<environment.Job instance at 0x7f8c06910550>,7,21,[8 3],8,10,31,2,10
1,<environment.Job instance at 0x7f8bbedc6500>,3,1,[ 2 11],4,32,33,28,32
1,<environment.Job instance at 0x7f8c06910780>,9,2,[ 2 13],10,33,35,23,32
1,<environment.Job instance at 0x7f8c0683d4b0>,12,21,[5 4],13,35,56,22,32
1,<environment.Job instance at 0x7f8bbf1faf50>,1,22,[ 2 14],2,2,24,0,2
1,<environment.Job instance at 0x7f8c0963f6e0>,4,24,[12  4],5,24,48,19,19
1,<environment.Job instance at 0x7f8c097b8960>,12,25,[10  1],13,48,73,35,44
1,<environment.Job instance at 0x7f8c06b62e10>,0,27,[8 5],1,1,28,0,1
1,<environment.Job instance at 0x7f8c06b62e60>,1,23,[12  4],2,28,51,26,22
1,<environment.Job instance at 0x7f8c06b6f370>,8,20,[3 9],9,30,50,21,30
1,<environment.Job instance at 0x7f8c09a38b90>,10,21,[ 5 12],11,51,72,40,45
1,<environment.Job instance at 0x7f8c06f0e1e0>,1,24,[8 5],2,2,26,0,2
1,<environment.Job instance at 0x7f8bbef36780>,8,26,[3 6],9,9,35,0,9
1,<environment.Job instance at 0x7f8c06b40320>,12,23,[1 6],13,26,49,13,20
1,<environment.Job instance at 0x7f8bbede5c80>,15,2,[13  1],16,35,37,19,26
1,<environment.Job instance at 0x7f8bbed22050>,17,22,[10  1],18,37,59,19,30
1,<environment.Job instance at 0x7f8c06b79b90>,20,20,[3 8],21,45,65,24,45
1,<environment.Job instance at 0x7f8c096122d0>,1,27,[ 3 11],2,2,29,0,2
1,<environment.Job instance at 0x7f8c09612c80>,4,21,[4 8],5,29,50,24,21
1,<environment.Job instance at 0x7f8c09612d20>,2,21,[ 3 13],3,50,71,47,42
1,<environment.Job instance at 0x7f8bbf1c4780>,10,25,[10  4],11,17,42,6,17
1,<environment.Job instance at 0x7f8bbf1c4050>,12,27,[7 5],13,42,69,29,40
1,<environment.Job instance at 0x7f8c0682e690>,14,25,[8 2],15,42,67,27,40
1,<environment.Job instance at 0x7f7a5f700460>,3,22,[2 5],4,4,26,0,4
1,<environment.Job instance at 0x7f7a5a2f2a50>,7,26,[9 3],8,8,34,0,8
1,<environment.Job instance at 0x7f7a5a2f2cd0>,9,23,[13  1],10,34,57,24,28
1,<environment.Job instance at 0x7f7a5a2f61e0>,14,21,[8 1],15,57,78,42,49
1,<environment.Job instance at 0x7f7a5a2f6280>,16,28,[5 1],17,57,85,40,56
1,<environment.Job instance at 0x7f7a5f87ce10>,3,21,[5 5],4,4,25,0,4
1,<environment.Job instance at 0x7f7a5f87caa0>,6,28,[3 6],7,7,35,0,7
1,<environment.Job instance at 0x7f7a5f8745a0>,10,22,[ 3 10],11,35,57,24,28
1,<environment.Job instance at 0x7f7a5f877d70>,15,28,[ 2 10],16,57,85,41,56
1,<environment.Job instance at 0x7f7a5f87c640>,1,2,[ 1 12],2,85,87,83,58
1,<environment.Job instance at 0x7f7a5f877af0>,20,19,[5 5],21,58,77,37,58
1,<environment.Job instance at 0x7f7a14722280>,0,24,[8 1],1,1,25,0,1
1,<environment.Job instance at 0x7f7a5f87c0f0>,2,25,[1 8],3,3,28,0,3
1,<environment.Job instance at 0x7f7a5f87ceb0>,1,2,[ 5 14],2,28,30,26,26
1,<environment.Job instance at 0x7f7a146b0a50>,16,1,[9 5],17,26,27,9,26
1,<environment.Job instance at 0x7f7a146b0e10>,17,28,[ 2 10],18,30,58,12,29
1,<environment.Job instance at 0x7f7a146b0dc0>,18,24,[6 5],19,30,54,11,29
1,<environment.Job instance at 0x7f7a146b0b40>,20,1,[ 3 11],21,58,59,37,54
1,<environment.Job instance at 0x7f7a146c1a00>,23,26,[7 2],24,54,80,30,54
1,<environment.Job instance at 0x7f7a146cc280>,1,27,[8 3],2,2,29,0,2
1,<environment.Job instance at 0x7f7a146ccf00>,4,21,[9 3],5,29,50,24,21
1,<environment.Job instance at 0x7f7a146a4550>,7,27,[ 3 12],8,21,48,13,21
1,<environment.Job instance at 0x7f7a146a4d70>,13,26,[3 9],14,48,74,34,45
1,<environment.Job instance at 0x7f7a145a0cd0>,3,19,[12  2],4,50,69,46,46
1,<environment.Job instance at 0x7f7a145a0cd0>,3,27,[6 1],4,4,31,0,4
1,<environment.Job instance at 0x7f7a149d92d0>,4,27,[ 4 13],5,5,32,0,5
1,<environment.Job instance at 0x7f7a149d9780>,10,23,[1 8],11,32,55,21,27
1,<environment.Job instance at 0x7f7a149d9550>,11,27,[5 6],12,32,59,20,30
1,<environment.Job instance at 0x7f7a149d9d20>,12,20,[5 1],13,30,50,17,30
1,<environment.Job instance at 0x7f7a149f82d0>,15,28,[14  4],16,59,87,43,58
1,<environment.Job instance at 0x7f7a5a7cbd20>,9,21,[8 2],10,11,32,1,11
1,<environment.Job instance at 0x7f7a5a7cbeb0>,14,25,[5 6],15,21,46,6,21
1,<environment.Job instance at 0x7f7a5f876e60>,15,20,[1 8],16,32,52,16,23
1,<environment.Job instance at 0x7f7a5f8762d0>,19,28,[11  2],20,52,80,32,52
1,<environment.Job instance at 0x7f7a14b42dc0>,0,27,[ 3 11],1,1,28,0,1
1,<environment.Job instance at 0x7f7a5a4ab370>,10,19,[ 2 11],11,28,47,17,22
1,<environment.Job instance at 0x7f7a5a4abcd0>,13,20,[7 1],14,23,43,9,23
1,<environment.Job instance at 0x7f7a14bc1c30>,14,25,[4 9],15,47,72,32,43
1,<environment.Job instance at 0x7f7a5a4abfa0>,15,26,[6 1],16,43,69,27,43
1,<environment.Job instance at 0x7f7a5f874960>,1,26,[6 2],2,2,28,0,2
1,<environment.Job instance at 0x7f7a5a4abfa0>,3,23,[12  5],4,28,51,24,22
1,<environment.Job instance at 0x7f7a5a9e20a0>,10,20,[10  2],11,51,71,40,44
1,<environment.Job instance at 0x7f7a5a66b910>,1,24,[14  5],2,2,26,0,2
1,<environment.Job instance at 0x7f7a5a66b500>,3,22,[3 8],4,26,48,22,19
1,<environment.Job instance at 0x7f7a149b7320>,6,25,[5 3],7,26,51,19,22
1,<environment.Job instance at 0x7f7a149b7780>,11,27,[ 4 14],12,51,78,39,49
1,<environment.Job instance at 0x7f7a5a3f1c30>,0,21,[5 3],1,1,22,0,1
1,<environment.Job instance at 0x7f7a5a3f1aa0>,3,19,[5 7],4,6,25,2,6
1,<environment.Job instance at 0x7f7a5a3f1f50>,7,21,[1 7],8,22,43,14,14
1,<environment.Job instance at 0x7f7a149ff780>,13,22,[ 5 13],14,43,65,29,36
1,<environment.Job instance at 0x7f7a5ae33960>,1,20,[ 2 11],2,2,22,0,2
1,<environment.Job instance at 0x7f7a5a656d20>,5,25,[3 7],6,22,47,16,18
1,<environment.Job instance at 0x7f7a5a818140>,8,25,[5 8],9,22,47,13,18
1,<environment.Job instance at 0x7f7a5a818730>,11,28,[2 7],12,47,75,35,46
1,<environment.Job instance at 0x7f7a5a8181e0>,12,19,[3 6],13,47,66,34,46
1,<environment.Job instance at 0x7f7a5a895550>,1,27,[12  2],2,2,29,0,2
1,<environment.Job instance at 0x7f7a1447a320>,5,26,[9 4],6,29,55,23,26
1,<environment.Job instance at 0x7f7a1447a550>,7,25,[6 2],8,29,54,21,26
1,<environment.Job instance at 0x7f7a1447a9b0>,14,22,[ 4 13],15,55,77,40,48
1,<environment.Job instance at 0x7f7a14b6c960>,0,19,[4 9],1,2,21,1,2
1,<environment.Job instance at 0x7f7a5adf5050>,4,20,[ 3 12],5,21,41,16,17
1,<environment.Job instance at 0x7f7a5a294230>,11,28,[4 5],12,41,69,29,40
1,<environment.Job instance at 0x7f7a5a294d70>,7,3,[13  1],8,69,72,61,45
1,<environment.Job instance at 0x7f7a5a14a870>,4,26,[ 4 14],5,5,31,0,5
1,<environment.Job instance at 0x7f7a5a14a4b0>,5,20,[4 8],6,31,51,25,22
1,<environment.Job instance at 0x7f7a5a14aaf0>,3,20,[2 7],4,31,51,27,22
1,<environment.Job instance at 0x7f7a5a14a140>,9,25,[5 4],10,51,76,41,47
1,<environment.Job instance at 0x7f7a5a14a500>,10,21,[5 5],11,51,72,40,47
1,<environment.Job instance at 0x7f7a5aca3190>,5,20,[2 9],6,6,26,0,6
1,<environment.Job instance at 0x7f7a5aca3280>,6,26,[8 5],7,7,33,0,7
1,<environment.Job instance at 0x7f7a5aca36e0>,11,24,[8 5],12,33,57,21,28
1,<environment.Job instance at 0x7f7a5aca37d0>,13,20,[5 3],14,28,48,14,28
1,<environment.Job instance at 0x7f7a5aca39b0>,18,26,[3 6],19,48,74,29,45
1,<environment.Job instance at 0x7f7a5adcbaa0>,1,27,[ 3 11],2,2,29,0,2
1,<environment.Job instance at 0x7f7a5adcb640>,4,21,[4 8],5,29,50,24,21
1,<environment.Job instance at 0x7f7a5aca3c80>,2,21,[ 3 13],3,50,71,47,42
1,<environment.Job instance at 0x7f7a14672f50>,0,25,[10  4],1,1,26,0,1
1,<environment.Job instance at 0x7f7a144ea280>,2,27,[7 5],3,26,53,23,24
1,<environment.Job instance at 0x7f7a14672d70>,4,25,[8 2],5,26,51,21,24
1,<environment.Job instance at 0x7f7a5a402550>,14,28,[ 3 10],15,51,79,36,50
1,<environment.Job instance at 0x7f7a5a470c80>,15,25,[9 5],16,53,78,37,50
1,<environment.Job instance at 0x7f7a14a88b40>,4,22,[13  3],5,5,27,0,5
1,<environment.Job instance at 0x7f7a143e2fa0>,5,26,[14  2],6,27,53,21,24
1,<environment.Job instance at 0x7f7a14a9ffa0>,6,20,[ 4 12],7,53,73,46,45
1,<environment.Job instance at 0x7f7a5a4811e0>,2,24,[7 5],3,3,27,0,3
1,<environment.Job instance at 0x7f7a5a4812d0>,6,28,[4 9],7,7,35,0,7
1,<environment.Job instance at 0x7f7a5a481230>,7,28,[ 5 11],8,35,63,27,34
1,<environment.Job instance at 0x7f7a5a481640>,3,22,[11  1],4,63,85,59,56
1,<environment.Job instance at 0x7f7a14665410>,4,21,[3 9],5,5,26,0,5
1,<environment.Job instance at 0x7f7a146659b0>,7,22,[12  2],8,8,30,0,8
1,<environment.Job instance at 0x7f7a5a455640>,12,26,[14  5],13,30,56,17,27
1,<environment.Job instance at 0x7f7a149b9c80>,14,26,[8 3],15,56,82,41,53
1,<environment.Job instance at 0x7fa762b5ed70>,3,22,[2 5],4,4,26,0,4
1,<environment.Job instance at 0x7fa75b6c54b0>,7,26,[9 3],8,8,34,0,8
1,<environment.Job instance at 0x7fa75b6c55f0>,9,23,[13  1],10,34,57,24,28
1,<environment.Job instance at 0x7fa75b6c5a50>,14,21,[8 1],15,57,78,42,49
1,<environment.Job instance at 0x7fa75b6c5c30>,16,28,[5 1],17,57,85,40,56
1,<environment.Job instance at 0x7fa762afce10>,0,22,[ 3 10],1,1,23,0,1
1,<environment.Job instance at 0x7fa762c3c500>,5,28,[ 2 10],6,23,51,17,22
1,<environment.Job instance at 0x7fa762c4f870>,12,21,[4 8],13,51,72,38,43
1,<environment.Job instance at 0x7fa762c3cf50>,9,19,[12  3],10,72,91,62,62
1,<environment.Job instance at 0x7fa717a72f00>,3,26,[7 2],4,4,30,0,4
1,<environment.Job instance at 0x7fa762c4f410>,4,20,[13  4],5,30,50,25,26
1,<environment.Job instance at 0x7fa717a72280>,11,22,[5 6],12,50,72,38,43
1,<environment.Job instance at 0x7fa717a72be0>,12,26,[6 4],13,50,76,37,47
1,<environment.Job instance at 0x7fa717a72050>,0,1,[ 3 11],1,72,73,71,65
1,<environment.Job instance at 0x7fa717aca230>,17,25,[ 2 11],18,73,98,55,69
1,<environment.Job instance at 0x7fa717973050>,3,21,[1 6],4,4,25,0,4
1,<environment.Job instance at 0x7fa717aca230>,6,23,[1 9],7,7,30,0,7
1,<environment.Job instance at 0x7fa717973410>,8,25,[4 8],9,30,55,21,26
1,<environment.Job instance at 0x7fa7179732d0>,9,3,[11  3],10,69,72,59,69
1,<environment.Job instance at 0x7fa717dbb280>,5,27,[9 5],6,6,33,0,6
1,<environment.Job instance at 0x7fa717dbb8c0>,13,27,[2 7],14,14,41,0,14
1,<environment.Job instance at 0x7fa717dbbaa0>,15,27,[1 5],16,33,60,17,31
1,<environment.Job instance at 0x7fa717dbb140>,8,2,[ 4 11],9,60,62,51,38
1,<environment.Job instance at 0x7fa717db9050>,24,3,[4 5],25,52,55,27,52
1,<environment.Job instance at 0x7fa75baae7d0>,1,25,[7 5],2,2,27,0,2
1,<environment.Job instance at 0x7fa717db93c0>,4,25,[2 8],5,5,30,0,5
1,<environment.Job instance at 0x7fa75baae190>,8,26,[8 3],9,27,53,18,25
1,<environment.Job instance at 0x7fa75baaea50>,7,28,[8 2],8,53,81,45,52
1,<environment.Job instance at 0x7fa75b43f640>,12,21,[ 5 10],13,52,73,39,52
1,<environment.Job instance at 0x7fa75c16f370>,1,26,[6 2],2,2,28,0,2
1,<environment.Job instance at 0x7fa75c16fe10>,3,23,[12  5],4,28,51,24,22
1,<environment.Job instance at 0x7fa75c16f640>,6,21,[6 5],7,51,72,44,43
1,<environment.Job instance at 0x7fa75c16f5f0>,7,20,[2 7],8,43,63,35,43
1,<environment.Job instance at 0x7fa717db3f50>,10,20,[10  2],11,72,92,61,63
1,<environment.Job instance at 0x7fa75bc848c0>,1,27,[ 4 14],2,2,29,0,2
1,<environment.Job instance at 0x7fa75c16d1e0>,5,28,[13  5],6,29,57,23,28
1,<environment.Job instance at 0x7fa75c16d280>,6,23,[6 4],7,57,80,50,51
1,<environment.Job instance at 0x7fa717c975f0>,7,21,[3 8],8,57,78,49,51
1,<environment.Job instance at 0x7fa75be2cc30>,2,27,[10  1],3,3,30,0,3
1,<environment.Job instance at 0x7fa75bd891e0>,5,27,[12  2],6,30,57,24,28
1,<environment.Job instance at 0x7fa75be2c190>,8,24,[1 9],9,28,52,19,28
1,<environment.Job instance at 0x7fa75bc4b4b0>,15,23,[3 6],16,52,75,36,46
1,<environment.Job instance at 0x7fa75bc4b140>,17,27,[7 1],18,57,84,39,55
1,<environment.Job instance at 0x7fa75c03c1e0>,1,28,[9 2],2,2,30,0,2
1,<environment.Job instance at 0x7fa75c11b370>,8,26,[11  5],9,30,56,21,27
1,<environment.Job instance at 0x7fa75c08c550>,9,28,[4 9],10,27,55,17,27
1,<environment.Job instance at 0x7fa75b50c960>,4,26,[6 3],5,5,31,0,5
1,<environment.Job instance at 0x7fa75b80b5f0>,3,1,[ 2 11],4,7,8,3,7
1,<environment.Job instance at 0x7fa717f0eb90>,7,21,[8 3],8,8,29,0,8
1,<environment.Job instance at 0x7fa75bdb0410>,9,2,[ 2 13],10,31,33,21,19
1,<environment.Job instance at 0x7fa717d03690>,12,21,[5 4],13,33,54,20,25
1,<environment.Job instance at 0x7fa7177abcd0>,16,24,[14  1],17,54,78,37,49
1,<environment.Job instance at 0x7fa7177abeb0>,2,21,[4 8],3,3,24,0,3
1,<environment.Job instance at 0x7fa75c0bd870>,5,23,[2 8],6,24,47,18,18
1,<environment.Job instance at 0x7fa75c0bde60>,13,20,[2 7],14,18,38,4,18
1,<environment.Job instance at 0x7fa75c0bdf50>,15,20,[4 8],16,47,67,31,38
1,<environment.Job instance at 0x7fa75c0bdfa0>,14,26,[ 4 14],15,67,93,52,64
1,<environment.Job instance at 0x7fa75c0bdf00>,16,3,[ 4 12],17,93,96,76,69
1,<environment.Job instance at 0x7fa75c0d0f50>,1,1,[9 4],2,2,3,0,2
1,<environment.Job instance at 0x7fa75c3242d0>,5,20,[2 9],6,6,26,0,6
1,<environment.Job instance at 0x7fa75c3249b0>,6,26,[8 5],7,7,33,0,7
1,<environment.Job instance at 0x7fa717a05be0>,11,24,[8 5],12,33,57,21,28
1,<environment.Job instance at 0x7fa75c324140>,9,20,[6 3],10,28,48,18,28
1,<environment.Job instance at 0x7fa717a05dc0>,18,26,[3 6],19,48,74,29,45
1,<environment.Job instance at 0x7fa717832370>,2,20,[8 4],3,3,23,0,3
1,<environment.Job instance at 0x7fa75b552c80>,5,27,[1 6],6,6,33,0,6
1,<environment.Job instance at 0x7fa75b552af0>,8,26,[10  5],9,23,49,14,21
1,<environment.Job instance at 0x7fa75b5526e0>,6,27,[8 5],7,49,76,42,47
1,<environment.Job instance at 0x7fa75b552230>,14,20,[ 2 11],15,76,96,61,67
1,<environment.Job instance at 0x7fa75c324690>,1,21,[4 5],2,2,23,0,2
1,<environment.Job instance at 0x7fa75bd7a0a0>,2,21,[1 9],3,3,24,0,3
1,<environment.Job instance at 0x7fa717ce8820>,3,24,[7 4],4,23,47,19,18
1,<environment.Job instance at 0x7fa75b5ebaa0>,12,2,[ 5 11],13,35,37,22,35
1,<environment.Job instance at 0x7fa75b5ebbe0>,14,19,[8 3],15,39,58,24,39
1,<environment.Job instance at 0x7fa75b5ebc80>,15,22,[10  3],16,58,80,42,51
1,<environment.Job instance at 0x7fa75b60cd70>,1,27,[6 5],2,2,29,0,2
1,<environment.Job instance at 0x7fa717ef5b40>,8,25,[4 7],9,9,34,0,9
1,<environment.Job instance at 0x7fa717ef54b0>,11,22,[14  4],12,34,56,22,27
1,<environment.Job instance at 0x7fa75b9ea190>,12,27,[5 3],13,56,83,43,54
1,<environment.Job instance at 0x7fa75b9ea550>,16,26,[3 7],17,58,84,41,58
1,<environment.Job instance at 0x7fa717bb0b90>,2,28,[8 5],3,3,31,0,3
1,<environment.Job instance at 0x7fa75bd6f960>,3,21,[4 5],4,4,25,0,4
1,<environment.Job instance at 0x7fa75bd700f0>,5,28,[7 3],6,25,53,19,24
1,<environment.Job instance at 0x7fa75b631af0>,7,25,[1 5],8,31,56,23,27
1,<environment.Job instance at 0x7fa75b631eb0>,8,25,[ 3 10],9,53,78,44,49
1,<environment.Job instance at 0x7fa75bcb2be0>,12,20,[ 4 13],13,78,98,65,69
1,<environment.Job instance at 0x7fa75c16cb90>,16,23,[9 2],17,69,92,52,69
1,<environment.Job instance at 0x7fa717b7e0f0>,0,3,[ 4 14],1,2,5,1,2
1,<environment.Job instance at 0x7fa75b5565f0>,6,23,[ 2 11],7,7,30,0,7
1,<environment.Job instance at 0x7fa75bbfb2d0>,7,21,[ 1 11],8,30,51,22,22
1,<environment.Job instance at 0x7fa717e78780>,8,1,[ 2 14],9,51,52,42,23
1,<environment.Job instance at 0x7fa75c0fb190>,3,23,[6 1],4,4,27,0,4
1,<environment.Job instance at 0x7fa75c0fbc30>,4,23,[ 5 10],5,5,28,0,5
1,<environment.Job instance at 0x7fa75c0fbeb0>,7,3,[11  2],8,28,31,20,17
1,<environment.Job instance at 0x7fa75c0fbb40>,9,25,[12  3],10,31,56,21,27
1,<environment.Job instance at 0x7fa75c0fb640>,10,27,[ 4 11],11,56,83,45,54
1,<environment.Job instance at 0x7fa717895e60>,0,21,[6 3],1,1,22,0,1
1,<environment.Job instance at 0x7fa717895730>,2,27,[2 9],3,3,30,0,3
1,<environment.Job instance at 0x7fa75bc84a50>,7,23,[10  4],8,22,45,14,16
1,<environment.Job instance at 0x7fa75c11c4b0>,5,26,[ 5 11],6,30,56,24,27
1,<environment.Job instance at 0x7fa75b9db0f0>,12,26,[5 4],13,45,71,32,42
1,<environment.Job instance at 0x7fa717763eb0>,13,26,[ 1 10],14,56,82,42,53
1,<environment.Job instance at 0x7fa04fc2c780>,3,22,[2 5],4,4,26,0,4
1,<environment.Job instance at 0x7fa04ca895a0>,7,26,[9 3],8,8,34,0,8
1,<environment.Job instance at 0x7fa04ca89780>,9,23,[13  1],10,34,57,24,28
1,<environment.Job instance at 0x7fa04ca89a50>,14,21,[8 1],15,57,78,42,49
1,<environment.Job instance at 0x7fa04ca89b90>,16,28,[5 1],17,57,85,40,56
1,<environment.Job instance at 0x7fa04ca89d70>,19,23,[8 4],20,78,101,58,72
1,<environment.Job instance at 0x7fa04fd546e0>,2,21,[4 8],3,3,24,0,3
1,<environment.Job instance at 0x7fa04fd54410>,0,19,[5 5],1,10,29,9,10
1,<environment.Job instance at 0x7fa04fd4feb0>,10,22,[9 2],11,24,46,13,17
1,<environment.Job instance at 0x7fa04fd4f960>,12,23,[9 1],13,46,69,33,40
1,<environment.Job instance at 0x7fa04fd625f0>,14,21,[14  5],15,69,90,54,61
1,<environment.Job instance at 0x7fa006ce08c0>,1,20,[10  5],2,2,22,0,2
1,<environment.Job instance at 0x7fa006ce0a00>,4,22,[5 6],5,5,27,0,5
1,<environment.Job instance at 0x7fa006ce0460>,11,25,[14  5],12,27,52,15,23
1,<environment.Job instance at 0x7fa006ce0820>,12,24,[3 7],13,52,76,39,47
1,<environment.Job instance at 0x7fa04fd622d0>,2,22,[ 2 11],3,76,98,73,69
1,<environment.Job instance at 0x7fa04cb60f50>,3,27,[6 1],4,4,31,0,4
1,<environment.Job instance at 0x7fa006d80fa0>,4,27,[ 4 13],5,5,32,0,5
1,<environment.Job instance at 0x7fa006d80690>,11,27,[5 6],12,32,59,20,30
1,<environment.Job instance at 0x7fa04f7f8050>,10,23,[1 8],11,32,55,21,30
1,<environment.Job instance at 0x7fa006d722d0>,15,28,[14  4],16,59,87,43,58
1,<environment.Job instance at 0x7fa00723bd20>,2,20,[5 8],3,3,23,0,3
1,<environment.Job instance at 0x7fa00738eaa0>,3,27,[ 4 13],4,23,50,19,21
1,<environment.Job instance at 0x7fa0070b0d20>,7,28,[7 4],8,50,78,42,49
1,<environment.Job instance at 0x7fa0070b0e10>,8,27,[4 6],9,50,77,41,49
1,<environment.Job instance at 0x7fa00738e1e0>,4,28,[1 8],5,77,105,72,76
1,<environment.Job instance at 0x7fa04caf05f0>,7,22,[ 3 11],8,8,30,0,8
1,<environment.Job instance at 0x7fa04caf0af0>,8,20,[4 9],9,30,50,21,21
1,<environment.Job instance at 0x7fa006d74dc0>,1,24,[14  5],2,2,26,0,2
1,<environment.Job instance at 0x7fa006d74960>,3,22,[3 8],4,26,48,22,19
1,<environment.Job instance at 0x7fa006d74500>,6,25,[5 3],7,26,51,19,22
1,<environment.Job instance at 0x7fa04c894320>,11,27,[ 4 14],12,51,78,39,49
1,<environment.Job instance at 0x7fa0070024b0>,15,28,[13  5],16,78,106,62,77
1,<environment.Job instance at 0x7fa04f32ed20>,2,27,[10  1],3,3,30,0,3
1,<environment.Job instance at 0x7fa04f32e0a0>,5,27,[12  2],6,30,57,24,28
1,<environment.Job instance at 0x7fa04f605f50>,8,24,[1 9],9,28,52,19,28
1,<environment.Job instance at 0x7fa04f10d320>,11,27,[ 1 14],12,57,84,45,55
1,<environment.Job instance at 0x7fa04cee2910>,15,23,[3 6],16,84,107,68,78
1,<environment.Job instance at 0x7fa006caaaf0>,17,27,[7 1],18,78,105,60,78
1,<environment.Job instance at 0x7fa00734b6e0>,11,24,[13  4],12,15,39,3,15
1,<environment.Job instance at 0x7fa007269b90>,12,19,[ 2 13],13,74,93,61,74
1,<environment.Job instance at 0x7fa04cb99550>,0,19,[4 9],1,2,21,1,2
1,<environment.Job instance at 0x7fa00731bf50>,5,19,[10  1],6,6,25,0,6
1,<environment.Job instance at 0x7fa04cb99320>,4,20,[ 3 12],5,21,41,16,15
1,<environment.Job instance at 0x7fa04cc86d70>,11,28,[4 5],12,41,69,29,40
1,<environment.Job instance at 0x7fa00731b5a0>,7,3,[13  1],8,69,72,61,44
1,<environment.Job instance at 0x7fa04f16a500>,14,26,[12  1],15,72,98,57,69
1,<environment.Job instance at 0x7fa006b76960>,0,27,[8 5],1,1,28,0,1
1,<environment.Job instance at 0x7fa04f16a3c0>,1,23,[12  4],2,28,51,26,22
1,<environment.Job instance at 0x7fa006ba2d20>,8,20,[3 9],9,22,42,13,22
1,<environment.Job instance at 0x7fa006ba2f50>,9,28,[ 4 14],10,51,79,41,50
1,<environment.Job instance at 0x7fa006ba2690>,10,21,[ 5 12],11,79,100,68,71
1,<environment.Job instance at 0x7fa006fe69b0>,0,23,[10  4],1,1,24,0,1
1,<environment.Job instance at 0x7fa04ca26fa0>,6,26,[3 6],7,7,33,0,7
1,<environment.Job instance at 0x7fa04ca190a0>,9,23,[4 9],10,24,47,14,18
1,<environment.Job instance at 0x7fa04ca26f50>,10,24,[5 2],11,33,57,22,28
1,<environment.Job instance at 0x7fa04ca19730>,16,22,[4 8],17,47,69,30,40
1,<environment.Job instance at 0x7fa04ca19550>,13,25,[2 9],14,69,94,55,65
1,<environment.Job instance at 0x7fa04cf10960>,0,25,[10  4],1,1,26,0,1
1,<environment.Job instance at 0x7fa04cf10be0>,2,27,[7 5],3,26,53,23,24
1,<environment.Job instance at 0x7fa04cf109b0>,4,25,[8 2],5,26,51,21,24
1,<environment.Job instance at 0x7fa04cf18eb0>,14,28,[ 3 10],15,51,79,36,50
1,<environment.Job instance at 0x7fa04cf188c0>,15,25,[9 5],16,53,78,37,50
1,<environment.Job instance at 0x7fa04cf185a0>,21,21,[4 5],22,78,99,56,70
1,<environment.Job instance at 0x7fa04cf189b0>,22,21,[1 9],23,79,100,56,71
1,<environment.Job instance at 0x7fa0073e0690>,2,27,[5 1],3,3,30,0,3
1,<environment.Job instance at 0x7fa04ccfd3c0>,6,3,[3 6],7,7,10,0,7
1,<environment.Job instance at 0x7fa04ccfd1e0>,7,24,[7 4],8,8,32,0,8
1,<environment.Job instance at 0x7fa04ccfdaa0>,11,27,[6 5],12,30,57,18,28
1,<environment.Job instance at 0x7fa04ccfda50>,8,19,[6 3],9,32,51,23,28
1,<environment.Job instance at 0x7fa04f4a7cd0>,2,28,[8 5],3,3,31,0,3
1,<environment.Job instance at 0x7fa04f29bc30>,3,21,[4 5],4,4,25,0,4
1,<environment.Job instance at 0x7fa04f29b370>,5,28,[7 3],6,25,53,19,24
1,<environment.Job instance at 0x7fa04ca66f00>,7,25,[1 5],8,31,56,23,27
1,<environment.Job instance at 0x7fa04ca66e10>,8,25,[ 3 10],9,53,78,44,49
1,<environment.Job instance at 0x7fa04ca66e60>,6,19,[1 7],7,78,97,71,68
1,<environment.Job instance at 0x7fa007118b40>,3,25,[4 7],4,4,29,0,4
1,<environment.Job instance at 0x7fa04f712d20>,0,3,[ 4 14],1,29,32,28,26
1,<environment.Job instance at 0x7fa04f0a5dc0>,6,28,[ 4 11],7,32,60,25,31
1,<environment.Job instance at 0x7fa007118cd0>,5,3,[ 4 14],6,60,63,54,58
1,<environment.Job instance at 0x7fa04c9fa500>,10,24,[3 8],11,63,87,52,58
1,<environment.Job instance at 0x7fa04f0a55a0>,12,27,[3 6],13,63,90,50,61
1,<environment.Job instance at 0x7fa04f152c80>,0,24,[8 5],1,1,25,0,1
1,<environment.Job instance at 0x7fa04cc03690>,4,23,[9 3],5,25,48,20,19
1,<environment.Job instance at 0x7fa04ce92b40>,10,22,[5 6],11,19,41,8,19
1,<environment.Job instance at 0x7fa04ce92730>,12,25,[10  1],13,48,73,35,44
1,<environment.Job instance at 0x7fa04ce923c0>,15,19,[9 3],16,73,92,57,63
1,<environment.Job instance at 0x7fa006e89b90>,2,27,[4 8],3,3,30,0,3
1,<environment.Job instance at 0x7fa006e895f0>,5,24,[5 6],6,6,30,0,6
1,<environment.Job instance at 0x7fa006e89cd0>,9,23,[8 5],10,30,53,20,24
1,<environment.Job instance at 0x7fa006e89a50>,14,28,[2 5],15,30,58,15,29
1,<environment.Job instance at 0x7fa006c794b0>,15,28,[ 2 14],16,58,86,42,57
1,<environment.Job instance at 0x7fa006c79d70>,16,22,[9 4],17,86,108,69,79
1,<environment.Job instance at 0x7fa006c94190>,0,21,[4 8],1,1,22,0,1
1,<environment.Job instance at 0x7fa04cbae820>,6,25,[ 5 10],7,22,47,15,18
1,<environment.Job instance at 0x7f14977aa050>,3,22,[2 5],4,4,26,0,4
1,<environment.Job instance at 0x7f149039b2d0>,7,26,[9 3],8,8,34,0,8
1,<environment.Job instance at 0x7f149039b780>,9,23,[13  1],10,34,57,24,28
1,<environment.Job instance at 0x7f149039b910>,14,21,[8 1],15,57,78,42,49
1,<environment.Job instance at 0x7f149039bbe0>,16,28,[5 1],17,57,85,40,56
1,<environment.Job instance at 0x7f149039bdc0>,19,23,[8 4],20,78,101,58,72
1,<environment.Job instance at 0x7f1497916af0>,0,22,[9 2],1,1,23,0,1
1,<environment.Job instance at 0x7f14977d1320>,4,21,[14  5],5,23,44,18,17
1,<environment.Job instance at 0x7f1497916500>,2,23,[9 1],3,44,67,41,38
1,<environment.Job instance at 0x7f1497916a50>,3,25,[ 1 13],4,44,69,40,40
1,<environment.Job instance at 0x7f1497911910>,10,28,[5 9],11,69,97,58,68
1,<environment.Job instance at 0x7f144c92b960>,1,27,[8 3],2,2,29,0,2
1,<environment.Job instance at 0x7f1497911e10>,2,21,[2 5],3,3,24,0,3
1,<environment.Job instance at 0x7f1497911eb0>,4,21,[9 3],5,29,50,24,21
1,<environment.Job instance at 0x7f144c739cd0>,7,27,[ 3 12],8,24,51,16,22
1,<environment.Job instance at 0x7f144c7396e0>,13,26,[3 9],14,51,77,37,48
1,<environment.Job instance at 0x7f144c739dc0>,3,19,[12  2],4,52,71,48,52
1,<environment.Job instance at 0x7f144c76d690>,18,20,[4 9],19,77,97,58,68
1,<environment.Job instance at 0x7f144c76dd20>,20,2,[11  3],21,71,73,50,68
1,<environment.Job instance at 0x7f144c688e60>,3,20,[5 8],4,4,24,0,4
1,<environment.Job instance at 0x7f144cc61370>,6,20,[11  2],7,24,44,17,15
1,<environment.Job instance at 0x7f144cc61a00>,7,26,[2 8],8,24,50,16,21
1,<environment.Job instance at 0x7f144cc610f0>,9,20,[ 4 10],10,50,70,40,41
1,<environment.Job instance at 0x7f144cc61410>,15,27,[9 5],16,44,71,28,44
1,<environment.Job instance at 0x7f144cc61960>,20,2,[2 9],21,70,72,49,65
1,<environment.Job instance at 0x7f144cc614b0>,18,2,[ 4 11],19,72,74,53,71
1,<environment.Job instance at 0x7f144cc69a00>,23,27,[2 7],24,74,101,50,72
1,<environment.Job instance at 0x7f144ca5a870>,25,27,[1 5],26,79,106,53,79
1,<environment.Job instance at 0x7f144c772d20>,0,27,[ 3 11],1,1,28,0,1
1,<environment.Job instance at 0x7f144ca914b0>,13,20,[7 1],14,20,40,6,20
1,<environment.Job instance at 0x7f144ca91140>,14,25,[4 9],15,28,53,13,24
1,<environment.Job instance at 0x7f144ca91690>,15,26,[6 1],16,40,66,24,37
1,<environment.Job instance at 0x7f144ca915f0>,16,28,[5 9],17,53,81,36,52
1,<environment.Job instance at 0x7f144ca91730>,17,24,[4 8],18,81,105,63,76
1,<environment.Job instance at 0x7f144ca916e0>,18,20,[5 5],19,76,96,57,76
1,<environment.Job instance at 0x7f144ca91820>,19,1,[10  5],20,96,97,76,76
1,<environment.Job instance at 0x7f144c5a1500>,1,26,[ 3 12],2,2,28,0,2
1,<environment.Job instance at 0x7f14970b7b90>,9,2,[ 4 11],10,28,30,18,11
1,<environment.Job instance at 0x7f14972f5730>,0,21,[5 3],1,1,22,0,1
1,<environment.Job instance at 0x7f1496d2fe10>,3,19,[5 7],4,6,25,2,6
1,<environment.Job instance at 0x7f144c9cce10>,7,21,[1 7],8,22,43,14,14
1,<environment.Job instance at 0x7f1496d01fa0>,13,22,[ 5 13],14,43,65,29,36
1,<environment.Job instance at 0x7f144c6a0b90>,15,27,[11  2],16,65,92,49,63
1,<environment.Job instance at 0x7f14971fb4b0>,16,21,[5 6],17,92,113,75,84
1,<environment.Job instance at 0x7f14904febe0>,1,28,[9 2],2,2,30,0,2
1,<environment.Job instance at 0x7f14901c3550>,8,26,[11  5],9,30,56,21,27
1,<environment.Job instance at 0x7f14901c38c0>,9,28,[4 9],10,27,55,17,27
1,<environment.Job instance at 0x7f14901f3f50>,0,19,[4 9],1,1,20,0,1
1,<environment.Job instance at 0x7f144cbce320>,5,19,[10  1],6,9,28,3,9
1,<environment.Job instance at 0x7f144cb94cd0>,7,3,[13  1],8,28,31,20,18
1,<environment.Job instance at 0x7f1496ef0230>,11,28,[4 5],12,31,59,19,30
1,<environment.Job instance at 0x7f1496c29eb0>,14,26,[12  1],15,59,85,44,56
1,<environment.Job instance at 0x7f1496c29550>,19,26,[7 1],20,85,111,65,82
1,<environment.Job instance at 0x7f1496c291e0>,20,22,[8 3],21,85,107,64,82
1,<environment.Job instance at 0x7f144cacb1e0>,0,21,[ 5 12],1,1,22,0,1
1,<environment.Job instance at 0x7f144c8fff00>,4,27,[3 8],5,22,49,17,20
1,<environment.Job instance at 0x7f144cab33c0>,8,22,[7 5],9,22,44,13,20
1,<environment.Job instance at 0x7f144cc82fa0>,12,27,[10  4],13,44,71,31,42
1,<environment.Job instance at 0x7f149711aa00>,18,22,[2 5],19,57,79,38,57
1,<environment.Job instance at 0x7f149711a0a0>,19,21,[ 4 14],20,79,100,59,72
1,<environment.Job instance at 0x7f144cbab280>,1,27,[ 3 11],2,2,29,0,2
1,<environment.Job instance at 0x7f149717beb0>,4,21,[4 8],5,29,50,24,21
1,<environment.Job instance at 0x7f1496bb7280>,2,21,[ 3 13],3,50,71,47,42
1,<environment.Job instance at 0x7f144cc69be0>,12,20,[8 4],13,71,91,58,62
1,<environment.Job instance at 0x7f144cc69eb0>,13,2,[7 1],14,62,64,48,62
1,<environment.Job instance at 0x7f144cc67190>,15,27,[1 6],16,71,98,55,69
1,<environment.Job instance at 0x7f144cc67230>,16,27,[8 5],17,91,118,74,89
1,<environment.Job instance at 0x7f1490200d20>,4,19,[8 3],5,5,24,0,5
1,<environment.Job instance at 0x7f1490200320>,5,22,[10  3],6,24,46,18,17
1,<environment.Job instance at 0x7f1496cfad70>,10,25,[9 1],11,46,71,35,42
1,<environment.Job instance at 0x7f144cc673c0>,2,2,[ 5 11],3,43,45,40,43
1,<environment.Job instance at 0x7f1496cfacd0>,13,22,[14  2],14,71,93,57,64
1,<environment.Job instance at 0x7f1496cfa730>,9,1,[12  1],10,93,94,83,88
1,<environment.Job instance at 0x7f149019fb90>,2,24,[7 5],3,3,27,0,3
1,<environment.Job instance at 0x7f149019ff50>,6,28,[4 9],7,7,35,0,7
1,<environment.Job instance at 0x7f149019ffa0>,7,28,[ 5 11],8,35,63,27,34
1,<environment.Job instance at 0x7f1496cfa730>,3,22,[11  1],4,63,85,59,56
1,<environment.Job instance at 0x7f149019faf0>,9,19,[3 6],10,63,82,53,58
1,<environment.Job instance at 0x7f1490373820>,17,19,[14  2],18,85,104,67,82
1,<environment.Job instance at 0x7f1496ffdcd0>,3,27,[ 4 13],4,4,31,0,4
1,<environment.Job instance at 0x7f14903737d0>,4,23,[ 4 10],5,31,54,26,25
1,<environment.Job instance at 0x7f14904d7e10>,8,28,[7 3],9,31,59,22,30
1,<environment.Job instance at 0x7f14904d77d0>,9,27,[3 8],10,54,81,44,52
1,<environment.Job instance at 0x7f14904d7eb0>,10,23,[5 9],11,81,104,70,75
1,<environment.Job instance at 0x7f1496dd25a0>,3,23,[6 1],4,4,27,0,4
1,<environment.Job instance at 0x7f14904d7910>,4,23,[ 5 10],5,5,28,0,5
1,<environment.Job instance at 0x7f14901c3f50>,9,25,[12  3],10,28,53,18,24
1,<environment.Job instance at 0x7f14901c3e60>,10,27,[ 4 11],11,53,80,42,51
1,<environment.Job instance at 0x7f144ccb9550>,6,22,[ 1 14],7,80,102,73,76
1,<environment.Job instance at 0x7f149710e1e0>,7,22,[1 8],8,8,30,0,8
1,<environment.Job instance at 0x7f149710e0a0>,9,2,[ 4 11],10,30,32,20,10
1,<environment.Job instance at 0x7f149710e2d0>,10,24,[8 5],11,32,56,21,27
1,<environment.Job instance at 0x7f149710e550>,14,23,[9 3],15,56,79,41,50
1,<environment.Job instance at 0x7f149710e960>,20,22,[5 6],21,64,86,43,64
1,<environment.Job instance at 0x7f14901b01e0>,22,25,[10  1],23,79,104,56,75
1,<environment.Job instance at 0x7f144c4ba780>,2,27,[4 8],3,3,30,0,3
1,<environment.Job instance at 0x7f144c4baf50>,5,24,[5 6],6,6,30,0,6
1,<environment.Job instance at 0x7f149015af00>,9,23,[8 5],10,30,53,20,24
1,<environment.Job instance at 0x7f149016d690>,14,28,[2 5],15,30,58,15,29
1,<environment.Job instance at 0x7f149016df50>,16,22,[9 4],17,53,75,36,46
1,<environment.Job instance at 0x7f149016d870>,18,24,[10  1],19,75,99,56,70
1,<environment.Job instance at 0x7f149016d0f0>,20,27,[5 8],21,72,99,51,72
1,<environment.Job instance at 0x7f149016b2d0>,3,21,[2 5],4,4,25,0,4
1,<environment.Job instance at 0x7f14901870f0>,5,1,[ 1 13],6,25,26,19,11
1,<environment.Job instance at 0x7f1496c29c30>,11,2,[5 7],12,12,14,0,12
1,<environment.Job instance at 0x7f1496c4f410>,0,28,[13  2],1,1,29,0,1
1,<environment.Job instance at 0x7f144c37daa0>,5,22,[ 4 10],6,29,51,23,22
1,<environment.Job instance at 0x7f1496c4f550>,6,28,[6 3],7,29,57,22,28
1,<environment.Job instance at 0x7f144cb6e0a0>,3,27,[3 6],4,51,78,47,49
1,<environment.Job instance at 0x7f144cd30280>,10,24,[1 7],11,57,81,46,52
1,<environment.Job instance at 0x7f1496be23c0>,11,27,[ 5 12],12,81,108,69,79
1,<environment.Job instance at 0x7f14907f6730>,1,20,[10  2],2,79,99,77,79
1,<environment.Job instance at 0x7f14908262d0>,1,1,[ 5 11],2,6,7,4,6
1,<environment.Job instance at 0x7f1490224140>,4,20,[1 9],5,7,27,2,6
1,<environment.Job instance at 0x7f14902246e0>,9,26,[ 2 12],10,27,53,17,24
1,<environment.Job instance at 0x7f144cc6dbe0>,11,1,[ 3 12],12,53,54,41,25
1,<environment.Job instance at 0x7f144cc6d230>,12,24,[10  3],13,25,49,12,25
1,<environment.Job instance at 0x7f144cc6d280>,14,3,[11  1],15,49,52,34,36
1,<environment.Job instance at 0x7f144cc6d370>,17,26,[5 5],18,54,80,36,51
1,<environment.Job instance at 0x7f144cc6d140>,18,21,[13  1],19,80,101,61,72
1,<environment.Job instance at 0x7f695905ef00>,3,22,[2 5],4,4,26,0,4
1,<environment.Job instance at 0x7f6951c4f500>,7,26,[9 3],8,8,34,0,8
1,<environment.Job instance at 0x7f6951c4f730>,9,23,[13  1],10,34,57,24,28
1,<environment.Job instance at 0x7f6951c4fa00>,14,21,[8 1],15,57,78,42,49
1,<environment.Job instance at 0x7f6951c4fb40>,16,28,[5 1],17,57,85,40,56
1,<environment.Job instance at 0x7f6951c4fd20>,19,23,[8 4],20,78,101,58,72
1,<environment.Job instance at 0x7f69591cb690>,0,28,[5 9],1,1,29,0,1
1,<environment.Job instance at 0x7f6959086cd0>,9,27,[ 3 11],10,29,56,19,27
1,<environment.Job instance at 0x7f6959086370>,6,22,[ 4 14],7,56,78,49,49
1,<environment.Job instance at 0x7f69591c6be0>,17,22,[10  3],18,78,100,60,71
1,<environment.Job instance at 0x7f69591d9410>,20,24,[8 1],21,100,124,79,95
1,<environment.Job instance at 0x7f690df868c0>,0,2,[11  3],1,2,4,1,2
1,<environment.Job instance at 0x7f690df865f0>,13,21,[1 6],14,34,55,20,34
1,<environment.Job instance at 0x7f690e3ec8c0>,9,21,[8 2],10,10,31,0,10
1,<environment.Job instance at 0x7f690e3cdd20>,14,25,[5 6],15,35,60,20,35
1,<environment.Job instance at 0x7f690e3cda00>,15,20,[1 8],16,35,55,19,35
1,<environment.Job instance at 0x7f690e3cd370>,19,28,[11  2],20,81,109,61,81
1,<environment.Job instance at 0x7f690e34a550>,7,22,[ 3 11],8,8,30,0,8
1,<environment.Job instance at 0x7f690e34a730>,8,20,[4 9],9,30,50,21,21
1,<environment.Job instance at 0x7f690de5a280>,1,25,[5 5],2,2,27,0,2
1,<environment.Job instance at 0x7f695493e2d0>,2,26,[12  3],3,27,53,24,24
1,<environment.Job instance at 0x7f6951f14550>,6,25,[7 5],7,53,78,46,49
1,<environment.Job instance at 0x7f6951f14cd0>,5,24,[ 5 13],6,78,102,72,73
1,<environment.Job instance at 0x7f6951f14050>,8,3,[ 5 13],9,102,105,93,77
1,<environment.Job instance at 0x7f695493e780>,3,2,[14  4],4,105,107,101,91
1,<environment.Job instance at 0x7f6951d231e0>,10,19,[14  4],11,107,126,96,97
1,<environment.Job instance at 0x7f69547d75a0>,1,20,[ 2 11],2,2,22,0,2
1,<environment.Job instance at 0x7f6954250910>,8,25,[5 8],9,22,47,13,18
1,<environment.Job instance at 0x7f6951d23eb0>,5,25,[3 7],6,22,47,16,18
1,<environment.Job instance at 0x7f6954250460>,11,28,[2 7],12,47,75,35,46
1,<environment.Job instance at 0x7f690e515960>,13,25,[3 9],14,75,100,61,71
1,<environment.Job instance at 0x7f690e30fc30>,16,23,[2 8],17,100,123,83,94
1,<environment.Job instance at 0x7f6951da3f00>,19,27,[5 7],20,100,127,80,98
1,<environment.Job instance at 0x7f6951da3f00>,4,26,[6 3],5,5,31,0,5
1,<environment.Job instance at 0x7f690e059b90>,7,21,[8 3],8,8,29,0,8
1,<environment.Job instance at 0x7f6951e014b0>,3,1,[ 2 11],4,29,30,25,29
1,<environment.Job instance at 0x7f690e059b40>,12,21,[5 4],13,30,51,17,29
1,<environment.Job instance at 0x7f690e059dc0>,9,2,[ 2 13],10,51,53,41,31
1,<environment.Job instance at 0x7f690e0881e0>,16,24,[14  1],17,53,77,36,48
1,<environment.Job instance at 0x7f690e0883c0>,18,25,[9 2],19,77,102,58,73
1,<environment.Job instance at 0x7f690e0882d0>,24,20,[ 3 12],25,84,104,59,84
1,<environment.Job instance at 0x7f690e088870>,25,19,[10  1],26,102,121,76,99
1,<environment.Job instance at 0x7f690dfb6cd0>,0,27,[8 5],1,1,28,0,1
1,<environment.Job instance at 0x7f690e088a00>,1,23,[12  4],2,28,51,26,22
1,<environment.Job instance at 0x7f6951b66730>,8,20,[3 9],9,24,44,15,24
1,<environment.Job instance at 0x7f6951b66550>,9,28,[ 4 14],10,51,79,41,50
1,<environment.Job instance at 0x7f6951b665a0>,10,21,[ 5 12],11,79,100,68,71
1,<environment.Job instance at 0x7f690dfa19b0>,14,27,[3 8],15,100,127,85,98
1,<environment.Job instance at 0x7f690dfa15a0>,1,27,[ 3 11],2,2,29,0,2
1,<environment.Job instance at 0x7f690e2efd20>,4,21,[4 8],5,29,50,24,21
1,<environment.Job instance at 0x7f690e2ef0f0>,2,21,[ 3 13],3,50,71,47,42
1,<environment.Job instance at 0x7f690e539690>,12,20,[8 4],13,71,91,58,62
1,<environment.Job instance at 0x7f690e539460>,15,27,[1 6],16,71,98,55,69
1,<environment.Job instance at 0x7f690e539d70>,16,27,[8 5],17,91,118,74,89
1,<environment.Job instance at 0x7f690e4bc730>,0,25,[9 1],1,1,26,0,1
1,<environment.Job instance at 0x7f6951c47230>,3,22,[14  2],4,26,48,22,19
1,<environment.Job instance at 0x7f69542985a0>,9,27,[5 4],10,48,75,38,46
1,<environment.Job instance at 0x7f6954298640>,10,28,[7 5],11,48,76,37,47
1,<environment.Job instance at 0x7f6954298780>,12,28,[14  2],13,76,104,63,75
1,<environment.Job instance at 0x7f69520f7690>,4,1,[3 6],5,5,6,0,5
1,<environment.Job instance at 0x7f69520f7780>,6,21,[4 5],7,7,28,0,7
1,<environment.Job instance at 0x7f6951b24e60>,11,1,[8 4],12,17,18,5,17
1,<environment.Job instance at 0x7f69591d5280>,15,3,[ 4 13],16,35,38,19,35
1,<environment.Job instance at 0x7f69591d51e0>,17,19,[1 9],18,42,61,24,42
1,<environment.Job instance at 0x7f69545087d0>,18,20,[ 4 11],19,61,81,42,52
1,<environment.Job instance at 0x7f690e4a4eb0>,22,28,[8 5],23,81,109,58,80
1,<environment.Job instance at 0x7f690e4a4230>,23,21,[4 5],24,81,102,57,80
1,<environment.Job instance at 0x7f690de855a0>,1,28,[10  5],2,2,30,0,2
1,<environment.Job instance at 0x7f6951d6f640>,2,25,[8 4],3,30,55,27,26
1,<environment.Job instance at 0x7f690dff75a0>,9,25,[8 3],10,55,80,45,51
1,<environment.Job instance at 0x7f690dff7e60>,12,24,[11  1],13,80,104,67,75
1,<environment.Job instance at 0x7f690dd76b40>,0,20,[3 6],1,1,21,0,1
1,<environment.Job instance at 0x7f690e00b140>,1,26,[13  2],2,21,47,19,18
1,<environment.Job instance at 0x7f69545f1640>,7,22,[8 5],8,47,69,39,40
1,<environment.Job instance at 0x7f6958f4f780>,2,2,[ 2 13],3,69,71,66,46
1,<environment.Job instance at 0x7f690e540320>,15,20,[5 4],16,71,91,55,62
1,<environment.Job instance at 0x7f690de623c0>,16,23,[8 1],17,69,92,52,63
1,<environment.Job instance at 0x7f69545f1500>,8,19,[ 5 11],9,91,110,82,83
1,<environment.Job instance at 0x7f6951cec0a0>,1,26,[ 1 10],2,2,28,0,2
1,<environment.Job instance at 0x7f6951c43050>,12,20,[ 4 11],13,28,48,15,19
1,<environment.Job instance at 0x7f6951c43d20>,10,21,[ 2 14],11,48,69,37,40
1,<environment.Job instance at 0x7f6951c430a0>,16,20,[1 5],17,69,89,52,60
1,<environment.Job instance at 0x7f6951c43190>,20,21,[4 8],21,69,90,48,61
1,<environment.Job instance at 0x7f6951eb3cd0>,0,28,[10  3],1,1,29,0,1
1,<environment.Job instance at 0x7f690df33460>,10,28,[ 2 11],11,11,39,0,11
1,<environment.Job instance at 0x7f690df33e10>,11,23,[5 5],12,39,62,27,33
1,<environment.Job instance at 0x7f690df49140>,13,26,[ 4 12],14,62,88,48,59
1,<environment.Job instance at 0x7f6951d60d20>,1,24,[5 5],2,2,26,0,2
1,<environment.Job instance at 0x7f690e2ad640>,4,21,[ 1 14],5,26,47,21,18
1,<environment.Job instance at 0x7f690e514c80>,1,26,[ 3 10],2,2,28,0,2
1,<environment.Job instance at 0x7f690dd3a7d0>,4,28,[8 3],5,5,33,0,5
1,<environment.Job instance at 0x7f690dd3ad20>,9,25,[ 5 14],10,33,58,23,29
1,<environment.Job instance at 0x7f690dd3ab90>,3,22,[ 3 12],4,58,80,54,51
1,<environment.Job instance at 0x7f690dd44e60>,13,2,[ 3 12],14,80,82,66,58
1,<environment.Job instance at 0x7f690dd449b0>,19,25,[4 6],20,82,107,62,78
1,<environment.Job instance at 0x7f690dd44780>,20,21,[ 5 11],21,107,128,86,99
1,<environment.Job instance at 0x7f690e29dd70>,3,22,[ 3 13],4,4,26,0,4
1,<environment.Job instance at 0x7f69520b4aa0>,8,28,[ 4 11],9,26,54,17,25
1,<environment.Job instance at 0x7f690e11aeb0>,10,20,[5 3],11,26,46,15,25
1,<environment.Job instance at 0x7f690e4f6eb0>,13,27,[10  1],14,46,73,32,44
1,<environment.Job instance at 0x7f69520b4550>,11,19,[ 2 11],12,54,73,42,52
1,<environment.Job instance at 0x7f690e4f62d0>,16,25,[11  3],17,73,98,56,69
1,<environment.Job instance at 0x7f690e326b40>,18,20,[5 9],19,98,118,79,89
1,<environment.Job instance at 0x7f690e326e60>,19,23,[6 5],20,98,121,78,92
1,<environment.Job instance at 0x7f91f0db9690>,3,22,[2 5],4,4,26,0,4
1,<environment.Job instance at 0x7f91e99224b0>,7,26,[9 3],8,8,34,0,8
1,<environment.Job instance at 0x7f91e9922730>,9,23,[13  1],10,34,57,24,28
1,<environment.Job instance at 0x7f91e9922a00>,14,21,[8 1],15,57,78,42,49
1,<environment.Job instance at 0x7f91e9922be0>,16,28,[5 1],17,57,85,40,56
1,<environment.Job instance at 0x7f91e9922dc0>,19,23,[8 4],20,78,101,58,72
1,<environment.Job instance at 0x7f91f0e99780>,0,23,[5 1],1,1,24,0,1
1,<environment.Job instance at 0x7f91f0d5aa00>,7,22,[10  3],8,8,30,0,8
1,<environment.Job instance at 0x7f91f0d5a410>,10,24,[8 1],11,30,54,19,25
1,<environment.Job instance at 0x7f91f0d5ad20>,12,25,[1 8],13,25,50,12,25
1,<environment.Job instance at 0x7f91f0d5a910>,11,2,[ 5 14],12,50,52,38,32
1,<environment.Job instance at 0x7f91f0e990a0>,4,19,[9 2],5,54,73,49,44
1,<environment.Job instance at 0x7f91f0ea6c30>,26,1,[9 5],27,73,74,46,66
1,<environment.Job instance at 0x7f91f0ea6f50>,27,28,[ 2 10],28,66,94,38,66
1,<environment.Job instance at 0x7f91f0ea6370>,28,24,[6 5],29,74,98,45,69
1,<environment.Job instance at 0x7f91f0ea6e10>,30,1,[ 3 11],31,98,99,67,91
1,<environment.Job instance at 0x7f91f0ea5e10>,33,26,[7 2],34,94,120,60,93
1,<environment.Job instance at 0x7f91f0ea5e10>,4,20,[10  2],5,5,25,0,5
1,<environment.Job instance at 0x7f91a5b72910>,6,19,[4 7],7,7,26,0,7
1,<environment.Job instance at 0x7f91a5cf2320>,0,20,[4 9],1,1,21,0,1
1,<environment.Job instance at 0x7f91a5f8a4b0>,2,27,[12  5],3,21,48,18,19
1,<environment.Job instance at 0x7f91a5c037d0>,4,2,[5 5],5,19,21,14,19
1,<environment.Job instance at 0x7f91a5c036e0>,9,23,[5 8],10,48,71,38,42
1,<environment.Job instance at 0x7f91a616ba50>,12,21,[ 4 14],13,71,92,58,63
1,<environment.Job instance at 0x7f91a6241be0>,14,20,[2 5],15,92,112,77,83
1,<environment.Job instance at 0x7f91a5d484b0>,17,1,[ 4 11],18,112,113,94,84
1,<environment.Job instance at 0x7f91a5d48370>,20,1,[ 4 10],21,92,93,71,87
1,<environment.Job instance at 0x7f91a5d48910>,21,25,[7 5],22,113,138,91,109
1,<environment.Job instance at 0x7f91a5d48be0>,24,25,[2 8],25,113,138,88,109
1,<environment.Job instance at 0x7f91a5c121e0>,1,24,[5 5],2,2,26,0,2
1,<environment.Job instance at 0x7f91a6015050>,5,28,[ 5 10],6,6,34,0,6
1,<environment.Job instance at 0x7f91a6015370>,11,26,[ 3 12],12,34,60,22,31
1,<environment.Job instance at 0x7f91a601e0a0>,3,22,[ 5 13],4,4,26,0,4
1,<environment.Job instance at 0x7f91e98026e0>,5,27,[11  2],6,26,53,20,24
1,<environment.Job instance at 0x7f91e9802730>,9,22,[ 4 12],10,28,50,18,28
1,<environment.Job instance at 0x7f91e97f50f0>,12,27,[10  1],13,53,80,40,51
1,<environment.Job instance at 0x7f91e97f52d0>,15,27,[12  2],16,80,107,64,78
1,<environment.Job instance at 0x7f91e97f5d70>,18,24,[1 9],19,79,103,60,79
1,<environment.Job instance at 0x7f91e97f5370>,21,27,[ 1 14],22,107,134,85,105
1,<environment.Job instance at 0x7f91ec63e1e0>,1,27,[12  2],2,2,29,0,2
1,<environment.Job instance at 0x7f91f0e9e640>,5,26,[9 4],6,29,55,23,26
1,<environment.Job instance at 0x7f91ec6012d0>,14,22,[ 4 13],15,55,77,40,48
1,<environment.Job instance at 0x7f91ec601af0>,17,23,[3 9],18,77,100,59,71
1,<environment.Job instance at 0x7f91e9ce3910>,6,21,[12  2],7,77,98,70,71
1,<environment.Job instance at 0x7f91a5dd0c30>,22,28,[9 2],23,98,126,75,97
1,<environment.Job instance at 0x7f91a5ee6780>,2,21,[4 8],3,3,24,0,3
1,<environment.Job instance at 0x7f91a5a831e0>,5,23,[2 8],6,24,47,18,18
1,<environment.Job instance at 0x7f91a5a836e0>,13,20,[2 7],14,21,41,7,21
1,<environment.Job instance at 0x7f91a5a83780>,14,26,[ 4 14],15,47,73,32,44
1,<environment.Job instance at 0x7f91a5a83820>,15,20,[4 8],16,73,93,57,64
1,<environment.Job instance at 0x7f91a5a838c0>,16,3,[ 4 12],17,93,96,76,70
1,<environment.Job instance at 0x7f91a5a83c30>,18,1,[5 6],19,73,74,54,70
1,<environment.Job instance at 0x7f91a5a83d20>,19,25,[5 4],20,96,121,76,92
1,<environment.Job instance at 0x7f91a5a83d70>,20,21,[5 5],21,96,117,75,92
1,<environment.Job instance at 0x7f91a5a924b0>,0,23,[10  4],1,1,24,0,1
1,<environment.Job instance at 0x7f91e9a145a0>,6,26,[3 6],7,7,33,0,7
1,<environment.Job instance at 0x7f91a5b5ea00>,9,23,[4 9],10,24,47,14,18
1,<environment.Job instance at 0x7f91e9b65fa0>,10,24,[5 2],11,33,57,22,28
1,<environment.Job instance at 0x7f91a5b5e960>,13,25,[2 9],14,47,72,33,43
1,<environment.Job instance at 0x7f91a5e38be0>,16,22,[4 8],17,72,94,55,65
1,<environment.Job instance at 0x7f91e9d239b0>,21,27,[ 3 11],22,94,121,72,92
1,<environment.Job instance at 0x7f91a6073eb0>,4,19,[8 3],5,5,24,0,5
1,<environment.Job instance at 0x7f91a6073640>,5,22,[10  3],6,24,46,18,17
1,<environment.Job instance at 0x7f91ec02fa00>,2,2,[ 5 11],3,17,19,14,17
1,<environment.Job instance at 0x7f91a6073e10>,10,25,[9 1],11,46,71,35,42
1,<environment.Job instance at 0x7f91e9e2c960>,9,1,[12  1],10,71,72,61,43
1,<environment.Job instance at 0x7f91ec02f7d0>,0,19,[2 9],1,43,62,42,43
1,<environment.Job instance at 0x7f91a5dfb0f0>,13,22,[14  2],14,72,94,58,65
1,<environment.Job instance at 0x7f91ebfca050>,19,27,[5 4],20,94,121,74,92
1,<environment.Job instance at 0x7f91e972b5f0>,20,28,[7 5],21,94,122,73,93
1,<environment.Job instance at 0x7f91a61bc780>,4,1,[3 6],5,5,6,0,5
1,<environment.Job instance at 0x7f91e96b9870>,6,21,[4 5],7,7,28,0,7
1,<environment.Job instance at 0x7f91e96b9e10>,11,1,[8 4],12,12,13,0,12
1,<environment.Job instance at 0x7f91e96b9dc0>,14,18,[9 1],15,28,46,13,28
1,<environment.Job instance at 0x7f91e96c50a0>,15,3,[ 4 13],16,29,32,13,29
1,<environment.Job instance at 0x7f91e96c5370>,17,19,[1 9],18,36,55,18,36
1,<environment.Job instance at 0x7f91e96c50f0>,18,20,[ 4 11],19,55,75,36,46
1,<environment.Job instance at 0x7f91e96c56e0>,22,28,[8 5],23,75,103,52,74
1,<environment.Job instance at 0x7f91e96c5190>,23,21,[4 5],24,75,96,51,74
1,<environment.Job instance at 0x7f91e96c58c0>,25,28,[7 3],26,96,124,70,95
1,<environment.Job instance at 0x7f91e96c5500>,26,19,[1 7],27,103,122,76,95
1,<environment.Job instance at 0x7f91e96c5aa0>,27,25,[1 5],28,103,128,75,99
1,<environment.Job instance at 0x7f91a5b0b0f0>,0,21,[9 5],1,1,22,0,1
1,<environment.Job instance at 0x7f91ec4bc870>,11,28,[9 4],12,32,60,20,32
1,<environment.Job instance at 0x7f91a5eece60>,3,28,[4 5],4,4,32,0,4
1,<environment.Job instance at 0x7f91e9827460>,6,3,[7 4],7,7,10,0,7
1,<environment.Job instance at 0x7f91e98275a0>,8,24,[14  3],9,32,56,23,27
1,<environment.Job instance at 0x7f91e9827820>,15,26,[ 5 11],16,56,82,40,53
1,<environment.Job instance at 0x7f91e9827e10>,10,21,[6 3],11,56,77,45,55
1,<environment.Job instance at 0x7f91e9922370>,17,23,[10  4],18,77,100,59,71
1,<environment.Job instance at 0x7f91e9922af0>,18,26,[2 7],19,82,108,63,79
1,<environment.Job instance at 0x7f91e9922280>,22,26,[5 4],23,100,126,77,97
1,<environment.Job instance at 0x7f91e9922460>,23,26,[ 1 10],24,108,134,84,105
1,<environment.Job instance at 0x7f91f0d50f00>,1,25,[ 2 14],2,2,27,0,2
1,<environment.Job instance at 0x7f91e9bab8c0>,5,21,[14  4],6,27,48,21,19
1,<environment.Job instance at 0x7f91ec117410>,9,26,[8 3],10,48,74,38,45
1,<environment.Job instance at 0x7f91e9c26dc0>,12,27,[4 8],13,48,75,35,46
1,<environment.Job instance at 0x7f91e9c16820>,15,24,[5 6],16,74,98,58,69
1,<environment.Job instance at 0x7f91e9922500>,2,18,[1 8],3,75,93,72,71
1,<environment.Job instance at 0x7f91e9b92410>,19,23,[8 5],20,93,116,73,87
1,<environment.Job instance at 0x7f91e9b926e0>,24,28,[2 5],25,98,126,73,97
1,<environment.Job instance at 0x7f91a5ff3230>,5,24,[12  2],6,6,30,0,6
1,<environment.Job instance at 0x7f91a5ff31e0>,9,20,[2 5],10,12,32,2,12
1,<environment.Job instance at 0x7f91e9a14fa0>,16,21,[6 4],17,43,64,26,43
1,<environment.Job instance at 0x7f91ec60da00>,19,22,[3 9],20,77,99,57,77
1,<environment.Job instance at 0x7f91ec639eb0>,21,23,[3 9],22,99,122,77,93
1,<environment.Job instance at 0x7f91ec639eb0>,5,20,[9 3],6,6,26,0,6
1,<environment.Job instance at 0x7f91e98a2280>,8,25,[ 2 10],9,9,34,0,9
1,<environment.Job instance at 0x7f91e98a2780>,9,24,[14  1],10,34,58,24,29
1,<environment.Job instance at 0x7f91e98a2fa0>,6,23,[13  2],7,58,81,51,52
1,<environment.Job instance at 0x7f91e98a2230>,11,25,[14  2],12,81,106,69,77
1,<environment.Job instance at 0x7f91e98a2d70>,13,28,[5 9],14,106,134,92,105
1,<environment.Job instance at 0x7f91ec0ac5a0>,15,28,[6 1],16,106,134,90,105
1,<environment.Job instance at 0x7f91a618a190>,0,22,[7 2],1,1,23,0,1
1,<environment.Job instance at 0x7f91a618a730>,3,22,[1 7],4,4,26,0,4
1,<environment.Job instance at 0x7f91ec0ac050>,2,19,[11  4],3,23,42,20,13
1,<environment.Job instance at 0x7f91a60acd70>,0,24,[5 5],1,1,25,0,1
1,<environment.Job instance at 0x7f91a60ace10>,5,20,[9 1],6,6,26,0,6
1,<environment.Job instance at 0x7f91a60ac4b0>,6,22,[3 5],7,25,47,18,18
1,<environment.Job instance at 0x7f91a60c08c0>,10,22,[ 2 14],11,47,69,36,40
1,<environment.Job instance at 0x7f91a60c0910>,11,25,[9 2],12,69,94,57,65
1,<environment.Job instance at 0x7f91e99bd8c0>,14,25,[6 3],15,69,94,54,65
1,<environment.Job instance at 0x7f91e9c95b40>,2,22,[4 8],3,3,25,0,3
1,<environment.Job instance at 0x7f91e9c95e60>,4,28,[ 4 13],5,25,53,20,24
1,<environment.Job instance at 0x7f91e96a1a50>,11,22,[1 5],12,53,75,41,46
1,<environment.Job instance at 0x7f91ebeebd20>,0,21,[2 6],1,1,22,0,1
1,<environment.Job instance at 0x7f91e9dd02d0>,9,28,[10  2],10,10,38,0,10
1,<environment.Job instance at 0x7f91a5a6d820>,16,26,[5 5],17,35,61,18,35
1,<environment.Job instance at 0x7f91a5a6d2d0>,17,28,[3 7],18,38,66,20,37
1,<environment.Job instance at 0x7f91a5a6da00>,19,23,[ 2 10],20,66,89,46,60
1,<environment.Job instance at 0x7f91e9dd0280>,11,20,[ 2 11],12,89,109,77,80
1,<environment.Job instance at 0x7f2527bd0dc0>,3,22,[2 5],4,4,26,0,4
1,<environment.Job instance at 0x7f25269e85a0>,7,26,[9 3],8,8,34,0,8
1,<environment.Job instance at 0x7f25269e8780>,9,23,[13  1],10,34,57,24,28
1,<environment.Job instance at 0x7f25269e8a50>,14,21,[8 1],15,57,78,42,49
1,<environment.Job instance at 0x7f25269e8b90>,16,28,[5 1],17,57,85,40,56
1,<environment.Job instance at 0x7f25269e8d70>,19,23,[8 4],20,78,101,58,72
1,<environment.Job instance at 0x7f2527b6f190>,0,24,[8 1],1,1,25,0,1
1,<environment.Job instance at 0x7f2527b6f410>,2,25,[1 8],3,3,28,0,3
1,<environment.Job instance at 0x7f2527cb5d70>,8,19,[1 7],9,25,44,16,19
1,<environment.Job instance at 0x7f2527cbb1e0>,16,1,[9 5],17,42,43,25,42
1,<environment.Job instance at 0x7f2527cbb370>,17,28,[ 2 10],18,44,72,26,43
1,<environment.Job instance at 0x7f2527cbb4b0>,18,24,[6 5],19,43,67,24,43
1,<environment.Job instance at 0x7f2527cbbc80>,20,1,[ 3 11],21,72,73,51,53
1,<environment.Job instance at 0x7f2527cbbaf0>,23,26,[7 2],24,67,93,43,66
1,<environment.Job instance at 0x7f2527cbb190>,24,20,[13  4],25,93,113,68,89
1,<environment.Job instance at 0x7f2527cba230>,31,22,[5 6],32,113,135,81,106
1,<environment.Job instance at 0x7f2527cba280>,32,26,[6 4],33,113,139,80,110
1,<environment.Job instance at 0x7f24dca71be0>,3,27,[6 1],4,4,31,0,4
1,<environment.Job instance at 0x7f24dca71730>,4,27,[ 4 13],5,5,32,0,5
1,<environment.Job instance at 0x7f2527cba280>,6,27,[11  1],7,31,58,24,29
1,<environment.Job instance at 0x7f24dca71910>,10,23,[1 8],11,32,55,21,29
1,<environment.Job instance at 0x7f24dca718c0>,11,27,[5 6],12,58,85,46,56
1,<environment.Job instance at 0x7f24dca715f0>,7,24,[6 2],8,58,82,50,56
1,<environment.Job instance at 0x7f24dca71dc0>,12,20,[5 1],13,82,102,69,73
1,<environment.Job instance at 0x7f24dca71e10>,14,26,[ 2 13],15,85,111,70,82
1,<environment.Job instance at 0x7f24dca71690>,15,28,[14  4],16,111,139,95,110
1,<environment.Job instance at 0x7f24dca7bc30>,20,27,[1 5],21,116,143,95,116
1,<environment.Job instance at 0x7f24dca35280>,0,27,[ 3 11],1,1,28,0,1
1,<environment.Job instance at 0x7f24dca35cd0>,2,21,[ 5 10],3,28,49,25,20
1,<environment.Job instance at 0x7f24dcecefa0>,14,25,[4 9],15,49,74,34,45
1,<environment.Job instance at 0x7f24dcece640>,15,26,[6 1],16,45,71,29,45
1,<environment.Job instance at 0x7f24dcece960>,16,28,[5 9],17,74,102,57,73
1,<environment.Job instance at 0x7f24dcece1e0>,17,24,[4 8],18,102,126,84,97
1,<environment.Job instance at 0x7f24dcecee10>,13,20,[7 1],14,97,117,83,97
1,<environment.Job instance at 0x7f24dcece140>,18,20,[5 5],19,117,137,98,108
1,<environment.Job instance at 0x7f2526840a00>,1,24,[14  5],2,2,26,0,2
1,<environment.Job instance at 0x7f24dcece2d0>,3,22,[3 8],4,26,48,22,19
1,<environment.Job instance at 0x7f24dce2b280>,6,25,[5 3],7,26,51,19,22
1,<environment.Job instance at 0x7f24dce2b5a0>,11,27,[ 4 14],12,51,78,39,49
1,<environment.Job instance at 0x7f24dce2b820>,15,28,[13  5],16,78,106,62,77
1,<environment.Job instance at 0x7f24dce2b8c0>,16,23,[6 4],17,106,129,89,100
1,<environment.Job instance at 0x7f24dce2b960>,17,21,[3 8],18,106,127,88,100
1,<environment.Job instance at 0x7f24dccbfc30>,1,20,[ 2 11],2,3,23,1,3
1,<environment.Job instance at 0x7f24dccbfdc0>,8,25,[5 8],9,23,48,14,19
1,<environment.Job instance at 0x7f24dccbfe60>,5,25,[3 7],6,23,48,17,19
1,<environment.Job instance at 0x7f24dccbf7d0>,11,28,[2 7],12,48,76,36,47
1,<environment.Job instance at 0x7f24dccbffa0>,12,19,[3 6],13,48,67,35,47
1,<environment.Job instance at 0x7f24dccbf0a0>,13,25,[3 9],14,76,101,62,72
1,<environment.Job instance at 0x7f25267a6820>,16,23,[2 8],17,101,124,84,95
1,<environment.Job instance at 0x7f25267a6550>,19,27,[5 7],20,101,128,81,99
1,<environment.Job instance at 0x7f25272e9780>,0,19,[4 9],1,1,20,0,1
1,<environment.Job instance at 0x7f252756d550>,4,20,[ 3 12],5,20,40,15,11
1,<environment.Job instance at 0x7f24dcd440f0>,7,3,[13  1],8,40,43,32,28
1,<environment.Job instance at 0x7f24dd003eb0>,11,28,[4 5],12,43,71,31,42
1,<environment.Job instance at 0x7f252756db90>,5,19,[10  1],6,43,62,37,42
1,<environment.Job instance at 0x7f24dd0035a0>,14,26,[12  1],15,71,97,56,68
1,<environment.Job instance at 0x7f24dcba8be0>,19,26,[7 1],20,97,123,77,94
1,<environment.Job instance at 0x7f24dcba8820>,20,22,[8 3],21,97,119,76,94
1,<environment.Job instance at 0x7f24dcb97230>,24,21,[6 2],25,119,140,94,111
1,<environment.Job instance at 0x7f2526e1fd70>,5,20,[2 9],6,6,26,0,6
1,<environment.Job instance at 0x7f24dcd1c910>,6,26,[8 5],7,7,33,0,7
1,<environment.Job instance at 0x7f24dcd1cb40>,9,20,[6 3],10,26,46,16,17
1,<environment.Job instance at 0x7f24dcd1cc30>,11,24,[8 5],12,33,57,21,28
1,<environment.Job instance at 0x7f24dcd030f0>,18,26,[3 6],19,46,72,27,43
1,<environment.Job instance at 0x7f2526aae1e0>,0,25,[10  4],1,1,26,0,1
1,<environment.Job instance at 0x7f24dcd03050>,2,27,[7 5],3,26,53,23,24
1,<environment.Job instance at 0x7f2526aaefa0>,4,25,[8 2],5,26,51,21,24
1,<environment.Job instance at 0x7f24dcf7ea00>,14,28,[ 3 10],15,51,79,36,50
1,<environment.Job instance at 0x7f24dcf7e460>,15,25,[9 5],16,53,78,37,50
1,<environment.Job instance at 0x7f252711f5a0>,21,21,[4 5],22,78,99,56,70
1,<environment.Job instance at 0x7f252711fa50>,22,21,[1 9],23,79,100,56,71
1,<environment.Job instance at 0x7f252711f230>,23,24,[7 4],24,99,123,75,94
1,<environment.Job instance at 0x7f24dcf7ebe0>,12,20,[ 1 13],13,123,143,110,114
1,<environment.Job instance at 0x7f25268b6aa0>,2,24,[7 5],3,3,27,0,3
1,<environment.Job instance at 0x7f24dc7e6550>,3,22,[11  1],4,27,49,23,20
1,<environment.Job instance at 0x7f25268b6690>,6,28,[4 9],7,20,48,13,20
1,<environment.Job instance at 0x7f24dce52550>,7,28,[ 5 11],8,49,77,41,48
1,<environment.Job instance at 0x7f25272815f0>,16,2,[4 9],17,85,87,68,85
1,<environment.Job instance at 0x7f2526836550>,17,19,[14  2],18,107,126,89,107
1,<environment.Job instance at 0x7f24dd0e7190>,18,20,[ 5 12],19,126,146,107,117
1,<environment.Job instance at 0x7f2526e82dc0>,3,28,[4 5],4,4,32,0,4
1,<environment.Job instance at 0x7f2526e82640>,4,1,[ 3 10],5,6,7,1,6
1,<environment.Job instance at 0x7f2526e82960>,8,24,[14  3],9,32,56,23,27
1,<environment.Job instance at 0x7f2528abae10>,10,21,[6 3],11,56,77,45,48
1,<environment.Job instance at 0x7f252740b0f0>,12,27,[2 9],13,56,83,43,54
1,<environment.Job instance at 0x7f24dcfb87d0>,15,26,[ 5 11],16,83,109,67,80
1,<environment.Job instance at 0x7f24dcfb8410>,16,21,[1 7],17,109,130,92,101
1,<environment.Job instance at 0x7f24dcfb84b0>,17,23,[10  4],18,101,124,83,101
1,<environment.Job instance at 0x7f252686e4b0>,2,27,[4 8],3,3,30,0,3
1,<environment.Job instance at 0x7f252686e5a0>,5,24,[5 6],6,6,30,0,6
1,<environment.Job instance at 0x7f252686eaa0>,9,23,[8 5],10,30,53,20,24
1,<environment.Job instance at 0x7f2527485c30>,14,28,[2 5],15,30,58,15,29
1,<environment.Job instance at 0x7f2527485f00>,15,28,[ 2 14],16,58,86,42,57
1,<environment.Job instance at 0x7f2527485870>,16,22,[9 4],17,86,108,69,79
1,<environment.Job instance at 0x7f2526af9dc0>,18,24,[10  1],19,108,132,89,103
1,<environment.Job instance at 0x7f2526af9640>,20,27,[5 8],21,103,130,82,103
1,<environment.Job instance at 0x7f2526836e60>,1,23,[3 9],2,2,25,0,2
1,<environment.Job instance at 0x7f2526ff91e0>,3,23,[9 5],4,4,27,0,4
1,<environment.Job instance at 0x7f2526ef5be0>,7,24,[7 4],8,27,51,19,22
1,<environment.Job instance at 0x7f252743e690>,2,24,[ 4 14],3,51,75,48,46
1,<environment.Job instance at 0x7f2526ee3870>,14,20,[7 4],15,75,95,60,66
1,<environment.Job instance at 0x7f2526ee3eb0>,17,25,[6 2],18,75,100,57,71
1,<environment.Job instance at 0x7f2526ee3730>,20,24,[5 6],21,95,119,74,90
1,<environment.Job instance at 0x7f24dc9274b0>,22,25,[ 2 13],23,119,144,96,115
1,<environment.Job instance at 0x7f2526806af0>,1,20,[3 5],2,2,22,0,2
1,<environment.Job instance at 0x7f2526a47dc0>,3,21,[8 2],4,4,25,0,4
1,<environment.Job instance at 0x7f25271d03c0>,8,22,[3 7],9,11,33,2,11
1,<environment.Job instance at 0x7f25271d05a0>,5,23,[13  4],6,33,56,27,27
1,<environment.Job instance at 0x7f24dcff7a50>,10,21,[1 7],11,27,48,16,27
1,<environment.Job instance at 0x7f2526b628c0>,1,26,[ 3 10],2,2,28,0,2
1,<environment.Job instance at 0x7f24dc73af00>,4,28,[8 3],5,5,33,0,5
1,<environment.Job instance at 0x7f24dc9fc5f0>,9,25,[ 5 14],10,33,58,23,29
1,<environment.Job instance at 0x7f24dcb144b0>,3,22,[ 3 12],4,58,80,54,51
1,<environment.Job instance at 0x7f24dc9fc4b0>,13,2,[ 3 12],14,86,88,72,86
1,<environment.Job instance at 0x7f24dc9fcbe0>,19,25,[4 6],20,91,116,71,91
1,<environment.Job instance at 0x7f24dc9fcb40>,20,21,[ 5 11],21,116,137,95,108
1,<environment.Job instance at 0x7f24dcbc05f0>,1,25,[13  3],2,2,27,0,2
1,<environment.Job instance at 0x7f24dcefe0f0>,6,20,[ 4 13],7,27,47,20,19
1,<environment.Job instance at 0x7f24dcefe370>,7,28,[6 1],8,27,55,19,26
1,<environment.Job instance at 0x7f24dc70e5f0>,0,1,[13  4],1,55,56,54,36
1,<environment.Job instance at 0x7f25270bd460>,2,26,[ 3 13],3,56,82,53,53
1,<environment.Job instance at 0x7f24dcf040a0>,19,20,[14  4],20,82,102,62,81
1,<environment.Job instance at 0x7f24dcf04820>,20,22,[4 5],21,102,124,81,95
1,<environment.Job instance at 0x7f25269c3870>,1,3,[ 1 11],2,6,9,4,6
1,<environment.Job instance at 0x7f25270d3dc0>,4,19,[2 8],5,9,28,4,7
1,<environment.Job instance at 0x7f24dc7ad870>,7,24,[9 4],8,8,32,0,8
1,<environment.Job instance at 0x7f24dc7adcd0>,12,26,[9 5],13,32,58,19,29
1,<environment.Job instance at 0x7f2526820690>,9,21,[1 5],10,10,31,0,10
1,<environment.Job instance at 0x7f2526820050>,12,3,[ 3 11],13,31,34,18,28
1,<environment.Job instance at 0x7f25267acc80>,16,22,[9 3],17,38,60,21,38
1,<environment.Job instance at 0x7f25267ac0a0>,17,28,[1 5],18,38,66,20,38
1,<environment.Job instance at 0x7f25267ace60>,19,28,[8 5],20,60,88,40,59
1,<environment.Job instance at 0x7f25267ac730>,21,21,[14  2],22,88,109,66,80
1,<environment.Job instance at 0x7f25267ac5f0>,24,22,[7 5],25,109,131,84,102
1,<environment.Job instance at 0x7f24dc883050>,0,23,[14  2],1,1,24,0,1
1,<environment.Job instance at 0x7f2526ffc410>,9,23,[8 3],10,24,47,14,18
1,<environment.Job instance at 0x7f2526ffcb90>,12,28,[8 4],13,47,75,34,46
1,<environment.Job instance at 0x7fd372b9fdc0>,3,22,[2 5],4,4,26,0,4
1,<environment.Job instance at 0x7fd36b706500>,7,26,[9 3],8,8,34,0,8
1,<environment.Job instance at 0x7fd36b7061e0>,9,23,[13  1],10,34,57,24,28
1,<environment.Job instance at 0x7fd36b706a00>,14,21,[8 1],15,57,78,42,49
1,<environment.Job instance at 0x7fd36b706b40>,16,28,[5 1],17,57,85,40,56
1,<environment.Job instance at 0x7fd36b706d20>,19,23,[8 4],20,78,101,58,72
1,<environment.Job instance at 0x7fd372b3eaa0>,7,28,[ 2 10],8,8,36,0,8
1,<environment.Job instance at 0x7fd372b3e820>,8,24,[6 5],9,9,33,0,9
1,<environment.Job instance at 0x7fd372c84550>,10,1,[ 3 11],11,36,37,25,22
1,<environment.Job instance at 0x7fd372c84e10>,13,26,[7 2],14,33,59,19,30
1,<environment.Job instance at 0x7fd372b3f0f0>,21,22,[5 6],22,42,64,20,42
1,<environment.Job instance at 0x7fd372b3f230>,22,26,[6 4],23,59,85,36,56
1,<environment.Job instance at 0x7fd372b3f9b0>,25,25,[ 3 13],26,85,110,59,81
1,<environment.Job instance at 0x7fd372b3f8c0>,27,25,[ 2 11],28,110,135,82,106
1,<environment.Job instance at 0x7fd3279d5b90>,0,27,[1 5],1,1,28,0,1
1,<environment.Job instance at 0x7fd3279d5320>,1,26,[5 3],2,2,28,0,2
1,<environment.Job instance at 0x7fd327a39640>,5,22,[3 7],6,6,28,0,6
1,<environment.Job instance at 0x7fd327a395a0>,6,21,[5 5],7,28,49,21,20
1,<environment.Job instance at 0x7fd327a39aa0>,9,28,[ 2 10],10,28,56,18,27
1,<environment.Job instance at 0x7fd327a391e0>,13,20,[5 8],14,56,76,42,47
1,<environment.Job instance at 0x7fd327a39230>,10,2,[13  1],11,49,51,38,47
1,<environment.Job instance at 0x7fd327a39870>,16,20,[11  2],17,76,96,59,67
1,<environment.Job instance at 0x7fd327a392d0>,17,26,[2 8],18,76,102,58,73
1,<environment.Job instance at 0x7fd327a39910>,19,20,[ 4 10],20,102,122,82,93
1,<environment.Job instance at 0x7fd327a39f50>,25,27,[9 5],26,96,123,70,94
1,<environment.Job instance at 0x7fd327ae69b0>,28,2,[ 4 11],29,123,125,94,96
1,<environment.Job instance at 0x7fd327ae6af0>,33,27,[2 7],34,125,152,91,123
1,<environment.Job instance at 0x7fd327ae6eb0>,35,27,[1 5],36,125,152,89,123
1,<environment.Job instance at 0x7fd327ae9c30>,1,25,[8 3],2,2,27,0,2
1,<environment.Job instance at 0x7fd327ae6c30>,3,28,[ 3 11],4,4,32,0,4
1,<environment.Job instance at 0x7fd327e776e0>,8,27,[14  3],9,32,59,23,30
1,<environment.Job instance at 0x7fd327b03500>,5,24,[2 7],6,59,83,53,54
1,<environment.Job instance at 0x7fd327a04be0>,3,19,[3 5],4,4,23,0,4
1,<environment.Job instance at 0x7fd327e778c0>,4,21,[8 4],5,5,26,0,5
1,<environment.Job instance at 0x7fd327e04960>,8,27,[13  4],9,26,53,17,24
1,<environment.Job instance at 0x7fd36b4708c0>,1,24,[13  4],2,2,26,0,2
1,<environment.Job instance at 0x7fd36b470820>,5,24,[12  4],6,26,50,20,21
1,<environment.Job instance at 0x7fd36b470b40>,10,3,[1 8],11,22,25,11,22
1,<environment.Job instance at 0x7fd36b470e10>,11,27,[12  2],12,50,77,38,48
1,<environment.Job instance at 0x7fd36b4709b0>,15,26,[9 4],16,77,103,61,74
1,<environment.Job instance at 0x7fd36bde7cd0>,17,25,[6 2],18,85,110,67,85
1,<environment.Job instance at 0x7fd36bde71e0>,16,21,[12  2],17,110,131,93,102
1,<environment.Job instance at 0x7fd36c3eeb40>,24,22,[ 4 13],25,131,153,106,124
1,<environment.Job instance at 0x7fd36bacd190>,3,20,[2 7],4,4,24,0,4
1,<environment.Job instance at 0x7fd36c3ee870>,5,20,[4 8],6,6,26,0,6
1,<environment.Job instance at 0x7fd36bcc5320>,8,1,[5 6],9,24,25,15,9
1,<environment.Job instance at 0x7fd36bcc53c0>,9,25,[5 4],10,25,50,15,21
1,<environment.Job instance at 0x7fd36ba78c80>,10,21,[5 5],11,26,47,15,21
1,<environment.Job instance at 0x7fd36bcc5230>,11,23,[6 5],12,47,70,35,41
1,<environment.Job instance at 0x7fd36b921c80>,4,26,[ 4 14],5,70,96,65,67
1,<environment.Job instance at 0x7fd36b6ea5f0>,14,25,[ 5 14],15,96,121,81,92
1,<environment.Job instance at 0x7fd36b6eac30>,15,27,[5 5],16,121,148,105,119
1,<environment.Job instance at 0x7fd36bacd7d0>,6,3,[ 4 12],7,148,151,141,125
1,<environment.Job instance at 0x7fd3279bcd20>,2,20,[8 4],3,3,23,0,3
1,<environment.Job instance at 0x7fd3278f1e60>,5,27,[1 6],6,6,33,0,6
1,<environment.Job instance at 0x7fd36bacd7d0>,8,26,[10  5],9,23,49,14,20
1,<environment.Job instance at 0x7fd3278f1fa0>,6,27,[8 5],7,49,76,42,47
1,<environment.Job instance at 0x7fd3278dd5a0>,14,20,[ 2 11],15,76,96,61,67
1,<environment.Job instance at 0x7fd3278dd550>,15,3,[ 4 11],16,96,99,80,92
1,<environment.Job instance at 0x7fd3278dd780>,17,26,[10  5],18,99,125,81,96
1,<environment.Job instance at 0x7fd3278dd8c0>,2,27,[5 1],3,3,30,0,3
1,<environment.Job instance at 0x7fd3278dd9b0>,6,3,[3 6],7,7,10,0,7
1,<environment.Job instance at 0x7fd327cc1910>,7,24,[7 4],8,8,32,0,8
1,<environment.Job instance at 0x7fd327e3a960>,11,27,[6 5],12,30,57,18,28
1,<environment.Job instance at 0x7fd327d55550>,3,27,[ 4 13],4,4,31,0,4
1,<environment.Job instance at 0x7fd36b55b460>,4,23,[ 4 10],5,31,54,26,25
1,<environment.Job instance at 0x7fd36c260c80>,8,28,[7 3],9,31,59,22,30
1,<environment.Job instance at 0x7fd36bb3b640>,9,27,[3 8],10,54,81,44,52
1,<environment.Job instance at 0x7fd36c3cc8c0>,10,23,[5 9],11,81,104,70,75
1,<environment.Job instance at 0x7fd36c3ccaa0>,13,20,[ 1 10],14,104,124,90,95
1,<environment.Job instance at 0x7fd327eed960>,1,28,[10  5],2,2,30,0,2
1,<environment.Job instance at 0x7fd327d3ee10>,2,25,[8 4],3,30,55,27,26
1,<environment.Job instance at 0x7fd32807b730>,9,25,[8 3],10,55,80,45,51
1,<environment.Job instance at 0x7fd32807b910>,12,24,[11  1],13,80,104,67,75
1,<environment.Job instance at 0x7fd32807baf0>,15,25,[5 7],16,104,129,88,100
1,<environment.Job instance at 0x7fd36bbc4d70>,1,25,[ 2 14],2,2,27,0,2
1,<environment.Job instance at 0x7fd327fd2fa0>,9,26,[8 3],10,27,53,17,24
1,<environment.Job instance at 0x7fd327fd2910>,5,21,[14  4],6,53,74,47,45
1,<environment.Job instance at 0x7fd327fd2730>,12,27,[4 8],13,74,101,61,72
1,<environment.Job instance at 0x7fd327fd2e10>,15,24,[5 6],16,74,98,58,72
1,<environment.Job instance at 0x7fd36b92b690>,19,23,[8 5],20,98,121,78,92
1,<environment.Job instance at 0x7fd36b92bc30>,24,28,[2 5],25,101,129,76,100
1,<environment.Job instance at 0x7fd36b92b190>,25,28,[ 2 14],26,129,157,103,128
1,<environment.Job instance at 0x7fd36b700500>,1,23,[3 9],2,2,25,0,2
1,<environment.Job instance at 0x7fd36b92b190>,3,23,[9 5],4,4,27,0,4
1,<environment.Job instance at 0x7fd36b700af0>,7,24,[7 4],8,27,51,19,22
1,<environment.Job instance at 0x7fd36b700a00>,2,24,[ 4 14],3,51,75,48,46
1,<environment.Job instance at 0x7fd372b3eaa0>,14,20,[7 4],15,75,95,60,66
1,<environment.Job instance at 0x7fd372b3e780>,17,25,[6 2],18,75,100,57,71
1,<environment.Job instance at 0x7fd36b4bc370>,20,24,[5 6],21,95,119,74,90
1,<environment.Job instance at 0x7fd36b4bc550>,22,25,[ 2 13],23,119,144,96,115
1,<environment.Job instance at 0x7fd36b5ec0f0>,0,21,[1 7],1,1,22,0,1
1,<environment.Job instance at 0x7fd327b37960>,6,19,[6 2],7,7,26,0,7
1,<environment.Job instance at 0x7fd36b610550>,0,21,[ 5 11],1,1,22,0,1
1,<environment.Job instance at 0x7fd36bb31fa0>,2,26,[7 5],3,3,29,0,3
1,<environment.Job instance at 0x7fd36c140870>,1,19,[8 2],2,4,23,2,4
1,<environment.Job instance at 0x7fd3277752d0>,9,28,[5 5],10,23,51,13,22
1,<environment.Job instance at 0x7fd327775320>,11,25,[9 3],12,29,54,17,25
1,<environment.Job instance at 0x7fd3277753c0>,15,21,[ 4 14],16,54,75,38,46
1,<environment.Job instance at 0x7fd36c2efe10>,1,23,[5 7],2,2,25,0,2
1,<environment.Job instance at 0x7fd36babbb40>,8,1,[12  2],9,25,26,16,17
1,<environment.Job instance at 0x7fd36ba8dd20>,9,2,[14  4],10,26,28,16,22
1,<environment.Job instance at 0x7fd36ba8dc30>,10,21,[2 6],11,28,49,17,22
1,<environment.Job instance at 0x7fd36ba8adc0>,19,28,[10  2],20,59,87,39,59
1,<environment.Job instance at 0x7fd36ba8acd0>,20,19,[ 2 12],21,92,111,71,92
1,<environment.Job instance at 0x7fd36ba8a460>,21,20,[ 2 11],22,111,131,89,102
1,<environment.Job instance at 0x7fd36baba140>,26,26,[5 5],27,131,157,104,128
1,<environment.Job instance at 0x7fd36be92280>,1,25,[1 9],2,2,27,0,2
1,<environment.Job instance at 0x7fd36baba140>,3,27,[9 3],4,4,31,0,4
1,<environment.Job instance at 0x7fd36bac9eb0>,5,28,[6 2],6,27,55,21,26
1,<environment.Job instance at 0x7fd327f710a0>,2,3,[ 4 12],3,31,34,28,27
1,<environment.Job instance at 0x7fd327e26550>,9,1,[7 4],10,34,35,24,27
1,<environment.Job instance at 0x7fd36b9dc9b0>,12,1,[2 7],13,34,35,21,27
1,<environment.Job instance at 0x7fd36b9dc780>,15,1,[13  2],16,55,56,39,29
1,<environment.Job instance at 0x7fd36b7c9780>,16,21,[6 3],17,56,77,39,48
1,<environment.Job instance at 0x7fd36bfb9870>,17,28,[11  1],18,77,105,59,76
1,<environment.Job instance at 0x7fd36bfc1a00>,19,26,[13  2],20,105,131,85,102
1,<environment.Job instance at 0x7fd36b667320>,20,21,[ 3 11],21,131,152,110,123
1,<environment.Job instance at 0x7fd327a651e0>,23,25,[6 4],24,131,156,107,127
1,<environment.Job instance at 0x7fd36b9a7d70>,2,26,[7 1],3,3,29,0,3
1,<environment.Job instance at 0x7fd36b7182d0>,4,24,[7 2],5,5,29,0,5
1,<environment.Job instance at 0x7fd36c003fa0>,5,24,[14  4],6,29,53,23,24
1,<environment.Job instance at 0x7fd36c003410>,7,25,[3 6],8,53,78,45,49
1,<environment.Job instance at 0x7fd36c003c80>,6,3,[12  5],7,53,56,46,53
1,<environment.Job instance at 0x7fd36c003b90>,12,3,[1 8],13,56,59,43,53
1,<environment.Job instance at 0x7fd36c003f50>,13,28,[5 8],14,59,87,45,58
1,<environment.Job instance at 0x7fd327c9c410>,18,1,[3 8],19,87,88,68,80
1,<environment.Job instance at 0x7fd327c9cb40>,19,27,[1 7],20,80,107,60,80
1,<environment.Job instance at 0x7fd327d7ac80>,0,19,[5 9],1,2,21,1,2
1,<environment.Job instance at 0x7fd327d5e7d0>,2,28,[4 7],3,21,49,18,20
1,<environment.Job instance at 0x7fd327d5ed20>,3,19,[7 5],4,20,39,16,20
1,<environment.Job instance at 0x7fd36c334190>,14,2,[5 5],15,39,41,24,39
1,<environment.Job instance at 0x7fd32808d730>,17,20,[2 6],18,51,71,33,51
1,<environment.Job instance at 0x7fd36b57e8c0>,19,1,[3 6],20,59,60,39,59
1,<environment.Job instance at 0x7fd36be71820>,21,19,[ 3 11],22,73,92,51,73
1,<environment.Job instance at 0x7fc6cc4705a0>,3,22,[2 5],4,4,26,0,4
1,<environment.Job instance at 0x7fc6c501c410>,7,26,[9 3],8,8,34,0,8
1,<environment.Job instance at 0x7fc6c501c730>,9,23,[13  1],10,34,57,24,28
1,<environment.Job instance at 0x7fc6c501ca50>,14,21,[8 1],15,57,78,42,49
1,<environment.Job instance at 0x7fc6c501cb90>,16,28,[5 1],17,57,85,40,56
1,<environment.Job instance at 0x7fc6c501cd70>,19,23,[8 4],20,78,101,58,72
1,<environment.Job instance at 0x7fc6cc454410>,3,26,[7 2],4,4,30,0,4
1,<environment.Job instance at 0x7fc6c502a820>,0,1,[ 3 11],1,14,15,13,14
1,<environment.Job instance at 0x7fc6c501cd20>,4,20,[13  4],5,30,50,25,21
1,<environment.Job instance at 0x7fc6cc454230>,11,22,[5 6],12,50,72,38,43
1,<environment.Job instance at 0x7fc6cc454820>,12,26,[6 4],13,50,76,37,47
1,<environment.Job instance at 0x7fc6cc59a280>,15,25,[ 3 13],16,76,101,60,72
1,<environment.Job instance at 0x7fc6cc59a870>,17,25,[ 2 11],18,101,126,83,97
1,<environment.Job instance at 0x7fc6cc592d20>,18,1,[14  3],19,126,127,107,98
1,<environment.Job instance at 0x7fc6cc5925f0>,21,20,[10  5],22,127,147,105,118
1,<environment.Job instance at 0x7fc6812e4690>,5,27,[9 5],6,6,33,0,6
1,<environment.Job instance at 0x7fc6812e4870>,8,2,[ 4 11],9,33,35,24,9
1,<environment.Job instance at 0x7fc6812f6f50>,13,27,[2 7],14,35,62,21,33
1,<environment.Job instance at 0x7fc6812f6cd0>,15,27,[1 5],16,35,62,19,33
1,<environment.Job instance at 0x7fc6812e6320>,27,12,[6 3],28,69,81,41,69
1,<environment.Job instance at 0x7fc6812e6550>,29,21,[8 2],30,69,90,39,69
1,<environment.Job instance at 0x7fc6814d8d70>,1,26,[6 2],2,2,28,0,2
1,<environment.Job instance at 0x7fc6813d3730>,3,23,[12  5],4,28,51,24,22
1,<environment.Job instance at 0x7fc6812a8280>,10,20,[10  2],11,51,71,40,42
1,<environment.Job instance at 0x7fc6812a8cd0>,7,20,[2 7],8,46,66,38,46
1,<environment.Job instance at 0x7fc6cc44caa0>,2,27,[10  1],3,3,30,0,3
1,<environment.Job instance at 0x7fc68171ce60>,5,27,[12  2],6,30,57,24,28
1,<environment.Job instance at 0x7fc68171cf00>,8,24,[1 9],9,28,52,19,28
1,<environment.Job instance at 0x7fc681719500>,15,23,[3 6],16,52,75,36,48
1,<environment.Job instance at 0x7fc681719280>,11,27,[ 1 14],12,75,102,63,73
1,<environment.Job instance at 0x7fc6817196e0>,18,26,[ 3 10],19,102,128,83,99
1,<environment.Job instance at 0x7fc6817198c0>,21,19,[10  3],22,102,121,80,100
1,<environment.Job instance at 0x7fc681719a00>,23,26,[7 3],24,121,147,97,118
1,<environment.Job instance at 0x7fc681719aa0>,24,24,[8 2],25,128,152,103,123
1,<environment.Job instance at 0x7fc6813290a0>,4,26,[6 3],5,5,31,0,5
1,<environment.Job instance at 0x7fc681329050>,7,21,[8 3],8,8,29,0,8
1,<environment.Job instance at 0x7fc6c532dc80>,9,2,[ 2 13],10,31,33,21,23
1,<environment.Job instance at 0x7fc681719b40>,3,1,[ 2 11],4,29,30,25,27
1,<environment.Job instance at 0x7fc6c532d0a0>,12,21,[5 4],13,33,54,20,27
1,<environment.Job instance at 0x7fc6c532d9b0>,16,24,[14  1],17,54,78,37,49
1,<environment.Job instance at 0x7fc6c532d2d0>,18,25,[9 2],19,78,103,59,74
1,<environment.Job instance at 0x7fc6c532d320>,20,19,[4 9],21,78,97,57,74
1,<environment.Job instance at 0x7fc6816181e0>,24,20,[ 3 12],25,97,117,72,91
1,<environment.Job instance at 0x7fc681618550>,27,3,[13  1],28,118,121,90,118
1,<environment.Job instance at 0x7fc681618320>,29,19,[13  1],30,123,142,93,123
1,<environment.Job instance at 0x7fc6cc361c30>,1,1,[9 4],2,3,4,1,3
1,<environment.Job instance at 0x7fc6c4e75f00>,5,20,[2 9],6,6,26,0,6
1,<environment.Job instance at 0x7fc6c4e75050>,6,26,[8 5],7,7,33,0,7
1,<environment.Job instance at 0x7fc6c759c140>,11,24,[8 5],12,33,57,21,28
1,<environment.Job instance at 0x7fc6c52ec190>,13,20,[5 3],14,28,48,14,28
1,<environment.Job instance at 0x7fc6c537b460>,18,26,[3 6],19,48,74,29,45
1,<environment.Job instance at 0x7fc6c7ac7370>,1,21,[4 5],2,2,23,0,2
1,<environment.Job instance at 0x7fc6813f17d0>,2,21,[1 9],3,3,24,0,3
1,<environment.Job instance at 0x7fc6813f1e60>,3,24,[7 4],4,23,47,19,18
1,<environment.Job instance at 0x7fc6c7713820>,12,2,[ 5 11],13,24,26,11,21
1,<environment.Job instance at 0x7fc6c7713960>,14,19,[8 3],15,27,46,12,27
1,<environment.Job instance at 0x7fc6c7713a00>,15,22,[10  3],16,47,69,31,40
1,<environment.Job instance at 0x7fc6c7713f50>,19,1,[12  1],20,69,70,49,47
1,<environment.Job instance at 0x7fc6c7713c80>,20,25,[9 1],21,70,95,49,66
1,<environment.Job instance at 0x7fc6c770e0a0>,23,22,[14  2],24,95,117,71,88
1,<environment.Job instance at 0x7fc6c770e870>,29,27,[5 4],30,117,144,87,115
1,<environment.Job instance at 0x7fc6c770e910>,30,28,[7 5],31,117,145,86,116
1,<environment.Job instance at 0x7fc6c770e8c0>,2,28,[8 5],3,3,31,0,3
1,<environment.Job instance at 0x7fc6c522c5a0>,3,21,[4 5],4,4,25,0,4
1,<environment.Job instance at 0x7fc6c770e9b0>,5,28,[7 3],6,25,53,19,24
1,<environment.Job instance at 0x7fc6c7cb7b90>,8,25,[ 3 10],9,31,56,22,27
1,<environment.Job instance at 0x7fc6c7cb77d0>,12,20,[ 4 13],13,56,76,43,50
1,<environment.Job instance at 0x7fc681297af0>,16,23,[9 2],17,59,82,42,59
1,<environment.Job instance at 0x7fc6812ede10>,6,19,[1 7],7,76,95,69,74
1,<environment.Job instance at 0x7fc6c526d5f0>,23,27,[ 1 14],24,95,122,71,93
1,<environment.Job instance at 0x7fc6c52ed190>,24,21,[3 9],25,122,143,97,114
1,<environment.Job instance at 0x7fc6c52d35f0>,28,27,[7 4],29,122,149,93,120
1,<environment.Job instance at 0x7fc6815a60a0>,3,23,[6 1],4,4,27,0,4
1,<environment.Job instance at 0x7fc6815a6b40>,4,23,[ 5 10],5,5,28,0,5
1,<environment.Job instance at 0x7fc681596cd0>,9,25,[12  3],10,28,53,18,24
1,<environment.Job instance at 0x7fc681596d70>,10,27,[ 4 11],11,53,80,42,51
1,<environment.Job instance at 0x7fc6815a6320>,6,22,[ 1 14],7,80,102,73,77
1,<environment.Job instance at 0x7fc681596a00>,8,25,[ 1 14],9,102,127,93,98
1,<environment.Job instance at 0x7fc6c53d8dc0>,19,23,[5 5],20,127,150,107,121
1,<environment.Job instance at 0x7fc6c7c18230>,0,20,[3 6],1,1,21,0,1
1,<environment.Job instance at 0x7fc6c7bbf6e0>,1,26,[13  2],2,21,47,19,18
1,<environment.Job instance at 0x7fc681418c80>,7,22,[8 5],8,47,69,39,40
1,<environment.Job instance at 0x7fc6c7c18550>,2,2,[ 2 13],3,40,42,37,40
1,<environment.Job instance at 0x7fc681418550>,8,19,[ 5 11],9,69,88,60,59
1,<environment.Job instance at 0x7fc681409320>,15,20,[5 4],16,63,83,47,63
1,<environment.Job instance at 0x7fc6814093c0>,16,23,[8 1],17,83,106,66,77
1,<environment.Job instance at 0x7fc681409690>,19,19,[11  1],20,106,125,86,96
1,<environment.Job instance at 0x7fc681409820>,22,2,[ 3 14],23,96,98,73,96
1,<environment.Job instance at 0x7fc6814098c0>,23,22,[4 5],24,98,120,74,96
1,<environment.Job instance at 0x7fc681409960>,24,23,[3 6],25,120,143,95,114
1,<environment.Job instance at 0x7fc6814095a0>,18,19,[12  4],19,128,147,109,128
1,<environment.Job instance at 0x7fc6818f6370>,5,24,[12  2],6,6,30,0,6
1,<environment.Job instance at 0x7fc6c4fa4230>,9,20,[2 5],10,10,30,0,10
1,<environment.Job instance at 0x7fc6cc593640>,16,21,[6 4],17,40,61,23,40
1,<environment.Job instance at 0x7fc6c4fe96e0>,19,22,[3 9],20,55,77,35,55
1,<environment.Job instance at 0x7fc6c4fe9640>,21,23,[3 9],22,77,100,55,71
1,<environment.Job instance at 0x7fc6cc677640>,22,24,[ 4 14],23,100,124,77,95
1,<environment.Job instance at 0x7fc6c4fe9c80>,23,23,[9 5],24,124,147,100,118
1,<environment.Job instance at 0x7fc6c54de410>,1,20,[3 5],2,2,22,0,2
1,<environment.Job instance at 0x7fc6cc6772d0>,3,21,[8 2],4,4,25,0,4
1,<environment.Job instance at 0x7fc681662a00>,5,23,[13  4],6,25,48,19,19
1,<environment.Job instance at 0x7fc681662d20>,8,22,[3 7],9,48,70,39,41
1,<environment.Job instance at 0x7fc681662960>,9,21,[5 3],10,48,69,38,41
1,<environment.Job instance at 0x7fc681662c80>,10,21,[1 7],11,69,90,58,61
1,<environment.Job instance at 0x7fc6816625a0>,16,19,[6 2],17,70,89,53,61
1,<environment.Job instance at 0x7fc6c5442b90>,0,21,[ 5 11],1,1,22,0,1
1,<environment.Job instance at 0x7fc6c7712690>,1,1,[1 5],2,22,23,20,3
1,<environment.Job instance at 0x7fc6819cf780>,1,25,[9 3],2,2,27,0,2
1,<environment.Job instance at 0x7fc6c4f2d4b0>,5,21,[ 4 14],6,27,48,21,19
1,<environment.Job instance at 0x7fc6c4e6a0f0>,8,28,[4 5],9,48,76,39,47
1,<environment.Job instance at 0x7fc6c4e6af50>,9,2,[5 5],10,48,50,38,47
1,<environment.Job instance at 0x7fc6c4e6ac30>,11,25,[ 2 14],12,76,101,64,72
1,<environment.Job instance at 0x7fc6c4e6ad70>,12,1,[ 1 11],13,101,102,88,96
1,<environment.Job instance at 0x7fc681281a00>,13,28,[1 8],14,102,130,88,101
1,<environment.Job instance at 0x7fc6c4e6acd0>,14,21,[6 2],15,101,122,86,101
1,<environment.Job instance at 0x7fc6c542f0a0>,19,27,[ 3 10],20,130,157,110,128
1,<environment.Job instance at 0x7fc6c4f1d6e0>,1,20,[ 2 11],2,2,22,0,2
1,<environment.Job instance at 0x7fc681007be0>,6,26,[5 5],7,22,48,15,21
1,<environment.Job instance at 0x7fc681007280>,7,28,[3 7],8,22,50,14,21
1,<environment.Job instance at 0x7fc6810070a0>,9,23,[ 2 10],10,50,73,40,44
1,<environment.Job instance at 0x7fc6c4f1d5f0>,0,19,[ 2 12],1,74,93,73,74
1,<environment.Job instance at 0x7fc68121c050>,16,24,[ 5 14],17,93,117,76,88
1,<environment.Job instance at 0x7fc68121caa0>,17,24,[ 1 13],18,117,141,99,112
1,<environment.Job instance at 0x7fc68121cbe0>,23,22,[3 6],24,141,163,117,134
1,<environment.Job instance at 0x7fc6c4fdae60>,4,1,[ 4 13],5,7,8,2,7
1,<environment.Job instance at 0x7fc681008be0>,8,24,[3 6],9,12,36,3,12
1,<environment.Job instance at 0x7fc6c7a69050>,1,22,[7 5],2,2,24,0,2
1,<environment.Job instance at 0x7fc6c7c7b870>,4,21,[ 3 11],5,24,45,19,16
1,<environment.Job instance at 0x7fc681782a00>,9,23,[9 3],10,24,47,14,18
1,<environment.Job instance at 0x7fc6818a69b0>,3,3,[ 3 12],4,45,48,41,44
1,<environment.Job instance at 0x7fc6810917d0>,2,25,[3 6],3,3,28,0,3
1,<environment.Job instance at 0x7fc6c5294410>,4,20,[7 2],5,5,25,0,5
1,<environment.Job instance at 0x7fc6811db550>,11,24,[14  5],12,28,52,16,23
1,<environment.Job instance at 0x7fc6811db5f0>,8,19,[8 2],9,52,71,43,45
1,<environment.Job instance at 0x7fc681810c30>,19,24,[5 3],20,52,76,32,48
1,<environment.Job instance at 0x7fc6811cb8c0>,7,20,[ 1 11],8,71,91,63,67
1,<environment.Job instance at 0x7fc6818100f0>,26,24,[13  4],27,79,103,52,79
1,<environment.Job instance at 0x7fc681810870>,27,21,[ 1 12],28,103,124,75,95
1,<environment.Job instance at 0x7fc681810aa0>,28,25,[4 8],29,124,149,95,120
1,<environment.Job instance at 0x7fc681810320>,18,19,[11  1],19,120,139,101,120
1,<environment.Job instance at 0x7fc680f9f550>,0,26,[ 2 12],1,1,27,0,1
1,<environment.Job instance at 0x7fc6c4fa6280>,4,21,[4 9],5,27,48,22,19
1,<environment.Job instance at 0x7fc68150ba50>,8,20,[8 5],9,27,47,18,22
1,<environment.Job instance at 0x7fc680f9f7d0>,1,2,[13  2],2,23,25,21,23
1,<environment.Job instance at 0x7f3dac613190>,3,22,[2 5],4,4,26,0,4
1,<environment.Job instance at 0x7f3da5204500>,7,26,[9 3],8,8,34,0,8
1,<environment.Job instance at 0x7f3da5204730>,9,23,[13  1],10,34,57,24,28
1,<environment.Job instance at 0x7f3da5204a00>,14,21,[8 1],15,57,78,42,49
1,<environment.Job instance at 0x7f3da5204b40>,16,28,[5 1],17,57,85,40,56
1,<environment.Job instance at 0x7f3da5204d20>,19,23,[8 4],20,78,101,58,72
1,<environment.Job instance at 0x7f3da52177d0>,1,22,[5 6],2,2,24,0,2
1,<environment.Job instance at 0x7f3da5204cd0>,2,26,[6 4],3,3,29,0,3
1,<environment.Job instance at 0x7f3dac7810a0>,7,25,[ 2 11],8,24,49,16,20
1,<environment.Job instance at 0x7f3dac781550>,8,1,[14  3],9,49,50,40,34
1,<environment.Job instance at 0x7f3dac781140>,5,25,[ 3 13],6,50,75,44,46
1,<environment.Job instance at 0x7f3dac781e60>,13,2,[13  5],14,75,77,61,66
1,<environment.Job instance at 0x7f3dac7818c0>,14,22,[5 6],15,77,99,62,70
1,<environment.Job instance at 0x7f3dac781820>,12,22,[ 2 11],13,99,121,86,92
1,<environment.Job instance at 0x7f3dac63adc0>,21,25,[14  5],22,121,146,99,117
1,<environment.Job instance at 0x7f3dac63ae10>,23,19,[3 8],24,146,165,122,136
1,<environment.Job instance at 0x7f3dac781d70>,11,20,[10  5],12,146,166,134,138
1,<environment.Job instance at 0x7f3d615e6500>,9,21,[8 2],10,10,31,0,10
1,<environment.Job instance at 0x7f3d615e6c80>,14,25,[5 6],15,28,53,13,28
1,<environment.Job instance at 0x7f3d615e65f0>,15,20,[1 8],16,31,51,15,28
1,<environment.Job instance at 0x7f3d615e6e10>,19,28,[11  2],20,53,81,33,52
1,<environment.Job instance at 0x7f3d615e6eb0>,22,20,[5 8],23,86,106,63,86
1,<environment.Job instance at 0x7f3d615e6690>,23,27,[ 4 13],24,106,133,82,104
1,<environment.Job instance at 0x7f3d615e65a0>,24,28,[1 8],25,133,161,108,132
1,<environment.Job instance at 0x7f3d618b73c0>,1,26,[ 3 12],2,2,28,0,2
1,<environment.Job instance at 0x7f3d61610320>,9,2,[ 4 11],10,28,30,18,23
1,<environment.Job instance at 0x7f3d61557780>,1,20,[ 2 11],2,2,22,0,2
1,<environment.Job instance at 0x7f3d618f2640>,8,25,[5 8],9,22,47,13,18
1,<environment.Job instance at 0x7f3d61850410>,5,25,[3 7],6,22,47,16,18
1,<environment.Job instance at 0x7f3d618f2820>,11,28,[2 7],12,47,75,35,46
1,<environment.Job instance at 0x7f3d618f2870>,12,19,[3 6],13,47,66,34,46
1,<environment.Job instance at 0x7f3d618f2b90>,16,23,[2 8],17,66,89,49,61
1,<environment.Job instance at 0x7f3d618f29b0>,13,25,[3 9],14,89,114,75,85
1,<environment.Job instance at 0x7f3d618f2d70>,19,27,[5 7],20,114,141,94,112
1,<environment.Job instance at 0x7f3d618f2eb0>,21,24,[13  2],22,141,165,119,136
1,<environment.Job instance at 0x7f3da55052d0>,1,22,[ 2 14],2,2,24,0,2
1,<environment.Job instance at 0x7f3da5711190>,4,24,[12  4],5,24,48,19,19
1,<environment.Job instance at 0x7f3da4f6ef50>,12,25,[10  1],13,48,73,35,44
1,<environment.Job instance at 0x7f3dad6ecf00>,1,27,[ 3 11],2,2,29,0,2
1,<environment.Job instance at 0x7f3d61a0ebe0>,4,21,[4 8],5,29,50,24,21
1,<environment.Job instance at 0x7f3dac008f50>,2,21,[ 3 13],3,50,71,47,42
1,<environment.Job instance at 0x7f3dabc0d960>,12,20,[8 4],13,71,91,58,62
1,<environment.Job instance at 0x7f3da54018c0>,15,27,[1 6],16,71,98,55,69
1,<environment.Job instance at 0x7f3dabab9dc0>,16,27,[8 5],17,91,118,74,89
1,<environment.Job instance at 0x7f3dabf4c320>,18,26,[10  5],19,118,144,99,115
1,<environment.Job instance at 0x7f3da504e140>,1,27,[6 5],2,2,29,0,2
1,<environment.Job instance at 0x7f3d61352d70>,8,25,[4 7],9,9,34,0,9
1,<environment.Job instance at 0x7f3d61352f50>,11,22,[14  4],12,34,56,22,27
1,<environment.Job instance at 0x7f3d61352f00>,12,27,[5 3],13,56,83,43,54
1,<environment.Job instance at 0x7f3d61354230>,16,26,[3 7],17,56,82,39,55
1,<environment.Job instance at 0x7f3dabfdb3c0>,7,22,[1 8],8,8,30,0,8
1,<environment.Job instance at 0x7f3da5706cd0>,10,24,[8 5],11,17,41,6,17
1,<environment.Job instance at 0x7f3d614a70a0>,9,2,[ 4 11],10,41,43,31,22
1,<environment.Job instance at 0x7f3da50b5c30>,14,23,[9 3],15,41,64,26,35
1,<environment.Job instance at 0x7f3d61aae0a0>,20,22,[5 6],21,65,87,44,65
1,<environment.Job instance at 0x7f3d61acda00>,22,25,[10  1],23,65,90,42,65
1,<environment.Job instance at 0x7f3dabcb1e10>,25,19,[9 3],26,90,109,64,80
1,<environment.Job instance at 0x7f3daba77b90>,26,21,[12  2],27,109,130,82,101
1,<environment.Job instance at 0x7f3da543d1e0>,1,26,[ 1 10],2,2,28,0,2
1,<environment.Job instance at 0x7f3dabeba410>,10,21,[ 2 14],11,28,49,17,20
1,<environment.Job instance at 0x7f3dabeba550>,12,20,[ 4 11],13,49,69,36,40
1,<environment.Job instance at 0x7f3dabeba910>,16,20,[1 5],17,69,89,52,60
1,<environment.Job instance at 0x7f3dabebaaa0>,20,21,[4 8],21,69,90,48,61
1,<environment.Job instance at 0x7f3da508f640>,5,20,[9 3],6,6,26,0,6
1,<environment.Job instance at 0x7f3dabc25cd0>,6,23,[13  2],7,26,49,19,20
1,<environment.Job instance at 0x7f3dabc25af0>,8,25,[ 2 10],9,20,45,11,20
1,<environment.Job instance at 0x7f3dabc255f0>,9,24,[14  1],10,49,73,39,44
1,<environment.Job instance at 0x7f3dabc258c0>,11,25,[14  2],12,73,98,61,69
1,<environment.Job instance at 0x7f3da510faf0>,13,28,[5 9],14,98,126,84,97
1,<environment.Job instance at 0x7f3da510f5a0>,15,28,[6 1],16,98,126,82,97
1,<environment.Job instance at 0x7f3d6160b5f0>,20,23,[7 5],21,126,149,105,120
1,<environment.Job instance at 0x7f3dabf36a00>,27,1,[14  4],28,149,150,121,134
1,<environment.Job instance at 0x7f3dabf36eb0>,29,19,[6 3],30,150,169,120,144
1,<environment.Job instance at 0x7f3dabf36410>,31,20,[3 5],32,150,170,118,144
1,<environment.Job instance at 0x7f3da51a85a0>,1,26,[ 3 10],2,2,28,0,2
1,<environment.Job instance at 0x7f3dabf7d960>,4,28,[8 3],5,5,33,0,5
1,<environment.Job instance at 0x7f3dabf7d690>,9,25,[ 5 14],10,33,58,23,29
1,<environment.Job instance at 0x7f3dac500be0>,3,22,[ 3 12],4,58,80,54,55
1,<environment.Job instance at 0x7f3da53957d0>,13,2,[ 3 12],14,80,82,66,77
1,<environment.Job instance at 0x7f3da5395780>,19,25,[4 6],20,84,109,64,84
1,<environment.Job instance at 0x7f3da5395640>,20,21,[ 5 11],21,109,130,88,101
1,<environment.Job instance at 0x7f3dac7d7050>,1,19,[8 2],2,2,21,0,2
1,<environment.Job instance at 0x7f3da5395190>,2,26,[7 5],3,3,29,0,3
1,<environment.Job instance at 0x7f3da56401e0>,9,28,[5 5],10,21,49,11,20
1,<environment.Job instance at 0x7f3da5640960>,11,25,[9 3],12,29,54,17,25
1,<environment.Job instance at 0x7f3da5640d70>,15,21,[ 4 14],16,54,75,38,46
1,<environment.Job instance at 0x7f3da53fbfa0>,1,20,[ 2 11],2,3,23,1,3
1,<environment.Job instance at 0x7f3da53fb7d0>,6,26,[5 5],7,23,49,16,20
1,<environment.Job instance at 0x7f3dabf1c4b0>,7,28,[3 7],8,23,51,15,22
1,<environment.Job instance at 0x7f3d61b9ff00>,16,24,[ 5 14],17,51,75,34,51
1,<environment.Job instance at 0x7f3d613c0280>,17,24,[ 1 13],18,75,99,57,70
1,<environment.Job instance at 0x7f3da53fb230>,0,19,[ 2 12],1,107,126,106,107
1,<environment.Job instance at 0x7f3dabad6460>,23,22,[3 6],24,126,148,102,119
1,<environment.Job instance at 0x7f3d61b89f50>,7,19,[5 7],8,8,27,0,8
1,<environment.Job instance at 0x7f3d612cc550>,13,19,[3 9],14,27,46,13,26
1,<environment.Job instance at 0x7f3d612cc960>,14,28,[5 3],15,26,54,11,26
1,<environment.Job instance at 0x7f3dabb0a6e0>,0,25,[5 6],1,1,26,0,1
1,<environment.Job instance at 0x7f3dabcac370>,6,26,[8 2],7,7,33,0,7
1,<environment.Job instance at 0x7f3dabcacf00>,10,27,[5 8],11,26,53,15,24
1,<environment.Job instance at 0x7f3dabc8e230>,12,22,[ 1 13],13,53,75,40,46
1,<environment.Job instance at 0x7f3dabcb7690>,17,26,[1 8],18,75,101,57,72
1,<environment.Job instance at 0x7f3dabcb7910>,18,27,[8 4],19,75,102,56,73
1,<environment.Job instance at 0x7f3dabcb75f0>,14,21,[ 5 13],15,102,123,87,94
1,<environment.Job instance at 0x7f3dabcb7370>,25,28,[5 4],26,123,151,97,122
1,<environment.Job instance at 0x7f3dabcb7b90>,21,20,[11  2],22,151,171,129,142
1,<environment.Job instance at 0x7f3d6138ef50>,2,25,[5 8],3,3,28,0,3
1,<environment.Job instance at 0x7f3d6138ee60>,1,19,[ 1 10],2,28,47,26,20
1,<environment.Job instance at 0x7f3d61192dc0>,11,23,[5 2],12,32,55,20,32
1,<environment.Job instance at 0x7f3d617b4f50>,9,3,[ 3 11],10,107,110,97,107
1,<environment.Job instance at 0x7f3dabc3b7d0>,15,1,[8 2],16,146,147,130,146
1,<environment.Job instance at 0x7f3da4f6cbe0>,0,23,[11  4],1,1,24,0,1
1,<environment.Job instance at 0x7f3da5454d20>,13,19,[8 1],14,26,45,12,26
1,<environment.Job instance at 0x7f3d61a3e8c0>,6,22,[10  4],7,7,29,0,7
1,<environment.Job instance at 0x7f3da543d910>,9,27,[5 2],10,10,37,0,10
1,<environment.Job instance at 0x7f3da543dd70>,8,24,[5 3],9,29,53,20,24
1,<environment.Job instance at 0x7f3da543de60>,7,21,[2 6],8,29,50,21,24
1,<environment.Job instance at 0x7f3dabcc1460>,17,25,[12  2],18,53,78,35,49
1,<environment.Job instance at 0x7f23da4c30f0>,3,22,[2 5],4,4,26,0,4
1,<environment.Job instance at 0x7f23d30b35f0>,7,26,[9 3],8,8,34,0,8
1,<environment.Job instance at 0x7f23d30b3640>,9,23,[13  1],10,34,57,24,28
1,<environment.Job instance at 0x7f23d30b3b40>,14,21,[8 1],15,57,78,42,49
1,<environment.Job instance at 0x7f23d30b3c80>,16,28,[5 1],17,57,85,40,56
1,<environment.Job instance at 0x7f23d30b3d70>,19,23,[8 4],20,78,101,58,72
1,<environment.Job instance at 0x7f23d30c6f00>,1,20,[10  5],2,2,22,0,2
1,<environment.Job instance at 0x7f23da6318c0>,4,22,[5 6],5,5,27,0,5
1,<environment.Job instance at 0x7f23bfd944b0>,7,20,[8 1],8,22,42,14,13
1,<environment.Job instance at 0x7f23d30b3d20>,2,22,[ 2 11],3,27,49,24,20
1,<environment.Job instance at 0x7f23da629af0>,11,25,[14  5],12,49,74,37,45
1,<environment.Job instance at 0x7f23da4eadc0>,15,27,[ 3 13],16,74,101,58,72
1,<environment.Job instance at 0x7f23da62fa50>,21,27,[8 3],22,101,128,79,99
1,<environment.Job instance at 0x7f23da62f320>,22,21,[2 5],23,101,122,78,99
1,<environment.Job instance at 0x7f23d30b3d70>,3,2,[13  5],4,128,130,124,125
1,<environment.Job instance at 0x7f23da62f7d0>,24,21,[9 3],25,130,151,105,125
1,<environment.Job instance at 0x7f23da62a6e0>,27,27,[ 3 12],28,130,157,102,128
1,<environment.Job instance at 0x7f238f37f690>,2,20,[5 8],3,3,23,0,3
1,<environment.Job instance at 0x7f23da63d870>,4,28,[1 8],5,23,51,18,22
1,<environment.Job instance at 0x7f23da63d0a0>,3,27,[ 4 13],4,51,78,47,49
1,<environment.Job instance at 0x7f238f37f410>,7,28,[7 4],8,78,106,70,77
1,<environment.Job instance at 0x7f238f467370>,8,27,[4 6],9,78,105,69,77
1,<environment.Job instance at 0x7f238f467820>,10,20,[4 9],11,105,125,94,96
1,<environment.Job instance at 0x7f238f4679b0>,12,27,[12  5],13,125,152,112,123
1,<environment.Job instance at 0x7f238f467a50>,19,23,[5 8],20,152,175,132,146
1,<environment.Job instance at 0x7f238f48b7d0>,1,24,[14  5],2,2,26,0,2
1,<environment.Job instance at 0x7f238f4671e0>,3,22,[3 8],4,26,48,22,19
1,<environment.Job instance at 0x7f238f6fbb90>,6,25,[5 3],7,26,51,19,22
1,<environment.Job instance at 0x7f238f6fbaf0>,11,27,[ 4 14],12,51,78,39,49
1,<environment.Job instance at 0x7f238f6fbc30>,15,28,[13  5],16,78,106,62,77
1,<environment.Job instance at 0x7f238f80ad20>,16,23,[6 4],17,106,129,89,100
1,<environment.Job instance at 0x7f238f80a5a0>,17,21,[3 8],18,106,127,88,100
1,<environment.Job instance at 0x7f238f80acd0>,21,25,[5 5],22,127,152,105,123
1,<environment.Job instance at 0x7f238f491d70>,22,26,[12  3],23,152,178,129,149
1,<environment.Job instance at 0x7f238f4917d0>,23,2,[14  4],24,178,180,154,159
1,<environment.Job instance at 0x7f238f7a9910>,11,24,[13  4],12,15,39,3,15
1,<environment.Job instance at 0x7f238f7a9b40>,12,19,[ 2 13],13,39,58,26,36
1,<environment.Job instance at 0x7f238f7a9f00>,15,24,[12  4],16,58,82,42,53
1,<environment.Job instance at 0x7f238f7b31e0>,21,27,[12  2],22,82,109,60,80
1,<environment.Job instance at 0x7f23d7b605f0>,0,27,[8 5],1,1,28,0,1
1,<environment.Job instance at 0x7f238f7b3280>,1,23,[12  4],2,28,51,26,22
1,<environment.Job instance at 0x7f23d7b600f0>,8,20,[3 9],9,29,49,20,29
1,<environment.Job instance at 0x7f23d7b60690>,10,21,[ 5 12],11,51,72,40,48
1,<environment.Job instance at 0x7f23d7b60b90>,9,28,[ 4 14],10,72,100,62,71
1,<environment.Job instance at 0x7f238f98d820>,14,27,[3 8],15,100,127,85,98
1,<environment.Job instance at 0x7f23d7b602d0>,4,3,[ 1 13],5,127,130,122,101
1,<environment.Job instance at 0x7f238f98d640>,18,22,[7 5],19,101,123,82,101
1,<environment.Job instance at 0x7f238f98d190>,22,27,[10  4],23,130,157,107,128
1,<environment.Job instance at 0x7f238f98d320>,24,27,[ 1 14],25,157,184,132,155
1,<environment.Job instance at 0x7f238f689690>,0,25,[10  4],1,1,26,0,1
1,<environment.Job instance at 0x7f238f689e10>,2,27,[7 5],3,26,53,23,24
1,<environment.Job instance at 0x7f23d78c75a0>,4,25,[8 2],5,26,51,21,24
1,<environment.Job instance at 0x7f23d78c77d0>,11,19,[9 2],12,53,72,41,43
1,<environment.Job instance at 0x7f23d7bd8460>,14,28,[ 3 10],15,51,79,36,50
1,<environment.Job instance at 0x7f23d78b02d0>,15,25,[9 5],16,72,97,56,68
1,<environment.Job instance at 0x7f23d78c7460>,12,20,[ 1 13],13,97,117,84,88
1,<environment.Job instance at 0x7f23d78b0b90>,21,21,[4 5],22,117,138,95,109
1,<environment.Job instance at 0x7f23d78b06e0>,22,21,[1 9],23,117,138,94,109
1,<environment.Job instance at 0x7f238f806640>,23,24,[7 4],24,138,162,114,133
1,<environment.Job instance at 0x7f23d2e7cf00>,30,19,[2 9],31,142,161,111,142
1,<environment.Job instance at 0x7f238f982140>,32,2,[ 5 11],33,161,163,128,155
1,<environment.Job instance at 0x7f23d7bad410>,34,19,[8 3],35,162,181,127,155
1,<environment.Job instance at 0x7f23d7badaa0>,2,28,[8 5],3,3,31,0,3
1,<environment.Job instance at 0x7f23d3221910>,3,21,[4 5],4,4,25,0,4
1,<environment.Job instance at 0x7f23d7bad410>,5,28,[7 3],6,25,53,19,24
1,<environment.Job instance at 0x7f238f227c30>,7,25,[1 5],8,31,56,23,27
1,<environment.Job instance at 0x7f238f227b40>,8,25,[ 3 10],9,53,78,44,49
1,<environment.Job instance at 0x7f238f227f00>,12,20,[ 4 13],13,78,98,65,69
1,<environment.Job instance at 0x7f238f229140>,16,23,[9 2],17,71,94,54,71
1,<environment.Job instance at 0x7f238f2295a0>,23,27,[ 1 14],24,99,126,75,99
1,<environment.Job instance at 0x7f238f229820>,24,21,[3 9],25,126,147,101,118
1,<environment.Job instance at 0x7f238f229a50>,27,22,[12  2],28,126,148,98,119
1,<environment.Job instance at 0x7f238f2299b0>,28,27,[7 4],29,148,175,119,146
1,<environment.Job instance at 0x7f238f8f8460>,3,25,[4 7],4,4,29,0,4
1,<environment.Job instance at 0x7f23d7b1d5f0>,6,28,[ 4 11],7,29,57,22,28
1,<environment.Job instance at 0x7f238f8f8870>,0,3,[ 4 14],1,57,60,56,31
1,<environment.Job instance at 0x7f238f229d70>,4,3,[11  5],5,60,63,55,50
1,<environment.Job instance at 0x7f23d30fe050>,10,24,[3 8],11,60,84,49,55
1,<environment.Job instance at 0x7f23d30fe870>,11,2,[5 4],12,55,57,43,55
1,<environment.Job instance at 0x7f23d30fe4b0>,12,27,[3 6],13,63,90,50,61
1,<environment.Job instance at 0x7f238f229be0>,5,3,[ 4 14],6,90,93,84,84
1,<environment.Job instance at 0x7f23d30fea00>,16,21,[10  1],17,84,105,67,84
1,<environment.Job instance at 0x7f23d30fe2d0>,18,27,[4 5],19,93,120,74,91
1,<environment.Job instance at 0x7f238f812be0>,2,27,[4 8],3,3,30,0,3
1,<environment.Job instance at 0x7f23d75fc2d0>,5,24,[5 6],6,6,30,0,6
1,<environment.Job instance at 0x7f23d75fc820>,9,23,[8 5],10,30,53,20,24
1,<environment.Job instance at 0x7f238f735a50>,14,28,[2 5],15,30,58,15,29
1,<environment.Job instance at 0x7f238f8803c0>,16,22,[9 4],17,53,75,36,46
1,<environment.Job instance at 0x7f23d2f698c0>,18,24,[10  1],19,75,99,56,70
1,<environment.Job instance at 0x7f23d2f69690>,20,27,[5 8],21,72,99,51,72
1,<environment.Job instance at 0x7f238f8800a0>,15,28,[ 2 14],16,99,127,83,98
1,<environment.Job instance at 0x7f23d3222410>,0,28,[10  3],1,1,29,0,1
1,<environment.Job instance at 0x7f238f508e10>,10,28,[ 2 11],11,11,39,0,11
1,<environment.Job instance at 0x7f238f508dc0>,11,23,[5 5],12,39,62,27,33
1,<environment.Job instance at 0x7f238f508fa0>,13,26,[ 4 12],14,62,88,48,59
1,<environment.Job instance at 0x7f23d79b25a0>,0,22,[7 2],1,1,23,0,1
1,<environment.Job instance at 0x7f23d79b2a00>,3,22,[1 7],4,5,27,1,5
1,<environment.Job instance at 0x7f238f500140>,2,19,[11  4],3,23,42,20,13
1,<environment.Job instance at 0x7f23d79b2fa0>,4,19,[13  1],5,42,61,37,41
1,<environment.Job instance at 0x7f238f8d30f0>,12,28,[14  1],13,61,89,48,60
1,<environment.Job instance at 0x7f238fa46410>,13,25,[10  1],14,89,114,75,85
1,<environment.Job instance at 0x7f23d32cebe0>,1,25,[13  3],2,2,27,0,2
1,<environment.Job instance at 0x7f23d32ce7d0>,3,23,[2 7],4,7,30,3,7
1,<environment.Job instance at 0x7f23d32ced70>,6,20,[ 4 13],7,30,50,23,22
1,<environment.Job instance at 0x7f23d31fafa0>,12,3,[ 5 11],13,50,53,37,45
1,<environment.Job instance at 0x7f23d32ce5f0>,4,19,[8 5],5,53,72,48,52
1,<environment.Job instance at 0x7f23d32ce8c0>,0,1,[13  4],1,72,73,71,53
1,<environment.Job instance at 0x7f23d32ce6e0>,2,26,[ 3 13],3,73,99,70,70
1,<environment.Job instance at 0x7f23d35e3820>,20,22,[4 5],21,99,121,78,92
1,<environment.Job instance at 0x7f23d35e3c80>,21,26,[ 3 12],22,121,147,99,118
1,<environment.Job instance at 0x7f23d33b5730>,23,21,[5 1],24,138,159,114,138
1,<environment.Job instance at 0x7f23d35e3190>,19,20,[14  4],20,159,179,139,150
1,<environment.Job instance at 0x7f23d3475280>,1,23,[5 7],2,2,25,0,2
1,<environment.Job instance at 0x7f23d77ed190>,8,1,[12  2],9,25,26,16,9
1,<environment.Job instance at 0x7f23d77ed4b0>,9,2,[14  4],10,26,28,16,10
1,<environment.Job instance at 0x7f23d76a36e0>,10,21,[2 6],11,28,49,17,20
1,<environment.Job instance at 0x7f23d76a3a50>,19,28,[10  2],20,59,87,39,59
1,<environment.Job instance at 0x7f23d7677d20>,20,19,[ 2 12],21,64,83,43,64
1,<environment.Job instance at 0x7f23d76a39b0>,21,20,[ 2 11],22,83,103,61,74
1,<environment.Job instance at 0x7f238f3a0870>,26,26,[5 5],27,103,129,76,100
1,<environment.Job instance at 0x7f238f3c9730>,27,28,[3 7],28,103,131,75,102
1,<environment.Job instance at 0x7f238f3d31e0>,29,23,[ 2 10],30,131,154,101,125
1,<environment.Job instance at 0x7f23d78c6550>,4,1,[ 4 13],5,5,6,0,5
1,<environment.Job instance at 0x7f23d778e780>,8,24,[3 6],9,10,34,1,10
1,<environment.Job instance at 0x7f238f19dbe0>,0,25,[5 6],1,1,26,0,1
1,<environment.Job instance at 0x7f238f12ef00>,6,26,[8 2],7,7,33,0,7
1,<environment.Job instance at 0x7f238f12e690>,10,27,[5 8],11,26,53,15,24
1,<environment.Job instance at 0x7f238f12e6e0>,12,22,[ 1 13],13,53,75,40,46
1,<environment.Job instance at 0x7f238f12ecd0>,14,21,[ 5 13],15,75,96,60,67
1,<environment.Job instance at 0x7f238f12edc0>,17,26,[1 8],18,96,122,78,93
1,<environment.Job instance at 0x7f238f12e140>,18,27,[8 4],19,96,123,77,94
1,<environment.Job instance at 0x7f238f12ebe0>,13,19,[4 9],14,122,141,108,112
1,<environment.Job instance at 0x7f238f1250a0>,25,28,[5 4],26,123,151,97,122
1,<environment.Job instance at 0x7f238f125e10>,27,26,[13  3],28,151,177,123,148
1,<environment.Job instance at 0x7f238f89ee10>,1,23,[5 2],2,2,25,0,2
1,<environment.Job instance at 0x7f23d79b0320>,5,1,[8 2],6,6,7,0,6
1,<environment.Job instance at 0x7f23d30d6dc0>,8,22,[8 3],9,11,33,2,11
1,<environment.Job instance at 0x7f23d30b11e0>,11,27,[3 5],12,25,52,13,23
1,<environment.Job instance at 0x7f23d30b1c80>,14,24,[12  4],15,33,57,18,28
1,<environment.Job instance at 0x7f23d30b1640>,17,22,[ 1 11],18,52,74,34,48
1,<environment.Job instance at 0x7f23d30b6230>,21,2,[11  1],22,67,69,45,67
1,<environment.Job instance at 0x7f23d30b6910>,22,2,[11  3],23,69,71,46,67
1,<environment.Job instance at 0x7f23d30b6140>,23,19,[11  3],24,71,90,47,69
1,<environment.Job instance at 0x7f23da0cad70>,9,22,[14  4],10,13,35,3,13
1,<environment.Job instance at 0x7f23da0ca640>,10,20,[5 5],11,35,55,24,26
1,<environment.Job instance at 0x7f238f0d60a0>,11,20,[6 2],12,35,55,23,26
1,<environment.Job instance at 0x7f238f1e0f50>,1,23,[ 4 13],2,2,25,0,2
1,<environment.Job instance at 0x7f238f1e0af0>,5,22,[14  3],6,25,47,19,18
1,<environment.Job instance at 0x7f23d781dcd0>,0,26,[ 3 10],1,1,27,0,1
1,<environment.Job instance at 0x7f23d2e1df50>,13,27,[5 4],14,36,63,22,36
1,<environment.Job instance at 0x7f23d7b68c30>,16,25,[8 5],17,52,77,35,52
1,<environment.Job instance at 0x7f238f0b4500>,21,27,[ 2 13],22,77,104,55,75
1,<environment.Job instance at 0x7f238f0b4410>,26,27,[ 4 11],27,104,131,77,102
1,<environment.Job instance at 0x7f23d2e29be0>,28,24,[ 2 13],29,131,155,102,126
1,<environment.Job instance at 0x7f5ca91e4780>,3,22,[2 5],4,4,26,0,4
1,<environment.Job instance at 0x7f5ca1d4c280>,7,26,[9 3],8,8,34,0,8
1,<environment.Job instance at 0x7f5ca1d4c500>,9,23,[13  1],10,34,57,24,28
1,<environment.Job instance at 0x7f5ca1d4c780>,14,21,[8 1],15,57,78,42,49
1,<environment.Job instance at 0x7f5ca1d4cb90>,16,28,[5 1],17,57,85,40,56
1,<environment.Job instance at 0x7f5ca1d4cc80>,19,23,[8 4],20,78,101,58,72
1,<environment.Job instance at 0x7f5ca1d54460>,1,25,[14  5],2,2,27,0,2
1,<environment.Job instance at 0x7f5ca9183410>,11,27,[8 3],12,27,54,15,25
1,<environment.Job instance at 0x7f5ca91835f0>,12,21,[2 5],13,27,48,14,25
1,<environment.Job instance at 0x7f5ca91832d0>,5,27,[ 3 13],6,54,81,48,52
1,<environment.Job instance at 0x7f5ca9183870>,14,21,[9 3],15,81,102,66,77
1,<environment.Job instance at 0x7f5ca92c1f50>,17,27,[ 3 12],18,81,108,63,79
1,<environment.Job instance at 0x7f5ca9182690>,23,26,[3 9],24,108,134,84,105
1,<environment.Job instance at 0x7f5ca91833c0>,13,19,[12  2],14,135,154,121,135
1,<environment.Job instance at 0x7f5ca92cfa50>,27,21,[2 7],28,135,156,107,135
1,<environment.Job instance at 0x7f5ca92cfb40>,28,20,[4 9],29,156,176,127,147
1,<environment.Job instance at 0x7f5ca92cf690>,2,21,[ 4 14],3,3,24,0,3
1,<environment.Job instance at 0x7f5c5e014370>,7,1,[ 4 11],8,24,25,16,20
1,<environment.Job instance at 0x7f5c5e014f50>,11,25,[7 5],12,25,50,13,21
1,<environment.Job instance at 0x7f5c5e014b40>,14,25,[2 8],15,26,51,11,26
1,<environment.Job instance at 0x7f5c5e0140f0>,17,28,[8 2],18,50,78,32,49
1,<environment.Job instance at 0x7f5c5e093640>,18,26,[8 3],19,78,104,59,75
1,<environment.Job instance at 0x7f5c5e0938c0>,20,27,[ 3 11],21,75,102,54,75
1,<environment.Job instance at 0x7f5c5e093960>,22,21,[ 5 10],23,102,123,79,94
1,<environment.Job instance at 0x7f5c5e093b40>,30,19,[ 2 11],31,123,142,92,114
1,<environment.Job instance at 0x7f5c5e0fab40>,33,20,[7 1],34,115,135,81,115
1,<environment.Job instance at 0x7f5c5e0fae10>,34,25,[4 9],35,142,167,107,138
1,<environment.Job instance at 0x7f5c5e0fa960>,35,26,[6 1],36,138,164,102,138
1,<environment.Job instance at 0x7f5c5e0fa910>,36,28,[5 9],37,167,195,130,166
1,<environment.Job instance at 0x7f5c5e0fa910>,8,22,[ 3 11],9,9,31,0,9
1,<environment.Job instance at 0x7f5c5e109640>,0,19,[14  4],1,31,50,30,26
1,<environment.Job instance at 0x7f5c5e14d6e0>,2,28,[9 2],3,3,31,0,3
1,<environment.Job instance at 0x7f5c5e443280>,9,24,[ 1 11],10,10,34,0,10
1,<environment.Job instance at 0x7f5c5e4430f0>,15,28,[10  4],16,31,59,15,30
1,<environment.Job instance at 0x7f5c5e43a4b0>,21,1,[5 9],22,67,68,45,67
1,<environment.Job instance at 0x7f5c5e43a690>,23,1,[ 2 11],24,69,70,45,69
1,<environment.Job instance at 0x7f5c5e43a730>,24,26,[6 3],25,69,95,44,69
1,<environment.Job instance at 0x7f5c5e43a870>,27,21,[8 3],28,87,108,59,87
1,<environment.Job instance at 0x7f5c5e43a9b0>,29,2,[ 2 13],30,108,110,78,99
1,<environment.Job instance at 0x7f5c5e43ad70>,32,21,[5 4],33,111,132,78,111
1,<environment.Job instance at 0x7f5c5df5bb40>,1,24,[8 5],2,2,26,0,2
1,<environment.Job instance at 0x7f5ca89af410>,8,26,[3 6],9,9,35,0,9
1,<environment.Job instance at 0x7f5ca89af550>,12,23,[1 6],13,26,49,13,20
1,<environment.Job instance at 0x7f5ca89af050>,15,2,[13  1],16,35,37,19,31
1,<environment.Job instance at 0x7f5ca89afb90>,17,22,[10  1],18,37,59,19,34
1,<environment.Job instance at 0x7f5ca89af320>,20,20,[3 8],21,47,67,26,47
1,<environment.Job instance at 0x7f5c5e35fe60>,4,22,[13  3],5,5,27,0,5
1,<environment.Job instance at 0x7f5c5e35f7d0>,5,26,[14  2],6,27,53,21,24
1,<environment.Job instance at 0x7f5c5e35fb40>,6,20,[ 4 12],7,53,73,46,44
1,<environment.Job instance at 0x7f5ca205cbe0>,11,22,[13  5],12,73,95,61,66
1,<environment.Job instance at 0x7f5ca205cb90>,15,24,[5 4],16,95,119,79,90
1,<environment.Job instance at 0x7f5ca8a99f50>,0,3,[ 4 14],1,6,9,5,6
1,<environment.Job instance at 0x7f5ca205cb90>,6,23,[ 2 11],7,9,32,2,7
1,<environment.Job instance at 0x7f5c5e649f50>,7,21,[ 1 11],8,32,53,24,25
1,<environment.Job instance at 0x7f5c5e649fa0>,8,1,[ 2 14],9,53,54,44,25
1,<environment.Job instance at 0x7f5ca1e575f0>,0,24,[8 5],1,1,25,0,1
1,<environment.Job instance at 0x7f5ca86d37d0>,4,23,[9 3],5,25,48,20,19
1,<environment.Job instance at 0x7f5ca1b36230>,10,22,[5 6],11,21,43,10,21
1,<environment.Job instance at 0x7f5ca8891500>,12,25,[10  1],13,48,73,35,44
1,<environment.Job instance at 0x7f5ca8777550>,17,20,[1 5],18,46,66,28,46
1,<environment.Job instance at 0x7f5c5dfee8c0>,19,20,[2 8],20,51,71,31,51
1,<environment.Job instance at 0x7f5ca8777500>,16,21,[12  2],17,73,94,56,65
1,<environment.Job instance at 0x7f5c5e3c80f0>,3,21,[2 5],4,4,25,0,4
1,<environment.Job instance at 0x7f5ca1b8d2d0>,5,1,[ 1 13],6,25,26,19,11
1,<environment.Job instance at 0x7f5c65f9a730>,1,24,[5 5],2,2,26,0,2
1,<environment.Job instance at 0x7f5c5df47370>,4,21,[ 1 14],5,26,47,21,18
1,<environment.Job instance at 0x7f5ca8b50e10>,0,24,[5 5],1,1,25,0,1
1,<environment.Job instance at 0x7f5ca8b500a0>,5,20,[9 1],6,6,26,0,6
1,<environment.Job instance at 0x7f5c5df385f0>,11,25,[9 2],12,26,51,14,22
1,<environment.Job instance at 0x7f5c5df38230>,10,22,[ 2 14],11,51,73,40,44
1,<environment.Job instance at 0x7f5c5df38dc0>,14,25,[6 3],15,73,98,58,69
1,<environment.Job instance at 0x7f5ca87ba500>,1,3,[ 1 11],2,6,9,4,6
1,<environment.Job instance at 0x7f5ca1bf9fa0>,4,19,[2 8],5,9,28,4,7
1,<environment.Job instance at 0x7f5ca1bf9910>,7,24,[9 4],8,8,32,0,8
1,<environment.Job instance at 0x7f5ca2092870>,12,26,[9 5],13,32,58,19,29
1,<environment.Job instance at 0x7f5ca8b50aa0>,1,25,[1 9],2,2,27,0,2
1,<environment.Job instance at 0x7f5ca2092870>,3,27,[9 3],4,4,31,0,4
1,<environment.Job instance at 0x7f5ca1cf00a0>,5,28,[6 2],6,27,55,21,26
1,<environment.Job instance at 0x7f5ca877cd70>,9,1,[7 4],10,31,32,21,26
1,<environment.Job instance at 0x7f5ca20920a0>,2,3,[ 4 12],3,32,35,29,29
1,<environment.Job instance at 0x7f5ca877c690>,12,1,[2 7],13,31,32,18,29
1,<environment.Job instance at 0x7f5ca87542d0>,15,1,[13  2],16,55,56,39,29
1,<environment.Job instance at 0x7f5ca87545f0>,16,21,[6 3],17,56,77,39,48
1,<environment.Job instance at 0x7f5ca8751730>,17,28,[11  1],18,77,105,59,76
1,<environment.Job instance at 0x7f5ca8754d20>,19,26,[13  2],20,105,131,85,102
1,<environment.Job instance at 0x7f5ca8777eb0>,20,21,[ 3 11],21,131,152,110,123
1,<environment.Job instance at 0x7f5ca8777910>,23,25,[6 4],24,131,156,107,127
1,<environment.Job instance at 0x7f5ca21c5dc0>,26,23,[10  1],27,156,179,129,150
1,<environment.Job instance at 0x7f5ca21c5b90>,27,27,[4 7],28,152,179,124,150
1,<environment.Job instance at 0x7f5ca1ab50f0>,1,22,[7 5],2,2,24,0,2
1,<environment.Job instance at 0x7f5c5e6dfbe0>,4,21,[ 3 11],5,24,45,19,16
1,<environment.Job instance at 0x7f5c5df808c0>,9,23,[9 3],10,24,47,14,18
1,<environment.Job instance at 0x7f5ca8752730>,3,3,[ 3 12],4,45,48,41,45
1,<environment.Job instance at 0x7f5c5e021140>,0,19,[5 5],1,1,20,0,1
1,<environment.Job instance at 0x7f5c5df80820>,2,25,[5 8],3,3,28,0,3
1,<environment.Job instance at 0x7f5c5dde5dc0>,11,23,[5 2],12,41,64,29,41
1,<environment.Job instance at 0x7f5c5dde5af0>,9,3,[ 3 11],10,156,159,146,156
1,<environment.Job instance at 0x7f5c5de10d20>,15,1,[8 2],16,156,157,140,156
1,<environment.Job instance at 0x7f5c5de10aa0>,18,22,[8 3],19,157,179,138,157
1,<environment.Job instance at 0x7f5c5e6aa4b0>,9,22,[14  4],10,34,56,24,34
1,<environment.Job instance at 0x7f5c5dedc410>,2,21,[10  4],3,3,24,0,3
1,<environment.Job instance at 0x7f5c5e6aad20>,5,25,[9 3],6,24,49,18,20
1,<environment.Job instance at 0x7f5ca1e5f500>,1,27,[ 2 13],2,2,29,0,2
1,<environment.Job instance at 0x7f5c5dec05f0>,6,27,[ 4 11],7,29,56,22,27
1,<environment.Job instance at 0x7f5c5dedc6e0>,8,24,[ 2 13],9,56,80,47,51
1,<environment.Job instance at 0x7f5c5dedca00>,15,23,[ 1 10],16,80,103,64,74
1,<environment.Job instance at 0x7f5c5dedc960>,17,24,[10  2],18,74,98,56,74
1,<environment.Job instance at 0x7f5c5e5219b0>,2,25,[ 5 12],3,3,28,0,3
1,<environment.Job instance at 0x7f5ca1c8a690>,9,24,[5 2],10,10,34,0,10
1,<environment.Job instance at 0x7f5ca8a36730>,14,19,[8 1],15,28,47,13,24
1,<environment.Job instance at 0x7f5ca8a36410>,15,23,[ 3 11],16,34,57,18,28
1,<environment.Job instance at 0x7fe7a6b8d050>,3,22,[2 5],4,4,26,0,4
1,<environment.Job instance at 0x7fe7a177d550>,7,26,[9 3],8,8,34,0,8
1,<environment.Job instance at 0x7fe7a177d5a0>,9,23,[13  1],10,34,57,24,28
1,<environment.Job instance at 0x7fe7a177d910>,14,21,[8 1],15,57,78,42,49
1,<environment.Job instance at 0x7fe7a177dbe0>,16,28,[5 1],17,57,85,40,56
1,<environment.Job instance at 0x7fe7a177ddc0>,19,23,[8 4],20,78,101,58,72
1,<environment.Job instance at 0x7fe7a17826e0>,1,27,[8 3],2,2,29,0,2
1,<environment.Job instance at 0x7fe7a177dd70>,2,21,[2 5],3,4,25,1,4
1,<environment.Job instance at 0x7fe7a6cf9f00>,4,21,[9 3],5,29,50,24,21
1,<environment.Job instance at 0x7fe7a6cf9550>,7,27,[ 3 12],8,25,52,17,23
1,<environment.Job instance at 0x7fe7a6bb4690>,13,26,[3 9],14,52,78,38,49
1,<environment.Job instance at 0x7fe7a6cf4cd0>,17,21,[2 7],18,78,99,60,70
1,<environment.Job instance at 0x7fe7a6cf40a0>,18,20,[4 9],19,99,119,80,90
1,<environment.Job instance at 0x7fe7a6cf4af0>,20,2,[11  3],21,134,136,113,134
1,<environment.Job instance at 0x7fe7a177ddc0>,3,19,[12  2],4,164,183,160,164
1,<environment.Job instance at 0x7fe75ba0c550>,0,27,[ 3 11],1,1,28,0,1
1,<environment.Job instance at 0x7fe75baa81e0>,13,20,[7 1],14,23,43,9,23
1,<environment.Job instance at 0x7fe75baa8be0>,14,25,[4 9],15,28,53,13,24
1,<environment.Job instance at 0x7fe75baa8280>,16,28,[5 9],17,53,81,36,52
1,<environment.Job instance at 0x7fe75baa8b40>,17,24,[4 8],18,81,105,63,76
1,<environment.Job instance at 0x7fe75baa8aa0>,15,26,[6 1],16,76,102,60,76
1,<environment.Job instance at 0x7fe75baa8690>,20,2,[ 2 12],21,105,107,84,100
1,<environment.Job instance at 0x7fe75baba4b0>,22,24,[7 4],23,107,131,84,102
1,<environment.Job instance at 0x7fe75baba370>,28,19,[12  4],29,142,161,113,142
1,<environment.Job instance at 0x7fe75baba140>,31,25,[8 3],32,161,186,129,157
1,<environment.Job instance at 0x7fe75bb32cd0>,0,21,[5 3],1,1,22,0,1
1,<environment.Job instance at 0x7fe75b9d3be0>,7,21,[1 7],8,8,29,0,8
1,<environment.Job instance at 0x7fe75b9d3f50>,13,22,[ 5 13],14,29,51,15,26
1,<environment.Job instance at 0x7fe7a168b410>,15,27,[11  2],16,51,78,35,49
1,<environment.Job instance at 0x7fe75bbdbeb0>,19,22,[ 4 12],20,51,73,31,51
1,<environment.Job instance at 0x7fe75bbc5be0>,22,27,[10  1],23,78,105,55,76
1,<environment.Job instance at 0x7fe75b9d3640>,16,21,[5 6],17,78,99,61,76
1,<environment.Job instance at 0x7fe75bb1bb40>,25,27,[12  2],26,105,132,79,103
1,<environment.Job instance at 0x7fe75bb1bc80>,28,24,[1 9],29,103,127,74,103
1,<environment.Job instance at 0x7fe75bb1bbe0>,31,27,[ 1 14],32,132,159,100,130
1,<environment.Job instance at 0x7fe75bb1b8c0>,35,23,[3 6],36,159,182,123,153
1,<environment.Job instance at 0x7fe75bb1b0f0>,37,27,[7 1],38,154,181,116,154
1,<environment.Job instance at 0x7fe75bb1b460>,38,26,[ 3 10],39,182,208,143,179
1,<environment.Job instance at 0x7fe75bb1b870>,40,2,[10  3],41,181,183,140,179
1,<environment.Job instance at 0x7fe75bb1b780>,41,19,[10  3],42,183,202,141,179
1,<environment.Job instance at 0x7fe75bef6eb0>,0,19,[4 9],1,1,20,0,1
1,<environment.Job instance at 0x7fe75be76190>,5,19,[10  1],6,10,29,4,10
1,<environment.Job instance at 0x7fe75be76320>,7,3,[13  1],8,29,32,21,16
1,<environment.Job instance at 0x7fe75be76690>,11,28,[4 5],12,32,60,20,31
1,<environment.Job instance at 0x7fe75bb3c3c0>,4,20,[ 3 12],5,60,80,55,51
1,<environment.Job instance at 0x7fe75be76820>,14,26,[12  1],15,60,86,45,57
1,<environment.Job instance at 0x7fe75be76a50>,19,26,[7 1],20,86,112,66,83
1,<environment.Job instance at 0x7fe75be769b0>,20,22,[8 3],21,86,108,65,83
1,<environment.Job instance at 0x7fe75be76dc0>,24,21,[6 2],25,108,129,83,100
1,<environment.Job instance at 0x7fe75be76fa0>,26,27,[9 5],27,112,139,85,110
1,<environment.Job instance at 0x7fe75be765a0>,9,19,[13  1],10,139,158,129,133
1,<environment.Job instance at 0x7fe75be7d140>,29,23,[5 9],30,158,181,128,152
1,<environment.Job instance at 0x7fe7a18f7eb0>,1,27,[ 3 11],2,2,29,0,2
1,<environment.Job instance at 0x7fe7a18f7500>,4,21,[4 8],5,29,50,24,21
1,<environment.Job instance at 0x7fe75be7d2d0>,2,21,[ 3 13],3,50,71,47,42
1,<environment.Job instance at 0x7fe7a18f7b90>,12,20,[8 4],13,71,91,58,62
1,<environment.Job instance at 0x7fe7a18f7f50>,15,27,[1 6],16,71,98,55,69
1,<environment.Job instance at 0x7fe7a19b9cd0>,16,27,[8 5],17,91,118,74,89
1,<environment.Job instance at 0x7fe7a19b9d70>,18,26,[10  5],19,118,144,99,115
1,<environment.Job instance at 0x7fe7a1d6a9b0>,2,24,[7 5],3,3,27,0,3
1,<environment.Job instance at 0x7fe75bc43c30>,6,28,[4 9],7,7,35,0,7
1,<environment.Job instance at 0x7fe7a18484b0>,7,28,[ 5 11],8,35,63,27,34
1,<environment.Job instance at 0x7fe7a16d8e60>,3,22,[11  1],4,63,85,59,56
1,<environment.Job instance at 0x7fe75bd91820>,16,2,[4 9],17,78,80,61,78
1,<environment.Job instance at 0x7fe75bd911e0>,17,19,[14  2],18,103,122,85,103
1,<environment.Job instance at 0x7fe75bd300f0>,18,20,[ 5 12],19,122,142,103,113
1,<environment.Job instance at 0x7fe7a1f108c0>,3,23,[6 1],4,4,27,0,4
1,<environment.Job instance at 0x7fe7a17b2c30>,4,23,[ 5 10],5,5,28,0,5
1,<environment.Job instance at 0x7fe7a17b2eb0>,9,25,[12  3],10,28,53,18,24
1,<environment.Job instance at 0x7fe7a17e2190>,10,27,[ 4 11],11,53,80,42,51
1,<environment.Job instance at 0x7fe7a17b2fa0>,8,25,[ 1 14],9,80,105,71,79
1,<environment.Job instance at 0x7fe7a1f10230>,6,22,[ 1 14],7,105,127,98,103
1,<environment.Job instance at 0x7fe7a17e26e0>,19,23,[5 5],20,127,150,107,121
1,<environment.Job instance at 0x7fe7a17e2780>,20,3,[ 4 14],21,150,153,129,142
1,<environment.Job instance at 0x7fe7a17b2f00>,7,3,[11  2],8,154,157,146,154
1,<environment.Job instance at 0x7fe7a17e2960>,23,25,[4 7],24,154,179,130,154
1,<environment.Job instance at 0x7fe7a17e2aa0>,24,3,[11  5],25,157,160,132,156
1,<environment.Job instance at 0x7fe7a17e2be0>,25,3,[ 4 14],26,179,182,153,161
1,<environment.Job instance at 0x7fe7a216db90>,2,27,[4 8],3,3,30,0,3
1,<environment.Job instance at 0x7fe7a216d6e0>,5,24,[5 6],6,6,30,0,6
1,<environment.Job instance at 0x7fe75baac230>,9,23,[8 5],10,30,53,20,24
1,<environment.Job instance at 0x7fe75baacaa0>,14,28,[2 5],15,30,58,15,29
1,<environment.Job instance at 0x7fe75bb23640>,15,28,[ 2 14],16,58,86,42,57
1,<environment.Job instance at 0x7fe7a1e7f370>,16,22,[9 4],17,86,108,69,79
1,<environment.Job instance at 0x7fe75bb237d0>,18,24,[10  1],19,108,132,89,103
1,<environment.Job instance at 0x7fe75bb23c30>,20,27,[5 8],21,103,130,82,103
1,<environment.Job instance at 0x7fe75ba31190>,0,28,[13  2],1,1,29,0,1
1,<environment.Job instance at 0x7fe75ba31f00>,5,22,[ 4 10],6,29,51,23,22
1,<environment.Job instance at 0x7fe75ba31460>,6,28,[6 3],7,29,57,22,28
1,<environment.Job instance at 0x7fe75ba31d20>,10,24,[1 7],11,51,75,40,46
1,<environment.Job instance at 0x7fe75ba318c0>,11,27,[ 5 12],12,75,102,63,73
1,<environment.Job instance at 0x7fe75ba31550>,3,27,[3 6],4,102,129,98,100
1,<environment.Job instance at 0x7fe7a15da730>,1,20,[10  2],2,100,120,98,100
1,<environment.Job instance at 0x7fe7a1c49550>,16,21,[5 5],17,120,141,103,112
1,<environment.Job instance at 0x7fe7a1c49640>,18,23,[ 4 11],19,141,164,122,135
1,<environment.Job instance at 0x7fe7a1aef140>,26,25,[3 6],27,164,189,137,160
1,<environment.Job instance at 0x7fe75bcd5190>,27,1,[ 2 12],28,189,190,161,161
1,<environment.Job instance at 0x7fe7a6a7ad20>,1,26,[ 3 10],2,2,28,0,2
1,<environment.Job instance at 0x7fe7a22ed410>,4,28,[8 3],5,5,33,0,5
1,<environment.Job instance at 0x7fe7a22ed6e0>,9,25,[ 5 14],10,33,58,23,29
1,<environment.Job instance at 0x7fe75ba20910>,3,22,[ 3 12],4,58,80,54,54
1,<environment.Job instance at 0x7fe7a22ed9b0>,13,2,[ 3 12],14,80,82,66,79
1,<environment.Job instance at 0x7fe7a22edd70>,19,25,[4 6],20,82,107,62,79
1,<environment.Job instance at 0x7fe7a22ede10>,20,21,[ 5 11],21,107,128,86,99
1,<environment.Job instance at 0x7fe75bd7b280>,2,22,[4 8],3,3,25,0,3
1,<environment.Job instance at 0x7fe75bd7b640>,4,28,[ 4 13],5,25,53,20,24
1,<environment.Job instance at 0x7fe7a1651960>,9,21,[1 5],10,10,31,0,10
1,<environment.Job instance at 0x7fe7a1651730>,10,1,[5 2],11,11,12,0,11
1,<environment.Job instance at 0x7fe7a1651af0>,12,3,[ 3 11],13,31,34,18,28
1,<environment.Job instance at 0x7fe7a1651870>,16,22,[9 3],17,30,52,13,30
1,<environment.Job instance at 0x7fe7a1651dc0>,17,28,[1 5],18,34,62,16,33
1,<environment.Job instance at 0x7fe7a16510a0>,19,28,[8 5],20,52,80,32,51
1,<environment.Job instance at 0x7fe7a1651460>,21,21,[14  2],22,80,101,58,72
1,<environment.Job instance at 0x7fe7a2262280>,24,22,[7 5],25,101,123,76,94
1,<environment.Job instance at 0x7fe7a2262320>,25,21,[9 1],26,123,144,97,115
1,<environment.Job instance at 0x7fe7a2262c80>,26,28,[6 5],27,115,143,88,115
1,<environment.Job instance at 0x7fe7a2262e10>,29,20,[14  4],30,144,164,114,140
1,<environment.Job instance at 0x7fe7a2262640>,2,26,[7 1],3,3,29,0,3
1,<environment.Job instance at 0x7fe7a2262e10>,4,24,[7 2],5,5,29,0,5
1,<environment.Job instance at 0x7fe75ba31eb0>,5,24,[14  4],6,29,53,23,24
1,<environment.Job instance at 0x7fe75ba310f0>,7,25,[3 6],8,53,78,45,49
1,<environment.Job instance at 0x7fe75ba31550>,6,3,[12  5],7,53,56,46,52
1,<environment.Job instance at 0x7fe75ba39190>,13,28,[5 8],14,56,84,42,55
1,<environment.Job instance at 0x7fe75ba39e10>,18,1,[3 8],19,84,85,65,73
1,<environment.Job instance at 0x7fe75ba39eb0>,19,27,[1 7],20,78,105,58,76
1,<environment.Job instance at 0x7fe7a2022230>,2,25,[3 6],3,3,28,0,3
1,<environment.Job instance at 0x7fe7a2022690>,4,20,[7 2],5,5,25,0,5
1,<environment.Job instance at 0x7fe7a22dc6e0>,11,24,[14  5],12,28,52,16,23
1,<environment.Job instance at 0x7fe75b967e10>,7,20,[ 1 11],8,52,72,44,44
1,<environment.Job instance at 0x7fe7a198e2d0>,19,24,[5 3],20,52,76,32,47
1,<environment.Job instance at 0x7fe7a198edc0>,18,19,[11  1],19,76,95,57,72
1,<environment.Job instance at 0x7fe75bf93870>,26,24,[13  4],27,95,119,68,90
1,<environment.Job instance at 0x7fe75bf93a50>,28,25,[4 8],29,119,144,90,115
1,<environment.Job instance at 0x7fe75bf93dc0>,27,21,[ 1 12],28,144,165,116,136
1,<environment.Job instance at 0x7fe75bf93be0>,32,25,[5 8],33,165,190,132,161
1,<environment.Job instance at 0x7fe7a18b1a50>,0,23,[11  4],1,1,24,0,1
1,<environment.Job instance at 0x7fe7a20c1370>,12,2,[8 4],13,24,26,11,24
1,<environment.Job instance at 0x7fe7a20c1870>,13,19,[8 1],14,26,45,12,24
1,<environment.Job instance at 0x7fe75be34af0>,1,23,[ 4 13],2,2,25,0,2
1,<environment.Job instance at 0x7fe7a1760b40>,5,22,[14  3],6,25,47,19,18
1,<environment.Job instance at 0x7fe7a1e0ec80>,1,27,[ 2 13],2,2,29,0,2
1,<environment.Job instance at 0x7fe75b961280>,6,27,[ 4 11],7,29,56,22,27
1,<environment.Job instance at 0x7fe7a1968640>,8,24,[ 2 13],9,56,80,47,51
1,<environment.Job instance at 0x7fe7a206a5f0>,15,23,[ 1 10],16,80,103,64,74
1,<environment.Job instance at 0x7fe7a1f65f00>,17,24,[10  2],18,74,98,56,74
1,<environment.Job instance at 0x7fe75bef64b0>,19,21,[3 8],20,103,124,83,95
1,<environment.Job instance at 0x7fe7a23ab280>,4,19,[8 1],5,5,24,0,5
1,<environment.Job instance at 0x7fe75b907a00>,5,23,[ 3 11],6,6,29,0,6
1,<environment.Job instance at 0x7fe75b907a50>,8,21,[14  4],9,29,50,20,21
1,<environment.Job instance at 0x7fe75b907140>,14,28,[ 5 13],15,50,78,35,49
1,<environment.Job instance at 0x7fe7a19e1050>,19,23,[ 1 11],20,78,101,58,74
1,<environment.Job instance at 0x7fe7a19c0960>,0,20,[7 3],1,1,21,0,1
1,<environment.Job instance at 0x7fe7a1bd6eb0>,6,20,[9 3],7,21,41,14,12
1,<environment.Job instance at 0x7fe7a19950a0>,8,23,[5 6],9,12,35,3,12
1,<environment.Job instance at 0x7fe75b78c5f0>,9,23,[14  1],10,41,64,31,35
1,<environment.Job instance at 0x7fe7a1be4b90>,12,2,[ 4 13],13,64,66,51,60
1,<environment.Job instance at 0x7f2f1623f4b0>,3,22,[2 5],4,4,26,0,4
1,<environment.Job instance at 0x7f2f0edec500>,7,26,[9 3],8,8,34,0,8
1,<environment.Job instance at 0x7f2f0edec730>,9,23,[13  1],10,34,57,24,28
1,<environment.Job instance at 0x7f2f0edeca00>,14,21,[8 1],15,57,78,42,49
1,<environment.Job instance at 0x7f2f0edecb40>,16,28,[5 1],17,57,85,40,56
1,<environment.Job instance at 0x7f2f0edecd20>,19,23,[8 4],20,78,101,58,72
1,<environment.Job instance at 0x7f2f0edecd20>,3,26,[3 9],4,4,30,0,4
1,<environment.Job instance at 0x7f2f16223c80>,7,21,[2 7],8,30,51,22,22
1,<environment.Job instance at 0x7f2f16223460>,8,20,[4 9],9,51,71,42,42
1,<environment.Job instance at 0x7f2f16223780>,10,2,[11  3],11,64,66,53,64
1,<environment.Job instance at 0x7f2ecb190cd0>,2,24,[7 4],3,3,27,0,3
1,<environment.Job instance at 0x7f2ecb190050>,8,19,[12  4],9,27,46,18,26
1,<environment.Job instance at 0x7f2ecb190be0>,11,25,[8 3],12,46,71,34,42
1,<environment.Job instance at 0x7f2ecb1902d0>,0,2,[ 2 12],1,50,52,49,50
1,<environment.Job instance at 0x7f2ecb0f4280>,13,28,[ 3 11],14,52,80,38,51
1,<environment.Job instance at 0x7f2ecb0f4be0>,15,24,[2 7],16,80,104,64,75
1,<environment.Job instance at 0x7f2ecb0f4730>,18,27,[14  3],19,104,131,85,102
1,<environment.Job instance at 0x7f2ecb499c30>,1,27,[ 1 14],2,2,29,0,2
1,<environment.Job instance at 0x7f2ecb092e60>,7,27,[7 1],8,8,35,0,8
1,<environment.Job instance at 0x7f2ecb092640>,8,26,[ 3 10],9,29,55,20,26
1,<environment.Job instance at 0x7f2ecb092be0>,5,23,[3 6],6,55,78,49,49
1,<environment.Job instance at 0x7f2ecb092050>,3,2,[3 7],4,55,57,51,49
1,<environment.Job instance at 0x7f2ecb0925a0>,11,19,[10  3],12,57,76,45,49
1,<environment.Job instance at 0x7f2ecb092b90>,13,26,[7 3],14,76,102,62,73
1,<environment.Job instance at 0x7f2ecb092460>,14,24,[8 2],15,78,102,63,73
1,<environment.Job instance at 0x7f2f0ec4c320>,2,25,[10  1],3,3,28,0,3
1,<environment.Job instance at 0x7f2ecb4710a0>,9,2,[6 4],10,10,12,0,10
1,<environment.Job instance at 0x7f2ecb5128c0>,10,25,[10  4],11,12,37,1,11
1,<environment.Job instance at 0x7f2ecb5120f0>,12,27,[7 5],13,37,64,24,35
1,<environment.Job instance at 0x7f2ecb512e60>,14,25,[8 2],15,37,62,22,35
1,<environment.Job instance at 0x7f2ecb471410>,5,19,[12  5],6,64,83,58,54
1,<environment.Job instance at 0x7f2ecb512b90>,22,20,[ 1 13],23,83,103,60,75
1,<environment.Job instance at 0x7f2ecb51f870>,24,28,[ 3 10],25,103,131,78,102
1,<environment.Job instance at 0x7f2ecb51ff00>,25,25,[9 5],26,103,128,77,102
1,<environment.Job instance at 0x7f2ecb51f410>,31,21,[4 5],32,128,149,96,120
1,<environment.Job instance at 0x7f2ecb51f8c0>,32,21,[1 9],33,131,152,98,123
1,<environment.Job instance at 0x7f2ecb51fe10>,33,24,[7 4],34,149,173,115,144
1,<environment.Job instance at 0x7f2f16375f50>,3,27,[ 1 14],4,5,32,1,5
1,<environment.Job instance at 0x7f2ecb3c55f0>,8,27,[7 4],9,32,59,23,30
1,<environment.Job instance at 0x7f2f160eb0a0>,4,21,[3 9],5,33,54,28,33
1,<environment.Job instance at 0x7f2ecb3c5230>,14,26,[8 3],15,54,80,39,51
1,<environment.Job instance at 0x7f2ecb3c5190>,12,26,[14  5],13,80,106,67,77
1,<environment.Job instance at 0x7f2f157d6640>,22,24,[4 7],23,106,130,83,101
1,<environment.Job instance at 0x7f2ecb3c59b0>,7,22,[12  2],8,130,152,122,123
1,<environment.Job instance at 0x7f2f0f0a5230>,27,23,[ 4 12],28,152,175,124,146
1,<environment.Job instance at 0x7f2f0f0a5f00>,28,26,[ 4 14],29,175,201,146,172
1,<environment.Job instance at 0x7f2f15b23c30>,0,21,[6 3],1,1,22,0,1
1,<environment.Job instance at 0x7f2f0f0a5f00>,2,27,[2 9],3,3,30,0,3
1,<environment.Job instance at 0x7f2ecb025dc0>,7,23,[10  4],8,22,45,14,16
1,<environment.Job instance at 0x7f2ecb025cd0>,8,26,[2 7],9,30,56,21,27
1,<environment.Job instance at 0x7f2ecb025d20>,5,26,[ 5 11],6,56,82,50,53
1,<environment.Job instance at 0x7f2ecb0222d0>,12,26,[5 4],13,53,79,40,53
1,<environment.Job instance at 0x7f2ecb022370>,13,26,[ 1 10],14,82,108,68,79
1,<environment.Job instance at 0x7f2ecb0226e0>,16,21,[3 7],17,108,129,91,100
1,<environment.Job instance at 0x7f2ecb0227d0>,18,28,[14  3],19,129,157,110,128
1,<environment.Job instance at 0x7f2ecb022870>,19,20,[1 9],20,145,165,125,145
1,<environment.Job instance at 0x7f2ecb022e10>,27,22,[1 8],28,165,187,137,158
1,<environment.Job instance at 0x7f2ecb022fa0>,30,24,[8 5],31,168,192,137,168
1,<environment.Job instance at 0x7f2ecb022f00>,29,2,[ 4 11],30,192,194,162,176
1,<environment.Job instance at 0x7f2ecb015280>,34,23,[9 3],35,192,215,157,186
1,<environment.Job instance at 0x7f2ecb35b5a0>,0,21,[4 8],1,1,22,0,1
1,<environment.Job instance at 0x7f2ecb3455f0>,6,25,[ 5 10],7,22,47,15,18
1,<environment.Job instance at 0x7f2f15c3f5a0>,1,1,[ 5 11],2,4,5,2,4
1,<environment.Job instance at 0x7f2ecb35b1e0>,4,20,[1 9],5,5,25,0,5
1,<environment.Job instance at 0x7f2f0ed8f7d0>,9,26,[ 2 12],10,25,51,15,22
1,<environment.Job instance at 0x7f2f156df9b0>,12,24,[10  3],13,22,46,9,22
1,<environment.Job instance at 0x7f2f156dfd70>,11,1,[ 3 12],12,51,52,39,41
1,<environment.Job instance at 0x7f2f0ed62d20>,17,26,[5 5],18,52,78,34,49
1,<environment.Job instance at 0x7f2ecb48e820>,14,3,[11  1],15,78,81,63,52
1,<environment.Job instance at 0x7f2ecb1f4b40>,20,22,[10  5],21,81,103,60,74
1,<environment.Job instance at 0x7f2f0f0bafa0>,23,1,[10  4],24,75,76,51,75
1,<environment.Job instance at 0x7f2f156e9af0>,26,25,[9 4],27,103,128,76,99
1,<environment.Job instance at 0x7f2f156e9640>,27,26,[ 3 11],28,103,129,75,100
1,<environment.Job instance at 0x7f2ecb4aef50>,29,26,[12  4],30,128,154,98,125
1,<environment.Job instance at 0x7f2f0ee4b5f0>,31,26,[5 2],32,154,180,122,151
1,<environment.Job instance at 0x7f2f0ee4b730>,32,24,[9 3],33,154,178,121,151
1,<environment.Job instance at 0x7f2f0ee4b460>,33,26,[6 3],34,178,204,144,175
1,<environment.Job instance at 0x7f2f0f231be0>,3,22,[ 3 13],4,4,26,0,4
1,<environment.Job instance at 0x7f2f0ecb36e0>,8,28,[ 4 11],9,26,54,17,25
1,<environment.Job instance at 0x7f2f0ecb39b0>,10,20,[5 3],11,26,46,15,25
1,<environment.Job instance at 0x7f2f0ecb3aa0>,13,27,[10  1],14,46,73,32,44
1,<environment.Job instance at 0x7f2f0ecb3960>,11,19,[ 2 11],12,63,82,51,63
1,<environment.Job instance at 0x7f2f0ecb3c80>,16,25,[11  3],17,73,98,56,69
1,<environment.Job instance at 0x7f2f0ecb3dc0>,18,20,[5 9],19,98,118,79,89
1,<environment.Job instance at 0x7f2f0ecb3f00>,19,23,[6 5],20,98,121,78,92
1,<environment.Job instance at 0x7f2f0ecb3fa0>,20,1,[13  4],21,121,122,100,114
1,<environment.Job instance at 0x7f2f0ecbb0f0>,21,25,[13  3],22,122,147,100,118
1,<environment.Job instance at 0x7f2f0ecbb050>,22,26,[ 3 13],23,147,173,124,144
1,<environment.Job instance at 0x7f2f0ecbb140>,23,23,[2 7],24,173,196,149,167
1,<environment.Job instance at 0x7f2f0ecbb1e0>,24,19,[8 5],25,173,192,148,167
1,<environment.Job instance at 0x7f2f0ecbb6e0>,26,20,[ 4 13],27,196,216,169,187
1,<environment.Job instance at 0x7f2ecaf68280>,0,21,[2 6],1,1,22,0,1
1,<environment.Job instance at 0x7f2ecaf68b40>,9,28,[10  2],10,10,38,0,10
1,<environment.Job instance at 0x7f2ecaf68aa0>,11,20,[ 2 11],12,22,42,10,13
1,<environment.Job instance at 0x7f2ecaf68be0>,16,26,[5 5],17,42,68,25,40
1,<environment.Job instance at 0x7f2ecaf680f0>,17,28,[3 7],18,42,70,24,41
1,<environment.Job instance at 0x7f2ecb5a70a0>,19,23,[ 2 10],20,70,93,50,64
1,<environment.Job instance at 0x7f2ecaf68a00>,10,19,[ 2 12],11,110,129,99,110
1,<environment.Job instance at 0x7f2f0f0223c0>,0,23,[14  2],1,1,24,0,1
1,<environment.Job instance at 0x7f2f0f022fa0>,1,25,[5 3],2,24,49,22,20
1,<environment.Job instance at 0x7f2f163645f0>,3,1,[4 8],4,24,25,20,20
1,<environment.Job instance at 0x7f2f0ebbbf00>,9,23,[8 3],10,25,48,15,20
1,<environment.Job instance at 0x7f2f0ebbbbe0>,12,28,[8 4],13,48,76,35,47
1,<environment.Job instance at 0x7f2f0ebbb9b0>,14,2,[6 2],15,73,75,58,73
1,<environment.Job instance at 0x7f2f15df3e60>,0,19,[5 9],1,2,21,1,2
1,<environment.Job instance at 0x7f2f0ebbb050>,2,28,[4 7],3,21,49,18,20
1,<environment.Job instance at 0x7f2f0f27cd70>,3,19,[7 5],4,20,39,16,20
1,<environment.Job instance at 0x7f2f15707cd0>,14,2,[5 5],15,39,41,24,38
1,<environment.Job instance at 0x7f2f15707690>,16,18,[5 7],17,51,69,34,51
1,<environment.Job instance at 0x7f2f15707b90>,17,20,[2 6],18,51,71,33,51
1,<environment.Job instance at 0x7f2f15707460>,21,19,[ 3 11],22,71,90,49,67
1,<environment.Job instance at 0x7f2f15d32780>,0,26,[ 2 12],1,1,27,0,1
1,<environment.Job instance at 0x7f2f1565b6e0>,1,2,[13  2],2,15,17,13,15
1,<environment.Job instance at 0x7f2f0f1aee60>,8,20,[8 5],9,27,47,18,18
1,<environment.Job instance at 0x7f2f1567d0a0>,5,2,[ 5 10],6,6,8,0,6
1,<environment.Job instance at 0x7f2ecaf645a0>,6,22,[10  4],7,7,29,0,7
1,<environment.Job instance at 0x7f2ecaf646e0>,7,21,[2 6],8,8,29,0,8
1,<environment.Job instance at 0x7f2ecaf64c30>,8,24,[5 3],9,29,53,20,26
1,<environment.Job instance at 0x7f2ecaf64aa0>,9,27,[5 2],10,29,56,19,27
1,<environment.Job instance at 0x7f2f0eb63140>,17,25,[12  2],18,56,81,38,52
1,<environment.Job instance at 0x7f2ecae01460>,0,26,[ 3 10],1,1,27,0,1
1,<environment.Job instance at 0x7f2ecaf86230>,13,27,[5 4],14,36,63,22,36
1,<environment.Job instance at 0x7f2ecafa7460>,16,25,[8 5],17,45,70,28,45
1,<environment.Job instance at 0x7f2ecafa71e0>,17,20,[2 5],18,45,65,27,45
1,<environment.Job instance at 0x7f2ecaf7b1e0>,21,27,[ 2 13],22,70,97,48,68
1,<environment.Job instance at 0x7f2ecb2e5e60>,26,27,[ 4 11],27,97,124,70,95
1,<environment.Job instance at 0x7f2ecb211f50>,28,24,[ 2 13],29,124,148,95,120
1,<environment.Job instance at 0x7f2ecafb0aa0>,2,25,[ 5 12],3,3,28,0,3
1,<environment.Job instance at 0x7f2f0ec792d0>,9,24,[5 2],10,10,34,0,10
1,<environment.Job instance at 0x7f2f1611b410>,14,19,[8 1],15,28,47,13,24
1,<environment.Job instance at 0x7f2ecb77fd20>,15,23,[ 3 11],16,34,57,18,28
1,<environment.Job instance at 0x7f2ecadb8410>,0,20,[7 3],1,1,21,0,1
1,<environment.Job instance at 0x7f2ecb681d20>,4,2,[3 8],5,6,8,1,6
1,<environment.Job instance at 0x7f2ecb681460>,6,20,[9 3],7,21,41,14,12
1,<environment.Job instance at 0x7f2ecb6819b0>,8,23,[5 6],9,12,35,3,12
1,<environment.Job instance at 0x7f2ecb6813c0>,9,23,[14  1],10,41,64,31,35
1,<environment.Job instance at 0x7f2ecb681a50>,12,2,[ 4 13],13,64,66,51,47
1,<environment.Job instance at 0x7f2ecaff7be0>,1,27,[10  2],2,2,29,0,2
1,<environment.Job instance at 0x7f2ecae1feb0>,8,28,[ 2 10],9,9,37,0,9
1,<environment.Job instance at 0x7f2f16222820>,12,25,[1 7],13,37,62,24,33
1,<environment.Job instance at 0x7f2ecaef4b40>,13,20,[13  1],14,33,53,19,33
1,<environment.Job instance at 0x7f2ecaef45f0>,14,25,[14  4],15,53,78,38,49
1,<environment.Job instance at 0x7f2ecad5bf50>,21,23,[6 1],22,78,101,56,72
1,<environment.Job instance at 0x7fc5f8708960>,4,24,[ 3 11],5,5,29,0,5
1,<environment.Job instance at 0x7fc5f8708af0>,8,24,[ 2 10],9,29,53,20,24
1,<environment.Job instance at 0x7fc5f870c050>,14,21,[ 3 11],15,53,74,38,45
1,<environment.Job instance at 0x7fc5f97ae780>,6,28,[10  1],7,7,35,0,7
1,<environment.Job instance at 0x7fc5f97ae7d0>,7,22,[6 5],8,35,57,27,28
1,<environment.Job instance at 0x7fc5f97ae640>,12,24,[ 3 10],13,31,55,18,31
1,<environment.Job instance at 0x7fc5f86980f0>,14,20,[9 1],15,55,75,40,46
1,<environment.Job instance at 0x7fc5ae7945a0>,0,22,[2 8],1,1,23,0,1
1,<environment.Job instance at 0x7fc5ae7949b0>,9,27,[5 8],10,23,50,13,21
1,<environment.Job instance at 0x7fc5ae77b960>,14,28,[7 4],15,39,67,24,39
1,<environment.Job instance at 0x7fc5ae7e5870>,1,24,[12  2],2,2,26,0,2
1,<environment.Job instance at 0x7fc5ae831e60>,2,26,[ 3 11],3,3,29,0,3
1,<environment.Job instance at 0x7fc5aebb14b0>,8,24,[8 5],9,29,53,20,24
1,<environment.Job instance at 0x7fc5aebb1230>,7,1,[ 5 12],8,53,54,45,25
1,<environment.Job instance at 0x7fc5aebe1dc0>,13,20,[14  2],14,54,74,40,45
1,<environment.Job instance at 0x7fc5aeb0e960>,0,23,[5 8],1,1,24,0,1
1,<environment.Job instance at 0x7fc5aeb0efa0>,5,24,[12  1],6,24,48,18,21
1,<environment.Job instance at 0x7fc5aea635f0>,4,28,[3 8],5,24,52,19,23
1,<environment.Job instance at 0x7fc5aebe1be0>,1,21,[ 4 11],2,52,73,50,44
1,<environment.Job instance at 0x7fc5aeb1a910>,7,3,[8 3],8,20,23,12,20
1,<environment.Job instance at 0x7fc5aeb1a960>,11,2,[5 1],12,27,29,15,27
1,<environment.Job instance at 0x7fc5aeb1aaf0>,12,23,[1 7],13,27,50,14,27
1,<environment.Job instance at 0x7fc5aeb1a140>,15,2,[14  3],16,40,42,24,40
1,<environment.Job instance at 0x7fc5aecd6140>,0,1,[11  3],1,2,3,1,2
1,<environment.Job instance at 0x7fc5ae9115f0>,5,24,[8 2],6,6,30,0,6
1,<environment.Job instance at 0x7fc5f88b5870>,10,26,[4 7],11,11,37,0,11
1,<environment.Job instance at 0x7fc5aeb83aa0>,11,25,[10  5],12,30,55,18,26
1,<environment.Job instance at 0x7fc5f88b52d0>,8,22,[9 3],9,55,77,46,48
1,<environment.Job instance at 0x7fc5aeb83140>,16,20,[ 3 11],17,55,75,38,48
1,<environment.Job instance at 0x7fc5f84ba280>,0,24,[ 5 11],1,1,25,0,1
1,<environment.Job instance at 0x7fc5aeb83690>,2,27,[4 6],3,25,52,22,23
1,<environment.Job instance at 0x7fc5f92425a0>,3,26,[12  3],4,4,30,0,4
1,<environment.Job instance at 0x7fc5f8e93f50>,7,28,[1 9],8,8,36,0,8
1,<environment.Job instance at 0x7fc5f8e93050>,8,26,[7 3],9,30,56,21,27
1,<environment.Job instance at 0x7fc5f8bab5f0>,3,27,[ 3 14],4,4,31,0,4
1,<environment.Job instance at 0x7fc5f8bab190>,6,28,[5 2],7,31,59,24,30
1,<environment.Job instance at 0x7fc5f87ffa50>,0,21,[9 1],1,1,22,0,1
1,<environment.Job instance at 0x7fc5ae758be0>,3,24,[1 9],4,4,28,0,4
1,<environment.Job instance at 0x7fc5f8cf8870>,4,25,[ 3 10],5,28,53,23,24
1,<environment.Job instance at 0x7fc5f9294190>,10,28,[7 2],11,24,52,13,24
1,<environment.Job instance at 0x7fc5ae952730>,12,25,[5 7],13,53,78,40,49
1,<environment.Job instance at 0x7fc5f8af7550>,0,28,[9 5],1,1,29,0,1
1,<environment.Job instance at 0x7fc5ae952690>,2,26,[9 3],3,29,55,26,26
1,<environment.Job instance at 0x7fc5aedb2c80>,5,22,[ 1 13],6,55,77,49,48
1,<environment.Job instance at 0x7fc5aedc70a0>,0,26,[14  4],1,1,27,0,1
1,<environment.Job instance at 0x7fc5aecdd2d0>,4,24,[9 2],5,27,51,22,22
1,<environment.Job instance at 0x7fc5aecdd730>,7,27,[2 7],8,27,54,19,25
1,<environment.Job instance at 0x7fc5aecddf50>,10,22,[1 8],11,51,73,40,44
1,<environment.Job instance at 0x7fc5aeb97460>,2,20,[4 5],3,3,23,0,3
1,<environment.Job instance at 0x7fc5aeb970a0>,3,23,[6 5],4,4,27,0,4
1,<environment.Job instance at 0x7fc5aed3df00>,6,27,[4 6],7,23,50,16,21
1,<environment.Job instance at 0x7fc5f8c2ec80>,9,21,[9 2],10,27,48,17,21
1,<environment.Job instance at 0x7fc5f8c2ee60>,10,22,[ 3 12],11,50,72,39,43
1,<environment.Job instance at 0x7fc5aeb64fa0>,12,22,[9 1],13,48,70,35,43
1,<environment.Job instance at 0x7fc5aed3d0a0>,1,27,[9 3],2,2,29,0,2
1,<environment.Job instance at 0x7fc5f854a5a0>,4,2,[ 2 13],5,29,31,24,10
1,<environment.Job instance at 0x7fc5f84ac8c0>,9,25,[8 4],10,31,56,21,27
1,<environment.Job instance at 0x7fc5f8851b40>,0,25,[7 5],1,1,26,0,1
1,<environment.Job instance at 0x7fc5f885cb40>,1,21,[7 5],2,2,23,0,2
1,<environment.Job instance at 0x7fc5f885c500>,5,28,[8 5],6,23,51,17,22
1,<environment.Job instance at 0x7fc5f885c0f0>,7,23,[8 4],8,51,74,43,45
1,<environment.Job instance at 0x7fc5f85b5870>,1,26,[13  1],2,2,28,0,2
1,<environment.Job instance at 0x7fc5f8a3a280>,6,25,[3 9],7,28,53,21,24
1,<environment.Job instance at 0x7fc5f882b780>,15,19,[4 5],16,45,64,29,45
1,<environment.Job instance at 0x7fc5f87480a0>,0,21,[11  1],1,1,22,0,1
1,<environment.Job instance at 0x7fc5f882b5f0>,2,24,[8 3],3,22,46,19,17
1,<environment.Job instance at 0x7fc5f874c6e0>,4,23,[ 5 10],5,22,45,17,17
1,<environment.Job instance at 0x7fc5ae80b8c0>,5,25,[ 2 14],6,46,71,40,43
1,<environment.Job instance at 0x7fc5f8a0b460>,0,25,[14  5],1,1,26,0,1
1,<environment.Job instance at 0x7fc5f8a0b4b0>,2,28,[7 1],3,26,54,23,25
1,<environment.Job instance at 0x7fc5ae84f370>,6,26,[3 8],7,26,52,19,25
1,<environment.Job instance at 0x7fc5f87cfaa0>,3,20,[ 1 10],4,5,25,1,5
1,<environment.Job instance at 0x7fc5f87cf280>,5,25,[5 3],6,6,31,0,6
1,<environment.Job instance at 0x7fc5f9437a50>,10,27,[ 2 10],11,25,52,14,23
1,<environment.Job instance at 0x7fa306c42960>,4,24,[ 3 11],5,5,29,0,5
1,<environment.Job instance at 0x7fa306c42d70>,8,24,[ 2 10],9,29,53,20,24
1,<environment.Job instance at 0x7fa306c46050>,14,21,[ 3 11],15,53,74,38,45
1,<environment.Job instance at 0x7fa30e1ccf50>,2,24,[ 3 10],3,3,27,0,3
1,<environment.Job instance at 0x7fa306c461e0>,4,20,[9 1],5,9,29,4,9
1,<environment.Job instance at 0x7fa30e1c4910>,10,22,[5 6],11,27,49,16,20
1,<environment.Job instance at 0x7fa30e1c4550>,9,26,[5 4],10,29,55,19,26
1,<environment.Job instance at 0x7fa30e1c7c30>,13,27,[8 2],14,49,76,35,47
1,<environment.Job instance at 0x7fa30e1c41e0>,8,25,[ 2 12],9,55,80,46,51
1,<environment.Job instance at 0x7fa306c4fe10>,1,21,[2 7],2,2,23,0,2
1,<environment.Job instance at 0x7fa30e1c7730>,3,24,[5 6],4,4,28,0,4
1,<environment.Job instance at 0x7fa2c2f51370>,6,22,[10  1],7,23,45,16,16
1,<environment.Job instance at 0x7fa2c2f519b0>,9,3,[14  4],10,45,48,35,23
1,<environment.Job instance at 0x7fa2c300d410>,12,23,[ 1 14],13,48,71,35,42
1,<environment.Job instance at 0x7fa2c2ef11e0>,5,19,[5 1],6,7,26,1,7
1,<environment.Job instance at 0x7fa2c2ef1d20>,3,23,[ 2 14],4,7,30,3,7
1,<environment.Job instance at 0x7fa2c2ef1460>,8,28,[4 7],9,30,58,21,29
1,<environment.Job instance at 0x7fa2c2ef1050>,9,26,[3 6],10,30,56,20,29
1,<environment.Job instance at 0x7fa30e04faf0>,14,2,[ 1 11],15,58,60,43,48
1,<environment.Job instance at 0x7fa2c33f9a00>,0,24,[11  3],1,1,25,0,1
1,<environment.Job instance at 0x7fa2c33f9960>,4,28,[13  3],5,25,53,20,24
1,<environment.Job instance at 0x7fa30e04f5a0>,1,22,[5 8],2,53,75,51,46
1,<environment.Job instance at 0x7fa2c3336550>,0,1,[11  3],1,2,3,1,2
1,<environment.Job instance at 0x7fa309336d20>,3,1,[10  2],4,4,5,0,4
1,<environment.Job instance at 0x7fa3093361e0>,5,24,[8 2],6,6,30,0,6
1,<environment.Job instance at 0x7fa30945e280>,10,26,[4 7],11,11,37,0,11
1,<environment.Job instance at 0x7fa306ed40f0>,11,25,[10  5],12,30,55,18,26
1,<environment.Job instance at 0x7fa30945ee60>,8,22,[9 3],9,55,77,46,48
1,<environment.Job instance at 0x7fa306ed48c0>,16,20,[ 3 11],17,55,75,38,48
1,<environment.Job instance at 0x7fa306a730f0>,2,22,[1 6],3,3,25,0,3
1,<environment.Job instance at 0x7fa306a731e0>,3,27,[5 1],4,4,31,0,4
1,<environment.Job instance at 0x7fa2c323bcd0>,4,25,[10  4],5,25,50,20,21
1,<environment.Job instance at 0x7fa2c2ef16e0>,5,26,[5 4],6,31,57,25,28
1,<environment.Job instance at 0x7fa30945ed70>,10,26,[ 2 11],11,50,76,39,47
1,<environment.Job instance at 0x7fa3091cca00>,1,20,[7 4],2,2,22,0,2
1,<environment.Job instance at 0x7fa2c33f2730>,2,23,[2 8],3,3,26,0,3
1,<environment.Job instance at 0x7fa3093197d0>,8,25,[6 1],9,9,34,0,9
1,<environment.Job instance at 0x7fa3092655a0>,0,21,[5 6],1,1,22,0,1
1,<environment.Job instance at 0x7fa309265870>,3,23,[10  3],4,4,27,0,4
1,<environment.Job instance at 0x7fa309265e60>,4,24,[4 8],5,23,47,18,23
1,<environment.Job instance at 0x7fa309265aa0>,5,26,[14  5],6,47,73,41,44
1,<environment.Job instance at 0x7fa2c3256c30>,3,21,[4 9],4,4,25,0,4
1,<environment.Job instance at 0x7fa2c32762d0>,10,28,[9 5],11,11,39,0,11
1,<environment.Job instance at 0x7fa2c3276b40>,12,26,[9 3],13,39,65,26,36
1,<environment.Job instance at 0x7fa2c32761e0>,15,22,[ 1 13],16,65,87,49,58
1,<environment.Job instance at 0x7fa306b114b0>,0,26,[14  4],1,1,27,0,1
1,<environment.Job instance at 0x7fa306b11e60>,4,24,[9 2],5,27,51,22,22
1,<environment.Job instance at 0x7fa2c32a56e0>,7,27,[2 7],8,27,54,19,25
1,<environment.Job instance at 0x7fa306b11690>,10,22,[1 8],11,51,73,40,44
1,<environment.Job instance at 0x7fa306bc66e0>,0,22,[ 3 12],1,1,23,0,1
1,<environment.Job instance at 0x7fa306b11690>,2,22,[9 1],3,3,25,0,3
1,<environment.Job instance at 0x7fa2c306c500>,8,22,[8 4],9,25,47,16,18
1,<environment.Job instance at 0x7fa2c306c7d0>,11,22,[7 5],12,25,47,13,21
1,<environment.Job instance at 0x7fa2c306ca50>,15,24,[1 6],16,47,71,31,42
1,<environment.Job instance at 0x7fa2c306ccd0>,18,18,[1 9],19,53,71,34,53
1,<environment.Job instance at 0x7fa2c306c820>,2,26,[1 6],3,3,29,0,3
1,<environment.Job instance at 0x7fa2c2e94a00>,3,23,[5 5],4,4,27,0,4
1,<environment.Job instance at 0x7fa2c339d410>,11,22,[5 4],12,12,34,0,12
1,<environment.Job instance at 0x7fa2c339d550>,12,26,[10  5],13,29,55,16,26
1,<environment.Job instance at 0x7fa2c2cd0a00>,13,27,[10  3],14,55,82,41,53
1,<environment.Job instance at 0x7fa2c311e320>,15,28,[1 7],16,53,81,37,53
1,<environment.Job instance at 0x7fa306bf90a0>,1,27,[ 2 11],2,2,29,0,2
1,<environment.Job instance at 0x7fa306a1fdc0>,6,26,[9 2],7,7,33,0,7
1,<environment.Job instance at 0x7fa3097505f0>,12,23,[ 3 10],13,29,52,16,23
1,<environment.Job instance at 0x7fa3097509b0>,14,25,[1 6],15,52,77,37,48
1,<environment.Job instance at 0x7fa309750960>,16,24,[1 9],17,52,76,35,48
1,<environment.Job instance at 0x7fa306e81550>,2,28,[3 8],3,3,31,0,3
1,<environment.Job instance at 0x7fa306a2aeb0>,10,21,[11  1],11,11,32,0,11
1,<environment.Job instance at 0x7fa2c2d22050>,12,24,[8 3],13,32,56,19,27
1,<environment.Job instance at 0x7fa2c2d222d0>,14,23,[ 5 10],15,32,55,17,27
1,<environment.Job instance at 0x7fa2c2d22320>,15,25,[ 2 14],16,56,81,40,52
1,<environment.Job instance at 0x7fa2c2d12aa0>,0,25,[14  5],1,1,26,0,1
1,<environment.Job instance at 0x7fa2c2d22320>,2,28,[7 1],3,26,54,23,25
1,<environment.Job instance at 0x7fa30968b7d0>,6,26,[3 8],7,26,52,19,25
1,<environment.Job instance at 0x7fa30968beb0>,7,26,[10  5],8,54,80,46,51
1,<environment.Job instance at 0x7fa2c3475b90>,0,27,[ 2 10],1,1,28,0,1
1,<environment.Job instance at 0x7fa306a24820>,5,28,[ 2 14],6,28,56,22,27
1,<environment.Job instance at 0x7fa2c2d2f6e0>,7,22,[8 3],8,56,78,48,49
1,<environment.Job instance at 0x7fa306a75370>,9,21,[ 1 11],10,56,77,46,49
1,<environment.Job instance at 0x7fa2c35791e0>,1,23,[1 8],2,2,25,0,2
1,<environment.Job instance at 0x7fa3092ed230>,2,28,[ 2 10],3,25,53,22,24
1,<environment.Job instance at 0x7fa306a786e0>,6,21,[ 2 10],7,53,74,46,45
1,<environment.Job instance at 0x7fa309366870>,9,21,[13  5],10,45,66,35,45
1,<environment.Job instance at 0x7fa30921b500>,8,21,[8 1],9,9,30,0,9
1,<environment.Job instance at 0x7fa30921b7d0>,10,21,[9 1],11,30,51,19,22
1,<environment.Job instance at 0x7fa30921b1e0>,12,28,[9 4],13,51,79,38,50
1,<environment.Job instance at 0x7fa3095928c0>,2,25,[10  5],3,3,28,0,3
1,<environment.Job instance at 0x7fa30982aaa0>,6,28,[4 6],7,7,35,0,7
1,<environment.Job instance at 0x7fa306a43e60>,7,26,[2 6],8,28,54,20,25
1,<environment.Job instance at 0x7fa30982a780>,8,20,[9 3],9,28,48,19,25
1,<environment.Job instance at 0x7fa3097705a0>,15,1,[ 1 13],16,54,55,38,45
1,<environment.Job instance at 0x7fa2c2ec4a00>,16,26,[8 2],17,48,74,31,45
1,<environment.Job instance at 0x7fa30945e050>,17,26,[5 7],18,55,81,37,52
1,<environment.Job instance at 0x7f7877cfc050>,4,24,[ 3 11],5,5,29,0,5
1,<environment.Job instance at 0x7f78708ed690>,8,24,[ 2 10],9,29,53,20,24
1,<environment.Job instance at 0x7f78708ed6e0>,11,1,[8 4],12,25,26,13,25
1,<environment.Job instance at 0x7f78708ed8c0>,14,21,[ 3 11],15,53,74,38,45
1,<environment.Job instance at 0x7f78708edbe0>,19,21,[8 5],20,74,95,54,66
1,<environment.Job instance at 0x7f78709b36e0>,0,22,[5 6],1,1,23,0,1
1,<environment.Job instance at 0x7f7877e630a0>,3,27,[8 2],4,4,31,0,4
1,<environment.Job instance at 0x7f7877e63960>,7,19,[8 1],8,31,50,23,23
1,<environment.Job instance at 0x7f7877e6c820>,14,21,[ 1 10],15,23,44,8,23
1,<environment.Job instance at 0x7f7877e70690>,5,19,[1 5],6,6,25,0,6
1,<environment.Job instance at 0x7f782cc2a960>,6,25,[5 4],7,7,32,0,7
1,<environment.Job instance at 0x7f782cc2a2d0>,8,28,[7 1],9,9,37,0,9
1,<environment.Job instance at 0x7f782cc2a8c0>,11,24,[12  2],12,37,61,25,32
1,<environment.Job instance at 0x7f782cc2a140>,12,26,[ 3 11],13,32,58,19,32
1,<environment.Job instance at 0x7f782cbe1960>,17,1,[ 5 12],18,61,62,43,56
1,<environment.Job instance at 0x7f782cbe1410>,18,24,[8 5],19,62,86,43,57
1,<environment.Job instance at 0x7f782ccc5550>,1,27,[6 5],2,2,29,0,2
1,<environment.Job instance at 0x7f782ccc5aa0>,3,2,[11  2],4,29,31,25,10
1,<environment.Job instance at 0x7f782d0abe10>,6,28,[14  3],7,7,35,0,7
1,<environment.Job instance at 0x7f782cfd12d0>,7,24,[ 4 11],8,35,59,27,30
1,<environment.Job instance at 0x7f782d03eaf0>,2,1,[ 5 14],3,59,60,56,54
1,<environment.Job instance at 0x7f782cfd1050>,8,3,[11  1],9,60,63,51,58
1,<environment.Job instance at 0x7f782cfd19b0>,11,22,[ 1 10],12,60,82,48,58
1,<environment.Job instance at 0x7f782cfdd5a0>,0,24,[ 5 11],1,1,25,0,1
1,<environment.Job instance at 0x7f782cfe2050>,2,27,[4 6],3,25,52,22,23
1,<environment.Job instance at 0x7f782cee4d70>,1,20,[7 4],2,2,22,0,2
1,<environment.Job instance at 0x7f787772f460>,2,23,[2 8],3,3,26,0,3
1,<environment.Job instance at 0x7f782cee47d0>,8,25,[6 1],9,9,34,0,9
1,<environment.Job instance at 0x7f7870b36e60>,1,22,[6 4],2,2,24,0,2
1,<environment.Job instance at 0x7f782cd76f00>,2,28,[12  4],3,24,52,21,23
1,<environment.Job instance at 0x7f78707650f0>,7,28,[7 5],8,52,80,44,51
1,<environment.Job instance at 0x7f782cf08eb0>,3,1,[11  1],4,80,81,76,52
1,<environment.Job instance at 0x7f787744cd70>,2,27,[14  3],3,3,30,0,3
1,<environment.Job instance at 0x7f787744c820>,5,25,[4 9],6,30,55,24,26
1,<environment.Job instance at 0x7f78706a9820>,15,28,[5 5],16,43,71,27,43
1,<environment.Job instance at 0x7f787080b410>,3,21,[10  4],4,4,25,0,4
1,<environment.Job instance at 0x7f787077f0f0>,15,2,[2 9],16,21,23,5,21
1,<environment.Job instance at 0x7f787077fe10>,16,2,[13  3],17,26,28,9,26
1,<environment.Job instance at 0x7f7870dbdb40>,17,1,[8 1],18,28,29,10,26
1,<environment.Job instance at 0x7f78708d6230>,22,20,[4 5],23,68,88,45,68
1,<environment.Job instance at 0x7f782ce8a190>,23,23,[6 5],24,68,91,44,68
1,<environment.Job instance at 0x7f782c97ec80>,1,27,[9 3],2,2,29,0,2
1,<environment.Job instance at 0x7f787728e0f0>,4,2,[ 2 13],5,29,31,24,8
1,<environment.Job instance at 0x7f78771ac550>,5,26,[ 3 14],6,31,57,25,28
1,<environment.Job instance at 0x7f78706a9320>,9,25,[8 4],10,57,82,47,53
1,<environment.Job instance at 0x7f78774580f0>,15,3,[14  5],16,82,85,66,58
1,<environment.Job instance at 0x7f782cee4550>,2,24,[9 5],3,3,27,0,3
1,<environment.Job instance at 0x7f782cda8a00>,11,27,[ 2 11],12,27,54,15,25
1,<environment.Job instance at 0x7f78772236e0>,1,19,[ 4 11],2,54,73,52,44
1,<environment.Job instance at 0x7f782cd95190>,16,26,[9 2],17,46,72,29,46
1,<environment.Job instance at 0x7f782d280550>,2,28,[3 8],3,3,31,0,3
1,<environment.Job instance at 0x7f782d281d70>,10,21,[11  1],11,13,34,2,13
1,<environment.Job instance at 0x7f782cb175a0>,12,24,[8 3],13,34,58,21,29
1,<environment.Job instance at 0x7f782cb17af0>,14,23,[ 5 10],15,34,57,19,30
1,<environment.Job instance at 0x7f782cb17dc0>,15,25,[ 2 14],16,58,83,42,54
1,<environment.Job instance at 0x7f782cb01690>,0,24,[1 6],1,1,25,0,1
1,<environment.Job instance at 0x7f782cb17dc0>,2,24,[5 8],3,3,27,0,3
1,<environment.Job instance at 0x7f7870959af0>,7,21,[4 9],8,27,48,19,19
1,<environment.Job instance at 0x7f782cb01e10>,4,22,[7 2],5,25,47,20,22
1,<environment.Job instance at 0x7f7870959c30>,11,23,[8 4],12,47,70,35,41
1,<environment.Job instance at 0x7f7870959fa0>,13,20,[5 7],14,48,68,34,41
1,<environment.Job instance at 0x7f7870959640>,9,21,[ 4 11],10,68,89,58,60
1,<environment.Job instance at 0x7f7870959960>,19,25,[8 3],20,70,95,50,66
1,<environment.Job instance at 0x7f78771f25f0>,4,26,[ 4 10],5,5,31,0,5
1,<environment.Job instance at 0x7f7870976a00>,8,25,[5 5],9,9,34,0,9
1,<environment.Job instance at 0x7f7870976aa0>,9,26,[2 9],10,31,57,21,28
1,<environment.Job instance at 0x7f7870976c80>,10,22,[5 3],11,34,56,23,28
1,<environment.Job instance at 0x7f7870976dc0>,12,27,[10  3],13,56,83,43,54
1,<environment.Job instance at 0x7f7870976e60>,13,1,[ 1 11],14,67,68,53,67
1,<environment.Job instance at 0x7f7870976fa0>,15,22,[ 2 11],16,68,90,52,67
1,<environment.Job instance at 0x7f7870993280>,0,25,[5 8],1,1,26,0,1
1,<environment.Job instance at 0x7f78709fe780>,8,24,[11  3],9,26,50,17,21
1,<environment.Job instance at 0x7f7870882aa0>,12,25,[1 8],13,31,56,18,31
1,<environment.Job instance at 0x7f78709fe960>,10,26,[ 1 12],11,56,82,45,53
1,<environment.Job instance at 0x7f7870774f00>,1,23,[3 6],2,2,25,0,2
1,<environment.Job instance at 0x7f78707744b0>,4,23,[2 6],5,5,28,0,5
1,<environment.Job instance at 0x7f782ca02a50>,8,24,[9 2],9,9,33,0,9
1,<environment.Job instance at 0x7f7870774780>,7,22,[6 5],8,28,50,20,21
1,<environment.Job instance at 0x7f782ca76d20>,13,2,[12  2],14,50,52,36,30
1,<environment.Job instance at 0x7f782caf8230>,2,28,[13  5],3,3,31,0,3
1,<environment.Job instance at 0x7f782cf1df50>,3,27,[6 1],4,31,58,27,29
1,<environment.Job instance at 0x7f7870be4cd0>,7,19,[ 5 10],8,31,50,23,29
1,<environment.Job instance at 0x7f782caa60f0>,9,24,[14  3],10,58,82,48,53
1,<environment.Job instance at 0x7f78709f3410>,2,25,[8 5],3,3,28,0,3
1,<environment.Job instance at 0x7f782d036f00>,4,24,[13  5],5,28,52,23,23
1,<environment.Job instance at 0x7f78709f3fa0>,3,2,[14  3],4,52,54,48,27
1,<environment.Job instance at 0x7f782d0362d0>,8,27,[ 3 10],9,54,81,45,52
1,<environment.Job instance at 0x7f782d036320>,9,19,[8 3],10,55,74,45,55
1,<environment.Job instance at 0x7f782cb744b0>,9,3,[2 7],10,10,13,0,10
1,<environment.Job instance at 0x7f7870bc7820>,11,21,[10  5],12,23,44,11,23
1,<environment.Job instance at 0x7f782cb74370>,16,28,[ 1 14],17,59,87,42,59
1,<environment.Job instance at 0x7fce5ec06280>,4,24,[ 3 11],5,5,29,0,5
1,<environment.Job instance at 0x7fce6605a4b0>,6,19,[1 7],7,29,48,22,19
1,<environment.Job instance at 0x7fce5ec06550>,8,24,[ 2 10],9,48,72,39,43
1,<environment.Job instance at 0x7fce5ec06780>,11,1,[8 4],12,43,44,31,43
1,<environment.Job instance at 0x7fce5ec06960>,14,21,[ 3 11],15,72,93,57,64
1,<environment.Job instance at 0x7fce6617d0f0>,0,19,[8 4],1,1,20,0,1
1,<environment.Job instance at 0x7fce6617dfa0>,4,21,[ 1 10],5,5,26,0,5
1,<environment.Job instance at 0x7fce6603e410>,3,20,[14  2],4,24,44,20,24
1,<environment.Job instance at 0x7fce1afa20f0>,0,24,[11  3],1,1,25,0,1
1,<environment.Job instance at 0x7fce1af07f50>,4,28,[13  3],5,25,53,20,24
1,<environment.Job instance at 0x7fce1afa23c0>,1,22,[5 8],2,53,75,51,46
1,<environment.Job instance at 0x7fce1af07b90>,8,24,[ 5 11],9,75,99,66,70
1,<environment.Job instance at 0x7fce1af072d0>,9,21,[6 4],10,70,91,60,70
1,<environment.Job instance at 0x7fce1afa6640>,1,25,[5 1],2,2,27,0,2
1,<environment.Job instance at 0x7fce1b2ff780>,5,24,[9 3],6,6,30,0,6
1,<environment.Job instance at 0x7fce1b2ff730>,8,24,[ 2 13],9,30,54,21,25
1,<environment.Job instance at 0x7fce1b2ffaf0>,9,3,[ 2 14],10,54,57,44,31
1,<environment.Job instance at 0x7fce1b2ffcd0>,12,22,[4 8],13,57,79,44,50
1,<environment.Job instance at 0x7fce1b2ffe60>,15,24,[6 1],16,51,75,35,51
1,<environment.Job instance at 0x7fce1b2fffa0>,18,19,[ 5 13],19,79,98,60,70
1,<environment.Job instance at 0x7fce1b2eb690>,3,26,[12  3],4,4,30,0,4
1,<environment.Job instance at 0x7fce1b29c0a0>,7,28,[1 9],8,8,36,0,8
1,<environment.Job instance at 0x7fce1aea16e0>,18,25,[9 1],19,59,84,40,59
1,<environment.Job instance at 0x7fce1aea1d70>,21,20,[7 4],22,84,104,62,75
1,<environment.Job instance at 0x7fce1aea1f00>,22,23,[2 8],23,75,98,52,75
1,<environment.Job instance at 0x7fce613a8e60>,0,21,[5 6],1,1,22,0,1
1,<environment.Job instance at 0x7fce6168e910>,3,23,[10  3],4,4,27,0,4
1,<environment.Job instance at 0x7fce5ec706e0>,5,26,[14  5],6,27,53,21,24
1,<environment.Job instance at 0x7fce1b1d2eb0>,4,24,[4 8],5,53,77,48,48
1,<environment.Job instance at 0x7fce1b09b500>,6,1,[8 1],7,53,54,46,48
1,<environment.Job instance at 0x7fce617a0d70>,11,22,[6 4],12,54,76,42,48
1,<environment.Job instance at 0x7fce617a0c80>,12,28,[12  4],13,77,105,64,76
1,<environment.Job instance at 0x7fce617a0910>,2,27,[14  3],3,3,30,0,3
1,<environment.Job instance at 0x7fce1b10caf0>,5,25,[4 9],6,30,55,24,26
1,<environment.Job instance at 0x7fce1adb43c0>,15,28,[5 5],16,40,68,24,40
1,<environment.Job instance at 0x7fce1b10a230>,16,19,[ 1 12],17,68,87,51,58
1,<environment.Job instance at 0x7fce1b10a550>,17,24,[10  2],18,58,82,40,58
1,<environment.Job instance at 0x7fce1b4a2a00>,18,2,[ 4 13],19,87,89,68,78
1,<environment.Job instance at 0x7fce5ea52fa0>,19,19,[ 5 10],20,89,108,69,79
1,<environment.Job instance at 0x7fce6178b0f0>,6,2,[13  3],7,14,16,7,14
1,<environment.Job instance at 0x7fce5ecd7aa0>,12,20,[4 5],13,17,37,4,17
1,<environment.Job instance at 0x7fce5ecd7910>,13,23,[6 5],14,17,40,3,17
1,<environment.Job instance at 0x7fce5ef22910>,16,27,[4 6],17,37,64,20,37
1,<environment.Job instance at 0x7fce5ef22780>,17,1,[4 9],18,40,41,22,37
1,<environment.Job instance at 0x7fce5ef22c30>,15,2,[ 5 13],16,64,66,48,39
1,<environment.Job instance at 0x7fce5ef22190>,19,21,[9 2],20,41,62,21,39
1,<environment.Job instance at 0x7fce1b10bb40>,20,22,[ 3 12],21,66,88,45,59
1,<environment.Job instance at 0x7fce1b10baf0>,22,22,[9 1],23,62,84,39,59
1,<environment.Job instance at 0x7fce1af5fb90>,2,26,[1 6],3,3,29,0,3
1,<environment.Job instance at 0x7fce616b35f0>,3,23,[5 5],4,4,27,0,4
1,<environment.Job instance at 0x7fce1b1b35a0>,11,22,[5 4],12,12,34,0,12
1,<environment.Job instance at 0x7fce5eb4a8c0>,12,26,[10  5],13,29,55,16,26
1,<environment.Job instance at 0x7fce61260e60>,13,27,[10  3],14,55,82,41,53
1,<environment.Job instance at 0x7fce5f033c30>,15,28,[1 7],16,53,81,37,53
1,<environment.Job instance at 0x7fce5efe1b90>,16,25,[6 4],17,82,107,65,78
1,<environment.Job instance at 0x7fce1ad545a0>,20,26,[3 6],21,81,107,60,78
1,<environment.Job instance at 0x7fce5eec0b40>,1,26,[13  1],2,2,28,0,2
1,<environment.Job instance at 0x7fce5ed52460>,6,25,[3 9],7,28,53,21,24
1,<environment.Job instance at 0x7fce1b4a2460>,15,19,[4 5],16,48,67,32,48
1,<environment.Job instance at 0x7fce1b4a23c0>,20,1,[5 8],21,70,71,49,70
1,<environment.Job instance at 0x7fce6159cfa0>,5,21,[10  5],6,6,27,0,6
1,<environment.Job instance at 0x7fce6159cf00>,7,26,[5 5],8,8,34,0,8
1,<environment.Job instance at 0x7fce6157c190>,9,23,[7 1],10,27,50,17,21
1,<environment.Job instance at 0x7fce6157c5f0>,12,25,[6 3],13,34,59,21,30
1,<environment.Job instance at 0x7fce6157c5a0>,13,23,[7 4],14,50,73,36,44
1,<environment.Job instance at 0x7fce6157c780>,16,28,[5 4],17,59,87,42,58
1,<environment.Job instance at 0x7fce6157c820>,17,2,[3 8],18,73,75,55,58
1,<environment.Job instance at 0x7fce6157c8c0>,18,27,[6 3],19,73,100,54,71
1,<environment.Job instance at 0x7fce6157c960>,19,2,[14  3],20,100,102,80,75
1,<environment.Job instance at 0x7fce6172eaf0>,0,27,[ 2 10],1,1,28,0,1
1,<environment.Job instance at 0x7fce6172eb40>,5,28,[ 2 14],6,28,56,22,27
1,<environment.Job instance at 0x7fce6172e1e0>,7,22,[8 3],8,56,78,48,49
1,<environment.Job instance at 0x7fce6172e6e0>,9,21,[ 1 11],10,56,77,46,52
1,<environment.Job instance at 0x7fce6141ac30>,13,21,[8 3],14,78,99,64,70
1,<environment.Job instance at 0x7fce6141aeb0>,15,26,[2 9],16,77,103,61,77
1,<environment.Job instance at 0x7fce5e970910>,3,26,[ 2 11],4,4,30,0,4
1,<environment.Job instance at 0x7fce6138e1e0>,1,23,[3 6],2,2,25,0,2
1,<environment.Job instance at 0x7fce5eaf1cd0>,4,23,[2 6],5,5,28,0,5
1,<environment.Job instance at 0x7fce5eaf1690>,8,24,[9 2],9,17,41,8,17
1,<environment.Job instance at 0x7fce5eaf16e0>,7,22,[6 5],8,28,50,20,21
1,<environment.Job instance at 0x7fce5eb04550>,13,2,[12  2],14,50,52,36,41
1,<environment.Job instance at 0x7fce5eb12fa0>,1,24,[10  2],2,2,26,0,2
1,<environment.Job instance at 0x7fce615159b0>,7,21,[12  1],8,34,55,26,34
1,<environment.Job instance at 0x7fce5ecb91e0>,3,3,[ 2 14],4,66,69,62,66
1,<environment.Job instance at 0x7fce61515190>,9,26,[1 9],10,69,95,59,66
1,<environment.Job instance at 0x7fce61515d20>,12,26,[13  5],13,69,95,56,67
1,<environment.Job instance at 0x7fce5ec87e10>,0,19,[6 4],1,1,20,0,1
1,<environment.Job instance at 0x7fce6133ad70>,8,22,[6 4],9,9,31,0,9
1,<environment.Job instance at 0x7fce1b3f0230>,12,23,[12  3],13,31,54,18,25
1,<environment.Job instance at 0x7fce6176ae60>,13,28,[4 7],14,54,82,40,53
1,<environment.Job instance at 0x7fce1afe9820>,17,24,[1 7],18,54,78,36,54
1,<environment.Job instance at 0x7fce1afe9320>,21,23,[13  4],22,82,105,60,76
1,<environment.Job instance at 0x7fce5eb9c460>,23,26,[1 9],24,82,108,58,79
1,<environment.Job instance at 0x7fce1ad895a0>,1,27,[3 9],2,2,29,0,2
1,<environment.Job instance at 0x7fce1b1075f0>,2,28,[3 8],3,29,57,26,28
1,<environment.Job instance at 0x7fce5ec3d140>,3,23,[ 5 10],4,57,80,53,51
1,<environment.Job instance at 0x7fce1ad91c30>,6,1,[ 4 13],7,80,81,73,52
1,<environment.Job instance at 0x7fce1ad91410>,9,1,[ 1 14],10,81,82,71,53
1,<environment.Job instance at 0x7fce5eaf1960>,5,20,[ 4 10],6,6,26,0,6
1,<environment.Job instance at 0x7fce1b2ab4b0>,0,19,[ 4 11],1,26,45,25,23
1,<environment.Job instance at 0x7fce618d7820>,11,24,[ 4 11],12,45,69,33,40
1,<environment.Job instance at 0x7fce618d7730>,12,24,[4 8],13,69,93,56,64
1,<environment.Job instance at 0x7fce618d74b0>,13,21,[9 5],14,69,90,55,64
1,<environment.Job instance at 0x7fce618d7fa0>,3,23,[4 5],4,4,27,0,4
1,<environment.Job instance at 0x7fce615c31e0>,6,22,[ 2 12],7,27,49,20,20
1,<environment.Job instance at 0x7fce615c36e0>,8,28,[11  4],9,49,77,40,48
1,<environment.Job instance at 0x7fce615c3730>,11,22,[2 7],12,49,71,37,49
1,<environment.Job instance at 0x7fce613759b0>,15,28,[1 7],16,71,99,55,70
1,<environment.Job instance at 0x7f24ad7b52d0>,4,24,[ 3 11],5,5,29,0,5
1,<environment.Job instance at 0x7f24ad7b5640>,8,24,[ 2 10],9,29,53,20,24
1,<environment.Job instance at 0x7f24ad7b5730>,11,1,[8 4],12,24,25,12,24
1,<environment.Job instance at 0x7f24ad7b58c0>,14,21,[ 3 11],15,53,74,38,45
1,<environment.Job instance at 0x7f24ad7b5be0>,19,21,[8 5],20,74,95,54,66
1,<environment.Job instance at 0x7f24ad7b5c80>,20,21,[13  5],21,95,116,74,87
1,<environment.Job instance at 0x7f24b4d31960>,3,27,[12  1],4,4,31,0,4
1,<environment.Job instance at 0x7f24b4d31e60>,4,22,[5 8],5,31,53,26,24
1,<environment.Job instance at 0x7f24b4d31550>,5,24,[2 5],6,24,48,18,24
1,<environment.Job instance at 0x7f24b4d31050>,10,22,[2 8],11,53,75,42,46
1,<environment.Job instance at 0x7f24b4d2c0f0>,19,27,[5 8],20,79,106,59,79
1,<environment.Job instance at 0x7f2469b05dc0>,3,23,[ 2 14],4,5,28,1,5
1,<environment.Job instance at 0x7f2469b88f50>,8,28,[4 7],9,28,56,19,27
1,<environment.Job instance at 0x7f2469b88d70>,9,26,[3 6],10,28,54,18,27
1,<environment.Job instance at 0x7f24b4d2c500>,7,22,[1 7],8,54,76,46,47
1,<environment.Job instance at 0x7f2469b88550>,13,2,[ 1 10],14,76,78,62,51
1,<environment.Job instance at 0x7f2469b88410>,14,2,[ 1 11],15,78,80,63,51
1,<environment.Job instance at 0x7f2469b88eb0>,17,3,[5 4],18,59,62,41,59
1,<environment.Job instance at 0x7f2469bafd70>,1,22,[6 1],2,2,24,0,2
1,<environment.Job instance at 0x7f2469b88820>,3,21,[5 1],4,4,25,0,4
1,<environment.Job instance at 0x7f24ad8c8820>,7,20,[3 7],8,8,28,0,8
1,<environment.Job instance at 0x7f24afeefe60>,9,20,[14  3],10,28,48,18,21
1,<environment.Job instance at 0x7f24ad880c80>,8,27,[ 3 13],9,48,75,39,46
1,<environment.Job instance at 0x7f2469bb8280>,5,20,[5 5],6,75,95,69,66
1,<environment.Job instance at 0x7f24ad5ef870>,12,1,[ 5 14],13,95,96,82,67
1,<environment.Job instance at 0x7f24ad5ef5f0>,10,3,[5 4],11,75,78,64,67
1,<environment.Job instance at 0x7f24afe434b0>,14,2,[10  1],15,67,69,52,67
1,<environment.Job instance at 0x7f24ad69a910>,2,22,[1 6],3,3,25,0,3
1,<environment.Job instance at 0x7f24ad5efa50>,3,27,[5 1],4,4,31,0,4
1,<environment.Job instance at 0x7f24ad5ef8c0>,5,26,[5 4],6,9,35,3,9
1,<environment.Job instance at 0x7f24ad69ac80>,4,25,[10  4],5,31,56,26,27
1,<environment.Job instance at 0x7f246a15f690>,10,26,[ 2 11],11,35,61,24,32
1,<environment.Job instance at 0x7f246a15f960>,16,24,[3 6],17,61,85,44,56
1,<environment.Job instance at 0x7f246a15fa00>,17,20,[8 5],18,61,81,43,56
1,<environment.Job instance at 0x7f246a15faa0>,18,26,[7 4],19,81,107,62,78
1,<environment.Job instance at 0x7f2469e7adc0>,3,27,[ 3 14],4,4,31,0,4
1,<environment.Job instance at 0x7f2469e7ac80>,7,28,[13  5],8,31,59,23,30
1,<environment.Job instance at 0x7f246a15fcd0>,6,28,[5 2],7,59,87,52,58
1,<environment.Job instance at 0x7f2469e7ab40>,9,19,[6 4],10,59,78,49,58
1,<environment.Job instance at 0x7f2469e7af50>,10,22,[5 6],11,78,100,67,71
1,<environment.Job instance at 0x7f24b00b3d70>,3,21,[4 9],4,4,25,0,4
1,<environment.Job instance at 0x7f24afea88c0>,10,28,[9 5],11,11,39,0,11
1,<environment.Job instance at 0x7f24affb28c0>,12,26,[9 3],13,39,65,26,36
1,<environment.Job instance at 0x7f24ada6fdc0>,15,22,[ 1 13],16,65,87,49,58
1,<environment.Job instance at 0x7f2469f47d70>,3,21,[10  4],4,4,25,0,4
1,<environment.Job instance at 0x7f2469ea68c0>,9,2,[8 4],10,25,27,15,14
1,<environment.Job instance at 0x7f2469ea6a50>,12,2,[7 2],13,25,27,12,15
1,<environment.Job instance at 0x7f2469ea6eb0>,16,2,[13  3],17,27,29,10,22
1,<environment.Job instance at 0x7f2469e95460>,22,20,[4 5],23,50,70,27,50
1,<environment.Job instance at 0x7f2469e95640>,23,23,[6 5],24,50,73,26,50
1,<environment.Job instance at 0x7f2469e956e0>,25,2,[ 5 13],26,73,75,47,69
1,<environment.Job instance at 0x7f2469e95780>,26,27,[4 6],27,75,102,48,73
1,<environment.Job instance at 0x7f2469e95820>,27,1,[4 9],28,75,76,47,73
1,<environment.Job instance at 0x7f2469e95960>,29,21,[9 2],30,76,97,46,73
1,<environment.Job instance at 0x7f2469e95910>,2,26,[1 6],3,3,29,0,3
1,<environment.Job instance at 0x7f24ad5b6b90>,3,23,[5 5],4,4,27,0,4
1,<environment.Job instance at 0x7f2469dfaf50>,11,22,[5 4],12,12,34,0,12
1,<environment.Job instance at 0x7f2469dfac80>,12,26,[10  5],13,29,55,16,26
1,<environment.Job instance at 0x7f2469dfa8c0>,13,27,[10  3],14,55,82,41,53
1,<environment.Job instance at 0x7f24b47d5730>,15,28,[1 7],16,53,81,37,53
1,<environment.Job instance at 0x7f24b47d5190>,16,25,[6 4],17,82,107,65,78
1,<environment.Job instance at 0x7f246a093410>,20,26,[3 6],21,81,107,60,79
1,<environment.Job instance at 0x7f24ad5c2f50>,5,19,[4 5],6,6,25,0,6
1,<environment.Job instance at 0x7f24b4945eb0>,10,1,[5 8],11,13,14,2,13
1,<environment.Job instance at 0x7f24ad572f00>,12,2,[9 3],13,14,16,1,14
1,<environment.Job instance at 0x7f2469fef320>,15,23,[9 4],16,29,52,13,29
1,<environment.Job instance at 0x7f24aff73a50>,16,21,[8 2],17,52,73,35,44
1,<environment.Job instance at 0x7f24ad602a00>,17,21,[ 5 13],18,52,73,34,44
1,<environment.Job instance at 0x7f2469df7320>,22,28,[10  3],23,73,101,50,72
1,<environment.Job instance at 0x7f24b47ccf50>,0,25,[14  5],1,1,26,0,1
1,<environment.Job instance at 0x7f2469df7320>,2,28,[7 1],3,26,54,23,25
1,<environment.Job instance at 0x7f24adb3aaa0>,6,26,[3 8],7,26,52,19,25
1,<environment.Job instance at 0x7f24adb3ab90>,7,26,[10  5],8,54,80,46,51
1,<environment.Job instance at 0x7f2469df7500>,1,2,[ 2 12],2,80,82,78,67
1,<environment.Job instance at 0x7f24adb3ad70>,10,24,[1 6],11,82,106,71,77
1,<environment.Job instance at 0x7f24adb3aeb0>,12,24,[5 8],13,82,106,69,77
1,<environment.Job instance at 0x7f24adb41460>,0,22,[5 3],1,1,23,0,1
1,<environment.Job instance at 0x7f24adb56140>,2,27,[10  3],3,3,30,0,3
1,<environment.Job instance at 0x7f24ad631500>,6,23,[8 4],7,30,53,23,24
1,<environment.Job instance at 0x7f24ad631e60>,5,22,[ 2 11],6,24,46,18,24
1,<environment.Job instance at 0x7f24afe10d70>,8,28,[ 4 10],9,46,74,37,45
1,<environment.Job instance at 0x7f24afe10f00>,11,24,[2 6],12,74,98,62,69
1,<environment.Job instance at 0x7f24ad631fa0>,3,1,[ 1 11],4,98,99,94,70
1,<environment.Job instance at 0x7f24ad8cdb90>,7,1,[4 5],8,8,9,0,8
1,<environment.Job instance at 0x7f24affa0910>,8,21,[8 1],9,9,30,0,9
1,<environment.Job instance at 0x7f24ad8cd780>,10,21,[9 1],11,30,51,19,22
1,<environment.Job instance at 0x7f24affa0280>,12,28,[9 4],13,51,79,38,50
1,<environment.Job instance at 0x7f24b023d320>,15,24,[8 4],16,79,103,63,74
1,<environment.Job instance at 0x7f24b023d5a0>,18,22,[5 5],19,74,96,55,74
1,<environment.Job instance at 0x7f24ad5af780>,0,21,[ 4 13],1,1,22,0,1
1,<environment.Job instance at 0x7f24699c24b0>,3,27,[13  3],4,22,49,18,20
1,<environment.Job instance at 0x7f24699f8910>,7,27,[11  2],8,49,76,41,47
1,<environment.Job instance at 0x7f24ad5afa50>,4,24,[3 9],5,49,73,44,47
1,<environment.Job instance at 0x7f24699f8eb0>,10,22,[ 3 14],11,76,98,65,70
1,<environment.Job instance at 0x7f24699dd820>,0,19,[3 8],1,2,21,1,2
1,<environment.Job instance at 0x7f24699f0730>,2,25,[8 5],3,3,28,0,3
1,<environment.Job instance at 0x7f24699f0d70>,4,24,[13  5],5,28,52,23,23
1,<environment.Job instance at 0x7f24ad646b40>,8,27,[ 3 10],9,52,79,43,50
1,<environment.Job instance at 0x7f2469c740a0>,3,2,[14  3],4,79,81,75,52
1,<environment.Job instance at 0x7f24b0131050>,0,20,[4 8],1,1,21,0,1
1,<environment.Job instance at 0x7f24b01312d0>,2,27,[2 9],3,21,48,18,19
1,<environment.Job instance at 0x7f246978af50>,7,23,[10  1],8,19,42,11,19
1,<environment.Job instance at 0x7f246978a780>,11,27,[3 9],12,48,75,36,46
1,<environment.Job instance at 0x7f246978a820>,12,28,[3 8],13,75,103,62,74
1,<environment.Job instance at 0x7f246978a820>,5,20,[ 4 10],6,6,26,0,6
1,<environment.Job instance at 0x7f2469a28af0>,0,19,[ 4 11],1,26,45,25,23
1,<environment.Job instance at 0x7f2469976dc0>,11,24,[ 4 11],12,45,69,33,40
1,<environment.Job instance at 0x7f2469976c30>,12,24,[4 8],13,69,93,56,64
1,<environment.Job instance at 0x7f2469976c80>,13,21,[9 5],14,69,90,55,64
1,<environment.Job instance at 0x7f246997a4b0>,14,25,[5 4],15,90,115,75,86
1,<environment.Job instance at 0x7f2469793be0>,1,22,[2 7],2,2,24,0,2
1,<environment.Job instance at 0x7f24ad594af0>,5,28,[1 7],6,6,34,0,6
1,<environment.Job instance at 0x7f24b02fae10>,12,27,[8 5],13,24,51,11,22
1,<environment.Job instance at 0x7f24b02fadc0>,14,25,[ 1 12],15,51,76,36,47
1,<environment.Job instance at 0x7f24adb15870>,17,20,[14  5],18,76,96,58,68
1,<environment.Job instance at 0x7f2469c7ceb0>,2,24,[8 5],3,3,27,0,3
1,<environment.Job instance at 0x7f24ad7ac8c0>,3,3,[14  5],4,27,30,23,16
1,<environment.Job instance at 0x7f2469ccd0a0>,8,26,[ 3 14],9,30,56,21,27
1,<environment.Job instance at 0x7f2469f5a550>,9,21,[9 3],10,56,77,46,48
1,<environment.Job instance at 0x7f24adaf8d20>,16,20,[4 7],17,62,82,45,62
1,<environment.Job instance at 0x7f24adba5cd0>,22,2,[10  2],23,87,89,64,87
1,<environment.Job instance at 0x7f24b00c4b40>,1,20,[ 4 14],2,2,22,0,2
1,<environment.Job instance at 0x7f24ad8fd550>,10,24,[7 1],11,11,35,0,11
1,<environment.Job instance at 0x7f24adb94280>,4,25,[ 5 12],5,22,47,17,18
1,<environment.Job instance at 0x7f24ad8fdb90>,17,25,[8 1],18,35,60,17,34
1,<environment.Job instance at 0x7f24ad8fd730>,18,18,[ 1 10],19,48,66,29,48
1,<environment.Job instance at 0x7f24ad8fd9b0>,20,21,[7 4],21,60,81,39,52
1,<environment.Job instance at 0x7f24ad8fd5a0>,22,25,[4 5],23,66,91,43,62
1,<environment.Job instance at 0x7f2469abd780>,23,25,[10  3],24,81,106,57,77
1,<environment.Job instance at 0x7f530b331f00>,4,24,[ 3 11],5,5,29,0,5
1,<environment.Job instance at 0x7f5303f23410>,8,24,[ 2 10],9,29,53,20,24
1,<environment.Job instance at 0x7f5303f238c0>,14,21,[ 3 11],15,53,74,38,45
1,<environment.Job instance at 0x7f5303f23be0>,19,21,[8 5],20,74,95,54,66
1,<environment.Job instance at 0x7f5303f23c80>,20,21,[13  5],21,95,116,74,87
1,<environment.Job instance at 0x7f530b498be0>,0,22,[2 8],1,1,23,0,1
1,<environment.Job instance at 0x7f530b359320>,9,27,[5 8],10,23,50,13,21
1,<environment.Job instance at 0x7f530b499910>,14,28,[7 4],15,37,65,22,37
1,<environment.Job instance at 0x7f530b4ac870>,21,21,[2 7],22,69,90,47,69
1,<environment.Job instance at 0x7f530b4ac190>,23,24,[5 6],24,69,93,45,69
1,<environment.Job instance at 0x7f52c02f6cd0>,0,23,[5 8],1,1,24,0,1
1,<environment.Job instance at 0x7f52c0228a00>,4,28,[3 8],5,24,52,19,23
1,<environment.Job instance at 0x7f52c0228230>,5,24,[12  1],6,24,48,18,23
1,<environment.Job instance at 0x7f530b4ac910>,1,21,[ 4 11],2,52,73,50,44
1,<environment.Job instance at 0x7f52c02284b0>,11,27,[6 5],12,73,100,61,71
1,<environment.Job instance at 0x7f52c031e280>,13,2,[11  2],14,100,102,86,97
1,<environment.Job instance at 0x7f52c0201140>,0,1,[11  3],1,2,3,1,2
1,<environment.Job instance at 0x7f52c0856280>,5,24,[8 2],6,6,30,0,6
1,<environment.Job instance at 0x7f52c08563c0>,8,22,[9 3],9,30,52,21,23
1,<environment.Job instance at 0x7f52c05d0190>,11,25,[10  5],12,52,77,40,48
1,<environment.Job instance at 0x7f52c0856230>,10,26,[4 7],11,48,74,37,48
1,<environment.Job instance at 0x7f52c05d0640>,16,20,[ 3 11],17,77,97,60,68
1,<environment.Job instance at 0x7f52c06ab0f0>,21,25,[5 1],22,74,99,52,70
1,<environment.Job instance at 0x7f52c06abaa0>,25,24,[9 3],26,97,121,71,92
1,<environment.Job instance at 0x7f52c033d9b0>,3,26,[12  3],4,4,30,0,4
1,<environment.Job instance at 0x7f52c0618640>,7,28,[1 9],8,8,36,0,8
1,<environment.Job instance at 0x7f52c0618730>,8,26,[7 3],9,30,56,21,27
1,<environment.Job instance at 0x7f52c0618e10>,18,25,[9 1],19,58,83,39,58
1,<environment.Job instance at 0x7f52c0618eb0>,19,3,[3 5],20,58,61,38,58
1,<environment.Job instance at 0x7f52c0618f00>,21,20,[7 4],22,83,103,61,74
1,<environment.Job instance at 0x7f52c0618820>,22,23,[2 8],23,74,97,51,74
1,<environment.Job instance at 0x7f52c012d410>,0,21,[9 1],1,1,22,0,1
1,<environment.Job instance at 0x7f53044306e0>,3,24,[1 9],4,4,28,0,4
1,<environment.Job instance at 0x7f5304430d20>,4,25,[ 3 10],5,28,53,23,24
1,<environment.Job instance at 0x7f52c0351c80>,10,28,[7 2],11,24,52,13,24
1,<environment.Job instance at 0x7f52c0351460>,12,25,[5 7],13,53,78,40,49
1,<environment.Job instance at 0x7f52c03512d0>,11,20,[8 3],12,52,72,40,49
1,<environment.Job instance at 0x7f52c0351d70>,15,21,[ 5 13],16,78,99,62,70
1,<environment.Job instance at 0x7f52c03519b0>,19,22,[12  5],20,99,121,79,92
1,<environment.Job instance at 0x7f530af04be0>,0,26,[14  4],1,1,27,0,1
1,<environment.Job instance at 0x7f52c0704280>,4,24,[9 2],5,27,51,22,22
1,<environment.Job instance at 0x7f52c0704f50>,7,27,[2 7],8,27,54,19,25
1,<environment.Job instance at 0x7f52c0410280>,10,22,[1 8],11,51,73,40,44
1,<environment.Job instance at 0x7f52c07b5f00>,11,28,[ 3 12],12,73,101,61,72
1,<environment.Job instance at 0x7f52c07b5f50>,12,24,[ 4 10],13,101,125,88,96
1,<environment.Job instance at 0x7f52c07b5550>,13,25,[11  2],14,96,121,82,96
1,<environment.Job instance at 0x7f5304000960>,1,27,[9 3],2,2,29,0,2
1,<environment.Job instance at 0x7f52c07b5af0>,4,2,[ 2 13],5,29,31,24,10
1,<environment.Job instance at 0x7f52c0302be0>,5,26,[ 3 14],6,31,57,25,28
1,<environment.Job instance at 0x7f52c0302e60>,9,25,[8 4],10,57,82,47,53
1,<environment.Job instance at 0x7f52c03182d0>,15,3,[14  5],16,82,85,66,56
1,<environment.Job instance at 0x7f52c03184b0>,18,1,[8 1],19,85,86,66,72
1,<environment.Job instance at 0x7f52c0318690>,21,2,[10  4],22,86,88,64,86
1,<environment.Job instance at 0x7f52c0318730>,22,26,[1 6],23,86,112,63,86
1,<environment.Job instance at 0x7f52c03187d0>,23,23,[5 5],24,88,111,64,86
1,<environment.Job instance at 0x7f52c03186e0>,1,26,[13  1],2,2,28,0,2
1,<environment.Job instance at 0x7f5304034c80>,6,25,[3 9],7,28,53,21,24
1,<environment.Job instance at 0x7f530a9264b0>,13,18,[1 5],14,35,53,21,35
1,<environment.Job instance at 0x7f530a926f50>,15,19,[4 5],16,53,72,37,44
1,<environment.Job instance at 0x7f52c083c4b0>,20,1,[5 8],21,71,72,50,71
1,<environment.Job instance at 0x7f52c083c9b0>,22,2,[9 3],23,92,94,69,92
1,<environment.Job instance at 0x7f52c06e4d70>,25,23,[9 4],26,96,119,70,96
1,<environment.Job instance at 0x7f53040d9d20>,0,25,[14  5],1,1,26,0,1
1,<environment.Job instance at 0x7f52c07fa230>,2,28,[7 1],3,26,54,23,25
1,<environment.Job instance at 0x7f530aadf1e0>,6,26,[3 8],7,26,52,19,25
1,<environment.Job instance at 0x7f52c07da0f0>,7,26,[10  5],8,54,80,46,51
1,<environment.Job instance at 0x7f530acf2cd0>,1,2,[ 2 12],2,80,82,78,58
1,<environment.Job instance at 0x7f530a9b2910>,10,24,[1 6],11,82,106,71,77
1,<environment.Job instance at 0x7f530a9b2690>,12,24,[5 8],13,82,106,69,77
1,<environment.Job instance at 0x7f530a9b2f00>,14,22,[7 2],15,106,128,91,99
1,<environment.Job instance at 0x7f530a9b2190>,13,20,[1 8],14,106,126,92,99
1,<environment.Job instance at 0x7f5303ef64b0>,1,24,[2 6],2,2,26,0,2
1,<environment.Job instance at 0x7f5303d65230>,5,27,[ 2 10],6,26,53,20,24
1,<environment.Job instance at 0x7f52c05525a0>,10,25,[9 2],11,30,55,19,30
1,<environment.Job instance at 0x7f52c05523c0>,7,1,[11  5],8,60,61,52,60
1,<environment.Job instance at 0x7f52c05526e0>,12,2,[ 5 13],13,64,66,51,64
1,<environment.Job instance at 0x7f52c0552aa0>,18,24,[5 1],19,64,88,45,64
1,<environment.Job instance at 0x7f52c0552960>,16,19,[ 3 10],17,73,92,56,73
1,<environment.Job instance at 0x7f52c0552d20>,22,28,[ 2 10],23,92,120,69,91
1,<environment.Job instance at 0x7f52c0541370>,1,26,[6 1],2,2,28,0,2
1,<environment.Job instance at 0x7f52c07fa140>,4,20,[3 6],5,5,25,0,5
1,<environment.Job instance at 0x7f52c0552d70>,2,3,[ 5 14],3,25,28,22,20
1,<environment.Job instance at 0x7f52c07fa690>,9,2,[13  2],10,28,30,18,20
1,<environment.Job instance at 0x7f52c0733d70>,11,25,[1 6],12,28,53,16,24
1,<environment.Job instance at 0x7f52c0733640>,12,26,[5 5],13,30,56,17,27
1,<environment.Job instance at 0x7f52c0733eb0>,15,22,[5 8],16,53,75,37,46
1,<environment.Job instance at 0x7f530b356fa0>,21,23,[3 6],22,56,79,34,54
1,<environment.Job instance at 0x7f530b356b40>,24,23,[2 6],25,75,98,50,69
1,<environment.Job instance at 0x7f530b356640>,27,22,[6 5],28,79,101,51,72
1,<environment.Job instance at 0x7f530a975f50>,28,24,[9 2],29,98,122,69,93
1,<environment.Job instance at 0x7f52c00f10f0>,1,24,[10  2],2,2,26,0,2
1,<environment.Job instance at 0x7f52c00f1af0>,3,3,[ 2 14],4,28,31,24,28
1,<environment.Job instance at 0x7f52c05e7460>,7,21,[12  1],8,28,49,20,28
1,<environment.Job instance at 0x7f52c05e7190>,9,26,[1 9],10,31,57,21,28
1,<environment.Job instance at 0x7f52c05e7960>,12,26,[13  5],13,49,75,36,46
1,<environment.Job instance at 0x7f52c05e7050>,13,25,[13  3],14,75,100,61,71
1,<environment.Job instance at 0x7f52c05e73c0>,14,22,[ 5 10],15,100,122,85,93
1,<environment.Job instance at 0x7f530abcbd20>,1,23,[13  4],2,2,25,0,2
1,<environment.Job instance at 0x7f52c03a4960>,5,22,[ 2 10],6,10,32,4,10
1,<environment.Job instance at 0x7f52c05e7730>,4,25,[5 4],5,25,50,20,21
1,<environment.Job instance at 0x7f52c03a48c0>,10,19,[12  3],11,50,69,39,41
1,<environment.Job instance at 0x7f52c03a45a0>,2,21,[5 5],3,3,24,0,3
1,<environment.Job instance at 0x7f52ef717280>,5,25,[3 6],6,6,31,0,6
1,<environment.Job instance at 0x7f52c020e6e0>,8,22,[8 3],9,24,46,15,17
1,<environment.Job instance at 0x7f5303fb4be0>,12,2,[12  3],13,46,48,33,27
1,<environment.Job instance at 0x7f530ac3aeb0>,15,19,[2 5],16,48,67,32,48
1,<environment.Job instance at 0x7f52c0319460>,16,23,[2 5],17,48,71,31,48
1,<environment.Job instance at 0x7f530ac90f00>,18,20,[6 1],19,50,70,31,50
1,<environment.Job instance at 0x7f530ac90f00>,5,22,[3 6],6,6,28,0,6
1,<environment.Job instance at 0x7f5303e9f0f0>,9,20,[11  5],10,10,30,0,10
1,<environment.Job instance at 0x7f5303e9f410>,12,19,[7 3],13,30,49,17,25
1,<environment.Job instance at 0x7f5303e9fdc0>,13,27,[ 1 10],14,28,55,14,26
1,<environment.Job instance at 0x7f5303e9f9b0>,15,25,[ 5 11],16,55,80,39,51
1,<environment.Job instance at 0x7f5303e9fa00>,18,20,[5 1],19,51,71,32,51
1,<environment.Job instance at 0x7f5303e9f5a0>,19,28,[6 3],20,71,99,51,70
1,<environment.Job instance at 0x7f53041207d0>,2,19,[ 2 12],3,92,111,89,92
1,<environment.Job instance at 0x7f5303ec4050>,1,28,[9 4],2,2,30,0,2
1,<environment.Job instance at 0x7f52bff04aa0>,2,28,[13  4],3,30,58,27,29
1,<environment.Job instance at 0x7f5303f793c0>,12,21,[3 9],13,58,79,45,50
1,<environment.Job instance at 0x7f5303f79d70>,15,23,[ 4 10],16,79,102,63,73
1,<environment.Job instance at 0x7f52bffa6c80>,1,24,[6 3],2,2,26,0,2
1,<environment.Job instance at 0x7f5303f78a00>,2,28,[2 8],3,3,31,0,3
1,<environment.Job instance at 0x7f52c04c6aa0>,6,23,[ 3 11],7,31,54,24,25
1,<environment.Job instance at 0x7f52c04c6d20>,8,26,[9 3],9,26,52,17,25
1,<environment.Job instance at 0x7f52c04c6f00>,5,20,[8 1],6,52,72,46,44
1,<environment.Job instance at 0x7f52c05c2190>,11,20,[ 4 14],12,54,74,42,54
1,<environment.Job instance at 0x7f5304300dc0>,14,25,[ 5 12],15,74,99,59,70
1,<environment.Job instance at 0x7f52c08cceb0>,20,24,[7 1],21,72,96,51,72
1,<environment.Job instance at 0x7f52c0827dc0>,21,20,[ 2 10],22,99,119,77,93
1,<environment.Job instance at 0x7f52bff52140>,1,22,[10  4],2,2,24,0,2
1,<environment.Job instance at 0x7f52c0146910>,6,26,[14  4],7,24,50,17,21
1,<environment.Job instance at 0x7f52c0146cd0>,8,23,[ 1 11],9,21,44,12,21
1,<environment.Job instance at 0x7f52c0146b90>,13,22,[4 8],14,50,72,36,43
1,<environment.Job instance at 0x7f52c0146870>,16,22,[4 7],17,50,72,33,43
1,<environment.Job instance at 0x7f52c039fa50>,18,22,[3 5],19,72,94,53,65
1,<environment.Job instance at 0x7f52c039fc30>,24,20,[1 7],25,77,97,52,77
1,<environment.Job instance at 0x7f52c0827dc0>,4,25,[ 1 14],5,97,122,92,93
1,<environment.Job instance at 0x7f52c021cb40>,0,22,[10  5],1,1,23,0,1
1,<environment.Job instance at 0x7f530415ed70>,5,22,[1 5],6,6,28,0,6
1,<environment.Job instance at 0x7f52c021cd70>,3,25,[6 2],4,23,48,19,19
1,<environment.Job instance at 0x7f530415e910>,4,24,[5 2],5,23,47,18,19
1,<environment.Job instance at 0x7f53041c07d0>,7,21,[5 2],8,47,68,39,39
1,<environment.Job instance at 0x7f53041c0870>,13,23,[6 3],14,48,71,34,42
1,<environment.Job instance at 0x7f53041c0780>,14,20,[1 7],15,42,62,27,42
1,<environment.Job instance at 0x7f53041c08c0>,17,25,[5 8],18,68,93,50,64
1,<environment.Job instance at 0x7f53041c0be0>,18,26,[5 8],19,93,119,74,90
1,<environment.Job instance at 0x7f08508371e0>,4,24,[ 3 11],5,5,29,0,5
1,<environment.Job instance at 0x7f0850837730>,8,24,[ 2 10],9,29,53,20,24
1,<environment.Job instance at 0x7f0850837870>,14,21,[ 3 11],15,53,74,38,45
1,<environment.Job instance at 0x7f0850837910>,15,20,[3 5],16,74,94,58,65
1,<environment.Job instance at 0x7f0850837b90>,19,21,[8 5],20,74,95,54,67
1,<environment.Job instance at 0x7f0850837cd0>,21,22,[8 2],22,95,117,73,88
1,<environment.Job instance at 0x7f0850837c30>,20,21,[13  5],21,117,138,96,109
1,<environment.Job instance at 0x7f0857c6d320>,4,28,[7 4],5,5,33,0,5
1,<environment.Job instance at 0x7f0857dad6e0>,11,21,[2 7],12,12,33,0,12
1,<environment.Job instance at 0x7f0857dc05a0>,13,24,[5 6],14,33,57,19,28
1,<environment.Job instance at 0x7f0857dc0780>,16,22,[10  1],17,33,55,16,28
1,<environment.Job instance at 0x7f0857dc0190>,19,3,[14  4],20,57,60,37,54
1,<environment.Job instance at 0x7f0857dc0550>,22,23,[ 1 14],23,76,99,53,76
1,<environment.Job instance at 0x7f0857dc03c0>,24,19,[9 1],25,76,95,51,76
1,<environment.Job instance at 0x7f0857db6d70>,25,23,[7 3],26,99,122,73,93
1,<environment.Job instance at 0x7f0857db6370>,27,26,[ 1 11],28,99,125,71,96
1,<environment.Job instance at 0x7f080cbe9c80>,2,28,[7 4],3,3,31,0,3
1,<environment.Job instance at 0x7f0857db67d0>,4,28,[4 5],5,5,33,0,5
1,<environment.Job instance at 0x7f080cbe93c0>,7,22,[ 5 10],8,31,53,23,24
1,<environment.Job instance at 0x7f080cbe95f0>,11,28,[13  2],12,53,81,41,52
1,<environment.Job instance at 0x7f080cbe9500>,10,21,[ 1 10],11,53,74,42,52
1,<environment.Job instance at 0x7f080cbe9690>,13,24,[9 1],14,81,105,67,76
1,<environment.Job instance at 0x7f080cbe9820>,18,20,[7 4],19,105,125,86,96
1,<environment.Job instance at 0x7f080cabeb40>,19,20,[6 2],20,96,116,76,96
1,<environment.Job instance at 0x7f080cc68820>,2,22,[4 8],3,3,25,0,3
1,<environment.Job instance at 0x7f080cc68140>,5,24,[6 1],6,6,30,0,6
1,<environment.Job instance at 0x7f080cc68eb0>,9,28,[3 5],10,10,38,0,10
1,<environment.Job instance at 0x7f080cc68870>,12,26,[5 3],13,25,51,12,22
1,<environment.Job instance at 0x7f080cc68230>,8,19,[ 5 13],9,51,70,42,41
1,<environment.Job instance at 0x7f080cc68c80>,15,20,[7 3],16,70,90,54,61
1,<environment.Job instance at 0x7f080cc68460>,16,27,[2 8],17,70,97,53,68
1,<environment.Job instance at 0x7f080cf6b500>,3,24,[5 6],4,4,28,0,4
1,<environment.Job instance at 0x7f080cf28500>,7,24,[3 9],8,8,32,0,8
1,<environment.Job instance at 0x7f080cf27050>,13,27,[ 3 14],14,34,61,20,34
1,<environment.Job instance at 0x7f080cf274b0>,16,28,[5 2],17,61,89,44,60
1,<environment.Job instance at 0x7f080cf27370>,17,28,[13  5],18,89,117,71,88
1,<environment.Job instance at 0x7f085711e730>,0,28,[9 5],1,1,29,0,1
1,<environment.Job instance at 0x7f080cf27690>,2,26,[9 3],3,29,55,26,26
1,<environment.Job instance at 0x7f085711e5a0>,5,22,[ 1 13],6,55,77,49,48
1,<environment.Job instance at 0x7f085711e320>,12,27,[14  3],13,77,104,64,75
1,<environment.Job instance at 0x7f085711e7d0>,14,3,[1 6],15,77,80,62,75
1,<environment.Job instance at 0x7f0857c46050>,15,25,[4 9],16,104,129,88,100
1,<environment.Job instance at 0x7f080ccf9fa0>,0,22,[ 3 12],1,1,23,0,1
1,<environment.Job instance at 0x7f080cb44190>,8,22,[8 4],9,23,45,14,16
1,<environment.Job instance at 0x7f0850b9dd70>,11,22,[7 5],12,23,45,11,18
1,<environment.Job instance at 0x7f0850b9de60>,14,2,[2 6],15,45,47,30,32
1,<environment.Job instance at 0x7f0850d53190>,15,24,[1 6],16,45,69,29,40
1,<environment.Job instance at 0x7f0850cd5370>,22,2,[9 1],23,80,82,57,80
1,<environment.Job instance at 0x7f0857600aa0>,27,22,[12  2],28,108,130,80,108
1,<environment.Job instance at 0x7f080d048aa0>,28,26,[ 2 10],29,108,134,79,108
1,<environment.Job instance at 0x7f080ce9f7d0>,2,24,[9 5],3,3,27,0,3
1,<environment.Job instance at 0x7f080cb0e640>,11,27,[ 2 11],12,27,54,15,25
1,<environment.Job instance at 0x7f080cb0ea00>,16,26,[9 2],17,27,53,10,27
1,<environment.Job instance at 0x7f08505fb1e0>,1,19,[ 4 11],2,54,73,52,45
1,<environment.Job instance at 0x7f080cb0edc0>,22,23,[ 3 10],23,73,96,50,67
1,<environment.Job instance at 0x7f080cb0efa0>,24,25,[1 6],25,96,121,71,92
1,<environment.Job instance at 0x7f080cb0a190>,26,24,[1 9],27,96,120,69,92
1,<environment.Job instance at 0x7f080cb0a6e0>,5,21,[10  5],6,6,27,0,6
1,<environment.Job instance at 0x7f080d04a410>,7,26,[5 5],8,8,34,0,8
1,<environment.Job instance at 0x7f0850969af0>,9,23,[7 1],10,27,50,17,21
1,<environment.Job instance at 0x7f0850969f50>,12,25,[6 3],13,34,59,21,30
1,<environment.Job instance at 0x7f08509690f0>,13,23,[7 4],14,50,73,36,44
1,<environment.Job instance at 0x7f08509699b0>,16,28,[5 4],17,59,87,42,58
1,<environment.Job instance at 0x7f085065ef00>,17,2,[3 8],18,73,75,55,58
1,<environment.Job instance at 0x7f085065eb40>,18,27,[6 3],19,73,100,54,71
1,<environment.Job instance at 0x7f08572580a0>,19,2,[14  3],20,100,102,80,84
1,<environment.Job instance at 0x7f0857674820>,20,25,[14  5],21,102,127,81,98
1,<environment.Job instance at 0x7f0857dc0820>,21,2,[ 2 12],22,127,129,105,100
1,<environment.Job instance at 0x7f08507d0aa0>,0,22,[5 3],1,1,23,0,1
1,<environment.Job instance at 0x7f0857610820>,2,27,[10  3],3,3,30,0,3
1,<environment.Job instance at 0x7f085079d5a0>,6,23,[8 4],7,30,53,23,24
1,<environment.Job instance at 0x7f085079d280>,8,28,[ 4 10],9,26,54,17,26
1,<environment.Job instance at 0x7f0850c8b230>,5,22,[ 2 11],6,54,76,48,48
1,<environment.Job instance at 0x7f080cef65f0>,15,27,[ 2 10],16,76,103,60,74
1,<environment.Job instance at 0x7f085079d690>,3,1,[ 1 11],4,103,104,99,101
1,<environment.Job instance at 0x7f0850790190>,17,1,[11  5],18,101,102,83,101
1,<environment.Job instance at 0x7f0850c7ebe0>,20,25,[9 2],21,102,127,81,101
1,<environment.Job instance at 0x7f0850674eb0>,22,2,[ 5 13],23,105,107,82,105
1,<environment.Job instance at 0x7f0850b77a00>,1,26,[6 1],2,2,28,0,2
1,<environment.Job instance at 0x7f0850c5a910>,4,20,[3 6],5,5,25,0,5
1,<environment.Job instance at 0x7f08577d42d0>,2,3,[ 5 14],3,25,28,22,12
1,<environment.Job instance at 0x7f080cfbabe0>,9,2,[13  2],10,28,30,18,17
1,<environment.Job instance at 0x7f080cfbac30>,11,25,[1 6],12,28,53,16,24
1,<environment.Job instance at 0x7f080cfbaf50>,12,26,[5 5],13,30,56,17,27
1,<environment.Job instance at 0x7f080cfbadc0>,15,22,[5 8],16,53,75,37,46
1,<environment.Job instance at 0x7f080cfa7410>,21,23,[3 6],22,56,79,34,50
1,<environment.Job instance at 0x7f080cfa7820>,24,23,[2 6],25,75,98,50,69
1,<environment.Job instance at 0x7f080cfa7a50>,27,22,[6 5],28,79,101,51,74
1,<environment.Job instance at 0x7f080cfa7b90>,28,24,[9 2],29,98,122,69,93
1,<environment.Job instance at 0x7f085076beb0>,2,26,[13  5],3,3,29,0,3
1,<environment.Job instance at 0x7f080cfa7960>,4,22,[ 5 10],5,29,51,24,22
1,<environment.Job instance at 0x7f08507a9640>,7,26,[3 8],8,51,77,43,48
1,<environment.Job instance at 0x7f080cfa7b90>,3,25,[13  3],4,77,102,73,73
1,<environment.Job instance at 0x7f085077ad20>,9,24,[13  4],10,102,126,92,97
1,<environment.Job instance at 0x7f080c9d7190>,0,28,[ 5 11],1,1,29,0,1
1,<environment.Job instance at 0x7f080c9d7230>,4,28,[14  5],5,29,57,24,28
1,<environment.Job instance at 0x7f080cfa7aa0>,2,23,[5 9],3,57,80,54,51
1,<environment.Job instance at 0x7f080cd91690>,7,28,[ 5 11],8,80,108,72,79
1,<environment.Job instance at 0x7f080cb053c0>,0,26,[ 4 11],1,1,27,0,1
1,<environment.Job instance at 0x7f0850cdaa50>,3,24,[ 5 12],4,27,51,23,22
1,<environment.Job instance at 0x7f085089faf0>,10,19,[ 4 11],11,51,70,40,50
1,<environment.Job instance at 0x7f085089f050>,5,3,[ 3 12],6,70,73,64,63
1,<environment.Job instance at 0x7f08505ab410>,15,20,[ 4 10],16,73,93,57,64
1,<environment.Job instance at 0x7f080c8d94b0>,2,27,[8 5],3,3,30,0,3
1,<environment.Job instance at 0x7f08574e65a0>,4,25,[ 1 12],5,30,55,25,26
1,<environment.Job instance at 0x7f080cb658c0>,7,20,[14  5],8,55,75,47,47
1,<environment.Job instance at 0x7f080ce4de10>,8,25,[ 3 12],9,75,100,66,71
1,<environment.Job instance at 0x7f08507def50>,17,3,[ 2 13],18,100,103,82,95
1,<environment.Job instance at 0x7f080d073f00>,21,26,[13  3],22,103,129,81,100
1,<environment.Job instance at 0x7f0850983c80>,1,28,[5 5],2,2,30,0,2
1,<environment.Job instance at 0x7f080c834e60>,4,21,[4 8],5,5,26,0,5
1,<environment.Job instance at 0x7f080ceefe10>,9,26,[1 9],10,26,52,16,23
1,<environment.Job instance at 0x7f080ceef500>,10,28,[9 3],11,30,58,19,29
1,<environment.Job instance at 0x7f080ceef690>,12,28,[5 3],13,30,58,17,29
1,<environment.Job instance at 0x7f080c812370>,16,22,[ 2 11],17,58,80,41,53
1,<environment.Job instance at 0x7f080c812460>,17,24,[ 2 13],18,80,104,62,75
1,<environment.Job instance at 0x7f080c812730>,25,20,[14  4],26,104,124,78,101
1,<environment.Job instance at 0x7f080cfcec30>,0,22,[1 6],1,1,23,0,1
1,<environment.Job instance at 0x7f08570b1fa0>,5,24,[5 2],6,6,30,0,6
1,<environment.Job instance at 0x7f08508b70f0>,7,22,[ 4 10],8,23,45,15,16
1,<environment.Job instance at 0x7f080c7bdaf0>,1,21,[7 2],2,2,23,0,2
1,<environment.Job instance at 0x7f08507d4370>,0,1,[2 7],1,3,4,2,3
1,<environment.Job instance at 0x7f0850b0f6e0>,5,19,[11  2],6,23,42,17,13
1,<environment.Job instance at 0x7f08572c60a0>,13,21,[5 3],14,42,63,28,34
1,<environment.Job instance at 0x7f080cca6e60>,14,27,[ 5 14],15,63,90,48,61
1,<environment.Job instance at 0x7f08572c6f50>,15,22,[12  4],16,90,112,74,83
1,<environment.Job instance at 0x7f080c92b730>,4,28,[13  3],5,5,33,0,5
1,<environment.Job instance at 0x7f08572c6be0>,2,2,[11  5],3,33,35,30,33
1,<environment.Job instance at 0x7f080c92bd20>,10,20,[8 3],11,35,55,24,33
1,<environment.Job instance at 0x7f080c92b9b0>,11,23,[9 5],12,55,78,43,49
1,<environment.Job instance at 0x7f080c92b780>,12,22,[9 1],13,78,100,65,71
1,<environment.Job instance at 0x7f080c92b910>,9,1,[ 2 12],10,78,79,68,76
1,<environment.Job instance at 0x7f080c92bb90>,16,28,[7 1],17,100,128,83,99
1,<environment.Job instance at 0x7f080c92beb0>,17,27,[2 7],18,99,126,81,99
1,<environment.Job instance at 0x7f080d0d7f50>,0,24,[11  2],1,1,25,0,1
1,<environment.Job instance at 0x7f080c838fa0>,8,22,[10  5],9,25,47,16,18
1,<environment.Job instance at 0x7f080c838e10>,5,24,[7 2],6,47,71,41,42
1,<environment.Job instance at 0x7f080c838640>,7,27,[5 1],8,42,69,34,42
1,<environment.Job instance at 0x7f0850ad26e0>,10,20,[4 7],11,69,89,58,60
1,<environment.Job instance at 0x7f08574c8e10>,15,28,[7 3],16,71,99,55,70
1,<environment.Job instance at 0x7f08574c8eb0>,19,20,[1 6],20,89,109,69,80
1,<environment.Job instance at 0x7f0850c9abe0>,21,22,[ 1 10],22,109,131,87,102
1,<environment.Job instance at 0x7f0850c9af50>,22,28,[13  5],23,102,130,79,102
1,<environment.Job instance at 0x7f471f96ed70>,4,24,[ 3 11],5,5,29,0,5
1,<environment.Job instance at 0x7f47184d5550>,8,24,[ 2 10],9,29,53,20,24
1,<environment.Job instance at 0x7f47184d5870>,14,21,[ 3 11],15,53,74,38,45
1,<environment.Job instance at 0x7f47184d5b90>,19,21,[8 5],20,74,95,54,66
1,<environment.Job instance at 0x7f47184d5c30>,20,21,[13  5],21,95,116,74,87
1,<environment.Job instance at 0x7f47184d5cd0>,21,22,[8 2],22,116,138,94,109
1,<environment.Job instance at 0x7f47184d5d70>,22,3,[4 6],23,116,119,93,109
1,<environment.Job instance at 0x7f47184d5eb0>,24,2,[ 3 12],25,119,121,94,110
1,<environment.Job instance at 0x7f47184d8280>,26,20,[4 8],27,121,141,94,112
1,<environment.Job instance at 0x7f47184d8280>,3,24,[5 6],4,4,28,0,4
1,<environment.Job instance at 0x7f471fa51640>,6,22,[10  1],7,7,29,0,7
1,<environment.Job instance at 0x7f46de18d4b0>,9,3,[14  4],10,29,32,19,25
1,<environment.Job instance at 0x7f471fa5f460>,12,23,[ 1 14],13,32,55,19,26
1,<environment.Job instance at 0x7f471fa5f910>,15,23,[7 3],16,55,78,39,49
1,<environment.Job instance at 0x7f471fa5fd70>,14,19,[9 1],15,78,97,63,68
1,<environment.Job instance at 0x7f471fa5f320>,17,26,[ 1 11],18,68,94,50,68
1,<environment.Job instance at 0x7f46d47d3870>,0,24,[11  3],1,1,25,0,1
1,<environment.Job instance at 0x7f46d47d3640>,4,28,[13  3],5,25,53,20,24
1,<environment.Job instance at 0x7f471fa55e60>,1,22,[5 8],2,53,75,51,46
1,<environment.Job instance at 0x7f46d47d33c0>,8,24,[ 5 11],9,75,99,66,70
1,<environment.Job instance at 0x7f46d47d3140>,9,21,[6 4],10,70,91,60,70
1,<environment.Job instance at 0x7f46d47ced20>,22,23,[1 7],23,108,131,85,108
1,<environment.Job instance at 0x7f46d495a690>,2,22,[1 6],3,3,25,0,3
1,<environment.Job instance at 0x7f46d495a5f0>,3,27,[5 1],4,4,31,0,4
1,<environment.Job instance at 0x7f46d495abe0>,4,25,[10  4],5,25,50,20,21
1,<environment.Job instance at 0x7f46d47c81e0>,5,26,[5 4],6,31,57,25,28
1,<environment.Job instance at 0x7f46d4c4c500>,10,26,[ 2 11],11,50,76,39,47
1,<environment.Job instance at 0x7f46d4b8d190>,16,24,[3 6],17,76,100,59,71
1,<environment.Job instance at 0x7f46d4b8d0a0>,17,20,[8 5],18,76,96,58,71
1,<environment.Job instance at 0x7f46d4b8d140>,18,26,[7 4],19,96,122,77,93
1,<environment.Job instance at 0x7f46d47ecd70>,0,21,[5 6],1,1,22,0,1
1,<environment.Job instance at 0x7f46d4789960>,3,23,[10  3],4,4,27,0,4
1,<environment.Job instance at 0x7f46d4bd20f0>,5,26,[14  5],6,27,53,21,24
1,<environment.Job instance at 0x7f46d4789fa0>,4,24,[4 8],5,53,77,48,48
1,<environment.Job instance at 0x7f46d4bd2690>,11,22,[6 4],12,53,75,41,48
1,<environment.Job instance at 0x7f46d4bd2730>,12,28,[12  4],13,77,105,64,76
1,<environment.Job instance at 0x7f46d4bd2a50>,17,28,[7 5],18,105,133,87,104
1,<environment.Job instance at 0x7f46d4bd24b0>,8,2,[7 2],9,105,107,96,104
1,<environment.Job instance at 0x7f471b020f00>,0,26,[14  4],1,1,27,0,1
1,<environment.Job instance at 0x7f471b020780>,4,24,[9 2],5,27,51,22,22
1,<environment.Job instance at 0x7f471b0203c0>,7,27,[2 7],8,27,54,19,25
1,<environment.Job instance at 0x7f46d4ad44b0>,11,28,[ 3 12],12,54,82,42,53
1,<environment.Job instance at 0x7f46d4ad4230>,12,24,[ 4 10],13,82,106,69,77
1,<environment.Job instance at 0x7f46d4ad46e0>,13,25,[11  2],14,77,102,63,77
1,<environment.Job instance at 0x7f471875bb40>,2,26,[1 6],3,3,29,0,3
1,<environment.Job instance at 0x7f4718735e10>,3,23,[5 5],4,4,27,0,4
1,<environment.Job instance at 0x7f46d4a5d410>,11,22,[5 4],12,12,34,0,12
1,<environment.Job instance at 0x7f46d4a5dd70>,12,26,[10  5],13,29,55,16,26
1,<environment.Job instance at 0x7f471855ac80>,13,27,[10  3],14,55,82,41,53
1,<environment.Job instance at 0x7f47187ba050>,15,28,[1 7],16,53,81,37,53
1,<environment.Job instance at 0x7f471825dc80>,16,25,[6 4],17,82,107,65,78
1,<environment.Job instance at 0x7f46d4afd190>,20,26,[3 6],21,81,107,60,78
1,<environment.Job instance at 0x7f46d4afde10>,22,21,[ 1 12],23,107,128,84,99
1,<environment.Job instance at 0x7f471855a140>,2,28,[3 8],3,3,31,0,3
1,<environment.Job instance at 0x7f471aef46e0>,10,21,[11  1],11,11,32,0,11
1,<environment.Job instance at 0x7f471aef4aa0>,12,24,[8 3],13,32,56,19,27
1,<environment.Job instance at 0x7f471aef4be0>,14,23,[ 5 10],15,32,55,17,27
1,<environment.Job instance at 0x7f471aef4dc0>,15,25,[ 2 14],16,56,81,40,52
1,<environment.Job instance at 0x7f46d475d3c0>,0,27,[ 2 10],1,1,28,0,1
1,<environment.Job instance at 0x7f471acd3eb0>,5,28,[ 2 14],6,28,56,22,27
1,<environment.Job instance at 0x7f47188d6d70>,7,22,[8 3],8,56,78,48,49
1,<environment.Job instance at 0x7f46d48999b0>,9,21,[ 1 11],10,56,77,46,54
1,<environment.Job instance at 0x7f46d4965640>,10,21,[9 1],11,78,99,67,70
1,<environment.Job instance at 0x7f46d4965c80>,11,21,[8 2],12,99,120,87,91
1,<environment.Job instance at 0x7f471acd3190>,3,2,[ 1 13],4,95,97,91,95
1,<environment.Job instance at 0x7f46d4965b40>,13,21,[8 3],14,120,141,106,112
1,<environment.Job instance at 0x7f46d4965050>,15,26,[2 9],16,112,138,96,112
1,<environment.Job instance at 0x7f46d47ce500>,7,1,[4 5],8,8,9,0,8
1,<environment.Job instance at 0x7f47188aebe0>,8,21,[8 1],9,9,30,0,9
1,<environment.Job instance at 0x7f47186f0c30>,10,21,[9 1],11,30,51,19,22
1,<environment.Job instance at 0x7f47186f04b0>,12,28,[9 4],13,51,79,38,50
1,<environment.Job instance at 0x7f47186f02d0>,15,24,[8 4],16,79,103,63,74
1,<environment.Job instance at 0x7f47187e6f50>,18,22,[5 5],19,75,97,56,75
1,<environment.Job instance at 0x7f471aeb8500>,21,26,[6 1],22,97,123,75,94
1,<environment.Job instance at 0x7f47186f0af0>,14,19,[5 5],15,103,122,88,99
1,<environment.Job instance at 0x7f47188d6280>,1,24,[10  2],2,2,26,0,2
1,<environment.Job instance at 0x7f46d486f230>,7,21,[12  1],8,26,47,18,18
1,<environment.Job instance at 0x7f46d488cf00>,5,19,[11  3],6,47,66,41,38
1,<environment.Job instance at 0x7f46d486f190>,9,26,[1 9],10,38,64,28,38
1,<environment.Job instance at 0x7f46d486f410>,12,26,[13  5],13,66,92,53,63
1,<environment.Job instance at 0x7f46d486f4b0>,13,25,[13  3],14,92,117,78,88
1,<environment.Job instance at 0x7f46d486f0a0>,14,22,[ 5 10],15,117,139,102,110
1,<environment.Job instance at 0x7f46d47ddaf0>,0,28,[ 5 11],1,1,29,0,1
1,<environment.Job instance at 0x7f46d47ddb90>,4,28,[14  5],5,29,57,24,28
1,<environment.Job instance at 0x7f46d47dd8c0>,7,28,[ 5 11],8,57,85,49,56
1,<environment.Job instance at 0x7f46d47dd460>,19,3,[2 7],20,99,102,79,99
1,<environment.Job instance at 0x7f46d4da9640>,21,21,[10  5],22,107,128,85,107
1,<environment.Job instance at 0x7f46d4da9640>,5,20,[ 4 10],6,6,26,0,6
1,<environment.Job instance at 0x7f46d4af9780>,11,24,[ 4 11],12,26,50,14,21
1,<environment.Job instance at 0x7f46d4af90a0>,12,24,[4 8],13,50,74,37,45
1,<environment.Job instance at 0x7f46d4af95f0>,13,21,[9 5],14,50,71,36,45
1,<environment.Job instance at 0x7f46d4af9af0>,14,25,[5 4],15,71,96,56,67
1,<environment.Job instance at 0x7f46d4af9fa0>,19,26,[8 5],20,74,100,54,71
1,<environment.Job instance at 0x7f46d4af9640>,20,20,[9 5],21,100,120,79,91
1,<environment.Job instance at 0x7f471855faf0>,0,19,[ 4 11],1,120,139,119,118
1,<environment.Job instance at 0x7f471abadeb0>,1,26,[13  3],2,2,28,0,2
1,<environment.Job instance at 0x7f46d4af9cd0>,3,20,[11  4],4,28,48,24,19
1,<environment.Job instance at 0x7f471af9bc30>,9,20,[ 4 12],10,48,68,38,39
1,<environment.Job instance at 0x7f471af9bfa0>,10,28,[5 8],11,68,96,57,67
1,<environment.Job instance at 0x7f471af9bc80>,12,27,[ 3 10],13,96,123,83,94
1,<environment.Job instance at 0x7f471afb6050>,15,22,[ 1 10],16,123,145,107,116
1,<environment.Job instance at 0x7f471afb6a50>,17,27,[6 4],18,116,143,98,116
1,<environment.Job instance at 0x7f471f8e4af0>,4,1,[14  4],5,5,6,0,5
1,<environment.Job instance at 0x7f46d456f690>,5,2,[14  4],6,6,8,0,6
1,<environment.Job instance at 0x7f471afc4aa0>,6,24,[2 9],7,8,32,1,7
1,<environment.Job instance at 0x7f46d47aa870>,1,22,[10  4],2,2,24,0,2
1,<environment.Job instance at 0x7f46d445e9b0>,6,26,[14  4],7,24,50,17,21
1,<environment.Job instance at 0x7f46d445e0a0>,8,23,[ 1 11],9,21,44,12,21
1,<environment.Job instance at 0x7f46d445e2d0>,13,22,[4 8],14,50,72,36,43
1,<environment.Job instance at 0x7f46d445efa0>,12,2,[4 7],13,50,52,37,43
1,<environment.Job instance at 0x7f46d445ee10>,16,22,[4 7],17,52,74,35,45
1,<environment.Job instance at 0x7f46d445ebe0>,18,22,[3 5],19,72,94,53,65
1,<environment.Job instance at 0x7f46d445e370>,19,1,[3 9],20,74,75,54,65
1,<environment.Job instance at 0x7f46d458d8c0>,24,20,[1 7],25,75,95,50,68
1,<environment.Job instance at 0x7f46d445ef50>,4,25,[ 1 14],5,95,120,90,91
1,<environment.Job instance at 0x7f46d458dc30>,29,28,[1 7],30,120,148,90,119
1,<environment.Job instance at 0x7f47183118c0>,4,23,[5 5],5,5,28,0,5
1,<environment.Job instance at 0x7f4718961230>,5,1,[7 4],6,7,8,1,7
1,<environment.Job instance at 0x7f471af38230>,1,23,[4 8],2,2,25,0,2
1,<environment.Job instance at 0x7f47188e2e10>,4,23,[12  5],5,25,48,20,19
1,<environment.Job instance at 0x7f47188e2dc0>,6,28,[2 5],7,19,47,12,19
1,<environment.Job instance at 0x7f471ab53f50>,12,26,[2 8],13,47,73,34,44
1,<environment.Job instance at 0x7f471ab531e0>,11,2,[12  2],12,49,51,37,49
1,<environment.Job instance at 0x7f471aaad730>,18,2,[14  1],19,73,75,54,55
1,<environment.Job instance at 0x7f46d4a7bc80>,0,28,[ 4 10],1,1,29,0,1
1,<environment.Job instance at 0x7f46d4a7baf0>,6,26,[5 3],7,7,33,0,7
1,<environment.Job instance at 0x7f46d4a7b6e0>,12,21,[8 4],13,29,50,16,21
1,<environment.Job instance at 0x7f4718324140>,14,21,[6 4],15,33,54,18,25
1,<environment.Job instance at 0x7f46d4a7b870>,4,22,[ 1 11],5,50,72,45,49
1,<environment.Job instance at 0x7f47183244b0>,23,20,[9 5],24,72,92,48,63
1,<environment.Job instance at 0x7f46d4a7b280>,11,24,[ 4 14],12,92,116,80,87
1,<environment.Job instance at 0x7f46d4a7bb90>,3,21,[12  5],4,116,137,112,113
1,<environment.Job instance at 0x7f46d4c98640>,31,22,[1 9],32,116,138,84,114
1,<environment.Job instance at 0x7f47185453c0>,0,28,[12  2],1,1,29,0,1
1,<environment.Job instance at 0x7f471882e050>,6,23,[3 7],7,7,30,0,7
1,<environment.Job instance at 0x7f471870f190>,3,3,[ 3 12],4,30,33,26,26
1,<environment.Job instance at 0x7f46d4de3e10>,11,25,[3 9],12,33,58,21,29
1,<environment.Job instance at 0x7f46d4de33c0>,12,22,[6 5],13,33,55,20,29
1,<environment.Job instance at 0x7f471882ec80>,9,19,[11  4],10,55,74,45,55
1,<environment.Job instance at 0x7f46d4d823c0>,17,27,[7 4],18,74,101,56,72
1,<environment.Job instance at 0x7f4718813af0>,20,21,[10  3],21,101,122,80,93
1,<environment.Job instance at 0x7fc8dff7bdc0>,4,24,[ 3 11],5,5,29,0,5
1,<environment.Job instance at 0x7fc8d8ae3690>,8,24,[ 2 10],9,29,53,20,24
1,<environment.Job instance at 0x7fc8d8ae3870>,14,21,[ 3 11],15,53,74,38,45
1,<environment.Job instance at 0x7fc8d8ae3b90>,19,21,[8 5],20,74,95,54,66
1,<environment.Job instance at 0x7fc8d8ae3c30>,20,21,[13  5],21,95,116,74,87
1,<environment.Job instance at 0x7fc8d8ae3cd0>,21,22,[8 2],22,116,138,94,109
1,<environment.Job instance at 0x7fc8d8ae3fa0>,24,2,[ 3 12],25,116,118,91,114
1,<environment.Job instance at 0x7fc8d8ae3eb0>,26,20,[4 8],27,118,138,91,114
1,<environment.Job instance at 0x7fc8e005ef00>,4,19,[9 1],5,5,24,0,5
1,<environment.Job instance at 0x7fc8e005efa0>,5,23,[7 3],6,24,47,18,18
1,<environment.Job instance at 0x7fc8e005ea50>,7,26,[ 1 11],8,18,44,10,18
1,<environment.Job instance at 0x7fc8dff19320>,9,21,[3 6],10,44,65,34,36
1,<environment.Job instance at 0x7fc8e0059910>,15,19,[1 5],16,44,63,28,43
1,<environment.Job instance at 0x7fc8e00590a0>,16,25,[5 4],17,47,72,30,43
1,<environment.Job instance at 0x7fc8e0059640>,18,28,[7 1],19,63,91,44,62
1,<environment.Job instance at 0x7fc8e0059500>,21,24,[12  2],22,91,115,69,86
1,<environment.Job instance at 0x7fc8e00596e0>,22,26,[ 3 11],23,86,112,63,86
1,<environment.Job instance at 0x7fc8e006c5a0>,27,1,[ 5 12],28,115,116,87,113
1,<environment.Job instance at 0x7fc8e006c910>,28,24,[8 5],29,116,140,87,113
1,<environment.Job instance at 0x7fc8e006cd70>,2,23,[1 7],3,3,26,0,3
1,<environment.Job instance at 0x7fc8dff19820>,8,21,[9 5],9,9,30,0,9
1,<environment.Job instance at 0x7fc8dff410a0>,5,2,[14  3],6,30,32,24,24
1,<environment.Job instance at 0x7fc8dff41460>,7,2,[14  5],8,32,34,24,24
1,<environment.Job instance at 0x7fc894ddf500>,11,22,[6 1],12,34,56,22,27
1,<environment.Job instance at 0x7fc894ddfb90>,13,21,[5 1],14,34,55,20,27
1,<environment.Job instance at 0x7fc894ddf730>,15,20,[5 5],16,55,75,39,46
1,<environment.Job instance at 0x7fc894ddfc30>,17,20,[3 7],18,46,66,28,46
1,<environment.Job instance at 0x7fc894ddfeb0>,18,27,[ 3 13],19,75,102,56,73
1,<environment.Job instance at 0x7fc894ddf460>,19,20,[14  3],20,102,122,82,94
1,<environment.Job instance at 0x7fc894ddf6e0>,22,1,[ 5 14],23,122,123,99,116
1,<environment.Job instance at 0x7fc894e280f0>,26,28,[14  3],27,123,151,96,122
1,<environment.Job instance at 0x7fc8951a24b0>,3,27,[9 1],4,4,31,0,4
1,<environment.Job instance at 0x7fc8951a2cd0>,4,21,[3 9],5,5,26,0,5
1,<environment.Job instance at 0x7fc8951a2af0>,5,22,[7 4],6,31,53,25,24
1,<environment.Job instance at 0x7fc894eec500>,8,28,[3 6],9,26,54,17,25
1,<environment.Job instance at 0x7fc894eeccd0>,13,26,[12  3],14,53,79,39,50
1,<environment.Job instance at 0x7fc8951a25f0>,2,19,[11  4],3,83,102,80,83
1,<environment.Job instance at 0x7fc894f5cc30>,17,28,[1 9],18,85,113,67,85
1,<environment.Job instance at 0x7fc894f5cb90>,18,26,[7 3],19,102,128,83,99
1,<environment.Job instance at 0x7fc8d8f32780>,0,23,[7 1],1,1,24,0,1
1,<environment.Job instance at 0x7fc8951e00a0>,7,24,[10  2],8,24,48,16,19
1,<environment.Job instance at 0x7fc8951e05a0>,12,25,[11  2],13,48,73,35,44
1,<environment.Job instance at 0x7fc8951e0780>,15,22,[8 5],16,73,95,57,66
1,<environment.Job instance at 0x7fc8951e08c0>,17,23,[9 5],18,95,118,77,89
1,<environment.Job instance at 0x7fc8951e0960>,18,23,[8 1],19,118,141,99,112
1,<environment.Job instance at 0x7fc894f656e0>,3,23,[6 5],4,4,27,0,4
1,<environment.Job instance at 0x7fc894f657d0>,6,27,[4 6],7,7,34,0,7
1,<environment.Job instance at 0x7fc8950229b0>,9,21,[9 2],10,27,48,17,19
1,<environment.Job instance at 0x7fc895022820>,12,22,[9 1],13,48,70,35,41
1,<environment.Job instance at 0x7fc895022fa0>,10,22,[ 3 12],11,41,63,30,41
1,<environment.Job instance at 0x7fc895022640>,5,2,[ 5 13],6,63,65,57,63
1,<environment.Job instance at 0x7fc895022730>,18,22,[8 4],19,70,92,51,63
1,<environment.Job instance at 0x7fc8d8e9e820>,21,22,[7 5],22,76,98,54,76
1,<environment.Job instance at 0x7fc8d8e9efa0>,24,2,[2 6],25,95,97,70,95
1,<environment.Job instance at 0x7fc8d8e9e7d0>,25,24,[1 6],26,97,121,71,95
1,<environment.Job instance at 0x7fc8df9bb230>,1,27,[ 2 11],2,2,29,0,2
1,<environment.Job instance at 0x7fc8df383190>,6,26,[9 2],7,7,33,0,7
1,<environment.Job instance at 0x7fc8d88dbaa0>,12,23,[ 3 10],13,29,52,16,23
1,<environment.Job instance at 0x7fc8df8806e0>,16,24,[1 9],17,52,76,35,47
1,<environment.Job instance at 0x7fc8df85bfa0>,21,26,[13  1],22,52,78,30,50
1,<environment.Job instance at 0x7fc894f47dc0>,8,20,[ 1 13],9,76,96,67,67
1,<environment.Job instance at 0x7fc8950472d0>,26,25,[3 9],27,96,121,69,92
1,<environment.Job instance at 0x7fc894d6ae10>,24,19,[ 5 13],25,125,144,100,125
1,<environment.Job instance at 0x7fc894e61460>,0,24,[1 6],1,1,25,0,1
1,<environment.Job instance at 0x7fc895282050>,2,24,[5 8],3,3,27,0,3
1,<environment.Job instance at 0x7fc894e61a00>,4,22,[7 2],5,25,47,20,19
1,<environment.Job instance at 0x7fc8d8896f00>,7,21,[4 9],8,27,48,19,19
1,<environment.Job instance at 0x7fc8d88b73c0>,11,23,[8 4],12,47,70,35,41
1,<environment.Job instance at 0x7fc8d8896fa0>,9,21,[ 4 11],10,48,69,38,41
1,<environment.Job instance at 0x7fc8d88b7190>,13,20,[5 7],14,69,89,55,60
1,<environment.Job instance at 0x7fc8d88b7780>,17,24,[6 2],18,70,94,52,65
1,<environment.Job instance at 0x7fc8d88b75f0>,19,25,[8 3],20,89,114,69,85
1,<environment.Job instance at 0x7fc8d88b70f0>,8,21,[ 5 14],9,114,135,105,106
1,<environment.Job instance at 0x7fc8d88b7dc0>,27,20,[ 5 13],28,135,155,107,129
1,<environment.Job instance at 0x7fc8d88b7cd0>,3,26,[ 2 11],4,4,30,0,4
1,<environment.Job instance at 0x7fc8df642e10>,0,21,[ 4 13],1,1,22,0,1
1,<environment.Job instance at 0x7fc8dfddfbe0>,3,27,[13  3],4,22,49,18,20
1,<environment.Job instance at 0x7fc8d8b9a5a0>,6,23,[14  1],7,49,72,42,44
1,<environment.Job instance at 0x7fc8df7d7eb0>,4,24,[3 9],5,72,96,67,68
1,<environment.Job instance at 0x7fc8d8b9a8c0>,7,27,[11  2],8,72,99,64,70
1,<environment.Job instance at 0x7fc895077690>,10,22,[ 3 14],11,99,121,88,92
1,<environment.Job instance at 0x7fc8d89a56e0>,18,21,[9 4],19,121,142,102,113
1,<environment.Job instance at 0x7fc8df421320>,1,23,[13  4],2,2,25,0,2
1,<environment.Job instance at 0x7fc89517b280>,3,26,[1 9],4,4,30,0,4
1,<environment.Job instance at 0x7fc8d8a800f0>,4,25,[5 4],5,25,50,20,21
1,<environment.Job instance at 0x7fc894f835f0>,5,22,[ 2 10],6,30,52,24,23
1,<environment.Job instance at 0x7fc894f83a00>,12,2,[ 1 10],13,52,54,39,29
1,<environment.Job instance at 0x7fc894f838c0>,10,19,[12  3],11,51,70,40,51
1,<environment.Job instance at 0x7fc894ce1aa0>,0,26,[ 4 11],1,1,27,0,1
1,<environment.Job instance at 0x7fc894ce1870>,3,24,[ 5 12],4,27,51,23,22
1,<environment.Job instance at 0x7fc894ce1d70>,2,23,[1 6],3,51,74,48,45
1,<environment.Job instance at 0x7fc894ce1780>,5,3,[ 3 12],6,74,77,68,50
1,<environment.Job instance at 0x7fc894ce1550>,10,19,[ 4 11],11,77,96,66,67
1,<environment.Job instance at 0x7fc8d8beea50>,15,20,[ 4 10],16,96,116,80,87
1,<environment.Job instance at 0x7fc894e93640>,1,26,[13  3],2,2,28,0,2
1,<environment.Job instance at 0x7fc8df431e10>,3,20,[11  4],4,28,48,24,19
1,<environment.Job instance at 0x7fc8df38a5a0>,10,28,[5 8],11,48,76,37,47
1,<environment.Job instance at 0x7fc8df3978c0>,9,20,[ 4 12],10,76,96,66,67
1,<environment.Job instance at 0x7fc8df3977d0>,12,27,[ 3 10],13,96,123,83,94
1,<environment.Job instance at 0x7fc8df397e10>,15,22,[ 1 10],16,123,145,107,116
1,<environment.Job instance at 0x7fc8df3975a0>,17,27,[6 4],18,116,143,98,116
1,<environment.Job instance at 0x7fc8df3975a0>,6,27,[7 4],7,7,34,0,7
1,<environment.Job instance at 0x7fc894c8b370>,4,2,[ 3 14],5,34,36,29,14
1,<environment.Job instance at 0x7fc8d8adbaa0>,11,24,[6 3],12,36,60,24,31
1,<environment.Job instance at 0x7fc8d8adb820>,12,28,[2 8],13,36,64,23,35
1,<environment.Job instance at 0x7fc894c76640>,15,20,[8 1],16,60,80,44,51
1,<environment.Job instance at 0x7fc894c76820>,16,23,[ 3 11],17,64,87,47,58
1,<environment.Job instance at 0x7fc894c76e10>,18,26,[9 3],19,80,106,61,77
1,<environment.Job instance at 0x7fc894c76a00>,21,20,[ 4 14],22,106,126,84,101
1,<environment.Job instance at 0x7fc8dfa18460>,24,25,[ 5 12],25,126,151,101,122
1,<environment.Job instance at 0x7fc8df2ea2d0>,4,20,[1 7],5,5,25,0,5
1,<environment.Job instance at 0x7fc8d88db140>,8,3,[14  3],9,13,16,4,13
1,<environment.Job instance at 0x7fc8d88db690>,9,28,[1 7],10,16,44,6,15
1,<environment.Job instance at 0x7fc894f47aa0>,16,24,[ 2 12],17,44,68,27,39
1,<environment.Job instance at 0x7fc894ae3280>,0,24,[7 1],1,1,25,0,1
1,<environment.Job instance at 0x7fc894ae3320>,1,21,[1 9],2,2,23,0,2
1,<environment.Job instance at 0x7fc894ab70a0>,5,27,[ 4 13],6,23,50,17,21
1,<environment.Job instance at 0x7fc894ab7280>,14,22,[8 2],15,38,60,23,38
1,<environment.Job instance at 0x7fc894ab7a00>,15,27,[4 9],16,50,77,34,48
1,<environment.Job instance at 0x7fc894ab75f0>,17,19,[ 1 11],18,77,96,59,72
1,<environment.Job instance at 0x7fc8953e5aa0>,20,28,[5 4],21,72,100,51,72
1,<environment.Job instance at 0x7fc8df7b10f0>,0,25,[5 8],1,1,26,0,1
1,<environment.Job instance at 0x7fc8953e5730>,1,28,[3 6],2,2,30,0,2
1,<environment.Job instance at 0x7fc894b11410>,6,28,[5 3],7,26,54,19,25
1,<environment.Job instance at 0x7fc8d8e061e0>,7,23,[10  1],8,30,53,22,25
1,<environment.Job instance at 0x7fc8d8e06230>,8,21,[7 1],9,53,74,44,45
1,<environment.Job instance at 0x7fc8d8e060f0>,10,24,[11  2],11,74,98,63,69
1,<environment.Job instance at 0x7fc8d8e06a50>,15,24,[7 2],16,98,122,82,93
1,<environment.Job instance at 0x7fc8d8e0c6e0>,17,27,[5 1],18,98,125,80,96
1,<environment.Job instance at 0x7fc8d8e0ca00>,18,22,[10  5],19,122,144,103,115
1,<environment.Job instance at 0x7fc8d8e0c820>,20,20,[4 7],21,125,145,104,116
1,<environment.Job instance at 0x7fc8953aba00>,2,24,[8 1],3,3,27,0,3
1,<environment.Job instance at 0x7fc8d8e0cb40>,4,26,[4 5],5,5,31,0,5
1,<environment.Job instance at 0x7fc894c7d230>,5,28,[8 2],6,27,55,21,26
1,<environment.Job instance at 0x7fc8d8e0cf00>,3,23,[12  1],4,55,78,51,49
1,<environment.Job instance at 0x7fc894c7d640>,6,21,[11  3],7,78,99,71,70
1,<environment.Job instance at 0x7fc8d8931eb0>,10,23,[ 2 10],11,78,101,67,78
1,<environment.Job instance at 0x7fc894e098c0>,1,1,[ 3 12],2,101,102,99,100
1,<environment.Job instance at 0x7fc8953b2820>,15,24,[11  4],16,102,126,86,100
1,<environment.Job instance at 0x7fc8df7a5b90>,16,21,[14  5],17,126,147,109,118
1,<environment.Job instance at 0x7fc8954a1280>,2,22,[3 5],3,3,25,0,3
1,<environment.Job instance at 0x7fc894bb70f0>,8,25,[6 1],9,9,34,0,9
1,<environment.Job instance at 0x7fc8954a19b0>,11,26,[13  1],12,34,60,22,31
1,<environment.Job instance at 0x7fc894bb7230>,14,21,[5 8],15,60,81,45,52
1,<environment.Job instance at 0x7fc894bb7a00>,12,23,[13  2],13,81,104,68,75
1,<environment.Job instance at 0x7fc894bb71e0>,16,21,[ 3 13],17,104,125,87,96
1,<environment.Job instance at 0x7fc8d8b9e3c0>,0,24,[5 6],1,1,25,0,1
1,<environment.Job instance at 0x7fc8951b8140>,3,26,[8 5],4,4,30,0,4
1,<environment.Job instance at 0x7fc8950dcdc0>,6,26,[ 2 10],7,25,51,18,22
1,<environment.Job instance at 0x7fc8d8c17c30>,11,28,[8 3],12,30,58,18,29
1,<environment.Job instance at 0x7fc8df6c55f0>,12,26,[11  4],13,58,84,45,55
1,<environment.Job instance at 0x7fc8951b8fa0>,4,21,[12  3],5,84,105,79,76
1,<environment.Job instance at 0x7fc8d8c172d0>,15,27,[ 1 10],16,84,111,68,84
1,<environment.Job instance at 0x7fc8d8c17640>,13,2,[ 3 14],14,111,113,97,108
1,<environment.Job instance at 0x7fc8df82e910>,19,28,[ 4 14],20,113,141,93,112
1,<environment.Job instance at 0x7f3206a9a1e0>,4,24,[ 3 11],5,5,29,0,5
1,<environment.Job instance at 0x7f3206a9a370>,6,19,[1 7],7,29,48,22,19
1,<environment.Job instance at 0x7f3206a9a5a0>,8,24,[ 2 10],9,48,72,39,43
1,<environment.Job instance at 0x7f3206a9a780>,11,1,[8 4],12,43,44,31,43
1,<environment.Job instance at 0x7f3206a9a960>,14,21,[ 3 11],15,72,93,57,64
1,<environment.Job instance at 0x7f3206a9aaa0>,16,19,[ 3 10],17,93,112,76,83
1,<environment.Job instance at 0x7f3206a9acd0>,19,21,[8 5],20,93,114,73,85
1,<environment.Job instance at 0x7f3206a9ad70>,20,21,[13  5],21,114,135,93,106
1,<environment.Job instance at 0x7f3206a9a320>,21,22,[8 2],22,135,157,113,128
1,<environment.Job instance at 0x7f3206a9b050>,26,20,[4 8],27,135,155,108,129
1,<environment.Job instance at 0x7f320bed2230>,5,19,[1 5],6,6,25,0,6
1,<environment.Job instance at 0x7f320bed2960>,6,25,[5 4],7,7,32,0,7
1,<environment.Job instance at 0x7f320bed2f50>,8,28,[7 1],9,9,37,0,9
1,<environment.Job instance at 0x7f320c0189b0>,11,24,[12  2],12,37,61,25,32
1,<environment.Job instance at 0x7f320c018a00>,12,26,[ 3 11],13,32,58,19,32
1,<environment.Job instance at 0x7f320c010af0>,18,24,[8 5],19,61,85,42,56
1,<environment.Job instance at 0x7f320c010d20>,17,1,[ 5 12],18,85,86,67,59
1,<environment.Job instance at 0x7f320c01e410>,23,20,[14  2],24,86,106,62,77
1,<environment.Job instance at 0x7f31c0ded7d0>,6,28,[14  3],7,9,37,2,9
1,<environment.Job instance at 0x7f31c0dede10>,7,24,[ 4 11],8,37,61,29,32
1,<environment.Job instance at 0x7f31c0e3bc30>,11,22,[ 1 10],12,61,83,49,54
1,<environment.Job instance at 0x7f31c0e3b820>,13,24,[2 7],14,83,107,69,78
1,<environment.Job instance at 0x7f31c0e3b0a0>,14,25,[5 5],15,78,103,63,78
1,<environment.Job instance at 0x7f31c0e3bc80>,17,26,[7 1],18,97,123,79,97
1,<environment.Job instance at 0x7f320c01e4b0>,2,1,[ 5 14],3,107,108,104,101
1,<environment.Job instance at 0x7f31c0e3b410>,20,1,[11  3],21,123,124,102,102
1,<environment.Job instance at 0x7f31c0dedb90>,8,3,[11  1],9,124,127,115,114
1,<environment.Job instance at 0x7f31c0e3b3c0>,25,24,[8 2],26,127,151,101,122
1,<environment.Job instance at 0x7f320bf3c280>,1,20,[7 4],2,2,22,0,2
1,<environment.Job instance at 0x7f31c0e3b870>,2,23,[2 8],3,3,26,0,3
1,<environment.Job instance at 0x7f3206d1b690>,8,25,[6 1],9,9,34,0,9
1,<environment.Job instance at 0x7f31c0de25f0>,2,27,[14  3],3,3,30,0,3
1,<environment.Job instance at 0x7f31c1192230>,5,25,[4 9],6,30,55,24,26
1,<environment.Job instance at 0x7f31c118f410>,15,28,[5 5],16,47,75,31,47
1,<environment.Job instance at 0x7f31c118f4b0>,16,19,[ 1 12],17,75,94,58,65
1,<environment.Job instance at 0x7f31c118f550>,17,24,[10  2],18,65,89,47,65
1,<environment.Job instance at 0x7f31c118f5f0>,18,2,[ 4 13],19,94,96,75,88
1,<environment.Job instance at 0x7f31c118f690>,19,19,[ 5 10],20,96,115,76,88
1,<environment.Job instance at 0x7f31c118f7d0>,21,28,[ 1 12],22,115,143,93,114
1,<environment.Job instance at 0x7f3206be04b0>,1,27,[9 3],2,2,29,0,2
1,<environment.Job instance at 0x7f3206be0a50>,4,2,[ 2 13],5,29,31,24,7
1,<environment.Job instance at 0x7f3206be0230>,5,26,[ 3 14],6,31,57,25,28
1,<environment.Job instance at 0x7f3206be0eb0>,9,25,[8 4],10,57,82,47,53
1,<environment.Job instance at 0x7f3206be0140>,15,3,[14  5],16,82,85,66,56
1,<environment.Job instance at 0x7f3206f4d230>,18,1,[8 1],19,85,86,66,71
1,<environment.Job instance at 0x7f3206f4d140>,20,15,[6 2],21,85,100,64,85
1,<environment.Job instance at 0x7f3206f4d550>,21,2,[10  4],22,100,102,78,85
1,<environment.Job instance at 0x7f3206dc57d0>,22,26,[1 6],23,85,111,62,85
1,<environment.Job instance at 0x7f3206dc5af0>,23,23,[5 5],24,102,125,78,96
1,<environment.Job instance at 0x7f3206806780>,2,28,[3 8],3,3,31,0,3
1,<environment.Job instance at 0x7f31c0f5ba00>,10,21,[11  1],11,14,35,3,14
1,<environment.Job instance at 0x7f31c0f5ba50>,12,24,[8 3],13,35,59,22,30
1,<environment.Job instance at 0x7f31c1094cd0>,14,23,[ 5 10],15,35,58,20,30
1,<environment.Job instance at 0x7f31c1256e10>,15,25,[ 2 14],16,59,84,43,55
1,<environment.Job instance at 0x7f3206a22a50>,4,26,[ 4 10],5,5,31,0,5
1,<environment.Job instance at 0x7f32068d5730>,8,25,[5 5],9,9,34,0,9
1,<environment.Job instance at 0x7f32068d5870>,9,26,[2 9],10,31,57,21,28
1,<environment.Job instance at 0x7f32068d59b0>,10,22,[5 3],11,34,56,23,28
1,<environment.Job instance at 0x7f32068d5af0>,12,27,[10  3],13,56,83,43,54
1,<environment.Job instance at 0x7f32068d5b90>,13,1,[ 1 11],14,74,75,60,74
1,<environment.Job instance at 0x7f32068d5cd0>,15,22,[ 2 11],16,75,97,59,74
1,<environment.Job instance at 0x7f32068d5d70>,16,23,[8 4],17,83,106,66,77
1,<environment.Job instance at 0x7f32068d5eb0>,18,28,[ 4 10],19,97,125,78,96
1,<environment.Job instance at 0x7f32068d5780>,21,24,[2 6],22,125,149,103,120
1,<environment.Job instance at 0x7f3207545640>,1,23,[3 6],2,2,25,0,2
1,<environment.Job instance at 0x7f3206adcaa0>,4,23,[2 6],5,5,28,0,5
1,<environment.Job instance at 0x7f31c130dcd0>,7,22,[6 5],8,25,47,17,18
1,<environment.Job instance at 0x7f320749d280>,8,24,[9 2],9,28,52,19,23
1,<environment.Job instance at 0x7f3206c485a0>,13,2,[12  2],14,52,54,38,47
1,<environment.Job instance at 0x7f320bece6e0>,2,25,[8 5],3,3,28,0,3
1,<environment.Job instance at 0x7f31c0d188c0>,4,24,[13  5],5,28,52,23,23
1,<environment.Job instance at 0x7f320bece3c0>,3,2,[14  3],4,52,54,48,25
1,<environment.Job instance at 0x7f31c110f230>,8,27,[ 3 10],9,54,81,45,52
1,<environment.Job instance at 0x7f31c110ffa0>,9,19,[8 3],10,54,73,44,52
1,<environment.Job instance at 0x7f320beceb90>,0,19,[3 8],1,81,100,80,71
1,<environment.Job instance at 0x7f31c135da00>,20,19,[6 4],21,105,124,84,105
1,<environment.Job instance at 0x7f31c100a280>,2,21,[5 5],3,3,24,0,3
1,<environment.Job instance at 0x7f3206847640>,5,25,[3 6],6,6,31,0,6
1,<environment.Job instance at 0x7f31c13420a0>,8,22,[8 3],9,24,46,15,17
1,<environment.Job instance at 0x7f3206876280>,12,2,[12  3],13,46,48,33,37
1,<environment.Job instance at 0x7f3206876460>,15,19,[2 5],16,45,64,29,45
1,<environment.Job instance at 0x7f3206876500>,16,23,[2 5],17,48,71,31,45
1,<environment.Job instance at 0x7f32077b1fa0>,2,27,[8 5],3,3,30,0,3
1,<environment.Job instance at 0x7f31c0c29910>,7,20,[14  5],8,30,50,22,21
1,<environment.Job instance at 0x7f3206a20820>,13,21,[1 7],14,37,58,23,37
1,<environment.Job instance at 0x7f31c0c295f0>,8,25,[ 3 12],9,58,83,49,54
1,<environment.Job instance at 0x7f32077b1f50>,4,25,[ 1 12],5,83,108,78,79
1,<environment.Job instance at 0x7f3206a20c80>,17,3,[ 2 13],18,108,111,90,106
1,<environment.Job instance at 0x7f3206a202d0>,19,1,[7 5],20,111,112,91,110
1,<environment.Job instance at 0x7f31c10d6460>,21,26,[13  3],22,112,138,90,111
1,<environment.Job instance at 0x7f32068135f0>,4,1,[14  4],5,5,6,0,5
1,<environment.Job instance at 0x7f3206813190>,5,2,[14  4],6,6,8,0,6
1,<environment.Job instance at 0x7f3206813cd0>,6,24,[2 9],7,8,32,1,7
1,<environment.Job instance at 0x7f3206a1a9b0>,4,20,[1 7],5,5,25,0,5
1,<environment.Job instance at 0x7f3206a1aaa0>,9,28,[1 7],10,10,38,0,10
1,<environment.Job instance at 0x7f3206a1a690>,8,3,[14  3],9,60,63,51,60
1,<environment.Job instance at 0x7f32071927d0>,16,24,[ 2 12],17,63,87,46,60
1,<environment.Job instance at 0x7f32075df5a0>,4,22,[8 2],5,5,27,0,5
1,<environment.Job instance at 0x7f32075df050>,5,27,[4 9],6,6,33,0,6
1,<environment.Job instance at 0x7f3206901780>,10,28,[5 4],11,27,55,16,26
1,<environment.Job instance at 0x7f31c135b230>,16,3,[12  1],17,55,58,38,41
1,<environment.Job instance at 0x7f3207192690>,7,19,[ 1 11],8,42,61,34,42
1,<environment.Job instance at 0x7f31c0c37eb0>,19,21,[12  4],20,58,79,38,54
1,<environment.Job instance at 0x7f3207140a50>,22,2,[11  5],23,79,81,56,67
1,<environment.Job instance at 0x7f3207140820>,23,1,[8 3],24,81,82,57,67
1,<environment.Job instance at 0x7f31c13d06e0>,24,28,[13  3],25,82,110,57,81
1,<environment.Job instance at 0x7f31c0b34960>,27,2,[14  3],28,110,112,82,105
1,<environment.Job instance at 0x7f31c0b34230>,29,1,[ 2 12],30,106,107,76,106
1,<environment.Job instance at 0x7f31c0b34c30>,30,20,[8 3],31,112,132,81,106
1,<environment.Job instance at 0x7f31c0b34500>,31,23,[9 5],32,132,155,100,126
1,<environment.Job instance at 0x7f320bda2d20>,0,20,[4 7],1,1,21,0,1
1,<environment.Job instance at 0x7f320bda2d70>,5,28,[7 3],6,6,34,0,6
1,<environment.Job instance at 0x7f320bda2960>,9,20,[1 6],10,21,41,11,12
1,<environment.Job instance at 0x7f320bda2550>,11,22,[ 1 10],12,41,63,29,34
1,<environment.Job instance at 0x7f32069b2190>,12,28,[13  5],13,34,62,21,34
1,<environment.Job instance at 0x7f32069b25a0>,13,23,[9 3],14,62,85,48,56
1,<environment.Job instance at 0x7f31c0b34550>,1,21,[13  2],2,85,106,83,77
1,<environment.Job instance at 0x7f32069b2cd0>,18,19,[13  3],19,107,126,88,107
1,<environment.Job instance at 0x7f32069b2050>,19,25,[ 3 13],20,126,151,106,122
1,<environment.Job instance at 0x7f32069b2780>,20,19,[10  2],21,126,145,105,122
1,<environment.Job instance at 0x7f31c0f5daa0>,1,20,[4 7],2,2,22,0,2
1,<environment.Job instance at 0x7f31c0f6f280>,4,27,[2 7],5,5,32,0,5
1,<environment.Job instance at 0x7f31c0e2a230>,12,25,[10  2],13,22,47,9,18
1,<environment.Job instance at 0x7f31c0f99b40>,14,1,[7 3],15,47,48,32,31
1,<environment.Job instance at 0x7f31c0e68d20>,8,25,[2 8],9,9,34,0,9
1,<environment.Job instance at 0x7f3206a03500>,3,28,[ 3 14],4,5,33,1,5
1,<environment.Job instance at 0x7f3206a03af0>,6,27,[9 4],7,33,60,26,31
1,<environment.Job instance at 0x7f3206a03820>,9,21,[2 5],10,33,54,23,31
1,<environment.Job instance at 0x7f320705a780>,10,1,[13  4],11,60,61,49,49
1,<environment.Job instance at 0x7f320705a0f0>,12,2,[ 5 11],13,54,56,41,52
1,<environment.Job instance at 0x7f320705aaf0>,13,25,[9 4],14,61,86,47,57
1,<environment.Job instance at 0x7f320705a910>,16,26,[6 3],17,61,87,44,58
1,<environment.Job instance at 0x7f320705a370>,19,27,[5 7],20,86,113,66,84
1,<environment.Job instance at 0x7f3206a03780>,7,20,[14  4],8,113,133,105,104
1,<environment.Job instance at 0x7f320705a460>,22,1,[ 5 12],23,133,134,110,132
1,<environment.Job instance at 0x7f320705ab90>,23,27,[ 2 10],24,134,161,110,132
1,<environment.Job instance at 0x7f320755d500>,1,23,[10  4],2,2,25,0,2
1,<environment.Job instance at 0x7f32075aa1e0>,4,21,[ 3 13],5,25,46,20,17
1,<environment.Job instance at 0x7f320755d460>,0,3,[11  1],1,26,29,25,26
1,<environment.Job instance at 0x7f34c214e1e0>,4,24,[ 3 11],5,5,29,0,5
1,<environment.Job instance at 0x7f34c214e5f0>,8,24,[ 2 10],9,29,53,20,24
1,<environment.Job instance at 0x7f34c214e870>,14,21,[ 3 11],15,53,74,38,45
1,<environment.Job instance at 0x7f34c214eb90>,19,21,[8 5],20,74,95,54,66
1,<environment.Job instance at 0x7f34c214ecd0>,21,22,[8 2],22,95,117,73,88
1,<environment.Job instance at 0x7f34c214eeb0>,24,2,[ 3 12],25,95,97,70,88
1,<environment.Job instance at 0x7f34c2150190>,26,20,[4 8],27,97,117,70,89
1,<environment.Job instance at 0x7f34c21503c0>,27,25,[14  4],28,117,142,89,113
1,<environment.Job instance at 0x7f34c2150820>,34,20,[5 3],35,142,162,107,133
1,<environment.Job instance at 0x7f34c2168c30>,1,24,[12  2],2,2,26,0,2
1,<environment.Job instance at 0x7f34c2150a50>,2,26,[ 3 11],3,7,33,4,7
1,<environment.Job instance at 0x7f34c95856e0>,8,24,[8 5],9,33,57,24,28
1,<environment.Job instance at 0x7f34c9585e10>,7,1,[ 5 12],8,57,58,49,30
1,<environment.Job instance at 0x7f34c96cbc80>,13,20,[14  2],14,58,78,44,49
1,<environment.Job instance at 0x7f347e3d4050>,0,1,[11  3],1,3,4,2,3
1,<environment.Job instance at 0x7f347e44d9b0>,5,24,[8 2],6,6,30,0,6
1,<environment.Job instance at 0x7f347e44d1e0>,8,22,[9 3],9,30,52,21,23
1,<environment.Job instance at 0x7f347e44deb0>,11,25,[10  5],12,52,77,40,48
1,<environment.Job instance at 0x7f347e44df00>,10,26,[4 7],11,48,74,37,48
1,<environment.Job instance at 0x7f347e44d910>,16,20,[ 3 11],17,77,97,60,68
1,<environment.Job instance at 0x7f347e44f6e0>,21,25,[5 1],22,74,99,52,70
1,<environment.Job instance at 0x7f347e44f5f0>,25,24,[9 3],26,97,121,71,92
1,<environment.Job instance at 0x7f347e44f5f0>,3,27,[ 3 14],4,6,33,2,6
1,<environment.Job instance at 0x7f347e8e7fa0>,7,28,[13  5],8,33,61,25,32
1,<environment.Job instance at 0x7f347e8e7dc0>,10,22,[5 6],11,61,83,50,54
1,<environment.Job instance at 0x7f347ea1d140>,18,2,[7 2],19,79,81,60,79
1,<environment.Job instance at 0x7f347ea1d870>,21,25,[7 3],22,95,120,73,95
1,<environment.Job instance at 0x7f347ea1daa0>,22,20,[2 8],23,95,115,72,95
1,<environment.Job instance at 0x7f347ea1dfa0>,23,27,[ 5 13],24,120,147,96,118
1,<environment.Job instance at 0x7f347ea1d640>,26,21,[5 4],27,147,168,120,146
1,<environment.Job instance at 0x7f34c1fa1c80>,0,26,[14  4],1,1,27,0,1
1,<environment.Job instance at 0x7f347e846140>,4,24,[9 2],5,27,51,22,22
1,<environment.Job instance at 0x7f347e846280>,7,27,[2 7],8,27,54,19,25
1,<environment.Job instance at 0x7f347e8463c0>,10,22,[1 8],11,51,73,40,44
1,<environment.Job instance at 0x7f347e846460>,11,28,[ 3 12],12,73,101,61,72
1,<environment.Job instance at 0x7f347e846500>,12,24,[ 4 10],13,101,125,88,96
1,<environment.Job instance at 0x7f347e8465a0>,13,25,[11  2],14,96,121,82,96
1,<environment.Job instance at 0x7f347e550050>,0,25,[7 5],1,1,26,0,1
1,<environment.Job instance at 0x7f347e846af0>,1,21,[7 5],2,2,23,0,2
1,<environment.Job instance at 0x7f34c8fb2230>,5,28,[8 5],6,23,51,17,22
1,<environment.Job instance at 0x7f34c8fb2500>,7,23,[8 4],8,51,74,43,45
1,<environment.Job instance at 0x7f34c8fb2f00>,4,23,[9 4],5,74,97,69,68
1,<environment.Job instance at 0x7f347e6424b0>,13,20,[9 4],14,97,117,83,88
1,<environment.Job instance at 0x7f347e642780>,14,20,[5 1],15,88,108,73,88
1,<environment.Job instance at 0x7f347e6428c0>,18,25,[12  1],19,117,142,98,113
1,<environment.Job instance at 0x7f347e642690>,22,24,[9 5],23,142,166,119,137
1,<environment.Job instance at 0x7f347e810140>,26,3,[4 8],27,142,145,115,140
1,<environment.Job instance at 0x7f347e810500>,28,2,[1 6],29,140,142,111,140
1,<environment.Job instance at 0x7f347ea2d9b0>,0,25,[14  5],1,1,26,0,1
1,<environment.Job instance at 0x7f347ea2d730>,2,28,[7 1],3,26,54,23,25
1,<environment.Job instance at 0x7f34c90c4fa0>,6,26,[3 8],7,26,52,19,25
1,<environment.Job instance at 0x7f34c90c4230>,7,26,[10  5],8,54,80,46,51
1,<environment.Job instance at 0x7f347e810960>,1,2,[ 2 12],2,80,82,78,73
1,<environment.Job instance at 0x7f34c90c41e0>,10,24,[1 6],11,82,106,71,77
1,<environment.Job instance at 0x7f34c8aefcd0>,12,24,[5 8],13,82,106,69,78
1,<environment.Job instance at 0x7f34c8a582d0>,13,20,[1 8],14,106,126,92,97
1,<environment.Job instance at 0x7f34c8a58e10>,14,22,[7 2],15,106,128,91,99
1,<environment.Job instance at 0x7f34c250c6e0>,17,21,[4 9],18,126,147,108,118
1,<environment.Job instance at 0x7f34c250ce60>,19,21,[ 4 11],20,147,168,127,139
1,<environment.Job instance at 0x7f34c250c370>,21,23,[8 4],22,139,162,117,139
1,<environment.Job instance at 0x7f34c236ee60>,0,25,[5 8],1,1,26,0,1
1,<environment.Job instance at 0x7f34c8dfcdc0>,8,24,[11  3],9,26,50,17,21
1,<environment.Job instance at 0x7f34c8dfcc30>,12,25,[1 8],13,26,51,13,22
1,<environment.Job instance at 0x7f34c8dfcfa0>,13,27,[ 3 12],14,51,78,37,49
1,<environment.Job instance at 0x7f34c8dfceb0>,10,26,[ 1 12],11,78,104,67,75
1,<environment.Job instance at 0x7f34c8df6190>,16,21,[8 3],17,75,96,58,75
1,<environment.Job instance at 0x7f34c8df6230>,17,28,[11  4],18,104,132,86,103
1,<environment.Job instance at 0x7f34c8df62d0>,18,26,[5 7],19,132,158,113,129
1,<environment.Job instance at 0x7f34c8df6370>,19,2,[5 1],20,132,134,112,129
1,<environment.Job instance at 0x7f347eaf8280>,1,24,[10  2],2,2,26,0,2
1,<environment.Job instance at 0x7f347eaf8500>,7,21,[12  1],8,26,47,18,24
1,<environment.Job instance at 0x7f347eaf83c0>,3,3,[ 2 14],4,46,49,42,46
1,<environment.Job instance at 0x7f347eaf8d20>,9,26,[1 9],10,49,75,39,46
1,<environment.Job instance at 0x7f347eae45a0>,12,26,[13  5],13,49,75,36,46
1,<environment.Job instance at 0x7f34c8c0b2d0>,13,25,[13  3],14,75,100,61,71
1,<environment.Job instance at 0x7f34c206b0f0>,14,22,[ 5 10],15,100,122,85,93
1,<environment.Job instance at 0x7f347eaf8960>,5,19,[11  3],6,122,141,116,121
1,<environment.Job instance at 0x7f347e4dcc80>,17,26,[3 8],18,130,156,112,130
1,<environment.Job instance at 0x7f34c8ab4c30>,0,20,[4 8],1,1,21,0,1
1,<environment.Job instance at 0x7f347e4dcc80>,2,27,[2 9],3,21,48,18,19
1,<environment.Job instance at 0x7f34c8dc8fa0>,7,23,[10  1],8,19,42,11,19
1,<environment.Job instance at 0x7f34c8dc8320>,8,22,[8 1],9,42,64,33,35
1,<environment.Job instance at 0x7f34c8dc8e10>,11,27,[3 9],12,48,75,36,46
1,<environment.Job instance at 0x7f34c8dc8730>,12,28,[3 8],13,75,103,62,74
1,<environment.Job instance at 0x7f34c8dc8410>,13,23,[ 5 10],14,103,126,89,97
1,<environment.Job instance at 0x7f34c8d8ab40>,16,1,[ 4 13],17,126,127,109,106
1,<environment.Job instance at 0x7f34c1f93320>,5,22,[3 6],6,6,28,0,6
1,<environment.Job instance at 0x7f347e7bc5f0>,9,20,[11  5],10,10,30,0,10
1,<environment.Job instance at 0x7f347e7bc4b0>,13,27,[ 1 10],14,28,55,14,26
1,<environment.Job instance at 0x7f347e7bc7d0>,12,19,[7 3],13,30,49,17,26
1,<environment.Job instance at 0x7f347e7bca50>,15,25,[ 5 11],16,55,80,39,51
1,<environment.Job instance at 0x7f347e7bcb90>,17,1,[1 7],18,80,81,62,54
1,<environment.Job instance at 0x7f347e7bca00>,18,20,[5 1],19,54,74,35,54
1,<environment.Job instance at 0x7f347e7bcd70>,19,28,[6 3],20,74,102,54,73
1,<environment.Job instance at 0x7f34c8cfefa0>,2,19,[ 2 12],3,88,107,85,88
1,<environment.Job instance at 0x7f347e7bceb0>,23,23,[4 5],24,107,130,83,101
1,<environment.Job instance at 0x7f347e7bd460>,26,22,[ 2 12],27,130,152,103,123
1,<environment.Job instance at 0x7f347e7bcfa0>,22,19,[ 3 12],23,152,171,129,147
1,<environment.Job instance at 0x7f347e9af370>,1,28,[5 5],2,2,30,0,2
1,<environment.Job instance at 0x7f347e9afaf0>,4,21,[4 8],5,5,26,0,5
1,<environment.Job instance at 0x7f34c22b9f00>,9,26,[1 9],10,26,52,16,23
1,<environment.Job instance at 0x7f34c22b9a50>,10,28,[9 3],11,30,58,19,29
1,<environment.Job instance at 0x7f34c22b9aa0>,12,28,[5 3],13,30,58,17,29
1,<environment.Job instance at 0x7f34c22b9fa0>,14,20,[4 9],15,58,78,43,50
1,<environment.Job instance at 0x7f34c22b9370>,17,24,[ 2 13],18,78,102,60,74
1,<environment.Job instance at 0x7f34c22b9140>,16,22,[ 2 11],17,102,124,85,96
1,<environment.Job instance at 0x7f34c22b9c30>,15,1,[ 3 13],16,124,125,108,114
1,<environment.Job instance at 0x7f34c209a460>,26,22,[ 1 14],27,125,147,98,118
1,<environment.Job instance at 0x7f34c248ab40>,27,2,[14  4],28,147,149,119,144
1,<environment.Job instance at 0x7f34c248a500>,29,27,[4 9],30,149,176,119,147
1,<environment.Job instance at 0x7f347e941820>,1,22,[10  4],2,2,24,0,2
1,<environment.Job instance at 0x7f347e941960>,6,26,[14  4],7,24,50,17,21
1,<environment.Job instance at 0x7f347e9cab40>,8,23,[ 1 11],9,21,44,12,21
1,<environment.Job instance at 0x7f34c8ea9be0>,13,22,[4 8],14,50,72,36,43
1,<environment.Job instance at 0x7f34c8ea9230>,14,1,[9 5],15,50,51,35,43
1,<environment.Job instance at 0x7f34c8ea9aa0>,16,22,[4 7],17,51,73,34,44
1,<environment.Job instance at 0x7f347e941190>,4,25,[ 1 14],5,73,98,68,69
1,<environment.Job instance at 0x7f34c8ea9730>,18,22,[3 5],19,98,120,79,91
1,<environment.Job instance at 0x7f34c8ea9190>,19,1,[3 9],20,98,99,78,91
1,<environment.Job instance at 0x7f34c8ea90a0>,24,20,[1 7],25,99,119,74,91
1,<environment.Job instance at 0x7f347e3a2190>,28,3,[14  3],29,120,123,91,119
1,<environment.Job instance at 0x7f347e3a2690>,29,28,[1 7],30,119,147,89,119
1,<environment.Job instance at 0x7f347e3a27d0>,32,1,[3 9],33,147,148,114,124
1,<environment.Job instance at 0x7f34c22b98c0>,0,24,[7 1],1,1,25,0,1
1,<environment.Job instance at 0x7f34c22b9050>,1,21,[1 9],2,2,23,0,2
1,<environment.Job instance at 0x7f347e5e8a50>,5,27,[ 4 13],6,23,50,17,21
1,<environment.Job instance at 0x7f347e6109b0>,14,22,[8 2],15,25,47,10,24
1,<environment.Job instance at 0x7f347e6107d0>,15,27,[4 9],16,50,77,34,48
1,<environment.Job instance at 0x7f347e610910>,17,19,[ 1 11],18,77,96,59,67
1,<environment.Job instance at 0x7f347e610e10>,20,28,[5 4],21,67,95,46,67
1,<environment.Job instance at 0x7f34c8d15fa0>,0,20,[4 7],1,1,21,0,1
1,<environment.Job instance at 0x7f347e406e10>,5,28,[7 3],6,6,34,0,6
1,<environment.Job instance at 0x7f347e717b40>,1,21,[13  2],2,34,55,32,26
1,<environment.Job instance at 0x7f347e4064b0>,9,20,[1 6],10,26,46,16,26
1,<environment.Job instance at 0x7f34c20cfc30>,11,22,[ 1 10],12,46,68,34,39
1,<environment.Job instance at 0x7f34c2139320>,12,28,[13  5],13,55,83,42,54
1,<environment.Job instance at 0x7f34c8f8b140>,13,23,[9 3],14,83,106,69,77
1,<environment.Job instance at 0x7f34c203ff50>,18,19,[13  3],19,114,133,95,114
1,<environment.Job instance at 0x7f347e74a550>,19,25,[ 3 13],20,133,158,113,129
1,<environment.Job instance at 0x7f347ea46eb0>,2,25,[10  2],3,3,28,0,3
1,<environment.Job instance at 0x7f34c25af6e0>,8,23,[1 9],9,9,32,0,9
1,<environment.Job instance at 0x7f34c25af5a0>,10,22,[5 8],11,32,54,21,25
1,<environment.Job instance at 0x7f34c25af7d0>,13,20,[3 9],14,54,74,40,45
1,<environment.Job instance at 0x7f347ea460a0>,1,13,[13  1],2,105,118,103,105
1,<environment.Job instance at 0x7f34c244ff50>,0,24,[7 4],1,1,25,0,1
1,<environment.Job instance at 0x7f34c216bc30>,6,24,[14  1],7,25,49,18,20
1,<environment.Job instance at 0x7f34c216b0a0>,7,25,[10  3],8,49,74,41,45
1,<environment.Job instance at 0x7f34c216bb40>,8,27,[7 2],9,74,101,65,72
1,<environment.Job instance at 0x7f34c216b230>,9,22,[6 3],10,74,96,64,72
1,<environment.Job instance at 0x7f34c216be10>,12,25,[5 6],13,96,121,83,92
1,<environment.Job instance at 0x7f34c258c230>,16,23,[ 2 11],17,121,144,104,115
1,<environment.Job instance at 0x7f34c258cb90>,18,28,[5 5],19,144,172,125,143
1,<environment.Job instance at 0x7f34c21374b0>,3,24,[7 4],4,4,28,0,4
1,<environment.Job instance at 0x7f347e5dbf00>,7,1,[ 3 10],8,8,9,0,8
1,<environment.Job instance at 0x7f347e1be3c0>,10,22,[1 8],11,11,33,0,11
1,<environment.Job instance at 0x7f347e9d86e0>,14,20,[12  1],15,28,48,13,22
1,<environment.Job instance at 0x7f347e693eb0>,16,24,[ 3 14],17,33,57,16,28
1,<environment.Job instance at 0x7f34c8c7fbe0>,17,25,[10  2],18,57,82,39,53
1,<environment.Job instance at 0x7f34c23b12d0>,19,19,[5 5],20,57,76,37,53
1,<environment.Job instance at 0x7f347e7462d0>,22,24,[9 4],23,82,106,59,77
1,<environment.Job instance at 0x7f347e746730>,25,28,[14  4],26,106,134,80,105
1,<environment.Job instance at 0x7f34c8b4a960>,2,28,[8 5],3,3,31,0,3
1,<environment.Job instance at 0x7f347e2799b0>,11,19,[ 2 12],12,37,56,25,37
1,<environment.Job instance at 0x7f347e3d1410>,0,21,[9 1],1,1,22,0,1
1,<environment.Job instance at 0x7f347e6d11e0>,2,23,[4 8],3,3,26,0,3
1,<environment.Job instance at 0x7f34c2610d70>,9,27,[9 3],10,22,49,12,20
1,<environment.Job instance at 0x7f34c2610190>,8,27,[13  2],9,49,76,40,47
1,<environment.Job instance at 0x7f9856af32d0>,4,24,[ 3 11],5,5,29,0,5
1,<environment.Job instance at 0x7f9856af3640>,8,24,[ 2 10],9,29,53,20,24
1,<environment.Job instance at 0x7f9856af3910>,14,21,[ 3 11],15,53,74,38,45
1,<environment.Job instance at 0x7f9856af3a50>,15,20,[3 5],16,74,94,58,65
1,<environment.Job instance at 0x7f9856af3d20>,19,21,[8 5],20,74,95,54,71
1,<environment.Job instance at 0x7f9856af3f50>,21,22,[8 2],22,95,117,73,88
1,<environment.Job instance at 0x7f9856af7370>,24,2,[ 3 12],25,95,97,70,94
1,<environment.Job instance at 0x7f9856af70a0>,26,20,[4 8],27,97,117,70,95
1,<environment.Job instance at 0x7f9856af73c0>,27,25,[14  4],28,117,142,89,113
1,<environment.Job instance at 0x7f9856af7820>,34,20,[5 3],35,142,162,107,133
1,<environment.Job instance at 0x7f9856af3c80>,20,21,[13  5],21,162,183,141,154
1,<environment.Job instance at 0x7f985e069f00>,3,20,[14  2],4,5,25,1,5
1,<environment.Job instance at 0x7f9812eef5f0>,1,25,[5 1],2,2,27,0,2
1,<environment.Job instance at 0x7f9812eef870>,5,24,[9 3],6,6,30,0,6
1,<environment.Job instance at 0x7f9812eef730>,8,24,[ 2 13],9,30,54,21,25
1,<environment.Job instance at 0x7f9812eef280>,12,22,[4 8],13,54,76,41,54
1,<environment.Job instance at 0x7f9812eefe10>,9,3,[ 2 14],10,76,79,66,54
1,<environment.Job instance at 0x7f9812ed64b0>,15,24,[6 1],16,54,78,38,54
1,<environment.Job instance at 0x7f9812ed6870>,18,19,[ 5 13],19,79,98,60,76
1,<environment.Job instance at 0x7f9812ed6b40>,22,26,[5 3],23,98,124,75,95
1,<environment.Job instance at 0x7f9812ef6e60>,0,21,[5 6],1,1,22,0,1
1,<environment.Job instance at 0x7f9812ef6140>,3,23,[10  3],4,4,27,0,4
1,<environment.Job instance at 0x7f9812dea1e0>,5,26,[14  5],6,27,53,21,24
1,<environment.Job instance at 0x7f9812dead20>,4,24,[4 8],5,53,77,48,48
1,<environment.Job instance at 0x7f9812dea960>,8,2,[7 2],9,53,55,44,48
1,<environment.Job instance at 0x7f9812deaaf0>,10,1,[1 6],11,48,49,37,48
1,<environment.Job instance at 0x7f9812dea8c0>,11,22,[6 4],12,55,77,43,48
1,<environment.Job instance at 0x7f9812dea5f0>,17,28,[7 5],18,77,105,59,76
1,<environment.Job instance at 0x7f9812dea9b0>,12,28,[12  4],13,105,133,92,104
1,<environment.Job instance at 0x7f9812efc2d0>,20,21,[9 1],21,133,154,112,125
1,<environment.Job instance at 0x7f9812deac80>,13,1,[11  1],14,154,155,140,127
1,<environment.Job instance at 0x7f9812efcaf0>,22,19,[2 7],23,127,146,104,127
1,<environment.Job instance at 0x7f9812efc370>,23,24,[1 9],24,146,170,122,141
1,<environment.Job instance at 0x7f9856b2c2d0>,2,2,[7 2],3,3,5,0,3
1,<environment.Job instance at 0x7f98131f8410>,6,2,[13  3],7,23,25,16,23
1,<environment.Job instance at 0x7f98131f8960>,12,20,[4 5],13,25,45,12,23
1,<environment.Job instance at 0x7f98131f8af0>,13,23,[6 5],14,25,48,11,23
1,<environment.Job instance at 0x7f98131f8c80>,15,2,[ 5 13],16,48,50,32,23
1,<environment.Job instance at 0x7f98131f8cd0>,16,27,[4 6],17,50,77,33,48
1,<environment.Job instance at 0x7f98131f8d70>,17,1,[4 9],18,50,51,32,48
1,<environment.Job instance at 0x7f98131f8eb0>,19,21,[9 2],20,51,72,31,48
1,<environment.Job instance at 0x7f98131f8f50>,20,22,[ 3 12],21,77,99,56,70
1,<environment.Job instance at 0x7f98131f84b0>,22,22,[9 1],23,72,94,49,70
1,<environment.Job instance at 0x7f98131f4640>,28,22,[8 4],29,99,121,70,92
1,<environment.Job instance at 0x7f98131f4820>,31,22,[7 5],32,111,133,79,111
1,<environment.Job instance at 0x7f98131f47d0>,1,26,[13  1],2,2,28,0,2
1,<environment.Job instance at 0x7f9812ed65a0>,6,25,[3 9],7,28,53,21,24
1,<environment.Job instance at 0x7f9859696190>,15,19,[4 5],16,59,78,43,59
1,<environment.Job instance at 0x7f9856d68fa0>,20,1,[5 8],21,73,74,52,73
1,<environment.Job instance at 0x7f98131600a0>,25,23,[9 4],26,93,116,67,93
1,<environment.Job instance at 0x7f98131609b0>,26,21,[8 2],27,116,137,89,108
1,<environment.Job instance at 0x7f98131608c0>,27,21,[ 5 13],28,116,137,88,108
1,<environment.Job instance at 0x7f985981b410>,32,28,[10  3],33,137,165,104,136
1,<environment.Job instance at 0x7f9812ff9140>,0,27,[ 2 10],1,1,28,0,1
1,<environment.Job instance at 0x7f98131a1eb0>,5,28,[ 2 14],6,28,56,22,27
1,<environment.Job instance at 0x7f98591045a0>,6,28,[5 1],7,34,62,27,34
1,<environment.Job instance at 0x7f9859104280>,7,22,[8 3],8,56,78,48,49
1,<environment.Job instance at 0x7f9856d62050>,10,21,[9 1],11,78,99,67,70
1,<environment.Job instance at 0x7f9856d62be0>,11,21,[8 2],12,99,120,87,91
1,<environment.Job instance at 0x7f9859104370>,9,21,[ 1 11],10,91,112,81,91
1,<environment.Job instance at 0x7f9856d62c80>,13,21,[8 3],14,120,141,106,112
1,<environment.Job instance at 0x7f9856d62e10>,15,26,[2 9],16,112,138,96,112
1,<environment.Job instance at 0x7f9859104780>,3,2,[ 1 13],4,141,143,137,135
1,<environment.Job instance at 0x7f9813329cd0>,19,27,[ 4 13],20,143,170,123,141
1,<environment.Job instance at 0x7f981338de60>,1,23,[3 6],2,2,25,0,2
1,<environment.Job instance at 0x7f9856f1e6e0>,4,23,[2 6],5,5,28,0,5
1,<environment.Job instance at 0x7f9859637eb0>,7,22,[6 5],8,25,47,17,18
1,<environment.Job instance at 0x7f985964b230>,8,24,[9 2],9,28,52,19,23
1,<environment.Job instance at 0x7f985964b550>,13,2,[12  2],14,52,54,38,49
1,<environment.Job instance at 0x7f9856daaf00>,8,22,[6 4],9,9,31,0,9
1,<environment.Job instance at 0x7f98131c0aa0>,12,23,[12  3],13,31,54,18,25
1,<environment.Job instance at 0x7f9856daa730>,13,28,[4 7],14,54,82,40,53
1,<environment.Job instance at 0x7f9812c77370>,17,24,[1 7],18,53,77,35,53
1,<environment.Job instance at 0x7f9859041af0>,20,1,[3 9],21,82,83,61,59
1,<environment.Job instance at 0x7f9859680190>,21,23,[13  4],22,83,106,61,77
1,<environment.Job instance at 0x7f9856eccb40>,23,26,[1 9],24,83,109,59,80
1,<environment.Job instance at 0x7f98130ede60>,24,25,[5 4],25,106,131,81,102
1,<environment.Job instance at 0x7f9813312c30>,25,22,[ 2 10],26,109,131,83,102
1,<environment.Job instance at 0x7f9812dd9780>,5,20,[ 4 10],6,6,26,0,6
1,<environment.Job instance at 0x7f9856fe87d0>,11,24,[ 4 11],12,28,52,16,28
1,<environment.Job instance at 0x7f9856fe8f00>,12,24,[4 8],13,52,76,39,47
1,<environment.Job instance at 0x7f9856fe8af0>,13,21,[9 5],14,52,73,38,47
1,<environment.Job instance at 0x7f9856fe8e60>,14,25,[5 4],15,73,98,58,69
1,<environment.Job instance at 0x7f9813181230>,18,1,[3 7],19,76,77,57,75
1,<environment.Job instance at 0x7f985de40d20>,19,26,[8 5],20,77,103,57,75
1,<environment.Job instance at 0x7f9856c56550>,0,19,[ 4 11],1,103,122,102,98
1,<environment.Job instance at 0x7f9856d8f1e0>,27,23,[6 2],28,102,125,74,102
1,<environment.Job instance at 0x7f9856bbedc0>,1,28,[9 4],2,2,30,0,2
1,<environment.Job instance at 0x7f9813069320>,2,28,[13  4],3,30,58,27,29
1,<environment.Job instance at 0x7f9859468370>,12,21,[3 9],13,58,79,45,50
1,<environment.Job instance at 0x7f9859468550>,15,23,[ 4 10],16,79,102,63,73
1,<environment.Job instance at 0x7f9856a6cb90>,0,22,[1 6],1,1,23,0,1
1,<environment.Job instance at 0x7f9856d7ca00>,5,24,[5 2],6,6,30,0,6
1,<environment.Job instance at 0x7f9856d7c870>,7,22,[ 4 10],8,23,45,15,16
1,<environment.Job instance at 0x7f9813280820>,4,23,[5 5],5,5,28,0,5
1,<environment.Job instance at 0x7f9812b07460>,0,25,[5 8],1,1,26,0,1
1,<environment.Job instance at 0x7f985957fe10>,1,28,[3 6],2,2,30,0,2
1,<environment.Job instance at 0x7f981306fdc0>,6,28,[5 3],7,26,54,19,25
1,<environment.Job instance at 0x7f981306ffa0>,7,23,[10  1],8,30,53,22,25
1,<environment.Job instance at 0x7f9812d0a0f0>,2,20,[9 1],3,53,73,50,45
1,<environment.Job instance at 0x7f981306f8c0>,8,21,[7 1],9,73,94,64,65
1,<environment.Job instance at 0x7f981305ae60>,10,24,[11  2],11,94,118,83,89
1,<environment.Job instance at 0x7f981305aa50>,15,24,[7 2],16,118,142,102,113
1,<environment.Job instance at 0x7f981305af00>,17,27,[5 1],18,118,145,100,116
1,<environment.Job instance at 0x7f981305a6e0>,18,22,[10  5],19,142,164,123,135
1,<environment.Job instance at 0x7f981306d690>,20,20,[4 7],21,145,165,124,136
1,<environment.Job instance at 0x7f981328db40>,1,20,[4 7],2,2,22,0,2
1,<environment.Job instance at 0x7f981306d7d0>,3,21,[5 1],4,4,25,0,4
1,<environment.Job instance at 0x7f98593f1b40>,4,27,[2 7],5,6,33,1,6
1,<environment.Job instance at 0x7f9812d46e60>,12,25,[10  2],13,25,50,12,21
1,<environment.Job instance at 0x7f9812ae3320>,0,24,[7 4],1,1,25,0,1
1,<environment.Job instance at 0x7f9812b429b0>,6,24,[14  1],7,25,49,18,20
1,<environment.Job instance at 0x7f9812b42960>,7,25,[10  3],8,49,74,41,45
1,<environment.Job instance at 0x7f9812b42af0>,8,27,[7 2],9,74,101,65,72
1,<environment.Job instance at 0x7f9812b42910>,9,22,[6 3],10,74,96,64,72
1,<environment.Job instance at 0x7f9812b42410>,12,25,[5 6],13,96,121,83,92
1,<environment.Job instance at 0x7f9812b425f0>,16,23,[ 2 11],17,121,144,104,115
1,<environment.Job instance at 0x7f9812b421e0>,18,28,[5 5],19,144,172,125,143
1,<environment.Job instance at 0x7f9856f15eb0>,0,22,[1 8],1,1,23,0,1
1,<environment.Job instance at 0x7f9812fe8320>,6,24,[ 3 14],7,23,47,16,18
1,<environment.Job instance at 0x7f9812fc7d20>,12,24,[9 4],13,47,71,34,42
1,<environment.Job instance at 0x7f9812fe8550>,7,25,[10  2],8,71,96,63,67
1,<environment.Job instance at 0x7f9812fc7960>,15,28,[14  4],16,96,124,80,95
1,<environment.Job instance at 0x7f985952f960>,4,20,[12  1],5,124,144,119,120
1,<environment.Job instance at 0x7f9812c06b90>,1,20,[14  5],2,2,22,0,2
1,<environment.Job instance at 0x7f985969eb90>,9,25,[5 5],10,22,47,12,18
1,<environment.Job instance at 0x7f985969e140>,11,28,[1 5],12,28,56,16,28
1,<environment.Job instance at 0x7f9812b4eaa0>,12,2,[ 5 11],13,56,58,43,46
1,<environment.Job instance at 0x7f985969efa0>,15,20,[5 3],16,46,66,30,46
1,<environment.Job instance at 0x7f985946e500>,16,28,[7 1],17,58,86,41,57
1,<environment.Job instance at 0x7f98133f6960>,18,27,[ 1 10],19,58,85,39,57
1,<environment.Job instance at 0x7f98598226e0>,5,19,[11  5],6,86,105,80,79
1,<environment.Job instance at 0x7f9812b49c30>,0,22,[8 5],1,1,23,0,1
1,<environment.Job instance at 0x7f9812b49f00>,1,27,[6 5],2,2,29,0,2
1,<environment.Job instance at 0x7f98595280a0>,2,28,[13  5],3,29,57,26,28
1,<environment.Job instance at 0x7f9859528a00>,4,27,[6 2],5,57,84,52,55
1,<environment.Job instance at 0x7f98590d82d0>,11,28,[12  1],12,84,112,72,83
1,<environment.Job instance at 0x7f98590d8550>,16,24,[10  4],17,112,136,95,107
1,<environment.Job instance at 0x7f98590d8e60>,19,20,[8 5],20,136,156,116,127
1,<environment.Job instance at 0x7f98590d80f0>,20,25,[3 5],21,127,152,106,127
1,<environment.Job instance at 0x7f98590d84b0>,21,28,[5 8],22,152,180,130,151
1,<environment.Job instance at 0x7f9859424f50>,1,2,[5 9],2,2,4,0,2
1,<environment.Job instance at 0x7f9813156a50>,6,22,[ 4 10],7,7,29,0,7
1,<environment.Job instance at 0x7f9812a1df50>,7,1,[ 1 12],8,29,30,21,10
1,<environment.Job instance at 0x7f985700a190>,12,23,[10  2],13,13,36,0,13
1,<environment.Job instance at 0x7f985700a4b0>,15,23,[1 6],16,30,53,14,24
1,<environment.Job instance at 0x7f985700ae10>,16,26,[2 9],17,36,62,19,33
1,<environment.Job instance at 0x7f9812fc3230>,17,28,[13  1],18,53,81,35,52
1,<environment.Job instance at 0x7f98592fae60>,26,22,[13  4],27,82,104,55,82
1,<environment.Job instance at 0x7fd564c8ed70>,4,24,[ 3 11],5,5,29,0,5
1,<environment.Job instance at 0x7fd55d7f65f0>,8,24,[ 2 10],9,29,53,20,24
1,<environment.Job instance at 0x7fd55d7f6910>,15,20,[3 5],16,44,64,28,44
1,<environment.Job instance at 0x7fd55d7f69b0>,16,19,[ 3 10],17,53,72,36,53
1,<environment.Job instance at 0x7fd55d7f6b90>,19,21,[8 5],20,64,85,44,56
1,<environment.Job instance at 0x7fd55d7f6870>,14,21,[ 3 11],15,85,106,70,77
1,<environment.Job instance at 0x7fd55d7f6cd0>,21,22,[8 2],22,85,107,63,78
1,<environment.Job instance at 0x7fd55d7f6c30>,20,21,[13  5],21,107,128,86,99
1,<environment.Job instance at 0x7fd55d7f6fa0>,26,20,[4 8],27,128,148,101,119
1,<environment.Job instance at 0x7fd55d7f82d0>,27,25,[14  4],28,148,173,120,144
1,<environment.Job instance at 0x7fd55d8110f0>,0,22,[11  3],1,1,23,0,1
1,<environment.Job instance at 0x7fd564d6cc80>,4,21,[9 1],5,23,44,18,15
1,<environment.Job instance at 0x7fd564c2de60>,8,27,[9 4],9,44,71,35,42
1,<environment.Job instance at 0x7fd564c2d780>,9,25,[3 9],10,42,67,32,42
1,<environment.Job instance at 0x7fd564c2deb0>,15,19,[5 1],16,67,86,51,57
1,<environment.Job instance at 0x7fd564c2d1e0>,13,23,[ 2 14],14,71,94,57,65
1,<environment.Job instance at 0x7fd564c2da50>,18,28,[4 7],19,94,122,75,93
1,<environment.Job instance at 0x7fd564c2df50>,19,26,[3 6],20,94,120,74,93
1,<environment.Job instance at 0x7fd564c2de10>,17,22,[1 7],18,120,142,102,113
1,<environment.Job instance at 0x7fd564d6cbe0>,6,19,[ 5 14],7,142,161,135,140
1,<environment.Job instance at 0x7fd564d73b40>,24,2,[ 1 11],25,161,163,136,155
1,<environment.Job instance at 0x7fd564d73d70>,30,23,[5 8],31,166,189,135,166
1,<environment.Job instance at 0x7fd564d738c0>,2,26,[5 3],3,3,29,0,3
1,<environment.Job instance at 0x7fd564c54550>,5,20,[7 3],6,6,26,0,6
1,<environment.Job instance at 0x7fd519bd7730>,6,27,[2 8],7,7,34,0,7
1,<environment.Job instance at 0x7fd519ac0be0>,10,24,[ 5 11],11,34,58,23,29
1,<environment.Job instance at 0x7fd519ac0500>,12,27,[4 6],13,58,85,45,56
1,<environment.Job instance at 0x7fd519b950f0>,0,28,[7 2],1,1,29,0,1
1,<environment.Job instance at 0x7fd519b954b0>,1,20,[8 3],2,2,22,0,2
1,<environment.Job instance at 0x7fd519fd3550>,2,25,[5 7],3,22,47,19,18
1,<environment.Job instance at 0x7fd519fd34b0>,5,21,[ 5 13],6,47,68,41,39
1,<environment.Job instance at 0x7fd51a0d2af0>,9,22,[12  5],10,68,90,58,61
1,<environment.Job instance at 0x7fd51a0d2140>,10,23,[7 1],11,90,113,79,84
1,<environment.Job instance at 0x7fd51a0d2230>,12,2,[2 5],13,84,86,71,84
1,<environment.Job instance at 0x7fd51a0d2460>,15,1,[4 9],16,90,91,74,84
1,<environment.Job instance at 0x7fd51a0d2870>,17,24,[10  2],18,113,137,95,108
1,<environment.Job instance at 0x7fd519fccc80>,22,25,[11  2],23,137,162,114,133
1,<environment.Job instance at 0x7fd519fcc460>,25,22,[8 5],26,162,184,136,155
1,<environment.Job instance at 0x7fd519eeb5f0>,7,22,[12  2],8,8,30,0,8
1,<environment.Job instance at 0x7fd519eeb870>,8,26,[ 2 10],9,9,35,0,9
1,<environment.Job instance at 0x7fd519eebe10>,13,24,[9 3],14,30,54,16,25
1,<environment.Job instance at 0x7fd519eebeb0>,14,23,[13  5],15,54,77,39,48
1,<environment.Job instance at 0x7fd519eebc80>,15,22,[ 4 10],16,77,99,61,70
1,<environment.Job instance at 0x7fd519eebe60>,16,20,[ 2 10],17,99,119,82,90
1,<environment.Job instance at 0x7fd519ee4140>,18,25,[3 6],19,119,144,100,115
1,<environment.Job instance at 0x7fd519ee4230>,21,27,[9 3],22,115,142,93,115
1,<environment.Job instance at 0x7fd519eebfa0>,17,2,[12  3],18,145,147,127,145
1,<environment.Job instance at 0x7fd519ee43c0>,24,2,[ 2 13],25,156,158,131,156
1,<environment.Job instance at 0x7fd519ee4690>,25,26,[ 3 14],26,158,184,132,156
1,<environment.Job instance at 0x7fd5644655f0>,0,21,[11  1],1,1,22,0,1
1,<environment.Job instance at 0x7fd519ee4690>,2,24,[8 3],3,22,46,19,17
1,<environment.Job instance at 0x7fd564465c30>,4,23,[ 5 10],5,22,45,17,17
1,<environment.Job instance at 0x7fd5644656e0>,5,25,[ 2 14],6,46,71,40,42
1,<environment.Job instance at 0x7fd56418a410>,1,23,[1 8],2,2,25,0,2
1,<environment.Job instance at 0x7fd56418a6e0>,2,28,[ 2 10],3,25,53,22,24
1,<environment.Job instance at 0x7fd55dabc410>,6,21,[ 2 10],7,53,74,46,45
1,<environment.Job instance at 0x7fd55d893be0>,9,21,[13  5],10,45,66,35,45
1,<environment.Job instance at 0x7fd55d893eb0>,10,19,[1 9],11,74,93,63,65
1,<environment.Job instance at 0x7fd55d893af0>,15,28,[ 1 13],16,93,121,77,92
1,<environment.Job instance at 0x7fd519d46410>,5,21,[ 3 14],6,121,142,115,113
1,<environment.Job instance at 0x7fd564705cd0>,19,2,[ 4 14],20,142,144,122,119
1,<environment.Job instance at 0x7fd519dcbf50>,23,26,[ 2 11],24,144,170,120,141
1,<environment.Job instance at 0x7fd519dcbaa0>,2,28,[13  5],3,3,31,0,3
1,<environment.Job instance at 0x7fd55d63b550>,3,27,[6 1],4,31,58,27,29
1,<environment.Job instance at 0x7fd519e7beb0>,7,19,[ 5 10],8,31,50,23,29
1,<environment.Job instance at 0x7fd519e7bfa0>,9,24,[14  3],10,58,82,48,53
1,<environment.Job instance at 0x7fd519e62190>,11,24,[10  2],12,82,106,70,77
1,<environment.Job instance at 0x7fd519e622d0>,13,3,[ 2 14],14,106,109,92,96
1,<environment.Job instance at 0x7fd519e62410>,15,19,[11  3],16,109,128,93,99
1,<environment.Job instance at 0x7fd519e62550>,17,21,[12  1],18,128,149,110,120
1,<environment.Job instance at 0x7fd519e62690>,19,26,[1 9],20,120,146,100,120
1,<environment.Job instance at 0x7fd519e62870>,22,26,[13  5],23,149,175,126,146
1,<environment.Job instance at 0x7fd519ddd0f0>,1,27,[3 9],2,2,29,0,2
1,<environment.Job instance at 0x7fd519e62820>,2,28,[3 8],3,29,57,26,28
1,<environment.Job instance at 0x7fd519e62870>,3,23,[ 5 10],4,57,80,53,51
1,<environment.Job instance at 0x7fd51a0b5910>,6,1,[ 4 13],7,80,81,73,52
1,<environment.Job instance at 0x7fd564197c80>,9,1,[ 1 14],10,81,82,71,72
1,<environment.Job instance at 0x7fd55d9881e0>,1,22,[2 7],2,2,24,0,2
1,<environment.Job instance at 0x7fd55d6b21e0>,5,28,[1 7],6,6,34,0,6
1,<environment.Job instance at 0x7fd519de95a0>,9,19,[ 5 10],10,34,53,24,24
1,<environment.Job instance at 0x7fd56473f3c0>,12,27,[8 5],13,24,51,11,24
1,<environment.Job instance at 0x7fd5641c00f0>,17,20,[14  5],18,53,73,35,44
1,<environment.Job instance at 0x7fd5641c0f00>,18,25,[ 3 12],19,73,98,54,69
1,<environment.Job instance at 0x7fd5641c0230>,14,25,[ 1 12],15,98,123,83,94
1,<environment.Job instance at 0x7fd519f5fb40>,23,21,[1 7],24,123,144,99,115
1,<environment.Job instance at 0x7fd519dd5d20>,1,24,[6 3],2,2,26,0,2
1,<environment.Job instance at 0x7fd519f5f870>,2,28,[2 8],3,3,31,0,3
1,<environment.Job instance at 0x7fd519d5a320>,8,26,[9 3],9,26,52,17,23
1,<environment.Job instance at 0x7fd51a0e0fa0>,6,23,[ 3 11],7,31,54,24,29
1,<environment.Job instance at 0x7fd519d5a730>,14,25,[ 5 12],15,54,79,39,50
1,<environment.Job instance at 0x7fd519d5a550>,11,20,[ 4 14],12,79,99,67,79
1,<environment.Job instance at 0x7fd519d5aaf0>,20,24,[7 1],21,85,109,64,85
1,<environment.Job instance at 0x7fd519d5ab90>,21,20,[ 2 10],22,99,119,77,96
1,<environment.Job instance at 0x7fd519b20780>,1,21,[7 2],2,2,23,0,2
1,<environment.Job instance at 0x7fd55d5a4c80>,5,19,[11  2],6,23,42,17,13
1,<environment.Job instance at 0x7fd55d5a4e10>,13,21,[5 3],14,42,63,28,34
1,<environment.Job instance at 0x7fd55d5a4230>,14,27,[ 5 14],15,63,90,48,61
1,<environment.Job instance at 0x7fd564b28fa0>,15,22,[12  4],16,90,112,74,83
1,<environment.Job instance at 0x7fd55da2a190>,1,23,[4 8],2,2,25,0,2
1,<environment.Job instance at 0x7fd55d8ec3c0>,6,28,[2 5],7,8,36,1,8
1,<environment.Job instance at 0x7fd564b28fa0>,4,23,[12  5],5,25,48,20,19
1,<environment.Job instance at 0x7fd55d8ec460>,12,26,[2 8],13,36,62,23,33
1,<environment.Job instance at 0x7fd55d8ecaa0>,11,2,[12  2],12,48,50,36,43
1,<environment.Job instance at 0x7fd55d877320>,18,2,[14  1],19,62,64,43,45
1,<environment.Job instance at 0x7fd55d877f00>,19,18,[ 1 11],20,70,88,50,70
1,<environment.Job instance at 0x7fd519980a00>,2,24,[8 1],3,3,27,0,3
1,<environment.Job instance at 0x7fd55d877820>,4,26,[4 5],5,5,31,0,5
1,<environment.Job instance at 0x7fd519980370>,5,28,[8 2],6,27,55,21,26
1,<environment.Job instance at 0x7fd55d7575f0>,3,23,[12  1],4,55,78,51,49
1,<environment.Job instance at 0x7fd55d5773c0>,6,21,[11  3],7,78,99,71,70
1,<environment.Job instance at 0x7fd55dad92d0>,10,23,[ 2 10],11,73,96,62,73
1,<environment.Job instance at 0x7fd55d8556e0>,1,1,[ 3 12],2,96,97,94,94
1,<environment.Job instance at 0x7fd55dad9d20>,15,24,[11  4],16,99,123,83,94
1,<environment.Job instance at 0x7fd55dad7550>,16,21,[14  5],17,123,144,106,115
1,<environment.Job instance at 0x7fd55dad77d0>,20,25,[4 7],21,144,169,123,140
1,<environment.Job instance at 0x7fd564b43d20>,8,25,[2 8],9,9,34,0,9
1,<environment.Job instance at 0x7fd519f9d730>,15,18,[7 2],16,39,57,23,39
1,<environment.Job instance at 0x7fd564b3cc80>,16,13,[1 8],17,39,52,22,39
1,<environment.Job instance at 0x7fd5199e73c0>,3,24,[7 4],4,4,28,0,4
1,<environment.Job instance at 0x7fd5199d1c80>,9,1,[5 4],10,10,11,0,10
1,<environment.Job instance at 0x7fd5199d1410>,10,22,[1 8],11,11,33,0,11
1,<environment.Job instance at 0x7fd5199d19b0>,14,20,[12  1],15,30,50,15,30
1,<environment.Job instance at 0x7fd5199d1280>,16,24,[ 3 14],17,33,57,16,30
1,<environment.Job instance at 0x7fd5199d15f0>,17,25,[10  2],18,57,82,39,53
1,<environment.Job instance at 0x7fd5199d1460>,19,19,[5 5],20,57,76,37,53
1,<environment.Job instance at 0x7fd5199d1780>,22,24,[9 4],23,82,106,59,77
1,<environment.Job instance at 0x7fd51a0fd320>,25,28,[14  4],26,106,134,80,105
1,<environment.Job instance at 0x7fd55d5a7140>,1,20,[14  5],2,2,22,0,2
1,<environment.Job instance at 0x7fd564516d20>,9,25,[5 5],10,22,47,12,18
1,<environment.Job instance at 0x7fd5645027d0>,11,28,[1 5],12,22,50,10,22
1,<environment.Job instance at 0x7fd564502370>,12,2,[ 5 11],13,50,52,37,26
1,<environment.Job instance at 0x7fd5644deaa0>,15,20,[5 3],16,37,57,21,37
1,<environment.Job instance at 0x7fd5644de820>,16,28,[7 1],17,52,80,35,51
1,<environment.Job instance at 0x7fd5644defa0>,18,27,[ 1 10],19,52,79,33,51
1,<environment.Job instance at 0x7fd564516dc0>,5,19,[11  5],6,89,108,83,89
1,<environment.Job instance at 0x7fd5644dee10>,21,23,[1 8],22,89,112,67,89
1,<environment.Job instance at 0x7fd55d9e1460>,1,28,[12  1],2,2,30,0,2
1,<environment.Job instance at 0x7fd5199f31e0>,6,24,[10  4],7,30,54,23,25
1,<environment.Job instance at 0x7fd5199f3050>,9,20,[8 5],10,54,74,44,45
1,<environment.Job instance at 0x7fd5199f3870>,10,25,[3 5],11,45,70,34,45
1,<environment.Job instance at 0x7fd5199f34b0>,11,28,[5 8],12,70,98,58,69
1,<environment.Job instance at 0x7fd519f8b8c0>,8,23,[ 2 14],9,98,121,89,92
1,<environment.Job instance at 0x7fd5198462d0>,18,21,[8 1],19,102,123,83,102
1,<environment.Job instance at 0x7fd519846b90>,19,24,[1 6],20,121,145,101,116
1,<environment.Job instance at 0x7fd56434beb0>,24,1,[7 2],25,128,129,103,128
1,<environment.Job instance at 0x7fd51a0c05a0>,25,25,[9 5],26,129,154,103,128
1,<environment.Job instance at 0x7fd51a0c0500>,27,28,[5 8],28,145,173,117,144
1,<environment.Job instance at 0x7fd564490870>,6,22,[13  4],7,7,29,0,7
1,<environment.Job instance at 0x7fd564490b40>,10,19,[9 5],11,29,48,18,19
1,<environment.Job instance at 0x7fd5644905a0>,13,28,[ 3 10],14,29,57,15,28
1,<environment.Job instance at 0x7fd519e5a960>,0,23,[5 3],1,1,24,0,1
1,<environment.Job instance at 0x7fd55db55690>,2,28,[4 6],3,3,31,0,3
1,<environment.Job instance at 0x7fd5644e4d20>,8,20,[ 5 10],9,31,51,22,22
1,<environment.Job instance at 0x7fd51a104d20>,10,23,[ 1 10],11,51,74,40,45
1,<environment.Job instance at 0x7fd5644b14b0>,14,28,[5 9],15,74,102,59,73
1,<environment.Job instance at 0x7fd51a021a50>,20,28,[3 8],21,102,130,81,101
1,<environment.Job instance at 0x7fd55d68a780>,21,1,[5 2],22,101,102,79,101
1,<environment.Job instance at 0x7f00ced3b1e0>,4,24,[ 3 11],5,5,29,0,5
1,<environment.Job instance at 0x7f00ced3b730>,8,24,[ 2 10],9,29,53,20,24
1,<environment.Job instance at 0x7f00ced3b5a0>,11,1,[8 4],12,29,30,17,29
1,<environment.Job instance at 0x7f00ced3b870>,14,21,[ 3 11],15,53,74,38,45
1,<environment.Job instance at 0x7f00ced3b910>,15,20,[3 5],16,74,94,58,65
1,<environment.Job instance at 0x7f00ced3bb90>,19,21,[8 5],20,74,95,54,66
1,<environment.Job instance at 0x7f00ced3bcd0>,21,22,[8 2],22,95,117,73,88
1,<environment.Job instance at 0x7f00ced3bc30>,20,21,[13  5],21,117,138,96,109
1,<environment.Job instance at 0x7f00ced3d190>,26,20,[4 8],27,138,158,111,129
1,<environment.Job instance at 0x7f00ced3d140>,27,25,[14  4],28,158,183,130,154
1,<environment.Job instance at 0x7f00ced3d550>,29,24,[5 1],30,183,207,153,178
1,<environment.Job instance at 0x7f00ced3beb0>,24,2,[ 3 12],25,183,185,158,178
1,<environment.Job instance at 0x7f00ced3d7d0>,34,20,[5 3],35,185,205,150,178
1,<environment.Job instance at 0x7f00ced3d8c0>,3,23,[ 2 14],4,5,28,1,5
1,<environment.Job instance at 0x7f00d62b20a0>,8,28,[4 7],9,28,56,19,27
1,<environment.Job instance at 0x7f00d62b2dc0>,9,26,[3 6],10,28,54,18,27
1,<environment.Job instance at 0x7f00d62b2eb0>,14,2,[ 1 11],15,56,58,41,52
1,<environment.Job instance at 0x7f00d62c5fa0>,20,23,[5 8],21,67,90,46,67
1,<environment.Job instance at 0x7f00d62c5410>,21,21,[ 4 11],22,90,111,68,82
1,<environment.Job instance at 0x7f00d62c5320>,24,28,[3 8],25,111,139,86,110
1,<environment.Job instance at 0x7f00d62c5780>,25,24,[12  1],26,111,135,85,110
1,<environment.Job instance at 0x7f008b03deb0>,2,22,[1 6],3,3,25,0,3
1,<environment.Job instance at 0x7f00d62c52d0>,3,27,[5 1],4,4,31,0,4
1,<environment.Job instance at 0x7f008b0217d0>,4,25,[10  4],5,25,50,20,21
1,<environment.Job instance at 0x7f00d62c5780>,5,26,[5 4],6,31,57,25,28
1,<environment.Job instance at 0x7f008b007870>,10,26,[ 2 11],11,50,76,39,47
1,<environment.Job instance at 0x7f008b13c820>,16,24,[3 6],17,76,100,59,71
1,<environment.Job instance at 0x7f008b13c3c0>,17,20,[8 5],18,76,96,58,71
1,<environment.Job instance at 0x7f008b13c370>,18,26,[7 4],19,96,122,77,93
1,<environment.Job instance at 0x7f008b13c870>,20,27,[9 5],21,122,149,101,120
1,<environment.Job instance at 0x7f008b13c0a0>,25,20,[6 4],26,121,141,95,121
1,<environment.Job instance at 0x7f008b13cb90>,26,28,[ 3 14],27,149,177,122,148
1,<environment.Job instance at 0x7f008b13c5a0>,27,20,[1 9],28,177,197,149,168
1,<environment.Job instance at 0x7f008b13ceb0>,29,21,[6 1],30,172,193,142,172
1,<environment.Job instance at 0x7f008b551c30>,3,21,[4 9],4,4,25,0,4
1,<environment.Job instance at 0x7f00ced927d0>,10,28,[9 5],11,18,46,7,18
1,<environment.Job instance at 0x7f00d13c9b90>,12,26,[9 3],13,46,72,33,43
1,<environment.Job instance at 0x7f00cf051cd0>,15,22,[ 1 13],16,72,94,56,65
1,<environment.Job instance at 0x7f00d18d1b40>,2,26,[1 6],3,3,29,0,3
1,<environment.Job instance at 0x7f008af8f780>,3,23,[5 5],4,4,27,0,4
1,<environment.Job instance at 0x7f00d183be60>,11,22,[5 4],12,12,34,0,12
1,<environment.Job instance at 0x7f008b5e05a0>,12,26,[10  5],13,29,55,16,26
1,<environment.Job instance at 0x7f008b5e0c80>,13,27,[10  3],14,55,82,41,53
1,<environment.Job instance at 0x7f008b5e0d20>,15,28,[1 7],16,53,81,37,53
1,<environment.Job instance at 0x7f008b5c39b0>,20,26,[3 6],21,81,107,60,78
1,<environment.Job instance at 0x7f00d17fd730>,22,21,[ 1 12],23,107,128,84,99
1,<environment.Job instance at 0x7f00d182a3c0>,23,20,[3 8],24,128,148,104,119
1,<environment.Job instance at 0x7f00d182a320>,25,24,[10  4],26,129,153,103,129
1,<environment.Job instance at 0x7f00d182a0a0>,26,21,[4 7],27,148,169,121,140
1,<environment.Job instance at 0x7f00ceb423c0>,0,25,[14  5],1,1,26,0,1
1,<environment.Job instance at 0x7f00ceb422d0>,2,28,[7 1],3,26,54,23,25
1,<environment.Job instance at 0x7f00cee4f550>,6,26,[3 8],7,26,52,19,25
1,<environment.Job instance at 0x7f00cee4f780>,7,26,[10  5],8,54,80,46,51
1,<environment.Job instance at 0x7f00ceb42320>,1,2,[ 2 12],2,80,82,78,77
1,<environment.Job instance at 0x7f00cee4f6e0>,10,24,[1 6],11,82,106,71,77
1,<environment.Job instance at 0x7f008b6b1a50>,12,24,[5 8],13,82,106,69,77
1,<environment.Job instance at 0x7f008b6b1460>,13,20,[1 8],14,106,126,92,97
1,<environment.Job instance at 0x7f008b6b1870>,14,22,[7 2],15,106,128,91,99
1,<environment.Job instance at 0x7f008b6b1910>,17,21,[4 9],18,126,147,108,118
1,<environment.Job instance at 0x7f008b6b1e60>,18,21,[ 5 14],19,147,168,128,139
1,<environment.Job instance at 0x7f008b6b1f50>,21,23,[8 4],22,168,191,146,162
1,<environment.Job instance at 0x7f008b6b1a00>,19,21,[ 4 11],20,168,189,148,162
1,<environment.Job instance at 0x7f00cf118fa0>,8,21,[8 1],9,9,30,0,9
1,<environment.Job instance at 0x7f008b0c9410>,10,21,[9 1],11,30,51,19,22
1,<environment.Job instance at 0x7f00ced29e60>,12,28,[9 4],13,51,79,38,50
1,<environment.Job instance at 0x7f00cece2910>,15,24,[8 4],16,79,103,63,74
1,<environment.Job instance at 0x7f00cece2cd0>,18,22,[5 5],19,74,96,55,74
1,<environment.Job instance at 0x7f00cece2f50>,21,26,[6 1],22,96,122,74,93
1,<environment.Job instance at 0x7f00ceca4820>,22,3,[ 5 14],23,160,163,137,160
1,<environment.Job instance at 0x7f00cefb0eb0>,24,20,[3 6],25,163,183,138,160
1,<environment.Job instance at 0x7f00d142b410>,29,2,[13  2],30,183,185,153,174
1,<environment.Job instance at 0x7f008b672280>,0,19,[3 8],1,2,21,1,2
1,<environment.Job instance at 0x7f00d142b0a0>,2,25,[8 5],3,3,28,0,3
1,<environment.Job instance at 0x7f008b69da50>,8,27,[ 3 10],9,21,48,12,19
1,<environment.Job instance at 0x7f00d142b410>,4,24,[13  5],5,48,72,43,43
1,<environment.Job instance at 0x7f008b6726e0>,3,2,[14  3],4,72,74,68,67
1,<environment.Job instance at 0x7f008b6a72d0>,20,19,[6 4],21,81,100,60,81
1,<environment.Job instance at 0x7f008b6a75f0>,27,16,[5 4],28,113,129,85,113
1,<environment.Job instance at 0x7f008b6a7690>,28,22,[6 4],29,113,135,84,113
1,<environment.Job instance at 0x7f008b6a7730>,29,2,[5 7],30,129,131,99,113
1,<environment.Job instance at 0x7f008b6a7960>,5,20,[ 4 10],6,6,26,0,6
1,<environment.Job instance at 0x7f00d1546050>,0,19,[ 4 11],1,26,45,25,20
1,<environment.Job instance at 0x7f00cec05320>,11,24,[ 4 11],12,45,69,33,40
1,<environment.Job instance at 0x7f00d15339b0>,12,24,[4 8],13,69,93,56,64
1,<environment.Job instance at 0x7f00cec05b90>,13,21,[9 5],14,69,90,55,64
1,<environment.Job instance at 0x7f00cec05d70>,14,25,[5 4],15,90,115,75,86
1,<environment.Job instance at 0x7f008b545be0>,19,26,[8 5],20,93,119,73,90
1,<environment.Job instance at 0x7f008b2ac1e0>,20,20,[9 5],21,119,139,98,110
1,<environment.Job instance at 0x7f00cf13e7d0>,27,23,[6 2],28,174,197,146,174
1,<environment.Job instance at 0x7f008b3086e0>,2,24,[8 5],3,3,27,0,3
1,<environment.Job instance at 0x7f008b308fa0>,8,26,[ 3 14],9,27,53,18,24
1,<environment.Job instance at 0x7f008b3082d0>,9,21,[9 3],10,53,74,43,45
1,<environment.Job instance at 0x7f00d141ca50>,16,20,[4 7],17,53,73,36,45
1,<environment.Job instance at 0x7f008b308eb0>,3,3,[14  5],4,81,84,77,81
1,<environment.Job instance at 0x7f00cec588c0>,22,2,[10  2],23,84,86,61,82
1,<environment.Job instance at 0x7f008b597050>,25,22,[5 8],26,84,106,58,82
1,<environment.Job instance at 0x7f00d616ed20>,28,21,[5 3],29,86,107,57,86
1,<environment.Job instance at 0x7f008b4544b0>,29,24,[ 4 12],30,106,130,76,101
1,<environment.Job instance at 0x7f008b4bb190>,31,28,[5 5],32,130,158,98,129
1,<environment.Job instance at 0x7f00cece2190>,34,21,[4 8],35,130,151,95,129
1,<environment.Job instance at 0x7f00cedd8690>,38,3,[ 2 11],39,158,161,119,151
1,<environment.Job instance at 0x7f00cebcdd70>,39,26,[1 9],40,161,187,121,158
1,<environment.Job instance at 0x7f00d1701fa0>,40,28,[9 3],41,158,186,117,158
1,<environment.Job instance at 0x7f00d1701960>,42,28,[5 3],43,170,198,127,170
1,<environment.Job instance at 0x7f00ceb89370>,44,20,[4 9],45,187,207,142,178
1,<environment.Job instance at 0x7f008b2f5c80>,1,22,[10  4],2,2,24,0,2
1,<environment.Job instance at 0x7f008b39f410>,6,26,[14  4],7,24,50,17,21
1,<environment.Job instance at 0x7f00cf00e690>,13,22,[4 8],14,50,72,36,43
1,<environment.Job instance at 0x7f00cf00e5f0>,12,2,[4 7],13,50,52,37,45
1,<environment.Job instance at 0x7f00cf00e870>,16,22,[4 7],17,52,74,35,45
1,<environment.Job instance at 0x7f00cf00e370>,8,23,[ 1 11],9,74,97,65,68
1,<environment.Job instance at 0x7f00cf00e9b0>,18,22,[3 5],19,97,119,78,90
1,<environment.Job instance at 0x7f00cf00ea50>,19,1,[3 9],20,97,98,77,90
1,<environment.Job instance at 0x7f00cf00edc0>,24,20,[1 7],25,107,127,82,107
1,<environment.Job instance at 0x7f00cf019fa0>,4,25,[ 1 14],5,127,152,122,123
1,<environment.Job instance at 0x7f00cf0092d0>,29,28,[1 7],30,152,180,122,151
1,<environment.Job instance at 0x7f00cf00efa0>,28,3,[14  3],29,152,155,123,151
1,<environment.Job instance at 0x7f00d183b4b0>,4,28,[13  3],5,5,33,0,5
1,<environment.Job instance at 0x7f00cf00e820>,2,2,[11  5],3,33,35,30,22
1,<environment.Job instance at 0x7f00d183b7d0>,9,1,[ 2 12],10,22,23,12,22
1,<environment.Job instance at 0x7f00d183b140>,10,20,[8 3],11,35,55,24,26
1,<environment.Job instance at 0x7f00d183b9b0>,11,23,[9 5],12,55,78,43,49
1,<environment.Job instance at 0x7f00d183b820>,12,22,[9 1],13,78,100,65,71
1,<environment.Job instance at 0x7f00d183b320>,7,2,[14  3],8,100,102,92,78
1,<environment.Job instance at 0x7f00d183b280>,16,28,[7 1],17,102,130,85,101
1,<environment.Job instance at 0x7f00d183bfa0>,17,27,[2 7],18,102,129,84,101
1,<environment.Job instance at 0x7f00cf066460>,21,24,[12  2],22,130,154,108,125
1,<environment.Job instance at 0x7f00cf066370>,24,25,[5 4],25,154,179,129,150
1,<environment.Job instance at 0x7f00cee253c0>,0,28,[ 4 10],1,1,29,0,1
1,<environment.Job instance at 0x7f00ceacabe0>,6,26,[5 3],7,7,33,0,7
1,<environment.Job instance at 0x7f00ceacaaf0>,3,21,[12  5],4,33,54,29,25
1,<environment.Job instance at 0x7f00ceacaa50>,12,21,[8 4],13,54,75,41,46
1,<environment.Job instance at 0x7f00ceacab90>,4,22,[ 1 11],5,54,76,49,47
1,<environment.Job instance at 0x7f00ceacaa00>,14,21,[6 4],15,75,96,60,67
1,<environment.Job instance at 0x7f00ceaca5f0>,13,1,[2 6],14,76,77,62,67
1,<environment.Job instance at 0x7f00ceaca690>,11,24,[ 4 14],12,96,120,84,91
1,<environment.Job instance at 0x7f00cedd6d70>,21,20,[5 2],22,120,140,98,111
1,<environment.Job instance at 0x7f00cedd6cd0>,23,20,[9 5],24,120,140,96,111
1,<environment.Job instance at 0x7f00cedd6820>,27,28,[7 2],28,140,168,112,139
1,<environment.Job instance at 0x7f00cedd6640>,31,22,[1 9],32,142,164,110,142
1,<environment.Job instance at 0x7f008b42d0f0>,33,1,[ 4 10],34,164,165,130,144
1,<environment.Job instance at 0x7f008b42de10>,36,28,[6 5],37,165,193,128,164
1,<environment.Job instance at 0x7f00ceb3ab40>,2,22,[3 5],3,3,25,0,3
1,<environment.Job instance at 0x7f00ceb3a140>,3,19,[3 9],4,5,24,1,5
1,<environment.Job instance at 0x7f00cf190cd0>,8,25,[6 1],9,9,34,0,9
1,<environment.Job instance at 0x7f008b211f50>,9,20,[1 5],10,24,44,14,15
1,<environment.Job instance at 0x7f00cf190870>,11,26,[13  1],12,34,60,22,31
1,<environment.Job instance at 0x7f00cf174320>,12,23,[13  2],13,60,83,47,54
1,<environment.Job instance at 0x7f00cf174140>,14,21,[5 8],15,83,104,68,75
1,<environment.Job instance at 0x7f00cf174af0>,15,19,[3 7],16,83,102,67,75
1,<environment.Job instance at 0x7f00cf174910>,16,21,[ 3 13],17,104,125,87,96
1,<environment.Job instance at 0x7f00cec560a0>,27,2,[2 8],28,132,134,104,132
1,<environment.Job instance at 0x7f00cf17caa0>,33,21,[ 5 13],34,175,196,141,175
1,<environment.Job instance at 0x7f008b0b4640>,3,28,[ 3 14],4,4,32,0,4
1,<environment.Job instance at 0x7f008b066230>,6,27,[9 4],7,32,59,25,30
1,<environment.Job instance at 0x7f00cf020aa0>,9,21,[2 5],10,32,53,22,30
1,<environment.Job instance at 0x7f00cecd6fa0>,10,1,[13  4],11,59,60,48,39
1,<environment.Job instance at 0x7f008b0666e0>,7,20,[14  4],8,60,80,52,51
1,<environment.Job instance at 0x7f00cecd6aa0>,13,25,[9 4],14,80,105,66,76
1,<environment.Job instance at 0x7f00cecd6a50>,12,2,[ 5 11],13,94,96,81,94
1,<environment.Job instance at 0x7f00cecd63c0>,16,26,[6 3],17,96,122,79,94
1,<environment.Job instance at 0x7f00cf18a4b0>,19,27,[5 7],20,105,132,85,103
1,<environment.Job instance at 0x7f00d19b1a50>,22,1,[ 5 12],23,132,133,109,118
1,<environment.Job instance at 0x7f00d1367cd0>,23,27,[ 2 10],24,133,160,109,131
1,<environment.Job instance at 0x7f00d1367e10>,24,22,[ 2 13],25,160,182,135,153
1,<environment.Job instance at 0x7f008b12ab40>,2,28,[8 5],3,3,31,0,3
1,<environment.Job instance at 0x7f008b12ab90>,11,19,[ 2 12],12,31,50,19,23
1,<environment.Job instance at 0x7f00cee41050>,0,22,[8 5],1,1,23,0,1
1,<environment.Job instance at 0x7f008ada2c30>,1,27,[6 5],2,2,29,0,2
1,<environment.Job instance at 0x7f008b4d9320>,2,28,[13  5],3,29,57,26,28
1,<environment.Job instance at 0x7f00ced49c80>,4,27,[6 2],5,57,84,52,55
1,<environment.Job instance at 0x7f00d131a460>,11,28,[12  1],12,84,112,72,83
1,<environment.Job instance at 0x7f00d13256e0>,16,24,[10  4],17,112,136,95,107
1,<environment.Job instance at 0x7f00d1325820>,19,20,[8 5],20,136,156,116,127
1,<environment.Job instance at 0x7f00d1325b90>,20,25,[3 5],21,127,152,106,127
1,<environment.Job instance at 0x7f00d1325f00>,21,28,[5 8],22,152,180,130,151
1,<environment.Job instance at 0x7f00d1325b40>,18,23,[ 2 14],19,180,203,161,174
1,<environment.Job instance at 0x7f00cf20cb40>,6,22,[13  4],7,7,29,0,7
1,<environment.Job instance at 0x7f00cf199780>,10,19,[9 5],11,29,48,18,19
1,<environment.Job instance at 0x7f00cf199640>,13,28,[ 3 10],14,32,60,18,32
1,<environment.Job instance at 0x7f00cf0c3730>,0,23,[ 1 10],1,1,24,0,1
1,<environment.Job instance at 0x7f00d1756460>,4,28,[5 9],5,24,52,19,23
1,<environment.Job instance at 0x7f00d1756640>,10,28,[3 8],11,52,80,41,51
1,<environment.Job instance at 0x7f00d1756d20>,11,1,[5 2],12,51,52,39,51
1,<environment.Job instance at 0x7f008b2f2aa0>,20,27,[5 6],21,81,108,60,81
1,<environment.Job instance at 0x7f008ae4c0a0>,22,24,[8 1],23,81,105,58,81
1,<environment.Job instance at 0x7f00cf18da50>,2,25,[9 4],3,3,28,0,3
1,<environment.Job instance at 0x7f008aeadbe0>,8,3,[12  1],9,28,31,19,14
1,<environment.Job instance at 0x7f00ceaa0870>,11,25,[5 2],12,31,56,19,27
1,<environment.Job instance at 0x7f00ceaa06e0>,13,23,[10  2],14,31,54,17,27
1,<environment.Job instance at 0x7f00cf01e690>,15,24,[13  4],16,56,80,40,51
1,<environment.Job instance at 0x7f00ced549b0>,17,27,[ 5 10],18,80,107,62,78
1,<environment.Job instance at 0x7f00ceaba320>,21,21,[ 5 11],22,107,128,85,99
1,<environment.Job instance at 0x7f008b086280>,23,27,[4 9],24,128,155,104,126
1,<environment.Job instance at 0x7f008b086aa0>,24,20,[12  4],25,155,175,130,146
1,<environment.Job instance at 0x7f00ceab8140>,31,26,[5 2],32,175,201,143,172
1,<environment.Job instance at 0x7f48a691b1e0>,4,24,[ 3 11],5,5,29,0,5
1,<environment.Job instance at 0x7f48a691b690>,8,24,[ 2 10],9,29,53,20,24
1,<environment.Job instance at 0x7f48a691b6e0>,11,1,[8 4],12,26,27,14,26
1,<environment.Job instance at 0x7f48a691b550>,6,19,[1 7],7,53,72,46,43
1,<environment.Job instance at 0x7f48a691b870>,14,21,[ 3 11],15,72,93,57,64
1,<environment.Job instance at 0x7f48a691b910>,15,20,[3 5],16,93,113,77,84
1,<environment.Job instance at 0x7f48a691b9b0>,16,19,[ 3 10],17,93,112,76,84
1,<environment.Job instance at 0x7f48a691bb90>,19,21,[8 5],20,112,133,92,104
1,<environment.Job instance at 0x7f48a691bc30>,20,21,[13  5],21,133,154,112,125
1,<environment.Job instance at 0x7f48a691bcd0>,21,22,[8 2],22,154,176,132,147
1,<environment.Job instance at 0x7f48a691d370>,26,20,[4 8],27,154,174,127,151
1,<environment.Job instance at 0x7f48a691d320>,27,25,[14  4],28,176,201,148,172
1,<environment.Job instance at 0x7f48add521e0>,3,2,[ 1 10],4,4,6,0,4
1,<environment.Job instance at 0x7f48a691d280>,4,2,[ 1 11],5,7,9,2,7
1,<environment.Job instance at 0x7f48ade92cd0>,10,23,[5 8],11,15,38,4,15
1,<environment.Job instance at 0x7f48ade92500>,11,21,[ 4 11],12,38,59,26,30
1,<environment.Job instance at 0x7f48ade92be0>,14,28,[3 8],15,59,87,44,58
1,<environment.Job instance at 0x7f48ade9b140>,15,24,[12  1],16,59,83,43,58
1,<environment.Job instance at 0x7f48ade9bd70>,17,27,[5 3],18,83,110,65,81
1,<environment.Job instance at 0x7f4862c1dd20>,0,27,[9 5],1,1,28,0,1
1,<environment.Job instance at 0x7f4862c4af50>,5,20,[6 4],6,6,26,0,6
1,<environment.Job instance at 0x7f4862c4a870>,7,20,[1 9],8,26,46,18,17
1,<environment.Job instance at 0x7f4862bf6e60>,13,27,[9 1],14,28,55,14,26
1,<environment.Job instance at 0x7f4862be4fa0>,14,21,[3 9],15,46,67,31,38
1,<environment.Job instance at 0x7f4862be4910>,15,22,[7 4],16,55,77,39,48
1,<environment.Job instance at 0x7f4862be48c0>,18,28,[3 6],19,67,95,48,66
1,<environment.Job instance at 0x7f4862c4a640>,6,28,[ 3 14],7,95,123,88,94
1,<environment.Job instance at 0x7f4862be49b0>,23,26,[12  3],24,123,149,99,120
1,<environment.Job instance at 0x7f4862c4a280>,12,19,[11  4],13,149,168,136,139
1,<environment.Job instance at 0x7f4862c01370>,27,28,[1 9],28,139,167,111,139
1,<environment.Job instance at 0x7f486302d910>,5,28,[5 5],6,6,34,0,6
1,<environment.Job instance at 0x7f486302d690>,7,24,[10  2],8,8,32,0,8
1,<environment.Job instance at 0x7f486309f0a0>,8,2,[ 4 13],9,34,36,25,27
1,<environment.Job instance at 0x7f4863083c30>,11,28,[ 1 12],12,36,64,24,35
1,<environment.Job instance at 0x7f486302dd20>,6,19,[ 1 12],7,80,99,73,80
1,<environment.Job instance at 0x7f48a6953be0>,3,20,[9 4],4,4,24,0,4
1,<environment.Job instance at 0x7f4863015dc0>,8,25,[12  1],9,24,49,15,20
1,<environment.Job instance at 0x7f486300a1e0>,12,24,[9 5],13,49,73,36,44
1,<environment.Job instance at 0x7f486300a140>,11,19,[ 4 11],12,73,92,61,63
1,<environment.Job instance at 0x7f486300aa00>,21,27,[ 2 11],22,92,119,70,90
1,<environment.Job instance at 0x7f486300aaf0>,26,26,[9 2],27,116,142,89,116
1,<environment.Job instance at 0x7f486300ac80>,28,20,[ 1 13],29,119,139,90,116
1,<environment.Job instance at 0x7f486300afa0>,32,23,[ 3 10],33,139,162,106,133
1,<environment.Job instance at 0x7f4862b22050>,34,25,[1 6],35,162,187,127,158
1,<environment.Job instance at 0x7f4862b221e0>,36,24,[1 9],37,162,186,125,158
1,<environment.Job instance at 0x7f4862b22460>,40,1,[7 3],41,186,187,145,172
1,<environment.Job instance at 0x7f4862b22500>,41,26,[13  1],42,187,213,145,184
1,<environment.Job instance at 0x7f4862b22640>,3,20,[ 1 10],4,4,24,0,4
1,<environment.Job instance at 0x7f48a66df910>,5,25,[5 3],6,6,31,0,6
1,<environment.Job instance at 0x7f48a66dfaa0>,10,27,[ 2 10],11,24,51,13,22
1,<environment.Job instance at 0x7f48a66d0640>,13,2,[ 1 13],14,51,53,37,51
1,<environment.Job instance at 0x7f48a66d0410>,15,28,[ 2 14],16,53,81,37,53
1,<environment.Job instance at 0x7f48a66d0550>,16,28,[5 1],17,53,81,36,53
1,<environment.Job instance at 0x7f48a66d0690>,17,22,[8 3],18,81,103,63,74
1,<environment.Job instance at 0x7f48a66d0500>,19,21,[ 1 11],20,81,102,61,74
1,<environment.Job instance at 0x7f48a93a2d70>,25,26,[2 9],26,102,128,76,99
1,<environment.Job instance at 0x7f48a8fc3960>,2,25,[10  5],3,3,28,0,3
1,<environment.Job instance at 0x7f4862de1690>,6,28,[4 6],7,7,35,0,7
1,<environment.Job instance at 0x7f48a6dd9d70>,8,20,[9 3],9,28,48,19,25
1,<environment.Job instance at 0x7f48a8fc3550>,7,26,[2 6],8,28,54,20,25
1,<environment.Job instance at 0x7f48a67c70a0>,16,26,[8 2],17,48,74,31,45
1,<environment.Job instance at 0x7f48a67c7140>,17,26,[5 7],18,48,74,30,45
1,<environment.Job instance at 0x7f48a67c7dc0>,15,1,[ 1 13],16,74,75,58,68
1,<environment.Job instance at 0x7f48a67c74b0>,19,26,[11  1],20,74,100,54,71
1,<environment.Job instance at 0x7f4862ddabe0>,27,24,[1 5],28,90,114,62,90
1,<environment.Job instance at 0x7f48a6716550>,28,23,[6 3],29,100,123,71,94
1,<environment.Job instance at 0x7f486309f910>,11,21,[10  5],12,12,33,0,12
1,<environment.Job instance at 0x7f486309fd20>,16,28,[ 1 14],17,42,70,25,42
1,<environment.Job instance at 0x7f48a94ad320>,3,23,[4 5],4,4,27,0,4
1,<environment.Job instance at 0x7f486309fc30>,6,22,[ 2 12],7,27,49,20,20
1,<environment.Job instance at 0x7f48a94adeb0>,8,28,[11  4],9,49,77,40,48
1,<environment.Job instance at 0x7f48a66e2af0>,11,22,[2 7],12,49,71,37,48
1,<environment.Job instance at 0x7f48a68ef6e0>,15,28,[1 7],16,71,99,55,70
1,<environment.Job instance at 0x7f48a94ad4b0>,2,19,[ 3 12],3,103,122,100,103
1,<environment.Job instance at 0x7f48a9035b40>,19,19,[ 5 10],20,122,141,102,112
1,<environment.Job instance at 0x7f48a68de2d0>,22,27,[8 5],23,122,149,99,120
1,<environment.Job instance at 0x7f48631582d0>,24,25,[ 1 12],25,149,174,124,145
1,<environment.Job instance at 0x7f48a6e3d690>,27,20,[14  5],28,174,194,146,165
1,<environment.Job instance at 0x7f4862f6c230>,1,20,[ 4 14],2,2,22,0,2
1,<environment.Job instance at 0x7f48a92a05f0>,4,25,[ 5 12],5,22,47,17,18
1,<environment.Job instance at 0x7f48632d42d0>,10,24,[7 1],11,18,42,7,18
1,<environment.Job instance at 0x7f4863214dc0>,17,25,[8 1],18,42,67,24,38
1,<environment.Job instance at 0x7f48a92d7690>,11,20,[ 2 10],12,47,67,35,41
1,<environment.Job instance at 0x7f48a6ac5870>,20,21,[7 4],21,67,88,46,63
1,<environment.Job instance at 0x7f48adc1b460>,21,20,[3 9],22,67,87,45,63
1,<environment.Job instance at 0x7f48a6daf960>,22,25,[4 5],23,87,112,64,83
1,<environment.Job instance at 0x7f48adc21f00>,23,25,[10  3],24,88,113,64,84
1,<environment.Job instance at 0x7f48a6a7eb90>,25,28,[13  4],26,113,141,87,112
1,<environment.Job instance at 0x7f4862e960a0>,26,20,[13  2],27,141,161,114,137
1,<environment.Job instance at 0x7f48a9449550>,0,22,[10  5],1,1,23,0,1
1,<environment.Job instance at 0x7f48a67605f0>,3,25,[6 2],4,23,48,19,19
1,<environment.Job instance at 0x7f48a6760960>,4,24,[5 2],5,19,43,14,19
1,<environment.Job instance at 0x7f48a6ca0640>,7,21,[5 2],8,43,64,35,35
1,<environment.Job instance at 0x7f48a6ca0a00>,13,23,[6 3],14,48,71,34,42
1,<environment.Job instance at 0x7f48a6ca0960>,12,21,[14  2],13,71,92,58,63
1,<environment.Job instance at 0x7f48a6ca0c80>,17,25,[5 8],18,92,117,74,88
1,<environment.Job instance at 0x7f48a6ca0d20>,18,26,[5 8],19,117,143,98,114
1,<environment.Job instance at 0x7f4862e96910>,1,3,[ 5 13],2,146,149,144,146
1,<environment.Job instance at 0x7f48a6c901e0>,24,23,[5 5],25,155,178,130,155
1,<environment.Job instance at 0x7f48a6c90320>,25,1,[7 4],26,155,156,129,155
1,<environment.Job instance at 0x7f48a6b5d230>,0,24,[11  2],1,1,25,0,1
1,<environment.Job instance at 0x7f48a93d4be0>,8,22,[10  5],9,25,47,16,18
1,<environment.Job instance at 0x7f48a93d4d20>,5,24,[7 2],6,47,71,41,42
1,<environment.Job instance at 0x7f48a6765aa0>,10,20,[4 7],11,42,62,31,42
1,<environment.Job instance at 0x7f48a6765730>,15,28,[7 3],16,62,90,46,61
1,<environment.Job instance at 0x7f48a6765500>,11,21,[13  2],12,90,111,78,82
1,<environment.Job instance at 0x7f48a90f5e60>,22,28,[13  5],23,111,139,88,110
1,<environment.Job instance at 0x7f48a90f50a0>,23,23,[9 3],24,139,162,115,133
1,<environment.Job instance at 0x7f48a90f5eb0>,21,22,[ 1 10],22,133,155,111,133
1,<environment.Job instance at 0x7f48a91b40f0>,0,28,[12  2],1,1,29,0,1
1,<environment.Job instance at 0x7f48a928a7d0>,6,23,[3 7],7,7,30,0,7
1,<environment.Job instance at 0x7f48a91b4730>,9,19,[11  4],10,29,48,19,27
1,<environment.Job instance at 0x7f48a928a910>,11,25,[3 9],12,30,55,18,27
1,<environment.Job instance at 0x7f48a91b4280>,3,3,[ 3 12],4,55,58,51,48
1,<environment.Job instance at 0x7f48a928ab90>,17,27,[7 4],18,58,85,40,56
1,<environment.Job instance at 0x7f48a928a6e0>,20,21,[10  3],21,85,106,64,77
1,<environment.Job instance at 0x7f48a691b140>,0,24,[5 6],1,1,25,0,1
1,<environment.Job instance at 0x7f48a68845f0>,3,26,[8 5],4,4,30,0,4
1,<environment.Job instance at 0x7f4862dbee10>,6,26,[ 2 10],7,25,51,18,22
1,<environment.Job instance at 0x7f4862db12d0>,11,28,[8 3],12,30,58,18,29
1,<environment.Job instance at 0x7f4862db1eb0>,12,26,[11  4],13,58,84,45,55
1,<environment.Job instance at 0x7f4862dbeb90>,4,21,[12  3],5,84,105,79,76
1,<environment.Job instance at 0x7f4862db17d0>,15,27,[ 1 10],16,76,103,60,76
1,<environment.Job instance at 0x7f4862db1e10>,13,2,[ 3 14],14,105,107,91,105
1,<environment.Job instance at 0x7f4862db13c0>,19,28,[ 4 14],20,108,136,88,108
1,<environment.Job instance at 0x7f4862da8820>,24,19,[12  1],25,139,158,114,139
1,<environment.Job instance at 0x7f486293b050>,27,1,[3 8],28,143,144,115,143
1,<environment.Job instance at 0x7f4862dba140>,30,28,[6 2],31,161,189,130,161
1,<environment.Job instance at 0x7f4862dba280>,31,21,[5 2],32,161,182,129,161
1,<environment.Job instance at 0x7f4862dbab40>,32,23,[8 2],33,182,205,149,176
1,<environment.Job instance at 0x7f4862dfd7d0>,1,23,[10  4],2,2,25,0,2
1,<environment.Job instance at 0x7f48630f6f50>,4,21,[ 3 13],5,25,46,20,17
1,<environment.Job instance at 0x7f48630f6320>,0,3,[11  1],1,39,42,38,39
1,<environment.Job instance at 0x7f4862b61a00>,0,21,[9 1],1,1,22,0,1
1,<environment.Job instance at 0x7f4862abe730>,2,23,[4 8],3,3,26,0,3
1,<environment.Job instance at 0x7f48a67606e0>,9,27,[9 3],10,22,49,12,20
1,<environment.Job instance at 0x7f48a6760fa0>,8,27,[13  2],9,49,76,40,47
1,<environment.Job instance at 0x7f48a6760e10>,22,12,[2 6],23,84,96,61,84
1,<environment.Job instance at 0x7f48a8fff730>,25,24,[9 2],26,102,126,76,102
1,<environment.Job instance at 0x7f48a8edf230>,6,22,[ 4 10],7,7,29,0,7
1,<environment.Job instance at 0x7f48a8edff50>,10,26,[3 5],11,11,37,0,11
1,<environment.Job instance at 0x7f48a8edf3c0>,12,23,[10  2],13,29,52,16,23
1,<environment.Job instance at 0x7f48a8ed7640>,15,23,[1 6],16,34,57,18,34
1,<environment.Job instance at 0x7f48a8ed70a0>,16,26,[2 9],17,52,78,35,49
1,<environment.Job instance at 0x7f48a8ed75a0>,17,28,[13  1],18,57,85,39,56
1,<environment.Job instance at 0x7f48a8edfa50>,7,1,[ 1 12],8,83,84,75,83
1,<environment.Job instance at 0x7f48a68e1870>,26,22,[13  4],27,104,126,77,104
1,<environment.Job instance at 0x7f48a6760f50>,0,23,[5 3],1,1,24,0,1
1,<environment.Job instance at 0x7f48a8ed9aa0>,2,28,[4 6],3,3,31,0,3
1,<environment.Job instance at 0x7f48a68569b0>,8,20,[ 5 10],9,31,51,22,22
1,<environment.Job instance at 0x7f48a6856230>,10,23,[ 1 10],11,51,74,40,45
1,<environment.Job instance at 0x7f48a90fee10>,14,28,[5 9],15,74,102,59,73
1,<environment.Job instance at 0x7f48add2a690>,20,28,[3 8],21,102,130,81,101
1,<environment.Job instance at 0x7f48add2a140>,21,1,[5 2],22,101,102,79,101
1,<environment.Job instance at 0x7f4862d1c320>,2,25,[9 4],3,3,28,0,3
1,<environment.Job instance at 0x7f4863092370>,8,3,[12  1],9,28,31,19,12
1,<environment.Job instance at 0x7f4862d114b0>,11,25,[5 2],12,31,56,19,27
1,<environment.Job instance at 0x7f4862d11be0>,13,23,[10  2],14,31,54,17,27
1,<environment.Job instance at 0x7f4862d11370>,15,24,[13  4],16,56,80,40,51
1,<environment.Job instance at 0x7f4862d11410>,17,27,[ 5 10],18,80,107,62,78
1,<environment.Job instance at 0x7f4862d11c80>,21,21,[ 5 11],22,107,128,85,99
1,<environment.Job instance at 0x7f486319e320>,23,27,[4 9],24,128,155,104,126
1,<environment.Job instance at 0x7f486319e460>,24,20,[12  4],25,155,175,130,146
1,<environment.Job instance at 0x7f486319e5a0>,31,26,[5 2],32,175,201,143,172
1,<environment.Job instance at 0x7f48a9434960>,0,22,[6 5],1,1,23,0,1
1,<environment.Job instance at 0x7f48a8efa370>,9,27,[6 2],10,10,37,0,10
1,<environment.Job instance at 0x7f48a6e427d0>,12,24,[10  3],13,37,61,24,32
1,<environment.Job instance at 0x7f48a6e42aa0>,23,22,[9 4],24,89,111,65,89
