iteration,job object,job ID,job Length,job ressource requirement,job enter time,job start time,job finish time,job waiting time,current time
1,<environment.Job instance at 0x7f5bd88ffdc0>,7,12,[7 2],8,26,38,18,24
1,<environment.Job instance at 0x7f5bd88fff00>,10,14,[1 6],11,26,40,15,24
1,<environment.Job instance at 0x7f5bd88ffe60>,11,1,[8 4],12,38,39,26,24
1,<environment.Job instance at 0x7f5bd89030f0>,13,15,[4 5],14,40,55,26,28
1,<environment.Job instance at 0x7f5bd88ffd20>,6,19,[1 7],7,55,74,48,45
1,<environment.Job instance at 0x7f5bddc558c0>,3,17,[4 5],4,5,22,1,5
1,<environment.Job instance at 0x7f5bddc55b40>,4,3,[1 7],5,22,25,17,6
1,<environment.Job instance at 0x7f5bddc56a50>,9,16,[8 1],10,29,45,19,29
1,<environment.Job instance at 0x7f5bddc56500>,8,17,[1 7],9,31,48,22,31
1,<environment.Job instance at 0x7f5bddc55460>,0,12,[6 1],1,45,57,44,31
1,<environment.Job instance at 0x7f5bddc56af0>,13,17,[9 2],14,57,74,43,47
1,<environment.Job instance at 0x7f5b92cae140>,5,18,[5 3],6,7,25,1,7
1,<environment.Job instance at 0x7f5b92cae2d0>,6,16,[7 3],7,25,41,18,13
1,<environment.Job instance at 0x7f5b92caeeb0>,8,15,[9 4],9,41,56,32,27
1,<environment.Job instance at 0x7f5b92cb2780>,13,12,[6 5],14,56,68,42,39
1,<environment.Job instance at 0x7f5b92cb24b0>,16,3,[1 6],17,49,52,32,49
1,<environment.Job instance at 0x7f5b92bab410>,6,16,[6 2],7,8,24,1,8
1,<environment.Job instance at 0x7f5b92bab7d0>,3,18,[5 5],4,25,43,21,25
1,<environment.Job instance at 0x7f5b92bab3c0>,9,14,[3 8],10,43,57,33,28
1,<environment.Job instance at 0x7f5b92babe60>,11,17,[3 8],12,57,74,45,45
1,<environment.Job instance at 0x7f5bd86f2af0>,8,17,[10  2],9,44,61,35,44
1,<environment.Job instance at 0x7f5bd905e280>,0,17,[2 6],1,6,23,5,6
1,<environment.Job instance at 0x7f5bd905e460>,4,18,[10  4],5,23,41,18,20
1,<environment.Job instance at 0x7f5bd8a7eeb0>,9,15,[5 7],10,41,56,31,27
1,<environment.Job instance at 0x7f5bd8a7e4b0>,6,12,[ 3 10],7,56,68,49,39
1,<environment.Job instance at 0x7f5b930fb0f0>,2,2,[8 1],3,6,8,3,6
1,<environment.Job instance at 0x7f5b930fb140>,3,1,[10  2],4,8,9,4,7
1,<environment.Job instance at 0x7f5bd8b8cd20>,6,14,[5 3],7,9,23,2,8
1,<environment.Job instance at 0x7f5bd91a15a0>,7,14,[8 5],8,48,62,40,48
1,<environment.Job instance at 0x7f5b92e55780>,14,1,[10  3],15,62,63,47,48
1,<environment.Job instance at 0x7f5b92e55500>,15,13,[7 1],16,63,76,47,48
1,<environment.Job instance at 0x7f5b93242eb0>,19,14,[2 9],20,63,77,43,49
1,<environment.Job instance at 0x7f5bd8d771e0>,4,14,[3 6],5,23,37,18,23
1,<environment.Job instance at 0x7f5b93242140>,1,17,[2 8],2,37,54,35,26
1,<environment.Job instance at 0x7f5bd8d84320>,8,16,[2 6],9,54,70,45,41
1,<environment.Job instance at 0x7f5b92dafb90>,4,12,[ 1 10],5,5,17,0,5
1,<environment.Job instance at 0x7f5b92daf640>,6,14,[9 5],7,27,41,20,27
1,<environment.Job instance at 0x7f5b92dafd70>,10,13,[1 6],11,41,54,30,27
1,<environment.Job instance at 0x7f5b92daffa0>,9,17,[2 8],10,54,71,44,42
1,<environment.Job instance at 0x7f5b93177b90>,5,14,[5 8],6,13,27,7,13
1,<environment.Job instance at 0x7f5bd95bdf00>,6,16,[2 5],7,24,40,17,24
1,<environment.Job instance at 0x7f5b929ea370>,11,20,[8 3],12,27,47,15,27
1,<environment.Job instance at 0x7f5bd89399b0>,2,14,[4 9],3,4,18,1,4
1,<environment.Job instance at 0x7f5bd8872280>,5,12,[4 8],6,25,37,19,25
1,<environment.Job instance at 0x7f5bd8939460>,1,17,[2 7],2,37,54,35,28
1,<environment.Job instance at 0x7f5b92c43640>,7,1,[4 9],8,21,22,13,21
1,<environment.Job instance at 0x7f5b92c43be0>,8,12,[3 5],9,43,55,34,43
1,<environment.Job instance at 0x7f5b92c43820>,4,17,[2 6],5,55,72,50,46
1,<environment.Job instance at 0x7f5b92b54320>,7,12,[1 7],8,10,22,2,10
1,<environment.Job instance at 0x7f5bd8878e60>,8,18,[5 5],9,24,42,15,24
1,<environment.Job instance at 0x7f5bddc084b0>,9,16,[5 5],10,24,40,14,24
1,<environment.Job instance at 0x7f5bd8edd7d0>,11,13,[3 9],12,42,55,30,26
1,<environment.Job instance at 0x7f5bd88ea960>,13,18,[1 5],14,55,73,41,44
1,<environment.Job instance at 0x7f5bd91f7640>,14,18,[9 5],15,55,73,40,46
1,<environment.Job instance at 0x7f5bd91f7370>,1,1,[ 5 10],2,17,18,15,17
1,<environment.Job instance at 0x7f5b9306d960>,10,12,[2 8],11,27,39,16,27
1,<environment.Job instance at 0x7f5bd8dd6730>,11,14,[ 1 10],12,39,53,27,27
1,<environment.Job instance at 0x7f5b9306d190>,14,14,[1 7],15,53,67,38,43
1,<environment.Job instance at 0x7f5bd8ff4780>,2,12,[7 3],3,5,17,2,5
1,<environment.Job instance at 0x7f5bd8f93820>,7,2,[5 7],8,17,19,9,8
1,<environment.Job instance at 0x7f5bd8f93a00>,4,18,[2 7],5,19,37,14,10
1,<environment.Job instance at 0x7f5bd8f936e0>,9,15,[4 8],10,37,52,27,23
1,<environment.Job instance at 0x7ff3cae9dc80>,7,12,[7 2],8,8,20,0,8
1,<environment.Job instance at 0x7ff3cae9deb0>,10,14,[1 6],11,24,38,13,24
1,<environment.Job instance at 0x7ff3cae9db90>,9,17,[8 1],10,24,41,14,24
1,<environment.Job instance at 0x7ff3cae9df50>,11,1,[8 4],12,41,42,29,24
1,<environment.Job instance at 0x7ff3caea10a0>,15,20,[3 5],16,50,70,34,50
1,<environment.Job instance at 0x7ff3cae9dfa0>,13,15,[4 5],14,54,69,40,54
1,<environment.Job instance at 0x7ff3d041b870>,3,17,[9 2],4,6,23,2,6
1,<environment.Job instance at 0x7ff3d041bb40>,6,12,[6 1],7,23,35,16,7
1,<environment.Job instance at 0x7ff3d041e0a0>,17,19,[8 1],18,54,73,36,54
1,<environment.Job instance at 0x7ff3d041e0f0>,18,13,[1 5],19,54,67,35,54
1,<environment.Job instance at 0x7ff3d041e5a0>,19,15,[4 7],20,73,88,53,59
1,<environment.Job instance at 0x7ff3d041e870>,2,16,[1 8],3,6,22,3,6
1,<environment.Job instance at 0x7ff38519b780>,10,16,[9 4],11,23,39,12,23
1,<environment.Job instance at 0x7ff385296690>,2,14,[4 7],3,3,17,0,3
1,<environment.Job instance at 0x7ff38519bb90>,7,22,[1 7],8,29,51,21,29
1,<environment.Job instance at 0x7ff3850ee370>,13,2,[ 1 10],14,51,53,37,29
1,<environment.Job instance at 0x7ff3850ee640>,12,15,[3 9],13,53,68,40,40
1,<environment.Job instance at 0x7ff3850ee820>,17,3,[5 4],18,68,71,50,50
1,<environment.Job instance at 0x7ff385580a50>,5,16,[7 4],6,46,62,40,46
1,<environment.Job instance at 0x7ff3cacaf7d0>,2,2,[8 1],3,3,5,0,3
1,<environment.Job instance at 0x7ff3cacaf500>,6,14,[5 3],7,7,21,0,7
1,<environment.Job instance at 0x7ff3cacaf910>,7,14,[8 5],8,21,35,13,8
1,<environment.Job instance at 0x7ff3cfdd5820>,15,13,[7 1],16,35,48,19,31
1,<environment.Job instance at 0x7ff3cfdd5280>,18,15,[2 8],19,48,63,29,48
1,<environment.Job instance at 0x7ff3cfdd5910>,19,14,[2 9],20,63,77,43,49
1,<environment.Job instance at 0x7ff3cfdd5d70>,21,25,[5 1],22,52,77,30,52
1,<environment.Job instance at 0x7ff3857e20f0>,7,15,[1 9],8,28,43,20,28
1,<environment.Job instance at 0x7ff3cfe79690>,9,15,[6 2],10,43,58,33,29
1,<environment.Job instance at 0x7ff38572d5a0>,12,1,[ 2 10],13,58,59,45,47
1,<environment.Job instance at 0x7ff3cfcd8a50>,13,17,[7 1],14,59,76,45,47
1,<environment.Job instance at 0x7ff3853587d0>,14,18,[3 8],15,59,77,44,49
1,<environment.Job instance at 0x7ff385069410>,7,14,[5 9],8,17,31,9,17
1,<environment.Job instance at 0x7ff3cb031b90>,4,13,[ 5 10],5,5,18,0,5
1,<environment.Job instance at 0x7ff3cb031a00>,5,15,[7 2],6,18,33,12,6
1,<environment.Job instance at 0x7ff3850d4230>,11,12,[ 5 10],12,33,45,21,16
1,<environment.Job instance at 0x7ff3cfbbc640>,13,14,[5 5],14,45,59,31,36
1,<environment.Job instance at 0x7ff3cb170640>,5,12,[4 8],6,25,37,19,25
1,<environment.Job instance at 0x7ff385562910>,1,17,[4 7],2,6,23,4,6
1,<environment.Job instance at 0x7ff38537c2d0>,7,13,[1 8],8,23,36,15,8
1,<environment.Job instance at 0x7ff38537c730>,10,13,[ 2 10],11,36,49,25,21
1,<environment.Job instance at 0x7ff38537c690>,9,14,[1 7],10,49,63,39,34
1,<environment.Job instance at 0x7ff38537c9b0>,14,2,[2 6],15,63,65,48,36
1,<environment.Job instance at 0x7ff38537c910>,13,18,[ 5 10],14,65,83,51,54
1,<environment.Job instance at 0x7ff385823960>,8,16,[6 5],9,9,25,0,9
1,<environment.Job instance at 0x7ff3cfc5ba50>,10,12,[6 4],11,25,37,14,11
1,<environment.Job instance at 0x7ff3cb170410>,9,14,[5 1],10,10,24,0,10
1,<environment.Job instance at 0x7ff3cb1707d0>,10,15,[7 3],11,24,39,13,11
1,<environment.Job instance at 0x7ff3cb170140>,11,15,[10  3],12,39,54,27,25
1,<environment.Job instance at 0x7ff3cb149be0>,15,17,[8 1],16,54,71,38,48
1,<environment.Job instance at 0x7ff3cb1497d0>,20,1,[7 3],21,71,72,50,48
1,<environment.Job instance at 0x7ff3856e2b90>,0,12,[7 1],1,5,17,4,5
1,<environment.Job instance at 0x7ff3cae5dbe0>,1,18,[8 3],2,17,35,15,6
1,<environment.Job instance at 0x7ff3854cb550>,11,1,[ 5 10],12,35,36,23,12
1,<environment.Job instance at 0x7ff3854cb640>,9,16,[3 9],10,36,52,26,27
1,<environment.Job instance at 0x7ff3cfc0c910>,4,16,[7 2],5,51,67,46,51
1,<environment.Job instance at 0x7ff3cb259780>,6,28,[5 1],7,33,61,26,33
1,<environment.Job instance at 0x7ff38532fa50>,8,13,[8 2],9,61,74,52,49
1,<environment.Job instance at 0x7ff384f64fa0>,8,17,[2 5],9,45,62,36,45
1,<environment.Job instance at 0x7ff3cae3c230>,0,15,[8 1],1,46,61,45,46
1,<environment.Job instance at 0x7ff3cf7bcd20>,11,3,[9 4],12,62,65,50,46
1,<environment.Job instance at 0x7ff384f9db40>,12,2,[7 5],13,65,67,52,46
1,<environment.Job instance at 0x7ff3cf7c5780>,14,12,[10  1],15,67,79,52,50
1,<environment.Job instance at 0x7ff38560b910>,3,16,[5 5],4,6,22,2,6
1,<environment.Job instance at 0x7ff3cfb3faf0>,6,12,[7 4],7,22,34,15,7
1,<environment.Job instance at 0x7ff3850d35a0>,11,18,[7 3],12,50,68,38,50
1,<environment.Job instance at 0x7ff3850d36e0>,3,16,[7 3],4,5,21,1,5
1,<environment.Job instance at 0x7ff3cf80c7d0>,12,17,[2 5],13,26,43,13,26
1,<environment.Job instance at 0x7ff3cf80c550>,13,17,[5 3],14,28,45,14,28
1,<environment.Job instance at 0x7ff3cf80c050>,14,12,[2 7],15,43,55,28,28
1,<environment.Job instance at 0x7ff3cfb80d20>,18,13,[4 6],19,55,68,36,52
1,<environment.Job instance at 0x7f3bdbd9f140>,0,17,[6 2],1,5,22,4,5
1,<environment.Job instance at 0x7f3bd4990500>,7,12,[7 2],8,22,34,14,8
1,<environment.Job instance at 0x7f3bd4990730>,9,17,[8 1],10,34,51,24,25
1,<environment.Job instance at 0x7f3bd4990370>,6,19,[1 7],7,29,48,22,29
1,<environment.Job instance at 0x7f3bd4990960>,15,20,[3 5],16,51,71,35,49
1,<environment.Job instance at 0x7f3bd4990780>,10,14,[1 6],11,71,85,60,56
1,<environment.Job instance at 0x7f3bdbdc7a50>,9,15,[4 7],10,10,25,0,10
1,<environment.Job instance at 0x7f3bdbf0dc80>,10,19,[8 4],11,25,44,14,15
1,<environment.Job instance at 0x7f3bdbf0db40>,12,2,[10  3],13,44,46,31,17
1,<environment.Job instance at 0x7f3bdbdc7690>,5,19,[8 3],6,46,65,40,36
1,<environment.Job instance at 0x7f3bdbf05be0>,18,3,[9 5],19,65,68,46,42
1,<environment.Job instance at 0x7f3bdbdc73c0>,6,18,[ 2 10],7,68,86,61,57
1,<environment.Job instance at 0x7f3b90bdee10>,2,14,[5 1],3,3,17,0,3
1,<environment.Job instance at 0x7f3b90bde5f0>,3,18,[1 7],4,4,22,0,4
1,<environment.Job instance at 0x7f3b90bde7d0>,7,2,[7 2],8,17,19,9,8
1,<environment.Job instance at 0x7f3b90bde500>,10,15,[6 2],11,19,34,8,11
1,<environment.Job instance at 0x7f3b90bdea00>,13,18,[5 5],14,46,64,32,46
1,<environment.Job instance at 0x7f3b90cbf410>,19,14,[3 8],20,64,78,44,57
1,<environment.Job instance at 0x7f3b90cbf0f0>,21,17,[3 8],22,78,95,56,66
1,<environment.Job instance at 0x7f3b91129140>,0,13,[5 1],1,10,23,9,10
1,<environment.Job instance at 0x7f3b91129be0>,5,15,[3 5],6,10,25,4,10
1,<environment.Job instance at 0x7f3b9104b690>,0,3,[5 4],1,4,7,3,4
1,<environment.Job instance at 0x7f3b91129960>,4,2,[10  1],5,7,9,2,5
1,<environment.Job instance at 0x7f3b9108f550>,12,12,[2 7],13,58,70,45,58
1,<environment.Job instance at 0x7f3bd47725a0>,4,14,[3 6],5,23,37,18,23
1,<environment.Job instance at 0x7f3b9108f6e0>,1,17,[2 8],2,37,54,35,31
1,<environment.Job instance at 0x7f3bd4c2b460>,4,2,[2 8],5,5,7,0,5
1,<environment.Job instance at 0x7f3bd4c2b500>,7,14,[5 9],8,10,24,2,10
1,<environment.Job instance at 0x7f3bdbdc56e0>,4,3,[1 6],5,5,8,0,5
1,<environment.Job instance at 0x7f3bdbdc5cd0>,7,14,[7 5],8,26,40,18,26
1,<environment.Job instance at 0x7f3bdbdc5050>,8,12,[6 1],9,40,52,31,27
1,<environment.Job instance at 0x7f3bdbdc5230>,0,18,[3 6],1,40,58,39,30
1,<environment.Job instance at 0x7f3bdbdc52d0>,9,13,[ 3 10],10,58,71,48,43
1,<environment.Job instance at 0x7f3b9103c050>,6,15,[6 1],7,7,22,0,7
1,<environment.Job instance at 0x7f3bd4c8d0f0>,7,15,[3 7],8,8,23,0,8
1,<environment.Job instance at 0x7f3bd4c8d460>,9,2,[8 4],10,23,25,13,10
1,<environment.Job instance at 0x7f3bd4841be0>,0,12,[3 6],1,25,37,24,11
1,<environment.Job instance at 0x7f3bd4c8d870>,10,16,[5 1],11,25,41,14,12
1,<environment.Job instance at 0x7f3b90a77af0>,12,2,[7 2],13,41,43,28,14
1,<environment.Job instance at 0x7f3bd4841fa0>,2,13,[1 8],3,37,50,34,21
1,<environment.Job instance at 0x7f3bdb79aeb0>,19,12,[10  3],20,50,62,30,38
1,<environment.Job instance at 0x7f3bdb79adc0>,20,14,[5 4],21,62,76,41,47
1,<environment.Job instance at 0x7f3b90a755a0>,10,12,[1 8],11,53,65,42,53
1,<environment.Job instance at 0x7f3b90a75050>,11,16,[5 1],12,53,69,41,53
1,<environment.Job instance at 0x7f3b90d69c80>,13,14,[4 5],14,65,79,51,53
1,<environment.Job instance at 0x7f3b90d69410>,16,14,[1 7],17,79,93,62,64
1,<environment.Job instance at 0x7f3b90d69a50>,3,16,[7 2],4,4,20,0,4
1,<environment.Job instance at 0x7f3b90f76280>,0,16,[6 2],1,20,36,19,7
1,<environment.Job instance at 0x7f3b90e84fa0>,12,3,[2 6],13,25,28,12,25
1,<environment.Job instance at 0x7f3b90d69410>,5,16,[5 7],6,44,60,38,44
1,<environment.Job instance at 0x7f3b90e84eb0>,13,19,[2 8],14,60,79,46,50
1,<environment.Job instance at 0x7f3b90e88410>,20,15,[7 3],21,79,94,58,65
1,<environment.Job instance at 0x7f3b90e88410>,4,15,[6 2],5,6,21,1,6
1,<environment.Job instance at 0x7f3bd4afbf00>,5,17,[7 4],6,21,38,15,9
1,<environment.Job instance at 0x7f3bd4afb4b0>,1,18,[8 3],2,38,56,36,30
1,<environment.Job instance at 0x7f3b90d7aa00>,3,20,[1 8],4,7,27,3,7
1,<environment.Job instance at 0x7f3b90fd4d20>,12,12,[3 9],13,41,53,28,41
1,<environment.Job instance at 0x7f3b90fd4aa0>,6,14,[10  2],7,53,67,46,42
1,<environment.Job instance at 0x7f3b90fd4780>,14,16,[4 8],15,67,83,52,60
1,<environment.Job instance at 0x7f3b90fd47d0>,17,24,[6 2],18,67,91,49,63
1,<environment.Job instance at 0x7f3b90a7dd70>,3,18,[7 3],4,5,23,1,5
1,<environment.Job instance at 0x7f3bd4d0d7d0>,7,17,[2 6],8,28,45,20,28
1,<environment.Job instance at 0x7f3bd4d971e0>,1,12,[6 3],2,4,16,2,4
1,<environment.Job instance at 0x7f3bd4db09b0>,7,15,[8 4],8,16,31,8,8
1,<environment.Job instance at 0x7f3bd4db0910>,5,13,[2 6],6,21,34,15,21
1,<environment.Job instance at 0x7f3bd48a6500>,2,14,[1 7],3,4,18,1,4
1,<environment.Job instance at 0x7f3bd4837050>,12,2,[4 6],13,21,23,8,21
1,<environment.Job instance at 0x7f3b90bd1fa0>,3,13,[4 5],4,26,39,22,26
1,<environment.Job instance at 0x7f3bd4a77870>,16,16,[4 6],17,39,55,22,30
1,<environment.Job instance at 0x7f3bdb362280>,8,14,[8 4],9,30,44,21,30
1,<environment.Job instance at 0x7f3b91009460>,0,19,[3 8],1,52,71,51,52
1,<environment.Job instance at 0x7f3b91009e10>,11,14,[9 5],12,71,85,59,58
1,<environment.Job instance at 0x7f3b90b299b0>,0,16,[6 1],1,5,21,4,5
1,<environment.Job instance at 0x7f3b90ec85a0>,6,17,[8 2],7,21,38,14,9
1,<environment.Job instance at 0x7f3b90ec8d70>,4,13,[8 2],5,38,51,33,23
1,<environment.Job instance at 0x7f3b90ec8cd0>,3,18,[9 4],4,51,69,47,40
1,<environment.Job instance at 0x7f348258b2d0>,1,15,[4 5],2,4,19,2,4
1,<environment.Job instance at 0x7f348258b0f0>,0,17,[6 2],1,7,24,6,7
1,<environment.Job instance at 0x7f347d17b500>,7,12,[7 2],8,43,55,35,43
1,<environment.Job instance at 0x7f347d17b5a0>,9,17,[8 1],10,55,72,45,43
1,<environment.Job instance at 0x7f347d17b910>,1,17,[2 7],2,5,22,3,5
1,<environment.Job instance at 0x7f34826f2f50>,8,3,[9 5],9,22,25,13,9
1,<environment.Job instance at 0x7f34826f2960>,7,17,[7 4],8,25,42,17,14
1,<environment.Job instance at 0x7f343754c960>,4,14,[ 4 10],5,7,21,2,7
1,<environment.Job instance at 0x7f3437557aa0>,2,16,[7 4],3,46,62,43,46
1,<environment.Job instance at 0x7f3437516320>,5,16,[7 4],6,70,86,64,70
1,<environment.Job instance at 0x7f3437516a50>,3,16,[9 4],4,86,102,82,76
1,<environment.Job instance at 0x7f3437516c80>,2,17,[4 8],3,5,22,2,5
1,<environment.Job instance at 0x7f3437873960>,7,14,[5 8],8,22,36,14,9
1,<environment.Job instance at 0x7f3437873910>,11,13,[1 7],12,36,49,24,31
1,<environment.Job instance at 0x7f3437873d70>,13,13,[ 4 10],14,51,64,37,51
1,<environment.Job instance at 0x7f3437873dc0>,14,16,[2 8],15,64,80,49,51
1,<environment.Job instance at 0x7f34378741e0>,4,12,[ 1 10],5,6,18,1,6
1,<environment.Job instance at 0x7f3437a25280>,6,14,[9 5],7,18,32,11,7
1,<environment.Job instance at 0x7f3437a256e0>,10,13,[1 6],11,32,45,21,16
1,<environment.Job instance at 0x7f3437a25690>,11,15,[5 1],12,32,47,20,19
1,<environment.Job instance at 0x7f3437a251e0>,12,16,[3 9],13,45,61,32,34
1,<environment.Job instance at 0x7f3437a252d0>,15,18,[9 2],16,61,79,45,51
1,<environment.Job instance at 0x7f347d3266e0>,19,3,[3 5],20,79,82,59,59
1,<environment.Job instance at 0x7f347d326f00>,20,16,[2 7],21,82,98,61,69
1,<environment.Job instance at 0x7f347d1567d0>,8,2,[7 2],9,48,50,39,48
1,<environment.Job instance at 0x7f347d2ae370>,10,1,[1 6],11,48,49,37,48
1,<environment.Job instance at 0x7f347f77cc30>,9,1,[1 5],10,76,77,66,76
1,<environment.Job instance at 0x7f347cf544b0>,14,17,[2 5],15,76,93,61,76
1,<environment.Job instance at 0x7f347cf54a50>,15,14,[8 2],16,77,91,61,77
1,<environment.Job instance at 0x7f347d2ae730>,4,3,[1 6],5,5,8,0,5
1,<environment.Job instance at 0x7f347d296870>,7,14,[7 5],8,26,40,18,26
1,<environment.Job instance at 0x7f347d296410>,8,12,[6 1],9,40,52,31,26
1,<environment.Job instance at 0x7f347cfaf050>,10,3,[5 1],11,52,55,41,26
1,<environment.Job instance at 0x7f347d296320>,9,13,[ 3 10],10,55,68,45,39
1,<environment.Job instance at 0x7f34372f68c0>,20,12,[8 2],21,79,91,58,79
1,<environment.Job instance at 0x7f347f82bb90>,2,2,[7 2],3,3,5,0,3
1,<environment.Job instance at 0x7f347f82b870>,5,2,[2 9],6,6,8,0,6
1,<environment.Job instance at 0x7f347f82be60>,7,1,[8 1],8,8,9,0,8
1,<environment.Job instance at 0x7f347f82b5f0>,10,14,[5 4],11,16,30,5,16
1,<environment.Job instance at 0x7f347f82b730>,11,15,[10  1],12,30,45,18,17
1,<environment.Job instance at 0x7f343781f370>,14,17,[2 6],15,45,62,30,37
1,<environment.Job instance at 0x7f343781f140>,18,12,[3 5],19,62,74,43,59
1,<environment.Job instance at 0x7f347f85dd70>,24,16,[10  5],25,74,90,49,61
1,<environment.Job instance at 0x7f347f85daa0>,26,13,[7 5],27,90,103,63,75
1,<environment.Job instance at 0x7f347d3c4730>,0,15,[6 2],1,2,17,1,2
1,<environment.Job instance at 0x7f347d3c4640>,1,2,[10  4],2,17,19,15,8
1,<environment.Job instance at 0x7f347fccadc0>,7,15,[1 7],8,19,34,11,8
1,<environment.Job instance at 0x7f34378b7820>,18,15,[5 5],19,78,93,59,78
1,<environment.Job instance at 0x7f347cfbd050>,19,12,[9 1],20,93,105,73,78
1,<environment.Job instance at 0x7f347d4a14b0>,0,1,[7 3],1,1,2,0,1
1,<environment.Job instance at 0x7f343720fe60>,8,18,[5 5],9,24,42,15,24
1,<environment.Job instance at 0x7f347f86b8c0>,2,14,[4 7],3,42,56,39,28
1,<environment.Job instance at 0x7f343720fdc0>,13,18,[1 5],14,56,74,42,45
1,<environment.Job instance at 0x7f34376afd70>,14,18,[9 5],15,56,74,41,48
1,<environment.Job instance at 0x7f343720f140>,12,13,[ 3 10],13,74,87,61,64
1,<environment.Job instance at 0x7f3437255b40>,18,12,[2 6],19,87,99,68,70
1,<environment.Job instance at 0x7f3437539eb0>,2,13,[8 2],3,5,18,2,5
1,<environment.Job instance at 0x7f347f7fc730>,6,16,[ 2 10],7,18,34,11,10
1,<environment.Job instance at 0x7f347d1391e0>,8,14,[5 9],9,34,48,25,21
1,<environment.Job instance at 0x7f3437539460>,4,12,[ 4 10],5,48,60,43,45
1,<environment.Job instance at 0x7f34372e7550>,6,28,[5 1],7,27,55,20,27
1,<environment.Job instance at 0x7f34372e7b40>,8,13,[8 2],9,55,68,46,51
1,<environment.Job instance at 0x7f34372e7190>,10,21,[9 1],11,68,89,57,61
1,<environment.Job instance at 0x7f347cff30a0>,12,16,[1 7],13,65,81,52,65
1,<environment.Job instance at 0x7f34372e7500>,4,17,[ 1 10],5,89,106,84,77
1,<environment.Job instance at 0x7f347f960870>,2,12,[ 1 10],3,3,15,0,3
1,<environment.Job instance at 0x7f347f960410>,6,17,[3 6],7,15,32,8,8
1,<environment.Job instance at 0x7f347f960410>,3,13,[4 5],4,5,18,1,5
1,<environment.Job instance at 0x7f3437b04460>,12,2,[4 6],13,21,23,8,21
1,<environment.Job instance at 0x7f3437b1fc80>,6,15,[5 5],7,33,48,26,33
1,<environment.Job instance at 0x7f3437b04640>,15,15,[1 6],16,48,63,32,42
1,<environment.Job instance at 0x7f347cf79be0>,10,3,[10  4],11,67,70,56,67
1,<environment.Job instance at 0x7f347fbad690>,11,13,[8 4],12,70,83,58,67
1,<environment.Job instance at 0x7f347d0d33c0>,3,15,[7 2],4,4,19,0,4
1,<environment.Job instance at 0x7f347d60da50>,7,16,[5 4],8,19,35,11,8
1,<environment.Job instance at 0x7f347cf3e0f0>,1,16,[1 6],2,11,27,9,11
1,<environment.Job instance at 0x7f347d396410>,15,14,[7 2],16,54,68,38,54
1,<environment.Job instance at 0x7f347d63d2d0>,6,14,[10  2],7,68,82,61,54
1,<environment.Job instance at 0x7f347d570820>,18,12,[2 6],19,82,94,63,65
1,<environment.Job instance at 0x7f347d423d20>,20,1,[3 9],21,94,95,73,69
1,<environment.Job instance at 0x7f347f8c1d20>,5,12,[2 9],6,53,65,47,53
1,<environment.Job instance at 0x7f347f8c18c0>,11,14,[1 7],12,65,79,53,53
1,<environment.Job instance at 0x7f347f8c1af0>,12,3,[8 2],13,65,68,52,53
1,<environment.Job instance at 0x7f347f8c19b0>,13,18,[1 9],14,79,97,65,69
1,<environment.Job instance at 0x7f347f81caf0>,3,12,[10  3],4,5,17,1,5
1,<environment.Job instance at 0x7f347f81ceb0>,8,14,[ 4 10],9,17,31,8,9
1,<environment.Job instance at 0x7f347d3b5b90>,13,15,[ 4 10],14,49,64,35,49
1,<environment.Job instance at 0x7f34372b40a0>,14,17,[4 9],15,64,81,49,53
1,<environment.Job instance at 0x7f3437224f50>,5,17,[10  4],6,81,98,75,70
1,<environment.Job instance at 0x7f347fe51b40>,18,3,[6 5],19,98,101,79,76
1,<environment.Job instance at 0x7f20e3272d70>,3,13,[3 8],4,6,19,2,6
1,<environment.Job instance at 0x7f20e322e050>,7,12,[7 2],8,24,36,16,24
1,<environment.Job instance at 0x7f20dbe1e780>,10,14,[1 6],11,24,38,13,24
1,<environment.Job instance at 0x7f20dbe1e820>,13,15,[4 5],14,38,53,24,24
1,<environment.Job instance at 0x7f20dbe1e960>,15,20,[3 5],16,46,66,30,46
1,<environment.Job instance at 0x7f20dbe1eb40>,18,18,[3 6],19,66,84,47,55
1,<environment.Job instance at 0x7f20e339c8c0>,2,3,[2 8],3,3,6,0,3
1,<environment.Job instance at 0x7f20e33956e0>,9,14,[6 1],10,24,38,14,24
1,<environment.Job instance at 0x7f20e3256280>,14,14,[6 5],15,60,74,45,60
1,<environment.Job instance at 0x7f20e32567d0>,15,18,[5 3],16,74,92,58,63
1,<environment.Job instance at 0x7f20e3256910>,17,13,[6 5],18,92,105,74,76
1,<environment.Job instance at 0x7f20e32565f0>,5,19,[5 1],6,6,25,0,6
1,<environment.Job instance at 0x7f20e3256cd0>,6,17,[8 2],7,48,65,41,48
1,<environment.Job instance at 0x7f2098218780>,1,13,[ 4 10],2,65,78,63,50
1,<environment.Job instance at 0x7f20981f1b40>,12,15,[3 9],13,78,93,65,64
1,<environment.Job instance at 0x7f20985badc0>,13,13,[5 7],14,67,80,53,67
1,<environment.Job instance at 0x7f209850caa0>,6,3,[5 9],7,27,30,20,27
1,<environment.Job instance at 0x7f209850f230>,9,15,[6 2],10,30,45,20,27
1,<environment.Job instance at 0x7f209850c320>,7,15,[1 9],8,45,60,37,45
1,<environment.Job instance at 0x7f209850f3c0>,14,18,[3 8],15,60,78,45,50
1,<environment.Job instance at 0x7f209850f6e0>,19,15,[4 9],20,79,94,59,79
1,<environment.Job instance at 0x7f20dc239a50>,5,14,[5 8],6,71,85,65,71
1,<environment.Job instance at 0x7f20dc239640>,11,14,[3 5],12,85,99,73,71
1,<environment.Job instance at 0x7f20dc0b64b0>,15,17,[9 1],16,99,116,83,87
1,<environment.Job instance at 0x7f20de94daf0>,6,12,[7 4],7,7,19,0,7
1,<environment.Job instance at 0x7f20dc0b6cd0>,5,15,[7 2],6,19,34,13,8
1,<environment.Job instance at 0x7f20de58fdc0>,9,15,[2 6],10,11,26,1,11
1,<environment.Job instance at 0x7f20985ec960>,14,14,[1 8],15,36,50,21,36
1,<environment.Job instance at 0x7f20de6d7370>,16,17,[ 4 10],17,59,76,42,59
1,<environment.Job instance at 0x7f209812aa50>,0,12,[3 6],1,4,16,3,4
1,<environment.Job instance at 0x7f2097fca5f0>,6,15,[6 1],7,7,22,0,7
1,<environment.Job instance at 0x7f209812a500>,2,13,[1 8],3,16,29,13,8
1,<environment.Job instance at 0x7f2097fca910>,10,16,[5 1],11,22,38,11,14
1,<environment.Job instance at 0x7f2097fca9b0>,11,17,[3 7],12,29,46,17,17
1,<environment.Job instance at 0x7f2097fca730>,7,15,[3 7],8,46,61,38,32
1,<environment.Job instance at 0x7f2097fc4410>,21,15,[10  1],22,61,76,39,50
1,<environment.Job instance at 0x7f2097fc48c0>,28,12,[3 5],29,76,88,47,73
1,<environment.Job instance at 0x7f20981037d0>,8,16,[6 5],9,9,25,0,9
1,<environment.Job instance at 0x7f2098103dc0>,7,15,[1 7],8,25,40,17,11
1,<environment.Job instance at 0x7f20981035a0>,6,15,[10  3],7,78,93,71,78
1,<environment.Job instance at 0x7f20dbe93230>,18,15,[5 5],19,93,108,74,79
1,<environment.Job instance at 0x7f209870c4b0>,1,13,[3 9],2,3,16,1,3
1,<environment.Job instance at 0x7f20dc120eb0>,8,12,[2 6],9,16,28,7,9
1,<environment.Job instance at 0x7f209870c0f0>,6,14,[1 9],7,28,42,21,13
1,<environment.Job instance at 0x7f2098357e10>,14,16,[5 4],15,42,58,27,29
1,<environment.Job instance at 0x7f20dc1e1c30>,18,1,[10  1],19,58,59,39,44
1,<environment.Job instance at 0x7f20de577190>,4,16,[7 2],5,52,68,47,52
1,<environment.Job instance at 0x7f20dc1c7c30>,8,17,[3 6],9,77,94,68,77
1,<environment.Job instance at 0x7f20dc06b6e0>,7,1,[2 5],8,24,25,16,24
1,<environment.Job instance at 0x7f20dc06bf00>,9,18,[10  2],10,25,43,15,24
1,<environment.Job instance at 0x7f20de851140>,4,13,[4 6],5,7,20,2,7
1,<environment.Job instance at 0x7f20de851aa0>,6,12,[7 4],7,20,32,13,10
1,<environment.Job instance at 0x7f20de851910>,11,18,[7 3],12,50,68,38,50
1,<environment.Job instance at 0x7f20dc21db40>,16,12,[8 1],17,74,86,57,74
1,<environment.Job instance at 0x7f20dc21d550>,20,14,[4 9],21,86,100,65,74
1,<environment.Job instance at 0x7f2098727b90>,5,2,[5 7],6,48,50,42,48
1,<environment.Job instance at 0x7f2098740a50>,14,17,[5 1],15,70,87,55,70
1,<environment.Job instance at 0x7f2098740870>,15,16,[9 3],16,87,103,71,74
1,<environment.Job instance at 0x7f2098086050>,6,14,[ 1 10],7,34,48,27,34
1,<environment.Job instance at 0x7f20dbf8c320>,9,19,[8 3],10,48,67,38,39
1,<environment.Job instance at 0x7f2098621d70>,14,17,[8 4],15,67,84,52,56
1,<environment.Job instance at 0x7f2098621f00>,11,14,[9 5],12,84,98,72,69
1,<environment.Job instance at 0x7f2097e9ce10>,1,13,[5 4],2,19,32,17,19
1,<environment.Job instance at 0x7f2097e9cf50>,5,18,[10  2],6,32,50,26,22
1,<environment.Job instance at 0x7f20de372730>,1,14,[4 7],2,4,18,2,4
1,<environment.Job instance at 0x7f20de9065a0>,8,14,[ 4 10],9,18,32,9,9
1,<environment.Job instance at 0x7f20de906fa0>,7,16,[6 1],8,32,48,24,20
1,<environment.Job instance at 0x7f20de8e7b90>,15,2,[3 5],16,86,88,70,86
1,<environment.Job instance at 0x7f2097e9cd20>,4,13,[10  4],5,88,101,83,88
1,<environment.Job instance at 0x7f20deab40a0>,8,3,[6 5],9,11,14,2,11
1,<environment.Job instance at 0x7f20deab4910>,9,19,[ 5 10],10,14,33,4,12
1,<environment.Job instance at 0x7f20deab4a50>,11,15,[3 9],12,33,48,21,22
1,<environment.Job instance at 0x7f20deab4280>,13,12,[5 4],14,48,60,34,31
1,<environment.Job instance at 0x7f20981a5050>,6,18,[ 2 10],7,60,78,53,49
1,<environment.Job instance at 0x7f2097e69730>,4,17,[4 9],5,78,95,73,71
1,<environment.Job instance at 0x7f2098430be0>,5,14,[5 6],6,6,20,0,6
1,<environment.Job instance at 0x7f2097e21d20>,6,16,[8 4],7,20,36,13,12
1,<environment.Job instance at 0x7f20981b70f0>,10,13,[2 9],11,48,61,37,48
1,<environment.Job instance at 0x7f20980617d0>,11,17,[8 4],12,61,78,49,49
1,<environment.Job instance at 0x7f20de755aa0>,15,13,[7 1],16,78,91,62,62
1,<environment.Job instance at 0x7f209860a780>,18,12,[3 8],19,78,90,59,77
1,<environment.Job instance at 0x7f2097dcaa00>,19,18,[7 1],20,91,109,71,80
1,<environment.Job instance at 0x7f2097d6b050>,23,16,[3 5],24,90,106,66,87
1,<environment.Job instance at 0x7f2097dac410>,7,14,[1 9],8,8,22,0,8
1,<environment.Job instance at 0x7f20dc2eceb0>,8,12,[7 5],9,22,34,13,9
1,<environment.Job instance at 0x7f20dc2ec3c0>,9,1,[10  1],10,34,35,24,10
1,<environment.Job instance at 0x7f2097dac8c0>,13,14,[6 2],14,35,49,21,23
1,<environment.Job instance at 0x7f20dc2ec050>,15,28,[1 5],16,35,63,19,34
1,<environment.Job instance at 0x7f20dc2ecd70>,16,14,[9 4],17,49,63,32,34
1,<environment.Job instance at 0x7f8d69c4d140>,0,17,[6 2],1,3,20,2,3
1,<environment.Job instance at 0x7f8d6283d500>,7,12,[7 2],8,20,32,12,8
1,<environment.Job instance at 0x7f8d6283d550>,6,19,[1 7],7,24,43,17,24
1,<environment.Job instance at 0x7f8d6283d730>,9,17,[8 1],10,32,49,22,25
1,<environment.Job instance at 0x7f8d6283d960>,15,20,[3 5],16,49,69,33,45
1,<environment.Job instance at 0x7f8d6283db40>,18,18,[3 6],19,69,87,50,58
1,<environment.Job instance at 0x7f8d69db3b90>,5,18,[5 3],6,6,24,0,6
1,<environment.Job instance at 0x7f8d69db9a00>,7,13,[6 5],8,24,37,16,9
1,<environment.Job instance at 0x7f8d69db9500>,10,13,[1 7],11,37,50,26,21
1,<environment.Job instance at 0x7f8d69db9410>,12,14,[3 7],13,50,64,37,35
1,<environment.Job instance at 0x7f8d69c74460>,16,3,[1 6],17,64,67,47,51
1,<environment.Job instance at 0x7f8d69c74dc0>,17,12,[6 1],18,51,63,33,51
1,<environment.Job instance at 0x7f8d69c74690>,18,14,[9 1],19,64,78,45,51
1,<environment.Job instance at 0x7f8d69db4910>,19,15,[9 2],20,78,93,58,65
1,<environment.Job instance at 0x7f8d69db4eb0>,22,16,[1 8],23,69,85,46,69
1,<environment.Job instance at 0x7f8d1eb06cd0>,7,27,[5 3],8,24,51,16,24
1,<environment.Job instance at 0x7f8d1eb06820>,10,13,[5 1],11,44,57,33,44
1,<environment.Job instance at 0x7f8d1eb06a00>,3,16,[10  3],4,71,87,67,71
1,<environment.Job instance at 0x7f8d1ec9b9b0>,3,1,[10  2],4,4,5,0,4
1,<environment.Job instance at 0x7f8d1ec9bf50>,2,2,[8 1],3,5,7,2,5
1,<environment.Job instance at 0x7f8d66d7ab90>,15,13,[7 1],16,48,61,32,48
1,<environment.Job instance at 0x7f8d628775a0>,13,13,[9 2],14,61,74,47,55
1,<environment.Job instance at 0x7f8d66d7a3c0>,18,15,[2 8],19,74,89,55,61
1,<environment.Job instance at 0x7f8d62999fa0>,23,14,[ 3 10],24,89,103,65,74
1,<environment.Job instance at 0x7f8d1ec2ba00>,1,17,[2 6],2,6,23,4,6
1,<environment.Job instance at 0x7f8d1ee5d190>,10,13,[1 6],11,28,41,17,28
1,<environment.Job instance at 0x7f8d1eeba280>,11,15,[5 1],12,28,43,16,28
1,<environment.Job instance at 0x7f8d626325f0>,12,16,[3 9],13,41,57,28,28
1,<environment.Job instance at 0x7f8d1ee77280>,15,18,[9 2],16,57,75,41,46
1,<environment.Job instance at 0x7f8d1ee775a0>,17,12,[3 9],18,75,87,57,58
1,<environment.Job instance at 0x7f8d6726e050>,6,16,[2 5],7,24,40,17,24
1,<environment.Job instance at 0x7f8d67353b90>,17,16,[4 5],18,70,86,52,70
1,<environment.Job instance at 0x7f8d673539b0>,16,13,[1 9],17,86,99,69,70
1,<environment.Job instance at 0x7f8d1efb78c0>,8,15,[5 5],9,26,41,17,26
1,<environment.Job instance at 0x7f8d66fc3910>,5,12,[4 8],6,98,110,92,98
1,<environment.Job instance at 0x7f8d628e51e0>,15,16,[5 5],16,110,126,94,98
1,<environment.Job instance at 0x7f8d1f1bb5a0>,7,12,[1 7],8,37,49,29,37
1,<environment.Job instance at 0x7f8d1f1bb320>,8,15,[3 7],9,53,68,44,53
1,<environment.Job instance at 0x7f8d1f1bb910>,10,12,[1 8],11,68,80,57,53
1,<environment.Job instance at 0x7f8d1f194370>,16,14,[1 7],17,80,94,63,65
1,<environment.Job instance at 0x7f8d1f194550>,19,14,[5 7],20,94,108,74,79
1,<environment.Job instance at 0x7f8d1f196d70>,0,1,[7 3],1,1,2,0,1
1,<environment.Job instance at 0x7f8d67343e60>,8,18,[5 5],9,24,42,15,24
1,<environment.Job instance at 0x7f8d6714caf0>,11,13,[3 9],12,42,55,30,27
1,<environment.Job instance at 0x7f8d66faeaa0>,14,18,[9 5],15,55,73,40,44
1,<environment.Job instance at 0x7f8d6713ef50>,2,14,[4 7],3,73,87,70,65
1,<environment.Job instance at 0x7f8d66eddd70>,18,12,[2 6],19,87,99,68,71
1,<environment.Job instance at 0x7f8d66eddc30>,21,13,[5 5],22,99,112,77,92
1,<environment.Job instance at 0x7f8d66ed0c80>,24,16,[5 4],25,96,112,71,96
1,<environment.Job instance at 0x7f8d67420a00>,4,16,[7 2],5,51,67,46,51
1,<environment.Job instance at 0x7f8d62b44190>,8,17,[3 6],9,77,94,68,77
1,<environment.Job instance at 0x7f8d62635aa0>,11,14,[10  2],12,94,108,82,80
1,<environment.Job instance at 0x7f8d6268dc30>,15,13,[7 4],16,108,121,92,99
1,<environment.Job instance at 0x7f8d627a9aa0>,0,3,[5 6],1,4,7,3,4
1,<environment.Job instance at 0x7f8d6293a280>,6,13,[1 5],7,24,37,17,24
1,<environment.Job instance at 0x7f8d6293a230>,4,17,[2 6],5,37,54,32,29
1,<environment.Job instance at 0x7f8d6293a780>,13,15,[5 8],14,56,71,42,56
1,<environment.Job instance at 0x7f8d6293a820>,14,15,[4 5],15,71,86,56,63
1,<environment.Job instance at 0x7f8d6293abe0>,20,15,[8 1],21,86,101,65,74
1,<environment.Job instance at 0x7f8d6293adc0>,23,15,[5 5],24,101,116,77,96
1,<environment.Job instance at 0x7f8d1ecc5280>,6,15,[5 5],7,9,24,2,9
1,<environment.Job instance at 0x7f8d1ecc5f00>,8,12,[ 1 10],9,24,36,15,20
1,<environment.Job instance at 0x7f8d1eeffbe0>,14,14,[ 1 10],15,36,50,21,28
1,<environment.Job instance at 0x7f8d627f4460>,16,13,[5 5],17,50,63,33,46
1,<environment.Job instance at 0x7f8d627f4370>,18,3,[4 8],19,63,66,44,47
1,<environment.Job instance at 0x7f8d627f4870>,19,17,[7 1],20,66,83,46,54
1,<environment.Job instance at 0x7f8d627f4640>,20,16,[2 8],21,66,82,45,54
1,<environment.Job instance at 0x7f8d1eeff640>,10,15,[10  2],11,83,98,72,69
1,<environment.Job instance at 0x7f8d627b5050>,10,3,[10  4],11,28,31,17,28
1,<environment.Job instance at 0x7f8d62725320>,2,18,[2 5],3,10,28,7,10
1,<environment.Job instance at 0x7f8d1ee9a460>,9,16,[1 7],10,28,44,18,15
1,<environment.Job instance at 0x7f8d1ebdf640>,12,2,[ 1 10],13,44,46,31,21
1,<environment.Job instance at 0x7f8d1eeb30f0>,13,17,[5 7],14,46,63,32,34
1,<environment.Job instance at 0x7f8d67189a50>,9,12,[9 1],10,17,29,7,17
1,<environment.Job instance at 0x7f8d67189aa0>,6,13,[5 8],7,29,42,22,17
1,<environment.Job instance at 0x7f8d1ec6f460>,11,18,[ 4 10],12,48,66,36,48
1,<environment.Job instance at 0x7f8d1e7c4af0>,8,15,[7 3],9,9,24,0,9
1,<environment.Job instance at 0x7f8d1e7c4780>,0,12,[9 1],1,24,36,23,12
1,<environment.Job instance at 0x7f8d1e7c4550>,11,3,[5 7],12,36,39,24,15
1,<environment.Job instance at 0x7f8d1e7cd410>,16,13,[9 3],17,51,64,34,51
1,<environment.Job instance at 0x7f8d1e7cdd70>,17,1,[1 7],18,51,52,33,51
1,<environment.Job instance at 0x7f8d1e7cd8c0>,20,13,[4 8],21,76,89,55,76
1,<environment.Job instance at 0x7f8d1e805b40>,23,23,[4 5],24,92,115,68,92
1,<environment.Job instance at 0x7f8d1e9d5be0>,7,20,[ 5 10],8,30,50,22,30
1,<environment.Job instance at 0x7f8d1e9d5c30>,8,3,[5 2],9,50,53,41,31
1,<environment.Job instance at 0x7f8d1e9d5f00>,11,19,[3 5],12,50,69,38,40
1,<environment.Job instance at 0x7f8d1e9e0640>,14,12,[7 3],15,53,65,38,50
1,<environment.Job instance at 0x7f8d1e9e0500>,17,13,[3 9],18,73,86,55,73
1,<environment.Job instance at 0x7f8d1e9e05a0>,18,18,[9 3],19,86,104,67,75
1,<environment.Job instance at 0x7f8d627ff640>,4,14,[5 3],5,5,19,0,5
1,<environment.Job instance at 0x7f8d67330550>,10,18,[5 3],11,25,43,14,25
1,<environment.Job instance at 0x7f8d67330500>,9,16,[ 5 10],10,46,62,36,46
1,<environment.Job instance at 0x7f8d1ee59c30>,15,13,[5 4],16,70,83,54,70
1,<environment.Job instance at 0x7f8d1ee59aa0>,17,14,[1 9],18,83,97,65,72
1,<environment.Job instance at 0x7f8d672cf140>,19,1,[10  1],20,97,98,77,72
1,<environment.Job instance at 0x7f8d1e903820>,7,17,[3 5],8,21,38,13,21
1,<environment.Job instance at 0x7f8d1e903f50>,11,12,[8 4],12,38,50,26,22
1,<environment.Job instance at 0x7f8d1e903af0>,9,15,[7 1],10,50,65,40,43
1,<environment.Job instance at 0x7f8d1e8c8eb0>,14,1,[9 5],15,65,66,50,45
1,<environment.Job instance at 0x7f8d1e903230>,5,17,[8 2],6,66,83,60,65
1,<environment.Job instance at 0x7f8d1e8c8b40>,21,16,[1 6],22,66,82,44,65
1,<environment.Job instance at 0x7f8d1e8c8f50>,22,12,[2 8],23,82,94,59,70
1,<environment.Job instance at 0x7f8d1e8c80f0>,19,1,[3 9],20,94,95,74,70
1,<environment.Job instance at 0x7f8d1e8c8230>,27,14,[6 2],28,95,109,67,93
1,<environment.Job instance at 0x7f8d1e8c8960>,26,16,[3 8],27,96,112,69,96
1,<environment.Job instance at 0x7f8d1f0d26e0>,9,3,[8 4],10,19,22,9,19
1,<environment.Job instance at 0x7f8d62a269b0>,11,3,[7 1],12,39,42,27,39
1,<environment.Job instance at 0x7f8d62c4be60>,15,16,[10  3],16,49,65,33,49
1,<environment.Job instance at 0x7f8d1f0e5e10>,16,18,[8 4],17,94,112,77,94
1,<environment.Job instance at 0x7f869b2b02d0>,1,15,[4 5],2,2,17,0,2
1,<environment.Job instance at 0x7f8693ea0500>,7,12,[7 2],8,17,29,9,8
1,<environment.Job instance at 0x7f8693ea05a0>,9,17,[8 1],10,29,46,19,24
1,<environment.Job instance at 0x7f8693ea06e0>,10,14,[1 6],11,24,38,13,24
1,<environment.Job instance at 0x7f8693ea0690>,11,1,[8 4],12,46,47,34,24
1,<environment.Job instance at 0x7f8693ea0550>,6,19,[1 7],7,65,84,58,65
1,<environment.Job instance at 0x7f8693ea09b0>,16,19,[ 3 10],17,84,103,67,78
1,<environment.Job instance at 0x7f8693ea0d70>,22,3,[4 6],23,103,106,80,91
1,<environment.Job instance at 0x7f8693ea0f50>,23,18,[7 4],24,106,124,82,95
1,<environment.Job instance at 0x7f869b2d8c30>,6,3,[1 6],7,7,10,0,7
1,<environment.Job instance at 0x7f869b2d8460>,7,12,[6 1],8,8,20,0,8
1,<environment.Job instance at 0x7f869b417640>,0,13,[1 7],1,10,23,9,9
1,<environment.Job instance at 0x7f869b2d8d20>,8,14,[9 1],9,20,34,11,10
1,<environment.Job instance at 0x7f8693ea0dc0>,5,17,[4 8],6,34,51,28,28
1,<environment.Job instance at 0x7f869b41e9b0>,18,19,[4 7],19,51,70,32,42
1,<environment.Job instance at 0x7f869b41ee10>,20,16,[9 4],21,74,90,53,74
1,<environment.Job instance at 0x7f869b416a00>,21,15,[8 1],22,90,105,68,76
1,<environment.Job instance at 0x7f869b424f00>,26,16,[5 3],27,105,121,78,93
1,<environment.Job instance at 0x7f86502d6320>,5,23,[8 3],6,9,32,3,9
1,<environment.Job instance at 0x7f86502d6aa0>,9,18,[5 7],10,32,50,22,24
1,<environment.Job instance at 0x7f86502d6dc0>,12,13,[2 9],13,52,65,39,52
1,<environment.Job instance at 0x7f86502d6820>,15,13,[6 4],16,65,78,49,52
1,<environment.Job instance at 0x7f8650775f00>,6,13,[2 5],7,7,20,0,7
1,<environment.Job instance at 0x7f865055e140>,10,19,[1 8],11,20,39,9,11
1,<environment.Job instance at 0x7f865025d0f0>,4,16,[2 8],5,39,55,34,37
1,<environment.Job instance at 0x7f86504ee5a0>,2,14,[9 1],3,3,17,0,3
1,<environment.Job instance at 0x7f86504ee5f0>,4,2,[3 5],5,17,19,12,5
1,<environment.Job instance at 0x7f865059cb40>,5,17,[1 8],6,19,36,13,9
1,<environment.Job instance at 0x7f865059cd70>,8,17,[9 1],9,19,36,10,11
1,<environment.Job instance at 0x7f865059ceb0>,9,18,[10  3],10,36,54,26,34
1,<environment.Job instance at 0x7f865059a1e0>,14,12,[3 5],15,54,66,39,37
1,<environment.Job instance at 0x7f865059a280>,18,18,[10  3],19,89,107,70,89
1,<environment.Job instance at 0x7f869690c280>,4,14,[1 8],5,48,62,43,48
1,<environment.Job instance at 0x7f86965ad6e0>,3,14,[5 5],4,62,76,58,48
1,<environment.Job instance at 0x7f869690c410>,11,14,[6 4],12,76,90,64,61
1,<environment.Job instance at 0x7f869690ca00>,17,14,[7 5],18,100,114,82,100
1,<environment.Job instance at 0x7f8650537690>,18,12,[6 1],19,114,126,95,100
1,<environment.Job instance at 0x7f8650537550>,20,3,[5 1],21,126,129,105,106
1,<environment.Job instance at 0x7f8696413870>,6,13,[7 5],7,7,20,0,7
1,<environment.Job instance at 0x7f86940d9b90>,7,13,[1 8],8,20,33,12,8
1,<environment.Job instance at 0x7f8693f219b0>,9,14,[1 7],10,33,47,23,18
1,<environment.Job instance at 0x7f8694157af0>,10,13,[ 2 10],11,47,60,36,32
1,<environment.Job instance at 0x7f8693de5c30>,17,16,[9 4],18,60,76,42,47
1,<environment.Job instance at 0x7f8693de55a0>,19,15,[10  4],20,76,91,56,64
1,<environment.Job instance at 0x7f8696a32eb0>,20,13,[ 4 10],21,91,104,70,77
1,<environment.Job instance at 0x7f86503a4820>,23,14,[1 8],24,104,118,80,89
1,<environment.Job instance at 0x7f8694157f50>,13,18,[ 5 10],14,118,136,104,107
1,<environment.Job instance at 0x7f8694025a50>,3,16,[7 2],4,5,21,1,5
1,<environment.Job instance at 0x7f8650076f50>,6,3,[4 8],7,21,24,14,7
1,<environment.Job instance at 0x7f8693de47d0>,0,16,[6 2],1,21,37,20,9
1,<environment.Job instance at 0x7f8650076e10>,8,2,[1 6],9,9,11,0,9
1,<environment.Job instance at 0x7f865009a3c0>,12,3,[2 6],13,25,28,12,25
1,<environment.Job instance at 0x7f865009a640>,13,19,[2 8],14,28,47,14,25
1,<environment.Job instance at 0x7f865009a870>,17,12,[ 5 10],18,47,59,29,30
1,<environment.Job instance at 0x7f865009aa50>,20,15,[7 3],21,59,74,38,45
1,<environment.Job instance at 0x7f865009ac30>,23,14,[7 5],24,74,88,50,67
1,<environment.Job instance at 0x7f865009af00>,25,17,[8 1],26,92,109,66,92
1,<environment.Job instance at 0x7f8650078230>,27,12,[6 4],28,109,121,81,92
1,<environment.Job instance at 0x7f86500780f0>,29,14,[ 3 10],30,121,135,91,107
1,<environment.Job instance at 0x7f86500784b0>,30,1,[7 3],31,135,136,104,107
1,<environment.Job instance at 0x7f869696faf0>,2,13,[8 2],3,4,17,1,4
1,<environment.Job instance at 0x7f865064e780>,8,14,[5 9],9,21,35,12,21
1,<environment.Job instance at 0x7f865064e500>,14,13,[8 2],15,44,57,29,44
1,<environment.Job instance at 0x7f86505c1f50>,7,1,[2 5],8,26,27,18,26
1,<environment.Job instance at 0x7f86505c1370>,10,3,[5 6],11,36,39,25,36
1,<environment.Job instance at 0x7f8693f6bf50>,11,24,[2 6],12,39,63,27,36
1,<environment.Job instance at 0x7f8693d3d820>,14,17,[2 6],15,63,80,48,51
1,<environment.Job instance at 0x7f8650783730>,16,13,[1 5],17,80,93,63,74
1,<environment.Job instance at 0x7f8696933c80>,19,15,[4 5],20,101,116,81,101
1,<environment.Job instance at 0x7f86507a3460>,21,17,[3 5],22,102,119,80,102
1,<environment.Job instance at 0x7f8650414aa0>,24,15,[4 5],25,116,131,91,105
1,<environment.Job instance at 0x7f8693d67910>,6,15,[5 5],7,9,24,2,9
1,<environment.Job instance at 0x7f8693d679b0>,5,15,[3 9],6,24,39,18,12
1,<environment.Job instance at 0x7f8693d67960>,7,18,[8 5],8,39,57,31,28
1,<environment.Job instance at 0x7f8693d82320>,18,3,[4 8],19,57,60,38,46
1,<environment.Job instance at 0x7f8693d82280>,19,17,[7 1],20,60,77,40,49
1,<environment.Job instance at 0x7f8693d821e0>,20,16,[2 8],21,60,76,39,49
1,<environment.Job instance at 0x7f8693d82550>,23,13,[4 5],24,77,90,53,61
1,<environment.Job instance at 0x7f8693d82910>,26,15,[5 5],27,77,92,50,74
1,<environment.Job instance at 0x7f86504ee320>,8,2,[5 3],9,79,81,70,79
1,<environment.Job instance at 0x7f86504ee5f0>,10,16,[6 1],11,81,97,70,79
1,<environment.Job instance at 0x7f86504eeeb0>,11,15,[1 5],12,79,94,67,79
1,<environment.Job instance at 0x7f86504ee230>,5,17,[9 4],6,97,114,91,85
1,<environment.Job instance at 0x7f86504ee550>,13,18,[9 4],14,114,132,100,104
1,<environment.Job instance at 0x7f86504ee550>,2,23,[1 6],3,23,46,20,23
1,<environment.Job instance at 0x7f86502a7eb0>,4,2,[1 7],5,46,48,41,23
1,<environment.Job instance at 0x7f869674b5a0>,9,16,[8 2],10,23,39,13,23
1,<environment.Job instance at 0x7f869674b280>,11,14,[4 7],12,48,62,36,36
1,<environment.Job instance at 0x7f86965a4050>,16,15,[9 3],17,64,79,47,64
1,<environment.Job instance at 0x7f86965df870>,18,14,[ 4 10],19,79,93,60,64
1,<environment.Job instance at 0x7f86965a4c30>,13,12,[10  3],14,93,105,79,80
1,<environment.Job instance at 0x7f86965a4f00>,3,12,[5 4],4,4,16,0,4
1,<environment.Job instance at 0x7f8696a83dc0>,0,18,[9 1],1,26,44,25,26
1,<environment.Job instance at 0x7f86965a4c30>,5,13,[8 3],6,44,57,38,28
1,<environment.Job instance at 0x7f86505b9c80>,12,12,[6 5],13,57,69,44,40
1,<environment.Job instance at 0x7f869645fe10>,19,1,[7 5],20,95,96,75,95
1,<environment.Job instance at 0x7f869645f7d0>,20,13,[6 1],21,96,109,75,95
1,<environment.Job instance at 0x7f864feef5a0>,2,18,[6 3],3,4,22,1,4
1,<environment.Job instance at 0x7f864feef0a0>,7,16,[3 5],8,29,45,21,29
1,<environment.Job instance at 0x7f86965e4410>,3,17,[8 3],4,54,71,50,54
1,<environment.Job instance at 0x7f864ff14dc0>,20,16,[5 2],21,87,103,66,87
1,<environment.Job instance at 0x7f864ff14910>,21,20,[5 4],22,87,107,65,87
1,<environment.Job instance at 0x7f864ff14640>,23,12,[7 5],24,107,119,83,90
1,<environment.Job instance at 0x7f864ff14230>,18,14,[ 4 10],19,119,133,100,105
1,<environment.Job instance at 0x7f8693d8de10>,3,15,[5 5],4,4,19,0,4
1,<environment.Job instance at 0x7f865005f690>,4,15,[1 5],5,5,20,0,5
1,<environment.Job instance at 0x7f865005a460>,9,14,[7 4],10,19,33,9,16
1,<environment.Job instance at 0x7f8693d8d370>,2,13,[4 9],3,7,20,4,7
1,<environment.Job instance at 0x7f86504d0aa0>,10,17,[ 4 10],11,20,37,9,13
1,<environment.Job instance at 0x7f869aeae050>,12,3,[4 6],13,37,40,24,14
1,<environment.Job instance at 0x7f869aeae690>,3,1,[8 3],4,5,6,1,5
1,<environment.Job instance at 0x7f869429e230>,8,18,[8 3],9,33,51,24,33
1,<environment.Job instance at 0x7f869429e870>,13,2,[9 2],14,76,78,62,76
1,<environment.Job instance at 0x7f869429e280>,6,15,[8 2],7,78,93,71,76
1,<environment.Job instance at 0x7f8696a51e10>,3,13,[1 7],4,4,17,0,4
1,<environment.Job instance at 0x7f8696a51f00>,1,16,[2 5],2,17,33,15,4
1,<environment.Job instance at 0x7f8696a51cd0>,9,15,[1 8],10,43,58,33,43
1,<environment.Job instance at 0x7f8696a51820>,4,15,[6 1],5,61,76,56,61
1,<environment.Job instance at 0x7f8693f486e0>,14,18,[5 6],15,76,94,61,72
1,<environment.Job instance at 0x7f8693d86320>,20,18,[3 8],21,94,112,73,90
1,<environment.Job instance at 0x7f43a2cef2d0>,5,18,[7 5],6,6,24,0,6
1,<environment.Job instance at 0x7f43a2cef370>,7,12,[7 2],8,24,36,16,24
1,<environment.Job instance at 0x7f43a2cef6e0>,10,14,[1 6],11,24,38,13,24
1,<environment.Job instance at 0x7f43a2cef640>,9,17,[8 1],10,36,53,26,24
1,<environment.Job instance at 0x7f43a2cef500>,6,19,[1 7],7,45,64,38,45
1,<environment.Job instance at 0x7f43a2cef9b0>,16,19,[ 3 10],17,64,83,47,54
1,<environment.Job instance at 0x7f43aa266f50>,8,19,[4 7],9,14,33,5,14
1,<environment.Job instance at 0x7f43aa279320>,13,14,[1 7],14,33,47,19,26
1,<environment.Job instance at 0x7f43aa279410>,10,16,[9 4],11,47,63,36,35
1,<environment.Job instance at 0x7f43aa2796e0>,19,21,[3 6],20,69,90,49,69
1,<environment.Job instance at 0x7f43aa279370>,22,14,[5 1],23,78,92,55,78
1,<environment.Job instance at 0x7f43aa26ff00>,23,18,[1 7],24,90,108,66,79
1,<environment.Job instance at 0x7f435efe89b0>,5,16,[7 4],6,46,62,40,46
1,<environment.Job instance at 0x7f43aa26ff00>,2,16,[7 4],3,70,86,67,70
1,<environment.Job instance at 0x7f435efbb4b0>,10,17,[2 6],11,70,87,59,70
1,<environment.Job instance at 0x7f435efbb9b0>,12,17,[8 5],13,87,104,74,76
1,<environment.Job instance at 0x7f435efbb5a0>,16,12,[ 3 10],17,107,119,90,107
1,<environment.Job instance at 0x7f435efe2320>,17,3,[8 3],18,119,122,101,107
1,<environment.Job instance at 0x7f435efe2820>,18,17,[1 7],19,119,136,100,108
1,<environment.Job instance at 0x7f435efe21e0>,20,12,[6 2],21,122,134,101,108
1,<environment.Job instance at 0x7f435efe25f0>,21,2,[5 1],22,134,136,112,108
1,<environment.Job instance at 0x7f435f4510a0>,6,3,[5 9],7,28,31,21,28
1,<environment.Job instance at 0x7f435f451aa0>,9,15,[6 2],10,31,46,21,28
1,<environment.Job instance at 0x7f435f451690>,7,15,[1 9],8,47,62,39,47
1,<environment.Job instance at 0x7f435f451320>,12,1,[ 2 10],13,62,63,49,47
1,<environment.Job instance at 0x7f435f4516e0>,15,13,[6 3],16,63,76,47,49
1,<environment.Job instance at 0x7f435f0c0e60>,19,15,[4 9],20,93,108,73,93
1,<environment.Job instance at 0x7f435f3eb5a0>,10,1,[1 6],11,48,49,37,48
1,<environment.Job instance at 0x7f435f3eb3c0>,7,16,[4 5],8,87,103,79,87
1,<environment.Job instance at 0x7f435f3eb8c0>,15,14,[8 2],16,103,117,87,94
1,<environment.Job instance at 0x7f435f3eb820>,14,17,[2 5],15,104,121,89,104
1,<environment.Job instance at 0x7f435ef96190>,10,22,[1 8],11,26,48,15,26
1,<environment.Job instance at 0x7f435ef96870>,16,12,[ 3 10],17,91,103,74,91
1,<environment.Job instance at 0x7f435ef96500>,17,17,[4 5],18,103,120,85,92
1,<environment.Job instance at 0x7f435ef96230>,19,13,[3 9],20,120,133,100,104
1,<environment.Job instance at 0x7f435f1b8be0>,8,16,[6 5],9,10,26,1,10
1,<environment.Job instance at 0x7f43a2b486e0>,17,17,[ 2 10],18,78,95,60,78
1,<environment.Job instance at 0x7f43a3193960>,19,12,[9 1],20,95,107,75,78
1,<environment.Job instance at 0x7f43a55aa9b0>,23,20,[3 8],24,107,127,83,107
1,<environment.Job instance at 0x7f435f1a78c0>,6,15,[10  3],7,127,142,120,119
1,<environment.Job instance at 0x7f43aa2706e0>,0,12,[7 1],1,7,19,6,7
1,<environment.Job instance at 0x7f435f0d84b0>,5,17,[7 4],6,19,36,13,11
1,<environment.Job instance at 0x7f435f0d8a50>,11,1,[ 5 10],12,36,37,24,14
1,<environment.Job instance at 0x7f435f0d8690>,9,16,[3 9],10,37,53,27,27
1,<environment.Job instance at 0x7f435ee98500>,6,28,[5 1],7,35,63,28,35
1,<environment.Job instance at 0x7f435f4d4c80>,8,13,[8 2],9,63,76,54,49
1,<environment.Job instance at 0x7f435f494d70>,12,16,[1 7],13,112,128,99,112
1,<environment.Job instance at 0x7f435f494aa0>,16,14,[5 5],17,128,142,111,115
1,<environment.Job instance at 0x7f43a2e9d4b0>,0,17,[7 2],1,5,22,4,5
1,<environment.Job instance at 0x7f43a2de4d70>,4,13,[4 6],5,22,35,17,10
1,<environment.Job instance at 0x7f43a57fc140>,16,12,[8 1],17,74,86,57,74
1,<environment.Job instance at 0x7f435f689460>,17,14,[10  2],18,86,100,68,75
1,<environment.Job instance at 0x7f43a2cd8b40>,19,3,[7 5],20,100,103,80,75
1,<environment.Job instance at 0x7f435f32ca00>,2,2,[3 6],3,5,7,2,5
1,<environment.Job instance at 0x7f43a5755d70>,4,15,[9 2],5,7,22,2,7
1,<environment.Job instance at 0x7f43a2fc0be0>,5,17,[9 4],6,56,73,50,56
1,<environment.Job instance at 0x7f43a2b56550>,12,16,[5 6],13,73,89,60,60
1,<environment.Job instance at 0x7f43a2da9870>,14,13,[8 2],15,89,102,74,74
1,<environment.Job instance at 0x7f43a2da9f50>,16,17,[8 2],17,102,119,85,90
1,<environment.Job instance at 0x7f43a53ca640>,1,16,[10  3],2,119,135,117,107
1,<environment.Job instance at 0x7f43a583e910>,3,12,[10  3],4,4,16,0,4
1,<environment.Job instance at 0x7f43a2ac97d0>,8,14,[ 4 10],9,16,30,7,10
1,<environment.Job instance at 0x7f43a2ac9820>,6,15,[9 3],7,30,45,23,16
1,<environment.Job instance at 0x7f43a2ac96e0>,15,2,[3 5],16,67,69,51,67
1,<environment.Job instance at 0x7f43a2ac9d70>,16,12,[3 5],17,67,79,50,67
1,<environment.Job instance at 0x7f43a2ac9230>,18,1,[3 7],19,79,80,60,67
1,<environment.Job instance at 0x7f43a305c0a0>,24,15,[6 4],25,118,133,93,118
1,<environment.Job instance at 0x7f43a305c5a0>,25,2,[7 5],26,133,135,107,118
1,<environment.Job instance at 0x7f43a5652fa0>,5,16,[2 9],6,6,22,0,6
1,<environment.Job instance at 0x7f435efc2e10>,0,13,[6 1],1,6,19,5,6
1,<environment.Job instance at 0x7f43a5652e60>,6,14,[9 2],7,67,81,60,67
1,<environment.Job instance at 0x7f43a5627050>,13,15,[3 8],14,94,109,80,94
1,<environment.Job instance at 0x7f43a5627cd0>,14,14,[4 9],15,109,123,94,94
1,<environment.Job instance at 0x7f43a5627870>,16,15,[2 8],17,123,138,106,116
1,<environment.Job instance at 0x7f435f27b0f0>,5,17,[8 2],6,21,38,15,21
1,<environment.Job instance at 0x7f435ee37910>,2,13,[5 5],3,38,51,35,24
1,<environment.Job instance at 0x7f435ecce8c0>,14,1,[9 5],15,51,52,36,43
1,<environment.Job instance at 0x7f435ecce460>,10,16,[8 1],11,52,68,41,45
1,<environment.Job instance at 0x7f435ecce500>,20,17,[5 4],21,68,85,47,65
1,<environment.Job instance at 0x7f435ecce5f0>,21,16,[1 6],22,66,82,44,66
1,<environment.Job instance at 0x7f435eccea50>,22,12,[2 8],23,85,97,62,68
1,<environment.Job instance at 0x7f435f291960>,26,16,[3 8],27,97,113,70,84
1,<environment.Job instance at 0x7f435f291320>,27,14,[6 2],28,85,99,57,84
1,<environment.Job instance at 0x7f435f2918c0>,3,16,[6 3],4,6,22,2,6
1,<environment.Job instance at 0x7f435f5c65f0>,8,14,[8 2],9,22,36,13,10
1,<environment.Job instance at 0x7f435f5c6f50>,9,18,[4 9],10,36,54,26,25
1,<environment.Job instance at 0x7f435f5ba690>,3,18,[9 2],4,22,40,18,22
1,<environment.Job instance at 0x7f43a319ba00>,10,16,[1 5],11,22,38,11,22
1,<environment.Job instance at 0x7f43a2ab0af0>,9,14,[1 8],10,38,52,28,28
1,<environment.Job instance at 0x7f43a319b640>,14,18,[8 3],15,52,70,37,48
1,<environment.Job instance at 0x7f435f3c7eb0>,17,12,[1 8],18,70,82,52,55
1,<environment.Job instance at 0x7f43a5247b40>,8,16,[4 5],9,10,26,1,10
1,<environment.Job instance at 0x7f435ef70a00>,7,12,[2 5],8,11,23,3,11
1,<environment.Job instance at 0x7f43a5247780>,10,16,[4 5],11,23,39,12,14
1,<environment.Job instance at 0x7f43a5247e60>,13,1,[2 6],14,39,40,25,25
1,<environment.Job instance at 0x7f43a5247aa0>,18,14,[2 5],19,49,63,30,49
1,<environment.Job instance at 0x7f43a5247820>,21,20,[5 2],22,50,70,28,50
1,<environment.Job instance at 0x7f435ee1fe10>,22,15,[ 4 10],23,70,85,47,57
1,<environment.Job instance at 0x7f435ee1f730>,27,28,[7 2],28,94,122,66,94
1,<environment.Job instance at 0x7f435ee1f050>,29,18,[8 4],30,122,140,92,112
1,<environment.Job instance at 0x7f43a2f05690>,10,12,[7 4],11,28,40,17,28
1,<environment.Job instance at 0x7f43a2f052d0>,14,18,[5 1],15,43,61,28,43
1,<environment.Job instance at 0x7f43a2f9dc80>,18,18,[1 9],19,73,91,54,73
1,<environment.Job instance at 0x7f4c378ef1e0>,0,17,[6 2],1,6,23,5,6
1,<environment.Job instance at 0x7f4c304df550>,7,12,[7 2],8,23,35,15,9
1,<environment.Job instance at 0x7f4c304df320>,5,18,[7 5],6,35,53,29,24
1,<environment.Job instance at 0x7f4c304df6e0>,11,1,[8 4],12,53,54,41,25
1,<environment.Job instance at 0x7f4c378ef190>,3,13,[3 8],4,54,67,50,43
1,<environment.Job instance at 0x7f4c304dfaf0>,18,18,[3 6],19,67,85,48,56
1,<environment.Job instance at 0x7f4c304dfd70>,22,3,[4 6],23,109,112,86,109
1,<environment.Job instance at 0x7f4c304e1230>,25,16,[5 3],26,114,130,88,114
1,<environment.Job instance at 0x7f4c37a5f6e0>,6,16,[5 3],7,36,52,29,36
1,<environment.Job instance at 0x7f4c37a5f7d0>,12,14,[5 1],13,36,50,23,36
1,<environment.Job instance at 0x7f4c37a5fe60>,11,18,[10  5],12,52,70,40,41
1,<environment.Job instance at 0x7f4c37a63b40>,19,15,[6 2],20,70,85,50,62
1,<environment.Job instance at 0x7f4c37a69870>,23,18,[5 5],24,97,115,73,97
1,<environment.Job instance at 0x7f4c37a69320>,29,14,[3 8],30,115,129,85,113
1,<environment.Job instance at 0x7f4bec809780>,12,14,[3 5],13,27,41,14,27
1,<environment.Job instance at 0x7f4bec809960>,16,18,[4 9],17,73,91,56,73
1,<environment.Job instance at 0x7f4bec7e1f00>,23,13,[5 7],24,116,129,92,116
1,<environment.Job instance at 0x7f4c37a56500>,7,12,[5 4],8,25,37,17,25
1,<environment.Job instance at 0x7f4c37a56af0>,11,17,[2 6],12,25,42,13,25
1,<environment.Job instance at 0x7f4bec896eb0>,0,13,[4 9],1,42,55,41,26
1,<environment.Job instance at 0x7f4becbc5c80>,14,12,[ 1 10],15,55,67,40,51
1,<environment.Job instance at 0x7f4becbc5d20>,19,17,[2 8],20,99,116,79,99
1,<environment.Job instance at 0x7f4c378ee690>,22,16,[3 9],23,116,132,93,104
1,<environment.Job instance at 0x7f4c378ee690>,2,2,[2 5],3,3,5,0,3
1,<environment.Job instance at 0x7f4becc6c6e0>,5,1,[4 9],6,6,7,0,6
1,<environment.Job instance at 0x7f4becbcb910>,6,15,[5 7],7,19,34,12,19
1,<environment.Job instance at 0x7f4becbcba00>,9,12,[10  1],10,44,56,34,44
1,<environment.Job instance at 0x7f4becbcbcd0>,14,17,[ 3 10],15,56,73,41,45
1,<environment.Job instance at 0x7f4becbe53c0>,19,12,[5 5],20,112,124,92,112
1,<environment.Job instance at 0x7f4c30883e10>,1,17,[10  4],2,124,141,122,116
1,<environment.Job instance at 0x7f4c32f4bfa0>,0,14,[5 4],1,5,19,4,5
1,<environment.Job instance at 0x7f4c32c50190>,7,1,[4 9],8,19,20,11,10
1,<environment.Job instance at 0x7f4c32c50e60>,8,12,[3 5],9,20,32,11,19
1,<environment.Job instance at 0x7f4c32c50910>,11,17,[4 7],12,32,49,20,21
1,<environment.Job instance at 0x7f4bec833a50>,1,15,[10  1],2,63,78,61,63
1,<environment.Job instance at 0x7f4c32f4b190>,4,17,[2 6],5,78,95,73,66
1,<environment.Job instance at 0x7f4c32f1b820>,15,15,[10  1],16,95,110,79,82
1,<environment.Job instance at 0x7f4c32f1bcd0>,20,13,[ 2 10],21,110,123,89,95
1,<environment.Job instance at 0x7f4becbf82d0>,28,18,[1 9],29,123,141,94,112
1,<environment.Job instance at 0x7f4becbf8370>,30,13,[ 4 10],31,141,154,110,127
1,<environment.Job instance at 0x7f4becdcda50>,9,14,[5 1],10,12,26,2,12
1,<environment.Job instance at 0x7f4becdcd550>,10,15,[7 3],11,26,41,15,13
1,<environment.Job instance at 0x7f4becd84550>,14,25,[1 6],15,24,49,9,24
1,<environment.Job instance at 0x7f4becdcdaf0>,11,15,[10  3],12,49,64,37,36
1,<environment.Job instance at 0x7f4becdcddc0>,18,12,[7 4],19,64,76,45,48
1,<environment.Job instance at 0x7f4bec98e2d0>,20,1,[7 3],21,76,77,55,50
1,<environment.Job instance at 0x7f4c32f8a910>,22,14,[4 7],23,77,91,54,62
1,<environment.Job instance at 0x7f4c33064af0>,23,16,[9 4],24,91,107,67,78
1,<environment.Job instance at 0x7f4c37a5a730>,28,18,[5 5],29,107,125,78,96
1,<environment.Job instance at 0x7f4c37a5afa0>,30,17,[ 3 10],31,125,142,94,114
1,<environment.Job instance at 0x7f4c30765370>,31,13,[3 9],32,142,155,110,128
1,<environment.Job instance at 0x7f4c32b19280>,3,20,[1 8],4,8,28,4,8
1,<environment.Job instance at 0x7f4c32be7640>,15,18,[6 1],16,63,81,47,63
1,<environment.Job instance at 0x7f4c32c0be60>,6,14,[10  2],7,106,120,99,106
1,<environment.Job instance at 0x7f4c32be7be0>,24,14,[2 7],25,120,134,95,107
1,<environment.Job instance at 0x7f4c32be7b40>,23,16,[1 7],24,134,150,110,121
1,<environment.Job instance at 0x7f4becb4ecd0>,2,12,[ 1 10],3,3,15,0,3
1,<environment.Job instance at 0x7f4becb4ea50>,5,17,[2 5],6,15,32,9,7
1,<environment.Job instance at 0x7f4c32df6320>,8,14,[9 1],9,74,88,65,74
1,<environment.Job instance at 0x7f4c30792c80>,14,17,[5 1],15,92,109,77,92
1,<environment.Job instance at 0x7f4c32b6d0a0>,2,14,[ 2 10],3,109,123,106,105
1,<environment.Job instance at 0x7f4c30792d70>,13,15,[ 1 10],14,123,138,109,116
1,<environment.Job instance at 0x7f4c32c46cd0>,21,17,[9 4],22,138,155,116,126
1,<environment.Job instance at 0x7f4c32fe35a0>,7,18,[3 9],8,23,41,15,23
1,<environment.Job instance at 0x7f4c32fe3820>,9,16,[1 7],10,41,57,31,29
1,<environment.Job instance at 0x7f4c32fe3aa0>,13,17,[5 7],14,57,74,43,50
1,<environment.Job instance at 0x7f4becc67820>,4,2,[1 7],5,45,47,40,45
1,<environment.Job instance at 0x7f4c304cd280>,9,16,[8 2],10,50,66,40,50
1,<environment.Job instance at 0x7f4c304cdc30>,11,14,[4 7],12,66,80,54,51
1,<environment.Job instance at 0x7f4c302d6550>,1,13,[6 5],2,80,93,78,66
1,<environment.Job instance at 0x7f4c32c141e0>,16,15,[9 3],17,93,108,76,87
1,<environment.Job instance at 0x7f4c304cddc0>,13,12,[10  3],14,108,120,94,92
1,<environment.Job instance at 0x7f4bec8cb780>,0,13,[6 1],1,6,19,5,6
1,<environment.Job instance at 0x7f4bec9c9b40>,6,14,[9 2],7,19,33,12,8
1,<environment.Job instance at 0x7f4becb5e5f0>,13,15,[3 8],14,94,109,80,94
1,<environment.Job instance at 0x7f4becb5e050>,14,14,[4 9],15,109,123,94,94
1,<environment.Job instance at 0x7f4c30388550>,16,15,[2 8],17,123,138,106,116
1,<environment.Job instance at 0x7f4c3098f3c0>,3,12,[6 5],4,4,16,0,4
1,<environment.Job instance at 0x7f4bec4edf50>,2,15,[5 1],3,16,31,13,5
1,<environment.Job instance at 0x7f4c30467960>,9,2,[2 6],10,16,18,6,14
1,<environment.Job instance at 0x7f4c30467500>,10,15,[1 8],11,18,33,7,14
1,<environment.Job instance at 0x7f4bec73af00>,0,12,[1 9],1,35,47,34,35
1,<environment.Job instance at 0x7f4c3046ee10>,14,14,[5 3],15,47,61,32,35
1,<environment.Job instance at 0x7f4c304676e0>,7,16,[8 4],8,64,80,56,64
1,<environment.Job instance at 0x7f4c3046e870>,20,18,[5 3],21,80,98,59,77
1,<environment.Job instance at 0x7f4c3046a0f0>,22,15,[5 7],23,87,102,64,87
1,<environment.Job instance at 0x7f4c3046a550>,25,13,[5 4],26,123,136,97,123
1,<environment.Job instance at 0x7f4c37912d20>,0,17,[5 4],1,5,22,4,5
1,<environment.Job instance at 0x7f4bec65cc30>,10,14,[4 7],11,22,36,11,15
1,<environment.Job instance at 0x7f4c37912370>,2,12,[2 8],3,36,48,33,20
1,<environment.Job instance at 0x7f4c32b03b90>,17,16,[3 9],18,48,64,30,39
1,<environment.Job instance at 0x7f4c32b03b90>,3,17,[5 8],4,33,50,29,33
1,<environment.Job instance at 0x7f4bec4c5be0>,6,12,[3 9],7,50,62,43,35
1,<environment.Job instance at 0x7f4bec4c59b0>,13,1,[9 3],14,62,63,48,38
1,<environment.Job instance at 0x7f4bec4c5960>,12,16,[5 5],13,63,79,50,50
1,<environment.Job instance at 0x7f4bec4cc0a0>,21,13,[8 5],22,79,92,57,73
1,<environment.Job instance at 0x7f4bec4cc640>,22,16,[5 5],23,92,108,69,80
1,<environment.Job instance at 0x7f4bec7e45f0>,9,16,[6 2],10,27,43,17,27
1,<environment.Job instance at 0x7f4bec7e4c80>,5,18,[7 1],6,69,87,63,69
1,<environment.Job instance at 0x7f4bec4cc910>,3,17,[2 8],4,116,133,112,116
1,<environment.Job instance at 0x7f4bec7c2be0>,19,15,[1 8],20,133,148,113,119
1,<environment.Job instance at 0x7f4c3071b690>,9,2,[5 1],10,78,80,68,78
1,<environment.Job instance at 0x7f4c3071b6e0>,11,3,[ 2 10],12,86,89,74,86
1,<environment.Job instance at 0x7f4c3071b050>,12,3,[10  5],13,89,92,76,86
1,<environment.Job instance at 0x7f4bece78870>,18,17,[4 5],19,118,135,99,118
1,<environment.Job instance at 0x7f4bec5de280>,4,17,[9 5],5,6,23,1,6
1,<environment.Job instance at 0x7f4c30303dc0>,1,12,[1 9],2,23,35,21,10
1,<environment.Job instance at 0x7f4bec60d5a0>,13,16,[6 3],14,35,51,21,35
1,<environment.Job instance at 0x7f4bece09140>,15,19,[3 7],16,75,94,59,75
1,<environment.Job instance at 0x7f4bece09370>,18,15,[8 2],19,94,109,75,83
1,<environment.Job instance at 0x7f4bece09820>,21,3,[3 7],22,109,112,87,95
1,<environment.Job instance at 0x7f4bece09fa0>,23,16,[7 4],24,112,128,88,99
1,<environment.Job instance at 0x7f4bece09f00>,26,14,[10  4],27,128,142,101,117
1,<environment.Job instance at 0x7f4bece095f0>,27,2,[2 8],28,142,144,114,117
1,<environment.Job instance at 0x7f4c30512190>,10,2,[5 7],11,22,24,11,22
1,<environment.Job instance at 0x7f4c32c638c0>,17,16,[6 3],18,108,124,90,108
1,<environment.Job instance at 0x7f4c32c63e10>,20,18,[7 3],21,124,142,103,113
1,<environment.Job instance at 0x7f4becdbca50>,23,16,[7 1],24,142,158,118,129
1,<environment.Job instance at 0x7f41fec024b0>,7,12,[7 2],8,43,55,35,43
1,<environment.Job instance at 0x7f41fec026e0>,10,14,[1 6],11,43,57,32,43
1,<environment.Job instance at 0x7f41fec028c0>,13,15,[4 5],14,57,72,43,43
1,<environment.Job instance at 0x7f41fec022d0>,5,18,[7 5],6,72,90,66,66
1,<environment.Job instance at 0x7f42060120a0>,3,13,[3 8],4,90,103,86,74
1,<environment.Job instance at 0x7f41fec02dc0>,22,3,[4 6],23,128,131,105,128
1,<environment.Job instance at 0x7f41fec02f50>,23,18,[7 4],24,131,149,107,128
1,<environment.Job instance at 0x7f41fec02be0>,18,18,[3 6],19,131,149,112,128
1,<environment.Job instance at 0x7f41fec03050>,3,18,[1 7],4,4,22,0,4
1,<environment.Job instance at 0x7f420603adc0>,7,2,[7 2],8,8,10,0,8
1,<environment.Job instance at 0x7f4206180e10>,14,13,[2 6],15,40,53,25,40
1,<environment.Job instance at 0x7f42061801e0>,10,15,[6 2],11,41,56,30,41
1,<environment.Job instance at 0x7f42061809b0>,13,18,[5 5],14,56,74,42,45
1,<environment.Job instance at 0x7f4206178d20>,21,17,[3 8],22,74,91,52,62
1,<environment.Job instance at 0x7f4206186500>,24,14,[ 4 10],25,91,105,66,77
1,<environment.Job instance at 0x7f41baef50f0>,0,3,[5 4],1,1,4,0,1
1,<environment.Job instance at 0x7f41baef5190>,5,16,[6 2],6,12,28,6,12
1,<environment.Job instance at 0x7f41baef5780>,3,13,[5 7],4,34,47,30,34
1,<environment.Job instance at 0x7f41baf1dbe0>,16,18,[7 1],17,101,119,84,101
1,<environment.Job instance at 0x7f41baf1d280>,22,2,[8 1],23,119,121,96,107
1,<environment.Job instance at 0x7f41baf1d960>,23,1,[10  2],24,121,122,97,107
1,<environment.Job instance at 0x7f41baf1d550>,26,14,[5 3],27,122,136,95,122
1,<environment.Job instance at 0x7f41baf1deb0>,27,14,[8 5],28,136,150,108,122
1,<environment.Job instance at 0x7f41bb2c2b40>,4,2,[2 8],5,5,7,0,5
1,<environment.Job instance at 0x7f41bb3c5960>,7,14,[5 9],8,8,22,0,8
1,<environment.Job instance at 0x7f41fec585a0>,1,14,[6 4],2,2,16,0,2
1,<environment.Job instance at 0x7f41bb2c2fa0>,4,3,[1 6],5,5,8,0,5
1,<environment.Job instance at 0x7f41bb301cd0>,8,12,[6 1],9,26,38,17,26
1,<environment.Job instance at 0x7f41bb301f00>,7,14,[7 5],8,38,52,30,26
1,<environment.Job instance at 0x7f41bb2fe320>,13,16,[5 1],14,52,68,38,39
1,<environment.Job instance at 0x7f41bb2fe780>,20,12,[8 2],21,88,100,67,88
1,<environment.Job instance at 0x7f41fea8d190>,10,12,[1 8],11,53,65,42,53
1,<environment.Job instance at 0x7f41fea8dbe0>,7,12,[1 7],8,65,77,57,53
1,<environment.Job instance at 0x7f42038e13c0>,16,14,[1 7],17,77,91,60,62
1,<environment.Job instance at 0x7f41fed52230>,19,14,[5 7],20,91,105,71,76
1,<environment.Job instance at 0x7f41bb3eeb40>,0,12,[7 1],1,5,17,4,5
1,<environment.Job instance at 0x7f41ff10cb40>,4,15,[6 2],5,17,32,12,6
1,<environment.Job instance at 0x7f41fea94960>,8,17,[3 5],9,10,27,1,10
1,<environment.Job instance at 0x7f41fea94eb0>,11,1,[ 5 10],12,32,33,20,14
1,<environment.Job instance at 0x7f41fea941e0>,9,16,[3 9],10,33,49,23,30
1,<environment.Job instance at 0x7f41bafee410>,7,17,[2 6],8,8,25,0,8
1,<environment.Job instance at 0x7f41bafee230>,5,12,[3 6],6,54,66,48,54
1,<environment.Job instance at 0x7f41bafeef00>,22,15,[5 8],23,99,114,76,99
1,<environment.Job instance at 0x7f41bafeefa0>,23,18,[5 8],24,114,132,90,103
1,<environment.Job instance at 0x7f41bafeee60>,3,13,[4 5],4,5,18,1,5
1,<environment.Job instance at 0x7f41bafeed70>,2,14,[1 7],3,23,37,20,23
1,<environment.Job instance at 0x7f41fed11690>,6,15,[5 5],7,37,52,30,23
1,<environment.Job instance at 0x7f41feba7320>,11,2,[7 4],12,52,54,40,29
1,<environment.Job instance at 0x7f41feba7fa0>,15,15,[1 6],16,52,67,36,47
1,<environment.Job instance at 0x7f420336f2d0>,6,14,[ 1 10],7,72,86,65,72
1,<environment.Job instance at 0x7f41bb0010a0>,14,17,[8 4],15,86,103,71,76
1,<environment.Job instance at 0x7f41bb001820>,15,16,[7 2],16,103,119,87,90
1,<environment.Job instance at 0x7f420350ef50>,7,16,[1 8],8,103,119,95,91
1,<environment.Job instance at 0x7f41bb0017d0>,11,14,[9 5],12,119,133,107,105
1,<environment.Job instance at 0x7f41bb4e8e10>,21,16,[1 6],22,133,149,111,120
1,<environment.Job instance at 0x7f41feaaa780>,23,15,[7 2],24,133,148,109,128
1,<environment.Job instance at 0x7f41bb49f0a0>,0,18,[7 1],1,4,22,3,4
1,<environment.Job instance at 0x7f41fea082d0>,9,12,[9 1],10,22,34,12,17
1,<environment.Job instance at 0x7f41fea08d20>,6,13,[5 8],7,34,47,27,18
1,<environment.Job instance at 0x7f41fea085a0>,11,18,[ 4 10],12,47,65,35,45
1,<environment.Job instance at 0x7f41fe9fe640>,3,12,[5 4],4,4,16,0,4
1,<environment.Job instance at 0x7f41fe9fe780>,5,13,[8 3],6,16,29,10,7
1,<environment.Job instance at 0x7f41bb213820>,10,15,[10  1],11,29,44,18,21
1,<environment.Job instance at 0x7f41bb213f50>,12,12,[6 5],13,44,56,31,30
1,<environment.Job instance at 0x7f41bb33ce10>,18,15,[ 1 10],19,110,125,91,110
1,<environment.Job instance at 0x7f41bb33c190>,20,13,[6 1],21,125,138,104,111
1,<environment.Job instance at 0x7f41ff0af8c0>,2,12,[2 8],3,4,16,1,4
1,<environment.Job instance at 0x7f41fefe67d0>,0,17,[5 4],1,16,33,15,8
1,<environment.Job instance at 0x7f420332c730>,5,18,[9 3],6,33,51,27,28
1,<environment.Job instance at 0x7f420325a7d0>,15,14,[5 6],16,60,74,44,60
1,<environment.Job instance at 0x7f420325a9b0>,17,16,[3 9],18,74,90,56,61
1,<environment.Job instance at 0x7f41fef1af50>,2,16,[5 5],3,3,19,0,3
1,<environment.Job instance at 0x7f420603a2d0>,8,15,[2 8],9,19,34,10,10
1,<environment.Job instance at 0x7f41badec500>,11,13,[8 5],12,34,47,22,26
1,<environment.Job instance at 0x7f41bb595280>,6,16,[4 6],7,47,63,40,34
1,<environment.Job instance at 0x7f41ff0d3230>,18,16,[10  1],19,63,79,44,55
1,<environment.Job instance at 0x7f41fec6f6e0>,25,14,[ 4 10],26,82,96,56,82
1,<environment.Job instance at 0x7f41baed8aa0>,28,18,[8 3],29,106,124,77,106
1,<environment.Job instance at 0x7f4203596320>,4,18,[5 6],5,9,27,4,9
1,<environment.Job instance at 0x7f420603cf50>,10,18,[3 8],11,27,45,16,17
1,<environment.Job instance at 0x7f420603caf0>,16,15,[9 4],17,77,92,60,77
1,<environment.Job instance at 0x7f420603ccd0>,21,18,[ 2 10],22,122,140,100,122
1,<environment.Job instance at 0x7f420603ccd0>,3,21,[5 1],4,7,28,3,7
1,<environment.Job instance at 0x7f420315c8c0>,9,14,[3 8],10,10,24,0,10
1,<environment.Job instance at 0x7f41fef76190>,10,15,[3 7],11,24,39,13,11
1,<environment.Job instance at 0x7f42038c8140>,0,14,[9 2],1,39,53,38,31
1,<environment.Job instance at 0x7f42034000a0>,3,16,[6 1],4,4,20,0,4
1,<environment.Job instance at 0x7f41bb42dc30>,6,13,[1 6],7,7,20,0,7
1,<environment.Job instance at 0x7f42032aa690>,7,12,[1 6],8,20,32,12,8
1,<environment.Job instance at 0x7f42033d86e0>,9,2,[ 4 10],10,32,34,22,10
1,<environment.Job instance at 0x7f41bab8e230>,0,14,[6 3],1,34,48,33,19
1,<environment.Job instance at 0x7f42032aa0a0>,11,16,[6 1],12,48,64,36,35
1,<environment.Job instance at 0x7f41baee58c0>,14,16,[ 3 10],15,64,80,49,61
1,<environment.Job instance at 0x7f41fec408c0>,16,13,[1 8],17,80,93,63,64
1,<environment.Job instance at 0x7f42032ed230>,2,12,[7 2],3,3,15,0,3
1,<environment.Job instance at 0x7f41bb53d960>,8,2,[7 1],9,31,33,22,31
1,<environment.Job instance at 0x7f41bb53de60>,11,12,[5 9],12,49,61,37,49
1,<environment.Job instance at 0x7f41bb53d410>,14,12,[2 9],15,61,73,46,57
1,<environment.Job instance at 0x7f41bb53da00>,15,13,[2 8],16,73,86,57,57
1,<environment.Job instance at 0x7f41bb2b86e0>,21,17,[10  5],22,119,136,97,119
1,<environment.Job instance at 0x7f41babf8280>,3,18,[5 2],4,5,23,1,5
1,<environment.Job instance at 0x7f41bab285f0>,6,18,[6 4],7,23,41,16,12
1,<environment.Job instance at 0x7f41ff056780>,11,14,[5 5],12,41,55,29,26
1,<environment.Job instance at 0x7f41bab281e0>,5,18,[5 4],6,41,59,35,30
1,<environment.Job instance at 0x7f1fa8a0b2d0>,5,18,[7 5],6,8,26,2,8
1,<environment.Job instance at 0x7f1fa8a0b500>,7,12,[7 2],8,26,38,18,24
1,<environment.Job instance at 0x7f1fa8a0b730>,10,14,[1 6],11,26,40,15,24
1,<environment.Job instance at 0x7f1fa8a0b5a0>,11,1,[8 4],12,38,39,26,24
1,<environment.Job instance at 0x7f1fa8a0b7d0>,13,15,[4 5],14,46,61,32,46
1,<environment.Job instance at 0x7f1fa8a0b910>,15,20,[3 5],16,46,66,30,46
1,<environment.Job instance at 0x7f1fa8a0d320>,25,16,[5 3],26,89,105,63,89
1,<environment.Job instance at 0x7f1fa8a0d6e0>,32,14,[8 3],33,124,138,91,124
1,<environment.Job instance at 0x7f1fa8a0d780>,33,16,[9 3],34,138,154,104,126
1,<environment.Job instance at 0x7f1fa8a0d8c0>,35,3,[9 5],36,154,157,118,133
1,<environment.Job instance at 0x7f1faff87f00>,4,13,[2 6],5,5,18,0,5
1,<environment.Job instance at 0x7f1faff87fa0>,6,16,[6 2],7,30,46,23,30
1,<environment.Job instance at 0x7f1faff87500>,9,14,[3 8],10,32,46,22,32
1,<environment.Job instance at 0x7f1fafe42eb0>,12,16,[3 9],13,49,65,36,49
1,<environment.Job instance at 0x7f1fafe42690>,14,14,[ 4 10],15,65,79,50,50
1,<environment.Job instance at 0x7f1f64d00960>,2,2,[8 1],3,5,7,2,5
1,<environment.Job instance at 0x7f1f64d00d70>,6,14,[5 3],7,7,21,0,7
1,<environment.Job instance at 0x7f1f64cf1410>,13,13,[9 2],14,48,61,34,48
1,<environment.Job instance at 0x7f1f64cf10a0>,14,1,[10  3],15,61,62,46,48
1,<environment.Job instance at 0x7f1f64cf1f00>,15,13,[7 1],16,62,75,46,48
1,<environment.Job instance at 0x7f1f64d00c30>,7,14,[8 5],8,75,89,67,60
1,<environment.Job instance at 0x7f1f64cf1500>,22,17,[4 8],23,89,106,66,78
1,<environment.Job instance at 0x7f1f64cf1b90>,19,14,[2 9],20,106,120,86,91
1,<environment.Job instance at 0x7f1f6515f410>,6,28,[5 2],7,32,60,25,32
1,<environment.Job instance at 0x7f1f6515f460>,5,14,[5 8],6,54,68,48,54
1,<environment.Job instance at 0x7f1f6515f280>,11,14,[3 5],12,68,82,56,54
1,<environment.Job instance at 0x7f1f651d0c80>,14,12,[ 1 10],15,82,94,67,65
1,<environment.Job instance at 0x7f1f651d00f0>,16,14,[ 2 10],17,94,108,77,79
1,<environment.Job instance at 0x7f1f651d03c0>,20,13,[6 5],21,108,121,87,95
1,<environment.Job instance at 0x7f1f651d0500>,15,17,[9 1],16,146,163,130,146
1,<environment.Job instance at 0x7f1f651d0960>,2,14,[4 9],3,25,39,22,25
1,<environment.Job instance at 0x7f1fa8e6e730>,15,16,[5 5],16,100,116,84,100
1,<environment.Job instance at 0x7f1fa8e6e7d0>,16,12,[ 3 10],17,116,128,99,111
1,<environment.Job instance at 0x7f1fa8e6e910>,18,13,[8 5],19,128,141,109,112
1,<environment.Job instance at 0x7f1fab441af0>,8,14,[3 8],9,68,82,59,68
1,<environment.Job instance at 0x7f1fab4413c0>,6,12,[5 8],7,82,94,75,68
1,<environment.Job instance at 0x7f1fab4b30f0>,12,18,[4 6],13,94,112,81,89
1,<environment.Job instance at 0x7f1fab4b33c0>,19,17,[1 8],20,113,130,93,113
1,<environment.Job instance at 0x7f1fab4b3460>,20,16,[6 2],21,113,129,92,113
1,<environment.Job instance at 0x7f1fab4b3c80>,23,16,[7 2],24,137,153,113,137
1,<environment.Job instance at 0x7f1fab4b34b0>,25,16,[5 7],26,153,169,127,140
1,<environment.Job instance at 0x7f1fab4b3050>,4,16,[7 2],5,68,84,63,68
1,<environment.Job instance at 0x7f1fa8b6e730>,8,17,[3 6],9,78,95,69,78
1,<environment.Job instance at 0x7f1fa8b6e500>,16,14,[10  2],17,122,136,105,122
1,<environment.Job instance at 0x7f1f64e145a0>,20,18,[2 7],21,139,157,118,139
1,<environment.Job instance at 0x7f1fab1f3050>,22,12,[3 9],23,157,169,134,140
1,<environment.Job instance at 0x7f1fab56da50>,4,12,[4 6],5,7,19,2,7
1,<environment.Job instance at 0x7f1fab56daa0>,6,13,[10  4],7,19,32,12,8
1,<environment.Job instance at 0x7f1fab56dc80>,7,15,[8 4],8,32,47,24,21
1,<environment.Job instance at 0x7f1f65147d20>,5,13,[2 6],6,32,45,26,22
1,<environment.Job instance at 0x7f1fab580050>,14,13,[3 9],15,69,82,54,69
1,<environment.Job instance at 0x7f1fa87c1f50>,10,3,[10  4],11,46,49,35,46
1,<environment.Job instance at 0x7f1f65348f00>,16,15,[ 1 10],17,130,145,113,130
1,<environment.Job instance at 0x7f1f650bedc0>,1,13,[5 4],2,19,32,17,19
1,<environment.Job instance at 0x7f1fa897a190>,3,15,[2 6],4,35,50,31,35
1,<environment.Job instance at 0x7f1fa897a0f0>,5,18,[10  2],6,50,68,44,39
1,<environment.Job instance at 0x7f1fa897a690>,4,18,[ 5 10],5,106,124,101,106
1,<environment.Job instance at 0x7f1fa8af5910>,1,13,[1 5],2,7,20,5,7
1,<environment.Job instance at 0x7f1fa8ad6d20>,4,13,[5 6],5,20,33,15,7
1,<environment.Job instance at 0x7f1fa8883230>,6,13,[9 3],7,33,46,26,22
1,<environment.Job instance at 0x7f1fa8883be0>,20,13,[4 8],21,76,89,55,76
1,<environment.Job instance at 0x7f1fa8883c80>,21,12,[2 5],22,89,101,67,79
1,<environment.Job instance at 0x7f1fa8883e10>,24,17,[8 5],25,102,119,77,102
1,<environment.Job instance at 0x7f1fa8874190>,25,17,[10  4],26,119,136,93,114
1,<environment.Job instance at 0x7f1fa8883fa0>,3,17,[8 3],4,4,21,0,4
1,<environment.Job instance at 0x7f1f64f6dfa0>,11,14,[6 3],12,37,51,25,37
1,<environment.Job instance at 0x7f1f64f6df50>,13,15,[1 8],14,51,66,37,37
1,<environment.Job instance at 0x7f1f64bc9aa0>,18,14,[ 4 10],19,82,96,63,82
1,<environment.Job instance at 0x7f1f64bc9730>,19,13,[5 8],20,96,109,76,88
1,<environment.Job instance at 0x7f1f64bc9c30>,23,12,[7 5],24,109,121,85,97
1,<environment.Job instance at 0x7f1fab4a8a50>,10,16,[8 1],11,28,44,17,28
1,<environment.Job instance at 0x7f1fab4a89b0>,12,2,[4 7],13,44,46,31,28
1,<environment.Job instance at 0x7f1fab4a82d0>,9,15,[7 1],10,46,61,36,43
1,<environment.Job instance at 0x7f1fab4a8aa0>,7,17,[3 5],8,91,108,83,91
1,<environment.Job instance at 0x7f1fa8949500>,22,12,[2 8],23,108,120,85,91
1,<environment.Job instance at 0x7f1fa8b90d20>,26,16,[3 8],27,120,136,93,108
1,<environment.Job instance at 0x7f1fa89490f0>,15,17,[ 2 10],16,136,153,120,124
1,<environment.Job instance at 0x7f1f653b6c30>,8,16,[6 1],9,21,37,12,21
1,<environment.Job instance at 0x7f1f65077aa0>,4,14,[7 5],5,37,51,32,22
1,<environment.Job instance at 0x7f1f653b6e60>,13,1,[9 3],14,51,52,37,24
1,<environment.Job instance at 0x7f1f653d0f50>,16,16,[4 6],17,52,68,35,48
1,<environment.Job instance at 0x7f1f653d0a50>,18,15,[2 8],19,68,83,49,61
1,<environment.Job instance at 0x7f1f653d0780>,21,13,[8 5],22,83,96,61,67
1,<environment.Job instance at 0x7f1f64d1e820>,4,18,[5 6],5,7,25,2,7
1,<environment.Job instance at 0x7f1fa8dc1370>,10,18,[3 8],11,26,44,15,26
1,<environment.Job instance at 0x7f1f653cb5a0>,2,12,[4 7],3,77,89,74,77
1,<environment.Job instance at 0x7f1f64d47c30>,16,15,[9 4],17,89,104,72,77
1,<environment.Job instance at 0x7f1fab4284b0>,21,18,[ 2 10],22,129,147,107,129
1,<environment.Job instance at 0x7f1fab4284b0>,4,1,[7 3],5,6,7,1,6
1,<environment.Job instance at 0x7f1fa89b0190>,6,13,[6 3],7,7,20,0,7
1,<environment.Job instance at 0x7f1f64ba3730>,9,18,[ 2 10],10,20,38,10,14
1,<environment.Job instance at 0x7f1faff819b0>,12,18,[2 5],13,38,56,25,27
1,<environment.Job instance at 0x7f1fa8a26fa0>,16,13,[10  2],17,105,118,88,105
1,<environment.Job instance at 0x7f1fa8ec8be0>,11,18,[4 5],12,75,93,63,75
1,<environment.Job instance at 0x7f1fa8efa410>,15,16,[7 2],16,96,112,80,96
1,<environment.Job instance at 0x7f1fa8efa730>,17,13,[8 5],18,115,128,97,115
1,<environment.Job instance at 0x7f1fa8efae60>,19,3,[7 1],20,143,146,123,143
1,<environment.Job instance at 0x7f1f64f96f50>,8,13,[6 4],9,9,22,0,9
1,<environment.Job instance at 0x7f1f64f36b90>,0,14,[5 5],1,22,36,21,9
1,<environment.Job instance at 0x7f1f64f96500>,9,1,[5 4],10,22,23,12,10
1,<environment.Job instance at 0x7f1fa887d190>,6,14,[10  4],7,36,50,29,21
1,<environment.Job instance at 0x7f1f64bff230>,15,14,[2 7],16,50,64,34,36
1,<environment.Job instance at 0x7f1fafaf0050>,20,17,[4 5],21,64,81,43,53
1,<environment.Job instance at 0x7f1fafaf0460>,23,15,[8 2],24,81,96,57,77
1,<environment.Job instance at 0x7f1f64a8feb0>,21,12,[5 8],22,96,108,74,84
1,<environment.Job instance at 0x7f1f64997230>,4,1,[6 3],5,6,7,1,6
1,<environment.Job instance at 0x7f1f65105280>,0,16,[3 8],1,7,23,6,7
1,<environment.Job instance at 0x7f1f64997870>,5,14,[ 2 10],6,23,37,17,10
1,<environment.Job instance at 0x7f1f64997af0>,10,18,[1 5],11,37,55,26,26
1,<environment.Job instance at 0x7f1f651ce7d0>,4,2,[8 3],5,5,7,0,5
1,<environment.Job instance at 0x7f1fa87c80f0>,12,1,[8 3],13,47,48,34,47
1,<environment.Job instance at 0x7f1fab074820>,13,2,[5 6],14,48,50,34,47
1,<environment.Job instance at 0x7f1fab0740f0>,11,16,[5 5],12,50,66,38,47
1,<environment.Job instance at 0x7f1fab2c6320>,15,2,[8 4],16,66,68,50,47
1,<environment.Job instance at 0x7f1f64936320>,17,13,[6 4],18,68,81,50,52
1,<environment.Job instance at 0x7f1f6516e500>,19,14,[5 3],20,81,95,61,67
1,<environment.Job instance at 0x7f1fab6f3b90>,5,16,[3 9],6,95,111,89,94
1,<environment.Job instance at 0x7f30c96031e0>,0,17,[6 2],1,4,21,3,4
1,<environment.Job instance at 0x7f30c96030f0>,3,13,[3 8],4,7,20,3,7
1,<environment.Job instance at 0x7f30c21f45f0>,7,12,[7 2],8,21,33,13,8
1,<environment.Job instance at 0x7f30c21f47d0>,10,14,[1 6],11,20,34,9,15
1,<environment.Job instance at 0x7f30c21f4730>,11,1,[8 4],12,33,34,21,16
1,<environment.Job instance at 0x7f30c21f4500>,6,19,[1 7],7,34,53,27,24
1,<environment.Job instance at 0x7f30c21f4690>,9,17,[8 1],10,65,82,55,65
1,<environment.Job instance at 0x7f30c21f4c30>,16,19,[ 3 10],17,82,101,65,72
1,<environment.Job instance at 0x7f30c21f4eb0>,22,3,[4 6],23,101,104,78,88
1,<environment.Job instance at 0x7f30c21f80f0>,25,16,[5 3],26,101,117,75,95
1,<environment.Job instance at 0x7f30c21f85a0>,30,15,[8 2],31,117,132,86,116
1,<environment.Job instance at 0x7f30c21f86e0>,32,14,[8 3],33,132,146,99,121
1,<environment.Job instance at 0x7f30c21f88c0>,35,3,[9 5],36,146,149,110,133
1,<environment.Job instance at 0x7f30c21f8aa0>,38,16,[1 5],39,154,170,115,154
1,<environment.Job instance at 0x7f30c962b910>,2,16,[3 9],3,7,23,4,7
1,<environment.Job instance at 0x7f30c962b190>,4,14,[ 4 10],5,23,37,18,12
1,<environment.Job instance at 0x7f307e452190>,2,17,[4 8],3,7,24,4,7
1,<environment.Job instance at 0x7f30c9771cd0>,3,14,[ 3 10],4,54,68,50,54
1,<environment.Job instance at 0x7f307e49dc30>,11,13,[1 7],12,68,81,56,54
1,<environment.Job instance at 0x7f307e49dbe0>,13,13,[ 4 10],14,81,94,67,65
1,<environment.Job instance at 0x7f307e49daf0>,20,19,[1 8],21,94,113,73,85
1,<environment.Job instance at 0x7f307e4b5640>,6,1,[8 1],7,50,51,43,50
1,<environment.Job instance at 0x7f307e4b5460>,14,17,[2 5],15,53,70,38,53
1,<environment.Job instance at 0x7f307e4b5550>,7,16,[4 5],8,55,71,47,55
1,<environment.Job instance at 0x7f307e4b5cd0>,15,14,[8 2],16,106,120,90,106
1,<environment.Job instance at 0x7f307e83a730>,5,2,[2 9],6,6,8,0,6
1,<environment.Job instance at 0x7f307e83aeb0>,0,16,[5 1],1,8,24,7,8
1,<environment.Job instance at 0x7f307e8f85a0>,7,1,[8 1],8,24,25,16,8
1,<environment.Job instance at 0x7f307e8f8780>,9,12,[10  3],10,25,37,15,13
1,<environment.Job instance at 0x7f307e8f88c0>,11,15,[10  1],12,37,52,25,23
1,<environment.Job instance at 0x7f307e8f8e10>,18,12,[3 5],19,52,64,33,48
1,<environment.Job instance at 0x7f307e8f8f00>,21,17,[4 7],22,70,87,48,70
1,<environment.Job instance at 0x7f307e8f4460>,25,15,[10  1],26,87,102,61,74
1,<environment.Job instance at 0x7f307e8f45a0>,27,13,[1 8],28,102,115,74,87
1,<environment.Job instance at 0x7f307e8f46e0>,29,14,[1 7],30,115,129,85,100
1,<environment.Job instance at 0x7f30c25199b0>,0,1,[7 3],1,1,2,0,1
1,<environment.Job instance at 0x7f30c90a4f00>,9,16,[5 5],10,24,40,14,24
1,<environment.Job instance at 0x7f30c90a4c30>,10,17,[ 3 10],11,40,57,29,28
1,<environment.Job instance at 0x7f30c90a4eb0>,12,13,[ 3 10],13,57,70,44,42
1,<environment.Job instance at 0x7f30c90a4370>,13,18,[1 5],14,70,88,56,59
1,<environment.Job instance at 0x7f30c90a48c0>,14,18,[9 5],15,70,88,55,64
1,<environment.Job instance at 0x7f30c90a4cd0>,16,14,[1 9],17,88,102,71,73
1,<environment.Job instance at 0x7f30c915dfa0>,22,2,[9 3],23,102,104,79,85
1,<environment.Job instance at 0x7f30c915db90>,23,16,[8 3],24,104,120,80,91
1,<environment.Job instance at 0x7f30c25b4e10>,28,1,[10  1],29,120,121,91,108
1,<environment.Job instance at 0x7f30c2519730>,2,14,[4 7],3,121,135,118,108
1,<environment.Job instance at 0x7f307e5b85a0>,8,13,[8 2],9,49,62,40,49
1,<environment.Job instance at 0x7f307e5f6dc0>,4,17,[ 1 10],5,62,79,57,50
1,<environment.Job instance at 0x7f30c22d17d0>,14,18,[1 6],15,112,130,97,112
1,<environment.Job instance at 0x7f307eace780>,16,14,[5 5],17,130,144,113,115
1,<environment.Job instance at 0x7f307e8b97d0>,3,13,[4 5],4,5,18,1,5
1,<environment.Job instance at 0x7f30c22eea50>,0,16,[2 8],1,23,39,22,23
1,<environment.Job instance at 0x7f30c8cb7280>,12,2,[4 6],13,39,41,26,23
1,<environment.Job instance at 0x7f30c8cb7500>,16,16,[4 6],17,50,66,33,50
1,<environment.Job instance at 0x7f30c8cb7410>,1,16,[1 6],2,4,20,2,4
1,<environment.Job instance at 0x7f30c219d730>,3,15,[7 2],4,5,20,1,5
1,<environment.Job instance at 0x7f30c8b8b960>,9,2,[5 7],10,20,22,10,10
1,<environment.Job instance at 0x7f30c2449780>,5,17,[8 5],6,22,39,16,10
1,<environment.Job instance at 0x7f30c270bcd0>,14,14,[6 5],15,53,67,38,53
1,<environment.Job instance at 0x7f30c2449b90>,6,14,[10  2],7,67,81,60,53
1,<environment.Job instance at 0x7f30c8b7e3c0>,27,18,[3 9],28,117,135,89,117
1,<environment.Job instance at 0x7f307e6e7c30>,7,16,[6 1],8,12,28,4,12
1,<environment.Job instance at 0x7f30c243d280>,6,15,[9 3],7,28,43,21,16
1,<environment.Job instance at 0x7f307e52e960>,4,13,[10  4],5,43,56,38,28
1,<environment.Job instance at 0x7f307e851910>,15,2,[3 5],16,69,71,53,69
1,<environment.Job instance at 0x7f30c9505780>,16,12,[3 5],17,71,83,54,71
1,<environment.Job instance at 0x7f307e876140>,17,13,[1 9],18,83,96,65,75
1,<environment.Job instance at 0x7f30c1ff4d20>,23,14,[5 4],24,98,112,74,98
1,<environment.Job instance at 0x7f30c1ff4280>,24,15,[6 4],25,112,127,87,98
1,<environment.Job instance at 0x7f307e894140>,6,14,[3 7],7,29,43,22,29
1,<environment.Job instance at 0x7f307e672550>,4,3,[6 5],5,43,46,38,31
1,<environment.Job instance at 0x7f30c25e10a0>,10,14,[10  3],11,46,60,35,34
1,<environment.Job instance at 0x7f30c90243c0>,13,12,[4 5],14,60,72,46,50
1,<environment.Job instance at 0x7f307e38c9b0>,18,18,[9 3],19,74,92,55,74
1,<environment.Job instance at 0x7f307e3abc80>,20,17,[8 5],21,92,109,71,80
1,<environment.Job instance at 0x7f307e990140>,3,15,[5 5],4,4,19,0,4
1,<environment.Job instance at 0x7f307e990640>,4,15,[1 5],5,5,20,0,5
1,<environment.Job instance at 0x7f307e9903c0>,2,18,[3 9],3,20,38,17,16
1,<environment.Job instance at 0x7f30c9383230>,3,16,[6 3],4,5,21,1,5
1,<environment.Job instance at 0x7f30c201f500>,5,1,[7 4],6,21,22,15,6
1,<environment.Job instance at 0x7f30c201fb90>,8,14,[8 2],9,22,36,13,10
1,<environment.Job instance at 0x7f30c201f640>,9,18,[4 9],10,36,54,26,26
1,<environment.Job instance at 0x7f30c89e7410>,11,16,[2 5],12,89,105,77,89
1,<environment.Job instance at 0x7f30c8f50820>,13,13,[1 7],14,105,118,91,89
1,<environment.Job instance at 0x7f307e4a59b0>,14,15,[6 1],15,90,105,75,90
1,<environment.Job instance at 0x7f30c8a05fa0>,19,15,[1 8],20,135,150,115,135
1,<environment.Job instance at 0x7f30c8eaec80>,9,16,[6 2],10,136,152,126,136
1,<environment.Job instance at 0x7f307e334370>,24,18,[5 6],25,152,170,127,142
1,<environment.Job instance at 0x7f30c24c3190>,5,12,[6 4],6,9,21,3,9
1,<environment.Job instance at 0x7f30c8c55f00>,10,15,[3 7],11,21,36,10,11
1,<environment.Job instance at 0x7f307e9a3500>,8,17,[8 1],9,36,53,27,24
1,<environment.Job instance at 0x7f30c1ffeb90>,14,1,[7 3],15,24,25,9,24
1,<environment.Job instance at 0x7f307e5d7460>,3,1,[7 5],4,4,5,0,4
1,<environment.Job instance at 0x7f30c25a48c0>,10,14,[8 2],11,72,86,61,72
1,<environment.Job instance at 0x7f30c25a47d0>,11,18,[4 5],12,86,104,74,75
1,<environment.Job instance at 0x7f307e5d7b90>,5,16,[10  2],6,104,120,98,92
1,<environment.Job instance at 0x7f30c25a4eb0>,19,3,[7 1],20,143,146,123,143
1,<environment.Job instance at 0x7f307e5d7910>,1,18,[5 5],2,151,169,149,151
1,<environment.Job instance at 0x7f30c8ac8b90>,5,14,[2 7],6,6,20,0,6
1,<environment.Job instance at 0x7f30c253a690>,1,17,[7 5],2,20,37,18,18
1,<environment.Job instance at 0x7f30c8d39eb0>,11,12,[5 8],12,37,49,25,22
1,<environment.Job instance at 0x7f30c8d39d20>,13,15,[8 2],14,68,83,54,68
1,<environment.Job instance at 0x7f307e846b40>,3,17,[6 4],4,9,26,5,9
1,<environment.Job instance at 0x7f30c24fb5a0>,6,17,[10  1],7,26,43,19,14
1,<environment.Job instance at 0x7f30c24fbc30>,14,16,[7 3],15,46,62,31,46
1,<environment.Job instance at 0x7f30c24fbd20>,17,17,[4 6],18,62,79,44,57
1,<environment.Job instance at 0x7f30c2512190>,22,3,[3 8],23,81,84,58,81
1,<environment.Job instance at 0x7f30c2512230>,23,25,[3 5],24,84,109,60,81
1,<environment.Job instance at 0x7f307e6c3aa0>,8,13,[8 1],9,55,68,46,55
1,<environment.Job instance at 0x7f307e6c3820>,9,12,[3 9],10,68,80,58,55
1,<environment.Job instance at 0x7f30c262abe0>,10,14,[9 2],11,83,97,72,83
1,<environment.Job instance at 0x7f30c2512230>,3,16,[5 6],4,97,113,93,85
1,<environment.Job instance at 0x7f30c262acd0>,17,19,[6 4],18,113,132,95,108
1,<environment.Job instance at 0x7f307e4e4cd0>,22,17,[7 5],23,152,169,129,152
1,<environment.Job instance at 0x7f30c262af50>,15,2,[ 5 10],16,169,171,153,152
1,<environment.Job instance at 0x7f307e5fea00>,5,12,[2 6],6,7,19,1,7
1,<environment.Job instance at 0x7f30c916a820>,8,15,[5 6],9,19,34,10,10
1,<environment.Job instance at 0x7f30c2118d20>,14,14,[1 5],15,34,48,19,19
1,<environment.Job instance at 0x7f30c21180a0>,13,14,[5 8],14,52,66,38,52
1,<environment.Job instance at 0x7f30c20f41e0>,19,14,[5 4],20,66,80,46,52
1,<environment.Job instance at 0x7f30c2382b40>,9,17,[5 5],10,66,83,56,57
1,<environment.Job instance at 0x7f30c8b0e730>,21,12,[3 7],22,83,95,61,67
1,<environment.Job instance at 0x7f30c8dd7e60>,23,16,[10  4],24,95,111,71,82
1,<environment.Job instance at 0x7f85941ce0f0>,0,17,[6 2],1,6,23,5,6
1,<environment.Job instance at 0x7f858cdbe460>,7,12,[7 2],8,23,35,15,8
1,<environment.Job instance at 0x7f858cdbe730>,10,14,[1 6],11,24,38,13,24
1,<environment.Job instance at 0x7f858cdbe5a0>,11,1,[8 4],12,35,36,23,24
1,<environment.Job instance at 0x7f8594257780>,3,13,[3 8],4,38,51,34,25
1,<environment.Job instance at 0x7f85941ce2d0>,1,15,[4 5],2,51,66,49,44
1,<environment.Job instance at 0x7f858cdbe280>,6,19,[1 7],7,66,85,59,56
1,<environment.Job instance at 0x7f858cdbed70>,22,3,[4 6],23,99,102,76,99
1,<environment.Job instance at 0x7f858cdc03c0>,25,16,[5 3],26,101,117,75,101
1,<environment.Job instance at 0x7f858cdc0460>,28,2,[5 8],29,144,146,115,144
1,<environment.Job instance at 0x7f858cdc0500>,29,24,[5 1],30,144,168,114,144
1,<environment.Job instance at 0x7f858cdc0280>,30,15,[8 2],31,168,183,137,158
1,<environment.Job instance at 0x7f8594335dc0>,5,14,[5 3],6,15,29,9,15
1,<environment.Job instance at 0x7f8594335f50>,10,16,[7 4],11,42,58,31,42
1,<environment.Job instance at 0x7f858cdc0640>,3,16,[3 5],4,42,58,38,42
1,<environment.Job instance at 0x7f8594335fa0>,7,18,[10  1],8,58,76,50,54
1,<environment.Job instance at 0x7f85941f6960>,22,15,[3 9],23,141,156,118,141
1,<environment.Job instance at 0x7f85941f66e0>,23,2,[ 1 10],24,156,158,132,141
1,<environment.Job instance at 0x7f85941f6820>,25,18,[8 2],26,158,176,132,155
1,<environment.Job instance at 0x7f85941f6870>,27,3,[5 4],28,176,179,148,155
1,<environment.Job instance at 0x7f859433c2d0>,29,16,[ 3 10],30,179,195,149,166
1,<environment.Job instance at 0x7f8549183730>,9,20,[6 2],10,12,32,2,12
1,<environment.Job instance at 0x7f85491c4b90>,8,17,[6 3],9,32,49,23,29
1,<environment.Job instance at 0x7f8549183280>,11,17,[2 8],12,58,75,46,58
1,<environment.Job instance at 0x7f85491835a0>,14,14,[3 6],15,75,89,60,60
1,<environment.Job instance at 0x7f8549077320>,6,13,[1 9],7,84,97,77,84
1,<environment.Job instance at 0x7f854905edc0>,13,16,[8 4],14,97,113,83,84
1,<environment.Job instance at 0x7f85490773c0>,7,16,[4 5],8,113,129,105,108
1,<environment.Job instance at 0x7f854905ee10>,20,12,[8 1],21,129,141,108,112
1,<environment.Job instance at 0x7f854957ad70>,21,18,[9 4],22,141,159,119,133
1,<environment.Job instance at 0x7f85494b5050>,2,2,[9 1],3,3,5,0,3
1,<environment.Job instance at 0x7f854957a1e0>,3,14,[1 8],4,4,18,0,4
1,<environment.Job instance at 0x7f854915ee10>,4,12,[5 6],5,18,30,13,5
1,<environment.Job instance at 0x7f85494bfb40>,10,14,[6 3],11,30,44,19,15
1,<environment.Job instance at 0x7f85494bfd20>,12,3,[1 9],13,44,47,31,18
1,<environment.Job instance at 0x7f85494bfc80>,11,17,[4 5],12,91,108,79,91
1,<environment.Job instance at 0x7f854957a6e0>,6,12,[5 1],7,115,127,108,115
1,<environment.Job instance at 0x7f85494bfeb0>,19,1,[8 4],20,127,128,107,115
1,<environment.Job instance at 0x7f85494ad190>,22,18,[6 5],23,128,146,105,118
1,<environment.Job instance at 0x7f85494ad4b0>,1,1,[ 5 10],2,17,18,15,17
1,<environment.Job instance at 0x7f858f9b3280>,8,18,[2 7],9,18,36,9,17
1,<environment.Job instance at 0x7f858f954280>,11,14,[ 1 10],12,36,50,24,21
1,<environment.Job instance at 0x7f858f954050>,14,14,[1 7],15,50,64,35,42
1,<environment.Job instance at 0x7f858f9542d0>,15,18,[6 4],16,64,82,48,53
1,<environment.Job instance at 0x7f858fad5be0>,18,14,[3 9],19,82,96,63,73
1,<environment.Job instance at 0x7f858cbdc910>,0,15,[8 1],1,45,60,44,45
1,<environment.Job instance at 0x7f854955df00>,8,17,[2 5],9,45,62,36,45
1,<environment.Job instance at 0x7f858fad5be0>,3,15,[5 5],4,60,75,56,49
1,<environment.Job instance at 0x7f854955dfa0>,11,3,[9 4],12,75,78,63,49
1,<environment.Job instance at 0x7f854955dd20>,12,2,[7 5],13,78,80,65,51
1,<environment.Job instance at 0x7f854955d640>,14,12,[10  1],15,80,92,65,65
1,<environment.Job instance at 0x7f854955df50>,7,18,[5 9],8,100,118,92,100
1,<environment.Job instance at 0x7f858f38fd20>,4,16,[ 2 10],5,118,134,113,109
1,<environment.Job instance at 0x7f858ce580f0>,22,12,[ 1 10],23,134,146,111,122
1,<environment.Job instance at 0x7f858ce160a0>,0,12,[4 7],1,29,41,28,29
1,<environment.Job instance at 0x7f8549086e10>,6,12,[1 6],7,41,53,34,30
1,<environment.Job instance at 0x7f8549099230>,12,2,[3 6],13,77,79,64,77
1,<environment.Job instance at 0x7f858cf1aa50>,4,14,[4 8],5,79,93,74,77
1,<environment.Job instance at 0x7f85496db280>,5,12,[2 9],6,52,64,46,52
1,<environment.Job instance at 0x7f85490b40f0>,8,13,[10  3],9,64,77,55,56
1,<environment.Job instance at 0x7f858d018b90>,11,14,[1 7],12,77,91,65,72
1,<environment.Job instance at 0x7f858d018910>,12,3,[8 2],13,77,80,64,72
1,<environment.Job instance at 0x7f858d018140>,13,18,[1 9],14,91,109,77,80
1,<environment.Job instance at 0x7f8549602e10>,8,3,[6 5],9,9,12,0,9
1,<environment.Job instance at 0x7f858f852be0>,4,17,[4 9],5,12,29,7,10
1,<environment.Job instance at 0x7f85496021e0>,10,18,[9 1],11,29,47,18,18
1,<environment.Job instance at 0x7f854957ee10>,13,12,[5 4],14,47,59,33,36
1,<environment.Job instance at 0x7f858d008960>,15,13,[8 3],16,59,72,43,43
1,<environment.Job instance at 0x7f858cd37d70>,24,15,[9 3],25,115,130,90,115
1,<environment.Job instance at 0x7f858cd37d70>,4,14,[5 3],5,5,19,0,5
1,<environment.Job instance at 0x7f858cb2b960>,0,15,[1 8],1,19,34,18,9
1,<environment.Job instance at 0x7f85490c94b0>,10,18,[5 3],11,34,52,23,23
1,<environment.Job instance at 0x7f85490c95f0>,12,15,[5 7],13,34,49,21,29
1,<environment.Job instance at 0x7f85490c97d0>,15,13,[5 4],16,50,63,34,50
1,<environment.Job instance at 0x7f85490c9910>,17,14,[1 9],18,85,99,67,85
1,<environment.Job instance at 0x7f85490c9a50>,19,1,[10  1],20,99,100,79,85
1,<environment.Job instance at 0x7f858d06b140>,7,15,[9 2],8,8,23,0,8
1,<environment.Job instance at 0x7f858d06b730>,10,17,[ 4 10],11,23,40,12,15
1,<environment.Job instance at 0x7f858d06b820>,12,3,[4 6],13,40,43,27,21
1,<environment.Job instance at 0x7f858f4143c0>,8,20,[6 3],9,19,39,10,19
1,<environment.Job instance at 0x7f858f414be0>,10,16,[1 5],11,19,35,8,19
1,<environment.Job instance at 0x7f858f414690>,5,15,[ 1 10],6,40,55,34,40
1,<environment.Job instance at 0x7f858cea8190>,16,14,[ 4 10],17,55,69,38,40
1,<environment.Job instance at 0x7f858cea8410>,21,15,[ 5 10],22,72,87,50,72
1,<environment.Job instance at 0x7f8549471aa0>,9,2,[5 1],10,73,75,63,73
1,<environment.Job instance at 0x7f858f873550>,12,3,[10  5],13,75,78,62,75
1,<environment.Job instance at 0x7f854944bd20>,18,17,[4 5],19,115,132,96,115
1,<environment.Job instance at 0x7f85494770f0>,22,15,[3 5],23,140,155,117,140
1,<environment.Job instance at 0x7f85496bcaa0>,3,16,[6 1],4,6,22,2,6
1,<environment.Job instance at 0x7f8549343a50>,6,13,[1 6],7,7,20,0,7
1,<environment.Job instance at 0x7f8549238230>,0,14,[6 3],1,22,36,21,7
1,<environment.Job instance at 0x7f858f7da9b0>,11,16,[6 1],12,36,52,24,23
1,<environment.Job instance at 0x7f85493b51e0>,14,16,[ 3 10],15,52,68,37,39
1,<environment.Job instance at 0x7f8548eb15f0>,0,14,[5 5],1,7,21,6,7
1,<environment.Job instance at 0x7f8549114730>,7,1,[ 3 10],8,21,22,13,8
1,<environment.Job instance at 0x7f8549114190>,6,14,[10  4],7,22,36,15,8
1,<environment.Job instance at 0x7f8549114870>,11,17,[7 5],12,36,53,24,26
1,<environment.Job instance at 0x7f8549114690>,18,12,[3 5],19,41,53,22,41
1,<environment.Job instance at 0x7f85491141e0>,21,12,[5 8],22,53,65,31,53
1,<environment.Job instance at 0x7f8549114c30>,23,15,[8 2],24,77,92,53,77
1,<environment.Job instance at 0x7f8549114e10>,20,17,[4 5],21,92,109,71,80
1,<environment.Job instance at 0x7f8549114fa0>,3,17,[6 4],4,5,22,1,5
1,<environment.Job instance at 0x7f8549249820>,0,15,[ 5 10],1,22,37,21,8
1,<environment.Job instance at 0x7f8549352280>,10,13,[7 4],11,37,50,26,22
1,<environment.Job instance at 0x7f8549352f00>,14,16,[7 3],15,50,66,35,37
1,<environment.Job instance at 0x7f85493522d0>,7,17,[10  1],8,66,83,58,59
1,<environment.Job instance at 0x7f858f4dc820>,22,3,[3 8],23,89,92,66,89
1,<environment.Job instance at 0x7f858f4dcb40>,23,25,[3 5],24,93,118,69,93
1,<environment.Job instance at 0x7f854937e190>,2,12,[5 5],3,4,16,1,4
1,<environment.Job instance at 0x7f858f4dcb40>,3,17,[5 4],4,5,22,1,5
1,<environment.Job instance at 0x7f858f4b3b90>,5,2,[ 5 10],6,22,24,16,6
1,<environment.Job instance at 0x7f8548df2af0>,0,14,[9 2],1,92,106,91,92
1,<environment.Job instance at 0x7f854912ff50>,15,16,[9 1],16,106,122,90,93
1,<environment.Job instance at 0x7f858d169e60>,7,19,[6 4],8,122,141,114,116
1,<environment.Job instance at 0x7f85493fb6e0>,23,15,[4 8],24,141,156,117,128
1,<environment.Job instance at 0x7f8593ea3050>,20,16,[2 9],21,156,172,135,153
1,<environment.Job instance at 0x7f8593ea3050>,4,17,[3 6],5,8,25,3,8
1,<environment.Job instance at 0x7f8548ec0a00>,7,12,[6 1],8,9,21,1,9
1,<environment.Job instance at 0x7f8548ec0f00>,3,16,[10  4],4,25,41,21,14
1,<environment.Job instance at 0x7f8548ec0730>,0,14,[ 4 10],1,41,55,40,27
1,<environment.Job instance at 0x7f8548ec0b90>,9,16,[10  2],10,55,71,45,45
1,<environment.Job instance at 0x7f858f7db8c0>,5,15,[10  3],6,6,21,0,6
1,<environment.Job instance at 0x7f858f7db460>,9,17,[2 6],10,45,62,35,45
1,<environment.Job instance at 0x7f858ccae8c0>,15,12,[4 5],16,73,85,57,73
1,<environment.Job instance at 0x7f858f864910>,16,13,[5 6],17,85,98,68,73
1,<environment.Job instance at 0x7f858d204e10>,19,1,[10  3],20,98,99,78,73
1,<environment.Job instance at 0x7f858cdfd5a0>,22,16,[10  5],23,102,118,79,102
1,<environment.Job instance at 0x7f858cdfd500>,24,16,[ 2 10],25,118,134,93,106
1,<environment.Job instance at 0x7f858cdfd190>,27,16,[3 8],28,134,150,106,121
1,<environment.Job instance at 0x7f6d5b6f7500>,7,12,[7 2],8,8,20,0,8
1,<environment.Job instance at 0x7f6d5b6f72d0>,5,18,[7 5],6,24,42,18,24
1,<environment.Job instance at 0x7f6d5b6f76e0>,10,14,[1 6],11,42,56,31,33
1,<environment.Job instance at 0x7f6d5b6f7410>,9,17,[8 1],10,45,62,35,45
1,<environment.Job instance at 0x7f6d5b6f77d0>,13,15,[4 5],14,62,77,48,50
1,<environment.Job instance at 0x7f6d5b6f7af0>,18,18,[3 6],19,77,95,58,66
1,<environment.Job instance at 0x7f6d60b06050>,2,18,[ 3 10],3,109,127,106,109
1,<environment.Job instance at 0x7f6d5b6f7d70>,22,3,[4 6],23,127,130,104,113
1,<environment.Job instance at 0x7f6d5b6f92d0>,28,2,[5 8],29,155,157,126,155
1,<environment.Job instance at 0x7f6d5b6f7f50>,23,18,[7 4],24,178,196,154,178
1,<environment.Job instance at 0x7f6d5b6f9410>,35,3,[9 5],36,196,199,160,179
1,<environment.Job instance at 0x7f6d60c6cbe0>,2,14,[4 7],3,3,17,0,3
1,<environment.Job instance at 0x7f6d60c72960>,5,19,[5 1],6,27,46,21,27
1,<environment.Job instance at 0x7f6d60c72fa0>,6,17,[8 2],7,46,63,39,36
1,<environment.Job instance at 0x7f6d60b2d1e0>,13,2,[ 1 10],14,63,65,49,36
1,<environment.Job instance at 0x7f6d60b2d410>,16,14,[8 4],17,65,79,48,52
1,<environment.Job instance at 0x7f6d60c6dcd0>,18,17,[10  5],19,79,96,60,67
1,<environment.Job instance at 0x7f6d60c6dd20>,19,16,[ 3 10],20,105,121,85,105
1,<environment.Job instance at 0x7f6d60c6dfa0>,23,16,[10  3],24,121,137,97,109
1,<environment.Job instance at 0x7f6d15ad9b40>,6,3,[5 9],7,28,31,21,28
1,<environment.Job instance at 0x7f6d15ad90f0>,9,15,[6 2],10,31,46,21,28
1,<environment.Job instance at 0x7f6d15ad94b0>,7,15,[1 9],8,47,62,39,47
1,<environment.Job instance at 0x7f6d15a2d5a0>,12,1,[ 2 10],13,62,63,49,47
1,<environment.Job instance at 0x7f6d15a2d460>,15,13,[6 3],16,63,76,47,52
1,<environment.Job instance at 0x7f6d15a2d0a0>,19,15,[4 9],20,94,109,74,94
1,<environment.Job instance at 0x7f6d15a2d410>,21,14,[3 6],22,121,135,99,121
1,<environment.Job instance at 0x7f6d15a2d7d0>,22,3,[9 2],23,135,138,112,121
1,<environment.Job instance at 0x7f6d15a2daa0>,24,3,[10  4],25,138,141,113,121
1,<environment.Job instance at 0x7f6d15a2d2d0>,28,18,[ 3 10],29,172,190,143,172
1,<environment.Job instance at 0x7f6d15a2dbe0>,30,13,[4 9],31,190,203,159,178
1,<environment.Job instance at 0x7f6d1602d7d0>,6,12,[7 4],7,7,19,0,7
1,<environment.Job instance at 0x7f6d15a2dbe0>,5,15,[7 2],6,19,34,13,8
1,<environment.Job instance at 0x7f6d1602d5f0>,9,15,[2 6],10,18,33,8,18
1,<environment.Job instance at 0x7f6d1602d730>,11,12,[ 5 10],12,34,46,22,21
1,<environment.Job instance at 0x7f6d1602d690>,13,14,[5 5],14,46,60,32,43
1,<environment.Job instance at 0x7f6d15b3df00>,16,17,[ 4 10],17,65,82,48,65
1,<environment.Job instance at 0x7f6d15e4e3c0>,17,14,[10  3],18,82,96,64,67
1,<environment.Job instance at 0x7f6d15dfba00>,8,16,[6 5],9,9,25,0,9
1,<environment.Job instance at 0x7f6d15dfbc80>,10,12,[6 4],11,25,37,14,11
1,<environment.Job instance at 0x7f6d15dfbf50>,16,25,[6 4],17,55,80,38,55
1,<environment.Job instance at 0x7f6d15df6320>,18,15,[5 5],19,80,95,61,66
1,<environment.Job instance at 0x7f6d15df6500>,21,13,[4 7],22,95,108,73,79
1,<environment.Job instance at 0x7f6d160600a0>,4,16,[7 2],5,53,69,48,53
1,<environment.Job instance at 0x7f6d160600f0>,8,17,[3 6],9,77,94,68,77
1,<environment.Job instance at 0x7f6d16060230>,11,14,[10  2],12,142,156,130,142
1,<environment.Job instance at 0x7f6d604139b0>,20,18,[2 7],21,156,174,135,145
1,<environment.Job instance at 0x7f6d5b631280>,0,17,[7 2],1,7,24,6,7
1,<environment.Job instance at 0x7f6d15ad6cd0>,7,1,[4 5],8,24,25,16,8
1,<environment.Job instance at 0x7f6d5b556e10>,6,12,[7 4],7,25,37,18,8
1,<environment.Job instance at 0x7f6d60a44b90>,14,19,[5 5],15,52,71,37,52
1,<environment.Job instance at 0x7f6d1602d780>,16,12,[8 1],17,74,86,57,74
1,<environment.Job instance at 0x7f6d1602daa0>,19,3,[7 5],20,86,89,66,74
1,<environment.Job instance at 0x7f6d15da4d70>,11,18,[7 3],12,158,176,146,158
1,<environment.Job instance at 0x7f6d5ffac870>,26,15,[5 5],27,176,191,149,162
1,<environment.Job instance at 0x7f6d5bae1eb0>,28,12,[ 1 10],29,191,203,162,174
1,<environment.Job instance at 0x7f6d15d0daa0>,5,16,[5 9],6,9,25,3,9
1,<environment.Job instance at 0x7f6d15d0db40>,6,14,[ 1 10],7,25,39,18,10
1,<environment.Job instance at 0x7f6d15d0ddc0>,11,14,[9 5],12,46,60,34,46
1,<environment.Job instance at 0x7f6d15d0dd20>,14,17,[8 4],15,63,80,48,63
1,<environment.Job instance at 0x7f6d15d330a0>,15,16,[7 2],16,80,96,64,67
1,<environment.Job instance at 0x7f6d15d33280>,16,12,[3 8],17,80,92,63,71
1,<environment.Job instance at 0x7f6d15d334b0>,21,16,[1 6],22,92,108,70,81
1,<environment.Job instance at 0x7f6d15d331e0>,22,14,[1 8],23,108,122,85,94
1,<environment.Job instance at 0x7f6d15d333c0>,23,15,[7 2],24,96,111,72,94
1,<environment.Job instance at 0x7f6d15d336e0>,25,17,[8 5],26,122,139,96,110
1,<environment.Job instance at 0x7f6d15d33a00>,30,17,[ 4 10],31,139,156,108,128
1,<environment.Job instance at 0x7f6d5b95e3c0>,6,15,[9 3],7,7,22,0,7
1,<environment.Job instance at 0x7f6d15f7d5a0>,4,13,[10  4],5,22,35,17,10
1,<environment.Job instance at 0x7f6d15caff50>,15,2,[3 5],16,86,88,70,86
1,<environment.Job instance at 0x7f6d15caf8c0>,16,12,[3 5],17,88,100,71,88
1,<environment.Job instance at 0x7f6d15cafeb0>,18,1,[3 7],19,100,101,81,88
1,<environment.Job instance at 0x7f6d15caf370>,17,13,[1 9],18,110,123,92,110
1,<environment.Job instance at 0x7f6d15caf230>,21,16,[4 9],22,123,139,101,118
1,<environment.Job instance at 0x7f6d15ccfaf0>,25,2,[7 5],26,139,141,113,120
1,<environment.Job instance at 0x7f6d15ccfa50>,26,17,[ 2 10],27,174,191,147,174
1,<environment.Job instance at 0x7f6d5b9475f0>,5,14,[5 6],6,6,20,0,6
1,<environment.Job instance at 0x7f6d604cf230>,4,17,[4 8],5,20,37,15,8
1,<environment.Job instance at 0x7f6d15becdc0>,11,17,[8 4],12,37,54,25,26
1,<environment.Job instance at 0x7f6d15a96c30>,12,13,[10  1],13,54,67,41,38
1,<environment.Job instance at 0x7f6d5bb8a190>,15,13,[7 1],16,67,80,51,51
1,<environment.Job instance at 0x7f6d5b662640>,18,12,[3 8],19,67,79,48,51
1,<environment.Job instance at 0x7f6d5b853b90>,20,15,[6 2],21,80,95,59,66
1,<environment.Job instance at 0x7f6d6044e960>,26,2,[6 5],27,95,97,68,82
1,<environment.Job instance at 0x7f6d5b662910>,17,18,[4 8],18,97,115,79,86
1,<environment.Job instance at 0x7f6d603312d0>,32,18,[6 3],33,129,147,96,129
1,<environment.Job instance at 0x7f6d5b778b40>,36,18,[1 7],37,140,158,103,140
1,<environment.Job instance at 0x7f6d6015f050>,41,14,[6 3],42,170,184,128,170
1,<environment.Job instance at 0x7f6d6052caf0>,2,13,[5 5],3,5,18,2,5
1,<environment.Job instance at 0x7f6d60383410>,9,15,[7 1],10,23,38,13,23
1,<environment.Job instance at 0x7f6d603834b0>,10,16,[8 1],11,38,54,27,26
1,<environment.Job instance at 0x7f6d60383550>,11,12,[8 4],12,54,66,42,40
1,<environment.Job instance at 0x7f6d603837d0>,15,17,[ 2 10],16,90,107,74,90
1,<environment.Job instance at 0x7f6d60383b40>,21,16,[1 6],22,107,123,85,94
1,<environment.Job instance at 0x7f6d60383af0>,20,17,[5 4],21,107,124,86,97
1,<environment.Job instance at 0x7f6d60383be0>,22,12,[2 8],23,124,136,101,107
1,<environment.Job instance at 0x7f6d60383eb0>,27,14,[6 2],28,130,144,102,130
1,<environment.Job instance at 0x7f6d60383f00>,26,16,[3 8],27,136,152,109,132
1,<environment.Job instance at 0x7f6d603610f0>,30,14,[4 7],31,152,166,121,151
1,<environment.Job instance at 0x7f6d60361230>,32,1,[3 9],33,166,167,133,151
1,<environment.Job instance at 0x7f6d60383910>,17,16,[ 1 10],18,167,183,149,164
1,<environment.Job instance at 0x7f6d60383910>,3,1,[8 3],4,17,18,13,17
1,<environment.Job instance at 0x7f6d1597dd70>,6,15,[8 2],7,22,37,15,22
1,<environment.Job instance at 0x7f6d60b55b90>,8,18,[8 3],9,78,96,69,78
1,<environment.Job instance at 0x7f6d5bad5f50>,18,15,[3 7],19,101,116,82,101
1,<environment.Job instance at 0x7f6d5b778690>,20,15,[7 2],21,101,116,80,101
1,<environment.Job instance at 0x7f6d5b7786e0>,22,15,[8 2],23,125,140,102,125
1,<environment.Job instance at 0x7f6d5b778050>,23,19,[8 2],24,140,159,116,130
1,<environment.Job instance at 0x7f6d60098be0>,9,16,[3 8],10,91,107,81,91
1,<environment.Job instance at 0x7f6d5b6acbe0>,18,14,[2 5],19,107,121,88,92
1,<environment.Job instance at 0x7f6d5b6ac280>,24,3,[8 2],25,111,114,86,111
1,<environment.Job instance at 0x7f6d5b6ac3c0>,22,15,[ 4 10],23,121,136,98,111
1,<environment.Job instance at 0x7f6d5b6aceb0>,29,18,[8 4],30,141,159,111,141
1,<environment.Job instance at 0x7f6d5b6ac960>,30,12,[3 5],31,159,171,128,142
1,<environment.Job instance at 0x7f6d5b6ac050>,28,14,[5 5],29,159,173,130,144
1,<environment.Job instance at 0x7f6d5b8889b0>,35,16,[10  1],36,173,189,137,165
1,<environment.Job instance at 0x7f6d5b5eff50>,10,3,[7 2],11,15,18,4,15
1,<environment.Job instance at 0x7f6d15c1d050>,13,16,[6 3],14,54,70,40,54
1,<environment.Job instance at 0x7f6d15c1de10>,17,12,[10  2],18,96,108,78,96
1,<environment.Job instance at 0x7f6d15c1ddc0>,18,15,[8 2],19,108,123,89,97
1,<environment.Job instance at 0x7f6d15c30370>,23,16,[7 4],24,123,139,99,110
1,<environment.Job instance at 0x7f6d600eaf00>,0,15,[10  3],1,139,154,138,130
1,<environment.Job instance at 0x7f6d15c12050>,28,17,[ 2 10],29,154,171,125,144
1,<environment.Job instance at 0x7f6d15c0e230>,26,14,[10  4],27,171,185,144,167
1,<environment.Job instance at 0x7f6d5b787a50>,32,18,[5 5],33,185,203,152,175
1,<environment.Job instance at 0x7f6d15c13e10>,2,12,[7 2],3,6,18,3,6
1,<environment.Job instance at 0x7f6d5b748230>,8,2,[7 1],9,30,32,21,30
1,<environment.Job instance at 0x7f6d5b748e10>,11,12,[5 9],12,54,66,42,54
1,<environment.Job instance at 0x7f6d60a439b0>,14,12,[2 9],15,80,92,65,80
1,<environment.Job instance at 0x7f6d15ee1140>,17,12,[7 5],18,94,106,76,94
1,<environment.Job instance at 0x7f6d15ee1d70>,18,17,[10  5],19,106,123,87,95
1,<environment.Job instance at 0x7f6d5b74e320>,21,17,[10  5],22,123,140,101,113
1,<environment.Job instance at 0x7f6d5ba71230>,25,25,[1 7],26,155,180,129,155
1,<environment.Job instance at 0x7f6d60897050>,4,1,[6 3],5,6,7,1,6
1,<environment.Job instance at 0x7f6d156c7b40>,5,14,[ 2 10],6,7,21,1,7
1,<environment.Job instance at 0x7f6d156c79b0>,6,18,[8 4],7,21,39,14,10
1,<environment.Job instance at 0x7f6d156d8b90>,10,18,[1 5],11,23,41,12,23
1,<environment.Job instance at 0x7f6d5ffe4f50>,8,13,[8 1],9,55,68,46,55
1,<environment.Job instance at 0x7f6d5ffe4d20>,9,12,[3 9],10,68,80,58,55
1,<environment.Job instance at 0x7f6d602cbb90>,3,16,[5 6],4,83,99,79,83
1,<environment.Job instance at 0x7f6d60006d20>,15,2,[ 5 10],16,99,101,83,83
1,<environment.Job instance at 0x7f6d5ffe4820>,6,15,[5 7],7,110,125,103,110
1,<environment.Job instance at 0x7f6d6000d690>,22,17,[7 5],23,174,191,151,174
1,<environment.Job instance at 0x7f6d5ffe4d70>,10,14,[9 2],11,191,205,180,176
1,<environment.Job instance at 0x7f6d16024140>,2,15,[4 6],3,6,21,3,6
1,<environment.Job instance at 0x7f6d604cca50>,7,12,[6 1],8,8,20,0,8
1,<environment.Job instance at 0x7f6d6000daf0>,4,17,[3 6],5,21,38,16,10
1,<environment.Job instance at 0x7f6d5b6ecfa0>,9,16,[10  2],10,38,54,28,32
1,<environment.Job instance at 0x7f6d5fff0460>,3,16,[10  4],4,54,70,50,49
1,<environment.Job instance at 0x7f6d15882f50>,5,12,[4 5],6,23,35,17,23
1,<environment.Job instance at 0x7f6d15882c80>,7,14,[9 5],8,35,49,27,23
1,<environment.Job instance at 0x7f6d158824b0>,9,1,[10  3],10,49,50,39,26
1,<environment.Job instance at 0x7f6d15882be0>,6,13,[5 6],7,51,64,44,51
1,<environment.Job instance at 0x7f6d15882e60>,8,14,[ 1 10],9,64,78,55,51
1,<environment.Job instance at 0x7f6d15882f00>,14,16,[ 2 10],15,78,94,63,65
1,<environment.Job instance at 0x7f6d158823c0>,12,16,[10  5],13,94,110,81,81
1,<environment.Job instance at 0x7f6d15b2b640>,1,13,[1 8],2,6,19,4,6
1,<environment.Job instance at 0x7f6d5ba3d370>,6,12,[9 4],7,19,31,12,8
1,<environment.Job instance at 0x7f6d15d7d320>,12,14,[7 5],13,31,45,18,27
1,<environment.Job instance at 0x7f6d15d7dcd0>,9,16,[2 7],10,45,61,35,33
1,<environment.Job instance at 0x7f6d6067ff50>,18,15,[5 5],19,78,93,59,78
1,<environment.Job instance at 0x7f6d15b1ab90>,20,15,[3 5],21,78,93,57,78
1,<environment.Job instance at 0x7f6d15b1a0a0>,22,18,[3 5],23,99,117,76,99
1,<environment.Job instance at 0x7f6d609f3cd0>,3,15,[2 8],4,146,161,142,146
1,<environment.Job instance at 0x7f6d15914aa0>,27,1,[ 4 10],28,161,162,133,147
1,<environment.Job instance at 0x7f6d5ffe49b0>,25,15,[2 9],26,162,177,136,149
1,<environment.Job instance at 0x7f6d15f81370>,5,15,[3 9],6,177,192,171,172
1,<environment.Job instance at 0x7fd679eff2d0>,1,15,[4 5],2,2,17,0,2
1,<environment.Job instance at 0x7fd672aef500>,7,12,[7 2],8,17,29,9,9
1,<environment.Job instance at 0x7fd672aef4b0>,9,17,[8 1],10,29,46,19,24
1,<environment.Job instance at 0x7fd672aef5f0>,10,14,[1 6],11,26,40,15,26
1,<environment.Job instance at 0x7fd672aef730>,13,15,[4 5],14,46,61,32,43
1,<environment.Job instance at 0x7fd679eff0a0>,3,13,[3 8],4,84,97,80,84
1,<environment.Job instance at 0x7fd672aefaf0>,18,18,[3 6],19,147,165,128,147
1,<environment.Job instance at 0x7fd672aefd70>,22,3,[4 6],23,165,168,142,147
1,<environment.Job instance at 0x7fd672aeffa0>,25,16,[5 3],26,151,167,125,151
1,<environment.Job instance at 0x7fd672af1320>,5,18,[8 2],6,7,25,1,7
1,<environment.Job instance at 0x7fd67a06b730>,7,3,[5 4],8,25,28,17,8
1,<environment.Job instance at 0x7fd67a06b410>,9,16,[ 3 10],10,28,44,18,15
1,<environment.Job instance at 0x7fd67a06baf0>,8,17,[10  5],9,44,61,35,32
1,<environment.Job instance at 0x7fd67a066e10>,18,17,[10  2],19,87,104,68,87
1,<environment.Job instance at 0x7fd67a066e10>,2,3,[9 2],3,4,7,1,4
1,<environment.Job instance at 0x7fd62ed510f0>,4,3,[10  4],5,7,10,2,5
1,<environment.Job instance at 0x7fd67a066960>,1,14,[3 6],2,10,24,8,5
1,<environment.Job instance at 0x7fd62ed7ac80>,11,12,[8 2],12,24,36,12,12
1,<environment.Job instance at 0x7fd62ed51af0>,8,18,[ 3 10],9,49,67,40,49
1,<environment.Job instance at 0x7fd62ed7a410>,19,18,[1 6],20,67,85,47,67
1,<environment.Job instance at 0x7fd62ed516e0>,3,18,[4 8],4,103,121,99,103
1,<environment.Job instance at 0x7fd62ed86d20>,28,26,[7 3],29,141,167,112,141
1,<environment.Job instance at 0x7fd62ed863c0>,29,17,[2 8],30,167,184,137,155
1,<environment.Job instance at 0x7fd62ed867d0>,31,15,[5 1],32,167,182,135,156
1,<environment.Job instance at 0x7fd62f24ec80>,0,3,[5 1],1,2,5,1,2
1,<environment.Job instance at 0x7fd62eece500>,9,19,[ 5 10],10,44,63,34,44
1,<environment.Job instance at 0x7fd62eece550>,14,16,[5 5],15,80,96,65,80
1,<environment.Job instance at 0x7fd62f1f2e10>,7,13,[7 4],8,8,21,0,8
1,<environment.Job instance at 0x7fd62eece690>,6,16,[3 8],7,21,37,14,20
1,<environment.Job instance at 0x7fd62eef51e0>,1,14,[ 4 10],2,37,51,35,23
1,<environment.Job instance at 0x7fd672d6bc30>,2,18,[4 6],3,51,69,48,46
1,<environment.Job instance at 0x7fd62f1de4b0>,16,3,[4 8],17,69,72,52,48
1,<environment.Job instance at 0x7fd62f1de550>,17,13,[5 5],18,72,85,54,56
1,<environment.Job instance at 0x7fd62f1de5f0>,18,2,[1 6],19,85,87,66,58
1,<environment.Job instance at 0x7fd62f1dea00>,20,12,[5 1],21,63,75,42,63
1,<environment.Job instance at 0x7fd62f1deaf0>,22,3,[2 6],23,90,93,67,90
1,<environment.Job instance at 0x7fd62f1f2f00>,9,17,[1 8],10,93,110,83,90
1,<environment.Job instance at 0x7fd62f1de960>,23,19,[2 8],24,110,129,86,100
1,<environment.Job instance at 0x7fd62f1de370>,14,16,[ 3 10],15,129,145,114,116
1,<environment.Job instance at 0x7fd62f1deeb0>,31,15,[10  3],32,145,160,113,131
1,<environment.Job instance at 0x7fd62ecf6190>,35,17,[8 1],36,160,177,124,158
1,<environment.Job instance at 0x7fd62ecf6370>,38,12,[7 4],39,177,189,138,160
1,<environment.Job instance at 0x7fd62ecf65f0>,42,14,[4 7],43,189,203,146,184
1,<environment.Job instance at 0x7fd62f442be0>,8,14,[ 4 10],9,9,23,0,9
1,<environment.Job instance at 0x7fd62f46d5f0>,7,2,[5 7],8,23,25,15,11
1,<environment.Job instance at 0x7fd62f442780>,9,15,[4 8],10,25,40,15,22
1,<environment.Job instance at 0x7fd62f442dc0>,14,17,[ 1 10],15,53,70,38,53
1,<environment.Job instance at 0x7fd62f4427d0>,18,13,[8 2],19,74,87,55,74
1,<environment.Job instance at 0x7fd62f4426e0>,23,21,[8 3],24,87,108,63,87
1,<environment.Job instance at 0x7fd62f442910>,24,18,[1 6],25,87,105,62,87
1,<environment.Job instance at 0x7fd62f4425f0>,26,14,[5 5],27,108,122,81,100
1,<environment.Job instance at 0x7fd62f46d050>,6,18,[3 8],7,122,140,115,114
1,<environment.Job instance at 0x7fd672f8a0a0>,3,16,[7 3],4,4,20,0,4
1,<environment.Job instance at 0x7fd672e9e140>,4,12,[8 4],5,20,32,15,6
1,<environment.Job instance at 0x7fd672f8a6e0>,0,18,[2 9],1,32,50,31,25
1,<environment.Job instance at 0x7fd675643a00>,12,17,[2 5],13,71,88,58,71
1,<environment.Job instance at 0x7fd675643410>,18,13,[4 6],19,88,101,69,73
1,<environment.Job instance at 0x7fd675237780>,24,16,[9 3],25,101,117,76,89
1,<environment.Job instance at 0x7fd672ca30a0>,23,18,[1 7],24,101,119,77,90
1,<environment.Job instance at 0x7fd672a0d0a0>,4,13,[8 2],5,6,19,1,6
1,<environment.Job instance at 0x7fd672a0d910>,2,16,[5 6],3,19,35,16,7
1,<environment.Job instance at 0x7fd675237af0>,9,3,[2 7],10,10,13,0,10
1,<environment.Job instance at 0x7fd672a0d960>,3,18,[9 4],4,35,53,31,24
1,<environment.Job instance at 0x7fd62ed6a9b0>,14,16,[ 5 10],15,53,69,38,40
1,<environment.Job instance at 0x7fd62f2c9e10>,1,12,[2 5],2,4,16,2,4
1,<environment.Job instance at 0x7fd62ed6aaf0>,4,17,[8 5],5,5,22,0,5
1,<environment.Job instance at 0x7fd62f2d7be0>,9,1,[4 9],10,48,49,38,48
1,<environment.Job instance at 0x7fd62ed02f00>,12,13,[9 5],13,49,62,36,48
1,<environment.Job instance at 0x7fd62f2c93c0>,0,13,[4 8],1,62,75,61,48
1,<environment.Job instance at 0x7fd62ed02690>,16,18,[ 2 10],17,75,93,58,73
1,<environment.Job instance at 0x7fd62ecf7e10>,14,17,[4 9],15,103,120,88,103
1,<environment.Job instance at 0x7fd62f309960>,18,3,[6 5],19,120,123,101,112
1,<environment.Job instance at 0x7fd62ec4db40>,26,15,[ 5 10],27,145,160,118,145
1,<environment.Job instance at 0x7fd672abc820>,5,13,[5 4],6,6,19,0,6
1,<environment.Job instance at 0x7fd672af17d0>,7,14,[1 9],8,19,33,11,18
1,<environment.Job instance at 0x7fd672abc9b0>,8,12,[7 5],9,33,45,24,23
1,<environment.Job instance at 0x7fd672abcfa0>,9,1,[10  1],10,45,46,35,28
1,<environment.Job instance at 0x7fd67293da00>,16,14,[9 4],17,46,60,29,37
1,<environment.Job instance at 0x7fd67522adc0>,18,18,[ 1 10],19,63,81,44,63
1,<environment.Job instance at 0x7fd672ea50a0>,24,16,[9 5],25,84,100,59,84
1,<environment.Job instance at 0x7fd672a6d780>,9,3,[8 4],10,35,38,25,35
1,<environment.Job instance at 0x7fd672a6d8c0>,11,3,[7 1],12,38,41,26,36
1,<environment.Job instance at 0x7fd672a6d820>,10,16,[1 7],11,39,55,28,39
1,<environment.Job instance at 0x7fd672a6daa0>,14,20,[1 7],15,55,75,40,47
1,<environment.Job instance at 0x7fd672a6dbe0>,16,18,[8 4],17,114,132,97,114
1,<environment.Job instance at 0x7fd672a6d460>,21,14,[8 1],22,146,160,124,146
1,<environment.Job instance at 0x7fd672a6db40>,15,16,[10  3],16,160,176,144,153
1,<environment.Job instance at 0x7fd672a7a4b0>,28,14,[8 2],29,176,190,147,162
1,<environment.Job instance at 0x7fd672a7a550>,29,18,[4 9],30,190,208,160,188
1,<environment.Job instance at 0x7fd672c23f50>,9,15,[1 8],10,42,57,32,42
1,<environment.Job instance at 0x7fd62f19deb0>,4,15,[6 1],5,42,57,37,42
1,<environment.Job instance at 0x7fd672c236e0>,16,17,[8 4],17,61,78,44,61
1,<environment.Job instance at 0x7fd672c23460>,14,18,[5 6],15,82,100,67,82
1,<environment.Job instance at 0x7fd672c23c80>,19,20,[1 6],20,100,120,80,91
1,<environment.Job instance at 0x7fd675111410>,24,3,[6 4],25,143,146,118,143
1,<environment.Job instance at 0x7fd675111b40>,26,15,[9 4],27,146,161,119,144
1,<environment.Job instance at 0x7fd6728db640>,10,12,[7 4],11,27,39,16,27
1,<environment.Job instance at 0x7fd675131910>,12,22,[6 5],13,39,61,26,32
1,<environment.Job instance at 0x7fd675131460>,18,18,[1 9],19,67,85,48,67
1,<environment.Job instance at 0x7fd675131820>,1,12,[5 5],2,76,88,74,76
1,<environment.Job instance at 0x7fd62f10b3c0>,17,16,[6 3],18,105,121,87,105
1,<environment.Job instance at 0x7fd675477640>,18,16,[6 5],19,121,137,102,108
1,<environment.Job instance at 0x7fd62f349af0>,21,15,[4 5],22,112,127,90,112
1,<environment.Job instance at 0x7fd62f156b90>,23,16,[7 1],24,137,153,113,124
1,<environment.Job instance at 0x7fd62f34f6e0>,26,18,[5 9],27,153,171,126,143
1,<environment.Job instance at 0x7fd62f34f960>,29,18,[4 6],30,171,189,141,161
1,<environment.Job instance at 0x7fd62f34faf0>,33,12,[4 8],34,189,201,155,176
1,<environment.Job instance at 0x7fd672c7a2d0>,5,18,[5 4],6,10,28,4,10
1,<environment.Job instance at 0x7fd672c7ac80>,7,15,[6 1],8,28,43,20,14
1,<environment.Job instance at 0x7fd62eff16e0>,10,12,[10  3],11,43,55,32,28
1,<environment.Job instance at 0x7fd62efec960>,9,12,[8 4],10,55,67,45,40
1,<environment.Job instance at 0x7fd62eee9af0>,1,18,[2 6],2,7,25,5,7
1,<environment.Job instance at 0x7fd62eb63e60>,7,16,[2 8],8,47,63,39,47
1,<environment.Job instance at 0x7fd62eb630f0>,12,1,[8 3],13,63,64,50,47
1,<environment.Job instance at 0x7fd62eb63500>,13,2,[5 6],14,64,66,50,47
1,<environment.Job instance at 0x7fd62eb63910>,15,2,[8 4],16,66,68,50,47
1,<environment.Job instance at 0x7fd62eb63f50>,17,13,[6 4],18,68,81,50,52
1,<environment.Job instance at 0x7fd62eb63780>,19,14,[5 3],20,81,95,61,66
1,<environment.Job instance at 0x7fd62f2c48c0>,21,17,[2 8],22,95,112,73,84
1,<environment.Job instance at 0x7fd62f2c42d0>,24,17,[3 9],25,112,129,87,102
1,<environment.Job instance at 0x7fd62f473370>,9,17,[5 5],10,13,30,3,13
1,<environment.Job instance at 0x7fd62f472a00>,13,14,[5 8],14,30,44,16,30
1,<environment.Job instance at 0x7fd62f4738c0>,14,14,[1 5],15,44,58,29,34
1,<environment.Job instance at 0x7fd62f472960>,20,14,[ 4 10],21,83,97,62,83
1,<environment.Job instance at 0x7fd62f472d20>,19,14,[5 4],20,97,111,77,83
1,<environment.Job instance at 0x7fd62f472c30>,22,15,[4 6],23,97,112,74,83
1,<environment.Job instance at 0x7fd62f4463c0>,23,16,[10  4],24,112,128,88,104
1,<environment.Job instance at 0x7fd62f475a00>,1,1,[9 3],2,6,7,4,6
1,<environment.Job instance at 0x7fd67561b460>,7,17,[5 3],8,8,25,0,8
1,<environment.Job instance at 0x7fd62f0f9640>,5,15,[10  3],6,25,40,19,22
1,<environment.Job instance at 0x7fd62f0f9d20>,9,17,[2 6],10,45,62,35,45
1,<environment.Job instance at 0x7fd675614dc0>,4,13,[2 8],5,62,75,57,47
1,<environment.Job instance at 0x7fd6754dae60>,13,15,[5 5],14,75,90,61,73
1,<environment.Job instance at 0x7fd62eaf2af0>,16,13,[5 6],17,90,103,73,74
1,<environment.Job instance at 0x7fd675035af0>,19,1,[10  3],20,103,104,83,75
1,<environment.Job instance at 0x7fd679c5c190>,18,14,[ 1 10],19,104,118,85,101
1,<environment.Job instance at 0x7fd62f2b7a00>,25,12,[5 4],26,118,130,92,117
1,<environment.Job instance at 0x7fd62f2b7960>,26,13,[1 5],27,118,131,91,117
1,<environment.Job instance at 0x7fd62f2b7b40>,27,16,[3 8],28,131,147,103,122
1,<environment.Job instance at 0x7fd6751e0550>,0,3,[8 1],1,5,8,4,5
1,<environment.Job instance at 0x7fd675576050>,7,18,[7 4],8,12,30,4,12
1,<environment.Job instance at 0x7fd675576320>,6,12,[9 4],7,30,42,23,13
1,<environment.Job instance at 0x7fd62eb63e10>,12,14,[7 5],13,42,56,29,27
1,<environment.Job instance at 0x7fd62eb63af0>,10,17,[3 6],11,56,73,45,51
1,<environment.Job instance at 0x7fd62eb63d70>,18,15,[5 5],19,78,93,59,78
1,<environment.Job instance at 0x7fd62eb63320>,19,14,[ 1 10],20,93,107,73,78
1,<environment.Job instance at 0x7fd675032640>,20,15,[3 5],21,78,93,57,78
1,<environment.Job instance at 0x7fd675032dc0>,22,18,[3 5],23,107,125,84,100
1,<environment.Job instance at 0x7fd675032aa0>,25,15,[2 9],26,146,161,120,146
1,<environment.Job instance at 0x7fd675032a50>,27,1,[ 4 10],28,161,162,133,146
1,<environment.Job instance at 0x7fd675032b40>,26,17,[1 9],27,162,179,135,150
1,<environment.Job instance at 0x7fd6755769b0>,5,15,[3 9],6,179,194,173,168
1,<environment.Job instance at 0x7fd62f3d8460>,1,15,[4 5],2,5,20,3,5
1,<environment.Job instance at 0x7fd62f49df00>,5,14,[1 9],6,20,34,14,6
1,<environment.Job instance at 0x7fd62f49da50>,6,12,[ 3 10],7,34,46,27,23
1,<environment.Job instance at 0x7fd62f049460>,13,13,[3 7],14,46,59,32,32
1,<environment.Job instance at 0x7fd62f0495f0>,14,13,[8 1],15,59,72,44,43
1,<environment.Job instance at 0x7fd6729a21e0>,16,13,[7 2],17,46,59,29,43
1,<environment.Job instance at 0x7fd62f49d050>,4,18,[4 5],5,72,90,67,61
1,<environment.Job instance at 0x7fd6729a2820>,19,16,[5 3],20,72,88,52,61
1,<environment.Job instance at 0x7fd6729a24b0>,21,16,[7 3],22,90,106,68,77
1,<environment.Job instance at 0x7f8c09e2c4b0>,0,17,[6 1],1,6,23,5,6
1,<environment.Job instance at 0x7f8c09e2c2d0>,5,17,[1 6],6,7,24,1,7
1,<environment.Job instance at 0x7f8c09e2c3c0>,2,14,[ 2 10],3,28,42,25,28
1,<environment.Job instance at 0x7f8c06a23f50>,11,12,[8 4],12,42,54,30,28
1,<environment.Job instance at 0x7f8c06a23a00>,4,13,[3 6],5,54,67,49,49
1,<environment.Job instance at 0x7f8c09d78870>,6,2,[4 7],7,10,12,3,10
1,<environment.Job instance at 0x7f8c09d783c0>,5,15,[5 4],6,12,27,6,11
1,<environment.Job instance at 0x7f8bbedfcf00>,5,16,[7 5],6,6,22,0,6
1,<environment.Job instance at 0x7f8bbedfcdc0>,4,1,[ 1 10],5,22,23,17,22
1,<environment.Job instance at 0x7f8bbedfc410>,8,14,[5 5],9,23,37,14,23
1,<environment.Job instance at 0x7f8bbedfca50>,7,17,[5 5],8,26,43,18,26
1,<environment.Job instance at 0x7f8bbedfc690>,13,17,[5 1],14,37,54,23,35
1,<environment.Job instance at 0x7f8bbedfc4b0>,16,12,[8 4],17,54,66,37,49
1,<environment.Job instance at 0x7f8bbf34dc80>,2,16,[5 3],3,11,27,8,11
1,<environment.Job instance at 0x7f8c06994820>,3,13,[7 1],4,27,40,23,14
1,<environment.Job instance at 0x7f8c06831050>,9,17,[3 6],10,21,38,11,21
1,<environment.Job instance at 0x7f8bbf1f1550>,10,13,[2 5],11,38,51,27,23
1,<environment.Job instance at 0x7f8bbf34ddc0>,4,17,[ 5 10],5,51,68,46,40
1,<environment.Job instance at 0x7f8bbec8ddc0>,8,15,[8 1],9,28,43,19,28
1,<environment.Job instance at 0x7f8bbec8dd20>,6,1,[3 9],7,43,44,36,28
1,<environment.Job instance at 0x7f8c06a7b230>,4,3,[4 5],5,5,8,0,5
1,<environment.Job instance at 0x7f8c0944b550>,1,14,[3 8],2,8,22,6,6
1,<environment.Job instance at 0x7f8bbed17050>,7,12,[6 3],8,22,34,14,9
1,<environment.Job instance at 0x7f8bbf14ed70>,8,14,[5 2],9,34,48,25,19
1,<environment.Job instance at 0x7f8c092fde10>,10,14,[5 8],11,34,48,23,24
1,<environment.Job instance at 0x7f8c06dc5140>,13,16,[ 5 10],14,48,64,34,45
1,<environment.Job instance at 0x7f8bbee52b40>,0,14,[4 5],1,4,18,3,4
1,<environment.Job instance at 0x7f8c06bcf410>,4,13,[5 7],5,18,31,13,7
1,<environment.Job instance at 0x7f8c094effa0>,5,15,[2 9],6,7,22,1,7
1,<environment.Job instance at 0x7f8c094ef9b0>,4,2,[3 7],5,22,24,17,8
1,<environment.Job instance at 0x7f8bbf237fa0>,7,12,[4 5],8,24,36,16,9
1,<environment.Job instance at 0x7f8c094efa00>,8,2,[7 2],9,36,38,27,25
1,<environment.Job instance at 0x7f8c06eaa2d0>,11,3,[2 8],12,36,39,24,25
1,<environment.Job instance at 0x7f8c06eaa370>,12,13,[6 3],13,39,52,26,25
1,<environment.Job instance at 0x7f8bbf2afc30>,15,15,[ 4 10],16,52,67,36,38
1,<environment.Job instance at 0x7f8bbeb29dc0>,8,13,[4 5],9,45,58,36,45
1,<environment.Job instance at 0x7f8c094d9eb0>,6,14,[5 8],7,7,21,0,7
1,<environment.Job instance at 0x7f8c094d9640>,7,15,[ 4 10],8,21,36,13,8
1,<environment.Job instance at 0x7f8c094d9dc0>,9,17,[1 7],10,36,53,26,28
1,<environment.Job instance at 0x7f8bbeb1e0a0>,2,14,[8 4],3,53,67,50,47
1,<environment.Job instance at 0x7f8bbedc6410>,0,12,[7 2],1,3,15,2,3
1,<environment.Job instance at 0x7f8c094d9280>,4,14,[8 3],5,15,29,10,5
1,<environment.Job instance at 0x7f8bbedc6cd0>,6,13,[10  2],7,29,42,22,21
1,<environment.Job instance at 0x7f8c06a3d190>,10,3,[1 8],11,42,45,31,21
1,<environment.Job instance at 0x7f8bbedc6500>,7,12,[10  4],8,48,60,40,48
1,<environment.Job instance at 0x7f8c06d32780>,5,16,[9 4],6,10,26,4,10
1,<environment.Job instance at 0x7f8bbedee0a0>,0,16,[8 4],1,32,48,31,32
1,<environment.Job instance at 0x7f8c0683d8c0>,11,12,[10  1],12,48,60,36,32
1,<environment.Job instance at 0x7f8c097b8eb0>,8,14,[2 7],9,20,34,11,20
1,<environment.Job instance at 0x7f8c097b8500>,6,19,[6 2],7,20,39,13,20
1,<environment.Job instance at 0x7f8c097b83c0>,5,17,[ 1 10],6,44,61,38,44
1,<environment.Job instance at 0x7f8c097b8af0>,15,14,[2 9],16,61,75,45,46
1,<environment.Job instance at 0x7f8bbeed3410>,5,14,[2 8],6,30,44,24,30
1,<environment.Job instance at 0x7f8bbebd1870>,3,18,[9 1],4,44,62,40,33
1,<environment.Job instance at 0x7f8c09a38b90>,3,20,[5 3],4,4,24,0,4
1,<environment.Job instance at 0x7f8bbf266320>,7,3,[ 4 10],8,24,27,16,8
1,<environment.Job instance at 0x7f8bbef4c9b0>,10,14,[5 5],11,27,41,16,12
1,<environment.Job instance at 0x7f8c06e0cb90>,13,3,[10  2],14,41,44,27,20
1,<environment.Job instance at 0x7f8bbf2662d0>,6,14,[10  1],7,44,58,37,29
1,<environment.Job instance at 0x7f8c06b37140>,9,16,[6 3],10,58,74,48,45
1,<environment.Job instance at 0x7f8c09612b90>,7,13,[4 5],8,8,21,0,8
1,<environment.Job instance at 0x7f8c09612910>,9,2,[3 9],10,21,23,11,21
1,<environment.Job instance at 0x7f8c096120f0>,10,14,[10  4],11,26,40,15,26
1,<environment.Job instance at 0x7f8c06afa410>,2,19,[2 5],3,5,24,2,5
1,<environment.Job instance at 0x7f8c067dc410>,7,17,[6 2],8,9,26,1,9
1,<environment.Job instance at 0x7f8c096a4aa0>,8,16,[6 5],9,26,42,17,16
1,<environment.Job instance at 0x7f8c0689c640>,9,2,[6 4],10,42,44,32,17
1,<environment.Job instance at 0x7f8bbf1f0870>,13,17,[6 2],14,44,61,30,40
1,<environment.Job instance at 0x7f8bbed24aa0>,15,13,[4 7],16,44,57,28,40
1,<environment.Job instance at 0x7f7a5a2f2a00>,4,13,[3 6],5,7,20,2,7
1,<environment.Job instance at 0x7f7a5f7004b0>,0,17,[6 1],1,7,24,6,7
1,<environment.Job instance at 0x7f7a5f7005a0>,1,14,[ 2 10],2,24,38,22,11
1,<environment.Job instance at 0x7f7a5a2f2f50>,10,12,[2 8],11,38,50,27,28
1,<environment.Job instance at 0x7f7a5a2f2fa0>,12,12,[6 4],13,50,62,37,49
1,<environment.Job instance at 0x7f7a5a2f6410>,17,12,[6 4],18,62,74,44,56
1,<environment.Job instance at 0x7f7a5f87cf00>,2,2,[5 9],3,5,7,2,5
1,<environment.Job instance at 0x7f7a5a2f6050>,4,12,[5 6],5,8,20,3,8
1,<environment.Job instance at 0x7f7a5a2f60f0>,5,15,[5 5],6,20,35,14,9
1,<environment.Job instance at 0x7f7a5f874be0>,12,14,[2 6],13,35,49,22,28
1,<environment.Job instance at 0x7f7a5f8741e0>,13,16,[5 3],14,29,45,15,29
1,<environment.Job instance at 0x7f7a5f877190>,16,13,[10  1],17,58,71,41,58
1,<environment.Job instance at 0x7f7a5f8779b0>,18,14,[6 1],19,71,85,52,58
1,<environment.Job instance at 0x7f7a14722c80>,6,13,[2 6],7,11,24,4,11
1,<environment.Job instance at 0x7f7a14722780>,8,19,[1 7],9,24,43,15,14
1,<environment.Job instance at 0x7f7a146b06e0>,14,12,[5 4],15,43,55,28,26
1,<environment.Job instance at 0x7f7a146b01e0>,19,13,[1 8],20,55,68,35,52
1,<environment.Job instance at 0x7f7a146b0d20>,21,14,[ 3 10],22,68,82,46,54
1,<environment.Job instance at 0x7f7a145a00f0>,5,17,[9 1],6,23,40,17,23
1,<environment.Job instance at 0x7f7a146a45f0>,10,3,[9 5],11,40,43,29,23
1,<environment.Job instance at 0x7f7a146a4690>,12,12,[1 9],13,43,55,30,29
1,<environment.Job instance at 0x7f7a146a45a0>,15,13,[7 3],16,55,68,39,46
1,<environment.Job instance at 0x7f7a145e8fa0>,2,13,[4 5],3,3,16,0,3
1,<environment.Job instance at 0x7f7a145a0230>,5,14,[10  3],6,16,30,10,10
1,<environment.Job instance at 0x7f7a149f0c30>,4,3,[4 5],5,5,8,0,5
1,<environment.Job instance at 0x7f7a149f8280>,5,16,[5 3],6,6,22,0,6
1,<environment.Job instance at 0x7f7a5f874a50>,1,14,[3 8],2,22,36,20,7
1,<environment.Job instance at 0x7f7a5af79c80>,8,14,[5 2],9,12,26,3,12
1,<environment.Job instance at 0x7f7a5a7cbbe0>,12,13,[6 5],13,36,49,23,21
1,<environment.Job instance at 0x7f7a5f876190>,13,16,[ 5 10],14,49,65,35,44
1,<environment.Job instance at 0x7f7a5f8761e0>,20,17,[7 5],21,65,82,44,53
1,<environment.Job instance at 0x7f7a14b42370>,3,3,[ 5 10],4,4,7,0,4
1,<environment.Job instance at 0x7f7a147b4910>,5,16,[5 2],6,7,23,1,6
1,<environment.Job instance at 0x7f7a147b4e60>,6,2,[5 3],7,7,9,0,7
1,<environment.Job instance at 0x7f7a147b4780>,4,16,[9 5],5,23,39,18,10
1,<environment.Job instance at 0x7f7a5a9e25a0>,6,21,[6 5],7,34,55,27,34
1,<environment.Job instance at 0x7f7a5a1e9820>,9,14,[6 4],10,55,69,45,42
1,<environment.Job instance at 0x7f7a14620870>,12,15,[2 6],13,55,70,42,48
1,<environment.Job instance at 0x7f7a5a9e2410>,13,17,[10  4],14,70,87,56,58
1,<environment.Job instance at 0x7f7a149b7f00>,5,16,[7 5],6,22,38,16,22
1,<environment.Job instance at 0x7f7a149b75a0>,8,15,[3 8],9,38,53,29,27
1,<environment.Job instance at 0x7f7a149b70a0>,12,16,[4 6],13,53,69,40,49
1,<environment.Job instance at 0x7f7a5a3f1730>,5,16,[1 7],6,7,23,1,7
1,<environment.Job instance at 0x7f7a5a3f1fa0>,4,12,[ 4 10],5,23,35,18,14
1,<environment.Job instance at 0x7f7a5ad262d0>,8,15,[2 7],9,35,50,26,21
1,<environment.Job instance at 0x7f7a14a38cd0>,14,12,[3 9],15,50,62,35,36
1,<environment.Job instance at 0x7f7a5a8185a0>,6,14,[5 8],7,18,32,11,18
1,<environment.Job instance at 0x7f7a149a66e0>,0,3,[1 8],1,2,5,1,2
1,<environment.Job instance at 0x7f7a149a6cd0>,2,2,[10  5],3,5,7,2,3
1,<environment.Job instance at 0x7f7a1447a5f0>,8,1,[5 5],9,27,28,18,27
1,<environment.Job instance at 0x7f7a1447a910>,13,17,[3 5],14,27,44,13,27
1,<environment.Job instance at 0x7f7a1447aa50>,15,14,[6 5],16,48,62,32,48
1,<environment.Job instance at 0x7f7a5a2941e0>,6,18,[1 6],7,18,36,11,18
1,<environment.Job instance at 0x7f7a1447aa50>,3,17,[6 3],4,19,36,15,19
1,<environment.Job instance at 0x7f7a5a294320>,10,16,[9 1],11,42,58,31,42
1,<environment.Job instance at 0x7f7a143d7cd0>,2,13,[3 6],3,5,18,2,5
1,<environment.Job instance at 0x7f7a5aca30a0>,9,20,[6 3],10,10,30,0,10
1,<environment.Job instance at 0x7f7a5aca3230>,7,17,[4 6],8,18,35,10,11
1,<environment.Job instance at 0x7f7a5aca3690>,12,17,[5 1],13,30,47,17,28
1,<environment.Job instance at 0x7f7a5aca35a0>,10,17,[5 8],11,35,52,24,33
1,<environment.Job instance at 0x7f7a5aca35f0>,15,17,[6 3],16,52,69,36,40
1,<environment.Job instance at 0x7f7a5aca3910>,17,3,[ 4 10],18,69,72,51,45
1,<environment.Job instance at 0x7f7a5aca3af0>,20,14,[5 5],21,72,86,51,59
1,<environment.Job instance at 0x7f7a144ea5f0>,12,20,[8 4],13,58,78,45,58
1,<environment.Job instance at 0x7f7a144ea960>,13,2,[7 1],14,78,80,64,58
1,<environment.Job instance at 0x7f7a144ea280>,14,3,[2 6],15,58,61,43,58
1,<environment.Job instance at 0x7f7a14672500>,3,17,[6 2],4,24,41,20,24
1,<environment.Job instance at 0x7f7a5a55fbe0>,7,12,[7 5],8,41,53,33,24
1,<environment.Job instance at 0x7f7a5a55f410>,8,18,[3 5],9,27,45,18,27
1,<environment.Job instance at 0x7f7a5a5100f0>,11,19,[9 2],12,53,72,41,51
1,<environment.Job instance at 0x7f7a5a470cd0>,18,12,[2 7],19,72,84,53,55
1,<environment.Job instance at 0x7f7a5a4708c0>,19,12,[8 1],20,72,84,52,55
1,<environment.Job instance at 0x7f7a14a74280>,1,15,[ 3 10],2,3,18,1,3
1,<environment.Job instance at 0x7f7a5a481f50>,9,19,[3 6],10,34,53,24,34
1,<environment.Job instance at 0x7f7a5a481370>,5,18,[10  4],6,53,71,47,49
1,<environment.Job instance at 0x7f7a5a481d20>,11,13,[9 3],12,71,84,59,57
1,<environment.Job instance at 0x7f7a14665780>,0,3,[9 5],1,1,4,0,1
1,<environment.Job instance at 0x7f7a14665140>,1,3,[8 1],2,4,7,2,2
1,<environment.Job instance at 0x7f7a14665a00>,8,27,[7 4],9,12,39,3,12
1,<environment.Job instance at 0x7f7a148e1230>,6,15,[8 2],7,39,54,32,27
1,<environment.Job instance at 0x7f7a5a0bdc80>,11,16,[4 6],12,54,70,42,53
1,<environment.Job instance at 0x7f7a149b95a0>,16,2,[6 1],17,54,56,37,53
1,<environment.Job instance at 0x7f7a149b9b40>,15,17,[5 5],16,70,87,54,58
1,<environment.Job instance at 0x7fa762ad52d0>,1,14,[ 2 10],2,3,17,1,3
1,<environment.Job instance at 0x7fa75b6c57d0>,10,12,[2 8],11,17,29,6,13
1,<environment.Job instance at 0x7fa75b6c5820>,11,12,[8 4],12,29,41,17,13
1,<environment.Job instance at 0x7fa75b6c5730>,12,12,[6 4],13,49,61,36,49
1,<environment.Job instance at 0x7fa75b6c5cd0>,17,12,[6 4],18,61,73,43,56
1,<environment.Job instance at 0x7fa762c3c780>,3,16,[5 3],4,4,20,0,4
1,<environment.Job instance at 0x7fa762c3c6e0>,8,14,[6 1],9,22,36,13,22
1,<environment.Job instance at 0x7fa762c4ff00>,11,14,[8 5],12,36,50,24,24
1,<environment.Job instance at 0x7fa762c4f0a0>,14,1,[5 5],15,50,51,35,43
1,<environment.Job instance at 0x7fa762c4f5a0>,15,15,[1 7],16,51,66,35,43
1,<environment.Job instance at 0x7fa762c4f5f0>,16,3,[6 3],17,51,54,34,43
1,<environment.Job instance at 0x7fa762c4fd70>,17,18,[7 1],18,54,72,36,44
1,<environment.Job instance at 0x7fa762c3cf50>,5,3,[9 2],6,13,16,7,13
1,<environment.Job instance at 0x7fa717a72960>,7,2,[3 8],8,32,34,24,32
1,<environment.Job instance at 0x7fa717a72aa0>,8,3,[4 8],9,34,37,25,33
1,<environment.Job instance at 0x7fa717a727d0>,9,17,[5 7],10,37,54,27,35
1,<environment.Job instance at 0x7fa717a72550>,6,13,[10  5],7,65,78,58,65
1,<environment.Job instance at 0x7fa717acad70>,16,17,[6 5],17,78,95,61,66
1,<environment.Job instance at 0x7fa717973c30>,0,13,[2 5],1,5,18,4,5
1,<environment.Job instance at 0x7fa7179730a0>,7,17,[8 5],8,8,25,0,8
1,<environment.Job instance at 0x7fa7179732d0>,3,2,[5 7],4,4,6,0,4
1,<environment.Job instance at 0x7fa717a9a730>,4,2,[8 1],5,6,8,1,5
1,<environment.Job instance at 0x7fa717dbb6e0>,10,2,[2 9],11,14,16,3,14
1,<environment.Job instance at 0x7fa717dbb640>,9,3,[9 4],10,16,19,6,14
1,<environment.Job instance at 0x7fa717dbb820>,12,12,[8 3],13,19,31,6,14
1,<environment.Job instance at 0x7fa717dbba50>,14,13,[8 2],15,31,44,16,17
1,<environment.Job instance at 0x7fa717dbbb90>,18,2,[8 3],19,44,46,25,31
1,<environment.Job instance at 0x7fa717dbb780>,11,15,[7 2],12,46,61,34,38
1,<environment.Job instance at 0x7fa717dbbf00>,21,14,[3 8],22,46,60,24,38
1,<environment.Job instance at 0x7fa717dbbd70>,20,18,[1 7],21,60,78,39,49
1,<environment.Job instance at 0x7fa717db9280>,25,16,[5 3],26,61,77,35,53
1,<environment.Job instance at 0x7fa717db9320>,26,14,[7 1],27,77,91,50,62
1,<environment.Job instance at 0x7fa75b43fc30>,14,16,[9 5],15,52,68,37,52
1,<environment.Job instance at 0x7fa75b43f8c0>,16,2,[5 3],17,68,70,51,52
1,<environment.Job instance at 0x7fa75c16f0f0>,8,17,[9 4],9,43,60,34,43
1,<environment.Job instance at 0x7fa75c16faa0>,2,16,[ 4 10],3,63,79,60,63
1,<environment.Job instance at 0x7fa717b20230>,12,15,[2 6],13,79,94,66,65
1,<environment.Job instance at 0x7fa717ab7050>,4,16,[7 2],5,51,67,46,51
1,<environment.Job instance at 0x7fa75b7aa870>,0,16,[1 5],1,28,44,27,28
1,<environment.Job instance at 0x7fa75be2c550>,7,18,[5 1],8,28,46,20,28
1,<environment.Job instance at 0x7fa75be2caf0>,6,13,[10  1],7,46,59,39,30
1,<environment.Job instance at 0x7fa75bc4b550>,13,2,[3 7],14,44,46,30,31
1,<environment.Job instance at 0x7fa75bc4b3c0>,16,17,[5 6],17,59,76,42,47
1,<environment.Job instance at 0x7fa75bcd8690>,0,3,[1 8],1,3,6,2,3
1,<environment.Job instance at 0x7fa75c11bdc0>,3,2,[10  2],4,6,8,2,5
1,<environment.Job instance at 0x7fa75c11ba50>,7,12,[3 6],8,9,21,1,9
1,<environment.Job instance at 0x7fa7177b8eb0>,10,12,[6 2],11,27,39,16,27
1,<environment.Job instance at 0x7fa75c11bd70>,11,1,[1 5],12,27,28,15,27
1,<environment.Job instance at 0x7fa75c11baf0>,12,12,[2 8],13,30,42,17,30
1,<environment.Job instance at 0x7fa75bca6dc0>,14,16,[8 2],15,39,55,24,33
1,<environment.Job instance at 0x7fa717b6d550>,17,16,[7 4],18,55,71,37,52
1,<environment.Job instance at 0x7fa75bb2d4b0>,5,16,[9 4],6,10,26,4,10
1,<environment.Job instance at 0x7fa75bdb0190>,8,15,[10  2],9,26,41,17,12
1,<environment.Job instance at 0x7fa75bc02e60>,13,13,[5 9],14,41,54,27,25
1,<environment.Job instance at 0x7fa75ba31c80>,1,3,[5 7],2,2,5,0,2
1,<environment.Job instance at 0x7fa75c0bdb40>,8,14,[7 2],9,18,32,9,18
1,<environment.Job instance at 0x7fa75c0bdc80>,10,14,[1 7],11,18,32,7,18
1,<environment.Job instance at 0x7fa75c0bddc0>,12,12,[6 2],13,32,44,19,18
1,<environment.Job instance at 0x7fa75c0ca500>,18,1,[5 6],19,69,70,50,69
1,<environment.Job instance at 0x7fa717a05820>,10,17,[5 8],11,11,28,0,11
1,<environment.Job instance at 0x7fa717a05af0>,12,17,[5 1],13,28,45,15,28
1,<environment.Job instance at 0x7fa717a05f00>,13,20,[5 3],14,29,49,15,29
1,<environment.Job instance at 0x7fa717a050f0>,16,14,[10  1],17,49,63,32,34
1,<environment.Job instance at 0x7fa717a058c0>,20,14,[5 5],21,63,77,42,48
1,<environment.Job instance at 0x7fa75b552460>,3,2,[7 1],4,4,6,0,4
1,<environment.Job instance at 0x7fa75b552780>,4,3,[2 6],5,5,8,0,5
1,<environment.Job instance at 0x7fa75b552960>,9,14,[2 6],10,47,61,37,47
1,<environment.Job instance at 0x7fa7178324b0>,7,15,[ 2 10],8,61,76,53,47
1,<environment.Job instance at 0x7fa75b552500>,13,13,[5 5],14,76,89,62,60
1,<environment.Job instance at 0x7fa75b5eb730>,7,17,[6 1],8,18,35,10,18
1,<environment.Job instance at 0x7fa75b5eb640>,5,14,[1 6],6,18,32,12,18
1,<environment.Job instance at 0x7fa75b5eb960>,10,19,[2 9],11,32,51,21,22
1,<environment.Job instance at 0x7fa75b5ebd20>,16,1,[ 4 10],17,51,52,34,51
1,<environment.Job instance at 0x7fa75b5ebdc0>,17,13,[2 7],18,52,65,34,51
1,<environment.Job instance at 0x7fa75b5ebe60>,18,15,[4 7],19,65,80,46,53
1,<environment.Job instance at 0x7fa75b570c80>,5,14,[5 7],6,6,20,0,6
1,<environment.Job instance at 0x7fa75b60cd20>,3,18,[9 1],4,20,38,16,14
1,<environment.Job instance at 0x7fa717ef50f0>,9,18,[2 9],10,38,56,28,27
1,<environment.Job instance at 0x7fa75b9ea5f0>,13,18,[3 5],14,56,74,42,54
1,<environment.Job instance at 0x7fa75b9ea690>,15,13,[7 1],16,58,71,42,58
1,<environment.Job instance at 0x7fa75b9ead20>,17,13,[2 9],18,74,87,56,58
1,<environment.Job instance at 0x7fa75bd6f320>,6,19,[1 7],7,50,69,43,50
1,<environment.Job instance at 0x7fa75beb68c0>,14,15,[9 4],15,69,84,54,69
1,<environment.Job instance at 0x7fa75c16c460>,2,15,[2 7],3,6,21,3,6
1,<environment.Job instance at 0x7fa75be0ecd0>,9,13,[5 5],10,23,36,13,23
1,<environment.Job instance at 0x7fa75bbfb4b0>,10,14,[4 7],11,36,50,25,23
1,<environment.Job instance at 0x7fa75c0fbb90>,2,16,[7 4],3,19,35,16,19
1,<environment.Job instance at 0x7fa717c70190>,8,26,[2 7],9,21,47,12,21
1,<environment.Job instance at 0x7fa04fc2c4b0>,4,13,[3 6],5,6,19,1,6
1,<environment.Job instance at 0x7fa04fbe80a0>,2,14,[ 2 10],3,19,33,16,7
1,<environment.Job instance at 0x7fa04ca89910>,12,12,[6 4],13,33,45,20,28
1,<environment.Job instance at 0x7fa04ca89280>,5,17,[1 6],6,33,50,27,29
1,<environment.Job instance at 0x7fa04ca896e0>,10,12,[2 8],11,50,62,39,33
1,<environment.Job instance at 0x7fa04ca899b0>,13,18,[5 9],14,62,80,48,56
1,<environment.Job instance at 0x7fa04fc0f320>,6,3,[6 3],7,7,10,0,7
1,<environment.Job instance at 0x7fa04fc0f690>,4,1,[5 5],5,10,11,5,8
1,<environment.Job instance at 0x7fa04fd4fcd0>,7,18,[7 1],8,11,29,3,8
1,<environment.Job instance at 0x7fa04fd4f640>,11,15,[9 1],12,29,44,17,17
1,<environment.Job instance at 0x7fa01074e230>,5,15,[1 7],6,40,55,34,40
1,<environment.Job instance at 0x7fa04fd62910>,15,16,[8 4],16,61,77,45,61
1,<environment.Job instance at 0x7fa04fd62320>,17,17,[6 2],18,77,94,59,65
1,<environment.Job instance at 0x7fa006ce0410>,6,3,[5 6],7,8,11,1,8
1,<environment.Job instance at 0x7fa006ce03c0>,7,20,[8 1],8,11,31,3,10
1,<environment.Job instance at 0x7fa006ce0320>,9,17,[4 7],10,31,48,21,29
1,<environment.Job instance at 0x7fa006ce0190>,13,19,[3 8],14,76,95,62,76
1,<environment.Job instance at 0x7fa006d94b40>,0,12,[ 5 10],1,9,21,8,9
1,<environment.Job instance at 0x7fa007241640>,9,16,[5 8],10,21,37,11,10
1,<environment.Job instance at 0x7fa006d72410>,12,20,[5 1],13,30,50,17,30
1,<environment.Job instance at 0x7fa00738eaa0>,18,15,[8 1],19,60,75,41,60
1,<environment.Job instance at 0x7fa04cb7fdc0>,4,13,[5 7],5,5,18,0,5
1,<environment.Job instance at 0x7fa04cb7f460>,3,13,[5 6],4,18,31,14,6
1,<environment.Job instance at 0x7fa006d74fa0>,7,12,[5 5],8,22,34,14,22
1,<environment.Job instance at 0x7fa006d748c0>,5,16,[7 5],6,34,50,28,22
1,<environment.Job instance at 0x7fa04c894a50>,12,16,[4 6],13,72,88,59,72
1,<environment.Job instance at 0x7fa0070b6050>,14,16,[7 2],15,88,104,73,76
1,<environment.Job instance at 0x7fa04f10d5f0>,7,18,[5 1],8,28,46,20,28
1,<environment.Job instance at 0x7fa04f32ed70>,0,16,[1 5],1,29,45,28,29
1,<environment.Job instance at 0x7fa04f10d0f0>,10,12,[9 3],11,46,58,35,31
1,<environment.Job instance at 0x7fa04c9863c0>,13,2,[3 7],14,58,60,44,55
1,<environment.Job instance at 0x7fa00734b2d0>,3,16,[6 2],4,4,20,0,4
1,<environment.Job instance at 0x7fa00734b5f0>,0,12,[6 2],1,20,32,19,8
1,<environment.Job instance at 0x7fa00734beb0>,10,12,[7 2],11,32,44,21,15
1,<environment.Job instance at 0x7fa007269820>,13,18,[ 2 10],14,77,95,63,77
1,<environment.Job instance at 0x7fa00731b1e0>,3,17,[6 3],4,5,22,1,5
1,<environment.Job instance at 0x7fa04cc86230>,8,14,[9 2],9,22,36,13,10
1,<environment.Job instance at 0x7fa04f16a9b0>,10,16,[9 1],11,41,57,30,41
1,<environment.Job instance at 0x7fa04f16a4b0>,16,12,[6 4],17,69,81,52,69
1,<environment.Job instance at 0x7fa04f16a230>,18,17,[5 4],19,81,98,62,69
1,<environment.Job instance at 0x7fa04f223820>,3,18,[9 1],4,22,40,18,22
1,<environment.Job instance at 0x7fa04cd0eaf0>,5,14,[2 8],6,40,54,34,25
1,<environment.Job instance at 0x7fa006ba2b40>,11,19,[6 5],12,77,96,65,77
1,<environment.Job instance at 0x7fa04ca190f0>,7,12,[6 2],8,8,20,0,8
1,<environment.Job instance at 0x7fa04ca19140>,8,13,[8 2],9,20,33,11,9
1,<environment.Job instance at 0x7fa04ca19320>,11,21,[1 5],12,28,49,16,28
1,<environment.Job instance at 0x7fa006fe60a0>,3,16,[6 3],4,33,49,29,30
1,<environment.Job instance at 0x7fa006ba2b40>,2,13,[ 3 10],3,49,62,46,33
1,<environment.Job instance at 0x7fa04ca198c0>,18,2,[6 2],19,65,67,46,65
1,<environment.Job instance at 0x7fa006fe6730>,5,13,[4 7],6,65,78,59,65
1,<environment.Job instance at 0x7fa04ca197d0>,17,12,[9 1],18,78,90,60,66
1,<environment.Job instance at 0x7fa04cf10f00>,8,18,[3 5],9,24,42,15,24
1,<environment.Job instance at 0x7fa04cf10320>,7,12,[7 5],8,27,39,19,27
1,<environment.Job instance at 0x7fa04cf10500>,5,13,[4 7],6,42,55,36,33
1,<environment.Job instance at 0x7fa04cf18500>,16,18,[5 6],17,55,73,38,50
1,<environment.Job instance at 0x7fa04cf18c80>,18,12,[2 7],19,73,85,54,56
1,<environment.Job instance at 0x7fa04cf18e60>,19,12,[8 1],20,73,85,53,56
1,<environment.Job instance at 0x7fa04ccfd640>,4,14,[5 9],5,9,23,4,9
1,<environment.Job instance at 0x7fa04ccfd2d0>,13,18,[9 1],14,29,47,15,29
1,<environment.Job instance at 0x7fa04f4a7280>,15,14,[5 7],16,47,61,31,32
1,<environment.Job instance at 0x7fa04f29beb0>,0,2,[4 7],1,1,3,0,1
1,<environment.Job instance at 0x7fa04ca590a0>,11,13,[6 5],12,68,81,56,68
1,<environment.Job instance at 0x7fa04ca58cd0>,0,14,[4 7],1,5,19,4,5
1,<environment.Job instance at 0x7fa04f22b050>,2,13,[7 3],3,49,62,46,49
1,<environment.Job instance at 0x7fa006f2c2d0>,13,18,[7 4],14,70,88,56,70
1,<environment.Job instance at 0x7fa04ce92690>,5,12,[1 9],6,19,31,13,19
1,<environment.Job instance at 0x7fa04ce92a00>,8,15,[8 2],9,31,46,22,19
1,<environment.Job instance at 0x7fa006f2c2d0>,2,15,[1 7],3,31,46,28,19
1,<environment.Job instance at 0x7fa04ce92cd0>,14,16,[1 8],15,46,62,31,44
1,<environment.Job instance at 0x7fa006e89460>,7,2,[3 9],8,12,14,4,12
1,<environment.Job instance at 0x7fa006e893c0>,6,15,[4 9],7,14,29,7,13
1,<environment.Job instance at 0x7fa006e89280>,10,16,[5 1],11,24,40,13,24
1,<environment.Job instance at 0x7fa006e89be0>,11,3,[6 3],12,40,43,28,24
1,<environment.Job instance at 0x7fa006e89690>,13,2,[5 7],14,29,31,15,25
1,<environment.Job instance at 0x7fa04cbaecd0>,5,16,[8 1],6,6,22,0,6
1,<environment.Job instance at 0x7fa04cbaebe0>,7,17,[4 8],8,22,39,14,18
1,<environment.Job instance at 0x7fa04cbae050>,8,18,[5 5],9,39,57,30,28
1,<environment.Job instance at 0x7f14977eed70>,5,17,[1 6],6,6,23,0,6
1,<environment.Job instance at 0x7f14977aa140>,0,17,[6 1],1,7,24,6,7
1,<environment.Job instance at 0x7f149039b730>,10,12,[2 8],11,23,35,12,12
1,<environment.Job instance at 0x7f149039b960>,12,12,[6 4],13,35,47,22,28
1,<environment.Job instance at 0x7f149039b640>,11,12,[8 4],12,49,61,37,49
1,<environment.Job instance at 0x7f14977aa190>,2,14,[ 2 10],3,61,75,58,61
1,<environment.Job instance at 0x7f1497916640>,1,15,[9 1],2,40,55,38,40
1,<environment.Job instance at 0x7f14977d1e10>,6,18,[2 6],7,69,87,62,69
1,<environment.Job instance at 0x7f14977d1370>,5,16,[8 4],6,70,86,64,70
1,<environment.Job instance at 0x7f1497911fa0>,13,16,[1 9],14,87,103,73,74
1,<environment.Job instance at 0x7f1497911be0>,14,1,[ 1 10],15,103,104,88,75
1,<environment.Job instance at 0x7f144c739640>,5,17,[9 1],6,35,52,29,35
1,<environment.Job instance at 0x7f144c739b90>,12,12,[1 9],13,39,51,26,39
1,<environment.Job instance at 0x7f144c739140>,8,19,[5 3],9,52,71,43,50
1,<environment.Job instance at 0x7f144c7395a0>,17,21,[2 7],18,52,73,34,52
1,<environment.Job instance at 0x7f144c739d70>,16,18,[1 7],17,73,91,56,68
1,<environment.Job instance at 0x7f144c76d640>,22,16,[5 3],23,71,87,48,68
1,<environment.Job instance at 0x7f144c76d9b0>,23,13,[7 1],24,87,100,63,71
1,<environment.Job instance at 0x7f144c76d5a0>,26,15,[ 2 10],27,100,115,73,86
1,<environment.Job instance at 0x7f144c84f460>,1,12,[7 4],2,7,19,5,7
1,<environment.Job instance at 0x7f144c76d5a0>,5,15,[3 6],6,25,40,19,25
1,<environment.Job instance at 0x7f144c76d0a0>,4,17,[8 4],5,42,59,37,42
1,<environment.Job instance at 0x7f144cc61640>,11,2,[7 3],12,59,61,47,42
1,<environment.Job instance at 0x7f144cc61730>,13,2,[5 7],14,61,63,47,43
1,<environment.Job instance at 0x7f144cc61b90>,14,2,[8 1],15,63,65,48,44
1,<environment.Job instance at 0x7f144cc61d20>,16,13,[8 4],17,65,78,48,57
1,<environment.Job instance at 0x7f144cc616e0>,10,15,[9 2],11,78,93,67,65
1,<environment.Job instance at 0x7f144cc69eb0>,24,13,[8 2],25,93,106,68,79
1,<environment.Job instance at 0x7f144ca8b960>,7,12,[3 8],8,8,20,0,8
1,<environment.Job instance at 0x7f144c7722d0>,5,16,[5 2],6,9,25,3,9
1,<environment.Job instance at 0x7f144ca8b460>,6,2,[5 3],7,20,22,13,10
1,<environment.Job instance at 0x7f144ca910f0>,9,14,[2 8],10,22,36,12,10
1,<environment.Job instance at 0x7f144ca913c0>,12,13,[5 5],13,36,49,23,20
1,<environment.Job instance at 0x7f14970b7870>,4,2,[3 7],5,6,8,1,6
1,<environment.Job instance at 0x7f14970b7460>,5,15,[2 9],6,8,23,2,7
1,<environment.Job instance at 0x7f14970b71e0>,7,12,[4 5],8,23,35,15,9
1,<environment.Job instance at 0x7f14970b79b0>,8,2,[7 2],9,35,37,26,9
1,<environment.Job instance at 0x7f144c5a15f0>,0,14,[10  3],1,37,51,36,28
1,<environment.Job instance at 0x7f14970b70f0>,15,15,[ 4 10],16,51,66,35,38
1,<environment.Job instance at 0x7f14905d3eb0>,8,15,[2 7],9,14,29,5,14
1,<environment.Job instance at 0x7f14976d5960>,10,17,[2 6],11,29,46,18,17
1,<environment.Job instance at 0x7f144c9cc690>,6,18,[8 2],7,18,36,11,18
1,<environment.Job instance at 0x7f1496d01c80>,11,14,[10  3],12,46,60,34,36
1,<environment.Job instance at 0x7f1496d01f00>,3,2,[10  2],4,5,7,1,5
1,<environment.Job instance at 0x7f14901c3460>,6,13,[5 4],7,7,20,0,7
1,<environment.Job instance at 0x7f1497304a50>,0,3,[1 8],1,20,23,19,7
1,<environment.Job instance at 0x7f14901c3a00>,11,1,[1 5],12,27,28,15,27
1,<environment.Job instance at 0x7f14901c3aa0>,12,12,[2 8],13,28,40,15,27
1,<environment.Job instance at 0x7f14901c3b40>,13,16,[6 2],14,27,43,13,27
1,<environment.Job instance at 0x7f14901c3be0>,14,16,[8 2],15,43,59,28,30
1,<environment.Job instance at 0x7f144cb94c30>,3,17,[6 3],4,9,26,5,9
1,<environment.Job instance at 0x7f1496c290f0>,16,12,[6 4],17,57,69,40,57
1,<environment.Job instance at 0x7f1496c29190>,18,17,[5 4],19,69,86,50,57
1,<environment.Job instance at 0x7f1496d8e7d0>,21,15,[5 5],22,82,97,60,82
1,<environment.Job instance at 0x7f144cab30f0>,6,14,[7 1],7,7,21,0,7
1,<environment.Job instance at 0x7f144cc821e0>,11,18,[5 9],12,21,39,9,20
1,<environment.Job instance at 0x7f144c8ff640>,3,16,[5 4],4,42,58,38,42
1,<environment.Job instance at 0x7f149711ac80>,15,14,[6 4],16,58,72,42,43
1,<environment.Job instance at 0x7f1496d40fa0>,20,17,[5 3],21,72,89,51,72
1,<environment.Job instance at 0x7f144cc76f50>,21,19,[3 6],22,73,92,51,73
1,<environment.Job instance at 0x7f149717bd70>,0,16,[ 2 10],1,42,58,41,42
1,<environment.Job instance at 0x7f1490200f00>,6,1,[ 4 10],7,18,19,11,18
1,<environment.Job instance at 0x7f144cc62230>,0,19,[2 9],1,22,41,21,22
1,<environment.Job instance at 0x7f14902004b0>,7,13,[2 7],8,43,56,35,43
1,<environment.Job instance at 0x7f1496cfac80>,15,17,[1 6],16,64,81,48,64
1,<environment.Job instance at 0x7f1496cfa0f0>,11,17,[5 9],12,81,98,69,70
1,<environment.Job instance at 0x7f149019f230>,0,17,[7 4],1,7,24,6,7
1,<environment.Job instance at 0x7f14903733c0>,12,2,[5 9],13,56,58,43,56
1,<environment.Job instance at 0x7f1490373690>,13,13,[5 5],14,58,71,44,56
1,<environment.Job instance at 0x7f149019f910>,5,18,[10  4],6,71,89,65,64
1,<environment.Job instance at 0x7f1490373960>,16,2,[4 9],17,89,91,72,64
1,<environment.Job instance at 0x7f14904d7f50>,6,15,[10  5],7,25,40,18,25
1,<environment.Job instance at 0x7f14904d7910>,12,12,[3 7],13,75,87,62,75
1,<environment.Job instance at 0x7f144c92c460>,5,17,[5 9],6,11,28,5,11
1,<environment.Job instance at 0x7f14901c3c80>,12,12,[5 5],13,84,96,71,84
1,<environment.Job instance at 0x7f14901c3c80>,2,16,[10  1],3,7,23,4,7
1,<environment.Job instance at 0x7f14901c35f0>,1,17,[5 6],2,27,44,25,27
1,<environment.Job instance at 0x7f14970f4c30>,4,12,[4 9],5,44,56,39,28
1,<environment.Job instance at 0x7f149710eaf0>,16,13,[8 3],17,56,69,39,50
1,<environment.Job instance at 0x7f149710ec30>,18,15,[8 2],19,69,84,50,55
1,<environment.Job instance at 0x7f14901b05f0>,21,18,[1 6],22,64,82,42,64
1,<environment.Job instance at 0x7f14901b0320>,23,12,[5 9],24,84,96,60,76
1,<environment.Job instance at 0x7f14901b0b40>,25,19,[9 3],26,96,115,70,87
1,<environment.Job instance at 0x7f149015ad20>,6,15,[4 9],7,13,28,6,13
1,<environment.Job instance at 0x7f149015a190>,7,2,[3 9],8,28,30,20,14
1,<environment.Job instance at 0x7f14901b0b40>,4,18,[6 1],5,18,36,13,18
1,<environment.Job instance at 0x7f149015a500>,10,16,[5 1],11,36,52,25,24
1,<environment.Job instance at 0x7f149016d960>,13,2,[5 7],14,36,38,22,26
1,<environment.Job instance at 0x7f149015adc0>,11,3,[6 3],12,52,55,40,29
1,<environment.Job instance at 0x7f149016daf0>,17,16,[1 5],18,46,62,28,46
1,<environment.Job instance at 0x7f149016db40>,19,14,[3 7],20,72,86,52,72
1,<environment.Job instance at 0x7f149016d460>,21,13,[5 8],22,86,99,64,72
1,<environment.Job instance at 0x7f144c858870>,4,1,[5 4],5,5,6,0,5
1,<environment.Job instance at 0x7f1490187190>,10,16,[3 8],11,12,28,1,12
1,<environment.Job instance at 0x7f1496c29320>,13,12,[ 3 10],14,28,40,14,19
1,<environment.Job instance at 0x7f1496c29320>,4,18,[1 7],5,29,47,24,29
1,<environment.Job instance at 0x7f14904c5d70>,14,12,[3 7],15,79,91,64,79
1,<environment.Job instance at 0x7f144c33fb40>,15,13,[4 6],16,91,104,75,79
1,<environment.Job instance at 0x7f149041c3c0>,2,12,[4 8],3,3,15,0,3
1,<environment.Job instance at 0x7f149041c820>,3,16,[6 2],4,4,20,0,4
1,<environment.Job instance at 0x7f1490224690>,7,3,[4 7],8,15,18,7,8
1,<environment.Job instance at 0x7f144cc6d6e0>,10,17,[2 5],11,24,41,13,24
1,<environment.Job instance at 0x7f144cc6d820>,13,3,[1 9],14,41,44,27,25
1,<environment.Job instance at 0x7f144cc6d8c0>,16,18,[2 9],17,44,62,27,38
1,<environment.Job instance at 0x7f695905f2d0>,1,14,[ 2 10],2,7,21,5,7
1,<environment.Job instance at 0x7f6951c4f2d0>,4,13,[3 6],5,21,34,16,9
1,<environment.Job instance at 0x7f6951c4f7d0>,10,12,[2 8],11,34,46,23,28
1,<environment.Job instance at 0x7f6951c4f8c0>,12,12,[6 4],13,46,58,33,29
1,<environment.Job instance at 0x7f6951c4f960>,13,18,[5 9],14,58,76,44,49
1,<environment.Job instance at 0x7f69591cb6e0>,4,1,[ 1 10],5,7,8,2,7
1,<environment.Job instance at 0x7f69591cb640>,5,16,[7 5],6,8,24,2,7
1,<environment.Job instance at 0x7f6959086690>,8,14,[5 5],9,24,38,15,11
1,<environment.Job instance at 0x7f69591c6780>,10,23,[5 1],11,27,50,16,27
1,<environment.Job instance at 0x7f69591c6960>,15,2,[1 6],16,66,68,50,66
1,<environment.Job instance at 0x7f69591c6c80>,14,19,[9 2],15,66,85,51,66
1,<environment.Job instance at 0x7f69591d9460>,18,13,[9 1],19,85,98,66,72
1,<environment.Job instance at 0x7f69591d9410>,3,13,[7 1],4,4,17,0,4
1,<environment.Job instance at 0x7f690df86640>,5,16,[5 6],6,17,33,11,10
1,<environment.Job instance at 0x7f690df86c30>,10,13,[2 5],11,33,46,22,18
1,<environment.Job instance at 0x7f690df86370>,9,17,[3 6],10,46,63,36,34
1,<environment.Job instance at 0x7f690e4066e0>,4,3,[4 5],5,5,8,0,5
1,<environment.Job instance at 0x7f690e04bf50>,1,14,[3 8],2,8,22,6,5
1,<environment.Job instance at 0x7f690e406230>,7,12,[6 3],8,22,34,14,8
1,<environment.Job instance at 0x7f690e3ec190>,8,14,[5 2],9,34,48,25,19
1,<environment.Job instance at 0x7f690e3ecd70>,10,14,[5 8],11,34,48,23,19
1,<environment.Job instance at 0x7f690e3cde60>,13,16,[ 5 10],14,48,64,34,35
1,<environment.Job instance at 0x7f690e3cdc30>,17,18,[5 6],18,64,82,46,54
1,<environment.Job instance at 0x7f690e3cddc0>,18,16,[8 3],19,82,98,63,81
1,<environment.Job instance at 0x7f690e3085f0>,21,16,[ 4 10],22,98,114,76,89
1,<environment.Job instance at 0x7f690e3a4fa0>,3,13,[5 6],4,5,18,1,5
1,<environment.Job instance at 0x7f690e3a4f50>,4,13,[5 7],5,18,31,13,5
1,<environment.Job instance at 0x7f6951f14780>,7,19,[2 7],8,88,107,80,88
1,<environment.Job instance at 0x7f6951d233c0>,13,15,[4 7],14,107,122,93,96
1,<environment.Job instance at 0x7f6951d23140>,14,18,[6 3],15,97,115,82,97
1,<environment.Job instance at 0x7f690e33d910>,7,15,[ 4 10],8,8,23,0,8
1,<environment.Job instance at 0x7f690e525a00>,9,17,[1 7],10,23,40,13,18
1,<environment.Job instance at 0x7f690e33de10>,6,14,[5 8],7,46,60,39,46
1,<environment.Job instance at 0x7f69543f72d0>,12,19,[3 6],13,71,90,58,71
1,<environment.Job instance at 0x7f690e1fe8c0>,14,15,[6 1],15,94,109,79,94
1,<environment.Job instance at 0x7f690e30f870>,17,3,[1 9],18,94,97,76,94
1,<environment.Job instance at 0x7f690de9b0f0>,1,1,[5 9],2,2,3,0,2
1,<environment.Job instance at 0x7f690e059c30>,6,15,[4 8],7,13,28,6,13
1,<environment.Job instance at 0x7f6951e01460>,0,16,[8 4],1,28,44,27,20
1,<environment.Job instance at 0x7f690e088230>,13,13,[5 9],14,44,57,30,31
1,<environment.Job instance at 0x7f690e088320>,17,12,[6 3],18,57,69,39,48
1,<environment.Job instance at 0x7f690e059e60>,8,15,[10  2],9,73,88,64,73
1,<environment.Job instance at 0x7f690e0885a0>,21,13,[8 1],22,88,101,66,74
1,<environment.Job instance at 0x7f690e0886e0>,22,12,[10  1],23,101,113,78,84
1,<environment.Job instance at 0x7f690dfb6780>,3,18,[9 1],4,24,42,20,24
1,<environment.Job instance at 0x7f6951b66140>,11,19,[6 5],12,62,81,50,62
1,<environment.Job instance at 0x7f690dfa1500>,12,16,[8 3],13,81,97,68,68
1,<environment.Job instance at 0x7f690dfa1c30>,15,2,[1 8],16,99,101,83,99
1,<environment.Job instance at 0x7f690dfa11e0>,13,16,[5 4],14,101,117,87,99
1,<environment.Job instance at 0x7f690e2ef960>,7,13,[4 5],8,42,55,34,42
1,<environment.Job instance at 0x7f69546fe690>,9,2,[3 9],10,55,57,45,42
1,<environment.Job instance at 0x7f690e5394b0>,13,2,[7 1],14,62,64,48,62
1,<environment.Job instance at 0x7f690e539730>,17,15,[ 2 10],18,89,104,71,89
1,<environment.Job instance at 0x7f69542983c0>,6,18,[5 5],7,19,37,12,19
1,<environment.Job instance at 0x7f6951c47a00>,4,17,[6 4],5,37,54,32,25
1,<environment.Job instance at 0x7f6954298320>,5,17,[1 6],6,75,92,69,75
1,<environment.Job instance at 0x7f69542986e0>,11,12,[4 8],12,92,104,80,79
1,<environment.Job instance at 0x7f690e3732d0>,2,12,[8 1],3,6,18,3,6
1,<environment.Job instance at 0x7f690e373230>,3,12,[10  5],4,18,30,14,7
1,<environment.Job instance at 0x7f69542986e0>,7,16,[10  1],8,30,46,22,17
1,<environment.Job instance at 0x7f69520f7e10>,8,18,[8 2],9,46,64,37,35
1,<environment.Job instance at 0x7f69520f7050>,9,18,[2 8],10,52,70,42,52
1,<environment.Job instance at 0x7f69591d55f0>,16,12,[9 1],17,70,82,53,53
1,<environment.Job instance at 0x7f690e4a4410>,24,17,[2 6],25,82,99,57,81
1,<environment.Job instance at 0x7f6951d6fdc0>,0,14,[4 7],1,5,19,4,5
1,<environment.Job instance at 0x7f69520395a0>,3,18,[9 2],4,26,44,22,26
1,<environment.Job instance at 0x7f690dff7820>,8,2,[10  1],9,44,46,35,26
1,<environment.Job instance at 0x7f690dff7be0>,10,2,[5 5],11,51,53,40,51
1,<environment.Job instance at 0x7f690dff7460>,13,18,[2 6],14,75,93,61,75
1,<environment.Job instance at 0x7f69545f17d0>,5,13,[1 8],6,21,34,15,21
1,<environment.Job instance at 0x7f6958f4f2d0>,3,16,[ 3 10],4,41,57,37,41
1,<environment.Job instance at 0x7f690dff7b40>,4,14,[10  5],5,57,71,52,44
1,<environment.Job instance at 0x7f690de625f0>,13,12,[9 4],14,71,83,57,56
1,<environment.Job instance at 0x7f6951cecc30>,3,1,[7 1],4,5,6,1,5
1,<environment.Job instance at 0x7f695427b500>,5,1,[10  4],6,6,7,0,6
1,<environment.Job instance at 0x7f695427b640>,8,18,[8 5],9,10,28,1,10
1,<environment.Job instance at 0x7f695427bdc0>,6,15,[9 5],7,28,43,21,16
1,<environment.Job instance at 0x7f6951c437d0>,14,13,[3 5],15,43,56,28,40
1,<environment.Job instance at 0x7f6951c43dc0>,15,18,[2 9],16,60,78,44,60
1,<environment.Job instance at 0x7f6951c43640>,19,1,[1 9],20,78,79,58,60
1,<environment.Job instance at 0x7f6951cecf00>,0,14,[9 3],1,79,93,78,65
1,<environment.Job instance at 0x7f690df33780>,5,2,[5 7],6,6,8,0,6
1,<environment.Job instance at 0x7f69548df870>,3,18,[5 5],4,8,26,4,8
1,<environment.Job instance at 0x7f690df49960>,15,17,[5 2],16,60,77,44,60
1,<environment.Job instance at 0x7f690e2ad2d0>,5,16,[1 6],6,8,24,2,8
1,<environment.Job instance at 0x7f690e2ad050>,6,13,[3 8],7,24,37,17,18
1,<environment.Job instance at 0x7f690dcb0d20>,8,14,[ 4 10],9,37,51,28,31
1,<environment.Job instance at 0x7f690dd3af50>,7,18,[5 2],8,13,31,5,13
1,<environment.Job instance at 0x7f690dd3aa00>,8,18,[ 1 10],9,31,49,22,30
1,<environment.Job instance at 0x7f690dd3a190>,11,12,[2 8],12,49,61,37,32
1,<environment.Job instance at 0x7f690dd440f0>,14,16,[5 4],15,61,77,46,52
1,<environment.Job instance at 0x7f690dd445f0>,18,13,[6 3],19,77,90,58,61
1,<environment.Job instance at 0x7f690dd44a50>,21,1,[1 5],22,99,100,77,99
1,<environment.Job instance at 0x7f690dd44b40>,17,18,[6 5],18,99,117,81,99
1,<environment.Job instance at 0x7f690dd44af0>,23,2,[3 7],24,117,119,93,99
1,<environment.Job instance at 0x7f690dc490f0>,5,2,[ 5 10],6,6,8,0,6
1,<environment.Job instance at 0x7f69543efe60>,7,3,[2 6],8,8,11,0,8
1,<environment.Job instance at 0x7f69520b4730>,9,16,[5 5],10,25,41,15,25
1,<environment.Job instance at 0x7f690e4f6780>,14,12,[1 9],15,44,56,29,44
1,<environment.Job instance at 0x7f690e4f6dc0>,17,16,[4 6],18,70,86,52,70
1,<environment.Job instance at 0x7f91f0d320f0>,2,14,[ 2 10],3,3,17,0,3
1,<environment.Job instance at 0x7f91e99221e0>,5,17,[1 6],6,17,34,11,9
1,<environment.Job instance at 0x7f91e9922910>,12,12,[6 4],13,28,40,15,28
1,<environment.Job instance at 0x7f91e9922780>,11,12,[8 4],12,40,52,28,28
1,<environment.Job instance at 0x7f91e9922960>,13,18,[5 9],14,56,74,42,56
1,<environment.Job instance at 0x7f91f0e99eb0>,5,2,[1 6],6,6,8,0,6
1,<environment.Job instance at 0x7f91f0d5ac80>,8,13,[9 1],9,9,22,0,9
1,<environment.Job instance at 0x7f91f0d5a3c0>,13,3,[10  3],14,25,28,11,25
1,<environment.Job instance at 0x7f91f0d5a190>,15,18,[2 9],16,28,46,12,25
1,<environment.Job instance at 0x7f91f0d5ae10>,17,2,[5 5],18,46,48,28,30
1,<environment.Job instance at 0x7f91f0d5af50>,19,3,[1 5],20,46,49,26,32
1,<environment.Job instance at 0x7f91f0d5ab40>,18,19,[1 7],19,49,68,30,39
1,<environment.Job instance at 0x7f91f0e98be0>,24,12,[5 4],25,68,80,43,52
1,<environment.Job instance at 0x7f91f0ea6dc0>,25,15,[8 3],26,80,95,54,66
1,<environment.Job instance at 0x7f91f0ea6c80>,31,14,[ 3 10],32,95,109,63,93
1,<environment.Job instance at 0x7f91a5c03a50>,6,3,[10  2],7,19,22,12,19
1,<environment.Job instance at 0x7f91a5c03780>,5,3,[9 3],6,22,25,16,19
1,<environment.Job instance at 0x7f91a5c03dc0>,7,15,[ 2 10],8,42,57,34,42
1,<environment.Job instance at 0x7f91a62410a0>,13,13,[5 6],14,63,76,49,63
1,<environment.Job instance at 0x7f91a5c03730>,10,17,[5 9],11,83,100,72,83
1,<environment.Job instance at 0x7f91a5d48690>,18,14,[2 9],19,100,114,81,86
1,<environment.Job instance at 0x7f91a5d48e10>,22,16,[5 2],23,114,130,91,109
1,<environment.Job instance at 0x7f91a5cf2140>,1,12,[2 7],2,114,126,112,109
1,<environment.Job instance at 0x7f91a5d48aa0>,4,1,[4 6],5,5,6,0,5
1,<environment.Job instance at 0x7f91a60ba7d0>,0,13,[ 4 10],1,7,20,6,7
1,<environment.Job instance at 0x7f91a6015f00>,8,17,[7 5],9,20,37,11,10
1,<environment.Job instance at 0x7f91a601e190>,13,18,[9 5],14,55,73,41,55
1,<environment.Job instance at 0x7f91a6015d70>,14,2,[3 7],15,73,75,58,55
1,<environment.Job instance at 0x7f91e9802cd0>,0,17,[2 6],1,5,22,4,5
1,<environment.Job instance at 0x7f91a601e410>,6,21,[5 6],7,24,45,17,24
1,<environment.Job instance at 0x7f91e9802230>,10,16,[1 5],11,51,67,40,51
1,<environment.Job instance at 0x7f91e97f5730>,17,18,[5 1],18,79,97,61,79
1,<environment.Job instance at 0x7f91e9802640>,7,14,[ 3 10],8,97,111,89,84
1,<environment.Job instance at 0x7f91e97f5640>,23,2,[3 7],24,111,113,87,105
1,<environment.Job instance at 0x7f91e97f53c0>,24,17,[1 6],25,113,130,88,105
1,<environment.Job instance at 0x7f91ec63e6e0>,0,3,[1 8],1,4,7,3,4
1,<environment.Job instance at 0x7f91ec63e960>,2,2,[10  5],3,26,28,23,26
1,<environment.Job instance at 0x7f91e99ac5f0>,8,1,[5 5],9,28,29,19,26
1,<environment.Job instance at 0x7f91e99ace60>,9,16,[5 4],10,28,44,18,26
1,<environment.Job instance at 0x7f91e96e7280>,4,15,[5 6],5,29,44,24,28
1,<environment.Job instance at 0x7f91e99ac410>,11,14,[3 7],12,44,58,32,30
1,<environment.Job instance at 0x7f91ec601d70>,16,21,[4 8],17,58,79,41,51
1,<environment.Job instance at 0x7f91ec601c30>,19,2,[10  4],20,79,81,59,71
1,<environment.Job instance at 0x7f91e9e15a50>,18,13,[10  5],19,97,110,78,97
1,<environment.Job instance at 0x7f91a5ee6910>,24,15,[4 7],25,110,125,85,99
1,<environment.Job instance at 0x7f91e96e2f50>,3,12,[3 7],4,5,17,1,5
1,<environment.Job instance at 0x7f91a5a83460>,9,18,[1 7],10,18,36,8,18
1,<environment.Job instance at 0x7f91a5a835a0>,11,14,[8 5],12,36,50,24,21
1,<environment.Job instance at 0x7f91a5a83280>,7,15,[6 2],8,66,81,58,66
1,<environment.Job instance at 0x7f91a5a83d70>,2,13,[ 3 10],3,6,19,3,6
1,<environment.Job instance at 0x7f91e9b656e0>,7,12,[6 2],8,19,31,11,8
1,<environment.Job instance at 0x7f91a5b5eb40>,11,21,[1 5],12,19,40,7,18
1,<environment.Job instance at 0x7f91a5b5e640>,15,12,[2 5],16,43,55,27,43
1,<environment.Job instance at 0x7f91e9d23320>,18,2,[6 2],19,65,67,46,65
1,<environment.Job instance at 0x7f91e9a14780>,8,13,[8 2],9,67,80,58,65
1,<environment.Job instance at 0x7f91a5e38b40>,17,12,[9 1],18,80,92,62,65
1,<environment.Job instance at 0x7f91a5eac4b0>,19,13,[ 1 10],20,92,105,72,92
1,<environment.Job instance at 0x7f91ebf03e10>,23,14,[4 8],24,105,119,81,92
1,<environment.Job instance at 0x7f91a6073be0>,6,1,[ 4 10],7,17,18,10,17
1,<environment.Job instance at 0x7f91a6073fa0>,8,15,[4 7],9,18,33,9,18
1,<environment.Job instance at 0x7f91a60e4190>,15,17,[1 6],16,65,82,49,65
1,<environment.Job instance at 0x7f91a6073d20>,7,13,[2 7],8,82,95,74,68
1,<environment.Job instance at 0x7f91e9ce46e0>,18,13,[8 4],19,95,108,76,79
1,<environment.Job instance at 0x7f91a61bc820>,0,12,[2 5],1,6,18,5,6
1,<environment.Job instance at 0x7f91a5fc1230>,5,18,[8 5],6,7,25,1,7
1,<environment.Job instance at 0x7f91a61bc410>,2,12,[8 1],3,25,37,22,9
1,<environment.Job instance at 0x7f91e96b9f50>,12,14,[5 7],13,37,51,24,22
1,<environment.Job instance at 0x7f91e96c52d0>,16,12,[9 1],17,51,63,34,36
1,<environment.Job instance at 0x7f91e96c5550>,20,2,[4 7],21,63,65,42,47
1,<environment.Job instance at 0x7f91e96c55a0>,24,17,[2 6],25,74,91,49,74
1,<environment.Job instance at 0x7f91a5b0bb40>,4,13,[4 6],5,6,19,1,6
1,<environment.Job instance at 0x7f91a5b0b500>,7,18,[1 6],8,19,37,11,8
1,<environment.Job instance at 0x7f91ec4bc230>,8,17,[10  4],9,37,54,28,29
1,<environment.Job instance at 0x7f91ec4bccd0>,10,2,[3 9],11,54,56,43,32
1,<environment.Job instance at 0x7f91e9827fa0>,7,12,[8 2],8,8,20,0,8
1,<environment.Job instance at 0x7f91e9827d20>,11,18,[5 5],12,27,45,15,27
1,<environment.Job instance at 0x7f91e9827c30>,13,13,[9 5],14,45,58,31,29
1,<environment.Job instance at 0x7f91e99225a0>,19,16,[5 4],20,79,95,59,79
1,<environment.Job instance at 0x7f91e9922320>,24,17,[4 6],25,105,122,80,105
1,<environment.Job instance at 0x7f91e99229b0>,25,18,[5 3],26,105,123,79,105
1,<environment.Job instance at 0x7f91e99229b0>,3,15,[7 3],4,5,20,1,5
1,<environment.Job instance at 0x7f91ec101aa0>,7,12,[3 7],8,45,57,37,45
1,<environment.Job instance at 0x7f91e9c26370>,13,17,[5 9],14,57,74,43,46
1,<environment.Job instance at 0x7f91e9c160a0>,16,15,[4 9],17,74,89,57,69
1,<environment.Job instance at 0x7f91e9b92d20>,21,3,[6 3],22,89,92,67,87
1,<environment.Job instance at 0x7f91e9b92d70>,22,12,[4 8],23,92,104,69,87
1,<environment.Job instance at 0x7f91e9b63230>,23,2,[5 7],24,104,106,80,87
1,<environment.Job instance at 0x7f91a5fd7320>,0,16,[3 8],1,7,23,6,7
1,<environment.Job instance at 0x7f91a5ff3050>,10,3,[1 7],11,23,26,12,12
1,<environment.Job instance at 0x7f91e9d00190>,12,17,[ 3 10],13,26,43,13,17
1,<environment.Job instance at 0x7f91e9b926e0>,3,12,[ 3 10],4,43,55,39,27
1,<environment.Job instance at 0x7f91e9d008c0>,13,16,[9 2],14,55,71,41,43
1,<environment.Job instance at 0x7f91a5e4bb40>,17,13,[ 4 10],18,71,84,53,56
1,<environment.Job instance at 0x7f91a61e14b0>,18,15,[8 5],19,84,99,65,77
1,<environment.Job instance at 0x7f91f0d55640>,20,12,[1 7],21,99,111,78,82
1,<environment.Job instance at 0x7f91a6212af0>,2,1,[ 2 10],3,3,4,0,3
1,<environment.Job instance at 0x7f91a6212dc0>,3,13,[1 7],4,4,17,0,4
1,<environment.Job instance at 0x7f91e98a23c0>,10,2,[4 8],11,77,79,66,77
1,<environment.Job instance at 0x7f91e98a2dc0>,4,17,[8 3],5,105,122,100,105
1,<environment.Job instance at 0x7f91ec0ac050>,14,14,[7 1],15,122,136,107,109
1,<environment.Job instance at 0x7f91ebf25b90>,6,18,[8 2],7,7,25,0,7
1,<environment.Job instance at 0x7f91a60ac640>,4,16,[7 3],5,18,34,13,18
1,<environment.Job instance at 0x7f91a60c0050>,8,18,[3 8],9,65,83,56,65
1,<environment.Job instance at 0x7f91a5b4e370>,1,12,[8 1],2,24,36,22,24
1,<environment.Job instance at 0x7f91e9c95be0>,8,14,[ 1 10],9,36,50,27,27
1,<environment.Job instance at 0x7f91e96a1cd0>,10,13,[5 9],11,50,63,39,39
1,<environment.Job instance at 0x7f91e96a11e0>,12,17,[1 6],13,63,80,50,59
1,<environment.Job instance at 0x7f91ebeeb820>,3,14,[1 7],4,4,18,0,4
1,<environment.Job instance at 0x7f91ebeeb370>,5,16,[3 5],6,18,34,12,6
1,<environment.Job instance at 0x7f91e9dd0690>,8,16,[5 5],9,18,34,9,9
1,<environment.Job instance at 0x7f91ebfc5d70>,7,14,[ 1 10],8,34,48,26,19
1,<environment.Job instance at 0x7f91a5a6d9b0>,13,15,[6 3],14,48,63,34,35
1,<environment.Job instance at 0x7f91a5a6dd20>,14,14,[3 7],15,48,62,33,35
1,<environment.Job instance at 0x7f91a5a6d320>,21,12,[5 5],22,80,92,58,80
1,<environment.Job instance at 0x7f91a5a6de60>,22,16,[4 6],23,97,113,74,97
1,<environment.Job instance at 0x7f2527b470f0>,0,17,[6 1],1,3,20,2,3
1,<environment.Job instance at 0x7f2527b470a0>,2,14,[ 2 10],3,20,34,17,7
1,<environment.Job instance at 0x7f25269e8550>,11,12,[8 4],12,34,46,22,28
1,<environment.Job instance at 0x7f25269e86e0>,10,12,[2 8],11,46,58,35,29
1,<environment.Job instance at 0x7f25269e8c30>,17,12,[6 4],18,58,70,40,56
1,<environment.Job instance at 0x7f2527b6faa0>,6,13,[2 6],7,10,23,3,10
1,<environment.Job instance at 0x7f2527cb52d0>,7,2,[5 5],8,23,25,15,11
1,<environment.Job instance at 0x7f2527b6fb40>,5,18,[2 9],6,25,43,19,14
1,<environment.Job instance at 0x7f2527b6f820>,4,12,[1 5],5,43,55,38,28
1,<environment.Job instance at 0x7f2527cb50a0>,10,16,[3 9],11,55,71,44,42
1,<environment.Job instance at 0x7f2527cb55a0>,12,18,[10  4],13,71,89,58,63
1,<environment.Job instance at 0x7f2527cbb320>,21,14,[ 3 10],22,89,103,67,83
1,<environment.Job instance at 0x7f2527cbaeb0>,28,3,[4 8],29,103,106,74,91
1,<environment.Job instance at 0x7f2527cbaa00>,27,2,[3 8],28,106,108,78,91
1,<environment.Job instance at 0x7f24dca71af0>,8,13,[3 5],9,29,42,20,29
1,<environment.Job instance at 0x7f24dca7b6e0>,18,15,[8 1],19,111,126,92,111
1,<environment.Job instance at 0x7f24dca71d20>,16,1,[3 9],17,126,127,109,115
1,<environment.Job instance at 0x7f24dcf37820>,3,3,[ 5 10],4,20,23,16,20
1,<environment.Job instance at 0x7f24dcf37640>,7,12,[3 8],8,23,35,15,20
1,<environment.Job instance at 0x7f24dcf37870>,5,16,[5 2],6,23,39,17,20
1,<environment.Job instance at 0x7f24dceceb90>,9,14,[2 8],10,35,49,25,20
1,<environment.Job instance at 0x7f24dcecebe0>,11,16,[7 3],12,49,65,37,36
1,<environment.Job instance at 0x7f24dcece2d0>,19,1,[10  5],20,113,114,93,113
1,<environment.Job instance at 0x7f24dce2b320>,7,12,[5 5],8,22,34,14,22
1,<environment.Job instance at 0x7f24dcef0550>,5,16,[7 5],6,34,50,28,22
1,<environment.Job instance at 0x7f24dce2b780>,14,16,[7 2],15,74,90,59,74
1,<environment.Job instance at 0x7f24dce2b0a0>,6,14,[5 8],7,8,22,1,8
1,<environment.Job instance at 0x7f24dccbf3c0>,7,15,[ 4 10],8,33,48,25,33
1,<environment.Job instance at 0x7f24dccbf5a0>,9,17,[1 7],10,72,89,62,72
1,<environment.Job instance at 0x7f25267a61e0>,17,3,[1 9],18,95,98,77,95
1,<environment.Job instance at 0x7f25267a6b90>,18,14,[3 6],19,98,112,79,95
1,<environment.Job instance at 0x7f24dccbfb40>,14,15,[6 1],15,99,114,84,99
1,<environment.Job instance at 0x7f24dcd44320>,8,14,[9 2],9,11,25,2,11
1,<environment.Job instance at 0x7f24dd003f00>,10,16,[9 1],11,28,44,17,28
1,<environment.Job instance at 0x7f24dd003b40>,15,16,[5 2],16,68,84,52,68
1,<environment.Job instance at 0x7f2526fa7500>,21,15,[5 5],22,94,109,72,94
1,<environment.Job instance at 0x7f25267a6aa0>,2,12,[10  1],3,109,121,106,94
1,<environment.Job instance at 0x7f2526b2e8c0>,18,17,[5 4],19,121,138,102,111
1,<environment.Job instance at 0x7f2526e1ff50>,2,13,[3 6],3,4,17,1,4
1,<environment.Job instance at 0x7f24dcd1cbe0>,12,17,[5 1],13,28,45,15,28
1,<environment.Job instance at 0x7f24dcd1cc80>,13,20,[5 3],14,28,48,14,28
1,<environment.Job instance at 0x7f24dcd1cdc0>,15,17,[6 3],16,48,65,32,36
1,<environment.Job instance at 0x7f24dcd1cfa0>,17,3,[ 4 10],18,65,68,47,41
1,<environment.Job instance at 0x7f24dcd03050>,20,14,[5 5],21,68,82,47,53
1,<environment.Job instance at 0x7f24dcf7e370>,7,12,[7 5],8,24,36,16,24
1,<environment.Job instance at 0x7f252700b8c0>,3,17,[6 2],4,36,53,32,25
1,<environment.Job instance at 0x7f24dcf7e5f0>,8,18,[3 5],9,25,43,16,25
1,<environment.Job instance at 0x7f2526aae8c0>,5,13,[4 7],6,43,56,37,31
1,<environment.Job instance at 0x7f24dcf7e820>,11,19,[9 2],12,56,75,44,52
1,<environment.Job instance at 0x7f252711fd20>,16,18,[5 6],17,75,93,58,64
1,<environment.Job instance at 0x7f252711f960>,17,18,[2 7],18,94,112,76,94
1,<environment.Job instance at 0x7f24dcbaf370>,27,17,[6 1],28,95,112,67,95
1,<environment.Job instance at 0x7f25267d9280>,24,18,[1 9],25,112,130,87,106
1,<environment.Job instance at 0x7f25268b6eb0>,0,17,[7 4],1,48,65,47,48
1,<environment.Job instance at 0x7f2526ee7f00>,12,2,[5 9],13,65,67,52,48
1,<environment.Job instance at 0x7f24dcff8be0>,9,19,[3 6],10,67,86,57,57
1,<environment.Job instance at 0x7f2527281820>,11,13,[9 3],12,86,99,74,85
1,<environment.Job instance at 0x7f24dc9cb410>,20,12,[2 5],21,117,129,96,117
1,<environment.Job instance at 0x7f24dca32550>,0,14,[4 7],1,5,19,4,5
1,<environment.Job instance at 0x7f2526806190>,2,18,[10  1],3,4,22,1,4
1,<environment.Job instance at 0x7f2526e825a0>,6,3,[7 4],7,22,25,15,7
1,<environment.Job instance at 0x7f2526e82cd0>,7,12,[8 2],8,27,39,19,27
1,<environment.Job instance at 0x7f252740bf50>,9,15,[7 1],10,48,63,38,48
1,<environment.Job instance at 0x7f252740b4b0>,13,13,[9 5],14,63,76,49,54
1,<environment.Job instance at 0x7f252686e550>,7,2,[3 9],8,8,10,0,8
1,<environment.Job instance at 0x7f252686e2d0>,6,15,[4 9],7,10,25,3,9
1,<environment.Job instance at 0x7f252686e910>,10,16,[5 1],11,24,40,13,24
1,<environment.Job instance at 0x7f252686e500>,11,3,[6 3],12,40,43,28,24
1,<environment.Job instance at 0x7f252686e410>,12,12,[4 8],13,25,37,12,24
1,<environment.Job instance at 0x7f24dcfb84b0>,4,18,[6 1],5,79,97,74,79
1,<environment.Job instance at 0x7f2527485320>,17,16,[1 5],18,103,119,85,103
1,<environment.Job instance at 0x7f2526ef5960>,5,1,[3 6],6,6,7,0,6
1,<environment.Job instance at 0x7f2526ef5cd0>,8,14,[9 1],9,46,60,37,46
1,<environment.Job instance at 0x7f2526ee3050>,13,14,[ 2 10],14,60,74,46,47
1,<environment.Job instance at 0x7f2526ef5140>,10,16,[5 9],11,74,90,63,66
1,<environment.Job instance at 0x7f2526ee39b0>,15,18,[8 3],16,90,108,74,79
1,<environment.Job instance at 0x7f2526ee3550>,21,18,[ 1 10],22,108,126,86,97
1,<environment.Job instance at 0x7f24dce10640>,23,13,[1 7],24,126,139,102,115
1,<environment.Job instance at 0x7f24dc9277d0>,2,18,[7 1],3,3,21,0,3
1,<environment.Job instance at 0x7f2526d3f690>,7,2,[4 8],8,28,30,20,28
1,<environment.Job instance at 0x7f24dcff7780>,9,21,[5 3],10,30,51,20,28
1,<environment.Job instance at 0x7f25272f7910>,15,12,[9 1],16,51,63,35,36
1,<environment.Job instance at 0x7f2527897e60>,16,19,[6 2],17,63,82,46,53
1,<environment.Job instance at 0x7f24dc73acd0>,7,18,[5 2],8,9,27,1,9
1,<environment.Job instance at 0x7f24dc73afa0>,8,18,[ 1 10],9,27,45,18,16
1,<environment.Job instance at 0x7f24dc9fcf50>,11,12,[2 8],12,51,63,39,51
1,<environment.Job instance at 0x7f24dc9fc820>,14,16,[5 4],15,86,102,71,86
1,<environment.Job instance at 0x7f24dc9fc050>,17,18,[6 5],18,102,120,84,91
1,<environment.Job instance at 0x7f24dc9fc460>,22,13,[3 8],23,120,133,97,108
1,<environment.Job instance at 0x7f24dc70e5a0>,5,17,[10  5],6,6,23,0,6
1,<environment.Job instance at 0x7f24dc70ea00>,4,19,[8 5],5,30,49,25,30
1,<environment.Job instance at 0x7f24dcefea50>,14,3,[8 3],15,59,62,44,59
1,<environment.Job instance at 0x7f24dcefec30>,13,14,[10  3],14,62,76,48,62
1,<environment.Job instance at 0x7f24dcefecd0>,16,12,[3 5],17,76,88,59,62
1,<environment.Job instance at 0x7f24dcefe910>,11,16,[10  4],12,88,104,76,80
1,<environment.Job instance at 0x7f24dcf84730>,3,12,[9 4],4,5,17,1,5
1,<environment.Job instance at 0x7f24dc7ade10>,8,14,[10  3],9,17,31,8,12
1,<environment.Job instance at 0x7f24dcf04820>,9,17,[9 1],10,31,48,21,19
1,<environment.Job instance at 0x7f2526820960>,4,17,[1 6],5,6,23,1,6
1,<environment.Job instance at 0x7f24dc7adcd0>,3,13,[ 1 10],4,23,36,19,7
1,<environment.Job instance at 0x7f25267ac7d0>,11,14,[ 2 10],12,36,50,24,21
1,<environment.Job instance at 0x7f25267ac820>,15,15,[8 5],16,50,65,34,38
1,<environment.Job instance at 0x7f2526820640>,5,16,[9 3],6,65,81,59,52
1,<environment.Job instance at 0x7f25267ac1e0>,22,19,[5 4],23,82,101,59,82
1,<environment.Job instance at 0x7f24dc658cd0>,5,15,[1 9],6,6,21,0,6
1,<environment.Job instance at 0x7f2526ffc500>,7,14,[5 2],8,21,35,13,8
1,<environment.Job instance at 0x7f2526ffcb40>,11,14,[3 8],12,21,35,9,18
1,<environment.Job instance at 0x7f2526ffc640>,6,14,[10  5],7,48,62,41,48
1,<environment.Job instance at 0x7f2526ffc460>,14,2,[6 2],15,62,64,47,48
1,<environment.Job instance at 0x7fd372b161e0>,0,17,[6 1],1,3,20,2,3
1,<environment.Job instance at 0x7fd372b162d0>,1,14,[ 2 10],2,20,34,18,7
1,<environment.Job instance at 0x7fd36b706690>,10,12,[2 8],11,34,46,23,28
1,<environment.Job instance at 0x7fd36b706780>,11,12,[8 4],12,46,58,34,29
1,<environment.Job instance at 0x7fd36b706960>,13,18,[5 9],14,58,76,44,49
1,<environment.Job instance at 0x7fd372b3e690>,4,12,[5 4],5,5,17,0,5
1,<environment.Job instance at 0x7fd36b706cd0>,6,1,[9 5],7,17,18,10,7
1,<environment.Job instance at 0x7fd36b706d20>,5,15,[8 3],6,18,33,12,7
1,<environment.Job instance at 0x7fd372c842d0>,9,13,[1 8],10,33,46,23,17
1,<environment.Job instance at 0x7fd372c84c80>,15,3,[9 2],16,33,36,17,30
1,<environment.Job instance at 0x7fd372c84410>,16,13,[10  5],17,46,59,29,30
1,<environment.Job instance at 0x7fd372c7cf00>,17,2,[3 8],18,59,61,41,32
1,<environment.Job instance at 0x7fd372c7c9b0>,18,3,[4 8],19,61,64,42,35
1,<environment.Job instance at 0x7fd372c7cbe0>,20,12,[5 1],21,59,71,38,42
1,<environment.Job instance at 0x7fd372b3f780>,23,17,[5 8],24,64,81,40,56
1,<environment.Job instance at 0x7fd372b3f050>,26,17,[6 5],27,81,98,54,81
1,<environment.Job instance at 0x7fd327a39460>,8,12,[8 5],9,39,51,30,39
1,<environment.Job instance at 0x7fd327a39780>,11,12,[7 4],12,51,63,39,40
1,<environment.Job instance at 0x7fd327a396e0>,20,15,[9 2],21,76,91,55,76
1,<environment.Job instance at 0x7fd327a397d0>,21,2,[7 3],22,91,93,69,76
1,<environment.Job instance at 0x7fd327a399b0>,22,16,[7 5],23,93,109,70,80
1,<environment.Job instance at 0x7fd327ae65a0>,26,13,[8 4],27,109,122,82,95
1,<environment.Job instance at 0x7fd327ae6cd0>,30,2,[2 9],31,122,124,91,96
1,<environment.Job instance at 0x7fd327ae65f0>,29,3,[9 4],30,124,127,94,98
1,<environment.Job instance at 0x7fd327ae6e10>,32,12,[8 3],33,127,139,94,110
1,<environment.Job instance at 0x7fd327ae6c30>,36,12,[5 5],37,139,151,102,123
1,<environment.Job instance at 0x7fd327e77910>,7,16,[4 5],8,10,26,2,10
1,<environment.Job instance at 0x7fd327e77960>,10,14,[4 5],11,32,46,21,32
1,<environment.Job instance at 0x7fd327e04910>,7,14,[7 2],8,8,22,0,8
1,<environment.Job instance at 0x7fd36b470460>,6,13,[10  2],7,21,34,14,21
1,<environment.Job instance at 0x7fd36b470a50>,7,12,[10  4],8,34,46,26,21
1,<environment.Job instance at 0x7fd36b470d20>,12,2,[10  5],13,48,50,35,48
1,<environment.Job instance at 0x7fd36b4706e0>,14,15,[5 6],15,50,65,35,48
1,<environment.Job instance at 0x7fd36b470d70>,3,18,[ 2 10],4,85,103,81,85
1,<environment.Job instance at 0x7fd36bde7d20>,18,1,[5 5],19,103,104,84,85
1,<environment.Job instance at 0x7fd36bde7f50>,21,14,[3 7],22,104,118,82,90
1,<environment.Job instance at 0x7fd327b4e500>,7,16,[8 4],8,8,24,0,8
1,<environment.Job instance at 0x7fd36bacd780>,2,12,[6 2],3,119,131,116,119
1,<environment.Job instance at 0x7fd36b7eb690>,17,14,[6 2],18,131,145,113,119
1,<environment.Job instance at 0x7fd327b4e730>,3,2,[7 1],4,4,6,0,4
1,<environment.Job instance at 0x7fd3279bc280>,4,3,[2 6],5,5,8,0,5
1,<environment.Job instance at 0x7fd3278dd280>,9,14,[2 6],10,47,61,37,47
1,<environment.Job instance at 0x7fd3278dd320>,10,14,[2 8],11,61,75,50,47
1,<environment.Job instance at 0x7fd3278dd460>,12,17,[5 7],13,75,92,62,65
1,<environment.Job instance at 0x7fd3278dd9b0>,20,13,[1 9],21,101,114,80,101
1,<environment.Job instance at 0x7fd36bdf7a50>,9,1,[3 6],10,10,11,0,10
1,<environment.Job instance at 0x7fd36baba780>,4,14,[5 9],5,12,26,7,12
1,<environment.Job instance at 0x7fd36bdf7e10>,13,18,[9 1],14,28,46,14,28
1,<environment.Job instance at 0x7fd36baf5190>,12,18,[6 4],13,46,64,33,39
1,<environment.Job instance at 0x7fd36baf5730>,16,12,[3 8],17,64,76,47,47
1,<environment.Job instance at 0x7fd36b6b1820>,2,18,[6 5],3,25,43,22,25
1,<environment.Job instance at 0x7fd328083af0>,3,18,[9 2],4,26,44,22,26
1,<environment.Job instance at 0x7fd32807b690>,8,2,[10  1],9,44,46,35,27
1,<environment.Job instance at 0x7fd32807b4b0>,5,13,[ 3 10],6,51,64,45,51
1,<environment.Job instance at 0x7fd32807b9b0>,13,18,[2 6],14,75,93,61,75
1,<environment.Job instance at 0x7fd32807ba50>,14,18,[8 2],15,77,95,62,77
1,<environment.Job instance at 0x7fd32807bb90>,16,17,[1 6],17,100,117,83,100
1,<environment.Job instance at 0x7fd32807bd70>,19,13,[4 7],20,117,130,97,105
1,<environment.Job instance at 0x7fd327fd2280>,4,3,[7 5],5,5,8,0,5
1,<environment.Job instance at 0x7fd327fd21e0>,3,15,[7 3],4,8,23,4,8
1,<environment.Job instance at 0x7fd327fd2aa0>,7,12,[3 7],8,72,84,64,72
1,<environment.Job instance at 0x7fd327fd2eb0>,14,18,[6 1],15,72,90,57,72
1,<environment.Job instance at 0x7fd327fd2cd0>,17,2,[3 9],18,84,86,66,72
1,<environment.Job instance at 0x7fd327fd2190>,16,15,[4 9],17,86,101,69,83
1,<environment.Job instance at 0x7fd36b92b2d0>,20,16,[5 1],21,92,108,71,92
1,<environment.Job instance at 0x7fd36b92bfa0>,21,3,[6 3],22,108,111,86,92
1,<environment.Job instance at 0x7fd36b92b4b0>,22,12,[4 8],23,111,123,88,94
1,<environment.Job instance at 0x7fd36b92baa0>,23,2,[5 7],24,101,103,77,94
1,<environment.Job instance at 0x7fd372b3ea50>,5,1,[3 6],6,6,7,0,6
1,<environment.Job instance at 0x7fd372b3e1e0>,8,14,[9 1],9,9,23,0,9
1,<environment.Job instance at 0x7fd372b3e7d0>,9,15,[2 5],10,23,38,13,10
1,<environment.Job instance at 0x7fd372b3ea00>,11,3,[6 3],12,23,26,11,22
1,<environment.Job instance at 0x7fd372b3ee60>,13,14,[ 2 10],14,46,60,32,46
1,<environment.Job instance at 0x7fd372b3e460>,15,18,[8 3],16,66,84,50,66
1,<environment.Job instance at 0x7fd372b3ef00>,10,16,[5 9],11,84,100,73,76
1,<environment.Job instance at 0x7fd36b4bc140>,21,18,[ 1 10],22,100,118,78,93
1,<environment.Job instance at 0x7fd36b4bc870>,23,13,[1 7],24,118,131,94,115
1,<environment.Job instance at 0x7fd36b5ec3c0>,4,12,[8 5],5,6,18,1,6
1,<environment.Job instance at 0x7fd36b4bc460>,1,14,[3 7],2,18,32,16,8
1,<environment.Job instance at 0x7fd327b374b0>,3,2,[3 7],4,4,6,0,4
1,<environment.Job instance at 0x7fd36b6a60a0>,6,18,[5 5],7,9,27,2,9
1,<environment.Job instance at 0x7fd328008460>,10,14,[5 5],11,11,25,0,11
1,<environment.Job instance at 0x7fd36bb31d70>,5,2,[ 3 10],6,7,9,1,7
1,<environment.Job instance at 0x7fd36bb31f00>,8,1,[6 5],9,9,10,0,9
1,<environment.Job instance at 0x7fd36bb31550>,6,1,[1 8],7,22,23,15,22
1,<environment.Job instance at 0x7fd3277754b0>,12,14,[3 7],13,25,39,12,25
1,<environment.Job instance at 0x7fd36b4ef870>,0,17,[2 8],1,6,23,5,6
1,<environment.Job instance at 0x7fd36bb316e0>,3,18,[5 6],4,23,41,19,22
1,<environment.Job instance at 0x7fd36ba8dbe0>,13,14,[1 7],14,41,55,27,26
1,<environment.Job instance at 0x7fd36ba8a820>,16,13,[2 7],17,55,68,38,41
1,<environment.Job instance at 0x7fd36ba8abe0>,17,14,[ 1 10],18,68,82,50,55
1,<environment.Job instance at 0x7fd36ba8aa00>,22,18,[7 5],23,102,120,79,102
1,<environment.Job instance at 0x7fd36baba1e0>,25,12,[7 2],26,120,132,94,104
1,<environment.Job instance at 0x7fd327e26460>,7,3,[2 7],8,26,29,18,26
1,<environment.Job instance at 0x7fd327e264b0>,10,13,[6 1],11,27,40,16,27
1,<environment.Job instance at 0x7fd36b9dc1e0>,11,2,[7 5],12,40,42,28,27
1,<environment.Job instance at 0x7fd36b90bbe0>,13,15,[8 4],14,42,57,28,29
1,<environment.Job instance at 0x7fd36b9dcd20>,14,12,[4 9],15,76,88,61,76
1,<environment.Job instance at 0x7fd327776370>,22,2,[8 3],23,127,129,104,127
1,<environment.Job instance at 0x7fd36c003cd0>,9,13,[4 8],10,49,62,39,49
1,<environment.Job instance at 0x7fd36c0030f0>,11,16,[8 2],12,62,78,50,53
1,<environment.Job instance at 0x7fd36c003690>,14,16,[ 4 10],15,78,94,63,65
1,<environment.Job instance at 0x7fd327c9cf00>,20,13,[6 4],21,94,107,73,80
1,<environment.Job instance at 0x7fd36b5b80f0>,5,12,[4 5],6,20,32,14,20
1,<environment.Job instance at 0x7fd36b5b8d20>,9,13,[5 9],10,32,45,22,20
1,<environment.Job instance at 0x7fd3280ba0f0>,8,13,[9 2],9,45,58,36,30
1,<environment.Job instance at 0x7fd3278a4cd0>,6,17,[1 8],7,45,62,38,39
1,<environment.Job instance at 0x7fd36b5ef690>,16,18,[5 7],17,62,80,45,51
1,<environment.Job instance at 0x7fd3280ba690>,10,15,[2 9],11,80,95,69,67
1,<environment.Job instance at 0x7fc6cc470d70>,5,17,[1 6],6,6,23,0,6
1,<environment.Job instance at 0x7fc6cc42c0f0>,0,17,[6 1],1,6,23,5,6
1,<environment.Job instance at 0x7fc6c501c280>,4,13,[3 6],5,23,36,18,11
1,<environment.Job instance at 0x7fc6c501c910>,13,18,[5 9],14,36,54,22,28
1,<environment.Job instance at 0x7fc6c501c690>,10,12,[2 8],11,54,66,43,49
1,<environment.Job instance at 0x7fc6c501cc30>,17,12,[6 4],18,66,78,48,56
1,<environment.Job instance at 0x7fc6c501cd70>,5,3,[9 2],6,7,10,1,7
1,<environment.Job instance at 0x7fc6cc454dc0>,6,13,[10  5],7,14,27,7,14
1,<environment.Job instance at 0x7fc6cc454aa0>,7,2,[3 8],8,27,29,19,14
1,<environment.Job instance at 0x7fc6cc454e10>,8,3,[4 8],9,29,32,20,14
1,<environment.Job instance at 0x7fc6cc454eb0>,10,12,[5 1],11,47,59,36,47
1,<environment.Job instance at 0x7fc6cc454d20>,9,17,[5 7],10,47,64,37,47
1,<environment.Job instance at 0x7fc6cc59ab40>,14,15,[ 2 10],15,72,87,57,72
1,<environment.Job instance at 0x7fc6cc592af0>,19,2,[ 1 10],20,98,100,78,98
1,<environment.Job instance at 0x7fc6cc59a5a0>,16,17,[6 5],17,100,117,83,98
1,<environment.Job instance at 0x7fc6813101e0>,4,2,[8 1],5,5,7,0,5
1,<environment.Job instance at 0x7fc6812e4280>,9,3,[9 4],10,10,13,0,10
1,<environment.Job instance at 0x7fc6812e4140>,10,2,[2 9],11,13,15,2,11
1,<environment.Job instance at 0x7fc6812e4190>,11,15,[7 2],12,15,30,3,12
1,<environment.Job instance at 0x7fc6812f66e0>,16,12,[5 5],17,33,45,16,33
1,<environment.Job instance at 0x7fc6812f6780>,18,2,[8 3],19,45,47,26,34
1,<environment.Job instance at 0x7fc6812f68c0>,21,14,[3 8],22,47,61,25,35
1,<environment.Job instance at 0x7fc6812f6870>,19,18,[9 5],20,61,79,41,50
1,<environment.Job instance at 0x7fc6812f6f00>,26,14,[7 1],27,79,93,52,64
1,<environment.Job instance at 0x7fc6812a8550>,6,21,[6 5],7,26,47,19,26
1,<environment.Job instance at 0x7fc6812a8640>,9,14,[6 4],10,47,61,37,32
1,<environment.Job instance at 0x7fc6812a8f50>,12,15,[2 6],13,47,62,34,46
1,<environment.Job instance at 0x7fc6812a81e0>,14,19,[6 5],15,62,81,47,52
1,<environment.Job instance at 0x7fc6812d0140>,0,16,[1 5],1,4,20,3,4
1,<environment.Job instance at 0x7fc68171cfa0>,7,18,[5 1],8,30,48,22,30
1,<environment.Job instance at 0x7fc6812a8730>,6,13,[10  1],7,48,61,41,43
1,<environment.Job instance at 0x7fc681719640>,17,27,[7 1],18,73,100,55,73
1,<environment.Job instance at 0x7fc681719820>,20,2,[10  3],21,100,102,79,91
1,<environment.Job instance at 0x7fc6c532d0f0>,5,16,[9 4],6,6,22,0,6
1,<environment.Job instance at 0x7fc6c532d5a0>,11,12,[10  1],12,27,39,15,27
1,<environment.Job instance at 0x7fc6c532d820>,13,13,[5 9],14,39,52,25,27
1,<environment.Job instance at 0x7fc6c532dcd0>,21,13,[8 1],22,74,87,52,74
1,<environment.Job instance at 0x7fc681618be0>,22,12,[10  1],23,87,99,64,74
1,<environment.Job instance at 0x7fc681618d70>,26,18,[1 6],27,103,121,76,103
1,<environment.Job instance at 0x7fc681618370>,30,16,[9 1],31,123,139,92,123
1,<environment.Job instance at 0x7fc6c7b0faf0>,2,13,[3 6],3,5,18,2,5
1,<environment.Job instance at 0x7fc6c759c190>,9,20,[6 3],10,10,30,0,10
1,<environment.Job instance at 0x7fc6c759ccd0>,12,17,[5 1],13,30,47,17,28
1,<environment.Job instance at 0x7fc6c759c280>,10,17,[5 8],11,30,47,19,28
1,<environment.Job instance at 0x7fc6c7ac5b40>,17,3,[ 4 10],18,47,50,29,30
1,<environment.Job instance at 0x7fc6814d50f0>,19,16,[6 3],20,50,66,30,45
1,<environment.Job instance at 0x7fc6c7713460>,5,14,[1 6],6,18,32,12,18
1,<environment.Job instance at 0x7fc6c7713370>,7,17,[6 1],8,18,35,10,18
1,<environment.Job instance at 0x7fc6c7713780>,11,13,[7 3],12,35,48,23,19
1,<environment.Job instance at 0x7fc6c7713aa0>,16,1,[ 4 10],17,48,49,31,40
1,<environment.Job instance at 0x7fc6c7713e10>,18,15,[4 7],19,49,64,30,42
1,<environment.Job instance at 0x7fc6c77138c0>,13,17,[9 2],14,66,83,52,66
1,<environment.Job instance at 0x7fc6c770e0f0>,24,17,[6 4],25,88,105,63,88
1,<environment.Job instance at 0x7fc6c770e3c0>,26,18,[5 5],27,105,123,78,94
1,<environment.Job instance at 0x7fc6c770e7d0>,28,13,[8 4],29,123,136,94,107
1,<environment.Job instance at 0x7fc6c522cdc0>,0,2,[4 7],1,2,4,1,2
1,<environment.Job instance at 0x7fc6c7cb7870>,10,12,[ 1 10],11,35,47,24,35
1,<environment.Job instance at 0x7fc6c7cb76e0>,11,13,[6 5],12,47,60,35,36
1,<environment.Job instance at 0x7fc6c7cb7780>,14,15,[9 4],15,60,75,45,55
1,<environment.Job instance at 0x7fc6c4f82fa0>,17,3,[6 1],18,75,78,57,59
1,<environment.Job instance at 0x7fc6c4f82280>,18,14,[1 9],19,75,89,56,60
1,<environment.Job instance at 0x7fc6c4f82910>,20,3,[9 5],21,89,92,68,66
1,<environment.Job instance at 0x7fc6c4f82f00>,21,3,[8 1],22,78,81,56,66
1,<environment.Job instance at 0x7fc6c4f82b40>,22,17,[7 4],23,93,110,70,93
1,<environment.Job instance at 0x7fc6c4f82af0>,26,15,[8 2],27,110,125,83,100
1,<environment.Job instance at 0x7fc68183b2d0>,29,3,[9 5],30,125,128,95,120
1,<environment.Job instance at 0x7fc6815a6550>,1,12,[8 4],2,5,17,3,5
1,<environment.Job instance at 0x7fc6c7817fa0>,12,12,[5 5],13,77,89,64,77
1,<environment.Job instance at 0x7fc6c78172d0>,14,12,[8 4],15,99,111,84,99
1,<environment.Job instance at 0x7fc6c7817aa0>,13,16,[3 6],14,111,127,97,101
1,<environment.Job instance at 0x7fc6c7817320>,17,15,[5 2],18,112,127,94,112
1,<environment.Job instance at 0x7fc681418f00>,5,13,[1 8],6,19,32,13,19
1,<environment.Job instance at 0x7fc6c4df3f00>,4,14,[10  5],5,59,73,54,59
1,<environment.Job instance at 0x7fc6814186e0>,12,13,[5 2],13,73,86,60,59
1,<environment.Job instance at 0x7fc681409280>,14,18,[5 3],15,73,91,58,63
1,<environment.Job instance at 0x7fc681418be0>,9,14,[8 2],10,91,105,81,77
1,<environment.Job instance at 0x7fc681409780>,21,12,[5 7],22,105,117,83,96
1,<environment.Job instance at 0x7fc68187ddc0>,0,16,[3 8],1,6,22,5,6
1,<environment.Job instance at 0x7fc6812a9d70>,7,12,[9 2],8,22,34,14,8
1,<environment.Job instance at 0x7fc6818f6410>,8,3,[5 1],9,9,12,0,9
1,<environment.Job instance at 0x7fc681834e10>,13,16,[9 2],14,34,50,20,21
1,<environment.Job instance at 0x7fc6818341e0>,12,17,[ 3 10],13,50,67,37,40
1,<environment.Job instance at 0x7fc6cc5930f0>,18,15,[8 5],19,67,82,48,55
1,<environment.Job instance at 0x7fc681662870>,7,2,[4 8],8,41,43,33,41
1,<environment.Job instance at 0x7fc6816620a0>,11,14,[3 7],12,49,63,37,49
1,<environment.Job instance at 0x7fc6c54decd0>,0,12,[9 4],1,63,75,62,61
1,<environment.Job instance at 0x7fc681662910>,15,12,[9 1],16,75,87,59,61
1,<environment.Job instance at 0x7fc6c7712190>,17,18,[10  2],18,87,105,69,78
1,<environment.Job instance at 0x7fc6c77dc140>,3,2,[3 7],4,6,8,2,6
1,<environment.Job instance at 0x7fc68132d910>,6,18,[5 5],7,8,26,1,8
1,<environment.Job instance at 0x7fc68132dd70>,10,14,[5 5],11,11,25,0,11
1,<environment.Job instance at 0x7fc68132dd70>,3,18,[1 5],4,4,22,0,4
1,<environment.Job instance at 0x7fc6c4e6a9b0>,10,17,[7 1],11,47,64,36,47
1,<environment.Job instance at 0x7fc681455280>,16,18,[3 6],17,102,120,85,102
1,<environment.Job instance at 0x7fc681914e10>,17,13,[10  4],18,120,133,102,106
1,<environment.Job instance at 0x7fc6c521baa0>,20,16,[10  1],21,133,149,112,129
1,<environment.Job instance at 0x7fc681007fa0>,5,12,[7 2],6,6,18,0,6
1,<environment.Job instance at 0x7fc681007e10>,8,1,[10  1],9,22,23,13,22
1,<environment.Job instance at 0x7fc6810078c0>,11,12,[5 5],12,44,56,32,44
1,<environment.Job instance at 0x7fc681007230>,4,14,[3 7],5,56,70,51,44
1,<environment.Job instance at 0x7fc681007c80>,2,18,[7 5],3,113,131,110,113
1,<environment.Job instance at 0x7fc68121ce60>,21,14,[7 5],22,131,145,109,120
1,<environment.Job instance at 0x7fc6c53a67d0>,1,17,[2 7],2,7,24,5,7
1,<environment.Job instance at 0x7fc6c79df820>,6,15,[ 4 10],7,24,39,17,11
1,<environment.Job instance at 0x7fc6c4fda910>,0,17,[2 9],1,39,56,38,31
1,<environment.Job instance at 0x7fc6c4dffaa0>,6,14,[5 7],7,16,30,9,16
1,<environment.Job instance at 0x7fc6c4dff6e0>,7,12,[6 4],8,30,42,22,16
1,<environment.Job instance at 0x7fc6811dbf50>,9,16,[ 1 10],10,11,27,1,11
1,<environment.Job instance at 0x7fc681091e10>,0,13,[4 6],1,27,40,26,11
1,<environment.Job instance at 0x7fc6811cbb90>,6,17,[ 4 10],7,40,57,33,29
1,<environment.Job instance at 0x7fc6818108c0>,17,12,[ 5 10],18,57,69,39,45
1,<environment.Job instance at 0x7fc681810690>,20,13,[2 9],21,69,82,48,55
1,<environment.Job instance at 0x7fc681810f00>,24,12,[6 2],25,82,94,57,68
1,<environment.Job instance at 0x7fc6818105a0>,25,14,[6 3],26,94,108,68,79
1,<environment.Job instance at 0x7fc681810730>,30,19,[5 5],31,121,140,90,121
1,<environment.Job instance at 0x7fc6c76fab40>,7,15,[5 2],8,22,37,14,22
1,<environment.Job instance at 0x7fc68150baa0>,12,18,[5 7],13,25,43,12,25
1,<environment.Job instance at 0x7f3dac6132d0>,1,14,[ 2 10],2,7,21,5,7
1,<environment.Job instance at 0x7f3dac6575a0>,4,13,[3 6],5,21,34,16,9
1,<environment.Job instance at 0x7f3da5204780>,11,12,[8 4],12,34,46,22,28
1,<environment.Job instance at 0x7f3da52048c0>,12,12,[6 4],13,46,58,33,29
1,<environment.Job instance at 0x7f3da52047d0>,10,12,[2 8],11,58,70,47,49
1,<environment.Job instance at 0x7f3da5204960>,13,18,[5 9],14,70,88,56,59
1,<environment.Job instance at 0x7f3dac781e10>,9,2,[ 1 10],10,34,36,24,34
1,<environment.Job instance at 0x7f3dac781cd0>,6,17,[6 5],7,93,110,86,93
1,<environment.Job instance at 0x7f3dac779f50>,18,14,[ 5 10],19,110,124,91,98
1,<environment.Job instance at 0x7f3dad665b40>,22,24,[3 7],23,124,148,101,123
1,<environment.Job instance at 0x7f3dac7811e0>,4,15,[ 2 10],5,148,163,143,138
1,<environment.Job instance at 0x7f3dac7874b0>,27,2,[5 7],28,163,165,135,140
1,<environment.Job instance at 0x7f3d614cd960>,4,3,[4 5],5,5,8,0,5
1,<environment.Job instance at 0x7f3d614cdbe0>,1,14,[3 8],2,8,22,6,6
1,<environment.Job instance at 0x7f3d614cd5a0>,8,14,[5 2],9,9,23,0,9
1,<environment.Job instance at 0x7f3dac787690>,5,16,[5 3],6,22,38,16,11
1,<environment.Job instance at 0x7f3d614cdaa0>,0,18,[1 7],1,23,41,22,13
1,<environment.Job instance at 0x7f3d615e6d20>,13,16,[ 5 10],14,41,57,27,28
1,<environment.Job instance at 0x7f3d615e69b0>,17,18,[5 6],18,57,75,39,46
1,<environment.Job instance at 0x7f3d615e6550>,20,17,[7 5],21,75,92,54,65
1,<environment.Job instance at 0x7f3d615e6820>,21,16,[ 4 10],22,92,108,70,86
1,<environment.Job instance at 0x7f3d616103c0>,5,15,[2 9],6,6,21,0,6
1,<environment.Job instance at 0x7f3d61610f50>,8,2,[7 2],9,21,23,12,9
1,<environment.Job instance at 0x7f3d61850730>,11,3,[2 8],12,23,26,11,23
1,<environment.Job instance at 0x7f3d618507d0>,12,13,[6 3],13,26,39,13,23
1,<environment.Job instance at 0x7f3d615e65a0>,3,18,[9 5],4,39,57,35,28
1,<environment.Job instance at 0x7f3d618f23c0>,4,14,[ 1 10],5,9,23,4,9
1,<environment.Job instance at 0x7f3d618f2780>,9,17,[1 7],10,23,40,13,18
1,<environment.Job instance at 0x7f3d618f2460>,7,15,[ 4 10],8,46,61,38,46
1,<environment.Job instance at 0x7f3d618f2af0>,15,13,[1 5],16,61,74,45,47
1,<environment.Job instance at 0x7f3d618f2c30>,17,3,[1 9],18,74,77,56,61
1,<environment.Job instance at 0x7f3d618f2410>,18,14,[3 6],19,113,127,94,113
1,<environment.Job instance at 0x7f3d61902050>,23,15,[10  3],24,136,151,112,136
1,<environment.Job instance at 0x7f3d619020f0>,22,16,[9 2],23,151,167,128,142
1,<environment.Job instance at 0x7f3da57117d0>,3,1,[6 2],4,4,5,0,4
1,<environment.Job instance at 0x7f3da57110f0>,8,14,[2 7],9,19,33,10,19
1,<environment.Job instance at 0x7f3da5711550>,7,14,[9 2],8,33,47,25,19
1,<environment.Job instance at 0x7f3da4f6e1e0>,11,16,[6 2],12,47,63,35,44
1,<environment.Job instance at 0x7f3da4f6e370>,15,14,[2 9],16,63,77,47,55
1,<environment.Job instance at 0x7f3dabb95b90>,0,16,[ 2 10],1,6,22,5,6
1,<environment.Job instance at 0x7f3d6190ca00>,9,2,[3 9],10,42,44,32,42
1,<environment.Job instance at 0x7f3da5711140>,3,14,[4 8],4,54,68,50,54
1,<environment.Job instance at 0x7f3dabc0d870>,13,2,[7 1],14,68,70,54,62
1,<environment.Job instance at 0x7f3dabab9b40>,14,3,[2 6],15,68,71,53,62
1,<environment.Job instance at 0x7f3da5525be0>,19,14,[2 6],20,115,129,95,115
1,<environment.Job instance at 0x7f3dabad8d20>,20,14,[2 8],21,129,143,108,115
1,<environment.Job instance at 0x7f3dabad8d20>,3,18,[9 1],4,4,22,0,4
1,<environment.Job instance at 0x7f3d61352eb0>,9,18,[2 9],10,22,40,12,13
1,<environment.Job instance at 0x7f3d61354050>,13,18,[3 5],14,54,72,40,54
1,<environment.Job instance at 0x7f3d613540a0>,17,13,[2 9],18,72,85,54,56
1,<environment.Job instance at 0x7f3da543d640>,0,14,[4 7],1,5,19,4,5
1,<environment.Job instance at 0x7f3dabf7c500>,0,3,[10  4],1,5,8,4,5
1,<environment.Job instance at 0x7f3da5595c80>,1,17,[5 6],2,8,25,6,6
1,<environment.Job instance at 0x7f3d614a7820>,4,12,[4 9],5,25,37,20,17
1,<environment.Job instance at 0x7f3d618a41e0>,12,15,[1 7],13,37,52,24,26
1,<environment.Job instance at 0x7f3d618a4be0>,15,12,[1 9],16,52,64,36,35
1,<environment.Job instance at 0x7f3dabc471e0>,18,15,[8 2],19,64,79,45,51
1,<environment.Job instance at 0x7f3da5605820>,21,18,[1 6],22,65,83,43,65
1,<environment.Job instance at 0x7f3d61acde60>,23,12,[5 9],24,83,95,59,68
1,<environment.Job instance at 0x7f3d614bcaf0>,27,20,[1 5],28,102,122,74,102
1,<environment.Job instance at 0x7f3d614bcaf0>,3,1,[7 1],4,4,5,0,4
1,<environment.Job instance at 0x7f3dabeba050>,5,1,[10  4],6,7,8,1,7
1,<environment.Job instance at 0x7f3d61743280>,2,14,[5 7],3,9,23,6,9
1,<environment.Job instance at 0x7f3dabeba280>,7,13,[4 6],8,23,36,15,11
1,<environment.Job instance at 0x7f3dabed2fa0>,6,15,[9 5],7,40,55,33,40
1,<environment.Job instance at 0x7f3dabeba7d0>,14,13,[3 5],15,55,68,40,40
1,<environment.Job instance at 0x7f3dabeba9b0>,17,16,[10  2],18,68,84,50,60
1,<environment.Job instance at 0x7f3d61878cd0>,2,1,[ 2 10],3,3,4,0,3
1,<environment.Job instance at 0x7f3dabeba460>,3,13,[1 7],4,4,17,0,4
1,<environment.Job instance at 0x7f3da510f410>,18,16,[5 5],19,101,117,82,101
1,<environment.Job instance at 0x7f3da510f5f0>,17,17,[5 5],18,102,119,84,102
1,<environment.Job instance at 0x7f3d6160bf50>,22,18,[9 4],23,120,138,97,120
1,<environment.Job instance at 0x7f3d6160bf00>,24,14,[4 6],25,138,152,113,124
1,<environment.Job instance at 0x7f3dabf368c0>,26,16,[6 3],27,138,154,111,134
1,<environment.Job instance at 0x7f3dad586e10>,4,17,[8 3],5,154,171,149,142
1,<environment.Job instance at 0x7f3dabf7df50>,7,18,[5 2],8,11,29,3,11
1,<environment.Job instance at 0x7f3dabf7d820>,11,12,[2 8],12,31,43,19,31
1,<environment.Job instance at 0x7f3dabf7d3c0>,12,13,[ 5 10],13,43,56,30,32
1,<environment.Job instance at 0x7f3da5395c80>,16,14,[3 7],17,77,91,60,77
1,<environment.Job instance at 0x7f3da53952d0>,17,18,[6 5],18,91,109,73,80
1,<environment.Job instance at 0x7f3da5395500>,21,1,[1 5],22,101,102,79,101
1,<environment.Job instance at 0x7f3da5395a50>,15,18,[2 9],16,109,127,93,102
1,<environment.Job instance at 0x7f3dac17a050>,4,16,[7 5],5,5,21,0,5
1,<environment.Job instance at 0x7f3da5641190>,5,2,[ 3 10],6,21,23,15,6
1,<environment.Job instance at 0x7f3da56411e0>,6,1,[1 8],7,23,24,16,7
1,<environment.Job instance at 0x7f3da5641640>,8,1,[6 5],9,24,25,15,20
1,<environment.Job instance at 0x7f3da5640690>,12,14,[3 7],13,25,39,12,25
1,<environment.Job instance at 0x7f3d618a6a50>,8,1,[10  1],9,22,23,13,22
1,<environment.Job instance at 0x7f3d618a6050>,9,23,[ 2 10],10,23,46,13,22
1,<environment.Job instance at 0x7f3d61b9f370>,12,16,[4 6],13,46,62,33,33
1,<environment.Job instance at 0x7f3d61b9fbe0>,14,18,[3 8],15,62,80,47,51
1,<environment.Job instance at 0x7f3d61a83280>,19,19,[3 5],20,107,126,87,107
1,<environment.Job instance at 0x7f3dabfaeeb0>,21,14,[7 5],22,107,121,85,107
1,<environment.Job instance at 0x7f3da552ea50>,3,18,[2 6],4,7,25,3,7
1,<environment.Job instance at 0x7f3d61b89640>,6,13,[6 3],7,7,20,0,7
1,<environment.Job instance at 0x7f3d612cc410>,8,12,[6 3],9,20,32,11,9
1,<environment.Job instance at 0x7f3d612ccd70>,10,1,[4 6],11,25,26,14,11
1,<environment.Job instance at 0x7f3d61b89690>,5,13,[ 1 10],6,32,45,26,17
1,<environment.Job instance at 0x7f3dabf3a7d0>,3,17,[5 2],4,4,21,0,4
1,<environment.Job instance at 0x7f3dabcacc30>,7,13,[5 6],8,8,21,0,8
1,<environment.Job instance at 0x7f3dabcacdc0>,8,3,[5 8],9,21,24,12,9
1,<environment.Job instance at 0x7f3dabc8ee60>,11,13,[8 1],12,24,37,12,24
1,<environment.Job instance at 0x7f3dabcb71e0>,13,19,[4 9],14,50,69,36,50
1,<environment.Job instance at 0x7f3dabcb7410>,15,3,[8 3],16,69,72,53,51
1,<environment.Job instance at 0x7f3dabcb7af0>,20,14,[1 9],21,73,87,52,73
1,<environment.Job instance at 0x7f3dabcb7050>,19,3,[1 5],20,87,90,67,73
1,<environment.Job instance at 0x7f3dabcb7eb0>,22,16,[2 8],23,90,106,67,77
1,<environment.Job instance at 0x7f3d617b43c0>,7,14,[7 5],8,8,22,0,8
1,<environment.Job instance at 0x7f3d617b48c0>,6,17,[8 5],7,32,49,25,32
1,<environment.Job instance at 0x7f3d61b9ba50>,13,18,[9 1],14,107,125,93,107
1,<environment.Job instance at 0x7f3dabcb7b90>,3,15,[ 5 10],4,146,161,142,146
1,<environment.Job instance at 0x7f3da5454a00>,5,12,[1 5],6,7,19,1,7
1,<environment.Job instance at 0x7f3da54bf780>,3,17,[4 7],4,19,36,15,9
1,<environment.Job instance at 0x7f3da54bfaf0>,4,17,[5 5],5,36,53,31,24
1,<environment.Job instance at 0x7f3da54541e0>,12,2,[8 4],13,53,55,40,26
1,<environment.Job instance at 0x7f3da4f6c5a0>,1,17,[9 1],2,55,72,53,53
1,<environment.Job instance at 0x7f3d61a3ec80>,2,14,[5 5],3,3,17,0,3
1,<environment.Job instance at 0x7f3d61182050>,3,15,[1 7],4,17,32,13,5
1,<environment.Job instance at 0x7f3d6187a7d0>,5,2,[ 5 10],6,32,34,26,12
1,<environment.Job instance at 0x7f3dabcc1a50>,15,18,[6 2],16,34,52,18,24
1,<environment.Job instance at 0x7f3d61a3ea00>,0,12,[ 4 10],1,52,64,51,49
1,<environment.Job instance at 0x7f23d30b32d0>,4,13,[3 6],5,5,18,0,5
1,<environment.Job instance at 0x7f23d30b3410>,5,17,[1 6],6,18,35,12,6
1,<environment.Job instance at 0x7f23d30b3820>,11,12,[8 4],12,28,40,16,28
1,<environment.Job instance at 0x7f23d30b38c0>,12,12,[6 4],13,40,52,27,28
1,<environment.Job instance at 0x7f23d30b3550>,10,12,[2 8],11,52,64,41,49
1,<environment.Job instance at 0x7f23d30b3c30>,17,12,[6 4],18,64,76,46,56
1,<environment.Job instance at 0x7f23da6390f0>,6,3,[5 6],7,26,29,19,26
1,<environment.Job instance at 0x7f23da4ea1e0>,12,24,[3 7],13,29,53,16,26
1,<environment.Job instance at 0x7f23da629b90>,8,14,[ 5 10],9,53,67,44,52
1,<environment.Job instance at 0x7f23da62fe60>,17,2,[5 7],18,67,69,49,52
1,<environment.Job instance at 0x7f23da62ff00>,16,16,[8 4],17,69,85,52,59
1,<environment.Job instance at 0x7f23da62f550>,19,17,[3 5],20,85,102,65,73
1,<environment.Job instance at 0x7f23da62adc0>,25,17,[9 1],26,125,142,99,125
1,<environment.Job instance at 0x7f23da63d050>,29,17,[9 5],30,143,160,113,143
1,<environment.Job instance at 0x7f23da63d870>,30,3,[9 5],31,160,163,129,143
1,<environment.Job instance at 0x7f238f3a7550>,0,17,[7 5],1,77,94,76,77
1,<environment.Job instance at 0x7f238f467eb0>,11,12,[2 7],12,97,109,85,97
1,<environment.Job instance at 0x7f238f4678c0>,14,2,[5 5],15,123,125,108,123
1,<environment.Job instance at 0x7f238f467b40>,15,3,[9 3],16,125,128,109,123
1,<environment.Job instance at 0x7f238f467690>,16,3,[10  2],17,128,131,111,123
1,<environment.Job instance at 0x7f238f467c30>,9,13,[2 9],10,131,144,121,123
1,<environment.Job instance at 0x7f238f4671e0>,21,17,[7 1],22,152,169,130,152
1,<environment.Job instance at 0x7f238f6fb230>,5,16,[7 5],6,22,38,16,22
1,<environment.Job instance at 0x7f238f6fb2d0>,7,12,[5 5],8,38,50,30,22
1,<environment.Job instance at 0x7f238f6fbcd0>,12,16,[4 6],13,53,69,40,53
1,<environment.Job instance at 0x7f238f6fb410>,13,16,[1 9],14,69,85,55,59
1,<environment.Job instance at 0x7f238f80a550>,19,12,[5 5],20,102,114,82,102
1,<environment.Job instance at 0x7f238f80a960>,20,17,[5 5],21,102,119,81,102
1,<environment.Job instance at 0x7f238f4917d0>,3,16,[6 2],4,4,20,0,4
1,<environment.Job instance at 0x7f23da254140>,0,12,[6 2],1,20,32,19,8
1,<environment.Job instance at 0x7f238f7a9870>,10,12,[7 2],11,32,44,21,15
1,<environment.Job instance at 0x7f238f7a9af0>,13,18,[ 2 10],14,44,62,30,43
1,<environment.Job instance at 0x7f238f7a9eb0>,17,12,[10  4],18,62,74,44,55
1,<environment.Job instance at 0x7f238f7a9c80>,19,13,[5 8],20,74,87,54,60
1,<environment.Job instance at 0x7f238f7b3230>,20,3,[1 8],21,87,90,66,61
1,<environment.Job instance at 0x7f238f7b3370>,22,2,[10  5],23,90,92,67,80
1,<environment.Job instance at 0x7f23d7b60af0>,3,18,[9 1],4,22,40,18,22
1,<environment.Job instance at 0x7f23d7b60870>,5,14,[2 8],6,40,54,34,26
1,<environment.Job instance at 0x7f238f98d230>,12,16,[8 3],13,85,101,72,85
1,<environment.Job instance at 0x7f238f98d050>,15,2,[1 8],16,101,103,85,98
1,<environment.Job instance at 0x7f238f98ddc0>,16,14,[7 1],17,101,115,84,98
1,<environment.Job instance at 0x7f238f98dcd0>,20,12,[1 8],21,103,115,82,101
1,<environment.Job instance at 0x7f238f98deb0>,17,16,[10  3],18,115,131,97,103
1,<environment.Job instance at 0x7f238f98df00>,21,18,[5 9],22,131,149,109,128
1,<environment.Job instance at 0x7f238f98d910>,25,14,[6 4],26,149,163,123,134
1,<environment.Job instance at 0x7f23d78c7320>,10,18,[6 4],11,24,42,13,24
1,<environment.Job instance at 0x7f23d78c7820>,8,18,[3 5],9,43,61,34,43
1,<environment.Job instance at 0x7f23d78c73c0>,7,12,[7 5],8,70,82,62,70
1,<environment.Job instance at 0x7f23d78b0780>,18,12,[2 7],19,82,94,63,71
1,<environment.Job instance at 0x7f238f52dbe0>,25,14,[1 6],26,133,147,107,133
1,<environment.Job instance at 0x7f23d786baa0>,26,17,[9 4],27,136,153,109,136
1,<environment.Job instance at 0x7f238f806b40>,24,18,[1 9],25,153,171,128,142
1,<environment.Job instance at 0x7f23d7be3370>,31,13,[7 3],32,171,184,139,155
1,<environment.Job instance at 0x7f238f227b90>,6,19,[1 7],7,50,69,43,50
1,<environment.Job instance at 0x7f238f227dc0>,11,13,[6 5],12,69,82,57,53
1,<environment.Job instance at 0x7f238f227a00>,4,17,[2 6],5,82,99,77,70
1,<environment.Job instance at 0x7f238f2291e0>,17,3,[6 1],18,82,85,64,71
1,<environment.Job instance at 0x7f238f229280>,18,14,[1 9],19,99,113,80,84
1,<environment.Job instance at 0x7f238f2293c0>,20,3,[9 5],21,113,116,92,89
1,<environment.Job instance at 0x7f238f229460>,21,3,[8 1],22,89,92,67,89
1,<environment.Job instance at 0x7f238f227d20>,10,12,[ 1 10],11,116,128,105,99
1,<environment.Job instance at 0x7f238f229870>,25,13,[7 1],26,128,141,102,118
1,<environment.Job instance at 0x7f238f2298c0>,26,15,[8 2],27,146,161,119,146
1,<environment.Job instance at 0x7f238f229be0>,31,16,[4 6],32,161,177,129,148
1,<environment.Job instance at 0x7f238f8f8960>,2,13,[7 3],3,14,27,11,14
1,<environment.Job instance at 0x7f23d30febe0>,13,18,[7 4],14,62,80,48,62
1,<environment.Job instance at 0x7f23d30fefa0>,17,15,[1 5],18,84,99,66,84
1,<environment.Job instance at 0x7f23d30feb90>,9,18,[10  3],10,99,117,89,94
1,<environment.Job instance at 0x7f23d776ad70>,4,18,[6 1],5,5,23,0,5
1,<environment.Job instance at 0x7f23d75fc730>,7,2,[3 9],8,9,11,1,9
1,<environment.Job instance at 0x7f23d75fc4b0>,6,15,[4 9],7,19,34,12,19
1,<environment.Job instance at 0x7f238f99d690>,11,3,[6 3],12,34,37,22,24
1,<environment.Job instance at 0x7f238f99dfa0>,12,12,[4 8],13,37,49,24,24
1,<environment.Job instance at 0x7f23d7bc1190>,17,16,[1 5],18,49,65,31,46
1,<environment.Job instance at 0x7f23d2f699b0>,19,14,[3 7],20,72,86,52,72
1,<environment.Job instance at 0x7f238f66d4b0>,21,13,[5 8],22,86,99,64,72
1,<environment.Job instance at 0x7f238f8800a0>,2,1,[5 1],3,3,4,0,3
1,<environment.Job instance at 0x7f23d31d1a00>,5,2,[5 7],6,6,8,0,6
1,<environment.Job instance at 0x7f238f508b40>,7,18,[10  4],8,9,27,1,9
1,<environment.Job instance at 0x7f238f500140>,15,17,[5 2],16,75,92,59,75
1,<environment.Job instance at 0x7f238f8d3aa0>,6,18,[8 2],7,7,25,0,7
1,<environment.Job instance at 0x7f238f8d3280>,9,13,[5 2],10,25,38,15,13
1,<environment.Job instance at 0x7f23d31fa140>,7,28,[6 1],8,9,37,1,9
1,<environment.Job instance at 0x7f23d31fa500>,9,13,[10  2],10,39,52,29,39
1,<environment.Job instance at 0x7f23d31fa9b0>,10,17,[9 4],11,52,69,41,40
1,<environment.Job instance at 0x7f23d31fa370>,14,3,[8 3],15,69,72,54,53
1,<environment.Job instance at 0x7f23d35e37d0>,16,12,[3 5],17,72,84,55,57
1,<environment.Job instance at 0x7f23d33b5320>,25,1,[3 5],26,150,151,124,150
1,<environment.Job instance at 0x7f23da24af00>,26,15,[9 5],27,151,166,124,151
1,<environment.Job instance at 0x7f23da24a1e0>,29,12,[5 1],30,166,178,136,156
1,<environment.Job instance at 0x7f23da24ad70>,2,13,[9 5],3,5,18,2,5
1,<environment.Job instance at 0x7f23d767ceb0>,6,16,[10  3],7,18,34,11,8
1,<environment.Job instance at 0x7f238f29e4b0>,0,17,[2 8],1,34,51,33,23
1,<environment.Job instance at 0x7f23d76a3af0>,14,14,[7 4],15,51,65,36,36
1,<environment.Job instance at 0x7f23d76a3f50>,15,16,[3 5],16,51,67,35,38
1,<environment.Job instance at 0x7f23d76a3eb0>,17,14,[ 1 10],18,67,81,49,53
1,<environment.Job instance at 0x7f23d76770f0>,22,18,[7 5],23,81,99,58,74
1,<environment.Job instance at 0x7f238f3c96e0>,25,12,[7 2],26,99,111,73,82
1,<environment.Job instance at 0x7f238f3c1500>,28,1,[10  1],29,111,112,82,102
1,<environment.Job instance at 0x7f23d331b280>,6,15,[ 4 10],7,8,23,1,8
1,<environment.Job instance at 0x7f238f3d31e0>,7,16,[8 1],8,23,39,15,10
1,<environment.Job instance at 0x7f23d7b3d780>,0,17,[2 9],1,23,40,22,11
1,<environment.Job instance at 0x7f238f12e5a0>,7,13,[5 6],8,8,21,0,8
1,<environment.Job instance at 0x7f238f12e8c0>,8,3,[5 8],9,21,24,12,9
1,<environment.Job instance at 0x7f238f12ed70>,11,13,[8 1],12,24,37,12,24
1,<environment.Job instance at 0x7f238f12e0f0>,15,3,[8 3],16,67,70,51,67
1,<environment.Job instance at 0x7f238f12eaa0>,5,17,[6 1],6,70,87,64,67
1,<environment.Job instance at 0x7f238f12efa0>,16,17,[5 3],17,94,111,77,94
1,<environment.Job instance at 0x7f238f12e2d0>,19,3,[1 5],20,95,98,75,95
1,<environment.Job instance at 0x7f238f12ea50>,3,17,[5 2],4,98,115,94,95
1,<environment.Job instance at 0x7f238f125190>,23,12,[5 1],24,112,124,88,112
1,<environment.Job instance at 0x7f238f125dc0>,28,18,[5 8],29,134,152,105,134
1,<environment.Job instance at 0x7f238f125230>,29,15,[3 7],30,152,167,122,150
1,<environment.Job instance at 0x7f238f125910>,3,18,[9 1],4,4,22,0,4
1,<environment.Job instance at 0x7f23d30d66e0>,7,18,[5 2],8,22,40,14,11
1,<environment.Job instance at 0x7f23d30b1fa0>,12,16,[8 2],13,40,56,27,27
1,<environment.Job instance at 0x7f23d30b15a0>,18,15,[3 8],19,56,71,37,48
1,<environment.Job instance at 0x7f23d30b18c0>,19,16,[9 5],20,71,87,51,58
1,<environment.Job instance at 0x7f238f7a8640>,0,16,[7 3],1,7,23,6,7
1,<environment.Job instance at 0x7f23d7950d20>,6,2,[10  3],7,23,25,16,7
1,<environment.Job instance at 0x7f23da401370>,8,14,[5 5],9,25,39,16,13
1,<environment.Job instance at 0x7f238f1e05a0>,6,14,[2 5],7,7,21,0,7
1,<environment.Job instance at 0x7f238f1e02d0>,8,13,[5 5],9,18,31,9,18
1,<environment.Job instance at 0x7f23d7962aa0>,2,15,[1 7],3,4,19,1,4
1,<environment.Job instance at 0x7f23d781d960>,5,17,[5 4],6,19,36,13,7
1,<environment.Job instance at 0x7f23d3535960>,9,3,[10  4],10,36,39,26,11
1,<environment.Job instance at 0x7f23d35358c0>,11,12,[3 8],12,39,51,27,22
1,<environment.Job instance at 0x7f23d781db90>,3,16,[7 5],4,51,67,47,38
1,<environment.Job instance at 0x7f23d7b68eb0>,17,20,[2 5],18,54,74,36,54
1,<environment.Job instance at 0x7f238f944690>,15,17,[1 6],16,74,91,58,64
1,<environment.Job instance at 0x7f238f0b4e10>,22,12,[7 4],23,75,87,52,75
1,<environment.Job instance at 0x7f238f0b47d0>,23,14,[5 7],24,91,105,67,76
1,<environment.Job instance at 0x7f5ca915b0a0>,2,14,[ 2 10],3,4,18,1,4
1,<environment.Job instance at 0x7f5ca1d4c7d0>,10,12,[2 8],11,18,30,7,15
1,<environment.Job instance at 0x7f5ca1d4c870>,11,12,[8 4],12,30,42,18,16
1,<environment.Job instance at 0x7f5ca1d4c820>,13,18,[5 9],14,49,67,35,49
1,<environment.Job instance at 0x7f5ca1d4ccd0>,17,12,[6 4],18,67,79,49,56
1,<environment.Job instance at 0x7f5ca1d4cc80>,3,19,[3 8],4,5,24,1,5
1,<environment.Job instance at 0x7f5ca9183c80>,7,2,[5 7],8,24,26,16,9
1,<environment.Job instance at 0x7f5ca91831e0>,9,17,[3 5],10,26,43,16,15
1,<environment.Job instance at 0x7f5ca92c1b90>,16,13,[9 5],17,54,67,37,54
1,<environment.Job instance at 0x7f5ca92c1af0>,20,3,[9 5],21,79,82,58,79
1,<environment.Job instance at 0x7f5ca92c1f00>,18,19,[5 3],19,82,101,63,80
1,<environment.Job instance at 0x7f5c6aba03c0>,22,12,[1 9],23,101,113,78,84
1,<environment.Job instance at 0x7f5ca92cf780>,26,18,[1 7],27,135,153,108,135
1,<environment.Job instance at 0x7f5c5e014820>,4,20,[2 5],5,11,31,6,11
1,<environment.Job instance at 0x7f5c5e014190>,9,17,[4 5],10,20,37,10,20
1,<environment.Job instance at 0x7f5c5e0142d0>,10,1,[ 4 10],11,37,38,26,20
1,<environment.Job instance at 0x7f5c5e014be0>,13,17,[6 3],14,38,55,24,26
1,<environment.Job instance at 0x7f5c5e014f00>,12,16,[5 2],13,75,91,62,75
1,<environment.Job instance at 0x7f5c5e093be0>,23,3,[ 5 10],24,94,97,70,94
1,<environment.Job instance at 0x7f5c5e093230>,25,16,[5 2],26,97,113,71,94
1,<environment.Job instance at 0x7f5c5e0932d0>,26,2,[5 3],27,97,99,70,94
1,<environment.Job instance at 0x7f5c5e093c80>,27,12,[3 8],28,99,111,71,94
1,<environment.Job instance at 0x7f5c5e03f5a0>,0,17,[5 9],1,113,130,112,101
1,<environment.Job instance at 0x7f5c5e0fa8c0>,32,13,[5 5],33,130,143,97,115
1,<environment.Job instance at 0x7f5c5e109550>,2,13,[5 5],3,5,18,2,5
1,<environment.Job instance at 0x7f5c5e39eaa0>,6,16,[2 5],7,7,23,0,7
1,<environment.Job instance at 0x7f5c5e39e780>,4,18,[6 3],5,18,36,13,9
1,<environment.Job instance at 0x7f5c5e4433c0>,5,12,[1 7],6,6,18,0,6
1,<environment.Job instance at 0x7f5c5e443af0>,6,17,[8 4],7,18,35,11,7
1,<environment.Job instance at 0x7f5c5e443730>,11,12,[ 3 10],12,35,47,23,18
1,<environment.Job instance at 0x7f5c5e443230>,13,2,[3 6],14,47,49,33,20
1,<environment.Job instance at 0x7f5c5e3982d0>,4,15,[4 7],5,49,64,44,35
1,<environment.Job instance at 0x7f5c5e43a140>,16,16,[ 4 10],17,64,80,47,53
1,<environment.Job instance at 0x7f5c5e43a3c0>,22,18,[6 4],23,80,98,57,69
1,<environment.Job instance at 0x7f5c5e43a7d0>,26,15,[4 8],27,98,113,71,87
1,<environment.Job instance at 0x7f5c5e43a910>,28,15,[10  2],29,113,128,84,99
1,<environment.Job instance at 0x7f5c5e43abe0>,31,12,[10  1],32,128,140,96,111
1,<environment.Job instance at 0x7f5c5e43ae10>,3,20,[5 3],4,5,25,1,5
1,<environment.Job instance at 0x7f5ca89afc80>,7,3,[ 4 10],8,25,28,17,8
1,<environment.Job instance at 0x7f5ca89af190>,10,14,[5 5],11,28,42,17,15
1,<environment.Job instance at 0x7f5ca89af5a0>,13,3,[10  2],14,42,45,28,21
1,<environment.Job instance at 0x7f5ca1c25dc0>,6,14,[10  1],7,45,59,38,31
1,<environment.Job instance at 0x7f5ca89affa0>,9,16,[6 3],10,59,75,49,47
1,<environment.Job instance at 0x7f5ca2268e60>,3,18,[5 3],4,32,50,28,32
1,<environment.Job instance at 0x7f5ca205ccd0>,8,14,[5 1],9,34,48,25,34
1,<environment.Job instance at 0x7f5ca205c8c0>,9,14,[2 8],10,50,64,40,44
1,<environment.Job instance at 0x7f5ca205c550>,12,27,[5 3],13,68,95,55,68
1,<environment.Job instance at 0x7f5ca1f8acd0>,14,18,[5 4],15,73,91,58,73
1,<environment.Job instance at 0x7f5ca8a995a0>,2,15,[2 7],3,6,21,3,6
1,<environment.Job instance at 0x7f5ca8a99b40>,4,16,[1 9],5,21,37,16,9
1,<environment.Job instance at 0x7f5c5e644140>,10,14,[4 7],11,37,51,26,25
1,<environment.Job instance at 0x7f5ca86d3050>,1,18,[4 6],2,19,37,17,19
1,<environment.Job instance at 0x7f5ca86d3730>,5,12,[1 9],6,37,49,31,21
1,<environment.Job instance at 0x7f5ca88916e0>,11,18,[1 6],12,49,67,37,44
1,<environment.Job instance at 0x7f5ca8891a00>,15,19,[9 3],16,49,68,33,45
1,<environment.Job instance at 0x7f5ca86d3500>,7,12,[ 3 10],8,68,80,60,51
1,<environment.Job instance at 0x7f5ca890b1e0>,21,19,[5 5],22,80,99,58,70
1,<environment.Job instance at 0x7f5c5e3c8500>,2,3,[8 4],3,3,6,0,3
1,<environment.Job instance at 0x7f5c5e3c8af0>,4,1,[5 4],5,6,7,1,5
1,<environment.Job instance at 0x7f5ca1b8d050>,8,13,[9 2],9,9,22,0,9
1,<environment.Job instance at 0x7f5ca8899730>,9,17,[9 1],10,22,39,12,10
1,<environment.Job instance at 0x7f5ca8a37910>,5,16,[1 6],6,7,23,1,7
1,<environment.Job instance at 0x7f5c5df47410>,6,13,[3 8],7,23,36,16,9
1,<environment.Job instance at 0x7f5c5df47640>,8,14,[ 4 10],9,36,50,27,21
1,<environment.Job instance at 0x7f5ca8b503c0>,4,16,[7 3],5,5,21,0,5
1,<environment.Job instance at 0x7f5ca8766af0>,6,22,[3 5],7,7,29,0,7
1,<environment.Job instance at 0x7f5ca8766b40>,9,15,[8 3],10,29,44,19,15
1,<environment.Job instance at 0x7f5c5df38b90>,12,13,[1 9],13,44,57,31,28
1,<environment.Job instance at 0x7f5c5df383c0>,13,13,[6 5],14,69,82,55,69
1,<environment.Job instance at 0x7f5ca1bf9b90>,3,12,[9 4],4,5,17,1,5
1,<environment.Job instance at 0x7f5ca2092c80>,8,14,[10  3],9,17,31,8,9
1,<environment.Job instance at 0x7f5ca1bf94b0>,11,14,[3 5],12,31,45,19,17
1,<environment.Job instance at 0x7f5ca877ca00>,6,12,[ 4 10],7,7,19,0,7
1,<environment.Job instance at 0x7f5ca877ce10>,7,3,[2 7],8,19,22,11,8
1,<environment.Job instance at 0x7f5ca877c780>,11,2,[7 5],12,29,31,17,29
1,<environment.Job instance at 0x7f5ca877c410>,13,15,[8 4],14,31,46,17,29
1,<environment.Job instance at 0x7f5ca8777a50>,21,13,[7 4],22,123,136,101,123
1,<environment.Job instance at 0x7f5ca8777f00>,22,2,[8 3],23,136,138,113,127
1,<environment.Job instance at 0x7f5ca21c5be0>,28,17,[5 6],29,152,169,123,152
1,<environment.Job instance at 0x7f5ca877cd20>,8,18,[2 8],9,169,187,160,160
1,<environment.Job instance at 0x7f5c5df80d20>,6,14,[5 7],7,16,30,9,16
1,<environment.Job instance at 0x7f5c5df80690>,7,12,[6 4],8,30,42,22,16
1,<environment.Job instance at 0x7f5c5dde5b90>,5,1,[1 7],6,7,8,1,7
1,<environment.Job instance at 0x7f5c5dde5910>,6,17,[8 5],7,19,36,12,19
1,<environment.Job instance at 0x7f5c5de103c0>,16,17,[2 5],17,156,173,139,156
1,<environment.Job instance at 0x7f5c5de10550>,17,18,[5 2],18,157,175,139,157
1,<environment.Job instance at 0x7f5c5e15b050>,0,16,[7 3],1,10,26,9,10
1,<environment.Job instance at 0x7f5c5e6d0320>,6,2,[10  3],7,26,28,19,10
1,<environment.Job instance at 0x7f5c5e6d0190>,8,14,[5 5],9,34,48,25,34
1,<environment.Job instance at 0x7f5c5e6aaaa0>,10,20,[5 5],11,35,55,24,35
1,<environment.Job instance at 0x7f5ca8780640>,7,17,[10  2],8,21,38,13,21
1,<environment.Job instance at 0x7f5c5e143280>,9,18,[1 6],10,38,56,28,27
1,<environment.Job instance at 0x7f5c5dedc500>,0,16,[9 2],1,38,54,37,34
1,<environment.Job instance at 0x7f5c5e143410>,12,12,[6 1],13,54,66,41,39
1,<environment.Job instance at 0x7f5c5e238910>,3,14,[5 7],4,8,22,4,8
1,<environment.Job instance at 0x7f5c5dec00a0>,5,12,[5 7],6,51,63,45,51
1,<environment.Job instance at 0x7f5c5dedcc30>,11,16,[7 4],12,63,79,51,52
1,<environment.Job instance at 0x7f5c5dedcf50>,18,2,[ 1 10],19,79,81,60,75
1,<environment.Job instance at 0x7f5c5dedc050>,19,21,[3 8],20,81,102,61,76
1,<environment.Job instance at 0x7f5c5e5212d0>,0,12,[2 8],1,4,16,3,4
1,<environment.Job instance at 0x7f5c5dedc050>,4,17,[5 6],5,16,33,11,8
1,<environment.Job instance at 0x7f5c5e047fa0>,11,15,[1 7],12,33,48,21,20
1,<environment.Job instance at 0x7f5ca8aa3690>,13,13,[7 2],14,33,46,19,24
1,<environment.Job instance at 0x7f5ca8aa3640>,12,17,[9 4],13,48,65,35,36
1,<environment.Job instance at 0x7fe7a6b8d2d0>,1,14,[ 2 10],2,4,18,2,4
1,<environment.Job instance at 0x7fe7a6b8d140>,0,17,[6 1],1,18,35,17,10
1,<environment.Job instance at 0x7fe7a177d7d0>,10,12,[2 8],11,18,30,7,12
1,<environment.Job instance at 0x7fe7a177d280>,5,17,[1 6],6,30,47,24,28
1,<environment.Job instance at 0x7fe7a177d9b0>,12,12,[6 4],13,35,47,22,28
1,<environment.Job instance at 0x7fe7a177d8c0>,13,18,[5 9],14,49,67,35,49
1,<environment.Job instance at 0x7fe7a177dc80>,17,12,[6 4],18,67,79,49,56
1,<environment.Job instance at 0x7fe7a6cf9690>,6,13,[9 5],7,36,49,29,36
1,<environment.Job instance at 0x7fe7a6cf9410>,10,3,[9 5],11,49,52,38,37
1,<environment.Job instance at 0x7fe7a6cf9b40>,9,17,[9 5],10,52,69,42,40
1,<environment.Job instance at 0x7fe7a6bb4320>,15,13,[7 3],16,69,82,53,53
1,<environment.Job instance at 0x7fe7a6cf4dc0>,19,13,[7 2],20,90,103,70,90
1,<environment.Job instance at 0x7fe7a6cf4f50>,22,16,[5 3],23,134,150,111,134
1,<environment.Job instance at 0x7fe7a6d075f0>,24,17,[ 5 10],25,150,167,125,138
1,<environment.Job instance at 0x7fe75ba0c320>,3,3,[ 5 10],4,4,7,0,4
1,<environment.Job instance at 0x7fe75ba0c230>,5,16,[5 2],6,7,23,1,6
1,<environment.Job instance at 0x7fe75baa8f00>,6,2,[5 3],7,7,9,0,7
1,<environment.Job instance at 0x7fe75baa8190>,9,14,[2 8],10,10,24,0,10
1,<environment.Job instance at 0x7fe75baa8a50>,11,16,[7 3],12,24,40,12,12
1,<environment.Job instance at 0x7fe75baa8320>,7,12,[3 8],8,40,52,32,23
1,<environment.Job instance at 0x7fe75baa84b0>,19,1,[10  5],20,76,77,56,76
1,<environment.Job instance at 0x7fe75babab40>,23,17,[9 3],24,102,119,78,102
1,<environment.Job instance at 0x7fe75baa8820>,21,13,[ 5 10],22,119,132,97,104
1,<environment.Job instance at 0x7fe75baba690>,27,13,[1 7],28,105,118,77,105
1,<environment.Job instance at 0x7fe75babaf00>,30,18,[10  5],31,144,162,113,144
1,<environment.Job instance at 0x7fe75b9d3280>,6,18,[8 2],7,7,25,0,7
1,<environment.Job instance at 0x7fe75b9d3730>,8,15,[2 7],9,9,24,0,9
1,<environment.Job instance at 0x7fe75b9d4910>,1,14,[10  2],2,25,39,23,11
1,<environment.Job instance at 0x7fe75b9d3a00>,5,16,[1 7],6,39,55,33,28
1,<environment.Job instance at 0x7fe75b9d31e0>,14,12,[3 9],15,55,67,40,51
1,<environment.Job instance at 0x7fe75bbdb460>,18,13,[4 5],19,67,80,48,51
1,<environment.Job instance at 0x7fe75bbdb3c0>,20,16,[1 5],21,67,83,46,57
1,<environment.Job instance at 0x7fe75bbc5e60>,23,18,[10  5],24,83,101,59,76
1,<environment.Job instance at 0x7fe75bb1bdc0>,26,13,[10  1],27,103,116,76,103
1,<environment.Job instance at 0x7fe75b9d3960>,4,12,[ 4 10],5,116,128,111,103
1,<environment.Job instance at 0x7fe75bb1b690>,27,18,[5 1],28,128,146,100,118
1,<environment.Job instance at 0x7fe75bb1b280>,33,2,[3 7],34,130,132,96,130
1,<environment.Job instance at 0x7fe75bb1bd70>,34,17,[1 6],35,154,171,119,154
1,<environment.Job instance at 0x7fe75bb1baf0>,36,17,[5 6],37,179,196,142,179
1,<environment.Job instance at 0x7fe75be760f0>,6,18,[1 6],7,7,25,0,7
1,<environment.Job instance at 0x7fe7a6d00640>,3,17,[6 3],4,9,26,5,9
1,<environment.Job instance at 0x7fe75be76960>,16,12,[6 4],17,67,79,50,67
1,<environment.Job instance at 0x7fe75be768c0>,15,16,[5 2],16,79,95,63,67
1,<environment.Job instance at 0x7fe75be76550>,18,17,[5 4],19,79,96,60,70
1,<environment.Job instance at 0x7fe75be76c80>,22,17,[8 2],23,96,113,73,84
1,<environment.Job instance at 0x7fe75be76af0>,17,17,[2 6],18,100,117,82,100
1,<environment.Job instance at 0x7fe75be7d050>,28,18,[1 9],29,133,151,104,133
1,<environment.Job instance at 0x7fe7a18f77d0>,0,16,[ 2 10],1,42,58,41,42
1,<environment.Job instance at 0x7fe7a18f74b0>,10,14,[10  4],11,58,72,47,52
1,<environment.Job instance at 0x7fe7a18f7820>,13,2,[7 1],14,72,74,58,62
1,<environment.Job instance at 0x7fe7a18f7c80>,14,3,[2 6],15,72,75,57,62
1,<environment.Job instance at 0x7fe7a19b9320>,17,15,[ 2 10],18,89,104,71,89
1,<environment.Job instance at 0x7fe7a2204eb0>,8,12,[10  3],9,56,68,47,56
1,<environment.Job instance at 0x7fe75c035870>,11,13,[9 3],12,68,81,56,56
1,<environment.Job instance at 0x7fe7a2204aa0>,5,18,[10  4],6,81,99,75,70
1,<environment.Job instance at 0x7fe75bd91aa0>,20,12,[2 5],21,114,126,93,114
1,<environment.Job instance at 0x7fe7a17b2e10>,5,17,[5 9],6,10,27,4,10
1,<environment.Job instance at 0x7fe7a17e2280>,13,16,[3 6],14,85,101,71,85
1,<environment.Job instance at 0x7fe7a17e2460>,15,13,[10  3],16,101,114,85,87
1,<environment.Job instance at 0x7fe7a17e2be0>,4,18,[6 1],5,7,25,2,7
1,<environment.Job instance at 0x7fe75baac280>,6,15,[4 9],7,8,23,1,8
1,<environment.Job instance at 0x7fe75b9b2050>,11,3,[6 3],12,25,28,13,24
1,<environment.Job instance at 0x7fe7a1e492d0>,12,12,[4 8],13,28,40,15,24
1,<environment.Job instance at 0x7fe7a1e49050>,13,2,[5 7],14,40,42,26,24
1,<environment.Job instance at 0x7fe75bb231e0>,17,16,[1 5],18,79,95,61,79
1,<environment.Job instance at 0x7fe75bac15a0>,21,13,[5 8],22,103,116,81,103
1,<environment.Job instance at 0x7fe75bb9fbe0>,19,14,[3 7],20,116,130,96,104
1,<environment.Job instance at 0x7fe7a171cf50>,7,19,[1 6],8,28,47,20,28
1,<environment.Job instance at 0x7fe7a1c49a50>,14,12,[3 7],15,100,112,85,100
1,<environment.Job instance at 0x7fe7a1c49690>,15,13,[4 6],16,112,125,96,100
1,<environment.Job instance at 0x7fe7a1c49f00>,19,18,[7 5],20,135,153,115,135
1,<environment.Job instance at 0x7fe75bc570f0>,17,13,[ 5 10],18,153,166,135,138
1,<environment.Job instance at 0x7fe7a2223870>,23,17,[5 3],24,166,183,142,154
1,<environment.Job instance at 0x7fe7a2223550>,25,12,[5 7],26,166,178,140,154
1,<environment.Job instance at 0x7fe7a22ed5f0>,7,18,[5 2],8,9,27,1,9
1,<environment.Job instance at 0x7fe7a22ed550>,11,12,[2 8],12,32,44,20,32
1,<environment.Job instance at 0x7fe7a22ed870>,12,13,[ 5 10],13,44,57,31,32
1,<environment.Job instance at 0x7fe7a22eda50>,14,16,[5 4],15,57,73,42,56
1,<environment.Job instance at 0x7fe7a22edb90>,16,14,[3 7],17,79,93,62,79
1,<environment.Job instance at 0x7fe7a22edcd0>,18,13,[6 3],19,79,92,60,79
1,<environment.Job instance at 0x7fe7a22ed910>,21,1,[1 5],22,99,100,77,99
1,<environment.Job instance at 0x7fe7a22ed780>,22,13,[3 8],23,100,113,77,99
1,<environment.Job instance at 0x7fe7a22edf50>,23,2,[3 7],24,113,115,89,99
1,<environment.Job instance at 0x7fe7a22edaf0>,15,18,[2 9],16,116,134,100,116
1,<environment.Job instance at 0x7fe75bd7b780>,1,12,[8 1],2,26,38,24,26
1,<environment.Job instance at 0x7fe7a1651370>,4,17,[1 6],5,7,24,2,7
1,<environment.Job instance at 0x7fe7a1651190>,6,3,[5 9],7,24,27,17,8
1,<environment.Job instance at 0x7fe7a1651d70>,7,15,[7 4],8,8,23,0,8
1,<environment.Job instance at 0x7fe7a1651b40>,8,16,[7 2],9,27,43,18,14
1,<environment.Job instance at 0x7fe7a16510f0>,13,18,[2 7],14,30,48,16,30
1,<environment.Job instance at 0x7fe7a1651050>,5,16,[9 3],6,48,64,42,36
1,<environment.Job instance at 0x7fe7a1651a50>,20,14,[9 5],21,64,78,43,51
1,<environment.Job instance at 0x7fe7a1e23fa0>,0,16,[ 4 10],1,78,94,77,76
1,<environment.Job instance at 0x7fe7a2262af0>,28,15,[3 8],29,116,131,87,116
1,<environment.Job instance at 0x7fe7a1691aa0>,0,13,[3 9],1,52,65,51,52
1,<environment.Job instance at 0x7fe75ba315f0>,12,3,[1 8],13,65,68,52,52
1,<environment.Job instance at 0x7fe75ba31c30>,11,16,[8 2],12,65,81,53,55
1,<environment.Job instance at 0x7fe75ba391e0>,14,16,[ 4 10],15,81,97,66,68
1,<environment.Job instance at 0x7fe75ba39b40>,20,13,[6 4],21,97,110,76,81
1,<environment.Job instance at 0x7fe7a1f25500>,3,13,[9 1],4,4,17,0,4
1,<environment.Job instance at 0x7fe7a1aa4230>,5,13,[2 5],6,17,30,11,7
1,<environment.Job instance at 0x7fe7a2226050>,8,19,[8 2],9,17,36,8,11
1,<environment.Job instance at 0x7fe7a15165a0>,13,18,[7 5],14,36,54,22,25
1,<environment.Job instance at 0x7fe7a1aa4820>,9,16,[ 1 10],10,54,70,44,45
1,<environment.Job instance at 0x7fe7a198e370>,21,13,[7 3],22,70,83,48,60
1,<environment.Job instance at 0x7fe75bfa7a50>,24,12,[6 2],25,83,95,58,72
1,<environment.Job instance at 0x7fe75bf93460>,25,14,[6 3],26,95,109,69,80
1,<environment.Job instance at 0x7fe75bf93690>,30,19,[5 5],31,136,155,105,136
1,<environment.Job instance at 0x7fe75bf93910>,31,19,[ 1 10],32,161,180,129,161
1,<environment.Job instance at 0x7fe75bf931e0>,33,15,[ 5 10],34,180,195,146,172
1,<environment.Job instance at 0x7fe75bf87e10>,38,13,[8 3],39,195,208,156,179
1,<environment.Job instance at 0x7fe7a20c1b40>,4,17,[5 5],5,5,22,0,5
1,<environment.Job instance at 0x7fe7a20c15a0>,8,17,[7 1],9,22,39,13,10
1,<environment.Job instance at 0x7fe7a20c1a00>,7,13,[1 9],8,22,35,14,12
1,<environment.Job instance at 0x7fe7a18b10a0>,3,17,[4 7],4,39,56,35,27
1,<environment.Job instance at 0x7fe7a1760be0>,6,14,[2 5],7,18,32,11,18
1,<environment.Job instance at 0x7fe7a1760fa0>,8,13,[5 5],9,20,33,11,20
1,<environment.Job instance at 0x7fe7a1760d20>,9,12,[4 5],10,32,44,22,20
1,<environment.Job instance at 0x7fe75bdeb230>,4,12,[7 3],5,51,63,46,51
1,<environment.Job instance at 0x7fe75b957aa0>,11,16,[7 4],12,63,79,51,51
1,<environment.Job instance at 0x7fe7a1968500>,10,15,[4 7],11,79,94,68,74
1,<environment.Job instance at 0x7fe7a23abe10>,3,13,[7 2],4,8,21,4,8
1,<environment.Job instance at 0x7fe75b9070f0>,10,1,[1 5],11,12,13,1,12
1,<environment.Job instance at 0x7fe75b907050>,11,14,[9 5],12,21,35,9,17
1,<environment.Job instance at 0x7fe75b9077d0>,13,12,[4 7],14,35,47,21,21
1,<environment.Job instance at 0x7fe75b9070a0>,12,16,[5 5],13,51,67,38,51
1,<environment.Job instance at 0x7fe75b907230>,15,16,[ 2 10],16,74,90,58,74
1,<environment.Job instance at 0x7fe7a19e1d70>,18,13,[ 4 10],19,90,103,71,74
1,<environment.Job instance at 0x7fe7a19e1820>,1,14,[6 1],2,6,20,4,6
1,<environment.Job instance at 0x7fe75bd32d70>,4,2,[3 8],5,12,14,7,12
1,<environment.Job instance at 0x7fe75b78c6e0>,10,15,[ 2 10],11,53,68,42,53
1,<environment.Job instance at 0x7f2f161fb0f0>,0,17,[6 1],1,3,20,2,3
1,<environment.Job instance at 0x7f2f1623fd70>,5,17,[1 6],6,7,24,1,7
1,<environment.Job instance at 0x7f2f0edec2d0>,4,13,[3 6],5,24,37,19,9
1,<environment.Job instance at 0x7f2f161fb2d0>,1,14,[ 2 10],2,37,51,35,28
1,<environment.Job instance at 0x7f2f0edec7d0>,10,12,[2 8],11,51,63,40,38
1,<environment.Job instance at 0x7f2f161fb0a0>,2,14,[ 2 10],3,63,77,60,51
1,<environment.Job instance at 0x7f2f0ee05410>,0,3,[9 5],1,2,5,1,2
1,<environment.Job instance at 0x7f2f16362640>,6,18,[1 7],7,7,25,0,7
1,<environment.Job instance at 0x7f2f16223870>,12,16,[5 3],13,64,80,51,64
1,<environment.Job instance at 0x7f2f16223910>,11,17,[2 7],12,65,82,53,65
1,<environment.Job instance at 0x7f2f16223960>,16,15,[ 2 10],17,82,97,65,68
1,<environment.Job instance at 0x7f2f16223cd0>,14,17,[ 5 10],15,97,114,82,88
1,<environment.Job instance at 0x7f2f16223b40>,19,17,[3 6],20,114,131,94,106
1,<environment.Job instance at 0x7f2ecb190e10>,7,13,[1 7],8,11,24,3,11
1,<environment.Job instance at 0x7f2ecb35a1e0>,1,13,[ 5 10],2,24,37,22,13
1,<environment.Job instance at 0x7f2f162231e0>,3,17,[9 3],4,37,54,33,26
1,<environment.Job instance at 0x7f2ecb190960>,5,18,[10  4],6,75,93,69,75
1,<environment.Job instance at 0x7f2ecb190e60>,10,18,[10  5],11,105,123,94,105
1,<environment.Job instance at 0x7f2ecb092d20>,4,17,[1 6],5,73,90,68,73
1,<environment.Job instance at 0x7f2ecb0920a0>,5,14,[2 9],6,7,21,1,7
1,<environment.Job instance at 0x7f2f0ec4c910>,0,14,[10  1],1,21,35,20,9
1,<environment.Job instance at 0x7f2ecb471e10>,2,19,[2 5],3,3,22,0,3
1,<environment.Job instance at 0x7f2ecb471690>,4,12,[7 1],5,6,18,1,6
1,<environment.Job instance at 0x7f2ecb471dc0>,8,16,[6 5],9,18,34,9,9
1,<environment.Job instance at 0x7f2ecb5121e0>,15,13,[4 7],16,35,48,19,35
1,<environment.Job instance at 0x7f2ecb512e10>,18,18,[3 5],19,55,73,36,55
1,<environment.Job instance at 0x7f2ecb512eb0>,20,18,[6 4],21,55,73,34,55
1,<environment.Job instance at 0x7f2ecb512a50>,21,19,[9 2],22,73,92,51,63
1,<environment.Job instance at 0x7f2ecb512050>,23,14,[9 1],24,92,106,68,77
1,<environment.Job instance at 0x7f2ecb51f910>,26,18,[5 6],27,106,124,79,102
1,<environment.Job instance at 0x7f2ecb51f780>,28,12,[2 7],29,124,136,95,107
1,<environment.Job instance at 0x7f2ecb51f6e0>,29,12,[8 1],30,124,136,94,107
1,<environment.Job instance at 0x7f2ecb51fd70>,34,18,[1 9],35,144,162,109,144
1,<environment.Job instance at 0x7f2ecb52ceb0>,37,17,[6 1],38,149,166,111,149
1,<environment.Job instance at 0x7f2ecb3c5820>,9,3,[9 5],10,30,33,20,30
1,<environment.Job instance at 0x7f2ecb3c5b90>,11,16,[4 6],12,36,52,24,36
1,<environment.Job instance at 0x7f2f0ee8a960>,16,2,[6 1],17,77,79,60,77
1,<environment.Job instance at 0x7f2f0ee8a0a0>,15,17,[5 5],16,83,100,67,83
1,<environment.Job instance at 0x7f2f157d6f50>,20,18,[5 5],21,86,104,65,86
1,<environment.Job instance at 0x7f2f0f23b550>,21,14,[5 7],22,104,118,82,89
1,<environment.Job instance at 0x7f2f157d61e0>,23,16,[4 7],24,123,139,99,123
1,<environment.Job instance at 0x7f2f15b23b90>,4,15,[8 2],5,5,20,0,5
1,<environment.Job instance at 0x7f2ecb022190>,10,3,[2 6],11,53,56,42,53
1,<environment.Job instance at 0x7f2ecb025fa0>,6,21,[1 7],7,100,121,93,100
1,<environment.Job instance at 0x7f2ecb0229b0>,21,17,[5 6],22,131,148,109,131
1,<environment.Job instance at 0x7f2ecb022a50>,22,16,[10  1],23,148,164,125,136
1,<environment.Job instance at 0x7f2ecb022c30>,25,12,[7 2],26,164,176,138,148
1,<environment.Job instance at 0x7f2ecb025f50>,9,16,[5 4],10,176,192,166,163
1,<environment.Job instance at 0x7f2ecb022e60>,28,18,[2 5],29,168,186,139,168
1,<environment.Job instance at 0x7f2ecb0225a0>,31,18,[4 6],32,186,204,154,175
1,<environment.Job instance at 0x7f2ecb015320>,35,12,[1 9],36,204,216,168,188
1,<environment.Job instance at 0x7f2ecb35b960>,5,16,[8 1],6,6,22,0,6
1,<environment.Job instance at 0x7f2ecb35bb90>,7,17,[4 8],8,22,39,14,18
1,<environment.Job instance at 0x7f2ecb345640>,8,18,[5 5],9,39,57,30,28
1,<environment.Job instance at 0x7f2ecb69c5f0>,3,16,[6 2],4,7,23,3,7
1,<environment.Job instance at 0x7f2ecb69cf00>,2,12,[4 8],3,7,19,4,7
1,<environment.Job instance at 0x7f2ecb5a9500>,7,3,[4 7],8,19,22,11,9
1,<environment.Job instance at 0x7f2ecb48e410>,10,17,[2 5],11,22,39,11,11
1,<environment.Job instance at 0x7f2ecb48ea00>,13,3,[1 9],14,39,42,25,26
1,<environment.Job instance at 0x7f2ecb3528c0>,21,15,[2 8],22,75,90,53,75
1,<environment.Job instance at 0x7f2f0ecde280>,24,2,[6 2],25,75,77,50,75
1,<environment.Job instance at 0x7f2f0f035e10>,25,12,[10  3],26,90,102,64,76
1,<environment.Job instance at 0x7f2ecb6b2320>,28,17,[5 9],29,102,119,73,100
1,<environment.Job instance at 0x7f2f0ecb3730>,5,2,[ 5 10],6,6,8,0,6
1,<environment.Job instance at 0x7f2ecb639820>,7,3,[2 6],8,25,28,17,25
1,<environment.Job instance at 0x7f2f0ecb3910>,9,16,[5 5],10,28,44,18,25
1,<environment.Job instance at 0x7f2f0ecb3b40>,14,12,[1 9],15,44,56,29,44
1,<environment.Job instance at 0x7f2f0ecb3d20>,17,16,[4 6],18,71,87,53,71
1,<environment.Job instance at 0x7f2f0ecbb500>,25,17,[10  5],26,171,188,145,171
1,<environment.Job instance at 0x7f2ecaf68460>,6,13,[2 7],7,7,20,0,7
1,<environment.Job instance at 0x7f2ecaf68500>,4,14,[7 4],5,20,34,15,8
1,<environment.Job instance at 0x7f2ecaf68dc0>,7,14,[ 1 10],8,34,48,26,24
1,<environment.Job instance at 0x7f2ecaf68050>,13,15,[6 3],14,48,63,34,34
1,<environment.Job instance at 0x7f2ecaf68f00>,18,1,[10  1],19,63,64,44,41
1,<environment.Job instance at 0x7f2ecaf683c0>,14,14,[3 7],15,64,78,49,64
1,<environment.Job instance at 0x7f2ecb5a78c0>,21,12,[5 5],22,78,90,56,64
1,<environment.Job instance at 0x7f2ecb5a7370>,24,18,[3 8],25,126,144,101,126
1,<environment.Job instance at 0x7f2f0ebbb910>,7,14,[5 2],8,20,34,12,20
1,<environment.Job instance at 0x7f2f0ebbbd70>,5,15,[1 9],6,34,49,28,20
1,<environment.Job instance at 0x7f2f0ebbb550>,6,14,[10  5],7,73,87,66,73
1,<environment.Job instance at 0x7f2f156dbc30>,5,12,[4 5],6,20,32,14,20
1,<environment.Job instance at 0x7f2f156dbeb0>,8,13,[9 2],9,32,45,23,20
1,<environment.Job instance at 0x7f2f156db910>,6,17,[1 8],7,32,49,25,20
1,<environment.Job instance at 0x7f2f156dbe60>,9,13,[5 9],10,49,62,39,36
1,<environment.Job instance at 0x7f2f156daeb0>,10,15,[2 9],11,62,77,51,48
1,<environment.Job instance at 0x7f2f15707eb0>,19,1,[3 6],20,77,78,57,57
1,<environment.Job instance at 0x7f2f156dae60>,11,17,[3 8],12,78,95,66,67
1,<environment.Job instance at 0x7f2f0f1ae140>,4,21,[4 9],5,10,31,5,10
1,<environment.Job instance at 0x7f2f15bec730>,10,1,[3 7],11,31,32,20,21
1,<environment.Job instance at 0x7f2f15d32dc0>,3,19,[7 1],4,31,50,27,21
1,<environment.Job instance at 0x7f2f1567d0a0>,12,18,[5 7],13,50,68,37,39
1,<environment.Job instance at 0x7f2ecb54a960>,2,14,[5 5],3,3,17,0,3
1,<environment.Job instance at 0x7f2f15820960>,3,15,[1 7],4,27,42,23,27
1,<environment.Job instance at 0x7f2f0eb63410>,11,13,[6 4],12,42,55,30,27
1,<environment.Job instance at 0x7f2f0eb63320>,16,18,[7 5],17,55,73,38,44
1,<environment.Job instance at 0x7f2ecb54aa00>,1,18,[ 1 10],2,7,25,5,7
1,<environment.Job instance at 0x7f2ecb54aaa0>,2,15,[1 7],3,25,40,22,12
1,<environment.Job instance at 0x7f2ecaf86dc0>,9,3,[10  4],10,40,43,30,14
1,<environment.Job instance at 0x7f2ecaf86d20>,11,12,[3 8],12,43,55,31,28
1,<environment.Job instance at 0x7f2ecaf86730>,15,17,[1 6],16,55,72,39,45
1,<environment.Job instance at 0x7f2ecae015f0>,4,15,[5 7],5,72,87,67,60
1,<environment.Job instance at 0x7f2ecb2e92d0>,23,14,[5 7],24,87,101,63,72
1,<environment.Job instance at 0x7f2ecb48f9b0>,25,12,[5 7],26,101,113,75,84
1,<environment.Job instance at 0x7f2f0ebbb8c0>,0,12,[2 8],1,5,17,4,5
1,<environment.Job instance at 0x7f2ecb211f50>,4,17,[5 6],5,17,34,12,7
1,<environment.Job instance at 0x7f2ecb46f0f0>,8,13,[3 8],9,34,47,25,18
1,<environment.Job instance at 0x7f2f0ec79370>,12,17,[9 4],13,47,64,34,35
1,<environment.Job instance at 0x7f2ecaf432d0>,1,14,[6 1],2,12,26,10,12
1,<environment.Job instance at 0x7f2ecb6815a0>,5,13,[4 6],6,12,25,6,12
1,<environment.Job instance at 0x7f2ecb681be0>,10,15,[ 2 10],11,26,41,15,18
1,<environment.Job instance at 0x7f2ecb681230>,14,18,[ 3 10],15,169,187,154,169
1,<environment.Job instance at 0x7f2ecb681230>,3,12,[10  2],4,6,18,2,6
1,<environment.Job instance at 0x7f2ecae1f460>,6,1,[4 6],7,18,19,11,7
1,<environment.Job instance at 0x7f2ecae1f910>,5,12,[3 8],6,19,31,13,11
1,<environment.Job instance at 0x7f2ecaef42d0>,11,13,[6 3],12,31,44,19,15
1,<environment.Job instance at 0x7f2f0f0ff370>,18,17,[1 7],19,49,66,30,49
1,<environment.Job instance at 0x7f2ecad5b190>,19,20,[ 3 10],20,66,86,46,57
1,<environment.Job instance at 0x7fc5f8708a50>,5,18,[7 5],6,8,26,2,8
1,<environment.Job instance at 0x7fc5f8708d70>,7,12,[7 2],8,26,38,18,24
1,<environment.Job instance at 0x7fc5f8708eb0>,10,14,[1 6],11,26,40,15,24
1,<environment.Job instance at 0x7fc5f8708f50>,11,1,[8 4],12,38,39,26,24
1,<environment.Job instance at 0x7fc5f8708fa0>,13,15,[4 5],14,40,55,26,28
1,<environment.Job instance at 0x7fc5f8708cd0>,6,19,[1 7],7,55,74,48,45
1,<environment.Job instance at 0x7fc5f99de190>,3,17,[4 5],4,5,22,1,5
1,<environment.Job instance at 0x7fc5f97aeaf0>,4,3,[1 7],5,22,25,17,6
1,<environment.Job instance at 0x7fc5f97ae5f0>,9,16,[8 1],10,29,45,19,29
1,<environment.Job instance at 0x7fc5f97ae9b0>,8,17,[1 7],9,31,48,22,31
1,<environment.Job instance at 0x7fc5f97ad460>,0,12,[6 1],1,45,57,44,31
1,<environment.Job instance at 0x7fc5f97ae1e0>,13,17,[9 2],14,57,74,43,47
1,<environment.Job instance at 0x7fc5ae794320>,5,18,[5 3],6,7,25,1,7
1,<environment.Job instance at 0x7fc5ae77b280>,6,16,[7 3],7,25,41,18,13
1,<environment.Job instance at 0x7fc5ae77b3c0>,8,15,[9 4],9,41,56,32,27
1,<environment.Job instance at 0x7fc5ae77be60>,13,12,[6 5],14,56,68,42,39
1,<environment.Job instance at 0x7fc5ae77bf50>,16,3,[1 6],17,49,52,32,49
1,<environment.Job instance at 0x7fc5aebb1370>,6,16,[6 2],7,8,24,1,8
1,<environment.Job instance at 0x7fc5aebb1a50>,3,18,[5 5],4,25,43,21,25
1,<environment.Job instance at 0x7fc5aebb19b0>,9,14,[3 8],10,43,57,33,28
1,<environment.Job instance at 0x7fc5aebe1230>,11,17,[3 8],12,57,74,45,45
1,<environment.Job instance at 0x7fc5f8b53aa0>,8,17,[10  2],9,44,61,35,44
1,<environment.Job instance at 0x7fc5aeb1a780>,0,17,[2 6],1,6,23,5,6
1,<environment.Job instance at 0x7fc5aeb1aeb0>,4,18,[10  4],5,23,41,18,20
1,<environment.Job instance at 0x7fc5aeb1a410>,9,15,[5 7],10,41,56,31,27
1,<environment.Job instance at 0x7fc5aeb1afa0>,6,12,[ 3 10],7,56,68,49,39
1,<environment.Job instance at 0x7fc5aecd67d0>,2,2,[8 1],3,6,8,3,6
1,<environment.Job instance at 0x7fc5aecd64b0>,3,1,[10  2],4,8,9,4,7
1,<environment.Job instance at 0x7fc5f942f320>,6,14,[5 3],7,9,23,2,8
1,<environment.Job instance at 0x7fc5f942f870>,7,14,[8 5],8,48,62,40,48
1,<environment.Job instance at 0x7fc5aeb83b40>,14,1,[10  3],15,62,63,47,48
1,<environment.Job instance at 0x7fc5aeb83d70>,15,13,[7 1],16,63,76,47,48
1,<environment.Job instance at 0x7fc5aeb83690>,19,14,[2 9],20,63,77,43,49
1,<environment.Job instance at 0x7fc5aed853c0>,4,14,[3 6],5,23,37,18,23
1,<environment.Job instance at 0x7fc5f89aac30>,1,17,[2 8],2,37,54,35,26
1,<environment.Job instance at 0x7fc5f912dd70>,8,16,[2 6],9,54,70,45,41
1,<environment.Job instance at 0x7fc5f8e939b0>,4,12,[ 1 10],5,5,17,0,5
1,<environment.Job instance at 0x7fc5f8e930a0>,6,14,[9 5],7,27,41,20,27
1,<environment.Job instance at 0x7fc5f8e930f0>,10,13,[1 6],11,41,54,30,27
1,<environment.Job instance at 0x7fc5f8e93e10>,9,17,[2 8],10,54,71,44,42
1,<environment.Job instance at 0x7fc5f8bab2d0>,5,14,[5 8],6,13,27,7,13
1,<environment.Job instance at 0x7fc5f8603d70>,6,16,[2 5],7,24,40,17,24
1,<environment.Job instance at 0x7fc5ae952c30>,11,20,[8 3],12,27,47,15,27
1,<environment.Job instance at 0x7fc5aedc7280>,2,14,[4 9],3,4,18,1,4
1,<environment.Job instance at 0x7fc5aecddfa0>,5,12,[4 8],6,25,37,19,25
1,<environment.Job instance at 0x7fc5aedc7140>,1,17,[2 7],2,37,54,35,28
1,<environment.Job instance at 0x7fc5aed3d7d0>,7,1,[4 9],8,21,22,13,21
1,<environment.Job instance at 0x7fc5f8c2e1e0>,8,12,[3 5],9,43,55,34,43
1,<environment.Job instance at 0x7fc5aed3daf0>,4,17,[2 6],5,55,72,50,46
1,<environment.Job instance at 0x7fc5ae554410>,7,12,[1 7],8,10,22,2,10
1,<environment.Job instance at 0x7fc5f882b320>,8,18,[5 5],9,24,42,15,24
1,<environment.Job instance at 0x7fc5f882b190>,9,16,[5 5],10,24,40,14,24
1,<environment.Job instance at 0x7fc5f882b7d0>,11,13,[3 9],12,42,55,30,26
1,<environment.Job instance at 0x7fc5f86a9e10>,13,18,[1 5],14,55,73,41,44
1,<environment.Job instance at 0x7fc5f882b5f0>,14,18,[9 5],15,55,73,40,46
1,<environment.Job instance at 0x7fc5f882b640>,1,1,[ 5 10],2,17,18,15,17
1,<environment.Job instance at 0x7fc5ae80b4b0>,10,12,[2 8],11,27,39,16,27
1,<environment.Job instance at 0x7fc5ae80b910>,11,14,[ 1 10],12,39,53,27,27
1,<environment.Job instance at 0x7fc5f8685280>,14,14,[1 7],15,53,67,38,43
1,<environment.Job instance at 0x7fc5ae5ca5a0>,2,12,[7 3],3,5,17,2,5
1,<environment.Job instance at 0x7fc5aecdfaf0>,7,2,[5 7],8,17,19,9,8
1,<environment.Job instance at 0x7fc5f87cf5a0>,4,18,[2 7],5,19,37,14,10
1,<environment.Job instance at 0x7fc5aecdf0f0>,9,15,[4 8],10,37,52,27,23
1,<environment.Job instance at 0x7fa306c42c80>,7,12,[7 2],8,8,20,0,8
1,<environment.Job instance at 0x7fa306c42eb0>,10,14,[1 6],11,24,38,13,24
1,<environment.Job instance at 0x7fa306c42b90>,9,17,[8 1],10,24,41,14,24
1,<environment.Job instance at 0x7fa306c42f50>,11,1,[8 4],12,41,42,29,24
1,<environment.Job instance at 0x7fa306c460a0>,15,20,[3 5],16,50,70,34,50
1,<environment.Job instance at 0x7fa306c42fa0>,13,15,[4 5],14,54,69,40,54
1,<environment.Job instance at 0x7fa30e1ccdc0>,3,17,[9 2],4,6,23,2,6
1,<environment.Job instance at 0x7fa30e1c4d70>,6,12,[6 1],7,23,35,16,7
1,<environment.Job instance at 0x7fa30e1c7f50>,17,19,[8 1],18,54,73,36,54
1,<environment.Job instance at 0x7fa30e1c7e10>,18,13,[1 5],19,54,67,35,54
1,<environment.Job instance at 0x7fa30e1c7730>,19,15,[4 7],20,73,88,53,59
1,<environment.Job instance at 0x7fa30e1c7dc0>,2,16,[1 8],3,6,22,3,6
1,<environment.Job instance at 0x7fa2c2f518c0>,10,16,[9 4],11,23,39,12,23
1,<environment.Job instance at 0x7fa2c2ef1a50>,2,14,[4 7],3,3,17,0,3
1,<environment.Job instance at 0x7fa2c2ef10a0>,7,22,[1 7],8,29,51,21,29
1,<environment.Job instance at 0x7fa30e04f550>,13,2,[ 1 10],14,51,53,37,29
1,<environment.Job instance at 0x7fa30e04fb40>,12,15,[3 9],13,53,68,40,40
1,<environment.Job instance at 0x7fa30e04fe10>,17,3,[5 4],18,68,71,50,50
1,<environment.Job instance at 0x7fa2c33319b0>,5,16,[7 4],6,46,62,40,46
1,<environment.Job instance at 0x7fa309336b90>,2,2,[8 1],3,3,5,0,3
1,<environment.Job instance at 0x7fa30945e050>,6,14,[5 3],7,7,21,0,7
1,<environment.Job instance at 0x7fa30945ea00>,7,14,[8 5],8,21,35,13,8
1,<environment.Job instance at 0x7fa306ed4d20>,15,13,[7 1],16,35,48,19,31
1,<environment.Job instance at 0x7fa306ed4410>,18,15,[2 8],19,48,63,29,48
1,<environment.Job instance at 0x7fa306ed4a00>,19,14,[2 9],20,63,77,43,49
1,<environment.Job instance at 0x7fa2c2ef1190>,21,25,[5 1],22,52,77,30,52
1,<environment.Job instance at 0x7fa2c323b5f0>,7,15,[1 9],8,28,43,20,28
1,<environment.Job instance at 0x7fa2c2edf7d0>,9,15,[6 2],10,43,58,33,29
1,<environment.Job instance at 0x7fa2c33f2460>,12,1,[ 2 10],13,58,59,45,47
1,<environment.Job instance at 0x7fa2c33f2320>,13,17,[7 1],14,59,76,45,47
1,<environment.Job instance at 0x7fa2c33f2c80>,14,18,[3 8],15,59,77,44,49
1,<environment.Job instance at 0x7fa2c33af6e0>,7,14,[5 9],8,17,31,9,17
1,<environment.Job instance at 0x7fa2c3256500>,4,13,[ 5 10],5,5,18,0,5
1,<environment.Job instance at 0x7fa2c3256820>,5,15,[7 2],6,18,33,12,6
1,<environment.Job instance at 0x7fa2c3276eb0>,11,12,[ 5 10],12,33,45,21,16
1,<environment.Job instance at 0x7fa2c3276500>,13,14,[5 5],14,45,59,31,36
1,<environment.Job instance at 0x7fa306b11190>,5,12,[4 8],6,25,37,19,25
1,<environment.Job instance at 0x7fa306b11d70>,1,17,[4 7],2,6,23,4,6
1,<environment.Job instance at 0x7fa2c306c2d0>,7,13,[1 8],8,23,36,15,8
1,<environment.Job instance at 0x7fa2c306c730>,10,13,[ 2 10],11,36,49,25,21
1,<environment.Job instance at 0x7fa2c306c690>,9,14,[1 7],10,49,63,39,34
1,<environment.Job instance at 0x7fa2c306c9b0>,14,2,[2 6],15,63,65,48,36
1,<environment.Job instance at 0x7fa2c306c910>,13,18,[ 5 10],14,65,83,51,54
1,<environment.Job instance at 0x7fa3094f7190>,8,16,[6 5],9,9,25,0,9
1,<environment.Job instance at 0x7fa2c339d8c0>,10,12,[6 4],11,25,37,14,11
1,<environment.Job instance at 0x7fa306a1fd20>,9,14,[5 1],10,10,24,0,10
1,<environment.Job instance at 0x7fa309750230>,10,15,[7 3],11,24,39,13,11
1,<environment.Job instance at 0x7fa309750190>,11,15,[10  3],12,39,54,27,25
1,<environment.Job instance at 0x7fa3097503c0>,15,17,[8 1],16,54,71,38,48
1,<environment.Job instance at 0x7fa3097505a0>,20,1,[7 3],21,71,72,50,48
1,<environment.Job instance at 0x7fa306e81870>,0,12,[7 1],1,5,17,4,5
1,<environment.Job instance at 0x7fa2c33aa5f0>,1,18,[8 3],2,17,35,15,6
1,<environment.Job instance at 0x7fa306a2af00>,11,1,[ 5 10],12,35,36,23,12
1,<environment.Job instance at 0x7fa306a2adc0>,9,16,[3 9],10,36,52,26,27
1,<environment.Job instance at 0x7fa2c2d129b0>,4,16,[7 2],5,51,67,46,51
1,<environment.Job instance at 0x7fa306a75d20>,6,28,[5 1],7,33,61,26,33
1,<environment.Job instance at 0x7fa306a753c0>,8,13,[8 2],9,61,74,52,49
1,<environment.Job instance at 0x7fa2c33863c0>,8,17,[2 5],9,45,62,36,45
1,<environment.Job instance at 0x7fa306c9fa50>,0,15,[8 1],1,46,61,45,46
1,<environment.Job instance at 0x7fa309353780>,11,3,[9 4],12,62,65,50,46
1,<environment.Job instance at 0x7fa306a76050>,12,2,[7 5],13,65,67,52,46
1,<environment.Job instance at 0x7fa2c309e780>,14,12,[10  1],15,67,79,52,50
1,<environment.Job instance at 0x7fa306cdbd70>,3,16,[5 5],4,6,22,2,6
1,<environment.Job instance at 0x7fa30921b820>,6,12,[7 4],7,22,34,15,7
1,<environment.Job instance at 0x7fa30921b280>,11,18,[7 3],12,50,68,38,50
1,<environment.Job instance at 0x7fa309351d70>,3,16,[7 3],4,5,21,1,5
1,<environment.Job instance at 0x7fa306a43140>,12,17,[2 5],13,26,43,13,26
1,<environment.Job instance at 0x7fa306a43f00>,13,17,[5 3],14,28,45,14,28
1,<environment.Job instance at 0x7fa3097533c0>,14,12,[2 7],15,43,55,28,28
1,<environment.Job instance at 0x7fa306ae28c0>,18,13,[4 6],19,55,68,36,52
1,<environment.Job instance at 0x7f7877cfc140>,0,17,[6 2],1,5,22,4,5
1,<environment.Job instance at 0x7f78708ed500>,7,12,[7 2],8,22,34,14,8
1,<environment.Job instance at 0x7f78708ed730>,9,17,[8 1],10,34,51,24,25
1,<environment.Job instance at 0x7f78708ed370>,6,19,[1 7],7,29,48,22,29
1,<environment.Job instance at 0x7f78708ed960>,15,20,[3 5],16,51,71,35,49
1,<environment.Job instance at 0x7f78708ed780>,10,14,[1 6],11,71,85,60,56
1,<environment.Job instance at 0x7f7877e63640>,9,15,[4 7],10,10,25,0,10
1,<environment.Job instance at 0x7f7877e6c190>,10,19,[8 4],11,25,44,14,15
1,<environment.Job instance at 0x7f7877e6ccd0>,12,2,[10  3],13,44,46,31,17
1,<environment.Job instance at 0x7f7877e63be0>,5,19,[8 3],6,46,65,40,36
1,<environment.Job instance at 0x7f7877e703c0>,18,3,[9 5],19,65,68,46,42
1,<environment.Job instance at 0x7f7877e636e0>,6,18,[ 2 10],7,68,86,61,57
1,<environment.Job instance at 0x7f782cc13370>,2,14,[5 1],3,3,17,0,3
1,<environment.Job instance at 0x7f7877e700f0>,3,18,[1 7],4,4,22,0,4
1,<environment.Job instance at 0x7f782cc2afa0>,7,2,[7 2],8,17,19,9,8
1,<environment.Job instance at 0x7f782cc2a730>,10,15,[6 2],11,19,34,8,11
1,<environment.Job instance at 0x7f782cbe11e0>,13,18,[5 5],14,46,64,32,46
1,<environment.Job instance at 0x7f782cbe1b40>,19,14,[3 8],20,64,78,44,57
1,<environment.Job instance at 0x7f782cbe1be0>,21,17,[3 8],22,78,95,56,66
1,<environment.Job instance at 0x7f782ccc5500>,0,13,[5 1],1,10,23,9,10
1,<environment.Job instance at 0x7f782d0abe10>,5,15,[3 5],6,10,25,4,10
1,<environment.Job instance at 0x7f782d03edc0>,0,3,[5 4],1,4,7,3,4
1,<environment.Job instance at 0x7f782d0ab8c0>,4,2,[10  1],5,7,9,2,5
1,<environment.Job instance at 0x7f782cfd1140>,12,12,[2 7],13,58,70,45,58
1,<environment.Job instance at 0x7f787711dd20>,4,14,[3 6],5,23,37,18,23
1,<environment.Job instance at 0x7f782cfdd460>,1,17,[2 8],2,37,54,35,31
1,<environment.Job instance at 0x7f787772f820>,4,2,[2 8],5,5,7,0,5
1,<environment.Job instance at 0x7f782cd76f00>,7,14,[5 9],8,10,24,2,10
1,<environment.Job instance at 0x7f787744cf50>,4,3,[1 6],5,5,8,0,5
1,<environment.Job instance at 0x7f787744c0f0>,7,14,[7 5],8,26,40,18,26
1,<environment.Job instance at 0x7f787744c500>,8,12,[6 1],9,40,52,31,27
1,<environment.Job instance at 0x7f787744cbe0>,0,18,[3 6],1,40,58,39,30
1,<environment.Job instance at 0x7f787744c5a0>,9,13,[ 3 10],10,58,71,48,43
1,<environment.Job instance at 0x7f782d0a6910>,6,15,[6 1],7,7,22,0,7
1,<environment.Job instance at 0x7f782d0a60f0>,7,15,[3 7],8,8,23,0,8
1,<environment.Job instance at 0x7f782d0a6640>,9,2,[8 4],10,23,25,13,10
1,<environment.Job instance at 0x7f787080b0a0>,0,12,[3 6],1,25,37,24,11
1,<environment.Job instance at 0x7f7877819050>,10,16,[5 1],11,25,41,14,12
1,<environment.Job instance at 0x7f7877819410>,12,2,[7 2],13,41,43,28,14
1,<environment.Job instance at 0x7f787080b050>,2,13,[1 8],3,37,50,34,21
1,<environment.Job instance at 0x7f7870ad8370>,19,12,[10  3],20,50,62,30,38
1,<environment.Job instance at 0x7f7877737a50>,20,14,[5 4],21,62,76,41,47
1,<environment.Job instance at 0x7f7870a10500>,10,12,[1 8],11,53,65,42,53
1,<environment.Job instance at 0x7f7870a10a00>,11,16,[5 1],12,53,69,41,53
1,<environment.Job instance at 0x7f7870d3cf50>,13,14,[4 5],14,65,79,51,53
1,<environment.Job instance at 0x7f7877458af0>,16,14,[1 7],17,79,93,62,64
1,<environment.Job instance at 0x7f7877458500>,3,16,[7 2],4,4,20,0,4
1,<environment.Job instance at 0x7f78709effa0>,0,16,[6 2],1,20,36,19,7
1,<environment.Job instance at 0x7f782cda8fa0>,12,3,[2 6],13,25,28,12,25
1,<environment.Job instance at 0x7f7877458af0>,5,16,[5 7],6,44,60,38,44
1,<environment.Job instance at 0x7f782cda8eb0>,13,19,[2 8],14,60,79,46,50
1,<environment.Job instance at 0x7f782cd95410>,20,15,[7 3],21,79,94,58,65
1,<environment.Job instance at 0x7f782cd95410>,4,15,[6 2],5,6,21,1,6
1,<environment.Job instance at 0x7f782caf8eb0>,5,17,[7 4],6,21,38,15,9
1,<environment.Job instance at 0x7f782d280050>,1,18,[8 3],2,38,56,36,30
1,<environment.Job instance at 0x7f782cb01550>,3,20,[1 8],4,7,27,3,7
1,<environment.Job instance at 0x7f7870959be0>,12,12,[3 9],13,41,53,28,41
1,<environment.Job instance at 0x7f782d22a410>,6,14,[10  2],7,53,67,46,42
1,<environment.Job instance at 0x7f78709595f0>,14,16,[4 8],15,67,83,52,60
1,<environment.Job instance at 0x7f7870959f50>,17,24,[6 2],18,67,91,49,63
1,<environment.Job instance at 0x7f7870959960>,3,18,[7 3],4,5,23,1,5
1,<environment.Job instance at 0x7f78709767d0>,7,17,[2 6],8,28,45,20,28
1,<environment.Job instance at 0x7f78709931e0>,1,12,[6 3],2,4,16,2,4
1,<environment.Job instance at 0x7f78709fe820>,7,15,[8 4],8,16,31,8,8
1,<environment.Job instance at 0x7f78709fee10>,5,13,[2 6],6,21,34,15,21
1,<environment.Job instance at 0x7f7870774820>,2,14,[1 7],3,4,18,1,4
1,<environment.Job instance at 0x7f782cb00f00>,12,2,[4 6],13,21,23,8,21
1,<environment.Job instance at 0x7f7870774320>,3,13,[4 5],4,26,39,22,26
1,<environment.Job instance at 0x7f782ca769b0>,16,16,[4 6],17,39,55,22,30
1,<environment.Job instance at 0x7f782caa64b0>,8,14,[8 4],9,30,44,21,30
1,<environment.Job instance at 0x7f78709f3370>,0,19,[3 8],1,52,71,51,52
1,<environment.Job instance at 0x7f782d036640>,11,14,[9 5],12,71,85,59,58
1,<environment.Job instance at 0x7f78771a51e0>,0,16,[6 1],1,5,21,4,5
1,<environment.Job instance at 0x7f7870805dc0>,6,17,[8 2],7,21,38,14,9
1,<environment.Job instance at 0x7f782d033d70>,4,13,[8 2],5,38,51,33,23
1,<environment.Job instance at 0x7f782d033230>,3,18,[9 4],4,51,69,47,40
1,<environment.Job instance at 0x7fce660162d0>,1,15,[4 5],2,4,19,2,4
1,<environment.Job instance at 0x7fce660160f0>,0,17,[6 2],1,7,24,6,7
1,<environment.Job instance at 0x7fce5ec06500>,7,12,[7 2],8,43,55,35,43
1,<environment.Job instance at 0x7fce5ec065a0>,9,17,[8 1],10,55,72,45,43
1,<environment.Job instance at 0x7fce5ec06910>,1,17,[2 7],2,5,22,3,5
1,<environment.Job instance at 0x7fce6603e7d0>,8,3,[9 5],9,22,25,13,9
1,<environment.Job instance at 0x7fce6603e1e0>,7,17,[7 4],8,25,42,17,14
1,<environment.Job instance at 0x7fce1aefcdc0>,4,14,[ 4 10],5,7,21,2,7
1,<environment.Job instance at 0x7fce1afa22d0>,2,16,[7 4],3,46,62,43,46
1,<environment.Job instance at 0x7fce1af07320>,5,16,[7 4],6,70,86,64,70
1,<environment.Job instance at 0x7fce1af074b0>,3,16,[9 4],4,86,102,82,76
1,<environment.Job instance at 0x7fce1af071e0>,2,17,[4 8],3,5,22,2,5
1,<environment.Job instance at 0x7fce1b2ff960>,7,14,[5 8],8,22,36,14,9
1,<environment.Job instance at 0x7fce1b2ff910>,11,13,[1 7],12,36,49,24,31
1,<environment.Job instance at 0x7fce1b2ffd70>,13,13,[ 4 10],14,51,64,37,51
1,<environment.Job instance at 0x7fce1b2ffdc0>,14,16,[2 8],15,64,80,49,51
1,<environment.Job instance at 0x7fce1b2ec1e0>,4,12,[ 1 10],5,6,18,1,6
1,<environment.Job instance at 0x7fce1b29c2d0>,6,14,[9 5],7,18,32,11,7
1,<environment.Job instance at 0x7fce1b29c410>,10,13,[1 6],11,32,45,21,16
1,<environment.Job instance at 0x7fce1b29c780>,11,15,[5 1],12,32,47,20,19
1,<environment.Job instance at 0x7fce1b29ccd0>,12,16,[3 9],13,45,61,32,34
1,<environment.Job instance at 0x7fce1b29ceb0>,15,18,[9 2],16,61,79,45,51
1,<environment.Job instance at 0x7fce1aea1d20>,19,3,[3 5],20,79,82,59,59
1,<environment.Job instance at 0x7fce1aea1050>,20,16,[2 7],21,82,98,61,69
1,<environment.Job instance at 0x7fce617a07d0>,8,2,[7 2],9,48,50,39,48
1,<environment.Job instance at 0x7fce617a0370>,10,1,[1 6],11,48,49,37,48
1,<environment.Job instance at 0x7fce617a0d20>,9,1,[1 5],10,76,77,66,76
1,<environment.Job instance at 0x7fce611c90f0>,14,17,[2 5],15,76,93,61,76
1,<environment.Job instance at 0x7fce1b3b9e60>,15,14,[8 2],16,77,91,61,77
1,<environment.Job instance at 0x7fce611d7690>,4,3,[1 6],5,5,8,0,5
1,<environment.Job instance at 0x7fce5eaa3b40>,7,14,[7 5],8,26,40,18,26
1,<environment.Job instance at 0x7fce5eaa30a0>,8,12,[6 1],9,40,52,31,26
1,<environment.Job instance at 0x7fce1b18bc30>,10,3,[5 1],11,52,55,41,26
1,<environment.Job instance at 0x7fce1ad87cd0>,9,13,[ 3 10],10,55,68,45,39
1,<environment.Job instance at 0x7fce5ea52eb0>,20,12,[8 2],21,79,91,58,79
1,<environment.Job instance at 0x7fce6178b460>,2,2,[7 2],3,3,5,0,3
1,<environment.Job instance at 0x7fce6178b2d0>,5,2,[2 9],6,6,8,0,6
1,<environment.Job instance at 0x7fce6178b280>,7,1,[8 1],8,8,9,0,8
1,<environment.Job instance at 0x7fce5ecd7dc0>,10,14,[5 4],11,16,30,5,16
1,<environment.Job instance at 0x7fce5ecd70f0>,11,15,[10  1],12,30,45,18,17
1,<environment.Job instance at 0x7fce5ef22a00>,14,17,[2 6],15,45,62,30,37
1,<environment.Job instance at 0x7fce5ef22460>,18,12,[3 5],19,62,74,43,59
1,<environment.Job instance at 0x7fce1b10b230>,24,16,[10  5],25,74,90,49,61
1,<environment.Job instance at 0x7fce1b10bf50>,26,13,[7 5],27,90,103,63,75
1,<environment.Job instance at 0x7fce1b3005a0>,0,15,[6 2],1,2,17,1,2
1,<environment.Job instance at 0x7fce1b300e60>,1,2,[10  4],2,17,19,15,8
1,<environment.Job instance at 0x7fce1b1b3820>,7,15,[1 7],8,19,34,11,8
1,<environment.Job instance at 0x7fce1b2af5f0>,18,15,[5 5],19,78,93,59,78
1,<environment.Job instance at 0x7fce1b2af410>,19,12,[9 1],20,93,105,73,78
1,<environment.Job instance at 0x7fce5eec07d0>,0,1,[7 3],1,1,2,0,1
1,<environment.Job instance at 0x7fce61157640>,8,18,[5 5],9,24,42,15,24
1,<environment.Job instance at 0x7fce1b2b5dc0>,2,14,[4 7],3,42,56,39,28
1,<environment.Job instance at 0x7fce1b154eb0>,13,18,[1 5],14,56,74,42,45
1,<environment.Job instance at 0x7fce1b154d70>,14,18,[9 5],15,56,74,41,48
1,<environment.Job instance at 0x7fce1acf6370>,12,13,[ 3 10],13,74,87,61,64
1,<environment.Job instance at 0x7fce1b4a2b40>,18,12,[2 6],19,87,99,68,70
1,<environment.Job instance at 0x7fce5eb8f820>,2,13,[8 2],3,5,18,2,5
1,<environment.Job instance at 0x7fce1b4a23c0>,6,16,[ 2 10],7,18,34,11,10
1,<environment.Job instance at 0x7fce6157c1e0>,8,14,[5 9],9,34,48,25,21
1,<environment.Job instance at 0x7fce5eb8ff50>,4,12,[ 4 10],5,48,60,43,45
1,<environment.Job instance at 0x7fce6172ee10>,6,28,[5 1],7,27,55,20,27
1,<environment.Job instance at 0x7fce6172ecd0>,8,13,[8 2],9,55,68,46,51
1,<environment.Job instance at 0x7fce6172e8c0>,10,21,[9 1],11,68,89,57,61
1,<environment.Job instance at 0x7fce6141a1e0>,12,16,[1 7],13,65,81,52,65
1,<environment.Job instance at 0x7fce6172e5a0>,4,17,[ 1 10],5,89,106,84,77
1,<environment.Job instance at 0x7fce5e970960>,2,12,[ 1 10],3,3,15,0,3
1,<environment.Job instance at 0x7fce5e9702d0>,6,17,[3 6],7,15,32,8,8
1,<environment.Job instance at 0x7fce5e9702d0>,3,13,[4 5],4,5,18,1,5
1,<environment.Job instance at 0x7fce5eb044b0>,12,2,[4 6],13,21,23,8,21
1,<environment.Job instance at 0x7fce5eaf1aa0>,6,15,[5 5],7,33,48,26,33
1,<environment.Job instance at 0x7fce5eb04690>,15,15,[1 6],16,48,63,32,42
1,<environment.Job instance at 0x7fce61515a50>,10,3,[10  4],11,67,70,56,67
1,<environment.Job instance at 0x7fce615150a0>,11,13,[8 4],12,70,83,58,67
1,<environment.Job instance at 0x7fce5ec87a00>,3,15,[7 2],4,4,19,0,4
1,<environment.Job instance at 0x7fce1b414640>,7,16,[5 4],8,19,35,11,8
1,<environment.Job instance at 0x7fce61515870>,1,16,[1 6],2,11,27,9,11
1,<environment.Job instance at 0x7fce6133a780>,15,14,[7 2],16,54,68,38,54
1,<environment.Job instance at 0x7fce1b414eb0>,6,14,[10  2],7,68,82,61,54
1,<environment.Job instance at 0x7fce1afe9b90>,18,12,[2 6],19,82,94,63,65
1,<environment.Job instance at 0x7fce1afe9640>,20,1,[3 9],21,94,95,73,69
1,<environment.Job instance at 0x7fce1ad91b40>,5,12,[2 9],6,53,65,47,53
1,<environment.Job instance at 0x7fce1ad91280>,11,14,[1 7],12,65,79,53,53
1,<environment.Job instance at 0x7fce1ad91320>,12,3,[8 2],13,65,68,52,53
1,<environment.Job instance at 0x7fce1b16c5f0>,13,18,[1 9],14,79,97,65,69
1,<environment.Job instance at 0x7fce5eaf1050>,3,12,[10  3],4,5,17,1,5
1,<environment.Job instance at 0x7fce618d7aa0>,8,14,[ 4 10],9,17,31,8,9
1,<environment.Job instance at 0x7fce615c3af0>,13,15,[ 4 10],14,49,64,35,49
1,<environment.Job instance at 0x7fce5ecaa230>,14,17,[4 9],15,64,81,49,53
1,<environment.Job instance at 0x7fce618d74b0>,5,17,[10  4],6,81,98,75,70
1,<environment.Job instance at 0x7fce1b0fad20>,18,3,[6 5],19,98,101,79,76
1,<environment.Job instance at 0x7f24b4c09d70>,3,13,[3 8],4,6,19,2,6
1,<environment.Job instance at 0x7f24b4bc5050>,7,12,[7 2],8,24,36,16,24
1,<environment.Job instance at 0x7f24ad7b5780>,10,14,[1 6],11,24,38,13,24
1,<environment.Job instance at 0x7f24ad7b5820>,13,15,[4 5],14,38,53,24,24
1,<environment.Job instance at 0x7f24ad7b5960>,15,20,[3 5],16,46,66,30,46
1,<environment.Job instance at 0x7f24ad7b5b40>,18,18,[3 6],19,66,84,47,55
1,<environment.Job instance at 0x7f24b4d2bf00>,2,3,[2 8],3,3,6,0,3
1,<environment.Job instance at 0x7f24b4d31820>,9,14,[6 1],10,24,38,14,24
1,<environment.Job instance at 0x7f24b4beccd0>,14,14,[6 5],15,60,74,45,60
1,<environment.Job instance at 0x7f24b4bec460>,15,18,[5 3],16,74,92,58,63
1,<environment.Job instance at 0x7f24b4becdc0>,17,13,[6 5],18,92,105,74,76
1,<environment.Job instance at 0x7f2469b05fa0>,5,19,[5 1],6,6,25,0,6
1,<environment.Job instance at 0x7f2469b05230>,6,17,[8 2],7,48,65,41,48
1,<environment.Job instance at 0x7f2469d7d0a0>,1,13,[ 4 10],2,65,78,63,50
1,<environment.Job instance at 0x7f2469b88820>,12,15,[3 9],13,78,93,65,64
1,<environment.Job instance at 0x7f24ad5ef8c0>,13,13,[5 7],14,67,80,53,67
1,<environment.Job instance at 0x7f246a15f230>,6,3,[5 9],7,27,30,20,27
1,<environment.Job instance at 0x7f246a15f550>,9,15,[6 2],10,30,45,20,27
1,<environment.Job instance at 0x7f246a15f280>,7,15,[1 9],8,45,60,37,45
1,<environment.Job instance at 0x7f246a15f820>,14,18,[3 8],15,60,78,45,50
1,<environment.Job instance at 0x7f246a15fb40>,19,15,[4 9],20,79,94,59,79
1,<environment.Job instance at 0x7f2469e7a7d0>,5,14,[5 8],6,71,85,65,71
1,<environment.Job instance at 0x7f2469e62a50>,11,14,[3 5],12,85,99,73,71
1,<environment.Job instance at 0x7f2469e62460>,15,17,[9 1],16,99,116,83,87
1,<environment.Job instance at 0x7f24afea8f00>,6,12,[7 4],7,7,19,0,7
1,<environment.Job instance at 0x7f24b00b30f0>,5,15,[7 2],6,19,34,13,8
1,<environment.Job instance at 0x7f24affb2be0>,9,15,[2 6],10,11,26,1,11
1,<environment.Job instance at 0x7f24ada6f690>,14,14,[1 8],15,36,50,21,36
1,<environment.Job instance at 0x7f24ada6f500>,16,17,[ 4 10],17,59,76,42,59
1,<environment.Job instance at 0x7f24ad5757d0>,0,12,[3 6],1,4,16,3,4
1,<environment.Job instance at 0x7f2469ea65f0>,6,15,[6 1],7,7,22,0,7
1,<environment.Job instance at 0x7f24ad5750f0>,2,13,[1 8],3,16,29,13,8
1,<environment.Job instance at 0x7f2469ea6910>,10,16,[5 1],11,22,38,11,14
1,<environment.Job instance at 0x7f2469ea69b0>,11,17,[3 7],12,29,46,17,17
1,<environment.Job instance at 0x7f2469ea6730>,7,15,[3 7],8,46,61,38,32
1,<environment.Job instance at 0x7f2469e95410>,21,15,[10  1],22,61,76,39,50
1,<environment.Job instance at 0x7f2469e958c0>,28,12,[3 5],29,76,88,47,73
1,<environment.Job instance at 0x7f24ad5b6320>,8,16,[6 5],9,9,25,0,9
1,<environment.Job instance at 0x7f24ad5b6190>,7,15,[1 7],8,25,40,17,11
1,<environment.Job instance at 0x7f24ad5b6280>,6,15,[10  3],7,78,93,71,78
1,<environment.Job instance at 0x7f24adb9e410>,18,15,[5 5],19,93,108,74,79
1,<environment.Job instance at 0x7f24ad5c2aa0>,1,13,[3 9],2,3,16,1,3
1,<environment.Job instance at 0x7f24ad80d870>,8,12,[2 6],9,16,28,7,9
1,<environment.Job instance at 0x7f24adb9e910>,6,14,[1 9],7,28,42,21,13
1,<environment.Job instance at 0x7f24aff736e0>,14,16,[5 4],15,42,58,27,29
1,<environment.Job instance at 0x7f24ada3ea00>,18,1,[10  1],19,58,59,39,44
1,<environment.Job instance at 0x7f24b47cc9b0>,4,16,[7 2],5,52,68,47,52
1,<environment.Job instance at 0x7f24adb3ac30>,8,17,[3 6],9,77,94,68,77
1,<environment.Job instance at 0x7f24afe10f50>,7,1,[2 5],8,24,25,16,24
1,<environment.Job instance at 0x7f24afe10410>,9,18,[10  2],10,25,43,15,24
1,<environment.Job instance at 0x7f24ad8cdbe0>,4,13,[4 6],5,7,20,2,7
1,<environment.Job instance at 0x7f24ad8cd960>,6,12,[7 4],7,20,32,13,10
1,<environment.Job instance at 0x7f24affa0aa0>,11,18,[7 3],12,50,68,38,50
1,<environment.Job instance at 0x7f24b023dbe0>,16,12,[8 1],17,74,86,57,74
1,<environment.Job instance at 0x7f24699c24b0>,20,14,[4 9],21,86,100,65,74
1,<environment.Job instance at 0x7f24699f8820>,5,2,[5 7],6,48,50,42,48
1,<environment.Job instance at 0x7f24699f09b0>,14,17,[5 1],15,70,87,55,70
1,<environment.Job instance at 0x7f24699f0d70>,15,16,[9 3],16,87,103,71,74
1,<environment.Job instance at 0x7f24ad646140>,6,14,[ 1 10],7,34,48,27,34
1,<environment.Job instance at 0x7f24ad646460>,9,19,[8 3],10,48,67,38,39
1,<environment.Job instance at 0x7f2469857eb0>,14,17,[8 4],15,67,84,52,56
1,<environment.Job instance at 0x7f24ad646500>,11,14,[9 5],12,84,98,72,69
1,<environment.Job instance at 0x7f24b0131eb0>,1,13,[5 4],2,19,32,17,19
1,<environment.Job instance at 0x7f24adb23550>,5,18,[10  2],6,32,50,26,22
1,<environment.Job instance at 0x7f24b0182eb0>,1,14,[4 7],2,4,18,2,4
1,<environment.Job instance at 0x7f2469976960>,8,14,[ 4 10],9,18,32,9,9
1,<environment.Job instance at 0x7f2469976b40>,7,16,[6 1],8,32,48,24,20
1,<environment.Job instance at 0x7f246997a690>,15,2,[3 5],16,86,88,70,86
1,<environment.Job instance at 0x7f246978aaf0>,4,13,[10  4],5,88,101,83,88
1,<environment.Job instance at 0x7f24ad5940a0>,8,3,[6 5],9,11,14,2,11
1,<environment.Job instance at 0x7f24ad594500>,9,19,[ 5 10],10,14,33,4,12
1,<environment.Job instance at 0x7f24b02fa500>,11,15,[3 9],12,33,48,21,22
1,<environment.Job instance at 0x7f24b02fa230>,13,12,[5 4],14,48,60,34,31
1,<environment.Job instance at 0x7f24ad594a00>,6,18,[ 2 10],7,60,78,53,49
1,<environment.Job instance at 0x7f246978aaf0>,4,17,[4 9],5,78,95,73,71
1,<environment.Job instance at 0x7f2469c7c410>,5,14,[5 6],6,6,20,0,6
1,<environment.Job instance at 0x7f246a17a8c0>,6,16,[8 4],7,20,36,13,12
1,<environment.Job instance at 0x7f2469762050>,10,13,[2 9],11,48,61,37,48
1,<environment.Job instance at 0x7f24b0488a00>,11,17,[8 4],12,61,78,49,49
1,<environment.Job instance at 0x7f24ad954780>,15,13,[7 1],16,78,91,62,62
1,<environment.Job instance at 0x7f24b01e8be0>,18,12,[3 8],19,78,90,59,77
1,<environment.Job instance at 0x7f24adaf8960>,19,18,[7 1],20,91,109,71,80
1,<environment.Job instance at 0x7f24b04452d0>,23,16,[3 5],24,90,106,66,87
1,<environment.Job instance at 0x7f24ad8fd690>,7,14,[1 9],8,8,22,0,8
1,<environment.Job instance at 0x7f24ad8fd1e0>,8,12,[7 5],9,22,34,13,9
1,<environment.Job instance at 0x7f24ad8fdcd0>,9,1,[10  1],10,34,35,24,10
1,<environment.Job instance at 0x7f24ad8fd050>,13,14,[6 2],14,35,49,21,23
1,<environment.Job instance at 0x7f24ad8fd2d0>,15,28,[1 5],16,35,63,19,34
1,<environment.Job instance at 0x7f24ad8fda50>,16,14,[9 4],17,49,63,32,34
1,<environment.Job instance at 0x7f530b332140>,0,17,[6 2],1,3,20,2,3
1,<environment.Job instance at 0x7f5303f23500>,7,12,[7 2],8,20,32,12,8
1,<environment.Job instance at 0x7f5303f23550>,6,19,[1 7],7,24,43,17,24
1,<environment.Job instance at 0x7f5303f23730>,9,17,[8 1],10,32,49,22,25
1,<environment.Job instance at 0x7f5303f23960>,15,20,[3 5],16,49,69,33,45
1,<environment.Job instance at 0x7f5303f23b40>,18,18,[3 6],19,69,87,50,58
1,<environment.Job instance at 0x7f530b49e690>,5,18,[5 3],6,6,24,0,6
1,<environment.Job instance at 0x7f530b49e640>,7,13,[6 5],8,24,37,16,9
1,<environment.Job instance at 0x7f530b359460>,10,13,[1 7],11,37,50,26,21
1,<environment.Job instance at 0x7f530b359dc0>,12,14,[3 7],13,50,64,37,35
1,<environment.Job instance at 0x7f530b499dc0>,16,3,[1 6],17,64,67,47,51
1,<environment.Job instance at 0x7f530b4990f0>,17,12,[6 1],18,51,63,33,51
1,<environment.Job instance at 0x7f530b499500>,18,14,[9 1],19,64,78,45,51
1,<environment.Job instance at 0x7f530b499c80>,19,15,[9 2],20,78,93,58,65
1,<environment.Job instance at 0x7f530b4acfa0>,22,16,[1 8],23,69,85,46,69
1,<environment.Job instance at 0x7f52c0228cd0>,7,27,[5 3],8,24,51,16,24
1,<environment.Job instance at 0x7f52c0228b90>,10,13,[5 1],11,44,57,33,44
1,<environment.Job instance at 0x7f52c02f6d70>,3,16,[10  3],4,71,87,67,71
1,<environment.Job instance at 0x7f52c031e280>,3,1,[10  2],4,4,5,0,4
1,<environment.Job instance at 0x7f52c031e5a0>,2,2,[8 1],3,5,7,2,5
1,<environment.Job instance at 0x7f52c05d05f0>,15,13,[7 1],16,48,61,32,48
1,<environment.Job instance at 0x7f52c05d03c0>,13,13,[9 2],14,61,74,47,55
1,<environment.Job instance at 0x7f52c0727b90>,18,15,[2 8],19,74,89,55,61
1,<environment.Job instance at 0x7f52c06ab960>,23,14,[ 3 10],24,89,103,65,74
1,<environment.Job instance at 0x7f52c0210cd0>,1,17,[2 6],2,6,23,4,6
1,<environment.Job instance at 0x7f52c0618910>,10,13,[1 6],11,28,41,17,28
1,<environment.Job instance at 0x7f52c06189b0>,11,15,[5 1],12,28,43,16,28
1,<environment.Job instance at 0x7f52c0618a50>,12,16,[3 9],13,41,57,28,28
1,<environment.Job instance at 0x7f52c0618c30>,15,18,[9 2],16,57,75,41,46
1,<environment.Job instance at 0x7f52c0618d70>,17,12,[3 9],18,75,87,57,58
1,<environment.Job instance at 0x7f53044307d0>,6,16,[2 5],7,24,40,17,24
1,<environment.Job instance at 0x7f52c03510a0>,17,16,[4 5],18,70,86,52,70
1,<environment.Job instance at 0x7f52c0351c30>,16,13,[1 9],17,86,99,69,70
1,<environment.Job instance at 0x7f52c0704a50>,8,15,[5 5],9,26,41,17,26
1,<environment.Job instance at 0x7f52c0704230>,5,12,[4 8],6,98,110,92,98
1,<environment.Job instance at 0x7f52c07b52d0>,15,16,[5 5],16,110,126,94,98
1,<environment.Job instance at 0x7f52c0302d20>,7,12,[1 7],8,37,49,29,37
1,<environment.Job instance at 0x7f52c0302dc0>,8,15,[3 7],9,53,68,44,53
1,<environment.Job instance at 0x7f52c0302fa0>,10,12,[1 8],11,68,80,57,53
1,<environment.Job instance at 0x7f52c0318370>,16,14,[1 7],17,80,94,63,65
1,<environment.Job instance at 0x7f52c0318550>,19,14,[5 7],20,94,108,74,79
1,<environment.Job instance at 0x7f52c0313d70>,0,1,[7 3],1,1,2,0,1
1,<environment.Job instance at 0x7f53040340a0>,8,18,[5 5],9,24,42,15,24
1,<environment.Job instance at 0x7f530a7ab370>,11,13,[3 9],12,42,55,30,27
1,<environment.Job instance at 0x7f530a926820>,14,18,[9 5],15,55,73,40,44
1,<environment.Job instance at 0x7f52c0313f50>,2,14,[4 7],3,73,87,70,65
1,<environment.Job instance at 0x7f52c083c2d0>,18,12,[2 6],19,87,99,68,71
1,<environment.Job instance at 0x7f52c083c3c0>,21,13,[5 5],22,99,112,77,92
1,<environment.Job instance at 0x7f530ac59b90>,24,16,[5 4],25,96,112,71,96
1,<environment.Job instance at 0x7f530aaf3910>,4,16,[7 2],5,51,67,46,51
1,<environment.Job instance at 0x7f530aadf780>,8,17,[3 6],9,77,94,68,77
1,<environment.Job instance at 0x7f530a9b2050>,11,14,[10  2],12,94,108,82,80
1,<environment.Job instance at 0x7f530ad13f00>,15,13,[7 4],16,108,121,92,99
1,<environment.Job instance at 0x7f5303d650a0>,0,3,[5 6],1,4,7,3,4
1,<environment.Job instance at 0x7f52c0552280>,6,13,[1 5],7,24,37,17,24
1,<environment.Job instance at 0x7f52c0552230>,4,17,[2 6],5,37,54,32,29
1,<environment.Job instance at 0x7f52c0552780>,13,15,[5 8],14,56,71,42,56
1,<environment.Job instance at 0x7f52c0552820>,14,15,[4 5],15,71,86,56,63
1,<environment.Job instance at 0x7f52c0552be0>,20,15,[8 1],21,86,101,65,74
1,<environment.Job instance at 0x7f52c0552dc0>,23,15,[5 5],24,101,116,77,96
1,<environment.Job instance at 0x7f52c07fa410>,6,15,[5 5],7,9,24,2,9
1,<environment.Job instance at 0x7f52c07faaf0>,8,12,[ 1 10],9,24,36,15,20
1,<environment.Job instance at 0x7f52c0733f00>,14,14,[ 1 10],15,36,50,21,28
1,<environment.Job instance at 0x7f52c07330f0>,16,13,[5 5],17,50,63,33,46
1,<environment.Job instance at 0x7f530b356c30>,18,3,[4 8],19,63,66,44,47
1,<environment.Job instance at 0x7f530b356d70>,19,17,[7 1],20,66,83,46,54
1,<environment.Job instance at 0x7f530b356050>,20,16,[2 8],21,66,82,45,54
1,<environment.Job instance at 0x7f52c07faf00>,10,15,[10  2],11,83,98,72,69
1,<environment.Job instance at 0x7f52c05e70a0>,10,3,[10  4],11,28,31,17,28
1,<environment.Job instance at 0x7f530ae0b0f0>,2,18,[2 5],3,10,28,7,10
1,<environment.Job instance at 0x7f52c03a4b90>,9,16,[1 7],10,28,44,18,15
1,<environment.Job instance at 0x7f52c03a42d0>,12,2,[ 1 10],13,44,46,31,21
1,<environment.Job instance at 0x7f52c036c460>,13,17,[5 7],14,46,63,32,34
1,<environment.Job instance at 0x7f52c020e960>,9,12,[9 1],10,17,29,7,17
1,<environment.Job instance at 0x7f5303d02fa0>,6,13,[5 8],7,29,42,22,17
1,<environment.Job instance at 0x7f5303fb4320>,11,18,[ 4 10],12,48,66,36,48
1,<environment.Job instance at 0x7f52bff09af0>,8,15,[7 3],9,9,24,0,9
1,<environment.Job instance at 0x7f5304120f00>,0,12,[9 1],1,24,36,23,12
1,<environment.Job instance at 0x7f5303e9f820>,11,3,[5 7],12,36,39,24,15
1,<environment.Job instance at 0x7f5303e9fe10>,16,13,[9 3],17,51,64,34,51
1,<environment.Job instance at 0x7f5303e9f0a0>,17,1,[1 7],18,51,52,33,51
1,<environment.Job instance at 0x7f5303e9f690>,20,13,[4 8],21,76,89,55,76
1,<environment.Job instance at 0x7f52bff049b0>,23,23,[4 5],24,92,115,68,92
1,<environment.Job instance at 0x7f5303f79640>,7,20,[ 5 10],8,30,50,22,30
1,<environment.Job instance at 0x7f5303f79280>,8,3,[5 2],9,50,53,41,31
1,<environment.Job instance at 0x7f5303f79fa0>,11,19,[3 5],12,50,69,38,40
1,<environment.Job instance at 0x7f5303f79dc0>,14,12,[7 3],15,53,65,38,50
1,<environment.Job instance at 0x7f5303f78190>,17,13,[3 9],18,73,86,55,73
1,<environment.Job instance at 0x7f5303f78730>,18,18,[9 3],19,86,104,67,75
1,<environment.Job instance at 0x7f5303f78dc0>,4,14,[5 3],5,5,19,0,5
1,<environment.Job instance at 0x7f52c04c67d0>,10,18,[5 3],11,25,43,14,25
1,<environment.Job instance at 0x7f530a874730>,9,16,[ 5 10],10,46,62,36,46
1,<environment.Job instance at 0x7f5304300730>,15,13,[5 4],16,70,83,54,70
1,<environment.Job instance at 0x7f52c03eb730>,17,14,[1 9],18,83,97,65,72
1,<environment.Job instance at 0x7f52c03ebb90>,19,1,[10  1],20,97,98,77,72
1,<environment.Job instance at 0x7f52c0146640>,7,17,[3 5],8,21,38,13,21
1,<environment.Job instance at 0x7f52c01467d0>,11,12,[8 4],12,38,50,26,22
1,<environment.Job instance at 0x7f52c0146190>,9,15,[7 1],10,50,65,40,43
1,<environment.Job instance at 0x7f52c0146c80>,14,1,[9 5],15,65,66,50,45
1,<environment.Job instance at 0x7f52c0146f00>,5,17,[8 2],6,66,83,60,65
1,<environment.Job instance at 0x7f52c039ffa0>,21,16,[1 6],22,66,82,44,65
1,<environment.Job instance at 0x7f52c039fc80>,22,12,[2 8],23,82,94,59,70
1,<environment.Job instance at 0x7f52c039fd20>,19,1,[3 9],20,94,95,74,70
1,<environment.Job instance at 0x7f52c039f410>,27,14,[6 2],28,95,109,67,93
1,<environment.Job instance at 0x7f52c039fe10>,26,16,[3 8],27,96,112,69,96
1,<environment.Job instance at 0x7f53041c06e0>,9,3,[8 4],10,19,22,9,19
1,<environment.Job instance at 0x7f53041c0140>,11,3,[7 1],12,39,42,27,39
1,<environment.Job instance at 0x7f53041c0050>,15,16,[10  3],16,49,65,33,49
1,<environment.Job instance at 0x7f53041c02d0>,16,18,[8 4],17,94,112,77,94
1,<environment.Job instance at 0x7f0857c462d0>,1,15,[4 5],2,2,17,0,2
1,<environment.Job instance at 0x7f0850837500>,7,12,[7 2],8,17,29,9,8
1,<environment.Job instance at 0x7f08508375a0>,9,17,[8 1],10,29,46,19,24
1,<environment.Job instance at 0x7f08508376e0>,10,14,[1 6],11,24,38,13,24
1,<environment.Job instance at 0x7f0850837690>,11,1,[8 4],12,46,47,34,24
1,<environment.Job instance at 0x7f0850837550>,6,19,[1 7],7,65,84,58,65
1,<environment.Job instance at 0x7f08508379b0>,16,19,[ 3 10],17,84,103,67,78
1,<environment.Job instance at 0x7f0850837d70>,22,3,[4 6],23,103,106,80,91
1,<environment.Job instance at 0x7f0850837f50>,23,18,[7 4],24,106,124,82,95
1,<environment.Job instance at 0x7f0857c6dcd0>,6,3,[1 6],7,7,10,0,7
1,<environment.Job instance at 0x7f08164fc230>,7,12,[6 1],8,8,20,0,8
1,<environment.Job instance at 0x7f0857db2820>,0,13,[1 7],1,10,23,9,9
1,<environment.Job instance at 0x7f0857dad410>,8,14,[9 1],9,20,34,11,10
1,<environment.Job instance at 0x7f0857c6de10>,5,17,[4 8],6,34,51,28,28
1,<environment.Job instance at 0x7f0857dc0d70>,18,19,[4 7],19,51,70,32,42
1,<environment.Job instance at 0x7f0857dc09b0>,20,16,[9 4],21,74,90,53,74
1,<environment.Job instance at 0x7f0857dc0230>,21,15,[8 1],22,90,105,68,76
1,<environment.Job instance at 0x7f0857db6e60>,26,16,[5 3],27,105,121,78,93
1,<environment.Job instance at 0x7f080cbe95a0>,5,23,[8 3],6,9,32,3,9
1,<environment.Job instance at 0x7f080cbe94b0>,9,18,[5 7],10,32,50,22,24
1,<environment.Job instance at 0x7f080cbe9730>,12,13,[2 9],13,52,65,39,52
1,<environment.Job instance at 0x7f080cbe9eb0>,15,13,[6 4],16,65,78,49,52
1,<environment.Job instance at 0x7f080cc68be0>,6,13,[2 5],7,7,20,0,7
1,<environment.Job instance at 0x7f080cc68dc0>,10,19,[1 8],11,20,39,9,11
1,<environment.Job instance at 0x7f080cef39b0>,4,16,[2 8],5,39,55,34,37
1,<environment.Job instance at 0x7f080d168c80>,2,14,[9 1],3,3,17,0,3
1,<environment.Job instance at 0x7f080d168d70>,4,2,[3 5],5,17,19,12,5
1,<environment.Job instance at 0x7f080cf282d0>,5,17,[1 8],6,19,36,13,9
1,<environment.Job instance at 0x7f080cf287d0>,8,17,[9 1],9,19,36,10,11
1,<environment.Job instance at 0x7f080cf28af0>,9,18,[10  3],10,36,54,26,34
1,<environment.Job instance at 0x7f080cf270f0>,14,12,[3 5],15,54,66,39,37
1,<environment.Job instance at 0x7f080cf27230>,18,18,[10  3],19,89,107,70,89
1,<environment.Job instance at 0x7f085711ea50>,4,14,[1 8],5,48,62,43,48
1,<environment.Job instance at 0x7f085711ef00>,3,14,[5 5],4,62,76,58,48
1,<environment.Job instance at 0x7f085711e960>,11,14,[6 4],12,76,90,64,61
1,<environment.Job instance at 0x7f085711eaa0>,17,14,[7 5],18,100,114,82,100
1,<environment.Job instance at 0x7f08506f3550>,18,12,[6 1],19,114,126,95,100
1,<environment.Job instance at 0x7f08506f3cd0>,20,3,[5 1],21,126,129,105,106
1,<environment.Job instance at 0x7f080cb440a0>,6,13,[7 5],7,7,20,0,7
1,<environment.Job instance at 0x7f080cb443c0>,7,13,[1 8],8,20,33,12,8
1,<environment.Job instance at 0x7f08572817d0>,9,14,[1 7],10,33,47,23,18
1,<environment.Job instance at 0x7f080ccebaf0>,10,13,[ 2 10],11,47,60,36,32
1,<environment.Job instance at 0x7f0850d53b40>,17,16,[9 4],18,60,76,42,47
1,<environment.Job instance at 0x7f08572e37d0>,19,15,[10  4],20,76,91,56,64
1,<environment.Job instance at 0x7f085086f4b0>,20,13,[ 4 10],21,91,104,70,77
1,<environment.Job instance at 0x7f0850ab2050>,23,14,[1 8],24,104,118,80,89
1,<environment.Job instance at 0x7f0857290d20>,13,18,[ 5 10],14,118,136,104,107
1,<environment.Job instance at 0x7f08508c4cd0>,3,16,[7 2],4,5,21,1,5
1,<environment.Job instance at 0x7f080cb0e0a0>,6,3,[4 8],7,21,24,14,7
1,<environment.Job instance at 0x7f080ce9f500>,0,16,[6 2],1,21,37,20,9
1,<environment.Job instance at 0x7f080ce9f730>,8,2,[1 6],9,9,11,0,9
1,<environment.Job instance at 0x7f080cb0e5f0>,12,3,[2 6],13,25,28,12,25
1,<environment.Job instance at 0x7f080cb0e870>,13,19,[2 8],14,28,47,14,25
1,<environment.Job instance at 0x7f080cb0eaa0>,17,12,[ 5 10],18,47,59,29,30
1,<environment.Job instance at 0x7f080cb0ec80>,20,15,[7 3],21,59,74,38,45
1,<environment.Job instance at 0x7f080cb0ee60>,23,14,[7 5],24,74,88,50,67
1,<environment.Job instance at 0x7f080cb0a0f0>,25,17,[8 1],26,92,109,66,92
1,<environment.Job instance at 0x7f080cb0a3c0>,27,12,[6 4],28,109,121,81,92
1,<environment.Job instance at 0x7f080cb0a2d0>,29,14,[ 3 10],30,121,135,91,107
1,<environment.Job instance at 0x7f080cb0a6e0>,30,1,[7 3],31,135,136,104,107
1,<environment.Job instance at 0x7f0850956190>,2,13,[8 2],3,4,17,1,4
1,<environment.Job instance at 0x7f08509694b0>,8,14,[5 9],9,21,35,12,21
1,<environment.Job instance at 0x7f0850d58e60>,14,13,[8 2],15,44,57,29,44
1,<environment.Job instance at 0x7f085079d1e0>,7,1,[2 5],8,26,27,18,26
1,<environment.Job instance at 0x7f0850957460>,10,3,[5 6],11,36,39,25,36
1,<environment.Job instance at 0x7f0850957230>,11,24,[2 6],12,39,63,27,36
1,<environment.Job instance at 0x7f0850957e60>,14,17,[2 6],15,63,80,48,51
1,<environment.Job instance at 0x7f08509c9eb0>,16,13,[1 5],17,80,93,63,74
1,<environment.Job instance at 0x7f080ce67550>,19,15,[4 5],20,101,116,81,101
1,<environment.Job instance at 0x7f080d0a2e10>,21,17,[3 5],22,102,119,80,102
1,<environment.Job instance at 0x7f08577d7460>,24,15,[4 5],25,116,131,91,105
1,<environment.Job instance at 0x7f080cfba910>,6,15,[5 5],7,9,24,2,9
1,<environment.Job instance at 0x7f080cfba9b0>,5,15,[3 9],6,24,39,18,12
1,<environment.Job instance at 0x7f080cfba960>,7,18,[8 5],8,39,57,31,28
1,<environment.Job instance at 0x7f080cfa7320>,18,3,[4 8],19,57,60,38,46
1,<environment.Job instance at 0x7f080cfa7280>,19,17,[7 1],20,60,77,40,49
1,<environment.Job instance at 0x7f080cfa71e0>,20,16,[2 8],21,60,76,39,49
1,<environment.Job instance at 0x7f080cfa7550>,23,13,[4 5],24,77,90,53,61
1,<environment.Job instance at 0x7f080cfa7910>,26,15,[5 5],27,77,92,50,74
1,<environment.Job instance at 0x7f080cd91dc0>,8,2,[5 3],9,79,81,70,79
1,<environment.Job instance at 0x7f080cd915a0>,10,16,[6 1],11,81,97,70,79
1,<environment.Job instance at 0x7f080cd91b90>,11,15,[1 5],12,79,94,67,79
1,<environment.Job instance at 0x7f080c9d7870>,5,17,[9 4],6,97,114,91,85
1,<environment.Job instance at 0x7f080cd91230>,13,18,[9 4],14,114,132,100,104
1,<environment.Job instance at 0x7f080cd91230>,2,23,[1 6],3,23,46,20,23
1,<environment.Job instance at 0x7f08505a8eb0>,4,2,[1 7],5,46,48,41,23
1,<environment.Job instance at 0x7f085089fb40>,9,16,[8 2],10,23,39,13,23
1,<environment.Job instance at 0x7f085089f910>,11,14,[4 7],12,48,62,36,36
1,<environment.Job instance at 0x7f0857228e60>,16,15,[9 3],17,64,79,47,64
1,<environment.Job instance at 0x7f08572280a0>,18,14,[ 4 10],19,79,93,60,64
1,<environment.Job instance at 0x7f0857c6e7d0>,13,12,[10  3],14,93,105,79,80
1,<environment.Job instance at 0x7f08505ab7d0>,3,12,[5 4],4,4,16,0,4
1,<environment.Job instance at 0x7f080c8d98c0>,0,18,[9 1],1,26,44,25,26
1,<environment.Job instance at 0x7f080c96b2d0>,5,13,[8 3],6,44,57,38,28
1,<environment.Job instance at 0x7f0850815500>,12,12,[6 5],13,57,69,44,40
1,<environment.Job instance at 0x7f080ce3ef50>,19,1,[7 5],20,95,96,75,95
1,<environment.Job instance at 0x7f080ce3eeb0>,20,13,[6 1],21,96,109,75,95
1,<environment.Job instance at 0x7f080ce02dc0>,2,18,[6 3],3,4,22,1,4
1,<environment.Job instance at 0x7f080ceef1e0>,7,16,[3 5],8,29,45,21,29
1,<environment.Job instance at 0x7f080d073f00>,3,17,[8 3],4,54,71,50,54
1,<environment.Job instance at 0x7f080c812d70>,20,16,[5 2],21,87,103,66,87
1,<environment.Job instance at 0x7f080c812f00>,21,20,[5 4],22,87,107,65,87
1,<environment.Job instance at 0x7f080c812e10>,23,12,[7 5],24,107,119,83,90
1,<environment.Job instance at 0x7f080c812500>,18,14,[ 4 10],19,119,133,100,105
1,<environment.Job instance at 0x7f08570a6550>,3,15,[5 5],4,4,19,0,4
1,<environment.Job instance at 0x7f08570b1460>,4,15,[1 5],5,5,20,0,5
1,<environment.Job instance at 0x7f08570a6500>,9,14,[7 4],10,19,33,9,16
1,<environment.Job instance at 0x7f085710f140>,2,13,[4 9],3,7,20,4,7
1,<environment.Job instance at 0x7f080cca6b90>,10,17,[ 4 10],11,20,37,9,13
1,<environment.Job instance at 0x7f080cca6dc0>,12,3,[4 6],13,37,40,24,14
1,<environment.Job instance at 0x7f08572c6f50>,3,1,[8 3],4,5,6,1,5
1,<environment.Job instance at 0x7f080c92bb40>,8,18,[8 3],9,33,51,24,33
1,<environment.Job instance at 0x7f080c92b820>,13,2,[9 2],14,76,78,62,76
1,<environment.Job instance at 0x7f080c92b8c0>,6,15,[8 2],7,78,93,71,76
1,<environment.Job instance at 0x7f080d0d7550>,3,13,[1 7],4,4,17,0,4
1,<environment.Job instance at 0x7f080d0d7cd0>,1,16,[2 5],2,17,33,15,4
1,<environment.Job instance at 0x7f0850ad2460>,9,15,[1 8],10,43,58,33,43
1,<environment.Job instance at 0x7f080cc7fd70>,4,15,[6 1],5,61,76,56,61
1,<environment.Job instance at 0x7f0850c60460>,14,18,[5 6],15,76,94,61,72
1,<environment.Job instance at 0x7f0850c9a410>,20,18,[3 8],21,94,112,73,90
1,<environment.Job instance at 0x7f47184d52d0>,5,18,[7 5],6,6,24,0,6
1,<environment.Job instance at 0x7f47184d5370>,7,12,[7 2],8,24,36,16,24
1,<environment.Job instance at 0x7f47184d56e0>,10,14,[1 6],11,24,38,13,24
1,<environment.Job instance at 0x7f47184d5640>,9,17,[8 1],10,36,53,26,24
1,<environment.Job instance at 0x7f47184d5500>,6,19,[1 7],7,45,64,38,45
1,<environment.Job instance at 0x7f47184d59b0>,16,19,[ 3 10],17,64,83,47,54
1,<environment.Job instance at 0x7f471f90c370>,8,19,[4 7],9,14,33,5,14
1,<environment.Job instance at 0x7f471fa5f4b0>,13,14,[1 7],14,33,47,19,26
1,<environment.Job instance at 0x7f471f90cdc0>,10,16,[9 4],11,47,63,36,35
1,<environment.Job instance at 0x7f471fa5f140>,19,21,[3 6],20,69,90,49,69
1,<environment.Job instance at 0x7f471fa5f0f0>,22,14,[5 1],23,78,92,55,78
1,<environment.Job instance at 0x7f471fa5f7d0>,23,18,[1 7],24,90,108,66,79
1,<environment.Job instance at 0x7f46d47d3280>,5,16,[7 4],6,46,62,40,46
1,<environment.Job instance at 0x7f471fa5f7d0>,2,16,[7 4],3,70,86,67,70
1,<environment.Job instance at 0x7f46d47d38c0>,10,17,[2 6],11,70,87,59,70
1,<environment.Job instance at 0x7f46d47d3d70>,12,17,[8 5],13,87,104,74,76
1,<environment.Job instance at 0x7f46d47cee60>,16,12,[ 3 10],17,107,119,90,107
1,<environment.Job instance at 0x7f46d47cef50>,17,3,[8 3],18,119,122,101,107
1,<environment.Job instance at 0x7f46d47cedc0>,18,17,[1 7],19,119,136,100,108
1,<environment.Job instance at 0x7f46d47ce870>,20,12,[6 2],21,122,134,101,108
1,<environment.Job instance at 0x7f46d47ce730>,21,2,[5 1],22,134,136,112,108
1,<environment.Job instance at 0x7f46d495a640>,6,3,[5 9],7,28,31,21,28
1,<environment.Job instance at 0x7f46d4c4c960>,9,15,[6 2],10,31,46,21,28
1,<environment.Job instance at 0x7f46d495ac30>,7,15,[1 9],8,47,62,39,47
1,<environment.Job instance at 0x7f46d4c4caf0>,12,1,[ 2 10],13,62,63,49,47
1,<environment.Job instance at 0x7f46d4b8d370>,15,13,[6 3],16,63,76,47,49
1,<environment.Job instance at 0x7f46d4b8d640>,19,15,[4 9],20,93,108,73,93
1,<environment.Job instance at 0x7f46d4bd25f0>,10,1,[1 6],11,48,49,37,48
1,<environment.Job instance at 0x7f46d4bd2410>,7,16,[4 5],8,87,103,79,87
1,<environment.Job instance at 0x7f46d4bd2910>,15,14,[8 2],16,103,117,87,94
1,<environment.Job instance at 0x7f46d4bd2870>,14,17,[2 5],15,104,121,89,104
1,<environment.Job instance at 0x7f46d4ad4140>,10,22,[1 8],11,26,48,15,26
1,<environment.Job instance at 0x7f46d4ad4910>,16,12,[ 3 10],17,91,103,74,91
1,<environment.Job instance at 0x7f46d4ad4500>,17,17,[4 5],18,103,120,85,92
1,<environment.Job instance at 0x7f46d4ad41e0>,19,13,[3 9],20,120,133,100,104
1,<environment.Job instance at 0x7f471855a6e0>,8,16,[6 5],9,10,26,1,10
1,<environment.Job instance at 0x7f46d4a5d730>,17,17,[ 2 10],18,78,95,60,78
1,<environment.Job instance at 0x7f46d4afd050>,19,12,[9 1],20,95,107,75,78
1,<environment.Job instance at 0x7f46d4afd500>,23,20,[3 8],24,107,127,83,107
1,<environment.Job instance at 0x7f471850f320>,6,15,[10  3],7,127,142,120,119
1,<environment.Job instance at 0x7f46d4819500>,0,12,[7 1],1,7,19,6,7
1,<environment.Job instance at 0x7f471aef44b0>,5,17,[7 4],6,19,36,13,11
1,<environment.Job instance at 0x7f471aef4a50>,11,1,[ 5 10],12,36,37,24,14
1,<environment.Job instance at 0x7f471aef4690>,9,16,[3 9],10,37,53,27,27
1,<environment.Job instance at 0x7f47189d3b90>,6,28,[5 1],7,35,63,28,35
1,<environment.Job instance at 0x7f47188d6c30>,8,13,[8 2],9,63,76,54,49
1,<environment.Job instance at 0x7f46d49650f0>,12,16,[1 7],13,112,128,99,112
1,<environment.Job instance at 0x7f46d49655a0>,16,14,[5 5],17,128,142,111,115
1,<environment.Job instance at 0x7f46d4bf6050>,0,17,[7 2],1,5,22,4,5
1,<environment.Job instance at 0x7f46d47cebe0>,4,13,[4 6],5,22,35,17,10
1,<environment.Job instance at 0x7f46d4992e10>,16,12,[8 1],17,74,86,57,74
1,<environment.Job instance at 0x7f46d4d7c3c0>,17,14,[10  2],18,86,100,68,75
1,<environment.Job instance at 0x7f47183447d0>,19,3,[7 5],20,100,103,80,75
1,<environment.Job instance at 0x7f47186f0730>,2,2,[3 6],3,5,7,2,5
1,<environment.Job instance at 0x7f471abca370>,4,15,[9 2],5,7,22,2,7
1,<environment.Job instance at 0x7f46d47ddeb0>,5,17,[9 4],6,56,73,50,56
1,<environment.Job instance at 0x7f46d47ddc30>,12,16,[5 6],13,73,89,60,60
1,<environment.Job instance at 0x7f46d47dda00>,14,13,[8 2],15,89,102,74,74
1,<environment.Job instance at 0x7f46d47dde10>,16,17,[8 2],17,102,119,85,90
1,<environment.Job instance at 0x7f46d486f640>,1,16,[10  3],2,119,135,117,107
1,<environment.Job instance at 0x7f471855f190>,3,12,[10  3],4,4,16,0,4
1,<environment.Job instance at 0x7f471855f3c0>,8,14,[ 4 10],9,16,30,7,10
1,<environment.Job instance at 0x7f471855f690>,6,15,[9 3],7,30,45,23,16
1,<environment.Job instance at 0x7f46d4af9140>,15,2,[3 5],16,67,69,51,67
1,<environment.Job instance at 0x7f46d4af90f0>,16,12,[3 5],17,67,79,50,67
1,<environment.Job instance at 0x7f46d4af9960>,18,1,[3 7],19,79,80,60,67
1,<environment.Job instance at 0x7f46d4af9550>,24,15,[6 4],25,118,133,93,118
1,<environment.Job instance at 0x7f46d4af9cd0>,25,2,[7 5],26,133,135,107,118
1,<environment.Job instance at 0x7f471af9b6e0>,5,16,[2 9],6,6,22,0,6
1,<environment.Job instance at 0x7f46d4501f50>,0,13,[6 1],1,6,19,5,6
1,<environment.Job instance at 0x7f471af9b8c0>,6,14,[9 2],7,67,81,60,67
1,<environment.Job instance at 0x7f471afb60a0>,13,15,[3 8],14,94,109,80,94
1,<environment.Job instance at 0x7f471afb69b0>,14,14,[4 9],15,109,123,94,94
1,<environment.Job instance at 0x7f471afb6af0>,16,15,[2 8],17,123,138,106,116
1,<environment.Job instance at 0x7f46d445ecd0>,5,17,[8 2],6,21,38,15,21
1,<environment.Job instance at 0x7f471afc4e10>,2,13,[5 5],3,38,51,35,24
1,<environment.Job instance at 0x7f46d445e1e0>,14,1,[9 5],15,51,52,36,43
1,<environment.Job instance at 0x7f46d445e280>,10,16,[8 1],11,52,68,41,45
1,<environment.Job instance at 0x7f46d445e690>,20,17,[5 4],21,68,85,47,65
1,<environment.Job instance at 0x7f46d445e050>,21,16,[1 6],22,66,82,44,66
1,<environment.Job instance at 0x7f46d445e780>,22,12,[2 8],23,85,97,62,68
1,<environment.Job instance at 0x7f46d458db90>,26,16,[3 8],27,97,113,70,84
1,<environment.Job instance at 0x7f46d458de60>,27,14,[6 2],28,85,99,57,84
1,<environment.Job instance at 0x7f46d458dc30>,3,16,[6 3],4,6,22,2,6
1,<environment.Job instance at 0x7f47189617d0>,8,14,[8 2],9,22,36,13,10
1,<environment.Job instance at 0x7f471aeaee10>,9,18,[4 9],10,36,54,26,25
1,<environment.Job instance at 0x7f46d49b5a00>,3,18,[9 2],4,22,40,18,22
1,<environment.Job instance at 0x7f4718539230>,10,16,[1 5],11,22,38,11,22
1,<environment.Job instance at 0x7f471b189e60>,9,14,[1 8],10,38,52,28,28
1,<environment.Job instance at 0x7f471829bdc0>,14,18,[8 3],15,52,70,37,48
1,<environment.Job instance at 0x7f471aaad5a0>,17,12,[1 8],18,70,82,52,55
1,<environment.Job instance at 0x7f46d4a7b5a0>,8,16,[4 5],9,10,26,1,10
1,<environment.Job instance at 0x7f46d4a7b370>,7,12,[2 5],8,11,23,3,11
1,<environment.Job instance at 0x7f46d4a7bb40>,10,16,[4 5],11,23,39,12,14
1,<environment.Job instance at 0x7f4718324f00>,13,1,[2 6],14,39,40,25,25
1,<environment.Job instance at 0x7f4718324280>,18,14,[2 5],19,49,63,30,49
1,<environment.Job instance at 0x7f4718324640>,21,20,[5 2],22,50,70,28,50
1,<environment.Job instance at 0x7f4718324f50>,22,15,[ 4 10],23,70,85,47,57
1,<environment.Job instance at 0x7f4718324c80>,27,28,[7 2],28,94,122,66,94
1,<environment.Job instance at 0x7f46d4c988c0>,29,18,[8 4],30,122,140,92,112
1,<environment.Job instance at 0x7f471870ffa0>,10,12,[7 4],11,28,40,17,28
1,<environment.Job instance at 0x7f471836e3c0>,14,18,[5 1],15,43,61,28,43
1,<environment.Job instance at 0x7f4718961500>,18,18,[1 9],19,73,91,54,73
1,<environment.Job instance at 0x7fc8dfef21e0>,0,17,[6 2],1,6,23,5,6
1,<environment.Job instance at 0x7fc8d8ae3550>,7,12,[7 2],8,23,35,15,9
1,<environment.Job instance at 0x7fc8d8ae3320>,5,18,[7 5],6,35,53,29,24
1,<environment.Job instance at 0x7fc8d8ae36e0>,11,1,[8 4],12,53,54,41,25
1,<environment.Job instance at 0x7fc8dfef2190>,3,13,[3 8],4,54,67,50,43
1,<environment.Job instance at 0x7fc8d8ae3af0>,18,18,[3 6],19,67,85,48,56
1,<environment.Job instance at 0x7fc8d8ae3d70>,22,3,[4 6],23,109,112,86,109
1,<environment.Job instance at 0x7fc8d8ae5230>,25,16,[5 3],26,114,130,88,114
1,<environment.Job instance at 0x7fc8e005e500>,6,16,[5 3],7,36,52,29,36
1,<environment.Job instance at 0x7fc8dff19460>,12,14,[5 1],13,36,50,23,36
1,<environment.Job instance at 0x7fc8dff19e10>,11,18,[10  5],12,52,70,40,41
1,<environment.Job instance at 0x7fc8e00590f0>,19,15,[6 2],20,70,85,50,62
1,<environment.Job instance at 0x7fc8e006c690>,23,18,[5 5],24,97,115,73,97
1,<environment.Job instance at 0x7fc8e006c230>,29,14,[3 8],30,115,129,85,113
1,<environment.Job instance at 0x7fc894ddfd70>,12,14,[3 5],13,27,41,14,27
1,<environment.Job instance at 0x7fc894ddf7d0>,16,18,[4 9],17,73,91,56,73
1,<environment.Job instance at 0x7fc894ddfcd0>,23,13,[5 7],24,116,129,92,116
1,<environment.Job instance at 0x7fc894eec0a0>,7,12,[5 4],8,25,37,17,25
1,<environment.Job instance at 0x7fc894eecbe0>,11,17,[2 6],12,25,42,13,25
1,<environment.Job instance at 0x7fc8951a2730>,0,13,[4 9],1,42,55,41,26
1,<environment.Job instance at 0x7fc894f5c320>,14,12,[ 1 10],15,55,67,40,51
1,<environment.Job instance at 0x7fc894f5c2d0>,19,17,[2 8],20,99,116,79,99
1,<environment.Job instance at 0x7fc894f5c550>,22,16,[3 9],23,116,132,93,104
1,<environment.Job instance at 0x7fc894f5c550>,2,2,[2 5],3,3,5,0,3
1,<environment.Job instance at 0x7fc8d8bf6960>,5,1,[4 9],6,6,7,0,6
1,<environment.Job instance at 0x7fc8951e0320>,6,15,[5 7],7,19,34,12,19
1,<environment.Job instance at 0x7fc8951e0410>,9,12,[10  1],10,44,56,34,44
1,<environment.Job instance at 0x7fc8951e06e0>,14,17,[ 3 10],15,56,73,41,45
1,<environment.Job instance at 0x7fc8951e0d70>,19,12,[5 5],20,112,124,92,112
1,<environment.Job instance at 0x7fc894e83cd0>,1,17,[10  4],2,124,141,122,116
1,<environment.Job instance at 0x7fc894f65af0>,0,14,[5 4],1,5,19,4,5
1,<environment.Job instance at 0x7fc895022230>,7,1,[4 9],8,19,20,11,10
1,<environment.Job instance at 0x7fc8950225a0>,8,12,[3 5],9,20,32,11,19
1,<environment.Job instance at 0x7fc895022d70>,11,17,[4 7],12,32,49,20,21
1,<environment.Job instance at 0x7fc894f65f50>,1,15,[10  1],2,63,78,61,63
1,<environment.Job instance at 0x7fc8950224b0>,4,17,[2 6],5,78,95,73,66
1,<environment.Job instance at 0x7fc895022c80>,15,15,[10  1],16,95,110,79,82
1,<environment.Job instance at 0x7fc8d8e9ed70>,20,13,[ 2 10],21,110,123,89,95
1,<environment.Job instance at 0x7fc8d8dfebe0>,28,18,[1 9],29,123,141,94,112
1,<environment.Job instance at 0x7fc8d8dfe780>,30,13,[ 4 10],31,141,154,110,127
1,<environment.Job instance at 0x7fc8d88db230>,9,14,[5 1],10,12,26,2,12
1,<environment.Job instance at 0x7fc8d88db5f0>,10,15,[7 3],11,26,41,15,13
1,<environment.Job instance at 0x7fc8d88db4b0>,14,25,[1 6],15,24,49,9,24
1,<environment.Job instance at 0x7fc8d88dba00>,11,15,[10  3],12,49,64,37,36
1,<environment.Job instance at 0x7fc8df880e10>,18,12,[7 4],19,64,76,45,48
1,<environment.Job instance at 0x7fc8df85b280>,20,1,[7 3],21,76,77,55,50
1,<environment.Job instance at 0x7fc8d8f53230>,22,14,[4 7],23,77,91,54,62
1,<environment.Job instance at 0x7fc8952165f0>,23,16,[9 4],24,91,107,67,78
1,<environment.Job instance at 0x7fc8df839eb0>,28,18,[5 5],29,107,125,78,96
1,<environment.Job instance at 0x7fc8d8a9e8c0>,30,17,[ 3 10],31,125,142,94,114
1,<environment.Job instance at 0x7fc895282050>,31,13,[3 9],32,142,155,110,128
1,<environment.Job instance at 0x7fc894e61640>,3,20,[1 8],4,8,28,4,8
1,<environment.Job instance at 0x7fc8d88b7640>,15,18,[6 1],16,63,81,47,63
1,<environment.Job instance at 0x7fc8d8896e60>,6,14,[10  2],7,106,120,99,106
1,<environment.Job instance at 0x7fc8d88b7be0>,24,14,[2 7],25,120,134,95,107
1,<environment.Job instance at 0x7fc8d88b7b40>,23,16,[1 7],24,134,150,110,121
1,<environment.Job instance at 0x7fc8df4616e0>,2,12,[ 1 10],3,3,15,0,3
1,<environment.Job instance at 0x7fc8d88b7d20>,5,17,[2 5],6,15,32,9,7
1,<environment.Job instance at 0x7fc8d8b9a2d0>,8,14,[9 1],9,74,88,65,74
1,<environment.Job instance at 0x7fc8d9012500>,14,17,[5 1],15,92,109,77,92
1,<environment.Job instance at 0x7fc8dfc7e190>,2,14,[ 2 10],3,109,123,106,105
1,<environment.Job instance at 0x7fc8d9012fa0>,13,15,[ 1 10],14,123,138,109,116
1,<environment.Job instance at 0x7fc8df873e10>,21,17,[9 4],22,138,155,116,126
1,<environment.Job instance at 0x7fc894f835a0>,7,18,[3 9],8,23,41,15,23
1,<environment.Job instance at 0x7fc894f83820>,9,16,[1 7],10,41,57,31,29
1,<environment.Job instance at 0x7fc894f83aa0>,13,17,[5 7],14,57,74,43,50
1,<environment.Job instance at 0x7fc894ce1c30>,4,2,[1 7],5,45,47,40,45
1,<environment.Job instance at 0x7fc894ce11e0>,9,16,[8 2],10,50,66,40,50
1,<environment.Job instance at 0x7fc8d8bee050>,11,14,[4 7],12,66,80,54,51
1,<environment.Job instance at 0x7fc894ce15a0>,1,13,[6 5],2,80,93,78,66
1,<environment.Job instance at 0x7fc8d8bee320>,16,15,[9 3],17,93,108,76,87
1,<environment.Job instance at 0x7fc8d8bee4b0>,13,12,[10  3],14,108,120,94,92
1,<environment.Job instance at 0x7fc8df431c80>,0,13,[6 1],1,6,19,5,6
1,<environment.Job instance at 0x7fc8df38a280>,6,14,[9 2],7,19,33,12,8
1,<environment.Job instance at 0x7fc8df3972d0>,13,15,[3 8],14,94,109,80,94
1,<environment.Job instance at 0x7fc8df397820>,14,14,[4 9],15,109,123,94,94
1,<environment.Job instance at 0x7fc8df397aa0>,16,15,[2 8],17,123,138,106,116
1,<environment.Job instance at 0x7fc8dfa24640>,3,12,[6 5],4,4,16,0,4
1,<environment.Job instance at 0x7fc8d8f7d190>,2,15,[5 1],3,16,31,13,5
1,<environment.Job instance at 0x7fc8d8adb2d0>,9,2,[2 6],10,16,18,6,14
1,<environment.Job instance at 0x7fc8d8adb9b0>,10,15,[1 8],11,18,33,7,14
1,<environment.Job instance at 0x7fc8df2d6fa0>,0,12,[1 9],1,35,47,34,35
1,<environment.Job instance at 0x7fc894c76e60>,14,14,[5 3],15,47,61,32,35
1,<environment.Job instance at 0x7fc89532fd20>,7,16,[8 4],8,64,80,56,64
1,<environment.Job instance at 0x7fc894c76cd0>,20,18,[5 3],21,80,98,59,77
1,<environment.Job instance at 0x7fc894c8a280>,22,15,[5 7],23,87,102,64,87
1,<environment.Job instance at 0x7fc8df2ea2d0>,25,13,[5 4],26,123,136,97,123
1,<environment.Job instance at 0x7fc8d8931b90>,0,17,[5 4],1,5,22,4,5
1,<environment.Job instance at 0x7fc8d88db910>,10,14,[4 7],11,22,36,11,15
1,<environment.Job instance at 0x7fc8d8f28c30>,2,12,[2 8],3,36,48,33,20
1,<environment.Job instance at 0x7fc894f47730>,17,16,[3 9],18,48,64,30,39
1,<environment.Job instance at 0x7fc894ae3c80>,3,17,[5 8],4,33,50,29,33
1,<environment.Job instance at 0x7fc894ab7a50>,6,12,[3 9],7,50,62,43,35
1,<environment.Job instance at 0x7fc894ab7b40>,13,1,[9 3],14,62,63,48,38
1,<environment.Job instance at 0x7fc894ab7af0>,12,16,[5 5],13,63,79,50,50
1,<environment.Job instance at 0x7fc8953e56e0>,21,13,[8 5],22,79,92,57,73
1,<environment.Job instance at 0x7fc8953e5370>,22,16,[5 5],23,92,108,69,80
1,<environment.Job instance at 0x7fc8d8e06140>,9,16,[6 2],10,27,43,17,27
1,<environment.Job instance at 0x7fc8d8de75a0>,5,18,[7 1],6,69,87,63,69
1,<environment.Job instance at 0x7fc8953e5d70>,3,17,[2 8],4,116,133,112,116
1,<environment.Job instance at 0x7fc8d8e0cb40>,19,15,[1 8],20,133,148,113,119
1,<environment.Job instance at 0x7fc894c7d7d0>,9,2,[5 1],10,78,80,68,78
1,<environment.Job instance at 0x7fc894c7dcd0>,11,3,[ 2 10],12,86,89,74,86
1,<environment.Job instance at 0x7fc8df2dcd70>,12,3,[10  5],13,89,92,76,86
1,<environment.Job instance at 0x7fc894ed6780>,18,17,[4 5],19,118,135,99,118
1,<environment.Job instance at 0x7fc894ed60a0>,4,17,[9 5],5,6,23,1,6
1,<environment.Job instance at 0x7fc8d8e7af50>,1,12,[1 9],2,23,35,21,10
1,<environment.Job instance at 0x7fc894bb75a0>,13,16,[6 3],14,35,51,21,35
1,<environment.Job instance at 0x7fc894bb7640>,15,19,[3 7],16,75,94,59,75
1,<environment.Job instance at 0x7fc894bb7820>,18,15,[8 2],19,94,109,75,83
1,<environment.Job instance at 0x7fc894bb77d0>,21,3,[3 7],22,109,112,87,95
1,<environment.Job instance at 0x7fc894bb73c0>,23,16,[7 4],24,112,128,88,99
1,<environment.Job instance at 0x7fc894bb7550>,26,14,[10  4],27,128,142,101,117
1,<environment.Job instance at 0x7fc894bb7d70>,27,2,[2 8],28,142,144,114,117
1,<environment.Job instance at 0x7fc8d8c17690>,10,2,[5 7],11,22,24,11,22
1,<environment.Job instance at 0x7fc8d8efdd70>,17,16,[6 3],18,108,124,90,108
1,<environment.Job instance at 0x7fc8df82ec30>,20,18,[7 3],21,124,142,103,113
1,<environment.Job instance at 0x7fc894adce60>,23,16,[7 1],24,142,158,118,129
1,<environment.Job instance at 0x7f3206a9a4b0>,7,12,[7 2],8,43,55,35,43
1,<environment.Job instance at 0x7f3206a9a6e0>,10,14,[1 6],11,43,57,32,43
1,<environment.Job instance at 0x7f3206a9a8c0>,13,15,[4 5],14,57,72,43,43
1,<environment.Job instance at 0x7f3206a9a2d0>,5,18,[7 5],6,72,90,66,66
1,<environment.Job instance at 0x7f320beaa0a0>,3,13,[3 8],4,90,103,86,74
1,<environment.Job instance at 0x7f3206a9adc0>,22,3,[4 6],23,128,131,105,128
1,<environment.Job instance at 0x7f3206a9af50>,23,18,[7 4],24,131,149,107,128
1,<environment.Job instance at 0x7f3206a9abe0>,18,18,[3 6],19,131,149,112,128
1,<environment.Job instance at 0x7f3206a9b050>,3,18,[1 7],4,4,22,0,4
1,<environment.Job instance at 0x7f320bed2aa0>,7,2,[7 2],8,8,10,0,8
1,<environment.Job instance at 0x7f320c018280>,14,13,[2 6],15,40,53,25,40
1,<environment.Job instance at 0x7f320c018820>,10,15,[6 2],11,41,56,30,41
1,<environment.Job instance at 0x7f320c018410>,13,18,[5 5],14,56,74,42,45
1,<environment.Job instance at 0x7f320c010be0>,21,17,[3 8],22,74,91,52,62
1,<environment.Job instance at 0x7f320c01e4b0>,24,14,[ 4 10],25,91,105,66,77
1,<environment.Job instance at 0x7f31c0d917d0>,0,3,[5 4],1,1,4,0,1
1,<environment.Job instance at 0x7f31c0ded820>,5,16,[6 2],6,12,28,6,12
1,<environment.Job instance at 0x7f31c0d8daf0>,3,13,[5 7],4,34,47,30,34
1,<environment.Job instance at 0x7f31c0e3bf00>,16,18,[7 1],17,101,119,84,101
1,<environment.Job instance at 0x7f31c0e3be60>,22,2,[8 1],23,119,121,96,107
1,<environment.Job instance at 0x7f31c0e3b5a0>,23,1,[10  2],24,121,122,97,107
1,<environment.Job instance at 0x7f31c0e3bdc0>,26,14,[5 3],27,122,136,95,122
1,<environment.Job instance at 0x7f31c0e3b280>,27,14,[8 5],28,136,150,108,122
1,<environment.Job instance at 0x7f31c0e3b280>,4,2,[2 8],5,5,7,0,5
1,<environment.Job instance at 0x7f3206d1b0f0>,7,14,[5 9],8,8,22,0,8
1,<environment.Job instance at 0x7f31c0e79690>,1,14,[6 4],2,2,16,0,2
1,<environment.Job instance at 0x7f31c0de2870>,4,3,[1 6],5,5,8,0,5
1,<environment.Job instance at 0x7f31c1192730>,8,12,[6 1],9,26,38,17,26
1,<environment.Job instance at 0x7f31c11920f0>,7,14,[7 5],8,38,52,30,26
1,<environment.Job instance at 0x7f31c118f2d0>,13,16,[5 1],14,52,68,38,39
1,<environment.Job instance at 0x7f31c118f730>,20,12,[8 2],21,88,100,67,88
1,<environment.Job instance at 0x7f3206be0cd0>,10,12,[1 8],11,53,65,42,53
1,<environment.Job instance at 0x7f3206be05a0>,7,12,[1 7],8,65,77,57,53
1,<environment.Job instance at 0x7f3206be0190>,16,14,[1 7],17,77,91,60,62
1,<environment.Job instance at 0x7f3206f4d7d0>,19,14,[5 7],20,91,105,71,76
1,<environment.Job instance at 0x7f31c10e9be0>,0,12,[7 1],1,5,17,4,5
1,<environment.Job instance at 0x7f3206dc5d20>,4,15,[6 2],5,17,32,12,6
1,<environment.Job instance at 0x7f3206c2aaa0>,8,17,[3 5],9,10,27,1,10
1,<environment.Job instance at 0x7f31c0f5bcd0>,11,1,[ 5 10],12,32,33,20,14
1,<environment.Job instance at 0x7f3207752870>,9,16,[3 9],10,33,49,23,30
1,<environment.Job instance at 0x7f32068d5640>,7,17,[2 6],8,8,25,0,8
1,<environment.Job instance at 0x7f32068d5460>,5,12,[3 6],6,54,66,48,54
1,<environment.Job instance at 0x7f32068d5690>,22,15,[5 8],23,99,114,76,99
1,<environment.Job instance at 0x7f32068d4230>,23,18,[5 8],24,114,132,90,103
1,<environment.Job instance at 0x7f32075450f0>,3,13,[4 5],4,5,18,1,5
1,<environment.Job instance at 0x7f3207545230>,2,14,[1 7],3,23,37,20,23
1,<environment.Job instance at 0x7f32068f2f00>,6,15,[5 5],7,37,52,30,23
1,<environment.Job instance at 0x7f3206c48410>,11,2,[7 4],12,52,54,40,29
1,<environment.Job instance at 0x7f3206c48690>,15,15,[1 6],16,52,67,36,47
1,<environment.Job instance at 0x7f31c110fc80>,6,14,[ 1 10],7,72,86,65,72
1,<environment.Job instance at 0x7f31c135cc80>,14,17,[8 4],15,86,103,71,76
1,<environment.Job instance at 0x7f3206b95230>,15,16,[7 2],16,103,119,87,90
1,<environment.Job instance at 0x7f31c110f910>,7,16,[1 8],8,103,119,95,91
1,<environment.Job instance at 0x7f31c135c7d0>,11,14,[9 5],12,119,133,107,105
1,<environment.Job instance at 0x7f3206b51140>,21,16,[1 6],22,133,149,111,120
1,<environment.Job instance at 0x7f31c13420a0>,23,15,[7 2],24,133,148,109,128
1,<environment.Job instance at 0x7f31c100a7d0>,0,18,[7 1],1,4,22,3,4
1,<environment.Job instance at 0x7f3206847370>,9,12,[9 1],10,22,34,12,17
1,<environment.Job instance at 0x7f3206847780>,6,13,[5 8],7,34,47,27,18
1,<environment.Job instance at 0x7f3206847c30>,11,18,[ 4 10],12,47,65,35,45
1,<environment.Job instance at 0x7f3206876640>,3,12,[5 4],4,4,16,0,4
1,<environment.Job instance at 0x7f3206876780>,5,13,[8 3],6,16,29,10,7
1,<environment.Job instance at 0x7f3206a20eb0>,10,15,[10  1],11,29,44,18,21
1,<environment.Job instance at 0x7f3206a20230>,12,12,[6 5],13,44,56,31,30
1,<environment.Job instance at 0x7f3206a20550>,18,15,[ 1 10],19,110,125,91,110
1,<environment.Job instance at 0x7f31c10d6370>,20,13,[6 1],21,125,138,104,111
1,<environment.Job instance at 0x7f3206813550>,2,12,[2 8],3,4,16,1,4
1,<environment.Job instance at 0x7f3206ca3eb0>,0,17,[5 4],1,16,33,15,8
1,<environment.Job instance at 0x7f3206a1a0f0>,5,18,[9 3],6,33,51,27,28
1,<environment.Job instance at 0x7f3207192c30>,15,14,[5 6],16,60,74,44,60
1,<environment.Job instance at 0x7f3207192690>,17,16,[3 9],18,74,90,56,61
1,<environment.Job instance at 0x7f3207192550>,2,16,[5 5],3,3,19,0,3
1,<environment.Job instance at 0x7f32075df460>,8,15,[2 8],9,19,34,10,10
1,<environment.Job instance at 0x7f31c0ca4b90>,11,13,[8 5],12,34,47,22,26
1,<environment.Job instance at 0x7f32075dfbe0>,6,16,[4 6],7,47,63,40,34
1,<environment.Job instance at 0x7f31c0c37280>,18,16,[10  1],19,63,79,44,55
1,<environment.Job instance at 0x7f31c11f6d20>,25,14,[ 4 10],26,82,96,56,82
1,<environment.Job instance at 0x7f31c0fbf2d0>,28,18,[8 3],29,106,124,77,106
1,<environment.Job instance at 0x7f320bda25a0>,4,18,[5 6],5,9,27,4,9
1,<environment.Job instance at 0x7f320bda2820>,10,18,[3 8],11,27,45,16,17
1,<environment.Job instance at 0x7f32069b21e0>,16,15,[9 4],17,77,92,60,77
1,<environment.Job instance at 0x7f32069b2410>,21,18,[ 2 10],22,122,140,100,122
1,<environment.Job instance at 0x7f32069b2410>,3,21,[5 1],4,7,28,3,7
1,<environment.Job instance at 0x7f31c0f6f8c0>,9,14,[3 8],10,10,24,0,10
1,<environment.Job instance at 0x7f31c0e2afa0>,10,15,[3 7],11,24,39,13,11
1,<environment.Job instance at 0x7f31c0da6aa0>,0,14,[9 2],1,39,53,38,31
1,<environment.Job instance at 0x7f31c0f992d0>,3,16,[6 1],4,4,20,0,4
1,<environment.Job instance at 0x7f3206fbc2d0>,6,13,[1 6],7,7,20,0,7
1,<environment.Job instance at 0x7f31c0b831e0>,7,12,[1 6],8,20,32,12,8
1,<environment.Job instance at 0x7f31c0b83c80>,9,2,[ 4 10],10,32,34,22,10
1,<environment.Job instance at 0x7f31c0b486e0>,0,14,[6 3],1,34,48,33,19
1,<environment.Job instance at 0x7f31c0b83780>,11,16,[6 1],12,48,64,36,35
1,<environment.Job instance at 0x7f31c0aa0e60>,14,16,[ 3 10],15,64,80,49,61
1,<environment.Job instance at 0x7f31c0aa0be0>,16,13,[1 8],17,80,93,63,64
1,<environment.Job instance at 0x7f31c0c0fa50>,2,12,[7 2],3,3,15,0,3
1,<environment.Job instance at 0x7f3206a030f0>,8,2,[7 1],9,31,33,22,31
1,<environment.Job instance at 0x7f320705abe0>,11,12,[5 9],12,49,61,37,49
1,<environment.Job instance at 0x7f320705af50>,14,12,[2 9],15,61,73,46,57
1,<environment.Job instance at 0x7f320705ad20>,15,13,[2 8],16,73,86,57,57
1,<environment.Job instance at 0x7f320705a230>,21,17,[10  5],22,119,136,97,119
1,<environment.Job instance at 0x7f320705ab90>,3,18,[5 2],4,5,23,1,5
1,<environment.Job instance at 0x7f32075632d0>,6,18,[6 4],7,23,41,16,12
1,<environment.Job instance at 0x7f31c0f85370>,11,14,[5 5],12,41,55,29,26
1,<environment.Job instance at 0x7f3206abe320>,5,18,[5 4],6,41,59,35,30
1,<environment.Job instance at 0x7f34c214e2d0>,5,18,[7 5],6,8,26,2,8
1,<environment.Job instance at 0x7f34c214e500>,7,12,[7 2],8,26,38,18,24
1,<environment.Job instance at 0x7f34c214e730>,10,14,[1 6],11,26,40,15,24
1,<environment.Job instance at 0x7f34c214e5a0>,11,1,[8 4],12,38,39,26,24
1,<environment.Job instance at 0x7f34c214e7d0>,13,15,[4 5],14,46,61,32,46
1,<environment.Job instance at 0x7f34c214e910>,15,20,[3 5],16,46,66,30,46
1,<environment.Job instance at 0x7f34c2150320>,25,16,[5 3],26,89,105,63,89
1,<environment.Job instance at 0x7f34c21506e0>,32,14,[8 3],33,124,138,91,124
1,<environment.Job instance at 0x7f34c2150780>,33,16,[9 3],34,138,154,104,126
1,<environment.Job instance at 0x7f34c21508c0>,35,3,[9 5],36,154,157,118,133
1,<environment.Job instance at 0x7f34c9585870>,4,13,[2 6],5,5,18,0,5
1,<environment.Job instance at 0x7f34c9585690>,6,16,[6 2],7,30,46,23,30
1,<environment.Job instance at 0x7f34c9585820>,9,14,[3 8],10,32,46,22,32
1,<environment.Job instance at 0x7f34c96cbd20>,12,16,[3 9],13,49,65,36,49
1,<environment.Job instance at 0x7f34c96cb910>,14,14,[ 4 10],15,65,79,50,50
1,<environment.Job instance at 0x7f347e3d4280>,2,2,[8 1],3,5,7,2,5
1,<environment.Job instance at 0x7f347e44daa0>,6,14,[5 3],7,7,21,0,7
1,<environment.Job instance at 0x7f347e44dcd0>,13,13,[9 2],14,48,61,34,48
1,<environment.Job instance at 0x7f347e44dd70>,14,1,[10  3],15,61,62,46,48
1,<environment.Job instance at 0x7f347e44d780>,15,13,[7 1],16,62,75,46,48
1,<environment.Job instance at 0x7f347e44da00>,7,14,[8 5],8,75,89,67,60
1,<environment.Job instance at 0x7f347e44f0a0>,22,17,[4 8],23,89,106,66,78
1,<environment.Job instance at 0x7f347e44fe60>,19,14,[2 9],20,106,120,86,91
1,<environment.Job instance at 0x7f347e8e7640>,6,28,[5 2],7,32,60,25,32
1,<environment.Job instance at 0x7f347e8e7e10>,5,14,[5 8],6,54,68,48,54
1,<environment.Job instance at 0x7f347ea1d050>,11,14,[3 5],12,68,82,56,54
1,<environment.Job instance at 0x7f347ea1d6e0>,14,12,[ 1 10],15,82,94,67,65
1,<environment.Job instance at 0x7f347ea1dcd0>,16,14,[ 2 10],17,94,108,77,79
1,<environment.Job instance at 0x7f347ea1de60>,20,13,[6 5],21,108,121,87,95
1,<environment.Job instance at 0x7f347ea1da50>,15,17,[9 1],16,146,163,130,146
1,<environment.Job instance at 0x7f347ea1d640>,2,14,[4 9],3,25,39,22,25
1,<environment.Job instance at 0x7f347e8466e0>,15,16,[5 5],16,100,116,84,100
1,<environment.Job instance at 0x7f347e846780>,16,12,[ 3 10],17,116,128,99,111
1,<environment.Job instance at 0x7f347e8468c0>,18,13,[8 5],19,128,141,109,112
1,<environment.Job instance at 0x7f34c8fb2cd0>,8,14,[3 8],9,68,82,59,68
1,<environment.Job instance at 0x7f34c8fb2320>,6,12,[5 8],7,82,94,75,68
1,<environment.Job instance at 0x7f347e642be0>,12,18,[4 6],13,94,112,81,89
1,<environment.Job instance at 0x7f347e642870>,19,17,[1 8],20,113,130,93,113
1,<environment.Job instance at 0x7f347e642d70>,20,16,[6 2],21,113,129,92,113
1,<environment.Job instance at 0x7f347e642500>,23,16,[7 2],24,137,153,113,137
1,<environment.Job instance at 0x7f347e6426e0>,25,16,[5 7],26,153,169,127,140
1,<environment.Job instance at 0x7f347e810500>,4,16,[7 2],5,68,84,63,68
1,<environment.Job instance at 0x7f347e442190>,8,17,[3 6],9,78,95,69,78
1,<environment.Job instance at 0x7f34c8a58d20>,16,14,[10  2],17,122,136,105,122
1,<environment.Job instance at 0x7f34c250c690>,20,18,[2 7],21,139,157,118,139
1,<environment.Job instance at 0x7f34c250c190>,22,12,[3 9],23,157,169,134,140
1,<environment.Job instance at 0x7f34c8dfca50>,4,12,[4 6],5,7,19,2,7
1,<environment.Job instance at 0x7f34c8dfcaa0>,6,13,[10  4],7,19,32,12,8
1,<environment.Job instance at 0x7f34c8dfcc80>,7,15,[8 4],8,32,47,24,21
1,<environment.Job instance at 0x7f34c236ef50>,5,13,[2 6],6,32,45,26,22
1,<environment.Job instance at 0x7f34c8df6050>,14,13,[3 9],15,69,82,54,69
1,<environment.Job instance at 0x7f347eaf85f0>,10,3,[10  4],11,46,49,35,46
1,<environment.Job instance at 0x7f347e4dcd70>,16,15,[ 1 10],17,130,145,113,130
1,<environment.Job instance at 0x7f34c8ab4cd0>,1,13,[5 4],2,19,32,17,19
1,<environment.Job instance at 0x7f34c25e26e0>,3,15,[2 6],4,35,50,31,35
1,<environment.Job instance at 0x7f34c25e2d20>,5,18,[10  2],6,50,68,44,39
1,<environment.Job instance at 0x7f34c25e24b0>,4,18,[ 5 10],5,106,124,101,106
1,<environment.Job instance at 0x7f347e68d1e0>,1,13,[1 5],2,7,20,5,7
1,<environment.Job instance at 0x7f34c249bb90>,4,13,[5 6],5,20,33,15,7
1,<environment.Job instance at 0x7f347e7bc230>,6,13,[9 3],7,33,46,26,22
1,<environment.Job instance at 0x7f347e7bcbe0>,20,13,[4 8],21,76,89,55,76
1,<environment.Job instance at 0x7f347e7bcc80>,21,12,[2 5],22,89,101,67,79
1,<environment.Job instance at 0x7f347e7bce10>,24,17,[8 5],25,102,119,77,102
1,<environment.Job instance at 0x7f347e7bd190>,25,17,[10  4],26,119,136,93,114
1,<environment.Job instance at 0x7f347e7bcfa0>,3,17,[8 3],4,4,21,0,4
1,<environment.Job instance at 0x7f34c22b95a0>,11,14,[6 3],12,37,51,25,37
1,<environment.Job instance at 0x7f34c22b9870>,13,15,[1 8],14,51,66,37,37
1,<environment.Job instance at 0x7f34c22b99b0>,18,14,[ 4 10],19,82,96,63,82
1,<environment.Job instance at 0x7f34c22b9e10>,19,13,[5 8],20,96,109,76,88
1,<environment.Job instance at 0x7f34c209a190>,23,12,[7 5],24,109,121,85,97
1,<environment.Job instance at 0x7f347e9ca4b0>,10,16,[8 1],11,28,44,17,28
1,<environment.Job instance at 0x7f347e9cabe0>,12,2,[4 7],13,44,46,31,28
1,<environment.Job instance at 0x7f347e9caf50>,9,15,[7 1],10,46,61,36,43
1,<environment.Job instance at 0x7f347e941500>,7,17,[3 5],8,91,108,83,91
1,<environment.Job instance at 0x7f34c8ea9dc0>,22,12,[2 8],23,108,120,85,91
1,<environment.Job instance at 0x7f34c8ea9140>,26,16,[3 8],27,120,136,93,108
1,<environment.Job instance at 0x7f34c8ea9a00>,15,17,[ 2 10],16,136,153,120,124
1,<environment.Job instance at 0x7f347e5e8eb0>,8,16,[6 1],9,21,37,12,21
1,<environment.Job instance at 0x7f34c23733c0>,4,14,[7 5],5,37,51,32,22
1,<environment.Job instance at 0x7f347eb06e10>,13,1,[9 3],14,51,52,37,24
1,<environment.Job instance at 0x7f347e610f50>,16,16,[4 6],17,52,68,35,48
1,<environment.Job instance at 0x7f347e610c30>,18,15,[2 8],19,68,83,49,61
1,<environment.Job instance at 0x7f347e6104b0>,21,13,[8 5],22,83,96,61,67
1,<environment.Job instance at 0x7f347e406d20>,4,18,[5 6],5,7,25,2,7
1,<environment.Job instance at 0x7f347e406460>,10,18,[3 8],11,26,44,15,26
1,<environment.Job instance at 0x7f347e5ec460>,2,12,[4 7],3,77,89,74,77
1,<environment.Job instance at 0x7f34c8f8baf0>,16,15,[9 4],17,89,104,72,77
1,<environment.Job instance at 0x7f347e503960>,21,18,[ 2 10],22,129,147,107,129
1,<environment.Job instance at 0x7f34c8b39370>,4,1,[7 3],5,6,7,1,6
1,<environment.Job instance at 0x7f34c8b393c0>,6,13,[6 3],7,7,20,0,7
1,<environment.Job instance at 0x7f34c25af550>,9,18,[ 2 10],10,20,38,10,14
1,<environment.Job instance at 0x7f34c25afaf0>,12,18,[2 5],13,38,56,25,27
1,<environment.Job instance at 0x7f34c25af230>,16,13,[10  2],17,105,118,88,105
1,<environment.Job instance at 0x7f34c216bbe0>,11,18,[4 5],12,75,93,63,75
1,<environment.Job instance at 0x7f34c258c6e0>,15,16,[7 2],16,96,112,80,96
1,<environment.Job instance at 0x7f34c21375f0>,17,13,[8 5],18,115,128,97,115
1,<environment.Job instance at 0x7f34c21374b0>,19,3,[7 1],20,143,146,123,143
1,<environment.Job instance at 0x7f347e5dbfa0>,8,13,[6 4],9,9,22,0,9
1,<environment.Job instance at 0x7f347e226870>,0,14,[5 5],1,22,36,21,9
1,<environment.Job instance at 0x7f347e5db550>,9,1,[5 4],10,22,23,12,10
1,<environment.Job instance at 0x7f347e5dba50>,6,14,[10  4],7,36,50,29,21
1,<environment.Job instance at 0x7f347e9d8960>,15,14,[2 7],16,50,64,34,36
1,<environment.Job instance at 0x7f34c23b10f0>,20,17,[4 5],21,64,81,43,53
1,<environment.Job instance at 0x7f347e415af0>,23,15,[8 2],24,81,96,57,77
1,<environment.Job instance at 0x7f34c23b1190>,21,12,[5 8],22,96,108,74,84
1,<environment.Job instance at 0x7f34c8945190>,4,1,[6 3],5,6,7,1,6
1,<environment.Job instance at 0x7f34c8b4af50>,0,16,[3 8],1,7,23,6,7
1,<environment.Job instance at 0x7f347e279eb0>,5,14,[ 2 10],6,23,37,17,10
1,<environment.Job instance at 0x7f347e6d10f0>,10,18,[1 5],11,37,55,26,26
1,<environment.Job instance at 0x7f34c25407d0>,4,2,[8 3],5,5,7,0,5
1,<environment.Job instance at 0x7f34c26104b0>,12,1,[8 3],13,47,48,34,47
1,<environment.Job instance at 0x7f34c8950320>,13,2,[5 6],14,48,50,34,47
1,<environment.Job instance at 0x7f34c26102d0>,11,16,[5 5],12,50,66,38,47
1,<environment.Job instance at 0x7f34c89500f0>,15,2,[8 4],16,66,68,50,47
1,<environment.Job instance at 0x7f34c8950690>,17,13,[6 4],18,68,81,50,52
1,<environment.Job instance at 0x7f34c8950e10>,19,14,[5 3],20,81,95,61,67
1,<environment.Job instance at 0x7f34c8f149b0>,5,16,[3 9],6,95,111,89,94
1,<environment.Job instance at 0x7f985df031e0>,0,17,[6 2],1,4,21,3,4
1,<environment.Job instance at 0x7f985df030f0>,3,13,[3 8],4,7,20,3,7
1,<environment.Job instance at 0x7f9856af35f0>,7,12,[7 2],8,21,33,13,8
1,<environment.Job instance at 0x7f9856af37d0>,10,14,[1 6],11,20,34,9,15
1,<environment.Job instance at 0x7f9856af3730>,11,1,[8 4],12,33,34,21,16
1,<environment.Job instance at 0x7f9856af3500>,6,19,[1 7],7,34,53,27,24
1,<environment.Job instance at 0x7f9856af3690>,9,17,[8 1],10,65,82,55,65
1,<environment.Job instance at 0x7f9856af3c30>,16,19,[ 3 10],17,82,101,65,72
1,<environment.Job instance at 0x7f9856af3eb0>,22,3,[4 6],23,101,104,78,88
1,<environment.Job instance at 0x7f9856af70f0>,25,16,[5 3],26,101,117,75,95
1,<environment.Job instance at 0x7f9856af75a0>,30,15,[8 2],31,117,132,86,116
1,<environment.Job instance at 0x7f9856af76e0>,32,14,[8 3],33,132,146,99,121
1,<environment.Job instance at 0x7f9856af78c0>,35,3,[9 5],36,146,149,110,133
1,<environment.Job instance at 0x7f9856af7aa0>,38,16,[1 5],39,154,170,115,154
1,<environment.Job instance at 0x7f985e069f50>,2,16,[3 9],3,7,23,4,7
1,<environment.Job instance at 0x7f985e06f7d0>,4,14,[ 4 10],5,23,37,18,12
1,<environment.Job instance at 0x7f985e06f820>,2,17,[4 8],3,7,24,4,7
1,<environment.Job instance at 0x7f985e06f550>,3,14,[ 3 10],4,54,68,50,54
1,<environment.Job instance at 0x7f9812eef6e0>,11,13,[1 7],12,68,81,56,54
1,<environment.Job instance at 0x7f9812eefb90>,13,13,[ 4 10],14,81,94,67,65
1,<environment.Job instance at 0x7f9812ed6e60>,20,19,[1 8],21,94,113,73,85
1,<environment.Job instance at 0x7f9812deadc0>,6,1,[8 1],7,50,51,43,50
1,<environment.Job instance at 0x7f9812dea2d0>,14,17,[2 5],15,53,70,38,53
1,<environment.Job instance at 0x7f9812deabe0>,7,16,[4 5],8,55,71,47,55
1,<environment.Job instance at 0x7f9812deacd0>,15,14,[8 2],16,106,120,90,106
1,<environment.Job instance at 0x7f9856b2c0a0>,5,2,[2 9],6,6,8,0,6
1,<environment.Job instance at 0x7f9856b2c0f0>,0,16,[5 1],1,8,24,7,8
1,<environment.Job instance at 0x7f98131f85a0>,7,1,[8 1],8,24,25,16,8
1,<environment.Job instance at 0x7f98131f8780>,9,12,[10  3],10,25,37,15,13
1,<environment.Job instance at 0x7f98131f88c0>,11,15,[10  1],12,37,52,25,23
1,<environment.Job instance at 0x7f98131f8e10>,18,12,[3 5],19,52,64,33,48
1,<environment.Job instance at 0x7f98131f8f00>,21,17,[4 7],22,70,87,48,70
1,<environment.Job instance at 0x7f98131f4460>,25,15,[10  1],26,87,102,61,74
1,<environment.Job instance at 0x7f98131f45a0>,27,13,[1 8],28,102,115,74,87
1,<environment.Job instance at 0x7f98131f46e0>,29,14,[1 7],30,115,129,85,100
1,<environment.Job instance at 0x7f9812ed6cd0>,0,1,[7 3],1,1,2,0,1
1,<environment.Job instance at 0x7f9812ed60f0>,9,16,[5 5],10,24,40,14,24
1,<environment.Job instance at 0x7f9812ed6910>,10,17,[ 3 10],11,40,57,29,28
1,<environment.Job instance at 0x7f9859696550>,12,13,[ 3 10],13,57,70,44,42
1,<environment.Job instance at 0x7f98596968c0>,13,18,[1 5],14,70,88,56,59
1,<environment.Job instance at 0x7f9859696f50>,14,18,[9 5],15,70,88,55,64
1,<environment.Job instance at 0x7f9859696d20>,16,14,[1 9],17,88,102,71,73
1,<environment.Job instance at 0x7f9856d68320>,22,2,[9 3],23,102,104,79,85
1,<environment.Job instance at 0x7f9856d68410>,23,16,[8 3],24,104,120,80,91
1,<environment.Job instance at 0x7f9813160910>,28,1,[10  1],29,120,121,91,108
1,<environment.Job instance at 0x7f9812ed61e0>,2,14,[4 7],3,121,135,118,108
1,<environment.Job instance at 0x7f98591042d0>,8,13,[8 2],9,49,62,40,49
1,<environment.Job instance at 0x7f9859104f00>,4,17,[ 1 10],5,62,79,57,50
1,<environment.Job instance at 0x7f9856d62460>,14,18,[1 6],15,112,130,97,112
1,<environment.Job instance at 0x7f9856d62500>,16,14,[5 5],17,130,144,113,115
1,<environment.Job instance at 0x7f9813329cd0>,3,13,[4 5],4,5,18,1,5
1,<environment.Job instance at 0x7f98591be500>,0,16,[2 8],1,23,39,22,23
1,<environment.Job instance at 0x7f985964b4b0>,12,2,[4 6],13,39,41,26,23
1,<environment.Job instance at 0x7f985964b730>,16,16,[4 6],17,50,66,33,50
1,<environment.Job instance at 0x7f985964b640>,1,16,[1 6],2,4,20,2,4
1,<environment.Job instance at 0x7f9856fdc8c0>,3,15,[7 2],4,5,20,1,5
1,<environment.Job instance at 0x7f9856daa1e0>,9,2,[5 7],10,20,22,10,10
1,<environment.Job instance at 0x7f9856fdc730>,5,17,[8 5],6,22,39,16,10
1,<environment.Job instance at 0x7f9856daa0f0>,14,14,[6 5],15,53,67,38,53
1,<environment.Job instance at 0x7f98592f2050>,6,14,[10  2],7,67,81,60,53
1,<environment.Job instance at 0x7f9812f2f280>,27,18,[3 9],28,117,135,89,117
1,<environment.Job instance at 0x7f9812dd90f0>,7,16,[6 1],8,12,28,4,12
1,<environment.Job instance at 0x7f9812dd9640>,6,15,[9 3],7,28,43,21,16
1,<environment.Job instance at 0x7f9812dd94b0>,4,13,[10  4],5,43,56,38,28
1,<environment.Job instance at 0x7f9856fe8a50>,15,2,[3 5],16,69,71,53,69
1,<environment.Job instance at 0x7f9813181d20>,16,12,[3 5],17,71,83,54,71
1,<environment.Job instance at 0x7f9812f654b0>,17,13,[1 9],18,83,96,65,75
1,<environment.Job instance at 0x7f9856df5dc0>,23,14,[5 4],24,98,112,74,98
1,<environment.Job instance at 0x7f9856d8fa50>,24,15,[6 4],25,112,127,87,98
1,<environment.Job instance at 0x7f98593fb0a0>,6,14,[3 7],7,29,43,22,29
1,<environment.Job instance at 0x7f985949efa0>,4,3,[6 5],5,43,46,38,31
1,<environment.Job instance at 0x7f9859468230>,10,14,[10  3],11,46,60,35,34
1,<environment.Job instance at 0x7f9859468410>,13,12,[4 5],14,60,72,46,50
1,<environment.Job instance at 0x7f9859468730>,18,18,[9 3],19,74,92,55,74
1,<environment.Job instance at 0x7f9859468870>,20,17,[8 5],21,92,109,71,80
1,<environment.Job instance at 0x7f9856a6c460>,3,15,[5 5],4,4,19,0,4
1,<environment.Job instance at 0x7f9856d7c8c0>,4,15,[1 5],5,5,20,0,5
1,<environment.Job instance at 0x7f9859468870>,2,18,[3 9],3,20,38,17,16
1,<environment.Job instance at 0x7f9859468870>,3,16,[6 3],4,5,21,1,5
1,<environment.Job instance at 0x7f98132809b0>,5,1,[7 4],6,21,22,15,6
1,<environment.Job instance at 0x7f98132800f0>,8,14,[8 2],9,22,36,13,10
1,<environment.Job instance at 0x7f985957f8c0>,9,18,[4 9],10,36,54,26,26
1,<environment.Job instance at 0x7f981305a0a0>,11,16,[2 5],12,89,105,77,89
1,<environment.Job instance at 0x7f981305a370>,13,13,[1 7],14,105,118,91,89
1,<environment.Job instance at 0x7f981305af50>,14,15,[6 1],15,90,105,75,90
1,<environment.Job instance at 0x7f981306d190>,19,15,[1 8],20,135,150,115,135
1,<environment.Job instance at 0x7f981305a870>,9,16,[6 2],10,136,152,126,136
1,<environment.Job instance at 0x7f981306d7d0>,24,18,[5 6],25,152,170,127,142
1,<environment.Job instance at 0x7f98593f10a0>,5,12,[6 4],6,9,21,3,9
1,<environment.Job instance at 0x7f9812d46fa0>,10,15,[3 7],11,21,36,10,11
1,<environment.Job instance at 0x7f9812d465f0>,8,17,[8 1],9,36,53,27,24
1,<environment.Job instance at 0x7f9812d2cdc0>,14,1,[7 3],15,24,25,9,24
1,<environment.Job instance at 0x7f9812ae3b90>,3,1,[7 5],4,4,5,0,4
1,<environment.Job instance at 0x7f9812b42aa0>,10,14,[8 2],11,72,86,61,72
1,<environment.Job instance at 0x7f9812b42690>,11,18,[4 5],12,86,104,74,75
1,<environment.Job instance at 0x7f9812ae3f50>,5,16,[10  2],6,104,120,98,92
1,<environment.Job instance at 0x7f9812b42c30>,19,3,[7 1],20,143,146,123,143
1,<environment.Job instance at 0x7f9812ae35a0>,1,18,[5 5],2,151,169,149,151
1,<environment.Job instance at 0x7f9812fe83c0>,5,14,[2 7],6,6,20,0,6
1,<environment.Job instance at 0x7f9856f15e60>,1,17,[7 5],2,20,37,18,18
1,<environment.Job instance at 0x7f9812fc70f0>,11,12,[5 8],12,37,49,25,22
1,<environment.Job instance at 0x7f9812fc7f00>,13,15,[8 2],14,68,83,54,68
1,<environment.Job instance at 0x7f9859822320>,3,17,[6 4],4,9,26,5,9
1,<environment.Job instance at 0x7f9856d7b050>,6,17,[10  1],7,26,43,19,14
1,<environment.Job instance at 0x7f985969e230>,14,16,[7 3],15,46,62,31,46
1,<environment.Job instance at 0x7f985946ef00>,17,17,[4 6],18,62,79,44,57
1,<environment.Job instance at 0x7f9856d83aa0>,22,3,[3 8],23,81,84,58,81
1,<environment.Job instance at 0x7f9856d830a0>,23,25,[3 5],24,84,109,60,81
1,<environment.Job instance at 0x7f9859528730>,8,13,[8 1],9,55,68,46,55
1,<environment.Job instance at 0x7f9859528eb0>,9,12,[3 9],10,68,80,58,55
1,<environment.Job instance at 0x7f98590d8960>,10,14,[9 2],11,83,97,72,83
1,<environment.Job instance at 0x7f9856d830a0>,3,16,[5 6],4,97,113,93,85
1,<environment.Job instance at 0x7f98590d8410>,17,19,[6 4],18,113,132,95,108
1,<environment.Job instance at 0x7f98590d8a00>,22,17,[7 5],23,152,169,129,152
1,<environment.Job instance at 0x7f98590d8820>,15,2,[ 5 10],16,169,171,153,152
1,<environment.Job instance at 0x7f98594800f0>,5,12,[2 6],6,7,19,1,7
1,<environment.Job instance at 0x7f9856ff14b0>,8,15,[5 6],9,19,34,10,10
1,<environment.Job instance at 0x7f985700a500>,14,14,[1 5],15,34,48,19,19
1,<environment.Job instance at 0x7f985700a640>,13,14,[5 8],14,52,66,38,52
1,<environment.Job instance at 0x7f9856c83370>,19,14,[5 4],20,66,80,46,52
1,<environment.Job instance at 0x7f9856ff1320>,9,17,[5 5],10,66,83,56,57
1,<environment.Job instance at 0x7f9856c83c30>,21,12,[3 7],22,83,95,61,67
1,<environment.Job instance at 0x7f98592fab90>,23,16,[10  4],24,95,111,71,82
1,<environment.Job instance at 0x7fd564c050f0>,0,17,[6 2],1,6,23,5,6
1,<environment.Job instance at 0x7fd55d7f6460>,7,12,[7 2],8,23,35,15,8
1,<environment.Job instance at 0x7fd55d7f6730>,10,14,[1 6],11,24,38,13,24
1,<environment.Job instance at 0x7fd55d7f65a0>,11,1,[8 4],12,35,36,23,24
1,<environment.Job instance at 0x7fd564c8e780>,3,13,[3 8],4,38,51,34,25
1,<environment.Job instance at 0x7fd564c052d0>,1,15,[4 5],2,51,66,49,44
1,<environment.Job instance at 0x7fd55d7f6280>,6,19,[1 7],7,66,85,59,56
1,<environment.Job instance at 0x7fd55d7f6d70>,22,3,[4 6],23,99,102,76,99
1,<environment.Job instance at 0x7fd55d7f83c0>,25,16,[5 3],26,101,117,75,101
1,<environment.Job instance at 0x7fd55d7f8460>,28,2,[5 8],29,144,146,115,144
1,<environment.Job instance at 0x7fd55d7f8500>,29,24,[5 1],30,144,168,114,144
1,<environment.Job instance at 0x7fd55d7f8280>,30,15,[8 2],31,168,183,137,158
1,<environment.Job instance at 0x7fd564d6cf50>,5,14,[5 3],6,15,29,9,15
1,<environment.Job instance at 0x7fd564c2dc30>,10,16,[7 4],11,42,58,31,42
1,<environment.Job instance at 0x7fd564d6caf0>,3,16,[3 5],4,42,58,38,42
1,<environment.Job instance at 0x7fd564c2d8c0>,7,18,[10  1],8,58,76,50,54
1,<environment.Job instance at 0x7fd564d732d0>,22,15,[3 9],23,141,156,118,141
1,<environment.Job instance at 0x7fd564d73cd0>,23,2,[ 1 10],24,156,158,132,141
1,<environment.Job instance at 0x7fd564d73550>,25,18,[8 2],26,158,176,132,155
1,<environment.Job instance at 0x7fd564d73e10>,27,3,[5 4],28,176,179,148,155
1,<environment.Job instance at 0x7fd564d73870>,29,16,[ 3 10],30,179,195,149,166
1,<environment.Job instance at 0x7fd519ac0410>,9,20,[6 2],10,12,32,2,12
1,<environment.Job instance at 0x7fd564d73d70>,8,17,[6 3],9,32,49,23,29
1,<environment.Job instance at 0x7fd519ac0e60>,11,17,[2 8],12,58,75,46,58
1,<environment.Job instance at 0x7fd519ac0370>,14,14,[3 6],15,75,89,60,60
1,<environment.Job instance at 0x7fd519fd35a0>,6,13,[1 9],7,84,97,77,84
1,<environment.Job instance at 0x7fd549c1feb0>,13,16,[8 4],14,97,113,83,84
1,<environment.Job instance at 0x7fd51a0d25f0>,7,16,[4 5],8,113,129,105,108
1,<environment.Job instance at 0x7fd519fcc550>,20,12,[8 1],21,129,141,108,112
1,<environment.Job instance at 0x7fd519fcc2d0>,21,18,[9 4],22,141,159,119,133
1,<environment.Job instance at 0x7fd55d64ad70>,2,2,[9 1],3,3,5,0,3
1,<environment.Job instance at 0x7fd519fccf00>,3,14,[1 8],4,4,18,0,4
1,<environment.Job instance at 0x7fd55d64acd0>,4,12,[5 6],5,18,30,13,5
1,<environment.Job instance at 0x7fd519eebb90>,10,14,[6 3],11,30,44,19,15
1,<environment.Job instance at 0x7fd519eebd70>,12,3,[1 9],13,44,47,31,18
1,<environment.Job instance at 0x7fd519eebcd0>,11,17,[4 5],12,91,108,79,91
1,<environment.Job instance at 0x7fd519fcc460>,6,12,[5 1],7,115,127,108,115
1,<environment.Job instance at 0x7fd519eebf00>,19,1,[8 4],20,127,128,107,115
1,<environment.Job instance at 0x7fd519ee41e0>,22,18,[6 5],23,128,146,105,118
1,<environment.Job instance at 0x7fd519ee4500>,1,1,[ 5 10],2,17,18,15,17
1,<environment.Job instance at 0x7fd564465190>,8,18,[2 7],9,18,36,9,17
1,<environment.Job instance at 0x7fd564465cd0>,11,14,[ 1 10],12,36,50,24,21
1,<environment.Job instance at 0x7fd5644850a0>,14,14,[1 7],15,50,64,35,42
1,<environment.Job instance at 0x7fd564485410>,15,18,[6 4],16,64,82,48,53
1,<environment.Job instance at 0x7fd564485280>,18,14,[3 9],19,82,96,63,73
1,<environment.Job instance at 0x7fd56418a2d0>,0,15,[8 1],1,45,60,44,45
1,<environment.Job instance at 0x7fd55dabc320>,8,17,[2 5],9,45,62,36,45
1,<environment.Job instance at 0x7fd56418a7d0>,3,15,[5 5],4,60,75,56,49
1,<environment.Job instance at 0x7fd55d893c30>,11,3,[9 4],12,75,78,63,49
1,<environment.Job instance at 0x7fd55d893d20>,12,2,[7 5],13,78,80,65,51
1,<environment.Job instance at 0x7fd519af7d20>,14,12,[10  1],15,80,92,65,65
1,<environment.Job instance at 0x7fd55dabc730>,7,18,[5 9],8,100,118,92,100
1,<environment.Job instance at 0x7fd519d46140>,4,16,[ 2 10],5,118,134,113,109
1,<environment.Job instance at 0x7fd519cb1f00>,22,12,[ 1 10],23,134,146,111,122
1,<environment.Job instance at 0x7fd55d63b730>,0,12,[4 7],1,29,41,28,29
1,<environment.Job instance at 0x7fd519e7be10>,6,12,[1 6],7,41,53,34,30
1,<environment.Job instance at 0x7fd519e62230>,12,2,[3 6],13,77,79,64,77
1,<environment.Job instance at 0x7fd519dcbf50>,4,14,[4 8],5,79,93,74,77
1,<environment.Job instance at 0x7fd51a0b5b90>,5,12,[2 9],6,52,64,46,52
1,<environment.Job instance at 0x7fd51a0b5050>,8,13,[10  3],9,64,77,55,56
1,<environment.Job instance at 0x7fd51a0b56e0>,11,14,[1 7],12,77,91,65,72
1,<environment.Job instance at 0x7fd51a132a00>,12,3,[8 2],13,77,80,64,72
1,<environment.Job instance at 0x7fd51a132910>,13,18,[1 9],14,91,109,77,80
1,<environment.Job instance at 0x7fd55d6b26e0>,8,3,[6 5],9,9,12,0,9
1,<environment.Job instance at 0x7fd51a132910>,4,17,[4 9],5,12,29,7,10
1,<environment.Job instance at 0x7fd519de9410>,10,18,[9 1],11,29,47,18,18
1,<environment.Job instance at 0x7fd5641c04b0>,13,12,[5 4],14,47,59,33,36
1,<environment.Job instance at 0x7fd519e7d8c0>,15,13,[8 3],16,59,72,43,43
1,<environment.Job instance at 0x7fd51a184cd0>,24,15,[9 3],25,115,130,90,115
1,<environment.Job instance at 0x7fd51a184cd0>,4,14,[5 3],5,5,19,0,5
1,<environment.Job instance at 0x7fd51a00baa0>,0,15,[1 8],1,19,34,18,9
1,<environment.Job instance at 0x7fd519d5a4b0>,10,18,[5 3],11,34,52,23,23
1,<environment.Job instance at 0x7fd519d5a5f0>,12,15,[5 7],13,34,49,21,29
1,<environment.Job instance at 0x7fd519d5a7d0>,15,13,[5 4],16,50,63,34,50
1,<environment.Job instance at 0x7fd519d5a910>,17,14,[1 9],18,85,99,67,85
1,<environment.Job instance at 0x7fd519d5aa50>,19,1,[10  1],20,99,100,79,85
1,<environment.Job instance at 0x7fd55d5a4eb0>,7,15,[9 2],8,8,23,0,8
1,<environment.Job instance at 0x7fd55d5a4960>,10,17,[ 4 10],11,23,40,12,15
1,<environment.Job instance at 0x7fd55d5a4fa0>,12,3,[4 6],13,40,43,27,21
1,<environment.Job instance at 0x7fd55d8ec1e0>,8,20,[6 3],9,19,39,10,19
1,<environment.Job instance at 0x7fd55d8ec780>,10,16,[1 5],11,19,35,8,19
1,<environment.Job instance at 0x7fd55d8ec140>,5,15,[ 1 10],6,40,55,34,40
1,<environment.Job instance at 0x7fd55d877be0>,16,14,[ 4 10],17,55,69,38,40
1,<environment.Job instance at 0x7fd55d877820>,21,15,[ 5 10],22,72,87,50,72
1,<environment.Job instance at 0x7fd55dad95f0>,9,2,[5 1],10,73,75,63,73
1,<environment.Job instance at 0x7fd55dad9af0>,12,3,[10  5],13,75,78,62,75
1,<environment.Job instance at 0x7fd55dad74b0>,18,17,[4 5],19,115,132,96,115
1,<environment.Job instance at 0x7fd55dad7370>,22,15,[3 5],23,140,155,117,140
1,<environment.Job instance at 0x7fd56433f960>,3,16,[6 1],4,6,22,2,6
1,<environment.Job instance at 0x7fd564b43cd0>,6,13,[1 6],7,7,20,0,7
1,<environment.Job instance at 0x7fd55d9fa3c0>,0,14,[6 3],1,22,36,21,7
1,<environment.Job instance at 0x7fd519e6afa0>,11,16,[6 1],12,36,52,24,23
1,<environment.Job instance at 0x7fd564786190>,14,16,[ 3 10],15,52,68,37,39
1,<environment.Job instance at 0x7fd519f31370>,0,14,[5 5],1,7,21,6,7
1,<environment.Job instance at 0x7fd5199d14b0>,7,1,[ 3 10],8,21,22,13,8
1,<environment.Job instance at 0x7fd5199d1a50>,6,14,[10  4],7,22,36,15,8
1,<environment.Job instance at 0x7fd5199d1190>,11,17,[7 5],12,36,53,24,26
1,<environment.Job instance at 0x7fd5199d13c0>,18,12,[3 5],19,41,53,22,41
1,<environment.Job instance at 0x7fd5199d1d20>,21,12,[5 8],22,53,65,31,53
1,<environment.Job instance at 0x7fd5199d1b40>,23,15,[8 2],24,77,92,53,77
1,<environment.Job instance at 0x7fd5199d1eb0>,20,17,[4 5],21,92,109,71,80
1,<environment.Job instance at 0x7fd51a0fd320>,3,17,[6 4],4,5,22,1,5
1,<environment.Job instance at 0x7fd519ba75f0>,0,15,[ 5 10],1,22,37,21,8
1,<environment.Job instance at 0x7fd5645025f0>,10,13,[7 4],11,37,50,26,22
1,<environment.Job instance at 0x7fd564502460>,14,16,[7 3],15,50,66,35,37
1,<environment.Job instance at 0x7fd564516cd0>,7,17,[10  1],8,66,83,58,59
1,<environment.Job instance at 0x7fd5644de0a0>,22,3,[3 8],23,89,92,66,89
1,<environment.Job instance at 0x7fd5644dea00>,23,25,[3 5],24,93,118,69,93
1,<environment.Job instance at 0x7fd5644ecb90>,2,12,[5 5],3,4,16,1,4
1,<environment.Job instance at 0x7fd5644dea00>,3,17,[5 4],4,5,22,1,5
1,<environment.Job instance at 0x7fd5199f3780>,5,2,[ 5 10],6,22,24,16,6
1,<environment.Job instance at 0x7fd56450ce60>,0,14,[9 2],1,92,106,91,92
1,<environment.Job instance at 0x7fd5640bb7d0>,15,16,[9 1],16,106,122,90,93
1,<environment.Job instance at 0x7fd55d9e1230>,7,19,[6 4],8,122,141,114,116
1,<environment.Job instance at 0x7fd51a0c0eb0>,23,15,[4 8],24,141,156,117,128
1,<environment.Job instance at 0x7fd519a8c050>,20,16,[2 9],21,156,172,135,153
1,<environment.Job instance at 0x7fd519a8c050>,4,17,[3 6],5,8,25,3,8
1,<environment.Job instance at 0x7fd564490370>,7,12,[6 1],8,9,21,1,9
1,<environment.Job instance at 0x7fd564490320>,3,16,[10  4],4,25,41,21,14
1,<environment.Job instance at 0x7fd5641c39b0>,0,14,[ 4 10],1,41,55,40,27
1,<environment.Job instance at 0x7fd564490dc0>,9,16,[10  2],10,55,71,45,45
1,<environment.Job instance at 0x7fd5644e4c80>,5,15,[10  3],6,6,21,0,6
1,<environment.Job instance at 0x7fd5644e4870>,9,17,[2 6],10,45,62,35,45
1,<environment.Job instance at 0x7fd5644b11e0>,15,12,[4 5],16,73,85,57,73
1,<environment.Job instance at 0x7fd519ff75f0>,16,13,[5 6],17,85,98,68,73
1,<environment.Job instance at 0x7fd51a021960>,19,1,[10  3],20,98,99,78,73
1,<environment.Job instance at 0x7fd51a021c30>,22,16,[10  5],23,102,118,79,102
1,<environment.Job instance at 0x7fd55d9a8b90>,24,16,[ 2 10],25,118,134,93,106
1,<environment.Job instance at 0x7fd5644c2a50>,27,16,[3 8],28,134,150,106,121
1,<environment.Job instance at 0x7f00ced3b500>,7,12,[7 2],8,8,20,0,8
1,<environment.Job instance at 0x7f00ced3b2d0>,5,18,[7 5],6,24,42,18,24
1,<environment.Job instance at 0x7f00ced3b6e0>,10,14,[1 6],11,42,56,31,33
1,<environment.Job instance at 0x7f00ced3b410>,9,17,[8 1],10,45,62,35,45
1,<environment.Job instance at 0x7f00ced3b7d0>,13,15,[4 5],14,62,77,48,50
1,<environment.Job instance at 0x7f00ced3baf0>,18,18,[3 6],19,77,95,58,66
1,<environment.Job instance at 0x7f00d614b050>,2,18,[ 3 10],3,109,127,106,109
1,<environment.Job instance at 0x7f00ced3bd70>,22,3,[4 6],23,127,130,104,113
1,<environment.Job instance at 0x7f00ced3d2d0>,28,2,[5 8],29,155,157,126,155
1,<environment.Job instance at 0x7f00ced3bf50>,23,18,[7 4],24,178,196,154,178
1,<environment.Job instance at 0x7f00ced3d410>,35,3,[9 5],36,196,199,160,179
1,<environment.Job instance at 0x7f00ced55f50>,2,14,[4 7],3,3,17,0,3
1,<environment.Job instance at 0x7f00d62b7550>,5,19,[5 1],6,27,46,21,27
1,<environment.Job instance at 0x7f00d62b76e0>,6,17,[8 2],7,46,63,39,36
1,<environment.Job instance at 0x7f00d62b2500>,13,2,[ 1 10],14,63,65,49,36
1,<environment.Job instance at 0x7f00d62b2960>,16,14,[8 4],17,65,79,48,52
1,<environment.Job instance at 0x7f00d62c5050>,18,17,[10  5],19,79,96,60,67
1,<environment.Job instance at 0x7f00d62c5910>,19,16,[ 3 10],20,105,121,85,105
1,<environment.Job instance at 0x7f00d62c5460>,23,16,[10  3],24,121,137,97,109
1,<environment.Job instance at 0x7f008b021640>,6,3,[5 9],7,28,31,21,28
1,<environment.Job instance at 0x7f008b007140>,9,15,[6 2],10,31,46,21,28
1,<environment.Job instance at 0x7f008b021a00>,7,15,[1 9],8,47,62,39,47
1,<environment.Job instance at 0x7f008b007a50>,12,1,[ 2 10],13,62,63,49,47
1,<environment.Job instance at 0x7f008b13c410>,15,13,[6 3],16,63,76,47,52
1,<environment.Job instance at 0x7f008b13ca00>,19,15,[4 9],20,94,109,74,94
1,<environment.Job instance at 0x7f008b13c0f0>,21,14,[3 6],22,121,135,99,121
1,<environment.Job instance at 0x7f008b13c640>,22,3,[9 2],23,135,138,112,121
1,<environment.Job instance at 0x7f008b13c9b0>,24,3,[10  4],25,138,141,113,121
1,<environment.Job instance at 0x7f008b13c780>,28,18,[ 3 10],29,172,190,143,172
1,<environment.Job instance at 0x7f008b13ccd0>,30,13,[4 9],31,190,203,159,178
1,<environment.Job instance at 0x7f008b38e820>,6,12,[7 4],7,7,19,0,7
1,<environment.Job instance at 0x7f008b13ccd0>,5,15,[7 2],6,19,34,13,8
1,<environment.Job instance at 0x7f008b1ff2d0>,9,15,[2 6],10,18,33,8,18
1,<environment.Job instance at 0x7f008b0f6f50>,11,12,[ 5 10],12,34,46,22,21
1,<environment.Job instance at 0x7f00d14dd0a0>,13,14,[5 5],14,46,60,32,43
1,<environment.Job instance at 0x7f00d18d1a00>,16,17,[ 4 10],17,65,82,48,65
1,<environment.Job instance at 0x7f00d18d17d0>,17,14,[10  3],18,82,96,64,67
1,<environment.Job instance at 0x7f00ceb340a0>,8,16,[6 5],9,9,25,0,9
1,<environment.Job instance at 0x7f00d18018c0>,10,12,[6 4],11,25,37,14,11
1,<environment.Job instance at 0x7f008b624d20>,16,25,[6 4],17,55,80,38,55
1,<environment.Job instance at 0x7f00d17fd410>,18,15,[5 5],19,80,95,61,66
1,<environment.Job instance at 0x7f00d17fdc30>,21,13,[4 7],22,95,108,73,79
1,<environment.Job instance at 0x7f00cee4f320>,4,16,[7 2],5,53,69,48,53
1,<environment.Job instance at 0x7f00cee4f820>,8,17,[3 6],9,77,94,68,77
1,<environment.Job instance at 0x7f008b6b16e0>,11,14,[10  2],12,142,156,130,142
1,<environment.Job instance at 0x7f008b6b1730>,20,18,[2 7],21,156,174,135,145
1,<environment.Job instance at 0x7f008b3efaa0>,0,17,[7 2],1,7,24,6,7
1,<environment.Job instance at 0x7f00ced8ce60>,7,1,[4 5],8,24,25,16,8
1,<environment.Job instance at 0x7f00ced8ce10>,6,12,[7 4],7,25,37,18,8
1,<environment.Job instance at 0x7f00ceff2f00>,14,19,[5 5],15,52,71,37,52
1,<environment.Job instance at 0x7f00cece2410>,16,12,[8 1],17,74,86,57,74
1,<environment.Job instance at 0x7f00cece2a00>,19,3,[7 5],20,86,89,66,74
1,<environment.Job instance at 0x7f008b0c90f0>,11,18,[7 3],12,158,176,146,158
1,<environment.Job instance at 0x7f00cf074410>,26,15,[5 5],27,176,191,149,162
1,<environment.Job instance at 0x7f00d12bb5a0>,28,12,[ 1 10],29,191,203,162,174
1,<environment.Job instance at 0x7f008b69d870>,5,16,[5 9],6,9,25,3,9
1,<environment.Job instance at 0x7f008b69d910>,6,14,[ 1 10],7,25,39,18,10
1,<environment.Job instance at 0x7f008b69db90>,11,14,[9 5],12,46,60,34,46
1,<environment.Job instance at 0x7f008b69de10>,14,17,[8 4],15,63,80,48,63
1,<environment.Job instance at 0x7f008b69de60>,15,16,[7 2],16,80,96,64,67
1,<environment.Job instance at 0x7f008b69df50>,16,12,[3 8],17,80,92,63,71
1,<environment.Job instance at 0x7f008b6a7280>,21,16,[1 6],22,92,108,70,81
1,<environment.Job instance at 0x7f008b6a70a0>,22,14,[1 8],23,108,122,85,94
1,<environment.Job instance at 0x7f008b6a7190>,23,15,[7 2],24,96,111,72,94
1,<environment.Job instance at 0x7f008b6a74b0>,25,17,[8 5],26,122,139,96,110
1,<environment.Job instance at 0x7f008b6a77d0>,30,17,[ 4 10],31,139,156,108,128
1,<environment.Job instance at 0x7f00d1546b40>,6,15,[9 3],7,7,22,0,7
1,<environment.Job instance at 0x7f00d1546730>,4,13,[10  4],5,22,35,17,10
1,<environment.Job instance at 0x7f00cec05960>,15,2,[3 5],16,86,88,70,86
1,<environment.Job instance at 0x7f00cec05690>,16,12,[3 5],17,88,100,71,88
1,<environment.Job instance at 0x7f008b545460>,18,1,[3 7],19,100,101,81,88
1,<environment.Job instance at 0x7f008b5456e0>,17,13,[1 9],18,110,123,92,110
1,<environment.Job instance at 0x7f00ceff9d70>,21,16,[4 9],22,123,139,101,118
1,<environment.Job instance at 0x7f00d15e6730>,25,2,[7 5],26,139,141,113,120
1,<environment.Job instance at 0x7f00d62b64b0>,26,17,[ 2 10],27,174,191,147,174
1,<environment.Job instance at 0x7f008b308230>,5,14,[5 6],6,6,20,0,6
1,<environment.Job instance at 0x7f00cf13e7d0>,4,17,[4 8],5,20,37,15,8
1,<environment.Job instance at 0x7f00cf235280>,11,17,[8 4],12,37,54,25,26
1,<environment.Job instance at 0x7f008b192960>,12,13,[10  1],13,54,67,41,38
1,<environment.Job instance at 0x7f008b177410>,15,13,[7 1],16,67,80,51,51
1,<environment.Job instance at 0x7f00cec58aa0>,18,12,[3 8],19,67,79,48,51
1,<environment.Job instance at 0x7f00d14dd190>,20,15,[6 2],21,80,95,59,66
1,<environment.Job instance at 0x7f008aedaaf0>,26,2,[6 5],27,95,97,68,82
1,<environment.Job instance at 0x7f00cec58780>,17,18,[4 8],18,97,115,79,86
1,<environment.Job instance at 0x7f008b4bb5f0>,32,18,[6 3],33,129,147,96,129
1,<environment.Job instance at 0x7f00cedd88c0>,36,18,[1 7],37,140,158,103,140
1,<environment.Job instance at 0x7f00d1701a50>,41,14,[6 3],42,170,184,128,170
1,<environment.Job instance at 0x7f00cf0a2870>,2,13,[5 5],3,5,18,2,5
1,<environment.Job instance at 0x7f00cf00e410>,9,15,[7 1],10,23,38,13,23
1,<environment.Job instance at 0x7f00cf00e4b0>,10,16,[8 1],11,38,54,27,26
1,<environment.Job instance at 0x7f00cf00e550>,11,12,[8 4],12,54,66,42,40
1,<environment.Job instance at 0x7f00cf00e7d0>,15,17,[ 2 10],16,90,107,74,90
1,<environment.Job instance at 0x7f00cf00eb40>,21,16,[1 6],22,107,123,85,94
1,<environment.Job instance at 0x7f00cf00eaf0>,20,17,[5 4],21,107,124,86,97
1,<environment.Job instance at 0x7f00cf00ebe0>,22,12,[2 8],23,124,136,101,107
1,<environment.Job instance at 0x7f00cf00eeb0>,27,14,[6 2],28,130,144,102,130
1,<environment.Job instance at 0x7f00cf00ef00>,26,16,[3 8],27,136,152,109,132
1,<environment.Job instance at 0x7f00cf0090f0>,30,14,[4 7],31,152,166,121,151
1,<environment.Job instance at 0x7f00cf009230>,32,1,[3 9],33,166,167,133,151
1,<environment.Job instance at 0x7f00cf00e910>,17,16,[ 1 10],18,167,183,149,164
1,<environment.Job instance at 0x7f00cf00e910>,3,1,[8 3],4,17,18,13,17
1,<environment.Job instance at 0x7f00d183b190>,6,15,[8 2],7,22,37,15,22
1,<environment.Job instance at 0x7f00d183baa0>,8,18,[8 3],9,78,96,69,78
1,<environment.Job instance at 0x7f00d183bf00>,18,15,[3 7],19,101,116,82,101
1,<environment.Job instance at 0x7f00cf066c80>,20,15,[7 2],21,101,116,80,101
1,<environment.Job instance at 0x7f00cf0669b0>,22,15,[8 2],23,125,140,102,125
1,<environment.Job instance at 0x7f00cf066fa0>,23,19,[8 2],24,140,159,116,130
1,<environment.Job instance at 0x7f00ceacaaa0>,9,16,[3 8],10,91,107,81,91
1,<environment.Job instance at 0x7f00cedd6780>,18,14,[2 5],19,107,121,88,92
1,<environment.Job instance at 0x7f00cedd6e10>,24,3,[8 2],25,111,114,86,111
1,<environment.Job instance at 0x7f00cedd66e0>,22,15,[ 4 10],23,121,136,98,111
1,<environment.Job instance at 0x7f00cedd6aa0>,29,18,[8 4],30,141,159,111,141
1,<environment.Job instance at 0x7f00cedd6dc0>,30,12,[3 5],31,159,171,128,142
1,<environment.Job instance at 0x7f00cedd6320>,28,14,[5 5],29,159,173,130,144
1,<environment.Job instance at 0x7f008b42d870>,35,16,[10  1],36,173,189,137,165
1,<environment.Job instance at 0x7f008b211d20>,10,3,[7 2],11,15,18,4,15
1,<environment.Job instance at 0x7f00cf174370>,13,16,[6 3],14,54,70,40,54
1,<environment.Job instance at 0x7f00cf174c80>,17,12,[10  2],18,96,108,78,96
1,<environment.Job instance at 0x7f00cf1747d0>,18,15,[8 2],19,108,123,89,97
1,<environment.Job instance at 0x7f00cf1aa550>,23,16,[7 4],24,123,139,99,110
1,<environment.Job instance at 0x7f008af8e5a0>,0,15,[10  3],1,139,154,138,130
1,<environment.Job instance at 0x7f008ad6adc0>,28,17,[ 2 10],29,154,171,125,144
1,<environment.Job instance at 0x7f00cec26dc0>,26,14,[10  4],27,171,185,144,167
1,<environment.Job instance at 0x7f00cf1aa2d0>,32,18,[5 5],33,185,203,152,175
1,<environment.Job instance at 0x7f008b0b4aa0>,2,12,[7 2],3,6,18,3,6
1,<environment.Job instance at 0x7f00cf020f50>,8,2,[7 1],9,30,32,21,30
1,<environment.Job instance at 0x7f00cecd6050>,11,12,[5 9],12,54,66,42,54
1,<environment.Job instance at 0x7f00cecd6190>,14,12,[2 9],15,80,92,65,80
1,<environment.Job instance at 0x7f00cf18a910>,17,12,[7 5],18,94,106,76,94
1,<environment.Job instance at 0x7f00cf18a690>,18,17,[10  5],19,106,123,87,95
1,<environment.Job instance at 0x7f00d147e9b0>,21,17,[10  5],22,123,140,101,113
1,<environment.Job instance at 0x7f00d16fc870>,25,25,[1 7],26,155,180,129,155
1,<environment.Job instance at 0x7f00ced24cd0>,4,1,[6 3],5,6,7,1,6
1,<environment.Job instance at 0x7f008b12a140>,5,14,[ 2 10],6,7,21,1,7
1,<environment.Job instance at 0x7f008b12a1e0>,6,18,[8 4],7,21,39,14,10
1,<environment.Job instance at 0x7f008b12a230>,10,18,[1 5],11,23,41,12,23
1,<environment.Job instance at 0x7f00d1305c80>,8,13,[8 1],9,55,68,46,55
1,<environment.Job instance at 0x7f00d1305be0>,9,12,[3 9],10,68,80,58,55
1,<environment.Job instance at 0x7f00cec1fd70>,3,16,[5 6],4,83,99,79,83
1,<environment.Job instance at 0x7f00d131a3c0>,15,2,[ 5 10],16,99,101,83,83
1,<environment.Job instance at 0x7f00d13050f0>,6,15,[5 7],7,110,125,103,110
1,<environment.Job instance at 0x7f00d1325dc0>,22,17,[7 5],23,174,191,151,174
1,<environment.Job instance at 0x7f00d1305960>,10,14,[9 2],11,191,205,180,176
1,<environment.Job instance at 0x7f00cebb7e10>,2,15,[4 6],3,6,21,3,6
1,<environment.Job instance at 0x7f00cf20c730>,7,12,[6 1],8,8,20,0,8
1,<environment.Job instance at 0x7f00d12fe460>,4,17,[3 6],5,21,38,16,10
1,<environment.Job instance at 0x7f00cf20ca50>,9,16,[10  2],10,38,54,28,32
1,<environment.Job instance at 0x7f00d12fe8c0>,3,16,[10  4],4,54,70,50,49
1,<environment.Job instance at 0x7f00d17565f0>,5,12,[4 5],6,23,35,17,23
1,<environment.Job instance at 0x7f00d17563c0>,7,14,[9 5],8,35,49,27,23
1,<environment.Job instance at 0x7f00d17561e0>,9,1,[10  3],10,49,50,39,26
1,<environment.Job instance at 0x7f00d1756fa0>,6,13,[5 6],7,51,64,44,51
1,<environment.Job instance at 0x7f00d1756960>,8,14,[ 1 10],9,64,78,55,51
1,<environment.Job instance at 0x7f00d614b2d0>,14,16,[ 2 10],15,78,94,63,65
1,<environment.Job instance at 0x7f00d1756dc0>,12,16,[10  5],13,94,110,81,81
1,<environment.Job instance at 0x7f00cf18d5a0>,1,13,[1 8],2,6,19,4,6
1,<environment.Job instance at 0x7f008aead7d0>,6,12,[9 4],7,19,31,12,8
1,<environment.Job instance at 0x7f00ceaa0eb0>,12,14,[7 5],13,31,45,18,27
1,<environment.Job instance at 0x7f008aeade60>,9,16,[2 7],10,45,61,35,33
1,<environment.Job instance at 0x7f00ced54e10>,18,15,[5 5],19,78,93,59,78
1,<environment.Job instance at 0x7f00ceaba9b0>,20,15,[3 5],21,78,93,57,78
1,<environment.Job instance at 0x7f008b086a50>,22,18,[3 5],23,99,117,76,99
1,<environment.Job instance at 0x7f008ae42c30>,3,15,[2 8],4,146,161,142,146
1,<environment.Job instance at 0x7f00ceab8910>,27,1,[ 4 10],28,161,162,133,147
1,<environment.Job instance at 0x7f008b086910>,25,15,[2 9],26,162,177,136,149
1,<environment.Job instance at 0x7f008ae42460>,5,15,[3 9],6,177,192,171,172
1,<environment.Job instance at 0x7f48add2b2d0>,1,15,[4 5],2,2,17,0,2
1,<environment.Job instance at 0x7f48a691b500>,7,12,[7 2],8,17,29,9,9
1,<environment.Job instance at 0x7f48a691b4b0>,9,17,[8 1],10,29,46,19,24
1,<environment.Job instance at 0x7f48a691b5f0>,10,14,[1 6],11,26,40,15,26
1,<environment.Job instance at 0x7f48a691b730>,13,15,[4 5],14,46,61,32,43
1,<environment.Job instance at 0x7f48add2b0a0>,3,13,[3 8],4,84,97,80,84
1,<environment.Job instance at 0x7f48a691baf0>,18,18,[3 6],19,147,165,128,147
1,<environment.Job instance at 0x7f48a691bd70>,22,3,[4 6],23,165,168,142,147
1,<environment.Job instance at 0x7f48a691bfa0>,25,16,[5 3],26,151,167,125,151
1,<environment.Job instance at 0x7f48a691d320>,5,18,[8 2],6,7,25,1,7
1,<environment.Job instance at 0x7f48add52eb0>,7,3,[5 4],8,25,28,17,8
1,<environment.Job instance at 0x7f48ade920a0>,9,16,[ 3 10],10,28,44,18,15
1,<environment.Job instance at 0x7f48ade92410>,8,17,[10  5],9,44,61,35,32
1,<environment.Job instance at 0x7f48ade9b370>,18,17,[10  2],19,87,104,68,87
1,<environment.Job instance at 0x7f48ade9b370>,2,3,[9 2],3,4,7,1,4
1,<environment.Job instance at 0x7f4862c4a370>,4,3,[10  4],5,7,10,2,5
1,<environment.Job instance at 0x7f48ade9b820>,1,14,[3 6],2,10,24,8,5
1,<environment.Job instance at 0x7f4862bf6eb0>,11,12,[8 2],12,24,36,12,12
1,<environment.Job instance at 0x7f4862c4a1e0>,8,18,[ 3 10],9,49,67,40,49
1,<environment.Job instance at 0x7f4862be4550>,19,18,[1 6],20,67,85,47,67
1,<environment.Job instance at 0x7f4862c1d2d0>,3,18,[4 8],4,103,121,99,103
1,<environment.Job instance at 0x7f4862c01a00>,28,26,[7 3],29,141,167,112,141
1,<environment.Job instance at 0x7f4862c01730>,29,17,[2 8],30,167,184,137,155
1,<environment.Job instance at 0x7f4862c01d70>,31,15,[5 1],32,167,182,135,156
1,<environment.Job instance at 0x7f4862d1dbe0>,0,3,[5 1],1,2,5,1,2
1,<environment.Job instance at 0x7f486309f730>,9,19,[ 5 10],10,44,63,34,44
1,<environment.Job instance at 0x7f4863083d20>,14,16,[5 5],15,80,96,65,80
1,<environment.Job instance at 0x7f48630152d0>,7,13,[7 4],8,8,21,0,8
1,<environment.Job instance at 0x7f4863083550>,6,16,[3 8],7,21,37,14,20
1,<environment.Job instance at 0x7f4862d17eb0>,1,14,[ 4 10],2,37,51,35,23
1,<environment.Job instance at 0x7f48a69535f0>,2,18,[4 6],3,51,69,48,46
1,<environment.Job instance at 0x7f486300a460>,16,3,[4 8],17,69,72,52,48
1,<environment.Job instance at 0x7f486300a500>,17,13,[5 5],18,72,85,54,56
1,<environment.Job instance at 0x7f486300a5a0>,18,2,[1 6],19,85,87,66,58
1,<environment.Job instance at 0x7f486300a9b0>,20,12,[5 1],21,63,75,42,63
1,<environment.Job instance at 0x7f486300aaa0>,22,3,[2 6],23,90,93,67,90
1,<environment.Job instance at 0x7f48630159b0>,9,17,[1 8],10,93,110,83,90
1,<environment.Job instance at 0x7f486300a910>,23,19,[2 8],24,110,129,86,100
1,<environment.Job instance at 0x7f486300a320>,14,16,[ 3 10],15,129,145,114,116
1,<environment.Job instance at 0x7f486300af00>,31,15,[10  3],32,145,160,113,131
1,<environment.Job instance at 0x7f4862b22140>,35,17,[8 1],36,160,177,124,158
1,<environment.Job instance at 0x7f4862b22320>,38,12,[7 4],39,177,189,138,160
1,<environment.Job instance at 0x7f4862b225a0>,42,14,[4 7],43,189,203,146,184
1,<environment.Job instance at 0x7f48a66dfe10>,8,14,[ 4 10],9,9,23,0,9
1,<environment.Job instance at 0x7f48a66df820>,7,2,[5 7],8,23,25,15,11
1,<environment.Job instance at 0x7f48a66df730>,9,15,[4 8],10,25,40,15,22
1,<environment.Job instance at 0x7f48a66d0aa0>,14,17,[ 1 10],15,53,70,38,53
1,<environment.Job instance at 0x7f48a66d0320>,18,13,[8 2],19,74,87,55,74
1,<environment.Job instance at 0x7f48a93a2690>,23,21,[8 3],24,87,108,63,87
1,<environment.Job instance at 0x7f48a93a21e0>,24,18,[1 6],25,87,105,62,87
1,<environment.Job instance at 0x7f48a93a2410>,26,14,[5 5],27,108,122,81,100
1,<environment.Job instance at 0x7f48a66dfc80>,6,18,[3 8],7,122,140,115,114
1,<environment.Job instance at 0x7f48a8fc3690>,3,16,[7 3],4,4,20,0,4
1,<environment.Job instance at 0x7f48a8fc3f00>,4,12,[8 4],5,20,32,15,6
1,<environment.Job instance at 0x7f48a8f3faf0>,0,18,[2 9],1,32,50,31,25
1,<environment.Job instance at 0x7f48a6dd9230>,12,17,[2 5],13,71,88,58,71
1,<environment.Job instance at 0x7f48a67c7f00>,18,13,[4 6],19,88,101,69,73
1,<environment.Job instance at 0x7f4862b7a2d0>,24,16,[9 3],25,101,117,76,89
1,<environment.Job instance at 0x7f4862b7a690>,23,18,[1 7],24,101,119,77,90
1,<environment.Job instance at 0x7f48a6774e10>,4,13,[8 2],5,6,19,1,6
1,<environment.Job instance at 0x7f48a6774e60>,2,16,[5 6],3,19,35,16,7
1,<environment.Job instance at 0x7f48a6716550>,9,3,[2 7],10,10,13,0,10
1,<environment.Job instance at 0x7f48a6774190>,3,18,[9 4],4,35,53,31,24
1,<environment.Job instance at 0x7f486309fbe0>,14,16,[ 5 10],15,53,69,38,40
1,<environment.Job instance at 0x7f48a94adf00>,1,12,[2 5],2,4,16,2,4
1,<environment.Job instance at 0x7f486309fd20>,4,17,[8 5],5,5,22,0,5
1,<environment.Job instance at 0x7f48a94ad3c0>,9,1,[4 9],10,48,49,38,48
1,<environment.Job instance at 0x7f48a66e2c30>,12,13,[9 5],13,49,62,36,48
1,<environment.Job instance at 0x7f48a94ad1e0>,0,13,[4 8],1,62,75,61,48
1,<environment.Job instance at 0x7f48a66e26e0>,16,18,[ 2 10],17,75,93,58,73
1,<environment.Job instance at 0x7f48a66e2be0>,14,17,[4 9],15,103,120,88,103
1,<environment.Job instance at 0x7f48a9035af0>,18,3,[6 5],19,120,123,101,112
1,<environment.Job instance at 0x7f48a6e3d640>,26,15,[ 5 10],27,145,160,118,145
1,<environment.Job instance at 0x7f48a6a26780>,5,13,[5 4],6,6,19,0,6
1,<environment.Job instance at 0x7f48a67734b0>,7,14,[1 9],8,19,33,11,18
1,<environment.Job instance at 0x7f4862fc67d0>,8,12,[7 5],9,33,45,24,23
1,<environment.Job instance at 0x7f48632d4d70>,9,1,[10  1],10,45,46,35,28
1,<environment.Job instance at 0x7f48631e36e0>,16,14,[9 4],17,46,60,29,37
1,<environment.Job instance at 0x7f4862f85c80>,18,18,[ 1 10],19,63,81,44,63
1,<environment.Job instance at 0x7f4862f85be0>,24,16,[9 5],25,84,100,59,84
1,<environment.Job instance at 0x7f48a6ca0780>,9,3,[8 4],10,35,38,25,35
1,<environment.Job instance at 0x7f48a6ca08c0>,11,3,[7 1],12,38,41,26,36
1,<environment.Job instance at 0x7f48a6ca0820>,10,16,[1 7],11,39,55,28,39
1,<environment.Job instance at 0x7f48a6ca0aa0>,14,20,[1 7],15,55,75,40,47
1,<environment.Job instance at 0x7f48a6ca0be0>,16,18,[8 4],17,114,132,97,114
1,<environment.Job instance at 0x7f48a6ca0460>,21,14,[8 1],22,146,160,124,146
1,<environment.Job instance at 0x7f48a6ca0b40>,15,16,[10  3],16,160,176,144,153
1,<environment.Job instance at 0x7f48a6c904b0>,28,14,[8 2],29,176,190,147,162
1,<environment.Job instance at 0x7f48a6c90550>,29,18,[4 9],30,190,208,160,188
1,<environment.Job instance at 0x7f48a93d4960>,9,15,[1 8],10,42,57,32,42
1,<environment.Job instance at 0x7f48a6b5d8c0>,4,15,[6 1],5,42,57,37,42
1,<environment.Job instance at 0x7f48a67658c0>,16,17,[8 4],17,61,78,44,61
1,<environment.Job instance at 0x7f48a6765eb0>,14,18,[5 6],15,82,100,67,82
1,<environment.Job instance at 0x7f48a90f5a00>,19,20,[1 6],20,100,120,80,91
1,<environment.Job instance at 0x7f48a90f5d20>,24,3,[6 4],25,143,146,118,143
1,<environment.Job instance at 0x7f48a90f55a0>,26,15,[9 4],27,146,161,119,144
1,<environment.Job instance at 0x7f48a928a410>,10,12,[7 4],11,27,39,16,27
1,<environment.Job instance at 0x7f48a928a050>,12,22,[6 5],13,39,61,26,32
1,<environment.Job instance at 0x7f48a928a0a0>,18,18,[1 9],19,67,85,48,67
1,<environment.Job instance at 0x7f48a928a5a0>,1,12,[5 5],2,76,88,74,76
1,<environment.Job instance at 0x7f4862db1d20>,17,16,[6 3],18,105,121,87,105
1,<environment.Job instance at 0x7f4862db16e0>,18,16,[6 5],19,121,137,102,108
1,<environment.Job instance at 0x7f4862da8af0>,21,15,[4 5],22,112,127,90,112
1,<environment.Job instance at 0x7f48a6bea780>,23,16,[7 1],24,137,153,113,124
1,<environment.Job instance at 0x7f486293b140>,26,18,[5 9],27,153,171,126,143
1,<environment.Job instance at 0x7f4862dba230>,29,18,[4 6],30,171,189,141,161
1,<environment.Job instance at 0x7f4862961cd0>,33,12,[4 8],34,189,201,155,176
1,<environment.Job instance at 0x7f48630f69b0>,5,18,[5 4],6,10,28,4,10
1,<environment.Job instance at 0x7f48630f6140>,7,15,[6 1],8,28,43,20,14
1,<environment.Job instance at 0x7f4862abe1e0>,10,12,[10  3],11,43,55,32,28
1,<environment.Job instance at 0x7f48630a6a50>,9,12,[8 4],10,55,67,45,40
1,<environment.Job instance at 0x7f48629e7190>,1,18,[2 6],2,7,25,5,7
1,<environment.Job instance at 0x7f48a6760e60>,7,16,[2 8],8,47,63,39,47
1,<environment.Job instance at 0x7f48a6760a00>,12,1,[8 3],13,63,64,50,47
1,<environment.Job instance at 0x7f48a6760690>,13,2,[5 6],14,64,66,50,47
1,<environment.Job instance at 0x7f48a6760460>,15,2,[8 4],16,66,68,50,47
1,<environment.Job instance at 0x7f48a67603c0>,17,13,[6 4],18,68,81,50,52
1,<environment.Job instance at 0x7f48a6760f00>,19,14,[5 3],20,81,95,61,66
1,<environment.Job instance at 0x7f48a67608c0>,21,17,[2 8],22,95,112,73,84
1,<environment.Job instance at 0x7f48a8fffbe0>,24,17,[3 9],25,112,129,87,102
1,<environment.Job instance at 0x7f48a8edf8c0>,9,17,[5 5],10,13,30,3,13
1,<environment.Job instance at 0x7f48a8ed71e0>,13,14,[5 8],14,30,44,16,30
1,<environment.Job instance at 0x7f48a8ed7280>,14,14,[1 5],15,44,58,29,34
1,<environment.Job instance at 0x7f48a8efa730>,20,14,[ 4 10],21,83,97,62,83
1,<environment.Job instance at 0x7f48a8efa0a0>,19,14,[5 4],20,97,111,77,83
1,<environment.Job instance at 0x7f48a8efaa00>,22,15,[4 6],23,97,112,74,83
1,<environment.Job instance at 0x7f48a68f5b40>,23,16,[10  4],24,112,128,88,104
1,<environment.Job instance at 0x7f48a6730640>,1,1,[9 3],2,6,7,4,6
1,<environment.Job instance at 0x7f48a93a7910>,7,17,[5 3],8,8,25,0,8
1,<environment.Job instance at 0x7f48a93a71e0>,5,15,[10  3],6,25,40,19,22
1,<environment.Job instance at 0x7f48a6856af0>,9,17,[2 6],10,45,62,35,45
1,<environment.Job instance at 0x7f48a6760d70>,4,13,[2 8],5,62,75,57,47
1,<environment.Job instance at 0x7f4862fd70f0>,13,15,[5 5],14,75,90,61,73
1,<environment.Job instance at 0x7f4862fd7320>,16,13,[5 6],17,90,103,73,74
1,<environment.Job instance at 0x7f48a8eb2820>,19,1,[10  3],20,103,104,83,75
1,<environment.Job instance at 0x7f4862fd7af0>,18,14,[ 1 10],19,104,118,85,101
1,<environment.Job instance at 0x7f48629446e0>,25,12,[5 4],26,118,130,92,117
1,<environment.Job instance at 0x7f4862944a50>,26,13,[1 5],27,118,131,91,117
1,<environment.Job instance at 0x7f48a8ef65f0>,27,16,[3 8],28,131,147,103,122
1,<environment.Job instance at 0x7f4862ef1b40>,0,3,[8 1],1,5,8,4,5
1,<environment.Job instance at 0x7f4863092780>,7,18,[7 4],8,12,30,4,12
1,<environment.Job instance at 0x7f4863092640>,6,12,[9 4],7,30,42,23,13
1,<environment.Job instance at 0x7f4862d11780>,12,14,[7 5],13,42,56,29,27
1,<environment.Job instance at 0x7f48630920f0>,10,17,[3 6],11,56,73,45,51
1,<environment.Job instance at 0x7f4862d11f50>,18,15,[5 5],19,78,93,59,78
1,<environment.Job instance at 0x7f4862d111e0>,19,14,[ 1 10],20,93,107,73,78
1,<environment.Job instance at 0x7f4862d11a00>,20,15,[3 5],21,78,93,57,78
1,<environment.Job instance at 0x7f4862d118c0>,22,18,[3 5],23,107,125,84,100
1,<environment.Job instance at 0x7f486319e5f0>,25,15,[2 9],26,146,161,120,146
1,<environment.Job instance at 0x7f486319ebe0>,27,1,[ 4 10],28,161,162,133,146
1,<environment.Job instance at 0x7f486319e780>,26,17,[1 9],27,162,179,135,150
1,<environment.Job instance at 0x7f4863092960>,5,15,[3 9],6,179,194,173,168
1,<environment.Job instance at 0x7f48a8fff8c0>,1,15,[4 5],2,5,20,3,5
1,<environment.Job instance at 0x7f486288a3c0>,5,14,[1 9],6,20,34,14,6
1,<environment.Job instance at 0x7f486288a230>,6,12,[ 3 10],7,34,46,27,23
1,<environment.Job instance at 0x7f48a6e42a50>,13,13,[3 7],14,46,59,32,32
1,<environment.Job instance at 0x7f48a6e425a0>,14,13,[8 1],15,59,72,44,43
1,<environment.Job instance at 0x7f48a6e42cd0>,16,13,[7 2],17,46,59,29,43
1,<environment.Job instance at 0x7f4862a4ca50>,4,18,[4 5],5,72,90,67,61
1,<environment.Job instance at 0x7f48a6e42640>,19,16,[5 3],20,72,88,52,61
1,<environment.Job instance at 0x7f48a6e42c30>,21,16,[7 3],22,90,106,68,77
