iteration,job object,job ID,job Length,job ressource requirement,job enter time,job start time,job finish time,job waiting time,current time
1,<environment.Job instance at 0x147b6c109960>,6,18,[8 1],7,7,25,0,7
1,<environment.Job instance at 0x147b6c109be0>,8,13,[6 1],9,25,38,16,9
1,<environment.Job instance at 0x147b6a6729b0>,1,13,[2 8],2,2,15,0,2
1,<environment.Job instance at 0x147b6809b500>,1,17,[6 1],3,3,20,0,3
1,<environment.Job instance at 0x147b6807f960>,1,12,[ 1 10],2,2,14,0,2
1,<environment.Job instance at 0x147b6807ff00>,6,16,[10  2],9,14,30,5,9
1,<environment.Job instance at 0x147b6807f190>,1,3,[2 9],2,2,5,0,2
1,<environment.Job instance at 0x147b50dd2410>,1,3,[1 5],2,2,5,0,2
1,<environment.Job instance at 0x147b6814caf0>,2,3,[1 6],3,5,8,2,3
1,<environment.Job instance at 0x147b5127f320>,3,16,[8 2],6,6,22,0,6
1,<environment.Job instance at 0x147b5127f8c0>,4,12,[9 1],8,22,34,14,9
1,<environment.Job instance at 0x147b680ff230>,3,16,[2 5],6,6,22,0,6
1,<environment.Job instance at 0x147b680ffcd0>,0,15,[2 9],2,2,17,0,2
1,<environment.Job instance at 0x147b680dd910>,2,17,[8 1],6,6,23,0,6
1,<environment.Job instance at 0x147b6ca1eaa0>,0,12,[9 1],1,1,13,0,1
1,<environment.Job instance at 0x147b6ca1e0f0>,4,3,[1 9],5,5,8,0,5
1,<environment.Job instance at 0x147b510682d0>,0,13,[7 2],2,2,15,0,2
1,<environment.Job instance at 0x147b50f9e190>,1,14,[7 1],2,2,16,0,2
1,<environment.Job instance at 0x147b51186640>,3,12,[2 8],5,5,17,0,5
1,<environment.Job instance at 0x147b50c1d1e0>,2,1,[1 5],3,3,4,0,3
1,<environment.Job instance at 0x147b6bf748c0>,6,15,[7 1],9,9,24,0,9
1,<environment.Job instance at 0x147b6cd862d0>,1,3,[2 8],2,2,5,0,2
1,<environment.Job instance at 0x147b6cd86b40>,2,12,[9 2],4,5,17,1,4
1,<environment.Job instance at 0x147b6cd861e0>,3,15,[10  2],5,17,32,12,5
1,<environment.Job instance at 0x147b50c3e910>,4,15,[5 1],5,5,20,0,5
1,<environment.Job instance at 0x147b71486dc0>,5,18,[1 8],6,16,34,10,16
1,<environment.Job instance at 0x147b6fec6c30>,0,3,[5 1],3,3,6,0,3
1,<environment.Job instance at 0x147b6fec6050>,1,15,[1 7],5,5,20,0,5
1,<environment.Job instance at 0x147b50a01d20>,2,15,[2 7],3,3,18,0,3
1,<environment.Job instance at 0x147b6cd41a50>,5,17,[ 2 10],6,18,35,12,6
1,<environment.Job instance at 0x147b6cd726e0>,6,19,[ 1 10],8,35,54,27,30
1,<environment.Job instance at 0x147b6cd41910>,1,13,[ 2 10],2,2,15,0,2
1,<environment.Job instance at 0x147b5101f690>,4,15,[1 7],5,15,30,10,5
1,<environment.Job instance at 0x147b5101f730>,6,14,[10  1],9,30,44,21,15
1,<environment.Job instance at 0x147b50fde320>,2,2,[2 5],3,3,5,0,3
1,<environment.Job instance at 0x147b510060a0>,3,3,[6 1],4,4,7,0,4
1,<environment.Job instance at 0x147b50fdeeb0>,5,3,[ 2 10],7,7,10,0,7
1,<environment.Job instance at 0x147b50d6a2d0>,6,18,[8 1],8,10,28,2,8
1,<environment.Job instance at 0x147b50d919b0>,0,17,[1 6],1,1,18,0,1
1,<environment.Job instance at 0x147b50d91a00>,1,17,[7 1],2,2,19,0,2
1,<environment.Job instance at 0x147b50d6ad70>,3,16,[9 1],6,19,35,13,6
1,<environment.Job instance at 0x147b71ada820>,1,12,[1 5],2,2,14,0,2
1,<environment.Job instance at 0x147b6ca5baf0>,1,3,[2 8],5,5,8,0,5
1,<environment.Job instance at 0x147b50fe02d0>,4,18,[7 2],9,9,27,0,9
1,<environment.Job instance at 0x147b50fe0140>,1,18,[10  1],6,6,24,0,6
1,<environment.Job instance at 0x147b509fd8c0>,5,15,[2 8],8,8,23,0,8
1,<environment.Job instance at 0x147b6818d730>,6,16,[1 7],9,23,39,14,14
1,<environment.Job instance at 0x147b6c0411e0>,3,16,[1 7],4,9,25,5,9
1,<environment.Job instance at 0x147b6bfacf50>,2,18,[5 2],3,4,22,1,4
1,<environment.Job instance at 0x147b6bfacfa0>,5,18,[8 1],7,22,40,15,11
1,<environment.Job instance at 0x147b51144eb0>,4,12,[7 1],8,8,20,0,8
1,<environment.Job instance at 0x147b6e02db40>,0,17,[7 1],2,2,19,0,2
1,<environment.Job instance at 0x147b6be7b640>,3,12,[7 2],7,19,31,12,7
1,<environment.Job instance at 0x147b51213f50>,1,14,[8 2],2,2,16,0,2
1,<environment.Job instance at 0x147b51213eb0>,4,14,[8 1],6,16,30,10,7
1,<environment.Job instance at 0x147b50fc0820>,0,13,[5 2],1,2,15,1,2
1,<environment.Job instance at 0x147b51213d20>,4,3,[1 7],9,9,12,0,9
1,<environment.Job instance at 0x147b50cdbb40>,0,12,[7 1],1,1,13,0,1
1,<environment.Job instance at 0x147b71bbc230>,2,3,[5 2],3,3,6,0,3
1,<environment.Job instance at 0x147b50cdb0a0>,3,16,[7 2],4,6,22,2,4
1,<environment.Job instance at 0x147b50cdb0f0>,5,18,[5 2],7,22,40,15,11
1,<environment.Job instance at 0x147b6cadd5a0>,0,12,[2 9],3,3,15,0,3
1,<environment.Job instance at 0x147b7147caa0>,3,15,[8 2],6,15,30,9,6
1,<environment.Job instance at 0x147b6c9e8d70>,4,17,[10  1],8,30,47,22,18
1,<environment.Job instance at 0x147b68077a50>,1,3,[2 7],3,3,6,0,3
1,<environment.Job instance at 0x147b6a69ac30>,2,1,[1 9],3,3,4,0,3
1,<environment.Job instance at 0x147b6bfc16e0>,4,1,[9 2],5,5,6,0,5
1,<environment.Job instance at 0x147b6bfc1e60>,5,18,[ 1 10],6,6,24,0,6
1,<environment.Job instance at 0x147b6bfc1b40>,2,16,[9 1],3,3,19,0,3
1,<environment.Job instance at 0x147b50988410>,4,3,[2 7],6,19,22,13,6
1,<environment.Job instance at 0x147b509884b0>,5,14,[7 2],7,19,33,12,7
1,<environment.Job instance at 0x147b6ca6a500>,2,18,[6 2],6,6,24,0,6
1,<environment.Job instance at 0x147b50cb6e10>,0,14,[1 6],2,2,16,0,2
1,<environment.Job instance at 0x147b6c0dd870>,1,2,[5 2],2,2,4,0,2
1,<environment.Job instance at 0x147b50cb6230>,2,3,[1 7],3,3,6,0,3
1,<environment.Job instance at 0x147b510bfeb0>,5,3,[1 7],8,8,11,0,8
1,<environment.Job instance at 0x147b510bf9b0>,6,14,[1 6],9,11,25,2,9
1,<environment.Job instance at 0x147b510cc690>,1,26,[9 1],4,4,30,0,4
1,<environment.Job instance at 0x147b71b1ddc0>,2,27,[1 7],5,5,32,0,5
1,<environment.Job instance at 0x147b50cacbe0>,3,15,[2 8],8,32,47,24,18
1,<environment.Job instance at 0x147b71187820>,0,13,[ 2 10],2,2,15,0,2
1,<environment.Job instance at 0x147b7111d3c0>,4,3,[2 9],7,15,18,8,7
1,<environment.Job instance at 0x147b7111d370>,1,3,[2 8],2,2,5,0,2
1,<environment.Job instance at 0x147b6fed8780>,3,16,[2 6],6,6,22,0,6
1,<environment.Job instance at 0x147b71b79d20>,1,2,[1 7],2,2,4,0,2
1,<environment.Job instance at 0x147b50fb1690>,2,15,[1 5],3,4,19,1,3
1,<environment.Job instance at 0x147b50d14460>,6,15,[10  1],9,19,34,10,9
1,<environment.Job instance at 0x147b507eb460>,2,18,[8 2],3,3,21,0,3
1,<environment.Job instance at 0x147b6c9f3550>,6,17,[2 9],7,21,38,14,10
1,<environment.Job instance at 0x147b6c9e81e0>,1,3,[2 8],2,2,5,0,2
1,<environment.Job instance at 0x147b50f06fa0>,2,27,[ 2 10],3,4,31,1,4
1,<environment.Job instance at 0x147b50d71c30>,0,3,[2 5],1,1,4,0,1
1,<environment.Job instance at 0x147b50d715a0>,1,12,[6 1],2,2,14,0,2
1,<environment.Job instance at 0x147b50aa0690>,0,15,[1 8],2,2,17,0,2
1,<environment.Job instance at 0x147b50ee4e60>,1,3,[2 7],2,2,5,0,2
1,<environment.Job instance at 0x147b681a3dc0>,5,15,[7 1],7,7,22,0,7
1,<environment.Job instance at 0x147b50bb40a0>,1,3,[1 7],3,3,6,0,3
1,<environment.Job instance at 0x147b50bb4280>,2,17,[2 7],4,6,23,2,4
1,<environment.Job instance at 0x147b50bb4230>,3,14,[1 6],5,23,37,18,16
1,<environment.Job instance at 0x147b50bb45f0>,6,1,[10  1],8,66,67,58,66
1,<environment.Job instance at 0x147b71133f00>,3,16,[10  2],4,4,20,0,4
1,<environment.Job instance at 0x147b50eb2aa0>,6,15,[2 6],9,20,35,11,9
1,<environment.Job instance at 0x147b6a3d35a0>,0,13,[5 1],1,2,15,1,2
1,<environment.Job instance at 0x147b6b14d140>,2,14,[6 1],3,15,29,12,3
1,<environment.Job instance at 0x147b7120fd70>,4,14,[2 8],5,5,19,0,5
1,<environment.Job instance at 0x147b71208050>,7,13,[10  1],8,29,42,21,13
1,<environment.Job instance at 0x147b6ca1b870>,2,3,[2 8],7,7,10,0,7
1,<environment.Job instance at 0x147b509c6af0>,4,16,[10  1],9,10,26,1,9
1,<environment.Job instance at 0x147b509c6af0>,3,3,[6 1],9,9,12,0,9
1,<environment.Job instance at 0x147b509c6870>,1,18,[2 6],4,5,23,1,5
1,<environment.Job instance at 0x147b507f67d0>,4,14,[2 5],8,23,37,15,8
1,<environment.Job instance at 0x147b711e6c80>,0,12,[1 5],1,1,13,0,1
1,<environment.Job instance at 0x147b711e61e0>,1,13,[7 2],2,3,16,1,3
1,<environment.Job instance at 0x147b711e66e0>,4,18,[1 5],7,13,31,6,7
1,<environment.Job instance at 0x147b50eabfa0>,0,16,[1 5],1,1,17,0,1
1,<environment.Job instance at 0x147b50eab3c0>,5,26,[2 8],8,45,71,37,45
1,<environment.Job instance at 0x147b73135910>,0,16,[ 2 10],2,2,18,0,2
1,<environment.Job instance at 0x147b6ca40780>,0,16,[2 7],1,1,17,0,1
1,<environment.Job instance at 0x147b71ab9960>,2,14,[2 8],3,3,17,0,3
1,<environment.Job instance at 0x147b50bcf5a0>,6,17,[2 8],7,17,34,10,7
1,<environment.Job instance at 0x147b50b3f4b0>,1,2,[5 1],3,3,5,0,3
1,<environment.Job instance at 0x147b50b3f9b0>,2,17,[1 9],4,4,21,0,4
1,<environment.Job instance at 0x147b680ea320>,0,15,[2 8],2,2,17,0,2
1,<environment.Job instance at 0x147b680ea960>,2,13,[10  1],5,17,30,12,5
1,<environment.Job instance at 0x147b511b2640>,0,3,[1 9],1,1,4,0,1
1,<environment.Job instance at 0x147b511b28c0>,3,12,[7 1],6,6,18,0,6
1,<environment.Job instance at 0x147b507c63c0>,1,16,[ 1 10],2,2,18,0,2
1,<environment.Job instance at 0x147b680d83c0>,6,18,[5 1],8,18,36,10,9
1,<environment.Job instance at 0x147b680d84b0>,1,17,[9 2],3,3,20,0,3
1,<environment.Job instance at 0x147b6a6c04b0>,7,13,[2 5],9,20,33,11,9
1,<environment.Job instance at 0x147b509c6960>,4,3,[7 2],9,9,12,0,9
1,<environment.Job instance at 0x147b509c62d0>,0,14,[1 5],1,1,15,0,1
1,<environment.Job instance at 0x147b680463c0>,1,12,[2 6],3,15,27,12,3
1,<environment.Job instance at 0x147b68067140>,3,17,[2 8],6,27,44,21,15
1,<environment.Job instance at 0x147b507c98c0>,0,16,[1 6],1,1,17,0,1
1,<environment.Job instance at 0x147b6b163a00>,3,14,[9 2],6,6,20,0,6
1,<environment.Job instance at 0x147b73afc960>,6,16,[1 9],9,20,36,11,14
1,<environment.Job instance at 0x147b6ca87460>,0,12,[2 9],2,2,14,0,2
1,<environment.Job instance at 0x147b50f7b4b0>,2,13,[1 9],4,14,27,10,4
1,<environment.Job instance at 0x147b73afc960>,4,12,[1 7],7,27,39,20,10
1,<environment.Job instance at 0x147b50ff7050>,0,17,[2 9],1,2,19,1,2
1,<environment.Job instance at 0x147b509a1a50>,3,17,[5 2],4,19,36,15,7
1,<environment.Job instance at 0x147b7120fe10>,4,16,[ 2 10],5,5,21,0,5
1,<environment.Job instance at 0x147b6feb3730>,6,14,[8 2],7,21,35,14,7
1,<environment.Job instance at 0x147b6feb36e0>,1,13,[2 8],3,3,16,0,3
1,<environment.Job instance at 0x147b6bfd5690>,0,25,[9 1],1,1,26,0,1
1,<environment.Job instance at 0x147b6bfd5aa0>,4,15,[5 2],6,26,41,20,12
1,<environment.Job instance at 0x147b6bfe3640>,2,16,[1 8],3,3,19,0,3
1,<environment.Job instance at 0x147b6bfd5b40>,3,14,[2 6],5,19,33,14,5
1,<environment.Job instance at 0x147b6bfba1e0>,5,17,[2 5],7,33,50,26,22
1,<environment.Job instance at 0x147b6bfba1e0>,3,17,[9 1],6,6,23,0,6
1,<environment.Job instance at 0x147b71aba550>,0,3,[2 6],1,1,4,0,1
1,<environment.Job instance at 0x147b71abaaf0>,2,13,[6 1],4,4,17,0,4
1,<environment.Job instance at 0x147b7119b2d0>,7,13,[2 6],9,9,22,0,9
1,<environment.Job instance at 0x147b50b5feb0>,1,17,[7 1],4,4,21,0,4
1,<environment.Job instance at 0x147b7119b2d0>,2,17,[2 7],5,6,23,1,6
1,<environment.Job instance at 0x147b6c0bbe10>,4,16,[6 1],7,21,37,14,11
1,<environment.Job instance at 0x147b50a98b40>,2,13,[2 9],3,3,16,0,3
1,<environment.Job instance at 0x147b6cd3d1e0>,6,13,[10  1],9,16,29,7,9
1,<environment.Job instance at 0x147b6cd3d870>,0,14,[2 9],1,1,15,0,1
1,<environment.Job instance at 0x147b6815b6e0>,3,3,[6 1],4,4,7,0,4
1,<environment.Job instance at 0x147b730e4690>,0,3,[2 8],1,1,4,0,1
1,<environment.Job instance at 0x147b730e4500>,2,13,[7 2],4,4,17,0,4
1,<environment.Job instance at 0x147b71116190>,3,22,[8 1],5,17,39,12,10
1,<environment.Job instance at 0x147b71116f00>,2,2,[2 7],3,3,5,0,3
1,<environment.Job instance at 0x147b5112b5a0>,3,18,[6 1],5,5,23,0,5
1,<environment.Job instance at 0x147b6cdce910>,4,15,[2 9],6,6,21,0,6
1,<environment.Job instance at 0x147b6cdce960>,6,22,[2 6],9,21,43,12,15
1,<environment.Job instance at 0x147b6cdc2320>,0,16,[6 2],1,1,17,0,1
1,<environment.Job instance at 0x147b6cdc2280>,3,19,[1 5],6,7,26,1,7
1,<environment.Job instance at 0x147b68049a50>,0,15,[10  2],4,4,19,0,4
1,<environment.Job instance at 0x147b734d82d0>,3,14,[5 2],9,19,33,10,17
1,<environment.Job instance at 0x147b507c2550>,2,3,[2 5],4,4,7,0,4
1,<environment.Job instance at 0x147b71b8fd20>,3,25,[6 1],5,5,30,0,5
1,<environment.Job instance at 0x147b5099ba00>,5,22,[2 5],9,9,31,0,9
1,<environment.Job instance at 0x147b50f85d20>,3,14,[9 1],4,4,18,0,4
1,<environment.Job instance at 0x147b50f85460>,2,17,[1 8],8,15,32,7,15
1,<environment.Job instance at 0x147b711480f0>,0,17,[1 6],1,2,19,1,2
1,<environment.Job instance at 0x147b50b1bfa0>,2,13,[2 9],6,19,32,13,6
1,<environment.Job instance at 0x147b5098e820>,2,15,[10  1],3,3,18,0,3
1,<environment.Job instance at 0x147b73b740a0>,1,12,[6 2],3,3,15,0,3
1,<environment.Job instance at 0x147b50ac8870>,2,3,[1 7],4,4,7,0,4
1,<environment.Job instance at 0x147b51290820>,5,14,[7 1],8,15,29,7,8
1,<environment.Job instance at 0x147b51290960>,6,14,[ 2 10],9,29,43,20,14
1,<environment.Job instance at 0x147b6bf35690>,1,16,[1 8],2,2,18,0,2
1,<environment.Job instance at 0x147b50956fa0>,4,16,[7 1],5,5,21,0,5
1,<environment.Job instance at 0x147b50e68d20>,0,26,[1 6],1,2,28,1,2
1,<environment.Job instance at 0x147b6cd03cd0>,4,14,[ 1 10],7,28,42,21,13
1,<environment.Job instance at 0x147b6cd26e60>,5,3,[1 6],7,7,10,0,7
1,<environment.Job instance at 0x147b7313d690>,2,13,[2 5],8,8,21,0,8
1,<environment.Job instance at 0x147b50b980a0>,2,16,[9 1],4,4,20,0,4
1,<environment.Job instance at 0x147b50b99870>,3,12,[7 2],6,20,32,14,11
1,<environment.Job instance at 0x147b50c6e2d0>,0,15,[ 2 10],2,2,17,0,2
1,<environment.Job instance at 0x147b7146e640>,1,21,[5 1],2,2,23,0,2
1,<environment.Job instance at 0x147b6c98c1e0>,1,13,[7 1],2,2,15,0,2
1,<environment.Job instance at 0x147b50c15050>,4,22,[ 2 10],7,15,37,8,8
1,<environment.Job instance at 0x147b512b9410>,3,15,[1 9],6,6,21,0,6
1,<environment.Job instance at 0x147b50d133c0>,0,15,[6 1],2,2,17,0,2
1,<environment.Job instance at 0x147b7202d5a0>,2,17,[10  1],6,17,34,11,6
1,<environment.Job instance at 0x147b6c9f6910>,0,12,[2 8],1,1,13,0,1
1,<environment.Job instance at 0x147b6c9f69b0>,1,27,[5 2],2,3,30,1,3
1,<environment.Job instance at 0x147b6ca5bd20>,5,12,[2 8],8,13,25,5,8
1,<environment.Job instance at 0x147b50ed64b0>,0,3,[ 1 10],1,1,4,0,1
1,<environment.Job instance at 0x147b6ca5bd20>,2,18,[9 1],3,4,22,1,3
1,<environment.Job instance at 0x147b50b23500>,2,3,[2 8],5,5,8,0,5
1,<environment.Job instance at 0x147b50b23140>,4,28,[1 6],7,48,76,41,48
1,<environment.Job instance at 0x147b71152c30>,0,21,[9 1],1,1,22,0,1
1,<environment.Job instance at 0x147b50805fa0>,6,1,[1 9],9,9,10,0,9
1,<environment.Job instance at 0x147b50b23140>,2,15,[10  2],3,22,37,19,9
1,<environment.Job instance at 0x147b509720a0>,4,12,[9 1],7,7,19,0,7
1,<environment.Job instance at 0x147b50972870>,1,15,[6 1],3,3,18,0,3
1,<environment.Job instance at 0x147b73b649b0>,2,14,[ 1 10],4,4,18,0,4
1,<environment.Job instance at 0x147b509c6f00>,5,3,[2 5],8,18,21,10,8
1,<environment.Job instance at 0x147b6c03cb40>,1,1,[1 6],2,2,3,0,2
1,<environment.Job instance at 0x147b50dc6c80>,2,1,[10  1],3,3,4,0,3
1,<environment.Job instance at 0x147b6bf0ed70>,3,17,[5 1],4,5,22,1,5
1,<environment.Job instance at 0x147b6bf9b780>,0,27,[6 1],1,1,28,0,1
1,<environment.Job instance at 0x147b510fd050>,3,16,[5 2],4,28,44,24,15
1,<environment.Job instance at 0x147b510fd910>,6,3,[7 2],8,1261,1264,1253,1261
1,<environment.Job instance at 0x147b513acdc0>,1,16,[5 2],3,5,21,2,5
1,<environment.Job instance at 0x147b711d8960>,1,15,[6 2],2,2,17,0,2
1,<environment.Job instance at 0x147b6c0be280>,3,17,[5 2],4,4,21,0,4
1,<environment.Job instance at 0x147b6c9e6960>,6,12,[2 9],9,9,21,0,9
1,<environment.Job instance at 0x147b50c58780>,1,2,[1 8],3,3,5,0,3
1,<environment.Job instance at 0x147b6bf74820>,2,17,[7 1],4,4,21,0,4
1,<environment.Job instance at 0x147b6bf74af0>,3,16,[8 2],5,21,37,16,8
1,<environment.Job instance at 0x147b71aa55f0>,0,16,[7 1],1,1,17,0,1
1,<environment.Job instance at 0x147b50c2a410>,0,15,[6 1],5,5,20,0,5
1,<environment.Job instance at 0x147b680d8960>,2,17,[8 1],7,20,37,13,8
1,<environment.Job instance at 0x147b6bf52f00>,0,16,[2 5],1,1,17,0,1
1,<environment.Job instance at 0x147b6a68d410>,2,12,[ 1 10],3,17,29,14,3
1,<environment.Job instance at 0x147b50da1d20>,6,15,[8 1],9,29,44,20,15
1,<environment.Job instance at 0x147b50d6b190>,1,14,[2 9],7,7,21,0,7
1,<environment.Job instance at 0x147b71ba33c0>,3,3,[2 6],5,5,8,0,5
1,<environment.Job instance at 0x147b5111b5f0>,6,26,[2 5],9,9,35,0,9
1,<environment.Job instance at 0x147b6bf94730>,1,17,[1 5],2,2,19,0,2
1,<environment.Job instance at 0x147b5112b6e0>,3,18,[1 7],6,8,26,2,8
1,<environment.Job instance at 0x147b6a3eefa0>,1,28,[2 5],3,3,31,0,3
1,<environment.Job instance at 0x147b6a3bb5a0>,2,15,[ 2 10],4,31,46,27,17
1,<environment.Job instance at 0x147b5129a820>,1,24,[2 9],2,2,26,0,2
1,<environment.Job instance at 0x147b6fec0c80>,3,18,[5 2],7,26,44,19,15
1,<environment.Job instance at 0x147b5089d5f0>,1,3,[2 7],2,2,5,0,2
1,<environment.Job instance at 0x147b5096a7d0>,5,3,[1 5],9,9,12,0,9
1,<environment.Job instance at 0x147b5096a5f0>,2,25,[9 1],3,3,28,0,3
1,<environment.Job instance at 0x147b6cd079b0>,2,1,[2 5],4,4,5,0,4
1,<environment.Job instance at 0x147b5073cd70>,2,15,[6 1],3,3,18,0,3
1,<environment.Job instance at 0x147b5073c370>,6,17,[10  1],8,18,35,10,8
1,<environment.Job instance at 0x147b5073cb90>,3,3,[2 9],5,5,8,0,5
1,<environment.Job instance at 0x147b71af4c80>,6,16,[2 6],8,8,24,0,8
1,<environment.Job instance at 0x147b50b9ad20>,0,14,[5 2],4,6,20,2,6
1,<environment.Job instance at 0x147b51081370>,0,21,[10  2],2,2,23,0,2
1,<environment.Job instance at 0x147b510811e0>,1,22,[2 9],3,23,45,20,20
1,<environment.Job instance at 0x147b51389780>,0,13,[1 5],1,1,14,0,1
1,<environment.Job instance at 0x147b50912dc0>,5,13,[2 9],7,14,27,7,7
1,<environment.Job instance at 0x147b50912fa0>,6,12,[5 2],9,27,39,18,14
1,<environment.Job instance at 0x147b507a6a50>,0,20,[9 1],1,1,21,0,1
1,<environment.Job instance at 0x147b507a6eb0>,5,3,[8 1],7,967,970,960,967
1,<environment.Job instance at 0x147b6bf9cc80>,1,18,[8 1],8,8,26,0,8
1,<environment.Job instance at 0x147b6cdce640>,3,12,[2 9],7,7,19,0,7
1,<environment.Job instance at 0x147b6bda8690>,0,17,[6 2],2,2,19,0,2
1,<environment.Job instance at 0x147b6a3deaa0>,6,20,[7 2],9,19,39,10,10
1,<environment.Job instance at 0x147b6a3b95a0>,2,13,[2 8],3,3,16,0,3
1,<environment.Job instance at 0x147b50bc9e10>,5,18,[10  2],9,9,27,0,9
1,<environment.Job instance at 0x147b6c056b40>,2,16,[ 2 10],3,3,19,0,3
1,<environment.Job instance at 0x147b5094c550>,6,17,[9 2],9,19,36,10,9
1,<environment.Job instance at 0x147b6c041c30>,3,15,[7 1],7,7,22,0,7
1,<environment.Job instance at 0x147b509428c0>,5,12,[7 2],9,22,34,13,9
1,<environment.Job instance at 0x147b680ff460>,2,16,[1 7],3,3,19,0,3
1,<environment.Job instance at 0x147b509428c0>,3,17,[5 2],5,7,24,2,7
1,<environment.Job instance at 0x147b680ffa00>,6,17,[8 1],9,24,41,15,12
1,<environment.Job instance at 0x147b71b0f3c0>,0,13,[1 9],1,1,14,0,1
1,<environment.Job instance at 0x147b680ffa00>,2,15,[9 1],4,4,19,0,4
1,<environment.Job instance at 0x147b6fecec80>,0,19,[5 2],1,2,21,1,2
1,<environment.Job instance at 0x147b50a97410>,6,15,[8 2],7,21,36,14,7
1,<environment.Job instance at 0x147b50a979b0>,1,3,[6 1],2,2,5,0,2
1,<environment.Job instance at 0x147b6fece870>,2,16,[1 5],3,3,19,0,3
1,<environment.Job instance at 0x147b68036690>,1,15,[9 1],2,2,17,0,2
1,<environment.Job instance at 0x147b5112ef50>,3,13,[8 1],4,17,30,13,4
1,<environment.Job instance at 0x147b5112e6e0>,1,3,[ 2 10],2,2,5,0,2
1,<environment.Job instance at 0x147b71b18280>,4,3,[1 8],7,7,10,0,7
1,<environment.Job instance at 0x147b5112e1e0>,0,17,[1 8],2,3,20,1,3
1,<environment.Job instance at 0x147b71b182d0>,3,12,[1 7],6,20,32,14,6
1,<environment.Job instance at 0x147b6bf88b40>,4,3,[8 1],7,7,10,0,7
1,<environment.Job instance at 0x147b6bf88aa0>,5,3,[10  1],8,32,35,24,8
1,<environment.Job instance at 0x147b6bf89410>,2,16,[7 2],4,4,20,0,4
1,<environment.Job instance at 0x147b71aeda50>,0,16,[5 1],1,3,19,2,3
1,<environment.Job instance at 0x147b71aedaa0>,2,13,[1 5],4,4,17,0,4
1,<environment.Job instance at 0x147b71afa6e0>,3,15,[5 1],6,17,32,11,7
1,<environment.Job instance at 0x147b711ab050>,6,18,[8 2],9,32,50,23,21
1,<environment.Job instance at 0x147b71b58e10>,0,3,[2 6],1,1,4,0,1
1,<environment.Job instance at 0x147b711abaa0>,1,3,[2 6],2,4,7,2,2
1,<environment.Job instance at 0x147b711ab050>,5,3,[2 7],7,7,10,0,7
1,<environment.Job instance at 0x147b71b582d0>,6,18,[1 6],8,13,31,5,13
1,<environment.Job instance at 0x147b711f3280>,3,3,[6 2],6,6,9,0,6
1,<environment.Job instance at 0x147b6fedfe10>,0,18,[1 9],1,3,21,2,3
1,<environment.Job instance at 0x147b510ed960>,7,13,[6 1],9,9,22,0,9
1,<environment.Job instance at 0x147b6fecb5f0>,1,14,[6 1],3,3,17,0,3
1,<environment.Job instance at 0x147b6cd08af0>,0,14,[1 6],1,1,15,0,1
1,<environment.Job instance at 0x147b6a5fe320>,1,12,[1 7],4,15,27,11,4
1,<environment.Job instance at 0x147b71b6c640>,0,3,[1 7],3,3,6,0,3
1,<environment.Job instance at 0x147b508d9370>,4,16,[10  2],7,7,23,0,7
1,<environment.Job instance at 0x147b508d93c0>,1,1,[9 2],3,3,4,0,3
1,<environment.Job instance at 0x147b508d9500>,3,16,[5 2],6,6,22,0,6
1,<environment.Job instance at 0x147b71c0db90>,0,3,[ 2 10],2,2,5,0,2
1,<environment.Job instance at 0x147b71c0d5a0>,3,3,[2 8],7,7,10,0,7
1,<environment.Job instance at 0x147b730e4af0>,3,1,[9 2],5,5,6,0,5
1,<environment.Job instance at 0x147b50e15780>,4,1,[7 2],6,6,7,0,6
1,<environment.Job instance at 0x147b50e15640>,3,16,[ 2 10],5,5,21,0,5
1,<environment.Job instance at 0x147b50fb0f50>,6,1,[10  1],9,21,22,12,9
1,<environment.Job instance at 0x147b50b82be0>,1,17,[2 9],3,3,20,0,3
1,<environment.Job instance at 0x147b730ce690>,5,3,[1 7],7,20,23,13,7
1,<environment.Job instance at 0x147b50cb5910>,1,12,[5 1],2,8,20,6,8
1,<environment.Job instance at 0x147b6a61b960>,1,17,[6 1],2,2,19,0,2
1,<environment.Job instance at 0x147b5076e6e0>,5,17,[2 7],8,11,28,3,11
1,<environment.Job instance at 0x147b511b6be0>,0,16,[1 7],1,1,17,0,1
1,<environment.Job instance at 0x147b50799050>,2,17,[6 1],5,7,24,2,7
1,<environment.Job instance at 0x147b511b6af0>,5,12,[5 2],9,24,36,15,9
1,<environment.Job instance at 0x147b50e4b550>,2,3,[2 8],3,3,6,0,3
1,<environment.Job instance at 0x147b511b6af0>,3,3,[2 9],4,6,9,2,4
1,<environment.Job instance at 0x147b511b6fa0>,4,15,[8 1],6,6,21,0,6
1,<environment.Job instance at 0x147b6c0cf460>,1,15,[7 2],2,2,17,0,2
1,<environment.Job instance at 0x147b5100cd20>,5,22,[ 1 10],8,44,66,36,44
1,<environment.Job instance at 0x147b51129a00>,4,17,[7 2],6,6,23,0,6
1,<environment.Job instance at 0x147b6fec4e60>,5,13,[2 5],7,7,20,0,7
1,<environment.Job instance at 0x147b50a989b0>,2,1,[8 2],6,6,7,0,6
1,<environment.Job instance at 0x147b50a98050>,3,3,[1 5],7,7,10,0,7
1,<environment.Job instance at 0x147b6e05dc80>,2,3,[1 7],3,3,6,0,3
1,<environment.Job instance at 0x147b72c8c6e0>,4,17,[1 5],6,6,23,0,6
1,<environment.Job instance at 0x147b51255be0>,3,3,[2 5],4,4,7,0,4
1,<environment.Job instance at 0x147b51255d70>,4,18,[10  1],5,7,25,2,5
1,<environment.Job instance at 0x147b7317e690>,3,3,[1 5],6,1327,1330,1321,1327
1,<environment.Job instance at 0x147b50d553c0>,0,3,[1 5],1,1,4,0,1
1,<environment.Job instance at 0x147b51255e60>,2,16,[8 1],4,4,20,0,4
1,<environment.Job instance at 0x147b50d55b90>,3,14,[2 8],5,5,19,0,5
1,<environment.Job instance at 0x147b50793dc0>,4,15,[8 2],6,20,35,14,8
1,<environment.Job instance at 0x147b5077c5f0>,0,14,[ 2 10],1,1,15,0,1
1,<environment.Job instance at 0x147b6c9f8fa0>,2,18,[5 2],3,15,33,12,6
1,<environment.Job instance at 0x147b50aef460>,5,3,[2 6],8,15,18,7,8
1,<environment.Job instance at 0x147b50aefaf0>,6,14,[10  1],9,33,47,24,18
1,<environment.Job instance at 0x147b711b3cd0>,4,12,[7 2],7,7,19,0,7
1,<environment.Job instance at 0x147b51085cd0>,0,17,[6 2],1,1,18,0,1
1,<environment.Job instance at 0x147b711b5960>,1,13,[ 2 10],2,18,31,16,2
1,<environment.Job instance at 0x147b711b5320>,5,18,[10  1],6,31,49,25,20
1,<environment.Job instance at 0x147b681efd20>,8,1,[5 1],9,72,73,63,72
1,<environment.Job instance at 0x147b512133c0>,3,22,[5 1],6,7,29,1,7
1,<environment.Job instance at 0x147b51213f50>,4,14,[9 2],9,29,43,20,14
1,<environment.Job instance at 0x147b71152cd0>,0,16,[8 2],1,1,17,0,1
1,<environment.Job instance at 0x147b711522d0>,3,13,[8 1],5,17,30,12,6
1,<environment.Job instance at 0x147b508a8af0>,6,17,[ 2 10],8,8,25,0,8
1,<environment.Job instance at 0x147b50893370>,0,3,[2 7],1,1,4,0,1
1,<environment.Job instance at 0x147b68064460>,6,1,[6 1],7,9,10,2,9
1,<environment.Job instance at 0x147b680645a0>,8,1,[5 1],9,1457,1458,1448,1457
1,<environment.Job instance at 0x147b6bf34230>,0,17,[6 2],4,4,21,0,4
1,<environment.Job instance at 0x147b51216eb0>,2,15,[10  2],6,21,36,15,7
1,<environment.Job instance at 0x147b7110ceb0>,0,28,[ 2 10],1,4,32,3,4
1,<environment.Job instance at 0x147b7110cb90>,2,14,[2 5],6,32,46,26,26
1,<environment.Job instance at 0x147b511e4e10>,1,17,[2 9],3,3,20,0,3
1,<environment.Job instance at 0x147b6cd08b90>,0,3,[2 8],1,1,4,0,1
1,<environment.Job instance at 0x147b50f5a7d0>,1,12,[7 2],2,2,14,0,2
1,<environment.Job instance at 0x147b6cd08960>,3,17,[ 1 10],6,14,31,8,8
1,<environment.Job instance at 0x147b68062d20>,0,3,[2 5],1,1,4,0,1
1,<environment.Job instance at 0x147b6cd08d70>,1,16,[7 2],2,2,18,0,2
1,<environment.Job instance at 0x147b6cd08e60>,2,12,[9 1],3,18,30,15,3
1,<environment.Job instance at 0x147b5087e140>,2,1,[2 8],6,6,7,0,6
1,<environment.Job instance at 0x147b6a6bdf00>,4,13,[1 8],8,8,21,0,8
1,<environment.Job instance at 0x147b6c0098c0>,0,26,[5 2],2,2,28,0,2
1,<environment.Job instance at 0x147b6a6bdf00>,3,14,[10  2],6,28,42,22,13
1,<environment.Job instance at 0x147b50749280>,0,18,[1 6],1,3,21,2,3
1,<environment.Job instance at 0x147b68189af0>,0,14,[10  1],1,1,15,0,1
1,<environment.Job instance at 0x147b68189460>,1,18,[1 7],2,15,33,13,4
1,<environment.Job instance at 0x147b68189780>,5,12,[5 1],8,15,27,7,8
1,<environment.Job instance at 0x147b50f7ffa0>,4,3,[2 5],8,8,11,0,8
1,<environment.Job instance at 0x147b5073b9b0>,0,18,[2 9],1,3,21,2,3
1,<environment.Job instance at 0x147b730ceb90>,4,3,[2 9],7,21,24,14,7
1,<environment.Job instance at 0x147b7144ccd0>,0,15,[2 7],1,1,16,0,1
1,<environment.Job instance at 0x147b6a3dc8c0>,6,13,[6 1],8,244,257,236,244
1,<environment.Job instance at 0x147b6a3dc690>,1,2,[1 8],3,3,5,0,3
1,<environment.Job instance at 0x147b50a483c0>,2,17,[9 1],4,4,21,0,4
1,<environment.Job instance at 0x147b50a48460>,4,14,[2 8],8,21,35,13,8
1,<environment.Job instance at 0x147b50a48550>,0,17,[7 2],1,1,18,0,1
1,<environment.Job instance at 0x147b50a48d70>,1,13,[8 1],4,18,31,14,5
1,<environment.Job instance at 0x147b50a48780>,3,18,[8 1],7,31,49,24,20
1,<environment.Job instance at 0x147b50ea9910>,3,17,[ 1 10],5,5,22,0,5
1,<environment.Job instance at 0x147b6c112050>,4,13,[ 1 10],7,22,35,15,7
1,<environment.Job instance at 0x147b68091820>,0,13,[7 2],1,1,14,0,1
1,<environment.Job instance at 0x147b7145de10>,1,18,[10  2],2,2,20,0,2
1,<environment.Job instance at 0x147b6ca8bc30>,5,12,[5 2],7,20,32,13,7
1,<environment.Job instance at 0x147b511c88c0>,2,17,[7 1],5,5,22,0,5
1,<environment.Job instance at 0x147b6bef3dc0>,4,15,[7 1],7,22,37,15,9
1,<environment.Job instance at 0x147b6bf051e0>,0,13,[5 2],3,4,17,1,4
1,<environment.Job instance at 0x147b71bb4280>,3,14,[7 1],9,17,31,8,10
1,<environment.Job instance at 0x147b71bb4050>,0,17,[6 2],5,5,22,0,5
1,<environment.Job instance at 0x147b71bb4280>,3,14,[10  2],9,22,36,13,9
1,<environment.Job instance at 0x147b50784cd0>,0,17,[1 9],1,2,19,1,2
1,<environment.Job instance at 0x147b50eb6690>,1,17,[6 1],3,3,20,0,3
1,<environment.Job instance at 0x147b6ca8f4b0>,4,18,[2 8],8,8,26,0,8
1,<environment.Job instance at 0x147b51396f50>,0,13,[7 2],1,1,14,0,1
1,<environment.Job instance at 0x147b6bedf730>,3,3,[ 2 10],8,14,17,6,8
1,<environment.Job instance at 0x147b6bef3af0>,3,16,[5 2],5,5,21,0,5
1,<environment.Job instance at 0x147b6c9dcd70>,1,18,[8 2],2,2,20,0,2
1,<environment.Job instance at 0x147b50dc4dc0>,0,3,[2 5],4,4,7,0,4
1,<environment.Job instance at 0x147b510a3d20>,3,18,[7 2],9,9,27,0,9
1,<environment.Job instance at 0x147b50c19a00>,2,3,[2 6],3,3,6,0,3
1,<environment.Job instance at 0x147b510a06e0>,2,14,[8 2],5,5,19,0,5
1,<environment.Job instance at 0x147b50fc6370>,1,3,[1 8],3,3,6,0,3
1,<environment.Job instance at 0x147b50e52460>,0,17,[10  2],1,1,18,0,1
1,<environment.Job instance at 0x147b6e043230>,3,3,[1 7],4,4,7,0,4
1,<environment.Job instance at 0x147b6e043820>,6,3,[1 9],7,7,10,0,7
1,<environment.Job instance at 0x147b50b3fd70>,2,3,[1 7],4,4,7,0,4
1,<environment.Job instance at 0x147b681ebeb0>,4,16,[10  1],6,7,23,1,6
1,<environment.Job instance at 0x147b68159f50>,5,13,[1 6],7,7,20,0,7
1,<environment.Job instance at 0x147b6817b0f0>,6,19,[5 1],8,8,27,0,8
1,<environment.Job instance at 0x147b6817b820>,0,3,[1 8],2,2,5,0,2
1,<environment.Job instance at 0x147b6817b230>,1,16,[ 1 10],3,5,21,2,3
1,<environment.Job instance at 0x147b6817b780>,2,20,[10  2],4,21,41,17,12
1,<environment.Job instance at 0x147b6ca5bb90>,2,3,[2 7],5,5,8,0,5
1,<environment.Job instance at 0x147b507a60a0>,3,15,[7 2],6,6,21,0,6
1,<environment.Job instance at 0x147b507a6320>,4,13,[ 2 10],8,21,34,13,8
1,<environment.Job instance at 0x147b50f290f0>,1,21,[6 2],2,2,23,0,2
1,<environment.Job instance at 0x147b507a6320>,2,16,[6 1],4,23,39,19,12
1,<environment.Job instance at 0x147b6be1be60>,1,14,[2 7],3,3,17,0,3
1,<environment.Job instance at 0x147b6be1b1e0>,4,18,[6 1],6,6,24,0,6
1,<environment.Job instance at 0x147b6be1bf00>,7,18,[2 8],9,17,35,8,13
1,<environment.Job instance at 0x147b6816eb90>,0,27,[7 1],1,1,28,0,1
1,<environment.Job instance at 0x147b6be1ba00>,1,18,[8 1],2,28,46,26,17
1,<environment.Job instance at 0x147b6a3de1e0>,3,3,[2 7],6,6,9,0,6
1,<environment.Job instance at 0x147b51244640>,4,14,[1 9],8,9,23,1,8
1,<environment.Job instance at 0x147b6a3dec80>,1,1,[2 7],3,3,4,0,3
1,<environment.Job instance at 0x147b6a3de280>,2,12,[5 2],4,5,17,1,5
1,<environment.Job instance at 0x147b51255fa0>,5,3,[1 8],8,8,11,0,8
1,<environment.Job instance at 0x147b71b69a00>,2,3,[1 6],6,6,9,0,6
1,<environment.Job instance at 0x147b6c009550>,3,13,[1 5],7,9,22,2,7
1,<environment.Job instance at 0x147b6ca7a500>,1,18,[1 8],3,5,23,2,5
1,<environment.Job instance at 0x147b6cd03500>,4,12,[8 1],7,7,19,0,7
1,<environment.Job instance at 0x147b6cd03dc0>,0,16,[ 2 10],3,3,19,0,3
1,<environment.Job instance at 0x147b6cd038c0>,1,13,[8 1],4,19,32,15,4
1,<environment.Job instance at 0x147b6cd03780>,3,17,[2 7],8,19,36,11,8
1,<environment.Job instance at 0x147b50a017d0>,2,13,[1 9],4,4,17,0,4
1,<environment.Job instance at 0x147b50a5f550>,3,15,[10  1],6,6,21,0,6
1,<environment.Job instance at 0x147b50a5fcd0>,4,17,[6 1],8,21,38,13,9
1,<environment.Job instance at 0x147b71237d70>,0,13,[6 2],1,2,15,1,2
1,<environment.Job instance at 0x147b71237dc0>,3,3,[2 5],5,5,8,0,5
1,<environment.Job instance at 0x147b511e20a0>,4,12,[5 2],6,15,27,9,8
1,<environment.Job instance at 0x147b6a672320>,0,16,[7 1],1,1,17,0,1
1,<environment.Job instance at 0x147b6a6722d0>,4,15,[2 9],7,7,22,0,7
1,<environment.Job instance at 0x147b6a6725f0>,5,15,[7 2],8,22,37,14,11
1,<environment.Job instance at 0x147b50d13be0>,0,24,[9 2],1,1,25,0,1
1,<environment.Job instance at 0x147b50d13b90>,2,14,[2 8],4,25,39,21,10
1,<environment.Job instance at 0x147b511e49b0>,1,3,[1 7],4,4,7,0,4
1,<environment.Job instance at 0x147b71136a50>,3,15,[7 2],6,6,21,0,6
1,<environment.Job instance at 0x147b71136460>,5,13,[6 1],8,21,34,13,8
1,<environment.Job instance at 0x147b511e4d20>,0,15,[2 8],2,2,17,0,2
1,<environment.Job instance at 0x147b6e0474b0>,1,17,[8 1],3,4,21,1,4
1,<environment.Job instance at 0x147b6cdf2f00>,2,3,[2 8],6,6,9,0,6
1,<environment.Job instance at 0x147b6a16eb90>,4,3,[2 6],8,9,12,1,8
1,<environment.Job instance at 0x147b509099b0>,1,3,[2 8],3,3,6,0,3
1,<environment.Job instance at 0x147b6beeffa0>,4,17,[6 2],6,6,23,0,6
1,<environment.Job instance at 0x147b50b18e60>,6,12,[1 7],9,9,21,0,9
1,<environment.Job instance at 0x147b50bb4910>,1,23,[2 9],2,3,26,1,3
1,<environment.Job instance at 0x147b50fea780>,5,2,[6 2],7,26,28,19,7
1,<environment.Job instance at 0x147b6beb7870>,0,3,[2 7],1,1,4,0,1
1,<environment.Job instance at 0x147b50a2a5f0>,1,1,[1 6],2,4,5,2,2
1,<environment.Job instance at 0x147b6cdde230>,4,15,[2 8],8,8,23,0,8
1,<environment.Job instance at 0x147b6e054820>,0,12,[7 1],1,1,13,0,1
1,<environment.Job instance at 0x147b6e054140>,4,16,[1 9],6,6,22,0,6
1,<environment.Job instance at 0x147b5127f190>,0,3,[1 8],4,4,7,0,4
1,<environment.Job instance at 0x147b507f17d0>,0,14,[ 1 10],3,3,17,0,3
1,<environment.Job instance at 0x147b7329a370>,2,14,[2 9],8,17,31,9,8
1,<environment.Job instance at 0x147b73af6910>,0,26,[ 2 10],1,2,28,1,2
1,<environment.Job instance at 0x147b50802eb0>,5,18,[2 7],9,28,46,19,17
1,<environment.Job instance at 0x147b6be34050>,1,16,[9 2],2,2,18,0,2
1,<environment.Job instance at 0x147b50e4b640>,1,23,[5 2],4,5,28,1,5
1,<environment.Job instance at 0x147b71adcb90>,4,17,[2 6],8,8,25,0,8
1,<environment.Job instance at 0x147b50f5f2d0>,1,2,[2 7],2,2,4,0,2
1,<environment.Job instance at 0x147b513dc910>,2,3,[2 9],4,4,7,0,4
1,<environment.Job instance at 0x147b50adee60>,0,17,[2 5],3,3,20,0,3
1,<environment.Job instance at 0x147b51064dc0>,1,18,[ 2 10],4,20,38,16,12
1,<environment.Job instance at 0x147b510143c0>,0,12,[1 9],1,1,13,0,1
1,<environment.Job instance at 0x147b68049410>,2,12,[1 5],3,13,25,10,3
1,<environment.Job instance at 0x147b680bf2d0>,1,26,[2 6],2,4,30,2,4
1,<environment.Job instance at 0x147b711e2af0>,4,3,[ 2 10],5,30,33,25,5
1,<environment.Job instance at 0x147b6ca6e870>,5,14,[1 5],6,33,47,27,18
1,<environment.Job instance at 0x147b6a913550>,0,12,[1 9],2,2,14,0,2
1,<environment.Job instance at 0x147b50dc4280>,2,21,[2 7],4,14,35,10,6
1,<environment.Job instance at 0x147b510da140>,1,13,[1 6],2,2,15,0,2
1,<environment.Job instance at 0x147b512c1960>,3,15,[7 2],4,4,19,0,4
1,<environment.Job instance at 0x147b50cf30f0>,2,2,[5 2],3,3,5,0,3
1,<environment.Job instance at 0x147b50c34be0>,3,1,[5 1],4,4,5,0,4
1,<environment.Job instance at 0x147b6bf55140>,6,13,[1 9],7,7,20,0,7
1,<environment.Job instance at 0x147b6bf55a00>,2,3,[1 9],4,4,7,0,4
1,<environment.Job instance at 0x147b6814ea50>,5,3,[2 6],7,7,10,0,7
1,<environment.Job instance at 0x147b6814e190>,6,2,[2 8],8,10,12,2,8
1,<environment.Job instance at 0x147b711483c0>,1,1,[1 7],2,2,3,0,2
1,<environment.Job instance at 0x147b71148f00>,3,13,[8 2],4,4,17,0,4
1,<environment.Job instance at 0x147b50d65c80>,0,13,[ 1 10],1,1,14,0,1
1,<environment.Job instance at 0x147b50ab8be0>,2,22,[2 8],4,14,36,10,9
1,<environment.Job instance at 0x147b6a92c370>,6,2,[7 1],8,127,129,119,127
1,<environment.Job instance at 0x147b6a92c0a0>,0,18,[1 6],4,5,23,1,5
1,<environment.Job instance at 0x147b6a92c370>,2,13,[9 1],6,6,19,0,6
1,<environment.Job instance at 0x147b71aa5050>,5,16,[5 1],9,19,35,10,15
1,<environment.Job instance at 0x147b5120aeb0>,0,13,[2 5],2,2,15,0,2
1,<environment.Job instance at 0x147b50a2c050>,0,13,[2 5],2,2,15,0,2
1,<environment.Job instance at 0x147b6beb65a0>,1,12,[2 7],3,15,27,12,3
1,<environment.Job instance at 0x147b6c00cc80>,2,13,[7 2],4,4,17,0,4
1,<environment.Job instance at 0x147b6c00cb40>,3,14,[7 1],5,21,35,16,21
1,<environment.Job instance at 0x147b6c99bf00>,1,14,[2 5],2,2,16,0,2
1,<environment.Job instance at 0x147b6a1a1410>,2,16,[8 1],5,5,21,0,5
1,<environment.Job instance at 0x147b50d2ec30>,1,12,[2 8],6,6,18,0,6
1,<environment.Job instance at 0x147b50d2e280>,2,13,[9 2],8,18,31,10,8
1,<environment.Job instance at 0x147b50d2e5a0>,0,18,[2 6],1,1,19,0,1
1,<environment.Job instance at 0x147b50d2e230>,1,15,[5 2],2,3,18,1,3
1,<environment.Job instance at 0x147b680e36e0>,7,12,[5 2],8,18,30,10,8
1,<environment.Job instance at 0x147b6cd1cc80>,1,3,[2 5],4,4,7,0,4
1,<environment.Job instance at 0x147b6cd1c5f0>,2,21,[1 9],5,25,46,20,25
1,<environment.Job instance at 0x147b507e0690>,0,18,[10  1],1,1,19,0,1
1,<environment.Job instance at 0x147b50e19050>,5,16,[1 8],7,19,35,12,7
1,<environment.Job instance at 0x147b730e44b0>,3,18,[1 7],4,7,25,3,7
1,<environment.Job instance at 0x147b72cafbe0>,3,16,[6 2],4,4,20,0,4
1,<environment.Job instance at 0x147b50e60f50>,7,13,[7 1],9,20,33,11,9
1,<environment.Job instance at 0x147b5110b2d0>,1,14,[10  2],2,2,16,0,2
1,<environment.Job instance at 0x147b50a53c30>,6,1,[10  2],7,16,17,9,7
1,<environment.Job instance at 0x147b5110b870>,7,13,[2 7],8,17,30,9,8
1,<environment.Job instance at 0x147b50a50a00>,4,17,[8 1],6,6,23,0,6
1,<environment.Job instance at 0x147b680639b0>,5,18,[1 6],7,7,25,0,7
1,<environment.Job instance at 0x147b68063460>,1,14,[1 8],3,3,17,0,3
1,<environment.Job instance at 0x147b71212aa0>,0,18,[ 2 10],1,3,21,2,3
1,<environment.Job instance at 0x147b71212be0>,4,18,[1 9],8,21,39,13,12
1,<environment.Job instance at 0x147b50c57c80>,0,3,[1 9],1,1,4,0,1
1,<environment.Job instance at 0x147b50c57230>,1,22,[1 7],2,6,28,4,6
1,<environment.Job instance at 0x147b6fee45f0>,4,3,[8 1],7,7,10,0,7
1,<environment.Job instance at 0x147b6c044b90>,4,15,[5 1],6,7,22,1,7
1,<environment.Job instance at 0x147b6ca93be0>,7,13,[ 2 10],9,22,35,13,9
1,<environment.Job instance at 0x147b50998a00>,0,17,[1 7],1,2,19,1,2
1,<environment.Job instance at 0x147b5134c960>,4,22,[5 2],9,11,33,2,11
1,<environment.Job instance at 0x147b50d31fa0>,1,12,[ 1 10],4,4,16,0,4
1,<environment.Job instance at 0x147b50d31aa0>,3,13,[6 1],7,16,29,9,8
1,<environment.Job instance at 0x147b50d31e10>,5,13,[5 2],9,29,42,20,13
1,<environment.Job instance at 0x147b6a197820>,1,12,[1 8],2,2,14,0,2
1,<environment.Job instance at 0x147b6a1975a0>,3,17,[1 8],5,14,31,9,6
1,<environment.Job instance at 0x147b6a197e60>,5,25,[7 2],8,11,36,3,11
1,<environment.Job instance at 0x147b50cd7e10>,0,3,[1 6],1,1,4,0,1
1,<environment.Job instance at 0x147b50df8500>,7,2,[7 1],9,1196,1198,1187,1196
1,<environment.Job instance at 0x147b50df82d0>,1,14,[2 9],2,2,16,0,2
1,<environment.Job instance at 0x147b50df8af0>,2,3,[1 5],4,16,19,12,4
1,<environment.Job instance at 0x147b513634b0>,3,15,[10  1],5,19,34,14,5
1,<environment.Job instance at 0x147b51363050>,1,18,[7 1],5,5,23,0,5
1,<environment.Job instance at 0x147b6ca20a00>,2,3,[2 5],6,6,9,0,6
1,<environment.Job instance at 0x147b680614b0>,3,13,[6 1],4,4,17,0,4
1,<environment.Job instance at 0x147b68061820>,6,3,[2 8],7,7,10,0,7
1,<environment.Job instance at 0x147b50749eb0>,1,14,[2 7],3,3,17,0,3
1,<environment.Job instance at 0x147b507496e0>,2,12,[ 1 10],6,17,29,11,6
1,<environment.Job instance at 0x147b71afa3c0>,2,21,[5 2],4,5,26,1,5
1,<environment.Job instance at 0x147b6be73d70>,4,14,[2 5],6,6,20,0,6
1,<environment.Job instance at 0x147b50ac55f0>,3,2,[7 2],6,6,8,0,6
1,<environment.Job instance at 0x147b71ba4eb0>,4,3,[10  2],7,8,11,1,7
1,<environment.Job instance at 0x147b6be4e500>,4,2,[6 2],7,7,9,0,7
1,<environment.Job instance at 0x147b50998a00>,3,16,[1 5],7,7,23,0,7
1,<environment.Job instance at 0x147b71a99550>,5,27,[6 1],9,18,45,9,18
1,<environment.Job instance at 0x147b6bf35b90>,0,15,[ 2 10],1,1,16,0,1
1,<environment.Job instance at 0x147b6a6590f0>,2,16,[10  1],4,4,20,0,4
1,<environment.Job instance at 0x147b50e6ee60>,6,25,[1 7],9,28,53,19,28
1,<environment.Job instance at 0x147b6a1a9870>,1,3,[1 6],3,3,6,0,3
1,<environment.Job instance at 0x147b6a1a9b40>,2,13,[2 9],5,6,19,1,5
1,<environment.Job instance at 0x147b6e047be0>,3,12,[10  1],6,19,31,13,6
1,<environment.Job instance at 0x147b511b66e0>,7,3,[2 8],9,9,12,0,9
1,<environment.Job instance at 0x147b6a6ec820>,0,17,[9 1],1,1,18,0,1
1,<environment.Job instance at 0x147b6c114780>,1,1,[5 1],2,2,3,0,2
1,<environment.Job instance at 0x147b6c1148c0>,2,15,[1 8],4,4,19,0,4
1,<environment.Job instance at 0x147b50c9e6e0>,2,18,[2 7],5,6,24,1,6
1,<environment.Job instance at 0x147b50c9eeb0>,0,17,[2 7],3,3,20,0,3
1,<environment.Job instance at 0x147b7121f370>,2,13,[9 2],5,20,33,15,5
1,<environment.Job instance at 0x147b6a5fee60>,0,17,[8 1],2,2,19,0,2
1,<environment.Job instance at 0x147b6be88870>,2,18,[2 7],5,5,23,0,5
1,<environment.Job instance at 0x147b50c02cd0>,7,2,[6 1],8,8,10,0,8
1,<environment.Job instance at 0x147b6bfc1aa0>,0,3,[2 6],1,1,4,0,1
1,<environment.Job instance at 0x147b6bfc11e0>,4,15,[10  2],6,6,21,0,6
1,<environment.Job instance at 0x147b71174af0>,0,12,[2 9],1,1,13,0,1
1,<environment.Job instance at 0x147b5126e410>,1,14,[10  1],3,3,17,0,3
1,<environment.Job instance at 0x147b680823c0>,0,2,[8 2],1,1,3,0,1
1,<environment.Job instance at 0x147b50d267d0>,2,23,[7 1],3,3,26,0,3
1,<environment.Job instance at 0x147b50d26c30>,3,22,[5 2],4,26,48,22,26
1,<environment.Job instance at 0x147b50d26c30>,2,21,[5 1],4,4,25,0,4
1,<environment.Job instance at 0x147b50908370>,5,15,[2 6],8,8,23,0,8
1,<environment.Job instance at 0x147b6ca72fa0>,0,24,[2 7],1,2,26,1,2
1,<environment.Job instance at 0x147b6ca72140>,2,12,[1 6],4,26,38,22,9
1,<environment.Job instance at 0x147b711362d0>,1,2,[7 2],2,2,4,0,2
1,<environment.Job instance at 0x147b512b7780>,3,3,[1 5],5,5,8,0,5
1,<environment.Job instance at 0x147b71127780>,1,20,[1 9],2,54,74,52,54
1,<environment.Job instance at 0x147b6807fcd0>,0,15,[5 1],1,2,17,1,2
1,<environment.Job instance at 0x147b681fbd20>,6,23,[10  2],8,17,40,9,11
1,<environment.Job instance at 0x147b71ae4b90>,0,19,[8 1],2,2,21,0,2
1,<environment.Job instance at 0x147b50764be0>,3,18,[9 2],6,6,24,0,6
1,<environment.Job instance at 0x147b51334460>,2,14,[7 1],5,6,20,1,6
1,<environment.Job instance at 0x147b50c57960>,2,15,[8 1],7,7,22,0,7
1,<environment.Job instance at 0x147b509c6140>,0,2,[7 1],3,3,5,0,3
1,<environment.Job instance at 0x147b50c575a0>,1,15,[7 1],4,5,20,1,4
1,<environment.Job instance at 0x147b50c57d20>,2,3,[1 6],6,6,9,0,6
1,<environment.Job instance at 0x147b6bf02af0>,5,3,[1 6],9,9,12,0,9
1,<environment.Job instance at 0x147b511899b0>,0,17,[5 1],4,4,21,0,4
1,<environment.Job instance at 0x147b50f907d0>,0,16,[2 6],1,1,17,0,1
1,<environment.Job instance at 0x147b50e7b410>,3,13,[1 8],5,17,30,12,5
1,<environment.Job instance at 0x147b50aa5550>,2,13,[1 7],4,4,17,0,4
1,<environment.Job instance at 0x147b6bdc8190>,5,13,[8 2],7,7,20,0,7
1,<environment.Job instance at 0x147b6bdc88c0>,0,13,[6 1],1,2,15,1,2
1,<environment.Job instance at 0x147b6bdc8500>,2,21,[2 7],5,6,27,1,6
1,<environment.Job instance at 0x147b71212eb0>,4,14,[1 6],8,27,41,19,12
1,<environment.Job instance at 0x147b6c9db460>,1,3,[1 7],3,3,6,0,3
1,<environment.Job instance at 0x147b50a9d500>,2,15,[10  2],4,6,21,2,4
1,<environment.Job instance at 0x147b50a9d960>,6,18,[2 5],9,21,39,12,10
1,<environment.Job instance at 0x147b50d747d0>,1,15,[2 6],3,3,18,0,3
1,<environment.Job instance at 0x147b50a9d960>,2,21,[10  2],4,18,39,14,10
1,<environment.Job instance at 0x147b511a8190>,1,3,[2 6],3,3,6,0,3
1,<environment.Job instance at 0x147b6bdcd7d0>,3,12,[10  2],5,6,18,1,5
1,<environment.Job instance at 0x147b6cdfbb90>,2,13,[7 1],4,4,17,0,4
1,<environment.Job instance at 0x147b6bdaeaf0>,3,3,[2 8],5,5,8,0,5
1,<environment.Job instance at 0x147b510d1460>,1,15,[9 2],3,3,18,0,3
1,<environment.Job instance at 0x147b6cd39fa0>,2,17,[5 1],4,18,35,14,9
1,<environment.Job instance at 0x147b6ca2aeb0>,1,18,[6 2],3,3,21,0,3
1,<environment.Job instance at 0x147b6ca2a1e0>,3,13,[1 9],6,21,34,15,6
1,<environment.Job instance at 0x147b6ca2a050>,4,13,[ 2 10],8,34,47,26,18
1,<environment.Job instance at 0x147b50d76dc0>,5,13,[6 2],9,9,22,0,9
1,<environment.Job instance at 0x147b510b2f50>,0,19,[2 7],1,1,20,0,1
1,<environment.Job instance at 0x147b5112ec30>,3,13,[2 7],4,20,33,16,4
1,<environment.Job instance at 0x147b50e4a820>,4,17,[9 1],5,33,50,28,21
1,<environment.Job instance at 0x147b50e45370>,1,16,[ 1 10],2,2,18,0,2
1,<environment.Job instance at 0x147b50e45280>,4,24,[2 7],6,18,42,12,13
1,<environment.Job instance at 0x147b50dd1e10>,0,17,[2 8],5,6,23,1,6
1,<environment.Job instance at 0x147b6bf95460>,0,12,[2 9],1,1,13,0,1
1,<environment.Job instance at 0x147b6a635cd0>,1,18,[7 2],3,13,31,10,3
1,<environment.Job instance at 0x147b50f140a0>,3,15,[7 1],7,7,22,0,7
1,<environment.Job instance at 0x147b6b16f780>,2,3,[2 7],4,4,7,0,4
1,<environment.Job instance at 0x147b6b16f640>,4,3,[2 9],7,7,10,0,7
1,<environment.Job instance at 0x147b72c8c780>,2,2,[10  2],3,3,5,0,3
1,<environment.Job instance at 0x147b72c8cd20>,5,15,[5 2],8,13,28,5,13
1,<environment.Job instance at 0x147b6be88be0>,0,18,[6 1],1,1,19,0,1
1,<environment.Job instance at 0x147b6a628320>,1,17,[7 1],2,19,36,17,7
1,<environment.Job instance at 0x147b5084dd70>,3,14,[2 6],8,8,22,0,8
1,<environment.Job instance at 0x147b6bf5c550>,2,15,[9 2],6,6,21,0,6
1,<environment.Job instance at 0x147b509a1640>,0,18,[1 8],2,3,21,1,3
1,<environment.Job instance at 0x147b509a1460>,4,14,[7 1],8,8,22,0,8
1,<environment.Job instance at 0x147b509a1870>,5,13,[5 2],9,22,35,13,9
1,<environment.Job instance at 0x147b6feb0fa0>,0,15,[6 2],1,1,16,0,1
1,<environment.Job instance at 0x147b509a1870>,1,16,[1 5],4,6,22,2,6
1,<environment.Job instance at 0x147b71bfd9b0>,4,14,[1 7],8,22,36,14,8
1,<environment.Job instance at 0x147b71bfdb90>,5,15,[8 2],9,16,31,7,9
1,<environment.Job instance at 0x147b71bf9190>,1,15,[7 1],2,2,17,0,2
1,<environment.Job instance at 0x147b71bf90a0>,6,15,[2 8],7,7,22,0,7
1,<environment.Job instance at 0x147b6a8feeb0>,1,19,[1 8],4,5,24,1,5
1,<environment.Job instance at 0x147b68036550>,0,3,[1 5],1,1,4,0,1
1,<environment.Job instance at 0x147b6b174d20>,1,13,[6 1],2,2,15,0,2
1,<environment.Job instance at 0x147b6a8feeb0>,4,20,[10  2],7,15,35,8,7
1,<environment.Job instance at 0x147b6814b550>,2,18,[8 1],8,8,26,0,8
1,<environment.Job instance at 0x147b50fe00f0>,1,1,[5 2],3,3,4,0,3
1,<environment.Job instance at 0x147b6a6b7690>,4,13,[1 7],7,7,20,0,7
1,<environment.Job instance at 0x147b512fcf00>,2,14,[5 1],6,6,20,0,6
1,<environment.Job instance at 0x147b50f39640>,5,16,[6 1],9,20,36,11,9
1,<environment.Job instance at 0x147b6803f730>,1,16,[9 1],3,3,19,0,3
1,<environment.Job instance at 0x147b71adaf00>,1,1,[2 6],2,2,3,0,2
1,<environment.Job instance at 0x147b71adaa50>,2,14,[ 1 10],3,3,17,0,3
1,<environment.Job instance at 0x147b513b3140>,3,14,[10  1],5,5,19,0,5
1,<environment.Job instance at 0x147b5085a0a0>,6,18,[5 1],8,19,37,11,8
1,<environment.Job instance at 0x147b5085a910>,0,14,[5 2],3,4,18,1,4
1,<environment.Job instance at 0x147b5085a280>,3,3,[6 2],6,18,21,12,6
1,<environment.Job instance at 0x147b50a85550>,4,18,[10  2],7,21,39,14,10
1,<environment.Job instance at 0x147b6803f640>,0,3,[2 6],1,1,4,0,1
1,<environment.Job instance at 0x147b6803f230>,3,13,[10  1],7,7,20,0,7
1,<environment.Job instance at 0x147b5078ff50>,0,16,[1 8],1,1,17,0,1
1,<environment.Job instance at 0x147b5078f870>,1,16,[10  2],4,17,33,13,4
1,<environment.Job instance at 0x147b50a9e3c0>,2,18,[5 1],3,3,21,0,3
1,<environment.Job instance at 0x147b73135640>,4,12,[2 7],6,6,18,0,6
1,<environment.Job instance at 0x147b51189500>,0,3,[5 2],5,5,8,0,5
1,<environment.Job instance at 0x147b51237500>,0,16,[2 5],1,1,17,0,1
1,<environment.Job instance at 0x147b6fee80f0>,1,3,[1 6],2,17,20,15,2
1,<environment.Job instance at 0x147b6fee8820>,3,14,[2 7],4,20,34,16,5
1,<environment.Job instance at 0x147b6fee81e0>,5,17,[2 9],6,34,51,28,23
1,<environment.Job instance at 0x147b6812ba50>,1,13,[2 5],2,2,15,0,2
1,<environment.Job instance at 0x147b6a6176e0>,6,14,[ 2 10],8,52,66,44,52
1,<environment.Job instance at 0x147b6be03e60>,0,3,[2 7],1,1,4,0,1
1,<environment.Job instance at 0x147b6a617640>,1,17,[1 5],2,4,21,2,2
1,<environment.Job instance at 0x147b6be03d20>,3,18,[5 1],5,7,25,2,7
1,<environment.Job instance at 0x147b6ca2c7d0>,7,17,[10  1],9,25,42,16,13
1,<environment.Job instance at 0x147b6ca39140>,0,14,[1 8],3,3,17,0,3
1,<environment.Job instance at 0x147b50ae7eb0>,0,12,[2 7],1,1,13,0,1
1,<environment.Job instance at 0x147b50ae75a0>,3,17,[1 5],4,13,30,9,4
1,<environment.Job instance at 0x147b7111baf0>,0,14,[8 2],1,1,15,0,1
1,<environment.Job instance at 0x147b712430a0>,1,3,[2 6],2,2,5,0,2
1,<environment.Job instance at 0x147b50cdd1e0>,6,1,[1 6],9,9,10,0,9
1,<environment.Job instance at 0x147b50cddf50>,0,3,[2 5],2,2,5,0,2
1,<environment.Job instance at 0x147b681a37d0>,0,16,[2 5],2,2,18,0,2
1,<environment.Job instance at 0x147b6cdf8a50>,2,17,[2 6],4,27,44,23,27
1,<environment.Job instance at 0x147b513513c0>,0,13,[10  2],1,1,14,0,1
1,<environment.Job instance at 0x147b6be5d1e0>,1,16,[2 5],2,14,30,12,2
1,<environment.Job instance at 0x147b510c1410>,7,1,[9 2],9,1106,1107,1097,1106
1,<environment.Job instance at 0x147b50d2e5f0>,3,2,[1 8],5,5,7,0,5
1,<environment.Job instance at 0x147b6cadf050>,4,16,[2 8],6,7,23,1,6
1,<environment.Job instance at 0x147b6cadf4b0>,5,16,[1 9],7,23,39,16,15
1,<environment.Job instance at 0x147b6a92c960>,2,17,[8 1],8,8,25,0,8
1,<environment.Job instance at 0x147b6bdee690>,1,1,[8 2],2,2,3,0,2
1,<environment.Job instance at 0x147b681e4aa0>,4,3,[6 1],5,5,8,0,5
1,<environment.Job instance at 0x147b681e4cd0>,6,13,[5 2],8,9,22,1,9
1,<environment.Job instance at 0x147b50845eb0>,0,3,[1 6],2,2,5,0,2
1,<environment.Job instance at 0x147b50fee460>,3,13,[1 6],9,9,22,0,9
1,<environment.Job instance at 0x147b71bc2eb0>,0,18,[ 1 10],4,6,24,2,6
1,<environment.Job instance at 0x147b50fdca00>,1,18,[2 9],4,5,23,1,5
1,<environment.Job instance at 0x147b71240370>,0,14,[1 6],1,1,15,0,1
1,<environment.Job instance at 0x147b712407d0>,2,15,[1 7],3,15,30,12,3
1,<environment.Job instance at 0x147b6c1143c0>,3,18,[ 2 10],4,30,48,26,19
1,<environment.Job instance at 0x147b6c114910>,1,3,[1 5],2,2,5,0,2
1,<environment.Job instance at 0x147b6bee3730>,5,3,[2 8],7,7,10,0,7
1,<environment.Job instance at 0x147b6bee3910>,6,25,[6 2],8,8,33,0,8
1,<environment.Job instance at 0x147b50b710f0>,4,2,[6 1],7,1456,1458,1449,1456
1,<environment.Job instance at 0x147b507930f0>,0,3,[2 5],1,1,4,0,1
1,<environment.Job instance at 0x147b50b716e0>,1,16,[8 1],2,2,18,0,2
1,<environment.Job instance at 0x147b71bb8c80>,6,18,[6 2],8,18,36,10,8
1,<environment.Job instance at 0x147b71b996e0>,0,18,[ 2 10],1,1,19,0,1
1,<environment.Job instance at 0x147b71b99730>,1,12,[10  2],2,19,31,17,2
1,<environment.Job instance at 0x147b71b99640>,2,14,[7 1],7,31,45,24,16
1,<environment.Job instance at 0x147b71b99640>,2,18,[7 1],3,3,21,0,3
1,<environment.Job instance at 0x147b50d1daf0>,0,3,[2 6],3,3,6,0,3
1,<environment.Job instance at 0x147b6c9a5870>,2,25,[9 1],3,3,28,0,3
1,<environment.Job instance at 0x147b6c012190>,1,12,[9 1],2,2,14,0,2
1,<environment.Job instance at 0x147b6e036500>,0,15,[1 9],1,1,16,0,1
1,<environment.Job instance at 0x147b512e7fa0>,2,15,[10  1],4,4,19,0,4
1,<environment.Job instance at 0x147b50e93460>,4,18,[1 6],6,19,37,13,16
1,<environment.Job instance at 0x147b51299460>,2,18,[9 2],4,4,22,0,4
1,<environment.Job instance at 0x147b51390f00>,3,14,[1 8],5,5,19,0,5
1,<environment.Job instance at 0x147b513905a0>,4,16,[1 5],6,19,35,13,6
1,<environment.Job instance at 0x147b68120f00>,0,3,[2 7],1,1,4,0,1
1,<environment.Job instance at 0x147b68120190>,1,16,[ 1 10],2,4,20,2,2
1,<environment.Job instance at 0x147b513909b0>,2,13,[10  2],3,20,33,17,4
1,<environment.Job instance at 0x147b71b01780>,2,2,[2 6],3,3,5,0,3
1,<environment.Job instance at 0x147b6818eb40>,3,2,[1 6],5,5,7,0,5
1,<environment.Job instance at 0x147b50cc5b90>,2,3,[2 6],3,3,6,0,3
1,<environment.Job instance at 0x147b50cc54b0>,4,21,[1 7],8,9,30,1,9
1,<environment.Job instance at 0x147b6be0f780>,1,17,[2 8],3,3,20,0,3
1,<environment.Job instance at 0x147b50eab640>,0,14,[2 6],1,1,15,0,1
1,<environment.Job instance at 0x147b6bee6af0>,6,17,[2 9],8,8,25,0,8
1,<environment.Job instance at 0x147b6bee63c0>,7,27,[ 1 10],9,87,114,78,87
1,<environment.Job instance at 0x147b50d9b7d0>,4,3,[1 7],8,8,11,0,8
1,<environment.Job instance at 0x147b6a6f4280>,0,15,[2 9],1,1,16,0,1
1,<environment.Job instance at 0x147b6a6f41e0>,5,20,[7 2],7,16,36,9,7
1,<environment.Job instance at 0x147b5118e3c0>,0,17,[9 2],1,1,18,0,1
1,<environment.Job instance at 0x147b50cfc280>,5,18,[ 1 10],7,18,36,11,14
1,<environment.Job instance at 0x147b50a1e140>,3,24,[7 1],5,6,30,1,6
1,<environment.Job instance at 0x147b510a06e0>,0,3,[2 8],1,1,4,0,1
1,<environment.Job instance at 0x147b50ab0a00>,3,13,[8 2],4,4,17,0,4
1,<environment.Job instance at 0x147b50ab04b0>,7,14,[8 2],9,17,31,8,9
1,<environment.Job instance at 0x147b50909280>,3,14,[9 1],5,5,19,0,5
1,<environment.Job instance at 0x147b6cde10a0>,2,1,[5 1],4,4,5,0,4
1,<environment.Job instance at 0x147b51340640>,4,1,[6 2],8,13,14,5,13
1,<environment.Job instance at 0x147b513e4140>,1,12,[ 2 10],2,2,14,0,2
1,<environment.Job instance at 0x147b6a659e60>,6,16,[2 7],8,14,30,6,8
1,<environment.Job instance at 0x147b6bfd7e10>,0,15,[ 1 10],2,2,17,0,2
1,<environment.Job instance at 0x147b51115eb0>,2,16,[9 1],6,17,33,11,6
1,<environment.Job instance at 0x147b5095a1e0>,0,18,[2 8],2,3,21,1,3
1,<environment.Job instance at 0x147b50e4b500>,1,3,[5 2],2,2,5,0,2
1,<environment.Job instance at 0x147b6bf51d20>,2,3,[1 6],3,3,6,0,3
1,<environment.Job instance at 0x147b50c936e0>,4,17,[7 1],5,5,22,0,5
1,<environment.Job instance at 0x147b50c93d70>,1,16,[2 7],2,2,18,0,2
1,<environment.Job instance at 0x147b50c93460>,4,17,[6 1],6,6,23,0,6
1,<environment.Job instance at 0x147b51247870>,1,17,[ 1 10],2,5,22,3,5
1,<environment.Job instance at 0x147b71ba6640>,0,20,[5 1],1,2,22,1,2
1,<environment.Job instance at 0x147b6a67e2d0>,0,3,[2 7],1,1,4,0,1
1,<environment.Job instance at 0x147b512c9fa0>,4,12,[6 1],5,5,17,0,5
1,<environment.Job instance at 0x147b6be52e10>,5,24,[1 7],6,14,38,8,14
1,<environment.Job instance at 0x147b6be33910>,0,16,[9 2],2,2,18,0,2
1,<environment.Job instance at 0x147b50ec7e10>,3,15,[6 2],5,18,33,13,9
1,<environment.Job instance at 0x147b50c53640>,5,14,[6 1],9,10,24,1,10
1,<environment.Job instance at 0x147b6a3cd640>,3,13,[2 8],5,5,18,0,5
1,<environment.Job instance at 0x147b6a3cd460>,4,18,[1 7],7,18,36,11,12
1,<environment.Job instance at 0x147b6c0993c0>,0,13,[1 7],1,1,14,0,1
1,<environment.Job instance at 0x147b511ddf00>,0,3,[1 9],1,1,4,0,1
1,<environment.Job instance at 0x147b7312aa00>,1,16,[2 5],2,4,20,2,2
1,<environment.Job instance at 0x147b511ddb40>,4,22,[2 8],7,20,42,13,14
1,<environment.Job instance at 0x147b71bcdb90>,1,18,[8 2],2,2,20,0,2
1,<environment.Job instance at 0x147b7111dd70>,2,16,[2 7],3,3,19,0,3
1,<environment.Job instance at 0x147b72cb6230>,3,19,[7 1],7,658,677,651,658
1,<environment.Job instance at 0x147b6c97d280>,0,13,[2 9],1,1,14,0,1
1,<environment.Job instance at 0x147b5112b410>,3,14,[7 2],4,14,28,10,14
1,<environment.Job instance at 0x147b50fe9dc0>,2,1,[1 6],5,5,6,0,5
1,<environment.Job instance at 0x147b50fc74b0>,3,16,[1 8],6,6,22,0,6
1,<environment.Job instance at 0x147b50ee43c0>,4,3,[1 7],7,7,10,0,7
1,<environment.Job instance at 0x147b50ee45f0>,5,15,[6 1],9,9,24,0,9
1,<environment.Job instance at 0x147b6cddae60>,4,18,[6 1],6,6,24,0,6
1,<environment.Job instance at 0x147b681870f0>,2,17,[2 9],4,5,22,1,5
1,<environment.Job instance at 0x147b7118ad70>,4,16,[6 1],6,6,22,0,6
1,<environment.Job instance at 0x147b50f36c80>,1,3,[1 7],3,3,6,0,3
1,<environment.Job instance at 0x147b6a925eb0>,2,3,[7 2],4,4,7,0,4
1,<environment.Job instance at 0x147b71ab8f50>,4,2,[1 6],7,7,9,0,7
1,<environment.Job instance at 0x147b6caa8e60>,5,2,[6 1],8,8,10,0,8
1,<environment.Job instance at 0x147b50a98e10>,1,18,[1 7],2,3,21,1,3
1,<environment.Job instance at 0x147b7147c2d0>,4,3,[ 1 10],8,21,24,13,8
1,<environment.Job instance at 0x147b7147c820>,5,3,[7 2],9,9,12,0,9
1,<environment.Job instance at 0x147b50d77c30>,3,15,[1 5],4,1526,1541,1522,1526
1,<environment.Job instance at 0x147b50dce0a0>,1,2,[7 1],2,2,4,0,2
1,<environment.Job instance at 0x147b50a4c5a0>,2,2,[5 2],3,4,6,1,3
1,<environment.Job instance at 0x147b50a4c4b0>,4,17,[2 6],7,7,24,0,7
1,<environment.Job instance at 0x147b68049870>,0,13,[6 2],1,1,14,0,1
1,<environment.Job instance at 0x147b50cd57d0>,3,16,[1 5],4,5,21,1,5
1,<environment.Job instance at 0x147b50cd50f0>,5,13,[10  1],6,21,34,15,6
1,<environment.Job instance at 0x147b50cd5780>,0,22,[10  2],2,2,24,0,2
1,<environment.Job instance at 0x147b50ef9230>,1,3,[2 8],2,2,5,0,2
1,<environment.Job instance at 0x147b50ef9730>,2,22,[5 2],3,3,25,0,3
1,<environment.Job instance at 0x147b50c54960>,0,3,[1 5],1,1,4,0,1
1,<environment.Job instance at 0x147b50da9eb0>,6,3,[1 6],9,9,12,0,9
1,<environment.Job instance at 0x147b50da9eb0>,1,14,[2 8],4,4,18,0,4
1,<environment.Job instance at 0x147b6cd86e10>,0,3,[1 9],1,1,4,0,1
1,<environment.Job instance at 0x147b5105a140>,4,2,[7 2],9,10,12,1,10
1,<environment.Job instance at 0x147b5105a3c0>,0,14,[5 2],3,4,18,1,4
1,<environment.Job instance at 0x147b50e4faf0>,0,14,[2 7],2,2,16,0,2
1,<environment.Job instance at 0x147b50c30230>,1,14,[1 8],3,3,17,0,3
1,<environment.Job instance at 0x147b50a13f50>,4,3,[2 6],6,17,20,11,6
1,<environment.Job instance at 0x147b68036aa0>,0,14,[8 2],1,1,15,0,1
1,<environment.Job instance at 0x147b6caeaa50>,1,13,[2 6],2,2,15,0,2
1,<environment.Job instance at 0x147b5080dd70>,4,12,[2 5],6,15,27,9,6
1,<environment.Job instance at 0x147b5080d2d0>,6,12,[10  1],8,27,39,19,10
1,<environment.Job instance at 0x147b71b174b0>,0,3,[1 6],1,1,4,0,1
1,<environment.Job instance at 0x147b5080dcd0>,2,14,[5 1],3,5,19,2,5
1,<environment.Job instance at 0x147b71b17eb0>,5,13,[6 1],7,19,32,12,7
1,<environment.Job instance at 0x147b50973550>,6,3,[6 1],8,32,35,24,8
1,<environment.Job instance at 0x147b50973960>,7,3,[2 9],9,9,12,0,9
1,<environment.Job instance at 0x147b6bf2d320>,0,20,[2 9],2,6,26,4,6
1,<environment.Job instance at 0x147b509e4fa0>,3,12,[8 1],7,7,19,0,7
1,<environment.Job instance at 0x147b512d9be0>,0,18,[9 2],1,1,19,0,1
1,<environment.Job instance at 0x147b6e05af50>,2,12,[2 9],3,3,15,0,3
1,<environment.Job instance at 0x147b6e05a9b0>,5,2,[2 6],6,15,17,9,6
1,<environment.Job instance at 0x147b6e05a2d0>,6,17,[9 1],7,17,34,10,7
1,<environment.Job instance at 0x147b50c61e10>,0,2,[1 6],1,1,3,0,1
1,<environment.Job instance at 0x147b6803f6e0>,1,17,[1 7],2,3,20,1,2
1,<environment.Job instance at 0x147b73af6dc0>,3,13,[7 2],6,7,20,1,7
1,<environment.Job instance at 0x147b50cfa280>,5,3,[1 7],6,6,9,0,6
1,<environment.Job instance at 0x147b50cfa7d0>,7,3,[ 2 10],9,9,12,0,9
1,<environment.Job instance at 0x147b507acbe0>,4,2,[9 2],5,55,57,50,55
1,<environment.Job instance at 0x147b68091dc0>,0,22,[8 2],3,3,25,0,3
1,<environment.Job instance at 0x147b6cdb44b0>,2,2,[6 1],3,3,5,0,3
1,<environment.Job instance at 0x147b6bf74aa0>,3,13,[9 1],5,5,18,0,5
1,<environment.Job instance at 0x147b50808f50>,5,16,[2 5],8,18,34,10,8
1,<environment.Job instance at 0x147b50793690>,0,12,[5 2],1,3,15,2,3
1,<environment.Job instance at 0x147b6c0a0cd0>,1,16,[ 1 10],2,2,18,0,2
1,<environment.Job instance at 0x147b50d990f0>,0,12,[1 5],1,1,13,0,1
1,<environment.Job instance at 0x147b508d59b0>,5,1,[8 1],7,7,8,0,7
1,<environment.Job instance at 0x147b6caf7820>,1,16,[1 8],3,3,19,0,3
1,<environment.Job instance at 0x147b6bf9afa0>,2,12,[ 1 10],4,19,31,15,4
1,<environment.Job instance at 0x147b6a3b4aa0>,1,12,[8 2],2,2,14,0,2
1,<environment.Job instance at 0x147b6bf9a0f0>,2,13,[1 7],3,3,16,0,3
1,<environment.Job instance at 0x147b507842d0>,0,15,[1 8],1,1,16,0,1
1,<environment.Job instance at 0x147b6beab0a0>,1,22,[10  1],3,16,38,13,9
1,<environment.Job instance at 0x147b51010a00>,2,13,[1 5],4,4,17,0,4
1,<environment.Job instance at 0x147b68063730>,1,20,[1 5],2,2,22,0,2
1,<environment.Job instance at 0x147b68063320>,3,12,[5 1],4,5,17,1,5
1,<environment.Job instance at 0x147b6bef8960>,8,14,[2 8],9,22,36,13,9
1,<environment.Job instance at 0x147b6bef8230>,1,15,[6 2],2,2,17,0,2
1,<environment.Job instance at 0x147b6cd6a4b0>,4,3,[2 7],5,5,8,0,5
1,<environment.Job instance at 0x147b6c9fa960>,6,15,[1 8],8,8,23,0,8
1,<environment.Job instance at 0x147b6b17baf0>,0,13,[6 1],1,1,14,0,1
1,<environment.Job instance at 0x147b6b17bb90>,3,17,[8 2],4,14,31,10,4
1,<environment.Job instance at 0x147b6b17b730>,5,17,[2 8],6,7,24,1,7
1,<environment.Job instance at 0x147b6be63eb0>,1,13,[6 1],2,3,16,1,3
1,<environment.Job instance at 0x147b6be63780>,2,12,[1 7],4,4,16,0,4
1,<environment.Job instance at 0x147b6be63410>,4,3,[2 8],6,16,19,10,6
1,<environment.Job instance at 0x147b6be63a50>,6,3,[7 1],8,16,19,8,8
1,<environment.Job instance at 0x147b6be63c80>,7,21,[8 2],9,19,40,10,11
1,<environment.Job instance at 0x147b50fe99b0>,0,3,[1 5],2,2,5,0,2
1,<environment.Job instance at 0x147b50fe96e0>,1,13,[5 1],3,4,17,1,4
1,<environment.Job instance at 0x147b6bf51b90>,3,12,[ 2 10],5,17,29,12,5
1,<environment.Job instance at 0x147b50e62050>,5,15,[8 1],7,7,22,0,7
1,<environment.Job instance at 0x147b50e62960>,0,23,[2 7],1,3,26,2,3
1,<environment.Job instance at 0x147b6c997500>,5,3,[ 1 10],8,26,29,18,8
1,<environment.Job instance at 0x147b6c997640>,0,17,[5 2],2,3,20,1,3
1,<environment.Job instance at 0x147b6c997780>,2,13,[2 8],4,4,17,0,4
1,<environment.Job instance at 0x147b5097ac80>,4,12,[ 2 10],7,20,32,13,7
1,<environment.Job instance at 0x147b5097a050>,1,3,[1 5],4,4,7,0,4
1,<environment.Job instance at 0x147b50ae5b40>,3,17,[1 6],6,7,24,1,7
1,<environment.Job instance at 0x147b681fd910>,5,3,[1 5],8,24,27,16,8
1,<environment.Job instance at 0x147b50e677d0>,2,13,[1 6],3,3,16,0,3
1,<environment.Job instance at 0x147b51137820>,1,16,[6 1],2,2,18,0,2
1,<environment.Job instance at 0x147b50c67c80>,4,17,[10  2],8,18,35,10,8
1,<environment.Job instance at 0x147b50ad2870>,0,16,[1 8],1,1,17,0,1
1,<environment.Job instance at 0x147b6ca1a7d0>,2,17,[9 2],4,4,21,0,4
1,<environment.Job instance at 0x147b6be02370>,3,15,[2 8],5,21,36,16,7
1,<environment.Job instance at 0x147b6be02140>,4,21,[6 1],8,30,51,22,30
1,<environment.Job instance at 0x147b711a6730>,2,14,[1 8],3,3,17,0,3
1,<environment.Job instance at 0x147b50ac55f0>,0,3,[ 2 10],1,1,4,0,1
1,<environment.Job instance at 0x147b50ac5870>,1,24,[9 2],2,4,28,2,2
1,<environment.Job instance at 0x147b51212190>,4,22,[9 1],8,8,30,0,8
1,<environment.Job instance at 0x147b512989b0>,3,12,[1 5],4,1109,1121,1105,1109
1,<environment.Job instance at 0x147b506fdf50>,2,17,[7 1],4,4,21,0,4
1,<environment.Job instance at 0x147b506fd230>,4,16,[5 1],6,21,37,15,19
1,<environment.Job instance at 0x147b506fd500>,0,13,[9 2],2,2,15,0,2
1,<environment.Job instance at 0x147b506ec4b0>,2,12,[1 5],4,4,16,0,4
1,<environment.Job instance at 0x147b73118af0>,6,15,[2 5],9,15,30,6,9
1,<environment.Job instance at 0x147b5112e320>,3,13,[ 2 10],4,4,17,0,4
1,<environment.Job instance at 0x147b5112e280>,5,12,[1 8],7,17,29,10,7
1,<environment.Job instance at 0x147b5112e050>,6,15,[1 9],8,29,44,21,15
1,<environment.Job instance at 0x147b6be12050>,0,24,[1 7],1,2,26,1,2
1,<environment.Job instance at 0x147b6be12500>,2,2,[ 2 10],4,26,28,22,4
1,<environment.Job instance at 0x147b6cd69910>,4,3,[2 7],7,28,31,21,7
1,<environment.Job instance at 0x147b6cd693c0>,5,3,[2 7],9,31,34,22,9
1,<environment.Job instance at 0x147b50ad2730>,2,15,[ 2 10],4,4,19,0,4
1,<environment.Job instance at 0x147b509d8c30>,3,3,[5 1],5,19,22,14,5
1,<environment.Job instance at 0x147b6fec6500>,6,15,[8 1],9,22,37,13,9
1,<environment.Job instance at 0x147b6fec6780>,1,18,[5 1],2,2,20,0,2
1,<environment.Job instance at 0x147b6bece140>,3,12,[8 2],4,20,32,16,4
1,<environment.Job instance at 0x147b50ca9500>,0,3,[2 7],1,1,4,0,1
1,<environment.Job instance at 0x147b6be1f280>,1,18,[2 5],2,4,22,2,2
1,<environment.Job instance at 0x147b50ca9550>,2,18,[6 1],4,4,22,0,4
1,<environment.Job instance at 0x147b6cde4190>,5,16,[5 1],9,22,38,13,14
1,<environment.Job instance at 0x147b50b82320>,0,16,[ 1 10],1,1,17,0,1
1,<environment.Job instance at 0x147b6cde4190>,1,13,[7 2],3,17,30,14,3
1,<environment.Job instance at 0x147b507665f0>,6,16,[2 5],9,9,25,0,9
1,<environment.Job instance at 0x147b50766a00>,1,15,[2 9],3,3,18,0,3
1,<environment.Job instance at 0x147b6c067b40>,3,15,[8 1],5,6,21,1,6
1,<environment.Job instance at 0x147b50d9faf0>,2,3,[1 7],3,3,6,0,3
1,<environment.Job instance at 0x147b50d9f910>,4,12,[ 2 10],5,6,18,1,5
1,<environment.Job instance at 0x147b50d9f870>,6,17,[9 2],7,18,35,11,7
1,<environment.Job instance at 0x147b50d9f2d0>,8,23,[6 2],9,35,58,26,29
1,<environment.Job instance at 0x147b5078f960>,3,17,[6 1],4,4,21,0,4
1,<environment.Job instance at 0x147b508ace60>,2,26,[1 7],3,3,29,0,3
1,<environment.Job instance at 0x147b508acaa0>,3,1,[6 1],4,4,5,0,4
1,<environment.Job instance at 0x147b6bea9c80>,0,14,[2 8],1,1,15,0,1
1,<environment.Job instance at 0x147b6bf20fa0>,1,14,[5 1],2,31,45,29,31
1,<environment.Job instance at 0x147b6bf25690>,0,15,[8 1],1,1,16,0,1
1,<environment.Job instance at 0x147b6a6c4690>,1,13,[6 1],2,2,15,0,2
1,<environment.Job instance at 0x147b50d6a780>,1,13,[9 2],3,3,16,0,3
1,<environment.Job instance at 0x147b6bff1870>,5,3,[1 8],9,9,12,0,9
1,<environment.Job instance at 0x147b6c019e60>,0,3,[1 6],1,1,4,0,1
1,<environment.Job instance at 0x147b6c0194b0>,1,15,[2 6],2,4,19,2,2
1,<environment.Job instance at 0x147b6bff1d20>,2,13,[7 1],6,6,19,0,6
1,<environment.Job instance at 0x147b510943c0>,2,22,[2 9],7,34,56,27,34
1,<environment.Job instance at 0x147b510b5140>,1,3,[6 2],3,3,6,0,3
1,<environment.Job instance at 0x147b7121e2d0>,2,12,[ 1 10],4,6,18,2,4
1,<environment.Job instance at 0x147b7121e550>,3,18,[10  2],5,18,36,13,7
1,<environment.Job instance at 0x147b512fe3c0>,0,18,[1 6],1,2,20,1,2
1,<environment.Job instance at 0x147b50e17320>,4,13,[2 7],6,20,33,14,6
1,<environment.Job instance at 0x147b6a603410>,0,13,[9 1],1,1,14,0,1
1,<environment.Job instance at 0x147b50d524b0>,3,17,[7 1],4,14,31,10,4
1,<environment.Job instance at 0x147b68178fa0>,2,16,[2 9],4,4,20,0,4
1,<environment.Job instance at 0x147b6bfb3780>,5,14,[1 6],9,20,34,11,9
1,<environment.Job instance at 0x147b68159cd0>,2,3,[1 8],3,3,6,0,3
1,<environment.Job instance at 0x147b68159050>,5,20,[1 9],8,8,28,0,8
1,<environment.Job instance at 0x147b68159be0>,6,14,[2 9],9,28,42,19,13
1,<environment.Job instance at 0x147b681597d0>,1,3,[5 2],2,2,5,0,2
1,<environment.Job instance at 0x147b6bf613c0>,2,3,[2 6],3,3,6,0,3
1,<environment.Job instance at 0x147b6cdb60f0>,4,15,[7 2],5,5,20,0,5
1,<environment.Job instance at 0x147b68159be0>,6,15,[1 6],8,8,23,0,8
1,<environment.Job instance at 0x147b6cdb6af0>,0,15,[2 9],2,2,17,0,2
1,<environment.Job instance at 0x147b507a0050>,2,18,[6 1],4,5,23,1,5
1,<environment.Job instance at 0x147b711dadc0>,0,3,[2 6],2,2,5,0,2
1,<environment.Job instance at 0x147b507a04b0>,3,18,[10  2],7,7,25,0,7
1,<environment.Job instance at 0x147b509afc30>,4,16,[2 8],9,25,41,16,18
1,<environment.Job instance at 0x147b510c4370>,0,12,[2 6],1,1,13,0,1
1,<environment.Job instance at 0x147b509afc30>,2,18,[6 2],4,4,22,0,4
1,<environment.Job instance at 0x147b50f4a370>,1,23,[ 1 10],2,5,28,3,5
1,<environment.Job instance at 0x147b50f4afa0>,5,18,[1 9],7,28,46,21,20
1,<environment.Job instance at 0x147b50d4faf0>,2,3,[2 8],4,4,7,0,4
1,<environment.Job instance at 0x147b6a6d1f00>,4,3,[1 6],7,7,10,0,7
1,<environment.Job instance at 0x147b513dc910>,3,1,[2 7],6,6,7,0,6
1,<environment.Job instance at 0x147b50881d70>,4,16,[5 2],9,12,28,3,12
1,<environment.Job instance at 0x147b508950a0>,1,15,[2 6],3,3,18,0,3
1,<environment.Job instance at 0x147b50e19870>,3,3,[2 7],6,18,21,12,6
1,<environment.Job instance at 0x147b51348550>,1,13,[2 5],3,3,16,0,3
1,<environment.Job instance at 0x147b71b83690>,4,20,[6 1],6,6,26,0,6
1,<environment.Job instance at 0x147b6a16e0f0>,0,3,[1 5],2,2,5,0,2
1,<environment.Job instance at 0x147b6a17bc80>,1,21,[7 1],4,4,25,0,4
1,<environment.Job instance at 0x147b50710050>,2,3,[1 7],4,4,7,0,4
1,<environment.Job instance at 0x147b50710f50>,4,17,[1 6],8,10,27,2,10
1,<environment.Job instance at 0x147b511b5780>,0,15,[7 1],2,2,17,0,2
1,<environment.Job instance at 0x147b506fd410>,4,1,[5 2],7,17,18,10,7
1,<environment.Job instance at 0x147b506fd460>,2,3,[5 1],7,7,10,0,7
1,<environment.Job instance at 0x147b50fdce60>,3,16,[2 8],8,8,24,0,8
1,<environment.Job instance at 0x147b506fd2d0>,4,14,[1 5],9,24,38,15,9
1,<environment.Job instance at 0x147b50f2e7d0>,0,16,[10  2],1,1,17,0,1
1,<environment.Job instance at 0x147b50f2e730>,1,14,[8 2],2,17,31,15,2
1,<environment.Job instance at 0x147b6a3b8460>,3,13,[5 1],4,31,44,27,26
1,<environment.Job instance at 0x147b5102d460>,0,17,[7 2],1,1,18,0,1
1,<environment.Job instance at 0x147b5102d960>,5,19,[8 2],8,18,37,10,9
1,<environment.Job instance at 0x147b6fed1690>,0,14,[2 9],2,2,16,0,2
1,<environment.Job instance at 0x147b5102db90>,1,13,[9 2],4,16,29,12,4
1,<environment.Job instance at 0x147b6bdff050>,0,15,[2 6],1,1,16,0,1
1,<environment.Job instance at 0x147b50964690>,1,3,[1 8],5,5,8,0,5
1,<environment.Job instance at 0x147b512cde10>,2,3,[1 7],6,8,11,2,6
1,<environment.Job instance at 0x147b6bdc8a00>,0,14,[1 5],1,1,15,0,1
1,<environment.Job instance at 0x147b50e9cd20>,1,14,[9 1],5,5,19,0,5
1,<environment.Job instance at 0x147b6bdc85a0>,3,16,[2 6],9,19,35,10,9
1,<environment.Job instance at 0x147b6bdc8cd0>,2,16,[ 1 10],5,5,21,0,5
1,<environment.Job instance at 0x147b5084f5f0>,0,21,[ 2 10],2,3,24,1,3
1,<environment.Job instance at 0x147b5084faa0>,2,18,[2 5],4,24,42,20,13
1,<environment.Job instance at 0x147b6cd69820>,7,3,[1 5],9,190,193,181,190
1,<environment.Job instance at 0x147b6a19caa0>,0,15,[5 1],1,1,16,0,1
1,<environment.Job instance at 0x147b512dfa50>,4,3,[1 8],5,5,8,0,5
1,<environment.Job instance at 0x147b512df960>,5,3,[2 7],6,8,11,2,6
1,<environment.Job instance at 0x147b510a1b90>,1,16,[9 2],3,3,19,0,3
1,<environment.Job instance at 0x147b5084c230>,2,2,[10  1],4,4,6,0,4
1,<environment.Job instance at 0x147b5084ca50>,3,13,[6 2],5,6,19,1,5
1,<environment.Job instance at 0x147b50bb4370>,6,18,[ 1 10],9,19,37,10,9
1,<environment.Job instance at 0x147b512ce7d0>,1,1,[9 1],2,2,3,0,2
1,<environment.Job instance at 0x147b50bb4370>,2,17,[9 1],3,3,20,0,3
1,<environment.Job instance at 0x147b71b06460>,1,17,[7 2],3,3,20,0,3
1,<environment.Job instance at 0x147b5127f280>,2,14,[2 7],4,4,18,0,4
1,<environment.Job instance at 0x147b5127faf0>,6,13,[2 8],8,18,31,10,8
1,<environment.Job instance at 0x147b5127f5f0>,7,13,[6 2],9,20,33,11,16
1,<environment.Job instance at 0x147b6a3c2320>,3,3,[1 6],5,5,8,0,5
1,<environment.Job instance at 0x147b50b01550>,0,13,[1 8],1,1,14,0,1
1,<environment.Job instance at 0x147b71b58320>,5,3,[7 2],8,2381,2384,2373,2381
1,<environment.Job instance at 0x147b73135d20>,0,13,[8 2],1,1,14,0,1
1,<environment.Job instance at 0x147b71233780>,0,3,[1 9],2,2,5,0,2
1,<environment.Job instance at 0x147b712336e0>,1,14,[2 9],3,5,19,2,3
1,<environment.Job instance at 0x147b50ec9730>,2,17,[10  2],4,19,36,15,7
1,<environment.Job instance at 0x147b50ec90a0>,5,14,[6 2],9,36,50,27,28
1,<environment.Job instance at 0x147b5101c780>,4,18,[1 7],6,19,37,13,19
1,<environment.Job instance at 0x147b50b2e410>,0,3,[2 7],1,1,4,0,1
1,<environment.Job instance at 0x147b50b2eaf0>,2,13,[10  1],5,5,18,0,5
1,<environment.Job instance at 0x147b51006230>,0,3,[1 7],1,1,4,0,1
1,<environment.Job instance at 0x147b50dbbd20>,0,28,[2 9],1,11,39,10,11
1,<environment.Job instance at 0x147b50e44a50>,1,13,[2 7],2,2,15,0,2
1,<environment.Job instance at 0x147b50774690>,7,3,[2 6],9,15,18,6,9
1,<environment.Job instance at 0x147b50821460>,0,3,[1 5],1,1,4,0,1
1,<environment.Job instance at 0x147b6814b1e0>,2,18,[2 5],3,3,21,0,3
1,<environment.Job instance at 0x147b6814bfa0>,1,13,[9 2],4,4,17,0,4
1,<environment.Job instance at 0x147b6cae2320>,4,12,[1 5],9,9,21,0,9
1,<environment.Job instance at 0x147b6c04b4b0>,1,12,[6 1],3,3,15,0,3
1,<environment.Job instance at 0x147b6be017d0>,4,18,[2 6],6,8,26,2,8
1,<environment.Job instance at 0x147b507a99b0>,3,15,[5 1],6,7,22,1,7
1,<environment.Job instance at 0x147b507a9370>,5,25,[5 2],8,19,44,11,19
1,<environment.Job instance at 0x147b507a9190>,3,3,[2 9],4,4,7,0,4
1,<environment.Job instance at 0x147b50d69cd0>,4,18,[5 2],5,393,411,388,393
1,<environment.Job instance at 0x147b50d515a0>,0,12,[10  2],1,1,13,0,1
1,<environment.Job instance at 0x147b50cb6af0>,3,27,[9 1],5,13,40,8,11
1,<environment.Job instance at 0x147b50cb67d0>,6,2,[2 9],8,73,75,65,73
1,<environment.Job instance at 0x147b50cb6c30>,0,18,[1 7],2,3,21,1,3
1,<environment.Job instance at 0x147b50892370>,2,18,[1 8],4,21,39,17,10
1,<environment.Job instance at 0x147b509a1b90>,1,2,[1 7],2,2,4,0,2
1,<environment.Job instance at 0x147b6c0b50f0>,2,17,[1 5],3,4,21,1,3
1,<environment.Job instance at 0x147b6c0b5be0>,3,18,[6 2],4,4,22,0,4
1,<environment.Job instance at 0x147b680bd050>,0,12,[1 7],3,3,15,0,3
1,<environment.Job instance at 0x147b50ab9c80>,2,17,[5 2],6,8,25,2,8
1,<environment.Job instance at 0x147b6bedf690>,3,3,[1 9],9,9,12,0,9
1,<environment.Job instance at 0x147b508945f0>,1,17,[ 1 10],2,2,19,0,2
1,<environment.Job instance at 0x147b50aa48c0>,1,12,[9 1],2,2,14,0,2
1,<environment.Job instance at 0x147b50aa4d70>,2,14,[2 6],3,14,28,11,3
1,<environment.Job instance at 0x147b50aa46e0>,3,18,[8 1],4,14,32,10,6
1,<environment.Job instance at 0x147b50aa47d0>,6,19,[8 1],8,32,51,24,22
1,<environment.Job instance at 0x147b6bf4fc80>,0,17,[6 1],1,1,18,0,1
1,<environment.Job instance at 0x147b6bf4f7d0>,2,12,[7 1],3,18,30,15,4
1,<environment.Job instance at 0x147b6bf4fd20>,4,12,[ 2 10],5,30,42,25,13
1,<environment.Job instance at 0x147b513e2370>,7,2,[2 7],8,671,673,663,671
1,<environment.Job instance at 0x147b513e2370>,2,17,[1 6],4,4,21,0,4
1,<environment.Job instance at 0x147b513e2d70>,3,16,[9 2],7,7,23,0,7
1,<environment.Job instance at 0x147b6ca593c0>,2,2,[2 7],3,3,5,0,3
1,<environment.Job instance at 0x147b71add780>,3,3,[5 2],5,5,8,0,5
1,<environment.Job instance at 0x147b6bf54aa0>,6,2,[2 7],8,8,10,0,8
1,<environment.Job instance at 0x147b681dc640>,6,2,[1 5],9,9,11,0,9
1,<environment.Job instance at 0x147b6815f5a0>,1,3,[2 6],2,2,5,0,2
1,<environment.Job instance at 0x147b6815f780>,2,15,[9 1],3,5,20,2,3
1,<environment.Job instance at 0x147b508ed460>,5,17,[8 2],7,20,37,13,13
1,<environment.Job instance at 0x147b508eddc0>,1,13,[ 2 10],3,3,16,0,3
1,<environment.Job instance at 0x147b71b032d0>,6,3,[2 6],9,16,19,7,9
1,<environment.Job instance at 0x147b71b03870>,2,12,[6 1],3,3,15,0,3
1,<environment.Job instance at 0x147b71b032d0>,4,16,[6 2],6,15,31,9,6
1,<environment.Job instance at 0x147b507a9e60>,5,18,[2 8],7,9,27,2,9
1,<environment.Job instance at 0x147b6c0bebe0>,0,3,[2 7],6,6,9,0,6
1,<environment.Job instance at 0x147b50c3ebe0>,1,13,[1 5],7,9,22,2,7
1,<environment.Job instance at 0x147b682049b0>,1,2,[1 6],5,5,7,0,5
1,<environment.Job instance at 0x147b50df8f50>,0,15,[ 1 10],2,2,17,0,2
1,<environment.Job instance at 0x147b50df8dc0>,1,18,[8 1],3,17,35,14,6
1,<environment.Job instance at 0x147b6c057370>,4,12,[1 6],9,17,29,8,9
1,<environment.Job instance at 0x147b6c057370>,2,1,[7 2],3,3,4,0,3
1,<environment.Job instance at 0x147b6be320f0>,3,1,[2 8],4,4,5,0,4
1,<environment.Job instance at 0x147b6be32910>,4,16,[7 1],5,5,21,0,5
1,<environment.Job instance at 0x147b6be32280>,5,27,[1 5],6,6,33,0,6
1,<environment.Job instance at 0x147b6be320a0>,7,3,[2 7],8,33,36,25,8
1,<environment.Job instance at 0x147b5120a910>,5,3,[8 2],6,9,12,3,9
1,<environment.Job instance at 0x147b6be3f5a0>,0,13,[2 7],2,2,15,0,2
1,<environment.Job instance at 0x147b50dd10f0>,3,3,[2 8],6,15,18,9,6
1,<environment.Job instance at 0x147b50b29410>,4,14,[1 5],7,18,32,11,7
1,<environment.Job instance at 0x147b50e33820>,1,12,[1 7],3,3,15,0,3
1,<environment.Job instance at 0x147b50e337d0>,6,3,[1 5],8,15,18,7,8
1,<environment.Job instance at 0x147b50e335a0>,7,13,[8 2],9,9,22,0,9
1,<environment.Job instance at 0x147b50e335a0>,2,16,[ 2 10],4,4,20,0,4
1,<environment.Job instance at 0x147b6caa71e0>,4,16,[7 2],8,20,36,12,8
1,<environment.Job instance at 0x147b6caa7550>,2,12,[2 6],3,3,15,0,3
1,<environment.Job instance at 0x147b6806ff50>,4,18,[10  2],5,15,33,10,5
1,<environment.Job instance at 0x147b508ef960>,0,27,[ 1 10],1,3,30,2,3
1,<environment.Job instance at 0x147b7117f7d0>,0,16,[10  2],1,1,17,0,1
1,<environment.Job instance at 0x147b508ef8c0>,2,14,[6 2],3,17,31,14,3
1,<environment.Job instance at 0x147b7117f5f0>,3,13,[6 1],4,31,44,27,15
1,<environment.Job instance at 0x147b6e047c80>,1,3,[2 8],3,3,6,0,3
1,<environment.Job instance at 0x147b508aa1e0>,5,12,[2 7],9,9,21,0,9
1,<environment.Job instance at 0x147b50c70320>,0,20,[1 6],1,2,22,1,2
1,<environment.Job instance at 0x147b71473c30>,4,12,[9 2],5,5,17,0,5
1,<environment.Job instance at 0x147b6bf11280>,5,28,[9 1],7,17,45,10,16
1,<environment.Job instance at 0x147b71482460>,0,25,[2 8],2,4,29,2,4
1,<environment.Job instance at 0x147b507acdc0>,1,27,[8 2],3,3,30,0,3
1,<environment.Job instance at 0x147b507acbe0>,2,18,[6 2],5,30,48,25,19
1,<environment.Job instance at 0x147b681e35a0>,4,3,[1 8],6,6,9,0,6
1,<environment.Job instance at 0x147b50c38960>,5,16,[2 5],8,9,25,1,8
1,<environment.Job instance at 0x147b681e37d0>,6,15,[ 1 10],9,25,40,16,11
1,<environment.Job instance at 0x147b5115b3c0>,1,17,[2 9],2,2,19,0,2
1,<environment.Job instance at 0x147b6a6255f0>,3,12,[5 1],5,7,19,2,7
1,<environment.Job instance at 0x147b508b7e60>,7,14,[1 8],9,19,33,10,9
1,<environment.Job instance at 0x147b508b7820>,1,19,[1 8],4,6,25,2,6
1,<environment.Job instance at 0x147b50ea9e10>,3,18,[8 2],7,7,25,0,7
1,<environment.Job instance at 0x147b50cc8370>,2,14,[7 1],6,6,20,0,6
1,<environment.Job instance at 0x147b72028410>,4,3,[1 7],7,7,10,0,7
1,<environment.Job instance at 0x147b50998460>,1,18,[10  1],6,6,24,0,6
1,<environment.Job instance at 0x147b50e3efa0>,2,21,[2 7],7,24,45,17,22
1,<environment.Job instance at 0x147b71473320>,1,1,[2 8],2,2,3,0,2
1,<environment.Job instance at 0x147b6c9400f0>,2,12,[5 1],3,4,16,1,4
1,<environment.Job instance at 0x147b6be9b9b0>,1,15,[2 5],2,2,17,0,2
1,<environment.Job instance at 0x147b6be9bd70>,2,15,[1 5],3,3,18,0,3
1,<environment.Job instance at 0x147b6be9b280>,4,14,[9 2],6,17,31,11,6
1,<environment.Job instance at 0x147b71462780>,0,13,[ 1 10],1,1,14,0,1
1,<environment.Job instance at 0x147b6be9be60>,1,12,[2 8],2,14,26,12,2
1,<environment.Job instance at 0x147b6a642e60>,1,17,[6 2],2,2,19,0,2
1,<environment.Job instance at 0x147b6a6428c0>,4,16,[1 6],6,6,22,0,6
1,<environment.Job instance at 0x147b50a103c0>,5,18,[6 1],7,19,37,12,11
1,<environment.Job instance at 0x147b5130a050>,3,27,[1 8],4,6,33,2,6
1,<environment.Job instance at 0x147b5130a460>,2,15,[9 1],5,5,20,0,5
1,<environment.Job instance at 0x147b50e55640>,6,18,[1 8],9,9,27,0,9
1,<environment.Job instance at 0x147b50e55d20>,1,12,[6 2],3,3,15,0,3
1,<environment.Job instance at 0x147b7111f780>,2,18,[7 1],4,15,33,11,4
1,<environment.Job instance at 0x147b711b00a0>,6,3,[1 5],8,8,11,0,8
1,<environment.Job instance at 0x147b711b0050>,7,2,[1 9],9,11,13,2,9
1,<environment.Job instance at 0x147b50754e10>,0,12,[9 2],1,1,13,0,1
1,<environment.Job instance at 0x147b6c0a49b0>,4,14,[2 9],6,6,20,0,6
1,<environment.Job instance at 0x147b6814aa50>,2,2,[2 7],5,5,7,0,5
1,<environment.Job instance at 0x147b6cd15730>,2,17,[6 2],3,3,20,0,3
1,<environment.Job instance at 0x147b6c98f780>,6,17,[2 8],8,8,25,0,8
1,<environment.Job instance at 0x147b511df6e0>,0,13,[2 5],1,1,14,0,1
1,<environment.Job instance at 0x147b6be72e10>,3,16,[2 6],6,14,30,8,6
1,<environment.Job instance at 0x147b714512d0>,1,3,[2 7],2,2,5,0,2
1,<environment.Job instance at 0x147b711ffc80>,2,17,[6 1],3,3,20,0,3
1,<environment.Job instance at 0x147b711ff910>,4,15,[2 6],6,6,21,0,6
1,<environment.Job instance at 0x147b68082be0>,6,13,[2 9],9,21,34,12,9
1,<environment.Job instance at 0x147b68082b40>,1,3,[2 9],2,2,5,0,2
1,<environment.Job instance at 0x147b50d95eb0>,2,3,[2 9],4,4,7,0,4
1,<environment.Job instance at 0x147b50a9d4b0>,3,19,[1 5],5,7,26,2,5
1,<environment.Job instance at 0x147b6bef4910>,6,16,[9 1],9,9,25,0,9
1,<environment.Job instance at 0x147b6bef4910>,3,15,[9 1],4,4,19,0,4
1,<environment.Job instance at 0x147b51134a50>,6,12,[10  1],8,19,31,11,8
1,<environment.Job instance at 0x147b506fc3c0>,2,3,[1 9],4,4,7,0,4
1,<environment.Job instance at 0x147b5072feb0>,0,15,[2 7],1,1,16,0,1
1,<environment.Job instance at 0x147b5072f320>,3,20,[9 1],4,16,36,12,11
1,<environment.Job instance at 0x147b71b32e10>,3,13,[9 2],5,5,18,0,5
1,<environment.Job instance at 0x147b50cb6d70>,0,19,[5 2],2,3,22,1,3
1,<environment.Job instance at 0x147b50b30230>,3,15,[7 2],6,22,37,16,8
1,<environment.Job instance at 0x147b6a3d0460>,1,1,[2 8],2,2,3,0,2
1,<environment.Job instance at 0x147b6a3d0af0>,2,17,[2 9],3,3,20,0,3
1,<environment.Job instance at 0x147b71bc9cd0>,3,15,[ 2 10],4,20,35,16,6
1,<environment.Job instance at 0x147b5073ee60>,1,14,[2 5],2,2,16,0,2
1,<environment.Job instance at 0x147b5073e7d0>,3,18,[7 1],5,5,23,0,5
1,<environment.Job instance at 0x147b5073e410>,6,17,[8 1],8,23,40,15,11
1,<environment.Job instance at 0x147b50fd4c30>,1,17,[ 2 10],3,3,20,0,3
1,<environment.Job instance at 0x147b5080ac30>,4,17,[9 1],7,20,37,13,8
1,<environment.Job instance at 0x147b71afa0a0>,2,18,[ 1 10],4,9,27,5,9
1,<environment.Job instance at 0x147b6805c8c0>,0,18,[7 2],3,3,21,0,3
1,<environment.Job instance at 0x147b71b0f4b0>,4,17,[ 1 10],8,21,38,13,17
1,<environment.Job instance at 0x147b511efd20>,0,20,[9 1],1,1,21,0,1
1,<environment.Job instance at 0x147b508fa5f0>,3,13,[10  2],4,21,34,17,5
1,<environment.Job instance at 0x147b50a48230>,1,20,[9 2],4,4,24,0,4
1,<environment.Job instance at 0x147b50d81e10>,2,16,[7 1],6,24,40,18,15
1,<environment.Job instance at 0x147b680e8820>,4,16,[8 1],5,5,21,0,5
1,<environment.Job instance at 0x147b50fe8cd0>,6,13,[8 2],8,21,34,13,8
1,<environment.Job instance at 0x147b5086f5f0>,2,3,[ 2 10],4,4,7,0,4
1,<environment.Job instance at 0x147b5086f7d0>,3,3,[1 7],7,7,10,0,7
1,<environment.Job instance at 0x147b71212640>,0,3,[1 7],1,1,4,0,1
1,<environment.Job instance at 0x147b71212050>,1,12,[10  2],2,4,16,2,2
1,<environment.Job instance at 0x147b71212550>,5,17,[1 7],9,16,33,7,12
1,<environment.Job instance at 0x147b6a6085f0>,5,15,[ 2 10],8,8,23,0,8
1,<environment.Job instance at 0x147b509cc140>,0,19,[2 7],1,445,464,444,445
1,<environment.Job instance at 0x147b509cca50>,2,18,[2 8],4,5,23,1,5
1,<environment.Job instance at 0x147b6a1700a0>,0,14,[2 9],2,2,16,0,2
1,<environment.Job instance at 0x147b508acc30>,2,18,[1 5],4,16,34,12,9
1,<environment.Job instance at 0x147b508ac910>,6,2,[ 2 10],9,79,81,70,79
1,<environment.Job instance at 0x147b50ae6640>,5,23,[1 7],7,7,30,0,7
1,<environment.Job instance at 0x147b6be75a00>,1,12,[2 8],5,5,17,0,5
1,<environment.Job instance at 0x147b50ae6050>,3,14,[7 1],8,10,24,2,10
1,<environment.Job instance at 0x147b51364050>,3,17,[9 1],8,8,25,0,8
1,<environment.Job instance at 0x147b6be05690>,4,13,[9 1],9,25,38,16,9
1,<environment.Job instance at 0x147b6cd04a50>,2,13,[6 2],4,4,17,0,4
1,<environment.Job instance at 0x147b6cd04500>,5,3,[1 5],7,7,10,0,7
1,<environment.Job instance at 0x147b6cd04d70>,6,28,[5 2],8,17,45,9,16
1,<environment.Job instance at 0x147b6c09b1e0>,0,18,[2 9],1,1,19,0,1
1,<environment.Job instance at 0x147b6c09b0a0>,5,3,[2 7],7,19,22,12,7
1,<environment.Job instance at 0x147b71bb8be0>,1,3,[2 7],2,2,5,0,2
1,<environment.Job instance at 0x147b711dee60>,1,3,[2 8],2,2,5,0,2
1,<environment.Job instance at 0x147b680636e0>,3,2,[10  2],6,6,8,0,6
1,<environment.Job instance at 0x147b50d4ab40>,0,13,[9 2],1,1,14,0,1
1,<environment.Job instance at 0x147b6be5d320>,1,1,[8 2],2,2,3,0,2
1,<environment.Job instance at 0x147b6be09780>,1,23,[1 6],3,4,27,1,4
1,<environment.Job instance at 0x147b6ca1bc80>,3,13,[5 2],5,6,19,1,6
1,<environment.Job instance at 0x147b6ca1b780>,6,3,[10  2],8,27,30,19,8
1,<environment.Job instance at 0x147b6a16d7d0>,0,14,[8 2],1,1,15,0,1
1,<environment.Job instance at 0x147b6a16d320>,5,18,[2 6],7,11,29,4,11
1,<environment.Job instance at 0x147b6bdc8140>,0,12,[2 7],1,1,13,0,1
1,<environment.Job instance at 0x147b7110c730>,4,13,[7 2],7,7,20,0,7
1,<environment.Job instance at 0x147b50ee5b90>,0,26,[9 2],1,1,27,0,1
1,<environment.Job instance at 0x147b6bf589b0>,4,15,[10  1],9,27,42,18,13
1,<environment.Job instance at 0x147b6bf580a0>,1,14,[2 9],4,4,18,0,4
1,<environment.Job instance at 0x147b71187960>,4,12,[1 8],8,18,30,10,8
1,<environment.Job instance at 0x147b71187960>,2,18,[9 1],6,6,24,0,6
1,<environment.Job instance at 0x147b509523c0>,1,3,[1 5],3,3,6,0,3
1,<environment.Job instance at 0x147b509529b0>,2,14,[2 8],4,6,20,2,4
1,<environment.Job instance at 0x147b511e07d0>,4,16,[6 1],6,8,24,2,8
1,<environment.Job instance at 0x147b511e09b0>,0,19,[9 1],4,4,23,0,4
1,<environment.Job instance at 0x147b510a3e10>,0,12,[8 2],1,1,13,0,1
1,<environment.Job instance at 0x147b510a3910>,1,3,[2 6],2,2,5,0,2
1,<environment.Job instance at 0x147b510a3410>,3,21,[1 8],4,6,27,2,6
1,<environment.Job instance at 0x147b510a37d0>,6,12,[6 1],7,13,25,6,7
1,<environment.Job instance at 0x147b51386f00>,0,17,[9 1],1,1,18,0,1
1,<environment.Job instance at 0x147b51386eb0>,3,19,[10  1],4,18,37,14,8
1,<environment.Job instance at 0x147b50ec3410>,0,14,[10  2],1,1,15,0,1
1,<environment.Job instance at 0x147b6be73820>,0,16,[ 2 10],2,2,18,0,2
1,<environment.Job instance at 0x147b509722d0>,1,3,[2 6],4,18,21,14,4
1,<environment.Job instance at 0x147b511b6140>,4,13,[5 1],7,18,31,11,9
1,<environment.Job instance at 0x147b6bf3b0f0>,0,14,[1 8],1,1,15,0,1
1,<environment.Job instance at 0x147b6c075a50>,0,14,[9 1],1,1,15,0,1
1,<environment.Job instance at 0x147b6c0752d0>,1,18,[10  1],4,15,33,11,4
1,<environment.Job instance at 0x147b50a970f0>,0,17,[2 6],1,1,18,0,1
1,<environment.Job instance at 0x147b50a97d20>,1,14,[1 9],3,18,32,15,6
1,<environment.Job instance at 0x147b511d2370>,1,17,[2 9],3,4,21,1,4
1,<environment.Job instance at 0x147b511d2640>,2,18,[6 1],5,5,23,0,5
1,<environment.Job instance at 0x147b508b50a0>,0,16,[7 1],3,3,19,0,3
1,<environment.Job instance at 0x147b6beb4550>,0,13,[7 2],1,1,14,0,1
1,<environment.Job instance at 0x147b50df8910>,2,18,[9 1],3,14,32,11,3
1,<environment.Job instance at 0x147b6e055b40>,0,3,[2 6],1,1,4,0,1
1,<environment.Job instance at 0x147b681da7d0>,1,19,[9 2],3,4,23,1,3
1,<environment.Job instance at 0x147b510c4a50>,0,15,[1 7],1,1,16,0,1
1,<environment.Job instance at 0x147b510c4eb0>,3,12,[ 1 10],8,16,28,8,8
1,<environment.Job instance at 0x147b71af55a0>,0,3,[2 7],1,1,4,0,1
1,<environment.Job instance at 0x147b71a98aa0>,2,16,[5 2],5,6,22,1,6
1,<environment.Job instance at 0x147b507e38c0>,1,13,[ 1 10],2,2,15,0,2
1,<environment.Job instance at 0x147b6cd496e0>,0,20,[8 1],1,1,21,0,1
1,<environment.Job instance at 0x147b71b97e10>,0,17,[9 2],1,1,18,0,1
1,<environment.Job instance at 0x147b71b97cd0>,1,18,[2 6],2,18,36,16,7
1,<environment.Job instance at 0x147b50a66cd0>,5,2,[5 1],8,8,10,0,8
1,<environment.Job instance at 0x147b509c2690>,1,3,[2 6],2,2,5,0,2
1,<environment.Job instance at 0x147b50d26e10>,1,3,[1 5],2,2,5,0,2
1,<environment.Job instance at 0x147b5115b9b0>,2,12,[1 6],3,5,17,2,3
1,<environment.Job instance at 0x147b6be7b500>,4,12,[9 1],6,6,18,0,6
1,<environment.Job instance at 0x147b6bf0e190>,1,16,[1 6],5,5,21,0,5
1,<environment.Job instance at 0x147b512ecaa0>,2,13,[9 1],6,7,20,1,7
1,<environment.Job instance at 0x147b512ec9b0>,5,12,[ 1 10],9,21,33,12,9
1,<environment.Job instance at 0x147b6805cdc0>,0,26,[ 2 10],2,5,31,3,5
1,<environment.Job instance at 0x147b6805c3c0>,3,3,[6 2],7,31,34,24,7
1,<environment.Job instance at 0x147b507a0dc0>,0,17,[ 1 10],2,4,21,2,4
1,<environment.Job instance at 0x147b6c054820>,5,12,[2 9],7,21,33,14,7
1,<environment.Job instance at 0x147b6c057190>,0,15,[2 5],1,1,16,0,1
1,<environment.Job instance at 0x147b50e68aa0>,2,27,[7 1],3,3,30,0,3
1,<environment.Job instance at 0x147b6be11af0>,2,12,[1 8],4,4,16,0,4
1,<environment.Job instance at 0x147b6caf44b0>,6,14,[1 6],8,16,30,8,8
1,<environment.Job instance at 0x147b6809a4b0>,0,3,[2 5],1,1,4,0,1
1,<environment.Job instance at 0x147b51147d70>,5,28,[7 1],8,8,36,0,8
1,<environment.Job instance at 0x147b511471e0>,3,28,[2 9],5,47,75,42,47
1,<environment.Job instance at 0x147b6a3d3320>,2,1,[5 1],6,6,7,0,6
1,<environment.Job instance at 0x147b6beeb2d0>,3,12,[2 6],6,6,18,0,6
1,<environment.Job instance at 0x147b71aee960>,2,17,[7 1],6,6,23,0,6
1,<environment.Job instance at 0x147b51017780>,3,13,[7 1],7,23,36,16,7
1,<environment.Job instance at 0x147b6a6a8780>,0,18,[2 7],1,1,19,0,1
1,<environment.Job instance at 0x147b6a6a86e0>,5,14,[9 1],7,19,33,12,7
1,<environment.Job instance at 0x147b50cf32d0>,0,3,[2 9],1,1,4,0,1
1,<environment.Job instance at 0x147b6cda0640>,2,3,[1 9],6,6,9,0,6
1,<environment.Job instance at 0x147b6cda0e60>,4,1,[9 1],8,8,9,0,8
1,<environment.Job instance at 0x147b511fbc30>,0,3,[2 6],1,1,4,0,1
1,<environment.Job instance at 0x147b511fbb90>,1,15,[2 9],2,4,19,2,2
1,<environment.Job instance at 0x147b71b3ee10>,7,25,[2 9],9,38,63,29,38
1,<environment.Job instance at 0x147b71b40690>,2,12,[10  2],5,5,17,0,5
1,<environment.Job instance at 0x147b6a60a0a0>,5,18,[1 8],8,17,35,9,13
1,<environment.Job instance at 0x147b6a640aa0>,0,1,[2 5],1,1,2,0,1
1,<environment.Job instance at 0x147b50b14b90>,4,17,[2 7],9,9,26,0,9
1,<environment.Job instance at 0x147b50b14b90>,1,27,[7 2],3,3,30,0,3
1,<environment.Job instance at 0x147b50bb4cd0>,2,12,[ 1 10],4,4,16,0,4
1,<environment.Job instance at 0x147b50f9e780>,2,14,[5 2],4,4,18,0,4
1,<environment.Job instance at 0x147b50f9e870>,5,2,[1 6],7,7,9,0,7
1,<environment.Job instance at 0x147b6a6031e0>,0,1,[2 5],2,2,3,0,2
1,<environment.Job instance at 0x147b734d4230>,2,20,[7 1],6,6,26,0,6
1,<environment.Job instance at 0x147b711f40f0>,2,2,[2 6],5,5,7,0,5
1,<environment.Job instance at 0x147b711f4230>,5,13,[2 5],8,8,21,0,8
1,<environment.Job instance at 0x147b711f4a50>,6,18,[2 5],9,9,27,0,9
1,<environment.Job instance at 0x147b6bf429b0>,0,18,[1 7],1,4,22,3,4
1,<environment.Job instance at 0x147b50df0af0>,2,27,[5 2],4,6,33,2,6
1,<environment.Job instance at 0x147b68022780>,0,16,[10  1],1,1,17,0,1
1,<environment.Job instance at 0x147b5135e5f0>,2,3,[1 7],5,5,8,0,5
1,<environment.Job instance at 0x147b5135e2d0>,3,16,[6 1],6,6,22,0,6
1,<environment.Job instance at 0x147b71b5ea00>,1,13,[5 2],3,8,21,5,8
1,<environment.Job instance at 0x147b73af3d70>,1,16,[10  1],2,2,18,0,2
1,<environment.Job instance at 0x147b512d6b90>,5,13,[6 1],7,18,31,11,9
1,<environment.Job instance at 0x147b512d6b90>,1,3,[1 5],3,3,6,0,3
1,<environment.Job instance at 0x147b6cd0c230>,3,18,[6 1],5,5,23,0,5
1,<environment.Job instance at 0x147b681afd20>,5,21,[9 1],8,23,44,15,15
1,<environment.Job instance at 0x147b681bf550>,1,1,[5 1],2,2,3,0,2
1,<environment.Job instance at 0x147b6c9d7cd0>,1,3,[2 8],3,3,6,0,3
1,<environment.Job instance at 0x147b680bc460>,6,3,[2 5],9,634,637,625,634
1,<environment.Job instance at 0x147b680bcaa0>,1,17,[8 2],4,4,21,0,4
1,<environment.Job instance at 0x147b6cd756e0>,4,18,[1 5],8,8,26,0,8
1,<environment.Job instance at 0x147b6cd75870>,5,12,[10  1],9,26,38,17,9
1,<environment.Job instance at 0x147b71af5f50>,1,15,[5 2],3,5,20,2,5
1,<environment.Job instance at 0x147b6cde2960>,1,13,[2 7],4,4,17,0,4
1,<environment.Job instance at 0x147b50a1c4b0>,0,19,[2 7],1,2,21,1,2
1,<environment.Job instance at 0x147b50774be0>,2,18,[7 2],4,4,22,0,4
1,<environment.Job instance at 0x147b6e043af0>,3,18,[2 6],5,7,25,2,7
1,<environment.Job instance at 0x147b6e043be0>,5,13,[2 8],8,25,38,17,9
1,<environment.Job instance at 0x147b71168690>,2,19,[1 7],6,8,27,2,8
1,<environment.Job instance at 0x147b711ef820>,3,14,[2 5],6,6,20,0,6
1,<environment.Job instance at 0x147b71af6eb0>,6,25,[ 2 10],9,85,110,76,85
1,<environment.Job instance at 0x147b711f55f0>,1,14,[5 2],2,2,16,0,2
1,<environment.Job instance at 0x147b50ab00f0>,3,3,[1 6],6,6,9,0,6
1,<environment.Job instance at 0x147b50ab0230>,4,17,[2 6],7,9,26,2,7
1,<environment.Job instance at 0x147b50ab0870>,0,17,[2 5],2,2,19,0,2
1,<environment.Job instance at 0x147b680df780>,3,3,[1 6],5,19,22,14,5
1,<environment.Job instance at 0x147b6cdd6a50>,4,15,[6 1],6,30,45,24,30
1,<environment.Job instance at 0x147b6cdd6d70>,7,1,[10  1],9,428,429,419,428
1,<environment.Job instance at 0x147b6cdde500>,0,3,[1 9],1,1,4,0,1
1,<environment.Job instance at 0x147b6c0be780>,6,3,[1 9],9,9,12,0,9
1,<environment.Job instance at 0x147b5101c140>,2,1,[10  1],3,3,4,0,3
1,<environment.Job instance at 0x147b512145a0>,3,3,[2 5],4,4,7,0,4
1,<environment.Job instance at 0x147b50afd0f0>,0,15,[ 1 10],1,1,16,0,1
1,<environment.Job instance at 0x147b51214190>,2,18,[6 1],4,16,34,12,5
1,<environment.Job instance at 0x147b711f4690>,5,18,[5 2],8,34,52,26,23
1,<environment.Job instance at 0x147b50c3ee60>,0,16,[5 1],1,2,18,1,2
1,<environment.Job instance at 0x147b6c0dbaf0>,3,17,[9 2],6,18,35,12,6
1,<environment.Job instance at 0x147b73a83820>,0,23,[7 1],1,1,24,0,1
1,<environment.Job instance at 0x147b71485730>,5,13,[1 8],8,8,21,0,8
1,<environment.Job instance at 0x147b71468050>,0,17,[6 2],1,1,18,0,1
1,<environment.Job instance at 0x147b71450870>,1,18,[10  1],3,3,21,0,3
1,<environment.Job instance at 0x147b71450fa0>,2,15,[5 2],5,21,36,16,17
1,<environment.Job instance at 0x147b50b9eb40>,4,3,[1 8],5,5,8,0,5
1,<environment.Job instance at 0x147b50b9e0a0>,0,18,[ 1 10],2,4,22,2,4
1,<environment.Job instance at 0x147b6813b280>,3,14,[8 2],7,22,36,15,7
1,<environment.Job instance at 0x147b6bf559b0>,5,12,[10  1],9,9,21,0,9
1,<environment.Job instance at 0x147b509c6320>,3,3,[2 8],7,7,10,0,7
1,<environment.Job instance at 0x147b71bfd230>,1,14,[1 7],2,2,16,0,2
1,<environment.Job instance at 0x147b50fb2cd0>,4,2,[10  2],5,16,18,11,5
1,<environment.Job instance at 0x147b51299b90>,3,12,[1 9],4,4,16,0,4
1,<environment.Job instance at 0x147b51299af0>,5,12,[8 1],6,6,18,0,6
1,<environment.Job instance at 0x147b681fb8c0>,1,15,[2 5],3,3,18,0,3
1,<environment.Job instance at 0x147b71127d20>,3,14,[1 8],7,18,32,11,7
1,<environment.Job instance at 0x147b71127d20>,2,17,[7 2],6,6,23,0,6
1,<environment.Job instance at 0x147b680590f0>,1,17,[7 1],3,3,20,0,3
1,<environment.Job instance at 0x147b50cc7eb0>,4,16,[7 1],8,20,36,12,8
1,<environment.Job instance at 0x147b50cc7c80>,1,17,[5 1],3,3,20,0,3
1,<environment.Job instance at 0x147b50a94960>,3,17,[7 1],5,20,37,15,8
1,<environment.Job instance at 0x147b6a6825f0>,0,18,[5 2],1,1,19,0,1
1,<environment.Job instance at 0x147b6a682780>,3,12,[1 6],5,5,17,0,5
1,<environment.Job instance at 0x147b6a6823c0>,2,21,[6 2],3,3,24,0,3
1,<environment.Job instance at 0x147b6c0e0870>,5,17,[1 8],6,6,23,0,6
1,<environment.Job instance at 0x147b6c0e0320>,7,14,[2 5],8,23,37,15,8
1,<environment.Job instance at 0x147b511edd20>,0,20,[1 6],1,2,22,1,2
1,<environment.Job instance at 0x147b681e33c0>,3,13,[6 2],4,4,17,0,4
1,<environment.Job instance at 0x147b6be17dc0>,3,16,[9 2],5,5,21,0,5
1,<environment.Job instance at 0x147b5111a960>,4,18,[10  1],9,21,39,12,10
1,<environment.Job instance at 0x147b711b30a0>,0,14,[8 2],1,1,15,0,1
1,<environment.Job instance at 0x147b512e9460>,3,22,[10  2],4,15,37,11,8
1,<environment.Job instance at 0x147b512e9af0>,6,1,[6 2],8,45,46,37,45
1,<environment.Job instance at 0x147b50c82460>,5,13,[1 6],8,8,21,0,8
1,<environment.Job instance at 0x147b6bfc5050>,0,12,[10  2],2,2,14,0,2
1,<environment.Job instance at 0x147b71218d20>,4,13,[6 2],9,14,27,5,10
1,<environment.Job instance at 0x147b6a18d5f0>,3,17,[9 1],4,4,21,0,4
1,<environment.Job instance at 0x147b512e7230>,0,18,[8 2],1,1,19,0,1
1,<environment.Job instance at 0x147b711cd190>,2,12,[1 7],4,4,16,0,4
1,<environment.Job instance at 0x147b50972370>,5,14,[ 2 10],8,16,30,8,8
1,<environment.Job instance at 0x147b50972aa0>,1,18,[5 1],3,3,21,0,3
1,<environment.Job instance at 0x147b50972370>,2,16,[2 6],4,4,20,0,4
1,<environment.Job instance at 0x147b512216e0>,4,15,[5 1],7,20,35,13,7
1,<environment.Job instance at 0x147b6800d190>,2,13,[8 1],7,7,20,0,7
1,<environment.Job instance at 0x147b50aa92d0>,3,2,[5 1],8,326,328,318,326
1,<environment.Job instance at 0x147b5097caf0>,0,18,[5 1],1,2,20,1,2
1,<environment.Job instance at 0x147b5097c190>,2,13,[7 1],5,20,33,15,5
1,<environment.Job instance at 0x147b50b5ca00>,0,22,[7 1],1,1,23,0,1
1,<environment.Job instance at 0x147b6be1be10>,4,18,[1 6],7,17,35,10,17
1,<environment.Job instance at 0x147b681bd190>,2,3,[1 8],5,5,8,0,5
1,<environment.Job instance at 0x147b681bdcd0>,3,12,[5 1],6,9,21,3,9
1,<environment.Job instance at 0x147b71b423c0>,1,17,[1 9],2,3,20,1,3
1,<environment.Job instance at 0x147b71b425f0>,6,2,[6 1],8,8,10,0,8
1,<environment.Job instance at 0x147b71b429b0>,7,2,[5 1],9,10,12,1,9
1,<environment.Job instance at 0x147b6beab230>,0,12,[8 2],1,1,13,0,1
1,<environment.Job instance at 0x147b50d786e0>,6,12,[1 6],9,9,21,0,9
1,<environment.Job instance at 0x147b681dc2d0>,0,17,[6 1],1,1,18,0,1
1,<environment.Job instance at 0x147b50a8d460>,3,15,[8 2],5,18,33,13,5
1,<environment.Job instance at 0x147b681dc550>,0,18,[2 8],3,4,22,1,4
1,<environment.Job instance at 0x147b6cdbb4b0>,2,3,[1 9],4,4,7,0,4
1,<environment.Job instance at 0x147b6cdbb140>,5,3,[6 2],7,7,10,0,7
1,<environment.Job instance at 0x147b506ec9b0>,0,3,[1 5],1,1,4,0,1
1,<environment.Job instance at 0x147b6cdbb8c0>,1,24,[8 2],2,2,26,0,2
1,<environment.Job instance at 0x147b506ec640>,2,2,[7 1],3,3,5,0,3
1,<environment.Job instance at 0x147b68161730>,3,3,[1 6],4,4,7,0,4
1,<environment.Job instance at 0x147b508479b0>,6,1,[1 5],9,9,10,0,9
1,<environment.Job instance at 0x147b6c1203c0>,1,14,[5 1],3,4,18,1,4
1,<environment.Job instance at 0x147b50bfebe0>,5,16,[2 9],9,9,25,0,9
1,<environment.Job instance at 0x147b6c009140>,2,3,[1 6],3,3,6,0,3
1,<environment.Job instance at 0x147b6c009b90>,5,25,[1 7],8,9,34,1,9
1,<environment.Job instance at 0x147b50c4be60>,2,3,[1 6],4,4,7,0,4
1,<environment.Job instance at 0x147b50c4b4b0>,3,16,[2 8],5,7,23,2,5
1,<environment.Job instance at 0x147b50d525f0>,4,2,[ 1 10],6,1561,1563,1555,1561
1,<environment.Job instance at 0x147b71b0e410>,1,17,[2 5],2,2,19,0,2
1,<environment.Job instance at 0x147b50f2e460>,2,14,[9 1],5,19,33,14,5
1,<environment.Job instance at 0x147b50d52a50>,4,13,[1 7],8,19,32,11,8
1,<environment.Job instance at 0x147b6c0cc690>,5,14,[2 9],9,33,47,24,18
1,<environment.Job instance at 0x147b51240e60>,2,17,[2 5],4,4,21,0,4
1,<environment.Job instance at 0x147b71127730>,3,22,[7 1],7,7,29,0,7
1,<environment.Job instance at 0x147b51240a00>,4,13,[10  1],8,29,42,21,13
1,<environment.Job instance at 0x147b711ea500>,2,21,[6 1],7,7,28,0,7
1,<environment.Job instance at 0x147b512026e0>,0,15,[10  2],2,2,17,0,2
1,<environment.Job instance at 0x147b51202230>,1,12,[1 9],4,17,29,13,4
1,<environment.Job instance at 0x147b508dc2d0>,3,12,[7 2],6,29,41,23,12
1,<environment.Job instance at 0x147b6ca04500>,0,1,[1 7],1,1,2,0,1
1,<environment.Job instance at 0x147b711e6460>,4,15,[8 1],7,7,22,0,7
1,<environment.Job instance at 0x147b711e68c0>,5,15,[5 1],9,22,37,13,11
1,<environment.Job instance at 0x147b68109a00>,1,3,[1 9],3,3,6,0,3
1,<environment.Job instance at 0x147b6bf2d2d0>,3,3,[1 6],5,6,9,1,5
1,<environment.Job instance at 0x147b711183c0>,4,3,[5 2],8,8,11,0,8
1,<environment.Job instance at 0x147b6c04b5f0>,1,17,[ 1 10],2,2,19,0,2
1,<environment.Job instance at 0x147b51256d70>,3,18,[9 1],4,19,37,15,8
1,<environment.Job instance at 0x147b50b76460>,1,16,[10  1],2,2,18,0,2
1,<environment.Job instance at 0x147b512e7140>,5,15,[1 5],9,18,33,9,10
1,<environment.Job instance at 0x147b507cc370>,4,24,[2 6],7,7,31,0,7
1,<environment.Job instance at 0x147b507cc690>,5,18,[2 6],9,31,49,22,24
1,<environment.Job instance at 0x147b6fec4230>,0,3,[2 9],1,1,4,0,1
1,<environment.Job instance at 0x147b6fec40a0>,1,12,[1 6],2,4,16,2,2
1,<environment.Job instance at 0x147b6fec4460>,3,14,[1 7],7,16,30,9,7
1,<environment.Job instance at 0x147b6fec4c30>,4,17,[ 2 10],9,30,47,21,18
1,<environment.Job instance at 0x147b6fec4aa0>,1,15,[10  1],2,2,17,0,2
1,<environment.Job instance at 0x147b6fec4c30>,3,18,[9 2],5,17,35,12,6
1,<environment.Job instance at 0x147b50d99f50>,2,3,[7 1],7,7,10,0,7
1,<environment.Job instance at 0x147b51173550>,2,15,[5 1],3,3,18,0,3
1,<environment.Job instance at 0x147b511732d0>,3,13,[1 7],4,4,17,0,4
1,<environment.Job instance at 0x147b51173140>,4,14,[7 2],5,18,32,13,5
1,<environment.Job instance at 0x147b6a3b75f0>,0,3,[2 5],1,1,4,0,1
1,<environment.Job instance at 0x147b681a71e0>,0,3,[2 5],1,1,4,0,1
1,<environment.Job instance at 0x147b6a6721e0>,0,3,[2 6],1,1,4,0,1
1,<environment.Job instance at 0x147b6a672730>,1,3,[2 5],3,3,6,0,3
1,<environment.Job instance at 0x147b6a672b40>,4,20,[5 1],7,7,27,0,7
1,<environment.Job instance at 0x147b6bdcd9b0>,0,17,[2 8],3,4,21,1,4
1,<environment.Job instance at 0x147b510e3140>,3,25,[2 6],7,16,41,9,16
1,<environment.Job instance at 0x147b6a8fac80>,1,15,[8 1],2,2,17,0,2
1,<environment.Job instance at 0x147b50c91d20>,2,17,[7 1],9,9,26,0,9
1,<environment.Job instance at 0x147b6a6bec80>,1,3,[2 5],3,3,6,0,3
1,<environment.Job instance at 0x147b6bf58d20>,2,3,[1 7],4,6,9,2,4
1,<environment.Job instance at 0x147b6bf58730>,3,16,[9 2],6,6,22,0,6
1,<environment.Job instance at 0x147b508faf50>,0,15,[1 5],2,2,17,0,2
1,<environment.Job instance at 0x147b509c6870>,1,25,[6 2],3,4,29,1,4
1,<environment.Job instance at 0x147b6c0605a0>,4,18,[7 1],6,29,47,23,18
1,<environment.Job instance at 0x147b71b1daa0>,1,3,[2 8],3,3,6,0,3
1,<environment.Job instance at 0x147b50dbb640>,2,15,[1 5],4,6,21,2,4
1,<environment.Job instance at 0x147b6c09ad70>,4,24,[2 8],6,36,60,30,36
1,<environment.Job instance at 0x147b50cdd780>,1,15,[1 6],5,5,20,0,5
1,<environment.Job instance at 0x147b5098bc80>,4,17,[6 2],6,47,64,41,47
1,<environment.Job instance at 0x147b5094cb40>,0,16,[5 2],1,2,18,1,2
1,<environment.Job instance at 0x147b5094cfa0>,3,18,[2 6],5,5,23,0,5
1,<environment.Job instance at 0x147b5094c6e0>,5,12,[ 2 10],8,23,35,15,8
1,<environment.Job instance at 0x147b6be94280>,2,12,[5 2],6,13,25,7,13
1,<environment.Job instance at 0x147b6caea910>,1,21,[1 5],4,4,25,0,4
1,<environment.Job instance at 0x147b6be98280>,2,3,[1 8],4,4,7,0,4
1,<environment.Job instance at 0x147b6beb4320>,3,13,[8 2],5,5,18,0,5
1,<environment.Job instance at 0x147b50ee2190>,2,15,[10  1],7,7,22,0,7
1,<environment.Job instance at 0x147b50d34fa0>,1,14,[5 2],2,2,16,0,2
1,<environment.Job instance at 0x147b6c0cb5a0>,4,13,[5 1],8,8,21,0,8
1,<environment.Job instance at 0x147b6be7b9b0>,1,17,[2 6],2,2,19,0,2
1,<environment.Job instance at 0x147b6be7b820>,0,13,[2 9],3,3,16,0,3
1,<environment.Job instance at 0x147b50c39a00>,4,1,[6 1],6,6,7,0,6
1,<environment.Job instance at 0x147b50c39f50>,5,16,[2 7],7,7,23,0,7
1,<environment.Job instance at 0x147b50d43af0>,1,15,[1 9],2,2,17,0,2
1,<environment.Job instance at 0x147b50c995a0>,2,20,[6 2],3,17,37,14,8
1,<environment.Job instance at 0x147b50def820>,2,3,[2 8],4,4,7,0,4
1,<environment.Job instance at 0x147b680cdaf0>,3,2,[ 2 10],6,7,9,1,6
1,<environment.Job instance at 0x147b71bcd780>,2,14,[1 6],6,6,20,0,6
1,<environment.Job instance at 0x147b71bcde60>,5,14,[1 8],9,20,34,11,9
1,<environment.Job instance at 0x147b71bcd140>,1,3,[2 7],4,4,7,0,4
1,<environment.Job instance at 0x147b6be5e550>,2,3,[2 5],3,3,6,0,3
1,<environment.Job instance at 0x147b71b66910>,6,18,[5 1],8,8,26,0,8
1,<environment.Job instance at 0x147b6be4fbe0>,0,16,[6 2],1,1,17,0,1
1,<environment.Job instance at 0x147b730da410>,1,18,[1 7],6,7,25,1,7
1,<environment.Job instance at 0x147b50aea5f0>,1,3,[ 2 10],2,2,5,0,2
1,<environment.Job instance at 0x147b50aead20>,2,16,[1 6],3,5,21,2,3
1,<environment.Job instance at 0x147b50d26960>,3,14,[7 2],4,5,19,1,4
1,<environment.Job instance at 0x147b50d26370>,6,17,[9 1],9,19,36,10,9
1,<environment.Job instance at 0x147b6818dc80>,3,18,[1 6],9,18,36,9,18
1,<environment.Job instance at 0x147b511f1e10>,0,17,[6 1],3,3,20,0,3
1,<environment.Job instance at 0x147b681fb1e0>,1,13,[6 1],5,20,33,15,6
1,<environment.Job instance at 0x147b50a2e550>,1,18,[10  2],2,2,20,0,2
1,<environment.Job instance at 0x147b6ca1a050>,1,26,[9 2],5,5,31,0,5
1,<environment.Job instance at 0x147b512aa820>,0,28,[2 5],1,1,29,0,1
1,<environment.Job instance at 0x147b51241a00>,5,2,[7 2],7,7,9,0,7
1,<environment.Job instance at 0x147b51241960>,1,3,[2 8],2,2,5,0,2
1,<environment.Job instance at 0x147b6bed8320>,2,12,[2 9],5,5,17,0,5
1,<environment.Job instance at 0x147b51232eb0>,3,28,[1 6],9,33,61,24,33
1,<environment.Job instance at 0x147b50b8ceb0>,3,2,[6 1],6,627,629,621,627
1,<environment.Job instance at 0x147b6809abe0>,2,3,[2 8],5,5,8,0,5
1,<environment.Job instance at 0x147b6809a410>,4,13,[8 1],7,7,20,0,7
1,<environment.Job instance at 0x147b6cdbf410>,5,16,[1 8],8,8,24,0,8
1,<environment.Job instance at 0x147b51138b90>,5,2,[ 1 10],8,819,821,811,819
1,<environment.Job instance at 0x147b51169d70>,2,15,[7 2],7,7,22,0,7
1,<environment.Job instance at 0x147b5112e780>,0,13,[2 6],3,3,16,0,3
1,<environment.Job instance at 0x147b51052af0>,4,15,[2 6],9,9,24,0,9
1,<environment.Job instance at 0x147b711cc0f0>,0,12,[2 7],2,2,14,0,2
1,<environment.Job instance at 0x147b711cc870>,2,18,[8 1],4,4,22,0,4
1,<environment.Job instance at 0x147b50d488c0>,2,14,[ 1 10],6,6,20,0,6
1,<environment.Job instance at 0x147b5076ed20>,4,16,[5 2],8,20,36,12,11
1,<environment.Job instance at 0x147b50d141e0>,2,13,[2 5],6,6,19,0,6
1,<environment.Job instance at 0x147b50d14fa0>,1,3,[1 5],3,3,6,0,3
1,<environment.Job instance at 0x147b6bf58410>,4,16,[7 2],6,6,22,0,6
1,<environment.Job instance at 0x147b511ef410>,1,18,[6 1],3,3,21,0,3
1,<environment.Job instance at 0x147b6c97ff50>,0,3,[ 1 10],2,2,5,0,2
1,<environment.Job instance at 0x147b50b24780>,0,24,[7 2],2,2,26,0,2
1,<environment.Job instance at 0x147b6ccfe820>,6,12,[1 7],9,9,21,0,9
1,<environment.Job instance at 0x147b6c9f6960>,3,13,[5 1],7,9,22,2,9
1,<environment.Job instance at 0x147b6a6a3280>,0,14,[2 9],1,1,15,0,1
1,<environment.Job instance at 0x147b6c9f6960>,2,15,[6 1],7,7,22,0,7
1,<environment.Job instance at 0x147b511f6d70>,0,12,[2 9],1,1,13,0,1
1,<environment.Job instance at 0x147b6cd24910>,5,18,[5 1],8,32,50,24,32
1,<environment.Job instance at 0x147b510bf370>,1,17,[2 6],2,2,19,0,2
1,<environment.Job instance at 0x147b511f6c30>,2,19,[8 1],3,3,22,0,3
1,<environment.Job instance at 0x147b6bec2d70>,1,12,[ 1 10],5,5,17,0,5
1,<environment.Job instance at 0x147b6bec2870>,2,17,[5 1],6,17,34,11,10
1,<environment.Job instance at 0x147b511b5690>,0,3,[1 5],1,1,4,0,1
1,<environment.Job instance at 0x147b5137ff50>,1,19,[2 8],2,4,23,2,3
1,<environment.Job instance at 0x147b5137fe10>,3,18,[10  1],4,23,41,19,17
1,<environment.Job instance at 0x147b6cdce5f0>,0,12,[6 2],1,1,13,0,1
1,<environment.Job instance at 0x147b50dd1b90>,0,14,[2 7],1,1,15,0,1
1,<environment.Job instance at 0x147b6a600500>,1,14,[1 5],2,2,16,0,2
1,<environment.Job instance at 0x147b50b38190>,3,1,[6 2],4,4,5,0,4
1,<environment.Job instance at 0x147b6a6001e0>,4,12,[1 6],5,16,28,11,5
1,<environment.Job instance at 0x147b51118a00>,5,14,[1 7],6,28,42,22,13
1,<environment.Job instance at 0x147b6c000e60>,7,3,[2 9],9,9,12,0,9
1,<environment.Job instance at 0x147b682004b0>,0,17,[6 2],3,3,20,0,3
1,<environment.Job instance at 0x147b6a628410>,0,14,[ 2 10],2,2,16,0,2
1,<environment.Job instance at 0x147b711369b0>,2,14,[10  1],5,16,30,11,5
1,<environment.Job instance at 0x147b6bf222d0>,1,12,[1 8],2,2,14,0,2
1,<environment.Job instance at 0x147b50837b90>,4,15,[5 1],5,5,20,0,5
1,<environment.Job instance at 0x147b513cd730>,0,24,[8 2],1,1,25,0,1
1,<environment.Job instance at 0x147b513cd2d0>,1,12,[10  1],4,4,16,0,4
1,<environment.Job instance at 0x147b6a3d9eb0>,3,15,[5 1],6,6,21,0,6
1,<environment.Job instance at 0x147b6a3d9230>,5,24,[9 1],8,21,45,13,16
1,<environment.Job instance at 0x147b512b4af0>,0,15,[2 7],1,1,16,0,1
1,<environment.Job instance at 0x147b512b4e10>,4,3,[ 1 10],5,1971,1974,1966,1971
1,<environment.Job instance at 0x147b680e8a50>,1,15,[5 2],3,5,20,2,5
1,<environment.Job instance at 0x147b6a6a2b40>,3,3,[6 1],7,59,62,52,59
1,<environment.Job instance at 0x147b50ca0b40>,0,15,[ 1 10],1,1,16,0,1
1,<environment.Job instance at 0x147b50a9e0f0>,2,13,[5 2],4,16,29,12,5
1,<environment.Job instance at 0x147b50ca01e0>,4,26,[9 1],6,29,55,23,26
1,<environment.Job instance at 0x147b6812dc80>,0,17,[8 1],1,1,18,0,1
1,<environment.Job instance at 0x147b6812dcd0>,2,16,[2 6],4,4,20,0,4
1,<environment.Job instance at 0x147b50d9fbe0>,1,3,[2 5],2,2,5,0,2
1,<environment.Job instance at 0x147b71136a00>,6,14,[1 9],9,9,23,0,9
1,<environment.Job instance at 0x147b73539c80>,0,18,[1 8],1,2,20,1,2
1,<environment.Job instance at 0x147b50ef1910>,0,3,[2 7],1,1,4,0,1
1,<environment.Job instance at 0x147b6bfea960>,2,3,[2 6],4,4,7,0,4
1,<environment.Job instance at 0x147b5133db90>,4,18,[1 6],7,7,25,0,7
1,<environment.Job instance at 0x147b5133d780>,5,18,[9 2],8,8,26,0,8
1,<environment.Job instance at 0x147b512b3d70>,5,17,[7 2],9,9,26,0,9
1,<environment.Job instance at 0x147b512b3f00>,1,3,[2 5],3,3,6,0,3
1,<environment.Job instance at 0x147b512b3d70>,2,28,[2 8],4,6,34,2,5
1,<environment.Job instance at 0x147b6cdce460>,0,12,[5 1],1,6,18,5,6
1,<environment.Job instance at 0x147b72c82c80>,0,13,[10  2],2,2,15,0,2
1,<environment.Job instance at 0x147b50e33f00>,1,16,[2 8],6,6,22,0,6
1,<environment.Job instance at 0x147b6a62b7d0>,1,3,[2 5],2,2,5,0,2
1,<environment.Job instance at 0x147b6a62be60>,3,3,[5 2],4,4,7,0,4
1,<environment.Job instance at 0x147b6a62b0f0>,4,16,[8 1],5,7,23,2,5
1,<environment.Job instance at 0x147b6a62b190>,5,17,[6 1],6,23,40,17,11
1,<environment.Job instance at 0x147b507a05a0>,2,17,[1 7],3,3,20,0,3
1,<environment.Job instance at 0x147b507a0230>,3,15,[1 9],4,20,35,16,6
1,<environment.Job instance at 0x147b507a0550>,6,13,[7 2],7,7,20,0,7
1,<environment.Job instance at 0x147b50ac5d20>,3,3,[2 8],6,6,9,0,6
1,<environment.Job instance at 0x147b6be5b370>,5,2,[1 6],9,9,11,0,9
1,<environment.Job instance at 0x147b7122caf0>,1,3,[1 5],2,2,5,0,2
1,<environment.Job instance at 0x147b711f15a0>,2,15,[10  1],3,3,18,0,3
1,<environment.Job instance at 0x147b5115b050>,0,25,[10  2],2,2,27,0,2
1,<environment.Job instance at 0x147b50817870>,2,21,[2 7],4,4,25,0,4
1,<environment.Job instance at 0x147b51115500>,0,3,[1 8],1,1,4,0,1
1,<environment.Job instance at 0x147b711cd6e0>,4,18,[6 1],9,9,27,0,9
1,<environment.Job instance at 0x147b6bdb9be0>,1,3,[1 7],3,3,6,0,3
1,<environment.Job instance at 0x147b711cd6e0>,3,16,[5 1],6,8,24,2,8
1,<environment.Job instance at 0x147b6ca58a50>,0,13,[7 2],1,1,14,0,1
1,<environment.Job instance at 0x147b5135e5f0>,5,26,[5 1],7,14,40,7,13
1,<environment.Job instance at 0x147b512a5b90>,3,17,[8 1],7,7,24,0,7
1,<environment.Job instance at 0x147b73dd4280>,2,15,[2 6],5,5,20,0,5
1,<environment.Job instance at 0x147b6805c9b0>,0,17,[1 5],2,2,19,0,2
1,<environment.Job instance at 0x147b6a63fe10>,2,17,[10  2],4,19,36,15,7
1,<environment.Job instance at 0x147b71b68b40>,1,16,[2 5],5,5,21,0,5
1,<environment.Job instance at 0x147b71b68690>,3,3,[2 7],7,21,24,14,7
1,<environment.Job instance at 0x147b50ca9dc0>,1,15,[1 6],3,3,18,0,3
1,<environment.Job instance at 0x147b508f3910>,0,12,[1 8],3,3,15,0,3
1,<environment.Job instance at 0x147b7119be60>,2,15,[2 7],8,15,30,7,8
1,<environment.Job instance at 0x147b72c9e960>,0,17,[ 2 10],1,1,18,0,1
1,<environment.Job instance at 0x147b72c9e870>,4,14,[1 7],6,18,32,12,6
1,<environment.Job instance at 0x147b50efaf00>,1,18,[5 1],6,6,24,0,6
1,<environment.Job instance at 0x147b6c9aaf50>,3,15,[5 1],7,7,22,0,7
1,<environment.Job instance at 0x147b50e37640>,0,18,[ 2 10],1,2,20,1,2
1,<environment.Job instance at 0x147b50e37690>,2,12,[7 2],3,20,32,17,3
1,<environment.Job instance at 0x147b50879960>,3,15,[7 1],5,32,47,27,18
1,<environment.Job instance at 0x147b6c08a0a0>,0,18,[5 2],1,2,20,1,2
1,<environment.Job instance at 0x147b6bf94280>,4,12,[10  2],6,20,32,14,6
1,<environment.Job instance at 0x147b511c77d0>,0,18,[7 1],4,4,22,0,4
1,<environment.Job instance at 0x147b50b5ca50>,3,17,[7 2],8,22,39,14,10
1,<environment.Job instance at 0x147b50b5caa0>,3,3,[2 5],4,4,7,0,4
1,<environment.Job instance at 0x147b7313df50>,4,3,[10  1],6,7,10,1,6
1,<environment.Job instance at 0x147b7313de10>,5,18,[7 2],7,10,28,3,7
1,<environment.Job instance at 0x147b7313d8c0>,7,18,[9 2],9,28,46,19,17
1,<environment.Job instance at 0x147b711de6e0>,1,15,[10  2],2,2,17,0,2
1,<environment.Job instance at 0x147b508e3fa0>,6,13,[ 2 10],9,17,30,8,9
1,<environment.Job instance at 0x147b50d0da50>,0,17,[7 1],1,1,18,0,1
1,<environment.Job instance at 0x147b6e05d410>,1,18,[6 2],2,18,36,16,7
1,<environment.Job instance at 0x147b513409b0>,2,17,[9 2],8,8,25,0,8
1,<environment.Job instance at 0x147b681d50a0>,1,3,[1 5],3,3,6,0,3
1,<environment.Job instance at 0x147b711d1550>,2,15,[2 5],4,4,19,0,4
1,<environment.Job instance at 0x147b50c53500>,4,14,[7 1],6,6,20,0,6
1,<environment.Job instance at 0x147b50c53b90>,0,15,[1 9],1,1,16,0,1
1,<environment.Job instance at 0x147b50f1f500>,3,18,[8 1],7,7,25,0,7
1,<environment.Job instance at 0x147b50c53dc0>,4,12,[10  1],8,25,37,17,8
1,<environment.Job instance at 0x147b6c0de5a0>,5,3,[1 5],7,7,10,0,7
1,<environment.Job instance at 0x147b6c007fa0>,3,1,[5 2],4,4,5,0,4
1,<environment.Job instance at 0x147b512b9af0>,2,16,[2 7],4,4,20,0,4
1,<environment.Job instance at 0x147b5071c0a0>,0,3,[2 5],2,2,5,0,2
1,<environment.Job instance at 0x147b6bf5caf0>,1,3,[2 8],4,5,8,1,4
1,<environment.Job instance at 0x147b6cd1cb40>,0,17,[2 8],2,2,19,0,2
1,<environment.Job instance at 0x147b7122b690>,1,14,[1 5],4,19,33,15,7
1,<environment.Job instance at 0x147b511b5820>,0,14,[9 2],3,3,17,0,3
1,<environment.Job instance at 0x147b511b5500>,1,13,[2 9],4,17,30,13,4
1,<environment.Job instance at 0x147b510e83c0>,1,16,[6 1],3,3,19,0,3
1,<environment.Job instance at 0x147b51241e60>,5,1,[1 6],8,8,9,0,8
1,<environment.Job instance at 0x147b6bf7eaa0>,0,12,[9 2],1,1,13,0,1
1,<environment.Job instance at 0x147b50ee6c30>,1,16,[6 2],2,13,29,11,10
1,<environment.Job instance at 0x147b7112b730>,5,2,[9 2],8,82,84,74,82
1,<environment.Job instance at 0x147b50e755f0>,1,3,[1 6],2,2,5,0,2
1,<environment.Job instance at 0x147b50e75cd0>,2,19,[1 5],4,5,24,1,4
1,<environment.Job instance at 0x147b511f83c0>,3,3,[2 8],8,8,11,0,8
1,<environment.Job instance at 0x147b511f83c0>,3,23,[8 1],9,9,32,0,9
1,<environment.Job instance at 0x147b6e036140>,0,13,[2 8],1,1,14,0,1
1,<environment.Job instance at 0x147b508ecd70>,6,2,[ 2 10],9,14,16,5,9
1,<environment.Job instance at 0x147b508ec9b0>,1,24,[7 2],5,5,29,0,5
1,<environment.Job instance at 0x147b6a6be3c0>,2,15,[2 6],6,6,21,0,6
1,<environment.Job instance at 0x147b510e9a00>,0,3,[1 7],1,1,4,0,1
1,<environment.Job instance at 0x147b510e95f0>,3,3,[1 7],4,4,7,0,4
1,<environment.Job instance at 0x147b50c790a0>,6,3,[6 2],8,8,11,0,8
1,<environment.Job instance at 0x147b50c790a0>,1,28,[5 1],3,3,31,0,3
1,<environment.Job instance at 0x147b6809e5f0>,1,1,[6 2],3,3,4,0,3
1,<environment.Job instance at 0x147b510e94b0>,0,12,[1 6],3,3,15,0,3
1,<environment.Job instance at 0x147b510002d0>,4,13,[1 7],8,15,28,7,8
1,<environment.Job instance at 0x147b730da820>,0,12,[1 7],1,1,13,0,1
1,<environment.Job instance at 0x147b730da640>,1,18,[2 6],2,13,31,11,3
1,<environment.Job instance at 0x147b730da190>,3,13,[8 2],5,5,18,0,5
1,<environment.Job instance at 0x147b50c9ef00>,1,18,[6 1],4,4,22,0,4
1,<environment.Job instance at 0x147b681e8aa0>,4,16,[7 1],9,22,38,13,9
1,<environment.Job instance at 0x147b681d8050>,0,3,[2 5],1,1,4,0,1
1,<environment.Job instance at 0x147b6a619f50>,6,1,[2 7],8,310,311,302,310
1,<environment.Job instance at 0x147b50cdbf50>,2,3,[1 8],5,5,8,0,5
1,<environment.Job instance at 0x147b50fc51e0>,4,15,[6 2],7,7,22,0,7
1,<environment.Job instance at 0x147b50fc55a0>,0,18,[1 7],1,2,20,1,2
1,<environment.Job instance at 0x147b50fc5230>,3,16,[2 7],4,20,36,16,7
1,<environment.Job instance at 0x147b6beeec80>,6,19,[9 2],9,36,55,27,26
1,<environment.Job instance at 0x147b6beee460>,5,1,[1 7],7,41,42,34,41
1,<environment.Job instance at 0x147b6beeebe0>,1,3,[ 2 10],2,2,5,0,2
1,<environment.Job instance at 0x147b50cacd70>,5,3,[5 1],8,8,11,0,8
1,<environment.Job instance at 0x147b50c5f870>,1,16,[7 1],3,3,19,0,3
1,<environment.Job instance at 0x147b50875550>,6,17,[2 9],9,13,30,4,13
1,<environment.Job instance at 0x147b50fdaeb0>,0,3,[2 7],2,2,5,0,2
1,<environment.Job instance at 0x147b50fda4b0>,3,1,[2 7],5,5,6,0,5
1,<environment.Job instance at 0x147b50fdaf00>,4,14,[1 6],8,8,22,0,8
1,<environment.Job instance at 0x147b50a51960>,3,17,[1 9],7,14,31,7,14
1,<environment.Job instance at 0x147b6800d5a0>,1,27,[8 2],3,3,30,0,3
1,<environment.Job instance at 0x147b6be303c0>,0,3,[2 5],1,1,4,0,1
1,<environment.Job instance at 0x147b50bb48c0>,2,24,[2 8],7,7,31,0,7
1,<environment.Job instance at 0x147b68176e60>,2,12,[8 2],3,3,15,0,3
1,<environment.Job instance at 0x147b68176780>,0,3,[1 7],2,2,5,0,2
1,<environment.Job instance at 0x147b6fead1e0>,0,17,[10  1],1,1,18,0,1
1,<environment.Job instance at 0x147b50808280>,5,13,[9 1],8,18,31,10,10
1,<environment.Job instance at 0x147b6be4e7d0>,2,3,[2 9],4,4,7,0,4
1,<environment.Job instance at 0x147b6be4e5a0>,4,13,[1 5],9,9,22,0,9
1,<environment.Job instance at 0x147b730ea050>,1,2,[ 2 10],3,3,5,0,3
1,<environment.Job instance at 0x147b730ea500>,2,1,[2 5],4,5,6,1,4
1,<environment.Job instance at 0x147b730ea780>,4,1,[2 6],6,6,7,0,6
1,<environment.Job instance at 0x147b5086f280>,0,3,[ 2 10],1,1,4,0,1
1,<environment.Job instance at 0x147b5086f460>,2,18,[6 2],4,4,22,0,4
1,<environment.Job instance at 0x147b6a6ac2d0>,0,17,[1 5],1,1,18,0,1
1,<environment.Job instance at 0x147b73af6b40>,0,13,[9 2],1,1,14,0,1
1,<environment.Job instance at 0x147b50894c30>,2,14,[5 1],3,391,405,388,391
1,<environment.Job instance at 0x147b71b8c410>,4,2,[2 7],7,1791,1793,1784,1791
1,<environment.Job instance at 0x147b50aa5e10>,2,12,[8 2],3,3,15,0,3
1,<environment.Job instance at 0x147b50d18460>,1,3,[1 7],2,2,5,0,2
1,<environment.Job instance at 0x147b6cd51820>,5,3,[6 1],6,6,9,0,6
1,<environment.Job instance at 0x147b711b4b90>,7,3,[1 7],8,8,11,0,8
1,<environment.Job instance at 0x147b6caf5230>,3,12,[2 5],5,5,17,0,5
1,<environment.Job instance at 0x147b6caf5960>,4,18,[2 8],6,17,35,11,7
1,<environment.Job instance at 0x147b508380f0>,0,12,[6 2],1,2,14,1,2
1,<environment.Job instance at 0x147b50ee2f50>,2,18,[5 1],3,14,32,11,5
1,<environment.Job instance at 0x147b510f1f50>,4,15,[7 2],6,39,54,33,39
1,<environment.Job instance at 0x147b50ab9550>,0,15,[6 1],1,1,16,0,1
1,<environment.Job instance at 0x147b5100dcd0>,4,12,[7 1],5,16,28,11,5
1,<environment.Job instance at 0x147b5100dc80>,5,18,[ 2 10],6,28,46,22,17
1,<environment.Job instance at 0x147b510bf640>,0,17,[1 6],1,2,19,1,2
1,<environment.Job instance at 0x147b50ff65a0>,2,16,[9 2],3,3,19,0,3
1,<environment.Job instance at 0x147b50ff6690>,3,16,[2 6],5,19,35,14,6
1,<environment.Job instance at 0x147b512f8410>,1,3,[2 5],3,3,6,0,3
1,<environment.Job instance at 0x147b6beee280>,2,16,[8 2],4,4,20,0,4
1,<environment.Job instance at 0x147b50756690>,4,13,[1 7],6,6,19,0,6
1,<environment.Job instance at 0x147b71ada690>,3,17,[1 5],5,5,22,0,5
1,<environment.Job instance at 0x147b50fff8c0>,0,3,[1 7],1,1,4,0,1
1,<environment.Job instance at 0x147b6c9f8960>,0,15,[2 8],3,3,18,0,3
1,<environment.Job instance at 0x147b6c9f8050>,3,16,[2 8],6,18,34,12,6
1,<environment.Job instance at 0x147b6c9f8a00>,5,18,[ 2 10],8,34,52,26,23
1,<environment.Job instance at 0x147b50c63140>,1,18,[ 2 10],3,3,21,0,3
1,<environment.Job instance at 0x147b731b9c30>,2,12,[8 2],5,21,33,16,5
1,<environment.Job instance at 0x147b50d2e910>,0,28,[2 8],1,2,30,1,2
1,<environment.Job instance at 0x147b50a4baa0>,0,14,[2 5],3,3,17,0,3
1,<environment.Job instance at 0x147b6b158d20>,2,13,[ 2 10],6,17,30,11,6
1,<environment.Job instance at 0x147b6cda91e0>,2,3,[1 7],5,5,8,0,5
1,<environment.Job instance at 0x147b6cda9780>,4,15,[ 1 10],7,8,23,1,7
1,<environment.Job instance at 0x147b6be06af0>,1,3,[1 7],3,3,6,0,3
1,<environment.Job instance at 0x147b6be062d0>,2,15,[1 9],4,6,21,2,4
1,<environment.Job instance at 0x147b6be060a0>,3,13,[1 6],5,21,34,16,5
1,<environment.Job instance at 0x147b50ff2f50>,1,3,[5 1],2,2,5,0,2
1,<environment.Job instance at 0x147b6be06320>,2,2,[1 8],3,3,5,0,3
1,<environment.Job instance at 0x147b506fecd0>,5,17,[1 6],6,6,23,0,6
1,<environment.Job instance at 0x147b506fef00>,6,17,[1 6],7,23,40,16,17
1,<environment.Job instance at 0x147b5129b910>,1,1,[1 5],2,2,3,0,2
1,<environment.Job instance at 0x147b6ca91640>,2,3,[1 9],3,3,6,0,3
1,<environment.Job instance at 0x147b5129b820>,3,3,[1 8],5,6,9,1,5
1,<environment.Job instance at 0x147b6ca91500>,4,13,[1 9],6,9,22,3,6
1,<environment.Job instance at 0x147b50767820>,1,14,[7 2],3,3,17,0,3
1,<environment.Job instance at 0x147b6c9c7be0>,2,12,[7 1],4,17,29,13,6
1,<environment.Job instance at 0x147b6bf4f2d0>,6,15,[1 8],8,8,23,0,8
1,<environment.Job instance at 0x147b50774500>,0,23,[8 2],1,1,24,0,1
1,<environment.Job instance at 0x147b50dc8e60>,7,3,[ 2 10],9,24,27,15,9
1,<environment.Job instance at 0x147b6caeab40>,3,15,[9 2],7,7,22,0,7
1,<environment.Job instance at 0x147b50d4d730>,0,13,[1 8],1,1,14,0,1
1,<environment.Job instance at 0x147b50d4da00>,2,13,[1 9],3,14,27,11,3
1,<environment.Job instance at 0x147b51134820>,0,18,[10  2],1,1,19,0,1
1,<environment.Job instance at 0x147b50897410>,0,25,[7 2],2,2,27,0,2
1,<environment.Job instance at 0x147b6bf98d20>,1,15,[2 5],2,2,17,0,2
1,<environment.Job instance at 0x147b6bf984b0>,3,18,[7 2],7,7,25,0,7
1,<environment.Job instance at 0x147b510a3320>,3,2,[5 1],4,4,6,0,4
1,<environment.Job instance at 0x147b6ca98b40>,4,2,[2 7],5,5,7,0,5
1,<environment.Job instance at 0x147b6ca98280>,5,1,[10  1],6,7,8,1,6
1,<environment.Job instance at 0x147b6ca98780>,6,27,[1 9],7,8,35,1,7
1,<environment.Job instance at 0x147b6c08a370>,4,3,[6 2],7,7,10,0,7
1,<environment.Job instance at 0x147b6c08a190>,6,12,[10  1],9,10,22,1,9
1,<environment.Job instance at 0x147b6c08a5a0>,1,13,[9 1],3,3,16,0,3
1,<environment.Job instance at 0x147b506ef730>,2,3,[1 9],4,4,7,0,4
1,<environment.Job instance at 0x147b50a18280>,2,13,[1 6],4,4,17,0,4
