iteration,job object,job ID,job Length,job ressource requirement,job enter time,job start time,job finish time,job waiting time,current time
1,<environment.Job instance at 0x7fd460f66b40>,5,24,[1 5],6,12,36,6,12
1,<environment.Job instance at 0x7fd460f66d20>,7,25,[6 2],8,27,52,19,25
1,<environment.Job instance at 0x7fd460f6fbe0>,6,12,[3 6],7,8,20,1,8
1,<environment.Job instance at 0x7fd46200a2d0>,12,18,[5 3],13,37,55,24,37
1,<environment.Job instance at 0x7fd46200abe0>,27,13,[8 5],28,181,194,153,181
1,<environment.Job instance at 0x7fd460ef9280>,28,12,[10  2],29,194,206,165,182
1,<environment.Job instance at 0x7fd46223f9b0>,31,15,[5 9],32,206,221,174,192
1,<environment.Job instance at 0x7fd46223f500>,1,18,[ 1 10],2,2,20,0,2
1,<environment.Job instance at 0x7fd416f00be0>,15,16,[7 5],16,102,118,86,102
1,<environment.Job instance at 0x7fd416f005f0>,19,17,[ 3 10],20,141,158,121,141
1,<environment.Job instance at 0x7fd416fc5af0>,31,25,[6 1],32,266,291,234,266
1,<environment.Job instance at 0x7fd417051d20>,3,27,[9 1],4,6,33,2,6
1,<environment.Job instance at 0x7fd417051640>,9,15,[1 7],10,20,35,10,20
1,<environment.Job instance at 0x7fd417126550>,10,26,[5 5],11,37,63,26,37
1,<environment.Job instance at 0x7fd4171261e0>,17,22,[3 7],18,80,102,62,80
1,<environment.Job instance at 0x7fd417126dc0>,11,24,[4 7],12,103,127,91,103
1,<environment.Job instance at 0x7fd41708b550>,27,17,[8 2],28,173,190,145,173
1,<environment.Job instance at 0x7fd41708b4b0>,31,14,[2 9],32,200,214,168,200
1,<environment.Job instance at 0x7fd41708baa0>,34,20,[5 2],35,216,236,181,216
1,<environment.Job instance at 0x7fd460f732d0>,0,14,[2 7],1,1,15,0,1
1,<environment.Job instance at 0x7fd416f04a50>,10,25,[7 2],11,39,64,28,39
1,<environment.Job instance at 0x7fd416f04410>,12,13,[9 4],13,64,77,51,54
1,<environment.Job instance at 0x7fd416f04a00>,18,25,[6 2],19,118,143,99,118
1,<environment.Job instance at 0x7fd416f045f0>,20,14,[6 1],21,143,157,122,139
1,<environment.Job instance at 0x7fd4172f75f0>,23,14,[10  1],24,157,171,133,151
1,<environment.Job instance at 0x7fd460dd65f0>,26,13,[6 3],27,171,184,144,170
1,<environment.Job instance at 0x7fd4615eccd0>,27,13,[7 4],28,184,197,156,172
1,<environment.Job instance at 0x7fd417339960>,29,20,[1 7],30,197,217,167,197
1,<environment.Job instance at 0x7fd4619d13c0>,5,19,[9 4],6,24,43,18,24
1,<environment.Job instance at 0x7fd460f204b0>,20,19,[5 5],21,221,240,200,221
1,<environment.Job instance at 0x7fd46132c050>,4,24,[5 5],5,100,124,95,100
1,<environment.Job instance at 0x7fd460f9b140>,24,20,[6 1],25,231,251,206,231
1,<environment.Job instance at 0x7fd461aaa050>,6,16,[3 9],7,23,39,16,23
1,<environment.Job instance at 0x7fd461024be0>,4,15,[5 5],5,44,59,39,44
1,<environment.Job instance at 0x7fd41735a7d0>,14,18,[8 3],15,78,96,63,78
1,<environment.Job instance at 0x7fd417244140>,15,14,[8 5],16,96,110,80,81
1,<environment.Job instance at 0x7fd417172f50>,17,16,[5 8],18,110,126,92,97
1,<environment.Job instance at 0x7fd417515280>,25,13,[5 5],26,200,213,174,200
1,<environment.Job instance at 0x7fd416ffb410>,5,14,[ 2 10],6,10,24,4,10
1,<environment.Job instance at 0x7fd461572e60>,9,14,[ 5 10],10,36,50,26,36
1,<environment.Job instance at 0x7fd461572d70>,11,23,[10  4],12,50,73,38,44
1,<environment.Job instance at 0x7fd4174315f0>,16,17,[ 3 10],17,74,91,57,74
1,<environment.Job instance at 0x7fd4174317d0>,17,14,[6 4],18,91,105,73,76
1,<environment.Job instance at 0x7fd4172d0500>,3,24,[8 2],4,13,37,9,13
1,<environment.Job instance at 0x7fd46164a7d0>,19,19,[7 4],20,170,189,150,170
1,<environment.Job instance at 0x7fd41759aeb0>,23,22,[1 6],24,189,211,165,189
1,<environment.Job instance at 0x7fd416d8ce60>,1,18,[5 9],2,2,20,0,2
1,<environment.Job instance at 0x7fd460dec0a0>,8,12,[2 5],9,20,32,11,19
1,<environment.Job instance at 0x7fd41725d0a0>,16,18,[7 5],17,106,124,89,106
1,<environment.Job instance at 0x7fd41725daf0>,17,18,[5 9],18,126,144,108,126
1,<environment.Job instance at 0x7fd461658dc0>,19,22,[3 8],20,144,166,124,138
1,<environment.Job instance at 0x7fd461658870>,23,24,[ 2 10],24,166,190,142,164
1,<environment.Job instance at 0x7fd41759f870>,25,27,[10  2],26,190,217,164,188
1,<environment.Job instance at 0x7fd41759f5a0>,27,27,[7 2],28,217,244,189,215
1,<environment.Job instance at 0x7fd416f6faf0>,31,16,[7 3],32,244,260,212,231
1,<environment.Job instance at 0x7fd41759ab40>,5,25,[9 2],6,264,289,258,264
1,<environment.Job instance at 0x7fd460dd4fa0>,21,20,[10  5],22,229,249,207,229
1,<environment.Job instance at 0x7fd41721e960>,1,18,[6 1],2,2,20,0,2
1,<environment.Job instance at 0x7fd41721e410>,2,19,[1 7],3,18,37,15,18
1,<environment.Job instance at 0x7fd41721eaa0>,8,17,[7 1],9,27,44,18,27
1,<environment.Job instance at 0x7fd417468190>,12,21,[6 4],13,53,74,40,53
1,<environment.Job instance at 0x7fd4174680f0>,13,26,[1 6],14,68,94,54,68
1,<environment.Job instance at 0x7fd461022370>,1,16,[9 2],2,4,20,2,4
1,<environment.Job instance at 0x7fd461022a00>,7,13,[9 4],8,20,33,12,15
1,<environment.Job instance at 0x7fd461022050>,9,15,[7 3],10,33,48,23,19
1,<environment.Job instance at 0x7fd461022550>,6,20,[3 6],7,36,56,29,36
1,<environment.Job instance at 0x7fd460d74550>,13,15,[4 9],14,56,71,42,42
1,<environment.Job instance at 0x7fd461022190>,10,17,[4 7],11,71,88,60,68
1,<environment.Job instance at 0x7fd460d74500>,18,17,[5 2],19,75,92,56,75
1,<environment.Job instance at 0x7fd460d74280>,19,18,[1 9],20,92,110,72,82
1,<environment.Job instance at 0x7fd460d74190>,22,21,[9 5],23,110,131,87,103
1,<environment.Job instance at 0x7fd417333500>,26,14,[7 2],27,132,146,105,132
1,<environment.Job instance at 0x7fd4173338c0>,28,27,[5 9],29,152,179,123,152
1,<environment.Job instance at 0x7fd417333d20>,31,13,[7 1],32,202,215,170,202
1,<environment.Job instance at 0x7fd4173333c0>,34,19,[6 1],35,216,235,181,216
1,<environment.Job instance at 0x7fd417333a00>,35,24,[7 5],36,235,259,199,230
1,<environment.Job instance at 0x7fd4613330f0>,9,13,[8 2],10,52,65,42,52
1,<environment.Job instance at 0x7fd461ab82d0>,5,16,[10  2],6,72,88,66,72
1,<environment.Job instance at 0x7fd460fa4dc0>,16,18,[10  2],17,171,189,154,171
1,<environment.Job instance at 0x7fd461333280>,12,15,[9 3],13,189,204,176,178
1,<environment.Job instance at 0x7fd460dd8aa0>,5,13,[ 2 10],6,39,52,33,39
1,<environment.Job instance at 0x7fd460dd81e0>,10,19,[1 7],11,52,71,41,44
1,<environment.Job instance at 0x7fd460f68b40>,14,13,[5 4],15,71,84,56,66
1,<environment.Job instance at 0x7fd460f68050>,15,14,[8 5],16,84,98,68,69
1,<environment.Job instance at 0x7fd4610735f0>,18,15,[7 2],19,116,131,97,116
1,<environment.Job instance at 0x7fd461073190>,21,16,[4 6],22,162,178,140,162
1,<environment.Job instance at 0x7fd4172633c0>,5,17,[3 6],6,6,23,0,6
1,<environment.Job instance at 0x7fd4172635a0>,4,17,[10  5],5,23,40,18,12
1,<environment.Job instance at 0x7fd461073c30>,2,23,[10  4],3,44,67,41,44
1,<environment.Job instance at 0x7fd417540960>,14,13,[6 5],15,67,80,52,57
1,<environment.Job instance at 0x7fd461940780>,21,17,[9 2],22,144,161,122,144
1,<environment.Job instance at 0x7fd461638eb0>,5,22,[7 1],6,7,29,1,7
1,<environment.Job instance at 0x7fd461645f50>,7,17,[5 4],8,29,46,21,24
1,<environment.Job instance at 0x7fd461c95dc0>,6,28,[5 4],7,29,57,22,28
1,<environment.Job instance at 0x7fd417552640>,9,16,[ 4 10],10,108,124,98,108
1,<environment.Job instance at 0x7fd461638dc0>,4,15,[4 6],5,176,191,171,176
1,<environment.Job instance at 0x7fd460f18190>,27,19,[2 8],28,260,279,232,260
1,<environment.Job instance at 0x7fd46166aa50>,3,14,[7 2],4,12,26,8,12
1,<environment.Job instance at 0x7fd461a7b460>,10,15,[10  1],11,72,87,61,72
1,<environment.Job instance at 0x7fd461a7b4b0>,11,14,[3 8],12,87,101,75,72
1,<environment.Job instance at 0x7fd461a7b550>,12,16,[6 5],13,101,117,88,88
1,<environment.Job instance at 0x7fd461a7b320>,19,16,[9 2],20,117,133,97,114
1,<environment.Job instance at 0x7fd46196f7d0>,25,12,[6 4],26,209,221,183,209
1,<environment.Job instance at 0x7fd46196f690>,28,17,[9 2],29,230,247,201,230
1,<environment.Job instance at 0x7fd461631320>,7,21,[2 5],8,50,71,42,50
1,<environment.Job instance at 0x7fd4616bd7d0>,15,16,[6 1],16,51,67,35,51
1,<environment.Job instance at 0x7fd461967dc0>,18,18,[1 5],19,91,109,72,91
1,<environment.Job instance at 0x7fd4617594b0>,20,12,[6 3],21,116,128,95,116
1,<environment.Job instance at 0x7fd461759140>,21,16,[10  2],22,128,144,106,116
1,<environment.Job instance at 0x7fd461759820>,26,18,[6 2],27,163,181,136,163
1,<environment.Job instance at 0x7fd4612cdaf0>,31,15,[7 3],32,230,245,198,230
1,<environment.Job instance at 0x7f14248a8be0>,6,20,[6 1],7,22,42,15,22
1,<environment.Job instance at 0x7f14248a8c80>,7,25,[6 2],8,43,68,35,43
1,<environment.Job instance at 0x7f14248b1dc0>,5,20,[2 6],6,18,38,12,18
1,<environment.Job instance at 0x7f142be2baa0>,7,27,[ 1 10],8,140,167,132,140
1,<environment.Job instance at 0x7f142be2cdc0>,18,12,[10  2],19,167,179,148,152
1,<environment.Job instance at 0x7f142be2c140>,21,15,[5 9],22,179,194,157,165
1,<environment.Job instance at 0x7f142be2c460>,22,16,[ 4 10],23,229,245,206,229
1,<environment.Job instance at 0x7f142be297d0>,29,16,[7 1],30,245,261,215,233
1,<environment.Job instance at 0x7f14248b1190>,4,19,[3 8],5,252,271,247,252
1,<environment.Job instance at 0x7f13e0bcd320>,7,16,[8 1],8,47,63,39,47
1,<environment.Job instance at 0x7f13e0bcd230>,8,15,[8 3],9,63,78,54,49
1,<environment.Job instance at 0x7f13e0b7d730>,20,13,[7 4],21,182,195,161,182
1,<environment.Job instance at 0x7f13e0b7d280>,25,27,[4 8],26,249,276,223,249
1,<environment.Job instance at 0x7f13e106caa0>,4,20,[5 2],5,13,33,8,13
1,<environment.Job instance at 0x7f13e1066140>,12,12,[1 7],13,57,69,44,57
1,<environment.Job instance at 0x7f13e1066190>,18,12,[10  5],19,213,225,194,213
1,<environment.Job instance at 0x7f13e0f6c0a0>,24,28,[8 4],25,269,297,244,269
1,<environment.Job instance at 0x7f13e0bf50f0>,4,16,[7 4],5,6,22,1,6
1,<environment.Job instance at 0x7f13e1089690>,10,26,[8 4],11,63,89,52,63
1,<environment.Job instance at 0x7f13e0f73dc0>,21,15,[4 8],22,227,242,205,227
1,<environment.Job instance at 0x7f13e11457d0>,13,25,[2 8],14,120,145,106,120
1,<environment.Job instance at 0x7f13e1145690>,21,15,[5 5],22,172,187,150,172
1,<environment.Job instance at 0x7f1428ed20a0>,24,20,[6 1],25,192,212,167,192
1,<environment.Job instance at 0x7f1428ed2b90>,25,25,[8 5],26,241,266,215,241
1,<environment.Job instance at 0x7f1424c81e10>,5,14,[8 5],6,6,20,0,6
1,<environment.Job instance at 0x7f1424c818c0>,8,13,[1 7],9,20,33,11,9
1,<environment.Job instance at 0x7f14248ddb90>,18,14,[7 5],19,131,145,112,131
1,<environment.Job instance at 0x7f1424c68410>,12,15,[5 8],13,145,160,132,145
1,<environment.Job instance at 0x7f1424b61960>,19,25,[5 8],20,219,244,199,219
1,<environment.Job instance at 0x7f1429374c30>,2,16,[10  3],3,3,19,0,3
1,<environment.Job instance at 0x7f14293741e0>,5,13,[6 4],6,19,32,13,17
1,<environment.Job instance at 0x7f1429374cd0>,6,14,[10  3],7,32,46,25,17
1,<environment.Job instance at 0x7f1424a2c870>,11,13,[6 5],12,46,59,34,40
1,<environment.Job instance at 0x7f13e0f5ba00>,8,19,[1 5],9,89,108,80,89
1,<environment.Job instance at 0x7f142bbd2820>,20,15,[5 1],21,137,152,116,137
1,<environment.Job instance at 0x7f13e0f5b730>,9,18,[2 9],10,150,168,140,150
1,<environment.Job instance at 0x7f1424a2c820>,17,15,[9 5],18,184,199,166,184
1,<environment.Job instance at 0x7f13e10a79b0>,31,27,[1 8],32,206,233,174,206
1,<environment.Job instance at 0x7f1424c81fa0>,6,17,[10  3],7,14,31,7,14
1,<environment.Job instance at 0x7f1424c81370>,9,17,[5 9],10,60,77,50,60
1,<environment.Job instance at 0x7f1424dc2320>,4,28,[2 9],5,106,134,101,106
1,<environment.Job instance at 0x7f13e0f16640>,31,20,[10  5],32,263,283,231,263
1,<environment.Job instance at 0x7f1428dee820>,1,18,[6 1],2,14,32,12,14
1,<environment.Job instance at 0x7f1424787cd0>,12,21,[6 4],13,90,111,77,90
1,<environment.Job instance at 0x7f13e10a7dc0>,13,26,[1 6],14,90,116,76,90
1,<environment.Job instance at 0x7f13e10a9e10>,14,20,[10  4],15,124,144,109,124
1,<environment.Job instance at 0x7f142949d3c0>,21,15,[9 4],22,192,207,170,192
1,<environment.Job instance at 0x7f13e10a1f00>,23,13,[1 5],24,200,213,176,200
1,<environment.Job instance at 0x7f14292324b0>,22,28,[5 5],23,207,235,184,207
1,<environment.Job instance at 0x7f1428e86500>,1,17,[4 5],2,2,19,0,2
1,<environment.Job instance at 0x7f13e10a90f0>,3,15,[4 9],4,19,34,15,6
1,<environment.Job instance at 0x7f13e0d93730>,11,15,[3 9],12,34,49,22,31
1,<environment.Job instance at 0x7f1424b50c30>,8,17,[5 2],9,60,77,51,60
1,<environment.Job instance at 0x7f142958b730>,21,13,[7 1],22,142,155,120,142
1,<environment.Job instance at 0x7f13e0be7960>,26,16,[5 8],27,157,173,130,157
1,<environment.Job instance at 0x7f13e0be7e60>,31,14,[6 1],32,190,204,158,190
1,<environment.Job instance at 0x7f13e0be77d0>,32,20,[6 3],33,204,224,171,195
1,<environment.Job instance at 0x7f13e0be78c0>,25,24,[7 5],26,224,248,198,221
1,<environment.Job instance at 0x7f13e0bc10a0>,5,12,[3 6],6,22,34,16,22
1,<environment.Job instance at 0x7f13e0bc1230>,9,27,[6 1],10,23,50,13,23
1,<environment.Job instance at 0x7f13e0bc1a00>,10,15,[5 2],11,50,65,39,48
1,<environment.Job instance at 0x7f13e0bc1b90>,12,14,[7 1],13,125,139,112,125
1,<environment.Job instance at 0x7f1424970e60>,20,23,[10  3],21,141,164,120,141
1,<environment.Job instance at 0x7f1424cdb370>,10,21,[1 8],11,115,136,104,115
1,<environment.Job instance at 0x7f142913b1e0>,15,24,[6 1],16,131,155,115,131
1,<environment.Job instance at 0x7f142913bd70>,19,20,[3 8],20,176,196,156,176
1,<environment.Job instance at 0x7f142913bbe0>,21,25,[2 7],22,234,259,212,234
1,<environment.Job instance at 0x7f142936d640>,5,23,[1 5],6,24,47,18,24
1,<environment.Job instance at 0x7f142913bdc0>,3,24,[5 8],4,119,143,115,119
1,<environment.Job instance at 0x7f1424aa8780>,14,15,[4 6],15,160,175,145,160
1,<environment.Job instance at 0x7f13e113b050>,17,17,[5 4],18,160,177,142,160
1,<environment.Job instance at 0x7f13e113b910>,18,14,[8 1],19,220,234,201,220
1,<environment.Job instance at 0x7f142932a960>,10,15,[10  1],11,79,94,68,79
1,<environment.Job instance at 0x7f142932a410>,11,14,[3 8],12,94,108,82,79
1,<environment.Job instance at 0x7f142932af00>,13,14,[5 4],14,108,122,94,93
1,<environment.Job instance at 0x7f142932afa0>,18,21,[1 7],19,125,146,106,125
1,<environment.Job instance at 0x7f142932a0f0>,19,16,[9 2],20,127,143,107,127
1,<environment.Job instance at 0x7f142932ac80>,21,22,[8 3],22,143,165,121,137
1,<environment.Job instance at 0x7f142932a730>,25,12,[6 4],26,199,211,173,199
1,<environment.Job instance at 0x7f1424bb3c30>,2,14,[5 5],3,6,20,3,6
1,<environment.Job instance at 0x7f1428e2ef00>,5,16,[6 1],6,24,40,18,24
1,<environment.Job instance at 0x7f1424b84d20>,10,12,[6 3],11,40,52,29,28
1,<environment.Job instance at 0x7f1428e2eeb0>,4,25,[ 5 10],5,71,96,66,71
1,<environment.Job instance at 0x7f1424cd7140>,21,15,[7 3],22,111,126,89,111
1,<environment.Job instance at 0x7f1424b84820>,11,16,[10  2],12,135,151,123,135
1,<environment.Job instance at 0x7f13e101ec30>,25,14,[4 7],26,160,174,134,160
1,<environment.Job instance at 0x7f142923f870>,32,18,[5 4],33,220,238,187,220
1,<environment.Job instance at 0x7f1428fe3be0>,34,13,[1 6],35,238,251,203,238
1,<environment.Job instance at 0x7f13e0bee4b0>,38,17,[7 4],39,261,278,222,261
1,<environment.Job instance at 0x7f13e0d35eb0>,7,14,[9 5],8,23,37,15,23
1,<environment.Job instance at 0x7f142472abe0>,17,12,[5 1],18,148,160,130,148
1,<environment.Job instance at 0x7f13e0bee4b0>,2,20,[5 8],3,171,191,168,171
1,<environment.Job instance at 0x7f142472aa50>,19,24,[8 5],20,207,231,187,207
1,<environment.Job instance at 0x7f13e107c4b0>,3,13,[8 1],4,8,21,4,8
1,<environment.Job instance at 0x7f13e107c640>,7,18,[8 3],8,47,65,39,47
1,<environment.Job instance at 0x7f142497c5f0>,11,19,[6 1],12,67,86,55,67
1,<environment.Job instance at 0x7f142497ce10>,13,20,[9 2],14,93,113,79,93
1,<environment.Job instance at 0x7f142497c550>,22,26,[5 5],23,178,204,155,178
1,<environment.Job instance at 0x7f13e0f86820>,29,19,[9 1],30,208,227,178,208
1,<environment.Job instance at 0x7f13e0f86cd0>,34,27,[5 6],35,241,268,206,241
1,<environment.Job instance at 0x7f13e0b8be60>,7,14,[9 5],8,9,23,1,9
1,<environment.Job instance at 0x7f142b8aad20>,4,12,[8 3],5,26,38,21,26
1,<environment.Job instance at 0x7f1424b01a00>,12,14,[6 3],13,38,52,25,27
1,<environment.Job instance at 0x7f14247a0370>,26,21,[5 6],27,171,192,144,171
1,<environment.Job instance at 0x7f13e0e5c050>,30,15,[5 6],31,216,231,185,216
1,<environment.Job instance at 0x7ffb6242d410>,6,20,[6 1],7,7,27,0,7
1,<environment.Job instance at 0x7ffb6242d6e0>,7,25,[6 2],8,84,109,76,84
1,<environment.Job instance at 0x7ffb6242d5a0>,23,18,[2 7],24,246,264,222,246
1,<environment.Job instance at 0x7ffb62436370>,4,27,[1 6],5,39,66,34,39
1,<environment.Job instance at 0x7ffb699a4f00>,12,16,[ 4 10],13,66,82,53,53
1,<environment.Job instance at 0x7ffb699a4730>,11,15,[5 9],12,99,114,87,99
1,<environment.Job instance at 0x7ffb699b76e0>,17,28,[ 3 10],18,234,262,216,234
1,<environment.Job instance at 0x7ffb1e701d20>,10,14,[1 8],11,47,61,36,47
1,<environment.Job instance at 0x7ffb699b32d0>,3,20,[ 4 10],4,77,97,73,77
1,<environment.Job instance at 0x7ffb1e701c80>,13,27,[9 1],14,102,129,88,102
1,<environment.Job instance at 0x7ffb1e701f00>,19,15,[1 7],20,141,156,121,141
1,<environment.Job instance at 0x7ffb1e71f190>,22,13,[3 8],23,161,174,138,161
1,<environment.Job instance at 0x7ffb1e71f410>,23,13,[3 5],24,174,187,150,169
1,<environment.Job instance at 0x7ffb1e71f3c0>,26,20,[1 5],27,188,208,161,188
1,<environment.Job instance at 0x7ffb1e71f1e0>,27,22,[3 7],28,252,274,224,252
1,<environment.Job instance at 0x7ffb624436e0>,10,14,[6 1],11,19,33,8,19
1,<environment.Job instance at 0x7ffb62443fa0>,8,25,[6 2],9,41,66,32,41
1,<environment.Job instance at 0x7ffb1e723140>,12,16,[3 8],13,44,60,31,44
1,<environment.Job instance at 0x7ffb1e723dc0>,16,13,[6 3],17,66,79,49,57
1,<environment.Job instance at 0x7ffb1e723460>,17,13,[7 4],18,79,92,61,63
1,<environment.Job instance at 0x7ffb1e723870>,19,20,[1 7],20,92,112,72,92
1,<environment.Job instance at 0x7ffb1e860730>,27,16,[2 8],28,176,192,148,176
1,<environment.Job instance at 0x7ffb1e77b910>,6,13,[2 5],7,35,48,28,35
1,<environment.Job instance at 0x7ffb1e6c60f0>,9,17,[6 2],10,35,52,25,35
1,<environment.Job instance at 0x7ffb1e6c6960>,10,17,[5 1],11,52,69,41,40
1,<environment.Job instance at 0x7ffb1e6c6190>,13,17,[4 6],14,62,79,48,62
1,<environment.Job instance at 0x7ffb1e6c6aa0>,15,14,[ 1 10],16,102,116,86,102
1,<environment.Job instance at 0x7ffb69868f00>,18,15,[8 2],19,140,155,121,140
1,<environment.Job instance at 0x7ffb1eb1dd20>,19,25,[4 5],20,155,180,135,155
1,<environment.Job instance at 0x7ffb698c4050>,3,22,[9 5],4,258,280,254,258
1,<environment.Job instance at 0x7ffb1eb30190>,6,16,[3 9],7,32,48,25,32
1,<environment.Job instance at 0x7ffb1eb307d0>,8,12,[ 5 10],9,48,60,39,32
1,<environment.Job instance at 0x7ffb1eb30be0>,14,18,[8 3],15,94,112,79,94
1,<environment.Job instance at 0x7ffb1eb30690>,17,16,[5 8],18,112,128,94,100
1,<environment.Job instance at 0x7ffb698684b0>,25,13,[5 5],26,211,224,185,211
1,<environment.Job instance at 0x7ffb626915a0>,28,14,[7 5],29,260,274,231,260
1,<environment.Job instance at 0x7ffb66fe0690>,12,15,[5 8],13,136,151,123,136
1,<environment.Job instance at 0x7ffb1e9dc690>,15,16,[6 3],16,181,197,165,181
1,<environment.Job instance at 0x7ffb1e9dc2d0>,16,14,[5 7],17,197,211,180,191
1,<environment.Job instance at 0x7ffb66a050a0>,3,14,[4 5],4,4,18,0,4
1,<environment.Job instance at 0x7ffb66ef6370>,7,15,[9 5],8,23,38,15,23
1,<environment.Job instance at 0x7ffb66f46b40>,11,18,[5 9],12,46,64,34,46
1,<environment.Job instance at 0x7ffb66ef6050>,9,17,[1 7],10,68,85,58,68
1,<environment.Job instance at 0x7ffb622089b0>,1,13,[6 5],2,87,100,85,87
1,<environment.Job instance at 0x7ffb66bed550>,16,14,[5 9],17,100,114,83,96
1,<environment.Job instance at 0x7ffb1e792be0>,18,12,[2 5],19,114,126,95,109
1,<environment.Job instance at 0x7ffb66a52d70>,6,27,[5 5],7,120,147,113,120
1,<environment.Job instance at 0x7ffb66bed910>,15,25,[9 2],16,147,172,131,144
1,<environment.Job instance at 0x7ffb1e7922d0>,27,18,[5 9],28,177,195,149,177
1,<environment.Job instance at 0x7ffb66d5bb40>,23,22,[10  2],24,195,217,171,190
1,<environment.Job instance at 0x7ffb1e792410>,29,22,[3 8],30,226,248,196,226
1,<environment.Job instance at 0x7ffb6253a4b0>,33,24,[ 2 10],34,256,280,222,256
1,<environment.Job instance at 0x7ffb1ea4caa0>,5,18,[1 7],6,6,24,0,6
1,<environment.Job instance at 0x7ffb1ea4c3c0>,3,14,[1 5],4,39,53,35,39
1,<environment.Job instance at 0x7ffb1ea4c910>,13,15,[7 4],14,71,86,57,71
1,<environment.Job instance at 0x7ffb1ea4cbe0>,11,20,[10  5],12,86,106,74,82
1,<environment.Job instance at 0x7ffb1eb83aa0>,20,28,[2 7],21,117,145,96,117
1,<environment.Job instance at 0x7ffb62392870>,0,18,[ 2 10],1,1,19,0,1
1,<environment.Job instance at 0x7ffb66ae7d20>,8,13,[9 4],9,19,32,10,17
1,<environment.Job instance at 0x7ffb62392050>,5,15,[10  3],6,43,58,37,43
1,<environment.Job instance at 0x7ffb669e6730>,11,15,[4 5],12,58,73,46,49
1,<environment.Job instance at 0x7ffb669e6690>,12,27,[5 1],13,62,89,49,62
1,<environment.Job instance at 0x7ffb1eb3c910>,16,16,[4 5],17,73,89,56,73
1,<environment.Job instance at 0x7ffb6266c960>,15,25,[6 1],16,89,114,73,87
1,<environment.Job instance at 0x7ffb66cc2550>,21,16,[9 2],22,114,130,92,101
1,<environment.Job instance at 0x7ffb627eb730>,24,21,[6 5],25,130,151,105,122
1,<environment.Job instance at 0x7ffb627edb40>,28,19,[ 5 10],29,151,170,122,146
1,<environment.Job instance at 0x7ffb1ecd1b90>,33,15,[4 9],34,180,195,146,180
1,<environment.Job instance at 0x7ffb625238c0>,29,15,[7 3],30,195,210,165,181
1,<environment.Job instance at 0x7ffb66b01460>,37,25,[2 6],38,195,220,157,194
1,<environment.Job instance at 0x7ffb1ecebb40>,39,18,[1 9],40,220,238,180,213
1,<environment.Job instance at 0x7ffb1eceb140>,42,21,[9 5],43,238,259,195,231
1,<environment.Job instance at 0x7ffb622f8320>,13,16,[6 3],14,62,78,48,62
1,<environment.Job instance at 0x7ffb66e806e0>,11,16,[5 1],12,29,45,17,29
1,<environment.Job instance at 0x7ffb66e80b40>,14,18,[2 8],15,84,102,69,84
1,<environment.Job instance at 0x7ffb6274e230>,18,23,[3 7],19,154,177,135,154
1,<environment.Job instance at 0x7ffb1eb9e0a0>,5,23,[1 5],6,7,30,1,7
1,<environment.Job instance at 0x7ffb627d1d20>,0,15,[10  1],1,2,17,1,2
1,<environment.Job instance at 0x7ffb66d47dc0>,9,16,[9 2],10,70,86,60,70
1,<environment.Job instance at 0x7ffb66d479b0>,8,21,[1 7],9,97,118,88,97
1,<environment.Job instance at 0x7ffb66a64a50>,1,14,[3 8],2,118,132,116,104
1,<environment.Job instance at 0x7ffb1e8e96e0>,24,17,[3 9],25,210,227,185,210
1,<environment.Job instance at 0x7ffb66ed3d70>,1,15,[7 3],2,52,67,50,52
1,<environment.Job instance at 0x7ffb626f4640>,16,22,[2 6],17,124,146,107,124
1,<environment.Job instance at 0x7ffb62403500>,18,17,[7 4],19,126,143,107,126
1,<environment.Job instance at 0x7ffb624030f0>,19,23,[5 5],20,146,169,126,140
1,<environment.Job instance at 0x7ffb62403690>,20,19,[6 2],21,169,188,148,164
1,<environment.Job instance at 0x7ffb628a6c80>,27,12,[4 5],28,181,193,153,181
1,<environment.Job instance at 0x7ffb628a6aa0>,24,21,[9 1],25,193,214,168,188
1,<environment.Job instance at 0x7ffb628b7eb0>,3,19,[10  1],4,10,29,6,10
1,<environment.Job instance at 0x7ffb628b63c0>,9,13,[7 2],10,29,42,19,18
1,<environment.Job instance at 0x7ffb628b60f0>,8,18,[ 4 10],9,45,63,36,45
1,<environment.Job instance at 0x7ffb66b6e460>,13,15,[10  5],14,63,78,49,60
1,<environment.Job instance at 0x7ffb66b6eeb0>,17,12,[9 1],18,84,96,66,84
1,<environment.Job instance at 0x7ffb698142d0>,21,14,[2 9],22,139,153,117,139
1,<environment.Job instance at 0x7ffb1e9520a0>,24,15,[3 5],25,179,194,154,179
1,<environment.Job instance at 0x7ffb1e952870>,31,14,[5 7],32,212,226,180,212
1,<environment.Job instance at 0x7ffb1e952230>,33,13,[8 1],34,226,239,192,215
1,<environment.Job instance at 0x7ffb66baffa0>,37,18,[8 3],38,254,272,216,254
1,<environment.Job instance at 0x7ffb6221daa0>,5,12,[3 5],6,6,18,0,6
1,<environment.Job instance at 0x7ffb1ecda6e0>,8,27,[7 3],9,24,51,15,24
1,<environment.Job instance at 0x7ffb1e5f34b0>,15,22,[10  3],16,158,180,142,158
1,<environment.Job instance at 0x7ffb1e95bfa0>,29,25,[9 4],30,263,288,233,263
1,<environment.Job instance at 0x7ffb628b7d70>,5,12,[1 9],6,8,20,2,8
1,<environment.Job instance at 0x7ffb69738cd0>,3,15,[10  1],4,20,35,16,18
1,<environment.Job instance at 0x7ffb66f0a640>,7,13,[5 8],8,35,48,27,20
1,<environment.Job instance at 0x7ffb62540fa0>,15,14,[3 9],16,57,71,41,57
1,<environment.Job instance at 0x7ffb1eca8dc0>,23,13,[9 2],24,125,138,101,125
1,<environment.Job instance at 0x7ffb626800f0>,28,16,[7 4],29,192,208,163,192
1,<environment.Job instance at 0x7ffb626756e0>,32,15,[1 7],33,211,226,178,211
1,<environment.Job instance at 0x7ffb1e63dbe0>,4,12,[5 1],5,5,17,0,5
1,<environment.Job instance at 0x7ffb1e63d5a0>,6,12,[4 8],7,7,19,0,7
1,<environment.Job instance at 0x7ffb66d26640>,10,26,[ 2 10],11,19,45,8,19
1,<environment.Job instance at 0x7ffb66d26280>,12,12,[1 6],13,60,72,47,60
1,<environment.Job instance at 0x7ffb66d26820>,16,19,[6 2],17,63,82,46,63
1,<environment.Job instance at 0x7ffb66d261e0>,23,15,[3 9],24,96,111,72,96
1,<environment.Job instance at 0x7ffb66d26cd0>,22,12,[5 2],23,111,123,88,104
1,<environment.Job instance at 0x7ffb69738960>,2,23,[6 1],3,161,184,158,161
1,<environment.Job instance at 0x7ffb62786f50>,35,13,[8 4],36,189,202,153,189
1,<environment.Job instance at 0x7ffb66eb42d0>,0,17,[10  3],1,2,19,1,2
1,<environment.Job instance at 0x7ffb1e614910>,14,27,[1 7],15,68,95,53,68
1,<environment.Job instance at 0x7f942bca3410>,6,20,[6 1],7,7,27,0,7
1,<environment.Job instance at 0x7f942bca3370>,5,24,[1 5],6,11,35,5,11
1,<environment.Job instance at 0x7f942bca3550>,7,25,[6 2],8,27,52,19,23
1,<environment.Job instance at 0x7f942bca3960>,11,26,[4 8],12,87,113,75,87
1,<environment.Job instance at 0x7f942bca5190>,1,15,[5 9],2,2,17,0,2
1,<environment.Job instance at 0x7f942bd5c7d0>,7,28,[ 3 10],8,108,136,100,108
1,<environment.Job instance at 0x7f943322d820>,21,18,[ 1 10],22,146,164,124,146
1,<environment.Job instance at 0x7f943322d910>,20,18,[2 7],21,170,188,149,170
1,<environment.Job instance at 0x7f9433229190>,29,14,[10  4],30,220,234,190,220
1,<environment.Job instance at 0x7f93e7f9fcd0>,20,13,[8 5],21,131,144,110,131
1,<environment.Job instance at 0x7f93e7f9f4b0>,21,14,[2 9],22,144,158,122,131
1,<environment.Job instance at 0x7f93e7f99af0>,31,28,[2 8],32,263,291,231,263
1,<environment.Job instance at 0x7f93e80d7730>,4,16,[7 4],5,8,24,3,8
1,<environment.Job instance at 0x7f93e7f931e0>,3,13,[4 8],4,33,46,29,33
1,<environment.Job instance at 0x7f93e839d960>,5,14,[ 2 10],6,6,20,0,6
1,<environment.Job instance at 0x7f93e839da50>,12,13,[ 1 10],13,56,69,43,56
1,<environment.Job instance at 0x7f93e7f66870>,13,21,[8 1],14,72,93,58,72
1,<environment.Job instance at 0x7f942e3c04b0>,15,15,[8 4],16,95,110,79,95
1,<environment.Job instance at 0x7f942bbe9410>,6,14,[10  3],7,7,21,0,7
1,<environment.Job instance at 0x7f942bbe90a0>,9,18,[2 9],10,21,39,11,16
1,<environment.Job instance at 0x7f942bbe9f50>,8,19,[1 5],9,39,58,30,35
1,<environment.Job instance at 0x7f93e812bfa0>,13,14,[4 5],14,41,55,27,41
1,<environment.Job instance at 0x7f942bbe90f0>,5,13,[6 4],6,88,101,82,88
1,<environment.Job instance at 0x7f942e2a85a0>,19,17,[1 7],20,103,120,83,103
1,<environment.Job instance at 0x7f942e2a8910>,20,15,[5 1],21,128,143,107,128
1,<environment.Job instance at 0x7f942bd77d70>,25,25,[9 2],26,164,189,138,164
1,<environment.Job instance at 0x7f93e8351b40>,5,18,[1 7],6,7,25,1,7
1,<environment.Job instance at 0x7f942e35bfa0>,13,15,[7 4],14,69,84,55,69
1,<environment.Job instance at 0x7f942e35b050>,15,13,[1 7],16,95,108,79,95
1,<environment.Job instance at 0x7f942e35b2d0>,22,13,[5 5],23,194,207,171,194
1,<environment.Job instance at 0x7f942e4827d0>,26,14,[6 4],27,260,274,233,260
1,<environment.Job instance at 0x7f942e4b4af0>,3,21,[1 6],4,5,26,1,5
1,<environment.Job instance at 0x7f942e4b4d20>,7,25,[8 3],8,8,33,0,8
1,<environment.Job instance at 0x7f942bc883c0>,10,18,[7 3],11,33,51,22,22
1,<environment.Job instance at 0x7f942bc88280>,11,16,[9 2],12,51,67,39,38
1,<environment.Job instance at 0x7f942e4b4d70>,6,16,[4 5],7,67,83,60,58
1,<environment.Job instance at 0x7f942e354e60>,20,17,[4 7],21,88,105,67,88
1,<environment.Job instance at 0x7f942e3541e0>,23,15,[4 9],24,107,122,83,107
1,<environment.Job instance at 0x7f93e855c5a0>,29,18,[1 9],30,176,194,146,176
1,<environment.Job instance at 0x7f93e846fdc0>,30,15,[6 3],31,194,209,163,180
1,<environment.Job instance at 0x7f93e829e2d0>,19,15,[7 3],20,224,239,204,224
1,<environment.Job instance at 0x7f942bcbf820>,5,12,[3 6],6,23,35,17,23
1,<environment.Job instance at 0x7f942bc33a00>,9,27,[6 1],10,29,56,19,29
1,<environment.Job instance at 0x7f942bb7c370>,10,15,[5 2],11,56,71,45,53
1,<environment.Job instance at 0x7f942bb7c410>,12,14,[7 1],13,71,85,58,57
1,<environment.Job instance at 0x7f942e89f820>,27,20,[3 7],28,229,249,201,229
1,<environment.Job instance at 0x7f942c11daf0>,31,27,[4 6],32,250,277,218,250
1,<environment.Job instance at 0x7f93e8150dc0>,5,17,[3 6],6,6,23,0,6
1,<environment.Job instance at 0x7f942e6e8730>,23,16,[ 3 10],24,242,258,218,242
1,<environment.Job instance at 0x7f93e81190a0>,4,13,[4 7],5,10,23,5,10
1,<environment.Job instance at 0x7f93e8119050>,2,16,[ 4 10],3,23,39,20,13
1,<environment.Job instance at 0x7f93e8119320>,13,18,[5 8],14,60,78,46,60
1,<environment.Job instance at 0x7f93e81195a0>,16,15,[ 1 10],17,78,93,61,72
1,<environment.Job instance at 0x7f942bbc9af0>,23,14,[7 2],24,165,179,141,165
1,<environment.Job instance at 0x7f942bbc9640>,33,14,[5 4],34,270,284,236,270
1,<environment.Job instance at 0x7f942bdf15f0>,2,14,[5 5],3,4,18,1,4
1,<environment.Job instance at 0x7f942e8dd410>,8,18,[1 5],9,51,69,42,51
1,<environment.Job instance at 0x7f942ba855a0>,10,12,[6 3],11,51,63,40,51
1,<environment.Job instance at 0x7f93e81c68c0>,15,13,[9 5],16,81,94,65,81
1,<environment.Job instance at 0x7f942e262eb0>,18,13,[7 5],19,98,111,79,98
1,<environment.Job instance at 0x7f942e5faa50>,21,15,[7 3],22,134,149,112,134
1,<environment.Job instance at 0x7f942e777fa0>,25,14,[4 7],26,189,203,163,189
1,<environment.Job instance at 0x7f93e82e8780>,32,18,[5 4],33,257,275,224,257
1,<environment.Job instance at 0x7f93e83d4410>,4,14,[5 7],5,5,19,0,5
1,<environment.Job instance at 0x7f942e53c230>,2,21,[1 6],3,22,43,19,22
1,<environment.Job instance at 0x7f93e7dd1690>,16,18,[5 4],17,81,99,64,81
1,<environment.Job instance at 0x7f942be8fb40>,17,17,[7 2],18,99,116,81,87
1,<environment.Job instance at 0x7f93e7dd6dc0>,23,15,[10  5],24,147,162,123,147
1,<environment.Job instance at 0x7f942ba51140>,26,16,[4 7],27,178,194,151,178
1,<environment.Job instance at 0x7f942ba514b0>,27,12,[9 1],28,194,206,166,178
1,<environment.Job instance at 0x7f93e7ff7370>,31,14,[2 9],32,209,223,177,209
1,<environment.Job instance at 0x7f93e7dbff00>,5,12,[3 5],6,6,18,0,6
1,<environment.Job instance at 0x7f93e7d97b90>,7,23,[9 5],8,47,70,39,47
1,<environment.Job instance at 0x7f93e7dd11e0>,8,27,[7 3],9,76,103,67,76
1,<environment.Job instance at 0x7f942bb2a9b0>,16,12,[3 6],17,127,139,110,127
1,<environment.Job instance at 0x7f93e82c5aa0>,25,18,[ 2 10],26,206,224,180,206
1,<environment.Job instance at 0x7f93e82c5d20>,27,14,[9 5],28,224,238,196,216
1,<environment.Job instance at 0x7f93e82c5dc0>,28,14,[8 5],29,238,252,209,225
1,<environment.Job instance at 0x7f93e82de460>,5,14,[3 9],6,8,22,2,8
1,<environment.Job instance at 0x7f93e82de190>,6,12,[10  1],7,22,34,15,9
1,<environment.Job instance at 0x7f942e85ba50>,17,17,[ 1 10],18,124,141,106,124
1,<environment.Job instance at 0x7f942e85b230>,18,16,[7 4],19,141,157,122,128
1,<environment.Job instance at 0x7f93e8351dc0>,30,13,[1 9],31,255,268,224,255
1,<environment.Job instance at 0x7f93e8351730>,32,18,[7 1],33,255,273,222,255
1,<environment.Job instance at 0x7f942e25e500>,6,15,[6 2],7,7,22,0,7
1,<environment.Job instance at 0x7f93e7d308c0>,1,13,[7 2],2,22,35,20,10
1,<environment.Job instance at 0x7f93e7e4ce60>,15,13,[8 4],16,60,73,44,60
1,<environment.Job instance at 0x7f942e1f8fa0>,18,19,[9 2],19,103,122,84,103
1,<environment.Job instance at 0x7f942e786b40>,25,15,[3 6],26,155,170,129,155
1,<environment.Job instance at 0x7f942e76d550>,28,14,[6 1],29,196,210,167,196
1,<environment.Job instance at 0x7f93e80f0230>,29,27,[9 3],30,210,237,180,210
1,<environment.Job instance at 0x7f942e2a4370>,31,18,[10  4],32,237,255,205,231
1,<environment.Job instance at 0x7f93e7f3ac80>,33,15,[7 2],34,255,270,221,253
1,<environment.Job instance at 0x7f942e835c80>,2,12,[9 4],3,3,15,0,3
1,<environment.Job instance at 0x7f93e7d41460>,8,20,[6 2],9,17,37,8,17
1,<environment.Job instance at 0x7f93f2cb58c0>,6,18,[10  3],7,40,58,33,40
1,<environment.Job instance at 0x7f93e81849b0>,7,13,[3 7],8,89,102,81,89
1,<environment.Job instance at 0x7f93e8596960>,15,24,[6 2],16,100,124,84,100
1,<environment.Job instance at 0x7f93e8596780>,16,12,[2 6],17,102,114,85,100
1,<environment.Job instance at 0x7f93e8596b40>,20,18,[ 2 10],21,127,145,106,127
1,<environment.Job instance at 0x7f93e7f404b0>,25,13,[5 7],26,147,160,121,147
1,<environment.Job instance at 0x7f93e82989b0>,30,12,[1 8],31,234,246,203,234
1,<environment.Job instance at 0x7f942be43f50>,31,14,[7 4],32,246,260,214,234
1,<environment.Job instance at 0x7f93e8045f00>,33,15,[2 7],34,260,275,226,252
1,<environment.Job instance at 0x7f93e8623190>,12,16,[ 5 10],13,136,152,123,136
1,<environment.Job instance at 0x7f93e8623370>,17,12,[10  2],18,190,202,172,190
1,<environment.Job instance at 0x7f93e86235a0>,19,16,[3 6],20,204,220,184,204
1,<environment.Job instance at 0x7f93e7cf2280>,4,15,[2 5],5,57,72,52,57
1,<environment.Job instance at 0x7f93e7cf2500>,5,15,[7 2],6,57,72,51,57
1,<environment.Job instance at 0x7f93e7cf2550>,10,14,[2 9],11,72,86,61,58
1,<environment.Job instance at 0x7f942e980d20>,11,27,[2 5],12,199,226,187,199
1,<environment.Job instance at 0x7f0586aea500>,7,25,[6 2],8,21,46,13,21
1,<environment.Job instance at 0x7f0586aea410>,6,20,[6 1],7,102,122,95,102
1,<environment.Job instance at 0x7f058df21410>,5,15,[5 7],6,15,30,9,15
1,<environment.Job instance at 0x7f058df219b0>,10,18,[2 7],11,206,224,195,206
1,<environment.Job instance at 0x7f058e05fa00>,1,14,[2 9],2,2,16,0,2
1,<environment.Job instance at 0x7f0542dc1960>,6,27,[2 9],7,29,56,22,29
1,<environment.Job instance at 0x7f0542dc1550>,12,12,[1 7],13,56,68,43,56
1,<environment.Job instance at 0x7f0542dc17d0>,18,12,[10  5],19,148,160,129,148
1,<environment.Job instance at 0x7f0542dc1dc0>,15,26,[ 5 10],16,170,196,154,170
1,<environment.Job instance at 0x7f0542e88a50>,25,16,[2 8],26,197,213,171,197
1,<environment.Job instance at 0x7f0542e88c80>,30,25,[7 2],31,251,276,220,251
1,<environment.Job instance at 0x7f054341bc80>,5,13,[4 8],6,42,55,36,42
1,<environment.Job instance at 0x7f0542e88c80>,2,20,[8 5],3,71,91,68,71
1,<environment.Job instance at 0x7f054341daa0>,23,17,[4 6],24,191,208,167,191
1,<environment.Job instance at 0x7f054341da00>,25,14,[ 1 10],26,221,235,195,221
1,<environment.Job instance at 0x7f054341dc30>,28,15,[8 2],29,235,250,206,229
1,<environment.Job instance at 0x7f054341d6e0>,29,25,[4 5],30,250,275,220,246
1,<environment.Job instance at 0x7f0542f69690>,5,14,[8 5],6,6,20,0,6
1,<environment.Job instance at 0x7f0542e6caa0>,7,16,[5 8],8,20,36,12,8
1,<environment.Job instance at 0x7f0542eba050>,4,18,[8 3],5,80,98,75,80
1,<environment.Job instance at 0x7f05432e50f0>,15,13,[5 5],16,98,111,82,84
1,<environment.Job instance at 0x7f0542cf3910>,6,14,[ 4 10],7,12,26,5,12
1,<environment.Job instance at 0x7f0542cf3a50>,8,12,[8 5],9,26,38,17,12
1,<environment.Job instance at 0x7f054301ff50>,9,21,[9 2],10,38,59,28,38
1,<environment.Job instance at 0x7f054301fcd0>,13,16,[6 3],14,61,77,47,61
1,<environment.Job instance at 0x7f05431fc910>,19,19,[7 4],20,174,193,154,174
1,<environment.Job instance at 0x7f0542f69640>,1,15,[6 3],2,5,20,3,5
1,<environment.Job instance at 0x7f0542f5d730>,4,28,[2 9],5,20,48,15,20
1,<environment.Job instance at 0x7f054303ed20>,18,27,[1 5],19,115,142,96,115
1,<environment.Job instance at 0x7f0586ae2640>,23,14,[1 5],24,177,191,153,177
1,<environment.Job instance at 0x7f058d376b90>,33,15,[7 4],34,261,276,227,261
1,<environment.Job instance at 0x7f058da4ff00>,0,18,[ 2 10],1,1,19,0,1
1,<environment.Job instance at 0x7f0586ee40a0>,8,13,[9 4],9,31,44,22,31
1,<environment.Job instance at 0x7f0586b41500>,16,16,[4 5],17,120,136,103,120
1,<environment.Job instance at 0x7f0586b41a00>,15,25,[6 1],16,129,154,113,129
1,<environment.Job instance at 0x7f058d6f8aa0>,21,16,[9 2],22,159,175,137,159
1,<environment.Job instance at 0x7f058d6f81e0>,27,13,[9 4],28,236,249,208,236
1,<environment.Job instance at 0x7f0542e594b0>,29,15,[7 3],30,256,271,226,256
1,<environment.Job instance at 0x7f058d438d70>,31,17,[4 5],32,271,288,239,260
1,<environment.Job instance at 0x7f05868fb730>,5,12,[3 6],6,22,34,16,22
1,<environment.Job instance at 0x7f05868fb410>,9,27,[6 1],10,25,52,15,25
1,<environment.Job instance at 0x7f05868fbf00>,10,15,[5 2],11,52,67,41,48
1,<environment.Job instance at 0x7f05868d9140>,12,14,[7 1],13,67,81,54,54
1,<environment.Job instance at 0x7f05868d9f00>,17,14,[2 6],18,139,153,121,139
1,<environment.Job instance at 0x7f05868d95a0>,23,25,[4 5],24,208,233,184,208
1,<environment.Job instance at 0x7f05868d92d0>,27,20,[3 7],28,237,257,209,237
1,<environment.Job instance at 0x7f058693cb40>,3,15,[3 8],4,51,66,47,51
1,<environment.Job instance at 0x7f058d39b410>,11,17,[9 2],12,66,83,54,56
1,<environment.Job instance at 0x7f058d81f050>,15,23,[9 4],16,95,118,79,95
1,<environment.Job instance at 0x7f0542fa9eb0>,21,27,[8 5],22,157,184,135,157
1,<environment.Job instance at 0x7f0586a6ccd0>,23,28,[5 7],24,190,218,166,190
1,<environment.Job instance at 0x7f058d4b7a00>,3,14,[7 2],4,15,29,11,15
1,<environment.Job instance at 0x7f058dacb730>,7,28,[9 2],8,63,91,55,63
1,<environment.Job instance at 0x7f0586a6bc30>,10,15,[10  1],11,91,106,80,77
1,<environment.Job instance at 0x7f0542bd97d0>,19,16,[9 2],20,127,143,107,127
1,<environment.Job instance at 0x7f0542f89320>,25,12,[6 4],26,227,239,201,227
1,<environment.Job instance at 0x7f058dacb9b0>,12,16,[6 5],13,239,255,226,234
1,<environment.Job instance at 0x7f0542f89140>,28,17,[9 2],29,255,272,226,244
1,<environment.Job instance at 0x7f054315d870>,10,19,[6 2],11,29,48,18,29
1,<environment.Job instance at 0x7f058d8c4960>,6,22,[2 6],7,33,55,26,33
1,<environment.Job instance at 0x7f0586ad3820>,17,12,[4 5],18,88,100,70,88
1,<environment.Job instance at 0x7f0586ad3870>,14,21,[9 1],15,112,133,97,112
1,<environment.Job instance at 0x7f058dacb8c0>,12,28,[2 7],13,134,162,121,134
1,<environment.Job instance at 0x7f0542d94a50>,24,12,[ 5 10],25,162,174,137,145
1,<environment.Job instance at 0x7f0542d946e0>,30,28,[7 5],31,182,210,151,182
1,<environment.Job instance at 0x7f0542d8faf0>,2,16,[4 6],3,3,19,0,3
1,<environment.Job instance at 0x7f0542d7b2d0>,5,16,[ 3 10],6,72,88,66,72
1,<environment.Job instance at 0x7f0542d8f870>,7,18,[8 3],8,88,106,80,86
1,<environment.Job instance at 0x7f054324bd20>,13,20,[9 2],14,153,173,139,153
1,<environment.Job instance at 0x7f0542cf3eb0>,19,20,[4 6],20,187,207,167,187
1,<environment.Job instance at 0x7f0542cf37d0>,24,19,[4 7],25,216,235,191,216
1,<environment.Job instance at 0x7f058de31460>,29,19,[9 1],30,247,266,217,247
1,<environment.Job instance at 0x7f0542c82910>,35,12,[8 3],36,266,278,230,252
1,<environment.Job instance at 0x7f0586facf00>,17,20,[6 4],18,144,164,126,144
1,<environment.Job instance at 0x7f0542bd48c0>,20,17,[2 9],21,175,192,154,175
1,<environment.Job instance at 0x7f0542bd4aa0>,23,15,[10  1],24,215,230,191,215
1,<environment.Job instance at 0x7f0542bd4b90>,25,12,[1 9],26,242,254,216,242
1,<environment.Job instance at 0x7f0542bd4870>,28,18,[5 2],29,269,287,240,269
1,<environment.Job instance at 0x7f058693f960>,7,14,[1 9],8,16,30,8,16
1,<environment.Job instance at 0x7f058693f640>,6,12,[4 8],7,30,42,23,16
1,<environment.Job instance at 0x7f0542d7b230>,4,12,[5 1],5,16,28,11,16
1,<environment.Job instance at 0x7f0542e1d820>,19,14,[9 3],20,92,106,72,92
1,<environment.Job instance at 0x7f0542e1da00>,23,15,[3 9],24,106,121,82,104
1,<environment.Job instance at 0x7f0586929320>,10,26,[ 2 10],11,129,155,118,129
1,<environment.Job instance at 0x7f0542e1de10>,30,16,[8 5],31,165,181,134,165
1,<environment.Job instance at 0x7f0542e2b410>,35,13,[8 4],36,217,230,181,217
1,<environment.Job instance at 0x7f0542e02e60>,16,18,[10  3],17,114,132,97,114
1,<environment.Job instance at 0x7f0542be0870>,19,12,[10  2],20,141,153,121,141
1,<environment.Job instance at 0x7f0542e027d0>,6,25,[6 3],7,207,232,200,207
1,<environment.Job instance at 0x7f0542be0230>,26,12,[2 6],27,254,266,227,254
1,<environment.Job instance at 0x7f0542bcf640>,12,16,[ 5 10],13,136,152,123,136
1,<environment.Job instance at 0x7f0543032230>,3,24,[ 2 10],4,25,49,21,25
1,<environment.Job instance at 0x7f058d481780>,8,19,[2 6],9,49,68,40,39
1,<environment.Job instance at 0x7f058d4b4be0>,18,14,[1 7],19,101,115,82,101
1,<environment.Job instance at 0x7f0586b3e910>,24,18,[3 9],25,154,172,129,154
1,<environment.Job instance at 0x7f0586b3e1e0>,28,22,[9 1],29,183,205,154,183
1,<environment.Job instance at 0x7f0542fed370>,32,25,[ 5 10],33,216,241,183,216
1,<environment.Job instance at 0x7f058d4b45a0>,1,17,[9 2],2,3,20,1,3
1,<environment.Job instance at 0x7f058d2e8870>,7,15,[6 1],8,20,35,12,9
1,<environment.Job instance at 0x7f058d2e8320>,12,12,[10  5],13,50,62,37,50
1,<environment.Job instance at 0x7f058d2e8780>,13,17,[10  4],14,62,79,48,53
1,<environment.Job instance at 0x7f058d2e82d0>,18,28,[6 3],19,132,160,113,132
1,<environment.Job instance at 0x7f054313a320>,25,23,[3 9],26,177,200,151,177
1,<environment.Job instance at 0x7f054313aaa0>,26,19,[4 7],27,221,240,194,221
1,<environment.Job instance at 0x7f054313a7d0>,29,17,[2 8],30,240,257,210,232
1,<environment.Job instance at 0x7f054313a550>,31,12,[10  3],32,257,269,225,240
1,<environment.Job instance at 0x7f0543078460>,37,18,[5 3],38,269,287,231,260
1,<environment.Job instance at 0x7f058d481460>,4,14,[8 5],5,81,95,76,81
1,<environment.Job instance at 0x7f0586ba14b0>,14,21,[8 5],15,100,121,85,100
1,<environment.Job instance at 0x7f058693e460>,19,13,[6 2],20,141,154,121,141
1,<environment.Job instance at 0x7f411b3c0370>,7,25,[6 2],8,43,68,35,43
1,<environment.Job instance at 0x7f4122937cd0>,4,12,[4 6],5,126,138,121,126
1,<environment.Job instance at 0x7f412293e5f0>,15,16,[7 5],16,138,154,122,133
1,<environment.Job instance at 0x7f4122936fa0>,19,17,[ 3 10],20,154,171,134,143
1,<environment.Job instance at 0x7f40d77b90f0>,10,25,[7 2],11,36,61,25,36
1,<environment.Job instance at 0x7f40d76f33c0>,20,14,[6 1],21,142,156,121,142
1,<environment.Job instance at 0x7f40d76f3b40>,23,14,[10  1],24,159,173,135,159
1,<environment.Job instance at 0x7f40d76f3c80>,30,26,[ 4 10],31,242,268,211,242
1,<environment.Job instance at 0x7f40d7b96500>,21,15,[5 5],22,196,211,174,196
1,<environment.Job instance at 0x7f40d7784cd0>,4,24,[5 5],5,205,229,200,205
1,<environment.Job instance at 0x7f40d7b960f0>,24,20,[6 1],25,232,252,207,232
1,<environment.Job instance at 0x7f40d77116e0>,5,14,[ 2 10],6,6,20,0,6
1,<environment.Job instance at 0x7f40d76a0e10>,9,14,[ 5 10],10,52,66,42,52
1,<environment.Job instance at 0x7f40d760f190>,13,21,[8 1],14,66,87,52,58
1,<environment.Job instance at 0x7f40d760f140>,15,15,[8 4],16,87,102,71,73
1,<environment.Job instance at 0x7f40d760f550>,17,14,[6 4],18,102,116,84,87
1,<environment.Job instance at 0x7f40d75ca780>,1,18,[5 9],2,2,20,0,2
1,<environment.Job instance at 0x7f40d7a485a0>,8,12,[2 5],9,23,35,14,23
1,<environment.Job instance at 0x7f40d77bd910>,5,25,[9 2],6,95,120,89,95
1,<environment.Job instance at 0x7f411dfbc870>,17,18,[5 9],18,120,138,102,109
1,<environment.Job instance at 0x7f411dfbc500>,21,12,[10  2],22,138,150,116,129
1,<environment.Job instance at 0x7f40d77bddc0>,1,18,[6 1],2,8,26,6,8
1,<environment.Job instance at 0x7f41223d6eb0>,8,17,[7 1],9,26,43,17,19
1,<environment.Job instance at 0x7f411b4491e0>,12,21,[6 4],13,55,76,42,55
1,<environment.Job instance at 0x7f41223d64b0>,11,26,[5 4],12,111,137,99,111
1,<environment.Job instance at 0x7f411b449c80>,17,16,[ 4 10],18,137,153,119,124
1,<environment.Job instance at 0x7f40d7a6b870>,23,13,[1 5],24,158,171,134,158
1,<environment.Job instance at 0x7f411da1b640>,27,20,[7 1],28,215,235,187,215
1,<environment.Job instance at 0x7f411de83eb0>,5,16,[10  2],6,68,84,62,68
1,<environment.Job instance at 0x7f40d7c295f0>,12,15,[9 3],13,84,99,71,70
1,<environment.Job instance at 0x7f411b7dbaf0>,13,16,[6 3],14,109,125,95,109
1,<environment.Job instance at 0x7f411b7dbdc0>,16,18,[10  2],17,155,173,138,155
1,<environment.Job instance at 0x7f411b7db960>,20,21,[5 2],21,209,230,188,209
1,<environment.Job instance at 0x7f40d79e2370>,5,17,[3 6],6,22,39,16,22
1,<environment.Job instance at 0x7f411d9a15a0>,11,13,[9 3],12,94,107,82,94
1,<environment.Job instance at 0x7f411b3b8fa0>,13,15,[3 8],14,112,127,98,112
1,<environment.Job instance at 0x7f40d79e28c0>,8,16,[1 5],9,150,166,141,150
1,<environment.Job instance at 0x7f40d7bdef00>,21,17,[9 2],22,202,219,180,202
1,<environment.Job instance at 0x7f40d79e2140>,4,17,[10  5],5,226,243,221,226
1,<environment.Job instance at 0x7f40d7bde9b0>,23,16,[ 3 10],24,243,259,219,233
1,<environment.Job instance at 0x7f411b4d0500>,6,12,[6 1],7,18,30,11,18
1,<environment.Job instance at 0x7f411dcbef50>,2,25,[4 9],3,75,100,72,75
1,<environment.Job instance at 0x7f40d787d550>,19,16,[9 2],20,142,158,122,142
1,<environment.Job instance at 0x7f411da186e0>,28,17,[9 2],29,244,261,215,244
1,<environment.Job instance at 0x7f40d773f5a0>,5,16,[4 9],6,20,36,14,20
1,<environment.Job instance at 0x7f411d9a1dc0>,7,12,[4 5],8,36,48,28,20
1,<environment.Job instance at 0x7f411df4da50>,8,21,[10  3],9,48,69,39,44
1,<environment.Job instance at 0x7f411b3c7e10>,11,22,[1 8],12,69,91,57,64
1,<environment.Job instance at 0x7f40d7bb1230>,14,12,[ 5 10],15,91,103,76,82
1,<environment.Job instance at 0x7f411b1bb550>,4,21,[9 1],5,103,124,98,97
1,<environment.Job instance at 0x7f411b3c7280>,13,24,[4 7],14,237,261,223,237
1,<environment.Job instance at 0x7f411b66ae60>,4,19,[4 7],5,5,24,0,5
1,<environment.Job instance at 0x7f411b6553c0>,12,18,[5 2],13,58,76,45,58
1,<environment.Job instance at 0x7f411dc41960>,15,12,[8 3],16,85,97,69,85
1,<environment.Job instance at 0x7f411b66a910>,5,25,[ 2 10],6,114,139,108,114
1,<environment.Job instance at 0x7f40d7bb1c30>,2,26,[5 5],3,154,180,151,154
1,<environment.Job instance at 0x7f411dc41c30>,28,27,[7 3],29,204,231,175,204
1,<environment.Job instance at 0x7f411dc415a0>,27,23,[9 5],28,231,254,203,230
1,<environment.Job instance at 0x7f40d7c79410>,34,19,[5 2],35,254,273,219,246
1,<environment.Job instance at 0x7f40d7c79140>,36,12,[3 6],37,255,267,218,255
1,<environment.Job instance at 0x7f40d7bef230>,5,14,[3 9],6,7,21,1,7
1,<environment.Job instance at 0x7f40d7beff50>,7,17,[4 7],8,21,38,13,13
1,<environment.Job instance at 0x7f40d7b0bdc0>,13,13,[9 2],14,60,73,46,60
1,<environment.Job instance at 0x7f40d7bef410>,9,19,[5 8],10,102,121,92,102
1,<environment.Job instance at 0x7f40d7994730>,18,16,[7 4],19,121,137,102,109
1,<environment.Job instance at 0x7f40d7994b40>,22,15,[1 7],23,138,153,115,138
1,<environment.Job instance at 0x7f411b249dc0>,31,12,[5 2],32,236,248,204,236
1,<environment.Job instance at 0x7f40d7994f50>,17,17,[ 1 10],18,248,265,230,237
1,<environment.Job instance at 0x7f40d758f3c0>,3,20,[6 2],4,4,24,0,4
1,<environment.Job instance at 0x7f411b66aa00>,5,15,[3 6],6,8,23,2,8
1,<environment.Job instance at 0x7f411b727460>,8,14,[6 1],9,24,38,15,11
1,<environment.Job instance at 0x7f40d7bb1eb0>,9,27,[9 3],10,38,65,28,36
1,<environment.Job instance at 0x7f411b2a47d0>,12,25,[10  1],13,65,90,52,61
1,<environment.Job instance at 0x7f411b491780>,11,18,[10  4],12,90,108,78,79
1,<environment.Job instance at 0x7f411d97feb0>,25,15,[6 5],26,200,215,174,200
1,<environment.Job instance at 0x7f411db3ba00>,0,16,[10  4],1,2,18,1,2
1,<environment.Job instance at 0x7f411b441aa0>,8,17,[8 5],9,26,43,17,26
1,<environment.Job instance at 0x7f411def0f00>,7,26,[9 1],8,64,90,56,64
1,<environment.Job instance at 0x7f411b52ff50>,18,19,[5 5],19,103,122,84,103
1,<environment.Job instance at 0x7f41227fb5a0>,20,14,[9 2],21,122,136,101,117
1,<environment.Job instance at 0x7f40d7961b90>,26,15,[4 9],27,185,200,158,185
1,<environment.Job instance at 0x7f40d7cae550>,31,16,[5 1],32,233,249,201,233
1,<environment.Job instance at 0x7f411b755be0>,15,15,[7 1],16,82,97,66,82
1,<environment.Job instance at 0x7f411b755370>,17,17,[5 5],18,101,118,83,101
1,<environment.Job instance at 0x7f40d743d3c0>,24,15,[2 5],25,184,199,159,184
1,<environment.Job instance at 0x7f411ded3780>,6,25,[ 4 10],7,216,241,209,216
1,<environment.Job instance at 0x7f411db3b0f0>,3,17,[ 4 10],4,32,49,28,32
1,<environment.Job instance at 0x7f40d78497d0>,21,17,[9 2],22,193,210,171,193
1,<environment.Job instance at 0x7f40d7388690>,6,19,[2 8],7,49,68,42,49
1,<environment.Job instance at 0x7f411da9c5a0>,18,28,[ 4 10],19,114,142,95,114
1,<environment.Job instance at 0x7f411da9cbe0>,24,21,[8 5],25,177,198,152,177
1,<environment.Job instance at 0x7f411b574190>,8,24,[1 7],9,29,53,20,29
1,<environment.Job instance at 0x7f40d74d9690>,9,13,[6 2],10,75,88,65,75
1,<environment.Job instance at 0x7f40d7c5f7d0>,18,18,[3 9],19,157,175,138,157
1,<environment.Job instance at 0x7f40d7c5fd20>,20,26,[10  2],21,175,201,154,175
1,<environment.Job instance at 0x7f411b826230>,5,17,[1 6],6,47,64,41,47
1,<environment.Job instance at 0x7f40d75917d0>,10,19,[10  1],11,98,117,87,98
1,<environment.Job instance at 0x7f40d76521e0>,25,22,[3 6],26,233,255,207,233
1,<environment.Job instance at 0x7f40d7652230>,26,24,[8 1],27,255,279,228,251
1,<environment.Job instance at 0x7f411b892eb0>,30,15,[2 6],31,263,278,232,263
1,<environment.Job instance at 0x7f761fefe370>,5,24,[1 5],6,6,30,0,6
1,<environment.Job instance at 0x7f761fefe4b0>,6,20,[6 1],7,8,28,1,8
1,<environment.Job instance at 0x7f761fefedc0>,5,16,[7 5],6,66,82,60,66
1,<environment.Job instance at 0x7f7631486aa0>,9,17,[ 3 10],10,82,99,72,72
1,<environment.Job instance at 0x7f7631486550>,18,15,[8 3],19,139,154,120,139
1,<environment.Job instance at 0x7f7631485eb0>,20,18,[6 1],21,154,172,133,143
1,<environment.Job instance at 0x7f76314852d0>,24,16,[4 7],25,187,203,162,187
1,<environment.Job instance at 0x7f75e6292cd0>,2,16,[3 8],3,3,19,0,3
1,<environment.Job instance at 0x7f75e62924b0>,3,14,[10  1],4,19,33,15,4
1,<environment.Job instance at 0x7f75e62d9af0>,7,13,[7 4],8,33,46,25,19
1,<environment.Job instance at 0x7f75e62d9910>,24,16,[7 4],25,220,236,195,220
1,<environment.Job instance at 0x7f75e6547c80>,17,16,[5 4],18,149,165,131,149
1,<environment.Job instance at 0x7f75e6547f00>,24,15,[5 5],25,222,237,197,222
1,<environment.Job instance at 0x7f75e62cb460>,26,16,[3 9],27,242,258,215,242
1,<environment.Job instance at 0x7f75e62cba50>,28,12,[ 5 10],29,258,270,229,256
1,<environment.Job instance at 0x7f75e62aec30>,6,16,[2 9],7,15,31,8,15
1,<environment.Job instance at 0x7f75e66b7410>,7,14,[5 6],8,31,45,23,26
1,<environment.Job instance at 0x7f75e666de60>,10,17,[8 1],11,45,62,34,33
1,<environment.Job instance at 0x7f75e6653a00>,16,14,[ 4 10],17,89,103,72,89
1,<environment.Job instance at 0x7f75e6653c80>,18,12,[8 5],19,116,128,97,116
1,<environment.Job instance at 0x7f75e65129b0>,23,16,[6 3],24,160,176,136,160
1,<environment.Job instance at 0x7f75e6512f00>,29,19,[7 4],30,252,271,222,252
1,<environment.Job instance at 0x7f75e66b1aa0>,1,26,[ 4 10],2,21,47,19,21
1,<environment.Job instance at 0x7f76249aadc0>,13,14,[1 5],14,85,99,71,85
1,<environment.Job instance at 0x7f76249aaf00>,18,15,[1 6],19,126,141,107,126
1,<environment.Job instance at 0x7f762491c0f0>,23,15,[7 4],24,172,187,148,172
1,<environment.Job instance at 0x7f762491c320>,30,28,[2 7],31,236,264,205,236
1,<environment.Job instance at 0x7f762491c1e0>,1,17,[4 5],2,2,19,0,2
1,<environment.Job instance at 0x7f75e62aea50>,3,15,[4 9],4,19,34,15,7
1,<environment.Job instance at 0x7f75e65b1fa0>,10,15,[6 3],11,44,59,33,44
1,<environment.Job instance at 0x7f75e63cad70>,22,14,[3 6],23,127,141,104,127
1,<environment.Job instance at 0x7f75e63ca730>,24,19,[6 1],25,128,147,103,128
1,<environment.Job instance at 0x7f75e647fbe0>,34,14,[3 9],35,227,241,192,227
1,<environment.Job instance at 0x7f762024b820>,37,18,[10  3],38,254,272,216,254
1,<environment.Job instance at 0x7f76200b15f0>,11,16,[5 1],12,46,62,34,46
1,<environment.Job instance at 0x7f75e66b1a00>,4,13,[4 7],5,8,21,3,8
1,<environment.Job instance at 0x7f76200b1c30>,2,16,[ 4 10],3,65,81,62,65
1,<environment.Job instance at 0x7f7624a79e10>,13,18,[5 8],14,84,102,70,84
1,<environment.Job instance at 0x7f7624a79190>,16,15,[ 1 10],17,104,119,87,104
1,<environment.Job instance at 0x7f75e65186e0>,23,14,[7 2],24,185,199,161,185
1,<environment.Job instance at 0x7f75e6518410>,26,12,[6 1],27,209,221,182,209
1,<environment.Job instance at 0x7f761f6dc1e0>,8,17,[7 4],9,9,26,0,9
1,<environment.Job instance at 0x7f75e67ac140>,6,22,[2 6],7,9,31,2,9
1,<environment.Job instance at 0x7f75e67ac370>,5,21,[ 3 10],6,36,57,30,36
1,<environment.Job instance at 0x7f75e65680f0>,18,21,[10  3],19,77,98,58,77
1,<environment.Job instance at 0x7f7624a5d410>,24,12,[ 5 10],25,154,166,129,154
1,<environment.Job instance at 0x7f75e65aec80>,26,16,[8 4],27,166,182,139,159
1,<environment.Job instance at 0x7f7624a5deb0>,23,24,[4 7],24,182,206,158,178
1,<environment.Job instance at 0x7f761f583820>,32,20,[5 8],33,235,255,202,235
1,<environment.Job instance at 0x7f75e63992d0>,5,25,[ 2 10],6,6,31,0,6
1,<environment.Job instance at 0x7f75e61470f0>,7,18,[1 9],8,31,49,23,20
1,<environment.Job instance at 0x7f75e6638690>,9,19,[9 1],10,55,74,45,55
1,<environment.Job instance at 0x7f75e6399af0>,4,19,[4 7],5,75,94,70,75
1,<environment.Job instance at 0x7f75e65ae960>,2,26,[5 5],3,154,180,151,154
1,<environment.Job instance at 0x7f75e6418f00>,25,12,[3 5],26,171,183,145,171
1,<environment.Job instance at 0x7f75e6418f50>,27,23,[9 5],28,203,226,175,203
1,<environment.Job instance at 0x7f75e6400550>,34,19,[5 2],35,266,285,231,266
1,<environment.Job instance at 0x7f75e6434b90>,4,21,[5 8],5,9,30,4,9
1,<environment.Job instance at 0x7f75e643d140>,8,16,[7 4],9,30,46,21,19
1,<environment.Job instance at 0x7f7624afe640>,12,15,[1 7],13,46,61,33,32
1,<environment.Job instance at 0x7f7624afedc0>,20,13,[1 9],21,131,144,110,131
1,<environment.Job instance at 0x7f76202bfb40>,22,18,[7 1],23,131,149,108,131
1,<environment.Job instance at 0x7f76202bf640>,27,25,[8 1],28,174,199,146,174
1,<environment.Job instance at 0x7f76202bf4b0>,30,17,[6 3],31,206,223,175,206
1,<environment.Job instance at 0x7f76202bfd70>,28,16,[4 5],29,229,245,200,229
1,<environment.Job instance at 0x7f75e61db690>,34,22,[6 3],35,231,253,196,231
1,<environment.Job instance at 0x7f75e61dbe60>,36,17,[4 7],37,245,262,208,234
1,<environment.Job instance at 0x7f75e6054190>,5,15,[6 5],6,9,24,3,9
1,<environment.Job instance at 0x7f75e61db1e0>,2,23,[7 1],3,33,56,30,33
1,<environment.Job instance at 0x7f75e6564c30>,2,15,[9 3],3,4,19,1,4
1,<environment.Job instance at 0x7f761ffe3460>,6,25,[5 3],7,24,49,17,24
1,<environment.Job instance at 0x7f75e6244500>,7,17,[7 1],8,49,66,41,42
1,<environment.Job instance at 0x7f762029ef50>,10,12,[5 8],11,122,134,111,122
1,<environment.Job instance at 0x7f7624838820>,22,16,[ 5 10],23,189,205,166,189
1,<environment.Job instance at 0x7f76248383c0>,27,12,[10  2],28,243,255,215,243
1,<environment.Job instance at 0x7f75e6471eb0>,30,15,[1 6],31,257,272,226,257
1,<environment.Job instance at 0x7f7624a58190>,14,18,[3 9],15,60,78,45,60
1,<environment.Job instance at 0x7f7624917aa0>,22,25,[ 5 10],23,140,165,117,140
1,<environment.Job instance at 0x7f76203eb410>,28,17,[6 1],29,217,234,188,217
1,<environment.Job instance at 0x7f75e64c1230>,30,15,[8 2],31,234,249,203,231
1,<environment.Job instance at 0x7f75e6484c80>,7,18,[5 3],8,11,29,3,11
1,<environment.Job instance at 0x7f75e64840a0>,8,15,[9 3],9,43,58,34,43
1,<environment.Job instance at 0x7f76244eb050>,17,14,[1 8],18,118,132,100,118
1,<environment.Job instance at 0x7f762002deb0>,5,27,[6 2],6,17,44,11,17
1,<environment.Job instance at 0x7f76247fe460>,16,13,[7 3],17,149,162,132,149
1,<environment.Job instance at 0x7f75e5f46550>,20,27,[8 1],21,162,189,141,162
1,<environment.Job instance at 0x7f76249cd730>,21,27,[7 5],22,192,219,170,192
1,<environment.Job instance at 0x7f76249f5fa0>,30,22,[4 6],31,269,291,238,269
1,<environment.Job instance at 0x7f762025d050>,5,26,[ 5 10],6,17,43,11,17
1,<environment.Job instance at 0x7f762458d1e0>,16,21,[9 1],17,60,81,43,60
1,<environment.Job instance at 0x7f75e6671d20>,13,15,[ 5 10],14,81,96,67,71
1,<environment.Job instance at 0x7f75e64de190>,22,18,[10  4],23,96,114,73,86
1,<environment.Job instance at 0x7f75e66ea780>,25,12,[4 9],26,143,155,117,143
1,<environment.Job instance at 0x7f762458b6e0>,31,24,[7 3],32,180,204,148,180
1,<environment.Job instance at 0x7f761fefe460>,33,13,[1 6],34,187,200,153,187
1,<environment.Job instance at 0x7f761fefe870>,34,12,[10  3],35,204,216,169,192
1,<environment.Job instance at 0x7f75e60e6550>,4,25,[10  3],5,6,31,1,6
1,<environment.Job instance at 0x7f75e60e6b90>,12,13,[ 3 10],13,31,44,18,24
1,<environment.Job instance at 0x7f75e60e6b40>,11,28,[4 7],12,44,72,32,44
1,<environment.Job instance at 0x7f75e60e65a0>,5,28,[4 6],6,75,103,69,75
1,<environment.Job instance at 0x7f75e60e6cd0>,18,17,[5 4],19,89,106,70,89
1,<environment.Job instance at 0x7f75e6159550>,24,12,[3 7],25,129,141,104,129
1,<environment.Job instance at 0x7f75e60e6820>,16,18,[8 2],17,141,159,124,130
1,<environment.Job instance at 0x7f75e6159c80>,31,13,[7 1],32,169,182,137,169
1,<environment.Job instance at 0x7f75e6159f50>,37,16,[4 6],38,247,263,209,247
1,<environment.Job instance at 0x7f76310c7640>,6,13,[2 8],7,116,129,109,116
1,<environment.Job instance at 0x7f613eb28410>,6,20,[6 1],7,7,27,0,7
1,<environment.Job instance at 0x7f613eb28370>,5,24,[1 5],6,8,32,2,8
1,<environment.Job instance at 0x7f613eb28550>,7,25,[6 2],8,27,52,19,23
1,<environment.Job instance at 0x7f613eb28780>,11,26,[4 8],12,147,173,135,147
1,<environment.Job instance at 0x7f613eb28870>,23,18,[2 7],24,234,252,210,234
1,<environment.Job instance at 0x7f6145f60c80>,7,16,[8 1],8,40,56,32,40
1,<environment.Job instance at 0x7f6145f607d0>,8,15,[8 3],9,56,71,47,42
1,<environment.Job instance at 0x7f6145f601e0>,14,16,[4 7],15,89,105,74,89
1,<environment.Job instance at 0x7f6145f60870>,20,13,[7 4],21,181,194,160,181
1,<environment.Job instance at 0x7f614609efa0>,1,13,[7 4],2,240,253,238,240
1,<environment.Job instance at 0x7f61460abeb0>,25,27,[4 8],26,253,280,227,252
1,<environment.Job instance at 0x7f60fae2c640>,4,16,[7 4],5,6,22,1,6
1,<environment.Job instance at 0x7f60fae27730>,20,14,[2 7],21,201,215,180,201
1,<environment.Job instance at 0x7f60fae27fa0>,21,15,[4 8],22,215,230,193,201
1,<environment.Job instance at 0x7f60fae71280>,4,18,[8 3],5,9,27,4,9
1,<environment.Job instance at 0x7f60faefe3c0>,15,13,[5 5],16,104,117,88,104
1,<environment.Job instance at 0x7f60faefeb40>,19,25,[1 6],20,143,168,123,143
1,<environment.Job instance at 0x7f60fae5f8c0>,8,19,[1 5],9,16,35,7,16
1,<environment.Job instance at 0x7f60fb31cbe0>,9,18,[2 9],10,35,53,25,24
1,<environment.Job instance at 0x7f60faede780>,6,14,[10  3],7,53,67,46,40
1,<environment.Job instance at 0x7f60fae7b230>,13,14,[4 5],14,67,81,53,52
1,<environment.Job instance at 0x7f60fb219910>,19,17,[1 7],20,118,135,98,118
1,<environment.Job instance at 0x7f60fb219e10>,20,15,[5 1],21,128,143,107,128
1,<environment.Job instance at 0x7f60fb219dc0>,21,18,[5 9],22,151,169,129,151
1,<environment.Job instance at 0x7f60faefc460>,17,15,[9 5],18,169,184,151,155
1,<environment.Job instance at 0x7f60fb2245a0>,26,14,[5 9],27,190,204,163,190
1,<environment.Job instance at 0x7f60fb2246e0>,28,12,[2 5],29,204,216,175,191
1,<environment.Job instance at 0x7f60fb224050>,29,16,[6 5],30,237,253,207,237
1,<environment.Job instance at 0x7f60fb2c8d70>,1,18,[6 1],2,5,23,3,5
1,<environment.Job instance at 0x7f60fae71780>,2,19,[1 7],3,19,38,16,19
1,<environment.Job instance at 0x7f613ea41b90>,8,17,[7 1],9,23,40,14,21
1,<environment.Job instance at 0x7f613ea41b40>,11,26,[5 4],12,93,119,81,93
1,<environment.Job instance at 0x7f613ea413c0>,13,26,[1 6],14,107,133,93,107
1,<environment.Job instance at 0x7f613ea41550>,14,20,[10  4],15,174,194,159,174
1,<environment.Job instance at 0x7f613ed34870>,19,17,[5 5],20,204,221,184,204
1,<environment.Job instance at 0x7f613ed34460>,21,15,[9 4],22,221,236,199,210
1,<environment.Job instance at 0x7f613ed347d0>,23,13,[1 5],24,240,253,216,240
1,<environment.Job instance at 0x7f613ea815f0>,5,12,[3 6],6,22,34,16,22
1,<environment.Job instance at 0x7f60fad85780>,10,15,[5 2],11,55,70,44,55
1,<environment.Job instance at 0x7f60fad85f00>,12,14,[7 1],13,70,84,57,64
1,<environment.Job instance at 0x7f60faf31a00>,17,14,[2 6],18,143,157,125,143
1,<environment.Job instance at 0x7f614132ca00>,23,25,[4 5],24,191,216,167,191
1,<environment.Job instance at 0x7f613eaccdc0>,10,13,[7 5],11,85,98,74,85
1,<environment.Job instance at 0x7f613ee4ed20>,18,14,[8 1],19,143,157,124,143
1,<environment.Job instance at 0x7f613ee4e460>,19,16,[ 4 10],20,157,173,137,144
1,<environment.Job instance at 0x7f613e8db280>,3,24,[5 8],4,251,275,247,251
1,<environment.Job instance at 0x7f613eb20d20>,8,18,[1 5],9,11,29,2,11
1,<environment.Job instance at 0x7f613ea12960>,11,16,[10  2],12,36,52,24,36
1,<environment.Job instance at 0x7f613eb13730>,25,14,[4 7],26,185,199,159,185
1,<environment.Job instance at 0x7f60fb40ecd0>,7,18,[8 3],8,44,62,36,44
1,<environment.Job instance at 0x7f60fb40e690>,6,28,[8 1],7,69,97,62,69
1,<environment.Job instance at 0x7f60fb40e6e0>,11,19,[6 1],12,97,116,85,93
1,<environment.Job instance at 0x7f6141632780>,17,22,[2 8],18,93,115,75,93
1,<environment.Job instance at 0x7f6145e620f0>,13,20,[9 2],14,249,269,235,249
1,<environment.Job instance at 0x7f60fb0efd20>,5,14,[3 9],6,6,20,0,6
1,<environment.Job instance at 0x7f60fb212cd0>,6,12,[10  1],7,20,32,13,8
1,<environment.Job instance at 0x7f60fb45a050>,17,17,[ 1 10],18,124,141,106,124
1,<environment.Job instance at 0x7f60fb212910>,7,17,[4 7],8,142,159,134,142
1,<environment.Job instance at 0x7f613efbc280>,22,15,[1 7],23,159,174,136,145
1,<environment.Job instance at 0x7f613efbc320>,23,24,[2 8],24,184,208,160,184
1,<environment.Job instance at 0x7f60faf635a0>,5,15,[6 5],6,12,27,6,12
1,<environment.Job instance at 0x7f613f02b6e0>,8,15,[ 2 10],9,39,54,30,39
1,<environment.Job instance at 0x7f613efbca00>,2,23,[7 1],3,54,77,51,54
1,<environment.Job instance at 0x7f613eac0a00>,22,15,[4 7],23,248,263,225,248
1,<environment.Job instance at 0x7f60fb18c190>,12,16,[ 5 10],13,136,152,123,136
1,<environment.Job instance at 0x7f613ec153c0>,20,15,[1 6],21,204,219,183,204
1,<environment.Job instance at 0x7f613ec155a0>,2,25,[ 5 10],3,18,43,15,18
1,<environment.Job instance at 0x7f613ec4b550>,8,17,[6 1],9,51,68,42,51
1,<environment.Job instance at 0x7f614164db90>,12,23,[8 3],13,68,91,55,63
1,<environment.Job instance at 0x7f60fb0614b0>,16,12,[3 5],17,91,103,74,79
1,<environment.Job instance at 0x7f6141546e60>,18,14,[6 1],19,96,110,77,96
1,<environment.Job instance at 0x7f60fb18c3c0>,21,14,[6 5],22,131,145,109,131
1,<environment.Job instance at 0x7f60faeccaa0>,11,25,[10  4],12,157,182,145,157
1,<environment.Job instance at 0x7f6141600820>,27,16,[8 2],28,190,206,162,190
1,<environment.Job instance at 0x7f6141617d70>,29,12,[7 5],30,211,223,181,211
1,<environment.Job instance at 0x7f61416174b0>,30,16,[6 3],31,223,239,192,212
1,<environment.Job instance at 0x7f61416108c0>,33,19,[8 1],34,258,277,224,258
1,<environment.Job instance at 0x7f60facf3f00>,7,15,[1 7],8,41,56,33,41
1,<environment.Job instance at 0x7f60facf3b40>,8,18,[5 6],9,56,74,47,45
1,<environment.Job instance at 0x7f613e9a7a00>,4,18,[5 9],5,88,106,83,88
1,<environment.Job instance at 0x7f60fb3792d0>,17,20,[5 6],18,151,171,133,151
1,<environment.Job instance at 0x7f60fb379a50>,20,12,[ 5 10],21,171,183,150,160
1,<environment.Job instance at 0x7f613e8f3050>,22,21,[2 8],23,185,206,162,185
1,<environment.Job instance at 0x7f60fab6fb40>,9,13,[6 2],10,65,78,55,65
1,<environment.Job instance at 0x7f60fb421320>,3,26,[5 3],4,115,141,111,115
1,<environment.Job instance at 0x7f60fab6f4b0>,17,16,[2 7],18,144,160,126,144
1,<environment.Job instance at 0x7f60fab6f500>,16,22,[10  2],17,161,183,144,161
1,<environment.Job instance at 0x7f60fab6fd20>,25,22,[8 4],26,211,233,185,211
1,<environment.Job instance at 0x7f60fab6fdc0>,24,18,[5 3],25,233,251,208,222
1,<environment.Job instance at 0x7f60fab6f820>,29,22,[3 5],30,235,257,205,235
1,<environment.Job instance at 0x7f613ea64dc0>,32,18,[5 2],33,263,281,230,263
1,<environment.Job instance at 0x7f613ec8aaf0>,6,24,[8 1],7,16,40,9,16
1,<environment.Job instance at 0x7f60fb43c4b0>,11,12,[6 3],12,50,62,38,50
1,<environment.Job instance at 0x7f613ef50280>,9,17,[6 2],10,62,79,52,51
1,<environment.Job instance at 0x7f60fab02280>,13,24,[8 5],14,116,140,102,116
1,<environment.Job instance at 0x7f60fac30690>,22,16,[4 6],23,140,156,117,132
1,<environment.Job instance at 0x7f6141134960>,24,25,[8 5],25,159,184,134,159
1,<environment.Job instance at 0x7f60fab0cc30>,12,12,[6 4],13,67,79,54,67
1,<environment.Job instance at 0x7f60fabafaa0>,6,20,[2 5],7,96,116,89,96
1,<environment.Job instance at 0x7f613ef5a5f0>,17,25,[ 4 10],18,116,141,98,112
1,<environment.Job instance at 0x7f61412aa6e0>,22,14,[6 5],23,157,171,134,157
1,<environment.Job instance at 0x7f61412aa230>,26,17,[1 5],27,245,262,218,245
1,<environment.Job instance at 0x7f613eb7ee60>,29,23,[3 7],30,269,292,239,269
1,<environment.Job instance at 0x7f613e88eaa0>,4,19,[10  1],5,6,25,1,6
1,<environment.Job instance at 0x7f60fab1eaa0>,13,15,[ 3 10],14,88,103,74,88
1,<environment.Job instance at 0x7f60fab1e960>,16,18,[1 8],17,121,139,104,121
1,<environment.Job instance at 0x7f60fab1e870>,19,18,[8 3],20,154,172,134,154
1,<environment.Job instance at 0x7f60fab1e780>,26,21,[2 6],27,208,229,181,208
1,<environment.Job instance at 0x7f6141523690>,28,21,[1 6],29,229,250,200,222
1,<environment.Job instance at 0x7f6141523640>,29,27,[9 2],30,244,271,214,244
1,<environment.Job instance at 0x7f613ebdbaf0>,5,16,[4 6],6,11,27,5,11
1,<environment.Job instance at 0x7f613ecde410>,10,17,[10  2],11,72,89,61,72
1,<environment.Job instance at 0x7f65d66a7370>,5,24,[1 5],6,7,31,1,7
1,<environment.Job instance at 0x7f65d66a7410>,6,20,[6 1],7,9,29,2,9
1,<environment.Job instance at 0x7f65dbc25050>,9,28,[ 2 10],10,10,38,0,10
1,<environment.Job instance at 0x7f65d66ab280>,4,16,[4 7],5,109,125,104,109
1,<environment.Job instance at 0x7f65dbc23aa0>,20,14,[1 8],21,132,146,111,132
1,<environment.Job instance at 0x7f65dbc2be10>,26,14,[9 5],27,201,215,174,201
1,<environment.Job instance at 0x7f65dbc2beb0>,27,26,[4 9],28,232,258,204,232
1,<environment.Job instance at 0x7f65dbc2bc80>,33,13,[3 5],34,258,271,224,250
1,<environment.Job instance at 0x7f659092ff50>,6,15,[3 6],7,28,43,21,28
1,<environment.Job instance at 0x7f659092fdc0>,10,19,[5 5],11,43,62,32,33
1,<environment.Job instance at 0x7f659092fa00>,16,13,[5 8],17,89,102,72,89
1,<environment.Job instance at 0x7f659092f230>,21,15,[6 1],22,165,180,143,165
1,<environment.Job instance at 0x7f65909f1d70>,8,17,[4 8],9,45,62,36,45
1,<environment.Job instance at 0x7f6590e9b910>,15,14,[ 2 10],16,120,134,104,120
1,<environment.Job instance at 0x7f6590aa9b90>,2,12,[7 2],3,134,146,131,124
1,<environment.Job instance at 0x7f6590e83e10>,25,15,[8 4],26,210,225,184,210
1,<environment.Job instance at 0x7f6590e2ca00>,27,14,[6 4],28,225,239,197,210
1,<environment.Job instance at 0x7f6590e2cc80>,28,19,[1 7],29,246,265,217,246
1,<environment.Job instance at 0x7f6590a8a460>,7,27,[7 2],8,25,52,17,25
1,<environment.Job instance at 0x7f6590e6c690>,13,15,[ 3 10],14,81,96,67,81
1,<environment.Job instance at 0x7f65909f1050>,11,16,[7 3],12,108,124,96,108
1,<environment.Job instance at 0x7f6590da77d0>,21,15,[6 3],22,139,154,117,139
1,<environment.Job instance at 0x7f6590da7820>,23,18,[7 5],24,166,184,142,166
1,<environment.Job instance at 0x7f6590da79b0>,26,17,[10  3],27,187,204,160,187
1,<environment.Job instance at 0x7f6590da7b90>,27,27,[ 5 10],28,235,262,207,235
1,<environment.Job instance at 0x7f65d68532d0>,1,16,[9 2],2,2,18,0,2
1,<environment.Job instance at 0x7f65d68530a0>,7,13,[9 4],8,18,31,10,8
1,<environment.Job instance at 0x7f65d68535a0>,6,20,[3 6],7,31,51,24,23
1,<environment.Job instance at 0x7f65d6832050>,18,17,[5 2],19,103,120,84,103
1,<environment.Job instance at 0x7f65d68324b0>,21,15,[3 9],22,120,135,98,106
1,<environment.Job instance at 0x7f65909de960>,3,26,[4 7],4,142,168,138,142
1,<environment.Job instance at 0x7f65d6832e60>,26,14,[7 2],27,168,182,141,155
1,<environment.Job instance at 0x7f6590d6d4b0>,12,28,[9 1],13,201,229,188,201
1,<environment.Job instance at 0x7f65d64f6eb0>,32,14,[3 6],33,229,243,196,214
1,<environment.Job instance at 0x7f65d64f6550>,36,16,[5 8],37,251,267,214,251
1,<environment.Job instance at 0x7f65d68534b0>,4,18,[2 8],5,9,27,4,9
1,<environment.Job instance at 0x7f65d68321e0>,9,17,[1 6],10,27,44,17,26
1,<environment.Job instance at 0x7f6590aef230>,18,25,[1 5],19,185,210,166,185
1,<environment.Job instance at 0x7f65d6996370>,24,17,[10  5],25,235,252,210,235
1,<environment.Job instance at 0x7f65d691bc30>,0,15,[10  1],1,2,17,1,2
1,<environment.Job instance at 0x7f65d67f75f0>,3,14,[5 4],4,17,31,13,4
1,<environment.Job instance at 0x7f65d6d70820>,9,16,[9 2],10,70,86,60,70
1,<environment.Job instance at 0x7f65d669b780>,15,12,[6 4],16,99,111,83,99
1,<environment.Job instance at 0x7f65d660dbe0>,1,14,[3 8],2,111,125,109,103
1,<environment.Job instance at 0x7f65d669b500>,18,17,[9 2],19,125,142,106,122
1,<environment.Job instance at 0x7f6590c520f0>,24,17,[3 9],25,220,237,195,220
1,<environment.Job instance at 0x7f65d6d70640>,8,21,[1 7],9,247,268,238,247
1,<environment.Job instance at 0x7f6590a57050>,4,14,[5 7],5,35,49,30,35
1,<environment.Job instance at 0x7f65d6475eb0>,2,21,[1 6],3,77,98,74,77
1,<environment.Job instance at 0x7f659100a690>,13,19,[10  1],14,98,117,84,98
1,<environment.Job instance at 0x7f6590a574b0>,3,15,[8 1],4,117,132,113,115
1,<environment.Job instance at 0x7f65d6e49690>,18,18,[ 4 10],19,132,150,113,121
1,<environment.Job instance at 0x7f65908b9af0>,23,15,[10  5],24,171,186,147,171
1,<environment.Job instance at 0x7f65908b9500>,27,12,[9 1],28,204,216,176,204
1,<environment.Job instance at 0x7f65d67b71e0>,31,14,[2 9],32,236,250,204,236
1,<environment.Job instance at 0x7f65d65b09b0>,3,22,[6 2],4,26,48,22,26
1,<environment.Job instance at 0x7f65d6ab9a50>,9,20,[5 6],10,148,168,138,148
1,<environment.Job instance at 0x7f6590f9f140>,20,17,[2 9],21,203,220,182,203
1,<environment.Job instance at 0x7f65dbae2370>,23,15,[10  1],24,245,260,221,245
1,<environment.Job instance at 0x7f6591063be0>,27,13,[5 8],28,266,279,238,266
1,<environment.Job instance at 0x7f6590eeea50>,28,18,[5 2],29,266,284,237,266
1,<environment.Job instance at 0x7f65d660e3c0>,1,22,[5 2],2,5,27,3,5
1,<environment.Job instance at 0x7f65d69c2910>,5,15,[3 6],6,71,86,65,71
1,<environment.Job instance at 0x7f65d6c6acd0>,13,15,[7 2],14,85,100,71,85
1,<environment.Job instance at 0x7f6590d419b0>,12,25,[10  1],13,100,125,87,97
1,<environment.Job instance at 0x7f6590ff2a00>,25,15,[6 5],26,211,226,185,211
1,<environment.Job instance at 0x7f65d6e06b40>,2,15,[9 3],3,4,19,1,4
1,<environment.Job instance at 0x7f65d6e065f0>,6,25,[5 3],7,22,47,15,22
1,<environment.Job instance at 0x7f65d6e06140>,7,17,[7 1],8,132,149,124,132
1,<environment.Job instance at 0x7f65d66b1780>,22,16,[ 5 10],23,209,225,186,209
1,<environment.Job instance at 0x7f65d66b1410>,27,12,[10  2],28,225,237,197,209
1,<environment.Job instance at 0x7f65d71d38c0>,29,16,[3 6],30,237,253,207,229
1,<environment.Job instance at 0x7f65d736b7d0>,8,17,[6 1],9,31,48,22,31
1,<environment.Job instance at 0x7f65d661af50>,10,15,[8 2],11,48,63,37,48
1,<environment.Job instance at 0x7f65d6a184b0>,13,18,[6 1],14,96,114,82,96
1,<environment.Job instance at 0x7f65d68b5500>,21,14,[6 5],22,179,193,157,179
1,<environment.Job instance at 0x7f65d68b5960>,27,16,[8 2],28,261,277,233,261
1,<environment.Job instance at 0x7f65d6d8c190>,20,12,[2 5],21,232,244,211,232
1,<environment.Job instance at 0x7f65908826e0>,21,13,[9 3],22,244,257,222,232
1,<environment.Job instance at 0x7f6590882a00>,24,14,[8 5],25,277,291,252,277
1,<environment.Job instance at 0x7f65d6abeaf0>,4,18,[5 3],5,7,25,2,7
1,<environment.Job instance at 0x7f6590f81e60>,14,12,[ 2 10],15,71,83,56,71
1,<environment.Job instance at 0x7f6590f81b90>,15,12,[9 5],16,83,95,67,73
1,<environment.Job instance at 0x7f65d662c320>,31,16,[4 7],32,252,268,220,252
1,<environment.Job instance at 0x7f65d703b960>,8,14,[1 7],9,63,77,54,63
1,<environment.Job instance at 0x7f65d703bf00>,9,15,[5 9],10,77,92,67,71
1,<environment.Job instance at 0x7f65d703beb0>,16,15,[ 5 10],17,137,152,120,137
1,<environment.Job instance at 0x7f65d6948a50>,22,28,[4 5],23,229,257,206,229
1,<environment.Job instance at 0x7f65d6948190>,28,24,[5 3],29,241,265,212,241
1,<environment.Job instance at 0x7f65d6948550>,30,12,[9 4],31,265,277,234,249
1,<environment.Job instance at 0x7f659095f500>,2,27,[5 6],3,59,86,56,59
1,<environment.Job instance at 0x7f65908435f0>,16,13,[2 8],17,162,175,145,162
1,<environment.Job instance at 0x7f65d66aeaf0>,7,15,[10  2],8,175,190,167,162
1,<environment.Job instance at 0x7f6590d3a410>,26,20,[5 1],27,234,254,207,234
1,<environment.Job instance at 0x7f6590c37640>,1,15,[5 6],2,2,17,0,2
1,<environment.Job instance at 0x7f65d682ab90>,6,18,[5 3],7,20,38,13,20
1,<environment.Job instance at 0x7f6590695370>,3,19,[1 7],4,21,40,17,21
1,<environment.Job instance at 0x7f6590962d20>,7,14,[7 5],8,40,54,32,29
1,<environment.Job instance at 0x7f65d68fd370>,14,12,[1 6],15,72,84,57,72
1,<environment.Job instance at 0x7f65d6c88050>,23,16,[7 3],24,224,240,200,224
1,<environment.Job instance at 0x7f65db9ef280>,25,17,[8 3],26,240,257,214,236
1,<environment.Job instance at 0x7f65d6adee60>,24,25,[2 6],25,250,275,225,250
1,<environment.Job instance at 0x7f65d70ca870>,18,24,[6 4],19,275,299,256,275
1,<environment.Job instance at 0x7f65d6695e60>,11,18,[6 3],12,71,89,59,71
1,<environment.Job instance at 0x7f65d6695f50>,4,15,[1 6],5,135,150,130,135
1,<environment.Job instance at 0x7f6590fd60a0>,16,13,[5 5],17,150,163,133,143
1,<environment.Job instance at 0x7f65d6fa70a0>,10,16,[ 1 10],11,59,75,48,59
1,<environment.Job instance at 0x7f6590938280>,19,21,[5 1],20,160,181,140,160
1,<environment.Job instance at 0x7f6590938870>,25,14,[6 2],26,221,235,195,221
1,<environment.Job instance at 0x7fcf49e48370>,7,25,[6 2],8,8,33,0,8
1,<environment.Job instance at 0x7fcf49e485a0>,6,20,[6 1],7,43,63,36,43
1,<environment.Job instance at 0x7fcf513c6960>,9,15,[10  4],10,27,42,17,27
1,<environment.Job instance at 0x7fcf0622e960>,10,17,[5 1],11,37,54,26,37
1,<environment.Job instance at 0x7fcf0622e140>,13,17,[4 6],14,75,92,61,75
1,<environment.Job instance at 0x7fcf0613f640>,6,13,[2 5],7,98,111,91,98
1,<environment.Job instance at 0x7fcf0615d2d0>,13,24,[ 3 10],14,182,206,168,182
1,<environment.Job instance at 0x7fcf0615d280>,14,20,[10  4],15,206,226,191,197
1,<environment.Job instance at 0x7fcf0615d500>,23,12,[10  3],24,260,272,236,260
1,<environment.Job instance at 0x7fcf06249eb0>,5,18,[1 7],6,19,37,13,19
1,<environment.Job instance at 0x7fcf061efc30>,8,15,[1 6],9,171,186,162,171
1,<environment.Job instance at 0x7fcf064b2fa0>,5,16,[10  2],6,72,88,66,72
1,<environment.Job instance at 0x7fcf4c5afc80>,12,15,[9 3],13,109,124,96,109
1,<environment.Job instance at 0x7fcf4c5af910>,16,18,[10  2],17,152,170,135,152
1,<environment.Job instance at 0x7fcf06281d20>,5,23,[1 5],6,6,29,0,6
1,<environment.Job instance at 0x7fcf4c64c820>,15,22,[7 1],16,160,182,144,160
1,<environment.Job instance at 0x7fcf4c64c190>,17,17,[5 4],18,182,199,164,170
1,<environment.Job instance at 0x7fcf4a07f550>,1,15,[7 3],2,5,20,3,5
1,<environment.Job instance at 0x7fcf49f53d70>,14,13,[1 6],15,104,117,89,104
1,<environment.Job instance at 0x7fcf061a6e10>,20,19,[6 2],21,153,172,132,153
1,<environment.Job instance at 0x7fcf06199550>,25,16,[4 9],26,210,226,184,210
1,<environment.Job instance at 0x7fcf06199690>,27,12,[4 5],28,254,266,226,254
1,<environment.Job instance at 0x7fcf4c84e3c0>,5,12,[3 5],6,7,19,1,7
1,<environment.Job instance at 0x7fcf49f01e10>,8,27,[7 3],9,50,77,41,50
1,<environment.Job instance at 0x7fcf067b62d0>,14,19,[5 2],15,93,112,78,93
1,<environment.Job instance at 0x7fcf061e78c0>,16,12,[3 6],17,107,119,90,107
1,<environment.Job instance at 0x7fcf067b6960>,15,22,[10  3],16,119,141,103,118
1,<environment.Job instance at 0x7fcf061e5780>,20,12,[9 5],21,141,153,120,132
1,<environment.Job instance at 0x7fcf064f76e0>,25,18,[ 2 10],26,166,184,140,166
1,<environment.Job instance at 0x7fcf05fceeb0>,28,14,[8 5],29,185,199,156,185
1,<environment.Job instance at 0x7fcf4a309550>,29,25,[9 4],30,212,237,182,212
1,<environment.Job instance at 0x7fcf06643d20>,4,12,[5 1],5,5,17,0,5
1,<environment.Job instance at 0x7fcf06643960>,7,14,[1 9],8,11,25,3,11
1,<environment.Job instance at 0x7fcf066432d0>,6,12,[4 8],7,25,37,18,22
1,<environment.Job instance at 0x7fcf06643eb0>,12,12,[1 6],13,37,49,24,29
1,<environment.Job instance at 0x7fcf49bfeeb0>,16,19,[6 2],17,37,56,20,37
1,<environment.Job instance at 0x7fcf4c5cc050>,22,12,[5 2],23,65,77,42,65
1,<environment.Job instance at 0x7fcf49cc5370>,23,15,[3 9],24,77,92,53,65
1,<environment.Job instance at 0x7fcf4a261e60>,8,17,[8 5],9,24,41,15,24
1,<environment.Job instance at 0x7fcf06281910>,7,26,[9 1],8,57,83,49,57
1,<environment.Job instance at 0x7fcf4c756550>,8,14,[1 7],9,20,34,11,20
1,<environment.Job instance at 0x7fcf49cdbd70>,3,14,[1 7],4,44,58,40,44
1,<environment.Job instance at 0x7fcf0630f370>,7,15,[1 7],8,58,73,50,46
1,<environment.Job instance at 0x7fcf0680d3c0>,4,18,[5 9],5,90,108,85,90
1,<environment.Job instance at 0x7fcf51150cd0>,18,12,[4 7],19,153,165,134,153
1,<environment.Job instance at 0x7fcf0630f5f0>,8,18,[5 6],9,176,194,167,176
1,<environment.Job instance at 0x7fcf51150820>,20,12,[ 5 10],21,194,206,173,184
1,<environment.Job instance at 0x7fcf4c58b3c0>,5,22,[8 4],6,6,28,0,6
1,<environment.Job instance at 0x7fcf4c979af0>,4,18,[5 3],5,38,56,33,38
1,<environment.Job instance at 0x7fcf4c993e60>,12,18,[5 2],13,48,66,35,48
1,<environment.Job instance at 0x7fcf06547c30>,14,12,[ 2 10],15,66,78,51,57
1,<environment.Job instance at 0x7fcf05e71f50>,33,25,[5 6],34,247,272,213,247
1,<environment.Job instance at 0x7fcf4a255910>,20,12,[9 4],21,101,113,80,101
1,<environment.Job instance at 0x7fcf067d3af0>,6,20,[5 1],7,7,27,0,7
1,<environment.Job instance at 0x7fcf067d3050>,7,24,[6 2],8,39,63,31,39
1,<environment.Job instance at 0x7fcf0671b640>,17,12,[2 6],18,123,135,105,123
1,<environment.Job instance at 0x7fcf4c7e7f00>,14,24,[10  4],15,160,184,145,160
1,<environment.Job instance at 0x7fcf0671bfa0>,23,16,[5 6],24,184,200,160,182
1,<environment.Job instance at 0x7fcf4c4070a0>,6,27,[7 5],7,69,96,62,69
1,<environment.Job instance at 0x7fcf06099eb0>,12,16,[ 2 10],13,117,133,104,117
1,<environment.Job instance at 0x7fcf060e8910>,15,16,[ 5 10],16,134,150,118,134
1,<environment.Job instance at 0x7fcf060e8050>,16,13,[10  3],17,150,163,133,134
1,<environment.Job instance at 0x7fcf060e8a00>,17,18,[10  5],18,163,181,145,152
1,<environment.Job instance at 0x7fcf4c4c55a0>,25,12,[1 8],26,259,271,233,259
1,<environment.Job instance at 0x7fcf4c4c5730>,27,14,[3 7],28,271,285,243,260
1,<environment.Job instance at 0x7fcf4a223960>,6,27,[5 5],7,69,96,62,69
1,<environment.Job instance at 0x7fcf49cd9690>,14,12,[2 7],15,96,108,81,90
1,<environment.Job instance at 0x7fcf05f5ed20>,17,18,[6 5],18,108,126,90,103
1,<environment.Job instance at 0x7fcf05f5e370>,20,15,[2 6],21,131,146,110,131
1,<environment.Job instance at 0x7fcf05f5eaa0>,19,25,[5 2],20,131,156,111,131
1,<environment.Job instance at 0x7fcf05f5e910>,21,19,[10  2],22,156,175,134,146
1,<environment.Job instance at 0x7fcf05f5e5a0>,26,14,[7 2],27,271,285,244,271
1,<environment.Job instance at 0x7fcf4a09b140>,9,18,[3 6],10,57,75,47,57
1,<environment.Job instance at 0x7f8b31755500>,7,25,[6 2],8,8,33,0,8
1,<environment.Job instance at 0x7f8b31755e60>,23,18,[2 7],24,228,246,204,228
1,<environment.Job instance at 0x7f8b31764050>,3,27,[9 1],4,4,31,0,4
1,<environment.Job instance at 0x7f8b38cd5870>,9,15,[1 7],10,15,30,5,15
1,<environment.Job instance at 0x7f8b38cd3d20>,29,16,[5 8],30,270,286,240,270
1,<environment.Job instance at 0x7f8b38cd9eb0>,30,13,[8 5],31,286,299,255,270
1,<environment.Job instance at 0x7f8aeda500f0>,4,24,[5 5],5,125,149,120,125
1,<environment.Job instance at 0x7f8aeda3d820>,16,24,[2 7],17,156,180,139,156
1,<environment.Job instance at 0x7f8aeda20370>,21,15,[5 5],22,180,195,158,168
1,<environment.Job instance at 0x7f8aeda204b0>,23,13,[4 8],24,195,208,171,192
1,<environment.Job instance at 0x7f8aeda20b90>,24,20,[6 1],25,195,215,170,195
1,<environment.Job instance at 0x7f8aeda20a00>,25,25,[8 5],26,219,244,193,219
1,<environment.Job instance at 0x7f8aedf30f00>,6,14,[ 4 10],7,28,42,21,28
1,<environment.Job instance at 0x7f8aedf30f50>,3,24,[8 2],4,48,72,44,48
1,<environment.Job instance at 0x7f8aedb3af00>,1,18,[6 1],2,5,23,3,5
1,<environment.Job instance at 0x7f8aedb34c30>,8,17,[7 1],9,23,40,14,14
1,<environment.Job instance at 0x7f8aede04050>,11,26,[5 4],12,61,87,49,61
1,<environment.Job instance at 0x7f8aedf45d20>,13,26,[1 6],14,80,106,66,80
1,<environment.Job instance at 0x7f8aede04230>,12,21,[6 4],13,102,123,89,102
1,<environment.Job instance at 0x7f8aedafa0f0>,17,16,[ 4 10],18,124,140,106,124
1,<environment.Job instance at 0x7f8aed95c550>,21,15,[9 4],22,140,155,118,128
1,<environment.Job instance at 0x7f8aed95c690>,23,13,[1 5],24,148,161,124,148
1,<environment.Job instance at 0x7f8aedb55500>,14,20,[10  4],15,161,181,146,153
1,<environment.Job instance at 0x7f8aed95cb90>,30,18,[ 2 10],31,219,237,188,219
1,<environment.Job instance at 0x7f8b315e7eb0>,15,14,[8 5],16,90,104,74,90
1,<environment.Job instance at 0x7f8b38a5b5f0>,5,13,[ 2 10],6,215,228,209,215
1,<environment.Job instance at 0x7f8b315da230>,6,12,[6 1],7,12,24,5,12
1,<environment.Job instance at 0x7f8b3180ce60>,10,15,[10  1],11,43,58,32,43
1,<environment.Job instance at 0x7f8b33d9c410>,12,16,[6 5],13,58,74,45,53
1,<environment.Job instance at 0x7f8aedecf9b0>,19,16,[9 2],20,113,129,93,113
1,<environment.Job instance at 0x7f8b31c5ff00>,2,25,[4 9],3,200,225,197,200
1,<environment.Job instance at 0x7f8b315da5a0>,3,19,[10  1],4,7,26,3,7
1,<environment.Job instance at 0x7f8aedb58870>,9,13,[7 2],10,26,39,16,15
1,<environment.Job instance at 0x7f8aede19eb0>,8,18,[ 4 10],9,60,78,51,60
1,<environment.Job instance at 0x7f8b33eb4640>,16,16,[4 7],17,79,95,62,79
1,<environment.Job instance at 0x7f8aed8d4e60>,21,14,[2 9],22,119,133,97,119
1,<environment.Job instance at 0x7f8aed8d93c0>,31,14,[5 7],32,224,238,192,224
1,<environment.Job instance at 0x7f8aed8d9500>,33,13,[8 1],34,238,251,204,224
1,<environment.Job instance at 0x7f8b33e484b0>,17,12,[9 1],18,254,266,236,254
1,<environment.Job instance at 0x7f8aed8d98c0>,35,16,[ 3 10],36,266,282,230,264
1,<environment.Job instance at 0x7f8b314cb5a0>,5,14,[3 9],6,12,26,6,12
1,<environment.Job instance at 0x7f8b33eb4690>,7,17,[4 7],8,26,43,18,21
1,<environment.Job instance at 0x7f8b31a10910>,10,16,[ 1 10],11,61,77,50,61
1,<environment.Job instance at 0x7f8b341219b0>,13,13,[9 2],14,77,90,63,63
1,<environment.Job instance at 0x7f8b34121dc0>,18,16,[7 4],19,90,106,71,79
1,<environment.Job instance at 0x7f8b319fdc80>,31,12,[5 2],32,207,219,175,207
1,<environment.Job instance at 0x7f8aedcace60>,32,18,[7 1],33,219,237,186,208
1,<environment.Job instance at 0x7f8b34121b90>,14,21,[5 8],15,249,270,234,249
1,<environment.Job instance at 0x7f8aedda3780>,6,25,[6 3],7,23,48,16,23
1,<environment.Job instance at 0x7f8aedc83f00>,10,12,[9 5],11,48,60,37,41
1,<environment.Job instance at 0x7f8b34278730>,12,12,[9 4],13,65,77,52,65
1,<environment.Job instance at 0x7f8aee0110a0>,16,18,[10  3],17,95,113,78,95
1,<environment.Job instance at 0x7f8b314d35f0>,20,23,[5 9],21,117,140,96,117
1,<environment.Job instance at 0x7f8b31557c80>,26,12,[2 6],27,182,194,155,182
1,<environment.Job instance at 0x7f8aedd325f0>,5,14,[3 5],6,12,26,6,12
1,<environment.Job instance at 0x7f8aedeb1280>,17,17,[5 5],18,132,149,114,132
1,<environment.Job instance at 0x7f8aedfa47d0>,24,15,[2 5],25,208,223,183,208
1,<environment.Job instance at 0x7f8b31b68aa0>,25,15,[7 2],26,208,223,182,208
1,<environment.Job instance at 0x7f8b31b68dc0>,30,14,[2 9],31,251,265,220,251
1,<environment.Job instance at 0x7f8b33e9c3c0>,1,12,[10  3],2,2,14,0,2
1,<environment.Job instance at 0x7f8aedce44b0>,8,15,[9 3],9,60,75,51,60
1,<environment.Job instance at 0x7f8b317430a0>,17,14,[1 8],18,136,150,118,136
1,<environment.Job instance at 0x7f8aeda50780>,9,13,[6 2],10,47,60,37,47
1,<environment.Job instance at 0x7f8aeda50050>,8,24,[1 7],9,47,71,38,47
1,<environment.Job instance at 0x7f8b3182c460>,15,15,[7 3],16,128,143,112,128
1,<environment.Job instance at 0x7f8b3182caa0>,20,26,[10  2],21,177,203,156,177
1,<environment.Job instance at 0x7f8b3182cc30>,25,22,[8 4],26,209,231,183,209
1,<environment.Job instance at 0x7f8b31c01050>,28,27,[ 1 10],29,231,258,202,230
1,<environment.Job instance at 0x7f8aed91e820>,1,12,[4 5],2,7,19,5,7
1,<environment.Job instance at 0x7f8aed7891e0>,8,14,[1 7],9,36,50,27,36
1,<environment.Job instance at 0x7f8b315da640>,9,15,[5 9],10,50,65,40,37
1,<environment.Job instance at 0x7f8aedce2b90>,14,19,[5 3],15,101,120,86,101
1,<environment.Job instance at 0x7f8b31ba5b40>,17,14,[5 6],18,126,140,108,126
1,<environment.Job instance at 0x7f8b31af5960>,16,15,[ 5 10],17,140,155,123,135
1,<environment.Job instance at 0x7f8aedc86be0>,23,13,[4 6],24,202,215,178,202
1,<environment.Job instance at 0x7f8aedc84fa0>,26,13,[2 7],27,215,228,188,206
1,<environment.Job instance at 0x7f8aedc86870>,24,28,[9 1],25,238,266,213,238
1,<environment.Job instance at 0x7f8b318a33c0>,0,19,[5 2],1,1,20,0,1
1,<environment.Job instance at 0x7f8aed791a00>,6,20,[5 1],7,7,27,0,7
1,<environment.Job instance at 0x7f8b34235910>,7,24,[6 2],8,39,63,31,39
1,<environment.Job instance at 0x7f8aed8335f0>,17,12,[2 6],18,136,148,118,136
1,<environment.Job instance at 0x7f8b31b51870>,23,16,[5 6],24,191,207,167,191
1,<environment.Job instance at 0x7f8b34406e60>,3,28,[8 4],4,16,44,12,16
1,<environment.Job instance at 0x7f8b31a0d550>,5,16,[ 5 10],6,44,60,38,42
1,<environment.Job instance at 0x7f8b31688b40>,15,12,[1 8],16,93,105,77,93
1,<environment.Job instance at 0x7f8b31688640>,17,14,[3 7],18,105,119,87,93
1,<environment.Job instance at 0x7f8aed947a00>,7,18,[10  5],8,119,137,111,117
1,<environment.Job instance at 0x7f8aed8de690>,27,25,[2 8],28,220,245,192,220
1,<environment.Job instance at 0x7f8aed8ded70>,30,19,[ 4 10],31,255,274,224,255
1,<environment.Job instance at 0x7f8b342789b0>,23,18,[ 3 10],24,267,285,243,267
1,<environment.Job instance at 0x7f8b342823c0>,6,28,[5 8],7,10,38,3,10
1,<environment.Job instance at 0x7f8aedf9f640>,8,25,[10  5],9,59,84,50,59
1,<environment.Job instance at 0x7f8aedfe3870>,17,15,[10  3],18,127,142,109,127
1,<environment.Job instance at 0x7f8b3171fa00>,22,13,[2 5],23,228,241,205,228
1,<environment.Job instance at 0x7f8b3171f0a0>,25,12,[1 7],26,241,253,215,232
1,<environment.Job instance at 0x7f8b341c4c30>,12,17,[7 2],13,108,125,95,108
1,<environment.Job instance at 0x7f8b341c48c0>,15,18,[3 9],16,157,175,141,157
1,<environment.Job instance at 0x7f8b341c4230>,21,13,[5 1],22,207,220,185,207
1,<environment.Job instance at 0x7f8b33d9f140>,4,21,[5 6],5,9,30,4,9
1,<environment.Job instance at 0x7f8b3193e4b0>,10,14,[3 5],11,56,70,45,56
1,<environment.Job instance at 0x7f8b3193ebe0>,5,17,[10  4],6,155,172,149,155
1,<environment.Job instance at 0x7f8aedab9a50>,18,22,[ 4 10],19,174,196,155,174
1,<environment.Job instance at 0x7f8aedab9730>,20,20,[8 2],21,196,216,175,192
1,<environment.Job instance at 0x7f8b31b44e60>,24,15,[3 5],25,239,254,214,239
1,<environment.Job instance at 0x7f8aedab9b90>,17,25,[6 2],18,243,268,225,243
1,<environment.Job instance at 0x7f8b31b44640>,27,26,[4 9],28,271,297,243,271
1,<environment.Job instance at 0x7fe1cd7a3370>,7,25,[6 2],8,21,46,13,21
1,<environment.Job instance at 0x7fe1d292d410>,20,13,[8 5],21,140,153,119,140
1,<environment.Job instance at 0x7fe1d292de60>,21,14,[2 9],22,153,167,131,140
1,<environment.Job instance at 0x7fe189a9aeb0>,20,13,[1 6],21,205,218,184,205
1,<environment.Job instance at 0x7fe189a9a960>,22,20,[8 1],23,243,263,220,243
1,<environment.Job instance at 0x7fe189a9a690>,26,20,[5 7],27,274,294,247,274
1,<environment.Job instance at 0x7fe189b7c370>,5,13,[6 4],6,8,21,2,8
1,<environment.Job instance at 0x7fe189c21c30>,8,19,[1 5],9,20,39,11,20
1,<environment.Job instance at 0x7fe189a2acd0>,6,14,[10  3],7,39,53,32,26
1,<environment.Job instance at 0x7fe18a0dcf00>,9,16,[ 5 10],10,21,37,11,21
1,<environment.Job instance at 0x7fe189bdc370>,11,16,[9 2],12,37,53,25,33
1,<environment.Job instance at 0x7fe189b7c0a0>,14,21,[6 5],15,71,92,56,71
1,<environment.Job instance at 0x7fe1cfe5e4b0>,19,15,[7 3],20,92,107,72,86
1,<environment.Job instance at 0x7fe1cd8a97d0>,21,17,[4 5],22,107,124,85,95
1,<environment.Job instance at 0x7fe1899ad190>,29,18,[1 9],30,166,184,136,166
1,<environment.Job instance at 0x7fe1899ad0f0>,28,17,[5 2],29,184,201,155,172
1,<environment.Job instance at 0x7fe1cd811320>,16,20,[3 6],17,235,255,218,235
1,<environment.Job instance at 0x7fe1899b2dc0>,4,17,[10  5],5,5,22,0,5
1,<environment.Job instance at 0x7fe189eab870>,5,17,[3 6],6,22,39,16,12
1,<environment.Job instance at 0x7fe189e0f320>,11,13,[9 3],12,53,66,41,53
1,<environment.Job instance at 0x7fe1cdc3d0f0>,13,15,[3 8],14,66,81,52,60
1,<environment.Job instance at 0x7fe1899ad960>,2,23,[10  4],3,269,292,266,269
1,<environment.Job instance at 0x7fe189b84aa0>,5,16,[6 1],6,6,22,0,6
1,<environment.Job instance at 0x7fe1cfcf1fa0>,8,18,[1 5],9,12,30,3,12
1,<environment.Job instance at 0x7fe1d0353b40>,10,12,[6 3],11,22,34,11,13
1,<environment.Job instance at 0x7fe1d02ee640>,11,16,[10  2],12,37,53,25,37
1,<environment.Job instance at 0x7fe189ebc6e0>,5,12,[3 5],6,6,18,0,6
1,<environment.Job instance at 0x7fe1cff4c370>,8,27,[7 3],9,28,55,19,28
1,<environment.Job instance at 0x7fe1cd6cca50>,14,19,[5 2],15,77,96,62,77
1,<environment.Job instance at 0x7fe1cd6ccf50>,15,22,[10  3],16,96,118,80,90
1,<environment.Job instance at 0x7fe1cd9b99b0>,16,12,[3 6],17,118,130,101,111
1,<environment.Job instance at 0x7fe189b84320>,7,23,[9 5],8,131,154,123,131
1,<environment.Job instance at 0x7fe1d0146280>,26,17,[5 5],27,171,188,144,171
1,<environment.Job instance at 0x7fe1d0146460>,28,14,[8 5],29,188,202,159,187
1,<environment.Job instance at 0x7fe1d01464b0>,29,25,[9 4],30,211,236,181,211
1,<environment.Job instance at 0x7fe1d01465a0>,32,14,[6 3],33,240,254,207,240
1,<environment.Job instance at 0x7fe1d01468c0>,36,16,[2 9],37,254,270,217,253
1,<environment.Job instance at 0x7fe189b84c30>,3,15,[3 9],4,4,19,0,4
1,<environment.Job instance at 0x7fe1d00f3550>,10,16,[8 5],11,19,35,8,13
1,<environment.Job instance at 0x7fe1d00df8c0>,6,15,[6 2],7,39,54,32,39
1,<environment.Job instance at 0x7fe1cd5487d0>,15,13,[8 4],16,56,69,40,56
1,<environment.Job instance at 0x7fe18a113be0>,23,20,[6 2],24,160,180,136,160
1,<environment.Job instance at 0x7fe1cfd31cd0>,28,14,[6 1],29,196,210,167,196
1,<environment.Job instance at 0x7fe1cd78ef00>,20,15,[1 6],21,204,219,183,204
1,<environment.Job instance at 0x7fe1cd6cc500>,8,15,[4 5],9,41,56,32,41
1,<environment.Job instance at 0x7fe1d01a8b90>,14,16,[3 6],15,101,117,86,101
1,<environment.Job instance at 0x7fe1cfe32e10>,20,15,[5 8],21,172,187,151,172
1,<environment.Job instance at 0x7fe1cfe32af0>,21,17,[9 2],22,187,204,165,175
1,<environment.Job instance at 0x7fe1cd55bd20>,28,14,[5 7],29,224,238,195,224
1,<environment.Job instance at 0x7fe1cd55bf50>,31,25,[7 1],32,244,269,212,244
1,<environment.Job instance at 0x7fe1cd55bf00>,32,12,[10  5],33,269,281,236,254
1,<environment.Job instance at 0x7fe189f17b40>,8,14,[8 5],9,34,48,25,34
1,<environment.Job instance at 0x7fe1cd5749b0>,17,14,[7 1],18,141,155,123,141
1,<environment.Job instance at 0x7fe1cd574a00>,20,27,[8 1],21,167,194,146,167
1,<environment.Job instance at 0x7fe1cd574230>,21,27,[7 5],22,202,229,180,202
1,<environment.Job instance at 0x7fe189890d70>,5,22,[3 6],6,7,29,1,7
1,<environment.Job instance at 0x7fe1898903c0>,6,24,[8 1],7,47,71,40,47
1,<environment.Job instance at 0x7fe1cd59c320>,22,16,[4 6],23,167,183,144,167
1,<environment.Job instance at 0x7fe1cd94ee10>,2,27,[5 6],3,53,80,50,53
1,<environment.Job instance at 0x7fe1cdb606e0>,16,13,[2 8],17,133,146,116,133
1,<environment.Job instance at 0x7fe1d2a7c410>,20,19,[5 2],21,144,163,123,144
1,<environment.Job instance at 0x7fe1cfcf4b40>,26,20,[5 1],27,222,242,195,222
1,<environment.Job instance at 0x7fe1cd5efc30>,4,23,[ 1 10],5,246,269,241,246
1,<environment.Job instance at 0x7fe1898dff00>,4,20,[3 9],5,80,100,75,80
1,<environment.Job instance at 0x7fe1d0061690>,12,16,[ 2 10],13,124,140,111,124
1,<environment.Job instance at 0x7fe1cfddd690>,15,16,[ 5 10],16,152,168,136,152
1,<environment.Job instance at 0x7fe189dc2910>,26,14,[6 4],27,270,284,243,270
1,<environment.Job instance at 0x7fe1cfcf01e0>,27,14,[3 7],28,284,298,256,270
1,<environment.Job instance at 0x7fe189a4a140>,5,18,[3 8],6,7,25,1,7
1,<environment.Job instance at 0x7fe1cd59cc80>,7,15,[10  3],8,25,40,17,14
1,<environment.Job instance at 0x7fe1cfdc8280>,12,13,[2 5],13,40,53,27,29
1,<environment.Job instance at 0x7fe1cda188c0>,16,16,[8 1],17,91,107,74,91
1,<environment.Job instance at 0x7fe1cd6c2190>,17,14,[9 3],18,107,121,89,96
1,<environment.Job instance at 0x7fe1cd6c25a0>,23,15,[9 1],24,158,173,134,158
1,<environment.Job instance at 0x7fe1cd6a34b0>,26,17,[10  3],27,200,217,173,200
1,<environment.Job instance at 0x7fe189e096e0>,5,22,[6 5],6,26,48,20,26
1,<environment.Job instance at 0x7fe189e09e10>,10,18,[3 9],11,48,66,37,37
1,<environment.Job instance at 0x7fe1d0138d20>,15,18,[5 3],16,74,92,58,74
1,<environment.Job instance at 0x7fe1cfe6deb0>,20,12,[7 5],21,109,121,88,109
1,<environment.Job instance at 0x7fe1d0138640>,14,26,[8 1],15,135,161,120,135
1,<environment.Job instance at 0x7fe1cdb5d190>,23,15,[5 2],24,178,193,154,178
1,<environment.Job instance at 0x7fe1cdb5ddc0>,25,18,[5 9],26,193,211,167,182
1,<environment.Job instance at 0x7fe189f78050>,29,12,[3 5],30,211,223,181,194
1,<environment.Job instance at 0x7fe189f78a00>,26,16,[5 7],27,223,239,196,211
1,<environment.Job instance at 0x7fe1cdaab050>,1,13,[8 2],2,8,21,6,8
1,<environment.Job instance at 0x7fe1cdbf7f50>,7,19,[4 8],8,32,51,24,32
1,<environment.Job instance at 0x7fe189f78690>,2,13,[4 8],3,53,66,50,53
1,<environment.Job instance at 0x7fe1cdbf7a50>,12,16,[4 8],13,78,94,65,78
1,<environment.Job instance at 0x7fe1cdbf7cd0>,11,15,[10  5],12,94,109,82,81
1,<environment.Job instance at 0x7fe189c3a2d0>,19,23,[6 1],20,138,161,118,138
1,<environment.Job instance at 0x7fe1cd7215a0>,28,16,[1 7],29,251,267,222,251
1,<environment.Job instance at 0x7fe189a47d70>,4,14,[9 5],5,14,28,9,14
1,<environment.Job instance at 0x7fe1cd5d9190>,5,13,[5 6],6,28,41,22,14
1,<environment.Job instance at 0x7fe1cd600cd0>,9,20,[8 3],10,41,61,31,39
1,<environment.Job instance at 0x7fe1cd5ed140>,12,28,[1 8],13,117,145,104,117
1,<environment.Job instance at 0x7fe1cd5d75a0>,22,17,[10  3],23,206,223,183,206
1,<environment.Job instance at 0x7fe1cd5d7d70>,24,17,[ 2 10],25,223,240,198,211
1,<environment.Job instance at 0x7fe0340f5500>,7,25,[6 2],8,21,46,13,21
1,<environment.Job instance at 0x7fe0340f5460>,6,20,[6 1],7,46,66,39,44
1,<environment.Job instance at 0x7fe0353c2a00>,9,16,[5 8],10,43,59,33,43
1,<environment.Job instance at 0x7fe03527fe10>,21,28,[2 8],22,168,196,146,168
1,<environment.Job instance at 0x7fe03527f460>,22,12,[1 7],23,204,216,181,204
1,<environment.Job instance at 0x7fe03527f4b0>,25,26,[ 5 10],26,252,278,226,252
1,<environment.Job instance at 0x7fe03527ca50>,28,12,[10  5],29,278,290,249,263
1,<environment.Job instance at 0x7fdfea1e1280>,7,16,[5 4],8,14,30,6,14
1,<environment.Job instance at 0x7fdfea17f960>,14,15,[5 5],15,64,79,49,64
1,<environment.Job instance at 0x7fdfea17f140>,16,16,[3 9],17,79,95,62,76
1,<environment.Job instance at 0x7fdfea17f6e0>,18,12,[ 5 10],19,98,110,79,98
1,<environment.Job instance at 0x7fdfea17ffa0>,25,14,[8 5],26,172,186,146,172
1,<environment.Job instance at 0x7fdfea17f8c0>,27,16,[5 8],28,186,202,158,176
1,<environment.Job instance at 0x7fdfea700820>,6,18,[7 5],7,27,45,20,27
1,<environment.Job instance at 0x7fdfea700370>,5,26,[2 6],6,45,71,39,42
1,<environment.Job instance at 0x7fdfea550dc0>,10,19,[4 9],11,88,107,77,88
1,<environment.Job instance at 0x7fdfea190d70>,14,19,[9 4],15,107,126,92,98
1,<environment.Job instance at 0x7fdfea0fe730>,24,23,[1 6],25,179,202,154,179
1,<environment.Job instance at 0x7fdfea0fe0f0>,31,15,[6 3],32,257,272,225,257
1,<environment.Job instance at 0x7fdfea23ddc0>,1,13,[7 1],2,5,18,3,5
1,<environment.Job instance at 0x7fe03414db90>,14,14,[3 9],15,67,81,52,67
1,<environment.Job instance at 0x7fe034781690>,17,18,[10  3],18,93,111,75,93
1,<environment.Job instance at 0x7fe0342855f0>,12,20,[6 3],13,210,230,197,210
1,<environment.Job instance at 0x7fdfea534d20>,25,16,[10  2],26,275,291,249,275
1,<environment.Job instance at 0x7fdfea2481e0>,4,15,[4 6],5,5,20,0,5
1,<environment.Job instance at 0x7fdfea2800f0>,7,17,[5 4],8,8,25,0,8
1,<environment.Job instance at 0x7fdfea280820>,8,14,[8 1],9,25,39,16,11
1,<environment.Job instance at 0x7fdfea280b90>,9,16,[ 4 10],10,86,102,76,86
1,<environment.Job instance at 0x7fdfea0ea460>,19,13,[ 2 10],20,151,164,131,151
1,<environment.Job instance at 0x7fdfea0ea280>,26,26,[10  2],27,252,278,225,252
1,<environment.Job instance at 0x7fdfea0ea4b0>,2,20,[5 8],3,25,45,22,25
1,<environment.Job instance at 0x7fe0341918c0>,8,25,[7 3],9,60,85,51,60
1,<environment.Job instance at 0x7fe0341e20a0>,11,27,[5 2],12,119,146,107,119
1,<environment.Job instance at 0x7fdfea2bfc30>,22,21,[1 6],23,152,173,129,152
1,<environment.Job instance at 0x7fdfea290730>,24,14,[5 7],25,173,187,148,162
1,<environment.Job instance at 0x7fdfea500550>,29,26,[7 4],30,205,231,175,205
1,<environment.Job instance at 0x7fe0342e37d0>,5,12,[1 9],6,7,19,1,7
1,<environment.Job instance at 0x7fe03414b550>,6,27,[3 6],7,19,46,12,17
1,<environment.Job instance at 0x7fdfea18d2d0>,8,18,[5 2],9,19,37,10,17
1,<environment.Job instance at 0x7fe0353c4820>,7,13,[5 8],8,46,59,38,41
1,<environment.Job instance at 0x7fe0348ad230>,15,14,[3 9],16,62,76,46,62
1,<environment.Job instance at 0x7fe034b984b0>,19,19,[5 8],20,79,98,59,79
1,<environment.Job instance at 0x7fe034b988c0>,17,17,[4 7],18,98,115,80,88
1,<environment.Job instance at 0x7fdfea44f7d0>,28,16,[7 4],29,179,195,150,179
1,<environment.Job instance at 0x7fdfea44f870>,27,17,[ 1 10],28,195,212,167,183
1,<environment.Job instance at 0x7fdfea44fd20>,32,15,[1 7],33,212,227,179,206
1,<environment.Job instance at 0x7fdfea44fd70>,33,24,[2 8],34,236,260,202,236
1,<environment.Job instance at 0x7fe034b98af0>,6,18,[10  3],7,7,25,0,7
1,<environment.Job instance at 0x7fe0346d6c30>,7,13,[3 7],8,25,38,17,17
1,<environment.Job instance at 0x7fe0346d63c0>,9,12,[10  2],10,38,50,28,21
1,<environment.Job instance at 0x7fe034b98a50>,8,20,[6 2],9,87,107,78,87
1,<environment.Job instance at 0x7fe033ebb140>,22,13,[9 1],23,183,196,160,183
1,<environment.Job instance at 0x7fe035296320>,10,18,[1 7],11,78,96,67,78
1,<environment.Job instance at 0x7fe034b7b550>,13,17,[2 8],14,128,145,114,128
1,<environment.Job instance at 0x7fe033ebb280>,18,14,[1 7],19,177,191,158,177
1,<environment.Job instance at 0x7fdfea1eb960>,22,21,[2 8],23,202,223,179,202
1,<environment.Job instance at 0x7fe03446e0a0>,30,18,[8 2],31,262,280,231,262
1,<environment.Job instance at 0x7fe034b98050>,10,12,[2 5],11,57,69,46,57
1,<environment.Job instance at 0x7fdfea3bfaf0>,20,13,[5 1],21,122,135,101,122
1,<environment.Job instance at 0x7fdfea7d71e0>,28,27,[10  4],29,211,238,182,211
1,<environment.Job instance at 0x7fdfea626d70>,5,26,[ 5 10],6,33,59,27,33
1,<environment.Job instance at 0x7fe03435e1e0>,13,15,[ 5 10],14,71,86,57,71
1,<environment.Job instance at 0x7fe0342a36e0>,9,27,[ 1 10],10,100,127,90,100
1,<environment.Job instance at 0x7fe0348ada50>,18,16,[7 5],19,127,143,108,117
1,<environment.Job instance at 0x7fe0340b75a0>,25,12,[4 9],26,147,159,121,147
1,<environment.Job instance at 0x7fe0342a3140>,11,15,[4 7],12,183,198,171,183
1,<environment.Job instance at 0x7fe0340b7780>,30,15,[9 4],31,209,224,178,209
1,<environment.Job instance at 0x7fe0340b73c0>,28,14,[1 9],29,227,241,198,227
1,<environment.Job instance at 0x7fe0354d51e0>,33,13,[1 6],34,241,254,207,227
1,<environment.Job instance at 0x7fe0340b7460>,34,12,[10  3],35,254,266,219,237
1,<environment.Job instance at 0x7fdfe9e81eb0>,6,20,[2 5],7,7,27,0,7
1,<environment.Job instance at 0x7fe034285d20>,7,13,[1 5],8,24,37,16,24
1,<environment.Job instance at 0x7fe0342856e0>,9,15,[3 8],10,37,52,27,25
1,<environment.Job instance at 0x7fe0348b5780>,11,16,[8 4],12,52,68,40,44
1,<environment.Job instance at 0x7fe0348535a0>,16,25,[1 6],17,72,97,55,72
1,<environment.Job instance at 0x7fe0346b4cd0>,22,14,[6 5],23,155,169,132,155
1,<environment.Job instance at 0x7fe0346b4410>,26,17,[1 5],27,194,211,167,194
1,<environment.Job instance at 0x7fdfea2c4780>,7,14,[7 5],8,20,34,12,20
1,<environment.Job instance at 0x7fe034306a50>,6,18,[5 3],7,261,279,254,261
1,<environment.Job instance at 0x7fdfe9e21280>,6,28,[5 8],7,15,43,8,15
1,<environment.Job instance at 0x7fdfe9dd7eb0>,23,16,[ 4 10],24,191,207,167,191
1,<environment.Job instance at 0x7fdfe9dd7af0>,25,12,[1 7],26,211,223,185,211
1,<environment.Job instance at 0x7fdfe9dd7050>,26,16,[8 1],27,212,228,185,212
1,<environment.Job instance at 0x7fdfe9dd7280>,27,14,[9 3],28,228,242,200,214
1,<environment.Job instance at 0x7fdfe9dd7b90>,29,12,[8 3],30,242,254,212,233
1,<environment.Job instance at 0x7fe03409a1e0>,33,15,[9 1],34,262,277,228,262
1,<environment.Job instance at 0x7fe0353bfaa0>,6,21,[6 5],7,23,44,16,23
1,<environment.Job instance at 0x7fdfea3e6d70>,8,15,[7 2],9,44,59,35,33
1,<environment.Job instance at 0x7fe0347d1410>,10,18,[3 9],11,97,115,86,97
1,<environment.Job instance at 0x7fdfe9e5faf0>,19,16,[5 5],20,117,133,97,117
1,<environment.Job instance at 0x7fe0348e4b40>,5,22,[6 5],6,138,160,132,138
1,<environment.Job instance at 0x7fe034414dc0>,25,18,[5 9],26,184,202,158,184
1,<environment.Job instance at 0x7fe034414d20>,26,16,[5 7],27,202,218,175,190
1,<environment.Job instance at 0x7fe0344022d0>,31,18,[8 1],32,220,238,188,220
1,<environment.Job instance at 0x7fe034414fa0>,23,15,[5 2],24,240,255,216,240
1,<environment.Job instance at 0x7fe0343f1280>,2,16,[4 8],3,3,19,0,3
1,<environment.Job instance at 0x7fe0346d6c30>,11,14,[4 8],12,75,89,63,75
1,<environment.Job instance at 0x7fdfea6acaf0>,17,20,[10  4],18,142,162,124,142
1,<environment.Job instance at 0x7fdfea443c30>,16,14,[5 3],17,162,176,145,147
1,<environment.Job instance at 0x7fdfe9f29500>,4,17,[ 2 10],5,5,22,0,5
1,<environment.Job instance at 0x7fe03518c8c0>,5,12,[2 8],6,22,34,16,12
1,<environment.Job instance at 0x7fe0340e30a0>,26,19,[8 2],27,230,249,203,230
1,<environment.Job instance at 0x7fe0340e3280>,29,18,[9 1],30,261,279,231,261
1,<environment.Job instance at 0x7fe03518c640>,1,15,[5 6],2,2,17,0,2
1,<environment.Job instance at 0x7fe0346c4140>,13,19,[5 4],14,56,75,42,56
1,<environment.Job instance at 0x7fe0346c4d20>,24,24,[7 4],25,216,240,191,216
1,<environment.Job instance at 0x7fa1625a5370>,5,24,[1 5],6,9,33,3,9
1,<environment.Job instance at 0x7fa1625a5410>,7,25,[6 2],8,42,67,34,42
1,<environment.Job instance at 0x7fa1625a5780>,23,18,[2 7],24,244,262,220,244
1,<environment.Job instance at 0x7fa169b1afa0>,12,12,[1 7],13,71,83,58,71
1,<environment.Job instance at 0x7fa169b225a0>,20,14,[2 7],21,204,218,183,204
1,<environment.Job instance at 0x7fa169b22a50>,15,26,[ 5 10],16,233,259,217,233
1,<environment.Job instance at 0x7fa169b20320>,24,28,[8 4],25,259,287,234,258
1,<environment.Job instance at 0x7fa11ea6a7d0>,4,18,[8 3],5,5,23,0,5
1,<environment.Job instance at 0x7fa11e8f1780>,5,14,[8 5],6,23,37,17,10
1,<environment.Job instance at 0x7fa11e87a460>,7,16,[5 8],8,57,73,49,57
1,<environment.Job instance at 0x7fa11e8e47d0>,15,13,[5 5],16,114,127,98,114
1,<environment.Job instance at 0x7fa11e8e4460>,18,14,[7 5],19,159,173,140,159
1,<environment.Job instance at 0x7fa11e83f1e0>,6,17,[10  3],7,11,28,4,11
1,<environment.Job instance at 0x7fa11e83fd20>,11,26,[ 4 10],12,71,97,59,71
1,<environment.Job instance at 0x7fa16230ef50>,4,28,[2 9],5,132,160,127,132
1,<environment.Job instance at 0x7fa169b1bd70>,3,18,[7 5],4,253,271,249,253
1,<environment.Job instance at 0x7fa11e9815f0>,5,12,[3 6],6,23,35,17,23
1,<environment.Job instance at 0x7fa11e84a640>,9,27,[6 1],10,24,51,14,24
1,<environment.Job instance at 0x7fa16230ecd0>,10,15,[5 2],11,51,66,40,47
1,<environment.Job instance at 0x7fa16260ff00>,12,14,[7 1],13,66,80,53,51
1,<environment.Job instance at 0x7fa1627102d0>,17,14,[2 6],18,109,123,91,109
1,<environment.Job instance at 0x7fa11ec94a00>,27,20,[3 7],28,219,239,191,219
1,<environment.Job instance at 0x7fa162376a50>,6,12,[6 1],7,14,26,7,14
1,<environment.Job instance at 0x7fa11e8ed550>,3,14,[7 2],4,76,90,72,76
1,<environment.Job instance at 0x7fa1628bf730>,10,15,[10  1],11,90,105,79,77
1,<environment.Job instance at 0x7fa162641d20>,25,12,[6 4],26,221,233,195,221
1,<environment.Job instance at 0x7fa1628bf050>,11,14,[3 8],12,235,249,223,235
1,<environment.Job instance at 0x7fa162641370>,28,17,[9 2],29,249,266,220,245
1,<environment.Job instance at 0x7fa169384500>,32,21,[2 5],33,266,287,233,265
1,<environment.Job instance at 0x7fa1692fc3c0>,3,13,[8 1],4,9,22,5,9
1,<environment.Job instance at 0x7fa16252d370>,7,18,[8 3],8,44,62,36,44
1,<environment.Job instance at 0x7fa1626b51e0>,11,19,[6 1],12,66,85,54,66
1,<environment.Job instance at 0x7fa1626b5960>,15,27,[10  2],16,85,112,69,84
1,<environment.Job instance at 0x7fa1690589b0>,17,22,[2 8],18,112,134,94,112
1,<environment.Job instance at 0x7fa1694080a0>,6,28,[8 1],7,217,245,210,217
1,<environment.Job instance at 0x7fa1624f2d70>,27,18,[1 9],28,237,255,209,237
1,<environment.Job instance at 0x7fa11edc5190>,30,21,[9 1],31,245,266,214,239
1,<environment.Job instance at 0x7fa11edbe910>,32,18,[5 2],33,266,284,233,256
1,<environment.Job instance at 0x7fa16937d050>,0,18,[3 9],1,1,19,0,1
1,<environment.Job instance at 0x7fa162437910>,12,12,[1 6],13,54,66,41,54
1,<environment.Job instance at 0x7fa11e7f2b40>,7,14,[1 9],8,66,80,58,54
1,<environment.Job instance at 0x7fa1629a3d20>,6,12,[4 8],7,80,92,73,63
1,<environment.Job instance at 0x7fa1623fea50>,19,14,[9 3],20,92,106,72,89
1,<environment.Job instance at 0x7fa1624b9140>,22,12,[5 2],23,106,118,83,102
1,<environment.Job instance at 0x7fa1624b90a0>,23,15,[3 9],24,118,133,94,104
1,<environment.Job instance at 0x7fa1624b97d0>,30,16,[8 5],31,165,181,134,165
1,<environment.Job instance at 0x7fa168e161e0>,12,16,[ 5 10],13,136,152,123,136
1,<environment.Job instance at 0x7fa1623207d0>,1,17,[9 2],2,3,20,1,3
1,<environment.Job instance at 0x7fa11e881d70>,7,15,[6 1],8,20,35,12,10
1,<environment.Job instance at 0x7fa168ebd3c0>,12,12,[10  5],13,50,62,37,50
1,<environment.Job instance at 0x7fa16240c6e0>,13,17,[10  4],14,62,79,48,50
1,<environment.Job instance at 0x7fa11ee87c30>,20,16,[8 1],21,131,147,110,131
1,<environment.Job instance at 0x7fa16253d2d0>,18,28,[6 3],19,160,188,141,160
1,<environment.Job instance at 0x7fa11ed1c280>,26,19,[4 7],27,184,203,157,184
1,<environment.Job instance at 0x7fa1624200f0>,29,17,[2 8],30,203,220,173,193
1,<environment.Job instance at 0x7fa168dc47d0>,37,18,[5 3],38,239,257,201,239
1,<environment.Job instance at 0x7fa168f43eb0>,9,13,[6 2],10,45,58,35,45
1,<environment.Job instance at 0x7fa168eafcd0>,16,22,[10  2],17,207,229,190,207
1,<environment.Job instance at 0x7fa168f47140>,17,16,[2 7],18,229,245,211,218
1,<environment.Job instance at 0x7fa11ef65fa0>,24,18,[5 3],25,260,278,235,260
1,<environment.Job instance at 0x7fa11ed399b0>,8,23,[ 1 10],9,40,63,31,40
1,<environment.Job instance at 0x7fa11eeffa00>,12,13,[ 3 10],13,68,81,55,68
1,<environment.Job instance at 0x7fa11ed86320>,4,25,[10  3],5,91,116,86,91
1,<environment.Job instance at 0x7fa11eca02d0>,18,17,[5 4],19,116,133,97,104
1,<environment.Job instance at 0x7fa11ed867d0>,5,28,[4 6],6,154,182,148,154
1,<environment.Job instance at 0x7fa169a036e0>,24,12,[3 7],25,182,194,157,167
1,<environment.Job instance at 0x7fa11ecf1550>,4,19,[10  1],5,5,24,0,5
1,<environment.Job instance at 0x7fa162a99a50>,13,15,[ 3 10],14,92,107,78,92
1,<environment.Job instance at 0x7fa162453910>,16,18,[1 8],17,124,142,107,124
1,<environment.Job instance at 0x7fa11ec56910>,5,14,[10  1],6,23,37,17,23
1,<environment.Job instance at 0x7fa162453500>,8,17,[7 2],9,49,66,40,49
1,<environment.Job instance at 0x7fa11ec56af0>,4,15,[1 6],5,119,134,114,119
1,<environment.Job instance at 0x7fa11e8698c0>,16,13,[5 5],17,134,147,117,120
1,<environment.Job instance at 0x7fa1626c60f0>,17,18,[6 5],18,178,196,160,178
1,<environment.Job instance at 0x7fa11eeab5a0>,20,15,[2 6],21,218,233,197,218
1,<environment.Job instance at 0x7fa11e8ba5a0>,10,18,[3 8],11,88,106,77,88
1,<environment.Job instance at 0x7fa11e8bab90>,12,17,[7 2],13,110,127,97,110
1,<environment.Job instance at 0x7fa1627dd7d0>,15,18,[3 9],16,159,177,143,159
1,<environment.Job instance at 0x7fa1627dd230>,21,13,[5 1],22,219,232,197,219
1,<environment.Job instance at 0x7fa1629f3cd0>,2,13,[4 8],3,15,28,12,15
1,<environment.Job instance at 0x7fa16259da00>,11,15,[10  5],12,63,78,51,63
1,<environment.Job instance at 0x7fa16259d690>,12,16,[4 8],13,82,98,69,82
1,<environment.Job instance at 0x7fa16250c460>,9,22,[7 3],10,184,206,174,184
1,<environment.Job instance at 0x7fa11eb6baf0>,22,28,[3 9],23,206,234,183,205
1,<environment.Job instance at 0x7fa11e602730>,26,14,[5 3],27,234,248,207,225
1,<environment.Job instance at 0x7fa11eb6bcd0>,28,16,[1 7],29,252,268,223,252
1,<environment.Job instance at 0x7fa1693ddf00>,5,12,[2 8],6,8,20,2,8
1,<environment.Job instance at 0x7fa11eb6bc80>,2,17,[10  3],3,20,37,17,10
1,<environment.Job instance at 0x7fa11e66c140>,6,27,[10  1],7,40,67,33,40
1,<environment.Job instance at 0x7fa162796f50>,5,22,[3 6],6,147,169,141,147
1,<environment.Job instance at 0x7fa169308a50>,23,26,[8 4],24,264,290,240,264
1,<environment.Job instance at 0x7fa162796b90>,5,14,[9 1],6,6,20,0,6
1,<environment.Job instance at 0x7fa11ec066e0>,6,21,[5 2],7,20,41,13,12
1,<environment.Job instance at 0x7fa16903a5f0>,2,26,[2 7],3,30,56,27,30
1,<environment.Job instance at 0x7fa11e5178c0>,11,13,[3 6],12,63,76,51,63
1,<environment.Job instance at 0x7fa11ead6910>,13,18,[3 6],14,76,94,62,67
1,<environment.Job instance at 0x7fa1695090a0>,18,15,[3 6],19,94,109,75,89
1,<environment.Job instance at 0x7fa168db6190>,25,13,[8 1],26,217,230,191,217
1,<environment.Job instance at 0x7fa4ba5935a0>,6,20,[6 1],7,21,41,14,21
1,<environment.Job instance at 0x7fa4ba5938c0>,11,26,[4 8],12,39,65,27,39
1,<environment.Job instance at 0x7fa4ba593640>,7,25,[6 2],8,66,91,58,66
1,<environment.Job instance at 0x7fa4ba593c80>,17,28,[ 5 10],18,177,205,159,177
1,<environment.Job instance at 0x7fa4ba64caf0>,1,28,[2 8],2,5,33,3,5
1,<environment.Job instance at 0x7fa4bfb09cd0>,8,12,[10  5],9,33,45,24,30
1,<environment.Job instance at 0x7fa4ba596550>,5,26,[ 5 10],6,52,78,46,52
1,<environment.Job instance at 0x7fa4bfb08640>,15,16,[2 8],16,115,131,99,115
1,<environment.Job instance at 0x7fa4bfb10b90>,20,25,[7 2],21,190,215,169,190
1,<environment.Job instance at 0x7fa4bfb10a50>,24,17,[3 8],25,203,220,178,203
1,<environment.Job instance at 0x7fa4bfb0e820>,27,14,[ 1 10],28,234,248,206,234
1,<environment.Job instance at 0x7fa4bfb0eeb0>,28,25,[6 2],29,269,294,240,269
1,<environment.Job instance at 0x7fa474860190>,10,23,[7 4],11,146,169,135,146
1,<environment.Job instance at 0x7fa47486feb0>,14,20,[3 8],15,185,205,170,185
1,<environment.Job instance at 0x7fa474978eb0>,1,20,[10  5],2,14,34,12,14
1,<environment.Job instance at 0x7fa474cdad70>,26,14,[ 4 10],27,228,242,201,228
1,<environment.Job instance at 0x7fa474cda780>,27,13,[6 2],28,242,255,214,228
1,<environment.Job instance at 0x7fa4749375f0>,4,13,[5 4],5,18,31,13,18
1,<environment.Job instance at 0x7fa4ba57e230>,19,16,[ 3 10],20,147,163,127,147
1,<environment.Job instance at 0x7fa474799550>,24,18,[2 8],25,207,225,182,207
1,<environment.Job instance at 0x7fa4ba7f1d20>,7,21,[2 5],8,37,58,29,37
1,<environment.Job instance at 0x7fa4baa3ecd0>,21,16,[10  2],22,105,121,83,105
1,<environment.Job instance at 0x7fa4beef99b0>,14,25,[ 5 10],15,256,281,241,256
1,<environment.Job instance at 0x7fa4748df9b0>,7,14,[9 5],8,8,22,0,8
1,<environment.Job instance at 0x7fa4bf14ec30>,8,14,[8 5],9,22,36,13,10
1,<environment.Job instance at 0x7fa4bf3304b0>,4,12,[8 3],5,36,48,31,21
1,<environment.Job instance at 0x7fa4749dc460>,12,14,[6 3],13,108,122,95,108
1,<environment.Job instance at 0x7fa4749451e0>,30,15,[5 6],31,230,245,199,230
1,<environment.Job instance at 0x7fa4befd1f00>,0,17,[10  3],1,2,19,1,2
1,<environment.Job instance at 0x7fa4ba41f870>,12,15,[4 7],13,86,101,73,86
1,<environment.Job instance at 0x7fa4ba51cd70>,7,28,[ 1 10],8,144,172,136,144
1,<environment.Job instance at 0x7fa4ba391c30>,20,27,[2 5],21,191,218,170,191
1,<environment.Job instance at 0x7fa474e2a8c0>,26,25,[6 3],27,231,256,204,231
1,<environment.Job instance at 0x7fa4749dc140>,6,23,[2 7],7,255,278,248,255
1,<environment.Job instance at 0x7fa474e2ac80>,32,12,[9 4],33,278,290,245,268
1,<environment.Job instance at 0x7fa4ba391730>,4,15,[2 5],5,57,72,52,57
1,<environment.Job instance at 0x7fa4ba391fa0>,5,15,[7 2],6,57,72,51,57
1,<environment.Job instance at 0x7fa4bf048410>,10,14,[2 9],11,72,86,61,57
1,<environment.Job instance at 0x7fa4bf048aa0>,11,27,[2 5],12,197,224,185,197
1,<environment.Job instance at 0x7fa4baa3f960>,23,17,[2 8],24,244,261,220,244
1,<environment.Job instance at 0x7fa4bf4d75a0>,7,13,[5 9],8,126,139,118,126
1,<environment.Job instance at 0x7fa4ba8f1f00>,19,13,[6 2],20,177,190,157,177
1,<environment.Job instance at 0x7fa4beef32d0>,23,18,[6 3],24,221,239,197,221
1,<environment.Job instance at 0x7fa4ba749960>,26,16,[2 6],27,246,262,219,246
1,<environment.Job instance at 0x7fa4baa13c80>,28,17,[5 5],29,269,286,240,269
1,<environment.Job instance at 0x7fa474f39e60>,4,12,[10  3],5,5,17,0,5
1,<environment.Job instance at 0x7fa4bf35ca00>,5,17,[1 6],6,17,34,11,11
1,<environment.Job instance at 0x7fa474c585a0>,12,18,[1 5],13,47,65,34,47
1,<environment.Job instance at 0x7fa4baa27460>,7,21,[2 8],8,82,103,74,82
1,<environment.Job instance at 0x7fa4ba57c9b0>,17,18,[8 1],18,107,125,89,107
1,<environment.Job instance at 0x7fa4ba57c280>,19,20,[7 3],20,128,148,108,128
1,<environment.Job instance at 0x7fa474a88eb0>,24,18,[3 8],25,184,202,159,184
1,<environment.Job instance at 0x7fa47495c2d0>,29,17,[6 2],30,233,250,203,233
1,<environment.Job instance at 0x7fa47495c370>,30,15,[2 6],31,233,248,202,233
1,<environment.Job instance at 0x7fa4bf9cb500>,10,19,[5 2],11,56,75,45,56
1,<environment.Job instance at 0x7fa4bf9cb870>,6,13,[2 8],7,83,96,76,83
1,<environment.Job instance at 0x7fa4bf4da6e0>,5,16,[4 6],6,11,27,5,11
1,<environment.Job instance at 0x7fa4ba837910>,13,18,[3 8],14,137,155,123,137
1,<environment.Job instance at 0x7fa4ba837c80>,10,17,[10  2],11,155,172,144,153
1,<environment.Job instance at 0x7fa4ba8636e0>,9,12,[4 6],10,50,62,40,50
1,<environment.Job instance at 0x7fa4bf33dc30>,11,15,[4 8],12,62,77,50,50
1,<environment.Job instance at 0x7fa4ba818fa0>,15,17,[10  3],16,93,110,77,93
1,<environment.Job instance at 0x7fa4beec3af0>,20,14,[1 8],21,172,186,151,172
1,<environment.Job instance at 0x7fa4beec37d0>,22,23,[3 6],23,186,209,163,183
1,<environment.Job instance at 0x7fa4beec2050>,26,22,[6 5],27,209,231,182,208
1,<environment.Job instance at 0x7fa4beec2e10>,28,23,[8 5],29,231,254,202,231
1,<environment.Job instance at 0x7fa4beec27d0>,29,23,[5 2],30,263,286,233,263
1,<environment.Job instance at 0x7fa4bf261320>,4,13,[3 5],5,65,78,60,65
1,<environment.Job instance at 0x7fa4bef0fa00>,9,18,[3 6],10,78,96,68,67
1,<environment.Job instance at 0x7fa474d7b460>,12,13,[2 9],13,96,109,83,80
1,<environment.Job instance at 0x7fa4745ac5a0>,28,14,[3 8],29,264,278,235,264
1,<environment.Job instance at 0x7fa4747451e0>,5,17,[10  4],6,6,23,0,6
1,<environment.Job instance at 0x7fa474745fa0>,3,24,[9 3],4,23,47,19,21
1,<environment.Job instance at 0x7fa4ba44d0a0>,20,20,[8 2],21,194,214,173,194
1,<environment.Job instance at 0x7fa4ba44da50>,23,25,[5 5],24,217,242,193,217
1,<environment.Job instance at 0x7fa4748e4fa0>,4,14,[9 5],5,15,29,10,15
1,<environment.Job instance at 0x7fa4748e4e60>,5,13,[5 6],6,39,52,33,39
1,<environment.Job instance at 0x7fa474745cd0>,2,21,[5 1],3,46,67,43,46
1,<environment.Job instance at 0x7fa4beeecc80>,9,20,[8 3],10,67,87,57,67
1,<environment.Job instance at 0x7fa474659050>,16,15,[5 6],17,87,102,70,73
1,<environment.Job instance at 0x7fa474c125a0>,19,25,[6 4],20,194,219,174,194
1,<environment.Job instance at 0x7fa4ba91e370>,30,22,[5 3],31,244,266,213,244
1,<environment.Job instance at 0x7fa4ba87d820>,1,15,[5 6],2,2,17,0,2
1,<environment.Job instance at 0x7fa4bee9e550>,13,19,[5 4],14,52,71,38,52
1,<environment.Job instance at 0x7fa4bf89a780>,16,24,[3 9],17,71,95,54,66
1,<environment.Job instance at 0x7fa4bf3e62d0>,24,24,[7 4],25,277,301,252,277
1,<environment.Job instance at 0x7fa47465f5f0>,3,23,[1 8],4,5,28,1,5
1,<environment.Job instance at 0x7fa47465f7d0>,6,21,[5 2],7,7,28,0,7
1,<environment.Job instance at 0x7fa474614190>,13,18,[3 6],14,74,92,60,74
1,<environment.Job instance at 0x7fa474614be0>,15,14,[10  1],16,92,106,76,81
1,<environment.Job instance at 0x7fa474614870>,20,20,[3 9],21,127,147,106,127
1,<environment.Job instance at 0x7fa474d829b0>,24,28,[10  5],25,191,219,166,191
1,<environment.Job instance at 0x7fa4bf2fed70>,9,16,[4 9],10,22,38,12,22
1,<environment.Job instance at 0x7fa4749cb550>,11,15,[2 7],12,38,53,26,24
1,<environment.Job instance at 0x7fa474ec8d70>,4,18,[5 7],5,94,112,89,94
1,<environment.Job instance at 0x7fa4bf33ed20>,23,12,[7 2],24,197,209,173,197
1,<environment.Job instance at 0x7fae2f23e6e0>,13,12,[5 3],14,100,112,86,100
1,<environment.Job instance at 0x7fae2def94b0>,3,17,[7 4],4,143,160,139,143
1,<environment.Job instance at 0x7fae2f23e8c0>,17,18,[9 4],18,160,178,142,149
1,<environment.Job instance at 0x7fae2f238050>,23,18,[3 5],24,178,196,154,171
1,<environment.Job instance at 0x7fae2f2383c0>,25,17,[7 1],26,187,204,161,187
1,<environment.Job instance at 0x7fae2f238c80>,26,14,[10  4],27,204,218,177,189
1,<environment.Job instance at 0x7fae2f238230>,32,14,[8 5],33,236,250,203,236
1,<environment.Job instance at 0x7fae2f235690>,34,18,[ 3 10],35,250,268,215,241
1,<environment.Job instance at 0x7fade3fe9dc0>,4,16,[1 9],5,28,44,23,28
1,<environment.Job instance at 0x7fade3fe98c0>,5,19,[ 1 10],6,80,99,74,80
1,<environment.Job instance at 0x7fade3fabe60>,13,12,[1 6],14,99,111,85,83
1,<environment.Job instance at 0x7fade3fab640>,14,17,[5 1],15,149,166,134,149
1,<environment.Job instance at 0x7fade3fab050>,18,15,[ 4 10],19,166,181,147,152
1,<environment.Job instance at 0x7fade3fab9b0>,19,20,[4 9],20,193,213,173,193
1,<environment.Job instance at 0x7fade408ee10>,25,21,[10  1],26,213,234,187,213
1,<environment.Job instance at 0x7fade3fa2c80>,6,15,[ 2 10],7,7,22,0,7
1,<environment.Job instance at 0x7fade4420280>,6,27,[10  5],7,59,86,52,59
1,<environment.Job instance at 0x7fade40e0870>,14,13,[2 5],15,86,99,71,76
1,<environment.Job instance at 0x7fade3f48910>,10,20,[ 2 10],11,101,121,90,101
1,<environment.Job instance at 0x7fade46450a0>,22,25,[4 8],23,193,218,170,193
1,<environment.Job instance at 0x7fade43240a0>,29,12,[4 8],30,259,271,229,259
1,<environment.Job instance at 0x7fade42d1af0>,2,13,[3 5],3,23,36,20,23
1,<environment.Job instance at 0x7fae2e543370>,4,18,[1 7],5,5,23,0,5
1,<environment.Job instance at 0x7fae2ec42870>,8,25,[4 5],9,23,48,14,19
1,<environment.Job instance at 0x7fae2ea07b90>,14,12,[4 7],15,78,90,63,78
1,<environment.Job instance at 0x7fae2eb5b640>,18,23,[4 8],19,130,153,111,130
1,<environment.Job instance at 0x7fade4336e60>,20,12,[ 1 10],21,149,161,128,149
1,<environment.Job instance at 0x7fae2e457b90>,26,20,[7 1],27,245,265,218,245
1,<environment.Job instance at 0x7fae2e6a4d70>,18,18,[5 5],19,239,257,220,239
1,<environment.Job instance at 0x7fae2e318050>,5,18,[5 5],6,14,32,8,14
1,<environment.Job instance at 0x7fae2e318b40>,7,14,[8 4],8,32,46,24,17
1,<environment.Job instance at 0x7fae2e318140>,3,26,[10  3],4,63,89,59,63
1,<environment.Job instance at 0x7fade4566d20>,12,13,[10  4],13,89,102,76,75
1,<environment.Job instance at 0x7fae2e318820>,2,19,[7 3],3,102,121,99,92
1,<environment.Job instance at 0x7fae2ec42cd0>,14,21,[10  3],15,121,142,106,113
1,<environment.Job instance at 0x7fade415e0f0>,26,17,[5 4],27,175,192,148,175
1,<environment.Job instance at 0x7fade41a0190>,3,14,[10  3],4,5,19,1,5
1,<environment.Job instance at 0x7fae2e802c80>,9,14,[ 3 10],10,19,33,9,14
1,<environment.Job instance at 0x7fae2dd6b5f0>,13,18,[4 9],14,33,51,19,33
1,<environment.Job instance at 0x7fae2dfd75f0>,4,18,[4 7],5,66,84,61,66
1,<environment.Job instance at 0x7fade3f664b0>,19,27,[5 1],20,75,102,55,75
1,<environment.Job instance at 0x7fade43abf00>,20,28,[ 5 10],21,107,135,86,107
1,<environment.Job instance at 0x7fade4392550>,6,21,[ 1 10],7,11,32,4,11
1,<environment.Job instance at 0x7fae2de81140>,16,15,[6 1],17,146,161,129,146
1,<environment.Job instance at 0x7fae2de81b90>,18,28,[3 6],19,147,175,128,147
1,<environment.Job instance at 0x7fade4420730>,21,13,[6 4],22,161,174,139,159
1,<environment.Job instance at 0x7fade4420910>,24,13,[5 7],25,193,206,168,193
1,<environment.Job instance at 0x7fade4420dc0>,27,18,[8 3],28,231,249,203,231
1,<environment.Job instance at 0x7fade44207d0>,29,15,[1 8],30,249,264,219,235
1,<environment.Job instance at 0x7fae2dd685f0>,13,12,[9 1],14,74,86,60,74
1,<environment.Job instance at 0x7fae2e189280>,15,17,[10  1],16,86,103,70,82
1,<environment.Job instance at 0x7fade4022d20>,20,25,[6 2],21,143,168,122,143
1,<environment.Job instance at 0x7fade4022f00>,21,23,[5 5],22,186,209,164,186
1,<environment.Job instance at 0x7fae2eb9d050>,24,21,[3 7],25,270,291,245,270
1,<environment.Job instance at 0x7fade416c190>,7,26,[6 3],8,18,44,10,18
1,<environment.Job instance at 0x7fae2dd757d0>,11,13,[5 6],12,61,74,49,61
1,<environment.Job instance at 0x7fae2ea2de60>,14,19,[1 6],15,75,94,60,75
1,<environment.Job instance at 0x7fade420eeb0>,19,13,[5 8],20,122,135,102,122
1,<environment.Job instance at 0x7fade420e370>,18,22,[8 2],19,135,157,116,129
1,<environment.Job instance at 0x7fae2eb0dfa0>,21,17,[2 7],22,135,152,113,130
1,<environment.Job instance at 0x7fae2eb0df00>,20,23,[2 9],21,165,188,144,165
1,<environment.Job instance at 0x7fae2de695f0>,29,26,[5 5],30,200,226,170,200
1,<environment.Job instance at 0x7fae2de838c0>,5,22,[6 2],6,9,31,3,9
1,<environment.Job instance at 0x7fae2de83c80>,10,14,[2 7],11,57,71,46,57
1,<environment.Job instance at 0x7fae2de83d20>,11,14,[5 7],12,71,85,59,66
1,<environment.Job instance at 0x7fae2de837d0>,13,16,[6 2],14,85,101,71,74
1,<environment.Job instance at 0x7fade404a3c0>,17,14,[2 9],18,101,115,83,93
1,<environment.Job instance at 0x7fade42be960>,24,13,[4 5],25,182,195,157,182
1,<environment.Job instance at 0x7fade42be280>,29,18,[2 7],30,200,218,170,200
1,<environment.Job instance at 0x7fae2e2848c0>,6,14,[7 3],7,16,30,9,16
1,<environment.Job instance at 0x7fae2e6b0a00>,13,28,[ 5 10],14,173,201,159,173
1,<environment.Job instance at 0x7fae2e0b5870>,3,24,[5 1],4,19,43,15,19
1,<environment.Job instance at 0x7fae2e0f63c0>,4,20,[5 3],5,61,81,56,61
1,<environment.Job instance at 0x7fae2de3c910>,10,16,[6 3],11,109,125,98,109
1,<environment.Job instance at 0x7fae2e20e5f0>,20,14,[5 1],21,189,203,168,189
1,<environment.Job instance at 0x7fae2e875c80>,8,13,[4 5],9,44,57,35,44
1,<environment.Job instance at 0x7fae2e8755a0>,4,14,[4 8],5,82,96,77,82
1,<environment.Job instance at 0x7fae2e8756e0>,11,14,[10  4],12,96,110,84,82
1,<environment.Job instance at 0x7fae2e875e10>,18,19,[6 5],19,168,187,149,168
1,<environment.Job instance at 0x7fae2e875140>,21,15,[2 7],22,191,206,169,191
1,<environment.Job instance at 0x7fade4246c30>,8,16,[6 5],9,22,38,13,22
1,<environment.Job instance at 0x7fade4246d20>,12,16,[6 3],13,61,77,48,61
1,<environment.Job instance at 0x7fade4246fa0>,15,16,[6 4],16,88,104,72,88
1,<environment.Job instance at 0x7fae2dfcf640>,21,13,[9 3],22,130,143,108,130
1,<environment.Job instance at 0x7fae2dfcff50>,22,14,[8 4],23,143,157,120,133
1,<environment.Job instance at 0x7fae2dfcfa00>,26,16,[7 5],27,169,185,142,169
1,<environment.Job instance at 0x7fae2dfcf4b0>,30,15,[9 1],31,194,209,163,194
1,<environment.Job instance at 0x7fae2e870640>,6,13,[8 4],7,209,222,202,197
1,<environment.Job instance at 0x7fae2dfcf460>,33,24,[9 1],34,233,257,199,233
1,<environment.Job instance at 0x7fae2ea370a0>,37,23,[9 5],38,257,280,219,256
1,<environment.Job instance at 0x7f16fe482500>,0,17,[6 1],1,1,18,0,1
1,<environment.Job instance at 0x7f16fe4af410>,7,18,[9 4],8,8,26,0,8
1,<environment.Job instance at 0x7f16fe4afb90>,8,12,[7 1],9,26,38,17,9
1,<environment.Job instance at 0x7f16fe4af9b0>,11,14,[4 9],12,38,52,26,26
1,<environment.Job instance at 0x7f16fe5f5f00>,16,14,[10  4],17,52,66,35,42
1,<environment.Job instance at 0x7f16fe5f5370>,21,19,[5 5],22,72,91,50,72
1,<environment.Job instance at 0x7f16fe5f9230>,22,14,[8 5],23,91,105,68,77
1,<environment.Job instance at 0x7f16fe5f9e10>,26,15,[1 7],27,105,120,78,100
1,<environment.Job instance at 0x7f16fe5f9e60>,28,18,[7 1],29,105,123,76,102
1,<environment.Job instance at 0x7f16fe5f93c0>,32,15,[9 1],33,138,153,105,138
1,<environment.Job instance at 0x7f16fe4afcd0>,5,26,[5 5],6,191,217,185,191
1,<environment.Job instance at 0x7f16fe5f8a50>,2,18,[7 4],3,18,36,15,18
1,<environment.Job instance at 0x7f16b3381eb0>,8,26,[1 6],9,30,56,21,30
1,<environment.Job instance at 0x7f16b33255f0>,13,17,[5 1],14,83,100,69,83
1,<environment.Job instance at 0x7f16b3325870>,14,26,[4 7],15,100,126,85,100
1,<environment.Job instance at 0x7f16b3325910>,18,14,[6 5],19,132,146,113,132
1,<environment.Job instance at 0x7f16b3325a50>,20,24,[6 5],21,149,173,128,149
1,<environment.Job instance at 0x7f16b3325cd0>,21,13,[1 8],22,173,186,151,165
1,<environment.Job instance at 0x7f16b3325280>,25,26,[7 2],26,184,210,158,184
1,<environment.Job instance at 0x7f16b33250a0>,27,21,[9 2],28,210,231,182,202
1,<environment.Job instance at 0x7f16b3325b40>,28,13,[10  5],29,231,244,202,216
1,<environment.Job instance at 0x7f16b3325be0>,31,28,[7 1],32,254,282,222,254
1,<environment.Job instance at 0x7f16b33ed3c0>,32,12,[1 5],33,255,267,222,255
1,<environment.Job instance at 0x7f16b33258c0>,29,28,[3 8],30,268,296,238,268
1,<environment.Job instance at 0x7f16b33258c0>,2,24,[4 9],3,7,31,4,7
1,<environment.Job instance at 0x7f16b346e870>,12,20,[7 5],13,45,65,32,45
1,<environment.Job instance at 0x7f16b393d0f0>,18,14,[7 1],19,98,112,79,98
1,<environment.Job instance at 0x7f16b393d9b0>,23,15,[6 1],24,138,153,114,138
1,<environment.Job instance at 0x7f16b33221e0>,30,20,[ 2 10],31,269,289,238,269
1,<environment.Job instance at 0x7f16b346eb40>,5,13,[9 2],6,28,41,22,28
1,<environment.Job instance at 0x7f16b37318c0>,13,16,[5 8],14,42,58,28,42
1,<environment.Job instance at 0x7f16b3731c80>,16,14,[3 5],17,78,92,61,78
1,<environment.Job instance at 0x7f16f97113c0>,24,27,[1 5],25,206,233,181,206
1,<environment.Job instance at 0x7f16b36f1500>,28,13,[6 4],29,248,261,219,248
1,<environment.Job instance at 0x7f16b3727870>,4,18,[1 7],5,5,23,0,5
1,<environment.Job instance at 0x7f16f9d36cd0>,24,16,[ 4 10],25,234,250,209,234
1,<environment.Job instance at 0x7f16b3928320>,25,17,[7 4],26,236,253,210,236
1,<environment.Job instance at 0x7f16b3516320>,9,13,[6 2],10,47,60,37,47
1,<environment.Job instance at 0x7f16f9092140>,11,12,[7 5],12,70,82,58,70
1,<environment.Job instance at 0x7f16f9092aa0>,12,20,[10  2],13,82,102,69,73
1,<environment.Job instance at 0x7f16f926f690>,20,19,[3 6],21,155,174,134,155
1,<environment.Job instance at 0x7f16f9092910>,16,19,[6 5],17,183,202,166,183
1,<environment.Job instance at 0x7f16b3649780>,11,17,[5 4],12,60,77,48,60
1,<environment.Job instance at 0x7f16b386e500>,15,16,[1 9],16,96,112,80,96
1,<environment.Job instance at 0x7f16f9928b40>,13,14,[10  3],14,50,64,36,50
1,<environment.Job instance at 0x7f16f906be10>,22,16,[1 5],23,142,158,119,142
1,<environment.Job instance at 0x7f16f906b190>,23,18,[4 9],24,158,176,134,147
1,<environment.Job instance at 0x7f16f8ebb9b0>,8,14,[5 8],9,35,49,26,35
1,<environment.Job instance at 0x7f16f99aa7d0>,16,15,[6 1],17,168,183,151,168
1,<environment.Job instance at 0x7f16fe5f9e10>,20,12,[2 8],21,221,233,200,221
1,<environment.Job instance at 0x7f16f90f5eb0>,6,21,[ 1 10],7,243,264,236,243
1,<environment.Job instance at 0x7f16b3154d20>,24,13,[5 7],25,264,277,239,248
1,<environment.Job instance at 0x7f16b31543c0>,26,14,[4 9],27,277,291,250,273
1,<environment.Job instance at 0x7f16b31544b0>,28,12,[3 5],29,291,303,262,274
1,<environment.Job instance at 0x7f16f95b38c0>,5,17,[10  1],6,6,23,0,6
1,<environment.Job instance at 0x7f16b31544b0>,2,25,[8 5],3,53,78,50,53
1,<environment.Job instance at 0x7f16b388faa0>,11,23,[5 5],12,246,269,234,246
1,<environment.Job instance at 0x7f16b391c730>,3,26,[ 5 10],4,11,37,7,11
1,<environment.Job instance at 0x7f16b391c960>,11,15,[6 3],12,37,52,25,34
1,<environment.Job instance at 0x7f16b391c500>,20,23,[8 4],21,185,208,164,185
1,<environment.Job instance at 0x7f16b3717410>,6,20,[2 9],7,52,72,45,52
1,<environment.Job instance at 0x7f16f9327d20>,8,13,[4 5],9,48,61,39,48
1,<environment.Job instance at 0x7f16f930a6e0>,4,14,[4 8],5,88,102,83,88
1,<environment.Job instance at 0x7f16f9327870>,11,14,[10  4],12,102,116,90,92
1,<environment.Job instance at 0x7f16f9327aa0>,18,19,[6 5],19,169,188,150,169
1,<environment.Job instance at 0x7f16f9327af0>,21,15,[2 7],22,191,206,169,191
1,<environment.Job instance at 0x7f16f8e631e0>,5,16,[6 4],6,7,23,1,7
1,<environment.Job instance at 0x7f16f8e63910>,9,12,[5 4],10,23,35,13,12
1,<environment.Job instance at 0x7f16b36c71e0>,11,13,[9 3],12,35,48,23,30
1,<environment.Job instance at 0x7f16b320dfa0>,13,23,[1 5],14,31,54,17,31
1,<environment.Job instance at 0x7f16b36c7460>,16,16,[7 5],17,48,64,31,46
1,<environment.Job instance at 0x7f16f9762c30>,20,15,[9 1],21,65,80,44,65
1,<environment.Job instance at 0x7f16f8f70730>,22,18,[8 1],23,80,98,57,69
1,<environment.Job instance at 0x7f16f8f70460>,23,24,[9 1],24,98,122,74,97
1,<environment.Job instance at 0x7f16f91cb550>,27,23,[9 5],28,122,145,94,117
1,<environment.Job instance at 0x7f16f91626e0>,29,21,[7 5],30,145,166,115,137
1,<environment.Job instance at 0x7f16fe4825a0>,33,27,[1 7],34,166,193,132,164
1,<environment.Job instance at 0x7f16f8eea0a0>,38,13,[2 7],39,206,219,167,206
1,<environment.Job instance at 0x7f16f8eea820>,40,18,[10  1],41,219,237,178,216
1,<environment.Job instance at 0x7f16f8f560a0>,4,12,[3 7],5,10,22,5,10
1,<environment.Job instance at 0x7f16f8f56eb0>,8,14,[5 7],9,29,43,20,29
1,<environment.Job instance at 0x7f16f8f56e60>,12,13,[9 3],13,57,70,44,57
1,<environment.Job instance at 0x7f16f8ea6730>,17,20,[4 9],18,155,175,137,155
1,<environment.Job instance at 0x7f16f8ea6fa0>,13,28,[5 9],14,197,225,183,197
1,<environment.Job instance at 0x7f16f9131fa0>,24,19,[7 5],25,245,264,220,245
1,<environment.Job instance at 0x7f16f9521e10>,27,21,[4 5],28,272,293,244,272
1,<environment.Job instance at 0x7f16f9358410>,12,16,[4 6],13,88,104,75,88
1,<environment.Job instance at 0x7f16f8e74af0>,22,14,[5 7],23,193,207,170,193
1,<environment.Job instance at 0x7f16b320de60>,24,16,[4 7],25,210,226,185,210
1,<environment.Job instance at 0x7f16b320d2d0>,26,14,[1 6],27,230,244,203,230
1,<environment.Job instance at 0x7f50b6709320>,1,24,[10  1],2,7,31,5,7
1,<environment.Job instance at 0x7f50b6708f50>,4,24,[7 2],5,40,64,35,40
1,<environment.Job instance at 0x7f50af2f9820>,10,15,[5 1],11,69,84,58,69
1,<environment.Job instance at 0x7f50af2f9fa0>,24,20,[4 6],25,163,183,138,163
1,<environment.Job instance at 0x7f50af2fb0a0>,26,12,[8 5],27,183,195,156,178
1,<environment.Job instance at 0x7f50af2fb050>,25,24,[5 7],26,197,221,171,197
1,<environment.Job instance at 0x7f50b6879870>,7,13,[10  1],8,8,21,0,8
1,<environment.Job instance at 0x7f50b6879f00>,8,16,[8 1],9,21,37,12,9
1,<environment.Job instance at 0x7f50b6879c80>,6,14,[10  4],7,37,51,30,22
1,<environment.Job instance at 0x7f50b68745a0>,12,14,[8 5],13,51,65,38,41
1,<environment.Job instance at 0x7f50b68749b0>,16,15,[1 7],17,67,82,50,67
1,<environment.Job instance at 0x7f50b6874730>,18,18,[7 1],19,68,86,49,68
1,<environment.Job instance at 0x7f50af303fa0>,4,19,[3 8],5,86,105,81,86
1,<environment.Job instance at 0x7f50b6874c80>,14,18,[ 3 10],15,107,125,92,107
1,<environment.Job instance at 0x7f50b68770f0>,26,16,[8 4],27,125,141,98,114
1,<environment.Job instance at 0x7f50b6877d20>,27,18,[2 6],28,125,143,97,119
1,<environment.Job instance at 0x7f50b6877910>,34,16,[1 9],35,196,212,161,196
1,<environment.Job instance at 0x7f506b61eb40>,8,13,[10  5],9,19,32,10,19
1,<environment.Job instance at 0x7f506b5aa780>,15,17,[5 8],16,130,147,114,130
1,<environment.Job instance at 0x7f506b5aa8c0>,16,15,[ 2 10],17,147,162,130,133
1,<environment.Job instance at 0x7f506b5aa640>,24,22,[3 8],25,250,272,225,250
1,<environment.Job instance at 0x7f506b590140>,4,13,[2 5],5,86,99,81,86
1,<environment.Job instance at 0x7f50b674b500>,19,12,[4 8],20,165,177,145,165
1,<environment.Job instance at 0x7f506b59cf00>,16,15,[8 5],17,200,215,183,200
1,<environment.Job instance at 0x7f50b67080a0>,26,13,[4 8],27,249,262,222,249
1,<environment.Job instance at 0x7f50b6708460>,27,16,[8 4],28,262,278,234,249
1,<environment.Job instance at 0x7f506b60e8c0>,6,17,[ 5 10],7,102,119,95,102
1,<environment.Job instance at 0x7f506b9e8500>,24,18,[1 7],25,225,243,200,225
1,<environment.Job instance at 0x7f506b9e8780>,28,25,[4 5],29,257,282,228,257
1,<environment.Job instance at 0x7f506b9e88c0>,30,14,[7 1],31,282,296,251,270
1,<environment.Job instance at 0x7f506b9ff320>,6,24,[6 3],7,24,48,17,24
1,<environment.Job instance at 0x7f506b9ffd70>,9,12,[6 4],10,48,60,38,40
1,<environment.Job instance at 0x7f506b9ffa00>,10,28,[8 2],11,111,139,100,111
1,<environment.Job instance at 0x7f50af175320>,17,23,[9 5],18,139,162,121,137
1,<environment.Job instance at 0x7f50b6708460>,18,16,[5 2],19,162,178,143,159
1,<environment.Job instance at 0x7f50af0bae10>,5,21,[ 4 10],6,6,27,0,6
1,<environment.Job instance at 0x7f50af135190>,6,23,[2 8],7,46,69,39,46
1,<environment.Job instance at 0x7f50af135050>,9,13,[6 2],10,46,59,36,46
1,<environment.Job instance at 0x7f50b3afd280>,11,12,[7 5],12,69,81,57,54
1,<environment.Job instance at 0x7f50b39e8140>,12,20,[10  2],13,81,101,68,78
1,<environment.Job instance at 0x7f50b39e8aa0>,16,19,[6 5],17,101,120,84,98
1,<environment.Job instance at 0x7f50b39e8dc0>,14,15,[2 6],15,120,135,105,106
1,<environment.Job instance at 0x7f50af373b40>,19,25,[6 4],20,120,145,100,120
1,<environment.Job instance at 0x7f50af1ac3c0>,20,19,[3 6],21,135,154,114,132
1,<environment.Job instance at 0x7f50af294190>,27,15,[4 9],28,182,197,154,182
1,<environment.Job instance at 0x7f50af294f00>,29,12,[4 6],30,197,209,167,189
1,<environment.Job instance at 0x7f50af2940a0>,32,19,[7 3],33,235,254,202,235
1,<environment.Job instance at 0x7f50af4eb230>,5,16,[1 9],6,6,22,0,6
1,<environment.Job instance at 0x7f50af0ba820>,6,16,[7 2],7,22,38,15,10
1,<environment.Job instance at 0x7f50af6529b0>,10,15,[3 5],11,36,51,25,36
1,<environment.Job instance at 0x7f506bb5e7d0>,12,17,[5 5],13,39,56,26,39
1,<environment.Job instance at 0x7f50af1923c0>,3,18,[4 9],4,7,25,3,7
1,<environment.Job instance at 0x7f506b759280>,8,13,[10  1],9,78,91,69,78
1,<environment.Job instance at 0x7f50b3a02140>,5,18,[3 7],6,28,46,22,28
1,<environment.Job instance at 0x7f50af05f0f0>,12,12,[6 2],13,56,68,43,56
1,<environment.Job instance at 0x7f50af107050>,15,16,[6 2],16,68,84,52,67
1,<environment.Job instance at 0x7f50af79e3c0>,19,16,[7 4],20,84,100,64,84
1,<environment.Job instance at 0x7f50b3a020f0>,3,27,[ 5 10],4,185,212,181,185
1,<environment.Job instance at 0x7f506b8e1050>,30,22,[10  1],31,212,234,181,205
1,<environment.Job instance at 0x7f506ba1a8c0>,33,12,[9 1],34,234,246,200,221
1,<environment.Job instance at 0x7f50af632e10>,29,25,[5 1],30,246,271,216,242
1,<environment.Job instance at 0x7f50af294640>,35,17,[10  1],36,271,288,235,260
1,<environment.Job instance at 0x7f506bb09050>,11,13,[5 6],12,95,108,83,95
1,<environment.Job instance at 0x7f50af3cda50>,18,22,[8 2],19,143,165,124,143
1,<environment.Job instance at 0x7f50af192fa0>,19,13,[5 8],20,165,178,145,159
1,<environment.Job instance at 0x7f50af192870>,22,23,[8 3],23,178,201,155,173
1,<environment.Job instance at 0x7f50b3e12f50>,29,26,[5 5],30,232,258,202,232
1,<environment.Job instance at 0x7f506bbe7c30>,28,27,[10  4],29,258,285,229,256
1,<environment.Job instance at 0x7f50b3af4550>,1,25,[ 1 10],2,4,29,2,4
1,<environment.Job instance at 0x7f50af3bb140>,5,20,[3 7],6,29,49,23,21
1,<environment.Job instance at 0x7f506b60a550>,4,13,[4 5],5,70,83,65,70
1,<environment.Job instance at 0x7f50af6d7640>,6,26,[3 7],7,83,109,76,83
1,<environment.Job instance at 0x7f506b4219b0>,18,14,[5 2],19,108,122,89,108
1,<environment.Job instance at 0x7f506b849d20>,25,22,[5 5],26,169,191,143,169
1,<environment.Job instance at 0x7f506b87e1e0>,6,20,[2 9],7,26,46,19,26
1,<environment.Job instance at 0x7f506b87e4b0>,8,24,[4 6],9,52,76,43,52
1,<environment.Job instance at 0x7f506b87e280>,12,24,[8 5],13,95,119,82,95
1,<environment.Job instance at 0x7f50af0b0d70>,13,24,[5 1],14,119,143,105,114
1,<environment.Job instance at 0x7f50b3e8b730>,20,16,[6 3],21,179,195,158,179
1,<environment.Job instance at 0x7f50b3e8b640>,25,12,[10  2],26,221,233,195,221
1,<environment.Job instance at 0x7f50b384a780>,14,27,[5 2],15,90,117,75,90
1,<environment.Job instance at 0x7f50af61f5f0>,26,12,[9 5],27,218,230,191,218
1,<environment.Job instance at 0x7f50af61f550>,2,18,[8 1],3,5,23,2,5
1,<environment.Job instance at 0x7f50af795a50>,7,23,[9 5],8,23,46,15,17
1,<environment.Job instance at 0x7f506bb77870>,29,14,[6 1],30,205,219,175,205
1,<environment.Job instance at 0x7f506bb778c0>,31,19,[7 3],32,220,239,188,220
1,<environment.Job instance at 0x7f506bb77c80>,34,16,[2 5],35,255,271,220,255
1,<environment.Job instance at 0x7f506bb65140>,6,14,[5 7],7,43,57,36,43
1,<environment.Job instance at 0x7f506b9b8550>,20,27,[5 9],21,160,187,139,160
1,<environment.Job instance at 0x7f50b3d47af0>,0,19,[5 2],1,1,20,0,1
1,<environment.Job instance at 0x7f50af192690>,4,22,[8 3],5,20,42,15,20
1,<environment.Job instance at 0x7f50b3aa0aa0>,15,15,[9 4],16,140,155,124,140
1,<environment.Job instance at 0x7f50af542960>,15,19,[3 8],16,188,207,172,188
1,<environment.Job instance at 0x7f50af542d20>,20,14,[8 2],21,262,276,241,262
1,<environment.Job instance at 0x7f506b95f2d0>,4,23,[6 1],5,5,28,0,5
1,<environment.Job instance at 0x7f506b5b4f00>,2,27,[8 4],3,38,65,35,38
1,<environment.Job instance at 0x7f506b95f820>,6,24,[5 9],7,106,130,99,106
1,<environment.Job instance at 0x7f50b3a4d320>,0,17,[10  3],1,2,19,1,2
1,<environment.Job instance at 0x7f506b38b410>,18,15,[ 3 10],19,121,136,102,121
1,<environment.Job instance at 0x7f506bc55050>,23,14,[5 5],24,186,200,162,186
1,<environment.Job instance at 0x7f50b3fe79b0>,27,12,[1 8],28,211,223,183,211
1,<environment.Job instance at 0x7f50af5c0e10>,28,19,[5 8],29,223,242,194,219
1,<environment.Job instance at 0x7f5d1611d320>,2,20,[7 4],3,3,23,0,3
1,<environment.Job instance at 0x7f5d1616fb90>,4,24,[7 2],5,23,47,18,21
1,<environment.Job instance at 0x7f5d0cd0e550>,7,26,[9 3],8,48,74,40,48
1,<environment.Job instance at 0x7f5d16291230>,8,18,[7 1],9,13,31,4,13
1,<environment.Job instance at 0x7f5d16291f50>,6,15,[1 7],7,14,29,7,14
1,<environment.Job instance at 0x7f5d0cd19500>,1,19,[5 5],2,31,50,29,30
1,<environment.Job instance at 0x7f5d16290690>,16,16,[8 4],17,57,73,40,57
1,<environment.Job instance at 0x7f5d16146a00>,31,23,[5 1],32,253,276,221,253
1,<environment.Job instance at 0x7f5ccb0ca640>,2,19,[2 5],3,45,64,42,45
1,<environment.Job instance at 0x7f5ccb0ad410>,8,14,[6 3],9,62,76,53,62
1,<environment.Job instance at 0x7f5ccb0ad2d0>,11,14,[ 5 10],12,79,93,67,79
1,<environment.Job instance at 0x7f5ccb0ad4b0>,12,17,[4 7],13,93,110,80,83
1,<environment.Job instance at 0x7f5ccb0ad960>,13,13,[5 7],14,110,123,96,94
1,<environment.Job instance at 0x7f5ccb0ade10>,16,19,[3 8],17,123,142,106,122
1,<environment.Job instance at 0x7f5ccb0adaa0>,19,16,[8 4],20,202,218,182,202
1,<environment.Job instance at 0x7f5ccb0ad050>,22,24,[4 9],23,223,247,200,223
1,<environment.Job instance at 0x7f5ccb0ede10>,24,23,[6 4],25,251,274,226,251
1,<environment.Job instance at 0x7f5ccb0edaf0>,27,16,[1 7],28,274,290,246,266
1,<environment.Job instance at 0x7f5ccb0ddcd0>,5,13,[9 2],6,25,38,19,25
1,<environment.Job instance at 0x7f5ccb0dd780>,12,13,[3 5],13,40,53,27,40
1,<environment.Job instance at 0x7f5ccb0dd640>,11,24,[6 2],12,41,65,29,41
1,<environment.Job instance at 0x7f5ccb0ddeb0>,14,23,[1 8],15,169,192,154,169
1,<environment.Job instance at 0x7f5ccb0e9640>,23,17,[10  2],24,192,209,168,181
1,<environment.Job instance at 0x7f5ccb0e9500>,27,17,[10  4],28,209,226,181,205
1,<environment.Job instance at 0x7f5ccb0e9280>,31,16,[6 3],32,233,249,201,233
1,<environment.Job instance at 0x7f5ccb0d1230>,5,20,[5 8],6,8,28,2,8
1,<environment.Job instance at 0x7f5ccb405910>,23,17,[5 9],24,250,267,226,250
1,<environment.Job instance at 0x7f5ccb405b40>,24,17,[7 1],25,267,284,242,255
1,<environment.Job instance at 0x7f5ccaf15730>,5,13,[5 6],6,63,76,57,63
1,<environment.Job instance at 0x7f5ccb3c1f00>,2,14,[4 5],3,76,90,73,63
1,<environment.Job instance at 0x7f5d0ceba2d0>,18,18,[5 5],19,201,219,182,201
1,<environment.Job instance at 0x7f5d0cd88fa0>,15,16,[1 9],16,133,149,117,133
1,<environment.Job instance at 0x7f5d156ad960>,3,18,[4 9],4,4,22,0,4
1,<environment.Job instance at 0x7f5ccb089be0>,8,13,[10  1],9,24,37,15,24
1,<environment.Job instance at 0x7f5d1560e2d0>,10,28,[ 5 10],11,76,104,65,76
1,<environment.Job instance at 0x7f5ccb2e1be0>,20,18,[7 5],21,203,221,182,203
1,<environment.Job instance at 0x7f5d15857730>,1,18,[4 9],2,6,24,4,6
1,<environment.Job instance at 0x7f5d15b189b0>,4,27,[2 8],5,36,63,31,36
1,<environment.Job instance at 0x7f5d15bb37d0>,12,12,[7 2],13,37,49,24,37
1,<environment.Job instance at 0x7f5d15bb3410>,9,16,[7 4],10,78,94,68,78
1,<environment.Job instance at 0x7f5d15bb3f50>,19,25,[5 1],20,101,126,81,101
1,<environment.Job instance at 0x7f5d15bb3d20>,23,12,[9 1],24,126,138,102,117
1,<environment.Job instance at 0x7f5ccb1fba50>,25,17,[10  1],26,138,155,112,130
1,<environment.Job instance at 0x7f5d15bb35f0>,22,25,[8 5],23,157,182,134,157
1,<environment.Job instance at 0x7f5d0cd14410>,17,16,[5 2],18,112,128,94,112
1,<environment.Job instance at 0x7f5d0cd14690>,18,12,[6 4],19,128,140,109,118
1,<environment.Job instance at 0x7f5d158ddeb0>,27,20,[5 7],28,252,272,224,252
1,<environment.Job instance at 0x7f5d15ae6500>,28,12,[10  4],29,272,284,243,257
1,<environment.Job instance at 0x7f5ccb5a7960>,6,14,[7 3],7,7,21,0,7
1,<environment.Job instance at 0x7f5d0d09f460>,13,28,[ 5 10],14,139,167,125,139
1,<environment.Job instance at 0x7f5ccb089870>,19,17,[8 3],20,167,184,147,156
1,<environment.Job instance at 0x7f5d16291690>,22,13,[10  5],23,184,197,161,176
1,<environment.Job instance at 0x7f5d0caf33c0>,7,16,[8 3],8,10,26,2,10
1,<environment.Job instance at 0x7f5d15a8f140>,5,26,[2 5],6,11,37,5,11
1,<environment.Job instance at 0x7f5ccb097a50>,9,28,[8 2],10,27,55,17,27
1,<environment.Job instance at 0x7f5ccb4e0550>,28,13,[4 5],29,193,206,164,193
1,<environment.Job instance at 0x7f5ccb4e0690>,31,14,[10  4],32,231,245,199,231
1,<environment.Job instance at 0x7f5d0d014cd0>,9,12,[5 4],10,50,62,40,50
1,<environment.Job instance at 0x7f5d0d0140f0>,5,16,[6 4],6,62,78,56,50
1,<environment.Job instance at 0x7f5d0d014a50>,4,21,[5 4],5,91,112,86,91
1,<environment.Job instance at 0x7f5d0d014a00>,12,14,[8 4],13,112,126,99,100
1,<environment.Job instance at 0x7f5ccb336280>,4,15,[5 5],5,8,23,3,8
1,<environment.Job instance at 0x7f5d15705960>,7,22,[10  1],8,108,130,100,108
1,<environment.Job instance at 0x7f5ccb2e5640>,2,17,[6 5],3,4,21,1,4
1,<environment.Job instance at 0x7f5d15b46b90>,9,18,[2 5],10,39,57,29,39
1,<environment.Job instance at 0x7f5d0cc8ae60>,15,15,[9 4],16,115,130,99,115
1,<environment.Job instance at 0x7f5d16289c80>,16,15,[4 7],17,130,145,113,124
1,<environment.Job instance at 0x7f5d16289410>,17,23,[9 2],18,177,200,159,177
1,<environment.Job instance at 0x7f5ccb4d00f0>,13,18,[4 5],14,121,139,107,121
1,<environment.Job instance at 0x7f5d1595d8c0>,15,13,[4 6],16,166,179,150,166
1,<environment.Job instance at 0x7f5d1595d5a0>,22,28,[9 4],23,210,238,187,210
1,<environment.Job instance at 0x7f5d0cf6e500>,23,25,[8 4],24,256,281,232,256
1,<environment.Job instance at 0x7f5d0cc9fe60>,4,25,[3 5],5,195,220,190,195
1,<environment.Job instance at 0x7f5ccaef0e60>,22,19,[5 5],23,233,252,210,233
1,<environment.Job instance at 0x7f5d1611c6e0>,24,12,[1 9],25,255,267,230,255
1,<environment.Job instance at 0x7f5ccb334e10>,6,24,[5 6],7,11,35,4,11
1,<environment.Job instance at 0x7f5ccb390d20>,13,12,[4 8],14,58,70,44,58
1,<environment.Job instance at 0x7f5ccb3908c0>,22,17,[8 5],23,145,162,122,145
1,<environment.Job instance at 0x7f5ccb390eb0>,23,13,[10  5],24,162,175,138,146
1,<environment.Job instance at 0x7f5ccb3347d0>,7,15,[4 9],8,175,190,167,161
1,<environment.Job instance at 0x7f5ccb52ae10>,6,16,[8 1],7,11,27,4,11
1,<environment.Job instance at 0x7f5d15995c30>,9,18,[5 5],10,36,54,26,36
1,<environment.Job instance at 0x7f5ccb5c7230>,8,17,[4 8],9,67,84,58,67
1,<environment.Job instance at 0x7f5d1564c6e0>,13,28,[4 9],14,94,122,80,94
1,<environment.Job instance at 0x7f5ccb23cd70>,20,24,[9 1],21,164,188,143,164
1,<environment.Job instance at 0x7f5ccaf122d0>,23,15,[3 7],24,188,203,164,177
1,<environment.Job instance at 0x7f5d0cbaad20>,32,17,[10  3],33,224,241,191,224
1,<environment.Job instance at 0x7f5d0cbaaf50>,34,16,[9 2],35,241,257,206,236
1,<environment.Job instance at 0x7fa76e58cdc0>,19,23,[8 4],20,199,222,179,199
1,<environment.Job instance at 0x7fa76e597a00>,3,23,[9 1],4,10,33,6,10
1,<environment.Job instance at 0x7fa773b0aa00>,7,18,[2 6],8,33,51,25,23
1,<environment.Job instance at 0x7fa7739c4a50>,21,23,[5 1],22,185,208,163,185
1,<environment.Job instance at 0x7fa7739c4640>,29,20,[4 9],30,274,294,244,274
1,<environment.Job instance at 0x7fa7739c4640>,2,24,[4 9],3,7,31,4,7
1,<environment.Job instance at 0x7fa72896bb90>,7,16,[1 7],8,43,59,35,43
1,<environment.Job instance at 0x7fa72896ba00>,13,15,[9 5],14,118,133,104,118
1,<environment.Job instance at 0x7fa72896cb40>,5,13,[8 3],6,27,40,21,27
1,<environment.Job instance at 0x7fa72896c230>,8,17,[8 4],9,40,57,31,28
1,<environment.Job instance at 0x7fa72896ccd0>,12,15,[5 8],13,57,72,44,51
1,<environment.Job instance at 0x7fa72896c500>,9,15,[3 6],10,72,87,62,71
1,<environment.Job instance at 0x7fa728c421e0>,16,17,[ 5 10],17,87,104,70,75
1,<environment.Job instance at 0x7fa728c425a0>,15,23,[3 6],16,126,149,110,126
1,<environment.Job instance at 0x7fa728eacfa0>,20,13,[8 4],21,170,183,149,170
1,<environment.Job instance at 0x7fa728d1a4b0>,28,12,[5 8],29,256,268,227,256
1,<environment.Job instance at 0x7fa72893e5f0>,6,21,[ 5 10],7,53,74,46,53
1,<environment.Job instance at 0x7fa728d70370>,10,12,[ 1 10],11,74,86,63,57
1,<environment.Job instance at 0x7fa728d29780>,12,24,[6 4],13,100,124,87,100
1,<environment.Job instance at 0x7fa728d29a50>,15,13,[5 5],16,142,155,126,142
1,<environment.Job instance at 0x7fa728c50a00>,19,28,[5 9],20,214,242,194,214
1,<environment.Job instance at 0x7fa728d29410>,21,20,[5 5],22,242,262,220,235
1,<environment.Job instance at 0x7fa728c8f280>,25,17,[7 4],26,262,279,236,261
1,<environment.Job instance at 0x7fa728797500>,7,14,[8 4],8,16,30,8,16
1,<environment.Job instance at 0x7fa728797550>,5,18,[5 5],6,63,81,57,63
1,<environment.Job instance at 0x7fa728797820>,14,21,[10  3],15,81,102,66,80
1,<environment.Job instance at 0x7fa76ebe9a00>,24,20,[7 5],25,217,237,192,217
1,<environment.Job instance at 0x7fa728a05460>,5,19,[5 7],6,39,58,33,39
1,<environment.Job instance at 0x7fa728a05410>,13,14,[10  3],14,58,72,44,45
1,<environment.Job instance at 0x7fa728e679b0>,19,14,[ 3 10],20,105,119,85,105
1,<environment.Job instance at 0x7fa7289dc6e0>,28,13,[10  1],29,189,202,160,189
1,<environment.Job instance at 0x7fa728e684b0>,30,28,[ 5 10],31,202,230,171,202
1,<environment.Job instance at 0x7fa72893e820>,5,18,[3 7],6,29,47,23,29
1,<environment.Job instance at 0x7fa728816c30>,11,18,[4 9],12,48,66,36,48
1,<environment.Job instance at 0x7fa728816640>,16,16,[8 2],17,75,91,58,75
1,<environment.Job instance at 0x7fa728816050>,19,16,[7 4],20,158,174,138,158
1,<environment.Job instance at 0x7fa728b99690>,22,12,[7 2],23,174,186,151,171
1,<environment.Job instance at 0x7fa728b99960>,25,18,[ 2 10],26,215,233,189,215
1,<environment.Job instance at 0x7fa76f014f00>,24,18,[5 8],25,211,229,186,211
1,<environment.Job instance at 0x7fa76f0140a0>,22,22,[8 3],23,237,259,214,237
1,<environment.Job instance at 0x7fa72893e500>,5,12,[5 5],6,29,41,23,29
1,<environment.Job instance at 0x7fa72893e870>,11,14,[8 3],12,41,55,29,29
1,<environment.Job instance at 0x7fa76eaf6500>,12,13,[10  5],13,55,68,42,39
1,<environment.Job instance at 0x7fa76e3eb140>,22,19,[3 6],23,204,223,181,204
1,<environment.Job instance at 0x7fa728a448c0>,4,14,[4 8],5,29,43,24,29
1,<environment.Job instance at 0x7fa728d057d0>,8,13,[4 5],9,44,57,35,44
1,<environment.Job instance at 0x7fa76e39c5a0>,18,19,[6 5],19,166,185,147,166
1,<environment.Job instance at 0x7fa728a2e230>,21,15,[2 7],22,185,200,163,171
1,<environment.Job instance at 0x7fa728684e10>,27,26,[10  5],28,236,262,208,236
1,<environment.Job instance at 0x7fa76ea0a8c0>,30,26,[4 5],31,262,288,231,260
1,<environment.Job instance at 0x7fa72890a820>,6,22,[10  3],7,33,55,26,33
1,<environment.Job instance at 0x7fa728d130f0>,14,14,[1 6],15,75,89,60,75
1,<environment.Job instance at 0x7fa728c28dc0>,4,18,[6 3],5,77,95,72,77
1,<environment.Job instance at 0x7fa76ea0a8c0>,3,27,[1 7],4,118,145,114,118
1,<environment.Job instance at 0x7fa72889ec80>,24,16,[2 5],25,145,161,120,141
1,<environment.Job instance at 0x7fa76f219cd0>,22,12,[10  4],23,202,214,179,202
1,<environment.Job instance at 0x7fa72889efa0>,28,15,[2 5],29,214,229,185,207
1,<environment.Job instance at 0x7fa7288c06e0>,8,14,[5 7],9,48,62,39,48
1,<environment.Job instance at 0x7fa728e8b690>,12,13,[9 3],13,105,118,92,105
1,<environment.Job instance at 0x7fa7288c00a0>,4,12,[3 7],5,118,130,113,107
1,<environment.Job instance at 0x7fa728e8b5f0>,14,13,[5 5],15,130,143,115,128
1,<environment.Job instance at 0x7fa76ed8f280>,13,12,[3 7],14,117,129,103,117
1,<environment.Job instance at 0x7fa76ed8f690>,19,12,[8 2],20,186,198,166,186
1,<environment.Job instance at 0x7fa76ef6f870>,23,15,[2 7],24,252,267,228,252
1,<environment.Job instance at 0x7fa76e4a6280>,14,14,[3 5],15,168,182,153,168
1,<environment.Job instance at 0x7fa76f2a8f50>,7,12,[1 8],8,43,55,35,43
1,<environment.Job instance at 0x7fa76f2a81e0>,9,13,[8 2],10,62,75,52,62
1,<environment.Job instance at 0x7fa728c3af00>,3,14,[5 5],4,185,199,181,185
1,<environment.Job instance at 0x7fa76f2a8190>,20,28,[2 5],21,219,247,198,219
1,<environment.Job instance at 0x7fa72867a730>,4,17,[5 9],5,62,79,57,62
1,<environment.Job instance at 0x7fa76e497fa0>,20,12,[5 7],21,139,151,118,139
1,<environment.Job instance at 0x7fa76e497550>,22,17,[8 5],23,151,168,128,142
1,<environment.Job instance at 0x7fa728f1f4b0>,15,28,[2 5],16,232,260,216,232
1,<environment.Job instance at 0x7fa76e4cf320>,14,15,[10  3],15,101,116,86,101
1,<environment.Job instance at 0x7fa728c64870>,18,19,[9 2],19,130,149,111,130
1,<environment.Job instance at 0x7fa7289c86e0>,31,12,[1 7],32,260,272,228,260
1,<environment.Job instance at 0x7fa7738c6730>,3,15,[ 4 10],4,9,24,5,9
1,<environment.Job instance at 0x7fa7289c6190>,6,22,[ 4 10],7,24,46,17,23
1,<environment.Job instance at 0x7fa7289c6780>,12,20,[1 5],13,46,66,33,40
1,<environment.Job instance at 0x7fa7289c62d0>,5,18,[1 7],6,71,89,65,71
1,<environment.Job instance at 0x7fa76e5575a0>,20,20,[3 8],21,115,135,94,115
1,<environment.Job instance at 0x7fa728d2a460>,22,12,[5 9],23,155,167,132,155
1,<environment.Job instance at 0x7fa76e476410>,23,23,[9 3],24,167,190,143,164
1,<environment.Job instance at 0x7fa728d2ac80>,24,17,[5 3],25,190,207,165,178
1,<environment.Job instance at 0x7fa728d2ac30>,26,12,[5 7],27,190,202,163,183
1,<environment.Job instance at 0x7fa76e6fa280>,27,25,[3 6],28,207,232,179,207
1,<environment.Job instance at 0x7fa77389e820>,2,22,[5 5],3,10,32,7,10
1,<environment.Job instance at 0x7fa76e93c410>,9,16,[9 4],10,34,50,24,34
1,<environment.Job instance at 0x7fa728eb4d70>,20,15,[8 4],21,188,203,167,188
1,<environment.Job instance at 0x7fa728aff050>,7,12,[ 5 10],8,210,222,202,210
1,<environment.Job instance at 0x7fa76eb90eb0>,22,15,[2 8],23,222,237,199,219
1,<environment.Job instance at 0x7fa76eb90820>,23,17,[2 7],24,237,254,213,233
1,<environment.Job instance at 0x7f5469b7a320>,4,16,[1 9],5,5,21,0,5
1,<environment.Job instance at 0x7f5469b7ad20>,5,19,[ 1 10],6,123,142,117,123
1,<environment.Job instance at 0x7f5469b72a00>,13,12,[1 6],14,142,154,128,132
1,<environment.Job instance at 0x7f5469b72c30>,14,17,[5 1],15,142,159,127,134
1,<environment.Job instance at 0x7f5469b80f50>,16,17,[5 5],17,154,171,137,142
1,<environment.Job instance at 0x7f5469b7a0f0>,6,16,[7 5],7,174,190,167,174
1,<environment.Job instance at 0x7f5469b80b90>,22,18,[7 4],23,203,221,180,203
1,<environment.Job instance at 0x7f5469b80370>,25,21,[10  1],26,228,249,202,228
1,<environment.Job instance at 0x7f541e8f78c0>,6,27,[10  5],7,21,48,14,21
1,<environment.Job instance at 0x7f541e8f79b0>,10,20,[ 2 10],11,48,68,37,42
1,<environment.Job instance at 0x7f541e8ecdc0>,20,23,[1 9],21,138,161,117,138
1,<environment.Job instance at 0x7f541e8ecfa0>,26,15,[8 5],27,219,234,192,219
1,<environment.Job instance at 0x7f541e8ec410>,29,12,[4 8],30,237,249,207,237
1,<environment.Job instance at 0x7f541e8ffd70>,30,19,[4 7],31,264,283,233,264
1,<environment.Job instance at 0x7f541e9b74b0>,4,18,[1 7],5,5,23,0,5
1,<environment.Job instance at 0x7f541e9d33c0>,8,25,[4 5],9,104,129,95,104
1,<environment.Job instance at 0x7f54626076e0>,20,14,[3 7],21,157,171,136,157
1,<environment.Job instance at 0x7f541e9acfa0>,5,13,[5 6],6,62,75,56,62
1,<environment.Job instance at 0x7f541ee6ce60>,2,14,[4 5],3,75,89,72,62
1,<environment.Job instance at 0x7f541e84d190>,15,23,[9 4],16,141,164,125,141
1,<environment.Job instance at 0x7f541e9520a0>,14,13,[5 5],15,127,140,112,127
1,<environment.Job instance at 0x7f5465284500>,18,27,[1 9],19,162,189,143,162
1,<environment.Job instance at 0x7f5465284cd0>,20,14,[9 5],21,189,203,168,183
1,<environment.Job instance at 0x7f5462949960>,8,14,[5 8],9,35,49,26,35
1,<environment.Job instance at 0x7f541ed807d0>,20,12,[2 8],21,221,233,200,221
1,<environment.Job instance at 0x7f541e9acaf0>,6,21,[ 1 10],7,246,267,239,246
1,<environment.Job instance at 0x7f541ed80b90>,24,13,[5 7],25,267,280,242,254
1,<environment.Job instance at 0x7f541ee1a320>,26,14,[4 9],27,280,294,253,275
1,<environment.Job instance at 0x7f54623b55f0>,7,26,[6 3],8,18,44,10,18
1,<environment.Job instance at 0x7f5464db4960>,5,18,[6 4],6,44,62,38,39
1,<environment.Job instance at 0x7f54629b2a50>,18,22,[8 2],19,124,146,105,124
1,<environment.Job instance at 0x7f54629b2960>,22,23,[8 3],23,160,183,137,160
1,<environment.Job instance at 0x7f541e9777d0>,28,27,[10  4],29,208,235,179,208
1,<environment.Job instance at 0x7f541e977b90>,34,22,[5 4],35,253,275,218,253
1,<environment.Job instance at 0x7f541e9fb820>,6,14,[7 3],7,16,30,9,16
1,<environment.Job instance at 0x7f5464cf3d70>,21,14,[8 3],22,198,212,176,198
1,<environment.Job instance at 0x7f5464cf3d20>,22,13,[10  5],23,212,225,189,198
1,<environment.Job instance at 0x7f546259d2d0>,11,14,[10  4],12,82,96,70,82
1,<environment.Job instance at 0x7f546243c0f0>,18,19,[6 5],19,187,206,168,187
1,<environment.Job instance at 0x7f541ecab550>,4,14,[4 8],5,210,224,205,210
1,<environment.Job instance at 0x7f5462572500>,21,15,[2 7],22,224,239,202,214
1,<environment.Job instance at 0x7f5464eb7320>,0,18,[10  1],1,4,22,3,4
1,<environment.Job instance at 0x7f5465125a50>,11,19,[7 3],12,22,41,10,20
1,<environment.Job instance at 0x7f541e952960>,18,15,[2 5],19,109,124,90,109
1,<environment.Job instance at 0x7f541e952e10>,19,14,[3 7],20,124,138,104,111
1,<environment.Job instance at 0x7f5464bf7730>,24,17,[2 9],25,179,196,154,179
1,<environment.Job instance at 0x7f541efafd20>,29,14,[5 1],30,218,232,188,218
1,<environment.Job instance at 0x7f541efaf640>,30,14,[2 8],31,218,232,187,218
1,<environment.Job instance at 0x7f541efa9690>,33,14,[5 2],34,269,283,235,269
1,<environment.Job instance at 0x7f5464f19230>,5,23,[3 6],6,19,42,13,19
1,<environment.Job instance at 0x7f541e939690>,8,16,[10  1],9,42,58,33,40
1,<environment.Job instance at 0x7f541e939190>,7,21,[4 5],8,58,79,50,57
1,<environment.Job instance at 0x7f546257aa50>,15,13,[4 6],16,123,136,107,123
1,<environment.Job instance at 0x7f546257a3c0>,19,17,[10  4],20,173,190,153,173
1,<environment.Job instance at 0x7f546257aaa0>,22,28,[9 4],23,209,237,186,209
1,<environment.Job instance at 0x7f5465129910>,9,17,[1 7],10,31,48,21,31
1,<environment.Job instance at 0x7f541e8a8cd0>,2,28,[10  5],3,82,110,79,82
1,<environment.Job instance at 0x7f54625647d0>,15,18,[9 3],16,110,128,94,105
1,<environment.Job instance at 0x7f54650ed230>,6,17,[10  5],7,128,145,121,125
1,<environment.Job instance at 0x7f5462a27320>,30,17,[10  3],31,223,240,192,223
1,<environment.Job instance at 0x7f541e6c1f00>,4,14,[10  5],5,104,118,99,104
1,<environment.Job instance at 0x7f5462a31eb0>,13,15,[5 5],14,118,133,104,105
1,<environment.Job instance at 0x7f546272aeb0>,6,25,[3 6],7,16,41,9,16
1,<environment.Job instance at 0x7f5465140870>,14,12,[ 4 10],15,94,106,79,94
1,<environment.Job instance at 0x7f5465140e60>,15,13,[3 5],16,111,124,95,111
1,<environment.Job instance at 0x7f54651405a0>,22,21,[5 4],23,138,159,115,138
1,<environment.Job instance at 0x7f54651406e0>,18,16,[10  2],19,159,175,140,146
1,<environment.Job instance at 0x7f541ebd7a00>,26,16,[8 1],27,175,191,148,167
1,<environment.Job instance at 0x7f541ebd7d20>,28,17,[4 8],29,191,208,162,185
1,<environment.Job instance at 0x7f541e6cb5f0>,3,23,[5 1],4,5,28,1,5
1,<environment.Job instance at 0x7f546272af00>,4,18,[5 5],5,8,26,3,8
1,<environment.Job instance at 0x7f546aae9320>,1,28,[10  3],2,28,56,26,28
1,<environment.Job instance at 0x7f5462a316e0>,7,18,[9 2],8,74,92,66,74
1,<environment.Job instance at 0x7f5462860320>,20,17,[2 7],21,180,197,159,180
1,<environment.Job instance at 0x7f5465062870>,24,27,[3 6],25,216,243,191,216
1,<environment.Job instance at 0x7f541e6a0af0>,25,18,[1 7],26,264,282,238,264
1,<environment.Job instance at 0x7f541e8019b0>,28,17,[4 5],29,282,299,253,271
1,<environment.Job instance at 0x7f541e801550>,2,24,[5 5],3,18,42,15,18
1,<environment.Job instance at 0x7f541ec63230>,13,16,[1 9],14,48,64,34,48
1,<environment.Job instance at 0x7f541ec635f0>,17,12,[ 5 10],18,91,103,73,91
1,<environment.Job instance at 0x7f541ec63c30>,19,16,[9 4],20,103,119,83,92
1,<environment.Job instance at 0x7f541ec63370>,22,23,[7 2],23,119,142,96,118
1,<environment.Job instance at 0x7f541e7bba00>,26,25,[6 4],27,171,196,144,171
1,<environment.Job instance at 0x7f541e7bbb90>,28,26,[5 5],29,203,229,174,203
1,<environment.Job instance at 0x7f541e7bb9b0>,32,15,[2 8],33,246,261,213,246
1,<environment.Job instance at 0x7f541e7bbeb0>,33,17,[2 7],34,261,278,227,250
1,<environment.Job instance at 0x7f54626d8b90>,24,18,[5 5],25,215,233,190,215
1,<environment.Job instance at 0x7f5464e0b140>,30,13,[4 7],31,271,284,240,271
1,<environment.Job instance at 0x7f541eb71370>,4,19,[6 2],5,8,27,3,8
1,<environment.Job instance at 0x7f541eeb59b0>,7,20,[5 3],8,32,52,24,32
1,<environment.Job instance at 0x7f541e8eab40>,11,12,[1 9],12,108,120,96,108
1,<environment.Job instance at 0x7f541ec55690>,22,17,[10  5],23,197,214,174,197
1,<environment.Job instance at 0x7f5465280320>,25,14,[8 3],26,214,228,188,213
1,<environment.Job instance at 0x7f541ee11af0>,27,17,[9 4],28,228,245,200,219
1,<environment.Job instance at 0x7f541ee11280>,28,16,[10  4],29,261,277,232,261
1,<environment.Job instance at 0x7f41d6dca410>,4,17,[5 1],5,5,22,0,5
1,<environment.Job instance at 0x7f41d6dbe7d0>,7,26,[5 4],8,8,34,0,8
1,<environment.Job instance at 0x7f41d6dbe690>,12,18,[7 4],13,62,80,49,62
1,<environment.Job instance at 0x7f41d6dbe550>,8,15,[ 4 10],9,80,95,71,66
1,<environment.Job instance at 0x7f41d6dbeb40>,9,20,[4 9],10,108,128,98,108
1,<environment.Job instance at 0x7f41d6dca2d0>,6,17,[5 5],7,128,145,121,127
1,<environment.Job instance at 0x7f41d6dbda50>,20,21,[5 4],21,130,151,109,130
1,<environment.Job instance at 0x7f41d6dbdbe0>,18,26,[1 6],19,145,171,126,145
1,<environment.Job instance at 0x7f41d6dc5230>,23,17,[5 1],24,151,168,127,150
1,<environment.Job instance at 0x7f41d6dc5190>,24,26,[4 7],25,176,202,151,176
1,<environment.Job instance at 0x7f41d6dbecd0>,15,21,[10  1],16,203,224,187,203
1,<environment.Job instance at 0x7f41d6dc5a00>,29,17,[8 2],30,224,241,194,212
1,<environment.Job instance at 0x7f41d6dc55f0>,31,13,[1 8],32,243,256,211,243
1,<environment.Job instance at 0x7f418baf99b0>,6,15,[8 5],7,7,22,0,7
1,<environment.Job instance at 0x7f418baf9e60>,9,12,[4 8],10,40,52,30,40
1,<environment.Job instance at 0x7f418baf96e0>,10,19,[4 7],11,52,71,41,42
1,<environment.Job instance at 0x7f418baf9b90>,13,19,[ 5 10],14,71,90,57,68
1,<environment.Job instance at 0x7f418baf9f50>,14,22,[ 4 10],15,90,112,75,84
1,<environment.Job instance at 0x7f418baf9c30>,16,13,[4 8],17,112,125,95,100
1,<environment.Job instance at 0x7f418baf9a50>,20,13,[2 7],21,125,138,104,109
1,<environment.Job instance at 0x7f41d6dc3b40>,2,25,[4 8],3,192,217,189,192
1,<environment.Job instance at 0x7f418bafe730>,32,13,[3 5],33,262,275,229,262
1,<environment.Job instance at 0x7f418bafef00>,33,16,[5 8],34,275,291,241,262
1,<environment.Job instance at 0x7f418bc27dc0>,16,28,[5 6],17,149,177,132,149
1,<environment.Job instance at 0x7f418c0134b0>,9,12,[4 6],10,51,63,41,51
1,<environment.Job instance at 0x7f418bfb14b0>,15,18,[5 5],16,125,143,109,125
1,<environment.Job instance at 0x7f418bfb1b90>,16,15,[2 6],17,143,158,126,140
1,<environment.Job instance at 0x7f418bfa2aa0>,20,15,[5 2],21,185,200,164,185
1,<environment.Job instance at 0x7f41d1ca8af0>,22,13,[10  4],23,200,213,177,194
1,<environment.Job instance at 0x7f41d1ca8f50>,27,15,[ 4 10],28,232,247,204,232
1,<environment.Job instance at 0x7f418ba54910>,3,14,[10  3],4,4,18,0,4
1,<environment.Job instance at 0x7f418bfebd70>,4,18,[4 7],5,18,36,13,10
1,<environment.Job instance at 0x7f41d1cdc550>,13,18,[4 9],14,36,54,22,28
1,<environment.Job instance at 0x7f418ba54aa0>,9,14,[ 3 10],10,63,77,53,63
1,<environment.Job instance at 0x7f418bee3550>,18,13,[10  1],19,86,99,67,86
1,<environment.Job instance at 0x7f418bee3230>,20,28,[ 5 10],21,149,177,128,149
1,<environment.Job instance at 0x7f418bee38c0>,29,14,[1 7],30,266,280,236,266
1,<environment.Job instance at 0x7f41d1dc75a0>,3,12,[9 1],4,7,19,3,7
1,<environment.Job instance at 0x7f418bc7e2d0>,5,17,[10  1],6,19,36,13,10
1,<environment.Job instance at 0x7f41d190e7d0>,12,16,[5 4],13,80,96,67,80
1,<environment.Job instance at 0x7f41d18f0640>,16,17,[3 5],17,129,146,112,129
1,<environment.Job instance at 0x7f41d1f36780>,4,13,[4 5],5,5,18,0,5
1,<environment.Job instance at 0x7f41d18c1460>,7,17,[8 3],8,21,38,13,21
1,<environment.Job instance at 0x7f41d1a4c960>,9,18,[2 7],10,66,84,56,66
1,<environment.Job instance at 0x7f41d196aa50>,18,14,[5 2],19,146,160,127,146
1,<environment.Job instance at 0x7f41d196ab40>,21,15,[6 3],22,190,205,168,190
1,<environment.Job instance at 0x7f418bc51550>,6,16,[1 8],7,10,26,3,10
1,<environment.Job instance at 0x7f418be96640>,10,23,[4 9],11,26,49,15,22
1,<environment.Job instance at 0x7f41d1cf0f50>,24,14,[4 8],25,162,176,137,162
1,<environment.Job instance at 0x7f41d17f2c80>,34,27,[1 9],35,257,284,222,257
1,<environment.Job instance at 0x7f41d1f8e4b0>,8,13,[2 7],9,18,31,9,18
1,<environment.Job instance at 0x7f41d1f8ef50>,10,18,[10  1],11,35,53,24,35
1,<environment.Job instance at 0x7f418c168870>,19,14,[6 1],20,97,111,77,97
1,<environment.Job instance at 0x7f41d21b6370>,21,19,[7 3],22,111,130,89,107
1,<environment.Job instance at 0x7f418bf6f1e0>,29,14,[3 7],30,196,210,166,196
1,<environment.Job instance at 0x7f41d239a230>,8,16,[10  1],9,24,40,15,24
1,<environment.Job instance at 0x7f418c0656e0>,14,23,[10  5],15,103,126,88,103
1,<environment.Job instance at 0x7f418c0655a0>,16,22,[7 2],17,128,150,111,128
1,<environment.Job instance at 0x7f418beb44b0>,22,17,[6 5],23,188,205,165,188
1,<environment.Job instance at 0x7f418bf38e60>,24,22,[8 3],25,205,227,180,202
1,<environment.Job instance at 0x7f418c1ccc30>,5,13,[4 6],6,8,21,2,8
1,<environment.Job instance at 0x7f418c1cca50>,9,17,[10  4],10,21,38,11,19
1,<environment.Job instance at 0x7f41d1baef50>,10,17,[10  3],11,79,96,68,79
1,<environment.Job instance at 0x7f418bd353c0>,15,16,[4 8],16,99,115,83,99
1,<environment.Job instance at 0x7f418c062410>,6,25,[8 2],7,16,41,9,16
1,<environment.Job instance at 0x7f418c0c7640>,10,21,[8 3],11,41,62,30,34
1,<environment.Job instance at 0x7f41d2290a00>,33,13,[10  5],34,230,243,196,230
1,<environment.Job instance at 0x7f41d228f5f0>,35,16,[5 8],36,243,259,207,238
1,<environment.Job instance at 0x7f418b90ed70>,12,17,[10  3],13,44,61,31,44
1,<environment.Job instance at 0x7f418bf01730>,20,22,[3 9],21,116,138,95,116
1,<environment.Job instance at 0x7f41d1ed7fa0>,21,12,[1 7],22,176,188,154,176
1,<environment.Job instance at 0x7f41d2046140>,1,15,[1 6],2,42,57,40,42
1,<environment.Job instance at 0x7f418b8c7a50>,15,14,[7 1],16,239,253,223,239
1,<environment.Job instance at 0x7f418b8c7370>,18,17,[5 5],19,274,291,255,274
1,<environment.Job instance at 0x7f418b8c75a0>,19,16,[5 5],20,274,290,254,274
1,<environment.Job instance at 0x7f41d2046050>,3,22,[1 7],4,15,37,11,15
1,<environment.Job instance at 0x7f418b8b4c30>,9,18,[4 9],10,57,75,47,57
1,<environment.Job instance at 0x7f418b82fe60>,11,22,[1 9],12,96,118,84,96
1,<environment.Job instance at 0x7f418b82fbe0>,13,12,[10  4],14,118,130,104,106
1,<environment.Job instance at 0x7f41d6c39550>,6,18,[3 8],7,15,33,8,15
1,<environment.Job instance at 0x7f41d1cc7c80>,10,15,[5 6],11,36,51,25,36
1,<environment.Job instance at 0x7f418bd41190>,11,12,[7 5],12,80,92,68,80
1,<environment.Job instance at 0x7f418bd41c80>,14,16,[10  5],15,125,141,110,125
1,<environment.Job instance at 0x7f418bd41b40>,17,15,[10  3],18,141,156,123,127
1,<environment.Job instance at 0x7f418ba37f50>,31,18,[ 1 10],32,238,256,206,238
1,<environment.Job instance at 0x7f418bc032d0>,15,12,[7 2],16,108,120,92,108
1,<environment.Job instance at 0x7f418bc03280>,14,17,[3 7],15,160,177,145,160
1,<environment.Job instance at 0x7f8c53f015f0>,5,21,[10  1],6,43,64,37,43
1,<environment.Job instance at 0x7f8c53ef9f50>,10,21,[5 4],11,74,95,63,74
1,<environment.Job instance at 0x7f8c4c987280>,2,18,[7 4],3,95,113,92,84
1,<environment.Job instance at 0x7f8c53dbbc30>,18,14,[6 5],19,125,139,106,125
1,<environment.Job instance at 0x7f8c53dbb7d0>,19,17,[8 2],20,139,156,119,127
1,<environment.Job instance at 0x7f8c53dbb2d0>,21,13,[1 8],22,139,152,117,139
1,<environment.Job instance at 0x7f8c53dbbc80>,20,24,[6 5],21,190,214,169,190
1,<environment.Job instance at 0x7f8c53dbbe10>,28,13,[10  5],29,214,227,185,205
1,<environment.Job instance at 0x7f8c08cbd8c0>,5,13,[9 2],6,25,38,19,25
1,<environment.Job instance at 0x7f8c08cbdaf0>,12,13,[3 5],13,63,76,50,63
1,<environment.Job instance at 0x7f8c08cbd280>,13,16,[5 8],14,76,92,62,75
1,<environment.Job instance at 0x7f8c08d844b0>,27,17,[10  4],28,236,253,208,236
1,<environment.Job instance at 0x7f8c08d37d20>,10,12,[ 1 10],11,55,67,44,55
1,<environment.Job instance at 0x7f8c08d37460>,9,22,[2 5],10,128,150,118,128
1,<environment.Job instance at 0x7f8c08d8b960>,25,17,[7 4],26,231,248,205,231
1,<environment.Job instance at 0x7f8c08c21320>,15,16,[1 9],16,136,152,120,136
1,<environment.Job instance at 0x7f8c0925d370>,22,17,[5 5],23,240,257,217,240
1,<environment.Job instance at 0x7f8c08c21af0>,6,21,[ 1 10],7,15,36,8,15
1,<environment.Job instance at 0x7f8c08c217d0>,8,14,[5 8],9,36,50,27,36
1,<environment.Job instance at 0x7f8c4ce86f00>,16,15,[6 1],17,143,158,126,143
1,<environment.Job instance at 0x7f8c4ce86dc0>,20,12,[2 8],21,197,209,176,197
1,<environment.Job instance at 0x7f8c4ce86370>,24,13,[5 7],25,241,254,216,241
1,<environment.Job instance at 0x7f8c08c21e10>,4,14,[8 4],5,254,268,249,242
1,<environment.Job instance at 0x7f8c4cc53e60>,14,22,[5 4],15,116,138,101,116
1,<environment.Job instance at 0x7f8c4ca09410>,28,12,[10  4],29,273,285,244,273
1,<environment.Job instance at 0x7f8c0925d780>,6,20,[2 9],7,26,46,19,26
1,<environment.Job instance at 0x7f8c533ba2d0>,8,24,[4 6],9,46,70,37,41
1,<environment.Job instance at 0x7f8c4ca6e550>,20,16,[6 3],21,251,267,230,251
1,<environment.Job instance at 0x7f8c5322b9b0>,4,21,[5 4],5,6,27,1,6
1,<environment.Job instance at 0x7f8c0914f8c0>,9,12,[5 4],10,28,40,18,28
1,<environment.Job instance at 0x7f8c5322b370>,5,16,[6 4],6,40,56,34,28
1,<environment.Job instance at 0x7f8c4c759b90>,16,16,[7 5],17,85,101,68,85
1,<environment.Job instance at 0x7f8c08e590f0>,20,15,[9 1],21,112,127,91,112
1,<environment.Job instance at 0x7f8c5336e0a0>,23,24,[9 1],24,127,151,103,123
1,<environment.Job instance at 0x7f8c534e3140>,8,14,[5 7],9,32,46,23,32
1,<environment.Job instance at 0x7f8c4cbbe5f0>,12,13,[9 3],13,71,84,58,71
1,<environment.Job instance at 0x7f8c4cbbe460>,14,13,[5 5],15,116,129,101,116
1,<environment.Job instance at 0x7f8c537267d0>,17,20,[4 9],18,129,149,111,128
1,<environment.Job instance at 0x7f8c538e9eb0>,15,13,[4 6],16,148,161,132,148
1,<environment.Job instance at 0x7f8c08e8d500>,9,14,[4 9],10,83,97,73,83
1,<environment.Job instance at 0x7f8c08e8d550>,10,17,[10  3],11,106,123,95,106
1,<environment.Job instance at 0x7f8c08e8d190>,12,18,[9 2],13,125,143,112,125
1,<environment.Job instance at 0x7f8c09021b90>,15,16,[4 8],16,143,159,127,139
1,<environment.Job instance at 0x7f8c536cc820>,4,17,[5 9],5,8,25,3,8
1,<environment.Job instance at 0x7f8c08ca8e60>,6,24,[5 6],7,29,53,22,29
1,<environment.Job instance at 0x7f8c536fbe60>,12,17,[6 3],13,53,70,40,41
1,<environment.Job instance at 0x7f8c536fb640>,13,12,[4 8],14,70,82,56,53
1,<environment.Job instance at 0x7f8c08fc4c30>,5,18,[6 1],6,126,144,120,126
1,<environment.Job instance at 0x7f8c536fbc80>,15,28,[2 5],16,132,160,116,132
1,<environment.Job instance at 0x7f8c536fb0a0>,20,12,[5 7],21,160,172,139,143
1,<environment.Job instance at 0x7f8c536fba50>,27,12,[3 5],28,172,184,144,164
1,<environment.Job instance at 0x7f8c5319eb40>,33,12,[5 5],34,232,244,198,232
1,<environment.Job instance at 0x7f8c5319e140>,34,16,[4 6],35,244,260,209,232
1,<environment.Job instance at 0x7f8c08e5eaa0>,10,15,[2 5],11,46,61,35,46
1,<environment.Job instance at 0x7f8c5326ef00>,21,16,[6 1],22,231,247,209,231
1,<environment.Job instance at 0x7f8c4cda7be0>,22,12,[7 4],23,247,259,224,231
1,<environment.Job instance at 0x7f8c4cda73c0>,24,13,[1 7],25,231,244,206,231
1,<environment.Job instance at 0x7f8c091f6af0>,28,18,[4 5],29,265,283,236,265
1,<environment.Job instance at 0x7f8c08f41050>,6,18,[7 4],7,11,29,4,11
1,<environment.Job instance at 0x7f8c53270d20>,12,14,[3 7],13,68,82,55,68
1,<environment.Job instance at 0x7f8c08f41140>,4,21,[8 2],5,82,103,77,81
1,<environment.Job instance at 0x7f8c5326b0f0>,18,18,[10  2],19,106,124,87,106
1,<environment.Job instance at 0x7f8c4c9ece10>,7,17,[4 8],8,16,33,8,16
1,<environment.Job instance at 0x7f8c08ddc780>,22,24,[5 3],23,172,196,149,172
1,<environment.Job instance at 0x7f8c08e18c80>,30,13,[4 7],31,240,253,209,240
1,<environment.Job instance at 0x7f8c08988640>,7,17,[9 4],8,14,31,6,14
1,<environment.Job instance at 0x7f8c08964140>,5,14,[8 3],6,41,55,35,41
1,<environment.Job instance at 0x7f8c08ddc4b0>,13,19,[ 5 10],14,94,113,80,94
1,<environment.Job instance at 0x7f8c0906abe0>,25,15,[9 3],26,229,244,203,229
1,<environment.Job instance at 0x7f8c0906a6e0>,31,16,[7 5],32,267,283,235,267
1,<environment.Job instance at 0x7f8c0906ea00>,8,17,[9 1],9,36,53,27,36
1,<environment.Job instance at 0x7f8c08e43690>,4,16,[4 9],5,76,92,71,76
1,<environment.Job instance at 0x7f8c53992690>,16,18,[5 9],17,94,112,77,94
1,<environment.Job instance at 0x7f8c08c97a00>,17,14,[9 2],18,112,126,94,97
1,<environment.Job instance at 0x7f8c53205a00>,21,13,[8 4],22,132,145,110,132
1,<environment.Job instance at 0x7f8c08994550>,23,18,[1 6],24,132,150,108,132
1,<environment.Job instance at 0x7f8c4caef6e0>,5,12,[4 5],6,7,19,1,7
1,<environment.Job instance at 0x7f8c4caef320>,6,23,[9 3],7,19,42,12,13
1,<environment.Job instance at 0x7f8c536d7f00>,10,21,[1 5],11,73,94,62,73
1,<environment.Job instance at 0x7f8c08957d20>,24,22,[7 3],25,125,147,100,125
1,<environment.Job instance at 0x7f8c089575f0>,30,14,[4 9],31,160,174,129,160
1,<environment.Job instance at 0x7f8c089575a0>,31,14,[2 9],32,174,188,142,160
1,<environment.Job instance at 0x7f8c0919caf0>,38,19,[6 2],39,256,275,217,256
1,<environment.Job instance at 0x7f8c5339e410>,8,26,[10  5],9,9,35,0,9
1,<environment.Job instance at 0x7f8c08c3df50>,11,23,[8 3],12,37,60,25,37
1,<environment.Job instance at 0x7f8c089e8a00>,13,14,[3 8],14,60,74,46,45
1,<environment.Job instance at 0x7f8c08c3daa0>,12,19,[10  5],13,78,97,65,78
1,<environment.Job instance at 0x7f8c08de2960>,19,14,[ 2 10],20,108,122,88,108
1,<environment.Job instance at 0x7f8c536da7d0>,3,25,[5 3],4,180,205,176,180
1,<environment.Job instance at 0x7f8c08dc1050>,26,15,[2 6],27,189,204,162,189
1,<environment.Job instance at 0x7f8c09258b90>,29,12,[9 4],30,205,217,175,198
1,<environment.Job instance at 0x7f8c092585f0>,32,14,[5 9],33,223,237,190,223
1,<environment.Job instance at 0x7f8c09258fa0>,30,17,[4 6],31,265,282,234,265
1,<environment.Job instance at 0x7f172231c780>,13,13,[10  3],14,97,110,83,97
1,<environment.Job instance at 0x7f172789aa50>,6,12,[5 4],7,26,38,19,26
1,<environment.Job instance at 0x7f1727892c30>,8,14,[6 5],9,41,55,32,41
1,<environment.Job instance at 0x7f17277573c0>,11,13,[1 8],12,60,73,48,60
1,<environment.Job instance at 0x7f172789a8c0>,3,17,[5 1],4,152,169,148,152
1,<environment.Job instance at 0x7f1727754e60>,26,15,[ 2 10],27,233,248,206,233
1,<environment.Job instance at 0x7f1727754230>,4,27,[1 5],5,19,46,14,19
1,<environment.Job instance at 0x7f16dc62db90>,7,17,[10  4],8,46,63,38,35
1,<environment.Job instance at 0x7f16dc62dfa0>,11,16,[6 3],12,63,79,51,60
1,<environment.Job instance at 0x7f16dc62d6e0>,15,13,[8 3],16,111,124,95,111
1,<environment.Job instance at 0x7f16dc62de60>,21,26,[2 8],22,149,175,127,149
1,<environment.Job instance at 0x7f16dc62de10>,22,15,[5 8],23,175,190,152,171
1,<environment.Job instance at 0x7f16dc69e370>,29,27,[9 5],30,226,253,196,226
1,<environment.Job instance at 0x7f16dc62d0f0>,26,17,[ 5 10],27,253,270,226,241
1,<environment.Job instance at 0x7f17221af460>,7,24,[2 7],8,21,45,13,21
1,<environment.Job instance at 0x7f16dc647c30>,3,25,[8 3],4,21,46,17,21
1,<environment.Job instance at 0x7f16dca8b960>,12,14,[4 5],13,46,60,33,39
1,<environment.Job instance at 0x7f16dc62d3c0>,6,21,[8 4],7,42,63,35,42
1,<environment.Job instance at 0x7f16dc61db40>,4,25,[ 4 10],5,70,95,65,70
1,<environment.Job instance at 0x7f16dcc54aa0>,15,15,[1 6],16,95,110,79,89
1,<environment.Job instance at 0x7f16dcc546e0>,17,16,[ 2 10],18,110,126,92,97
1,<environment.Job instance at 0x7f16dc610820>,5,26,[7 1],6,126,152,120,123
1,<environment.Job instance at 0x7f16dc6fd910>,3,19,[7 5],4,161,180,157,161
1,<environment.Job instance at 0x7f16dca0c8c0>,25,19,[5 7],26,194,213,168,194
1,<environment.Job instance at 0x7f16dca0ca50>,30,15,[2 7],31,234,249,203,234
1,<environment.Job instance at 0x7f16dca0caf0>,31,16,[6 1],32,234,250,202,234
1,<environment.Job instance at 0x7f16dca0cc30>,33,14,[10  3],34,251,265,217,251
1,<environment.Job instance at 0x7f16dc6f4410>,2,12,[7 2],3,80,92,77,80
1,<environment.Job instance at 0x7f1724e2b3c0>,13,12,[9 1],14,92,104,78,80
1,<environment.Job instance at 0x7f1724e2bdc0>,15,17,[10  1],16,126,143,110,126
1,<environment.Job instance at 0x7f1724e2b460>,20,25,[6 2],21,169,194,148,169
1,<environment.Job instance at 0x7f16dc6106e0>,4,16,[1 6],5,6,22,1,6
1,<environment.Job instance at 0x7f1724bb1370>,12,16,[9 3],13,78,94,65,78
1,<environment.Job instance at 0x7f16dc77bdc0>,24,27,[8 5],25,276,303,251,276
1,<environment.Job instance at 0x7f1722301c80>,11,15,[2 7],12,57,72,45,57
1,<environment.Job instance at 0x7f16dc854730>,26,12,[9 5],27,221,233,194,221
1,<environment.Job instance at 0x7f16dc851320>,32,12,[5 2],33,260,272,227,260
1,<environment.Job instance at 0x7f16dc6f4cd0>,4,15,[5 5],5,40,55,35,40
1,<environment.Job instance at 0x7f1722265f50>,14,18,[9 1],15,113,131,98,113
1,<environment.Job instance at 0x7f17222657d0>,16,14,[5 7],17,132,146,115,132
1,<environment.Job instance at 0x7f1722265f00>,17,12,[3 8],18,146,158,128,132
1,<environment.Job instance at 0x7f16dc6f45a0>,7,15,[10  5],8,15,30,7,15
1,<environment.Job instance at 0x7f17224c84b0>,12,16,[1 8],13,90,106,77,90
1,<environment.Job instance at 0x7f17224c8500>,13,12,[3 7],14,106,118,92,90
1,<environment.Job instance at 0x7f16dcc422d0>,19,12,[8 2],20,179,191,159,179
1,<environment.Job instance at 0x7f1724dc7910>,6,17,[10  5],7,26,43,19,26
1,<environment.Job instance at 0x7f172233ccd0>,3,25,[8 4],4,84,109,80,84
1,<environment.Job instance at 0x7f172259be60>,15,18,[9 3],16,109,127,93,104
1,<environment.Job instance at 0x7f17227ba190>,18,17,[3 5],19,127,144,108,115
1,<environment.Job instance at 0x7f17222c0870>,4,21,[6 3],5,215,236,210,215
1,<environment.Job instance at 0x7f17227b7690>,29,14,[4 9],30,250,264,220,250
1,<environment.Job instance at 0x7f17227b7730>,30,17,[10  3],31,264,281,233,252
1,<environment.Job instance at 0x7f17227b79b0>,32,18,[9 2],33,281,299,248,270
1,<environment.Job instance at 0x7f17250019b0>,14,17,[5 9],15,116,133,101,116
1,<environment.Job instance at 0x7f16dc8be2d0>,7,20,[4 9],8,136,156,128,136
1,<environment.Job instance at 0x7f17224d07d0>,20,12,[5 9],21,156,168,135,141
1,<environment.Job instance at 0x7f17224d0190>,10,15,[2 5],11,33,48,22,33
1,<environment.Job instance at 0x7f1724e461e0>,21,16,[6 1],22,248,264,226,248
1,<environment.Job instance at 0x7f16dcb99640>,7,19,[6 2],8,9,28,1,9
1,<environment.Job instance at 0x7f16dc9c0550>,5,12,[8 5],6,28,40,22,13
1,<environment.Job instance at 0x7f1722478370>,15,22,[5 1],16,117,139,101,117
1,<environment.Job instance at 0x7f16dc864960>,23,16,[1 9],24,230,246,206,230
1,<environment.Job instance at 0x7f16dcbfe5f0>,26,12,[9 1],27,258,270,231,258
1,<environment.Job instance at 0x7f16dcb491e0>,27,12,[ 5 10],28,270,282,242,263
1,<environment.Job instance at 0x7f16dc898460>,7,16,[5 6],8,24,40,16,24
1,<environment.Job instance at 0x7f16dc642aa0>,10,13,[4 7],11,40,53,29,37
1,<environment.Job instance at 0x7f172772b0a0>,13,15,[5 5],14,89,104,75,89
1,<environment.Job instance at 0x7f16dccc7f00>,16,14,[5 8],17,104,118,87,101
1,<environment.Job instance at 0x7f1724c2a4b0>,4,18,[5 5],5,118,136,113,115
1,<environment.Job instance at 0x7f16dc5b7690>,22,13,[6 3],23,155,168,132,155
1,<environment.Job instance at 0x7f16dc923d70>,27,18,[1 8],28,198,216,170,198
1,<environment.Job instance at 0x7f1722355fa0>,29,19,[3 9],30,217,236,187,217
1,<environment.Job instance at 0x7f17227ae280>,31,12,[5 4],32,236,248,204,223
1,<environment.Job instance at 0x7f16dca31690>,19,23,[7 5],20,257,280,237,257
1,<environment.Job instance at 0x7f172242c410>,5,23,[5 7],6,13,36,7,13
1,<environment.Job instance at 0x7f1724cb88c0>,9,14,[3 7],10,36,50,26,24
1,<environment.Job instance at 0x7f1722355730>,3,27,[1 8],4,65,92,61,65
1,<environment.Job instance at 0x7f16dc30e370>,18,17,[3 5],19,104,121,85,104
1,<environment.Job instance at 0x7f16dc30e2d0>,21,21,[6 2],22,141,162,119,141
1,<environment.Job instance at 0x7f16dc30e410>,23,24,[3 6],24,160,184,136,160
1,<environment.Job instance at 0x7f16dc30e690>,27,23,[10  1],28,208,231,180,208
1,<environment.Job instance at 0x7f16dcb99c80>,5,28,[6 4],6,51,79,45,51
1,<environment.Job instance at 0x7f16dc3045a0>,13,14,[1 7],14,92,106,78,92
1,<environment.Job instance at 0x7f16dcbb6d20>,14,14,[7 4],15,106,120,91,93
1,<environment.Job instance at 0x7f17220d7b40>,16,13,[2 7],17,120,133,103,105
1,<environment.Job instance at 0x7f16dccca820>,23,16,[3 8],24,190,206,166,190
1,<environment.Job instance at 0x7f16dccb5be0>,24,17,[3 7],25,206,223,181,194
1,<environment.Job instance at 0x7f16dccb5960>,25,12,[7 2],26,194,206,168,194
1,<environment.Job instance at 0x7f16dccb5a00>,26,26,[5 5],27,224,250,197,224
1,<environment.Job instance at 0x7f16dc519a50>,20,12,[8 5],21,233,245,212,233
1,<environment.Job instance at 0x7f16dc519e60>,23,13,[7 4],24,280,293,256,280
1,<environment.Job instance at 0x7f16dc4bfaa0>,10,23,[ 3 10],11,191,214,180,191
1,<environment.Job instance at 0x7f17224506e0>,24,20,[6 3],25,221,241,196,221
1,<environment.Job instance at 0x7f1722450af0>,25,18,[8 1],26,241,259,215,230
1,<environment.Job instance at 0x7f1722450d20>,26,12,[5 2],27,259,271,232,242
1,<environment.Job instance at 0x7f1722450730>,28,15,[9 1],29,271,286,242,258
1,<environment.Job instance at 0x7f17224501e0>,30,13,[9 1],31,286,299,255,271
1,<environment.Job instance at 0x7f16dc5c1780>,4,18,[8 5],5,5,23,0,5
1,<environment.Job instance at 0x7f16dc5c1d70>,6,26,[1 5],7,12,38,5,12
1,<environment.Job instance at 0x7f17224448c0>,8,13,[1 5],9,23,36,14,12
1,<environment.Job instance at 0x7f1722444460>,9,15,[6 4],10,36,51,26,25
1,<environment.Job instance at 0x7f1722444fa0>,16,18,[5 7],17,85,103,68,85
1,<environment.Job instance at 0x7f1722698280>,19,23,[3 6],20,135,158,115,135
1,<environment.Job instance at 0x7f16dc5439b0>,24,15,[1 8],25,194,209,169,194
1,<environment.Job instance at 0x7fc72ca5caf0>,4,24,[7 2],5,5,29,0,5
1,<environment.Job instance at 0x7fc7255fa410>,7,26,[9 3],8,31,57,23,31
1,<environment.Job instance at 0x7fc7255fa690>,10,15,[5 1],11,59,74,48,59
1,<environment.Job instance at 0x7fc72ca326e0>,8,13,[10  5],9,22,35,13,22
1,<environment.Job instance at 0x7fc72ca32870>,12,12,[1 5],13,68,80,55,68
1,<environment.Job instance at 0x7fc72cb78050>,24,22,[3 8],25,197,219,172,197
1,<environment.Job instance at 0x7fc72cb7d7d0>,28,14,[6 3],29,260,274,231,260
1,<environment.Job instance at 0x7fc6e18cc410>,5,23,[3 6],6,7,30,1,7
1,<environment.Job instance at 0x7fc6e18c8b40>,10,13,[8 4],11,30,43,19,25
1,<environment.Job instance at 0x7fc72ca32910>,1,26,[2 8],2,70,96,68,70
1,<environment.Job instance at 0x7fc6e193a410>,19,13,[5 1],20,138,151,118,138
1,<environment.Job instance at 0x7fc6e19fdf50>,9,13,[6 2],10,46,59,36,46
1,<environment.Job instance at 0x7fc6e1889b90>,12,20,[10  2],13,74,94,61,74
1,<environment.Job instance at 0x7fc6e1889690>,14,15,[2 6],15,94,109,79,92
1,<environment.Job instance at 0x7fc6e1889640>,15,17,[10  4],16,109,126,93,97
1,<environment.Job instance at 0x7fc6e1889550>,19,25,[6 4],20,126,151,106,124
1,<environment.Job instance at 0x7fc6e1889780>,27,15,[4 9],28,222,237,194,222
1,<environment.Job instance at 0x7fc6e1946410>,3,18,[4 9],4,7,25,3,7
1,<environment.Job instance at 0x7fc6e19db5f0>,8,13,[10  1],9,50,63,41,50
1,<environment.Job instance at 0x7fc6e1d9dcd0>,14,18,[ 1 10],15,95,113,80,95
1,<environment.Job instance at 0x7fc727c630f0>,7,26,[6 3],8,16,42,8,16
1,<environment.Job instance at 0x7fc727c63550>,5,18,[6 4],6,42,60,36,38
1,<environment.Job instance at 0x7fc6e1c5a320>,14,19,[1 6],15,83,102,68,83
1,<environment.Job instance at 0x7fc6e1c5adc0>,19,13,[5 8],20,152,165,132,152
1,<environment.Job instance at 0x7fc6e1c5a370>,21,17,[2 7],22,165,182,143,153
1,<environment.Job instance at 0x7fc6e1c5a0f0>,28,27,[10  4],29,259,286,230,259
1,<environment.Job instance at 0x7fc7259d5280>,12,24,[8 5],13,109,133,96,109
1,<environment.Job instance at 0x7fc72545c820>,5,23,[ 3 10],6,6,29,0,6
1,<environment.Job instance at 0x7fc727db2a50>,2,18,[8 1],3,29,47,26,20
1,<environment.Job instance at 0x7fc72575dcd0>,7,23,[9 5],8,69,92,61,69
1,<environment.Job instance at 0x7fc727eba550>,20,18,[10  1],21,123,141,102,123
1,<environment.Job instance at 0x7fc6e17d7c30>,32,12,[10  4],33,228,240,195,228
1,<environment.Job instance at 0x7fc6e1fa1870>,13,26,[3 8],14,118,144,104,118
1,<environment.Job instance at 0x7fc6e18fee60>,16,15,[4 7],17,144,159,127,130
1,<environment.Job instance at 0x7fc6e18fe0a0>,15,15,[9 4],16,200,215,184,200
1,<environment.Job instance at 0x7fc6e1bcaaa0>,20,18,[5 5],21,253,271,232,253
1,<environment.Job instance at 0x7fc7257adeb0>,4,23,[6 1],5,5,28,0,5
1,<environment.Job instance at 0x7fc6e1eb3b90>,13,27,[7 5],14,116,143,102,116
1,<environment.Job instance at 0x7fc6e1ea4c30>,20,23,[5 5],21,173,196,152,173
1,<environment.Job instance at 0x7fc6e1ea40f0>,23,13,[7 3],24,212,225,188,212
1,<environment.Job instance at 0x7fc6e1e40a50>,7,19,[1 8],8,22,41,14,22
1,<environment.Job instance at 0x7fc6e1bcfc30>,11,14,[5 1],12,67,81,55,67
1,<environment.Job instance at 0x7fc6e19d15a0>,12,17,[5 5],13,68,85,55,68
1,<environment.Job instance at 0x7fc72561e730>,4,14,[10  5],5,226,240,221,226
1,<environment.Job instance at 0x7fc7258d0cd0>,28,26,[7 2],29,240,266,211,240
1,<environment.Job instance at 0x7fc6e1aa3a50>,20,22,[3 9],21,109,131,88,109
1,<environment.Job instance at 0x7fc725454730>,24,23,[9 5],25,178,201,153,178
1,<environment.Job instance at 0x7fc725454500>,28,24,[7 4],29,253,277,224,253
1,<environment.Job instance at 0x7fc725454b90>,30,15,[2 5],31,265,280,234,265
1,<environment.Job instance at 0x7fc7258b3870>,3,18,[7 1],4,6,24,2,6
1,<environment.Job instance at 0x7fc72809d2d0>,12,14,[3 7],13,54,68,41,54
1,<environment.Job instance at 0x7fc72809d780>,17,19,[6 2],18,74,93,56,74
1,<environment.Job instance at 0x7fc72809d0a0>,18,18,[10  2],19,93,111,74,88
1,<environment.Job instance at 0x7fc6e16b1fa0>,4,21,[8 2],5,118,139,113,118
1,<environment.Job instance at 0x7fc727bc5a00>,4,18,[5 5],5,9,27,4,9
1,<environment.Job instance at 0x7fc7280f46e0>,7,16,[5 6],8,27,43,19,15
1,<environment.Job instance at 0x7fc6e18630f0>,10,13,[4 7],11,43,56,32,36
1,<environment.Job instance at 0x7fc725a92140>,15,18,[ 3 10],16,105,123,89,105
1,<environment.Job instance at 0x7fc6e1b92e10>,16,14,[5 8],17,123,137,106,108
1,<environment.Job instance at 0x7fc7280c41e0>,21,23,[1 5],22,157,180,135,157
1,<environment.Job instance at 0x7fc727c46550>,8,17,[3 5],9,33,50,24,33
1,<environment.Job instance at 0x7fc728049550>,16,12,[ 3 10],17,134,146,117,134
1,<environment.Job instance at 0x7fc728049870>,18,12,[8 1],19,154,166,135,154
1,<environment.Job instance at 0x7fc6e1f1ac30>,4,17,[3 7],5,5,22,0,5
1,<environment.Job instance at 0x7fc727ceb690>,8,21,[10  1],9,27,48,18,27
1,<environment.Job instance at 0x7fc72807f460>,25,14,[2 9],26,157,171,131,157
1,<environment.Job instance at 0x7fc72807f0f0>,28,16,[5 4],29,175,191,146,175
1,<environment.Job instance at 0x7fc6e1f1a280>,4,14,[1 5],5,5,19,0,5
1,<environment.Job instance at 0x7fc725400dc0>,6,16,[10  5],7,19,35,12,7
1,<environment.Job instance at 0x7fc7258e4910>,5,15,[10  4],6,35,50,29,21
1,<environment.Job instance at 0x7fc6e18700f0>,7,14,[4 7],8,50,64,42,40
1,<environment.Job instance at 0x7fc6e1c6a0f0>,15,18,[2 6],16,75,93,59,75
1,<environment.Job instance at 0x7fc6e1df0af0>,16,16,[5 6],17,93,109,76,84
1,<environment.Job instance at 0x7fc72566baf0>,24,15,[5 5],25,144,159,119,144
1,<environment.Job instance at 0x7fc72566b640>,28,20,[3 6],29,191,211,162,191
1,<environment.Job instance at 0x7fc72566bfa0>,29,17,[10  4],30,213,230,183,213
1,<environment.Job instance at 0x7fc6e1920be0>,2,28,[ 4 10],3,256,284,253,256
1,<environment.Job instance at 0x7fc7258e4e10>,9,12,[6 4],10,45,57,35,45
1,<environment.Job instance at 0x7fc6e1c09fa0>,10,25,[2 6],11,47,72,36,47
1,<environment.Job instance at 0x7fc6e1c09870>,11,24,[3 5],12,72,96,60,71
1,<environment.Job instance at 0x7fc725a13370>,14,14,[5 4],15,77,91,62,77
1,<environment.Job instance at 0x7fc725a131e0>,16,18,[6 2],17,99,117,82,99
1,<environment.Job instance at 0x7fc6e16786e0>,25,28,[3 6],26,179,207,153,179
1,<environment.Job instance at 0x7fc7258e4aa0>,1,14,[1 8],2,2,16,0,2
1,<environment.Job instance at 0x7fc727efa460>,8,19,[8 2],9,9,28,0,9
1,<environment.Job instance at 0x7fc725ac1960>,6,18,[ 4 10],7,28,46,21,17
1,<environment.Job instance at 0x7fc6e15e1f50>,24,12,[6 2],25,165,177,140,165
1,<environment.Job instance at 0x7fc6e15e1320>,25,14,[6 3],26,177,191,151,167
1,<environment.Job instance at 0x7fc727efafa0>,12,20,[9 5],13,258,278,245,258
1,<environment.Job instance at 0x7fc6e1d99e60>,5,16,[1 8],6,19,35,13,19
1,<environment.Job instance at 0x7fc725941dc0>,8,22,[5 2],9,19,41,10,19
1,<environment.Job instance at 0x7fc725941690>,9,20,[8 5],10,47,67,37,47
1,<environment.Job instance at 0x7fc727d841e0>,11,28,[7 2],12,67,95,55,66
1,<environment.Job instance at 0x7fc6e1d998c0>,3,23,[4 6],4,128,151,124,128
1,<environment.Job instance at 0x7fc6e1800c80>,21,14,[10  5],22,154,168,132,154
1,<environment.Job instance at 0x7fc6e15215a0>,28,21,[4 5],29,261,282,232,261
1,<environment.Job instance at 0x7fd8818f9190>,0,17,[6 1],1,1,18,0,1
1,<environment.Job instance at 0x7fd87a4e9500>,7,26,[9 3],8,18,44,10,16
1,<environment.Job instance at 0x7fd87a4e9960>,11,15,[6 1],12,44,59,32,38
1,<environment.Job instance at 0x7fd87a4f8be0>,6,15,[ 2 10],7,101,116,94,101
1,<environment.Job instance at 0x7fd8367e8140>,4,18,[1 7],5,6,24,1,6
1,<environment.Job instance at 0x7fd8367e8550>,10,14,[7 1],11,45,59,34,45
1,<environment.Job instance at 0x7fd8368405a0>,5,18,[5 5],6,37,55,31,37
1,<environment.Job instance at 0x7fd8369310a0>,10,15,[5 2],11,37,52,26,37
1,<environment.Job instance at 0x7fd8369312d0>,11,27,[6 4],12,60,87,48,60
1,<environment.Job instance at 0x7fd8368d17d0>,3,26,[10  3],4,87,113,83,84
1,<environment.Job instance at 0x7fd87a4f8d20>,21,14,[5 3],22,121,135,99,121
1,<environment.Job instance at 0x7fd836c60c80>,26,17,[5 4],27,185,202,158,185
1,<environment.Job instance at 0x7fd836c60500>,29,24,[10  3],30,213,237,183,213
1,<environment.Job instance at 0x7fd836840eb0>,6,21,[ 1 10],7,10,31,3,10
1,<environment.Job instance at 0x7fd8368d11e0>,8,14,[5 8],9,31,45,22,16
1,<environment.Job instance at 0x7fd87a523b90>,14,19,[3 6],15,121,140,106,121
1,<environment.Job instance at 0x7fd87a4d4870>,16,15,[6 1],17,146,161,129,146
1,<environment.Job instance at 0x7fd87a4d40a0>,20,12,[2 8],21,191,203,170,191
1,<environment.Job instance at 0x7fd87a4d4eb0>,21,13,[6 4],22,203,216,181,191
1,<environment.Job instance at 0x7fd836b26a50>,24,13,[5 7],25,216,229,191,200
1,<environment.Job instance at 0x7fd836b26c30>,27,18,[8 3],28,229,247,201,221
1,<environment.Job instance at 0x7fd836ba07d0>,5,22,[6 2],6,8,30,2,8
1,<environment.Job instance at 0x7fd836ba0d70>,10,14,[2 7],11,85,99,74,85
1,<environment.Job instance at 0x7fd836ba0820>,11,14,[5 7],12,99,113,87,99
1,<environment.Job instance at 0x7fd836ba0230>,21,25,[ 1 10],22,205,230,183,205
1,<environment.Job instance at 0x7fd836c537d0>,28,22,[2 8],29,269,291,240,269
1,<environment.Job instance at 0x7fd87a261dc0>,8,13,[4 5],9,50,63,41,50
1,<environment.Job instance at 0x7fd836a55c30>,11,14,[10  4],12,89,103,77,89
1,<environment.Job instance at 0x7fd87a4c05f0>,4,14,[4 8],5,178,192,173,178
1,<environment.Job instance at 0x7fd836dc9a00>,18,19,[6 5],19,192,211,173,188
1,<environment.Job instance at 0x7fd87a7ec140>,22,17,[3 5],23,194,211,171,194
1,<environment.Job instance at 0x7fd87cafa6e0>,27,26,[10  5],28,260,286,232,260
1,<environment.Job instance at 0x7fd87a758960>,7,12,[3 8],8,26,38,18,26
1,<environment.Job instance at 0x7fd87a7587d0>,6,14,[5 7],7,86,100,79,86
1,<environment.Job instance at 0x7fd87a255b40>,18,13,[2 9],19,179,192,160,179
1,<environment.Job instance at 0x7fd87a255a50>,21,12,[6 3],22,240,252,218,240
1,<environment.Job instance at 0x7fd87a255e10>,23,21,[1 5],24,240,261,216,240
1,<environment.Job instance at 0x7fd87a91d640>,3,18,[6 4],4,259,277,255,259
1,<environment.Job instance at 0x7fd87cda25a0>,13,18,[4 5],14,106,124,92,106
1,<environment.Job instance at 0x7fd87cda2870>,19,17,[10  4],20,195,212,175,195
1,<environment.Job instance at 0x7fd87cc9c640>,23,16,[3 5],24,233,249,209,233
1,<environment.Job instance at 0x7fd88187fc30>,9,13,[8 2],10,66,79,56,66
1,<environment.Job instance at 0x7fd87cde63c0>,6,25,[3 6],7,17,42,10,17
1,<environment.Job instance at 0x7fd836937960>,14,12,[ 4 10],15,76,88,61,76
1,<environment.Job instance at 0x7fd836dd2870>,15,13,[3 5],16,91,104,75,91
1,<environment.Job instance at 0x7fd87d0620a0>,26,16,[8 1],27,187,203,160,187
1,<environment.Job instance at 0x7fd87d0623c0>,29,18,[5 5],30,212,230,182,212
1,<environment.Job instance at 0x7fd87ca425a0>,6,20,[9 3],7,11,31,4,11
1,<environment.Job instance at 0x7fd87a32c500>,17,22,[2 6],18,152,174,134,152
1,<environment.Job instance at 0x7fd87a32c6e0>,18,17,[5 5],19,174,191,155,164
1,<environment.Job instance at 0x7fd87a32cdc0>,19,16,[5 5],20,174,190,154,166
1,<environment.Job instance at 0x7fd87a32caa0>,20,20,[1 5],21,190,210,169,181
1,<environment.Job instance at 0x7fd87a32c550>,22,17,[9 1],23,191,208,168,182
1,<environment.Job instance at 0x7fd8369a7a00>,13,15,[ 1 10],14,73,88,59,73
1,<environment.Job instance at 0x7fd87d20a0f0>,30,13,[4 7],31,245,258,214,245
1,<environment.Job instance at 0x7fd87a6a1280>,5,23,[5 7],6,6,29,0,6
1,<environment.Job instance at 0x7fd87d1c9be0>,6,13,[5 5],7,29,42,22,13
1,<environment.Job instance at 0x7fd87d0d9c30>,9,14,[3 7],10,46,60,36,46
1,<environment.Job instance at 0x7fd87a56e960>,5,12,[7 2],6,25,37,19,25
1,<environment.Job instance at 0x7fd8367a3550>,11,19,[5 5],12,183,202,171,183
1,<environment.Job instance at 0x7fd87cae1e10>,7,13,[ 1 10],8,19,32,11,19
1,<environment.Job instance at 0x7fd8364fd320>,5,18,[2 6],6,37,55,31,37
1,<environment.Job instance at 0x7fd87a468730>,26,12,[5 7],27,221,233,194,221
1,<environment.Job instance at 0x7fd8365bb500>,31,16,[5 7],32,257,273,225,257
1,<environment.Job instance at 0x7fd87a704be0>,5,28,[3 6],6,6,34,0,6
1,<environment.Job instance at 0x7fd8369c3550>,24,12,[5 1],25,195,207,170,195
1,<environment.Job instance at 0x7fd836773550>,7,28,[2 8],8,208,236,200,208
1,<environment.Job instance at 0x7fd8369c3cd0>,3,15,[ 5 10],4,69,84,65,69
1,<environment.Job instance at 0x7fd87cb6f190>,23,18,[6 3],24,211,229,187,211
1,<environment.Job instance at 0x7fd87cef85a0>,14,23,[5 5],15,238,261,223,238
1,<environment.Job instance at 0x7fd881509730>,3,18,[9 2],4,5,23,1,5
1,<environment.Job instance at 0x7fd87cf33910>,11,16,[9 2],12,57,73,45,57
1,<environment.Job instance at 0x7fd87cf33d20>,13,16,[5 3],14,76,92,62,76
1,<environment.Job instance at 0x7fd87cf33960>,15,16,[1 9],16,98,114,82,98
1,<environment.Job instance at 0x7fd87cfaa910>,22,19,[9 5],23,206,225,183,206
1,<environment.Job instance at 0x7fd87cfaaa00>,26,17,[2 7],27,231,248,204,231
1,<environment.Job instance at 0x7fd87cfaa320>,27,16,[5 3],28,231,247,203,231
1,<environment.Job instance at 0x7fedb8fad6e0>,11,14,[ 5 10],12,92,106,80,92
1,<environment.Job instance at 0x7fedb8fad230>,12,17,[4 7],13,106,123,93,94
1,<environment.Job instance at 0x7fedb8fb0e60>,24,23,[6 4],25,250,273,225,250
1,<environment.Job instance at 0x7fed7210e550>,4,16,[ 4 10],5,9,25,4,9
1,<environment.Job instance at 0x7fed7210e960>,5,20,[5 8],6,36,56,30,36
1,<environment.Job instance at 0x7fed72182cd0>,14,12,[2 7],15,91,103,76,91
1,<environment.Job instance at 0x7fed721d15a0>,23,17,[5 9],24,277,294,253,277
1,<environment.Job instance at 0x7fed72227870>,14,16,[4 6],15,111,127,96,111
1,<environment.Job instance at 0x7fed72227aa0>,15,16,[1 9],16,150,166,134,150
1,<environment.Job instance at 0x7fed72227a00>,23,25,[5 5],24,240,265,216,240
1,<environment.Job instance at 0x7fed72227eb0>,1,18,[4 9],2,7,25,5,7
1,<environment.Job instance at 0x7fed722346e0>,9,16,[7 4],10,25,41,15,12
1,<environment.Job instance at 0x7fed7216c500>,12,12,[7 2],13,43,55,30,43
1,<environment.Job instance at 0x7fed72222d70>,4,27,[2 8],5,44,71,39,44
1,<environment.Job instance at 0x7fed72202460>,5,16,[6 2],6,55,71,49,44
1,<environment.Job instance at 0x7fed724e16e0>,15,18,[ 2 10],16,81,99,65,81
1,<environment.Job instance at 0x7fedb5c21eb0>,19,25,[5 1],20,118,143,98,118
1,<environment.Job instance at 0x7fed7202d370>,25,17,[10  1],26,145,162,119,145
1,<environment.Job instance at 0x7fedb5cdb320>,19,17,[8 3],20,203,220,183,203
1,<environment.Job instance at 0x7fed720f6eb0>,7,28,[3 5],8,23,51,15,23
1,<environment.Job instance at 0x7fed722af460>,5,16,[6 4],6,79,95,73,79
1,<environment.Job instance at 0x7fed7255ea50>,18,13,[7 1],19,95,108,76,79
1,<environment.Job instance at 0x7fedb62b6320>,20,15,[9 1],21,113,128,92,113
1,<environment.Job instance at 0x7fedb62b6eb0>,22,18,[8 1],23,128,146,105,117
1,<environment.Job instance at 0x7fed726e3460>,23,24,[9 1],24,149,173,125,149
1,<environment.Job instance at 0x7fedb8faf910>,2,16,[6 3],3,217,233,214,217
1,<environment.Job instance at 0x7fed723f3f50>,33,27,[1 7],34,222,249,188,222
1,<environment.Job instance at 0x7fed720deb40>,36,22,[10  3],37,249,271,212,249
1,<environment.Job instance at 0x7fedb893b230>,0,19,[5 2],1,1,20,0,1
1,<environment.Job instance at 0x7fed726f7780>,20,18,[5 5],21,213,231,192,213
1,<environment.Job instance at 0x7fedb85a9460>,22,28,[10  5],23,213,241,190,213
1,<environment.Job instance at 0x7fed72620f50>,28,21,[1 5],29,251,272,222,251
1,<environment.Job instance at 0x7fedb629c5f0>,7,15,[4 9],8,9,24,1,9
1,<environment.Job instance at 0x7fedb629c140>,6,24,[5 6],7,38,62,31,38
1,<environment.Job instance at 0x7fedb8621280>,13,12,[4 8],14,62,74,48,57
1,<environment.Job instance at 0x7fedb8621500>,12,17,[6 3],13,135,152,122,135
1,<environment.Job instance at 0x7fed724c13c0>,21,18,[6 5],22,152,170,130,141
1,<environment.Job instance at 0x7fed727b45a0>,27,12,[3 5],28,189,201,161,189
1,<environment.Job instance at 0x7fedb61b7320>,5,15,[ 1 10],6,10,25,4,10
1,<environment.Job instance at 0x7fed72401f00>,7,18,[9 2],8,25,43,17,14
1,<environment.Job instance at 0x7fed72479190>,3,23,[5 1],4,43,66,39,37
1,<environment.Job instance at 0x7fedb8fae280>,20,17,[2 7],21,172,189,151,172
1,<environment.Job instance at 0x7fed7241ed20>,25,18,[1 7],26,224,242,198,224
1,<environment.Job instance at 0x7fedb5d2f8c0>,3,22,[1 7],4,22,44,18,22
1,<environment.Job instance at 0x7fedb8772cd0>,9,18,[4 9],10,54,72,44,54
1,<environment.Job instance at 0x7fedb8772230>,11,22,[1 9],12,73,95,61,73
1,<environment.Job instance at 0x7fed7215c5f0>,8,16,[10  4],9,28,44,19,28
1,<environment.Job instance at 0x7fed7215ca00>,7,17,[9 4],8,44,61,36,34
1,<environment.Job instance at 0x7fedb5bf97d0>,12,24,[8 1],13,88,112,75,88
1,<environment.Job instance at 0x7fedb5bf9550>,26,12,[5 1],27,207,219,180,207
1,<environment.Job instance at 0x7fedb5c4ac80>,7,21,[5 1],8,57,78,49,57
1,<environment.Job instance at 0x7fedb85955f0>,10,21,[2 6],11,79,100,68,79
1,<environment.Job instance at 0x7fedb5d31dc0>,13,14,[1 7],14,107,121,93,107
1,<environment.Job instance at 0x7fed71f426e0>,14,14,[7 4],15,121,135,106,107
1,<environment.Job instance at 0x7fedb8850e60>,19,20,[8 1],20,150,170,130,150
1,<environment.Job instance at 0x7fedb84d7190>,23,16,[3 8],24,203,219,179,203
1,<environment.Job instance at 0x7fedb5cb8d70>,24,17,[3 7],25,219,236,194,207
1,<environment.Job instance at 0x7fedb5c97460>,25,12,[7 2],26,208,220,182,208
1,<environment.Job instance at 0x7fedb5c970f0>,27,28,[3 7],28,243,271,215,243
1,<environment.Job instance at 0x7fedb5c97e60>,31,19,[5 5],32,271,290,239,261
1,<environment.Job instance at 0x7fedb86df550>,5,15,[10  4],6,14,29,8,14
1,<environment.Job instance at 0x7fed71f42280>,7,14,[4 7],8,29,43,21,14
1,<environment.Job instance at 0x7fedb85ad5a0>,8,24,[ 4 10],9,43,67,34,38
1,<environment.Job instance at 0x7fedb626f190>,4,14,[1 5],5,95,109,90,95
1,<environment.Job instance at 0x7fedb87cbdc0>,2,28,[ 4 10],3,222,250,219,222
1,<environment.Job instance at 0x7fedb89693c0>,36,12,[5 7],37,250,262,213,240
1,<environment.Job instance at 0x7fed71f5ffa0>,12,13,[8 1],13,69,82,56,69
1,<environment.Job instance at 0x7fedb87c28c0>,26,17,[1 8],27,249,266,222,249
1,<environment.Job instance at 0x7fed71e39e60>,1,23,[5 2],2,7,30,5,7
1,<environment.Job instance at 0x7fedb5f962d0>,6,27,[5 6],7,8,35,1,8
1,<environment.Job instance at 0x7fed720d0870>,7,24,[9 5],8,72,96,64,72
1,<environment.Job instance at 0x7fedb603e410>,20,13,[6 2],21,175,188,154,175
1,<environment.Job instance at 0x7fedb62eba50>,13,18,[6 3],14,221,239,207,221
1,<environment.Job instance at 0x7fedb5f96820>,6,17,[2 7],7,8,25,1,8
1,<environment.Job instance at 0x7fedb86c8870>,19,16,[3 5],20,133,149,113,133
1,<environment.Job instance at 0x7fedb86c8500>,22,14,[7 1],23,137,151,114,137
1,<environment.Job instance at 0x7fedb5d509b0>,23,12,[2 5],24,149,161,125,137
1,<environment.Job instance at 0x7fedb5bb33c0>,7,16,[5 3],8,155,171,147,155
1,<environment.Job instance at 0x7fedb62a39b0>,25,17,[2 6],26,161,178,135,161
1,<environment.Job instance at 0x7fedb605e960>,26,13,[9 4],27,184,197,157,184
1,<environment.Job instance at 0x7fed72012730>,8,16,[6 3],9,19,35,10,19
1,<environment.Job instance at 0x7fed72012640>,9,12,[3 8],10,35,47,25,27
1,<environment.Job instance at 0x7fed72528230>,12,14,[4 7],13,47,61,34,34
1,<environment.Job instance at 0x7fedb61d9b90>,13,17,[1 6],14,61,78,47,49
1,<environment.Job instance at 0x7fedb8806f50>,18,26,[4 6],19,88,114,69,88
1,<environment.Job instance at 0x7fedb5c7c2d0>,30,12,[5 2],31,191,203,160,191
1,<environment.Job instance at 0x7fedb62e1b90>,35,24,[10  2],36,203,227,167,200
1,<environment.Job instance at 0x7fed7200c0a0>,39,16,[10  3],40,227,243,187,216
1,<environment.Job instance at 0x7f63370f20f0>,2,20,[7 4],3,4,24,1,4
1,<environment.Job instance at 0x7f632fce33c0>,7,26,[9 3],8,35,61,27,35
1,<environment.Job instance at 0x7f632fce35f0>,10,15,[5 1],11,61,76,50,52
1,<environment.Job instance at 0x7f632fce39b0>,16,28,[5 1],17,72,100,55,72
1,<environment.Job instance at 0x7f632fcf2910>,2,17,[4 7],3,4,21,1,4
1,<environment.Job instance at 0x7f632fcfb6e0>,6,19,[3 8],7,30,49,23,30
1,<environment.Job instance at 0x7f63372602d0>,9,16,[8 4],10,75,91,65,75
1,<environment.Job instance at 0x7f633725e6e0>,16,17,[9 2],17,132,149,115,132
1,<environment.Job instance at 0x7f633725eaa0>,23,15,[9 5],24,186,201,162,186
1,<environment.Job instance at 0x7f6337262d20>,26,18,[7 1],27,201,219,174,194
1,<environment.Job instance at 0x7f633725d4b0>,34,18,[5 4],35,260,278,225,260
1,<environment.Job instance at 0x7f633725ddc0>,33,15,[6 1],34,278,293,244,266
1,<environment.Job instance at 0x7f633725ddc0>,4,17,[7 1],5,19,36,14,19
1,<environment.Job instance at 0x7f62ebfdf320>,6,28,[5 6],7,175,203,168,175
1,<environment.Job instance at 0x7f632fa4fb40>,4,13,[5 5],5,5,18,0,5
1,<environment.Job instance at 0x7f62ec089910>,7,16,[9 4],8,18,34,10,12
1,<environment.Job instance at 0x7f632fa4f780>,6,18,[6 3],7,34,52,27,25
1,<environment.Job instance at 0x7f62ec089c80>,10,14,[9 5],11,52,66,41,38
1,<environment.Job instance at 0x7f62ec0f1e10>,18,15,[1 7],19,120,135,101,120
1,<environment.Job instance at 0x7f62ec329fa0>,19,14,[7 2],20,122,136,102,122
1,<environment.Job instance at 0x7f62ec329960>,23,13,[1 6],24,179,192,155,179
1,<environment.Job instance at 0x7f62ec3290f0>,25,15,[1 6],26,195,210,169,195
1,<environment.Job instance at 0x7f62ec329190>,26,13,[5 2],27,198,211,171,198
1,<environment.Job instance at 0x7f62ec329c80>,27,16,[ 2 10],28,211,227,183,201
1,<environment.Job instance at 0x7f632fd2ce60>,16,20,[3 6],17,145,165,128,145
1,<environment.Job instance at 0x7f62ec0df910>,20,15,[5 5],21,169,184,148,169
1,<environment.Job instance at 0x7f62ec3d3d70>,25,18,[6 4],26,213,231,187,213
1,<environment.Job instance at 0x7f63365a2cd0>,4,20,[5 3],5,10,30,5,10
1,<environment.Job instance at 0x7f62ebeec050>,2,24,[8 5],3,122,146,119,122
1,<environment.Job instance at 0x7f6336a16780>,10,14,[2 8],11,37,51,26,37
1,<environment.Job instance at 0x7f63300c4a00>,13,14,[5 2],14,88,102,74,88
1,<environment.Job instance at 0x7f63370c94b0>,4,17,[2 9],5,164,181,159,164
1,<environment.Job instance at 0x7f632fb3f320>,20,14,[8 2],21,242,256,221,242
1,<environment.Job instance at 0x7f6336653f50>,21,21,[9 5],22,271,292,249,271
1,<environment.Job instance at 0x7f6336892dc0>,2,22,[2 8],3,86,108,83,86
1,<environment.Job instance at 0x7f6336c530f0>,28,23,[7 4],29,269,292,240,269
1,<environment.Job instance at 0x7f632fed44b0>,13,15,[3 7],14,121,136,107,121
1,<environment.Job instance at 0x7f632fed4b40>,14,15,[10  3],15,136,151,121,122
1,<environment.Job instance at 0x7f62ec17b3c0>,19,25,[5 1],20,172,197,152,172
1,<environment.Job instance at 0x7f632fb543c0>,24,16,[9 2],25,197,213,172,195
1,<environment.Job instance at 0x7f63369fc460>,2,24,[5 5],3,25,49,22,25
1,<environment.Job instance at 0x7f63370119b0>,7,28,[3 8],8,69,97,61,69
1,<environment.Job instance at 0x7f632fae41e0>,22,23,[7 2],23,205,228,182,205
1,<environment.Job instance at 0x7f632ffd7460>,27,26,[2 9],28,228,254,200,227
1,<environment.Job instance at 0x7f632ffd7820>,30,15,[8 4],31,254,269,223,240
1,<environment.Job instance at 0x7f632ffd7780>,32,15,[2 8],33,269,284,236,258
1,<environment.Job instance at 0x7f62ec504be0>,6,18,[3 8],7,7,25,0,7
1,<environment.Job instance at 0x7f6330173e10>,10,15,[5 6],11,27,42,16,27
1,<environment.Job instance at 0x7f632fae4be0>,7,27,[3 7],8,54,81,46,54
1,<environment.Job instance at 0x7f632fee7b90>,25,19,[8 5],26,183,202,157,183
1,<environment.Job instance at 0x7f62ebd4d280>,8,17,[9 1],9,19,36,10,19
1,<environment.Job instance at 0x7f62ec32c5a0>,2,12,[9 4],3,49,61,46,49
1,<environment.Job instance at 0x7f632fd9fcd0>,15,16,[5 1],16,86,102,70,86
1,<environment.Job instance at 0x7f632fd9fe60>,16,18,[5 9],17,107,125,90,107
1,<environment.Job instance at 0x7f632fd9fc30>,22,28,[5 5],23,141,169,118,141
1,<environment.Job instance at 0x7f632fef1b40>,12,17,[5 3],13,72,89,59,72
1,<environment.Job instance at 0x7f63301eb0f0>,14,14,[5 4],15,89,103,74,89
1,<environment.Job instance at 0x7f62ec31bc30>,16,18,[6 2],17,107,125,90,107
1,<environment.Job instance at 0x7f62ebd143c0>,17,15,[4 5],18,107,122,89,107
1,<environment.Job instance at 0x7f62ec523b40>,27,28,[2 8],28,243,271,215,243
1,<environment.Job instance at 0x7f63368f64b0>,8,13,[2 8],9,69,82,60,69
1,<environment.Job instance at 0x7f63368f6190>,11,23,[5 2],12,72,95,60,72
1,<environment.Job instance at 0x7f62ebcd3280>,16,27,[5 6],17,103,130,86,103
1,<environment.Job instance at 0x7f62ebcd3cd0>,23,18,[6 3],24,179,197,155,179
1,<environment.Job instance at 0x7f632fe74690>,8,12,[5 4],9,9,21,0,9
1,<environment.Job instance at 0x7f62ebe06190>,7,16,[5 3],8,35,51,27,35
1,<environment.Job instance at 0x7f6336572d20>,22,14,[7 1],23,143,157,120,143
1,<environment.Job instance at 0x7f6336572c80>,25,17,[2 6],26,159,176,133,159
1,<environment.Job instance at 0x7f63365710f0>,6,17,[10  2],7,11,28,4,11
1,<environment.Job instance at 0x7f62ec44bbe0>,15,18,[9 3],16,112,130,96,112
1,<environment.Job instance at 0x7f62ec102640>,20,14,[10  5],21,168,182,147,168
1,<environment.Job instance at 0x7f632fce09b0>,23,16,[6 4],24,182,198,158,176
1,<environment.Job instance at 0x7f6336a70b90>,24,22,[7 1],25,198,220,173,196
1,<environment.Job instance at 0x7f62ec080dc0>,26,14,[8 4],27,220,234,193,205
1,<environment.Job instance at 0x7f632fabd550>,30,27,[1 5],31,228,255,197,228
1,<environment.Job instance at 0x7f62ebeb7f50>,28,26,[6 5],29,234,260,205,232
1,<environment.Job instance at 0x7f632fabd0a0>,31,15,[4 5],32,255,270,223,241
1,<environment.Job instance at 0x7f62ec61ba00>,34,14,[4 8],35,270,284,235,259
1,<environment.Job instance at 0x7f632fa66910>,29,21,[10  4],30,235,256,205,235
1,<environment.Job instance at 0x7f632fa66dc0>,30,22,[3 9],31,256,278,225,256
1,<environment.Job instance at 0x7f633684eaa0>,15,20,[9 5],16,96,116,80,96
1,<environment.Job instance at 0x7f62ec134be0>,19,16,[9 5],20,143,159,123,143
1,<environment.Job instance at 0x7f62ec134780>,23,16,[ 2 10],24,203,219,179,203
1,<environment.Job instance at 0x7f6336ad36e0>,26,13,[ 4 10],27,237,250,210,237
1,<environment.Job instance at 0x7f62ec3241e0>,28,18,[ 2 10],29,260,278,231,260
1,<environment.Job instance at 0x7f6be176f460>,6,17,[9 2],7,11,28,4,11
1,<environment.Job instance at 0x7f6be176f410>,7,16,[1 7],8,13,29,5,13
1,<environment.Job instance at 0x7f6be175a320>,2,24,[4 9],3,40,64,37,40
1,<environment.Job instance at 0x7f6be8cd6eb0>,13,15,[9 5],14,84,99,70,84
1,<environment.Job instance at 0x7f6be8cd62d0>,16,18,[7 1],17,110,128,93,110
1,<environment.Job instance at 0x7f6be8cd6c80>,18,14,[7 1],19,133,147,114,133
1,<environment.Job instance at 0x7f6be8cd66e0>,23,15,[6 1],24,172,187,148,172
1,<environment.Job instance at 0x7f6b9da59cd0>,6,21,[ 5 10],7,29,50,22,29
1,<environment.Job instance at 0x7f6b9da57dc0>,8,16,[5 2],9,50,66,41,37
1,<environment.Job instance at 0x7f6b9da572d0>,9,22,[2 5],10,50,72,40,43
1,<environment.Job instance at 0x7f6b9da57a00>,10,12,[ 1 10],11,78,90,67,78
1,<environment.Job instance at 0x7f6b9da57500>,16,20,[7 1],17,136,156,119,136
1,<environment.Job instance at 0x7f6b9da52eb0>,25,17,[7 4],26,240,257,214,240
1,<environment.Job instance at 0x7f6b9da52a00>,27,19,[3 8],28,260,279,232,260
1,<environment.Job instance at 0x7f6b9da3f460>,14,18,[4 7],15,50,68,35,50
1,<environment.Job instance at 0x7f6b9db2f8c0>,28,13,[10  1],29,227,240,198,227
1,<environment.Job instance at 0x7f6be1c055a0>,17,16,[5 2],18,208,224,190,208
1,<environment.Job instance at 0x7f6b9d95d5a0>,20,13,[1 8],21,225,238,204,225
1,<environment.Job instance at 0x7f6b9d95da00>,27,20,[5 7],28,238,258,210,237
1,<environment.Job instance at 0x7f6b9d95daa0>,28,12,[10  4],29,258,270,229,243
1,<environment.Job instance at 0x7f6b9d95db40>,29,23,[5 6],30,271,294,241,271
1,<environment.Job instance at 0x7f6be8056aa0>,8,13,[4 5],9,44,57,35,44
1,<environment.Job instance at 0x7f6be8056370>,11,14,[10  4],12,82,96,70,82
1,<environment.Job instance at 0x7f6be8056c80>,18,19,[6 5],19,189,208,170,189
1,<environment.Job instance at 0x7f6be8047eb0>,21,15,[2 7],22,208,223,186,208
1,<environment.Job instance at 0x7f6be8056f50>,4,14,[4 8],5,251,265,246,251
1,<environment.Job instance at 0x7f6be14c1af0>,4,12,[3 7],5,32,44,27,32
1,<environment.Job instance at 0x7f6be18ba2d0>,14,13,[5 5],15,92,105,77,92
1,<environment.Job instance at 0x7f6be18ba730>,17,20,[4 9],18,156,176,138,156
1,<environment.Job instance at 0x7f6be858f140>,5,18,[6 1],6,11,29,5,11
1,<environment.Job instance at 0x7f6b9d95efa0>,7,15,[4 9],8,19,34,11,19
1,<environment.Job instance at 0x7f6b9d95e190>,10,12,[5 9],11,34,46,23,20
1,<environment.Job instance at 0x7f6be1704b90>,13,12,[4 8],14,46,58,32,39
1,<environment.Job instance at 0x7f6b9d95e910>,4,17,[5 9],5,99,116,94,99
1,<environment.Job instance at 0x7f6b9d9e6a50>,23,13,[10  5],24,116,129,92,100
1,<environment.Job instance at 0x7f6be159f730>,34,16,[4 6],35,191,207,156,191
1,<environment.Job instance at 0x7f6b9dd98870>,17,13,[6 3],18,111,124,93,111
1,<environment.Job instance at 0x7f6be8beaf50>,5,18,[1 7],6,202,220,196,202
1,<environment.Job instance at 0x7f6b9db9da00>,26,12,[5 7],27,220,232,193,204
1,<environment.Job instance at 0x7f6b9dc549b0>,24,18,[5 5],25,228,246,203,228
1,<environment.Job instance at 0x7f6be16f9af0>,5,25,[7 3],6,105,130,99,105
1,<environment.Job instance at 0x7f6be16f9140>,11,12,[7 5],12,147,159,135,147
1,<environment.Job instance at 0x7f6be80ebd70>,16,13,[6 3],17,184,197,167,184
1,<environment.Job instance at 0x7f6be80eb500>,17,15,[10  3],18,197,212,179,184
1,<environment.Job instance at 0x7f6be80eb280>,14,16,[10  5],15,212,228,197,205
1,<environment.Job instance at 0x7f6b9da11370>,5,12,[4 5],6,7,19,1,7
1,<environment.Job instance at 0x7f6b9da11140>,12,14,[ 2 10],13,36,50,23,36
1,<environment.Job instance at 0x7f6b9dff6eb0>,14,18,[2 7],15,50,68,35,39
1,<environment.Job instance at 0x7f6b9dff6c80>,19,14,[8 4],20,94,108,74,94
1,<environment.Job instance at 0x7f6b9dff6410>,30,14,[4 9],31,212,226,181,212
1,<environment.Job instance at 0x7f6be16d6050>,31,14,[2 9],32,226,240,194,212
1,<environment.Job instance at 0x7f6be16d6af0>,2,20,[3 9],3,27,47,24,27
1,<environment.Job instance at 0x7f6b9e0af3c0>,4,26,[7 1],5,35,61,30,35
1,<environment.Job instance at 0x7f6b9e0af190>,9,25,[3 6],10,55,80,45,55
1,<environment.Job instance at 0x7f6be1761dc0>,14,25,[1 8],15,80,105,65,79
1,<environment.Job instance at 0x7f6b9dc47d70>,15,28,[5 8],16,147,175,131,147
1,<environment.Job instance at 0x7f6be17f2050>,22,13,[6 4],23,175,188,152,175
1,<environment.Job instance at 0x7f6be14c1500>,21,27,[1 7],22,189,216,167,189
1,<environment.Job instance at 0x7f6b9dea4aa0>,8,19,[8 2],9,9,28,0,9
1,<environment.Job instance at 0x7f6be806be10>,6,18,[ 4 10],7,28,46,21,18
1,<environment.Job instance at 0x7f6b9e024960>,12,20,[9 5],13,46,66,33,45
1,<environment.Job instance at 0x7f6be8194c30>,25,14,[6 3],26,148,162,122,148
1,<environment.Job instance at 0x7f6b9daf94b0>,31,19,[ 1 10],32,243,262,211,243
1,<environment.Job instance at 0x7f6be196f820>,33,15,[ 5 10],34,262,277,228,252
1,<environment.Job instance at 0x7f6be157c910>,11,16,[9 2],12,62,78,50,62
1,<environment.Job instance at 0x7f6be157c0a0>,13,16,[5 3],14,83,99,69,83
1,<environment.Job instance at 0x7f6be8aecd20>,15,16,[1 9],16,102,118,86,102
1,<environment.Job instance at 0x7f6be8aeca50>,22,19,[9 5],23,209,228,186,209
1,<environment.Job instance at 0x7f6be86f5c80>,26,17,[2 7],27,238,255,211,238
1,<environment.Job instance at 0x7f6be86f5f50>,28,12,[5 4],29,255,267,226,239
1,<environment.Job instance at 0x7f6be1bf8280>,1,16,[10  4],2,2,18,0,2
1,<environment.Job instance at 0x7f6b9d9265f0>,9,16,[9 2],10,32,48,22,32
1,<environment.Job instance at 0x7f6b9d78a7d0>,12,12,[9 2],13,72,84,59,72
1,<environment.Job instance at 0x7f6b9d82d870>,16,17,[10  2],17,112,129,95,112
1,<environment.Job instance at 0x7f6be8065690>,25,18,[9 3],26,249,267,223,249
1,<environment.Job instance at 0x7f6be175a7d0>,9,16,[7 4],10,22,38,12,22
1,<environment.Job instance at 0x7f6be8cdc230>,8,15,[4 7],9,38,53,29,24
1,<environment.Job instance at 0x7f6b9e0d2d20>,13,23,[ 1 10],14,89,112,75,89
1,<environment.Job instance at 0x7f6be170b050>,24,14,[10  4],25,124,138,99,124
1,<environment.Job instance at 0x7f6be15eaaa0>,29,21,[10  4],30,202,223,172,202
1,<environment.Job instance at 0x7f6be198aaa0>,31,18,[4 9],32,223,241,191,215
1,<environment.Job instance at 0x7f6be198a140>,34,19,[8 2],35,251,270,216,251
1,<environment.Job instance at 0x7f6be83dbb90>,7,12,[1 5],8,19,31,11,19
1,<environment.Job instance at 0x7f6be83db5f0>,9,16,[9 5],10,66,82,56,66
1,<environment.Job instance at 0x7f6be80c03c0>,13,16,[ 2 10],14,89,105,75,89
1,<environment.Job instance at 0x7f6be80c0460>,16,13,[ 4 10],17,110,123,93,110
1,<environment.Job instance at 0x7f6b9d742dc0>,18,18,[ 2 10],19,137,155,118,137
1,<environment.Job instance at 0x7f6b9d742d70>,22,12,[3 8],23,155,167,132,155
1,<environment.Job instance at 0x7f6b9d742af0>,29,12,[6 4],30,219,231,189,219
1,<environment.Job instance at 0x7f6be8572320>,6,23,[5 6],7,17,40,10,17
1,<environment.Job instance at 0x7f6be857ed70>,11,12,[3 6],12,40,52,28,35
1,<environment.Job instance at 0x7f6be857ebe0>,12,18,[ 3 10],13,52,70,39,41
1,<environment.Job instance at 0x7f6be857ee60>,17,16,[7 1],18,70,86,52,65
1,<environment.Job instance at 0x7f6be857ec30>,16,25,[1 6],17,110,135,93,110
1,<environment.Job instance at 0x7f6be857ecd0>,8,15,[ 2 10],9,151,166,142,151
1,<environment.Job instance at 0x7f6be856fd70>,29,13,[1 9],30,190,203,160,190
1,<environment.Job instance at 0x7f6be856f3c0>,31,13,[5 9],32,203,216,171,193
1,<environment.Job instance at 0x7fccb7d53140>,2,20,[7 4],3,5,25,2,5
1,<environment.Job instance at 0x7fccb7da5af0>,4,24,[7 2],5,31,55,26,31
1,<environment.Job instance at 0x7fccb0944410>,7,26,[9 3],8,60,86,52,60
1,<environment.Job instance at 0x7fccb095b050>,6,18,[7 1],7,7,25,0,7
1,<environment.Job instance at 0x7fccb7d7b4b0>,11,27,[3 6],12,26,53,14,26
1,<environment.Job instance at 0x7fccb7d7bdc0>,13,15,[6 1],14,36,51,22,36
1,<environment.Job instance at 0x7fccb7d7b8c0>,14,18,[5 4],15,51,69,36,40
1,<environment.Job instance at 0x7fccb7d7b190>,12,22,[2 8],13,147,169,134,147
1,<environment.Job instance at 0x7fccb7d7bc30>,24,13,[2 5],25,169,182,144,166
1,<environment.Job instance at 0x7fcc6cd48460>,5,17,[7 4],6,6,23,0,6
1,<environment.Job instance at 0x7fcc6ccf00a0>,12,18,[10  5],13,101,119,88,101
1,<environment.Job instance at 0x7fcc6cc9fd20>,4,18,[ 1 10],5,77,95,72,77
1,<environment.Job instance at 0x7fcc6cd8d0a0>,9,14,[1 7],10,95,109,85,81
1,<environment.Job instance at 0x7fcc6cd8d190>,10,18,[7 5],11,119,137,108,119
1,<environment.Job instance at 0x7fcc6cd7e820>,1,14,[5 7],2,2,16,0,2
1,<environment.Job instance at 0x7fcc6cd8daa0>,7,14,[2 9],8,16,30,8,13
1,<environment.Job instance at 0x7fcc6d0d8b90>,14,13,[4 5],15,56,69,41,56
1,<environment.Job instance at 0x7fcc6d045b40>,17,17,[8 3],18,79,96,61,79
1,<environment.Job instance at 0x7fcc6d045c80>,19,18,[2 7],20,95,113,75,95
1,<environment.Job instance at 0x7fcc6d0458c0>,28,14,[5 2],29,251,265,222,251
1,<environment.Job instance at 0x7fcc6cb4b320>,31,15,[6 3],32,265,280,233,264
1,<environment.Job instance at 0x7fcc6cb4b3c0>,32,16,[9 3],33,280,296,247,267
1,<environment.Job instance at 0x7fccb06b54b0>,7,17,[6 2],8,29,46,21,29
1,<environment.Job instance at 0x7fcc6cf8d910>,12,16,[6 3],13,59,75,46,59
1,<environment.Job instance at 0x7fcc6cf8d8c0>,15,16,[6 4],16,89,105,73,89
1,<environment.Job instance at 0x7fcc6cf8d0f0>,21,13,[9 3],22,120,133,98,120
1,<environment.Job instance at 0x7fcc6cf8d050>,22,14,[8 4],23,133,147,110,123
1,<environment.Job instance at 0x7fcc6cf8dd70>,28,13,[7 1],29,183,196,154,183
1,<environment.Job instance at 0x7fccb07dcd20>,30,15,[9 1],31,198,213,167,198
1,<environment.Job instance at 0x7fccb07dc7d0>,32,18,[8 1],33,226,244,193,226
1,<environment.Job instance at 0x7fcc6cd81140>,12,16,[4 6],13,86,102,73,86
1,<environment.Job instance at 0x7fccb0a971e0>,20,16,[3 7],21,183,199,162,183
1,<environment.Job instance at 0x7fccb77e9910>,21,18,[5 5],22,199,217,177,189
1,<environment.Job instance at 0x7fccb77e99b0>,24,16,[4 7],25,228,244,203,228
1,<environment.Job instance at 0x7fccb77e9410>,22,14,[5 7],23,246,260,223,246
1,<environment.Job instance at 0x7fccb72c4a00>,5,16,[4 8],6,22,38,16,22
1,<environment.Job instance at 0x7fccb0e41af0>,18,15,[ 3 10],19,121,136,102,121
1,<environment.Job instance at 0x7fcc6cd1f870>,23,14,[5 5],24,173,187,149,173
1,<environment.Job instance at 0x7fcc6cd1fbe0>,28,19,[5 8],29,223,242,194,223
1,<environment.Job instance at 0x7fccb73f4550>,9,18,[5 5],10,40,58,30,40
1,<environment.Job instance at 0x7fcc6cfd6690>,3,23,[5 7],4,106,129,102,106
1,<environment.Job instance at 0x7fccb0880140>,20,24,[9 1],21,153,177,132,153
1,<environment.Job instance at 0x7fccb767b1e0>,23,15,[3 7],24,177,192,153,170
1,<environment.Job instance at 0x7fcc6d2fa640>,6,12,[9 1],7,7,19,0,7
1,<environment.Job instance at 0x7fccb0be8640>,7,12,[ 5 10],8,19,31,11,9
1,<environment.Job instance at 0x7fcc6d2fae60>,9,16,[9 4],10,40,56,30,40
1,<environment.Job instance at 0x7fcc6cc0f870>,22,15,[2 8],23,225,240,202,225
1,<environment.Job instance at 0x7fcc6d219b90>,23,17,[2 7],24,240,257,216,228
1,<environment.Job instance at 0x7fccb72e3b40>,4,19,[6 2],5,8,27,3,8
1,<environment.Job instance at 0x7fccb06eb4b0>,10,27,[10  1],11,47,74,36,47
1,<environment.Job instance at 0x7fcc6cebb690>,25,14,[8 3],26,256,270,230,256
1,<environment.Job instance at 0x7fcc6cebb870>,27,17,[9 4],28,270,287,242,269
1,<environment.Job instance at 0x7fcc6cebb9b0>,28,16,[10  4],29,287,303,258,274
1,<environment.Job instance at 0x7fcc6d27caf0>,6,13,[2 7],7,8,21,1,8
1,<environment.Job instance at 0x7fcc6cfcde60>,4,14,[7 4],5,90,104,85,90
1,<environment.Job instance at 0x7fccb07a7eb0>,13,16,[3 8],14,104,120,90,92
1,<environment.Job instance at 0x7fccb07a7500>,15,12,[7 2],16,108,120,92,108
1,<environment.Job instance at 0x7fccb07a7b90>,17,28,[3 7],18,134,162,116,134
1,<environment.Job instance at 0x7fcc6cfb3af0>,22,16,[4 6],23,162,178,139,153
1,<environment.Job instance at 0x7fcc6cfb3730>,7,15,[1 9],8,34,49,26,34
1,<environment.Job instance at 0x7fccb09dea00>,12,19,[10  5],13,49,68,36,41
1,<environment.Job instance at 0x7fcc6cfce410>,26,15,[2 6],27,217,232,190,217
1,<environment.Job instance at 0x7fcc6d04aeb0>,5,27,[4 5],6,6,33,0,6
1,<environment.Job instance at 0x7fccb7723eb0>,6,26,[1 5],7,7,33,0,7
1,<environment.Job instance at 0x7fccb08cd230>,11,16,[5 3],12,33,49,21,33
1,<environment.Job instance at 0x7fccb075ddc0>,4,18,[8 5],5,51,69,46,51
1,<environment.Job instance at 0x7fccb788e050>,27,15,[10  2],28,209,224,181,209
1,<environment.Job instance at 0x7fcc6ca30e10>,3,23,[4 6],4,5,28,1,5
1,<environment.Job instance at 0x7fcc6cc2daf0>,5,16,[1 8],6,28,44,22,20
1,<environment.Job instance at 0x7fcc6cdb9730>,9,20,[8 5],10,44,64,34,35
1,<environment.Job instance at 0x7fccb0c06910>,8,22,[5 2],9,64,86,55,58
1,<environment.Job instance at 0x7fccb7923910>,15,17,[9 2],16,123,140,107,123
1,<environment.Job instance at 0x7fccb0762eb0>,18,27,[7 3],19,154,181,135,154
1,<environment.Job instance at 0x7fccb737cc80>,20,12,[7 2],21,181,193,160,171
1,<environment.Job instance at 0x7fccb0c0f3c0>,21,14,[10  5],22,193,207,171,178
1,<environment.Job instance at 0x7fccb0c0edc0>,15,17,[1 5],16,78,95,62,78
1,<environment.Job instance at 0x7fccb0c0e280>,18,18,[6 2],19,112,130,93,112
1,<environment.Job instance at 0x7fccb0c0e780>,21,17,[7 5],22,132,149,110,132
1,<environment.Job instance at 0x7fccb08cf820>,13,17,[1 6],14,54,71,40,54
1,<environment.Job instance at 0x7fccb7d7a8c0>,19,18,[6 3],20,155,173,135,155
1,<environment.Job instance at 0x7fcc6ca76820>,10,13,[5 5],11,216,229,205,216
1,<environment.Job instance at 0x7fccb7299a50>,29,16,[7 4],30,235,251,205,235
1,<environment.Job instance at 0x7fccb7299960>,31,13,[7 2],32,251,264,219,235
1,<environment.Job instance at 0x7fccb7797320>,6,13,[3 8],7,19,32,12,19
1,<environment.Job instance at 0x7fccb72a5f00>,2,17,[5 6],3,77,94,74,77
1,<environment.Job instance at 0x7fccb087cf50>,12,19,[8 1],13,94,113,81,85
1,<environment.Job instance at 0x7fccb087cd70>,17,12,[1 5],18,126,138,108,126
1,<environment.Job instance at 0x7fccb0d76190>,19,16,[9 5],20,161,177,141,161
1,<environment.Job instance at 0x7fccb0ad6b90>,23,16,[ 2 10],24,196,212,172,196
1,<environment.Job instance at 0x7fccb0ad6280>,26,13,[ 4 10],27,233,246,206,233
1,<environment.Job instance at 0x7fcc6d2d2aa0>,28,18,[ 2 10],29,255,273,226,255
1,<environment.Job instance at 0x7fccb770bd20>,6,23,[5 6],7,15,38,8,15
1,<environment.Job instance at 0x7fccb7340550>,12,18,[ 3 10],13,60,78,47,60
1,<environment.Job instance at 0x7fccb7340190>,23,17,[4 8],24,189,206,165,189
1,<environment.Job instance at 0x7fccb0af2410>,29,13,[1 9],30,241,254,211,241
1,<environment.Job instance at 0x7fccb0af2960>,30,16,[9 2],31,254,270,223,241
1,<environment.Job instance at 0x7fccb770b4b0>,4,19,[4 6],5,5,24,0,5
1,<environment.Job instance at 0x7fe7e221ac80>,7,12,[7 2],8,9,21,1,9
1,<environment.Job instance at 0x7fe7e221afa0>,11,14,[10  4],12,30,44,18,30
1,<environment.Job instance at 0x7fe7e57a3550>,5,15,[6 2],6,6,21,0,6
1,<environment.Job instance at 0x7fe7e57a3140>,6,13,[10  1],7,21,34,14,14
1,<environment.Job instance at 0x7fe7e57a3910>,7,22,[6 5],8,49,71,41,49
1,<environment.Job instance at 0x7fe7e57a3280>,12,24,[ 3 10],13,71,95,58,71
1,<environment.Job instance at 0x7fe7e579a8c0>,16,12,[6 1],17,95,107,78,83
1,<environment.Job instance at 0x7fe7e579a190>,17,13,[3 5],18,95,108,77,91
1,<environment.Job instance at 0x7fe7e579a730>,19,26,[5 4],20,110,136,90,110
1,<environment.Job instance at 0x7fe7e579abe0>,22,18,[5 5],23,113,131,90,113
1,<environment.Job instance at 0x7fe7e579a050>,24,14,[9 1],25,136,150,111,121
1,<environment.Job instance at 0x7fe7e579a5f0>,20,22,[5 6],21,150,172,129,144
1,<environment.Job instance at 0x7fe7e579cb40>,31,17,[2 7],32,172,189,140,165
1,<environment.Job instance at 0x7fe7e579c1e0>,32,24,[10  3],33,198,222,165,198
1,<environment.Job instance at 0x7fe79a4a0cd0>,7,17,[5 6],8,30,47,22,30
1,<environment.Job instance at 0x7fe79a4a00a0>,20,15,[9 2],21,155,170,134,155
1,<environment.Job instance at 0x7fe79a55a820>,23,16,[1 8],24,218,234,194,218
1,<environment.Job instance at 0x7fe79a55af00>,29,19,[4 7],30,261,280,231,261
1,<environment.Job instance at 0x7fe79a4cb5f0>,7,16,[6 2],8,8,24,0,8
1,<environment.Job instance at 0x7fe79a4cbaf0>,9,26,[4 9],10,63,89,53,63
1,<environment.Job instance at 0x7fe79a8d6500>,24,21,[9 1],25,154,175,129,154
1,<environment.Job instance at 0x7fe79a8d63c0>,27,18,[10  1],28,175,193,147,169
1,<environment.Job instance at 0x7fe79a51c960>,32,14,[4 7],33,252,266,219,252
1,<environment.Job instance at 0x7fe79a4616e0>,14,17,[2 9],15,101,118,86,101
1,<environment.Job instance at 0x7fe79a461960>,16,17,[10  4],17,119,136,102,119
1,<environment.Job instance at 0x7fe79a461370>,20,12,[5 9],21,174,186,153,174
1,<environment.Job instance at 0x7fe79a4610f0>,23,15,[5 9],24,186,201,162,175
1,<environment.Job instance at 0x7fe79a8540a0>,26,23,[3 8],27,226,249,199,226
1,<environment.Job instance at 0x7fe79a863550>,30,15,[ 5 10],31,249,264,218,244
1,<environment.Job instance at 0x7fe7e4b7e8c0>,8,17,[1 7],9,17,34,8,17
1,<environment.Job instance at 0x7fe7e26a5d70>,21,22,[6 1],22,169,191,147,169
1,<environment.Job instance at 0x7fe79a4ca5f0>,6,14,[5 3],7,7,21,0,7
1,<environment.Job instance at 0x7fe7e23c6aa0>,8,22,[9 3],9,21,43,12,14
1,<environment.Job instance at 0x7fe79a8d92d0>,3,22,[10  2],4,43,65,39,37
1,<environment.Job instance at 0x7fe79a81e820>,10,26,[4 7],11,89,115,78,89
1,<environment.Job instance at 0x7fe7e218f5f0>,19,18,[ 3 10],20,123,141,103,123
1,<environment.Job instance at 0x7fe7e250f4b0>,24,16,[8 3],25,160,176,135,160
1,<environment.Job instance at 0x7fe79a8c50a0>,6,15,[5 7],7,23,38,16,23
1,<environment.Job instance at 0x7fe79a6ccb90>,10,17,[5 4],11,64,81,53,64
1,<environment.Job instance at 0x7fe79a6ccf50>,13,14,[4 9],14,114,128,100,114
1,<environment.Job instance at 0x7fe7e4b88410>,30,14,[3 6],31,240,254,209,240
1,<environment.Job instance at 0x7fe7e4bb10f0>,10,16,[ 1 10],11,34,50,23,34
1,<environment.Job instance at 0x7fe7e4bb15a0>,5,14,[9 5],6,50,64,44,50
1,<environment.Job instance at 0x7fe7e4bb1c30>,3,12,[ 1 10],4,64,76,60,50
1,<environment.Job instance at 0x7fe7e4c5cd20>,22,23,[2 8],23,199,222,176,199
1,<environment.Job instance at 0x7fe79a95c320>,5,14,[5 8],6,65,79,59,65
1,<environment.Job instance at 0x7fe79aa9bf00>,6,28,[5 2],7,66,94,59,66
1,<environment.Job instance at 0x7fe7e22eebe0>,15,14,[3 6],16,105,119,89,105
1,<environment.Job instance at 0x7fe7e24e42d0>,8,17,[7 3],9,16,33,7,16
1,<environment.Job instance at 0x7fe79a95ca50>,6,15,[9 2],7,33,48,26,20
1,<environment.Job instance at 0x7fe7e4c395f0>,7,21,[3 9],8,55,76,47,55
1,<environment.Job instance at 0x7fe79a33e5f0>,16,20,[2 6],17,81,101,64,81
1,<environment.Job instance at 0x7fe7e257b230>,20,23,[7 1],21,104,127,83,104
1,<environment.Job instance at 0x7fe7e4a50410>,21,17,[10  4],22,127,144,105,124
1,<environment.Job instance at 0x7fe79a33ea00>,23,16,[8 4],24,168,184,144,168
1,<environment.Job instance at 0x7fe79aaeddc0>,31,18,[9 4],32,185,203,153,185
1,<environment.Job instance at 0x7fe79abd00a0>,39,12,[5 5],40,249,261,209,249
1,<environment.Job instance at 0x7fe79a9e2730>,18,12,[6 1],19,143,155,124,143
1,<environment.Job instance at 0x7fe79a9e21e0>,20,21,[5 1],21,171,192,150,171
1,<environment.Job instance at 0x7fe79a31d320>,27,24,[10  2],28,207,231,179,207
1,<environment.Job instance at 0x7fe79a31d730>,1,17,[2 7],2,3,20,1,3
1,<environment.Job instance at 0x7fe79a3178c0>,5,12,[4 8],6,20,32,14,9
1,<environment.Job instance at 0x7fe7e1ff5370>,28,15,[ 5 10],29,203,218,174,203
1,<environment.Job instance at 0x7fe7e1ff5960>,36,15,[6 1],37,250,265,213,250
1,<environment.Job instance at 0x7fe7e21f3280>,1,15,[10  1],2,2,17,0,2
1,<environment.Job instance at 0x7fe7e219f5f0>,17,13,[7 5],18,129,142,111,129
1,<environment.Job instance at 0x7fe7e219fc80>,18,13,[1 8],19,142,155,123,129
1,<environment.Job instance at 0x7fe7e219f550>,21,28,[ 2 10],22,193,221,171,193
1,<environment.Job instance at 0x7fe79a41ccd0>,31,13,[ 4 10],32,222,235,190,222
1,<environment.Job instance at 0x7fe79a41c8c0>,2,27,[9 3],3,74,101,71,74
1,<environment.Job instance at 0x7fe7e4e86550>,12,18,[5 8],13,101,119,88,93
1,<environment.Job instance at 0x7fe7e4e86dc0>,21,18,[5 7],22,192,210,170,192
1,<environment.Job instance at 0x7fe7e20a9b90>,24,26,[1 6],25,227,253,202,227
1,<environment.Job instance at 0x7fe7e20a97d0>,25,23,[5 5],26,253,276,227,253
1,<environment.Job instance at 0x7fe79a4fbdc0>,0,18,[5 2],1,1,19,0,1
1,<environment.Job instance at 0x7fe79a4fb500>,5,21,[2 8],6,61,82,55,61
1,<environment.Job instance at 0x7fe7e2025230>,15,15,[4 9],16,87,102,71,87
1,<environment.Job instance at 0x7fe7e2025e60>,17,12,[9 1],18,102,114,84,87
1,<environment.Job instance at 0x7fe7e2025fa0>,20,13,[3 5],21,114,127,93,105
1,<environment.Job instance at 0x7fe7e2025370>,25,24,[9 5],26,204,228,178,204
1,<environment.Job instance at 0x7fe79a81dcd0>,1,26,[10  4],2,4,30,2,4
1,<environment.Job instance at 0x7fe7e4b06960>,11,18,[5 5],12,37,55,25,37
1,<environment.Job instance at 0x7fe7e266a690>,12,16,[5 5],13,38,54,25,38
1,<environment.Job instance at 0x7fe79ab05b90>,17,18,[9 5],18,111,129,93,111
1,<environment.Job instance at 0x7fe7e22c77d0>,10,14,[2 5],11,41,55,30,41
1,<environment.Job instance at 0x7fe7e2366730>,7,13,[9 5],8,94,107,86,94
1,<environment.Job instance at 0x7fe7e22c7c30>,18,14,[2 7],19,119,133,100,119
1,<environment.Job instance at 0x7fe7e21285f0>,20,14,[3 7],21,133,147,112,122
1,<environment.Job instance at 0x7fe79ab9be10>,29,12,[5 7],30,262,274,232,262
1,<environment.Job instance at 0x7fe7e4f11dc0>,6,21,[8 1],7,11,32,4,11
1,<environment.Job instance at 0x7fe7e4f30870>,12,23,[4 7],13,154,177,141,154
1,<environment.Job instance at 0x7fe7e4bc2a00>,16,15,[9 4],17,194,209,177,194
1,<environment.Job instance at 0x7fe7e4bc2370>,17,21,[4 6],18,209,230,191,208
1,<environment.Job instance at 0x7fe7e4f11640>,8,28,[8 3],9,230,258,221,229
1,<environment.Job instance at 0x7fe7e4bc25a0>,23,25,[2 7],24,275,300,251,275
1,<environment.Job instance at 0x7fe79a6fd5f0>,5,19,[7 3],6,6,25,0,6
1,<environment.Job instance at 0x7fe79a6fd140>,9,18,[3 8],10,41,59,31,41
1,<environment.Job instance at 0x7fe79a562500>,12,15,[4 8],13,59,74,46,45
1,<environment.Job instance at 0x7fe79a6fc1e0>,17,17,[ 1 10],18,118,135,100,118
1,<environment.Job instance at 0x7fe7e503cb90>,25,16,[1 7],26,211,227,185,211
1,<environment.Job instance at 0x7fe7e2281d20>,23,21,[9 1],24,214,235,190,214
1,<environment.Job instance at 0x7f9d3ab96cd0>,9,17,[8 1],10,44,61,34,44
1,<environment.Job instance at 0x7f9d3ab96f50>,11,14,[10  4],12,61,75,49,58
1,<environment.Job instance at 0x7f9d3ab96c80>,7,12,[7 2],8,81,93,73,81
1,<environment.Job instance at 0x7f9d3ab992d0>,18,18,[3 6],19,149,167,130,149
1,<environment.Job instance at 0x7f9d3ab96a50>,5,18,[7 5],6,168,186,162,168
1,<environment.Job instance at 0x7f9d3ab994b0>,20,18,[7 5],21,186,204,165,179
1,<environment.Job instance at 0x7f9d3be66690>,6,12,[6 1],7,10,22,3,10
1,<environment.Job instance at 0x7f9d3be66730>,7,13,[3 5],8,71,84,63,71
1,<environment.Job instance at 0x7f9d3bd1e9b0>,11,13,[7 2],12,71,84,59,71
1,<environment.Job instance at 0x7f9d3bd1e960>,12,18,[5 5],13,84,102,71,73
1,<environment.Job instance at 0x7f9d3bd1e1e0>,14,14,[9 1],15,102,116,87,92
1,<environment.Job instance at 0x7f9d3bd1e0a0>,15,19,[8 3],16,116,135,100,106
1,<environment.Job instance at 0x7f9d3bd1eb40>,18,13,[1 5],19,106,119,87,106
1,<environment.Job instance at 0x7f9d3bd1ee60>,21,17,[2 7],22,119,136,97,116
1,<environment.Job instance at 0x7f9d3be6e960>,27,17,[7 4],28,191,208,163,191
1,<environment.Job instance at 0x7f9cf0c14b40>,3,16,[1 8],4,37,53,33,37
1,<environment.Job instance at 0x7f9cf0bae7d0>,9,19,[4 7],10,53,72,43,50
1,<environment.Job instance at 0x7f9d3be6ef50>,4,24,[5 6],5,72,96,67,68
1,<environment.Job instance at 0x7f9cf0cb83c0>,22,18,[10  5],23,185,203,162,185
1,<environment.Job instance at 0x7f9cf0cb8c80>,15,16,[5 2],16,230,246,214,230
1,<environment.Job instance at 0x7f9cf0bae1e0>,11,27,[4 8],12,231,258,219,231
1,<environment.Job instance at 0x7f9cf0cb89b0>,28,28,[7 2],29,258,286,229,257
1,<environment.Job instance at 0x7f9cf0ce7a00>,2,14,[4 7],3,3,17,0,3
1,<environment.Job instance at 0x7f9d3aacf190>,6,24,[8 2],7,88,112,81,88
1,<environment.Job instance at 0x7f9d3be63eb0>,4,28,[6 3],5,20,48,15,20
1,<environment.Job instance at 0x7f9cf0b912d0>,10,17,[2 6],11,72,89,61,72
1,<environment.Job instance at 0x7f9cf0bd6460>,18,17,[1 7],19,156,173,137,156
1,<environment.Job instance at 0x7f9cf0c88fa0>,17,25,[8 3],18,241,266,223,241
1,<environment.Job instance at 0x7f9d3a9ff5f0>,32,14,[3 5],33,266,280,233,260
1,<environment.Job instance at 0x7f9cf0b77af0>,1,15,[4 8],2,8,23,6,8
1,<environment.Job instance at 0x7f9cf12185a0>,3,22,[10  2],4,37,59,33,37
1,<environment.Job instance at 0x7f9cf0b91960>,5,24,[8 2],6,62,86,56,62
1,<environment.Job instance at 0x7f9d3b6016e0>,11,25,[10  5],12,86,111,74,85
1,<environment.Job instance at 0x7f9d3a9c5640>,19,18,[ 3 10],20,120,138,100,120
1,<environment.Job instance at 0x7f9d3a9c59b0>,24,16,[8 3],25,179,195,154,179
1,<environment.Job instance at 0x7f9d3a9c43c0>,31,22,[4 8],32,256,278,224,256
1,<environment.Job instance at 0x7f9d3bc1ac30>,4,12,[8 2],5,26,38,21,26
1,<environment.Job instance at 0x7f9d3ae2c0a0>,8,13,[1 7],9,27,40,18,27
1,<environment.Job instance at 0x7f9cf0e18c80>,7,13,[7 5],8,40,53,32,32
1,<environment.Job instance at 0x7f9cf0e18140>,12,15,[10  5],13,60,75,47,60
1,<environment.Job instance at 0x7f9d3aec4eb0>,5,24,[ 4 10],6,76,100,70,76
1,<environment.Job instance at 0x7f9cf0ee0820>,13,24,[6 1],14,100,124,86,97
1,<environment.Job instance at 0x7f9d3b1a2500>,18,15,[4 9],19,100,115,81,97
1,<environment.Job instance at 0x7f9d3ae86370>,32,12,[9 1],33,248,260,215,248
1,<environment.Job instance at 0x7f9cf0d3af50>,4,20,[2 8],5,19,39,14,19
1,<environment.Job instance at 0x7f9d3ae6c460>,2,23,[2 8],3,89,112,86,89
1,<environment.Job instance at 0x7f9cf0c88d20>,14,15,[6 4],15,112,127,97,105
1,<environment.Job instance at 0x7f9cf0c886e0>,19,16,[2 6],20,138,154,118,138
1,<environment.Job instance at 0x7f9cf0c88050>,24,22,[5 3],25,236,258,211,236
1,<environment.Job instance at 0x7f9cf11102d0>,7,12,[1 6],8,19,31,11,19
1,<environment.Job instance at 0x7f9cf1110c30>,9,16,[7 3],10,38,54,28,38
1,<environment.Job instance at 0x7f9cf0e55730>,12,14,[ 4 10],13,99,113,86,99
1,<environment.Job instance at 0x7f9cf0e55c30>,14,17,[2 5],15,113,130,98,103
1,<environment.Job instance at 0x7f9cf0e550f0>,20,21,[9 1],21,162,183,141,162
1,<environment.Job instance at 0x7f9cf0e55500>,26,15,[9 2],27,193,208,166,193
1,<environment.Job instance at 0x7f9cf0e55f00>,28,17,[7 3],29,214,231,185,214
1,<environment.Job instance at 0x7f9d3ae08820>,5,15,[7 2],6,9,24,3,9
1,<environment.Job instance at 0x7f9d3b8a9d20>,4,13,[ 5 10],5,24,37,19,9
1,<environment.Job instance at 0x7f9d3b80a0f0>,9,15,[2 6],10,37,52,27,29
1,<environment.Job instance at 0x7f9d3afb4640>,15,17,[ 5 10],16,142,159,126,142
1,<environment.Job instance at 0x7f9d3ae08a50>,3,21,[4 9],4,196,217,192,196
1,<environment.Job instance at 0x7f9d3acd8dc0>,28,12,[6 1],29,257,269,228,257
1,<environment.Job instance at 0x7f9d3ad28e60>,5,12,[4 8],6,6,18,0,6
1,<environment.Job instance at 0x7f9d3abae780>,1,17,[2 7],2,18,35,16,7
1,<environment.Job instance at 0x7f9d3aeb5d20>,15,16,[5 5],16,114,130,98,114
1,<environment.Job instance at 0x7f9d3aeb58c0>,17,17,[4 5],18,126,143,108,126
1,<environment.Job instance at 0x7f9d3aeb5af0>,19,13,[3 9],20,143,156,123,127
1,<environment.Job instance at 0x7f9cf10f4c80>,26,15,[8 2],27,188,203,161,188
1,<environment.Job instance at 0x7f9cf10f40a0>,28,15,[ 5 10],29,204,219,175,204
1,<environment.Job instance at 0x7f9d3abedeb0>,32,13,[1 8],33,232,245,199,232
1,<environment.Job instance at 0x7f9d3abedaa0>,31,13,[6 1],32,233,246,201,233
1,<environment.Job instance at 0x7f9d3abed370>,35,13,[ 5 10],36,247,260,211,247
1,<environment.Job instance at 0x7f9d3abed0f0>,36,15,[6 1],37,260,275,223,247
1,<environment.Job instance at 0x7f9d3b1de190>,8,13,[1 8],9,23,36,14,23
1,<environment.Job instance at 0x7f9d3accbb40>,21,13,[ 4 10],22,194,207,172,194
1,<environment.Job instance at 0x7f9d3accb780>,22,17,[3 9],23,207,224,184,195
1,<environment.Job instance at 0x7f9cf1114820>,4,23,[8 4],5,224,247,219,220
1,<environment.Job instance at 0x7f9cf0afc6e0>,27,12,[5 1],28,247,259,219,235
1,<environment.Job instance at 0x7f9cf0aedf50>,1,18,[5 7],2,39,57,37,39
1,<environment.Job instance at 0x7f9d3b1deaf0>,5,23,[5 5],6,57,80,51,52
1,<environment.Job instance at 0x7f9d3b1de960>,9,22,[1 7],10,95,117,85,95
1,<environment.Job instance at 0x7f9cf10a6eb0>,20,14,[1 7],21,207,221,186,207
1,<environment.Job instance at 0x7f9cf10a6e60>,26,15,[5 7],27,258,273,231,258
1,<environment.Job instance at 0x7f9d3b38ff00>,7,18,[9 1],8,60,78,52,60
1,<environment.Job instance at 0x7f9d3b38f050>,12,19,[5 3],13,110,129,97,110
1,<environment.Job instance at 0x7f9cf0ce1af0>,4,27,[5 1],5,124,151,119,124
1,<environment.Job instance at 0x7f9d3b38f4b0>,17,14,[8 2],18,155,169,137,155
1,<environment.Job instance at 0x7f9d3b38f460>,18,13,[5 3],19,169,182,150,155
1,<environment.Job instance at 0x7f9cf0ce1550>,2,24,[5 2],3,180,204,177,180
1,<environment.Job instance at 0x7f9d3aefd190>,22,23,[5 5],23,188,211,165,188
1,<environment.Job instance at 0x7f9d3aefdcd0>,21,26,[10  4],22,211,237,189,210
1,<environment.Job instance at 0x7f9d3aefdf50>,26,16,[9 4],27,237,253,210,224
1,<environment.Job instance at 0x7f9d3aefd550>,30,16,[ 3 10],31,260,276,229,260
1,<environment.Job instance at 0x7f9d3aefd500>,32,16,[5 5],33,276,292,243,263
1,<environment.Job instance at 0x7f9d3aefd500>,2,14,[9 1],3,5,19,2,5
1,<environment.Job instance at 0x7f9cf0ce1f00>,4,18,[8 3],5,19,37,14,10
1,<environment.Job instance at 0x7f9d3b30db40>,11,17,[3 5],12,37,54,25,25
1,<environment.Job instance at 0x7f9d3b4cd730>,18,16,[3 6],19,81,97,62,81
1,<environment.Job instance at 0x7f9d3ac521e0>,5,28,[3 8],6,100,128,94,100
1,<environment.Job instance at 0x7f9d3b0da960>,24,17,[10  4],25,129,146,104,129
1,<environment.Job instance at 0x7f9cf0fbf9b0>,21,26,[7 2],22,147,173,125,147
1,<environment.Job instance at 0x7f9d3b0fb190>,6,21,[8 1],7,14,35,7,14
1,<environment.Job instance at 0x7f9d3b0fb9b0>,10,18,[10  5],11,135,153,124,135
1,<environment.Job instance at 0x7f9d3b0fbf00>,12,23,[4 7],13,172,195,159,172
1,<environment.Job instance at 0x7f9d3b0fb7d0>,13,19,[ 4 10],14,195,214,181,191
1,<environment.Job instance at 0x7f9d3b524550>,18,14,[5 7],19,214,228,195,207
1,<environment.Job instance at 0x7f9d3b524be0>,1,14,[ 4 10],2,3,17,1,3
1,<environment.Job instance at 0x7f9cf0f055f0>,15,16,[1 7],16,143,159,127,143
1,<environment.Job instance at 0x7f9d3b524730>,2,15,[4 8],3,188,203,185,188
1,<environment.Job instance at 0x7f9d3b1c4500>,24,15,[2 5],25,246,261,221,246
1,<environment.Job instance at 0x7f9d3b4fa910>,7,16,[ 2 10],8,74,90,66,74
1,<environment.Job instance at 0x7f9cf0cc2f50>,13,19,[1 9],14,90,109,76,86
1,<environment.Job instance at 0x7f9cf0cc2370>,17,12,[10  1],18,109,121,91,94
1,<environment.Job instance at 0x7f9d3b4fa820>,6,15,[5 5],7,161,176,154,161
1,<environment.Job instance at 0x7f9d3a9a21e0>,21,17,[1 9],22,176,193,154,164
1,<environment.Job instance at 0x7f9d3ab3d870>,25,12,[ 1 10],26,205,217,179,205
1,<environment.Job instance at 0x7f9cf129a640>,28,17,[2 5],29,217,234,188,205
1,<environment.Job instance at 0x7f9cf0b8e690>,34,12,[6 3],35,248,260,213,248
1,<environment.Job instance at 0x7f9d3aecd050>,1,15,[2 7],2,2,17,0,2
1,<environment.Job instance at 0x7f9d3aecd5f0>,9,12,[7 4],10,17,29,7,10
1,<environment.Job instance at 0x7f9d3aecd2d0>,5,16,[3 9],6,29,45,23,29
1,<environment.Job instance at 0x7f9d3aecd550>,11,14,[8 1],12,52,66,40,52
1,<environment.Job instance at 0x7f9d3a93caa0>,18,17,[8 4],19,126,143,107,126
1,<environment.Job instance at 0x7f9d3a93c960>,20,14,[10  2],21,143,157,122,129
1,<environment.Job instance at 0x7f9d3a93caf0>,23,14,[4 9],24,157,171,133,149
1,<environment.Job instance at 0x7f9cf0aeaeb0>,29,15,[5 5],30,229,244,199,229
1,<environment.Job instance at 0x7f9cf0aea820>,31,12,[ 1 10],32,255,267,223,255
1,<environment.Job instance at 0x7f9d3ab30460>,6,12,[8 4],7,26,38,19,26
1,<environment.Job instance at 0x7f9d3ab30410>,7,16,[1 8],8,38,54,30,26
1,<environment.Job instance at 0x7f9cf0d422d0>,14,24,[2 5],15,94,118,79,94
1,<environment.Job instance at 0x7f9d3ac62370>,15,17,[5 3],16,122,139,106,122
1,<environment.Job instance at 0x7f9cf0d426e0>,19,26,[5 7],20,187,213,167,187
1,<environment.Job instance at 0x7f9d3adab8c0>,26,16,[9 3],27,213,229,186,204
1,<environment.Job instance at 0x7f15250de500>,7,12,[7 2],8,8,20,0,8
1,<environment.Job instance at 0x7f152a53d5a0>,2,18,[5 5],3,3,21,0,3
1,<environment.Job instance at 0x7f152a662410>,8,13,[1 5],9,10,23,1,10
1,<environment.Job instance at 0x7f152a661730>,11,17,[2 7],12,23,40,11,12
1,<environment.Job instance at 0x7f15250e0410>,5,19,[8 3],6,29,48,23,29
1,<environment.Job instance at 0x7f152a661410>,17,17,[7 4],18,51,68,33,51
1,<environment.Job instance at 0x7f14df380500>,11,15,[6 2],12,46,61,34,46
1,<environment.Job instance at 0x7f14df380d70>,5,24,[4 7],6,88,112,82,88
1,<environment.Job instance at 0x7f14df32ddc0>,33,16,[7 1],34,242,258,208,242
1,<environment.Job instance at 0x7f14df3dfaa0>,9,17,[2 8],10,34,51,24,34
1,<environment.Job instance at 0x7f14df3df820>,10,12,[5 9],11,51,63,40,34
1,<environment.Job instance at 0x7f14df4b47d0>,16,23,[3 8],17,84,107,67,84
1,<environment.Job instance at 0x7f14df3dfaf0>,13,15,[5 9],14,107,122,93,94
1,<environment.Job instance at 0x7f14df4b77d0>,3,28,[5 7],4,12,40,8,12
1,<environment.Job instance at 0x7f152a667f00>,12,12,[2 7],13,53,65,40,53
1,<environment.Job instance at 0x7f152a6678c0>,10,26,[5 5],11,90,116,79,90
1,<environment.Job instance at 0x7f152a667b90>,15,25,[5 3],16,106,131,90,106
1,<environment.Job instance at 0x7f14dfa812d0>,23,22,[10  2],24,161,183,137,161
1,<environment.Job instance at 0x7f14dfa81410>,25,24,[8 2],26,183,207,157,182
1,<environment.Job instance at 0x7f14dfa81730>,30,26,[4 7],31,222,248,191,222
1,<environment.Job instance at 0x7f14dfa832d0>,6,15,[5 7],7,25,40,18,25
1,<environment.Job instance at 0x7f14dfa83d20>,13,14,[4 9],14,113,127,99,113
1,<environment.Job instance at 0x7f152562f280>,30,14,[3 6],31,241,255,210,241
1,<environment.Job instance at 0x7f14df695d70>,4,20,[2 8],5,6,26,1,6
1,<environment.Job instance at 0x7f152562f730>,2,23,[2 8],3,63,86,60,63
1,<environment.Job instance at 0x7f152539a5f0>,14,15,[6 4],15,105,120,90,105
1,<environment.Job instance at 0x7f14df564910>,18,13,[7 1],19,139,152,120,139
1,<environment.Job instance at 0x7f1525115a50>,28,17,[9 1],29,258,275,229,258
1,<environment.Job instance at 0x7f1524f281e0>,5,14,[8 2],6,55,69,49,55
1,<environment.Job instance at 0x7f1524f287d0>,4,17,[2 5],5,55,72,50,55
1,<environment.Job instance at 0x7f1525c81730>,11,18,[5 8],12,72,90,60,70
1,<environment.Job instance at 0x7f14dfa0f1e0>,13,17,[6 1],14,90,107,76,87
1,<environment.Job instance at 0x7f14dfa0f0f0>,15,12,[ 2 10],16,107,119,91,104
1,<environment.Job instance at 0x7f14dfa0f2d0>,16,15,[9 2],17,119,134,102,107
1,<environment.Job instance at 0x7f14df6450a0>,18,17,[7 3],19,134,151,115,133
1,<environment.Job instance at 0x7f14df645500>,20,28,[7 2],21,151,179,130,150
1,<environment.Job instance at 0x7f1525851a00>,26,20,[2 6],27,201,221,174,201
1,<environment.Job instance at 0x7f14df4b35a0>,28,25,[1 6],29,221,246,192,218
1,<environment.Job instance at 0x7f1524f16c80>,32,24,[2 5],33,247,271,214,247
1,<environment.Job instance at 0x7f15257aa190>,12,14,[9 5],13,73,87,60,73
1,<environment.Job instance at 0x7f15257aab90>,15,28,[5 5],16,101,129,85,101
1,<environment.Job instance at 0x7f14df5b1140>,2,13,[1 8],3,3,16,0,3
1,<environment.Job instance at 0x7f14df5b1050>,8,14,[6 5],9,28,42,19,28
1,<environment.Job instance at 0x7f1524f081e0>,30,13,[5 8],31,229,242,198,229
1,<environment.Job instance at 0x7f14df994870>,8,12,[1 7],9,50,62,41,50
1,<environment.Job instance at 0x7f1525c08410>,2,27,[9 3],3,50,77,47,50
1,<environment.Job instance at 0x7f15255678c0>,18,17,[9 4],19,162,179,143,162
1,<environment.Job instance at 0x7f14df791320>,25,23,[5 5],26,227,250,201,227
1,<environment.Job instance at 0x7f15251153c0>,11,27,[5 5],12,84,111,72,84
1,<environment.Job instance at 0x7f1525115c80>,12,24,[5 2],13,114,138,101,114
1,<environment.Job instance at 0x7f14df5bf4b0>,14,27,[5 1],15,114,141,99,114
1,<environment.Job instance at 0x7f14df9ee460>,19,27,[5 1],20,203,230,183,203
1,<environment.Job instance at 0x7f14df9ee7d0>,22,19,[5 3],23,205,224,182,205
1,<environment.Job instance at 0x7f14df9eeb90>,28,13,[5 3],29,250,263,221,250
1,<environment.Job instance at 0x7f14df9eed70>,31,26,[10  4],32,270,296,238,270
1,<environment.Job instance at 0x7f14df640a50>,11,17,[3 5],12,36,53,24,36
1,<environment.Job instance at 0x7f14df640cd0>,17,13,[9 5],18,77,90,59,77
1,<environment.Job instance at 0x7f14df640d70>,18,16,[3 6],19,90,106,71,77
1,<environment.Job instance at 0x7f14df9acc30>,24,17,[10  4],25,155,172,130,155
1,<environment.Job instance at 0x7f14df9ac3c0>,31,20,[9 4],32,194,214,162,194
1,<environment.Job instance at 0x7f15256ef820>,2,23,[4 7],3,20,43,17,20
1,<environment.Job instance at 0x7f152501c690>,7,21,[4 6],8,127,148,119,127
1,<environment.Job instance at 0x7f152500b730>,22,25,[8 3],23,176,201,153,176
1,<environment.Job instance at 0x7f14df8aa460>,27,22,[2 7],28,214,236,186,214
1,<environment.Job instance at 0x7f14df8aaaf0>,29,13,[ 1 10],30,236,249,206,221
1,<environment.Job instance at 0x7f14df8aa8c0>,33,13,[8 2],34,249,262,215,247
1,<environment.Job instance at 0x7f15256efdc0>,4,15,[2 5],5,6,21,1,6
1,<environment.Job instance at 0x7f15257c6c30>,6,25,[7 3],7,51,76,44,51
1,<environment.Job instance at 0x7f14df8f8a50>,22,18,[10  2],23,189,207,166,189
1,<environment.Job instance at 0x7f14df1b8140>,27,17,[2 6],28,248,265,220,248
1,<environment.Job instance at 0x7f14df1d90f0>,9,13,[10  4],10,27,40,17,27
1,<environment.Job instance at 0x7f15254044b0>,5,14,[1 7],6,7,21,1,7
1,<environment.Job instance at 0x7f14df38f1e0>,6,13,[4 5],7,21,34,14,7
1,<environment.Job instance at 0x7f15258709b0>,3,14,[4 5],4,49,63,45,49
1,<environment.Job instance at 0x7f14df846140>,18,12,[8 4],19,129,141,110,129
1,<environment.Job instance at 0x7f1525585910>,1,13,[9 2],2,5,18,3,5
1,<environment.Job instance at 0x7f15251a9500>,6,14,[4 8],7,18,32,11,7
1,<environment.Job instance at 0x7f1524f9b820>,2,12,[4 7],3,32,44,29,21
1,<environment.Job instance at 0x7f14df6fa460>,18,14,[5 7],19,134,148,115,134
1,<environment.Job instance at 0x7f1525a20320>,27,22,[5 7],28,246,268,218,246
1,<environment.Job instance at 0x7f1525a3fcd0>,28,22,[ 1 10],29,268,290,239,262
1,<environment.Job instance at 0x7f1525874050>,7,16,[1 6],8,17,33,9,17
1,<environment.Job instance at 0x7f152571f460>,10,24,[6 1],11,44,68,33,44
1,<environment.Job instance at 0x7f14df29b050>,5,12,[ 5 10],6,68,80,62,52
1,<environment.Job instance at 0x7f15254fd460>,11,16,[4 6],12,83,99,71,83
1,<environment.Job instance at 0x7f15254fd320>,12,15,[5 1],13,83,98,70,83
1,<environment.Job instance at 0x7f0b17bbf500>,7,12,[7 2],8,9,21,1,9
1,<environment.Job instance at 0x7f0b17bbf780>,11,14,[10  4],12,29,43,17,29
1,<environment.Job instance at 0x7f0b17bc3370>,26,20,[4 8],27,247,267,220,247
1,<environment.Job instance at 0x7f0b1f145190>,7,17,[7 4],8,15,32,7,15
1,<environment.Job instance at 0x7f0ad3fb8230>,7,13,[4 5],8,8,21,0,8
1,<environment.Job instance at 0x7f0ad3fb8aa0>,11,18,[ 4 10],12,48,66,36,48
1,<environment.Job instance at 0x7f0ad3fb8f50>,13,16,[7 1],14,66,82,52,53
1,<environment.Job instance at 0x7f0ad3fb8eb0>,17,18,[10  1],18,107,125,89,107
1,<environment.Job instance at 0x7f0ad3fb8e10>,21,13,[ 4 10],22,159,172,137,159
1,<environment.Job instance at 0x7f0ad3fb8460>,22,14,[4 7],23,172,186,149,168
1,<environment.Job instance at 0x7f0ad3f55cd0>,25,19,[5 1],26,190,209,164,190
1,<environment.Job instance at 0x7f0ad3f55780>,26,24,[8 2],27,213,237,186,213
1,<environment.Job instance at 0x7f0ad3fb8410>,18,27,[9 4],19,237,264,218,236
1,<environment.Job instance at 0x7f0ad3f83730>,4,28,[6 3],5,19,47,14,19
1,<environment.Job instance at 0x7f0ad3f830f0>,9,21,[6 4],10,101,122,91,101
1,<environment.Job instance at 0x7f0ad3fbc870>,14,19,[10  4],15,122,141,107,122
1,<environment.Job instance at 0x7f0ad438fc30>,20,12,[6 2],21,154,166,133,154
1,<environment.Job instance at 0x7f0ad407efa0>,24,12,[1 8],25,172,184,147,172
1,<environment.Job instance at 0x7f0ad3ece140>,6,22,[9 4],7,103,125,96,103
1,<environment.Job instance at 0x7f0ad4326aa0>,13,16,[2 8],14,143,159,129,143
1,<environment.Job instance at 0x7f0b180116e0>,27,17,[6 3],28,239,256,211,239
1,<environment.Job instance at 0x7f0b180118c0>,30,17,[2 8],31,265,282,234,265
1,<environment.Job instance at 0x7f0ad4326500>,5,14,[9 5],6,6,20,0,6
1,<environment.Job instance at 0x7f0ad3dc6190>,10,16,[ 1 10],11,30,46,19,30
1,<environment.Job instance at 0x7f0ad3e20640>,19,28,[6 2],20,130,158,110,130
1,<environment.Job instance at 0x7f0ad4326a50>,6,28,[1 9],7,171,199,164,171
1,<environment.Job instance at 0x7f0ad3e20870>,24,20,[2 8],25,225,245,200,225
1,<environment.Job instance at 0x7f0ad40f5dc0>,7,12,[1 6],8,20,32,12,20
1,<environment.Job instance at 0x7f0ad4189eb0>,9,16,[7 3],10,33,49,23,33
1,<environment.Job instance at 0x7f0b17fba550>,12,14,[ 4 10],13,100,114,87,100
1,<environment.Job instance at 0x7f0ad41fe960>,14,17,[2 5],15,114,131,99,102
1,<environment.Job instance at 0x7f0ad43880a0>,15,14,[8 2],16,114,128,98,102
1,<environment.Job instance at 0x7f0b1a8ad960>,20,21,[9 1],21,178,199,157,178
1,<environment.Job instance at 0x7f0ad3ece6e0>,5,25,[4 9],6,74,99,68,74
1,<environment.Job instance at 0x7f0b17b145a0>,12,14,[9 5],13,99,113,86,84
1,<environment.Job instance at 0x7f0b17b140f0>,24,16,[5 5],25,216,232,191,216
1,<environment.Job instance at 0x7f0b1a215910>,20,13,[5 8],21,162,175,141,162
1,<environment.Job instance at 0x7f0ad4496c80>,9,22,[1 7],10,63,85,53,63
1,<environment.Job instance at 0x7f0ad4496d20>,10,19,[5 6],11,99,118,88,99
1,<environment.Job instance at 0x7f0ad3cb3c80>,20,14,[1 7],21,233,247,212,233
1,<environment.Job instance at 0x7f0b17aeed20>,5,14,[4 7],6,19,33,13,19
1,<environment.Job instance at 0x7f0b17e34eb0>,8,14,[ 2 10],9,33,47,24,19
1,<environment.Job instance at 0x7f0ad420ba00>,10,16,[ 3 10],11,47,63,36,35
1,<environment.Job instance at 0x7f0ad3cae4b0>,23,23,[5 8],24,144,167,120,144
1,<environment.Job instance at 0x7f0b17f3ca50>,5,18,[1 6],6,6,24,0,6
1,<environment.Job instance at 0x7f0b1a292f50>,6,15,[6 1],7,17,32,10,17
1,<environment.Job instance at 0x7f0b1a7bf370>,9,17,[4 6],10,24,41,14,18
1,<environment.Job instance at 0x7f0b17cdf5f0>,10,13,[3 8],11,41,54,30,25
1,<environment.Job instance at 0x7f0ad40d1050>,12,17,[1 8],13,54,71,41,46
1,<environment.Job instance at 0x7f0b17d122d0>,14,17,[1 9],15,100,117,85,100
1,<environment.Job instance at 0x7f0ad43986e0>,19,26,[6 2],20,142,168,122,142
1,<environment.Job instance at 0x7f0ad4395410>,1,14,[ 4 10],2,3,17,1,3
1,<environment.Job instance at 0x7f0ad4395640>,15,16,[1 7],16,143,159,127,143
1,<environment.Job instance at 0x7f0ad4395460>,2,15,[4 8],3,159,174,156,149
1,<environment.Job instance at 0x7f0b1a2b24b0>,24,15,[2 5],25,250,265,225,250
1,<environment.Job instance at 0x7f0b1a2b25f0>,25,18,[9 5],26,265,283,239,263
1,<environment.Job instance at 0x7f0b17e38fa0>,0,12,[10  1],1,1,13,0,1
1,<environment.Job instance at 0x7f0b18016eb0>,19,13,[10  4],20,108,121,88,108
1,<environment.Job instance at 0x7f0b17df8fa0>,27,13,[3 9],28,257,270,229,257
1,<environment.Job instance at 0x7f0b17d0b6e0>,18,12,[8 4],19,181,193,162,181
1,<environment.Job instance at 0x7f0ad45240f0>,7,20,[4 5],8,33,53,25,33
1,<environment.Job instance at 0x7f0ad45240a0>,4,28,[3 6],5,168,196,163,168
1,<environment.Job instance at 0x7f0ad43d35a0>,8,15,[10  1],9,12,27,3,12
1,<environment.Job instance at 0x7f0b1a32ccd0>,6,14,[1 8],7,46,60,39,46
1,<environment.Job instance at 0x7f0ad430a230>,13,16,[3 7],14,72,88,58,72
1,<environment.Job instance at 0x7f0ad430a820>,12,23,[4 6],13,88,111,75,87
1,<environment.Job instance at 0x7f0b17928870>,11,13,[10  3],12,106,119,94,106
1,<environment.Job instance at 0x7f0ad43baf00>,7,16,[9 1],8,119,135,111,109
1,<environment.Job instance at 0x7f0b1a680fa0>,14,14,[3 7],15,135,149,120,134
1,<environment.Job instance at 0x7f0b1a680500>,24,18,[5 6],25,225,243,200,225
1,<environment.Job instance at 0x7f0b1a680f50>,18,25,[2 5],19,243,268,224,241
1,<environment.Job instance at 0x7f0b1a255280>,26,15,[ 4 10],27,268,283,241,255
1,<environment.Job instance at 0x7f0b1a3c36e0>,6,13,[10  1],7,25,38,18,25
1,<environment.Job instance at 0x7f0b1a3c3870>,8,15,[ 5 10],9,38,53,29,27
1,<environment.Job instance at 0x7f0b1a1a3410>,9,23,[ 4 10],10,68,91,58,68
1,<environment.Job instance at 0x7f0ad3f6a2d0>,17,15,[ 4 10],18,91,106,73,79
1,<environment.Job instance at 0x7f0ad4120aa0>,19,28,[1 7],20,116,144,96,116
1,<environment.Job instance at 0x7f0ad44f0eb0>,24,14,[9 1],25,132,146,107,132
1,<environment.Job instance at 0x7f0b17b41b90>,27,16,[5 1],28,173,189,145,173
1,<environment.Job instance at 0x7f0b18063e60>,29,13,[8 3],30,201,214,171,201
1,<environment.Job instance at 0x7fee01fc3500>,7,12,[7 2],8,8,20,0,8
1,<environment.Job instance at 0x7fee01fc5730>,31,13,[4 5],32,269,282,237,269
1,<environment.Job instance at 0x7fee09543f50>,12,12,[10  1],13,128,140,115,128
1,<environment.Job instance at 0x7fedbe2bf960>,1,22,[6 1],2,8,30,6,8
1,<environment.Job instance at 0x7fedbe357820>,6,18,[4 9],7,8,26,1,8
1,<environment.Job instance at 0x7fedbe373500>,5,20,[5 5],6,46,66,40,46
1,<environment.Job instance at 0x7fedbe2bf640>,2,14,[3 5],3,109,123,106,109
1,<environment.Job instance at 0x7fedbe3a2be0>,19,16,[7 2],20,160,176,140,160
1,<environment.Job instance at 0x7fedbe222140>,21,22,[ 1 10],22,183,205,161,183
1,<environment.Job instance at 0x7fedbe222190>,22,12,[2 7],23,205,217,182,188
1,<environment.Job instance at 0x7fedbe222960>,25,25,[5 3],26,214,239,188,214
1,<environment.Job instance at 0x7fedbe222370>,27,26,[7 1],28,239,265,211,238
1,<environment.Job instance at 0x7fedbe357d20>,6,18,[8 1],7,8,26,1,8
1,<environment.Job instance at 0x7fedbe373f00>,8,13,[1 7],9,26,39,17,26
1,<environment.Job instance at 0x7fedbe35f730>,4,12,[8 2],5,46,58,41,46
1,<environment.Job instance at 0x7fedbe3a3a50>,7,13,[7 5],8,58,71,50,46
1,<environment.Job instance at 0x7fee0954d730>,21,25,[9 2],22,145,170,123,145
1,<environment.Job instance at 0x7fedbe1ccd20>,5,14,[5 8],6,39,53,33,39
1,<environment.Job instance at 0x7fedbe1cceb0>,6,28,[5 2],7,39,67,32,39
1,<environment.Job instance at 0x7fedbe1ccf00>,10,22,[5 6],11,92,114,81,92
1,<environment.Job instance at 0x7fedbe1cc9b0>,4,12,[3 5],5,114,126,109,103
1,<environment.Job instance at 0x7fedbe1cce60>,9,19,[6 4],10,126,145,116,126
1,<environment.Job instance at 0x7fedbe65dfa0>,19,16,[2 5],20,144,160,124,144
1,<environment.Job instance at 0x7fedbe65dbe0>,23,14,[1 9],24,174,188,150,174
1,<environment.Job instance at 0x7fee093f7cd0>,29,12,[2 9],30,267,279,237,267
1,<environment.Job instance at 0x7fee0210fcd0>,4,13,[ 5 10],5,9,22,4,9
1,<environment.Job instance at 0x7fedbe425e10>,17,14,[ 3 10],18,129,143,111,129
1,<environment.Job instance at 0x7fedbe42c0f0>,12,26,[9 3],13,258,284,245,258
1,<environment.Job instance at 0x7fee02458b90>,2,13,[1 8],3,3,16,0,3
1,<environment.Job instance at 0x7fee045f00f0>,8,14,[6 5],9,28,42,19,28
1,<environment.Job instance at 0x7fedbe4b8640>,30,13,[5 8],31,227,240,196,227
1,<environment.Job instance at 0x7fedbe629b40>,1,18,[5 7],2,6,24,4,6
1,<environment.Job instance at 0x7fee02413c30>,9,22,[1 7],10,43,65,33,43
1,<environment.Job instance at 0x7fee024135a0>,10,19,[5 6],11,65,84,54,57
1,<environment.Job instance at 0x7fedbe309d70>,25,14,[1 6],26,216,230,190,216
1,<environment.Job instance at 0x7fedbe309aa0>,26,15,[5 7],27,230,245,203,216
1,<environment.Job instance at 0x7fee01fa4f00>,0,16,[ 3 10],1,1,17,0,1
1,<environment.Job instance at 0x7fedbe664960>,8,19,[4 5],9,17,36,8,9
1,<environment.Job instance at 0x7fee04cb2be0>,6,21,[8 1],7,8,29,1,8
1,<environment.Job instance at 0x7fee0228bc30>,8,28,[8 3],9,32,60,23,32
1,<environment.Job instance at 0x7fedbe615d70>,14,18,[10  1],15,145,163,130,145
1,<environment.Job instance at 0x7fedbe86f3c0>,16,15,[9 4],17,237,252,220,237
1,<environment.Job instance at 0x7fedbe763230>,12,18,[10  2],13,102,120,89,102
1,<environment.Job instance at 0x7fee0494e690>,1,15,[2 7],2,2,17,0,2
1,<environment.Job instance at 0x7fee0494ea00>,4,13,[3 5],5,17,30,12,7
1,<environment.Job instance at 0x7fedbe3a32d0>,11,14,[8 1],12,30,44,18,29
1,<environment.Job instance at 0x7fee0494ebe0>,9,12,[7 4],10,44,56,34,30
1,<environment.Job instance at 0x7fee0471efa0>,4,14,[ 2 10],5,55,69,50,55
1,<environment.Job instance at 0x7fedbe1fec80>,3,18,[3 8],4,17,35,13,17
1,<environment.Job instance at 0x7fedbe0a7910>,5,12,[ 5 10],6,35,47,29,18
1,<environment.Job instance at 0x7fee021d6730>,10,24,[6 1],11,47,71,36,45
1,<environment.Job instance at 0x7fee023b9eb0>,5,19,[2 5],6,112,131,106,112
1,<environment.Job instance at 0x7fedbe4db910>,14,22,[1 8],15,137,159,122,137
1,<environment.Job instance at 0x7fedbe4dbe10>,17,16,[9 1],18,158,174,140,158
1,<environment.Job instance at 0x7fedbe4db1e0>,18,27,[2 9],19,174,201,155,174
1,<environment.Job instance at 0x7fedbe4dbcd0>,21,13,[10  3],22,201,214,179,198
1,<environment.Job instance at 0x7fee01e44aa0>,24,16,[4 9],25,260,276,235,260
1,<environment.Job instance at 0x7fee02292b40>,13,25,[2 8],14,79,104,65,79
1,<environment.Job instance at 0x7fee02292c30>,15,15,[3 9],16,104,119,88,90
1,<environment.Job instance at 0x7fee02292d70>,14,14,[9 1],15,119,133,104,104
1,<environment.Job instance at 0x7fee0490fb40>,1,17,[9 4],2,15,32,13,15
1,<environment.Job instance at 0x7fee0231c910>,6,17,[4 8],7,32,49,25,20
1,<environment.Job instance at 0x7fee022105a0>,17,13,[7 1],18,94,107,76,94
1,<environment.Job instance at 0x7fee02210b40>,20,12,[3 8],21,112,124,91,112
1,<environment.Job instance at 0x7fee02210910>,22,15,[5 6],23,124,139,101,112
1,<environment.Job instance at 0x7fee02210be0>,24,24,[7 4],25,161,185,136,161
1,<environment.Job instance at 0x7fee02210c80>,28,18,[3 6],29,171,189,142,171
1,<environment.Job instance at 0x7fee01faa820>,13,13,[ 2 10],14,90,103,76,90
1,<environment.Job instance at 0x7fee02044820>,26,16,[9 5],27,230,246,203,230
1,<environment.Job instance at 0x7f7ae340f280>,5,18,[7 5],6,7,25,1,7
1,<environment.Job instance at 0x7f7ae340f820>,11,14,[10  4],12,29,43,17,29
1,<environment.Job instance at 0x7f7ae340ff00>,23,18,[7 4],24,208,226,184,208
1,<environment.Job instance at 0x7f7ae341bfa0>,2,12,[10  1],3,15,27,12,15
1,<environment.Job instance at 0x7f7a9f6e8640>,3,23,[10  3],4,18,41,14,18
1,<environment.Job instance at 0x7f7a9f710eb0>,16,17,[10  4],17,122,139,105,122
1,<environment.Job instance at 0x7f7a9f7107d0>,21,14,[2 9],22,171,185,149,171
1,<environment.Job instance at 0x7f7a9f710d70>,20,12,[5 9],21,192,204,171,192
1,<environment.Job instance at 0x7f7a9f710190>,23,15,[5 9],24,204,219,180,203
1,<environment.Job instance at 0x7f7a9f710370>,24,28,[4 8],25,221,249,196,221
1,<environment.Job instance at 0x7f7a9f660aa0>,7,14,[8 5],8,15,29,7,15
1,<environment.Job instance at 0x7f7a9f7c8280>,3,22,[10  2],4,101,123,97,101
1,<environment.Job instance at 0x7f7aea997af0>,20,14,[7 2],21,138,152,117,138
1,<environment.Job instance at 0x7f7aea997aa0>,19,18,[ 3 10],20,152,170,132,141
1,<environment.Job instance at 0x7f7a9f80c050>,5,14,[9 5],6,33,47,27,33
1,<environment.Job instance at 0x7f7a9fad3140>,9,26,[3 5],10,48,74,38,48
1,<environment.Job instance at 0x7f7a9f80c870>,7,26,[7 3],8,64,90,56,64
1,<environment.Job instance at 0x7f7a9fba9280>,19,28,[6 2],20,120,148,100,120
1,<environment.Job instance at 0x7f7a9fd43fa0>,22,23,[2 8],23,189,212,166,189
1,<environment.Job instance at 0x7f7a9fba9230>,24,20,[2 8],25,212,232,187,209
1,<environment.Job instance at 0x7f7a9fafadc0>,28,25,[6 1],29,243,268,214,243
1,<environment.Job instance at 0x7f7a9f61c4b0>,3,17,[6 1],4,7,24,3,7
1,<environment.Job instance at 0x7f7a9f61c190>,8,17,[7 3],9,24,41,15,14
1,<environment.Job instance at 0x7f7a9f61c690>,6,15,[9 2],7,41,56,34,28
1,<environment.Job instance at 0x7f7a9f846fa0>,18,25,[1 6],19,116,141,97,116
1,<environment.Job instance at 0x7f7aea843140>,22,24,[2 5],23,141,165,118,136
1,<environment.Job instance at 0x7f7aea843410>,25,27,[4 9],26,168,195,142,168
1,<environment.Job instance at 0x7f7ae9d67af0>,29,19,[10  1],30,195,214,165,193
1,<environment.Job instance at 0x7f7a9f9478c0>,4,24,[9 2],5,7,31,2,7
1,<environment.Job instance at 0x7f7ae31d94b0>,19,13,[3 9],20,102,115,82,102
1,<environment.Job instance at 0x7f7ae3805c80>,21,16,[6 5],22,117,133,95,117
1,<environment.Job instance at 0x7f7a9f864050>,24,26,[ 1 10],25,176,202,151,176
1,<environment.Job instance at 0x7f7a9fa09320>,32,13,[1 8],33,202,215,169,198
1,<environment.Job instance at 0x7f7ae9ebeeb0>,38,14,[6 5],39,224,238,185,224
1,<environment.Job instance at 0x7f7ae9ebef50>,40,12,[1 5],41,240,252,199,240
1,<environment.Job instance at 0x7f7ae31c1cd0>,2,27,[9 3],3,67,94,64,67
1,<environment.Job instance at 0x7f7ae9cf9a50>,12,18,[5 8],13,94,112,81,87
1,<environment.Job instance at 0x7f7ae9cf9a50>,5,14,[4 7],6,8,22,2,8
1,<environment.Job instance at 0x7f7a9fbb09b0>,6,16,[9 4],7,22,38,15,9
1,<environment.Job instance at 0x7f7a9fd41d70>,11,18,[5 5],12,40,58,28,40
1,<environment.Job instance at 0x7f7ae9d4b500>,1,26,[10  4],2,118,144,116,118
1,<environment.Job instance at 0x7f7aaa41e820>,26,16,[8 3],27,195,211,168,195
1,<environment.Job instance at 0x7f7ae9ce7320>,6,21,[8 1],7,8,29,1,8
1,<environment.Job instance at 0x7f7ae33ab4b0>,10,18,[10  5],11,93,111,82,93
1,<environment.Job instance at 0x7f7a9f984f00>,13,19,[ 4 10],14,136,155,122,136
1,<environment.Job instance at 0x7f7aea1efa50>,14,18,[10  1],15,155,173,140,144
1,<environment.Job instance at 0x7f7ae359f500>,2,18,[10  2],3,3,21,0,3
1,<environment.Job instance at 0x7f7ae9fe3500>,14,17,[3 5],15,108,125,93,108
1,<environment.Job instance at 0x7f7a9fd58640>,26,15,[5 5],27,223,238,196,223
1,<environment.Job instance at 0x7f7a9fd58410>,24,23,[1 8],25,248,271,223,248
1,<environment.Job instance at 0x7f7a9fc8dd70>,11,12,[ 1 10],12,48,60,36,48
1,<environment.Job instance at 0x7f7a9fc8d1e0>,23,14,[4 5],24,239,253,215,239
1,<environment.Job instance at 0x7f7ae9e77280>,2,19,[2 6],3,4,23,1,4
1,<environment.Job instance at 0x7f7ae31d3f50>,6,18,[2 5],7,47,65,40,47
1,<environment.Job instance at 0x7f7a9fcef500>,13,16,[1 7],14,65,81,51,53
1,<environment.Job instance at 0x7f7a9fcef050>,17,17,[5 7],18,81,98,63,76
1,<environment.Job instance at 0x7f7a9fcefd70>,18,17,[6 2],19,107,124,88,107
1,<environment.Job instance at 0x7f7ae9c045a0>,25,16,[10  3],26,149,165,123,149
1,<environment.Job instance at 0x7f7ae9c18b90>,29,17,[9 4],30,220,237,190,220
1,<environment.Job instance at 0x7f7ae9c18d20>,32,20,[5 3],33,247,267,214,247
1,<environment.Job instance at 0x7f7ae9e77b90>,3,18,[7 1],4,5,23,1,5
1,<environment.Job instance at 0x7f7ae9c180a0>,6,24,[3 7],7,9,33,2,9
1,<environment.Job instance at 0x7f7ae34bc7d0>,9,13,[5 8],10,33,46,23,25
1,<environment.Job instance at 0x7f7a9fc05230>,8,25,[3 6],9,59,84,50,59
1,<environment.Job instance at 0x7f7ae35fad70>,18,19,[2 5],19,127,146,108,127
1,<environment.Job instance at 0x7f7a9f5f11e0>,26,19,[3 7],27,193,212,166,193
1,<environment.Job instance at 0x7f7a9f5f19b0>,29,17,[5 4],30,238,255,208,238
1,<environment.Job instance at 0x7f7ae37cc0a0>,4,16,[10  2],5,5,21,0,5
1,<environment.Job instance at 0x7f7a9f7b0820>,5,12,[3 5],6,21,33,15,9
1,<environment.Job instance at 0x7f7a9f7b0c30>,12,14,[10  2],13,55,69,42,55
1,<environment.Job instance at 0x7f7ae366d1e0>,14,14,[4 8],15,80,94,65,80
1,<environment.Job instance at 0x7f7ae366dc80>,15,12,[9 1],16,94,106,78,80
1,<environment.Job instance at 0x7f7a9fad3050>,28,15,[ 5 10],29,260,275,231,260
1,<environment.Job instance at 0x7f7a9fad3af0>,2,27,[7 4],3,5,32,2,5
1,<environment.Job instance at 0x7f7ae37ccaf0>,8,20,[6 3],9,32,52,23,29
1,<environment.Job instance at 0x7f7ae3572c30>,12,24,[9 3],13,52,76,39,50
1,<environment.Job instance at 0x7f7ae31c4690>,14,12,[7 1],15,76,88,61,60
1,<environment.Job instance at 0x7f7ae31c4aa0>,17,19,[8 4],18,88,107,70,85
1,<environment.Job instance at 0x7f7ae31c44b0>,18,12,[7 5],19,107,119,88,99
1,<environment.Job instance at 0x7f7ae31c4af0>,20,18,[9 3],21,119,137,98,108
1,<environment.Job instance at 0x7f7a9fb1d0a0>,22,24,[8 5],23,137,161,114,132
1,<environment.Job instance at 0x7f7a9fb44960>,26,17,[4 8],27,161,178,134,150
1,<environment.Job instance at 0x7f7a9fb44460>,28,16,[8 4],29,178,194,149,167
1,<environment.Job instance at 0x7f7a9fb44d20>,31,21,[9 3],32,213,234,181,213
1,<environment.Job instance at 0x7f7a9f6219b0>,6,14,[9 3],7,27,41,20,27
1,<environment.Job instance at 0x7f7aea3530a0>,19,16,[9 4],20,177,193,157,177
1,<environment.Job instance at 0x7f7aea353c80>,21,17,[5 5],22,193,210,171,181
1,<environment.Job instance at 0x7f7a9fc60280>,30,18,[ 1 10],31,255,273,224,255
1,<environment.Job instance at 0x7f7ae3291b40>,7,24,[8 2],8,18,42,10,18
1,<environment.Job instance at 0x7f7ae9ce3cd0>,9,17,[3 5],10,67,84,57,67
1,<environment.Job instance at 0x7f7ae9e771e0>,1,19,[5 4],2,2,21,0,2
1,<environment.Job instance at 0x7f7a9fab54b0>,12,16,[1 7],13,130,146,117,130
1,<environment.Job instance at 0x7f7a9fad3910>,13,25,[7 1],14,154,179,140,154
1,<environment.Job instance at 0x7f7a9fad3cd0>,16,20,[1 7],17,161,181,144,161
1,<environment.Job instance at 0x7f7aea849460>,17,23,[10  3],18,190,213,172,190
1,<environment.Job instance at 0x7f7ae3644f50>,21,17,[7 5],22,213,230,191,212
1,<environment.Job instance at 0x7f7ae3644af0>,23,28,[7 5],24,232,260,208,232
1,<environment.Job instance at 0x7f2bbb104550>,7,12,[7 2],8,8,20,0,8
1,<environment.Job instance at 0x7f2bbb104fa0>,20,18,[7 5],21,167,185,146,167
1,<environment.Job instance at 0x7f2bc26815f0>,10,15,[9 2],11,31,46,20,31
1,<environment.Job instance at 0x7f2b77354eb0>,7,15,[5 6],8,9,24,1,9
1,<environment.Job instance at 0x7f2b77354f00>,3,15,[5 9],4,24,39,20,13
1,<environment.Job instance at 0x7f2b773544b0>,6,23,[3 8],7,64,87,57,64
1,<environment.Job instance at 0x7f2b77354410>,19,20,[6 2],20,153,173,133,153
1,<environment.Job instance at 0x7f2b7735a280>,29,21,[6 4],30,266,287,236,266
1,<environment.Job instance at 0x7f2b7735a910>,30,17,[2 6],31,269,286,238,269
1,<environment.Job instance at 0x7f2b773f6cd0>,3,16,[2 8],4,4,20,0,4
1,<environment.Job instance at 0x7f2b773f6aa0>,9,19,[1 8],10,20,39,10,19
1,<environment.Job instance at 0x7f2b773f6c80>,10,12,[4 7],11,39,51,28,22
1,<environment.Job instance at 0x7f2b7735a910>,5,13,[2 5],6,51,64,45,46
1,<environment.Job instance at 0x7f2b774e1140>,17,17,[6 3],18,65,82,47,65
1,<environment.Job instance at 0x7f2b774e13c0>,20,17,[2 8],21,158,175,137,158
1,<environment.Job instance at 0x7f2b774e1370>,15,27,[2 8],16,176,203,160,176
1,<environment.Job instance at 0x7f2b778da0f0>,30,17,[5 4],31,223,240,192,223
1,<environment.Job instance at 0x7f2b773f65f0>,4,22,[5 3],5,5,27,0,5
1,<environment.Job instance at 0x7f2b778cf370>,15,14,[5 8],16,117,131,101,117
1,<environment.Job instance at 0x7f2bbb3720f0>,10,20,[6 5],11,194,214,183,194
1,<environment.Job instance at 0x7f2b77537f00>,4,23,[8 4],5,44,67,39,44
1,<environment.Job instance at 0x7f2bbb43c500>,8,13,[1 8],9,67,80,58,51
1,<environment.Job instance at 0x7f2bbb185690>,17,13,[10  4],18,161,174,143,161
1,<environment.Job instance at 0x7f2bc19855a0>,20,15,[10  4],21,188,203,167,188
1,<environment.Job instance at 0x7f2bbb185b40>,21,13,[ 4 10],22,203,216,181,188
1,<environment.Job instance at 0x7f2b779d20a0>,11,27,[5 5],12,81,108,69,81
1,<environment.Job instance at 0x7f2b779d2dc0>,19,27,[5 1],20,167,194,147,167
1,<environment.Job instance at 0x7f2bbb248050>,5,18,[1 6],6,6,24,0,6
1,<environment.Job instance at 0x7f2bbb248410>,6,15,[6 1],7,7,22,0,7
1,<environment.Job instance at 0x7f2bbb2484b0>,8,17,[5 5],9,24,41,15,17
1,<environment.Job instance at 0x7f2bbb59faa0>,10,13,[3 8],11,41,54,30,25
1,<environment.Job instance at 0x7f2bbb59f3c0>,14,17,[1 9],15,54,71,39,42
1,<environment.Job instance at 0x7f2b77816370>,21,16,[6 3],22,125,141,103,125
1,<environment.Job instance at 0x7f2b777ae280>,26,21,[8 1],27,192,213,165,192
1,<environment.Job instance at 0x7f2b77749dc0>,28,28,[8 3],29,213,241,184,213
1,<environment.Job instance at 0x7f2b772bef00>,15,26,[5 8],16,131,157,115,131
1,<environment.Job instance at 0x7f2bc1b5c280>,24,17,[3 5],25,220,237,195,220
1,<environment.Job instance at 0x7f2bbb0baaf0>,7,20,[3 6],8,9,29,1,9
1,<environment.Job instance at 0x7f2bbb578280>,11,12,[ 1 10],12,31,43,19,31
1,<environment.Job instance at 0x7f2b77a72eb0>,23,14,[4 5],24,204,218,180,204
1,<environment.Job instance at 0x7f2b77a72dc0>,26,13,[4 5],27,251,264,224,251
1,<environment.Job instance at 0x7f2b772f28c0>,7,22,[5 7],8,22,44,14,22
1,<environment.Job instance at 0x7f2bc1909d20>,16,18,[1 6],17,105,123,88,105
1,<environment.Job instance at 0x7f2bc1e51050>,21,17,[7 3],22,140,157,118,140
1,<environment.Job instance at 0x7f2bc2512a00>,27,15,[6 1],28,199,214,171,199
1,<environment.Job instance at 0x7f2bbb514cd0>,5,16,[10  3],6,7,23,1,7
1,<environment.Job instance at 0x7f2bc2065780>,12,20,[5 3],13,248,268,235,248
1,<environment.Job instance at 0x7f2b778eaf00>,5,23,[1 6],6,18,41,12,18
1,<environment.Job instance at 0x7f2bbb217f00>,4,13,[6 5],5,41,54,36,25
1,<environment.Job instance at 0x7f2bc253d910>,7,20,[1 7],8,76,96,68,76
1,<environment.Job instance at 0x7f2bbb292410>,14,14,[4 7],15,96,110,81,81
1,<environment.Job instance at 0x7f2b77850e60>,21,19,[2 5],22,126,145,104,126
1,<environment.Job instance at 0x7f2bbb4b7dc0>,25,15,[1 7],26,198,213,172,198
1,<environment.Job instance at 0x7f2bbaf90d70>,4,14,[9 1],5,5,19,0,5
1,<environment.Job instance at 0x7f2bbb3a8be0>,5,15,[3 9],6,19,34,13,16
1,<environment.Job instance at 0x7f2bbb3a8280>,7,16,[5 1],8,19,35,11,18
1,<environment.Job instance at 0x7f2bbafb4410>,9,13,[8 3],10,120,133,110,120
1,<environment.Job instance at 0x7f2bbaf90e10>,3,25,[2 8],4,186,211,182,186
1,<environment.Job instance at 0x7f2b7712df00>,23,13,[3 9],24,211,224,187,197
1,<environment.Job instance at 0x7f2bc1a427d0>,15,15,[1 8],16,121,136,105,121
1,<environment.Job instance at 0x7f2b7786d0f0>,5,17,[8 3],6,195,212,189,195
1,<environment.Job instance at 0x7f2bbb172a00>,22,16,[5 2],23,223,239,200,223
1,<environment.Job instance at 0x7f2bbb1720f0>,25,12,[7 5],26,239,251,213,229
1,<environment.Job instance at 0x7f2b772b7280>,5,15,[5 5],6,132,147,126,132
1,<environment.Job instance at 0x7f2bc1a42e60>,17,17,[5 5],18,133,150,115,133
1,<environment.Job instance at 0x7f2bc1b289b0>,24,15,[10  4],25,159,174,134,159
1,<environment.Job instance at 0x7f2bc22a0c80>,6,15,[5 5],7,30,45,23,30
1,<environment.Job instance at 0x7f2bbae9c730>,27,18,[5 1],28,223,241,195,223
1,<environment.Job instance at 0x7f2b774b4e60>,4,14,[5 5],5,8,22,3,8
1,<environment.Job instance at 0x7f2b774b46e0>,12,13,[2 8],13,65,78,52,65
1,<environment.Job instance at 0x7f2b7708f4b0>,15,24,[9 2],16,143,167,127,143
1,<environment.Job instance at 0x7f2bbaead870>,3,16,[2 5],4,4,20,0,4
1,<environment.Job instance at 0x7f2b7769ccd0>,6,16,[2 6],7,45,61,38,45
1,<environment.Job instance at 0x7f2b77691f00>,10,12,[5 5],11,61,73,50,46
1,<environment.Job instance at 0x7f2b77691b40>,12,20,[4 7],13,78,98,65,78
1,<environment.Job instance at 0x7f2b77691dc0>,14,12,[4 7],15,98,110,83,83
1,<environment.Job instance at 0x7f2bbb62c190>,21,20,[1 6],22,126,146,104,126
1,<environment.Job instance at 0x7f816001a280>,5,18,[7 5],6,8,26,2,8
1,<environment.Job instance at 0x7f816001a550>,7,12,[7 2],8,26,38,18,9
1,<environment.Job instance at 0x7f816559d820>,8,19,[1 9],9,19,38,10,19
1,<environment.Job instance at 0x7f816559b050>,22,18,[10  5],23,212,230,189,212
1,<environment.Job instance at 0x7f816001c410>,3,16,[1 8],4,269,285,265,269
1,<environment.Job instance at 0x7f811a2e2b40>,3,18,[8 5],4,75,93,71,75
1,<environment.Job instance at 0x7f811a2e4190>,10,17,[2 6],11,93,110,82,86
1,<environment.Job instance at 0x7f811a2e2dc0>,4,28,[6 3],5,109,137,104,109
1,<environment.Job instance at 0x7f811a647f50>,7,13,[7 5],8,26,39,18,26
1,<environment.Job instance at 0x7f811a3d4190>,8,13,[1 7],9,39,52,30,26
1,<environment.Job instance at 0x7f811a2caaa0>,12,15,[10  5],13,64,79,51,64
1,<environment.Job instance at 0x7f811a9520a0>,18,15,[4 9],19,107,122,88,107
1,<environment.Job instance at 0x7f811a952f00>,17,26,[7 4],18,127,153,109,127
1,<environment.Job instance at 0x7f811a952460>,21,25,[9 2],22,156,181,134,156
1,<environment.Job instance at 0x7f811a6dc0f0>,31,16,[4 8],32,227,243,195,227
1,<environment.Job instance at 0x7f811a732820>,32,12,[9 1],33,243,255,210,227
1,<environment.Job instance at 0x7f811a44f780>,7,12,[1 6],8,27,39,19,27
1,<environment.Job instance at 0x7f811a62d9b0>,9,16,[7 3],10,34,50,24,34
1,<environment.Job instance at 0x7f811a3f7820>,12,14,[ 4 10],13,96,110,83,96
1,<environment.Job instance at 0x7f811a661640>,21,18,[5 8],22,183,201,161,183
1,<environment.Job instance at 0x7f811a661460>,23,17,[6 1],24,201,218,177,196
1,<environment.Job instance at 0x7f811a71ca00>,25,12,[ 2 10],26,218,230,192,211
1,<environment.Job instance at 0x7f811a71c9b0>,30,28,[7 2],31,254,282,223,254
1,<environment.Job instance at 0x7f811a647320>,1,17,[2 7],2,6,23,4,6
1,<environment.Job instance at 0x7f811a68dd20>,17,17,[4 5],18,114,131,96,114
1,<environment.Job instance at 0x7f811a68d7d0>,19,13,[3 9],20,131,144,111,121
1,<environment.Job instance at 0x7f816061fe10>,32,13,[1 8],33,224,237,191,224
1,<environment.Job instance at 0x7f816061f550>,35,13,[ 5 10],36,237,250,201,230
1,<environment.Job instance at 0x7f816061f230>,36,15,[6 1],37,250,265,213,236
1,<environment.Job instance at 0x7f811a62d280>,2,15,[6 2],3,6,21,3,6
1,<environment.Job instance at 0x7f816009f8c0>,9,22,[1 7],10,37,59,27,37
1,<environment.Job instance at 0x7f81602e8690>,22,14,[6 2],23,247,261,224,247
1,<environment.Job instance at 0x7f816063f460>,26,15,[5 7],27,276,291,249,276
1,<environment.Job instance at 0x7f811a62d3c0>,8,17,[7 4],9,9,26,0,9
1,<environment.Job instance at 0x7f811a62d960>,4,18,[8 3],5,26,44,21,16
1,<environment.Job instance at 0x7f811a90f640>,3,12,[7 1],4,44,56,40,31
1,<environment.Job instance at 0x7f811a62dcd0>,5,28,[3 8],6,54,82,48,54
1,<environment.Job instance at 0x7f815fdd5370>,19,28,[1 8],20,82,110,62,81
1,<environment.Job instance at 0x7f815fdd5690>,24,17,[10  4],25,110,127,85,109
1,<environment.Job instance at 0x7f815fdd5af0>,28,14,[2 7],29,127,141,98,115
1,<environment.Job instance at 0x7f815fdd5960>,29,20,[1 7],30,151,171,121,151
1,<environment.Job instance at 0x7f815fddf0f0>,37,21,[5 9],38,227,248,189,227
1,<environment.Job instance at 0x7f81607489b0>,15,16,[1 7],16,143,159,127,143
1,<environment.Job instance at 0x7f81609c6280>,24,15,[2 5],25,267,282,242,267
1,<environment.Job instance at 0x7f815fe6c870>,1,15,[2 7],2,2,17,0,2
1,<environment.Job instance at 0x7f816037e870>,5,16,[3 9],6,17,33,11,14
1,<environment.Job instance at 0x7f8160b79190>,13,21,[9 1],14,33,54,19,28
1,<environment.Job instance at 0x7f811a8d6410>,18,17,[8 4],19,130,147,111,130
1,<environment.Job instance at 0x7f8160b79aa0>,19,12,[8 1],20,147,159,127,130
1,<environment.Job instance at 0x7f811a8b6dc0>,20,14,[10  2],21,159,173,138,144
1,<environment.Job instance at 0x7f8160ae59b0>,21,22,[5 5],22,184,206,162,184
1,<environment.Job instance at 0x7f816073bb90>,29,15,[5 5],30,203,218,173,203
1,<environment.Job instance at 0x7f815fea1230>,32,21,[6 4],33,218,239,185,217
1,<environment.Job instance at 0x7f8160136fa0>,19,26,[3 8],20,273,299,253,273
1,<environment.Job instance at 0x7f811a325fa0>,1,15,[8 2],2,3,18,1,3
1,<environment.Job instance at 0x7f811a4baa50>,5,16,[10  3],6,18,34,12,17
1,<environment.Job instance at 0x7f811a775e60>,9,17,[9 4],10,42,59,32,42
1,<environment.Job instance at 0x7f811a9ab1e0>,22,15,[5 1],23,192,207,169,192
1,<environment.Job instance at 0x7f816041e9b0>,15,15,[1 7],16,130,145,114,130
1,<environment.Job instance at 0x7f816041e870>,24,16,[4 9],25,265,281,240,265
1,<environment.Job instance at 0x7f815fd92690>,2,16,[ 3 10],3,5,21,2,5
1,<environment.Job instance at 0x7f8160629c30>,17,15,[3 8],18,185,200,167,185
1,<environment.Job instance at 0x7f8160629230>,18,14,[4 9],19,200,214,181,185
1,<environment.Job instance at 0x7f811a0520f0>,26,14,[2 6],27,276,290,249,276
1,<environment.Job instance at 0x7f811a0b95a0>,11,19,[9 1],12,67,86,55,67
1,<environment.Job instance at 0x7f811a3ea460>,22,14,[8 4],23,144,158,121,144
1,<environment.Job instance at 0x7f811a3ea6e0>,28,24,[7 2],29,213,237,184,213
1,<environment.Job instance at 0x7f8160032320>,7,24,[8 2],8,16,40,8,16
1,<environment.Job instance at 0x7f8160032d70>,9,17,[3 5],10,41,58,31,41
1,<environment.Job instance at 0x7f811a29f190>,11,15,[7 1],12,46,61,34,46
1,<environment.Job instance at 0x7f811a29f910>,13,12,[8 4],14,61,73,47,47
1,<environment.Job instance at 0x7f811a29f820>,14,24,[4 7],15,93,117,78,93
1,<environment.Job instance at 0x7f811a062b40>,19,16,[ 1 10],20,117,133,97,109
1,<environment.Job instance at 0x7f811a0620a0>,28,16,[3 8],29,181,197,152,181
1,<environment.Job instance at 0x7f811a062280>,29,14,[6 2],30,184,198,154,184
1,<environment.Job instance at 0x7f81609ff460>,37,14,[5 6],38,263,277,225,263
1,<environment.Job instance at 0x7f811a113f00>,4,19,[5 3],5,9,28,4,9
1,<environment.Job instance at 0x7f811a29f0f0>,3,28,[7 5],4,34,62,30,34
1,<environment.Job instance at 0x7f8119ffb230>,15,19,[5 4],16,115,134,99,115
1,<environment.Job instance at 0x7f8119fe5230>,17,14,[7 1],18,134,148,116,119
1,<environment.Job instance at 0x7f8160708550>,19,13,[ 1 10],20,157,170,137,157
1,<environment.Job instance at 0x7f81606f3be0>,22,18,[4 9],23,170,188,147,162
1,<environment.Job instance at 0x7f81606f38c0>,25,13,[9 3],26,203,216,177,203
1,<environment.Job instance at 0x7f81606f3e10>,28,16,[8 1],29,219,235,190,219
1,<environment.Job instance at 0x7f81606e8320>,31,16,[3 8],32,235,251,203,233
1,<environment.Job instance at 0x7f811a996b40>,35,17,[3 5],36,268,285,232,268
1,<environment.Job instance at 0x7f811a3ecf00>,17,18,[10  4],18,94,112,76,94
1,<environment.Job instance at 0x7f815fe5b7d0>,21,20,[5 3],22,112,132,90,107
1,<environment.Job instance at 0x7f811a5c9320>,25,16,[ 2 10],26,132,148,106,127
1,<environment.Job instance at 0x7f81607726e0>,32,20,[7 4],33,228,248,195,228
1,<environment.Job instance at 0x7f811a01c500>,9,12,[2 5],10,40,52,30,40
1,<environment.Job instance at 0x7f811a125a50>,22,18,[ 4 10],23,229,247,206,229
1,<environment.Job instance at 0x7f816022b730>,5,16,[5 9],6,7,23,1,7
1,<environment.Job instance at 0x7f8160746cd0>,7,12,[6 3],8,23,35,15,14
1,<environment.Job instance at 0x7f8160746e10>,10,13,[6 1],11,35,48,24,20
1,<environment.Job instance at 0x7f816068a140>,16,12,[2 9],17,74,86,57,74
1,<environment.Job instance at 0x7f811a6a9c30>,28,20,[5 4],29,218,238,189,218
1,<environment.Job instance at 0x7fc328086280>,5,18,[7 5],6,6,24,0,6
1,<environment.Job instance at 0x7fc328086460>,7,12,[7 2],8,24,36,16,8
1,<environment.Job instance at 0x7fc328086870>,11,14,[10  4],12,52,66,40,52
1,<environment.Job instance at 0x7fc328086cd0>,18,18,[3 6],19,118,136,99,118
1,<environment.Job instance at 0x7fc328086e10>,20,18,[7 5],21,168,186,147,168
1,<environment.Job instance at 0x7fc328086fa0>,23,18,[7 4],24,187,205,163,187
1,<environment.Job instance at 0x7fc32f6048c0>,12,18,[10  5],13,133,151,120,133
1,<environment.Job instance at 0x7fc32f604d20>,5,16,[5 2],6,183,199,177,183
1,<environment.Job instance at 0x7fc32f4bed70>,20,15,[6 2],21,212,227,191,212
1,<environment.Job instance at 0x7fc32f4be6e0>,21,15,[6 2],22,227,242,205,225
1,<environment.Job instance at 0x7fc2e446c2d0>,5,22,[3 8],6,14,36,8,14
1,<environment.Job instance at 0x7fc2e443f460>,14,23,[8 5],15,61,84,46,61
1,<environment.Job instance at 0x7fc2e446c0a0>,15,20,[5 5],16,113,133,97,113
1,<environment.Job instance at 0x7fc2e44be690>,7,28,[3 6],8,10,38,2,10
1,<environment.Job instance at 0x7fc2e43c2be0>,6,12,[5 4],7,10,22,3,10
1,<environment.Job instance at 0x7fc2e445ecd0>,13,12,[ 1 10],14,44,56,30,44
1,<environment.Job instance at 0x7fc2e445ed20>,10,17,[2 6],11,56,73,45,50
1,<environment.Job instance at 0x7fc2e445e960>,18,17,[2 8],19,89,106,70,89
1,<environment.Job instance at 0x7fc2e445e730>,15,14,[9 5],16,113,127,97,113
1,<environment.Job instance at 0x7fc2e445e550>,20,16,[ 1 10],21,127,143,106,119
1,<environment.Job instance at 0x7fc32f607690>,11,18,[9 4],12,30,48,18,30
1,<environment.Job instance at 0x7fc2e47f4a00>,16,13,[10  5],17,83,96,66,83
1,<environment.Job instance at 0x7fc2e44682d0>,19,12,[5 5],20,111,123,91,111
1,<environment.Job instance at 0x7fc327e8ff50>,24,13,[ 5 10],25,195,208,170,195
1,<environment.Job instance at 0x7fc2e428d640>,1,15,[10  1],2,3,18,1,3
1,<environment.Job instance at 0x7fc2e474baa0>,9,14,[6 5],10,18,32,8,15
1,<environment.Job instance at 0x7fc2e474b410>,10,13,[5 8],11,51,64,40,51
1,<environment.Job instance at 0x7fc2e44389b0>,6,27,[4 6],7,258,285,251,258
1,<environment.Job instance at 0x7fc328b0ca50>,2,24,[5 2],3,57,81,54,57
1,<environment.Job instance at 0x7fc2e45555a0>,14,21,[6 4],15,119,140,104,119
1,<environment.Job instance at 0x7fc2e42eda50>,4,27,[5 1],5,146,173,141,146
1,<environment.Job instance at 0x7fc2e4922a00>,17,14,[8 2],18,179,193,161,179
1,<environment.Job instance at 0x7fc2e4922c80>,22,23,[5 5],23,193,216,170,191
1,<environment.Job instance at 0x7fc2e4345a00>,26,16,[9 4],27,234,250,207,234
1,<environment.Job instance at 0x7fc3284d8be0>,3,19,[ 4 10],4,20,39,16,20
1,<environment.Job instance at 0x7fc2e4964a50>,8,14,[5 7],9,39,53,30,24
1,<environment.Job instance at 0x7fc2e442aaa0>,13,25,[2 7],14,119,144,105,119
1,<environment.Job instance at 0x7fc3280f0cd0>,19,15,[2 8],20,144,159,124,130
1,<environment.Job instance at 0x7fc2e4269780>,27,22,[2 7],28,187,209,159,187
1,<environment.Job instance at 0x7fc2e4269a50>,29,13,[ 1 10],30,213,226,183,213
1,<environment.Job instance at 0x7fc2e42699b0>,28,26,[9 5],29,226,252,197,223
1,<environment.Job instance at 0x7fc2e4269c30>,32,16,[9 4],33,252,268,219,250
1,<environment.Job instance at 0x7fc2e4269d70>,34,27,[6 4],35,268,295,233,266
1,<environment.Job instance at 0x7fc32814d7d0>,0,12,[10  1],1,1,13,0,1
1,<environment.Job instance at 0x7fc327dfb050>,8,17,[2 5],9,13,30,4,13
1,<environment.Job instance at 0x7fc327dfb320>,9,17,[3 6],10,30,47,20,18
1,<environment.Job instance at 0x7fc2e491cdc0>,19,13,[10  4],20,109,122,89,109
1,<environment.Job instance at 0x7fc2e4872f00>,24,23,[ 4 10],25,165,188,140,165
1,<environment.Job instance at 0x7fc327ff90a0>,16,17,[5 1],17,81,98,64,81
1,<environment.Job instance at 0x7fc2e4613b90>,15,15,[ 1 10],16,98,113,82,85
1,<environment.Job instance at 0x7fc32870baa0>,17,23,[9 3],18,113,136,95,107
1,<environment.Job instance at 0x7fc3285a7b40>,25,27,[6 1],26,155,182,129,155
1,<environment.Job instance at 0x7fc328207230>,28,12,[1 6],29,175,187,146,175
1,<environment.Job instance at 0x7fc2e433f3c0>,30,14,[8 4],31,191,205,160,191
1,<environment.Job instance at 0x7fc32880cc30>,2,19,[2 6],3,7,26,4,7
1,<environment.Job instance at 0x7fc328077cd0>,8,25,[5 4],9,76,101,67,76
1,<environment.Job instance at 0x7fc328345dc0>,17,17,[5 7],18,109,126,91,109
1,<environment.Job instance at 0x7fc2e478c410>,18,17,[6 2],19,126,143,107,115
1,<environment.Job instance at 0x7fc2e478c5f0>,21,15,[8 2],22,143,158,121,134
1,<environment.Job instance at 0x7fc328345c30>,16,28,[ 1 10],17,165,193,148,165
1,<environment.Job instance at 0x7fc2e478caa0>,29,17,[9 4],30,195,212,165,195
1,<environment.Job instance at 0x7fc2e420ebe0>,5,23,[1 6],6,42,65,36,42
1,<environment.Job instance at 0x7fc2e420eaf0>,8,24,[7 2],9,42,66,33,42
1,<environment.Job instance at 0x7fc2e420e2d0>,4,13,[6 5],5,104,117,99,104
1,<environment.Job instance at 0x7fc3282070a0>,21,19,[2 5],22,172,191,150,172
1,<environment.Job instance at 0x7fc328207aa0>,25,15,[1 7],26,207,222,181,207
1,<environment.Job instance at 0x7fc32846ac30>,28,21,[1 6],29,248,269,219,248
1,<environment.Job instance at 0x7fc2e43154b0>,17,15,[3 8],18,199,214,181,199
1,<environment.Job instance at 0x7fc2e477afa0>,2,16,[ 3 10],3,240,256,237,240
1,<environment.Job instance at 0x7fc328b9c690>,1,19,[9 1],2,2,21,0,2
1,<environment.Job instance at 0x7fc2e472b410>,8,18,[1 8],9,9,27,0,9
1,<environment.Job instance at 0x7fc328b566e0>,9,20,[9 1],10,21,41,11,16
1,<environment.Job instance at 0x7fc2e4311f50>,12,14,[8 4],13,41,55,28,26
1,<environment.Job instance at 0x7fc3280775a0>,7,17,[5 9],8,150,167,142,150
1,<environment.Job instance at 0x7fc328928c30>,27,20,[5 4],28,168,188,140,168
1,<environment.Job instance at 0x7fc2e4722460>,31,17,[5 5],32,168,185,136,168
1,<environment.Job instance at 0x7fc2e4345c80>,4,22,[2 8],5,22,44,17,22
1,<environment.Job instance at 0x7fc2e495efa0>,7,18,[9 3],8,44,62,36,42
1,<environment.Job instance at 0x7fc2e472b3c0>,9,14,[6 2],10,62,76,52,49
1,<environment.Job instance at 0x7fc2e4637280>,12,14,[4 7],13,72,86,59,72
1,<environment.Job instance at 0x7fc32f3bfcd0>,2,27,[4 8],3,122,149,119,122
1,<environment.Job instance at 0x7fc2e4276460>,24,13,[1 7],25,201,214,176,201
1,<environment.Job instance at 0x7fc2e454c410>,28,16,[ 4 10],29,262,278,233,262
1,<environment.Job instance at 0x7fc328ce5280>,5,17,[3 5],6,6,23,0,6
1,<environment.Job instance at 0x7fc2e454c820>,4,21,[1 9],5,31,52,26,31
1,<environment.Job instance at 0x7fc2e4345960>,6,17,[5 8],7,59,76,52,59
1,<environment.Job instance at 0x7fc2e428ca50>,18,13,[10  1],19,98,111,79,98
1,<environment.Job instance at 0x7fc2e428c870>,16,17,[1 9],17,121,138,104,121
1,<environment.Job instance at 0x7fc2e428cc80>,15,14,[1 5],16,138,152,122,126
1,<environment.Job instance at 0x7fc2e428c0f0>,25,20,[7 1],26,156,176,130,156
1,<environment.Job instance at 0x7fc2e427e500>,28,23,[4 9],29,209,232,180,209
1,<environment.Job instance at 0x7fc2e427ee10>,32,12,[7 3],33,240,252,207,240
1,<environment.Job instance at 0x7fc2e427edc0>,33,21,[7 2],34,252,273,218,249
1,<environment.Job instance at 0x7fc2e4934fa0>,14,17,[9 4],15,152,169,137,152
1,<environment.Job instance at 0x7fc327effd70>,20,12,[5 5],21,189,201,168,189
1,<environment.Job instance at 0x7fc327eff0a0>,21,15,[1 8],22,201,216,179,189
1,<environment.Job instance at 0x7fc3284827d0>,24,12,[4 7],25,230,242,205,230
1,<environment.Job instance at 0x7fc2e43d00f0>,6,26,[4 5],7,46,72,39,46
1,<environment.Job instance at 0x7fc2e422f5a0>,23,17,[5 6],24,236,253,212,236
1,<environment.Job instance at 0x7fc327f3daf0>,5,22,[2 6],6,10,32,4,10
1,<environment.Job instance at 0x7fc32843a6e0>,19,12,[10  2],20,150,162,130,150
1,<environment.Job instance at 0x7fc32843adc0>,23,26,[7 1],24,178,204,154,178
1,<environment.Job instance at 0x7fc32843a910>,25,16,[7 4],26,204,220,178,193
1,<environment.Job instance at 0x7fc32843a140>,28,14,[10  4],29,220,234,191,209
1,<environment.Job instance at 0x7fc32843ab90>,29,28,[2 8],30,236,264,206,236
1,<environment.Job instance at 0x7fc32843a050>,30,17,[ 2 10],31,264,281,233,258
1,<environment.Job instance at 0x7fc3286d8a00>,2,15,[1 8],3,3,18,0,3
1,<environment.Job instance at 0x7fc2e42e0730>,9,17,[ 2 10],10,66,83,56,66
1,<environment.Job instance at 0x7fc328a6faa0>,12,12,[5 7],13,83,95,70,67
1,<environment.Job instance at 0x7fc2e463df00>,22,18,[8 3],23,255,273,232,255
1,<environment.Job instance at 0x7ff70a599500>,7,12,[7 2],8,8,20,0,8
1,<environment.Job instance at 0x7ff70a599820>,11,14,[10  4],12,29,43,17,29
1,<environment.Job instance at 0x7ff7119d0b90>,11,15,[6 2],12,46,61,34,46
1,<environment.Job instance at 0x7ff7119d06e0>,5,24,[4 7],6,240,264,234,240
1,<environment.Job instance at 0x7ff711b0ff00>,28,22,[ 2 10],29,264,286,235,258
1,<environment.Job instance at 0x7ff6c68cb230>,9,16,[7 2],10,51,67,41,51
1,<environment.Job instance at 0x7ff6c68cb320>,11,22,[ 1 10],12,73,95,61,73
1,<environment.Job instance at 0x7ff6c68cb9b0>,12,12,[2 7],13,95,107,82,78
1,<environment.Job instance at 0x7ff6c68634b0>,23,22,[10  2],24,183,205,159,183
1,<environment.Job instance at 0x7ff6c68632d0>,26,14,[5 3],27,205,219,178,201
1,<environment.Job instance at 0x7ff6c6863640>,27,14,[8 5],28,219,233,191,210
1,<environment.Job instance at 0x7ff6c68907d0>,30,26,[4 7],31,237,263,206,237
1,<environment.Job instance at 0x7ff6c6949d20>,4,20,[2 8],5,37,57,32,37
1,<environment.Job instance at 0x7ff6c689a0f0>,14,15,[6 4],15,110,125,95,110
1,<environment.Job instance at 0x7ff6c689a280>,19,16,[2 6],20,148,164,128,148
1,<environment.Job instance at 0x7ff6c6943dc0>,15,28,[5 5],16,134,162,118,134
1,<environment.Job instance at 0x7ff70a39e550>,30,22,[7 1],31,249,271,218,249
1,<environment.Job instance at 0x7ff70a39e7d0>,2,27,[9 3],3,18,45,15,18
1,<environment.Job instance at 0x7ff710db8140>,17,18,[6 5],18,184,202,166,184
1,<environment.Job instance at 0x7ff710db8cd0>,21,18,[5 7],22,205,223,183,205
1,<environment.Job instance at 0x7ff710db8730>,22,15,[6 2],23,223,238,200,213
1,<environment.Job instance at 0x7ff6d1f9c5f0>,5,28,[3 8],6,8,36,2,8
1,<environment.Job instance at 0x7ff70a4d19b0>,11,17,[3 5],12,36,53,24,27
1,<environment.Job instance at 0x7ff70a860eb0>,13,14,[6 1],14,27,41,13,27
1,<environment.Job instance at 0x7ff70a503140>,4,18,[8 3],5,53,71,48,50
1,<environment.Job instance at 0x7ff7113a3370>,17,13,[9 5],18,72,85,54,72
1,<environment.Job instance at 0x7ff70a97c190>,24,17,[10  4],25,131,148,106,131
1,<environment.Job instance at 0x7ff6c6c54c80>,8,17,[7 4],9,148,165,139,147
1,<environment.Job instance at 0x7ff70a97cf50>,29,20,[1 7],30,167,187,137,167
1,<environment.Job instance at 0x7ff70a667f00>,38,23,[3 7],39,254,277,215,254
1,<environment.Job instance at 0x7ff70a6671e0>,4,15,[2 5],5,6,21,1,6
1,<environment.Job instance at 0x7ff6c6c54af0>,5,18,[9 5],6,40,58,34,40
1,<environment.Job instance at 0x7ff6c69562d0>,10,17,[2 6],11,58,75,47,46
1,<environment.Job instance at 0x7ff7112f1280>,6,25,[7 3],7,87,112,80,87
1,<environment.Job instance at 0x7ff70a867c30>,22,18,[10  2],23,194,212,171,194
1,<environment.Job instance at 0x7ff70a867fa0>,23,26,[5 5],24,212,238,188,210
1,<environment.Job instance at 0x7ff70a867b40>,25,26,[5 8],26,238,264,212,235
1,<environment.Job instance at 0x7ff70a9e6b90>,6,13,[4 5],7,8,21,1,8
1,<environment.Job instance at 0x7ff6c697ceb0>,7,23,[2 6],8,21,44,13,15
1,<environment.Job instance at 0x7ff6c67f9aa0>,5,12,[ 5 10],6,6,18,0,6
1,<environment.Job instance at 0x7ff71127eb40>,7,16,[1 6],8,38,54,30,38
1,<environment.Job instance at 0x7ff6c6bfa370>,6,24,[7 1],7,117,141,110,117
1,<environment.Job instance at 0x7ff6c6f12690>,1,18,[1 9],2,5,23,3,5
1,<environment.Job instance at 0x7ff6c696f780>,4,19,[7 3],5,23,42,18,18
1,<environment.Job instance at 0x7ff710f3c370>,9,13,[5 8],10,60,73,50,60
1,<environment.Job instance at 0x7ff7112efaf0>,20,12,[7 2],21,175,187,154,175
1,<environment.Job instance at 0x7ff7112efaa0>,21,20,[6 1],22,187,207,165,179
1,<environment.Job instance at 0x7ff7112f45f0>,19,23,[2 5],20,271,294,251,271
1,<environment.Job instance at 0x7ff711b13c30>,0,18,[ 2 10],1,1,19,0,1
1,<environment.Job instance at 0x7ff70a3a1cd0>,4,14,[9 1],5,19,33,14,10
1,<environment.Job instance at 0x7ff70a7dab90>,5,15,[3 9],6,46,61,40,46
1,<environment.Job instance at 0x7ff70a3a1280>,9,13,[8 3],10,61,74,51,59
1,<environment.Job instance at 0x7ff70a6a8140>,12,12,[7 3],13,50,62,37,50
1,<environment.Job instance at 0x7ff70a6a8960>,13,17,[1 8],14,62,79,48,50
1,<environment.Job instance at 0x7ff70a6a82d0>,19,20,[9 1],20,126,146,106,126
1,<environment.Job instance at 0x7ff70a6a8cd0>,22,14,[8 4],23,150,164,127,150
1,<environment.Job instance at 0x7ff6c6ee9730>,8,16,[3 8],9,42,58,33,42
1,<environment.Job instance at 0x7ff711b130a0>,9,14,[6 2],10,45,59,35,45
1,<environment.Job instance at 0x7ff70a412a00>,7,18,[9 3],8,59,77,51,50
1,<environment.Job instance at 0x7ff6c6e85aa0>,10,27,[10  3],11,83,110,72,83
1,<environment.Job instance at 0x7ff710f73f50>,17,14,[5 6],18,127,141,109,127
1,<environment.Job instance at 0x7ff6c6bddcd0>,21,21,[2 5],22,166,187,144,166
1,<environment.Job instance at 0x7ff710fab7d0>,28,16,[ 4 10],29,232,248,203,232
1,<environment.Job instance at 0x7ff6c6e85fa0>,6,17,[1 9],7,8,25,1,8
1,<environment.Job instance at 0x7ff711b0fd20>,8,13,[10  1],9,25,38,16,13
1,<environment.Job instance at 0x7ff70a56c8c0>,15,20,[7 1],16,107,127,91,107
1,<environment.Job instance at 0x7ff70a492960>,4,12,[4 7],5,9,21,4,9
1,<environment.Job instance at 0x7ff6c6b03730>,7,28,[7 3],8,21,49,13,20
1,<environment.Job instance at 0x7ff70a5e73c0>,11,20,[1 6],12,30,50,18,30
1,<environment.Job instance at 0x7ff70a5e70f0>,13,22,[ 1 10],14,58,80,44,58
1,<environment.Job instance at 0x7ff70a5e7f00>,16,23,[8 1],17,80,103,63,80
1,<environment.Job instance at 0x7ff70a3654b0>,19,15,[4 7],20,103,118,83,102
1,<environment.Job instance at 0x7ff70a5e75f0>,18,23,[4 8],19,122,145,103,122
1,<environment.Job instance at 0x7ff70a365460>,31,13,[1 7],32,252,265,220,252
1,<environment.Job instance at 0x7ff70a483e10>,1,17,[7 5],2,2,19,0,2
1,<environment.Job instance at 0x7ff6c6b03690>,2,14,[9 2],3,19,33,16,4
1,<environment.Job instance at 0x7ff70a58ad70>,13,16,[6 1],14,33,49,19,28
1,<environment.Job instance at 0x7ff70a7b9e10>,19,14,[3 7],20,106,120,86,106
1,<environment.Job instance at 0x7ff6c6d1f280>,21,12,[4 7],22,125,137,103,125
1,<environment.Job instance at 0x7ff6c6d3a8c0>,24,15,[4 8],25,173,188,148,173
1,<environment.Job instance at 0x7ff6c6d3ab90>,27,18,[5 6],28,216,234,188,216
1,<environment.Job instance at 0x7ff6c6d3a410>,30,14,[4 7],31,234,248,203,231
1,<environment.Job instance at 0x7ff70a4925f0>,5,16,[6 1],6,6,22,0,6
1,<environment.Job instance at 0x7ff70a492280>,6,14,[10  5],7,22,36,15,7
1,<environment.Job instance at 0x7ff70a4837d0>,8,13,[1 6],9,9,22,0,9
1,<environment.Job instance at 0x7ff710ea42d0>,9,27,[1 6],10,37,64,27,37
1,<environment.Job instance at 0x7ff710ed6f00>,16,16,[ 3 10],17,64,80,47,55
1,<environment.Job instance at 0x7ff70a3ad960>,17,18,[7 2],18,100,118,82,100
1,<environment.Job instance at 0x7ff6c6ca3190>,26,14,[4 7],27,118,132,91,117
1,<environment.Job instance at 0x7ff70a7b4550>,22,17,[4 8],23,222,239,199,222
1,<environment.Job instance at 0x7ff711154410>,33,18,[4 5],34,239,257,205,231
1,<environment.Job instance at 0x7ff6c6572820>,34,25,[5 6],35,266,291,231,266
1,<environment.Job instance at 0x7ff6c672e870>,2,12,[1 8],3,3,15,0,3
1,<environment.Job instance at 0x7ff70a37f050>,8,27,[9 4],9,22,49,13,22
1,<environment.Job instance at 0x7ff70a37fbe0>,10,20,[7 1],11,63,83,52,63
1,<environment.Job instance at 0x7ff7119c9af0>,13,27,[5 9],14,127,154,113,127
1,<environment.Job instance at 0x7ff6c6762190>,23,17,[10  5],24,154,171,130,144
1,<environment.Job instance at 0x7ff711337870>,25,15,[6 1],26,172,187,146,172
1,<environment.Job instance at 0x7ff711337370>,32,14,[5 5],33,265,279,232,265
1,<environment.Job instance at 0x7ff70a8aac30>,23,25,[7 4],24,262,287,238,262
1,<environment.Job instance at 0x7fee581d1500>,7,12,[7 2],8,9,21,1,9
1,<environment.Job instance at 0x7fee581ed460>,7,16,[6 2],8,96,112,88,96
1,<environment.Job instance at 0x7fee5f747c30>,8,25,[4 6],9,102,127,93,102
1,<environment.Job instance at 0x7fee5f74f5a0>,17,13,[4 5],18,127,140,109,124
1,<environment.Job instance at 0x7fee5f74d320>,21,18,[ 4 10],22,140,158,118,137
1,<environment.Job instance at 0x7fee5f74db90>,23,16,[7 1],24,158,174,134,145
1,<environment.Job instance at 0x7fee5f74da50>,24,21,[9 1],25,174,195,149,166
1,<environment.Job instance at 0x7fee5f751dc0>,31,13,[ 4 10],32,215,228,183,215
1,<environment.Job instance at 0x7fee5f751b90>,32,14,[4 7],33,228,242,195,215
1,<environment.Job instance at 0x7fee14597910>,5,24,[8 2],6,6,30,0,6
1,<environment.Job instance at 0x7fee145977d0>,8,22,[9 3],9,37,59,28,37
1,<environment.Job instance at 0x7fee145970f0>,13,26,[4 8],14,60,86,46,60
1,<environment.Job instance at 0x7fee1458d7d0>,20,14,[7 2],21,112,126,91,112
1,<environment.Job instance at 0x7fee1458dfa0>,24,16,[8 3],25,146,162,121,146
1,<environment.Job instance at 0x7fee1458d2d0>,26,22,[9 4],27,169,191,142,169
1,<environment.Job instance at 0x7fee1468f050>,5,14,[5 8],6,11,25,5,11
1,<environment.Job instance at 0x7fee586cf1e0>,6,28,[5 2],7,11,39,4,11
1,<environment.Job instance at 0x7fee1452a0f0>,9,19,[6 4],10,39,58,29,39
1,<environment.Job instance at 0x7fee1452a5a0>,8,26,[8 3],9,130,156,121,130
1,<environment.Job instance at 0x7fee1460c050>,23,14,[1 9],24,162,176,138,162
1,<environment.Job instance at 0x7fee57f3d190>,1,17,[2 7],2,6,23,4,6
1,<environment.Job instance at 0x7fee57fa7be0>,5,12,[4 8],6,23,35,17,15
1,<environment.Job instance at 0x7fee149aee10>,4,24,[9 2],5,48,72,43,48
1,<environment.Job instance at 0x7fee14932b90>,17,17,[4 5],18,107,124,89,107
1,<environment.Job instance at 0x7fee149c5c30>,19,13,[3 9],20,124,137,104,108
1,<environment.Job instance at 0x7fee148cbd20>,28,15,[ 5 10],29,209,224,180,209
1,<environment.Job instance at 0x7fee148cb0f0>,32,13,[1 8],33,228,241,195,228
1,<environment.Job instance at 0x7fee148cbe10>,31,13,[6 1],32,240,253,208,240
1,<environment.Job instance at 0x7fee143db0f0>,33,21,[10  4],34,253,274,219,250
1,<environment.Job instance at 0x7fee145d5500>,2,14,[8 3],3,3,17,0,3
1,<environment.Job instance at 0x7fee58066460>,11,22,[8 1],12,86,108,74,86
1,<environment.Job instance at 0x7fee58066cd0>,20,13,[3 5],21,118,131,97,118
1,<environment.Job instance at 0x7fee58066a00>,14,15,[5 8],15,131,146,116,118
1,<environment.Job instance at 0x7fee5a7e9690>,6,21,[8 1],7,9,30,2,9
1,<environment.Job instance at 0x7fee146c9460>,4,26,[10  2],5,51,77,46,51
1,<environment.Job instance at 0x7fee586c6b90>,10,18,[10  5],11,127,145,116,127
1,<environment.Job instance at 0x7fee581ba8c0>,17,21,[4 6],18,169,190,151,169
1,<environment.Job instance at 0x7fee581ba500>,18,14,[5 7],19,190,204,171,175
1,<environment.Job instance at 0x7fee1460d410>,8,13,[2 6],9,20,33,11,20
1,<environment.Job instance at 0x7fee1448a730>,9,13,[10  4],10,33,46,23,21
1,<environment.Job instance at 0x7fee5aeaedc0>,17,13,[3 9],18,184,197,166,184
1,<environment.Job instance at 0x7fee147ffe10>,7,20,[4 5],8,29,49,21,29
1,<environment.Job instance at 0x7fee5aa8c910>,8,14,[5 7],9,49,63,40,34
1,<environment.Job instance at 0x7fee5a9d47d0>,5,19,[2 5],6,6,25,0,6
1,<environment.Job instance at 0x7fee582e1690>,7,16,[8 4],8,26,42,18,26
1,<environment.Job instance at 0x7fee143ec3c0>,21,13,[10  3],22,239,252,217,239
1,<environment.Job instance at 0x7fee147f1550>,25,20,[5 1],26,259,279,233,259
1,<environment.Job instance at 0x7fee14b19f50>,28,25,[2 5],29,267,292,238,267
1,<environment.Job instance at 0x7fee147d2870>,4,16,[10  2],5,6,22,1,6
1,<environment.Job instance at 0x7fee57f4e640>,5,12,[3 5],6,22,34,16,10
1,<environment.Job instance at 0x7fee14a70fa0>,11,15,[1 7],12,54,69,42,54
1,<environment.Job instance at 0x7fee58575aa0>,3,14,[10  5],4,69,83,65,54
1,<environment.Job instance at 0x7fee1447a3c0>,15,12,[9 1],16,83,95,67,66
1,<environment.Job instance at 0x7fee5830a0f0>,28,15,[ 5 10],29,200,215,171,200
1,<environment.Job instance at 0x7fee5830a5f0>,33,16,[2 8],34,239,255,205,239
1,<environment.Job instance at 0x7fee5f602af0>,5,17,[8 3],6,229,246,223,229
1,<environment.Job instance at 0x7fee5831dfa0>,4,21,[1 9],5,26,47,21,26
1,<environment.Job instance at 0x7fee14b180a0>,9,12,[3 9],10,47,59,37,30
1,<environment.Job instance at 0x7fee14a702d0>,11,19,[5 1],12,30,49,18,30
1,<environment.Job instance at 0x7fee5a9b6460>,16,17,[1 9],17,59,76,42,54
1,<environment.Job instance at 0x7fee14819640>,6,17,[5 8],7,239,256,232,239
1,<environment.Job instance at 0x7fee1420a230>,8,25,[4 8],9,22,47,13,22
1,<environment.Job instance at 0x7fee1420a5f0>,9,14,[ 4 10],10,47,61,37,32
1,<environment.Job instance at 0x7fee14b6faf0>,7,28,[7 3],8,103,131,95,103
1,<environment.Job instance at 0x7fee5a762af0>,23,25,[3 9],24,134,159,110,134
1,<environment.Job instance at 0x7fee5a7626e0>,24,25,[3 8],25,159,184,134,159
1,<environment.Job instance at 0x7fee5a762640>,29,17,[7 1],30,181,198,151,181
1,<environment.Job instance at 0x7fee14b682d0>,38,13,[10  5],39,254,267,215,254
1,<environment.Job instance at 0x7fee5ad6ba50>,9,14,[3 7],10,22,36,12,22
1,<environment.Job instance at 0x7fee1422aeb0>,20,14,[4 7],21,146,160,125,146
1,<environment.Job instance at 0x7fee1422a2d0>,22,12,[6 5],23,173,185,150,173
1,<environment.Job instance at 0x7fee1422aa00>,26,17,[4 6],27,227,244,200,227
1,<environment.Job instance at 0x7fee1422a8c0>,31,16,[ 3 10],32,265,281,233,265
1,<environment.Job instance at 0x7fee1422a140>,1,16,[10  1],2,2,18,0,2
1,<environment.Job instance at 0x7fee147bf910>,17,15,[10  5],18,125,140,107,125
1,<environment.Job instance at 0x7fee5a978050>,21,21,[8 3],22,171,192,149,171
1,<environment.Job instance at 0x7fee583baf50>,5,17,[7 4],6,219,236,213,219
1,<environment.Job instance at 0x7fee580eb280>,26,14,[2 6],27,248,262,221,248
1,<environment.Job instance at 0x7fee583d1320>,4,17,[4 8],5,24,41,19,24
1,<environment.Job instance at 0x7fee57fea2d0>,12,14,[4 7],13,53,67,40,53
1,<environment.Job instance at 0x7fee583d1cd0>,7,16,[5 5],8,132,148,124,132
1,<environment.Job instance at 0x7fee1428fb90>,20,14,[3 9],21,148,162,127,137
1,<environment.Job instance at 0x7fee1428f2d0>,25,17,[10  1],26,191,208,165,191
1,<environment.Job instance at 0x7fee1428f550>,26,17,[8 1],27,208,225,181,202
1,<environment.Job instance at 0x7fee14a34230>,5,12,[5 4],6,6,18,0,6
1,<environment.Job instance at 0x7fee14a34780>,4,19,[2 5],5,21,40,16,21
1,<environment.Job instance at 0x7fee14a34b40>,8,14,[7 2],9,27,41,18,27
1,<environment.Job instance at 0x7fee14a34140>,9,27,[4 9],10,138,165,128,138
1,<environment.Job instance at 0x7fee14a371e0>,27,22,[8 5],28,246,268,218,246
1,<environment.Job instance at 0x7feac1251190>,1,15,[5 2],3,3,18,0,3
1,<environment.Job instance at 0x7feab9e41370>,3,18,[10  4],7,18,36,11,8
1,<environment.Job instance at 0x7feab9e417d0>,10,17,[3 9],18,36,53,18,26
1,<environment.Job instance at 0x7feab9e41be0>,17,18,[10  3],26,82,100,56,82
1,<environment.Job instance at 0x7feab9e41dc0>,22,18,[7 4],31,146,164,115,146
1,<environment.Job instance at 0x7feab9e45320>,24,19,[6 1],35,166,185,131,166
1,<environment.Job instance at 0x7feab9e455a0>,28,17,[2 8],42,233,250,191,233
1,<environment.Job instance at 0x7feab9e45370>,31,17,[9 3],45,253,270,208,253
1,<environment.Job instance at 0x7feac13c4aa0>,5,15,[5 3],9,142,157,133,142
1,<environment.Job instance at 0x7feac13c4280>,3,19,[1 5],7,149,168,142,149
1,<environment.Job instance at 0x7feac13bfa50>,23,28,[7 1],34,175,203,141,175
1,<environment.Job instance at 0x7feac13bf320>,22,28,[7 2],33,203,231,170,203
1,<environment.Job instance at 0x7feac13bf0f0>,27,19,[2 5],48,229,248,181,229
1,<environment.Job instance at 0x7feac13bf5f0>,29,16,[6 2],50,242,258,192,242
1,<environment.Job instance at 0x7feac13bfdc0>,30,25,[4 6],51,248,273,197,244
1,<environment.Job instance at 0x7fea76491eb0>,1,14,[5 7],3,3,17,0,3
1,<environment.Job instance at 0x7fea761f80f0>,3,12,[5 9],6,17,29,11,7
1,<environment.Job instance at 0x7fea761f89b0>,11,18,[8 3],20,29,47,9,20
1,<environment.Job instance at 0x7fea761f85a0>,12,17,[1 7],21,29,46,8,22
1,<environment.Job instance at 0x7fea761dadc0>,17,12,[1 8],31,47,59,16,43
1,<environment.Job instance at 0x7fea761da780>,26,17,[7 5],44,164,181,120,164
1,<environment.Job instance at 0x7fea761da9b0>,29,22,[5 4],47,181,203,134,174
1,<environment.Job instance at 0x7fea761da730>,34,13,[2 6],54,200,213,146,200
1,<environment.Job instance at 0x7fea761da8c0>,36,14,[3 6],57,213,227,156,205
1,<environment.Job instance at 0x7fea762020f0>,4,12,[8 2],8,11,23,3,11
1,<environment.Job instance at 0x7feaba1fcb90>,23,12,[9 3],41,201,213,160,201
1,<environment.Job instance at 0x7fea7614d5f0>,1,19,[8 1],3,6,25,3,6
1,<environment.Job instance at 0x7feaba1b21e0>,2,16,[4 5],4,57,73,53,57
1,<environment.Job instance at 0x7fea761eb730>,7,12,[ 1 10],12,73,85,61,57
1,<environment.Job instance at 0x7fea761ebc80>,11,28,[7 5],19,87,115,68,87
1,<environment.Job instance at 0x7fea76504eb0>,16,17,[6 1],28,115,132,87,103
1,<environment.Job instance at 0x7fea765042d0>,18,12,[ 2 10],31,132,144,101,115
1,<environment.Job instance at 0x7fea76504a50>,23,14,[3 8],38,144,158,106,142
1,<environment.Job instance at 0x7feabc4e2aa0>,29,13,[1 9],45,223,236,178,223
1,<environment.Job instance at 0x7feab9cf7960>,8,12,[7 2],13,38,50,25,38
1,<environment.Job instance at 0x7fea76202690>,2,24,[2 6],3,40,64,37,40
1,<environment.Job instance at 0x7feab9c9c7d0>,20,21,[ 2 10],31,179,200,148,179
1,<environment.Job instance at 0x7feab9c9c410>,23,13,[5 2],34,231,244,197,231
1,<environment.Job instance at 0x7feab9c9cd70>,25,16,[ 1 10],37,245,261,208,245
1,<environment.Job instance at 0x7feab9c9c3c0>,26,22,[ 3 10],38,261,283,223,260
1,<environment.Job instance at 0x7feab9c9ca50>,28,19,[ 4 10],40,283,302,243,273
1,<environment.Job instance at 0x7feabc8aaf00>,11,21,[7 5],17,164,185,147,164
1,<environment.Job instance at 0x7feabcb70af0>,17,16,[4 5],25,188,204,163,188
1,<environment.Job instance at 0x7feaba1a0cd0>,25,13,[3 8],38,245,258,207,245
1,<environment.Job instance at 0x7feab9d909b0>,15,12,[1 8],18,148,160,130,148
1,<environment.Job instance at 0x7fea7630deb0>,16,16,[3 8],19,160,176,141,148
1,<environment.Job instance at 0x7feab9c93c80>,20,18,[1 6],24,221,239,197,221
1,<environment.Job instance at 0x7fea763b95a0>,22,17,[5 7],26,239,256,213,227
1,<environment.Job instance at 0x7fea76542f00>,24,17,[4 6],28,256,273,228,244
1,<environment.Job instance at 0x7fea76662730>,4,15,[7 1],9,9,24,0,9
1,<environment.Job instance at 0x7fea766dc320>,5,17,[2 6],10,11,28,1,11
1,<environment.Job instance at 0x7fea76662690>,6,25,[5 5],11,52,77,41,52
1,<environment.Job instance at 0x7feaba2044b0>,13,18,[5 9],23,77,95,54,66
1,<environment.Job instance at 0x7feabca248c0>,8,22,[5 3],14,107,129,93,107
1,<environment.Job instance at 0x7fea7665da00>,18,16,[5 6],23,145,161,122,145
1,<environment.Job instance at 0x7feab9f0c0f0>,20,22,[5 8],25,166,188,141,166
1,<environment.Job instance at 0x7fea76504dc0>,24,14,[4 5],32,248,262,216,248
1,<environment.Job instance at 0x7feab9e99dc0>,13,15,[9 3],20,86,101,66,86
1,<environment.Job instance at 0x7feab9e996e0>,16,18,[4 9],24,101,119,77,96
1,<environment.Job instance at 0x7feaba188af0>,3,22,[ 1 10],7,119,141,112,112
1,<environment.Job instance at 0x7feaba35c780>,23,18,[6 3],31,157,175,126,157
1,<environment.Job instance at 0x7feaba0a5aa0>,16,16,[8 4],21,143,159,122,143
1,<environment.Job instance at 0x7feaba0fb140>,12,23,[9 4],16,164,187,148,164
1,<environment.Job instance at 0x7feaba0a5af0>,20,16,[1 6],29,179,195,150,179
1,<environment.Job instance at 0x7feaba0a50f0>,22,22,[1 8],32,195,217,163,190
1,<environment.Job instance at 0x7feaba0a5fa0>,19,25,[4 6],27,217,242,190,214
1,<environment.Job instance at 0x7fea765e6640>,9,15,[5 7],16,44,59,28,44
1,<environment.Job instance at 0x7feabc8a1140>,10,14,[1 6],17,59,73,42,44
1,<environment.Job instance at 0x7fea7645c730>,15,12,[3 9],26,73,85,47,66
1,<environment.Job instance at 0x7feabc6260a0>,25,15,[4 8],36,191,206,155,191
1,<environment.Job instance at 0x7feabc626640>,27,26,[2 8],39,218,244,179,218
1,<environment.Job instance at 0x7feaba0a0b40>,31,16,[10  1],44,256,272,212,256
1,<environment.Job instance at 0x7fea760f41e0>,9,15,[1 7],13,17,32,4,17
1,<environment.Job instance at 0x7feabc7ee2d0>,27,18,[1 6],36,231,249,195,231
1,<environment.Job instance at 0x7feac1153820>,6,12,[7 2],10,10,22,0,10
1,<environment.Job instance at 0x7feabc7fd460>,5,17,[2 9],9,22,39,13,14
1,<environment.Job instance at 0x7feabc55bd70>,9,18,[6 5],15,39,57,24,33
1,<environment.Job instance at 0x7feab9ecbaa0>,14,13,[2 9],26,61,74,35,61
1,<environment.Job instance at 0x7fea760a3eb0>,12,26,[2 9],19,89,115,70,89
1,<environment.Job instance at 0x7feab9ecb960>,17,17,[1 5],30,155,172,125,155
1,<environment.Job instance at 0x7feaba0c7c80>,22,25,[2 7],37,177,202,140,177
1,<environment.Job instance at 0x7fea7649b370>,25,12,[8 3],41,186,198,145,186
1,<environment.Job instance at 0x7feab9c91550>,28,24,[5 5],45,214,238,169,214
1,<environment.Job instance at 0x7fea7649bf50>,26,22,[7 5],42,259,281,217,259
1,<environment.Job instance at 0x7fea7655a320>,4,26,[5 6],6,28,54,22,28
1,<environment.Job instance at 0x7fea75e22cd0>,15,14,[5 6],24,98,112,74,98
1,<environment.Job instance at 0x7fea75e225a0>,17,13,[5 1],27,104,117,77,104
1,<environment.Job instance at 0x7fea75e223c0>,20,13,[6 5],32,149,162,117,149
1,<environment.Job instance at 0x7fea75e22230>,23,16,[ 3 10],37,187,203,150,187
1,<environment.Job instance at 0x7fea75e22af0>,26,26,[2 5],40,203,229,163,200
1,<environment.Job instance at 0x7fea75e22d20>,28,19,[ 2 10],42,229,248,187,225
1,<environment.Job instance at 0x7fea75f428c0>,14,27,[9 4],17,207,234,190,207
1,<environment.Job instance at 0x7fea760538c0>,5,15,[2 5],8,45,60,37,45
1,<environment.Job instance at 0x7feabc96a8c0>,15,12,[4 7],23,102,114,79,102
1,<environment.Job instance at 0x7feabc96a410>,16,18,[7 1],25,114,132,89,103
1,<environment.Job instance at 0x7feabc83f820>,27,17,[ 3 10],39,241,258,202,241
1,<environment.Job instance at 0x7fea7654ff50>,3,22,[7 5],4,69,91,65,69
1,<environment.Job instance at 0x7fea7677edc0>,16,18,[5 1],21,128,146,107,128
1,<environment.Job instance at 0x7feab9bd3550>,5,25,[4 7],6,162,187,156,162
1,<environment.Job instance at 0x7fea7677ed20>,21,25,[8 4],28,187,212,159,184
1,<environment.Job instance at 0x7f80cef08190>,1,15,[5 2],3,5,20,2,5
1,<environment.Job instance at 0x7f80cef081e0>,3,18,[10  4],7,20,38,13,9
1,<environment.Job instance at 0x7f80c7af8820>,10,17,[3 9],18,38,55,20,26
1,<environment.Job instance at 0x7f80c7af8be0>,17,18,[10  3],26,95,113,69,95
1,<environment.Job instance at 0x7f80c7afc280>,24,19,[6 1],35,185,204,150,185
1,<environment.Job instance at 0x7f80c7afc5f0>,30,17,[4 9],44,271,288,227,271
1,<environment.Job instance at 0x7f80cf076b90>,6,19,[2 9],8,9,28,1,9
1,<environment.Job instance at 0x7f80cf0762d0>,5,25,[6 4],7,28,53,21,25
1,<environment.Job instance at 0x7f80cf076870>,9,18,[1 6],11,28,46,17,28
1,<environment.Job instance at 0x7f80cf076dc0>,4,12,[1 9],6,53,65,47,43
1,<environment.Job instance at 0x7f80cf06e640>,20,19,[2 5],38,130,149,92,130
1,<environment.Job instance at 0x7f80cf07dfa0>,25,15,[7 2],45,166,181,121,166
1,<environment.Job instance at 0x7f80cf07de10>,28,16,[3 6],49,177,193,128,177
1,<environment.Job instance at 0x7f80cf07db40>,32,13,[4 5],53,215,228,162,215
1,<environment.Job instance at 0x7f80cef33d20>,36,18,[ 4 10],58,254,272,196,254
1,<environment.Job instance at 0x7f8083df4d20>,15,16,[5 7],25,90,106,65,90
1,<environment.Job instance at 0x7f8083deceb0>,16,16,[6 2],26,106,122,80,93
1,<environment.Job instance at 0x7f8083decc30>,24,14,[3 6],37,119,133,82,119
1,<environment.Job instance at 0x7f80cf07b410>,5,20,[6 4],9,9,29,0,9
1,<environment.Job instance at 0x7f8083efbe10>,7,27,[3 8],12,29,56,17,29
1,<environment.Job instance at 0x7f8083efb690>,4,16,[10  4],8,56,72,48,46
1,<environment.Job instance at 0x7f80c7947960>,17,13,[3 5],23,118,131,95,118
1,<environment.Job instance at 0x7f80c7947f50>,21,17,[2 6],30,131,148,101,130
1,<environment.Job instance at 0x7f80c7947d70>,24,12,[ 1 10],33,166,178,133,166
1,<environment.Job instance at 0x7f8084257b40>,28,14,[7 2],38,193,207,155,193
1,<environment.Job instance at 0x7f8084257d20>,32,16,[3 9],44,217,233,173,217
1,<environment.Job instance at 0x7f8084257730>,34,18,[6 3],46,266,284,220,266
1,<environment.Job instance at 0x7f8083d4e690>,8,17,[10  4],10,78,95,68,78
1,<environment.Job instance at 0x7f8083f727d0>,16,19,[7 1],20,180,199,160,180
1,<environment.Job instance at 0x7f80cf076a00>,1,18,[8 2],2,2,20,0,2
1,<environment.Job instance at 0x7f80c8078af0>,12,17,[5 8],18,20,37,2,19
1,<environment.Job instance at 0x7f8083d5c5f0>,4,26,[2 7],8,50,76,42,50
1,<environment.Job instance at 0x7f80c7bdda00>,18,18,[3 6],31,108,126,77,108
1,<environment.Job instance at 0x7f80c7bbf8c0>,23,17,[3 9],37,170,187,133,170
1,<environment.Job instance at 0x7f80c7fb2190>,27,19,[4 5],42,236,255,194,236
1,<environment.Job instance at 0x7f8083e7f820>,29,28,[8 2],44,255,283,211,254
1,<environment.Job instance at 0x7f8083e04b90>,6,14,[6 2],11,15,29,4,15
1,<environment.Job instance at 0x7f80c7cae780>,5,14,[1 7],9,16,30,7,16
1,<environment.Job instance at 0x7f80c7c3e410>,13,18,[5 2],19,90,108,71,90
1,<environment.Job instance at 0x7f80c853fc80>,21,28,[6 5],31,260,288,229,260
1,<environment.Job instance at 0x7f8083fbc5f0>,9,15,[5 6],13,49,64,36,49
1,<environment.Job instance at 0x7f80c7d83410>,13,18,[3 9],18,86,104,68,86
1,<environment.Job instance at 0x7f8083d5c190>,5,13,[7 1],8,102,115,94,102
1,<environment.Job instance at 0x7f80c796e0f0>,19,17,[5 7],26,119,136,93,119
1,<environment.Job instance at 0x7f80c7f34780>,32,24,[3 5],49,264,288,215,264
1,<environment.Job instance at 0x7f80c7f34780>,2,14,[5 3],5,29,43,24,29
1,<environment.Job instance at 0x7f80c7d83b40>,10,16,[ 3 10],21,50,66,29,50
1,<environment.Job instance at 0x7f80c86e1280>,17,18,[4 9],37,90,108,53,90
1,<environment.Job instance at 0x7f80c8621410>,25,15,[1 7],48,231,246,183,231
1,<environment.Job instance at 0x7f8083fbccd0>,4,19,[8 1],14,242,261,228,242
1,<environment.Job instance at 0x7f80c78e0960>,9,22,[2 7],11,44,66,33,44
1,<environment.Job instance at 0x7f80c78e0640>,11,27,[6 2],13,44,71,31,44
1,<environment.Job instance at 0x7f80c8556370>,14,13,[6 1],17,74,87,57,74
1,<environment.Job instance at 0x7f8084384960>,27,15,[3 8],32,242,257,210,242
1,<environment.Job instance at 0x7f80843849b0>,28,14,[4 9],33,257,271,224,242
1,<environment.Job instance at 0x7f80c7a3e640>,14,19,[9 1],21,113,132,92,113
1,<environment.Job instance at 0x7f80c78e0500>,5,23,[ 4 10],8,147,170,139,147
1,<environment.Job instance at 0x7f8083e65dc0>,24,25,[6 3],32,172,197,140,172
1,<environment.Job instance at 0x7f8083e615a0>,31,17,[8 3],43,226,243,183,226
1,<environment.Job instance at 0x7f8083cc2cd0>,20,27,[10  3],32,191,218,159,191
1,<environment.Job instance at 0x7f80c7a907d0>,23,22,[3 9],41,240,262,199,240
1,<environment.Job instance at 0x7f8084442370>,14,16,[7 2],18,104,120,86,104
1,<environment.Job instance at 0x7f8084446320>,23,13,[5 4],28,195,208,167,195
1,<environment.Job instance at 0x7f8084446370>,24,13,[ 4 10],29,208,221,179,195
1,<environment.Job instance at 0x7f8083bc10f0>,5,15,[2 5],8,18,33,10,18
1,<environment.Job instance at 0x7f80c794a7d0>,7,13,[1 9],12,33,46,21,18
1,<environment.Job instance at 0x7f8083ae68c0>,9,16,[2 9],16,53,69,37,53
1,<environment.Job instance at 0x7f8083a84d20>,12,23,[8 3],19,69,92,50,68
1,<environment.Job instance at 0x7f80841d2f50>,18,19,[7 1],32,110,129,78,110
1,<environment.Job instance at 0x7f8083d9f320>,4,28,[3 5],7,117,145,110,117
1,<environment.Job instance at 0x7f80c793c8c0>,21,12,[4 6],35,145,157,110,132
1,<environment.Job instance at 0x7f80c793cdc0>,24,15,[6 1],39,132,147,93,132
1,<environment.Job instance at 0x7f80c7920550>,28,12,[5 7],45,185,197,140,185
1,<environment.Job instance at 0x7f80c792e5f0>,36,14,[ 4 10],57,266,280,209,266
1,<environment.Job instance at 0x7f80cee8eb40>,4,27,[2 8],5,8,35,3,8
1,<environment.Job instance at 0x7f80c79415f0>,7,12,[8 1],10,10,22,0,10
1,<environment.Job instance at 0x7f80c7941050>,9,12,[4 7],13,35,47,22,19
1,<environment.Job instance at 0x7f8083d0cbe0>,12,17,[9 4],19,47,64,28,40
1,<environment.Job instance at 0x7f80c7941d20>,8,19,[5 4],11,64,83,53,62
1,<environment.Job instance at 0x7f80841f7370>,19,15,[8 2],27,157,172,130,157
1,<environment.Job instance at 0x7f8083adc960>,5,25,[8 4],8,97,122,89,97
1,<environment.Job instance at 0x7f8083b60140>,23,13,[1 5],40,228,241,188,228
1,<environment.Job instance at 0x7f8083b60550>,24,13,[6 1],42,231,244,189,231
1,<environment.Job instance at 0x7f8083bdd780>,28,16,[6 3],46,266,282,220,266
1,<environment.Job instance at 0x7f80c7a0ac30>,2,15,[3 7],5,5,20,0,5
1,<environment.Job instance at 0x7f8083d864b0>,8,17,[8 2],13,56,73,43,56
1,<environment.Job instance at 0x7f8083d86410>,15,13,[4 8],24,114,127,90,114
1,<environment.Job instance at 0x7f8083d86690>,17,16,[ 5 10],26,127,143,101,114
1,<environment.Job instance at 0x7f8083db2b40>,25,17,[8 4],40,202,219,162,202
1,<environment.Job instance at 0x7f8083d86960>,7,14,[4 9],11,237,251,226,237
1,<environment.Job instance at 0x7f62076187d0>,1,15,[5 2],3,5,20,2,5
1,<environment.Job instance at 0x7f620217f5f0>,6,12,[7 2],12,20,32,8,14
1,<environment.Job instance at 0x7f620217f460>,10,17,[3 9],18,32,49,14,20
1,<environment.Job instance at 0x7f620217ffa0>,22,18,[7 4],31,163,181,132,163
1,<environment.Job instance at 0x7f6202183280>,24,19,[6 1],35,183,202,148,183
1,<environment.Job instance at 0x7f6202183500>,28,17,[2 8],42,247,264,205,247
1,<environment.Job instance at 0x7f62021835f0>,30,17,[4 9],44,270,287,226,270
1,<environment.Job instance at 0x7f62076fb730>,6,28,[7 2],13,21,49,8,21
1,<environment.Job instance at 0x7f62076ff230>,11,19,[2 5],28,116,135,88,116
1,<environment.Job instance at 0x7f62076fb870>,7,28,[7 1],14,120,148,106,120
1,<environment.Job instance at 0x7f62076ffc80>,14,25,[4 6],31,148,173,117,144
1,<environment.Job instance at 0x7f6207704410>,27,18,[ 4 10],48,215,233,167,215
1,<environment.Job instance at 0x7f6207704140>,28,22,[6 4],49,233,255,184,229
1,<environment.Job instance at 0x7f6207704b40>,30,18,[10  1],53,255,273,202,246
1,<environment.Job instance at 0x7f61bc543500>,7,14,[9 1],9,13,27,4,13
1,<environment.Job instance at 0x7f61bc543820>,11,13,[2 6],14,47,60,33,47
1,<environment.Job instance at 0x7f61bc5430f0>,12,13,[6 5],16,60,73,44,47
1,<environment.Job instance at 0x7f61bc543870>,5,16,[6 2],6,140,156,134,140
1,<environment.Job instance at 0x7f61bc53deb0>,30,15,[2 5],39,225,240,186,225
1,<environment.Job instance at 0x7f61bc579fa0>,6,14,[7 2],8,16,30,8,16
1,<environment.Job instance at 0x7f61bc565870>,8,26,[3 5],11,16,42,5,16
1,<environment.Job instance at 0x7f61bc4b9320>,9,16,[ 1 10],12,42,58,30,29
1,<environment.Job instance at 0x7f620758eb90>,15,12,[3 9],19,58,70,39,41
1,<environment.Job instance at 0x7f61bc565370>,10,16,[3 9],14,70,86,56,57
1,<environment.Job instance at 0x7f61bc63dcd0>,22,13,[3 9],28,120,133,92,120
1,<environment.Job instance at 0x7f61bc63db40>,26,13,[8 4],32,195,208,163,195
1,<environment.Job instance at 0x7f61bc63dbe0>,27,14,[9 1],33,208,222,175,195
1,<environment.Job instance at 0x7f61bca9cc30>,29,18,[7 2],36,222,240,186,220
1,<environment.Job instance at 0x7f61bc5812d0>,7,25,[3 6],10,13,38,3,13
1,<environment.Job instance at 0x7f61bc581c30>,9,12,[ 2 10],13,38,50,25,32
1,<environment.Job instance at 0x7f61bc4c7910>,12,16,[2 6],16,57,73,41,57
1,<environment.Job instance at 0x7f62022a9f50>,20,12,[6 1],27,165,177,138,165
1,<environment.Job instance at 0x7f61bc585f50>,5,12,[4 8],8,21,33,13,21
1,<environment.Job instance at 0x7f6202370280>,11,14,[4 9],14,68,82,54,68
1,<environment.Job instance at 0x7f6202370af0>,14,18,[6 5],17,88,106,71,88
1,<environment.Job instance at 0x7f620236d910>,19,16,[5 3],24,186,202,162,186
1,<environment.Job instance at 0x7f620236ddc0>,23,12,[7 2],28,203,215,175,203
1,<environment.Job instance at 0x7f620236d3c0>,26,13,[5 3],31,217,230,186,217
1,<environment.Job instance at 0x7f6202490e60>,29,19,[8 3],35,257,276,222,257
1,<environment.Job instance at 0x7f6202783050>,12,25,[ 3 10],19,84,109,65,84
1,<environment.Job instance at 0x7f6201fc4f50>,15,20,[5 1],23,116,136,93,116
1,<environment.Job instance at 0x7f61bc45e190>,16,24,[3 5],26,128,152,102,128
1,<environment.Job instance at 0x7f62025413c0>,22,13,[9 5],33,161,174,128,161
1,<environment.Job instance at 0x7f62025415f0>,25,14,[2 5],36,186,200,150,186
1,<environment.Job instance at 0x7f6201f95a50>,12,13,[9 5],21,63,76,42,63
1,<environment.Job instance at 0x7f6201ef1820>,9,13,[9 1],12,89,102,77,89
1,<environment.Job instance at 0x7f61bca8e500>,23,13,[1 5],38,179,192,141,179
1,<environment.Job instance at 0x7f6202009370>,2,14,[10  2],3,6,20,3,6
1,<environment.Job instance at 0x7f6202c279b0>,5,14,[4 9],7,62,76,55,62
1,<environment.Job instance at 0x7f61bc9a01e0>,12,13,[5 7],16,78,91,62,78
1,<environment.Job instance at 0x7f6202619280>,18,16,[5 6],23,101,117,78,101
1,<environment.Job instance at 0x7f61bc43a0a0>,1,16,[10  3],3,4,20,1,4
1,<environment.Job instance at 0x7f61bc7e6050>,16,16,[9 2],19,112,128,93,112
1,<environment.Job instance at 0x7f61bca10af0>,18,16,[1 5],22,131,147,109,131
1,<environment.Job instance at 0x7f61bca10230>,1,14,[3 7],3,3,17,0,3
1,<environment.Job instance at 0x7f6202127780>,2,20,[5 1],4,4,24,0,4
1,<environment.Job instance at 0x7f6202545e60>,5,18,[5 5],8,17,35,9,10
1,<environment.Job instance at 0x7f62029070f0>,7,24,[ 4 10],10,52,76,42,52
1,<environment.Job instance at 0x7f62027f87d0>,19,18,[9 3],30,96,114,66,96
1,<environment.Job instance at 0x7f62027f8af0>,24,20,[4 8],38,143,163,105,143
1,<environment.Job instance at 0x7f62027f8d20>,29,19,[7 3],43,172,191,129,172
1,<environment.Job instance at 0x7f62027d4320>,1,16,[10  2],3,3,19,0,3
1,<environment.Job instance at 0x7f61bc385aa0>,7,16,[4 8],11,19,35,8,13
1,<environment.Job instance at 0x7f61bc4654b0>,21,12,[2 5],29,210,222,181,210
1,<environment.Job instance at 0x7f61bc465af0>,22,22,[6 1],31,211,233,180,211
1,<environment.Job instance at 0x7f61bc91eaf0>,7,18,[7 1],14,27,45,13,27
1,<environment.Job instance at 0x7f6202a2e730>,26,17,[3 9],46,272,289,226,272
1,<environment.Job instance at 0x7f620208f320>,8,17,[1 9],13,36,53,23,36
1,<environment.Job instance at 0x7f62028c0460>,20,16,[3 6],28,166,182,138,166
1,<environment.Job instance at 0x7f6202a8df00>,5,23,[10  3],7,8,31,1,8
1,<environment.Job instance at 0x7f6202a2e500>,8,27,[9 5],10,38,65,28,38
1,<environment.Job instance at 0x7f6202cb2d70>,12,19,[5 3],14,66,85,52,66
1,<environment.Job instance at 0x7f61bc659190>,7,15,[9 2],9,85,100,76,81
1,<environment.Job instance at 0x7f61bc8f3640>,16,16,[5 3],20,100,116,80,87
1,<environment.Job instance at 0x7f61bc8f30f0>,17,16,[5 8],21,196,212,175,196
1,<environment.Job instance at 0x7f61bc167690>,12,16,[ 2 10],16,90,106,74,90
1,<environment.Job instance at 0x7f61bc1672d0>,11,16,[10  2],15,106,122,91,93
1,<environment.Job instance at 0x7f61bc167460>,13,14,[4 8],18,154,168,136,154
1,<environment.Job instance at 0x7f61bc1675f0>,18,13,[2 9],24,204,217,180,204
1,<environment.Job instance at 0x7f61bc167640>,21,15,[2 5],28,245,260,217,245
1,<environment.Job instance at 0x7f61bc821780>,14,19,[5 4],21,101,120,80,101
1,<environment.Job instance at 0x7f61bc24ff00>,15,12,[4 7],23,120,132,97,103
1,<environment.Job instance at 0x7f62027c4e10>,3,13,[1 9],4,236,249,232,236
1,<environment.Job instance at 0x7f6201f69190>,25,15,[8 2],37,249,264,212,237
1,<environment.Job instance at 0x7f61bc24ce60>,4,26,[8 5],7,18,44,11,18
1,<environment.Job instance at 0x7f61bc5d3820>,7,26,[7 1],13,44,70,31,42
1,<environment.Job instance at 0x7f6202506500>,12,16,[ 3 10],20,82,98,62,82
1,<environment.Job instance at 0x7f61bc821370>,22,17,[3 6],39,191,208,152,191
1,<environment.Job instance at 0x7f61bc821820>,24,13,[6 1],42,192,205,150,192
1,<environment.Job instance at 0x7f6202716280>,28,16,[6 3],46,238,254,192,238
1,<environment.Job instance at 0x7f61bc5eac80>,29,21,[5 8],47,261,282,214,261
1,<environment.Job instance at 0x7f6202862910>,1,17,[8 2],3,3,20,0,3
1,<environment.Job instance at 0x7f61bc14d0f0>,8,13,[4 8],14,36,49,22,36
1,<environment.Job instance at 0x7f61bc14d140>,10,16,[ 5 10],16,49,65,33,38
1,<environment.Job instance at 0x7f61bc4d5280>,18,17,[8 4],30,130,147,100,130
1,<environment.Job instance at 0x7f6202862aa0>,4,19,[4 7],8,192,211,184,192
1,<environment.Job instance at 0x7f62028626e0>,1,20,[9 2],4,17,37,13,17
1,<environment.Job instance at 0x7f62021d7a00>,32,16,[8 3],51,267,283,216,267
1,<environment.Job instance at 0x7fd307ea90f0>,3,18,[10  4],7,7,25,0,7
1,<environment.Job instance at 0x7fd300a99460>,6,12,[7 2],12,25,37,13,12
1,<environment.Job instance at 0x7fd300a99870>,10,17,[3 9],18,94,111,76,94
1,<environment.Job instance at 0x7fd300a99d20>,17,18,[10  3],26,111,129,85,100
1,<environment.Job instance at 0x7fd300a9d280>,24,19,[6 1],35,182,201,147,182
1,<environment.Job instance at 0x7fd300a9d5f0>,30,17,[4 9],44,269,286,225,269
1,<environment.Job instance at 0x7fd30801ca00>,5,19,[2 5],18,22,41,4,22
1,<environment.Job instance at 0x7fd307ed1c80>,13,16,[3 6],29,63,79,34,63
1,<environment.Job instance at 0x7fd307ed1e10>,21,18,[ 4 10],38,118,136,80,118
1,<environment.Job instance at 0x7fd307ed1e60>,23,18,[1 6],42,140,158,98,140
1,<environment.Job instance at 0x7fd307ed1820>,24,18,[10  1],43,158,176,115,147
1,<environment.Job instance at 0x7fd308019730>,31,13,[ 4 10],52,216,229,164,216
1,<environment.Job instance at 0x7fd2bd039c80>,4,22,[ 1 10],6,17,39,11,17
1,<environment.Job instance at 0x7fd2bcdd6780>,5,12,[2 7],7,59,71,52,59
1,<environment.Job instance at 0x7fd2bce47780>,25,26,[4 8],35,205,231,170,205
1,<environment.Job instance at 0x7fd2bce6f050>,2,14,[9 1],3,9,23,6,9
1,<environment.Job instance at 0x7fd2bce533c0>,6,21,[9 4],8,26,47,18,26
1,<environment.Job instance at 0x7fd2bd15e960>,9,20,[5 5],11,49,69,38,49
1,<environment.Job instance at 0x7fd2bd15e550>,13,16,[9 4],16,69,85,53,60
1,<environment.Job instance at 0x7fd2bd0e79b0>,22,20,[6 1],27,191,211,164,191
1,<environment.Job instance at 0x7fd2bd0e78c0>,26,12,[3 5],34,212,224,178,212
1,<environment.Job instance at 0x7fd2bd0e7c30>,27,14,[5 8],35,224,238,189,220
1,<environment.Job instance at 0x7fd2bd0e7be0>,3,14,[8 1],5,59,73,54,59
1,<environment.Job instance at 0x7fd2bd19af50>,21,14,[4 9],32,179,193,147,179
1,<environment.Job instance at 0x7fd2bcca1230>,27,19,[5 5],41,234,253,193,234
1,<environment.Job instance at 0x7fd301052870>,7,13,[3 8],9,24,37,15,24
1,<environment.Job instance at 0x7fd2bd15cbe0>,6,17,[4 6],8,37,54,29,25
1,<environment.Job instance at 0x7fd300b832d0>,8,17,[9 1],12,15,32,3,15
1,<environment.Job instance at 0x7fd300f44d20>,5,16,[1 9],9,34,50,25,34
1,<environment.Job instance at 0x7fd300e5b460>,13,15,[3 5],19,89,104,70,89
1,<environment.Job instance at 0x7fd2bd2f85a0>,2,18,[6 5],4,5,23,1,5
1,<environment.Job instance at 0x7fd2bd2f8280>,4,13,[4 6],7,23,36,16,7
1,<environment.Job instance at 0x7fd2bd2f8be0>,9,12,[5 5],13,36,48,23,27
1,<environment.Job instance at 0x7fd2bd2f8640>,8,17,[8 1],12,88,105,76,88
1,<environment.Job instance at 0x7fd2bd2f8500>,1,15,[5 6],3,4,19,1,4
1,<environment.Job instance at 0x7fd30159f460>,7,12,[8 3],12,21,33,9,21
1,<environment.Job instance at 0x7fd300a8a780>,11,17,[5 7],16,64,81,48,64
1,<environment.Job instance at 0x7fd2bd108aa0>,5,18,[3 9],8,116,134,108,116
1,<environment.Job instance at 0x7fd300dca050>,24,24,[3 5],39,231,255,192,231
1,<environment.Job instance at 0x7fd301187be0>,7,18,[ 1 10],14,14,32,0,14
1,<environment.Job instance at 0x7fd300ef1be0>,2,15,[1 7],3,9,24,6,9
1,<environment.Job instance at 0x7fd300bbc230>,11,15,[2 7],15,38,53,23,38
1,<environment.Job instance at 0x7fd300bbcc30>,12,24,[10  1],16,53,77,37,51
1,<environment.Job instance at 0x7fd300bbcc80>,14,20,[6 3],19,77,97,58,71
1,<environment.Job instance at 0x7fd300bbcd70>,17,28,[10  2],22,121,149,99,121
1,<environment.Job instance at 0x7fd2bd422410>,27,18,[ 4 10],36,189,207,153,189
1,<environment.Job instance at 0x7fd3013ed730>,8,16,[9 4],13,21,37,8,21
1,<environment.Job instance at 0x7fd300959140>,3,24,[5 5],5,61,85,56,61
1,<environment.Job instance at 0x7fd300bbaeb0>,19,19,[6 4],24,130,149,106,130
1,<environment.Job instance at 0x7fd300bbaaa0>,20,13,[6 4],25,149,162,124,133
1,<environment.Job instance at 0x7fd300bba140>,22,19,[5 5],28,169,188,141,169
1,<environment.Job instance at 0x7fd300bba6e0>,23,17,[7 1],29,188,205,159,176
1,<environment.Job instance at 0x7fd300bbacd0>,30,18,[7 3],39,247,265,208,247
1,<environment.Job instance at 0x7fd300bbad70>,31,12,[2 5],43,247,259,204,247
1,<environment.Job instance at 0x7fd3009a90a0>,17,17,[9 2],30,93,110,63,93
1,<environment.Job instance at 0x7fd307aa8aa0>,4,12,[2 6],7,15,27,8,15
1,<environment.Job instance at 0x7fd300e9da00>,8,20,[7 2],14,35,55,21,35
1,<environment.Job instance at 0x7fd2bcf6d140>,7,25,[6 1],13,56,81,43,56
1,<environment.Job instance at 0x7fd301542a50>,12,14,[3 5],26,56,70,30,56
1,<environment.Job instance at 0x7fd300e9df50>,10,21,[5 8],22,134,155,112,134
1,<environment.Job instance at 0x7fd30157cc80>,19,12,[3 7],38,155,167,117,148
1,<environment.Job instance at 0x7fd2bce19d20>,25,27,[10  3],45,229,256,184,229
1,<environment.Job instance at 0x7fd30157c230>,27,14,[ 4 10],47,256,270,209,253
1,<environment.Job instance at 0x7fd300f0bb90>,5,20,[7 2],9,11,31,2,11
1,<environment.Job instance at 0x7fd300f1fa50>,7,17,[8 3],11,31,48,20,20
1,<environment.Job instance at 0x7fd2bca7e500>,12,14,[2 5],18,56,70,38,56
1,<environment.Job instance at 0x7fd2bca80550>,14,18,[ 4 10],21,82,100,61,82
1,<environment.Job instance at 0x7fd2bca800f0>,20,17,[4 9],28,161,178,133,161
1,<environment.Job instance at 0x7fd2bca805a0>,22,15,[6 3],31,186,201,155,186
1,<environment.Job instance at 0x7fd2bcb2fdc0>,25,13,[1 9],34,206,219,172,206
1,<environment.Job instance at 0x7fd2bcb2f460>,5,25,[4 7],6,59,84,53,59
1,<environment.Job instance at 0x7fd2bcafa190>,11,26,[1 7],14,84,110,70,81
1,<environment.Job instance at 0x7fd2bca8c190>,15,12,[6 1],19,98,110,79,98
1,<environment.Job instance at 0x7fd300a71410>,16,18,[5 1],21,110,128,89,102
1,<environment.Job instance at 0x7fd2bca8c320>,17,19,[1 9],23,110,129,87,102
1,<environment.Job instance at 0x7fd2bcafa320>,7,14,[4 9],11,47,61,36,47
1,<environment.Job instance at 0x7fd30174e820>,15,13,[4 8],24,95,108,71,95
1,<environment.Job instance at 0x7fd30174e140>,11,19,[4 7],18,108,127,90,98
1,<environment.Job instance at 0x7fd30152a820>,25,17,[8 4],40,170,187,130,170
1,<environment.Job instance at 0x7fd2bcade4b0>,7,21,[5 5],13,93,114,80,93
1,<environment.Job instance at 0x7fd30178a870>,16,14,[5 8],29,140,154,111,140
1,<environment.Job instance at 0x7fd2bd331550>,13,20,[4 9],22,189,209,167,189
1,<environment.Job instance at 0x7fd3010e5f00>,27,12,[3 6],45,223,235,178,223
1,<environment.Job instance at 0x7fd2bd3ccaf0>,1,18,[4 7],4,4,22,0,4
1,<environment.Job instance at 0x7fd300851550>,9,27,[ 1 10],12,55,82,43,55
1,<environment.Job instance at 0x7fd300dd1550>,15,16,[9 4],19,82,98,63,69
1,<environment.Job instance at 0x7fd2bd31c690>,6,20,[5 3],9,98,118,89,93
1,<environment.Job instance at 0x7fd300851eb0>,7,28,[7 1],10,146,174,136,146
