iteration,job object,job ID,job Length,job ressource requirement,job enter time,job start time,job finish time,job waiting time,current time
1,<environment.Job instance at 0x14dcee718550>,8,13,[6 1],9,25,38,16,25
1,<environment.Job instance at 0x14dcee718410>,1,13,[2 8],2,2,15,0,2
1,<environment.Job instance at 0x14dcfc1b6c30>,3,3,[1 8],4,15,18,11,4
1,<environment.Job instance at 0x14dcfc1b2e10>,1,17,[6 1],3,3,20,0,3
1,<environment.Job instance at 0x14dcfc7dc5f0>,1,12,[ 1 10],2,2,14,0,2
1,<environment.Job instance at 0x14dcf0fa2500>,6,16,[10  2],9,14,30,5,9
1,<environment.Job instance at 0x14dcf130c460>,1,3,[2 9],2,2,5,0,2
1,<environment.Job instance at 0x14dcf146b500>,1,3,[1 5],2,2,5,0,2
1,<environment.Job instance at 0x14dcfd22cfa0>,2,1,[2 9],5,7,8,2,7
1,<environment.Job instance at 0x14dcfc18af50>,4,12,[9 1],8,8,20,0,8
1,<environment.Job instance at 0x14dcee548870>,1,3,[6 1],3,3,6,0,3
1,<environment.Job instance at 0x14dcedd84320>,3,16,[2 5],6,6,22,0,6
1,<environment.Job instance at 0x14dcf24a61e0>,0,15,[2 9],2,2,17,0,2
1,<environment.Job instance at 0x14dcf24a66e0>,1,1,[1 9],5,17,18,12,17
1,<environment.Job instance at 0x14dcef0d8410>,0,12,[9 1],1,1,13,0,1
1,<environment.Job instance at 0x14dcff1b0f50>,0,13,[7 2],2,2,15,0,2
1,<environment.Job instance at 0x14dcfc04e5a0>,1,14,[7 1],2,2,16,0,2
1,<environment.Job instance at 0x14dcfc0e7af0>,2,1,[1 5],3,3,4,0,3
1,<environment.Job instance at 0x14dcfc0e7230>,6,15,[7 1],9,9,24,0,9
1,<environment.Job instance at 0x14dcee4091e0>,0,1,[5 1],1,1,2,0,1
1,<environment.Job instance at 0x14dcf25dfb90>,2,12,[9 2],4,4,16,0,4
1,<environment.Job instance at 0x14dcfc0e7230>,3,15,[10  2],5,16,31,11,9
1,<environment.Job instance at 0x14dcfc6ff8c0>,5,18,[1 8],6,6,24,0,6
1,<environment.Job instance at 0x14dcfc7bd230>,0,3,[1 7],1,1,4,0,1
1,<environment.Job instance at 0x14dcf25293c0>,3,3,[1 9],4,9,12,5,9
1,<environment.Job instance at 0x14dcee238aa0>,0,3,[5 1],3,3,6,0,3
1,<environment.Job instance at 0x14dcee238780>,2,3,[ 2 10],6,6,9,0,6
1,<environment.Job instance at 0x14dcee2380a0>,3,2,[1 9],8,9,11,1,8
1,<environment.Job instance at 0x14dcf14d3a50>,3,2,[ 2 10],4,5,7,1,5
1,<environment.Job instance at 0x14dcf14d32d0>,5,17,[ 2 10],6,7,24,1,6
1,<environment.Job instance at 0x14fca9d4ac30>,0,12,[2 5],1,1,13,0,1
1,<environment.Job instance at 0x14fc52db51e0>,3,1,[6 2],4,4,5,0,4
1,<environment.Job instance at 0x14fc52db54b0>,6,18,[8 1],7,7,25,0,7
1,<environment.Job instance at 0x14fc52dba320>,1,17,[6 1],3,3,20,0,3
1,<environment.Job instance at 0x14fc5b616690>,10,1,[2 7],15,15,16,0,15
1,<environment.Job instance at 0x14fc5b616d70>,13,16,[10  2],19,20,36,1,19
1,<environment.Job instance at 0x14fc5b612a00>,0,3,[9 2],1,1,4,0,1
1,<environment.Job instance at 0x14fc5d8700a0>,2,1,[2 9],5,6,7,1,6
1,<environment.Job instance at 0x14fc5d870d70>,4,12,[9 1],8,8,20,0,8
1,<environment.Job instance at 0x14fc555b0280>,0,15,[2 9],2,3,18,1,3
1,<environment.Job instance at 0x14fc524a9e60>,2,17,[8 1],6,7,24,1,7
1,<environment.Job instance at 0x14fc524a9780>,10,3,[1 9],15,145,148,130,145
1,<environment.Job instance at 0x14fc524a5aa0>,0,13,[7 2],2,2,15,0,2
1,<environment.Job instance at 0x14fc5590d8c0>,8,14,[7 1],12,15,29,3,14
1,<environment.Job instance at 0x14fc5cd8cbe0>,5,1,[2 5],8,9,10,1,9
1,<environment.Job instance at 0x14fc5cd8c2d0>,8,1,[5 1],11,58,59,47,58
1,<environment.Job instance at 0x14fc526d60a0>,4,15,[5 1],5,6,21,1,6
1,<environment.Job instance at 0x14fc526d6a00>,6,2,[ 1 10],10,21,23,11,10
1,<environment.Job instance at 0x14fc98198320>,0,3,[5 1],3,3,6,0,3
1,<environment.Job instance at 0x14fc5708a9b0>,1,15,[1 7],5,5,20,0,5
1,<environment.Job instance at 0x14fc5708adc0>,6,15,[2 7],13,20,35,7,13
1,<environment.Job instance at 0x14fc5708a1e0>,9,17,[ 2 10],16,35,52,19,33
1,<environment.Job instance at 0x14fc98147af0>,1,13,[ 2 10],2,2,15,0,2
1,<environment.Job instance at 0x14fc52947410>,6,14,[10  1],9,15,29,6,9
1,<environment.Job instance at 0x14fc52c31be0>,15,16,[1 6],19,29,45,10,19
1,<environment.Job instance at 0x14fc5d78c780>,0,17,[1 6],1,1,18,0,1
1,<environment.Job instance at 0x14fc5d78c230>,1,17,[7 1],2,7,24,5,7
1,<environment.Job instance at 0x14fc55c30c30>,1,3,[2 8],5,5,8,0,5
1,<environment.Job instance at 0x14fc52392f50>,4,18,[7 2],9,9,27,0,9
1,<environment.Job instance at 0x14fc52392140>,6,18,[10  1],16,27,45,11,16
1,<environment.Job instance at 0x14fc52392870>,1,1,[7 2],3,3,4,0,3
1,<environment.Job instance at 0x14fc55aa27d0>,5,15,[2 8],8,8,23,0,8
1,<environment.Job instance at 0x14fc52c73730>,2,18,[5 2],3,3,21,0,3
1,<environment.Job instance at 0x14fc52c73cd0>,5,18,[8 1],7,21,39,14,10
1,<environment.Job instance at 0x14fc55bcce10>,0,17,[7 1],2,2,19,0,2
1,<environment.Job instance at 0x14fc56bdccd0>,6,14,[8 2],12,19,33,7,12
1,<environment.Job instance at 0x14fc56bdc190>,9,14,[8 1],16,33,47,17,18
1,<environment.Job instance at 0x14fc56bdc280>,11,3,[7 2],18,80,83,62,80
1,<environment.Job instance at 0x14fc526dac80>,0,13,[5 2],1,1,14,0,1
1,<environment.Job instance at 0x14fc554c40a0>,5,12,[7 1],11,14,26,3,11
1,<environment.Job instance at 0x14fc554c4f50>,8,3,[1 9],14,52,55,38,52
1,<environment.Job instance at 0x14fc987fab40>,2,3,[5 2],3,3,6,0,3
1,<environment.Job instance at 0x14fc559b9af0>,3,16,[7 2],4,6,22,2,4
1,<environment.Job instance at 0x14fc9804b640>,5,18,[5 2],7,22,40,15,12
1,<environment.Job instance at 0x14fc55aedc80>,11,15,[8 2],16,40,55,24,26
1,<environment.Job instance at 0x14fc5d7ed7d0>,1,3,[2 7],3,3,6,0,3
1,<environment.Job instance at 0x14fc52bebf00>,2,16,[9 1],3,3,19,0,3
1,<environment.Job instance at 0x14fc5a1bad70>,5,14,[7 2],7,19,33,12,8
1,<environment.Job instance at 0x14fc52c74e60>,10,18,[6 2],16,33,51,17,22
1,<environment.Job instance at 0x14fdc19a8640>,0,12,[2 5],1,1,13,0,1
1,<environment.Job instance at 0x14fd6aa1cfa0>,2,1,[2 5],3,3,4,0,3
1,<environment.Job instance at 0x14fd6aa1f190>,5,3,[9 2],6,13,16,7,6
1,<environment.Job instance at 0x14fd6aa1f4b0>,6,18,[8 1],7,16,34,9,8
1,<environment.Job instance at 0x14fd6aa1faa0>,17,17,[6 1],23,34,51,11,25
1,<environment.Job instance at 0x14fd6aa1fcd0>,1,12,[ 1 10],2,2,14,0,2
1,<environment.Job instance at 0x14fd980b72d0>,6,16,[10  2],9,14,30,5,9
1,<environment.Job instance at 0x14fd980b7190>,8,3,[9 2],11,30,33,19,11
1,<environment.Job instance at 0x14fd9809a7d0>,9,3,[2 9],12,33,36,21,12
1,<environment.Job instance at 0x14fd9809ac80>,15,1,[8 1],21,44,45,23,44
1,<environment.Job instance at 0x14fd9809ae60>,2,1,[2 9],5,10,11,5,10
1,<environment.Job instance at 0x14fd6d0eb230>,6,2,[1 7],12,12,14,0,12
1,<environment.Job instance at 0x14fd6d0ebe10>,7,3,[6 1],13,14,17,1,14
1,<environment.Job instance at 0x14fd6d0eb870>,9,16,[2 5],16,17,33,1,17
1,<environment.Job instance at 0x14fd6c68f6e0>,11,22,[1 5],20,22,44,2,22
1,<environment.Job instance at 0x14fd6c68f820>,14,17,[8 1],26,36,53,10,36
1,<environment.Job instance at 0x14fd6c68f960>,15,3,[1 5],27,44,47,17,42
1,<environment.Job instance at 0x14fd994775f0>,0,12,[9 1],1,1,13,0,1
1,<environment.Job instance at 0x14fd99477960>,4,3,[1 9],5,111,114,106,111
1,<environment.Job instance at 0x14fd6a1be4b0>,2,1,[1 5],3,3,4,0,3
1,<environment.Job instance at 0x14fd6a1b7230>,6,15,[7 1],9,9,24,0,9
1,<environment.Job instance at 0x14fd6a1b77d0>,8,1,[5 1],11,88,89,77,88
1,<environment.Job instance at 0x14fd6a1b7c80>,4,3,[5 2],6,38,41,32,38
1,<environment.Job instance at 0x14fd6a48f3c0>,1,15,[1 7],5,5,20,0,5
1,<environment.Job instance at 0x14fd6a48f230>,9,17,[ 2 10],16,20,37,4,16
1,<environment.Job instance at 0x14fd6debdaa0>,12,3,[5 2],20,37,40,17,24
1,<environment.Job instance at 0x14fd6debdcd0>,16,1,[2 9],24,40,41,16,25
1,<environment.Job instance at 0x14fd6debd370>,18,3,[ 2 10],27,41,44,14,36
1,<environment.Job instance at 0x14fd6debd1e0>,13,2,[ 1 10],21,200,202,179,200
1,<environment.Job instance at 0x14fd980d0d70>,1,3,[8 1],2,2,5,0,2
1,<environment.Job instance at 0x14fd99410f00>,3,3,[6 1],4,5,8,1,4
1,<environment.Job instance at 0x14fd99410280>,6,18,[8 1],8,8,26,0,8
1,<environment.Job instance at 0x14fd99410690>,8,17,[1 6],11,11,28,0,11
1,<environment.Job instance at 0x14fd6a779550>,12,15,[9 2],20,26,41,6,21
1,<environment.Job instance at 0x14fd6a779af0>,14,12,[1 5],22,28,40,6,23
1,<environment.Job instance at 0x14fd6ecc95f0>,1,3,[2 8],5,5,8,0,5
1,<environment.Job instance at 0x14fd6a779230>,3,2,[1 6],7,8,10,1,7
1,<environment.Job instance at 0x14fd6ec02410>,4,18,[7 2],9,9,27,0,9
1,<environment.Job instance at 0x14fd6f52c500>,6,18,[10  1],16,27,45,11,16
1,<environment.Job instance at 0x14fd6f52c780>,10,3,[8 1],22,45,48,23,22
1,<environment.Job instance at 0x14fd6f52c5a0>,11,1,[7 2],23,48,49,25,23
1,<environment.Job instance at 0x14fd6f52c5f0>,12,2,[5 2],24,49,51,25,24
1,<environment.Job instance at 0x14fd6d61e550>,3,12,[7 2],7,8,20,1,8
1,<environment.Job instance at 0x14fd6a09f730>,6,14,[8 2],12,20,34,8,14
1,<environment.Job instance at 0x14fd6ebbbaf0>,13,13,[5 2],21,34,47,13,23
1,<environment.Job instance at 0x14fd6a64afa0>,0,12,[7 1],1,1,13,0,1
1,<environment.Job instance at 0x14fd993c4050>,16,15,[8 2],26,26,41,0,26
1,<environment.Job instance at 0x14fd993c4230>,17,17,[10  1],28,41,58,13,29
1,<environment.Job instance at 0x14fd6a7be230>,6,2,[9 2],12,58,60,46,41
1,<environment.Job instance at 0x14fd6a368d70>,1,3,[2 7],3,3,6,0,3
1,<environment.Job instance at 0x14fd6a368b90>,4,2,[1 9],11,42,44,31,42
1,<environment.Job instance at 0x14fd6a368550>,10,2,[1 6],18,47,49,29,47
1,<environment.Job instance at 0x14fd6e74f410>,2,18,[6 2],6,6,24,0,6
1,<environment.Job instance at 0x14fd6a60b8c0>,13,3,[1 7],23,23,26,0,23
1,<environment.Job instance at 0x14fd98a0fd70>,15,1,[7 2],26,26,27,0,26
1,<environment.Job instance at 0x14fd98a0f410>,16,3,[1 7],28,28,31,0,28
1,<environment.Job instance at 0x14fd98a0f5a0>,17,14,[1 6],29,31,45,2,29
1,<environment.Job instance at 0x14fd988ea4b0>,2,2,[2 9],5,6,8,1,6
1,<environment.Job instance at 0x14fd98a0f5a0>,3,2,[2 5],6,8,10,2,7
1,<environment.Job instance at 0x14fd9bd8b190>,4,16,[2 9],7,10,26,3,7
1,<environment.Job instance at 0x14fd9bd8bf00>,5,12,[5 2],8,30,42,22,30
1,<environment.Job instance at 0x14fd9bd8b0f0>,13,1,[2 6],23,37,38,14,37
1,<environment.Job instance at 0x14fd9bdc2190>,1,3,[2 8],2,2,5,0,2
1,<environment.Job instance at 0x14fd6a60b690>,2,1,[1 8],5,6,7,1,6
1,<environment.Job instance at 0x14fd6aa6b550>,4,3,[1 6],7,7,10,0,7
1,<environment.Job instance at 0x14fd6aa6b050>,5,2,[8 2],8,8,10,0,8
1,<environment.Job instance at 0x14fd6aa6b5a0>,6,14,[9 1],10,10,24,0,10
1,<environment.Job instance at 0x14fd6aa6bd20>,9,15,[1 5],13,13,28,0,13
1,<environment.Job instance at 0x14fd6aa6bd70>,12,2,[1 5],18,24,26,6,18
1,<environment.Job instance at 0x14fd6aa6b960>,13,15,[10  1],19,28,43,9,19
1,<environment.Job instance at 0x14fd6a725a50>,15,1,[8 2],21,26,27,5,21
1,<environment.Job instance at 0x14fd6a7257d0>,1,1,[1 5],2,2,3,0,2
1,<environment.Job instance at 0x14fd6a78fbe0>,2,18,[8 2],3,3,21,0,3
1,<environment.Job instance at 0x14fd6a725190>,5,2,[ 1 10],6,21,23,15,6
1,<environment.Job instance at 0x14fd6d68a1e0>,4,16,[1 5],5,23,39,18,10
1,<environment.Job instance at 0x14fd9bd6e280>,10,2,[1 8],11,13,15,2,13
1,<environment.Job instance at 0x14fd9bd6e6e0>,13,3,[5 2],16,23,26,7,16
1,<environment.Job instance at 0x14fd9bd6efa0>,17,1,[2 9],22,49,50,27,49
1,<environment.Job instance at 0x14fd6d16ef00>,0,3,[2 5],1,1,4,0,1
1,<environment.Job instance at 0x14fd6d16e050>,1,12,[6 1],2,2,14,0,2
1,<environment.Job instance at 0x14fd6d33ce10>,9,3,[1 7],13,13,16,0,13
1,<environment.Job instance at 0x14fd6d33c500>,10,19,[2 9],16,16,35,0,16
1,<environment.Job instance at 0x14fd6d222960>,20,15,[7 1],27,28,43,1,28
1,<environment.Job instance at 0x14fd6d33c460>,12,17,[9 2],18,43,60,25,38
1,<environment.Job instance at 0x14fd6a82beb0>,1,3,[1 7],3,3,6,0,3
1,<environment.Job instance at 0x14fdc194dcd0>,2,17,[2 7],4,6,23,2,5
1,<environment.Job instance at 0x14fd9953eb40>,8,12,[9 2],10,23,35,13,11
1,<environment.Job instance at 0x14fd9bd60140>,12,16,[10  2],14,35,51,21,22
1,<environment.Job instance at 0x14fd9bd60780>,14,2,[1 6],17,23,25,6,22
1,<environment.Job instance at 0x14fd6aa17d20>,1,3,[7 1],6,6,9,0,6
1,<environment.Job instance at 0x14fd6e76b500>,3,3,[1 9],8,8,11,0,8
1,<environment.Job instance at 0x14fd6e76be10>,4,16,[10  1],9,11,27,2,9
1,<environment.Job instance at 0x14fd6e76bfa0>,7,12,[7 1],14,27,39,13,14
1,<environment.Job instance at 0x14fd6e76b550>,10,3,[8 1],20,39,42,19,20
1,<environment.Job instance at 0x14fd6a8c21e0>,12,18,[2 6],24,27,45,3,25
1,<environment.Job instance at 0x14fd6a8c2cd0>,15,14,[2 5],28,45,59,17,30
1,<environment.Job instance at 0x1473ff3e4640>,0,12,[2 5],1,1,13,0,1
1,<environment.Job instance at 0x1473a83dd4b0>,6,18,[8 1],7,7,25,0,7
1,<environment.Job instance at 0x1473a83dd690>,8,13,[6 1],9,25,38,16,14
1,<environment.Job instance at 0x1473a83e75f0>,0,3,[9 2],1,1,4,0,1
1,<environment.Job instance at 0x1473c8ca8050>,8,3,[1 5],12,24,27,12,24
1,<environment.Job instance at 0x1473a83e74b0>,4,2,[1 8],5,91,93,86,91
1,<environment.Job instance at 0x1473c8c9aa50>,1,1,[1 9],5,5,6,0,5
1,<environment.Job instance at 0x1473aaaa5690>,2,17,[8 1],6,6,23,0,6
1,<environment.Job instance at 0x1473aaaa50f0>,3,3,[1 5],7,7,10,0,7
1,<environment.Job instance at 0x1473aaaa54b0>,5,3,[10  1],9,23,26,14,9
1,<environment.Job instance at 0x1473aaaa5a00>,6,12,[9 1],11,26,38,15,11
1,<environment.Job instance at 0x1473aab116e0>,11,1,[2 5],16,21,22,5,21
1,<environment.Job instance at 0x1473aab11870>,14,13,[7 2],22,38,51,16,22
1,<environment.Job instance at 0x1473aab11500>,2,1,[1 5],3,3,4,0,3
1,<environment.Job instance at 0x1473ca4ee500>,3,2,[1 9],6,6,8,0,6
1,<environment.Job instance at 0x1473b06879b0>,5,1,[2 5],8,10,11,2,10
1,<environment.Job instance at 0x1473b06877d0>,8,1,[5 1],11,14,15,3,14
1,<environment.Job instance at 0x1473b0687320>,11,15,[10  2],15,16,31,1,16
1,<environment.Job instance at 0x1473aaf8ee60>,12,13,[ 1 10],16,31,44,15,20
1,<environment.Job instance at 0x1473cadbd8c0>,30,1,[1 6],39,89,90,50,89
1,<environment.Job instance at 0x1473a7b1d2d0>,6,3,[1 7],11,11,14,0,11
1,<environment.Job instance at 0x1473a8237be0>,1,13,[ 2 10],2,2,15,0,2
1,<environment.Job instance at 0x1473a7f59b40>,5,3,[ 2 10],7,15,18,8,7
1,<environment.Job instance at 0x1473a7f594b0>,6,14,[10  1],9,18,32,9,10
1,<environment.Job instance at 0x1473a7f599b0>,10,2,[2 5],13,32,34,19,13
1,<environment.Job instance at 0x1473cbc500f0>,13,3,[ 2 10],17,34,37,17,17
1,<environment.Job instance at 0x1473cbc50e10>,18,1,[2 6],23,37,38,14,31
1,<environment.Job instance at 0x1473cbc9ba50>,22,12,[1 5],32,38,50,6,32
1,<environment.Job instance at 0x1473cbc9b910>,23,2,[6 2],33,49,51,16,49
1,<environment.Job instance at 0x1473ab130190>,1,3,[2 8],5,5,8,0,5
1,<environment.Job instance at 0x1473a8acd140>,4,18,[7 2],9,9,27,0,9
1,<environment.Job instance at 0x1473a8acd5a0>,6,18,[10  1],16,27,45,11,16
1,<environment.Job instance at 0x1473a961fe10>,0,1,[2 8],1,1,2,0,1
1,<environment.Job instance at 0x1473a961f140>,2,18,[5 2],3,3,21,0,3
1,<environment.Job instance at 0x1473a961faa0>,5,18,[8 1],7,21,39,14,10
1,<environment.Job instance at 0x1473b0f15280>,13,12,[7 1],18,39,51,21,29
1,<environment.Job instance at 0x1473b1fa4140>,22,14,[8 2],32,51,65,19,36
1,<environment.Job instance at 0x1473a8a85fa0>,0,13,[5 2],1,1,14,0,1
1,<environment.Job instance at 0x1473a83c9550>,5,12,[7 1],11,16,28,5,16
1,<environment.Job instance at 0x1473a8255e10>,13,16,[7 2],24,28,44,4,26
1,<environment.Job instance at 0x1473ab0e0190>,15,18,[5 2],27,44,62,17,33
1,<environment.Job instance at 0x1473ab0e0050>,21,15,[8 2],36,62,77,26,49
1,<environment.Job instance at 0x1473b019c960>,1,3,[2 7],3,3,6,0,3
1,<environment.Job instance at 0x1473a7e4e190>,6,1,[1 9],13,15,16,2,15
1,<environment.Job instance at 0x1473a7bc76e0>,0,14,[1 6],2,2,16,0,2
1,<environment.Job instance at 0x1473b0582460>,8,3,[1 7],13,16,19,3,13
1,<environment.Job instance at 0x1473b0582190>,12,14,[1 6],19,19,33,0,19
1,<environment.Job instance at 0x1473aac304b0>,14,3,[6 1],23,23,26,0,23
1,<environment.Job instance at 0x1473aac303c0>,15,26,[9 1],24,26,52,2,24
1,<environment.Job instance at 0x1473aac30b90>,19,12,[5 2],28,52,64,24,41
1,<environment.Job instance at 0x1473a8dd0e60>,0,13,[ 2 10],2,2,15,0,2
1,<environment.Job instance at 0x1473cbc7f3c0>,9,1,[1 8],15,15,16,0,15
1,<environment.Job instance at 0x1473cbc7f370>,10,16,[2 6],16,16,32,0,16
1,<environment.Job instance at 0x1473cbc7f230>,13,14,[9 1],20,32,46,12,21
1,<environment.Job instance at 0x1473a7fb7460>,18,2,[1 8],26,32,34,6,26
1,<environment.Job instance at 0x1473a7fb7e10>,20,15,[10  1],29,46,61,17,32
1,<environment.Job instance at 0x1473a7abae10>,2,18,[8 2],3,3,21,0,3
1,<environment.Job instance at 0x1473a78e4910>,3,3,[1 6],4,4,7,0,4
1,<environment.Job instance at 0x1473a78e40a0>,5,2,[ 1 10],6,21,23,15,6
1,<environment.Job instance at 0x1473a78e4690>,6,17,[2 9],7,23,40,16,11
1,<environment.Job instance at 0x1473cade4140>,16,1,[6 2],21,40,41,19,25
1,<environment.Job instance at 0x1473ab072190>,0,15,[1 8],2,2,17,0,2
1,<environment.Job instance at 0x1473b017b780>,2,19,[2 9],6,17,36,11,7
1,<environment.Job instance at 0x1473b017bbe0>,4,17,[9 2],8,36,53,28,24
1,<environment.Job instance at 0x1473ca4d3fa0>,19,17,[9 1],26,53,70,27,45
1,<environment.Job instance at 0x1473b017be10>,6,2,[1 5],10,538,540,528,538
1,<environment.Job instance at 0x1473ca312dc0>,0,13,[5 1],1,2,15,1,2
1,<environment.Job instance at 0x1473ca312910>,2,14,[6 1],3,15,29,12,7
1,<environment.Job instance at 0x1473d0049be0>,7,13,[10  1],8,29,42,21,14
1,<environment.Job instance at 0x1473d0049f50>,11,3,[7 1],16,42,45,26,19
1,<environment.Job instance at 0x1473b01620a0>,0,12,[1 5],1,1,13,0,1
1,<environment.Job instance at 0x1473b0162230>,1,13,[7 2],2,4,17,2,4
1,<environment.Job instance at 0x1473b0575280>,10,26,[2 8],18,18,44,0,18
1,<environment.Job instance at 0x1473cbd29be0>,2,14,[2 8],3,3,17,0,3
1,<environment.Job instance at 0x1473aaf9d690>,7,2,[6 1],9,10,12,1,10
1,<environment.Job instance at 0x1473aaf9d9b0>,9,3,[9 2],12,17,20,5,12
1,<environment.Job instance at 0x1473b0569870>,4,27,[1 7],5,17,44,12,16
1,<environment.Job instance at 0x1473a7dab550>,15,1,[5 1],23,23,24,0,23
1,<environment.Job instance at 0x1473a7dab9b0>,14,15,[2 8],22,44,59,22,30
1,<environment.Job instance at 0x1473a7dab870>,20,15,[2 7],30,59,74,29,45
1,<environment.Job instance at 0x1473a7b8aaa0>,0,3,[1 9],1,1,4,0,1
1,<environment.Job instance at 0x1473b0127d20>,3,12,[7 1],6,6,18,0,6
1,<environment.Job instance at 0x1473ca4477d0>,1,12,[2 6],3,3,15,0,3
1,<environment.Job instance at 0x1473a8dd1960>,3,17,[2 8],6,15,32,9,6
1,<environment.Job instance at 0x1473a8dd1f00>,5,16,[8 1],10,31,47,21,31
1,<environment.Job instance at 0x1473d1bfef00>,26,12,[ 1 10],37,47,59,10,46
1,<environment.Job instance at 0x1473d22c6f50>,0,3,[8 2],1,1,4,0,1
1,<environment.Job instance at 0x1473d22c62d0>,5,3,[7 1],6,6,9,0,6
1,<environment.Job instance at 0x1473ca4c4fa0>,6,14,[8 2],7,9,23,2,7
1,<environment.Job instance at 0x1473ca4c4730>,8,2,[7 2],10,23,25,13,10
1,<environment.Job instance at 0x1473ca4c4a50>,10,13,[2 8],13,13,26,0,13
1,<environment.Job instance at 0x1473a79e3a00>,15,17,[10  1],20,26,43,6,20
1,<environment.Job instance at 0x149b5d5ea640>,0,12,[2 5],1,1,13,0,1
1,<environment.Job instance at 0x149b066584b0>,6,18,[8 1],7,7,25,0,7
1,<environment.Job instance at 0x149b5d5eaa50>,9,2,[6 1],11,25,27,14,13
1,<environment.Job instance at 0x149b06658be0>,15,1,[ 1 10],20,27,28,7,20
1,<environment.Job instance at 0x149b066589b0>,17,17,[6 1],23,28,45,5,23
1,<environment.Job instance at 0x149b0665b410>,21,3,[6 1],29,45,48,16,34
1,<environment.Job instance at 0x149b0665b6e0>,22,1,[2 7],30,35,36,5,35
1,<environment.Job instance at 0x149b06658cd0>,1,3,[1 5],2,2,5,0,2
1,<environment.Job instance at 0x149b0665bbe0>,2,3,[1 6],3,5,8,2,3
1,<environment.Job instance at 0x149b140fd190>,5,3,[7 2],7,9,12,2,9
1,<environment.Job instance at 0x149b140f14b0>,0,13,[7 2],2,2,15,0,2
1,<environment.Job instance at 0x149b08d90690>,8,14,[7 1],12,15,29,3,15
1,<environment.Job instance at 0x149b08d90190>,13,1,[7 2],20,29,30,9,20
1,<environment.Job instance at 0x149b08d904b0>,16,1,[1 5],23,24,25,1,24
1,<environment.Job instance at 0x149b08d90a50>,18,1,[2 7],27,27,28,0,27
1,<environment.Job instance at 0x149b08d902d0>,19,1,[2 5],28,28,29,0,28
1,<environment.Job instance at 0x149b06cfdf50>,20,15,[7 1],29,30,45,1,29
1,<environment.Job instance at 0x149b0a3a6eb0>,1,3,[ 2 10],2,245,248,243,245
1,<environment.Job instance at 0x149b092b1690>,1,13,[ 2 10],2,2,15,0,2
1,<environment.Job instance at 0x149b140f4460>,5,3,[ 2 10],7,15,18,8,7
1,<environment.Job instance at 0x149b092b2190>,6,14,[10  1],9,18,32,9,9
1,<environment.Job instance at 0x149b092b2c30>,7,12,[7 1],10,32,44,22,18
1,<environment.Job instance at 0x149b05de29b0>,16,17,[1 6],21,32,49,11,21
1,<environment.Job instance at 0x149b092ca280>,32,2,[1 6],47,49,51,2,47
1,<environment.Job instance at 0x149b092cab40>,33,18,[7 2],49,50,68,1,50
1,<environment.Job instance at 0x149b092ca320>,1,18,[10  1],6,6,24,0,6
1,<environment.Job instance at 0x149b08d93c30>,4,14,[2 8],9,24,38,15,9
1,<environment.Job instance at 0x149b05d15410>,23,2,[8 2],35,53,55,18,53
1,<environment.Job instance at 0x149b05dbf140>,0,17,[7 1],2,2,19,0,2
1,<environment.Job instance at 0x149b0637b6e0>,3,12,[7 2],7,19,31,12,7
1,<environment.Job instance at 0x149b0a8597d0>,13,13,[5 2],21,31,44,10,30
1,<environment.Job instance at 0x149b0a859d70>,18,12,[7 1],31,44,56,13,32
1,<environment.Job instance at 0x149b082dd960>,26,16,[7 2],44,56,72,12,45
1,<environment.Job instance at 0x149b14520d20>,27,1,[ 2 10],45,72,73,27,49
1,<environment.Job instance at 0x149b0a566460>,0,12,[2 9],3,3,15,0,3
1,<environment.Job instance at 0x149b0a34ff50>,11,2,[1 6],22,24,26,2,24
1,<environment.Job instance at 0x149b14577690>,20,16,[9 1],33,35,51,2,35
1,<environment.Job instance at 0x149b15089cd0>,27,3,[9 1],44,51,54,7,47
1,<environment.Job instance at 0x149b0a34fc80>,12,1,[1 9],23,50,51,27,50
1,<environment.Job instance at 0x149b15089a00>,29,16,[1 5],48,53,69,5,53
1,<environment.Job instance at 0x149b094cf230>,0,14,[1 6],2,2,16,0,2
1,<environment.Job instance at 0x149b0a34fe10>,5,3,[9 2],8,8,11,0,8
1,<environment.Job instance at 0x149b060ce0f0>,6,3,[6 2],11,11,14,0,11
1,<environment.Job instance at 0x149b1799a190>,11,3,[1 7],18,18,21,0,18
1,<environment.Job instance at 0x149b1799a1e0>,12,14,[1 6],19,21,35,2,19
1,<environment.Job instance at 0x149b1799aa00>,13,14,[1 9],20,35,49,15,20
1,<environment.Job instance at 0x149b1799a910>,15,26,[9 1],24,24,50,0,24
1,<environment.Job instance at 0x149b092d7eb0>,24,15,[2 8],38,50,65,12,40
1,<environment.Job instance at 0x149b05c17140>,1,3,[2 8],2,2,5,0,2
1,<environment.Job instance at 0x149b170ceb40>,2,1,[1 8],5,7,8,2,7
1,<environment.Job instance at 0x149b170ce550>,3,16,[2 6],6,8,24,2,8
1,<environment.Job instance at 0x149b0a7c3550>,6,14,[9 1],10,34,48,24,34
1,<environment.Job instance at 0x149b08f73c30>,27,17,[2 9],37,48,65,11,46
1,<environment.Job instance at 0x149b08f733c0>,28,15,[7 2],38,75,90,37,75
1,<environment.Job instance at 0x149b091b2320>,2,27,[ 2 10],3,3,30,0,3
1,<environment.Job instance at 0x149b06461050>,9,12,[6 1],12,30,42,18,22
1,<environment.Job instance at 0x149b064610a0>,17,3,[1 7],23,30,33,7,23
1,<environment.Job instance at 0x149b06461cd0>,18,19,[2 9],26,33,52,7,26
1,<environment.Job instance at 0x149b06df8280>,3,16,[10  2],4,4,20,0,4
1,<environment.Job instance at 0x149b06df8dc0>,6,15,[2 6],9,20,35,11,9
1,<environment.Job instance at 0x149b08f4ae60>,15,13,[10  1],18,35,48,17,19
1,<environment.Job instance at 0x149b08f4ac80>,19,3,[7 1],26,48,51,22,37
1,<environment.Job instance at 0x149b08f4afa0>,18,2,[10  2],22,240,242,218,240
1,<environment.Job instance at 0x149b17122d70>,0,12,[1 5],1,1,13,0,1
1,<environment.Job instance at 0x149b171221e0>,1,13,[7 2],2,6,19,4,6
1,<environment.Job instance at 0x149b06d66be0>,4,18,[1 5],7,13,31,6,7
1,<environment.Job instance at 0x149b060e5f50>,11,2,[ 1 10],20,31,33,11,20
1,<environment.Job instance at 0x149b0a8df280>,19,3,[5 1],38,38,41,0,38
1,<environment.Job instance at 0x149b0629acd0>,23,3,[9 1],42,42,45,0,42
1,<environment.Job instance at 0x149b05e730a0>,24,14,[2 8],43,45,59,2,43
1,<environment.Job instance at 0x149b0a4733c0>,26,27,[1 7],45,61,88,16,61
1,<environment.Job instance at 0x149b0a455c80>,29,2,[6 1],49,90,92,41,90
1,<environment.Job instance at 0x149b066586e0>,2,17,[1 9],4,4,21,0,4
1,<environment.Job instance at 0x149b061a05a0>,6,1,[5 1],13,13,14,0,13
1,<environment.Job instance at 0x149b061a0370>,7,13,[10  1],15,21,34,6,15
1,<environment.Job instance at 0x149b092ed410>,26,28,[5 1],46,53,81,7,53
1,<environment.Job instance at 0x149b140e5690>,14,3,[6 2],27,81,84,54,62
1,<environment.Job instance at 0x149b09389910>,1,17,[9 2],3,3,20,0,3
1,<environment.Job instance at 0x149b150e0f00>,4,3,[ 1 10],6,20,23,14,6
1,<environment.Job instance at 0x149b150e0a00>,7,13,[2 5],9,23,36,14,9
1,<environment.Job instance at 0x149b05b69780>,12,3,[7 1],18,23,26,5,19
1,<environment.Job instance at 0x149b14552e10>,15,12,[2 6],23,36,48,13,24
1,<environment.Job instance at 0x149b092008c0>,19,16,[8 1],30,39,55,9,39
1,<environment.Job instance at 0x149b0a534e10>,24,1,[10  2],37,55,56,18,50
1,<environment.Job instance at 0x149b0949cb40>,0,17,[2 9],1,1,18,0,1
1,<environment.Job instance at 0x149b0949caf0>,3,17,[5 2],4,18,35,14,6
1,<environment.Job instance at 0x149b08d630a0>,14,14,[8 2],17,35,49,18,20
1,<environment.Job instance at 0x149b0a90ae10>,18,13,[2 8],23,28,41,5,28
1,<environment.Job instance at 0x149b0a470190>,23,17,[10  1],30,49,66,19,40
1,<environment.Job instance at 0x149b06218870>,29,3,[2 7],38,66,69,28,59
1,<environment.Job instance at 0x149b0a90ac80>,3,17,[9 1],6,6,23,0,6
1,<environment.Job instance at 0x149b145cac30>,9,13,[6 1],14,23,36,9,21
1,<environment.Job instance at 0x149b0920a370>,16,1,[8 2],23,36,37,13,23
1,<environment.Job instance at 0x149b0920a280>,17,17,[7 1],24,37,54,13,25
1,<environment.Job instance at 0x149b0920ab90>,19,13,[2 8],26,26,39,0,26
1,<environment.Job instance at 0x149b1515cd20>,26,13,[2 9],33,39,52,6,36
1,<environment.Job instance at 0x149b0a573500>,32,14,[2 9],41,52,66,11,42
1,<environment.Job instance at 0x149b05fb4730>,0,3,[2 8],1,1,4,0,1
1,<environment.Job instance at 0x149b0920a730>,2,13,[7 2],4,4,17,0,4
1,<environment.Job instance at 0x149b15637a50>,7,17,[1 7],10,17,34,7,17
1,<environment.Job instance at 0x149b093000a0>,22,2,[7 2],30,38,40,8,38
1,<environment.Job instance at 0x149b0639e230>,28,2,[6 1],39,40,42,1,40
1,<environment.Job instance at 0x149b0639e550>,30,15,[10  2],44,45,60,1,45
1,<environment.Job instance at 0x149b0639e4b0>,27,1,[6 1],37,62,63,25,62
1,<environment.Job instance at 0x149b0639e320>,32,1,[1 5],47,111,112,64,111
1,<environment.Job instance at 0x149b08ea6e10>,3,2,[8 2],10,10,12,0,10
1,<environment.Job instance at 0x149b08ea62d0>,4,17,[1 6],11,11,28,0,11
1,<environment.Job instance at 0x149b08ea65a0>,5,3,[1 9],12,28,31,16,12
1,<environment.Job instance at 0x149b08ea69b0>,9,1,[1 8],20,31,32,11,20
1,<environment.Job instance at 0x149b05ea4870>,11,2,[8 2],22,22,24,0,22
1,<environment.Job instance at 0x149b05ea45a0>,12,15,[10  1],23,32,47,9,23
1,<environment.Job instance at 0x149b092b49b0>,33,2,[8 2],46,58,60,12,58
1,<environment.Job instance at 0x1518e0cc8c30>,0,12,[2 5],1,1,13,0,1
1,<environment.Job instance at 0x151889d6d4b0>,6,18,[8 1],7,7,25,0,7
1,<environment.Job instance at 0x151889d6dbe0>,15,1,[ 1 10],20,25,26,5,20
1,<environment.Job instance at 0x151889d6ddc0>,17,17,[6 1],23,26,43,3,23
1,<environment.Job instance at 0x151889d72690>,36,3,[10  2],48,50,53,2,50
1,<environment.Job instance at 0x151889d72550>,37,2,[ 1 10],50,54,56,4,54
1,<environment.Job instance at 0x151889d72fa0>,42,1,[10  1],56,59,60,3,59
1,<environment.Job instance at 0x151889d72eb0>,43,3,[7 2],57,63,66,6,63
1,<environment.Job instance at 0x151889d72be0>,44,3,[1 8],58,63,66,5,63
1,<environment.Job instance at 0x1518925b97d0>,4,12,[9 1],8,8,20,0,8
1,<environment.Job instance at 0x1518925b6960>,18,12,[9 1],31,33,45,2,33
1,<environment.Job instance at 0x1518925b6230>,14,17,[8 1],26,46,63,20,46
1,<environment.Job instance at 0x1518925b1d20>,25,3,[2 9],39,66,69,27,66
1,<environment.Job instance at 0x1518925b1e60>,26,13,[7 2],42,94,107,52,94
1,<environment.Job instance at 0x15188cb2e4b0>,0,2,[1 8],1,1,3,0,1
1,<environment.Job instance at 0x1518925b62d0>,2,1,[1 5],3,3,4,0,3
1,<environment.Job instance at 0x15188c4ad690>,6,15,[7 1],9,9,24,0,9
1,<environment.Job instance at 0x15188c8d20a0>,0,3,[5 1],3,3,6,0,3
1,<environment.Job instance at 0x15188c8d2730>,3,2,[1 9],8,8,10,0,8
1,<environment.Job instance at 0x15188c8d2320>,5,3,[5 2],12,12,15,0,12
1,<environment.Job instance at 0x15188c8d2e60>,7,2,[ 2 10],14,15,17,1,14
1,<environment.Job instance at 0x15188c8d2280>,8,2,[2 9],15,17,19,2,15
1,<environment.Job instance at 0x15188c8d2eb0>,9,17,[ 2 10],16,19,36,3,16
1,<environment.Job instance at 0x15188cb14550>,14,13,[ 2 10],22,36,49,14,27
1,<environment.Job instance at 0x15188cb14a00>,18,3,[ 2 10],27,49,52,22,27
1,<environment.Job instance at 0x15188cb14410>,19,14,[10  1],29,52,66,23,37
1,<environment.Job instance at 0x15188cb142d0>,1,3,[2 8],5,5,8,0,5
1,<environment.Job instance at 0x15188ca32cd0>,4,18,[7 2],9,9,27,0,9
1,<environment.Job instance at 0x15188cac2500>,6,18,[10  1],16,27,45,11,16
1,<environment.Job instance at 0x15188cac2fa0>,10,3,[8 1],22,45,48,23,22
1,<environment.Job instance at 0x15188cac2f00>,12,2,[5 2],24,48,50,24,24
1,<environment.Job instance at 0x15188cac4d70>,15,15,[2 8],28,45,60,17,31
1,<environment.Job instance at 0x15188cac49b0>,18,2,[6 2],32,50,52,18,33
1,<environment.Job instance at 0x1518894fe6e0>,27,18,[5 2],43,52,70,9,48
1,<environment.Job instance at 0x1518894ed8c0>,37,1,[1 6],57,68,69,11,68
1,<environment.Job instance at 0x15188cac6230>,0,17,[7 1],2,2,19,0,2
1,<environment.Job instance at 0x151889d291e0>,6,14,[8 2],12,19,33,7,12
1,<environment.Job instance at 0x1518894b2460>,13,13,[5 2],21,33,46,12,21
1,<environment.Job instance at 0x1518971019b0>,18,12,[7 1],31,46,58,15,35
1,<environment.Job instance at 0x151897101910>,16,3,[5 1],24,43,46,19,43
1,<environment.Job instance at 0x15188daf0e10>,28,18,[5 2],47,58,76,11,50
1,<environment.Job instance at 0x15188daf02d0>,31,12,[2 9],53,76,88,23,59
1,<environment.Job instance at 0x15188df78500>,35,17,[10  1],58,88,105,30,80
1,<environment.Job instance at 0x151897101fa0>,20,2,[10  1],33,232,234,199,232
1,<environment.Job instance at 0x1518899522d0>,1,3,[2 7],3,3,6,0,3
1,<environment.Job instance at 0x1518896ae460>,23,16,[1 5],38,97,113,59,97
1,<environment.Job instance at 0x15188967bb90>,1,26,[9 1],4,4,30,0,4
1,<environment.Job instance at 0x15188967b640>,5,12,[5 2],8,30,42,22,18
1,<environment.Job instance at 0x15188967bc80>,9,27,[1 7],15,19,46,4,19
1,<environment.Job instance at 0x15188967b8c0>,12,13,[ 2 10],22,46,59,24,30
1,<environment.Job instance at 0x1518895def00>,16,3,[2 9],27,59,62,32,33
1,<environment.Job instance at 0x15189707a4b0>,18,3,[1 5],30,62,65,32,36
1,<environment.Job instance at 0x15189707a820>,19,2,[1 9],31,65,67,34,38
1,<environment.Job instance at 0x151889369af0>,25,14,[9 1],40,62,76,22,47
1,<environment.Job instance at 0x15188c8f3dc0>,32,15,[10  1],49,76,91,27,64
1,<environment.Job instance at 0x15188cac2eb0>,1,1,[1 5],2,2,3,0,2
1,<environment.Job instance at 0x1518897c1230>,2,18,[8 2],3,3,21,0,3
1,<environment.Job instance at 0x1518897c1780>,6,17,[2 9],7,21,38,14,9
1,<environment.Job instance at 0x1518897c13c0>,9,3,[6 1],10,21,24,11,10
1,<environment.Job instance at 0x1518897c1370>,10,2,[1 8],11,13,15,2,13
1,<environment.Job instance at 0x151893e6c7d0>,25,12,[6 1],32,32,44,0,32
1,<environment.Job instance at 0x151893e6c2d0>,28,2,[7 1],37,44,46,7,37
1,<environment.Job instance at 0x151893d6a8c0>,33,3,[1 7],43,43,46,0,43
1,<environment.Job instance at 0x151893d6a3c0>,34,19,[2 9],46,46,65,0,46
1,<environment.Job instance at 0x151893d6a460>,37,1,[6 2],49,72,73,23,72
1,<environment.Job instance at 0x15188dc71f00>,0,1,[2 6],1,1,2,0,1
1,<environment.Job instance at 0x15188dc710f0>,1,3,[1 7],3,3,6,0,3
1,<environment.Job instance at 0x1518897c1be0>,2,17,[2 7],4,6,23,2,4
1,<environment.Job instance at 0x1518892b9c30>,8,12,[9 2],10,30,42,20,30
1,<environment.Job instance at 0x15188c462f50>,24,13,[10  1],28,42,55,14,37
1,<environment.Job instance at 0x15188c8f35f0>,31,16,[10  1],39,55,71,16,45
1,<environment.Job instance at 0x151889a63a00>,35,3,[10  1],47,71,74,24,52
1,<environment.Job instance at 0x151889a63cd0>,37,3,[8 1],50,74,77,24,56
1,<environment.Job instance at 0x151889a63960>,38,2,[7 1],52,77,79,25,56
1,<environment.Job instance at 0x151889a63280>,39,18,[2 6],54,74,92,20,63
1,<environment.Job instance at 0x15188dfa2550>,0,12,[1 5],1,1,13,0,1
1,<environment.Job instance at 0x1518948a9b90>,4,18,[1 5],7,7,25,0,7
1,<environment.Job instance at 0x1518948a90f0>,13,3,[10  2],23,25,28,2,23
1,<environment.Job instance at 0x151893d4b0a0>,14,2,[1 6],27,28,30,1,27
1,<environment.Job instance at 0x151893d4bd70>,15,3,[1 9],28,30,33,2,28
1,<environment.Job instance at 0x151893d4b370>,16,16,[2 7],31,33,49,2,32
1,<environment.Job instance at 0x151893d4b960>,24,14,[2 8],43,49,63,6,44
1,<environment.Job instance at 0x1518947d1370>,32,2,[5 1],53,55,57,2,55
1,<environment.Job instance at 0x1518947d1c30>,34,3,[9 2],55,63,66,8,55
1,<environment.Job instance at 0x1518898dff50>,1,1,[5 1],3,3,4,0,3
1,<environment.Job instance at 0x151893d4b7d0>,2,13,[10  1],5,5,18,0,5
1,<environment.Job instance at 0x15188c9b28c0>,3,2,[1 8],7,18,20,11,7
1,<environment.Job instance at 0x15188c9b2a00>,5,3,[2 8],9,20,23,11,9
1,<environment.Job instance at 0x15188c9b2780>,6,15,[2 7],10,23,38,13,11
1,<environment.Job instance at 0x15188931b730>,14,12,[7 1],26,26,38,0,26
1,<environment.Job instance at 0x15188c8f8f50>,0,14,[1 5],1,1,15,0,1
1,<environment.Job instance at 0x15188df895f0>,1,12,[2 6],3,15,27,12,3
1,<environment.Job instance at 0x15188c8f8960>,4,25,[8 1],9,12,37,3,12
1,<environment.Job instance at 0x151889d65aa0>,14,12,[2 9],22,27,39,5,22
1,<environment.Job instance at 0x151889d65b90>,18,12,[1 7],27,39,51,12,27
1,<environment.Job instance at 0x1518974dbe10>,21,17,[2 9],31,51,68,20,39
1,<environment.Job instance at 0x15188ca4b5a0>,16,2,[5 2],21,26,28,5,26
1,<environment.Job instance at 0x151893c2b3c0>,7,15,[6 1],10,30,45,20,30
1,<environment.Job instance at 0x15188ca4b410>,23,3,[2 6],31,48,51,17,48
1,<environment.Job instance at 0x15188cb84b90>,25,13,[6 1],34,59,72,25,59
1,<environment.Job instance at 0x15188cb84f50>,34,17,[2 7],45,65,82,20,65
1,<environment.Job instance at 0x15188cb84230>,36,16,[6 1],47,72,88,25,65
1,<environment.Job instance at 0x15188cb84550>,39,1,[7 1],50,88,89,38,67
1,<environment.Job instance at 0x15188c43c5f0>,43,1,[6 2],55,89,90,34,67
1,<environment.Job instance at 0x15188c43c780>,44,3,[8 2],56,90,93,34,68
1,<environment.Job instance at 0x15188c43c7d0>,46,13,[10  1],59,93,106,34,77
1,<environment.Job instance at 0x15188a3f5690>,0,14,[2 9],1,1,15,0,1
1,<environment.Job instance at 0x15188ca320a0>,6,1,[5 1],7,9,10,2,9
1,<environment.Job instance at 0x1518947aa730>,14,15,[ 2 10],16,16,31,0,16
1,<environment.Job instance at 0x1518947aadc0>,7,17,[1 8],8,857,874,849,857
1,<environment.Job instance at 0x15188a7640f0>,20,1,[10  1],31,178,179,147,178
1,<environment.Job instance at 0x151897482460>,0,17,[1 6],1,1,18,0,1
1,<environment.Job instance at 0x15188a3f90f0>,2,13,[2 9],6,18,31,12,6
1,<environment.Job instance at 0x151889817690>,4,3,[2 8],8,31,34,23,8
1,<environment.Job instance at 0x1518898175a0>,6,2,[2 9],11,34,36,23,13
1,<environment.Job instance at 0x151889817140>,11,2,[ 1 10],16,36,38,20,22
1,<environment.Job instance at 0x15188c53b3c0>,17,12,[6 2],23,38,50,15,23
1,<environment.Job instance at 0x15188c53bb40>,23,14,[9 2],30,50,64,20,35
1,<environment.Job instance at 0x151889948870>,30,1,[9 2],37,64,65,27,38
1,<environment.Job instance at 0x151889948d20>,32,26,[1 6],41,42,68,1,42
1,<environment.Job instance at 0x15188c8dda50>,43,3,[5 1],56,78,81,22,78
1,<environment.Job instance at 0x15188c53b9b0>,18,3,[1 7],24,87,90,63,87
1,<environment.Job instance at 0x1518973b6500>,28,16,[7 1],35,90,106,55,90
1,<environment.Job instance at 0x15188dadfdc0>,2,13,[2 5],8,8,21,0,8
1,<environment.Job instance at 0x15189681ab40>,6,1,[ 2 10],17,21,22,4,20
1,<environment.Job instance at 0x15189681aaa0>,9,3,[1 8],21,22,25,1,21
1,<environment.Job instance at 0x151894894eb0>,14,2,[5 2],33,33,35,0,33
1,<environment.Job instance at 0x151894894280>,16,2,[5 2],36,36,38,0,36
1,<environment.Job instance at 0x151894894d20>,17,1,[ 2 10],37,38,39,1,38
1,<environment.Job instance at 0x151894894550>,2,2,[5 2],5,5,7,0,5
1,<environment.Job instance at 0x15188c9c5730>,3,15,[1 9],6,7,22,1,6
1,<environment.Job instance at 0x151889d1ca50>,13,15,[6 1],22,22,37,0,22
1,<environment.Job instance at 0x151889d1cdc0>,15,17,[10  1],26,37,54,11,26
1,<environment.Job instance at 0x15189486fb90>,20,14,[2 6],33,54,68,21,41
1,<environment.Job instance at 0x1518892333c0>,2,3,[2 8],5,5,8,0,5
1,<environment.Job instance at 0x15189486ffa0>,5,1,[1 7],10,10,11,0,10
1,<environment.Job instance at 0x151889bb5410>,6,21,[9 1],11,11,32,0,11
1,<environment.Job instance at 0x151889bb5460>,7,16,[1 6],12,13,29,1,13
1,<environment.Job instance at 0x151897134690>,11,3,[5 1],17,32,35,15,17
1,<environment.Job instance at 0x151897134280>,15,1,[1 9],23,29,30,6,23
1,<environment.Job instance at 0x151897134eb0>,16,2,[ 2 10],25,35,37,10,25
1,<environment.Job instance at 0x1518971348c0>,18,12,[9 1],27,37,49,10,27
1,<environment.Job instance at 0x14f681659640>,0,12,[2 5],1,1,13,0,1
1,<environment.Job instance at 0x14f62a6d8190>,5,3,[9 2],6,13,16,7,6
1,<environment.Job instance at 0x14f62a6d84b0>,6,18,[8 1],7,16,34,9,8
1,<environment.Job instance at 0x14f62a6d85f0>,10,13,[2 8],12,16,29,4,12
1,<environment.Job instance at 0x14f62a6d8f00>,17,17,[6 1],23,34,51,11,23
1,<environment.Job instance at 0x14f62a6db730>,22,1,[2 7],30,42,43,12,42
1,<environment.Job instance at 0x14f62a6dd0f0>,35,2,[1 8],45,52,54,7,52
1,<environment.Job instance at 0x14f62a6dd5f0>,38,1,[8 1],51,55,56,4,55
1,<environment.Job instance at 0x14f62a6ddf00>,42,1,[10  1],56,57,58,1,57
1,<environment.Job instance at 0x14f62a6ddf50>,44,3,[1 8],58,58,61,0,58
1,<environment.Job instance at 0x14f62a6de320>,45,3,[2 8],60,62,65,2,62
1,<environment.Job instance at 0x14f62a6de5f0>,47,1,[1 6],63,105,106,42,105
1,<environment.Job instance at 0x14f62a6db4b0>,1,3,[6 1],3,3,6,0,3
1,<environment.Job instance at 0x14f62a6db820>,3,16,[2 5],6,6,22,0,6
1,<environment.Job instance at 0x14f638172280>,20,13,[7 2],32,32,45,0,32
1,<environment.Job instance at 0x14f63816b730>,22,3,[6 2],36,45,48,9,36
1,<environment.Job instance at 0x14f63816eeb0>,33,1,[7 2],50,52,53,2,52
1,<environment.Job instance at 0x14f63816e780>,38,1,[2 7],57,58,59,1,58
1,<environment.Job instance at 0x14f638168910>,40,15,[7 1],59,60,75,1,60
1,<environment.Job instance at 0x14f638176fa0>,9,3,[1 5],17,61,64,44,61
1,<environment.Job instance at 0x14f6381844b0>,44,12,[9 2],64,75,87,11,64
1,<environment.Job instance at 0x14f6381847d0>,45,15,[10  2],65,87,102,22,73
1,<environment.Job instance at 0x14f638176d20>,10,3,[9 2],18,256,259,238,256
1,<environment.Job instance at 0x14f62cdeb780>,1,1,[ 2 10],2,2,3,0,2
1,<environment.Job instance at 0x14f62cdc9500>,8,3,[ 2 10],12,13,16,1,13
1,<environment.Job instance at 0x14f62ce08140>,9,3,[2 5],13,16,19,3,15
1,<environment.Job instance at 0x14f62cdc9690>,11,3,[5 2],16,16,19,0,16
1,<environment.Job instance at 0x14f62cdc9d70>,12,15,[9 2],17,19,34,2,17
1,<environment.Job instance at 0x14f62c344280>,20,3,[7 2],28,34,37,6,28
1,<environment.Job instance at 0x14f62c344370>,25,3,[1 9],34,37,40,3,34
1,<environment.Job instance at 0x14f62c344870>,26,2,[7 2],35,40,42,5,37
1,<environment.Job instance at 0x14f62c3441e0>,28,28,[2 8],39,40,68,1,39
1,<environment.Job instance at 0x14f62ce00410>,32,2,[1 9],48,68,70,20,55
1,<environment.Job instance at 0x14f62ce00c80>,35,15,[2 7],53,70,85,17,58
1,<environment.Job instance at 0x14f62ce00190>,36,2,[ 2 10],54,85,87,31,63
1,<environment.Job instance at 0x14f62ce00910>,43,13,[ 2 10],62,87,100,25,71
1,<environment.Job instance at 0x14f62c3557d0>,47,3,[ 2 10],67,100,103,33,78
1,<environment.Job instance at 0x14f62c355b40>,48,14,[10  1],69,103,117,34,88
1,<environment.Job instance at 0x14f62cdc9af0>,19,15,[1 6],27,167,182,140,167
1,<environment.Job instance at 0x14f62a0b8b40>,3,3,[6 1],4,4,7,0,4
1,<environment.Job instance at 0x14f62cdc9af0>,5,3,[ 2 10],7,7,10,0,7
1,<environment.Job instance at 0x14f62a0b89b0>,6,18,[8 1],8,10,28,2,8
1,<environment.Job instance at 0x14f62a0b8a50>,8,17,[1 6],11,12,29,1,12
1,<environment.Job instance at 0x14f62a0b8410>,12,15,[9 2],20,28,43,8,22
1,<environment.Job instance at 0x14f62a358960>,22,3,[2 8],35,43,46,8,35
1,<environment.Job instance at 0x14f6380ae190>,27,18,[10  1],46,47,65,1,47
1,<environment.Job instance at 0x14f6380aeb90>,28,2,[7 2],47,65,67,18,48
1,<environment.Job instance at 0x14f62e558af0>,2,18,[5 2],3,3,21,0,3
1,<environment.Job instance at 0x14f62e558cd0>,4,3,[1 7],6,6,9,0,6
1,<environment.Job instance at 0x14f62e558870>,5,18,[8 1],7,21,39,14,11
1,<environment.Job instance at 0x14f62e4c2370>,19,12,[7 2],27,39,51,12,27
1,<environment.Job instance at 0x14f62e5422d0>,25,14,[8 1],36,51,65,15,41
1,<environment.Job instance at 0x14f62e5420a0>,27,3,[7 2],38,65,68,27,65
1,<environment.Job instance at 0x14f62e569190>,42,16,[7 2],64,71,87,7,71
1,<environment.Job instance at 0x14f62e560230>,0,12,[2 9],3,3,15,0,3
1,<environment.Job instance at 0x14f62d364cd0>,3,15,[8 2],6,15,30,9,6
1,<environment.Job instance at 0x14f62d3647d0>,6,1,[6 2],11,30,31,19,16
1,<environment.Job instance at 0x14f62e4c24b0>,4,17,[10  1],8,31,48,23,19
1,<environment.Job instance at 0x14f62e9009b0>,20,16,[9 1],33,48,64,15,35
1,<environment.Job instance at 0x14f629df0280>,37,3,[6 2],61,67,70,6,67
1,<environment.Job instance at 0x14f62e900d70>,24,2,[ 1 10],39,82,84,43,82
1,<environment.Job instance at 0x14f629fc1870>,1,26,[9 1],4,4,30,0,4
1,<environment.Job instance at 0x14f62a50f5a0>,10,15,[2 8],18,30,45,12,19
1,<environment.Job instance at 0x14f62a48aaa0>,12,13,[ 2 10],22,45,58,23,29
1,<environment.Job instance at 0x14f62a48a280>,15,2,[8 1],26,30,32,4,29
1,<environment.Job instance at 0x14f62a48a1e0>,17,1,[5 1],29,32,33,3,30
1,<environment.Job instance at 0x14f62a48a500>,18,3,[1 5],30,58,61,28,33
1,<environment.Job instance at 0x14f62a48a820>,20,3,[2 8],32,61,64,29,36
1,<environment.Job instance at 0x14f62a48ad70>,22,16,[2 6],36,64,80,28,51
1,<environment.Job instance at 0x14f62a48a870>,24,2,[8 2],38,58,60,20,51
1,<environment.Job instance at 0x14f6386bdd20>,25,14,[9 1],40,80,94,40,65
1,<environment.Job instance at 0x14f62ae3ea00>,28,15,[1 5],43,80,95,37,66
1,<environment.Job instance at 0x14f62ae3e4b0>,30,2,[1 8],46,95,97,49,71
1,<environment.Job instance at 0x14f6385fc1e0>,0,2,[1 8],1,1,3,0,1
1,<environment.Job instance at 0x14f6385fcc80>,2,2,[2 8],3,3,5,0,3
1,<environment.Job instance at 0x14f62a48ae60>,3,3,[5 2],6,6,9,0,6
1,<environment.Job instance at 0x14f62cdbecd0>,14,3,[2 5],21,21,24,0,21
1,<environment.Job instance at 0x14f62cdbe4b0>,15,12,[6 1],22,23,35,1,23
1,<environment.Job instance at 0x14f62a0cf5f0>,24,19,[2 9],36,36,55,0,36
1,<environment.Job instance at 0x14f63b151500>,42,3,[5 1],57,57,60,0,57
1,<environment.Job instance at 0x14f63b151640>,43,1,[10  1],58,60,61,2,58
1,<environment.Job instance at 0x14f63b151be0>,44,1,[1 8],59,61,62,2,60
1,<environment.Job instance at 0x14f62ad79cd0>,46,2,[2 6],61,62,64,1,61
1,<environment.Job instance at 0x14f62ad79fa0>,47,3,[9 2],62,64,67,2,62
1,<environment.Job instance at 0x14f63ba7f370>,48,2,[10  2],63,67,69,4,63
1,<environment.Job instance at 0x14f62e900c80>,49,16,[10  2],64,69,85,5,64
1,<environment.Job instance at 0x14f62a0cf730>,27,1,[6 2],39,85,86,46,69
1,<environment.Job instance at 0x14f62e440550>,34,15,[7 1],47,87,102,40,87
1,<environment.Job instance at 0x14f62ad7e370>,0,13,[5 1],1,1,14,0,1
1,<environment.Job instance at 0x14f62d304fa0>,2,14,[6 1],3,14,28,11,3
1,<environment.Job instance at 0x14f62ae5b0a0>,7,13,[10  1],8,28,41,20,13
1,<environment.Job instance at 0x14f629e67410>,32,16,[1 5],51,61,77,10,61
1,<environment.Job instance at 0x14f62a402be0>,40,3,[10  2],63,77,80,14,73
1,<environment.Job instance at 0x14f62a4022d0>,42,3,[1 9],68,80,83,12,77
1,<environment.Job instance at 0x14f629c0f780>,1,1,[6 2],2,2,3,0,2
1,<environment.Job instance at 0x14f62a1a6c80>,2,3,[10  2],4,4,7,0,4
1,<environment.Job instance at 0x14f62ae46320>,3,3,[5 1],8,8,11,0,8
1,<environment.Job instance at 0x14f62a351a50>,8,14,[2 8],13,13,27,0,13
1,<environment.Job instance at 0x14f62a3515f0>,9,2,[5 2],14,14,16,0,14
1,<environment.Job instance at 0x14f62a351eb0>,12,17,[2 8],17,27,44,10,17
1,<environment.Job instance at 0x14f62a351050>,13,2,[6 1],19,19,21,0,19
1,<environment.Job instance at 0x14f62a351fa0>,15,3,[9 2],22,44,47,22,22
1,<environment.Job instance at 0x14f62a0867d0>,20,15,[2 8],32,47,62,15,33
1,<environment.Job instance at 0x14f638067a00>,34,12,[7 1],56,56,68,0,56
1,<environment.Job instance at 0x14f62a086f50>,24,1,[10  2],38,68,69,30,61
1,<environment.Job instance at 0x14f638067140>,36,3,[9 2],58,69,72,11,61
1,<environment.Job instance at 0x14f6380676e0>,39,3,[2 5],64,161,164,97,161
1,<environment.Job instance at 0x14f629e67b90>,1,17,[9 2],3,3,20,0,3
1,<environment.Job instance at 0x14f629de8960>,4,3,[ 1 10],6,20,23,14,6
1,<environment.Job instance at 0x14f629de8460>,5,3,[1 5],7,7,10,0,7
1,<environment.Job instance at 0x14f629de81e0>,7,13,[2 5],9,23,36,14,9
1,<environment.Job instance at 0x14f629de88c0>,14,14,[1 5],21,23,37,2,21
1,<environment.Job instance at 0x14f62b0cd550>,18,25,[8 1],29,36,61,7,32
1,<environment.Job instance at 0x14f629e14c30>,28,12,[2 9],42,43,55,1,43
1,<environment.Job instance at 0x14f629e14820>,30,13,[1 9],44,55,68,11,44
1,<environment.Job instance at 0x14f63815d190>,33,1,[ 1 10],49,68,69,19,50
1,<environment.Job instance at 0x14f63815d2d0>,32,12,[1 7],47,69,81,22,53
1,<environment.Job instance at 0x14f63815dc30>,36,3,[6 2],52,69,72,17,53
1,<environment.Job instance at 0x14f63815daf0>,38,17,[5 2],54,72,89,18,60
1,<environment.Job instance at 0x14f62d3513c0>,40,12,[ 1 10],57,89,101,32,72
1,<environment.Job instance at 0x14f62a086640>,0,3,[5 2],2,2,5,0,2
1,<environment.Job instance at 0x14f629e14a00>,1,13,[2 8],3,3,16,0,3
1,<environment.Job instance at 0x14f6380af410>,6,17,[10  1],10,16,33,6,10
1,<environment.Job instance at 0x14f6380af370>,12,3,[2 7],18,33,36,15,20
1,<environment.Job instance at 0x14f62b924870>,16,2,[1 5],22,36,38,14,31
1,<environment.Job instance at 0x14f62a30fc30>,22,15,[9 2],30,36,51,6,33
1,<environment.Job instance at 0x14f62a30f730>,23,2,[5 2],31,51,53,20,36
1,<environment.Job instance at 0x14f62a30f6e0>,24,2,[5 1],32,51,53,19,39
1,<environment.Job instance at 0x14f62a30f0a0>,26,17,[9 1],36,53,70,17,41
1,<environment.Job instance at 0x14f62a30fb90>,29,1,[2 6],40,70,71,30,42
1,<environment.Job instance at 0x14f62cff1910>,32,13,[6 1],44,70,83,26,55
1,<environment.Job instance at 0x14f62d3f7aa0>,41,17,[2 7],55,71,88,16,59
1,<environment.Job instance at 0x14f6390f80a0>,0,14,[2 9],1,1,15,0,1
1,<environment.Job instance at 0x14f6390f83c0>,6,1,[5 1],7,11,12,4,11
1,<environment.Job instance at 0x14f6390f8e10>,5,3,[2 7],6,93,96,87,93
1,<environment.Job instance at 0x14f62ce37af0>,40,15,[10  2],54,162,177,108,162
1,<environment.Job instance at 0x14f62a402870>,2,3,[2 5],4,4,7,0,4
1,<environment.Job instance at 0x14f62a4020a0>,4,12,[5 2],7,17,29,10,17
1,<environment.Job instance at 0x14f62d23ccd0>,11,22,[2 5],19,19,41,0,19
1,<environment.Job instance at 0x14f62d23c640>,15,13,[7 2],24,139,152,115,139
1,<environment.Job instance at 0x14f62a402730>,1,12,[6 2],3,4,16,1,4
1,<environment.Job instance at 0x14f629ee62d0>,5,14,[7 1],8,16,30,8,9
1,<environment.Job instance at 0x14f629ee6d20>,7,14,[9 2],10,30,44,20,16
1,<environment.Job instance at 0x14f63923ad70>,16,26,[1 6],21,22,48,1,22
1,<environment.Job instance at 0x14f63923a410>,17,16,[2 9],22,48,64,26,36
1,<environment.Job instance at 0x14f62a361c30>,1,2,[5 2],3,3,5,0,3
1,<environment.Job instance at 0x14f62a3617d0>,3,2,[5 2],6,6,8,0,6
1,<environment.Job instance at 0x14f629d1b7d0>,5,1,[6 2],8,8,9,0,8
1,<environment.Job instance at 0x14f629d1b9b0>,8,2,[5 2],11,11,13,0,11
1,<environment.Job instance at 0x14f629ff4190>,10,3,[2 8],13,14,17,1,14
1,<environment.Job instance at 0x14f629ff4e60>,13,2,[1 6],17,17,19,0,17
1,<environment.Job instance at 0x14f629ff40a0>,17,13,[7 1],22,22,35,0,22
1,<environment.Job instance at 0x14f629bb2dc0>,31,1,[2 6],42,49,50,7,49
1,<environment.Job instance at 0x14f6391340a0>,37,15,[6 1],52,56,71,4,56
1,<environment.Job instance at 0x14f639134d70>,40,3,[2 6],57,58,61,1,58
1,<environment.Job instance at 0x14f639134a50>,44,14,[2 6],63,63,77,0,63
1,<environment.Job instance at 0x14f62a47fc30>,46,2,[2 8],65,77,79,12,70
1,<environment.Job instance at 0x14f63badec80>,27,15,[1 9],36,678,693,642,678
1,<environment.Job instance at 0x14f62d40e5a0>,0,12,[2 8],1,1,13,0,1
1,<environment.Job instance at 0x14f6392a0e10>,5,12,[2 8],8,13,25,5,8
1,<environment.Job instance at 0x14f6392a00a0>,8,18,[9 1],13,25,43,12,14
1,<environment.Job instance at 0x14f62a57a9b0>,18,28,[1 6],27,28,56,1,28
1,<environment.Job instance at 0x14f62a57a320>,20,21,[9 1],31,43,64,12,37
1,<environment.Job instance at 0x14f6387684b0>,34,16,[9 2],50,64,80,14,56
1,<environment.Job instance at 0x14f6392a0b40>,13,3,[1 5],20,57,60,37,57
1,<environment.Job instance at 0x14f6385b9370>,45,1,[7 2],65,80,81,15,71
1,<environment.Job instance at 0x14f62d440eb0>,0,3,[2 9],1,1,4,0,1
1,<environment.Job instance at 0x14f62d506dc0>,3,17,[5 1],4,4,21,0,4
1,<environment.Job instance at 0x14f62d506b90>,11,21,[9 2],12,21,42,9,21
1,<environment.Job instance at 0x14f63ba1ec80>,9,15,[6 1],15,17,32,2,17
1,<environment.Job instance at 0x14f629b4eb90>,6,1,[2 6],8,25,26,17,25
1,<environment.Job instance at 0x14f63ba00dc0>,40,2,[1 5],56,73,75,17,73
1,<environment.Job instance at 0x14f63ba00190>,44,1,[8 2],60,94,95,34,94
1,<environment.Job instance at 0x152acd199640>,0,12,[2 5],1,1,13,0,1
1,<environment.Job instance at 0x152a762124b0>,6,18,[8 1],7,7,25,0,7
1,<environment.Job instance at 0x152a76212690>,8,13,[6 1],9,25,38,16,10
1,<environment.Job instance at 0x152a76212820>,10,13,[2 8],12,13,26,1,12
1,<environment.Job instance at 0x152a76215cd0>,28,2,[2 7],37,37,39,0,37
1,<environment.Job instance at 0x152a76215fa0>,29,16,[10  2],39,39,55,0,39
1,<environment.Job instance at 0x152a76217190>,32,3,[2 9],42,55,58,13,42
1,<environment.Job instance at 0x152a762193c0>,50,12,[9 1],68,184,196,116,184
1,<environment.Job instance at 0x152a76217550>,39,3,[1 5],52,729,732,677,729
1,<environment.Job instance at 0x152a78e0c730>,0,15,[2 9],2,2,17,0,2
1,<environment.Job instance at 0x152a788edb40>,2,17,[8 1],6,6,23,0,6
1,<environment.Job instance at 0x152a788edcd0>,6,12,[9 1],11,23,35,12,17
1,<environment.Job instance at 0x152aa40bc780>,13,3,[2 9],19,19,22,0,19
1,<environment.Job instance at 0x152aa40bcc80>,14,13,[7 2],22,35,48,13,29
1,<environment.Job instance at 0x152aa40b4e60>,40,13,[ 1 10],56,78,91,22,78
1,<environment.Job instance at 0x152aa40b4640>,43,13,[2 9],60,91,104,31,79
1,<environment.Job instance at 0x152aa40bca00>,10,3,[1 9],15,104,107,89,100
1,<environment.Job instance at 0x152a78923cd0>,12,28,[2 8],19,61,89,42,61
1,<environment.Job instance at 0x152aa40bc910>,2,1,[1 8],6,89,90,83,61
1,<environment.Job instance at 0x152a78904af0>,23,19,[ 1 10],38,90,109,52,88
1,<environment.Job instance at 0x152a789041e0>,32,14,[10  1],49,109,123,60,94
1,<environment.Job instance at 0x152a78907140>,42,17,[1 6],61,123,140,62,114
1,<environment.Job instance at 0x152a789079b0>,46,15,[9 2],70,123,138,53,116
1,<environment.Job instance at 0x152a769bbc80>,3,15,[1 6],7,154,169,147,154
1,<environment.Job instance at 0x152a7611e690>,1,3,[2 8],5,5,8,0,5
1,<environment.Job instance at 0x152a76bfbc80>,3,2,[1 6],7,8,10,1,7
1,<environment.Job instance at 0x152a76bfbc30>,4,18,[7 2],9,9,27,0,9
1,<environment.Job instance at 0x152a76bfb870>,6,18,[10  1],16,27,45,11,16
1,<environment.Job instance at 0x152aa4bb8960>,16,16,[1 7],29,45,61,16,32
1,<environment.Job instance at 0x152a76bf9820>,23,3,[1 5],39,61,64,22,40
1,<environment.Job instance at 0x152a76bf9960>,29,3,[1 7],46,64,67,18,49
1,<environment.Job instance at 0x152a76bf9a00>,31,1,[5 2],48,49,50,1,49
1,<environment.Job instance at 0x152a7a44c780>,33,3,[1 7],50,67,70,17,50
1,<environment.Job instance at 0x152a7a44c050>,38,12,[7 1],58,58,70,0,58
1,<environment.Job instance at 0x152a7a44ca50>,40,3,[2 7],60,70,73,10,60
1,<environment.Job instance at 0x152a78df5d20>,41,17,[7 1],62,70,87,8,64
1,<environment.Job instance at 0x152a78df5960>,43,3,[1 8],65,73,76,8,65
1,<environment.Job instance at 0x152a78df5a00>,44,12,[7 2],67,87,99,20,71
1,<environment.Job instance at 0x152a78df5140>,45,2,[7 2],69,99,101,30,91
1,<environment.Job instance at 0x152aa4ba9910>,0,13,[5 2],1,1,14,0,1
1,<environment.Job instance at 0x152a7596afa0>,3,3,[5 1],4,4,7,0,4
1,<environment.Job instance at 0x152aa41f9320>,4,3,[1 7],9,9,12,0,9
1,<environment.Job instance at 0x152a75fbdb90>,5,12,[7 1],11,14,26,3,11
1,<environment.Job instance at 0x152a75fbd2d0>,7,2,[10  1],13,26,28,13,15
1,<environment.Job instance at 0x152a75fbd4b0>,15,18,[5 2],27,28,46,1,28
1,<environment.Job instance at 0x152a759017d0>,18,12,[2 9],33,46,58,13,33
1,<environment.Job instance at 0x152a759019b0>,19,3,[5 2],34,34,37,0,34
1,<environment.Job instance at 0x152a759010a0>,21,15,[8 2],36,58,73,22,46
1,<environment.Job instance at 0x152a75951b40>,28,2,[1 9],51,73,75,22,58
1,<environment.Job instance at 0x152a75947b90>,47,16,[1 5],78,91,107,13,91
1,<environment.Job instance at 0x152a7891bbe0>,0,14,[1 6],2,2,16,0,2
1,<environment.Job instance at 0x152a76be3870>,11,3,[1 7],18,18,21,0,18
1,<environment.Job instance at 0x152a76be3550>,13,14,[1 9],20,21,35,1,20
1,<environment.Job instance at 0x152a76be3fa0>,16,2,[2 9],25,35,37,10,33
1,<environment.Job instance at 0x152a7585fa50>,23,27,[1 7],35,39,66,4,39
1,<environment.Job instance at 0x152a7585f280>,26,13,[ 2 10],42,66,79,24,50
1,<environment.Job instance at 0x152aa6ccb0a0>,39,14,[9 1],60,79,93,19,64
1,<environment.Job instance at 0x152a7a04a190>,46,15,[10  1],69,94,109,25,94
1,<environment.Job instance at 0x152a75820c30>,4,16,[1 5],5,5,21,0,5
1,<environment.Job instance at 0x152a789de730>,7,15,[7 2],8,8,23,0,8
1,<environment.Job instance at 0x152a789ded70>,13,3,[5 2],16,23,26,7,16
1,<environment.Job instance at 0x152a789ded20>,14,1,[6 2],18,26,27,8,18
1,<environment.Job instance at 0x152a789de320>,15,2,[2 8],19,21,23,2,19
1,<environment.Job instance at 0x152a789def50>,16,1,[6 2],21,27,28,6,22
1,<environment.Job instance at 0x152a789de690>,18,27,[ 2 10],23,28,55,5,26
1,<environment.Job instance at 0x152aa4039c80>,20,2,[2 7],26,26,28,0,26
1,<environment.Job instance at 0x152aa4039c30>,21,1,[5 2],27,55,56,28,28
1,<environment.Job instance at 0x152aa40395a0>,23,2,[ 1 10],30,56,58,26,30
1,<environment.Job instance at 0x152aa4039f00>,24,3,[2 5],31,58,61,27,32
1,<environment.Job instance at 0x152aa4039cd0>,26,2,[5 2],33,58,60,25,35
1,<environment.Job instance at 0x152aa40200a0>,27,1,[7 1],36,60,61,24,36
1,<environment.Job instance at 0x152a79f56730>,0,13,[5 1],1,1,14,0,1
1,<environment.Job instance at 0x152a79f56e10>,2,14,[6 1],3,14,28,11,6
1,<environment.Job instance at 0x152a79fc3aa0>,16,23,[1 6],21,22,45,1,22
1,<environment.Job instance at 0x152a79fc3c80>,17,12,[7 1],24,28,40,4,27
1,<environment.Job instance at 0x152a79fc3dc0>,18,3,[10  1],27,45,48,18,31
1,<environment.Job instance at 0x152aa4da2af0>,28,13,[7 2],42,48,61,6,45
1,<environment.Job instance at 0x152aa4da2f50>,31,18,[1 5],47,48,66,1,47
1,<environment.Job instance at 0x152a79fc3910>,25,14,[2 5],38,61,75,23,61
1,<environment.Job instance at 0x152aa75f20f0>,46,3,[5 1],78,81,84,3,81
1,<environment.Job instance at 0x152aa75f2a00>,45,3,[10  2],74,84,87,10,84
1,<environment.Job instance at 0x152a757d5500>,2,14,[2 8],3,3,17,0,3
1,<environment.Job instance at 0x152a757d5550>,5,21,[1 8],6,17,38,11,9
1,<environment.Job instance at 0x152a757d5f50>,8,2,[ 1 10],10,38,40,28,11
1,<environment.Job instance at 0x152aa4d6ed70>,13,2,[2 9],17,40,42,23,18
1,<environment.Job instance at 0x152aa4d6edc0>,14,15,[2 8],22,42,57,20,28
1,<environment.Job instance at 0x152aa4d6e280>,19,3,[2 8],29,57,60,28,31
1,<environment.Job instance at 0x152aa4d6e0f0>,21,2,[8 2],35,36,38,1,36
1,<environment.Job instance at 0x152aa4d6e9b0>,23,3,[6 2],37,42,45,5,37
1,<environment.Job instance at 0x152aa4d6ea50>,24,1,[8 1],39,41,42,2,41
1,<environment.Job instance at 0x152a7a3f3460>,34,1,[8 1],55,60,61,5,60
1,<environment.Job instance at 0x152a7a3f3500>,36,13,[8 2],57,61,74,4,60
1,<environment.Job instance at 0x152a7a3f3cd0>,37,18,[5 1],58,74,92,16,63
1,<environment.Job instance at 0x152a7585f140>,41,17,[9 2],63,92,109,29,80
1,<environment.Job instance at 0x152a75e289b0>,43,12,[2 8],65,80,92,15,80
1,<environment.Job instance at 0x152a769577d0>,47,13,[2 5],69,109,122,40,94
1,<environment.Job instance at 0x152a78ef6140>,0,14,[1 5],1,1,15,0,1
1,<environment.Job instance at 0x152a78e6d140>,3,17,[2 8],6,15,32,9,6
1,<environment.Job instance at 0x152a78e6da50>,5,16,[8 1],10,11,27,1,11
1,<environment.Job instance at 0x152a78e6d6e0>,9,14,[9 2],16,32,46,16,24
1,<environment.Job instance at 0x152aa425ee60>,23,2,[6 2],33,46,48,13,33
1,<environment.Job instance at 0x152aa425ecd0>,24,17,[5 2],34,48,65,14,36
1,<environment.Job instance at 0x152aa425e8c0>,29,3,[8 2],41,65,68,24,46
1,<environment.Job instance at 0x152a78df5aa0>,44,17,[10  1],60,68,85,8,61
1,<environment.Job instance at 0x152a78df5af0>,56,14,[2 6],75,110,124,35,110
1,<environment.Job instance at 0x152aa425ee10>,27,3,[2 7],39,135,138,96,135
1,<environment.Job instance at 0x152a78e6d820>,3,17,[9 1],6,6,23,0,6
1,<environment.Job instance at 0x152a75979640>,7,3,[2 6],11,23,26,12,11
1,<environment.Job instance at 0x152a78f5e820>,14,13,[2 6],19,26,39,7,19
1,<environment.Job instance at 0x152a759691e0>,40,3,[5 2],49,58,61,9,58
1,<environment.Job instance at 0x152a75997730>,41,2,[8 2],50,66,68,16,66
1,<environment.Job instance at 0x152a759974b0>,46,15,[ 2 10],56,77,92,21,77
1,<environment.Job instance at 0x152a78f5ebe0>,18,17,[2 7],25,559,576,534,559
1,<environment.Job instance at 0x152a75cf71e0>,1,3,[1 8],3,3,6,0,3
1,<environment.Job instance at 0x152aa6cdaaa0>,6,17,[1 7],10,10,27,0,10
1,<environment.Job instance at 0x152aa6cdab90>,7,15,[10  2],14,27,42,13,15
1,<environment.Job instance at 0x152aa6cda410>,10,14,[5 2],19,42,56,23,30
1,<environment.Job instance at 0x152a77451910>,18,1,[6 1],30,56,57,26,33
1,<environment.Job instance at 0x152a75a75050>,0,17,[1 6],1,1,18,0,1
1,<environment.Job instance at 0x152aa6cda280>,8,15,[10  1],13,18,33,5,13
1,<environment.Job instance at 0x152a7a4e9050>,14,2,[2 6],19,33,35,14,19
1,<environment.Job instance at 0x152a7a4e9f00>,21,14,[7 1],28,38,52,10,38
1,<environment.Job instance at 0x152a79fc62d0>,35,23,[9 1],46,60,83,14,60
1,<environment.Job instance at 0x152a79fc60a0>,36,14,[ 1 10],47,83,97,36,69
1,<environment.Job instance at 0x152a78fd3320>,0,3,[1 8],1,1,4,0,1
1,<environment.Job instance at 0x152a75e5cd70>,2,16,[9 1],4,4,20,0,4
1,<environment.Job instance at 0x152aa6cdabe0>,3,12,[7 2],6,20,32,14,12
1,<environment.Job instance at 0x152a75b81550>,12,2,[5 2],21,32,34,11,22
1,<environment.Job instance at 0x152a7609aaa0>,14,3,[2 8],23,25,28,2,25
1,<environment.Job instance at 0x152a76985280>,21,13,[7 1],32,34,47,2,34
1,<environment.Job instance at 0x152a76be72d0>,42,2,[8 2],63,64,66,1,64
1,<environment.Job instance at 0x152a756e8dc0>,1,27,[5 2],2,2,29,0,2
1,<environment.Job instance at 0x152a7593fa50>,8,18,[9 1],13,29,47,16,22
1,<environment.Job instance at 0x152a78a2eb40>,29,1,[1 9],43,55,56,12,55
1,<environment.Job instance at 0x152a796e2cd0>,36,15,[6 1],53,69,84,16,69
1,<environment.Job instance at 0x152a78f16be0>,44,14,[ 1 10],64,84,98,20,71
1,<environment.Job instance at 0x152a7a3770f0>,2,17,[7 2],3,3,20,0,3
1,<environment.Job instance at 0x152a7a377e10>,4,2,[2 9],5,20,22,15,12
1,<environment.Job instance at 0x152a78f02aa0>,8,1,[1 8],12,19,20,7,19
1,<environment.Job instance at 0x152a7a0a31e0>,13,3,[7 1],20,21,24,1,21
1,<environment.Job instance at 0x152a7a0a33c0>,14,1,[6 1],21,24,25,3,22
1,<environment.Job instance at 0x152a7a0a3050>,15,15,[6 2],22,25,40,3,24
1,<environment.Job instance at 0x152a78912d20>,16,3,[2 9],23,40,43,17,24
1,<environment.Job instance at 0x152a78912280>,17,17,[1 8],25,43,60,18,31
1,<environment.Job instance at 0x152a7a113230>,31,2,[5 1],42,53,55,11,53
1,<environment.Job instance at 0x152a78ac4d20>,0,16,[2 5],1,1,17,0,1
1,<environment.Job instance at 0x152a7a0a3c30>,4,1,[6 2],7,7,8,0,7
1,<environment.Job instance at 0x152a7a4c36e0>,6,15,[8 1],9,9,24,0,9
1,<environment.Job instance at 0x152a7a4c3a50>,7,3,[2 7],10,17,20,7,10
1,<environment.Job instance at 0x152a7a4c3870>,9,14,[2 9],17,20,34,3,17
1,<environment.Job instance at 0x152a79f2f780>,11,13,[7 2],20,34,47,14,27
1,<environment.Job instance at 0x152a79038730>,26,3,[7 2],43,47,50,4,43
1,<environment.Job instance at 0x152a75a2da00>,28,18,[1 7],46,46,64,0,46
1,<environment.Job instance at 0x152a75a2daf0>,33,15,[ 2 10],54,64,79,10,59
1,<environment.Job instance at 0x152a78f5e7d0>,43,1,[1 6],68,79,80,11,77
1,<environment.Job instance at 0x152a789d8500>,3,3,[2 7],4,4,7,0,4
1,<environment.Job instance at 0x152a789d8f50>,6,13,[10  1],8,8,21,0,8
1,<environment.Job instance at 0x152a75ee1c80>,16,3,[9 1],22,22,25,0,22
1,<environment.Job instance at 0x152a75ee12d0>,17,15,[6 1],23,25,40,2,24
1,<environment.Job instance at 0x152a75d74a00>,21,17,[10  1],28,40,57,12,28
1,<environment.Job instance at 0x152a75815cd0>,27,3,[2 9],35,35,38,0,35
1,<environment.Job instance at 0x152a75815910>,32,14,[5 2],44,57,71,13,45
1,<environment.Job instance at 0x152a761a2fa0>,39,3,[1 7],55,58,61,3,58
1,<environment.Job instance at 0x152a761a25a0>,40,14,[2 5],57,61,75,4,58
1,<environment.Job instance at 0x152a761a2730>,41,13,[1 5],61,71,84,10,63
1,<environment.Job instance at 0x152a78e2af50>,1,18,[8 1],8,8,26,0,8
1,<environment.Job instance at 0x152aa41ea960>,10,17,[6 2],22,26,43,4,22
1,<environment.Job instance at 0x152aa402adc0>,20,13,[2 8],33,33,46,0,33
1,<environment.Job instance at 0x152aa4b95550>,32,2,[1 6],55,55,57,0,55
1,<environment.Job instance at 0x152aa4b952d0>,29,12,[2 9],44,992,1004,948,992
1,<environment.Job instance at 0x152aa4b952d0>,3,17,[5 2],5,5,22,0,5
1,<environment.Job instance at 0x152aa754a320>,6,17,[8 1],9,22,39,13,10
1,<environment.Job instance at 0x152a762267d0>,49,3,[1 8],65,122,125,57,122
1,<environment.Job instance at 0x152a762266e0>,50,12,[1 7],66,125,137,59,122
1,<environment.Job instance at 0x152a7a10e280>,52,3,[10  1],68,137,140,69,122
1,<environment.Job instance at 0x152a7a10eb40>,57,16,[7 2],74,140,156,66,128
1,<environment.Job instance at 0x14c1b9287c30>,0,12,[2 5],1,1,13,0,1
1,<environment.Job instance at 0x14c1622eafa0>,2,1,[2 5],3,3,4,0,3
1,<environment.Job instance at 0x14c1622ed4b0>,6,18,[8 1],7,7,25,0,7
1,<environment.Job instance at 0x14c1622edfa0>,16,1,[2 5],21,21,22,0,21
1,<environment.Job instance at 0x14c1622eddc0>,17,17,[6 1],23,25,42,2,23
1,<environment.Job instance at 0x14c1649c84b0>,0,12,[9 1],1,1,13,0,1
1,<environment.Job instance at 0x14c1649c8500>,4,3,[1 9],5,236,239,231,236
1,<environment.Job instance at 0x14c162ce0aa0>,0,3,[5 1],3,3,6,0,3
1,<environment.Job instance at 0x14c1696f76e0>,2,3,[ 2 10],6,6,9,0,6
1,<environment.Job instance at 0x14c1622e5be0>,5,3,[5 2],12,12,15,0,12
1,<environment.Job instance at 0x14c1622e58c0>,6,15,[2 7],13,13,28,0,13
1,<environment.Job instance at 0x14c1622e5c80>,10,19,[ 1 10],18,28,47,10,18
1,<environment.Job instance at 0x14c1622d9eb0>,16,1,[2 9],24,47,48,23,25
1,<environment.Job instance at 0x14c1622d92d0>,18,3,[ 2 10],27,48,51,21,28
1,<environment.Job instance at 0x14c1622d9f00>,19,14,[10  1],29,51,65,22,37
1,<environment.Job instance at 0x14c1622ea3c0>,33,15,[9 2],50,65,80,15,58
1,<environment.Job instance at 0x14c1622eacd0>,35,12,[1 5],52,66,78,14,66
1,<environment.Job instance at 0x14c163508870>,46,18,[7 2],69,80,98,11,70
1,<environment.Job instance at 0x14c163f8c910>,48,18,[10  1],76,98,116,22,87
1,<environment.Job instance at 0x14c165113410>,6,3,[1 5],9,53,56,44,53
1,<environment.Job instance at 0x14c16c2a72d0>,1,3,[2 7],3,3,6,0,3
1,<environment.Job instance at 0x14c1622b0a00>,5,2,[1 6],12,16,18,4,16
1,<environment.Job instance at 0x14c1665272d0>,1,3,[2 8],2,2,5,0,2
1,<environment.Job instance at 0x14c1619eb5a0>,3,16,[2 6],6,6,22,0,6
1,<environment.Job instance at 0x14c1619eb8c0>,6,14,[9 1],10,22,36,12,11
1,<environment.Job instance at 0x14c1619ebaf0>,7,3,[10  1],11,36,39,25,13
1,<environment.Job instance at 0x14c1619eb870>,10,3,[1 9],14,22,25,8,14
1,<environment.Job instance at 0x14c161a0d280>,12,2,[1 5],18,25,27,7,18
1,<environment.Job instance at 0x14c161a0db90>,13,15,[10  1],19,39,54,20,26
1,<environment.Job instance at 0x14c1650c7190>,21,2,[1 7],31,54,56,23,48
1,<environment.Job instance at 0x14c161e6b190>,1,3,[1 7],3,3,6,0,3
1,<environment.Job instance at 0x14c1661bc910>,2,17,[2 7],4,6,23,2,4
1,<environment.Job instance at 0x14c16c417e60>,12,16,[10  2],14,23,39,9,18
1,<environment.Job instance at 0x14c16c417f00>,13,16,[ 2 10],15,39,55,24,30
1,<environment.Job instance at 0x14c164a2e0f0>,32,3,[2 9],40,74,77,34,74
1,<environment.Job instance at 0x14c164a8f5a0>,35,3,[10  1],47,77,80,30,77
1,<environment.Job instance at 0x14c164a8fa50>,36,3,[6 1],49,80,83,31,77
1,<environment.Job instance at 0x14c165fed050>,49,16,[1 5],71,107,123,36,107
1,<environment.Job instance at 0x14c162a59230>,59,3,[1 9],88,123,126,35,122
1,<environment.Job instance at 0x14c165fed230>,52,1,[10  2],75,154,155,79,154
1,<environment.Job instance at 0x14c16c417be0>,7,1,[1 8],9,286,287,277,286
1,<environment.Job instance at 0x14c16ab31320>,0,16,[2 7],1,1,17,0,1
1,<environment.Job instance at 0x14c164b983c0>,8,14,[2 8],13,17,31,4,13
1,<environment.Job instance at 0x14c164b98dc0>,11,21,[1 8],16,31,52,15,23
1,<environment.Job instance at 0x14c164b98780>,17,17,[1 9],24,52,69,28,40
1,<environment.Job instance at 0x14c166481af0>,22,13,[10  1],35,69,82,34,53
1,<environment.Job instance at 0x14c162a1a5f0>,42,13,[8 2],67,119,132,52,119
1,<environment.Job instance at 0x14c161e17910>,0,14,[1 5],1,1,15,0,1
1,<environment.Job instance at 0x14c16ce609b0>,1,12,[2 6],3,15,27,12,3
1,<environment.Job instance at 0x14c162264d20>,4,25,[8 1],9,9,34,0,9
1,<environment.Job instance at 0x14c162264eb0>,8,3,[1 7],14,27,30,13,16
1,<environment.Job instance at 0x14c162264f50>,5,16,[8 1],10,34,50,24,21
1,<environment.Job instance at 0x14c1622640a0>,13,3,[1 5],20,30,33,10,21
1,<environment.Job instance at 0x14c162264960>,14,12,[2 9],22,33,45,11,23
1,<environment.Job instance at 0x14c16ed51140>,16,13,[1 9],24,45,58,21,29
1,<environment.Job instance at 0x14c161be2500>,35,14,[8 2],47,58,72,11,50
1,<environment.Job instance at 0x14c161a587d0>,38,3,[5 2],52,72,75,20,55
1,<environment.Job instance at 0x14c161a58c80>,44,17,[10  1],60,75,92,15,63
1,<environment.Job instance at 0x14c161ada5f0>,52,15,[6 1],70,92,107,22,79
1,<environment.Job instance at 0x14c161a986e0>,58,17,[2 5],77,92,109,15,82
1,<environment.Job instance at 0x14c1696e6d20>,60,15,[9 2],80,109,124,29,95
1,<environment.Job instance at 0x14c164b84500>,0,3,[2 6],1,1,4,0,1
1,<environment.Job instance at 0x14c164b84230>,2,13,[6 1],4,4,17,0,4
1,<environment.Job instance at 0x14c166048960>,7,13,[2 6],9,9,22,0,9
1,<environment.Job instance at 0x14c16298e690>,15,1,[5 2],19,26,27,7,26
1,<environment.Job instance at 0x14c16513cc30>,47,15,[2 9],56,167,182,111,167
1,<environment.Job instance at 0x14c161834190>,19,1,[9 2],30,31,32,1,31
1,<environment.Job instance at 0x14c16cd924b0>,2,1,[6 1],3,3,4,0,3
1,<environment.Job instance at 0x14c16652a820>,3,3,[5 2],4,4,7,0,4
1,<environment.Job instance at 0x14c16ab525f0>,4,16,[7 1],5,7,23,2,5
1,<environment.Job instance at 0x14c161afbbe0>,5,2,[8 2],6,23,25,17,6
1,<environment.Job instance at 0x14c161afb550>,6,1,[9 2],7,25,26,18,7
1,<environment.Job instance at 0x14c161afbb40>,7,2,[1 7],8,8,10,0,8
1,<environment.Job instance at 0x14c161afb5a0>,16,3,[6 1],23,34,37,11,34
1,<environment.Job instance at 0x14c164bc5550>,24,3,[9 1],36,39,42,3,39
1,<environment.Job instance at 0x14c164bc5a50>,27,1,[2 6],40,42,43,2,41
1,<environment.Job instance at 0x14c164bc5870>,28,2,[9 2],43,43,45,0,43
1,<environment.Job instance at 0x14c164bc5dc0>,29,1,[ 2 10],47,47,48,0,47
1,<environment.Job instance at 0x14c161afb780>,13,1,[5 2],18,662,663,644,662
1,<environment.Job instance at 0x14c162198be0>,4,3,[6 1],7,7,10,0,7
1,<environment.Job instance at 0x14c162198050>,5,2,[ 1 10],8,10,12,2,8
1,<environment.Job instance at 0x14c162198820>,6,1,[7 1],9,12,13,3,9
1,<environment.Job instance at 0x14c1621b6f50>,7,1,[2 6],12,12,13,0,12
1,<environment.Job instance at 0x14c162198b90>,8,2,[10  2],13,13,15,0,13
1,<environment.Job instance at 0x14c162198eb0>,9,1,[5 1],14,15,16,1,14
1,<environment.Job instance at 0x14c162198a00>,11,1,[6 1],16,16,17,0,16
1,<environment.Job instance at 0x14c162198780>,12,3,[8 1],18,18,21,0,18
1,<environment.Job instance at 0x14c16fd11410>,13,15,[6 1],22,22,37,0,22
1,<environment.Job instance at 0x14c161fa21e0>,18,21,[6 1],30,37,58,7,33
1,<environment.Job instance at 0x14c161d32500>,27,27,[1 9],43,49,76,6,49
1,<environment.Job instance at 0x14c161d326e0>,33,18,[9 1],53,58,76,5,58
1,<environment.Job instance at 0x14c1617bf960>,43,28,[1 6],67,76,104,9,75
1,<environment.Job instance at 0x14c1618bae10>,47,15,[10  2],73,104,119,31,100
1,<environment.Job instance at 0x14c162a5f320>,0,3,[ 2 10],1,1,4,0,1
1,<environment.Job instance at 0x14c161d32050>,1,15,[6 1],3,4,19,1,4
1,<environment.Job instance at 0x14c1649da0a0>,11,1,[10  1],16,19,20,3,16
1,<environment.Job instance at 0x14c1649daf00>,12,3,[2 5],18,20,23,2,18
1,<environment.Job instance at 0x14c1661bcfa0>,14,18,[2 9],20,23,41,3,20
1,<environment.Job instance at 0x14c1661bc460>,15,3,[2 9],21,41,44,20,21
1,<environment.Job instance at 0x14c1661bc0f0>,22,26,[8 1],28,29,55,1,29
1,<environment.Job instance at 0x14c1664a7e10>,26,21,[9 2],32,55,76,23,53
1,<environment.Job instance at 0x14c161aa3b90>,44,16,[2 7],57,76,92,19,73
1,<environment.Job instance at 0x14c164f3beb0>,64,3,[1 6],81,133,136,52,133
1,<environment.Job instance at 0x14c16177b690>,68,3,[1 5],88,138,141,50,138
1,<environment.Job instance at 0x14c161aa3f00>,40,15,[6 2],52,195,210,143,195
1,<environment.Job instance at 0x14c161b56690>,0,16,[7 1],1,1,17,0,1
1,<environment.Job instance at 0x14c167e5a690>,8,3,[6 1],9,17,20,8,9
1,<environment.Job instance at 0x14c167e54dc0>,9,15,[6 1],15,20,35,5,16
1,<environment.Job instance at 0x14c167e5af50>,16,1,[5 1],22,35,36,13,29
1,<environment.Job instance at 0x14c16c4176e0>,1,3,[2 7],2,2,5,0,2
1,<environment.Job instance at 0x14c162060690>,5,3,[1 5],9,10,13,1,10
1,<environment.Job instance at 0x14c1620607d0>,8,1,[1 8],12,15,16,3,15
1,<environment.Job instance at 0x14c162060e60>,12,2,[7 2],16,18,20,2,18
1,<environment.Job instance at 0x14c1620600a0>,14,3,[2 6],19,21,24,2,21
1,<environment.Job instance at 0x14c16298e960>,17,1,[9 1],22,33,34,11,33
1,<environment.Job instance at 0x14c16298ee10>,25,1,[2 5],34,58,59,24,58
1,<environment.Job instance at 0x14c16505f0a0>,39,14,[5 2],54,58,72,4,58
1,<environment.Job instance at 0x14c16505f960>,43,3,[2 7],59,64,67,5,64
1,<environment.Job instance at 0x14c16505fd70>,45,22,[2 9],63,72,94,9,68
1,<environment.Job instance at 0x14c162060050>,1,18,[8 1],8,8,26,0,8
1,<environment.Job instance at 0x14c16c2c9410>,10,17,[6 2],22,26,43,4,22
1,<environment.Job instance at 0x14c166076050>,36,1,[6 1],60,99,100,39,99
1,<environment.Job instance at 0x14c165040190>,0,13,[1 9],1,1,14,0,1
1,<environment.Job instance at 0x14c1660612d0>,2,15,[9 1],4,4,19,0,4
1,<environment.Job instance at 0x14c167e6f870>,7,19,[5 2],11,19,38,8,11
1,<environment.Job instance at 0x14c167e6fe10>,13,15,[8 2],17,38,53,21,24
1,<environment.Job instance at 0x14c1617c0d20>,18,16,[1 5],23,24,40,1,24
1,<environment.Job instance at 0x14c1661fff50>,67,3,[2 7],87,450,453,363,450
1,<environment.Job instance at 0x14c16c32b550>,68,18,[1 6],88,458,476,370,458
1,<environment.Job instance at 0x14c1661ff9b0>,2,15,[1 5],3,27,42,24,27
1,<environment.Job instance at 0x14c16cd0ae10>,20,28,[ 2 10],26,43,71,17,43
1,<environment.Job instance at 0x14c161c08820>,35,3,[8 2],51,76,79,25,76
1,<environment.Job instance at 0x14c161c08be0>,38,1,[8 1],56,93,94,37,93
1,<environment.Job instance at 0x14c161c08280>,39,3,[9 1],57,95,98,38,95
1,<environment.Job instance at 0x14c161c088c0>,40,2,[9 1],59,102,104,43,102
1,<environment.Job instance at 0x14c164b15140>,42,3,[1 7],63,103,106,40,103
1,<environment.Job instance at 0x14c164b15c80>,46,16,[10  2],67,112,128,45,112
1,<environment.Job instance at 0x14c166527500>,53,16,[5 2],76,128,144,52,119
1,<environment.Job instance at 0x14c16cd0a780>,3,3,[2 8],7,7,10,0,7
1,<environment.Job instance at 0x14c1617aa5a0>,6,2,[10  2],11,11,13,0,11
1,<environment.Job instance at 0x1472af65cc30>,0,12,[2 5],1,1,13,0,1
1,<environment.Job instance at 0x1472586e23c0>,6,18,[8 1],7,7,25,0,7
1,<environment.Job instance at 0x1472586e2dc0>,17,17,[6 1],23,25,42,2,23
1,<environment.Job instance at 0x1472586e5e10>,29,16,[10  2],39,42,58,3,39
1,<environment.Job instance at 0x1472586e7280>,33,1,[2 7],43,58,59,15,44
1,<environment.Job instance at 0x1472586e54b0>,23,2,[8 1],31,65,67,34,65
1,<environment.Job instance at 0x14725adb3960>,0,13,[7 2],2,2,15,0,2
1,<environment.Job instance at 0x147260f63500>,8,14,[7 1],12,15,29,3,13
1,<environment.Job instance at 0x147260f5f370>,18,1,[2 7],27,27,28,0,27
1,<environment.Job instance at 0x147260f5f050>,19,1,[2 5],28,28,29,0,28
1,<environment.Job instance at 0x147260f5faa0>,20,15,[7 1],29,29,44,0,29
1,<environment.Job instance at 0x14725fabd640>,59,3,[5 1],83,167,170,84,167
1,<environment.Job instance at 0x14725a34e640>,0,2,[ 1 10],1,2,4,1,2
1,<environment.Job instance at 0x14725c8c58c0>,2,1,[1 7],3,4,5,1,3
1,<environment.Job instance at 0x147260f5f550>,3,1,[2 9],4,5,6,1,4
1,<environment.Job instance at 0x14725a369280>,4,15,[1 7],5,6,21,1,5
1,<environment.Job instance at 0x14725a369230>,6,14,[10  1],9,21,35,12,9
1,<environment.Job instance at 0x14725a369460>,14,18,[8 1],18,35,53,17,24
1,<environment.Job instance at 0x14725a369780>,16,17,[1 6],21,35,52,14,26
1,<environment.Job instance at 0x14725a369d20>,11,3,[6 1],14,53,56,39,37
1,<environment.Job instance at 0x14725adb7f00>,35,18,[10  1],56,56,74,0,56
1,<environment.Job instance at 0x14725b36fa50>,59,18,[8 1],87,116,134,29,116
1,<environment.Job instance at 0x14725ae956e0>,0,17,[7 1],2,2,19,0,2
1,<environment.Job instance at 0x14725aeb0280>,6,14,[8 2],12,19,33,7,12
1,<environment.Job instance at 0x14725aeb04b0>,9,14,[8 1],16,33,47,17,19
1,<environment.Job instance at 0x14725aeb0870>,13,13,[5 2],21,47,60,26,35
1,<environment.Job instance at 0x14725b518280>,20,2,[10  1],33,60,62,27,43
1,<environment.Job instance at 0x14725b5185f0>,28,18,[5 2],47,62,80,15,51
1,<environment.Job instance at 0x14725b518d70>,29,1,[1 8],48,51,52,3,51
1,<environment.Job instance at 0x147281a98dc0>,34,15,[8 2],56,80,95,24,66
1,<environment.Job instance at 0x1472800833c0>,51,16,[9 1],83,95,111,12,83
1,<environment.Job instance at 0x14725c952f50>,59,18,[6 2],96,111,129,15,100
1,<environment.Job instance at 0x147281a98fa0>,44,3,[1 8],74,118,121,44,118
1,<environment.Job instance at 0x1472af5f6f50>,0,14,[1 6],2,2,16,0,2
1,<environment.Job instance at 0x147257dfc140>,6,3,[6 2],11,11,14,0,11
1,<environment.Job instance at 0x147257dfcb90>,8,3,[1 7],13,16,19,3,13
1,<environment.Job instance at 0x147257dfc460>,11,3,[1 7],18,19,22,1,18
1,<environment.Job instance at 0x147257dfce60>,12,14,[1 6],19,22,36,3,20
1,<environment.Job instance at 0x147257dfcd70>,15,26,[9 1],24,24,50,0,24
1,<environment.Job instance at 0x147257df6a00>,23,27,[1 7],35,39,66,4,39
1,<environment.Job instance at 0x147257df62d0>,26,13,[ 2 10],42,66,79,24,50
1,<environment.Job instance at 0x147257df6dc0>,31,1,[5 1],49,51,52,2,51
1,<environment.Job instance at 0x147257df6c80>,32,3,[1 5],50,79,82,29,53
1,<environment.Job instance at 0x147257def280>,35,1,[1 8],55,82,83,27,55
1,<environment.Job instance at 0x147257def640>,40,3,[10  1],61,83,86,22,66
1,<environment.Job instance at 0x147257defb40>,43,3,[1 9],64,86,89,22,66
1,<environment.Job instance at 0x147257defe10>,44,2,[1 8],66,89,91,23,69
1,<environment.Job instance at 0x147257deca50>,50,2,[6 1],74,86,88,12,83
1,<environment.Job instance at 0x147257dec820>,57,3,[1 6],84,91,94,7,84
1,<environment.Job instance at 0x147257dec280>,58,16,[1 5],85,94,110,9,86
1,<environment.Job instance at 0x1472584b7780>,61,15,[7 2],88,98,113,10,98
1,<environment.Job instance at 0x147258352fa0>,2,27,[ 2 10],3,7,34,4,7
1,<environment.Job instance at 0x147257ed8cd0>,9,12,[6 1],12,34,46,22,22
1,<environment.Job instance at 0x14725b53d190>,18,19,[2 9],26,34,53,8,26
1,<environment.Job instance at 0x147258506af0>,22,2,[1 5],30,69,71,39,69
1,<environment.Job instance at 0x1472590aa3c0>,0,12,[1 5],1,1,13,0,1
1,<environment.Job instance at 0x1472590aab90>,1,13,[7 2],2,2,15,0,2
1,<environment.Job instance at 0x14725c84ba50>,4,18,[1 5],7,13,31,6,8
1,<environment.Job instance at 0x14725bb86780>,11,2,[ 1 10],20,31,33,11,20
1,<environment.Job instance at 0x14725c867f00>,13,3,[10  2],23,33,36,10,23
1,<environment.Job instance at 0x14725c442410>,15,3,[1 9],28,36,39,8,28
1,<environment.Job instance at 0x14725c442c80>,16,16,[2 7],31,39,55,8,32
1,<environment.Job instance at 0x1472583831e0>,23,3,[9 1],42,55,58,13,42
1,<environment.Job instance at 0x1472583830f0>,24,14,[2 8],43,58,72,15,43
1,<environment.Job instance at 0x14725c3eac80>,38,13,[10  1],65,72,85,7,65
1,<environment.Job instance at 0x14725c3ea050>,41,3,[2 8],69,85,88,16,74
1,<environment.Job instance at 0x14725c3ea870>,42,15,[2 7],70,88,103,18,74
1,<environment.Job instance at 0x14725815be10>,57,28,[5 1],96,97,125,1,97
1,<environment.Job instance at 0x14725c3ea500>,40,1,[10  2],68,125,126,57,106
1,<environment.Job instance at 0x147262706370>,59,18,[5 1],98,126,144,28,125
1,<environment.Job instance at 0x14725affb7d0>,1,17,[9 2],3,3,20,0,3
1,<environment.Job instance at 0x14725ae308c0>,7,13,[2 5],9,20,33,11,9
1,<environment.Job instance at 0x14725ae30c30>,13,3,[7 2],19,20,23,1,19
1,<environment.Job instance at 0x147281aacb90>,14,14,[1 5],21,23,37,2,21
1,<environment.Job instance at 0x147281aac550>,15,12,[2 6],23,37,49,14,23
1,<environment.Job instance at 0x147281aac820>,18,25,[8 1],29,33,58,4,29
1,<environment.Job instance at 0x14725c860370>,32,12,[1 7],47,49,61,2,48
1,<environment.Job instance at 0x147257e0c6e0>,38,17,[5 2],54,58,75,4,56
1,<environment.Job instance at 0x14725b53d190>,47,16,[ 2 10],65,75,91,10,66
1,<environment.Job instance at 0x14725b53dd20>,48,3,[7 1],66,91,94,25,66
1,<environment.Job instance at 0x14725d1ee550>,49,14,[8 2],67,94,108,27,81
1,<environment.Job instance at 0x1472631ccc30>,58,17,[10  1],80,108,125,28,97
1,<environment.Job instance at 0x1472627d9140>,72,17,[2 5],97,125,142,28,115
1,<environment.Job instance at 0x1472585024b0>,1,2,[5 1],2,2,4,0,2
1,<environment.Job instance at 0x14725b37af50>,3,17,[9 1],6,6,23,0,6
1,<environment.Job instance at 0x14725813ce60>,9,13,[6 1],14,23,36,9,14
1,<environment.Job instance at 0x14725813c640>,14,13,[2 6],19,23,36,4,19
1,<environment.Job instance at 0x14725c85ab90>,31,1,[5 1],40,58,59,18,58
1,<environment.Job instance at 0x14725c85aa00>,34,3,[10  1],43,64,67,21,64
1,<environment.Job instance at 0x147258211690>,49,17,[1 7],60,126,143,66,126
1,<environment.Job instance at 0x14725b387550>,72,15,[10  2],94,199,214,105,199
1,<environment.Job instance at 0x1472625d4d70>,1,2,[1 9],2,19,21,17,19
1,<environment.Job instance at 0x14725bb84550>,9,3,[2 5],14,87,90,73,87
1,<environment.Job instance at 0x14725bb84460>,10,25,[6 1],15,87,112,72,87
1,<environment.Job instance at 0x147257b4db90>,19,1,[9 2],30,112,113,82,93
1,<environment.Job instance at 0x147257b4d190>,22,13,[7 2],34,113,126,79,106
1,<environment.Job instance at 0x147257b4d2d0>,28,1,[8 1],42,150,151,108,150
1,<environment.Job instance at 0x14725c944c30>,70,2,[1 7],98,217,219,119,217
1,<environment.Job instance at 0x1472590d7910>,30,14,[9 1],44,232,246,188,232
1,<environment.Job instance at 0x14725b3940a0>,0,26,[1 6],1,2,28,1,2
1,<environment.Job instance at 0x14725bb763c0>,3,23,[9 1],6,15,38,9,15
1,<environment.Job instance at 0x1472631c23c0>,0,15,[6 1],2,3,18,1,3
1,<environment.Job instance at 0x14726277a640>,2,17,[10  1],6,18,35,12,6
1,<environment.Job instance at 0x14725813f0f0>,27,1,[1 7],44,75,76,31,75
1,<environment.Job instance at 0x147258110a50>,33,16,[1 6],52,76,92,24,76
1,<environment.Job instance at 0x147257ee7640>,34,15,[10  2],53,92,107,39,78
1,<environment.Job instance at 0x14725c80bf00>,46,16,[9 2],70,107,123,37,97
1,<environment.Job instance at 0x14725c80b9b0>,50,1,[2 8],75,123,124,48,98
1,<environment.Job instance at 0x147258211780>,59,3,[2 5],88,124,127,36,102
1,<environment.Job instance at 0x147257f0f5a0>,55,3,[1 9],82,127,130,45,112
1,<environment.Job instance at 0x14725b5435f0>,64,1,[10  1],93,130,131,37,114
1,<environment.Job instance at 0x147258d680f0>,70,3,[2 5],99,131,134,32,126
1,<environment.Job instance at 0x1472581edd70>,0,27,[6 1],1,1,28,0,1
1,<environment.Job instance at 0x14725d1eb0f0>,2,17,[7 2],3,28,45,25,16
1,<environment.Job instance at 0x1472811f3aa0>,15,15,[6 2],22,45,60,23,40
1,<environment.Job instance at 0x147280066050>,39,3,[1 6],51,95,98,44,95
1,<environment.Job instance at 0x1472800734b0>,46,16,[7 1],61,116,132,55,116
1,<environment.Job instance at 0x1472581e85a0>,3,16,[5 2],4,172,188,168,172
1,<environment.Job instance at 0x14725c812690>,3,3,[2 6],5,5,8,0,5
1,<environment.Job instance at 0x14725c812e60>,6,26,[2 5],9,9,35,0,9
1,<environment.Job instance at 0x14726273cb40>,16,18,[1 7],26,35,53,9,26
1,<environment.Job instance at 0x1472583de410>,63,1,[8 2],90,170,171,80,170
1,<environment.Job instance at 0x14725b3d19b0>,0,14,[5 2],4,5,19,1,5
1,<environment.Job instance at 0x1472631d62d0>,9,13,[1 5],21,21,34,0,21
1,<environment.Job instance at 0x14725866b1e0>,12,1,[10  2],25,34,35,9,25
1,<environment.Job instance at 0x1472580b4690>,14,13,[2 9],27,35,48,8,27
1,<environment.Job instance at 0x147257bbb820>,15,12,[5 2],29,48,60,19,31
1,<environment.Job instance at 0x14725803f730>,18,3,[5 1],33,35,38,2,33
1,<environment.Job instance at 0x14725aef9960>,35,17,[6 2],62,63,80,1,63
1,<environment.Job instance at 0x14725b2dd690>,50,14,[ 2 10],80,81,95,1,81
1,<environment.Job instance at 0x14726262a500>,1,1,[1 5],2,3,4,1,3
1,<environment.Job instance at 0x14725870dd20>,3,3,[5 1],4,4,7,0,4
1,<environment.Job instance at 0x14726266df00>,4,3,[1 7],5,5,8,0,5
1,<environment.Job instance at 0x147260f47280>,6,17,[9 2],9,9,26,0,9
1,<environment.Job instance at 0x1472590db730>,17,17,[5 2],25,26,43,1,26
1,<environment.Job instance at 0x147258127370>,20,17,[8 1],29,43,60,14,31
1,<environment.Job instance at 0x147258127320>,24,15,[9 1],34,60,75,26,46
1,<environment.Job instance at 0x1472584fb410>,32,2,[6 1],44,75,77,31,48
1,<environment.Job instance at 0x147258288e10>,42,3,[2 8],56,56,59,0,56
1,<environment.Job instance at 0x14725c835eb0>,47,15,[9 1],62,77,92,15,65
1,<environment.Job instance at 0x1472582d6af0>,53,14,[ 2 10],68,92,106,24,77
1,<environment.Job instance at 0x14726266f3c0>,55,3,[8 2],71,106,109,35,80
1,<environment.Job instance at 0x14726266fe10>,56,3,[ 2 10],72,109,112,37,83
1,<environment.Job instance at 0x1472582b7640>,58,1,[2 5],75,106,107,31,84
1,<environment.Job instance at 0x1472582b7140>,59,3,[1 8],77,84,87,7,84
1,<environment.Job instance at 0x14725b227dc0>,61,17,[1 8],82,112,129,30,100
1,<environment.Job instance at 0x1472811cff00>,49,13,[8 1],64,112,125,48,101
1,<environment.Job instance at 0x1472582b7820>,72,1,[ 2 10],95,137,138,42,137
1,<environment.Job instance at 0x1472582b71e0>,0,16,[5 1],1,1,17,0,1
1,<environment.Job instance at 0x147281a93c30>,6,18,[8 2],9,17,35,8,9
1,<environment.Job instance at 0x147281a93190>,13,3,[2 7],17,17,20,0,17
1,<environment.Job instance at 0x147281a93fa0>,14,18,[1 6],18,20,38,2,18
1,<environment.Job instance at 0x1472583d8c30>,49,3,[10  2],68,301,304,233,301
1,<environment.Job instance at 0x1472583d8af0>,63,2,[2 5],88,601,603,513,601
1,<environment.Job instance at 0x14725e274960>,5,3,[10  2],8,20,23,12,20
1,<environment.Job instance at 0x14725e274910>,11,3,[2 8],17,23,26,6,20
1,<environment.Job instance at 0x14725c550140>,1,3,[10  1],2,2,5,0,2
1,<environment.Job instance at 0x147257912500>,14,2,[8 1],21,24,26,3,24
1,<environment.Job instance at 0x14725793c870>,19,2,[5 2],27,28,30,1,28
1,<environment.Job instance at 0x14725793cbe0>,18,17,[1 5],26,28,45,2,28
1,<environment.Job instance at 0x147257c03a50>,0,16,[8 2],1,1,17,0,1
1,<environment.Job instance at 0x147258026c80>,14,17,[ 2 10],18,18,35,0,18
1,<environment.Job instance at 0x14725ae05d20>,15,3,[10  2],19,35,38,16,19
1,<environment.Job instance at 0x14725ae0a320>,16,18,[2 5],20,38,56,18,27
1,<environment.Job instance at 0x147258492320>,22,13,[8 1],26,38,51,12,28
1,<environment.Job instance at 0x1472625ae320>,26,3,[5 2],30,51,54,21,31
1,<environment.Job instance at 0x14725790caf0>,38,1,[5 1],48,58,59,10,58
1,<environment.Job instance at 0x1472578f3280>,45,2,[9 1],59,59,61,0,59
1,<environment.Job instance at 0x147257bfac80>,46,2,[6 2],60,61,63,1,60
1,<environment.Job instance at 0x147257923870>,47,2,[2 9],62,63,65,1,62
1,<environment.Job instance at 0x147257923500>,48,17,[2 9],63,65,82,2,63
1,<environment.Job instance at 0x147257923730>,49,3,[7 1],64,64,67,0,64
1,<environment.Job instance at 0x147257923c80>,50,2,[ 1 10],65,82,84,17,65
1,<environment.Job instance at 0x1472630c7b90>,58,17,[ 1 10],76,85,102,9,85
1,<environment.Job instance at 0x1472630c76e0>,60,3,[2 6],80,102,105,22,86
1,<environment.Job instance at 0x147257b2ca50>,64,3,[7 2],85,102,105,17,87
1,<environment.Job instance at 0x1472579cceb0>,67,2,[8 1],93,105,107,12,93
1,<environment.Job instance at 0x1472579e9af0>,69,1,[2 8],96,105,106,9,97
1,<environment.Job instance at 0x147257964280>,71,13,[1 8],98,106,119,8,101
1,<environment.Job instance at 0x1478a852bc30>,0,12,[2 5],1,1,13,0,1
1,<environment.Job instance at 0x1478515c14b0>,6,18,[8 1],7,7,25,0,7
1,<environment.Job instance at 0x1478515c1690>,8,13,[6 1],9,25,38,16,13
1,<environment.Job instance at 0x1478515c18c0>,12,3,[1 8],14,14,17,0,14
1,<environment.Job instance at 0x1478515c1c80>,13,2,[8 1],17,38,40,21,17
1,<environment.Job instance at 0x1478515c1cd0>,15,1,[ 1 10],20,40,41,20,23
1,<environment.Job instance at 0x1478515c1fa0>,18,2,[10  1],25,41,43,16,25
1,<environment.Job instance at 0x1478515c4d70>,29,16,[10  2],39,43,59,4,39
1,<environment.Job instance at 0x1478515c6140>,31,3,[9 2],41,59,62,18,41
1,<environment.Job instance at 0x1478515c60f0>,32,3,[2 9],42,62,65,20,42
1,<environment.Job instance at 0x1478515c6280>,33,1,[2 7],43,65,66,22,43
1,<environment.Job instance at 0x1478515c65f0>,35,2,[1 8],45,209,211,164,209
1,<environment.Job instance at 0x147854146230>,1,14,[7 1],2,3,17,1,3
1,<environment.Job instance at 0x147859e266e0>,3,12,[2 8],5,5,17,0,5
1,<environment.Job instance at 0x147859e1bc30>,11,1,[2 7],17,17,18,0,17
1,<environment.Job instance at 0x147859e1b050>,12,1,[2 5],18,18,19,0,18
1,<environment.Job instance at 0x147859e1bd70>,13,15,[7 1],19,19,34,0,19
1,<environment.Job instance at 0x147859e34500>,64,3,[5 2],90,188,191,98,188
1,<environment.Job instance at 0x147859e3af50>,66,13,[ 2 10],92,191,204,99,190
1,<environment.Job instance at 0x147859e3a370>,67,1,[1 7],93,204,205,111,193
1,<environment.Job instance at 0x147859e3a780>,69,15,[1 7],95,205,220,110,196
1,<environment.Job instance at 0x147859e3a5a0>,70,3,[ 2 10],97,220,223,123,196
1,<environment.Job instance at 0x147859e3a4b0>,72,12,[7 1],100,204,216,104,201
1,<environment.Job instance at 0x1478589be230>,78,3,[ 2 10],107,223,226,116,202
1,<environment.Job instance at 0x147853ca3c30>,0,17,[1 6],1,1,18,0,1
1,<environment.Job instance at 0x147859e1b460>,1,17,[7 1],2,3,20,1,3
1,<environment.Job instance at 0x147853ca3e10>,3,16,[9 1],6,20,36,14,7
1,<environment.Job instance at 0x147853ca37d0>,5,1,[9 1],11,36,37,25,25
1,<environment.Job instance at 0x1478516060a0>,16,2,[1 6],27,28,30,1,28
1,<environment.Job instance at 0x147851606b90>,17,18,[7 2],29,37,55,8,30
1,<environment.Job instance at 0x1478515ba640>,40,18,[5 2],63,104,122,41,104
1,<environment.Job instance at 0x147850e95a00>,0,12,[7 1],1,1,13,0,1
1,<environment.Job instance at 0x147850e952d0>,8,16,[7 2],14,14,30,0,14
1,<environment.Job instance at 0x147850e95d20>,10,18,[5 2],17,30,48,13,19
1,<environment.Job instance at 0x147854a654b0>,13,12,[2 9],23,48,60,25,31
1,<environment.Job instance at 0x147855411820>,24,2,[1 6],42,44,46,2,44
1,<environment.Job instance at 0x14785580bb40>,33,16,[9 1],53,60,76,7,58
1,<environment.Job instance at 0x147854228370>,41,18,[6 2],66,76,94,10,67
1,<environment.Job instance at 0x147853d763c0>,44,14,[1 6],72,72,86,0,72
1,<environment.Job instance at 0x14786e900d70>,48,2,[6 1],76,94,96,18,88
1,<environment.Job instance at 0x14785588beb0>,56,14,[1 6],89,89,103,0,89
1,<environment.Job instance at 0x147851f82d20>,59,26,[9 1],94,96,122,2,94
1,<environment.Job instance at 0x14785b4ee460>,0,13,[ 2 10],2,2,15,0,2
1,<environment.Job instance at 0x14786e061690>,6,3,[1 5],10,15,18,5,10
1,<environment.Job instance at 0x14786e061e10>,11,3,[1 6],17,18,21,1,17
1,<environment.Job instance at 0x14786e0618c0>,12,2,[8 2],18,18,20,0,18
1,<environment.Job instance at 0x14785544d0f0>,13,14,[9 1],20,20,34,0,20
1,<environment.Job instance at 0x14785544df00>,14,3,[10  1],21,34,37,13,21
1,<environment.Job instance at 0x147855313c30>,19,2,[1 5],28,28,30,0,28
1,<environment.Job instance at 0x147857128d20>,20,15,[10  1],29,37,52,8,30
1,<environment.Job instance at 0x147855313690>,21,1,[2 8],30,52,53,22,30
1,<environment.Job instance at 0x14785b684050>,64,17,[9 2],88,195,212,107,195
1,<environment.Job instance at 0x14785545bfa0>,2,2,[10  2],3,3,5,0,3
1,<environment.Job instance at 0x14786c048b40>,3,16,[10  2],4,5,21,1,4
1,<environment.Job instance at 0x14786c048d70>,5,2,[1 6],7,21,23,14,7
1,<environment.Job instance at 0x14785545b500>,6,15,[2 6],9,23,38,14,9
1,<environment.Job instance at 0x14785b474dc0>,9,2,[1 8],12,38,40,26,12
1,<environment.Job instance at 0x14785b4743c0>,10,14,[6 1],13,21,35,8,17
1,<environment.Job instance at 0x147850cb7050>,15,13,[10  1],18,50,63,32,50
1,<environment.Job instance at 0x147850c850f0>,35,12,[1 5],51,63,75,12,58
1,<environment.Job instance at 0x147850c855f0>,27,3,[6 1],39,69,72,30,69
1,<environment.Job instance at 0x14785b476dc0>,40,16,[1 5],61,72,88,11,72
1,<environment.Job instance at 0x1478516250f0>,60,2,[5 2],94,97,99,3,97
1,<environment.Job instance at 0x14786c1a67d0>,62,21,[1 8],96,105,126,9,105
1,<environment.Job instance at 0x147853246f00>,64,2,[6 1],99,109,111,10,109
1,<environment.Job instance at 0x14785420a780>,65,2,[ 1 10],100,126,128,26,110
1,<environment.Job instance at 0x147853c85b90>,66,3,[9 2],102,111,114,9,111
1,<environment.Job instance at 0x14785b524cd0>,67,2,[5 1],103,114,116,11,114
1,<environment.Job instance at 0x14786e06cf00>,68,17,[1 9],104,128,145,24,116
1,<environment.Job instance at 0x147853253410>,69,3,[9 2],105,119,122,14,119
1,<environment.Job instance at 0x1478513dc9b0>,70,2,[2 9],107,145,147,38,122
1,<environment.Job instance at 0x147850cb7cd0>,18,2,[10  2],22,247,249,225,247
1,<environment.Job instance at 0x147850bc5640>,2,13,[10  1],5,5,18,0,5
1,<environment.Job instance at 0x1478552b8af0>,3,2,[1 8],7,18,20,11,7
1,<environment.Job instance at 0x1478552b8d20>,5,3,[2 8],9,20,23,11,9
1,<environment.Job instance at 0x1478552b8460>,6,15,[2 7],10,23,38,13,10
1,<environment.Job instance at 0x1478552b8dc0>,14,12,[7 1],26,26,38,0,26
1,<environment.Job instance at 0x14786f07b230>,16,3,[9 2],28,38,41,10,28
1,<environment.Job instance at 0x147854121dc0>,0,3,[5 2],2,2,5,0,2
1,<environment.Job instance at 0x1478541210a0>,1,13,[2 8],3,3,16,0,3
1,<environment.Job instance at 0x147854414190>,6,17,[10  1],10,16,33,6,10
1,<environment.Job instance at 0x1478553bdaa0>,17,16,[1 8],23,33,49,10,28
1,<environment.Job instance at 0x14786c05ce10>,22,15,[9 2],30,33,48,3,31
1,<environment.Job instance at 0x1478513e5e10>,26,17,[9 1],36,48,65,12,37
1,<environment.Job instance at 0x147851fb6af0>,37,13,[2 6],49,65,78,16,50
1,<environment.Job instance at 0x1478557ae0f0>,40,17,[7 1],54,65,82,11,55
1,<environment.Job instance at 0x14785417c0f0>,49,13,[2 9],63,78,91,15,68
1,<environment.Job instance at 0x14785417cb90>,53,13,[10  1],69,91,104,22,77
1,<environment.Job instance at 0x147850df0820>,65,3,[2 8],81,104,107,23,82
1,<environment.Job instance at 0x147850df0870>,67,13,[7 2],84,104,117,20,88
1,<environment.Job instance at 0x1478557f5e10>,77,15,[2 9],96,117,132,21,103
1,<environment.Job instance at 0x1478557f54b0>,84,19,[1 5],106,132,151,26,125
1,<environment.Job instance at 0x14785104cdc0>,7,15,[10  2],14,14,29,0,14
1,<environment.Job instance at 0x14785108edc0>,10,14,[5 2],19,29,43,10,19
1,<environment.Job instance at 0x147851578050>,18,1,[6 1],30,62,63,32,62
1,<environment.Job instance at 0x147853dae460>,34,13,[7 2],54,74,87,20,74
1,<environment.Job instance at 0x14785103b460>,0,1,[1 9],1,2,3,1,2
1,<environment.Job instance at 0x14785108ef00>,2,1,[6 1],3,3,4,0,3
1,<environment.Job instance at 0x147850f5e820>,3,3,[5 2],4,4,7,0,4
1,<environment.Job instance at 0x147850f5e4b0>,4,16,[7 1],5,7,23,2,5
1,<environment.Job instance at 0x14785103b4b0>,8,26,[1 6],11,12,38,1,12
1,<environment.Job instance at 0x14785439a5a0>,11,23,[9 1],16,23,46,7,23
1,<environment.Job instance at 0x147853df0a50>,64,3,[6 1],97,112,115,15,112
1,<environment.Job instance at 0x14785439a780>,13,1,[5 2],18,138,139,120,138
1,<environment.Job instance at 0x147850f43730>,53,13,[7 1],82,153,166,71,153
1,<environment.Job instance at 0x147853d225a0>,0,15,[6 1],2,2,17,0,2
1,<environment.Job instance at 0x14786e906f50>,2,17,[10  1],6,17,34,11,6
1,<environment.Job instance at 0x1478553797d0>,0,1,[1 8],2,3,4,1,3
1,<environment.Job instance at 0x14785109f460>,2,1,[6 1],5,5,6,0,5
1,<environment.Job instance at 0x147851f9cc80>,7,15,[6 2],12,84,99,72,84
1,<environment.Job instance at 0x147851319050>,48,2,[7 1],66,282,284,216,282
1,<environment.Job instance at 0x14786c0a5190>,0,1,[1 5],1,1,2,0,1
1,<environment.Job instance at 0x14786c0a50a0>,1,3,[7 2],3,3,6,0,3
1,<environment.Job instance at 0x14786e97bb90>,3,18,[1 7],6,6,24,0,6
1,<environment.Job instance at 0x1478557f2370>,17,18,[5 2],27,35,53,8,35
1,<environment.Job instance at 0x147859e2d230>,26,2,[10  2],40,53,55,13,41
1,<environment.Job instance at 0x147859e2d6e0>,29,25,[9 1],43,55,80,12,51
1,<environment.Job instance at 0x1478514bf820>,33,13,[10  1],48,80,93,32,64
1,<environment.Job instance at 0x1478514bfd20>,35,2,[8 1],50,93,95,43,67
1,<environment.Job instance at 0x1478514bf500>,37,1,[9 1],52,95,96,43,67
1,<environment.Job instance at 0x1478514bff50>,40,1,[2 7],58,93,94,35,70
1,<environment.Job instance at 0x1478514bffa0>,38,1,[2 5],54,94,95,40,71
1,<environment.Job instance at 0x14786e0a6230>,48,17,[10  1],68,96,113,28,84
1,<environment.Job instance at 0x14785bf555f0>,67,14,[2 5],97,113,127,16,98
1,<environment.Job instance at 0x1478542957d0>,73,13,[2 9],107,127,140,20,121
1,<environment.Job instance at 0x147853ee10a0>,0,20,[9 1],1,1,21,0,1
1,<environment.Job instance at 0x147855381e60>,0,19,[5 2],1,1,20,0,1
1,<environment.Job instance at 0x1478542da6e0>,11,16,[1 5],13,13,29,0,13
1,<environment.Job instance at 0x14786c07c230>,20,13,[8 1],24,52,65,28,52
1,<environment.Job instance at 0x147851597e60>,21,3,[2 8],25,55,58,30,55
1,<environment.Job instance at 0x147851c82280>,86,13,[6 1],109,287,300,178,287
1,<environment.Job instance at 0x147853d270f0>,1,14,[6 1],3,5,19,2,5
1,<environment.Job instance at 0x14786c13d500>,7,12,[1 7],14,14,26,0,14
1,<environment.Job instance at 0x14786c13da00>,10,17,[5 2],20,20,37,0,20
1,<environment.Job instance at 0x147850c7fe60>,22,16,[10  2],37,40,56,3,40
1,<environment.Job instance at 0x1478553e2320>,29,16,[5 2],46,56,72,10,46
1,<environment.Job instance at 0x147850cf41e0>,15,3,[9 1],27,72,75,45,51
1,<environment.Job instance at 0x147850c8b230>,41,3,[ 2 10],62,75,78,13,64
1,<environment.Job instance at 0x14786c108d20>,46,3,[2 9],70,78,81,8,70
1,<environment.Job instance at 0x147850b970f0>,48,2,[ 1 10],72,81,83,9,72
1,<environment.Job instance at 0x1478557c0eb0>,49,3,[ 1 10],74,83,86,9,74
1,<environment.Job instance at 0x1478543f1960>,54,2,[1 7],81,86,88,5,82
1,<environment.Job instance at 0x14785125bd20>,61,15,[7 1],90,93,108,3,93
1,<environment.Job instance at 0x1478543f1780>,52,2,[5 2],77,128,130,51,128
1,<environment.Job instance at 0x14785b6b0a00>,1,17,[6 1],2,2,19,0,2
1,<environment.Job instance at 0x147851f82d70>,6,12,[5 1],9,19,31,10,9
1,<environment.Job instance at 0x147851f827d0>,7,16,[1 7],11,12,28,1,12
1,<environment.Job instance at 0x1478543134b0>,55,2,[1 8],73,118,120,45,118
1,<environment.Job instance at 0x147853e1c1e0>,74,3,[1 7],98,128,131,30,128
1,<environment.Job instance at 0x147851423eb0>,82,3,[2 6],108,142,145,34,142
1,<environment.Job instance at 0x1478589a22d0>,0,3,[5 1],1,1,4,0,1
1,<environment.Job instance at 0x14785103cd20>,3,3,[8 2],5,5,8,0,5
1,<environment.Job instance at 0x14785bf21140>,4,12,[7 2],7,8,20,1,8
1,<environment.Job instance at 0x1478556eaf50>,6,17,[6 2],11,20,37,9,11
1,<environment.Job instance at 0x1478556ea1e0>,8,2,[1 9],13,37,39,24,14
1,<environment.Job instance at 0x1478556ea230>,11,18,[10  1],16,39,57,23,28
1,<environment.Job instance at 0x147850e2e500>,20,14,[9 2],29,57,71,28,56
1,<environment.Job instance at 0x14786c07ad70>,70,3,[7 1],94,155,158,61,155
1,<environment.Job instance at 0x147850fe15a0>,75,1,[1 5],100,158,159,58,158
1,<environment.Job instance at 0x1478513047d0>,0,3,[2 5],1,1,4,0,1
1,<environment.Job instance at 0x147851304f00>,1,16,[7 2],2,3,19,1,3
1,<environment.Job instance at 0x147851304c80>,4,3,[1 6],7,7,10,0,7
1,<environment.Job instance at 0x147851304140>,7,3,[9 2],14,19,22,5,14
1,<environment.Job instance at 0x1478515a21e0>,10,13,[1 8],18,18,31,0,18
1,<environment.Job instance at 0x1478515a2870>,12,26,[5 2],22,22,48,0,22
1,<environment.Job instance at 0x1478542fb3c0>,19,14,[9 2],33,48,62,15,33
1,<environment.Job instance at 0x147851331af0>,18,18,[1 6],31,33,51,2,33
1,<environment.Job instance at 0x147851620e10>,28,1,[2 5],45,62,63,17,48
1,<environment.Job instance at 0x147853242500>,30,1,[10  1],50,63,64,13,52
1,<environment.Job instance at 0x14785157d460>,35,3,[2 5],58,64,67,6,60
1,<environment.Job instance at 0x14785157d1e0>,37,18,[2 9],61,67,85,6,62
1,<environment.Job instance at 0x147850ca1280>,52,3,[6 2],80,85,88,5,84
1,<environment.Job instance at 0x147850eb83c0>,57,14,[2 8],88,94,108,6,94
1,<environment.Job instance at 0x14785133a230>,60,13,[8 1],94,104,117,10,104
1,<environment.Job instance at 0x1478542ff410>,62,18,[8 1],97,117,135,20,109
1,<environment.Job instance at 0x147852803280>,25,18,[1 7],42,111,129,69,111
1,<environment.Job instance at 0x147850c4ff50>,2,3,[1 9],4,4,7,0,4
1,<environment.Job instance at 0x1478560cd3c0>,4,13,[ 1 10],7,7,20,0,7
1,<environment.Job instance at 0x1478560cd370>,12,14,[6 2],20,34,48,14,34
1,<environment.Job instance at 0x14786c199280>,23,17,[7 1],35,48,65,13,44
1,<environment.Job instance at 0x1478513cfa50>,29,14,[7 1],49,65,79,16,54
1,<environment.Job instance at 0x14786e0a2410>,37,3,[1 6],62,71,74,9,71
1,<environment.Job instance at 0x147851ce42d0>,42,17,[6 1],73,79,96,6,76
1,<environment.Job instance at 0x147850b93a00>,45,18,[2 8],78,78,96,0,78
1,<environment.Job instance at 0x1478560cdc30>,13,1,[5 2],21,96,97,75,78
1,<environment.Job instance at 0x1478541bc190>,46,13,[7 2],81,97,110,16,90
1,<environment.Job instance at 0x1506691f0c30>,0,12,[2 5],1,1,13,0,1
1,<environment.Job instance at 0x1506122524b0>,6,18,[8 1],7,7,25,0,7
1,<environment.Job instance at 0x150612252c30>,16,1,[2 5],21,21,22,0,21
1,<environment.Job instance at 0x150612252fa0>,17,17,[6 1],23,25,42,2,23
1,<environment.Job instance at 0x1506122550a0>,19,3,[6 2],26,42,45,16,26
1,<environment.Job instance at 0x1506122556e0>,21,3,[6 1],29,45,48,16,36
1,<environment.Job instance at 0x150612257280>,32,3,[2 9],42,45,48,3,42
1,<environment.Job instance at 0x150612257320>,33,1,[2 7],43,48,49,5,45
1,<environment.Job instance at 0x150612257820>,37,2,[ 1 10],50,52,54,2,52
1,<environment.Job instance at 0x150612257c80>,40,3,[1 6],53,54,57,1,53
1,<environment.Job instance at 0x1506122586e0>,50,12,[9 1],68,74,86,6,74
1,<environment.Job instance at 0x1506129f26e0>,81,3,[ 2 10],114,126,129,12,126
1,<environment.Job instance at 0x1506129fe500>,82,12,[2 8],115,151,163,36,151
1,<environment.Job instance at 0x150614934cd0>,2,1,[1 5],3,3,4,0,3
1,<environment.Job instance at 0x1506401145a0>,6,15,[7 1],9,9,24,0,9
1,<environment.Job instance at 0x1506401076e0>,44,28,[2 8],59,96,124,37,96
1,<environment.Job instance at 0x150669196230>,55,19,[ 1 10],78,124,143,46,118
1,<environment.Job instance at 0x1506400a5af0>,57,3,[5 2],80,118,121,38,118
1,<environment.Job instance at 0x1506400a98c0>,60,1,[1 7],83,144,145,61,144
1,<environment.Job instance at 0x1506400a9960>,63,3,[ 2 10],87,146,149,59,146
1,<environment.Job instance at 0x150616431730>,71,3,[ 2 10],97,149,152,52,147
1,<environment.Job instance at 0x150614b489b0>,72,18,[8 1],98,152,170,54,147
1,<environment.Job instance at 0x15064008f9b0>,74,17,[1 6],101,152,169,51,147
1,<environment.Job instance at 0x15064032d9b0>,75,17,[7 1],102,170,187,68,158
1,<environment.Job instance at 0x150614af8d70>,79,1,[9 1],111,187,188,76,159
1,<environment.Job instance at 0x150614aff3c0>,80,12,[1 5],112,169,181,57,159
1,<environment.Job instance at 0x150640db10f0>,82,1,[9 1],115,188,189,73,160
1,<environment.Job instance at 0x1506401109b0>,1,3,[2 8],5,5,8,0,5
1,<environment.Job instance at 0x150612959820>,4,18,[7 2],9,9,27,0,9
1,<environment.Job instance at 0x15061493f0f0>,6,18,[10  1],16,27,45,11,16
1,<environment.Job instance at 0x150614943820>,21,3,[ 2 10],35,45,48,10,39
1,<environment.Job instance at 0x150613edd6e0>,42,1,[2 5],64,88,89,24,88
1,<environment.Job instance at 0x150614943730>,1,3,[2 7],3,3,6,0,3
1,<environment.Job instance at 0x15064365e780>,3,2,[8 1],8,9,11,1,9
1,<environment.Job instance at 0x15064365ed70>,4,2,[1 9],11,11,13,0,11
1,<environment.Job instance at 0x1506161501e0>,42,2,[2 5],66,148,150,82,148
1,<environment.Job instance at 0x150616380a00>,54,2,[8 1],86,164,166,78,164
1,<environment.Job instance at 0x150616035960>,1,1,[1 5],2,7,8,5,7
1,<environment.Job instance at 0x150616035820>,7,15,[7 2],8,13,28,5,13
1,<environment.Job instance at 0x150616041280>,9,3,[6 1],10,28,31,18,13
1,<environment.Job instance at 0x150616041b40>,16,1,[6 2],21,31,32,10,22
1,<environment.Job instance at 0x150611fde780>,18,27,[ 2 10],23,32,59,9,30
1,<environment.Job instance at 0x150611fdeaa0>,21,1,[5 2],27,59,60,32,31
1,<environment.Job instance at 0x150616045f00>,22,1,[2 5],28,31,32,3,31
1,<environment.Job instance at 0x1506160454b0>,24,3,[2 5],31,59,62,28,33
1,<environment.Job instance at 0x15061604fa00>,28,2,[7 1],37,60,62,23,38
1,<environment.Job instance at 0x15061603e0f0>,43,1,[2 5],56,63,64,7,63
1,<environment.Job instance at 0x15061603e960>,42,1,[1 9],55,83,84,28,83
1,<environment.Job instance at 0x150616039280>,49,17,[2 7],64,147,164,83,147
1,<environment.Job instance at 0x1506119e9230>,0,12,[1 5],1,1,13,0,1
1,<environment.Job instance at 0x150611991c80>,5,16,[1 5],11,11,27,0,11
1,<environment.Job instance at 0x150611991f50>,7,3,[2 9],14,27,30,13,14
1,<environment.Job instance at 0x150611991d70>,10,26,[2 8],18,30,56,12,27
1,<environment.Job instance at 0x150640db3e60>,33,17,[1 9],54,56,73,2,55
1,<environment.Job instance at 0x150614ef8e60>,37,1,[5 1],63,68,69,5,68
1,<environment.Job instance at 0x150614eae640>,41,3,[2 8],69,73,76,4,69
1,<environment.Job instance at 0x150614eae3c0>,42,15,[2 7],70,76,91,6,72
1,<environment.Job instance at 0x150640035d70>,45,3,[6 2],77,77,80,0,77
1,<environment.Job instance at 0x150640035f50>,46,1,[8 1],79,80,81,1,79
1,<environment.Job instance at 0x1506119b4230>,47,3,[1 9],81,91,94,10,82
1,<environment.Job instance at 0x150611ca1410>,48,1,[2 9],84,94,95,10,84
1,<environment.Job instance at 0x1506129ffe10>,50,12,[7 1],86,87,99,1,87
1,<environment.Job instance at 0x150611ec4cd0>,52,3,[9 2],88,99,102,11,88
1,<environment.Job instance at 0x150611bc4b40>,53,2,[7 1],91,102,104,11,91
1,<environment.Job instance at 0x150613ed9a00>,54,16,[ 1 10],92,104,120,12,93
1,<environment.Job instance at 0x150611dfa050>,55,3,[2 5],94,95,98,1,94
1,<environment.Job instance at 0x150640c54b40>,0,14,[1 5],1,1,15,0,1
1,<environment.Job instance at 0x150640148690>,5,16,[8 1],10,11,27,1,11
1,<environment.Job instance at 0x150640148eb0>,9,14,[9 2],16,27,41,11,23
1,<environment.Job instance at 0x150616488410>,18,12,[1 7],27,32,44,5,32
1,<environment.Job instance at 0x1506400c1230>,32,2,[2 7],44,47,49,3,47
1,<environment.Job instance at 0x15061206d140>,33,16,[ 2 10],45,52,68,7,52
1,<environment.Job instance at 0x150616419d20>,40,1,[8 1],54,68,69,14,64
1,<environment.Job instance at 0x1506412370a0>,41,1,[1 5],56,68,69,12,67
1,<environment.Job instance at 0x150640114230>,47,21,[ 2 10],64,78,99,14,78
1,<environment.Job instance at 0x1506401148c0>,48,21,[2 5],65,99,120,34,95
1,<environment.Job instance at 0x150616121c30>,58,17,[2 5],77,99,116,22,96
1,<environment.Job instance at 0x150611ee1500>,60,15,[9 2],80,120,135,40,109
1,<environment.Job instance at 0x150614f2a0f0>,79,17,[2 7],105,135,152,30,134
1,<environment.Job instance at 0x150614ede410>,87,13,[2 9],113,152,165,39,140
1,<environment.Job instance at 0x1506163e6460>,62,2,[5 1],82,176,178,94,176
1,<environment.Job instance at 0x15061224aaa0>,0,14,[2 9],1,1,15,0,1
1,<environment.Job instance at 0x150640148c30>,5,3,[2 7],6,51,54,45,51
1,<environment.Job instance at 0x15061495f0f0>,0,17,[1 6],1,1,18,0,1
1,<environment.Job instance at 0x15061495f2d0>,2,13,[2 9],6,18,31,12,6
1,<environment.Job instance at 0x150616142640>,8,15,[10  1],13,31,46,18,17
1,<environment.Job instance at 0x1506163d2a50>,25,16,[1 8],32,46,62,14,34
1,<environment.Job instance at 0x1506163f60f0>,28,16,[7 1],35,46,62,11,36
1,<environment.Job instance at 0x150611820b90>,34,23,[2 6],44,62,85,18,56
1,<environment.Job instance at 0x15061182fa50>,42,1,[9 1],55,85,86,30,57
1,<environment.Job instance at 0x150640d5e5f0>,67,16,[2 9],100,102,118,2,102
1,<environment.Job instance at 0x150642d108c0>,70,3,[2 8],103,118,121,15,113
1,<environment.Job instance at 0x150642d10050>,71,3,[8 2],105,118,121,13,113
1,<environment.Job instance at 0x150642d10730>,72,1,[ 2 10],106,121,122,15,115
1,<environment.Job instance at 0x150642d104b0>,73,2,[1 6],107,122,124,15,116
1,<environment.Job instance at 0x150642d10780>,74,2,[8 1],108,116,118,8,116
1,<environment.Job instance at 0x150642d10410>,75,1,[2 7],110,124,125,14,116
1,<environment.Job instance at 0x150642d10640>,76,2,[1 8],111,125,127,14,118
1,<environment.Job instance at 0x150642d10d20>,77,13,[7 1],112,122,135,10,118
1,<environment.Job instance at 0x150642d10dc0>,78,3,[ 2 10],115,135,138,20,118
1,<environment.Job instance at 0x150611b9d870>,82,2,[1 7],119,127,129,8,119
1,<environment.Job instance at 0x150614e5c5f0>,3,15,[1 9],6,6,21,0,6
1,<environment.Job instance at 0x1506161422d0>,6,1,[7 1],9,15,16,6,15
1,<environment.Job instance at 0x150611b72730>,13,15,[6 1],22,23,38,1,23
1,<environment.Job instance at 0x150611b728c0>,15,17,[10  1],26,38,55,12,26
1,<environment.Job instance at 0x150611b727d0>,16,3,[2 6],27,27,30,0,27
1,<environment.Job instance at 0x15061615de60>,21,1,[ 2 10],34,55,56,21,34
1,<environment.Job instance at 0x15061614fe10>,25,12,[2 8],41,56,68,15,41
1,<environment.Job instance at 0x150616495cd0>,29,1,[ 2 10],45,70,71,25,70
1,<environment.Job instance at 0x1506400b6eb0>,46,16,[1 6],72,73,89,1,73
1,<environment.Job instance at 0x1506400b67d0>,47,15,[10  2],73,89,104,16,76
1,<environment.Job instance at 0x150640169cd0>,60,3,[ 2 10],91,104,107,13,99
1,<environment.Job instance at 0x150640227640>,73,2,[6 2],109,112,114,3,112
1,<environment.Job instance at 0x1506120608c0>,74,18,[2 9],110,117,135,7,117
1,<environment.Job instance at 0x150640d0cc80>,1,21,[9 2],2,2,23,0,2
1,<environment.Job instance at 0x150611eb79b0>,7,17,[ 2 10],9,23,40,14,13
1,<environment.Job instance at 0x150640c6d3c0>,62,1,[5 1],82,136,137,54,136
1,<environment.Job instance at 0x150614e3bbe0>,71,1,[5 2],99,147,148,48,147
1,<environment.Job instance at 0x150642cf0aa0>,1,3,[7 2],3,3,6,0,3
1,<environment.Job instance at 0x150611ac9e60>,3,18,[1 7],6,6,24,0,6
1,<environment.Job instance at 0x150642d480f0>,45,1,[2 5],64,87,88,23,87
1,<environment.Job instance at 0x150614f80500>,58,2,[7 1],80,152,154,72,152
1,<environment.Job instance at 0x15061651b780>,71,1,[10  2],105,188,189,83,188
1,<environment.Job instance at 0x150614f36c30>,1,18,[8 1],8,8,26,0,8
1,<environment.Job instance at 0x15064358a640>,6,12,[2 9],17,17,29,0,17
1,<environment.Job instance at 0x150615fe8f00>,10,17,[6 2],22,29,46,7,23
1,<environment.Job instance at 0x15061223be10>,18,2,[2 6],31,196,198,165,196
1,<environment.Job instance at 0x1506116cb8c0>,0,3,[1 9],1,2,5,1,2
1,<environment.Job instance at 0x1506116cb2d0>,2,12,[6 1],3,4,16,1,4
1,<environment.Job instance at 0x1506117c3370>,4,3,[2 8],5,5,8,0,5
1,<environment.Job instance at 0x1506117c3b90>,7,14,[ 2 10],8,16,30,8,10
1,<environment.Job instance at 0x1506117c3aa0>,8,1,[2 7],10,30,31,20,22
1,<environment.Job instance at 0x150640028550>,15,17,[1 8],22,31,48,9,23
1,<environment.Job instance at 0x150640c24eb0>,18,12,[1 7],26,48,60,22,32
1,<environment.Job instance at 0x150611f98e60>,23,2,[8 2],31,32,34,1,32
1,<environment.Job instance at 0x150614ede410>,59,2,[7 1],78,179,181,101,179
1,<environment.Job instance at 0x1506163a1c80>,0,3,[1 7],3,3,6,0,3
1,<environment.Job instance at 0x1506163a1af0>,4,16,[10  2],7,7,23,0,7
1,<environment.Job instance at 0x1506163a1640>,11,16,[5 2],16,23,39,7,18
1,<environment.Job instance at 0x1506163ed730>,2,3,[10  1],3,35,38,32,35
1,<environment.Job instance at 0x1506163b6960>,35,1,[8 1],47,53,54,6,53
1,<environment.Job instance at 0x150611dfdcd0>,41,16,[8 1],54,86,102,32,86
1,<environment.Job instance at 0x150611dfda00>,0,3,[2 7],1,1,4,0,1
1,<environment.Job instance at 0x15061190f190>,6,1,[6 1],7,92,93,85,92
1,<environment.Job instance at 0x15061190f5a0>,18,3,[9 1],24,123,126,99,123
1,<environment.Job instance at 0x150616462a50>,20,2,[1 8],27,130,132,103,130
1,<environment.Job instance at 0x150616462690>,26,2,[9 2],35,133,135,98,133
1,<environment.Job instance at 0x150616462dc0>,27,1,[9 1],38,135,136,97,133
1,<environment.Job instance at 0x1506164624b0>,29,2,[6 2],40,136,138,96,136
1,<environment.Job instance at 0x150616462370>,31,17,[2 9],43,138,155,95,137
1,<environment.Job instance at 0x150616462140>,33,2,[ 1 10],45,155,157,110,140
1,<environment.Job instance at 0x150616462910>,42,3,[1 6],59,310,313,251,310
1,<environment.Job instance at 0x150616458190>,64,3,[1 9],96,313,316,217,311
1,<environment.Job instance at 0x15064022acd0>,68,14,[10  1],101,316,330,215,313
1,<environment.Job instance at 0x150640ddb460>,0,18,[2 9],1,1,19,0,1
1,<environment.Job instance at 0x150612001820>,5,3,[6 1],9,9,12,0,9
1,<environment.Job instance at 0x150612001320>,6,18,[7 2],10,19,37,9,10
1,<environment.Job instance at 0x15061209c0f0>,1,17,[6 1],3,3,20,0,3
1,<environment.Job instance at 0x15061209c1e0>,4,18,[2 8],8,8,26,0,8
1,<environment.Job instance at 0x150640d5baa0>,9,3,[1 5],20,26,29,6,20
1,<environment.Job instance at 0x150611b6df00>,13,16,[5 2],25,25,41,0,25
1,<environment.Job instance at 0x15064034b730>,0,3,[1 8],2,2,5,0,2
1,<environment.Job instance at 0x150611ca1820>,2,20,[10  2],4,5,25,1,4
1,<environment.Job instance at 0x1506164cfaa0>,4,1,[1 5],7,25,26,18,7
1,<environment.Job instance at 0x150611ca19b0>,6,3,[ 2 10],10,26,29,16,10
1,<environment.Job instance at 0x150613ee8280>,8,3,[10  2],13,29,32,16,13
1,<environment.Job instance at 0x150613ee8b90>,11,13,[ 2 10],18,32,45,14,18
1,<environment.Job instance at 0x1506116eb0f0>,21,1,[ 1 10],35,53,54,18,53
1,<environment.Job instance at 0x1506117f5a50>,30,2,[2 6],46,55,57,9,55
1,<environment.Job instance at 0x150612266b90>,36,3,[2 7],56,59,62,3,59
1,<environment.Job instance at 0x150614d9b370>,40,12,[5 2],64,70,82,6,70
1,<environment.Job instance at 0x1506164d4a00>,43,3,[1 8],68,70,73,2,70
1,<environment.Job instance at 0x150611a82230>,22,18,[6 1],36,82,100,46,75
1,<environment.Job instance at 0x15064023b230>,48,3,[7 2],81,100,103,19,83
1,<environment.Job instance at 0x15064023baf0>,51,13,[1 5],87,87,100,0,87
1,<environment.Job instance at 0x15064023be10>,52,1,[2 7],88,100,101,12,88
1,<environment.Job instance at 0x15064023b8c0>,57,17,[10  2],95,103,120,8,95
1,<environment.Job instance at 0x15064023b690>,49,3,[9 2],83,120,123,37,97
1,<environment.Job instance at 0x150611da8280>,59,12,[8 1],97,123,135,26,106
1,<environment.Job instance at 0x150611da8960>,67,2,[1 8],111,120,122,9,112
1,<environment.Job instance at 0x150611da8f50>,64,17,[2 7],108,123,140,15,115
1,<environment.Job instance at 0x15064717a640>,0,12,[2 5],1,1,13,0,1
1,<environment.Job instance at 0x1505f015d4b0>,6,18,[8 1],7,7,25,0,7
1,<environment.Job instance at 0x1505f015dbe0>,15,1,[ 1 10],20,25,26,5,20
1,<environment.Job instance at 0x1505f015ddc0>,17,17,[6 1],23,26,43,3,23
1,<environment.Job instance at 0x1505f01601e0>,19,3,[6 2],26,43,46,17,26
1,<environment.Job instance at 0x1505f0160f50>,30,15,[2 9],40,46,61,6,44
1,<environment.Job instance at 0x1505f0162730>,36,3,[10  2],48,61,64,13,49
1,<environment.Job instance at 0x1505f01635a0>,47,1,[1 6],63,70,71,7,70
1,<environment.Job instance at 0x1505f01637d0>,50,12,[9 1],68,72,84,4,72
1,<environment.Job instance at 0x1505f0167af0>,69,1,[2 5],96,111,112,15,111
1,<environment.Job instance at 0x1505f0167780>,64,12,[9 1],91,113,125,22,113
1,<environment.Job instance at 0x1505f08647d0>,80,14,[7 1],112,125,139,13,113
1,<environment.Job instance at 0x1505f0160960>,24,12,[ 1 10],32,1537,1549,1505,1537
1,<environment.Job instance at 0x1505f28be140>,1,3,[2 8],2,2,5,0,2
1,<environment.Job instance at 0x1505f283c140>,2,12,[9 2],4,5,17,1,4
1,<environment.Job instance at 0x150610c174b0>,5,16,[8 1],7,17,33,10,10
1,<environment.Job instance at 0x150610c17550>,7,13,[2 9],10,17,30,7,14
1,<environment.Job instance at 0x150610c136e0>,20,15,[9 2],27,33,48,6,27
1,<environment.Job instance at 0x1505f0160960>,6,17,[1 9],9,50,67,41,50
1,<environment.Job instance at 0x150610c17870>,12,15,[5 1],15,145,160,130,145
1,<environment.Job instance at 0x1505f08e0370>,0,3,[8 1],2,2,5,0,2
1,<environment.Job instance at 0x1505f01a26e0>,6,16,[1 7],9,9,25,0,9
1,<environment.Job instance at 0x1505f01b2b40>,78,2,[1 6],118,183,185,65,183
1,<environment.Job instance at 0x1505f01b2f00>,82,16,[9 1],123,222,238,99,222
1,<environment.Job instance at 0x1505f3faff00>,0,2,[2 9],1,1,3,0,1
1,<environment.Job instance at 0x1505f80a5370>,1,3,[9 1],4,4,7,0,4
1,<environment.Job instance at 0x1505f3faf550>,2,18,[6 2],6,7,25,1,6
1,<environment.Job instance at 0x1505f3faf870>,3,16,[1 5],8,8,24,0,8
1,<environment.Job instance at 0x1505f3f93370>,5,14,[1 6],12,24,38,12,12
1,<environment.Job instance at 0x1505f2f66d70>,18,14,[1 9],30,38,52,8,30
1,<environment.Job instance at 0x1505f2f66550>,19,3,[6 1],33,33,36,0,33
1,<environment.Job instance at 0x1505f2f66910>,22,2,[2 5],36,52,54,16,37
1,<environment.Job instance at 0x1505f2f66c80>,24,12,[5 2],38,52,64,14,38
1,<environment.Job instance at 0x1505f2f66280>,25,3,[8 1],39,39,42,0,39
1,<environment.Job instance at 0x1505f2f663c0>,27,1,[10  1],44,64,65,20,44
1,<environment.Job instance at 0x150612b12cd0>,30,16,[2 8],49,65,81,16,57
1,<environment.Job instance at 0x150612b12d70>,38,2,[1 9],61,81,83,20,61
1,<environment.Job instance at 0x150612b123c0>,40,1,[1 8],65,83,84,18,65
1,<environment.Job instance at 0x1506122699b0>,41,16,[2 6],66,84,100,18,71
1,<environment.Job instance at 0x150613d51e60>,50,2,[1 5],78,100,102,22,96
1,<environment.Job instance at 0x150619974190>,62,3,[1 6],94,102,105,8,99
1,<environment.Job instance at 0x1506199910f0>,68,3,[6 1],100,118,121,18,118
1,<environment.Job instance at 0x1505efa18140>,70,3,[2 8],102,124,127,22,124
1,<environment.Job instance at 0x150612b121e0>,33,2,[1 5],55,353,355,298,353
1,<environment.Job instance at 0x1505f806db40>,1,3,[1 7],3,3,6,0,3
1,<environment.Job instance at 0x1505f806d690>,2,19,[2 9],6,6,25,0,6
1,<environment.Job instance at 0x1505ef873e60>,0,3,[9 2],2,2,5,0,2
1,<environment.Job instance at 0x1505efa61190>,4,2,[2 9],7,8,10,1,8
1,<environment.Job instance at 0x1505ef8afdc0>,6,1,[5 1],13,13,14,0,13
1,<environment.Job instance at 0x1505ef8af640>,7,13,[10  1],15,15,28,0,15
1,<environment.Job instance at 0x1505ef8af280>,8,2,[1 8],17,28,30,11,17
1,<environment.Job instance at 0x1505ef8af0f0>,9,1,[10  2],18,30,31,12,18
1,<environment.Job instance at 0x1505ef8afe60>,10,3,[2 8],19,31,34,12,19
1,<environment.Job instance at 0x1505ef8af460>,11,15,[2 7],20,34,49,14,20
1,<environment.Job instance at 0x1505ef8af910>,12,2,[8 2],25,28,30,3,25
1,<environment.Job instance at 0x1505f3fd1910>,0,25,[9 1],1,1,26,0,1
1,<environment.Job instance at 0x1505efe17d20>,6,15,[7 2],9,26,41,17,12
1,<environment.Job instance at 0x1505efe17f50>,10,16,[1 8],13,13,29,0,13
1,<environment.Job instance at 0x1505efe42780>,15,15,[9 2],20,41,56,21,33
1,<environment.Job instance at 0x1505efb34e10>,25,13,[6 1],34,56,69,22,50
1,<environment.Job instance at 0x150612082e60>,46,13,[10  1],59,73,86,14,73
1,<environment.Job instance at 0x1505f0831690>,56,3,[5 2],69,86,89,17,78
1,<environment.Job instance at 0x1505eff065f0>,61,22,[8 1],75,89,111,14,83
1,<environment.Job instance at 0x1505f2f41dc0>,69,18,[6 1],85,111,129,26,100
1,<environment.Job instance at 0x1505f2f41b40>,72,22,[2 6],89,106,128,17,106
1,<environment.Job instance at 0x1505efe2a1e0>,2,3,[2 5],4,4,7,0,4
1,<environment.Job instance at 0x1505f2fac7d0>,4,12,[5 2],7,20,32,13,20
1,<environment.Job instance at 0x1505f3eb87d0>,13,1,[10  1],21,33,34,12,33
1,<environment.Job instance at 0x150612264050>,19,14,[7 1],30,35,49,5,35
1,<environment.Job instance at 0x150612178500>,23,14,[9 1],34,49,63,15,38
1,<environment.Job instance at 0x1505f2dc1050>,30,17,[1 8],48,49,66,1,49
1,<environment.Job instance at 0x1505f2ccdaf0>,34,13,[2 9],56,66,79,10,59
1,<environment.Job instance at 0x1506100c50a0>,40,15,[10  1],63,79,94,16,67
1,<environment.Job instance at 0x15061226aaa0>,45,1,[5 1],68,72,73,4,72
1,<environment.Job instance at 0x15061226afa0>,49,12,[6 2],73,94,106,21,90
1,<environment.Job instance at 0x1505efc0dcd0>,64,26,[1 6],91,94,120,3,94
1,<environment.Job instance at 0x1505efed70a0>,76,3,[1 6],107,121,124,14,121
1,<environment.Job instance at 0x1505efed7870>,80,3,[9 1],116,128,131,12,128
1,<environment.Job instance at 0x1506199ce230>,81,13,[2 5],118,131,144,13,129
1,<environment.Job instance at 0x15061993deb0>,0,3,[1 8],1,1,4,0,1
1,<environment.Job instance at 0x15061007ef00>,2,16,[9 1],4,4,20,0,4
1,<environment.Job instance at 0x15061007e2d0>,3,12,[7 2],6,20,32,14,6
1,<environment.Job instance at 0x150610061c30>,15,3,[8 2],25,32,35,7,25
1,<environment.Job instance at 0x1505f2eba370>,56,1,[9 1],84,99,100,15,99
1,<environment.Job instance at 0x1506199b5cd0>,59,3,[ 1 10],91,103,106,12,103
1,<environment.Job instance at 0x1506100f1dc0>,63,13,[8 2],96,106,119,10,105
1,<environment.Job instance at 0x1506100f1e10>,65,1,[2 6],99,106,107,7,105
1,<environment.Job instance at 0x1505f2a2e5a0>,72,1,[1 7],110,113,114,3,113
1,<environment.Job instance at 0x1505f2a2ea00>,73,21,[9 1],111,119,140,8,114
1,<environment.Job instance at 0x1505f2fb9460>,76,2,[5 1],115,140,142,25,120
1,<environment.Job instance at 0x1505f2fb98c0>,78,3,[5 1],117,140,143,23,120
1,<environment.Job instance at 0x1505f2fb9e60>,80,1,[2 7],120,142,143,22,122
1,<environment.Job instance at 0x1505efbbb7d0>,82,1,[1 9],123,164,165,41,164
1,<environment.Job instance at 0x150612b591e0>,0,3,[ 2 10],1,1,4,0,1
1,<environment.Job instance at 0x150612b598c0>,1,15,[6 1],3,4,19,1,3
1,<environment.Job instance at 0x1506120a00f0>,10,1,[7 2],15,19,20,4,15
1,<environment.Job instance at 0x1505f29fad70>,11,1,[10  1],16,20,21,4,16
1,<environment.Job instance at 0x1505f29fa8c0>,12,3,[2 5],18,21,24,3,18
1,<environment.Job instance at 0x150612b74640>,14,18,[2 9],20,24,42,4,20
1,<environment.Job instance at 0x1506100a6730>,15,3,[2 9],21,42,45,21,24
1,<environment.Job instance at 0x1506100bc500>,25,27,[6 1],31,59,86,28,59
1,<environment.Job instance at 0x1505f2d073c0>,80,15,[6 1],105,183,198,78,183
1,<environment.Job instance at 0x1505f2d4f370>,16,1,[1 6],22,265,266,243,265
1,<environment.Job instance at 0x1505f82bbbe0>,3,3,[2 6],5,5,8,0,5
1,<environment.Job instance at 0x1505f2caaaa0>,6,26,[2 5],9,13,39,4,13
1,<environment.Job instance at 0x1505f2cb1cd0>,47,3,[2 6],69,124,127,55,124
1,<environment.Job instance at 0x150613c585a0>,56,3,[9 1],82,144,147,62,144
1,<environment.Job instance at 0x150613d2e640>,58,1,[2 5],84,147,148,63,147
1,<environment.Job instance at 0x1505efef6320>,63,1,[8 2],90,149,150,59,149
1,<environment.Job instance at 0x1505efef6eb0>,64,2,[2 6],91,154,156,63,154
1,<environment.Job instance at 0x1505f3efe730>,8,2,[1 6],16,24,26,8,24
1,<environment.Job instance at 0x150613d2e2d0>,18,17,[6 2],32,34,51,2,34
1,<environment.Job instance at 0x1505f2a180a0>,24,20,[7 2],39,51,71,12,42
1,<environment.Job instance at 0x1505ef692820>,30,3,[1 6],47,47,50,0,47
1,<environment.Job instance at 0x1505ef6923c0>,31,2,[1 6],48,51,53,3,51
1,<environment.Job instance at 0x1505ef692af0>,33,14,[ 2 10],50,71,85,21,56
1,<environment.Job instance at 0x1505ef94e190>,62,17,[5 2],95,163,180,68,163
1,<environment.Job instance at 0x1506190e3c30>,81,1,[10  1],118,182,183,64,182
1,<environment.Job instance at 0x1505f3ea2cd0>,0,3,[1 9],1,2,5,1,2
1,<environment.Job instance at 0x1505f3ea2f50>,2,12,[6 1],3,3,15,0,3
1,<environment.Job instance at 0x1505f015aa50>,3,13,[8 1],4,15,28,11,5
1,<environment.Job instance at 0x1505efe28af0>,12,1,[2 5],15,15,16,0,15
1,<environment.Job instance at 0x1505f015a0a0>,13,3,[1 8],17,17,20,0,17
1,<environment.Job instance at 0x1505f015adc0>,14,2,[2 8],20,20,22,0,20
1,<environment.Job instance at 0x1506440390f0>,15,17,[1 8],22,22,39,0,22
1,<environment.Job instance at 0x150644039550>,16,15,[10  1],23,39,54,16,25
1,<environment.Job instance at 0x150644039690>,27,3,[ 2 10],37,54,57,17,40
1,<environment.Job instance at 0x150644039c80>,20,3,[10  1],28,66,69,38,66
1,<environment.Job instance at 0x1505ef7ed050>,0,3,[2 9],2,2,5,0,2
1,<environment.Job instance at 0x1505eff1c690>,3,16,[5 2],6,7,23,1,7
1,<environment.Job instance at 0x1506199ad280>,51,13,[1 6],70,198,211,128,198
1,<environment.Job instance at 0x1505f2db0370>,68,3,[2 8],93,215,218,122,215
1,<environment.Job instance at 0x1505ef36d550>,2,3,[1 7],3,3,6,0,3
1,<environment.Job instance at 0x150613d68b90>,4,17,[1 5],6,6,23,0,6
1,<environment.Job instance at 0x1505ef52d370>,13,18,[10  1],15,23,41,8,15
1,<environment.Job instance at 0x1505ef3f12d0>,22,2,[8 2],28,41,43,13,38
1,<environment.Job instance at 0x1505ef43f500>,51,1,[8 1],65,145,146,80,145
1,<environment.Job instance at 0x150612161f50>,8,17,[2 9],13,13,30,0,13
1,<environment.Job instance at 0x1505ef9278c0>,22,16,[7 2],32,32,48,0,32
1,<environment.Job instance at 0x1505ef8cd550>,29,1,[2 8],46,46,47,0,46
1,<environment.Job instance at 0x1505f2cb4f00>,30,2,[10  1],47,48,50,1,47
1,<environment.Job instance at 0x1505ef8c6eb0>,31,13,[1 8],48,50,63,2,48
1,<environment.Job instance at 0x1505f2d740a0>,32,3,[5 1],50,50,53,0,50
1,<environment.Job instance at 0x1505ef8c6870>,33,26,[5 2],52,53,79,1,53
1,<environment.Job instance at 0x1505f2d2dcd0>,36,14,[10  2],56,79,93,23,65
1,<environment.Job instance at 0x1505ef9e8460>,42,1,[5 2],67,74,75,7,74
1,<environment.Job instance at 0x1505f2d2d820>,38,12,[6 1],60,93,105,33,89
1,<environment.Job instance at 0x1505efa34780>,61,3,[2 7],96,96,99,0,96
1,<environment.Job instance at 0x150612bd6460>,63,3,[6 1],99,105,108,6,101
1,<environment.Job instance at 0x1505ef5b5140>,2,3,[ 2 10],6,6,9,0,6
1,<environment.Job instance at 0x1505ef5f0640>,5,1,[ 2 10],12,12,13,0,12
1,<environment.Job instance at 0x15061008b690>,6,3,[1 9],14,14,17,0,14
1,<environment.Job instance at 0x15061008b730>,8,13,[ 1 10],17,17,30,0,17
1,<environment.Job instance at 0x15061008b6e0>,9,2,[ 1 10],20,30,32,10,20
1,<environment.Job instance at 0x15061008baf0>,10,13,[7 2],21,32,45,11,21
1,<environment.Job instance at 0x150613d8a690>,17,1,[5 2],31,45,46,14,34
1,<environment.Job instance at 0x1505ef5b0e60>,62,3,[2 9],110,120,123,10,120
1,<environment.Job instance at 0x1505f2e738c0>,66,3,[2 5],114,123,126,9,122
1,<environment.Job instance at 0x1506199a45a0>,70,3,[2 5],124,135,138,11,135
1,<environment.Job instance at 0x150612b1fa50>,2,3,[2 6],3,3,6,0,3
1,<environment.Job instance at 0x150612b1fcd0>,5,1,[2 8],6,6,7,0,6
1,<environment.Job instance at 0x150619c4d050>,11,3,[9 1],13,13,16,0,13
1,<environment.Job instance at 0x1506190c0b90>,12,14,[8 2],15,16,30,1,15
1,<environment.Job instance at 0x150612160280>,18,2,[5 1],27,31,33,4,31
1,<environment.Job instance at 0x15061012cdc0>,40,3,[1 7],54,84,87,30,84
1,<environment.Job instance at 0x15061229f960>,28,3,[1 6],40,135,138,95,135
1,<environment.Job instance at 0x150612b1f0f0>,0,3,[1 6],2,2,5,0,2
1,<environment.Job instance at 0x1505ef7c0f50>,2,12,[5 2],4,5,17,1,5
1,<environment.Job instance at 0x1505ef7c0b90>,4,23,[1 9],6,17,40,11,11
1,<environment.Job instance at 0x150612b8aaf0>,13,13,[1 5],27,40,53,13,28
1,<environment.Job instance at 0x1505ef423d20>,19,17,[10  2],35,53,70,18,41
1,<environment.Job instance at 0x1505efb2faf0>,25,2,[2 6],45,70,72,25,45
1,<environment.Job instance at 0x1505f28f1370>,31,13,[1 9],54,72,85,18,56
1,<environment.Job instance at 0x1505f3f8a280>,77,2,[2 8],118,456,458,338,456
1,<environment.Job instance at 0x1505efed6690>,2,1,[2 5],4,4,5,0,4
1,<environment.Job instance at 0x1505efed6460>,4,17,[6 2],6,6,23,0,6
1,<environment.Job instance at 0x1505efed6be0>,6,12,[1 7],9,9,21,0,9
1,<environment.Job instance at 0x1505efed6370>,10,15,[5 2],13,23,38,10,15
1,<environment.Job instance at 0x1505efb38550>,20,3,[2 7],31,31,34,0,31
1,<environment.Job instance at 0x1505ef9ebe60>,24,15,[2 8],38,38,53,0,38
1,<environment.Job instance at 0x1506120980f0>,26,12,[8 1],40,41,53,1,41
1,<environment.Job instance at 0x1505f2dd42d0>,33,3,[2 9],48,150,153,102,150
1,<environment.Job instance at 0x1505f28f3cd0>,79,2,[2 8],115,193,195,78,193
1,<environment.Job instance at 0x150612b39780>,80,14,[9 1],116,195,209,79,193
1,<environment.Job instance at 0x150612b39c80>,81,16,[5 1],118,211,227,93,211
1,<environment.Job instance at 0x1505f0169cd0>,82,28,[5 2],119,211,239,92,211
1,<environment.Job instance at 0x1505f2ef1e10>,88,1,[9 2],129,239,240,110,215
1,<environment.Job instance at 0x14a3d3d1e640>,0,12,[2 5],1,1,13,0,1
1,<environment.Job instance at 0x14a37cda9190>,5,3,[9 2],6,13,16,7,6
1,<environment.Job instance at 0x14a37cda94b0>,6,18,[8 1],7,16,34,9,7
1,<environment.Job instance at 0x14a37cdac140>,17,17,[6 1],23,34,51,11,23
1,<environment.Job instance at 0x14a37cdb0460>,50,12,[9 1],68,95,107,27,95
1,<environment.Job instance at 0x14a37cdb06e0>,55,16,[2 5],76,107,123,31,96
1,<environment.Job instance at 0x14a37cdb0aa0>,57,22,[1 5],80,97,119,17,97
1,<environment.Job instance at 0x14a37cdb0eb0>,60,17,[8 1],86,119,136,33,117
1,<environment.Job instance at 0x14a39a5735f0>,80,14,[7 1],112,136,150,24,130
1,<environment.Job instance at 0x14a37d79c550>,90,1,[2 7],127,131,132,4,131
1,<environment.Job instance at 0x14a37d4d69b0>,92,15,[7 1],129,150,165,21,136
1,<environment.Job instance at 0x14a37d44caf0>,97,15,[10  2],135,165,180,30,164
1,<environment.Job instance at 0x14a3901a2be0>,5,18,[1 8],6,6,24,0,6
1,<environment.Job instance at 0x14a3901a2dc0>,16,3,[9 1],23,106,109,83,106
1,<environment.Job instance at 0x14a39183d8c0>,22,3,[1 7],31,113,116,82,113
1,<environment.Job instance at 0x14a3901b7050>,78,2,[7 2],117,389,391,272,389
1,<environment.Job instance at 0x14a37d52c050>,2,18,[5 2],3,3,21,0,3
1,<environment.Job instance at 0x14a37f488870>,4,3,[1 7],6,6,9,0,6
1,<environment.Job instance at 0x14a37f488b40>,5,18,[8 1],7,21,39,14,11
1,<environment.Job instance at 0x14a37f488eb0>,13,12,[7 1],18,39,51,21,25
1,<environment.Job instance at 0x14a37f4b9be0>,24,1,[ 2 10],35,51,52,16,35
1,<environment.Job instance at 0x14a37f4b9f00>,19,12,[7 2],27,52,64,25,40
1,<environment.Job instance at 0x14a37ea30500>,29,13,[5 2],41,64,77,23,48
1,<environment.Job instance at 0x14a37ea30eb0>,34,12,[7 1],51,77,89,26,64
1,<environment.Job instance at 0x14a37f48fbe0>,46,13,[1 7],70,78,91,8,78
1,<environment.Job instance at 0x14a37ea2a6e0>,53,1,[6 2],81,89,90,8,88
1,<environment.Job instance at 0x14a37c847500>,54,3,[2 7],83,91,94,8,89
1,<environment.Job instance at 0x14a37ea3f870>,61,1,[9 2],95,100,101,5,100
1,<environment.Job instance at 0x14a380eeb870>,66,3,[9 1],102,102,105,0,102
1,<environment.Job instance at 0x14a37d4d63c0>,67,16,[9 1],103,106,122,3,106
1,<environment.Job instance at 0x14a37fc1c4b0>,75,18,[6 2],116,122,140,6,116
1,<environment.Job instance at 0x14a37d526820>,78,14,[1 6],122,122,136,0,122
1,<environment.Job instance at 0x14a3901c1460>,83,3,[9 2],128,140,143,12,128
1,<environment.Job instance at 0x14a37fbfab40>,84,3,[6 2],131,143,146,12,131
1,<environment.Job instance at 0x14a37f5d1690>,89,3,[1 7],138,139,142,1,139
1,<environment.Job instance at 0x14a380251140>,62,18,[ 1 10],96,146,164,50,139
1,<environment.Job instance at 0x14a37ea303c0>,37,3,[1 9],54,753,756,699,753
1,<environment.Job instance at 0x14a37f6210f0>,0,3,[6 1],3,3,6,0,3
1,<environment.Job instance at 0x14a37f621050>,5,12,[5 2],8,8,20,0,8
1,<environment.Job instance at 0x14a37f621410>,6,3,[8 1],9,20,23,11,9
1,<environment.Job instance at 0x14a37f621910>,10,15,[2 8],18,20,35,2,20
1,<environment.Job instance at 0x14a39005eaa0>,12,13,[ 2 10],22,35,48,13,22
1,<environment.Job instance at 0x14a39005e4b0>,13,1,[2 6],23,48,49,25,26
1,<environment.Job instance at 0x14a39005ec30>,16,3,[2 9],27,49,52,22,28
1,<environment.Job instance at 0x14a39005ee60>,17,1,[5 1],29,30,31,1,30
1,<environment.Job instance at 0x14a39005e5f0>,19,2,[1 9],31,52,54,21,33
1,<environment.Job instance at 0x14a39ac0a2d0>,21,1,[1 8],35,54,55,19,37
1,<environment.Job instance at 0x14a39ac0a7d0>,25,14,[9 1],40,52,66,12,40
1,<environment.Job instance at 0x14a39ac0aeb0>,26,3,[10  1],41,66,69,25,41
1,<environment.Job instance at 0x14a39ac0adc0>,28,15,[1 5],43,69,84,26,57
1,<environment.Job instance at 0x14a3937ece10>,40,2,[1 7],61,84,86,23,65
1,<environment.Job instance at 0x14a392d71370>,45,2,[ 1 10],66,87,89,21,87
1,<environment.Job instance at 0x14a392d711e0>,50,2,[1 8],71,178,180,107,178
1,<environment.Job instance at 0x14a37f621230>,9,27,[1 7],15,284,311,269,284
1,<environment.Job instance at 0x14a392c6bcd0>,0,13,[5 1],1,1,14,0,1
1,<environment.Job instance at 0x14a392c6b500>,2,14,[6 1],3,14,28,11,3
1,<environment.Job instance at 0x14a380bc0320>,7,13,[10  1],8,28,41,20,17
1,<environment.Job instance at 0x14a380bc0c30>,13,3,[1 9],18,18,21,0,18
1,<environment.Job instance at 0x14a380bc07d0>,14,16,[10  1],19,41,57,22,38
1,<environment.Job instance at 0x14a37cb5e690>,26,3,[5 2],40,57,60,17,45
1,<environment.Job instance at 0x14a37cb5eb90>,30,3,[2 6],46,57,60,11,54
1,<environment.Job instance at 0x14a37c4e1410>,36,1,[5 2],56,60,61,4,58
1,<environment.Job instance at 0x14a37fb18f00>,38,2,[ 1 10],60,64,66,4,64
1,<environment.Job instance at 0x14a37fb18820>,40,3,[10  2],63,66,69,3,65
1,<environment.Job instance at 0x14a37fb18d70>,41,2,[1 6],67,69,71,2,68
1,<environment.Job instance at 0x14a37fb18b40>,42,3,[1 9],68,71,74,3,68
1,<environment.Job instance at 0x14a37fb18be0>,43,16,[2 7],71,74,90,3,71
1,<environment.Job instance at 0x14a37fb18aa0>,39,16,[ 2 10],62,90,106,28,82
1,<environment.Job instance at 0x14a37fb2a2d0>,58,3,[9 2],92,106,109,14,98
1,<environment.Job instance at 0x14a37fb2a320>,61,3,[9 2],95,109,112,14,98
1,<environment.Job instance at 0x14a37fb2ae60>,62,2,[2 9],97,112,114,15,99
1,<environment.Job instance at 0x14a380ba4c80>,64,1,[5 1],103,112,113,9,103
1,<environment.Job instance at 0x14a380ba45f0>,65,13,[10  1],105,114,127,9,105
1,<environment.Job instance at 0x14a380ba4e60>,67,1,[10  2],108,127,128,19,108
1,<environment.Job instance at 0x14a380ba4b40>,68,3,[2 8],109,128,131,19,109
1,<environment.Job instance at 0x14a380ba4730>,72,3,[6 2],117,128,131,11,117
1,<environment.Job instance at 0x14a37c508f50>,73,1,[8 1],119,131,132,12,120
1,<environment.Job instance at 0x14a37c5089b0>,74,3,[1 9],121,131,134,10,121
1,<environment.Job instance at 0x14a37fb21190>,75,1,[2 9],124,134,135,10,124
1,<environment.Job instance at 0x14a37fb21aa0>,76,2,[7 2],125,135,137,10,125
1,<environment.Job instance at 0x14a37fb216e0>,77,12,[7 1],126,137,149,11,126
1,<environment.Job instance at 0x14a37fb129b0>,1,17,[9 2],3,3,20,0,3
1,<environment.Job instance at 0x14a37c477410>,3,12,[2 8],5,20,32,15,5
1,<environment.Job instance at 0x14a37c4775f0>,5,3,[1 5],7,7,10,0,7
1,<environment.Job instance at 0x14a37c4778c0>,6,3,[2 7],8,32,35,24,8
1,<environment.Job instance at 0x14a37c477500>,7,13,[2 5],9,35,48,26,19
1,<environment.Job instance at 0x14a37c4a3910>,14,14,[1 5],21,35,49,14,21
1,<environment.Job instance at 0x14a37c4a3280>,20,16,[1 6],31,49,65,18,36
1,<environment.Job instance at 0x14a37c4a3230>,23,14,[9 2],36,48,62,12,37
1,<environment.Job instance at 0x14a3900d4320>,32,12,[1 7],47,65,77,18,55
1,<environment.Job instance at 0x14a3900d4190>,33,1,[ 1 10],49,77,78,28,64
1,<environment.Job instance at 0x14a392d531e0>,38,17,[5 2],54,78,95,24,66
1,<environment.Job instance at 0x14a380c6ea00>,49,14,[8 2],67,95,109,28,80
1,<environment.Job instance at 0x14a39a5e0e60>,55,1,[1 5],76,87,88,11,87
1,<environment.Job instance at 0x14a37ea4db90>,63,15,[5 2],86,111,126,25,111
1,<environment.Job instance at 0x14a37c6a1500>,74,15,[9 2],100,126,141,26,120
1,<environment.Job instance at 0x14a37c5ec2d0>,84,13,[6 1],114,141,154,27,130
1,<environment.Job instance at 0x14a380ed6d20>,92,17,[7 1],124,154,171,30,142
1,<environment.Job instance at 0x14a37c7deeb0>,96,1,[8 2],128,171,172,43,144
1,<environment.Job instance at 0x14a37c7de5f0>,95,16,[6 1],127,172,188,45,169
1,<environment.Job instance at 0x14a37c828a50>,104,2,[ 1 10],138,249,251,111,249
1,<environment.Job instance at 0x14a37fc0e8c0>,0,14,[2 9],1,1,15,0,1
1,<environment.Job instance at 0x14a380f47eb0>,5,3,[2 7],6,143,146,137,143
1,<environment.Job instance at 0x14a39376e1e0>,44,27,[5 1],60,175,202,115,175
1,<environment.Job instance at 0x14a392cb3870>,71,14,[7 1],100,202,216,102,189
1,<environment.Job instance at 0x14a37f9c0be0>,84,17,[1 6],121,194,211,73,194
1,<environment.Job instance at 0x14a380c8b870>,86,13,[2 9],126,211,224,85,196
1,<environment.Job instance at 0x14a393774140>,95,2,[ 1 10],136,224,226,88,216
1,<environment.Job instance at 0x14a37c589960>,5,14,[7 1],8,9,23,1,9
1,<environment.Job instance at 0x14a37c589c80>,7,14,[9 2],10,23,37,13,11
1,<environment.Job instance at 0x14a37c9f9690>,19,23,[9 1],26,37,60,11,37
1,<environment.Job instance at 0x14a37d768eb0>,27,3,[5 1],36,60,63,24,42
1,<environment.Job instance at 0x14a37c9f9e60>,14,1,[9 2],17,73,74,56,73
1,<environment.Job instance at 0x14a37d4a8910>,57,2,[1 6],87,224,226,137,224
1,<environment.Job instance at 0x14a393710e10>,0,12,[2 8],1,1,13,0,1
1,<environment.Job instance at 0x14a37ce045a0>,1,27,[5 2],2,3,30,1,3
1,<environment.Job instance at 0x14a393710140>,3,1,[9 1],4,30,31,26,4
1,<environment.Job instance at 0x14a37f47aaa0>,4,1,[ 2 10],5,31,32,26,5
1,<environment.Job instance at 0x14a37cd80370>,5,12,[2 8],8,13,25,5,8
1,<environment.Job instance at 0x14a392cbf0a0>,7,1,[8 2],12,32,33,20,12
1,<environment.Job instance at 0x14a37cda62d0>,8,18,[9 1],13,33,51,20,22
1,<environment.Job instance at 0x14a37cda6280>,13,3,[1 5],20,25,28,5,22
1,<environment.Job instance at 0x14a37c77c0a0>,22,15,[10  2],33,51,66,18,37
1,<environment.Job instance at 0x14a392cbf050>,9,2,[8 1],15,66,68,51,58
1,<environment.Job instance at 0x14a37f9e2fa0>,44,14,[ 1 10],64,69,83,5,69
1,<environment.Job instance at 0x14a39818e500>,49,18,[2 9],70,83,101,13,73
1,<environment.Job instance at 0x14a37f5cf2d0>,10,13,[8 2],16,101,114,85,98
1,<environment.Job instance at 0x14a37c67faf0>,69,16,[5 2],93,127,143,34,127
1,<environment.Job instance at 0x14a37c67f730>,72,2,[1 7],99,645,647,546,645
1,<environment.Job instance at 0x14a380b206e0>,0,16,[7 1],1,1,17,0,1
1,<environment.Job instance at 0x14a392cd4190>,8,3,[6 1],9,17,20,8,9
1,<environment.Job instance at 0x14a37d43b140>,9,15,[6 1],15,20,35,5,15
1,<environment.Job instance at 0x14a392cd4320>,11,17,[8 1],17,35,52,18,23
1,<environment.Job instance at 0x14a37c3e1780>,35,17,[1 5],52,53,70,1,53
1,<environment.Job instance at 0x14a392cd4460>,13,2,[2 5],19,56,58,37,56
1,<environment.Job instance at 0x14a37f9a7b90>,43,18,[1 7],66,70,88,4,66
1,<environment.Job instance at 0x14a399ca24b0>,0,14,[5 2],4,5,19,1,5
1,<environment.Job instance at 0x14a37c6375f0>,5,21,[10  2],12,19,40,7,12
1,<environment.Job instance at 0x14a39182af00>,13,3,[2 9],26,40,43,14,27
1,<environment.Job instance at 0x14a39182a5f0>,14,13,[2 9],27,43,56,16,27
1,<environment.Job instance at 0x14a39182a6e0>,10,2,[6 1],23,54,56,31,54
1,<environment.Job instance at 0x14a392daabe0>,17,20,[9 1],31,129,149,98,129
1,<environment.Job instance at 0x14a37c847f00>,79,17,[5 2],125,218,235,93,218
1,<environment.Job instance at 0x14a37c8279b0>,0,19,[5 2],1,1,20,0,1
1,<environment.Job instance at 0x14a39182a690>,6,15,[8 2],7,20,35,13,7
1,<environment.Job instance at 0x14a37c43b550>,11,16,[1 5],13,13,29,0,13
1,<environment.Job instance at 0x14a37cb5acd0>,65,15,[1 5],83,139,154,56,139
1,<environment.Job instance at 0x14a37caf1870>,77,3,[10  1],99,177,180,78,177
1,<environment.Job instance at 0x14a37f60a140>,82,1,[8 2],104,185,186,81,185
1,<environment.Job instance at 0x14a37f60a690>,84,15,[1 8],107,190,205,83,190
1,<environment.Job instance at 0x14a37c41f320>,90,1,[ 1 10],117,205,206,88,203
1,<environment.Job instance at 0x14a391836b40>,94,12,[1 7],124,214,226,90,214
1,<environment.Job instance at 0x14a37c477dc0>,99,2,[2 5],134,226,228,92,225
1,<environment.Job instance at 0x14a3900dba50>,0,3,[1 7],3,3,6,0,3
1,<environment.Job instance at 0x14a3900db500>,4,16,[10  2],7,7,23,0,7
1,<environment.Job instance at 0x14a37cc0ceb0>,11,16,[5 2],16,23,39,7,16
1,<environment.Job instance at 0x14a37cce4d20>,20,3,[10  2],28,171,174,143,171
1,<environment.Job instance at 0x14a37d4a50f0>,2,3,[1 7],3,3,6,0,3
1,<environment.Job instance at 0x14a37c89dfa0>,4,17,[1 5],6,6,23,0,6
1,<environment.Job instance at 0x14a37d4a5eb0>,12,3,[2 5],14,14,17,0,14
1,<environment.Job instance at 0x14a37d4a5b90>,13,18,[10  1],15,23,41,8,15
1,<environment.Job instance at 0x14a380c33910>,22,2,[8 2],28,41,43,13,41
1,<environment.Job instance at 0x14a37f52c640>,45,12,[7 2],57,71,83,14,71
1,<environment.Job instance at 0x14a37f62a820>,50,23,[1 5],64,94,117,30,94
1,<environment.Job instance at 0x14a37d535410>,62,16,[8 2],81,104,120,23,104
1,<environment.Job instance at 0x14a37f5340a0>,82,16,[1 9],104,136,152,32,136
1,<environment.Job instance at 0x14a380c33f00>,1,17,[2 9],3,3,20,0,3
1,<environment.Job instance at 0x14a37c46a5f0>,8,3,[2 8],11,20,23,9,11
1,<environment.Job instance at 0x14a37c46a0f0>,9,12,[7 2],12,20,32,8,12
1,<environment.Job instance at 0x14a37c46a0a0>,13,3,[2 6],20,23,26,3,20
1,<environment.Job instance at 0x14a37c46a820>,14,3,[2 5],21,26,29,5,21
1,<environment.Job instance at 0x14a37c1e31e0>,15,16,[7 2],22,32,48,10,22
1,<environment.Job instance at 0x14a37c393460>,22,1,[2 8],36,36,37,0,36
1,<environment.Job instance at 0x14a37c1e45a0>,24,13,[1 8],38,39,52,1,39
1,<environment.Job instance at 0x14a37c63da00>,26,26,[5 2],42,48,74,6,47
1,<environment.Job instance at 0x14a37c63d050>,27,2,[7 2],44,74,76,30,57
1,<environment.Job instance at 0x14a3900ce730>,33,14,[9 2],53,76,90,23,76
1,<environment.Job instance at 0x14a37f46d370>,43,12,[5 1],68,90,102,22,87
1,<environment.Job instance at 0x14a37f9a9640>,57,18,[7 2],90,102,120,12,92
1,<environment.Job instance at 0x14a37c4c80a0>,61,3,[ 1 10],95,120,123,25,97
1,<environment.Job instance at 0x14a380f8c050>,69,17,[9 1],104,123,140,19,122
1,<environment.Job instance at 0x14a37d535a00>,76,18,[8 1],117,140,158,23,137
1,<environment.Job instance at 0x14a37c46ad70>,12,3,[1 6],19,260,263,241,260
1,<environment.Job instance at 0x14a398039870>,0,13,[7 2],1,1,14,0,1
1,<environment.Job instance at 0x14a398039370>,7,1,[5 2],11,24,25,13,24
1,<environment.Job instance at 0x14a3980390a0>,6,14,[6 2],10,169,183,159,169
1,<environment.Job instance at 0x14a37c78fd70>,0,17,[10  2],1,1,18,0,1
1,<environment.Job instance at 0x14a39a829320>,20,16,[10  1],26,34,50,8,34
1,<environment.Job instance at 0x14a380f1ef00>,33,16,[ 1 10],43,50,66,7,43
1,<environment.Job instance at 0x14a37c9a5370>,34,20,[10  2],44,66,86,22,57
1,<environment.Job instance at 0x14a37f6c7960>,44,1,[1 5],61,86,87,25,61
1,<environment.Job instance at 0x14a399c95d70>,48,2,[ 2 10],66,87,89,21,71
1,<environment.Job instance at 0x14a392d065a0>,54,18,[6 1],76,89,107,13,78
1,<environment.Job instance at 0x14a37c517910>,57,18,[2 8],79,89,107,10,79
1,<environment.Job instance at 0x14a37c6abd20>,72,12,[5 2],104,107,119,3,107
1,<environment.Job instance at 0x14a37c9b1be0>,83,13,[1 5],127,128,141,1,128
1,<environment.Job instance at 0x14a39011c0a0>,88,18,[1 8],133,141,159,8,133
1,<environment.Job instance at 0x14a39011ca00>,89,17,[10  2],135,159,176,24,147
1,<environment.Job instance at 0x14a37d48ce10>,1,13,[8 1],4,4,17,0,4
1,<environment.Job instance at 0x14a37d48c870>,3,17,[2 7],8,8,25,0,8
1,<environment.Job instance at 0x14a37cc81910>,8,13,[1 9],14,25,38,11,14
1,<environment.Job instance at 0x14a37f689d20>,0,3,[1 8],4,4,7,0,4
1,<environment.Job instance at 0x14a37fbe3910>,3,3,[1 7],7,7,10,0,7
1,<environment.Job instance at 0x14a37fbe3820>,5,3,[1 8],10,10,13,0,10
1,<environment.Job instance at 0x14a37f57a320>,6,14,[ 1 10],13,13,27,0,13
1,<environment.Job instance at 0x14a37f57a370>,7,1,[1 6],16,27,28,11,18
1,<environment.Job instance at 0x14a37c3851e0>,11,26,[ 2 10],21,28,54,7,27
1,<environment.Job instance at 0x14a392cf8af0>,44,2,[2 8],65,150,152,85,150
1,<environment.Job instance at 0x14a392d00cd0>,60,12,[1 9],91,156,168,65,156
1,<environment.Job instance at 0x14a392d03320>,70,1,[2 6],103,168,169,65,162
1,<environment.Job instance at 0x14a392d034b0>,71,15,[8 2],104,168,183,64,166
1,<environment.Job instance at 0x14a392d03370>,72,3,[ 2 10],105,183,186,78,166
1,<environment.Job instance at 0x14a392d036e0>,73,14,[1 5],106,186,200,80,172
1,<environment.Job instance at 0x14a392d0eb90>,87,13,[1 6],122,203,216,81,203
1,<environment.Job instance at 0x14a392d0e640>,89,15,[7 2],124,212,227,88,212
1,<environment.Job instance at 0x14a37c3856e0>,13,3,[6 2],23,691,694,668,691
1,<environment.Job instance at 0x14a37f964870>,4,3,[8 1],5,5,8,0,5
1,<environment.Job instance at 0x14a37f9642d0>,6,13,[1 9],7,7,20,0,7
1,<environment.Job instance at 0x14a37cc50c80>,7,3,[9 2],10,20,23,10,10
1,<environment.Job instance at 0x14a37f964b90>,13,3,[2 6],17,23,26,6,17
1,<environment.Job instance at 0x14a37f964320>,14,2,[2 8],18,26,28,8,18
1,<environment.Job instance at 0x14a37cb6c640>,20,13,[8 2],24,24,37,0,24
1,<environment.Job instance at 0x14a398057dc0>,24,3,[1 7],30,30,33,0,30
1,<environment.Job instance at 0x14a37cb6df00>,32,13,[ 1 10],41,41,54,0,41
1,<environment.Job instance at 0x14a37fb82b90>,82,13,[1 6],113,199,212,86,199
1,<environment.Job instance at 0x150517e1a640>,0,12,[2 5],1,1,13,0,1
1,<environment.Job instance at 0x1504c0e6d4b0>,6,18,[8 1],7,8,26,1,8
1,<environment.Job instance at 0x1504c0e6ddc0>,17,17,[6 1],23,26,43,3,23
1,<environment.Job instance at 0x1504c0e70dc0>,29,16,[10  2],39,43,59,4,39
1,<environment.Job instance at 0x1504c0e72050>,30,15,[2 9],40,59,74,19,45
1,<environment.Job instance at 0x1504c0e74960>,50,12,[9 1],68,76,88,8,76
1,<environment.Job instance at 0x1504c0e77500>,60,17,[8 1],86,88,105,2,88
1,<environment.Job instance at 0x1504c0e77a00>,64,12,[9 1],91,107,119,16,107
1,<environment.Job instance at 0x1504c0e61fa0>,72,13,[7 2],102,119,132,17,108
1,<environment.Job instance at 0x1504c1862280>,82,12,[2 8],115,119,131,4,115
1,<environment.Job instance at 0x1504c15109b0>,94,1,[5 1],131,137,138,6,137
1,<environment.Job instance at 0x1504c1510730>,98,13,[ 1 10],136,138,151,2,138
1,<environment.Job instance at 0x1504c1510320>,99,16,[8 1],137,151,167,14,149
1,<environment.Job instance at 0x1504c355ed20>,3,1,[8 1],4,603,604,599,603
1,<environment.Job instance at 0x1504c3531c30>,0,17,[7 1],2,2,19,0,2
1,<environment.Job instance at 0x1504c0eb6690>,6,14,[8 2],12,19,33,7,12
1,<environment.Job instance at 0x1504c3548a00>,13,13,[5 2],21,45,58,24,45
1,<environment.Job instance at 0x1504c35355a0>,22,3,[1 8],38,71,74,33,71
1,<environment.Job instance at 0x1504c3639460>,47,2,[1 6],78,105,107,27,105
1,<environment.Job instance at 0x1504c0eb4960>,75,14,[1 9],120,137,151,17,137
1,<environment.Job instance at 0x1504c08a3d70>,57,2,[2 9],91,151,153,60,148
1,<environment.Job instance at 0x1504c0950230>,78,2,[2 9],125,155,157,30,155
1,<environment.Job instance at 0x1504c15c9e60>,82,3,[8 1],129,156,159,27,156
1,<environment.Job instance at 0x1504c0e56f00>,83,3,[8 1],133,160,163,27,160
1,<environment.Job instance at 0x1504c159a0a0>,88,13,[ 2 10],142,163,176,21,163
1,<environment.Job instance at 0x1504c159a370>,89,1,[2 6],143,176,177,33,170
1,<environment.Job instance at 0x1504c15c9410>,81,12,[5 2],128,207,219,79,207
1,<environment.Job instance at 0x1504cee4ca50>,2,1,[1 8],5,5,6,0,5
1,<environment.Job instance at 0x1504cee4c370>,3,16,[2 6],6,6,22,0,6
1,<environment.Job instance at 0x1504c0c82690>,13,15,[10  1],19,22,37,3,19
1,<environment.Job instance at 0x1504c0c82af0>,8,2,[1 7],12,37,39,25,19
1,<environment.Job instance at 0x1504c3b5c870>,23,18,[8 2],33,40,58,7,40
1,<environment.Job instance at 0x1504cee4d690>,55,19,[2 9],76,76,95,0,76
1,<environment.Job instance at 0x1504c3b69c80>,68,1,[2 6],91,145,146,54,145
1,<environment.Job instance at 0x1504c0aed320>,0,12,[1 5],1,1,13,0,1
1,<environment.Job instance at 0x1504c0aed1e0>,1,13,[7 2],2,3,16,1,3
1,<environment.Job instance at 0x1504c3beeeb0>,4,18,[1 5],7,13,31,6,7
1,<environment.Job instance at 0x1504c05b1780>,13,3,[10  2],23,31,34,8,23
1,<environment.Job instance at 0x1504c05b1b90>,14,2,[1 6],27,34,36,7,27
1,<environment.Job instance at 0x1504c05b1cd0>,15,3,[1 9],28,36,39,8,28
1,<environment.Job instance at 0x1504c05b1870>,16,16,[2 7],31,39,55,8,31
1,<environment.Job instance at 0x1504c05b2050>,24,14,[2 8],43,55,69,12,43
1,<environment.Job instance at 0x1504c05b0c80>,33,17,[1 9],54,69,86,15,65
1,<environment.Job instance at 0x1504c5107c30>,50,12,[7 1],86,102,114,16,102
1,<environment.Job instance at 0x1504c50e1640>,58,13,[8 2],97,114,127,17,102
1,<environment.Job instance at 0x1504c50e1d70>,62,1,[6 2],101,127,128,26,105
1,<environment.Job instance at 0x1504c50fdc30>,63,17,[9 2],103,128,145,25,119
1,<environment.Job instance at 0x1504c05a6230>,82,16,[1 6],131,134,150,3,134
1,<environment.Job instance at 0x1504cc043c80>,85,14,[9 2],136,149,163,13,149
1,<environment.Job instance at 0x1504c3be5aa0>,0,17,[2 9],1,1,18,0,1
1,<environment.Job instance at 0x1504c3be5c80>,3,17,[5 2],4,18,35,14,6
1,<environment.Job instance at 0x1504c0c252d0>,6,3,[2 7],9,18,21,9,9
1,<environment.Job instance at 0x1504c4ba79b0>,7,1,[1 6],10,21,22,11,10
1,<environment.Job instance at 0x1504c4ba7140>,8,3,[8 2],11,35,38,24,11
1,<environment.Job instance at 0x1504c4ba7eb0>,11,2,[2 7],14,22,24,8,16
1,<environment.Job instance at 0x1504c4ba7960>,14,14,[8 2],17,38,52,21,23
1,<environment.Job instance at 0x1504c4ba7780>,19,1,[8 1],24,52,53,28,24
1,<environment.Job instance at 0x1504c5970d20>,20,1,[1 5],26,26,27,0,26
1,<environment.Job instance at 0x1504c5970910>,21,1,[10  1],28,53,54,25,28
1,<environment.Job instance at 0x1504c5970320>,22,1,[5 2],29,29,30,0,29
1,<environment.Job instance at 0x1504c5970c80>,23,17,[10  1],30,54,71,24,42
1,<environment.Job instance at 0x1504c5970820>,25,1,[10  2],33,71,72,38,44
1,<environment.Job instance at 0x1504c59704b0>,28,15,[5 2],36,72,87,36,60
1,<environment.Job instance at 0x1504cd6ca6e0>,39,15,[9 2],50,87,102,37,78
1,<environment.Job instance at 0x1504cd6caa50>,40,2,[5 2],51,80,82,29,80
1,<environment.Job instance at 0x1504c59709b0>,24,25,[9 1],31,111,136,80,111
1,<environment.Job instance at 0x1504ced21b90>,83,2,[2 5],102,136,138,34,133
1,<environment.Job instance at 0x1504c0e66af0>,84,13,[7 2],104,139,152,35,139
1,<environment.Job instance at 0x1504e19120a0>,74,3,[10  1],93,202,205,109,202
1,<environment.Job instance at 0x1504e21f3230>,115,14,[5 2],149,223,237,74,223
1,<environment.Job instance at 0x1504c3698b90>,9,3,[2 5],14,78,81,64,78
1,<environment.Job instance at 0x1504c3698690>,10,25,[6 1],15,78,103,63,78
1,<environment.Job instance at 0x1504c36983c0>,13,3,[10  1],21,103,106,82,78
1,<environment.Job instance at 0x1504c3c9f690>,32,1,[6 2],47,114,115,67,114
1,<environment.Job instance at 0x1504c3c9fe10>,33,2,[ 1 10],48,116,118,68,116
1,<environment.Job instance at 0x1504e24b9550>,34,2,[2 7],49,118,120,69,116
1,<environment.Job instance at 0x1504cf9666e0>,35,3,[9 2],51,120,123,69,116
1,<environment.Job instance at 0x1504c3a3c140>,37,17,[1 8],58,120,137,62,116
1,<environment.Job instance at 0x1504e26135f0>,47,15,[10  1],73,137,152,64,123
1,<environment.Job instance at 0x1504e2613e10>,48,28,[5 2],74,167,195,93,167
1,<environment.Job instance at 0x1504c0778d20>,73,23,[2 6],104,183,206,79,183
1,<environment.Job instance at 0x1504c0789be0>,0,15,[ 2 10],2,2,17,0,2
1,<environment.Job instance at 0x1504c357a1e0>,10,3,[2 8],13,17,20,4,13
1,<environment.Job instance at 0x1504c084c0f0>,20,22,[ 2 10],27,27,49,0,27
1,<environment.Job instance at 0x1504cf9b83c0>,39,17,[10  1],56,56,73,0,56
1,<environment.Job instance at 0x1504c2add8c0>,40,3,[2 6],57,73,76,16,57
1,<environment.Job instance at 0x1504c3af0c30>,83,16,[9 2],120,137,153,17,137
1,<environment.Job instance at 0x1504e190dc80>,94,1,[7 2],135,153,154,18,153
1,<environment.Job instance at 0x1504c375f500>,97,2,[6 2],139,158,160,19,158
1,<environment.Job instance at 0x1504c375f460>,102,17,[5 1],144,163,180,19,163
1,<environment.Job instance at 0x1504c375fa00>,106,26,[8 1],148,180,206,32,177
1,<environment.Job instance at 0x1504c50214b0>,0,27,[6 1],1,1,28,0,1
1,<environment.Job instance at 0x1504c07a8d70>,2,17,[7 2],3,28,45,25,16
1,<environment.Job instance at 0x1504c3ca8cd0>,48,14,[1 8],63,109,123,46,109
1,<environment.Job instance at 0x1504c4fa3050>,61,16,[2 5],81,152,168,71,152
1,<environment.Job instance at 0x1504cd6f0960>,38,15,[2 5],50,161,176,111,161
1,<environment.Job instance at 0x1504c0adfaa0>,94,15,[ 2 10],134,207,222,73,207
1,<environment.Job instance at 0x1504c35ebdc0>,1,3,[2 7],2,2,5,0,2
1,<environment.Job instance at 0x1504c078df00>,5,3,[1 5],9,9,12,0,9
1,<environment.Job instance at 0x1504c078dbe0>,8,1,[1 8],12,13,14,1,13
1,<environment.Job instance at 0x1504c078d870>,10,3,[2 7],14,14,17,0,14
1,<environment.Job instance at 0x1504c078db40>,11,1,[7 1],15,19,20,4,19
1,<environment.Job instance at 0x1504c50e3a50>,15,2,[8 1],20,20,22,0,20
1,<environment.Job instance at 0x1504c4c83910>,28,17,[10  1],38,51,68,13,51
1,<environment.Job instance at 0x1504c35bb870>,44,21,[10  2],62,68,89,6,62
1,<environment.Job instance at 0x1504c4c739b0>,30,1,[8 2],40,89,90,49,68
1,<environment.Job instance at 0x1504c031caa0>,46,3,[1 7],65,89,92,24,75
1,<environment.Job instance at 0x1504c0724b40>,45,22,[2 9],63,92,114,29,86
1,<environment.Job instance at 0x1504c06885f0>,65,18,[8 1],98,98,116,0,98
1,<environment.Job instance at 0x1504c4fa8c30>,53,13,[2 9],77,114,127,37,108
1,<environment.Job instance at 0x1504cee95370>,74,17,[6 2],112,127,144,15,117
1,<environment.Job instance at 0x1504c4cfaf00>,79,1,[1 8],118,127,128,9,118
1,<environment.Job instance at 0x1504c14f0280>,0,1,[2 9],1,1,2,0,1
1,<environment.Job instance at 0x1504c50e3780>,2,16,[ 2 10],3,4,20,1,4
1,<environment.Job instance at 0x1504c4bfe730>,6,17,[9 2],9,20,37,11,9
1,<environment.Job instance at 0x1504c3c08370>,15,1,[ 2 10],22,37,38,15,22
1,<environment.Job instance at 0x1504c3c08870>,10,15,[7 1],17,38,53,21,26
1,<environment.Job instance at 0x1504c3c08b40>,18,3,[10  1],27,53,56,26,27
1,<environment.Job instance at 0x1504c3c08910>,20,17,[8 1],29,56,73,27,44
1,<environment.Job instance at 0x1504c0c4bdc0>,26,2,[1 9],36,44,46,8,44
1,<environment.Job instance at 0x1504c07ed640>,41,3,[2 5],54,60,63,6,60
1,<environment.Job instance at 0x1504c0c94690>,47,15,[9 1],62,73,88,11,65
1,<environment.Job instance at 0x1504c07dec80>,61,17,[1 8],82,88,105,6,88
1,<environment.Job instance at 0x1504cf8adeb0>,64,12,[1 7],86,105,117,19,92
1,<environment.Job instance at 0x1504c4d6e370>,50,3,[2 8],65,117,120,52,96
1,<environment.Job instance at 0x1504c3717820>,72,1,[ 2 10],95,127,128,32,127
1,<environment.Job instance at 0x1504c4c1e3c0>,83,16,[2 9],110,133,149,23,133
1,<environment.Job instance at 0x1504c3ad1b90>,113,15,[1 8],147,225,240,78,225
1,<environment.Job instance at 0x1504c064e140>,1,14,[6 1],3,4,18,1,4
1,<environment.Job instance at 0x1504c2af4b40>,6,14,[1 6],11,11,25,0,11
1,<environment.Job instance at 0x1504c2af4aa0>,9,3,[10  2],18,25,28,7,18
1,<environment.Job instance at 0x1504c2af4eb0>,10,17,[5 2],20,28,45,8,20
1,<environment.Job instance at 0x1504c06f90a0>,15,3,[9 1],27,45,48,18,37
1,<environment.Job instance at 0x1504c3bdbc80>,43,2,[8 1],64,95,97,31,95
1,<environment.Job instance at 0x1504c3bdb4b0>,44,3,[2 8],67,95,98,28,95
1,<environment.Job instance at 0x1504c36a0050>,54,2,[1 7],81,98,100,17,98
1,<environment.Job instance at 0x1504c36a0280>,60,1,[10  1],89,103,104,14,103
1,<environment.Job instance at 0x1504c36a0dc0>,61,15,[7 1],90,110,125,20,110
1,<environment.Job instance at 0x1504c4d0c2d0>,66,3,[2 5],96,113,116,17,113
1,<environment.Job instance at 0x1504c07f30a0>,67,3,[1 7],97,116,119,19,113
1,<environment.Job instance at 0x1504c3bdb1e0>,40,2,[5 1],60,125,127,65,113
1,<environment.Job instance at 0x1504c4d04d20>,70,12,[ 1 10],100,127,139,27,115
1,<environment.Job instance at 0x1504c2b03550>,79,17,[6 1],112,139,156,27,127
1,<environment.Job instance at 0x1504c154c780>,83,17,[2 7],118,139,156,21,128
1,<environment.Job instance at 0x1504c0c39640>,94,3,[2 8],133,156,159,23,137
1,<environment.Job instance at 0x1504c0c39e60>,96,15,[8 1],136,156,171,20,148
1,<environment.Job instance at 0x1504cf7e4be0>,102,15,[7 2],142,171,186,29,159
1,<environment.Job instance at 0x1504c0c39b90>,97,1,[2 7],137,206,207,69,206
1,<environment.Job instance at 0x1504c3c4d9b0>,3,1,[8 1],4,14,15,10,14
1,<environment.Job instance at 0x1504c0e36820>,92,18,[2 5],120,224,242,104,224
1,<environment.Job instance at 0x1504c4c21a00>,111,3,[9 1],144,295,298,151,295
1,<environment.Job instance at 0x1504c15136e0>,8,17,[2 9],13,13,30,0,13
1,<environment.Job instance at 0x1504c08f9fa0>,18,17,[ 1 10],26,30,47,4,26
1,<environment.Job instance at 0x1504c0861550>,28,3,[9 2],44,47,50,3,44
1,<environment.Job instance at 0x1504c0861870>,30,2,[10  1],47,50,52,3,49
1,<environment.Job instance at 0x1504c0861fa0>,32,3,[5 1],50,52,55,2,50
1,<environment.Job instance at 0x1504c35dae60>,33,26,[5 2],52,52,78,0,52
1,<environment.Job instance at 0x1504c35da050>,36,14,[10  2],56,78,92,22,63
1,<environment.Job instance at 0x1504c35dae10>,39,18,[1 6],61,92,110,31,81
1,<environment.Job instance at 0x1504c35dafa0>,40,14,[9 2],63,92,106,29,82
1,<environment.Job instance at 0x1504c0865d20>,47,16,[9 2],73,106,122,33,93
1,<environment.Job instance at 0x1504c35e9370>,54,1,[6 2],83,122,123,39,94
1,<environment.Job instance at 0x1504c087c230>,64,18,[7 2],100,123,141,23,112
1,<environment.Job instance at 0x1504c0dc1870>,65,15,[2 7],101,122,137,21,112
1,<environment.Job instance at 0x1504e221d4b0>,85,1,[6 1],129,256,257,127,256
1,<environment.Job instance at 0x1504c0c46a00>,0,13,[7 2],1,1,14,0,1
1,<environment.Job instance at 0x1504c0393d70>,40,13,[7 2],71,77,90,6,77
1,<environment.Job instance at 0x1504c04bbaa0>,43,3,[ 2 10],78,90,93,12,86
1,<environment.Job instance at 0x1504c04bb9b0>,44,3,[1 5],80,86,89,6,86
1,<environment.Job instance at 0x1504c04bb870>,45,1,[9 1],81,93,94,12,86
1,<environment.Job instance at 0x1504c0c92690>,46,2,[1 7],83,93,95,10,86
1,<environment.Job instance at 0x1504c0eb4500>,47,2,[2 5],84,95,97,11,89
1,<environment.Job instance at 0x1504cf88d280>,51,2,[8 1],88,94,96,6,90
1,<environment.Job instance at 0x1504cf88d780>,53,1,[1 9],91,97,98,6,94
1,<environment.Job instance at 0x1504cf88df50>,55,2,[5 1],93,100,102,7,100
1,<environment.Job instance at 0x1504cf88d500>,56,3,[2 5],94,101,104,7,101
1,<environment.Job instance at 0x1504c0d74460>,63,18,[7 2],109,109,127,0,109
1,<environment.Job instance at 0x1504c0d74f50>,67,3,[2 6],113,113,116,0,113
1,<environment.Job instance at 0x1504c04d3730>,68,2,[1 6],114,116,118,2,115
1,<environment.Job instance at 0x1504c3a2d9b0>,3,3,[1 7],4,4,7,0,4
1,<environment.Job instance at 0x1504c1597230>,9,3,[1 9],12,12,15,0,12
1,<environment.Job instance at 0x1504c5107c30>,11,3,[1 7],14,15,18,1,14
1,<environment.Job instance at 0x1504c5107cd0>,12,2,[1 8],15,18,20,3,16
1,<environment.Job instance at 0x1504cf8302d0>,17,2,[ 1 10],21,77,79,56,77
1,<environment.Job instance at 0x1504c04d2d70>,44,14,[2 7],63,118,132,55,118
1,<environment.Job instance at 0x1504c0a33dc0>,26,16,[ 1 10],33,1379,1395,1346,1379
1,<environment.Job instance at 0x1504c0a33780>,3,15,[10  1],6,6,21,0,6
1,<environment.Job instance at 0x1504c0bf5690>,4,17,[6 1],8,21,38,13,9
1,<environment.Job instance at 0x1504c0d2b640>,13,1,[6 2],20,38,39,18,20
1,<environment.Job instance at 0x1504c0c820a0>,14,16,[7 1],21,39,55,18,26
1,<environment.Job instance at 0x1504c35adbe0>,18,15,[2 9],27,39,54,12,31
1,<environment.Job instance at 0x1504c3b85b40>,16,2,[1 8],23,54,56,31,48
1,<environment.Job instance at 0x1504c367d230>,20,13,[9 1],29,55,68,26,50
1,<environment.Job instance at 0x1504c07d7050>,30,3,[1 7],44,56,59,12,50
1,<environment.Job instance at 0x1504c07d7a50>,34,13,[6 1],48,68,81,20,55
1,<environment.Job instance at 0x1504c03b9690>,38,17,[8 1],53,81,98,28,71
1,<environment.Job instance at 0x1504c0577140>,75,12,[7 1],111,111,123,0,111
1,<environment.Job instance at 0x1504c0c9bb40>,82,1,[2 9],119,121,122,2,121
1,<environment.Job instance at 0x1504c0b71280>,83,3,[1 8],124,124,127,0,124
1,<environment.Job instance at 0x1504c0b71780>,84,1,[10  1],125,127,128,2,125
1,<environment.Job instance at 0x1504c0b71410>,85,1,[7 2],126,126,127,0,126
1,<environment.Job instance at 0x1504c3670820>,86,3,[1 7],127,128,131,1,127
1,<environment.Job instance at 0x1504c3670b40>,87,1,[2 9],128,131,132,3,128
1,<environment.Job instance at 0x1504c36705f0>,88,3,[1 8],130,132,135,2,130
1,<environment.Job instance at 0x1504c3670280>,89,14,[ 1 10],133,135,149,2,133
1,<environment.Job instance at 0x1504c14f7640>,91,14,[2 9],138,149,163,11,138
1,<environment.Job instance at 0x1504c0682780>,99,18,[2 7],149,163,181,14,156
1,<environment.Job instance at 0x1504c0b170a0>,108,1,[2 9],146,287,288,141,287
1,<environment.Job instance at 0x1504c0e9cfa0>,3,2,[5 2],7,367,369,360,367
1,<environment.Job instance at 0x1504c4c375a0>,0,13,[ 1 10],1,1,14,0,1
1,<environment.Job instance at 0x1504c16199b0>,7,1,[10  2],9,21,22,12,21
1,<environment.Job instance at 0x1504c4d274b0>,23,14,[7 1],35,35,49,0,35
1,<environment.Job instance at 0x1504c3ac7e60>,33,3,[1 8],47,47,50,0,47
1,<environment.Job instance at 0x1504c3ac7960>,34,2,[5 1],48,50,52,2,50
1,<environment.Job instance at 0x1504c367d6e0>,36,2,[2 8],52,55,57,3,55
1,<environment.Job instance at 0x1504c50da0a0>,39,3,[8 2],56,56,59,0,56
1,<environment.Job instance at 0x1504e28cb050>,42,3,[5 1],59,67,70,8,67
1,<environment.Job instance at 0x1504c157beb0>,46,13,[9 2],68,70,83,2,70
1,<environment.Job instance at 0x1504c4d4f4b0>,48,18,[2 6],71,83,101,12,72
1,<environment.Job instance at 0x1504c3ae0410>,55,12,[5 2],78,83,95,5,81
1,<environment.Job instance at 0x1504c3b92690>,2,18,[8 2],3,221,239,218,221
1,<environment.Job instance at 0x1504c033c5f0>,72,1,[5 1],99,308,309,209,308
1,<environment.Job instance at 0x1504c4d78d20>,97,21,[5 2],134,327,348,193,327
1,<environment.Job instance at 0x145877f78640>,0,12,[2 5],1,1,13,0,1
1,<environment.Job instance at 0x145820fad4b0>,6,18,[8 1],7,7,25,0,7
1,<environment.Job instance at 0x145820fad690>,8,13,[6 1],9,25,38,16,10
1,<environment.Job instance at 0x145820fad820>,10,13,[2 8],12,13,26,1,12
1,<environment.Job instance at 0x145820fb0730>,22,1,[2 7],30,38,39,8,38
1,<environment.Job instance at 0x145835a2d690>,9,3,[1 9],14,98,101,84,98
1,<environment.Job instance at 0x145823ddfc30>,0,13,[5 2],1,3,16,2,3
1,<environment.Job instance at 0x145822c32910>,5,12,[7 1],11,16,28,5,11
1,<environment.Job instance at 0x14582369e140>,13,16,[7 2],24,32,48,8,32
1,<environment.Job instance at 0x14582369e730>,18,12,[2 9],33,48,60,15,33
1,<environment.Job instance at 0x14582369ee60>,19,3,[5 2],34,60,63,26,34
1,<environment.Job instance at 0x14582367e280>,38,16,[9 1],63,65,81,2,65
1,<environment.Job instance at 0x1458236bc500>,46,18,[6 2],76,81,99,5,76
1,<environment.Job instance at 0x145823d758c0>,61,14,[1 6],99,99,113,0,99
1,<environment.Job instance at 0x145820a86c30>,62,14,[1 9],100,113,127,13,107
1,<environment.Job instance at 0x1458216dc7d0>,68,12,[5 2],108,127,139,19,114
1,<environment.Job instance at 0x145821650780>,77,2,[1 5],125,129,131,4,129
1,<environment.Job instance at 0x145821709af0>,99,2,[6 1],154,156,158,2,156
1,<environment.Job instance at 0x145824ca4eb0>,72,27,[1 7],115,161,188,46,161
1,<environment.Job instance at 0x145823d841e0>,101,3,[10  2],157,188,191,31,182
1,<environment.Job instance at 0x145836f945f0>,2,18,[8 2],3,3,21,0,3
1,<environment.Job instance at 0x145836f94730>,6,17,[2 9],7,21,38,14,9
1,<environment.Job instance at 0x14583c063780>,22,1,[2 5],28,38,39,10,36
1,<environment.Job instance at 0x14583de67b90>,36,17,[9 2],48,51,68,3,51
1,<environment.Job instance at 0x145823c80d70>,71,13,[10  1],88,147,160,59,147
1,<environment.Job instance at 0x145823b92690>,81,12,[7 1],104,160,172,56,155
1,<environment.Job instance at 0x145823b92410>,83,3,[6 1],109,172,175,63,155
1,<environment.Job instance at 0x1458207f3230>,85,2,[7 1],112,175,177,63,160
1,<environment.Job instance at 0x14587422c500>,88,2,[5 1],117,177,179,60,162
1,<environment.Job instance at 0x145823af25f0>,89,14,[2 5],118,162,176,44,162
1,<environment.Job instance at 0x145823af22d0>,90,3,[5 2],120,177,180,57,162
1,<environment.Job instance at 0x145823af2be0>,91,12,[1 5],121,179,191,58,166
1,<environment.Job instance at 0x1458340d8f00>,96,16,[1 5],131,180,196,49,176
1,<environment.Job instance at 0x145823c8e550>,107,16,[2 7],151,196,212,45,190
1,<environment.Job instance at 0x145836f94780>,11,3,[2 8],12,407,410,395,407
1,<environment.Job instance at 0x145823d19f50>,2,14,[2 8],3,3,17,0,3
1,<environment.Job instance at 0x145823d19d20>,7,2,[6 1],9,14,16,5,14
1,<environment.Job instance at 0x14582172de60>,6,17,[2 8],7,17,34,10,14
1,<environment.Job instance at 0x145823d12910>,16,13,[10  1],25,34,47,9,25
1,<environment.Job instance at 0x1458206eb6e0>,36,13,[8 2],57,87,100,30,87
1,<environment.Job instance at 0x1458206ff2d0>,54,14,[1 5],81,101,115,20,101
1,<environment.Job instance at 0x1458206fb820>,58,25,[8 1],89,128,153,39,128
1,<environment.Job instance at 0x145820f94f00>,78,17,[5 2],114,153,170,39,147
1,<environment.Job instance at 0x145823cfa550>,89,14,[8 2],127,170,184,43,162
1,<environment.Job instance at 0x145820818140>,93,13,[2 8],133,166,179,33,166
1,<environment.Job instance at 0x1458221dcdc0>,99,25,[9 1],141,184,209,43,181
1,<environment.Job instance at 0x145823be0be0>,104,3,[2 7],148,209,212,61,189
1,<environment.Job instance at 0x145824dcd910>,112,17,[2 5],157,212,229,55,205
1,<environment.Job instance at 0x145877f17640>,3,17,[9 1],6,6,23,0,6
1,<environment.Job instance at 0x145823c406e0>,9,13,[6 1],14,23,36,9,17
1,<environment.Job instance at 0x145823c40a50>,14,13,[2 6],19,23,36,4,21
1,<environment.Job instance at 0x145820c58c80>,26,13,[2 9],33,38,51,5,38
1,<environment.Job instance at 0x145820c58fa0>,30,13,[10  1],39,51,64,12,39
1,<environment.Job instance at 0x145823b1a320>,34,3,[10  1],43,64,67,21,43
1,<environment.Job instance at 0x1458208c9c30>,44,13,[7 2],54,67,80,13,57
1,<environment.Job instance at 0x145820c12c30>,51,2,[2 9],62,80,82,18,65
1,<environment.Job instance at 0x14583c0652d0>,53,18,[6 1],65,80,98,15,69
1,<environment.Job instance at 0x14583e7545f0>,72,15,[10  2],94,125,140,31,125
1,<environment.Job instance at 0x145820b24870>,88,12,[5 2],117,140,152,23,140
1,<environment.Job instance at 0x145823c97050>,89,1,[10  1],118,152,153,34,142
1,<environment.Job instance at 0x145823c975f0>,91,2,[ 2 10],122,153,155,31,145
1,<environment.Job instance at 0x1458204d6870>,97,1,[10  1],131,160,161,29,160
1,<environment.Job instance at 0x14583e8210f0>,111,2,[2 7],149,201,203,52,201
1,<environment.Job instance at 0x14582065d0a0>,0,17,[1 6],1,1,18,0,1
1,<environment.Job instance at 0x145820638a00>,2,13,[2 9],6,18,31,12,6
1,<environment.Job instance at 0x145820c58d70>,18,3,[1 7],24,31,34,7,31
1,<environment.Job instance at 0x145823c805a0>,38,1,[8 2],49,92,93,43,92
1,<environment.Job instance at 0x1458208c8eb0>,68,2,[5 2],101,143,145,42,143
1,<environment.Job instance at 0x145820ac4050>,69,21,[5 1],102,143,164,41,143
1,<environment.Job instance at 0x145820ac4870>,71,3,[8 2],105,164,167,59,143
1,<environment.Job instance at 0x14583c090140>,72,1,[ 2 10],106,167,168,61,144
1,<environment.Job instance at 0x145837cb8870>,74,2,[8 1],108,168,170,60,144
1,<environment.Job instance at 0x145836eb9500>,75,1,[2 7],110,145,146,35,144
1,<environment.Job instance at 0x145823b9f870>,48,3,[9 1],66,170,173,104,159
1,<environment.Job instance at 0x14583416d460>,77,13,[7 1],112,173,186,61,171
1,<environment.Job instance at 0x1458340b9960>,83,3,[2 8],120,173,176,53,172
1,<environment.Job instance at 0x145834115d70>,81,2,[10  2],118,186,188,68,172
1,<environment.Job instance at 0x145836ed6b90>,89,2,[ 1 10],128,188,190,60,172
1,<environment.Job instance at 0x145836ed6cd0>,93,1,[5 1],134,190,191,56,172
1,<environment.Job instance at 0x145836ed6280>,94,2,[8 2],135,191,193,56,172
1,<environment.Job instance at 0x145824d4e500>,105,1,[ 2 10],154,193,194,39,192
1,<environment.Job instance at 0x145823d3bf00>,0,12,[2 8],1,1,13,0,1
1,<environment.Job instance at 0x145820c663c0>,4,1,[ 2 10],5,13,14,8,6
1,<environment.Job instance at 0x1458206bda00>,5,12,[2 8],8,14,26,6,8
1,<environment.Job instance at 0x1458340cff50>,8,18,[9 1],13,26,44,13,15
1,<environment.Job instance at 0x14583c176460>,22,15,[10  2],33,44,59,11,33
1,<environment.Job instance at 0x1458205abb40>,32,12,[9 1],47,64,76,17,64
1,<environment.Job instance at 0x1458237e0d20>,47,3,[2 5],68,76,79,8,71
1,<environment.Job instance at 0x1458237e0690>,53,17,[5 1],74,84,101,10,84
1,<environment.Job instance at 0x1458204cbd70>,57,26,[8 1],78,109,135,31,109
1,<environment.Job instance at 0x14583df0e8c0>,62,17,[7 2],83,135,152,52,123
1,<environment.Job instance at 0x14583e757500>,19,1,[1 7],30,132,133,102,132
1,<environment.Job instance at 0x14583df0ef00>,70,1,[6 1],95,152,153,57,135
1,<environment.Job instance at 0x14583df0e050>,68,1,[1 8],92,164,165,72,164
1,<environment.Job instance at 0x145836fb1320>,87,1,[ 1 10],117,186,187,69,186
1,<environment.Job instance at 0x1458205b4cd0>,97,12,[2 9],129,191,203,62,191
1,<environment.Job instance at 0x1458205b4a50>,98,15,[2 5],130,203,218,73,193
1,<environment.Job instance at 0x1458205b4550>,102,16,[8 2],135,215,231,80,215
1,<environment.Job instance at 0x145820611550>,103,3,[1 5],138,218,221,80,216
1,<environment.Job instance at 0x14582513e0a0>,112,3,[2 6],147,246,249,99,246
1,<environment.Job instance at 0x1458236e57d0>,0,16,[2 5],1,1,17,0,1
1,<environment.Job instance at 0x14583dee8aa0>,6,15,[8 1],9,9,24,0,9
1,<environment.Job instance at 0x14583dee8960>,7,3,[2 7],10,17,20,7,10
1,<environment.Job instance at 0x14583dee85a0>,9,14,[2 9],17,20,34,3,17
1,<environment.Job instance at 0x1458238b3d20>,12,1,[7 2],22,34,35,12,26
1,<environment.Job instance at 0x145820680aa0>,20,17,[1 5],32,34,51,2,32
1,<environment.Job instance at 0x1458208b2be0>,28,18,[1 7],46,51,69,5,46
1,<environment.Job instance at 0x1458208b2aa0>,31,3,[7 2],51,55,58,4,55
1,<environment.Job instance at 0x14582073ca00>,41,3,[2 5],65,76,79,11,76
1,<environment.Job instance at 0x14582073cdc0>,42,18,[5 2],67,78,96,11,78
1,<environment.Job instance at 0x1458208b91e0>,47,1,[10  1],76,96,97,20,80
1,<environment.Job instance at 0x145823c80f00>,58,13,[10  1],88,97,110,9,90
1,<environment.Job instance at 0x145820e516e0>,92,14,[2 5],137,161,175,24,161
1,<environment.Job instance at 0x145820e27730>,90,22,[2 9],133,175,197,42,174
1,<environment.Job instance at 0x1458221f3a50>,1,18,[8 1],8,8,26,0,8
1,<environment.Job instance at 0x145821702dc0>,7,2,[5 1],18,26,28,8,18
1,<environment.Job instance at 0x145821704500>,10,17,[6 2],22,28,45,6,22
1,<environment.Job instance at 0x145821704fa0>,13,1,[1 9],26,26,27,0,26
1,<environment.Job instance at 0x145821704f00>,14,3,[1 7],27,27,30,0,27
1,<environment.Job instance at 0x145837dee3c0>,15,1,[1 8],28,30,31,2,28
1,<environment.Job instance at 0x1458216c0870>,20,13,[2 8],33,35,48,2,35
1,<environment.Job instance at 0x145822c3f370>,24,1,[2 5],39,48,49,9,41
1,<environment.Job instance at 0x145834183eb0>,34,1,[6 1],57,65,66,8,65
1,<environment.Job instance at 0x1458217092d0>,58,2,[1 5],90,115,117,25,115
1,<environment.Job instance at 0x145823bc4c80>,85,12,[6 1],123,228,240,105,228
1,<environment.Job instance at 0x14582073ccd0>,0,16,[5 1],1,1,17,0,1
1,<environment.Job instance at 0x14582073c050>,2,13,[1 5],4,4,17,0,4
1,<environment.Job instance at 0x14582073c320>,3,15,[5 1],6,17,32,11,7
1,<environment.Job instance at 0x1458204b0820>,7,16,[2 9],10,21,37,11,21
1,<environment.Job instance at 0x145823d91e60>,108,2,[2 6],148,342,344,194,342
1,<environment.Job instance at 0x145820d23910>,1,17,[6 1],2,2,19,0,2
1,<environment.Job instance at 0x145836ecc1e0>,5,17,[2 7],8,8,25,0,8
1,<environment.Job instance at 0x14582514ddc0>,9,17,[6 1],15,19,36,4,15
1,<environment.Job instance at 0x14582514dfa0>,12,12,[5 2],19,36,48,17,19
1,<environment.Job instance at 0x1458208c9c30>,28,22,[ 1 10],38,48,70,10,42
1,<environment.Job instance at 0x14583ea64500>,36,2,[6 1],49,70,72,21,56
1,<environment.Job instance at 0x145877e79550>,34,17,[7 2],46,72,89,26,60
1,<environment.Job instance at 0x14583c1aed70>,19,1,[2 7],27,70,71,43,65
1,<environment.Job instance at 0x1458207f3dc0>,57,18,[10  1],75,89,107,14,78
1,<environment.Job instance at 0x145836f74f50>,49,2,[5 2],67,107,109,40,83
1,<environment.Job instance at 0x14582380ecd0>,69,3,[1 5],91,134,137,43,134
1,<environment.Job instance at 0x14583ea93cd0>,0,3,[2 7],1,1,4,0,1
1,<environment.Job instance at 0x145824ec08c0>,2,2,[1 6],3,23,25,20,23
1,<environment.Job instance at 0x1458206d61e0>,8,1,[5 1],9,49,50,40,49
1,<environment.Job instance at 0x1458238572d0>,12,15,[10  2],16,50,65,34,49
1,<environment.Job instance at 0x145820bde960>,21,1,[5 1],28,65,66,37,55
1,<environment.Job instance at 0x145820bdeb40>,23,2,[8 1],31,66,68,35,56
1,<environment.Job instance at 0x145820bde230>,25,2,[1 5],34,65,67,31,60
1,<environment.Job instance at 0x145820bdef00>,27,1,[9 1],38,68,69,30,62
1,<environment.Job instance at 0x145820bde1e0>,28,2,[9 1],39,69,71,30,62
1,<environment.Job instance at 0x145824cb6aa0>,31,17,[2 9],43,71,88,28,70
1,<environment.Job instance at 0x145823774c30>,39,12,[7 2],52,88,100,36,80
1,<environment.Job instance at 0x14583df12370>,41,17,[ 1 10],56,100,117,44,88
1,<environment.Job instance at 0x1458340f1140>,42,3,[1 6],59,88,91,29,88
1,<environment.Job instance at 0x145820a08410>,44,3,[2 5],61,91,94,30,88
1,<environment.Job instance at 0x145820b24320>,55,3,[5 1],80,117,120,37,107
1,<environment.Job instance at 0x145824eb2b90>,59,14,[10  2],86,120,134,34,109
1,<environment.Job instance at 0x145820ec2370>,61,12,[6 1],90,134,146,44,120
1,<environment.Job instance at 0x14583ee5b460>,68,14,[10  1],101,146,160,45,131
1,<environment.Job instance at 0x1458343be0f0>,72,1,[2 5],105,140,141,35,140
1,<environment.Job instance at 0x1458340fc820>,73,12,[5 1],108,160,172,52,143
1,<environment.Job instance at 0x14583ee4c280>,83,3,[1 9],124,160,163,36,159
1,<environment.Job instance at 0x145820ae4050>,86,3,[6 1],129,172,175,43,166
1,<environment.Job instance at 0x145820ae4870>,88,15,[2 7],131,167,182,36,167
1,<environment.Job instance at 0x1458251167d0>,93,2,[6 2],137,175,177,38,170
1,<environment.Job instance at 0x14582170b050>,99,17,[9 1],144,182,199,38,170
1,<environment.Job instance at 0x14583c089b90>,104,13,[8 1],154,199,212,45,184
1,<environment.Job instance at 0x14583c089cd0>,106,18,[8 1],157,215,233,58,215
1,<environment.Job instance at 0x145824ddf7d0>,2,3,[ 2 10],6,6,9,0,6
1,<environment.Job instance at 0x145836eb0b40>,5,1,[ 2 10],12,12,13,0,12
1,<environment.Job instance at 0x145836eb0aa0>,6,3,[1 9],14,14,17,0,14
1,<environment.Job instance at 0x145836eb0dc0>,7,17,[ 1 10],15,17,34,2,15
1,<environment.Job instance at 0x145836eb05f0>,8,13,[ 1 10],17,34,47,17,18
1,<environment.Job instance at 0x145820847230>,39,2,[2 6],70,87,89,17,87
1,<environment.Job instance at 0x145823888820>,0,17,[10  2],1,1,18,0,1
1,<environment.Job instance at 0x1458238889b0>,3,3,[9 1],7,18,21,11,8
1,<environment.Job instance at 0x145823d4b1e0>,5,2,[7 1],9,310,312,301,310
1,<environment.Job instance at 0x145835a08a00>,3,15,[10  1],6,6,21,0,6
1,<environment.Job instance at 0x145836ea2d20>,4,17,[6 1],8,21,38,13,9
1,<environment.Job instance at 0x1458205bac30>,12,14,[2 8],18,21,35,3,19
1,<environment.Job instance at 0x1458205ba3c0>,14,16,[7 1],21,38,54,17,25
1,<environment.Job instance at 0x1458205ba690>,18,15,[2 9],27,35,50,8,29
1,<environment.Job instance at 0x145821654870>,21,2,[1 6],30,50,52,20,31
1,<environment.Job instance at 0x1458216547d0>,25,2,[6 2],35,54,56,19,39
1,<environment.Job instance at 0x145821654e10>,28,1,[1 9],40,52,53,12,40
1,<environment.Job instance at 0x145821654e60>,26,16,[5 1],38,56,72,18,43
1,<environment.Job instance at 0x1458205bad20>,20,13,[9 1],29,72,85,43,60
1,<environment.Job instance at 0x145820aba5a0>,51,2,[5 1],75,85,87,10,77
1,<environment.Job instance at 0x145820ed3a50>,54,12,[1 7],79,79,91,0,79
1,<environment.Job instance at 0x14583ea629b0>,55,1,[7 1],80,87,88,7,80
1,<environment.Job instance at 0x145836fe3e10>,56,2,[2 7],81,91,93,10,83
1,<environment.Job instance at 0x145836fe3050>,57,23,[2 9],82,93,116,11,88
1,<environment.Job instance at 0x145820d04820>,74,12,[8 1],110,111,123,1,111
1,<environment.Job instance at 0x14582169da00>,76,3,[10  1],112,123,126,11,113
1,<environment.Job instance at 0x145820c8ad20>,75,12,[7 1],111,126,138,15,114
1,<environment.Job instance at 0x1458204f26e0>,79,16,[1 9],116,126,142,10,116
1,<environment.Job instance at 0x14582169d3c0>,77,3,[7 1],113,238,241,125,238
1,<environment.Job instance at 0x145821654460>,1,16,[9 2],2,2,18,0,2
1,<environment.Job instance at 0x14583dee8a00>,9,14,[2 7],10,18,32,8,10
1,<environment.Job instance at 0x14583dee85f0>,11,23,[5 2],14,18,41,4,17
1,<environment.Job instance at 0x145820c125a0>,16,17,[1 9],21,41,58,20,39
1,<environment.Job instance at 0x145836e8a3c0>,31,18,[ 2 10],44,58,76,14,47
1,<environment.Job instance at 0x145823857460>,47,15,[8 2],64,76,91,12,68
1,<environment.Job instance at 0x145823d7b0a0>,49,14,[1 5],66,78,92,12,78
1,<environment.Job instance at 0x145837dba5f0>,56,3,[8 2],75,97,100,22,97
1,<environment.Job instance at 0x1458742a9230>,57,3,[1 7],76,102,105,26,102
1,<environment.Job instance at 0x145820d79050>,61,27,[2 7],80,105,132,25,103
1,<environment.Job instance at 0x145823bfd640>,65,15,[7 2],84,111,126,27,111
1,<environment.Job instance at 0x145824e41780>,69,2,[2 8],95,132,134,37,114
1,<environment.Job instance at 0x14583ee50dc0>,72,3,[2 8],100,134,137,34,114
1,<environment.Job instance at 0x145821709550>,82,2,[5 1],113,142,144,29,142
1,<environment.Job instance at 0x145837d81550>,74,2,[1 6],102,146,148,44,146
1,<environment.Job instance at 0x1458340ace60>,105,13,[ 1 10],141,166,179,25,166
1,<environment.Job instance at 0x14583e77ea50>,118,16,[5 1],159,186,202,27,186
1,<environment.Job instance at 0x145820a420f0>,0,13,[2 5],2,2,15,0,2
1,<environment.Job instance at 0x14583416ad70>,2,3,[1 7],5,15,18,10,5
1,<environment.Job instance at 0x14583416a730>,5,13,[2 5],12,18,31,6,12
1,<environment.Job instance at 0x145820c479b0>,7,13,[7 2],14,14,27,0,14
1,<environment.Job instance at 0x145820c478c0>,15,14,[2 5],22,27,41,5,22
1,<environment.Job instance at 0x145820497b40>,23,16,[8 1],35,35,51,0,35
1,<environment.Job instance at 0x1458221fca00>,28,18,[5 2],40,51,69,11,41
1,<environment.Job instance at 0x1458221fc9b0>,31,13,[9 2],48,69,82,21,53
1,<environment.Job instance at 0x14582172ecd0>,0,3,[1 9],1,1,4,0,1
1,<environment.Job instance at 0x145820b70fa0>,9,2,[9 1],12,13,15,1,13
1,<environment.Job instance at 0x145820b70c80>,10,1,[5 1],14,15,16,1,15
1,<environment.Job instance at 0x14582050b730>,12,15,[5 1],16,16,31,0,16
1,<environment.Job instance at 0x14582173c410>,17,17,[1 7],21,22,39,1,22
1,<environment.Job instance at 0x145835a34c80>,26,13,[6 1],37,39,52,2,39
1,<environment.Job instance at 0x145823874d70>,40,2,[ 1 10],53,71,73,18,71
1,<environment.Job instance at 0x1458340df640>,29,13,[9 2],40,74,87,34,74
1,<environment.Job instance at 0x145820f253c0>,45,2,[7 1],59,87,89,28,77
1,<environment.Job instance at 0x14583411fd20>,50,15,[10  1],65,89,104,24,81
1,<environment.Job instance at 0x145824d8f780>,55,18,[7 1],75,104,122,29,93
1,<environment.Job instance at 0x145824d8fd70>,54,3,[8 2],73,122,125,49,104
1,<environment.Job instance at 0x145821998c30>,77,21,[5 2],104,125,146,21,119
1,<environment.Job instance at 0x1458208ffeb0>,68,3,[1 7],88,138,141,50,138
1,<environment.Job instance at 0x145823b9f320>,101,27,[6 1],139,148,175,9,148
1,<environment.Job instance at 0x14583df12a50>,108,17,[2 7],150,161,178,11,161
1,<environment.Job instance at 0x145821751500>,2,16,[10  1],4,4,20,0,4
1,<environment.Job instance at 0x145820a5e0f0>,15,13,[2 9],25,25,38,0,25
1,<environment.Job instance at 0x145836e9c780>,16,12,[10  1],26,38,50,12,36
1,<environment.Job instance at 0x14583ded5230>,30,17,[9 1],41,50,67,9,43
1,<environment.Job instance at 0x145823dba3c0>,33,2,[2 5],46,67,69,21,47
1,<environment.Job instance at 0x145820e52910>,35,1,[5 1],49,67,68,18,49
1,<environment.Job instance at 0x1458216b42d0>,46,15,[1 8],64,69,84,5,64
1,<environment.Job instance at 0x145837dc3230>,48,3,[10  1],68,84,87,16,68
1,<environment.Job instance at 0x14582173c820>,49,2,[2 7],72,87,89,15,72
1,<environment.Job instance at 0x1458207f1550>,50,1,[9 2],74,74,75,0,74
1,<environment.Job instance at 0x145823b050f0>,51,18,[2 7],75,89,107,14,78
1,<environment.Job instance at 0x1458206ecb90>,58,3,[8 2],87,88,91,1,88
1,<environment.Job instance at 0x145823d604b0>,60,3,[7 1],90,94,97,4,94
1,<environment.Job instance at 0x145823d60cd0>,63,18,[2 7],95,107,125,12,96
1,<environment.Job instance at 0x14942d56bc30>,0,12,[2 5],1,1,13,0,1
1,<environment.Job instance at 0x1493d65d84b0>,6,18,[8 1],7,7,25,0,7
1,<environment.Job instance at 0x1493d65d8820>,12,3,[1 8],14,14,17,0,14
1,<environment.Job instance at 0x1493d65d8f00>,17,17,[6 1],23,25,42,2,23
1,<environment.Job instance at 0x1493d65db8c0>,24,12,[ 1 10],32,42,54,10,32
1,<environment.Job instance at 0x1493d65dbcd0>,29,16,[10  2],39,54,70,15,41
1,<environment.Job instance at 0x1493d65dd910>,37,2,[ 1 10],50,70,72,20,50
1,<environment.Job instance at 0x1493d65e23c0>,58,15,[2 9],82,91,106,9,91
1,<environment.Job instance at 0x1493d65ddf50>,42,1,[10  1],56,106,107,50,100
1,<environment.Job instance at 0x1493d65e2640>,61,3,[1 5],87,107,110,20,102
1,<environment.Job instance at 0x1493d6c7db90>,108,2,[ 1 10],150,233,235,83,233
1,<environment.Job instance at 0x1493d8d4e280>,0,3,[1 7],1,1,4,0,1
1,<environment.Job instance at 0x1493e407b730>,19,3,[5 2],30,62,65,32,62
1,<environment.Job instance at 0x1493e407b050>,21,13,[ 2 10],32,65,78,33,65
1,<environment.Job instance at 0x1493e407b640>,24,15,[1 7],35,80,95,45,80
1,<environment.Job instance at 0x1493e407b5a0>,26,14,[10  1],39,95,109,56,80
1,<environment.Job instance at 0x1493e4076a00>,34,18,[8 1],48,109,127,61,98
1,<environment.Job instance at 0x1493e40725f0>,50,3,[2 8],75,109,112,34,108
1,<environment.Job instance at 0x1493e4072b90>,53,18,[7 2],79,127,145,48,117
1,<environment.Job instance at 0x1493d6d81f00>,3,16,[7 2],4,4,20,0,4
1,<environment.Job instance at 0x1493d6620d20>,11,15,[8 2],16,20,35,4,16
1,<environment.Job instance at 0x1493d66202d0>,12,17,[10  1],18,35,52,17,23
1,<environment.Job instance at 0x1493d8d13780>,55,2,[2 9],85,122,124,37,122
1,<environment.Job instance at 0x1493d6d2d050>,0,3,[2 5],1,1,4,0,1
1,<environment.Job instance at 0x1493d6d2da00>,1,12,[6 1],2,6,18,4,6
1,<environment.Job instance at 0x1493e5139500>,8,15,[1 8],12,12,27,0,12
1,<environment.Job instance at 0x1493d913b0a0>,101,3,[9 2],145,268,271,123,268
1,<environment.Job instance at 0x1493e46939b0>,0,3,[1 9],1,1,4,0,1
1,<environment.Job instance at 0x1493e50ebbe0>,3,12,[7 1],6,7,19,1,7
1,<environment.Job instance at 0x1493e5113fa0>,5,3,[9 2],8,19,22,11,8
1,<environment.Job instance at 0x1493e5113d70>,8,3,[2 5],14,14,17,0,14
1,<environment.Job instance at 0x1493e5129c30>,9,1,[8 1],15,22,23,7,15
1,<environment.Job instance at 0x1493e51290a0>,10,28,[5 1],16,23,51,7,22
1,<environment.Job instance at 0x1493e511d6e0>,30,12,[2 6],43,58,70,15,58
1,<environment.Job instance at 0x1493e511d1e0>,38,14,[9 2],56,70,84,14,69
1,<environment.Job instance at 0x1493e50f2050>,47,12,[1 7],67,99,111,32,99
1,<environment.Job instance at 0x1493e50fda50>,52,2,[6 2],73,111,113,38,111
1,<environment.Job instance at 0x1493e50fdcd0>,53,17,[5 2],74,113,130,39,111
1,<environment.Job instance at 0x1493e50f2dc0>,46,2,[1 8],65,142,144,77,142
1,<environment.Job instance at 0x1493e50f19b0>,70,1,[1 5],96,154,155,58,154
1,<environment.Job instance at 0x1493e50f1870>,77,21,[2 5],105,154,175,49,154
1,<environment.Job instance at 0x1493e50f1370>,81,15,[6 1],110,169,184,59,169
1,<environment.Job instance at 0x1493e5100dc0>,87,17,[2 5],117,175,192,58,169
1,<environment.Job instance at 0x1493da2dbeb0>,92,1,[1 7],123,206,207,83,206
1,<environment.Job instance at 0x1493d5cf9dc0>,102,3,[5 1],137,207,210,70,207
1,<environment.Job instance at 0x1493d5cec5f0>,103,2,[ 1 10],138,210,212,72,207
1,<environment.Job instance at 0x1493d5cf9370>,104,13,[2 6],139,212,225,73,211
1,<environment.Job instance at 0x1493d9405dc0>,106,1,[8 2],143,212,213,69,212
1,<environment.Job instance at 0x1493d631a640>,107,17,[7 1],144,217,234,73,217
1,<environment.Job instance at 0x1493d5ce84b0>,108,17,[2 7],145,225,242,80,223
1,<environment.Job instance at 0x1493d631ac30>,109,13,[2 8],146,242,255,96,238
1,<environment.Job instance at 0x1493d5cce550>,122,14,[2 9],161,255,269,94,250
1,<environment.Job instance at 0x1493e50ec140>,0,3,[2 8],1,1,4,0,1
1,<environment.Job instance at 0x1493e50ecf50>,2,13,[7 2],4,7,20,3,7
1,<environment.Job instance at 0x1493e5150e60>,6,3,[2 5],9,9,12,0,9
1,<environment.Job instance at 0x1493e5150730>,7,17,[1 7],10,12,29,2,10
1,<environment.Job instance at 0x1493e51505f0>,8,3,[7 2],11,24,27,13,24
1,<environment.Job instance at 0x1493e44c4f00>,36,2,[1 9],52,64,66,12,64
1,<environment.Job instance at 0x1493e44c4410>,37,14,[1 6],53,69,83,16,69
1,<environment.Job instance at 0x1493e44c4500>,38,1,[1 8],54,83,84,29,77
1,<environment.Job instance at 0x1493e44c4190>,46,12,[5 2],67,80,92,13,80
1,<environment.Job instance at 0x1493d7824190>,47,1,[10  1],68,92,93,24,89
1,<environment.Job instance at 0x1493d7824960>,48,3,[10  1],71,93,96,22,90
1,<environment.Job instance at 0x1493d78248c0>,49,2,[ 2 10],72,99,101,27,99
1,<environment.Job instance at 0x1493e5150be0>,3,22,[8 1],5,101,123,96,99
1,<environment.Job instance at 0x1493d6c52960>,75,3,[1 9],112,164,167,52,164
1,<environment.Job instance at 0x1493d60806e0>,76,13,[2 9],116,167,180,51,164
1,<environment.Job instance at 0x1493e50a2190>,67,1,[6 2],97,180,181,83,171
1,<environment.Job instance at 0x1493e51370a0>,108,23,[2 6],154,231,254,77,231
1,<environment.Job instance at 0x1493da76c960>,78,3,[2 8],118,286,289,168,286
1,<environment.Job instance at 0x1493d92295a0>,2,13,[2 5],8,8,21,0,8
1,<environment.Job instance at 0x1493d827ccd0>,63,27,[5 2],102,157,184,55,157
1,<environment.Job instance at 0x1493da4b3870>,0,3,[2 9],1,1,4,0,1
1,<environment.Job instance at 0x1493da4b31e0>,3,17,[5 1],4,4,21,0,4
1,<environment.Job instance at 0x1493da7fa190>,11,21,[9 2],12,21,42,9,13
1,<environment.Job instance at 0x1493e79e7eb0>,17,17,[ 2 10],19,42,59,23,41
1,<environment.Job instance at 0x1493e50da640>,31,2,[1 5],40,69,71,29,69
1,<environment.Job instance at 0x1493da7e1f50>,47,12,[2 9],59,75,87,16,75
1,<environment.Job instance at 0x1493da7e10f0>,48,15,[2 5],60,87,102,27,76
1,<environment.Job instance at 0x1493da7e1a50>,52,16,[8 2],65,91,107,26,91
1,<environment.Job instance at 0x1493da7e19b0>,53,3,[1 5],68,117,120,49,117
1,<environment.Job instance at 0x1493e4f556e0>,71,16,[2 5],91,129,145,38,129
1,<environment.Job instance at 0x1493d9a735f0>,80,14,[2 9],107,145,159,38,143
1,<environment.Job instance at 0x1493da7b4aa0>,91,17,[1 5],122,159,176,37,151
1,<environment.Job instance at 0x1493da7b4140>,90,3,[1 9],121,182,185,61,182
1,<environment.Job instance at 0x1493e4541e60>,104,15,[ 2 10],144,190,205,46,190
1,<environment.Job instance at 0x1493e4541be0>,108,1,[2 6],148,205,206,57,204
1,<environment.Job instance at 0x1493e45419b0>,109,1,[1 5],150,210,211,60,210
1,<environment.Job instance at 0x1493e45411e0>,112,3,[2 5],155,211,214,56,211
1,<environment.Job instance at 0x1493e4541460>,113,18,[5 2],157,212,230,55,212
1,<environment.Job instance at 0x1493d5d94b40>,115,2,[2 6],160,222,224,62,222
1,<environment.Job instance at 0x1493d5d94af0>,116,2,[6 2],161,230,232,69,223
1,<environment.Job instance at 0x1493d5d94e60>,117,3,[2 7],162,228,231,66,228
1,<environment.Job instance at 0x1493d8ef5b40>,1,1,[1 8],2,3,4,1,3
1,<environment.Job instance at 0x1493d5c401e0>,6,13,[10  1],8,8,21,0,8
1,<environment.Job instance at 0x1493d5c406e0>,7,3,[2 6],9,21,24,12,9
1,<environment.Job instance at 0x1493d5f4b640>,32,14,[5 2],44,89,103,45,89
1,<environment.Job instance at 0x1493e452f730>,71,3,[1 7],107,124,127,17,124
1,<environment.Job instance at 0x1493d5baa1e0>,73,20,[7 2],109,147,167,38,147
1,<environment.Job instance at 0x1493e708b190>,0,13,[1 9],1,1,14,0,1
1,<environment.Job instance at 0x1493e4fb4960>,4,2,[1 9],6,14,16,8,8
1,<environment.Job instance at 0x1493d5b8eaa0>,2,15,[9 1],4,8,23,4,8
1,<environment.Job instance at 0x1493e4063eb0>,13,15,[8 2],17,23,38,6,20
1,<environment.Job instance at 0x1493d5f34780>,26,12,[6 1],33,123,135,90,123
1,<environment.Job instance at 0x1493d5f34b40>,22,3,[1 8],28,141,144,113,141
1,<environment.Job instance at 0x1493d824d0f0>,0,3,[5 1],1,1,4,0,1
1,<environment.Job instance at 0x1493da743a50>,4,12,[7 2],7,7,19,0,7
1,<environment.Job instance at 0x1493e5044b40>,16,3,[7 1],21,21,24,0,21
1,<environment.Job instance at 0x1493e5044d70>,19,22,[5 1],26,26,48,0,26
1,<environment.Job instance at 0x1493e44c4410>,20,14,[9 2],29,48,62,19,38
1,<environment.Job instance at 0x1493d62a5eb0>,36,3,[10  2],49,62,65,13,49
1,<environment.Job instance at 0x1493d62a51e0>,37,18,[2 5],50,65,83,15,54
1,<environment.Job instance at 0x1493d6000140>,53,1,[8 2],69,96,97,27,96
1,<environment.Job instance at 0x1493d60001e0>,55,28,[ 2 10],71,97,125,26,96
1,<environment.Job instance at 0x1493da82bf00>,73,2,[1 8],98,130,132,32,130
1,<environment.Job instance at 0x1493d65df960>,66,2,[9 1],89,249,251,160,249
1,<environment.Job instance at 0x1493e4027b90>,0,18,[2 9],1,1,19,0,1
1,<environment.Job instance at 0x1493d7825320>,6,18,[7 2],10,19,37,9,10
1,<environment.Job instance at 0x1493d6581fa0>,2,3,[2 6],3,3,6,0,3
1,<environment.Job instance at 0x1493d6fb2410>,9,1,[9 2],10,10,11,0,10
1,<environment.Job instance at 0x1493d6fb2b90>,12,14,[8 2],15,15,29,0,15
1,<environment.Job instance at 0x1493e4015410>,31,2,[1 7],43,250,252,207,250
1,<environment.Job instance at 0x1493e4f71370>,0,16,[ 2 10],3,4,20,1,4
1,<environment.Job instance at 0x1493d6d05f00>,3,17,[2 7],8,20,37,12,8
1,<environment.Job instance at 0x1493d5e7c960>,20,15,[5 2],30,178,193,148,178
1,<environment.Job instance at 0x1493d5b03780>,72,15,[5 2],103,185,200,82,185
1,<environment.Job instance at 0x1493da7302d0>,0,13,[2 5],2,2,15,0,2
1,<environment.Job instance at 0x1493da4593c0>,5,13,[2 5],12,12,25,0,12
1,<environment.Job instance at 0x1493d5de07d0>,10,3,[8 1],17,22,25,5,22
1,<environment.Job instance at 0x1493d77f8aa0>,59,18,[10  1],91,133,151,42,133
1,<environment.Job instance at 0x1493d9333af0>,43,1,[10  1],65,499,500,434,499
1,<environment.Job instance at 0x1493da89d6e0>,4,15,[5 1],6,6,21,0,6
1,<environment.Job instance at 0x1493d5bdfaf0>,7,13,[ 2 10],9,21,34,12,9
1,<environment.Job instance at 0x1493d5bdfb90>,19,19,[7 2],28,34,53,6,31
1,<environment.Job instance at 0x1493d9351230>,1,3,[1 6],3,3,6,0,3
1,<environment.Job instance at 0x1493d8efac30>,2,13,[2 9],5,6,19,1,5
1,<environment.Job instance at 0x1493d8efa190>,3,12,[10  1],6,19,31,13,7
1,<environment.Job instance at 0x1493d8efae60>,9,1,[6 2],12,31,32,19,19
1,<environment.Job instance at 0x1493e401f7d0>,19,1,[6 1],24,32,33,8,26
1,<environment.Job instance at 0x1493d9447820>,21,3,[2 8],28,31,34,3,28
1,<environment.Job instance at 0x1493e7092730>,39,2,[2 6],57,57,59,0,57
1,<environment.Job instance at 0x1493d5d34cd0>,42,17,[2 7],63,63,80,0,63
1,<environment.Job instance at 0x1493d8281d70>,51,16,[1 8],76,80,96,4,76
1,<environment.Job instance at 0x1493d6362910>,0,3,[6 2],1,1,4,0,1
1,<environment.Job instance at 0x1493d8da9370>,3,3,[1 5],5,5,8,0,5
1,<environment.Job instance at 0x148fccf0f640>,0,12,[2 5],1,1,13,0,1
1,<environment.Job instance at 0x148f75fad4b0>,6,18,[8 1],7,7,25,0,7
1,<environment.Job instance at 0x148f75faddc0>,17,17,[6 1],23,25,42,2,23
1,<environment.Job instance at 0x148f75fb0e10>,29,16,[10  2],39,42,58,3,41
1,<environment.Job instance at 0x148f75fb0cd0>,28,2,[2 7],37,58,60,21,41
1,<environment.Job instance at 0x148f75fb20f0>,32,3,[2 9],42,60,63,18,42
1,<environment.Job instance at 0x148f75fb2c80>,40,3,[1 6],53,63,66,10,62
1,<environment.Job instance at 0x148f75fb35f0>,47,1,[1 6],63,79,80,16,79
1,<environment.Job instance at 0x148f75fb70a0>,57,22,[1 5],80,101,123,21,101
1,<environment.Job instance at 0x148f75fb3820>,50,12,[9 1],68,162,174,94,162
1,<environment.Job instance at 0x148f76651910>,98,13,[ 1 10],136,174,187,38,168
1,<environment.Job instance at 0x148f75fb05f0>,1,15,[1 7],5,5,20,0,5
1,<environment.Job instance at 0x148f7e82a3c0>,9,17,[ 2 10],16,20,37,4,16
1,<environment.Job instance at 0x148f7e826cd0>,18,3,[ 2 10],27,37,40,10,27
1,<environment.Job instance at 0x148f7e8261e0>,19,14,[10  1],29,40,54,11,29
1,<environment.Job instance at 0x148f7e820b40>,32,16,[9 1],46,54,70,8,53
1,<environment.Job instance at 0x148f7e820af0>,33,15,[9 2],50,70,85,20,57
1,<environment.Job instance at 0x148fcceace10>,45,2,[1 6],67,68,70,1,68
1,<environment.Job instance at 0x148f7d396d20>,46,18,[7 2],69,85,103,16,74
1,<environment.Job instance at 0x148f7d396050>,48,18,[10  1],76,103,121,27,96
1,<environment.Job instance at 0x148f7bb36c80>,116,2,[ 2 10],175,245,247,70,245
1,<environment.Job instance at 0x148f7d3b7af0>,118,17,[10  1],178,247,264,69,245
1,<environment.Job instance at 0x148f7866c3c0>,1,3,[2 7],3,3,6,0,3
1,<environment.Job instance at 0x148f76987370>,4,2,[1 9],11,14,16,3,14
1,<environment.Job instance at 0x148f786bba00>,8,1,[9 2],15,19,20,4,19
1,<environment.Job instance at 0x148f786bb910>,10,2,[1 6],18,45,47,27,45
1,<environment.Job instance at 0x148f78704460>,22,18,[6 2],36,45,63,9,45
1,<environment.Job instance at 0x148f787040f0>,23,16,[1 5],38,47,63,9,46
1,<environment.Job instance at 0x148f786880f0>,44,12,[5 2],68,83,95,15,83
1,<environment.Job instance at 0x148f7866cd20>,50,16,[2 8],79,83,99,4,83
1,<environment.Job instance at 0x148f786bbc30>,7,3,[1 8],14,101,104,87,101
1,<environment.Job instance at 0x148f78688140>,48,27,[1 7],75,104,131,29,102
1,<environment.Job instance at 0x148f759e3cd0>,71,15,[10  1],109,131,146,22,122
1,<environment.Job instance at 0x148f7fe7ba50>,0,1,[2 6],1,1,2,0,1
1,<environment.Job instance at 0x148f786dd280>,1,3,[1 7],3,3,6,0,3
1,<environment.Job instance at 0x148f7fe7b9b0>,2,17,[2 7],4,6,23,2,4
1,<environment.Job instance at 0x148f809dca50>,35,3,[10  1],47,90,93,43,90
1,<environment.Job instance at 0x148f7ff64960>,49,16,[1 5],71,107,123,36,107
1,<environment.Job instance at 0x148f7a1deb40>,56,16,[ 2 10],82,123,139,41,119
1,<environment.Job instance at 0x148f8331f460>,68,14,[2 8],103,139,153,36,128
1,<environment.Job instance at 0x148fc81c8a50>,72,17,[2 8],107,153,170,46,142
1,<environment.Job instance at 0x148f75a700f0>,73,2,[6 1],109,147,149,38,147
1,<environment.Job instance at 0x148f833682d0>,75,3,[9 2],112,170,173,58,147
1,<environment.Job instance at 0x148f76718550>,82,13,[10  1],125,173,186,48,164
1,<environment.Job instance at 0x148f78b0a230>,91,3,[1 9],141,194,197,53,194
1,<environment.Job instance at 0x148f767241e0>,109,12,[2 8],165,249,261,84,249
1,<environment.Job instance at 0x148f80057d70>,0,14,[1 5],1,1,15,0,1
1,<environment.Job instance at 0x148f78b0a2d0>,1,12,[2 6],3,15,27,12,3
1,<environment.Job instance at 0x148f80996870>,5,16,[8 1],10,35,51,25,35
1,<environment.Job instance at 0x148f78d27140>,21,17,[2 9],31,36,53,5,36
1,<environment.Job instance at 0x148f756f7780>,33,16,[ 2 10],45,53,69,8,46
1,<environment.Job instance at 0x148f756f7410>,35,14,[8 2],47,72,86,25,72
1,<environment.Job instance at 0x148f756f5af0>,47,21,[ 2 10],64,86,107,22,81
1,<environment.Job instance at 0x148f75d6b410>,50,3,[2 7],68,107,110,39,84
1,<environment.Job instance at 0x148f75d6b780>,52,15,[6 1],70,122,137,52,122
1,<environment.Job instance at 0x148f75cdfc80>,72,2,[9 2],96,137,139,41,123
1,<environment.Job instance at 0x148f75cf5a50>,81,16,[6 1],107,153,169,46,153
1,<environment.Job instance at 0x148f756ea4b0>,88,1,[6 2],115,169,170,54,153
1,<environment.Job instance at 0x148f756ea870>,91,13,[10  1],119,170,183,51,168
1,<environment.Job instance at 0x148f756eadc0>,94,2,[7 2],122,183,185,61,170
1,<environment.Job instance at 0x148f79d08870>,96,3,[6 1],124,185,188,61,172
1,<environment.Job instance at 0x148f77c510a0>,22,13,[7 2],34,59,72,25,59
1,<environment.Job instance at 0x148f7570a820>,65,1,[6 1],93,217,218,124,217
1,<environment.Job instance at 0x148f756b8cd0>,75,14,[ 1 10],107,233,247,126,233
1,<environment.Job instance at 0x148f79cfbbe0>,76,1,[5 2],108,247,248,139,244
1,<environment.Job instance at 0x148f75f5a730>,77,1,[8 2],109,248,249,139,245
1,<environment.Job instance at 0x148f7a2237d0>,79,3,[6 1],113,249,252,136,248
1,<environment.Job instance at 0x148f75c57f00>,92,1,[ 2 10],137,265,266,128,265
1,<environment.Job instance at 0x148f75a088c0>,98,12,[7 2],146,277,289,131,277
1,<environment.Job instance at 0x148f75a08230>,99,15,[ 2 10],152,289,304,137,277
1,<environment.Job instance at 0x148f79d34f00>,116,13,[7 1],172,304,317,132,293
1,<environment.Job instance at 0x148f75a2d2d0>,121,2,[1 7],179,308,310,129,308
1,<environment.Job instance at 0x148f7fe9e640>,4,3,[6 1],7,7,10,0,7
1,<environment.Job instance at 0x148f75ce7190>,5,2,[ 1 10],8,10,12,2,8
1,<environment.Job instance at 0x148f7fe9e500>,6,1,[7 1],9,12,13,3,9
1,<environment.Job instance at 0x148f7fe9ec80>,7,1,[2 6],12,12,13,0,12
1,<environment.Job instance at 0x148f7bb360a0>,8,2,[10  2],13,13,15,0,13
1,<environment.Job instance at 0x148f7bb36fa0>,9,1,[5 1],14,15,16,1,14
1,<environment.Job instance at 0x148f7bb36a50>,10,2,[8 2],15,16,18,1,15
1,<environment.Job instance at 0x148f7bb360f0>,12,3,[8 1],18,18,21,0,18
1,<environment.Job instance at 0x148f758defa0>,13,15,[6 1],22,22,37,0,22
1,<environment.Job instance at 0x148f758de5f0>,15,17,[10  1],26,37,54,11,26
1,<environment.Job instance at 0x148f80009190>,20,14,[2 6],33,54,68,21,50
1,<environment.Job instance at 0x148f759687d0>,61,15,[6 1],93,161,176,68,161
1,<environment.Job instance at 0x148f7575a3c0>,69,14,[ 1 10],104,176,190,72,161
1,<environment.Job instance at 0x148f75a31e10>,83,3,[2 5],119,190,193,71,182
1,<environment.Job instance at 0x148f75a31280>,85,27,[6 1],121,191,218,70,191
1,<environment.Job instance at 0x148f7fe6fd20>,87,17,[7 2],123,218,235,95,206
1,<environment.Job instance at 0x148f75a705a0>,100,15,[6 2],142,235,250,93,225
1,<environment.Job instance at 0x148f766b80a0>,102,17,[1 8],145,226,243,81,226
1,<environment.Job instance at 0x148f758d6320>,105,2,[1 8],149,253,255,104,253
1,<environment.Job instance at 0x148f771ef3c0>,106,2,[1 5],150,255,257,105,255
1,<environment.Job instance at 0x148f771efc30>,107,1,[1 5],151,255,256,104,255
1,<environment.Job instance at 0x148f7a152e10>,108,2,[9 1],152,256,258,104,255
1,<environment.Job instance at 0x148f7fe91460>,109,3,[9 2],153,258,261,105,255
1,<environment.Job instance at 0x148f7fe918c0>,110,17,[5 2],154,261,278,107,255
1,<environment.Job instance at 0x148f75fed8c0>,115,17,[5 2],160,270,287,110,270
1,<environment.Job instance at 0x148f75935820>,120,1,[2 8],167,281,282,114,281
1,<environment.Job instance at 0x148f759358c0>,122,12,[2 9],169,287,299,118,281
1,<environment.Job instance at 0x148f75935780>,123,15,[2 5],170,299,314,129,292
1,<environment.Job instance at 0x148f75935a50>,126,17,[7 1],174,295,312,121,295
1,<environment.Job instance at 0x148f809d18c0>,0,16,[7 1],1,2,18,1,2
1,<environment.Job instance at 0x148f758de230>,3,2,[5 1],4,18,20,14,4
1,<environment.Job instance at 0x148f786b6e10>,6,3,[2 6],7,7,10,0,7
1,<environment.Job instance at 0x148f800706e0>,9,15,[6 1],15,20,35,5,16
1,<environment.Job instance at 0x148f767220f0>,15,16,[2 5],21,23,39,2,23
1,<environment.Job instance at 0x148f7a281a00>,21,15,[8 1],29,35,50,6,31
1,<environment.Job instance at 0x148f7fecf0a0>,24,14,[2 9],37,39,53,2,37
1,<environment.Job instance at 0x148f7ffd5910>,16,1,[5 1],22,50,51,28,47
1,<environment.Job instance at 0x148f7a265be0>,37,1,[1 8],55,59,60,4,59
1,<environment.Job instance at 0x148f7947de60>,48,15,[ 2 10],74,78,93,4,78
1,<environment.Job instance at 0x148f75c13f50>,56,3,[2 5],85,104,107,19,104
1,<environment.Job instance at 0x148f75c13b40>,57,18,[5 2],87,104,122,17,104
1,<environment.Job instance at 0x148f75c13d70>,65,3,[1 5],99,123,126,24,123
1,<environment.Job instance at 0x148f75456370>,69,25,[9 1],103,126,151,23,126
1,<environment.Job instance at 0x148f788cf0f0>,89,26,[5 2],129,188,214,59,188
1,<environment.Job instance at 0x148f7ffd5690>,17,12,[ 1 10],23,422,434,399,422
1,<environment.Job instance at 0x148f771fcd20>,0,2,[1 6],6,6,8,0,6
1,<environment.Job instance at 0x148f771fca00>,1,18,[8 1],8,8,26,0,8
1,<environment.Job instance at 0x148f75ff6870>,10,17,[6 2],22,26,43,4,22
1,<environment.Job instance at 0x148f7a226910>,18,2,[2 6],31,60,62,29,60
1,<environment.Job instance at 0x148f75de9f50>,23,2,[1 6],38,85,87,47,85
1,<environment.Job instance at 0x148f800670f0>,72,15,[8 2],107,132,147,25,132
1,<environment.Job instance at 0x148f7663ccd0>,63,2,[1 9],96,355,357,259,355
1,<environment.Job instance at 0x148f80adc870>,43,17,[9 2],69,458,475,389,458
1,<environment.Job instance at 0x148f7589fb90>,10,3,[10  1],15,308,311,293,308
1,<environment.Job instance at 0x148f7589f780>,17,1,[2 7],22,315,316,293,315
1,<environment.Job instance at 0x148f7589ff50>,18,3,[7 1],23,316,319,293,316
1,<environment.Job instance at 0x148f82a21320>,20,28,[ 2 10],26,319,347,293,318
1,<environment.Job instance at 0x148f82a216e0>,23,13,[6 1],29,347,360,318,334
1,<environment.Job instance at 0x148f835f67d0>,34,17,[5 2],50,360,377,310,351
1,<environment.Job instance at 0x148f75b49a00>,39,3,[9 1],57,377,380,320,352
1,<environment.Job instance at 0x148f75dffa00>,45,2,[10  1],66,380,382,314,354
1,<environment.Job instance at 0x148f75dffb90>,46,16,[10  2],67,382,398,315,369
1,<environment.Job instance at 0x148f78e28e60>,69,3,[9 1],98,398,401,300,386
1,<environment.Job instance at 0x148f80a09050>,73,3,[ 1 10],104,401,404,297,388
1,<environment.Job instance at 0x148f79453c80>,62,3,[10  2],88,423,426,335,423
1,<environment.Job instance at 0x148f80a55370>,88,1,[9 2],124,521,522,397,521
1,<environment.Job instance at 0x148f78c39eb0>,0,3,[2 5],1,1,4,0,1
1,<environment.Job instance at 0x148f78bfb0a0>,1,16,[7 2],2,2,18,0,2
1,<environment.Job instance at 0x148f78c397d0>,2,12,[9 1],3,18,30,15,3
1,<environment.Job instance at 0x148f809e8a50>,10,13,[1 8],18,19,32,1,19
1,<environment.Job instance at 0x148f809e88c0>,15,14,[10  2],26,32,46,6,26
1,<environment.Job instance at 0x148f75cb57d0>,17,12,[6 1],30,46,58,16,32
1,<environment.Job instance at 0x148f766b4190>,26,16,[9 2],43,58,74,15,51
1,<environment.Job instance at 0x148f757928c0>,37,18,[2 9],61,74,92,13,64
1,<environment.Job instance at 0x148f7bb32f50>,43,18,[7 2],70,92,110,22,85
1,<environment.Job instance at 0x148f8006e8c0>,59,17,[7 2],91,110,127,19,98
1,<environment.Job instance at 0x148f7ff7ff50>,74,13,[ 1 10],117,127,140,10,117
1,<environment.Job instance at 0x148f8009fbe0>,75,2,[ 1 10],120,140,142,20,127
1,<environment.Job instance at 0x148f76729c30>,82,14,[6 2],130,142,156,12,130
1,<environment.Job instance at 0x148fcce1d820>,83,1,[5 2],131,156,157,25,131
1,<environment.Job instance at 0x148f75cf6820>,84,18,[10  2],132,157,175,25,146
1,<environment.Job instance at 0x148f79ec2550>,98,1,[1 7],157,175,176,18,158
1,<environment.Job instance at 0x148f75e16640>,88,12,[5 2],137,175,187,38,170
1,<environment.Job instance at 0x148f75e16c30>,87,2,[1 8],136,187,189,51,187
1,<environment.Job instance at 0x148f75f8fbe0>,0,3,[10  2],2,2,5,0,2
1,<environment.Job instance at 0x148f75f8f870>,1,17,[6 1],3,5,22,2,4
1,<environment.Job instance at 0x148f75f8fe10>,5,13,[7 2],11,22,35,11,11
1,<environment.Job instance at 0x148f75f8f0f0>,7,3,[5 2],17,35,38,18,17
1,<environment.Job instance at 0x148f7578cb40>,8,3,[ 2 10],18,38,41,20,18
1,<environment.Job instance at 0x148f759f1af0>,13,16,[5 2],25,41,57,16,29
1,<environment.Job instance at 0x148f800451e0>,28,18,[7 2],49,57,75,8,49
1,<environment.Job instance at 0x148f7545c5a0>,42,14,[8 2],65,75,89,10,65
1,<environment.Job instance at 0x148f7578c320>,15,2,[10  1],27,89,91,62,74
1,<environment.Job instance at 0x148f7ffcac80>,52,17,[10  2],81,91,108,10,81
1,<environment.Job instance at 0x148f7592e5a0>,47,3,[1 8],73,108,111,35,88
1,<environment.Job instance at 0x148f75ee2500>,57,2,[7 1],89,108,110,19,91
1,<environment.Job instance at 0x148f75d86dc0>,109,18,[2 8],159,235,253,76,235
1,<environment.Job instance at 0x148f7672f9b0>,0,3,[1 6],2,2,5,0,2
1,<environment.Job instance at 0x148f7672f640>,3,16,[2 6],5,5,21,0,5
1,<environment.Job instance at 0x148f7672fe10>,6,3,[2 9],12,21,24,9,12
1,<environment.Job instance at 0x148f75d97a50>,8,3,[7 1],16,16,19,0,16
1,<environment.Job instance at 0x148f75d97a00>,9,3,[ 2 10],19,24,27,5,19
1,<environment.Job instance at 0x148f75d977d0>,10,3,[7 2],21,27,30,6,21
1,<environment.Job instance at 0x148f75d97e10>,12,3,[1 6],26,27,30,1,26
1,<environment.Job instance at 0x148f75d97f50>,13,13,[1 5],27,30,43,3,27
1,<environment.Job instance at 0x148f75d978c0>,15,2,[2 5],29,30,32,1,29
1,<environment.Job instance at 0x148f758c9050>,16,3,[1 8],30,43,46,13,30
1,<environment.Job instance at 0x148f809fabe0>,18,18,[1 8],33,46,64,13,35
1,<environment.Job instance at 0x148f75faae10>,33,2,[7 2],57,58,60,1,58
1,<environment.Job instance at 0x148f7a0efc80>,36,3,[6 2],60,60,63,0,60
1,<environment.Job instance at 0x148f78d38140>,37,3,[8 1],62,63,66,1,63
1,<environment.Job instance at 0x148f75c3f870>,38,1,[7 1],64,66,67,2,64
1,<environment.Job instance at 0x148f75c3fe60>,39,1,[1 5],65,65,66,0,65
1,<environment.Job instance at 0x148f7882b2d0>,40,15,[10  1],66,67,82,1,66
1,<environment.Job instance at 0x148f75fb2320>,41,17,[6 1],68,82,99,14,70
1,<environment.Job instance at 0x148f7872f0a0>,43,15,[5 2],70,99,114,29,94
1,<environment.Job instance at 0x148f787a83c0>,56,15,[7 2],88,117,132,29,117
1,<environment.Job instance at 0x148f7a26d820>,63,16,[5 1],98,132,148,34,132
1,<environment.Job instance at 0x148f7a26d780>,68,1,[6 2],105,148,149,43,133
1,<environment.Job instance at 0x148f7a274a00>,74,15,[2 8],112,155,170,43,155
1,<environment.Job instance at 0x148f75d60af0>,92,1,[7 1],140,188,189,48,188
1,<environment.Job instance at 0x148f78787e10>,95,15,[5 2],143,193,208,50,193
1,<environment.Job instance at 0x148f787aa780>,116,16,[1 9],176,208,224,32,207
1,<environment.Job instance at 0x148f75da8a00>,0,3,[1 8],4,4,7,0,4
1,<environment.Job instance at 0x148f75eac050>,3,3,[1 7],7,7,10,0,7
1,<environment.Job instance at 0x148f75eac730>,5,3,[1 8],10,10,13,0,10
1,<environment.Job instance at 0x148f75eac1e0>,6,14,[ 1 10],13,13,27,0,13
1,<environment.Job instance at 0x148f758dbe10>,8,14,[2 9],18,27,41,9,18
1,<environment.Job instance at 0x148f7ff38eb0>,16,18,[2 7],29,41,59,12,30
1,<environment.Job instance at 0x148f75d3d0a0>,25,16,[9 2],42,59,75,17,50
1,<environment.Job instance at 0x148f7bb4cf00>,52,2,[ 1 10],78,79,81,1,79
1,<environment.Job instance at 0x148f75dbb4b0>,54,17,[2 5],83,83,100,0,83
1,<environment.Job instance at 0x148f7a24ea50>,45,14,[9 1],66,100,114,34,99
1,<environment.Job instance at 0x148f7557b8c0>,67,16,[10  1],100,114,130,14,101
1,<environment.Job instance at 0x148f754c15f0>,79,21,[2 7],114,130,151,16,128
1,<environment.Job instance at 0x148f75bfa2d0>,89,15,[7 2],124,145,160,21,145
1,<environment.Job instance at 0x148f80089dc0>,91,16,[2 7],130,151,167,21,148
1,<environment.Job instance at 0x148f7a23bf50>,76,2,[5 1],109,160,162,51,160
1,<environment.Job instance at 0x148f75dc5c80>,100,1,[5 1],144,187,188,43,187
1,<environment.Job instance at 0x148f7590c0a0>,0,13,[ 1 10],1,1,14,0,1
1,<environment.Job instance at 0x148f75c43280>,3,13,[1 5],5,14,27,9,5
1,<environment.Job instance at 0x148f78cfea00>,17,3,[1 7],25,136,139,111,136
1,<environment.Job instance at 0x148f7583bdc0>,67,3,[2 7],100,139,142,39,139
1,<environment.Job instance at 0x148f7583bb40>,68,3,[6 2],102,139,142,37,139
1,<environment.Job instance at 0x148f766425f0>,73,16,[ 1 10],110,146,162,36,146
1,<environment.Job instance at 0x148f75e02b40>,81,1,[2 9],121,165,166,44,165
1,<environment.Job instance at 0x148f786b65f0>,83,3,[6 2],123,171,174,48,171
1,<environment.Job instance at 0x148f786b6f00>,85,16,[9 1],126,176,192,50,176
1,<environment.Job instance at 0x148f7e812960>,98,14,[10  2],142,192,206,50,182
1,<environment.Job instance at 0x148f755d5460>,93,2,[1 7],136,287,289,151,287
1,<environment.Job instance at 0x148f75b838c0>,112,18,[1 6],157,289,307,132,288
1,<environment.Job instance at 0x148f7bb45c80>,0,3,[1 9],1,1,4,0,1
1,<environment.Job instance at 0x148f78750730>,1,22,[1 7],2,4,26,2,2
1,<environment.Job instance at 0x148f76659550>,12,15,[5 1],16,22,37,6,22
1,<environment.Job instance at 0x148f758a11e0>,19,3,[1 7],26,27,30,1,27
1,<environment.Job instance at 0x148f76659c30>,14,1,[6 2],18,37,38,19,32
1,<environment.Job instance at 0x148f757145f0>,30,1,[2 6],41,51,52,10,51
1,<environment.Job instance at 0x148f80a9edc0>,31,12,[1 8],42,52,64,10,52
1,<environment.Job instance at 0x148f839db050>,35,25,[7 2],48,55,80,7,55
1,<environment.Job instance at 0x148f78752a00>,83,3,[6 1],111,183,186,72,183
1,<environment.Job instance at 0x148f75881190>,1,3,[1 6],3,3,6,0,3
1,<environment.Job instance at 0x148f80a4beb0>,2,13,[2 9],5,6,19,1,5
1,<environment.Job instance at 0x148f80a4b050>,3,12,[10  1],6,19,31,13,7
1,<environment.Job instance at 0x148f80a4b780>,8,3,[6 1],11,11,14,0,11
1,<environment.Job instance at 0x148f78835f00>,14,17,[1 9],18,31,48,13,20
1,<environment.Job instance at 0x148f753e6370>,17,17,[9 1],21,31,48,10,21
1,<environment.Job instance at 0x148f78b797d0>,23,25,[ 1 10],31,48,73,17,44
1,<environment.Job instance at 0x148f7a23b8c0>,42,17,[2 7],63,73,90,10,64
1,<environment.Job instance at 0x148f7a17a140>,44,13,[9 2],65,91,104,26,91
1,<environment.Job instance at 0x148f75d8dcd0>,60,2,[8 1],87,122,124,35,122
1,<environment.Job instance at 0x148f769758c0>,73,2,[8 1],103,125,127,22,125
1,<environment.Job instance at 0x148f78c1dd20>,79,2,[2 5],115,127,129,12,127
1,<environment.Job instance at 0x148f7a1906e0>,80,2,[1 6],116,131,133,15,131
1,<environment.Job instance at 0x148f78c7bf00>,81,12,[ 1 10],118,133,145,15,133
1,<environment.Job instance at 0x148f75dffa00>,113,15,[6 2],167,233,248,66,233
1,<environment.Job instance at 0x148f7a1b65a0>,0,2,[8 1],1,1,3,0,1
1,<environment.Job instance at 0x148f76718050>,1,20,[1 9],2,2,22,0,2
1,<environment.Job instance at 0x148f7ff567d0>,6,15,[5 1],11,12,27,1,12
1,<environment.Job instance at 0x148f7a0e0e60>,1,18,[6 2],3,3,21,0,3
1,<environment.Job instance at 0x148f7a0e0320>,4,13,[ 2 10],8,21,34,13,8
1,<environment.Job instance at 0x148f7a0e02d0>,6,2,[1 6],11,11,13,0,11
1,<environment.Job instance at 0x148f78c41c80>,11,13,[6 2],19,34,47,15,19
1,<environment.Job instance at 0x148f78c35eb0>,14,2,[1 6],22,34,36,12,23
1,<environment.Job instance at 0x148f7a122190>,16,13,[2 7],24,36,49,12,25
1,<environment.Job instance at 0x148f75875be0>,18,15,[2 9],27,49,64,22,37
1,<environment.Job instance at 0x148f753eba00>,21,16,[ 1 10],32,64,80,32,54
1,<environment.Job instance at 0x148f78d5a640>,39,3,[ 1 10],60,80,83,20,66
1,<environment.Job instance at 0x148f78749960>,47,1,[8 1],74,83,84,9,79
1,<environment.Job instance at 0x148f7a143dc0>,62,15,[5 2],98,157,172,59,157
1,<environment.Job instance at 0x148f78c05d70>,89,13,[5 2],139,225,238,86,225
1,<environment.Job instance at 0x1515f8370c30>,0,12,[2 5],1,1,13,0,1
1,<environment.Job instance at 0x1515a13f54b0>,6,18,[8 1],7,7,25,0,7
1,<environment.Job instance at 0x1515a13f5dc0>,17,17,[6 1],23,25,42,2,23
1,<environment.Job instance at 0x1515a13f8230>,21,3,[6 1],29,42,45,13,36
1,<environment.Job instance at 0x1515a13fa320>,37,2,[ 1 10],50,70,72,20,70
1,<environment.Job instance at 0x1515a13fab40>,40,3,[1 6],53,73,76,20,73
1,<environment.Job instance at 0x1515a13fadc0>,42,1,[10  1],56,79,80,23,79
1,<environment.Job instance at 0x1515a13fad20>,44,3,[1 8],58,83,86,25,83
1,<environment.Job instance at 0x1515a13fc460>,50,12,[9 1],68,88,100,20,88
1,<environment.Job instance at 0x1515a13fcd20>,60,17,[8 1],86,118,135,32,118
1,<environment.Job instance at 0x1515a4250280>,89,2,[1 9],126,206,208,80,206
1,<environment.Job instance at 0x1515a3065550>,0,2,[ 2 10],1,2,4,1,2
1,<environment.Job instance at 0x1515adc5e730>,3,2,[ 2 10],4,4,6,0,4
1,<environment.Job instance at 0x1515adc5eb90>,4,2,[2 9],5,6,8,1,5
1,<environment.Job instance at 0x1515adc5ed20>,5,17,[ 2 10],6,8,25,2,6
1,<environment.Job instance at 0x1515adc57550>,11,1,[1 7],13,25,26,12,13
1,<environment.Job instance at 0x1515adc573c0>,12,1,[2 9],14,26,27,12,14
1,<environment.Job instance at 0x1515adc574b0>,13,15,[1 7],15,27,42,12,15
1,<environment.Job instance at 0x1515adc57780>,15,14,[10  1],19,42,56,23,27
1,<environment.Job instance at 0x1515adc5a0a0>,23,18,[8 1],28,56,74,28,53
1,<environment.Job instance at 0x1515adc54e60>,36,2,[1 5],49,56,58,7,56
1,<environment.Job instance at 0x1515adc4f5a0>,42,18,[7 2],59,74,92,15,73
1,<environment.Job instance at 0x1515adc4f050>,44,18,[10  1],66,136,154,70,136
1,<environment.Job instance at 0x1515ac160870>,74,2,[5 2],105,158,160,53,158
1,<environment.Job instance at 0x1515b440c230>,109,13,[1 7],160,241,254,81,241
1,<environment.Job instance at 0x1515b440ce60>,110,12,[2 9],163,254,266,91,246
1,<environment.Job instance at 0x1515adc57050>,2,16,[9 1],3,3,19,0,3
1,<environment.Job instance at 0x1515a1429320>,5,14,[7 2],7,19,33,12,7
1,<environment.Job instance at 0x1515a1429be0>,13,14,[1 6],22,22,36,0,22
1,<environment.Job instance at 0x1515a3bc1140>,19,3,[6 2],31,33,36,2,31
1,<environment.Job instance at 0x1515a3bc1370>,20,2,[5 2],32,36,38,4,32
1,<environment.Job instance at 0x1515a3bc1280>,23,1,[7 2],36,38,39,2,36
1,<environment.Job instance at 0x1515a3bc1050>,24,3,[1 7],38,38,41,0,38
1,<environment.Job instance at 0x1515a3bc1be0>,25,14,[1 6],39,41,55,2,40
1,<environment.Job instance at 0x1515a3c0e870>,33,3,[8 1],49,51,54,2,51
1,<environment.Job instance at 0x1515a3c0ed70>,34,3,[8 1],53,55,58,2,55
1,<environment.Job instance at 0x1515a3c0e8c0>,36,27,[1 7],55,55,82,0,55
1,<environment.Job instance at 0x1515a3bd2be0>,37,15,[2 8],58,82,97,24,70
1,<environment.Job instance at 0x1515a3bd2230>,42,2,[8 1],66,70,72,4,70
1,<environment.Job instance at 0x1515a420cb40>,48,1,[1 8],75,97,98,22,75
1,<environment.Job instance at 0x1515a420c460>,49,16,[2 6],76,98,114,22,85
1,<environment.Job instance at 0x1515ac7fa640>,70,3,[1 6],104,118,121,14,118
1,<environment.Job instance at 0x1515a1456780>,85,27,[ 2 10],123,145,172,22,145
1,<environment.Job instance at 0x1515a2644b90>,127,16,[ 2 10],175,226,242,51,226
1,<environment.Job instance at 0x1515ac096500>,3,3,[1 9],8,8,11,0,8
1,<environment.Job instance at 0x1515ac096640>,4,16,[10  1],9,11,27,2,9
1,<environment.Job instance at 0x1515af4a3870>,12,18,[2 6],24,27,45,3,24
1,<environment.Job instance at 0x1515af4a35f0>,17,12,[1 5],31,45,57,14,31
1,<environment.Job instance at 0x1515af4a3cd0>,15,14,[2 5],28,45,59,17,31
1,<environment.Job instance at 0x1515af4a39b0>,18,13,[7 2],32,57,70,25,43
1,<environment.Job instance at 0x1515b4408140>,33,16,[2 7],61,69,85,8,69
1,<environment.Job instance at 0x1515afd793c0>,43,27,[1 7],75,85,112,10,83
1,<environment.Job instance at 0x1515afd79c80>,46,2,[6 1],79,83,85,4,83
1,<environment.Job instance at 0x1515afd79d70>,47,2,[ 1 10],80,112,114,32,85
1,<environment.Job instance at 0x1515afd79640>,48,3,[9 2],82,85,88,3,85
1,<environment.Job instance at 0x1515afd53cd0>,55,13,[10  1],95,114,127,19,106
1,<environment.Job instance at 0x1515a0c6be10>,30,3,[10  2],53,127,130,74,106
1,<environment.Job instance at 0x1515afd60230>,60,2,[8 2],105,130,132,25,119
1,<environment.Job instance at 0x1515b5edc5a0>,70,2,[7 1],121,132,134,11,126
1,<environment.Job instance at 0x1515afd5c8c0>,75,13,[8 2],127,134,147,7,134
1,<environment.Job instance at 0x1515afd5cb40>,76,18,[5 1],128,150,168,22,150
1,<environment.Job instance at 0x1515b673ad70>,72,3,[2 5],124,151,154,27,151
1,<environment.Job instance at 0x1515b6742460>,82,12,[2 8],135,159,171,24,159
1,<environment.Job instance at 0x1515a1b3db40>,98,16,[8 1],160,179,195,19,179
1,<environment.Job instance at 0x1515afd412d0>,99,16,[1 6],161,180,196,19,180
1,<environment.Job instance at 0x1515ac0cb690>,101,3,[1 7],164,196,199,32,185
1,<environment.Job instance at 0x1515ac077b40>,102,14,[9 2],166,195,209,29,187
1,<environment.Job instance at 0x1515a3f7baa0>,114,17,[2 9],181,209,226,28,205
1,<environment.Job instance at 0x1515a3f7b870>,115,3,[6 2],182,226,229,44,205
1,<environment.Job instance at 0x1515a3f7b730>,117,17,[5 2],184,229,246,45,217
1,<environment.Job instance at 0x1515a3f7b7d0>,113,19,[2 5],180,252,271,72,252
1,<environment.Job instance at 0x1515b6742640>,83,3,[ 1 10],136,342,345,206,342
1,<environment.Job instance at 0x1515b4408690>,32,3,[1 9],58,517,520,459,517
1,<environment.Job instance at 0x1515a421be10>,0,3,[8 2],1,1,4,0,1
1,<environment.Job instance at 0x1515a52a2780>,5,3,[7 1],6,6,9,0,6
1,<environment.Job instance at 0x1515a52a2960>,6,14,[8 2],7,9,23,2,7
1,<environment.Job instance at 0x1515a52a2870>,9,3,[5 2],12,23,26,11,12
1,<environment.Job instance at 0x1515a52a2aa0>,10,13,[2 8],13,13,26,0,13
1,<environment.Job instance at 0x1515a529f730>,17,1,[10  2],23,32,33,9,32
1,<environment.Job instance at 0x1515a529fa50>,23,15,[6 1],30,33,48,3,33
1,<environment.Job instance at 0x1515a52b84b0>,29,17,[2 5],37,42,59,5,42
1,<environment.Job instance at 0x1515a52b3be0>,35,17,[9 1],46,59,76,13,53
1,<environment.Job instance at 0x1515a52cadc0>,41,13,[6 1],54,76,89,22,65
1,<environment.Job instance at 0x1515a52cab90>,50,17,[2 7],65,76,93,11,65
1,<environment.Job instance at 0x1515a52ca1e0>,51,13,[2 8],66,93,106,27,81
1,<environment.Job instance at 0x1515a52c67d0>,64,14,[2 9],81,106,120,25,95
1,<environment.Job instance at 0x1515a41026e0>,77,22,[8 1],95,108,130,13,108
1,<environment.Job instance at 0x1515a0b230a0>,82,3,[7 2],101,130,133,29,114
1,<environment.Job instance at 0x1515a52d1280>,84,2,[2 7],103,120,122,17,114
1,<environment.Job instance at 0x1515a0b204b0>,85,18,[6 1],105,133,151,28,125
1,<environment.Job instance at 0x1515a126da00>,136,2,[7 1],181,287,289,106,287
1,<environment.Job instance at 0x1515a1b5d690>,0,3,[9 2],1,1,4,0,1
1,<environment.Job instance at 0x1515a1b5dc30>,4,17,[1 6],11,11,28,0,11
1,<environment.Job instance at 0x1515a1b5d460>,8,3,[2 8],18,28,31,10,25
1,<environment.Job instance at 0x1515a11781e0>,15,2,[ 1 10],26,160,162,134,160
1,<environment.Job instance at 0x1515b67bb280>,85,2,[10  2],128,225,227,97,225
1,<environment.Job instance at 0x1515b6eb9190>,63,12,[7 2],96,363,375,267,363
1,<environment.Job instance at 0x1515a5527550>,1,1,[1 7],4,4,5,0,4
1,<environment.Job instance at 0x1515a5527fa0>,2,3,[2 8],5,5,8,0,5
1,<environment.Job instance at 0x1515a0cd7910>,4,28,[1 6],7,8,36,1,7
1,<environment.Job instance at 0x1515a0d20eb0>,17,3,[9 1],26,26,29,0,26
1,<environment.Job instance at 0x1515a0d20cd0>,18,12,[9 1],27,29,41,2,27
1,<environment.Job instance at 0x1515a0d20690>,21,3,[ 2 10],31,53,56,22,53
1,<environment.Job instance at 0x1515a0d8a0f0>,47,21,[9 2],62,118,139,56,118
1,<environment.Job instance at 0x1515af2af820>,62,3,[2 9],83,171,174,88,171
1,<environment.Job instance at 0x1515a13f5280>,60,1,[6 1],81,204,205,123,204
1,<environment.Job instance at 0x1515a08fa0f0>,83,12,[2 9],109,232,244,123,232
1,<environment.Job instance at 0x1515af2b1730>,91,1,[10  2],120,261,262,141,261
1,<environment.Job instance at 0x1515a3ac69b0>,0,3,[7 2],1,1,4,0,1
1,<environment.Job instance at 0x1515a3cae730>,1,28,[2 5],3,3,31,0,3
1,<environment.Job instance at 0x1515a3ac6cd0>,4,3,[6 2],6,6,9,0,6
1,<environment.Job instance at 0x1515a3b96960>,7,1,[1 5],10,24,25,14,24
1,<environment.Job instance at 0x1515a4010e60>,15,3,[2 7],22,59,62,37,59
1,<environment.Job instance at 0x1515a522b960>,39,1,[2 5],54,62,63,8,59
1,<environment.Job instance at 0x1515a0f25690>,42,17,[10  1],58,69,86,11,69
1,<environment.Job instance at 0x1515b416f640>,40,2,[1 5],56,86,88,30,73
1,<environment.Job instance at 0x1515a0e4daf0>,44,1,[8 2],60,86,87,26,79
1,<environment.Job instance at 0x1515a3ac6460>,2,16,[1 7],3,3,19,0,3
1,<environment.Job instance at 0x1515a0c80fa0>,3,17,[5 2],5,9,26,4,9
1,<environment.Job instance at 0x1515a530aaf0>,10,15,[9 1],14,26,41,12,15
1,<environment.Job instance at 0x1515b679e140>,15,19,[5 2],21,41,60,20,31
1,<environment.Job instance at 0x1515a102db40>,27,3,[2 5],34,41,44,7,35
1,<environment.Job instance at 0x1515af33a820>,31,2,[2 5],40,64,66,24,64
1,<environment.Job instance at 0x1515a0e28280>,48,15,[10  1],63,72,87,9,72
1,<environment.Job instance at 0x1515afdb9f50>,59,3,[ 2 10],77,87,90,10,83
1,<environment.Job instance at 0x1515f8473af0>,61,13,[1 7],80,91,104,11,91
1,<environment.Job instance at 0x1515a40df280>,65,15,[5 1],86,101,116,15,101
1,<environment.Job instance at 0x1515a0ba8e10>,70,3,[2 6],91,122,125,31,122
1,<environment.Job instance at 0x1515a0a0b870>,76,18,[1 6],98,125,143,27,122
1,<environment.Job instance at 0x1515a5142b90>,101,13,[6 1],129,230,243,101,230
1,<environment.Job instance at 0x1515a519e5f0>,103,14,[6 1],133,243,257,110,232
1,<environment.Job instance at 0x1515a0e09cd0>,4,3,[9 1],8,8,11,0,8
1,<environment.Job instance at 0x1515a0e095a0>,5,3,[2 9],10,11,14,1,10
1,<environment.Job instance at 0x1515a1b56140>,8,3,[ 1 10],14,14,17,0,14
1,<environment.Job instance at 0x1515b677a6e0>,13,2,[1 7],21,423,425,402,423
1,<environment.Job instance at 0x1515a0a26b90>,0,16,[8 2],1,1,17,0,1
1,<environment.Job instance at 0x1515a100e0a0>,5,2,[2 8],7,7,9,0,7
1,<environment.Job instance at 0x1515a0a260f0>,3,13,[8 1],5,17,30,12,17
1,<environment.Job instance at 0x1515a3c25370>,15,3,[10  2],19,30,33,11,20
1,<environment.Job instance at 0x1515afdb0c80>,11,2,[5 2],15,242,244,227,242
1,<environment.Job instance at 0x1515b406d780>,101,3,[2 7],146,277,280,131,277
1,<environment.Job instance at 0x1515b406d2d0>,103,3,[6 1],149,286,289,137,286
1,<environment.Job instance at 0x1515a4192960>,85,14,[10  1],121,383,397,262,383
1,<environment.Job instance at 0x1515a3f55fa0>,3,17,[ 1 10],5,5,22,0,5
1,<environment.Job instance at 0x1515a0dbd550>,6,13,[7 2],11,22,35,11,13
1,<environment.Job instance at 0x1515a4248c80>,15,3,[1 5],23,23,26,0,23
1,<environment.Job instance at 0x1515a131c140>,24,1,[7 2],36,41,42,5,41
1,<environment.Job instance at 0x1515afd6f550>,25,15,[7 1],37,60,75,23,60
1,<environment.Job instance at 0x1515a3faef50>,34,14,[10  2],59,75,89,16,70
1,<environment.Job instance at 0x1515a40e5460>,42,17,[6 1],73,89,106,16,88
1,<environment.Job instance at 0x1515a128f500>,60,18,[8 2],102,106,124,4,103
1,<environment.Job instance at 0x1515b5e745f0>,93,17,[10  2],151,152,169,1,152
1,<environment.Job instance at 0x1515af2abd20>,0,3,[1 8],2,2,5,0,2
1,<environment.Job instance at 0x1515af4bd9b0>,2,20,[10  2],4,5,25,1,4
1,<environment.Job instance at 0x1515a09bf820>,10,15,[7 2],16,25,40,9,20
1,<environment.Job instance at 0x1515a09bf190>,12,1,[1 5],21,25,26,4,24
1,<environment.Job instance at 0x1515a13b2a00>,15,1,[8 2],25,40,41,15,25
1,<environment.Job instance at 0x1515a09bf1e0>,11,13,[ 2 10],18,41,54,23,26
1,<environment.Job instance at 0x1515afdebaf0>,22,18,[6 1],36,54,72,18,43
1,<environment.Job instance at 0x1515a116f4b0>,26,27,[7 1],41,75,102,34,75
1,<environment.Job instance at 0x1515b6e4df00>,42,23,[1 9],66,75,98,9,75
1,<environment.Job instance at 0x1515b4097370>,52,1,[2 7],88,98,99,10,98
1,<environment.Job instance at 0x1515a0faf690>,58,3,[9 2],96,106,109,10,106
1,<environment.Job instance at 0x1515a0fafd20>,62,13,[8 1],104,109,122,5,108
1,<environment.Job instance at 0x1515a0cb61e0>,64,17,[2 7],108,113,130,5,113
1,<environment.Job instance at 0x1515a0d86dc0>,65,1,[2 9],109,130,131,21,113
1,<environment.Job instance at 0x1515ac10aeb0>,68,1,[8 2],113,122,123,9,115
1,<environment.Job instance at 0x1515a48c3370>,79,17,[6 1],128,132,149,4,132
1,<environment.Job instance at 0x1515a489d960>,81,15,[5 2],130,149,164,19,149
1,<environment.Job instance at 0x1515a41b09b0>,88,1,[6 2],140,164,165,24,151
1,<environment.Job instance at 0x1515af4185f0>,94,15,[7 2],148,165,180,17,159
1,<environment.Job instance at 0x1515a3f395a0>,97,24,[9 2],151,180,204,29,175
1,<environment.Job instance at 0x1515a3f398c0>,103,1,[1 9],160,204,205,44,178
1,<environment.Job instance at 0x1515a3f39f00>,104,1,[10  2],161,205,206,44,186
1,<environment.Job instance at 0x1515f42a46e0>,109,13,[6 1],168,206,219,38,194
1,<environment.Job instance at 0x1515a0f3ac80>,116,16,[8 1],180,219,235,39,207
1,<environment.Job instance at 0x1515a3f39fa0>,99,14,[2 8],154,211,225,57,211
1,<environment.Job instance at 0x1515a09bfcd0>,1,3,[2 8],3,3,6,0,3
1,<environment.Job instance at 0x1515a307c8c0>,4,17,[6 2],6,6,23,0,6
1,<environment.Job instance at 0x1515ac0f9140>,16,3,[8 1],24,24,27,0,24
1,<environment.Job instance at 0x1515a4020140>,41,14,[ 1 10],63,63,77,0,63
1,<environment.Job instance at 0x1515a0b7d5f0>,47,3,[ 2 10],72,83,86,11,83
1,<environment.Job instance at 0x1515a0b7df50>,50,1,[2 9],78,88,89,10,88
1,<environment.Job instance at 0x1515a51e0c80>,53,3,[6 2],85,100,103,15,100
1,<environment.Job instance at 0x1515af413690>,56,19,[8 1],88,103,122,15,101
1,<environment.Job instance at 0x1515a40cddc0>,58,1,[1 6],90,101,102,11,101
1,<environment.Job instance at 0x1515afd74410>,60,16,[9 2],92,122,138,30,111
1,<environment.Job instance at 0x1515b5e6b370>,0,3,[10  1],1,1,4,0,1
1,<environment.Job instance at 0x1515b5e6b2d0>,6,13,[1 9],7,7,20,0,7
1,<environment.Job instance at 0x1515a0bb6640>,13,3,[2 6],17,20,23,3,17
1,<environment.Job instance at 0x1515a0bb6870>,15,2,[1 8],19,23,25,4,19
1,<environment.Job instance at 0x1515b418e4b0>,16,2,[7 1],20,20,22,0,20
1,<environment.Job instance at 0x1515a53004b0>,17,2,[2 9],21,25,27,4,21
1,<environment.Job instance at 0x1515a5176460>,18,1,[1 7],22,27,28,5,23
1,<environment.Job instance at 0x1515a3ff4c30>,20,13,[8 2],24,27,40,3,24
1,<environment.Job instance at 0x1515a5176c80>,24,3,[1 7],30,30,33,0,30
1,<environment.Job instance at 0x1515a3ff41e0>,32,13,[ 1 10],41,41,54,0,41
1,<environment.Job instance at 0x1515ac096aa0>,61,3,[2 9],81,87,90,6,87
1,<environment.Job instance at 0x1515a3be3820>,78,13,[9 2],108,113,126,5,113
1,<environment.Job instance at 0x1515a0aa65a0>,80,18,[2 6],111,126,144,15,115
1,<environment.Job instance at 0x1515a0aa6280>,81,15,[5 2],112,164,179,52,164
1,<environment.Job instance at 0x1515a0bb6780>,106,18,[10  1],151,179,197,28,168
1,<environment.Job instance at 0x1515a4077870>,103,1,[2 6],147,426,427,279,426
1,<environment.Job instance at 0x1515a40d4820>,41,22,[5 2],59,162,184,103,162
1,<environment.Job instance at 0x1515a3b8bd20>,54,2,[10  1],76,184,186,108,163
1,<environment.Job instance at 0x1515a10d2190>,62,21,[10  1],85,209,230,124,209
1,<environment.Job instance at 0x1515ac1c5140>,131,13,[7 1],185,349,362,164,349
1,<environment.Job instance at 0x1515a0da5dc0>,133,12,[2 6],187,351,363,164,351
1,<environment.Job instance at 0x1515ac1c5b40>,132,15,[2 6],186,365,380,179,365
1,<environment.Job instance at 0x1515a0e7c6e0>,1,1,[6 2],3,3,4,0,3
1,<environment.Job instance at 0x1515afd970a0>,2,16,[10  1],4,4,20,0,4
1,<environment.Job instance at 0x1515b673ea50>,7,3,[8 2],10,23,26,13,23
1,<environment.Job instance at 0x1515b673e870>,10,3,[1 9],16,42,45,26,42
1,<environment.Job instance at 0x1515a3c9fcd0>,47,2,[8 1],67,109,111,42,109
1,<environment.Job instance at 0x1515a0917140>,53,3,[6 2],78,112,115,34,112
1,<environment.Job instance at 0x1515a1dbd280>,54,1,[5 2],80,119,120,39,119
1,<environment.Job instance at 0x1515a0917960>,55,17,[2 7],83,120,137,37,120
1,<environment.Job instance at 0x1515a3d15c80>,73,2,[8 1],107,437,439,330,437
1,<environment.Job instance at 0x1515a5207aa0>,0,3,[6 2],1,1,4,0,1
1,<environment.Job instance at 0x1515a08e2410>,3,3,[1 5],5,5,8,0,5
1,<environment.Job instance at 0x1515a41640a0>,11,2,[5 1],18,308,310,290,308
1,<environment.Job instance at 0x1515a4036320>,122,28,[7 2],185,409,437,224,409
1,<environment.Job instance at 0x1515a3f454b0>,9,1,[7 2],14,806,807,792,806
1,<environment.Job instance at 0x1515a0848370>,1,18,[6 2],3,3,21,0,3
1,<environment.Job instance at 0x1515a41645a0>,3,13,[1 9],6,21,34,15,6
1,<environment.Job instance at 0x1515a0849910>,11,13,[6 2],19,34,47,15,19
1,<environment.Job instance at 0x1515a0849a00>,14,2,[1 6],22,34,36,12,22
1,<environment.Job instance at 0x1515a0849c30>,16,13,[2 7],24,36,49,12,25
1,<environment.Job instance at 0x1515a3fa7280>,18,15,[2 9],27,49,64,22,36
1,<environment.Job instance at 0x1515a40db870>,28,13,[9 1],40,64,77,24,54
1,<environment.Job instance at 0x1515b40ec460>,38,3,[2 5],58,77,80,19,67
1,<environment.Job instance at 0x1515a48896e0>,35,18,[7 2],53,77,95,24,70
1,<environment.Job instance at 0x1515a11fd3c0>,108,2,[9 1],165,219,221,54,219
1,<environment.Job instance at 0x1515a0d67cd0>,117,3,[9 1],178,246,249,68,246
1,<environment.Job instance at 0x1515b5e9faf0>,1,1,[5 2],3,3,4,0,3
1,<environment.Job instance at 0x1515a0a515f0>,4,13,[1 7],7,7,20,0,7
1,<environment.Job instance at 0x1515a0a51b40>,5,15,[5 1],10,14,29,4,14
1,<environment.Job instance at 0x14b986b37640>,0,12,[2 5],1,1,13,0,1
1,<environment.Job instance at 0x14b92fbc44b0>,6,18,[8 1],7,7,25,0,7
1,<environment.Job instance at 0x14b92fbc4c30>,17,17,[6 1],23,25,42,2,23
1,<environment.Job instance at 0x14b92fbc7500>,22,1,[2 7],30,30,31,0,30
1,<environment.Job instance at 0x14b92fbc77d0>,24,12,[ 1 10],32,42,54,10,32
1,<environment.Job instance at 0x14b92fbc7e10>,29,16,[10  2],39,54,70,15,41
1,<environment.Job instance at 0x14b92fbc92d0>,33,1,[2 7],43,70,71,27,43
1,<environment.Job instance at 0x14b92fbc98c0>,37,2,[ 1 10],50,71,73,21,50
1,<environment.Job instance at 0x14b92fbc91e0>,31,3,[9 2],41,73,76,32,51
1,<environment.Job instance at 0x14b92fbc9af0>,40,3,[1 6],53,73,76,20,53
1,<environment.Job instance at 0x14b92fbcb4b0>,48,1,[2 9],65,76,77,11,69
1,<environment.Job instance at 0x14b92fbcb820>,50,12,[9 1],68,77,89,9,73
1,<environment.Job instance at 0x14b92fbcbdc0>,55,16,[2 5],76,89,105,13,76
1,<environment.Job instance at 0x14b92fbce780>,61,3,[1 5],87,105,108,18,105
1,<environment.Job instance at 0x14b92fbce7d0>,65,3,[2 9],92,108,111,16,108
1,<environment.Job instance at 0x14b92fbce500>,66,3,[1 9],93,143,146,50,143
1,<environment.Job instance at 0x14b9305bbc80>,97,15,[10  2],135,183,198,48,183
1,<environment.Job instance at 0x14b9302843c0>,108,2,[ 1 10],150,198,200,48,187
1,<environment.Job instance at 0x14b93026b230>,126,27,[1 8],173,216,243,43,216
1,<environment.Job instance at 0x14b931835280>,1,13,[ 2 10],2,2,15,0,2
1,<environment.Job instance at 0x14b9303419b0>,5,3,[ 2 10],7,15,18,8,7
1,<environment.Job instance at 0x14b936fa57d0>,6,14,[10  1],9,18,32,9,9
1,<environment.Job instance at 0x14b936fa5730>,7,12,[7 1],10,32,44,22,20
1,<environment.Job instance at 0x14b936f9b550>,16,17,[1 6],21,32,49,11,21
1,<environment.Job instance at 0x14b936fa5820>,9,3,[8 1],12,44,47,32,21
1,<environment.Job instance at 0x14b936f9b230>,20,15,[9 2],30,47,62,17,42
1,<environment.Job instance at 0x14b93c44a910>,35,18,[10  1],56,62,80,6,57
1,<environment.Job instance at 0x14b936fa5500>,10,2,[2 5],13,80,82,67,78
1,<environment.Job instance at 0x14b93e50ebe0>,84,3,[1 9],122,171,174,49,171
1,<environment.Job instance at 0x14b93db1d230>,80,2,[ 1 10],117,175,177,58,175
1,<environment.Job instance at 0x14b93db19230>,89,20,[8 2],132,177,197,45,176
1,<environment.Job instance at 0x14b93dc480f0>,105,17,[10  1],158,226,243,68,226
1,<environment.Job instance at 0x14b936fc9140>,121,16,[9 1],183,243,259,60,243
1,<environment.Job instance at 0x14b936fc5aa0>,130,16,[1 5],198,246,262,48,246
1,<environment.Job instance at 0x14b932285c30>,0,14,[1 6],2,2,16,0,2
1,<environment.Job instance at 0x14b930df2c80>,11,3,[1 7],18,18,21,0,18
1,<environment.Job instance at 0x14b930df2aa0>,12,14,[1 6],19,21,35,2,19
1,<environment.Job instance at 0x14b930df2f50>,19,12,[5 2],28,28,40,0,28
1,<environment.Job instance at 0x14b930df25f0>,21,3,[8 1],33,40,43,7,33
1,<environment.Job instance at 0x14b930df2690>,22,1,[10  1],34,43,44,9,34
1,<environment.Job instance at 0x14b931831af0>,23,27,[1 7],35,44,71,9,42
1,<environment.Job instance at 0x14b9318317d0>,26,13,[ 2 10],42,71,84,29,61
1,<environment.Job instance at 0x14b93185a5f0>,41,2,[1 7],62,84,86,22,69
1,<environment.Job instance at 0x14b93185a9b0>,39,14,[9 1],60,84,98,24,80
1,<environment.Job instance at 0x14b92f64aa50>,56,18,[8 2],83,98,116,15,87
1,<environment.Job instance at 0x14b9302846e0>,79,12,[6 1],112,116,128,4,116
1,<environment.Job instance at 0x14b932296230>,128,2,[10  2],172,280,282,108,280
1,<environment.Job instance at 0x14b933e5bf50>,0,12,[1 5],1,1,13,0,1
1,<environment.Job instance at 0x14b9322d49b0>,1,13,[7 2],2,7,20,5,7
1,<environment.Job instance at 0x14b933e5baa0>,5,16,[1 5],11,13,29,2,11
1,<environment.Job instance at 0x14b933e5ba50>,7,3,[2 9],14,29,32,15,14
1,<environment.Job instance at 0x14b933e56c80>,16,16,[2 7],31,33,49,2,33
1,<environment.Job instance at 0x14b933e568c0>,24,14,[2 8],43,49,63,6,44
1,<environment.Job instance at 0x14b93dbdb280>,36,15,[2 8],62,63,78,1,63
1,<environment.Job instance at 0x14b93e743cd0>,38,13,[10  1],65,80,93,15,80
1,<environment.Job instance at 0x14b93e61e910>,50,12,[7 1],86,93,105,7,87
1,<environment.Job instance at 0x14b964f6f2d0>,55,3,[2 5],94,94,97,0,94
1,<environment.Job instance at 0x14b965609690>,56,1,[8 1],95,105,106,10,95
1,<environment.Job instance at 0x14b92f55cb40>,57,28,[5 1],96,106,134,10,105
1,<environment.Job instance at 0x14b933ea2460>,77,12,[2 6],123,126,138,3,126
1,<environment.Job instance at 0x14b933ea2050>,79,17,[2 8],126,138,155,12,130
1,<environment.Job instance at 0x14b93e532aa0>,90,12,[2 9],142,155,167,13,146
1,<environment.Job instance at 0x14b9346e0cd0>,97,17,[2 9],151,167,184,16,162
1,<environment.Job instance at 0x14b964f711e0>,112,2,[1 9],169,184,186,15,169
1,<environment.Job instance at 0x14b9339d0c80>,113,2,[7 2],170,186,188,16,176
1,<environment.Job instance at 0x14b9346d8be0>,119,1,[5 2],179,188,189,9,179
1,<environment.Job instance at 0x14b9346d8a00>,120,17,[10  1],180,189,206,9,184
1,<environment.Job instance at 0x14b9346d80f0>,122,1,[10  2],183,206,207,23,185
1,<environment.Job instance at 0x14b92f8800a0>,127,15,[7 2],189,207,222,18,193
1,<environment.Job instance at 0x14b92f880c30>,128,15,[6 1],190,222,237,32,212
1,<environment.Job instance at 0x14b92f880f00>,131,16,[1 8],193,231,247,38,231
1,<environment.Job instance at 0x14b92f97bfa0>,3,17,[9 1],6,6,23,0,6
1,<environment.Job instance at 0x14b92f96e730>,7,3,[2 6],11,23,26,12,11
1,<environment.Job instance at 0x14b92f96e4b0>,9,13,[6 1],14,23,36,9,15
1,<environment.Job instance at 0x14b92f96e320>,14,13,[2 6],19,26,39,7,19
1,<environment.Job instance at 0x14b9327c7cd0>,43,2,[2 5],52,101,103,49,101
1,<environment.Job instance at 0x14b9327c7fa0>,44,13,[7 2],54,102,115,48,102
1,<environment.Job instance at 0x14b9327c74b0>,46,15,[ 2 10],56,115,130,59,103
1,<environment.Job instance at 0x14b9327c7050>,47,3,[10  2],57,130,133,73,105
1,<environment.Job instance at 0x14b9327c7320>,48,3,[2 5],59,106,109,47,106
1,<environment.Job instance at 0x14b9327dec80>,53,18,[6 1],65,133,151,68,126
1,<environment.Job instance at 0x14b9328e35f0>,61,19,[1 5],76,133,152,57,127
1,<environment.Job instance at 0x14b9328e3c80>,62,1,[8 1],77,151,152,74,127
1,<environment.Job instance at 0x14b933a9fe60>,81,1,[2 9],106,196,197,90,196
1,<environment.Job instance at 0x14b933a9f780>,88,12,[5 2],117,213,225,96,213
1,<environment.Job instance at 0x14b92f2e9870>,137,14,[7 1],188,314,328,126,314
1,<environment.Job instance at 0x14b92f2e9b40>,139,14,[9 2],190,328,342,138,314
1,<environment.Job instance at 0x14b92f2d2e60>,145,2,[8 2],196,342,344,146,318
1,<environment.Job instance at 0x14b92f2bf5a0>,135,2,[6 2],186,344,346,158,319
1,<environment.Job instance at 0x14b9328dbc30>,0,26,[1 6],1,2,28,1,2
1,<environment.Job instance at 0x14b92f1d99b0>,3,23,[9 1],6,6,29,0,6
1,<environment.Job instance at 0x14b93c41fdc0>,12,3,[1 6],17,28,31,11,17
1,<environment.Job instance at 0x14b92f1d4730>,0,27,[6 1],1,1,28,0,1
1,<environment.Job instance at 0x14b93da9fc80>,5,13,[2 8],7,7,20,0,7
1,<environment.Job instance at 0x14b93da9f910>,10,1,[6 1],15,28,29,13,15
1,<environment.Job instance at 0x14b9339246e0>,22,1,[1 5],31,76,77,45,76
1,<environment.Job instance at 0x14b9339240f0>,24,3,[9 2],33,76,79,43,76
1,<environment.Job instance at 0x14b933924050>,27,1,[ 1 10],37,79,80,42,79
1,<environment.Job instance at 0x14b9339244b0>,28,1,[2 7],38,85,86,47,85
1,<environment.Job instance at 0x14b933924cd0>,29,2,[2 6],39,86,88,47,85
1,<environment.Job instance at 0x14b933924be0>,30,17,[5 2],40,86,103,46,86
1,<environment.Job instance at 0x14b933924910>,34,14,[1 9],46,103,117,57,88
1,<environment.Job instance at 0x14b93306ef50>,41,17,[7 1],54,104,121,50,104
1,<environment.Job instance at 0x14b930584730>,57,17,[8 1],77,121,138,44,111
1,<environment.Job instance at 0x14b93e6ef500>,78,1,[ 1 10],108,155,156,47,155
1,<environment.Job instance at 0x14b93e6bce10>,98,1,[2 6],138,229,230,91,229
1,<environment.Job instance at 0x14b92f240c80>,99,1,[1 5],140,231,232,91,231
1,<environment.Job instance at 0x14b92f240820>,100,2,[2 8],141,233,235,92,233
1,<environment.Job instance at 0x14b92f7f2730>,102,3,[2 5],145,235,238,90,233
1,<environment.Job instance at 0x14b92f7f2af0>,103,18,[5 2],147,233,251,86,233
1,<environment.Job instance at 0x14b92fbcb500>,106,2,[6 2],151,251,253,100,233
1,<environment.Job instance at 0x14b93e5dda50>,107,3,[2 7],152,238,241,86,233
1,<environment.Job instance at 0x14b93daee1e0>,109,3,[10  1],157,253,256,96,233
1,<environment.Job instance at 0x14b933d69b40>,121,2,[8 1],170,256,258,86,235
1,<environment.Job instance at 0x14b9302d2280>,122,1,[6 2],171,258,259,87,237
1,<environment.Job instance at 0x14b93db33cd0>,135,26,[5 2],189,271,297,82,271
1,<environment.Job instance at 0x14b92f96fe60>,0,14,[5 2],4,4,18,0,4
1,<environment.Job instance at 0x14b933e75140>,5,21,[10  2],12,18,39,6,12
1,<environment.Job instance at 0x14b932a44730>,46,1,[8 1],76,83,84,7,83
1,<environment.Job instance at 0x14b93026a870>,58,2,[1 8],96,120,122,24,120
1,<environment.Job instance at 0x14b9322fde60>,68,17,[9 2],109,130,147,21,130
1,<environment.Job instance at 0x14b9322fd500>,72,15,[7 1],117,147,162,30,143
1,<environment.Job instance at 0x14b93e69f190>,82,17,[8 1],129,162,179,33,151
1,<environment.Job instance at 0x14b930284690>,86,15,[9 1],134,179,194,45,168
1,<environment.Job instance at 0x14b964f52280>,124,15,[10  1],183,248,263,65,248
1,<environment.Job instance at 0x14b93e60fd20>,1,3,[2 5],3,3,6,0,3
1,<environment.Job instance at 0x14b933dcd6e0>,2,13,[1 5],4,5,18,1,5
1,<environment.Job instance at 0x14b933dcd280>,3,15,[5 1],6,10,25,4,10
1,<environment.Job instance at 0x14b93e775960>,8,3,[2 6],11,18,21,7,11
1,<environment.Job instance at 0x14b93e775780>,9,3,[2 6],12,21,24,9,12
1,<environment.Job instance at 0x14b93e775500>,10,1,[5 2],13,24,25,11,13
1,<environment.Job instance at 0x14b93e775aa0>,11,3,[7 1],14,25,28,11,14
1,<environment.Job instance at 0x14b92f3aa9b0>,13,3,[2 7],17,25,28,8,17
1,<environment.Job instance at 0x14b930283870>,14,18,[1 6],18,28,46,10,18
1,<environment.Job instance at 0x14b93dba6f50>,26,3,[10  1],35,309,312,274,309
1,<environment.Job instance at 0x14b92f8dbd70>,29,2,[7 1],38,312,314,274,311
1,<environment.Job instance at 0x14b92f8db1e0>,30,3,[10  1],39,314,317,275,312
1,<environment.Job instance at 0x14b9323570a0>,32,18,[1 9],41,317,335,276,312
1,<environment.Job instance at 0x14b9339f9730>,39,13,[6 1],49,326,339,277,326
1,<environment.Job instance at 0x14b93036a870>,41,14,[6 1],53,339,353,286,335
1,<environment.Job instance at 0x14b93288a910>,134,3,[2 8],183,500,503,317,500
1,<environment.Job instance at 0x14b933aa5730>,2,3,[10  1],3,39,42,36,39
1,<environment.Job instance at 0x14b92fac0230>,83,3,[9 2],110,639,642,529,639
1,<environment.Job instance at 0x14b933a445f0>,0,26,[5 2],2,2,28,0,2
1,<environment.Job instance at 0x14b92f62e9b0>,3,14,[10  2],6,28,42,22,15
1,<environment.Job instance at 0x14b92f62ee10>,11,23,[9 1],20,42,65,22,38
1,<environment.Job instance at 0x14b932493870>,31,18,[7 2],50,65,83,15,55
1,<environment.Job instance at 0x14b92f044410>,39,2,[1 9],59,59,61,0,59
1,<environment.Job instance at 0x14b92f044af0>,40,3,[6 2],60,83,86,23,60
1,<environment.Job instance at 0x14b92f0449b0>,41,3,[5 2],62,86,89,24,62
1,<environment.Job instance at 0x14b92f1e7dc0>,47,17,[7 2],71,89,106,18,78
1,<environment.Job instance at 0x14b92f62e0a0>,6,18,[1 6],11,100,118,89,100
1,<environment.Job instance at 0x14b93e514780>,70,14,[6 2],110,114,128,4,114
1,<environment.Job instance at 0x14b92f977320>,73,3,[1 5],113,126,129,13,126
1,<environment.Job instance at 0x14b9328034b0>,81,17,[7 1],125,128,145,3,127
1,<environment.Job instance at 0x14b9339c8fa0>,84,13,[5 2],133,145,158,12,134
1,<environment.Job instance at 0x14b93e5d5a00>,87,14,[7 1],139,158,172,19,147
1,<environment.Job instance at 0x14b93e775b90>,94,17,[1 9],151,158,175,7,153
1,<environment.Job instance at 0x14b9302d3370>,100,17,[6 1],163,172,189,9,165
1,<environment.Job instance at 0x14b9302d32d0>,103,18,[2 8],168,175,193,7,168
1,<environment.Job instance at 0x14b9302d3230>,104,13,[7 2],171,189,202,18,175
1,<environment.Job instance at 0x14b92f4dceb0>,106,3,[5 2],177,202,205,25,177
1,<environment.Job instance at 0x14b964fc5b40>,123,1,[6 1],198,205,206,7,199
1,<environment.Job instance at 0x14b932835410>,74,14,[1 7],114,206,220,92,206
1,<environment.Job instance at 0x14b93391fa00>,4,15,[1 5],10,10,25,0,10
1,<environment.Job instance at 0x14b9652185a0>,17,14,[8 2],25,25,39,0,25
1,<environment.Job instance at 0x14b92f0bc1e0>,3,15,[10  1],6,6,21,0,6
1,<environment.Job instance at 0x14b92f0bcf50>,4,17,[6 1],8,21,38,13,9
1,<environment.Job instance at 0x14b936fd0dc0>,11,12,[5 2],16,38,50,22,21
1,<environment.Job instance at 0x14b92f9441e0>,27,14,[9 1],39,50,64,11,40
1,<environment.Job instance at 0x14b93db7d910>,34,13,[6 1],48,76,89,28,76
1,<environment.Job instance at 0x14b9318329b0>,52,17,[6 2],76,89,106,13,84
1,<environment.Job instance at 0x14b93e521e60>,74,12,[8 1],110,118,130,8,118
1,<environment.Job instance at 0x14b92f30f460>,85,1,[7 2],126,130,131,4,127
1,<environment.Job instance at 0x14b92f32faf0>,87,1,[2 9],128,133,134,5,133
1,<environment.Job instance at 0x14b93db01e10>,90,1,[1 6],136,137,138,1,137
1,<environment.Job instance at 0x14b93db010f0>,91,14,[2 9],138,138,152,0,138
1,<environment.Job instance at 0x14b93db5bc30>,119,2,[2 9],176,321,323,145,321
1,<environment.Job instance at 0x14b93db5b550>,120,3,[9 1],177,323,326,146,321
1,<environment.Job instance at 0x14b93db5b1e0>,121,17,[2 6],178,326,343,148,321
1,<environment.Job instance at 0x14b92f033a50>,123,17,[1 9],181,343,360,162,331
1,<environment.Job instance at 0x14b92f033550>,127,2,[2 8],185,360,362,175,336
1,<environment.Job instance at 0x14b92f033960>,130,28,[5 2],189,361,389,172,361
1,<environment.Job instance at 0x14b9339b34b0>,0,17,[2 5],3,3,20,0,3
1,<environment.Job instance at 0x14b92fad36e0>,3,1,[2 6],7,20,21,13,7
1,<environment.Job instance at 0x14b92fad3e10>,4,1,[2 6],8,21,22,13,8
1,<environment.Job instance at 0x14b92fad3960>,5,16,[10  2],10,22,38,12,10
1,<environment.Job instance at 0x14b92faadd20>,11,3,[6 2],17,17,20,0,17
1,<environment.Job instance at 0x14b92faad1e0>,12,2,[2 7],18,38,40,20,18
1,<environment.Job instance at 0x14b92faadbe0>,13,16,[10  1],20,40,56,20,27
1,<environment.Job instance at 0x14b92faad5f0>,21,3,[ 2 10],28,56,59,28,30
1,<environment.Job instance at 0x14b92fad3b90>,7,1,[7 2],12,59,60,47,43
1,<environment.Job instance at 0x14b92f988280>,25,21,[2 7],34,59,80,25,51
1,<environment.Job instance at 0x14b964f42500>,35,15,[7 2],44,63,78,19,63
1,<environment.Job instance at 0x14b93e5f2f50>,41,21,[1 5],59,80,101,21,73
1,<environment.Job instance at 0x14b964f56460>,63,13,[8 2],84,84,97,0,84
1,<environment.Job instance at 0x14b92fac8500>,77,22,[2 8],104,109,131,5,109
1,<environment.Job instance at 0x14b92fbfbd70>,85,13,[9 1],116,131,144,15,120
1,<environment.Job instance at 0x14b92fb8a870>,95,13,[2 5],132,144,157,12,133
1,<environment.Job instance at 0x14b9328c8460>,118,18,[5 2],160,165,183,5,165
1,<environment.Job instance at 0x14b92fb8a0f0>,98,14,[7 1],135,183,197,48,168
1,<environment.Job instance at 0x14b9328c8c30>,123,18,[2 6],171,171,189,0,171
1,<environment.Job instance at 0x14b933926e10>,125,13,[1 6],173,189,202,16,175
1,<environment.Job instance at 0x14b9323bd3c0>,130,12,[5 2],178,214,226,36,214
1,<environment.Job instance at 0x14b9302ba960>,0,3,[6 2],2,2,5,0,2
1,<environment.Job instance at 0x14b936fc1af0>,6,18,[10  1],11,11,29,0,11
1,<environment.Job instance at 0x14b9330566e0>,33,1,[2 8],45,66,67,21,66
1,<environment.Job instance at 0x14b936fc16e0>,9,15,[10  2],14,89,104,75,89
1,<environment.Job instance at 0x14b92f56f550>,46,3,[9 1],59,104,107,45,97
1,<environment.Job instance at 0x14b933dcf5f0>,103,3,[7 2],138,293,296,155,293
1,<environment.Job instance at 0x14b964643cd0>,118,2,[1 7],159,299,301,140,299
1,<environment.Job instance at 0x14b93e6a3500>,139,3,[2 9],187,355,358,168,355
1,<environment.Job instance at 0x14b931869820>,2,3,[7 1],4,4,7,0,4
1,<environment.Job instance at 0x14b930dd9230>,10,16,[1 5],17,17,33,0,17
1,<environment.Job instance at 0x14b930dd9960>,12,27,[6 1],19,19,46,0,19
1,<environment.Job instance at 0x14b9327de4b0>,34,2,[8 1],53,53,55,0,53
1,<environment.Job instance at 0x14b93033a0f0>,50,23,[1 9],74,146,169,72,146
1,<environment.Job instance at 0x14b92f036b90>,128,3,[2 5],188,342,345,154,342
1,<environment.Job instance at 0x14b92f0367d0>,129,3,[9 1],190,350,353,160,350
1,<environment.Job instance at 0x14b92f036230>,132,23,[7 1],193,358,381,165,358
1,<environment.Job instance at 0x14b93e5ab8c0>,2,21,[5 1],4,4,25,0,4
1,<environment.Job instance at 0x14b93dc8e140>,53,18,[9 2],86,94,112,8,94
1,<environment.Job instance at 0x14b93276a5f0>,57,3,[7 1],91,112,115,21,106
1,<environment.Job instance at 0x14b92fa5fd20>,70,3,[1 6],116,117,120,1,117
1,<environment.Job instance at 0x14b964ef9a00>,71,2,[6 1],117,120,122,3,120
1,<environment.Job instance at 0x14b964ef9370>,72,1,[10  2],118,124,125,6,124
1,<environment.Job instance at 0x14b92f646640>,77,16,[2 6],131,145,161,14,145
1,<environment.Job instance at 0x14b936fbd820>,86,18,[5 1],148,290,308,142,290
1,<environment.Job instance at 0x14b964fd27d0>,115,15,[9 1],185,380,395,195,380
1,<environment.Job instance at 0x14b92f042500>,2,13,[7 1],4,5,18,1,5
1,<environment.Job instance at 0x14b92f0425f0>,6,15,[8 1],9,18,33,9,13
1,<environment.Job instance at 0x14b92f0cceb0>,17,18,[6 2],23,50,68,27,50
1,<environment.Job instance at 0x14b93e5e5c30>,20,13,[ 2 10],28,68,81,40,54
1,<environment.Job instance at 0x14b93e688a50>,27,13,[6 2],39,81,94,42,68
1,<environment.Job instance at 0x14b932324320>,40,24,[2 7],56,82,106,26,82
1,<environment.Job instance at 0x14b930249190>,50,12,[2 9],71,106,118,35,101
1,<environment.Job instance at 0x14b933da3d20>,53,13,[1 8],77,118,131,41,109
1,<environment.Job instance at 0x14b92f44dbe0>,70,2,[2 7],108,131,133,23,117
1,<environment.Job instance at 0x14b9339d0dc0>,72,16,[6 2],110,118,134,8,118
1,<environment.Job instance at 0x14b93e6885a0>,29,19,[2 7],41,133,152,92,129
1,<environment.Job instance at 0x14b92f23fe60>,88,17,[7 1],132,142,159,10,142
1,<environment.Job instance at 0x14b933e41a00>,94,3,[ 1 10],144,159,162,15,149
1,<environment.Job instance at 0x14b92f62e2d0>,97,2,[1 8],148,162,164,14,161
1,<environment.Job instance at 0x14b93db5d190>,101,17,[7 1],153,163,180,10,163
1,<environment.Job instance at 0x14b93db5d870>,104,14,[7 1],158,180,194,22,170
1,<environment.Job instance at 0x14b93296a0f0>,111,14,[1 7],168,170,184,2,170
1,<environment.Job instance at 0x14b92f35fc80>,121,2,[5 1],179,194,196,15,179
1,<environment.Job instance at 0x14b92f35f0f0>,122,1,[2 5],183,185,186,2,185
1,<environment.Job instance at 0x14b92f35f410>,124,2,[9 1],185,196,198,11,186
1,<environment.Job instance at 0x14b92f35fbe0>,126,2,[1 7],187,194,196,7,194
1,<environment.Job instance at 0x14b92f35f640>,132,20,[10  2],197,198,218,1,197
1,<environment.Job instance at 0x14b92f71c280>,0,22,[1 5],1,1,23,0,1
1,<environment.Job instance at 0x14b92f64b320>,2,18,[8 1],8,8,26,0,8
1,<environment.Job instance at 0x14b92f44e230>,9,15,[5 1],20,26,41,6,20
1,<environment.Job instance at 0x14b92f44eeb0>,10,3,[9 2],23,41,44,18,23
1,<environment.Job instance at 0x14b92f69ff00>,15,16,[6 1],29,44,60,15,40
1,<environment.Job instance at 0x14b93e698280>,29,2,[1 5],50,50,52,0,50
1,<environment.Job instance at 0x14b93e698190>,31,2,[6 2],52,60,62,8,52
1,<environment.Job instance at 0x14b92f58b190>,37,14,[5 2],63,82,96,19,82
1,<environment.Job instance at 0x14b933e53c80>,49,16,[10  2],84,96,112,12,85
1,<environment.Job instance at 0x14b933e53960>,48,16,[1 8],81,125,141,44,125
1,<environment.Job instance at 0x14b92f73bf50>,86,13,[2 5],132,141,154,9,132
1,<environment.Job instance at 0x14b936fb8690>,113,1,[8 1],168,217,218,49,217
1,<environment.Job instance at 0x14b93024c640>,0,13,[10  2],1,1,14,0,1
1,<environment.Job instance at 0x14b93dbeac80>,17,18,[1 8],20,21,39,1,21
1,<environment.Job instance at 0x14b92f5d1550>,52,2,[1 9],75,127,129,52,127
1,<environment.Job instance at 0x14b93dbea050>,134,18,[1 9],189,430,448,241,430
