iteration,job object,job ID,job Length,job ressource requirement,job enter time,job start time,job finish time,job waiting time,current time
1,<environment.Job instance at 0x14dcee718410>,7,1,[2 6],8,39,40,31,39
1,<environment.Job instance at 0x14dcf0df3d70>,4,2,[ 1 13],7,8,10,1,8
1,<environment.Job instance at 0x14dcfc7dc9b0>,2,2,[2 8],4,4,6,0,4
1,<environment.Job instance at 0x14dcfc7dc0f0>,4,2,[2 7],6,8,10,2,8
1,<environment.Job instance at 0x14dcee560a00>,5,3,[10  2],8,54,57,46,54
1,<environment.Job instance at 0x14dcee560050>,3,15,[11  1],4,72,87,68,72
1,<environment.Job instance at 0x14dcfd22ca00>,3,25,[12  2],4,8,33,4,8
1,<environment.Job instance at 0x14dcfd22c230>,5,3,[7 2],7,57,60,50,57
1,<environment.Job instance at 0x14dceddd7050>,0,2,[2 8],1,1,3,0,1
1,<environment.Job instance at 0x14dcf24a65a0>,5,3,[10  1],9,9,12,0,9
1,<environment.Job instance at 0x14dcf24a6960>,2,17,[8 1],6,39,56,33,39
1,<environment.Job instance at 0x14dcf24a6820>,4,3,[9 2],8,369,372,361,369
1,<environment.Job instance at 0x14dcedccf0f0>,7,3,[2 9],9,11,14,2,11
1,<environment.Job instance at 0x14dcedccfaf0>,5,1,[2 5],6,40,41,34,40
1,<environment.Job instance at 0x14dcef0d8730>,3,1,[13  1],4,88,89,84,88
1,<environment.Job instance at 0x14dcedccfeb0>,6,2,[ 2 10],7,155,157,148,155
1,<environment.Job instance at 0x14dcfc0e72d0>,1,2,[2 6],2,2,4,0,2
1,<environment.Job instance at 0x14dcf1428500>,0,1,[2 8],1,1,2,0,1
1,<environment.Job instance at 0x14dcfc0e7230>,2,1,[ 2 14],3,3,4,0,3
1,<environment.Job instance at 0x14dcfc6ffb90>,4,15,[5 1],5,5,20,0,5
1,<environment.Job instance at 0x14dcee64c640>,4,3,[5 2],6,6,9,0,6
1,<environment.Job instance at 0x14dcee64cf00>,5,15,[9 2],7,10,25,3,10
1,<environment.Job instance at 0x14dcee64c410>,6,18,[2 6],8,13,31,5,13
1,<environment.Job instance at 0x14dcfc83ee60>,7,1,[1 6],9,13,14,4,13
1,<environment.Job instance at 0x14dcf138bbe0>,0,3,[11  2],1,214,217,213,214
1,<environment.Job instance at 0x14dcfd181730>,5,2,[1 8],9,94,96,85,94
1,<environment.Job instance at 0x14dcfd181910>,2,1,[1 8],6,209,210,203,209
1,<environment.Job instance at 0x14dcfd181320>,1,3,[12  1],4,415,418,411,415
1,<environment.Job instance at 0x14dcfd181870>,4,3,[7 2],8,545,548,537,545
1,<environment.Job instance at 0x14dcfc7bd6e0>,5,12,[6 1],6,11,23,5,11
1,<environment.Job instance at 0x14dcfc7bd0f0>,6,28,[2 8],9,15,43,6,15
1,<environment.Job instance at 0x14dcfc7bd690>,1,13,[ 1 14],2,900,913,898,900
1,<environment.Job instance at 0x14fc52db5690>,8,13,[6 1],9,11,24,2,11
1,<environment.Job instance at 0x14fc5b60f7d0>,4,2,[ 1 13],7,7,9,0,7
1,<environment.Job instance at 0x14fc5b616aa0>,11,2,[2 7],16,16,18,0,16
1,<environment.Job instance at 0x14fc52dfa5f0>,7,1,[8 1],11,27,28,16,27
1,<environment.Job instance at 0x14fc52dfa8c0>,9,3,[1 6],13,29,32,16,29
1,<environment.Job instance at 0x14fc52dfa0f0>,10,25,[12  2],14,29,54,15,29
1,<environment.Job instance at 0x14fc52dfa820>,11,1,[10  1],16,54,55,38,29
1,<environment.Job instance at 0x14fc52dfa190>,12,3,[7 2],17,55,58,38,32
1,<environment.Job instance at 0x14fc52dfa3c0>,13,3,[1 8],18,34,37,16,34
1,<environment.Job instance at 0x14fc52dfaaa0>,5,3,[10  2],8,58,61,50,39
1,<environment.Job instance at 0x14fc52dfafa0>,3,15,[11  1],4,90,105,86,90
1,<environment.Job instance at 0x14fc52da4f50>,0,2,[2 8],1,1,3,0,1
1,<environment.Job instance at 0x14fc5d870780>,9,16,[2 5],16,16,32,0,16
1,<environment.Job instance at 0x14fc524a9690>,6,12,[9 1],11,11,23,0,11
1,<environment.Job instance at 0x14fc524a58c0>,13,3,[2 9],19,33,36,14,33
1,<environment.Job instance at 0x14fc524a99b0>,11,1,[2 5],16,77,78,61,77
1,<environment.Job instance at 0x14fc524a9050>,9,1,[13  1],14,199,200,185,199
1,<environment.Job instance at 0x14fc5cd8c6e0>,4,1,[2 7],7,9,10,2,9
1,<environment.Job instance at 0x14fc5cd8c5a0>,6,15,[7 1],9,15,30,6,15
1,<environment.Job instance at 0x14fc5cd8c3c0>,10,12,[9 2],14,30,42,16,15
1,<environment.Job instance at 0x14fc5cd8ca00>,12,13,[ 1 10],16,16,29,0,16
1,<environment.Job instance at 0x14fc5cd8ccd0>,13,16,[8 1],17,42,58,25,29
1,<environment.Job instance at 0x14fc5cd8c820>,14,17,[1 9],19,30,47,11,30
1,<environment.Job instance at 0x14fc5cd8cd20>,11,15,[10  2],15,94,109,79,94
1,<environment.Job instance at 0x14fc5cd8c870>,7,2,[14  1],10,1409,1411,1399,1409
1,<environment.Job instance at 0x14fc526d60f0>,1,1,[ 2 10],2,2,3,0,2
1,<environment.Job instance at 0x14fc526d6af0>,2,1,[ 2 14],3,3,4,0,3
1,<environment.Job instance at 0x14fc526d6280>,11,3,[5 2],16,18,21,2,18
1,<environment.Job instance at 0x14fc526d6870>,12,15,[9 2],17,18,33,1,18
1,<environment.Job instance at 0x14fc526d64b0>,13,18,[2 6],18,21,39,3,18
1,<environment.Job instance at 0x14fc526d68c0>,14,1,[1 6],19,20,21,1,20
1,<environment.Job instance at 0x14fc526d6e10>,10,1,[8 1],14,86,87,72,86
1,<environment.Job instance at 0x14fc526d6050>,7,3,[11  2],11,402,405,391,402
1,<environment.Job instance at 0x14fc5d81ba00>,2,1,[1 8],6,8,9,2,8
1,<environment.Job instance at 0x14fc5d81b140>,6,3,[1 7],11,20,23,9,20
1,<environment.Job instance at 0x14fc98198e10>,7,13,[ 1 14],12,23,36,11,21
1,<environment.Job instance at 0x14fc98198730>,8,27,[1 8],13,37,64,24,37
1,<environment.Job instance at 0x14fc98198870>,9,3,[1 9],14,64,67,50,43
1,<environment.Job instance at 0x14fc98198190>,10,2,[7 2],15,46,48,31,46
1,<environment.Job instance at 0x14fc98198c80>,11,12,[6 1],16,49,61,33,49
1,<environment.Job instance at 0x14fc98198b40>,12,28,[2 8],19,79,107,60,79
1,<environment.Job instance at 0x14fc5d81ba50>,5,2,[1 8],9,134,136,125,134
1,<environment.Job instance at 0x14fc5d81b8c0>,1,3,[12  1],4,532,535,528,532
1,<environment.Job instance at 0x14fc5d76c230>,11,2,[9 1],19,53,55,34,53
1,<environment.Job instance at 0x14fc981479b0>,0,2,[ 1 10],1,1,3,0,1
1,<environment.Job instance at 0x14fc52947640>,7,12,[7 1],10,12,24,2,12
1,<environment.Job instance at 0x14fc52bd5780>,6,12,[1 5],12,12,24,0,12
1,<environment.Job instance at 0x14fc52c5a7d0>,11,2,[1 5],19,19,21,0,19
1,<environment.Job instance at 0x14fc56c7b7d0>,3,2,[ 2 12],6,7,9,1,7
1,<environment.Job instance at 0x14fc55aa2dc0>,8,2,[6 2],12,17,19,5,17
1,<environment.Job instance at 0x14fc52815a50>,10,16,[1 7],14,24,40,10,24
1,<environment.Job instance at 0x14fc528154b0>,12,3,[ 1 13],16,40,43,24,24
1,<environment.Job instance at 0x14fc52815870>,13,3,[1 5],19,24,27,5,24
1,<environment.Job instance at 0x14fc55aa2410>,7,13,[ 1 11],11,191,204,180,191
1,<environment.Job instance at 0x14fc5287cfa0>,0,1,[2 8],1,1,2,0,1
1,<environment.Job instance at 0x14fc52c73a00>,7,1,[1 8],9,35,36,26,35
1,<environment.Job instance at 0x14fc554c4e10>,6,20,[8 2],12,15,35,3,15
1,<environment.Job instance at 0x14fc52c1c9b0>,5,2,[1 6],12,15,17,3,15
1,<environment.Job instance at 0x14fc52c1ce60>,6,1,[1 9],13,19,20,6,19
1,<environment.Job instance at 0x14fc527732d0>,8,1,[9 2],15,22,23,7,22
1,<environment.Job instance at 0x14fc527739b0>,10,2,[1 6],18,32,34,14,32
1,<environment.Job instance at 0x14fc52dfe140>,2,15,[ 1 11],7,178,193,171,178
1,<environment.Job instance at 0x14fd6aa22370>,21,3,[6 1],29,47,50,18,47
1,<environment.Job instance at 0x14fd6aa22320>,20,2,[ 1 13],27,50,52,23,50
1,<environment.Job instance at 0x14fd9809acd0>,17,3,[1 6],23,24,27,1,24
1,<environment.Job instance at 0x14fd9809ab90>,19,1,[10  1],26,26,27,0,26
1,<environment.Job instance at 0x14fd9809aeb0>,20,3,[7 2],27,27,30,0,27
1,<environment.Job instance at 0x14fd9809a870>,11,15,[11  1],14,30,45,16,28
1,<environment.Job instance at 0x14fd980b0910>,21,3,[1 8],28,28,31,0,28
1,<environment.Job instance at 0x14fd9809a2d0>,18,25,[12  2],24,50,75,26,50
1,<environment.Job instance at 0x14fd6c68f230>,17,3,[10  1],29,53,56,24,53
1,<environment.Job instance at 0x14fd9942be60>,7,3,[2 9],9,11,14,2,11
1,<environment.Job instance at 0x14fd9942b6e0>,8,13,[7 2],12,12,25,0,12
1,<environment.Job instance at 0x14fd99477c30>,5,1,[2 5],6,16,17,10,16
1,<environment.Job instance at 0x14fd9942b9b0>,9,2,[6 2],13,19,21,6,19
1,<environment.Job instance at 0x14fd9942bbe0>,11,1,[1 6],17,19,20,2,19
1,<environment.Job instance at 0x14fd9942b5a0>,12,2,[2 5],18,20,22,2,20
1,<environment.Job instance at 0x14fd9942bfa0>,13,2,[ 1 10],19,22,24,3,20
1,<environment.Job instance at 0x14fd9942b410>,14,3,[2 9],20,24,27,4,20
1,<environment.Job instance at 0x14fd9942beb0>,15,3,[7 2],21,25,28,4,21
1,<environment.Job instance at 0x14fd9942bdc0>,16,14,[7 1],22,27,41,5,22
1,<environment.Job instance at 0x14fd9942baa0>,17,3,[ 2 10],24,28,31,4,24
1,<environment.Job instance at 0x14fd9942bf00>,18,12,[2 8],25,31,43,6,25
1,<environment.Job instance at 0x14fd9942b3c0>,19,1,[10  1],27,41,42,14,29
1,<environment.Job instance at 0x14fd9942b1e0>,20,2,[ 1 10],28,43,45,15,29
1,<environment.Job instance at 0x14fd9942b230>,10,3,[6 2],16,65,68,49,65
1,<environment.Job instance at 0x14fd99477b40>,3,1,[13  1],4,109,110,105,109
1,<environment.Job instance at 0x14fd9942b500>,6,2,[ 2 10],7,406,408,399,406
1,<environment.Job instance at 0x14fd6a1b7960>,11,15,[10  2],15,15,30,0,15
1,<environment.Job instance at 0x14fd6a1b76e0>,12,13,[ 1 10],16,16,29,0,16
1,<environment.Job instance at 0x14fd6a1b79b0>,13,16,[8 1],17,30,46,13,17
1,<environment.Job instance at 0x14fd6a1b7050>,14,17,[1 9],19,29,46,10,19
1,<environment.Job instance at 0x14fd6a1b7370>,15,13,[2 9],20,46,59,26,30
1,<environment.Job instance at 0x14fd6a1b70a0>,16,1,[2 8],21,59,60,38,31
1,<environment.Job instance at 0x14fd6a161550>,17,1,[ 2 10],22,60,61,38,32
1,<environment.Job instance at 0x14fd6a1618c0>,18,1,[ 2 14],23,61,62,38,34
1,<environment.Job instance at 0x14fd6a161910>,19,1,[8 2],24,46,47,22,34
1,<environment.Job instance at 0x14fd6a161aa0>,20,15,[5 1],25,34,49,9,34
1,<environment.Job instance at 0x14fd6a1b74b0>,10,12,[9 2],14,62,74,48,52
1,<environment.Job instance at 0x14fd6a161730>,21,18,[1 8],26,62,80,36,55
1,<environment.Job instance at 0x14fd6a1b7b40>,7,2,[14  1],10,225,227,215,225
1,<environment.Job instance at 0x14fd989f70f0>,5,15,[9 2],7,7,22,0,7
1,<environment.Job instance at 0x14fd989f70a0>,6,18,[2 6],8,8,26,0,8
1,<environment.Job instance at 0x14fd989f7370>,7,1,[1 6],9,9,10,0,9
1,<environment.Job instance at 0x14fd989f72d0>,8,1,[1 7],10,11,12,1,11
1,<environment.Job instance at 0x14fd989f7af0>,9,3,[9 1],13,22,25,9,17
1,<environment.Job instance at 0x14fd994d0f00>,10,3,[12  1],14,25,28,11,17
1,<environment.Job instance at 0x14fd994d09b0>,11,1,[1 8],16,22,23,6,17
1,<environment.Job instance at 0x14fd994d03c0>,12,15,[1 6],17,23,38,6,17
1,<environment.Job instance at 0x14fd994d02d0>,13,3,[7 2],18,28,31,10,18
1,<environment.Job instance at 0x14fd994d0eb0>,14,2,[1 8],19,26,28,7,19
1,<environment.Job instance at 0x14fd994d0a50>,15,3,[1 7],21,28,31,7,22
1,<environment.Job instance at 0x14fd994d0820>,16,13,[ 1 14],22,38,51,16,22
1,<environment.Job instance at 0x14fd993a7550>,17,27,[1 8],23,51,78,28,49
1,<environment.Job instance at 0x14fd993a7500>,19,2,[7 2],25,60,62,35,60
1,<environment.Job instance at 0x14fd993a7820>,20,12,[6 1],26,60,72,34,60
1,<environment.Job instance at 0x14fd993a7b90>,21,28,[2 8],29,79,107,50,79
1,<environment.Job instance at 0x14fd989f7a50>,0,3,[11  2],1,541,544,540,541
1,<environment.Job instance at 0x14fd6debdb90>,15,1,[1 7],23,23,24,0,23
1,<environment.Job instance at 0x14fd6d134410>,10,19,[ 1 10],18,30,49,12,30
1,<environment.Job instance at 0x14fd6debd500>,19,14,[10  1],29,30,44,1,30
1,<environment.Job instance at 0x14fd6a7797d0>,9,17,[7 1],12,16,33,4,16
1,<environment.Job instance at 0x14fd6a18c6e0>,13,2,[ 2 12],26,27,29,1,27
1,<environment.Job instance at 0x14fd6a18c5f0>,15,15,[2 8],28,29,44,1,28
1,<environment.Job instance at 0x14fd6a08f1e0>,2,1,[1 5],3,4,5,1,4
1,<environment.Job instance at 0x14fd6a08f550>,1,2,[6 2],2,5,7,3,5
1,<environment.Job instance at 0x14fd6a18c140>,5,3,[ 1 13],6,7,10,1,7
1,<environment.Job instance at 0x14fd6eca6460>,7,21,[ 2 13],10,10,31,0,10
1,<environment.Job instance at 0x14fd6eca6690>,8,1,[2 8],11,31,32,20,11
1,<environment.Job instance at 0x14fd6eca61e0>,9,1,[7 1],12,12,13,0,12
1,<environment.Job instance at 0x14fd6eca6be0>,10,18,[5 2],13,13,31,0,13
1,<environment.Job instance at 0x14fd6eca6780>,11,2,[8 2],15,31,33,16,15
1,<environment.Job instance at 0x14fd6eca6a50>,12,3,[1 7],16,32,35,16,16
1,<environment.Job instance at 0x14fd6eca6140>,13,18,[8 1],17,33,51,16,22
1,<environment.Job instance at 0x14fd6eca6550>,14,1,[5 2],18,31,32,13,22
1,<environment.Job instance at 0x14fd6eca6c30>,15,1,[1 8],19,35,36,16,22
1,<environment.Job instance at 0x14fd6eca6c80>,16,3,[1 7],20,36,39,16,22
1,<environment.Job instance at 0x14fd6eca65a0>,17,2,[5 2],22,32,34,10,22
1,<environment.Job instance at 0x14fd6eca6a00>,18,2,[1 7],24,36,38,12,24
1,<environment.Job instance at 0x14fd993de0a0>,19,2,[5 2],25,34,36,9,25
1,<environment.Job instance at 0x14fd993dea50>,20,1,[1 6],27,38,39,11,27
1,<environment.Job instance at 0x14fd993deb40>,21,12,[7 1],28,39,51,11,28
1,<environment.Job instance at 0x14fd993de4b0>,22,2,[10  1],29,51,53,22,29
1,<environment.Job instance at 0x14fd6d12e780>,4,3,[ 2 10],5,51,54,46,47
1,<environment.Job instance at 0x14fd6a08f0f0>,0,13,[ 1 11],1,239,252,238,239
1,<environment.Job instance at 0x14fd6a18c370>,0,17,[7 1],2,2,19,0,2
1,<environment.Job instance at 0x14fd6ebbb640>,12,21,[7 2],20,20,41,0,20
1,<environment.Job instance at 0x14fd6a64a9b0>,1,20,[8 2],2,3,23,1,3
1,<environment.Job instance at 0x14fd6a7be550>,8,16,[7 2],14,17,33,3,17
1,<environment.Job instance at 0x14fd6a7bee10>,11,1,[1 8],18,23,24,5,20
1,<environment.Job instance at 0x14fd993c46e0>,12,13,[1 7],20,24,37,4,21
1,<environment.Job instance at 0x14fd993c4aa0>,14,3,[5 2],24,24,27,0,24
1,<environment.Job instance at 0x14fd993c4d20>,15,2,[ 2 10],25,37,39,12,26
1,<environment.Job instance at 0x14fd6a7be500>,10,18,[5 2],17,32,50,15,32
1,<environment.Job instance at 0x14fd6a368640>,6,1,[1 9],13,16,17,3,16
1,<environment.Job instance at 0x14fd6a3686e0>,7,3,[1 8],14,17,20,3,16
1,<environment.Job instance at 0x14fd6a3688c0>,8,1,[9 2],15,16,17,1,16
1,<environment.Job instance at 0x14fd6a368e60>,9,18,[ 1 10],16,20,38,4,16
1,<environment.Job instance at 0x14fd6a673af0>,11,3,[ 2 10],20,38,41,18,20
1,<environment.Job instance at 0x14fd6a673460>,12,1,[7 2],21,25,26,4,25
1,<environment.Job instance at 0x14fd6a6735a0>,13,3,[9 1],22,29,32,7,29
1,<environment.Job instance at 0x14fd6a6736e0>,14,16,[9 1],23,32,48,9,30
1,<environment.Job instance at 0x14fd6a673140>,15,1,[6 2],25,41,42,16,31
1,<environment.Job instance at 0x14fd6a6737d0>,16,3,[2 7],26,42,45,16,31
1,<environment.Job instance at 0x14fd6a673870>,17,14,[7 2],27,48,62,21,33
1,<environment.Job instance at 0x14fd6a673780>,18,2,[ 1 10],29,45,47,16,33
1,<environment.Job instance at 0x14fd6a368140>,2,15,[ 1 11],7,72,87,65,72
1,<environment.Job instance at 0x14fd6a3680a0>,5,2,[1 6],12,182,184,170,182
1,<environment.Job instance at 0x14fd6e74f780>,0,2,[2 9],1,1,3,0,1
1,<environment.Job instance at 0x14fd9bd8b320>,10,15,[2 8],18,18,33,0,18
1,<environment.Job instance at 0x14fd9bd8b550>,11,16,[2 8],19,33,49,14,20
1,<environment.Job instance at 0x14fd9bd8bbe0>,7,3,[8 1],13,23,26,10,23
1,<environment.Job instance at 0x14fd9bd8bc80>,12,13,[ 2 10],22,49,62,27,33
1,<environment.Job instance at 0x14fd9bd8b640>,8,1,[10  1],14,163,164,149,163
1,<environment.Job instance at 0x14fd6a725190>,16,14,[14  1],22,629,643,607,629
1,<environment.Job instance at 0x14fd9bd6e640>,11,3,[2 8],12,12,15,0,12
1,<environment.Job instance at 0x14fd9bd6ed20>,12,2,[2 8],13,15,17,2,13
1,<environment.Job instance at 0x14fd9bd6e140>,14,1,[6 2],18,18,19,0,18
1,<environment.Job instance at 0x14fd9bd6ee60>,19,2,[10  1],24,24,26,0,24
1,<environment.Job instance at 0x14fd9bd6e730>,18,27,[ 2 10],23,26,53,3,26
1,<environment.Job instance at 0x14fd9bd6ec80>,20,2,[2 7],26,53,55,27,26
1,<environment.Job instance at 0x14fd9bd6ef00>,22,1,[2 5],28,28,29,0,28
1,<environment.Job instance at 0x14fd6d68a230>,9,3,[6 1],10,47,50,37,47
1,<environment.Job instance at 0x14fdc194de10>,15,1,[1 7],21,23,24,2,23
1,<environment.Job instance at 0x14fdc1885fa0>,16,3,[2 7],22,24,27,2,24
1,<environment.Job instance at 0x14fd6d33c820>,11,13,[12  2],17,24,37,7,24
1,<environment.Job instance at 0x14fdc1885a00>,17,2,[1 5],23,24,26,1,24
1,<environment.Job instance at 0x14fdc0077fa0>,19,1,[2 5],26,27,28,1,26
1,<environment.Job instance at 0x14fd6d222cd0>,21,1,[2 6],28,28,29,0,28
1,<environment.Job instance at 0x14fdc194df50>,13,1,[6 2],19,48,49,29,48
1,<environment.Job instance at 0x14fd9953efa0>,0,1,[2 6],1,1,2,0,1
1,<environment.Job instance at 0x14fd9bd60b40>,19,14,[6 1],23,23,37,0,23
1,<environment.Job instance at 0x14fd9bd60c80>,16,2,[7 2],20,24,26,4,24
1,<environment.Job instance at 0x14fd6a726280>,22,2,[7 1],26,26,28,0,26
1,<environment.Job instance at 0x14fd6a726aa0>,23,3,[7 1],27,28,31,1,27
1,<environment.Job instance at 0x14fd6a726690>,24,13,[10  1],28,37,50,9,28
1,<environment.Job instance at 0x14fd9bd60910>,20,1,[2 5],24,41,42,17,41
1,<environment.Job instance at 0x14fd6d6875a0>,25,25,[12  1],29,52,77,23,52
1,<environment.Job instance at 0x1473a83ddaa0>,17,17,[6 1],23,24,41,1,24
1,<environment.Job instance at 0x1473a83e04b0>,24,12,[ 1 10],32,32,44,0,32
1,<environment.Job instance at 0x1473a83e0960>,25,2,[2 8],34,44,46,10,36
1,<environment.Job instance at 0x1473a83e0a50>,26,1,[2 7],35,44,45,9,36
1,<environment.Job instance at 0x1473a83e0b40>,27,2,[2 7],36,45,47,9,37
1,<environment.Job instance at 0x1473a83e0d20>,28,2,[2 7],37,46,48,9,37
1,<environment.Job instance at 0x1473a83e0cd0>,29,16,[10  2],39,47,63,8,39
1,<environment.Job instance at 0x1473a83e0730>,22,1,[2 7],30,51,52,21,51
1,<environment.Job instance at 0x1473a83e0410>,20,2,[ 1 13],27,75,77,48,75
1,<environment.Job instance at 0x1473c8ca8500>,3,15,[11  1],4,24,39,20,24
1,<environment.Job instance at 0x1473c8ca8550>,7,1,[8 1],11,39,40,28,24
1,<environment.Job instance at 0x1473c8ca4cd0>,9,3,[1 6],13,26,29,13,26
1,<environment.Job instance at 0x1473c8ca4dc0>,11,1,[10  1],16,40,41,24,26
1,<environment.Job instance at 0x1473c8ca8780>,5,3,[10  2],8,41,44,33,26
1,<environment.Job instance at 0x1473c8ca4910>,12,3,[7 2],17,44,47,27,26
1,<environment.Job instance at 0x1473c8ca47d0>,14,3,[2 8],20,29,32,9,29
1,<environment.Job instance at 0x1473c8ca4870>,15,2,[2 8],21,32,34,11,30
1,<environment.Job instance at 0x1473c8ca4820>,16,1,[1 6],23,30,31,7,30
1,<environment.Job instance at 0x1473c8ca40f0>,17,1,[2 9],25,34,35,9,31
1,<environment.Job instance at 0x1473c8ca4f00>,13,3,[1 8],18,35,38,17,31
1,<environment.Job instance at 0x1473c8ca4320>,18,16,[8 2],26,44,60,18,34
1,<environment.Job instance at 0x1473c8ca4730>,20,2,[8 2],29,60,62,31,35
1,<environment.Job instance at 0x1473c8ca45f0>,21,2,[1 7],32,38,40,6,35
1,<environment.Job instance at 0x1473c8ca46e0>,22,3,[6 1],33,47,50,14,35
1,<environment.Job instance at 0x1473c8ca0d20>,23,2,[2 5],35,36,38,1,36
1,<environment.Job instance at 0x1473c8ca0230>,24,16,[2 5],36,50,66,14,37
1,<environment.Job instance at 0x1473c8ca0be0>,25,1,[10  2],39,62,63,23,39
1,<environment.Job instance at 0x1473c8ca4a50>,19,12,[9 1],28,76,88,48,76
1,<environment.Job instance at 0x1473c8ca4eb0>,10,25,[12  2],14,88,113,74,86
1,<environment.Job instance at 0x1473aab111e0>,9,1,[13  1],14,19,20,5,19
1,<environment.Job instance at 0x1473aab11230>,13,3,[2 9],19,19,22,0,19
1,<environment.Job instance at 0x1473b0687eb0>,10,12,[9 2],14,14,26,0,14
1,<environment.Job instance at 0x1473aaf8e7d0>,14,17,[1 9],19,19,36,0,19
1,<environment.Job instance at 0x1473aaf8e8c0>,19,1,[8 2],24,26,27,2,24
1,<environment.Job instance at 0x1473aaf8e6e0>,20,15,[5 1],25,26,41,1,26
1,<environment.Job instance at 0x1473aaf8e410>,21,18,[1 8],26,36,54,10,26
1,<environment.Job instance at 0x1473aaf8e730>,22,2,[ 1 10],30,54,56,24,30
1,<environment.Job instance at 0x1473aaf8eaa0>,23,3,[11  2],31,41,44,10,31
1,<environment.Job instance at 0x1473cadbd550>,24,3,[ 2 10],32,56,59,24,33
1,<environment.Job instance at 0x1473cadbd3c0>,25,3,[2 5],33,33,36,0,33
1,<environment.Job instance at 0x1473cadbd730>,26,1,[8 1],34,36,37,2,35
1,<environment.Job instance at 0x1473cadbd2d0>,27,3,[5 2],36,37,40,1,36
1,<environment.Job instance at 0x1473cadbd690>,28,15,[9 2],37,44,59,7,37
1,<environment.Job instance at 0x1473b0687aa0>,7,2,[14  1],10,59,61,49,39
1,<environment.Job instance at 0x1473cadbd5f0>,29,18,[2 6],38,61,79,23,53
1,<environment.Job instance at 0x1473aaf8ea50>,18,1,[ 2 14],23,88,89,65,88
1,<environment.Job instance at 0x1473b06875f0>,4,3,[7 2],8,13,16,5,13
1,<environment.Job instance at 0x1473a7b1dbe0>,9,3,[1 9],14,17,20,3,17
1,<environment.Job instance at 0x1473a7b1d320>,10,2,[7 2],15,20,22,5,20
1,<environment.Job instance at 0x1473a7b2cb40>,11,12,[6 1],16,20,32,4,20
1,<environment.Job instance at 0x1473a7b2c730>,12,28,[2 8],19,21,49,2,21
1,<environment.Job instance at 0x1473a7b2c6e0>,14,15,[1 7],25,32,47,7,25
1,<environment.Job instance at 0x1473a7b2c690>,15,3,[ 2 10],26,49,52,23,26
1,<environment.Job instance at 0x1473a7b2ce60>,13,3,[5 1],23,26,29,3,26
1,<environment.Job instance at 0x1473a7b2c640>,17,2,[ 2 10],31,52,54,21,31
1,<environment.Job instance at 0x1473a7b2c960>,18,3,[5 2],32,47,50,15,32
1,<environment.Job instance at 0x1473a7b2ce10>,16,2,[1 9],28,54,56,26,34
1,<environment.Job instance at 0x1473ab130a00>,19,15,[2 7],33,56,71,23,43
1,<environment.Job instance at 0x1473ab130640>,21,2,[2 9],35,71,73,36,44
1,<environment.Job instance at 0x1473ab1300f0>,20,2,[ 2 10],34,73,75,39,53
1,<environment.Job instance at 0x1473ab130b40>,22,17,[ 2 10],36,75,92,39,67
1,<environment.Job instance at 0x1473ab1306e0>,24,2,[9 1],39,67,69,28,67
1,<environment.Job instance at 0x1473b06145a0>,1,3,[12  1],4,495,498,491,495
1,<environment.Job instance at 0x1473a7b1d820>,7,13,[ 1 14],12,619,632,607,619
1,<environment.Job instance at 0x1473a7b1daa0>,8,27,[1 8],13,1034,1061,1021,1034
1,<environment.Job instance at 0x1473a80386e0>,0,2,[ 1 10],1,1,3,0,1
1,<environment.Job instance at 0x1473cbc505f0>,14,18,[8 1],18,22,40,4,22
1,<environment.Job instance at 0x1473cbc503c0>,20,15,[9 2],30,40,55,10,30
1,<environment.Job instance at 0x1473cbc50dc0>,21,1,[9 1],31,55,56,24,31
1,<environment.Job instance at 0x1473cbc9b5a0>,24,1,[9 1],35,56,57,21,35
1,<environment.Job instance at 0x1473cbc9b780>,25,2,[8 1],36,57,59,21,36
1,<environment.Job instance at 0x1473cbc9b320>,26,1,[ 1 10],37,37,38,0,37
1,<environment.Job instance at 0x1473cbc9b050>,27,2,[1 5],39,39,41,0,39
1,<environment.Job instance at 0x1473cbc50d20>,19,16,[9 1],26,66,82,40,66
1,<environment.Job instance at 0x1473cbc50690>,17,17,[7 1],22,358,375,336,358
1,<environment.Job instance at 0x1473b01c8500>,14,14,[6 1],27,31,45,4,31
1,<environment.Job instance at 0x1473b01c84b0>,17,13,[ 1 11],31,31,44,0,31
1,<environment.Job instance at 0x1473b01c8460>,19,1,[1 5],33,44,45,11,33
1,<environment.Job instance at 0x1473b01c8b40>,20,16,[1 7],34,44,60,10,34
1,<environment.Job instance at 0x1473b01c81e0>,21,3,[ 2 10],35,60,63,25,37
1,<environment.Job instance at 0x1473b01c8730>,22,3,[ 1 13],36,63,66,27,37
1,<environment.Job instance at 0x1473a7da5b90>,23,3,[1 5],39,45,48,6,39
1,<environment.Job instance at 0x1473b01c8410>,16,16,[1 7],29,66,82,37,57
1,<environment.Job instance at 0x1473b01c80f0>,13,2,[ 2 12],26,85,87,59,85
1,<environment.Job instance at 0x1473b0f150f0>,16,17,[7 1],22,22,39,0,22
1,<environment.Job instance at 0x1473b0f15550>,18,3,[1 8],25,25,28,0,25
1,<environment.Job instance at 0x1473b0f156e0>,19,12,[7 2],27,27,39,0,27
1,<environment.Job instance at 0x1473b0f153c0>,20,2,[7 2],29,39,41,10,29
1,<environment.Job instance at 0x1473b1fa4fa0>,24,1,[ 2 10],35,39,40,4,35
1,<environment.Job instance at 0x1473b1fa4910>,25,14,[8 1],36,40,54,4,36
1,<environment.Job instance at 0x1473b1fa4be0>,27,3,[7 2],38,41,44,3,41
1,<environment.Job instance at 0x1473a961f3c0>,7,1,[1 8],9,61,62,52,61
1,<environment.Job instance at 0x1473a8255140>,7,2,[10  1],13,32,34,19,32
1,<environment.Job instance at 0x1473ab0e0eb0>,16,1,[1 8],28,33,34,5,33
1,<environment.Job instance at 0x1473b019caa0>,4,2,[1 9],11,11,13,0,11
1,<environment.Job instance at 0x1473a7e4e820>,8,1,[9 2],15,15,16,0,15
1,<environment.Job instance at 0x1473a7e4ec30>,10,2,[1 6],18,19,21,1,19
1,<environment.Job instance at 0x1473a7e4ea00>,11,3,[ 2 10],20,21,24,1,20
1,<environment.Job instance at 0x1473a7e4e640>,12,1,[7 2],21,21,22,0,21
1,<environment.Job instance at 0x1473a7e4ed20>,13,3,[9 1],22,23,26,1,23
1,<environment.Job instance at 0x1473a7e4e550>,14,16,[9 1],23,26,42,3,23
1,<environment.Job instance at 0x1473a7e4e5a0>,15,1,[6 2],25,25,26,0,25
1,<environment.Job instance at 0x1473a83ce820>,17,14,[7 2],27,42,56,15,29
1,<environment.Job instance at 0x1473a83ce230>,18,2,[ 1 10],29,29,31,0,29
1,<environment.Job instance at 0x1473a83ce870>,19,3,[10  2],30,56,59,26,30
1,<environment.Job instance at 0x1473a83ce960>,21,3,[9 1],34,59,62,25,35
1,<environment.Job instance at 0x1473a83cec80>,22,18,[6 2],36,36,54,0,36
1,<environment.Job instance at 0x1473a83ce6e0>,23,16,[1 5],38,42,58,4,38
1,<environment.Job instance at 0x1473a8255820>,2,15,[ 1 11],7,124,139,117,124
1,<environment.Job instance at 0x1473a7b20050>,25,16,[2 8],39,39,55,0,39
1,<environment.Job instance at 0x1473a7b20460>,22,1,[10  1],34,58,59,24,58
1,<environment.Job instance at 0x1473a7b20be0>,23,27,[1 7],35,100,127,65,100
1,<environment.Job instance at 0x1473a7fb7140>,22,1,[8 2],31,32,33,1,32
1,<environment.Job instance at 0x1473a78e4320>,10,2,[1 8],11,13,15,2,13
1,<environment.Job instance at 0x1473a78e49b0>,13,3,[5 2],16,21,24,5,21
1,<environment.Job instance at 0x1473a78e4c30>,8,16,[2 8],9,23,39,14,23
1,<environment.Job instance at 0x1473cade46e0>,19,2,[10  1],24,32,34,8,32
1,<environment.Job instance at 0x1473a827ba00>,18,27,[ 2 10],23,39,66,16,37
1,<environment.Job instance at 0x1473ca3db410>,26,2,[5 2],33,37,39,4,37
1,<environment.Job instance at 0x1473ca3dbeb0>,27,1,[7 1],36,37,38,1,37
1,<environment.Job instance at 0x1473a7a4daa0>,28,2,[7 1],37,38,40,1,37
1,<environment.Job instance at 0x1473aab915a0>,29,1,[7 2],38,40,41,2,38
1,<environment.Job instance at 0x1473a81f8140>,30,3,[10  2],39,41,44,2,41
1,<environment.Job instance at 0x1473cade4690>,20,2,[2 7],26,70,72,44,70
1,<environment.Job instance at 0x1473a8426a00>,24,3,[2 5],31,94,97,63,94
1,<environment.Job instance at 0x1473a78e4fa0>,9,3,[6 1],10,199,202,189,199
1,<environment.Job instance at 0x1473b017b690>,7,1,[1 7],11,19,20,8,19
1,<environment.Job instance at 0x1473ca4d3c30>,8,3,[2 7],12,25,28,13,25
1,<environment.Job instance at 0x1473ca4d3aa0>,10,1,[1 9],15,28,29,13,25
1,<environment.Job instance at 0x1473ca4d39b0>,11,1,[2 5],16,25,26,9,25
1,<environment.Job instance at 0x1473ca4d3be0>,9,2,[1 5],13,26,28,13,25
1,<environment.Job instance at 0x1473ca4d3d20>,12,15,[7 1],17,25,40,8,25
1,<environment.Job instance at 0x1473ca4d3050>,14,1,[2 8],20,29,30,9,25
1,<environment.Job instance at 0x1473ca4d32d0>,16,3,[1 7],23,30,33,7,25
1,<environment.Job instance at 0x1473ca4d3280>,17,17,[2 7],24,30,47,6,25
1,<environment.Job instance at 0x1473ca4d3d70>,18,14,[1 6],25,33,47,8,25
1,<environment.Job instance at 0x1473ca4d3a50>,20,3,[5 1],27,27,30,0,27
1,<environment.Job instance at 0x1473ca4d3b40>,21,1,[10  1],28,40,41,12,28
1,<environment.Job instance at 0x1473a7a90050>,22,1,[1 8],29,47,48,18,30
1,<environment.Job instance at 0x1473a7a909b0>,23,12,[9 2],30,41,53,11,30
1,<environment.Job instance at 0x1473a7a90e60>,24,2,[2 6],31,48,50,17,31
1,<environment.Job instance at 0x1473a7a90550>,25,3,[9 2],32,53,56,21,32
1,<environment.Job instance at 0x1473aaba6be0>,26,2,[10  2],33,56,58,23,33
1,<environment.Job instance at 0x1473a7a90f50>,27,16,[10  2],34,58,74,24,45
1,<environment.Job instance at 0x1473aafa35a0>,29,2,[1 6],37,49,51,12,49
1,<environment.Job instance at 0x1473b017bf00>,5,1,[6 2],9,74,75,65,57
1,<environment.Job instance at 0x1473b017b320>,3,13,[12  2],7,461,474,454,461
1,<environment.Job instance at 0x1473d00493c0>,13,3,[1 9],18,18,21,0,18
1,<environment.Job instance at 0x1473aacbd5a0>,14,16,[10  1],19,19,35,0,19
1,<environment.Job instance at 0x1473aacbdaf0>,16,23,[1 6],21,21,44,0,21
1,<environment.Job instance at 0x1473aacbdd70>,18,3,[10  1],27,35,38,8,27
1,<environment.Job instance at 0x1473aacbd780>,19,3,[6 1],29,38,41,9,29
1,<environment.Job instance at 0x1473aacbd460>,20,3,[8 1],30,38,41,8,30
1,<environment.Job instance at 0x1473aacbdbe0>,21,2,[7 1],32,41,43,9,32
1,<environment.Job instance at 0x1473aacbddc0>,22,18,[2 6],34,41,59,7,34
1,<environment.Job instance at 0x1473aacbdc80>,23,1,[7 1],36,43,44,7,36
1,<environment.Job instance at 0x1473fc29eeb0>,25,14,[2 5],38,44,58,6,38
1,<environment.Job instance at 0x1473d00491e0>,8,25,[12  1],9,62,87,53,62
1,<environment.Job instance at 0x1473d0049af0>,10,2,[10  2],12,108,110,96,108
1,<environment.Job instance at 0x1473b05750a0>,12,16,[ 2 10],22,25,41,3,25
1,<environment.Job instance at 0x1473aaf9d0f0>,11,17,[1 9],14,14,31,0,14
1,<environment.Job instance at 0x1473a7dabb90>,18,1,[10  2],28,32,33,4,32
1,<environment.Job instance at 0x1473a7dabcd0>,22,1,[ 1 12],36,37,38,1,37
1,<environment.Job instance at 0x1473a7dabb40>,23,3,[6 2],37,40,43,3,40
1,<environment.Job instance at 0x1473a7dabeb0>,17,2,[1 8],27,85,87,58,85
1,<environment.Job instance at 0x1473a7b8a4b0>,1,1,[2 9],4,5,6,1,5
1,<environment.Job instance at 0x1473b01278c0>,9,1,[8 1],15,38,39,23,38
1,<environment.Job instance at 0x1473b0127460>,10,28,[5 1],16,39,67,23,39
1,<environment.Job instance at 0x1473b01270a0>,11,13,[8 2],17,43,56,26,43
1,<environment.Job instance at 0x1473b0127af0>,12,18,[5 1],18,56,74,38,45
1,<environment.Job instance at 0x1473b0127b90>,13,15,[6 1],19,67,82,48,53
1,<environment.Job instance at 0x1473b05aa640>,14,3,[6 2],20,74,77,54,55
1,<environment.Job instance at 0x1473b05aa320>,15,1,[6 2],21,77,78,56,55
1,<environment.Job instance at 0x1473b0127e10>,7,16,[ 1 10],12,63,79,51,63
1,<environment.Job instance at 0x1473b05aa190>,16,17,[9 2],23,79,96,56,67
1,<environment.Job instance at 0x1473b05aa8c0>,17,1,[7 1],24,78,79,54,67
1,<environment.Job instance at 0x1473b05aac30>,18,12,[2 8],25,82,94,57,67
1,<environment.Job instance at 0x1473b05aae10>,20,3,[1 5],27,82,85,55,67
1,<environment.Job instance at 0x1473b05aa0f0>,21,3,[2 7],28,94,97,66,68
1,<environment.Job instance at 0x1473b05aa410>,22,13,[2 5],29,85,98,56,69
1,<environment.Job instance at 0x1473ca478870>,23,2,[2 8],30,97,99,67,70
1,<environment.Job instance at 0x1473d1c9a3c0>,24,2,[5 1],31,96,98,65,72
1,<environment.Job instance at 0x1473d1c9a460>,25,1,[6 2],36,96,97,60,73
1,<environment.Job instance at 0x1473d1c9ae10>,26,1,[1 9],37,99,100,62,73
1,<environment.Job instance at 0x1473d1c9af00>,27,3,[7 1],38,98,101,60,73
1,<environment.Job instance at 0x1473d1c9a960>,28,3,[7 2],39,99,102,60,75
1,<environment.Job instance at 0x1473b0127550>,4,13,[13  2],7,290,303,283,290
1,<environment.Job instance at 0x1473a8dd15f0>,4,25,[8 1],9,9,34,0,9
1,<environment.Job instance at 0x1473a8dd1640>,10,1,[10  2],17,34,35,17,17
1,<environment.Job instance at 0x1473a8dd1e60>,12,16,[1 9],19,19,35,0,19
1,<environment.Job instance at 0x1473a826ed20>,13,3,[1 5],20,20,23,0,20
1,<environment.Job instance at 0x1473a826ef00>,14,12,[2 9],22,35,47,13,22
1,<environment.Job instance at 0x1473a826eeb0>,15,3,[9 2],23,35,38,12,23
1,<environment.Job instance at 0x1473d1bfe410>,16,13,[1 9],24,47,60,23,31
1,<environment.Job instance at 0x1473d1bfe550>,19,1,[ 1 10],29,60,61,31,32
1,<environment.Job instance at 0x1473d1bfecd0>,21,17,[2 9],31,61,78,30,49
1,<environment.Job instance at 0x1473a8dd1cd0>,11,2,[7 2],18,79,81,61,79
1,<environment.Job instance at 0x1473a8dd1910>,9,14,[9 2],16,169,183,153,169
1,<environment.Job instance at 0x1473d22c6500>,7,2,[1 9],9,9,11,0,9
1,<environment.Job instance at 0x1473a79e35f0>,16,25,[9 1],21,21,46,0,21
1,<environment.Job instance at 0x1473a79e3e60>,19,21,[2 5],25,25,46,0,25
1,<environment.Job instance at 0x1473cbdbe230>,25,2,[1 5],32,32,34,0,32
1,<environment.Job instance at 0x1473cbdbef50>,26,16,[1 8],33,34,50,1,34
1,<environment.Job instance at 0x1473cbdbebe0>,27,14,[2 6],35,46,60,11,35
1,<environment.Job instance at 0x1473cbdbecd0>,28,1,[9 1],36,46,47,10,36
1,<environment.Job instance at 0x1473cbdbe7d0>,29,17,[2 5],37,50,67,13,38
1,<environment.Job instance at 0x149b0665b8c0>,24,12,[ 1 10],32,33,45,1,33
1,<environment.Job instance at 0x149b0665b910>,25,2,[2 8],34,45,47,11,34
1,<environment.Job instance at 0x149b0665bdc0>,28,2,[2 7],37,45,47,8,40
1,<environment.Job instance at 0x149b0665bcd0>,29,16,[10  2],39,47,63,8,40
1,<environment.Job instance at 0x149b0665beb0>,30,15,[2 9],40,47,62,7,40
1,<environment.Job instance at 0x149b0665bf50>,31,3,[9 2],41,41,44,0,41
1,<environment.Job instance at 0x149b0665d320>,32,3,[2 9],42,62,65,20,42
1,<environment.Job instance at 0x149b0665d050>,33,1,[2 7],43,65,66,22,43
1,<environment.Job instance at 0x149b0665d5a0>,34,15,[11  1],44,63,78,19,49
1,<environment.Job instance at 0x149b0665bd20>,27,2,[2 7],36,65,67,29,49
1,<environment.Job instance at 0x149b0665d4b0>,35,2,[1 8],45,67,69,22,49
1,<environment.Job instance at 0x149b0665b140>,20,2,[ 1 13],27,69,71,42,65
1,<environment.Job instance at 0x149b0665b5a0>,23,2,[8 1],31,78,80,47,71
1,<environment.Job instance at 0x149b140fd230>,8,2,[2 8],11,11,13,0,11
1,<environment.Job instance at 0x149b140fd280>,9,1,[1 6],13,14,15,1,14
1,<environment.Job instance at 0x149b140fd320>,10,1,[2 9],15,16,17,1,16
1,<environment.Job instance at 0x149b140fd1e0>,11,16,[8 2],16,19,35,3,19
1,<environment.Job instance at 0x149b140fdcd0>,12,12,[9 1],18,35,47,17,19
1,<environment.Job instance at 0x149b140fdf50>,13,2,[8 2],19,47,49,28,22
1,<environment.Job instance at 0x149b140fd0f0>,14,2,[1 7],22,22,24,0,22
1,<environment.Job instance at 0x149b140fddc0>,15,3,[6 1],23,23,26,0,23
1,<environment.Job instance at 0x149b140fdd20>,16,2,[2 5],25,26,28,1,25
1,<environment.Job instance at 0x149b140fb820>,17,16,[2 5],26,26,42,0,26
1,<environment.Job instance at 0x149b140fb730>,18,1,[10  2],29,49,50,20,29
1,<environment.Job instance at 0x149b140fb370>,19,22,[1 5],30,30,52,0,30
1,<environment.Job instance at 0x149b140fbcd0>,20,15,[2 9],32,50,65,18,36
1,<environment.Job instance at 0x149b140fb140>,21,1,[1 9],35,42,43,7,36
1,<environment.Job instance at 0x149b140fbd20>,22,17,[8 1],36,50,67,14,39
1,<environment.Job instance at 0x149b140fb1e0>,23,3,[1 5],37,43,46,6,39
1,<environment.Job instance at 0x149b140fb190>,24,3,[9 2],38,67,70,29,41
1,<environment.Job instance at 0x149b140fbc30>,25,3,[10  1],39,70,73,31,44
1,<environment.Job instance at 0x149b140fd820>,7,3,[2 8],10,65,68,55,51
1,<environment.Job instance at 0x149b140fbaf0>,27,3,[2 9],42,68,71,26,51
1,<environment.Job instance at 0x149b140fb0a0>,26,12,[9 1],41,73,85,32,56
1,<environment.Job instance at 0x149b140de9b0>,29,1,[13  1],44,85,86,41,57
1,<environment.Job instance at 0x149b140de4b0>,30,3,[1 9],45,71,74,26,57
1,<environment.Job instance at 0x149b140de690>,31,1,[2 5],46,58,59,12,58
1,<environment.Job instance at 0x149b140de550>,32,2,[ 2 10],47,74,76,27,58
1,<environment.Job instance at 0x149b140de500>,33,3,[2 9],49,76,79,27,58
1,<environment.Job instance at 0x149b140fd5f0>,3,25,[12  2],4,86,111,82,83
1,<environment.Job instance at 0x149b140de780>,28,3,[1 9],43,236,239,193,236
1,<environment.Job instance at 0x149b06cfdaa0>,24,12,[9 2],34,35,47,1,35
1,<environment.Job instance at 0x149b06cfd640>,25,15,[10  2],35,47,62,12,36
1,<environment.Job instance at 0x149b06cfdbe0>,26,13,[ 1 10],36,42,55,6,42
1,<environment.Job instance at 0x149b06cfd1e0>,27,16,[8 1],37,62,78,25,49
1,<environment.Job instance at 0x149b06cfdc30>,28,17,[1 9],39,55,72,16,49
1,<environment.Job instance at 0x149b06cfde60>,29,13,[2 9],40,72,85,32,56
1,<environment.Job instance at 0x149b06cfd280>,30,1,[2 8],41,85,86,44,57
1,<environment.Job instance at 0x149b06cfd410>,31,1,[ 2 10],42,86,87,44,58
1,<environment.Job instance at 0x149b06cfd9b0>,32,1,[ 2 14],43,87,88,44,59
1,<environment.Job instance at 0x149b092e4230>,33,1,[8 2],44,78,79,34,59
1,<environment.Job instance at 0x149b092e4cd0>,34,15,[5 1],45,62,77,17,59
1,<environment.Job instance at 0x149b092e4050>,35,18,[1 8],46,88,106,42,77
1,<environment.Job instance at 0x149b06cfda50>,21,2,[14  1],30,674,676,644,674
1,<environment.Job instance at 0x149b0a3a6050>,4,3,[5 2],6,12,15,6,12
1,<environment.Job instance at 0x149b0a4efeb0>,5,15,[9 2],7,12,27,5,12
1,<environment.Job instance at 0x149b0a4ef370>,6,18,[2 6],8,15,33,7,12
1,<environment.Job instance at 0x149b0a4ef8c0>,7,1,[1 6],9,12,13,3,12
1,<environment.Job instance at 0x149b0a4efd20>,8,1,[1 7],10,13,14,3,12
1,<environment.Job instance at 0x149b06cfd820>,9,3,[9 1],13,27,30,14,13
1,<environment.Job instance at 0x149b06cfdb90>,10,3,[12  1],14,30,33,16,14
1,<environment.Job instance at 0x149b0a4efe10>,11,1,[1 8],16,27,28,11,17
1,<environment.Job instance at 0x149b0a378f00>,12,15,[1 6],17,28,43,11,18
1,<environment.Job instance at 0x149b0a3781e0>,13,3,[7 2],18,33,36,15,20
1,<environment.Job instance at 0x149b0a378370>,14,2,[1 8],19,36,38,17,20
1,<environment.Job instance at 0x149b0a378280>,15,3,[1 7],21,21,24,0,21
1,<environment.Job instance at 0x149b0a378d20>,16,13,[ 1 14],22,43,56,21,28
1,<environment.Job instance at 0x149b0a378b90>,17,27,[1 8],23,57,84,34,57
1,<environment.Job instance at 0x149b0a378a50>,18,3,[1 9],24,84,87,60,62
1,<environment.Job instance at 0x149b0a378780>,19,2,[7 2],25,65,67,40,65
1,<environment.Job instance at 0x149b0a378a00>,20,12,[6 1],26,66,78,40,66
1,<environment.Job instance at 0x149b0a378820>,21,28,[2 8],29,87,115,58,87
1,<environment.Job instance at 0x149b0a3780a0>,23,15,[1 7],35,97,112,62,97
1,<environment.Job instance at 0x149b179f56e0>,24,3,[ 2 10],36,115,118,79,99
1,<environment.Job instance at 0x149b179f57d0>,25,2,[1 9],38,118,120,80,109
1,<environment.Job instance at 0x149b179f5730>,26,2,[ 2 10],41,120,122,79,113
1,<environment.Job instance at 0x149b179f5af0>,27,3,[5 2],42,114,117,72,114
1,<environment.Job instance at 0x149b179f5dc0>,28,15,[2 7],43,122,137,79,114
1,<environment.Job instance at 0x149b179f5eb0>,29,2,[ 2 10],44,137,139,93,125
1,<environment.Job instance at 0x149b179f50f0>,30,2,[2 9],45,139,141,94,133
1,<environment.Job instance at 0x149b179f5910>,31,17,[ 2 10],46,141,158,95,135
1,<environment.Job instance at 0x149b179f5a50>,32,19,[ 1 10],48,158,177,110,153
1,<environment.Job instance at 0x149b179f5320>,33,2,[9 1],49,159,161,110,159
1,<environment.Job instance at 0x149b0a3a6c30>,0,3,[11  2],1,300,303,299,300
1,<environment.Job instance at 0x149b0a3a6370>,3,1,[8 1],4,383,384,379,383
1,<environment.Job instance at 0x149b092b1550>,0,2,[ 1 10],1,1,3,0,1
1,<environment.Job instance at 0x149b092b2be0>,11,3,[6 1],14,14,17,0,14
1,<environment.Job instance at 0x149b05de21e0>,19,16,[9 1],26,29,45,3,29
1,<environment.Job instance at 0x149b05de2f50>,22,12,[1 5],32,32,44,0,32
1,<environment.Job instance at 0x149b05de2d70>,24,1,[9 1],35,45,46,10,35
1,<environment.Job instance at 0x149b092ca780>,25,2,[8 1],36,46,48,10,36
1,<environment.Job instance at 0x149b092ca5f0>,26,1,[ 1 10],37,44,45,7,37
1,<environment.Job instance at 0x149b092ca910>,27,2,[1 5],39,39,41,0,39
1,<environment.Job instance at 0x149b092ca7d0>,28,3,[1 5],40,41,44,1,40
1,<environment.Job instance at 0x149b092ca6e0>,29,2,[10  2],41,48,50,7,41
1,<environment.Job instance at 0x149b092ca2d0>,30,3,[2 8],45,45,48,0,45
1,<environment.Job instance at 0x149b092cae10>,31,1,[2 6],46,46,47,0,46
1,<environment.Job instance at 0x149b05de2cd0>,21,1,[9 1],31,50,51,19,46
1,<environment.Job instance at 0x149b05de2140>,17,17,[7 1],22,51,68,29,47
1,<environment.Job instance at 0x149b08d93550>,8,2,[ 2 12],16,18,20,2,18
1,<environment.Job instance at 0x149b08d930a0>,11,16,[1 7],19,20,36,1,20
1,<environment.Job instance at 0x149b08d93500>,15,16,[1 7],24,24,40,0,24
1,<environment.Job instance at 0x149b05da5140>,16,3,[ 2 10],25,40,43,15,26
1,<environment.Job instance at 0x149b05da50a0>,17,3,[ 1 13],26,43,46,17,26
1,<environment.Job instance at 0x149b05d15e10>,18,3,[1 5],29,36,39,7,29
1,<environment.Job instance at 0x149b05d15370>,20,1,[2 8],31,47,48,16,47
1,<environment.Job instance at 0x149b05d15050>,21,1,[7 1],32,48,49,16,48
1,<environment.Job instance at 0x149b05d151e0>,22,18,[5 2],33,49,67,16,49
1,<environment.Job instance at 0x149b05d15a00>,19,21,[ 2 13],30,49,70,19,49
1,<environment.Job instance at 0x149b05d15eb0>,24,3,[1 7],36,70,73,34,49
1,<environment.Job instance at 0x149b05d15fa0>,25,18,[8 1],37,67,85,30,56
1,<environment.Job instance at 0x149b05d15500>,27,1,[1 8],39,73,74,34,56
1,<environment.Job instance at 0x149b05d153c0>,28,3,[1 7],40,70,73,30,57
1,<environment.Job instance at 0x149b05d15d20>,29,2,[5 2],42,73,75,31,57
1,<environment.Job instance at 0x149b05d150a0>,30,2,[1 7],44,74,76,30,57
1,<environment.Job instance at 0x149b0a371dc0>,31,2,[5 2],45,75,77,30,57
1,<environment.Job instance at 0x149b0a371320>,32,1,[1 6],47,76,77,29,57
1,<environment.Job instance at 0x149b0a371280>,33,12,[7 1],48,77,89,29,60
1,<environment.Job instance at 0x149b0a371460>,34,2,[10  1],49,89,91,40,62
1,<environment.Job instance at 0x149b05d15460>,26,1,[5 2],38,86,87,48,86
1,<environment.Job instance at 0x149b08d932d0>,14,1,[1 5],23,133,134,110,133
1,<environment.Job instance at 0x149b08d93780>,12,13,[ 1 11],21,888,901,867,888
1,<environment.Job instance at 0x149b5c0cfcd0>,12,21,[7 2],20,20,41,0,20
1,<environment.Job instance at 0x149b0a8590a0>,15,1,[6 1],23,48,49,25,48
1,<environment.Job instance at 0x149b0a859550>,19,20,[8 2],32,74,94,42,74
1,<environment.Job instance at 0x149b1514f280>,4,17,[10  1],8,16,33,8,16
1,<environment.Job instance at 0x149b0a34f550>,6,1,[6 2],11,33,34,22,18
1,<environment.Job instance at 0x149b0a34fd20>,5,2,[ 2 12],10,19,21,9,19
1,<environment.Job instance at 0x149b0a34feb0>,9,2,[8 1],18,33,35,15,19
1,<environment.Job instance at 0x149b0a34fa00>,13,3,[1 8],24,24,27,0,24
1,<environment.Job instance at 0x149b14577c80>,15,18,[ 1 10],26,27,45,1,26
1,<environment.Job instance at 0x149b14577b90>,17,3,[ 2 10],30,45,48,15,30
1,<environment.Job instance at 0x149b14577a50>,18,1,[7 2],31,35,36,4,31
1,<environment.Job instance at 0x149b14577370>,19,3,[9 1],32,36,39,4,32
1,<environment.Job instance at 0x149b14577500>,21,1,[6 2],35,35,36,0,35
1,<environment.Job instance at 0x149b14577190>,23,14,[7 2],37,39,53,2,37
1,<environment.Job instance at 0x149b15089960>,25,3,[10  2],40,53,56,13,40
1,<environment.Job instance at 0x149b15089690>,28,18,[6 2],46,56,74,10,46
1,<environment.Job instance at 0x149b0a34f910>,8,15,[ 1 11],17,281,296,264,281
1,<environment.Job instance at 0x149b092d70f0>,23,27,[1 7],35,42,69,7,42
1,<environment.Job instance at 0x149b170ce550>,30,3,[2 9],47,96,99,49,96
1,<environment.Job instance at 0x149b060e96e0>,9,15,[1 5],13,13,28,0,13
1,<environment.Job instance at 0x149b060e97d0>,10,3,[1 9],14,14,17,0,14
1,<environment.Job instance at 0x149b060e91e0>,11,2,[1 8],16,17,19,1,16
1,<environment.Job instance at 0x149b060e90a0>,12,2,[1 5],18,19,21,1,18
1,<environment.Job instance at 0x149b060e9910>,13,15,[10  1],19,19,34,0,19
1,<environment.Job instance at 0x149b060efe60>,14,1,[2 8],20,21,22,1,20
1,<environment.Job instance at 0x149b060ef820>,15,1,[8 2],21,34,35,13,21
1,<environment.Job instance at 0x149b060efd70>,16,14,[14  1],22,35,49,13,22
1,<environment.Job instance at 0x149b060ef690>,17,2,[6 1],24,49,51,25,24
1,<environment.Job instance at 0x149b060efaf0>,18,3,[10  1],26,51,54,25,26
1,<environment.Job instance at 0x149b060ef5a0>,19,3,[10  2],27,54,57,27,28
1,<environment.Job instance at 0x149b060ef9b0>,20,3,[ 2 11],30,30,33,0,30
1,<environment.Job instance at 0x149b060ef140>,21,2,[1 7],31,33,35,2,31
1,<environment.Job instance at 0x149b060efc30>,22,1,[1 5],32,33,34,1,32
1,<environment.Job instance at 0x149b060ef6e0>,23,18,[8 2],33,57,75,24,46
1,<environment.Job instance at 0x149b08f73c80>,29,16,[2 8],39,49,65,10,46
1,<environment.Job instance at 0x149b08f73190>,30,3,[6 1],40,65,68,25,46
1,<environment.Job instance at 0x149b08f73b90>,31,2,[1 8],41,46,48,5,46
1,<environment.Job instance at 0x149b08f73d70>,32,3,[2 8],42,68,71,26,46
1,<environment.Job instance at 0x149b08f73370>,33,2,[2 8],43,71,73,28,46
1,<environment.Job instance at 0x149b08f73aa0>,34,3,[5 2],46,57,60,11,46
1,<environment.Job instance at 0x149b08f73e10>,35,1,[6 2],48,49,50,1,48
1,<environment.Job instance at 0x149b08f73140>,36,2,[2 8],49,73,75,24,50
1,<environment.Job instance at 0x149b082d9960>,22,2,[1 5],30,31,33,1,31
1,<environment.Job instance at 0x149b082d9370>,23,1,[1 7],31,46,47,15,46
1,<environment.Job instance at 0x149b082d9cd0>,25,2,[1 5],33,46,48,13,46
1,<environment.Job instance at 0x149b082d9320>,26,1,[1 9],35,48,49,13,48
1,<environment.Job instance at 0x149b082d9aa0>,27,1,[2 5],36,52,53,16,52
1,<environment.Job instance at 0x149b082d9550>,28,15,[7 1],37,54,69,17,54
1,<environment.Job instance at 0x149b082d95f0>,29,1,[2 6],38,54,55,16,54
1,<environment.Job instance at 0x149b082d90a0>,30,1,[2 8],40,54,55,14,54
1,<environment.Job instance at 0x149b082d99b0>,31,1,[2 6],41,55,56,14,55
1,<environment.Job instance at 0x149b082d9e10>,32,3,[1 7],43,55,58,12,55
1,<environment.Job instance at 0x149b082d9870>,33,17,[2 7],44,56,73,12,55
1,<environment.Job instance at 0x149b082d9c80>,34,14,[1 6],45,58,72,13,56
1,<environment.Job instance at 0x149b082d9b90>,35,17,[9 1],46,69,86,23,59
1,<environment.Job instance at 0x149b06d2ca50>,36,3,[5 1],47,60,63,13,60
1,<environment.Job instance at 0x149b06d2cbe0>,37,1,[10  1],48,86,87,38,61
1,<environment.Job instance at 0x149b06d2ca00>,38,1,[1 8],49,73,74,24,61
1,<environment.Job instance at 0x149b082d90f0>,24,3,[2 7],32,84,87,52,84
1,<environment.Job instance at 0x149b064612d0>,19,13,[12  2],27,197,210,170,197
1,<environment.Job instance at 0x149b06461690>,21,1,[6 2],29,272,273,243,272
1,<environment.Job instance at 0x149b06df85f0>,10,14,[6 1],13,17,31,4,17
1,<environment.Job instance at 0x149b08f4a6e0>,20,3,[2 8],27,27,30,0,27
1,<environment.Job instance at 0x149b08f4aaf0>,21,3,[1 9],28,30,33,2,28
1,<environment.Job instance at 0x149b150df230>,22,16,[10  1],29,31,47,2,29
1,<environment.Job instance at 0x149b150df8c0>,23,3,[2 9],30,33,36,3,30
1,<environment.Job instance at 0x149b150dff50>,24,23,[1 6],31,36,59,5,31
1,<environment.Job instance at 0x149b150df0f0>,25,12,[7 1],34,47,59,13,34
1,<environment.Job instance at 0x149b150df7d0>,26,3,[10  1],37,59,62,22,37
1,<environment.Job instance at 0x149b150dfb90>,28,3,[8 1],40,62,65,22,40
1,<environment.Job instance at 0x149b150df0a0>,29,2,[7 1],42,47,49,5,42
1,<environment.Job instance at 0x149b150df870>,30,18,[2 6],44,49,67,5,44
1,<environment.Job instance at 0x149b150df820>,31,1,[7 1],46,65,66,19,46
1,<environment.Job instance at 0x149b150df550>,33,14,[2 5],48,59,73,11,48
1,<environment.Job instance at 0x149b08f4ad20>,16,25,[12  1],19,338,363,319,338
1,<environment.Job instance at 0x149b060e5c30>,13,3,[10  2],23,29,32,6,29
1,<environment.Job instance at 0x149b060e5230>,10,26,[2 8],18,29,55,11,29
1,<environment.Job instance at 0x149b060e5050>,18,3,[10  2],34,38,41,4,38
1,<environment.Job instance at 0x149b14022140>,27,21,[1 8],46,55,76,9,48
1,<environment.Job instance at 0x149b0639e0f0>,17,1,[6 2],32,59,60,27,59
1,<environment.Job instance at 0x149b0a473b40>,28,17,[2 8],47,76,93,29,64
1,<environment.Job instance at 0x149b060e5d20>,15,3,[1 9],28,177,180,149,177
1,<environment.Job instance at 0x149b060e5d20>,4,2,[2 9],7,7,9,0,7
1,<environment.Job instance at 0x149b140e5a00>,15,1,[8 1],29,31,32,2,31
1,<environment.Job instance at 0x149b140e5e60>,17,1,[2 9],34,35,36,1,35
1,<environment.Job instance at 0x149b140e5c30>,19,12,[7 1],36,36,48,0,36
1,<environment.Job instance at 0x149b140e5550>,18,2,[7 2],35,36,38,1,36
1,<environment.Job instance at 0x149b092ed500>,21,3,[9 2],38,48,51,10,38
1,<environment.Job instance at 0x149b092edcd0>,22,2,[7 1],41,41,43,0,41
1,<environment.Job instance at 0x149b092ed910>,23,16,[ 1 10],42,42,58,0,42
1,<environment.Job instance at 0x149b092ed370>,24,3,[2 5],44,51,54,7,44
1,<environment.Job instance at 0x149b092ed050>,25,1,[8 1],45,54,55,9,45
1,<environment.Job instance at 0x149b092ed2d0>,20,13,[13  2],37,55,68,18,45
1,<environment.Job instance at 0x149b092ed190>,27,13,[8 2],47,68,81,21,55
1,<environment.Job instance at 0x149b092ed8c0>,29,15,[6 1],49,68,83,19,55
1,<environment.Job instance at 0x149b092eddc0>,28,18,[5 1],48,81,99,33,77
1,<environment.Job instance at 0x149b06276190>,13,1,[ 1 12],26,86,87,60,86
1,<environment.Job instance at 0x149b140e52d0>,16,3,[1 9],31,91,94,60,91
1,<environment.Job instance at 0x149b09200640>,18,25,[8 1],29,31,56,2,31
1,<environment.Job instance at 0x149b0a5349b0>,22,3,[1 7],34,34,37,0,34
1,<environment.Job instance at 0x149b0a534b90>,23,14,[9 2],36,56,70,20,41
1,<environment.Job instance at 0x149b0a534050>,26,16,[1 9],39,41,57,2,41
1,<environment.Job instance at 0x149b060f35a0>,27,3,[1 5],40,41,44,1,41
1,<environment.Job instance at 0x149b060f38c0>,28,12,[2 9],42,57,69,15,42
1,<environment.Job instance at 0x149b060f3140>,30,13,[1 9],44,69,82,25,53
1,<environment.Job instance at 0x149b060f3f50>,33,1,[ 1 10],49,82,83,33,80
1,<environment.Job instance at 0x149b060f3aa0>,32,12,[1 7],47,85,97,38,85
1,<environment.Job instance at 0x149b09200c30>,20,16,[1 6],31,141,157,110,141
1,<environment.Job instance at 0x149b0a470b90>,24,25,[9 1],31,35,60,4,35
1,<environment.Job instance at 0x149b0a4701e0>,25,1,[10  2],33,60,61,27,35
1,<environment.Job instance at 0x149b0a4709b0>,26,21,[ 2 10],34,35,56,1,35
1,<environment.Job instance at 0x149b0a90a960>,19,1,[8 1],24,61,62,37,45
1,<environment.Job instance at 0x149b0a470dc0>,27,21,[2 5],35,56,77,21,48
1,<environment.Job instance at 0x149b06218d70>,31,15,[6 1],40,62,77,22,48
1,<environment.Job instance at 0x149b06218eb0>,32,2,[2 9],41,56,58,15,48
1,<environment.Job instance at 0x149b06218960>,33,2,[1 5],42,58,60,16,48
1,<environment.Job instance at 0x149b06218c80>,34,16,[1 8],43,60,76,17,48
1,<environment.Job instance at 0x149b06218b90>,35,14,[2 6],45,76,90,31,61
1,<environment.Job instance at 0x149b14721fa0>,0,2,[5 2],1,1,3,0,1
1,<environment.Job instance at 0x149b0920a230>,20,16,[6 1],27,27,43,0,27
1,<environment.Job instance at 0x149b1515ca50>,25,2,[6 2],32,32,34,0,32
1,<environment.Job instance at 0x149b1515c910>,27,1,[6 2],35,35,36,0,35
1,<environment.Job instance at 0x149b1515c280>,28,3,[8 2],36,36,39,0,36
1,<environment.Job instance at 0x149b1515c5a0>,30,13,[10  1],39,43,56,4,39
1,<environment.Job instance at 0x149b0a573280>,31,1,[5 1],40,40,41,0,40
1,<environment.Job instance at 0x149b0a573460>,33,2,[7 2],42,56,58,14,42
1,<environment.Job instance at 0x149b0a5730f0>,35,3,[6 1],44,56,59,12,44
1,<environment.Job instance at 0x149b0a573780>,37,3,[2 7],46,46,49,0,46
1,<environment.Job instance at 0x149b0a573370>,36,1,[13  1],45,59,60,14,46
1,<environment.Job instance at 0x149b0a573640>,39,17,[1 8],48,49,66,1,48
1,<environment.Job instance at 0x149b1515c640>,24,1,[1 8],31,280,281,249,280
1,<environment.Job instance at 0x149b0920a730>,15,17,[12  1],20,1308,1325,1288,1308
1,<environment.Job instance at 0x149b05fb4230>,3,22,[8 1],5,5,27,0,5
1,<environment.Job instance at 0x149b156373c0>,13,2,[10  1],17,27,29,10,17
1,<environment.Job instance at 0x149b093003c0>,15,1,[ 1 14],20,20,21,0,20
1,<environment.Job instance at 0x149b09300be0>,16,16,[6 2],21,29,45,8,21
1,<environment.Job instance at 0x149b093001e0>,17,1,[6 1],22,22,23,0,22
1,<environment.Job instance at 0x149b09300b90>,18,2,[9 1],24,29,31,5,24
1,<environment.Job instance at 0x149b09300320>,19,19,[1 5],26,31,50,5,26
1,<environment.Job instance at 0x149b09300a50>,20,1,[8 1],27,31,32,4,27
1,<environment.Job instance at 0x149b09300af0>,21,1,[5 1],29,32,33,3,30
1,<environment.Job instance at 0x149b09300d20>,23,3,[ 2 14],32,50,53,18,32
1,<environment.Job instance at 0x149b09300a00>,24,3,[1 8],33,33,36,0,33
1,<environment.Job instance at 0x149b0639ea00>,25,1,[ 2 10],34,45,46,11,34
1,<environment.Job instance at 0x149b0639ee60>,26,2,[7 2],36,36,38,0,36
1,<environment.Job instance at 0x149b0639efa0>,29,17,[1 7],40,53,70,13,41
1,<environment.Job instance at 0x149b0639edc0>,31,2,[7 2],45,46,48,1,45
1,<environment.Job instance at 0x149b0639e500>,33,14,[5 2],49,53,67,4,49
1,<environment.Job instance at 0x149b15637500>,11,18,[6 1],15,66,84,51,66
1,<environment.Job instance at 0x149b14101730>,4,1,[2 9],6,12,13,6,12
1,<environment.Job instance at 0x149b14101f50>,5,2,[10  2],7,42,44,35,42
1,<environment.Job instance at 0x149b14101410>,8,2,[2 7],13,88,90,75,88
1,<environment.Job instance at 0x149b14101230>,9,3,[2 5],14,89,92,75,89
1,<environment.Job instance at 0x149b14101870>,2,14,[1 6],3,102,116,99,102
1,<environment.Job instance at 0x149b141017d0>,10,25,[6 1],15,103,128,88,103
1,<environment.Job instance at 0x149b1506a460>,12,1,[10  1],18,128,129,110,104
1,<environment.Job instance at 0x149b1506aa50>,13,3,[10  1],21,129,132,108,104
1,<environment.Job instance at 0x149b1506a640>,14,2,[ 2 10],22,116,118,94,104
1,<environment.Job instance at 0x149b1506a780>,15,3,[9 2],23,118,121,95,104
1,<environment.Job instance at 0x149b1506a6e0>,16,1,[1 9],24,121,122,97,104
1,<environment.Job instance at 0x149b1506a8c0>,17,1,[8 2],27,104,105,77,104
1,<environment.Job instance at 0x149b060f3f50>,18,22,[2 5],29,121,143,92,114
1,<environment.Job instance at 0x149b060f3dc0>,19,1,[9 2],30,132,133,102,114
1,<environment.Job instance at 0x149b060f3410>,20,1,[10  1],31,133,134,102,116
1,<environment.Job instance at 0x149b060f3be0>,21,26,[ 2 13],33,147,173,114,147
1,<environment.Job instance at 0x149b060f3910>,22,13,[7 2],34,147,160,113,147
1,<environment.Job instance at 0x149b060f3d20>,23,3,[6 2],36,160,163,124,147
1,<environment.Job instance at 0x149b060f3e60>,24,2,[12  1],37,163,165,126,147
1,<environment.Job instance at 0x149b060f37d0>,25,15,[2 5],39,173,188,134,159
1,<environment.Job instance at 0x149b060f3730>,26,14,[7 1],40,165,179,125,159
1,<environment.Job instance at 0x149b060f3c80>,27,2,[7 1],41,179,181,138,159
1,<environment.Job instance at 0x149b060f3820>,28,1,[8 1],42,181,182,139,159
1,<environment.Job instance at 0x149b060f3640>,29,2,[10  2],43,182,184,139,159
1,<environment.Job instance at 0x149b060f3550>,30,14,[9 1],44,184,198,140,169
1,<environment.Job instance at 0x149b060f3140>,31,3,[9 2],45,198,201,153,172
1,<environment.Job instance at 0x149b060f3370>,32,1,[6 2],47,173,174,126,172
1,<environment.Job instance at 0x149b060f30a0>,33,2,[ 1 10],48,188,190,140,172
1,<environment.Job instance at 0x149b060f3870>,34,2,[2 7],49,174,176,125,172
1,<environment.Job instance at 0x149b14101a00>,0,15,[14  1],1,201,216,200,194
1,<environment.Job instance at 0x149b14101050>,11,12,[5 2],17,217,229,200,217
1,<environment.Job instance at 0x149b14101e60>,3,1,[1 8],4,322,323,318,322
1,<environment.Job instance at 0x149b08ea6aa0>,7,2,[ 1 11],17,17,19,0,17
1,<environment.Job instance at 0x149b08ea6c80>,10,2,[2 9],21,21,23,0,21
1,<environment.Job instance at 0x149b060e8780>,17,1,[5 1],28,28,29,0,28
1,<environment.Job instance at 0x149b060e8a50>,19,1,[8 1],30,30,31,0,30
1,<environment.Job instance at 0x149b05ea48c0>,13,28,[5 2],24,33,61,9,33
1,<environment.Job instance at 0x149b060e80a0>,25,14,[7 1],38,38,52,0,38
1,<environment.Job instance at 0x149b060e8b40>,27,14,[9 2],40,52,66,12,40
1,<environment.Job instance at 0x149b092b44b0>,28,1,[1 9],41,41,42,0,41
1,<environment.Job instance at 0x149b092b45a0>,29,16,[1 8],42,42,58,0,42
1,<environment.Job instance at 0x149b092b40a0>,31,3,[5 2],44,61,64,17,44
1,<environment.Job instance at 0x149b092b4a00>,32,16,[7 1],45,66,82,21,53
1,<environment.Job instance at 0x149b091dfe10>,34,1,[9 2],47,82,83,35,54
1,<environment.Job instance at 0x149b091df460>,35,2,[1 7],48,58,60,10,54
1,<environment.Job instance at 0x149b060e8230>,21,12,[6 2],33,95,107,62,95
1,<environment.Job instance at 0x151889d708c0>,24,12,[ 1 10],32,32,44,0,32
1,<environment.Job instance at 0x151889d70960>,25,2,[2 8],34,44,46,10,36
1,<environment.Job instance at 0x151889d70a50>,26,1,[2 7],35,44,45,9,38
1,<environment.Job instance at 0x151889d70b40>,27,2,[2 7],36,45,47,9,39
1,<environment.Job instance at 0x151889d70c80>,28,2,[2 7],37,46,48,9,40
1,<environment.Job instance at 0x151889d70730>,22,1,[2 7],30,47,48,17,40
1,<environment.Job instance at 0x151889d70d70>,29,16,[10  2],39,48,64,9,40
1,<environment.Job instance at 0x151889d70e10>,31,3,[9 2],41,41,44,0,41
1,<environment.Job instance at 0x151889d72190>,32,3,[2 9],42,48,51,6,42
1,<environment.Job instance at 0x151889d72050>,33,1,[2 7],43,51,52,8,44
1,<environment.Job instance at 0x151889d72500>,34,15,[11  1],44,64,79,20,50
1,<environment.Job instance at 0x151889d70140>,20,2,[ 1 13],27,52,54,25,50
1,<environment.Job instance at 0x151889d721e0>,35,2,[1 8],45,54,56,9,50
1,<environment.Job instance at 0x151889d72960>,38,1,[8 1],51,79,80,28,51
1,<environment.Job instance at 0x151889d729b0>,39,3,[1 5],52,54,57,2,52
1,<environment.Job instance at 0x151889d72a50>,40,3,[1 6],53,56,59,3,53
1,<environment.Job instance at 0x151889d72b40>,41,25,[12  2],54,80,105,26,79
1,<environment.Job instance at 0x151889d70820>,23,2,[8 1],31,137,139,106,137
1,<environment.Job instance at 0x1518925b6500>,11,22,[1 5],20,20,42,0,20
1,<environment.Job instance at 0x1518925b6320>,16,3,[9 2],28,28,31,0,28
1,<environment.Job instance at 0x1518925b6820>,19,3,[2 9],32,32,35,0,32
1,<environment.Job instance at 0x1518925b61e0>,20,3,[1 9],33,37,40,4,37
1,<environment.Job instance at 0x1518925b6910>,22,3,[1 9],35,41,44,6,41
1,<environment.Job instance at 0x1518925b6c30>,13,1,[1 9],25,45,46,20,45
1,<environment.Job instance at 0x1518925b18c0>,24,2,[ 2 10],37,46,48,9,45
1,<environment.Job instance at 0x1518925b1910>,23,1,[2 5],36,48,49,12,48
1,<environment.Job instance at 0x1518925b1a00>,27,2,[6 2],43,48,50,5,48
1,<environment.Job instance at 0x1518925b10a0>,28,3,[6 2],46,48,51,2,48
1,<environment.Job instance at 0x1518925b13c0>,29,1,[1 6],47,49,50,2,49
1,<environment.Job instance at 0x1518925b1140>,30,2,[2 5],48,49,51,1,49
1,<environment.Job instance at 0x1518925b1500>,31,2,[ 1 10],49,51,53,2,49
1,<environment.Job instance at 0x1518925b1190>,32,3,[2 9],50,53,56,3,50
1,<environment.Job instance at 0x151893c58e60>,33,3,[7 2],51,51,54,0,51
1,<environment.Job instance at 0x151893c58b90>,34,14,[7 1],52,54,68,2,52
1,<environment.Job instance at 0x151893c58550>,35,3,[ 2 10],54,56,59,2,54
1,<environment.Job instance at 0x151893c58410>,36,12,[2 8],55,59,71,4,55
1,<environment.Job instance at 0x151893c58820>,37,1,[10  1],57,68,69,11,57
1,<environment.Job instance at 0x151893c58aa0>,38,2,[ 1 10],58,71,73,13,58
1,<environment.Job instance at 0x1518925b67d0>,21,1,[13  1],34,500,501,466,500
1,<environment.Job instance at 0x15188c4ad0f0>,10,12,[9 2],14,22,34,8,22
1,<environment.Job instance at 0x15188c4add20>,8,1,[5 1],11,22,23,11,22
1,<environment.Job instance at 0x15188c4ade60>,11,15,[10  2],15,34,49,19,22
1,<environment.Job instance at 0x151889db6b90>,14,17,[1 9],19,32,49,13,32
1,<environment.Job instance at 0x15188c4ad500>,13,16,[8 1],17,49,65,32,37
1,<environment.Job instance at 0x151889db6500>,16,1,[2 8],21,49,50,28,37
1,<environment.Job instance at 0x151889db63c0>,17,1,[ 2 10],22,50,51,28,37
1,<environment.Job instance at 0x151889db6730>,18,1,[ 2 14],23,51,52,28,37
1,<environment.Job instance at 0x151889db6050>,19,1,[8 2],24,65,66,41,37
1,<environment.Job instance at 0x151889db68c0>,20,15,[5 1],25,52,67,27,38
1,<environment.Job instance at 0x151889db6b40>,21,18,[1 8],26,52,70,26,41
1,<environment.Job instance at 0x151889db6910>,22,2,[ 1 10],30,70,72,40,45
1,<environment.Job instance at 0x151889db6870>,23,3,[11  2],31,67,70,36,45
1,<environment.Job instance at 0x151889db6f50>,24,3,[ 2 10],32,72,75,40,46
1,<environment.Job instance at 0x151889db6be0>,25,3,[2 5],33,66,69,33,46
1,<environment.Job instance at 0x151889db6190>,26,1,[8 1],34,70,71,36,46
1,<environment.Job instance at 0x151889db6dc0>,27,3,[5 2],36,70,73,34,46
1,<environment.Job instance at 0x151889db6780>,28,15,[9 2],37,73,88,36,60
1,<environment.Job instance at 0x15188c47d8c0>,29,18,[2 6],38,75,93,37,64
1,<environment.Job instance at 0x15188c47df00>,30,1,[1 6],39,75,76,36,64
1,<environment.Job instance at 0x15188c47d320>,31,1,[1 7],40,76,77,36,64
1,<environment.Job instance at 0x15188c47dcd0>,32,3,[9 1],43,88,91,45,64
1,<environment.Job instance at 0x15188c47daf0>,33,3,[12  1],44,91,94,47,65
1,<environment.Job instance at 0x15188c47d780>,34,1,[1 8],46,88,89,42,65
1,<environment.Job instance at 0x15188c47dd20>,35,15,[1 6],47,89,104,42,75
1,<environment.Job instance at 0x15188c47d550>,36,3,[7 2],48,94,97,46,75
1,<environment.Job instance at 0x15188c47d690>,37,2,[1 8],49,97,99,48,75
1,<environment.Job instance at 0x15188c47de60>,38,3,[1 7],51,77,80,26,75
1,<environment.Job instance at 0x15188c47d640>,39,13,[ 1 14],52,104,117,52,88
1,<environment.Job instance at 0x15188c47da50>,40,27,[1 8],53,117,144,64,116
1,<environment.Job instance at 0x15188c47dbe0>,42,2,[7 2],55,117,119,62,116
1,<environment.Job instance at 0x15188c47d7d0>,43,12,[6 1],56,116,128,60,116
1,<environment.Job instance at 0x15188c47d500>,41,3,[1 9],54,144,147,90,132
1,<environment.Job instance at 0x15188c4871e0>,44,28,[2 8],59,153,181,94,153
1,<environment.Job instance at 0x15188c4ad320>,9,3,[2 8],12,181,184,169,165
1,<environment.Job instance at 0x15188c4ad8c0>,4,1,[2 7],7,205,206,198,205
1,<environment.Job instance at 0x15188c4ada00>,7,2,[14  1],10,508,510,498,508
1,<environment.Job instance at 0x15188c8d2e10>,6,15,[2 7],13,13,28,0,13
1,<environment.Job instance at 0x15188cb14230>,17,15,[1 7],25,25,40,0,25
1,<environment.Job instance at 0x15188cb14500>,21,2,[8 2],31,31,33,0,31
1,<environment.Job instance at 0x15188cb14af0>,22,3,[8 1],32,33,36,1,33
1,<environment.Job instance at 0x15188cb140a0>,23,2,[2 5],33,33,35,0,33
1,<environment.Job instance at 0x1518948c9af0>,24,3,[6 1],34,37,40,3,37
1,<environment.Job instance at 0x1518948c9e60>,25,2,[10  1],35,40,42,5,37
1,<environment.Job instance at 0x151894d3fe60>,28,16,[1 6],39,39,55,0,39
1,<environment.Job instance at 0x151894d3ff50>,27,18,[8 1],38,42,60,4,39
1,<environment.Job instance at 0x151894d3fb90>,30,17,[7 1],42,55,72,13,43
1,<environment.Job instance at 0x151894d3f9b0>,33,15,[9 2],50,72,87,22,59
1,<environment.Job instance at 0x15188cb14be0>,15,1,[1 7],23,85,86,62,85
1,<environment.Job instance at 0x15188cac2910>,13,2,[ 2 12],26,27,29,1,27
1,<environment.Job instance at 0x15188cac4a50>,19,1,[1 5],33,33,34,0,33
1,<environment.Job instance at 0x15188cac2d20>,14,14,[6 1],27,36,50,9,36
1,<environment.Job instance at 0x15188cac4b40>,21,3,[ 2 10],35,36,39,1,36
1,<environment.Job instance at 0x15188cac4cd0>,24,21,[ 2 13],40,40,61,0,40
1,<environment.Job instance at 0x15188cac40f0>,26,1,[7 1],42,42,43,0,42
1,<environment.Job instance at 0x1518894fecd0>,28,2,[8 2],45,50,52,5,45
1,<environment.Job instance at 0x15188cac4640>,22,3,[ 1 13],36,61,64,25,48
1,<environment.Job instance at 0x1518894feaf0>,29,3,[1 7],46,64,67,18,48
1,<environment.Job instance at 0x1518894fe500>,31,1,[5 2],48,52,53,4,48
1,<environment.Job instance at 0x1518894ed320>,33,3,[1 7],50,64,67,14,50
1,<environment.Job instance at 0x1518894edcd0>,34,2,[5 2],52,53,55,1,52
1,<environment.Job instance at 0x1518894ed140>,35,2,[1 7],54,67,69,13,54
1,<environment.Job instance at 0x1518894edf50>,36,2,[5 2],55,55,57,0,55
1,<environment.Job instance at 0x1518894ed780>,38,12,[7 1],58,58,70,0,58
1,<environment.Job instance at 0x1518894ed460>,39,2,[10  1],59,70,72,11,59
1,<environment.Job instance at 0x1518894fee10>,30,18,[8 1],47,72,90,25,71
1,<environment.Job instance at 0x151889d29b90>,9,14,[8 1],16,16,30,0,16
1,<environment.Job instance at 0x1518894b2c80>,12,21,[7 2],20,20,41,0,20
1,<environment.Job instance at 0x151897101500>,21,3,[1 9],34,34,37,0,34
1,<environment.Job instance at 0x151897101280>,26,16,[7 2],44,45,61,1,45
1,<environment.Job instance at 0x15188df780f0>,34,15,[8 2],56,70,85,14,70
1,<environment.Job instance at 0x15188df78e10>,33,2,[ 2 10],55,101,103,46,101
1,<environment.Job instance at 0x15189114e550>,6,1,[1 9],13,14,15,1,14
1,<environment.Job instance at 0x15189114e1e0>,7,3,[1 8],14,15,18,1,14
1,<environment.Job instance at 0x15189114ed70>,8,1,[9 2],15,15,16,0,15
1,<environment.Job instance at 0x15189114eb40>,9,18,[ 1 10],16,18,36,2,16
1,<environment.Job instance at 0x15189114ec30>,10,2,[1 6],18,36,38,18,19
1,<environment.Job instance at 0x15189114e6e0>,11,3,[ 2 10],20,38,41,18,20
1,<environment.Job instance at 0x15189114edc0>,12,1,[7 2],21,23,24,2,23
1,<environment.Job instance at 0x15189114e820>,13,3,[9 1],22,26,29,4,26
1,<environment.Job instance at 0x15189114e3c0>,14,16,[9 1],23,29,45,6,27
1,<environment.Job instance at 0x15189114e280>,15,1,[6 2],25,41,42,16,27
1,<environment.Job instance at 0x15189115fdc0>,16,3,[2 7],26,42,45,16,27
1,<environment.Job instance at 0x15189115fd20>,17,14,[7 2],27,45,59,18,30
1,<environment.Job instance at 0x151891177be0>,18,2,[ 1 10],29,45,47,16,30
1,<environment.Job instance at 0x151891177af0>,19,3,[10  2],30,59,62,29,33
1,<environment.Job instance at 0x151891177500>,20,2,[2 9],31,47,49,16,33
1,<environment.Job instance at 0x1518896ae780>,21,3,[9 1],34,62,65,28,38
1,<environment.Job instance at 0x15189114ee60>,4,2,[1 9],11,49,51,38,45
1,<environment.Job instance at 0x1518896ae910>,22,18,[6 2],36,62,80,26,51
1,<environment.Job instance at 0x1518896ae8c0>,24,3,[5 1],40,51,54,11,51
1,<environment.Job instance at 0x1518896aef00>,25,14,[1 6],42,65,79,23,51
1,<environment.Job instance at 0x1518896aeaf0>,26,2,[5 1],43,54,56,11,52
1,<environment.Job instance at 0x1518896ae5a0>,27,1,[2 7],44,52,53,8,52
1,<environment.Job instance at 0x1518896ae3c0>,29,2,[6 1],46,56,58,10,52
1,<environment.Job instance at 0x1518896ae640>,30,3,[9 2],48,79,82,31,56
1,<environment.Job instance at 0x1518896ae1e0>,31,3,[6 2],51,65,68,14,57
1,<environment.Job instance at 0x1518896ae0f0>,32,2,[5 2],52,58,60,6,57
1,<environment.Job instance at 0x1518896ae690>,33,3,[1 7],53,68,71,15,57
1,<environment.Job instance at 0x15188dee3460>,34,2,[9 2],55,82,84,27,57
1,<environment.Job instance at 0x15188dee3910>,35,1,[7 2],56,71,72,15,57
1,<environment.Job instance at 0x15188dee3c80>,36,3,[1 7],58,72,75,14,58
1,<environment.Job instance at 0x15188dee3320>,37,14,[1 6],59,80,94,21,65
1,<environment.Job instance at 0x151897101fa0>,2,15,[ 1 11],7,209,224,202,209
1,<environment.Job instance at 0x15189114eb90>,5,2,[1 6],12,457,459,445,457
1,<environment.Job instance at 0x15188967bf00>,13,1,[2 6],23,30,31,7,30
1,<environment.Job instance at 0x1518895de8c0>,15,2,[8 1],26,36,38,10,36
1,<environment.Job instance at 0x15189707aaf0>,20,3,[2 8],32,36,39,4,36
1,<environment.Job instance at 0x15189707aa50>,21,1,[1 8],35,39,40,4,36
1,<environment.Job instance at 0x151889369c30>,23,3,[1 6],37,48,51,11,48
1,<environment.Job instance at 0x151889369a50>,27,2,[1 7],42,48,50,6,48
1,<environment.Job instance at 0x1518893697d0>,28,15,[1 5],43,50,65,7,48
1,<environment.Job instance at 0x151889369d70>,31,2,[1 5],48,51,53,3,48
1,<environment.Job instance at 0x15188c8f3500>,33,1,[2 8],50,53,54,3,51
1,<environment.Job instance at 0x15188c8f3b90>,34,1,[8 2],51,52,53,1,52
1,<environment.Job instance at 0x15188c8f36e0>,35,14,[14  1],52,54,68,2,54
1,<environment.Job instance at 0x15188c8f37d0>,36,2,[6 1],54,68,70,14,55
1,<environment.Job instance at 0x15188c8f3730>,37,3,[10  1],56,70,73,14,56
1,<environment.Job instance at 0x15188c8f3c80>,38,3,[10  2],57,73,76,16,57
1,<environment.Job instance at 0x15188967b910>,14,2,[1 5],25,141,143,116,141
1,<environment.Job instance at 0x1518897c17d0>,12,2,[2 8],13,13,15,0,13
1,<environment.Job instance at 0x1518897c1d20>,13,3,[5 2],16,16,19,0,16
1,<environment.Job instance at 0x15188942cb90>,18,27,[ 2 10],23,25,52,2,25
1,<environment.Job instance at 0x151893e7a370>,38,2,[1 5],50,58,60,8,58
1,<environment.Job instance at 0x151893e7ae60>,39,1,[1 7],51,61,62,10,61
1,<environment.Job instance at 0x151893e7aa00>,40,3,[2 7],52,65,68,13,65
1,<environment.Job instance at 0x151893e7a0a0>,41,2,[1 5],53,75,77,22,75
1,<environment.Job instance at 0x151893e7af50>,43,1,[2 5],56,76,77,20,76
1,<environment.Job instance at 0x151893e7a2d0>,44,15,[7 1],57,79,94,22,79
1,<environment.Job instance at 0x151893e7adc0>,45,1,[2 6],58,80,81,22,80
1,<environment.Job instance at 0x151893e7a8c0>,42,1,[1 9],55,83,84,28,83
1,<environment.Job instance at 0x151893d6ab90>,35,13,[12  2],47,426,439,379,426
1,<environment.Job instance at 0x1518892b93c0>,9,2,[2 6],11,11,13,0,11
1,<environment.Job instance at 0x1518892b95a0>,10,3,[9 2],12,12,15,0,12
1,<environment.Job instance at 0x1518892b9460>,11,2,[10  2],13,15,17,2,13
1,<environment.Job instance at 0x151889c44870>,12,16,[10  2],14,17,33,3,14
1,<environment.Job instance at 0x1518892b9230>,13,16,[ 2 10],15,15,31,0,15
1,<environment.Job instance at 0x151889c44140>,14,2,[1 6],17,31,33,14,17
1,<environment.Job instance at 0x151889a56d20>,15,15,[2 6],19,31,46,12,19
1,<environment.Job instance at 0x151889a569b0>,16,2,[7 2],20,33,35,13,20
1,<environment.Job instance at 0x151889a56910>,17,13,[5 1],21,33,46,12,21
1,<environment.Job instance at 0x151889a56e10>,18,2,[1 8],22,35,37,13,22
1,<environment.Job instance at 0x151889a56f00>,19,14,[6 1],23,37,51,14,23
1,<environment.Job instance at 0x15188c4624b0>,20,1,[2 5],24,37,38,13,24
1,<environment.Job instance at 0x15188c462550>,21,14,[2 8],25,46,60,21,31
1,<environment.Job instance at 0x15188c4625a0>,23,3,[7 1],27,46,49,19,31
1,<environment.Job instance at 0x15188c462280>,25,25,[12  1],29,51,76,22,47
1,<environment.Job instance at 0x15188c8f37d0>,34,12,[7 1],44,76,88,32,62
1,<environment.Job instance at 0x151889a636e0>,40,1,[7 1],56,76,77,20,63
1,<environment.Job instance at 0x151889a63fa0>,41,2,[5 1],57,77,79,20,63
1,<environment.Job instance at 0x151889a63050>,42,14,[2 5],58,77,91,19,63
1,<environment.Job instance at 0x15188dfa2780>,1,13,[7 2],2,6,19,4,6
1,<environment.Job instance at 0x1518948a9910>,10,26,[2 8],18,20,46,2,20
1,<environment.Job instance at 0x151893d4ba50>,22,2,[6 2],41,41,43,0,41
1,<environment.Job instance at 0x151893d4b190>,17,1,[6 2],32,42,43,10,42
1,<environment.Job instance at 0x151893d4b050>,27,21,[1 8],46,48,69,2,48
1,<environment.Job instance at 0x1518947d1a00>,35,2,[2 9],57,69,71,12,57
1,<environment.Job instance at 0x151893c86dc0>,28,17,[2 8],47,71,88,24,69
1,<environment.Job instance at 0x1518948a94b0>,11,2,[ 1 10],20,88,90,68,74
1,<environment.Job instance at 0x15188c9b24b0>,8,1,[ 1 12],16,16,17,0,16
1,<environment.Job instance at 0x15188931bcd0>,21,28,[5 1],36,43,71,7,43
1,<environment.Job instance at 0x15188931b4b0>,20,1,[8 1],35,43,44,8,43
1,<environment.Job instance at 0x15188931b190>,23,18,[5 1],38,44,62,6,44
1,<environment.Job instance at 0x15189473e5a0>,24,15,[6 1],39,62,77,23,48
1,<environment.Job instance at 0x15188931b8c0>,25,3,[6 2],40,71,74,31,49
1,<environment.Job instance at 0x15188931b0a0>,26,1,[6 2],41,74,75,33,50
1,<environment.Job instance at 0x15188931b640>,27,17,[9 2],43,75,92,32,63
1,<environment.Job instance at 0x151889ae8910>,29,12,[2 8],45,63,75,18,63
1,<environment.Job instance at 0x151889ae8820>,30,3,[ 1 10],46,77,80,31,64
1,<environment.Job instance at 0x151889ae80f0>,31,3,[1 5],47,64,67,17,64
1,<environment.Job instance at 0x151889ae8e10>,32,3,[2 7],48,80,83,32,64
1,<environment.Job instance at 0x151889ae8460>,33,13,[2 5],49,80,93,31,66
1,<environment.Job instance at 0x151889ae8c80>,34,2,[2 8],50,83,85,33,66
1,<environment.Job instance at 0x151889ae8960>,35,2,[5 1],51,77,79,26,66
1,<environment.Job instance at 0x151889ae8f50>,36,1,[6 2],56,92,93,36,67
1,<environment.Job instance at 0x151889ae8280>,37,1,[1 9],57,93,94,36,67
1,<environment.Job instance at 0x151889ae8b90>,38,3,[7 1],58,92,95,34,68
1,<environment.Job instance at 0x151889ae8370>,39,3,[7 2],59,93,96,34,69
1,<environment.Job instance at 0x15188931b410>,15,13,[13  2],27,149,162,122,149
1,<environment.Job instance at 0x15188c8f8b40>,3,17,[2 8],6,8,25,2,8
1,<environment.Job instance at 0x151889d65f00>,12,16,[1 9],19,25,41,6,19
1,<environment.Job instance at 0x1518974dbd70>,20,19,[2 5],30,30,49,0,30
1,<environment.Job instance at 0x1518974dbcd0>,23,2,[6 2],33,41,43,8,37
1,<environment.Job instance at 0x151889ac51e0>,24,17,[5 2],34,41,58,7,39
1,<environment.Job instance at 0x151889ac57d0>,26,12,[ 1 10],37,49,61,12,39
1,<environment.Job instance at 0x151889ac5af0>,27,3,[2 7],39,43,46,4,39
1,<environment.Job instance at 0x151889ac5b40>,28,1,[1 6],40,41,42,1,40
1,<environment.Job instance at 0x151894851690>,30,1,[1 7],42,46,47,4,42
1,<environment.Job instance at 0x151894851e10>,31,1,[6 2],43,47,48,4,43
1,<environment.Job instance at 0x151894851a00>,32,2,[2 7],44,61,63,17,44
1,<environment.Job instance at 0x151894851410>,33,16,[ 2 10],45,63,79,18,50
1,<environment.Job instance at 0x151894851640>,34,3,[7 1],46,50,53,4,50
1,<environment.Job instance at 0x151894851b90>,36,2,[1 9],49,79,81,30,53
1,<environment.Job instance at 0x151889d651e0>,17,2,[1 8],25,88,90,63,88
1,<environment.Job instance at 0x151889233c80>,0,25,[9 1],1,1,26,0,1
1,<environment.Job instance at 0x151893c2bc30>,5,3,[2 7],8,8,11,0,8
1,<environment.Job instance at 0x151889d65820>,3,21,[2 5],5,12,33,7,12
1,<environment.Job instance at 0x151893c2bf50>,6,15,[7 2],9,26,41,17,12
1,<environment.Job instance at 0x151893c2b320>,8,2,[2 9],11,12,14,1,12
1,<environment.Job instance at 0x151893c2be60>,9,2,[1 5],12,14,16,2,12
1,<environment.Job instance at 0x151893c2b2d0>,10,16,[1 8],13,16,32,3,13
1,<environment.Job instance at 0x151893c2b280>,11,14,[2 6],15,32,46,17,17
1,<environment.Job instance at 0x15188ca4b9b0>,12,1,[9 1],16,41,42,25,17
1,<environment.Job instance at 0x15188ca4b640>,13,17,[2 5],17,33,50,16,21
1,<environment.Job instance at 0x15188ca4bd20>,14,2,[10  2],18,42,44,24,21
1,<environment.Job instance at 0x15188ca4bdc0>,15,15,[9 2],20,44,59,24,30
1,<environment.Job instance at 0x15188ca4b6e0>,18,1,[1 7],23,46,47,23,30
1,<environment.Job instance at 0x15188ca4baf0>,19,17,[9 1],26,59,76,33,47
1,<environment.Job instance at 0x15188cb84910>,24,2,[9 1],32,76,78,44,49
1,<environment.Job instance at 0x15188cb84140>,26,2,[7 2],35,78,80,43,51
1,<environment.Job instance at 0x15188cb84e10>,28,3,[5 1],37,51,54,14,51
1,<environment.Job instance at 0x15188cb84320>,29,2,[ 1 10],38,51,53,13,51
1,<environment.Job instance at 0x15188cb84190>,30,13,[2 6],39,54,67,15,51
1,<environment.Job instance at 0x15188ca4be10>,20,1,[6 2],27,67,68,40,58
1,<environment.Job instance at 0x15188cb841e0>,31,17,[12  1],40,80,97,40,68
1,<environment.Job instance at 0x15188c43c6e0>,45,2,[ 1 10],58,69,71,11,69
1,<environment.Job instance at 0x151893c2b9b0>,4,15,[5 2],6,235,250,229,235
1,<environment.Job instance at 0x1518947aaaf0>,8,3,[5 2],9,10,13,1,10
1,<environment.Job instance at 0x1518947aa190>,9,2,[8 2],10,11,13,1,11
1,<environment.Job instance at 0x1518947aa910>,10,3,[2 8],11,12,15,1,12
1,<environment.Job instance at 0x1518947aa9b0>,11,2,[2 5],12,13,15,1,12
1,<environment.Job instance at 0x1518947aa0a0>,12,13,[7 2],14,14,27,0,14
1,<environment.Job instance at 0x15188ca32b40>,5,3,[2 7],6,15,18,9,15
1,<environment.Job instance at 0x1518947aa780>,13,22,[8 1],15,18,40,3,15
1,<environment.Job instance at 0x1518947aa820>,17,17,[1 7],20,27,44,7,20
1,<environment.Job instance at 0x1518947aa280>,18,3,[7 2],21,40,43,19,24
1,<environment.Job instance at 0x1518947aa4b0>,19,2,[2 9],22,44,46,22,24
1,<environment.Job instance at 0x1518947aa5f0>,20,2,[2 7],23,27,29,4,25
1,<environment.Job instance at 0x15188dacd280>,21,18,[6 1],25,29,47,4,25
1,<environment.Job instance at 0x15188dacdb40>,22,15,[2 9],26,46,61,20,32
1,<environment.Job instance at 0x15188dacdd70>,23,2,[10  1],27,47,49,20,32
1,<environment.Job instance at 0x15188dacd820>,24,22,[2 6],29,49,71,20,42
1,<environment.Job instance at 0x15188dacd780>,25,1,[ 1 14],30,71,72,41,43
1,<environment.Job instance at 0x15188dacd0a0>,26,16,[6 2],31,72,88,41,59
1,<environment.Job instance at 0x15188dacd1e0>,27,1,[6 1],32,61,62,29,59
1,<environment.Job instance at 0x15188dacd7d0>,28,2,[9 1],34,62,64,28,59
1,<environment.Job instance at 0x15188dacdf00>,29,19,[1 5],36,72,91,36,63
1,<environment.Job instance at 0x15188c9ad550>,30,1,[8 1],37,64,65,27,63
1,<environment.Job instance at 0x15188c9ad2d0>,31,1,[5 1],39,64,65,25,63
1,<environment.Job instance at 0x15188c9ad230>,32,2,[7 2],40,65,67,25,63
1,<environment.Job instance at 0x15188c9ada00>,33,3,[ 2 14],42,91,94,49,65
1,<environment.Job instance at 0x15188c9ad7d0>,34,3,[1 8],43,67,70,24,65
1,<environment.Job instance at 0x15188c9add20>,35,1,[ 2 10],44,88,89,44,65
1,<environment.Job instance at 0x15188c9adeb0>,36,2,[7 2],46,72,74,26,65
1,<environment.Job instance at 0x15188c9ada50>,37,1,[6 1],47,65,66,18,65
1,<environment.Job instance at 0x15188c9ad870>,38,2,[6 1],49,66,68,17,65
1,<environment.Job instance at 0x15188c9adcd0>,39,17,[1 7],50,94,111,44,82
1,<environment.Job instance at 0x15188c9ad190>,40,15,[10  2],54,94,109,40,82
1,<environment.Job instance at 0x15188c9ad6e0>,41,2,[7 2],55,82,84,27,82
1,<environment.Job instance at 0x15188c9ad460>,42,1,[1 5],57,82,83,25,82
1,<environment.Job instance at 0x15188c9adaf0>,43,14,[5 2],59,109,123,50,94
1,<environment.Job instance at 0x1518947aa050>,16,3,[2 5],19,134,137,115,134
1,<environment.Job instance at 0x1518970c2aa0>,4,1,[13  1],5,137,138,132,137
1,<environment.Job instance at 0x1518947aa500>,15,3,[10  2],17,139,142,122,139
1,<environment.Job instance at 0x15188af97320>,4,1,[2 9],6,10,11,4,10
1,<environment.Job instance at 0x15188af97cd0>,1,2,[1 9],2,13,15,11,13
1,<environment.Job instance at 0x15188af979b0>,5,2,[10  2],7,13,15,6,13
1,<environment.Job instance at 0x1518947aa5a0>,7,1,[7 2],12,76,77,64,76
1,<environment.Job instance at 0x15188af970a0>,8,2,[2 7],13,76,78,63,76
1,<environment.Job instance at 0x15188af975f0>,9,3,[2 5],14,100,103,86,100
1,<environment.Job instance at 0x15188af97c30>,10,25,[6 1],15,126,151,111,126
1,<environment.Job instance at 0x15188af970f0>,11,12,[5 2],17,126,138,109,126
1,<environment.Job instance at 0x15188af97230>,12,1,[10  1],18,151,152,133,127
1,<environment.Job instance at 0x15188af97780>,13,3,[10  1],21,152,155,131,127
1,<environment.Job instance at 0x15188af971e0>,14,2,[ 2 10],22,128,130,106,128
1,<environment.Job instance at 0x15188af97640>,15,3,[9 2],23,138,141,115,128
1,<environment.Job instance at 0x15188af97690>,16,1,[1 9],24,130,131,106,128
1,<environment.Job instance at 0x15188af97c80>,17,1,[8 2],27,141,142,114,129
1,<environment.Job instance at 0x15188a764b40>,18,22,[2 5],29,142,164,113,135
1,<environment.Job instance at 0x15188a764780>,19,1,[9 2],30,155,156,125,137
1,<environment.Job instance at 0x15188a764460>,21,26,[ 2 13],33,164,190,131,161
1,<environment.Job instance at 0x15188a764500>,22,13,[7 2],34,161,174,127,161
1,<environment.Job instance at 0x15188a7641e0>,23,3,[6 2],36,161,164,125,161
1,<environment.Job instance at 0x15188a764a50>,24,2,[12  1],37,174,176,137,163
1,<environment.Job instance at 0x15188a7640a0>,25,15,[2 5],39,190,205,151,177
1,<environment.Job instance at 0x15188a764aa0>,26,14,[7 1],40,177,191,137,177
1,<environment.Job instance at 0x15188a764690>,27,2,[7 1],41,191,193,150,177
1,<environment.Job instance at 0x15188a764230>,28,1,[8 1],42,193,194,151,178
1,<environment.Job instance at 0x15188a764b90>,29,2,[10  2],43,194,196,151,178
1,<environment.Job instance at 0x15188a7649b0>,30,14,[9 1],44,196,210,152,184
1,<environment.Job instance at 0x15188a7646e0>,33,2,[ 1 10],48,205,207,157,185
1,<environment.Job instance at 0x15188a764320>,34,2,[2 7],49,190,192,141,187
1,<environment.Job instance at 0x15188a764d70>,35,3,[9 2],51,210,213,159,187
1,<environment.Job instance at 0x15188a764820>,36,3,[10  1],52,213,216,161,187
1,<environment.Job instance at 0x15188a764730>,37,17,[1 8],58,207,224,149,195
1,<environment.Job instance at 0x15188af974b0>,0,15,[14  1],1,415,430,414,415
1,<environment.Job instance at 0x1518898177d0>,7,2,[8 2],12,13,15,1,13
1,<environment.Job instance at 0x151889817f50>,10,1,[8 2],15,15,16,0,15
1,<environment.Job instance at 0x151889817e10>,12,3,[ 2 14],17,17,20,0,17
1,<environment.Job instance at 0x151889817d20>,13,1,[5 1],18,18,19,0,18
1,<environment.Job instance at 0x151889817640>,14,2,[2 6],19,20,22,1,19
1,<environment.Job instance at 0x151889817a50>,15,1,[8 1],20,20,21,0,20
1,<environment.Job instance at 0x15188c53b1e0>,16,1,[7 2],22,22,23,0,22
1,<environment.Job instance at 0x151889817190>,3,2,[ 1 11],7,25,27,18,25
1,<environment.Job instance at 0x15188c53b640>,21,14,[7 1],28,28,42,0,28
1,<environment.Job instance at 0x15188c53b730>,22,14,[ 2 10],29,29,43,0,29
1,<environment.Job instance at 0x15188c53b050>,24,1,[1 9],31,43,44,12,31
1,<environment.Job instance at 0x15188dec9230>,26,1,[6 1],33,33,34,0,33
1,<environment.Job instance at 0x1518973b68c0>,27,3,[5 2],34,35,38,1,35
1,<environment.Job instance at 0x151889948460>,31,2,[1 7],38,44,46,6,38
1,<environment.Job instance at 0x1518899483c0>,33,16,[2 9],42,46,62,4,42
1,<environment.Job instance at 0x151889948690>,35,23,[9 1],46,46,69,0,46
1,<environment.Job instance at 0x1518899480f0>,36,14,[ 1 10],47,62,76,15,47
1,<environment.Job instance at 0x15188c8dd410>,37,1,[5 2],48,62,63,14,48
1,<environment.Job instance at 0x15188c8dd2d0>,38,1,[8 2],49,69,70,20,49
1,<environment.Job instance at 0x15188c8ddeb0>,39,2,[7 2],51,70,72,19,51
1,<environment.Job instance at 0x15188c8dd320>,40,3,[6 1],53,69,72,16,53
1,<environment.Job instance at 0x15188c8ddf50>,41,2,[10  1],54,72,74,18,54
1,<environment.Job instance at 0x15188c8ddf00>,42,1,[9 1],55,74,75,19,55
1,<environment.Job instance at 0x15188c8dd9b0>,44,3,[1 6],57,76,79,19,57
1,<environment.Job instance at 0x1518896073c0>,45,3,[12  1],59,75,78,16,59
1,<environment.Job instance at 0x15189681a5f0>,12,12,[7 2],26,26,38,0,26
1,<environment.Job instance at 0x15189681ac30>,8,13,[ 2 11],20,26,39,6,26
1,<environment.Job instance at 0x151894894640>,18,1,[6 2],38,41,42,3,41
1,<environment.Job instance at 0x1518948948c0>,20,16,[2 9],40,41,57,1,41
1,<environment.Job instance at 0x151894894aa0>,21,2,[5 2],41,42,44,1,42
1,<environment.Job instance at 0x151894894780>,22,21,[5 1],42,42,63,0,42
1,<environment.Job instance at 0x15188951ecd0>,24,3,[8 2],45,45,48,0,45
1,<environment.Job instance at 0x15188951e370>,25,1,[ 2 10],46,57,58,11,46
1,<environment.Job instance at 0x15188951e910>,26,2,[1 6],47,58,60,11,47
1,<environment.Job instance at 0x15188951e1e0>,27,2,[8 1],48,48,50,0,48
1,<environment.Job instance at 0x15188951ea50>,28,1,[2 7],50,58,59,8,50
1,<environment.Job instance at 0x15188951e550>,29,2,[1 8],51,59,61,8,51
1,<environment.Job instance at 0x15188951eaa0>,30,13,[7 1],52,60,73,8,52
1,<environment.Job instance at 0x151889756460>,31,3,[ 2 10],55,61,64,6,55
1,<environment.Job instance at 0x151889756eb0>,32,2,[2 7],56,64,66,8,56
1,<environment.Job instance at 0x151889756c80>,33,22,[ 2 10],57,66,88,9,60
1,<environment.Job instance at 0x1518897568c0>,34,2,[10  2],58,73,75,15,60
1,<environment.Job instance at 0x151889756690>,35,2,[1 7],59,64,66,5,60
1,<environment.Job instance at 0x151894894820>,19,2,[ 1 12],39,88,90,49,74
1,<environment.Job instance at 0x15188951e820>,23,3,[2 8],43,151,154,108,151
1,<environment.Job instance at 0x15189681abe0>,7,3,[11  1],19,234,237,215,234
1,<environment.Job instance at 0x151894894550>,11,16,[9 1],24,696,712,672,696
1,<environment.Job instance at 0x15189486f6e0>,23,1,[1 7],38,44,45,6,44
1,<environment.Job instance at 0x15189486f280>,27,27,[1 9],43,45,72,2,44
1,<environment.Job instance at 0x15189486f9b0>,28,1,[9 1],44,44,45,0,44
1,<environment.Job instance at 0x15189486feb0>,29,1,[ 2 10],45,74,75,29,74
1,<environment.Job instance at 0x151891179190>,33,18,[9 1],53,79,97,26,79
1,<environment.Job instance at 0x1518911790f0>,34,2,[8 1],55,97,99,42,79
1,<environment.Job instance at 0x151891179230>,35,13,[8 2],56,99,112,43,83
1,<environment.Job instance at 0x1518911799b0>,37,1,[2 6],59,83,84,24,83
1,<environment.Job instance at 0x15189486fd20>,21,1,[ 2 10],34,120,121,86,120
1,<environment.Job instance at 0x15189486ff00>,19,3,[ 2 13],32,178,181,146,178
1,<environment.Job instance at 0x15188db78a00>,23,1,[9 2],34,34,35,0,34
1,<environment.Job instance at 0x15188db78640>,24,1,[2 8],35,35,36,0,35
1,<environment.Job instance at 0x15188db783c0>,25,1,[5 1],36,40,41,4,40
1,<environment.Job instance at 0x15188db782d0>,26,1,[8 1],38,40,41,2,40
1,<environment.Job instance at 0x15188db780f0>,27,1,[1 8],40,42,43,2,42
1,<environment.Job instance at 0x15188db78cd0>,28,1,[2 9],41,43,44,2,42
1,<environment.Job instance at 0x15188db78050>,29,3,[1 9],42,44,47,2,42
1,<environment.Job instance at 0x15188db78730>,30,14,[ 1 10],44,47,61,3,44
1,<environment.Job instance at 0x15188db78e60>,31,1,[7 2],45,45,46,0,45
1,<environment.Job instance at 0x15188db784b0>,32,1,[10  1],46,46,47,0,46
1,<environment.Job instance at 0x15188db78550>,33,3,[2 5],48,49,52,1,49
1,<environment.Job instance at 0x15188db78190>,34,2,[6 2],49,52,54,3,49
1,<environment.Job instance at 0x15188dae1500>,35,18,[2 9],50,61,79,11,50
1,<environment.Job instance at 0x15188dae1410>,37,1,[1 6],52,61,62,9,52
1,<environment.Job instance at 0x15188dae16e0>,38,1,[10  1],53,54,55,1,53
1,<environment.Job instance at 0x15188dae1dc0>,39,17,[5 1],54,62,79,8,58
1,<environment.Job instance at 0x15188dae1d20>,40,1,[7 1],55,59,60,4,59
1,<environment.Job instance at 0x1518894fe550>,41,3,[9 2],56,79,82,23,59
1,<environment.Job instance at 0x1518894fe320>,42,2,[1 8],57,79,81,22,59
1,<environment.Job instance at 0x1518894fedc0>,44,3,[2 5],59,77,80,18,77
1,<environment.Job instance at 0x1518971347d0>,19,20,[ 2 11],28,81,101,53,78
1,<environment.Job instance at 0x1518894fe960>,43,26,[8 1],58,82,108,24,80
1,<environment.Job instance at 0x14f62a6db8c0>,24,12,[ 1 10],32,32,44,0,32
1,<environment.Job instance at 0x14f62a6db960>,25,2,[2 8],34,44,46,10,38
1,<environment.Job instance at 0x14f62a6dba50>,26,1,[2 7],35,44,45,9,40
1,<environment.Job instance at 0x14f62a6dbb40>,27,2,[2 7],36,45,47,9,40
1,<environment.Job instance at 0x14f62a6dbbe0>,28,2,[2 7],37,46,48,9,42
1,<environment.Job instance at 0x14f62a6dbcd0>,29,16,[10  2],39,47,63,8,42
1,<environment.Job instance at 0x14f62a6dbfa0>,31,3,[9 2],41,63,66,22,42
1,<environment.Job instance at 0x14f62a6dbeb0>,32,3,[2 9],42,48,51,6,42
1,<environment.Job instance at 0x14f62a6dd460>,33,1,[2 7],43,51,52,8,44
1,<environment.Job instance at 0x14f62a6db140>,20,2,[ 1 13],27,52,54,25,52
1,<environment.Job instance at 0x14f62a6dd500>,34,15,[11  1],44,66,81,22,52
1,<environment.Job instance at 0x14f62a6dd6e0>,36,3,[10  2],48,81,84,33,55
1,<environment.Job instance at 0x14f62a6dd1e0>,39,3,[1 5],52,55,58,3,55
1,<environment.Job instance at 0x14f62a6dd910>,40,3,[1 6],53,55,58,2,55
1,<environment.Job instance at 0x14f62a6ddbe0>,43,3,[7 2],57,84,87,27,58
1,<environment.Job instance at 0x14f62a6de190>,46,2,[2 8],61,61,63,0,61
1,<environment.Job instance at 0x14f62a6de640>,48,1,[2 9],65,65,66,0,65
1,<environment.Job instance at 0x14f62a6de4b0>,49,16,[8 2],66,84,100,18,71
1,<environment.Job instance at 0x14f62a6de140>,50,12,[9 1],68,100,112,32,84
1,<environment.Job instance at 0x14f62a6de820>,51,2,[8 2],69,112,114,43,85
1,<environment.Job instance at 0x14f62a6ddb40>,41,25,[12  2],54,118,143,64,118
1,<environment.Job instance at 0x14f6381767d0>,5,22,[1 5],10,11,33,1,11
1,<environment.Job instance at 0x14f638176140>,11,3,[10  1],19,19,22,0,19
1,<environment.Job instance at 0x14f6381720f0>,12,12,[9 1],21,22,34,1,21
1,<environment.Job instance at 0x14f638172fa0>,13,3,[2 9],22,22,25,0,22
1,<environment.Job instance at 0x14f6381722d0>,14,3,[1 9],23,25,28,2,23
1,<environment.Job instance at 0x14f6381726e0>,15,1,[13  1],24,34,35,10,24
1,<environment.Job instance at 0x14f638172a00>,16,3,[1 9],25,28,31,3,25
1,<environment.Job instance at 0x14f638172d70>,17,1,[2 5],26,31,32,5,27
1,<environment.Job instance at 0x14f63816be60>,24,2,[2 5],38,38,40,0,38
1,<environment.Job instance at 0x14f63816bf00>,27,3,[7 2],41,41,44,0,41
1,<environment.Job instance at 0x14f63816bc80>,26,3,[2 9],40,42,45,2,42
1,<environment.Job instance at 0x14f63816ba00>,28,14,[7 1],42,44,58,2,42
1,<environment.Job instance at 0x14f63816b6e0>,30,12,[2 8],45,45,57,0,45
1,<environment.Job instance at 0x14f63816ef00>,32,2,[ 1 10],48,57,59,9,48
1,<environment.Job instance at 0x14f63816ec30>,34,2,[1 8],51,59,61,8,51
1,<environment.Job instance at 0x14f63816e690>,35,2,[2 6],52,52,54,0,52
1,<environment.Job instance at 0x14f63816ee10>,37,2,[1 9],56,61,63,5,56
1,<environment.Job instance at 0x14f63816e5a0>,39,1,[2 5],58,58,59,0,58
1,<environment.Job instance at 0x14f638168690>,41,2,[14  1],60,60,62,0,60
1,<environment.Job instance at 0x14f638184870>,48,17,[1 9],69,73,90,4,73
1,<environment.Job instance at 0x14f638080410>,0,1,[2 8],1,2,3,1,2
1,<environment.Job instance at 0x14f62ce08370>,4,15,[5 1],5,9,24,4,9
1,<environment.Job instance at 0x14f62ce08730>,6,2,[ 1 10],10,10,12,0,10
1,<environment.Job instance at 0x14f62ce08190>,2,1,[ 2 14],3,12,13,9,10
1,<environment.Job instance at 0x14f62ce086e0>,7,3,[11  2],11,24,27,13,11
1,<environment.Job instance at 0x14f62cdc9a00>,18,1,[1 8],26,27,28,1,27
1,<environment.Job instance at 0x14f62cdc91e0>,17,3,[12  1],24,30,33,6,30
1,<environment.Job instance at 0x14f62c344f50>,23,13,[ 1 14],32,33,46,1,33
1,<environment.Job instance at 0x14f62ce08320>,5,18,[1 8],6,46,64,40,37
1,<environment.Job instance at 0x14f62ce00af0>,33,2,[ 2 10],51,64,66,13,53
1,<environment.Job instance at 0x14f62ce000f0>,34,3,[5 2],52,64,67,12,64
1,<environment.Job instance at 0x14f62c3445a0>,24,27,[1 8],33,66,93,33,64
1,<environment.Job instance at 0x14f62ce00f50>,39,19,[ 1 10],58,93,112,35,86
1,<environment.Job instance at 0x14f62ce00550>,41,3,[5 2],60,97,100,37,97
1,<environment.Job instance at 0x14f62a0b8140>,11,16,[9 1],16,16,32,0,16
1,<environment.Job instance at 0x14f62a3585f0>,20,3,[1 5],30,30,33,0,30
1,<environment.Job instance at 0x14f6380ae8c0>,25,18,[7 2],39,39,57,0,39
1,<environment.Job instance at 0x14f6380aec80>,36,15,[2 8],58,58,73,0,58
1,<environment.Job instance at 0x14f62e42f5f0>,39,2,[6 2],62,62,64,0,62
1,<environment.Job instance at 0x14f62e42f730>,40,1,[1 5],63,63,64,0,63
1,<environment.Job instance at 0x14f62e42f0a0>,41,16,[1 7],64,65,81,1,65
1,<environment.Job instance at 0x14f62e42fc30>,42,3,[ 2 10],65,81,84,16,65
1,<environment.Job instance at 0x14f63914c500>,43,3,[ 1 13],66,84,87,18,66
1,<environment.Job instance at 0x14f63914c4b0>,44,3,[1 5],69,73,76,4,69
1,<environment.Job instance at 0x14f6380aef50>,34,2,[ 2 12],56,92,94,36,92
1,<environment.Job instance at 0x14f6380ae780>,35,14,[6 1],57,97,111,40,97
1,<environment.Job instance at 0x14f62e558500>,0,1,[2 8],1,1,2,0,1
1,<environment.Job instance at 0x14f62e4c2eb0>,7,1,[1 8],9,14,15,5,14
1,<environment.Job instance at 0x14f62e5426e0>,22,14,[8 2],32,32,46,0,32
1,<environment.Job instance at 0x14f62e4c2aa0>,13,12,[7 1],18,35,47,17,35
1,<environment.Job instance at 0x14f62e542af0>,28,21,[7 2],40,46,67,6,40
1,<environment.Job instance at 0x14f62e542dc0>,29,13,[5 2],41,47,60,6,41
1,<environment.Job instance at 0x14f62d433c30>,35,20,[8 2],52,60,80,8,54
1,<environment.Job instance at 0x14f62d433cd0>,37,3,[1 9],54,54,57,0,54
1,<environment.Job instance at 0x14f62e569c80>,41,3,[5 2],63,67,70,4,63
1,<environment.Job instance at 0x14f62d364f50>,8,15,[ 1 11],17,19,34,2,19
1,<environment.Job instance at 0x14f62e9000f0>,21,1,[6 2],35,44,45,9,44
1,<environment.Job instance at 0x14f62d364e10>,9,2,[8 1],18,45,47,27,45
1,<environment.Job instance at 0x14f62e900b90>,25,3,[10  2],40,47,50,7,45
1,<environment.Job instance at 0x14f62e900190>,26,2,[2 9],41,45,47,4,45
1,<environment.Job instance at 0x14f62d364320>,5,2,[ 2 12],10,47,49,37,45
1,<environment.Job instance at 0x14f62e9001e0>,27,3,[9 1],44,50,53,6,45
1,<environment.Job instance at 0x14f62e900460>,23,14,[7 2],37,53,67,16,47
1,<environment.Job instance at 0x14f629e2d0f0>,30,3,[5 1],50,50,53,0,50
1,<environment.Job instance at 0x14f629e2d730>,31,14,[1 6],52,52,66,0,52
1,<environment.Job instance at 0x14f629df01e0>,32,2,[5 1],53,53,55,0,53
1,<environment.Job instance at 0x14f629df0320>,33,1,[2 7],54,55,56,1,54
1,<environment.Job instance at 0x14f629df0050>,34,2,[10  2],55,67,69,12,55
1,<environment.Job instance at 0x14f629df0c30>,35,2,[6 1],56,56,58,0,56
1,<environment.Job instance at 0x14f629df05a0>,39,3,[1 7],63,63,66,0,63
1,<environment.Job instance at 0x14f629df0e60>,40,2,[9 2],65,69,71,4,65
1,<environment.Job instance at 0x14f629df0f00>,41,1,[7 2],66,66,67,0,66
1,<environment.Job instance at 0x14f629e16410>,43,14,[1 6],69,69,83,0,69
1,<environment.Job instance at 0x14f62a48a4b0>,14,2,[1 5],25,29,31,4,29
1,<environment.Job instance at 0x14f62a48a960>,19,2,[1 9],31,35,37,4,35
1,<environment.Job instance at 0x14f62a48afa0>,16,3,[2 9],27,41,44,14,41
1,<environment.Job instance at 0x14f62a48ac30>,23,3,[1 6],37,52,55,15,52
1,<environment.Job instance at 0x14f6386bd7d0>,27,2,[1 7],42,67,69,25,67
1,<environment.Job instance at 0x14f6386bdbe0>,26,3,[10  1],41,71,74,30,71
1,<environment.Job instance at 0x14f62ae3e0f0>,33,1,[2 8],50,71,72,21,71
1,<environment.Job instance at 0x14f639086640>,32,15,[10  1],49,74,89,25,71
1,<environment.Job instance at 0x14f6390860a0>,34,1,[8 2],51,89,90,38,71
1,<environment.Job instance at 0x14f639086370>,36,2,[6 1],54,89,91,35,71
1,<environment.Job instance at 0x14f639086140>,37,3,[10  1],56,91,94,35,71
1,<environment.Job instance at 0x14f639086cd0>,38,3,[10  2],57,94,97,37,71
1,<environment.Job instance at 0x14f6390865a0>,39,3,[ 2 11],60,72,75,12,71
1,<environment.Job instance at 0x14f6390861e0>,40,2,[1 7],61,75,77,14,71
1,<environment.Job instance at 0x14f6390867d0>,42,18,[8 2],63,97,115,34,86
1,<environment.Job instance at 0x14f63912faf0>,45,2,[ 1 10],66,87,89,21,87
1,<environment.Job instance at 0x14f63912f3c0>,47,15,[7 2],68,97,112,29,89
1,<environment.Job instance at 0x14f62ae3e460>,31,2,[1 5],48,112,114,64,100
1,<environment.Job instance at 0x14f63912f0a0>,48,16,[2 8],69,112,128,43,100
1,<environment.Job instance at 0x14f639086aa0>,35,14,[14  1],52,420,434,368,420
1,<environment.Job instance at 0x14f62a48ab90>,13,1,[2 6],23,538,539,515,538
1,<environment.Job instance at 0x14f62cdbe9b0>,8,27,[ 2 10],13,13,40,0,13
1,<environment.Job instance at 0x14f62a0cfaf0>,29,1,[1 7],41,41,42,0,41
1,<environment.Job instance at 0x14f62e440e10>,30,3,[2 7],42,42,45,0,42
1,<environment.Job instance at 0x14f62e4402d0>,31,2,[1 5],43,43,45,0,43
1,<environment.Job instance at 0x14f62e4404b0>,32,1,[1 9],45,45,46,0,45
1,<environment.Job instance at 0x14f62e440a50>,33,1,[2 5],46,47,48,1,47
1,<environment.Job instance at 0x14f62e440f50>,35,1,[2 6],48,48,49,0,48
1,<environment.Job instance at 0x14f62a0cfb40>,25,13,[12  2],37,54,67,17,54
1,<environment.Job instance at 0x14f63b1510a0>,36,1,[2 8],50,54,55,4,54
1,<environment.Job instance at 0x14f63b1519b0>,37,1,[2 6],51,55,56,4,54
1,<environment.Job instance at 0x14f63b151320>,38,3,[1 7],53,55,58,2,54
1,<environment.Job instance at 0x14f63b151f50>,40,14,[1 6],55,56,70,1,55
1,<environment.Job instance at 0x14f63b151dc0>,41,17,[9 1],56,67,84,11,56
1,<environment.Job instance at 0x14f63b151b40>,45,12,[9 2],60,84,96,24,67
1,<environment.Job instance at 0x14f62e9000a0>,51,2,[1 6],67,71,73,4,71
1,<environment.Job instance at 0x14f62a0cf190>,28,2,[1 5],40,174,176,134,174
1,<environment.Job instance at 0x14f62cea9c30>,12,3,[2 8],17,17,20,0,17
1,<environment.Job instance at 0x14f62cea9b90>,13,3,[1 9],18,20,23,2,18
1,<environment.Job instance at 0x14f62cea9cd0>,14,16,[10  1],19,19,35,0,19
1,<environment.Job instance at 0x14f62cea9c80>,15,3,[2 9],20,23,26,3,20
1,<environment.Job instance at 0x14f62cea9aa0>,16,23,[1 6],21,26,49,5,21
1,<environment.Job instance at 0x14f62cea97d0>,18,3,[10  1],27,35,38,8,27
1,<environment.Job instance at 0x14f62cea9370>,19,3,[6 1],29,38,41,9,29
1,<environment.Job instance at 0x14f62cea9410>,20,3,[8 1],30,38,41,8,30
1,<environment.Job instance at 0x14f62cea9d70>,21,2,[7 1],32,41,43,9,32
1,<environment.Job instance at 0x14f629e67a00>,22,18,[2 6],34,41,59,7,34
1,<environment.Job instance at 0x14f629e67690>,24,2,[5 1],37,41,43,4,37
1,<environment.Job instance at 0x14f629e67910>,25,14,[2 5],38,49,63,11,38
1,<environment.Job instance at 0x14f629e67050>,27,12,[1 5],41,59,71,18,42
1,<environment.Job instance at 0x14f629e67f50>,28,13,[7 2],42,43,56,1,42
1,<environment.Job instance at 0x14f629e67c30>,29,3,[8 1],43,56,59,13,43
1,<environment.Job instance at 0x14f629e67230>,31,18,[1 5],47,59,77,12,48
1,<environment.Job instance at 0x14f629e67be0>,33,1,[1 9],52,71,72,19,52
1,<environment.Job instance at 0x14f62a4029b0>,34,3,[2 9],54,72,75,18,54
1,<environment.Job instance at 0x14f62a402b90>,35,1,[10  2],55,63,64,8,55
1,<environment.Job instance at 0x14f62a4025f0>,36,1,[5 2],56,64,65,8,56
1,<environment.Job instance at 0x14f62ae5b5a0>,9,1,[ 2 10],10,75,76,65,67
1,<environment.Job instance at 0x14f62a402f00>,37,26,[2 8],58,76,102,18,73
1,<environment.Job instance at 0x14f62a402af0>,41,2,[1 6],67,77,79,10,73
1,<environment.Job instance at 0x14f63ba66500>,8,25,[12  1],9,161,186,152,161
1,<environment.Job instance at 0x14f62a351cd0>,10,27,[1 7],15,15,42,0,15
1,<environment.Job instance at 0x14f62a086d70>,26,15,[2 7],40,40,55,0,40
1,<environment.Job instance at 0x14f62a086050>,28,1,[ 1 12],46,55,56,9,48
1,<environment.Job instance at 0x14f6380678c0>,30,1,[8 1],49,49,50,0,49
1,<environment.Job instance at 0x14f638067eb0>,32,1,[2 9],54,56,57,2,56
1,<environment.Job instance at 0x14f638067cd0>,37,2,[7 1],61,61,63,0,61
1,<environment.Job instance at 0x14f62e8bb4b0>,40,1,[8 1],65,66,67,1,66
1,<environment.Job instance at 0x14f62e8bba00>,41,28,[5 1],66,71,99,5,71
1,<environment.Job instance at 0x14f62e8bbc80>,42,13,[8 2],67,71,84,4,71
1,<environment.Job instance at 0x14f62e8bbd20>,43,18,[5 1],68,84,102,16,73
1,<environment.Job instance at 0x14f62e8bb460>,44,15,[6 1],69,99,114,30,85
1,<environment.Job instance at 0x14f6380675a0>,35,13,[13  2],57,818,831,761,818
1,<environment.Job instance at 0x14f62a086fa0>,25,3,[2 8],39,924,927,885,924
1,<environment.Job instance at 0x14f62b0cdd70>,21,2,[10  2],33,33,35,0,33
1,<environment.Job instance at 0x14f62b0cd1e0>,22,3,[1 7],34,35,38,1,35
1,<environment.Job instance at 0x14f629e14640>,23,14,[9 2],36,38,52,2,38
1,<environment.Job instance at 0x14f629e14190>,25,2,[7 2],38,52,54,14,38
1,<environment.Job instance at 0x14f629e14fa0>,29,3,[9 2],43,54,57,11,44
1,<environment.Job instance at 0x14f63815d870>,34,19,[2 5],50,64,83,14,64
1,<environment.Job instance at 0x14f62d351e10>,42,1,[1 6],60,64,65,4,64
1,<environment.Job instance at 0x14f62d351a00>,43,3,[8 2],61,64,67,3,64
1,<environment.Job instance at 0x14f62d351140>,44,1,[1 7],62,65,66,3,65
1,<environment.Job instance at 0x14f62d351280>,45,1,[6 2],63,67,68,4,65
1,<environment.Job instance at 0x14f62d351230>,46,2,[2 7],64,67,69,3,67
1,<environment.Job instance at 0x14f62d3517d0>,47,16,[ 2 10],65,69,85,4,68
1,<environment.Job instance at 0x14f62d351410>,48,3,[7 1],66,83,86,17,68
1,<environment.Job instance at 0x14f62d351820>,49,14,[8 2],67,85,99,18,70
1,<environment.Job instance at 0x14f62a4bc280>,50,2,[1 9],69,86,88,17,72
1,<environment.Job instance at 0x14f6380af3c0>,7,25,[9 1],11,14,39,3,14
1,<environment.Job instance at 0x14f6380af5f0>,10,21,[2 5],15,17,38,2,17
1,<environment.Job instance at 0x14f6380afc80>,14,15,[6 1],20,38,53,18,24
1,<environment.Job instance at 0x14f62b924c80>,17,16,[1 8],23,39,55,16,26
1,<environment.Job instance at 0x14f62b924e10>,18,14,[2 6],25,39,53,14,26
1,<environment.Job instance at 0x14f62b924690>,19,1,[9 1],26,53,54,27,26
1,<environment.Job instance at 0x14f62a30f5a0>,21,2,[10  2],28,54,56,26,32
1,<environment.Job instance at 0x14f62a30f140>,25,1,[1 7],33,55,56,22,42
1,<environment.Job instance at 0x14f62a30f820>,28,1,[5 1],38,53,54,15,44
1,<environment.Job instance at 0x14f62a30fe60>,20,17,[2 5],27,54,71,27,44
1,<environment.Job instance at 0x14f62cff1b40>,34,2,[9 2],46,56,58,10,50
1,<environment.Job instance at 0x14f62cff1780>,35,3,[5 1],47,58,61,11,50
1,<environment.Job instance at 0x14f62cff14b0>,36,2,[ 1 10],48,61,63,13,51
1,<environment.Job instance at 0x14f62d3f7fa0>,39,1,[8 2],53,58,59,5,53
1,<environment.Job instance at 0x14f62d3f7c80>,40,17,[7 1],54,63,80,9,55
1,<environment.Job instance at 0x14f62d3f73c0>,42,13,[2 8],56,63,76,7,56
1,<environment.Job instance at 0x14f6801a3460>,43,16,[6 1],57,71,87,14,58
1,<environment.Job instance at 0x14f6801a3b40>,44,1,[8 2],58,59,60,1,58
1,<environment.Job instance at 0x14f62a1f3d70>,45,1,[5 2],59,80,81,21,62
1,<environment.Job instance at 0x14f63b15e140>,50,1,[6 2],65,81,82,16,65
1,<environment.Job instance at 0x14f63b15e1e0>,51,3,[8 2],66,82,85,16,67
1,<environment.Job instance at 0x14f63b15ee10>,53,13,[10  1],69,87,100,18,71
1,<environment.Job instance at 0x14f62cff1be0>,33,2,[7 2],45,100,102,55,86
1,<environment.Job instance at 0x14f62cff1dc0>,38,17,[12  1],50,228,245,178,228
1,<environment.Job instance at 0x14f6380af5a0>,13,15,[7 2],19,744,759,725,744
1,<environment.Job instance at 0x14f6390f8780>,8,3,[5 2],9,9,12,0,9
1,<environment.Job instance at 0x14f6390f89b0>,9,2,[8 2],10,10,12,0,10
1,<environment.Job instance at 0x14f6390f8320>,10,3,[2 8],11,11,14,0,11
1,<environment.Job instance at 0x14f6390f8af0>,12,13,[7 2],14,15,28,1,15
1,<environment.Job instance at 0x14f6390f88c0>,13,22,[8 1],15,15,37,0,15
1,<environment.Job instance at 0x14f6390f8230>,14,15,[ 2 10],16,28,43,12,16
1,<environment.Job instance at 0x14f62a43a910>,15,3,[10  2],17,37,40,20,17
1,<environment.Job instance at 0x14f62a43a1e0>,16,3,[2 5],19,40,43,21,19
1,<environment.Job instance at 0x14f62a43abe0>,17,17,[1 7],20,43,60,23,31
1,<environment.Job instance at 0x14f62a43a140>,18,3,[7 2],21,43,46,22,31
1,<environment.Job instance at 0x14f62a43acd0>,19,2,[2 9],22,60,62,38,33
1,<environment.Job instance at 0x14f62a43afa0>,20,2,[2 7],23,46,48,23,33
1,<environment.Job instance at 0x14f62a43a500>,21,18,[6 1],25,43,61,18,33
1,<environment.Job instance at 0x14f62a43a7d0>,22,15,[2 9],26,62,77,36,48
1,<environment.Job instance at 0x14f62a43aa00>,23,2,[10  1],27,61,63,34,48
1,<environment.Job instance at 0x14f62a43a370>,24,22,[2 6],29,63,85,34,57
1,<environment.Job instance at 0x14f62a43ac80>,25,1,[ 1 14],30,85,86,55,57
1,<environment.Job instance at 0x14f6390f8dc0>,11,2,[2 5],12,77,79,65,73
1,<environment.Job instance at 0x14f62a43af50>,26,16,[6 2],31,86,102,55,73
1,<environment.Job instance at 0x14f62a43ad70>,28,2,[9 1],34,77,79,43,73
1,<environment.Job instance at 0x14f62a43a5a0>,29,19,[1 5],36,86,105,50,76
1,<environment.Job instance at 0x14f62ce37820>,30,1,[8 1],37,79,80,42,76
1,<environment.Job instance at 0x14f62ce370f0>,31,1,[5 1],39,79,80,40,79
1,<environment.Job instance at 0x14f62ce372d0>,32,2,[7 2],40,80,82,40,79
1,<environment.Job instance at 0x14f62ce37730>,33,3,[ 2 14],42,105,108,63,80
1,<environment.Job instance at 0x14f62ce37c80>,34,3,[1 8],43,82,85,39,80
1,<environment.Job instance at 0x14f62ce37f50>,35,1,[ 2 10],44,102,103,58,80
1,<environment.Job instance at 0x14f62a43aeb0>,27,1,[6 1],32,81,82,49,81
1,<environment.Job instance at 0x14f62ce37320>,36,2,[7 2],46,86,88,40,81
1,<environment.Job instance at 0x14f62ce37910>,38,2,[6 1],49,82,84,33,81
1,<environment.Job instance at 0x14f62ce373c0>,39,17,[1 7],50,108,125,58,96
1,<environment.Job instance at 0x14f62ce37050>,41,2,[7 2],55,96,98,41,96
1,<environment.Job instance at 0x14f62ce37280>,42,1,[1 5],57,96,97,39,96
1,<environment.Job instance at 0x14f62ce376e0>,43,14,[5 2],59,108,122,49,96
1,<environment.Job instance at 0x14f62ce37d70>,44,27,[5 1],60,103,130,43,101
1,<environment.Job instance at 0x14f62ce37960>,45,15,[14  1],61,130,145,69,116
1,<environment.Job instance at 0x14f62ce377d0>,46,2,[1 9],62,125,127,63,116
1,<environment.Job instance at 0x14f62ce371e0>,47,14,[1 6],63,127,141,64,116
1,<environment.Job instance at 0x14f62ce37140>,48,1,[1 8],64,127,128,63,116
1,<environment.Job instance at 0x14f6385ae6e0>,49,1,[2 9],66,145,146,79,117
1,<environment.Job instance at 0x14f6385ae910>,50,2,[10  2],67,145,147,78,118
1,<environment.Job instance at 0x14f62ce37cd0>,37,1,[6 1],47,147,148,100,134
1,<environment.Job instance at 0x14f6390f8cd0>,4,1,[13  1],5,679,680,674,679
1,<environment.Job instance at 0x14f6390f8be0>,7,17,[1 8],8,1597,1614,1589,1597
1,<environment.Job instance at 0x14f62a402b90>,3,25,[6 1],5,6,31,1,6
1,<environment.Job instance at 0x14f62a402410>,9,1,[1 9],14,14,15,0,14
1,<environment.Job instance at 0x14f62a402500>,10,1,[8 2],17,17,18,0,17
1,<environment.Job instance at 0x14f62d23cf00>,14,26,[ 2 13],23,25,51,2,25
1,<environment.Job instance at 0x14f62d23cb90>,18,15,[2 5],29,51,66,22,37
1,<environment.Job instance at 0x14f62d23caa0>,19,14,[7 1],30,38,52,8,38
1,<environment.Job instance at 0x14f62d23c820>,20,2,[7 1],31,52,54,21,38
1,<environment.Job instance at 0x14f62a457f50>,21,1,[8 1],32,54,55,22,39
1,<environment.Job instance at 0x14f62a457aa0>,22,2,[10  2],33,55,57,22,39
1,<environment.Job instance at 0x14f62a457e10>,23,14,[9 1],34,57,71,23,42
1,<environment.Job instance at 0x14f62a4571e0>,24,3,[9 2],35,71,74,36,45
1,<environment.Job instance at 0x14f62ae82780>,25,1,[6 2],37,51,52,14,45
1,<environment.Job instance at 0x14f62ae82cd0>,26,2,[ 1 10],38,66,68,28,45
1,<environment.Job instance at 0x14f62ae82b90>,27,2,[2 7],39,52,54,13,45
1,<environment.Job instance at 0x14f62ae82870>,28,3,[9 2],41,74,77,33,48
1,<environment.Job instance at 0x14f62d2d6370>,29,3,[10  1],42,77,80,35,51
1,<environment.Job instance at 0x14f62d2d6b90>,30,17,[1 8],48,68,85,20,56
1,<environment.Job instance at 0x14f62d2d60f0>,31,2,[8 2],50,80,82,30,56
1,<environment.Job instance at 0x14f62d2d6320>,32,17,[1 6],51,82,99,31,70
1,<environment.Job instance at 0x14f62ce6a280>,33,3,[1 9],52,85,88,33,70
1,<environment.Job instance at 0x14f62ce6a1e0>,34,13,[2 9],56,88,101,32,72
1,<environment.Job instance at 0x14f62ce6a500>,35,2,[ 1 11],57,101,103,44,74
1,<environment.Job instance at 0x14f6391a22d0>,36,3,[2 8],58,103,106,45,77
1,<environment.Job instance at 0x14f6391a2aa0>,37,1,[1 8],60,106,107,46,78
1,<environment.Job instance at 0x14f6391a2e60>,38,2,[2 9],61,107,109,46,83
1,<environment.Job instance at 0x14f6391a2eb0>,39,2,[8 2],62,99,101,37,83
1,<environment.Job instance at 0x14f6391a2140>,40,15,[10  1],63,101,116,38,87
1,<environment.Job instance at 0x14f6391a2c30>,41,28,[5 2],64,109,137,45,108
1,<environment.Job instance at 0x14f6391a24b0>,42,1,[8 2],65,116,117,51,108
1,<environment.Job instance at 0x14f6391a2dc0>,43,2,[ 1 10],66,116,118,50,108
1,<environment.Job instance at 0x14f6391a2a00>,44,3,[ 2 14],67,137,140,70,111
1,<environment.Job instance at 0x14f6391a2820>,45,1,[5 1],68,117,118,49,111
1,<environment.Job instance at 0x14f6391a2be0>,46,2,[2 6],69,118,120,49,111
1,<environment.Job instance at 0x14f62a402140>,7,2,[ 2 10],12,153,155,141,153
1,<environment.Job instance at 0x14f62d23c690>,17,2,[12  1],27,227,229,200,227
1,<environment.Job instance at 0x14f62a402640>,8,3,[9 2],13,922,925,909,922
1,<environment.Job instance at 0x14f63923a6e0>,11,3,[5 2],14,15,18,1,15
1,<environment.Job instance at 0x14f63923a780>,12,16,[7 1],15,15,31,0,15
1,<environment.Job instance at 0x14f63923a690>,13,2,[8 2],16,18,20,2,16
1,<environment.Job instance at 0x14f63923a370>,18,23,[2 6],24,28,51,4,28
1,<environment.Job instance at 0x14f63923a8c0>,20,14,[ 1 10],27,51,65,24,36
1,<environment.Job instance at 0x14f629bbaf50>,27,3,[5 1],36,36,39,0,36
1,<environment.Job instance at 0x14f638609eb0>,29,3,[12  1],39,40,43,1,40
1,<environment.Job instance at 0x14f638609190>,32,3,[9 1],46,46,49,0,46
1,<environment.Job instance at 0x14f6386096e0>,33,13,[2 5],48,48,61,0,48
1,<environment.Job instance at 0x14f638609320>,34,2,[1 8],49,65,67,16,49
1,<environment.Job instance at 0x14f638609dc0>,35,1,[2 6],50,65,66,15,50
1,<environment.Job instance at 0x14f638609870>,36,2,[9 2],53,61,63,8,53
1,<environment.Job instance at 0x14f6386097d0>,37,1,[ 2 10],57,67,68,10,57
1,<environment.Job instance at 0x14f638609050>,38,3,[11  1],59,63,66,4,59
1,<environment.Job instance at 0x14f638609730>,39,13,[ 2 11],60,68,81,8,60
1,<environment.Job instance at 0x14f638609460>,40,3,[1 8],61,81,84,20,61
1,<environment.Job instance at 0x14f6380f3500>,42,16,[9 1],64,66,82,2,64
1,<environment.Job instance at 0x14f6380f3b90>,43,12,[7 2],66,82,94,16,66
1,<environment.Job instance at 0x14f638609aa0>,30,20,[8 1],40,85,105,45,85
1,<environment.Job instance at 0x14f63923a190>,19,23,[9 1],26,105,128,79,99
1,<environment.Job instance at 0x14f629ee6780>,10,1,[6 1],13,198,199,185,198
1,<environment.Job instance at 0x14f629d1b2d0>,6,2,[ 1 12],9,10,12,1,10
1,<environment.Job instance at 0x14f629d1b460>,9,21,[5 1],12,12,33,0,12
1,<environment.Job instance at 0x14f629ff4640>,12,1,[ 2 10],16,17,18,1,17
1,<environment.Job instance at 0x14f629ff48c0>,20,22,[ 2 10],27,27,49,0,27
1,<environment.Job instance at 0x14f63bade8c0>,28,3,[6 1],37,37,40,0,37
1,<environment.Job instance at 0x14f63bade460>,26,2,[5 2],35,39,41,4,39
1,<environment.Job instance at 0x14f629bb2d70>,30,1,[7 1],39,40,41,1,39
1,<environment.Job instance at 0x14f629ff4c80>,16,2,[1 8],21,49,51,28,44
1,<environment.Job instance at 0x14f629bb2aa0>,33,1,[5 1],44,44,45,0,44
1,<environment.Job instance at 0x14f629bb2960>,35,1,[6 1],46,48,49,2,48
1,<environment.Job instance at 0x14f629bb2280>,36,3,[8 1],48,49,52,1,48
1,<environment.Job instance at 0x14f629bb2780>,34,2,[8 2],45,52,54,7,51
1,<environment.Job instance at 0x14f639134780>,41,2,[7 1],58,62,64,4,62
1,<environment.Job instance at 0x14f639134730>,43,3,[ 2 13],62,62,65,0,62
1,<environment.Job instance at 0x14f62a47f9b0>,45,1,[ 2 10],64,65,66,1,65
1,<environment.Job instance at 0x14f6391341e0>,42,21,[6 1],60,65,86,5,65
1,<environment.Job instance at 0x14f638609d70>,1,27,[5 2],2,3,30,1,3
1,<environment.Job instance at 0x14f62a57ad70>,24,2,[ 2 10],36,36,38,0,36
1,<environment.Job instance at 0x14f62a57a960>,25,3,[5 1],37,37,40,0,37
1,<environment.Job instance at 0x14f62a57a190>,27,1,[2 7],40,40,41,0,40
1,<environment.Job instance at 0x14f6387689b0>,30,2,[ 2 10],45,45,47,0,45
1,<environment.Job instance at 0x14f638768e60>,31,3,[9 1],46,46,49,0,46
1,<environment.Job instance at 0x14f638768be0>,32,12,[9 1],47,49,61,2,47
1,<environment.Job instance at 0x14f638768410>,33,20,[ 2 11],48,48,68,0,48
1,<environment.Job instance at 0x14f638768370>,35,3,[ 2 10],51,68,71,17,51
1,<environment.Job instance at 0x14f638768d70>,36,15,[6 1],53,61,76,8,53
1,<environment.Job instance at 0x14f638768f00>,37,1,[9 2],54,71,72,17,54
1,<environment.Job instance at 0x14f6381272d0>,38,1,[2 8],55,72,73,17,55
1,<environment.Job instance at 0x14f6381277d0>,39,1,[5 1],56,61,62,5,56
1,<environment.Job instance at 0x14f638127a50>,40,1,[8 1],58,73,74,15,58
1,<environment.Job instance at 0x14f6381270a0>,41,1,[1 8],60,73,74,13,61
1,<environment.Job instance at 0x14f638127dc0>,42,1,[2 9],61,82,83,21,82
1,<environment.Job instance at 0x14f62a57a0a0>,23,2,[5 1],35,133,135,98,133
1,<environment.Job instance at 0x14f62d506640>,7,26,[8 1],8,9,35,1,9
1,<environment.Job instance at 0x14f62d506c30>,13,16,[5 2],14,14,30,0,14
1,<environment.Job instance at 0x14f62d506f50>,14,2,[2 9],15,15,17,0,15
1,<environment.Job instance at 0x14f62d506eb0>,15,13,[2 8],17,17,30,0,17
1,<environment.Job instance at 0x14f62d506780>,16,3,[7 2],18,30,33,12,18
1,<environment.Job instance at 0x14f63ba0b5a0>,17,17,[ 2 10],19,33,50,14,21
1,<environment.Job instance at 0x14f63ba0bb90>,19,16,[5 2],23,33,49,10,23
1,<environment.Job instance at 0x14f63ba0bc80>,22,2,[1 7],29,50,52,21,29
1,<environment.Job instance at 0x14f63ba0b4b0>,23,3,[7 1],30,35,38,5,31
1,<environment.Job instance at 0x14f63ba0be60>,24,1,[6 1],31,38,39,7,31
1,<environment.Job instance at 0x14f63ba0bf00>,25,15,[6 2],32,39,54,7,33
1,<environment.Job instance at 0x14f63ba0b640>,26,3,[2 9],33,52,55,19,35
1,<environment.Job instance at 0x14f629c9ccd0>,28,2,[11  2],36,54,56,18,36
1,<environment.Job instance at 0x14f629c9caf0>,29,16,[2 7],37,55,71,18,42
1,<environment.Job instance at 0x14f629c9ca50>,30,2,[1 8],39,56,58,17,42
1,<environment.Job instance at 0x14f629c9cf00>,31,2,[1 5],40,50,52,10,42
1,<environment.Job instance at 0x14f629c9c870>,32,1,[1 5],41,55,56,14,42
1,<environment.Job instance at 0x14f629c9c7d0>,33,2,[9 1],42,58,60,16,42
1,<environment.Job instance at 0x14f629c9c050>,34,3,[9 2],43,60,63,17,43
1,<environment.Job instance at 0x14f629c9ca00>,35,17,[5 2],44,63,80,19,52
1,<environment.Job instance at 0x14f62b907d20>,36,2,[2 6],46,58,60,12,52
1,<environment.Job instance at 0x14f62b907870>,37,1,[ 1 10],47,71,72,24,52
1,<environment.Job instance at 0x14f62b907a00>,38,1,[2 7],48,72,73,24,52
1,<environment.Job instance at 0x14f62b907b90>,39,2,[2 6],49,60,62,11,52
1,<environment.Job instance at 0x14f62b907370>,40,17,[5 2],50,63,80,13,52
1,<environment.Job instance at 0x14f62b9077d0>,41,2,[5 1],52,52,54,0,52
1,<environment.Job instance at 0x14f62b907730>,42,2,[8 2],53,80,82,27,54
1,<environment.Job instance at 0x14f62e4e2640>,43,2,[12  1],55,82,84,27,55
1,<environment.Job instance at 0x14f62e4e2960>,44,14,[1 9],56,73,87,17,58
1,<environment.Job instance at 0x14f62e4e2f00>,45,1,[2 8],57,87,88,30,59
1,<environment.Job instance at 0x14f62e4e2d70>,46,18,[10  2],58,84,102,26,79
1,<environment.Job instance at 0x14f62e4e2820>,48,15,[2 5],60,87,102,27,80
1,<environment.Job instance at 0x14f62e4e20f0>,49,3,[1 6],61,88,91,27,80
1,<environment.Job instance at 0x14f62e4e25a0>,50,2,[1 8],63,91,93,28,81
1,<environment.Job instance at 0x14f62e4e2410>,51,17,[7 1],64,102,119,38,90
1,<environment.Job instance at 0x14f62e4e2eb0>,52,16,[8 2],65,102,118,37,93
1,<environment.Job instance at 0x14f62e4e2e60>,53,3,[1 5],68,93,96,25,93
1,<environment.Job instance at 0x14f62e4e2780>,54,1,[10  1],69,119,120,50,93
1,<environment.Job instance at 0x14f62d506fa0>,10,27,[6 1],11,121,148,110,121
1,<environment.Job instance at 0x14f63ba0b5f0>,21,28,[14  1],28,155,183,127,155
1,<environment.Job instance at 0x14f62d506410>,12,17,[7 2],13,197,214,184,197
1,<environment.Job instance at 0x14f62ae2eb90>,0,16,[7 1],1,2,18,1,2
1,<environment.Job instance at 0x14f63ba1ef00>,10,2,[7 1],16,16,18,0,16
1,<environment.Job instance at 0x14f63ba1e0f0>,13,2,[2 5],19,19,21,0,19
1,<environment.Job instance at 0x14f63ba1e460>,14,3,[9 1],20,20,23,0,20
1,<environment.Job instance at 0x14f63ba1ebe0>,15,16,[2 5],21,21,37,0,21
1,<environment.Job instance at 0x14f63ba1e690>,16,1,[5 1],22,23,24,1,22
1,<environment.Job instance at 0x14f63ba1e7d0>,17,12,[ 1 10],23,24,36,1,23
1,<environment.Job instance at 0x14f63ba1eb90>,18,2,[1 7],24,36,38,12,24
1,<environment.Job instance at 0x14f63ba1e050>,19,1,[6 2],27,36,37,9,27
1,<environment.Job instance at 0x14f6391cb820>,20,3,[5 2],28,37,40,9,28
1,<environment.Job instance at 0x14f6391cbcd0>,21,15,[8 1],29,37,52,8,29
1,<environment.Job instance at 0x14f6391cba00>,22,3,[2 7],30,38,41,8,30
1,<environment.Job instance at 0x14f6391cbe60>,23,2,[8 2],32,52,54,20,32
1,<environment.Job instance at 0x14f6391cbfa0>,24,14,[2 9],37,41,55,4,37
1,<environment.Job instance at 0x14f6391cbd70>,25,1,[5 2],39,40,41,1,39
1,<environment.Job instance at 0x14f6391cbdc0>,26,13,[7 2],40,54,67,14,40
1,<environment.Job instance at 0x14f6391cb1e0>,27,1,[7 2],42,55,56,13,42
1,<environment.Job instance at 0x14f6391cbaa0>,28,1,[2 8],43,56,57,13,43
1,<environment.Job instance at 0x14f6391cb050>,29,2,[2 9],44,57,59,13,44
1,<environment.Job instance at 0x14f6391cb8c0>,30,3,[2 6],45,59,62,14,45
1,<environment.Job instance at 0x14f6391cb460>,31,2,[7 1],47,62,64,15,47
1,<environment.Job instance at 0x14f629bb7e10>,32,1,[ 1 10],48,55,56,7,48
1,<environment.Job instance at 0x14f63ba1ed70>,7,3,[1 9],8,62,65,54,50
1,<environment.Job instance at 0x14f629bb7690>,34,3,[1 9],51,65,68,14,60
1,<environment.Job instance at 0x14f629bb75f0>,35,17,[1 5],52,67,84,15,62
1,<environment.Job instance at 0x14f629bb7b90>,33,26,[2 5],49,68,94,19,65
1,<environment.Job instance at 0x14f629bb7e60>,37,1,[1 8],55,84,85,29,65
1,<environment.Job instance at 0x14f629bb7410>,38,1,[10  2],59,68,69,9,65
1,<environment.Job instance at 0x14f629bb7c30>,39,2,[2 6],60,85,87,25,65
1,<environment.Job instance at 0x14f629bb75a0>,40,1,[1 5],61,69,70,8,65
1,<environment.Job instance at 0x14f62a095280>,41,3,[7 2],63,70,73,7,65
1,<environment.Job instance at 0x14f62a0956e0>,42,1,[2 8],64,87,88,23,66
1,<environment.Job instance at 0x14f62a095dc0>,43,18,[1 7],66,88,106,22,77
1,<environment.Job instance at 0x14f62a095460>,44,3,[10  1],68,78,81,10,78
1,<environment.Job instance at 0x14f62a095b40>,45,2,[ 2 13],69,106,108,37,79
1,<environment.Job instance at 0x14f63ba1e320>,8,3,[6 1],9,99,102,90,99
1,<environment.Job instance at 0x14f629bb70a0>,36,3,[8 1],54,105,108,51,105
1,<environment.Job instance at 0x14f63ba1efa0>,12,1,[ 2 13],18,112,113,94,112
1,<environment.Job instance at 0x14f63ba1e140>,1,28,[2 5],3,3,31,0,3
1,<environment.Job instance at 0x14f63b165d20>,9,24,[2 9],12,13,37,1,13
1,<environment.Job instance at 0x14f63b165960>,10,3,[2 5],15,31,34,16,17
1,<environment.Job instance at 0x14f63b1658c0>,12,1,[1 6],18,34,35,16,19
1,<environment.Job instance at 0x14f63b165820>,13,2,[2 6],20,35,37,15,20
1,<environment.Job instance at 0x14f63b165500>,14,2,[6 2],21,37,39,16,21
1,<environment.Job instance at 0x14f63b165a00>,15,3,[2 7],22,37,40,15,22
1,<environment.Job instance at 0x14f63b165b90>,17,3,[10  1],27,28,31,1,28
1,<environment.Job instance at 0x14f63b165190>,18,2,[6 1],28,31,33,3,28
1,<environment.Job instance at 0x14f62e8b43c0>,19,3,[1 5],29,37,40,8,29
1,<environment.Job instance at 0x14f62e8b4640>,20,2,[10  2],30,39,41,9,31
1,<environment.Job instance at 0x14f62e8b4050>,21,1,[9 1],31,33,34,2,31
1,<environment.Job instance at 0x14f62e8b4fa0>,22,1,[1 8],32,40,41,8,32
1,<environment.Job instance at 0x14f62e8b4910>,23,25,[9 1],33,41,66,8,37
1,<environment.Job instance at 0x14f62e8b4960>,24,3,[2 7],34,41,44,7,38
1,<environment.Job instance at 0x14f63b165410>,11,18,[5 2],17,44,62,27,38
1,<environment.Job instance at 0x14f62e8b40f0>,25,1,[7 1],35,66,67,31,41
1,<environment.Job instance at 0x14f62e8b4690>,26,2,[7 2],36,66,68,30,51
1,<environment.Job instance at 0x14f62e8b4780>,27,13,[10  1],38,68,81,30,52
1,<environment.Job instance at 0x14f62e8b4230>,29,2,[8 1],40,81,83,41,54
1,<environment.Job instance at 0x14f62e8b4550>,30,1,[6 2],41,62,63,21,54
1,<environment.Job instance at 0x14f62e8b47d0>,31,1,[9 1],42,83,84,41,56
1,<environment.Job instance at 0x14f62e8b4a00>,32,1,[2 5],44,63,64,19,56
1,<environment.Job instance at 0x14f68012eb40>,33,3,[10  2],47,84,87,37,58
1,<environment.Job instance at 0x14f68012e1e0>,34,1,[2 7],48,63,64,15,58
1,<environment.Job instance at 0x14f68012e370>,35,2,[ 1 14],50,64,66,14,59
1,<environment.Job instance at 0x14f68012e500>,36,1,[7 2],51,67,68,16,60
1,<environment.Job instance at 0x14f68012ee60>,37,3,[9 1],52,87,90,35,62
1,<environment.Job instance at 0x14f68012edc0>,38,15,[6 1],53,87,102,34,73
1,<environment.Job instance at 0x14f63ba00460>,41,3,[2 8],57,73,76,16,73
1,<environment.Job instance at 0x14f62e8b4f00>,28,3,[2 6],39,80,83,41,80
1,<environment.Job instance at 0x14f63ba00640>,43,26,[5 2],59,90,116,31,87
1,<environment.Job instance at 0x14f63ba00780>,45,2,[2 6],61,90,92,29,87
1,<environment.Job instance at 0x14f63ba00f00>,46,3,[1 9],62,92,95,30,87
1,<environment.Job instance at 0x14f63ba00870>,47,2,[1 7],64,95,97,31,87
1,<environment.Job instance at 0x14f6390a5230>,48,3,[2 9],65,97,100,32,87
1,<environment.Job instance at 0x14f6390a5640>,49,2,[6 1],66,102,104,36,87
1,<environment.Job instance at 0x14f6390a5550>,50,1,[5 1],67,104,105,37,87
1,<environment.Job instance at 0x14f6390a5cd0>,51,16,[2 6],68,100,116,32,87
1,<environment.Job instance at 0x14f63b165c30>,5,16,[ 1 11],7,116,132,109,110
1,<environment.Job instance at 0x152a76212b40>,17,17,[6 1],23,24,41,1,24
1,<environment.Job instance at 0x152a76215370>,20,2,[ 1 13],27,38,40,11,38
1,<environment.Job instance at 0x152a76217870>,38,1,[8 1],51,57,58,6,57
1,<environment.Job instance at 0x152a76217a50>,40,3,[1 6],53,67,70,14,67
1,<environment.Job instance at 0x152a76217be0>,41,25,[12  2],54,74,99,20,74
1,<environment.Job instance at 0x152a76217d20>,42,1,[10  1],56,99,100,43,74
1,<environment.Job instance at 0x152a76217dc0>,43,3,[7 2],57,100,103,43,74
1,<environment.Job instance at 0x152a76217e10>,44,3,[1 8],58,75,78,17,75
1,<environment.Job instance at 0x152a76217fa0>,45,3,[2 8],60,78,81,18,75
1,<environment.Job instance at 0x152a76217cd0>,46,2,[2 8],61,81,83,20,75
1,<environment.Job instance at 0x152a76217f00>,47,1,[1 6],63,83,84,20,75
1,<environment.Job instance at 0x152a762190a0>,48,1,[2 9],65,84,85,19,75
1,<environment.Job instance at 0x152a76217960>,36,3,[10  2],48,103,106,55,81
1,<environment.Job instance at 0x152a76219230>,49,16,[8 2],66,106,122,40,94
1,<environment.Job instance at 0x152a76219190>,51,2,[8 2],69,100,102,31,94
1,<environment.Job instance at 0x152a762195a0>,52,2,[1 7],72,94,96,22,94
1,<environment.Job instance at 0x152a76219280>,53,3,[6 1],73,106,109,33,94
1,<environment.Job instance at 0x152a762192d0>,54,2,[2 5],75,96,98,21,96
1,<environment.Job instance at 0x152a76219af0>,55,16,[2 5],76,109,125,33,96
1,<environment.Job instance at 0x152a76219be0>,56,1,[10  2],79,122,123,43,96
1,<environment.Job instance at 0x152a76217640>,34,15,[11  1],44,314,329,270,314
1,<environment.Job instance at 0x152aa40bc5a0>,12,2,[ 2 10],17,17,19,0,17
1,<environment.Job instance at 0x152aa40bc140>,15,2,[6 2],23,23,25,0,23
1,<environment.Job instance at 0x152aa40bcd20>,16,3,[6 2],26,26,29,0,26
1,<environment.Job instance at 0x152aa40b8960>,17,1,[1 6],27,27,28,0,27
1,<environment.Job instance at 0x152aa40b89b0>,18,2,[2 5],28,28,30,0,28
1,<environment.Job instance at 0x152aa40b8050>,19,2,[ 1 10],29,29,31,0,29
1,<environment.Job instance at 0x152aa40b8500>,23,3,[ 2 10],34,34,37,0,34
1,<environment.Job instance at 0x152aa40b8550>,24,12,[2 8],35,37,49,2,35
1,<environment.Job instance at 0x152aa40b8910>,25,1,[10  1],37,37,38,0,37
1,<environment.Job instance at 0x152aa40b1c80>,31,2,[1 9],46,49,51,3,46
1,<environment.Job instance at 0x152aa40b1960>,32,1,[2 7],47,47,48,0,47
1,<environment.Job instance at 0x152aa40b15f0>,33,1,[2 5],48,48,49,0,48
1,<environment.Job instance at 0x152aa40b1870>,34,15,[7 1],49,49,64,0,49
1,<environment.Job instance at 0x152aa40b16e0>,35,2,[14  1],50,64,66,14,50
1,<environment.Job instance at 0x152aa40b15a0>,36,1,[5 1],51,51,52,0,51
1,<environment.Job instance at 0x152aa40b4fa0>,37,3,[2 8],52,52,55,0,52
1,<environment.Job instance at 0x152aa40b4f00>,38,12,[9 2],54,66,78,12,54
1,<environment.Job instance at 0x152aa40b4050>,39,15,[10  2],55,78,93,23,64
1,<environment.Job instance at 0x152aa40b46e0>,41,16,[8 1],57,93,109,36,80
1,<environment.Job instance at 0x152aa40b4d70>,46,1,[ 2 14],63,93,94,30,80
1,<environment.Job instance at 0x152aa40b44b0>,47,1,[8 2],64,109,110,45,81
1,<environment.Job instance at 0x152aa40b4280>,48,15,[5 1],65,94,109,29,81
1,<environment.Job instance at 0x152aa40ae870>,49,18,[1 8],66,94,112,28,83
1,<environment.Job instance at 0x152aa40ae460>,50,2,[ 1 10],70,83,85,13,83
1,<environment.Job instance at 0x152aa40ae820>,51,3,[11  2],71,110,113,39,84
1,<environment.Job instance at 0x152aa40ae4b0>,52,3,[ 2 10],72,85,88,13,84
1,<environment.Job instance at 0x152aa40ae960>,53,3,[2 5],73,88,91,15,84
1,<environment.Job instance at 0x152aa40aeaa0>,54,1,[8 1],74,113,114,39,85
1,<environment.Job instance at 0x152aa40aea50>,55,3,[5 2],76,113,116,37,87
1,<environment.Job instance at 0x152aa40aea00>,56,15,[9 2],77,114,129,37,100
1,<environment.Job instance at 0x152aa40ae280>,57,18,[2 6],78,116,134,38,105
1,<environment.Job instance at 0x152aa40caaf0>,58,1,[1 6],79,123,124,44,123
1,<environment.Job instance at 0x152aa40bc870>,9,1,[13  1],14,163,164,149,163
1,<environment.Job instance at 0x152a78923320>,5,2,[1 8],9,12,14,3,12
1,<environment.Job instance at 0x152a78923640>,6,3,[1 7],11,12,15,1,12
1,<environment.Job instance at 0x152a78923050>,7,13,[ 1 14],12,19,32,7,19
1,<environment.Job instance at 0x152a789239b0>,8,27,[1 8],13,52,79,39,52
1,<environment.Job instance at 0x152a78923d70>,9,3,[1 9],14,79,82,65,60
1,<environment.Job instance at 0x152a78923f00>,10,2,[7 2],15,61,63,46,61
1,<environment.Job instance at 0x152aa40bcfa0>,1,3,[12  1],4,63,66,59,61
1,<environment.Job instance at 0x152a78923780>,11,12,[6 1],16,66,78,50,61
1,<environment.Job instance at 0x152a78923500>,15,3,[ 2 10],26,82,85,56,61
1,<environment.Job instance at 0x152a789232d0>,16,2,[1 9],28,85,87,57,61
1,<environment.Job instance at 0x152a78923b40>,19,15,[2 7],33,87,102,54,75
1,<environment.Job instance at 0x152a789048c0>,24,2,[9 1],39,78,80,39,75
1,<environment.Job instance at 0x152a78904820>,25,3,[5 2],40,75,78,35,75
1,<environment.Job instance at 0x152a789042d0>,26,2,[ 1 10],41,102,104,61,76
1,<environment.Job instance at 0x152a789047d0>,27,13,[ 2 10],42,104,117,62,88
1,<environment.Job instance at 0x152a78904190>,29,1,[2 9],44,117,118,73,89
1,<environment.Job instance at 0x152a78904460>,30,15,[1 7],45,118,133,73,104
1,<environment.Job instance at 0x152a789070a0>,40,18,[8 1],58,104,122,46,104
1,<environment.Job instance at 0x152a78904500>,41,16,[1 6],59,118,134,59,106
1,<environment.Job instance at 0x152a78907410>,43,17,[7 1],62,122,139,60,112
1,<environment.Job instance at 0x152a78907190>,44,1,[2 6],63,133,134,70,115
1,<environment.Job instance at 0x152a789078c0>,47,1,[9 1],71,139,140,68,115
1,<environment.Job instance at 0x152a78907910>,48,12,[1 5],72,134,146,62,117
1,<environment.Job instance at 0x152a788f12d0>,51,2,[8 1],76,140,142,64,117
1,<environment.Job instance at 0x152a788f1a50>,52,1,[ 1 10],77,142,143,65,117
1,<environment.Job instance at 0x152a769bbdc0>,4,3,[7 2],8,248,251,240,248
1,<environment.Job instance at 0x152aa4bb8e10>,13,2,[ 2 12],26,27,29,1,27
1,<environment.Job instance at 0x152a76bf9460>,22,3,[ 1 13],36,45,48,9,45
1,<environment.Job instance at 0x152a76bf9140>,25,1,[2 8],41,48,49,7,46
1,<environment.Job instance at 0x152aa4bb8690>,18,2,[6 2],32,46,48,14,46
1,<environment.Job instance at 0x152a76bf9640>,24,21,[ 2 13],40,49,70,9,49
1,<environment.Job instance at 0x152a76bf9d20>,26,1,[7 1],42,49,50,7,49
1,<environment.Job instance at 0x152a76bf9fa0>,32,1,[1 8],49,70,71,21,49
1,<environment.Job instance at 0x152a7a44ccd0>,37,1,[1 6],57,70,71,13,57
1,<environment.Job instance at 0x152a78df54b0>,42,1,[2 5],64,71,72,7,64
1,<environment.Job instance at 0x152a78df56e0>,46,3,[ 2 10],71,71,74,0,71
1,<environment.Job instance at 0x152a78df5e60>,48,2,[2 5],74,78,80,4,78
1,<environment.Job instance at 0x152a78df5f50>,49,1,[ 2 10],75,78,79,3,78
1,<environment.Job instance at 0x152a78df5af0>,50,14,[8 1],76,83,97,7,83
1,<environment.Job instance at 0x152a78df5dc0>,47,14,[8 2],72,97,111,25,84
1,<environment.Job instance at 0x152a78df5280>,51,2,[ 1 10],77,85,87,8,85
1,<environment.Job instance at 0x152a76bf9870>,21,3,[ 2 10],35,114,117,79,114
1,<environment.Job instance at 0x152a75fbd550>,6,20,[8 2],12,13,33,1,13
1,<environment.Job instance at 0x152a75fbd820>,13,16,[7 2],24,24,40,0,24
1,<environment.Job instance at 0x152a75fbdbe0>,16,1,[1 8],28,33,34,5,31
1,<environment.Job instance at 0x152a759018c0>,25,3,[2 7],43,44,47,1,44
1,<environment.Job instance at 0x152a759516e0>,27,2,[8 1],48,48,50,0,48
1,<environment.Job instance at 0x152a759518c0>,26,15,[ 1 11],47,50,65,3,50
1,<environment.Job instance at 0x152a75951320>,29,2,[1 6],52,65,67,13,52
1,<environment.Job instance at 0x152a75951eb0>,30,1,[1 9],53,65,66,12,53
1,<environment.Job instance at 0x152a75951a00>,31,3,[1 8],54,66,69,12,54
1,<environment.Job instance at 0x152a75951370>,32,1,[9 2],55,55,56,0,55
1,<environment.Job instance at 0x152a759515a0>,33,18,[ 1 10],56,69,87,13,58
1,<environment.Job instance at 0x152a75ff59b0>,37,3,[9 1],62,62,65,0,62
1,<environment.Job instance at 0x152a75ff5e60>,38,16,[9 1],63,66,82,3,63
1,<environment.Job instance at 0x152a75ff5730>,39,1,[6 2],65,82,83,17,65
1,<environment.Job instance at 0x152a75ff56e0>,40,3,[2 7],66,87,90,21,66
1,<environment.Job instance at 0x152a75ff5460>,41,14,[7 2],67,82,96,15,67
1,<environment.Job instance at 0x152a75ff5fa0>,42,2,[ 1 10],69,90,92,21,69
1,<environment.Job instance at 0x152a75ff5e10>,43,3,[10  2],70,96,99,26,70
1,<environment.Job instance at 0x152a75ff5280>,44,2,[2 9],71,92,94,21,71
1,<environment.Job instance at 0x152a75ff5640>,45,3,[9 1],74,99,102,25,74
1,<environment.Job instance at 0x152a75901870>,23,2,[ 2 12],40,94,96,54,87
1,<environment.Job instance at 0x152a75ff55f0>,46,18,[6 2],76,99,117,23,88
1,<environment.Job instance at 0x152a76be3280>,15,26,[9 1],24,24,50,0,24
1,<environment.Job instance at 0x152a7a0f3550>,20,3,[8 1],29,50,53,21,29
1,<environment.Job instance at 0x152a7a0f36e0>,21,3,[8 1],33,53,56,20,33
1,<environment.Job instance at 0x152a7585f0f0>,25,16,[2 8],39,50,66,11,50
1,<environment.Job instance at 0x152a7585fe10>,29,2,[8 1],46,56,58,10,50
1,<environment.Job instance at 0x152a7585f1e0>,31,1,[5 1],49,50,51,1,50
1,<environment.Job instance at 0x152aa6ccb960>,32,3,[1 5],50,51,54,1,50
1,<environment.Job instance at 0x152aa6ccb190>,34,3,[2 8],52,66,69,14,52
1,<environment.Job instance at 0x152aa6ccb0f0>,36,16,[2 6],56,56,72,0,56
1,<environment.Job instance at 0x152aa6ccb3c0>,38,2,[8 2],58,69,71,11,58
1,<environment.Job instance at 0x152a7a04a0f0>,40,3,[10  1],61,61,64,0,61
1,<environment.Job instance at 0x152a7a04abe0>,41,2,[1 7],62,69,71,7,62
1,<environment.Job instance at 0x152a7a04ac30>,42,15,[1 5],63,71,86,8,63
1,<environment.Job instance at 0x152a7a04a7d0>,43,3,[1 9],64,72,75,8,64
1,<environment.Job instance at 0x152a7a04a870>,47,1,[2 8],70,75,76,5,70
1,<environment.Job instance at 0x152a7a04a8c0>,48,1,[8 2],71,71,72,0,71
1,<environment.Job instance at 0x152a75964f00>,49,14,[14  1],72,76,90,4,72
1,<environment.Job instance at 0x152a758c45f0>,52,3,[10  2],77,90,93,13,77
1,<environment.Job instance at 0x152a758205a0>,0,2,[1 7],1,1,3,0,1
1,<environment.Job instance at 0x152a75820a50>,1,1,[1 5],2,2,3,0,2
1,<environment.Job instance at 0x152a76206320>,2,18,[8 2],3,3,21,0,3
1,<environment.Job instance at 0x152a789de410>,10,2,[1 8],11,20,22,9,20
1,<environment.Job instance at 0x152a789dee60>,19,2,[10  1],24,27,29,3,27
1,<environment.Job instance at 0x152a789de5f0>,11,3,[2 8],12,28,31,16,28
1,<environment.Job instance at 0x152aa4039780>,22,1,[2 5],28,29,30,1,29
1,<environment.Job instance at 0x152aa4020d20>,31,2,[5 2],40,40,42,0,40
1,<environment.Job instance at 0x152aa4020d70>,32,15,[1 8],42,42,57,0,42
1,<environment.Job instance at 0x152aa4020c30>,33,3,[1 7],43,43,46,0,43
1,<environment.Job instance at 0x152a75bea7d0>,36,17,[9 2],48,50,67,2,50
1,<environment.Job instance at 0x152a75beac80>,37,1,[6 2],49,57,58,8,50
1,<environment.Job instance at 0x152a75beaa50>,38,2,[1 5],50,50,52,0,50
1,<environment.Job instance at 0x152a75bea0a0>,39,1,[1 7],51,58,59,7,51
1,<environment.Job instance at 0x152a75beac30>,40,3,[2 7],52,59,62,7,53
1,<environment.Job instance at 0x152a75bea3c0>,41,2,[1 5],53,53,55,0,53
1,<environment.Job instance at 0x152a75bea230>,42,1,[1 9],55,62,63,7,55
1,<environment.Job instance at 0x152a75bea690>,43,1,[2 5],56,56,57,0,56
1,<environment.Job instance at 0x152a75bea370>,45,1,[2 6],58,58,59,0,58
1,<environment.Job instance at 0x152aa4d1dcd0>,46,1,[2 8],60,64,65,4,64
1,<environment.Job instance at 0x152aa4090f50>,47,1,[2 6],61,65,66,4,64
1,<environment.Job instance at 0x152aa4090370>,48,3,[1 7],63,65,68,2,65
1,<environment.Job instance at 0x152aa40908c0>,49,17,[2 7],64,82,99,18,82
1,<environment.Job instance at 0x152aa4090a50>,50,14,[1 6],65,84,98,19,84
1,<environment.Job instance at 0x152aa4090b90>,51,17,[9 1],66,85,102,19,85
1,<environment.Job instance at 0x152aa4090050>,52,3,[5 1],67,99,102,32,86
1,<environment.Job instance at 0x152aa4090d70>,53,1,[10  1],68,102,103,34,87
1,<environment.Job instance at 0x152aa4090690>,54,1,[1 8],69,99,100,30,87
1,<environment.Job instance at 0x152aa40909b0>,55,12,[9 2],70,103,115,33,87
1,<environment.Job instance at 0x152a78a6e8c0>,56,2,[2 6],71,102,104,31,87
1,<environment.Job instance at 0x152acc06c4b0>,57,3,[9 2],72,115,118,43,89
1,<environment.Job instance at 0x152a7625b820>,58,2,[10  2],73,118,120,45,91
1,<environment.Job instance at 0x152aa4090230>,59,16,[10  2],74,120,136,46,107
1,<environment.Job instance at 0x152aa40907d0>,60,16,[ 2 10],75,107,123,32,107
1,<environment.Job instance at 0x152aa4bc0910>,61,2,[1 6],77,123,125,46,107
1,<environment.Job instance at 0x152a7a34dbe0>,62,15,[2 6],79,123,138,44,110
1,<environment.Job instance at 0x152aa4020050>,30,3,[10  2],39,164,167,125,164
1,<environment.Job instance at 0x152a75bead20>,35,13,[12  2],47,561,574,514,561
1,<environment.Job instance at 0x152a79f56a00>,10,2,[10  2],12,12,14,0,12
1,<environment.Job instance at 0x152a79f56fa0>,8,25,[12  1],9,14,39,5,12
1,<environment.Job instance at 0x152a79fc3870>,22,18,[2 6],34,34,52,0,34
1,<environment.Job instance at 0x152aa4da2370>,26,3,[5 2],40,40,43,0,40
1,<environment.Job instance at 0x152aa4da2820>,27,12,[1 5],41,42,54,1,42
1,<environment.Job instance at 0x152aa4da2320>,29,3,[8 1],43,43,46,0,43
1,<environment.Job instance at 0x152aa75f2820>,37,26,[2 8],58,61,87,3,61
1,<environment.Job instance at 0x152aa75f2460>,38,2,[ 1 10],60,87,89,27,67
1,<environment.Job instance at 0x152aa75f2e10>,42,3,[1 9],68,89,92,21,70
1,<environment.Job instance at 0x152aa75f2be0>,43,16,[2 7],71,92,108,21,79
1,<environment.Job instance at 0x152aa4130a50>,47,1,[2 8],79,92,93,13,81
1,<environment.Job instance at 0x152aa75f2cd0>,41,2,[1 6],67,109,111,42,109
1,<environment.Job instance at 0x152a757d51e0>,7,2,[6 1],9,15,17,6,15
1,<environment.Job instance at 0x152a757d5820>,12,3,[9 2],15,15,18,0,15
1,<environment.Job instance at 0x152aa4d6e1e0>,17,2,[1 8],27,27,29,0,27
1,<environment.Job instance at 0x152aa4d6ec30>,18,1,[10  2],28,28,29,0,28
1,<environment.Job instance at 0x152aa4d6eaf0>,15,1,[5 1],23,29,30,6,28
1,<environment.Job instance at 0x152aa4d6e690>,22,1,[ 1 12],36,36,37,0,36
1,<environment.Job instance at 0x152aa4d6e780>,16,13,[10  1],25,38,51,13,38
1,<environment.Job instance at 0x152aa4d6e910>,25,3,[1 9],41,41,44,0,41
1,<environment.Job instance at 0x152a7a3f3af0>,28,12,[7 1],46,51,63,5,46
1,<environment.Job instance at 0x152a7a3f3f50>,29,13,[13  2],47,63,76,16,47
1,<environment.Job instance at 0x152a7a3f3d70>,27,2,[7 2],45,51,53,6,47
1,<environment.Job instance at 0x152a7a3f3be0>,33,3,[2 5],54,54,57,0,54
1,<environment.Job instance at 0x152a7a3f36e0>,31,2,[7 1],51,76,78,25,69
1,<environment.Job instance at 0x152a7a3f3820>,35,28,[5 1],56,76,104,20,75
1,<environment.Job instance at 0x152a7a3f37d0>,38,15,[6 1],59,78,93,19,75
1,<environment.Job instance at 0x152a7585fbe0>,42,1,[7 1],64,93,94,29,80
1,<environment.Job instance at 0x152a7585f9b0>,40,1,[6 2],61,94,95,33,80
1,<environment.Job instance at 0x152a75e28e60>,44,3,[ 1 10],66,80,83,14,80
1,<environment.Job instance at 0x152a76957870>,45,3,[1 5],67,83,86,16,80
1,<environment.Job instance at 0x152a76957f50>,48,2,[2 8],70,83,85,13,82
1,<environment.Job instance at 0x152a76957f00>,49,2,[5 1],71,95,97,24,82
1,<environment.Job instance at 0x152a76957320>,50,1,[6 2],76,97,98,21,83
1,<environment.Job instance at 0x152a769578c0>,52,3,[7 1],78,98,101,20,83
1,<environment.Job instance at 0x152a76957140>,53,3,[7 2],79,101,104,22,83
1,<environment.Job instance at 0x152a76957aa0>,51,1,[1 9],77,86,87,9,86
1,<environment.Job instance at 0x152aa4d6eaa0>,20,15,[2 7],30,95,110,65,95
1,<environment.Job instance at 0x152a757d5870>,11,17,[1 9],14,371,388,357,371
1,<environment.Job instance at 0x152a78e6df00>,4,25,[8 1],9,9,34,0,9
1,<environment.Job instance at 0x152a78e6daa0>,15,3,[9 2],23,34,37,11,24
1,<environment.Job instance at 0x152a78e6de10>,16,13,[1 9],24,24,37,0,24
1,<environment.Job instance at 0x152a78e985f0>,20,19,[2 5],30,37,56,7,30
1,<environment.Job instance at 0x152a78e986e0>,21,17,[2 9],31,37,54,6,31
1,<environment.Job instance at 0x152a78e6d910>,13,3,[1 5],20,54,57,34,46
1,<environment.Job instance at 0x152aa425e050>,25,1,[6 1],36,46,47,10,46
1,<environment.Job instance at 0x152aa425ec30>,30,1,[1 7],42,56,57,14,46
1,<environment.Job instance at 0x152aa425eb40>,32,2,[2 7],44,57,59,13,46
1,<environment.Job instance at 0x152aa425eaa0>,33,16,[ 2 10],45,59,75,14,46
1,<environment.Job instance at 0x152aa425e500>,34,3,[7 1],46,47,50,1,46
1,<environment.Job instance at 0x152aa4c6e230>,35,14,[8 2],47,54,68,7,47
1,<environment.Job instance at 0x152aa4c6e320>,37,2,[7 2],50,68,70,18,50
1,<environment.Job instance at 0x152aa4c6e550>,38,3,[5 2],52,57,60,5,52
1,<environment.Job instance at 0x152aa4c6e050>,39,13,[2 8],53,75,88,22,59
1,<environment.Job instance at 0x152aa4c6eaf0>,40,1,[8 1],54,70,71,16,59
1,<environment.Job instance at 0x152aa4c6e6e0>,41,1,[1 5],56,71,72,15,59
1,<environment.Job instance at 0x152aa4c6e9b0>,42,1,[10  1],58,72,73,14,59
1,<environment.Job instance at 0x152aa4c6e190>,43,1,[5 2],59,60,61,1,59
1,<environment.Job instance at 0x152a78df55a0>,45,25,[9 1],61,73,98,12,69
1,<environment.Job instance at 0x152a78df5820>,47,21,[ 2 10],64,88,109,24,80
1,<environment.Job instance at 0x152a78df51e0>,48,21,[2 5],65,98,119,33,90
1,<environment.Job instance at 0x152a78df5cd0>,50,3,[2 7],68,109,112,41,90
1,<environment.Job instance at 0x152a78df5640>,51,15,[7 2],69,109,124,40,95
1,<environment.Job instance at 0x152a78df5190>,52,15,[6 1],70,112,127,42,98
1,<environment.Job instance at 0x152a78df5460>,53,2,[2 9],71,119,121,48,98
1,<environment.Job instance at 0x152a78df5dc0>,54,2,[1 5],72,121,123,49,98
1,<environment.Job instance at 0x152a78df5c30>,55,16,[1 8],73,123,139,50,110
1,<environment.Job instance at 0x152a78df5410>,57,1,[9 1],76,127,128,51,110
1,<environment.Job instance at 0x152a759795a0>,6,1,[2 6],10,10,11,0,10
1,<environment.Job instance at 0x152a75979820>,9,13,[6 1],14,18,31,4,18
1,<environment.Job instance at 0x152a78f5e870>,19,13,[2 8],26,26,39,0,26
1,<environment.Job instance at 0x152a78f5efa0>,20,16,[6 1],27,27,43,0,27
1,<environment.Job instance at 0x152a78f5ecd0>,21,1,[8 2],28,39,40,11,29
1,<environment.Job instance at 0x152a78f5e730>,23,1,[7 1],30,31,32,1,30
1,<environment.Job instance at 0x152a78f5e550>,24,1,[1 8],31,39,40,8,31
1,<environment.Job instance at 0x152a78f5eeb0>,25,2,[6 2],32,33,35,1,33
1,<environment.Job instance at 0x152a78f5eb90>,17,17,[7 1],24,40,57,16,34
1,<environment.Job instance at 0x152a78f5e320>,26,13,[2 9],33,40,53,7,34
1,<environment.Job instance at 0x152a759697d0>,28,3,[8 2],36,53,56,17,36
1,<environment.Job instance at 0x152a75969190>,29,2,[ 1 10],38,56,58,18,38
1,<environment.Job instance at 0x152a75969460>,30,13,[10  1],39,57,70,18,41
1,<environment.Job instance at 0x152a75969820>,31,1,[5 1],40,43,44,3,41
1,<environment.Job instance at 0x152a75969370>,32,14,[2 9],41,58,72,17,43
1,<environment.Job instance at 0x152a75969690>,33,2,[7 2],42,70,72,28,43
1,<environment.Job instance at 0x152a75969280>,34,3,[10  1],43,72,75,29,46
1,<environment.Job instance at 0x152a75969cd0>,35,3,[6 1],44,48,51,4,48
1,<environment.Job instance at 0x152a75969320>,36,1,[13  1],45,75,76,30,48
1,<environment.Job instance at 0x152a75969a50>,37,3,[2 7],46,72,75,26,48
1,<environment.Job instance at 0x152a75969550>,38,1,[5 1],47,51,52,4,48
1,<environment.Job instance at 0x152a78f5ee60>,27,1,[6 2],35,70,71,35,57
1,<environment.Job instance at 0x152a75969eb0>,39,17,[1 8],48,75,92,27,64
1,<environment.Job instance at 0x152a75997a00>,42,3,[2 8],51,92,95,41,66
1,<environment.Job instance at 0x152a75997d20>,43,2,[2 5],52,66,68,14,66
1,<environment.Job instance at 0x152a75997c80>,44,13,[7 2],54,76,89,22,73
1,<environment.Job instance at 0x152a759977d0>,47,3,[10  2],57,89,92,32,77
1,<environment.Job instance at 0x152a75997320>,49,17,[1 7],60,92,109,32,80
1,<environment.Job instance at 0x152a75997b90>,50,3,[7 2],61,80,83,19,80
1,<environment.Job instance at 0x152a75997820>,51,2,[2 9],62,109,111,47,82
1,<environment.Job instance at 0x152a75997f50>,52,2,[2 7],63,95,97,32,82
1,<environment.Job instance at 0x152a75997a50>,53,18,[6 1],65,95,113,30,84
1,<environment.Job instance at 0x152a75997500>,54,15,[2 9],66,111,126,45,98
1,<environment.Job instance at 0x152a75a54c80>,55,2,[10  1],67,113,115,46,98
1,<environment.Job instance at 0x152a75997050>,48,3,[2 5],59,105,108,46,105
1,<environment.Job instance at 0x152aa40ee230>,56,22,[2 6],69,115,137,46,108
1,<environment.Job instance at 0x152a75a54f50>,58,16,[6 2],71,126,142,55,115
1,<environment.Job instance at 0x152aa4c5dbe0>,59,1,[6 1],72,126,127,54,116
1,<environment.Job instance at 0x152aa4c5dd70>,60,2,[9 1],74,137,139,63,117
1,<environment.Job instance at 0x152aa4118d70>,61,19,[1 5],76,139,158,63,129
1,<environment.Job instance at 0x152a78fec820>,62,1,[8 1],77,139,140,62,129
1,<environment.Job instance at 0x152a78f89c30>,63,1,[5 1],79,129,130,50,129
1,<environment.Job instance at 0x152a78f5e140>,22,1,[5 2],29,149,150,120,149
1,<environment.Job instance at 0x152a75a54140>,57,1,[ 1 14],70,158,159,88,154
1,<environment.Job instance at 0x152a78f5ef50>,15,17,[12  1],20,404,421,384,404
1,<environment.Job instance at 0x152a78e6d1e0>,0,3,[ 2 14],2,2,5,0,2
1,<environment.Job instance at 0x152aa6cdaf50>,17,2,[10  2],27,28,30,1,28
1,<environment.Job instance at 0x152aa6cda5a0>,12,15,[14  1],21,35,50,14,35
1,<environment.Job instance at 0x152a77451aa0>,25,3,[10  1],41,50,53,9,41
1,<environment.Job instance at 0x152a77451320>,26,2,[ 2 10],42,50,52,8,42
1,<environment.Job instance at 0x152a77451f00>,27,3,[9 2],43,53,56,10,43
1,<environment.Job instance at 0x152a77451a00>,28,1,[1 9],44,44,45,0,44
1,<environment.Job instance at 0x152a77451af0>,29,1,[8 2],47,56,57,9,47
1,<environment.Job instance at 0x152a77451960>,22,25,[6 1],35,53,78,18,49
1,<environment.Job instance at 0x152a78f2ad70>,30,22,[2 5],49,57,79,8,50
1,<environment.Job instance at 0x152a78f2a0a0>,33,26,[ 2 13],53,79,105,26,76
1,<environment.Job instance at 0x152a78f2a370>,34,13,[7 2],54,76,89,22,76
1,<environment.Job instance at 0x152a78f2a870>,37,15,[2 5],59,105,120,46,91
1,<environment.Job instance at 0x152a78f2a2d0>,38,14,[7 1],60,92,106,32,92
1,<environment.Job instance at 0x152a78f2a9b0>,39,2,[7 1],61,106,108,45,92
1,<environment.Job instance at 0x152a78f2a4b0>,40,1,[8 1],62,108,109,46,93
1,<environment.Job instance at 0x152a78f2abe0>,41,2,[10  2],63,109,111,46,93
1,<environment.Job instance at 0x152a78f2a780>,42,14,[9 1],64,111,125,47,96
1,<environment.Job instance at 0x152a78f2af00>,43,3,[9 2],65,125,128,60,99
1,<environment.Job instance at 0x152a78f2a8c0>,44,1,[6 2],67,105,106,38,100
1,<environment.Job instance at 0x152a78f2a820>,45,2,[ 1 10],68,120,122,52,100
1,<environment.Job instance at 0x152a78f2a5f0>,46,2,[2 7],69,106,108,37,100
1,<environment.Job instance at 0x152a78f2a640>,47,3,[9 2],71,128,131,57,102
1,<environment.Job instance at 0x152a78f2a690>,48,3,[10  1],72,131,134,59,105
1,<environment.Job instance at 0x152a768b69b0>,49,17,[1 8],78,122,139,44,110
1,<environment.Job instance at 0x152a78f2ab90>,36,2,[12  1],57,149,151,92,149
1,<environment.Job instance at 0x152a774517d0>,24,1,[10  1],38,151,152,113,149
1,<environment.Job instance at 0x152aa6cda050>,6,2,[2 9],11,12,14,1,12
1,<environment.Job instance at 0x152a76157370>,10,1,[8 2],15,15,16,0,15
1,<environment.Job instance at 0x152a7a4e9f50>,12,3,[ 2 14],17,17,20,0,17
1,<environment.Job instance at 0x152a7a4e9910>,13,1,[5 1],18,18,19,0,18
1,<environment.Job instance at 0x152a7a4e9190>,11,2,[ 1 10],16,20,22,4,18
1,<environment.Job instance at 0x152a7a4e90a0>,16,1,[7 2],22,22,23,0,22
1,<environment.Job instance at 0x152a7a4e9a00>,17,12,[6 2],23,23,35,0,23
1,<environment.Job instance at 0x152a7a4e95a0>,18,3,[1 7],24,24,27,0,24
1,<environment.Job instance at 0x152a7a4e9460>,19,2,[6 2],26,26,28,0,26
1,<environment.Job instance at 0x152aa6cda8c0>,9,28,[5 2],14,29,57,15,29
1,<environment.Job instance at 0x152acd138f50>,20,3,[9 1],27,35,38,8,34
1,<environment.Job instance at 0x152a75f6d960>,22,14,[ 2 10],29,38,52,9,34
1,<environment.Job instance at 0x152a75f6d410>,23,14,[9 2],30,52,66,22,37
1,<environment.Job instance at 0x152a7585f870>,24,1,[1 9],31,37,38,6,37
1,<environment.Job instance at 0x152a7585f960>,25,16,[1 8],32,52,68,20,39
1,<environment.Job instance at 0x152a7585f190>,27,3,[5 2],34,39,42,5,39
1,<environment.Job instance at 0x152a7585f690>,28,16,[7 1],35,66,82,31,54
1,<environment.Job instance at 0x152a7a4e9dc0>,15,1,[8 1],20,68,69,48,60
1,<environment.Job instance at 0x152a79fc6190>,34,23,[2 6],44,69,92,25,63
1,<environment.Job instance at 0x152a79fc6550>,38,1,[8 2],49,82,83,33,63
1,<environment.Job instance at 0x152a79fc6c80>,39,2,[7 2],51,66,68,15,63
1,<environment.Job instance at 0x152a79fc6410>,40,3,[6 1],53,69,72,16,63
1,<environment.Job instance at 0x152aa423bdc0>,41,2,[10  1],54,83,85,29,63
1,<environment.Job instance at 0x152aa423b4b0>,42,1,[9 1],55,85,86,30,63
1,<environment.Job instance at 0x152aa423bfa0>,43,3,[5 1],56,63,66,7,63
1,<environment.Job instance at 0x152aa423b5f0>,44,3,[1 6],57,72,75,15,63
1,<environment.Job instance at 0x152aa423ba50>,45,3,[12  1],59,86,89,27,66
1,<environment.Job instance at 0x152a79fc6dc0>,37,1,[5 2],48,72,73,24,69
1,<environment.Job instance at 0x152a76077190>,48,3,[9 1],66,89,92,23,71
1,<environment.Job instance at 0x152a75a25140>,3,2,[ 1 11],7,92,94,85,76
1,<environment.Job instance at 0x152aa423bd20>,46,20,[8 1],60,92,112,32,83
1,<environment.Job instance at 0x152aa75f05a0>,52,2,[9 2],73,112,114,39,85
1,<environment.Job instance at 0x152aa75f0e10>,53,1,[ 2 10],77,94,95,17,85
1,<environment.Job instance at 0x152a75657690>,54,3,[11  1],79,114,117,35,88
1,<environment.Job instance at 0x152a75657870>,51,1,[2 6],70,96,97,26,96
1,<environment.Job instance at 0x152a760772d0>,49,13,[2 5],68,159,172,91,159
1,<environment.Job instance at 0x152aa6cdabe0>,7,2,[8 2],12,246,248,234,246
1,<environment.Job instance at 0x152a7609a910>,17,2,[1 6],27,27,29,0,27
1,<environment.Job instance at 0x152a7609a2d0>,16,1,[ 2 10],26,29,30,3,27
1,<environment.Job instance at 0x152a7a0ee050>,18,2,[8 1],28,29,31,1,29
1,<environment.Job instance at 0x152a76985d70>,19,1,[2 7],30,31,32,1,31
1,<environment.Job instance at 0x152a76985690>,20,2,[1 8],31,31,33,0,31
1,<environment.Job instance at 0x152a7609a690>,13,21,[5 1],22,37,58,15,37
1,<environment.Job instance at 0x152a769855f0>,24,22,[ 2 10],37,37,59,0,37
1,<environment.Job instance at 0x152a76985140>,23,2,[2 7],36,59,61,23,39
1,<environment.Job instance at 0x152a76bef960>,27,3,[2 8],40,59,62,19,41
1,<environment.Job instance at 0x152a76bef870>,28,2,[6 2],41,41,43,0,41
1,<environment.Job instance at 0x152a75773050>,29,1,[7 1],44,44,45,0,44
1,<environment.Job instance at 0x152a75773280>,30,2,[5 2],45,45,47,0,45
1,<environment.Job instance at 0x152a75773f00>,31,15,[1 9],46,62,77,16,48
1,<environment.Job instance at 0x152a75773190>,32,3,[6 1],47,48,51,1,48
1,<environment.Job instance at 0x152a757734b0>,33,2,[ 1 10],48,77,79,29,50
1,<environment.Job instance at 0x152a75773730>,34,1,[7 1],49,51,52,2,50
1,<environment.Job instance at 0x152a75773c80>,35,1,[2 6],52,61,62,9,52
1,<environment.Job instance at 0x152a757732d0>,36,2,[10  2],53,62,64,9,53
1,<environment.Job instance at 0x152a757733c0>,37,1,[5 1],54,54,55,0,54
1,<environment.Job instance at 0x152a76be7be0>,38,2,[8 2],55,56,58,1,56
1,<environment.Job instance at 0x152a76be7500>,39,1,[6 1],56,58,59,2,56
1,<environment.Job instance at 0x152a76be7410>,40,3,[8 1],58,64,67,6,58
1,<environment.Job instance at 0x152a76985f00>,26,2,[1 7],39,79,81,40,62
1,<environment.Job instance at 0x152a76be77d0>,41,15,[6 1],62,64,79,2,62
1,<environment.Job instance at 0x152a76be7230>,45,2,[7 1],68,68,70,0,68
1,<environment.Job instance at 0x152a796e0730>,46,21,[6 1],70,70,91,0,70
1,<environment.Job instance at 0x152a796e0410>,47,3,[ 2 13],72,81,84,9,72
1,<environment.Job instance at 0x152aa4058640>,48,14,[2 6],73,84,98,11,73
1,<environment.Job instance at 0x152a75f91d20>,49,1,[ 2 10],74,98,99,24,74
1,<environment.Job instance at 0x152a75f91690>,50,2,[2 8],75,84,86,9,75
1,<environment.Job instance at 0x152aa4ba6460>,51,1,[1 7],78,79,80,1,78
1,<environment.Job instance at 0x152a76be76e0>,44,3,[2 6],67,145,148,78,145
1,<environment.Job instance at 0x152a7a413640>,10,2,[ 1 12],19,148,150,129,147
1,<environment.Job instance at 0x152a760e2c80>,4,1,[ 2 10],5,6,7,1,6
1,<environment.Job instance at 0x152a76be7f50>,2,27,[1 9],3,10,37,7,10
1,<environment.Job instance at 0x152a7593f0a0>,10,13,[8 2],16,16,29,0,16
1,<environment.Job instance at 0x152a7593f500>,11,1,[7 1],17,29,30,12,17
1,<environment.Job instance at 0x152a7593f5a0>,12,1,[2 6],19,30,31,11,19
1,<environment.Job instance at 0x152a7593f960>,13,3,[1 5],20,31,34,11,20
1,<environment.Job instance at 0x152a78a2ec80>,20,21,[9 1],31,31,52,0,31
1,<environment.Job instance at 0x152a78a2edc0>,22,15,[10  2],33,52,67,19,38
1,<environment.Job instance at 0x152a78a2eaa0>,24,2,[ 2 10],36,38,40,2,38
1,<environment.Job instance at 0x152a78a2e5a0>,26,1,[1 9],39,40,41,1,39
1,<environment.Job instance at 0x152a78a2ef50>,27,1,[2 7],40,41,42,1,40
1,<environment.Job instance at 0x152a78a2e4b0>,30,2,[ 2 10],45,45,47,0,45
1,<environment.Job instance at 0x152a796e2320>,31,3,[9 1],46,67,70,21,47
1,<environment.Job instance at 0x152a796e2280>,32,12,[9 1],47,70,82,23,53
1,<environment.Job instance at 0x152a796e20a0>,33,20,[ 2 11],48,53,73,5,53
1,<environment.Job instance at 0x152a796e2b90>,34,16,[9 2],50,82,98,32,69
1,<environment.Job instance at 0x152a7593fb40>,5,12,[2 8],8,73,85,65,69
1,<environment.Job instance at 0x152a78f16960>,38,1,[2 8],55,85,86,30,69
1,<environment.Job instance at 0x152a78f169b0>,40,1,[8 1],58,98,99,40,70
1,<environment.Job instance at 0x152a78f16a00>,41,1,[1 8],60,86,87,26,70
1,<environment.Job instance at 0x152a78f162d0>,42,1,[2 9],61,87,88,26,70
1,<environment.Job instance at 0x152a78f160a0>,43,3,[1 9],62,88,91,26,70
1,<environment.Job instance at 0x152a78f16eb0>,45,1,[7 2],65,98,99,33,70
1,<environment.Job instance at 0x152a78f16410>,46,1,[10  1],66,99,100,33,71
1,<environment.Job instance at 0x152a78f16280>,47,3,[2 5],68,73,76,5,73
1,<environment.Job instance at 0x152a757a9730>,50,3,[2 9],71,91,94,20,73
1,<environment.Job instance at 0x152a757a9a00>,51,1,[1 6],72,76,77,4,75
1,<environment.Job instance at 0x152a757a9910>,52,1,[10  1],73,100,101,27,76
1,<environment.Job instance at 0x152a7a0bcdc0>,53,17,[5 1],74,99,116,25,87
1,<environment.Job instance at 0x152a7a0bccd0>,56,2,[1 8],77,94,96,17,87
1,<environment.Job instance at 0x152a78f16730>,39,1,[5 1],56,97,98,41,97
1,<environment.Job instance at 0x152a7a0bc050>,57,26,[8 1],78,103,129,25,103
1,<environment.Job instance at 0x152a7a377960>,0,27,[6 1],1,1,28,0,1
1,<environment.Job instance at 0x152a7593f4b0>,1,21,[9 2],2,2,23,0,2
1,<environment.Job instance at 0x152a78f02eb0>,6,3,[7 2],8,31,34,23,31
1,<environment.Job instance at 0x152a7a0a3820>,11,28,[14  1],18,34,62,16,33
1,<environment.Job instance at 0x152a78912730>,20,2,[1 8],29,33,35,4,33
1,<environment.Job instance at 0x152a78912140>,21,2,[1 5],30,35,37,5,33
1,<environment.Job instance at 0x152a789120f0>,22,1,[1 5],31,33,34,2,33
1,<environment.Job instance at 0x152a78912f00>,23,2,[9 1],32,62,64,30,35
1,<environment.Job instance at 0x152a78912c30>,24,3,[9 2],33,64,67,31,38
1,<environment.Job instance at 0x152a75e2d230>,25,17,[5 2],34,62,79,28,50
1,<environment.Job instance at 0x152a7a113b90>,28,1,[2 7],38,67,68,29,50
1,<environment.Job instance at 0x152a7a113550>,29,2,[2 6],39,67,69,28,50
1,<environment.Job instance at 0x152a7a113f50>,30,17,[5 2],40,68,85,28,56
1,<environment.Job instance at 0x152a7a113d20>,34,14,[1 9],46,69,83,23,56
1,<environment.Job instance at 0x152a7a113dc0>,35,1,[2 8],47,83,84,36,56
1,<environment.Job instance at 0x152a7a1136e0>,36,18,[10  2],48,84,102,36,75
1,<environment.Job instance at 0x152a7a1130a0>,37,12,[2 9],49,85,97,36,75
1,<environment.Job instance at 0x152a78912be0>,18,2,[11  2],26,102,104,76,80
1,<environment.Job instance at 0x152a7a1132d0>,38,15,[2 5],50,97,112,47,83
1,<environment.Job instance at 0x152a7a113460>,40,2,[1 8],53,97,99,44,85
1,<environment.Job instance at 0x152a7a113730>,41,17,[7 1],54,104,121,50,92
1,<environment.Job instance at 0x152aa4118550>,42,16,[8 2],55,112,128,57,99
1,<environment.Job instance at 0x152aa40dfaa0>,43,3,[1 5],58,99,102,41,99
1,<environment.Job instance at 0x152aa40dfcd0>,44,1,[10  1],59,128,129,69,100
1,<environment.Job instance at 0x152aa40df0a0>,45,1,[10  2],60,129,130,69,102
1,<environment.Job instance at 0x152aa40df140>,46,16,[7 1],61,130,146,69,119
1,<environment.Job instance at 0x152aa40df7d0>,47,1,[1 6],62,121,122,59,119
1,<environment.Job instance at 0x152aa40df5a0>,48,14,[1 8],63,122,136,59,119
1,<environment.Job instance at 0x152aa40dfc80>,49,2,[5 1],64,121,123,57,119
1,<environment.Job instance at 0x152aa40dfb90>,50,2,[7 2],65,130,132,65,119
1,<environment.Job instance at 0x152aa40df460>,51,1,[1 6],66,121,122,55,119
1,<environment.Job instance at 0x152aa40dfaf0>,52,3,[2 6],67,132,135,65,119
1,<environment.Job instance at 0x152aa40df8c0>,53,3,[1 9],68,136,139,68,119
1,<environment.Job instance at 0x152aa40df690>,54,3,[6 1],69,123,126,54,119
1,<environment.Job instance at 0x152aa40dff50>,55,15,[6 1],75,135,150,60,121
1,<environment.Job instance at 0x152aa40dfa50>,56,2,[7 1],76,146,148,70,122
1,<environment.Job instance at 0x152aa40df870>,57,17,[8 1],77,148,165,71,136
1,<environment.Job instance at 0x152aa40df5f0>,59,2,[2 5],79,139,141,60,137
1,<environment.Job instance at 0x152aa40df500>,58,1,[ 2 13],78,150,151,72,148
1,<environment.Job instance at 0x152a7a113cd0>,33,2,[12  1],45,254,256,209,254
1,<environment.Job instance at 0x152a79f2f460>,13,1,[2 8],23,46,47,23,46
1,<environment.Job instance at 0x152a75a2d230>,30,2,[ 2 13],49,53,55,4,53
1,<environment.Job instance at 0x152a75a2d7d0>,34,1,[1 9],55,55,56,0,55
1,<environment.Job instance at 0x152a75a2dc80>,35,3,[6 2],56,56,59,0,56
1,<environment.Job instance at 0x152a75a2dd70>,36,16,[ 1 11],57,57,73,0,57
1,<environment.Job instance at 0x152a75a540f0>,37,1,[2 6],58,73,74,15,58
1,<environment.Job instance at 0x152a75a54500>,39,2,[2 8],61,73,75,12,61
1,<environment.Job instance at 0x152a75a54a00>,40,24,[2 9],62,75,99,13,70
1,<environment.Job instance at 0x152a78f5ebe0>,42,18,[5 2],67,74,92,7,70
1,<environment.Job instance at 0x152a78f5ed70>,44,2,[2 6],70,92,94,22,70
1,<environment.Job instance at 0x152a75e240f0>,45,2,[6 2],71,71,73,0,71
1,<environment.Job instance at 0x152a78f7a410>,46,3,[2 7],72,99,102,27,73
1,<environment.Job instance at 0x152a75e5c050>,47,1,[10  1],76,94,95,18,76
1,<environment.Job instance at 0x152a78f7a370>,48,3,[10  1],77,95,98,18,77
1,<environment.Job instance at 0x152a78f7abe0>,50,3,[1 5],79,94,97,15,79
1,<environment.Job instance at 0x152a75a2d3c0>,32,28,[2 5],53,98,126,45,98
1,<environment.Job instance at 0x152a79f2f640>,15,3,[2 6],25,149,152,124,149
1,<environment.Job instance at 0x152aa7899e60>,1,1,[1 8],2,2,3,0,2
1,<environment.Job instance at 0x152aa7899320>,2,25,[9 1],3,3,28,0,3
1,<environment.Job instance at 0x152a75ee1e60>,14,2,[ 1 14],20,20,22,0,20
1,<environment.Job instance at 0x152a75d747d0>,22,26,[5 2],29,32,58,3,32
1,<environment.Job instance at 0x152a761a2f00>,37,21,[10  2],52,52,73,0,52
1,<environment.Job instance at 0x152a761a24b0>,47,12,[5 2],69,69,81,0,69
1,<environment.Job instance at 0x152a7a4b7a00>,48,1,[9 1],70,73,74,3,73
1,<environment.Job instance at 0x152a761a2b40>,45,3,[2 9],66,74,77,8,73
1,<environment.Job instance at 0x152aa4348410>,50,3,[5 1],73,74,77,1,74
1,<environment.Job instance at 0x152aa4348960>,51,2,[13  1],74,81,83,7,74
1,<environment.Job instance at 0x152a78e44c80>,49,20,[9 1],71,83,103,12,74
1,<environment.Job instance at 0x152aa4348aa0>,53,1,[5 1],76,77,78,1,76
1,<environment.Job instance at 0x152aa4348d70>,54,3,[8 1],77,78,81,1,77
1,<environment.Job instance at 0x152a7a368230>,55,2,[6 2],78,83,85,5,78
1,<environment.Job instance at 0x152a78e17aa0>,56,3,[9 2],79,103,106,24,79
1,<environment.Job instance at 0x152aa4348780>,52,1,[12  2],75,106,107,31,88
1,<environment.Job instance at 0x152a761a22d0>,43,1,[ 1 12],64,140,141,76,140
1,<environment.Job instance at 0x152aa41ea550>,16,20,[7 2],29,29,49,0,29
1,<environment.Job instance at 0x152a7a3f0460>,28,1,[5 2],43,54,55,11,54
1,<environment.Job instance at 0x152aa4b95c30>,31,2,[5 1],54,54,56,0,54
1,<environment.Job instance at 0x152aa4b95370>,33,2,[1 8],56,56,58,0,56
1,<environment.Job instance at 0x152aa4b95a50>,30,1,[11  1],53,57,58,4,57
1,<environment.Job instance at 0x152aa4b953c0>,34,1,[6 1],57,58,59,1,58
1,<environment.Job instance at 0x152aa4b95190>,35,18,[10  2],59,60,78,1,60
1,<environment.Job instance at 0x152aa4b95f00>,36,1,[6 1],60,78,79,18,61
1,<environment.Job instance at 0x152aa4b95e10>,37,1,[2 9],61,61,62,0,61
1,<environment.Job instance at 0x152a7893ea50>,39,16,[ 2 10],63,63,79,0,63
1,<environment.Job instance at 0x152a7893e820>,40,3,[5 1],64,78,81,14,64
1,<environment.Job instance at 0x152a7893e370>,41,3,[1 7],65,79,82,14,65
1,<environment.Job instance at 0x152a7893e3c0>,42,3,[10  2],67,81,84,14,68
1,<environment.Job instance at 0x152a7893e5f0>,43,17,[9 2],69,84,101,15,72
1,<environment.Job instance at 0x152a7893e690>,44,2,[9 2],71,79,81,8,72
1,<environment.Job instance at 0x152a7893e320>,45,2,[2 7],75,82,84,7,75
1,<environment.Job instance at 0x152a7893e140>,46,1,[8 1],76,101,102,25,76
1,<environment.Job instance at 0x152a7893e960>,38,1,[1 5],62,81,82,19,79
1,<environment.Job instance at 0x152a7893ebe0>,48,1,[1 8],78,86,87,8,86
1,<environment.Job instance at 0x152a7893eb90>,49,12,[7 2],79,101,113,22,86
1,<environment.Job instance at 0x152a7893e460>,47,15,[7 1],77,102,117,25,88
1,<environment.Job instance at 0x152a7a3f0a50>,26,1,[ 1 13],41,169,170,128,169
1,<environment.Job instance at 0x152a7a3f0d70>,27,12,[ 1 14],42,172,184,130,172
1,<environment.Job instance at 0x152a758cec30>,1,1,[ 2 10],2,2,3,0,2
1,<environment.Job instance at 0x152aa754ae60>,10,15,[9 1],14,15,30,1,15
1,<environment.Job instance at 0x152a788f3f50>,17,3,[1 7],23,25,28,2,25
1,<environment.Job instance at 0x152a788f3e60>,18,2,[6 1],24,28,30,4,25
1,<environment.Job instance at 0x152a788f3a00>,15,19,[5 2],21,30,49,9,28
1,<environment.Job instance at 0x152a75a25410>,21,15,[8 2],27,30,45,3,28
1,<environment.Job instance at 0x152a75a250f0>,25,3,[6 1],32,45,48,13,32
1,<environment.Job instance at 0x152a75a25050>,28,3,[2 8],36,36,39,0,36
1,<environment.Job instance at 0x152a75a25280>,27,3,[2 5],34,60,63,26,60
1,<environment.Job instance at 0x152a75a25640>,29,17,[12  1],37,97,114,60,97
1,<environment.Job instance at 0x152a75a25960>,30,3,[1 8],38,97,100,59,97
1,<environment.Job instance at 0x152a75a251e0>,33,15,[9 1],42,114,129,72,100
1,<environment.Job instance at 0x152a76226a50>,34,12,[6 1],43,114,126,71,100
1,<environment.Job instance at 0x152a75a257d0>,22,1,[10  1],28,129,130,101,101
1,<environment.Job instance at 0x152a76226d20>,35,13,[8 1],44,130,143,86,114
1,<environment.Job instance at 0x152a76226e10>,42,3,[ 2 10],52,126,129,74,114
1,<environment.Job instance at 0x152a76226f50>,43,2,[9 1],54,143,145,89,116
1,<environment.Job instance at 0x152a76226dc0>,44,1,[2 5],55,129,130,74,116
1,<environment.Job instance at 0x152a76226c80>,45,3,[1 8],57,129,132,72,116
1,<environment.Job instance at 0x152a76226be0>,46,2,[2 8],60,132,134,72,116
1,<environment.Job instance at 0x152a76226960>,47,17,[1 8],62,134,151,72,122
1,<environment.Job instance at 0x152a76226410>,51,3,[8 1],67,145,148,78,122
1,<environment.Job instance at 0x152a7a10eaa0>,55,2,[8 2],71,148,150,77,122
1,<environment.Job instance at 0x152a75f7bf00>,58,1,[ 2 10],75,151,152,76,123
1,<environment.Job instance at 0x152a7a10e320>,59,3,[ 2 10],77,152,155,75,126
1,<environment.Job instance at 0x152a75f7b410>,60,12,[ 2 11],78,155,167,77,138
1,<environment.Job instance at 0x14c1622f04b0>,24,12,[ 1 10],32,32,44,0,32
1,<environment.Job instance at 0x14c1622f0960>,25,2,[2 8],34,44,46,10,34
1,<environment.Job instance at 0x14c1622f0b40>,26,1,[2 7],35,44,45,9,38
1,<environment.Job instance at 0x14c1622f0be0>,27,2,[2 7],36,45,47,9,38
1,<environment.Job instance at 0x14c1622f0c80>,28,2,[2 7],37,46,48,9,39
1,<environment.Job instance at 0x14c1622f0e60>,29,16,[10  2],39,47,63,8,39
1,<environment.Job instance at 0x14c1622f0fa0>,30,15,[2 9],40,48,63,8,40
1,<environment.Job instance at 0x14c1622f0eb0>,31,3,[9 2],41,41,44,0,41
1,<environment.Job instance at 0x14c1622f2190>,32,3,[2 9],42,63,66,21,42
1,<environment.Job instance at 0x14c1622f2050>,33,1,[2 7],43,66,67,23,43
1,<environment.Job instance at 0x14c1622f23c0>,34,15,[11  1],44,63,78,19,49
1,<environment.Job instance at 0x14c1622f24b0>,35,2,[1 8],45,67,69,22,49
1,<environment.Job instance at 0x14c1622f2690>,36,3,[10  2],48,78,81,30,52
1,<environment.Job instance at 0x14c1622f28c0>,37,2,[ 1 10],50,69,71,19,52
1,<environment.Job instance at 0x14c1622f2820>,38,1,[8 1],51,81,82,30,53
1,<environment.Job instance at 0x14c1622f0730>,22,1,[2 7],30,66,67,36,53
1,<environment.Job instance at 0x14c1622f2640>,39,3,[1 5],52,63,66,11,53
1,<environment.Job instance at 0x14c1622f2870>,40,3,[1 6],53,74,77,21,74
1,<environment.Job instance at 0x14c1622f2f00>,42,1,[10  1],56,82,83,26,75
1,<environment.Job instance at 0x14c1622f2eb0>,43,3,[7 2],57,83,86,26,78
1,<environment.Job instance at 0x14c1622f2e10>,44,3,[1 8],58,81,84,23,81
1,<environment.Job instance at 0x14c1622f2e60>,41,25,[12  2],54,86,111,32,82
1,<environment.Job instance at 0x14c1622f2d70>,46,2,[2 8],61,84,86,23,82
1,<environment.Job instance at 0x14c1622f2b40>,47,1,[1 6],63,82,83,19,82
1,<environment.Job instance at 0x14c1622f42d0>,48,1,[2 9],65,86,87,21,82
1,<environment.Job instance at 0x14c1622f40a0>,49,16,[8 2],66,111,127,45,98
1,<environment.Job instance at 0x14c1622f2c80>,45,3,[2 8],60,109,112,49,109
1,<environment.Job instance at 0x14c1622f4460>,50,12,[9 1],68,127,139,59,110
1,<environment.Job instance at 0x14c1622f4500>,52,2,[1 7],72,112,114,40,110
1,<environment.Job instance at 0x14c1622f4780>,54,2,[2 5],75,111,113,36,110
1,<environment.Job instance at 0x14c1622f4410>,51,2,[8 2],69,139,141,70,112
1,<environment.Job instance at 0x14c1622f4230>,55,16,[2 5],76,113,129,37,112
1,<environment.Job instance at 0x14c1622f4280>,57,22,[1 5],80,114,136,34,112
1,<environment.Job instance at 0x14c1622f4be0>,58,15,[2 9],82,129,144,47,115
1,<environment.Job instance at 0x14c1622f4dc0>,59,1,[1 9],85,144,145,59,116
1,<environment.Job instance at 0x14c1622f49b0>,56,1,[10  2],79,141,142,62,122
1,<environment.Job instance at 0x14c1622f4eb0>,60,17,[8 1],86,142,159,56,130
1,<environment.Job instance at 0x14c1622f4cd0>,61,3,[1 5],87,136,139,49,130
1,<environment.Job instance at 0x14c1622f4f50>,62,3,[9 2],88,159,162,71,133
1,<environment.Job instance at 0x14c1622f4d70>,63,3,[10  1],89,162,165,73,139
1,<environment.Job instance at 0x14c1622f0140>,20,2,[ 1 13],27,166,168,139,166
1,<environment.Job instance at 0x14c1696f7f00>,7,3,[2 9],9,17,20,8,17
1,<environment.Job instance at 0x14c1696f74b0>,8,13,[7 2],12,17,30,5,17
1,<environment.Job instance at 0x14c1696f75f0>,9,2,[6 2],13,17,19,4,17
1,<environment.Job instance at 0x14c1696f7d20>,10,3,[6 2],16,19,22,3,17
1,<environment.Job instance at 0x14c1696f7d70>,11,1,[1 6],17,20,21,3,17
1,<environment.Job instance at 0x14c1696f7730>,12,2,[2 5],18,21,23,3,18
1,<environment.Job instance at 0x14c1696f7cd0>,13,2,[ 1 10],19,23,25,4,19
1,<environment.Job instance at 0x14c1696f78c0>,14,3,[2 9],20,25,28,5,22
1,<environment.Job instance at 0x14c1696f9640>,5,1,[2 5],6,22,23,16,22
1,<environment.Job instance at 0x14c1696f70a0>,15,3,[7 2],21,28,31,7,22
1,<environment.Job instance at 0x14c1696f7230>,17,3,[ 2 10],24,30,33,6,24
1,<environment.Job instance at 0x14c1696f7b40>,18,12,[2 8],25,33,45,8,26
1,<environment.Job instance at 0x14c1696f2910>,19,1,[10  1],27,31,32,4,28
1,<environment.Job instance at 0x14c1696f2aa0>,20,2,[ 1 10],28,28,30,0,28
1,<environment.Job instance at 0x14c1696f2820>,21,1,[7 2],30,32,33,2,30
1,<environment.Job instance at 0x14c1696f2410>,22,2,[1 8],31,45,47,14,31
1,<environment.Job instance at 0x14c1696f23c0>,23,2,[2 6],32,33,35,1,32
1,<environment.Job instance at 0x14c1696f2140>,24,1,[1 5],33,39,40,6,39
1,<environment.Job instance at 0x14c1696f2e10>,25,2,[1 9],36,47,49,11,39
1,<environment.Job instance at 0x14c1696f2cd0>,26,1,[2 7],37,41,42,4,41
1,<environment.Job instance at 0x14c1696f2050>,27,1,[2 5],38,42,43,4,41
1,<environment.Job instance at 0x14c1696f2e60>,28,15,[7 1],39,42,57,3,41
1,<environment.Job instance at 0x14c1696f2780>,29,2,[14  1],40,57,59,17,41
1,<environment.Job instance at 0x14c1696f2dc0>,30,1,[5 1],41,43,44,2,41
1,<environment.Job instance at 0x14c1696eec30>,31,3,[2 8],42,49,52,7,43
1,<environment.Job instance at 0x14c1696eec80>,32,12,[9 2],44,59,71,15,45
1,<environment.Job instance at 0x14c1696ee5f0>,33,15,[10  2],45,71,86,26,57
1,<environment.Job instance at 0x14c1696ee9b0>,34,13,[ 1 10],46,57,70,11,57
1,<environment.Job instance at 0x14c1696eeaa0>,35,16,[8 1],47,86,102,39,73
1,<environment.Job instance at 0x14c1696ee960>,36,17,[1 9],49,73,90,24,73
1,<environment.Job instance at 0x14c1696ee460>,37,13,[2 9],50,90,103,40,75
1,<environment.Job instance at 0x14c1696ee4b0>,38,1,[2 8],51,103,104,52,76
1,<environment.Job instance at 0x14c1696ee370>,39,1,[ 2 10],52,104,105,52,77
1,<environment.Job instance at 0x14c1696ee050>,40,1,[ 2 14],53,105,106,52,77
1,<environment.Job instance at 0x14c1696ee410>,41,1,[8 2],54,102,103,48,77
1,<environment.Job instance at 0x14c1696ee3c0>,42,15,[5 1],55,86,101,31,77
1,<environment.Job instance at 0x14c1696ee5a0>,43,18,[1 8],56,106,124,50,95
1,<environment.Job instance at 0x14c1696e6be0>,44,2,[ 1 10],60,124,126,64,99
1,<environment.Job instance at 0x14c1696e6e60>,45,3,[11  2],61,106,109,45,99
1,<environment.Job instance at 0x14c1696e6cd0>,46,3,[ 2 10],62,126,129,64,100
1,<environment.Job instance at 0x14c1696e66e0>,47,3,[2 5],63,106,109,43,100
1,<environment.Job instance at 0x14c1696e6960>,48,1,[8 1],64,103,104,39,100
1,<environment.Job instance at 0x14c1696e60a0>,49,3,[5 2],66,101,104,35,100
1,<environment.Job instance at 0x14c1696e6820>,50,15,[9 2],67,109,124,42,100
1,<environment.Job instance at 0x14c1696e6aa0>,51,18,[2 6],68,129,147,61,118
1,<environment.Job instance at 0x14c1696e60f0>,52,1,[1 6],69,129,130,60,120
1,<environment.Job instance at 0x14c1696e6050>,53,1,[1 7],70,130,131,60,120
1,<environment.Job instance at 0x14c1696e6190>,54,3,[9 1],73,124,127,51,121
1,<environment.Job instance at 0x14c1696fd9b0>,55,3,[12  1],74,127,130,53,122
1,<environment.Job instance at 0x14c1696fd730>,56,1,[1 8],76,131,132,55,124
1,<environment.Job instance at 0x14c1696fd910>,57,15,[1 6],77,132,147,55,125
1,<environment.Job instance at 0x14c1696fd7d0>,58,3,[7 2],78,132,135,54,126
1,<environment.Job instance at 0x14c1696fd500>,59,2,[1 8],79,147,149,68,126
1,<environment.Job instance at 0x14c167e54910>,60,3,[1 7],81,147,150,66,126
1,<environment.Job instance at 0x14c167e54b90>,61,13,[ 1 14],82,150,163,68,134
1,<environment.Job instance at 0x14c167e544b0>,62,27,[1 8],83,163,190,80,163
1,<environment.Job instance at 0x14c167e54960>,63,3,[1 9],84,190,193,106,171
1,<environment.Job instance at 0x14c167e54c30>,64,2,[7 2],85,174,176,89,174
1,<environment.Job instance at 0x14c167e54280>,65,12,[6 1],86,177,189,91,177
1,<environment.Job instance at 0x14c167e547d0>,66,28,[2 8],89,193,221,104,192
1,<environment.Job instance at 0x14c1696f9d20>,3,1,[13  1],4,235,236,231,235
1,<environment.Job instance at 0x14c1696f7050>,16,14,[7 1],22,238,252,216,238
1,<environment.Job instance at 0x14c1622e54b0>,4,2,[ 2 10],11,11,13,0,11
1,<environment.Job instance at 0x14c1622d9140>,14,13,[ 2 10],22,29,42,7,29
1,<environment.Job instance at 0x14c1622d93c0>,22,3,[8 1],32,35,38,3,35
1,<environment.Job instance at 0x14c1622d9d20>,24,3,[6 1],34,38,41,4,35
1,<environment.Job instance at 0x14c1622eac80>,26,3,[ 2 10],37,42,45,5,37
1,<environment.Job instance at 0x14c1622ea820>,29,17,[1 6],41,45,62,4,43
1,<environment.Job instance at 0x14c1622ea550>,30,17,[7 1],42,44,61,2,44
1,<environment.Job instance at 0x14c1622ea280>,31,1,[2 6],43,45,46,2,45
1,<environment.Job instance at 0x14c1622ea140>,27,18,[8 1],38,61,79,23,52
1,<environment.Job instance at 0x14c1622eaeb0>,32,16,[9 1],46,79,95,33,66
1,<environment.Job instance at 0x14c1649bc6e0>,39,1,[ 1 10],57,66,67,9,66
1,<environment.Job instance at 0x14c1649bc4b0>,40,2,[1 5],59,67,69,8,66
1,<environment.Job instance at 0x14c1649bc3c0>,41,3,[1 5],60,67,70,7,66
1,<environment.Job instance at 0x14c167e65460>,45,2,[1 6],67,69,71,2,67
1,<environment.Job instance at 0x14c163f8c640>,49,2,[7 2],77,95,97,18,78
1,<environment.Job instance at 0x14c163f8ccd0>,50,2,[2 5],78,80,82,2,80
1,<environment.Job instance at 0x14c163f8caa0>,51,14,[2 8],79,87,101,8,87
1,<environment.Job instance at 0x14c161d32f50>,55,2,[ 2 12],86,101,103,15,87
1,<environment.Job instance at 0x14c1664395a0>,56,14,[6 1],87,95,109,8,93
1,<environment.Job instance at 0x14c1651132d0>,2,1,[1 5],3,6,7,3,6
1,<environment.Job instance at 0x14c165113af0>,4,3,[ 2 10],5,6,9,1,6
1,<environment.Job instance at 0x14c1650d1960>,1,2,[6 2],2,8,10,6,8
1,<environment.Job instance at 0x14c165113460>,7,21,[ 2 13],10,10,31,0,10
1,<environment.Job instance at 0x14c165113370>,8,1,[2 8],11,31,32,20,11
1,<environment.Job instance at 0x14c1651135a0>,9,1,[7 1],12,12,13,0,12
1,<environment.Job instance at 0x14c165113eb0>,10,18,[5 2],13,13,31,0,13
1,<environment.Job instance at 0x14c165113550>,11,2,[8 2],15,31,33,16,15
1,<environment.Job instance at 0x14c1651136e0>,12,3,[1 7],16,32,35,16,16
1,<environment.Job instance at 0x14c165113780>,13,18,[8 1],17,33,51,16,22
1,<environment.Job instance at 0x14c165113910>,14,1,[5 2],18,31,32,13,22
1,<environment.Job instance at 0x14c165113fa0>,15,1,[1 8],19,35,36,16,22
1,<environment.Job instance at 0x14c165113f00>,16,3,[1 7],20,36,39,16,22
1,<environment.Job instance at 0x14c165113230>,17,2,[5 2],22,32,34,10,22
1,<environment.Job instance at 0x14c16cc5c410>,18,2,[1 7],24,36,38,12,24
1,<environment.Job instance at 0x14c16cc5cb90>,19,2,[5 2],25,34,36,9,26
1,<environment.Job instance at 0x14c16cc5cdc0>,20,1,[1 6],27,38,39,11,27
1,<environment.Job instance at 0x14c16cc5cfa0>,21,12,[7 1],28,39,51,11,28
1,<environment.Job instance at 0x14c16cc5c6e0>,22,2,[10  1],29,51,53,22,29
1,<environment.Job instance at 0x14c16cc5cf00>,23,3,[2 7],30,51,54,21,30
1,<environment.Job instance at 0x14c165113f50>,5,3,[ 1 13],6,54,57,48,32
1,<environment.Job instance at 0x14c16cc5cd70>,24,17,[7 1],32,53,70,21,41
1,<environment.Job instance at 0x14c16cc5c870>,26,3,[1 8],35,57,60,22,41
1,<environment.Job instance at 0x14c16cc5c140>,27,12,[7 2],37,57,69,20,41
1,<environment.Job instance at 0x14c166126aa0>,28,2,[7 2],39,69,71,30,42
1,<environment.Job instance at 0x14c16cc5c500>,25,1,[2 5],34,51,52,17,42
1,<environment.Job instance at 0x14c166126690>,29,3,[ 2 10],41,70,73,29,44
1,<environment.Job instance at 0x14c166126190>,31,2,[2 5],44,52,54,8,44
1,<environment.Job instance at 0x14c166126cd0>,32,1,[ 2 10],45,73,74,28,45
1,<environment.Job instance at 0x14c166126e60>,33,14,[8 1],46,71,85,25,56
1,<environment.Job instance at 0x14c166126a00>,36,21,[7 2],50,74,95,24,66
1,<environment.Job instance at 0x14c166126b90>,37,13,[5 2],51,85,98,34,71
1,<environment.Job instance at 0x14c166126050>,38,3,[1 9],52,85,88,33,71
1,<environment.Job instance at 0x14c166126640>,39,1,[6 1],53,95,96,42,71
1,<environment.Job instance at 0x14c166126d20>,40,3,[5 1],54,71,74,17,71
1,<environment.Job instance at 0x14c16c376e60>,41,3,[1 7],59,88,91,29,72
1,<environment.Job instance at 0x14c16c376dc0>,42,12,[7 1],61,96,108,35,79
1,<environment.Job instance at 0x14c166126f50>,30,14,[8 2],42,98,112,56,89
1,<environment.Job instance at 0x14c16c3767d0>,44,2,[10  1],63,112,114,49,93
1,<environment.Job instance at 0x14c16c376730>,45,3,[1 9],64,108,111,44,98
1,<environment.Job instance at 0x14c16c376c80>,43,20,[8 2],62,114,134,52,105
1,<environment.Job instance at 0x14c16c376410>,47,2,[2 7],71,111,113,40,105
1,<environment.Job instance at 0x14c16c376230>,48,2,[9 2],72,134,136,62,107
1,<environment.Job instance at 0x14c16c376b90>,49,3,[5 2],73,108,111,35,107
1,<environment.Job instance at 0x14c16c376f00>,50,16,[7 2],74,114,130,40,107
1,<environment.Job instance at 0x14c16c376280>,51,1,[ 2 10],75,113,114,38,107
1,<environment.Job instance at 0x14c1665cbe60>,52,18,[5 2],77,130,148,53,119
1,<environment.Job instance at 0x14c1665cbfa0>,53,1,[1 8],78,130,131,52,119
1,<environment.Job instance at 0x14c16cd2d140>,54,13,[1 7],80,131,144,51,119
1,<environment.Job instance at 0x14c1650d7140>,55,12,[2 9],83,144,156,61,127
1,<environment.Job instance at 0x14c16cd2df50>,56,3,[5 2],84,136,139,52,127
1,<environment.Job instance at 0x14c16cd2de60>,57,2,[ 2 10],85,156,158,71,129
1,<environment.Job instance at 0x14c16cd2deb0>,58,15,[8 2],86,139,154,53,129
1,<environment.Job instance at 0x14c16c376320>,46,3,[1 8],68,158,161,90,133
1,<environment.Job instance at 0x14c16cd2dfa0>,59,17,[10  1],88,154,171,66,143
1,<environment.Job instance at 0x14c1650d1f00>,0,13,[ 1 11],1,308,321,307,308
1,<environment.Job instance at 0x14c1622b0cd0>,8,1,[9 2],15,17,18,2,17
1,<environment.Job instance at 0x14c162156a50>,4,2,[1 9],11,17,19,6,17
1,<environment.Job instance at 0x14c1622b0550>,7,3,[1 8],14,37,40,23,37
1,<environment.Job instance at 0x14c1622b02d0>,9,18,[ 1 10],16,41,59,25,41
1,<environment.Job instance at 0x14c1622b0eb0>,12,1,[7 2],21,42,43,21,42
1,<environment.Job instance at 0x14c1622b0aa0>,11,3,[ 2 10],20,59,62,39,42
1,<environment.Job instance at 0x14c1622b0320>,14,16,[9 1],23,43,59,20,43
1,<environment.Job instance at 0x14c1622b0460>,15,1,[6 2],25,59,60,34,43
1,<environment.Job instance at 0x14c1622b0b90>,16,3,[2 7],26,62,65,36,43
1,<environment.Job instance at 0x14c1622b0c30>,17,14,[7 2],27,59,73,32,44
1,<environment.Job instance at 0x14c1622b0410>,18,2,[ 1 10],29,65,67,36,47
1,<environment.Job instance at 0x14c1622b05f0>,20,2,[2 9],31,67,69,36,48
1,<environment.Job instance at 0x14c1622b0d70>,21,3,[9 1],34,73,76,39,48
1,<environment.Job instance at 0x14c1622b0870>,22,18,[6 2],36,60,78,24,49
1,<environment.Job instance at 0x14c16ce3b9b0>,23,16,[1 5],38,76,92,38,63
1,<environment.Job instance at 0x14c16ce3b640>,24,3,[5 1],40,76,79,36,64
1,<environment.Job instance at 0x14c16ce3bc80>,25,14,[1 6],42,76,90,34,64
1,<environment.Job instance at 0x14c16ce3bb90>,27,1,[2 7],44,69,70,25,64
1,<environment.Job instance at 0x14c16ce3b0f0>,28,2,[10  2],45,79,81,34,64
1,<environment.Job instance at 0x14c16ce3b1e0>,29,2,[6 1],46,81,83,35,64
1,<environment.Job instance at 0x14c162296960>,30,3,[9 2],48,83,86,35,64
1,<environment.Job instance at 0x14c162296c80>,31,3,[6 2],51,86,89,35,64
1,<environment.Job instance at 0x14c162296230>,32,2,[5 2],52,81,83,29,64
1,<environment.Job instance at 0x14c1622b0a50>,13,3,[9 1],22,89,92,67,64
1,<environment.Job instance at 0x14c162296730>,33,3,[1 7],53,70,73,17,64
1,<environment.Job instance at 0x14c162296f00>,35,1,[7 2],56,78,79,22,64
1,<environment.Job instance at 0x14c1622969b0>,36,3,[1 7],58,90,93,32,66
1,<environment.Job instance at 0x14c162296aa0>,34,2,[9 2],55,92,94,37,66
1,<environment.Job instance at 0x14c162296cd0>,37,14,[1 6],59,92,106,33,77
1,<environment.Job instance at 0x14c162296910>,40,26,[9 1],64,94,120,30,91
1,<environment.Job instance at 0x14c16cda8500>,41,2,[2 9],65,106,108,41,91
1,<environment.Job instance at 0x14c16cda8820>,42,2,[2 5],66,93,95,27,91
1,<environment.Job instance at 0x14c16cda8be0>,43,16,[2 9],67,108,124,41,95
1,<environment.Job instance at 0x14c16cda87d0>,44,12,[5 2],68,120,132,52,103
1,<environment.Job instance at 0x14c16cda8690>,45,3,[8 1],69,120,123,51,103
1,<environment.Job instance at 0x14c16cda8aa0>,46,3,[8 1],73,123,126,50,103
1,<environment.Job instance at 0x14c16cda8b90>,47,1,[10  1],74,126,127,52,103
1,<environment.Job instance at 0x14c16cda81e0>,48,27,[1 7],75,127,154,52,126
1,<environment.Job instance at 0x14c16cda8e10>,49,15,[2 8],78,132,147,54,127
1,<environment.Job instance at 0x14c16cda88c0>,50,16,[2 8],79,147,163,68,134
1,<environment.Job instance at 0x14c16cda8320>,51,13,[ 2 10],82,163,176,81,147
1,<environment.Job instance at 0x14c16cda8d20>,52,1,[2 6],83,154,155,71,147
1,<environment.Job instance at 0x14c16cda89b0>,53,2,[1 5],85,155,157,70,150
1,<environment.Job instance at 0x14c16cda85a0>,54,2,[8 1],86,154,156,68,153
1,<environment.Job instance at 0x14c16cda8fa0>,55,3,[2 9],87,176,179,89,156
1,<environment.Job instance at 0x14c16cd9baf0>,56,1,[5 1],89,158,159,69,158
1,<environment.Job instance at 0x14c162296fa0>,39,3,[6 1],63,180,183,117,180
1,<environment.Job instance at 0x14c165113b40>,2,15,[ 1 11],7,377,392,370,377
1,<environment.Job instance at 0x14c16ce01370>,2,1,[1 8],5,5,6,0,5
1,<environment.Job instance at 0x14c161a0d5a0>,15,1,[8 2],21,24,25,3,24
1,<environment.Job instance at 0x14c161a0d410>,17,2,[6 1],24,24,26,0,24
1,<environment.Job instance at 0x14c1650c74b0>,22,1,[1 5],32,47,48,15,47
1,<environment.Job instance at 0x14c1650c7230>,24,3,[1 6],34,48,51,14,48
1,<environment.Job instance at 0x14c1650c7280>,25,16,[1 5],35,48,64,13,48
1,<environment.Job instance at 0x14c1650c7140>,27,17,[2 9],37,51,68,14,48
1,<environment.Job instance at 0x14c1650c7370>,28,15,[7 2],38,64,79,26,50
1,<environment.Job instance at 0x14c1650c75a0>,29,16,[2 8],39,68,84,29,56
1,<environment.Job instance at 0x14c1650c7d70>,30,3,[6 1],40,56,59,16,56
1,<environment.Job instance at 0x14c1650c7a50>,31,2,[1 8],41,84,86,43,58
1,<environment.Job instance at 0x14c1650c7550>,32,3,[2 8],42,86,89,44,60
1,<environment.Job instance at 0x14c1650c7c80>,33,2,[2 8],43,89,91,46,62
1,<environment.Job instance at 0x14c1650c7910>,34,3,[5 2],46,64,67,18,62
1,<environment.Job instance at 0x14c1650c7f00>,35,1,[6 2],48,67,68,19,62
1,<environment.Job instance at 0x14c1650c7a00>,36,2,[2 8],49,91,93,42,64
1,<environment.Job instance at 0x14c1650c7e60>,37,1,[6 2],51,68,69,17,67
1,<environment.Job instance at 0x14c1650c7dc0>,38,1,[2 9],52,93,94,41,67
1,<environment.Job instance at 0x14c1650c7690>,26,2,[ 1 10],36,94,96,58,86
1,<environment.Job instance at 0x14c16c376960>,39,27,[ 2 10],53,96,123,43,96
1,<environment.Job instance at 0x14c16c376a00>,41,2,[2 7],56,123,125,67,99
1,<environment.Job instance at 0x14c16c376d20>,42,1,[5 2],57,100,101,43,100
1,<environment.Job instance at 0x14c16c376370>,43,1,[2 5],58,101,102,43,100
1,<environment.Job instance at 0x14c16c376af0>,44,2,[ 1 10],60,125,127,65,100
1,<environment.Job instance at 0x14c16c376050>,45,3,[2 5],61,102,105,41,101
1,<environment.Job instance at 0x14c16c376870>,46,12,[6 1],62,105,117,43,101
1,<environment.Job instance at 0x14c16c376c80>,47,2,[5 2],63,105,107,42,101
1,<environment.Job instance at 0x14c164fb4aa0>,48,1,[7 1],66,107,108,41,101
1,<environment.Job instance at 0x14c164fb4af0>,49,2,[7 1],67,108,110,41,101
1,<environment.Job instance at 0x14c164fb44b0>,50,1,[7 2],68,110,111,42,101
1,<environment.Job instance at 0x14c164fb4a00>,51,3,[10  2],69,117,120,48,101
1,<environment.Job instance at 0x14c164fb4fa0>,52,2,[5 2],70,111,113,41,101
1,<environment.Job instance at 0x14c16c376a50>,40,2,[10  1],54,120,122,66,104
1,<environment.Job instance at 0x14c164fb4320>,53,15,[1 8],72,127,142,55,113
1,<environment.Job instance at 0x14c164fb4870>,56,13,[12  2],77,122,135,45,113
1,<environment.Job instance at 0x14c164fb4c30>,57,17,[9 2],78,135,152,57,123
1,<environment.Job instance at 0x14c164fb41e0>,58,1,[6 2],79,142,143,63,124
1,<environment.Job instance at 0x14c164fb4780>,59,2,[1 5],80,127,129,47,125
1,<environment.Job instance at 0x14c164fb4910>,61,3,[2 7],82,143,146,61,127
1,<environment.Job instance at 0x14c164fb4140>,62,2,[1 5],83,129,131,46,127
1,<environment.Job instance at 0x14c164fb4230>,63,1,[1 9],85,146,147,61,127
1,<environment.Job instance at 0x14c164fb4b90>,64,1,[2 5],86,131,132,45,127
1,<environment.Job instance at 0x14c164e3b460>,65,15,[7 1],87,152,167,65,138
1,<environment.Job instance at 0x14c164e3b0f0>,66,1,[2 6],88,169,170,81,169
1,<environment.Job instance at 0x14c161a0d370>,20,3,[ 2 11],30,244,247,214,244
1,<environment.Job instance at 0x14c1661bccd0>,4,17,[9 1],6,9,26,3,9
1,<environment.Job instance at 0x14c16c417230>,14,2,[1 6],17,17,19,0,17
1,<environment.Job instance at 0x14c16c417eb0>,16,2,[7 2],20,26,28,6,21
1,<environment.Job instance at 0x14c16cd2c500>,18,2,[1 8],22,24,26,2,24
1,<environment.Job instance at 0x14c16cd2c3c0>,19,14,[6 1],23,26,40,3,25
1,<environment.Job instance at 0x14c16cd2c4b0>,20,1,[2 5],24,27,28,3,27
1,<environment.Job instance at 0x14c164a2e4b0>,21,14,[2 8],25,28,42,3,28
1,<environment.Job instance at 0x14c164a2e320>,22,2,[7 1],26,28,30,2,28
1,<environment.Job instance at 0x14c164a2e370>,23,3,[7 1],27,30,33,3,28
1,<environment.Job instance at 0x14c164a2ea00>,24,13,[10  1],28,40,53,12,30
1,<environment.Job instance at 0x14c164a2e870>,25,25,[12  1],29,53,78,24,49
1,<environment.Job instance at 0x14c164a2e140>,30,3,[1 9],38,49,52,11,49
1,<environment.Job instance at 0x14c164a2e410>,31,16,[10  1],39,78,94,39,65
1,<environment.Job instance at 0x14c164a8f7d0>,34,12,[7 1],44,94,106,50,77
1,<environment.Job instance at 0x14c164a8f230>,37,3,[8 1],50,94,97,44,77
1,<environment.Job instance at 0x14c1661bc4b0>,6,1,[10  1],8,106,107,98,84
1,<environment.Job instance at 0x14c164a8f460>,39,18,[2 6],54,97,115,43,86
1,<environment.Job instance at 0x14c164a8f050>,41,2,[5 1],57,86,88,29,86
1,<environment.Job instance at 0x14c164a8ffa0>,42,14,[2 5],58,97,111,39,86
1,<environment.Job instance at 0x14c164a8fcd0>,43,3,[5 2],60,88,91,28,86
1,<environment.Job instance at 0x14c164a637d0>,44,12,[1 5],61,111,123,50,94
1,<environment.Job instance at 0x14c164a631e0>,45,13,[7 2],62,107,120,45,94
1,<environment.Job instance at 0x14c164a630a0>,46,3,[8 1],63,120,123,57,94
1,<environment.Job instance at 0x14c165feda00>,47,3,[2 6],66,115,118,49,94
1,<environment.Job instance at 0x14c164a63c30>,48,18,[1 5],67,118,136,51,107
1,<environment.Job instance at 0x14c165fed5f0>,50,1,[1 9],72,123,124,51,107
1,<environment.Job instance at 0x14c165fed280>,53,1,[5 2],76,111,112,35,107
1,<environment.Job instance at 0x14c165781af0>,54,26,[2 8],78,124,150,46,121
1,<environment.Job instance at 0x14c162a59370>,58,2,[1 6],87,136,138,49,122
1,<environment.Job instance at 0x14c164b98910>,15,3,[9 2],22,33,36,11,33
1,<environment.Job instance at 0x14c1664811e0>,20,15,[2 8],32,34,49,2,34
1,<environment.Job instance at 0x14c166481640>,21,1,[5 1],33,44,45,11,44
1,<environment.Job instance at 0x14c166481d70>,23,2,[1 8],37,49,51,12,44
1,<environment.Job instance at 0x14c166481f00>,24,1,[10  2],38,45,46,7,45
1,<environment.Job instance at 0x14c1664812d0>,25,3,[2 8],39,53,56,14,53
1,<environment.Job instance at 0x14c164b98af0>,13,2,[6 1],19,55,57,36,55
1,<environment.Job instance at 0x14c16ce60c30>,29,3,[6 2],47,55,58,8,55
1,<environment.Job instance at 0x14c16ce60af0>,30,1,[8 1],49,60,61,11,60
1,<environment.Job instance at 0x14c166481c80>,26,15,[2 7],40,63,78,23,63
1,<environment.Job instance at 0x14c16ce60910>,32,1,[2 9],54,78,79,24,67
1,<environment.Job instance at 0x14c16ce602d0>,33,2,[7 2],55,67,69,12,67
1,<environment.Job instance at 0x14c16ce60be0>,34,12,[7 1],56,72,84,16,72
1,<environment.Job instance at 0x14c16ce600f0>,35,13,[13  2],57,84,97,27,73
1,<environment.Job instance at 0x14c16ce60aa0>,36,3,[9 2],58,97,100,39,73
1,<environment.Job instance at 0x14c16ce607d0>,37,2,[7 1],61,79,81,18,73
1,<environment.Job instance at 0x14c16ce60780>,38,16,[ 1 10],62,79,95,17,73
1,<environment.Job instance at 0x14c162a1ab90>,39,3,[2 5],64,74,77,10,74
1,<environment.Job instance at 0x14c162a1a730>,40,1,[8 1],65,100,101,35,76
1,<environment.Job instance at 0x14c16ce601e0>,31,3,[1 9],51,95,98,44,94
1,<environment.Job instance at 0x14c162a1a410>,41,28,[5 1],66,97,125,31,96
1,<environment.Job instance at 0x14c162a1aa50>,43,18,[5 1],68,101,119,33,97
1,<environment.Job instance at 0x14c162a1af50>,44,15,[6 1],69,119,134,50,105
1,<environment.Job instance at 0x14c162a1acd0>,45,3,[6 2],70,125,128,55,105
1,<environment.Job instance at 0x14c162a1a190>,46,1,[6 2],71,128,129,57,105
1,<environment.Job instance at 0x14c162a1a2d0>,47,17,[9 2],73,129,146,56,117
1,<environment.Job instance at 0x14c164f1f7d0>,48,1,[7 1],74,146,147,72,118
1,<environment.Job instance at 0x14c164f1fcd0>,49,12,[2 8],75,134,146,59,118
1,<environment.Job instance at 0x14c164f1ff50>,50,3,[ 1 10],76,118,121,42,118
1,<environment.Job instance at 0x14c164f1fbe0>,51,3,[1 5],77,121,124,44,118
1,<environment.Job instance at 0x14c164f1fb90>,52,3,[2 7],78,121,124,43,118
1,<environment.Job instance at 0x14c164f1f460>,53,13,[2 5],79,134,147,55,118
1,<environment.Job instance at 0x14c164f1f910>,54,2,[2 8],80,124,126,44,119
1,<environment.Job instance at 0x14c164f1f1e0>,55,2,[5 1],81,146,148,65,119
1,<environment.Job instance at 0x14c164f1f6e0>,56,1,[6 2],86,147,148,61,119
1,<environment.Job instance at 0x14c164f1f8c0>,57,1,[1 9],87,126,127,39,119
1,<environment.Job instance at 0x14c164f1faf0>,58,3,[7 1],88,148,151,60,123
1,<environment.Job instance at 0x14c164f1fa50>,59,3,[7 2],89,148,151,59,145
1,<environment.Job instance at 0x14c16ce609b0>,28,1,[ 1 12],46,200,201,154,200
1,<environment.Job instance at 0x14c162264e10>,10,1,[10  2],17,19,20,2,19
1,<environment.Job instance at 0x14c162264140>,11,2,[7 2],18,21,23,3,21
1,<environment.Job instance at 0x14c162264a00>,15,3,[9 2],23,26,29,3,26
1,<environment.Job instance at 0x14c16ed51e10>,18,12,[1 7],27,30,42,3,30
1,<environment.Job instance at 0x14c16ed51370>,17,2,[1 8],25,30,32,5,30
1,<environment.Job instance at 0x14c16ed516e0>,20,19,[2 5],30,32,51,2,30
1,<environment.Job instance at 0x14c16ed51460>,23,2,[6 2],33,33,35,0,33
1,<environment.Job instance at 0x14c16ed517d0>,24,17,[5 2],34,35,52,1,34
1,<environment.Job instance at 0x14c161be20a0>,25,1,[6 1],36,36,37,0,36
1,<environment.Job instance at 0x14c161be2d70>,27,3,[2 7],39,42,45,3,39
1,<environment.Job instance at 0x14c161be2e10>,28,1,[1 6],40,45,46,5,40
1,<environment.Job instance at 0x14c161be2cd0>,29,3,[8 2],41,46,49,5,41
1,<environment.Job instance at 0x14c161be2730>,30,1,[1 7],42,49,50,7,43
1,<environment.Job instance at 0x14c161be2aa0>,32,2,[2 7],44,50,52,6,44
1,<environment.Job instance at 0x14c161be2780>,33,16,[ 2 10],45,52,68,7,45
1,<environment.Job instance at 0x14c161a583c0>,36,2,[1 9],49,68,70,19,49
1,<environment.Job instance at 0x14c161a58a00>,37,2,[7 2],50,51,53,1,50
1,<environment.Job instance at 0x14c161a585a0>,39,13,[2 8],53,70,83,17,55
1,<environment.Job instance at 0x14c161a580a0>,40,1,[8 1],54,56,57,2,56
1,<environment.Job instance at 0x14c161a58af0>,45,25,[9 1],61,61,86,0,61
1,<environment.Job instance at 0x14c16503d3c0>,46,1,[10  2],63,86,87,23,63
1,<environment.Job instance at 0x14c16503df00>,48,21,[2 5],65,68,89,3,65
1,<environment.Job instance at 0x14c161da4be0>,49,15,[5 2],66,87,102,21,74
1,<environment.Job instance at 0x14c1660a2910>,50,3,[2 7],68,83,86,15,74
1,<environment.Job instance at 0x14c161a8f410>,51,15,[7 2],69,87,102,18,74
1,<environment.Job instance at 0x14c161a8fa00>,53,2,[2 9],71,89,91,18,74
1,<environment.Job instance at 0x14c161a8f5f0>,54,2,[1 5],72,86,88,14,75
1,<environment.Job instance at 0x14c161a98aa0>,56,14,[2 6],75,91,105,16,77
1,<environment.Job instance at 0x14c161a8ffa0>,57,1,[9 1],76,102,103,26,84
1,<environment.Job instance at 0x14c164f36910>,61,2,[5 2],81,103,105,22,84
1,<environment.Job instance at 0x14c164f36d20>,62,2,[5 1],82,103,105,21,84
1,<environment.Job instance at 0x14c1649dee10>,63,1,[1 7],83,102,103,19,85
1,<environment.Job instance at 0x14c161b30050>,64,17,[9 1],86,105,122,19,93
1,<environment.Job instance at 0x14c161b303c0>,66,1,[5 1],88,105,106,17,94
1,<environment.Job instance at 0x14c1622645a0>,9,14,[9 2],16,1416,1430,1400,1416
1,<environment.Job instance at 0x14c166048f50>,9,1,[8 2],13,15,16,2,15
1,<environment.Job instance at 0x14c1660482d0>,10,17,[7 1],14,18,35,4,18
1,<environment.Job instance at 0x14c166048f00>,14,1,[8 2],18,18,19,0,18
1,<environment.Job instance at 0x14c1660489b0>,13,16,[6 1],17,19,35,2,18
1,<environment.Job instance at 0x14c16298e460>,16,1,[7 1],20,35,36,15,20
1,<environment.Job instance at 0x14c16298ef50>,18,2,[6 2],22,35,37,13,22
1,<environment.Job instance at 0x14c16298e500>,20,1,[6 2],25,36,37,11,26
1,<environment.Job instance at 0x14c16298e190>,23,13,[10  1],29,37,50,8,29
1,<environment.Job instance at 0x14c16298ed20>,22,2,[ 1 10],28,30,32,2,30
1,<environment.Job instance at 0x14c16298e370>,24,1,[5 1],30,37,38,7,31
1,<environment.Job instance at 0x14c164a19b90>,26,2,[7 2],32,50,52,18,34
1,<environment.Job instance at 0x14c164a190f0>,27,3,[10  1],33,52,55,19,34
1,<environment.Job instance at 0x14c164a19be0>,28,3,[6 1],34,55,58,21,34
1,<environment.Job instance at 0x14c164a19fa0>,29,1,[13  1],35,58,59,23,40
1,<environment.Job instance at 0x14c164a192d0>,31,1,[5 1],37,44,45,7,44
1,<environment.Job instance at 0x14c164a19910>,32,17,[1 8],38,47,64,9,47
1,<environment.Job instance at 0x14c164a19b40>,33,3,[5 2],39,55,58,16,50
1,<environment.Job instance at 0x14c164a195a0>,34,2,[8 2],40,59,61,19,51
1,<environment.Job instance at 0x14c164a19280>,35,3,[2 8],41,64,67,23,51
1,<environment.Job instance at 0x14c164a19cd0>,36,2,[2 5],42,51,53,9,51
1,<environment.Job instance at 0x14c164a19550>,37,13,[7 2],44,61,74,17,51
1,<environment.Job instance at 0x14c164a19a00>,25,14,[2 9],31,67,81,36,57
1,<environment.Job instance at 0x14c164a19a50>,38,22,[8 1],45,74,96,29,68
1,<environment.Job instance at 0x14c164a190a0>,40,3,[10  2],47,96,99,49,70
1,<environment.Job instance at 0x14c16513ca00>,41,3,[2 5],49,74,77,25,71
1,<environment.Job instance at 0x14c16513cd20>,42,17,[1 7],50,81,98,31,71
1,<environment.Job instance at 0x14c16513c910>,43,3,[7 2],51,99,102,48,73
1,<environment.Job instance at 0x14c16513cf00>,44,2,[2 9],52,98,100,46,76
1,<environment.Job instance at 0x14c16513c640>,45,2,[2 7],53,81,83,28,76
1,<environment.Job instance at 0x14c16513c320>,46,18,[6 1],55,99,117,44,88
1,<environment.Job instance at 0x14c16513cfa0>,48,2,[10  1],57,117,119,60,92
1,<environment.Job instance at 0x14c16513caa0>,49,22,[2 6],59,100,122,41,94
1,<environment.Job instance at 0x14c16ed4eaa0>,50,1,[ 1 14],60,122,123,62,95
1,<environment.Job instance at 0x14c16ed4e6e0>,51,16,[6 2],61,123,139,62,116
1,<environment.Job instance at 0x14c16ed4e320>,52,1,[6 1],62,120,121,58,120
1,<environment.Job instance at 0x14c16ed4e280>,53,2,[9 1],64,121,123,57,120
1,<environment.Job instance at 0x14c16ed4e550>,54,19,[1 5],66,123,142,57,120
1,<environment.Job instance at 0x14c16ed4e500>,55,1,[8 1],67,123,124,56,120
1,<environment.Job instance at 0x14c16ed4ed20>,56,1,[5 1],69,124,125,55,121
1,<environment.Job instance at 0x14c16ed4e230>,57,2,[7 2],70,125,127,55,121
1,<environment.Job instance at 0x14c16ed4e690>,58,3,[ 2 14],72,142,145,70,121
1,<environment.Job instance at 0x14c16ed4ecd0>,59,3,[1 8],73,127,130,54,121
1,<environment.Job instance at 0x14c16ed4eeb0>,60,1,[ 2 10],74,139,140,65,121
1,<environment.Job instance at 0x14c16ed4e190>,61,2,[7 2],76,130,132,54,122
1,<environment.Job instance at 0x14c1665099b0>,62,1,[6 1],77,132,133,55,123
1,<environment.Job instance at 0x14c166509d70>,63,2,[6 1],79,133,135,54,123
1,<environment.Job instance at 0x14c166509870>,64,17,[1 7],80,145,162,65,135
1,<environment.Job instance at 0x14c1665092d0>,65,15,[10  2],84,145,160,61,139
1,<environment.Job instance at 0x14c166509190>,66,2,[7 2],85,160,162,75,141
1,<environment.Job instance at 0x14c1665096e0>,67,1,[1 5],87,145,146,58,142
1,<environment.Job instance at 0x14c164b75780>,68,14,[5 2],89,160,174,71,145
1,<environment.Job instance at 0x14c166048be0>,11,17,[2 7],15,186,203,171,186
1,<environment.Job instance at 0x14c1660488c0>,8,17,[12  1],10,281,298,271,281
1,<environment.Job instance at 0x14c16cdab8c0>,5,2,[10  2],7,14,16,7,14
1,<environment.Job instance at 0x14c16c1e9230>,3,1,[1 8],4,14,15,10,14
1,<environment.Job instance at 0x14c16cdaba00>,6,1,[6 1],10,16,17,6,14
1,<environment.Job instance at 0x14c16cdabcd0>,7,1,[7 2],12,16,17,4,14
1,<environment.Job instance at 0x14c16cdab780>,8,2,[2 7],13,21,23,8,21
1,<environment.Job instance at 0x14c16cdab500>,10,25,[6 1],15,22,47,7,22
1,<environment.Job instance at 0x14c16cdab6e0>,11,12,[5 2],17,22,34,5,22
1,<environment.Job instance at 0x14c16cdabc80>,12,1,[10  1],18,47,48,29,22
1,<environment.Job instance at 0x14c16cdabaa0>,13,3,[10  1],21,48,51,27,22
1,<environment.Job instance at 0x14c1618344b0>,14,2,[ 2 10],22,23,25,1,23
1,<environment.Job instance at 0x14c1618345f0>,15,3,[9 2],23,34,37,11,23
1,<environment.Job instance at 0x14c161834370>,16,1,[1 9],24,25,26,1,24
1,<environment.Job instance at 0x14c161834fa0>,17,1,[8 2],27,37,38,10,27
1,<environment.Job instance at 0x14c161834eb0>,18,22,[2 5],29,38,60,9,31
1,<environment.Job instance at 0x14c161834c30>,20,1,[10  1],31,51,52,20,31
1,<environment.Job instance at 0x14c1618343c0>,22,13,[7 2],34,52,65,18,36
1,<environment.Job instance at 0x14c161834e60>,23,3,[6 2],36,38,41,2,36
1,<environment.Job instance at 0x14c1618345a0>,24,2,[12  1],37,65,67,28,39
1,<environment.Job instance at 0x14c16ed9ab90>,25,15,[2 5],39,41,56,2,39
1,<environment.Job instance at 0x14c16ed9a6e0>,26,14,[7 1],40,67,81,27,52
1,<environment.Job instance at 0x14c16ed9a370>,27,2,[7 1],41,60,62,19,52
1,<environment.Job instance at 0x14c16ed9a0f0>,28,1,[8 1],42,62,63,20,52
1,<environment.Job instance at 0x14c16ed9ac80>,29,2,[10  2],43,81,83,38,55
1,<environment.Job instance at 0x14c161834690>,21,26,[ 2 13],33,63,89,30,60
1,<environment.Job instance at 0x14c16ed9aaf0>,30,14,[9 1],44,83,97,39,68
1,<environment.Job instance at 0x14c16652ad20>,33,2,[ 1 10],48,89,91,41,68
1,<environment.Job instance at 0x14c16ed9a3c0>,34,2,[2 7],49,91,93,42,69
1,<environment.Job instance at 0x14c16652ac30>,35,3,[9 2],51,97,100,46,71
1,<environment.Job instance at 0x14c16652a0f0>,36,3,[10  1],52,100,103,48,74
1,<environment.Job instance at 0x14c16652ab40>,37,17,[1 8],58,93,110,35,82
1,<environment.Job instance at 0x14c16652aeb0>,39,17,[1 6],61,100,117,39,88
1,<environment.Job instance at 0x14c16652a5f0>,40,3,[1 9],62,110,113,48,88
1,<environment.Job instance at 0x14c16652a280>,41,13,[2 9],66,113,126,47,97
1,<environment.Job instance at 0x14c16652adc0>,42,2,[ 1 11],67,126,128,59,99
1,<environment.Job instance at 0x14c16652a1e0>,43,3,[2 8],68,128,131,60,102
1,<environment.Job instance at 0x14c16652a6e0>,44,1,[1 8],70,131,132,61,104
1,<environment.Job instance at 0x14c16652a5a0>,45,2,[2 9],71,132,134,61,109
1,<environment.Job instance at 0x14c16652a9b0>,46,2,[8 2],72,117,119,45,109
1,<environment.Job instance at 0x14c16652ae10>,47,15,[10  1],73,119,134,46,109
1,<environment.Job instance at 0x14c16ed9a550>,31,3,[9 2],45,134,137,89,121
1,<environment.Job instance at 0x14c1617a1c80>,48,28,[5 2],74,150,178,76,150
1,<environment.Job instance at 0x14c1617a11e0>,50,2,[ 1 10],76,150,152,74,150
1,<environment.Job instance at 0x14c1617a1230>,51,3,[ 2 14],77,178,181,101,153
1,<environment.Job instance at 0x14c1617a10f0>,52,1,[5 1],78,153,154,75,153
1,<environment.Job instance at 0x14c1617a1b90>,53,2,[2 6],79,154,156,75,154
1,<environment.Job instance at 0x14c1617a1eb0>,54,1,[8 1],80,156,157,76,156
1,<environment.Job instance at 0x14c1617a19b0>,55,1,[7 2],82,157,158,75,157
1,<environment.Job instance at 0x14c1617a1050>,56,12,[6 2],83,158,170,75,158
1,<environment.Job instance at 0x14c1617a12d0>,57,3,[1 7],84,158,161,74,158
1,<environment.Job instance at 0x14c1617a1820>,58,2,[6 2],86,170,172,84,158
1,<environment.Job instance at 0x14c1617a1460>,59,3,[9 1],87,172,175,85,158
1,<environment.Job instance at 0x14c1617a1aa0>,60,14,[7 1],88,175,189,87,160
1,<environment.Job instance at 0x14c164f642d0>,61,14,[ 2 10],89,181,195,92,171
1,<environment.Job instance at 0x14c1617a1af0>,49,1,[8 2],75,229,230,154,229
1,<environment.Job instance at 0x14c16f954140>,0,15,[14  1],1,293,308,292,293
1,<environment.Job instance at 0x14c16652a370>,38,2,[8 2],60,410,412,350,410
1,<environment.Job instance at 0x14c16ab52050>,0,1,[1 9],1,2,3,1,2
1,<environment.Job instance at 0x14c16ab52d20>,8,26,[1 6],11,11,37,0,11
1,<environment.Job instance at 0x14c161afb2d0>,10,23,[2 6],14,20,43,6,20
1,<environment.Job instance at 0x14c161afb320>,14,1,[8 2],19,20,21,1,20
1,<environment.Job instance at 0x14c161afb3c0>,17,2,[10  1],24,24,26,0,24
1,<environment.Job instance at 0x14c161afb500>,18,1,[9 1],25,26,27,1,25
1,<environment.Job instance at 0x14c164aa16e0>,19,3,[5 1],26,27,30,1,26
1,<environment.Job instance at 0x14c1b9197370>,20,3,[1 6],27,37,40,10,27
1,<environment.Job instance at 0x14c1b9197d70>,21,3,[12  1],29,30,33,1,29
1,<environment.Job instance at 0x14c1b9197410>,22,20,[8 1],30,33,53,3,30
1,<environment.Job instance at 0x14c164bc53c0>,23,2,[7 1],31,43,45,12,31
1,<environment.Job instance at 0x14c164bc5cd0>,26,2,[1 8],39,40,42,1,39
1,<environment.Job instance at 0x14c161b34280>,32,3,[1 8],51,53,56,2,53
1,<environment.Job instance at 0x14c161b34230>,33,1,[8 1],53,57,58,4,57
1,<environment.Job instance at 0x14c161b34f50>,34,16,[9 1],54,60,76,6,60
1,<environment.Job instance at 0x14c161b34730>,35,12,[7 2],56,76,88,20,67
1,<environment.Job instance at 0x14c161b344b0>,36,15,[ 2 10],62,67,82,5,67
1,<environment.Job instance at 0x14c161b340f0>,37,2,[5 2],63,76,78,13,69
1,<environment.Job instance at 0x14c161b347d0>,38,2,[7 2],64,82,84,18,69
1,<environment.Job instance at 0x14c161b346e0>,39,2,[5 2],66,78,80,12,69
1,<environment.Job instance at 0x14c161b34460>,40,1,[ 2 10],67,84,85,17,69
1,<environment.Job instance at 0x14c161b345f0>,41,1,[6 2],68,80,81,12,69
1,<environment.Job instance at 0x14c161b34690>,42,2,[ 1 12],69,85,87,16,69
1,<environment.Job instance at 0x14c1620107d0>,43,16,[2 9],70,87,103,17,74
1,<environment.Job instance at 0x14c1620109b0>,44,2,[5 2],71,87,89,16,75
1,<environment.Job instance at 0x14c162010640>,45,21,[5 1],72,88,109,16,80
1,<environment.Job instance at 0x14c162010410>,46,3,[2 8],73,103,106,30,80
1,<environment.Job instance at 0x14c161d7f230>,47,3,[8 2],75,89,92,14,80
1,<environment.Job instance at 0x14c161d7f3c0>,48,1,[ 2 10],76,106,107,30,80
1,<environment.Job instance at 0x14c161d7f9b0>,49,2,[1 6],77,82,84,5,80
1,<environment.Job instance at 0x14c161d7faf0>,50,2,[8 1],78,92,94,14,80
1,<environment.Job instance at 0x14c1665cce10>,51,1,[2 7],80,107,108,27,80
1,<environment.Job instance at 0x14c1665cc820>,52,2,[1 8],81,108,110,27,81
1,<environment.Job instance at 0x14c1665cc8c0>,53,13,[7 1],82,94,107,12,82
1,<environment.Job instance at 0x14c1665ccd20>,54,3,[ 2 10],85,110,113,25,85
1,<environment.Job instance at 0x14c164a21b40>,55,2,[2 7],86,113,115,27,86
1,<environment.Job instance at 0x14c161e1e1e0>,56,22,[ 2 10],87,115,137,28,108
1,<environment.Job instance at 0x14c1665ccbe0>,57,2,[10  2],88,109,111,21,108
1,<environment.Job instance at 0x14c1665cc410>,58,2,[1 7],89,113,115,24,108
1,<environment.Job instance at 0x14c164bc5e60>,30,3,[11  1],49,165,168,116,165
1,<environment.Job instance at 0x14c161afbb90>,11,23,[9 1],16,168,191,152,167
1,<environment.Job instance at 0x14c161b34870>,31,13,[ 2 11],50,602,615,552,602
1,<environment.Job instance at 0x14c161fa2c80>,15,17,[10  1],26,26,43,0,26
1,<environment.Job instance at 0x14c161d325f0>,28,1,[9 1],44,47,48,3,47
1,<environment.Job instance at 0x14c161d32550>,30,12,[2 8],48,50,62,2,50
1,<environment.Job instance at 0x14c161d32780>,29,1,[ 2 10],45,62,63,17,50
1,<environment.Job instance at 0x14c161d32370>,34,2,[8 1],55,55,57,0,55
1,<environment.Job instance at 0x14c1617bf780>,35,13,[8 2],56,57,70,1,56
1,<environment.Job instance at 0x14c1617bf320>,36,1,[7 1],57,63,64,6,57
1,<environment.Job instance at 0x14c1617bff50>,44,1,[1 7],70,73,74,3,73
1,<environment.Job instance at 0x14c1618ba050>,45,21,[9 1],71,77,98,6,77
1,<environment.Job instance at 0x14c164b933c0>,48,2,[5 1],75,77,79,2,77
1,<environment.Job instance at 0x14c16c2a7f00>,49,2,[ 2 10],76,79,81,3,77
1,<environment.Job instance at 0x14c164ec1e10>,50,3,[5 1],77,81,84,4,77
1,<environment.Job instance at 0x14c16c4173c0>,51,1,[1 9],79,81,82,2,79
1,<environment.Job instance at 0x14c16618aaf0>,52,1,[2 7],80,84,85,4,80
1,<environment.Job instance at 0x14c164a2da50>,53,2,[1 8],81,82,84,1,81
1,<environment.Job instance at 0x14c16618ae10>,54,1,[1 9],83,85,86,2,83
1,<environment.Job instance at 0x14c164f73eb0>,55,2,[ 2 10],85,86,88,1,85
1,<environment.Job instance at 0x14c164a720f0>,56,3,[9 1],86,98,101,12,86
1,<environment.Job instance at 0x14c1617ee370>,57,12,[9 1],87,101,113,14,88
1,<environment.Job instance at 0x14c1617ee960>,58,20,[ 2 11],88,88,108,0,88
1,<environment.Job instance at 0x14c161fa2aa0>,19,3,[ 2 13],32,119,122,87,119
1,<environment.Job instance at 0x14c161d32d70>,25,12,[2 8],41,122,134,81,122
1,<environment.Job instance at 0x14c1661bc5f0>,21,2,[1 8],27,27,29,0,27
1,<environment.Job instance at 0x14c1664a7140>,25,27,[6 1],31,31,58,0,31
1,<environment.Job instance at 0x14c1661bc780>,23,3,[2 5],29,32,35,3,32
1,<environment.Job instance at 0x14c1618120f0>,28,16,[5 2],34,36,52,2,36
1,<environment.Job instance at 0x14c161812e60>,29,2,[2 9],35,36,38,1,36
1,<environment.Job instance at 0x14c161812460>,30,13,[2 8],37,40,53,3,40
1,<environment.Job instance at 0x14c161812b90>,31,3,[7 2],38,52,55,14,41
1,<environment.Job instance at 0x14c161812280>,32,17,[ 2 10],39,53,70,14,41
1,<environment.Job instance at 0x14c161812be0>,33,1,[1 8],42,70,71,28,42
1,<environment.Job instance at 0x14c161aa35a0>,34,16,[5 2],43,55,71,12,43
1,<environment.Job instance at 0x14c161aa3730>,35,1,[6 1],45,58,59,13,45
1,<environment.Job instance at 0x14c1661bcd70>,19,1,[7 1],25,70,71,45,70
1,<environment.Job instance at 0x14c161aa3d70>,36,28,[14  1],48,71,99,23,70
1,<environment.Job instance at 0x14c161aa3aa0>,41,3,[2 9],53,99,102,46,73
1,<environment.Job instance at 0x14c161aa3a50>,42,17,[1 8],55,73,90,18,73
1,<environment.Job instance at 0x14c161aa33c0>,39,1,[6 1],51,99,100,48,73
1,<environment.Job instance at 0x14c161aa3e10>,43,2,[11  2],56,100,102,44,73
1,<environment.Job instance at 0x14c161aa3870>,45,2,[1 8],59,90,92,31,73
1,<environment.Job instance at 0x14c16cca7fa0>,46,2,[1 5],60,92,94,32,73
1,<environment.Job instance at 0x14c16cca7730>,47,1,[1 5],61,94,95,33,73
1,<environment.Job instance at 0x14c16cca7140>,50,17,[5 2],64,102,119,38,90
1,<environment.Job instance at 0x14c16cca73c0>,53,1,[2 7],68,102,103,34,90
1,<environment.Job instance at 0x14c16cca7460>,54,2,[2 6],69,102,104,33,90
1,<environment.Job instance at 0x14c16cca7cd0>,55,17,[5 2],70,103,120,33,91
1,<environment.Job instance at 0x14c161804870>,56,2,[5 1],72,104,106,32,91
1,<environment.Job instance at 0x14c16657e140>,57,2,[8 2],73,119,121,46,93
1,<environment.Job instance at 0x14c16643c690>,59,14,[1 9],76,106,120,30,93
1,<environment.Job instance at 0x14c1620b2820>,60,1,[2 8],77,120,121,43,93
1,<environment.Job instance at 0x14c16657ee60>,61,18,[10  2],78,121,139,43,110
1,<environment.Job instance at 0x14c16657e0f0>,62,12,[2 9],79,121,133,42,110
1,<environment.Job instance at 0x14c166e14c30>,58,2,[12  1],75,139,141,64,112
1,<environment.Job instance at 0x14c1661462d0>,63,15,[2 5],80,133,148,53,119
1,<environment.Job instance at 0x14c1617de0a0>,65,2,[1 8],83,133,135,50,119
1,<environment.Job instance at 0x14c1617dea00>,66,17,[7 1],84,141,158,57,129
1,<environment.Job instance at 0x14c16ce6a820>,67,16,[8 2],85,148,164,63,135
1,<environment.Job instance at 0x14c16177b140>,69,1,[10  1],89,164,165,75,136
1,<environment.Job instance at 0x14c161812140>,27,17,[7 2],33,168,185,135,168
1,<environment.Job instance at 0x14c167e5a5a0>,11,17,[8 1],17,17,34,0,17
1,<environment.Job instance at 0x14c167e5a460>,13,2,[2 5],19,21,23,2,21
1,<environment.Job instance at 0x14c167e5a0f0>,15,16,[2 5],21,21,37,0,21
1,<environment.Job instance at 0x14c167e5a0a0>,17,12,[ 1 10],23,34,46,11,24
1,<environment.Job instance at 0x14c167e5aeb0>,18,2,[1 7],24,27,29,3,27
1,<environment.Job instance at 0x14c167e5a820>,19,1,[6 2],27,37,38,10,28
1,<environment.Job instance at 0x14c167e5aaa0>,20,3,[5 2],28,29,32,1,29
1,<environment.Job instance at 0x14c162080f50>,22,3,[2 7],30,46,49,16,30
1,<environment.Job instance at 0x14c161e1aa50>,23,2,[8 2],32,37,39,5,32
1,<environment.Job instance at 0x14c161e1a190>,24,14,[2 9],37,49,63,12,38
1,<environment.Job instance at 0x14c161e1a5a0>,25,1,[5 2],39,40,41,1,40
1,<environment.Job instance at 0x14c161e1ae60>,26,13,[7 2],40,40,53,0,40
1,<environment.Job instance at 0x14c161e1ac80>,27,1,[7 2],42,42,43,0,42
1,<environment.Job instance at 0x14c161e1a7d0>,28,1,[2 8],43,63,64,20,43
1,<environment.Job instance at 0x14c161e1a870>,29,2,[2 9],44,64,66,20,44
1,<environment.Job instance at 0x14c161e1ab40>,30,3,[2 6],45,46,49,1,45
1,<environment.Job instance at 0x14c161e1abe0>,31,2,[7 1],47,53,55,6,47
1,<environment.Job instance at 0x14c161e1ae10>,32,1,[ 1 10],48,66,67,18,48
1,<environment.Job instance at 0x14c161e1a0f0>,33,26,[2 5],49,53,79,4,50
1,<environment.Job instance at 0x14c161e1a370>,34,3,[1 9],51,67,70,16,51
1,<environment.Job instance at 0x14c162080730>,21,15,[8 1],29,67,82,38,57
1,<environment.Job instance at 0x14c16c3e4960>,35,17,[1 5],52,70,87,18,58
1,<environment.Job instance at 0x14c16c3e48c0>,37,1,[1 8],55,79,80,24,58
1,<environment.Job instance at 0x14c16c3e4370>,38,1,[10  2],59,63,64,4,59
1,<environment.Job instance at 0x14c16c3e45f0>,39,2,[2 6],60,80,82,20,60
1,<environment.Job instance at 0x14c16c3e44b0>,40,1,[1 5],61,82,83,21,62
1,<environment.Job instance at 0x14c16c3e45a0>,41,3,[7 2],63,82,85,19,63
1,<environment.Job instance at 0x14c16c3e4230>,42,1,[2 8],64,83,84,19,64
1,<environment.Job instance at 0x14c16c3e4280>,43,18,[1 7],66,84,102,18,73
1,<environment.Job instance at 0x14c16c3e4b90>,44,3,[10  1],68,85,88,17,73
1,<environment.Job instance at 0x14c16c3e47d0>,45,2,[ 2 13],69,102,104,33,75
1,<environment.Job instance at 0x14c16c3e4cd0>,46,3,[7 2],71,88,91,17,75
1,<environment.Job instance at 0x14c16c3e40a0>,36,3,[8 1],54,91,94,37,80
1,<environment.Job instance at 0x14c16652aeb0>,49,1,[1 9],75,104,105,29,85
1,<environment.Job instance at 0x14c16652af00>,50,3,[6 2],76,96,99,20,96
1,<environment.Job instance at 0x14c16652a690>,51,16,[ 1 11],77,105,121,28,100
1,<environment.Job instance at 0x14c16652a640>,52,1,[2 6],78,104,105,26,102
1,<environment.Job instance at 0x14c16201adc0>,53,1,[1 5],80,121,122,41,103
1,<environment.Job instance at 0x14c16201a280>,54,2,[2 8],81,121,123,40,114
1,<environment.Job instance at 0x14c16201a5f0>,55,24,[2 9],82,123,147,41,120
1,<environment.Job instance at 0x14c16652a4b0>,47,28,[2 5],73,122,150,49,122
1,<environment.Job instance at 0x14c16201a2d0>,57,18,[5 2],87,147,165,60,136
1,<environment.Job instance at 0x14c16201a140>,58,1,[1 6],88,147,148,59,136
1,<environment.Job instance at 0x14c16201a500>,56,3,[2 5],85,151,154,66,151
1,<environment.Job instance at 0x14c167e5a500>,14,3,[9 1],20,162,165,142,162
1,<environment.Job instance at 0x14c167e5a910>,12,1,[ 2 13],18,165,166,147,162
1,<environment.Job instance at 0x14c162060e10>,13,13,[10  1],18,18,31,0,18
1,<environment.Job instance at 0x14c162060b90>,15,2,[8 1],20,31,33,11,20
1,<environment.Job instance at 0x14c162060fa0>,16,1,[6 2],21,31,32,10,21
1,<environment.Job instance at 0x14c16298eeb0>,18,1,[2 5],24,24,25,0,24
1,<environment.Job instance at 0x14c16298e320>,19,3,[10  2],27,33,36,6,27
1,<environment.Job instance at 0x14c16298ecd0>,20,1,[2 7],28,28,29,0,28
1,<environment.Job instance at 0x14c16298ef00>,21,2,[ 1 14],30,36,38,6,30
1,<environment.Job instance at 0x14c16298e280>,22,1,[7 2],31,32,33,1,31
1,<environment.Job instance at 0x14c16298e640>,23,3,[9 1],32,36,39,4,32
1,<environment.Job instance at 0x14c16298e2d0>,24,15,[6 1],33,38,53,5,33
1,<environment.Job instance at 0x14c16298edc0>,26,2,[1 5],36,39,41,3,36
1,<environment.Job instance at 0x14c16298e410>,27,3,[2 8],37,39,42,2,37
1,<environment.Job instance at 0x14c1617ff3c0>,28,17,[10  1],38,53,70,15,41
1,<environment.Job instance at 0x14c1617ffaa0>,29,26,[5 2],39,41,67,2,41
1,<environment.Job instance at 0x14c1617ffbe0>,30,1,[8 2],40,70,71,30,42
1,<environment.Job instance at 0x14c1617ff1e0>,31,2,[2 6],41,42,44,1,42
1,<environment.Job instance at 0x14c1617ff2d0>,32,3,[1 9],42,44,47,2,42
1,<environment.Job instance at 0x14c1617ffc30>,33,2,[1 7],44,47,49,3,44
1,<environment.Job instance at 0x14c1617ff960>,34,3,[2 9],45,49,52,4,45
1,<environment.Job instance at 0x14c1617ff050>,35,2,[6 1],46,70,72,24,46
1,<environment.Job instance at 0x14c1617ffa00>,36,1,[5 1],47,67,68,20,47
1,<environment.Job instance at 0x14c1617ffd70>,37,16,[2 6],48,71,87,23,58
1,<environment.Job instance at 0x14c16505f7d0>,40,1,[ 1 10],55,68,69,13,58
1,<environment.Job instance at 0x14c16505ffa0>,41,3,[1 9],56,72,75,16,58
1,<environment.Job instance at 0x14c16505f820>,42,2,[9 2],58,75,77,17,58
1,<environment.Job instance at 0x14c16505fdc0>,44,21,[10  2],62,77,98,15,69
1,<environment.Job instance at 0x14c16505fc30>,47,14,[2 5],67,75,89,8,69
1,<environment.Job instance at 0x14c161a53370>,48,13,[1 5],71,87,100,16,71
1,<environment.Job instance at 0x14c161b2dcd0>,49,2,[6 1],73,98,100,25,73
1,<environment.Job instance at 0x14c164a72320>,50,1,[ 1 12],74,100,101,26,74
1,<environment.Job instance at 0x14c162cd2a00>,51,1,[10  2],75,100,101,25,75
1,<environment.Job instance at 0x14c162cd23c0>,52,3,[2 9],76,101,104,25,76
1,<environment.Job instance at 0x14c162cd2a50>,53,13,[2 9],77,104,117,27,88
1,<environment.Job instance at 0x14c162cd0820>,54,12,[5 2],79,101,113,22,88
1,<environment.Job instance at 0x14c162cd2410>,55,1,[9 1],80,113,114,33,88
1,<environment.Job instance at 0x14c1617ffe10>,38,2,[7 1],50,103,105,53,103
1,<environment.Job instance at 0x14c162cd2730>,56,20,[9 1],81,114,134,33,105
1,<environment.Job instance at 0x14c16c1b5e10>,60,1,[5 1],86,105,106,19,105
1,<environment.Job instance at 0x14c161f4a0f0>,61,3,[8 1],87,106,109,19,105
1,<environment.Job instance at 0x14c164f059b0>,62,2,[6 2],88,109,111,21,105
1,<environment.Job instance at 0x14c164e4d690>,63,3,[9 2],89,134,137,45,109
1,<environment.Job instance at 0x14c1661f7fa0>,59,1,[12  2],85,153,154,68,153
1,<environment.Job instance at 0x14c162cd2fa0>,58,2,[13  1],84,271,273,187,271
1,<environment.Job instance at 0x14c164b46aa0>,16,20,[7 2],29,29,49,0,29
1,<environment.Job instance at 0x14c164b46e10>,21,1,[8 1],36,36,37,0,36
1,<environment.Job instance at 0x14c164b46500>,22,3,[1 6],37,37,40,0,37
1,<environment.Job instance at 0x14c164b46190>,23,2,[1 6],38,38,40,0,38
1,<environment.Job instance at 0x14c164b46eb0>,24,1,[2 5],39,40,41,1,39
1,<environment.Job instance at 0x14c1621e1910>,25,14,[ 2 10],40,41,55,1,40
1,<environment.Job instance at 0x14c1621e1c80>,26,1,[ 1 13],41,55,56,14,41
1,<environment.Job instance at 0x14c1621e1e10>,28,1,[5 2],43,43,44,0,43
1,<environment.Job instance at 0x14c1621e1500>,29,12,[2 9],44,56,68,12,44
1,<environment.Job instance at 0x14c1621e1190>,30,1,[11  1],53,53,54,0,53
1,<environment.Job instance at 0x14c1621e1f00>,31,2,[5 1],54,54,56,0,54
1,<environment.Job instance at 0x14c1621e18c0>,32,2,[1 6],55,56,58,1,55
1,<environment.Job instance at 0x14c1621e1690>,33,2,[1 8],56,68,70,12,58
1,<environment.Job instance at 0x14c1621e10a0>,34,1,[6 1],57,58,59,1,58
1,<environment.Job instance at 0x14c164b46320>,19,3,[ 2 10],32,70,73,38,58
1,<environment.Job instance at 0x14c1621e1550>,35,18,[10  2],59,59,77,0,59
1,<environment.Job instance at 0x14c1660765a0>,37,1,[2 9],61,73,74,12,61
1,<environment.Job instance at 0x14c166076690>,38,1,[1 5],62,68,69,6,62
1,<environment.Job instance at 0x14c166076a50>,39,16,[ 2 10],63,74,90,11,63
1,<environment.Job instance at 0x14c166076b40>,40,3,[5 1],64,77,80,13,64
1,<environment.Job instance at 0x14c1660760a0>,41,3,[1 7],65,90,93,25,65
1,<environment.Job instance at 0x14c166076500>,42,3,[10  2],67,80,83,13,68
1,<environment.Job instance at 0x14c166076460>,43,17,[9 2],69,83,100,14,71
1,<environment.Job instance at 0x14c166076e60>,44,2,[9 2],71,100,102,29,74
1,<environment.Job instance at 0x14c1622c2820>,45,2,[2 7],75,93,95,18,75
1,<environment.Job instance at 0x14c161cf46e0>,46,1,[8 1],76,77,78,1,76
1,<environment.Job instance at 0x14c161cf4d20>,47,15,[7 1],77,102,117,25,88
1,<environment.Job instance at 0x14c161a11e10>,48,1,[1 8],78,95,96,17,88
1,<environment.Job instance at 0x14c161cf4780>,49,12,[7 2],79,102,114,23,88
1,<environment.Job instance at 0x14c161cf49b0>,50,13,[1 9],80,96,109,16,88
1,<environment.Job instance at 0x14c161cf4230>,51,2,[7 2],81,114,116,33,88
1,<environment.Job instance at 0x14c1618fae10>,52,1,[ 2 10],82,116,117,34,88
1,<environment.Job instance at 0x14c1618fabe0>,53,16,[1 7],83,117,133,34,104
1,<environment.Job instance at 0x14c1618fa960>,55,3,[10  1],87,117,120,30,105
1,<environment.Job instance at 0x14c164b46c80>,18,2,[2 6],31,117,119,86,106
1,<environment.Job instance at 0x14c1618faa50>,56,1,[9 2],88,120,121,32,106
1,<environment.Job instance at 0x14c1621e1d70>,27,12,[ 1 14],42,149,161,107,149
1,<environment.Job instance at 0x14c1617c0870>,17,3,[6 1],22,24,27,2,24
1,<environment.Job instance at 0x14c1617c0c30>,23,2,[2 5],30,31,33,1,31
1,<environment.Job instance at 0x14c16209d5f0>,26,12,[6 1],33,36,48,3,36
1,<environment.Job instance at 0x14c1617c0320>,15,2,[8 2],20,36,38,16,36
1,<environment.Job instance at 0x14c16209dd70>,27,13,[8 1],34,38,51,4,37
1,<environment.Job instance at 0x14c16209dc30>,29,2,[1 7],36,39,41,3,39
1,<environment.Job instance at 0x14c1617c0c80>,24,3,[1 9],31,61,64,30,61
1,<environment.Job instance at 0x14c16209d8c0>,30,2,[1 6],37,87,89,50,87
1,<environment.Job instance at 0x14c16209d370>,33,3,[8 2],41,100,103,59,100
1,<environment.Job instance at 0x14c16209d460>,34,3,[ 2 10],42,125,128,83,125
1,<environment.Job instance at 0x14c16209dcd0>,35,2,[9 1],44,126,128,82,126
1,<environment.Job instance at 0x14c16209de60>,36,1,[2 5],45,131,132,86,131
1,<environment.Job instance at 0x14c16209db40>,38,2,[2 8],50,141,143,91,141
1,<environment.Job instance at 0x14c16209daa0>,39,17,[1 8],52,143,160,91,142
1,<environment.Job instance at 0x14c16209ddc0>,37,3,[1 8],47,160,163,113,145
1,<environment.Job instance at 0x14c16209d050>,40,15,[10  1],53,145,160,92,145
1,<environment.Job instance at 0x14c1661b45a0>,42,12,[1 7],56,160,172,104,151
1,<environment.Job instance at 0x14c1661b4dc0>,43,3,[8 1],57,163,166,106,152
1,<environment.Job instance at 0x14c1661b49b0>,44,3,[10  1],58,166,169,108,155
1,<environment.Job instance at 0x14c1661b4870>,45,3,[1 8],59,169,172,110,158
1,<environment.Job instance at 0x14c1661b4cd0>,46,2,[2 9],60,172,174,112,161
1,<environment.Job instance at 0x14c1661b4320>,47,2,[8 2],61,172,174,111,163
1,<environment.Job instance at 0x14c1661b4fa0>,49,16,[7 2],64,174,190,110,163
1,<environment.Job instance at 0x14c1661b4e60>,50,1,[ 2 10],65,174,175,109,166
1,<environment.Job instance at 0x14c1661b4af0>,51,3,[ 2 10],67,175,178,108,169
1,<environment.Job instance at 0x14c1661b4230>,52,12,[ 2 11],68,178,190,110,170
1,<environment.Job instance at 0x14c1661b4550>,48,2,[8 1],62,190,192,128,174
1,<environment.Job instance at 0x14c1661b4b90>,53,13,[1 7],70,190,203,120,174
1,<environment.Job instance at 0x14c1661b4690>,55,3,[2 5],73,190,193,117,175
1,<environment.Job instance at 0x14c1661b4b40>,56,13,[1 5],74,193,206,119,177
1,<environment.Job instance at 0x14c1661b4190>,57,15,[5 1],76,192,207,116,188
1,<environment.Job instance at 0x14c1661b4730>,58,23,[2 5],77,203,226,126,198
1,<environment.Job instance at 0x14c1661b4f50>,60,18,[8 2],79,206,224,127,198
1,<environment.Job instance at 0x14c1661b41e0>,61,16,[2 9],80,224,240,144,214
1,<environment.Job instance at 0x14c1661b4820>,62,3,[2 6],81,215,218,134,215
1,<environment.Job instance at 0x14c1661ff7d0>,63,3,[2 6],82,252,255,170,252
1,<environment.Job instance at 0x14c1661ffaf0>,65,3,[7 1],84,366,369,282,366
1,<environment.Job instance at 0x14c1617c05f0>,21,17,[12  1],27,450,467,423,450
1,<environment.Job instance at 0x14c16209d190>,32,1,[2 7],40,450,451,410,450
1,<environment.Job instance at 0x14c1661ff0a0>,66,2,[2 6],85,451,453,366,450
1,<environment.Job instance at 0x14c1661ff9b0>,64,1,[5 2],83,561,562,478,561
1,<environment.Job instance at 0x14c1621c95f0>,0,2,[2 8],1,1,3,0,1
1,<environment.Job instance at 0x14c166032640>,1,17,[11  2],2,27,44,25,27
1,<environment.Job instance at 0x14c16cd0ad70>,5,16,[2 8],8,27,43,19,27
1,<environment.Job instance at 0x14c16cd0aaf0>,7,18,[2 5],10,27,45,17,27
1,<environment.Job instance at 0x14c16cd0aa00>,8,3,[10  2],11,44,47,33,27
1,<environment.Job instance at 0x14c16cd0a870>,10,3,[10  1],15,47,50,32,27
1,<environment.Job instance at 0x14c16cd0ab90>,11,3,[6 2],16,50,53,34,27
1,<environment.Job instance at 0x14c16cd0a8c0>,12,18,[ 1 14],17,53,71,36,42
1,<environment.Job instance at 0x14c16cd0a3c0>,15,1,[6 1],20,50,51,30,42
1,<environment.Job instance at 0x14c16cd0a5f0>,17,1,[2 7],22,43,44,21,42
1,<environment.Job instance at 0x14c16cd0afa0>,18,3,[7 1],23,51,54,28,42
1,<environment.Job instance at 0x14c16cd0a7d0>,19,1,[8 2],24,71,72,47,48
1,<environment.Job instance at 0x14c16cd0ac80>,22,2,[8 2],28,72,74,44,48
1,<environment.Job instance at 0x14c16cd0a0a0>,23,13,[6 1],29,54,67,25,50
1,<environment.Job instance at 0x14c16edd8230>,24,3,[10  1],31,67,70,36,50
1,<environment.Job instance at 0x14c16edd8190>,25,14,[6 1],33,70,84,37,55
1,<environment.Job instance at 0x14c16edd8a00>,26,2,[10  1],34,84,86,50,57
1,<environment.Job instance at 0x14c16edd84b0>,28,1,[5 2],38,74,75,36,57
1,<environment.Job instance at 0x14c16edd8fa0>,29,1,[8 1],39,75,76,36,57
1,<environment.Job instance at 0x14c16edd8f50>,30,14,[1 6],41,71,85,30,57
1,<environment.Job instance at 0x14c16edd8b90>,31,12,[1 7],44,76,88,32,59
1,<environment.Job instance at 0x14c16edd89b0>,32,3,[2 7],45,85,88,40,59
1,<environment.Job instance at 0x14c16edd8e60>,33,3,[10  2],48,88,91,40,62
1,<environment.Job instance at 0x14c16edd88c0>,34,17,[5 2],50,88,105,38,76
1,<environment.Job instance at 0x14c161c08730>,37,19,[ 2 14],55,105,124,50,95
1,<environment.Job instance at 0x14c161c08550>,41,17,[2 6],60,124,141,64,112
1,<environment.Job instance at 0x14c164b158c0>,45,2,[10  1],66,112,114,46,112
1,<environment.Job instance at 0x14c1665272d0>,51,1,[9 2],73,124,125,51,112
1,<environment.Job instance at 0x14c166527370>,54,3,[10  2],78,125,128,47,112
1,<environment.Job instance at 0x14c166527870>,56,2,[7 1],80,114,116,34,112
1,<environment.Job instance at 0x14c1665273c0>,57,2,[10  1],81,116,118,35,112
1,<environment.Job instance at 0x14c167e5a460>,58,1,[1 7],82,124,125,42,112
1,<environment.Job instance at 0x14c167e5ae60>,60,13,[ 2 11],85,141,154,56,125
1,<environment.Job instance at 0x14c162994690>,3,3,[2 5],5,127,130,122,127
1,<environment.Job instance at 0x14c16196ef50>,7,2,[ 1 10],12,12,14,0,12
1,<environment.Job instance at 0x14c16196e910>,16,16,[ 2 10],25,33,49,8,33
1,<environment.Job instance at 0x14c16196e280>,17,2,[5 1],27,41,43,14,41
1,<environment.Job instance at 0x14c16196ec80>,18,3,[6 1],28,42,45,14,42
1,<environment.Job instance at 0x14c16196eaf0>,19,1,[10  1],29,45,46,16,42
1,<environment.Job instance at 0x14c16196ec30>,20,15,[7 1],30,46,61,16,42
1,<environment.Job instance at 0x14c16196e690>,21,3,[ 2 10],31,49,52,18,42
1,<environment.Job instance at 0x14c16196e2d0>,22,17,[2 9],33,52,69,19,42
1,<environment.Job instance at 0x14c165148550>,23,1,[9 2],34,61,62,27,42
1,<environment.Job instance at 0x14c165148d20>,24,3,[2 9],35,69,72,34,45
1,<environment.Job instance at 0x14c1651485f0>,25,3,[2 5],36,52,55,16,49
1,<environment.Job instance at 0x14c165148460>,26,3,[1 7],37,72,75,35,51
1,<environment.Job instance at 0x14c165148b40>,27,2,[2 6],38,62,64,24,51
1,<environment.Job instance at 0x14c165148f50>,28,2,[5 2],39,55,57,16,52
1,<environment.Job instance at 0x14c1651480f0>,29,12,[ 1 10],40,75,87,35,58
1,<environment.Job instance at 0x14c1651483c0>,30,2,[1 5],41,70,72,29,70
1,<environment.Job instance at 0x14c165148820>,32,1,[10  1],43,80,81,37,80
1,<environment.Job instance at 0x14c165148730>,33,3,[1 7],45,87,90,42,80
1,<environment.Job instance at 0x14c1651488c0>,34,1,[10  2],47,81,82,34,80
1,<environment.Job instance at 0x14c16cdde410>,36,13,[1 6],50,87,100,37,80
1,<environment.Job instance at 0x14c16cddefa0>,37,2,[1 8],51,90,92,39,83
1,<environment.Job instance at 0x14c16cdde870>,38,17,[6 1],52,83,100,31,83
1,<environment.Job instance at 0x14c16cdde9b0>,39,1,[8 1],53,83,84,30,83
1,<environment.Job instance at 0x14c16cdde190>,40,3,[1 6],54,92,95,38,83
1,<environment.Job instance at 0x14c16cddeeb0>,41,2,[1 9],57,100,102,43,83
1,<environment.Job instance at 0x14c16cdde780>,42,17,[2 7],58,102,119,44,101
1,<environment.Job instance at 0x14c16cdde5a0>,43,12,[5 1],59,103,115,44,103
1,<environment.Job instance at 0x14c16cdde820>,44,16,[1 7],61,104,120,43,104
1,<environment.Job instance at 0x14c16cdde2d0>,45,3,[2 6],62,119,122,57,109
1,<environment.Job instance at 0x14c16cddeaa0>,46,17,[6 1],65,115,132,50,109
1,<environment.Job instance at 0x14c16cdde3c0>,47,3,[2 8],66,120,123,54,112
1,<environment.Job instance at 0x14c164ada460>,48,2,[9 1],68,123,125,55,114
1,<environment.Job instance at 0x14c164adae60>,49,12,[5 2],69,125,137,56,115
1,<environment.Job instance at 0x14c164adae10>,50,1,[1 9],70,125,126,55,115
1,<environment.Job instance at 0x14c164ada7d0>,51,1,[1 5],71,122,123,51,115
1,<environment.Job instance at 0x14c16cdde370>,35,1,[6 1],49,119,120,70,118
1,<environment.Job instance at 0x14c164ada280>,52,26,[2 7],72,126,152,54,123
1,<environment.Job instance at 0x14c164ada820>,54,3,[2 9],74,152,155,78,126
1,<environment.Job instance at 0x14c164adaeb0>,55,15,[8 1],76,132,147,56,132
1,<environment.Job instance at 0x14c164ada730>,56,1,[2 7],77,137,138,60,132
1,<environment.Job instance at 0x14c164adab40>,57,1,[7 2],78,147,148,69,133
1,<environment.Job instance at 0x14c164adaa50>,58,25,[1 7],79,155,180,76,151
1,<environment.Job instance at 0x14c164ada0f0>,59,1,[ 2 10],80,180,181,100,153
1,<environment.Job instance at 0x14c164ada4b0>,60,2,[2 5],81,154,156,73,154
1,<environment.Job instance at 0x14c1649da320>,61,15,[7 2],82,155,170,73,155
1,<environment.Job instance at 0x14c1649daf00>,62,1,[7 2],85,156,157,71,156
1,<environment.Job instance at 0x14c1649daaf0>,63,1,[1 8],86,170,171,84,162
1,<environment.Job instance at 0x14c1649dadc0>,64,2,[1 7],87,171,173,84,163
1,<environment.Job instance at 0x14c1649da0f0>,65,22,[ 1 10],88,181,203,93,174
1,<environment.Job instance at 0x14c16196e550>,12,3,[14  2],18,245,248,227,245
1,<environment.Job instance at 0x14c1649da730>,66,2,[1 6],89,246,248,157,246
1,<environment.Job instance at 0x1472af65c460>,4,2,[7 2],5,8,10,3,8
1,<environment.Job instance at 0x1472586e2be0>,15,1,[ 1 10],20,20,21,0,20
1,<environment.Job instance at 0x1472586e5140>,20,2,[ 1 13],27,29,31,2,29
1,<environment.Job instance at 0x1472586e5a50>,25,2,[2 8],34,34,36,0,34
1,<environment.Job instance at 0x1472586e71e0>,32,3,[2 9],42,65,68,23,65
1,<environment.Job instance at 0x1472586e76e0>,36,3,[10  2],48,65,68,17,65
1,<environment.Job instance at 0x1472586e7690>,37,2,[ 1 10],50,68,70,18,65
1,<environment.Job instance at 0x1472586e75f0>,38,1,[8 1],51,68,69,17,65
1,<environment.Job instance at 0x1472586e74b0>,39,3,[1 5],52,69,72,17,65
1,<environment.Job instance at 0x1472586e77d0>,40,3,[1 6],53,70,73,17,65
1,<environment.Job instance at 0x1472586e78c0>,41,25,[12  2],54,70,95,16,66
1,<environment.Job instance at 0x1472586e7a00>,42,1,[10  1],56,95,96,39,67
1,<environment.Job instance at 0x1472586e7aa0>,43,3,[7 2],57,96,99,39,71
1,<environment.Job instance at 0x1472586e7910>,44,3,[1 8],58,74,77,16,74
1,<environment.Job instance at 0x1472586e7be0>,45,3,[2 8],60,77,80,17,75
1,<environment.Job instance at 0x1472586e7c80>,46,2,[2 8],61,80,82,19,75
1,<environment.Job instance at 0x1472586e7cd0>,47,1,[1 6],63,82,83,19,75
1,<environment.Job instance at 0x1472586e7d20>,48,1,[2 9],65,83,84,18,76
1,<environment.Job instance at 0x1472586e7410>,35,2,[1 8],45,84,86,39,76
1,<environment.Job instance at 0x1472586e9320>,50,12,[9 1],68,99,111,31,88
1,<environment.Job instance at 0x1472586e95a0>,51,2,[8 2],69,97,99,28,97
1,<environment.Job instance at 0x1472586e92d0>,49,16,[8 2],66,111,127,45,100
1,<environment.Job instance at 0x1472586e98c0>,54,2,[2 5],75,102,104,27,102
1,<environment.Job instance at 0x1472586e9be0>,56,1,[10  2],79,127,128,48,103
1,<environment.Job instance at 0x1472586e9d70>,57,22,[1 5],80,104,126,24,104
1,<environment.Job instance at 0x1472586e9d20>,58,15,[2 9],82,126,141,44,112
1,<environment.Job instance at 0x1472586e9f00>,60,17,[8 1],86,128,145,42,116
1,<environment.Job instance at 0x1472586e9b90>,61,3,[1 5],87,116,119,29,116
1,<environment.Job instance at 0x1472586e9af0>,62,3,[9 2],88,145,148,57,119
1,<environment.Job instance at 0x1472586ec230>,63,3,[10  1],89,148,151,59,122
1,<environment.Job instance at 0x1472586ec1e0>,64,12,[9 1],91,151,163,60,134
1,<environment.Job instance at 0x1472586ec140>,65,3,[2 9],92,141,144,49,134
1,<environment.Job instance at 0x1472586ec410>,66,3,[1 9],93,144,147,51,134
1,<environment.Job instance at 0x1472586ec190>,67,1,[13  1],94,163,164,69,135
1,<environment.Job instance at 0x1472586ec460>,68,3,[1 9],95,147,150,52,135
1,<environment.Job instance at 0x1472586ec5a0>,69,1,[2 5],96,135,136,39,135
1,<environment.Job instance at 0x1472586ec4b0>,70,2,[ 2 10],97,150,152,53,135
1,<environment.Job instance at 0x1472586ec7d0>,71,3,[2 9],99,152,155,53,136
1,<environment.Job instance at 0x1472586e9370>,52,2,[1 7],72,201,203,129,201
1,<environment.Job instance at 0x1472586e7320>,34,15,[11  1],44,215,230,171,215
1,<environment.Job instance at 0x1472586e5af0>,31,3,[9 2],41,252,255,211,252
1,<environment.Job instance at 0x147260f5ba50>,25,15,[10  2],35,35,50,0,35
1,<environment.Job instance at 0x147260f5bd70>,26,13,[ 1 10],36,36,49,0,36
1,<environment.Job instance at 0x147260f5bdc0>,27,16,[8 1],37,50,66,13,37
1,<environment.Job instance at 0x147260f5b230>,28,17,[1 9],39,49,66,10,39
1,<environment.Job instance at 0x147260f5baa0>,29,13,[2 9],40,66,79,26,50
1,<environment.Job instance at 0x147260f5b730>,30,1,[2 8],41,79,80,38,52
1,<environment.Job instance at 0x147260f5bb40>,31,1,[ 2 10],42,80,81,38,54
1,<environment.Job instance at 0x147260f5bbe0>,32,1,[ 2 14],43,81,82,38,59
1,<environment.Job instance at 0x147260f5b780>,33,1,[8 2],44,66,67,22,59
1,<environment.Job instance at 0x147260f5b6e0>,34,15,[5 1],45,59,74,14,59
1,<environment.Job instance at 0x147260f5b500>,35,18,[1 8],46,82,100,36,71
1,<environment.Job instance at 0x147260f5b410>,36,2,[ 1 10],50,100,102,50,74
1,<environment.Job instance at 0x147260f5b280>,37,3,[11  2],51,74,77,23,74
1,<environment.Job instance at 0x147260f5b4b0>,38,3,[ 2 10],52,102,105,50,76
1,<environment.Job instance at 0x147260f5b460>,39,3,[2 5],53,77,80,24,76
1,<environment.Job instance at 0x147260f5b050>,40,1,[8 1],54,77,78,23,76
1,<environment.Job instance at 0x147260f55780>,41,3,[5 2],56,82,85,26,76
1,<environment.Job instance at 0x147260f559b0>,42,15,[9 2],57,82,97,25,76
1,<environment.Job instance at 0x147260f55640>,43,18,[2 6],58,105,123,47,94
1,<environment.Job instance at 0x147260f55c80>,44,1,[1 6],59,97,98,38,95
1,<environment.Job instance at 0x147260f551e0>,45,1,[1 7],60,98,99,38,97
1,<environment.Job instance at 0x147260f55140>,46,3,[9 1],63,99,102,36,97
1,<environment.Job instance at 0x147260f550f0>,47,3,[12  1],64,103,106,39,103
1,<environment.Job instance at 0x147260f55190>,48,1,[1 8],66,105,106,39,103
1,<environment.Job instance at 0x147260f55910>,49,15,[1 6],67,106,121,39,103
1,<environment.Job instance at 0x147260f55690>,50,3,[7 2],68,106,109,38,103
1,<environment.Job instance at 0x147260f55960>,51,2,[1 8],69,121,123,52,103
1,<environment.Job instance at 0x147260f553c0>,52,3,[1 7],71,123,126,52,103
1,<environment.Job instance at 0x147260f555f0>,53,13,[ 1 14],72,126,139,54,110
1,<environment.Job instance at 0x147260f5f6e0>,23,3,[2 8],32,139,142,107,138
1,<environment.Job instance at 0x147260f55a00>,54,27,[1 8],73,142,169,69,140
1,<environment.Job instance at 0x1472af5f9e10>,56,2,[7 2],75,141,143,66,141
1,<environment.Job instance at 0x14725facbc30>,57,12,[6 1],76,141,153,65,141
1,<environment.Job instance at 0x14725fabd140>,58,28,[2 8],79,169,197,90,169
1,<environment.Job instance at 0x14725fabd190>,61,3,[ 2 10],86,197,200,111,173
1,<environment.Job instance at 0x14725e25a0a0>,62,2,[1 9],88,200,202,112,174
1,<environment.Job instance at 0x14725b555500>,63,2,[ 2 10],91,202,204,111,179
1,<environment.Job instance at 0x14725fabd8c0>,64,3,[5 2],92,179,182,87,179
1,<environment.Job instance at 0x147258733690>,65,15,[2 7],93,182,197,89,180
1,<environment.Job instance at 0x14725c40b9b0>,66,2,[ 2 10],94,204,206,110,182
1,<environment.Job instance at 0x14725af6a1e0>,67,2,[2 9],95,206,208,111,186
1,<environment.Job instance at 0x14725fabd370>,68,17,[ 2 10],96,208,225,112,196
1,<environment.Job instance at 0x14725af27eb0>,70,2,[9 1],99,197,199,98,196
1,<environment.Job instance at 0x147260f5ffa0>,21,2,[14  1],30,225,227,195,222
1,<environment.Job instance at 0x147260f5faf0>,22,1,[5 1],31,227,228,196,226
1,<environment.Job instance at 0x14725a369c80>,7,12,[7 1],10,11,23,1,11
1,<environment.Job instance at 0x14725a369af0>,12,2,[10  1],15,23,25,8,21
1,<environment.Job instance at 0x14725a369eb0>,17,17,[7 1],22,26,43,4,26
1,<environment.Job instance at 0x14725a3695a0>,15,16,[1 6],19,26,42,7,26
1,<environment.Job instance at 0x14725ae1d050>,22,12,[1 5],32,33,45,1,33
1,<environment.Job instance at 0x14725a3696e0>,18,1,[2 6],23,48,49,25,48
1,<environment.Job instance at 0x14725adb7c80>,33,18,[7 2],49,49,67,0,49
1,<environment.Job instance at 0x14725ada6500>,45,16,[1 7],69,71,87,2,71
1,<environment.Job instance at 0x14725ada6d70>,46,13,[ 1 11],71,87,100,16,72
1,<environment.Job instance at 0x14725a357c30>,48,1,[1 5],73,75,76,2,75
1,<environment.Job instance at 0x14725adb3eb0>,47,2,[6 2],72,87,89,15,87
1,<environment.Job instance at 0x14725adb7870>,49,16,[1 7],74,100,116,26,87
1,<environment.Job instance at 0x14725a357fa0>,51,3,[ 1 13],76,116,119,40,91
1,<environment.Job instance at 0x14725a3572d0>,52,3,[1 5],79,100,103,21,92
1,<environment.Job instance at 0x14725a3579b0>,53,21,[ 2 13],80,119,140,39,111
1,<environment.Job instance at 0x14725a357820>,54,1,[2 8],81,111,112,30,111
1,<environment.Job instance at 0x14725a357aa0>,55,1,[7 1],82,112,113,30,111
1,<environment.Job instance at 0x14725a357370>,56,18,[5 2],83,112,130,29,111
1,<environment.Job instance at 0x14725811bc30>,57,2,[8 2],85,113,115,28,111
1,<environment.Job instance at 0x14725ada6820>,42,2,[ 2 12],66,140,142,74,114
1,<environment.Job instance at 0x14725817d190>,58,3,[1 7],86,142,145,56,116
1,<environment.Job instance at 0x147258110d20>,61,1,[1 8],89,142,143,53,116
1,<environment.Job instance at 0x147258187fa0>,63,2,[5 2],92,130,132,38,116
1,<environment.Job instance at 0x14725c881c80>,65,2,[5 2],95,132,134,37,116
1,<environment.Job instance at 0x1472581875a0>,68,2,[10  1],99,134,136,35,116
1,<environment.Job instance at 0x14725aeb0370>,12,21,[7 2],20,20,41,0,20
1,<environment.Job instance at 0x14725b518b40>,24,2,[9 2],42,43,45,1,43
1,<environment.Job instance at 0x14725b518b90>,26,16,[7 2],44,46,62,2,46
1,<environment.Job instance at 0x147281a98050>,33,2,[ 2 10],55,55,57,0,55
1,<environment.Job instance at 0x147281a980a0>,35,17,[10  1],58,62,79,4,58
1,<environment.Job instance at 0x147281a98190>,36,2,[ 2 12],60,61,63,1,61
1,<environment.Job instance at 0x147281a98910>,37,1,[6 2],61,79,80,18,73
1,<environment.Job instance at 0x147281a98820>,41,2,[1 9],71,74,76,3,74
1,<environment.Job instance at 0x147281a98410>,42,2,[1 6],72,77,79,5,77
1,<environment.Job instance at 0x14725b518af0>,30,13,[1 7],50,78,91,28,78
1,<environment.Job instance at 0x14725af7f870>,45,1,[9 2],75,80,81,5,78
1,<environment.Job instance at 0x14725af7f3c0>,47,2,[1 6],78,82,84,4,82
1,<environment.Job instance at 0x147281a982d0>,39,15,[ 1 11],67,91,106,24,83
1,<environment.Job instance at 0x14725af7f320>,48,3,[ 2 10],80,106,109,26,83
1,<environment.Job instance at 0x14725c952dc0>,55,2,[ 1 10],89,109,111,20,90
1,<environment.Job instance at 0x14725c9525a0>,56,3,[10  2],90,90,93,0,90
1,<environment.Job instance at 0x14725b387190>,60,16,[1 5],98,106,122,8,98
1,<environment.Job instance at 0x147257df9d70>,19,12,[5 2],28,29,41,1,29
1,<environment.Job instance at 0x147257df6e60>,27,1,[2 6],43,51,52,8,51
1,<environment.Job instance at 0x147257df6190>,29,2,[8 1],46,53,55,7,53
1,<environment.Job instance at 0x147257def230>,37,3,[1 6],57,63,66,6,63
1,<environment.Job instance at 0x147257def820>,38,2,[8 2],58,66,68,8,66
1,<environment.Job instance at 0x147257def8c0>,41,2,[1 7],62,66,68,4,66
1,<environment.Job instance at 0x147257def910>,42,15,[1 5],63,67,82,4,67
1,<environment.Job instance at 0x147257de9190>,45,2,[1 5],68,69,71,1,69
1,<environment.Job instance at 0x147257de9a50>,47,1,[2 8],70,71,72,1,70
1,<environment.Job instance at 0x147257de9aa0>,48,1,[8 2],71,72,73,1,72
1,<environment.Job instance at 0x147257de9fa0>,46,15,[10  1],69,73,88,4,73
1,<environment.Job instance at 0x147257de94b0>,49,14,[14  1],72,88,102,16,73
1,<environment.Job instance at 0x147257dec870>,51,3,[10  1],76,102,105,26,76
1,<environment.Job instance at 0x147257dec910>,52,3,[10  2],77,105,108,28,79
1,<environment.Job instance at 0x147257dec640>,53,3,[ 2 11],80,82,85,2,80
1,<environment.Job instance at 0x147257decc80>,54,2,[1 7],81,85,87,4,81
1,<environment.Job instance at 0x147257decdc0>,55,1,[1 5],82,85,86,3,82
1,<environment.Job instance at 0x147257dec5a0>,56,18,[8 2],83,108,126,25,97
1,<environment.Job instance at 0x1472584b7320>,62,16,[2 8],89,102,118,13,98
1,<environment.Job instance at 0x1472584b78c0>,63,3,[6 1],90,118,121,28,98
1,<environment.Job instance at 0x1472584b76e0>,65,3,[2 8],92,121,124,29,98
1,<environment.Job instance at 0x1472584b71e0>,66,2,[2 8],93,124,126,31,98
1,<environment.Job instance at 0x1472584b7050>,67,3,[5 2],96,108,111,12,98
1,<environment.Job instance at 0x1472584b7c80>,68,1,[6 2],98,126,127,28,98
1,<environment.Job instance at 0x147257df6370>,28,2,[1 5],45,252,254,207,252
1,<environment.Job instance at 0x147257f89cd0>,1,1,[2 9],2,4,5,2,4
1,<environment.Job instance at 0x147257ed8b40>,3,2,[10  1],4,4,6,0,4
1,<environment.Job instance at 0x147257ed8a00>,4,2,[2 7],6,7,9,1,7
1,<environment.Job instance at 0x14725b53d820>,15,2,[5 2],20,20,22,0,20
1,<environment.Job instance at 0x147258506e60>,21,1,[6 2],29,31,32,2,31
1,<environment.Job instance at 0x147258506d70>,23,1,[1 7],31,31,32,0,31
1,<environment.Job instance at 0x147258506500>,24,3,[2 7],32,33,36,1,33
1,<environment.Job instance at 0x147258506820>,25,2,[1 5],33,33,35,0,33
1,<environment.Job instance at 0x147258506550>,26,1,[1 9],35,36,37,1,35
1,<environment.Job instance at 0x147258506dc0>,27,1,[2 5],36,36,37,0,36
1,<environment.Job instance at 0x1472585065a0>,28,15,[7 1],37,38,53,1,38
1,<environment.Job instance at 0x1472580f9730>,30,1,[2 8],40,41,42,1,41
1,<environment.Job instance at 0x1472580f9fa0>,31,1,[2 6],41,41,42,0,41
1,<environment.Job instance at 0x1472580f9500>,32,3,[1 7],43,43,46,0,43
1,<environment.Job instance at 0x1472580f9640>,33,17,[2 7],44,44,61,0,44
1,<environment.Job instance at 0x1472580f9280>,34,14,[1 6],45,46,60,1,45
1,<environment.Job instance at 0x1472580f9f00>,35,17,[9 1],46,53,70,7,46
1,<environment.Job instance at 0x1472580f9c80>,36,3,[5 1],47,47,50,0,47
1,<environment.Job instance at 0x1472580f95a0>,37,1,[10  1],48,70,71,22,48
1,<environment.Job instance at 0x1472580f9aa0>,38,1,[1 8],49,61,62,12,49
1,<environment.Job instance at 0x1472580f9f50>,39,12,[9 2],50,71,83,21,54
1,<environment.Job instance at 0x1472580f9e10>,40,2,[2 6],51,60,62,9,54
1,<environment.Job instance at 0x1472580f9d20>,41,3,[9 2],52,83,86,31,58
1,<environment.Job instance at 0x14725adbdbe0>,42,2,[10  2],53,86,88,33,59
1,<environment.Job instance at 0x14725adbdcd0>,43,16,[10  2],54,88,104,34,75
1,<environment.Job instance at 0x14725adbd910>,46,15,[2 6],59,75,90,16,75
1,<environment.Job instance at 0x14725adbd4b0>,47,2,[7 2],60,104,106,44,104
1,<environment.Job instance at 0x14725adbd8c0>,48,13,[5 1],61,106,119,45,106
1,<environment.Job instance at 0x14725adbd730>,49,2,[1 8],62,115,117,53,115
1,<environment.Job instance at 0x14725adbd190>,50,14,[6 1],63,125,139,62,125
1,<environment.Job instance at 0x14725adbda50>,51,1,[2 5],64,126,127,62,126
1,<environment.Job instance at 0x14725adbdeb0>,52,14,[2 8],65,133,147,68,133
1,<environment.Job instance at 0x14725adbdaf0>,53,2,[7 1],66,134,136,68,134
1,<environment.Job instance at 0x14725adbdf00>,54,3,[7 1],67,148,151,81,148
1,<environment.Job instance at 0x1472581a6960>,55,13,[10  1],68,179,192,111,179
1,<environment.Job instance at 0x147257ed6b40>,57,1,[ 2 10],70,179,180,109,179
1,<environment.Job instance at 0x147258131eb0>,58,2,[10  2],72,192,194,120,179
1,<environment.Job instance at 0x14725838daf0>,59,3,[7 1],76,194,197,118,182
1,<environment.Job instance at 0x14725838dfa0>,60,3,[2 8],77,186,189,109,186
1,<environment.Job instance at 0x14725adbd410>,44,16,[ 2 10],55,191,207,136,191
1,<environment.Job instance at 0x14725838d280>,61,3,[1 9],78,207,210,129,194
1,<environment.Job instance at 0x14725838d870>,63,3,[2 9],80,210,213,130,202
1,<environment.Job instance at 0x147258e341e0>,64,23,[1 6],81,207,230,126,202
1,<environment.Job instance at 0x14725838dd70>,65,12,[7 1],84,213,225,129,204
1,<environment.Job instance at 0x14725838dd20>,66,3,[10  1],87,225,228,138,205
1,<environment.Job instance at 0x14725838d780>,67,3,[6 1],89,213,216,124,206
1,<environment.Job instance at 0x147260f5b730>,68,3,[8 1],90,228,231,138,208
1,<environment.Job instance at 0x1472584d3640>,69,2,[7 1],92,216,218,124,208
1,<environment.Job instance at 0x147257d33730>,70,18,[2 6],94,218,236,124,209
1,<environment.Job instance at 0x14725e2645f0>,71,1,[7 1],96,231,232,135,210
1,<environment.Job instance at 0x147257fdf960>,73,14,[2 5],98,230,244,132,216
1,<environment.Job instance at 0x14725b53d230>,19,13,[12  2],27,237,250,210,237
1,<environment.Job instance at 0x1472581a6910>,56,25,[12  1],69,338,363,269,338
1,<environment.Job instance at 0x14725bb867d0>,10,26,[2 8],18,21,47,3,21
1,<environment.Job instance at 0x147258383af0>,27,21,[1 8],46,48,69,2,48
1,<environment.Job instance at 0x147258383780>,30,2,[ 1 10],50,69,71,19,51
1,<environment.Job instance at 0x147258383730>,31,3,[9 2],52,52,55,0,52
1,<environment.Job instance at 0x147258383960>,32,2,[5 1],53,53,55,0,53
1,<environment.Job instance at 0x147258383320>,33,17,[1 9],54,71,88,17,59
1,<environment.Job instance at 0x147258383d70>,29,2,[6 1],49,63,65,14,63
1,<environment.Job instance at 0x14725c3eae60>,36,15,[2 8],62,88,103,26,74
1,<environment.Job instance at 0x14725c3ea5a0>,44,1,[ 1 12],76,103,104,27,76
1,<environment.Job instance at 0x14725e26fa50>,50,12,[7 1],86,86,98,0,86
1,<environment.Job instance at 0x147257f077d0>,51,13,[13  2],87,98,111,11,87
1,<environment.Job instance at 0x147257f079b0>,53,2,[7 1],91,111,113,20,91
1,<environment.Job instance at 0x147257f073c0>,54,16,[ 1 10],92,104,120,12,92
1,<environment.Job instance at 0x14725afc2280>,58,13,[8 2],97,113,126,16,97
1,<environment.Job instance at 0x1472583836e0>,28,17,[2 8],47,854,871,807,854
1,<environment.Job instance at 0x147281aac6e0>,24,1,[10  2],37,38,39,1,38
1,<environment.Job instance at 0x147281aac780>,25,2,[7 2],38,39,41,1,39
1,<environment.Job instance at 0x147281aacf50>,26,16,[1 9],39,40,56,1,40
1,<environment.Job instance at 0x14725c8603c0>,27,3,[1 5],40,41,44,1,40
1,<environment.Job instance at 0x14725c860230>,28,12,[2 9],42,56,68,14,44
1,<environment.Job instance at 0x14725c860f50>,29,3,[9 2],43,44,47,1,44
1,<environment.Job instance at 0x14725c860e10>,30,13,[1 9],44,68,81,24,52
1,<environment.Job instance at 0x14725c8607d0>,34,19,[2 5],50,52,71,2,52
1,<environment.Job instance at 0x147281aac7d0>,21,2,[10  2],33,71,73,38,62
1,<environment.Job instance at 0x14725c8600a0>,35,17,[2 9],51,81,98,30,70
1,<environment.Job instance at 0x14725e25f7d0>,51,2,[7 2],70,73,75,3,70
1,<environment.Job instance at 0x14725e25f320>,52,3,[5 2],72,73,76,1,72
1,<environment.Job instance at 0x1472627d2320>,53,13,[2 8],73,98,111,25,82
1,<environment.Job instance at 0x14725e27acd0>,57,1,[5 2],79,84,85,5,84
1,<environment.Job instance at 0x14725bbb0550>,59,25,[9 1],81,85,110,4,84
1,<environment.Job instance at 0x14725e25fa00>,60,1,[10  2],83,110,111,27,85
1,<environment.Job instance at 0x14725d1ee230>,50,2,[1 9],69,111,113,42,92
1,<environment.Job instance at 0x14726309caf0>,62,21,[2 5],85,95,116,10,95
1,<environment.Job instance at 0x1472811f37d0>,63,15,[5 2],86,113,128,27,99
1,<environment.Job instance at 0x14725c414820>,61,21,[ 2 10],84,116,137,32,108
1,<environment.Job instance at 0x1472584059b0>,69,16,[1 8],93,137,153,44,124
1,<environment.Job instance at 0x147281aac730>,23,14,[9 2],36,155,169,119,155
1,<environment.Job instance at 0x14725813c410>,7,3,[2 6],11,11,14,0,11
1,<environment.Job instance at 0x1472631410a0>,19,13,[2 8],26,26,39,0,26
1,<environment.Job instance at 0x147263141e10>,20,16,[6 1],27,27,43,0,27
1,<environment.Job instance at 0x147263141f00>,21,1,[8 2],28,39,40,11,28
1,<environment.Job instance at 0x147263141140>,22,1,[5 2],29,33,34,4,33
1,<environment.Job instance at 0x147263141460>,23,1,[7 1],30,34,35,4,33
1,<environment.Job instance at 0x147263141eb0>,16,1,[8 2],23,40,41,17,40
1,<environment.Job instance at 0x14725c85a690>,24,1,[1 8],31,44,45,13,44
1,<environment.Job instance at 0x14725c85afa0>,27,1,[6 2],35,46,47,11,46
1,<environment.Job instance at 0x14725c85a0f0>,28,3,[8 2],36,52,55,16,52
1,<environment.Job instance at 0x14725c85ae10>,25,2,[6 2],32,54,56,22,54
1,<environment.Job instance at 0x14725c85a960>,30,13,[10  1],39,56,69,17,55
1,<environment.Job instance at 0x14725c85abe0>,29,2,[ 1 10],38,56,58,18,56
1,<environment.Job instance at 0x14725c85a870>,33,2,[7 2],42,69,71,27,61
1,<environment.Job instance at 0x14725c85a5a0>,32,14,[2 9],41,64,78,23,64
1,<environment.Job instance at 0x14725c85a6e0>,35,3,[6 1],44,69,72,25,66
1,<environment.Job instance at 0x14725c85acd0>,37,3,[2 7],46,78,81,32,71
1,<environment.Job instance at 0x14725c85af50>,38,1,[5 1],47,71,72,24,71
1,<environment.Job instance at 0x14725c85a640>,39,17,[1 8],48,78,95,30,73
1,<environment.Job instance at 0x14725c85a410>,40,3,[5 2],49,73,76,24,73
1,<environment.Job instance at 0x147258211af0>,41,2,[8 2],50,81,83,31,77
1,<environment.Job instance at 0x147258211550>,42,3,[2 8],51,95,98,44,77
1,<environment.Job instance at 0x1472582115a0>,43,2,[2 5],52,81,83,29,79
1,<environment.Job instance at 0x147258211dc0>,44,13,[7 2],54,85,98,31,85
1,<environment.Job instance at 0x14725c85aeb0>,36,1,[13  1],45,98,99,53,90
1,<environment.Job instance at 0x147258211aa0>,45,22,[8 1],55,110,132,55,110
1,<environment.Job instance at 0x147258211eb0>,48,3,[2 5],59,120,123,61,120
1,<environment.Job instance at 0x1472582116e0>,50,3,[7 2],61,128,131,67,128
1,<environment.Job instance at 0x147260f47c80>,52,2,[2 7],63,131,133,68,128
1,<environment.Job instance at 0x147260f47500>,53,18,[6 1],65,132,150,67,128
1,<environment.Job instance at 0x147260f47550>,54,15,[2 9],66,133,148,67,128
1,<environment.Job instance at 0x147260f47d70>,55,2,[10  1],67,150,152,83,128
1,<environment.Job instance at 0x147260f475f0>,56,22,[2 6],69,148,170,79,141
1,<environment.Job instance at 0x147260f477d0>,57,1,[ 1 14],70,170,171,100,142
1,<environment.Job instance at 0x147260f47b40>,58,16,[6 2],71,152,168,81,142
1,<environment.Job instance at 0x14725854d0f0>,59,1,[6 1],72,142,143,70,142
1,<environment.Job instance at 0x1472583d8e10>,60,2,[9 1],74,168,170,94,142
1,<environment.Job instance at 0x147258281500>,61,19,[1 5],76,143,162,67,142
1,<environment.Job instance at 0x147257cfe410>,62,1,[8 1],77,170,171,93,145
1,<environment.Job instance at 0x147257cfe960>,64,2,[7 2],80,162,164,82,145
1,<environment.Job instance at 0x147260f47910>,51,2,[2 9],62,171,173,109,145
1,<environment.Job instance at 0x147257cfe3c0>,65,3,[ 2 14],82,173,176,91,147
1,<environment.Job instance at 0x147257cfe500>,67,1,[ 2 10],84,176,177,92,149
1,<environment.Job instance at 0x147257cfec80>,68,2,[7 2],86,164,166,78,149
1,<environment.Job instance at 0x147281aa2e10>,70,2,[6 1],89,152,154,63,151
1,<environment.Job instance at 0x147258d8dd70>,69,1,[6 1],87,154,155,67,151
1,<environment.Job instance at 0x14726304c550>,71,17,[1 7],90,177,194,87,165
1,<environment.Job instance at 0x1472586c6c30>,73,2,[7 2],95,166,168,71,165
1,<environment.Job instance at 0x14725832fa00>,74,1,[1 5],97,168,169,71,165
1,<environment.Job instance at 0x1472584a71e0>,75,14,[5 2],99,176,190,77,166
1,<environment.Job instance at 0x147257cfee60>,63,1,[5 1],79,192,193,113,192
1,<environment.Job instance at 0x1472631415a0>,15,17,[12  1],20,378,395,358,378
1,<environment.Job instance at 0x14725bb84910>,4,1,[2 9],6,8,9,2,8
1,<environment.Job instance at 0x14725bb84e60>,5,2,[10  2],7,16,18,9,16
1,<environment.Job instance at 0x14725bb84cd0>,6,1,[6 1],10,18,19,8,18
1,<environment.Job instance at 0x1472625d4320>,0,15,[14  1],1,87,102,86,87
1,<environment.Job instance at 0x14725c5664b0>,7,1,[7 2],12,102,103,90,87
1,<environment.Job instance at 0x147258d76fa0>,11,12,[5 2],17,102,114,85,87
1,<environment.Job instance at 0x14725c5a8c80>,12,1,[10  1],18,103,104,85,87
1,<environment.Job instance at 0x14725847f780>,13,3,[10  1],21,104,107,83,87
1,<environment.Job instance at 0x1472584070a0>,14,2,[ 2 10],22,107,109,85,87
1,<environment.Job instance at 0x14725819beb0>,15,3,[9 2],23,109,112,86,87
1,<environment.Job instance at 0x14725b2278c0>,17,1,[8 2],27,107,108,80,87
1,<environment.Job instance at 0x14725819b5f0>,16,1,[1 9],24,87,88,63,87
1,<environment.Job instance at 0x147257b4da50>,18,22,[2 5],29,112,134,83,105
1,<environment.Job instance at 0x14725c8183c0>,23,3,[6 2],36,112,115,76,105
1,<environment.Job instance at 0x147263022640>,24,2,[12  1],37,115,117,78,105
1,<environment.Job instance at 0x147257f6e780>,25,15,[2 5],39,117,132,78,106
1,<environment.Job instance at 0x147257b4deb0>,26,14,[7 1],40,117,131,77,106
1,<environment.Job instance at 0x147257b4dd20>,27,2,[7 1],41,131,133,90,108
1,<environment.Job instance at 0x147258d7f7d0>,29,2,[10  2],43,133,135,90,110
1,<environment.Job instance at 0x147257d29e60>,31,3,[9 2],45,135,138,90,110
1,<environment.Job instance at 0x147257d29780>,32,1,[6 2],47,114,115,67,110
1,<environment.Job instance at 0x14725c90b9b0>,33,2,[ 1 10],48,134,136,86,113
1,<environment.Job instance at 0x14725c90b5f0>,34,2,[2 7],49,132,134,83,114
1,<environment.Job instance at 0x147257b9b0a0>,35,3,[9 2],51,138,141,87,114
1,<environment.Job instance at 0x147257cdaa00>,36,3,[10  1],52,141,144,89,115
1,<environment.Job instance at 0x147257b9b190>,37,17,[1 8],58,136,153,78,124
1,<environment.Job instance at 0x147263021190>,38,2,[8 2],60,144,146,84,124
1,<environment.Job instance at 0x147263021730>,39,17,[1 6],61,146,163,85,134
1,<environment.Job instance at 0x147263021d70>,40,3,[1 9],62,153,156,91,134
1,<environment.Job instance at 0x1472811cde10>,41,13,[2 9],66,156,169,90,141
1,<environment.Job instance at 0x1472811cd910>,42,2,[ 1 11],67,169,171,102,142
1,<environment.Job instance at 0x1472811cddc0>,43,3,[2 8],68,171,174,103,145
1,<environment.Job instance at 0x1472811cdb40>,44,1,[1 8],70,174,175,104,148
1,<environment.Job instance at 0x147263153d20>,45,2,[2 9],71,175,177,104,148
1,<environment.Job instance at 0x147263153550>,46,2,[8 2],72,163,165,91,148
1,<environment.Job instance at 0x1472631539b0>,47,15,[10  1],73,165,180,92,151
1,<environment.Job instance at 0x1472631536e0>,49,1,[8 2],75,180,181,105,152
1,<environment.Job instance at 0x147263153af0>,50,2,[ 1 10],76,177,179,101,152
1,<environment.Job instance at 0x147281192320>,51,3,[ 2 14],77,181,184,104,155
1,<environment.Job instance at 0x147281192230>,52,1,[5 1],78,163,164,85,156
1,<environment.Job instance at 0x1472811929b0>,53,2,[2 6],79,171,173,92,156
1,<environment.Job instance at 0x147281192aa0>,54,1,[8 1],80,181,182,101,156
1,<environment.Job instance at 0x147281192280>,55,1,[7 2],82,180,181,98,157
1,<environment.Job instance at 0x1472811925f0>,56,12,[6 2],83,184,196,101,167
1,<environment.Job instance at 0x1472811928c0>,57,3,[1 7],84,184,187,100,167
1,<environment.Job instance at 0x14725af0db40>,58,2,[6 2],86,184,186,98,167
1,<environment.Job instance at 0x14725af0d2d0>,59,3,[9 1],87,187,190,100,167
1,<environment.Job instance at 0x14725af0d320>,60,14,[7 1],88,190,204,102,175
1,<environment.Job instance at 0x14725c8274b0>,63,1,[1 9],91,190,191,99,188
1,<environment.Job instance at 0x14725b400a50>,62,14,[9 2],90,204,218,114,191
1,<environment.Job instance at 0x14725af04960>,65,1,[6 1],93,196,197,103,193
1,<environment.Job instance at 0x14725af04aa0>,66,3,[5 2],94,197,200,103,197
1,<environment.Job instance at 0x147257b4d870>,21,26,[ 2 13],33,203,229,170,203
1,<environment.Job instance at 0x14725c5dc910>,67,16,[7 1],95,218,234,123,205
1,<environment.Job instance at 0x14725bb84f50>,2,23,[2 6],4,8,31,4,8
1,<environment.Job instance at 0x14725d1e98c0>,7,2,[7 2],11,11,13,0,11
1,<environment.Job instance at 0x14725d1e9f00>,8,3,[6 1],13,13,16,0,13
1,<environment.Job instance at 0x14725d1e95a0>,10,1,[9 1],15,16,17,1,15
1,<environment.Job instance at 0x14725d1e9b90>,15,2,[7 1],21,24,26,3,24
1,<environment.Job instance at 0x147257e24460>,17,13,[2 5],28,32,45,4,32
1,<environment.Job instance at 0x147257e24e60>,18,2,[1 8],29,32,34,3,32
1,<environment.Job instance at 0x147257e24dc0>,19,1,[2 6],30,34,35,4,34
1,<environment.Job instance at 0x147257e24b40>,20,2,[9 2],33,35,37,2,35
1,<environment.Job instance at 0x147257e24eb0>,21,1,[ 2 10],37,38,39,1,38
1,<environment.Job instance at 0x147257e240a0>,22,3,[11  1],39,39,42,0,39
1,<environment.Job instance at 0x147257e246e0>,23,13,[ 2 11],40,45,58,5,40
1,<environment.Job instance at 0x147257e24f00>,25,1,[8 1],43,43,44,0,43
1,<environment.Job instance at 0x147257e24050>,26,16,[9 1],44,44,60,0,44
1,<environment.Job instance at 0x147257e24fa0>,27,12,[7 2],46,60,72,14,46
1,<environment.Job instance at 0x147257e243c0>,28,15,[ 2 10],52,58,73,6,52
1,<environment.Job instance at 0x147263099910>,29,2,[5 2],53,60,62,7,54
1,<environment.Job instance at 0x1472630991e0>,30,2,[7 2],54,72,74,18,54
1,<environment.Job instance at 0x147263099af0>,31,2,[5 2],56,62,64,6,56
1,<environment.Job instance at 0x147263099050>,32,1,[ 2 10],57,73,74,16,57
1,<environment.Job instance at 0x14725825e2d0>,33,1,[6 2],58,64,65,6,58
1,<environment.Job instance at 0x14725825e500>,34,2,[ 1 12],59,74,76,15,59
1,<environment.Job instance at 0x14725825e640>,35,16,[2 9],60,76,92,16,63
1,<environment.Job instance at 0x14725bb76730>,5,1,[5 2],8,65,66,57,64
1,<environment.Job instance at 0x14725825ef00>,36,2,[5 2],61,66,68,5,64
1,<environment.Job instance at 0x14725825e0a0>,38,3,[2 8],63,92,95,29,66
1,<environment.Job instance at 0x14725825ecd0>,39,3,[8 2],65,74,77,9,66
1,<environment.Job instance at 0x14725825eeb0>,40,1,[ 2 10],66,95,96,29,67
1,<environment.Job instance at 0x14725825e230>,41,2,[1 6],67,77,79,10,67
1,<environment.Job instance at 0x14725825ed20>,42,2,[8 1],68,79,81,11,68
1,<environment.Job instance at 0x14725825e280>,43,1,[2 7],70,92,93,22,70
1,<environment.Job instance at 0x147263136a00>,44,2,[1 8],71,96,98,25,71
1,<environment.Job instance at 0x147263136a50>,45,13,[7 1],72,93,106,21,77
1,<environment.Job instance at 0x147263136910>,46,3,[ 2 10],75,98,101,23,77
1,<environment.Job instance at 0x147263136be0>,47,2,[2 7],76,101,103,25,79
1,<environment.Job instance at 0x147257e24a50>,24,3,[1 8],41,103,106,62,86
1,<environment.Job instance at 0x147263136eb0>,48,22,[ 2 10],77,106,128,29,99
1,<environment.Job instance at 0x1472580b4cd0>,50,2,[1 7],79,101,103,22,100
1,<environment.Job instance at 0x14725b301b40>,51,3,[2 8],80,128,131,48,102
1,<environment.Job instance at 0x14725af9aaa0>,52,2,[6 2],81,103,105,22,102
1,<environment.Job instance at 0x14725b301500>,53,1,[7 1],84,105,106,21,102
1,<environment.Job instance at 0x14725b301eb0>,54,2,[5 2],85,106,108,21,102
1,<environment.Job instance at 0x147258321d20>,49,2,[10  2],78,108,110,30,108
1,<environment.Job instance at 0x14725b301d70>,55,15,[1 9],86,131,146,45,117
1,<environment.Job instance at 0x14725b301370>,57,2,[ 1 10],88,146,148,58,123
1,<environment.Job instance at 0x147263024aa0>,58,1,[7 1],89,125,126,36,125
1,<environment.Job instance at 0x14725b543730>,59,1,[2 6],92,128,129,36,128
1,<environment.Job instance at 0x14725b5433c0>,60,2,[10  2],93,129,131,36,128
1,<environment.Job instance at 0x1472af601f50>,61,1,[5 1],94,128,129,34,128
1,<environment.Job instance at 0x1472584e61e0>,62,2,[8 2],95,131,133,36,128
1,<environment.Job instance at 0x14726319d960>,63,1,[6 1],96,131,132,35,128
1,<environment.Job instance at 0x14725b294cd0>,64,3,[8 1],98,133,136,35,128
1,<environment.Job instance at 0x14725825ec30>,37,21,[5 1],62,153,174,91,153
1,<environment.Job instance at 0x14725d1e90a0>,13,3,[12  1],19,642,645,623,642
1,<environment.Job instance at 0x14725d1e9dc0>,5,21,[6 1],10,10,31,0,10
1,<environment.Job instance at 0x14725d1ebf00>,12,12,[2 8],21,23,35,2,23
1,<environment.Job instance at 0x14725d1eb280>,13,27,[5 2],22,23,50,1,23
1,<environment.Job instance at 0x147257e993c0>,9,2,[2 8],15,35,37,20,24
1,<environment.Job instance at 0x14725af433c0>,15,1,[9 1],24,37,38,13,34
1,<environment.Job instance at 0x14725d1ebb40>,14,27,[1 9],23,37,64,14,36
1,<environment.Job instance at 0x147257f23820>,18,3,[ 1 10],31,64,67,33,43
1,<environment.Job instance at 0x147258e1f3c0>,20,18,[9 1],33,43,61,10,43
1,<environment.Job instance at 0x14725d1ebb90>,21,2,[8 1],35,61,63,26,43
1,<environment.Job instance at 0x1472584fa2d0>,16,1,[ 2 10],25,67,68,42,43
1,<environment.Job instance at 0x14725c49acd0>,22,13,[8 2],36,63,76,27,49
1,<environment.Job instance at 0x14726313d2d0>,24,1,[2 6],39,68,69,29,49
1,<environment.Job instance at 0x14725afad8c0>,25,3,[1 5],40,50,53,10,49
1,<environment.Job instance at 0x147257e99190>,6,3,[ 2 13],12,69,72,57,49
1,<environment.Job instance at 0x14725c86ff50>,26,3,[8 2],43,76,79,33,50
1,<environment.Job instance at 0x14725813f730>,28,3,[2 8],45,72,75,27,50
1,<environment.Job instance at 0x1472626b9e10>,29,2,[7 1],46,75,77,29,50
1,<environment.Job instance at 0x14726313da50>,23,1,[7 1],37,77,78,40,60
1,<environment.Job instance at 0x1472821aa230>,30,28,[1 6],47,78,106,31,77
1,<environment.Job instance at 0x147257ee7280>,35,2,[5 1],55,78,80,23,78
1,<environment.Job instance at 0x147257ee7b40>,37,3,[5 1],57,79,82,22,78
1,<environment.Job instance at 0x147257ee7e60>,38,1,[1 9],59,82,83,23,78
1,<environment.Job instance at 0x147257ee7d70>,40,2,[1 8],61,80,82,19,78
1,<environment.Job instance at 0x147257ee7f50>,41,1,[1 9],63,83,84,20,78
1,<environment.Job instance at 0x147257ee7be0>,42,2,[ 2 10],65,106,108,41,79
1,<environment.Job instance at 0x147260f430f0>,43,3,[9 1],66,84,87,18,79
1,<environment.Job instance at 0x147260f43820>,44,12,[9 1],67,87,99,20,79
1,<environment.Job instance at 0x1472626b91e0>,31,1,[1 7],50,98,99,48,98
1,<environment.Job instance at 0x14725c80be60>,51,1,[5 1],76,99,100,23,98
1,<environment.Job instance at 0x147260f43460>,45,20,[ 2 11],68,108,128,40,99
1,<environment.Job instance at 0x14726278c5a0>,56,14,[ 1 10],84,128,142,44,113
1,<environment.Job instance at 0x147257f034b0>,63,1,[1 6],92,142,143,50,115
1,<environment.Job instance at 0x14725b5436e0>,65,17,[5 1],94,119,136,25,119
1,<environment.Job instance at 0x147258e3a4b0>,67,3,[9 2],96,128,131,32,119
1,<environment.Job instance at 0x14725adb7820>,66,1,[7 1],95,119,120,24,119
1,<environment.Job instance at 0x147257e92be0>,69,26,[8 1],98,131,157,33,130
1,<environment.Job instance at 0x14725d1eb0f0>,11,1,[1 7],20,317,318,297,317
1,<environment.Job instance at 0x14725d1eb9b0>,1,21,[9 2],2,2,23,0,2
1,<environment.Job instance at 0x147257f371e0>,6,3,[7 2],8,23,26,15,8
1,<environment.Job instance at 0x147257c527d0>,7,17,[ 2 10],9,10,27,1,10
1,<environment.Job instance at 0x1472581ed820>,8,1,[1 8],12,27,28,15,13
1,<environment.Job instance at 0x147257c523c0>,9,16,[5 2],13,23,39,10,13
1,<environment.Job instance at 0x147257c52a00>,10,1,[6 1],15,26,27,11,16
1,<environment.Job instance at 0x147257c522d0>,12,2,[1 7],19,28,30,9,19
1,<environment.Job instance at 0x147281a5cc80>,13,3,[7 1],20,27,30,7,20
1,<environment.Job instance at 0x147257c52e10>,14,1,[6 1],21,30,31,9,21
1,<environment.Job instance at 0x1472581edd20>,4,2,[2 9],5,30,32,25,21
1,<environment.Job instance at 0x1472581877d0>,16,3,[2 9],23,32,35,9,23
1,<environment.Job instance at 0x147258187190>,17,17,[1 8],25,35,52,10,25
1,<environment.Job instance at 0x14725861baa0>,18,2,[11  2],26,39,41,13,26
1,<environment.Job instance at 0x1472580eaa50>,19,16,[2 7],27,41,57,14,28
1,<environment.Job instance at 0x1472585f9960>,20,2,[1 8],29,52,54,23,29
1,<environment.Job instance at 0x1472582efd20>,21,2,[1 5],30,35,37,5,30
1,<environment.Job instance at 0x1472586d1640>,22,1,[1 5],31,37,38,6,31
1,<environment.Job instance at 0x147258314640>,23,2,[9 1],32,54,56,22,33
1,<environment.Job instance at 0x147258314c30>,24,3,[9 2],33,56,59,23,33
1,<environment.Job instance at 0x14725c4f5280>,25,17,[5 2],34,57,74,23,45
1,<environment.Job instance at 0x147257c91eb0>,27,1,[ 1 10],37,57,58,20,45
1,<environment.Job instance at 0x147257c913c0>,28,1,[2 7],38,54,55,16,45
1,<environment.Job instance at 0x14725faf72d0>,29,2,[2 6],39,55,57,16,45
1,<environment.Job instance at 0x14725faf70f0>,30,17,[5 2],40,59,76,19,47
1,<environment.Job instance at 0x14725faf7410>,31,2,[5 1],42,59,61,17,47
1,<environment.Job instance at 0x14725faf7190>,32,2,[8 2],43,74,76,31,47
1,<environment.Job instance at 0x14725faf7960>,33,2,[12  1],45,76,78,31,49
1,<environment.Job instance at 0x14725faf79b0>,34,14,[1 9],46,61,75,15,50
1,<environment.Job instance at 0x1472585c8500>,35,1,[2 8],47,75,76,28,50
1,<environment.Job instance at 0x14725c4f5dc0>,26,2,[2 6],36,76,78,40,55
1,<environment.Job instance at 0x1472585c8aa0>,36,18,[10  2],48,78,96,30,68
1,<environment.Job instance at 0x1472585c8b40>,37,12,[2 9],49,78,90,29,69
1,<environment.Job instance at 0x1472585c8460>,38,15,[2 5],50,90,105,40,76
1,<environment.Job instance at 0x14725b50fb90>,40,2,[1 8],53,76,78,23,76
1,<environment.Job instance at 0x147280066820>,41,17,[7 1],54,96,113,42,84
1,<environment.Job instance at 0x147280066a00>,42,16,[8 2],55,105,121,50,93
1,<environment.Job instance at 0x147257c8fa50>,43,3,[1 5],58,93,96,35,93
1,<environment.Job instance at 0x147257d3f730>,44,1,[10  1],59,121,122,62,93
1,<environment.Job instance at 0x147280073a50>,45,1,[10  2],60,122,123,62,95
1,<environment.Job instance at 0x147257ddc780>,47,1,[1 6],62,97,98,35,97
1,<environment.Job instance at 0x147257ddcd70>,48,14,[1 8],63,113,127,50,100
1,<environment.Job instance at 0x147257ddc3c0>,49,2,[5 1],64,113,115,49,105
1,<environment.Job instance at 0x147257ddce60>,50,2,[7 2],65,123,125,58,105
1,<environment.Job instance at 0x147257ddc320>,51,1,[1 6],66,121,122,55,105
1,<environment.Job instance at 0x147257ddc5f0>,52,3,[2 6],67,125,128,58,108
1,<environment.Job instance at 0x14725af8cd70>,53,3,[1 9],68,127,130,59,108
1,<environment.Job instance at 0x14725af8c820>,54,3,[6 1],69,115,118,46,112
1,<environment.Job instance at 0x14725af8c6e0>,55,15,[6 1],75,128,143,53,116
1,<environment.Job instance at 0x14725af8ca50>,56,2,[7 1],76,123,125,47,116
1,<environment.Job instance at 0x14725af8c230>,57,17,[8 1],77,128,145,51,116
1,<environment.Job instance at 0x14725af8ce60>,58,1,[ 2 13],78,143,144,65,116
1,<environment.Job instance at 0x14725af8c8c0>,59,2,[2 5],79,118,120,39,116
1,<environment.Job instance at 0x14725af8c550>,60,3,[9 1],80,145,148,65,119
1,<environment.Job instance at 0x14725af8c640>,62,1,[5 1],82,125,126,43,124
1,<environment.Job instance at 0x14725af8c730>,61,16,[2 5],81,144,160,63,140
1,<environment.Job instance at 0x14725af8c5a0>,64,2,[1 7],84,140,142,56,140
1,<environment.Job instance at 0x14725af8cc30>,65,1,[6 2],87,148,149,61,140
1,<environment.Job instance at 0x14725af8cf00>,66,3,[5 2],88,148,151,60,140
1,<environment.Job instance at 0x14725af8c410>,67,15,[8 1],89,149,164,60,140
1,<environment.Job instance at 0x14725af8c780>,68,3,[2 7],90,144,147,54,140
1,<environment.Job instance at 0x14725af8c3c0>,69,2,[8 2],92,164,166,72,140
1,<environment.Job instance at 0x14725823d460>,70,14,[2 9],97,151,165,54,140
1,<environment.Job instance at 0x14725823d8c0>,71,1,[5 2],99,160,161,61,141
1,<environment.Job instance at 0x14725af8c870>,63,12,[ 1 10],83,165,177,82,149
1,<environment.Job instance at 0x14725c858f00>,11,28,[14  1],18,168,196,150,168
1,<environment.Job instance at 0x147258431780>,20,28,[2 5],33,37,65,4,37
1,<environment.Job instance at 0x14725c452690>,23,3,[6 2],36,44,47,8,44
1,<environment.Job instance at 0x147259924f50>,25,1,[2 6],38,45,46,7,45
1,<environment.Job instance at 0x147257e9deb0>,26,1,[1 5],40,46,47,6,46
1,<environment.Job instance at 0x14725c452780>,27,2,[2 8],41,47,49,6,46
1,<environment.Job instance at 0x14725c452500>,28,24,[2 9],42,49,73,7,48
1,<environment.Job instance at 0x147257e240f0>,29,3,[2 5],45,65,68,20,48
1,<environment.Job instance at 0x14725b3ae500>,30,18,[5 2],47,68,86,21,58
1,<environment.Job instance at 0x14725c452be0>,31,1,[1 6],48,73,74,25,58
1,<environment.Job instance at 0x147258552820>,32,2,[2 6],50,73,75,23,58
1,<environment.Job instance at 0x14725b3fee10>,33,2,[6 2],51,68,70,17,58
1,<environment.Job instance at 0x14725b3fecd0>,34,3,[2 7],52,74,77,22,58
1,<environment.Job instance at 0x14725b3fe3c0>,35,1,[10  1],56,58,59,2,58
1,<environment.Job instance at 0x147281a9ae10>,36,3,[10  1],57,59,62,2,58
1,<environment.Job instance at 0x147281a9af50>,37,2,[6 1],58,62,64,4,58
1,<environment.Job instance at 0x147257cb7be0>,38,3,[1 5],59,75,78,16,59
1,<environment.Job instance at 0x147257cb7aa0>,39,2,[10  2],60,78,80,18,60
1,<environment.Job instance at 0x147257cb7230>,40,1,[9 1],61,64,65,3,61
1,<environment.Job instance at 0x147257cb7190>,41,1,[1 8],62,77,78,15,62
1,<environment.Job instance at 0x147257cb7460>,42,25,[9 1],63,80,105,17,76
1,<environment.Job instance at 0x147257cb7410>,43,3,[2 7],64,86,89,22,76
1,<environment.Job instance at 0x147258507870>,44,1,[7 1],65,76,77,11,76
1,<environment.Job instance at 0x147258507780>,45,2,[7 2],66,105,107,39,82
1,<environment.Job instance at 0x1472585072d0>,47,3,[2 6],69,86,89,17,83
1,<environment.Job instance at 0x1472585077d0>,48,2,[8 1],70,105,107,35,84
1,<environment.Job instance at 0x1472585075f0>,49,1,[6 2],71,89,90,18,84
1,<environment.Job instance at 0x147258507a00>,50,1,[9 1],72,107,108,35,84
1,<environment.Job instance at 0x147258507f00>,51,1,[2 5],74,90,91,16,84
1,<environment.Job instance at 0x147258507050>,52,3,[10  2],77,108,111,31,84
1,<environment.Job instance at 0x147258507b40>,53,1,[2 7],78,90,91,12,85
1,<environment.Job instance at 0x1472583de500>,54,2,[ 1 14],80,91,93,11,85
1,<environment.Job instance at 0x1472583deeb0>,55,1,[7 2],81,111,112,30,85
1,<environment.Job instance at 0x1472583def00>,56,3,[9 1],82,112,115,30,86
1,<environment.Job instance at 0x1472583dea00>,57,15,[6 1],83,111,126,28,98
1,<environment.Job instance at 0x1472583debe0>,58,1,[2 5],84,98,99,14,98
1,<environment.Job instance at 0x1472583de4b0>,59,2,[1 5],86,98,100,12,98
1,<environment.Job instance at 0x1472583de460>,60,3,[2 8],87,100,103,13,100
1,<environment.Job instance at 0x147258507230>,46,13,[10  1],68,126,139,58,111
1,<environment.Job instance at 0x1472583de050>,62,26,[5 2],89,123,149,34,123
1,<environment.Job instance at 0x1472583de730>,61,17,[10  1],88,139,156,51,127
1,<environment.Job instance at 0x1472583de370>,64,2,[2 6],91,149,151,58,127
1,<environment.Job instance at 0x1472631230a0>,65,3,[1 9],92,151,154,59,133
1,<environment.Job instance at 0x147263123460>,66,2,[1 7],94,149,151,55,134
1,<environment.Job instance at 0x14726268d050>,22,1,[1 9],35,154,155,119,134
1,<environment.Job instance at 0x147257eb3370>,67,3,[2 9],95,155,158,60,137
1,<environment.Job instance at 0x147257eb3780>,69,1,[5 1],97,156,157,59,138
1,<environment.Job instance at 0x147257eb3050>,70,16,[2 6],98,157,173,59,145
1,<environment.Job instance at 0x14725857ac80>,18,2,[ 2 13],29,177,179,148,177
1,<environment.Job instance at 0x14725c822c80>,24,16,[ 1 11],37,197,213,160,197
1,<environment.Job instance at 0x147257eb33c0>,68,2,[6 1],96,211,213,115,211
1,<environment.Job instance at 0x14725c8b3c30>,5,21,[10  2],12,12,33,0,12
1,<environment.Job instance at 0x1472631d65f0>,11,1,[ 1 12],24,24,25,0,24
1,<environment.Job instance at 0x14725b3d1d20>,1,1,[ 1 10],5,26,27,21,26
1,<environment.Job instance at 0x147257bbb140>,16,1,[9 1],30,35,36,5,35
1,<environment.Job instance at 0x14725866bf00>,20,1,[12  2],35,37,38,2,37
1,<environment.Job instance at 0x14725ae74870>,22,3,[8 1],37,38,41,1,38
1,<environment.Job instance at 0x1472584514b0>,21,1,[5 1],36,38,39,2,38
1,<environment.Job instance at 0x147258451190>,23,2,[6 2],38,39,41,1,39
1,<environment.Job instance at 0x14725e274500>,25,2,[1 6],46,46,48,0,46
1,<environment.Job instance at 0x14725d1e57d0>,17,20,[9 1],31,46,66,15,46
1,<environment.Job instance at 0x147258033be0>,27,2,[2 8],50,50,52,0,50
1,<environment.Job instance at 0x147258033910>,28,1,[7 1],53,66,67,13,53
1,<environment.Job instance at 0x14725866b7d0>,19,2,[13  1],34,67,69,33,55
1,<environment.Job instance at 0x14725aeb6410>,29,2,[2 6],54,56,58,2,56
1,<environment.Job instance at 0x14725aef9910>,32,2,[5 1],58,58,60,0,58
1,<environment.Job instance at 0x14725aef9dc0>,34,1,[7 2],60,66,67,6,60
1,<environment.Job instance at 0x14725c4cbeb0>,26,18,[8 1],48,69,87,21,66
1,<environment.Job instance at 0x147262613af0>,40,1,[1 8],68,68,69,0,68
1,<environment.Job instance at 0x1472625a0640>,38,1,[1 9],66,69,70,3,68
1,<environment.Job instance at 0x147262613460>,41,20,[7 2],69,70,90,1,69
1,<environment.Job instance at 0x14725b2ddeb0>,45,13,[2 8],73,87,100,14,73
1,<environment.Job instance at 0x14725b2dd5f0>,49,1,[2 5],79,87,88,8,80
1,<environment.Job instance at 0x14725b2dd730>,51,1,[ 1 13],81,100,101,19,81
1,<environment.Job instance at 0x14725b2dd8c0>,53,1,[5 2],83,88,89,5,83
1,<environment.Job instance at 0x14725b2b35a0>,54,12,[2 9],84,101,113,17,84
1,<environment.Job instance at 0x14725b2b3410>,55,1,[11  1],93,93,94,0,93
1,<environment.Job instance at 0x14725b2b3780>,56,2,[5 1],94,94,96,0,94
1,<environment.Job instance at 0x14725b2b3820>,57,2,[1 6],95,95,97,0,95
1,<environment.Job instance at 0x14725b2b32d0>,58,2,[1 8],96,113,115,17,96
1,<environment.Job instance at 0x14725b2b3550>,59,1,[6 1],97,97,98,0,97
1,<environment.Job instance at 0x14725b2b30a0>,60,18,[10  2],99,99,117,0,99
1,<environment.Job instance at 0x14725b2dde10>,44,3,[ 2 10],72,115,118,43,113
1,<environment.Job instance at 0x14725b2dd1e0>,43,2,[2 6],71,118,120,47,118
1,<environment.Job instance at 0x14725b2dd640>,52,12,[ 1 14],82,122,134,40,122
1,<environment.Job instance at 0x14725870df00>,8,14,[2 5],17,193,207,176,193
1,<environment.Job instance at 0x14726262af00>,0,1,[2 9],1,1,2,0,1
1,<environment.Job instance at 0x14726316a870>,10,15,[7 1],17,19,34,2,19
1,<environment.Job instance at 0x147258127780>,21,2,[1 5],30,32,34,2,32
1,<environment.Job instance at 0x147258127870>,22,13,[1 9],31,38,51,7,38
1,<environment.Job instance at 0x147258127500>,26,2,[1 9],36,51,53,15,40
1,<environment.Job instance at 0x1472584fb230>,29,19,[5 2],41,48,67,7,48
1,<environment.Job instance at 0x1472584fb0a0>,28,3,[1 8],40,53,56,13,48
1,<environment.Job instance at 0x1472584fb550>,36,1,[10  1],48,56,57,8,49
1,<environment.Job instance at 0x1472582889b0>,37,2,[8 2],50,50,52,0,50
1,<environment.Job instance at 0x147258288410>,38,1,[1 6],51,57,58,6,52
1,<environment.Job instance at 0x147258288960>,43,17,[12  1],57,67,84,10,59
1,<environment.Job instance at 0x147258288fa0>,40,16,[1 5],53,59,75,6,59
1,<environment.Job instance at 0x14725865e1e0>,50,3,[2 8],65,65,68,0,65
1,<environment.Job instance at 0x14725865e500>,52,2,[1 6],67,68,70,1,67
1,<environment.Job instance at 0x14726266f280>,57,2,[9 1],74,84,86,10,84
1,<environment.Job instance at 0x147258033b90>,60,2,[2 8],80,84,86,4,84
1,<environment.Job instance at 0x147260f52870>,62,15,[10  1],83,101,116,18,101
1,<environment.Job instance at 0x14725ae84780>,54,1,[2 7],70,101,102,31,101
1,<environment.Job instance at 0x1472af56a960>,65,3,[8 1],87,116,119,29,101
1,<environment.Job instance at 0x14725afc2eb0>,66,3,[10  1],88,119,122,31,101
1,<environment.Job instance at 0x14725c9ab780>,68,2,[2 9],90,102,104,12,101
1,<environment.Job instance at 0x147280092a00>,69,2,[8 2],91,122,124,31,101
1,<environment.Job instance at 0x14725adb36e0>,70,2,[8 1],92,124,126,32,101
1,<environment.Job instance at 0x14725c9ab5f0>,71,16,[7 2],94,122,138,28,109
1,<environment.Job instance at 0x1472585955a0>,73,3,[ 2 10],97,109,112,12,109
1,<environment.Job instance at 0x1472581a64b0>,74,12,[ 2 11],98,126,138,28,109
1,<environment.Job instance at 0x147281a93aa0>,4,23,[2 5],7,7,30,0,7
1,<environment.Job instance at 0x1472800fdd20>,21,16,[2 8],28,47,63,19,47
1,<environment.Job instance at 0x1472800fd3c0>,22,2,[9 1],29,47,49,18,47
1,<environment.Job instance at 0x1472800fd780>,23,18,[2 5],30,47,65,17,47
1,<environment.Job instance at 0x1472800fd230>,24,3,[10  2],31,49,52,18,47
1,<environment.Job instance at 0x1472800fd870>,25,1,[6 1],34,52,53,18,48
1,<environment.Job instance at 0x1472800fd410>,26,3,[10  1],35,53,56,18,48
1,<environment.Job instance at 0x1472800fd7d0>,27,3,[6 2],36,56,59,20,48
1,<environment.Job instance at 0x1472800fddc0>,28,18,[ 1 14],37,65,83,28,54
1,<environment.Job instance at 0x1472800fdb90>,30,3,[10  1],39,59,62,20,54
1,<environment.Job instance at 0x1472800fd280>,31,1,[6 1],40,62,63,22,56
1,<environment.Job instance at 0x1472800fd500>,29,2,[7 1],38,103,105,65,103
1,<environment.Job instance at 0x1472800fdc30>,34,3,[7 1],43,107,110,64,107
1,<environment.Job instance at 0x1472800fd050>,32,18,[1 9],41,121,139,80,121
1,<environment.Job instance at 0x1472800fd8c0>,35,1,[8 2],44,135,136,91,135
1,<environment.Job instance at 0x1472800fd1e0>,36,28,[ 2 10],46,161,189,115,161
1,<environment.Job instance at 0x14725c5aae60>,38,2,[8 2],48,163,165,115,163
1,<environment.Job instance at 0x14725c5aa460>,39,13,[6 1],49,170,183,121,170
1,<environment.Job instance at 0x14725c5aa5a0>,40,3,[10  1],51,183,186,132,172
1,<environment.Job instance at 0x14725c5aafa0>,41,14,[6 1],53,186,200,133,174
1,<environment.Job instance at 0x14725c5aa320>,42,2,[10  1],54,200,202,146,174
1,<environment.Job instance at 0x14725c5aa500>,43,1,[ 1 10],57,189,190,132,188
1,<environment.Job instance at 0x14725c5aa280>,46,14,[1 6],61,277,291,216,277
1,<environment.Job instance at 0x14725c5aa230>,47,12,[1 7],64,279,291,215,279
1,<environment.Job instance at 0x14725c5aa2d0>,48,3,[2 7],65,424,427,359,424
1,<environment.Job instance at 0x1472583d8c80>,52,2,[2 5],74,458,460,384,458
1,<environment.Job instance at 0x1472583d83c0>,53,19,[ 2 14],75,465,484,390,465
1,<environment.Job instance at 0x1472583d8d20>,54,1,[8 1],76,467,468,391,467
1,<environment.Job instance at 0x1472583d8730>,55,3,[9 1],77,468,471,391,467
1,<environment.Job instance at 0x1472583d8a50>,56,2,[9 1],79,471,473,392,467
1,<environment.Job instance at 0x1472583d80a0>,57,17,[2 6],80,484,501,404,472
1,<environment.Job instance at 0x1472583d8e60>,58,3,[1 7],83,484,487,401,474
1,<environment.Job instance at 0x1472583d8d70>,59,1,[8 2],84,484,485,400,475
1,<environment.Job instance at 0x1472583d80f0>,61,2,[10  1],86,478,480,392,478
1,<environment.Job instance at 0x1472583d8be0>,60,2,[10  1],85,546,548,461,546
1,<environment.Job instance at 0x1472583d8a00>,62,16,[10  2],87,601,617,514,601
1,<environment.Job instance at 0x1472800fdaf0>,33,1,[2 7],42,652,653,610,652
1,<environment.Job instance at 0x1472800fd190>,17,17,[11  2],22,760,777,738,760
1,<environment.Job instance at 0x1472583d8050>,65,1,[2 9],90,760,761,670,760
1,<environment.Job instance at 0x147258e91aa0>,68,1,[7 2],95,777,778,682,760
1,<environment.Job instance at 0x147258e91050>,69,16,[5 2],96,777,793,681,764
1,<environment.Job instance at 0x147258e91f50>,70,3,[10  2],98,778,781,680,764
1,<environment.Job instance at 0x147258e91730>,71,1,[10  2],99,781,782,682,764
1,<environment.Job instance at 0x1472583d8280>,64,1,[1 7],89,772,773,683,772
1,<environment.Job instance at 0x14725e274320>,7,2,[5 1],10,14,16,4,14
1,<environment.Job instance at 0x14725e274cd0>,8,3,[ 2 10],12,14,17,2,14
1,<environment.Job instance at 0x14725e274f50>,9,2,[2 8],13,20,22,7,20
1,<environment.Job instance at 0x14725e274690>,12,3,[9 1],18,20,23,2,20
1,<environment.Job instance at 0x14725a374fa0>,14,2,[10  2],21,23,25,2,21
1,<environment.Job instance at 0x14725a374640>,15,2,[ 1 10],22,22,24,0,22
1,<environment.Job instance at 0x14725841e960>,16,3,[ 1 10],24,24,27,0,24
1,<environment.Job instance at 0x14725841e050>,17,1,[9 2],25,25,26,0,25
1,<environment.Job instance at 0x14725841e5f0>,18,1,[7 2],26,26,27,0,26
1,<environment.Job instance at 0x14725841e280>,19,2,[5 2],27,31,33,4,31
1,<environment.Job instance at 0x14725841e690>,20,3,[14  2],28,33,36,5,32
1,<environment.Job instance at 0x14725841ea50>,21,2,[1 7],31,32,34,1,32
1,<environment.Job instance at 0x14725e274b40>,13,3,[2 9],20,36,39,16,34
1,<environment.Job instance at 0x14725841ed20>,22,2,[2 6],32,36,38,4,34
1,<environment.Job instance at 0x14725841e1e0>,24,16,[ 2 10],35,39,55,4,36
1,<environment.Job instance at 0x14725841e820>,25,2,[5 1],37,39,41,2,39
1,<environment.Job instance at 0x14725841e0a0>,26,3,[6 1],38,39,42,1,39
1,<environment.Job instance at 0x14725841e870>,27,1,[10  1],39,42,43,3,39
1,<environment.Job instance at 0x14725b35d640>,28,15,[7 1],40,43,58,3,41
1,<environment.Job instance at 0x14725b35d0a0>,29,3,[ 2 10],41,55,58,14,41
1,<environment.Job instance at 0x14725841eaf0>,23,3,[6 1],34,46,49,12,46
1,<environment.Job instance at 0x14725b35d690>,30,17,[2 9],43,58,75,15,46
1,<environment.Job instance at 0x147262625370>,32,3,[2 9],45,75,78,30,49
1,<environment.Job instance at 0x147262625190>,33,3,[2 5],46,58,61,12,49
1,<environment.Job instance at 0x147262625b40>,34,3,[1 7],47,78,81,31,52
1,<environment.Job instance at 0x147262625e10>,35,2,[2 6],48,61,63,13,61
1,<environment.Job instance at 0x1472626257d0>,36,2,[5 2],49,63,65,14,61
1,<environment.Job instance at 0x147262625690>,37,12,[ 1 10],50,81,93,31,64
1,<environment.Job instance at 0x147262625500>,38,2,[1 5],51,65,67,14,64
1,<environment.Job instance at 0x147281ae85a0>,39,12,[5 1],52,66,78,14,66
1,<environment.Job instance at 0x14725e274d20>,6,3,[ 1 10],9,93,96,84,67
1,<environment.Job instance at 0x147281ae8c30>,40,1,[10  1],53,78,79,25,68
1,<environment.Job instance at 0x147281ae8dc0>,42,1,[10  2],57,79,80,22,68
1,<environment.Job instance at 0x147281ae8410>,43,1,[6 1],59,68,69,9,68
1,<environment.Job instance at 0x147281ae8e10>,44,13,[1 6],60,96,109,36,80
1,<environment.Job instance at 0x147258d9fbe0>,45,2,[1 8],61,96,98,35,84
1,<environment.Job instance at 0x1472af55d5f0>,46,17,[6 1],62,85,102,23,85
1,<environment.Job instance at 0x1472af55d2d0>,47,1,[8 1],63,85,86,22,85
1,<environment.Job instance at 0x1472af55d640>,48,3,[1 6],64,98,101,34,85
1,<environment.Job instance at 0x14725afc2fa0>,49,2,[1 9],67,102,104,35,86
1,<environment.Job instance at 0x14725afc2640>,50,17,[2 7],68,104,121,36,92
1,<environment.Job instance at 0x14725afc2280>,51,12,[5 1],69,104,116,35,92
1,<environment.Job instance at 0x1472626259b0>,31,1,[9 2],44,116,117,72,95
1,<environment.Job instance at 0x14725afc2780>,52,16,[1 7],71,117,133,46,104
1,<environment.Job instance at 0x14725865e280>,55,3,[2 8],76,121,124,45,104
1,<environment.Job instance at 0x14725865eaa0>,56,2,[9 1],78,117,119,39,104
1,<environment.Job instance at 0x14725865e8c0>,58,1,[1 9],80,133,134,53,106
1,<environment.Job instance at 0x147257e38140>,59,1,[1 5],81,109,110,28,106
1,<environment.Job instance at 0x14725fadfaa0>,60,26,[2 7],82,134,160,52,131
1,<environment.Job instance at 0x14725b54de10>,61,3,[2 8],83,134,137,51,131
1,<environment.Job instance at 0x147281211140>,62,3,[2 9],84,160,163,76,134
1,<environment.Job instance at 0x147281211730>,63,15,[8 1],86,137,152,51,134
1,<environment.Job instance at 0x1472581e97d0>,64,1,[2 7],87,137,138,50,134
1,<environment.Job instance at 0x1472581e9140>,65,1,[7 2],88,152,153,64,134
1,<environment.Job instance at 0x147257d83d70>,66,25,[1 7],89,163,188,74,159
1,<environment.Job instance at 0x147257d83a00>,67,1,[ 2 10],90,188,189,98,160
1,<environment.Job instance at 0x147257d83820>,68,2,[2 5],91,160,162,69,160
1,<environment.Job instance at 0x147257d832d0>,69,15,[7 2],92,163,178,71,163
1,<environment.Job instance at 0x147257d83cd0>,71,1,[1 8],96,178,179,82,169
1,<environment.Job instance at 0x147257d83eb0>,72,2,[1 7],97,179,181,82,169
1,<environment.Job instance at 0x14725b46cb40>,73,22,[ 1 10],98,189,211,91,182
1,<environment.Job instance at 0x14725b46caf0>,74,2,[1 6],99,182,184,83,182
1,<environment.Job instance at 0x1472584701e0>,70,1,[7 2],95,225,226,130,225
1,<environment.Job instance at 0x14725e274640>,3,13,[ 2 11],5,683,696,678,683
1,<environment.Job instance at 0x147257912cd0>,5,13,[2 5],7,7,20,0,7
1,<environment.Job instance at 0x147257912b40>,6,2,[6 1],9,9,11,0,9
1,<environment.Job instance at 0x147257912910>,7,16,[6 1],10,10,26,0,10
1,<environment.Job instance at 0x147257912f00>,9,3,[9 1],14,20,23,6,14
1,<environment.Job instance at 0x147257912dc0>,10,1,[8 2],16,23,24,7,17
1,<environment.Job instance at 0x147257912f50>,11,3,[1 5],17,17,20,0,17
1,<environment.Job instance at 0x147257912230>,12,1,[10  1],19,26,27,7,19
1,<environment.Job instance at 0x14725c550a50>,3,1,[8 1],4,24,25,20,20
1,<environment.Job instance at 0x1472579126e0>,13,3,[8 1],20,27,30,7,21
1,<environment.Job instance at 0x147257912c80>,15,1,[5 2],22,25,26,3,22
1,<environment.Job instance at 0x1472579120f0>,16,3,[1 7],23,23,26,0,23
1,<environment.Job instance at 0x14725793c0a0>,17,2,[5 1],24,26,28,2,24
1,<environment.Job instance at 0x14725793c7d0>,20,1,[1 5],28,28,29,0,28
1,<environment.Job instance at 0x14725793c410>,23,1,[10  1],31,31,32,0,31
1,<environment.Job instance at 0x14725793cc80>,24,2,[ 1 10],32,33,35,1,33
1,<environment.Job instance at 0x14725793c2d0>,25,2,[1 8],33,35,37,2,33
1,<environment.Job instance at 0x14725793c1e0>,26,3,[2 5],34,37,40,3,37
1,<environment.Job instance at 0x14725793c280>,27,18,[10  1],35,37,55,2,37
1,<environment.Job instance at 0x14725793c910>,28,2,[7 1],36,55,57,19,37
1,<environment.Job instance at 0x1472578db2d0>,29,15,[2 7],37,37,52,0,37
1,<environment.Job instance at 0x1472578dbfa0>,30,1,[2 5],38,40,41,2,38
1,<environment.Job instance at 0x14725793c960>,22,2,[7 1],30,55,57,25,41
1,<environment.Job instance at 0x1472578db3c0>,32,2,[1 9],42,52,54,10,43
1,<environment.Job instance at 0x1472578dba00>,33,2,[2 5],43,44,46,1,44
1,<environment.Job instance at 0x1472578db690>,35,1,[8 1],47,57,58,10,47
1,<environment.Job instance at 0x1472578dba50>,36,2,[8 2],48,58,60,10,48
1,<environment.Job instance at 0x147257bd55a0>,37,14,[9 2],49,60,74,11,49
1,<environment.Job instance at 0x147257bd5a50>,38,2,[5 2],50,57,59,7,50
1,<environment.Job instance at 0x147257bd53c0>,39,3,[1 5],51,51,54,0,51
1,<environment.Job instance at 0x147257bd5b40>,40,1,[1 5],53,54,55,1,53
1,<environment.Job instance at 0x147257bd52d0>,41,16,[8 1],54,74,90,20,61
1,<environment.Job instance at 0x147257bd59b0>,42,14,[2 8],55,61,75,6,61
1,<environment.Job instance at 0x147257bd5be0>,43,15,[8 2],56,90,105,34,76
1,<environment.Job instance at 0x147257bd5e60>,44,3,[1 7],58,76,79,18,76
1,<environment.Job instance at 0x147257bd5d20>,45,3,[7 1],59,79,82,20,76
1,<environment.Job instance at 0x147257bd5f00>,46,2,[2 7],60,76,78,16,76
1,<environment.Job instance at 0x147257bd57d0>,47,14,[ 2 10],61,82,96,21,76
1,<environment.Job instance at 0x147257bd5f50>,48,1,[1 9],62,96,97,34,76
1,<environment.Job instance at 0x14725860ca50>,49,18,[5 2],63,82,100,19,78
1,<environment.Job instance at 0x14725860c3c0>,50,2,[1 8],65,97,99,32,79
1,<environment.Job instance at 0x1472578db280>,34,3,[1 5],46,99,102,53,79
1,<environment.Job instance at 0x14725860c2d0>,51,16,[1 6],66,99,115,33,86
1,<environment.Job instance at 0x14725860cd20>,53,14,[10  1],69,105,119,36,90
1,<environment.Job instance at 0x14725860cdc0>,54,3,[ 1 14],70,115,118,45,90
1,<environment.Job instance at 0x14725860c370>,55,3,[5 1],71,100,103,29,90
1,<environment.Job instance at 0x14725860cd70>,56,2,[8 1],73,119,121,46,92
1,<environment.Job instance at 0x14725860c910>,57,3,[9 1],74,121,124,47,95
1,<environment.Job instance at 0x14725860c6e0>,58,3,[8 2],75,124,127,49,98
1,<environment.Job instance at 0x147257e49050>,59,12,[7 2],77,124,136,47,107
1,<environment.Job instance at 0x147257e494b0>,60,2,[2 7],79,107,109,28,107
1,<environment.Job instance at 0x147257e498c0>,61,17,[6 2],81,127,144,46,115
1,<environment.Job instance at 0x147257e491e0>,62,13,[ 2 10],82,127,140,45,115
1,<environment.Job instance at 0x147257e497d0>,63,2,[1 9],83,118,120,35,115
1,<environment.Job instance at 0x14725860ce10>,52,3,[2 6],68,120,123,52,120
1,<environment.Job instance at 0x147257e49190>,65,1,[8 1],85,140,141,55,121
1,<environment.Job instance at 0x147257e49960>,64,23,[1 5],84,140,163,56,134
1,<environment.Job instance at 0x147257e49f50>,67,1,[8 2],87,141,142,54,134
1,<environment.Job instance at 0x147257e49320>,68,2,[7 1],88,136,138,48,134
1,<environment.Job instance at 0x147257e49410>,69,1,[5 1],89,138,139,49,135
1,<environment.Job instance at 0x147257e49780>,70,2,[2 8],90,142,144,52,137
1,<environment.Job instance at 0x1472631a6e10>,71,3,[7 1],91,144,147,53,137
1,<environment.Job instance at 0x1472631a6b90>,72,3,[8 2],92,147,150,55,137
1,<environment.Job instance at 0x1472631a69b0>,73,2,[10  1],94,150,152,56,137
1,<environment.Job instance at 0x1472631a6aa0>,74,22,[5 1],96,152,174,56,145
1,<environment.Job instance at 0x1472631a6af0>,75,14,[9 2],99,152,166,53,145
1,<environment.Job instance at 0x1472578dbaf0>,31,3,[ 1 11],41,167,170,126,167
1,<environment.Job instance at 0x147257e49730>,66,18,[10  1],86,170,188,84,170
1,<environment.Job instance at 0x147257912b90>,4,17,[7 2],6,210,227,204,210
1,<environment.Job instance at 0x14725c550c30>,0,1,[14  1],1,365,366,364,365
1,<environment.Job instance at 0x147257c03050>,3,13,[8 1],5,6,19,1,6
1,<environment.Job instance at 0x147258492730>,21,2,[ 1 13],25,27,29,2,27
1,<environment.Job instance at 0x14725825e960>,20,16,[1 9],24,29,45,5,27
1,<environment.Job instance at 0x147258492460>,23,1,[6 1],27,27,28,0,27
1,<environment.Job instance at 0x1472579c4320>,29,15,[10  2],36,36,51,0,36
1,<environment.Job instance at 0x1472578bf5f0>,31,2,[11  1],38,51,53,13,39
1,<environment.Job instance at 0x1472630a5870>,32,1,[8 2],39,53,54,14,39
1,<environment.Job instance at 0x1472630a5370>,35,3,[9 1],44,54,57,10,44
1,<environment.Job instance at 0x14725790c6e0>,36,14,[2 5],46,47,61,1,47
1,<environment.Job instance at 0x14725790c5f0>,37,2,[1 8],47,48,50,1,48
1,<environment.Job instance at 0x14725790c870>,39,14,[1 7],49,50,64,1,49
1,<environment.Job instance at 0x14725790c5a0>,40,2,[8 1],51,57,59,6,51
1,<environment.Job instance at 0x147257895eb0>,41,2,[6 2],53,59,61,6,53
1,<environment.Job instance at 0x147257895460>,42,2,[1 5],54,61,63,7,54
1,<environment.Job instance at 0x147257895a50>,43,2,[9 2],55,61,63,6,55
1,<environment.Job instance at 0x147257a34280>,52,2,[1 8],68,68,70,0,68
1,<environment.Job instance at 0x1472578953c0>,44,1,[9 1],58,70,71,12,70
1,<environment.Job instance at 0x147257923280>,54,1,[1 5],70,70,71,0,70
1,<environment.Job instance at 0x1472630c73c0>,55,3,[2 8],71,77,80,6,77
1,<environment.Job instance at 0x1472630c7280>,56,12,[7 2],72,82,94,10,82
1,<environment.Job instance at 0x147257940eb0>,51,2,[ 1 11],67,85,87,18,85
1,<environment.Job instance at 0x1472630c7780>,57,1,[2 5],74,87,88,13,86
1,<environment.Job instance at 0x1472630c7730>,61,3,[2 5],81,87,90,6,86
1,<environment.Job instance at 0x147257b2c550>,63,12,[9 1],83,94,106,11,86
1,<environment.Job instance at 0x147257a32e10>,65,3,[1 6],87,88,91,1,87
1,<environment.Job instance at 0x147257941410>,66,2,[1 6],89,90,92,1,89
1,<environment.Job instance at 0x147257d55e10>,70,2,[10  1],97,106,108,9,97
1,<environment.Job instance at 0x1472578a12d0>,53,16,[ 1 12],69,139,155,70,139
1,<environment.Job instance at 0x14725825ec80>,19,2,[1 6],23,232,234,209,232
1,<environment.Job instance at 0x14725825e8c0>,18,18,[ 2 11],22,773,791,751,773
1,<environment.Job instance at 0x1478515c1a50>,14,2,[ 1 10],18,18,20,0,18
1,<environment.Job instance at 0x1478515c46e0>,24,12,[ 1 10],32,32,44,0,32
1,<environment.Job instance at 0x1478515c1d20>,16,1,[2 5],21,40,41,19,40
1,<environment.Job instance at 0x1478515c6820>,36,3,[10  2],48,53,56,5,53
1,<environment.Job instance at 0x1478515c67d0>,37,2,[ 1 10],50,56,58,6,56
1,<environment.Job instance at 0x1478515c6730>,38,1,[8 1],51,56,57,5,56
1,<environment.Job instance at 0x1478515c6460>,39,3,[1 5],52,57,60,5,56
1,<environment.Job instance at 0x1478515c6910>,40,3,[1 6],53,58,61,5,56
1,<environment.Job instance at 0x1478515c6aa0>,41,25,[12  2],54,58,83,4,56
1,<environment.Job instance at 0x1478515c6be0>,42,1,[10  1],56,83,84,27,57
1,<environment.Job instance at 0x1478515c6e60>,43,3,[7 2],57,84,87,27,58
1,<environment.Job instance at 0x1478515c6a00>,44,3,[1 8],58,61,64,3,59
1,<environment.Job instance at 0x1478515c82d0>,45,3,[2 8],60,64,67,4,60
1,<environment.Job instance at 0x1478515c8190>,46,2,[2 8],61,67,69,6,61
1,<environment.Job instance at 0x1478515c8500>,47,1,[1 6],63,69,70,6,63
1,<environment.Job instance at 0x1478515c84b0>,48,1,[2 9],65,70,71,5,65
1,<environment.Job instance at 0x1478515c8370>,49,16,[8 2],66,84,100,18,71
1,<environment.Job instance at 0x1478515c1e60>,17,17,[6 1],23,87,104,64,77
1,<environment.Job instance at 0x1478515c8460>,51,2,[8 2],69,100,102,31,81
1,<environment.Job instance at 0x1478515c8960>,52,2,[1 7],72,81,83,9,81
1,<environment.Job instance at 0x1478515c88c0>,50,12,[9 1],68,102,114,34,86
1,<environment.Job instance at 0x1478515c8870>,54,2,[2 5],75,104,106,29,88
1,<environment.Job instance at 0x1478515c8aa0>,55,16,[2 5],76,104,120,28,95
1,<environment.Job instance at 0x1478515c8d70>,56,1,[10  2],79,114,115,35,95
1,<environment.Job instance at 0x1478515c8af0>,57,22,[1 5],80,106,128,26,99
1,<environment.Job instance at 0x1478515c8b90>,58,15,[2 9],82,120,135,38,107
1,<environment.Job instance at 0x1478515c8eb0>,59,1,[1 9],85,135,136,50,108
1,<environment.Job instance at 0x1478515cb1e0>,60,17,[8 1],86,115,132,29,108
1,<environment.Job instance at 0x1478515cb0f0>,61,3,[1 5],87,128,131,41,108
1,<environment.Job instance at 0x1478515cb140>,62,3,[9 2],88,132,135,44,108
1,<environment.Job instance at 0x1478515cb460>,63,3,[10  1],89,135,138,46,110
1,<environment.Job instance at 0x1478515cb5a0>,64,12,[9 1],91,138,150,47,121
1,<environment.Job instance at 0x1478515cb3c0>,65,3,[2 9],92,136,139,44,121
1,<environment.Job instance at 0x1478515cb4b0>,66,3,[1 9],93,139,142,46,121
1,<environment.Job instance at 0x1478515cb690>,67,1,[13  1],94,150,151,56,123
1,<environment.Job instance at 0x1478515cb780>,68,3,[1 9],95,142,145,47,123
1,<environment.Job instance at 0x1478515cb910>,69,1,[2 5],96,131,132,35,123
1,<environment.Job instance at 0x1478515cbb40>,70,2,[ 2 10],97,145,147,48,123
1,<environment.Job instance at 0x1478515cba50>,71,3,[2 9],99,147,150,48,123
1,<environment.Job instance at 0x1478515cbd20>,72,13,[7 2],102,151,164,49,135
1,<environment.Job instance at 0x1478515cbbe0>,73,2,[6 2],103,151,153,48,137
1,<environment.Job instance at 0x1478515cbe60>,74,3,[6 2],106,153,156,47,139
1,<environment.Job instance at 0x1478515cbd70>,75,1,[1 6],107,150,151,43,140
1,<environment.Job instance at 0x1478a84d1a50>,76,2,[2 5],108,140,142,32,140
1,<environment.Job instance at 0x1478515b90a0>,77,2,[ 1 10],109,151,153,42,142
1,<environment.Job instance at 0x1478515c8a50>,53,3,[6 1],73,186,189,113,186
1,<environment.Job instance at 0x1478515c62d0>,34,15,[11  1],44,209,224,165,209
1,<environment.Job instance at 0x1478515c40a0>,20,2,[ 1 13],27,309,311,282,309
1,<environment.Job instance at 0x147859e1b780>,18,15,[10  2],25,26,41,1,26
1,<environment.Job instance at 0x147859e1bdc0>,19,13,[ 1 10],26,26,39,0,26
1,<environment.Job instance at 0x147859e1b5a0>,20,16,[8 1],27,41,57,14,28
1,<environment.Job instance at 0x147859e1beb0>,21,17,[1 9],29,39,56,10,30
1,<environment.Job instance at 0x147859e1b870>,22,13,[2 9],30,56,69,26,40
1,<environment.Job instance at 0x147859e228c0>,23,1,[2 8],31,69,70,38,41
1,<environment.Job instance at 0x147859e221e0>,24,1,[ 2 10],32,70,71,38,44
1,<environment.Job instance at 0x147859e22f00>,25,1,[ 2 14],33,71,72,38,44
1,<environment.Job instance at 0x147859e226e0>,26,1,[8 2],34,57,58,23,44
1,<environment.Job instance at 0x147859e22dc0>,27,15,[5 1],35,44,59,9,44
1,<environment.Job instance at 0x147859e1baa0>,16,3,[2 8],22,72,75,50,58
1,<environment.Job instance at 0x147859e22e10>,28,18,[1 8],36,75,93,39,64
1,<environment.Job instance at 0x147859e225a0>,30,3,[11  2],41,65,68,24,65
1,<environment.Job instance at 0x147859e222d0>,31,3,[ 2 10],42,93,96,51,68
1,<environment.Job instance at 0x147859e22140>,32,3,[2 5],43,68,71,25,68
1,<environment.Job instance at 0x147859e22910>,33,1,[8 1],44,68,69,24,68
1,<environment.Job instance at 0x147859e22460>,34,3,[5 2],46,72,75,26,68
1,<environment.Job instance at 0x147859e1e140>,35,15,[9 2],47,75,90,28,69
1,<environment.Job instance at 0x147859e1eaf0>,36,18,[2 6],48,96,114,48,85
1,<environment.Job instance at 0x147859e1ee60>,37,1,[1 6],49,90,91,41,85
1,<environment.Job instance at 0x147859e1ee10>,38,1,[1 7],50,91,92,41,85
1,<environment.Job instance at 0x147859e1eeb0>,39,3,[9 1],53,92,95,39,85
1,<environment.Job instance at 0x147859e1ec30>,40,3,[12  1],54,95,98,41,85
1,<environment.Job instance at 0x147859e1ebe0>,41,1,[1 8],56,96,97,40,87
1,<environment.Job instance at 0x147859e1e960>,42,15,[1 6],57,97,112,40,88
1,<environment.Job instance at 0x147859e1e550>,43,3,[7 2],58,98,101,40,88
1,<environment.Job instance at 0x147859e1e500>,44,2,[1 8],59,112,114,53,89
1,<environment.Job instance at 0x147859e1ecd0>,45,3,[1 7],61,114,117,53,89
1,<environment.Job instance at 0x147859e1e460>,46,13,[ 1 14],62,117,130,55,101
1,<environment.Job instance at 0x147859e1e280>,47,27,[1 8],63,130,157,67,128
1,<environment.Job instance at 0x147859e1e5a0>,48,3,[1 9],64,157,160,93,132
1,<environment.Job instance at 0x147859e1e4b0>,49,2,[7 2],65,132,134,67,132
1,<environment.Job instance at 0x147859e18910>,50,12,[6 1],66,132,144,66,132
1,<environment.Job instance at 0x147859e18190>,51,28,[2 8],69,160,188,91,159
1,<environment.Job instance at 0x147859e18e60>,52,3,[5 1],73,160,163,87,160
1,<environment.Job instance at 0x147859e22500>,29,2,[ 1 10],40,188,190,148,162
1,<environment.Job instance at 0x147859e18aa0>,53,15,[1 7],75,163,178,88,162
1,<environment.Job instance at 0x147859e180f0>,55,2,[1 9],78,190,192,112,163
1,<environment.Job instance at 0x147859e18a50>,56,2,[ 2 10],81,192,194,111,165
1,<environment.Job instance at 0x147859e18d70>,57,3,[5 2],82,178,181,96,165
1,<environment.Job instance at 0x147859e1b550>,14,2,[14  1],20,188,190,168,169
1,<environment.Job instance at 0x147859e18f50>,54,3,[ 2 10],76,194,197,118,176
1,<environment.Job instance at 0x147859e18b90>,58,15,[2 7],83,197,212,114,183
1,<environment.Job instance at 0x147859e345a0>,63,2,[9 1],89,196,198,107,196
1,<environment.Job instance at 0x147859e34730>,62,19,[ 1 10],88,212,231,124,202
1,<environment.Job instance at 0x147859e3ab40>,76,3,[6 1],104,202,205,98,202
1,<environment.Job instance at 0x147859e3aaa0>,79,18,[8 1],108,205,223,97,202
1,<environment.Job instance at 0x147859e3aaf0>,80,16,[1 6],109,231,247,122,218
1,<environment.Job instance at 0x147859e3a0f0>,71,14,[10  1],99,251,265,152,251
1,<environment.Job instance at 0x147853ca3730>,4,15,[9 2],10,12,27,2,12
1,<environment.Job instance at 0x147851606870>,14,3,[2 8],25,25,28,0,25
1,<environment.Job instance at 0x1478516068c0>,19,18,[10  1],36,41,59,5,41
1,<environment.Job instance at 0x147851609230>,21,2,[2 5],38,43,45,5,43
1,<environment.Job instance at 0x147851609820>,22,14,[2 8],39,43,57,4,43
1,<environment.Job instance at 0x147853ca3d20>,6,12,[1 5],12,48,60,36,48
1,<environment.Job instance at 0x147851609af0>,28,15,[2 8],48,57,72,9,48
1,<environment.Job instance at 0x147851609f00>,26,2,[ 2 12],46,72,74,26,54
1,<environment.Job instance at 0x1478516094b0>,30,13,[ 1 11],51,74,87,23,58
1,<environment.Job instance at 0x147851609d20>,33,16,[1 7],54,87,103,33,74
1,<environment.Job instance at 0x1478515bacd0>,36,3,[1 5],59,87,90,28,78
1,<environment.Job instance at 0x1478515bad20>,37,21,[ 2 13],60,103,124,43,96
1,<environment.Job instance at 0x1478515baa50>,38,1,[2 8],61,99,100,38,99
1,<environment.Job instance at 0x1478515badc0>,39,1,[7 1],62,104,105,42,104
1,<environment.Job instance at 0x1478515baf50>,41,2,[8 2],65,109,111,44,109
1,<environment.Job instance at 0x1478515ba1e0>,43,18,[8 1],67,111,129,44,111
1,<environment.Job instance at 0x1478515baa00>,44,1,[5 2],68,124,125,56,111
1,<environment.Job instance at 0x1478515ba5f0>,45,1,[1 8],69,124,125,55,114
1,<environment.Job instance at 0x1478515ba4b0>,46,3,[1 7],70,125,128,55,115
1,<environment.Job instance at 0x1478515ba460>,47,2,[5 2],72,125,127,53,118
1,<environment.Job instance at 0x1478515bafa0>,48,2,[1 7],74,127,129,53,119
1,<environment.Job instance at 0x1478515baf00>,49,2,[5 2],75,128,130,53,119
1,<environment.Job instance at 0x1478515bae10>,50,1,[1 6],77,129,130,52,119
1,<environment.Job instance at 0x1478515ba820>,51,12,[7 1],78,129,141,51,119
1,<environment.Job instance at 0x1478515ba960>,52,2,[10  1],79,141,143,62,119
1,<environment.Job instance at 0x147853d21be0>,53,3,[2 7],80,130,133,50,119
1,<environment.Job instance at 0x147853d21fa0>,54,17,[7 1],82,143,160,61,131
1,<environment.Job instance at 0x147853d213c0>,55,1,[2 5],84,131,132,47,131
1,<environment.Job instance at 0x147853d214b0>,56,3,[1 8],85,133,136,48,131
1,<environment.Job instance at 0x147853d21690>,57,12,[7 2],87,143,155,56,131
1,<environment.Job instance at 0x147853d21190>,58,2,[7 2],89,133,135,44,131
1,<environment.Job instance at 0x147853d21c30>,59,3,[ 2 10],91,136,139,45,131
1,<environment.Job instance at 0x147853d21af0>,60,14,[8 2],92,155,169,63,140
1,<environment.Job instance at 0x147853d211e0>,61,2,[2 5],94,140,142,46,140
1,<environment.Job instance at 0x147853d210f0>,62,1,[ 2 10],95,142,143,47,142
1,<environment.Job instance at 0x1478515ba9b0>,42,3,[1 7],66,160,163,94,154
1,<environment.Job instance at 0x147853d21aa0>,63,14,[8 1],96,169,183,73,154
1,<environment.Job instance at 0x147853cf94b0>,65,3,[7 2],98,163,166,65,154
1,<environment.Job instance at 0x147853cf9230>,66,21,[7 2],100,166,187,66,158
1,<environment.Job instance at 0x147853cf9aa0>,67,13,[5 2],101,183,196,82,167
1,<environment.Job instance at 0x147853ca06e0>,68,3,[1 9],102,183,186,81,167
1,<environment.Job instance at 0x147853ca0d20>,69,1,[6 1],103,187,188,84,167
1,<environment.Job instance at 0x147853ca0a50>,70,3,[5 1],104,188,191,84,167
1,<environment.Job instance at 0x147853ca00a0>,71,3,[1 7],109,186,189,77,167
1,<environment.Job instance at 0x1478589a22d0>,64,2,[ 1 10],97,189,191,92,179
1,<environment.Job instance at 0x1478515bac30>,35,3,[ 1 13],56,246,249,190,246
1,<environment.Job instance at 0x147850e95410>,1,20,[8 2],2,2,22,0,2
1,<environment.Job instance at 0x147854a655a0>,18,2,[ 2 12],30,31,33,1,31
1,<environment.Job instance at 0x147854a65d70>,20,3,[2 7],33,33,36,0,33
1,<environment.Job instance at 0x147854a65e60>,15,2,[ 2 10],25,37,39,12,37
1,<environment.Job instance at 0x147854a65c30>,21,15,[ 1 11],37,39,54,2,38
1,<environment.Job instance at 0x147855411cd0>,26,3,[1 8],44,54,57,10,44
1,<environment.Job instance at 0x14785580b140>,28,18,[ 1 10],46,57,75,11,46
1,<environment.Job instance at 0x14785580b960>,29,2,[1 6],48,54,56,6,48
1,<environment.Job instance at 0x14785580b5f0>,31,1,[7 2],51,51,52,0,51
1,<environment.Job instance at 0x1478542288c0>,34,1,[6 2],55,56,57,1,55
1,<environment.Job instance at 0x147854228460>,35,3,[2 7],56,75,78,19,56
1,<environment.Job instance at 0x1478542285a0>,36,14,[7 2],57,57,71,0,57
1,<environment.Job instance at 0x147854228410>,38,3,[10  2],60,71,74,11,60
1,<environment.Job instance at 0x147854a658c0>,22,2,[8 1],38,88,90,50,88
1,<environment.Job instance at 0x14786e947b90>,62,16,[2 9],97,98,114,1,98
1,<environment.Job instance at 0x147850e505f0>,68,15,[2 8],108,114,129,6,108
1,<environment.Job instance at 0x14786e919370>,66,1,[10  1],104,113,114,9,113
1,<environment.Job instance at 0x14786e9197d0>,69,16,[2 8],109,129,145,20,117
1,<environment.Job instance at 0x14786e0619b0>,9,1,[1 8],15,16,17,1,16
1,<environment.Job instance at 0x14785b689370>,29,1,[1 5],42,43,44,1,43
1,<environment.Job instance at 0x14785b689e60>,30,18,[8 2],43,44,62,1,44
1,<environment.Job instance at 0x14786e097cd0>,31,3,[1 6],44,44,47,0,44
1,<environment.Job instance at 0x14785b58a500>,32,16,[1 5],45,49,65,4,49
1,<environment.Job instance at 0x1478e18628c0>,33,2,[ 1 10],46,62,64,16,49
1,<environment.Job instance at 0x14785b58ac80>,34,17,[2 9],47,64,81,17,52
1,<environment.Job instance at 0x14785b58aeb0>,35,15,[7 2],48,65,80,17,52
1,<environment.Job instance at 0x14785b58ad70>,36,16,[2 8],49,81,97,32,68
1,<environment.Job instance at 0x14786e9a4cd0>,38,2,[1 8],51,97,99,46,70
1,<environment.Job instance at 0x14786e9a4f50>,39,3,[2 8],52,99,102,47,73
1,<environment.Job instance at 0x14786e99daf0>,40,2,[2 8],53,102,104,49,75
1,<environment.Job instance at 0x14786e9a49b0>,41,3,[5 2],56,75,78,19,75
1,<environment.Job instance at 0x14785581e140>,42,1,[6 2],58,78,79,20,75
1,<environment.Job instance at 0x14785581e050>,43,2,[2 8],59,104,106,45,82
1,<environment.Job instance at 0x14785581e870>,44,1,[6 2],61,83,84,22,83
1,<environment.Job instance at 0x14786c17db90>,45,1,[2 9],62,106,107,44,83
1,<environment.Job instance at 0x14786e9a4370>,37,3,[6 1],50,87,90,37,87
1,<environment.Job instance at 0x14786c17da50>,47,2,[10  1],64,90,92,26,87
1,<environment.Job instance at 0x14786c17d1e0>,48,2,[2 7],66,103,105,37,103
1,<environment.Job instance at 0x14785b5ac550>,49,1,[5 2],67,106,107,39,106
1,<environment.Job instance at 0x14786e04a690>,51,2,[ 1 10],70,107,109,37,106
1,<environment.Job instance at 0x14786c17d5a0>,46,27,[ 2 10],63,109,136,46,107
1,<environment.Job instance at 0x14786e04abe0>,53,12,[6 1],72,107,119,35,107
1,<environment.Job instance at 0x14786e04ad70>,54,2,[5 2],73,107,109,34,107
1,<environment.Job instance at 0x14786c030aa0>,55,1,[7 1],76,109,110,33,107
1,<environment.Job instance at 0x14786c030870>,56,2,[7 1],77,110,112,33,107
1,<environment.Job instance at 0x14786c030af0>,57,1,[7 2],78,112,113,34,108
1,<environment.Job instance at 0x14786c030b90>,58,3,[10  2],79,119,122,40,108
1,<environment.Job instance at 0x14786c030910>,59,2,[5 2],80,113,115,33,108
1,<environment.Job instance at 0x14786c030e60>,60,15,[1 8],82,136,151,54,122
1,<environment.Job instance at 0x14786c0303c0>,61,3,[1 7],83,136,139,53,123
1,<environment.Job instance at 0x14786c030500>,63,13,[12  2],87,139,152,52,139
1,<environment.Job instance at 0x14786c030cd0>,62,19,[2 9],86,151,170,65,142
1,<environment.Job instance at 0x14785b6848c0>,65,1,[6 2],89,152,153,63,143
1,<environment.Job instance at 0x14785b684730>,66,2,[1 5],90,143,145,53,143
1,<environment.Job instance at 0x14785b684910>,67,1,[1 7],91,170,171,79,143
1,<environment.Job instance at 0x14785b684640>,68,3,[2 7],92,170,173,78,144
1,<environment.Job instance at 0x14785bf002d0>,69,2,[1 5],93,145,147,52,144
1,<environment.Job instance at 0x14785bf00eb0>,70,1,[1 9],95,173,174,78,145
1,<environment.Job instance at 0x14785bf00be0>,71,1,[2 5],96,147,148,51,145
1,<environment.Job instance at 0x14785bf00050>,72,15,[7 1],97,152,167,55,145
1,<environment.Job instance at 0x14785bf03d70>,73,1,[2 6],98,167,168,69,145
1,<environment.Job instance at 0x14785bf035f0>,74,1,[2 8],100,171,172,71,149
1,<environment.Job instance at 0x14785bf03aa0>,75,1,[2 6],101,168,169,67,149
1,<environment.Job instance at 0x14785bf03410>,76,3,[1 7],103,174,177,71,149
1,<environment.Job instance at 0x14786c5b1e10>,77,17,[2 7],104,174,191,70,162
1,<environment.Job instance at 0x1478557e8aa0>,78,14,[1 6],105,177,191,72,162
1,<environment.Job instance at 0x1478557e8280>,79,17,[9 1],106,172,189,66,162
1,<environment.Job instance at 0x14786e0961e0>,80,3,[5 1],107,162,165,55,162
1,<environment.Job instance at 0x14786e096460>,81,1,[10  1],108,169,170,61,162
1,<environment.Job instance at 0x14786e096c80>,82,1,[1 8],109,191,192,82,163
1,<environment.Job instance at 0x14785b593190>,23,14,[14  1],32,224,238,192,224
1,<environment.Job instance at 0x14785b689be0>,28,2,[1 7],41,224,226,183,224
1,<environment.Job instance at 0x14785b689320>,27,3,[ 2 11],40,274,277,234,274
1,<environment.Job instance at 0x147850cb70a0>,19,3,[7 1],26,26,29,0,26
1,<environment.Job instance at 0x147850cb73c0>,17,1,[ 2 10],20,26,27,6,26
1,<environment.Job instance at 0x147850cb7460>,21,3,[1 9],28,28,31,0,28
1,<environment.Job instance at 0x147850cb75a0>,22,16,[10  1],29,29,45,0,29
1,<environment.Job instance at 0x147850cb74b0>,23,3,[2 9],30,31,34,1,30
1,<environment.Job instance at 0x147850c85460>,24,23,[1 6],31,34,57,3,31
1,<environment.Job instance at 0x147850c85500>,25,12,[7 1],34,45,57,11,34
1,<environment.Job instance at 0x147850c850a0>,26,3,[10  1],37,57,60,20,37
1,<environment.Job instance at 0x147850c85780>,28,3,[8 1],40,60,63,20,40
1,<environment.Job instance at 0x147850c85e60>,29,2,[7 1],42,45,47,3,42
1,<environment.Job instance at 0x147850c855a0>,30,18,[2 6],44,47,65,3,44
1,<environment.Job instance at 0x147850c85410>,31,1,[7 1],46,63,64,17,46
1,<environment.Job instance at 0x147850c859b0>,32,2,[5 1],47,47,49,0,47
1,<environment.Job instance at 0x147850c85a50>,33,14,[2 5],48,57,71,9,48
1,<environment.Job instance at 0x147850c85dc0>,34,3,[5 2],50,50,53,0,50
1,<environment.Job instance at 0x147850c85b40>,36,13,[7 2],52,64,77,12,52
1,<environment.Job instance at 0x14785b476c30>,37,3,[8 1],53,71,74,18,53
1,<environment.Job instance at 0x14785b4761e0>,38,3,[2 6],56,65,68,9,56
1,<environment.Job instance at 0x14785b476e60>,39,18,[1 5],57,74,92,17,63
1,<environment.Job instance at 0x14785b476320>,41,1,[1 9],62,77,78,15,63
1,<environment.Job instance at 0x14785b476d70>,42,3,[2 9],64,78,81,14,64
1,<environment.Job instance at 0x14785b4765a0>,43,1,[10  2],65,81,82,16,65
1,<environment.Job instance at 0x147851605780>,44,1,[5 2],66,68,69,2,66
1,<environment.Job instance at 0x147851605c80>,45,26,[2 8],68,81,107,13,78
1,<environment.Job instance at 0x14786e0613c0>,50,3,[1 9],78,107,110,29,81
1,<environment.Job instance at 0x14786e061eb0>,51,16,[2 7],81,110,126,29,97
1,<environment.Job instance at 0x147850bec9b0>,52,1,[6 2],82,97,98,15,97
1,<environment.Job instance at 0x14786e0612d0>,53,3,[10  2],84,98,101,14,97
1,<environment.Job instance at 0x147850beceb0>,54,3,[5 1],88,101,104,13,97
1,<environment.Job instance at 0x147850becb90>,55,1,[2 8],89,110,111,21,97
1,<environment.Job instance at 0x147850becbe0>,56,2,[7 2],90,101,103,11,97
1,<environment.Job instance at 0x14786c1a65a0>,57,2,[6 2],91,103,105,12,97
1,<environment.Job instance at 0x14786c1a6c30>,58,3,[9 1],92,105,108,13,97
1,<environment.Job instance at 0x14786c1a60a0>,59,14,[2 8],93,111,125,18,97
1,<environment.Job instance at 0x1478516059b0>,46,2,[ 1 10],70,126,128,56,100
1,<environment.Job instance at 0x14786c1a6aa0>,61,27,[1 7],95,128,155,33,126
1,<environment.Job instance at 0x147850cb77d0>,16,25,[12  1],19,155,180,136,155
1,<environment.Job instance at 0x1478552b83c0>,8,1,[ 1 12],16,16,17,0,16
1,<environment.Job instance at 0x1478552b81e0>,12,1,[2 9],24,25,26,1,25
1,<environment.Job instance at 0x14786f07bc30>,21,28,[5 1],36,91,119,55,91
1,<environment.Job instance at 0x14785107cb40>,23,18,[5 1],38,91,109,53,91
1,<environment.Job instance at 0x14785107c2d0>,24,15,[6 1],39,109,124,70,95
1,<environment.Job instance at 0x1478515ea500>,25,3,[6 2],40,119,122,79,95
1,<environment.Job instance at 0x1478515ea050>,26,1,[6 2],41,122,123,81,99
1,<environment.Job instance at 0x1478515eaa50>,27,17,[9 2],43,123,140,80,111
1,<environment.Job instance at 0x1478515ea870>,29,12,[2 8],45,124,136,79,114
1,<environment.Job instance at 0x1478515eaf50>,30,3,[ 1 10],46,119,122,73,119
1,<environment.Job instance at 0x1478515eac80>,31,3,[1 5],47,124,127,77,119
1,<environment.Job instance at 0x14786e9745f0>,32,3,[2 7],48,136,139,88,119
1,<environment.Job instance at 0x14786e974aa0>,33,13,[2 5],49,127,140,78,120
1,<environment.Job instance at 0x14786e974af0>,34,2,[2 8],50,139,141,89,123
1,<environment.Job instance at 0x14786e974a50>,36,1,[6 2],56,140,141,84,123
1,<environment.Job instance at 0x14786e974690>,37,1,[1 9],57,141,142,84,123
1,<environment.Job instance at 0x14786e974e60>,38,3,[7 1],58,140,143,82,123
1,<environment.Job instance at 0x14786e974cd0>,39,3,[7 2],59,141,144,82,125
1,<environment.Job instance at 0x14786e974a00>,40,14,[1 5],61,142,156,81,127
1,<environment.Job instance at 0x14786e974d20>,41,12,[2 6],63,143,155,80,129
1,<environment.Job instance at 0x14786e9746e0>,42,1,[9 1],65,144,145,79,130
1,<environment.Job instance at 0x14786e974eb0>,35,2,[5 1],51,145,147,94,132
1,<environment.Job instance at 0x14786e974050>,43,17,[2 8],66,155,172,89,143
1,<environment.Job instance at 0x14786e974b90>,45,16,[8 1],70,147,163,77,143
1,<environment.Job instance at 0x14786e974c80>,46,16,[1 6],71,156,172,85,145
1,<environment.Job instance at 0x14786e974c30>,47,2,[10  2],73,172,174,99,145
1,<environment.Job instance at 0x14786e974410>,48,3,[1 7],74,172,175,98,146
1,<environment.Job instance at 0x14786e9741e0>,49,14,[9 2],76,174,188,98,159
1,<environment.Job instance at 0x1478512894b0>,50,1,[10  2],77,188,189,111,160
1,<environment.Job instance at 0x147851289dc0>,51,2,[7 2],78,189,191,111,162
1,<environment.Job instance at 0x1478512898c0>,52,16,[1 9],79,175,191,96,163
1,<environment.Job instance at 0x147851289230>,53,3,[1 5],80,172,175,92,163
1,<environment.Job instance at 0x147851289870>,54,12,[2 9],82,191,203,109,179
1,<environment.Job instance at 0x147851289780>,56,13,[1 9],84,203,216,119,187
1,<environment.Job instance at 0x1478512890f0>,57,2,[1 8],85,216,218,131,189
1,<environment.Job instance at 0x147851289500>,58,12,[1 7],87,216,228,129,199
1,<environment.Job instance at 0x147851289d70>,59,1,[ 1 10],89,228,229,139,200
1,<environment.Job instance at 0x1478512891e0>,60,19,[2 5],90,218,237,128,209
1,<environment.Job instance at 0x1478512897d0>,61,17,[2 9],91,229,246,138,217
1,<environment.Job instance at 0x147851289730>,62,3,[6 2],92,218,221,126,217
1,<environment.Job instance at 0x147851289050>,63,2,[6 2],93,221,223,128,217
1,<environment.Job instance at 0x147851289640>,64,17,[5 2],94,237,254,143,225
1,<environment.Job instance at 0x14786f00cfa0>,65,1,[6 1],96,225,226,129,225
1,<environment.Job instance at 0x14786e9748c0>,44,25,[8 1],69,229,254,160,228
1,<environment.Job instance at 0x14786f00ca00>,66,12,[ 1 10],97,246,258,149,229
1,<environment.Job instance at 0x14786f00c460>,68,1,[1 6],100,258,259,158,230
1,<environment.Job instance at 0x14786f00c690>,69,3,[8 2],101,254,257,153,230
1,<environment.Job instance at 0x14786f00c780>,70,1,[1 7],102,258,259,156,230
1,<environment.Job instance at 0x14786f00cf50>,71,1,[6 2],103,254,255,151,230
1,<environment.Job instance at 0x14786f00c5f0>,72,2,[2 7],104,259,261,155,232
1,<environment.Job instance at 0x14786f00c2d0>,73,16,[ 2 10],105,261,277,156,249
1,<environment.Job instance at 0x147851c445a0>,74,3,[7 1],106,257,260,151,249
1,<environment.Job instance at 0x147851c447d0>,75,14,[8 2],107,260,274,153,249
1,<environment.Job instance at 0x147851c44690>,76,2,[1 9],109,277,279,168,250
1,<environment.Job instance at 0x14786f07bc80>,15,13,[13  2],27,1113,1126,1086,1113
1,<environment.Job instance at 0x1478544143c0>,7,25,[9 1],11,11,36,0,11
1,<environment.Job instance at 0x1478544145a0>,9,21,[ 2 10],14,14,35,0,14
1,<environment.Job instance at 0x1478541e0a50>,14,15,[6 1],20,35,50,15,21
1,<environment.Job instance at 0x14785b68ae10>,15,2,[2 9],21,36,38,15,21
1,<environment.Job instance at 0x14785b68a550>,16,2,[1 5],22,36,38,14,22
1,<environment.Job instance at 0x14786e919190>,19,1,[9 1],26,38,39,12,28
1,<environment.Job instance at 0x147853cd40f0>,21,2,[10  2],28,50,52,22,28
1,<environment.Job instance at 0x14785588d320>,23,2,[5 2],31,39,41,8,31
1,<environment.Job instance at 0x1478553f81e0>,27,1,[6 2],37,41,42,4,37
1,<environment.Job instance at 0x147851fb6fa0>,33,2,[7 2],45,45,47,0,45
1,<environment.Job instance at 0x147851fb6c30>,35,3,[5 1],47,47,50,0,47
1,<environment.Job instance at 0x1478557ae190>,41,17,[2 7],55,56,73,1,56
1,<environment.Job instance at 0x14785b5d8f50>,43,16,[6 1],57,57,73,0,57
1,<environment.Job instance at 0x14785b5d87d0>,45,1,[5 2],59,59,60,0,59
1,<environment.Job instance at 0x14785b5d8dc0>,46,1,[7 1],60,61,62,1,61
1,<environment.Job instance at 0x14785417cb40>,50,1,[6 2],65,65,66,0,65
1,<environment.Job instance at 0x14785417c820>,51,3,[8 2],66,73,76,7,66
1,<environment.Job instance at 0x14785417c780>,52,2,[ 1 10],68,73,75,5,68
1,<environment.Job instance at 0x14785417c6e0>,54,1,[5 1],70,70,71,0,70
1,<environment.Job instance at 0x14785417ce60>,55,14,[2 9],71,75,89,4,71
1,<environment.Job instance at 0x14785417c550>,56,2,[7 2],72,76,78,4,72
1,<environment.Job instance at 0x14785417c140>,57,3,[10  1],73,78,81,5,73
1,<environment.Job instance at 0x14785417ca50>,58,3,[6 1],74,81,84,7,74
1,<environment.Job instance at 0x14785417ccd0>,59,1,[13  1],75,84,85,9,75
1,<environment.Job instance at 0x147850df0a50>,60,3,[2 7],76,89,92,13,76
1,<environment.Job instance at 0x147850df0be0>,61,1,[5 1],77,77,78,0,77
1,<environment.Job instance at 0x147850df0d70>,63,3,[5 2],79,81,84,2,79
1,<environment.Job instance at 0x147850df0d20>,64,2,[8 2],80,85,87,5,80
1,<environment.Job instance at 0x147850df0c80>,66,2,[2 5],82,87,89,5,82
1,<environment.Job instance at 0x147850df0eb0>,68,22,[8 1],85,87,109,2,85
1,<environment.Job instance at 0x147850df05f0>,69,15,[ 2 10],86,92,107,6,86
1,<environment.Job instance at 0x147850df05a0>,70,3,[10  2],87,109,112,22,87
1,<environment.Job instance at 0x147854a8f870>,73,3,[7 2],91,112,115,21,91
1,<environment.Job instance at 0x147854a8f640>,74,2,[2 9],92,107,109,15,92
1,<environment.Job instance at 0x147854a8fcd0>,76,18,[6 1],95,112,130,17,101
1,<environment.Job instance at 0x1478557f5f00>,78,2,[10  1],97,130,132,33,103
1,<environment.Job instance at 0x1478557f5870>,80,1,[ 1 14],100,115,116,15,103
1,<environment.Job instance at 0x1478557f57d0>,79,22,[2 6],99,116,138,17,112
1,<environment.Job instance at 0x1478557f55a0>,81,16,[6 2],101,132,148,31,119
1,<environment.Job instance at 0x1478557f50a0>,85,1,[8 1],107,138,139,31,119
1,<environment.Job instance at 0x1478557f50f0>,86,1,[5 1],109,119,120,10,119
1,<environment.Job instance at 0x147851fb60f0>,38,17,[12  1],50,149,166,99,149
1,<environment.Job instance at 0x14786e0dc2d0>,20,17,[2 5],27,182,199,155,182
1,<environment.Job instance at 0x1478557a4cd0>,13,15,[7 2],19,370,385,351,370
1,<environment.Job instance at 0x147853ddd1e0>,0,3,[ 2 14],2,2,5,0,2
1,<environment.Job instance at 0x14785108e7d0>,11,27,[5 1],20,24,51,4,24
1,<environment.Job instance at 0x14785108ee10>,15,1,[1 8],24,24,25,0,24
1,<environment.Job instance at 0x14785158ee60>,17,2,[10  2],27,27,29,0,27
1,<environment.Job instance at 0x14785bfba280>,19,1,[7 2],32,32,33,0,32
1,<environment.Job instance at 0x147851f84c80>,20,2,[2 7],33,33,35,0,33
1,<environment.Job instance at 0x147850eefeb0>,21,3,[2 5],34,34,37,0,34
1,<environment.Job instance at 0x147853e5b1e0>,22,25,[6 1],35,35,60,0,35
1,<environment.Job instance at 0x14785108eb40>,13,2,[1 9],22,37,39,15,35
1,<environment.Job instance at 0x14786c5ca410>,24,1,[10  1],38,60,61,22,38
1,<environment.Job instance at 0x1478511c87d0>,25,3,[10  1],41,61,64,20,41
1,<environment.Job instance at 0x14785158efa0>,26,2,[ 2 10],42,42,44,0,42
1,<environment.Job instance at 0x14786c0e3c80>,27,3,[9 2],43,51,54,8,43
1,<environment.Job instance at 0x147850bceaa0>,28,1,[1 9],44,44,45,0,44
1,<environment.Job instance at 0x147850d280f0>,29,1,[8 2],47,54,55,7,47
1,<environment.Job instance at 0x147850d28b90>,30,22,[2 5],49,55,77,6,49
1,<environment.Job instance at 0x147850d28c80>,31,1,[9 2],50,64,65,14,50
1,<environment.Job instance at 0x1478589be8c0>,32,1,[10  1],51,65,66,14,51
1,<environment.Job instance at 0x1478541692d0>,23,12,[5 2],37,73,85,36,73
1,<environment.Job instance at 0x1478589be5f0>,33,26,[ 2 13],53,77,103,24,74
1,<environment.Job instance at 0x147853dae8c0>,37,15,[2 5],59,103,118,44,89
1,<environment.Job instance at 0x147851402a00>,38,14,[7 1],60,89,103,29,89
1,<environment.Job instance at 0x147851402140>,39,2,[7 1],61,103,105,42,89
1,<environment.Job instance at 0x147851402780>,40,1,[8 1],62,105,106,43,89
1,<environment.Job instance at 0x147850d380f0>,41,2,[10  2],63,106,108,43,89
1,<environment.Job instance at 0x14785bf7cbe0>,42,14,[9 1],64,108,122,44,93
1,<environment.Job instance at 0x14785bf7caa0>,43,3,[9 2],65,122,125,57,96
1,<environment.Job instance at 0x147855445f50>,44,1,[6 2],67,103,104,36,96
1,<environment.Job instance at 0x1478552a5be0>,45,2,[ 1 10],68,118,120,50,96
1,<environment.Job instance at 0x1478552a5e10>,46,2,[2 7],69,104,106,35,96
1,<environment.Job instance at 0x1478552a5b40>,47,3,[9 2],71,125,128,54,99
1,<environment.Job instance at 0x147850fad320>,48,3,[10  1],72,128,131,56,102
1,<environment.Job instance at 0x147850bd2a00>,49,17,[1 8],78,120,137,42,108
1,<environment.Job instance at 0x147850fadcd0>,50,2,[8 2],80,131,133,51,108
1,<environment.Job instance at 0x147850fad190>,51,17,[1 6],81,133,150,52,121
1,<environment.Job instance at 0x147850fadb40>,52,3,[1 9],82,137,140,55,121
1,<environment.Job instance at 0x14785bfb84b0>,53,13,[2 9],86,140,153,54,124
1,<environment.Job instance at 0x1478513de6e0>,54,2,[ 1 11],87,153,155,66,126
1,<environment.Job instance at 0x1478513de2d0>,55,3,[2 8],88,155,158,67,129
1,<environment.Job instance at 0x147851068a00>,56,1,[1 8],90,158,159,68,132
1,<environment.Job instance at 0x147851068d70>,57,2,[2 9],91,159,161,68,132
1,<environment.Job instance at 0x1478510685f0>,58,2,[8 2],92,150,152,58,132
1,<environment.Job instance at 0x14786c16ceb0>,59,15,[10  1],93,152,167,59,138
1,<environment.Job instance at 0x147853dae0a0>,35,3,[6 2],56,167,170,111,160
1,<environment.Job instance at 0x14786c16ca00>,60,28,[5 2],94,161,189,67,160
1,<environment.Job instance at 0x14786c16cdc0>,62,2,[ 1 10],96,167,169,71,160
1,<environment.Job instance at 0x14786c5bb460>,63,3,[ 2 14],97,189,192,92,163
1,<environment.Job instance at 0x14786c5bbcd0>,64,1,[5 1],98,170,171,72,163
1,<environment.Job instance at 0x14786c5bb640>,65,2,[2 6],99,169,171,70,163
1,<environment.Job instance at 0x14786c12c820>,66,1,[8 1],100,171,172,71,163
1,<environment.Job instance at 0x14786c12caf0>,67,1,[7 2],102,172,173,70,163
1,<environment.Job instance at 0x14786c5bb0a0>,68,12,[6 2],103,173,185,70,163
1,<environment.Job instance at 0x14786c5bba00>,69,3,[1 7],104,171,174,67,163
1,<environment.Job instance at 0x14785431fb90>,70,2,[6 2],106,185,187,79,163
1,<environment.Job instance at 0x14785431f910>,71,3,[9 1],107,187,190,80,163
1,<environment.Job instance at 0x14785431f2d0>,72,14,[7 1],108,190,204,82,175
1,<environment.Job instance at 0x147851402e60>,36,2,[12  1],57,213,215,156,213
1,<environment.Job instance at 0x14785108eaf0>,12,15,[14  1],21,217,232,196,217
1,<environment.Job instance at 0x147850f5e910>,10,23,[2 6],14,14,37,0,14
1,<environment.Job instance at 0x1478542f9aa0>,15,2,[7 2],21,21,23,0,21
1,<environment.Job instance at 0x1478553cc280>,22,20,[8 1],30,32,52,2,32
1,<environment.Job instance at 0x1478553cca00>,23,2,[7 1],31,37,39,6,33
1,<environment.Job instance at 0x1478560bfc30>,24,3,[9 1],36,52,55,16,42
1,<environment.Job instance at 0x147850d58370>,25,13,[2 5],38,42,55,4,42
1,<environment.Job instance at 0x147850d58870>,27,1,[2 6],40,45,46,5,45
1,<environment.Job instance at 0x1478542bcaf0>,28,2,[9 2],43,55,57,12,47
1,<environment.Job instance at 0x147854385e10>,29,1,[ 2 10],47,55,56,8,51
1,<environment.Job instance at 0x147854385280>,30,3,[11  1],49,57,60,8,52
1,<environment.Job instance at 0x147854385e60>,31,13,[ 2 11],50,56,69,6,52
1,<environment.Job instance at 0x1478543854b0>,32,3,[1 8],51,52,55,1,52
1,<environment.Job instance at 0x147854385b90>,33,1,[8 1],53,60,61,7,53
1,<environment.Job instance at 0x1478512f8640>,34,16,[9 1],54,61,77,7,54
1,<environment.Job instance at 0x1478512f8e60>,35,12,[7 2],56,77,89,21,60
1,<environment.Job instance at 0x1478543b2190>,36,15,[ 2 10],62,69,84,7,62
1,<environment.Job instance at 0x1478543c0320>,37,2,[5 2],63,77,79,14,65
1,<environment.Job instance at 0x1478543c0410>,38,2,[7 2],64,84,86,20,65
1,<environment.Job instance at 0x1478543c0870>,40,1,[ 2 10],67,86,87,19,67
1,<environment.Job instance at 0x1478557e31e0>,41,1,[6 2],68,79,80,11,68
1,<environment.Job instance at 0x147851335a00>,42,2,[ 1 12],69,87,89,18,69
1,<environment.Job instance at 0x147850fdddc0>,43,16,[2 9],70,89,105,19,77
1,<environment.Job instance at 0x147850fdd820>,44,2,[5 2],71,80,82,9,77
1,<environment.Job instance at 0x147850fdd690>,45,21,[5 1],72,86,107,14,78
1,<environment.Job instance at 0x147850fdd730>,46,3,[2 8],73,105,108,32,80
1,<environment.Job instance at 0x147850fdd960>,47,3,[8 2],75,89,92,14,81
1,<environment.Job instance at 0x147850fdd280>,48,1,[ 2 10],76,108,109,32,81
1,<environment.Job instance at 0x147850fddd70>,49,2,[1 6],77,84,86,7,82
1,<environment.Job instance at 0x147850f43500>,50,2,[8 1],78,92,94,14,82
1,<environment.Job instance at 0x147850f43b90>,51,1,[2 7],80,107,108,27,84
1,<environment.Job instance at 0x147850f43050>,52,2,[1 8],81,109,111,28,84
1,<environment.Job instance at 0x14785438da50>,54,3,[ 2 10],85,111,114,26,85
1,<environment.Job instance at 0x147850bce6e0>,55,2,[2 7],86,109,111,23,86
1,<environment.Job instance at 0x147850bce370>,56,22,[ 2 10],87,114,136,27,107
1,<environment.Job instance at 0x147850bce780>,57,2,[10  2],88,111,113,23,107
1,<environment.Job instance at 0x1478514e39b0>,58,2,[1 7],89,136,138,47,109
1,<environment.Job instance at 0x147850bcec30>,59,3,[2 8],90,136,139,46,110
1,<environment.Job instance at 0x147850bce320>,60,2,[6 2],91,113,115,22,112
1,<environment.Job instance at 0x147850bce2d0>,61,1,[7 1],94,113,114,19,112
1,<environment.Job instance at 0x1478512f6140>,21,3,[12  1],29,115,118,86,112
1,<environment.Job instance at 0x14785530d8c0>,62,2,[5 2],95,118,120,23,112
1,<environment.Job instance at 0x14786e0961e0>,65,2,[ 1 10],98,139,141,41,112
1,<environment.Job instance at 0x14785b55d320>,68,2,[10  2],103,120,122,17,112
1,<environment.Job instance at 0x147851044820>,70,2,[8 2],105,118,120,13,112
1,<environment.Job instance at 0x147851044c80>,69,1,[5 1],104,114,115,10,112
1,<environment.Job instance at 0x14786e906f50>,14,1,[8 2],19,272,273,253,272
1,<environment.Job instance at 0x14785109f1e0>,5,21,[6 1],10,10,31,0,10
1,<environment.Job instance at 0x14785109f3c0>,10,1,[1 7],18,20,21,2,20
1,<environment.Job instance at 0x14785109f050>,11,1,[1 7],20,26,27,6,26
1,<environment.Job instance at 0x14785109ffa0>,13,27,[5 2],22,28,55,6,28
1,<environment.Job instance at 0x14786e0d92d0>,14,27,[1 9],23,28,55,5,28
1,<environment.Job instance at 0x14785b4a2500>,15,1,[9 1],24,31,32,7,31
1,<environment.Job instance at 0x147853e6b0a0>,16,1,[ 2 10],25,55,56,30,31
1,<environment.Job instance at 0x1478542b0370>,17,12,[2 8],28,56,68,28,39
1,<environment.Job instance at 0x147850e8c190>,18,3,[ 1 10],31,68,71,37,48
1,<environment.Job instance at 0x14785109f0a0>,19,1,[8 2],32,52,53,20,52
1,<environment.Job instance at 0x14785109fd70>,20,18,[9 1],33,53,71,20,52
1,<environment.Job instance at 0x147850d9dfa0>,21,2,[8 1],35,71,73,36,52
1,<environment.Job instance at 0x14785109f230>,8,1,[ 2 10],14,71,72,57,52
1,<environment.Job instance at 0x147850d9daf0>,22,13,[8 2],36,73,86,37,57
1,<environment.Job instance at 0x147850d9df50>,24,1,[2 6],39,58,59,19,58
1,<environment.Job instance at 0x14786e9accd0>,25,3,[1 5],40,59,62,19,58
1,<environment.Job instance at 0x147851299f50>,26,3,[8 2],43,86,89,43,60
1,<environment.Job instance at 0x1478552a75a0>,27,1,[1 7],44,72,73,28,60
1,<environment.Job instance at 0x147850e760f0>,28,3,[2 8],45,73,76,28,60
1,<environment.Job instance at 0x147855467aa0>,29,2,[7 1],46,76,78,30,62
1,<environment.Job instance at 0x147850d9da00>,23,1,[7 1],37,78,79,41,73
1,<environment.Job instance at 0x14785bf03910>,30,28,[1 6],47,79,107,32,79
1,<environment.Job instance at 0x147850e95370>,33,16,[1 6],52,81,97,29,81
1,<environment.Job instance at 0x147854a5f2d0>,34,15,[10  2],53,89,104,36,81
1,<environment.Job instance at 0x1478553abc30>,35,2,[5 1],55,81,83,26,81
1,<environment.Job instance at 0x1478513c3c30>,36,2,[ 2 10],56,107,109,51,81
1,<environment.Job instance at 0x147851250500>,37,3,[5 1],57,83,86,26,81
1,<environment.Job instance at 0x14785103df50>,38,1,[1 9],59,104,105,45,81
1,<environment.Job instance at 0x147851250d20>,39,1,[2 7],60,97,98,37,81
1,<environment.Job instance at 0x1478560cf320>,40,2,[1 8],61,105,107,44,82
1,<environment.Job instance at 0x147850a1e1e0>,41,1,[1 9],63,109,110,46,82
1,<environment.Job instance at 0x147850a1e140>,42,2,[ 2 10],65,110,112,45,83
1,<environment.Job instance at 0x1478553dfa00>,43,3,[9 1],66,105,108,39,83
1,<environment.Job instance at 0x147850e797d0>,44,12,[9 1],67,108,120,41,91
1,<environment.Job instance at 0x14786e958460>,45,20,[ 2 11],68,112,132,44,103
1,<environment.Job instance at 0x14786e9584b0>,46,16,[9 2],70,120,136,50,107
1,<environment.Job instance at 0x147853e2b0a0>,47,3,[ 2 10],71,132,135,61,107
1,<environment.Job instance at 0x147850ac9c30>,48,15,[6 1],73,135,150,62,121
1,<environment.Job instance at 0x1478541ac9b0>,49,1,[9 2],74,136,137,62,121
1,<environment.Job instance at 0x1478541ac910>,50,1,[2 8],75,137,138,62,121
1,<environment.Job instance at 0x147854296be0>,51,1,[5 1],76,137,138,61,121
1,<environment.Job instance at 0x147854296f00>,52,1,[8 1],78,138,139,60,121
1,<environment.Job instance at 0x147851127820>,53,1,[1 8],80,138,139,58,121
1,<environment.Job instance at 0x1478511277d0>,54,1,[2 9],81,139,140,58,121
1,<environment.Job instance at 0x147853efd820>,55,3,[1 9],82,140,143,58,121
1,<environment.Job instance at 0x147850a38a00>,56,14,[ 1 10],84,143,157,59,128
1,<environment.Job instance at 0x147855313dc0>,58,1,[10  1],86,150,151,64,128
1,<environment.Job instance at 0x147855313410>,59,3,[2 5],88,139,142,51,128
1,<environment.Job instance at 0x14786e05d230>,61,18,[2 9],90,157,175,67,147
1,<environment.Job instance at 0x1478557542d0>,63,1,[1 6],92,157,158,65,149
1,<environment.Job instance at 0x147855754730>,64,1,[10  1],93,151,152,58,149
1,<environment.Job instance at 0x14786c0e5af0>,65,17,[5 1],94,158,175,64,155
1,<environment.Job instance at 0x14785112baa0>,66,1,[7 1],95,155,156,60,155
1,<environment.Job instance at 0x1478532570f0>,67,3,[9 2],96,175,178,79,155
1,<environment.Job instance at 0x147850c8bd70>,68,2,[1 8],97,175,177,78,155
1,<environment.Job instance at 0x1478589b5dc0>,69,26,[8 1],98,178,204,80,175
1,<environment.Job instance at 0x1478543aba50>,70,3,[2 5],99,175,178,76,175
1,<environment.Job instance at 0x147850c8b550>,71,2,[8 1],100,204,206,104,177
1,<environment.Job instance at 0x1478514cdcd0>,73,21,[9 2],102,206,227,104,198
1,<environment.Job instance at 0x1478514cde10>,75,16,[5 2],104,198,214,94,198
1,<environment.Job instance at 0x1478514cd0a0>,76,2,[2 9],105,198,200,93,198
1,<environment.Job instance at 0x1478558637d0>,77,13,[2 8],107,214,227,107,199
1,<environment.Job instance at 0x14786ec503c0>,78,3,[7 2],108,227,230,119,201
1,<environment.Job instance at 0x14785109f780>,6,3,[ 2 13],12,227,230,215,215
1,<environment.Job instance at 0x147850fca050>,79,17,[ 2 10],109,230,247,121,218
1,<environment.Job instance at 0x1478514cd2d0>,74,17,[7 2],103,251,268,148,251
1,<environment.Job instance at 0x147850e95aa0>,32,21,[9 1],51,268,289,217,263
1,<environment.Job instance at 0x14785109f5a0>,9,2,[2 8],15,503,505,488,503
1,<environment.Job instance at 0x147851f9c320>,5,3,[7 1],10,11,14,1,11
1,<environment.Job instance at 0x147851f9cd20>,8,3,[2 9],13,28,31,15,28
1,<environment.Job instance at 0x147850ef46e0>,3,28,[14  1],8,31,59,23,30
1,<environment.Job instance at 0x147851f9ccd0>,9,17,[1 8],15,31,48,16,30
1,<environment.Job instance at 0x147851f9c5f0>,11,16,[2 7],17,59,75,42,49
1,<environment.Job instance at 0x147851f9c370>,12,2,[1 8],19,55,57,36,55
1,<environment.Job instance at 0x147851f9c640>,13,2,[1 5],20,57,59,37,56
1,<environment.Job instance at 0x147851f9cbe0>,14,1,[1 5],21,59,60,38,57
1,<environment.Job instance at 0x147851f9c3c0>,15,2,[9 1],22,59,61,37,58
1,<environment.Job instance at 0x147851f9c6e0>,16,3,[9 2],23,63,66,40,63
1,<environment.Job instance at 0x147851f9ca00>,17,17,[5 2],24,66,83,42,63
1,<environment.Job instance at 0x147851f9c1e0>,18,2,[2 6],26,63,65,37,63
1,<environment.Job instance at 0x147851f9c5a0>,19,1,[ 1 10],27,75,76,48,63
1,<environment.Job instance at 0x147851f9c2d0>,20,1,[2 7],28,76,77,48,63
1,<environment.Job instance at 0x1478511c49b0>,21,2,[2 6],29,65,67,36,63
1,<environment.Job instance at 0x147851f9c4b0>,22,17,[5 2],30,67,84,37,63
1,<environment.Job instance at 0x1478511c4aa0>,23,2,[5 1],32,77,79,45,63
1,<environment.Job instance at 0x1478511c46e0>,24,2,[8 2],33,83,85,50,63
1,<environment.Job instance at 0x1478511c43c0>,25,2,[12  1],35,85,87,50,63
1,<environment.Job instance at 0x1478511c4190>,26,14,[1 9],36,79,93,43,64
1,<environment.Job instance at 0x1478511c4d70>,27,1,[2 8],37,93,94,56,66
1,<environment.Job instance at 0x1478511c4500>,28,18,[10  2],38,87,105,49,76
1,<environment.Job instance at 0x1478511c4dc0>,29,12,[2 9],39,94,106,55,77
1,<environment.Job instance at 0x1478511c48c0>,30,15,[2 5],40,105,120,65,92
1,<environment.Job instance at 0x1478511c4730>,32,2,[1 8],43,106,108,63,94
1,<environment.Job instance at 0x1478511c4690>,33,17,[7 1],44,105,122,61,94
1,<environment.Job instance at 0x1478511c4960>,34,16,[8 2],45,120,136,75,107
1,<environment.Job instance at 0x1478511c4f00>,35,3,[1 5],48,108,111,60,107
1,<environment.Job instance at 0x1478511c4230>,36,1,[10  1],49,136,137,87,108
1,<environment.Job instance at 0x1478511c4460>,37,1,[10  2],50,137,138,87,109
1,<environment.Job instance at 0x1478511c4370>,31,3,[1 6],41,122,125,81,121
1,<environment.Job instance at 0x1478511c4320>,38,16,[7 1],51,138,154,87,126
1,<environment.Job instance at 0x1478511c4eb0>,40,14,[1 8],53,127,141,74,127
1,<environment.Job instance at 0x1478511c4b90>,41,2,[5 1],54,127,129,73,127
1,<environment.Job instance at 0x1478511c4d20>,42,2,[7 2],55,138,140,83,128
1,<environment.Job instance at 0x14786c082b40>,43,1,[1 6],56,136,137,80,128
1,<environment.Job instance at 0x14786c082230>,44,3,[2 6],57,140,143,83,128
1,<environment.Job instance at 0x14786c0828c0>,45,3,[1 9],58,143,146,85,128
1,<environment.Job instance at 0x14786c082e10>,46,3,[6 1],59,129,132,70,128
1,<environment.Job instance at 0x147851319d70>,47,15,[6 1],65,141,156,76,128
1,<environment.Job instance at 0x147851319e10>,49,17,[8 1],67,154,171,87,142
1,<environment.Job instance at 0x147851319960>,50,1,[ 2 13],68,146,147,78,142
1,<environment.Job instance at 0x147851319280>,51,2,[2 5],69,147,149,78,142
1,<environment.Job instance at 0x147851319c80>,52,3,[9 1],70,171,174,101,146
1,<environment.Job instance at 0x147851319190>,53,16,[2 5],71,156,172,85,147
1,<environment.Job instance at 0x14785bf9b0a0>,54,1,[5 1],72,156,157,84,147
1,<environment.Job instance at 0x14785bf9b780>,55,12,[ 1 10],73,172,184,99,156
1,<environment.Job instance at 0x14785bf9ba00>,56,2,[1 7],74,157,159,83,156
1,<environment.Job instance at 0x14785bf9b910>,57,1,[6 2],77,174,175,97,156
1,<environment.Job instance at 0x14785bf9bb40>,58,3,[5 2],78,167,170,89,167
1,<environment.Job instance at 0x14785bf9b410>,59,15,[8 1],79,174,189,95,168
1,<environment.Job instance at 0x14785bf9baa0>,60,3,[2 7],80,184,187,104,169
1,<environment.Job instance at 0x14785bf9b730>,61,2,[8 2],82,189,191,107,169
1,<environment.Job instance at 0x14785bf9b2d0>,62,14,[2 9],87,187,201,100,172
1,<environment.Job instance at 0x14785bf9b7d0>,63,1,[5 2],89,172,173,83,172
1,<environment.Job instance at 0x14785bf9b870>,64,13,[7 2],90,191,204,101,175
1,<environment.Job instance at 0x14785bf9b500>,65,1,[7 2],92,201,202,109,176
1,<environment.Job instance at 0x14785bf9b5a0>,66,1,[2 8],93,202,203,109,177
1,<environment.Job instance at 0x14785bf9b460>,67,2,[2 9],94,203,205,109,177
1,<environment.Job instance at 0x14785bfb0aa0>,68,3,[2 6],95,184,187,89,178
1,<environment.Job instance at 0x14785bfb0cd0>,69,2,[7 1],97,204,206,107,180
1,<environment.Job instance at 0x14785bfb0af0>,70,1,[ 1 10],98,201,202,103,180
1,<environment.Job instance at 0x14785bfb0780>,71,26,[2 5],99,204,230,105,201
1,<environment.Job instance at 0x14785bfb0140>,72,3,[1 9],101,205,208,104,201
1,<environment.Job instance at 0x14785bfb0a00>,73,17,[1 5],102,208,225,106,201
1,<environment.Job instance at 0x14785bfb08c0>,74,3,[8 1],104,207,210,103,207
1,<environment.Job instance at 0x14785bfb0820>,75,1,[1 8],105,225,226,120,207
1,<environment.Job instance at 0x14785bfb02d0>,76,1,[10  2],109,210,211,101,210
1,<environment.Job instance at 0x147851f9c0a0>,10,2,[11  2],16,315,317,299,315
1,<environment.Job instance at 0x147851f9c280>,4,2,[1 7],9,316,318,307,316
1,<environment.Job instance at 0x14786e97b870>,5,2,[ 2 13],9,18,20,9,18
1,<environment.Job instance at 0x14786e0adc80>,10,3,[6 2],16,21,24,5,21
1,<environment.Job instance at 0x14785108ea00>,13,1,[1 5],20,21,22,1,21
1,<environment.Job instance at 0x14786e97b8c0>,12,1,[2 6],18,30,31,12,30
1,<environment.Job instance at 0x1478553f8b90>,14,2,[2 8],21,30,32,9,30
1,<environment.Job instance at 0x14786e97b780>,11,16,[ 1 11],17,35,51,18,35
1,<environment.Job instance at 0x14786c07c0f0>,16,3,[2 5],25,51,54,26,35
1,<environment.Job instance at 0x147850cad320>,21,3,[2 7],32,51,54,19,35
1,<environment.Job instance at 0x14786c06e5a0>,22,1,[10  1],36,36,37,0,36
1,<environment.Job instance at 0x14786e9d3d20>,23,3,[10  1],37,37,40,0,37
1,<environment.Job instance at 0x1478511826e0>,24,2,[6 1],38,40,42,2,38
1,<environment.Job instance at 0x147859e2d640>,27,1,[9 1],41,42,43,1,41
1,<environment.Job instance at 0x147859e2d0f0>,30,3,[2 7],44,54,57,10,44
1,<environment.Job instance at 0x1478510f7c30>,31,1,[7 1],45,67,68,22,67
1,<environment.Job instance at 0x1478514bfaa0>,41,2,[ 1 14],60,70,72,10,70
1,<environment.Job instance at 0x1478514bf3c0>,36,1,[6 2],51,72,73,21,70
1,<environment.Job instance at 0x1478514bf140>,43,3,[9 1],62,70,73,8,70
1,<environment.Job instance at 0x14785bf7dd70>,44,15,[6 1],63,73,88,10,70
1,<environment.Job instance at 0x14785bf7d960>,45,1,[2 5],64,73,74,9,70
1,<environment.Job instance at 0x14785434b500>,49,26,[5 2],69,80,106,11,80
1,<environment.Job instance at 0x147855700190>,51,2,[2 6],71,83,85,12,83
1,<environment.Job instance at 0x147855700690>,52,3,[1 9],72,85,88,13,83
1,<environment.Job instance at 0x1478557009b0>,53,2,[1 7],74,88,90,14,83
1,<environment.Job instance at 0x147855700280>,54,3,[2 9],75,90,93,15,83
1,<environment.Job instance at 0x14785158cbe0>,55,2,[6 1],76,88,90,12,84
1,<environment.Job instance at 0x147854274690>,64,21,[10  2],92,98,119,6,98
1,<environment.Job instance at 0x147851f84dc0>,66,3,[1 7],95,106,109,11,100
1,<environment.Job instance at 0x147853cd6b40>,68,13,[1 5],101,106,119,5,101
1,<environment.Job instance at 0x14785158b320>,70,1,[ 1 12],104,119,120,15,104
1,<environment.Job instance at 0x147853cd6910>,71,1,[10  2],105,119,120,14,105
1,<environment.Job instance at 0x147854295050>,74,12,[5 2],109,120,132,11,109
1,<environment.Job instance at 0x14786e97bd70>,1,3,[5 1],3,3,6,0,3
1,<environment.Job instance at 0x147853ee14b0>,6,2,[6 2],8,18,20,10,18
1,<environment.Job instance at 0x147853ee1af0>,7,3,[9 2],9,19,22,10,19
1,<environment.Job instance at 0x147853ee12d0>,8,2,[1 6],16,20,22,4,19
1,<environment.Job instance at 0x14785bf0b280>,9,18,[8 1],18,22,40,4,20
1,<environment.Job instance at 0x14785bf0b370>,10,2,[2 8],20,22,24,2,20
1,<environment.Job instance at 0x14785bf0b320>,11,1,[7 1],23,24,25,1,23
1,<environment.Job instance at 0x14785bf0b2d0>,12,2,[2 6],24,25,27,1,24
1,<environment.Job instance at 0x147853ee17d0>,4,1,[5 1],6,28,29,22,28
1,<environment.Job instance at 0x14785bf0b460>,13,3,[6 2],26,29,32,3,28
1,<environment.Job instance at 0x14785bf0b780>,15,2,[5 1],28,32,34,4,28
1,<environment.Job instance at 0x147854a5f050>,16,3,[9 1],29,40,43,11,29
1,<environment.Job instance at 0x14785bf0b690>,17,1,[7 2],30,34,35,4,30
1,<environment.Job instance at 0x14785bf0bd70>,18,17,[6 2],32,35,52,3,35
1,<environment.Job instance at 0x14785bf24e10>,19,3,[9 2],34,43,46,9,35
1,<environment.Job instance at 0x147851331280>,20,2,[2 5],35,46,48,11,35
1,<environment.Job instance at 0x147850b19a00>,21,1,[1 9],36,36,37,0,36
1,<environment.Job instance at 0x1478543e1aa0>,22,3,[1 7],37,37,40,0,37
1,<environment.Job instance at 0x14785b6cbeb0>,23,1,[1 8],38,46,47,8,38
1,<environment.Job instance at 0x14786e05aa00>,24,20,[7 2],39,47,67,8,39
1,<environment.Job instance at 0x147850b289b0>,25,1,[1 9],40,48,49,8,40
1,<environment.Job instance at 0x14785421a2d0>,26,2,[2 6],41,49,51,8,41
1,<environment.Job instance at 0x14785421a050>,27,3,[ 2 10],42,51,54,9,43
1,<environment.Job instance at 0x14785421ab90>,28,13,[2 8],43,54,67,11,43
1,<environment.Job instance at 0x147851061fa0>,29,1,[8 1],46,67,68,21,46
1,<environment.Job instance at 0x14786e0976e0>,30,3,[1 6],47,67,70,20,47
1,<environment.Job instance at 0x14786e0972d0>,31,2,[1 6],48,67,69,19,49
1,<environment.Job instance at 0x14786e097e10>,32,1,[2 5],49,54,55,5,49
1,<environment.Job instance at 0x14786e097050>,33,14,[ 2 10],50,70,84,20,55
1,<environment.Job instance at 0x14786e097a00>,34,1,[ 1 13],51,84,85,33,56
1,<environment.Job instance at 0x14786e0970a0>,35,12,[ 1 14],52,85,97,33,69
1,<environment.Job instance at 0x1478512f0190>,36,1,[5 2],53,69,70,16,69
1,<environment.Job instance at 0x1478512f0b40>,37,12,[2 9],54,97,109,43,80
1,<environment.Job instance at 0x147857159cd0>,38,1,[11  1],63,82,83,19,82
1,<environment.Job instance at 0x147857159960>,39,2,[5 1],64,83,85,19,82
1,<environment.Job instance at 0x1478571597d0>,40,2,[1 6],65,97,99,32,82
1,<environment.Job instance at 0x147857159280>,41,2,[1 8],66,109,111,43,89
1,<environment.Job instance at 0x147850a200f0>,43,18,[10  2],69,99,117,30,89
1,<environment.Job instance at 0x147850a20e60>,44,1,[6 1],70,89,90,19,89
1,<environment.Job instance at 0x147850a200a0>,45,1,[2 9],71,111,112,40,90
1,<environment.Job instance at 0x1478509ec6e0>,46,1,[1 5],72,109,110,37,91
1,<environment.Job instance at 0x1478509ec9b0>,47,16,[ 2 10],73,112,128,39,99
1,<environment.Job instance at 0x1478509ec0f0>,48,3,[5 1],74,117,120,43,99
1,<environment.Job instance at 0x1478509ec370>,49,3,[1 7],75,128,131,53,102
1,<environment.Job instance at 0x1478509ecb90>,50,3,[10  2],77,120,123,43,102
1,<environment.Job instance at 0x147850a20190>,42,1,[6 1],67,117,118,50,111
1,<environment.Job instance at 0x1478509ec780>,51,17,[9 2],79,123,140,44,112
1,<environment.Job instance at 0x14785b504a50>,53,2,[2 7],85,131,133,46,112
1,<environment.Job instance at 0x14785b504870>,54,1,[8 1],86,118,119,32,112
1,<environment.Job instance at 0x14785b504cd0>,55,15,[7 1],87,140,155,53,127
1,<environment.Job instance at 0x147855747cd0>,56,1,[1 8],88,133,134,45,127
1,<environment.Job instance at 0x1478557470a0>,57,12,[7 2],89,140,152,51,127
1,<environment.Job instance at 0x147855747b40>,58,13,[1 9],90,134,147,44,127
1,<environment.Job instance at 0x14785103f5f0>,59,2,[7 2],91,152,154,61,127
1,<environment.Job instance at 0x14785103f280>,60,1,[ 2 10],92,154,155,62,127
1,<environment.Job instance at 0x14785103f6e0>,61,16,[1 7],93,155,171,62,142
1,<environment.Job instance at 0x14785103fb40>,62,17,[5 2],95,154,171,59,143
1,<environment.Job instance at 0x147855771eb0>,63,3,[10  1],97,171,174,74,147
1,<environment.Job instance at 0x147855490a00>,64,1,[9 2],98,155,156,57,147
1,<environment.Job instance at 0x1478557fcdc0>,65,17,[8 1],99,174,191,75,162
1,<environment.Job instance at 0x14785103f320>,66,2,[1 5],100,162,164,62,162
1,<environment.Job instance at 0x1478511596e0>,67,13,[1 9],101,171,184,70,162
1,<environment.Job instance at 0x14785103feb0>,68,2,[10  2],102,191,193,89,164
1,<environment.Job instance at 0x1478513dc550>,69,15,[9 1],104,193,208,89,179
1,<environment.Job instance at 0x14785575eb40>,70,1,[1 5],105,182,183,77,182
1,<environment.Job instance at 0x1478543abc30>,71,2,[1 9],106,184,186,78,182
1,<environment.Job instance at 0x1478513c0870>,72,2,[1 7],109,186,188,77,182
1,<environment.Job instance at 0x147853ee1be0>,2,2,[13  1],4,243,245,239,243
1,<environment.Job instance at 0x14785b504960>,52,2,[9 2],81,247,249,166,247
1,<environment.Job instance at 0x147853ee18c0>,3,1,[12  2],5,255,256,250,255
1,<environment.Job instance at 0x147853e2b0a0>,17,3,[1 9],21,39,42,18,39
1,<environment.Job instance at 0x14786c07c460>,22,2,[1 7],26,55,57,29,55
1,<environment.Job instance at 0x14785113c4b0>,19,12,[6 1],23,56,68,33,56
1,<environment.Job instance at 0x14785b475be0>,23,2,[1 6],27,57,59,30,57
1,<environment.Job instance at 0x14785107b4b0>,24,14,[ 2 10],28,59,73,31,57
1,<environment.Job instance at 0x14785107bf00>,25,1,[2 7],30,57,58,27,57
1,<environment.Job instance at 0x1478515a48c0>,27,3,[ 2 10],32,73,76,41,57
1,<environment.Job instance at 0x147850f53a50>,26,3,[8 2],31,68,71,37,57
1,<environment.Job instance at 0x147850f53280>,29,1,[2 5],35,58,59,23,57
1,<environment.Job instance at 0x1478513cff00>,30,3,[1 8],37,76,79,39,57
1,<environment.Job instance at 0x1478553fa320>,31,2,[2 8],40,79,81,39,57
1,<environment.Job instance at 0x147850f53c30>,28,2,[9 1],34,81,83,47,81
1,<environment.Job instance at 0x147851d1a820>,33,15,[10  1],43,84,99,41,84
1,<environment.Job instance at 0x1478514bf4b0>,32,17,[1 8],42,85,102,43,85
1,<environment.Job instance at 0x147850f53190>,35,12,[1 7],46,99,111,53,85
1,<environment.Job instance at 0x147850a07c30>,36,3,[8 1],47,102,105,55,85
1,<environment.Job instance at 0x147850f539b0>,37,3,[10  1],48,105,108,57,85
1,<environment.Job instance at 0x147850f538c0>,38,3,[1 8],49,108,111,59,85
1,<environment.Job instance at 0x1478553d0d20>,39,2,[2 9],50,111,113,61,85
1,<environment.Job instance at 0x1478553d0500>,40,2,[8 2],51,111,113,60,86
1,<environment.Job instance at 0x1478553d0460>,41,2,[8 1],52,113,115,61,86
1,<environment.Job instance at 0x1478553d0aa0>,42,16,[7 2],54,113,129,59,102
1,<environment.Job instance at 0x1478553d0820>,43,1,[ 2 10],55,115,116,60,102
1,<environment.Job instance at 0x1478553d0c80>,44,3,[ 2 10],57,116,119,59,102
1,<environment.Job instance at 0x1478557b2960>,45,12,[ 2 11],58,119,131,61,103
1,<environment.Job instance at 0x1478a405d190>,46,13,[1 7],60,131,144,71,115
1,<environment.Job instance at 0x1478a405d370>,47,16,[5 1],61,115,131,54,115
1,<environment.Job instance at 0x1478a405df00>,48,3,[2 5],63,131,134,68,117
1,<environment.Job instance at 0x1478553e2410>,49,13,[1 5],64,134,147,70,119
1,<environment.Job instance at 0x1478553e25f0>,50,15,[5 1],66,129,144,63,119
1,<environment.Job instance at 0x1478553e2370>,51,23,[2 5],67,144,167,77,138
1,<environment.Job instance at 0x1478553e2280>,52,1,[6 1],68,138,139,70,138
1,<environment.Job instance at 0x1478553e2500>,53,18,[8 2],69,139,157,70,138
1,<environment.Job instance at 0x147850f658c0>,54,16,[2 9],70,157,173,87,145
1,<environment.Job instance at 0x147850f65870>,55,3,[2 6],71,147,150,76,145
1,<environment.Job instance at 0x147850f65820>,56,3,[2 6],72,150,153,78,146
1,<environment.Job instance at 0x147850f65280>,57,1,[5 2],73,153,154,80,148
1,<environment.Job instance at 0x147850f65dc0>,58,3,[7 1],74,157,160,83,149
1,<environment.Job instance at 0x147850f653c0>,59,2,[2 6],75,154,156,79,149
1,<environment.Job instance at 0x147850f65c80>,60,3,[2 7],77,173,176,96,150
1,<environment.Job instance at 0x147850f65cd0>,61,18,[1 6],78,167,185,89,157
1,<environment.Job instance at 0x147850f65640>,62,3,[1 5],80,176,179,96,157
1,<environment.Job instance at 0x147850f65050>,63,2,[2 8],81,179,181,98,157
1,<environment.Job instance at 0x1478553983c0>,34,3,[1 8],45,181,184,136,167
1,<environment.Job instance at 0x147855795230>,64,17,[11  2],82,184,201,102,174
1,<environment.Job instance at 0x147855795e10>,66,3,[2 5],85,184,187,99,176
1,<environment.Job instance at 0x1478557c5320>,67,2,[6 2],86,176,178,90,176
1,<environment.Job instance at 0x1478552d1780>,68,16,[2 8],88,185,201,97,178
1,<environment.Job instance at 0x147850c7f550>,69,2,[9 1],89,179,181,90,179
1,<environment.Job instance at 0x1478513d8730>,70,18,[2 5],90,187,205,97,179
1,<environment.Job instance at 0x1478557c5fa0>,71,3,[10  2],91,201,204,110,180
1,<environment.Job instance at 0x14785b5c9b40>,72,1,[6 1],94,181,182,87,180
1,<environment.Job instance at 0x14785b5c90f0>,73,3,[10  1],95,204,207,109,182
1,<environment.Job instance at 0x147855378230>,74,3,[6 2],96,207,210,111,185
1,<environment.Job instance at 0x147853257460>,75,18,[ 1 14],97,210,228,113,200
1,<environment.Job instance at 0x1478553787d0>,76,2,[7 1],98,207,209,109,200
1,<environment.Job instance at 0x14786f012460>,77,3,[10  1],99,210,213,111,201
1,<environment.Job instance at 0x14786f0123c0>,78,1,[6 1],100,209,210,109,201
1,<environment.Job instance at 0x14786f012050>,79,18,[1 9],101,228,246,127,221
1,<environment.Job instance at 0x147854295230>,81,3,[7 1],103,221,224,118,221
1,<environment.Job instance at 0x14785bf12eb0>,82,1,[8 2],104,228,229,124,221
1,<environment.Job instance at 0x147851c54640>,80,1,[2 7],102,246,247,144,223
1,<environment.Job instance at 0x147855376b40>,16,2,[2 5],20,274,276,254,274
1,<environment.Job instance at 0x147851c828c0>,84,15,[1 8],107,286,301,179,286
1,<environment.Job instance at 0x147851d1c230>,83,28,[ 2 10],106,302,330,196,302
1,<environment.Job instance at 0x14786c07c780>,14,17,[12  1],17,394,411,377,394
1,<environment.Job instance at 0x147853d279b0>,18,15,[9 1],22,2657,2672,2635,2657
1,<environment.Job instance at 0x147850cf4aa0>,13,19,[ 2 14],25,33,52,8,33
1,<environment.Job instance at 0x147850cf4370>,18,3,[1 7],33,52,55,19,33
1,<environment.Job instance at 0x1478514d2d20>,21,2,[10  1],36,36,38,0,36
1,<environment.Job instance at 0x147850c7faa0>,23,2,[2 5],38,52,54,14,38
1,<environment.Job instance at 0x147850c7f230>,24,1,[1 7],39,54,55,15,39
1,<environment.Job instance at 0x147850c7f1e0>,25,1,[2 9],40,55,56,15,40
1,<environment.Job instance at 0x1478557070a0>,36,13,[ 2 11],55,56,69,1,55
1,<environment.Job instance at 0x1478543ef3c0>,31,1,[10  2],49,61,62,12,61
1,<environment.Job instance at 0x147850c8b410>,43,2,[8 1],64,64,66,0,64
1,<environment.Job instance at 0x1478543f19b0>,55,2,[2 6],82,82,84,0,82
1,<environment.Job instance at 0x147851581960>,57,16,[ 2 10],85,85,101,0,85
1,<environment.Job instance at 0x1478515819b0>,58,2,[5 1],87,87,89,0,87
1,<environment.Job instance at 0x14785125b7d0>,60,1,[10  1],89,89,90,0,89
1,<environment.Job instance at 0x14785125b8c0>,62,3,[ 2 10],91,101,104,10,91
1,<environment.Job instance at 0x14785125b5f0>,63,17,[2 9],93,104,121,11,95
1,<environment.Job instance at 0x14785b4a5e10>,72,12,[5 1],102,103,115,1,103
1,<environment.Job instance at 0x1478589c2aa0>,75,1,[10  2],107,115,116,8,108
1,<environment.Job instance at 0x1478543f1050>,53,3,[14  2],78,121,124,43,120
1,<environment.Job instance at 0x147850cf4500>,16,2,[9 1],29,422,424,393,422
1,<environment.Job instance at 0x14785b6d9050>,0,2,[1 8],1,1,3,0,1
1,<environment.Job instance at 0x147851f82140>,9,17,[6 1],15,19,36,4,19
1,<environment.Job instance at 0x1478543e5d70>,17,3,[2 9],24,24,27,0,24
1,<environment.Job instance at 0x147855485eb0>,15,26,[2 7],22,27,53,5,24
1,<environment.Job instance at 0x147851f82960>,19,1,[2 7],27,27,28,0,27
1,<environment.Job instance at 0x14786c0dfa50>,18,15,[8 1],26,36,51,10,27
1,<environment.Job instance at 0x14785b480140>,21,25,[1 7],29,29,54,0,29
1,<environment.Job instance at 0x1478512650f0>,22,1,[ 2 10],30,54,55,24,30
1,<environment.Job instance at 0x147853e5b0f0>,23,2,[2 5],31,53,55,22,31
1,<environment.Job instance at 0x14786c13a320>,24,15,[7 2],32,55,70,23,41
1,<environment.Job instance at 0x14786c13acd0>,25,1,[7 2],35,53,54,18,41
1,<environment.Job instance at 0x14785bfb15a0>,26,1,[1 8],36,55,56,19,41
1,<environment.Job instance at 0x14785bfb1aa0>,27,2,[1 7],37,56,58,19,41
1,<environment.Job instance at 0x14785bfb1820>,28,22,[ 1 10],38,58,80,20,51
1,<environment.Job instance at 0x1478542aef50>,31,3,[10  1],42,70,73,28,51
1,<environment.Job instance at 0x1478542ae460>,32,3,[10  1],43,73,76,30,51
1,<environment.Job instance at 0x1478542aecd0>,33,1,[8 1],44,51,52,7,51
1,<environment.Job instance at 0x1478542aeb40>,34,17,[7 2],46,76,93,30,64
1,<environment.Job instance at 0x147855490500>,35,13,[2 5],47,80,93,33,64
1,<environment.Job instance at 0x1478542aebe0>,36,2,[6 1],49,64,66,15,64
1,<environment.Job instance at 0x1478542aeaf0>,37,16,[6 1],50,76,92,26,64
1,<environment.Job instance at 0x14785b4ee9b0>,38,1,[ 1 10],52,93,94,41,65
1,<environment.Job instance at 0x14785b4eef00>,39,3,[9 1],54,93,96,39,67
1,<environment.Job instance at 0x14785b4eecd0>,40,1,[8 2],56,96,97,40,68
1,<environment.Job instance at 0x14785b4ee0a0>,41,3,[1 5],57,94,97,37,68
1,<environment.Job instance at 0x14785b4ee5f0>,42,1,[10  1],59,97,98,38,69
1,<environment.Job instance at 0x14785b4eeaa0>,43,3,[8 1],60,98,101,38,72
1,<environment.Job instance at 0x14785b4eeb90>,44,2,[8 1],61,101,103,40,74
1,<environment.Job instance at 0x14785b4ee960>,45,1,[5 2],62,92,93,30,74
1,<environment.Job instance at 0x14785b4ee8c0>,46,3,[1 7],63,94,97,31,74
1,<environment.Job instance at 0x14785b4eedc0>,47,2,[5 1],64,96,98,32,74
1,<environment.Job instance at 0x147851314fa0>,50,1,[1 5],68,92,93,24,74
1,<environment.Job instance at 0x1478543130f0>,53,1,[10  1],71,103,104,32,75
1,<environment.Job instance at 0x147854313a00>,54,2,[ 1 10],72,98,100,26,75
1,<environment.Job instance at 0x14785b6df460>,56,3,[2 5],74,100,103,26,75
1,<environment.Job instance at 0x147854257780>,57,18,[10  1],75,104,122,29,93
1,<environment.Job instance at 0x1478560bf5a0>,58,2,[7 1],76,122,124,46,95
1,<environment.Job instance at 0x147854295280>,59,15,[2 7],77,100,115,23,95
1,<environment.Job instance at 0x147854295370>,60,1,[2 5],78,103,104,25,95
1,<environment.Job instance at 0x147850f56af0>,61,3,[ 1 11],81,115,118,34,95
1,<environment.Job instance at 0x1478542e2a50>,62,2,[1 9],82,118,120,36,95
1,<environment.Job instance at 0x147850f56780>,63,2,[2 5],83,104,106,21,95
1,<environment.Job instance at 0x147850d56960>,64,3,[1 5],86,106,109,20,95
1,<environment.Job instance at 0x1478560d6960>,65,1,[8 1],87,122,123,35,95
1,<environment.Job instance at 0x147850d56190>,66,2,[8 2],88,123,125,35,96
1,<environment.Job instance at 0x14786e096be0>,67,14,[9 2],89,125,139,36,110
1,<environment.Job instance at 0x1478589be190>,68,2,[5 2],90,120,122,30,110
1,<environment.Job instance at 0x1478589bed70>,69,3,[1 5],91,110,113,19,110
1,<environment.Job instance at 0x1478528038c0>,70,1,[1 5],93,113,114,20,110
1,<environment.Job instance at 0x14785bf03370>,71,16,[8 1],94,139,155,45,127
1,<environment.Job instance at 0x147851314dc0>,49,2,[5 2],67,140,142,73,140
1,<environment.Job instance at 0x14785b5e1f00>,73,15,[8 2],96,155,170,59,141
1,<environment.Job instance at 0x147853e384b0>,78,1,[1 9],102,141,142,39,141
1,<environment.Job instance at 0x14785b4f1640>,79,18,[5 2],103,142,160,39,141
1,<environment.Job instance at 0x14785b62a640>,80,2,[1 8],105,142,144,37,141
1,<environment.Job instance at 0x1478514239b0>,81,16,[1 6],106,144,160,38,141
1,<environment.Job instance at 0x14785113e7d0>,83,14,[10  1],109,170,184,61,155
1,<environment.Job instance at 0x14785bfb1a00>,30,1,[14  1],41,295,296,254,295
1,<environment.Job instance at 0x1478556eaa00>,9,23,[1 5],14,14,37,0,14
1,<environment.Job instance at 0x147850cf58c0>,17,3,[8 2],22,22,25,0,22
1,<environment.Job instance at 0x14785b692960>,18,2,[10  1],24,25,27,1,24
1,<environment.Job instance at 0x147851321730>,19,22,[5 1],26,28,50,2,28
1,<environment.Job instance at 0x1478589be2d0>,21,16,[8 2],31,31,47,0,31
1,<environment.Job instance at 0x1478589be5a0>,23,2,[5 2],33,47,49,14,33
1,<environment.Job instance at 0x1478557be9b0>,24,13,[8 1],35,49,62,14,36
1,<environment.Job instance at 0x147850bd2d20>,27,12,[9 1],38,62,74,24,45
1,<environment.Job instance at 0x147850bd2f50>,30,2,[6 2],42,50,52,8,45
1,<environment.Job instance at 0x1478512c3690>,31,1,[1 5],44,45,46,1,45
1,<environment.Job instance at 0x147853dcd5f0>,32,2,[5 2],45,47,49,2,45
1,<environment.Job instance at 0x1478510eb870>,34,2,[8 1],47,74,76,27,47
1,<environment.Job instance at 0x1478510eb910>,35,17,[ 2 10],48,52,69,4,48
1,<environment.Job instance at 0x1478510eb820>,37,18,[2 5],50,69,87,19,59
1,<environment.Job instance at 0x1478556eae60>,14,1,[5 1],19,74,75,55,65
1,<environment.Job instance at 0x1478543d8550>,41,16,[1 9],54,75,91,21,68
1,<environment.Job instance at 0x1478543d8370>,43,13,[8 1],56,76,89,20,69
1,<environment.Job instance at 0x1478543d84b0>,44,1,[6 1],57,87,88,30,71
1,<environment.Job instance at 0x147857157b40>,45,2,[ 1 10],58,91,93,33,71
1,<environment.Job instance at 0x1478543d85f0>,46,1,[5 1],59,88,89,29,73
1,<environment.Job instance at 0x1478543d82d0>,47,3,[5 2],60,89,92,29,73
1,<environment.Job instance at 0x1478543d8820>,42,2,[ 1 13],55,93,95,38,73
1,<environment.Job instance at 0x147850da7f50>,48,17,[6 2],64,89,106,25,77
1,<environment.Job instance at 0x147850da7cd0>,49,3,[5 2],65,95,98,30,92
1,<environment.Job instance at 0x147850da7e10>,51,2,[8 2],67,98,100,31,94
1,<environment.Job instance at 0x147850da7910>,52,2,[11  1],68,106,108,38,94
1,<environment.Job instance at 0x147850da7fa0>,53,1,[8 2],69,100,101,31,94
1,<environment.Job instance at 0x147850da7640>,50,15,[10  2],66,108,123,42,95
1,<environment.Job instance at 0x147850f21dc0>,55,28,[ 2 10],71,101,129,30,100
1,<environment.Job instance at 0x147850e8cc30>,56,3,[9 1],74,123,126,49,100
1,<environment.Job instance at 0x147850e8c0f0>,57,14,[2 5],76,126,140,50,111
1,<environment.Job instance at 0x147850e8ca00>,59,1,[5 1],78,129,130,51,111
1,<environment.Job instance at 0x147850e8c190>,60,14,[1 7],79,129,143,50,114
1,<environment.Job instance at 0x147850e8cb90>,61,2,[8 1],81,130,132,49,115
1,<environment.Job instance at 0x147850e8cf00>,62,2,[6 2],83,132,134,49,116
1,<environment.Job instance at 0x14785b46fdc0>,63,2,[1 5],84,140,142,56,116
1,<environment.Job instance at 0x147850e8c460>,64,2,[9 2],85,134,136,49,116
1,<environment.Job instance at 0x14785b46fbe0>,65,1,[9 1],88,136,137,48,116
1,<environment.Job instance at 0x14785b46f410>,66,2,[9 1],89,137,139,48,117
1,<environment.Job instance at 0x14785b46fb90>,67,2,[6 2],90,139,141,49,117
1,<environment.Job instance at 0x1478542ee050>,68,2,[2 9],92,143,145,51,117
1,<environment.Job instance at 0x147851c5d870>,69,17,[2 9],93,145,162,52,133
1,<environment.Job instance at 0x14785b46f5a0>,71,2,[ 1 10],95,162,164,67,136
1,<environment.Job instance at 0x14785b480b90>,72,2,[ 1 11],97,164,166,67,139
1,<environment.Job instance at 0x147857160be0>,73,2,[1 8],98,166,168,68,147
1,<environment.Job instance at 0x147857160dc0>,74,16,[ 1 12],99,168,184,69,159
1,<environment.Job instance at 0x1478532429b0>,77,12,[7 2],102,159,171,57,159
1,<environment.Job instance at 0x14785581e0f0>,78,1,[2 5],104,166,167,62,160
1,<environment.Job instance at 0x147853242af0>,76,3,[2 8],101,184,187,83,166
1,<environment.Job instance at 0x14785157ff50>,80,3,[1 6],109,184,187,75,180
1,<environment.Job instance at 0x14785157f370>,79,17,[ 1 10],106,205,222,99,205
1,<environment.Job instance at 0x1478510ebfa0>,39,18,[ 2 11],52,340,358,288,340
1,<environment.Job instance at 0x147850cf5050>,23,23,[9 1],40,47,70,7,47
1,<environment.Job instance at 0x147850c4f4b0>,27,2,[1 5],44,47,49,3,47
1,<environment.Job instance at 0x147853e5e690>,29,12,[5 1],48,48,60,0,48
1,<environment.Job instance at 0x147853242550>,32,2,[10  1],52,70,72,18,52
1,<environment.Job instance at 0x1478532426e0>,34,3,[6 2],54,60,63,6,54
1,<environment.Job instance at 0x14785157d3c0>,39,3,[1 9],64,64,67,0,64
1,<environment.Job instance at 0x147851c54d70>,42,3,[6 1],69,72,75,3,69
1,<environment.Job instance at 0x147851c540a0>,43,18,[7 2],70,72,90,2,70
1,<environment.Job instance at 0x147851c544b0>,44,15,[2 7],71,71,86,0,71
1,<environment.Job instance at 0x1478515b5e60>,47,3,[ 1 10],75,86,89,11,75
1,<environment.Job instance at 0x147850d38320>,48,1,[14  2],76,90,91,14,76
1,<environment.Job instance at 0x147850ca1230>,49,2,[6 2],77,78,80,1,78
1,<environment.Job instance at 0x147850ca1690>,50,13,[6 1],78,91,104,13,78
1,<environment.Job instance at 0x147850d380a0>,46,2,[14  2],74,104,106,30,79
1,<environment.Job instance at 0x147850ca19b0>,51,2,[1 9],79,89,91,10,79
1,<environment.Job instance at 0x147850eb8230>,53,3,[5 2],82,82,85,0,82
1,<environment.Job instance at 0x147850eb8e60>,54,2,[1 8],83,91,93,8,83
1,<environment.Job instance at 0x147850eb8500>,55,17,[9 1],84,106,123,22,94
1,<environment.Job instance at 0x147855372c30>,59,17,[7 2],91,123,140,32,111
1,<environment.Job instance at 0x147854a8f1e0>,65,1,[8 1],100,123,124,23,111
1,<environment.Job instance at 0x147854a8f730>,66,1,[5 1],103,111,112,8,111
1,<environment.Job instance at 0x147853ec0aa0>,67,2,[1 9],104,111,113,7,111
1,<environment.Job instance at 0x14786c0b63c0>,68,3,[ 2 10],106,113,116,7,111
1,<environment.Job instance at 0x1478554cc0a0>,69,2,[7 1],108,131,133,23,131
1,<environment.Job instance at 0x1478560cd500>,6,13,[7 2],11,12,25,1,12
1,<environment.Job instance at 0x1478560cde60>,10,2,[10  2],16,25,27,9,16
1,<environment.Job instance at 0x1478560cd2d0>,7,1,[1 6],12,19,20,7,19
1,<environment.Job instance at 0x1478560cd820>,14,18,[10  2],22,27,45,5,22
1,<environment.Job instance at 0x1478560cd780>,15,3,[1 5],23,23,26,0,23
1,<environment.Job instance at 0x14785bf49c80>,16,14,[1 7],24,24,38,0,24
1,<environment.Job instance at 0x14785bf49960>,17,2,[1 8],26,38,40,12,26
1,<environment.Job instance at 0x14785bf7c320>,18,12,[5 2],27,40,52,13,27
1,<environment.Job instance at 0x14786c199910>,19,1,[2 9],28,45,46,17,28
1,<environment.Job instance at 0x14786c199820>,20,1,[10  2],29,46,47,17,29
1,<environment.Job instance at 0x147853eddaa0>,21,2,[5 2],32,47,49,15,33
1,<environment.Job instance at 0x14786c1990a0>,22,2,[10  1],33,49,51,16,33
1,<environment.Job instance at 0x14786c1995f0>,24,1,[7 2],36,45,46,9,36
1,<environment.Job instance at 0x14786c199550>,25,15,[7 1],37,51,66,14,37
1,<environment.Job instance at 0x14786c199320>,26,13,[5 2],43,52,65,9,43
1,<environment.Job instance at 0x1478560cd4b0>,9,1,[8 2],15,65,66,50,44
1,<environment.Job instance at 0x14786c199370>,27,3,[1 9],44,51,54,7,44
1,<environment.Job instance at 0x1478560cdbe0>,11,2,[14  1],17,66,68,49,54
1,<environment.Job instance at 0x147853dd8a00>,36,17,[1 9],61,66,83,5,61
1,<environment.Job instance at 0x1478513cfdc0>,38,1,[8 1],63,68,69,5,63
1,<environment.Job instance at 0x1478542faf00>,59,1,[1 9],101,102,103,1,102
1,<environment.Job instance at 0x1478542fa280>,57,2,[8 1],98,103,105,5,103
1,<environment.Job instance at 0x1478542fa4b0>,60,18,[8 2],102,105,123,3,105
1,<environment.Job instance at 0x1478511efd20>,62,3,[2 5],104,105,108,1,105
1,<environment.Job instance at 0x1478511ef780>,63,1,[6 1],105,108,109,3,105
1,<environment.Job instance at 0x1478511eff00>,64,1,[5 2],107,107,108,0,107
1,<environment.Job instance at 0x1478511ef1e0>,65,1,[6 1],108,110,111,2,110
1,<environment.Job instance at 0x147850b16c80>,55,13,[ 1 13],96,118,131,22,118
1,<environment.Job instance at 0x1478511ef5a0>,61,2,[5 1],103,129,131,26,129
1,<environment.Job instance at 0x150612255370>,24,12,[ 1 10],32,32,44,0,32
1,<environment.Job instance at 0x150612255730>,22,1,[2 7],30,44,45,14,36
1,<environment.Job instance at 0x1506122557d0>,25,2,[2 8],34,44,46,10,36
1,<environment.Job instance at 0x150612255050>,20,2,[ 1 13],27,46,48,19,41
1,<environment.Job instance at 0x150612255b40>,27,2,[2 7],36,48,50,12,41
1,<environment.Job instance at 0x150612255fa0>,31,3,[9 2],41,41,44,0,41
1,<environment.Job instance at 0x1506122573c0>,34,15,[11  1],44,45,60,1,44
1,<environment.Job instance at 0x1506122574b0>,35,2,[1 8],45,50,52,5,45
1,<environment.Job instance at 0x150612257910>,38,1,[8 1],51,60,61,9,51
1,<environment.Job instance at 0x150612257aa0>,39,3,[1 5],52,52,55,0,52
1,<environment.Job instance at 0x150612257fa0>,42,1,[10  1],56,61,62,5,59
1,<environment.Job instance at 0x150612257eb0>,43,3,[7 2],57,64,67,7,64
1,<environment.Job instance at 0x150612257dc0>,44,3,[1 8],58,64,67,6,64
1,<environment.Job instance at 0x150612258190>,45,3,[2 8],60,69,72,9,69
1,<environment.Job instance at 0x150612257cd0>,41,25,[12  2],54,71,96,17,71
1,<environment.Job instance at 0x150612258050>,46,2,[2 8],61,72,74,11,71
1,<environment.Job instance at 0x150612258460>,48,1,[2 9],65,74,75,9,71
1,<environment.Job instance at 0x1506122584b0>,49,16,[8 2],66,96,112,30,83
1,<environment.Job instance at 0x150612258780>,52,2,[1 7],72,83,85,11,83
1,<environment.Job instance at 0x150612258280>,53,3,[6 1],73,96,99,23,83
1,<environment.Job instance at 0x150612258c30>,54,2,[2 5],75,83,85,8,83
1,<environment.Job instance at 0x150612258cd0>,55,16,[2 5],76,99,115,23,86
1,<environment.Job instance at 0x150612258dc0>,56,1,[10  2],79,112,113,33,86
1,<environment.Job instance at 0x150612258e10>,57,22,[1 5],80,86,108,6,86
1,<environment.Job instance at 0x150612258d70>,58,15,[2 9],82,113,128,31,99
1,<environment.Job instance at 0x15061225c4b0>,61,3,[1 5],87,108,111,21,99
1,<environment.Job instance at 0x15061225c550>,62,3,[9 2],88,115,118,27,99
1,<environment.Job instance at 0x15061225c6e0>,63,3,[10  1],89,118,121,29,99
1,<environment.Job instance at 0x15061225c820>,64,12,[9 1],91,121,133,30,104
1,<environment.Job instance at 0x15061225c8c0>,65,3,[2 9],92,128,131,36,104
1,<environment.Job instance at 0x15061225c910>,66,3,[1 9],93,131,134,38,105
1,<environment.Job instance at 0x15061225c9b0>,67,1,[13  1],94,133,134,39,105
1,<environment.Job instance at 0x15061225caa0>,68,3,[1 9],95,134,137,39,108
1,<environment.Job instance at 0x15061225cb40>,69,1,[2 5],96,111,112,15,108
1,<environment.Job instance at 0x15061225cbe0>,70,2,[ 2 10],97,137,139,40,110
1,<environment.Job instance at 0x15061225cd20>,71,3,[2 9],99,139,142,40,113
1,<environment.Job instance at 0x15061224a640>,72,13,[7 2],102,134,147,32,118
1,<environment.Job instance at 0x150669196a50>,73,2,[6 2],103,134,136,31,118
1,<environment.Job instance at 0x150612246f50>,74,3,[6 2],106,136,139,30,118
1,<environment.Job instance at 0x150612246d70>,75,1,[1 6],107,142,143,35,118
1,<environment.Job instance at 0x1506122465f0>,76,2,[2 5],108,118,120,10,118
1,<environment.Job instance at 0x150612286410>,77,2,[ 1 10],109,143,145,34,118
1,<environment.Job instance at 0x1506122467d0>,78,3,[2 9],110,145,148,35,119
1,<environment.Job instance at 0x1506436011e0>,79,3,[7 2],111,142,145,31,119
1,<environment.Job instance at 0x150612297aa0>,80,14,[7 1],112,147,161,35,132
1,<environment.Job instance at 0x150614b231e0>,83,1,[10  1],117,161,162,44,133
1,<environment.Job instance at 0x150614b23280>,84,2,[ 1 10],118,160,162,42,160
1,<environment.Job instance at 0x150612255640>,23,2,[8 1],31,190,192,159,190
1,<environment.Job instance at 0x150640114460>,5,1,[2 5],8,8,9,0,8
1,<environment.Job instance at 0x150640110d70>,11,15,[10  2],15,15,30,0,15
1,<environment.Job instance at 0x1506401101e0>,12,13,[ 1 10],16,17,30,1,17
1,<environment.Job instance at 0x150640110f50>,13,16,[8 1],17,30,46,13,18
1,<environment.Job instance at 0x150640110be0>,14,17,[1 9],19,30,47,11,19
1,<environment.Job instance at 0x150640110910>,15,13,[2 9],20,47,60,27,31
1,<environment.Job instance at 0x150640110550>,16,1,[2 8],21,60,61,39,32
1,<environment.Job instance at 0x150640110780>,17,1,[ 2 10],22,61,62,39,33
1,<environment.Job instance at 0x150640110960>,18,1,[ 2 14],23,62,63,39,34
1,<environment.Job instance at 0x150640110140>,19,1,[8 2],24,46,47,22,34
1,<environment.Job instance at 0x150640110640>,20,15,[5 1],25,34,49,9,34
1,<environment.Job instance at 0x150640110320>,22,2,[ 1 10],30,63,65,33,47
1,<environment.Job instance at 0x1506401105a0>,21,18,[1 8],26,65,83,39,55
1,<environment.Job instance at 0x1506401105f0>,24,3,[ 2 10],32,83,86,51,58
1,<environment.Job instance at 0x15064010a8c0>,25,3,[2 5],33,58,61,25,58
1,<environment.Job instance at 0x15064010a730>,26,1,[8 1],34,64,65,30,64
1,<environment.Job instance at 0x15064010aaf0>,27,3,[5 2],36,65,68,29,65
1,<environment.Job instance at 0x15064010a0a0>,28,15,[9 2],37,65,80,28,65
1,<environment.Job instance at 0x15064010a140>,29,18,[2 6],38,86,104,48,76
1,<environment.Job instance at 0x15064010a190>,30,1,[1 6],39,80,81,41,77
1,<environment.Job instance at 0x15064010aa50>,31,1,[1 7],40,81,82,41,77
1,<environment.Job instance at 0x15064010a5f0>,32,3,[9 1],43,82,85,39,77
1,<environment.Job instance at 0x15064010adc0>,33,3,[12  1],44,85,88,41,77
1,<environment.Job instance at 0x15064010afa0>,34,1,[1 8],46,86,87,40,77
1,<environment.Job instance at 0x15064010a050>,35,15,[1 6],47,87,102,40,77
1,<environment.Job instance at 0x15064010a640>,36,3,[7 2],48,88,91,40,77
1,<environment.Job instance at 0x1506401077d0>,37,2,[1 8],49,102,104,53,77
1,<environment.Job instance at 0x1506401079b0>,38,3,[1 7],51,104,107,53,78
1,<environment.Job instance at 0x150640110190>,23,3,[11  2],31,91,94,60,91
1,<environment.Job instance at 0x150640107a50>,39,13,[ 1 14],52,107,120,55,91
1,<environment.Job instance at 0x150640107be0>,41,3,[1 9],54,120,123,66,95
1,<environment.Job instance at 0x150640107b90>,42,2,[7 2],55,96,98,41,96
1,<environment.Job instance at 0x150640114550>,7,2,[14  1],10,104,106,94,96
1,<environment.Job instance at 0x150640107050>,43,12,[6 1],56,106,118,50,96
1,<environment.Job instance at 0x150640107550>,46,15,[1 7],65,123,138,58,109
1,<environment.Job instance at 0x150640103e60>,49,2,[ 2 10],71,138,140,67,111
1,<environment.Job instance at 0x150640103e10>,50,3,[5 2],72,120,123,48,111
1,<environment.Job instance at 0x150640103140>,51,15,[2 7],73,123,138,50,111
1,<environment.Job instance at 0x1506401032d0>,52,2,[ 2 10],74,140,142,66,113
1,<environment.Job instance at 0x150640103960>,54,17,[ 2 10],76,142,159,66,130
1,<environment.Job instance at 0x1506400a9550>,61,1,[2 9],84,159,160,75,131
1,<environment.Job instance at 0x1506400a9820>,62,15,[1 7],85,160,175,75,146
1,<environment.Job instance at 0x1506400ad460>,64,14,[10  1],89,146,160,57,146
1,<environment.Job instance at 0x1506400ad050>,65,12,[7 1],90,160,172,70,146
1,<environment.Job instance at 0x1506400ad500>,66,2,[8 2],91,172,174,81,146
1,<environment.Job instance at 0x1506400adf50>,68,2,[2 5],93,159,161,66,146
1,<environment.Job instance at 0x1506400ad0a0>,69,3,[6 1],94,161,164,67,146
1,<environment.Job instance at 0x1506400add70>,70,2,[10  1],95,174,176,79,148
1,<environment.Job instance at 0x1506400ada00>,76,1,[2 6],103,164,165,61,148
1,<environment.Job instance at 0x150640db1b90>,83,2,[8 1],116,176,178,60,161
1,<environment.Job instance at 0x150640db14b0>,84,1,[ 1 10],117,175,176,58,163
1,<environment.Job instance at 0x15064011daf0>,85,2,[1 5],119,165,167,46,163
1,<environment.Job instance at 0x1506400adb40>,77,16,[9 1],106,178,194,72,166
1,<environment.Job instance at 0x1506401109b0>,10,12,[9 2],14,1234,1246,1220,1234
1,<environment.Job instance at 0x1506149439b0>,19,1,[1 5],33,35,36,2,35
1,<environment.Job instance at 0x150614943690>,13,2,[ 2 12],26,39,41,13,39
1,<environment.Job instance at 0x1506149438c0>,20,16,[1 7],34,41,57,7,39
1,<environment.Job instance at 0x1506149433c0>,23,3,[1 5],39,41,44,2,41
1,<environment.Job instance at 0x150612297fa0>,25,1,[2 8],41,57,58,16,57
1,<environment.Job instance at 0x150612297af0>,26,1,[7 1],42,57,58,15,57
1,<environment.Job instance at 0x150612297eb0>,24,21,[ 2 13],40,58,79,18,57
1,<environment.Job instance at 0x1506122979b0>,28,2,[8 2],45,58,60,13,57
1,<environment.Job instance at 0x150612297d70>,27,18,[5 2],43,61,79,18,61
1,<environment.Job instance at 0x150612297870>,29,3,[1 7],46,79,82,33,63
1,<environment.Job instance at 0x150612297500>,31,1,[5 2],48,79,80,31,63
1,<environment.Job instance at 0x1506122975a0>,32,1,[1 8],49,80,81,31,63
1,<environment.Job instance at 0x150612297b90>,33,3,[1 7],50,81,84,31,64
1,<environment.Job instance at 0x150612297640>,34,2,[5 2],52,82,84,30,64
1,<environment.Job instance at 0x150612297280>,35,2,[1 7],54,84,86,30,64
1,<environment.Job instance at 0x1506122970a0>,36,2,[5 2],55,82,84,27,67
1,<environment.Job instance at 0x150612297190>,37,1,[1 6],57,79,80,22,67
1,<environment.Job instance at 0x150612297780>,38,12,[7 1],58,84,96,26,67
1,<environment.Job instance at 0x150612297320>,39,2,[10  1],59,96,98,37,69
1,<environment.Job instance at 0x150612297370>,40,3,[2 7],60,84,87,24,69
1,<environment.Job instance at 0x150613edd0a0>,41,17,[7 1],62,98,115,36,88
1,<environment.Job instance at 0x150613eddd70>,44,12,[7 2],67,98,110,31,89
1,<environment.Job instance at 0x150613edd780>,45,2,[7 2],69,89,91,20,89
1,<environment.Job instance at 0x150613edd5f0>,46,3,[ 2 10],71,91,94,20,89
1,<environment.Job instance at 0x150613eddc30>,43,3,[1 8],65,94,97,29,93
1,<environment.Job instance at 0x150613eddb40>,47,14,[8 2],72,110,124,38,95
1,<environment.Job instance at 0x1506691f3050>,49,1,[ 2 10],75,97,98,22,95
1,<environment.Job instance at 0x150614931aa0>,48,2,[2 5],74,95,97,21,95
1,<environment.Job instance at 0x150614931500>,51,2,[ 1 10],77,115,117,38,109
1,<environment.Job instance at 0x1506149310a0>,50,14,[8 1],76,124,138,48,110
1,<environment.Job instance at 0x150614931410>,53,21,[7 2],80,117,138,37,110
1,<environment.Job instance at 0x150614931af0>,54,13,[5 2],81,138,151,57,122
1,<environment.Job instance at 0x150614931b40>,55,3,[1 9],82,138,141,56,122
1,<environment.Job instance at 0x150614931230>,56,1,[6 1],83,138,139,55,122
1,<environment.Job instance at 0x15061498a960>,57,3,[5 1],84,139,142,55,122
1,<environment.Job instance at 0x15061498a140>,58,3,[1 7],89,141,144,52,122
1,<environment.Job instance at 0x15061498a320>,59,12,[7 1],91,142,154,51,125
1,<environment.Job instance at 0x15061498ac80>,60,20,[8 2],92,151,171,59,142
1,<environment.Job instance at 0x15061498a780>,61,2,[10  1],93,171,173,78,144
1,<environment.Job instance at 0x150613ebe6e0>,62,3,[1 9],94,144,147,50,144
1,<environment.Job instance at 0x150611ca1050>,63,3,[1 8],98,147,150,49,144
1,<environment.Job instance at 0x15064001d960>,64,2,[2 7],101,154,156,53,144
1,<environment.Job instance at 0x150614f680f0>,65,2,[9 2],102,173,175,71,146
1,<environment.Job instance at 0x1506128e7aa0>,66,3,[5 2],103,154,157,51,146
1,<environment.Job instance at 0x1506122b3e10>,67,16,[7 2],104,175,191,71,164
1,<environment.Job instance at 0x1506128f98c0>,68,1,[ 2 10],105,164,165,59,164
1,<environment.Job instance at 0x1506163bd780>,69,18,[5 2],107,164,182,57,164
1,<environment.Job instance at 0x150611c9ab90>,70,1,[1 8],108,165,166,57,164
1,<environment.Job instance at 0x1506163880a0>,71,13,[1 7],110,173,186,63,164
1,<environment.Job instance at 0x150612c0fe60>,72,12,[2 9],113,186,198,73,169
1,<environment.Job instance at 0x150611c8ee60>,73,3,[5 2],114,182,185,68,169
1,<environment.Job instance at 0x1506680c37d0>,74,2,[ 2 10],115,198,200,83,171
1,<environment.Job instance at 0x150611c8ee10>,75,15,[8 2],116,191,206,75,179
1,<environment.Job instance at 0x150611c8e1e0>,76,17,[10  1],118,206,223,88,194
1,<environment.Job instance at 0x1506149312d0>,52,3,[7 2],78,223,226,145,213
1,<environment.Job instance at 0x150614943c80>,22,3,[ 1 13],36,226,229,190,226
1,<environment.Job instance at 0x150614943e60>,18,2,[6 2],32,285,287,253,285
1,<environment.Job instance at 0x150614943500>,17,13,[ 1 11],31,1191,1204,1160,1191
1,<environment.Job instance at 0x15064365e730>,5,2,[1 6],12,13,15,1,13
1,<environment.Job instance at 0x15064365e640>,6,1,[1 9],13,16,17,3,16
1,<environment.Job instance at 0x15064365ec80>,9,18,[ 1 10],16,18,36,2,18
1,<environment.Job instance at 0x1506400b6140>,11,3,[ 2 10],20,36,39,16,22
1,<environment.Job instance at 0x1506400b68c0>,12,1,[7 2],21,26,27,5,26
1,<environment.Job instance at 0x1506400b6780>,13,3,[9 1],22,27,30,5,27
1,<environment.Job instance at 0x1506400b6960>,14,16,[9 1],23,30,46,7,28
1,<environment.Job instance at 0x1506400b60a0>,15,1,[6 2],25,39,40,14,28
1,<environment.Job instance at 0x1506400b65a0>,16,3,[2 7],26,40,43,14,28
1,<environment.Job instance at 0x1506400b6fa0>,17,14,[7 2],27,46,60,19,31
1,<environment.Job instance at 0x15064016a370>,18,2,[ 1 10],29,43,45,14,32
1,<environment.Job instance at 0x15064016a640>,19,3,[10  2],30,60,63,30,35
1,<environment.Job instance at 0x15064016adc0>,20,2,[2 9],31,45,47,14,35
1,<environment.Job instance at 0x15064016a140>,21,3,[9 1],34,63,66,29,37
1,<environment.Job instance at 0x15064016ae10>,22,18,[6 2],36,63,81,27,52
1,<environment.Job instance at 0x15064016a960>,23,16,[1 5],38,66,82,28,53
1,<environment.Job instance at 0x15064016acd0>,24,3,[5 1],40,56,59,16,56
1,<environment.Job instance at 0x15064016af50>,25,14,[1 6],42,66,80,24,56
1,<environment.Job instance at 0x15064016a6e0>,26,2,[5 1],43,59,61,16,56
1,<environment.Job instance at 0x15064016a0a0>,27,1,[2 7],44,58,59,14,58
1,<environment.Job instance at 0x150640bdc910>,29,2,[6 1],46,66,68,20,58
1,<environment.Job instance at 0x150640bdc640>,30,3,[9 2],48,81,84,33,58
1,<environment.Job instance at 0x150640bdcc80>,32,2,[5 2],52,61,63,9,58
1,<environment.Job instance at 0x150640bdc320>,33,3,[1 7],53,80,83,27,59
1,<environment.Job instance at 0x150640bdc460>,35,1,[7 2],56,68,69,12,61
1,<environment.Job instance at 0x150616150cd0>,37,14,[1 6],59,82,96,23,67
1,<environment.Job instance at 0x150616150f50>,38,14,[1 9],60,84,98,24,69
1,<environment.Job instance at 0x150616150be0>,39,3,[6 1],63,70,73,7,70
1,<environment.Job instance at 0x150616150410>,41,2,[2 9],65,98,100,33,93
1,<environment.Job instance at 0x150616150500>,40,26,[9 1],64,96,122,32,93
1,<environment.Job instance at 0x1506161503c0>,43,16,[2 9],67,100,116,33,93
1,<environment.Job instance at 0x150616150690>,44,12,[5 2],68,116,128,48,99
1,<environment.Job instance at 0x150616150fa0>,45,3,[8 1],69,122,125,53,102
1,<environment.Job instance at 0x150616150f00>,46,3,[8 1],73,125,128,52,106
1,<environment.Job instance at 0x150616380910>,47,1,[10  1],74,128,129,54,108
1,<environment.Job instance at 0x1506163801e0>,48,27,[1 7],75,116,143,41,114
1,<environment.Job instance at 0x150616380550>,49,15,[2 8],78,129,144,51,117
1,<environment.Job instance at 0x150616380690>,50,16,[2 8],79,144,160,65,131
1,<environment.Job instance at 0x1506163802d0>,51,13,[ 2 10],82,160,173,78,144
1,<environment.Job instance at 0x150616380c30>,52,1,[2 6],83,146,147,63,146
1,<environment.Job instance at 0x150616380140>,53,2,[1 5],85,153,155,68,153
1,<environment.Job instance at 0x150616380320>,55,3,[2 9],87,173,176,86,154
1,<environment.Job instance at 0x150616380370>,56,1,[5 1],89,155,156,66,155
1,<environment.Job instance at 0x150616380cd0>,57,3,[1 5],90,156,159,66,156
1,<environment.Job instance at 0x1506163807d0>,58,2,[1 9],91,176,178,85,156
1,<environment.Job instance at 0x1506163803c0>,59,3,[2 8],92,178,181,86,156
1,<environment.Job instance at 0x150611fcc0f0>,60,1,[1 8],95,181,182,86,156
1,<environment.Job instance at 0x150611fcc5f0>,61,16,[2 6],96,173,189,77,164
1,<environment.Job instance at 0x150614b32730>,63,2,[8 2],98,166,168,68,166
1,<environment.Job instance at 0x150614b32550>,64,14,[9 1],100,178,192,78,170
1,<environment.Job instance at 0x150614b32460>,65,3,[10  1],101,170,173,69,170
1,<environment.Job instance at 0x150614b32320>,66,2,[1 7],102,182,184,80,170
1,<environment.Job instance at 0x150614b32410>,67,15,[1 5],103,184,199,81,170
1,<environment.Job instance at 0x150614b328c0>,68,3,[1 9],104,189,192,85,170
1,<environment.Job instance at 0x150614b32f00>,69,2,[1 8],106,192,194,86,170
1,<environment.Job instance at 0x150614b32690>,70,2,[1 5],108,194,196,86,170
1,<environment.Job instance at 0x150614dbd550>,71,15,[10  1],109,192,207,83,178
1,<environment.Job instance at 0x1506435efa00>,72,1,[2 8],110,196,197,86,178
1,<environment.Job instance at 0x150640bcac30>,73,1,[8 2],111,207,208,96,179
1,<environment.Job instance at 0x1506164c2410>,74,14,[14  1],112,208,222,96,194
1,<environment.Job instance at 0x1506435880f0>,76,3,[10  1],116,222,225,106,196
1,<environment.Job instance at 0x1506435880a0>,77,3,[10  2],117,225,228,108,199
1,<environment.Job instance at 0x15064365e910>,2,15,[ 1 11],7,255,270,248,255
1,<environment.Job instance at 0x1506160359b0>,0,2,[1 7],1,1,3,0,1
1,<environment.Job instance at 0x150616035550>,5,2,[ 1 10],6,6,8,0,6
1,<environment.Job instance at 0x150616035910>,3,3,[1 6],4,8,11,4,6
1,<environment.Job instance at 0x150613ebe690>,2,18,[8 2],3,7,25,4,7
1,<environment.Job instance at 0x150616041370>,10,2,[1 8],11,11,13,0,11
1,<environment.Job instance at 0x1506160411e0>,11,3,[2 8],12,13,16,1,12
1,<environment.Job instance at 0x150616041870>,12,2,[2 8],13,16,18,3,13
1,<environment.Job instance at 0x150616041aa0>,17,1,[2 9],22,25,26,3,25
1,<environment.Job instance at 0x150611fde960>,19,2,[10  1],24,31,33,7,31
1,<environment.Job instance at 0x150616041c30>,15,2,[2 8],19,32,34,13,32
1,<environment.Job instance at 0x150616045e60>,20,2,[2 7],26,33,35,7,32
1,<environment.Job instance at 0x150616045f50>,23,2,[ 1 10],30,35,37,5,33
1,<environment.Job instance at 0x150616045a50>,26,2,[5 2],33,34,36,1,33
1,<environment.Job instance at 0x150616045410>,25,12,[6 1],32,34,46,2,33
1,<environment.Job instance at 0x15061604fcd0>,31,2,[5 2],40,40,42,0,40
1,<environment.Job instance at 0x15061604faf0>,32,15,[1 8],42,42,57,0,42
1,<environment.Job instance at 0x15061604f0f0>,36,17,[9 2],48,51,68,3,51
1,<environment.Job instance at 0x15061604f0a0>,37,1,[6 2],49,57,58,8,51
1,<environment.Job instance at 0x15061604f3c0>,38,2,[1 5],50,52,54,2,52
1,<environment.Job instance at 0x15061604f050>,39,1,[1 7],51,58,59,7,56
1,<environment.Job instance at 0x15061603e500>,40,3,[2 7],52,59,62,7,56
1,<environment.Job instance at 0x15061604f780>,29,1,[7 2],38,68,69,30,56
1,<environment.Job instance at 0x15061603eaf0>,41,2,[1 5],53,58,60,5,56
1,<environment.Job instance at 0x15061603ea50>,44,15,[7 1],57,68,83,11,57
1,<environment.Job instance at 0x15061603e370>,45,1,[2 6],58,60,61,2,58
1,<environment.Job instance at 0x15061603eb40>,46,1,[2 8],60,62,63,2,60
1,<environment.Job instance at 0x15061603edc0>,47,1,[2 6],61,61,62,0,61
1,<environment.Job instance at 0x15061603ed70>,48,3,[1 7],63,63,66,0,63
1,<environment.Job instance at 0x1506160391e0>,50,14,[1 6],65,66,80,1,66
1,<environment.Job instance at 0x150616039460>,51,17,[9 1],66,83,100,17,82
1,<environment.Job instance at 0x150616039230>,52,3,[5 1],67,84,87,17,84
1,<environment.Job instance at 0x150616039dc0>,54,1,[1 8],69,85,86,16,85
1,<environment.Job instance at 0x150616039f00>,55,12,[9 2],70,100,112,30,92
1,<environment.Job instance at 0x150616039910>,56,2,[2 6],71,108,110,37,108
1,<environment.Job instance at 0x150616039870>,57,3,[9 2],72,112,115,40,109
1,<environment.Job instance at 0x1506160398c0>,58,2,[10  2],73,142,144,69,142
1,<environment.Job instance at 0x150616039d20>,59,16,[10  2],74,147,163,73,147
1,<environment.Job instance at 0x150616039d70>,60,16,[ 2 10],75,147,163,72,147
1,<environment.Job instance at 0x150616039e60>,61,2,[1 6],77,163,165,86,150
1,<environment.Job instance at 0x150616039140>,62,15,[2 6],79,163,178,84,150
1,<environment.Job instance at 0x15061605ae60>,64,13,[5 1],81,163,176,82,150
1,<environment.Job instance at 0x15061605a910>,65,2,[1 8],82,165,167,83,150
1,<environment.Job instance at 0x15061605ae10>,66,14,[6 1],83,167,181,84,152
1,<environment.Job instance at 0x15061603f0f0>,67,1,[2 5],84,167,168,83,152
1,<environment.Job instance at 0x15061605ad70>,63,2,[7 2],80,163,165,83,159
1,<environment.Job instance at 0x15061603f3c0>,69,2,[7 1],86,176,178,90,160
1,<environment.Job instance at 0x15061603f4b0>,68,14,[2 8],85,178,192,93,163
1,<environment.Job instance at 0x15061603f0a0>,71,13,[10  1],88,181,194,93,166
1,<environment.Job instance at 0x15061603f870>,70,3,[7 1],87,178,181,91,171
1,<environment.Job instance at 0x15061603f8c0>,73,1,[ 2 10],90,192,193,102,178
1,<environment.Job instance at 0x15061603fb90>,74,2,[10  2],92,194,196,102,181
1,<environment.Job instance at 0x15061603f550>,75,3,[7 1],96,196,199,100,183
1,<environment.Job instance at 0x15061603f960>,72,25,[12  1],89,199,224,110,195
1,<environment.Job instance at 0x15061603fe60>,77,3,[1 9],98,195,198,97,195
1,<environment.Job instance at 0x15061603f410>,76,3,[2 8],97,205,208,108,205
1,<environment.Job instance at 0x15061603f690>,78,16,[10  1],99,224,240,125,211
1,<environment.Job instance at 0x150640128460>,80,23,[1 6],101,212,235,111,212
1,<environment.Job instance at 0x150640128230>,81,12,[7 1],104,240,252,136,223
1,<environment.Job instance at 0x150616039cd0>,53,1,[10  1],68,252,253,184,225
1,<environment.Job instance at 0x150640128140>,82,3,[10  1],107,253,256,146,227
1,<environment.Job instance at 0x150640128550>,84,3,[8 1],110,240,243,130,227
1,<environment.Job instance at 0x150640128320>,85,2,[7 1],112,243,245,131,227
1,<environment.Job instance at 0x150640128780>,87,1,[7 1],116,245,246,129,230
1,<environment.Job instance at 0x1506401286e0>,86,18,[2 6],114,246,264,132,235
1,<environment.Job instance at 0x150640c58410>,89,14,[2 5],118,246,260,128,235
1,<environment.Job instance at 0x150640c58af0>,88,2,[5 1],117,295,297,178,295
1,<environment.Job instance at 0x15061604f1e0>,35,13,[12  2],47,319,332,272,319
1,<environment.Job instance at 0x150611991370>,11,2,[ 1 10],20,25,27,5,25
1,<environment.Job instance at 0x150611991050>,15,3,[1 9],28,30,33,2,30
1,<environment.Job instance at 0x150611968a50>,20,1,[2 8],39,39,40,0,39
1,<environment.Job instance at 0x150611968eb0>,21,2,[7 2],40,40,42,0,40
1,<environment.Job instance at 0x150611968dc0>,23,3,[9 1],42,42,45,0,42
1,<environment.Job instance at 0x150611bc9320>,24,14,[2 8],43,43,57,0,43
1,<environment.Job instance at 0x150611bc9550>,25,2,[5 2],44,45,47,1,44
1,<environment.Job instance at 0x150611bc9370>,26,27,[1 7],45,47,74,2,45
1,<environment.Job instance at 0x150640db3b40>,28,17,[2 8],47,57,74,10,47
1,<environment.Job instance at 0x150640db3230>,30,2,[ 1 10],50,74,76,24,50
1,<environment.Job instance at 0x150640db3910>,34,3,[9 2],55,74,77,19,55
1,<environment.Job instance at 0x150614ef86e0>,38,13,[10  1],65,77,90,12,65
1,<environment.Job instance at 0x150614eaefa0>,39,2,[1 8],67,76,78,9,67
1,<environment.Job instance at 0x150614eae550>,40,1,[10  2],68,90,91,22,68
1,<environment.Job instance at 0x150640035870>,43,2,[8 2],75,91,93,16,76
1,<environment.Job instance at 0x1506400354b0>,44,1,[ 1 12],76,78,79,2,76
1,<environment.Job instance at 0x15064123f6e0>,58,13,[8 2],97,97,110,0,97
1,<environment.Job instance at 0x15061604e870>,59,18,[5 1],98,98,116,0,98
1,<environment.Job instance at 0x15061229b280>,60,15,[6 1],99,110,125,11,99
1,<environment.Job instance at 0x150640c627d0>,61,3,[6 2],100,116,119,16,100
1,<environment.Job instance at 0x150640158410>,62,1,[6 2],101,119,120,18,101
1,<environment.Job instance at 0x150611c3d550>,63,17,[9 2],103,120,137,17,108
1,<environment.Job instance at 0x150615fdf2d0>,64,1,[7 1],104,137,138,33,109
1,<environment.Job instance at 0x150615fdfd20>,65,12,[2 8],105,125,137,20,109
1,<environment.Job instance at 0x150615fdfaa0>,66,3,[ 1 10],106,109,112,3,109
1,<environment.Job instance at 0x150614e76910>,67,3,[1 5],107,112,115,5,109
1,<environment.Job instance at 0x150614e765f0>,68,3,[2 7],108,112,115,4,109
1,<environment.Job instance at 0x150613ee8140>,69,13,[2 5],109,125,138,16,109
1,<environment.Job instance at 0x150614e760f0>,70,2,[2 8],110,115,117,5,110
1,<environment.Job instance at 0x150614e76e60>,71,2,[5 1],111,137,139,26,111
1,<environment.Job instance at 0x1506680bfa50>,72,1,[6 2],116,138,139,22,116
1,<environment.Job instance at 0x150643636e60>,73,1,[1 9],117,117,118,0,117
1,<environment.Job instance at 0x1506436361e0>,74,3,[7 1],118,139,142,21,118
1,<environment.Job instance at 0x150643636be0>,75,3,[7 2],119,139,142,20,119
1,<environment.Job instance at 0x150614e9c6e0>,57,28,[5 1],96,142,170,46,142
1,<environment.Job instance at 0x1506164d30f0>,51,13,[13  2],87,585,598,498,585
1,<environment.Job instance at 0x150640148640>,4,25,[8 1],9,9,34,0,9
1,<environment.Job instance at 0x1506401482d0>,12,16,[1 9],19,20,36,1,20
1,<environment.Job instance at 0x15061616a370>,13,3,[1 5],20,21,24,1,21
1,<environment.Job instance at 0x15061616a320>,14,12,[2 9],22,36,48,14,22
1,<environment.Job instance at 0x1506436289b0>,15,3,[9 2],23,34,37,11,28
1,<environment.Job instance at 0x150611f104b0>,19,1,[ 1 10],29,48,49,19,29
1,<environment.Job instance at 0x150611f10be0>,20,19,[2 5],30,37,56,7,31
1,<environment.Job instance at 0x150611f17500>,21,17,[2 9],31,49,66,18,37
1,<environment.Job instance at 0x1506119685f0>,25,1,[6 1],36,37,38,1,37
1,<environment.Job instance at 0x150640148780>,10,1,[10  2],17,56,57,39,44
1,<environment.Job instance at 0x150642d1bc30>,26,12,[ 1 10],37,66,78,29,49
1,<environment.Job instance at 0x15061206df50>,34,3,[7 1],46,52,55,6,52
1,<environment.Job instance at 0x15061206d050>,36,2,[1 9],49,78,80,29,52
1,<environment.Job instance at 0x15061206d0f0>,37,2,[7 2],50,57,59,7,52
1,<environment.Job instance at 0x15061206df00>,38,3,[5 2],52,57,60,5,52
1,<environment.Job instance at 0x150616419370>,39,13,[2 8],53,80,93,27,64
1,<environment.Job instance at 0x150616419eb0>,42,1,[10  1],58,64,65,6,64
1,<environment.Job instance at 0x150616419640>,43,1,[5 2],59,65,66,6,64
1,<environment.Job instance at 0x150616419a00>,44,17,[10  1],60,66,83,6,64
1,<environment.Job instance at 0x1506401141e0>,45,25,[9 1],61,83,108,22,79
1,<environment.Job instance at 0x150640114550>,49,15,[5 2],66,93,108,27,79
1,<environment.Job instance at 0x1506128fb8c0>,50,3,[2 7],68,108,111,40,83
1,<environment.Job instance at 0x1506128fbc80>,52,15,[6 1],70,108,123,38,94
1,<environment.Job instance at 0x1506128fbd70>,53,2,[2 9],71,111,113,40,94
1,<environment.Job instance at 0x1506128fb5a0>,54,2,[1 5],72,94,96,22,94
1,<environment.Job instance at 0x150616121aa0>,55,16,[1 8],73,113,129,40,100
1,<environment.Job instance at 0x150640028280>,63,1,[1 7],83,102,103,19,102
1,<environment.Job instance at 0x1506163e6af0>,64,17,[9 1],86,123,140,37,111
1,<environment.Job instance at 0x150611d91460>,68,3,[2 6],91,113,116,22,111
1,<environment.Job instance at 0x150611d91d70>,69,2,[9 1],92,140,142,48,113
1,<environment.Job instance at 0x150611d91b90>,70,13,[6 1],94,129,142,35,113
1,<environment.Job instance at 0x1506400867d0>,71,2,[7 2],95,116,118,21,113
1,<environment.Job instance at 0x150640c9f960>,72,2,[9 2],96,142,144,46,115
1,<environment.Job instance at 0x150640c9e370>,74,2,[ 1 10],98,142,144,44,115
1,<environment.Job instance at 0x1506400dbd70>,31,1,[6 2],43,144,145,101,124
1,<environment.Job instance at 0x150611f1be60>,75,13,[2 6],99,144,157,45,128
1,<environment.Job instance at 0x150614f2a320>,77,1,[8 2],103,145,146,42,128
1,<environment.Job instance at 0x150614f2a280>,78,17,[7 1],104,146,163,42,134
1,<environment.Job instance at 0x150611f18dc0>,81,16,[6 1],107,146,162,39,134
1,<environment.Job instance at 0x15064015fb90>,82,1,[8 2],108,162,163,54,134
1,<environment.Job instance at 0x150611f18e10>,83,1,[5 2],109,142,143,33,134
1,<environment.Job instance at 0x150614eded20>,84,1,[7 1],110,144,145,34,134
1,<environment.Job instance at 0x150614edee60>,85,1,[1 8],111,157,158,46,134
1,<environment.Job instance at 0x150614ede870>,86,2,[6 2],112,163,165,51,136
1,<environment.Job instance at 0x15061643f780>,88,1,[6 2],115,163,164,48,136
1,<environment.Job instance at 0x150640076910>,89,3,[8 2],116,164,167,48,138
1,<environment.Job instance at 0x150640076b90>,90,2,[ 1 10],118,158,160,40,138
1,<environment.Job instance at 0x150640076f00>,91,13,[10  1],119,167,180,48,151
1,<environment.Job instance at 0x1506129ce370>,76,17,[12  1],100,180,197,80,174
1,<environment.Job instance at 0x150614e04cd0>,8,3,[5 2],9,9,12,0,9
1,<environment.Job instance at 0x150614e044b0>,9,2,[8 2],10,10,12,0,10
1,<environment.Job instance at 0x150614e04640>,6,1,[5 1],7,12,13,5,11
1,<environment.Job instance at 0x15061493d2d0>,11,2,[2 5],12,12,14,0,12
1,<environment.Job instance at 0x150611a43500>,10,3,[2 8],11,12,15,1,12
1,<environment.Job instance at 0x150614e04eb0>,7,17,[1 8],8,15,32,7,14
1,<environment.Job instance at 0x1506149d0550>,14,15,[ 2 10],16,32,47,16,18
1,<environment.Job instance at 0x150614af84b0>,15,3,[10  2],17,18,21,1,18
1,<environment.Job instance at 0x150613488190>,16,3,[2 5],19,19,22,0,19
1,<environment.Job instance at 0x1506149b3910>,17,17,[1 7],20,47,64,27,35
1,<environment.Job instance at 0x150611ab6f50>,18,3,[7 2],21,35,38,14,35
1,<environment.Job instance at 0x150614af8cd0>,19,2,[2 9],22,64,66,42,38
1,<environment.Job instance at 0x1506156fc460>,20,2,[2 7],23,47,49,24,38
1,<environment.Job instance at 0x150614af8500>,21,18,[6 1],25,38,56,13,38
1,<environment.Job instance at 0x150614f74230>,22,15,[2 9],26,66,81,40,52
1,<environment.Job instance at 0x150614f74be0>,26,16,[6 2],31,52,68,21,52
1,<environment.Job instance at 0x150612c2e960>,27,1,[6 1],32,56,57,24,56
1,<environment.Job instance at 0x150640c23460>,28,2,[9 1],34,68,70,34,58
1,<environment.Job instance at 0x150612c2e550>,29,19,[1 5],36,68,87,32,59
1,<environment.Job instance at 0x15066813c640>,30,1,[8 1],37,59,60,22,59
1,<environment.Job instance at 0x150616394d70>,31,1,[5 1],39,60,61,21,59
1,<environment.Job instance at 0x150616394370>,32,2,[7 2],40,61,63,21,59
1,<environment.Job instance at 0x150616394410>,33,3,[ 2 14],42,87,90,45,61
1,<environment.Job instance at 0x150616394280>,34,3,[1 8],43,81,84,38,61
1,<environment.Job instance at 0x1506163972d0>,35,1,[ 2 10],44,84,85,40,61
1,<environment.Job instance at 0x1506163971e0>,36,2,[7 2],46,63,65,17,62
1,<environment.Job instance at 0x150616397b40>,37,1,[6 1],47,65,66,18,62
1,<environment.Job instance at 0x150616397780>,38,2,[6 1],49,66,68,17,62
1,<environment.Job instance at 0x150616397280>,39,17,[1 7],50,90,107,40,83
1,<environment.Job instance at 0x150616397c30>,41,2,[7 2],55,85,87,30,83
1,<environment.Job instance at 0x150614a3fb40>,42,1,[1 5],57,85,86,28,84
1,<environment.Job instance at 0x150614a3fe60>,43,14,[5 2],59,90,104,31,85
1,<environment.Job instance at 0x150640034aa0>,44,27,[5 1],60,85,112,25,85
1,<environment.Job instance at 0x150616397a00>,40,15,[10  2],54,107,122,53,97
1,<environment.Job instance at 0x150640034e60>,45,15,[14  1],61,122,137,61,110
1,<environment.Job instance at 0x150611a6cc80>,47,14,[1 6],63,112,126,49,110
1,<environment.Job instance at 0x150611a6cd70>,48,1,[1 8],64,126,127,62,110
1,<environment.Job instance at 0x150640060640>,49,1,[2 9],66,137,138,71,110
1,<environment.Job instance at 0x1506400600a0>,50,2,[10  2],67,137,139,70,110
1,<environment.Job instance at 0x150640060820>,51,1,[6 1],70,139,140,69,111
1,<environment.Job instance at 0x1506400605f0>,52,1,[7 2],72,139,140,67,113
1,<environment.Job instance at 0x150640060730>,53,2,[2 7],73,113,115,40,113
1,<environment.Job instance at 0x150640060dc0>,54,3,[2 5],74,115,118,41,113
1,<environment.Job instance at 0x150611a6ccd0>,46,2,[1 9],62,127,129,65,117
1,<environment.Job instance at 0x1506400608c0>,56,12,[5 2],77,140,152,63,131
1,<environment.Job instance at 0x150640060af0>,57,1,[10  1],78,140,141,62,134
1,<environment.Job instance at 0x1506149d0460>,13,22,[8 1],15,141,163,126,135
1,<environment.Job instance at 0x150640060b90>,55,25,[6 1],75,152,177,77,148
1,<environment.Job instance at 0x1506400607d0>,60,3,[9 2],83,163,166,80,149
1,<environment.Job instance at 0x150640060550>,61,1,[1 9],84,149,150,65,149
1,<environment.Job instance at 0x1506120755f0>,62,1,[8 2],87,166,167,79,149
1,<environment.Job instance at 0x1506400600f0>,58,3,[10  1],81,177,180,96,160
1,<environment.Job instance at 0x150612075eb0>,63,22,[2 5],89,167,189,78,160
1,<environment.Job instance at 0x150612075280>,65,1,[10  1],91,180,181,89,161
1,<environment.Job instance at 0x1506120755a0>,64,1,[9 2],90,184,185,94,184
1,<environment.Job instance at 0x150612075af0>,66,26,[ 2 13],93,189,215,96,186
1,<environment.Job instance at 0x1506120757d0>,68,3,[6 2],96,195,198,99,195
1,<environment.Job instance at 0x150612075820>,70,15,[2 5],99,215,230,116,203
1,<environment.Job instance at 0x150612075b40>,71,14,[7 1],100,210,224,110,210
1,<environment.Job instance at 0x150640060780>,59,2,[ 2 10],82,224,226,142,213
1,<environment.Job instance at 0x150612075870>,72,2,[7 1],101,226,228,125,215
1,<environment.Job instance at 0x150612075fa0>,74,2,[10  2],103,228,230,125,222
1,<environment.Job instance at 0x150612075dc0>,75,14,[9 1],104,230,244,126,222
1,<environment.Job instance at 0x150612075190>,76,3,[9 2],105,244,247,139,223
1,<environment.Job instance at 0x150612075f50>,77,1,[6 2],107,223,224,116,223
1,<environment.Job instance at 0x150616167aa0>,78,2,[ 1 10],108,230,232,122,223
1,<environment.Job instance at 0x150612075550>,79,2,[2 7],109,226,228,117,225
1,<environment.Job instance at 0x150616167140>,80,3,[9 2],111,247,250,136,225
1,<environment.Job instance at 0x150616167af0>,81,3,[10  1],112,250,253,138,227
1,<environment.Job instance at 0x1506129b9820>,82,17,[1 8],118,232,249,114,227
1,<environment.Job instance at 0x150612075230>,69,2,[12  1],97,253,255,156,233
1,<environment.Job instance at 0x150612c2e2d0>,25,1,[ 1 14],30,276,277,246,276
1,<environment.Job instance at 0x150614e04be0>,4,1,[13  1],5,316,317,311,316
1,<environment.Job instance at 0x150612075640>,73,1,[8 1],102,333,334,231,333
1,<environment.Job instance at 0x150614f5b1e0>,3,2,[ 1 11],7,8,10,1,8
1,<environment.Job instance at 0x1506161429b0>,12,3,[ 2 14],17,17,20,0,17
1,<environment.Job instance at 0x150616142500>,10,1,[8 2],15,20,21,5,19
1,<environment.Job instance at 0x1506120b2550>,23,14,[9 2],30,30,44,0,30
1,<environment.Job instance at 0x150611a9c9b0>,17,12,[6 2],23,30,42,7,30
1,<environment.Job instance at 0x1506163d2050>,26,1,[6 1],33,42,43,9,36
1,<environment.Job instance at 0x150614a27e10>,29,2,[8 2],36,44,46,8,36
1,<environment.Job instance at 0x150643c91af0>,31,2,[1 7],38,43,45,5,38
1,<environment.Job instance at 0x150611820e60>,33,16,[2 9],42,45,61,3,42
1,<environment.Job instance at 0x150611820460>,32,26,[1 6],41,46,72,5,43
1,<environment.Job instance at 0x15061182f050>,36,14,[ 1 10],47,72,86,25,57
1,<environment.Job instance at 0x15061182f140>,38,1,[8 2],49,61,62,12,57
1,<environment.Job instance at 0x15061182faa0>,39,2,[7 2],51,62,64,11,57
1,<environment.Job instance at 0x15061182f230>,40,3,[6 1],53,61,64,8,57
1,<environment.Job instance at 0x15061182f370>,41,2,[10  1],54,64,66,10,57
1,<environment.Job instance at 0x150611c34640>,44,3,[1 6],57,62,65,5,57
1,<environment.Job instance at 0x15061182f4b0>,43,3,[5 1],56,66,69,10,57
1,<environment.Job instance at 0x150614a40690>,46,20,[8 1],60,66,86,6,60
1,<environment.Job instance at 0x150614a40050>,47,2,[7 1],61,86,88,25,61
1,<environment.Job instance at 0x150614a409b0>,49,13,[2 5],68,86,99,18,70
1,<environment.Job instance at 0x150614a401e0>,50,2,[1 8],69,70,72,1,70
1,<environment.Job instance at 0x150614a40370>,51,1,[2 6],70,86,87,16,71
1,<environment.Job instance at 0x150642cf2f00>,52,2,[9 2],73,88,90,15,73
1,<environment.Job instance at 0x150642cf2aa0>,53,1,[ 2 10],77,90,91,13,77
1,<environment.Job instance at 0x150642cf2190>,54,3,[11  1],79,91,94,12,79
1,<environment.Job instance at 0x150642cf2a00>,56,3,[1 8],81,87,90,6,81
1,<environment.Job instance at 0x150642cf2910>,57,1,[8 1],83,94,95,11,83
1,<environment.Job instance at 0x150642cf2b90>,58,16,[9 1],84,95,111,11,84
1,<environment.Job instance at 0x150642cf2370>,59,12,[7 2],86,111,123,25,94
1,<environment.Job instance at 0x150642cf2a50>,60,15,[ 2 10],92,99,114,7,94
1,<environment.Job instance at 0x150642cf2460>,61,2,[5 2],93,111,113,18,94
1,<environment.Job instance at 0x150642cf2be0>,62,2,[7 2],94,114,116,20,94
1,<environment.Job instance at 0x150642cf2c80>,63,2,[5 2],96,116,118,20,96
1,<environment.Job instance at 0x150615fe09b0>,64,1,[ 2 10],97,116,117,19,98
1,<environment.Job instance at 0x150615fe0b40>,65,1,[6 2],98,113,114,15,98
1,<environment.Job instance at 0x1506128d79b0>,66,2,[ 1 12],99,118,120,19,99
1,<environment.Job instance at 0x150614a40f00>,45,3,[12  1],59,123,126,64,99
1,<environment.Job instance at 0x150642d10870>,68,2,[5 2],101,120,122,19,101
1,<environment.Job instance at 0x150642d10c80>,69,21,[5 1],102,126,147,24,118
1,<environment.Job instance at 0x150642d10500>,79,2,[2 7],116,120,122,4,118
1,<environment.Job instance at 0x150611b9d050>,80,22,[ 2 10],117,122,144,5,118
1,<environment.Job instance at 0x150611b9d190>,81,2,[10  2],118,144,146,26,118
1,<environment.Job instance at 0x150642cf2f50>,55,13,[ 2 11],80,537,550,457,537
1,<environment.Job instance at 0x150613ed35f0>,0,2,[6 2],1,1,3,0,1
1,<environment.Job instance at 0x15061182cf50>,18,21,[6 1],30,30,51,0,30
1,<environment.Job instance at 0x150640c62b40>,19,3,[ 2 13],32,33,36,1,33
1,<environment.Job instance at 0x150640c60910>,24,1,[1 7],40,40,41,0,40
1,<environment.Job instance at 0x1506122b8780>,26,27,[5 2],42,42,69,0,42
1,<environment.Job instance at 0x1506122b8870>,27,27,[1 9],43,47,74,4,47
1,<environment.Job instance at 0x150613ebeaf0>,33,18,[9 1],53,53,71,0,53
1,<environment.Job instance at 0x150640252a50>,35,13,[8 2],56,71,84,15,56
1,<environment.Job instance at 0x15061209a5a0>,37,1,[2 6],59,74,75,15,59
1,<environment.Job instance at 0x150614ee4370>,39,3,[8 2],63,84,87,21,63
1,<environment.Job instance at 0x1506128f7780>,40,1,[1 7],64,74,75,10,64
1,<environment.Job instance at 0x1506156e6a00>,41,3,[2 8],65,75,78,10,65
1,<environment.Job instance at 0x15061206c870>,42,2,[7 1],66,78,80,12,66
1,<environment.Job instance at 0x15061206c050>,43,28,[1 6],67,80,108,13,79
1,<environment.Job instance at 0x150611aaf4b0>,51,1,[1 9],79,87,88,8,79
1,<environment.Job instance at 0x15061199d5f0>,58,20,[ 2 11],88,108,128,20,99
1,<environment.Job instance at 0x150642d67be0>,61,15,[6 1],93,99,114,6,99
1,<environment.Job instance at 0x1506120b35f0>,62,1,[9 2],94,114,115,20,99
1,<environment.Job instance at 0x15061199d0f0>,64,1,[5 1],96,100,101,4,100
1,<environment.Job instance at 0x150614a4ae60>,67,1,[2 9],101,128,129,27,101
1,<environment.Job instance at 0x1506436672d0>,68,3,[1 9],102,129,132,27,103
1,<environment.Job instance at 0x15061206caa0>,45,21,[9 1],71,115,136,44,113
1,<environment.Job instance at 0x15061200f910>,69,14,[ 1 10],104,132,146,28,117
1,<environment.Job instance at 0x150612040eb0>,77,1,[10  1],113,136,137,23,117
1,<environment.Job instance at 0x150612067be0>,78,17,[5 1],114,137,154,23,125
1,<environment.Job instance at 0x1506121037d0>,81,2,[1 8],117,146,148,29,125
1,<environment.Job instance at 0x150640bac3c0>,82,26,[8 1],118,137,163,19,134
1,<environment.Job instance at 0x150640bacc30>,83,3,[2 5],119,148,151,29,134
1,<environment.Job instance at 0x150613ebeb40>,32,1,[8 2],52,188,189,136,188
1,<environment.Job instance at 0x150640d0c5a0>,0,27,[6 1],1,1,28,0,1
1,<environment.Job instance at 0x150611eb75f0>,2,17,[7 2],3,8,25,5,8
1,<environment.Job instance at 0x150611eb7dc0>,14,1,[6 1],21,25,26,4,22
1,<environment.Job instance at 0x150611915dc0>,15,15,[6 2],22,27,42,5,27
1,<environment.Job instance at 0x150611915f00>,16,3,[2 9],23,27,30,4,27
1,<environment.Job instance at 0x150611816410>,17,17,[1 8],25,30,47,5,27
1,<environment.Job instance at 0x150615ff55f0>,18,2,[11  2],26,42,44,16,27
1,<environment.Job instance at 0x150611c8a190>,19,16,[2 7],27,44,60,17,31
1,<environment.Job instance at 0x150615f5afa0>,20,2,[1 8],29,47,49,18,31
1,<environment.Job instance at 0x150611e429b0>,21,2,[1 5],30,31,33,1,31
1,<environment.Job instance at 0x1506117519b0>,22,1,[1 5],31,33,34,2,31
1,<environment.Job instance at 0x150640c9e5a0>,23,2,[9 1],32,49,51,17,32
1,<environment.Job instance at 0x150640c15460>,24,3,[9 2],33,51,54,18,33
1,<environment.Job instance at 0x150640c157d0>,25,17,[5 2],34,54,71,20,42
1,<environment.Job instance at 0x150640be7b40>,26,2,[2 6],36,49,51,13,42
1,<environment.Job instance at 0x150640be7e60>,27,1,[ 1 10],37,60,61,23,42
1,<environment.Job instance at 0x150640be7d20>,28,1,[2 7],38,61,62,23,42
1,<environment.Job instance at 0x150640be7c80>,29,2,[2 6],39,51,53,12,42
1,<environment.Job instance at 0x150640be7f50>,30,17,[5 2],40,54,71,14,42
1,<environment.Job instance at 0x150640be7af0>,31,2,[5 1],42,62,64,20,42
1,<environment.Job instance at 0x1506163d7cd0>,32,2,[8 2],43,71,73,28,44
1,<environment.Job instance at 0x1506163d75a0>,33,2,[12  1],45,73,75,28,46
1,<environment.Job instance at 0x1506163d72d0>,34,14,[1 9],46,64,78,18,49
1,<environment.Job instance at 0x1506163d7af0>,35,1,[2 8],47,78,79,31,51
1,<environment.Job instance at 0x150611eb7e10>,6,3,[7 2],8,75,78,67,51
1,<environment.Job instance at 0x150614db98c0>,38,15,[2 5],50,78,93,28,64
1,<environment.Job instance at 0x1506163d7780>,36,18,[10  2],48,78,96,30,68
1,<environment.Job instance at 0x150640c0baa0>,41,17,[7 1],54,96,113,42,84
1,<environment.Job instance at 0x150640c0b2d0>,43,3,[1 5],58,84,87,26,84
1,<environment.Job instance at 0x150614db9f50>,44,1,[10  1],59,113,114,54,86
1,<environment.Job instance at 0x15061496d1e0>,45,1,[10  2],60,114,115,54,86
1,<environment.Job instance at 0x150614db9af0>,46,16,[7 1],61,96,112,35,86
1,<environment.Job instance at 0x150614db9050>,47,1,[1 6],62,87,88,25,86
1,<environment.Job instance at 0x1506118171e0>,48,14,[1 8],63,88,102,25,86
1,<environment.Job instance at 0x150612024aa0>,49,2,[5 1],64,112,114,48,86
1,<environment.Job instance at 0x150611f32870>,50,2,[7 2],65,115,117,50,88
1,<environment.Job instance at 0x150640ddb6e0>,51,1,[1 6],66,102,103,36,90
1,<environment.Job instance at 0x15064009fd70>,52,3,[2 6],67,114,117,47,90
1,<environment.Job instance at 0x1506680b2960>,53,3,[1 9],68,103,106,35,90
1,<environment.Job instance at 0x1506117cc500>,54,3,[6 1],69,115,118,46,90
1,<environment.Job instance at 0x1506680c3690>,55,15,[6 1],75,117,132,42,103
1,<environment.Job instance at 0x150616009af0>,56,2,[7 1],76,118,120,42,103
1,<environment.Job instance at 0x150611a688c0>,57,17,[8 1],77,120,137,43,108
1,<environment.Job instance at 0x150611f82be0>,58,1,[ 2 13],78,112,113,34,109
1,<environment.Job instance at 0x150611a68140>,59,2,[2 5],79,117,119,38,109
1,<environment.Job instance at 0x150611c6eeb0>,60,3,[9 1],80,137,140,57,111
1,<environment.Job instance at 0x150616528a50>,40,2,[1 8],53,121,123,68,121
1,<environment.Job instance at 0x150611800fa0>,61,16,[2 5],81,132,148,51,121
1,<environment.Job instance at 0x1506400f4eb0>,63,12,[ 1 10],83,140,152,57,123
1,<environment.Job instance at 0x1506164955a0>,64,2,[1 7],84,123,125,39,123
1,<environment.Job instance at 0x15061604eb40>,66,3,[5 2],88,132,135,44,123
1,<environment.Job instance at 0x1506116c1f00>,67,15,[8 1],89,148,163,59,134
1,<environment.Job instance at 0x1506116c1780>,68,3,[2 7],90,135,138,45,134
1,<environment.Job instance at 0x1506119b4af0>,69,2,[8 2],92,163,165,71,136
1,<environment.Job instance at 0x150612228410>,72,13,[7 2],100,152,165,52,136
1,<environment.Job instance at 0x1506122283c0>,73,1,[7 2],102,165,166,63,137
1,<environment.Job instance at 0x150614b4e500>,74,1,[2 8],103,139,140,36,139
1,<environment.Job instance at 0x150614b4efa0>,75,2,[2 9],104,165,167,61,139
1,<environment.Job instance at 0x1506128f9a50>,76,3,[2 6],105,166,169,61,140
1,<environment.Job instance at 0x1506128f9140>,77,2,[7 1],107,167,169,60,140
1,<environment.Job instance at 0x1506128f94b0>,78,1,[ 1 10],108,169,170,61,141
1,<environment.Job instance at 0x1506128f9c80>,80,3,[1 9],111,170,173,59,156
1,<environment.Job instance at 0x1506128f9820>,79,26,[2 5],109,167,193,58,166
1,<environment.Job instance at 0x1506128f98c0>,82,3,[8 1],114,170,173,56,166
1,<environment.Job instance at 0x1506128f9050>,83,1,[1 8],115,173,174,58,166
1,<environment.Job instance at 0x1506128f92d0>,84,1,[10  2],119,173,174,54,167
1,<environment.Job instance at 0x150611eb7cd0>,11,28,[14  1],18,196,224,178,196
1,<environment.Job instance at 0x150611915730>,13,3,[7 1],20,287,290,267,287
1,<environment.Job instance at 0x150614f367d0>,5,2,[ 2 13],9,11,13,2,11
1,<environment.Job instance at 0x150614f36d20>,7,28,[2 5],13,13,41,0,13
1,<environment.Job instance at 0x150614f36dc0>,15,24,[2 9],22,22,46,0,22
1,<environment.Job instance at 0x150614f36460>,16,3,[2 5],25,41,44,16,31
1,<environment.Job instance at 0x150614f36730>,17,18,[5 2],27,44,62,17,35
1,<environment.Job instance at 0x150614f36410>,18,1,[1 6],28,46,47,18,35
1,<environment.Job instance at 0x150614f36f00>,19,2,[2 6],30,46,48,16,37
1,<environment.Job instance at 0x150614f368c0>,20,2,[6 2],31,44,46,13,37
1,<environment.Job instance at 0x150614f36910>,21,3,[2 7],32,47,50,15,43
1,<environment.Job instance at 0x1506400a5870>,22,1,[10  1],36,43,44,7,43
1,<environment.Job instance at 0x1506400a5c80>,23,3,[10  1],37,50,53,13,43
1,<environment.Job instance at 0x1506400a5b40>,24,2,[6 1],38,48,50,10,43
1,<environment.Job instance at 0x1506400a5f50>,25,3,[1 5],39,53,56,14,43
1,<environment.Job instance at 0x1506400a5d20>,26,2,[10  2],40,56,58,16,43
1,<environment.Job instance at 0x1506400a5a00>,27,1,[9 1],41,53,54,12,44
1,<environment.Job instance at 0x150614a2fe60>,28,1,[1 8],42,54,55,12,44
1,<environment.Job instance at 0x150614a2f500>,29,25,[9 1],43,58,83,15,54
1,<environment.Job instance at 0x150614a2f820>,30,3,[2 7],44,62,65,18,55
1,<environment.Job instance at 0x150614a2f910>,32,2,[7 2],46,83,85,37,58
1,<environment.Job instance at 0x150642d484b0>,33,13,[10  1],48,85,98,37,71
1,<environment.Job instance at 0x150642d485a0>,35,2,[8 1],50,83,85,33,71
1,<environment.Job instance at 0x150642d48960>,36,1,[6 2],51,71,72,20,71
1,<environment.Job instance at 0x150642d48a00>,37,1,[9 1],52,98,99,46,71
1,<environment.Job instance at 0x150642d48eb0>,38,1,[2 5],54,76,77,22,76
1,<environment.Job instance at 0x150642d485f0>,39,3,[10  2],57,99,102,42,81
1,<environment.Job instance at 0x150642d48c80>,41,2,[ 1 14],60,85,87,25,82
1,<environment.Job instance at 0x150642d48500>,42,1,[7 2],61,102,103,41,82
1,<environment.Job instance at 0x150642d487d0>,43,3,[9 1],62,103,106,41,82
1,<environment.Job instance at 0x150614f36190>,13,1,[1 5],20,87,88,67,83
1,<environment.Job instance at 0x150642d48870>,44,15,[6 1],63,102,117,39,88
1,<environment.Job instance at 0x150642d48be0>,47,3,[2 8],67,88,91,21,88
1,<environment.Job instance at 0x150642d48730>,46,2,[1 5],66,97,99,31,97
1,<environment.Job instance at 0x150642d48c30>,49,26,[5 2],69,106,132,37,105
1,<environment.Job instance at 0x150642d48d20>,48,17,[10  1],68,117,134,49,105
1,<environment.Job instance at 0x150642d48fa0>,51,2,[2 6],71,106,108,35,106
1,<environment.Job instance at 0x150614f80be0>,52,3,[1 9],72,108,111,36,106
1,<environment.Job instance at 0x150614f80c30>,53,2,[1 7],74,111,113,37,106
1,<environment.Job instance at 0x150614f80af0>,54,3,[2 9],75,113,116,38,110
1,<environment.Job instance at 0x150614f80820>,55,2,[6 1],76,134,136,58,112
1,<environment.Job instance at 0x150614f802d0>,56,1,[5 1],77,132,133,55,112
1,<environment.Job instance at 0x150642d48820>,50,1,[8 2],70,134,135,64,117
1,<environment.Job instance at 0x150614f80910>,57,16,[2 6],78,135,151,57,122
1,<environment.Job instance at 0x150614f801e0>,60,1,[ 1 10],85,133,134,48,122
1,<environment.Job instance at 0x150614f80320>,61,3,[1 9],86,136,139,50,123
1,<environment.Job instance at 0x15061651b9b0>,62,2,[9 2],88,139,141,51,123
1,<environment.Job instance at 0x15061651b2d0>,63,3,[2 7],89,139,142,50,124
1,<environment.Job instance at 0x15061651b6e0>,64,21,[10  2],92,141,162,49,133
1,<environment.Job instance at 0x15061651bf50>,65,22,[2 9],93,151,173,58,144
1,<environment.Job instance at 0x15061651b4b0>,66,3,[1 7],95,144,147,49,144
1,<environment.Job instance at 0x15061651bcd0>,67,14,[2 5],97,162,176,65,147
1,<environment.Job instance at 0x15061651b5a0>,68,13,[1 5],101,173,186,72,157
1,<environment.Job instance at 0x15061651b730>,72,3,[2 9],106,176,179,70,157
1,<environment.Job instance at 0x150614f29d20>,73,13,[2 9],107,179,192,72,164
1,<environment.Job instance at 0x150614f29cd0>,74,12,[5 2],109,186,198,77,172
1,<environment.Job instance at 0x150614f29690>,75,1,[9 1],110,172,173,62,172
1,<environment.Job instance at 0x150614f290f0>,76,20,[9 1],111,192,212,81,186
1,<environment.Job instance at 0x150614f29aa0>,77,3,[5 1],113,186,189,73,186
1,<environment.Job instance at 0x150614f290a0>,78,2,[13  1],114,212,214,98,186
1,<environment.Job instance at 0x150614f29c30>,79,1,[12  2],115,214,215,99,186
1,<environment.Job instance at 0x150614f29d70>,80,1,[5 1],116,189,190,73,187
1,<environment.Job instance at 0x150614f29b90>,81,3,[8 1],117,215,218,98,194
1,<environment.Job instance at 0x15061651b1e0>,70,1,[ 1 12],104,194,195,90,194
1,<environment.Job instance at 0x150612c2d870>,83,3,[9 2],119,218,221,99,195
1,<environment.Job instance at 0x150614f36d70>,11,16,[ 1 11],17,279,295,262,279
1,<environment.Job instance at 0x15064022a500>,16,20,[7 2],29,29,49,0,29
1,<environment.Job instance at 0x1506129f7a00>,21,1,[8 1],36,36,37,0,36
1,<environment.Job instance at 0x15064022aaf0>,22,3,[1 6],37,37,40,0,37
1,<environment.Job instance at 0x15064022aa00>,23,2,[1 6],38,38,40,0,38
1,<environment.Job instance at 0x1506163ed320>,25,14,[ 2 10],40,40,54,0,40
1,<environment.Job instance at 0x1506163995f0>,26,1,[ 1 13],41,54,55,13,41
1,<environment.Job instance at 0x150643897af0>,27,12,[ 1 14],42,55,67,13,42
1,<environment.Job instance at 0x1506118cabe0>,29,12,[2 9],44,67,79,23,50
1,<environment.Job instance at 0x1506156fac30>,31,2,[5 1],54,60,62,6,60
1,<environment.Job instance at 0x1506156fab40>,32,2,[1 6],55,67,69,12,60
1,<environment.Job instance at 0x1506156facd0>,33,2,[1 8],56,79,81,23,62
1,<environment.Job instance at 0x1506156fa820>,34,1,[6 1],57,62,63,5,62
1,<environment.Job instance at 0x1506156fa410>,35,18,[10  2],59,69,87,10,62
1,<environment.Job instance at 0x1506156faaf0>,36,1,[6 1],60,63,64,3,62
1,<environment.Job instance at 0x1506156fa9b0>,37,1,[2 9],61,81,82,20,62
1,<environment.Job instance at 0x15061498d0a0>,38,1,[1 5],62,79,80,17,62
1,<environment.Job instance at 0x150615025a00>,39,16,[ 2 10],63,82,98,19,69
1,<environment.Job instance at 0x150615025d70>,40,3,[5 1],64,87,90,23,70
1,<environment.Job instance at 0x150615025c30>,41,3,[1 7],65,98,101,33,73
1,<environment.Job instance at 0x150615025370>,42,3,[10  2],67,90,93,23,74
1,<environment.Job instance at 0x150615025730>,43,17,[9 2],69,93,110,24,81
1,<environment.Job instance at 0x150640bac730>,44,2,[9 2],71,110,112,39,83
1,<environment.Job instance at 0x150640bac690>,45,2,[2 7],75,101,103,26,86
1,<environment.Job instance at 0x150640bac870>,46,1,[8 1],76,87,88,11,86
1,<environment.Job instance at 0x150643cff230>,47,15,[7 1],77,112,127,35,98
1,<environment.Job instance at 0x150643cffb40>,48,1,[1 8],78,103,104,25,98
1,<environment.Job instance at 0x150643cffd20>,49,12,[7 2],79,112,124,33,98
1,<environment.Job instance at 0x150643cffcd0>,50,13,[1 9],80,104,117,24,98
1,<environment.Job instance at 0x150643cff500>,51,2,[7 2],81,124,126,43,98
1,<environment.Job instance at 0x150640bdcb40>,52,1,[ 2 10],82,126,127,44,98
1,<environment.Job instance at 0x150640bdc7d0>,53,16,[1 7],83,127,143,44,115
1,<environment.Job instance at 0x150640bdcd20>,54,17,[5 2],85,126,143,41,121
1,<environment.Job instance at 0x150640bdcaa0>,55,3,[10  1],87,143,146,56,122
1,<environment.Job instance at 0x150640bdcf00>,56,1,[9 2],88,127,128,39,122
1,<environment.Job instance at 0x150640bdca50>,57,17,[8 1],89,146,163,57,135
1,<environment.Job instance at 0x1506150c0eb0>,58,2,[1 5],90,135,137,45,135
1,<environment.Job instance at 0x1506150c0c30>,59,13,[1 9],91,143,156,52,135
1,<environment.Job instance at 0x1506150c05a0>,60,2,[10  2],92,163,165,71,136
1,<environment.Job instance at 0x1506150c0c80>,61,15,[9 1],94,165,180,71,151
1,<environment.Job instance at 0x1506150c0050>,62,1,[1 5],95,151,152,56,151
1,<environment.Job instance at 0x1506400f80f0>,63,2,[1 9],96,156,158,60,151
1,<environment.Job instance at 0x150615fe04b0>,64,2,[1 7],99,158,160,59,151
1,<environment.Job instance at 0x150613ecb550>,65,3,[1 8],100,160,163,60,151
1,<environment.Job instance at 0x150613ecbf50>,66,19,[5 2],101,152,171,51,151
1,<environment.Job instance at 0x150613ecb7d0>,67,2,[2 8],102,171,173,69,151
1,<environment.Job instance at 0x1506163f1d20>,68,3,[1 7],103,165,168,62,151
1,<environment.Job instance at 0x1506163f1960>,69,2,[6 1],104,173,175,69,152
1,<environment.Job instance at 0x150640148d20>,70,3,[7 2],105,180,183,75,154
1,<environment.Job instance at 0x1506163f1c30>,71,2,[8 1],106,180,182,74,154
1,<environment.Job instance at 0x150640d4d870>,72,15,[8 2],107,182,197,75,168
1,<environment.Job instance at 0x150640dd4b40>,73,1,[10  1],108,197,198,89,169
1,<environment.Job instance at 0x1506122b3050>,74,2,[8 2],110,198,200,88,171
1,<environment.Job instance at 0x150611714eb0>,75,1,[1 6],111,171,172,60,171
1,<environment.Job instance at 0x1506122b3af0>,76,3,[6 1],112,175,178,63,171
1,<environment.Job instance at 0x150640d18e60>,77,16,[1 5],113,183,199,70,171
1,<environment.Job instance at 0x1506120575a0>,78,3,[2 5],114,183,186,69,171
1,<environment.Job instance at 0x150611986370>,79,3,[2 8],116,186,189,70,171
1,<environment.Job instance at 0x1506119866e0>,80,17,[12  1],117,200,217,83,188
1,<environment.Job instance at 0x1506119860f0>,81,3,[1 8],118,189,192,71,188
1,<environment.Job instance at 0x1506118ca0a0>,28,1,[5 2],43,217,218,174,203
1,<environment.Job instance at 0x1506156faeb0>,30,1,[11  1],53,476,477,423,476
1,<environment.Job instance at 0x1506116cb410>,5,2,[1 7],6,6,8,0,6
1,<environment.Job instance at 0x150614ee28c0>,22,2,[2 9],30,30,32,0,30
1,<environment.Job instance at 0x150611bef5a0>,24,2,[8 1],32,32,34,0,32
1,<environment.Job instance at 0x15061208a140>,25,16,[7 2],34,35,51,1,35
1,<environment.Job instance at 0x150614dc59b0>,30,16,[5 1],41,43,59,2,43
1,<environment.Job instance at 0x150614dc5c80>,31,3,[2 5],43,43,46,0,43
1,<environment.Job instance at 0x150614fdb280>,32,13,[1 5],44,45,58,1,45
1,<environment.Job instance at 0x150614fdbe10>,33,15,[5 1],46,51,66,5,48
1,<environment.Job instance at 0x150614fdbd70>,34,23,[2 5],47,49,72,2,49
1,<environment.Job instance at 0x150614fdb690>,35,1,[6 1],48,59,60,11,51
1,<environment.Job instance at 0x150614fdb730>,36,18,[8 2],49,60,78,11,51
1,<environment.Job instance at 0x150614fdbb90>,37,16,[2 9],50,72,88,22,59
1,<environment.Job instance at 0x150614fdb780>,38,3,[2 6],51,66,69,15,60
1,<environment.Job instance at 0x150611a112d0>,39,3,[2 6],52,69,72,17,61
1,<environment.Job instance at 0x150614a833c0>,40,1,[5 2],53,72,73,19,61
1,<environment.Job instance at 0x150614a83b90>,41,3,[7 1],54,78,81,24,61
1,<environment.Job instance at 0x150614a834b0>,42,2,[2 6],55,81,83,26,61
1,<environment.Job instance at 0x150614a83a00>,43,3,[2 7],57,88,91,31,63
1,<environment.Job instance at 0x150614a83780>,44,18,[1 6],58,83,101,25,73
1,<environment.Job instance at 0x150614a83a50>,45,3,[1 5],60,78,81,18,74
1,<environment.Job instance at 0x150614a83eb0>,46,2,[2 8],61,91,93,30,74
1,<environment.Job instance at 0x150614da9640>,47,17,[11  2],62,93,110,31,81
1,<environment.Job instance at 0x150614da9410>,48,15,[1 5],63,93,108,30,81
1,<environment.Job instance at 0x150614da9a00>,49,3,[2 5],65,101,104,36,81
1,<environment.Job instance at 0x150614da9370>,50,2,[6 2],66,88,90,22,81
1,<environment.Job instance at 0x150614da9960>,51,16,[2 8],68,104,120,36,91
1,<environment.Job instance at 0x150614da9aa0>,52,2,[9 1],69,91,93,22,91
1,<environment.Job instance at 0x150614da96e0>,53,18,[2 5],70,108,126,38,98
1,<environment.Job instance at 0x150614da93c0>,54,3,[10  2],71,110,113,39,99
1,<environment.Job instance at 0x150614edec30>,55,1,[6 1],74,113,114,39,99
1,<environment.Job instance at 0x150614edee60>,56,3,[10  1],75,114,117,39,100
1,<environment.Job instance at 0x150614edeeb0>,57,3,[6 2],76,117,120,41,100
1,<environment.Job instance at 0x150614ede0a0>,58,18,[ 1 14],77,126,144,49,115
1,<environment.Job instance at 0x150614eeda50>,60,3,[10  1],79,120,123,41,115
1,<environment.Job instance at 0x150614eed0a0>,61,1,[6 1],80,123,124,43,115
1,<environment.Job instance at 0x150614eed3c0>,62,18,[1 9],81,144,162,63,134
1,<environment.Job instance at 0x150615066780>,63,1,[2 7],82,162,163,80,138
1,<environment.Job instance at 0x150640118a00>,64,3,[7 1],83,143,146,60,143
1,<environment.Job instance at 0x150614f1aeb0>,65,1,[8 2],84,146,147,62,144
1,<environment.Job instance at 0x1506118be460>,20,3,[10  1],28,164,167,136,164
1,<environment.Job instance at 0x150614f1a730>,66,28,[ 2 10],86,166,194,80,166
1,<environment.Job instance at 0x150614f48370>,68,2,[8 2],88,174,176,86,174
1,<environment.Job instance at 0x150614f48f50>,69,13,[6 1],89,176,189,87,174
1,<environment.Job instance at 0x1506150979b0>,70,3,[10  1],91,189,192,98,174
1,<environment.Job instance at 0x15064359d050>,71,14,[6 1],93,192,206,99,177
1,<environment.Job instance at 0x150611f20b40>,72,2,[10  1],94,206,208,112,179
1,<environment.Job instance at 0x15061494c0f0>,73,1,[ 1 10],97,194,195,97,179
1,<environment.Job instance at 0x150611f205f0>,75,1,[8 1],99,194,195,95,179
1,<environment.Job instance at 0x1506128d3aa0>,76,14,[1 6],101,195,209,94,182
1,<environment.Job instance at 0x1506160b6be0>,79,3,[10  2],108,208,211,100,182
1,<environment.Job instance at 0x150642d68b90>,80,17,[5 2],110,209,226,99,197
1,<environment.Job instance at 0x150642d68500>,81,3,[8 2],111,197,200,86,197
1,<environment.Job instance at 0x150642d68f00>,82,2,[2 5],114,200,202,86,198
1,<environment.Job instance at 0x150614ed80f0>,83,19,[ 2 14],115,226,245,111,221
1,<environment.Job instance at 0x15061498d370>,85,3,[9 1],117,221,224,104,221
1,<environment.Job instance at 0x15061498d050>,86,2,[9 1],119,224,226,105,221
1,<environment.Job instance at 0x150614dc5960>,28,12,[ 2 11],38,450,462,412,450
1,<environment.Job instance at 0x1506163e6640>,23,3,[ 2 10],32,32,35,0,32
1,<environment.Job instance at 0x1506163e6780>,24,2,[2 8],33,35,37,2,35
1,<environment.Job instance at 0x1506163e69b0>,25,2,[8 1],34,36,38,2,36
1,<environment.Job instance at 0x150611da7cd0>,26,3,[2 8],37,37,40,0,37
1,<environment.Job instance at 0x150611da7140>,27,3,[9 1],38,38,41,0,38
1,<environment.Job instance at 0x150614b6ce10>,21,3,[ 1 10],29,40,43,11,40
1,<environment.Job instance at 0x150611da7500>,28,3,[2 9],40,43,46,3,40
1,<environment.Job instance at 0x150611da72d0>,30,2,[ 1 10],42,46,48,4,46
1,<environment.Job instance at 0x150611da7aa0>,31,3,[ 1 10],44,49,52,5,49
1,<environment.Job instance at 0x150611da7910>,32,1,[9 2],45,53,54,8,53
1,<environment.Job instance at 0x150611da7be0>,33,1,[7 2],46,56,57,10,56
1,<environment.Job instance at 0x150611da7640>,34,2,[5 2],47,71,73,24,71
1,<environment.Job instance at 0x1506402549b0>,36,2,[1 7],51,82,84,31,82
1,<environment.Job instance at 0x15064022a5f0>,37,2,[2 6],52,82,84,30,82
1,<environment.Job instance at 0x15064022aaa0>,38,3,[6 1],54,99,102,45,99
1,<environment.Job instance at 0x150611da70a0>,29,2,[10  2],41,108,110,67,108
1,<environment.Job instance at 0x15061200ec30>,39,16,[ 2 10],55,109,125,54,109
1,<environment.Job instance at 0x150611a6b730>,41,3,[6 1],58,110,113,52,109
1,<environment.Job instance at 0x1506164f2c80>,42,1,[10  1],59,113,114,54,109
1,<environment.Job instance at 0x150612276730>,43,15,[7 1],60,114,129,54,109
1,<environment.Job instance at 0x150614f7ae10>,44,3,[ 2 10],61,125,128,64,109
1,<environment.Job instance at 0x15061643b5a0>,45,17,[2 9],63,128,145,65,116
1,<environment.Job instance at 0x15061646d0a0>,46,1,[9 2],64,129,130,65,116
1,<environment.Job instance at 0x15061646d690>,47,3,[2 9],65,145,148,80,120
1,<environment.Job instance at 0x15061646d050>,48,3,[2 5],66,130,133,64,120
1,<environment.Job instance at 0x1506160cdc80>,49,3,[1 7],67,148,151,81,122
1,<environment.Job instance at 0x15061200e3c0>,40,2,[5 1],57,122,124,65,122
1,<environment.Job instance at 0x15061643a370>,50,2,[2 6],68,133,135,65,122
1,<environment.Job instance at 0x15061643a4b0>,51,2,[5 2],69,135,137,66,135
1,<environment.Job instance at 0x15061643ac80>,52,12,[ 1 10],70,151,163,81,135
1,<environment.Job instance at 0x150611ab19b0>,54,12,[5 1],72,136,148,64,136
1,<environment.Job instance at 0x150611ab1320>,55,1,[10  1],73,148,149,75,136
1,<environment.Job instance at 0x1506121194b0>,56,3,[1 7],75,148,151,73,136
1,<environment.Job instance at 0x1506122b3a50>,57,1,[10  2],77,151,152,74,136
1,<environment.Job instance at 0x1506122b3aa0>,58,1,[6 1],79,137,138,58,136
1,<environment.Job instance at 0x1506122b34b0>,59,13,[1 6],80,163,176,83,148
1,<environment.Job instance at 0x150611914c30>,61,17,[6 1],82,152,169,70,148
1,<environment.Job instance at 0x150616458e10>,62,1,[8 1],83,149,150,66,148
1,<environment.Job instance at 0x150616458410>,63,3,[1 6],84,163,166,79,148
1,<environment.Job instance at 0x150616458640>,64,2,[1 9],87,169,171,82,148
1,<environment.Job instance at 0x1506164584b0>,65,17,[2 7],88,171,188,83,159
1,<environment.Job instance at 0x150616458dc0>,66,12,[5 1],89,171,183,82,159
1,<environment.Job instance at 0x150616458190>,67,16,[1 7],91,176,192,85,163
1,<environment.Job instance at 0x150616458cd0>,68,3,[2 6],92,166,169,74,163
1,<environment.Job instance at 0x1506119b69b0>,69,17,[6 1],95,183,200,88,171
1,<environment.Job instance at 0x1506119b6f50>,70,3,[2 8],96,192,195,96,171
1,<environment.Job instance at 0x1506164581e0>,71,2,[9 1],98,195,197,97,171
1,<environment.Job instance at 0x150611914320>,60,2,[1 8],81,197,199,116,180
1,<environment.Job instance at 0x150640c769b0>,72,12,[5 2],99,197,209,98,180
1,<environment.Job instance at 0x150640c76b90>,74,1,[1 5],101,188,189,87,180
1,<environment.Job instance at 0x15061226bfa0>,75,26,[2 7],102,199,225,97,196
1,<environment.Job instance at 0x150640c76cd0>,76,3,[2 8],103,209,212,106,196
1,<environment.Job instance at 0x150640c76230>,77,3,[2 9],104,225,228,121,199
1,<environment.Job instance at 0x150640c76b40>,78,15,[8 1],106,212,227,106,201
1,<environment.Job instance at 0x15061643db90>,79,1,[2 7],107,212,213,105,201
1,<environment.Job instance at 0x15061643ddc0>,80,1,[7 2],108,201,202,93,201
1,<environment.Job instance at 0x150640c76be0>,73,1,[1 9],100,228,229,128,216
1,<environment.Job instance at 0x15061643d190>,81,25,[1 7],109,229,254,120,226
1,<environment.Job instance at 0x150612252f00>,83,2,[2 5],111,231,233,120,231
1,<environment.Job instance at 0x150612252a00>,84,15,[7 2],112,232,247,120,232
1,<environment.Job instance at 0x150612252500>,85,1,[7 2],115,233,234,118,233
1,<environment.Job instance at 0x150612252d70>,86,1,[1 8],116,247,248,131,233
1,<environment.Job instance at 0x150612252050>,87,2,[1 7],117,248,250,131,234
1,<environment.Job instance at 0x1506122520a0>,88,22,[ 1 10],118,254,276,136,248
1,<environment.Job instance at 0x1506122524b0>,89,2,[1 6],119,250,252,131,250
1,<environment.Job instance at 0x15061643d050>,82,1,[ 2 10],110,276,277,166,276
1,<environment.Job instance at 0x150614b6c960>,18,13,[ 2 11],25,523,536,498,523
1,<environment.Job instance at 0x15061200ed20>,35,3,[14  2],48,1151,1154,1103,1151
1,<environment.Job instance at 0x150611bd1370>,5,13,[2 5],7,7,20,0,7
1,<environment.Job instance at 0x150611bd1280>,6,2,[6 1],9,9,11,0,9
1,<environment.Job instance at 0x150611bd1f00>,7,16,[6 1],10,11,27,1,11
1,<environment.Job instance at 0x150611bd1a50>,8,1,[ 1 10],12,20,21,8,12
1,<environment.Job instance at 0x150611bd1550>,9,3,[9 1],14,21,24,7,14
1,<environment.Job instance at 0x1506403450a0>,10,1,[8 2],16,20,21,4,16
1,<environment.Job instance at 0x150640345fa0>,11,3,[1 5],17,17,20,0,17
1,<environment.Job instance at 0x1506403452d0>,12,1,[10  1],19,27,28,8,20
1,<environment.Job instance at 0x1506403451e0>,13,3,[8 1],20,24,27,4,20
1,<environment.Job instance at 0x150640345460>,14,2,[8 1],21,28,30,7,21
1,<environment.Job instance at 0x150640345b90>,15,1,[5 2],22,27,28,5,22
1,<environment.Job instance at 0x150640345c80>,16,3,[1 7],23,24,27,1,23
1,<environment.Job instance at 0x150640345f00>,17,2,[5 1],24,28,30,4,24
1,<environment.Job instance at 0x150640345e60>,18,17,[1 5],26,28,45,2,26
1,<environment.Job instance at 0x1506117d0eb0>,19,2,[5 2],27,30,32,3,27
1,<environment.Job instance at 0x1506117d0550>,20,1,[1 5],28,28,29,0,28
1,<environment.Job instance at 0x1506117d0820>,21,1,[8 2],29,30,31,1,29
1,<environment.Job instance at 0x1506117d0d20>,22,2,[7 1],30,31,33,1,30
1,<environment.Job instance at 0x1506117d0a00>,23,1,[10  1],31,33,34,2,31
1,<environment.Job instance at 0x1506117d5cd0>,24,2,[ 1 10],32,34,36,2,32
1,<environment.Job instance at 0x1506117d5870>,25,2,[1 8],33,36,38,3,33
1,<environment.Job instance at 0x1506117d5dc0>,26,3,[2 5],34,38,41,4,36
1,<environment.Job instance at 0x1506117d50f0>,28,2,[7 1],36,36,38,0,36
1,<environment.Job instance at 0x1506163b6550>,29,15,[2 7],37,41,56,4,37
1,<environment.Job instance at 0x1506163b6870>,30,1,[2 5],38,38,39,0,38
1,<environment.Job instance at 0x1506163b6d20>,31,3,[ 1 11],41,56,59,15,41
1,<environment.Job instance at 0x1506163b6370>,33,2,[2 5],43,45,47,2,43
1,<environment.Job instance at 0x1506163b6a00>,34,3,[1 5],46,51,54,5,51
1,<environment.Job instance at 0x1506163b6eb0>,36,2,[8 2],48,52,54,4,52
1,<environment.Job instance at 0x1506163b6b90>,37,14,[9 2],49,54,68,5,53
1,<environment.Job instance at 0x1506163b6320>,38,2,[5 2],50,56,58,6,53
1,<environment.Job instance at 0x1506163b6690>,39,3,[1 5],51,59,62,8,53
1,<environment.Job instance at 0x1506163b6730>,40,1,[1 5],53,54,55,1,53
1,<environment.Job instance at 0x150611dfdb90>,42,14,[2 8],55,59,73,4,55
1,<environment.Job instance at 0x150611dfd640>,43,15,[8 2],56,68,83,12,57
1,<environment.Job instance at 0x150611dfdd20>,44,3,[1 7],58,73,76,15,58
1,<environment.Job instance at 0x150611dfddc0>,45,3,[7 1],59,76,79,17,59
1,<environment.Job instance at 0x150611dfdbe0>,46,2,[2 7],60,79,81,19,60
1,<environment.Job instance at 0x150611dfd870>,47,14,[ 2 10],61,81,95,20,66
1,<environment.Job instance at 0x150611dfda50>,48,1,[1 9],62,95,96,33,68
1,<environment.Job instance at 0x150611dfd320>,49,18,[5 2],63,79,97,16,68
1,<environment.Job instance at 0x150611dfdfa0>,50,2,[1 8],65,96,98,31,69
1,<environment.Job instance at 0x150611dfd910>,51,16,[1 6],66,97,113,31,85
1,<environment.Job instance at 0x150614ea8aa0>,52,3,[2 6],68,98,101,30,86
1,<environment.Job instance at 0x150611e2aeb0>,53,14,[10  1],69,97,111,28,86
1,<environment.Job instance at 0x150611e2adc0>,55,3,[5 1],71,87,90,16,87
1,<environment.Job instance at 0x1506119807d0>,56,2,[8 1],73,90,92,17,87
1,<environment.Job instance at 0x150611e74a00>,57,3,[9 1],74,111,114,37,87
1,<environment.Job instance at 0x150611f32820>,58,3,[8 2],75,92,95,17,87
1,<environment.Job instance at 0x1506150598c0>,59,12,[7 2],77,114,126,37,98
1,<environment.Job instance at 0x150615f97140>,60,2,[2 7],79,101,103,22,98
1,<environment.Job instance at 0x150611c1f320>,61,17,[6 2],81,113,130,32,101
1,<environment.Job instance at 0x150640151be0>,62,13,[ 2 10],82,114,127,32,101
1,<environment.Job instance at 0x150614f68460>,63,2,[1 9],83,127,129,44,101
1,<environment.Job instance at 0x150642d45a00>,64,23,[1 5],84,129,152,45,123
1,<environment.Job instance at 0x150642d3e640>,65,1,[8 1],85,127,128,42,125
1,<environment.Job instance at 0x150611914230>,66,18,[10  1],86,130,148,44,125
1,<environment.Job instance at 0x1506129922d0>,67,1,[8 2],87,128,129,41,125
1,<environment.Job instance at 0x150643657dc0>,68,2,[7 1],88,148,150,60,125
1,<environment.Job instance at 0x150612088b90>,69,1,[5 1],89,126,127,37,125
1,<environment.Job instance at 0x1506118ecfa0>,70,2,[2 8],90,129,131,39,126
1,<environment.Job instance at 0x150611dd5b40>,71,3,[7 1],91,148,151,57,126
1,<environment.Job instance at 0x15061614b320>,72,3,[8 2],92,151,154,59,126
1,<environment.Job instance at 0x150611dd5820>,73,2,[10  1],94,154,156,60,127
1,<environment.Job instance at 0x1506400c53c0>,74,22,[5 1],96,150,172,54,143
1,<environment.Job instance at 0x150612c39870>,75,14,[9 2],99,156,170,57,143
1,<environment.Job instance at 0x150612c395f0>,76,16,[8 2],101,170,186,69,157
1,<environment.Job instance at 0x1506128f9eb0>,77,3,[1 5],102,157,160,55,157
1,<environment.Job instance at 0x1506128f99b0>,78,2,[5 2],103,172,174,69,157
1,<environment.Job instance at 0x15061200ed20>,4,17,[7 2],6,174,191,168,170
1,<environment.Job instance at 0x150640d78b40>,79,13,[8 1],105,186,199,81,170
1,<environment.Job instance at 0x150640dd8820>,81,2,[2 8],107,170,172,63,170
1,<environment.Job instance at 0x150614ec1cd0>,82,12,[9 1],108,199,211,91,182
1,<environment.Job instance at 0x150640dd8aa0>,83,3,[9 2],110,211,214,101,185
1,<environment.Job instance at 0x150614ec15a0>,84,1,[ 2 10],111,191,192,80,185
1,<environment.Job instance at 0x150614ec1be0>,85,2,[6 2],112,192,194,80,185
1,<environment.Job instance at 0x150640dfb910>,86,1,[1 5],114,192,193,78,185
1,<environment.Job instance at 0x150640dfb820>,87,2,[5 2],115,194,196,79,185
1,<environment.Job instance at 0x150640dfb320>,88,2,[8 1],116,214,216,98,187
1,<environment.Job instance at 0x150640dfbe10>,89,2,[8 1],117,216,218,99,189
1,<environment.Job instance at 0x150640dfb410>,90,17,[ 2 10],118,194,211,76,189
1,<environment.Job instance at 0x150640dfb3c0>,91,3,[10  2],119,218,221,99,193
1,<environment.Job instance at 0x1506163ed280>,0,1,[14  1],1,227,228,226,227
1,<environment.Job instance at 0x150611e2af00>,54,3,[ 1 14],70,239,242,169,239
1,<environment.Job instance at 0x150614ec1b90>,80,1,[7 2],106,242,243,136,241
1,<environment.Job instance at 0x15061190fa00>,5,13,[8 1],6,92,105,86,92
1,<environment.Job instance at 0x15061190faa0>,7,2,[ 1 10],8,92,94,84,92
1,<environment.Job instance at 0x15061190fb40>,9,3,[5 2],10,92,95,82,92
1,<environment.Job instance at 0x15061190f550>,10,17,[6 2],14,95,112,81,93
1,<environment.Job instance at 0x15061190f690>,11,3,[5 2],15,105,108,90,94
1,<environment.Job instance at 0x15061190f3c0>,12,15,[10  2],16,112,127,96,98
1,<environment.Job instance at 0x15061190f780>,13,2,[8 2],17,108,110,91,98
1,<environment.Job instance at 0x15061190f140>,14,2,[11  1],18,127,129,109,100
1,<environment.Job instance at 0x15061190f4b0>,15,1,[8 2],19,110,111,91,100
1,<environment.Job instance at 0x150611dfd8c0>,1,18,[ 2 11],2,111,129,109,105
1,<environment.Job instance at 0x15061190f410>,19,14,[2 5],26,129,143,103,123
1,<environment.Job instance at 0x15061190f820>,17,28,[ 2 10],21,129,157,108,128
1,<environment.Job instance at 0x150616462410>,21,1,[5 1],28,143,144,115,128
1,<environment.Job instance at 0x150616462190>,32,3,[7 1],44,143,146,99,138
1,<environment.Job instance at 0x150616462fa0>,22,14,[1 7],29,157,171,128,142
1,<environment.Job instance at 0x1506164627d0>,35,2,[1 8],48,157,159,109,142
1,<environment.Job instance at 0x150616462f50>,36,16,[ 1 12],49,171,187,122,163
1,<environment.Job instance at 0x1506164629b0>,38,3,[2 8],51,163,166,112,163
1,<environment.Job instance at 0x150616462230>,39,12,[7 2],52,170,182,118,170
1,<environment.Job instance at 0x150616462cd0>,40,1,[2 5],54,170,171,116,170
1,<environment.Job instance at 0x150616462870>,41,17,[ 1 10],56,187,204,131,175
1,<environment.Job instance at 0x1506164584b0>,43,3,[2 6],60,204,207,144,178
1,<environment.Job instance at 0x150616458d20>,44,3,[2 5],61,187,190,126,178
1,<environment.Job instance at 0x150616458640>,45,16,[7 2],62,190,206,128,178
1,<environment.Job instance at 0x1506164586e0>,46,12,[9 1],63,206,218,143,189
1,<environment.Job instance at 0x150616458140>,47,3,[7 2],65,190,193,125,189
1,<environment.Job instance at 0x150616458aa0>,48,3,[1 6],67,204,207,137,189
1,<environment.Job instance at 0x150616458c30>,49,2,[1 6],69,207,209,138,189
1,<environment.Job instance at 0x150616458c80>,50,2,[8 1],73,218,220,145,191
1,<environment.Job instance at 0x150616458230>,51,3,[9 2],74,220,223,146,194
1,<environment.Job instance at 0x150616458500>,52,1,[2 8],76,207,208,131,194
1,<environment.Job instance at 0x150616458460>,53,2,[10  1],77,223,225,146,196
1,<environment.Job instance at 0x1506164583c0>,54,13,[1 8],78,208,221,130,196
1,<environment.Job instance at 0x150616458690>,55,3,[5 1],80,196,199,116,196
1,<environment.Job instance at 0x150616458a50>,56,26,[5 2],82,209,235,127,206
1,<environment.Job instance at 0x1506164580f0>,57,2,[7 2],84,225,227,141,206
1,<environment.Job instance at 0x150616458280>,58,12,[2 8],85,225,237,140,208
1,<environment.Job instance at 0x150616458b40>,59,14,[10  2],86,235,249,149,220
1,<environment.Job instance at 0x150616458fa0>,60,3,[2 6],87,237,240,150,220
1,<environment.Job instance at 0x150616458eb0>,61,12,[6 1],90,249,261,159,232
1,<environment.Job instance at 0x1506164580a0>,62,18,[1 6],91,237,255,146,232
1,<environment.Job instance at 0x1506164585f0>,63,14,[9 2],93,255,269,162,240
1,<environment.Job instance at 0x15064022aa00>,65,1,[5 2],97,249,250,152,240
1,<environment.Job instance at 0x15064022af50>,66,1,[9 1],98,269,270,171,241
1,<environment.Job instance at 0x150616462b40>,34,2,[ 1 11],47,261,263,214,255
1,<environment.Job instance at 0x15064022a690>,67,23,[9 1],100,270,293,170,264
1,<environment.Job instance at 0x15064022a4b0>,69,18,[1 7],102,264,282,162,264
1,<environment.Job instance at 0x15064022adc0>,70,16,[9 2],103,293,309,190,280
1,<environment.Job instance at 0x15064022a230>,71,2,[1 5],104,280,282,176,280
1,<environment.Job instance at 0x15064022a460>,72,1,[2 5],105,282,283,177,280
1,<environment.Job instance at 0x15064022ad20>,73,12,[5 1],108,283,295,175,280
1,<environment.Job instance at 0x15064022a0f0>,74,1,[10  1],110,309,310,199,281
1,<environment.Job instance at 0x15064022a0a0>,75,1,[7 1],111,310,311,199,282
1,<environment.Job instance at 0x15064022a140>,76,2,[10  1],112,311,313,199,284
1,<environment.Job instance at 0x15064022a7d0>,77,1,[6 2],113,295,296,182,284
1,<environment.Job instance at 0x15064022ac30>,78,3,[6 2],114,296,299,182,284
1,<environment.Job instance at 0x15064022aaa0>,79,3,[2 5],118,299,302,181,284
1,<environment.Job instance at 0x150612119140>,80,2,[5 1],119,302,304,183,284
1,<environment.Job instance at 0x15061190f500>,4,2,[ 1 13],5,728,730,723,728
1,<environment.Job instance at 0x150612047dc0>,13,13,[6 1],18,21,34,3,21
1,<environment.Job instance at 0x1506120474b0>,14,2,[1 9],19,44,46,25,44
1,<environment.Job instance at 0x150614f41af0>,11,1,[14  2],16,44,45,28,44
1,<environment.Job instance at 0x150612047640>,15,3,[6 2],20,57,60,37,57
1,<environment.Job instance at 0x150612047eb0>,17,2,[1 8],23,57,59,34,57
1,<environment.Job instance at 0x150612047c80>,18,17,[9 1],24,59,76,35,57
1,<environment.Job instance at 0x150612047c30>,19,2,[2 8],27,60,62,33,57
1,<environment.Job instance at 0x150612047190>,20,14,[2 8],28,62,76,34,57
1,<environment.Job instance at 0x150612047e10>,21,1,[10  2],29,76,77,47,59
1,<environment.Job instance at 0x1506120470a0>,22,17,[7 2],31,77,94,46,68
1,<environment.Job instance at 0x150612047fa0>,23,13,[8 1],34,77,90,43,68
1,<environment.Job instance at 0x150612047d20>,24,2,[10  1],35,94,96,59,68
1,<environment.Job instance at 0x150612047370>,25,18,[8 1],37,96,114,59,85
1,<environment.Job instance at 0x1506120477d0>,26,1,[6 2],38,90,91,52,85
1,<environment.Job instance at 0x150612047460>,27,1,[6 1],39,91,92,52,85
1,<environment.Job instance at 0x150612047780>,28,1,[8 1],40,92,93,52,85
1,<environment.Job instance at 0x150612047410>,29,1,[5 1],43,93,94,50,85
1,<environment.Job instance at 0x150612047820>,30,2,[1 9],44,90,92,46,85
1,<environment.Job instance at 0x150611beb280>,31,3,[ 2 10],46,93,96,47,85
1,<environment.Job instance at 0x150611beb370>,32,2,[7 1],48,96,98,48,85
1,<environment.Job instance at 0x150611bebb90>,33,2,[ 1 10],51,98,100,47,85
1,<environment.Job instance at 0x150611beb320>,34,1,[ 2 10],52,100,101,48,85
1,<environment.Job instance at 0x150611beb1e0>,35,3,[1 9],54,101,104,47,85
1,<environment.Job instance at 0x150611beb140>,36,17,[ 1 10],55,104,121,49,92
1,<environment.Job instance at 0x150611beb230>,37,13,[ 1 10],57,121,134,64,105
1,<environment.Job instance at 0x150611bebfa0>,38,2,[ 1 10],60,134,136,74,109
1,<environment.Job instance at 0x150611beb910>,39,13,[7 2],61,114,127,53,109
1,<environment.Job instance at 0x150611beb5a0>,40,1,[1 6],62,136,137,74,109
1,<environment.Job instance at 0x150611bebc80>,41,1,[1 8],63,136,137,73,109
1,<environment.Job instance at 0x150611beb9b0>,42,1,[8 2],65,127,128,62,109
1,<environment.Job instance at 0x150611beb500>,43,2,[10  2],66,128,130,62,111
1,<environment.Job instance at 0x150611bebcd0>,44,2,[14  1],67,130,132,63,111
1,<environment.Job instance at 0x150611beb960>,45,14,[6 2],70,111,125,41,111
1,<environment.Job instance at 0x150640114730>,46,1,[5 2],71,125,126,54,111
1,<environment.Job instance at 0x150640114aa0>,47,18,[10  2],72,137,155,65,126
1,<environment.Job instance at 0x150640114a50>,48,3,[1 5],73,132,135,59,126
1,<environment.Job instance at 0x150640114af0>,49,14,[1 7],74,137,151,63,126
1,<environment.Job instance at 0x1506401143c0>,50,2,[1 8],76,151,153,75,128
1,<environment.Job instance at 0x150640114dc0>,51,12,[5 2],77,153,165,76,136
1,<environment.Job instance at 0x150640114820>,52,1,[2 9],78,155,156,77,138
1,<environment.Job instance at 0x150640114b40>,53,1,[10  2],79,156,157,77,139
1,<environment.Job instance at 0x1506401141e0>,54,2,[5 2],82,157,159,75,142
1,<environment.Job instance at 0x150640114640>,55,2,[10  1],83,159,161,76,142
1,<environment.Job instance at 0x1506401145f0>,56,17,[7 1],85,161,178,76,149
1,<environment.Job instance at 0x150611f44410>,57,1,[7 2],86,155,156,69,149
1,<environment.Job instance at 0x1506128f6af0>,58,15,[7 1],87,165,180,78,151
1,<environment.Job instance at 0x1506128f68c0>,59,13,[5 2],93,178,191,85,162
1,<environment.Job instance at 0x1506128f6d70>,60,3,[1 9],94,163,166,69,163
1,<environment.Job instance at 0x150614db30f0>,61,1,[1 7],97,166,167,69,163
1,<environment.Job instance at 0x150614db33c0>,62,14,[7 1],99,180,194,81,165
1,<environment.Job instance at 0x150614db3dc0>,63,3,[6 2],100,191,194,91,165
1,<environment.Job instance at 0x150614db3d70>,64,17,[6 2],105,194,211,89,184
1,<environment.Job instance at 0x150614db3c80>,65,2,[8 1],106,194,196,88,185
1,<environment.Job instance at 0x150614db3e10>,66,3,[8 2],108,196,199,88,186
1,<environment.Job instance at 0x150614db3d20>,67,14,[10  2],109,211,225,102,196
1,<environment.Job instance at 0x150614db32d0>,68,2,[2 6],110,199,201,89,196
1,<environment.Job instance at 0x150612228d70>,69,17,[1 9],111,201,218,90,196
1,<environment.Job instance at 0x150614db3910>,70,3,[1 6],112,197,200,85,197
1,<environment.Job instance at 0x150611f76690>,71,1,[8 1],113,201,202,88,197
1,<environment.Job instance at 0x15061226bdc0>,72,1,[6 1],114,199,200,85,199
1,<environment.Job instance at 0x1506150977d0>,73,1,[1 9],118,218,219,100,199
1,<environment.Job instance at 0x1506120018c0>,9,2,[14  2],14,348,350,334,348
1,<environment.Job instance at 0x150614f41a00>,12,2,[6 2],17,415,417,398,415
1,<environment.Job instance at 0x150614f41a00>,5,13,[7 2],11,13,26,2,13
1,<environment.Job instance at 0x150611b6d1e0>,21,3,[2 5],34,37,40,3,37
1,<environment.Job instance at 0x150611ee18c0>,22,1,[6 1],35,37,38,2,37
1,<environment.Job instance at 0x150611ee1050>,23,1,[5 2],37,37,38,0,37
1,<environment.Job instance at 0x150611ee1280>,24,1,[6 1],38,40,41,2,40
1,<environment.Job instance at 0x150611ee1320>,25,3,[2 5],44,47,50,3,47
1,<environment.Job instance at 0x150611ee1a00>,26,2,[2 5],46,55,57,9,55
1,<environment.Job instance at 0x150611ee1eb0>,27,1,[2 9],47,85,86,38,85
1,<environment.Job instance at 0x150611ee1d70>,29,15,[1 5],50,85,100,35,85
1,<environment.Job instance at 0x150611ee10a0>,30,2,[2 9],51,87,89,36,87
1,<environment.Job instance at 0x150611ee1e60>,31,2,[6 2],52,91,93,39,91
1,<environment.Job instance at 0x150611ee1f50>,32,3,[2 6],53,93,96,40,93
1,<environment.Job instance at 0x150611ee1c30>,33,2,[1 6],54,96,98,42,94
1,<environment.Job instance at 0x150611b6da50>,16,2,[8 1],28,98,100,70,98
1,<environment.Job instance at 0x150611ee1910>,34,1,[2 5],55,108,109,53,108
1,<environment.Job instance at 0x1506402c49b0>,36,2,[10  1],57,109,111,52,109
1,<environment.Job instance at 0x1506402c45a0>,37,2,[7 1],58,116,118,58,116
1,<environment.Job instance at 0x150611ee1be0>,35,1,[2 8],56,118,119,62,118
1,<environment.Job instance at 0x1506402c4280>,38,2,[7 2],59,118,120,59,118
1,<environment.Job instance at 0x1506400b8550>,40,2,[9 1],61,120,122,59,118
1,<environment.Job instance at 0x1506400b8c80>,41,3,[9 1],63,122,125,59,118
1,<environment.Job instance at 0x1506400b85a0>,42,14,[8 2],65,125,139,60,121
1,<environment.Job instance at 0x1506400b8640>,43,3,[2 9],66,121,124,55,121
1,<environment.Job instance at 0x1506400b89b0>,44,2,[1 9],68,124,126,56,121
1,<environment.Job instance at 0x1506400b8050>,45,3,[ 2 12],70,126,129,56,121
1,<environment.Job instance at 0x1506400b8910>,46,3,[9 1],71,139,142,68,121
1,<environment.Job instance at 0x1506400b8d20>,47,3,[1 8],73,129,132,56,121
1,<environment.Job instance at 0x1506400b8a50>,48,2,[5 1],77,124,126,47,121
1,<environment.Job instance at 0x1506400b8eb0>,49,1,[2 5],78,121,122,43,121
1,<environment.Job instance at 0x1506400b8fa0>,50,2,[1 8],79,132,134,53,121
1,<environment.Job instance at 0x1506400b81e0>,51,17,[1 6],80,134,151,54,122
1,<environment.Job instance at 0x1506400b8500>,52,17,[10  2],81,142,159,61,130
1,<environment.Job instance at 0x1506400b8e60>,53,12,[1 7],82,134,146,52,130
1,<environment.Job instance at 0x1506400b8aa0>,54,2,[11  1],84,159,161,75,132
1,<environment.Job instance at 0x1506400b86e0>,55,3,[9 1],87,161,164,74,135
1,<environment.Job instance at 0x1506400b83c0>,39,1,[9 2],60,164,165,104,148
1,<environment.Job instance at 0x150611c5e320>,57,2,[7 1],89,165,167,76,151
1,<environment.Job instance at 0x1506400b8730>,56,27,[9 2],88,169,196,81,169
1,<environment.Job instance at 0x150611c5e460>,59,1,[6 1],91,169,170,78,169
1,<environment.Job instance at 0x150611c5e690>,60,1,[1 5],92,170,171,78,169
1,<environment.Job instance at 0x150616140d70>,61,2,[1 7],93,170,172,77,169
1,<environment.Job instance at 0x1506161403c0>,62,3,[1 7],94,172,175,78,169
1,<environment.Job instance at 0x15061645a870>,63,1,[1 8],95,175,176,80,170
1,<environment.Job instance at 0x150614f36d20>,64,2,[2 5],96,171,173,75,170
1,<environment.Job instance at 0x150643c9b690>,65,3,[1 9],97,176,179,79,170
1,<environment.Job instance at 0x150611f285f0>,66,3,[8 1],98,196,199,98,170
1,<environment.Job instance at 0x150611f28780>,67,1,[2 9],99,179,180,80,170
1,<environment.Job instance at 0x150611ea9e10>,68,3,[1 9],102,180,183,78,170
1,<environment.Job instance at 0x150615fa0780>,69,1,[9 1],103,199,200,96,171
1,<environment.Job instance at 0x150615fa0460>,70,3,[1 7],104,183,186,79,171
1,<environment.Job instance at 0x150615fa06e0>,71,2,[1 8],105,186,188,81,171
1,<environment.Job instance at 0x150616129280>,72,16,[10  1],106,200,216,94,187
1,<environment.Job instance at 0x1506401bb6e0>,74,3,[9 2],109,216,219,107,190
1,<environment.Job instance at 0x150640079690>,75,14,[ 1 12],110,190,204,80,190
1,<environment.Job instance at 0x150640c6dc80>,76,2,[ 1 10],111,204,206,93,190
1,<environment.Job instance at 0x150611c515a0>,77,1,[9 1],112,219,220,107,191
1,<environment.Job instance at 0x150611c51fa0>,78,2,[1 5],113,206,208,93,191
1,<environment.Job instance at 0x150611c51910>,79,1,[6 2],114,196,197,82,191
1,<environment.Job instance at 0x150612c1a2d0>,80,3,[7 2],116,220,223,104,194
1,<environment.Job instance at 0x1506128fbeb0>,81,13,[1 6],117,206,219,89,194
1,<environment.Job instance at 0x150611ea5280>,82,19,[5 1],118,216,235,98,206
1,<environment.Job instance at 0x150611c5e780>,58,3,[1 6],90,282,285,192,282
1,<environment.Job instance at 0x150611b6d320>,14,13,[ 1 13],26,930,943,904,930
1,<environment.Job instance at 0x150613ee8320>,10,15,[7 2],16,17,32,1,17
1,<environment.Job instance at 0x1506164d23c0>,19,14,[2 7],33,33,47,0,33
1,<environment.Job instance at 0x1506116ebaf0>,23,3,[2 9],37,47,50,10,37
1,<environment.Job instance at 0x150612248910>,24,14,[ 1 10],38,50,64,12,38
1,<environment.Job instance at 0x150613ef6dc0>,15,1,[8 2],25,45,46,20,45
1,<environment.Job instance at 0x1506117d0be0>,26,27,[7 1],41,47,74,6,47
1,<environment.Job instance at 0x150611e93c30>,25,18,[2 8],39,64,82,25,53
1,<environment.Job instance at 0x150611e93640>,28,2,[6 2],43,53,55,10,53
1,<environment.Job instance at 0x1506117f5730>,29,16,[6 2],45,55,71,10,53
1,<environment.Job instance at 0x150614eb6230>,31,2,[9 1],48,74,76,26,53
1,<environment.Job instance at 0x150614eb6dc0>,32,2,[8 1],50,76,78,26,53
1,<environment.Job instance at 0x150614eb6b40>,33,1,[ 1 10],53,82,83,29,54
1,<environment.Job instance at 0x150614eb64b0>,34,1,[8 1],54,78,79,24,55
1,<environment.Job instance at 0x150612266fa0>,35,1,[8 1],55,79,80,24,55
1,<environment.Job instance at 0x150640ce2730>,39,1,[2 7],63,80,81,17,67
1,<environment.Job instance at 0x1506122668c0>,37,14,[1 9],58,83,97,25,68
1,<environment.Job instance at 0x1506116fb370>,41,16,[2 6],65,83,99,18,71
1,<environment.Job instance at 0x15064023bb40>,54,3,[1 8],90,97,100,7,90
1,<environment.Job instance at 0x15064023bf00>,55,1,[10  2],91,99,100,8,91
1,<environment.Job instance at 0x150611da8870>,63,2,[2 6],105,112,114,7,112
1,<environment.Job instance at 0x150611da8820>,65,1,[2 9],109,112,113,3,112
1,<environment.Job instance at 0x150611da8a50>,66,1,[2 6],110,113,114,3,113
1,<environment.Job instance at 0x150612c40870>,69,13,[1 9],114,115,128,1,115
1,<environment.Job instance at 0x150613ef6af0>,16,2,[ 2 10],26,128,130,102,115
1,<environment.Job instance at 0x150611da8eb0>,62,13,[8 1],104,136,149,32,136
1,<environment.Job instance at 0x150612c40500>,72,2,[13  1],118,347,349,229,347
1,<environment.Job instance at 0x1505f01608c0>,23,2,[8 1],31,32,34,1,32
1,<environment.Job instance at 0x1505f0160aa0>,26,1,[2 7],35,35,36,0,35
1,<environment.Job instance at 0x1505f0160a50>,25,2,[2 8],34,37,39,3,37
1,<environment.Job instance at 0x1505f01609b0>,28,2,[2 7],37,37,39,0,37
1,<environment.Job instance at 0x1505f0160d20>,27,2,[2 7],36,39,41,3,38
1,<environment.Job instance at 0x1505f0160eb0>,31,3,[9 2],41,41,44,0,41
1,<environment.Job instance at 0x1505f0162320>,32,3,[2 9],42,42,45,0,42
1,<environment.Job instance at 0x1505f0162140>,33,1,[2 7],43,45,46,2,43
1,<environment.Job instance at 0x1505f0160140>,20,2,[ 1 13],27,46,48,19,44
1,<environment.Job instance at 0x1505f01625f0>,39,3,[1 5],52,52,55,0,52
1,<environment.Job instance at 0x1505f0162870>,38,1,[8 1],51,53,54,2,53
1,<environment.Job instance at 0x1505f0162820>,37,2,[ 1 10],50,54,56,4,53
1,<environment.Job instance at 0x1505f0162af0>,40,3,[1 6],53,56,59,3,53
1,<environment.Job instance at 0x1505f0162fa0>,43,3,[7 2],57,57,60,0,57
1,<environment.Job instance at 0x1505f0162dc0>,44,3,[1 8],58,59,62,1,59
1,<environment.Job instance at 0x1505f0162e60>,42,1,[10  1],56,60,61,4,59
1,<environment.Job instance at 0x1505f0162b90>,41,25,[12  2],54,67,92,13,67
1,<environment.Job instance at 0x1505f01633c0>,46,2,[2 8],61,67,69,6,67
1,<environment.Job instance at 0x1505f01635f0>,48,1,[2 9],65,69,70,4,67
1,<environment.Job instance at 0x1505f01634b0>,49,16,[8 2],66,92,108,26,79
1,<environment.Job instance at 0x1505f0163af0>,53,3,[6 1],73,92,95,19,79
1,<environment.Job instance at 0x1505f0163c80>,54,2,[2 5],75,79,81,4,79
1,<environment.Job instance at 0x1505f0163190>,55,16,[2 5],76,95,111,19,82
1,<environment.Job instance at 0x1505f0163f00>,56,1,[10  2],79,108,109,29,82
1,<environment.Job instance at 0x1505f0163e10>,57,22,[1 5],80,82,104,2,82
1,<environment.Job instance at 0x1505f0163f50>,58,15,[2 9],82,109,124,27,95
1,<environment.Job instance at 0x1505f0167500>,59,1,[1 9],85,124,125,39,96
1,<environment.Job instance at 0x1505f0167460>,60,17,[8 1],86,109,126,23,97
1,<environment.Job instance at 0x1505f01674b0>,61,3,[1 5],87,104,107,17,97
1,<environment.Job instance at 0x1505f0167320>,62,3,[9 2],88,126,129,38,100
1,<environment.Job instance at 0x1505f0167640>,63,3,[10  1],89,129,132,40,103
1,<environment.Job instance at 0x1505f0167820>,65,3,[2 9],92,125,128,33,103
1,<environment.Job instance at 0x1505f0167690>,66,3,[1 9],93,128,131,35,103
1,<environment.Job instance at 0x1505f0167870>,67,1,[13  1],94,132,133,38,104
1,<environment.Job instance at 0x1505f0163370>,45,3,[2 8],60,131,134,71,105
1,<environment.Job instance at 0x1505f0167960>,68,3,[1 9],95,134,137,39,108
1,<environment.Job instance at 0x1505f0167a50>,70,2,[ 2 10],97,137,139,40,110
1,<environment.Job instance at 0x1505f0155140>,71,3,[2 9],99,139,142,40,113
1,<environment.Job instance at 0x1505f0151a50>,73,2,[6 2],103,133,135,30,113
1,<environment.Job instance at 0x1505f0151e10>,74,3,[6 2],106,133,136,27,113
1,<environment.Job instance at 0x1505f0151be0>,75,1,[1 6],107,131,132,24,113
1,<environment.Job instance at 0x1505f088a140>,83,1,[10  1],117,136,137,19,117
1,<environment.Job instance at 0x1505f0b219b0>,84,2,[ 1 10],118,142,144,24,118
1,<environment.Job instance at 0x1505f088a960>,85,1,[7 2],120,135,136,15,120
1,<environment.Job instance at 0x1505f08da730>,86,2,[1 8],121,144,146,23,121
1,<environment.Job instance at 0x1505f08d94b0>,87,2,[2 6],122,139,141,17,122
1,<environment.Job instance at 0x1505f08015a0>,89,2,[1 9],126,146,148,20,126
1,<environment.Job instance at 0x1505f0801f50>,90,1,[2 7],127,144,145,17,127
1,<environment.Job instance at 0x1505f0801cd0>,91,1,[2 5],128,129,130,1,128
1,<environment.Job instance at 0x1505f0801910>,92,15,[7 1],129,145,160,16,131
1,<environment.Job instance at 0x1506471208c0>,72,13,[7 2],102,166,179,64,166
1,<environment.Job instance at 0x1505f0162500>,34,15,[11  1],44,199,214,155,199
1,<environment.Job instance at 0x150610c17a00>,10,1,[ 2 14],13,13,14,0,13
1,<environment.Job instance at 0x150610c170f0>,13,18,[1 8],16,21,39,5,21
1,<environment.Job instance at 0x150610c17c30>,15,3,[11  2],21,21,24,0,21
1,<environment.Job instance at 0x150610c13640>,22,1,[1 6],29,33,34,4,33
1,<environment.Job instance at 0x150610c11e10>,26,1,[1 8],36,49,50,13,49
1,<environment.Job instance at 0x150610c11eb0>,27,15,[1 6],37,52,67,15,52
1,<environment.Job instance at 0x150610c11f00>,29,2,[1 8],39,52,54,13,52
1,<environment.Job instance at 0x150610c11cd0>,30,3,[1 7],41,56,59,15,56
1,<environment.Job instance at 0x150610c11b40>,31,13,[ 1 14],42,67,80,25,56
1,<environment.Job instance at 0x150610c11550>,32,27,[1 8],43,80,107,37,78
1,<environment.Job instance at 0x150610c11d20>,33,3,[1 9],44,107,110,63,82
1,<environment.Job instance at 0x150610c11d70>,34,2,[7 2],45,86,88,41,86
1,<environment.Job instance at 0x150610c11140>,35,12,[6 1],46,86,98,40,86
1,<environment.Job instance at 0x150610c11fa0>,36,28,[2 8],49,112,140,63,112
1,<environment.Job instance at 0x150610c11a00>,37,3,[5 1],53,112,115,59,112
1,<environment.Job instance at 0x150610c11aa0>,38,15,[1 7],55,115,130,60,114
1,<environment.Job instance at 0x150610c11a50>,39,3,[ 2 10],56,140,143,84,116
1,<environment.Job instance at 0x150610bf49b0>,40,2,[1 9],58,143,145,85,116
1,<environment.Job instance at 0x150610bf4500>,41,2,[ 2 10],61,145,147,84,120
1,<environment.Job instance at 0x150610bf48c0>,42,3,[5 2],62,130,133,68,126
1,<environment.Job instance at 0x150610bf4820>,43,15,[2 7],63,147,162,84,133
1,<environment.Job instance at 0x150610bf4410>,44,2,[ 2 10],64,162,164,98,136
1,<environment.Job instance at 0x150610bf4c30>,45,2,[2 9],65,164,166,99,137
1,<environment.Job instance at 0x150610bf4dc0>,46,17,[ 2 10],66,166,183,100,154
1,<environment.Job instance at 0x150610bf4cd0>,48,2,[9 1],69,155,157,86,155
1,<environment.Job instance at 0x150610bf4730>,49,3,[5 2],70,157,160,87,156
1,<environment.Job instance at 0x150610bf4b40>,50,2,[ 1 10],71,183,185,112,157
1,<environment.Job instance at 0x150610bf42d0>,51,13,[ 2 10],72,185,198,113,169
1,<environment.Job instance at 0x150610bf4f50>,52,1,[1 7],73,198,199,125,171
1,<environment.Job instance at 0x150610bf4050>,54,15,[1 7],75,198,213,123,184
1,<environment.Job instance at 0x150610bf4b90>,55,3,[ 2 10],77,213,216,136,188
1,<environment.Job instance at 0x150610c0a910>,56,14,[10  1],79,196,210,117,196
1,<environment.Job instance at 0x150610c0a8c0>,57,12,[7 1],80,210,222,130,196
1,<environment.Job instance at 0x150610c0a0a0>,58,2,[8 2],81,216,218,135,196
1,<environment.Job instance at 0x150610c0aa00>,59,3,[8 1],82,218,221,136,196
1,<environment.Job instance at 0x150647117e10>,60,2,[2 5],83,199,201,116,197
1,<environment.Job instance at 0x150610c26a50>,61,3,[6 1],84,210,213,126,197
1,<environment.Job instance at 0x150610c26370>,62,2,[10  1],85,222,224,137,199
1,<environment.Job instance at 0x150610c261e0>,63,3,[ 2 10],87,221,224,134,199
1,<environment.Job instance at 0x150610c26410>,64,18,[8 1],88,224,242,136,213
1,<environment.Job instance at 0x150610196960>,65,16,[1 6],89,224,240,135,214
1,<environment.Job instance at 0x1506101965a0>,66,17,[1 6],91,224,241,133,214
1,<environment.Job instance at 0x150610196aa0>,67,17,[7 1],92,241,258,149,229
1,<environment.Job instance at 0x1506101968c0>,68,1,[2 6],93,240,241,147,229
1,<environment.Job instance at 0x150610196410>,69,16,[9 1],96,258,274,162,245
1,<environment.Job instance at 0x150610196910>,70,15,[9 2],100,274,289,174,260
1,<environment.Job instance at 0x150610196e60>,71,1,[9 1],101,289,290,188,261
1,<environment.Job instance at 0x150610196eb0>,72,12,[1 5],102,261,273,159,261
1,<environment.Job instance at 0x1506101962d0>,73,2,[6 2],103,273,275,170,262
1,<environment.Job instance at 0x1506101784b0>,74,1,[9 1],105,290,291,185,262
1,<environment.Job instance at 0x150610196be0>,75,2,[8 1],106,291,293,185,264
1,<environment.Job instance at 0x1506101c3c80>,76,1,[ 1 10],107,275,276,168,264
1,<environment.Job instance at 0x1506101a6b40>,77,2,[1 5],109,264,266,155,264
1,<environment.Job instance at 0x1505f080e5a0>,78,3,[1 5],110,266,269,156,264
1,<environment.Job instance at 0x1505f2a43be0>,79,2,[10  2],111,293,295,182,266
1,<environment.Job instance at 0x1505f2929370>,80,3,[2 8],115,269,272,154,267
1,<environment.Job instance at 0x1505f01aea00>,81,1,[2 6],116,272,273,156,268
1,<environment.Job instance at 0x1505f298da00>,82,2,[1 6],117,276,278,159,268
1,<environment.Job instance at 0x150610196f00>,83,18,[7 2],119,295,313,176,284
1,<environment.Job instance at 0x150612264730>,84,1,[2 8],122,284,285,162,284
1,<environment.Job instance at 0x15061017f0f0>,85,18,[10  1],126,313,331,187,302
1,<environment.Job instance at 0x1505f3efe690>,87,2,[2 5],128,302,304,174,302
1,<environment.Job instance at 0x1505f8329780>,88,14,[2 8],129,302,316,173,302
1,<environment.Job instance at 0x150610bf40a0>,53,1,[2 9],74,316,317,242,308
1,<environment.Job instance at 0x150610c13780>,25,3,[12  1],34,833,836,799,833
1,<environment.Job instance at 0x150610c17140>,14,2,[ 1 10],20,888,890,868,888
1,<environment.Job instance at 0x150610c17140>,3,2,[ 2 12],6,6,8,0,6
1,<environment.Job instance at 0x1505f01a2550>,4,14,[6 1],7,7,21,0,7
1,<environment.Job instance at 0x1505f01a2870>,11,3,[ 2 10],15,16,19,1,16
1,<environment.Job instance at 0x1505f01a20f0>,12,3,[ 1 13],16,19,22,3,16
1,<environment.Job instance at 0x1505f01a2140>,13,3,[1 5],19,22,25,3,19
1,<environment.Job instance at 0x1505f01a2640>,9,1,[1 5],13,22,23,9,19
1,<environment.Job instance at 0x1505f01a2c30>,14,21,[ 2 13],20,25,46,5,23
1,<environment.Job instance at 0x1505f01a28c0>,15,1,[2 8],21,46,47,25,25
1,<environment.Job instance at 0x1505f01a5f00>,17,18,[5 2],23,26,44,3,26
1,<environment.Job instance at 0x1505f01a50f0>,18,2,[8 2],25,44,46,19,26
1,<environment.Job instance at 0x1505f01a51e0>,19,3,[1 7],26,46,49,20,26
1,<environment.Job instance at 0x1505f01a5f50>,20,18,[8 1],27,47,65,20,37
1,<environment.Job instance at 0x1505f01a5230>,21,1,[5 2],28,47,48,19,37
1,<environment.Job instance at 0x1505f01a5eb0>,22,1,[1 8],29,49,50,20,37
1,<environment.Job instance at 0x1505f01a5cd0>,23,3,[1 7],30,50,53,20,37
1,<environment.Job instance at 0x1505f01a52d0>,24,2,[5 2],32,48,50,16,37
1,<environment.Job instance at 0x1505f01a5b40>,25,2,[1 7],34,50,52,16,37
1,<environment.Job instance at 0x1505f01a56e0>,26,2,[5 2],35,52,54,17,37
1,<environment.Job instance at 0x1505f01a58c0>,27,1,[1 6],37,53,54,16,37
1,<environment.Job instance at 0x1505f01a5a00>,28,12,[7 1],38,54,66,16,38
1,<environment.Job instance at 0x1505f2895500>,29,2,[10  1],39,66,68,27,39
1,<environment.Job instance at 0x1505f2895370>,30,3,[2 7],40,65,68,25,40
1,<environment.Job instance at 0x1505f2895140>,31,17,[7 1],42,68,85,26,57
1,<environment.Job instance at 0x1505f2895410>,33,3,[1 8],45,68,71,23,57
1,<environment.Job instance at 0x1505f2895820>,34,12,[7 2],47,68,80,21,57
1,<environment.Job instance at 0x1505f28957d0>,35,2,[7 2],49,80,82,31,57
1,<environment.Job instance at 0x1505f2895280>,36,3,[ 2 10],51,82,85,31,57
1,<environment.Job instance at 0x1505f2895dc0>,37,14,[8 2],52,85,99,33,70
1,<environment.Job instance at 0x1505f0156eb0>,39,1,[ 2 10],55,85,86,30,70
1,<environment.Job instance at 0x1505f01a25f0>,16,1,[7 1],22,86,87,64,70
1,<environment.Job instance at 0x1505f0156370>,41,2,[ 1 10],57,73,75,16,73
1,<environment.Job instance at 0x1505f01567d0>,40,14,[8 1],56,99,113,43,84
1,<environment.Job instance at 0x1505f0156c30>,43,21,[7 2],60,87,108,27,84
1,<environment.Job instance at 0x1505f0156fa0>,44,13,[5 2],61,108,121,47,92
1,<environment.Job instance at 0x1505f01564b0>,45,3,[1 9],62,108,111,46,92
1,<environment.Job instance at 0x1505f01565a0>,46,1,[6 1],63,113,114,50,92
1,<environment.Job instance at 0x1505f0156140>,47,3,[5 1],64,114,117,50,92
1,<environment.Job instance at 0x1505f0156320>,48,3,[1 7],69,111,114,42,92
1,<environment.Job instance at 0x1505f2852af0>,49,12,[7 1],71,117,129,46,100
1,<environment.Job instance at 0x150647119280>,50,20,[8 2],72,121,141,49,112
1,<environment.Job instance at 0x1505f28989b0>,51,2,[10  1],73,141,143,68,114
1,<environment.Job instance at 0x1505f2898190>,52,3,[1 9],74,114,117,40,114
1,<environment.Job instance at 0x1505f2898af0>,53,3,[1 8],78,117,120,39,114
1,<environment.Job instance at 0x1505f8336690>,54,2,[2 7],81,129,131,48,114
1,<environment.Job instance at 0x1505f28981e0>,55,2,[9 2],82,143,145,61,116
1,<environment.Job instance at 0x1505efbbf0f0>,56,3,[5 2],83,129,132,46,116
1,<environment.Job instance at 0x1505f0156d70>,42,3,[7 2],58,132,135,74,117
1,<environment.Job instance at 0x1506120c02d0>,58,1,[ 2 10],85,131,132,46,123
1,<environment.Job instance at 0x1505efb94eb0>,57,16,[7 2],84,145,161,61,132
1,<environment.Job instance at 0x1505f088afa0>,60,1,[1 8],88,135,136,47,132
1,<environment.Job instance at 0x15061011f500>,61,13,[1 7],90,136,149,46,133
1,<environment.Job instance at 0x1505f286a190>,62,12,[2 9],93,149,161,56,133
1,<environment.Job instance at 0x150610c0a7d0>,63,3,[5 2],94,135,138,41,133
1,<environment.Job instance at 0x1505f2898960>,64,2,[ 2 10],95,161,163,66,134
1,<environment.Job instance at 0x1505f083c370>,59,18,[5 2],87,147,165,60,147
1,<environment.Job instance at 0x150610c0a6e0>,65,15,[8 2],96,161,176,65,147
1,<environment.Job instance at 0x1505f0801500>,67,2,[ 2 12],100,165,167,65,147
1,<environment.Job instance at 0x1505efb860f0>,68,1,[6 2],101,167,168,66,147
1,<environment.Job instance at 0x1505efb86e60>,69,3,[2 7],103,168,171,65,147
1,<environment.Job instance at 0x1505f0160af0>,70,15,[ 1 11],107,171,186,64,158
1,<environment.Job instance at 0x1505efbfe370>,71,2,[8 1],108,176,178,68,158
1,<environment.Job instance at 0x1505f0801d20>,72,2,[1 9],111,163,165,52,158
1,<environment.Job instance at 0x1505efbfe320>,73,2,[1 6],112,167,169,55,158
1,<environment.Job instance at 0x1505f2e6e550>,74,1,[1 9],113,186,187,73,158
1,<environment.Job instance at 0x1505f2e6e0a0>,75,3,[1 8],114,187,190,73,161
1,<environment.Job instance at 0x1505f0800fa0>,76,1,[9 2],115,178,179,63,161
1,<environment.Job instance at 0x1505efc03190>,66,17,[10  1],98,180,197,82,180
1,<environment.Job instance at 0x1505efb48780>,77,18,[ 1 10],116,190,208,74,180
1,<environment.Job instance at 0x1505f01b2140>,79,3,[ 2 10],120,208,211,88,182
1,<environment.Job instance at 0x1505f01b2320>,80,1,[7 2],121,197,198,76,183
1,<environment.Job instance at 0x1505f01b27d0>,81,3,[9 1],122,198,201,76,183
1,<environment.Job instance at 0x1506440410f0>,83,1,[6 2],125,197,198,72,183
1,<environment.Job instance at 0x1505efba2960>,84,3,[2 7],126,211,214,85,185
1,<environment.Job instance at 0x1505efba2140>,85,14,[7 2],127,201,215,74,186
1,<environment.Job instance at 0x1505efba21e0>,86,2,[ 1 10],129,214,216,85,188
1,<environment.Job instance at 0x1505f28959b0>,38,2,[2 5],54,218,220,164,218
1,<environment.Job instance at 0x1505f01a2a00>,7,13,[ 1 11],11,234,247,223,234
1,<environment.Job instance at 0x1505f01a2370>,10,16,[1 7],14,278,294,264,278
1,<environment.Job instance at 0x1505f2f66050>,20,26,[9 1],34,34,60,0,34
1,<environment.Job instance at 0x1505f2f661e0>,28,27,[1 7],45,48,75,3,48
1,<environment.Job instance at 0x150612b12f50>,34,2,[8 1],56,61,63,5,61
1,<environment.Job instance at 0x150612269870>,42,3,[1 6],67,71,74,4,71
1,<environment.Job instance at 0x150612269dc0>,43,2,[8 2],68,71,73,3,71
1,<environment.Job instance at 0x150612269b90>,45,3,[10  1],71,73,76,2,73
1,<environment.Job instance at 0x1505f2d57b40>,48,3,[1 9],74,75,78,1,75
1,<environment.Job instance at 0x1505f2d57d20>,49,2,[1 8],76,87,89,11,87
1,<environment.Job instance at 0x1505f2d575f0>,51,15,[10  1],79,87,102,8,87
1,<environment.Job instance at 0x1505f2d57aa0>,52,1,[2 8],80,89,90,9,87
1,<environment.Job instance at 0x1505f2d57910>,53,1,[8 2],81,102,103,21,87
1,<environment.Job instance at 0x1505f2d57a00>,54,14,[14  1],82,103,117,21,88
1,<environment.Job instance at 0x15061019c500>,55,2,[6 1],84,117,119,33,90
1,<environment.Job instance at 0x15061019c370>,56,3,[10  1],86,119,122,33,93
1,<environment.Job instance at 0x15061019cd70>,57,3,[10  2],87,122,125,35,96
1,<environment.Job instance at 0x15061019c550>,59,2,[1 7],91,96,98,5,96
1,<environment.Job instance at 0x1505f2ca0d70>,60,1,[1 5],92,96,97,4,96
1,<environment.Job instance at 0x150612b12320>,32,1,[2 6],53,97,98,44,96
1,<environment.Job instance at 0x150613d5b7d0>,63,16,[1 5],95,114,130,19,114
1,<environment.Job instance at 0x1505f2cd2eb0>,61,18,[8 2],93,125,143,32,114
1,<environment.Job instance at 0x15061a04f460>,66,15,[7 2],98,130,145,32,116
1,<environment.Job instance at 0x15061a04f820>,67,16,[2 8],99,143,159,44,130
1,<environment.Job instance at 0x15061996c1e0>,72,3,[5 2],106,143,146,37,130
1,<environment.Job instance at 0x15061996c690>,73,1,[6 2],108,145,146,37,130
1,<environment.Job instance at 0x15061999e3c0>,74,2,[2 8],109,159,161,50,132
1,<environment.Job instance at 0x1506101087d0>,75,1,[6 2],111,146,147,35,132
1,<environment.Job instance at 0x15061999e6e0>,78,2,[10  1],114,147,149,33,132
1,<environment.Job instance at 0x1505efacabe0>,79,2,[2 7],116,149,151,33,132
1,<environment.Job instance at 0x150612188780>,80,1,[5 2],117,146,147,29,132
1,<environment.Job instance at 0x1505efc2f500>,81,1,[2 5],118,147,148,29,132
1,<environment.Job instance at 0x1506100ed870>,82,2,[ 1 10],120,161,163,41,134
1,<environment.Job instance at 0x150619104690>,83,3,[2 5],121,151,154,30,134
1,<environment.Job instance at 0x150619104320>,84,12,[6 1],122,151,163,29,134
1,<environment.Job instance at 0x150619104230>,85,2,[5 2],123,154,156,31,134
1,<environment.Job instance at 0x150619104f50>,86,1,[7 1],126,156,157,30,134
1,<environment.Job instance at 0x150619104780>,87,2,[7 1],127,157,159,30,134
1,<environment.Job instance at 0x150619104280>,88,1,[7 2],128,159,160,31,134
1,<environment.Job instance at 0x150619104aa0>,89,3,[10  2],129,163,166,34,137
1,<environment.Job instance at 0x150613d50460>,58,3,[ 2 11],90,170,173,80,170
1,<environment.Job instance at 0x1505f0124e60>,8,3,[2 7],12,12,15,0,12
1,<environment.Job instance at 0x1505f01243c0>,9,2,[1 5],13,13,15,0,13
1,<environment.Job instance at 0x1505f0124f00>,10,1,[1 9],15,15,16,0,15
1,<environment.Job instance at 0x1505f01248c0>,11,1,[2 5],16,16,17,0,16
1,<environment.Job instance at 0x1505f01247d0>,12,15,[7 1],17,17,32,0,17
1,<environment.Job instance at 0x1505f01244b0>,13,1,[2 6],18,18,19,0,18
1,<environment.Job instance at 0x1505f0124d20>,14,1,[2 8],20,20,21,0,20
1,<environment.Job instance at 0x1505f01249b0>,15,1,[2 6],21,21,22,0,21
1,<environment.Job instance at 0x1505f0124cd0>,16,3,[1 7],23,27,30,4,27
1,<environment.Job instance at 0x1505f0124eb0>,17,17,[2 7],24,27,44,3,27
1,<environment.Job instance at 0x1505f0124780>,18,14,[1 6],25,30,44,5,27
1,<environment.Job instance at 0x1505f01241e0>,19,17,[9 1],26,32,49,6,27
1,<environment.Job instance at 0x1505f0124550>,20,3,[5 1],27,44,47,17,27
1,<environment.Job instance at 0x1505f2d86730>,21,1,[10  1],28,49,50,21,29
1,<environment.Job instance at 0x1505f2d866e0>,22,1,[1 8],29,44,45,15,29
1,<environment.Job instance at 0x1505f2d86370>,23,12,[9 2],30,50,62,20,33
1,<environment.Job instance at 0x1505f2d86140>,24,2,[2 6],31,47,49,16,33
1,<environment.Job instance at 0x1505f2d862d0>,25,3,[9 2],32,62,65,30,36
1,<environment.Job instance at 0x1505f2d86eb0>,26,2,[10  2],33,65,67,32,38
1,<environment.Job instance at 0x1505f806d320>,6,2,[1 5],10,45,47,35,39
1,<environment.Job instance at 0x1505f0115af0>,29,2,[1 6],37,63,65,26,63
1,<environment.Job instance at 0x1505f0115370>,27,16,[10  2],34,67,83,33,64
1,<environment.Job instance at 0x1505f0115a00>,31,2,[7 2],40,83,85,43,67
1,<environment.Job instance at 0x1505f01157d0>,32,13,[5 1],41,67,80,26,67
1,<environment.Job instance at 0x1505f0115460>,33,2,[1 8],42,80,82,38,69
1,<environment.Job instance at 0x1505f0115550>,35,1,[2 5],44,80,81,36,69
1,<environment.Job instance at 0x1505f01153c0>,36,14,[2 8],45,82,96,37,69
1,<environment.Job instance at 0x1505f0115be0>,37,2,[7 1],46,85,87,39,70
1,<environment.Job instance at 0x1505f0115c30>,38,3,[7 1],47,87,90,40,71
1,<environment.Job instance at 0x1505f0115f50>,39,13,[10  1],48,90,103,42,75
1,<environment.Job instance at 0x1505f01155f0>,40,25,[12  1],49,103,128,54,102
1,<environment.Job instance at 0x1505f0115140>,41,1,[ 2 10],50,124,125,74,124
1,<environment.Job instance at 0x1505f0115820>,43,3,[7 1],56,142,145,86,142
1,<environment.Job instance at 0x1505f0115960>,42,2,[10  2],52,145,147,93,144
1,<environment.Job instance at 0x1505f01156e0>,45,3,[1 9],58,146,149,88,146
1,<environment.Job instance at 0x1505f0115d20>,46,16,[10  1],59,147,163,88,146
1,<environment.Job instance at 0x1505ef887460>,47,3,[2 9],60,149,152,89,146
1,<environment.Job instance at 0x1505ef887dc0>,48,23,[1 6],61,152,175,91,147
1,<environment.Job instance at 0x1505ef887be0>,49,12,[7 1],64,163,175,99,147
1,<environment.Job instance at 0x1505ef8871e0>,50,3,[10  1],67,175,178,108,149
1,<environment.Job instance at 0x1505ef887aa0>,51,3,[6 1],69,163,166,94,149
1,<environment.Job instance at 0x1505ef887960>,52,3,[8 1],70,178,181,108,152
1,<environment.Job instance at 0x1505ef89fb90>,53,2,[7 1],72,166,168,94,152
1,<environment.Job instance at 0x1505ef89f870>,54,18,[2 6],74,168,186,94,158
1,<environment.Job instance at 0x1505ef89fd20>,55,1,[7 1],76,181,182,105,158
1,<environment.Job instance at 0x1505ef89fbe0>,56,2,[5 1],77,168,170,91,160
1,<environment.Job instance at 0x1505ef89f410>,57,14,[2 5],78,175,189,97,162
1,<environment.Job instance at 0x1505ef89fe60>,58,3,[5 2],80,170,173,90,162
1,<environment.Job instance at 0x1505ef89f230>,59,12,[1 5],81,186,198,105,169
1,<environment.Job instance at 0x1505ef89fd70>,60,13,[7 2],82,182,195,100,169
1,<environment.Job instance at 0x1505ef89fdc0>,61,3,[8 1],83,195,198,112,169
1,<environment.Job instance at 0x1505ef89ff00>,62,3,[2 6],86,189,192,103,169
1,<environment.Job instance at 0x1505ef8a0690>,63,18,[1 5],87,192,210,105,181
1,<environment.Job instance at 0x1505ef8a0640>,64,16,[1 5],91,198,214,107,185
1,<environment.Job instance at 0x1505ef8a0870>,65,1,[1 9],92,210,211,118,185
1,<environment.Job instance at 0x1505ef8a0c80>,66,3,[2 9],94,211,214,117,185
1,<environment.Job instance at 0x1505ef8a09b0>,67,1,[10  2],95,198,199,103,185
1,<environment.Job instance at 0x1505ef8a0910>,68,1,[5 2],96,186,187,90,185
1,<environment.Job instance at 0x1505ef8a0dc0>,69,26,[2 8],98,220,246,122,220
1,<environment.Job instance at 0x1505ef8a0d20>,70,2,[ 1 10],100,246,248,146,220
1,<environment.Job instance at 0x1505f0115eb0>,44,3,[2 8],57,248,251,191,229
1,<environment.Job instance at 0x1505ef8a0be0>,72,3,[10  2],103,236,239,133,236
1,<environment.Job instance at 0x1505ef8a03c0>,71,16,[ 2 10],102,251,267,149,238
1,<environment.Job instance at 0x1505ef8a0320>,74,3,[1 9],108,267,270,159,241
1,<environment.Job instance at 0x1505ef8a0e60>,75,16,[2 7],111,280,296,169,280
1,<environment.Job instance at 0x1505ef8a0140>,76,1,[6 2],112,282,283,170,282
1,<environment.Job instance at 0x1505ef8a0230>,77,3,[10  2],114,283,286,169,282
1,<environment.Job instance at 0x1505ef8a0820>,78,3,[5 1],118,286,289,168,282
1,<environment.Job instance at 0x1505ef8a00a0>,79,1,[2 8],119,289,290,170,283
1,<environment.Job instance at 0x1505ef8a05a0>,80,2,[7 2],120,286,288,166,284
1,<environment.Job instance at 0x1505ef8a2140>,81,2,[6 2],121,290,292,169,285
1,<environment.Job instance at 0x1505ef8a2230>,82,3,[9 1],122,292,295,170,285
1,<environment.Job instance at 0x1505ef8a21e0>,83,14,[2 8],123,295,309,172,285
1,<environment.Job instance at 0x1505ef8a2870>,84,2,[5 2],124,290,292,166,285
1,<environment.Job instance at 0x1505ef8a28c0>,85,27,[1 7],125,296,323,171,294
1,<environment.Job instance at 0x1505ef8a2730>,86,21,[1 8],126,309,330,183,301
1,<environment.Job instance at 0x1505ef8a2960>,88,2,[6 1],129,323,325,194,301
1,<environment.Job instance at 0x1505f806dbe0>,3,13,[12  2],7,483,496,476,483
1,<environment.Job instance at 0x1505ef8b6eb0>,19,12,[7 1],36,36,48,0,36
1,<environment.Job instance at 0x1505ef8b6640>,20,13,[13  2],37,48,61,11,37
1,<environment.Job instance at 0x1505ef8b69b0>,21,3,[9 2],38,61,64,23,38
1,<environment.Job instance at 0x1505ef8b6820>,17,1,[2 9],34,40,41,6,40
1,<environment.Job instance at 0x1505ef8b62d0>,23,16,[ 1 10],42,45,61,3,45
1,<environment.Job instance at 0x1505ef8b66e0>,25,1,[8 1],45,64,65,19,45
1,<environment.Job instance at 0x1505efd38910>,27,13,[8 2],47,65,78,18,51
1,<environment.Job instance at 0x1505efd38410>,28,18,[5 1],48,61,79,13,51
1,<environment.Job instance at 0x1505efd38dc0>,29,15,[6 1],49,78,93,29,65
1,<environment.Job instance at 0x1505efd389b0>,30,3,[6 2],50,79,82,29,65
1,<environment.Job instance at 0x1505efd38690>,31,1,[6 2],51,82,83,31,65
1,<environment.Job instance at 0x1505efd38190>,32,17,[9 2],53,83,100,30,72
1,<environment.Job instance at 0x1505efd38cd0>,33,1,[7 1],54,100,101,46,73
1,<environment.Job instance at 0x1505efd38aa0>,34,12,[2 8],55,93,105,38,76
1,<environment.Job instance at 0x1505efd38370>,35,3,[ 1 10],56,76,79,20,76
1,<environment.Job instance at 0x1505efd38c30>,36,3,[1 5],57,79,82,22,76
1,<environment.Job instance at 0x1505efd387d0>,37,3,[2 7],58,79,82,21,76
1,<environment.Job instance at 0x1505efd380a0>,38,13,[2 5],59,93,106,34,77
1,<environment.Job instance at 0x150612082a50>,39,2,[2 8],60,105,107,45,79
1,<environment.Job instance at 0x150612082820>,40,2,[5 1],61,101,103,40,79
1,<environment.Job instance at 0x150612082c80>,41,1,[6 2],66,103,104,37,79
1,<environment.Job instance at 0x150612082550>,42,1,[1 9],67,82,83,15,81
1,<environment.Job instance at 0x150612082eb0>,43,3,[7 1],68,104,107,36,81
1,<environment.Job instance at 0x150612082e10>,44,3,[7 2],69,107,110,38,81
1,<environment.Job instance at 0x150612082780>,45,14,[1 5],71,106,120,35,91
1,<environment.Job instance at 0x1506120828c0>,46,12,[2 6],73,107,119,34,91
1,<environment.Job instance at 0x15061208b500>,47,1,[9 1],75,110,111,35,92
1,<environment.Job instance at 0x15061208bcd0>,48,17,[2 8],76,119,136,43,107
1,<environment.Job instance at 0x15061208b230>,49,25,[8 1],79,111,136,32,107
1,<environment.Job instance at 0x15061208be10>,50,16,[8 1],80,136,152,56,123
1,<environment.Job instance at 0x15061208b780>,51,16,[1 6],81,123,139,42,123
1,<environment.Job instance at 0x1505ef8a9af0>,52,2,[10  2],83,152,154,69,125
1,<environment.Job instance at 0x15061218d640>,53,3,[1 7],84,136,139,52,125
1,<environment.Job instance at 0x1505efd38e10>,26,28,[5 1],46,136,164,90,135
1,<environment.Job instance at 0x15061218d6e0>,55,1,[10  2],87,154,155,67,135
1,<environment.Job instance at 0x15061218dc80>,56,2,[7 2],88,155,157,67,139
1,<environment.Job instance at 0x15061218dbe0>,54,14,[9 2],86,157,171,71,142
1,<environment.Job instance at 0x15061218d370>,59,12,[2 9],92,164,176,72,147
1,<environment.Job instance at 0x1505f2ce07d0>,61,13,[1 9],94,176,189,82,160
1,<environment.Job instance at 0x15061218daa0>,62,2,[1 8],95,160,162,65,160
1,<environment.Job instance at 0x1505ef88e2d0>,63,12,[1 7],97,189,201,92,172
1,<environment.Job instance at 0x1505f80330a0>,64,1,[ 1 10],99,201,202,102,173
1,<environment.Job instance at 0x15061011fe60>,65,19,[2 5],100,173,192,73,173
1,<environment.Job instance at 0x1505ef7f0960>,66,17,[2 9],101,202,219,101,190
1,<environment.Job instance at 0x1505efa43820>,67,3,[6 2],102,190,193,88,190
1,<environment.Job instance at 0x150612b9a3c0>,68,2,[6 2],103,192,194,89,191
1,<environment.Job instance at 0x1505f28be4b0>,69,17,[5 2],104,193,210,89,191
1,<environment.Job instance at 0x1505f3eef140>,70,1,[6 1],106,191,192,85,191
1,<environment.Job instance at 0x1505f3f10140>,71,12,[ 1 10],107,219,231,112,202
1,<environment.Job instance at 0x1505efacd1e0>,72,3,[2 7],109,231,234,122,205
1,<environment.Job instance at 0x1505efe62960>,73,1,[1 6],110,210,211,100,205
1,<environment.Job instance at 0x1505ef9831e0>,74,3,[8 2],111,205,208,94,205
1,<environment.Job instance at 0x1506101af190>,75,1,[1 7],112,231,232,119,209
1,<environment.Job instance at 0x1505f3efee60>,76,1,[6 2],113,211,212,98,210
1,<environment.Job instance at 0x150610bfbaf0>,77,2,[2 7],114,232,234,118,211
1,<environment.Job instance at 0x1505f83251e0>,78,16,[ 2 10],115,234,250,119,221
1,<environment.Job instance at 0x1505f2f8a460>,79,3,[7 1],116,223,226,107,223
1,<environment.Job instance at 0x1505f2f8aa50>,80,14,[8 2],117,234,248,117,223
1,<environment.Job instance at 0x1505f2f8a910>,81,2,[1 9],119,250,252,131,223
1,<environment.Job instance at 0x1506120c0b40>,82,2,[7 2],120,223,225,103,223
1,<environment.Job instance at 0x1505f2f8aeb0>,83,3,[5 2],122,225,228,103,223
1,<environment.Job instance at 0x1505f2f8a370>,84,13,[2 8],123,252,265,129,236
1,<environment.Job instance at 0x1505f286f690>,85,1,[8 1],124,248,249,124,236
1,<environment.Job instance at 0x150613cb96e0>,86,1,[1 5],126,249,250,123,236
1,<environment.Job instance at 0x150613cb90a0>,87,1,[10  1],128,250,251,122,238
1,<environment.Job instance at 0x1505efe59280>,88,1,[5 2],129,238,239,109,238
1,<environment.Job instance at 0x1505ef8b6410>,13,1,[ 1 12],26,265,266,239,265
1,<environment.Job instance at 0x1505ef8b6730>,18,2,[7 2],35,354,356,319,354
1,<environment.Job instance at 0x1505ef8b6730>,3,21,[2 5],5,8,29,3,8
1,<environment.Job instance at 0x1505efe17aa0>,9,2,[1 5],12,12,14,0,12
1,<environment.Job instance at 0x1505efe17a00>,8,2,[2 9],11,15,17,4,15
1,<environment.Job instance at 0x1505efe17e60>,13,17,[2 5],17,17,34,0,17
1,<environment.Job instance at 0x1505efe42eb0>,17,2,[5 1],22,22,24,0,22
1,<environment.Job instance at 0x1505efe42d70>,18,1,[1 7],23,29,30,6,23
1,<environment.Job instance at 0x15061993c5a0>,19,17,[9 1],26,26,43,0,26
1,<environment.Job instance at 0x1505efe420f0>,20,1,[6 2],27,34,35,7,27
1,<environment.Job instance at 0x1505efe42820>,21,1,[5 1],28,35,36,7,28
1,<environment.Job instance at 0x150619970be0>,23,3,[2 6],31,31,34,0,31
1,<environment.Job instance at 0x15061018b6e0>,24,2,[9 1],32,43,45,11,32
1,<environment.Job instance at 0x15061017fd70>,29,2,[ 1 10],38,42,44,4,42
1,<environment.Job instance at 0x1505efc1a870>,31,17,[12  1],40,45,62,5,42
1,<environment.Job instance at 0x1505efc1ac30>,32,1,[8 2],43,62,63,19,43
1,<environment.Job instance at 0x1505eff523c0>,34,17,[2 7],45,45,62,0,45
1,<environment.Job instance at 0x1505eff526e0>,35,13,[2 8],46,62,75,16,46
1,<environment.Job instance at 0x1505efcfad70>,36,16,[6 1],47,63,79,16,50
1,<environment.Job instance at 0x1505eff52280>,37,1,[8 2],48,75,76,27,50
1,<environment.Job instance at 0x1505f2dea780>,42,13,[2 9],53,76,89,23,60
1,<environment.Job instance at 0x1505f2deab90>,45,2,[ 1 10],58,89,91,31,62
1,<environment.Job instance at 0x150612bd7550>,47,1,[5 1],60,62,63,2,62
1,<environment.Job instance at 0x150612082c30>,48,14,[2 9],61,91,105,30,76
1,<environment.Job instance at 0x150610163910>,50,3,[10  1],63,79,82,16,76
1,<environment.Job instance at 0x150610163870>,51,3,[6 1],64,76,79,12,76
1,<environment.Job instance at 0x150610163190>,52,1,[13  1],65,82,83,17,76
1,<environment.Job instance at 0x150610163a00>,53,3,[2 7],66,105,108,39,79
1,<environment.Job instance at 0x1505efb530a0>,58,3,[2 8],71,105,108,34,79
1,<environment.Job instance at 0x1505efb8f0f0>,62,15,[ 2 10],76,108,123,32,94
1,<environment.Job instance at 0x1505f287d230>,66,3,[7 2],81,94,97,13,94
1,<environment.Job instance at 0x1505f287df00>,68,2,[2 7],83,123,125,40,97
1,<environment.Job instance at 0x1505f2f41a00>,70,15,[2 9],86,125,140,39,112
1,<environment.Job instance at 0x1505f2f41af0>,74,16,[6 2],91,116,132,25,116
1,<environment.Job instance at 0x1505efe2a8c0>,75,1,[6 1],92,116,117,24,116
1,<environment.Job instance at 0x1505efe2a5f0>,76,2,[9 1],94,132,134,38,116
1,<environment.Job instance at 0x1505efe42280>,16,2,[5 2],21,119,121,98,119
1,<environment.Job instance at 0x150610bf43c0>,77,19,[1 5],96,132,151,36,122
1,<environment.Job instance at 0x150610bf47d0>,79,1,[5 1],99,122,123,23,122
1,<environment.Job instance at 0x150610bf4780>,80,2,[7 2],100,123,125,23,122
1,<environment.Job instance at 0x1505f3e66140>,81,3,[ 2 14],102,151,154,49,125
1,<environment.Job instance at 0x1505f3e66460>,82,3,[1 8],103,140,143,37,126
1,<environment.Job instance at 0x1505f3e66550>,83,1,[ 2 10],104,143,144,39,126
1,<environment.Job instance at 0x1505f3e66a50>,84,2,[7 2],106,126,128,20,126
1,<environment.Job instance at 0x1505f3e668c0>,85,1,[6 1],107,128,129,21,126
1,<environment.Job instance at 0x1505f3e66050>,86,2,[6 1],109,129,131,20,126
1,<environment.Job instance at 0x150610bf4870>,78,1,[8 1],97,135,136,38,135
1,<environment.Job instance at 0x1505f3e66690>,87,17,[1 7],110,154,171,44,142
1,<environment.Job instance at 0x1505f13a3190>,89,2,[7 2],115,144,146,29,142
1,<environment.Job instance at 0x1505f2d98f00>,90,1,[1 5],117,144,145,27,142
1,<environment.Job instance at 0x1505f2d983c0>,91,14,[5 2],119,154,168,35,144
1,<environment.Job instance at 0x150612109be0>,92,27,[5 1],120,144,171,24,144
1,<environment.Job instance at 0x150612109690>,93,15,[14  1],121,171,186,50,157
1,<environment.Job instance at 0x150612109e60>,94,2,[1 9],122,171,173,49,157
1,<environment.Job instance at 0x1505f3e8f280>,95,14,[1 6],123,173,187,50,158
1,<environment.Job instance at 0x1505f3e8f9b0>,96,1,[1 8],124,186,187,62,158
1,<environment.Job instance at 0x1506190853c0>,97,1,[2 9],126,187,188,61,160
1,<environment.Job instance at 0x1505f35f1820>,98,2,[10  2],127,187,189,60,160
1,<environment.Job instance at 0x1505eff52e10>,33,17,[7 1],44,197,214,153,197
1,<environment.Job instance at 0x1505f2f41d70>,73,1,[ 1 14],90,214,215,124,214
1,<environment.Job instance at 0x1505f2facb90>,3,25,[6 1],5,5,30,0,5
1,<environment.Job instance at 0x1505f82c75f0>,9,1,[1 9],14,14,15,0,14
1,<environment.Job instance at 0x1505f2de0a00>,10,1,[8 2],17,17,18,0,17
1,<environment.Job instance at 0x1505f3eb8870>,12,1,[9 2],20,20,21,0,20
1,<environment.Job instance at 0x1506100f0370>,14,26,[ 2 13],23,23,49,0,23
1,<environment.Job instance at 0x1505efd585a0>,15,13,[7 2],24,30,43,6,24
1,<environment.Job instance at 0x1505f2f06410>,16,3,[6 2],26,43,46,17,26
1,<environment.Job instance at 0x1505f2f069b0>,17,2,[12  1],27,46,48,19,27
1,<environment.Job instance at 0x1505f82c7aa0>,7,2,[ 2 10],12,49,51,37,33
1,<environment.Job instance at 0x1505f1de8c30>,18,15,[2 5],29,49,64,20,35
1,<environment.Job instance at 0x1505f83415a0>,24,3,[9 2],35,51,54,16,35
1,<environment.Job instance at 0x150613cef500>,26,2,[ 1 10],38,54,56,16,38
1,<environment.Job instance at 0x1505f2ccdcd0>,35,2,[ 1 11],57,64,66,7,59
1,<environment.Job instance at 0x150612052280>,41,28,[5 2],64,64,92,0,64
1,<environment.Job instance at 0x150612ae4870>,43,2,[ 1 10],66,66,68,0,66
1,<environment.Job instance at 0x1505f08b6280>,44,3,[ 2 14],67,92,95,25,68
1,<environment.Job instance at 0x15061226a5a0>,46,2,[2 6],69,69,71,0,69
1,<environment.Job instance at 0x15061226a870>,47,1,[8 1],70,70,71,0,70
1,<environment.Job instance at 0x15061226a6e0>,48,1,[7 2],72,72,73,0,72
1,<environment.Job instance at 0x15061226a8c0>,50,3,[1 7],74,74,77,0,74
1,<environment.Job instance at 0x1505f8322460>,53,14,[7 1],78,78,92,0,78
1,<environment.Job instance at 0x1505f83229b0>,54,14,[ 2 10],79,95,109,16,80
1,<environment.Job instance at 0x1505f83226e0>,56,1,[1 9],81,81,82,0,81
1,<environment.Job instance at 0x150612bd6b90>,20,2,[7 1],31,92,94,61,84
1,<environment.Job instance at 0x1505f83220a0>,58,1,[6 1],83,94,95,11,90
1,<environment.Job instance at 0x1505f8322eb0>,57,16,[1 8],82,109,125,27,98
1,<environment.Job instance at 0x1505efc0da00>,67,23,[9 1],96,106,129,10,106
1,<environment.Job instance at 0x1505efc0dd20>,66,23,[2 6],94,109,132,15,109
1,<environment.Job instance at 0x1505efc0dfa0>,68,14,[ 1 10],97,132,146,35,117
1,<environment.Job instance at 0x1505efed7eb0>,70,1,[8 2],99,129,130,30,117
1,<environment.Job instance at 0x1505efed7190>,71,2,[7 2],101,130,132,29,117
1,<environment.Job instance at 0x1505efed7fa0>,72,3,[6 1],103,130,133,27,117
1,<environment.Job instance at 0x1505efed7b90>,75,3,[5 1],106,132,135,26,117
1,<environment.Job instance at 0x1505efed7aa0>,77,3,[12  1],109,135,138,26,117
1,<environment.Job instance at 0x1505efed7780>,78,20,[8 1],110,138,158,28,129
1,<environment.Job instance at 0x1506199cef50>,82,2,[1 8],119,146,148,27,129
1,<environment.Job instance at 0x1506199ce550>,83,1,[2 6],120,129,130,9,129
1,<environment.Job instance at 0x1506199cea00>,84,2,[9 2],123,133,135,10,129
1,<environment.Job instance at 0x1506199cebe0>,85,1,[ 2 10],127,148,149,21,129
1,<environment.Job instance at 0x1505f8322640>,59,3,[5 2],84,186,189,102,186
1,<environment.Job instance at 0x1505f8322410>,60,16,[7 1],85,273,289,188,273
1,<environment.Job instance at 0x1505f82c77d0>,8,3,[9 2],13,289,292,276,279
1,<environment.Job instance at 0x1505f2a5fa50>,86,3,[11  1],129,307,310,178,307
1,<environment.Job instance at 0x150610061aa0>,12,2,[5 2],21,23,25,2,23
1,<environment.Job instance at 0x150612af5460>,17,2,[1 6],27,29,31,2,29
1,<environment.Job instance at 0x150610061640>,14,3,[2 8],23,30,33,7,30
1,<environment.Job instance at 0x1505f2e4b0a0>,19,1,[2 7],30,31,32,1,30
1,<environment.Job instance at 0x1506120d7820>,18,2,[8 1],28,32,34,4,31
1,<environment.Job instance at 0x1505f809e640>,20,2,[1 8],31,33,35,2,32
1,<environment.Job instance at 0x1505f2dd6d70>,21,13,[7 1],32,34,47,2,34
1,<environment.Job instance at 0x1505efd75be0>,23,2,[2 7],36,36,38,0,36
1,<environment.Job instance at 0x1505f2d5b910>,24,22,[ 2 10],37,38,60,1,37
1,<environment.Job instance at 0x1505f2dd6960>,25,2,[10  2],38,47,49,9,38
1,<environment.Job instance at 0x1505f8373500>,26,2,[1 7],39,60,62,21,40
1,<environment.Job instance at 0x1505f83731e0>,27,3,[2 8],40,60,63,20,40
1,<environment.Job instance at 0x1505f806deb0>,28,2,[6 2],41,42,44,1,42
1,<environment.Job instance at 0x1505f806d280>,29,1,[7 1],44,49,50,5,44
1,<environment.Job instance at 0x1505ef7cf2d0>,30,2,[5 2],45,45,47,0,45
1,<environment.Job instance at 0x1505f2d58c30>,31,15,[1 9],46,63,78,17,49
1,<environment.Job instance at 0x1505ef7d1370>,33,2,[ 1 10],48,78,80,30,51
1,<environment.Job instance at 0x1505ef7d1190>,32,3,[6 1],47,52,55,5,52
1,<environment.Job instance at 0x1505ef7d13c0>,34,1,[7 1],49,53,54,4,53
1,<environment.Job instance at 0x1505ef7bd5f0>,36,2,[10  2],53,55,57,2,53
1,<environment.Job instance at 0x1505ef7bdb40>,35,1,[2 6],52,62,63,10,53
1,<environment.Job instance at 0x1505ef7bd460>,38,2,[8 2],55,57,59,2,57
1,<environment.Job instance at 0x1505ef7bd2d0>,39,1,[6 1],56,62,63,6,60
1,<environment.Job instance at 0x1505ef7bd730>,40,3,[8 1],58,63,66,5,60
1,<environment.Job instance at 0x1505ef7bdaf0>,37,1,[5 1],54,63,64,9,60
1,<environment.Job instance at 0x1505efee6af0>,42,2,[8 2],63,66,68,3,63
1,<environment.Job instance at 0x1505f80770f0>,43,17,[10  1],66,68,85,2,67
1,<environment.Job instance at 0x1505f29de910>,44,3,[2 6],67,80,83,13,67
1,<environment.Job instance at 0x1505f2ebabe0>,46,21,[6 1],70,85,106,15,77
1,<environment.Job instance at 0x1505f2eba1e0>,47,3,[ 2 13],72,83,86,11,77
1,<environment.Job instance at 0x1505f2ebaf50>,48,14,[2 6],73,86,100,13,77
1,<environment.Job instance at 0x1505f2eba9b0>,49,1,[ 2 10],74,100,101,26,77
1,<environment.Job instance at 0x1505f2ebacd0>,50,2,[2 8],75,80,82,5,77
1,<environment.Job instance at 0x1505f2eba5f0>,51,1,[1 7],78,82,83,4,78
1,<environment.Job instance at 0x1505f2eba410>,45,2,[7 1],68,85,87,17,78
1,<environment.Job instance at 0x1505f2ebaaf0>,53,12,[2 8],81,87,99,6,81
1,<environment.Job instance at 0x1505f2eba7d0>,52,1,[1 7],80,99,100,19,94
1,<environment.Job instance at 0x150612b007d0>,10,2,[ 1 12],19,101,103,82,99
1,<environment.Job instance at 0x1505f2ebaa50>,54,27,[5 2],82,100,127,18,99
1,<environment.Job instance at 0x1505f2ebac80>,57,1,[ 2 10],85,103,104,18,99
1,<environment.Job instance at 0x1506199b58c0>,58,12,[2 8],88,104,116,16,99
1,<environment.Job instance at 0x1506100f1f50>,60,1,[8 2],92,106,107,14,99
1,<environment.Job instance at 0x1506100f1780>,62,2,[8 1],95,107,109,12,105
1,<environment.Job instance at 0x1506100f1fa0>,61,18,[9 1],93,116,134,23,105
1,<environment.Job instance at 0x1506100f17d0>,64,1,[7 1],97,109,110,12,105
1,<environment.Job instance at 0x1506100f12d0>,68,1,[1 7],104,116,117,12,105
1,<environment.Job instance at 0x1506100f1280>,69,3,[2 8],105,127,130,22,105
1,<environment.Job instance at 0x1505f2a2e0f0>,70,2,[7 1],106,110,112,4,106
1,<environment.Job instance at 0x1505f2a2e050>,71,28,[1 6],107,117,145,10,116
1,<environment.Job instance at 0x1505f2dc4f50>,75,15,[10  2],113,134,149,21,120
1,<environment.Job instance at 0x1505f2fb9230>,79,1,[1 9],119,145,146,26,120
1,<environment.Job instance at 0x1505f2fb9eb0>,81,2,[1 8],121,130,132,9,121
1,<environment.Job instance at 0x1505efbbbeb0>,83,2,[ 2 10],125,146,148,21,125
1,<environment.Job instance at 0x1505efbbb0f0>,84,3,[9 1],126,149,152,23,126
1,<environment.Job instance at 0x1505f286d190>,85,12,[9 1],127,152,164,25,135
1,<environment.Job instance at 0x1505f286d230>,86,20,[ 2 11],128,148,168,20,139
1,<environment.Job instance at 0x1505f2eba910>,55,27,[1 9],83,168,195,85,167
1,<environment.Job instance at 0x150610061b40>,13,21,[5 1],22,175,196,153,175
1,<environment.Job instance at 0x1505f3eacc30>,20,3,[9 2],26,26,29,0,26
1,<environment.Job instance at 0x1505f3eac5f0>,21,2,[1 8],27,27,29,0,27
1,<environment.Job instance at 0x1506122c68c0>,22,26,[8 1],28,29,55,1,28
1,<environment.Job instance at 0x1505eff15a00>,24,2,[8 1],30,55,57,25,30
1,<environment.Job instance at 0x1505effe9fa0>,27,17,[7 2],33,47,64,14,47
1,<environment.Job instance at 0x1505f29f8dc0>,28,16,[5 2],34,57,73,23,47
1,<environment.Job instance at 0x1505f29f8a50>,26,21,[9 2],32,64,85,32,56
1,<environment.Job instance at 0x1505effe9870>,29,2,[2 9],35,57,59,22,57
1,<environment.Job instance at 0x1505effe9a00>,30,13,[2 8],37,73,86,36,57
1,<environment.Job instance at 0x1505effa0730>,32,17,[ 2 10],39,86,103,47,75
1,<environment.Job instance at 0x1505efa5dcd0>,37,2,[1 7],49,103,105,54,76
1,<environment.Job instance at 0x1505efa5d190>,38,3,[7 1],50,85,88,35,76
1,<environment.Job instance at 0x1505efa5db90>,39,1,[6 1],51,85,86,34,76
1,<environment.Job instance at 0x1505eff8f370>,31,3,[7 2],38,88,91,50,76
1,<environment.Job instance at 0x15061999e140>,40,15,[6 2],52,86,101,34,76
1,<environment.Job instance at 0x15061999edc0>,42,17,[1 8],55,103,120,48,91
1,<environment.Job instance at 0x15061999e460>,43,2,[11  2],56,101,103,45,91
1,<environment.Job instance at 0x15061999ee10>,44,16,[2 7],57,105,121,48,92
1,<environment.Job instance at 0x15061999ef00>,45,2,[1 8],59,120,122,61,94
1,<environment.Job instance at 0x15061999e320>,46,2,[1 5],60,121,123,61,94
1,<environment.Job instance at 0x1506100b8b40>,47,1,[1 5],61,122,123,61,94
1,<environment.Job instance at 0x1505f82c4aa0>,48,2,[9 1],62,121,123,59,94
1,<environment.Job instance at 0x1505efa6acd0>,49,3,[9 2],63,123,126,60,97
1,<environment.Job instance at 0x150610bebe10>,50,17,[5 2],64,123,140,59,111
1,<environment.Job instance at 0x1506100b82d0>,51,2,[2 6],66,126,128,60,111
1,<environment.Job instance at 0x1506100b8d20>,52,1,[ 1 10],67,123,124,56,111
1,<environment.Job instance at 0x1505f8345190>,53,1,[2 7],68,126,127,58,111
1,<environment.Job instance at 0x1505f8345050>,54,2,[2 6],69,127,129,58,111
1,<environment.Job instance at 0x1505f83451e0>,55,17,[5 2],70,128,145,58,116
1,<environment.Job instance at 0x1505f2cfd0a0>,56,2,[5 1],72,129,131,57,116
1,<environment.Job instance at 0x1505f2cfdcd0>,57,2,[8 2],73,140,142,67,117
1,<environment.Job instance at 0x1505f2cfd5f0>,58,2,[12  1],75,145,147,70,119
1,<environment.Job instance at 0x1505f2cfdaf0>,59,14,[1 9],76,131,145,55,119
1,<environment.Job instance at 0x1505f2cee280>,60,1,[2 8],77,145,146,68,120
1,<environment.Job instance at 0x1505f2ceee60>,61,18,[10  2],78,147,165,69,137
1,<environment.Job instance at 0x1505f2ceefa0>,62,12,[2 9],79,146,158,67,137
1,<environment.Job instance at 0x15061999e3c0>,41,3,[2 9],53,158,161,105,139
1,<environment.Job instance at 0x1505f2cee5a0>,63,15,[2 5],80,161,176,81,147
1,<environment.Job instance at 0x1505f3e8f730>,65,2,[1 8],83,161,163,78,147
1,<environment.Job instance at 0x1505f3e8f8c0>,66,17,[7 1],84,165,182,81,153
1,<environment.Job instance at 0x1505f2cee820>,64,3,[1 6],81,163,166,82,157
1,<environment.Job instance at 0x1505f3e8feb0>,67,16,[8 2],85,176,192,91,163
1,<environment.Job instance at 0x1505f2d13fa0>,69,1,[10  1],89,192,193,103,164
1,<environment.Job instance at 0x1505f2d13910>,70,1,[10  2],90,193,194,103,165
1,<environment.Job instance at 0x1505f2d13190>,71,16,[7 1],91,194,210,103,181
1,<environment.Job instance at 0x1505eff10d70>,72,1,[1 6],92,182,183,90,181
1,<environment.Job instance at 0x1505f3e8f1e0>,68,3,[1 5],88,182,185,94,181
1,<environment.Job instance at 0x1505eff10230>,73,14,[1 8],93,183,197,90,181
1,<environment.Job instance at 0x1505f2d07be0>,75,2,[7 2],95,194,196,99,183
1,<environment.Job instance at 0x1505f2d07960>,76,1,[1 6],96,192,193,96,183
1,<environment.Job instance at 0x1505f2d07280>,77,3,[2 6],97,196,199,99,183
1,<environment.Job instance at 0x1505f2d07820>,78,3,[1 9],98,199,202,101,183
1,<environment.Job instance at 0x1505eff106e0>,74,2,[5 1],94,185,187,91,183
1,<environment.Job instance at 0x1505f2d078c0>,79,3,[6 1],99,187,190,88,183
1,<environment.Job instance at 0x1505f2d07e10>,81,2,[7 1],106,199,201,93,183
1,<environment.Job instance at 0x1505f2d077d0>,82,17,[8 1],107,202,219,95,190
1,<environment.Job instance at 0x1505f2d07b40>,84,2,[2 5],109,190,192,81,190
1,<environment.Job instance at 0x1505f2d070a0>,85,3,[9 1],110,219,222,109,194
1,<environment.Job instance at 0x1505f2d07640>,86,16,[2 5],111,210,226,99,197
1,<environment.Job instance at 0x150612ba15a0>,87,1,[5 1],112,197,198,85,197
1,<environment.Job instance at 0x150612ba1500>,88,12,[ 1 10],113,222,234,109,205
1,<environment.Job instance at 0x150612ba1af0>,89,2,[1 7],114,210,212,96,205
1,<environment.Job instance at 0x150612ba1870>,90,1,[6 2],117,226,227,109,205
1,<environment.Job instance at 0x150612ba1640>,91,3,[5 2],118,212,215,94,205
1,<environment.Job instance at 0x1505f2dffaa0>,92,15,[8 1],119,226,241,107,212
1,<environment.Job instance at 0x1505f2d07c80>,83,1,[ 2 13],108,234,235,126,212
1,<environment.Job instance at 0x15061a034e10>,93,3,[2 7],120,215,218,95,212
1,<environment.Job instance at 0x1505f36019b0>,95,14,[2 9],127,235,249,108,220
1,<environment.Job instance at 0x1505f3601460>,96,1,[5 2],129,227,228,98,220
1,<environment.Job instance at 0x1505f2dffaf0>,94,2,[8 2],122,241,243,119,235
1,<environment.Job instance at 0x150612b5ed70>,36,28,[14  1],48,252,280,204,252
1,<environment.Job instance at 0x1505f29fa780>,18,17,[5 1],24,574,591,550,574
1,<environment.Job instance at 0x1505ef7b53c0>,1,1,[2 8],3,3,4,0,3
1,<environment.Job instance at 0x1505ef9cce10>,10,1,[1 8],15,15,16,0,15
1,<environment.Job instance at 0x1505f2e99280>,12,2,[2 6],20,20,22,0,20
1,<environment.Job instance at 0x1505ef9cc410>,13,1,[1 5],21,21,22,0,21
1,<environment.Job instance at 0x1505f0128d20>,16,18,[1 7],26,26,44,0,26
1,<environment.Job instance at 0x1505f07d7d70>,19,3,[7 2],31,31,34,0,31
1,<environment.Job instance at 0x1505f0128640>,21,15,[ 2 10],34,44,59,10,34
1,<environment.Job instance at 0x150612161280>,22,1,[1 9],35,59,60,24,35
1,<environment.Job instance at 0x1505f3e8f0a0>,23,3,[6 2],36,36,39,0,36
1,<environment.Job instance at 0x1505f01b8910>,20,28,[2 5],33,43,71,10,43
1,<environment.Job instance at 0x1505f085f190>,24,16,[ 1 11],37,71,87,34,58
1,<environment.Job instance at 0x1505f82d85a0>,26,1,[1 5],40,60,61,20,58
1,<environment.Job instance at 0x1505f089acd0>,27,2,[2 8],41,61,63,20,58
1,<environment.Job instance at 0x150613d5fb90>,25,1,[2 6],38,87,88,49,71
1,<environment.Job instance at 0x1505effbd7d0>,28,24,[2 9],42,87,111,45,82
1,<environment.Job instance at 0x1505efbdaf50>,30,18,[5 2],47,88,106,41,82
1,<environment.Job instance at 0x1505efe82fa0>,31,1,[1 6],48,106,107,58,82
1,<environment.Job instance at 0x150613c50e60>,32,2,[2 6],50,107,109,57,82
1,<environment.Job instance at 0x1505ef5ef2d0>,33,2,[6 2],51,82,84,31,82
1,<environment.Job instance at 0x1505f2d6ce10>,34,3,[2 7],52,111,114,59,85
1,<environment.Job instance at 0x1505f2d56f50>,35,1,[10  1],56,85,86,29,85
1,<environment.Job instance at 0x1505ef70f8c0>,36,3,[10  1],57,109,112,52,85
1,<environment.Job instance at 0x1505f2d6cd70>,37,2,[6 1],58,88,90,30,85
1,<environment.Job instance at 0x150612b9d500>,38,3,[1 5],59,109,112,50,85
1,<environment.Job instance at 0x1505f07efb90>,39,2,[10  2],60,112,114,52,85
1,<environment.Job instance at 0x15064711adc0>,40,1,[9 1],61,86,87,25,85
1,<environment.Job instance at 0x1505ef94f820>,41,1,[1 8],62,114,115,52,86
1,<environment.Job instance at 0x150613c50a00>,29,3,[2 5],45,112,115,67,110
1,<environment.Job instance at 0x1505ef94fa00>,43,3,[2 7],64,115,118,51,110
1,<environment.Job instance at 0x1505efb9a190>,42,25,[9 1],63,114,139,51,111
1,<environment.Job instance at 0x1505efb9a910>,45,2,[7 2],66,139,141,73,112
1,<environment.Job instance at 0x1505efb9a730>,44,1,[7 1],65,139,140,74,119
1,<environment.Job instance at 0x1505efb56a00>,48,2,[8 1],70,140,142,70,124
1,<environment.Job instance at 0x1505f2cb1a00>,49,1,[6 2],71,124,125,53,124
1,<environment.Job instance at 0x1506100f9140>,50,1,[9 1],72,142,143,70,124
1,<environment.Job instance at 0x1505f01a67d0>,46,13,[10  1],68,143,156,75,127
1,<environment.Job instance at 0x1506100dc1e0>,52,3,[10  2],77,156,159,79,130
1,<environment.Job instance at 0x1506100dceb0>,53,1,[2 7],78,130,131,52,130
1,<environment.Job instance at 0x1505f2d9b910>,54,2,[ 1 14],80,131,133,51,130
1,<environment.Job instance at 0x1506121a2c80>,51,1,[2 5],74,130,131,56,130
1,<environment.Job instance at 0x150619095aa0>,55,1,[7 2],81,141,142,60,130
1,<environment.Job instance at 0x1505f2d44c80>,57,15,[6 1],83,159,174,76,145
1,<environment.Job instance at 0x1505f01957d0>,59,2,[1 5],86,145,147,59,145
1,<environment.Job instance at 0x1505efd79af0>,60,3,[2 8],87,145,148,58,145
1,<environment.Job instance at 0x150612bd6960>,62,26,[5 2],89,149,175,60,149
1,<environment.Job instance at 0x1505f015a230>,61,17,[10  1],88,174,191,86,162
1,<environment.Job instance at 0x150612bde6e0>,66,2,[1 7],94,162,164,68,162
1,<environment.Job instance at 0x1506100e0a00>,67,3,[2 9],95,164,167,69,162
1,<environment.Job instance at 0x1505f2db9690>,68,2,[6 1],96,191,193,95,164
1,<environment.Job instance at 0x1505f2db95a0>,69,1,[5 1],97,175,176,78,164
1,<environment.Job instance at 0x1505f2db9500>,70,16,[2 6],98,176,192,78,164
1,<environment.Job instance at 0x1505eff4ce60>,71,2,[7 1],100,191,193,91,164
1,<environment.Job instance at 0x1505ef787d20>,72,14,[5 2],104,193,207,89,178
1,<environment.Job instance at 0x1505ef7879b0>,74,3,[1 9],106,192,195,86,178
1,<environment.Job instance at 0x1505ef787f00>,75,2,[9 2],108,193,195,85,178
1,<environment.Job instance at 0x1505efd75050>,76,3,[2 7],109,178,181,69,178
1,<environment.Job instance at 0x1505f8067960>,65,3,[1 9],92,195,198,103,186
1,<environment.Job instance at 0x1505efd605f0>,77,21,[10  2],112,198,219,86,190
1,<environment.Job instance at 0x1505f283c320>,79,3,[1 7],115,207,210,92,190
1,<environment.Job instance at 0x15061910d050>,80,14,[2 5],117,207,221,90,193
1,<environment.Job instance at 0x1506100c52d0>,81,13,[1 5],121,210,223,89,194
1,<environment.Job instance at 0x1505f82cd780>,82,2,[6 1],123,195,197,72,194
1,<environment.Job instance at 0x1505f2deadc0>,83,1,[ 1 12],124,223,224,99,196
1,<environment.Job instance at 0x1505f2d58c30>,84,1,[10  2],125,219,220,94,196
1,<environment.Job instance at 0x1505f2e24500>,85,3,[2 9],126,224,227,98,198
1,<environment.Job instance at 0x1506121617d0>,18,2,[ 2 13],29,227,229,198,209
1,<environment.Job instance at 0x1505efdf9a00>,86,13,[2 9],127,229,242,102,213
1,<environment.Job instance at 0x1505ef787140>,73,1,[ 1 10],105,242,243,137,241
1,<environment.Job instance at 0x1505ef9cc1e0>,8,17,[1 5],12,548,565,536,548
1,<environment.Job instance at 0x1505f8371d70>,0,20,[9 1],1,1,21,0,1
1,<environment.Job instance at 0x1505f3efe9b0>,6,2,[6 2],8,8,10,0,8
1,<environment.Job instance at 0x1505f3efe4b0>,7,3,[9 2],9,21,24,12,9
1,<environment.Job instance at 0x1506471208c0>,3,1,[12  2],5,24,25,19,10
1,<environment.Job instance at 0x1505f3efe280>,10,2,[2 8],20,20,22,0,20
1,<environment.Job instance at 0x150613d2e280>,11,1,[7 1],23,25,26,2,23
1,<environment.Job instance at 0x150613d2e4b0>,12,2,[2 6],24,24,26,0,24
1,<environment.Job instance at 0x1505f3efeb40>,9,18,[8 1],18,26,44,8,25
1,<environment.Job instance at 0x150613d2e910>,15,2,[5 1],28,28,30,0,28
1,<environment.Job instance at 0x150613d2e190>,16,3,[9 1],29,44,47,15,30
1,<environment.Job instance at 0x150613d2ec80>,17,1,[7 2],30,30,31,0,30
1,<environment.Job instance at 0x150613d2ea00>,19,3,[9 2],34,47,50,13,34
1,<environment.Job instance at 0x1505f2a18500>,23,1,[1 8],38,38,39,0,38
1,<environment.Job instance at 0x1505f2a18780>,25,1,[1 9],40,41,42,1,41
1,<environment.Job instance at 0x1505f2a18820>,26,2,[2 6],41,42,44,1,41
1,<environment.Job instance at 0x1505f2a18af0>,27,3,[ 2 10],42,44,47,2,42
1,<environment.Job instance at 0x1505ef692a00>,29,1,[8 1],46,50,51,4,46
1,<environment.Job instance at 0x1505ef6929b0>,32,1,[2 5],49,56,57,7,56
1,<environment.Job instance at 0x150613d2e7d0>,14,12,[2 9],27,57,69,30,57
1,<environment.Job instance at 0x1505ef6925a0>,35,12,[ 1 14],52,69,81,17,57
1,<environment.Job instance at 0x1505ef692320>,37,12,[2 9],54,81,93,27,64
1,<environment.Job instance at 0x1505ef692460>,38,1,[11  1],63,64,65,1,64
1,<environment.Job instance at 0x1505ef692690>,39,2,[5 1],64,65,67,1,65
1,<environment.Job instance at 0x1506190a46e0>,40,2,[1 6],65,67,69,2,65
1,<environment.Job instance at 0x1506190a42d0>,41,2,[1 8],66,93,95,27,66
1,<environment.Job instance at 0x1506190a4a00>,42,1,[6 1],67,69,70,2,69
1,<environment.Job instance at 0x1506190a4820>,43,18,[10  2],69,81,99,12,71
1,<environment.Job instance at 0x1506190a4d20>,44,1,[6 1],70,71,72,1,71
1,<environment.Job instance at 0x1506190a4320>,45,1,[2 9],71,95,96,24,71
1,<environment.Job instance at 0x1506190a4140>,46,1,[1 5],72,93,94,21,72
1,<environment.Job instance at 0x1505ef692b40>,36,1,[5 2],53,96,97,43,81
1,<environment.Job instance at 0x1506190a4e60>,48,3,[5 1],74,97,100,23,81
1,<environment.Job instance at 0x1506190a4f00>,47,16,[ 2 10],73,99,115,26,86
1,<environment.Job instance at 0x1506190a4190>,50,3,[10  2],77,100,103,23,86
1,<environment.Job instance at 0x1506190a4fa0>,51,17,[9 2],79,103,120,24,91
1,<environment.Job instance at 0x1505ef94eaf0>,52,2,[9 2],81,120,122,39,93
1,<environment.Job instance at 0x1505ef94e820>,53,2,[2 7],85,115,117,30,93
1,<environment.Job instance at 0x1505ef94ed70>,54,1,[8 1],86,99,100,13,93
1,<environment.Job instance at 0x1505ef94e280>,55,15,[7 1],87,122,137,35,108
1,<environment.Job instance at 0x1505ef94e4b0>,56,1,[1 8],88,117,118,29,108
1,<environment.Job instance at 0x1505ef94ef00>,57,12,[7 2],89,122,134,33,108
1,<environment.Job instance at 0x1505ef94e5f0>,58,13,[1 9],90,118,131,28,108
1,<environment.Job instance at 0x1505ef94e1e0>,59,2,[7 2],91,134,136,43,108
1,<environment.Job instance at 0x1505ef94ec30>,60,1,[ 2 10],92,136,137,44,108
1,<environment.Job instance at 0x1506190a4af0>,49,3,[1 7],75,131,134,56,118
1,<environment.Job instance at 0x1505ef94e3c0>,61,16,[1 7],93,137,153,44,124
1,<environment.Job instance at 0x1505ef94e870>,63,3,[10  1],97,137,140,40,125
1,<environment.Job instance at 0x1505ef94e7d0>,64,1,[9 2],98,140,141,42,125
1,<environment.Job instance at 0x1505ef94ecd0>,65,17,[8 1],99,141,158,42,129
1,<environment.Job instance at 0x1505ef94e2d0>,66,2,[1 5],100,134,136,34,129
1,<environment.Job instance at 0x1505ef94e500>,67,13,[1 9],101,153,166,52,138
1,<environment.Job instance at 0x150610078e60>,68,2,[10  2],102,158,160,56,138
1,<environment.Job instance at 0x1506100781e0>,69,15,[9 1],104,160,175,56,146
1,<environment.Job instance at 0x1506100785a0>,70,1,[1 5],105,146,147,41,146
1,<environment.Job instance at 0x150610078b90>,71,2,[1 9],106,166,168,60,146
1,<environment.Job instance at 0x1506190e3be0>,72,2,[1 7],109,147,149,38,146
1,<environment.Job instance at 0x1506190e3190>,73,3,[1 8],110,168,171,58,146
1,<environment.Job instance at 0x1506190e32d0>,74,19,[5 2],111,160,179,49,151
1,<environment.Job instance at 0x1506190e31e0>,75,2,[2 8],112,175,177,63,151
1,<environment.Job instance at 0x1506190e33c0>,76,3,[1 7],113,171,174,58,151
1,<environment.Job instance at 0x1506190e3230>,77,2,[6 1],114,151,153,37,151
1,<environment.Job instance at 0x1506190e30f0>,78,3,[7 2],115,175,178,60,151
1,<environment.Job instance at 0x1506190e3410>,79,2,[8 1],116,178,180,62,152
1,<environment.Job instance at 0x1506190e3c80>,80,15,[8 2],117,180,195,63,166
1,<environment.Job instance at 0x1506190e3690>,82,2,[8 2],120,195,197,75,168
1,<environment.Job instance at 0x1506190e3460>,83,1,[1 6],121,174,175,53,169
1,<environment.Job instance at 0x1506190e3f50>,84,3,[6 1],122,179,182,57,169
1,<environment.Job instance at 0x1506190e3a50>,85,16,[1 5],123,177,193,54,169
1,<environment.Job instance at 0x1506190e3730>,86,3,[2 5],124,182,185,58,169
1,<environment.Job instance at 0x150619c80e60>,87,3,[2 8],126,185,188,59,170
1,<environment.Job instance at 0x15061205cf50>,88,17,[12  1],127,197,214,70,185
1,<environment.Job instance at 0x1505ef692c80>,34,1,[ 1 13],51,221,222,170,221
1,<environment.Job instance at 0x1505eff01500>,2,2,[13  1],4,300,302,296,300
1,<environment.Job instance at 0x1506440395a0>,17,3,[1 8],25,25,28,0,25
1,<environment.Job instance at 0x1506440390a0>,22,2,[2 9],30,31,33,1,31
1,<environment.Job instance at 0x150644039410>,23,2,[8 2],31,31,33,0,31
1,<environment.Job instance at 0x1506440399b0>,25,16,[7 2],34,40,56,6,40
1,<environment.Job instance at 0x150644039320>,26,1,[ 2 10],35,42,43,7,42
1,<environment.Job instance at 0x1505f2db57d0>,31,3,[2 5],43,47,50,4,47
1,<environment.Job instance at 0x1505f2db5640>,33,15,[5 1],46,51,66,5,51
1,<environment.Job instance at 0x1505f2db5af0>,34,23,[2 5],47,62,85,15,62
1,<environment.Job instance at 0x1505f2db5f50>,37,16,[2 9],50,75,91,25,75
1,<environment.Job instance at 0x1505f2db5500>,36,18,[8 2],49,85,103,36,75
1,<environment.Job instance at 0x1505f2db5050>,39,3,[2 6],52,91,94,39,76
1,<environment.Job instance at 0x1505f2db5280>,40,1,[5 2],53,85,86,32,76
1,<environment.Job instance at 0x1505f2db5b40>,41,3,[7 1],54,76,79,22,76
1,<environment.Job instance at 0x1505f2db5be0>,42,2,[2 6],55,91,93,36,76
1,<environment.Job instance at 0x1505f2db5cd0>,43,3,[2 7],57,93,96,36,76
1,<environment.Job instance at 0x1505efcba4b0>,44,18,[1 6],58,94,112,36,83
1,<environment.Job instance at 0x1505f2db5550>,45,3,[1 5],60,96,99,36,83
1,<environment.Job instance at 0x1505efcbab90>,46,2,[2 8],61,103,105,42,83
1,<environment.Job instance at 0x1505efcba730>,47,17,[11  2],62,105,122,43,93
1,<environment.Job instance at 0x1505efcba6e0>,48,15,[1 5],63,105,120,42,93
1,<environment.Job instance at 0x1505efcba1e0>,49,3,[2 5],65,99,102,34,93
1,<environment.Job instance at 0x1505efcbafa0>,50,2,[6 2],66,122,124,56,96
1,<environment.Job instance at 0x1505efcba190>,51,16,[2 8],68,112,128,44,100
1,<environment.Job instance at 0x1505f2f2b320>,52,2,[9 1],69,103,105,34,100
1,<environment.Job instance at 0x1505efcba320>,53,18,[2 5],70,120,138,50,109
1,<environment.Job instance at 0x1505f2f2b2d0>,54,3,[10  2],71,124,127,53,110
1,<environment.Job instance at 0x1505f2f2be60>,55,1,[6 1],74,127,128,53,111
1,<environment.Job instance at 0x1505f2f2baa0>,56,3,[10  1],75,128,131,53,111
1,<environment.Job instance at 0x1505f2f2bc30>,57,3,[6 2],76,131,134,55,111
1,<environment.Job instance at 0x1505f0091af0>,58,18,[ 1 14],77,138,156,61,127
1,<environment.Job instance at 0x1505f0091320>,59,2,[7 1],78,131,133,53,127
1,<environment.Job instance at 0x1505f00917d0>,60,3,[10  1],79,134,137,55,127
1,<environment.Job instance at 0x1505f00910a0>,61,1,[6 1],80,133,134,53,128
1,<environment.Job instance at 0x1505f2db5690>,38,3,[2 6],51,135,138,84,135
1,<environment.Job instance at 0x1505f0091410>,63,1,[2 7],82,156,157,74,136
1,<environment.Job instance at 0x1505f0091e60>,62,18,[1 9],81,157,175,76,155
1,<environment.Job instance at 0x1505f0091a00>,65,1,[8 2],84,156,157,72,155
1,<environment.Job instance at 0x1505f0091280>,64,3,[7 1],83,162,165,79,162
1,<environment.Job instance at 0x1505f0091a50>,66,28,[ 2 10],86,175,203,89,175
1,<environment.Job instance at 0x1505f0091b90>,68,2,[8 2],88,187,189,99,187
1,<environment.Job instance at 0x1505f0091230>,69,13,[6 1],89,191,204,102,191
1,<environment.Job instance at 0x1505f0096a00>,70,3,[10  1],91,204,207,113,198
1,<environment.Job instance at 0x1505f0096870>,71,14,[6 1],93,207,221,114,199
1,<environment.Job instance at 0x1505f0096b40>,72,2,[10  1],94,221,223,127,199
1,<environment.Job instance at 0x1505f0096820>,73,1,[ 1 10],97,203,204,106,201
1,<environment.Job instance at 0x1505f0096af0>,74,1,[5 2],98,202,203,104,202
1,<environment.Job instance at 0x1505f0096550>,76,14,[1 6],101,213,227,112,213
1,<environment.Job instance at 0x1505f0096280>,77,12,[1 7],104,217,229,113,217
1,<environment.Job instance at 0x1505f0096230>,78,3,[2 7],105,227,230,122,217
1,<environment.Job instance at 0x1505f0096460>,80,17,[5 2],110,229,246,119,217
1,<environment.Job instance at 0x1505ef7e0af0>,81,3,[8 2],111,223,226,112,217
1,<environment.Job instance at 0x1505f809e460>,82,2,[2 5],114,229,231,115,218
1,<environment.Job instance at 0x1505f00965f0>,75,1,[8 1],99,226,227,127,219
1,<environment.Job instance at 0x1505f809e3c0>,84,1,[8 1],116,235,236,119,235
1,<environment.Job instance at 0x1505f809e1e0>,83,19,[ 2 14],115,246,265,131,236
1,<environment.Job instance at 0x1505f809ed70>,87,17,[2 6],120,265,282,145,253
1,<environment.Job instance at 0x1505f809eaf0>,88,3,[1 7],123,265,268,142,254
1,<environment.Job instance at 0x1505f809e5f0>,89,1,[8 2],124,265,266,141,257
1,<environment.Job instance at 0x1505f809e280>,91,2,[10  1],126,261,263,135,261
1,<environment.Job instance at 0x1505f809e6e0>,92,16,[10  2],127,266,282,139,261
1,<environment.Job instance at 0x1505efd6e7d0>,93,2,[2 5],128,268,270,140,261
1,<environment.Job instance at 0x1505f2d07d20>,94,1,[1 7],129,270,271,141,261
1,<environment.Job instance at 0x1505f809e410>,86,2,[9 1],119,282,284,163,281
1,<environment.Job instance at 0x150644039820>,28,12,[ 2 11],38,385,397,347,385
1,<environment.Job instance at 0x150613d68af0>,14,2,[5 1],20,20,22,0,20
1,<environment.Job instance at 0x150613d68640>,12,3,[10  2],18,26,29,8,26
1,<environment.Job instance at 0x150613d68f50>,15,3,[ 2 10],22,29,32,7,29
1,<environment.Job instance at 0x150613d68140>,17,2,[8 1],24,29,31,5,29
1,<environment.Job instance at 0x150613d68230>,18,3,[2 8],27,32,35,5,30
1,<environment.Job instance at 0x150613d68780>,19,3,[9 1],28,31,34,3,30
1,<environment.Job instance at 0x150613d68eb0>,16,2,[2 8],23,35,37,12,30
1,<environment.Job instance at 0x150613d68690>,20,3,[2 9],30,37,40,7,30
1,<environment.Job instance at 0x1505f08647d0>,22,2,[ 1 10],32,40,42,8,32
1,<environment.Job instance at 0x150613ce3870>,23,3,[ 1 10],34,42,45,8,34
1,<environment.Job instance at 0x150613ce38c0>,24,1,[9 2],35,40,41,5,40
1,<environment.Job instance at 0x150613ce3230>,26,2,[5 2],37,41,43,4,41
1,<environment.Job instance at 0x150613ce3640>,27,3,[14  2],38,43,46,5,41
1,<environment.Job instance at 0x150613ce3aa0>,28,2,[1 7],41,45,47,4,41
1,<environment.Job instance at 0x150613ce3b40>,29,2,[2 6],42,46,48,4,42
1,<environment.Job instance at 0x150613ce3af0>,30,3,[6 1],44,46,49,2,45
1,<environment.Job instance at 0x150613d68f00>,21,2,[10  2],31,49,51,18,45
1,<environment.Job instance at 0x1505f3e4ee10>,31,16,[ 2 10],45,48,64,3,47
1,<environment.Job instance at 0x1505efef6dc0>,34,1,[10  1],49,51,52,2,49
1,<environment.Job instance at 0x1505efef6550>,35,15,[7 1],50,52,67,2,50
1,<environment.Job instance at 0x1505f2fdd5a0>,37,17,[2 9],53,64,81,11,53
1,<environment.Job instance at 0x1505f2fdd820>,38,1,[9 2],54,67,68,13,54
1,<environment.Job instance at 0x1505f2fdd410>,39,3,[2 9],55,81,84,26,55
1,<environment.Job instance at 0x1505f2fdd550>,40,3,[2 5],56,64,67,8,59
1,<environment.Job instance at 0x1505f2fdd690>,41,3,[1 7],57,84,87,27,59
1,<environment.Job instance at 0x1505f2fddeb0>,42,2,[2 6],58,68,70,10,59
1,<environment.Job instance at 0x1505f2fddd20>,43,2,[5 2],59,70,72,11,66
1,<environment.Job instance at 0x1505f2fddfa0>,45,2,[1 5],61,72,74,11,67
1,<environment.Job instance at 0x1505f2fddb40>,46,12,[5 1],62,70,82,8,67
1,<environment.Job instance at 0x1505f2fdd4b0>,47,1,[10  1],63,82,83,19,67
1,<environment.Job instance at 0x1505f2fddf50>,48,3,[1 7],65,84,87,19,67
1,<environment.Job instance at 0x1505efa97fa0>,49,1,[10  2],67,83,84,16,68
1,<environment.Job instance at 0x1505f3e4e0a0>,33,3,[6 1],48,74,77,26,71
1,<environment.Job instance at 0x1506199adbe0>,50,1,[6 1],69,77,78,8,71
1,<environment.Job instance at 0x1506199adb40>,53,17,[6 1],72,84,101,12,72
1,<environment.Job instance at 0x1505ef611c30>,54,1,[8 1],73,78,79,5,73
1,<environment.Job instance at 0x150612b7fd20>,55,3,[1 6],74,87,90,13,74
1,<environment.Job instance at 0x1505efd6b780>,56,2,[1 9],77,90,92,13,77
1,<environment.Job instance at 0x1505efd6be60>,57,17,[2 7],78,92,109,14,81
1,<environment.Job instance at 0x1505efd6b370>,58,12,[5 1],79,87,99,8,81
1,<environment.Job instance at 0x1505efd6bdc0>,59,16,[1 7],81,99,115,18,86
1,<environment.Job instance at 0x1505efd6bd70>,60,3,[2 6],82,87,90,5,86
1,<environment.Job instance at 0x1505efd6bb40>,61,17,[6 1],85,101,118,16,90
1,<environment.Job instance at 0x1505eff3a910>,62,3,[2 8],86,115,118,29,90
1,<environment.Job instance at 0x1505efd6bf50>,63,2,[9 1],88,118,120,30,91
1,<environment.Job instance at 0x15061a0440f0>,64,12,[5 2],89,109,121,20,93
1,<environment.Job instance at 0x15061a0447d0>,65,1,[1 9],90,118,119,28,94
1,<environment.Job instance at 0x15061a044960>,66,1,[1 5],91,94,95,3,94
1,<environment.Job instance at 0x1506199adaf0>,52,2,[1 8],71,119,121,48,110
1,<environment.Job instance at 0x1505f2db0a00>,67,26,[2 7],92,121,147,29,118
1,<environment.Job instance at 0x1505f2db03c0>,69,3,[2 9],94,147,150,53,122
1,<environment.Job instance at 0x1505f2d565a0>,70,15,[8 1],96,123,138,27,123
1,<environment.Job instance at 0x1505f2d56550>,71,1,[2 7],97,123,124,26,123
1,<environment.Job instance at 0x1505f2d561e0>,72,1,[7 2],98,138,139,40,125
1,<environment.Job instance at 0x1505f2d560a0>,73,25,[1 7],99,150,175,51,146
1,<environment.Job instance at 0x1505f2d56a00>,74,1,[ 2 10],100,175,176,75,147
1,<environment.Job instance at 0x1505f2d564b0>,75,2,[2 5],101,155,157,54,155
1,<environment.Job instance at 0x150610113c30>,76,15,[7 2],102,156,171,54,156
1,<environment.Job instance at 0x150610113cd0>,77,1,[7 2],105,157,158,52,156
1,<environment.Job instance at 0x150613d6d4b0>,78,1,[1 8],106,171,172,65,156
1,<environment.Job instance at 0x150613d6d780>,79,2,[1 7],107,172,174,65,157
1,<environment.Job instance at 0x150613d6de60>,80,22,[ 1 10],108,176,198,68,169
1,<environment.Job instance at 0x150613d6da50>,81,2,[1 6],109,169,171,60,169
1,<environment.Job instance at 0x1505ef7d1af0>,82,1,[14  1],111,174,175,63,171
1,<environment.Job instance at 0x1505eff07b40>,83,3,[10  1],112,175,178,63,171
1,<environment.Job instance at 0x1506100fc6e0>,84,3,[10  1],113,178,181,65,172
1,<environment.Job instance at 0x1506100fcb40>,85,1,[8 1],114,173,174,59,173
1,<environment.Job instance at 0x1505f3e43a00>,86,17,[7 2],116,181,198,65,173
1,<environment.Job instance at 0x1505f07ef5a0>,87,13,[2 5],117,198,211,81,182
1,<environment.Job instance at 0x1505f2df6730>,88,2,[6 1],119,183,185,64,183
1,<environment.Job instance at 0x1506121b7d70>,89,16,[6 1],120,185,201,65,183
1,<environment.Job instance at 0x1505f017d5a0>,90,1,[ 1 10],122,201,202,79,183
1,<environment.Job instance at 0x15061a034e10>,91,3,[9 1],124,202,205,78,183
1,<environment.Job instance at 0x1505efbbfeb0>,92,1,[8 2],126,205,206,79,183
1,<environment.Job instance at 0x1505ef8ab4b0>,93,3,[1 5],127,198,201,71,184
1,<environment.Job instance at 0x1505ef387370>,94,1,[10  1],129,206,207,77,185
1,<environment.Job instance at 0x150613d68b90>,10,13,[ 2 11],15,641,654,626,641
1,<environment.Job instance at 0x1505ef3f1e60>,19,2,[2 5],23,37,39,14,37
1,<environment.Job instance at 0x1505ef3f1eb0>,18,2,[1 9],22,39,41,17,39
1,<environment.Job instance at 0x1505ef3f1aa0>,23,14,[9 2],29,39,53,10,39
1,<environment.Job instance at 0x1505ef3f11e0>,21,1,[8 1],27,53,54,26,39
1,<environment.Job instance at 0x1505ef3f1d20>,20,3,[1 5],26,44,47,18,44
1,<environment.Job instance at 0x1505ef3f1d70>,26,1,[1 5],33,44,45,11,44
1,<environment.Job instance at 0x1505ef3f1230>,29,15,[8 2],36,54,69,18,45
1,<environment.Job instance at 0x1505ef3f1910>,30,3,[1 7],38,45,48,7,45
1,<environment.Job instance at 0x1505ef3f1fa0>,31,3,[7 1],39,53,56,14,46
1,<environment.Job instance at 0x1505ef4073c0>,32,2,[2 7],40,48,50,8,46
1,<environment.Job instance at 0x1505ef407190>,33,14,[ 2 10],41,56,70,15,47
1,<environment.Job instance at 0x1505ef407a50>,34,1,[1 9],42,50,51,8,47
1,<environment.Job instance at 0x1505ef407e10>,35,18,[5 2],43,56,74,13,47
1,<environment.Job instance at 0x1505ef407dc0>,36,2,[1 8],45,51,53,6,47
1,<environment.Job instance at 0x1505ef3f1a00>,25,3,[1 5],31,70,73,39,53
1,<environment.Job instance at 0x1505ef40da00>,37,16,[1 6],46,70,86,24,57
1,<environment.Job instance at 0x1505ef40db40>,39,14,[10  1],49,74,88,25,59
1,<environment.Job instance at 0x1505ef40de10>,40,3,[ 1 14],50,86,89,36,60
1,<environment.Job instance at 0x1505ef40d2d0>,41,3,[5 1],51,69,72,18,60
1,<environment.Job instance at 0x1505ef40d370>,42,2,[8 1],53,72,74,19,60
1,<environment.Job instance at 0x1505ef40deb0>,43,3,[9 1],54,88,91,34,62
1,<environment.Job instance at 0x1505ef40ddc0>,44,3,[8 2],55,91,94,36,66
1,<environment.Job instance at 0x1505ef43faa0>,46,2,[2 7],59,74,76,15,66
1,<environment.Job instance at 0x1505ef43f3c0>,47,17,[6 2],61,89,106,28,77
1,<environment.Job instance at 0x1505ef43fa50>,48,13,[ 2 10],62,94,107,32,79
1,<environment.Job instance at 0x1505ef43f140>,49,2,[1 9],63,91,93,28,79
1,<environment.Job instance at 0x1505ef40d7d0>,38,3,[2 6],48,107,110,59,92
1,<environment.Job instance at 0x1505ef43faf0>,50,23,[1 5],64,106,129,42,101
1,<environment.Job instance at 0x1505ef43f960>,53,1,[8 2],67,107,108,40,103
1,<environment.Job instance at 0x1505ef43fb40>,54,2,[7 1],68,103,105,35,103
1,<environment.Job instance at 0x1505ef43fb90>,55,1,[5 1],69,105,106,36,103
1,<environment.Job instance at 0x1505ef43f550>,56,2,[2 8],70,110,112,40,105
1,<environment.Job instance at 0x1505ef43f910>,57,3,[7 1],71,109,112,38,109
1,<environment.Job instance at 0x1505ef43f2d0>,58,3,[8 2],72,112,115,40,109
1,<environment.Job instance at 0x1505ef43fa00>,59,2,[10  1],74,115,117,41,110
1,<environment.Job instance at 0x1505ef3dbc80>,60,22,[5 1],76,117,139,41,110
1,<environment.Job instance at 0x1505ef3db7d0>,61,14,[9 2],79,117,131,38,110
1,<environment.Job instance at 0x1505ef3db550>,62,16,[8 2],81,131,147,50,118
1,<environment.Job instance at 0x1505ef3db500>,63,3,[1 5],82,129,132,47,118
1,<environment.Job instance at 0x1505ef3dbaf0>,64,2,[5 2],83,139,141,56,118
1,<environment.Job instance at 0x1505ef3db8c0>,65,13,[8 1],85,147,160,62,131
1,<environment.Job instance at 0x1505ef3dbfa0>,66,1,[7 2],86,141,142,55,131
1,<environment.Job instance at 0x1505ef3db820>,67,2,[2 8],87,132,134,45,132
1,<environment.Job instance at 0x1505ef3db870>,68,12,[9 1],88,160,172,72,144
1,<environment.Job instance at 0x1505ef3dbd70>,69,3,[9 2],90,172,175,82,146
1,<environment.Job instance at 0x1505ef3db190>,71,2,[6 2],92,146,148,54,146
1,<environment.Job instance at 0x1505ef3db230>,72,1,[1 5],94,146,147,52,146
1,<environment.Job instance at 0x1505efec4410>,73,2,[5 2],95,148,150,53,146
1,<environment.Job instance at 0x1505ef3db1e0>,74,2,[8 1],96,175,177,79,148
1,<environment.Job instance at 0x1505efec48c0>,75,2,[8 1],97,177,179,80,150
1,<environment.Job instance at 0x1505efec4550>,76,17,[ 2 10],98,152,169,54,152
1,<environment.Job instance at 0x1505efec4910>,77,3,[10  2],99,179,182,80,153
1,<environment.Job instance at 0x1505efec4640>,78,18,[2 5],100,169,187,69,158
1,<environment.Job instance at 0x1505efec4f50>,79,3,[2 7],101,169,172,68,158
1,<environment.Job instance at 0x1505ef43f9b0>,52,18,[10  1],66,182,200,116,171
1,<environment.Job instance at 0x1505efec4f00>,81,2,[1 6],103,174,176,71,174
1,<environment.Job instance at 0x1505efec4730>,80,18,[ 2 11],102,187,205,85,177
1,<environment.Job instance at 0x1505efec4cd0>,83,2,[ 1 13],105,205,207,100,178
1,<environment.Job instance at 0x1505efec4be0>,84,13,[8 1],106,200,213,94,184
1,<environment.Job instance at 0x1505efec4eb0>,85,1,[6 1],107,205,206,98,185
1,<environment.Job instance at 0x1505efec4af0>,86,2,[ 1 10],108,207,209,99,185
1,<environment.Job instance at 0x1505efec40f0>,87,1,[5 1],109,200,201,91,185
1,<environment.Job instance at 0x1505efc03aa0>,88,3,[5 2],110,201,204,91,185
1,<environment.Job instance at 0x1505ef3d86e0>,89,17,[6 2],114,207,224,93,195
1,<environment.Job instance at 0x1505ef39c690>,90,3,[5 2],115,213,216,98,195
1,<environment.Job instance at 0x1505efec4500>,82,16,[1 9],104,209,225,105,205
1,<environment.Job instance at 0x1505ef3acf50>,92,2,[8 2],117,216,218,99,208
1,<environment.Job instance at 0x150612151550>,91,15,[10  2],116,224,239,108,210
1,<environment.Job instance at 0x1505ef3ac820>,94,1,[8 2],119,218,219,99,210
1,<environment.Job instance at 0x1505ef3acaf0>,95,12,[1 8],120,225,237,105,210
1,<environment.Job instance at 0x1505ef3ac690>,93,2,[11  1],118,239,241,121,230
1,<environment.Job instance at 0x1505ef3ac4b0>,96,28,[ 2 10],121,237,265,116,236
1,<environment.Job instance at 0x1505f2da8e60>,98,14,[2 5],126,241,255,115,238
1,<environment.Job instance at 0x1505efb94f50>,99,2,[1 8],127,265,267,138,238
1,<environment.Job instance at 0x1505ef3b6230>,100,1,[5 1],128,255,256,127,238
1,<environment.Job instance at 0x150613c7a370>,97,3,[9 1],124,256,259,132,244
1,<environment.Job instance at 0x1505ef3f18c0>,27,16,[8 1],34,259,275,225,250
1,<environment.Job instance at 0x1505ef3ac550>,101,14,[1 7],129,267,281,138,252
1,<environment.Job instance at 0x1505ef3f1320>,17,3,[ 1 11],21,287,290,266,287
1,<environment.Job instance at 0x150612161140>,15,3,[2 8],21,21,24,0,21
1,<environment.Job instance at 0x150612161af0>,16,12,[7 2],22,22,34,0,22
1,<environment.Job instance at 0x1505f2d20a50>,17,1,[2 5],24,24,25,0,24
1,<environment.Job instance at 0x1505ef6fec80>,11,2,[ 1 11],17,25,27,8,24
1,<environment.Job instance at 0x150613c7c500>,13,16,[ 1 12],19,27,43,8,25
1,<environment.Job instance at 0x1505f2d2de10>,40,14,[9 2],63,71,85,8,71
1,<environment.Job instance at 0x1505f2d2deb0>,39,18,[1 6],61,75,93,14,75
1,<environment.Job instance at 0x1505f2d70aa0>,47,16,[9 2],73,85,101,12,75
1,<environment.Job instance at 0x1505f2d708c0>,48,2,[1 5],74,75,77,1,75
1,<environment.Job instance at 0x1505f8360910>,49,1,[2 5],75,77,78,2,75
1,<environment.Job instance at 0x1505f8360b90>,50,12,[5 1],78,79,91,1,79
1,<environment.Job instance at 0x1505efec0730>,51,1,[10  1],80,101,102,21,81
1,<environment.Job instance at 0x1505efec0820>,52,1,[7 1],81,102,103,21,84
1,<environment.Job instance at 0x1505efec0870>,53,2,[10  1],82,103,105,21,85
1,<environment.Job instance at 0x1505efec0690>,54,1,[6 2],83,93,94,10,88
1,<environment.Job instance at 0x1505efec0af0>,55,3,[6 2],84,94,97,10,89
1,<environment.Job instance at 0x1505f01a2370>,57,2,[5 1],89,91,93,2,90
1,<environment.Job instance at 0x1506120b9e60>,59,13,[2 8],93,97,110,4,94
1,<environment.Job instance at 0x150613c7aaf0>,60,3,[1 9],94,110,113,16,96
1,<environment.Job instance at 0x150612bd6be0>,64,18,[7 2],100,105,123,5,100
1,<environment.Job instance at 0x1505f3ec9870>,65,15,[2 7],101,113,128,12,101
1,<environment.Job instance at 0x1505ef8d07d0>,69,1,[14  2],106,128,129,22,106
1,<environment.Job instance at 0x1505ef8d09b0>,70,2,[6 2],107,108,110,1,108
1,<environment.Job instance at 0x1505ef8d0fa0>,71,13,[6 1],108,111,124,3,111
1,<environment.Job instance at 0x1505f0b21be0>,72,2,[1 9],109,128,130,19,111
1,<environment.Job instance at 0x1505f29ac410>,73,3,[6 2],110,123,126,13,112
1,<environment.Job instance at 0x1505f3ecd8c0>,74,3,[5 2],112,124,127,12,112
1,<environment.Job instance at 0x1506100b7d20>,75,2,[1 8],113,130,132,17,114
1,<environment.Job instance at 0x15061993eb40>,76,17,[9 1],114,129,146,15,117
1,<environment.Job instance at 0x1505f3ef2dc0>,77,2,[2 8],117,132,134,15,118
1,<environment.Job instance at 0x1505efdb1910>,78,14,[2 8],118,134,148,16,120
1,<environment.Job instance at 0x1505efdb1190>,79,1,[10  2],119,127,128,8,120
1,<environment.Job instance at 0x1505efdb1eb0>,80,17,[7 2],121,146,163,25,140
1,<environment.Job instance at 0x1506100b6a00>,82,2,[10  1],125,163,165,38,140
1,<environment.Job instance at 0x1506100b62d0>,81,13,[8 1],124,148,161,24,146
1,<environment.Job instance at 0x1506100b6e60>,83,18,[8 1],127,165,183,38,155
1,<environment.Job instance at 0x150612b625a0>,85,1,[6 1],129,161,162,32,156
1,<environment.Job instance at 0x150612b626e0>,84,1,[6 2],128,166,167,38,166
1,<environment.Job instance at 0x1505f3ec99b0>,67,2,[14  2],104,510,512,406,510
1,<environment.Job instance at 0x1505ef5b5140>,14,1,[1 5],20,567,568,547,567
1,<environment.Job instance at 0x1506122c5b90>,1,2,[1 9],4,4,6,0,4
1,<environment.Job instance at 0x15061008b5f0>,11,1,[1 6],22,22,23,0,22
1,<environment.Job instance at 0x150613c96960>,19,3,[1 5],33,34,37,1,34
1,<environment.Job instance at 0x1505f08682d0>,20,14,[1 7],34,38,52,4,38
1,<environment.Job instance at 0x1505f0905280>,22,12,[5 2],37,39,51,2,39
1,<environment.Job instance at 0x1505f0905910>,23,1,[2 9],38,52,53,14,39
1,<environment.Job instance at 0x1505efbcaaf0>,24,1,[10  2],39,51,52,12,42
1,<environment.Job instance at 0x1505ef6da730>,25,2,[5 2],42,42,44,0,42
1,<environment.Job instance at 0x1505ef852320>,26,2,[10  1],43,52,54,9,44
1,<environment.Job instance at 0x150613d8abe0>,27,17,[7 1],45,54,71,9,45
1,<environment.Job instance at 0x1505ef5aa550>,28,1,[7 2],46,46,47,0,46
1,<environment.Job instance at 0x1505ef4fe730>,29,15,[7 1],47,54,69,7,47
1,<environment.Job instance at 0x1505ef4fe820>,30,13,[5 2],53,69,82,16,53
1,<environment.Job instance at 0x1505ef4ec320>,31,3,[1 9],54,54,57,0,54
1,<environment.Job instance at 0x1505ef8e9410>,21,2,[1 8],36,57,59,21,57
1,<environment.Job instance at 0x1505ef4ece10>,32,1,[1 7],57,59,60,2,59
1,<environment.Job instance at 0x1505ef4ec0f0>,34,3,[6 2],60,71,74,11,60
1,<environment.Job instance at 0x1505ef4ecd20>,33,14,[7 1],59,74,88,15,60
1,<environment.Job instance at 0x1505ef5a20a0>,36,2,[8 1],66,82,84,16,66
1,<environment.Job instance at 0x1506101d4f50>,37,3,[8 2],68,84,87,16,68
1,<environment.Job instance at 0x1505ef9839b0>,38,14,[10  2],69,88,102,19,73
1,<environment.Job instance at 0x1505ef983960>,39,2,[2 6],70,73,75,3,73
1,<environment.Job instance at 0x1506101d4870>,40,17,[1 9],71,87,104,16,75
1,<environment.Job instance at 0x1505ef4d3f50>,41,3,[1 6],72,75,78,3,75
1,<environment.Job instance at 0x1505ef4d3cd0>,42,1,[8 1],73,102,103,29,75
1,<environment.Job instance at 0x1505ef4d3320>,43,1,[6 1],74,87,88,13,75
1,<environment.Job instance at 0x1505ef497dc0>,44,1,[1 9],78,78,79,0,78
1,<environment.Job instance at 0x1505ef85b960>,45,3,[10  2],82,103,106,21,82
1,<environment.Job instance at 0x1505ef85b230>,46,17,[6 1],83,106,123,23,94
1,<environment.Job instance at 0x1505ef6edd70>,47,1,[2 8],84,104,105,20,94
1,<environment.Job instance at 0x1505ef6edc30>,48,2,[9 1],87,106,108,19,94
1,<environment.Job instance at 0x1505ef6edcd0>,49,18,[2 8],88,108,126,20,97
1,<environment.Job instance at 0x1505f82cd5a0>,51,2,[6 2],92,108,110,16,97
1,<environment.Job instance at 0x1505f82cdcd0>,52,3,[5 2],97,110,113,13,97
1,<environment.Job instance at 0x1505ef78d820>,53,3,[ 2 10],98,126,129,28,100
1,<environment.Job instance at 0x1505ef78db90>,54,3,[1 5],100,113,116,13,100
1,<environment.Job instance at 0x1505ef78d8c0>,55,1,[9 1],101,123,124,22,101
1,<environment.Job instance at 0x1506122b3870>,56,2,[1 7],103,124,126,21,103
1,<environment.Job instance at 0x150612293d70>,57,2,[2 5],104,104,106,0,104
1,<environment.Job instance at 0x150612293fa0>,58,16,[5 2],105,126,142,21,113
1,<environment.Job instance at 0x1505ef5b0c30>,59,13,[ 1 13],106,129,142,23,113
1,<environment.Job instance at 0x15061008b640>,15,2,[14  1],27,142,144,115,115
1,<environment.Job instance at 0x1505ef5b0a00>,60,2,[10  1],107,144,146,37,117
1,<environment.Job instance at 0x1505efaf6370>,63,1,[1 9],111,142,143,31,117
1,<environment.Job instance at 0x1505f2e737d0>,67,1,[6 1],115,146,147,31,134
1,<environment.Job instance at 0x1505efaf6fa0>,64,18,[8 2],112,146,164,34,135
1,<environment.Job instance at 0x1505f2958cd0>,69,1,[6 1],118,147,148,29,135
1,<environment.Job instance at 0x150613c99500>,71,2,[2 5],126,144,146,18,135
1,<environment.Job instance at 0x150613c998c0>,73,18,[7 2],129,148,166,19,137
1,<environment.Job instance at 0x1505ef6ed3c0>,50,13,[7 2],91,164,177,73,163
1,<environment.Job instance at 0x15061a04ab90>,18,18,[10  2],32,287,305,255,287
1,<environment.Job instance at 0x1505ef9daaa0>,0,2,[2 9],1,1,3,0,1
1,<environment.Job instance at 0x1505f0140960>,20,2,[1 8],29,42,44,13,42
1,<environment.Job instance at 0x150610062050>,22,17,[10  2],31,48,65,17,48
1,<environment.Job instance at 0x1505ef320e10>,23,12,[1 7],32,48,60,16,48
1,<environment.Job instance at 0x150610062730>,24,2,[11  1],34,65,67,31,48
1,<environment.Job instance at 0x1505ef3208c0>,25,3,[9 1],37,67,70,30,48
1,<environment.Job instance at 0x15061229f460>,26,27,[9 2],38,70,97,32,69
1,<environment.Job instance at 0x15061229ffa0>,27,2,[7 1],39,97,99,58,70
1,<environment.Job instance at 0x15061229fa00>,29,1,[6 1],41,70,71,29,70
1,<environment.Job instance at 0x15061229fe10>,30,1,[1 5],42,71,72,29,70
1,<environment.Job instance at 0x15061229f4b0>,31,2,[1 7],43,71,73,28,70
1,<environment.Job instance at 0x15061229f3c0>,32,3,[1 7],44,73,76,29,70
1,<environment.Job instance at 0x15061229f190>,33,1,[1 8],45,76,77,31,70
1,<environment.Job instance at 0x15061229f0f0>,34,2,[2 5],46,72,74,26,70
1,<environment.Job instance at 0x1505ef337e10>,35,3,[1 9],47,77,80,30,70
1,<environment.Job instance at 0x1505ef337c30>,36,3,[8 1],48,97,100,49,71
1,<environment.Job instance at 0x1505ef337960>,37,1,[2 9],49,80,81,31,71
1,<environment.Job instance at 0x15061012ca00>,38,3,[1 9],52,81,84,29,71
1,<environment.Job instance at 0x15061012caf0>,39,1,[9 1],53,100,101,47,72
1,<environment.Job instance at 0x1505efbb4dc0>,41,2,[1 8],55,84,86,29,74
1,<environment.Job instance at 0x1505efbb4500>,42,16,[10  1],56,101,117,45,88
1,<environment.Job instance at 0x1505efbb4690>,44,3,[9 2],59,117,120,58,91
1,<environment.Job instance at 0x1505efbb4550>,45,14,[ 1 12],60,99,113,39,91
1,<environment.Job instance at 0x1505efbb4e10>,46,2,[ 1 10],61,91,93,30,91
1,<environment.Job instance at 0x1505efbb4f50>,47,1,[9 1],62,120,121,58,92
1,<environment.Job instance at 0x1505efbb42d0>,48,2,[1 5],63,93,95,30,92
1,<environment.Job instance at 0x1505efbb44b0>,49,1,[6 2],64,95,96,31,92
1,<environment.Job instance at 0x1505efbb4780>,50,3,[7 2],66,121,124,55,95
1,<environment.Job instance at 0x1505f0815fa0>,51,13,[1 6],67,113,126,46,98
1,<environment.Job instance at 0x1505f0815820>,52,19,[5 1],68,117,136,49,108
1,<environment.Job instance at 0x1505f0815cd0>,53,1,[5 2],70,124,125,54,108
1,<environment.Job instance at 0x1506100c5820>,54,3,[1 8],72,113,116,41,108
1,<environment.Job instance at 0x1506100c5910>,55,16,[ 1 10],73,126,142,53,114
1,<environment.Job instance at 0x1506100c59b0>,56,20,[10  2],74,136,156,62,128
1,<environment.Job instance at 0x1506100c5d20>,57,15,[2 8],75,142,157,67,128
1,<environment.Job instance at 0x1505ef57beb0>,58,1,[1 5],77,142,143,65,129
1,<environment.Job instance at 0x1505efc3fdc0>,59,1,[7 2],78,129,130,51,129
1,<environment.Job instance at 0x1506122c9230>,60,3,[ 2 10],80,157,160,77,135
1,<environment.Job instance at 0x1505ef5d8f50>,62,3,[10  2],83,156,159,73,135
1,<environment.Job instance at 0x1505efef1230>,63,3,[2 7],85,160,163,75,135
1,<environment.Job instance at 0x1505ef57b320>,64,15,[7 2],86,159,174,73,145
1,<environment.Job instance at 0x1505ef57b910>,65,13,[ 2 10],88,163,176,75,147
1,<environment.Job instance at 0x1505f2a787d0>,66,1,[1 5],91,148,149,57,148
1,<environment.Job instance at 0x1505f01445f0>,67,21,[6 2],92,159,180,67,151
1,<environment.Job instance at 0x1505efb9be60>,68,16,[6 1],94,174,190,80,161
1,<environment.Job instance at 0x1505efb9bc80>,69,1,[8 2],95,180,181,85,161
1,<environment.Job instance at 0x1505efb9b910>,70,2,[ 2 10],96,176,178,80,161
1,<environment.Job instance at 0x1505ef31dd70>,71,1,[1 6],97,178,179,81,162
1,<environment.Job instance at 0x150647117b40>,72,1,[ 1 10],102,179,180,77,162
1,<environment.Job instance at 0x1506121b7960>,73,14,[2 7],103,181,195,78,166
1,<environment.Job instance at 0x1506121b7a00>,74,3,[7 1],104,181,184,77,166
1,<environment.Job instance at 0x1506121b76e0>,75,1,[ 1 10],105,180,181,75,166
1,<environment.Job instance at 0x1505f0856730>,76,18,[6 1],106,184,202,78,173
1,<environment.Job instance at 0x1505f0856500>,77,3,[2 9],107,195,198,88,173
1,<environment.Job instance at 0x1505f0856230>,78,14,[ 1 10],108,198,212,90,183
1,<environment.Job instance at 0x1505eff030f0>,79,18,[2 8],109,212,230,103,205
1,<environment.Job instance at 0x1505f2d3ff50>,80,27,[7 1],111,210,237,99,210
1,<environment.Job instance at 0x1506120acaf0>,81,18,[8 1],112,230,248,118,219
1,<environment.Job instance at 0x1506120accd0>,82,2,[6 2],113,219,221,106,219
1,<environment.Job instance at 0x1505ef5dca00>,83,16,[6 2],115,237,253,122,224
1,<environment.Job instance at 0x1505ef5dc820>,84,2,[2 6],116,224,226,108,224
1,<environment.Job instance at 0x1505ef2e1e60>,85,2,[9 1],118,248,250,130,224
1,<environment.Job instance at 0x1505ef2e1410>,86,2,[8 1],120,250,252,130,224
1,<environment.Job instance at 0x1505ef2e1500>,87,1,[ 1 10],123,237,238,114,225
1,<environment.Job instance at 0x1505ef2e1be0>,88,1,[8 1],124,252,253,128,225
1,<environment.Job instance at 0x1505ef2e1e10>,89,1,[8 1],125,253,254,128,225
1,<environment.Job instance at 0x1505ef2e1d20>,90,3,[2 7],126,253,256,127,227
1,<environment.Job instance at 0x150610169500>,91,14,[1 9],128,256,270,128,241
1,<environment.Job instance at 0x1505f0140dc0>,19,1,[2 5],28,289,290,261,289
1,<environment.Job instance at 0x150612160dc0>,15,3,[ 2 12],20,354,357,334,354
1,<environment.Job instance at 0x150613d797d0>,23,16,[ 2 10],43,44,60,1,44
1,<environment.Job instance at 0x1505ef430d70>,27,1,[2 9],49,60,61,11,49
1,<environment.Job instance at 0x1505ef430b90>,29,2,[1 8],51,61,63,10,51
1,<environment.Job instance at 0x1505ef5dce10>,32,2,[2 8],56,63,65,7,56
1,<environment.Job instance at 0x1505f01b8c30>,36,3,[6 2],60,60,63,0,60
1,<environment.Job instance at 0x1505f01b8690>,37,3,[8 1],62,62,65,0,62
1,<environment.Job instance at 0x1505ef408730>,38,1,[7 1],64,65,66,1,64
1,<environment.Job instance at 0x1505ef408140>,39,1,[1 5],65,66,67,1,66
1,<environment.Job instance at 0x1505ef4080f0>,40,15,[10  1],66,66,81,0,66
1,<environment.Job instance at 0x1505f08e7e10>,41,17,[6 1],68,81,98,13,69
1,<environment.Job instance at 0x1505f08e7820>,42,21,[2 6],69,69,90,0,69
1,<environment.Job instance at 0x1505f08ef230>,43,15,[5 2],70,81,96,11,70
1,<environment.Job instance at 0x1505f08ef780>,44,13,[6 2],71,96,109,25,80
1,<environment.Job instance at 0x1505f08efe10>,45,2,[5 2],73,98,100,25,81
1,<environment.Job instance at 0x1505f08efbe0>,46,2,[6 2],74,100,102,26,81
1,<environment.Job instance at 0x1505f08eff00>,47,3,[2 5],75,81,84,6,81
1,<environment.Job instance at 0x1506122a8500>,48,12,[5 2],76,102,114,26,85
1,<environment.Job instance at 0x1506122a84b0>,49,14,[2 8],78,90,104,12,85
1,<environment.Job instance at 0x1506122a8d20>,50,1,[6 2],80,109,110,29,86
1,<environment.Job instance at 0x1506122a80f0>,51,16,[7 1],81,110,126,29,97
1,<environment.Job instance at 0x1505f00fe190>,52,1,[1 7],82,104,105,22,97
1,<environment.Job instance at 0x1506122a8e60>,53,2,[1 8],83,105,107,22,97
1,<environment.Job instance at 0x1505f08e53c0>,54,2,[ 1 10],86,107,109,21,97
1,<environment.Job instance at 0x1505efd9ce10>,55,15,[2 9],87,109,124,22,97
1,<environment.Job instance at 0x1505efd9c6e0>,56,15,[7 2],88,124,139,36,110
1,<environment.Job instance at 0x1505efd9c8c0>,57,13,[9 1],89,139,152,50,123
1,<environment.Job instance at 0x1505efd9c690>,58,2,[1 6],90,124,126,34,123
1,<environment.Job instance at 0x1505f01b8370>,35,2,[1 7],59,126,128,67,124
1,<environment.Job instance at 0x1505efd9ca50>,60,2,[8 2],93,152,154,59,140
1,<environment.Job instance at 0x1505efd9cf50>,59,24,[9 2],91,154,178,63,152
1,<environment.Job instance at 0x1505ef581370>,62,2,[6 2],95,152,154,57,152
1,<environment.Job instance at 0x1505ef493280>,63,16,[5 1],98,154,170,56,152
1,<environment.Job instance at 0x1505ef4937d0>,65,1,[1 9],100,152,153,52,152
1,<environment.Job instance at 0x1505ef493690>,66,1,[10  2],101,178,179,77,152
1,<environment.Job instance at 0x1505ef4930f0>,67,3,[1 7],104,153,156,49,152
1,<environment.Job instance at 0x1505ef3e9780>,68,1,[6 2],105,170,171,65,152
1,<environment.Job instance at 0x1505ef3e95a0>,69,15,[7 2],106,179,194,73,165
1,<environment.Job instance at 0x1505ef3e9500>,70,2,[7 2],107,179,181,72,165
1,<environment.Job instance at 0x1505ef3e9460>,71,13,[6 1],108,181,194,73,166
1,<environment.Job instance at 0x15064402c4b0>,72,2,[1 5],109,166,168,57,166
1,<environment.Job instance at 0x15064402c780>,73,2,[6 1],110,171,173,61,166
1,<environment.Job instance at 0x150613d58e10>,74,15,[2 8],112,181,196,69,167
1,<environment.Job instance at 0x1505f3f8a910>,76,1,[ 2 10],115,196,197,81,181
1,<environment.Job instance at 0x1505ef82d0f0>,75,17,[8 1],113,194,211,81,183
1,<environment.Job instance at 0x150613d580f0>,79,2,[6 2],121,197,199,76,183
1,<environment.Job instance at 0x1505f2829280>,80,1,[2 5],122,194,195,72,183
1,<environment.Job instance at 0x1505f291ab40>,81,3,[2 8],126,199,202,73,184
1,<environment.Job instance at 0x150613d02370>,82,2,[1 9],127,197,199,70,184
1,<environment.Job instance at 0x150613d02c80>,83,3,[2 6],128,199,202,71,184
1,<environment.Job instance at 0x150613d02eb0>,84,2,[5 2],129,195,197,66,184
1,<environment.Job instance at 0x1505f01b8e60>,34,2,[13  1],58,577,579,519,577
1,<environment.Job instance at 0x1505ef9cd7d0>,36,1,[10  1],55,58,59,3,58
1,<environment.Job instance at 0x1505eff07f50>,37,1,[7 2],56,63,64,7,63
1,<environment.Job instance at 0x1505eff07140>,38,3,[1 7],57,70,73,13,70
1,<environment.Job instance at 0x1505eff077d0>,39,1,[2 9],58,73,74,15,73
1,<environment.Job instance at 0x1505eff07500>,40,3,[1 8],60,74,77,14,73
1,<environment.Job instance at 0x1505ef9cd370>,34,1,[2 9],49,77,78,28,73
1,<environment.Job instance at 0x1505eff07640>,41,14,[ 1 10],63,78,92,15,74
1,<environment.Job instance at 0x1505eff07460>,43,14,[2 9],68,92,106,24,78
1,<environment.Job instance at 0x1505efde7aa0>,44,2,[6 2],69,79,81,10,79
1,<environment.Job instance at 0x1505efde7320>,45,3,[1 6],70,92,95,22,80
1,<environment.Job instance at 0x1505efde7a50>,46,26,[ 2 10],71,106,132,35,105
1,<environment.Job instance at 0x1505efde7550>,47,3,[ 2 10],72,132,135,60,116
1,<environment.Job instance at 0x1505efde7370>,48,3,[6 2],73,119,122,46,119
1,<environment.Job instance at 0x1505f0007c30>,49,1,[9 2],77,124,125,47,124
1,<environment.Job instance at 0x1505f0007d70>,50,1,[2 9],78,135,136,57,129
1,<environment.Job instance at 0x1505f00079b0>,51,18,[2 7],79,136,154,57,132
1,<environment.Job instance at 0x1505ef301870>,52,14,[13  1],83,135,149,52,135
1,<environment.Job instance at 0x1505ef301500>,53,3,[6 2],85,149,152,64,137
1,<environment.Job instance at 0x1505ef301190>,54,1,[1 8],86,152,153,66,137
1,<environment.Job instance at 0x150612ae4fa0>,56,19,[8 1],88,153,172,65,144
1,<environment.Job instance at 0x1505ef3019b0>,57,1,[8 2],89,172,173,83,147
1,<environment.Job instance at 0x1505ef301140>,58,1,[1 6],90,150,151,60,150
1,<environment.Job instance at 0x150613c68460>,59,2,[1 8],91,154,156,63,150
1,<environment.Job instance at 0x150613c682d0>,61,15,[ 1 10],93,156,171,63,150
1,<environment.Job instance at 0x1505ef2fa370>,62,1,[5 1],94,151,152,57,150
1,<environment.Job instance at 0x1505f2dc6e10>,63,2,[2 7],95,171,173,76,150
1,<environment.Job instance at 0x150619d8fe60>,64,2,[9 1],96,173,175,77,151
1,<environment.Job instance at 0x1505f3ed3140>,65,1,[1 8],97,173,174,76,154
1,<environment.Job instance at 0x150619d8ff00>,66,2,[10  2],98,175,177,77,154
1,<environment.Job instance at 0x1505ef2fadc0>,67,1,[9 2],99,177,178,78,154
1,<environment.Job instance at 0x1505f3f7c960>,68,14,[2 7],100,174,188,74,159
1,<environment.Job instance at 0x1505ef2fa2d0>,69,1,[10  1],102,178,179,76,159
1,<environment.Job instance at 0x1505ef32fa50>,70,23,[5 2],104,179,202,75,173
1,<environment.Job instance at 0x1505eff3b5a0>,71,2,[2 9],106,188,190,82,173
1,<environment.Job instance at 0x1505f3f88910>,72,3,[9 1],107,190,193,83,173
1,<environment.Job instance at 0x1505f3f884b0>,73,17,[2 6],108,193,210,85,182
1,<environment.Job instance at 0x1505f3f880a0>,74,1,[1 6],109,182,183,73,182
1,<environment.Job instance at 0x1505f3f88c30>,75,17,[1 9],111,202,219,91,190
1,<environment.Job instance at 0x1505ef301280>,55,2,[5 2],87,193,195,106,193
1,<environment.Job instance at 0x1505f080b5f0>,76,3,[ 2 12],112,219,222,107,193
1,<environment.Job instance at 0x1505ef9cdbe0>,32,3,[13  1],47,210,213,163,193
1,<environment.Job instance at 0x1505f080baf0>,78,18,[2 9],114,222,240,108,211
1,<environment.Job instance at 0x1505f2ef11e0>,83,3,[7 2],121,213,216,92,211
1,<environment.Job instance at 0x1505ef2ce5a0>,84,2,[2 7],122,240,242,118,213
1,<environment.Job instance at 0x1505eff32960>,86,1,[10  2],125,216,217,91,213
1,<environment.Job instance at 0x1505f28f3370>,77,12,[11  1],113,254,266,141,254
1,<environment.Job instance at 0x14a37cdac4b0>,24,12,[ 1 10],32,32,44,0,32
1,<environment.Job instance at 0x14a37cdac7d0>,25,2,[2 8],34,44,46,10,34
1,<environment.Job instance at 0x14a37cdac8c0>,26,1,[2 7],35,44,45,9,36
1,<environment.Job instance at 0x14a37cdacbe0>,27,2,[2 7],36,45,47,9,39
1,<environment.Job instance at 0x14a37cdacd20>,28,2,[2 7],37,46,48,9,39
1,<environment.Job instance at 0x14a37cdacb90>,29,16,[10  2],39,47,63,8,39
1,<environment.Job instance at 0x14a37cdacc30>,30,15,[2 9],40,48,63,8,40
1,<environment.Job instance at 0x14a37cdacfa0>,31,3,[9 2],41,41,44,0,41
1,<environment.Job instance at 0x14a37cdae190>,32,3,[2 9],42,63,66,21,42
1,<environment.Job instance at 0x14a37cdae050>,33,1,[2 7],43,66,67,23,43
1,<environment.Job instance at 0x14a37cdae3c0>,34,15,[11  1],44,63,78,19,50
1,<environment.Job instance at 0x14a37cdae4b0>,35,2,[1 8],45,67,69,22,50
1,<environment.Job instance at 0x14a37cdae6e0>,36,3,[10  2],48,78,81,30,52
1,<environment.Job instance at 0x14a37cdae2d0>,37,2,[ 1 10],50,69,71,19,52
1,<environment.Job instance at 0x14a37cdae820>,38,1,[8 1],51,81,82,30,53
1,<environment.Job instance at 0x14a37cdae8c0>,39,3,[1 5],52,63,66,11,53
1,<environment.Job instance at 0x14a37cdae870>,40,3,[1 6],53,66,69,13,53
1,<environment.Job instance at 0x14a37cdac730>,22,1,[2 7],30,71,72,41,69
1,<environment.Job instance at 0x14a37cdaef00>,42,1,[10  1],56,82,83,26,71
1,<environment.Job instance at 0x14a37cdaeeb0>,43,3,[7 2],57,83,86,26,74
1,<environment.Job instance at 0x14a37cdaeaf0>,41,25,[12  2],54,86,111,32,82
1,<environment.Job instance at 0x14a37cdaeb40>,45,3,[2 8],60,82,85,22,82
1,<environment.Job instance at 0x14a37cdaee60>,46,2,[2 8],61,85,87,24,82
1,<environment.Job instance at 0x14a37cdaecd0>,47,1,[1 6],63,82,83,19,82
1,<environment.Job instance at 0x14a37cdb02d0>,48,1,[2 9],65,87,88,22,82
1,<environment.Job instance at 0x14a37cdac2d0>,20,2,[ 1 13],27,95,97,68,95
1,<environment.Job instance at 0x14a37cdb00a0>,49,16,[8 2],66,111,127,45,98
1,<environment.Job instance at 0x14a37cdb0cd0>,61,3,[1 5],87,98,101,11,98
1,<environment.Job instance at 0x14a37cdb0f50>,62,3,[9 2],88,127,130,39,101
1,<environment.Job instance at 0x14a37cdb0d70>,63,3,[10  1],89,130,133,41,105
1,<environment.Job instance at 0x14a37cdb0e10>,64,12,[9 1],91,133,145,42,116
1,<environment.Job instance at 0x14a37cdb3050>,65,3,[2 9],92,116,119,24,116
1,<environment.Job instance at 0x14a37cdb32d0>,66,3,[1 9],93,119,122,26,116
1,<environment.Job instance at 0x14a37cdb33c0>,67,1,[13  1],94,145,146,51,117
1,<environment.Job instance at 0x14a37cdb3460>,68,3,[1 9],95,122,125,27,117
1,<environment.Job instance at 0x14a37cdb35a0>,69,1,[2 5],96,125,126,29,117
1,<environment.Job instance at 0x14a37cdb3820>,70,2,[ 2 10],97,126,128,29,117
1,<environment.Job instance at 0x14a37cda1640>,72,13,[7 2],102,146,159,44,130
1,<environment.Job instance at 0x14a37d529280>,83,1,[10  1],117,159,160,42,131
1,<environment.Job instance at 0x14a37d43bf50>,84,2,[ 1 10],118,131,133,13,131
1,<environment.Job instance at 0x14a37fa352d0>,85,1,[7 2],120,146,147,26,131
1,<environment.Job instance at 0x14a37d4d8960>,93,2,[14  1],130,160,162,30,134
1,<environment.Job instance at 0x14a37d525050>,94,1,[5 1],131,135,136,4,135
1,<environment.Job instance at 0x14a37d44daf0>,95,3,[2 8],132,136,139,4,136
1,<environment.Job instance at 0x14a37d44ca50>,96,12,[9 2],134,162,174,28,146
1,<environment.Job instance at 0x14a37d44ccd0>,98,13,[ 1 10],136,146,159,10,146
1,<environment.Job instance at 0x14a37cdac6e0>,23,2,[8 1],31,174,176,143,151
1,<environment.Job instance at 0x14a37d44cc30>,99,16,[8 1],137,176,192,39,163
1,<environment.Job instance at 0x14a37cd9daf0>,77,2,[ 1 10],109,169,171,60,169
1,<environment.Job instance at 0x14a37cdaee10>,44,3,[1 8],58,177,180,119,177
1,<environment.Job instance at 0x14a37f496dc0>,2,1,[ 2 14],3,4,5,1,4
1,<environment.Job instance at 0x14a37f496780>,3,1,[8 2],4,5,6,1,4
1,<environment.Job instance at 0x14a37f9a75a0>,1,1,[ 2 10],2,5,6,3,5
1,<environment.Job instance at 0x14a3901a26e0>,11,3,[5 2],16,17,20,1,17
1,<environment.Job instance at 0x14a3901a2820>,14,1,[1 6],19,19,20,0,19
1,<environment.Job instance at 0x14a3901a2230>,8,3,[ 2 10],12,21,24,9,21
1,<environment.Job instance at 0x14a3901a2870>,15,1,[1 7],20,63,64,43,63
1,<environment.Job instance at 0x14a3901a2050>,18,1,[1 8],26,111,112,85,111
1,<environment.Job instance at 0x14a3901a2b90>,7,3,[11  2],11,113,116,102,113
1,<environment.Job instance at 0x14a39183d9b0>,17,3,[12  1],24,132,135,108,132
1,<environment.Job instance at 0x14a39183d1e0>,24,27,[1 8],33,143,170,110,143
1,<environment.Job instance at 0x14a39183d0f0>,25,3,[1 9],34,170,173,136,144
1,<environment.Job instance at 0x14a39183d780>,26,2,[7 2],35,151,153,116,151
1,<environment.Job instance at 0x14a39183de10>,21,2,[1 8],29,173,175,144,154
1,<environment.Job instance at 0x14a39183d050>,27,12,[6 1],36,154,166,118,154
1,<environment.Job instance at 0x14a39183d550>,29,3,[5 1],43,154,157,111,154
1,<environment.Job instance at 0x14a39183ddc0>,30,15,[1 7],45,173,188,128,162
1,<environment.Job instance at 0x14a39183d0a0>,32,2,[1 9],48,188,190,140,168
1,<environment.Job instance at 0x14a39019ed20>,33,2,[ 2 10],51,190,192,139,168
1,<environment.Job instance at 0x14a39019ec80>,34,3,[5 2],52,175,178,123,172
1,<environment.Job instance at 0x14a39019e550>,35,15,[2 7],53,192,207,139,178
1,<environment.Job instance at 0x14a39019e280>,36,2,[ 2 10],54,207,209,153,180
1,<environment.Job instance at 0x14a39019eaf0>,37,2,[2 9],55,209,211,154,185
1,<environment.Job instance at 0x14a39019e460>,38,17,[ 2 10],56,211,228,155,205
1,<environment.Job instance at 0x14a39019eb40>,41,3,[5 2],60,205,208,145,205
1,<environment.Job instance at 0x14a39019e190>,42,2,[ 1 10],61,228,230,167,205
1,<environment.Job instance at 0x14a39019e9b0>,43,13,[ 2 10],62,230,243,168,214
1,<environment.Job instance at 0x14a39019e780>,44,1,[1 7],63,243,244,180,215
1,<environment.Job instance at 0x14a39019e8c0>,45,1,[2 9],64,244,245,180,232
1,<environment.Job instance at 0x14a39019e820>,47,3,[ 2 10],67,247,250,180,247
1,<environment.Job instance at 0x14a390194a00>,48,14,[10  1],69,293,307,224,293
1,<environment.Job instance at 0x14a390194be0>,49,12,[7 1],70,307,319,237,293
1,<environment.Job instance at 0x14a390194f50>,50,2,[8 2],71,307,309,236,296
1,<environment.Job instance at 0x14a390194c30>,51,3,[8 1],72,309,312,237,301
1,<environment.Job instance at 0x14a390194050>,52,2,[2 5],73,304,306,231,304
1,<environment.Job instance at 0x14a390194d20>,53,3,[6 1],74,312,315,238,304
1,<environment.Job instance at 0x14a390194c80>,54,2,[10  1],75,319,321,244,304
1,<environment.Job instance at 0x14a3901946e0>,55,3,[ 2 10],77,312,315,235,310
1,<environment.Job instance at 0x14a390194320>,56,18,[8 1],78,321,339,243,310
1,<environment.Job instance at 0x14a390194af0>,57,16,[1 6],79,315,331,236,310
1,<environment.Job instance at 0x14a390194500>,58,17,[1 6],81,315,332,234,312
1,<environment.Job instance at 0x14a390194460>,59,17,[7 1],82,332,349,250,320
1,<environment.Job instance at 0x14a390194a50>,60,1,[2 6],83,331,332,248,321
1,<environment.Job instance at 0x14a390194e10>,61,16,[9 1],86,349,365,263,336
1,<environment.Job instance at 0x14a390194780>,64,12,[1 5],92,339,351,247,336
1,<environment.Job instance at 0x14a390194870>,65,2,[6 2],93,339,341,246,336
1,<environment.Job instance at 0x14a390194820>,66,1,[9 1],95,365,366,270,337
1,<environment.Job instance at 0x14a39019a6e0>,67,2,[8 1],96,366,368,270,344
1,<environment.Job instance at 0x14a39019a550>,69,2,[1 5],99,344,346,245,344
1,<environment.Job instance at 0x14a39019a4b0>,70,3,[1 5],100,347,350,247,347
1,<environment.Job instance at 0x14a39019a500>,71,2,[10  2],101,368,370,267,347
1,<environment.Job instance at 0x14a39019a370>,72,3,[2 8],105,350,353,245,347
1,<environment.Job instance at 0x14a39019a870>,73,1,[2 6],106,351,352,245,347
1,<environment.Job instance at 0x14a3901b3910>,74,2,[1 6],107,352,354,245,348
1,<environment.Job instance at 0x14a3901b39b0>,75,18,[7 2],109,370,388,261,361
1,<environment.Job instance at 0x14a3901b7a50>,76,1,[2 8],112,362,363,250,362
1,<environment.Job instance at 0x14a3901943c0>,62,15,[9 2],90,388,403,298,374
1,<environment.Job instance at 0x14a3901b7fa0>,79,2,[2 5],118,393,395,275,393
1,<environment.Job instance at 0x14a3901b3460>,77,18,[10  1],116,403,421,287,396
1,<environment.Job instance at 0x14a3901b73c0>,81,3,[8 1],122,421,424,299,398
1,<environment.Job instance at 0x14a3901b7b40>,82,1,[7 2],123,421,422,298,400
1,<environment.Job instance at 0x14a3901b7af0>,83,2,[5 2],124,403,405,279,403
1,<environment.Job instance at 0x14a39016aaa0>,84,2,[ 2 12],126,405,407,279,403
1,<environment.Job instance at 0x14a3901b7aa0>,85,14,[6 1],127,422,436,295,407
1,<environment.Job instance at 0x14a37cd923c0>,86,15,[2 8],128,424,439,296,416
1,<environment.Job instance at 0x14a39818e140>,87,16,[1 7],129,436,452,307,423
1,<environment.Job instance at 0x14a39376b8c0>,88,13,[ 1 11],131,452,465,321,438
1,<environment.Job instance at 0x14a380b309b0>,89,2,[6 2],132,441,443,309,441
1,<environment.Job instance at 0x14a3901b7190>,90,1,[1 5],133,446,447,313,446
1,<environment.Job instance at 0x14a3901b7870>,91,16,[1 7],134,465,481,331,453
1,<environment.Job instance at 0x14a3901b7c30>,92,3,[ 2 10],135,481,484,346,458
1,<environment.Job instance at 0x14a398044dc0>,93,3,[ 1 13],136,484,487,348,464
1,<environment.Job instance at 0x14a392ca8690>,94,3,[1 5],139,465,468,326,464
1,<environment.Job instance at 0x14a39019a0a0>,68,1,[ 1 10],97,493,494,396,493
1,<environment.Job instance at 0x14a39183d500>,23,13,[ 1 14],32,653,666,621,653
1,<environment.Job instance at 0x14a37f488960>,7,1,[1 8],9,25,26,16,25
1,<environment.Job instance at 0x14a37f4b94b0>,26,2,[ 1 10],37,37,39,0,37
1,<environment.Job instance at 0x14a37f4b97d0>,27,3,[7 2],38,38,41,0,38
1,<environment.Job instance at 0x14a37f4b99b0>,28,21,[7 2],40,40,61,0,40
1,<environment.Job instance at 0x14a37ea302d0>,30,3,[1 9],42,42,45,0,42
1,<environment.Job instance at 0x14a37ea30b90>,31,1,[6 1],43,43,44,0,43
1,<environment.Job instance at 0x14a37f4b95a0>,23,2,[2 5],34,48,50,14,48
1,<environment.Job instance at 0x14a37ea30e10>,38,3,[1 8],58,58,61,0,58
1,<environment.Job instance at 0x14a37ea305a0>,39,2,[2 7],61,61,63,0,61
1,<environment.Job instance at 0x14a37ea30fa0>,40,2,[9 2],62,62,64,0,62
1,<environment.Job instance at 0x14a37f4b5af0>,41,3,[5 2],63,63,66,0,63
1,<environment.Job instance at 0x14a37f4b5e60>,42,16,[7 2],64,64,80,0,64
1,<environment.Job instance at 0x14a37f4b5a00>,44,18,[5 2],67,68,86,1,68
1,<environment.Job instance at 0x14a37ea3f1e0>,47,12,[2 9],73,73,85,0,73
1,<environment.Job instance at 0x14a37ea3fd20>,48,3,[5 2],74,80,83,6,74
1,<environment.Job instance at 0x14a37ea3f820>,49,2,[ 2 10],75,85,87,10,75
1,<environment.Job instance at 0x14a37ea3fa00>,50,15,[8 2],76,83,98,7,76
1,<environment.Job instance at 0x14a37ea30be0>,36,2,[10  1],53,98,100,45,86
1,<environment.Job instance at 0x14a37ea16960>,51,17,[10  1],78,100,117,22,89
1,<environment.Job instance at 0x14a37c7e5410>,56,2,[8 1],88,117,119,29,94
1,<environment.Job instance at 0x14a37d44d690>,58,2,[1 6],92,100,102,8,100
1,<environment.Job instance at 0x14a37c7da910>,59,1,[1 9],93,102,103,9,100
1,<environment.Job instance at 0x14a37c7e5f50>,55,15,[ 1 11],87,103,118,16,100
1,<environment.Job instance at 0x14a37d769910>,60,3,[1 8],94,118,121,24,100
1,<environment.Job instance at 0x14a37faabdc0>,63,2,[1 6],98,100,102,2,100
1,<environment.Job instance at 0x14a37c851410>,64,3,[ 2 10],100,121,124,21,100
1,<environment.Job instance at 0x14a37c8247d0>,52,2,[ 2 12],80,124,126,44,102
1,<environment.Job instance at 0x14a37c80f2d0>,65,1,[7 2],101,119,120,18,103
1,<environment.Job instance at 0x14a380f44b90>,68,1,[6 2],105,117,118,12,105
1,<environment.Job instance at 0x14a37d525d70>,69,3,[2 7],106,126,129,20,106
1,<environment.Job instance at 0x14a37ce0fd20>,81,2,[10  2],125,125,127,0,125
1,<environment.Job instance at 0x14a37ce0faa0>,82,2,[6 1],126,127,129,1,126
1,<environment.Job instance at 0x14a37d5266e0>,80,1,[2 7],124,127,128,3,127
1,<environment.Job instance at 0x14a37d7a0910>,88,1,[7 2],136,137,138,1,137
1,<environment.Job instance at 0x14a37ea30960>,1,26,[9 1],4,4,30,0,4
1,<environment.Job instance at 0x14a39005e140>,14,2,[1 5],25,29,31,4,29
1,<environment.Job instance at 0x14a39005e370>,18,3,[1 5],30,30,33,0,30
1,<environment.Job instance at 0x14a39ac0ac30>,23,3,[1 6],37,37,40,0,37
1,<environment.Job instance at 0x14a39ac0a500>,27,2,[1 7],42,42,44,0,42
1,<environment.Job instance at 0x14a39ac0a6e0>,30,2,[1 8],46,46,48,0,46
1,<environment.Job instance at 0x14a39ac0acd0>,31,2,[1 5],48,48,50,0,48
1,<environment.Job instance at 0x14a39ac0a0a0>,33,1,[2 8],50,52,53,2,52
1,<environment.Job instance at 0x14a3937ec050>,34,1,[8 2],51,52,53,1,52
1,<environment.Job instance at 0x14a3937ec4b0>,35,14,[14  1],52,53,67,1,52
1,<environment.Job instance at 0x14a3937ec6e0>,37,3,[10  1],56,67,70,11,56
1,<environment.Job instance at 0x14a3937ec730>,38,3,[10  2],57,70,73,13,57
1,<environment.Job instance at 0x14a3937ec780>,41,1,[1 5],62,65,66,3,65
1,<environment.Job instance at 0x14a3937ecd20>,42,18,[8 2],63,73,91,10,65
1,<environment.Job instance at 0x14a3937ec690>,43,3,[1 6],64,66,69,2,65
1,<environment.Job instance at 0x14a3937ecf50>,44,16,[1 5],65,67,83,2,65
1,<environment.Job instance at 0x14a392d71690>,46,17,[2 9],67,83,100,16,71
1,<environment.Job instance at 0x14a392d71b90>,47,15,[7 2],68,91,106,23,78
1,<environment.Job instance at 0x14a392d71dc0>,48,16,[2 8],69,100,116,31,87
1,<environment.Job instance at 0x14a392d71c80>,49,3,[6 1],70,91,94,21,87
1,<environment.Job instance at 0x14a3900db410>,51,3,[2 8],72,116,119,44,91
1,<environment.Job instance at 0x14a39373a4b0>,52,2,[2 8],73,119,121,46,93
1,<environment.Job instance at 0x14a3900dbe10>,53,3,[5 2],76,94,97,18,93
1,<environment.Job instance at 0x14a3900db3c0>,54,1,[6 2],78,97,98,19,93
1,<environment.Job instance at 0x14a3900db960>,55,2,[2 8],79,121,123,42,98
1,<environment.Job instance at 0x14a3900dba50>,56,1,[6 2],81,100,101,19,100
1,<environment.Job instance at 0x14a3900db550>,57,1,[2 9],82,123,124,41,100
1,<environment.Job instance at 0x14a39005ea50>,15,2,[8 1],26,110,112,84,110
1,<environment.Job instance at 0x14a37f9120a0>,59,2,[10  1],84,112,114,28,111
1,<environment.Job instance at 0x14a3900dbdc0>,58,27,[ 2 10],83,135,162,52,135
1,<environment.Job instance at 0x14a3900db0a0>,61,1,[5 2],87,135,136,48,135
1,<environment.Job instance at 0x14a37fa72690>,62,1,[2 5],88,136,137,48,135
1,<environment.Job instance at 0x14a37f9795a0>,63,2,[ 1 10],90,162,164,72,140
1,<environment.Job instance at 0x14a392ed48c0>,64,3,[2 5],91,144,147,53,144
1,<environment.Job instance at 0x14a3900dbc80>,65,12,[6 1],92,147,159,55,144
1,<environment.Job instance at 0x14a3900f2a00>,66,2,[5 2],93,147,149,54,144
1,<environment.Job instance at 0x14a3980d3370>,67,1,[7 1],96,149,150,53,144
1,<environment.Job instance at 0x14a390077a00>,68,2,[7 1],97,150,152,53,144
1,<environment.Job instance at 0x14a37c63caf0>,69,1,[7 2],98,152,153,54,144
1,<environment.Job instance at 0x14a39a517e10>,70,3,[10  2],99,159,162,60,144
1,<environment.Job instance at 0x14a3980e54b0>,71,2,[5 2],100,153,155,53,144
1,<environment.Job instance at 0x14a39005df50>,72,15,[1 8],102,164,179,62,150
1,<environment.Job instance at 0x14a39005d8c0>,73,3,[1 7],103,164,167,61,150
1,<environment.Job instance at 0x14a3937ec9b0>,39,3,[ 2 11],60,179,182,119,168
1,<environment.Job instance at 0x14a37fa6a140>,74,19,[2 9],106,182,201,76,172
1,<environment.Job instance at 0x14a399ccb5a0>,76,17,[9 2],108,174,191,66,174
1,<environment.Job instance at 0x14a399ccb3c0>,77,1,[6 2],109,191,192,82,174
1,<environment.Job instance at 0x14a399c94460>,78,2,[1 5],110,174,176,64,174
1,<environment.Job instance at 0x14a37c616820>,79,1,[1 7],111,201,202,90,174
1,<environment.Job instance at 0x14a37c6165a0>,80,3,[2 7],112,201,204,89,175
1,<environment.Job instance at 0x14a39a4f4e60>,81,2,[1 5],113,176,178,63,175
1,<environment.Job instance at 0x14a399c48190>,82,1,[1 9],115,204,205,89,176
1,<environment.Job instance at 0x14a399c48fa0>,83,1,[2 5],116,178,179,62,176
1,<environment.Job instance at 0x14a399c48e10>,84,15,[7 1],117,191,206,74,178
1,<environment.Job instance at 0x14a37f9a8410>,85,1,[2 6],118,202,203,84,178
1,<environment.Job instance at 0x14a37f9a8f50>,86,1,[2 8],120,205,206,85,178
1,<environment.Job instance at 0x14a37f9a83c0>,88,3,[1 7],123,206,209,83,180
1,<environment.Job instance at 0x14a392eb5a00>,89,17,[2 7],124,206,223,82,196
1,<environment.Job instance at 0x14a392eb5fa0>,90,14,[1 6],125,209,223,84,196
1,<environment.Job instance at 0x14a392eb5140>,91,17,[9 1],126,206,223,80,196
1,<environment.Job instance at 0x14a392eb57d0>,92,3,[5 1],127,196,199,69,196
1,<environment.Job instance at 0x14a392eb5d70>,93,1,[10  1],128,223,224,95,197
1,<environment.Job instance at 0x14a392eb50f0>,95,12,[9 2],130,224,236,94,207
1,<environment.Job instance at 0x14a392eb5640>,96,2,[2 6],131,223,225,92,207
1,<environment.Job instance at 0x14a390076e10>,97,3,[9 2],132,236,239,104,210
1,<environment.Job instance at 0x14a392eb58c0>,98,2,[10  2],133,239,241,106,212
1,<environment.Job instance at 0x14a392eb5870>,99,16,[10  2],134,241,257,107,228
1,<environment.Job instance at 0x14a392eb5550>,100,16,[ 2 10],135,228,244,93,228
1,<environment.Job instance at 0x14a37c68e640>,101,2,[1 6],137,244,246,107,228
1,<environment.Job instance at 0x14a37c68e280>,102,15,[2 6],139,244,259,105,231
1,<environment.Job instance at 0x14a399ccb690>,75,13,[12  2],107,372,385,265,372
1,<environment.Job instance at 0x14a37fb56dc0>,60,2,[2 7],86,466,468,380,466
1,<environment.Job instance at 0x14a380bc0aa0>,11,3,[7 1],16,16,19,0,16
1,<environment.Job instance at 0x14a380bc0e60>,12,3,[2 8],17,17,20,0,17
1,<environment.Job instance at 0x14a380bc0b90>,15,3,[2 9],20,20,23,0,20
1,<environment.Job instance at 0x14a380bc04b0>,16,23,[1 6],21,24,47,3,24
1,<environment.Job instance at 0x14a380bc0190>,17,12,[7 1],24,24,36,0,24
1,<environment.Job instance at 0x14a380bc0870>,18,3,[10  1],27,36,39,9,27
1,<environment.Job instance at 0x14a380bc0410>,19,3,[6 1],29,29,32,0,29
1,<environment.Job instance at 0x14a380bc0370>,20,3,[8 1],30,39,42,9,30
1,<environment.Job instance at 0x14a380bc05a0>,21,2,[7 1],32,32,34,0,32
1,<environment.Job instance at 0x14a37cb5eb40>,22,18,[2 6],34,34,52,0,34
1,<environment.Job instance at 0x14a37cb5e500>,23,1,[7 1],36,42,43,6,36
1,<environment.Job instance at 0x14a37cb5e5f0>,24,2,[5 1],37,42,44,5,37
1,<environment.Job instance at 0x14a37cb5e320>,25,14,[2 5],38,47,61,9,38
1,<environment.Job instance at 0x14a37cb5ea00>,28,13,[7 2],42,43,56,1,42
1,<environment.Job instance at 0x14a37cb5e4b0>,31,18,[1 5],47,52,70,5,47
1,<environment.Job instance at 0x14a37cb5e730>,32,16,[1 5],51,56,72,5,51
1,<environment.Job instance at 0x14a37c4e1c80>,33,1,[1 9],52,70,71,18,52
1,<environment.Job instance at 0x14a37c4e18c0>,34,3,[2 9],54,71,74,17,54
1,<environment.Job instance at 0x14a37cb5e910>,29,3,[8 1],43,61,64,18,60
1,<environment.Job instance at 0x14a37c4e1230>,37,26,[2 8],58,74,100,16,71
1,<environment.Job instance at 0x14a37fb18870>,45,3,[10  2],74,74,77,0,74
1,<environment.Job instance at 0x14a37cb88190>,48,2,[7 2],80,80,82,0,80
1,<environment.Job instance at 0x14a37cb88b90>,49,2,[6 2],81,81,83,0,81
1,<environment.Job instance at 0x14a37cb88af0>,50,3,[9 1],82,83,86,1,82
1,<environment.Job instance at 0x14a37cb88c80>,52,2,[5 2],84,86,88,2,84
1,<environment.Job instance at 0x14a37cb88e10>,53,27,[1 7],85,88,115,3,86
1,<environment.Job instance at 0x14a37cb889b0>,55,17,[2 8],87,100,117,13,88
1,<environment.Job instance at 0x14a37cb88730>,56,2,[6 1],89,115,117,26,89
1,<environment.Job instance at 0x14a37cb881e0>,57,2,[ 1 10],90,117,119,27,91
1,<environment.Job instance at 0x14a37fb2a5f0>,59,2,[5 1],93,115,117,22,93
1,<environment.Job instance at 0x14a380ba4a00>,66,2,[1 8],107,119,121,12,107
1,<environment.Job instance at 0x14a37fb2aaf0>,60,17,[1 9],94,121,138,27,110
1,<environment.Job instance at 0x14a380ba4280>,70,2,[8 2],115,117,119,2,117
1,<environment.Job instance at 0x14a380ba4370>,71,1,[ 1 12],116,138,139,22,117
1,<environment.Job instance at 0x14a37c49c500>,79,3,[9 2],128,132,135,4,132
1,<environment.Job instance at 0x14a37d4b6050>,80,2,[7 1],131,135,137,4,134
1,<environment.Job instance at 0x14a37c5b2d20>,81,16,[ 1 10],132,141,157,9,141
1,<environment.Job instance at 0x14a380cb4c30>,82,3,[2 5],134,143,146,9,143
1,<environment.Job instance at 0x14a37c5167d0>,83,1,[8 1],135,146,147,11,143
1,<environment.Job instance at 0x14a380c82c80>,84,28,[5 1],136,146,174,10,145
1,<environment.Job instance at 0x14a37fb21640>,85,13,[8 2],137,147,160,10,145
1,<environment.Job instance at 0x14a37dff5eb0>,86,18,[5 1],138,160,178,22,149
1,<environment.Job instance at 0x14a37dff5f00>,87,15,[6 1],139,174,189,35,160
1,<environment.Job instance at 0x14a37c4c3be0>,78,13,[13  2],127,391,404,264,391
1,<environment.Job instance at 0x14a37cb63370>,8,25,[12  1],9,453,478,444,453
1,<environment.Job instance at 0x14a37c4a3f00>,18,25,[8 1],29,31,56,2,31
1,<environment.Job instance at 0x14a3900d4870>,27,3,[1 5],40,40,43,0,40
1,<environment.Job instance at 0x14a3900d4500>,29,3,[9 2],43,56,59,13,43
1,<environment.Job instance at 0x14a3900d4d20>,30,13,[1 9],44,44,57,0,44
1,<environment.Job instance at 0x14a37c477820>,11,1,[1 9],17,57,58,40,45
1,<environment.Job instance at 0x14a3900d4370>,31,2,[1 8],45,58,60,13,45
1,<environment.Job instance at 0x14a3900d49b0>,34,19,[2 5],50,58,77,8,50
1,<environment.Job instance at 0x14a3900d4fa0>,35,17,[2 9],51,60,77,9,51
1,<environment.Job instance at 0x14a3900d4e10>,36,3,[6 2],52,77,80,25,55
1,<environment.Job instance at 0x14a392d53aa0>,37,2,[6 2],53,77,79,24,56
1,<environment.Job instance at 0x14a392d536e0>,40,12,[ 1 10],57,77,89,20,60
1,<environment.Job instance at 0x14a392d537d0>,41,3,[2 7],59,89,92,30,63
1,<environment.Job instance at 0x14a392d532d0>,42,1,[1 6],60,89,90,29,63
1,<environment.Job instance at 0x14a392d535f0>,43,3,[8 2],61,79,82,18,63
1,<environment.Job instance at 0x14a392d53a50>,44,1,[1 7],62,90,91,28,63
1,<environment.Job instance at 0x14a392d53be0>,45,1,[6 2],63,80,81,17,63
1,<environment.Job instance at 0x14a392d533c0>,46,2,[2 7],64,91,93,27,64
1,<environment.Job instance at 0x14a37fb61b90>,48,3,[7 1],66,66,69,0,66
1,<environment.Job instance at 0x14a380c6e550>,50,2,[1 9],69,93,95,24,69
1,<environment.Job instance at 0x14a380c6e410>,51,2,[7 2],70,82,84,12,70
1,<environment.Job instance at 0x14a380c6e0f0>,52,3,[5 2],72,81,84,9,72
1,<environment.Job instance at 0x14a37ca79c30>,54,1,[8 1],74,84,85,10,78
1,<environment.Job instance at 0x14a37c5edbe0>,53,13,[2 8],73,95,108,22,79
1,<environment.Job instance at 0x14a37c5edfa0>,56,1,[10  1],78,85,86,7,79
1,<environment.Job instance at 0x14a39ac0a2d0>,57,1,[5 2],79,84,85,5,79
1,<environment.Job instance at 0x14a37f49e780>,58,17,[10  1],80,86,103,6,80
1,<environment.Job instance at 0x14a37f9a3690>,60,1,[10  2],83,103,104,20,83
1,<environment.Job instance at 0x14a37c45a3c0>,62,21,[2 5],85,92,113,7,85
1,<environment.Job instance at 0x14a37c45ac80>,61,21,[ 2 10],84,108,129,24,100
1,<environment.Job instance at 0x14a37f6c5d20>,66,15,[6 1],90,113,128,23,100
1,<environment.Job instance at 0x14a37f6c5780>,67,2,[2 9],91,129,131,38,102
1,<environment.Job instance at 0x14a37c5cdaf0>,68,2,[1 5],92,128,130,36,102
1,<environment.Job instance at 0x14a37ea4dc30>,64,3,[2 7],88,131,134,43,110
1,<environment.Job instance at 0x14a37d44d9b0>,69,16,[1 8],93,131,147,38,118
1,<environment.Job instance at 0x14a37cc0b690>,76,2,[5 1],102,118,120,16,118
1,<environment.Job instance at 0x14a37caad460>,77,1,[1 7],103,134,135,31,118
1,<environment.Job instance at 0x14a37caaddc0>,78,17,[9 1],106,135,152,29,123
1,<environment.Job instance at 0x14a37faad2d0>,87,3,[5 1],117,123,126,6,123
1,<environment.Job instance at 0x14a3901c12d0>,88,2,[ 1 10],118,147,149,29,123
1,<environment.Job instance at 0x14a3901c1910>,89,13,[2 6],119,149,162,30,133
1,<environment.Job instance at 0x14a380ed6cd0>,93,17,[2 7],125,149,166,24,137
1,<environment.Job instance at 0x14a37c7dea50>,94,13,[2 8],126,162,175,36,146
1,<environment.Job instance at 0x14a37fa3e050>,101,13,[2 9],133,175,188,42,159
1,<environment.Job instance at 0x14a392cd1fa0>,105,13,[10  1],139,166,179,27,159
1,<environment.Job instance at 0x14a3901c1640>,90,17,[12  1],120,190,207,70,190
1,<environment.Job instance at 0x14a380f123c0>,6,1,[5 1],7,10,11,3,10
1,<environment.Job instance at 0x14a380f12b40>,8,3,[5 2],9,10,13,1,10
1,<environment.Job instance at 0x14a37c7b1460>,10,3,[2 8],11,11,14,0,11
1,<environment.Job instance at 0x14a37c7b1f50>,11,2,[2 5],12,12,14,0,12
1,<environment.Job instance at 0x14a37c7b10a0>,12,13,[7 2],14,14,27,0,14
1,<environment.Job instance at 0x14a37c7b13c0>,13,22,[8 1],15,15,37,0,15
1,<environment.Job instance at 0x14a37c7b1780>,14,15,[ 2 10],16,27,42,11,16
1,<environment.Job instance at 0x14a37c7b15f0>,15,3,[10  2],17,37,40,20,17
1,<environment.Job instance at 0x14a39011c820>,16,3,[2 5],19,40,43,21,20
1,<environment.Job instance at 0x14a39011c280>,17,17,[1 7],20,42,59,22,30
1,<environment.Job instance at 0x14a39011c230>,18,3,[7 2],21,42,45,21,32
1,<environment.Job instance at 0x14a39011cfa0>,19,2,[2 9],22,59,61,37,34
1,<environment.Job instance at 0x14a39011c870>,20,2,[2 7],23,45,47,22,34
1,<environment.Job instance at 0x14a39011ce10>,21,18,[6 1],25,43,61,18,34
1,<environment.Job instance at 0x14a39011ccd0>,22,15,[2 9],26,61,76,35,48
1,<environment.Job instance at 0x14a39011c730>,23,2,[10  1],27,61,63,34,49
1,<environment.Job instance at 0x14a39011c8c0>,24,22,[2 6],29,63,85,34,56
1,<environment.Job instance at 0x14a39011c140>,25,1,[ 1 14],30,85,86,55,58
1,<environment.Job instance at 0x14a39011cd70>,26,16,[6 2],31,86,102,55,73
1,<environment.Job instance at 0x14a39011c320>,27,1,[6 1],32,76,77,44,73
1,<environment.Job instance at 0x14a39011c640>,28,2,[9 1],34,77,79,43,74
1,<environment.Job instance at 0x14a39011cb40>,29,19,[1 5],36,86,105,50,76
1,<environment.Job instance at 0x14a39011c9b0>,30,1,[8 1],37,79,80,42,76
1,<environment.Job instance at 0x14a39011c5a0>,31,1,[5 1],39,76,77,37,76
1,<environment.Job instance at 0x14a39376eeb0>,32,2,[7 2],40,80,82,40,76
1,<environment.Job instance at 0x14a39011c190>,33,3,[ 2 14],42,105,108,63,79
1,<environment.Job instance at 0x14a39376e370>,34,3,[1 8],43,82,85,39,79
1,<environment.Job instance at 0x14a39376ef00>,35,1,[ 2 10],44,102,103,58,79
1,<environment.Job instance at 0x14a39376e5f0>,36,2,[7 2],46,86,88,40,79
1,<environment.Job instance at 0x14a39376eaa0>,37,1,[6 1],47,80,81,33,80
1,<environment.Job instance at 0x14a39376ee60>,38,2,[6 1],49,81,83,32,80
1,<environment.Job instance at 0x14a39376ea50>,39,17,[1 7],50,108,125,58,96
1,<environment.Job instance at 0x14a39376e050>,40,15,[10  2],54,108,123,54,96
1,<environment.Job instance at 0x14a39376ed20>,41,2,[7 2],55,96,98,41,96
1,<environment.Job instance at 0x14a39376e410>,42,1,[1 5],57,96,97,39,96
1,<environment.Job instance at 0x14a37c7b1500>,9,2,[8 2],10,123,125,113,108
1,<environment.Job instance at 0x14a39376e910>,43,14,[5 2],59,123,137,64,108
1,<environment.Job instance at 0x14a39376e0f0>,45,15,[14  1],61,137,152,76,123
1,<environment.Job instance at 0x14a39376eaf0>,46,2,[1 9],62,125,127,63,123
1,<environment.Job instance at 0x14a39376e460>,47,14,[1 6],63,127,141,64,123
1,<environment.Job instance at 0x14a39376ed70>,48,1,[1 8],64,141,142,77,123
1,<environment.Job instance at 0x14a39376efa0>,49,1,[2 9],66,152,153,86,124
1,<environment.Job instance at 0x14a39376ecd0>,50,2,[10  2],67,152,154,85,125
1,<environment.Job instance at 0x14a39376ef50>,51,1,[6 1],70,125,126,55,125
1,<environment.Job instance at 0x14a398134eb0>,52,1,[7 2],72,126,127,54,125
1,<environment.Job instance at 0x14a398134190>,53,2,[2 7],73,127,129,54,125
1,<environment.Job instance at 0x14a398134370>,54,3,[2 5],74,129,132,55,125
1,<environment.Job instance at 0x14a392cd8e10>,55,25,[6 1],75,154,179,79,150
1,<environment.Job instance at 0x14a392cd8410>,57,1,[10  1],78,179,180,101,151
1,<environment.Job instance at 0x14a37fb120a0>,58,3,[10  1],81,180,183,99,154
1,<environment.Job instance at 0x14a390170280>,59,2,[ 2 10],82,154,156,72,154
1,<environment.Job instance at 0x14a390170230>,60,3,[9 2],83,156,159,73,154
1,<environment.Job instance at 0x14a3901bbc80>,61,1,[1 9],84,159,160,75,154
1,<environment.Job instance at 0x14a3901bbfa0>,62,1,[8 2],87,159,160,72,154
1,<environment.Job instance at 0x14a3901bba50>,63,22,[2 5],89,160,182,71,154
1,<environment.Job instance at 0x14a3901bbeb0>,64,1,[9 2],90,183,184,93,155
1,<environment.Job instance at 0x14a3901bb6e0>,65,1,[10  1],91,184,185,93,156
1,<environment.Job instance at 0x14a380f12820>,4,1,[13  1],5,185,186,180,176
1,<environment.Job instance at 0x14a3901bb550>,66,26,[ 2 13],93,182,208,89,179
1,<environment.Job instance at 0x14a392cb9780>,69,2,[12  1],97,186,188,89,179
1,<environment.Job instance at 0x14a392df0d70>,70,15,[2 5],99,208,223,109,194
1,<environment.Job instance at 0x14a39816d730>,85,3,[1 9],122,208,211,86,198
1,<environment.Job instance at 0x14a39a5aefa0>,88,3,[2 8],128,211,214,83,203
1,<environment.Job instance at 0x14a39a5ae960>,89,1,[1 8],130,214,215,84,203
1,<environment.Job instance at 0x14a3937748c0>,90,2,[2 9],131,215,217,84,204
1,<environment.Job instance at 0x14a393774960>,91,2,[8 2],132,204,206,72,204
1,<environment.Job instance at 0x14a3937741e0>,92,15,[10  1],133,206,221,73,204
1,<environment.Job instance at 0x14a39a5aeeb0>,87,2,[ 1 11],127,223,225,96,212
1,<environment.Job instance at 0x14a393774be0>,93,28,[5 2],134,221,249,87,220
1,<environment.Job instance at 0x14a393774c30>,97,1,[5 1],138,221,222,83,220
1,<environment.Job instance at 0x14a39b3c1870>,98,2,[2 6],139,221,223,82,221
1,<environment.Job instance at 0x14a392cd8910>,56,12,[5 2],77,249,261,172,249
1,<environment.Job instance at 0x14a393774370>,96,3,[ 2 14],137,264,267,127,264
1,<environment.Job instance at 0x14a380f12320>,7,17,[1 8],8,375,392,367,375
1,<environment.Job instance at 0x14a3901059b0>,1,12,[6 2],3,3,15,0,3
1,<environment.Job instance at 0x14a380afb0f0>,9,16,[1 8],12,12,28,0,12
1,<environment.Job instance at 0x14a380edf0f0>,16,26,[1 6],21,21,47,0,21
1,<environment.Job instance at 0x14a392c6ca50>,17,16,[2 9],22,28,44,6,22
1,<environment.Job instance at 0x14a392d8bd70>,18,23,[2 6],24,44,67,20,38
1,<environment.Job instance at 0x14a37fb39050>,23,2,[7 2],31,44,46,13,41
1,<environment.Job instance at 0x14a37c7b45f0>,28,3,[1 6],37,54,57,17,54
1,<environment.Job instance at 0x14a37f92d280>,30,20,[8 1],40,56,76,16,56
1,<environment.Job instance at 0x14a37f92d8c0>,31,2,[7 1],41,67,69,26,56
1,<environment.Job instance at 0x14a3802775f0>,32,3,[9 1],46,76,79,30,56
1,<environment.Job instance at 0x14a380277af0>,33,13,[2 5],48,69,82,21,56
1,<environment.Job instance at 0x14a380277910>,34,2,[1 8],49,57,59,8,56
1,<environment.Job instance at 0x14a380277dc0>,35,1,[2 6],50,59,60,9,56
1,<environment.Job instance at 0x14a37c40a640>,36,2,[9 2],53,79,81,26,56
1,<environment.Job instance at 0x14a37fa8eaa0>,37,1,[ 2 10],57,81,82,24,57
1,<environment.Job instance at 0x14a3980e40f0>,38,3,[11  1],59,82,85,23,59
1,<environment.Job instance at 0x14a39003c410>,39,13,[ 2 11],60,82,95,22,68
1,<environment.Job instance at 0x14a39003c140>,40,3,[1 8],61,69,72,8,68
1,<environment.Job instance at 0x14a3900772d0>,41,1,[8 1],63,85,86,22,69
1,<environment.Job instance at 0x14a3937eb0a0>,42,16,[9 1],64,86,102,22,73
1,<environment.Job instance at 0x14a39ac088c0>,43,12,[7 2],66,102,114,36,85
1,<environment.Job instance at 0x14a37d4a8690>,46,2,[7 2],74,102,104,28,85
1,<environment.Job instance at 0x14a37d4a8050>,47,2,[5 2],76,95,97,19,85
1,<environment.Job instance at 0x14a37d4a8460>,48,1,[ 2 10],77,97,98,20,85
1,<environment.Job instance at 0x14a37d4a8500>,49,1,[6 2],78,98,99,20,85
1,<environment.Job instance at 0x14a37d4a83c0>,50,2,[ 1 12],79,95,97,16,85
1,<environment.Job instance at 0x14a37d4a80a0>,51,16,[2 9],80,104,120,24,91
1,<environment.Job instance at 0x14a37d4a8b40>,52,2,[5 2],81,99,101,18,91
1,<environment.Job instance at 0x14a37d4a8d20>,53,21,[5 1],82,104,125,22,96
1,<environment.Job instance at 0x14a37d4a8640>,54,3,[2 8],83,120,123,37,97
1,<environment.Job instance at 0x14a37d4a8140>,55,3,[8 2],85,114,117,29,98
1,<environment.Job instance at 0x14a37d4a89b0>,56,1,[ 2 10],86,123,124,37,103
1,<environment.Job instance at 0x14a37d4a8820>,58,2,[8 1],88,117,119,29,103
1,<environment.Job instance at 0x14a39ac0c4b0>,59,1,[2 7],90,124,125,34,103
1,<environment.Job instance at 0x14a39ac0c780>,60,2,[1 8],91,125,127,34,104
1,<environment.Job instance at 0x14a39ac0ccd0>,61,13,[7 1],92,119,132,27,104
1,<environment.Job instance at 0x14a39ac0c5f0>,62,3,[ 2 10],95,127,130,32,104
1,<environment.Job instance at 0x14a39ac0c370>,63,2,[2 7],96,130,132,34,105
1,<environment.Job instance at 0x14a39ac0caf0>,64,22,[ 2 10],97,132,154,35,125
1,<environment.Job instance at 0x14a39ac0c690>,65,2,[10  2],98,132,134,34,127
1,<environment.Job instance at 0x14a39ac0ce60>,66,2,[1 7],99,130,132,31,130
1,<environment.Job instance at 0x14a39ac0c3c0>,67,3,[2 8],100,154,157,54,132
1,<environment.Job instance at 0x14a39ac0caa0>,68,2,[6 2],101,134,136,33,132
1,<environment.Job instance at 0x14a37c82b5a0>,69,1,[7 1],104,137,138,33,137
1,<environment.Job instance at 0x14a37c82b230>,70,2,[5 2],105,138,140,33,138
1,<environment.Job instance at 0x14a37c82b820>,71,15,[1 9],106,157,172,51,146
1,<environment.Job instance at 0x14a37c82b640>,72,3,[6 1],107,156,159,49,156
1,<environment.Job instance at 0x14a37c82b460>,73,2,[ 1 10],108,172,174,64,156
1,<environment.Job instance at 0x14a37c82baa0>,74,1,[7 1],109,158,159,49,158
1,<environment.Job instance at 0x14a37c82b1e0>,75,1,[2 6],112,159,160,47,158
1,<environment.Job instance at 0x14a37c82b050>,76,2,[10  2],113,160,162,47,158
1,<environment.Job instance at 0x14a37c82b0a0>,77,1,[5 1],114,162,163,48,158
1,<environment.Job instance at 0x14a37c82b730>,78,2,[8 2],115,162,164,47,159
1,<environment.Job instance at 0x14a37c82b370>,79,1,[6 1],116,163,164,47,159
1,<environment.Job instance at 0x14a37c82b3c0>,80,3,[8 1],118,164,167,46,159
1,<environment.Job instance at 0x14a37c82be60>,81,15,[6 1],122,164,179,42,159
1,<environment.Job instance at 0x14a37c82b6e0>,82,2,[8 2],123,167,169,44,159
1,<environment.Job instance at 0x14a37c82bc80>,83,17,[10  1],126,179,196,53,167
1,<environment.Job instance at 0x14a37c82b190>,84,3,[2 6],127,174,177,47,167
1,<environment.Job instance at 0x14a37ce04f50>,85,2,[7 1],128,169,171,41,167
1,<environment.Job instance at 0x14a37ce047d0>,86,21,[6 1],130,196,217,66,189
1,<environment.Job instance at 0x14a37ce04500>,88,14,[2 6],133,189,203,56,189
1,<environment.Job instance at 0x14a37ce040a0>,89,1,[ 2 10],134,203,204,69,189
1,<environment.Job instance at 0x14a37ce04be0>,90,2,[2 8],135,190,192,55,190
1,<environment.Job instance at 0x14a37ce04e60>,91,1,[1 7],138,192,193,54,190
1,<environment.Job instance at 0x14a392c6c500>,15,2,[1 7],18,225,227,207,225
1,<environment.Job instance at 0x14a37f92dc80>,29,3,[12  1],39,453,456,414,453
1,<environment.Job instance at 0x14a37ce043c0>,87,3,[ 2 13],132,488,491,356,488
1,<environment.Job instance at 0x14a37cd80320>,6,3,[ 1 10],11,11,14,0,11
1,<environment.Job instance at 0x14a37f5cf6e0>,12,1,[2 6],19,22,23,3,22
1,<environment.Job instance at 0x14a37ca60500>,18,28,[1 6],27,27,55,0,27
1,<environment.Job instance at 0x14a37c77c280>,21,16,[1 6],32,32,48,0,32
1,<environment.Job instance at 0x14a3901a20f0>,23,2,[5 1],35,35,37,0,35
1,<environment.Job instance at 0x14a37f930370>,24,2,[ 2 10],36,55,57,19,42
1,<environment.Job instance at 0x14a37fa6f8c0>,33,20,[ 2 11],48,57,77,9,48
1,<environment.Job instance at 0x14a37c63cd70>,35,3,[ 2 10],51,77,80,26,51
1,<environment.Job instance at 0x14a37fa6f730>,36,15,[6 1],53,53,68,0,53
1,<environment.Job instance at 0x14a39b3cc2d0>,37,1,[9 2],54,68,69,14,55
1,<environment.Job instance at 0x14a39b3cc230>,38,1,[2 8],55,80,81,25,55
1,<environment.Job instance at 0x14a39a5de2d0>,39,1,[5 1],56,56,57,0,56
1,<environment.Job instance at 0x14a39b3cc7d0>,40,1,[8 1],58,69,70,11,58
1,<environment.Job instance at 0x14a37f9e2be0>,42,1,[2 9],61,81,82,20,61
1,<environment.Job instance at 0x14a37f9e2640>,43,3,[1 9],62,82,85,20,62
1,<environment.Job instance at 0x14a37f9e2050>,45,1,[7 2],65,66,67,1,66
1,<environment.Job instance at 0x14a37f9e2d70>,46,1,[10  1],66,70,71,4,67
1,<environment.Job instance at 0x14a37f9e2c80>,47,3,[2 5],68,77,80,9,68
1,<environment.Job instance at 0x14a37f9e2370>,48,2,[6 2],69,71,73,2,69
1,<environment.Job instance at 0x14a39818e730>,50,3,[2 9],71,85,88,14,73
1,<environment.Job instance at 0x14a39818e0f0>,52,1,[10  1],73,73,74,0,73
1,<environment.Job instance at 0x14a37f631c30>,53,17,[5 1],74,80,97,6,74
1,<environment.Job instance at 0x14a37f631410>,56,2,[1 8],77,88,90,11,78
1,<environment.Job instance at 0x14a37c502190>,58,3,[2 5],79,80,83,1,79
1,<environment.Job instance at 0x14a37c502050>,59,2,[8 1],80,83,85,3,80
1,<environment.Job instance at 0x14a37c502280>,60,27,[6 1],81,85,112,4,83
1,<environment.Job instance at 0x14a37c5025a0>,61,21,[9 2],82,97,118,15,89
1,<environment.Job instance at 0x14a380c06820>,67,17,[ 2 10],89,112,129,23,103
1,<environment.Job instance at 0x14a37c502d20>,62,17,[7 2],83,118,135,35,106
1,<environment.Job instance at 0x14a37c67f550>,70,1,[6 1],95,118,119,23,107
1,<environment.Job instance at 0x14a380c06780>,63,16,[5 2],84,120,136,36,120
1,<environment.Job instance at 0x14a37c67fa50>,71,28,[14  1],98,136,164,38,135
1,<environment.Job instance at 0x14a37c67f7d0>,74,1,[6 1],101,135,136,34,135
1,<environment.Job instance at 0x14a37c67f0a0>,75,15,[6 2],102,164,179,62,150
1,<environment.Job instance at 0x14a37c67f1e0>,76,3,[2 9],103,164,167,61,150
1,<environment.Job instance at 0x14a37c67f640>,77,17,[1 8],105,167,184,62,155
1,<environment.Job instance at 0x14a37c67ff50>,79,16,[2 7],107,179,195,72,167
1,<environment.Job instance at 0x14a37c67f6e0>,80,2,[1 8],109,184,186,75,171
1,<environment.Job instance at 0x14a37ea16460>,81,2,[1 5],110,176,178,66,176
1,<environment.Job instance at 0x14a37ea16f50>,82,1,[1 5],111,186,187,75,184
1,<environment.Job instance at 0x14a37ea165f0>,83,2,[9 1],112,188,190,76,188
1,<environment.Job instance at 0x14a37ea16fa0>,84,3,[9 2],113,190,193,77,188
1,<environment.Job instance at 0x14a37ea16140>,85,17,[5 2],114,193,210,79,188
1,<environment.Job instance at 0x14a37ea16cd0>,86,2,[2 6],116,189,191,73,189
1,<environment.Job instance at 0x14a37ea160a0>,87,1,[ 1 10],117,195,196,78,189
1,<environment.Job instance at 0x14a37ea16b40>,88,1,[2 7],118,196,197,78,189
1,<environment.Job instance at 0x14a37ea164b0>,89,2,[2 6],119,191,193,72,189
1,<environment.Job instance at 0x14a37ea16280>,90,17,[5 2],120,193,210,73,189
1,<environment.Job instance at 0x14a37f6724b0>,91,2,[5 1],122,197,199,75,189
1,<environment.Job instance at 0x14a37f672140>,92,2,[8 2],123,210,212,87,190
1,<environment.Job instance at 0x14a37f6723c0>,93,2,[12  1],125,212,214,87,190
1,<environment.Job instance at 0x14a37f672730>,94,14,[1 9],126,199,213,73,190
1,<environment.Job instance at 0x14a37f672500>,95,1,[2 8],127,213,214,86,190
1,<environment.Job instance at 0x14a37f672280>,96,18,[10  2],128,214,232,86,204
1,<environment.Job instance at 0x14a37f672e60>,97,12,[2 9],129,214,226,85,204
1,<environment.Job instance at 0x14a37f672550>,98,15,[2 5],130,226,241,96,212
1,<environment.Job instance at 0x14a37f6720a0>,99,3,[1 6],131,226,229,95,212
1,<environment.Job instance at 0x14a37f672af0>,100,2,[1 8],133,229,231,96,212
1,<environment.Job instance at 0x14a37f672370>,101,17,[7 1],134,232,249,98,222
1,<environment.Job instance at 0x14a37f672960>,102,16,[8 2],135,241,257,106,228
1,<environment.Job instance at 0x14a37f643140>,103,3,[1 5],138,231,234,93,229
1,<environment.Job instance at 0x14a37f643b90>,104,1,[10  1],139,257,258,118,229
1,<environment.Job instance at 0x14a37c67f5a0>,78,2,[11  2],106,739,741,633,739
1,<environment.Job instance at 0x14a392cd43c0>,15,16,[2 5],21,26,42,5,26
1,<environment.Job instance at 0x14a37f9facd0>,26,13,[7 2],40,42,55,2,42
1,<environment.Job instance at 0x14a37cad5b90>,30,3,[2 6],45,48,51,3,48
1,<environment.Job instance at 0x14a380cac140>,34,3,[1 9],51,51,54,0,51
1,<environment.Job instance at 0x14a380ba8820>,33,26,[2 5],49,54,80,5,51
1,<environment.Job instance at 0x14a37f9a7a00>,46,3,[7 2],71,72,75,1,72
1,<environment.Job instance at 0x14a37f5dcc80>,47,28,[2 5],73,74,102,1,74
1,<environment.Job instance at 0x14a37f5dc820>,48,15,[ 2 10],74,80,95,6,74
1,<environment.Job instance at 0x14a392c7dbe0>,52,1,[2 6],78,95,96,17,80
1,<environment.Job instance at 0x14a39a5d1d20>,53,1,[1 5],80,96,97,16,84
1,<environment.Job instance at 0x14a37c52f190>,54,2,[2 8],81,97,99,16,84
1,<environment.Job instance at 0x14a380baa1e0>,55,24,[2 9],82,99,123,17,94
1,<environment.Job instance at 0x14a37f488730>,56,3,[2 5],85,102,105,17,98
1,<environment.Job instance at 0x14a37f488e60>,57,18,[5 2],87,105,123,18,99
1,<environment.Job instance at 0x14a37c57e410>,58,1,[1 6],88,123,124,35,103
1,<environment.Job instance at 0x14a37c57e5a0>,59,2,[2 6],90,123,125,33,103
1,<environment.Job instance at 0x14a392cd4d70>,14,3,[9 1],20,123,126,103,108
1,<environment.Job instance at 0x14a3900e4aa0>,60,2,[6 2],91,108,110,17,108
1,<environment.Job instance at 0x14a3900e4820>,62,1,[10  1],96,126,127,30,109
1,<environment.Job instance at 0x14a399ccfbe0>,63,3,[10  1],97,127,130,30,109
1,<environment.Job instance at 0x14a399ccf6e0>,64,2,[6 1],98,110,112,12,109
1,<environment.Job instance at 0x14a399ccf9b0>,65,3,[1 5],99,124,127,25,109
1,<environment.Job instance at 0x14a39a5033c0>,66,2,[10  2],100,130,132,30,109
1,<environment.Job instance at 0x14a37cb0bb90>,67,1,[9 1],101,132,133,31,109
1,<environment.Job instance at 0x14a37cb0b550>,68,1,[1 8],102,125,126,23,109
1,<environment.Job instance at 0x14a37f9a7370>,45,2,[ 2 13],69,127,129,58,126
1,<environment.Job instance at 0x14a398072140>,70,3,[2 7],104,129,132,25,129
1,<environment.Job instance at 0x14a398072dc0>,71,1,[7 1],105,133,134,28,129
1,<environment.Job instance at 0x14a392df0730>,72,2,[7 2],106,133,135,27,131
1,<environment.Job instance at 0x14a37cb0bcd0>,69,25,[9 1],103,135,160,32,131
1,<environment.Job instance at 0x14a392c73a00>,74,3,[2 6],109,134,137,25,131
1,<environment.Job instance at 0x14a37cd6d370>,75,2,[8 1],110,160,162,50,133
1,<environment.Job instance at 0x14a37c744e60>,76,1,[6 2],111,134,135,23,134
1,<environment.Job instance at 0x14a392c73910>,77,1,[9 1],112,162,163,50,135
1,<environment.Job instance at 0x14a392c73af0>,78,1,[2 5],114,137,138,23,137
1,<environment.Job instance at 0x14a37cc9c730>,79,3,[10  2],117,163,166,46,137
1,<environment.Job instance at 0x14a37cc9c320>,80,1,[2 7],118,139,140,21,139
1,<environment.Job instance at 0x14a37cc9c1e0>,81,2,[ 1 14],120,140,142,20,139
1,<environment.Job instance at 0x14a37cc9c500>,82,1,[7 2],121,160,161,39,139
1,<environment.Job instance at 0x14a37cc9c5a0>,83,3,[9 1],122,166,169,44,142
1,<environment.Job instance at 0x14a37cc9c190>,84,15,[6 1],123,142,157,19,142
1,<environment.Job instance at 0x14a37cc9c460>,85,1,[2 5],124,157,158,33,142
1,<environment.Job instance at 0x14a37c2a7460>,86,2,[1 5],126,157,159,31,142
1,<environment.Job instance at 0x14a37c2a7820>,87,3,[2 8],127,161,164,34,142
1,<environment.Job instance at 0x14a3900e4690>,61,3,[2 7],92,164,167,72,145
1,<environment.Job instance at 0x14a392df0550>,73,13,[10  1],108,169,182,61,157
1,<environment.Job instance at 0x14a37c305410>,90,1,[8 2],130,182,183,52,160
1,<environment.Job instance at 0x14a37c2a7140>,88,17,[10  1],128,183,200,55,173
1,<environment.Job instance at 0x14a3937e8f00>,92,3,[1 9],132,173,176,41,173
1,<environment.Job instance at 0x14a3937e8820>,93,2,[1 7],134,176,178,42,174
1,<environment.Job instance at 0x14a37f6a74b0>,94,3,[2 9],135,178,181,43,174
1,<environment.Job instance at 0x14a3d3c2c1e0>,95,2,[6 1],136,200,202,64,174
1,<environment.Job instance at 0x14a37ccbcb90>,96,1,[5 1],137,181,182,44,174
1,<environment.Job instance at 0x14a37ccbc190>,97,16,[2 6],138,182,198,44,174
1,<environment.Job instance at 0x14a37c6a1780>,91,2,[2 6],131,190,192,59,190
1,<environment.Job instance at 0x14a37c2a7fa0>,89,26,[5 2],129,199,225,70,199
1,<environment.Job instance at 0x14a39a5519b0>,51,16,[ 1 11],77,231,247,154,231
1,<environment.Job instance at 0x14a392cd46e0>,12,1,[ 2 13],18,249,250,231,249
1,<environment.Job instance at 0x14a39182a320>,12,1,[10  2],25,30,31,5,30
1,<environment.Job instance at 0x14a37f5b0640>,18,3,[5 1],33,33,36,0,33
1,<environment.Job instance at 0x14a39182a1e0>,15,12,[5 2],29,35,47,6,35
1,<environment.Job instance at 0x14a39a955f00>,19,2,[13  1],34,47,49,13,35
1,<environment.Job instance at 0x14a37caffa50>,21,1,[5 1],36,36,37,0,36
1,<environment.Job instance at 0x14a39182af50>,22,3,[8 1],37,37,40,0,37
1,<environment.Job instance at 0x14a39182a550>,23,2,[6 2],38,40,42,2,38
1,<environment.Job instance at 0x14a37fab89b0>,24,3,[9 2],39,42,45,3,40
1,<environment.Job instance at 0x14a37fab8410>,25,2,[1 6],46,46,48,0,46
1,<environment.Job instance at 0x14a37fa39c80>,26,18,[8 1],48,49,67,1,48
1,<environment.Job instance at 0x14a3900ae190>,27,2,[2 8],50,50,52,0,50
1,<environment.Job instance at 0x14a37c78db90>,28,1,[7 1],53,53,54,0,53
1,<environment.Job instance at 0x14a37c78dbe0>,29,2,[2 6],54,54,56,0,54
1,<environment.Job instance at 0x14a392d723c0>,31,12,[2 9],57,57,69,0,57
1,<environment.Job instance at 0x14a392d72d20>,32,2,[5 1],58,59,61,1,59
1,<environment.Job instance at 0x14a392d72a00>,33,3,[9 1],59,67,70,8,59
1,<environment.Job instance at 0x14a398096460>,34,1,[7 2],60,70,71,10,60
1,<environment.Job instance at 0x14a392cb7aa0>,35,17,[6 2],62,69,86,7,62
1,<environment.Job instance at 0x14a392cb75a0>,36,3,[9 2],64,71,74,7,64
1,<environment.Job instance at 0x14a3980a15f0>,37,2,[2 5],65,66,68,1,66
1,<environment.Job instance at 0x14a3980a1780>,38,1,[1 9],66,70,71,4,66
1,<environment.Job instance at 0x14a37f6723c0>,39,3,[1 7],67,74,77,7,67
1,<environment.Job instance at 0x14a37f672410>,40,1,[1 8],68,77,78,9,68
1,<environment.Job instance at 0x14a37c7add70>,41,20,[7 2],69,74,94,5,69
1,<environment.Job instance at 0x14a37c7ad050>,42,1,[1 9],70,78,79,8,70
1,<environment.Job instance at 0x14a37c7ad820>,43,2,[2 6],71,79,81,8,71
1,<environment.Job instance at 0x14a37c7ad230>,44,3,[ 2 10],72,81,84,9,72
1,<environment.Job instance at 0x14a380be1a50>,45,13,[2 8],73,84,97,11,73
1,<environment.Job instance at 0x14a37f631820>,46,1,[8 1],76,94,95,18,76
1,<environment.Job instance at 0x14a37f631cd0>,47,3,[1 6],77,94,97,17,77
1,<environment.Job instance at 0x14a37f60af50>,49,1,[2 5],79,86,87,7,79
1,<environment.Job instance at 0x14a37f60a640>,50,14,[ 2 10],80,97,111,17,82
1,<environment.Job instance at 0x14a37f5cb4b0>,51,1,[ 1 13],81,111,112,30,83
1,<environment.Job instance at 0x14a392dd7aa0>,52,12,[ 1 14],82,112,124,30,95
1,<environment.Job instance at 0x14a392dd7c80>,53,1,[5 2],83,97,98,14,95
1,<environment.Job instance at 0x14a392dd7690>,54,12,[2 9],84,124,136,40,107
1,<environment.Job instance at 0x14a392dd7550>,55,1,[11  1],93,107,108,14,107
1,<environment.Job instance at 0x14a37c67f9b0>,56,2,[5 1],94,108,110,14,108
1,<environment.Job instance at 0x14a37c67ff50>,57,2,[1 6],95,124,126,29,108
1,<environment.Job instance at 0x14a37c67f960>,58,2,[1 8],96,136,138,40,109
1,<environment.Job instance at 0x14a3901aa190>,59,1,[6 1],97,109,110,12,109
1,<environment.Job instance at 0x14a380aeef50>,60,18,[10  2],99,126,144,27,115
1,<environment.Job instance at 0x14a380aee6e0>,61,1,[6 1],100,115,116,15,115
1,<environment.Job instance at 0x14a3901aaeb0>,62,1,[2 9],101,138,139,37,115
1,<environment.Job instance at 0x14a37f5d80f0>,63,1,[1 5],102,136,137,34,115
1,<environment.Job instance at 0x14a37d505a50>,64,16,[ 2 10],103,139,155,36,126
1,<environment.Job instance at 0x14a37d505960>,66,3,[1 7],105,155,158,50,129
1,<environment.Job instance at 0x14a392d8b320>,67,3,[10  2],107,144,147,37,129
1,<environment.Job instance at 0x14a37f4d5280>,68,17,[9 2],109,147,164,38,135
1,<environment.Job instance at 0x14a37c8243c0>,70,2,[2 7],115,158,160,43,135
1,<environment.Job instance at 0x14a392ee1460>,71,1,[8 1],116,164,165,48,136
1,<environment.Job instance at 0x14a39019a3c0>,72,15,[7 1],117,164,179,47,150
1,<environment.Job instance at 0x14a39019ae60>,73,1,[1 8],118,160,161,42,150
1,<environment.Job instance at 0x14a39019adc0>,74,12,[7 2],119,165,177,46,150
1,<environment.Job instance at 0x14a39019acd0>,75,13,[1 9],120,165,178,45,150
1,<environment.Job instance at 0x14a392ed3a50>,76,2,[7 2],121,177,179,56,150
1,<environment.Job instance at 0x14a37c5575a0>,77,1,[ 2 10],122,161,162,39,150
1,<environment.Job instance at 0x14a37c847460>,78,16,[1 7],123,178,194,55,165
1,<environment.Job instance at 0x14a380ae8d20>,80,3,[10  1],127,179,182,52,165
1,<environment.Job instance at 0x14a380ae8230>,81,1,[9 2],128,182,183,54,165
1,<environment.Job instance at 0x14a380ae8c30>,82,17,[8 1],129,183,200,54,171
1,<environment.Job instance at 0x14a39009e280>,83,2,[1 5],130,179,181,49,171
1,<environment.Job instance at 0x14a39009e0f0>,84,13,[1 9],131,194,207,63,178
1,<environment.Job instance at 0x14a37c6a9f50>,85,2,[10  2],132,200,202,68,178
1,<environment.Job instance at 0x14a37c300a00>,86,15,[9 1],134,202,217,68,188
1,<environment.Job instance at 0x14a37c300370>,87,1,[1 5],135,188,189,53,188
1,<environment.Job instance at 0x14a3980530a0>,88,2,[1 9],136,207,209,71,189
1,<environment.Job instance at 0x14a39809e370>,89,2,[1 7],139,189,191,50,189
1,<environment.Job instance at 0x14a380bfae10>,20,1,[12  2],35,601,602,566,601
1,<environment.Job instance at 0x14a39182a690>,11,1,[ 1 12],24,1727,1728,1703,1727
1,<environment.Job instance at 0x14a37ccba500>,19,12,[6 1],23,24,36,1,24
1,<environment.Job instance at 0x14a392db1aa0>,20,13,[8 1],24,26,39,2,26
1,<environment.Job instance at 0x14a380ba8aa0>,21,3,[2 8],25,36,39,11,26
1,<environment.Job instance at 0x14a37c43b820>,22,2,[1 7],26,26,28,0,26
1,<environment.Job instance at 0x14a37c43bfa0>,23,2,[1 6],27,28,30,1,27
1,<environment.Job instance at 0x14a37c716e60>,24,14,[ 2 10],28,39,53,11,28
1,<environment.Job instance at 0x14a380c883c0>,25,1,[2 7],30,53,54,23,30
1,<environment.Job instance at 0x14a398038d20>,26,3,[8 2],31,39,42,8,31
1,<environment.Job instance at 0x14a38023dc80>,27,3,[ 2 10],32,54,57,22,32
1,<environment.Job instance at 0x14a3d3d1eaa0>,28,2,[9 1],34,42,44,8,34
1,<environment.Job instance at 0x14a37d448280>,29,1,[2 5],35,36,37,1,35
1,<environment.Job instance at 0x14a37c4ec410>,30,3,[1 8],37,57,60,20,37
1,<environment.Job instance at 0x14a3901c1870>,31,2,[2 8],40,60,62,20,40
1,<environment.Job instance at 0x14a39811ec30>,32,17,[1 8],42,62,79,20,50
1,<environment.Job instance at 0x14a39811e500>,33,15,[10  1],43,50,65,7,50
1,<environment.Job instance at 0x14a39811e460>,34,3,[1 8],45,79,82,34,56
1,<environment.Job instance at 0x14a39811ee60>,35,12,[1 7],46,65,77,19,56
1,<environment.Job instance at 0x14a39811ec80>,36,3,[8 1],47,77,80,30,56
1,<environment.Job instance at 0x14a39811eaa0>,37,3,[10  1],48,80,83,32,56
1,<environment.Job instance at 0x14a39811e550>,38,3,[1 8],49,82,85,33,56
1,<environment.Job instance at 0x14a39811e8c0>,39,2,[2 9],50,85,87,35,58
1,<environment.Job instance at 0x14a390019960>,40,2,[8 2],51,83,85,32,61
1,<environment.Job instance at 0x14a3900195f0>,41,2,[8 1],52,85,87,33,61
1,<environment.Job instance at 0x14a390019e60>,42,16,[7 2],54,87,103,33,75
1,<environment.Job instance at 0x14a390019500>,43,1,[ 2 10],55,87,88,32,76
1,<environment.Job instance at 0x14a390019e10>,44,3,[ 2 10],57,88,91,31,76
1,<environment.Job instance at 0x14a39b3ccaa0>,45,12,[ 2 11],58,91,103,33,77
1,<environment.Job instance at 0x14a37cdfb460>,46,13,[1 7],60,103,116,43,92
1,<environment.Job instance at 0x14a37cdfbf00>,48,3,[2 5],63,103,106,40,92
1,<environment.Job instance at 0x14a37cdfb320>,49,13,[1 5],64,106,119,42,93
1,<environment.Job instance at 0x14a37cdfbe10>,50,15,[5 1],66,96,111,30,96
1,<environment.Job instance at 0x14a37cdfbf50>,51,23,[2 5],67,116,139,49,110
1,<environment.Job instance at 0x14a37cdfbaa0>,52,1,[6 1],68,110,111,42,110
1,<environment.Job instance at 0x14a37cdfb4b0>,53,18,[8 2],69,112,130,43,112
1,<environment.Job instance at 0x14a37cdfb780>,54,16,[2 9],70,130,146,60,117
1,<environment.Job instance at 0x14a399ccbdc0>,55,3,[2 6],71,119,122,48,117
1,<environment.Job instance at 0x14a399ccb780>,56,3,[2 6],72,122,125,50,118
1,<environment.Job instance at 0x14a399ccb8c0>,57,1,[5 2],73,125,126,52,119
1,<environment.Job instance at 0x14a399ccb7d0>,58,3,[7 1],74,130,133,56,119
1,<environment.Job instance at 0x14a399ccb190>,59,2,[2 6],75,126,128,51,120
1,<environment.Job instance at 0x14a399ccbb40>,60,3,[2 7],77,146,149,69,120
1,<environment.Job instance at 0x14a37cb5a320>,61,18,[1 6],78,139,157,61,129
1,<environment.Job instance at 0x14a37cb5a0a0>,62,3,[1 5],80,149,152,69,131
1,<environment.Job instance at 0x14a37cb5a0f0>,63,2,[2 8],81,152,154,71,132
1,<environment.Job instance at 0x14a37cdfb140>,47,16,[5 1],61,146,162,85,138
1,<environment.Job instance at 0x14a37cb5a230>,64,17,[11  2],82,162,179,80,150
1,<environment.Job instance at 0x14a37cb5a140>,67,2,[6 2],86,150,152,64,150
1,<environment.Job instance at 0x14a37cb5ac30>,68,16,[2 8],88,154,170,66,150
1,<environment.Job instance at 0x14a37c4d33c0>,69,2,[9 1],89,179,181,90,152
1,<environment.Job instance at 0x14a37cb5a5f0>,70,18,[2 5],90,157,175,67,152
1,<environment.Job instance at 0x14a37cb5a410>,71,3,[10  2],91,181,184,90,155
1,<environment.Job instance at 0x14a37d429320>,72,1,[6 1],94,157,158,63,155
1,<environment.Job instance at 0x14a37cb5a280>,66,3,[2 5],85,170,173,85,158
1,<environment.Job instance at 0x14a37c825960>,73,3,[10  1],95,184,187,89,158
1,<environment.Job instance at 0x14a37c8250a0>,74,3,[6 2],96,187,190,91,164
1,<environment.Job instance at 0x14a37c825910>,75,18,[ 1 14],97,190,208,93,179
1,<environment.Job instance at 0x14a37caf1690>,78,1,[6 1],100,187,188,87,184
1,<environment.Job instance at 0x14a37c43bd70>,14,17,[12  1],17,190,207,173,184
1,<environment.Job instance at 0x14a37c5edf00>,80,1,[2 7],102,184,185,82,184
1,<environment.Job instance at 0x14a392c8ceb0>,79,18,[1 9],101,208,226,107,197
1,<environment.Job instance at 0x14a37c82bd70>,86,13,[6 1],109,207,220,98,197
1,<environment.Job instance at 0x14a37c915500>,87,3,[10  1],111,220,223,109,197
1,<environment.Job instance at 0x14a392c6f320>,89,2,[10  1],114,223,225,109,199
1,<environment.Job instance at 0x14a392c6f140>,88,14,[6 1],113,225,239,112,210
1,<environment.Job instance at 0x14a37c4ed460>,93,14,[1 6],121,226,240,105,211
1,<environment.Job instance at 0x14a392ca57d0>,95,3,[2 7],125,226,229,101,211
1,<environment.Job instance at 0x14a392ca5c80>,96,3,[10  2],128,239,242,111,213
1,<environment.Job instance at 0x14a37fa4eaa0>,97,17,[5 2],130,240,257,110,232
1,<environment.Job instance at 0x14a37c477e10>,101,1,[8 1],136,232,233,96,232
1,<environment.Job instance at 0x14a37c477370>,102,3,[9 1],137,242,245,105,234
1,<environment.Job instance at 0x14a37c477410>,103,2,[9 1],139,245,247,106,234
1,<environment.Job instance at 0x14a37f60a820>,83,28,[ 2 10],106,253,281,147,253
1,<environment.Job instance at 0x14a37c477d70>,100,19,[ 2 14],135,290,309,155,290
1,<environment.Job instance at 0x14a37ca6fbe0>,22,2,[5 1],30,33,35,3,33
1,<environment.Job instance at 0x14a39a562be0>,23,3,[ 2 10],32,34,37,2,34
1,<environment.Job instance at 0x14a37d46c640>,24,2,[2 8],33,37,39,4,36
1,<environment.Job instance at 0x14a37f977280>,26,3,[2 8],37,40,43,3,40
1,<environment.Job instance at 0x14a37f977be0>,27,3,[9 1],38,42,45,4,42
1,<environment.Job instance at 0x14a37f977a50>,28,3,[2 9],40,43,46,3,42
1,<environment.Job instance at 0x14a39a84e7d0>,29,2,[10  2],41,45,47,4,45
1,<environment.Job instance at 0x14a39a84e960>,30,2,[ 1 10],42,48,50,6,48
1,<environment.Job instance at 0x14a39a84e0f0>,31,3,[ 1 10],44,53,56,9,53
1,<environment.Job instance at 0x14a39a5038c0>,32,1,[9 2],45,57,58,12,57
1,<environment.Job instance at 0x14a39a5037d0>,33,1,[7 2],46,59,60,13,59
1,<environment.Job instance at 0x14a39a503b40>,34,2,[5 2],47,59,61,12,59
1,<environment.Job instance at 0x14a39a503aa0>,35,3,[14  2],48,61,64,13,59
1,<environment.Job instance at 0x14a39a503280>,36,2,[1 7],51,59,61,8,59
1,<environment.Job instance at 0x14a380b9aaf0>,37,2,[2 6],52,64,66,12,60
1,<environment.Job instance at 0x14a380b9a280>,38,3,[6 1],54,64,67,10,60
1,<environment.Job instance at 0x14a380b9a0f0>,39,16,[ 2 10],55,66,82,11,60
1,<environment.Job instance at 0x14a380b9a9b0>,40,2,[5 1],57,64,66,7,60
1,<environment.Job instance at 0x14a380b9acd0>,41,3,[6 1],58,66,69,8,60
1,<environment.Job instance at 0x14a37c256550>,42,1,[10  1],59,69,70,10,60
1,<environment.Job instance at 0x14a37c256aa0>,43,15,[7 1],60,70,85,10,60
1,<environment.Job instance at 0x14a39807cd70>,44,3,[ 2 10],61,82,85,21,61
1,<environment.Job instance at 0x14a37faba1e0>,46,1,[9 2],64,85,86,21,64
1,<environment.Job instance at 0x14a392d2c4b0>,47,3,[2 9],65,85,88,20,65
1,<environment.Job instance at 0x14a392d2c910>,48,3,[2 5],66,86,89,20,68
1,<environment.Job instance at 0x14a392d2c820>,50,2,[2 6],68,88,90,20,68
1,<environment.Job instance at 0x14a392d2c690>,51,2,[5 2],69,70,72,1,69
1,<environment.Job instance at 0x14a380279a50>,52,12,[ 1 10],70,90,102,20,73
1,<environment.Job instance at 0x14a380279d20>,53,2,[1 5],71,89,91,18,73
1,<environment.Job instance at 0x14a380279be0>,54,12,[5 1],72,73,85,1,73
1,<environment.Job instance at 0x14a3802799b0>,55,1,[10  1],73,86,87,13,73
1,<environment.Job instance at 0x14a37c5d25a0>,56,3,[1 7],75,102,105,27,76
1,<environment.Job instance at 0x14a37f47e550>,57,1,[10  2],77,88,89,11,77
1,<environment.Job instance at 0x14a37f47e280>,58,1,[6 1],79,87,88,8,79
1,<environment.Job instance at 0x14a37c9af910>,59,13,[1 6],80,102,115,22,86
1,<environment.Job instance at 0x14a392cd95f0>,60,2,[1 8],81,105,107,24,89
1,<environment.Job instance at 0x14a392cd94b0>,61,17,[6 1],82,91,108,9,89
1,<environment.Job instance at 0x14a392cd9320>,62,1,[8 1],83,91,92,8,90
1,<environment.Job instance at 0x14a37c691140>,63,3,[1 6],84,107,110,23,90
1,<environment.Job instance at 0x14a37c6910f0>,64,2,[1 9],87,110,112,23,90
1,<environment.Job instance at 0x14a37fb61050>,65,17,[2 7],88,112,129,24,100
1,<environment.Job instance at 0x14a37c6915f0>,66,12,[5 1],89,112,124,23,102
1,<environment.Job instance at 0x14a3d3cbec30>,67,16,[1 7],91,115,131,24,102
1,<environment.Job instance at 0x14a37c823e60>,68,3,[2 6],92,129,132,37,103
1,<environment.Job instance at 0x14a37c8237d0>,69,17,[6 1],95,124,141,29,113
1,<environment.Job instance at 0x14a37c8233c0>,70,3,[2 8],96,131,134,35,113
1,<environment.Job instance at 0x14a37c823960>,71,2,[9 1],98,134,136,36,113
1,<environment.Job instance at 0x14a399c5ff00>,72,12,[5 2],99,136,148,37,119
1,<environment.Job instance at 0x14a37f8f9870>,73,1,[1 9],100,136,137,36,119
1,<environment.Job instance at 0x14a399c5f910>,74,1,[1 5],101,132,133,31,119
1,<environment.Job instance at 0x14a37f98f7d0>,75,26,[2 7],102,137,163,35,134
1,<environment.Job instance at 0x14a380bc8910>,79,1,[2 7],107,148,149,41,135
1,<environment.Job instance at 0x14a37f475050>,80,1,[7 2],108,141,142,33,135
1,<environment.Job instance at 0x14a380bb5960>,81,25,[1 7],109,149,174,40,145
1,<environment.Job instance at 0x14a391801870>,82,1,[ 2 10],110,174,175,64,150
1,<environment.Job instance at 0x14a380bc8af0>,83,2,[2 5],111,163,165,52,152
1,<environment.Job instance at 0x14a380bc8b90>,84,15,[7 2],112,163,178,51,153
1,<environment.Job instance at 0x14a37c5fa7d0>,85,1,[7 2],115,165,166,50,153
1,<environment.Job instance at 0x14a3936f7c30>,86,1,[1 8],116,175,176,59,154
1,<environment.Job instance at 0x14a3936f7820>,87,2,[1 7],117,176,178,59,155
1,<environment.Job instance at 0x14a392d06a50>,88,22,[ 1 10],118,178,200,60,171
1,<environment.Job instance at 0x14a392d064b0>,91,3,[10  1],122,178,181,56,171
1,<environment.Job instance at 0x14a392d06b40>,92,3,[10  1],123,181,184,58,171
1,<environment.Job instance at 0x14a392dd6f00>,93,1,[8 1],124,184,185,60,171
1,<environment.Job instance at 0x14a392dd6230>,94,17,[7 2],126,185,202,59,173
1,<environment.Job instance at 0x14a37f595780>,96,2,[6 1],129,174,176,45,174
1,<environment.Job instance at 0x14a37f595dc0>,97,16,[6 1],130,184,200,54,175
1,<environment.Job instance at 0x14a37f595a00>,98,1,[ 1 10],132,200,201,68,178
1,<environment.Job instance at 0x14a37f5951e0>,99,3,[9 1],134,202,205,68,178
1,<environment.Job instance at 0x14a37c9040a0>,100,1,[8 2],136,201,202,65,178
1,<environment.Job instance at 0x14a37c904aa0>,101,3,[1 5],137,202,205,65,180
1,<environment.Job instance at 0x14a37c904370>,102,1,[10  1],139,205,206,66,180
1,<environment.Job instance at 0x14a37f96eaa0>,90,1,[14  1],121,214,215,93,214
1,<environment.Job instance at 0x14a37ca3cfa0>,95,13,[2 5],127,276,289,149,276
1,<environment.Job instance at 0x14a392ed5dc0>,18,13,[ 2 11],25,1028,1041,1003,1028
1,<environment.Job instance at 0x14a37fa82c80>,15,15,[2 7],17,17,32,0,17
1,<environment.Job instance at 0x14a380c33be0>,19,2,[2 5],23,41,43,18,41
1,<environment.Job instance at 0x14a380c33960>,18,2,[1 9],22,41,43,19,41
1,<environment.Job instance at 0x14a380c33640>,21,1,[8 1],27,44,45,17,44
1,<environment.Job instance at 0x14a37f566910>,25,3,[1 5],31,44,47,13,44
1,<environment.Job instance at 0x14a37f566be0>,26,1,[1 5],33,45,46,12,45
1,<environment.Job instance at 0x14a37f566b40>,27,16,[8 1],34,45,61,11,45
1,<environment.Job instance at 0x14a37f5660f0>,28,14,[2 8],35,46,60,11,45
1,<environment.Job instance at 0x14a37f566c30>,31,3,[7 1],39,60,63,21,45
1,<environment.Job instance at 0x14a37f566f00>,32,2,[2 7],40,61,63,21,45
1,<environment.Job instance at 0x14a37f566dc0>,33,14,[ 2 10],41,63,77,22,49
1,<environment.Job instance at 0x14a37f5665a0>,34,1,[1 9],42,77,78,35,52
1,<environment.Job instance at 0x14a3980394b0>,36,2,[1 8],45,78,80,33,52
1,<environment.Job instance at 0x14a398136690>,37,16,[1 6],46,77,93,31,66
1,<environment.Job instance at 0x14a37cc9ce10>,38,3,[2 6],48,80,83,32,68
1,<environment.Job instance at 0x14a37f4a36e0>,39,14,[10  1],49,78,92,29,68
1,<environment.Job instance at 0x14a37ca03190>,40,3,[ 1 14],50,93,96,43,68
1,<environment.Job instance at 0x14a3900db3c0>,17,3,[ 1 11],21,96,99,75,71
1,<environment.Job instance at 0x14a37ca03c30>,41,3,[5 1],51,71,74,20,71
1,<environment.Job instance at 0x14a392d534b0>,43,3,[9 1],54,74,77,20,71
1,<environment.Job instance at 0x14a37f52ce60>,44,3,[8 2],55,71,74,16,71
1,<environment.Job instance at 0x14a37c9e0870>,48,13,[ 2 10],62,99,112,37,83
1,<environment.Job instance at 0x14a37f62ab90>,51,1,[8 1],65,92,93,27,83
1,<environment.Job instance at 0x14a37f62a5a0>,52,18,[10  1],66,93,111,27,83
1,<environment.Job instance at 0x14a37f62afa0>,53,1,[8 2],67,111,112,44,83
1,<environment.Job instance at 0x14a37f62a050>,54,2,[7 1],68,112,114,44,86
1,<environment.Job instance at 0x14a37f62ae60>,55,1,[5 1],69,92,93,23,86
1,<environment.Job instance at 0x14a37f62ac30>,56,2,[2 8],70,86,88,16,86
1,<environment.Job instance at 0x14a3937b4dc0>,57,3,[7 1],71,112,115,41,86
1,<environment.Job instance at 0x14a37fa76b90>,58,3,[8 2],72,114,117,42,88
1,<environment.Job instance at 0x14a37fa76b40>,59,2,[10  1],74,117,119,43,90
1,<environment.Job instance at 0x14a37d535f50>,63,3,[1 5],82,115,118,33,104
1,<environment.Job instance at 0x14a37fa76320>,60,22,[5 1],76,118,140,42,111
1,<environment.Job instance at 0x14a37f652eb0>,66,1,[7 2],86,119,120,33,111
1,<environment.Job instance at 0x14a37f652fa0>,67,2,[2 8],87,115,117,28,111
1,<environment.Job instance at 0x14a37c86e7d0>,68,12,[9 1],88,120,132,32,111
1,<environment.Job instance at 0x14a37c86e5a0>,69,3,[9 2],90,132,135,42,111
1,<environment.Job instance at 0x14a37c86ecd0>,70,1,[ 2 10],91,119,120,28,111
1,<environment.Job instance at 0x14a37c86e320>,71,2,[6 2],92,135,137,43,111
1,<environment.Job instance at 0x14a37c86ed20>,72,1,[1 5],94,112,113,18,111
1,<environment.Job instance at 0x14a393739550>,73,2,[5 2],95,137,139,42,111
1,<environment.Job instance at 0x14a37c86ea00>,74,2,[8 1],96,139,141,43,112
1,<environment.Job instance at 0x14a37c86e2d0>,75,2,[8 1],97,141,143,44,114
1,<environment.Job instance at 0x14a37c86e4b0>,76,17,[ 2 10],98,135,152,37,123
1,<environment.Job instance at 0x14a37f534050>,78,18,[2 5],100,143,161,43,132
1,<environment.Job instance at 0x14a380c337d0>,23,14,[9 2],29,152,166,123,146
1,<environment.Job instance at 0x14a37f534cd0>,80,18,[ 2 11],102,161,179,59,151
1,<environment.Job instance at 0x14a380ab7a00>,85,1,[6 1],107,166,167,59,153
1,<environment.Job instance at 0x14a37c8c8b90>,86,2,[ 1 10],108,179,181,71,153
1,<environment.Job instance at 0x14a37c8c8910>,87,1,[5 1],109,166,167,57,153
1,<environment.Job instance at 0x14a37c8c8d70>,88,3,[5 2],110,167,170,57,153
1,<environment.Job instance at 0x14a37c724780>,89,17,[6 2],114,167,184,53,155
1,<environment.Job instance at 0x14a37c723af0>,90,3,[5 2],115,170,173,55,155
1,<environment.Job instance at 0x14a37f9c0140>,91,15,[10  2],116,184,199,68,170
1,<environment.Job instance at 0x14a37cd35e60>,92,2,[8 2],117,179,181,62,170
1,<environment.Job instance at 0x14a37f9c0a50>,93,2,[11  1],118,199,201,81,172
1,<environment.Job instance at 0x14a37f655d70>,94,1,[8 2],119,181,182,62,172
1,<environment.Job instance at 0x14a37f6557d0>,95,12,[1 8],120,181,193,61,172
1,<environment.Job instance at 0x14a37f655f50>,96,28,[ 2 10],121,193,221,72,192
1,<environment.Job instance at 0x14a37f655b90>,97,3,[9 1],124,201,204,77,192
1,<environment.Job instance at 0x14a37f655410>,98,14,[2 5],126,204,218,78,192
1,<environment.Job instance at 0x14a380ac06e0>,99,2,[1 8],127,221,223,94,194
1,<environment.Job instance at 0x14a37f638cd0>,100,1,[5 1],128,218,219,90,196
1,<environment.Job instance at 0x14a37f534960>,84,13,[8 1],106,218,231,112,203
1,<environment.Job instance at 0x14a37f6389b0>,101,14,[1 7],129,223,237,94,208
1,<environment.Job instance at 0x14a37c7cc9b0>,103,2,[6 2],133,221,223,88,208
1,<environment.Job instance at 0x14a37c86f4b0>,104,2,[1 5],134,223,225,89,208
1,<environment.Job instance at 0x14a37d49f6e0>,105,2,[9 2],135,231,233,96,209
1,<environment.Job instance at 0x14a37f65dc80>,106,1,[9 1],138,233,234,95,209
1,<environment.Job instance at 0x14a37f65de60>,107,2,[9 1],139,234,236,95,210
1,<environment.Job instance at 0x14a37c71f280>,102,2,[8 1],131,236,238,105,232
1,<environment.Job instance at 0x14a37f5345f0>,83,2,[ 1 13],105,237,239,132,237
1,<environment.Job instance at 0x14a392dda9b0>,0,2,[2 9],2,2,4,0,2
1,<environment.Job instance at 0x14a392dda050>,4,2,[ 1 11],7,9,11,2,9
1,<environment.Job instance at 0x14a37c1e3a50>,16,12,[9 1],23,29,41,6,29
1,<environment.Job instance at 0x14a37c3930a0>,19,2,[1 6],29,29,31,0,29
1,<environment.Job instance at 0x14a37c63d4b0>,28,12,[2 8],45,45,57,0,45
1,<environment.Job instance at 0x14a37c63d5f0>,29,14,[10  2],46,46,60,0,46
1,<environment.Job instance at 0x14a37c63d2d0>,30,3,[2 6],47,57,60,10,49
1,<environment.Job instance at 0x14a37fad3280>,31,12,[6 1],50,60,72,10,51
1,<environment.Job instance at 0x14a37fad3f50>,32,18,[1 6],51,57,75,6,51
1,<environment.Job instance at 0x14a39a846780>,34,3,[1 9],56,72,75,16,56
1,<environment.Job instance at 0x14a37fb386e0>,35,1,[5 2],57,60,61,3,57
1,<environment.Job instance at 0x14a37c775b40>,37,23,[9 1],60,75,98,15,69
1,<environment.Job instance at 0x14a37c46a2d0>,6,16,[ 1 12],9,75,91,66,71
1,<environment.Job instance at 0x14a380c24a50>,38,14,[10  1],61,98,112,37,83
1,<environment.Job instance at 0x14a37f689730>,46,2,[10  1],72,112,114,40,85
1,<environment.Job instance at 0x14a392d25be0>,50,2,[5 1],79,85,87,6,85
1,<environment.Job instance at 0x14a390064be0>,51,18,[2 9],81,91,109,10,85
1,<environment.Job instance at 0x14a37c1d9dc0>,52,13,[2 8],83,109,122,26,94
1,<environment.Job instance at 0x14a37c4c8910>,60,2,[14  2],94,122,124,28,96
1,<environment.Job instance at 0x14a37c4c8b90>,62,1,[14  2],96,124,125,28,97
1,<environment.Job instance at 0x14a37fbd0960>,66,3,[6 2],100,114,117,14,103
1,<environment.Job instance at 0x14a380f8ccd0>,71,14,[2 8],108,125,139,17,110
1,<environment.Job instance at 0x14a380f8c0a0>,72,1,[10  2],109,117,118,8,110
1,<environment.Job instance at 0x14a380cbdfa0>,73,17,[7 2],111,125,142,14,113
1,<environment.Job instance at 0x14a380cbde10>,74,13,[8 1],114,139,152,25,123
1,<environment.Job instance at 0x14a392dd9fa0>,77,1,[6 2],118,125,126,7,123
1,<environment.Job instance at 0x14a380cbd280>,78,1,[6 1],119,126,127,7,123
1,<environment.Job instance at 0x14a380cbd960>,79,1,[8 1],120,152,153,32,124
1,<environment.Job instance at 0x14a37cc810f0>,80,1,[5 1],123,127,128,4,124
1,<environment.Job instance at 0x14a37fa4e050>,81,2,[1 9],124,142,144,18,124
1,<environment.Job instance at 0x14a3937f3640>,82,3,[ 2 10],126,144,147,18,126
1,<environment.Job instance at 0x14a380c53cd0>,83,2,[7 1],128,147,149,19,128
1,<environment.Job instance at 0x14a37d55d820>,84,2,[ 1 10],131,149,151,18,131
1,<environment.Job instance at 0x14a37f478640>,85,1,[ 2 10],132,151,152,19,132
1,<environment.Job instance at 0x14a37d441e60>,87,17,[ 1 10],135,152,169,17,140
1,<environment.Job instance at 0x14a37f46d230>,42,1,[2 5],65,153,154,88,146
1,<environment.Job instance at 0x14a3980390f0>,9,3,[1 5],13,14,17,1,14
1,<environment.Job instance at 0x14a39a561c30>,10,14,[1 7],14,14,28,0,14
1,<environment.Job instance at 0x14a39a561370>,11,2,[1 8],16,17,19,1,16
1,<environment.Job instance at 0x14a39a561aa0>,12,12,[5 2],17,19,31,2,17
1,<environment.Job instance at 0x14a39a561dc0>,13,1,[2 9],18,28,29,10,18
1,<environment.Job instance at 0x14a39a561910>,14,1,[10  2],19,29,30,10,20
1,<environment.Job instance at 0x14a39a5617d0>,15,2,[5 2],22,22,24,0,22
1,<environment.Job instance at 0x14a380b5c140>,16,2,[10  1],23,30,32,7,23
1,<environment.Job instance at 0x14a39a561280>,18,1,[7 2],26,26,27,0,26
1,<environment.Job instance at 0x14a39a5610a0>,17,17,[7 1],25,32,49,7,27
1,<environment.Job instance at 0x14a37cd74690>,19,15,[7 1],27,32,47,5,27
1,<environment.Job instance at 0x14a399c8bb40>,21,3,[1 9],34,34,37,0,34
1,<environment.Job instance at 0x14a37c9edb90>,22,1,[1 7],37,38,39,1,38
1,<environment.Job instance at 0x14a399c8b0f0>,24,3,[6 2],40,47,50,7,40
1,<environment.Job instance at 0x14a399c8b1e0>,25,17,[6 2],45,49,66,4,46
1,<environment.Job instance at 0x14a37c6a57d0>,26,2,[8 1],46,50,52,4,46
1,<environment.Job instance at 0x14a392d722d0>,27,3,[8 2],48,52,55,4,48
1,<environment.Job instance at 0x14a380c2bc80>,28,14,[10  2],49,66,80,17,52
1,<environment.Job instance at 0x14a380c2b780>,29,2,[2 6],50,55,57,5,52
1,<environment.Job instance at 0x14a39a562d20>,30,17,[1 9],51,57,74,6,52
1,<environment.Job instance at 0x14a39a5626e0>,31,3,[1 6],52,52,55,0,52
1,<environment.Job instance at 0x14a380f51f50>,32,1,[8 1],53,57,58,4,53
1,<environment.Job instance at 0x14a37f9c0870>,33,1,[6 1],54,55,56,1,54
1,<environment.Job instance at 0x14a39a56faf0>,34,1,[1 9],58,74,75,16,58
1,<environment.Job instance at 0x14a39a56fc30>,35,3,[10  2],62,80,83,18,62
1,<environment.Job instance at 0x14a37cc81730>,36,17,[6 1],63,83,100,20,71
1,<environment.Job instance at 0x14a37cc81280>,37,1,[2 8],64,75,76,11,71
1,<environment.Job instance at 0x14a37cc81be0>,38,2,[9 1],67,83,85,16,71
1,<environment.Job instance at 0x14a37cc81d70>,40,13,[7 2],71,85,98,14,71
1,<environment.Job instance at 0x14a393741280>,41,2,[6 2],72,98,100,26,74
1,<environment.Job instance at 0x14a393741500>,42,3,[5 2],77,77,80,0,77
1,<environment.Job instance at 0x14a380eee550>,43,3,[ 2 10],78,80,83,2,78
1,<environment.Job instance at 0x14a380eee780>,44,3,[1 5],80,85,88,5,80
1,<environment.Job instance at 0x14a380eee3c0>,45,1,[9 1],81,100,101,19,81
1,<environment.Job instance at 0x14a380eee820>,46,2,[1 7],83,85,87,2,83
1,<environment.Job instance at 0x14a380eeeeb0>,47,2,[2 5],84,88,90,4,85
1,<environment.Job instance at 0x14a380eee230>,48,16,[5 2],85,100,116,15,87
1,<environment.Job instance at 0x14a380b5f500>,49,13,[ 1 13],86,101,114,15,87
1,<environment.Job instance at 0x14a380b5fa50>,50,2,[10  1],87,114,116,27,87
1,<environment.Job instance at 0x14a380b5f9b0>,51,2,[8 1],88,116,118,28,89
1,<environment.Job instance at 0x14a380b5f6e0>,52,3,[2 9],90,91,94,1,91
1,<environment.Job instance at 0x14a380b5f190>,53,1,[1 9],91,94,95,3,91
1,<environment.Job instance at 0x14a39376dbe0>,54,18,[8 2],92,118,136,26,107
1,<environment.Job instance at 0x14a37c3087d0>,55,2,[5 1],93,116,118,23,107
1,<environment.Job instance at 0x14a39376d050>,56,3,[2 5],94,116,119,22,107
1,<environment.Job instance at 0x14a37c308190>,57,1,[6 1],95,119,120,24,107
1,<environment.Job instance at 0x14a39011c640>,58,1,[5 2],97,118,119,21,107
1,<environment.Job instance at 0x14a39019a640>,59,1,[6 1],98,120,121,22,108
1,<environment.Job instance at 0x14a39019aa00>,60,3,[2 5],104,121,124,17,108
1,<environment.Job instance at 0x14a398173b40>,61,2,[2 5],106,121,123,15,108
1,<environment.Job instance at 0x14a37f566e60>,62,1,[2 9],107,124,125,17,108
1,<environment.Job instance at 0x14a37c167b90>,63,18,[7 2],109,125,143,16,117
1,<environment.Job instance at 0x14a37f4b8730>,64,15,[1 5],110,136,151,26,122
1,<environment.Job instance at 0x14a37f9f4280>,65,2,[2 9],111,143,145,32,122
1,<environment.Job instance at 0x14a393778f00>,66,2,[6 2],112,136,138,24,122
1,<environment.Job instance at 0x14a393778b90>,67,3,[2 6],113,138,141,25,122
1,<environment.Job instance at 0x14a3981b7960>,68,2,[1 6],114,136,138,22,122
1,<environment.Job instance at 0x14a3981b79b0>,69,1,[2 5],115,123,124,8,122
1,<environment.Job instance at 0x14a37c729190>,70,1,[2 8],116,141,142,25,122
1,<environment.Job instance at 0x14a393799dc0>,71,2,[10  1],117,143,145,26,122
1,<environment.Job instance at 0x14a39806adc0>,72,2,[7 1],118,145,147,27,122
1,<environment.Job instance at 0x14a39806a960>,73,2,[7 2],119,145,147,26,122
1,<environment.Job instance at 0x14a39a517410>,74,1,[9 2],120,147,148,27,122
1,<environment.Job instance at 0x14a39806a1e0>,75,2,[9 1],121,148,150,27,122
1,<environment.Job instance at 0x14a391831a50>,76,3,[9 1],123,150,153,27,124
1,<environment.Job instance at 0x14a391831d70>,77,14,[8 2],125,153,167,28,138
1,<environment.Job instance at 0x14a391831280>,78,3,[2 9],126,148,151,22,139
1,<environment.Job instance at 0x14a3981b1aa0>,79,2,[1 9],128,151,153,23,139
1,<environment.Job instance at 0x14a392e7c1e0>,80,3,[ 2 12],130,153,156,23,139
1,<environment.Job instance at 0x14a37c5e6b90>,81,3,[9 1],131,167,170,36,141
1,<environment.Job instance at 0x14a37c5e6e10>,82,3,[1 8],133,156,159,23,141
1,<environment.Job instance at 0x14a37c5e6e60>,83,2,[5 1],137,151,153,14,141
1,<environment.Job instance at 0x14a37c5e6780>,84,1,[2 5],138,142,143,4,141
1,<environment.Job instance at 0x14a37c5e64b0>,85,2,[1 8],139,159,161,20,141
1,<environment.Job instance at 0x14a3980395a0>,5,2,[14  1],7,229,231,222,229
1,<environment.Job instance at 0x14a3980399b0>,8,18,[10  2],12,498,516,486,498
1,<environment.Job instance at 0x14a37c78f0f0>,2,2,[11  1],4,7,9,3,7
1,<environment.Job instance at 0x14a380b23e10>,4,27,[9 2],8,9,36,1,8
1,<environment.Job instance at 0x14a37faf6910>,9,2,[1 7],13,13,15,0,13
1,<environment.Job instance at 0x14a37faf6820>,10,3,[1 7],14,15,18,1,14
1,<environment.Job instance at 0x14a37faf6a00>,12,2,[2 5],16,16,18,0,16
1,<environment.Job instance at 0x14a37faf6e60>,13,3,[1 9],17,18,21,1,17
1,<environment.Job instance at 0x14a37faf6460>,14,3,[8 1],18,36,39,18,18
1,<environment.Job instance at 0x14a37faf6e10>,15,1,[2 9],19,21,22,2,19
1,<environment.Job instance at 0x14a37faf6640>,16,3,[1 9],22,22,25,0,22
1,<environment.Job instance at 0x14a37cb07780>,17,1,[9 1],23,39,40,16,23
1,<environment.Job instance at 0x14a37cb07280>,18,3,[1 7],24,25,28,1,24
1,<environment.Job instance at 0x14a37cb07190>,19,2,[1 8],25,28,30,3,25
1,<environment.Job instance at 0x14a37c9a9af0>,21,3,[5 1],28,28,31,0,28
1,<environment.Job instance at 0x14a39a523d20>,22,3,[9 2],29,40,43,11,29
1,<environment.Job instance at 0x14a392ca76e0>,23,14,[ 1 12],30,30,44,0,30
1,<environment.Job instance at 0x14a37cb07140>,24,2,[ 1 10],31,44,46,13,31
1,<environment.Job instance at 0x14a37d48c1e0>,25,1,[9 1],32,43,44,11,32
1,<environment.Job instance at 0x14a37fbe32d0>,26,2,[1 5],33,44,46,11,33
1,<environment.Job instance at 0x14a37fbe3780>,27,1,[6 2],34,36,37,2,34
1,<environment.Job instance at 0x14a380f1e550>,30,19,[5 1],38,46,65,8,38
1,<environment.Job instance at 0x14a380f1e320>,31,1,[5 2],40,43,44,3,40
1,<environment.Job instance at 0x14a37c9a5500>,36,1,[1 5],47,57,58,10,57
1,<environment.Job instance at 0x14a37c9a53c0>,38,3,[ 2 10],50,58,61,8,58
1,<environment.Job instance at 0x14a37c73b0a0>,45,21,[6 2],62,64,85,2,64
1,<environment.Job instance at 0x14a37f6c77d0>,42,15,[7 2],56,65,80,9,65
1,<environment.Job instance at 0x14a399c950f0>,49,1,[1 6],67,67,68,0,67
1,<environment.Job instance at 0x14a392d068c0>,52,3,[7 1],74,80,83,6,74
1,<environment.Job instance at 0x14a392d06af0>,53,1,[ 1 10],75,76,77,1,76
1,<environment.Job instance at 0x14a392d067d0>,56,14,[ 1 10],78,78,92,0,78
1,<environment.Job instance at 0x14a3d0040640>,60,2,[6 2],83,87,89,4,87
1,<environment.Job instance at 0x14a37d79f640>,61,16,[6 2],85,88,104,3,88
1,<environment.Job instance at 0x14a3980d05f0>,62,2,[2 6],86,92,94,6,88
1,<environment.Job instance at 0x14a37f4d9eb0>,63,2,[9 1],88,94,96,6,88
1,<environment.Job instance at 0x14a37ca2e320>,66,1,[8 1],94,96,97,2,94
1,<environment.Job instance at 0x14a37c43f8c0>,67,1,[8 1],95,97,98,2,95
1,<environment.Job instance at 0x14a37c518c80>,68,3,[2 7],96,98,101,2,96
1,<environment.Job instance at 0x14a37c72bc30>,69,14,[1 9],98,101,115,3,98
1,<environment.Job instance at 0x14a37ca2e500>,65,1,[ 1 10],93,115,116,22,101
1,<environment.Job instance at 0x14a37f931050>,58,27,[7 1],81,102,129,21,102
1,<environment.Job instance at 0x14a392cd9230>,74,23,[1 9],106,116,139,10,110
1,<environment.Job instance at 0x14a37faf6c80>,8,1,[1 5],12,118,119,106,118
1,<environment.Job instance at 0x14a380b9e730>,91,12,[8 1],137,142,154,5,142
1,<environment.Job instance at 0x14a380b9e320>,92,2,[6 2],138,142,144,4,142
1,<environment.Job instance at 0x14a37c9b1190>,84,1,[2 7],128,155,156,27,155
1,<environment.Job instance at 0x14a392cb7a50>,15,1,[7 1],24,28,29,4,28
1,<environment.Job instance at 0x14a392cb7cd0>,16,1,[1 5],25,29,30,4,29
1,<environment.Job instance at 0x14a392cb7910>,17,15,[10  1],26,29,44,3,29
1,<environment.Job instance at 0x14a3918077d0>,18,17,[6 1],28,44,61,16,33
1,<environment.Job instance at 0x14a37c6b62d0>,19,21,[2 6],29,33,54,4,33
1,<environment.Job instance at 0x14a39372cb90>,20,15,[5 2],30,44,59,14,34
1,<environment.Job instance at 0x14a37c158640>,21,13,[6 2],31,59,72,28,44
1,<environment.Job instance at 0x14a399c27780>,22,2,[5 2],33,61,63,28,44
1,<environment.Job instance at 0x14a37c438280>,23,2,[6 2],34,63,65,29,46
1,<environment.Job instance at 0x14a37c264e60>,24,3,[2 5],35,46,49,11,46
1,<environment.Job instance at 0x14a37c264fa0>,25,12,[5 2],36,65,77,29,48
1,<environment.Job instance at 0x14a37c47c050>,26,14,[2 8],38,54,68,16,48
1,<environment.Job instance at 0x14a3980e9050>,27,1,[6 2],40,72,73,32,49
1,<environment.Job instance at 0x14a392db44b0>,28,16,[7 1],41,73,89,32,60
1,<environment.Job instance at 0x14a3980e9b40>,29,1,[1 7],42,68,69,26,60
1,<environment.Job instance at 0x14a392db49b0>,30,2,[1 8],43,69,71,26,61
1,<environment.Job instance at 0x14a37f46d690>,31,2,[ 1 10],46,71,73,25,61
1,<environment.Job instance at 0x14a39a5f0eb0>,32,15,[2 9],47,73,88,26,61
1,<environment.Job instance at 0x14a39a5f05f0>,33,15,[7 2],48,88,103,40,74
1,<environment.Job instance at 0x14a37f62a550>,34,13,[9 1],49,103,116,54,87
1,<environment.Job instance at 0x14a37f62a5f0>,35,2,[1 6],50,88,90,38,87
1,<environment.Job instance at 0x14a3937f3c30>,36,24,[9 2],51,116,140,65,112
1,<environment.Job instance at 0x14a37f69baf0>,37,2,[8 2],53,140,142,87,113
1,<environment.Job instance at 0x14a37ccc10a0>,38,14,[2 8],54,113,127,59,113
1,<environment.Job instance at 0x14a37ccc1a00>,39,2,[6 2],55,127,129,72,113
1,<environment.Job instance at 0x14a37ccc1500>,40,16,[5 1],58,129,145,71,116
1,<environment.Job instance at 0x14a39804c910>,41,14,[9 1],59,142,156,83,127
1,<environment.Job instance at 0x14a39804c870>,42,1,[1 9],60,129,130,69,127
1,<environment.Job instance at 0x14a39804c730>,43,1,[10  2],61,156,157,95,128
1,<environment.Job instance at 0x14a39804c2d0>,44,3,[1 7],64,130,133,66,129
1,<environment.Job instance at 0x14a380b42410>,45,1,[6 2],65,145,146,80,129
1,<environment.Job instance at 0x14a380b42f50>,46,15,[7 2],66,157,172,91,143
1,<environment.Job instance at 0x14a380b42690>,47,2,[7 2],67,157,159,90,143
1,<environment.Job instance at 0x14a380b425f0>,48,13,[6 1],68,159,172,91,143
1,<environment.Job instance at 0x14a380b42230>,49,2,[1 5],69,143,145,74,143
1,<environment.Job instance at 0x14a380b42280>,50,2,[6 1],70,146,148,76,144
1,<environment.Job instance at 0x14a37f8f1dc0>,51,15,[2 8],72,159,174,87,145
1,<environment.Job instance at 0x14a37f8f1c30>,52,17,[8 1],73,172,189,99,160
1,<environment.Job instance at 0x14a37f8f1f50>,54,2,[2 8],78,174,176,96,160
1,<environment.Job instance at 0x14a37f8f19b0>,55,16,[8 1],80,189,205,109,176
1,<environment.Job instance at 0x14a37f8f1a50>,53,1,[ 2 10],75,177,178,102,177
1,<environment.Job instance at 0x14a37c99ac80>,56,2,[6 2],81,178,180,97,177
1,<environment.Job instance at 0x14a37f8f1820>,58,3,[2 8],86,180,183,94,177
1,<environment.Job instance at 0x14a37f9a9870>,59,2,[1 9],87,178,180,91,178
1,<environment.Job instance at 0x14a37f9a9fa0>,60,3,[2 6],88,180,183,92,178
1,<environment.Job instance at 0x14a37f9a93c0>,61,2,[5 2],89,183,185,94,178
1,<environment.Job instance at 0x14a37f9a9eb0>,62,2,[ 2 10],92,183,185,91,178
1,<environment.Job instance at 0x14a37f9a97d0>,63,3,[2 8],93,185,188,92,178
1,<environment.Job instance at 0x14a37f9a99b0>,64,1,[2 5],94,185,186,91,180
1,<environment.Job instance at 0x14a37f9a9140>,65,2,[5 1],95,186,188,91,181
1,<environment.Job instance at 0x14a37f9a9500>,66,17,[6 2],96,188,205,92,181
1,<environment.Job instance at 0x14a37f9a95f0>,67,1,[9 1],97,205,206,108,182
1,<environment.Job instance at 0x14a37f9a9460>,68,12,[1 7],99,188,200,89,182
1,<environment.Job instance at 0x14a391836320>,69,1,[7 1],100,206,207,106,184
1,<environment.Job instance at 0x14a37f9a9820>,70,2,[2 7],101,205,207,104,184
1,<environment.Job instance at 0x14a3918362d0>,71,23,[2 9],102,207,230,105,201
1,<environment.Job instance at 0x14a391836500>,72,15,[5 2],103,206,221,103,201
1,<environment.Job instance at 0x14a3918360a0>,73,2,[7 1],104,207,209,103,202
1,<environment.Job instance at 0x14a391836780>,74,1,[1 6],106,204,205,98,204
1,<environment.Job instance at 0x14a3918368c0>,75,2,[6 2],107,209,211,102,208
1,<environment.Job instance at 0x14a391836e10>,76,2,[10  2],109,221,223,112,211
1,<environment.Job instance at 0x14a3901bb370>,77,2,[2 7],113,230,232,117,211
1,<environment.Job instance at 0x14a3981015a0>,78,3,[8 1],114,213,216,99,213
1,<environment.Job instance at 0x14a380b68550>,79,1,[8 2],116,216,217,100,213
1,<environment.Job instance at 0x14a37c188190>,80,3,[8 2],118,217,220,99,213
1,<environment.Job instance at 0x14a37fbdb370>,81,2,[8 1],120,223,225,103,215
1,<environment.Job instance at 0x14a37c301e10>,82,3,[2 7],121,230,233,109,217
1,<environment.Job instance at 0x14a380bca370>,83,1,[1 6],122,225,226,103,219
1,<environment.Job instance at 0x14a380bca230>,84,1,[8 1],126,226,227,100,221
1,<environment.Job instance at 0x14a399c2bc30>,85,1,[10  1],127,227,228,100,223
1,<environment.Job instance at 0x14a392ee1f00>,86,15,[2 8],128,232,247,104,223
1,<environment.Job instance at 0x14a37cbeae60>,87,2,[9 1],129,228,230,99,227
1,<environment.Job instance at 0x14a37cbea0f0>,88,12,[8 1],130,233,245,103,227
1,<environment.Job instance at 0x14a37cbeaeb0>,89,12,[7 1],131,245,257,114,228
1,<environment.Job instance at 0x14a390027370>,90,3,[10  1],132,257,260,125,231
1,<environment.Job instance at 0x14a37fb46190>,91,3,[7 1],133,247,250,114,231
1,<environment.Job instance at 0x14a37f5d18c0>,92,2,[2 8],135,250,252,115,231
1,<environment.Job instance at 0x14a37fa0c690>,93,16,[1 9],136,252,268,116,239
1,<environment.Job instance at 0x14a37fa0ccd0>,94,3,[13  1],137,260,263,123,239
1,<environment.Job instance at 0x14a37c519e60>,95,3,[2 9],138,268,271,130,242
1,<environment.Job instance at 0x14a39810fd70>,96,1,[2 9],139,271,272,132,243
1,<environment.Job instance at 0x14a37f8f1910>,57,1,[2 5],82,272,273,190,272
1,<environment.Job instance at 0x14a37cc81c80>,11,2,[13  1],18,291,293,273,291
1,<environment.Job instance at 0x14a37c3859b0>,12,3,[ 2 10],22,25,28,3,25
1,<environment.Job instance at 0x14a37d7a0f00>,18,3,[6 2],35,35,38,0,35
1,<environment.Job instance at 0x14a37c6b9280>,19,1,[1 8],36,36,37,0,36
1,<environment.Job instance at 0x14a37c5c8280>,21,19,[8 1],38,38,57,0,38
1,<environment.Job instance at 0x14a37c5c8d20>,23,1,[1 6],40,40,41,0,40
1,<environment.Job instance at 0x14a37c6adcd0>,24,2,[1 8],41,41,43,0,41
1,<environment.Job instance at 0x14a37c6ad140>,25,16,[9 2],42,57,73,15,44
1,<environment.Job instance at 0x14a37c6ad370>,26,15,[ 1 10],43,44,59,1,44
1,<environment.Job instance at 0x14a37c6ad0f0>,27,1,[5 1],44,44,45,0,44
1,<environment.Job instance at 0x14a37c6ad460>,28,2,[2 7],45,59,61,14,45
1,<environment.Job instance at 0x14a37c6ad050>,29,2,[9 1],46,73,75,27,46
1,<environment.Job instance at 0x14a37c6ad190>,30,1,[1 8],47,61,62,14,47
1,<environment.Job instance at 0x14a37c6ad690>,31,2,[10  2],48,75,77,27,48
1,<environment.Job instance at 0x14a37c6ad280>,32,1,[9 2],49,77,78,28,49
1,<environment.Job instance at 0x14a37c4a3870>,33,14,[2 7],50,62,76,12,50
1,<environment.Job instance at 0x14a37c4a37d0>,34,1,[10  1],52,78,79,26,52
1,<environment.Job instance at 0x14a37c9f2f00>,35,23,[5 2],54,76,99,22,70
1,<environment.Job instance at 0x14a37c7d9e60>,37,3,[9 1],57,79,82,22,70
1,<environment.Job instance at 0x14a37ca71960>,38,17,[2 6],58,82,99,24,70
1,<environment.Job instance at 0x14a3936f5d20>,39,1,[1 6],59,70,71,11,70
1,<environment.Job instance at 0x14a37c385870>,14,1,[9 2],27,99,100,72,85
1,<environment.Job instance at 0x14a37c282190>,40,17,[1 9],61,99,116,38,87
1,<environment.Job instance at 0x14a37f5ea500>,42,12,[11  1],63,100,112,37,87
1,<environment.Job instance at 0x14a37c6abf50>,43,18,[2 9],64,116,134,52,105
1,<environment.Job instance at 0x14a37c9bc0a0>,45,14,[9 1],66,112,126,46,105
1,<environment.Job instance at 0x14a37c771870>,46,16,[5 1],68,126,142,58,113
1,<environment.Job instance at 0x14a392e7b0a0>,47,28,[5 2],69,126,154,57,125
1,<environment.Job instance at 0x14a37ca82e60>,48,3,[7 2],71,142,145,71,125
1,<environment.Job instance at 0x14a37c3012d0>,49,2,[2 7],72,134,136,62,125
1,<environment.Job instance at 0x14a37c301910>,50,3,[2 9],74,136,139,62,125
1,<environment.Job instance at 0x14a37ca7aa50>,51,1,[10  2],75,145,146,70,125
1,<environment.Job instance at 0x14a37ca82730>,52,2,[ 1 10],78,139,141,61,125
1,<environment.Job instance at 0x14a37fbbc050>,53,1,[9 2],79,146,147,67,125
1,<environment.Job instance at 0x14a37ca7af00>,54,17,[2 5],83,147,164,64,135
1,<environment.Job instance at 0x14a392d00e10>,55,18,[ 2 10],84,154,172,70,143
1,<environment.Job instance at 0x14a392d000f0>,56,1,[ 1 10],86,143,144,57,143
1,<environment.Job instance at 0x14a392d00370>,57,1,[2 6],87,144,145,57,143
1,<environment.Job instance at 0x14a37c684cd0>,58,1,[2 6],88,147,148,59,143
1,<environment.Job instance at 0x14a392d008c0>,59,16,[10  2],90,164,180,74,151
1,<environment.Job instance at 0x14a392d001e0>,61,1,[7 2],92,151,152,59,151
1,<environment.Job instance at 0x14a392d00e60>,62,12,[1 5],93,172,184,79,155
1,<environment.Job instance at 0x14a37ca61c30>,63,2,[1 9],94,180,182,86,155
1,<environment.Job instance at 0x14a37ca611e0>,64,1,[5 1],95,180,181,85,155
1,<environment.Job instance at 0x14a37ca61b90>,65,3,[6 2],97,182,185,85,156
1,<environment.Job instance at 0x14a392d03780>,66,2,[2 7],98,172,174,74,156
1,<environment.Job instance at 0x14a392d03280>,67,16,[10  1],100,185,201,85,172
1,<environment.Job instance at 0x14a392d031e0>,74,1,[ 2 10],107,184,185,77,172
1,<environment.Job instance at 0x14a392d01f50>,75,3,[ 2 10],108,185,188,77,172
1,<environment.Job instance at 0x14a392d014b0>,76,2,[5 1],109,181,183,72,172
1,<environment.Job instance at 0x14a392d01c80>,77,12,[1 9],112,188,200,76,172
1,<environment.Job instance at 0x14a392d015a0>,78,1,[1 9],113,200,201,87,172
1,<environment.Job instance at 0x14a392d01730>,80,3,[8 2],115,201,204,86,175
1,<environment.Job instance at 0x14a392d01e10>,81,3,[1 7],116,175,178,59,175
1,<environment.Job instance at 0x14a392d01050>,82,2,[9 2],117,204,206,87,177
1,<environment.Job instance at 0x14a392d01d20>,83,2,[7 1],118,183,185,65,177
1,<environment.Job instance at 0x14a392d019b0>,84,1,[1 6],119,179,180,60,179
1,<environment.Job instance at 0x14a392d016e0>,79,21,[2 7],114,201,222,87,195
1,<environment.Job instance at 0x14a392d01640>,85,27,[2 7],120,206,233,86,204
1,<environment.Job instance at 0x14a37fa67730>,90,2,[1 6],127,204,206,77,204
1,<environment.Job instance at 0x14a37fa67460>,91,16,[2 7],130,222,238,92,209
1,<environment.Job instance at 0x14a37fa67aa0>,92,3,[ 2 13],134,238,241,104,212
1,<environment.Job instance at 0x14a37fa67640>,93,2,[2 8],135,233,235,98,212
1,<environment.Job instance at 0x14a37fa67f50>,94,3,[10  1],136,212,215,76,212
1,<environment.Job instance at 0x14a37c648280>,41,3,[ 2 12],62,339,342,277,339
1,<environment.Job instance at 0x14a37d7a0500>,17,14,[13  1],33,590,604,557,590
1,<environment.Job instance at 0x14a37cb6d550>,34,22,[2 8],44,44,66,0,44
1,<environment.Job instance at 0x14a37c5dbbe0>,40,18,[1 6],54,54,72,0,54
1,<environment.Job instance at 0x14a37c5dbb40>,41,3,[10  2],55,66,69,11,55
1,<environment.Job instance at 0x14a37c5db280>,42,13,[9 1],56,69,82,13,56
1,<environment.Job instance at 0x14a37cb77820>,43,1,[ 1 10],57,72,73,15,57
1,<environment.Job instance at 0x14a37cb774b0>,44,1,[10  2],58,82,83,24,58
1,<environment.Job instance at 0x14a37cb779b0>,45,16,[5 1],59,69,85,10,59
1,<environment.Job instance at 0x14a37cb770f0>,46,3,[6 1],60,60,63,0,60
1,<environment.Job instance at 0x14a37cb6d910>,38,2,[7 1],48,83,85,35,65
1,<environment.Job instance at 0x14a37c2cecd0>,48,2,[2 8],63,83,85,20,67
1,<environment.Job instance at 0x14a37cb77500>,47,13,[2 5],62,85,98,23,69
1,<environment.Job instance at 0x14a37c5e08c0>,50,2,[8 1],67,85,87,18,70
1,<environment.Job instance at 0x14a37f5a4aa0>,51,3,[9 2],68,87,90,19,70
1,<environment.Job instance at 0x14a37f5a4d20>,52,13,[2 5],72,85,98,13,72
1,<environment.Job instance at 0x14a37f5a4910>,53,12,[2 7],73,98,110,25,81
1,<environment.Job instance at 0x14a37f5a4050>,55,14,[7 1],75,90,104,15,81
1,<environment.Job instance at 0x14a37f5a4eb0>,56,3,[2 6],76,98,101,22,82
1,<environment.Job instance at 0x14a37f5a40f0>,57,3,[8 1],77,104,107,27,82
1,<environment.Job instance at 0x14a37f5a4a50>,58,1,[6 1],78,101,102,23,82
1,<environment.Job instance at 0x14a37c228c80>,59,3,[6 1],79,107,110,28,82
1,<environment.Job instance at 0x14a37f5a4230>,60,3,[9 1],80,110,113,30,84
1,<environment.Job instance at 0x14a37f5a4dc0>,61,3,[2 9],81,110,113,29,84
1,<environment.Job instance at 0x14a391817b90>,62,14,[2 5],82,102,116,20,87
1,<environment.Job instance at 0x14a37c19b3c0>,63,1,[10  2],85,113,114,28,87
1,<environment.Job instance at 0x14a37c2d4780>,64,1,[5 1],86,107,108,21,88
1,<environment.Job instance at 0x14a37c546fa0>,65,3,[1 8],87,113,116,26,88
1,<environment.Job instance at 0x14a380ac9640>,66,2,[5 1],88,108,110,20,89
1,<environment.Job instance at 0x14a37cd21780>,67,15,[9 2],90,114,129,24,100
1,<environment.Job instance at 0x14a392c6ba50>,68,2,[2 8],92,116,118,24,100
1,<environment.Job instance at 0x14a380c338c0>,69,1,[ 1 10],93,118,119,25,100
1,<environment.Job instance at 0x14a37f5a4c80>,54,13,[7 2],74,129,142,55,116
1,<environment.Job instance at 0x14a3936f5230>,71,3,[8 2],96,129,132,33,117
1,<environment.Job instance at 0x14a380c33f50>,70,16,[8 1],95,132,148,37,119
1,<environment.Job instance at 0x14a3936f5be0>,73,1,[5 1],98,119,120,21,119
1,<environment.Job instance at 0x14a3901a72d0>,74,3,[5 1],99,120,123,21,119
1,<environment.Job instance at 0x14a3936f5e60>,72,1,[2 8],97,126,127,29,126
1,<environment.Job instance at 0x14a3936f5eb0>,75,18,[5 2],100,142,160,42,131
1,<environment.Job instance at 0x14a380aca0a0>,76,2,[6 2],105,148,150,43,131
1,<environment.Job instance at 0x14a37fb82730>,77,12,[2 8],106,142,154,36,131
1,<environment.Job instance at 0x14a37fb82640>,78,13,[9 2],108,154,167,46,138
1,<environment.Job instance at 0x14a37fb82dc0>,79,18,[ 1 10],110,154,172,44,143
1,<environment.Job instance at 0x14a37fb82f50>,81,15,[5 2],112,160,175,48,147
1,<environment.Job instance at 0x14a37fb822d0>,83,2,[8 1],114,150,152,36,147
1,<environment.Job instance at 0x14a37fb82f00>,84,1,[10  1],115,172,173,57,147
1,<environment.Job instance at 0x14a37fb82410>,85,2,[5 1],116,152,154,36,147
1,<environment.Job instance at 0x14a37fb82a50>,86,1,[1 6],117,173,174,56,148
1,<environment.Job instance at 0x14a39a505d70>,87,12,[5 2],118,173,185,55,156
1,<environment.Job instance at 0x14a37c287c30>,88,3,[9 2],120,167,170,47,157
1,<environment.Job instance at 0x14a37c2cbdc0>,89,13,[ 1 14],122,185,198,63,169
1,<environment.Job instance at 0x14a37c2cbc30>,90,1,[10  1],125,175,176,50,169
1,<environment.Job instance at 0x14a37c7e4370>,91,14,[6 1],126,176,190,50,169
1,<environment.Job instance at 0x14a37c7e40f0>,92,12,[2 8],127,198,210,71,181
1,<environment.Job instance at 0x14a37c7e49b0>,93,2,[2 6],129,181,183,52,181
1,<environment.Job instance at 0x14a37c7e4dc0>,94,3,[1 6],130,181,184,51,181
1,<environment.Job instance at 0x14a37c7e4640>,95,3,[1 9],131,210,213,79,184
1,<environment.Job instance at 0x14a37f66f870>,96,2,[7 2],132,198,200,66,184
1,<environment.Job instance at 0x14a37f61a230>,97,2,[9 1],134,190,192,56,186
1,<environment.Job instance at 0x14a37c629c30>,98,2,[2 6],138,200,202,62,187
1,<environment.Job instance at 0x14a37cb6d7d0>,37,2,[ 1 12],47,215,217,168,215
1,<environment.Job instance at 0x14a37c5db0f0>,39,1,[10  2],49,221,222,172,221
1,<environment.Job instance at 0x1504c0e70140>,20,2,[ 1 13],27,27,29,0,27
1,<environment.Job instance at 0x1504c0e72460>,34,15,[11  1],44,45,60,1,45
1,<environment.Job instance at 0x1504c0e72aa0>,39,3,[1 5],52,52,55,0,52
1,<environment.Job instance at 0x1504c0e729b0>,40,3,[1 6],53,53,56,0,53
1,<environment.Job instance at 0x1504c0e72af0>,41,25,[12  2],54,60,85,6,56
1,<environment.Job instance at 0x1504c0e72f00>,42,1,[10  1],56,85,86,29,57
1,<environment.Job instance at 0x1504c0e72fa0>,43,3,[7 2],57,86,89,29,60
1,<environment.Job instance at 0x1504c0e72cd0>,44,3,[1 8],58,60,63,2,60
1,<environment.Job instance at 0x1504c0e72d20>,45,3,[2 8],60,63,66,3,60
1,<environment.Job instance at 0x1504c0e743c0>,46,2,[2 8],61,66,68,5,61
1,<environment.Job instance at 0x1504c0e741e0>,47,1,[1 6],63,68,69,5,63
1,<environment.Job instance at 0x1504c0e74500>,48,1,[2 9],65,69,70,4,65
1,<environment.Job instance at 0x1504c0e74320>,49,16,[8 2],66,86,102,20,73
1,<environment.Job instance at 0x1504c0e74af0>,52,2,[1 7],72,73,75,1,73
1,<environment.Job instance at 0x1504c0e74b90>,53,3,[6 1],73,89,92,16,73
1,<environment.Job instance at 0x1504c0e74dc0>,54,2,[2 5],75,75,77,0,75
1,<environment.Job instance at 0x1504c0e746e0>,55,16,[2 5],76,92,108,16,79
1,<environment.Job instance at 0x1504c0e77140>,57,22,[1 5],80,89,111,9,82
1,<environment.Job instance at 0x1504c0e77230>,58,15,[2 9],82,108,123,26,94
1,<environment.Job instance at 0x1504c0e777d0>,63,3,[10  1],89,102,105,13,94
1,<environment.Job instance at 0x1504c0e778c0>,65,3,[2 9],92,123,126,31,97
1,<environment.Job instance at 0x1504c0e77a50>,66,3,[1 9],93,126,129,33,100
1,<environment.Job instance at 0x1504c0e77b40>,67,1,[13  1],94,111,112,17,100
1,<environment.Job instance at 0x150517dc0230>,68,3,[1 9],95,129,132,34,103
1,<environment.Job instance at 0x1504c0ea1fa0>,69,1,[2 5],96,105,106,9,103
1,<environment.Job instance at 0x150517db9280>,70,2,[ 2 10],97,132,134,35,105
1,<environment.Job instance at 0x1504c0ea1140>,71,3,[2 9],99,134,137,35,108
1,<environment.Job instance at 0x1504c37585a0>,76,2,[2 5],108,112,114,4,109
1,<environment.Job instance at 0x1504c1864640>,81,3,[ 2 10],114,137,140,23,114
1,<environment.Job instance at 0x1504c1863dc0>,88,1,[1 5],123,123,124,0,123
1,<environment.Job instance at 0x1504c1511af0>,92,15,[7 1],129,129,144,0,129
1,<environment.Job instance at 0x1504c1511f50>,93,2,[14  1],130,144,146,14,130
1,<environment.Job instance at 0x1504c15108c0>,95,3,[2 8],132,140,143,8,132
1,<environment.Job instance at 0x1504c1510c30>,96,12,[9 2],134,146,158,12,134
1,<environment.Job instance at 0x1504c1510370>,97,15,[10  2],135,158,173,23,144
1,<environment.Job instance at 0x1504c152c0f0>,100,17,[1 9],139,144,161,5,144
1,<environment.Job instance at 0x1504c152c0a0>,101,13,[2 9],140,161,174,21,145
1,<environment.Job instance at 0x1504c15ec500>,102,1,[2 8],141,174,175,33,146
1,<environment.Job instance at 0x1504c15ec5a0>,103,1,[ 2 10],142,175,176,33,147
1,<environment.Job instance at 0x1504c15ec140>,104,1,[ 2 14],143,176,177,33,148
1,<environment.Job instance at 0x1504c1512c30>,105,1,[8 2],144,173,174,29,148
1,<environment.Job instance at 0x1504c15125f0>,107,18,[1 8],146,177,195,31,167
1,<environment.Job instance at 0x1504cd6ec370>,4,3,[5 2],6,7,10,1,7
1,<environment.Job instance at 0x1504cd6ec2d0>,5,15,[9 2],7,7,22,0,7
1,<environment.Job instance at 0x1504c0e72280>,6,18,[2 6],8,10,28,2,9
1,<environment.Job instance at 0x1504cd6ec320>,7,1,[1 6],9,9,10,0,9
1,<environment.Job instance at 0x1504cd6e68c0>,8,1,[1 7],10,10,11,0,10
1,<environment.Job instance at 0x1504cd6e6960>,9,3,[9 1],13,22,25,9,13
1,<environment.Job instance at 0x1504cd6e6b40>,10,3,[12  1],14,25,28,11,17
1,<environment.Job instance at 0x1504cd6e6b90>,11,1,[1 8],16,22,23,6,17
1,<environment.Job instance at 0x1504cd6e63c0>,12,15,[1 6],17,23,38,6,17
1,<environment.Job instance at 0x1504cd6e60a0>,13,3,[7 2],18,28,31,10,18
1,<environment.Job instance at 0x1504cd6e61e0>,14,2,[1 8],19,31,33,12,22
1,<environment.Job instance at 0x1504cd6e6dc0>,15,3,[1 7],21,28,31,7,22
1,<environment.Job instance at 0x1504cd6e65f0>,16,13,[ 1 14],22,38,51,16,22
1,<environment.Job instance at 0x1504cd6e6aa0>,17,27,[1 8],23,53,80,30,53
1,<environment.Job instance at 0x1504cd6e6190>,18,3,[1 9],24,80,83,56,60
1,<environment.Job instance at 0x1504cd6e3230>,19,2,[7 2],25,60,62,35,60
1,<environment.Job instance at 0x1504cd6e39b0>,20,12,[6 1],26,60,72,34,60
1,<environment.Job instance at 0x1504cd6e3a50>,21,28,[2 8],29,83,111,54,83
1,<environment.Job instance at 0x1504cd6e3910>,22,3,[5 1],33,91,94,58,91
1,<environment.Job instance at 0x1504cd6e3b40>,23,15,[1 7],35,94,109,59,91
1,<environment.Job instance at 0x1504cd6e3af0>,24,3,[ 2 10],36,111,114,75,91
1,<environment.Job instance at 0x1504cd6e3be0>,25,2,[1 9],38,114,116,76,91
1,<environment.Job instance at 0x1504cd6e3370>,26,2,[ 2 10],41,116,118,75,99
1,<environment.Job instance at 0x1504cd6e30f0>,27,3,[5 2],42,109,112,67,103
1,<environment.Job instance at 0x1504cd6e3aa0>,28,15,[2 7],43,118,133,75,105
1,<environment.Job instance at 0x1504cd6e3190>,29,2,[ 2 10],44,133,135,89,109
1,<environment.Job instance at 0x1504cd6e32d0>,30,2,[2 9],45,135,137,90,110
1,<environment.Job instance at 0x1504cd6e3dc0>,31,17,[ 2 10],46,137,154,91,125
1,<environment.Job instance at 0x1504cd6e3c80>,32,19,[ 1 10],48,154,173,106,146
1,<environment.Job instance at 0x1504cd6e3fa0>,33,2,[9 1],49,147,149,98,147
1,<environment.Job instance at 0x1504cd6e3460>,34,3,[5 2],50,149,152,99,147
1,<environment.Job instance at 0x1504cd6e3550>,35,2,[ 1 10],51,173,175,122,147
1,<environment.Job instance at 0x1504cd6e30a0>,36,13,[ 2 10],52,175,188,123,161
1,<environment.Job instance at 0x1504cd6dfe10>,39,15,[1 7],55,188,203,133,176
1,<environment.Job instance at 0x1504cd6df0f0>,40,3,[ 2 10],57,203,206,146,184
1,<environment.Job instance at 0x1504cd6df140>,41,14,[10  1],59,184,198,125,184
1,<environment.Job instance at 0x1504cd6df3c0>,42,12,[7 1],60,198,210,138,184
1,<environment.Job instance at 0x1504cd6dfb40>,43,2,[8 2],61,206,208,145,184
1,<environment.Job instance at 0x1504cd6df5a0>,44,3,[8 1],62,208,211,146,184
1,<environment.Job instance at 0x1504cd6df690>,45,2,[2 5],63,188,190,125,184
1,<environment.Job instance at 0x1504cd6dfa00>,46,3,[6 1],64,198,201,134,184
1,<environment.Job instance at 0x1504cd6dfa50>,47,2,[10  1],65,211,213,146,184
1,<environment.Job instance at 0x1504cd6df370>,48,3,[ 2 10],67,210,213,143,184
1,<environment.Job instance at 0x1504cd6dfb90>,49,18,[8 1],68,213,231,145,202
1,<environment.Job instance at 0x1504cd6df640>,50,16,[1 6],69,213,229,144,202
1,<environment.Job instance at 0x1504cd6dd1e0>,51,17,[1 6],71,213,230,142,203
1,<environment.Job instance at 0x1504cd6ddcd0>,52,17,[7 1],72,230,247,158,218
1,<environment.Job instance at 0x1504cd6dd2d0>,53,1,[2 6],73,229,230,156,219
1,<environment.Job instance at 0x1504cd6dde10>,54,16,[9 1],76,247,263,171,234
1,<environment.Job instance at 0x1504cd6ddbe0>,56,1,[9 1],81,263,264,182,235
1,<environment.Job instance at 0x1504cd6ddeb0>,57,12,[1 5],82,235,247,153,235
1,<environment.Job instance at 0x1504cd6dd230>,58,2,[6 2],83,236,238,153,236
1,<environment.Job instance at 0x1504cd6dd460>,59,1,[9 1],85,264,265,179,236
1,<environment.Job instance at 0x1504cd6ddb40>,60,2,[8 1],86,265,267,179,238
1,<environment.Job instance at 0x1504cd6dd780>,61,1,[ 1 10],87,247,248,160,238
1,<environment.Job instance at 0x1504cd6ddb90>,62,2,[1 5],89,238,240,149,238
1,<environment.Job instance at 0x1504cd6dd640>,63,3,[1 5],90,240,243,150,238
1,<environment.Job instance at 0x1504cd6dd190>,64,2,[10  2],91,267,269,176,241
1,<environment.Job instance at 0x1504cc015d70>,65,3,[2 8],95,243,246,148,241
1,<environment.Job instance at 0x1504cc24a460>,66,1,[2 6],96,246,247,150,241
1,<environment.Job instance at 0x1504cc24a230>,67,2,[1 6],97,248,250,151,242
1,<environment.Job instance at 0x1504cd6df410>,38,1,[2 9],54,258,259,204,258
1,<environment.Job instance at 0x1504cc24a4b0>,68,18,[7 2],99,269,287,170,258
1,<environment.Job instance at 0x1504cc254870>,69,1,[2 8],102,271,272,169,271
1,<environment.Job instance at 0x1504cc254e60>,70,18,[10  1],106,287,305,181,276
1,<environment.Job instance at 0x1504cc254dc0>,73,14,[2 8],109,276,290,167,276
1,<environment.Job instance at 0x1504cc254460>,75,1,[7 2],113,305,306,192,277
1,<environment.Job instance at 0x1504cc254a00>,76,2,[5 2],114,277,279,163,277
1,<environment.Job instance at 0x1504cc27daa0>,77,2,[ 2 12],116,290,292,174,277
1,<environment.Job instance at 0x1504cc254af0>,78,14,[6 1],117,305,319,188,294
1,<environment.Job instance at 0x1504c0e74780>,79,15,[2 8],118,296,311,178,296
1,<environment.Job instance at 0x1504c3713e60>,80,16,[1 7],119,311,327,192,299
1,<environment.Job instance at 0x1504cef0b140>,81,13,[ 1 11],121,327,340,206,311
1,<environment.Job instance at 0x1504c3686690>,82,2,[6 2],122,311,313,189,311
1,<environment.Job instance at 0x1504cc254190>,83,1,[1 5],123,312,313,189,312
1,<environment.Job instance at 0x1504cc2548c0>,84,16,[1 7],124,340,356,216,328
1,<environment.Job instance at 0x1504c3788190>,87,3,[1 5],129,340,343,211,329
1,<environment.Job instance at 0x1504c4c00fa0>,88,21,[ 2 13],130,356,377,226,348
1,<environment.Job instance at 0x1504c3726910>,89,1,[2 8],131,350,351,219,350
1,<environment.Job instance at 0x1504ceefcbe0>,90,1,[7 1],132,351,352,219,350
1,<environment.Job instance at 0x1504c4fd6e10>,91,18,[5 2],133,351,369,218,350
1,<environment.Job instance at 0x1504ced954b0>,92,2,[8 2],135,352,354,217,350
1,<environment.Job instance at 0x1504c39e6280>,93,3,[1 7],136,377,380,241,351
1,<environment.Job instance at 0x1504c39e6190>,94,18,[8 1],137,369,387,232,358
1,<environment.Job instance at 0x1504c5034870>,95,1,[5 2],138,377,378,239,358
1,<environment.Job instance at 0x1504cee47690>,96,1,[1 8],139,380,381,241,360
1,<environment.Job instance at 0x1504cedd6460>,97,3,[1 7],140,381,384,241,360
1,<environment.Job instance at 0x1504c39e6370>,98,2,[5 2],142,378,380,236,360
1,<environment.Job instance at 0x1504cedd6370>,99,2,[1 7],144,381,383,237,360
1,<environment.Job instance at 0x1504ced8b140>,100,2,[5 2],145,383,385,238,360
1,<environment.Job instance at 0x1504c4ba72d0>,101,1,[1 6],147,380,381,233,360
1,<environment.Job instance at 0x1504c4fac190>,102,12,[7 1],148,385,397,237,368
1,<environment.Job instance at 0x1504ced8b190>,103,2,[10  1],149,397,399,248,370
1,<environment.Job instance at 0x1504c355e870>,0,3,[11  2],1,558,561,557,558
1,<environment.Job instance at 0x1504c36418c0>,86,3,[ 1 13],126,567,570,441,567
1,<environment.Job instance at 0x1504c3548f50>,12,21,[7 2],20,20,41,0,20
1,<environment.Job instance at 0x1504c3548aa0>,19,20,[8 2],32,34,54,2,34
1,<environment.Job instance at 0x1504c3548190>,21,3,[1 9],34,41,44,7,34
1,<environment.Job instance at 0x1504c3535140>,23,2,[2 7],41,44,46,3,41
1,<environment.Job instance at 0x1504c3535190>,24,2,[9 2],42,54,56,12,42
1,<environment.Job instance at 0x1504c3535eb0>,25,3,[5 2],43,43,46,0,43
1,<environment.Job instance at 0x1504c3535a00>,26,16,[7 2],44,56,72,12,44
1,<environment.Job instance at 0x1504c3535820>,27,1,[ 2 10],45,46,47,1,45
1,<environment.Job instance at 0x1504c3535cd0>,28,18,[5 2],47,47,65,0,47
1,<environment.Job instance at 0x1504c2add0f0>,30,13,[1 7],50,50,63,0,50
1,<environment.Job instance at 0x1504c2add8c0>,31,12,[2 9],53,63,75,10,53
1,<environment.Job instance at 0x1504c2add280>,32,3,[5 2],54,65,68,11,54
1,<environment.Job instance at 0x1504c2add9b0>,33,2,[ 2 10],55,75,77,20,55
1,<environment.Job instance at 0x1504c2add7d0>,34,15,[8 2],56,72,87,16,58
1,<environment.Job instance at 0x1504c2add780>,36,2,[ 2 12],60,77,79,17,71
1,<environment.Job instance at 0x1504c2addaf0>,35,17,[10  1],58,87,104,29,75
1,<environment.Job instance at 0x1504c2add0a0>,38,3,[2 7],63,79,82,16,75
1,<environment.Job instance at 0x1504c2adddc0>,39,15,[ 1 11],67,82,97,15,75
1,<environment.Job instance at 0x1504c2add050>,40,2,[8 1],68,104,106,36,77
1,<environment.Job instance at 0x1504c2add370>,41,2,[1 9],71,97,99,26,77
1,<environment.Job instance at 0x1504c2add640>,42,2,[1 6],72,79,81,7,77
1,<environment.Job instance at 0x1504c2add3c0>,43,1,[1 9],73,99,100,26,77
1,<environment.Job instance at 0x1504c2add500>,44,3,[1 8],74,100,103,26,77
1,<environment.Job instance at 0x1504c2adde60>,45,1,[9 2],75,106,107,31,78
1,<environment.Job instance at 0x1504c3568a50>,46,18,[ 1 10],76,103,121,27,92
1,<environment.Job instance at 0x1504cd6d8410>,48,3,[ 2 10],80,121,124,41,95
1,<environment.Job instance at 0x1504c0eb5b90>,49,1,[7 2],81,107,108,26,95
1,<environment.Job instance at 0x1504c0eb58c0>,50,3,[9 1],82,108,111,26,95
1,<environment.Job instance at 0x1504c0eb5aa0>,51,16,[9 1],83,111,127,28,98
1,<environment.Job instance at 0x1504c0eb5b40>,52,1,[6 2],85,104,105,19,98
1,<environment.Job instance at 0x1504c0eb5be0>,53,3,[2 7],86,124,127,38,98
1,<environment.Job instance at 0x1504c2add140>,37,1,[6 2],61,107,108,46,107
1,<environment.Job instance at 0x1504c08a3050>,56,3,[10  2],90,127,130,37,107
1,<environment.Job instance at 0x1504c0eb5370>,54,14,[7 2],87,130,144,43,115
1,<environment.Job instance at 0x1504c0906370>,59,18,[6 2],96,130,148,34,119
1,<environment.Job instance at 0x1504c08f4f50>,60,16,[1 5],98,124,140,26,119
1,<environment.Job instance at 0x1504c3ce8fa0>,61,3,[5 1],100,144,147,44,119
1,<environment.Job instance at 0x1504c18649b0>,62,14,[1 6],102,127,141,25,119
1,<environment.Job instance at 0x1504c1864190>,63,2,[5 1],103,119,121,16,119
1,<environment.Job instance at 0x1504c5974370>,64,1,[2 7],104,141,142,37,119
1,<environment.Job instance at 0x1504c0e6d960>,65,2,[10  2],105,148,150,43,121
1,<environment.Job instance at 0x1504c08efcd0>,66,2,[6 1],106,150,152,44,123
1,<environment.Job instance at 0x1504c0eb5460>,58,3,[9 1],94,150,153,56,124
1,<environment.Job instance at 0x1504c4f9f230>,67,3,[9 2],108,153,156,45,127
1,<environment.Job instance at 0x1504c0e61280>,69,2,[5 2],112,147,149,35,127
1,<environment.Job instance at 0x1504c0e61730>,70,3,[1 7],113,142,145,29,127
1,<environment.Job instance at 0x1504c08f9780>,71,2,[9 2],115,156,158,41,129
1,<environment.Job instance at 0x1504c08f9460>,72,1,[7 2],116,158,159,42,130
1,<environment.Job instance at 0x1504c0902870>,73,3,[1 7],118,145,148,27,130
1,<environment.Job instance at 0x1504c0e70140>,74,14,[1 6],119,152,166,33,137
1,<environment.Job instance at 0x1504c0ec2460>,79,2,[2 5],126,152,154,26,151
1,<environment.Job instance at 0x1504c0eb4af0>,77,26,[9 1],124,159,185,35,156
1,<environment.Job instance at 0x1504c0e564b0>,84,1,[10  1],134,185,186,51,157
1,<environment.Job instance at 0x1504c0e56eb0>,85,27,[1 7],135,157,184,22,157
1,<environment.Job instance at 0x1504c08ad3c0>,86,15,[2 8],138,184,199,46,170
1,<environment.Job instance at 0x1504c15eac30>,92,3,[2 9],147,199,202,52,173
1,<environment.Job instance at 0x1504c3548370>,20,2,[10  1],33,189,191,156,189
1,<environment.Job instance at 0x1504c159a8c0>,90,2,[1 5],145,217,219,72,217
1,<environment.Job instance at 0x1504c0c82f00>,9,15,[1 5],13,13,28,0,13
1,<environment.Job instance at 0x1504c0c823c0>,16,14,[14  1],22,30,44,8,30
1,<environment.Job instance at 0x1504c3b5cc30>,26,2,[ 1 10],36,36,38,0,36
1,<environment.Job instance at 0x1504c3b5c320>,27,17,[2 9],37,44,61,7,37
1,<environment.Job instance at 0x1504c3b5cd70>,28,15,[7 2],38,44,59,6,38
1,<environment.Job instance at 0x1504c3b5c640>,29,16,[2 8],39,61,77,22,48
1,<environment.Job instance at 0x1504c36fbc80>,43,1,[2 5],58,59,60,1,58
1,<environment.Job instance at 0x1504c36fba50>,45,3,[2 5],61,61,64,0,61
1,<environment.Job instance at 0x1504c36fbb90>,46,12,[6 1],62,62,74,0,62
1,<environment.Job instance at 0x1504c36fb640>,47,2,[5 2],63,64,66,1,63
1,<environment.Job instance at 0x1504cd6ddc80>,49,2,[7 1],67,67,69,0,67
1,<environment.Job instance at 0x1504cd6bf1e0>,51,3,[10  2],69,74,77,5,69
1,<environment.Job instance at 0x1504cf9eb410>,52,2,[5 2],70,70,72,0,70
1,<environment.Job instance at 0x1504cd6bfaa0>,54,3,[1 7],73,77,80,4,73
1,<environment.Job instance at 0x1504c3b5cfa0>,25,16,[1 5],35,74,90,39,74
1,<environment.Job instance at 0x1504cee5e050>,58,1,[6 2],79,88,89,9,88
1,<environment.Job instance at 0x1504cee5eb40>,59,2,[1 5],80,89,91,9,89
1,<environment.Job instance at 0x1504e2237870>,60,1,[1 7],81,92,93,11,92
1,<environment.Job instance at 0x1504c3b5caf0>,24,3,[1 6],34,92,95,58,92
1,<environment.Job instance at 0x1504c3a5a820>,62,2,[1 5],83,93,95,10,92
1,<environment.Job instance at 0x1504c3a54fa0>,61,3,[2 7],82,100,103,18,100
1,<environment.Job instance at 0x1504c3b43f00>,63,1,[1 9],85,103,104,18,102
1,<environment.Job instance at 0x1504c3a54f50>,64,1,[2 5],86,108,109,22,108
1,<environment.Job instance at 0x1504c3c0f730>,66,1,[2 6],88,108,109,20,108
1,<environment.Job instance at 0x1504e18f0230>,65,15,[7 1],87,108,123,21,108
1,<environment.Job instance at 0x1504c512f280>,67,1,[2 8],90,111,112,21,111
1,<environment.Job instance at 0x1504c06dd8c0>,69,3,[1 7],93,112,115,19,111
1,<environment.Job instance at 0x1504c06dd050>,70,17,[2 7],94,112,129,18,112
1,<environment.Job instance at 0x1504c06dd0a0>,71,14,[1 6],95,115,129,20,114
1,<environment.Job instance at 0x1504e0074b90>,72,17,[9 1],96,123,140,27,114
1,<environment.Job instance at 0x1504e0074140>,73,3,[5 1],97,115,118,18,114
1,<environment.Job instance at 0x1504c072aaf0>,74,1,[10  1],98,140,141,42,114
1,<environment.Job instance at 0x1504c50949b0>,75,1,[1 8],99,129,130,30,114
1,<environment.Job instance at 0x1504c0789780>,76,12,[9 2],100,141,153,41,124
1,<environment.Job instance at 0x1504c0789320>,77,2,[2 6],101,129,131,28,124
1,<environment.Job instance at 0x1504c3b0e870>,78,3,[9 2],102,153,156,51,127
1,<environment.Job instance at 0x1504c3b0e190>,79,2,[10  2],103,156,158,53,129
1,<environment.Job instance at 0x1504cee53370>,80,16,[10  2],104,158,174,54,145
1,<environment.Job instance at 0x1504cee53550>,81,16,[ 2 10],105,145,161,40,145
1,<environment.Job instance at 0x1504cee53690>,82,2,[1 6],107,161,163,54,145
1,<environment.Job instance at 0x1504c5143870>,83,15,[2 6],109,161,176,52,147
1,<environment.Job instance at 0x1504c5143fa0>,84,2,[7 2],110,174,176,64,155
1,<environment.Job instance at 0x1504c5143050>,85,13,[5 1],111,174,187,63,158
1,<environment.Job instance at 0x1504cf9b8a50>,87,14,[6 1],113,176,190,63,161
1,<environment.Job instance at 0x1504cf9b8640>,88,1,[2 5],114,163,164,49,161
1,<environment.Job instance at 0x1504cf9d0870>,89,14,[2 8],115,176,190,61,161
1,<environment.Job instance at 0x1504cf9c0f50>,90,2,[7 1],116,187,189,71,161
1,<environment.Job instance at 0x1504cf9c0690>,91,3,[7 1],117,189,192,72,163
1,<environment.Job instance at 0x1504c5143b40>,86,2,[1 8],112,190,192,78,166
1,<environment.Job instance at 0x1504cf9c08c0>,92,13,[10  1],118,192,205,74,176
1,<environment.Job instance at 0x1504cf9c0a00>,94,1,[ 2 10],120,192,193,72,176
1,<environment.Job instance at 0x1504cf9c0a50>,95,2,[10  2],122,205,207,83,179
1,<environment.Job instance at 0x1504cf9e2870>,96,3,[7 1],126,207,210,81,181
1,<environment.Job instance at 0x1504cf9e2d70>,97,3,[2 8],127,193,196,66,181
1,<environment.Job instance at 0x1504c50d0aa0>,98,3,[1 9],128,196,199,68,181
1,<environment.Job instance at 0x1504c50d0500>,99,16,[10  1],129,210,226,81,199
1,<environment.Job instance at 0x1504c39cadc0>,100,3,[2 9],130,199,202,69,199
1,<environment.Job instance at 0x1504c3a49d20>,101,23,[1 6],131,202,225,71,199
1,<environment.Job instance at 0x1504c39ca1e0>,102,12,[7 1],134,226,238,92,211
1,<environment.Job instance at 0x1504c39ca9b0>,103,3,[10  1],137,238,241,101,212
1,<environment.Job instance at 0x1504c39ca460>,104,3,[6 1],139,226,229,87,212
1,<environment.Job instance at 0x1504cf9569b0>,105,3,[8 1],140,229,232,89,212
1,<environment.Job instance at 0x1504c3a4e7d0>,106,2,[7 1],142,232,234,90,212
1,<environment.Job instance at 0x1504cf9325f0>,107,18,[2 6],144,234,252,90,223
1,<environment.Job instance at 0x1504e221fc30>,108,1,[7 1],146,241,242,95,226
1,<environment.Job instance at 0x1504e197c780>,109,2,[5 1],147,234,236,87,226
1,<environment.Job instance at 0x1504c513e050>,110,14,[2 5],148,236,250,88,226
1,<environment.Job instance at 0x1504cf9c06e0>,93,25,[12  1],119,250,275,131,249
1,<environment.Job instance at 0x1504c3bf9730>,56,13,[12  2],77,452,465,375,452
1,<environment.Job instance at 0x1504c3b5ce60>,20,3,[ 2 11],30,469,472,439,469
1,<environment.Job instance at 0x1504c3bee960>,10,26,[2 8],18,20,46,2,20
1,<environment.Job instance at 0x1504c05b2280>,26,27,[1 7],45,45,72,0,45
1,<environment.Job instance at 0x1504c05b27d0>,32,2,[5 1],53,53,55,0,53
1,<environment.Job instance at 0x1504c05b06e0>,34,3,[9 2],55,56,59,1,56
1,<environment.Job instance at 0x1504c05b0cd0>,35,2,[2 9],57,72,74,15,62
1,<environment.Job instance at 0x1504c05b05a0>,36,15,[2 8],62,74,89,12,63
1,<environment.Job instance at 0x1504c05b04b0>,37,1,[5 1],63,64,65,1,64
1,<environment.Job instance at 0x1504c05b07d0>,38,13,[10  1],65,65,78,0,65
1,<environment.Job instance at 0x1504c05b0aa0>,40,1,[10  2],68,78,79,10,68
1,<environment.Job instance at 0x1504c05b0fa0>,39,2,[1 8],67,89,91,22,68
1,<environment.Job instance at 0x1504c059c9b0>,44,1,[ 1 12],76,91,92,15,76
1,<environment.Job instance at 0x1504c059c7d0>,45,3,[6 2],77,79,82,2,77
1,<environment.Job instance at 0x1504c059cfa0>,46,1,[8 1],79,82,83,3,79
1,<environment.Job instance at 0x1504c059c500>,47,3,[1 9],81,92,95,11,84
1,<environment.Job instance at 0x1504c059c870>,48,1,[2 9],84,95,96,11,84
1,<environment.Job instance at 0x1504c5107640>,51,13,[13  2],87,87,100,0,87
1,<environment.Job instance at 0x1504c51070a0>,52,3,[9 2],88,100,103,12,88
1,<environment.Job instance at 0x1504c5107190>,53,2,[7 1],91,103,105,12,91
1,<environment.Job instance at 0x1504c50e19b0>,54,16,[ 1 10],92,96,112,4,92
1,<environment.Job instance at 0x1504c50e1550>,55,3,[2 5],94,105,108,11,94
1,<environment.Job instance at 0x1504c50e1910>,56,1,[8 1],95,108,109,13,95
1,<environment.Job instance at 0x1504c50e1780>,57,28,[5 1],96,108,136,12,107
1,<environment.Job instance at 0x1504c50fd690>,64,1,[7 1],104,109,110,5,107
1,<environment.Job instance at 0x1504c50fd140>,65,12,[2 8],105,112,124,7,107
1,<environment.Job instance at 0x1504c50fd5a0>,66,3,[ 1 10],106,124,127,18,107
1,<environment.Job instance at 0x1504c50fda50>,67,3,[1 5],107,112,115,5,107
1,<environment.Job instance at 0x1504c50d5730>,68,3,[2 7],108,127,130,19,108
1,<environment.Job instance at 0x1504c50d5af0>,69,13,[2 5],109,127,140,18,111
1,<environment.Job instance at 0x1504c50d5280>,70,2,[2 8],110,130,132,20,111
1,<environment.Job instance at 0x1504c50d5550>,71,2,[5 1],111,111,113,0,111
1,<environment.Job instance at 0x1504c50d5a00>,72,1,[6 2],116,118,119,2,118
1,<environment.Job instance at 0x1504c50d56e0>,73,1,[1 9],117,132,133,15,118
1,<environment.Job instance at 0x1504c50eb690>,74,3,[7 1],118,119,122,1,118
1,<environment.Job instance at 0x1504c3af6690>,75,3,[7 2],119,122,125,3,119
1,<environment.Job instance at 0x1504c0e1ef00>,77,12,[2 6],123,133,145,10,123
1,<environment.Job instance at 0x1504c05a6960>,79,17,[2 8],126,140,157,14,128
1,<environment.Job instance at 0x1504c05c9050>,80,25,[8 1],129,136,161,7,132
1,<environment.Job instance at 0x1504c05a6c30>,81,16,[8 1],130,161,177,31,148
1,<environment.Job instance at 0x1504c4b610a0>,86,1,[10  2],137,177,178,40,149
1,<environment.Job instance at 0x1504c0ececd0>,88,16,[1 9],139,157,173,18,149
1,<environment.Job instance at 0x1504c3ae6b40>,90,12,[2 9],142,173,185,31,156
1,<environment.Job instance at 0x1504c3ae63c0>,92,13,[1 9],144,185,198,41,169
1,<environment.Job instance at 0x1504c05b2730>,29,2,[6 1],49,199,201,150,199
1,<environment.Job instance at 0x1504c05b2c30>,30,2,[ 1 10],50,419,421,369,419
1,<environment.Job instance at 0x1504c4ba7d20>,13,3,[7 1],16,23,26,7,23
1,<environment.Job instance at 0x1504c4ba7be0>,17,3,[5 2],22,43,46,21,43
1,<environment.Job instance at 0x1504c5970410>,27,21,[2 5],35,45,66,10,45
1,<environment.Job instance at 0x1504c5970640>,26,21,[ 2 10],34,46,67,12,45
1,<environment.Job instance at 0x1504c59707d0>,29,3,[2 7],38,67,70,29,45
1,<environment.Job instance at 0x1504c5970190>,30,15,[7 2],39,66,81,27,52
1,<environment.Job instance at 0x1504cd6ca1e0>,32,2,[2 9],41,70,72,29,52
1,<environment.Job instance at 0x1504cd6ca640>,33,2,[1 5],42,67,69,25,52
1,<environment.Job instance at 0x1504cd6caaa0>,34,16,[1 8],43,72,88,29,59
1,<environment.Job instance at 0x1504cd6ca960>,35,14,[2 6],45,81,95,36,66
1,<environment.Job instance at 0x1504cd6ca370>,41,2,[5 1],52,66,68,14,66
1,<environment.Job instance at 0x1504c50eefa0>,42,1,[1 7],53,88,89,35,66
1,<environment.Job instance at 0x1504c50ee960>,43,17,[9 1],56,81,98,25,69
1,<environment.Job instance at 0x1504c50eea50>,44,1,[6 2],57,69,70,12,69
1,<environment.Job instance at 0x1504c50eebe0>,45,1,[5 1],58,70,71,12,69
1,<environment.Job instance at 0x1504c50eed20>,46,1,[2 6],60,89,90,29,69
1,<environment.Job instance at 0x1504c50ee780>,47,3,[2 6],61,90,93,29,69
1,<environment.Job instance at 0x1504c50eef50>,48,2,[9 1],62,98,100,36,71
1,<environment.Job instance at 0x1504c4d87a00>,49,13,[6 1],64,95,108,31,80
1,<environment.Job instance at 0x1504c08050f0>,57,17,[7 1],74,100,117,26,91
1,<environment.Job instance at 0x1504c08056e0>,58,17,[2 7],75,100,117,25,92
1,<environment.Job instance at 0x1504c0805960>,59,13,[2 8],76,117,130,41,102
1,<environment.Job instance at 0x1504c0805370>,60,16,[6 1],77,108,124,31,105
1,<environment.Job instance at 0x1504c08055a0>,61,1,[8 2],78,124,125,46,106
1,<environment.Job instance at 0x1504c4be5d70>,62,1,[5 2],79,117,118,38,111
1,<environment.Job instance at 0x1504c0805f00>,63,1,[7 1],80,118,119,38,111
1,<environment.Job instance at 0x1504c08057d0>,64,1,[1 8],81,130,131,49,112
1,<environment.Job instance at 0x1504ced8ce10>,55,17,[12  1],70,125,142,55,113
1,<environment.Job instance at 0x1504c3578fa0>,66,13,[2 9],83,131,144,48,115
1,<environment.Job instance at 0x1504ced70e60>,68,3,[8 2],86,142,145,56,116
1,<environment.Job instance at 0x1504c09ef230>,69,2,[ 1 10],88,144,146,56,118
1,<environment.Job instance at 0x1504c0563eb0>,71,1,[5 1],90,119,120,29,118
1,<environment.Job instance at 0x1504c07c4320>,65,2,[6 2],82,144,146,62,131
1,<environment.Job instance at 0x1504c05ee1e0>,72,14,[2 9],91,146,160,55,131
1,<environment.Job instance at 0x1504c0782230>,75,3,[6 1],94,145,148,51,131
1,<environment.Job instance at 0x1504ced22eb0>,76,1,[13  1],95,148,149,53,131
1,<environment.Job instance at 0x1504ced22050>,77,3,[2 7],96,160,163,64,134
1,<environment.Job instance at 0x1504e1950f00>,85,22,[8 1],105,149,171,44,142
1,<environment.Job instance at 0x1504c15c1050>,89,17,[1 7],110,160,177,50,148
1,<environment.Job instance at 0x1504c065cdc0>,93,18,[6 1],115,163,181,48,152
1,<environment.Job instance at 0x1504c159afa0>,94,15,[2 9],116,177,192,61,163
1,<environment.Job instance at 0x1504c159ad70>,95,2,[10  1],117,181,183,64,164
1,<environment.Job instance at 0x1504cf999af0>,96,22,[2 6],119,183,205,64,176
1,<environment.Job instance at 0x1504cf999cd0>,99,1,[6 1],122,176,177,54,176
1,<environment.Job instance at 0x1504cf999460>,100,2,[9 1],124,192,194,68,176
1,<environment.Job instance at 0x1504c14f6b90>,101,19,[1 5],126,192,211,66,182
1,<environment.Job instance at 0x1504cf9991e0>,102,1,[8 1],127,194,195,67,182
1,<environment.Job instance at 0x1504cf9992d0>,103,1,[5 1],129,195,196,66,182
1,<environment.Job instance at 0x1504cf999e60>,104,2,[7 2],130,195,197,65,182
1,<environment.Job instance at 0x1504cf86a730>,105,3,[ 2 14],132,211,214,79,185
1,<environment.Job instance at 0x1504cf86a500>,106,3,[1 8],133,205,208,72,185
1,<environment.Job instance at 0x1504c355e5f0>,107,1,[ 2 10],134,208,209,74,185
1,<environment.Job instance at 0x1504c355eb90>,108,2,[7 2],136,197,199,61,185
1,<environment.Job instance at 0x1504c15a5730>,109,1,[6 1],137,199,200,62,185
1,<environment.Job instance at 0x1504c15a5230>,110,2,[6 1],139,199,201,60,185
1,<environment.Job instance at 0x1504c15a5370>,111,17,[1 7],140,214,231,74,202
1,<environment.Job instance at 0x1504e21f00a0>,112,15,[10  2],144,214,229,70,202
1,<environment.Job instance at 0x1504c4b67f50>,113,2,[7 2],145,202,204,57,202
1,<environment.Job instance at 0x1504e21f3780>,114,1,[1 5],147,209,210,62,202
1,<environment.Job instance at 0x1504cf999190>,97,1,[ 1 14],120,274,275,154,274
1,<environment.Job instance at 0x1504c36988c0>,4,1,[2 9],6,14,15,8,14
1,<environment.Job instance at 0x1504c3698d20>,5,2,[10  2],7,20,22,13,20
1,<environment.Job instance at 0x15051f1d3c80>,1,2,[1 9],2,47,49,45,47
1,<environment.Job instance at 0x1504c3698be0>,6,1,[6 1],10,48,49,38,48
1,<environment.Job instance at 0x1504c4bfe190>,0,15,[14  1],1,78,93,77,78
1,<environment.Job instance at 0x1504c3698230>,8,2,[2 7],13,93,95,80,78
1,<environment.Job instance at 0x1504c3698aa0>,11,12,[5 2],17,93,105,76,78
1,<environment.Job instance at 0x1504cc0243c0>,15,3,[9 2],23,95,98,72,78
1,<environment.Job instance at 0x1504cc024be0>,16,1,[1 9],24,78,79,54,78
1,<environment.Job instance at 0x1504c3698c80>,14,2,[ 2 10],22,98,100,76,78
1,<environment.Job instance at 0x1504cc024fa0>,17,1,[8 2],27,93,94,66,78
1,<environment.Job instance at 0x1504cc024910>,19,1,[9 2],30,100,101,70,79
1,<environment.Job instance at 0x1504cc0240f0>,22,13,[7 2],34,101,114,67,86
1,<environment.Job instance at 0x1504cc278410>,23,3,[6 2],36,105,108,69,86
1,<environment.Job instance at 0x1504cc024aa0>,24,2,[12  1],37,114,116,77,87
1,<environment.Job instance at 0x1504c0b01870>,26,14,[7 1],40,116,130,76,101
1,<environment.Job instance at 0x1504c0b01780>,28,1,[8 1],42,108,109,66,101
1,<environment.Job instance at 0x1504e28cb460>,29,2,[10  2],43,130,132,87,105
1,<environment.Job instance at 0x1504cc024c30>,21,26,[ 2 13],33,111,137,78,111
1,<environment.Job instance at 0x1504c09027d0>,30,14,[9 1],44,132,146,88,117
1,<environment.Job instance at 0x1504cf964e60>,39,17,[1 6],61,137,154,76,126
1,<environment.Job instance at 0x1504e26135a0>,49,1,[8 2],75,146,147,71,128
1,<environment.Job instance at 0x1504c064ec80>,50,2,[ 1 10],76,154,156,78,129
1,<environment.Job instance at 0x1504c064e870>,51,3,[ 2 14],77,156,159,79,131
1,<environment.Job instance at 0x1504c064e7d0>,52,1,[5 1],78,137,138,59,131
1,<environment.Job instance at 0x1504c064e910>,53,2,[2 6],79,138,140,59,133
1,<environment.Job instance at 0x1504c064e0a0>,54,1,[8 1],80,147,148,67,133
1,<environment.Job instance at 0x1504c064eeb0>,55,1,[7 2],82,148,149,66,133
1,<environment.Job instance at 0x1504c0811f00>,56,12,[6 2],83,159,171,76,142
1,<environment.Job instance at 0x1504c0811690>,57,3,[1 7],84,142,145,58,142
1,<environment.Job instance at 0x1504c0811820>,58,2,[6 2],86,146,148,60,142
1,<environment.Job instance at 0x1504c08825a0>,59,3,[9 1],87,149,152,62,142
1,<environment.Job instance at 0x1504c0882780>,60,14,[7 1],88,152,166,64,143
1,<environment.Job instance at 0x1504c0882230>,61,14,[ 2 10],89,159,173,70,145
1,<environment.Job instance at 0x1504c0882140>,62,14,[9 2],90,171,185,81,156
1,<environment.Job instance at 0x1504cc026b40>,63,1,[1 9],91,173,174,82,158
1,<environment.Job instance at 0x1504cc026190>,64,16,[1 8],92,174,190,82,161
1,<environment.Job instance at 0x1504cc026f00>,65,1,[6 1],93,166,167,73,161
1,<environment.Job instance at 0x1504cc026460>,66,3,[5 2],94,167,170,73,161
1,<environment.Job instance at 0x1504cc0265a0>,67,16,[7 1],95,185,201,90,177
1,<environment.Job instance at 0x1504cc026730>,68,2,[8 2],96,190,192,94,181
1,<environment.Job instance at 0x1504cc0262d0>,72,16,[2 9],102,192,208,90,181
1,<environment.Job instance at 0x1504c0778460>,75,14,[ 1 10],107,208,222,101,193
1,<environment.Job instance at 0x1504c5970f50>,85,20,[8 1],120,201,221,81,193
1,<environment.Job instance at 0x1504c4fd4320>,86,2,[7 1],121,221,223,100,194
1,<environment.Job instance at 0x1504c07e19b0>,87,3,[9 1],126,223,226,97,197
1,<environment.Job instance at 0x1504c36ef5a0>,88,13,[2 5],128,222,235,94,206
1,<environment.Job instance at 0x1504c36ef4b0>,89,2,[1 8],129,222,224,93,206
1,<environment.Job instance at 0x1504c36ef410>,90,1,[2 6],130,224,225,94,207
1,<environment.Job instance at 0x1504c1835460>,91,2,[9 2],133,226,228,93,208
1,<environment.Job instance at 0x1504ced952d0>,92,1,[ 2 10],137,228,229,91,208
1,<environment.Job instance at 0x1504c1835910>,93,3,[11  1],139,229,232,90,208
1,<environment.Job instance at 0x1504cc283870>,94,13,[ 2 11],140,235,248,95,219
1,<environment.Job instance at 0x1504cc283960>,95,3,[1 8],141,225,228,84,219
1,<environment.Job instance at 0x1504cf942960>,96,1,[8 1],143,232,233,89,219
1,<environment.Job instance at 0x1504cf942e60>,97,16,[9 1],144,233,249,89,220
1,<environment.Job instance at 0x1504cee47fa0>,98,12,[7 2],146,249,261,103,232
1,<environment.Job instance at 0x1504cf952be0>,42,2,[ 1 11],67,251,253,184,251
1,<environment.Job instance at 0x1504ced70190>,84,3,[12  1],119,268,271,149,268
1,<environment.Job instance at 0x1504c0778820>,74,23,[9 1],106,271,294,165,269
1,<environment.Job instance at 0x1504c159c4b0>,6,2,[ 1 12],9,12,14,3,12
1,<environment.Job instance at 0x1504c3a54b90>,5,1,[6 2],8,12,13,4,12
1,<environment.Job instance at 0x1504c159c5a0>,9,21,[5 1],12,12,33,0,12
1,<environment.Job instance at 0x1504c357a870>,13,2,[1 6],17,17,19,0,17
1,<environment.Job instance at 0x1504c159c320>,8,2,[5 2],11,19,21,8,19
1,<environment.Job instance at 0x1504c4d0c4b0>,14,2,[8 1],18,21,23,3,20
1,<environment.Job instance at 0x1504c0afe870>,19,2,[2 7],26,26,28,0,26
1,<environment.Job instance at 0x1504c3a28690>,25,1,[7 1],34,34,35,0,34
1,<environment.Job instance at 0x1504c0873640>,26,2,[5 2],35,35,37,0,35
1,<environment.Job instance at 0x1504c506a820>,27,15,[1 9],36,36,51,0,36
1,<environment.Job instance at 0x1504c3cc0960>,28,3,[6 1],37,37,40,0,37
1,<environment.Job instance at 0x1504cf8dbe60>,33,1,[5 1],44,44,45,0,44
1,<environment.Job instance at 0x1504c08b9fa0>,34,2,[8 2],45,45,47,0,45
1,<environment.Job instance at 0x1504c08b95a0>,36,3,[8 1],48,48,51,0,48
1,<environment.Job instance at 0x1504c08b9e60>,37,15,[6 1],52,52,67,0,52
1,<environment.Job instance at 0x1504cee2fb40>,42,21,[6 1],60,60,81,0,60
1,<environment.Job instance at 0x1504c08233c0>,46,2,[2 8],65,65,67,0,65
1,<environment.Job instance at 0x1504c0823230>,47,1,[1 7],68,70,71,2,70
1,<environment.Job instance at 0x1504c0b91910>,48,1,[1 7],70,74,75,4,74
1,<environment.Job instance at 0x1504c0b91be0>,50,27,[5 2],72,74,101,2,74
1,<environment.Job instance at 0x1504c0b91550>,51,27,[1 9],73,75,102,2,74
1,<environment.Job instance at 0x1504c0b91c30>,52,1,[9 1],74,81,82,7,76
1,<environment.Job instance at 0x1504c0b917d0>,53,1,[ 2 10],75,102,103,27,76
1,<environment.Job instance at 0x1504c0b91050>,54,12,[2 8],78,103,115,25,86
1,<environment.Job instance at 0x1504c0b91320>,56,1,[8 2],82,87,88,5,87
1,<environment.Job instance at 0x1504c0b91f50>,57,18,[9 1],83,88,106,5,87
1,<environment.Job instance at 0x1504c0b918c0>,58,2,[8 1],85,106,108,21,87
1,<environment.Job instance at 0x1504c0b916e0>,59,13,[8 2],86,108,121,22,94
1,<environment.Job instance at 0x1504c4d86c30>,61,1,[2 6],89,103,104,14,95
1,<environment.Job instance at 0x1504c4d86f00>,62,3,[1 5],90,104,107,14,95
1,<environment.Job instance at 0x1504c4d86050>,63,3,[8 2],93,121,124,28,95
1,<environment.Job instance at 0x1504c4d86eb0>,64,1,[1 7],94,115,116,21,95
1,<environment.Job instance at 0x1504c4d86410>,65,3,[2 8],95,116,119,21,97
1,<environment.Job instance at 0x1504c4fd44b0>,66,2,[7 1],96,119,121,23,97
1,<environment.Job instance at 0x1504c4fd4f00>,67,28,[1 6],97,121,149,24,120
1,<environment.Job instance at 0x1504c4fd4be0>,68,1,[1 7],100,121,122,21,120
1,<environment.Job instance at 0x1504c4fd46e0>,69,21,[9 1],101,124,145,23,120
1,<environment.Job instance at 0x1504c4fd4690>,70,16,[1 6],102,122,138,20,120
1,<environment.Job instance at 0x1504c0b91a00>,55,3,[ 1 10],81,149,152,68,129
1,<environment.Job instance at 0x1504cee2fb90>,43,3,[ 2 13],62,152,155,90,130
1,<environment.Job instance at 0x1504c4fd4d70>,71,15,[10  2],103,145,160,42,131
1,<environment.Job instance at 0x1504c4fd4c80>,74,3,[5 1],107,138,141,31,131
1,<environment.Job instance at 0x1504c4fd42d0>,75,1,[1 9],109,155,156,46,131
1,<environment.Job instance at 0x1504c4fd4870>,76,1,[2 7],110,141,142,31,131
1,<environment.Job instance at 0x1504c4fd40a0>,77,2,[1 8],111,142,144,31,131
1,<environment.Job instance at 0x1504c4fd48c0>,79,2,[ 2 10],115,156,158,41,131
1,<environment.Job instance at 0x1504c4fd4b90>,72,2,[5 1],105,158,160,53,131
1,<environment.Job instance at 0x1504c3af0280>,80,3,[9 1],116,160,163,44,134
1,<environment.Job instance at 0x1504c3af09b0>,82,20,[ 2 11],118,160,180,42,151
1,<environment.Job instance at 0x1504c3af0eb0>,89,1,[8 1],128,163,164,35,151
1,<environment.Job instance at 0x1504c3af0cd0>,90,1,[1 8],130,180,181,50,152
1,<environment.Job instance at 0x1504c4fd4960>,81,12,[9 1],117,164,176,47,153
1,<environment.Job instance at 0x1504c3af0e10>,91,1,[2 9],131,181,182,50,153
1,<environment.Job instance at 0x1504c375fd70>,96,3,[2 5],138,180,183,42,154
1,<environment.Job instance at 0x1504c375f9b0>,98,18,[2 9],140,182,200,42,171
1,<environment.Job instance at 0x1504c375f1e0>,107,3,[2 5],149,183,186,34,171
1,<environment.Job instance at 0x1504e190d870>,95,1,[10  1],136,198,199,62,198
1,<environment.Job instance at 0x1504c506a050>,1,21,[9 2],2,2,23,0,2
1,<environment.Job instance at 0x1504c14e76e0>,12,2,[1 7],19,20,22,1,20
1,<environment.Job instance at 0x1504c14e7780>,13,3,[7 1],20,23,26,3,21
1,<environment.Job instance at 0x1504c14e7820>,14,1,[6 1],21,22,23,1,22
1,<environment.Job instance at 0x1504c3c16280>,15,15,[6 2],22,23,38,1,22
1,<environment.Job instance at 0x1504ceed0550>,7,17,[ 2 10],9,23,40,14,23
1,<environment.Job instance at 0x1504c0a09640>,16,3,[2 9],23,40,43,17,23
1,<environment.Job instance at 0x1504c4d14b40>,18,2,[11  2],26,38,40,12,27
1,<environment.Job instance at 0x1504c36e0820>,19,16,[2 7],27,43,59,16,31
1,<environment.Job instance at 0x1504c04df8c0>,20,2,[1 8],29,43,45,14,31
1,<environment.Job instance at 0x1504c4ccf550>,21,2,[1 5],30,40,42,10,31
1,<environment.Job instance at 0x1504c4ccf230>,22,1,[1 5],31,42,43,11,33
1,<environment.Job instance at 0x1504c36b7be0>,23,2,[9 1],32,40,42,8,36
1,<environment.Job instance at 0x1504c0517550>,25,17,[5 2],34,45,62,11,36
1,<environment.Job instance at 0x1504cf85bdc0>,26,2,[2 6],36,45,47,9,36
1,<environment.Job instance at 0x1504c0e9d230>,27,1,[ 1 10],37,59,60,22,38
1,<environment.Job instance at 0x1504c0e9d0f0>,28,1,[2 7],38,60,61,22,38
1,<environment.Job instance at 0x1504c09edc80>,29,2,[2 6],39,47,49,8,39
1,<environment.Job instance at 0x1504c0dd8910>,30,17,[5 2],40,49,66,9,40
1,<environment.Job instance at 0x1504c0dd80a0>,31,2,[5 1],42,61,63,19,43
1,<environment.Job instance at 0x1504c0dd85f0>,32,2,[8 2],43,63,65,20,43
1,<environment.Job instance at 0x1504c4bf4640>,33,2,[12  1],45,66,68,21,45
1,<environment.Job instance at 0x1504c0dd8b90>,34,14,[1 9],46,62,76,16,47
1,<environment.Job instance at 0x1504c0dd8f50>,35,1,[2 8],47,76,77,29,48
1,<environment.Job instance at 0x1504c2addb40>,36,18,[10  2],48,68,86,20,57
1,<environment.Job instance at 0x1504cd6f0fa0>,37,12,[2 9],49,77,89,28,60
1,<environment.Job instance at 0x1504cd6f0640>,39,3,[1 6],51,86,89,35,62
1,<environment.Job instance at 0x1504c0c35c30>,40,2,[1 8],53,89,91,36,63
1,<environment.Job instance at 0x1504c0c35410>,41,17,[7 1],54,89,106,35,77
1,<environment.Job instance at 0x1504c0c355f0>,42,16,[8 2],55,91,107,36,78
1,<environment.Job instance at 0x1504c0c35280>,43,3,[1 5],58,106,109,48,81
1,<environment.Job instance at 0x1504e2580190>,45,1,[10  2],60,107,108,47,83
1,<environment.Job instance at 0x1504e2580370>,44,1,[10  1],59,108,109,49,86
1,<environment.Job instance at 0x1504c0c35be0>,47,1,[1 6],62,106,107,44,93
1,<environment.Job instance at 0x1504cef92a00>,46,16,[7 1],61,109,125,48,96
1,<environment.Job instance at 0x1504c3ca8370>,49,2,[5 1],64,109,111,45,97
1,<environment.Job instance at 0x1504c3ca8640>,50,2,[7 2],65,111,113,46,97
1,<environment.Job instance at 0x1504c3ca86e0>,51,1,[1 6],66,107,108,41,98
1,<environment.Job instance at 0x1504c20b90a0>,52,3,[2 6],67,108,111,41,102
1,<environment.Job instance at 0x1504c20b9fa0>,53,3,[1 9],68,111,114,43,103
1,<environment.Job instance at 0x1504c20b9320>,54,3,[6 1],69,113,116,44,103
1,<environment.Job instance at 0x1504c20b9870>,55,15,[6 1],75,116,131,41,103
1,<environment.Job instance at 0x1504c20b96e0>,56,2,[7 1],76,125,127,49,104
1,<environment.Job instance at 0x1504c20b9910>,57,17,[8 1],77,127,144,50,116
1,<environment.Job instance at 0x1504c0e047d0>,59,2,[2 5],79,116,118,37,116
1,<environment.Job instance at 0x1504c0e04910>,58,1,[ 2 13],78,118,119,40,118
1,<environment.Job instance at 0x1504c0e041e0>,60,3,[9 1],80,144,147,64,118
1,<environment.Job instance at 0x1504c4fa3960>,62,1,[5 1],82,131,132,49,122
1,<environment.Job instance at 0x1504c4fa3eb0>,63,12,[ 1 10],83,122,134,39,122
1,<environment.Job instance at 0x1504c0dce910>,64,2,[1 7],84,134,136,50,122
1,<environment.Job instance at 0x1504ced65960>,65,1,[6 2],87,132,133,45,125
1,<environment.Job instance at 0x1504c4b76640>,66,3,[5 2],88,133,136,45,125
1,<environment.Job instance at 0x1504c0c79410>,67,15,[8 1],89,147,162,58,137
1,<environment.Job instance at 0x1504cf7e40a0>,68,3,[2 7],90,139,142,49,139
1,<environment.Job instance at 0x1504c0e359b0>,69,2,[8 2],92,162,164,70,139
1,<environment.Job instance at 0x1504c4fa3820>,70,14,[2 9],97,142,156,45,141
1,<environment.Job instance at 0x1504c4b8a2d0>,71,1,[5 2],99,142,143,43,142
1,<environment.Job instance at 0x1504e19062d0>,72,13,[7 2],100,156,169,56,142
1,<environment.Job instance at 0x1504c35a5c80>,73,1,[7 2],102,164,165,62,142
1,<environment.Job instance at 0x1504e1906280>,74,1,[2 8],103,165,166,62,143
1,<environment.Job instance at 0x1504c07d2c30>,75,2,[2 9],104,166,168,62,143
1,<environment.Job instance at 0x1504c03a3a50>,76,3,[2 6],105,168,171,63,143
1,<environment.Job instance at 0x1504c03a32d0>,77,2,[7 1],107,169,171,62,143
1,<environment.Job instance at 0x1504c07bb320>,78,1,[ 1 10],108,164,165,56,143
1,<environment.Job instance at 0x1504c03a3fa0>,79,26,[2 5],109,168,194,59,165
1,<environment.Job instance at 0x1504c3b135f0>,82,3,[8 1],114,171,174,57,165
1,<environment.Job instance at 0x1504c3b139b0>,83,1,[1 8],115,171,172,56,165
1,<environment.Job instance at 0x1504c09be960>,85,2,[2 6],120,172,174,52,166
1,<environment.Job instance at 0x1504c09be8c0>,86,1,[1 5],121,174,175,53,166
1,<environment.Job instance at 0x1504c4cb55f0>,87,3,[7 2],123,174,177,51,166
1,<environment.Job instance at 0x1504c5983230>,88,1,[2 8],124,175,176,51,166
1,<environment.Job instance at 0x1504c59830f0>,89,18,[1 7],126,176,194,50,166
1,<environment.Job instance at 0x1504c3b38f00>,90,3,[10  1],128,177,180,49,166
1,<environment.Job instance at 0x1504c36e5910>,91,2,[ 2 13],129,194,196,65,167
1,<environment.Job instance at 0x1504c36e5500>,92,3,[7 2],131,180,183,49,167
1,<environment.Job instance at 0x1504c03a3320>,80,3,[1 9],111,196,199,85,190
1,<environment.Job instance at 0x1504c0adf190>,93,28,[2 5],133,207,235,74,207
1,<environment.Job instance at 0x1504c0adf6e0>,96,3,[6 2],136,207,210,71,207
1,<environment.Job instance at 0x1504c0adf2d0>,97,16,[ 1 11],137,235,251,98,223
1,<environment.Job instance at 0x1504c0adfe60>,95,1,[1 9],135,224,225,89,224
1,<environment.Job instance at 0x1504c0adfeb0>,98,1,[2 6],138,225,226,87,224
1,<environment.Job instance at 0x1504c04b29b0>,100,2,[2 8],141,226,228,85,225
1,<environment.Job instance at 0x1504c04b2a00>,99,1,[1 5],140,228,229,88,226
1,<environment.Job instance at 0x1504cc02d8c0>,102,3,[2 5],145,232,235,87,232
1,<environment.Job instance at 0x1504c14e7230>,11,28,[14  1],18,235,263,217,235
1,<environment.Job instance at 0x1504c09bedc0>,84,1,[10  2],119,263,264,144,253
1,<environment.Job instance at 0x1504c0cd5230>,101,24,[2 9],142,263,287,121,260
1,<environment.Job instance at 0x1504c078d8c0>,6,2,[10  2],10,10,12,0,10
1,<environment.Job instance at 0x1504c50e3910>,14,3,[2 6],19,19,22,0,19
1,<environment.Job instance at 0x1504c078d6e0>,9,25,[9 1],13,20,45,7,20
1,<environment.Job instance at 0x1504c50e3e10>,18,1,[2 5],24,24,25,0,24
1,<environment.Job instance at 0x1504c4c81d20>,19,3,[10  2],27,45,48,18,27
1,<environment.Job instance at 0x1504c078d500>,12,2,[7 2],16,48,50,32,28
1,<environment.Job instance at 0x1504c05f7640>,20,1,[2 7],28,28,29,0,28
1,<environment.Job instance at 0x1504c4c830f0>,24,15,[6 1],33,48,63,15,34
1,<environment.Job instance at 0x1504cf84de60>,23,3,[9 1],32,50,53,18,34
1,<environment.Job instance at 0x1504c4c839b0>,25,1,[2 5],34,34,35,0,34
1,<environment.Job instance at 0x1504c4c83cd0>,26,2,[1 5],36,37,39,1,37
1,<environment.Job instance at 0x1504c4c83500>,27,3,[2 8],37,37,40,0,37
1,<environment.Job instance at 0x1504c4c73820>,29,26,[5 2],39,53,79,14,51
1,<environment.Job instance at 0x1504c4c73b90>,31,2,[2 6],41,53,55,12,51
1,<environment.Job instance at 0x1504c4c73e60>,32,3,[1 9],42,55,58,13,51
1,<environment.Job instance at 0x1504c4c735a0>,33,2,[1 7],44,58,60,14,51
1,<environment.Job instance at 0x1504c4c730a0>,34,3,[2 9],45,60,63,15,51
1,<environment.Job instance at 0x1504c4c73a00>,35,2,[6 1],46,63,65,17,51
1,<environment.Job instance at 0x1504c4c73870>,36,1,[5 1],47,65,66,18,51
1,<environment.Job instance at 0x1504c4c73280>,38,2,[7 1],50,66,68,16,53
1,<environment.Job instance at 0x1504e0070f00>,21,2,[ 1 14],30,79,81,49,54
1,<environment.Job instance at 0x1504c0eb4690>,39,14,[5 2],54,81,95,27,69
1,<environment.Job instance at 0x1504c05606e0>,48,13,[1 5],71,81,94,10,72
1,<environment.Job instance at 0x1504c4fa81e0>,50,1,[ 1 12],74,74,75,0,74
1,<environment.Job instance at 0x1504c4fa8780>,51,1,[10  2],75,75,76,0,75
1,<environment.Job instance at 0x1504e2260a00>,55,1,[9 1],80,80,81,0,80
1,<environment.Job instance at 0x1504e2260af0>,56,20,[9 1],81,82,102,1,82
1,<environment.Job instance at 0x1504e2260230>,57,3,[5 1],83,95,98,12,83
1,<environment.Job instance at 0x1504e2260320>,58,2,[13  1],84,102,104,18,84
1,<environment.Job instance at 0x1504e22602d0>,59,1,[12  2],85,104,105,19,85
1,<environment.Job instance at 0x1504e2260b90>,60,1,[5 1],86,98,99,12,86
1,<environment.Job instance at 0x1504c20a30f0>,63,3,[9 2],89,105,108,16,89
1,<environment.Job instance at 0x1504c0688230>,67,1,[7 1],103,108,109,5,103
1,<environment.Job instance at 0x1504cf9eb820>,70,12,[2 9],107,108,120,1,108
1,<environment.Job instance at 0x1504c4c625f0>,76,2,[2 5],115,116,118,1,116
1,<environment.Job instance at 0x1504c0e393c0>,77,1,[1 9],116,120,121,4,116
1,<environment.Job instance at 0x1504c04a2320>,80,20,[7 2],119,120,140,1,120
1,<environment.Job instance at 0x1504c4bbb910>,81,1,[1 9],120,121,122,1,120
1,<environment.Job instance at 0x1504c0ae2730>,83,3,[ 2 10],122,122,125,0,122
1,<environment.Job instance at 0x1504c03d25f0>,84,13,[2 8],123,125,138,2,123
1,<environment.Job instance at 0x1504c0d4ec80>,85,1,[8 1],126,138,139,12,126
1,<environment.Job instance at 0x1504c3a3b870>,88,1,[2 5],129,129,130,0,129
1,<environment.Job instance at 0x1504c3a3b410>,89,14,[ 2 10],130,139,153,9,130
1,<environment.Job instance at 0x1504c4d84c80>,90,1,[ 1 13],131,153,154,22,133
1,<environment.Job instance at 0x1504c05c6dc0>,92,1,[5 2],133,134,135,1,134
1,<environment.Job instance at 0x1504c0d2b640>,93,12,[2 9],134,154,166,20,138
1,<environment.Job instance at 0x1504c0d4d410>,94,1,[11  1],143,143,144,0,143
1,<environment.Job instance at 0x1504c505c5a0>,95,2,[5 1],144,144,146,0,144
1,<environment.Job instance at 0x1504c505cd20>,96,2,[1 6],145,154,156,9,145
1,<environment.Job instance at 0x1504e21d2050>,97,2,[1 8],146,166,168,20,146
1,<environment.Job instance at 0x1504c0c97cd0>,98,1,[6 1],147,147,148,0,147
1,<environment.Job instance at 0x1504e21d2910>,99,18,[10  2],149,156,174,7,149
1,<environment.Job instance at 0x1504c0d1d3c0>,78,3,[1 7],117,172,175,55,172
1,<environment.Job instance at 0x1504c05c68c0>,91,12,[ 1 14],132,232,244,100,232
1,<environment.Job instance at 0x1504c14f01e0>,1,1,[1 5],2,2,3,0,2
1,<environment.Job instance at 0x1504c3ae97d0>,22,13,[1 9],31,38,51,7,38
1,<environment.Job instance at 0x1504c05eedc0>,24,15,[9 1],34,55,70,21,55
1,<environment.Job instance at 0x1504e1950820>,30,2,[2 8],42,55,57,13,55
1,<environment.Job instance at 0x1504c08da1e0>,31,3,[1 7],43,57,60,14,56
1,<environment.Job instance at 0x1504c0ce4500>,34,2,[8 1],46,70,72,24,56
1,<environment.Job instance at 0x1504c4c21780>,35,15,[8 2],47,72,87,25,59
1,<environment.Job instance at 0x1504c4c21370>,37,2,[8 2],50,87,89,37,60
1,<environment.Job instance at 0x1504c07edb40>,39,3,[6 1],52,60,63,8,60
1,<environment.Job instance at 0x1504c05ee820>,29,19,[5 2],41,63,82,22,60
1,<environment.Job instance at 0x1504c07ed140>,40,16,[1 5],53,63,79,10,60
1,<environment.Job instance at 0x1504c07ed500>,43,17,[12  1],57,89,106,32,77
1,<environment.Job instance at 0x1504c4d6e0a0>,51,2,[1 7],66,79,81,13,77
1,<environment.Job instance at 0x1504c4d6eaf0>,52,2,[1 6],67,77,79,10,77
1,<environment.Job instance at 0x1504c4d6eeb0>,53,14,[ 2 10],68,81,95,13,77
1,<environment.Job instance at 0x1504c3c840a0>,54,1,[2 7],70,95,96,25,77
1,<environment.Job instance at 0x1504c088d7d0>,55,3,[8 2],71,106,109,35,80
1,<environment.Job instance at 0x1504cf85f7d0>,60,2,[2 8],80,96,98,16,80
1,<environment.Job instance at 0x1504c1615230>,62,15,[10  1],83,109,124,26,95
1,<environment.Job instance at 0x1504e21c39b0>,66,3,[10  1],88,124,127,36,98
1,<environment.Job instance at 0x1504c09b6190>,69,2,[8 2],91,127,129,36,100
1,<environment.Job instance at 0x1504cf8a5280>,70,2,[8 1],92,129,131,37,102
1,<environment.Job instance at 0x1504cf8ad9b0>,71,16,[7 2],94,127,143,33,114
1,<environment.Job instance at 0x1504c0b00be0>,73,3,[ 2 10],97,114,117,17,114
1,<environment.Job instance at 0x1504c35a5410>,74,12,[ 2 11],98,131,143,33,114
1,<environment.Job instance at 0x1504c4fb8780>,75,13,[1 7],100,143,156,43,127
1,<environment.Job instance at 0x1504c4c1e5a0>,78,13,[1 5],104,143,156,39,127
1,<environment.Job instance at 0x1504c4c1e6e0>,79,15,[5 1],106,131,146,25,127
1,<environment.Job instance at 0x1504c4c1e410>,81,1,[6 1],108,143,144,35,127
1,<environment.Job instance at 0x1504c4c1ef00>,82,18,[8 2],109,144,162,35,133
1,<environment.Job instance at 0x1504c4c10e60>,85,3,[2 6],112,156,159,44,133
1,<environment.Job instance at 0x1504c4c10230>,86,1,[5 2],113,156,157,43,133
1,<environment.Job instance at 0x1504c0c4d1e0>,88,2,[2 6],115,157,159,42,133
1,<environment.Job instance at 0x1504c3a12690>,90,18,[1 6],118,159,177,41,148
1,<environment.Job instance at 0x1504c06c2fa0>,94,15,[1 5],123,159,174,36,148
1,<environment.Job instance at 0x1504c3c22370>,95,3,[2 5],125,174,177,49,151
1,<environment.Job instance at 0x1504c3c220a0>,96,2,[6 2],126,162,164,36,153
1,<environment.Job instance at 0x1504c02b3a00>,97,16,[2 8],128,177,193,49,169
1,<environment.Job instance at 0x1504c02b3320>,98,2,[9 1],129,170,172,41,170
1,<environment.Job instance at 0x1504c02b3370>,99,18,[2 5],130,177,195,47,170
1,<environment.Job instance at 0x1504c02b30f0>,100,3,[10  2],131,172,175,41,170
1,<environment.Job instance at 0x1504ced721e0>,101,1,[6 1],134,175,176,41,171
1,<environment.Job instance at 0x1504ced72e60>,102,3,[10  1],135,176,179,41,174
1,<environment.Job instance at 0x1504ced72af0>,104,18,[ 1 14],137,195,213,58,184
1,<environment.Job instance at 0x1504c378b190>,105,2,[7 1],138,184,186,46,184
1,<environment.Job instance at 0x1504c378b410>,106,3,[10  1],139,187,190,48,187
1,<environment.Job instance at 0x1504c378bcd0>,109,1,[2 7],142,193,194,51,190
1,<environment.Job instance at 0x1504c378b320>,110,3,[7 1],143,190,193,47,190
1,<environment.Job instance at 0x1504c378bf00>,111,1,[8 2],144,217,218,73,217
1,<environment.Job instance at 0x1504c3c7e460>,93,17,[11  2],122,223,240,101,223
1,<environment.Job instance at 0x1504c378b870>,112,28,[ 2 10],146,223,251,77,223
1,<environment.Job instance at 0x1504c3ad1960>,114,2,[8 2],148,240,242,92,223
1,<environment.Job instance at 0x1504e223b1e0>,115,13,[6 1],149,242,255,93,226
1,<environment.Job instance at 0x1504c06f9aa0>,17,17,[2 6],30,35,52,5,35
1,<environment.Job instance at 0x1504c06f9dc0>,19,1,[8 2],34,36,37,2,36
1,<environment.Job instance at 0x1504c06f9370>,20,2,[10  1],35,37,39,2,37
1,<environment.Job instance at 0x1504e1916eb0>,21,2,[10  1],36,39,41,3,37
1,<environment.Job instance at 0x1504c4d40a00>,22,16,[10  2],37,41,57,4,37
1,<environment.Job instance at 0x1504c3bfd7d0>,24,1,[1 7],39,39,40,0,39
1,<environment.Job instance at 0x1504c15a5910>,23,2,[2 5],38,40,42,2,39
1,<environment.Job instance at 0x1504c0d1db90>,27,1,[9 2],43,57,58,14,43
1,<environment.Job instance at 0x1504c0d1df00>,28,1,[7 2],45,58,59,13,45
1,<environment.Job instance at 0x1504c0d1dfa0>,29,16,[5 2],46,52,68,6,46
1,<environment.Job instance at 0x1504c36593c0>,30,3,[10  2],48,59,62,11,48
1,<environment.Job instance at 0x1504c3659500>,31,1,[10  2],49,62,63,13,49
1,<environment.Job instance at 0x1504c3659be0>,32,2,[7 1],50,63,65,13,50
1,<environment.Job instance at 0x1504c3659960>,33,2,[10  1],51,65,67,14,51
1,<environment.Job instance at 0x1504c4b75640>,34,1,[1 7],52,57,58,5,52
1,<environment.Job instance at 0x1504c06f9f00>,26,3,[2 9],42,67,70,25,54
1,<environment.Job instance at 0x1504c4b9f550>,35,1,[9 1],54,68,69,14,61
1,<environment.Job instance at 0x1504c3bdb9b0>,37,3,[9 2],56,69,72,13,64
1,<environment.Job instance at 0x1504c3bdbdc0>,38,3,[10  2],58,72,75,14,65
1,<environment.Job instance at 0x1504c3bdbbe0>,39,3,[ 1 10],59,70,73,11,70
1,<environment.Job instance at 0x1504c3bdb0f0>,41,3,[ 2 10],62,76,79,14,76
1,<environment.Job instance at 0x1504c06f96e0>,13,19,[ 2 14],25,95,114,70,95
1,<environment.Job instance at 0x1504c3bdb5f0>,42,2,[2 8],63,114,116,51,95
1,<environment.Job instance at 0x1504c3bdb550>,45,3,[9 1],68,95,98,27,95
1,<environment.Job instance at 0x1504c4c8b5a0>,46,3,[2 9],70,116,119,46,95
1,<environment.Job instance at 0x1504c4c8bdc0>,47,2,[10  2],71,114,116,43,95
1,<environment.Job instance at 0x1504c4c8baf0>,48,2,[ 1 10],72,119,121,47,95
1,<environment.Job instance at 0x1504c4c8ba50>,49,3,[ 1 10],74,121,124,47,95
1,<environment.Job instance at 0x1504c59810f0>,51,1,[7 2],76,116,117,40,95
1,<environment.Job instance at 0x1504c5981230>,52,2,[5 2],77,116,118,39,95
1,<environment.Job instance at 0x1504c36a05f0>,53,3,[14  2],78,119,122,41,95
1,<environment.Job instance at 0x1504c36a0320>,55,2,[2 6],82,124,126,42,97
1,<environment.Job instance at 0x1504c36a0140>,56,3,[6 1],84,98,101,14,97
1,<environment.Job instance at 0x1504c36a0730>,57,16,[ 2 10],85,126,142,41,114
1,<environment.Job instance at 0x1504c4d04d70>,71,2,[1 5],101,122,124,21,115
1,<environment.Job instance at 0x1504c4d04050>,72,12,[5 1],102,124,136,22,115
1,<environment.Job instance at 0x1504c39b4370>,75,1,[10  2],107,118,119,11,115
1,<environment.Job instance at 0x1504c37633c0>,77,13,[1 6],110,142,155,32,126
1,<environment.Job instance at 0x1504c0c8dc30>,81,3,[1 6],114,142,145,28,130
1,<environment.Job instance at 0x1504c3bdc5a0>,86,3,[2 6],122,145,148,23,130
1,<environment.Job instance at 0x1504c3bdc460>,87,17,[6 1],125,130,147,5,130
1,<environment.Job instance at 0x1504cf80c960>,88,3,[2 8],126,148,151,22,132
1,<environment.Job instance at 0x1504c3629aa0>,89,2,[9 1],128,147,149,19,132
1,<environment.Job instance at 0x1504c09b5370>,90,12,[5 2],129,151,163,22,134
1,<environment.Job instance at 0x1504c05f65f0>,91,1,[1 9],130,155,156,25,134
1,<environment.Job instance at 0x1504c05f6a00>,92,1,[1 5],131,151,152,20,134
1,<environment.Job instance at 0x1504cf7e41e0>,99,25,[1 7],139,156,181,17,153
1,<environment.Job instance at 0x1504c05f6870>,93,26,[2 7],132,163,189,31,160
1,<environment.Job instance at 0x1504cf7e4f00>,104,1,[1 8],146,181,182,35,160
1,<environment.Job instance at 0x1504c4b758c0>,36,13,[ 2 11],55,189,202,134,182
1,<environment.Job instance at 0x1504cf7e4c80>,106,22,[ 1 10],148,202,224,54,195
1,<environment.Job instance at 0x1504cc0078c0>,5,13,[2 5],7,8,21,1,8
1,<environment.Job instance at 0x1504cc007050>,6,2,[6 1],9,10,12,1,10
1,<environment.Job instance at 0x1504cc0070a0>,7,16,[6 1],10,11,27,1,11
1,<environment.Job instance at 0x1504cc007f00>,8,1,[ 1 10],12,21,22,9,12
1,<environment.Job instance at 0x1504cc007e60>,9,3,[9 1],14,22,25,8,14
1,<environment.Job instance at 0x1504cf8dbdc0>,11,3,[1 5],17,17,20,0,17
1,<environment.Job instance at 0x1504cf8db730>,12,1,[10  1],19,27,28,8,19
1,<environment.Job instance at 0x1504cf8dbc30>,13,3,[8 1],20,28,31,8,21
1,<environment.Job instance at 0x1504cf8db1e0>,14,2,[8 1],21,25,27,4,21
1,<environment.Job instance at 0x1504cf8dbb90>,15,1,[5 2],22,27,28,5,22
1,<environment.Job instance at 0x1504cc011460>,16,3,[1 7],23,28,31,5,23
1,<environment.Job instance at 0x1504c0ca6fa0>,17,2,[5 1],24,28,30,4,24
1,<environment.Job instance at 0x1504c0a097d0>,18,17,[1 5],26,28,45,2,26
1,<environment.Job instance at 0x1504e197b3c0>,19,2,[5 2],27,30,32,3,27
1,<environment.Job instance at 0x1504c0c17e10>,20,1,[1 5],28,31,32,3,28
1,<environment.Job instance at 0x1504c369ec80>,21,1,[8 2],29,31,32,2,29
1,<environment.Job instance at 0x1504c3bd6c80>,22,2,[7 1],30,32,34,2,31
1,<environment.Job instance at 0x1504c04f4820>,23,1,[10  1],31,34,35,3,31
1,<environment.Job instance at 0x1504c2aea460>,24,2,[ 1 10],32,35,37,3,32
1,<environment.Job instance at 0x1504c09f4820>,25,2,[1 8],33,33,35,0,33
1,<environment.Job instance at 0x1504c35ad500>,26,3,[2 5],34,37,40,3,34
1,<environment.Job instance at 0x1504e0066780>,27,18,[10  1],35,37,55,2,35
1,<environment.Job instance at 0x1504c35ad370>,28,2,[7 1],36,55,57,19,36
1,<environment.Job instance at 0x1504c35ad8c0>,29,15,[2 7],37,40,55,3,37
1,<environment.Job instance at 0x1504c3a69460>,30,1,[2 5],38,45,46,7,38
1,<environment.Job instance at 0x1504c0602e60>,31,3,[ 1 11],41,55,58,14,41
1,<environment.Job instance at 0x1504c0602cd0>,32,2,[1 9],42,58,60,16,42
1,<environment.Job instance at 0x1504c06020a0>,33,2,[2 5],43,46,48,3,43
1,<environment.Job instance at 0x1504c0602c80>,34,3,[1 5],46,48,51,2,46
1,<environment.Job instance at 0x1504c0602230>,35,1,[8 1],47,57,58,10,47
1,<environment.Job instance at 0x1504cf942140>,36,2,[8 2],48,58,60,10,48
1,<environment.Job instance at 0x1504cf942e10>,37,14,[9 2],49,60,74,11,49
1,<environment.Job instance at 0x1504c09beb90>,38,2,[5 2],50,55,57,5,50
1,<environment.Job instance at 0x1504c09be5f0>,39,3,[1 5],51,52,55,1,52
1,<environment.Job instance at 0x1504c09bebe0>,40,1,[1 5],53,60,61,7,53
1,<environment.Job instance at 0x1504c09be0a0>,41,16,[8 1],54,74,90,20,61
1,<environment.Job instance at 0x1504c0d27190>,42,14,[2 8],55,62,76,7,62
1,<environment.Job instance at 0x1504cf8dbd70>,10,1,[8 2],16,90,91,74,70
1,<environment.Job instance at 0x1504c0d27dc0>,43,15,[8 2],56,91,106,35,77
1,<environment.Job instance at 0x1504c0d279b0>,45,3,[7 1],59,77,80,18,77
1,<environment.Job instance at 0x1504c0d27c30>,46,2,[2 7],60,80,82,20,77
1,<environment.Job instance at 0x1504c0d27f50>,47,14,[ 2 10],61,82,96,21,77
1,<environment.Job instance at 0x1504c0d27280>,48,1,[1 9],62,96,97,34,77
1,<environment.Job instance at 0x1504c15a6500>,49,18,[5 2],63,80,98,17,77
1,<environment.Job instance at 0x1504c15a6640>,50,2,[1 8],65,97,99,32,77
1,<environment.Job instance at 0x1504c15a6c80>,51,16,[1 6],66,99,115,33,86
1,<environment.Job instance at 0x1504c15a6690>,52,3,[2 6],68,99,102,31,86
1,<environment.Job instance at 0x1504c15a62d0>,53,14,[10  1],69,106,120,37,91
1,<environment.Job instance at 0x1504c15a6d70>,54,3,[ 1 14],70,115,118,45,91
1,<environment.Job instance at 0x1504c4c584b0>,55,3,[5 1],71,102,105,31,91
1,<environment.Job instance at 0x1504c4c58c30>,56,2,[8 1],73,120,122,47,93
1,<environment.Job instance at 0x1504c4c58eb0>,57,3,[9 1],74,122,125,48,97
1,<environment.Job instance at 0x1504c4c585a0>,58,3,[8 2],75,125,128,50,99
1,<environment.Job instance at 0x1504c4c587d0>,59,12,[7 2],77,125,137,48,108
1,<environment.Job instance at 0x1504c1563c80>,60,2,[2 7],79,108,110,29,108
1,<environment.Job instance at 0x1504cf8bc140>,61,17,[6 2],81,128,145,47,116
1,<environment.Job instance at 0x1504c4d7d5f0>,62,13,[ 2 10],82,128,141,46,116
1,<environment.Job instance at 0x1504cf7b39b0>,63,2,[1 9],83,118,120,35,116
1,<environment.Job instance at 0x1504cf7b31e0>,64,23,[1 5],84,141,164,57,135
1,<environment.Job instance at 0x1504cf7b30a0>,65,1,[8 1],85,141,142,56,135
1,<environment.Job instance at 0x1504c08f9a00>,66,18,[10  1],86,145,163,59,135
1,<environment.Job instance at 0x1504c0e410a0>,67,1,[8 2],87,142,143,55,135
1,<environment.Job instance at 0x1504c03abfa0>,68,2,[7 1],88,137,139,49,135
1,<environment.Job instance at 0x1504e22370f0>,69,1,[5 1],89,139,140,50,135
1,<environment.Job instance at 0x1504c4c035a0>,70,2,[2 8],90,143,145,53,135
1,<environment.Job instance at 0x1504c4c03cd0>,71,3,[7 1],91,163,166,72,137
1,<environment.Job instance at 0x1504cc01cdc0>,72,3,[8 2],92,164,167,72,138
1,<environment.Job instance at 0x1504c3b5d550>,73,2,[10  1],94,167,169,73,140
1,<environment.Job instance at 0x1504c03af9b0>,74,22,[5 1],96,166,188,70,159
1,<environment.Job instance at 0x1504c3b5d1e0>,75,14,[9 2],99,169,183,70,159
1,<environment.Job instance at 0x1504c3b5daf0>,76,16,[8 2],101,183,199,82,170
1,<environment.Job instance at 0x1504cd6d0d20>,77,3,[1 5],102,170,173,68,170
1,<environment.Job instance at 0x1504cd6d0690>,78,2,[5 2],103,188,190,85,170
1,<environment.Job instance at 0x1504cd6d0e60>,79,13,[8 1],105,199,212,94,183
1,<environment.Job instance at 0x1504cd6d0870>,80,1,[7 2],106,190,191,84,183
1,<environment.Job instance at 0x1504cd6d0be0>,81,2,[2 8],107,183,185,76,183
1,<environment.Job instance at 0x1504cd6d0aa0>,82,12,[9 1],108,212,224,104,195
1,<environment.Job instance at 0x1504cd6ecc80>,83,3,[9 2],110,224,227,114,198
1,<environment.Job instance at 0x1504cd6eccd0>,84,1,[ 2 10],111,198,199,87,198
1,<environment.Job instance at 0x1504cd6eca00>,85,2,[6 2],112,199,201,87,198
1,<environment.Job instance at 0x1504e24e01e0>,86,1,[1 5],114,199,200,85,198
1,<environment.Job instance at 0x1504e24e0370>,87,2,[5 2],115,201,203,86,198
1,<environment.Job instance at 0x1504cd6ecfa0>,88,2,[8 1],116,227,229,111,200
1,<environment.Job instance at 0x1504ced34960>,89,2,[8 1],117,229,231,112,203
1,<environment.Job instance at 0x1504c0e36cd0>,90,17,[ 2 10],118,203,220,85,203
1,<environment.Job instance at 0x1504c0d27460>,44,3,[1 7],58,220,223,162,204
1,<environment.Job instance at 0x1504ced34550>,91,3,[10  2],119,231,234,112,205
1,<environment.Job instance at 0x1504c0e36b90>,93,3,[2 7],121,220,223,99,205
1,<environment.Job instance at 0x1504c0c13730>,94,18,[ 2 11],122,223,241,101,212
1,<environment.Job instance at 0x1504c0c13e10>,95,2,[1 6],123,241,243,118,214
1,<environment.Job instance at 0x1504c0c13230>,96,16,[1 9],124,241,257,117,228
1,<environment.Job instance at 0x1504cf88ec30>,98,13,[8 1],126,243,256,117,229
1,<environment.Job instance at 0x1504c4b70f00>,99,1,[6 1],127,234,235,107,229
1,<environment.Job instance at 0x1504c4b700f0>,100,2,[ 1 10],128,257,259,129,230
1,<environment.Job instance at 0x1504c4b70f50>,101,1,[5 1],129,230,231,101,230
1,<environment.Job instance at 0x1504c4b70dc0>,102,3,[5 2],130,234,237,104,230
1,<environment.Job instance at 0x1504c4b70fa0>,103,17,[6 2],134,243,260,109,232
1,<environment.Job instance at 0x1504c041aeb0>,104,3,[5 2],135,235,238,100,232
1,<environment.Job instance at 0x1504cf88e500>,97,2,[ 1 13],125,259,261,134,240
1,<environment.Job instance at 0x1504cef650a0>,105,15,[10  2],136,260,275,124,246
1,<environment.Job instance at 0x1504cef65d20>,107,2,[11  1],138,275,277,137,248
1,<environment.Job instance at 0x1504cef65780>,108,1,[8 2],139,256,257,117,248
1,<environment.Job instance at 0x1504cd6bf370>,109,12,[1 8],140,261,273,121,248
1,<environment.Job instance at 0x1504cef65b90>,106,2,[8 2],137,257,259,120,255
1,<environment.Job instance at 0x1504c4c21370>,110,28,[ 2 10],141,273,301,132,272
1,<environment.Job instance at 0x1504c03e70a0>,113,2,[1 8],147,301,303,154,276
1,<environment.Job instance at 0x1504c03e7320>,114,1,[5 1],148,279,280,131,279
1,<environment.Job instance at 0x1504c03e7c80>,115,14,[1 7],149,301,315,152,286
1,<environment.Job instance at 0x1504cc007cd0>,4,17,[7 2],6,307,324,301,307
1,<environment.Job instance at 0x1504c3c4daf0>,0,1,[14  1],1,325,326,324,325
1,<environment.Job instance at 0x1504c15c1f50>,1,2,[6 2],3,3,5,0,3
1,<environment.Job instance at 0x1504c15135f0>,7,2,[2 9],12,12,14,0,12
1,<environment.Job instance at 0x1504c08f93c0>,12,2,[1 8],18,21,23,3,21
1,<environment.Job instance at 0x1504cf9d64b0>,15,3,[2 8],21,23,26,2,21
1,<environment.Job instance at 0x1504c08f91e0>,17,1,[2 5],24,26,27,2,26
1,<environment.Job instance at 0x1504c4c4b0f0>,20,3,[2 6],30,30,33,0,30
1,<environment.Job instance at 0x1504ced87190>,21,3,[2 5],31,31,34,0,31
1,<environment.Job instance at 0x1504ced87550>,22,16,[7 2],32,32,48,0,32
1,<environment.Job instance at 0x1504c50b9960>,23,12,[9 1],33,48,60,15,33
1,<environment.Job instance at 0x1504c3b5c4b0>,24,3,[7 2],35,35,38,0,35
1,<environment.Job instance at 0x1504ceda0af0>,25,3,[1 6],37,37,40,0,37
1,<environment.Job instance at 0x1504c0a61aa0>,26,2,[1 6],39,39,41,0,39
1,<environment.Job instance at 0x1504c08f9e60>,11,2,[ 1 11],17,43,45,26,43
1,<environment.Job instance at 0x1504c35da410>,38,12,[6 1],60,81,93,21,81
1,<environment.Job instance at 0x1504c08651e0>,41,3,[1 9],66,81,84,15,81
1,<environment.Job instance at 0x1504c0865f00>,42,1,[5 2],67,81,82,14,81
1,<environment.Job instance at 0x1504c08655f0>,43,1,[9 1],68,84,85,16,81
1,<environment.Job instance at 0x1504c08658c0>,44,23,[9 1],70,85,108,15,81
1,<environment.Job instance at 0x1504c0865960>,45,14,[10  1],71,108,122,37,93
1,<environment.Job instance at 0x1504c0863af0>,50,12,[5 1],78,93,105,15,93
1,<environment.Job instance at 0x1504c35e9be0>,53,2,[10  1],82,122,124,40,95
1,<environment.Job instance at 0x1504c35b71e0>,58,18,[2 9],91,105,123,14,95
1,<environment.Job instance at 0x1504c0a8bb90>,60,3,[1 9],94,95,98,1,95
1,<environment.Job instance at 0x1504c0bbf690>,62,3,[2 9],97,123,126,26,99
1,<environment.Job instance at 0x1504c0e44c30>,66,2,[9 1],102,124,126,22,109
1,<environment.Job instance at 0x1504c0dc1f00>,67,2,[14  2],104,126,128,22,110
1,<environment.Job instance at 0x1504c3b92870>,68,3,[ 1 10],105,126,129,21,113
1,<environment.Job instance at 0x1504c086e460>,71,13,[6 1],108,128,141,20,115
1,<environment.Job instance at 0x1504c35ca690>,72,2,[1 9],109,129,131,20,116
1,<environment.Job instance at 0x1504c086e870>,73,3,[6 2],110,128,131,18,116
1,<environment.Job instance at 0x1504c35d2a00>,74,3,[5 2],112,131,134,19,116
1,<environment.Job instance at 0x1504e221f7d0>,75,2,[1 8],113,131,133,18,117
1,<environment.Job instance at 0x1504c35d24b0>,76,17,[9 1],114,134,151,20,122
1,<environment.Job instance at 0x1504c4c1eaf0>,77,2,[2 8],117,141,143,24,126
1,<environment.Job instance at 0x1504c35d3280>,78,14,[2 8],118,143,157,25,129
1,<environment.Job instance at 0x1504c4ce70f0>,79,1,[10  2],119,151,152,32,138
1,<environment.Job instance at 0x1504c4ce7820>,80,17,[7 2],121,152,169,31,141
1,<environment.Job instance at 0x1504c4ce7960>,81,13,[8 1],124,157,170,33,141
1,<environment.Job instance at 0x1504c4ce7320>,82,2,[10  1],125,170,172,45,143
1,<environment.Job instance at 0x1504cf807c80>,83,18,[8 1],127,172,190,45,161
1,<environment.Job instance at 0x1504cf807870>,84,1,[6 2],128,169,170,41,162
1,<environment.Job instance at 0x1504e221d8c0>,86,1,[8 1],130,190,191,60,162
1,<environment.Job instance at 0x1504c087e870>,87,1,[5 1],133,170,171,37,162
1,<environment.Job instance at 0x1504c087ecd0>,88,2,[1 9],134,171,173,37,162
1,<environment.Job instance at 0x1504c087e550>,89,3,[ 2 10],136,173,176,37,162
1,<environment.Job instance at 0x1504c087eb40>,90,2,[7 1],138,176,178,38,162
1,<environment.Job instance at 0x1504c087ef50>,91,2,[ 1 10],141,178,180,37,162
1,<environment.Job instance at 0x1504c058e5a0>,92,1,[ 2 10],142,180,181,38,162
1,<environment.Job instance at 0x1504c3c22190>,93,3,[1 9],144,181,184,37,162
1,<environment.Job instance at 0x1504c15c3f00>,94,17,[ 1 10],145,184,201,39,172
1,<environment.Job instance at 0x1504c15c3960>,95,13,[ 1 10],147,201,214,54,185
1,<environment.Job instance at 0x1504c0e44910>,69,1,[14  2],106,255,256,149,255
1,<environment.Job instance at 0x1504c08f9910>,13,16,[ 1 12],19,1393,1409,1374,1393
1,<environment.Job instance at 0x1504cee47aa0>,9,3,[1 5],13,13,16,0,13
1,<environment.Job instance at 0x1504cee47b90>,10,14,[1 7],14,14,28,0,14
1,<environment.Job instance at 0x1504cee472d0>,11,2,[1 8],16,16,18,0,16
1,<environment.Job instance at 0x1504cee47c30>,12,12,[5 2],17,18,30,1,17
1,<environment.Job instance at 0x1504cee47140>,13,1,[2 9],18,28,29,10,19
1,<environment.Job instance at 0x1504cee473c0>,14,1,[10  2],19,29,30,10,19
1,<environment.Job instance at 0x1504cee474b0>,15,2,[5 2],22,22,24,0,22
1,<environment.Job instance at 0x1504cee47dc0>,16,2,[10  1],23,30,32,7,23
1,<environment.Job instance at 0x1504cee47e60>,17,17,[7 1],25,32,49,7,25
1,<environment.Job instance at 0x1504e22af0f0>,18,1,[7 2],26,26,27,0,26
1,<environment.Job instance at 0x1504ceed0b90>,19,15,[7 1],27,32,47,5,27
1,<environment.Job instance at 0x1504ceed0050>,20,13,[5 2],33,47,60,14,33
1,<environment.Job instance at 0x1504c0b21410>,21,3,[1 9],34,34,37,0,34
1,<environment.Job instance at 0x1504c0b21870>,22,1,[1 7],37,37,38,0,37
1,<environment.Job instance at 0x1504c0917460>,23,14,[7 1],39,49,63,10,40
1,<environment.Job instance at 0x1504c09179b0>,24,3,[6 2],40,60,63,20,40
1,<environment.Job instance at 0x1504c0917e10>,25,17,[6 2],45,63,80,18,51
1,<environment.Job instance at 0x1504c0917b40>,26,2,[8 1],46,63,65,17,51
1,<environment.Job instance at 0x1504c0917870>,27,3,[8 2],48,65,68,17,51
1,<environment.Job instance at 0x1504cee47d20>,7,1,[5 2],11,68,69,57,64
1,<environment.Job instance at 0x1504c0917c80>,29,2,[2 6],50,68,70,18,65
1,<environment.Job instance at 0x1504c0917eb0>,28,14,[10  2],49,80,94,31,68
1,<environment.Job instance at 0x1504c0917550>,31,3,[1 6],52,69,72,17,68
1,<environment.Job instance at 0x1504c4d04b90>,32,1,[8 1],53,70,71,17,68
1,<environment.Job instance at 0x1504c1835320>,34,1,[1 9],58,72,73,14,69
1,<environment.Job instance at 0x1504c0917910>,35,3,[10  2],62,94,97,32,70
1,<environment.Job instance at 0x1504c0c464b0>,5,2,[14  1],7,97,99,90,71
1,<environment.Job instance at 0x1504ceef4e60>,33,1,[6 1],54,72,73,18,72
1,<environment.Job instance at 0x1504c39ede60>,38,2,[9 1],67,77,79,10,77
1,<environment.Job instance at 0x1504c080dcd0>,37,1,[2 8],64,79,80,15,77
1,<environment.Job instance at 0x1504e24cfb90>,36,17,[6 1],63,99,116,36,87
1,<environment.Job instance at 0x1504c0eb4820>,48,16,[5 2],85,99,115,14,87
1,<environment.Job instance at 0x1504c0894910>,39,18,[2 8],68,99,117,31,92
1,<environment.Job instance at 0x1504c0eb4960>,49,13,[ 1 13],86,117,130,31,101
1,<environment.Job instance at 0x1504c0325910>,57,1,[6 1],95,115,116,20,101
1,<environment.Job instance at 0x1504c03254b0>,58,1,[5 2],97,116,117,19,101
1,<environment.Job instance at 0x1504c022a230>,60,3,[2 5],104,130,133,26,104
1,<environment.Job instance at 0x1504cf88d9b0>,54,18,[8 2],92,116,134,24,106
1,<environment.Job instance at 0x1504c04d3e10>,69,1,[2 5],115,130,131,15,115
1,<environment.Job instance at 0x1504c04d3910>,71,2,[10  1],117,134,136,17,117
1,<environment.Job instance at 0x1504c3b9fa50>,73,2,[7 2],119,136,138,17,119
1,<environment.Job instance at 0x1504c1861140>,74,1,[9 2],120,138,139,18,120
1,<environment.Job instance at 0x1504cf972960>,62,1,[2 9],107,133,134,26,122
1,<environment.Job instance at 0x1504c07a3dc0>,78,3,[2 9],126,134,137,8,127
1,<environment.Job instance at 0x1504c0a8b410>,80,3,[ 2 12],130,137,140,7,130
1,<environment.Job instance at 0x1504c159c5f0>,81,3,[9 1],131,139,142,8,131
1,<environment.Job instance at 0x1504cee47960>,8,18,[10  2],12,142,160,130,133
1,<environment.Job instance at 0x1504c0354a50>,86,17,[1 6],140,140,157,0,140
1,<environment.Job instance at 0x1504c3bd3190>,83,2,[5 1],137,157,159,20,141
1,<environment.Job instance at 0x1504c0354780>,87,17,[10  2],141,160,177,19,148
1,<environment.Job instance at 0x1504c154c6e0>,90,3,[9 1],147,177,180,30,151
1,<environment.Job instance at 0x1504c0df5b90>,88,12,[1 7],142,178,190,36,178
1,<environment.Job instance at 0x1504c0380320>,91,27,[9 2],148,182,209,34,182
1,<environment.Job instance at 0x1504c0380140>,89,2,[11  1],144,338,340,194,338
1,<environment.Job instance at 0x1504c1597cd0>,6,3,[1 9],7,9,12,2,9
1,<environment.Job instance at 0x1504c1597b40>,8,1,[2 9],9,12,13,3,9
1,<environment.Job instance at 0x1504c5107d70>,19,2,[1 5],23,37,39,14,37
1,<environment.Job instance at 0x1504c5107aa0>,18,1,[9 1],22,37,38,15,37
1,<environment.Job instance at 0x1504c4ca6910>,21,3,[7 2],26,41,44,15,41
1,<environment.Job instance at 0x1504c5107460>,20,1,[6 2],24,41,42,17,41
1,<environment.Job instance at 0x1504c36f72d0>,23,19,[5 1],28,42,61,14,41
1,<environment.Job instance at 0x1504c14ff640>,24,1,[5 2],30,44,45,14,41
1,<environment.Job instance at 0x1504c15970f0>,7,3,[8 1],8,45,48,37,41
1,<environment.Job instance at 0x1504c0c61f50>,25,3,[1 8],32,41,44,9,41
1,<environment.Job instance at 0x1504c4c21640>,27,20,[10  2],34,48,68,14,41
1,<environment.Job instance at 0x1504c0a33140>,28,15,[2 8],35,61,76,26,47
1,<environment.Job instance at 0x1504c3aab7d0>,29,1,[1 5],37,47,48,10,47
1,<environment.Job instance at 0x1504c39bd550>,30,1,[7 2],38,68,69,30,47
1,<environment.Job instance at 0x1504c36c95a0>,31,3,[ 2 10],40,76,79,36,50
1,<environment.Job instance at 0x1504cf8f67d0>,32,1,[6 2],41,68,69,27,55
1,<environment.Job instance at 0x1504e1922c30>,34,3,[2 7],45,69,72,24,55
1,<environment.Job instance at 0x1504c3b87af0>,35,15,[7 2],46,72,87,26,58
1,<environment.Job instance at 0x1504cf8f71e0>,36,13,[ 2 10],48,79,92,31,63
1,<environment.Job instance at 0x1504cf8f7a50>,37,1,[1 5],51,64,65,13,64
1,<environment.Job instance at 0x1504cf8f7aa0>,38,21,[6 2],52,72,93,20,64
1,<environment.Job instance at 0x1504c08825f0>,33,3,[10  2],43,93,96,50,67
1,<environment.Job instance at 0x1504c08ade60>,40,1,[8 2],55,92,93,37,81
1,<environment.Job instance at 0x1504c08adcd0>,42,1,[1 6],57,92,93,35,81
1,<environment.Job instance at 0x1504c04d2eb0>,43,1,[ 1 10],62,93,94,31,82
1,<environment.Job instance at 0x1504cf8f7eb0>,39,16,[6 1],54,96,112,42,83
1,<environment.Job instance at 0x1504c04d2b90>,45,3,[7 1],64,87,90,23,85
1,<environment.Job instance at 0x1504c04d2190>,46,1,[ 1 10],65,94,95,29,85
1,<environment.Job instance at 0x1504c15c3d20>,47,18,[6 1],66,96,114,30,85
1,<environment.Job instance at 0x1504c15c3b40>,48,3,[2 9],67,95,98,28,85
1,<environment.Job instance at 0x1504c0d122d0>,49,14,[ 1 10],68,98,112,30,85
1,<environment.Job instance at 0x1504c15c3a50>,50,18,[2 8],69,112,130,43,101
1,<environment.Job instance at 0x1504c15c3280>,52,18,[8 1],72,114,132,42,103
1,<environment.Job instance at 0x1504c15c39b0>,53,2,[6 2],73,112,114,39,103
1,<environment.Job instance at 0x1505140d3690>,54,16,[6 2],75,130,146,55,117
1,<environment.Job instance at 0x1505140d3d20>,55,2,[2 6],76,117,119,41,117
1,<environment.Job instance at 0x1505140d3500>,56,2,[9 1],78,132,134,54,118
1,<environment.Job instance at 0x1505140d3550>,57,2,[8 1],80,134,136,54,118
1,<environment.Job instance at 0x1505140d3370>,58,1,[ 1 10],83,130,131,47,118
1,<environment.Job instance at 0x1504c08bfe60>,60,1,[8 1],85,136,137,51,118
1,<environment.Job instance at 0x1504cf8df8c0>,61,3,[2 7],86,137,140,51,118
1,<environment.Job instance at 0x1504c0e49690>,62,14,[1 9],88,140,154,52,125
1,<environment.Job instance at 0x1504cc029af0>,64,1,[2 7],93,154,155,61,126
1,<environment.Job instance at 0x1504cc029cd0>,65,12,[5 2],94,137,149,43,126
1,<environment.Job instance at 0x1504cc029c80>,66,16,[2 6],95,149,165,54,136
1,<environment.Job instance at 0x1505140d34b0>,59,1,[8 1],84,146,147,62,140
1,<environment.Job instance at 0x1504cc029a50>,67,23,[1 9],96,155,178,59,149
1,<environment.Job instance at 0x1504c03e2370>,69,3,[2 9],102,178,181,76,152
1,<environment.Job instance at 0x1504cf8acb90>,70,1,[8 2],104,154,155,50,154
1,<environment.Job instance at 0x1504cf8accd0>,71,3,[7 1],106,165,168,59,156
1,<environment.Job instance at 0x1504c030b1e0>,72,3,[ 2 10],109,181,184,72,156
1,<environment.Job instance at 0x1504c0a4a0a0>,73,3,[7 2],111,165,168,54,156
1,<environment.Job instance at 0x1504e221f5a0>,74,3,[9 2],113,168,171,55,158
1,<environment.Job instance at 0x1504c0d71cd0>,76,13,[1 5],117,171,184,54,158
1,<environment.Job instance at 0x1504c0c25a00>,77,1,[2 7],118,184,185,66,158
1,<environment.Job instance at 0x1504cf7b33c0>,78,2,[2 5],119,184,186,65,158
1,<environment.Job instance at 0x1504e1944870>,79,3,[1 8],120,185,188,65,159
1,<environment.Job instance at 0x1504e1944140>,80,1,[10  2],121,184,185,63,159
1,<environment.Job instance at 0x1504e1944050>,81,18,[1 8],123,188,206,65,178
1,<environment.Job instance at 0x1504c3bd6b90>,82,17,[10  2],125,185,202,60,178
1,<environment.Job instance at 0x1504c3bd6a00>,83,3,[9 2],126,202,205,76,178
1,<environment.Job instance at 0x1504c3bd6640>,84,12,[8 1],127,205,217,78,188
1,<environment.Job instance at 0x1504c3bd6e60>,85,2,[6 2],128,205,207,77,188
1,<environment.Job instance at 0x1504c3bd6280>,86,16,[ 2 10],133,207,223,74,194
1,<environment.Job instance at 0x1504c36c03c0>,87,13,[8 1],134,217,230,83,202
1,<environment.Job instance at 0x1504c36c0b90>,88,2,[2 6],135,223,225,88,202
1,<environment.Job instance at 0x1504c36c0320>,89,17,[2 7],138,223,240,85,211
1,<environment.Job instance at 0x1504c36c0870>,90,1,[2 9],139,240,241,101,212
1,<environment.Job instance at 0x1504c36c07d0>,91,1,[2 6],140,225,226,85,213
1,<environment.Job instance at 0x1504c3a2e0f0>,92,2,[1 8],141,230,232,89,213
1,<environment.Job instance at 0x1504c03c9280>,93,1,[8 2],143,232,233,89,213
1,<environment.Job instance at 0x1504c05c93c0>,94,13,[1 9],144,241,254,97,225
1,<environment.Job instance at 0x1504c05c9730>,95,2,[2 8],146,233,235,87,225
1,<environment.Job instance at 0x1504c0602140>,96,2,[7 2],147,235,237,88,225
1,<environment.Job instance at 0x1504c05c9550>,97,2,[13  1],148,237,239,89,225
1,<environment.Job instance at 0x1504c0602a50>,98,2,[1 7],149,226,228,77,225
1,<environment.Job instance at 0x1504e28d9410>,75,3,[1 6],116,245,248,129,245
1,<environment.Job instance at 0x1504cc029370>,63,3,[1 6],92,251,254,159,251
1,<environment.Job instance at 0x1504c36e0910>,16,14,[ 1 12],20,354,368,334,354
1,<environment.Job instance at 0x1504c3b87e10>,6,15,[5 2],10,12,27,2,12
1,<environment.Job instance at 0x1504c367de10>,19,15,[7 2],28,31,46,3,31
1,<environment.Job instance at 0x1504c3b87780>,22,24,[9 2],31,46,70,15,41
1,<environment.Job instance at 0x1504e24ee4b0>,25,2,[6 2],35,41,43,6,41
1,<environment.Job instance at 0x1504c0be6aa0>,27,14,[9 1],39,70,84,31,55
1,<environment.Job instance at 0x1504c03b9500>,35,2,[1 5],49,55,57,6,55
1,<environment.Job instance at 0x1504c03b90a0>,36,2,[6 1],50,57,59,7,56
1,<environment.Job instance at 0x1504c0ce2230>,39,1,[ 2 10],55,59,60,4,57
1,<environment.Job instance at 0x1504c0ce2c30>,40,2,[2 8],58,60,62,2,58
1,<environment.Job instance at 0x1504c4c6da50>,41,16,[8 1],60,84,100,24,71
1,<environment.Job instance at 0x1504c0316d70>,51,2,[5 1],75,75,77,0,75
1,<environment.Job instance at 0x1504c0316af0>,52,17,[6 2],76,77,94,1,76
1,<environment.Job instance at 0x1504cd6e6780>,57,23,[2 9],82,94,117,12,88
1,<environment.Job instance at 0x1504c0e53be0>,58,15,[5 2],83,94,109,11,88
1,<environment.Job instance at 0x1504c3a26f50>,59,2,[7 1],84,100,102,16,88
1,<environment.Job instance at 0x1504c3bd38c0>,60,1,[1 6],86,88,89,2,88
1,<environment.Job instance at 0x1504c3bd3280>,61,2,[6 2],87,102,104,15,88
1,<environment.Job instance at 0x1504c151d320>,68,3,[2 7],101,117,120,16,101
1,<environment.Job instance at 0x1504c207fa50>,69,1,[1 6],102,109,110,7,102
1,<environment.Job instance at 0x1504c07996e0>,71,1,[10  1],107,110,111,3,107
1,<environment.Job instance at 0x1504c3c4e050>,74,12,[8 1],110,111,123,1,110
1,<environment.Job instance at 0x1504c0c9b140>,80,3,[13  1],117,123,126,6,117
1,<environment.Job instance at 0x1504c0be68c0>,29,1,[10  2],41,126,127,85,120
1,<environment.Job instance at 0x1504c0c9b370>,81,3,[2 9],118,123,126,5,123
1,<environment.Job instance at 0x1504c06828c0>,96,3,[6 2],143,143,146,0,143
1,<environment.Job instance at 0x1504c0682f00>,97,1,[9 2],147,148,149,1,148
1,<environment.Job instance at 0x1504c0682c80>,98,1,[2 9],148,148,149,0,148
1,<environment.Job instance at 0x1504c0682f50>,95,3,[ 2 10],142,180,183,38,180
1,<environment.Job instance at 0x1504c0c59d70>,17,2,[ 1 10],26,946,948,920,946
1,<environment.Job instance at 0x1504c0e9c1e0>,2,1,[1 8],6,9,10,3,9
1,<environment.Job instance at 0x1504c0e9c280>,4,19,[8 1],8,12,31,4,12
1,<environment.Job instance at 0x1504c0e9c5a0>,6,1,[1 6],10,12,13,2,12
1,<environment.Job instance at 0x1504c0e9c190>,9,15,[ 1 10],13,13,28,0,13
1,<environment.Job instance at 0x1504c0e9c370>,10,1,[5 1],14,14,15,0,14
1,<environment.Job instance at 0x1504c15a5f00>,11,2,[2 7],15,28,30,13,15
1,<environment.Job instance at 0x1504c15a5500>,12,2,[9 1],16,31,33,15,16
1,<environment.Job instance at 0x1504c15a5b40>,13,1,[1 8],17,30,31,13,17
1,<environment.Job instance at 0x1504c15a5460>,14,2,[10  2],18,33,35,15,18
1,<environment.Job instance at 0x1504c15a5960>,15,1,[9 2],19,35,36,16,19
1,<environment.Job instance at 0x1504c0e9cb90>,16,14,[2 7],20,31,45,11,20
1,<environment.Job instance at 0x1504c4b5e9b0>,18,23,[5 2],24,36,59,12,30
1,<environment.Job instance at 0x1504c0366c80>,19,2,[2 9],26,45,47,19,30
1,<environment.Job instance at 0x1504cf85f5f0>,20,3,[9 1],27,47,50,20,30
1,<environment.Job instance at 0x1504c0e9cd70>,5,1,[8 2],9,37,38,28,37
1,<environment.Job instance at 0x1504c08a32d0>,21,17,[2 6],28,50,67,22,38
1,<environment.Job instance at 0x1504cedaf5f0>,23,17,[1 9],31,59,76,28,47
1,<environment.Job instance at 0x1504cedafeb0>,25,12,[11  1],33,67,79,34,50
1,<environment.Job instance at 0x1504c0220dc0>,26,18,[2 9],34,76,94,42,67
1,<environment.Job instance at 0x1504c0ca4320>,29,16,[5 1],38,79,95,41,67
1,<environment.Job instance at 0x1504c0ca4dc0>,30,28,[5 2],39,79,107,40,79
1,<environment.Job instance at 0x1504c0ca42d0>,31,3,[7 2],41,95,98,54,79
1,<environment.Job instance at 0x1504c0ca44b0>,32,2,[2 7],42,94,96,52,79
1,<environment.Job instance at 0x1504c0ca47d0>,33,3,[2 9],44,96,99,52,79
1,<environment.Job instance at 0x1504cee85370>,34,1,[10  2],45,99,100,54,79
1,<environment.Job instance at 0x1504cee85690>,35,2,[ 1 10],48,100,102,52,79
1,<environment.Job instance at 0x1504cee85b90>,36,1,[9 2],49,100,101,51,79
1,<environment.Job instance at 0x1504cee85b40>,37,17,[2 5],53,102,119,49,90
1,<environment.Job instance at 0x1504cee85cd0>,38,18,[ 2 10],54,107,125,53,96
1,<environment.Job instance at 0x1504cee85af0>,39,1,[ 1 10],56,125,126,69,97
1,<environment.Job instance at 0x1504c0d4c5a0>,40,1,[2 6],57,102,103,45,97
1,<environment.Job instance at 0x1504c0d4ca00>,41,1,[2 6],58,103,104,45,98
1,<environment.Job instance at 0x1504c0d4c820>,42,16,[10  2],60,119,135,59,106
1,<environment.Job instance at 0x1504c0d4cb90>,43,12,[1 9],61,126,138,65,109
1,<environment.Job instance at 0x1504c0d4cd70>,45,12,[1 5],63,135,147,72,118
1,<environment.Job instance at 0x1504c0d4c050>,46,2,[1 9],64,138,140,74,118
1,<environment.Job instance at 0x1504c0d4c640>,47,1,[5 1],65,135,136,70,118
1,<environment.Job instance at 0x1504c3bdc910>,48,3,[6 2],67,140,143,73,118
1,<environment.Job instance at 0x1504c3bdc190>,49,2,[2 7],68,140,142,72,119
1,<environment.Job instance at 0x1504c3bdc2d0>,50,16,[10  1],70,143,159,73,130
1,<environment.Job instance at 0x1504c05aa050>,51,3,[2 8],71,142,145,71,130
1,<environment.Job instance at 0x1504c05aa190>,52,26,[2 6],72,145,171,73,143
1,<environment.Job instance at 0x1504c05aa820>,53,1,[2 6],73,147,148,74,143
1,<environment.Job instance at 0x1504c05aabe0>,54,15,[8 2],74,159,174,85,145
1,<environment.Job instance at 0x1504c05aa8c0>,55,3,[ 2 10],75,171,174,96,145
1,<environment.Job instance at 0x1504c05aa320>,56,14,[1 5],76,148,162,72,146
1,<environment.Job instance at 0x1504c05aacd0>,57,1,[ 2 10],77,174,175,97,146
1,<environment.Job instance at 0x1504c05aa910>,58,3,[ 2 10],78,175,178,97,149
1,<environment.Job instance at 0x1504c05aa280>,59,2,[5 1],79,162,164,83,149
1,<environment.Job instance at 0x1504c3b381e0>,60,12,[1 9],82,178,190,96,161
1,<environment.Job instance at 0x1504c0e44550>,62,21,[2 7],84,190,211,106,183
1,<environment.Job instance at 0x1504c0e44aa0>,63,3,[8 2],85,183,186,98,183
1,<environment.Job instance at 0x1504c0e440a0>,64,3,[1 7],86,190,193,104,183
1,<environment.Job instance at 0x1504c0e44a50>,65,2,[9 2],87,186,188,99,183
1,<environment.Job instance at 0x1504c0e449b0>,66,2,[7 1],88,188,190,100,183
1,<environment.Job instance at 0x1504c0e44af0>,67,1,[1 6],89,193,194,104,183
1,<environment.Job instance at 0x1504c0e44e60>,68,27,[2 7],90,194,221,104,192
1,<environment.Job instance at 0x1504c0e44820>,69,1,[1 9],91,221,222,130,193
1,<environment.Job instance at 0x1504c0e44050>,70,13,[1 6],92,211,224,119,197
1,<environment.Job instance at 0x1504c0e44690>,71,3,[5 1],93,198,201,105,198
1,<environment.Job instance at 0x1504c0e44190>,72,15,[7 2],94,222,237,128,208
1,<environment.Job instance at 0x1504c5092f00>,73,2,[1 6],97,222,224,125,208
1,<environment.Job instance at 0x1504c154c8c0>,74,16,[2 7],100,224,240,124,211
1,<environment.Job instance at 0x1504c182c3c0>,75,3,[ 2 13],104,240,243,136,214
1,<environment.Job instance at 0x1504ced22050>,76,2,[2 8],105,237,239,132,214
1,<environment.Job instance at 0x1504c15ef190>,77,3,[10  1],106,214,217,108,214
1,<environment.Job instance at 0x1504c08829b0>,24,3,[ 2 12],32,243,246,211,231
1,<environment.Job instance at 0x1504c182cf00>,78,21,[1 5],109,246,267,137,238
1,<environment.Job instance at 0x1504cf85e2d0>,81,2,[1 6],112,246,248,134,238
1,<environment.Job instance at 0x1504cf85ee10>,82,2,[5 2],113,239,241,126,239
1,<environment.Job instance at 0x1504cef376e0>,83,1,[5 1],114,239,240,125,239
1,<environment.Job instance at 0x1504cef37500>,84,3,[8 1],115,241,244,126,239
1,<environment.Job instance at 0x1504cef37410>,85,3,[10  1],116,244,247,128,240
1,<environment.Job instance at 0x1504c4c02780>,86,13,[1 9],117,248,261,131,240
1,<environment.Job instance at 0x1504c2aee1e0>,87,3,[9 2],120,261,264,141,240
1,<environment.Job instance at 0x1504c2aeed20>,88,3,[5 1],121,241,244,120,240
1,<environment.Job instance at 0x1504c0b91f00>,89,2,[5 1],123,247,249,124,240
1,<environment.Job instance at 0x1504c4c21b90>,90,3,[1 9],124,264,267,140,240
1,<environment.Job instance at 0x1504c15ecaa0>,91,2,[1 9],125,267,269,142,240
1,<environment.Job instance at 0x1504cee9a370>,92,3,[ 2 10],126,269,272,143,243
1,<environment.Job instance at 0x1504c0873550>,93,3,[2 6],127,261,264,134,243
1,<environment.Job instance at 0x1504c0873f50>,94,2,[2 8],128,272,274,144,245
1,<environment.Job instance at 0x1504c0873910>,95,2,[1 8],129,274,276,145,248
1,<environment.Job instance at 0x1504c370d500>,96,2,[7 1],130,249,251,119,248
1,<environment.Job instance at 0x1504c0c8d280>,97,2,[2 9],131,276,278,145,249
1,<environment.Job instance at 0x1504cc03f550>,98,1,[1 7],132,272,273,140,249
1,<environment.Job instance at 0x1504cc03fe10>,99,2,[7 1],133,251,253,118,249
1,<environment.Job instance at 0x1504c09a38c0>,100,13,[8 2],134,273,286,139,257
1,<environment.Job instance at 0x1504c09a34b0>,101,3,[2 6],135,278,281,143,257
1,<environment.Job instance at 0x1504c09a3910>,102,3,[6 2],137,267,270,130,257
1,<environment.Job instance at 0x1504e192ea50>,103,3,[1 9],138,281,284,143,257
1,<environment.Job instance at 0x1504c09a3730>,104,3,[1 7],140,278,281,138,257
1,<environment.Job instance at 0x1504e192ec80>,105,2,[2 7],142,284,286,142,257
1,<environment.Job instance at 0x1504c15eacd0>,106,1,[2 7],143,286,287,143,258
1,<environment.Job instance at 0x1504cf85e410>,80,3,[10  1],111,264,267,153,259
1,<environment.Job instance at 0x1504c15ea370>,107,2,[5 1],144,267,269,123,260
1,<environment.Job instance at 0x1504c0b17140>,109,1,[ 1 10],148,287,288,139,260
1,<environment.Job instance at 0x1504c39f3230>,110,3,[10  2],149,286,289,137,260
1,<environment.Job instance at 0x1504c0e9caf0>,0,14,[13  1],3,345,359,342,345
1,<environment.Job instance at 0x1504c0e9c230>,2,22,[2 8],4,4,26,0,4
1,<environment.Job instance at 0x1504c1619460>,10,13,[9 1],16,17,30,1,17
1,<environment.Job instance at 0x1504c1619550>,11,1,[ 1 10],17,26,27,9,17
1,<environment.Job instance at 0x1504c1619c30>,12,1,[10  2],18,30,31,12,18
1,<environment.Job instance at 0x1504c1619050>,13,16,[5 1],19,26,42,7,19
1,<environment.Job instance at 0x1504c1619280>,14,3,[6 1],20,31,34,11,20
1,<environment.Job instance at 0x1504cc27fe60>,17,3,[1 7],25,27,30,2,25
1,<environment.Job instance at 0x1504c3bbd3c0>,18,2,[8 1],27,34,36,7,28
1,<environment.Job instance at 0x1504c36fb780>,19,3,[9 2],28,36,39,8,28
1,<environment.Job instance at 0x1504c0861730>,16,2,[2 8],23,31,33,8,28
1,<environment.Job instance at 0x1504c1619d20>,5,2,[ 1 12],7,34,36,27,34
1,<environment.Job instance at 0x1504c0ebbc80>,22,13,[7 2],34,39,52,5,34
1,<environment.Job instance at 0x1504c4d27c30>,25,3,[8 1],37,42,45,5,37
1,<environment.Job instance at 0x1504c3ac78c0>,32,1,[5 1],46,46,47,0,46
1,<environment.Job instance at 0x1504c0cb4230>,35,15,[9 2],50,52,67,2,50
1,<environment.Job instance at 0x1504c367d8c0>,37,1,[ 1 10],53,53,54,0,53
1,<environment.Job instance at 0x1504c4c83230>,38,16,[8 1],55,67,83,12,55
1,<environment.Job instance at 0x1504c50da460>,41,1,[5 1],58,58,59,0,58
1,<environment.Job instance at 0x1504e28cbfa0>,43,18,[5 2],60,60,78,0,60
1,<environment.Job instance at 0x1504c157b820>,44,2,[6 2],65,78,80,13,65
1,<environment.Job instance at 0x1504e28cbf50>,45,12,[2 8],66,80,92,14,66
1,<environment.Job instance at 0x1504c4d4f500>,49,15,[5 2],72,80,95,8,72
1,<environment.Job instance at 0x1504c4d4f910>,51,2,[8 1],74,83,85,9,74
1,<environment.Job instance at 0x1504c4d4f7d0>,53,2,[5 1],76,85,87,9,79
1,<environment.Job instance at 0x1504c3ae0af0>,56,3,[9 2],80,92,95,12,80
1,<environment.Job instance at 0x1504c35f2140>,58,1,[10  1],85,98,99,13,98
1,<environment.Job instance at 0x1504c3ac7640>,30,14,[2 5],42,98,112,56,98
1,<environment.Job instance at 0x1504c3ae0a00>,59,14,[6 1],86,99,113,13,98
1,<environment.Job instance at 0x1504cc258500>,61,2,[2 6],89,100,102,11,100
1,<environment.Job instance at 0x1504c0bc37d0>,63,3,[1 9],91,102,105,11,102
1,<environment.Job instance at 0x1504c0bc3dc0>,64,2,[7 2],92,127,129,35,127
1,<environment.Job instance at 0x1504c3ae03c0>,65,2,[9 1],94,155,157,61,155
1,<environment.Job instance at 0x1504c39edfa0>,66,2,[2 6],98,157,159,59,157
1,<environment.Job instance at 0x1504c09175f0>,67,3,[2 7],100,158,161,58,158
1,<environment.Job instance at 0x1504ced26f00>,68,3,[6 2],102,165,168,63,165
1,<environment.Job instance at 0x1504cc270a00>,69,3,[2 5],104,176,179,72,176
1,<environment.Job instance at 0x1504c209db90>,70,21,[1 9],105,178,199,73,178
1,<environment.Job instance at 0x1504c0a0da00>,71,1,[2 6],107,179,180,72,178
1,<environment.Job instance at 0x1504c50f8cd0>,72,2,[9 1],108,180,182,72,178
1,<environment.Job instance at 0x1504c15650f0>,73,16,[ 1 10],110,199,215,89,186
1,<environment.Job instance at 0x1504cef95280>,74,18,[10  1],111,187,205,76,187
1,<environment.Job instance at 0x1504cef95a50>,75,2,[7 2],112,205,207,93,187
1,<environment.Job instance at 0x1504cef95f00>,76,2,[13  2],113,207,209,94,187
1,<environment.Job instance at 0x1504cee98690>,77,15,[10  2],114,209,224,95,195
1,<environment.Job instance at 0x1504c4c21050>,79,16,[1 8],117,215,231,98,202
1,<environment.Job instance at 0x1504cee98dc0>,78,3,[7 2],116,224,227,108,202
1,<environment.Job instance at 0x1504cee98aa0>,80,3,[5 1],119,224,227,105,202
1,<environment.Job instance at 0x1504c4c21be0>,82,1,[5 2],122,205,206,83,202
1,<environment.Job instance at 0x1504c4c210a0>,83,3,[6 2],123,227,230,104,204
1,<environment.Job instance at 0x1504c4c21820>,84,18,[1 7],124,230,248,106,220
1,<environment.Job instance at 0x1504c4c21550>,85,16,[9 1],126,231,247,105,220
1,<environment.Job instance at 0x1504c4d77410>,86,1,[1 9],127,248,249,121,220
1,<environment.Job instance at 0x1504c4d77d70>,87,1,[8 1],128,227,228,99,221
1,<environment.Job instance at 0x1504c4d77780>,88,2,[9 1],130,247,249,117,221
1,<environment.Job instance at 0x1504c4d771e0>,89,1,[1 6],131,231,232,100,221
1,<environment.Job instance at 0x1504c20acb90>,90,2,[1 5],132,221,223,89,221
1,<environment.Job instance at 0x1504c20ac550>,91,3,[6 1],133,249,252,116,224
1,<environment.Job instance at 0x1504c20ac0f0>,92,16,[6 2],134,249,265,115,238
1,<environment.Job instance at 0x1504cedae8c0>,93,2,[1 7],136,238,240,102,238
1,<environment.Job instance at 0x1504cedaed20>,94,3,[1 6],137,240,243,103,238
1,<environment.Job instance at 0x1504cedae730>,95,1,[7 1],138,252,253,114,240
1,<environment.Job instance at 0x1504cedae9b0>,96,13,[7 1],139,253,266,114,240
1,<environment.Job instance at 0x1504cedae870>,97,1,[ 2 10],141,249,250,108,240
1,<environment.Job instance at 0x1504c0cb7410>,98,14,[10  2],142,266,280,124,251
1,<environment.Job instance at 0x1504c4c215a0>,81,1,[2 9],121,251,252,130,251
1,<environment.Job instance at 0x1504c0cb7aa0>,99,1,[2 8],143,254,255,111,254
1,<environment.Job instance at 0x1504c0cb7140>,101,1,[2 8],145,255,256,110,254
1,<environment.Job instance at 0x1504c3ab15a0>,102,3,[2 7],146,256,259,110,254
1,<environment.Job instance at 0x1504cf831190>,103,1,[10  2],147,280,281,133,254
1,<environment.Job instance at 0x1504cf831960>,104,13,[2 7],148,259,272,111,254
1,<environment.Job instance at 0x1504c06058c0>,105,2,[8 1],149,281,283,132,254
1,<environment.Job instance at 0x1504c3ab1e60>,100,3,[7 2],144,286,289,142,286
1,<environment.Job instance at 0x1504cf9cbfa0>,57,13,[ 1 14],82,389,402,307,389
1,<environment.Job instance at 0x1504c0ea1820>,5,18,[1 6],7,7,25,0,7
1,<environment.Job instance at 0x1504c0ea1eb0>,6,3,[9 1],8,8,11,0,8
1,<environment.Job instance at 0x1504c0ea1370>,7,3,[9 1],9,11,14,2,9
1,<environment.Job instance at 0x1504c0ea17d0>,8,15,[14  1],10,14,29,4,10
1,<environment.Job instance at 0x1504c0ea1b90>,9,1,[7 1],11,29,30,18,11
1,<environment.Job instance at 0x1504c0ea1410>,10,14,[1 8],13,25,39,12,13
1,<environment.Job instance at 0x1504c0ea1870>,11,3,[10  1],15,30,33,15,15
1,<environment.Job instance at 0x1504c0ea1140>,12,3,[ 1 10],17,39,42,22,17
1,<environment.Job instance at 0x1504c0ea15a0>,13,1,[7 1],18,29,30,11,18
1,<environment.Job instance at 0x1504c0ea12d0>,14,18,[ 2 10],21,42,60,21,31
1,<environment.Job instance at 0x1504c0ea10f0>,15,12,[5 1],23,33,45,10,31
1,<environment.Job instance at 0x1504c0ea1be0>,16,3,[9 2],24,33,36,9,31
1,<environment.Job instance at 0x1504c0ea18c0>,17,3,[8 1],26,36,39,10,31
1,<environment.Job instance at 0x1504c0ea1d70>,3,2,[2 9],4,60,62,56,42
1,<environment.Job instance at 0x1504c0cabc30>,19,2,[5 1],29,43,45,14,43
1,<environment.Job instance at 0x1504c0cab500>,18,18,[1 9],28,62,80,34,51
1,<environment.Job instance at 0x1504c0bbce10>,21,22,[1 7],32,80,102,48,73
1,<environment.Job instance at 0x1504c0bbc460>,22,1,[10  2],35,73,74,38,73
1,<environment.Job instance at 0x1504c0cab870>,20,3,[1 9],31,102,105,71,93
1,<environment.Job instance at 0x1504c0bbcaf0>,24,3,[8 1],37,101,104,64,101
1,<environment.Job instance at 0x1504c0bbcd20>,23,28,[2 9],36,106,134,70,106
1,<environment.Job instance at 0x1504e24e73c0>,26,1,[2 7],39,134,135,95,106
1,<environment.Job instance at 0x1504e24e7be0>,28,1,[7 1],41,106,107,65,106
1,<environment.Job instance at 0x1504e24e7fa0>,29,2,[9 1],42,107,109,65,106
1,<environment.Job instance at 0x1504e24e7f50>,30,1,[5 1],44,106,107,62,106
1,<environment.Job instance at 0x1504e24e7b40>,31,1,[2 7],45,134,135,89,106
1,<environment.Job instance at 0x1504e24e7e60>,32,15,[5 1],46,109,124,63,107
1,<environment.Job instance at 0x1504e24e7dc0>,33,1,[10  1],47,124,125,77,107
1,<environment.Job instance at 0x1504e24e7780>,34,1,[6 2],48,109,110,61,107
1,<environment.Job instance at 0x1504e24e75f0>,35,13,[ 2 10],49,135,148,86,119
1,<environment.Job instance at 0x1504e24e74b0>,36,3,[ 1 10],50,148,151,98,122
1,<environment.Job instance at 0x1504c056aa50>,37,17,[1 7],51,151,168,100,139
1,<environment.Job instance at 0x1504c3bef0a0>,38,2,[1 9],52,168,170,116,141
1,<environment.Job instance at 0x1504c5981f50>,39,3,[1 7],56,151,154,95,141
1,<environment.Job instance at 0x1504c0ba9910>,40,1,[5 1],58,141,142,83,141
1,<environment.Job instance at 0x1504c1513d70>,41,22,[5 2],59,154,176,95,147
1,<environment.Job instance at 0x1504e28c8c30>,42,1,[5 1],60,147,148,87,147
1,<environment.Job instance at 0x1504c1513a50>,43,2,[1 6],62,154,156,92,147
1,<environment.Job instance at 0x1504e24e7500>,44,12,[ 1 10],64,170,182,106,153
1,<environment.Job instance at 0x1504e24e7050>,45,1,[ 1 11],66,182,183,116,154
1,<environment.Job instance at 0x1504c4c585f0>,46,13,[6 1],67,156,169,89,154
1,<environment.Job instance at 0x1504c4c58460>,47,19,[7 2],68,169,188,101,159
1,<environment.Job instance at 0x1504c4c58320>,48,13,[5 2],69,176,189,107,160
1,<environment.Job instance at 0x1504c4c58c80>,49,13,[9 2],70,188,201,118,172
1,<environment.Job instance at 0x1504c3bc7370>,50,1,[2 6],71,183,184,112,172
1,<environment.Job instance at 0x1504c4c60640>,51,12,[1 8],72,184,196,112,172
1,<environment.Job instance at 0x1504c4c581e0>,52,1,[2 5],73,189,190,116,172
1,<environment.Job instance at 0x1504c0ec70a0>,53,17,[1 8],75,196,213,121,184
1,<environment.Job instance at 0x1504c09f8910>,54,2,[10  1],76,201,203,125,184
1,<environment.Job instance at 0x1504e24e7190>,27,2,[ 1 10],40,213,215,173,195
1,<environment.Job instance at 0x1504c09f8af0>,55,25,[7 2],78,203,228,125,199
1,<environment.Job instance at 0x1504c09f8c30>,57,3,[2 9],80,215,218,135,199
1,<environment.Job instance at 0x1504c09f8410>,58,3,[1 6],81,218,221,137,199
1,<environment.Job instance at 0x1504c4d403c0>,59,18,[ 1 12],82,221,239,139,210
1,<environment.Job instance at 0x1504c4d405a0>,60,2,[ 1 10],83,239,241,156,212
1,<environment.Job instance at 0x1504c0350190>,61,1,[2 9],84,241,242,157,213
1,<environment.Job instance at 0x1504c0b9e730>,62,21,[10  1],85,228,249,143,220
1,<environment.Job instance at 0x1504c09f82d0>,56,1,[ 2 10],79,242,243,163,223
1,<environment.Job instance at 0x1504c03574b0>,63,14,[1 8],87,243,257,156,228
1,<environment.Job instance at 0x1504c3c78960>,66,1,[9 2],90,249,250,159,229
1,<environment.Job instance at 0x1504c0357730>,67,2,[5 1],91,249,251,158,229
1,<environment.Job instance at 0x1504c033c0f0>,68,14,[2 9],92,257,271,165,242
1,<environment.Job instance at 0x1504c033c8c0>,69,3,[1 5],94,243,246,149,243
1,<environment.Job instance at 0x1504c033c960>,70,15,[10  1],95,251,266,156,243
1,<environment.Job instance at 0x1504c3c78280>,65,2,[7 1],89,266,268,177,251
1,<environment.Job instance at 0x1504c033c3c0>,71,17,[1 9],98,271,288,173,259
1,<environment.Job instance at 0x1504c033c820>,73,3,[6 1],100,266,269,166,259
1,<environment.Job instance at 0x1504c033ce10>,74,3,[8 2],103,269,272,166,260
1,<environment.Job instance at 0x1504c033c640>,75,18,[7 1],105,272,290,167,263
1,<environment.Job instance at 0x1504cf97aaa0>,76,3,[2 5],106,263,266,157,263
1,<environment.Job instance at 0x1504cf97a1e0>,77,1,[1 6],107,288,289,181,264
1,<environment.Job instance at 0x1504c20ae8c0>,78,2,[8 1],108,289,291,181,264
1,<environment.Job instance at 0x1504c20ae910>,79,2,[1 7],109,290,292,181,265
1,<environment.Job instance at 0x1504c20ae5f0>,81,2,[7 1],111,272,274,161,267
1,<environment.Job instance at 0x1504c20ae780>,82,1,[ 2 12],112,292,293,180,267
1,<environment.Job instance at 0x1504c20ae370>,83,2,[ 1 10],113,293,295,180,268
1,<environment.Job instance at 0x1504c20ae730>,84,13,[6 1],114,274,287,160,268
1,<environment.Job instance at 0x1504c20aea50>,85,2,[1 5],115,287,289,172,268
1,<environment.Job instance at 0x1504c20ae2d0>,86,2,[6 1],116,290,292,174,268
1,<environment.Job instance at 0x1504cf8496e0>,87,3,[2 8],117,295,298,178,269
1,<environment.Job instance at 0x1504cf849320>,88,3,[1 7],118,295,298,177,269
1,<environment.Job instance at 0x1504cf849230>,89,3,[1 8],120,298,301,178,272
1,<environment.Job instance at 0x1504cf849d20>,90,3,[7 1],122,291,294,169,274
1,<environment.Job instance at 0x1504cf849500>,91,14,[2 7],123,298,312,175,283
1,<environment.Job instance at 0x1504cf849550>,92,12,[ 1 10],126,312,324,186,295
1,<environment.Job instance at 0x1504cf849460>,93,1,[ 2 10],127,324,325,197,304
1,<environment.Job instance at 0x1504c4d78140>,94,2,[1 9],129,325,327,196,307
1,<environment.Job instance at 0x1504c4d785a0>,95,2,[5 2],131,307,309,176,307
1,<environment.Job instance at 0x1504c4d78550>,96,2,[1 5],132,308,310,176,308
1,<environment.Job instance at 0x1504c20aeaa0>,80,2,[7 2],110,309,311,199,308
1,<environment.Job instance at 0x1504c4d78eb0>,98,2,[ 1 10],135,327,329,192,309
1,<environment.Job instance at 0x1504c3a897d0>,100,3,[2 9],137,329,332,192,309
1,<environment.Job instance at 0x1504c3a899b0>,101,1,[10  1],138,311,312,173,309
1,<environment.Job instance at 0x1504c3a89d70>,102,2,[2 9],139,332,334,193,312
1,<environment.Job instance at 0x1504c0623aa0>,103,3,[6 1],141,312,315,171,312
1,<environment.Job instance at 0x1504c4c65140>,104,2,[8 2],143,312,314,169,312
1,<environment.Job instance at 0x1504c3a89690>,105,3,[6 2],145,314,317,169,312
1,<environment.Job instance at 0x1504c50a7fa0>,106,2,[7 2],146,315,317,169,314
1,<environment.Job instance at 0x1504c50bd0f0>,107,3,[10  2],147,317,320,170,314
1,<environment.Job instance at 0x1504c0d71cd0>,1,1,[11  2],2,320,321,318,316
1,<environment.Job instance at 0x1504c0ea19b0>,4,17,[8 1],6,519,536,513,519
1,<environment.Job instance at 0x145820fb08c0>,24,12,[ 1 10],32,32,44,0,32
1,<environment.Job instance at 0x145820fb0960>,25,2,[2 8],34,44,46,10,34
1,<environment.Job instance at 0x145820fb0b40>,26,1,[2 7],35,44,45,9,35
1,<environment.Job instance at 0x145820fb0c80>,27,2,[2 7],36,45,47,9,36
1,<environment.Job instance at 0x145820fb0dc0>,28,2,[2 7],37,46,48,9,39
1,<environment.Job instance at 0x145820fb0f00>,30,15,[2 9],40,48,63,8,40
1,<environment.Job instance at 0x145820fb0f50>,31,3,[9 2],41,47,50,6,42
1,<environment.Job instance at 0x145820fb0af0>,32,3,[2 9],42,63,66,21,42
1,<environment.Job instance at 0x145820fb2460>,33,1,[2 7],43,66,67,23,43
1,<environment.Job instance at 0x145820fb23c0>,34,15,[11  1],44,50,65,6,45
1,<environment.Job instance at 0x145820fb2640>,35,2,[1 8],45,66,68,21,45
1,<environment.Job instance at 0x145820fb2690>,36,3,[10  2],48,67,70,19,48
1,<environment.Job instance at 0x145820fb2410>,37,2,[ 1 10],50,68,70,18,51
1,<environment.Job instance at 0x145820fb29b0>,38,1,[8 1],51,65,66,14,51
1,<environment.Job instance at 0x145820fb27d0>,39,3,[1 5],52,52,55,0,52
1,<environment.Job instance at 0x145820fb2a50>,40,3,[1 6],53,70,73,17,53
1,<environment.Job instance at 0x145820fb2af0>,41,25,[12  2],54,70,95,16,66
1,<environment.Job instance at 0x145820fb2cd0>,42,1,[10  1],56,95,96,39,67
1,<environment.Job instance at 0x145820fb2eb0>,43,3,[7 2],57,96,99,39,70
1,<environment.Job instance at 0x145820fb2e10>,44,3,[1 8],58,73,76,15,72
1,<environment.Job instance at 0x145820fb2f00>,45,3,[2 8],60,76,79,16,72
1,<environment.Job instance at 0x145820fb2e60>,46,2,[2 8],61,79,81,18,72
1,<environment.Job instance at 0x145820fb2c80>,47,1,[1 6],63,72,73,9,72
1,<environment.Job instance at 0x145820fb42d0>,48,1,[2 9],65,81,82,16,73
1,<environment.Job instance at 0x145820fb40a0>,49,16,[8 2],66,96,112,30,84
1,<environment.Job instance at 0x145820fb43c0>,50,12,[9 1],68,112,124,44,95
1,<environment.Job instance at 0x145820fb45a0>,51,2,[8 2],69,124,126,55,98
1,<environment.Job instance at 0x145820fb4730>,52,2,[1 7],72,100,102,28,100
1,<environment.Job instance at 0x145820fb4820>,53,3,[6 1],73,100,103,27,100
1,<environment.Job instance at 0x145820fb4910>,54,2,[2 5],75,103,105,28,100
1,<environment.Job instance at 0x145820fb4b40>,55,16,[2 5],76,103,119,27,100
1,<environment.Job instance at 0x145820fb4c80>,56,1,[10  2],79,126,127,47,100
1,<environment.Job instance at 0x145820fb4a50>,57,22,[1 5],80,105,127,25,100
1,<environment.Job instance at 0x145820fb4cd0>,58,15,[2 9],82,127,142,45,113
1,<environment.Job instance at 0x145820fb4fa0>,59,1,[1 9],85,119,120,34,113
1,<environment.Job instance at 0x145820fb4f00>,60,17,[8 1],86,127,144,41,115
1,<environment.Job instance at 0x145820fb4dc0>,61,3,[1 5],87,120,123,33,115
1,<environment.Job instance at 0x145820fb4f50>,62,3,[9 2],88,144,147,56,118
1,<environment.Job instance at 0x145820fb4d20>,63,3,[10  1],89,147,150,58,121
1,<environment.Job instance at 0x145820fb7140>,64,12,[9 1],91,150,162,59,133
1,<environment.Job instance at 0x145820fb7190>,65,3,[2 9],92,142,145,50,134
1,<environment.Job instance at 0x145820fb7370>,66,3,[1 9],93,145,148,52,134
1,<environment.Job instance at 0x145820fb7460>,67,1,[13  1],94,162,163,68,134
1,<environment.Job instance at 0x145820fb7500>,68,3,[1 9],95,148,151,53,134
1,<environment.Job instance at 0x145820fb76e0>,69,1,[2 5],96,134,135,38,134
1,<environment.Job instance at 0x145820fb7780>,70,2,[ 2 10],97,151,153,54,134
1,<environment.Job instance at 0x145820fb77d0>,71,3,[2 9],99,153,156,54,134
1,<environment.Job instance at 0x145820fb7c30>,72,13,[7 2],102,163,176,61,147
1,<environment.Job instance at 0x145820fb7e60>,74,3,[6 2],106,156,159,50,147
1,<environment.Job instance at 0x145820fb7dc0>,75,1,[1 6],107,159,160,52,147
1,<environment.Job instance at 0x145820fb7e10>,76,2,[2 5],108,147,149,39,147
1,<environment.Job instance at 0x145820fb7a50>,77,2,[ 1 10],109,160,162,51,147
1,<environment.Job instance at 0x145820fb7f50>,78,3,[2 9],110,162,165,52,148
1,<environment.Job instance at 0x145820fb75f0>,79,3,[7 2],111,165,168,54,148
1,<environment.Job instance at 0x145820fb7fa0>,80,14,[7 1],112,168,182,56,153
1,<environment.Job instance at 0x145820fa5140>,81,3,[ 2 10],114,176,179,62,153
1,<environment.Job instance at 0x145820fb7c80>,73,2,[6 2],103,163,165,60,162
1,<environment.Job instance at 0x145877f1ea50>,82,12,[2 8],115,179,191,64,162
1,<environment.Job instance at 0x145820fa1960>,84,2,[ 1 10],118,165,167,47,162
1,<environment.Job instance at 0x145820fa18c0>,85,1,[7 2],120,182,183,62,162
1,<environment.Job instance at 0x14583e7b3410>,87,2,[2 6],122,179,181,57,162
1,<environment.Job instance at 0x14583e7bd7d0>,88,1,[1 5],123,167,168,44,162
1,<environment.Job instance at 0x145821987d70>,89,2,[1 9],126,168,170,42,162
1,<environment.Job instance at 0x145877e734b0>,90,1,[2 7],127,183,184,56,162
1,<environment.Job instance at 0x145821975be0>,91,1,[2 5],128,181,182,53,162
1,<environment.Job instance at 0x145823db3640>,92,15,[7 1],129,184,199,55,170
1,<environment.Job instance at 0x1458238ca370>,93,2,[14  1],130,199,201,69,172
1,<environment.Job instance at 0x1458216b4cd0>,94,1,[5 1],131,176,177,45,172
1,<environment.Job instance at 0x1458217526e0>,95,3,[2 8],132,191,194,59,172
1,<environment.Job instance at 0x145820fa1d20>,83,1,[10  1],117,201,202,84,175
1,<environment.Job instance at 0x145820fa15f0>,96,12,[9 2],134,202,214,68,186
1,<environment.Job instance at 0x1458216dcaf0>,98,13,[ 1 10],136,194,207,58,186
1,<environment.Job instance at 0x1458216dc500>,99,16,[8 1],137,214,230,77,201
1,<environment.Job instance at 0x1458216dafa0>,101,13,[2 9],140,207,220,67,201
1,<environment.Job instance at 0x1458216da9b0>,102,1,[2 8],141,220,221,79,201
1,<environment.Job instance at 0x1458216da8c0>,103,1,[ 2 10],142,221,222,79,201
1,<environment.Job instance at 0x14582174d6e0>,104,1,[ 2 14],143,222,223,79,201
1,<environment.Job instance at 0x14582172d7d0>,105,1,[8 2],144,230,231,86,202
1,<environment.Job instance at 0x14582172d1e0>,106,15,[5 1],145,223,238,78,209
1,<environment.Job instance at 0x14582172d140>,107,18,[1 8],146,223,241,77,212
1,<environment.Job instance at 0x145821651500>,108,2,[ 1 10],150,241,243,91,214
1,<environment.Job instance at 0x145821651f50>,109,3,[11  2],151,238,241,87,214
1,<environment.Job instance at 0x145821651d70>,110,3,[ 2 10],152,243,246,91,217
1,<environment.Job instance at 0x145821651af0>,111,3,[2 5],153,218,221,65,218
1,<environment.Job instance at 0x145821651a00>,112,1,[8 1],154,231,232,77,218
1,<environment.Job instance at 0x1458216517d0>,113,3,[5 2],156,232,235,76,218
1,<environment.Job instance at 0x145821651190>,114,15,[9 2],157,241,256,84,228
1,<environment.Job instance at 0x145821650910>,116,1,[1 6],159,235,236,76,231
1,<environment.Job instance at 0x145820fb0410>,20,2,[ 1 13],27,246,248,219,245
1,<environment.Job instance at 0x145820fb0820>,2,1,[1 8],6,10,11,4,10
1,<environment.Job instance at 0x1458236bce60>,5,2,[1 8],9,16,18,7,16
1,<environment.Job instance at 0x145835a2d5f0>,7,13,[ 1 14],12,21,34,9,21
1,<environment.Job instance at 0x145835a2d280>,8,27,[1 8],13,38,65,25,38
1,<environment.Job instance at 0x145835a2d820>,10,2,[7 2],15,46,48,31,46
1,<environment.Job instance at 0x145835a2d320>,11,12,[6 1],16,46,58,30,46
1,<environment.Job instance at 0x145835a2deb0>,12,28,[2 8],19,65,93,46,64
1,<environment.Job instance at 0x145835a2d910>,13,3,[5 1],23,67,70,44,67
1,<environment.Job instance at 0x145835a2dfa0>,14,15,[1 7],25,70,85,45,67
1,<environment.Job instance at 0x145835a2d780>,15,3,[ 2 10],26,93,96,67,68
1,<environment.Job instance at 0x145835a2daf0>,16,2,[1 9],28,96,98,68,69
1,<environment.Job instance at 0x145835a2d8c0>,17,2,[ 2 10],31,98,100,67,72
1,<environment.Job instance at 0x145835a2dd70>,18,3,[5 2],32,85,88,53,73
1,<environment.Job instance at 0x145835a2d410>,19,15,[2 7],33,100,115,67,86
1,<environment.Job instance at 0x145835a2dbe0>,20,2,[ 2 10],34,115,117,81,88
1,<environment.Job instance at 0x145835a2dd20>,21,2,[2 9],35,117,119,82,90
1,<environment.Job instance at 0x145835a2d140>,22,17,[ 2 10],36,119,136,83,107
1,<environment.Job instance at 0x145835a2b820>,24,2,[9 1],39,107,109,68,107
1,<environment.Job instance at 0x145835a2b5a0>,25,3,[5 2],40,109,112,69,107
1,<environment.Job instance at 0x145835a2b6e0>,26,2,[ 1 10],41,136,138,95,109
1,<environment.Job instance at 0x145835a2bc80>,27,13,[ 2 10],42,138,151,96,122
1,<environment.Job instance at 0x145835a2bcd0>,28,1,[1 7],43,151,152,108,123
1,<environment.Job instance at 0x145835a2bb40>,29,1,[2 9],44,152,153,108,124
1,<environment.Job instance at 0x145835a2bc30>,30,15,[1 7],45,153,168,108,139
1,<environment.Job instance at 0x145835a2bd20>,31,3,[ 2 10],47,168,171,121,142
1,<environment.Job instance at 0x145835a2b0a0>,32,14,[10  1],49,146,160,97,146
1,<environment.Job instance at 0x145835a2b500>,33,12,[7 1],50,160,172,110,146
1,<environment.Job instance at 0x145835a2bb90>,34,2,[8 2],51,171,173,120,146
1,<environment.Job instance at 0x145835a2b7d0>,35,3,[8 1],52,173,176,121,147
1,<environment.Job instance at 0x145835a2baa0>,36,2,[2 5],53,151,153,98,147
1,<environment.Job instance at 0x145835a2b140>,37,3,[6 1],54,160,163,106,147
1,<environment.Job instance at 0x145835a2bbe0>,38,2,[10  1],55,176,178,121,149
1,<environment.Job instance at 0x145835a2bd70>,39,3,[ 2 10],57,172,175,115,149
1,<environment.Job instance at 0x145835a0e8c0>,40,18,[8 1],58,178,196,120,167
1,<environment.Job instance at 0x145835a0e7d0>,41,16,[1 6],59,175,191,116,167
1,<environment.Job instance at 0x145835a0e4b0>,42,17,[1 6],61,175,192,114,167
1,<environment.Job instance at 0x145835a0e550>,43,17,[7 1],62,192,209,130,180
1,<environment.Job instance at 0x145835a0e690>,44,1,[2 6],63,191,192,128,180
1,<environment.Job instance at 0x145835a0e870>,45,16,[9 1],66,209,225,143,196
1,<environment.Job instance at 0x145835a0eeb0>,47,1,[9 1],71,225,226,154,197
1,<environment.Job instance at 0x145835a0ef50>,48,12,[1 5],72,197,209,125,197
1,<environment.Job instance at 0x145835a0eb90>,49,2,[6 2],73,197,199,124,197
1,<environment.Job instance at 0x145835a24870>,50,1,[9 1],75,226,227,151,198
1,<environment.Job instance at 0x145835a240a0>,51,2,[8 1],76,227,229,151,200
1,<environment.Job instance at 0x145835a24910>,52,1,[ 1 10],77,209,210,132,200
1,<environment.Job instance at 0x145835a245a0>,53,2,[1 5],79,200,202,121,200
1,<environment.Job instance at 0x145835a24eb0>,54,3,[1 5],80,202,205,122,200
1,<environment.Job instance at 0x145835a248c0>,55,2,[10  2],81,229,231,148,202
1,<environment.Job instance at 0x145835a24a00>,56,3,[2 8],85,205,208,120,202
1,<environment.Job instance at 0x145835a24e60>,57,1,[2 6],86,208,209,122,202
1,<environment.Job instance at 0x145835a24f00>,58,2,[1 6],87,210,212,123,203
1,<environment.Job instance at 0x145835a24fa0>,59,18,[7 2],89,231,249,142,220
1,<environment.Job instance at 0x145835a24d20>,60,1,[2 8],92,220,221,128,220
1,<environment.Job instance at 0x145835a24230>,61,18,[10  1],96,249,267,153,238
1,<environment.Job instance at 0x145835a24410>,62,2,[7 2],97,238,240,141,238
1,<environment.Job instance at 0x145835a24cd0>,63,2,[2 5],98,240,242,142,238
1,<environment.Job instance at 0x145835a24c80>,64,14,[2 8],99,240,254,141,238
1,<environment.Job instance at 0x145835a245f0>,65,3,[8 1],102,267,270,165,241
1,<environment.Job instance at 0x145835a24140>,66,1,[7 2],103,267,268,164,241
1,<environment.Job instance at 0x145835a24280>,67,2,[5 2],104,242,244,138,241
1,<environment.Job instance at 0x145835a21550>,68,2,[ 2 12],106,254,256,148,241
1,<environment.Job instance at 0x145835a21820>,69,14,[6 1],107,268,282,161,253
1,<environment.Job instance at 0x145835a3d5a0>,70,15,[2 8],108,270,285,162,256
1,<environment.Job instance at 0x145835a3d050>,71,16,[1 7],109,282,298,173,269
1,<environment.Job instance at 0x145835a40eb0>,72,13,[ 1 11],111,298,311,187,282
1,<environment.Job instance at 0x145835a40e60>,73,2,[6 2],112,288,290,176,288
1,<environment.Job instance at 0x145835a401e0>,74,1,[1 5],113,288,289,175,288
1,<environment.Job instance at 0x145835a409b0>,75,16,[1 7],114,311,327,197,298
1,<environment.Job instance at 0x145835a40320>,76,3,[ 2 10],115,327,330,212,301
1,<environment.Job instance at 0x145835a40dc0>,77,3,[ 1 13],116,330,333,214,308
1,<environment.Job instance at 0x145835a40aa0>,78,3,[1 5],119,312,315,193,312
1,<environment.Job instance at 0x145835a40fa0>,79,21,[ 2 13],120,333,354,213,326
1,<environment.Job instance at 0x145835a40e10>,80,1,[2 8],121,326,327,205,326
1,<environment.Job instance at 0x145835a402d0>,81,1,[7 1],122,327,328,205,326
1,<environment.Job instance at 0x145835a40410>,82,18,[5 2],123,327,345,204,326
1,<environment.Job instance at 0x1458343ba640>,83,2,[8 2],125,328,330,203,326
1,<environment.Job instance at 0x145820ff2f00>,84,3,[1 7],126,354,357,228,328
1,<environment.Job instance at 0x145820ff4050>,85,18,[8 1],127,345,363,218,337
1,<environment.Job instance at 0x145836ec84b0>,86,1,[5 2],128,354,355,226,337
1,<environment.Job instance at 0x1458238c86e0>,87,1,[1 8],129,357,358,228,338
1,<environment.Job instance at 0x14583c410460>,88,3,[1 7],130,358,361,228,338
1,<environment.Job instance at 0x145837d3eb40>,89,2,[5 2],132,355,357,223,338
1,<environment.Job instance at 0x145837d3e140>,90,2,[1 7],134,358,360,224,339
1,<environment.Job instance at 0x145824cd38c0>,91,2,[5 2],135,360,362,225,339
1,<environment.Job instance at 0x1458251350a0>,92,1,[1 6],137,357,358,220,339
1,<environment.Job instance at 0x145824d34b90>,93,12,[7 1],138,362,374,224,345
1,<environment.Job instance at 0x145835a40280>,94,2,[10  1],139,374,376,235,347
1,<environment.Job instance at 0x145835a405a0>,95,3,[2 7],140,363,366,223,347
1,<environment.Job instance at 0x145835a40500>,96,17,[7 1],142,376,393,234,364
1,<environment.Job instance at 0x14583eb9c460>,97,1,[2 5],144,364,365,220,364
1,<environment.Job instance at 0x145837db6460>,98,3,[1 8],145,366,369,221,364
1,<environment.Job instance at 0x14582518ce60>,99,12,[7 2],147,376,388,229,364
1,<environment.Job instance at 0x1458238359b0>,100,2,[7 2],149,366,368,217,364
1,<environment.Job instance at 0x145823835500>,101,3,[ 2 10],151,369,372,218,364
1,<environment.Job instance at 0x145835a315f0>,1,3,[12  1],4,393,396,389,370
1,<environment.Job instance at 0x145825122a00>,102,14,[8 2],152,396,410,244,381
1,<environment.Job instance at 0x145836f23dc0>,105,14,[8 1],156,410,424,254,395
1,<environment.Job instance at 0x145836eda500>,106,2,[ 1 10],157,395,397,238,395
1,<environment.Job instance at 0x145836eda050>,107,3,[7 2],158,397,400,239,395
1,<environment.Job instance at 0x145835a0e2d0>,46,15,[9 2],70,424,439,354,423
1,<environment.Job instance at 0x145822c32550>,6,20,[8 2],12,12,32,0,12
1,<environment.Job instance at 0x145822c32370>,11,2,[9 2],22,32,34,10,22
1,<environment.Job instance at 0x14582369ee10>,15,18,[5 2],27,27,45,0,27
1,<environment.Job instance at 0x14582369ec80>,16,1,[1 8],28,28,29,0,28
1,<environment.Job instance at 0x14582369ed70>,14,1,[ 2 10],25,35,36,10,35
1,<environment.Job instance at 0x14582369aaa0>,23,2,[ 2 12],40,41,43,1,41
1,<environment.Job instance at 0x14582369abe0>,24,1,[6 2],41,43,44,2,41
1,<environment.Job instance at 0x14582369a640>,25,3,[2 7],43,43,46,0,43
1,<environment.Job instance at 0x14582369aa00>,26,15,[ 1 11],47,47,62,0,47
1,<environment.Job instance at 0x14582369a230>,27,2,[8 1],48,48,50,0,48
1,<environment.Job instance at 0x14582369a190>,28,2,[1 9],51,62,64,11,51
1,<environment.Job instance at 0x14582369a690>,29,2,[1 6],52,62,64,10,52
1,<environment.Job instance at 0x14582369a140>,31,3,[1 8],54,64,67,10,54
1,<environment.Job instance at 0x14582369aa50>,33,18,[ 1 10],56,67,85,11,56
1,<environment.Job instance at 0x14582367eeb0>,35,3,[ 2 10],60,85,88,25,60
1,<environment.Job instance at 0x14582367ef00>,39,1,[6 2],65,65,66,0,65
1,<environment.Job instance at 0x14582367e7d0>,41,14,[7 2],67,67,81,0,67
1,<environment.Job instance at 0x14582367e690>,42,2,[ 1 10],69,88,90,19,69
1,<environment.Job instance at 0x1458236bc2d0>,50,2,[5 1],83,88,90,5,88
1,<environment.Job instance at 0x145821654d20>,64,26,[9 1],104,104,130,0,104
1,<environment.Job instance at 0x1458209d0dc0>,65,2,[2 9],105,106,108,1,106
1,<environment.Job instance at 0x1458216b8280>,66,2,[2 5],106,106,108,0,106
1,<environment.Job instance at 0x145820fa1eb0>,67,16,[2 9],107,108,124,1,107
1,<environment.Job instance at 0x1458216dcf00>,69,3,[8 1],109,130,133,21,109
1,<environment.Job instance at 0x145820a6e0a0>,70,3,[8 1],113,133,136,20,113
1,<environment.Job instance at 0x145836e93eb0>,71,1,[10  1],114,136,137,22,114
1,<environment.Job instance at 0x1458216504b0>,74,16,[2 8],119,124,140,5,120
1,<environment.Job instance at 0x145821650c30>,76,1,[2 6],123,124,125,1,124
1,<environment.Job instance at 0x145821651190>,78,2,[8 1],126,137,139,11,129
1,<environment.Job instance at 0x145821651280>,79,3,[2 9],127,140,143,13,129
1,<environment.Job instance at 0x145835a0e460>,81,3,[1 5],130,132,135,2,132
1,<environment.Job instance at 0x14582514f960>,82,2,[1 9],131,143,145,12,134
1,<environment.Job instance at 0x14582514f230>,83,3,[2 8],132,145,148,13,134
1,<environment.Job instance at 0x14582369ab90>,32,1,[9 2],55,139,140,84,134
1,<environment.Job instance at 0x14582172a460>,85,16,[2 6],136,140,156,4,136
1,<environment.Job instance at 0x14582172a140>,86,3,[1 6],137,148,151,11,137
1,<environment.Job instance at 0x14582172a690>,87,2,[8 2],138,148,150,10,138
1,<environment.Job instance at 0x145825141050>,88,14,[9 1],140,150,164,10,140
1,<environment.Job instance at 0x1458221cb3c0>,89,3,[10  1],141,145,148,4,141
1,<environment.Job instance at 0x145836f632d0>,90,2,[1 7],142,151,153,9,142
1,<environment.Job instance at 0x145836f63af0>,91,15,[1 5],143,153,168,10,143
1,<environment.Job instance at 0x14582172c410>,92,3,[1 9],144,156,159,12,144
1,<environment.Job instance at 0x1458210083c0>,93,2,[1 8],146,159,161,13,146
1,<environment.Job instance at 0x14582168be60>,94,2,[1 5],148,161,163,13,148
1,<environment.Job instance at 0x14582168b050>,95,15,[10  1],149,164,179,15,150
1,<environment.Job instance at 0x145821008050>,96,1,[2 8],150,163,164,13,150
1,<environment.Job instance at 0x1458216afeb0>,97,1,[8 2],151,179,180,28,151
1,<environment.Job instance at 0x14582514f0f0>,84,1,[1 8],135,164,165,29,155
1,<environment.Job instance at 0x145822c3f4b0>,100,3,[10  1],156,180,183,24,161
1,<environment.Job instance at 0x1458236a7820>,98,14,[14  1],152,183,197,31,168
1,<environment.Job instance at 0x145822c32cd0>,9,3,[1 8],18,346,349,328,346
1,<environment.Job instance at 0x14582172d1e0>,9,3,[6 1],10,10,13,0,10
1,<environment.Job instance at 0x14582172d690>,10,2,[1 8],11,12,14,1,12
1,<environment.Job instance at 0x145836f94320>,8,16,[2 8],9,17,33,8,17
1,<environment.Job instance at 0x14583c063870>,23,2,[ 1 10],30,33,35,3,30
1,<environment.Job instance at 0x14583c0634b0>,24,3,[2 5],31,31,34,0,31
1,<environment.Job instance at 0x14583c063140>,25,12,[6 1],32,34,46,2,32
1,<environment.Job instance at 0x14583c063c80>,26,2,[5 2],33,34,36,1,33
1,<environment.Job instance at 0x14583c063050>,27,1,[7 1],36,36,37,0,36
1,<environment.Job instance at 0x145877f17640>,28,2,[7 1],37,37,39,0,37
1,<environment.Job instance at 0x14583de67f00>,30,3,[10  2],39,46,49,7,39
1,<environment.Job instance at 0x14583de67190>,32,15,[1 8],42,42,57,0,42
1,<environment.Job instance at 0x14583de67280>,34,19,[2 9],46,57,76,11,47
1,<environment.Job instance at 0x14583de67d20>,35,13,[12  2],47,49,62,2,47
1,<environment.Job instance at 0x14583de67be0>,37,1,[6 2],49,62,63,13,49
1,<environment.Job instance at 0x14583de677d0>,38,2,[1 5],50,50,52,0,50
1,<environment.Job instance at 0x14583de673c0>,39,1,[1 7],51,76,77,25,51
1,<environment.Job instance at 0x1458217583c0>,41,2,[1 5],53,53,55,0,53
1,<environment.Job instance at 0x145821758d70>,44,15,[7 1],57,62,77,5,57
1,<environment.Job instance at 0x1458217581e0>,45,1,[2 6],58,76,77,18,58
1,<environment.Job instance at 0x1458237d8050>,46,1,[2 8],60,77,78,17,60
1,<environment.Job instance at 0x1458237d8b90>,47,1,[2 6],61,77,78,16,61
1,<environment.Job instance at 0x145835a31fa0>,48,3,[1 7],63,78,81,15,63
1,<environment.Job instance at 0x145823cc3780>,49,17,[2 7],64,78,95,14,66
1,<environment.Job instance at 0x145824dfebe0>,50,14,[1 6],65,81,95,16,66
1,<environment.Job instance at 0x145824dfe460>,51,17,[9 1],66,77,94,11,66
1,<environment.Job instance at 0x145820839e10>,53,1,[10  1],68,94,95,26,68
1,<environment.Job instance at 0x14583ea64500>,54,1,[1 8],69,95,96,26,69
1,<environment.Job instance at 0x145824e93af0>,55,12,[9 2],70,95,107,25,78
1,<environment.Job instance at 0x14582082bf50>,56,2,[2 6],71,96,98,25,78
1,<environment.Job instance at 0x145836f9e190>,57,3,[9 2],72,107,110,35,81
1,<environment.Job instance at 0x145821719280>,58,2,[10  2],73,110,112,37,83
1,<environment.Job instance at 0x1458217195a0>,59,16,[10  2],74,112,128,38,99
1,<environment.Job instance at 0x145824e9d0a0>,60,16,[ 2 10],75,99,115,24,99
1,<environment.Job instance at 0x145836e71f50>,61,2,[1 6],77,115,117,38,99
1,<environment.Job instance at 0x145820861e10>,62,15,[2 6],79,115,130,36,101
1,<environment.Job instance at 0x1458208c00a0>,63,2,[7 2],80,128,130,48,101
1,<environment.Job instance at 0x145823c42fa0>,64,13,[5 1],81,128,141,47,112
1,<environment.Job instance at 0x14582079da00>,65,2,[1 8],82,130,132,48,112
1,<environment.Job instance at 0x14582079ddc0>,66,14,[6 1],83,130,144,47,115
1,<environment.Job instance at 0x1458340f11e0>,67,1,[2 5],84,117,118,33,115
1,<environment.Job instance at 0x1458340f15f0>,68,14,[2 8],85,132,146,47,117
1,<environment.Job instance at 0x145823c80870>,69,2,[7 1],86,141,143,55,117
1,<environment.Job instance at 0x145823c806e0>,70,3,[7 1],87,143,146,56,117
1,<environment.Job instance at 0x14583de67e10>,33,3,[1 7],43,125,128,82,125
1,<environment.Job instance at 0x145820a2d050>,73,1,[ 2 10],90,146,147,56,140
1,<environment.Job instance at 0x145823c80960>,72,25,[12  1],89,146,171,57,142
1,<environment.Job instance at 0x145824ea3be0>,75,3,[7 1],96,171,174,75,145
1,<environment.Job instance at 0x145820a2d8c0>,76,3,[2 8],97,147,150,50,145
1,<environment.Job instance at 0x14583e73e140>,77,3,[1 9],98,150,153,52,145
1,<environment.Job instance at 0x145823b928c0>,80,23,[1 6],101,153,176,52,148
1,<environment.Job instance at 0x145820a2dcd0>,74,2,[10  2],92,174,176,82,160
1,<environment.Job instance at 0x14583e73e190>,78,16,[10  1],99,176,192,77,163
1,<environment.Job instance at 0x145823af2500>,92,13,[7 2],122,192,205,70,176
1,<environment.Job instance at 0x1458340d8690>,97,1,[1 9],132,176,177,44,176
1,<environment.Job instance at 0x1458340d88c0>,99,1,[10  2],135,205,206,70,177
1,<environment.Job instance at 0x1458340d8b90>,100,1,[5 2],136,177,178,41,177
1,<environment.Job instance at 0x1458340d8eb0>,101,26,[2 8],138,178,204,40,177
1,<environment.Job instance at 0x1458340d8dc0>,102,2,[ 1 10],140,204,206,64,177
1,<environment.Job instance at 0x1458340d82d0>,103,16,[ 2 10],142,206,222,64,193
1,<environment.Job instance at 0x1458340d8cd0>,98,3,[2 9],134,223,226,89,223
1,<environment.Job instance at 0x1458340a8190>,0,2,[6 2],1,1,3,0,1
1,<environment.Job instance at 0x145823d19dc0>,5,21,[1 8],6,12,33,6,12
1,<environment.Job instance at 0x145823d190a0>,9,3,[9 2],12,13,16,1,13
1,<environment.Job instance at 0x145823d12c80>,11,17,[1 9],14,33,50,19,22
1,<environment.Job instance at 0x1458206d68c0>,20,15,[2 7],30,50,65,20,39
1,<environment.Job instance at 0x1458206d6140>,23,3,[6 2],37,44,47,7,44
1,<environment.Job instance at 0x1458206ea1e0>,29,13,[13  2],47,47,60,0,47
1,<environment.Job instance at 0x1458206ea280>,30,3,[9 2],48,60,63,12,48
1,<environment.Job instance at 0x1458206ebcd0>,31,2,[7 1],51,63,65,12,51
1,<environment.Job instance at 0x1458206ebc30>,32,16,[ 1 10],52,65,81,13,52
1,<environment.Job instance at 0x1458206eb640>,33,3,[2 5],54,60,63,6,54
1,<environment.Job instance at 0x1458206ebf00>,34,1,[8 1],55,65,66,10,55
1,<environment.Job instance at 0x1458206ebd70>,35,28,[5 1],56,63,91,7,62
1,<environment.Job instance at 0x1458206ebc80>,37,18,[5 1],58,66,84,8,62
1,<environment.Job instance at 0x1458206eb460>,38,15,[6 1],59,84,99,25,70
1,<environment.Job instance at 0x145820704190>,39,3,[6 2],60,91,94,31,70
1,<environment.Job instance at 0x145820704d20>,40,1,[6 2],61,94,95,33,70
1,<environment.Job instance at 0x145820704640>,41,17,[9 2],63,95,112,32,83
1,<environment.Job instance at 0x145820704460>,43,12,[2 8],65,83,95,18,83
1,<environment.Job instance at 0x1458207043c0>,44,3,[ 1 10],66,99,102,33,83
1,<environment.Job instance at 0x1458207041e0>,45,3,[1 5],67,83,86,16,83
1,<environment.Job instance at 0x145820704280>,46,3,[2 7],68,102,105,34,83
1,<environment.Job instance at 0x145820704230>,47,13,[2 5],69,102,115,33,86
1,<environment.Job instance at 0x145820704410>,48,2,[2 8],70,105,107,35,86
1,<environment.Job instance at 0x1458206ff7d0>,49,2,[5 1],71,99,101,28,86
1,<environment.Job instance at 0x1458206ff960>,50,1,[6 2],76,112,113,36,86
1,<environment.Job instance at 0x1458206ffe10>,51,1,[1 9],77,113,114,36,86
1,<environment.Job instance at 0x1458206ff050>,52,3,[7 1],78,112,115,34,86
1,<environment.Job instance at 0x1458206ff820>,53,3,[7 2],79,115,118,36,89
1,<environment.Job instance at 0x1458206ffbe0>,55,12,[2 6],83,114,126,31,97
1,<environment.Job instance at 0x1458206ff5a0>,56,1,[9 1],85,118,119,33,97
1,<environment.Job instance at 0x1458206ffcd0>,57,17,[2 8],86,118,135,32,106
1,<environment.Job instance at 0x1458206fbf00>,59,16,[8 1],90,119,135,29,106
1,<environment.Job instance at 0x1458206fbdc0>,60,16,[1 6],91,126,142,35,113
1,<environment.Job instance at 0x1458206fb730>,61,2,[10  2],93,135,137,42,113
1,<environment.Job instance at 0x1458206fbe10>,62,3,[1 7],94,115,118,21,113
1,<environment.Job instance at 0x1458206fb500>,63,14,[9 2],96,137,151,41,122
1,<environment.Job instance at 0x1458206f43c0>,64,1,[10  2],97,151,152,54,123
1,<environment.Job instance at 0x1458206f4eb0>,65,2,[7 2],98,152,154,54,125
1,<environment.Job instance at 0x1458206f4320>,66,16,[1 9],99,142,158,43,129
1,<environment.Job instance at 0x1458206f4910>,73,1,[ 1 10],109,158,159,49,131
1,<environment.Job instance at 0x1458206f45f0>,75,17,[2 9],111,159,176,48,147
1,<environment.Job instance at 0x145820f94320>,79,1,[6 1],116,152,153,36,149
1,<environment.Job instance at 0x145820f94550>,81,3,[2 7],119,176,179,57,150
1,<environment.Job instance at 0x145820f94640>,82,1,[1 6],120,154,155,34,151
1,<environment.Job instance at 0x145820f94960>,83,3,[8 2],121,155,158,34,151
1,<environment.Job instance at 0x145820f94fa0>,84,1,[1 7],122,176,177,54,153
1,<environment.Job instance at 0x1458206afa50>,85,1,[6 2],123,155,156,32,155
1,<environment.Job instance at 0x145823cfadc0>,87,16,[ 2 10],125,179,195,54,166
1,<environment.Job instance at 0x145820e46230>,91,2,[7 2],130,166,168,36,166
1,<environment.Job instance at 0x145877f15e10>,94,1,[8 1],134,168,169,34,166
1,<environment.Job instance at 0x145824e28190>,96,1,[10  1],138,169,170,31,166
1,<environment.Job instance at 0x145823c060a0>,98,17,[10  1],140,170,187,30,166
1,<environment.Job instance at 0x145820d618c0>,100,1,[10  2],143,187,188,44,166
1,<environment.Job instance at 0x1458206d6730>,22,1,[ 1 12],36,195,196,159,179
1,<environment.Job instance at 0x145823809a50>,103,15,[5 2],146,188,203,42,186
1,<environment.Job instance at 0x1458237b97d0>,101,21,[ 2 10],144,196,217,52,188
1,<environment.Job instance at 0x1458209b3320>,107,2,[2 9],151,217,219,66,192
1,<environment.Job instance at 0x145824dcd230>,110,14,[2 6],155,217,231,62,203
1,<environment.Job instance at 0x145824dcd1e0>,113,2,[10  2],158,203,205,45,203
1,<environment.Job instance at 0x145820e215f0>,108,2,[1 5],152,223,225,71,223
1,<environment.Job instance at 0x145823809cd0>,102,21,[2 5],145,225,246,80,225
1,<environment.Job instance at 0x145820638230>,19,13,[2 8],26,26,39,0,26
1,<environment.Job instance at 0x145820638fa0>,20,16,[6 1],27,27,43,0,27
1,<environment.Job instance at 0x145820c58320>,22,1,[5 2],29,29,30,0,29
1,<environment.Job instance at 0x145820c58280>,23,1,[7 1],30,30,31,0,30
1,<environment.Job instance at 0x145820c58a50>,24,1,[1 8],31,39,40,8,31
1,<environment.Job instance at 0x145820c58410>,25,2,[6 2],32,32,34,0,32
1,<environment.Job instance at 0x145820c58af0>,27,1,[6 2],35,35,36,0,35
1,<environment.Job instance at 0x145820c586e0>,28,3,[8 2],36,39,42,3,36
1,<environment.Job instance at 0x145820638730>,21,1,[8 2],28,42,43,14,38
1,<environment.Job instance at 0x145820c583c0>,29,2,[ 1 10],38,40,42,2,38
1,<environment.Job instance at 0x145820fb2050>,33,2,[7 2],42,43,45,1,42
1,<environment.Job instance at 0x145823b1ae10>,37,3,[2 7],46,46,49,0,46
1,<environment.Job instance at 0x145823b1abe0>,38,1,[5 1],47,47,48,0,47
1,<environment.Job instance at 0x145823b1ad70>,39,17,[1 8],48,48,65,0,48
1,<environment.Job instance at 0x145823b1aa50>,40,3,[5 2],49,49,52,0,49
1,<environment.Job instance at 0x145823b1a1e0>,41,2,[8 2],50,50,52,0,50
1,<environment.Job instance at 0x145823b1a0f0>,36,1,[13  1],45,52,53,7,50
1,<environment.Job instance at 0x145823b1a730>,43,2,[2 5],52,53,55,1,52
1,<environment.Job instance at 0x145835a15500>,45,22,[8 1],55,55,77,0,55
1,<environment.Job instance at 0x145835a15a00>,46,15,[ 2 10],56,65,80,9,56
1,<environment.Job instance at 0x145836e70b40>,47,3,[10  2],57,77,80,20,57
1,<environment.Job instance at 0x14582511e410>,48,3,[2 5],59,60,63,1,60
1,<environment.Job instance at 0x145820c122d0>,49,17,[1 7],60,80,97,20,68
1,<environment.Job instance at 0x1458206af960>,58,16,[6 2],71,82,98,11,82
1,<environment.Job instance at 0x14582091c5a0>,59,1,[6 1],72,82,83,10,82
1,<environment.Job instance at 0x14583c065820>,54,15,[2 9],66,97,112,31,83
1,<environment.Job instance at 0x14582172f5a0>,61,19,[1 5],76,98,117,22,88
1,<environment.Job instance at 0x145820697f50>,62,1,[8 1],77,88,89,11,88
1,<environment.Job instance at 0x145823caa050>,63,1,[5 1],79,89,90,10,88
1,<environment.Job instance at 0x14583c0d50f0>,64,2,[7 2],80,90,92,10,88
1,<environment.Job instance at 0x145820fa5910>,65,3,[ 2 14],82,117,120,35,91
1,<environment.Job instance at 0x1458221bfe60>,66,3,[1 8],83,112,115,29,91
1,<environment.Job instance at 0x14583c065e10>,67,1,[ 2 10],84,115,116,31,91
1,<environment.Job instance at 0x14583c065050>,68,2,[7 2],86,92,94,6,91
1,<environment.Job instance at 0x145820bb3d70>,69,1,[6 1],87,94,95,7,91
1,<environment.Job instance at 0x145820bb3320>,70,2,[6 1],89,95,97,6,91
1,<environment.Job instance at 0x145820c5c550>,60,2,[9 1],74,98,100,24,91
1,<environment.Job instance at 0x145834121aa0>,71,17,[1 7],90,120,137,30,108
1,<environment.Job instance at 0x14583e754230>,73,2,[7 2],95,112,114,17,108
1,<environment.Job instance at 0x14583e754d20>,74,1,[1 5],97,116,117,19,108
1,<environment.Job instance at 0x14583e754cd0>,75,14,[5 2],99,120,134,21,108
1,<environment.Job instance at 0x14583c065d70>,57,1,[ 1 14],70,137,138,67,114
1,<environment.Job instance at 0x14583e754780>,76,27,[5 1],100,116,143,16,115
1,<environment.Job instance at 0x14583e754eb0>,78,2,[1 9],102,138,140,36,115
1,<environment.Job instance at 0x145822c190a0>,79,14,[1 6],103,140,154,37,125
1,<environment.Job instance at 0x14583e754820>,80,1,[1 8],104,140,141,36,125
1,<environment.Job instance at 0x14583e754960>,81,1,[2 9],106,143,144,37,125
1,<environment.Job instance at 0x1458236d9460>,82,2,[10  2],107,144,146,37,125
1,<environment.Job instance at 0x145820927f50>,83,1,[6 1],110,134,135,24,125
1,<environment.Job instance at 0x145820927fa0>,84,1,[7 2],112,135,136,23,125
1,<environment.Job instance at 0x145820927320>,86,3,[2 5],114,125,128,11,125
1,<environment.Job instance at 0x1458209270a0>,85,2,[2 7],113,141,143,28,133
1,<environment.Job instance at 0x145820927e10>,87,25,[6 1],115,146,171,31,142
1,<environment.Job instance at 0x145820b24550>,90,3,[10  1],121,171,174,50,145
1,<environment.Job instance at 0x145823c97d20>,92,3,[9 2],123,154,157,31,145
1,<environment.Job instance at 0x145823c974b0>,93,1,[1 9],124,157,158,33,145
1,<environment.Job instance at 0x1458340d21e0>,94,1,[8 2],127,146,147,19,145
1,<environment.Job instance at 0x1458204d60f0>,95,22,[2 5],129,157,179,28,150
1,<environment.Job instance at 0x145824ea7f00>,99,13,[7 2],134,174,187,40,173
1,<environment.Job instance at 0x1458204d6780>,98,26,[ 2 13],133,179,205,46,176
1,<environment.Job instance at 0x145824ea72d0>,101,2,[12  1],137,187,189,50,176
1,<environment.Job instance at 0x145823c06d70>,102,15,[2 5],139,205,220,66,191
1,<environment.Job instance at 0x145824ea7730>,103,14,[7 1],140,191,205,51,191
1,<environment.Job instance at 0x145824ea7190>,104,2,[7 1],141,205,207,64,192
1,<environment.Job instance at 0x14583c19b0a0>,105,1,[8 1],142,207,208,65,192
1,<environment.Job instance at 0x14582373fb90>,106,2,[10  2],143,208,210,65,192
1,<environment.Job instance at 0x14582373fa50>,107,14,[9 1],144,210,224,66,195
1,<environment.Job instance at 0x145821657fa0>,108,3,[9 2],145,224,227,79,199
1,<environment.Job instance at 0x145820dc1370>,109,1,[6 2],147,205,206,58,199
1,<environment.Job instance at 0x145834115cd0>,110,2,[ 1 10],148,220,222,72,199
1,<environment.Job instance at 0x1458207130f0>,112,3,[9 2],151,227,230,76,201
1,<environment.Job instance at 0x145820713fa0>,113,3,[10  1],152,230,233,78,207
1,<environment.Job instance at 0x145823b2ce10>,114,17,[1 8],158,222,239,64,210
1,<environment.Job instance at 0x145823c40dc0>,15,17,[12  1],20,340,357,320,340
1,<environment.Job instance at 0x14583e7541e0>,77,15,[14  1],101,545,560,444,545
1,<environment.Job instance at 0x1458205751e0>,8,15,[10  1],13,13,28,0,13
1,<environment.Job instance at 0x145820575cd0>,9,28,[5 2],14,14,42,0,14
1,<environment.Job instance at 0x145820575730>,10,1,[8 2],15,28,29,13,16
1,<environment.Job instance at 0x145820575fa0>,11,2,[ 1 10],16,28,30,12,16
1,<environment.Job instance at 0x145820575690>,12,3,[ 2 14],17,42,45,25,17
1,<environment.Job instance at 0x145820575e60>,13,1,[5 1],18,29,30,11,18
1,<environment.Job instance at 0x145820575820>,14,2,[2 6],19,30,32,11,19
1,<environment.Job instance at 0x145820575910>,15,1,[8 1],20,30,31,10,20
1,<environment.Job instance at 0x145820c58cd0>,16,1,[7 2],22,31,32,9,24
1,<environment.Job instance at 0x145820575f00>,5,1,[1 8],10,32,33,22,27
1,<environment.Job instance at 0x145820c58c80>,17,12,[6 2],23,45,57,22,28
1,<environment.Job instance at 0x145820c58190>,19,2,[6 2],26,32,34,6,28
1,<environment.Job instance at 0x145820c584b0>,20,3,[9 1],27,34,37,7,28
1,<environment.Job instance at 0x145820c58050>,21,14,[7 1],28,37,51,9,29
1,<environment.Job instance at 0x145820a6d7d0>,22,14,[ 2 10],29,45,59,16,30
1,<environment.Job instance at 0x145820a6d3c0>,24,1,[1 9],31,33,34,2,31
1,<environment.Job instance at 0x145820a6df00>,26,1,[6 1],33,51,52,18,43
1,<environment.Job instance at 0x145820a6dbe0>,23,14,[9 2],30,57,71,27,46
1,<environment.Job instance at 0x145820575500>,7,2,[8 2],12,71,73,59,46
1,<environment.Job instance at 0x145820a6de60>,27,3,[5 2],34,54,57,20,54
1,<environment.Job instance at 0x145820a6da50>,30,1,[9 2],37,73,74,36,56
1,<environment.Job instance at 0x145820a6d410>,31,2,[1 7],38,59,61,21,58
1,<environment.Job instance at 0x145820a6d140>,28,16,[7 1],35,74,90,39,61
1,<environment.Job instance at 0x145820a6df50>,32,26,[1 6],41,61,87,20,61
1,<environment.Job instance at 0x145820a6dfa0>,34,23,[2 6],44,72,95,28,72
1,<environment.Job instance at 0x145820a6d460>,33,16,[2 9],42,90,106,48,79
1,<environment.Job instance at 0x145820a6d190>,35,23,[9 1],46,95,118,49,90
1,<environment.Job instance at 0x145820a6dd70>,36,14,[ 1 10],47,106,120,59,91
1,<environment.Job instance at 0x145823c80370>,39,2,[7 2],51,118,120,67,91
1,<environment.Job instance at 0x145823c80460>,40,3,[6 1],53,118,121,65,93
1,<environment.Job instance at 0x145823af2aa0>,42,1,[9 1],55,120,121,65,94
1,<environment.Job instance at 0x145823af2fa0>,44,3,[1 6],57,121,124,64,96
1,<environment.Job instance at 0x145823af2780>,45,3,[12  1],59,121,124,62,96
1,<environment.Job instance at 0x145823af24b0>,41,2,[10  1],54,124,126,70,100
1,<environment.Job instance at 0x145823af2f00>,47,2,[7 1],61,126,128,65,111
1,<environment.Job instance at 0x145823af2870>,46,20,[8 1],60,126,146,66,117
1,<environment.Job instance at 0x145823b9f6e0>,50,2,[1 8],69,121,123,52,117
1,<environment.Job instance at 0x145823b9fc30>,51,1,[2 6],70,123,124,53,117
1,<environment.Job instance at 0x145823b9f640>,52,2,[9 2],73,146,148,73,119
1,<environment.Job instance at 0x145834128690>,53,1,[ 2 10],77,124,125,47,119
1,<environment.Job instance at 0x145834128280>,54,3,[11  1],79,148,151,69,122
1,<environment.Job instance at 0x145823b9f3c0>,49,13,[2 5],68,128,141,60,122
1,<environment.Job instance at 0x145834128f50>,55,13,[ 2 11],80,141,154,61,125
1,<environment.Job instance at 0x145834128870>,57,1,[8 1],83,151,152,68,125
1,<environment.Job instance at 0x145834128500>,56,3,[1 8],81,134,137,53,134
1,<environment.Job instance at 0x145834128050>,58,16,[9 1],84,152,168,68,139
1,<environment.Job instance at 0x145836e8a320>,60,15,[ 2 10],92,154,169,62,141
1,<environment.Job instance at 0x145820ac4140>,61,2,[5 2],93,141,143,48,141
1,<environment.Job instance at 0x145820ac4190>,62,2,[7 2],94,168,170,74,141
1,<environment.Job instance at 0x145822c34cd0>,63,2,[5 2],96,143,145,47,141
1,<environment.Job instance at 0x145820ac4230>,64,1,[ 2 10],97,169,170,72,142
1,<environment.Job instance at 0x14583407d5a0>,65,1,[6 2],98,168,169,70,142
1,<environment.Job instance at 0x145820575640>,3,2,[ 1 11],7,170,172,163,143
1,<environment.Job instance at 0x145837c3f6e0>,66,2,[ 1 12],99,172,174,73,145
1,<environment.Job instance at 0x145836e6cd70>,78,3,[ 2 10],115,174,177,59,148
1,<environment.Job instance at 0x145836e6c190>,79,2,[2 7],116,177,179,61,150
1,<environment.Job instance at 0x145836e6c960>,80,22,[ 2 10],117,179,201,62,172
1,<environment.Job instance at 0x1458207765f0>,84,2,[6 2],121,172,174,51,172
1,<environment.Job instance at 0x145836ed6730>,91,1,[2 6],132,177,178,45,172
1,<environment.Job instance at 0x14583406deb0>,95,1,[6 1],136,172,173,36,172
1,<environment.Job instance at 0x14583406ddc0>,96,3,[8 1],138,173,176,35,172
1,<environment.Job instance at 0x1458209c6be0>,98,2,[8 2],143,176,178,33,173
1,<environment.Job instance at 0x14583c060aa0>,99,17,[10  1],146,178,195,32,173
1,<environment.Job instance at 0x145834164230>,100,3,[2 6],147,201,204,54,175
1,<environment.Job instance at 0x1458209eea00>,103,3,[ 2 13],152,204,207,52,178
1,<environment.Job instance at 0x145834128460>,59,12,[7 2],86,195,207,109,187
1,<environment.Job instance at 0x145824d4eeb0>,104,14,[2 6],153,207,221,54,192
1,<environment.Job instance at 0x145834127640>,107,1,[1 7],158,201,202,43,192
1,<environment.Job instance at 0x145824d4e780>,106,2,[2 8],155,219,221,64,219
1,<environment.Job instance at 0x145834164c80>,102,21,[6 1],150,219,240,69,219
1,<environment.Job instance at 0x145823d3baa0>,1,27,[5 2],2,2,29,0,2
1,<environment.Job instance at 0x1458340cf460>,10,13,[8 2],16,27,40,11,27
1,<environment.Job instance at 0x145877e88e10>,16,3,[2 8],25,27,30,2,27
1,<environment.Job instance at 0x1458340cfd70>,11,1,[7 1],17,30,31,13,29
1,<environment.Job instance at 0x14583411db90>,18,28,[1 6],27,31,59,4,31
1,<environment.Job instance at 0x145836ed5050>,20,21,[9 1],31,40,61,9,33
1,<environment.Job instance at 0x14582170af00>,24,2,[ 2 10],36,59,61,23,36
1,<environment.Job instance at 0x145823bcc730>,25,3,[5 1],37,37,40,0,37
1,<environment.Job instance at 0x145820a04c30>,27,1,[2 7],40,40,41,0,40
1,<environment.Job instance at 0x145820a04e10>,28,2,[1 8],41,41,43,0,41
1,<environment.Job instance at 0x145820a045a0>,29,1,[1 9],43,61,62,18,43
1,<environment.Job instance at 0x145820a049b0>,30,2,[ 2 10],45,62,64,17,45
1,<environment.Job instance at 0x1458251654b0>,31,3,[9 1],46,61,64,15,46
1,<environment.Job instance at 0x145825165230>,34,16,[9 2],50,64,80,14,51
1,<environment.Job instance at 0x1458205abeb0>,35,3,[ 2 10],51,64,67,13,51
1,<environment.Job instance at 0x1458207cc9b0>,36,15,[6 1],53,67,82,14,54
1,<environment.Job instance at 0x14583c087dc0>,37,1,[9 2],54,80,81,26,54
1,<environment.Job instance at 0x14583c0875a0>,38,1,[2 8],55,55,56,0,55
1,<environment.Job instance at 0x145837d3dfa0>,39,1,[5 1],56,56,57,0,56
1,<environment.Job instance at 0x14583c087eb0>,40,1,[8 1],58,81,82,23,60
1,<environment.Job instance at 0x14583c087aa0>,41,1,[1 8],60,81,82,21,60
1,<environment.Job instance at 0x1458236b5460>,42,1,[2 9],61,82,83,21,61
1,<environment.Job instance at 0x145820990d20>,43,3,[1 9],62,83,86,21,63
1,<environment.Job instance at 0x145823814550>,44,14,[ 1 10],64,86,100,22,71
1,<environment.Job instance at 0x145834110b90>,46,1,[10  1],66,82,83,16,71
1,<environment.Job instance at 0x1458237e0c30>,49,18,[2 9],70,100,118,30,89
1,<environment.Job instance at 0x1458204cb500>,58,3,[2 5],79,89,92,10,89
1,<environment.Job instance at 0x1458204cbaa0>,59,2,[8 1],80,92,94,12,90
1,<environment.Job instance at 0x14583df0eaf0>,60,27,[6 1],81,92,119,11,90
1,<environment.Job instance at 0x14583df0e460>,61,21,[9 2],82,118,139,36,111
1,<environment.Job instance at 0x14583df0ee10>,63,16,[5 2],84,119,135,35,112
1,<environment.Job instance at 0x14583df0e5a0>,64,2,[2 9],85,135,137,50,112
1,<environment.Job instance at 0x14583df0e820>,65,13,[2 8],87,137,150,50,122
1,<environment.Job instance at 0x14583df0e550>,66,3,[7 2],88,139,142,51,122
1,<environment.Job instance at 0x14583df0eeb0>,69,16,[5 2],93,139,155,46,132
1,<environment.Job instance at 0x14583df0ecd0>,67,17,[ 2 10],89,150,167,61,138
1,<environment.Job instance at 0x14583c15d190>,72,2,[1 7],99,167,169,68,140
1,<environment.Job instance at 0x14583c15d910>,73,3,[7 1],100,142,145,42,140
1,<environment.Job instance at 0x14583c15d410>,74,1,[6 1],101,145,146,44,141
1,<environment.Job instance at 0x14583c15da50>,75,15,[6 2],102,146,161,44,141
1,<environment.Job instance at 0x14583c15d780>,76,3,[2 9],103,169,172,66,143
1,<environment.Job instance at 0x14583c15d690>,77,17,[1 8],105,172,189,67,160
1,<environment.Job instance at 0x14583c15de10>,78,2,[11  2],106,161,163,55,161
1,<environment.Job instance at 0x14583c15d3c0>,79,16,[2 7],107,172,188,65,161
1,<environment.Job instance at 0x14583c15d500>,80,2,[1 8],109,167,169,58,161
1,<environment.Job instance at 0x14583c15d0f0>,81,2,[1 5],110,163,165,53,162
1,<environment.Job instance at 0x14583c15d5a0>,82,1,[1 5],111,165,166,54,162
1,<environment.Job instance at 0x14583c15d140>,83,2,[9 1],112,169,171,57,162
1,<environment.Job instance at 0x145836fb1b90>,84,3,[9 2],113,188,191,75,162
1,<environment.Job instance at 0x145836fb1140>,85,17,[5 2],114,188,205,74,176
1,<environment.Job instance at 0x145836fb1280>,88,1,[2 7],118,191,192,73,177
1,<environment.Job instance at 0x145836fb19b0>,89,2,[2 6],119,191,193,72,177
1,<environment.Job instance at 0x145836fb1460>,90,17,[5 2],120,192,209,72,180
1,<environment.Job instance at 0x145836fb1730>,91,2,[5 1],122,193,195,71,180
1,<environment.Job instance at 0x145836fb1aa0>,92,2,[8 2],123,205,207,82,180
1,<environment.Job instance at 0x1458205b4dc0>,93,2,[12  1],125,209,211,84,182
1,<environment.Job instance at 0x1458205b4910>,94,14,[1 9],126,195,209,69,182
1,<environment.Job instance at 0x1458205b4140>,95,1,[2 8],127,209,210,82,182
1,<environment.Job instance at 0x1458205b4410>,96,18,[10  2],128,211,229,83,200
1,<environment.Job instance at 0x1458205b4690>,100,2,[1 8],133,210,212,77,200
1,<environment.Job instance at 0x1458205b4e10>,101,17,[7 1],134,229,246,95,217
1,<environment.Job instance at 0x1458207457d0>,105,1,[10  2],140,246,247,106,218
1,<environment.Job instance at 0x1458207451e0>,106,16,[7 1],141,229,245,88,218
1,<environment.Job instance at 0x145820745820>,107,1,[1 6],142,218,219,76,218
1,<environment.Job instance at 0x145820745460>,108,14,[1 8],143,219,233,76,218
1,<environment.Job instance at 0x145820745be0>,109,2,[5 1],144,245,247,101,218
1,<environment.Job instance at 0x14582513e910>,110,2,[7 2],145,247,249,102,220
1,<environment.Job instance at 0x14582513e460>,111,1,[1 6],146,233,234,87,220
1,<environment.Job instance at 0x14582513e5f0>,113,3,[1 9],148,234,237,86,220
1,<environment.Job instance at 0x14582513edc0>,114,3,[6 1],149,247,250,98,221
1,<environment.Job instance at 0x14582513e4b0>,115,15,[6 1],155,249,264,94,235
1,<environment.Job instance at 0x14582513e5a0>,116,2,[7 1],156,250,252,94,236
1,<environment.Job instance at 0x14582513ef50>,117,17,[8 1],157,252,269,95,240
1,<environment.Job instance at 0x14582513e7d0>,118,1,[ 2 13],158,245,246,87,240
1,<environment.Job instance at 0x14582513ee60>,119,2,[2 5],159,247,249,88,240
1,<environment.Job instance at 0x14583c15da00>,71,28,[14  1],98,270,298,172,270
1,<environment.Job instance at 0x145825165870>,33,20,[ 2 11],48,344,364,296,344
1,<environment.Job instance at 0x1458238b3730>,14,2,[2 9],24,24,26,0,24
1,<environment.Job instance at 0x1458238b3910>,15,3,[2 6],25,25,28,0,25
1,<environment.Job instance at 0x145820680b40>,18,26,[2 5],29,30,56,1,30
1,<environment.Job instance at 0x1458207365f0>,33,15,[ 2 10],54,54,69,0,54
1,<environment.Job instance at 0x1458207360f0>,34,1,[1 9],55,69,70,14,55
1,<environment.Job instance at 0x145820736640>,36,16,[ 1 11],57,70,86,13,58
1,<environment.Job instance at 0x145820736780>,37,1,[2 6],58,69,70,11,60
1,<environment.Job instance at 0x14582073cfa0>,38,1,[1 5],60,61,62,1,61
1,<environment.Job instance at 0x14582073cb90>,39,2,[2 8],61,86,88,25,61
1,<environment.Job instance at 0x1458208b2f00>,30,2,[ 2 13],49,88,90,39,76
1,<environment.Job instance at 0x14583c0d4c30>,51,2,[10  2],80,83,85,3,83
1,<environment.Job instance at 0x14582073c5a0>,40,24,[2 9],62,90,114,28,85
1,<environment.Job instance at 0x145821990d70>,53,1,[1 8],82,114,115,32,86
1,<environment.Job instance at 0x145821990dc0>,54,25,[9 1],83,86,111,3,86
1,<environment.Job instance at 0x1458208d0af0>,56,1,[7 1],85,111,112,26,86
1,<environment.Job instance at 0x145820982aa0>,59,3,[2 6],89,112,115,23,89
1,<environment.Job instance at 0x145823c809b0>,60,2,[8 1],90,114,116,24,92
1,<environment.Job instance at 0x145820a08230>,65,1,[2 7],98,115,116,17,98
1,<environment.Job instance at 0x145820e9a460>,67,1,[7 2],101,116,117,15,102
1,<environment.Job instance at 0x145820a087d0>,68,3,[9 1],102,117,120,15,103
1,<environment.Job instance at 0x1458206dd0f0>,69,15,[6 1],103,116,131,13,103
1,<environment.Job instance at 0x1458206dd730>,70,1,[2 5],104,105,106,1,105
1,<environment.Job instance at 0x145822c2e410>,71,2,[1 5],106,107,109,1,107
1,<environment.Job instance at 0x1458238e12d0>,72,3,[2 8],107,120,123,13,108
1,<environment.Job instance at 0x145822c2edc0>,73,17,[10  1],108,131,148,23,119
1,<environment.Job instance at 0x1458236ba460>,74,26,[5 2],109,120,146,11,119
1,<environment.Job instance at 0x145824e3edc0>,75,1,[8 2],110,148,149,38,120
1,<environment.Job instance at 0x145822c2e0f0>,76,2,[2 6],111,123,125,12,120
1,<environment.Job instance at 0x145824e3eb90>,77,3,[1 9],112,125,128,13,120
1,<environment.Job instance at 0x145820a5f320>,78,2,[1 7],114,128,130,14,120
1,<environment.Job instance at 0x1458238da050>,79,3,[2 9],115,146,149,31,120
1,<environment.Job instance at 0x1458238dac30>,80,2,[6 1],116,149,151,33,122
1,<environment.Job instance at 0x1458238da1e0>,81,1,[5 1],117,148,149,31,122
1,<environment.Job instance at 0x1458237c61e0>,82,16,[2 6],118,149,165,31,136
1,<environment.Job instance at 0x1458237c6370>,83,2,[7 1],120,149,151,29,136
1,<environment.Job instance at 0x14583c0e9230>,84,14,[5 2],124,151,165,27,136
1,<environment.Job instance at 0x1458221e75f0>,85,1,[ 1 10],125,165,166,40,137
1,<environment.Job instance at 0x1458221e78c0>,86,3,[1 9],126,166,169,40,140
1,<environment.Job instance at 0x145820e27af0>,88,3,[2 7],129,151,154,22,142
1,<environment.Job instance at 0x1458208b20a0>,32,28,[2 5],53,157,185,104,157
1,<environment.Job instance at 0x145820e9ad70>,66,2,[ 1 14],100,185,187,85,159
1,<environment.Job instance at 0x145820e27c30>,89,21,[10  2],132,187,208,55,179
1,<environment.Job instance at 0x1458221f3230>,98,13,[2 9],147,187,200,40,179
1,<environment.Job instance at 0x14583c1440a0>,100,1,[9 1],150,179,180,29,179
1,<environment.Job instance at 0x14583c144460>,101,20,[9 1],151,208,228,57,199
1,<environment.Job instance at 0x14583c144140>,103,2,[13  1],154,228,230,74,201
1,<environment.Job instance at 0x14583c144dc0>,104,1,[12  2],155,230,231,75,202
1,<environment.Job instance at 0x14583c144f00>,105,1,[5 1],156,202,203,46,202
1,<environment.Job instance at 0x14583c144500>,106,3,[8 1],157,231,234,74,205
1,<environment.Job instance at 0x14583c144cd0>,107,2,[6 2],158,208,210,50,205
1,<environment.Job instance at 0x14583c1446e0>,108,3,[9 2],159,234,237,75,208
1,<environment.Job instance at 0x1458238b3d70>,13,1,[2 8],23,226,227,203,226
1,<environment.Job instance at 0x145820e51410>,95,1,[ 1 12],144,242,243,98,242
1,<environment.Job instance at 0x14582367cb40>,0,2,[1 6],6,6,8,0,6
1,<environment.Job instance at 0x145820baceb0>,16,20,[7 2],29,30,50,1,30
1,<environment.Job instance at 0x145820dcc3c0>,29,12,[2 9],44,44,56,0,44
1,<environment.Job instance at 0x145820dcc280>,30,1,[11  1],53,60,61,7,60
1,<environment.Job instance at 0x145834183b40>,32,2,[1 6],55,63,65,8,63
1,<environment.Job instance at 0x145834183af0>,33,2,[1 8],56,63,65,7,63
1,<environment.Job instance at 0x145834183910>,31,2,[5 1],54,63,65,9,63
1,<environment.Job instance at 0x145834042960>,35,18,[10  2],59,65,83,6,65
1,<environment.Job instance at 0x1458236a78c0>,37,1,[2 9],61,65,66,4,65
1,<environment.Job instance at 0x14582047d690>,38,1,[1 5],62,66,67,4,65
1,<environment.Job instance at 0x1458236a7820>,39,16,[ 2 10],63,67,83,4,65
1,<environment.Job instance at 0x145834183d20>,40,3,[5 1],64,83,86,19,65
1,<environment.Job instance at 0x1458216ea140>,41,3,[1 7],65,83,86,18,65
1,<environment.Job instance at 0x14583c09eb40>,42,3,[10  2],67,86,89,19,67
1,<environment.Job instance at 0x145820dd80f0>,44,2,[9 2],71,83,85,12,71
1,<environment.Job instance at 0x1458210132d0>,45,2,[2 7],75,85,87,10,75
1,<environment.Job instance at 0x145824e59910>,46,1,[8 1],76,89,90,13,76
1,<environment.Job instance at 0x145835a38370>,47,15,[7 1],77,89,104,12,77
1,<environment.Job instance at 0x145837d84f50>,48,1,[1 8],78,87,88,9,78
1,<environment.Job instance at 0x145837d84dc0>,49,12,[7 2],79,90,102,11,79
1,<environment.Job instance at 0x145837d849b0>,51,2,[7 2],81,102,104,21,82
1,<environment.Job instance at 0x1458205c59b0>,52,1,[ 2 10],82,88,89,6,82
1,<environment.Job instance at 0x145821709460>,54,17,[5 2],85,104,121,19,92
1,<environment.Job instance at 0x145821709a50>,55,3,[10  1],87,104,107,17,92
1,<environment.Job instance at 0x145821709f50>,56,1,[9 2],88,107,108,19,92
1,<environment.Job instance at 0x1458217096e0>,57,17,[8 1],89,108,125,19,96
1,<environment.Job instance at 0x1458217093c0>,59,13,[1 9],91,107,120,16,98
1,<environment.Job instance at 0x145821709a00>,60,2,[10  2],92,125,127,33,98
1,<environment.Job instance at 0x145821709fa0>,61,15,[9 1],94,127,142,33,113
1,<environment.Job instance at 0x145834015960>,62,1,[1 5],95,120,121,25,113
1,<environment.Job instance at 0x145834015050>,63,2,[1 9],96,121,123,25,113
1,<environment.Job instance at 0x14583c0bcc30>,64,2,[1 7],99,123,125,24,115
1,<environment.Job instance at 0x14583c0bcb90>,65,3,[1 8],100,125,128,25,115
1,<environment.Job instance at 0x14583c0bcf50>,66,19,[5 2],101,127,146,26,117
1,<environment.Job instance at 0x14583c0bc690>,68,3,[1 7],103,128,131,25,117
1,<environment.Job instance at 0x1458216de370>,69,2,[6 1],104,121,123,17,119
1,<environment.Job instance at 0x14583c0bcc80>,70,3,[7 2],105,142,145,37,120
1,<environment.Job instance at 0x1458216dee10>,71,2,[8 1],106,145,147,39,120
1,<environment.Job instance at 0x1458219985f0>,72,15,[8 2],107,147,162,40,136
1,<environment.Job instance at 0x145821998d70>,75,1,[1 6],111,136,137,25,136
1,<environment.Job instance at 0x145821998500>,76,3,[6 1],112,146,149,34,136
1,<environment.Job instance at 0x1458219985a0>,77,16,[1 5],113,137,153,24,136
1,<environment.Job instance at 0x1458216a9b40>,78,3,[2 5],114,142,145,28,136
1,<environment.Job instance at 0x145825149d70>,79,3,[2 8],116,149,152,33,137
1,<environment.Job instance at 0x1458251497d0>,80,17,[12  1],117,162,179,45,150
1,<environment.Job instance at 0x145820b7f5f0>,81,3,[1 8],118,152,155,34,150
1,<environment.Job instance at 0x145823bc4730>,82,2,[2 5],120,153,155,33,150
1,<environment.Job instance at 0x1458216be820>,83,3,[1 9],121,155,158,34,151
1,<environment.Job instance at 0x145821998cd0>,74,2,[8 2],110,179,181,69,158
1,<environment.Job instance at 0x145823bc4320>,84,15,[9 1],122,181,196,59,168
1,<environment.Job instance at 0x145823bc45f0>,86,13,[8 1],124,196,209,72,180
1,<environment.Job instance at 0x145823bc4b90>,87,3,[2 8],125,180,183,55,180
1,<environment.Job instance at 0x1458216b25f0>,88,2,[1 7],126,183,185,57,180
1,<environment.Job instance at 0x1458216b2410>,89,2,[1 6],127,181,183,54,180
1,<environment.Job instance at 0x14583c0b8730>,90,14,[ 2 10],128,185,199,57,180
1,<environment.Job instance at 0x145820eccc80>,92,3,[8 2],131,209,212,78,185
1,<environment.Job instance at 0x145823c0de10>,93,3,[ 2 10],132,199,202,67,185
1,<environment.Job instance at 0x145823c0d550>,94,2,[9 1],134,212,214,78,187
1,<environment.Job instance at 0x145823bade60>,95,1,[2 5],135,202,203,67,187
1,<environment.Job instance at 0x145820431af0>,96,3,[1 8],137,202,205,65,187
1,<environment.Job instance at 0x145820431aa0>,97,2,[2 8],140,205,207,65,188
1,<environment.Job instance at 0x145820abb2d0>,98,17,[1 8],142,207,224,65,195
1,<environment.Job instance at 0x145820abb410>,99,15,[10  1],143,214,229,71,202
1,<environment.Job instance at 0x145820abb500>,100,3,[1 8],145,224,227,79,204
1,<environment.Job instance at 0x145824e5b910>,101,12,[1 7],146,227,239,81,210
1,<environment.Job instance at 0x145820495320>,102,3,[8 1],147,229,232,82,210
1,<environment.Job instance at 0x145820d44320>,103,3,[10  1],148,232,235,84,210
1,<environment.Job instance at 0x145824e5be10>,104,3,[1 8],149,235,238,86,210
1,<environment.Job instance at 0x145824e5b7d0>,105,2,[2 9],150,239,241,89,212
1,<environment.Job instance at 0x145820c46eb0>,106,2,[8 2],151,238,240,87,212
1,<environment.Job instance at 0x145824eacd70>,107,2,[8 1],152,240,242,88,213
1,<environment.Job instance at 0x145824eac460>,108,16,[7 2],154,241,257,87,228
1,<environment.Job instance at 0x14582042b0a0>,110,3,[ 2 10],157,242,245,85,228
1,<environment.Job instance at 0x145820a6dd20>,111,12,[ 2 11],158,245,257,87,228
1,<environment.Job instance at 0x1458216c0550>,27,12,[ 1 14],42,313,325,271,313
1,<environment.Job instance at 0x1458216c0230>,26,1,[ 1 13],41,715,716,674,715
1,<environment.Job instance at 0x1458204b0870>,10,1,[5 2],13,14,15,1,14
1,<environment.Job instance at 0x1458204b0d70>,6,18,[8 2],9,18,36,9,18
1,<environment.Job instance at 0x1458204b05a0>,11,3,[7 1],14,18,21,4,18
1,<environment.Job instance at 0x1458204b00f0>,14,18,[1 6],18,21,39,3,18
1,<environment.Job instance at 0x145820ca3d70>,16,2,[2 8],21,36,38,15,21
1,<environment.Job instance at 0x1458236ee8c0>,19,3,[2 5],25,25,28,0,25
1,<environment.Job instance at 0x145820d2c9b0>,20,2,[6 2],26,28,30,2,26
1,<environment.Job instance at 0x1458204b0640>,8,3,[2 6],11,30,33,19,28
1,<environment.Job instance at 0x1458208775f0>,21,16,[2 8],28,38,54,10,29
1,<environment.Job instance at 0x14582075a140>,23,18,[2 5],30,39,57,9,30
1,<environment.Job instance at 0x145824de6280>,24,3,[10  2],31,39,42,8,32
1,<environment.Job instance at 0x145824e81aa0>,26,3,[10  1],35,36,39,1,36
1,<environment.Job instance at 0x145820e55dc0>,28,18,[ 1 14],37,57,75,20,48
1,<environment.Job instance at 0x145820e554b0>,29,2,[7 1],38,48,50,10,48
1,<environment.Job instance at 0x145820e55a50>,30,3,[10  1],39,50,53,11,50
1,<environment.Job instance at 0x1458219a1190>,31,1,[6 1],40,53,54,13,51
1,<environment.Job instance at 0x1458219a1050>,32,18,[1 9],41,75,93,34,66
1,<environment.Job instance at 0x1458219a14b0>,33,1,[2 7],42,93,94,51,66
1,<environment.Job instance at 0x1458219a15a0>,34,3,[7 1],43,70,73,27,70
1,<environment.Job instance at 0x1458219a1140>,35,1,[8 2],44,75,76,31,70
1,<environment.Job instance at 0x1458219a1af0>,36,28,[ 2 10],46,101,129,55,101
1,<environment.Job instance at 0x1458219a1280>,37,15,[1 8],47,129,144,82,115
1,<environment.Job instance at 0x1458219a1f50>,38,2,[8 2],48,116,118,68,116
1,<environment.Job instance at 0x145836fc4e60>,39,13,[6 1],49,118,131,69,118
1,<environment.Job instance at 0x145836fc4f00>,40,3,[10  1],51,131,134,80,119
1,<environment.Job instance at 0x145836fc4eb0>,41,14,[6 1],53,134,148,81,119
1,<environment.Job instance at 0x145834082730>,42,2,[10  1],54,148,150,94,121
1,<environment.Job instance at 0x145820974e60>,43,1,[ 1 10],57,144,145,87,121
1,<environment.Job instance at 0x145836fc4820>,44,1,[5 2],58,124,125,66,124
1,<environment.Job instance at 0x145836fc4690>,45,1,[8 1],59,129,130,70,124
1,<environment.Job instance at 0x145820c60e10>,46,14,[1 6],61,130,144,69,125
1,<environment.Job instance at 0x145820c60460>,47,12,[1 7],64,145,157,81,129
1,<environment.Job instance at 0x145820c600a0>,49,3,[10  2],68,150,153,82,129
1,<environment.Job instance at 0x14582088b8c0>,50,17,[5 2],70,153,170,83,141
1,<environment.Job instance at 0x145820c606e0>,51,3,[8 2],71,144,147,73,141
1,<environment.Job instance at 0x145820c60280>,52,2,[2 5],74,147,149,73,141
1,<environment.Job instance at 0x145823d31e10>,53,19,[ 2 14],75,170,189,95,161
1,<environment.Job instance at 0x145823d31780>,54,1,[8 1],76,161,162,85,161
1,<environment.Job instance at 0x145823d317d0>,55,3,[9 1],77,162,165,85,161
1,<environment.Job instance at 0x145823d315a0>,56,2,[9 1],79,165,167,86,161
1,<environment.Job instance at 0x145823d31280>,57,17,[2 6],80,189,206,109,177
1,<environment.Job instance at 0x145823d31b40>,58,3,[1 7],83,189,192,106,179
1,<environment.Job instance at 0x145820fb2370>,59,1,[8 2],84,189,190,105,181
1,<environment.Job instance at 0x145820fb2d70>,60,2,[10  1],85,182,184,97,182
1,<environment.Job instance at 0x145820fb23c0>,61,2,[10  1],86,184,186,98,182
1,<environment.Job instance at 0x145820fb2e10>,62,16,[10  2],87,190,206,103,182
1,<environment.Job instance at 0x145820fb25a0>,63,2,[2 5],88,192,194,104,184
1,<environment.Job instance at 0x145820fb2730>,64,1,[1 7],89,194,195,105,184
1,<environment.Job instance at 0x145820fb2690>,65,1,[2 9],90,206,207,116,185
1,<environment.Job instance at 0x145820fb2aa0>,66,3,[2 9],92,207,210,115,185
1,<environment.Job instance at 0x1458238040a0>,67,1,[9 2],93,206,207,113,185
1,<environment.Job instance at 0x145823be33c0>,27,3,[6 2],36,207,210,171,186
1,<environment.Job instance at 0x145823804cd0>,68,1,[7 2],95,207,208,112,186
1,<environment.Job instance at 0x145823804eb0>,70,3,[10  2],98,210,213,112,189
1,<environment.Job instance at 0x1458238042d0>,71,1,[10  2],99,213,214,114,195
1,<environment.Job instance at 0x145823804d70>,73,2,[10  1],101,214,216,113,197
1,<environment.Job instance at 0x145823804f00>,74,1,[1 7],102,200,201,98,200
1,<environment.Job instance at 0x1458238048c0>,75,1,[9 1],104,216,217,112,201
1,<environment.Job instance at 0x1458217041e0>,77,3,[9 2],106,217,220,111,201
1,<environment.Job instance at 0x1458217040a0>,78,3,[10  2],108,220,223,112,201
1,<environment.Job instance at 0x145821704e10>,79,3,[ 1 10],109,210,213,101,201
1,<environment.Job instance at 0x145824e8e410>,81,3,[ 2 10],112,213,216,101,201
1,<environment.Job instance at 0x1458204821e0>,82,2,[2 8],113,216,218,103,201
1,<environment.Job instance at 0x145820482f00>,83,2,[8 1],114,223,225,109,201
1,<environment.Job instance at 0x145823e2de60>,84,3,[2 8],117,218,221,101,201
1,<environment.Job instance at 0x14583c065730>,85,3,[9 1],118,225,228,107,201
1,<environment.Job instance at 0x145823b3a4b0>,86,3,[2 9],120,221,224,101,201
1,<environment.Job instance at 0x1458237c9eb0>,87,2,[10  2],121,228,230,107,201
1,<environment.Job instance at 0x145823b92140>,88,2,[ 1 10],122,224,226,102,201
1,<environment.Job instance at 0x1458237c9be0>,89,3,[ 1 10],124,226,229,102,201
1,<environment.Job instance at 0x145835a21c30>,90,1,[9 2],125,230,231,105,202
1,<environment.Job instance at 0x145820a760a0>,91,1,[7 2],126,208,209,82,202
1,<environment.Job instance at 0x145837d00a00>,92,2,[5 2],127,223,225,96,203
1,<environment.Job instance at 0x145824db63c0>,93,3,[14  2],128,231,234,103,207
1,<environment.Job instance at 0x1458208d06e0>,94,2,[1 7],131,229,231,98,208
1,<environment.Job instance at 0x145824db6690>,95,2,[2 6],132,229,231,97,208
1,<environment.Job instance at 0x145824db6aa0>,96,3,[6 1],134,234,237,100,210
1,<environment.Job instance at 0x145823c4a690>,97,16,[ 2 10],135,234,250,99,223
1,<environment.Job instance at 0x145824db6870>,98,2,[5 1],137,234,236,97,227
1,<environment.Job instance at 0x145874231f00>,99,3,[6 1],138,236,239,98,227
1,<environment.Job instance at 0x145824dcef00>,100,1,[10  1],139,239,240,100,227
1,<environment.Job instance at 0x1458238cf0f0>,101,15,[7 1],140,240,255,100,230
1,<environment.Job instance at 0x145824dcee60>,102,3,[ 2 10],141,250,253,109,230
1,<environment.Job instance at 0x145837d3aaf0>,80,2,[5 1],110,237,239,127,233
1,<environment.Job instance at 0x145821979460>,103,17,[2 9],143,253,270,110,241
1,<environment.Job instance at 0x14583c410870>,105,3,[2 9],145,270,273,125,244
1,<environment.Job instance at 0x1458238984b0>,106,3,[2 5],146,253,256,107,244
1,<environment.Job instance at 0x145823d915f0>,107,3,[1 7],147,273,276,126,247
1,<environment.Job instance at 0x145823d91230>,109,2,[5 2],149,247,249,98,247
1,<environment.Job instance at 0x145823d916e0>,110,12,[ 1 10],150,276,288,126,263
1,<environment.Job instance at 0x145820a0ea50>,111,2,[1 5],151,267,269,116,267
1,<environment.Job instance at 0x145820a0e550>,112,12,[5 1],152,269,281,117,269
1,<environment.Job instance at 0x145820a0e500>,113,1,[10  1],153,281,282,128,269
1,<environment.Job instance at 0x145820a0e320>,114,3,[1 7],155,273,276,118,270
1,<environment.Job instance at 0x145820a0e230>,115,1,[10  2],157,282,283,125,271
1,<environment.Job instance at 0x145820a0eeb0>,116,1,[6 1],159,276,277,117,274
1,<environment.Job instance at 0x145836fa6aa0>,17,17,[11  2],22,410,427,388,410
1,<environment.Job instance at 0x1458204b0140>,9,3,[2 6],12,474,477,462,474
1,<environment.Job instance at 0x145821704b40>,76,13,[ 2 11],105,789,802,684,789
1,<environment.Job instance at 0x14582514dc80>,15,26,[2 7],22,22,48,0,22
1,<environment.Job instance at 0x145821642820>,22,1,[ 2 10],30,48,49,18,31
1,<environment.Job instance at 0x145821642370>,23,2,[2 5],31,31,33,0,31
1,<environment.Job instance at 0x145821008870>,24,15,[7 2],32,32,47,0,32
1,<environment.Job instance at 0x145836f81b90>,25,1,[7 2],35,47,48,12,35
1,<environment.Job instance at 0x14582091a780>,26,1,[1 8],36,49,50,13,36
1,<environment.Job instance at 0x145836e70aa0>,27,2,[1 7],37,49,51,12,37
1,<environment.Job instance at 0x1458208c9050>,29,2,[1 6],39,41,43,2,41
1,<environment.Job instance at 0x1458204cb0f0>,30,1,[14  1],41,50,51,9,42
1,<environment.Job instance at 0x145837db17d0>,33,1,[8 1],44,48,49,4,44
1,<environment.Job instance at 0x145877e791e0>,35,13,[2 5],47,51,64,4,47
1,<environment.Job instance at 0x145824de6500>,20,1,[7 2],28,51,52,23,47
1,<environment.Job instance at 0x14583ea641e0>,37,16,[6 1],50,51,67,1,50
1,<environment.Job instance at 0x14583ea64780>,38,1,[ 1 10],52,64,65,12,52
1,<environment.Job instance at 0x14583ea644b0>,39,3,[9 1],54,65,68,11,54
1,<environment.Job instance at 0x145835a21f50>,40,1,[8 2],56,64,65,8,58
1,<environment.Job instance at 0x145835a21cd0>,42,1,[10  1],59,68,69,9,59
1,<environment.Job instance at 0x145835a21d70>,43,3,[8 1],60,69,72,9,60
1,<environment.Job instance at 0x14582162d550>,45,1,[5 2],62,62,63,0,62
1,<environment.Job instance at 0x145836f74dc0>,50,1,[1 5],68,68,69,0,68
1,<environment.Job instance at 0x14583e831870>,52,2,[7 1],70,70,72,0,70
1,<environment.Job instance at 0x1458207f3320>,58,2,[7 1],76,78,80,2,78
1,<environment.Job instance at 0x1458236d0af0>,62,2,[1 9],82,89,91,7,89
1,<environment.Job instance at 0x14583c086190>,64,3,[1 5],86,99,102,13,99
1,<environment.Job instance at 0x1458237a09b0>,65,1,[8 1],87,100,101,13,100
1,<environment.Job instance at 0x145821642a00>,21,25,[1 7],29,101,126,72,101
1,<environment.Job instance at 0x1458237a05f0>,66,2,[8 2],88,109,111,21,109
1,<environment.Job instance at 0x145835a21a00>,41,3,[1 5],57,109,112,52,109
1,<environment.Job instance at 0x145824ec0e60>,68,2,[5 2],90,111,113,21,110
1,<environment.Job instance at 0x14582380e7d0>,70,1,[1 5],93,112,113,19,111
1,<environment.Job instance at 0x14582367e280>,71,16,[8 1],94,114,130,20,114
1,<environment.Job instance at 0x14582380ed70>,72,14,[2 8],95,126,140,31,115
1,<environment.Job instance at 0x14582367ec30>,73,15,[8 2],96,130,145,34,117
1,<environment.Job instance at 0x14582367eeb0>,74,3,[1 7],98,118,121,20,118
1,<environment.Job instance at 0x145824e82d20>,75,3,[7 1],99,140,143,41,118
1,<environment.Job instance at 0x145824e45f00>,76,2,[2 7],100,121,123,21,118
1,<environment.Job instance at 0x145823723960>,77,14,[ 2 10],101,143,157,42,128
1,<environment.Job instance at 0x1458206d38c0>,78,1,[1 9],102,157,158,55,133
1,<environment.Job instance at 0x1458206d3d20>,79,18,[5 2],103,143,161,40,133
1,<environment.Job instance at 0x145874235960>,80,2,[1 8],105,158,160,53,134
1,<environment.Job instance at 0x145874235690>,82,3,[2 6],108,160,163,52,134
1,<environment.Job instance at 0x145823ca9cd0>,83,14,[10  1],109,161,175,52,146
1,<environment.Job instance at 0x1458216bbd20>,84,3,[ 1 14],110,163,166,53,146
1,<environment.Job instance at 0x1458208c0e10>,85,3,[5 1],111,146,149,35,146
1,<environment.Job instance at 0x14583415e5f0>,86,2,[8 1],113,149,151,36,146
1,<environment.Job instance at 0x14583415e410>,87,3,[9 1],114,157,160,43,146
1,<environment.Job instance at 0x14583415e0a0>,88,3,[8 2],115,151,154,36,147
1,<environment.Job instance at 0x14583415e500>,89,12,[7 2],117,175,187,58,159
1,<environment.Job instance at 0x145823b5f190>,90,2,[2 7],119,160,162,41,159
1,<environment.Job instance at 0x14583ee4bcd0>,91,17,[6 2],121,175,192,54,163
1,<environment.Job instance at 0x145824cdcd70>,92,13,[ 2 10],122,166,179,44,163
1,<environment.Job instance at 0x14583ee4b1e0>,93,2,[1 9],123,179,181,56,164
1,<environment.Job instance at 0x14583ee4b410>,95,1,[8 1],125,187,188,62,174
1,<environment.Job instance at 0x14583ee4b3c0>,94,23,[1 5],124,181,204,57,175
1,<environment.Job instance at 0x14583e76b8c0>,97,1,[8 2],127,188,189,61,175
1,<environment.Job instance at 0x14583e76b5f0>,98,2,[7 1],128,189,191,61,177
1,<environment.Job instance at 0x14583e76baf0>,99,1,[5 1],129,191,192,62,177
1,<environment.Job instance at 0x145820e31c80>,100,2,[2 8],130,192,194,62,180
1,<environment.Job instance at 0x145820e313c0>,101,3,[7 1],131,192,195,61,180
1,<environment.Job instance at 0x145820e312d0>,102,3,[8 2],132,195,198,63,180
1,<environment.Job instance at 0x145820e31e60>,103,2,[10  1],134,198,200,64,180
1,<environment.Job instance at 0x14583ee4b140>,96,18,[10  1],126,200,218,74,191
1,<environment.Job instance at 0x145837db63c0>,104,22,[5 1],136,204,226,68,197
1,<environment.Job instance at 0x145837db6a00>,107,3,[1 5],142,197,200,55,197
1,<environment.Job instance at 0x145837db6aa0>,108,2,[5 2],143,218,220,75,197
1,<environment.Job instance at 0x14582163eaf0>,109,13,[8 1],145,220,233,75,204
1,<environment.Job instance at 0x14582163e4b0>,110,1,[7 2],146,226,227,80,204
1,<environment.Job instance at 0x14582163e460>,111,2,[2 8],147,218,220,71,204
1,<environment.Job instance at 0x14582163e6e0>,112,12,[9 1],148,233,245,85,216
1,<environment.Job instance at 0x14582163e3c0>,113,3,[9 2],150,245,248,95,219
1,<environment.Job instance at 0x14582163e910>,114,1,[ 2 10],151,220,221,69,220
1,<environment.Job instance at 0x14582163ed70>,115,2,[6 2],152,227,229,75,220
1,<environment.Job instance at 0x14582163ee10>,116,1,[1 5],154,221,222,67,221
1,<environment.Job instance at 0x14582169d2d0>,117,2,[5 2],155,229,231,74,221
1,<environment.Job instance at 0x14582169d280>,118,2,[8 1],156,248,250,92,221
1,<environment.Job instance at 0x14582169d7d0>,119,2,[8 1],157,250,252,93,223
1,<environment.Job instance at 0x14582169deb0>,120,17,[ 2 10],158,229,246,71,223
1,<environment.Job instance at 0x14582169da50>,121,3,[10  2],159,252,255,93,226
1,<environment.Job instance at 0x1458236d0550>,61,3,[ 1 11],81,246,249,165,234
1,<environment.Job instance at 0x1458236d0370>,63,2,[2 5],83,249,251,166,249
1,<environment.Job instance at 0x145837db6f50>,106,16,[8 2],141,255,271,114,250
1,<environment.Job instance at 0x145824ec08c0>,67,14,[9 2],89,708,722,619,708
1,<environment.Job instance at 0x14583ea93d70>,5,13,[8 1],6,45,58,39,45
1,<environment.Job instance at 0x1458206a7500>,1,18,[ 2 11],2,49,67,47,49
1,<environment.Job instance at 0x14583ea93d20>,7,2,[ 1 10],8,67,69,59,49
1,<environment.Job instance at 0x1458206d69b0>,9,3,[5 2],10,49,52,39,49
1,<environment.Job instance at 0x1458206d6f00>,10,17,[6 2],14,58,75,44,49
1,<environment.Job instance at 0x1458206d6050>,11,3,[5 2],15,52,55,37,49
1,<environment.Job instance at 0x1458206d6190>,13,2,[8 2],17,67,69,50,49
1,<environment.Job instance at 0x1458206d6b40>,14,2,[11  1],18,75,77,57,49
1,<environment.Job instance at 0x1458206d6d70>,16,12,[1 8],20,69,81,49,53
1,<environment.Job instance at 0x145820bde280>,19,14,[2 5],26,69,83,43,55
1,<environment.Job instance at 0x145820bde5f0>,20,2,[1 8],27,81,83,54,55
1,<environment.Job instance at 0x145820bde4b0>,22,14,[1 7],29,83,97,54,68
1,<environment.Job instance at 0x145823842c30>,32,3,[7 1],44,77,80,33,68
1,<environment.Job instance at 0x14583c196190>,33,2,[ 1 10],45,97,99,52,70
1,<environment.Job instance at 0x145824ea7b40>,34,2,[ 1 11],47,99,101,52,72
1,<environment.Job instance at 0x145824ea7a50>,36,16,[ 1 12],49,101,117,52,88
1,<environment.Job instance at 0x145820f6c320>,43,3,[2 6],60,88,91,28,88
1,<environment.Job instance at 0x1458221fcdc0>,45,16,[7 2],62,88,104,26,88
1,<environment.Job instance at 0x1458221fc4b0>,48,3,[1 6],67,91,94,24,88
1,<environment.Job instance at 0x1458221fc6e0>,49,2,[1 6],69,94,96,25,88
1,<environment.Job instance at 0x145837dba500>,51,3,[9 2],74,104,107,30,88
1,<environment.Job instance at 0x145837dba140>,52,1,[2 8],76,117,118,41,89
1,<environment.Job instance at 0x145837dba2d0>,54,13,[1 8],78,118,131,40,102
1,<environment.Job instance at 0x145824eb2e10>,57,2,[7 2],84,107,109,23,102
1,<environment.Job instance at 0x145824eb25a0>,58,12,[2 8],85,131,143,46,115
1,<environment.Job instance at 0x145820ec2190>,62,18,[1 6],91,117,135,26,116
1,<environment.Job instance at 0x145835a19280>,63,14,[9 2],93,135,149,42,120
1,<environment.Job instance at 0x1458205d36e0>,64,3,[1 9],96,143,146,47,120
1,<environment.Job instance at 0x1458205d39b0>,65,1,[5 2],97,143,144,46,120
1,<environment.Job instance at 0x1458205d3320>,67,23,[9 1],100,149,172,49,143
1,<environment.Job instance at 0x1458340fc960>,75,1,[7 1],111,172,173,61,144
1,<environment.Job instance at 0x1458340fc7d0>,76,2,[10  1],112,173,175,61,146
1,<environment.Job instance at 0x145824db99b0>,78,3,[6 2],114,146,149,32,146
1,<environment.Job instance at 0x145820ade820>,79,3,[2 5],118,149,152,31,146
1,<environment.Job instance at 0x145820e48fa0>,80,2,[5 1],119,152,154,33,146
1,<environment.Job instance at 0x14583ee4c2d0>,81,18,[2 9],121,154,172,33,146
1,<environment.Job instance at 0x14583ee4c0f0>,82,13,[2 8],123,172,185,49,156
1,<environment.Job instance at 0x14583ee4cd20>,84,3,[2 7],126,175,178,49,156
1,<environment.Job instance at 0x145820ae4cd0>,85,3,[2 9],127,185,188,58,159
1,<environment.Job instance at 0x145820ae4730>,87,18,[7 2],130,178,196,48,167
1,<environment.Job instance at 0x1458207a24b0>,90,2,[14  2],134,196,198,62,169
1,<environment.Job instance at 0x145825116140>,91,3,[ 1 10],135,188,191,53,169
1,<environment.Job instance at 0x1458207a2820>,92,1,[14  2],136,198,199,62,170
1,<environment.Job instance at 0x145825116a50>,94,13,[6 1],138,178,191,40,170
1,<environment.Job instance at 0x145825116550>,95,2,[1 9],139,191,193,52,170
1,<environment.Job instance at 0x1458251160a0>,96,3,[6 2],140,191,194,51,170
1,<environment.Job instance at 0x145825116870>,98,2,[1 8],143,193,195,50,170
1,<environment.Job instance at 0x1458209b3be0>,97,3,[5 2],142,199,202,57,173
1,<environment.Job instance at 0x145824dfcd20>,101,14,[2 8],148,199,213,51,184
1,<environment.Job instance at 0x14583c0891e0>,107,1,[6 2],158,194,195,36,184
1,<environment.Job instance at 0x14583ea93be0>,4,2,[ 1 13],5,814,816,809,814
1,<environment.Job instance at 0x145823cae230>,19,3,[1 5],33,33,36,0,33
1,<environment.Job instance at 0x1458340484b0>,20,14,[1 7],34,35,49,1,35
1,<environment.Job instance at 0x1458207ef1e0>,22,12,[5 2],37,37,49,0,37
1,<environment.Job instance at 0x145820eb80f0>,23,1,[2 9],38,49,50,11,40
1,<environment.Job instance at 0x1458209404b0>,24,1,[10  2],39,49,50,10,42
1,<environment.Job instance at 0x145820eb81e0>,25,2,[5 2],42,42,44,0,42
1,<environment.Job instance at 0x145820eb83c0>,26,2,[10  1],43,50,52,7,43
1,<environment.Job instance at 0x145820eb8550>,27,17,[7 1],45,52,69,7,45
1,<environment.Job instance at 0x14583c13b370>,28,1,[7 2],46,47,48,1,47
1,<environment.Job instance at 0x14583c13bb40>,29,15,[7 1],47,52,67,5,47
1,<environment.Job instance at 0x1458205b95a0>,30,13,[5 2],53,67,80,14,53
1,<environment.Job instance at 0x14583c0ebcd0>,31,3,[1 9],54,56,59,2,56
1,<environment.Job instance at 0x14583413ca50>,32,1,[1 7],57,59,60,2,58
1,<environment.Job instance at 0x145820877fa0>,33,14,[7 1],59,69,83,10,59
1,<environment.Job instance at 0x145820877140>,34,3,[6 2],60,80,83,20,61
1,<environment.Job instance at 0x14583c0fd5f0>,35,17,[6 2],65,83,100,18,71
1,<environment.Job instance at 0x1458209e0a00>,36,2,[8 1],66,83,85,17,71
1,<environment.Job instance at 0x14583410ef00>,37,3,[8 2],68,85,88,17,71
1,<environment.Job instance at 0x145823cae1e0>,17,1,[5 2],31,88,89,57,79
1,<environment.Job instance at 0x145820720190>,38,14,[10  2],69,100,114,31,85
1,<environment.Job instance at 0x1458237d0a00>,40,17,[1 9],71,85,102,14,85
1,<environment.Job instance at 0x14582065c2d0>,41,3,[1 6],72,102,105,30,86
1,<environment.Job instance at 0x14582065c550>,42,1,[8 1],73,89,90,16,86
1,<environment.Job instance at 0x14582065ccd0>,43,1,[6 1],74,90,91,16,86
1,<environment.Job instance at 0x14582065c910>,44,1,[1 9],78,105,106,27,86
1,<environment.Job instance at 0x14583c11d960>,45,3,[10  2],82,114,117,32,88
1,<environment.Job instance at 0x145824e58f50>,47,1,[2 8],84,106,107,22,89
1,<environment.Job instance at 0x145824e26cd0>,48,2,[9 1],87,117,119,30,90
1,<environment.Job instance at 0x145823d6a550>,49,18,[2 8],88,107,125,19,98
1,<environment.Job instance at 0x145837d0efa0>,50,13,[7 2],91,119,132,28,103
1,<environment.Job instance at 0x145837d0ecd0>,51,2,[6 2],92,119,121,27,103
1,<environment.Job instance at 0x145837d0e5a0>,52,3,[5 2],97,121,124,24,103
1,<environment.Job instance at 0x145837d0eeb0>,53,3,[ 2 10],98,125,128,27,103
1,<environment.Job instance at 0x145837d0e460>,54,3,[1 5],100,106,109,6,103
1,<environment.Job instance at 0x145837d0e7d0>,55,1,[9 1],101,132,133,31,104
1,<environment.Job instance at 0x145837d0e4b0>,56,2,[1 7],103,128,130,25,105
1,<environment.Job instance at 0x145823d388c0>,57,2,[2 5],104,109,111,5,105
1,<environment.Job instance at 0x145823d386e0>,58,16,[5 2],105,124,140,19,111
1,<environment.Job instance at 0x145823bf8870>,59,13,[ 1 13],106,133,146,27,117
1,<environment.Job instance at 0x145823bf8be0>,60,2,[10  1],107,140,142,33,117
1,<environment.Job instance at 0x145823bf8280>,61,2,[8 1],108,142,144,34,117
1,<environment.Job instance at 0x145823bf83c0>,62,3,[2 9],110,146,149,36,120
1,<environment.Job instance at 0x145823bf8b90>,63,1,[1 9],111,130,131,19,120
1,<environment.Job instance at 0x145823bf8e10>,64,18,[8 2],112,144,162,32,135
1,<environment.Job instance at 0x145823bf8230>,65,2,[5 1],113,142,144,29,135
1,<environment.Job instance at 0x145823bf8f00>,66,3,[2 5],114,149,152,35,135
1,<environment.Job instance at 0x145837d7a550>,67,1,[6 1],115,152,153,37,135
1,<environment.Job instance at 0x145837d7aaa0>,68,1,[5 2],117,146,147,29,135
1,<environment.Job instance at 0x145823ca3500>,69,1,[6 1],118,153,154,35,135
1,<environment.Job instance at 0x145837d7a730>,70,3,[2 5],124,149,152,25,135
1,<environment.Job instance at 0x145823c115a0>,71,2,[2 5],126,154,156,28,135
1,<environment.Job instance at 0x145823c114b0>,72,1,[2 9],127,156,157,29,135
1,<environment.Job instance at 0x145824e58fa0>,46,17,[6 1],83,157,174,74,145
1,<environment.Job instance at 0x145823c111e0>,73,18,[7 2],129,162,180,33,151
1,<environment.Job instance at 0x145823c11aa0>,76,2,[6 2],132,174,176,42,152
1,<environment.Job instance at 0x145823c11140>,77,3,[2 6],133,162,165,29,153
1,<environment.Job instance at 0x145823c11870>,78,2,[1 6],134,153,155,19,153
1,<environment.Job instance at 0x14583deaff50>,79,1,[2 5],135,155,156,20,153
1,<environment.Job instance at 0x145820c068c0>,80,1,[2 8],136,165,166,29,155
1,<environment.Job instance at 0x145824de6fa0>,81,2,[10  1],137,180,182,43,156
1,<environment.Job instance at 0x1458343ae690>,82,2,[7 1],138,176,178,38,156
1,<environment.Job instance at 0x145836f860f0>,83,2,[7 2],139,178,180,39,157
1,<environment.Job instance at 0x145824d9c0a0>,84,1,[9 2],140,182,183,42,157
1,<environment.Job instance at 0x145824e67c80>,85,2,[9 1],141,183,185,42,157
1,<environment.Job instance at 0x14583415e140>,86,3,[9 1],143,185,188,42,159
1,<environment.Job instance at 0x145823c11cd0>,75,2,[2 9],131,170,172,39,170
1,<environment.Job instance at 0x1458207c7550>,87,14,[8 2],145,188,202,43,173
1,<environment.Job instance at 0x1458205bad70>,89,2,[1 9],148,173,175,25,173
1,<environment.Job instance at 0x145834082640>,90,3,[ 2 12],150,180,183,30,173
1,<environment.Job instance at 0x145823d08eb0>,91,3,[9 1],151,202,205,51,176
1,<environment.Job instance at 0x145824dcebe0>,92,3,[1 8],153,176,179,23,176
1,<environment.Job instance at 0x1458340ac8c0>,93,2,[5 1],157,183,185,26,177
1,<environment.Job instance at 0x145837d1ac80>,94,1,[2 5],158,185,186,27,177
1,<environment.Job instance at 0x145837d1a1e0>,95,2,[1 8],159,183,185,24,177
1,<environment.Job instance at 0x1458208ff190>,88,3,[2 9],146,185,188,39,182
1,<environment.Job instance at 0x1458207ef690>,21,2,[1 8],36,200,202,164,200
1,<environment.Job instance at 0x145823cae4b0>,18,18,[10  2],32,240,258,208,240
1,<environment.Job instance at 0x145823cae320>,15,2,[14  1],27,269,271,242,269
1,<environment.Job instance at 0x145823d4b320>,7,1,[6 1],11,11,12,0,11
1,<environment.Job instance at 0x145823d4b4b0>,8,1,[1 5],12,17,18,5,17
1,<environment.Job instance at 0x145823888aa0>,4,27,[9 2],8,18,45,10,18
1,<environment.Job instance at 0x145823d4b460>,9,2,[1 7],13,18,20,5,18
1,<environment.Job instance at 0x145823d4bbe0>,11,1,[1 8],15,20,21,5,18
1,<environment.Job instance at 0x145820c851e0>,12,2,[2 5],16,18,20,2,18
1,<environment.Job instance at 0x145820c85e10>,13,3,[1 9],17,21,24,4,18
1,<environment.Job instance at 0x145820c85eb0>,14,3,[8 1],18,45,48,27,19
1,<environment.Job instance at 0x145820c85410>,15,1,[2 9],19,24,25,5,19
1,<environment.Job instance at 0x145820c85500>,16,3,[1 9],22,25,28,3,22
1,<environment.Job instance at 0x145820c85140>,17,1,[9 1],23,48,49,25,23
1,<environment.Job instance at 0x145820c85690>,18,3,[1 7],24,28,31,4,24
1,<environment.Job instance at 0x145820c859b0>,19,2,[1 8],25,31,33,6,25
1,<environment.Job instance at 0x14583c060eb0>,20,16,[10  1],26,49,65,23,36
1,<environment.Job instance at 0x14583c060e10>,21,3,[5 1],28,36,39,8,36
1,<environment.Job instance at 0x14583c060410>,22,3,[9 2],29,65,68,36,39
1,<environment.Job instance at 0x14583c060820>,23,14,[ 1 12],30,39,53,9,39
1,<environment.Job instance at 0x14583c0606e0>,24,2,[ 1 10],31,53,55,22,39
1,<environment.Job instance at 0x14583c060f50>,25,1,[9 1],32,68,69,36,40
1,<environment.Job instance at 0x14583c060a00>,26,2,[1 5],33,55,57,22,40
1,<environment.Job instance at 0x14583c0608c0>,27,1,[6 2],34,45,46,11,40
1,<environment.Job instance at 0x14583c060a50>,28,3,[7 2],36,69,72,33,43
1,<environment.Job instance at 0x14583c0603c0>,29,13,[1 6],37,55,68,18,43
1,<environment.Job instance at 0x14583c060d20>,30,19,[5 1],38,65,84,27,55
1,<environment.Job instance at 0x14583c060d70>,31,1,[5 2],40,72,73,32,55
1,<environment.Job instance at 0x14583c060870>,32,3,[1 8],42,57,60,15,55
1,<environment.Job instance at 0x145820c462d0>,33,16,[ 1 10],43,68,84,25,55
1,<environment.Job instance at 0x145820c46550>,34,20,[10  2],44,84,104,40,76
1,<environment.Job instance at 0x145820c46eb0>,35,15,[2 8],45,84,99,39,76
1,<environment.Job instance at 0x145820c46780>,36,1,[1 5],47,84,85,37,77
1,<environment.Job instance at 0x145820c46460>,37,1,[7 2],48,77,78,29,77
1,<environment.Job instance at 0x145820c46af0>,38,3,[ 2 10],50,99,102,49,77
1,<environment.Job instance at 0x145820c46aa0>,39,1,[6 2],51,78,79,27,77
1,<environment.Job instance at 0x145820c46cd0>,40,3,[10  2],53,104,107,51,79
1,<environment.Job instance at 0x145820c460f0>,41,3,[2 7],55,102,105,47,79
1,<environment.Job instance at 0x145820c46b90>,42,15,[7 2],56,107,122,51,93
1,<environment.Job instance at 0x145820c46a00>,43,13,[ 2 10],58,105,118,47,93
1,<environment.Job instance at 0x145820c46d70>,44,1,[1 5],61,93,94,32,93
1,<environment.Job instance at 0x14583c15bd20>,45,21,[6 2],62,107,128,45,99
1,<environment.Job instance at 0x145820c46c30>,46,16,[6 1],64,122,138,58,109
1,<environment.Job instance at 0x145820c46410>,47,1,[8 2],65,128,129,63,109
1,<environment.Job instance at 0x145820c46f50>,48,2,[ 2 10],66,118,120,52,109
1,<environment.Job instance at 0x145820c46500>,49,1,[1 6],67,120,121,53,109
1,<environment.Job instance at 0x145820ad98c0>,50,1,[ 1 10],72,121,122,49,109
1,<environment.Job instance at 0x145820ad9be0>,51,14,[2 7],73,129,143,56,114
1,<environment.Job instance at 0x145820ad94b0>,52,3,[7 1],74,129,132,55,114
1,<environment.Job instance at 0x145820ad9f50>,53,1,[ 1 10],75,122,123,47,115
1,<environment.Job instance at 0x145820ad9fa0>,54,18,[6 1],76,132,150,56,121
1,<environment.Job instance at 0x145820ad9460>,55,3,[2 9],77,123,126,46,121
1,<environment.Job instance at 0x14582065ce10>,56,14,[ 1 10],78,143,157,65,128
1,<environment.Job instance at 0x145836e7e2d0>,57,18,[2 8],79,157,175,78,146
1,<environment.Job instance at 0x145820510690>,58,27,[7 1],81,149,176,68,149
1,<environment.Job instance at 0x1458205106e0>,59,18,[8 1],82,175,193,93,164
1,<environment.Job instance at 0x145820510960>,60,2,[6 2],83,164,166,81,164
1,<environment.Job instance at 0x145820510cd0>,61,16,[6 2],85,176,192,91,164
1,<environment.Job instance at 0x1458205108c0>,62,2,[2 6],86,166,168,80,164
1,<environment.Job instance at 0x145820510c30>,63,2,[9 1],88,193,195,105,166
1,<environment.Job instance at 0x145834127870>,64,2,[8 1],90,195,197,105,168
1,<environment.Job instance at 0x145820510410>,65,1,[ 1 10],93,176,177,83,168
1,<environment.Job instance at 0x145837df4fa0>,66,1,[8 1],94,197,198,103,169
1,<environment.Job instance at 0x145820a2f410>,67,1,[8 1],95,198,199,103,170
1,<environment.Job instance at 0x14582447b5a0>,68,3,[2 7],96,192,195,96,170
1,<environment.Job instance at 0x145821651410>,69,14,[1 9],98,177,191,79,170
1,<environment.Job instance at 0x145823d3c4b0>,70,3,[1 6],102,170,173,68,170
1,<environment.Job instance at 0x145820a6d050>,71,1,[2 7],103,192,193,89,170
1,<environment.Job instance at 0x14582376dbe0>,72,12,[5 2],104,195,207,91,178
1,<environment.Job instance at 0x1458238d9d70>,73,16,[2 6],105,193,209,88,180
1,<environment.Job instance at 0x145824e5b2d0>,74,23,[1 9],106,207,230,101,202
1,<environment.Job instance at 0x1458205142d0>,75,3,[1 8],108,230,233,122,204
1,<environment.Job instance at 0x145820510c80>,76,3,[2 9],112,233,236,121,207
1,<environment.Job instance at 0x145821654a50>,77,1,[8 2],114,209,210,95,209
1,<environment.Job instance at 0x145836ecff50>,78,3,[7 1],116,210,213,94,209
1,<environment.Job instance at 0x145823cb9b40>,79,3,[ 2 10],119,236,239,117,210
1,<environment.Job instance at 0x145820460f00>,80,3,[7 2],121,211,214,90,211
1,<environment.Job instance at 0x145820460a50>,81,3,[9 2],123,214,217,91,212
1,<environment.Job instance at 0x145820460820>,82,3,[1 6],126,217,220,91,212
1,<environment.Job instance at 0x1458208160a0>,83,13,[1 5],127,220,233,93,212
1,<environment.Job instance at 0x14582050be10>,84,1,[2 7],128,239,240,111,212
1,<environment.Job instance at 0x14582050b3c0>,85,2,[2 5],129,233,235,104,212
1,<environment.Job instance at 0x145820816f00>,86,3,[1 8],130,239,242,109,214
1,<environment.Job instance at 0x145837ce5cd0>,87,1,[10  2],131,230,231,99,214
1,<environment.Job instance at 0x145837ce5aa0>,88,18,[1 8],133,242,260,109,231
1,<environment.Job instance at 0x145837ce5870>,89,17,[10  2],135,240,257,105,232
1,<environment.Job instance at 0x145837ce5d70>,90,3,[9 2],136,235,238,99,232
1,<environment.Job instance at 0x145837ce5d20>,91,12,[8 1],137,257,269,120,240
1,<environment.Job instance at 0x145820463eb0>,92,2,[6 2],138,257,259,119,240
1,<environment.Job instance at 0x145823d42690>,93,16,[ 2 10],143,260,276,117,247
1,<environment.Job instance at 0x145837ce59b0>,95,2,[2 6],145,276,278,131,250
1,<environment.Job instance at 0x14582374eaa0>,96,17,[2 7],148,276,293,128,265
1,<environment.Job instance at 0x14583ee55730>,97,1,[2 9],149,293,294,144,272
1,<environment.Job instance at 0x14583ee553c0>,98,1,[2 6],150,278,279,128,272
1,<environment.Job instance at 0x14583ee550a0>,99,2,[1 8],151,279,281,128,273
1,<environment.Job instance at 0x14583ee55b40>,100,1,[8 2],153,273,274,120,273
1,<environment.Job instance at 0x14583ee55820>,101,13,[1 9],154,294,307,140,284
1,<environment.Job instance at 0x14583ee55a50>,102,2,[2 8],156,289,291,133,289
1,<environment.Job instance at 0x145823d54c30>,103,2,[7 2],157,291,293,134,289
1,<environment.Job instance at 0x145823d540f0>,104,2,[13  1],158,293,295,135,290
1,<environment.Job instance at 0x145823d54e10>,105,2,[1 7],159,307,309,148,290
1,<environment.Job instance at 0x145837ce5230>,94,13,[8 1],144,395,408,251,395
1,<environment.Job instance at 0x145823888550>,2,2,[11  1],4,992,994,988,992
1,<environment.Job instance at 0x1458208c8500>,6,15,[5 2],10,11,26,1,11
1,<environment.Job instance at 0x145821654cd0>,27,14,[9 1],39,40,54,1,40
1,<environment.Job instance at 0x1458207a06e0>,34,13,[6 1],48,48,61,0,48
1,<environment.Job instance at 0x145824cb6410>,35,2,[1 5],49,54,56,5,49
1,<environment.Job instance at 0x145824cb6910>,36,2,[6 1],50,54,56,4,50
1,<environment.Job instance at 0x145824cb64b0>,38,17,[8 1],53,56,73,3,53
1,<environment.Job instance at 0x145824cb65a0>,41,16,[8 1],60,73,89,13,65
1,<environment.Job instance at 0x145820aba5f0>,53,1,[9 1],77,89,90,12,77
1,<environment.Job instance at 0x145823cb97d0>,52,17,[6 2],76,81,98,5,81
1,<environment.Job instance at 0x145823c796e0>,58,15,[5 2],83,90,105,7,83
1,<environment.Job instance at 0x145836e6d1e0>,61,2,[6 2],87,98,100,11,87
1,<environment.Job instance at 0x1458209d6e10>,62,2,[10  2],89,100,102,11,89
1,<environment.Job instance at 0x145820a2b460>,68,3,[2 7],101,102,105,1,101
1,<environment.Job instance at 0x145820d040f0>,73,2,[9 1],109,109,111,0,109
1,<environment.Job instance at 0x145820962be0>,65,1,[8 2],96,111,112,15,110
1,<environment.Job instance at 0x145823c3a0f0>,82,1,[2 9],119,119,120,0,119
1,<environment.Job instance at 0x145823c3af50>,83,3,[1 8],124,124,127,0,124
1,<environment.Job instance at 0x14583de84640>,84,1,[10  1],125,127,128,2,127
1,<environment.Job instance at 0x14583de843c0>,85,1,[7 2],126,128,129,2,127
1,<environment.Job instance at 0x1458204299b0>,86,3,[1 7],127,127,130,0,127
1,<environment.Job instance at 0x14582385aa00>,87,1,[2 9],128,130,131,2,128
1,<environment.Job instance at 0x1458340156e0>,88,3,[1 8],130,131,134,1,131
1,<environment.Job instance at 0x145820667370>,89,14,[ 1 10],133,134,148,1,134
1,<environment.Job instance at 0x145820b44af0>,90,1,[1 6],136,148,149,12,137
1,<environment.Job instance at 0x145820c58f50>,91,14,[2 9],138,148,162,10,138
1,<environment.Job instance at 0x145820877780>,92,2,[6 2],139,139,141,0,139
1,<environment.Job instance at 0x1458208bc9b0>,93,3,[1 6],140,149,152,9,142
1,<environment.Job instance at 0x145823c3a1e0>,81,3,[2 9],118,162,165,44,150
1,<environment.Job instance at 0x145824cff5f0>,94,26,[ 2 10],141,165,191,24,164
1,<environment.Job instance at 0x145823d7c3c0>,96,3,[6 2],143,165,168,22,165
1,<environment.Job instance at 0x145823d7cc80>,97,1,[9 2],147,168,169,21,165
1,<environment.Job instance at 0x145823d7ca50>,98,1,[2 9],148,191,192,43,165
1,<environment.Job instance at 0x145823d7c500>,99,18,[2 7],149,192,210,43,181
1,<environment.Job instance at 0x145825179d70>,100,14,[13  1],153,182,196,29,182
1,<environment.Job instance at 0x14583ea5ac30>,101,3,[6 2],155,196,199,41,182
1,<environment.Job instance at 0x145820ac4550>,102,1,[1 8],156,199,200,43,182
1,<environment.Job instance at 0x145820ac4b40>,103,2,[5 2],157,196,198,39,182
1,<environment.Job instance at 0x145820ac48c0>,104,19,[8 1],158,200,219,42,190
1,<environment.Job instance at 0x1458237d22d0>,105,1,[8 2],159,219,220,60,191
1,<environment.Job instance at 0x145835a1e640>,80,3,[13  1],117,220,223,103,195
1,<environment.Job instance at 0x145824cff3c0>,95,3,[ 2 10],142,210,213,68,208
1,<environment.Job instance at 0x145821654b90>,22,24,[9 2],31,288,312,257,288
1,<environment.Job instance at 0x145820bde550>,0,2,[1 8],1,1,3,0,1
1,<environment.Job instance at 0x145820c121e0>,19,18,[2 9],24,24,42,0,24
1,<environment.Job instance at 0x145820c12d20>,20,2,[2 8],25,42,44,17,27
1,<environment.Job instance at 0x145820c12960>,21,14,[9 1],26,27,41,1,27
1,<environment.Job instance at 0x145820c123c0>,22,16,[5 1],28,41,57,13,28
1,<environment.Job instance at 0x145820c12050>,17,3,[ 2 12],22,44,47,22,36
1,<environment.Job instance at 0x145820c12a50>,24,3,[7 2],31,41,44,10,38
1,<environment.Job instance at 0x145820c12f00>,23,28,[5 2],29,44,72,15,43
1,<environment.Job instance at 0x145820c12d70>,27,1,[10  2],35,57,58,22,43
1,<environment.Job instance at 0x145836e8a870>,28,2,[ 1 10],38,47,49,9,43
1,<environment.Job instance at 0x145836e8a8c0>,29,1,[9 2],39,58,59,19,43
1,<environment.Job instance at 0x145836e8a910>,30,17,[2 5],43,59,76,16,47
1,<environment.Job instance at 0x145836e8aa50>,32,1,[ 1 10],46,49,50,3,47
1,<environment.Job instance at 0x145836e8af00>,33,1,[2 6],47,50,51,3,47
1,<environment.Job instance at 0x14583409dd20>,36,12,[1 9],51,72,84,21,55
1,<environment.Job instance at 0x14583409d5a0>,37,1,[7 2],52,59,60,7,55
1,<environment.Job instance at 0x14583409d780>,38,12,[1 5],53,58,70,5,55
1,<environment.Job instance at 0x14583409e230>,39,2,[1 9],54,55,57,1,55
1,<environment.Job instance at 0x14583409e690>,40,1,[5 1],55,60,61,5,55
1,<environment.Job instance at 0x14583409eb90>,41,3,[6 2],57,61,64,4,57
1,<environment.Job instance at 0x14583409e3c0>,42,2,[2 7],58,70,72,12,58
1,<environment.Job instance at 0x14583409e460>,44,3,[2 8],61,84,87,23,61
1,<environment.Job instance at 0x145820c12910>,25,2,[2 7],32,84,86,52,68
1,<environment.Job instance at 0x14582444bb90>,45,26,[2 6],62,86,112,24,83
1,<environment.Job instance at 0x145823d7bb90>,51,3,[ 2 10],68,112,115,44,86
1,<environment.Job instance at 0x145837dbac80>,52,2,[5 1],69,86,88,17,86
1,<environment.Job instance at 0x145837dba370>,53,12,[1 9],72,88,100,16,86
1,<environment.Job instance at 0x145837dbaaa0>,54,1,[1 9],73,100,101,27,86
1,<environment.Job instance at 0x145837dba280>,50,1,[ 2 10],67,115,116,48,90
1,<environment.Job instance at 0x145823d7b1e0>,48,3,[ 2 10],65,116,119,51,100
1,<environment.Job instance at 0x145823be9cd0>,58,2,[9 2],77,102,104,25,102
1,<environment.Job instance at 0x145837dba140>,60,1,[1 6],79,103,104,24,103
1,<environment.Job instance at 0x145837dba690>,55,21,[2 7],74,119,140,45,111
1,<environment.Job instance at 0x145824ddfeb0>,64,3,[5 1],83,111,114,28,111
1,<environment.Job instance at 0x145824de6aa0>,67,16,[2 7],90,119,135,29,111
1,<environment.Job instance at 0x145824de64b0>,68,3,[ 2 13],94,140,143,46,114
1,<environment.Job instance at 0x145824e41fa0>,70,3,[10  1],96,114,117,18,114
1,<environment.Job instance at 0x145820ade0f0>,62,1,[1 9],81,143,144,62,115
1,<environment.Job instance at 0x14583ee50c80>,71,21,[1 5],99,143,164,44,135
1,<environment.Job instance at 0x145820a29190>,77,3,[8 1],105,135,138,30,135
1,<environment.Job instance at 0x145820a295f0>,78,3,[10  1],106,138,141,32,135
1,<environment.Job instance at 0x145820a29140>,79,13,[1 9],107,144,157,37,135
1,<environment.Job instance at 0x14582170b910>,81,3,[5 1],111,135,138,24,135
1,<environment.Job instance at 0x14583c089370>,83,3,[1 9],114,157,160,43,135
1,<environment.Job instance at 0x1458216b8d70>,84,2,[1 9],115,160,162,45,135
1,<environment.Job instance at 0x1458216b8f50>,85,3,[ 2 10],116,162,165,46,136
1,<environment.Job instance at 0x1458216b8500>,86,3,[2 6],117,165,168,48,139
1,<environment.Job instance at 0x145823c3e230>,87,2,[2 8],118,165,167,47,139
1,<environment.Job instance at 0x145821711b40>,88,2,[1 8],119,167,169,48,140
1,<environment.Job instance at 0x145821711a00>,89,2,[7 1],120,141,143,21,140
1,<environment.Job instance at 0x145836eb55f0>,90,2,[2 9],121,169,171,48,142
1,<environment.Job instance at 0x1458236ebeb0>,92,2,[7 1],123,143,145,20,142
1,<environment.Job instance at 0x1458236eb960>,94,3,[2 6],125,168,171,43,142
1,<environment.Job instance at 0x145820723c30>,95,3,[6 2],127,171,174,44,145
1,<environment.Job instance at 0x14583e818730>,99,1,[2 7],133,171,172,38,145
1,<environment.Job instance at 0x145823be3870>,101,1,[2 9],136,172,173,36,145
1,<environment.Job instance at 0x145837db21e0>,103,3,[10  2],139,174,177,35,148
1,<environment.Job instance at 0x1458340ac370>,106,2,[9 2],142,177,179,35,152
1,<environment.Job instance at 0x1458340fcd20>,104,1,[1 7],140,173,174,33,164
1,<environment.Job instance at 0x14583e7b9f50>,107,22,[2 8],144,174,196,30,167
1,<environment.Job instance at 0x145820d8bdc0>,110,2,[ 1 12],147,196,198,49,169
1,<environment.Job instance at 0x14582443feb0>,113,18,[1 6],154,198,216,44,187
1,<environment.Job instance at 0x145820c12cd0>,18,12,[11  1],23,394,406,371,394
1,<environment.Job instance at 0x145820497320>,21,2,[2 8],32,32,34,0,32
1,<environment.Job instance at 0x1458221fcbe0>,35,13,[1 6],53,55,68,2,55
1,<environment.Job instance at 0x1458221fcd20>,38,2,[5 1],56,56,58,0,56
1,<environment.Job instance at 0x1458206eba00>,40,12,[5 2],58,65,77,7,65
1,<environment.Job instance at 0x1458206eba50>,41,3,[9 2],60,69,72,9,69
1,<environment.Job instance at 0x1458206eb820>,43,1,[10  1],65,83,84,18,83
1,<environment.Job instance at 0x1458221fc7d0>,33,18,[2 6],51,102,120,51,102
1,<environment.Job instance at 0x1458206ebe60>,45,12,[2 8],67,107,119,40,107
1,<environment.Job instance at 0x1458206eb190>,48,3,[1 9],71,119,122,48,107
1,<environment.Job instance at 0x1458206eb910>,49,2,[7 2],72,120,122,48,109
1,<environment.Job instance at 0x1458206eb6e0>,50,2,[9 1],74,109,111,35,109
1,<environment.Job instance at 0x1458206ebd20>,51,2,[2 6],78,122,124,44,109
1,<environment.Job instance at 0x1458206eb550>,52,3,[2 7],80,122,125,42,109
1,<environment.Job instance at 0x1458206eb9b0>,53,3,[6 2],82,120,123,38,109
1,<environment.Job instance at 0x1458206eb460>,46,2,[2 6],69,124,126,55,109
1,<environment.Job instance at 0x145820360d20>,54,3,[2 5],84,125,128,41,112
1,<environment.Job instance at 0x145820360050>,56,1,[2 6],87,126,127,39,112
1,<environment.Job instance at 0x145820360d70>,57,2,[9 1],88,112,114,24,112
1,<environment.Job instance at 0x145837db1050>,58,16,[ 1 10],90,127,143,37,115
1,<environment.Job instance at 0x145820d6f640>,59,18,[10  1],91,128,146,37,117
1,<environment.Job instance at 0x14582166cc30>,60,2,[7 2],92,123,125,31,117
1,<environment.Job instance at 0x1458340f9c80>,61,2,[13  2],93,146,148,53,119
1,<environment.Job instance at 0x145820446500>,62,15,[10  2],94,148,163,54,134
1,<environment.Job instance at 0x1458343b1f00>,63,3,[7 2],96,163,166,67,137
1,<environment.Job instance at 0x1458340f9f50>,64,16,[1 8],97,143,159,46,137
1,<environment.Job instance at 0x145823d0ce60>,65,3,[5 1],99,159,162,60,137
1,<environment.Job instance at 0x145820fee640>,66,1,[2 9],101,162,163,61,137
1,<environment.Job instance at 0x145820482a50>,67,1,[5 2],102,163,164,61,137
1,<environment.Job instance at 0x145820de4640>,68,3,[6 2],103,164,167,61,138
1,<environment.Job instance at 0x145820d5c6e0>,69,18,[1 7],104,163,181,59,153
1,<environment.Job instance at 0x145820d4dfa0>,70,16,[9 1],106,167,183,61,154
1,<environment.Job instance at 0x145820360a50>,71,1,[1 9],107,181,182,74,154
1,<environment.Job instance at 0x145820360960>,72,1,[8 1],108,166,167,58,154
1,<environment.Job instance at 0x145837de1fa0>,73,2,[9 1],110,183,185,73,156
1,<environment.Job instance at 0x145820b63d20>,74,1,[1 6],111,167,168,56,156
1,<environment.Job instance at 0x1458206e26e0>,75,2,[1 5],112,156,158,44,156
1,<environment.Job instance at 0x145874231f50>,76,3,[6 1],113,182,185,69,156
1,<environment.Job instance at 0x14582092a4b0>,77,16,[6 2],114,185,201,71,173
1,<environment.Job instance at 0x1458206d6780>,79,3,[1 6],117,173,176,56,173
1,<environment.Job instance at 0x145823b3fc30>,80,1,[7 1],118,185,186,67,174
1,<environment.Job instance at 0x145820ed3f50>,81,13,[7 1],119,186,199,67,177
1,<environment.Job instance at 0x145820ed3050>,82,1,[ 2 10],121,185,186,64,180
1,<environment.Job instance at 0x1458236c0230>,55,21,[1 9],85,186,207,101,182
1,<environment.Job instance at 0x145820ed3370>,84,1,[2 8],123,207,208,84,184
1,<environment.Job instance at 0x145820ed3690>,83,14,[10  2],122,201,215,79,186
1,<environment.Job instance at 0x145820ed3640>,86,1,[2 8],125,208,209,83,186
1,<environment.Job instance at 0x145820ed31e0>,87,3,[2 7],126,209,212,83,186
1,<environment.Job instance at 0x145820ed36e0>,88,1,[10  2],127,215,216,88,188
1,<environment.Job instance at 0x145820ed3af0>,89,13,[2 7],128,212,225,84,196
1,<environment.Job instance at 0x1458208d05a0>,90,2,[8 1],129,199,201,70,196
1,<environment.Job instance at 0x145820e0ffa0>,91,2,[7 1],130,216,218,86,196
1,<environment.Job instance at 0x145820e0f1e0>,92,3,[9 1],131,218,221,87,197
1,<environment.Job instance at 0x145820e0f2d0>,93,1,[11  2],132,221,222,89,197
1,<environment.Job instance at 0x145874239960>,94,18,[8 2],133,222,240,89,211
1,<environment.Job instance at 0x145874239370>,95,2,[2 9],134,225,227,91,211
1,<environment.Job instance at 0x145820ed3c80>,85,3,[7 2],124,227,230,103,211
1,<environment.Job instance at 0x145821657690>,97,18,[1 6],137,230,248,93,220
1,<environment.Job instance at 0x145821657af0>,98,3,[9 1],138,240,243,102,221
1,<environment.Job instance at 0x145874239eb0>,96,17,[8 1],136,243,260,107,232
1,<environment.Job instance at 0x145821657d20>,100,15,[14  1],140,260,275,120,246
1,<environment.Job instance at 0x145823bab550>,102,14,[1 8],143,246,260,103,246
1,<environment.Job instance at 0x145823bab5a0>,103,3,[10  1],145,275,278,130,249
1,<environment.Job instance at 0x145823bab230>,104,3,[ 1 10],147,260,263,113,249
1,<environment.Job instance at 0x145823bab7d0>,105,1,[7 1],148,278,279,130,250
1,<environment.Job instance at 0x145823babeb0>,101,1,[7 1],141,278,279,137,264
1,<environment.Job instance at 0x145823867f50>,107,12,[5 1],153,279,291,126,264
1,<environment.Job instance at 0x145824e3f4b0>,110,18,[1 9],158,267,285,109,267
1,<environment.Job instance at 0x145824e3f6e0>,111,2,[5 1],159,279,281,120,267
1,<environment.Job instance at 0x145836eb02d0>,109,3,[8 1],156,303,306,147,303
1,<environment.Job instance at 0x1458206eb640>,42,13,[ 1 14],62,365,378,303,365
1,<environment.Job instance at 0x14582172e050>,1,22,[1 7],2,2,24,0,2
1,<environment.Job instance at 0x145820b40d70>,7,2,[ 1 10],10,24,26,14,10
1,<environment.Job instance at 0x145820b704b0>,8,1,[7 1],11,13,14,2,13
1,<environment.Job instance at 0x14582050b0a0>,11,1,[2 7],15,16,17,1,16
1,<environment.Job instance at 0x145823d01d20>,15,13,[ 2 10],19,26,39,7,19
1,<environment.Job instance at 0x145837df4690>,16,3,[ 1 10],20,39,42,19,20
1,<environment.Job instance at 0x14582511e0f0>,18,2,[1 9],22,42,44,20,22
1,<environment.Job instance at 0x145836fbdfa0>,20,1,[5 1],28,28,29,0,28
1,<environment.Job instance at 0x14582050b230>,21,22,[5 2],29,29,51,0,29
1,<environment.Job instance at 0x145835a34a50>,24,12,[ 1 10],34,44,56,10,34
1,<environment.Job instance at 0x145837de1500>,25,1,[ 1 11],36,56,57,20,36
1,<environment.Job instance at 0x14582057b4b0>,27,19,[7 2],38,38,57,0,38
1,<environment.Job instance at 0x145824e5ee10>,28,13,[5 2],39,51,64,12,39
1,<environment.Job instance at 0x1458203c4730>,30,1,[2 6],41,57,58,16,41
1,<environment.Job instance at 0x1458203c41e0>,31,12,[1 8],42,58,70,16,42
1,<environment.Job instance at 0x1458203c4050>,32,1,[2 5],43,57,58,14,43
1,<environment.Job instance at 0x1458203c4640>,33,17,[1 8],45,70,87,25,58
1,<environment.Job instance at 0x1458238749b0>,34,2,[10  1],46,64,66,18,58
1,<environment.Job instance at 0x1458203c4320>,35,25,[7 2],48,66,91,18,62
1,<environment.Job instance at 0x145823874a50>,36,1,[ 2 10],49,87,88,38,62
1,<environment.Job instance at 0x145823874640>,37,3,[2 9],50,88,91,38,62
1,<environment.Job instance at 0x145823874eb0>,38,3,[1 6],51,91,94,40,65
1,<environment.Job instance at 0x145820b70140>,5,1,[1 6],8,91,92,83,71
1,<environment.Job instance at 0x145820f257d0>,41,1,[2 9],54,92,93,38,80
1,<environment.Job instance at 0x145823874c80>,39,18,[ 1 12],52,94,112,42,83
1,<environment.Job instance at 0x145824d8f910>,56,3,[2 5],76,83,86,7,83
1,<environment.Job instance at 0x145824d8f8c0>,57,1,[1 6],77,93,94,16,85
1,<environment.Job instance at 0x145824d8f0a0>,58,2,[8 1],78,93,95,15,85
1,<environment.Job instance at 0x145824d8fe10>,59,2,[1 7],79,112,114,33,88
1,<environment.Job instance at 0x145824c93730>,60,2,[7 2],80,101,103,21,101
1,<environment.Job instance at 0x145824457dc0>,63,2,[ 1 10],83,114,116,31,102
1,<environment.Job instance at 0x145824457460>,64,13,[6 1],84,102,115,18,102
1,<environment.Job instance at 0x1458244571e0>,65,2,[1 5],85,112,114,27,103
1,<environment.Job instance at 0x1458208ff190>,66,2,[6 1],86,104,106,18,104
1,<environment.Job instance at 0x1458208ffa00>,67,3,[2 8],87,116,119,29,104
1,<environment.Job instance at 0x1458208ffa50>,69,3,[1 8],90,119,122,29,104
1,<environment.Job instance at 0x1458208ffcd0>,70,3,[7 1],92,106,109,14,104
1,<environment.Job instance at 0x1458208ffdc0>,71,14,[2 7],93,116,130,23,105
1,<environment.Job instance at 0x145824457550>,62,1,[ 2 12],82,130,131,48,106
1,<environment.Job instance at 0x1458208ffb90>,72,12,[ 1 10],96,131,143,35,114
1,<environment.Job instance at 0x14583ee4b8c0>,78,2,[ 1 10],105,143,145,38,116
1,<environment.Job instance at 0x14583ee4b2d0>,79,14,[2 5],106,131,145,25,116
1,<environment.Job instance at 0x14583ee4bb90>,80,3,[2 9],107,145,148,38,125
1,<environment.Job instance at 0x145823791280>,97,3,[10  1],132,145,148,13,134
1,<environment.Job instance at 0x145823b9fb40>,100,1,[10  2],138,148,149,10,138
1,<environment.Job instance at 0x14583df12140>,103,3,[9 2],143,149,152,6,143
1,<environment.Job instance at 0x14583df12730>,104,3,[5 1],145,148,151,3,145
1,<environment.Job instance at 0x14583df12f50>,105,15,[ 2 13],146,151,166,5,146
1,<environment.Job instance at 0x14583df12910>,106,12,[9 1],147,152,164,5,147
1,<environment.Job instance at 0x14583df12b90>,107,1,[2 7],148,166,167,18,156
1,<environment.Job instance at 0x14583df122d0>,111,13,[7 1],155,164,177,9,161
1,<environment.Job instance at 0x145820e00320>,113,12,[2 6],157,166,178,9,161
1,<environment.Job instance at 0x145820f25a00>,42,21,[10  1],55,261,282,206,261
1,<environment.Job instance at 0x14583df12eb0>,110,2,[12  2],154,314,316,160,314
1,<environment.Job instance at 0x14583ee48870>,10,3,[1 9],16,16,19,0,16
1,<environment.Job instance at 0x14583de9b4b0>,11,1,[ 2 10],19,19,20,0,19
1,<environment.Job instance at 0x145821654c80>,12,1,[6 1],20,24,25,4,24
1,<environment.Job instance at 0x145823c8a0a0>,13,1,[1 6],21,24,25,3,24
1,<environment.Job instance at 0x145824d82c30>,5,1,[12  1],8,25,26,17,24
1,<environment.Job instance at 0x145820a5e500>,14,3,[1 6],23,24,27,1,24
1,<environment.Job instance at 0x145836e9cbe0>,17,3,[1 8],27,27,30,0,27
1,<environment.Job instance at 0x145836e9cf50>,18,1,[2 8],28,30,31,2,28
1,<environment.Job instance at 0x145823897d70>,19,3,[1 6],29,29,32,0,29
1,<environment.Job instance at 0x1458238975f0>,20,26,[1 7],30,31,57,1,30
1,<environment.Job instance at 0x1458238979b0>,21,3,[6 1],31,31,34,0,31
1,<environment.Job instance at 0x1458238975a0>,22,1,[6 2],32,32,33,0,32
1,<environment.Job instance at 0x1458206e3b90>,23,2,[8 1],33,33,35,0,33
1,<environment.Job instance at 0x1458206e3190>,25,20,[6 1],35,36,56,1,36
1,<environment.Job instance at 0x1458206e39b0>,24,23,[1 9],34,57,80,23,51
1,<environment.Job instance at 0x14583de942d0>,38,3,[ 2 10],53,80,83,27,54
1,<environment.Job instance at 0x14583407c8c0>,39,1,[8 2],55,55,56,0,55
1,<environment.Job instance at 0x145820f1c910>,40,2,[8 1],57,57,59,0,57
1,<environment.Job instance at 0x145820813b90>,41,1,[1 5],58,59,60,1,59
1,<environment.Job instance at 0x145820e2d640>,42,3,[9 1],59,59,62,0,59
1,<environment.Job instance at 0x1458209913c0>,43,2,[5 1],60,63,65,3,63
1,<environment.Job instance at 0x145820991820>,44,3,[1 9],61,83,86,22,63
1,<environment.Job instance at 0x145820b557d0>,45,1,[5 1],62,69,70,7,69
1,<environment.Job instance at 0x145823b26500>,53,3,[6 2],78,78,81,0,78
1,<environment.Job instance at 0x1458206ec2d0>,56,1,[ 1 10],84,86,87,2,84
1,<environment.Job instance at 0x1458207a2690>,52,2,[2 6],77,87,89,10,86
1,<environment.Job instance at 0x1458206eceb0>,59,1,[1 9],88,88,89,0,88
1,<environment.Job instance at 0x1458206ecaa0>,57,13,[9 2],85,93,106,8,93
1,<environment.Job instance at 0x145823d60eb0>,61,17,[8 1],92,106,123,14,94
1,<environment.Job instance at 0x145823d60e60>,62,16,[1 8],93,94,110,1,94
1,<environment.Job instance at 0x145823d910a0>,66,3,[6 1],100,106,109,6,101
1,<environment.Job instance at 0x145823d91640>,67,2,[8 2],101,123,125,22,102
1,<environment.Job instance at 0x145820e463c0>,68,3,[11  1],102,125,128,23,103
1,<environment.Job instance at 0x14582513e3c0>,69,16,[5 2],103,109,125,6,103
1,<environment.Job instance at 0x14582057baf0>,70,12,[7 2],104,128,140,24,111
1,<environment.Job instance at 0x145820967730>,71,1,[2 6],105,111,112,6,111
1,<environment.Job instance at 0x145820967af0>,72,26,[1 6],106,112,138,6,112
1,<environment.Job instance at 0x1458340f04b0>,73,2,[8 1],107,138,140,31,113
1,<environment.Job instance at 0x14582377ef00>,74,2,[6 1],108,128,130,20,113
1,<environment.Job instance at 0x1458236c0230>,75,3,[7 2],110,130,133,20,116
1,<environment.Job instance at 0x14583eafce60>,76,3,[2 6],111,125,128,14,116
1,<environment.Job instance at 0x145836f23e60>,77,1,[ 2 10],112,140,141,28,116
1,<environment.Job instance at 0x145820966dc0>,78,2,[5 2],114,133,135,19,116
1,<environment.Job instance at 0x1458207d90a0>,79,1,[7 2],115,135,136,20,116
1,<environment.Job instance at 0x145820360a00>,80,15,[10  2],116,140,155,24,126
1,<environment.Job instance at 0x1458236d9cd0>,81,3,[1 6],117,141,144,24,126
1,<environment.Job instance at 0x1458340b1280>,82,2,[2 7],118,136,138,18,126
1,<environment.Job instance at 0x145834173e60>,83,3,[7 1],119,155,158,36,130
1,<environment.Job instance at 0x145823d3c410>,84,14,[6 1],120,155,169,35,140
1,<environment.Job instance at 0x145823d91dc0>,64,16,[1 8],96,144,160,48,140
1,<environment.Job instance at 0x145821626050>,85,12,[2 9],121,160,172,39,143
1,<environment.Job instance at 0x145823cb47d0>,87,3,[ 2 10],125,172,175,47,146
1,<environment.Job instance at 0x145823be90a0>,88,1,[1 6],129,158,159,29,147
1,<environment.Job instance at 0x145823be9aa0>,89,3,[1 8],130,175,178,45,149
1,<environment.Job instance at 0x145823be9c80>,90,2,[2 7],132,175,177,43,149
1,<environment.Job instance at 0x145823be9d70>,91,14,[10  1],133,177,191,44,163
1,<environment.Job instance at 0x1458216a9b40>,92,2,[2 5],135,163,165,28,163
1,<environment.Job instance at 0x1458216a9960>,93,2,[1 6],136,169,171,33,163
1,<environment.Job instance at 0x145823be9dc0>,94,12,[ 1 10],138,178,190,40,163
1,<environment.Job instance at 0x14583c170b90>,95,3,[9 1],139,171,174,32,163
1,<environment.Job instance at 0x14582046daf0>,96,17,[2 8],140,190,207,50,179
1,<environment.Job instance at 0x145823732e60>,97,17,[1 8],141,207,224,66,195
1,<environment.Job instance at 0x1458340d9460>,98,17,[ 2 11],142,224,241,82,212
1,<environment.Job instance at 0x145820573370>,100,1,[1 8],144,241,242,97,213
1,<environment.Job instance at 0x145820573cd0>,101,3,[8 2],147,215,218,68,215
1,<environment.Job instance at 0x145820745aa0>,102,3,[2 5],148,215,218,67,215
1,<environment.Job instance at 0x1458207452d0>,103,3,[9 1],150,218,221,68,215
1,<environment.Job instance at 0x1458207455f0>,104,2,[8 2],151,221,223,70,216
1,<environment.Job instance at 0x145820745af0>,105,1,[8 1],152,223,224,71,216
1,<environment.Job instance at 0x145820745730>,106,23,[7 1],153,224,247,71,220
1,<environment.Job instance at 0x145820745e10>,107,22,[5 2],154,220,242,66,220
1,<environment.Job instance at 0x145820745f00>,108,22,[7 2],156,242,264,86,236
1,<environment.Job instance at 0x145820745be0>,109,2,[2 9],157,247,249,90,236
1,<environment.Job instance at 0x145820745a00>,110,3,[ 2 10],158,249,252,91,236
1,<environment.Job instance at 0x145820745910>,111,1,[2 7],159,252,253,93,236
1,<environment.Job instance at 0x145836f1c140>,65,3,[13  1],97,264,267,167,253
1,<environment.Job instance at 0x1458340d9dc0>,99,25,[ 2 14],143,269,294,126,269
1,<environment.Job instance at 0x14583407c320>,37,3,[13  1],52,2541,2544,2489,2541
1,<environment.Job instance at 0x1493d65d8b90>,14,2,[ 1 10],18,18,20,0,18
1,<environment.Job instance at 0x1493d65db140>,20,2,[ 1 13],27,28,30,1,28
1,<environment.Job instance at 0x1493d65dd820>,36,3,[10  2],48,48,51,0,48
1,<environment.Job instance at 0x1493d65dd4b0>,34,15,[11  1],44,51,66,7,50
1,<environment.Job instance at 0x1493d65ddfa0>,43,3,[7 2],57,66,69,9,59
1,<environment.Job instance at 0x1493d65ddd20>,44,3,[1 8],58,59,62,1,59
1,<environment.Job instance at 0x1493d65df190>,45,3,[2 8],60,62,65,2,60
1,<environment.Job instance at 0x1493d65df280>,46,2,[2 8],61,65,67,4,61
1,<environment.Job instance at 0x1493d65df2d0>,47,1,[1 6],63,63,64,0,63
1,<environment.Job instance at 0x1493d65dd230>,31,3,[9 2],41,69,72,28,66
1,<environment.Job instance at 0x1493d65df500>,48,1,[2 9],65,67,68,2,66
1,<environment.Job instance at 0x1493d65df6e0>,51,2,[8 2],69,72,74,3,69
1,<environment.Job instance at 0x1493d65df780>,52,2,[1 7],72,75,77,3,75
1,<environment.Job instance at 0x1493d65ddc30>,41,25,[12  2],54,80,105,26,80
1,<environment.Job instance at 0x1493d65dfd20>,53,3,[6 1],73,105,108,32,80
1,<environment.Job instance at 0x1493d65dfe60>,55,16,[2 5],76,80,96,4,80
1,<environment.Job instance at 0x1493d65dfaf0>,56,1,[10  2],79,108,109,29,80
1,<environment.Job instance at 0x1493d65dfb40>,57,22,[1 5],80,80,102,0,80
1,<environment.Job instance at 0x1493d65e22d0>,59,1,[1 9],85,102,103,17,85
1,<environment.Job instance at 0x1493d65e2460>,60,17,[8 1],86,109,126,23,97
1,<environment.Job instance at 0x1493d65e25f0>,62,3,[9 2],88,105,108,17,97
1,<environment.Job instance at 0x1493d65e2690>,63,3,[10  1],89,126,129,37,100
1,<environment.Job instance at 0x1493d65e2870>,65,3,[2 9],92,108,111,16,100
1,<environment.Job instance at 0x1493d65e29b0>,66,3,[1 9],93,111,114,18,100
1,<environment.Job instance at 0x1493d65e2410>,67,1,[13  1],94,129,130,35,101
1,<environment.Job instance at 0x1493d65e2a50>,68,3,[1 9],95,114,117,19,101
1,<environment.Job instance at 0x1493d65e2af0>,69,1,[2 5],96,101,102,5,101
1,<environment.Job instance at 0x1493d65e2b90>,70,2,[ 2 10],97,103,105,6,101
1,<environment.Job instance at 0x14942d50a280>,71,3,[2 9],99,117,120,18,101
1,<environment.Job instance at 0x1493d65ccf00>,72,13,[7 2],102,130,143,28,114
1,<environment.Job instance at 0x1493d8d398c0>,75,1,[1 6],107,120,121,13,114
1,<environment.Job instance at 0x1493d6d55050>,76,2,[2 5],108,114,116,6,114
1,<environment.Job instance at 0x1493d6fcf780>,77,2,[ 1 10],109,121,123,12,114
1,<environment.Job instance at 0x1493d6f99370>,78,3,[2 9],110,123,126,13,114
1,<environment.Job instance at 0x1493d6ce6230>,80,14,[7 1],112,130,144,18,115
1,<environment.Job instance at 0x1493d6d059b0>,82,12,[2 8],115,143,155,28,126
1,<environment.Job instance at 0x1493d6d05960>,84,2,[ 1 10],118,126,128,8,126
1,<environment.Job instance at 0x1493d6fcb320>,85,1,[7 2],120,144,145,24,126
1,<environment.Job instance at 0x1493d6d07960>,86,2,[1 8],121,128,130,7,126
1,<environment.Job instance at 0x1493d6cdff00>,87,2,[2 6],122,145,147,23,126
1,<environment.Job instance at 0x1493d6d07a00>,88,1,[1 5],123,128,129,5,126
1,<environment.Job instance at 0x1493d6d07820>,89,2,[1 9],126,130,132,4,126
1,<environment.Job instance at 0x1493d6c7c2d0>,90,1,[2 7],127,147,148,20,127
1,<environment.Job instance at 0x1493d6c7c500>,91,1,[2 5],128,143,144,15,128
1,<environment.Job instance at 0x1493d6c7ce10>,92,15,[7 1],129,148,163,19,134
1,<environment.Job instance at 0x1493d6c7cf50>,94,1,[5 1],131,144,145,13,134
1,<environment.Job instance at 0x1493d6c7baf0>,95,3,[2 8],132,155,158,23,134
1,<environment.Job instance at 0x1493d6c7bf50>,96,12,[9 2],134,163,175,29,146
1,<environment.Job instance at 0x1493d6c7b4b0>,97,15,[10  2],135,175,190,40,161
1,<environment.Job instance at 0x1493d6c7b2d0>,99,16,[8 1],137,190,206,53,177
1,<environment.Job instance at 0x1493d6c7b410>,100,17,[1 9],139,177,194,38,177
1,<environment.Job instance at 0x1493d6c7ba50>,101,13,[2 9],140,194,207,54,178
1,<environment.Job instance at 0x1493d6c7bcd0>,102,1,[2 8],141,207,208,66,181
1,<environment.Job instance at 0x1493d6c97050>,103,1,[ 2 10],142,208,209,66,181
1,<environment.Job instance at 0x1493d6c97e60>,104,1,[ 2 14],143,209,210,66,181
1,<environment.Job instance at 0x1493d6c970f0>,105,1,[8 2],144,206,207,62,181
1,<environment.Job instance at 0x1493d6d57b40>,106,15,[5 1],145,190,205,45,181
1,<environment.Job instance at 0x1493d65df730>,49,16,[8 2],66,210,226,144,197
1,<environment.Job instance at 0x1493d6d57640>,107,18,[1 8],146,210,228,64,199
1,<environment.Job instance at 0x1493d6c7daf0>,109,3,[11  2],151,226,229,75,200
1,<environment.Job instance at 0x1493d6c7deb0>,110,3,[ 2 10],152,228,231,76,202
1,<environment.Job instance at 0x1493d6c7d870>,111,3,[2 5],153,210,213,57,203
1,<environment.Job instance at 0x1493d6c7dcd0>,112,1,[8 1],154,207,208,53,203
1,<environment.Job instance at 0x1493d6c7d5f0>,113,3,[5 2],156,205,208,49,203
1,<environment.Job instance at 0x1493d6c7d730>,114,15,[9 2],157,229,244,72,215
1,<environment.Job instance at 0x1493d6c7dd70>,115,18,[2 6],158,231,249,73,220
1,<environment.Job instance at 0x1493d6c7d640>,116,1,[1 6],159,231,232,72,220
1,<environment.Job instance at 0x1493d6c7e410>,117,1,[1 7],160,232,233,72,220
1,<environment.Job instance at 0x1493d6c7eaf0>,118,3,[9 1],163,244,247,81,221
1,<environment.Job instance at 0x1493d6c7e730>,119,3,[12  1],164,247,250,83,221
1,<environment.Job instance at 0x1493d6c7e190>,120,1,[1 8],166,244,245,78,221
1,<environment.Job instance at 0x1493d6c7e690>,121,15,[1 6],167,245,260,78,231
1,<environment.Job instance at 0x1493d6c7e4b0>,122,3,[7 2],168,250,253,82,232
1,<environment.Job instance at 0x1493d6c83640>,123,2,[1 8],169,253,255,84,232
1,<environment.Job instance at 0x1493d6c7ceb0>,93,2,[14  1],130,647,649,517,647
1,<environment.Job instance at 0x1493d65dfaa0>,50,12,[9 1],68,695,707,627,695
1,<environment.Job instance at 0x1493d8d4e6e0>,4,2,[7 2],5,12,14,7,12
1,<environment.Job instance at 0x1493e407d370>,7,3,[5 1],13,20,23,7,20
1,<environment.Job instance at 0x1493e407d870>,8,15,[1 7],15,23,38,8,23
1,<environment.Job instance at 0x1493e407db40>,6,28,[2 8],9,25,53,16,25
1,<environment.Job instance at 0x1493e407d690>,10,2,[1 9],18,53,55,35,26
1,<environment.Job instance at 0x1493e407db90>,11,2,[ 2 10],21,55,57,34,29
1,<environment.Job instance at 0x1493e407d6e0>,12,3,[5 2],22,38,41,16,30
1,<environment.Job instance at 0x1493e407bc30>,14,2,[ 2 10],24,57,59,33,40
1,<environment.Job instance at 0x1493e407b1e0>,13,15,[2 7],23,59,74,36,46
1,<environment.Job instance at 0x1493e407b0a0>,15,2,[2 9],25,74,76,49,49
1,<environment.Job instance at 0x1493d91d37d0>,1,13,[ 1 14],2,76,89,74,61
1,<environment.Job instance at 0x1493e407bd20>,20,2,[ 1 10],31,89,91,58,64
1,<environment.Job instance at 0x1493e407beb0>,16,17,[ 2 10],26,91,108,65,79
1,<environment.Job instance at 0x1493e407b500>,25,3,[ 2 10],37,108,111,71,82
1,<environment.Job instance at 0x1493e40761e0>,31,3,[6 1],44,82,85,38,82
1,<environment.Job instance at 0x1493e4076230>,33,3,[ 2 10],47,111,114,64,85
1,<environment.Job instance at 0x1493e4076730>,39,16,[9 1],56,99,115,43,99
1,<environment.Job instance at 0x1493e4076960>,35,16,[1 6],49,114,130,65,101
1,<environment.Job instance at 0x1493e4076e60>,41,1,[9 1],61,115,116,54,101
1,<environment.Job instance at 0x1493e4076be0>,42,12,[1 5],62,114,126,52,101
1,<environment.Job instance at 0x1493e40760a0>,43,2,[6 2],63,116,118,53,101
1,<environment.Job instance at 0x1493e40721e0>,44,1,[9 1],65,118,119,53,103
1,<environment.Job instance at 0x1493e4072960>,45,2,[8 1],66,119,121,53,103
1,<environment.Job instance at 0x1493e4072dc0>,46,1,[ 1 10],67,130,131,63,104
1,<environment.Job instance at 0x1493e4072e60>,48,3,[1 5],70,126,129,56,106
1,<environment.Job instance at 0x1493e4072550>,51,1,[2 6],76,129,130,53,106
1,<environment.Job instance at 0x1493e40720a0>,52,2,[1 6],77,131,133,54,109
1,<environment.Job instance at 0x1493e406b730>,54,1,[2 8],82,131,132,49,110
1,<environment.Job instance at 0x1493dc149320>,55,18,[10  1],86,121,139,35,110
1,<environment.Job instance at 0x14942d5118c0>,56,2,[7 2],87,116,118,29,113
1,<environment.Job instance at 0x1493e408eeb0>,57,2,[2 5],88,132,134,44,113
1,<environment.Job instance at 0x1493d65cc0f0>,58,14,[2 8],89,133,147,44,119
1,<environment.Job instance at 0x1493e408e910>,63,14,[6 1],97,139,153,42,124
1,<environment.Job instance at 0x1493e408e960>,64,15,[2 8],98,147,162,49,133
1,<environment.Job instance at 0x1493e408e0a0>,62,2,[ 2 12],96,162,164,66,138
1,<environment.Job instance at 0x1493d65c9960>,65,16,[1 7],99,164,180,65,151
1,<environment.Job instance at 0x1493da375c80>,67,2,[6 2],102,152,154,50,152
1,<environment.Job instance at 0x1493e408ecd0>,68,1,[1 5],103,155,156,52,155
1,<environment.Job instance at 0x1494240cd5a0>,69,16,[1 7],104,164,180,60,155
1,<environment.Job instance at 0x1493da810820>,70,3,[ 2 10],105,180,183,75,155
1,<environment.Job instance at 0x1493d8dd3dc0>,71,3,[ 1 13],106,183,186,77,157
1,<environment.Job instance at 0x1493db0ec960>,72,3,[1 5],109,157,160,48,157
1,<environment.Job instance at 0x1493db0ecf00>,73,21,[ 2 13],110,186,207,76,178
1,<environment.Job instance at 0x1493da379c30>,74,1,[2 8],111,207,208,96,179
1,<environment.Job instance at 0x1493e5036e10>,75,1,[7 1],112,181,182,69,181
1,<environment.Job instance at 0x1493e7d624b0>,76,18,[5 2],113,188,206,75,188
1,<environment.Job instance at 0x1493e7d62410>,77,2,[8 2],115,206,208,91,188
1,<environment.Job instance at 0x1493e5131a50>,79,18,[8 1],117,208,226,91,200
1,<environment.Job instance at 0x1493e44f8460>,80,1,[5 2],118,207,208,89,200
1,<environment.Job instance at 0x1493da365370>,81,1,[1 8],119,208,209,89,201
1,<environment.Job instance at 0x1493e44f83c0>,82,3,[1 7],120,213,216,93,213
1,<environment.Job instance at 0x1493e407b9b0>,17,19,[ 1 10],28,216,235,188,213
1,<environment.Job instance at 0x1493e46685f0>,83,2,[5 2],122,216,218,94,216
1,<environment.Job instance at 0x1493e4553be0>,85,2,[5 2],125,218,220,93,218
1,<environment.Job instance at 0x1493e45538c0>,86,1,[1 6],127,235,236,108,219
1,<environment.Job instance at 0x1493e4553cd0>,87,12,[7 1],128,226,238,98,220
1,<environment.Job instance at 0x1493e4553d20>,88,2,[10  1],129,238,240,109,221
1,<environment.Job instance at 0x1493e4553fa0>,89,3,[2 7],130,235,238,105,221
1,<environment.Job instance at 0x1493e4553550>,84,2,[1 7],124,236,238,112,221
1,<environment.Job instance at 0x1493e44eaf50>,91,1,[2 5],134,238,239,104,221
1,<environment.Job instance at 0x1493e4553370>,90,17,[7 1],132,240,257,108,228
1,<environment.Job instance at 0x1493e44ea5a0>,93,12,[7 2],137,240,252,103,228
1,<environment.Job instance at 0x1493e44ea370>,94,2,[7 2],139,229,231,90,229
1,<environment.Job instance at 0x1493e44ea0f0>,95,3,[ 2 10],141,252,255,111,229
1,<environment.Job instance at 0x1493e450adc0>,96,14,[8 2],142,255,269,113,240
1,<environment.Job instance at 0x1493e44ea4b0>,97,2,[2 5],144,257,259,113,243
1,<environment.Job instance at 0x1493e44ecc80>,99,14,[8 1],146,269,283,123,254
1,<environment.Job instance at 0x1493e450a3c0>,100,2,[ 1 10],147,259,261,112,254
1,<environment.Job instance at 0x1493e450ae10>,101,3,[7 2],148,261,264,113,254
1,<environment.Job instance at 0x1493e450ab90>,102,21,[7 2],150,264,285,114,256
1,<environment.Job instance at 0x1493e450e550>,103,13,[5 2],151,283,296,132,267
1,<environment.Job instance at 0x1493e450e780>,104,3,[1 9],152,283,286,131,268
1,<environment.Job instance at 0x1493e47175a0>,105,1,[6 1],153,285,286,132,268
1,<environment.Job instance at 0x1493d8df4aa0>,106,3,[5 1],154,286,289,132,268
1,<environment.Job instance at 0x1493e4f606e0>,107,3,[1 7],159,286,289,127,268
1,<environment.Job instance at 0x1493e45410a0>,108,12,[7 1],161,289,301,128,272
1,<environment.Job instance at 0x1493e44ead70>,92,3,[1 8],135,289,292,154,274
1,<environment.Job instance at 0x1493e4541500>,110,2,[10  1],163,301,303,138,281
1,<environment.Job instance at 0x1493e4541370>,111,3,[1 9],164,292,295,128,281
1,<environment.Job instance at 0x1493e4541820>,109,20,[8 2],162,303,323,141,294
1,<environment.Job instance at 0x1493e45c44b0>,112,3,[1 8],168,315,318,147,315
1,<environment.Job instance at 0x1493d6cb69b0>,66,13,[ 1 11],101,1242,1255,1141,1242
1,<environment.Job instance at 0x1493d65d1d20>,17,2,[8 1],28,33,35,5,33
1,<environment.Job instance at 0x1493d65d1f50>,14,1,[6 2],21,45,46,24,45
1,<environment.Job instance at 0x1493d65d1960>,19,2,[1 6],32,47,49,15,47
1,<environment.Job instance at 0x1493d65d1d70>,20,1,[1 9],33,51,52,18,51
1,<environment.Job instance at 0x1493d65d15a0>,18,2,[1 9],31,53,55,22,53
1,<environment.Job instance at 0x1493d65d1a00>,22,1,[9 2],35,57,58,22,57
1,<environment.Job instance at 0x1493d65d1280>,23,18,[ 1 10],36,60,78,24,60
1,<environment.Job instance at 0x1493d65d19b0>,24,2,[1 6],38,78,80,40,62
1,<environment.Job instance at 0x1493d65d1f00>,25,3,[ 2 10],40,80,83,40,63
1,<environment.Job instance at 0x1493d65d1230>,26,1,[7 2],41,63,64,22,63
1,<environment.Job instance at 0x1493d65d18c0>,27,3,[9 1],42,64,67,22,63
1,<environment.Job instance at 0x1493d65d1aa0>,28,16,[9 1],43,67,83,24,63
1,<environment.Job instance at 0x1493d65d1500>,29,1,[6 2],45,63,64,18,63
1,<environment.Job instance at 0x1493d65d1370>,30,3,[2 7],46,83,86,37,63
1,<environment.Job instance at 0x1493d65d1190>,31,14,[7 2],47,83,97,36,69
1,<environment.Job instance at 0x1493d8cb3e60>,32,2,[ 1 10],49,86,88,37,70
1,<environment.Job instance at 0x1493d8cb3cd0>,33,3,[10  2],50,97,100,47,72
1,<environment.Job instance at 0x1493d8cb3c80>,34,2,[2 9],51,88,90,37,72
1,<environment.Job instance at 0x1493d8cb3190>,35,3,[9 1],54,100,103,46,75
1,<environment.Job instance at 0x1493d65d1c30>,15,3,[2 7],23,90,93,67,76
1,<environment.Job instance at 0x1493d8cb31e0>,36,18,[6 2],56,100,118,44,89
1,<environment.Job instance at 0x1493d8cb3dc0>,38,3,[5 1],60,90,93,30,90
1,<environment.Job instance at 0x1493d8cb3f50>,39,14,[1 6],62,103,117,41,90
1,<environment.Job instance at 0x1493d8cb39b0>,40,2,[5 1],63,93,95,30,90
1,<environment.Job instance at 0x1493d82510a0>,41,1,[2 7],64,93,94,29,90
1,<environment.Job instance at 0x1493d8251320>,42,2,[10  2],65,118,120,53,91
1,<environment.Job instance at 0x1493d65d1b40>,21,3,[1 8],34,94,97,60,91
1,<environment.Job instance at 0x1493d8251370>,43,2,[6 1],66,95,97,29,91
1,<environment.Job instance at 0x1493d8251b90>,45,3,[6 2],71,103,106,32,91
1,<environment.Job instance at 0x1493d82515f0>,46,2,[5 2],72,97,99,25,91
1,<environment.Job instance at 0x1493d8251dc0>,47,3,[1 7],73,106,109,33,91
1,<environment.Job instance at 0x1493d82512d0>,48,2,[9 2],75,120,122,45,93
1,<environment.Job instance at 0x1493d8251eb0>,49,1,[7 2],76,109,110,33,93
1,<environment.Job instance at 0x1493d82516e0>,50,3,[1 7],78,110,113,32,95
1,<environment.Job instance at 0x1493d8d13730>,51,14,[1 6],79,113,127,34,98
1,<environment.Job instance at 0x1493d8251f00>,52,14,[1 9],80,122,136,42,107
1,<environment.Job instance at 0x1493d8d139b0>,53,3,[6 1],83,113,116,30,107
1,<environment.Job instance at 0x1493d8251230>,44,3,[9 2],68,127,130,59,121
1,<environment.Job instance at 0x1493d8d13a00>,56,2,[2 5],86,130,132,44,125
1,<environment.Job instance at 0x1493d65d16e0>,13,2,[ 2 12],20,136,138,116,127
1,<environment.Job instance at 0x1493d8d137d0>,57,16,[2 9],87,138,154,51,127
1,<environment.Job instance at 0x1493d8d13d20>,54,26,[9 1],84,130,156,46,127
1,<environment.Job instance at 0x1493d8cbe550>,60,3,[8 1],93,156,159,63,130
1,<environment.Job instance at 0x1493d8cbe410>,61,1,[10  1],94,159,160,65,131
1,<environment.Job instance at 0x1493d8d13aa0>,59,3,[8 1],89,160,163,71,147
1,<environment.Job instance at 0x1493d8cbe690>,62,27,[1 7],95,156,183,61,156
1,<environment.Job instance at 0x1493d8cbe3c0>,64,16,[2 8],99,163,179,64,163
1,<environment.Job instance at 0x1493d8cbefa0>,66,1,[2 6],103,179,180,76,165
1,<environment.Job instance at 0x1493d8cbe050>,65,13,[ 2 10],102,183,196,81,167
1,<environment.Job instance at 0x1493d6076be0>,68,2,[8 1],106,179,181,73,168
1,<environment.Job instance at 0x1493d6021fa0>,69,3,[2 9],107,196,199,89,172
1,<environment.Job instance at 0x1493d8cbe7d0>,70,1,[5 1],109,180,181,71,172
1,<environment.Job instance at 0x1493d8cbe910>,71,3,[1 5],110,180,183,70,172
1,<environment.Job instance at 0x1493d780e7d0>,72,2,[1 9],111,199,201,88,173
1,<environment.Job instance at 0x1493d60802d0>,73,3,[2 8],112,201,204,89,178
1,<environment.Job instance at 0x1493d8eb8690>,74,1,[1 8],115,204,205,89,178
1,<environment.Job instance at 0x1493d6056870>,75,16,[2 6],116,196,212,80,184
1,<environment.Job instance at 0x1493d6d54eb0>,76,3,[1 6],117,205,208,88,186
1,<environment.Job instance at 0x1493d60af140>,77,2,[8 2],118,186,188,68,186
1,<environment.Job instance at 0x1493d8ce0c80>,78,14,[9 1],120,201,215,81,186
1,<environment.Job instance at 0x1493da3e4230>,79,3,[10  1],121,188,191,67,187
1,<environment.Job instance at 0x1493d6072370>,80,2,[1 7],122,208,210,86,188
1,<environment.Job instance at 0x1493d60afbe0>,81,15,[1 5],123,210,225,87,196
1,<environment.Job instance at 0x1493d65cc7d0>,82,3,[1 9],124,212,215,88,198
1,<environment.Job instance at 0x1493da7b7d70>,83,2,[1 8],126,215,217,89,199
1,<environment.Job instance at 0x1493da7b7cd0>,84,2,[1 5],128,217,219,89,199
1,<environment.Job instance at 0x1493da7658c0>,85,15,[10  1],129,215,230,86,201
1,<environment.Job instance at 0x1493da7655a0>,86,1,[2 8],130,219,220,89,201
1,<environment.Job instance at 0x1493e44bff00>,87,1,[8 2],131,230,231,99,202
1,<environment.Job instance at 0x1493d8267230>,67,2,[1 5],105,220,222,115,216
1,<environment.Job instance at 0x1493d6c7cc80>,88,14,[14  1],132,231,245,99,216
1,<environment.Job instance at 0x1493d92ee140>,90,3,[10  1],136,245,248,109,219
1,<environment.Job instance at 0x1493d8d1a550>,91,3,[10  2],137,248,251,111,222
1,<environment.Job instance at 0x1493dc173be0>,92,3,[ 2 11],140,225,228,85,222
1,<environment.Job instance at 0x1493e4043690>,93,2,[1 7],141,222,224,81,222
1,<environment.Job instance at 0x1493d926f9b0>,94,1,[1 5],142,224,225,82,222
1,<environment.Job instance at 0x1493d8d1a410>,89,2,[6 1],134,251,253,117,224
1,<environment.Job instance at 0x1493d6c7e550>,95,18,[8 2],143,251,269,108,240
1,<environment.Job instance at 0x1493d6c7e4b0>,97,16,[1 5],145,240,256,95,240
1,<environment.Job instance at 0x1493e44b5d20>,98,2,[ 1 10],146,256,258,110,240
1,<environment.Job instance at 0x1493d606e500>,99,17,[2 9],147,258,275,111,246
1,<environment.Job instance at 0x1493d65db4b0>,100,15,[7 2],148,269,284,121,255
1,<environment.Job instance at 0x1493d65db0a0>,101,16,[2 8],149,275,291,126,262
1,<environment.Job instance at 0x1493d9439280>,102,3,[6 1],150,269,272,119,262
1,<environment.Job instance at 0x1493d9439a50>,103,2,[1 8],151,291,293,140,264
1,<environment.Job instance at 0x1493d94395a0>,104,3,[2 8],152,293,296,141,267
1,<environment.Job instance at 0x1493d9439f00>,105,2,[2 8],153,296,298,143,269
1,<environment.Job instance at 0x1493d9439e10>,106,3,[5 2],156,272,275,116,269
1,<environment.Job instance at 0x1493d9439d70>,107,1,[6 2],158,275,276,117,269
1,<environment.Job instance at 0x1493d65c7960>,108,2,[2 8],159,298,300,139,271
1,<environment.Job instance at 0x1493d65c7820>,109,1,[6 2],161,276,277,115,272
1,<environment.Job instance at 0x1493d65c70f0>,110,1,[2 9],162,300,301,138,273
1,<environment.Job instance at 0x1493d6c7eaf0>,96,3,[1 6],144,299,302,155,299
1,<environment.Job instance at 0x1493d65c7280>,111,27,[ 2 10],163,302,329,139,300
1,<environment.Job instance at 0x1493d65c7d20>,113,2,[2 7],166,329,331,163,305
1,<environment.Job instance at 0x1493d65c70a0>,114,1,[5 2],167,307,308,140,307
1,<environment.Job instance at 0x1493d8d6d320>,115,1,[2 5],168,308,309,140,307
1,<environment.Job instance at 0x1493d65c7460>,112,2,[10  1],164,324,326,160,324
1,<environment.Job instance at 0x1493d8d13460>,58,12,[5 2],88,328,340,240,328
1,<environment.Job instance at 0x1493d65d1050>,16,15,[ 1 11],27,411,426,384,411
1,<environment.Job instance at 0x1493d6d49d70>,10,19,[2 9],16,16,35,0,16
1,<environment.Job instance at 0x1493d6d49cd0>,15,1,[1 7],21,35,36,14,21
1,<environment.Job instance at 0x1493d6d49eb0>,16,3,[2 7],22,35,38,13,22
1,<environment.Job instance at 0x1493d6d495f0>,17,2,[1 5],23,24,26,1,24
1,<environment.Job instance at 0x1493d6d49230>,18,1,[1 9],25,38,39,13,25
1,<environment.Job instance at 0x1493d6d206e0>,19,1,[2 5],26,26,27,0,26
1,<environment.Job instance at 0x1493d6d20870>,20,15,[7 1],27,28,43,1,28
1,<environment.Job instance at 0x1493d6d20d20>,22,1,[2 8],30,39,40,9,30
1,<environment.Job instance at 0x1493d6d20dc0>,23,1,[2 6],31,36,37,5,31
1,<environment.Job instance at 0x1493e5145f50>,25,17,[2 7],34,40,57,6,34
1,<environment.Job instance at 0x1493e5145320>,26,14,[1 6],35,39,53,4,39
1,<environment.Job instance at 0x1493e5145550>,27,17,[9 1],36,43,60,7,39
1,<environment.Job instance at 0x1493e51459b0>,28,3,[5 1],37,40,43,3,39
1,<environment.Job instance at 0x1493e51456e0>,29,1,[10  1],38,60,61,22,39
1,<environment.Job instance at 0x1493e51450f0>,30,1,[1 8],39,57,58,18,39
1,<environment.Job instance at 0x1493d6d49c30>,13,1,[6 2],19,58,59,39,41
1,<environment.Job instance at 0x1493da31c050>,31,12,[9 2],40,61,73,21,44
1,<environment.Job instance at 0x1493d61e7820>,33,3,[9 2],42,73,76,31,51
1,<environment.Job instance at 0x1493d61e7b90>,34,2,[10  2],43,76,78,33,52
1,<environment.Job instance at 0x1493d61e7460>,35,16,[10  2],44,78,94,34,67
1,<environment.Job instance at 0x1493d61e7c80>,36,16,[ 2 10],45,67,83,22,67
1,<environment.Job instance at 0x1493d61e7e60>,37,2,[1 6],47,83,85,36,67
1,<environment.Job instance at 0x1493d61e78c0>,38,15,[2 6],49,83,98,34,69
1,<environment.Job instance at 0x1493d61e70a0>,39,2,[7 2],50,94,96,44,69
1,<environment.Job instance at 0x1493d61e7d20>,40,13,[5 1],51,94,107,43,79
1,<environment.Job instance at 0x1493d61e7af0>,41,2,[1 8],52,96,98,44,79
1,<environment.Job instance at 0x1493d61e7e10>,42,14,[6 1],53,98,112,45,83
1,<environment.Job instance at 0x1493d61e75a0>,43,1,[2 5],54,85,86,31,83
1,<environment.Job instance at 0x1493d93abf00>,45,2,[7 1],56,107,109,51,83
1,<environment.Job instance at 0x1493d93ab3c0>,46,3,[7 1],57,109,112,52,83
1,<environment.Job instance at 0x1493d93abaa0>,47,13,[10  1],58,112,125,54,100
1,<environment.Job instance at 0x1493d93ab280>,49,1,[ 2 10],60,101,102,41,101
1,<environment.Job instance at 0x1493d93ab6e0>,50,2,[10  2],62,125,127,63,101
1,<environment.Job instance at 0x1493d93ab2d0>,51,3,[7 1],66,127,130,61,101
1,<environment.Job instance at 0x1493d93ab320>,52,3,[2 8],67,103,106,36,103
1,<environment.Job instance at 0x1493d93ab1e0>,53,3,[1 9],68,106,109,38,103
1,<environment.Job instance at 0x1493da31caf0>,32,2,[2 6],41,109,111,68,103
1,<environment.Job instance at 0x1493d93abdc0>,54,16,[10  1],69,130,146,61,117
1,<environment.Job instance at 0x1493da4d78c0>,56,23,[1 6],71,117,140,46,117
1,<environment.Job instance at 0x1493da4d7af0>,55,3,[2 9],70,140,143,70,123
1,<environment.Job instance at 0x1493da4d7d20>,57,12,[7 1],74,146,158,72,129
1,<environment.Job instance at 0x1493da4d7500>,59,3,[6 1],79,146,149,67,129
1,<environment.Job instance at 0x1493d92b60a0>,60,3,[8 1],80,149,152,69,129
1,<environment.Job instance at 0x1493d92b6780>,61,2,[7 1],82,152,154,70,129
1,<environment.Job instance at 0x1493da4d74b0>,58,3,[10  1],77,158,161,81,142
1,<environment.Job instance at 0x1493d92b68c0>,62,18,[2 6],84,154,172,70,143
1,<environment.Job instance at 0x1493d6d3eb40>,64,2,[5 1],87,143,145,56,143
1,<environment.Job instance at 0x1493e79b40f0>,65,14,[2 5],88,154,168,66,143
1,<environment.Job instance at 0x1493d92a5d70>,66,3,[5 2],90,161,164,71,143
1,<environment.Job instance at 0x1493da4086e0>,67,12,[1 5],91,168,180,77,151
1,<environment.Job instance at 0x1493d929e8c0>,68,13,[7 2],92,164,177,72,151
1,<environment.Job instance at 0x1493da899dc0>,69,3,[8 1],93,177,180,84,151
1,<environment.Job instance at 0x1493e44a1fa0>,63,1,[7 1],86,172,173,86,151
1,<environment.Job instance at 0x1493da408870>,70,3,[2 6],96,173,176,77,152
1,<environment.Job instance at 0x1493d91d5a00>,72,16,[1 5],101,176,192,75,164
1,<environment.Job instance at 0x1493da81ebe0>,73,1,[1 9],102,180,181,78,164
1,<environment.Job instance at 0x1493e4055b90>,74,3,[2 9],104,181,184,77,165
1,<environment.Job instance at 0x1493e4027410>,75,1,[10  2],105,184,185,79,166
1,<environment.Job instance at 0x1493d5e7ad70>,76,1,[5 2],106,168,169,62,166
1,<environment.Job instance at 0x1493d92b6140>,71,18,[1 5],97,184,202,87,181
1,<environment.Job instance at 0x1493da80b3c0>,77,26,[2 8],108,192,218,84,189
1,<environment.Job instance at 0x1493e70a2500>,79,16,[ 2 10],112,218,234,106,205
1,<environment.Job instance at 0x1493da8a7e10>,80,3,[10  2],113,207,210,94,207
1,<environment.Job instance at 0x1493da8a7dc0>,81,2,[1 6],117,210,212,93,207
1,<environment.Job instance at 0x1493e5150960>,82,3,[1 9],118,234,237,116,208
1,<environment.Job instance at 0x149424034730>,83,16,[2 7],121,237,253,116,224
1,<environment.Job instance at 0x1493e405af00>,84,1,[6 2],122,224,225,102,224
1,<environment.Job instance at 0x1493e50da5a0>,85,3,[10  2],124,225,228,101,224
1,<environment.Job instance at 0x1493e50daa50>,86,3,[5 1],128,228,231,100,224
1,<environment.Job instance at 0x1493e50da280>,87,1,[2 8],129,237,238,108,224
1,<environment.Job instance at 0x1493e45a4fa0>,88,2,[7 2],130,228,230,98,224
1,<environment.Job instance at 0x1493e45a4c30>,89,2,[6 2],131,230,232,99,224
1,<environment.Job instance at 0x1493e45a42d0>,90,3,[9 1],132,232,235,100,224
1,<environment.Job instance at 0x1493e45a4cd0>,91,14,[2 8],133,238,252,105,225
1,<environment.Job instance at 0x1493e45a4550>,92,2,[5 2],134,234,236,100,226
1,<environment.Job instance at 0x1493da80b0a0>,78,2,[ 1 10],110,253,255,143,244
1,<environment.Job instance at 0x1493e45a48c0>,93,27,[1 7],135,255,282,120,254
1,<environment.Job instance at 0x1493e50eb6e0>,96,2,[6 1],139,260,262,121,260
1,<environment.Job instance at 0x1493e50eb4b0>,97,2,[ 1 10],140,282,284,142,260
1,<environment.Job instance at 0x1493e50eb960>,98,3,[9 2],142,262,265,120,261
1,<environment.Job instance at 0x1493e50ebe10>,99,2,[5 1],143,262,264,119,262
1,<environment.Job instance at 0x1493e50ebf00>,95,17,[2 8],137,265,282,128,262
1,<environment.Job instance at 0x1493e7981960>,102,2,[2 9],147,284,286,137,269
1,<environment.Job instance at 0x1493d913be10>,100,17,[1 9],144,286,303,142,274
1,<environment.Job instance at 0x1493d92b9eb0>,104,1,[5 1],153,282,283,129,275
1,<environment.Job instance at 0x1493d92b93c0>,105,13,[10  1],155,283,296,128,280
1,<environment.Job instance at 0x1493d92b9230>,106,2,[1 8],157,303,305,146,280
1,<environment.Job instance at 0x1493d92b9280>,107,1,[10  2],158,296,297,138,280
1,<environment.Job instance at 0x1493d92b9550>,108,3,[2 8],159,305,308,146,280
1,<environment.Job instance at 0x1493d92b90a0>,109,15,[2 7],160,303,318,143,289
1,<environment.Job instance at 0x1493d913e190>,110,2,[8 2],165,297,299,132,289
1,<environment.Job instance at 0x1493d913ec80>,111,1,[ 1 12],166,318,319,152,290
1,<environment.Job instance at 0x1493e50e8aa0>,112,3,[6 2],167,297,300,130,290
1,<environment.Job instance at 0x1493e50e8690>,113,1,[8 1],169,299,300,130,290
1,<environment.Job instance at 0x1493d92b9aa0>,103,15,[2 8],152,338,353,186,338
1,<environment.Job instance at 0x1493d6d49140>,11,13,[12  2],17,356,369,339,356
1,<environment.Job instance at 0x1493d93ab910>,48,25,[12  1],59,369,394,310,367
1,<environment.Job instance at 0x1493e50ebbe0>,94,21,[1 8],136,564,585,428,564
1,<environment.Job instance at 0x1493e5129d20>,13,15,[6 1],19,21,36,2,21
1,<environment.Job instance at 0x1493e5129b90>,14,3,[6 2],20,21,24,1,21
1,<environment.Job instance at 0x1493e5129be0>,15,1,[6 2],21,24,25,3,22
1,<environment.Job instance at 0x1493e5111af0>,17,1,[7 1],24,25,26,1,25
1,<environment.Job instance at 0x1493e5129cd0>,11,13,[8 2],17,26,39,9,26
1,<environment.Job instance at 0x1493e5111e60>,18,12,[2 8],25,36,48,11,26
1,<environment.Job instance at 0x1493e5111230>,20,3,[1 5],27,28,31,1,28
1,<environment.Job instance at 0x1493e5111cd0>,21,3,[2 7],28,39,42,11,28
1,<environment.Job instance at 0x1493e5111870>,22,13,[2 5],29,42,55,13,29
1,<environment.Job instance at 0x1493e51112d0>,23,2,[2 8],30,48,50,18,31
1,<environment.Job instance at 0x1493e5116e10>,26,1,[1 9],37,50,51,13,37
1,<environment.Job instance at 0x1493e5116410>,27,3,[7 1],38,42,45,4,38
1,<environment.Job instance at 0x1493e5116e60>,28,3,[7 2],39,45,48,6,39
1,<environment.Job instance at 0x1493e51162d0>,29,14,[1 5],41,51,65,10,41
1,<environment.Job instance at 0x1493e511d820>,31,1,[9 1],45,48,49,3,45
1,<environment.Job instance at 0x1493e511da00>,32,17,[2 8],46,55,72,9,46
1,<environment.Job instance at 0x1493e511dbe0>,33,25,[8 1],49,49,74,0,49
1,<environment.Job instance at 0x1493e511db40>,34,16,[8 1],50,74,90,24,61
1,<environment.Job instance at 0x1493e511d140>,36,2,[10  2],53,90,92,37,63
1,<environment.Job instance at 0x1493e511dc80>,35,16,[1 6],51,65,81,14,63
1,<environment.Job instance at 0x1493e511daf0>,37,3,[1 7],54,72,75,18,63
1,<environment.Job instance at 0x1493e511deb0>,39,1,[10  2],57,92,93,35,64
1,<environment.Job instance at 0x1493e511dd20>,40,2,[7 2],58,81,83,23,64
1,<environment.Job instance at 0x1493e511d230>,41,16,[1 9],59,83,99,24,70
1,<environment.Job instance at 0x1493e50f23c0>,43,12,[2 9],62,99,111,37,82
1,<environment.Job instance at 0x1493e5111f00>,19,3,[ 1 10],26,111,114,85,85
1,<environment.Job instance at 0x1493e50f27d0>,44,3,[9 2],63,93,96,30,88
1,<environment.Job instance at 0x1493e50f2e10>,45,13,[1 9],64,114,127,50,98
1,<environment.Job instance at 0x1493e50f2f00>,48,1,[ 1 10],69,127,128,58,99
1,<environment.Job instance at 0x1493e50f2eb0>,49,19,[2 5],70,99,118,29,99
1,<environment.Job instance at 0x1493e50fddc0>,50,17,[2 9],71,128,145,57,116
1,<environment.Job instance at 0x1493e50fd140>,56,3,[2 7],79,145,148,66,119
1,<environment.Job instance at 0x1493e50fdaf0>,58,3,[8 2],81,119,122,38,119
1,<environment.Job instance at 0x1493e50fd9b0>,59,1,[1 7],82,145,146,63,119
1,<environment.Job instance at 0x1493e50fd8c0>,60,1,[6 2],83,119,120,36,119
1,<environment.Job instance at 0x1493e50fd2d0>,61,2,[2 7],84,146,148,62,119
1,<environment.Job instance at 0x1493e50fd690>,63,3,[7 1],86,122,125,36,119
1,<environment.Job instance at 0x1493e50fd050>,64,14,[8 2],87,125,139,38,119
1,<environment.Job instance at 0x1493e50fd7d0>,66,2,[7 2],90,122,124,32,119
1,<environment.Job instance at 0x1493e50f1cd0>,67,3,[5 2],92,124,127,32,119
1,<environment.Job instance at 0x1493e50f1f50>,68,13,[2 8],93,148,161,55,132
1,<environment.Job instance at 0x1493e50f15a0>,71,1,[10  1],98,139,140,41,132
1,<environment.Job instance at 0x1493e50f1140>,72,1,[5 2],99,132,133,33,132
1,<environment.Job instance at 0x1493e50f17d0>,73,17,[10  1],100,140,157,40,132
1,<environment.Job instance at 0x1493e50f1460>,75,1,[10  2],103,157,158,54,150
1,<environment.Job instance at 0x1493e50f16e0>,74,25,[9 1],101,158,183,57,154
1,<environment.Job instance at 0x1493e50f1b90>,78,15,[5 2],106,161,176,55,154
1,<environment.Job instance at 0x1493e50f15f0>,79,3,[2 7],108,176,179,68,154
1,<environment.Job instance at 0x1493e50f1500>,80,15,[7 2],109,183,198,74,169
1,<environment.Job instance at 0x1493e5100be0>,82,2,[2 9],111,179,181,68,169
1,<environment.Job instance at 0x1493e5100050>,83,2,[1 5],112,169,171,57,169
1,<environment.Job instance at 0x1493e5100640>,84,16,[1 8],113,181,197,68,169
1,<environment.Job instance at 0x1493e5100b40>,86,1,[9 1],116,198,199,82,170
1,<environment.Job instance at 0x1493d5d02640>,89,15,[9 2],120,199,214,79,185
1,<environment.Job instance at 0x1493e4ff4aa0>,93,17,[9 1],126,214,231,88,202
1,<environment.Job instance at 0x1493e55b7550>,94,1,[6 2],127,202,203,75,202
1,<environment.Job instance at 0x1493e449d640>,95,1,[5 1],128,203,204,75,203
1,<environment.Job instance at 0x1493da4b25f0>,96,1,[2 6],130,204,205,74,203
1,<environment.Job instance at 0x1493d5d02c80>,97,3,[2 6],131,204,207,73,203
1,<environment.Job instance at 0x1493d5c885f0>,98,2,[9 1],132,231,233,99,204
1,<environment.Job instance at 0x1493e508e3c0>,99,13,[6 1],134,207,220,73,204
1,<environment.Job instance at 0x1493d5cecf50>,100,2,[7 2],135,233,235,98,206
1,<environment.Job instance at 0x1493d5cec2d0>,101,2,[9 2],136,235,237,99,208
1,<environment.Job instance at 0x1493d5ce83c0>,105,17,[12  1],140,237,254,97,225
1,<environment.Job instance at 0x1493d5cd9460>,110,16,[6 1],147,254,270,107,241
1,<environment.Job instance at 0x1493d5cd9eb0>,114,1,[1 8],151,241,242,90,241
1,<environment.Job instance at 0x1493da773c80>,115,2,[6 2],152,254,256,102,241
1,<environment.Job instance at 0x1493d5cd9410>,116,13,[2 9],153,242,255,89,241
1,<environment.Job instance at 0x1493d5ccac30>,117,1,[6 2],155,256,257,101,241
1,<environment.Job instance at 0x1493d5cce140>,118,3,[8 2],156,257,260,101,241
1,<environment.Job instance at 0x1493d6354f00>,119,2,[ 1 10],158,255,257,97,241
1,<environment.Job instance at 0x1493d5cd9640>,111,1,[8 2],148,260,261,112,249
1,<environment.Job instance at 0x1493d5cce3c0>,120,13,[10  1],159,270,283,111,254
1,<environment.Job instance at 0x1493e406ef50>,127,3,[2 7],166,261,264,95,254
1,<environment.Job instance at 0x1493d62029b0>,128,1,[5 1],167,261,262,94,254
1,<environment.Job instance at 0x1493d6202640>,129,17,[1 8],168,264,281,96,254
1,<environment.Job instance at 0x1493d5cdde60>,130,3,[5 2],169,262,265,93,254
1,<environment.Job instance at 0x1493d5cce870>,123,2,[7 2],162,283,285,121,282
1,<environment.Job instance at 0x1493e406e870>,126,1,[13  1],165,293,294,128,293
1,<environment.Job instance at 0x1493e5113dc0>,4,13,[13  2],7,432,445,425,432
1,<environment.Job instance at 0x1493e5129f00>,12,18,[5 1],18,1180,1198,1162,1180
1,<environment.Job instance at 0x1493e5150640>,10,2,[2 7],13,13,15,0,13
1,<environment.Job instance at 0x1493e51502d0>,11,18,[6 1],15,15,33,0,15
1,<environment.Job instance at 0x1493dc161d20>,12,15,[2 9],16,16,31,0,16
1,<environment.Job instance at 0x1493dc1619b0>,13,2,[10  1],17,33,35,16,17
1,<environment.Job instance at 0x1493dc161a00>,14,22,[2 6],19,31,53,12,24
1,<environment.Job instance at 0x1493dc161410>,16,16,[6 2],21,35,51,14,24
1,<environment.Job instance at 0x1493dc1615f0>,17,1,[6 1],22,24,25,2,24
1,<environment.Job instance at 0x1493dc161b90>,18,2,[9 1],24,51,53,27,24
1,<environment.Job instance at 0x1493dc161050>,19,19,[1 5],26,26,45,0,26
1,<environment.Job instance at 0x1493dc161870>,20,1,[8 1],27,53,54,26,27
1,<environment.Job instance at 0x1493dc161960>,21,1,[5 1],29,31,32,2,29
1,<environment.Job instance at 0x1493dc161820>,22,2,[7 2],30,45,47,15,30
1,<environment.Job instance at 0x1493dc161370>,23,3,[ 2 14],32,53,56,21,32
1,<environment.Job instance at 0x1493da4b1500>,24,3,[1 8],33,56,59,23,33
1,<environment.Job instance at 0x1493da4b1730>,25,1,[ 2 10],34,59,60,25,34
1,<environment.Job instance at 0x1493da4b1aa0>,26,2,[7 2],36,47,49,11,36
1,<environment.Job instance at 0x1493da4b18c0>,27,1,[6 1],37,37,38,0,37
1,<environment.Job instance at 0x1493da4b1cd0>,28,2,[6 1],39,39,41,0,39
1,<environment.Job instance at 0x1493e5150c30>,9,2,[2 9],12,60,62,48,45
1,<environment.Job instance at 0x1493da4b14b0>,29,17,[1 7],40,62,79,22,50
1,<environment.Job instance at 0x1493e44c43c0>,31,2,[7 2],45,56,58,11,50
1,<environment.Job instance at 0x1493e44c4c80>,32,1,[1 5],47,50,51,3,50
1,<environment.Job instance at 0x1493e44c4780>,33,14,[5 2],49,56,70,7,50
1,<environment.Job instance at 0x1493e44c4870>,34,27,[5 1],50,58,85,8,56
1,<environment.Job instance at 0x1493dc1617d0>,15,1,[ 1 14],20,79,80,59,63
1,<environment.Job instance at 0x1493e44c4460>,35,15,[14  1],51,85,100,34,71
1,<environment.Job instance at 0x1493e44c4fa0>,39,1,[2 9],56,80,81,24,71
1,<environment.Job instance at 0x1493e44c4910>,40,2,[10  2],57,81,83,24,71
1,<environment.Job instance at 0x1493e44c4230>,41,1,[6 1],60,71,72,11,71
1,<environment.Job instance at 0x1493e44c46e0>,42,1,[7 2],62,72,73,10,71
1,<environment.Job instance at 0x1493e44c45a0>,43,2,[2 7],63,73,75,10,71
1,<environment.Job instance at 0x1493e44c4d70>,44,3,[2 5],64,75,78,11,71
1,<environment.Job instance at 0x1493da4b19b0>,30,15,[10  2],44,100,115,56,91
1,<environment.Job instance at 0x1493e5150690>,5,3,[10  2],7,115,118,108,96
1,<environment.Job instance at 0x1493d7824e10>,50,3,[9 2],73,118,121,45,98
1,<environment.Job instance at 0x1493d9458c80>,53,22,[2 5],79,100,122,21,99
1,<environment.Job instance at 0x1493e516a3c0>,45,25,[6 1],65,121,146,56,117
1,<environment.Job instance at 0x1493e50f18c0>,57,13,[7 2],84,121,134,37,117
1,<environment.Job instance at 0x1493e50f1be0>,58,3,[6 2],86,134,137,48,117
1,<environment.Job instance at 0x1493e50f1190>,59,2,[12  1],87,146,148,59,119
1,<environment.Job instance at 0x1493e512b140>,61,14,[7 1],90,148,162,58,133
1,<environment.Job instance at 0x1493e512b8c0>,63,1,[8 1],92,137,138,45,133
1,<environment.Job instance at 0x1493e512b410>,64,2,[10  2],93,162,164,69,135
1,<environment.Job instance at 0x1493d78242d0>,52,1,[8 2],77,138,139,61,135
1,<environment.Job instance at 0x1493e5100c80>,56,26,[ 2 13],83,139,165,56,139
1,<environment.Job instance at 0x1493e50a25f0>,65,14,[9 1],94,164,178,70,149
1,<environment.Job instance at 0x1493e51545a0>,69,2,[2 7],99,165,167,66,149
1,<environment.Job instance at 0x1493d6254b90>,70,3,[9 2],101,178,181,77,152
1,<environment.Job instance at 0x1493d65a1780>,71,3,[10  1],102,181,184,79,155
1,<environment.Job instance at 0x1493e512b820>,72,17,[1 8],108,167,184,59,155
1,<environment.Job instance at 0x1493d8ce97d0>,73,2,[8 2],110,184,186,74,157
1,<environment.Job instance at 0x1493e4048eb0>,74,17,[1 6],111,181,198,70,169
1,<environment.Job instance at 0x1493e51586e0>,79,1,[1 8],120,186,187,66,169
1,<environment.Job instance at 0x1493e5158f50>,80,2,[2 9],121,187,189,66,171
1,<environment.Job instance at 0x1493da76cf50>,81,2,[8 2],122,189,191,67,171
1,<environment.Job instance at 0x1493e70ce500>,82,15,[10  1],123,191,206,68,177
1,<environment.Job instance at 0x1493e508e780>,84,1,[8 2],125,206,207,81,178
1,<environment.Job instance at 0x1493d8cc5690>,85,2,[ 1 10],126,198,200,72,178
1,<environment.Job instance at 0x1493dc13f910>,86,3,[ 2 14],127,200,203,73,178
1,<environment.Job instance at 0x1493d77edb40>,87,1,[5 1],128,178,179,50,178
1,<environment.Job instance at 0x1493da85b960>,88,2,[2 6],129,184,186,55,178
1,<environment.Job instance at 0x1493da85b690>,89,1,[8 1],130,186,187,56,178
1,<environment.Job instance at 0x1493e4632910>,90,1,[7 2],132,206,207,74,178
1,<environment.Job instance at 0x1493e46329b0>,91,12,[6 2],133,207,219,74,190
1,<environment.Job instance at 0x1493e46323c0>,92,3,[1 7],134,190,193,56,190
1,<environment.Job instance at 0x1493d5a920f0>,93,2,[6 2],136,207,209,71,190
1,<environment.Job instance at 0x1493e4632b40>,94,3,[9 1],137,209,212,72,191
1,<environment.Job instance at 0x1493e46326e0>,95,14,[7 1],138,212,226,74,197
1,<environment.Job instance at 0x1493e4632dc0>,96,14,[ 2 10],139,212,226,73,197
1,<environment.Job instance at 0x1493e55b5c30>,97,14,[9 2],140,226,240,86,211
1,<environment.Job instance at 0x1493e55b5e60>,98,1,[1 9],141,226,227,85,211
1,<environment.Job instance at 0x1493e55b5f50>,99,16,[1 8],142,227,243,85,214
1,<environment.Job instance at 0x1493e55b5410>,100,1,[6 1],143,219,220,76,215
1,<environment.Job instance at 0x1493d65cc730>,101,3,[5 2],144,220,223,76,215
1,<environment.Job instance at 0x1493e70ce640>,83,28,[5 2],124,226,254,102,226
1,<environment.Job instance at 0x1493e55b5190>,103,2,[8 2],146,240,242,94,226
1,<environment.Job instance at 0x1493e55b5b90>,102,16,[7 1],145,242,258,97,229
1,<environment.Job instance at 0x1493e55b55a0>,105,2,[1 7],148,243,245,95,229
1,<environment.Job instance at 0x1493d8e6d370>,77,2,[ 1 11],117,245,247,128,229
1,<environment.Job instance at 0x1493d8ef2a50>,106,26,[1 6],151,247,273,96,245
1,<environment.Job instance at 0x1493e51375a0>,110,14,[ 1 10],157,273,287,116,259
1,<environment.Job instance at 0x1493e55b5500>,104,1,[9 2],147,353,354,206,353
1,<environment.Job instance at 0x1493d60e70a0>,119,3,[12  1],169,597,600,428,597
1,<environment.Job instance at 0x1493d7824140>,51,1,[1 9],74,687,688,613,687
1,<environment.Job instance at 0x1493d6c97500>,6,1,[ 2 10],17,17,18,0,17
1,<environment.Job instance at 0x1493d6c97820>,11,16,[9 1],24,24,40,0,24
1,<environment.Job instance at 0x1493d6c97dc0>,12,12,[7 2],26,40,52,14,27
1,<environment.Job instance at 0x1493d6c97460>,13,15,[ 2 10],32,33,48,1,33
1,<environment.Job instance at 0x1493d6c97aa0>,14,2,[5 2],33,40,42,7,33
1,<environment.Job instance at 0x1493da2f1cd0>,15,2,[7 2],34,48,50,14,34
1,<environment.Job instance at 0x1493d6c97690>,16,2,[5 2],36,42,44,6,36
1,<environment.Job instance at 0x1493da2f19b0>,17,1,[ 2 10],37,50,51,13,37
1,<environment.Job instance at 0x1493e470aaa0>,18,1,[6 2],38,44,45,6,38
1,<environment.Job instance at 0x1493d6c97640>,19,2,[ 1 12],39,51,53,12,39
1,<environment.Job instance at 0x1493da75d050>,20,16,[2 9],40,53,69,13,40
1,<environment.Job instance at 0x1493d65c15a0>,21,2,[5 2],41,45,47,4,41
1,<environment.Job instance at 0x1493da83c8c0>,22,21,[5 1],42,50,71,8,42
1,<environment.Job instance at 0x1493da75d0f0>,23,3,[2 8],43,69,72,26,43
1,<environment.Job instance at 0x1493d6291d70>,24,3,[8 2],45,52,55,7,46
1,<environment.Job instance at 0x1493d6291af0>,25,1,[ 2 10],46,72,73,26,46
1,<environment.Job instance at 0x1493d62913c0>,26,2,[1 6],47,69,71,22,52
1,<environment.Job instance at 0x1493e449b1e0>,27,2,[8 1],48,55,57,7,53
1,<environment.Job instance at 0x1493e449b3c0>,28,1,[2 7],50,71,72,21,53
1,<environment.Job instance at 0x1493da74e3c0>,29,2,[1 8],51,73,75,22,53
1,<environment.Job instance at 0x1493da74ec80>,30,13,[7 1],52,72,85,20,56
1,<environment.Job instance at 0x1493da74e280>,31,3,[ 2 10],55,75,78,20,56
1,<environment.Job instance at 0x1493da74e500>,32,2,[2 7],56,78,80,22,56
1,<environment.Job instance at 0x1493da74e410>,33,22,[ 2 10],57,80,102,23,73
1,<environment.Job instance at 0x1493e44aeaa0>,34,2,[10  2],58,85,87,27,74
1,<environment.Job instance at 0x1493e44aeeb0>,35,2,[1 7],59,78,80,19,74
1,<environment.Job instance at 0x1493e44ae140>,36,3,[2 8],60,102,105,42,76
1,<environment.Job instance at 0x1493e44ae820>,37,2,[6 2],61,76,78,15,76
1,<environment.Job instance at 0x1493e44aef00>,38,1,[7 1],64,87,88,23,76
1,<environment.Job instance at 0x1493e44aecd0>,39,2,[5 2],65,80,82,15,78
1,<environment.Job instance at 0x1493e44ae3c0>,40,15,[1 9],66,105,120,39,91
1,<environment.Job instance at 0x1493e44dea00>,42,2,[ 1 10],68,120,122,52,97
1,<environment.Job instance at 0x1493e44de500>,43,1,[7 1],69,100,101,31,100
1,<environment.Job instance at 0x1493e44de190>,44,1,[2 6],72,106,107,34,106
1,<environment.Job instance at 0x1493da71a280>,47,2,[8 2],75,117,119,42,117
1,<environment.Job instance at 0x1493da71ac80>,48,1,[6 1],76,117,118,41,117
1,<environment.Job instance at 0x1493e44de640>,46,1,[5 1],74,135,136,61,135
1,<environment.Job instance at 0x1493da71aeb0>,49,3,[8 1],78,137,140,59,137
1,<environment.Job instance at 0x1493da71ad70>,50,15,[6 1],82,137,152,55,137
1,<environment.Job instance at 0x1493da71a230>,51,2,[8 2],83,141,143,58,141
1,<environment.Job instance at 0x1493e4531c80>,53,3,[2 6],87,143,146,56,141
1,<environment.Job instance at 0x1493e4531730>,54,2,[7 1],88,143,145,55,142
1,<environment.Job instance at 0x1493e4531eb0>,55,21,[6 1],90,145,166,55,142
1,<environment.Job instance at 0x1493e4531e10>,56,3,[ 2 13],92,146,149,54,142
1,<environment.Job instance at 0x1493e45318c0>,57,14,[2 6],93,149,163,56,142
1,<environment.Job instance at 0x1493e4531870>,58,1,[ 2 10],94,163,164,69,142
1,<environment.Job instance at 0x1493e4531a00>,59,2,[2 8],95,152,154,57,142
1,<environment.Job instance at 0x1493e50a5e60>,60,1,[1 7],98,145,146,47,143
1,<environment.Job instance at 0x1493e50a5870>,61,1,[1 7],100,149,150,49,143
1,<environment.Job instance at 0x1493e50a52d0>,62,12,[2 8],101,164,176,63,147
1,<environment.Job instance at 0x1493e44ab9b0>,64,27,[1 9],103,176,203,73,176
1,<environment.Job instance at 0x1493e50a5d20>,66,1,[ 2 10],105,203,204,98,178
1,<environment.Job instance at 0x1494240342d0>,65,1,[9 1],104,185,186,81,185
1,<environment.Job instance at 0x1493d8cea1e0>,67,12,[2 8],108,204,216,96,187
1,<environment.Job instance at 0x1493da70af00>,69,1,[8 2],112,187,188,75,187
1,<environment.Job instance at 0x1493da70a0f0>,70,18,[9 1],113,188,206,75,187
1,<environment.Job instance at 0x1493e44a10f0>,71,2,[8 1],115,206,208,91,187
1,<environment.Job instance at 0x1493e44a1730>,72,13,[8 2],116,208,221,92,192
1,<environment.Job instance at 0x1493d5d94230>,73,1,[7 1],117,216,217,99,192
1,<environment.Job instance at 0x1493d62aa780>,74,1,[2 6],119,204,205,85,195
1,<environment.Job instance at 0x1493e44a1aa0>,75,3,[1 5],120,195,198,75,195
1,<environment.Job instance at 0x1493e44a1960>,76,3,[8 2],123,221,224,98,196
1,<environment.Job instance at 0x1493d60c05f0>,77,1,[1 7],124,217,218,93,196
1,<environment.Job instance at 0x1493d60c05a0>,78,3,[2 8],125,218,221,93,196
1,<environment.Job instance at 0x1493d60c0780>,79,2,[7 1],126,221,223,95,196
1,<environment.Job instance at 0x1493d60c07d0>,80,28,[1 6],127,223,251,96,223
1,<environment.Job instance at 0x1493da3796e0>,81,1,[1 7],130,229,230,99,229
1,<environment.Job instance at 0x1493da3793c0>,82,21,[9 1],131,229,250,98,229
1,<environment.Job instance at 0x1493da379370>,83,16,[1 6],132,230,246,98,230
1,<environment.Job instance at 0x1493db0e4230>,84,15,[10  2],133,250,265,117,236
1,<environment.Job instance at 0x1493db0e4cd0>,85,2,[5 1],135,246,248,111,236
1,<environment.Job instance at 0x1493d623c1e0>,86,2,[ 2 10],136,251,253,115,236
1,<environment.Job instance at 0x1493d623c280>,87,3,[5 1],137,253,256,116,237
1,<environment.Job instance at 0x1493da810c80>,88,1,[1 9],139,256,257,117,237
1,<environment.Job instance at 0x1493da32f230>,89,1,[2 7],140,248,249,108,237
1,<environment.Job instance at 0x1493da32f0a0>,90,2,[1 8],141,257,259,116,237
1,<environment.Job instance at 0x1493d6cbf5a0>,91,1,[1 9],143,259,260,116,238
1,<environment.Job instance at 0x1493e7931f50>,92,2,[ 2 10],145,260,262,115,239
1,<environment.Job instance at 0x1493e79319b0>,93,3,[9 1],146,265,268,119,239
1,<environment.Job instance at 0x1493e79314b0>,94,12,[9 1],147,268,280,121,251
1,<environment.Job instance at 0x1493e7931550>,95,20,[ 2 11],148,262,282,114,253
1,<environment.Job instance at 0x1493e7931410>,96,16,[9 2],150,280,296,130,267
1,<environment.Job instance at 0x1493d662a7d0>,97,3,[ 2 10],151,282,285,131,267
1,<environment.Job instance at 0x1493d662a230>,98,15,[6 1],153,285,300,132,271
1,<environment.Job instance at 0x1493d662a8c0>,99,1,[9 2],154,296,297,142,271
1,<environment.Job instance at 0x1493d662a780>,100,1,[2 8],155,297,298,142,271
1,<environment.Job instance at 0x1493d662abe0>,101,1,[5 1],156,297,298,141,271
1,<environment.Job instance at 0x1493d662a190>,102,1,[8 1],158,298,299,140,271
1,<environment.Job instance at 0x1493d662aaa0>,103,1,[1 8],160,298,299,138,271
1,<environment.Job instance at 0x1493d662a4b0>,104,1,[2 9],161,299,300,138,271
1,<environment.Job instance at 0x1493d662a320>,105,3,[1 9],162,300,303,138,274
1,<environment.Job instance at 0x14942c02b0f0>,106,14,[ 1 10],164,303,317,139,288
1,<environment.Job instance at 0x14942c02b320>,107,1,[7 2],165,299,300,134,290
1,<environment.Job instance at 0x14942c02bc80>,108,1,[10  1],166,300,301,134,293
1,<environment.Job instance at 0x14942c02baa0>,109,3,[2 5],168,300,303,132,295
1,<environment.Job instance at 0x14942c02b690>,110,2,[6 2],169,303,305,134,296
1,<environment.Job instance at 0x1493d6c97370>,7,3,[11  1],19,355,358,336,355
1,<environment.Job instance at 0x1493d6c974b0>,8,13,[ 2 11],20,432,445,412,432
1,<environment.Job instance at 0x1493d6c97a50>,10,1,[8 1],23,479,480,456,479
1,<environment.Job instance at 0x1493da4b3500>,7,26,[8 1],8,8,34,0,8
1,<environment.Job instance at 0x1493d5bdf550>,10,27,[6 1],11,11,38,0,11
1,<environment.Job instance at 0x1493da411640>,19,16,[5 2],23,34,50,11,23
1,<environment.Job instance at 0x1493d60bf0f0>,22,2,[1 7],29,30,32,1,30
1,<environment.Job instance at 0x1493d60bfdc0>,23,3,[7 1],30,38,41,8,30
1,<environment.Job instance at 0x1493e4fab7d0>,24,1,[6 1],31,41,42,10,31
1,<environment.Job instance at 0x1493da80d9b0>,25,15,[6 2],32,42,57,10,32
1,<environment.Job instance at 0x1493d8e5a5a0>,26,3,[2 9],33,34,37,1,33
1,<environment.Job instance at 0x1493d92c6c30>,27,17,[1 8],35,37,54,2,35
1,<environment.Job instance at 0x1493d92c6d70>,28,2,[11  2],36,57,59,21,36
1,<environment.Job instance at 0x1493e50da5a0>,29,16,[2 7],37,54,70,17,41
1,<environment.Job instance at 0x1493e50da7d0>,30,2,[1 8],39,59,61,20,41
1,<environment.Job instance at 0x1493e50da910>,32,1,[1 5],41,50,51,9,41
1,<environment.Job instance at 0x1493e50dae60>,33,2,[9 1],42,61,63,19,42
1,<environment.Job instance at 0x1493da4083c0>,34,3,[9 2],43,63,66,20,43
1,<environment.Job instance at 0x1493da408b40>,35,17,[5 2],44,66,83,22,54
1,<environment.Job instance at 0x1493da408820>,36,2,[2 6],46,54,56,8,54
1,<environment.Job instance at 0x1493d9216730>,37,1,[ 1 10],47,70,71,23,54
1,<environment.Job instance at 0x1493d9216b90>,38,1,[2 7],48,61,62,13,54
1,<environment.Job instance at 0x1493d9216e60>,39,2,[2 6],49,56,58,7,54
1,<environment.Job instance at 0x1493d92163c0>,40,17,[5 2],50,66,83,16,54
1,<environment.Job instance at 0x1493e50d5730>,41,2,[5 1],52,71,73,19,54
1,<environment.Job instance at 0x1493d5ffb1e0>,42,2,[8 2],53,83,85,30,56
1,<environment.Job instance at 0x1493db0df370>,43,2,[12  1],55,85,87,30,58
1,<environment.Job instance at 0x1493da8096e0>,44,14,[1 9],56,73,87,17,58
1,<environment.Job instance at 0x1493d8ea38c0>,45,1,[2 8],57,87,88,30,59
1,<environment.Job instance at 0x1493da809500>,46,18,[10  2],58,87,105,29,76
1,<environment.Job instance at 0x1493da7e1aa0>,49,3,[1 6],61,88,91,27,76
1,<environment.Job instance at 0x1493da7e1050>,50,2,[1 8],63,91,93,28,76
1,<environment.Job instance at 0x1493da7e1dc0>,51,17,[7 1],64,105,122,41,93
1,<environment.Job instance at 0x1493da7e1af0>,54,1,[10  1],69,122,123,53,94
1,<environment.Job instance at 0x1493da7e12d0>,55,1,[10  2],70,123,124,53,95
1,<environment.Job instance at 0x1493d6d55c80>,56,16,[7 1],71,105,121,34,95
1,<environment.Job instance at 0x1493d6d55460>,57,1,[1 6],72,95,96,23,95
1,<environment.Job instance at 0x1493d6d55730>,58,14,[1 8],73,96,110,23,95
1,<environment.Job instance at 0x1493d6d550a0>,59,2,[5 1],74,121,123,47,95
1,<environment.Job instance at 0x1493d6d555a0>,60,2,[7 2],75,124,126,49,97
1,<environment.Job instance at 0x1493d6d55d70>,61,1,[1 6],76,110,111,34,97
1,<environment.Job instance at 0x1493d6d55aa0>,62,3,[2 6],77,123,126,46,97
1,<environment.Job instance at 0x1493d6d55050>,63,3,[1 9],78,111,114,33,97
1,<environment.Job instance at 0x1493d6d55b40>,64,3,[6 1],79,124,127,45,98
1,<environment.Job instance at 0x1493d6d55230>,65,15,[6 1],85,126,141,41,112
1,<environment.Job instance at 0x1493d6d55c30>,66,2,[7 1],86,127,129,41,112
1,<environment.Job instance at 0x1493d6d55780>,67,17,[8 1],87,129,146,42,117
1,<environment.Job instance at 0x1493d6d55910>,68,1,[ 2 13],88,121,122,33,117
1,<environment.Job instance at 0x1493d6d55960>,69,2,[2 5],89,126,128,37,117
1,<environment.Job instance at 0x1493d6d558c0>,70,3,[9 1],90,146,149,56,120
1,<environment.Job instance at 0x1493e4f55050>,72,1,[5 1],92,141,142,49,120
1,<environment.Job instance at 0x1493e4f55dc0>,73,12,[ 1 10],93,128,140,35,120
1,<environment.Job instance at 0x1493e4f550a0>,74,2,[1 7],94,140,142,46,120
1,<environment.Job instance at 0x1493e4f55fa0>,75,1,[6 2],97,142,143,45,120
1,<environment.Job instance at 0x1493e4f55be0>,76,3,[5 2],98,143,146,45,120
1,<environment.Job instance at 0x1493e4f55640>,77,15,[8 1],99,149,164,50,135
1,<environment.Job instance at 0x1493e4f55d20>,79,2,[8 2],102,164,166,62,137
1,<environment.Job instance at 0x1493d9a733c0>,81,1,[5 2],109,146,147,37,137
1,<environment.Job instance at 0x1493d9a73af0>,82,13,[7 2],110,149,162,39,137
1,<environment.Job instance at 0x1493d9a730f0>,83,1,[7 2],112,162,163,50,137
1,<environment.Job instance at 0x1493d9a73870>,84,1,[2 8],113,143,144,30,137
1,<environment.Job instance at 0x1493d9a739b0>,85,2,[2 9],114,144,146,30,137
1,<environment.Job instance at 0x1493d9a73910>,86,3,[2 6],115,163,166,48,137
1,<environment.Job instance at 0x1493d9a730a0>,87,2,[7 1],117,166,168,49,139
1,<environment.Job instance at 0x1493da7b4960>,88,1,[ 1 10],118,142,143,24,139
1,<environment.Job instance at 0x1493d5bdf9b0>,14,2,[2 9],15,147,149,132,143
1,<environment.Job instance at 0x1493da7b4af0>,89,26,[2 5],119,163,189,44,160
1,<environment.Job instance at 0x1493da7b4f50>,93,1,[1 8],125,166,167,41,160
1,<environment.Job instance at 0x1493da7b4eb0>,94,1,[10  2],129,168,169,39,160
1,<environment.Job instance at 0x1493da891a00>,95,2,[2 6],130,167,169,37,160
1,<environment.Job instance at 0x1493da8910a0>,96,1,[1 5],131,169,170,38,160
1,<environment.Job instance at 0x1493da891730>,97,3,[7 2],133,169,172,36,160
1,<environment.Job instance at 0x1493da891d70>,98,1,[2 8],134,170,171,36,160
1,<environment.Job instance at 0x1493da891640>,99,18,[1 7],136,171,189,35,160
1,<environment.Job instance at 0x1493da891b40>,100,3,[10  1],138,172,175,34,160
1,<environment.Job instance at 0x1493e4541eb0>,101,2,[ 2 13],139,189,191,50,162
1,<environment.Job instance at 0x1493e4541a00>,102,3,[7 2],141,175,178,34,162
1,<environment.Job instance at 0x1493e4541640>,103,28,[2 5],143,191,219,48,190
1,<environment.Job instance at 0x1493e4541870>,107,16,[ 1 11],147,219,235,72,206
1,<environment.Job instance at 0x1493e4541780>,110,2,[2 8],151,206,208,55,206
1,<environment.Job instance at 0x1493e45414b0>,105,1,[1 9],145,235,236,90,229
1,<environment.Job instance at 0x1493e4541960>,111,24,[2 9],152,236,260,84,231
1,<environment.Job instance at 0x1493d5d94910>,120,2,[6 1],168,231,233,63,231
1,<environment.Job instance at 0x1493d93a0e10>,121,3,[1 5],169,235,238,66,231
1,<environment.Job instance at 0x1493d5d945f0>,119,3,[10  1],167,233,236,66,232
1,<environment.Job instance at 0x1493d60bfe10>,21,28,[14  1],28,369,397,341,369
1,<environment.Job instance at 0x1493e708c280>,18,1,[1 8],22,429,430,407,429
1,<environment.Job instance at 0x1493d5b8eaf0>,16,3,[9 1],22,23,26,1,23
1,<environment.Job instance at 0x1493da8368c0>,18,1,[2 5],24,25,26,1,25
1,<environment.Job instance at 0x1493da836d70>,19,2,[1 5],26,27,29,1,27
1,<environment.Job instance at 0x1493d8f0acd0>,20,3,[2 8],27,27,30,0,27
1,<environment.Job instance at 0x1493e4530550>,21,17,[10  1],28,28,45,0,28
1,<environment.Job instance at 0x1493d8cea0a0>,22,26,[5 2],29,30,56,1,30
1,<environment.Job instance at 0x1493d5d19e10>,23,1,[8 2],30,45,46,15,30
1,<environment.Job instance at 0x1493d5d19280>,25,3,[1 9],32,45,48,13,32
1,<environment.Job instance at 0x1493da338f50>,26,2,[1 7],34,48,50,14,34
1,<environment.Job instance at 0x1493d6149870>,27,3,[2 9],35,50,53,15,35
1,<environment.Job instance at 0x1493e4539730>,28,2,[6 1],36,46,48,10,36
1,<environment.Job instance at 0x1493e4539b40>,29,1,[5 1],37,48,49,11,37
1,<environment.Job instance at 0x1493d65d5e60>,30,16,[2 6],38,53,69,15,40
1,<environment.Job instance at 0x1493e45392d0>,31,2,[7 1],40,49,51,9,40
1,<environment.Job instance at 0x1493d82730a0>,24,2,[2 6],31,53,55,22,42
1,<environment.Job instance at 0x1493db0e41e0>,33,1,[ 1 10],45,69,70,24,45
1,<environment.Job instance at 0x1493db0e4280>,34,3,[1 9],46,56,59,10,46
1,<environment.Job instance at 0x1493db0e4f00>,35,2,[9 2],48,59,61,11,48
1,<environment.Job instance at 0x1493db0e45a0>,36,3,[2 7],49,59,62,10,49
1,<environment.Job instance at 0x1493da83e2d0>,37,21,[10  2],52,61,82,9,53
1,<environment.Job instance at 0x1493d60c05a0>,38,22,[2 9],53,70,92,17,63
1,<environment.Job instance at 0x1493d60c0780>,39,3,[1 7],55,64,67,9,64
1,<environment.Job instance at 0x1493d5c5ed20>,40,14,[2 5],57,82,96,25,67
1,<environment.Job instance at 0x1493d5c5e7d0>,41,13,[1 5],61,92,105,31,76
1,<environment.Job instance at 0x1493d5c5eaf0>,42,2,[6 1],63,82,84,19,76
1,<environment.Job instance at 0x1493d5c5ecd0>,43,1,[ 1 12],64,105,106,41,77
1,<environment.Job instance at 0x1493d5c5e550>,44,1,[10  2],65,92,93,27,77
1,<environment.Job instance at 0x1493d5fa9eb0>,45,3,[2 9],66,96,99,30,77
1,<environment.Job instance at 0x1493d5fa98c0>,46,13,[2 9],67,106,119,39,90
1,<environment.Job instance at 0x1493d5fa9190>,49,20,[9 1],71,93,113,22,90
1,<environment.Job instance at 0x1493d5fa9370>,50,3,[5 1],73,99,102,26,91
1,<environment.Job instance at 0x1493d8c9caa0>,51,2,[13  1],74,113,115,39,91
1,<environment.Job instance at 0x1493d8c9c640>,52,1,[12  2],75,115,116,40,91
1,<environment.Job instance at 0x1493d8c9c370>,53,1,[5 1],76,91,92,15,91
1,<environment.Job instance at 0x1493d5e1ff00>,54,3,[8 1],77,116,119,39,91
1,<environment.Job instance at 0x1493d5e1f190>,55,2,[6 2],78,119,121,41,92
1,<environment.Job instance at 0x1493d5e1f730>,56,3,[9 2],79,119,122,40,93
1,<environment.Job instance at 0x1493d5e1f2d0>,57,2,[1 6],86,102,104,16,93
1,<environment.Job instance at 0x1493d5fa9b90>,48,1,[9 1],70,122,123,52,107
1,<environment.Job instance at 0x1493d5e1dfa0>,59,2,[2 8],90,121,123,31,107
1,<environment.Job instance at 0x1493d5e1d960>,58,18,[8 1],88,123,141,35,112
1,<environment.Job instance at 0x1493d5b985a0>,61,2,[2 6],94,122,124,28,113
1,<environment.Job instance at 0x1493d5b98230>,62,3,[6 2],96,124,127,28,113
1,<environment.Job instance at 0x1493d5f298c0>,60,1,[7 1],93,127,128,34,113
1,<environment.Job instance at 0x1493e4f81e10>,63,12,[2 9],97,128,140,31,113
1,<environment.Job instance at 0x1493d64bcfa0>,65,3,[9 1],99,141,144,42,115
1,<environment.Job instance at 0x1493d64bc780>,66,1,[7 2],100,140,141,40,115
1,<environment.Job instance at 0x1493d8cc9910>,64,2,[5 1],98,128,130,30,121
1,<environment.Job instance at 0x1493dc150910>,68,3,[9 2],104,144,147,40,121
1,<environment.Job instance at 0x1493dc150730>,69,2,[2 5],105,130,132,25,124
1,<environment.Job instance at 0x1493d5ed6a00>,72,1,[1 8],108,126,127,18,126
1,<environment.Job instance at 0x1493d64bc500>,67,17,[6 2],102,141,158,39,131
1,<environment.Job instance at 0x1493d65921e0>,74,1,[1 9],110,147,148,37,132
1,<environment.Job instance at 0x1493d5dc93c0>,75,2,[2 6],111,148,150,37,132
1,<environment.Job instance at 0x1493d6341f00>,76,3,[ 2 10],112,150,153,38,132
1,<environment.Job instance at 0x1493e7075690>,77,13,[2 8],113,153,166,40,137
1,<environment.Job instance at 0x1493d8da4410>,78,1,[8 1],116,147,148,31,137
1,<environment.Job instance at 0x1493dc15a910>,79,3,[1 6],117,158,161,41,137
1,<environment.Job instance at 0x1493e4f2da50>,80,2,[1 6],118,148,150,30,137
1,<environment.Job instance at 0x1493da8ab6e0>,81,1,[2 5],119,137,138,18,137
1,<environment.Job instance at 0x1493da8aba00>,83,1,[ 1 13],121,166,167,45,148
1,<environment.Job instance at 0x1493da8ab7d0>,82,14,[ 2 10],120,167,181,47,152
1,<environment.Job instance at 0x1493e55d2190>,85,1,[5 2],123,152,153,29,152
1,<environment.Job instance at 0x1493e55d2e10>,86,12,[2 9],124,181,193,57,166
1,<environment.Job instance at 0x1493d5e02e10>,87,1,[11  1],133,166,167,33,166
1,<environment.Job instance at 0x1493d5c33b90>,88,2,[5 1],134,167,169,33,166
1,<environment.Job instance at 0x1493d5c33550>,89,2,[1 6],135,181,183,46,167
1,<environment.Job instance at 0x1493e50960a0>,90,2,[1 8],136,193,195,57,168
1,<environment.Job instance at 0x1493d5c335a0>,91,1,[6 1],137,169,170,32,169
1,<environment.Job instance at 0x1493d9351dc0>,92,18,[10  2],139,183,201,44,172
1,<environment.Job instance at 0x1493d9351fa0>,93,1,[6 1],140,173,174,33,173
1,<environment.Job instance at 0x1493d9351c30>,94,1,[2 9],141,195,196,54,174
1,<environment.Job instance at 0x1493d9351be0>,95,1,[1 5],142,174,175,32,174
1,<environment.Job instance at 0x1493d9351780>,96,16,[ 2 10],143,196,212,53,183
1,<environment.Job instance at 0x1493d9351050>,97,3,[5 1],144,201,204,57,183
1,<environment.Job instance at 0x1493d93510f0>,98,3,[1 7],145,212,215,67,186
1,<environment.Job instance at 0x1493d93512d0>,99,3,[10  2],147,204,207,57,186
1,<environment.Job instance at 0x1493d93516e0>,100,17,[9 2],149,207,224,58,195
1,<environment.Job instance at 0x1493d93518c0>,101,2,[9 2],151,224,226,73,197
1,<environment.Job instance at 0x1493d603a8c0>,102,2,[2 7],155,215,217,60,197
1,<environment.Job instance at 0x1493d603aa00>,103,1,[8 1],156,201,202,45,197
1,<environment.Job instance at 0x1493d603a690>,104,15,[7 1],157,226,241,69,212
1,<environment.Job instance at 0x1493d603a7d0>,105,1,[1 8],158,217,218,59,212
1,<environment.Job instance at 0x149424037fa0>,106,12,[7 2],159,226,238,67,212
1,<environment.Job instance at 0x149424037e10>,107,13,[1 9],160,218,231,58,212
1,<environment.Job instance at 0x149424037730>,108,2,[7 2],161,238,240,77,212
1,<environment.Job instance at 0x149424037550>,109,1,[ 2 10],162,240,241,78,212
1,<environment.Job instance at 0x149424037960>,110,16,[1 7],163,241,257,78,228
1,<environment.Job instance at 0x1493d628b4b0>,111,17,[5 2],165,240,257,75,228
1,<environment.Job instance at 0x1493d78182d0>,112,3,[10  1],167,257,260,90,231
1,<environment.Job instance at 0x1493d7818dc0>,113,1,[9 2],168,241,242,73,231
1,<environment.Job instance at 0x1493d65e8640>,84,12,[ 1 14],122,257,269,135,246
1,<environment.Job instance at 0x1493d7818f50>,114,17,[8 1],169,260,277,91,249
1,<environment.Job instance at 0x1493d5b8ecd0>,17,15,[6 1],23,269,284,246,266
1,<environment.Job instance at 0x1493d5b8e960>,14,2,[ 1 14],20,278,280,258,278
1,<environment.Job instance at 0x1493da7c0f00>,7,19,[5 2],11,11,30,0,11
1,<environment.Job instance at 0x1493d5f347d0>,23,2,[2 5],30,36,38,6,36
1,<environment.Job instance at 0x1493d5f34c80>,25,15,[9 1],32,36,51,4,36
1,<environment.Job instance at 0x1493da8a24b0>,27,13,[8 1],34,51,64,17,40
1,<environment.Job instance at 0x1493da8a2b40>,28,3,[2 8],35,42,45,7,42
1,<environment.Job instance at 0x1493da8a2af0>,29,2,[1 7],36,45,47,9,42
1,<environment.Job instance at 0x1493da8a2190>,30,2,[1 6],37,43,45,6,43
1,<environment.Job instance at 0x1493da8a2aa0>,31,14,[ 2 10],38,47,61,9,47
1,<environment.Job instance at 0x1493da8a2500>,32,1,[2 7],40,61,62,21,47
1,<environment.Job instance at 0x1493da8a23c0>,33,3,[8 2],41,64,67,23,49
1,<environment.Job instance at 0x1493d8cadaa0>,34,3,[ 2 10],42,62,65,20,50
1,<environment.Job instance at 0x1493e45e1550>,35,2,[9 1],44,67,69,23,50
1,<environment.Job instance at 0x1493e40435f0>,36,1,[2 5],45,61,62,16,51
1,<environment.Job instance at 0x1493e456e5f0>,37,3,[1 8],47,65,68,18,51
1,<environment.Job instance at 0x1493da8a21e0>,38,2,[2 8],50,68,70,18,53
1,<environment.Job instance at 0x1493d5caaaf0>,39,17,[1 8],52,70,87,18,60
1,<environment.Job instance at 0x1493d5caa910>,40,15,[10  1],53,69,84,16,61
1,<environment.Job instance at 0x1493da4d3050>,41,3,[1 8],55,87,90,32,61
1,<environment.Job instance at 0x1493da31c5a0>,42,12,[1 7],56,84,96,28,68
1,<environment.Job instance at 0x1493d925aaa0>,43,3,[8 1],57,90,93,33,69
1,<environment.Job instance at 0x1493d5a7e870>,44,3,[10  1],58,93,96,35,70
1,<environment.Job instance at 0x1493d5a7eaa0>,45,3,[1 8],59,96,99,37,70
1,<environment.Job instance at 0x1493d5a7ed20>,46,2,[2 9],60,99,101,39,72
1,<environment.Job instance at 0x1493e4f37690>,47,2,[8 2],61,96,98,35,72
1,<environment.Job instance at 0x1493d6d35cd0>,48,2,[8 1],62,98,100,36,72
1,<environment.Job instance at 0x1493d6d35820>,49,16,[7 2],64,100,116,36,88
1,<environment.Job instance at 0x1493d6d35a50>,50,1,[ 2 10],65,101,102,36,88
1,<environment.Job instance at 0x1493d6d35140>,51,3,[ 2 10],67,102,105,35,91
1,<environment.Job instance at 0x1493e4608140>,52,12,[ 2 11],68,105,117,37,91
1,<environment.Job instance at 0x1493e46089b0>,53,13,[1 7],70,117,130,47,101
1,<environment.Job instance at 0x1493d63c1050>,54,16,[5 1],71,102,118,31,102
1,<environment.Job instance at 0x1493d63c1aa0>,55,3,[2 5],73,117,120,44,102
1,<environment.Job instance at 0x1493d63c1640>,56,13,[1 5],74,120,133,46,105
1,<environment.Job instance at 0x1493d63c1460>,57,15,[5 1],76,116,131,40,105
1,<environment.Job instance at 0x1493d642e320>,58,23,[2 5],77,130,153,53,126
1,<environment.Job instance at 0x1493d642e2d0>,60,18,[8 2],79,131,149,52,126
1,<environment.Job instance at 0x1493d6476690>,61,16,[2 9],80,149,165,69,136
1,<environment.Job instance at 0x1493d64762d0>,62,3,[2 6],81,136,139,55,136
1,<environment.Job instance at 0x1493d6476af0>,63,3,[2 6],82,139,142,57,136
1,<environment.Job instance at 0x1493d6476eb0>,64,1,[5 2],83,142,143,59,136
1,<environment.Job instance at 0x1493d64769b0>,65,3,[7 1],84,149,152,65,136
1,<environment.Job instance at 0x1493da4b2b90>,66,2,[2 6],85,143,145,58,136
1,<environment.Job instance at 0x1493da4b2dc0>,67,3,[2 7],87,145,148,58,136
1,<environment.Job instance at 0x1493d642ed70>,59,1,[6 1],78,152,153,74,136
1,<environment.Job instance at 0x1493da4b2eb0>,68,18,[1 6],88,153,171,65,142
1,<environment.Job instance at 0x1493da4b22d0>,72,15,[1 5],93,165,180,72,158
1,<environment.Job instance at 0x1493d5de0eb0>,73,3,[2 5],95,171,174,76,162
1,<environment.Job instance at 0x1493d5de0820>,74,2,[6 2],96,165,167,69,162
1,<environment.Job instance at 0x1493da4b28c0>,71,17,[11  2],92,167,184,75,165
1,<environment.Job instance at 0x1493d5de02d0>,75,16,[2 8],98,174,190,76,167
1,<environment.Job instance at 0x1493d5de00f0>,77,18,[2 5],100,180,198,80,170
1,<environment.Job instance at 0x1493d5de0640>,78,3,[10  2],101,184,187,83,170
1,<environment.Job instance at 0x1493e4649f50>,79,1,[6 1],104,187,188,83,170
1,<environment.Job instance at 0x1493e4649e10>,80,3,[10  1],105,188,191,83,170
1,<environment.Job instance at 0x1493d64d9be0>,81,3,[6 2],106,191,194,85,170
1,<environment.Job instance at 0x1493d5de0be0>,76,2,[9 1],99,194,196,95,178
1,<environment.Job instance at 0x1493da803460>,82,18,[ 1 14],107,198,216,91,191
1,<environment.Job instance at 0x1493d92e6370>,85,1,[6 1],110,192,193,82,192
1,<environment.Job instance at 0x1493e45a83c0>,86,18,[1 9],111,216,234,105,205
1,<environment.Job instance at 0x1493d6418050>,87,1,[2 7],112,234,235,122,211
1,<environment.Job instance at 0x1493d6418960>,88,3,[7 1],113,215,218,102,215
1,<environment.Job instance at 0x1493e45d9550>,89,1,[8 2],114,218,219,104,215
1,<environment.Job instance at 0x1493d622f6e0>,92,2,[8 2],118,233,235,115,233
1,<environment.Job instance at 0x1493d5a68280>,90,28,[ 2 10],116,235,263,119,235
1,<environment.Job instance at 0x1493e4053b40>,94,3,[10  1],121,240,243,119,240
1,<environment.Job instance at 0x1493e45e7050>,95,14,[6 1],123,243,257,120,240
1,<environment.Job instance at 0x1493e4f83fa0>,96,2,[10  1],124,257,259,133,240
1,<environment.Job instance at 0x1493e470caf0>,97,1,[ 1 10],127,263,264,136,240
1,<environment.Job instance at 0x1493e4fd8a00>,98,1,[5 2],128,243,244,115,241
1,<environment.Job instance at 0x1493e50f1460>,99,1,[8 1],129,259,260,130,241
1,<environment.Job instance at 0x1493e45e7780>,93,13,[6 1],119,260,273,141,245
1,<environment.Job instance at 0x1493e50f13c0>,100,14,[1 6],131,264,278,133,249
1,<environment.Job instance at 0x1493e4607cd0>,102,3,[2 7],135,264,267,129,249
1,<environment.Job instance at 0x1493d5f29460>,103,3,[10  2],138,273,276,135,251
1,<environment.Job instance at 0x1493e50f15f0>,101,12,[1 7],134,267,279,133,255
1,<environment.Job instance at 0x1493e79650a0>,106,2,[2 5],144,278,280,134,257
1,<environment.Job instance at 0x1493d5f29280>,104,17,[5 2],140,276,293,136,264
1,<environment.Job instance at 0x1493e7965dc0>,108,1,[8 1],146,279,280,133,264
1,<environment.Job instance at 0x1493d5a43c30>,109,3,[9 1],147,280,283,133,264
1,<environment.Job instance at 0x1493d5a43460>,110,2,[9 1],149,283,285,134,266
1,<environment.Job instance at 0x1493d5a43af0>,111,17,[2 6],150,285,302,135,277
1,<environment.Job instance at 0x1493d5a433c0>,112,3,[1 7],153,280,283,127,277
1,<environment.Job instance at 0x1493d5a43e10>,113,1,[8 2],154,285,286,131,279
1,<environment.Job instance at 0x1493d5a437d0>,114,2,[10  1],155,293,295,138,280
1,<environment.Job instance at 0x1493d5a43320>,115,2,[10  1],156,295,297,139,281
1,<environment.Job instance at 0x1493d5d90960>,116,16,[10  2],157,297,313,140,284
1,<environment.Job instance at 0x1493d92dd870>,117,2,[2 5],158,286,288,128,284
1,<environment.Job instance at 0x1493da7ee4b0>,118,1,[1 7],159,284,285,125,284
1,<environment.Job instance at 0x1493da7eee60>,119,1,[2 9],160,302,303,142,286
1,<environment.Job instance at 0x1493da7ee460>,120,3,[2 9],162,303,306,141,287
1,<environment.Job instance at 0x1493da76b640>,121,1,[9 2],163,313,314,150,287
1,<environment.Job instance at 0x1493e50fd050>,122,1,[7 2],165,288,289,123,287
1,<environment.Job instance at 0x1493e50fd9b0>,123,16,[5 2],166,306,322,140,293
1,<environment.Job instance at 0x1493e50fd2d0>,124,3,[10  2],168,314,317,146,293
1,<environment.Job instance at 0x1493e4fccfa0>,125,1,[10  2],169,317,318,148,293
1,<environment.Job instance at 0x1493da4b2960>,70,2,[2 8],91,318,320,227,306
1,<environment.Job instance at 0x1493da4b4d20>,107,19,[ 2 14],145,357,376,212,357
1,<environment.Job instance at 0x1493d5f34280>,21,17,[12  1],27,399,416,372,399
1,<environment.Job instance at 0x1493e4053e10>,91,15,[1 8],117,492,507,375,492
1,<environment.Job instance at 0x1493e46f3050>,1,1,[1 7],2,2,3,0,2
1,<environment.Job instance at 0x1493d6072fa0>,7,2,[5 1],10,22,24,12,22
1,<environment.Job instance at 0x1493d6072780>,8,3,[ 2 10],12,23,26,11,23
1,<environment.Job instance at 0x1493d6072be0>,9,2,[2 8],13,26,28,13,23
1,<environment.Job instance at 0x1493d6072190>,10,2,[8 1],14,23,25,9,23
1,<environment.Job instance at 0x1493d6072550>,12,3,[9 1],18,25,28,7,23
1,<environment.Job instance at 0x1493d6072640>,13,3,[2 9],20,28,31,8,23
1,<environment.Job instance at 0x1493d60720f0>,5,3,[10  2],8,28,31,20,23
1,<environment.Job instance at 0x1493d915eb90>,14,2,[10  2],21,31,33,10,24
1,<environment.Job instance at 0x1493d63e9a50>,16,3,[ 1 10],24,31,34,7,24
1,<environment.Job instance at 0x1493d91ab230>,17,1,[9 2],25,33,34,8,25
1,<environment.Job instance at 0x1493d915e500>,18,1,[7 2],26,34,35,8,26
1,<environment.Job instance at 0x1493da391780>,19,2,[5 2],27,33,35,6,27
1,<environment.Job instance at 0x1493d6072500>,15,2,[ 1 10],22,34,36,12,27
1,<environment.Job instance at 0x1493e45c10a0>,21,2,[1 7],31,36,38,5,32
1,<environment.Job instance at 0x1493e5145be0>,22,2,[2 6],32,36,38,4,32
1,<environment.Job instance at 0x1493e5145910>,23,3,[6 1],34,35,38,1,35
1,<environment.Job instance at 0x1493d82510f0>,24,16,[ 2 10],35,38,54,3,35
1,<environment.Job instance at 0x1493d6426690>,25,2,[5 1],37,43,45,6,43
1,<environment.Job instance at 0x1493d92e39b0>,26,3,[6 1],38,44,47,6,44
1,<environment.Job instance at 0x1493d64107d0>,27,1,[10  1],39,47,48,8,44
1,<environment.Job instance at 0x1493e4527910>,28,15,[7 1],40,48,63,8,45
1,<environment.Job instance at 0x1493e4527cd0>,29,3,[ 2 10],41,54,57,13,45
1,<environment.Job instance at 0x1493da8221e0>,30,17,[2 9],43,57,74,14,45
1,<environment.Job instance at 0x1493e4527be0>,31,1,[9 2],44,63,64,19,45
1,<environment.Job instance at 0x1493d5af2e10>,32,3,[2 9],45,74,77,29,48
1,<environment.Job instance at 0x1493d92e72d0>,34,3,[1 7],47,77,80,30,52
1,<environment.Job instance at 0x1493d92e7d20>,35,2,[2 6],48,64,66,16,52
1,<environment.Job instance at 0x1493d92e7b90>,36,2,[5 2],49,53,55,4,53
1,<environment.Job instance at 0x1493d92e7fa0>,38,2,[1 5],51,57,59,6,54
1,<environment.Job instance at 0x149424037c30>,39,12,[5 1],52,66,78,14,54
1,<environment.Job instance at 0x149424037190>,40,1,[10  1],53,78,79,25,55
1,<environment.Job instance at 0x149424037be0>,42,1,[10  2],57,79,80,22,59
1,<environment.Job instance at 0x1493da459870>,43,1,[6 1],59,59,60,0,59
1,<environment.Job instance at 0x1493da459eb0>,44,13,[1 6],60,77,90,17,62
1,<environment.Job instance at 0x1493da459c80>,45,2,[1 8],61,80,82,19,62
1,<environment.Job instance at 0x1493d5deda00>,46,17,[6 1],62,80,97,18,68
1,<environment.Job instance at 0x1493da459190>,47,1,[8 1],63,70,71,7,70
1,<environment.Job instance at 0x1493d5ded5a0>,48,3,[1 6],64,82,85,18,70
1,<environment.Job instance at 0x1493d64de410>,49,2,[1 9],67,90,92,23,70
1,<environment.Job instance at 0x1493d64de550>,50,17,[2 7],68,92,109,24,80
1,<environment.Job instance at 0x1493d64de5a0>,51,12,[5 1],69,82,94,13,80
1,<environment.Job instance at 0x1493d64deb40>,52,16,[1 7],71,94,110,23,89
1,<environment.Job instance at 0x1493d8ec3050>,53,3,[2 6],72,109,112,37,89
1,<environment.Job instance at 0x1493d5bcaa50>,54,17,[6 1],75,97,114,22,92
1,<environment.Job instance at 0x1493d5bca5f0>,55,3,[2 8],76,110,113,34,92
1,<environment.Job instance at 0x1493d5bcabe0>,56,2,[9 1],78,113,115,35,92
1,<environment.Job instance at 0x1493e5028460>,20,3,[14  2],28,115,118,87,97
1,<environment.Job instance at 0x1493d5bca1e0>,58,1,[1 9],80,114,115,34,102
1,<environment.Job instance at 0x1493d5bcafa0>,57,12,[5 2],79,118,130,39,102
1,<environment.Job instance at 0x1493d5bca4b0>,59,1,[1 5],81,125,126,44,125
1,<environment.Job instance at 0x1493d5bca230>,60,26,[2 7],82,125,151,43,125
1,<environment.Job instance at 0x1493d62a5820>,64,1,[2 7],87,132,133,45,132
1,<environment.Job instance at 0x1493d5a43550>,65,1,[7 2],88,133,134,45,133
1,<environment.Job instance at 0x1493e40234b0>,66,25,[1 7],89,134,159,45,133
1,<environment.Job instance at 0x1493e46e5f00>,67,1,[ 2 10],90,159,160,69,133
1,<environment.Job instance at 0x1493e46e5eb0>,68,2,[2 5],91,151,153,60,133
1,<environment.Job instance at 0x1493e4ff4a00>,69,15,[7 2],92,151,166,59,137
1,<environment.Job instance at 0x1493d8dcb690>,70,1,[7 2],95,153,154,58,138
1,<environment.Job instance at 0x1493d5a6bb40>,71,1,[1 8],96,160,161,64,138
1,<environment.Job instance at 0x1493d5d1e230>,72,2,[1 7],97,161,163,64,138
1,<environment.Job instance at 0x1493d65ae960>,73,22,[ 1 10],98,163,185,65,156
1,<environment.Job instance at 0x1493dc149b40>,74,2,[1 6],99,156,158,57,156
1,<environment.Job instance at 0x1493dc149b90>,75,1,[14  1],101,166,167,65,157
1,<environment.Job instance at 0x1493d5dbd0f0>,76,3,[10  1],102,167,170,65,157
1,<environment.Job instance at 0x1493d5e36d70>,77,3,[10  1],103,170,173,67,157
1,<environment.Job instance at 0x1493d5e36190>,78,1,[8 1],104,173,174,69,159
1,<environment.Job instance at 0x1493d5dbda50>,79,17,[7 2],106,174,191,68,162
1,<environment.Job instance at 0x1493d5b08e60>,80,13,[2 5],107,185,198,78,170
1,<environment.Job instance at 0x1493d610b0a0>,81,2,[6 1],109,173,175,64,171
1,<environment.Job instance at 0x1493d6154af0>,82,16,[6 1],110,175,191,65,171
1,<environment.Job instance at 0x1493d5b3e0a0>,83,1,[ 1 10],112,191,192,79,171
1,<environment.Job instance at 0x1493d6f97b90>,84,3,[9 1],114,192,195,78,173
1,<environment.Job instance at 0x1493d6f973c0>,85,1,[8 2],116,195,196,79,173
1,<environment.Job instance at 0x1493e4fcc870>,86,3,[1 5],117,192,195,75,173
1,<environment.Job instance at 0x1493e4fcc230>,87,1,[10  1],119,196,197,77,173
1,<environment.Job instance at 0x1493e401fbe0>,88,3,[8 1],120,197,200,77,173
1,<environment.Job instance at 0x1493e401f0a0>,89,2,[8 1],121,200,202,79,173
1,<environment.Job instance at 0x1493d5d90b40>,90,1,[5 2],122,195,196,73,174
1,<environment.Job instance at 0x1493d5d90e10>,91,3,[1 7],123,196,199,73,174
1,<environment.Job instance at 0x1493d5d90280>,92,2,[5 1],124,198,200,74,174
1,<environment.Job instance at 0x1493d645a2d0>,93,17,[1 5],126,198,215,72,186
1,<environment.Job instance at 0x1493d645a7d0>,94,2,[5 2],127,200,202,73,186
1,<environment.Job instance at 0x1493d645ad70>,95,1,[1 5],128,199,200,71,186
1,<environment.Job instance at 0x1493d92b9870>,96,1,[8 2],129,202,203,73,186
1,<environment.Job instance at 0x1493da48f5a0>,97,2,[7 1],130,203,205,73,186
1,<environment.Job instance at 0x1493da48f820>,98,1,[10  1],131,205,206,74,186
1,<environment.Job instance at 0x1493da48f910>,99,2,[ 1 10],132,206,208,74,188
1,<environment.Job instance at 0x1493d5a56910>,100,2,[1 8],133,202,204,69,189
1,<environment.Job instance at 0x1493d5a56870>,101,3,[2 5],134,208,211,74,189
1,<environment.Job instance at 0x1493d5a560f0>,102,18,[10  1],135,208,226,73,197
1,<environment.Job instance at 0x1493d92f9780>,103,2,[7 1],136,226,228,90,199
1,<environment.Job instance at 0x1493d92f9410>,104,15,[2 7],137,211,226,74,199
1,<environment.Job instance at 0x1493d92f99b0>,105,1,[2 5],138,204,205,66,199
1,<environment.Job instance at 0x1493da4e3460>,106,3,[ 1 11],141,226,229,85,200
1,<environment.Job instance at 0x1493da4e3fa0>,107,2,[1 9],142,229,231,87,202
1,<environment.Job instance at 0x1493da4e3c80>,108,2,[2 5],143,215,217,72,202
1,<environment.Job instance at 0x1493d8cd2eb0>,109,3,[1 5],146,217,220,71,202
1,<environment.Job instance at 0x1493d8cd2aa0>,110,1,[8 1],147,228,229,81,202
1,<environment.Job instance at 0x1493d8cd2460>,111,2,[8 2],148,229,231,81,202
1,<environment.Job instance at 0x1493d8cd2d20>,112,14,[9 2],149,231,245,82,216
1,<environment.Job instance at 0x1493d8cd2960>,114,3,[1 5],151,220,223,69,216
1,<environment.Job instance at 0x1493d8cd2230>,116,16,[8 1],154,245,261,91,232
1,<environment.Job instance at 0x1493d8cd2190>,117,14,[2 8],155,232,246,77,232
1,<environment.Job instance at 0x1493d8cd2c80>,118,15,[8 2],156,261,276,105,247
1,<environment.Job instance at 0x1493e5158960>,119,3,[1 7],158,248,251,90,248
1,<environment.Job instance at 0x1493e51585a0>,120,3,[7 1],159,251,254,92,248
1,<environment.Job instance at 0x1493e5158b90>,121,2,[2 7],160,248,250,88,248
1,<environment.Job instance at 0x1493e5158690>,122,14,[ 2 10],161,254,268,93,248
1,<environment.Job instance at 0x1493e5158c30>,123,1,[1 9],162,268,269,106,249
1,<environment.Job instance at 0x1493d8eb09b0>,124,18,[5 2],163,254,272,91,249
1,<environment.Job instance at 0x1493d8eb0410>,125,2,[1 8],165,269,271,104,250
1,<environment.Job instance at 0x1493d8cd2410>,115,1,[1 5],153,271,272,118,254
1,<environment.Job instance at 0x1493d8eb0910>,126,16,[1 6],166,271,287,105,258
1,<environment.Job instance at 0x1493d8eb0d20>,128,14,[10  1],169,276,290,107,261
1,<environment.Job instance at 0x1493d60727d0>,3,13,[ 2 11],5,530,543,525,530
1,<environment.Job instance at 0x1493d6072230>,6,3,[ 1 10],9,972,975,963,972
1,<environment.Job instance at 0x1493d614e190>,6,17,[6 2],11,12,29,1,12
1,<environment.Job instance at 0x1493d614e0a0>,9,23,[1 5],14,18,41,4,18
1,<environment.Job instance at 0x1493e5044640>,13,2,[7 1],18,18,20,0,18
1,<environment.Job instance at 0x1493e5044a50>,15,2,[2 8],20,20,22,0,20
1,<environment.Job instance at 0x1493d5e23870>,21,16,[8 2],31,31,47,0,31
1,<environment.Job instance at 0x1493e5044370>,22,3,[1 5],32,32,35,0,32
1,<environment.Job instance at 0x1493d5d20870>,23,2,[5 2],33,33,35,0,33
1,<environment.Job instance at 0x1493d6597230>,24,13,[8 1],35,47,60,12,35
1,<environment.Job instance at 0x1493d9439050>,25,1,[7 2],36,41,42,5,36
1,<environment.Job instance at 0x1493d5d9f730>,26,2,[2 8],37,37,39,0,37
1,<environment.Job instance at 0x1493da369960>,27,12,[9 1],38,60,72,22,44
1,<environment.Job instance at 0x1493d6292730>,32,2,[5 2],45,45,47,0,45
1,<environment.Job instance at 0x1493d62a5e10>,38,3,[2 7],51,57,60,6,57
1,<environment.Job instance at 0x1493d62a5460>,42,2,[ 1 13],55,60,62,5,57
1,<environment.Job instance at 0x1493d8e00230>,43,13,[8 1],56,72,85,16,58
1,<environment.Job instance at 0x1493d62a5870>,44,1,[6 1],57,81,82,24,81
1,<environment.Job instance at 0x1493d614e640>,11,18,[10  1],16,85,103,69,81
1,<environment.Job instance at 0x1493d6000410>,49,3,[5 2],65,85,88,20,85
1,<environment.Job instance at 0x1493d62a5230>,39,18,[ 2 11],52,95,113,43,95
1,<environment.Job instance at 0x1493e509c820>,48,17,[6 2],64,103,120,39,95
1,<environment.Job instance at 0x1493d60002d0>,52,2,[11  1],68,120,122,52,95
1,<environment.Job instance at 0x1493d6000500>,54,12,[1 8],70,113,125,43,96
1,<environment.Job instance at 0x1493d6000af0>,56,3,[9 1],74,122,125,48,96
1,<environment.Job instance at 0x1493d6000c80>,57,14,[2 5],76,113,127,37,98
1,<environment.Job instance at 0x1493d60006e0>,59,1,[5 1],78,103,104,25,98
1,<environment.Job instance at 0x1493d5e0d550>,60,14,[1 7],79,125,139,46,110
1,<environment.Job instance at 0x1493d5e0d960>,62,2,[6 2],83,110,112,27,110
1,<environment.Job instance at 0x1493d8dcbc80>,65,1,[9 1],88,125,126,37,110
1,<environment.Job instance at 0x1493d62d33c0>,68,2,[2 9],92,139,141,47,112
1,<environment.Job instance at 0x1493dc173f50>,72,2,[ 1 11],97,141,143,44,129
1,<environment.Job instance at 0x1493da38d0f0>,69,17,[2 9],93,143,160,50,131
1,<environment.Job instance at 0x1493e40239b0>,75,1,[1 5],100,135,136,35,135
1,<environment.Job instance at 0x1493e4023f50>,76,3,[2 8],101,160,163,59,141
1,<environment.Job instance at 0x1493e4023820>,77,12,[7 2],102,141,153,39,141
1,<environment.Job instance at 0x1493dc161c80>,78,1,[2 5],104,153,154,49,141
1,<environment.Job instance at 0x1493da899f00>,79,17,[ 1 10],106,163,180,57,151
1,<environment.Job instance at 0x1493d9274050>,81,3,[2 6],110,154,157,44,151
1,<environment.Job instance at 0x1493d65862d0>,82,3,[2 5],111,157,160,46,151
1,<environment.Job instance at 0x1493d65869b0>,83,16,[7 2],112,160,176,48,151
1,<environment.Job instance at 0x1493e4693370>,84,12,[9 1],113,176,188,63,159
1,<environment.Job instance at 0x1493e4693780>,85,3,[7 2],115,163,166,48,159
1,<environment.Job instance at 0x1493d7807730>,86,3,[1 6],117,180,183,63,159
1,<environment.Job instance at 0x1493d7807be0>,87,2,[1 6],119,180,182,61,162
1,<environment.Job instance at 0x1493d5dc99b0>,88,2,[8 1],123,188,190,65,162
1,<environment.Job instance at 0x1493d5dc9d20>,89,3,[9 2],124,190,193,66,165
1,<environment.Job instance at 0x1493d7807230>,90,1,[2 8],126,182,183,56,165
1,<environment.Job instance at 0x1493d8d13960>,91,2,[10  1],127,193,195,66,166
1,<environment.Job instance at 0x1493d8d13af0>,92,13,[1 8],128,183,196,55,167
1,<environment.Job instance at 0x1493d62e0a50>,93,3,[5 1],130,167,170,37,167
1,<environment.Job instance at 0x1493d780e5a0>,94,26,[5 2],132,195,221,63,192
1,<environment.Job instance at 0x1493d780e460>,95,2,[7 2],134,195,197,61,192
1,<environment.Job instance at 0x1493e4fd1d70>,96,12,[2 8],135,196,208,61,192
1,<environment.Job instance at 0x1493e4fd11e0>,97,14,[10  2],136,208,222,72,193
1,<environment.Job instance at 0x1493e4fd1f00>,98,3,[2 6],137,221,224,84,195
1,<environment.Job instance at 0x1493d915d960>,80,3,[1 6],109,221,224,112,195
1,<environment.Job instance at 0x1493e4fd1b40>,99,12,[6 1],140,222,234,82,205
1,<environment.Job instance at 0x1493d6254d70>,101,14,[9 2],143,224,238,81,211
1,<environment.Job instance at 0x1493d6254820>,102,3,[1 9],146,234,237,88,211
1,<environment.Job instance at 0x1493d62547d0>,103,1,[5 2],147,222,223,75,211
1,<environment.Job instance at 0x1493d62544b0>,104,1,[9 1],148,238,239,90,211
1,<environment.Job instance at 0x1493e44a0280>,105,23,[9 1],150,239,262,89,234
1,<environment.Job instance at 0x1493e44a0190>,107,18,[1 7],152,237,255,85,234
1,<environment.Job instance at 0x1493e44a05f0>,108,16,[9 2],153,262,278,109,249
1,<environment.Job instance at 0x1493e44a04b0>,110,1,[2 5],155,249,250,94,249
1,<environment.Job instance at 0x1493e44a0410>,111,12,[5 1],158,250,262,92,249
1,<environment.Job instance at 0x1493e79b4a00>,112,1,[10  1],160,278,279,118,250
1,<environment.Job instance at 0x1493e79b4460>,113,1,[7 1],161,279,280,118,252
1,<environment.Job instance at 0x1493e79b4cd0>,114,2,[10  1],162,280,282,118,255
1,<environment.Job instance at 0x1493e79b46e0>,115,1,[6 2],163,262,263,99,258
1,<environment.Job instance at 0x1493e79b45f0>,116,3,[6 2],164,263,266,99,258
1,<environment.Job instance at 0x1493e79b4f00>,117,3,[2 5],168,266,269,98,258
1,<environment.Job instance at 0x1493e79b4870>,118,2,[5 1],169,269,271,100,262
1,<environment.Job instance at 0x1493e44a0be0>,106,14,[10  1],151,285,299,134,285
1,<environment.Job instance at 0x1493d618c280>,74,16,[ 1 12],99,315,331,216,315
1,<environment.Job instance at 0x1493d614ef50>,12,1,[8 2],17,426,427,409,426
1,<environment.Job instance at 0x1493d5c85cd0>,13,13,[6 1],18,40,53,22,40
1,<environment.Job instance at 0x1493d5c85870>,14,2,[1 9],19,42,44,23,42
1,<environment.Job instance at 0x1493da4d71e0>,15,3,[6 2],20,42,45,22,42
1,<environment.Job instance at 0x1493da4d7820>,16,3,[5 2],22,45,48,23,42
1,<environment.Job instance at 0x1493da4d7190>,17,2,[1 8],23,44,46,21,42
1,<environment.Job instance at 0x1493da4d7fa0>,18,17,[9 1],24,48,65,24,43
1,<environment.Job instance at 0x1493da4d7af0>,19,2,[2 8],27,46,48,19,43
1,<environment.Job instance at 0x1493da4d77d0>,20,14,[2 8],28,53,67,25,44
1,<environment.Job instance at 0x1493da4d7960>,21,1,[10  2],29,65,66,36,44
1,<environment.Job instance at 0x1493d5c85550>,11,1,[14  2],16,67,68,51,51
1,<environment.Job instance at 0x1493d6d3beb0>,22,17,[7 2],31,68,85,37,56
1,<environment.Job instance at 0x1493d8dabb40>,24,2,[10  1],35,85,87,50,58
1,<environment.Job instance at 0x1493d5ad3b90>,25,18,[8 1],37,87,105,50,78
1,<environment.Job instance at 0x1493d92c72d0>,26,1,[6 2],38,78,79,40,78
1,<environment.Job instance at 0x1493d9a7e230>,27,1,[6 1],39,79,80,40,78
1,<environment.Job instance at 0x1493da4d7780>,28,1,[8 1],40,80,81,40,78
1,<environment.Job instance at 0x1493da4d7aa0>,29,1,[5 1],43,81,82,38,78
1,<environment.Job instance at 0x1493d6d2f4b0>,30,2,[1 9],44,78,80,34,78
1,<environment.Job instance at 0x1493e4f66780>,32,2,[7 1],48,82,84,34,78
1,<environment.Job instance at 0x1493e7031500>,33,2,[ 1 10],51,81,83,30,78
1,<environment.Job instance at 0x1493da324aa0>,34,1,[ 2 10],52,84,85,32,78
1,<environment.Job instance at 0x1493da324820>,35,3,[1 9],54,85,88,31,78
1,<environment.Job instance at 0x1493da88e1e0>,36,17,[ 1 10],55,88,105,33,78
1,<environment.Job instance at 0x1493d5d9f320>,37,13,[ 1 10],57,105,118,48,92
1,<environment.Job instance at 0x1493da88e910>,38,2,[ 1 10],60,118,120,58,93
1,<environment.Job instance at 0x1493da4b4640>,39,13,[7 2],61,105,118,44,100
1,<environment.Job instance at 0x1493da4b4410>,40,1,[1 6],62,120,121,58,100
1,<environment.Job instance at 0x1493da4b4190>,41,1,[1 8],63,120,121,57,100
1,<environment.Job instance at 0x1493da4b42d0>,42,1,[8 2],65,118,119,53,100
1,<environment.Job instance at 0x1493da3175f0>,43,2,[10  2],66,121,123,55,100
1,<environment.Job instance at 0x1493da317c80>,44,2,[14  1],67,123,125,56,100
1,<environment.Job instance at 0x1493da317dc0>,45,14,[6 2],70,100,114,30,100
1,<environment.Job instance at 0x1493da317f50>,46,1,[5 2],71,114,115,43,100
1,<environment.Job instance at 0x1493da3175a0>,47,18,[10  2],72,125,143,53,114
1,<environment.Job instance at 0x1493da317f00>,48,3,[1 5],73,121,124,48,114
1,<environment.Job instance at 0x1493d8ce7230>,49,14,[1 7],74,124,138,50,115
1,<environment.Job instance at 0x1493da317370>,50,2,[1 8],76,121,123,45,116
1,<environment.Job instance at 0x1493da317af0>,51,12,[5 2],77,138,150,61,122
1,<environment.Job instance at 0x1493da317230>,52,1,[2 9],78,143,144,65,123
1,<environment.Job instance at 0x1494240344b0>,53,1,[10  2],79,144,145,65,128
1,<environment.Job instance at 0x149424034af0>,54,2,[5 2],82,145,147,63,128
1,<environment.Job instance at 0x149424034910>,55,2,[10  1],83,147,149,64,129
1,<environment.Job instance at 0x149424034820>,56,17,[7 1],85,149,166,64,137
1,<environment.Job instance at 0x149424034370>,57,1,[7 2],86,143,144,57,137
1,<environment.Job instance at 0x149424034730>,58,15,[7 1],87,150,165,63,137
1,<environment.Job instance at 0x1494240341e0>,59,13,[5 2],93,165,178,72,149
1,<environment.Job instance at 0x149424034f00>,60,3,[1 9],94,149,152,55,149
1,<environment.Job instance at 0x1493e4599820>,61,1,[1 7],97,152,153,55,149
1,<environment.Job instance at 0x1493e4599910>,62,14,[7 1],99,166,180,67,151
1,<environment.Job instance at 0x1493e4599690>,63,3,[6 2],100,178,181,78,152
1,<environment.Job instance at 0x1493d62cdcd0>,64,17,[6 2],105,180,197,75,168
1,<environment.Job instance at 0x1493d62cd8c0>,65,2,[8 1],106,181,183,75,171
1,<environment.Job instance at 0x1493d62cda50>,66,3,[8 2],108,183,186,75,171
1,<environment.Job instance at 0x1493d62cd550>,67,14,[10  2],109,197,211,88,182
1,<environment.Job instance at 0x1493d62cd910>,68,2,[2 6],110,186,188,76,182
1,<environment.Job instance at 0x1493d62cdc30>,69,17,[1 9],111,188,205,77,182
1,<environment.Job instance at 0x1493d62cde60>,70,3,[1 6],112,182,185,70,182
1,<environment.Job instance at 0x1493d62cd140>,71,1,[8 1],113,188,189,75,182
1,<environment.Job instance at 0x1493d62cd0f0>,72,1,[6 1],114,186,187,72,182
1,<environment.Job instance at 0x1493da777460>,73,1,[1 9],118,185,186,67,182
1,<environment.Job instance at 0x1493d644c870>,74,3,[10  2],122,211,214,89,185
1,<environment.Job instance at 0x1493d9348230>,75,17,[6 1],123,214,231,91,204
1,<environment.Job instance at 0x1493d6fc6050>,76,1,[2 8],124,205,206,81,204
1,<environment.Job instance at 0x1493d6118190>,77,2,[9 1],127,214,216,87,204
1,<environment.Job instance at 0x1493d6118af0>,78,18,[2 8],128,216,234,88,206
1,<environment.Job instance at 0x1493e7975d70>,79,13,[7 2],131,216,229,85,208
1,<environment.Job instance at 0x1493da4e3690>,80,2,[6 2],132,229,231,97,208
1,<environment.Job instance at 0x1493d5c852d0>,9,2,[14  2],14,234,236,220,208
1,<environment.Job instance at 0x1493e4f60a00>,81,3,[5 2],137,208,211,71,208
1,<environment.Job instance at 0x1493d5afcc80>,83,3,[1 5],140,211,214,71,208
1,<environment.Job instance at 0x1493d5afcc30>,85,2,[1 7],143,211,213,68,208
1,<environment.Job instance at 0x1493d5afca00>,86,2,[2 5],144,231,233,87,208
1,<environment.Job instance at 0x1493d5afc370>,87,16,[5 2],145,236,252,91,223
1,<environment.Job instance at 0x1493d648cf00>,89,2,[10  1],147,231,233,84,223
1,<environment.Job instance at 0x1493d5fb85f0>,90,2,[8 1],148,236,238,88,223
1,<environment.Job instance at 0x1493d925b320>,91,3,[2 9],150,236,239,86,224
1,<environment.Job instance at 0x1493d8277d20>,92,1,[1 9],151,234,235,83,225
1,<environment.Job instance at 0x1493d8277960>,93,18,[8 2],152,238,256,86,227
1,<environment.Job instance at 0x1493d8d4f2d0>,94,2,[5 1],153,252,254,99,228
1,<environment.Job instance at 0x1493e40150a0>,95,3,[2 5],154,239,242,85,228
1,<environment.Job instance at 0x1493d9282c30>,96,1,[6 1],155,233,234,78,229
1,<environment.Job instance at 0x1493d9282d20>,97,1,[5 2],157,233,234,76,229
1,<environment.Job instance at 0x1493d5dc50f0>,98,1,[6 1],158,254,255,96,229
1,<environment.Job instance at 0x1493d5dc5e60>,99,3,[2 5],164,242,245,78,229
1,<environment.Job instance at 0x1493e46102d0>,100,2,[2 5],166,245,247,79,229
1,<environment.Job instance at 0x1493e4610dc0>,101,1,[2 9],167,247,248,80,230
1,<environment.Job instance at 0x1493e4610eb0>,102,18,[7 2],169,255,273,86,244
1,<environment.Job instance at 0x1493d6d36500>,88,13,[ 1 13],146,620,633,474,620
1,<environment.Job instance at 0x1493e79755a0>,19,1,[2 5],28,28,29,0,28
1,<environment.Job instance at 0x1493d5ca7b40>,20,2,[1 8],29,32,34,3,32
1,<environment.Job instance at 0x1493d5ca7f50>,21,17,[1 6],30,32,49,2,32
1,<environment.Job instance at 0x1493e4076230>,22,17,[10  2],31,34,51,3,32
1,<environment.Job instance at 0x1493d5d0f0a0>,23,12,[1 7],32,34,46,2,32
1,<environment.Job instance at 0x1493da7662d0>,24,2,[11  1],34,51,53,17,34
1,<environment.Job instance at 0x1493e4015b40>,25,3,[9 1],37,53,56,16,37
1,<environment.Job instance at 0x1493e4015c80>,26,27,[9 2],38,56,83,18,55
1,<environment.Job instance at 0x1493e4015140>,27,2,[7 1],39,83,85,44,56
1,<environment.Job instance at 0x1493e4015e10>,28,3,[1 6],40,56,59,16,56
1,<environment.Job instance at 0x1493e4015cd0>,29,1,[6 1],41,59,60,18,56
1,<environment.Job instance at 0x1493e4015d20>,30,1,[1 5],42,57,58,15,57
1,<environment.Job instance at 0x1493e4015be0>,32,3,[1 7],44,60,63,16,57
1,<environment.Job instance at 0x1493e40150f0>,33,1,[1 8],45,63,64,18,57
1,<environment.Job instance at 0x1493e4015f50>,34,2,[2 5],46,60,62,14,57
1,<environment.Job instance at 0x1493e4015d70>,35,3,[1 9],47,64,67,17,57
1,<environment.Job instance at 0x1493e4015820>,36,3,[8 1],48,83,86,35,58
1,<environment.Job instance at 0x1493e7c0b5a0>,37,1,[2 9],49,67,68,18,59
1,<environment.Job instance at 0x1493e7c0b6e0>,38,3,[1 9],52,68,71,16,59
1,<environment.Job instance at 0x1493da840f00>,39,1,[9 1],53,86,87,33,59
1,<environment.Job instance at 0x1493da8409b0>,40,3,[1 7],54,71,74,17,59
1,<environment.Job instance at 0x1493da840050>,41,2,[1 8],55,74,76,19,59
1,<environment.Job instance at 0x1493da840870>,42,16,[10  1],56,87,103,31,74
1,<environment.Job instance at 0x1493d661f6e0>,43,3,[5 1],58,74,77,16,74
1,<environment.Job instance at 0x1493e51487d0>,44,3,[9 2],59,103,106,44,79
1,<environment.Job instance at 0x1493e464beb0>,45,14,[ 1 12],60,85,99,25,79
1,<environment.Job instance at 0x1493d6590d20>,46,2,[ 1 10],61,79,81,18,79
1,<environment.Job instance at 0x1493d6590e60>,47,1,[9 1],62,106,107,44,79
1,<environment.Job instance at 0x1493d65dbe10>,48,2,[1 5],63,81,83,18,79
1,<environment.Job instance at 0x1493d65bff00>,49,1,[6 2],64,85,86,21,80
1,<environment.Job instance at 0x1493d62d00a0>,50,3,[7 2],66,107,110,41,82
1,<environment.Job instance at 0x1493d5e64550>,51,13,[1 6],67,99,112,32,84
1,<environment.Job instance at 0x1493e4635d70>,52,19,[5 1],68,103,122,35,93
1,<environment.Job instance at 0x1493e4635d20>,53,1,[5 2],70,110,111,40,94
1,<environment.Job instance at 0x1493d62723c0>,54,3,[1 8],72,99,102,27,94
1,<environment.Job instance at 0x1493d5f3f6e0>,55,16,[ 1 10],73,112,128,39,99
1,<environment.Job instance at 0x1493d5f3f730>,56,20,[10  2],74,122,142,48,113
1,<environment.Job instance at 0x1493d5f3fb40>,57,15,[2 8],75,128,143,53,114
1,<environment.Job instance at 0x1493d5f3f7d0>,58,1,[1 5],77,128,129,51,114
1,<environment.Job instance at 0x1493d5f3faa0>,59,1,[7 2],78,114,115,36,114
1,<environment.Job instance at 0x1493d5f3fd70>,60,3,[ 2 10],80,143,146,63,117
1,<environment.Job instance at 0x1493d5f03c30>,61,1,[6 2],81,117,118,36,117
1,<environment.Job instance at 0x1493d5f03640>,62,3,[10  2],83,142,145,59,117
1,<environment.Job instance at 0x1493d5f030f0>,63,3,[2 7],85,146,149,61,120
1,<environment.Job instance at 0x1493d5f034b0>,64,15,[7 2],86,145,160,59,131
1,<environment.Job instance at 0x1493d5f035a0>,65,13,[ 2 10],88,149,162,61,134
1,<environment.Job instance at 0x1493d5f03aa0>,67,21,[6 2],92,145,166,53,137
1,<environment.Job instance at 0x1493e50eae10>,68,16,[6 1],94,160,176,66,147
1,<environment.Job instance at 0x1493e50eadc0>,69,1,[8 2],95,166,167,71,147
1,<environment.Job instance at 0x1493e50ea550>,70,2,[ 2 10],96,162,164,66,148
1,<environment.Job instance at 0x1493e50eab40>,71,1,[1 6],97,164,165,67,148
1,<environment.Job instance at 0x1493e50ea140>,72,1,[ 1 10],102,165,166,63,148
1,<environment.Job instance at 0x1493e50eafa0>,73,14,[2 7],103,167,181,64,152
1,<environment.Job instance at 0x1493e50eacd0>,74,3,[7 1],104,167,170,63,152
1,<environment.Job instance at 0x1493e50ea3c0>,75,1,[ 1 10],105,166,167,61,154
1,<environment.Job instance at 0x1493d6244550>,76,18,[6 1],106,170,188,64,159
1,<environment.Job instance at 0x1493d6244730>,77,3,[2 9],107,181,184,74,159
1,<environment.Job instance at 0x1493d6244dc0>,78,14,[ 1 10],108,184,198,76,169
1,<environment.Job instance at 0x1493d6244c30>,80,27,[7 1],111,182,209,71,182
1,<environment.Job instance at 0x1493d62448c0>,79,18,[2 8],109,198,216,89,187
1,<environment.Job instance at 0x1493d6244780>,82,2,[6 2],113,188,190,75,187
1,<environment.Job instance at 0x1493d5f11960>,83,16,[6 2],115,190,206,75,187
1,<environment.Job instance at 0x1493d5f11280>,84,2,[2 6],116,206,208,90,187
1,<environment.Job instance at 0x1493d5f11410>,85,2,[9 1],118,209,211,91,187
1,<environment.Job instance at 0x1493d5f11fa0>,86,2,[8 1],120,211,213,91,187
1,<environment.Job instance at 0x1493da8abdc0>,87,1,[ 1 10],123,216,217,93,188
1,<environment.Job instance at 0x1493d934b9b0>,88,1,[8 1],124,213,214,89,188
1,<environment.Job instance at 0x1493da38dbe0>,89,1,[8 1],125,214,215,89,189
1,<environment.Job instance at 0x1493d934b140>,90,3,[2 7],126,217,220,91,191
1,<environment.Job instance at 0x1493d5a6beb0>,91,14,[1 9],128,220,234,92,205
1,<environment.Job instance at 0x1493d6fa15a0>,92,3,[1 6],132,208,211,76,208
1,<environment.Job instance at 0x1493d6fa1960>,93,1,[2 7],133,215,216,82,208
1,<environment.Job instance at 0x1493d6243140>,94,12,[5 2],134,216,228,82,211
1,<environment.Job instance at 0x1493d6243a00>,95,16,[2 6],135,228,244,93,217
1,<environment.Job instance at 0x1493d6243dc0>,96,23,[1 9],136,234,257,98,229
1,<environment.Job instance at 0x1493d5f06d20>,97,3,[1 8],138,257,260,119,237
1,<environment.Job instance at 0x1493d62d3050>,98,3,[2 9],142,260,263,118,241
1,<environment.Job instance at 0x1493e7975f50>,18,2,[5 1],27,247,249,220,247
1,<environment.Job instance at 0x1493d5f06960>,99,1,[8 2],144,255,256,111,255
1,<environment.Job instance at 0x1493d6d05be0>,102,3,[7 2],151,256,259,105,256
1,<environment.Job instance at 0x1493d6d4d5f0>,103,3,[9 2],153,259,262,106,256
1,<environment.Job instance at 0x1493d8cadbe0>,104,3,[1 6],156,262,265,106,257
1,<environment.Job instance at 0x1493d8cad8c0>,105,13,[1 5],157,263,276,106,260
1,<environment.Job instance at 0x1493d931e8c0>,107,2,[2 5],159,266,268,107,266
1,<environment.Job instance at 0x1493d6fb11e0>,108,3,[1 8],160,268,271,108,268
1,<environment.Job instance at 0x1493d93546e0>,109,1,[10  2],161,268,269,107,268
1,<environment.Job instance at 0x1493d9354960>,110,18,[1 8],163,271,289,108,268
1,<environment.Job instance at 0x1493d9354370>,111,17,[10  2],165,269,286,104,269
1,<environment.Job instance at 0x1493d6d45dc0>,112,3,[9 2],166,286,289,120,269
1,<environment.Job instance at 0x1493d6d45c30>,113,12,[8 1],167,289,301,122,272
1,<environment.Job instance at 0x1493d6d45500>,114,2,[6 2],168,289,291,121,272
1,<environment.Job instance at 0x1493d6244640>,81,18,[8 1],112,301,319,189,291
1,<environment.Job instance at 0x1493d6fb2cd0>,15,3,[ 2 12],20,316,319,296,316
1,<environment.Job instance at 0x1493e4f71870>,4,1,[2 9],9,9,10,0,9
1,<environment.Job instance at 0x1493e469ca00>,10,2,[7 2],17,17,19,0,17
1,<environment.Job instance at 0x1493d5d57c80>,15,1,[7 1],24,25,26,1,25
1,<environment.Job instance at 0x1493d5d57c30>,16,1,[1 5],25,26,27,1,26
1,<environment.Job instance at 0x1493d5d57be0>,17,15,[10  1],26,27,42,1,27
1,<environment.Job instance at 0x1493e4fd86e0>,18,17,[6 1],28,42,59,14,30
1,<environment.Job instance at 0x1493d5cee050>,19,21,[2 6],29,30,51,1,30
1,<environment.Job instance at 0x1493d5e7cb90>,21,13,[6 2],31,42,55,11,31
1,<environment.Job instance at 0x1493d5e7c1e0>,22,2,[5 2],33,55,57,22,33
1,<environment.Job instance at 0x1493d5e7ceb0>,23,2,[6 2],34,57,59,23,34
1,<environment.Job instance at 0x1493d5e7c230>,24,3,[2 5],35,35,38,0,35
1,<environment.Job instance at 0x1493d5e7c5a0>,25,12,[5 2],36,59,71,23,42
1,<environment.Job instance at 0x1493d5e7caa0>,26,14,[2 8],38,51,65,13,42
1,<environment.Job instance at 0x1493e508e370>,27,1,[6 2],40,59,60,19,42
1,<environment.Job instance at 0x1493e508eb40>,28,16,[7 1],41,60,76,19,47
1,<environment.Job instance at 0x1493e508e730>,29,1,[1 7],42,65,66,23,49
1,<environment.Job instance at 0x1493d5ab90a0>,30,2,[1 8],43,66,68,23,49
1,<environment.Job instance at 0x1493d5ab9c80>,31,2,[ 1 10],46,68,70,22,49
1,<environment.Job instance at 0x1493d5ab95f0>,32,15,[2 9],47,70,85,23,56
1,<environment.Job instance at 0x1493d5ab9dc0>,33,15,[7 2],48,76,91,28,62
1,<environment.Job instance at 0x1493d5ab95a0>,34,13,[9 1],49,91,104,42,75
1,<environment.Job instance at 0x1493d5ab9690>,35,2,[1 6],50,85,87,35,75
1,<environment.Job instance at 0x1493d5ab9550>,36,24,[9 2],51,104,128,53,99
1,<environment.Job instance at 0x1493d8f12c30>,37,2,[8 2],53,128,130,75,101
1,<environment.Job instance at 0x1493d8da4960>,38,14,[2 8],54,101,115,47,101
1,<environment.Job instance at 0x1493d8db5280>,39,2,[6 2],55,115,117,60,101
1,<environment.Job instance at 0x1493d6d788c0>,40,16,[5 1],58,117,133,59,105
1,<environment.Job instance at 0x1493d64dab90>,41,14,[9 1],59,130,144,71,117
1,<environment.Job instance at 0x1493d64da960>,42,1,[1 9],60,117,118,57,117
1,<environment.Job instance at 0x1493d64da1e0>,43,1,[10  2],61,144,145,83,117
1,<environment.Job instance at 0x1493d8cc3fa0>,44,3,[1 7],64,118,121,54,117
1,<environment.Job instance at 0x1493d8cc3a00>,45,1,[6 2],65,133,134,68,117
1,<environment.Job instance at 0x1493d5d570a0>,13,3,[6 2],20,134,137,114,129
1,<environment.Job instance at 0x1493d5eb5eb0>,46,15,[7 2],66,145,160,79,131
1,<environment.Job instance at 0x1493d93754b0>,48,13,[6 1],68,145,158,77,131
1,<environment.Job instance at 0x1493d9375820>,49,2,[1 5],69,131,133,62,131
1,<environment.Job instance at 0x1493d5e0a460>,50,2,[6 1],70,137,139,67,131
1,<environment.Job instance at 0x1493d5e0a2d0>,51,15,[2 8],72,139,154,67,131
1,<environment.Job instance at 0x1493d9375780>,47,2,[7 2],67,158,160,91,133
1,<environment.Job instance at 0x1493e4f59d70>,52,17,[8 1],73,160,177,87,148
1,<environment.Job instance at 0x1493d6238af0>,54,2,[2 8],78,154,156,76,148
1,<environment.Job instance at 0x1493e4f59780>,53,1,[ 2 10],75,157,158,82,157
1,<environment.Job instance at 0x1493d6238d70>,55,16,[8 1],80,177,193,97,164
1,<environment.Job instance at 0x1493d62382d0>,57,1,[2 5],82,164,165,82,164
1,<environment.Job instance at 0x1493d6238050>,58,3,[2 8],86,164,167,78,164
1,<environment.Job instance at 0x1493d5ce2190>,59,2,[1 9],87,167,169,80,164
1,<environment.Job instance at 0x1493d5ce23c0>,60,3,[2 6],88,169,172,81,164
1,<environment.Job instance at 0x1493d5ce28c0>,61,2,[5 2],89,165,167,76,164
1,<environment.Job instance at 0x1493d5ce2370>,62,2,[ 2 10],92,172,174,80,164
1,<environment.Job instance at 0x1493d5ce2730>,63,3,[2 8],93,169,172,76,165
1,<environment.Job instance at 0x1493d5ce2050>,64,1,[2 5],94,167,168,73,165
1,<environment.Job instance at 0x1493d5ee0050>,65,2,[5 1],95,172,174,77,166
1,<environment.Job instance at 0x1493d5ee08c0>,66,17,[6 2],96,174,191,78,166
1,<environment.Job instance at 0x1493d5ee0690>,67,1,[9 1],97,193,194,96,166
1,<environment.Job instance at 0x1493d5ee0a50>,68,12,[1 7],99,174,186,75,166
1,<environment.Job instance at 0x1493d5b03640>,69,1,[7 1],100,191,192,91,166
1,<environment.Job instance at 0x1493d5b03d20>,70,2,[2 7],101,192,194,91,166
1,<environment.Job instance at 0x1493d5b03af0>,71,23,[2 9],102,194,217,92,188
1,<environment.Job instance at 0x1493d5df6050>,74,1,[1 6],106,190,191,84,190
1,<environment.Job instance at 0x1493d5df6f50>,75,2,[6 2],107,197,199,90,197
1,<environment.Job instance at 0x1493d5df6d70>,76,2,[10  2],109,199,201,90,197
1,<environment.Job instance at 0x1493d5df6550>,77,2,[2 7],113,217,219,104,197
1,<environment.Job instance at 0x1493d5df6910>,78,3,[8 1],114,201,204,87,197
1,<environment.Job instance at 0x1493d5df6730>,79,1,[8 2],116,204,205,88,197
1,<environment.Job instance at 0x14942c040e10>,80,3,[8 2],118,205,208,87,198
1,<environment.Job instance at 0x14942c040730>,81,2,[8 1],120,208,210,88,198
1,<environment.Job instance at 0x1493e70b16e0>,82,3,[2 7],121,217,220,96,198
1,<environment.Job instance at 0x1493e70b1be0>,83,1,[1 6],122,210,211,88,198
1,<environment.Job instance at 0x1493e70b1410>,84,1,[8 1],126,211,212,85,198
1,<environment.Job instance at 0x1493e70b1280>,85,1,[10  1],127,212,213,85,199
1,<environment.Job instance at 0x1493e70b1730>,86,15,[2 8],128,219,234,91,206
1,<environment.Job instance at 0x1493e70b1190>,87,2,[9 1],129,213,215,84,206
1,<environment.Job instance at 0x1493e70b1f00>,88,12,[8 1],130,220,232,90,207
1,<environment.Job instance at 0x1493e79833c0>,90,3,[10  1],132,215,218,83,207
1,<environment.Job instance at 0x1493e7983780>,91,3,[7 1],133,232,235,99,208
1,<environment.Job instance at 0x1493d63de640>,92,2,[2 8],135,234,236,99,208
1,<environment.Job instance at 0x1493d5a90fa0>,93,16,[1 9],136,236,252,100,223
1,<environment.Job instance at 0x1493d5a95af0>,94,3,[13  1],137,235,238,98,223
1,<environment.Job instance at 0x1493e7983550>,95,3,[2 9],138,252,255,114,226
1,<environment.Job instance at 0x1493e79830f0>,97,3,[1 8],144,255,258,111,229
1,<environment.Job instance at 0x1493d5d4eaf0>,98,1,[10  1],145,238,239,93,229
1,<environment.Job instance at 0x1493d8e9f5a0>,99,1,[7 2],146,239,240,93,229
1,<environment.Job instance at 0x1493d8e9f780>,100,3,[1 7],147,255,258,108,229
1,<environment.Job instance at 0x1493e7983870>,96,1,[2 9],139,258,259,119,230
1,<environment.Job instance at 0x1493e449b280>,101,1,[2 9],148,259,260,111,231
1,<environment.Job instance at 0x1493d6197370>,103,14,[ 1 10],153,260,274,107,245
1,<environment.Job instance at 0x1493e45931e0>,104,1,[1 6],156,245,246,89,245
1,<environment.Job instance at 0x1493d5b08c30>,105,14,[2 9],158,274,288,116,260
1,<environment.Job instance at 0x1493e45936e0>,106,2,[6 2],159,260,262,101,260
1,<environment.Job instance at 0x1493e45934b0>,107,3,[1 6],160,274,277,114,260
1,<environment.Job instance at 0x1493d61974b0>,102,3,[1 8],150,288,291,138,275
1,<environment.Job instance at 0x1493d5d56230>,108,26,[ 2 10],161,291,317,130,288
1,<environment.Job instance at 0x1493d5aaa870>,110,3,[6 2],163,288,291,125,288
1,<environment.Job instance at 0x1493da4ec730>,111,1,[9 2],167,291,292,124,288
1,<environment.Job instance at 0x1493da4ec6e0>,112,1,[2 9],168,317,318,149,289
1,<environment.Job instance at 0x1493d8248500>,113,18,[2 7],169,318,336,149,308
1,<environment.Job instance at 0x1493e469c9b0>,11,2,[13  1],18,344,346,326,344
1,<environment.Job instance at 0x1493d6297550>,4,19,[8 1],8,17,36,9,17
1,<environment.Job instance at 0x1493d6297dc0>,6,1,[1 6],10,17,18,7,17
1,<environment.Job instance at 0x1493d6297500>,7,2,[1 8],11,17,19,6,17
1,<environment.Job instance at 0x1493d5d571e0>,9,15,[ 1 10],13,19,34,6,17
1,<environment.Job instance at 0x1493d5d579b0>,10,1,[5 1],14,18,19,4,17
1,<environment.Job instance at 0x1493d6297eb0>,11,2,[2 7],15,34,36,19,17
1,<environment.Job instance at 0x1493d62971e0>,12,2,[9 1],16,36,38,20,17
1,<environment.Job instance at 0x1493d8277e60>,13,1,[1 8],17,36,37,19,17
1,<environment.Job instance at 0x1493d8277c80>,14,2,[10  2],18,38,40,20,18
1,<environment.Job instance at 0x1493e4fd9eb0>,15,1,[9 2],19,40,41,21,19
1,<environment.Job instance at 0x1493e516b820>,16,14,[2 7],20,37,51,17,22
1,<environment.Job instance at 0x1493d60fe820>,17,1,[10  1],22,41,42,19,24
1,<environment.Job instance at 0x1493d649a780>,18,23,[5 2],24,42,65,18,36
1,<environment.Job instance at 0x1493d8277550>,19,2,[2 9],26,51,53,25,36
1,<environment.Job instance at 0x1493d8277500>,20,3,[9 1],27,53,56,26,37
1,<environment.Job instance at 0x1493da792cd0>,21,17,[2 6],28,56,73,28,44
1,<environment.Job instance at 0x1493da8becd0>,22,1,[1 6],29,44,45,15,44
1,<environment.Job instance at 0x1493e45349b0>,23,17,[1 9],31,65,82,34,53
1,<environment.Job instance at 0x1493d6d20fa0>,24,3,[ 2 12],32,82,85,50,56
1,<environment.Job instance at 0x1493e55b5870>,25,12,[11  1],33,73,85,40,56
1,<environment.Job instance at 0x1493d6297640>,2,1,[1 8],6,85,86,79,58
1,<environment.Job instance at 0x1493e46495f0>,26,18,[2 9],34,86,104,52,76
1,<environment.Job instance at 0x1493d6012460>,28,14,[9 1],36,85,99,49,76
1,<environment.Job instance at 0x1493d780c4b0>,29,16,[5 1],38,99,115,61,86
1,<environment.Job instance at 0x1493d629b190>,27,2,[2 8],35,104,106,69,86
1,<environment.Job instance at 0x1493d82555f0>,30,28,[5 2],39,99,127,60,98
1,<environment.Job instance at 0x1493d8255640>,32,2,[2 7],42,106,108,64,98
1,<environment.Job instance at 0x1493d8255550>,33,3,[2 9],44,108,111,64,98
1,<environment.Job instance at 0x1493d5e95d70>,34,1,[10  2],45,115,116,70,98
1,<environment.Job instance at 0x1493da325460>,35,2,[ 1 10],48,111,113,63,98
1,<environment.Job instance at 0x1493da325820>,36,1,[9 2],49,116,117,67,98
1,<environment.Job instance at 0x1493e7091910>,31,3,[7 2],41,117,120,76,100
1,<environment.Job instance at 0x1493da325140>,37,17,[2 5],53,117,134,64,105
1,<environment.Job instance at 0x1493d94460a0>,39,1,[ 1 10],56,113,114,57,110
1,<environment.Job instance at 0x1493d60f8aa0>,40,1,[2 6],57,114,115,57,112
1,<environment.Job instance at 0x1493d60f8460>,41,1,[2 6],58,114,115,56,112
1,<environment.Job instance at 0x1493e502d320>,42,16,[10  2],60,127,143,67,115
1,<environment.Job instance at 0x1493d62e44b0>,43,12,[1 9],61,134,146,73,117
1,<environment.Job instance at 0x1493d62e4460>,44,1,[7 2],62,120,121,58,118
1,<environment.Job instance at 0x1493d62e4500>,45,12,[1 5],63,119,131,56,119
1,<environment.Job instance at 0x1493d62e42d0>,46,2,[1 9],64,146,148,82,119
1,<environment.Job instance at 0x1493e4f49140>,47,1,[5 1],65,121,122,56,120
1,<environment.Job instance at 0x1493e4f49b90>,48,3,[6 2],67,122,125,55,121
1,<environment.Job instance at 0x1493e4f49cd0>,50,16,[10  1],70,143,159,73,130
1,<environment.Job instance at 0x1493e4f49d70>,51,3,[2 8],71,131,134,60,131
1,<environment.Job instance at 0x1493e4f490a0>,52,26,[2 6],72,148,174,76,147
1,<environment.Job instance at 0x1493e4f49e10>,53,1,[2 6],73,148,149,75,147
1,<environment.Job instance at 0x1493d9244140>,54,15,[8 2],74,159,174,85,153
1,<environment.Job instance at 0x1493d9244690>,55,3,[ 2 10],75,174,177,99,153
1,<environment.Job instance at 0x1493d9244e60>,56,14,[1 5],76,155,169,79,155
1,<environment.Job instance at 0x1493d9244550>,57,1,[ 2 10],77,177,178,100,157
1,<environment.Job instance at 0x1493d9244cd0>,58,3,[ 2 10],78,178,181,100,158
1,<environment.Job instance at 0x1493e50ea7d0>,59,2,[5 1],79,169,171,90,161
1,<environment.Job instance at 0x1493e50ea870>,60,12,[1 9],82,181,193,99,176
1,<environment.Job instance at 0x1493e50ea0a0>,62,21,[2 7],84,193,214,109,185
1,<environment.Job instance at 0x1493e50ea460>,63,3,[8 2],85,185,188,100,185
1,<environment.Job instance at 0x1493e50eaa00>,65,2,[9 2],87,188,190,101,185
1,<environment.Job instance at 0x1493e50ea410>,66,2,[7 1],88,190,192,102,185
1,<environment.Job instance at 0x1493d5ee28c0>,67,1,[1 6],89,192,193,103,185
1,<environment.Job instance at 0x1493d5ee2be0>,68,27,[2 7],90,193,220,103,191
1,<environment.Job instance at 0x1493d5ee2b90>,69,1,[1 9],91,220,221,129,192
1,<environment.Job instance at 0x1493d5ee25f0>,70,13,[1 6],92,214,227,122,213
1,<environment.Job instance at 0x1493d8cbf4b0>,72,15,[7 2],94,221,236,127,214
1,<environment.Job instance at 0x1493d8cbf3c0>,73,2,[1 6],97,221,223,124,214
1,<environment.Job instance at 0x1493e45e7820>,74,16,[2 7],100,223,239,123,214
1,<environment.Job instance at 0x1493e45e7370>,75,3,[ 2 13],104,239,242,135,214
1,<environment.Job instance at 0x1493e45e7280>,76,2,[2 8],105,236,238,131,215
1,<environment.Job instance at 0x1493d5dd2410>,77,3,[10  1],106,215,218,109,215
1,<environment.Job instance at 0x1493e45e7050>,78,21,[1 5],109,242,263,133,236
1,<environment.Job instance at 0x1493e45e7b40>,79,3,[2 8],110,242,245,132,236
1,<environment.Job instance at 0x1493d944f320>,80,3,[10  1],111,238,241,127,236
1,<environment.Job instance at 0x1493e4601960>,81,2,[1 6],112,245,247,133,236
1,<environment.Job instance at 0x1493d6303280>,82,2,[5 2],113,241,243,128,236
1,<environment.Job instance at 0x1493d5b12be0>,83,1,[5 1],114,243,244,129,236
1,<environment.Job instance at 0x1493d8cd6fa0>,84,3,[8 1],115,244,247,129,236
1,<environment.Job instance at 0x1493d5b12320>,85,3,[10  1],116,247,250,131,236
1,<environment.Job instance at 0x1493d5b12aa0>,86,13,[1 9],117,247,260,130,236
1,<environment.Job instance at 0x1493d5e0f3c0>,87,3,[9 2],120,260,263,140,236
1,<environment.Job instance at 0x1493d63e20f0>,88,3,[5 1],121,250,253,129,236
1,<environment.Job instance at 0x14942d50a9b0>,89,2,[5 1],123,245,247,122,236
1,<environment.Job instance at 0x1493e791eaf0>,90,3,[1 9],124,263,266,139,238
1,<environment.Job instance at 0x1493e791e2d0>,91,2,[1 9],125,266,268,141,239
1,<environment.Job instance at 0x1493e5084460>,92,3,[ 2 10],126,268,271,142,242
1,<environment.Job instance at 0x1493e50848c0>,93,3,[2 6],127,260,263,133,242
1,<environment.Job instance at 0x1493d92aac30>,94,2,[2 8],128,271,273,143,244
1,<environment.Job instance at 0x1493e458a820>,95,2,[1 8],129,273,275,144,246
1,<environment.Job instance at 0x1493e50845f0>,96,2,[7 1],130,253,255,123,246
1,<environment.Job instance at 0x1493e4f66c30>,97,2,[2 9],131,275,277,144,248
1,<environment.Job instance at 0x1493d8245d20>,98,1,[1 7],132,271,272,139,248
1,<environment.Job instance at 0x1493d8245460>,99,2,[7 1],133,255,257,122,248
1,<environment.Job instance at 0x1493d63d0820>,100,13,[8 2],134,272,285,138,256
1,<environment.Job instance at 0x1493d63d0500>,101,3,[2 6],135,263,266,128,256
1,<environment.Job instance at 0x1493d63d0230>,102,3,[6 2],137,266,269,129,256
1,<environment.Job instance at 0x1493d63d02d0>,103,3,[1 9],138,277,280,139,256
1,<environment.Job instance at 0x1493d63d05a0>,104,3,[1 7],140,280,283,140,256
1,<environment.Job instance at 0x1493d63d0870>,105,2,[2 7],142,283,285,141,256
1,<environment.Job instance at 0x1493e4ff15f0>,106,1,[2 7],143,285,286,142,257
1,<environment.Job instance at 0x1493d5a76fa0>,107,2,[5 1],144,257,259,113,257
1,<environment.Job instance at 0x1493d5a76910>,108,1,[2 9],146,286,287,140,258
1,<environment.Job instance at 0x1493d92b6050>,109,1,[ 1 10],148,287,288,139,259
1,<environment.Job instance at 0x1493d5c0a820>,110,3,[10  2],149,285,288,136,259
1,<environment.Job instance at 0x1493d5c0a190>,111,1,[1 7],150,288,289,138,260
1,<environment.Job instance at 0x1493d9189e60>,112,13,[ 1 10],151,289,302,138,273
1,<environment.Job instance at 0x1493d6f95cd0>,114,22,[2 8],154,302,324,148,297
1,<environment.Job instance at 0x1493e50ea780>,61,1,[1 9],83,324,325,241,298
1,<environment.Job instance at 0x1493d9282320>,115,13,[1 5],155,299,312,144,299
1,<environment.Job instance at 0x1493d8ce7690>,117,2,[ 1 12],157,325,327,168,300
1,<environment.Job instance at 0x1493e50a1cd0>,118,2,[7 1],158,302,304,144,300
1,<environment.Job instance at 0x1493d6d2faa0>,119,1,[10  2],159,304,305,145,300
1,<environment.Job instance at 0x1493d5f3bb40>,120,18,[1 6],164,327,345,163,322
1,<environment.Job instance at 0x1493d5f3be10>,121,3,[10  2],165,322,325,157,322
1,<environment.Job instance at 0x1493d5f3b1e0>,122,13,[9 1],166,325,338,159,322
1,<environment.Job instance at 0x1493d5f3b9b0>,123,1,[ 1 10],167,345,346,178,322
1,<environment.Job instance at 0x1493d5f3b4b0>,124,1,[10  2],168,338,339,170,322
1,<environment.Job instance at 0x1493d5f3b230>,125,16,[5 1],169,339,355,170,326
1,<environment.Job instance at 0x1493d8ce7eb0>,116,3,[ 1 10],156,346,349,190,346
1,<environment.Job instance at 0x1493d616a550>,0,14,[13  1],3,418,432,415,418
1,<environment.Job instance at 0x1493d5de0140>,7,13,[7 2],14,16,29,2,16
1,<environment.Job instance at 0x1493d5de01e0>,12,3,[6 1],19,19,22,0,19
1,<environment.Job instance at 0x1493d5de0460>,13,3,[9 1],20,29,32,9,20
1,<environment.Job instance at 0x1493d5de04b0>,14,3,[2 9],21,21,24,0,21
1,<environment.Job instance at 0x1493d5f6d870>,15,14,[2 5],22,24,38,2,22
1,<environment.Job instance at 0x1493d6fa6b40>,18,3,[1 8],27,27,30,0,27
1,<environment.Job instance at 0x1493d62d3b40>,19,2,[5 1],28,32,34,4,28
1,<environment.Job instance at 0x1493d6064640>,20,15,[9 2],30,34,49,4,30
1,<environment.Job instance at 0x1493d8da9640>,21,2,[2 8],32,32,34,0,32
1,<environment.Job instance at 0x1493e4076280>,22,1,[ 1 10],33,38,39,5,33
1,<environment.Job instance at 0x1493d5a6e370>,23,16,[8 1],35,49,65,14,36
1,<environment.Job instance at 0x1493d62d3e60>,24,3,[8 2],36,65,68,29,39
1,<environment.Job instance at 0x1493e4656a50>,25,1,[2 8],37,39,40,2,39
1,<environment.Job instance at 0x1493d62d3a00>,26,1,[5 1],38,40,41,2,39
1,<environment.Job instance at 0x1493da7bb780>,27,3,[5 1],39,41,44,2,39
1,<environment.Job instance at 0x1493d6625c80>,28,18,[5 2],40,44,62,4,40
1,<environment.Job instance at 0x1493d93a0960>,29,2,[6 2],45,62,64,17,45
1,<environment.Job instance at 0x1493d93a0e60>,30,12,[2 8],46,49,61,3,46
1,<environment.Job instance at 0x1493d5ded3c0>,31,13,[9 2],48,68,81,20,52
1,<environment.Job instance at 0x1493d5ded0f0>,32,18,[ 1 10],50,61,79,11,52
1,<environment.Job instance at 0x1493d93a0fa0>,33,18,[2 6],51,79,97,28,68
1,<environment.Job instance at 0x1493d93a0370>,34,15,[5 2],52,81,96,29,68
1,<environment.Job instance at 0x1493d93333c0>,35,13,[1 6],53,79,92,26,68
1,<environment.Job instance at 0x1493d9333b90>,36,2,[8 1],54,92,94,38,68
1,<environment.Job instance at 0x1493d93334b0>,37,1,[10  1],55,96,97,41,68
1,<environment.Job instance at 0x1493d9333690>,38,2,[5 1],56,68,70,12,68
1,<environment.Job instance at 0x1493d9333500>,39,1,[1 6],57,94,95,37,68
1,<environment.Job instance at 0x1493d9333280>,41,3,[9 2],60,97,100,37,71
1,<environment.Job instance at 0x1493d62d5230>,42,13,[ 1 14],62,100,113,38,84
1,<environment.Job instance at 0x1493d9333050>,44,14,[6 1],66,97,111,31,84
1,<environment.Job instance at 0x1493d9333e10>,45,12,[2 8],67,113,125,46,96
1,<environment.Job instance at 0x1493da2e0d70>,46,2,[2 6],69,113,115,44,96
1,<environment.Job instance at 0x1493da2e05f0>,47,3,[1 6],70,115,118,45,96
1,<environment.Job instance at 0x149424036550>,48,3,[1 9],71,125,128,54,99
1,<environment.Job instance at 0x149424036af0>,49,2,[7 2],72,118,120,46,99
1,<environment.Job instance at 0x149424036960>,50,2,[9 1],74,111,113,37,99
1,<environment.Job instance at 0x1494240365a0>,51,2,[2 6],78,120,122,42,99
1,<environment.Job instance at 0x149424036410>,52,3,[2 7],80,122,125,42,99
1,<environment.Job instance at 0x149424036a50>,53,3,[6 2],82,125,128,43,99
1,<environment.Job instance at 0x1494240366e0>,54,3,[2 5],84,128,131,44,102
1,<environment.Job instance at 0x1493d77f8b40>,55,21,[1 9],85,128,149,43,120
1,<environment.Job instance at 0x1493d77f8f00>,56,1,[2 6],87,131,132,44,120
1,<environment.Job instance at 0x1493d77f8280>,57,2,[9 1],88,120,122,32,120
1,<environment.Job instance at 0x1493d77f80f0>,58,16,[ 1 10],90,149,165,59,138
1,<environment.Job instance at 0x1493dc155d20>,62,15,[10  2],94,138,153,44,138
1,<environment.Job instance at 0x1493dc155fa0>,63,3,[7 2],96,153,156,57,139
1,<environment.Job instance at 0x1493e4f59820>,64,16,[1 8],97,165,181,68,152
1,<environment.Job instance at 0x1493e4f59cd0>,65,3,[5 1],99,153,156,54,152
1,<environment.Job instance at 0x1493da2e5820>,66,1,[2 9],101,181,182,80,154
1,<environment.Job instance at 0x1493da2e50f0>,67,1,[5 2],102,156,157,54,154
1,<environment.Job instance at 0x1493e70b1a00>,68,3,[6 2],103,156,159,53,154
1,<environment.Job instance at 0x1493d9244eb0>,69,18,[1 7],104,182,200,78,176
1,<environment.Job instance at 0x1493e5150eb0>,71,1,[1 9],107,200,201,93,180
1,<environment.Job instance at 0x1493e5116dc0>,72,1,[8 1],108,181,182,73,181
1,<environment.Job instance at 0x1493e5150be0>,73,2,[9 1],110,182,184,72,181
1,<environment.Job instance at 0x1493d5dc9b90>,74,1,[1 6],111,182,183,71,181
1,<environment.Job instance at 0x1493e51160a0>,75,2,[1 5],112,183,185,71,181
1,<environment.Job instance at 0x1493d5dc9640>,76,3,[6 1],113,184,187,71,181
1,<environment.Job instance at 0x1493d5dc9960>,77,16,[6 2],114,184,200,70,181
1,<environment.Job instance at 0x1493d5c49320>,78,2,[1 7],116,201,203,85,181
1,<environment.Job instance at 0x1493d5c49820>,79,3,[1 6],117,187,190,70,182
1,<environment.Job instance at 0x1493d5c49aa0>,80,1,[7 1],118,190,191,72,182
1,<environment.Job instance at 0x1493da899690>,81,13,[7 1],119,191,204,72,182
1,<environment.Job instance at 0x1493da324f50>,82,1,[ 2 10],121,203,204,82,182
1,<environment.Job instance at 0x1493e40532d0>,83,14,[10  2],122,204,218,82,189
1,<environment.Job instance at 0x1493e70515f0>,84,1,[2 8],123,204,205,81,189
1,<environment.Job instance at 0x1493d8255320>,85,3,[7 2],124,200,203,76,189
1,<environment.Job instance at 0x1493da324460>,86,1,[2 8],125,205,206,80,189
1,<environment.Job instance at 0x1493d925e500>,87,3,[2 7],126,206,209,80,190
1,<environment.Job instance at 0x1493d925e820>,88,1,[10  2],127,218,219,91,190
1,<environment.Job instance at 0x1493d9344f00>,89,13,[2 7],128,209,222,81,194
1,<environment.Job instance at 0x1493d5cfccd0>,90,2,[8 1],129,219,221,90,194
1,<environment.Job instance at 0x1493d5cfce10>,91,2,[7 1],130,221,223,91,194
1,<environment.Job instance at 0x1493d8e2be60>,92,3,[9 1],131,223,226,92,197
1,<environment.Job instance at 0x1493d5d1da00>,93,1,[11  2],132,226,227,94,198
1,<environment.Job instance at 0x1493d5d1d6e0>,94,18,[8 2],133,227,245,94,216
1,<environment.Job instance at 0x1493d59cf820>,95,2,[2 9],134,222,224,88,216
1,<environment.Job instance at 0x1493d59cfb90>,96,17,[8 1],136,245,262,109,233
1,<environment.Job instance at 0x1493db0e6be0>,97,18,[1 6],137,233,251,96,233
1,<environment.Job instance at 0x1493db0e6c80>,98,3,[9 1],138,262,265,124,236
1,<environment.Job instance at 0x1493db0e6dc0>,99,3,[9 1],139,265,268,126,239
1,<environment.Job instance at 0x1493db0e6d70>,100,15,[14  1],140,268,283,128,254
1,<environment.Job instance at 0x1493db0e62d0>,101,1,[7 1],141,254,255,113,254
1,<environment.Job instance at 0x1493db0e6aa0>,102,14,[1 8],143,255,269,112,254
1,<environment.Job instance at 0x1493e70750f0>,103,3,[10  1],145,283,286,138,257
1,<environment.Job instance at 0x1493e7075370>,104,3,[ 1 10],147,269,272,122,257
1,<environment.Job instance at 0x1493e7075960>,105,1,[7 1],148,286,287,138,258
1,<environment.Job instance at 0x1493e7075d20>,106,18,[ 2 10],151,283,301,132,272
1,<environment.Job instance at 0x1493e7075f00>,107,12,[5 1],153,286,298,133,272
1,<environment.Job instance at 0x1493e7075e60>,108,3,[9 2],154,298,301,144,272
1,<environment.Job instance at 0x1493da2e1a50>,109,3,[8 1],156,287,290,131,272
1,<environment.Job instance at 0x1493da2e10f0>,110,18,[1 9],158,301,319,143,292
1,<environment.Job instance at 0x1493d9218910>,111,2,[5 1],159,293,295,134,293
1,<environment.Job instance at 0x1493da2e12d0>,112,3,[1 9],161,319,322,158,293
1,<environment.Job instance at 0x1493d9218fa0>,113,22,[1 7],162,322,344,160,316
1,<environment.Job instance at 0x1493d9218410>,114,1,[10  2],165,317,318,152,317
1,<environment.Job instance at 0x1493da2e5640>,70,16,[9 1],106,341,357,235,341
1,<environment.Job instance at 0x1493d9218190>,115,28,[2 9],166,344,372,178,343
1,<environment.Job instance at 0x1493d9218a00>,117,1,[1 6],168,343,344,175,343
1,<environment.Job instance at 0x1493d9218f50>,118,1,[2 7],169,372,373,203,345
1,<environment.Job instance at 0x1493dc155a00>,61,2,[13  2],93,562,564,469,562
1,<environment.Job instance at 0x1493d5bdf8c0>,13,22,[5 2],19,22,44,3,22
1,<environment.Job instance at 0x1493e798f6e0>,21,13,[9 2],30,30,43,0,30
1,<environment.Job instance at 0x1493d93545f0>,22,1,[2 6],31,43,44,12,32
1,<environment.Job instance at 0x1493d8d137d0>,24,1,[2 5],33,43,44,10,33
1,<environment.Job instance at 0x1493d5c2e550>,23,12,[1 8],32,44,56,12,36
1,<environment.Job instance at 0x1493d5e278c0>,17,1,[ 1 11],26,37,38,11,37
1,<environment.Job instance at 0x1493e4f74af0>,25,17,[1 8],35,56,73,21,45
1,<environment.Job instance at 0x1493e4f744b0>,28,1,[ 2 10],39,73,74,34,45
1,<environment.Job instance at 0x1493da8b1910>,27,25,[7 2],38,45,70,7,45
1,<environment.Job instance at 0x1493da8b1050>,29,3,[2 9],40,74,77,34,49
1,<environment.Job instance at 0x1493d65c7cd0>,32,2,[ 1 10],43,77,79,34,50
1,<environment.Job instance at 0x1493d65c7c30>,33,1,[2 9],44,79,80,35,51
1,<environment.Job instance at 0x1493d606e280>,34,21,[10  1],45,70,91,25,62
1,<environment.Job instance at 0x1493d606e140>,36,3,[7 2],48,63,66,15,63
1,<environment.Job instance at 0x1493d606ea00>,37,2,[7 1],49,66,68,17,63
1,<environment.Job instance at 0x1493d606e7d0>,38,1,[9 2],50,91,92,41,63
1,<environment.Job instance at 0x1493e451c5a0>,39,2,[5 1],51,68,70,17,63
1,<environment.Job instance at 0x1493e451cf50>,40,14,[2 9],52,80,94,28,66
1,<environment.Job instance at 0x1493e451c230>,41,3,[1 5],54,70,73,16,66
1,<environment.Job instance at 0x1493d5e2a7d0>,42,15,[10  1],55,92,107,37,78
1,<environment.Job instance at 0x1493d5e2aeb0>,43,17,[1 9],58,94,111,36,82
1,<environment.Job instance at 0x1493d5e2ac80>,44,1,[5 1],59,107,108,48,83
1,<environment.Job instance at 0x1493e4635d70>,45,3,[6 1],60,107,110,47,83
1,<environment.Job instance at 0x1493e4635960>,46,3,[8 2],63,108,111,45,83
1,<environment.Job instance at 0x1493d5caa7d0>,47,18,[7 1],65,111,129,46,104
1,<environment.Job instance at 0x1493d5caaaf0>,49,1,[1 6],67,111,112,44,105
1,<environment.Job instance at 0x1493d5caabe0>,50,2,[8 1],68,112,114,44,105
1,<environment.Job instance at 0x1493d5caafa0>,51,2,[1 7],69,114,116,45,105
1,<environment.Job instance at 0x1493d5caa690>,52,2,[7 2],70,114,116,44,105
1,<environment.Job instance at 0x1493d5caa730>,53,2,[7 1],71,116,118,45,106
1,<environment.Job instance at 0x1493d5caad70>,54,1,[ 2 12],72,118,119,46,106
1,<environment.Job instance at 0x1493d5caa1e0>,55,2,[ 1 10],73,116,118,43,106
1,<environment.Job instance at 0x1493d5caa780>,56,13,[6 1],74,118,131,44,106
1,<environment.Job instance at 0x1493d5caa2d0>,57,2,[1 5],75,119,121,44,106
1,<environment.Job instance at 0x1493d915d2d0>,58,2,[6 1],76,110,112,34,106
1,<environment.Job instance at 0x1493d915d730>,59,3,[2 8],77,121,124,44,106
1,<environment.Job instance at 0x1493d915d320>,60,3,[1 7],78,124,127,46,106
1,<environment.Job instance at 0x1493d915d640>,61,3,[1 8],80,127,130,47,106
1,<environment.Job instance at 0x1493d915d050>,62,3,[7 1],82,129,132,47,107
1,<environment.Job instance at 0x1493da31d050>,63,14,[2 7],83,130,144,47,115
1,<environment.Job instance at 0x1493da31d5a0>,64,12,[ 1 10],86,144,156,58,127
1,<environment.Job instance at 0x1493da31d410>,65,1,[ 2 10],87,156,157,69,129
1,<environment.Job instance at 0x1493da31de10>,66,2,[1 9],89,157,159,68,130
1,<environment.Job instance at 0x1493da31d370>,67,2,[5 2],91,134,136,43,134
1,<environment.Job instance at 0x1493d5ca7eb0>,68,2,[1 5],92,134,136,42,134
1,<environment.Job instance at 0x1493d5b20d20>,69,21,[5 2],94,136,157,42,134
1,<environment.Job instance at 0x1493d5ca76e0>,70,2,[ 1 10],95,159,161,64,137
1,<environment.Job instance at 0x1493d5ca7280>,71,14,[2 5],96,157,171,61,142
1,<environment.Job instance at 0x1493d5ca7dc0>,72,3,[2 9],97,161,164,64,142
1,<environment.Job instance at 0x1493da743e10>,73,1,[10  1],98,157,158,59,144
1,<environment.Job instance at 0x1493d61cf140>,74,2,[2 9],99,164,166,65,144
1,<environment.Job instance at 0x1493d61cf230>,75,3,[6 1],101,144,147,43,144
1,<environment.Job instance at 0x1493e4584960>,76,2,[8 2],103,147,149,44,144
1,<environment.Job instance at 0x1493d9a73eb0>,77,3,[6 2],105,149,152,44,144
1,<environment.Job instance at 0x1493d6416eb0>,78,2,[7 2],106,152,154,46,144
1,<environment.Job instance at 0x1493d91d4550>,79,3,[10  2],107,166,169,59,145
1,<environment.Job instance at 0x1493d91d47d0>,80,2,[6 2],110,154,156,44,145
1,<environment.Job instance at 0x1493d64aceb0>,81,3,[10  2],111,169,172,58,145
1,<environment.Job instance at 0x1493e401fb90>,82,2,[8 2],112,172,174,60,145
1,<environment.Job instance at 0x1493d8cc5640>,83,3,[7 1],114,161,164,47,146
1,<environment.Job instance at 0x1493d5f30cd0>,84,3,[7 2],115,172,175,57,147
1,<environment.Job instance at 0x1493d5b00c30>,85,2,[6 2],117,174,176,57,147
1,<environment.Job instance at 0x1493d6fa0050>,86,2,[7 1],118,164,166,46,147
1,<environment.Job instance at 0x1493d5b005f0>,87,1,[1 7],119,166,167,47,148
1,<environment.Job instance at 0x1493d8cb5e10>,88,1,[5 2],121,156,157,35,149
1,<environment.Job instance at 0x1493d8cb5f00>,89,3,[10  1],122,176,179,54,151
1,<environment.Job instance at 0x1493d8cb55f0>,90,2,[5 1],124,175,177,51,152
1,<environment.Job instance at 0x1493d8cb5320>,91,16,[1 5],127,177,193,50,164
1,<environment.Job instance at 0x1493d8da1eb0>,92,1,[10  2],128,179,180,51,164
1,<environment.Job instance at 0x1493d8cb5500>,93,27,[6 1],129,180,207,51,179
1,<environment.Job instance at 0x1493d8cb5910>,94,3,[9 1],130,193,196,63,179
1,<environment.Job instance at 0x1493d64951e0>,95,3,[9 2],133,196,199,63,179
1,<environment.Job instance at 0x1493e50d8b90>,96,3,[5 1],135,180,183,45,179
1,<environment.Job instance at 0x1493e50d8d70>,97,15,[ 2 13],136,199,214,63,185
1,<environment.Job instance at 0x1493e50d8410>,98,12,[9 1],137,207,219,70,191
1,<environment.Job instance at 0x1493d5cf9050>,99,1,[2 7],138,192,193,54,192
1,<environment.Job instance at 0x1493d5cf9280>,100,17,[2 7],140,214,231,74,202
1,<environment.Job instance at 0x1493d5cf9190>,101,15,[ 2 10],141,231,246,90,217
1,<environment.Job instance at 0x1493d5f267d0>,103,13,[7 1],145,221,234,76,221
1,<environment.Job instance at 0x1493d5f264b0>,104,15,[2 6],146,246,261,100,232
1,<environment.Job instance at 0x1493d8ea3780>,105,12,[2 6],147,246,258,99,234
1,<environment.Job instance at 0x1493d8ea3690>,106,1,[1 5],150,238,239,88,238
1,<environment.Job instance at 0x1493d8ea3b90>,107,1,[9 2],151,241,242,90,241
1,<environment.Job instance at 0x1493d5d809b0>,108,1,[6 2],153,242,243,89,241
1,<environment.Job instance at 0x1493d5d800f0>,109,16,[10  1],154,243,259,89,241
1,<environment.Job instance at 0x1493d5d80cd0>,110,2,[2 8],155,258,260,103,241
1,<environment.Job instance at 0x1493d5d80780>,111,1,[10  2],156,260,261,104,241
1,<environment.Job instance at 0x1493d5d808c0>,112,1,[12  1],158,261,262,103,241
1,<environment.Job instance at 0x1493d61c43c0>,102,2,[12  2],144,262,264,118,256
1,<environment.Job instance at 0x1493d5d80960>,113,25,[1 7],159,260,285,101,256
1,<environment.Job instance at 0x1493d5d80b90>,115,2,[8 1],163,264,266,101,258
1,<environment.Job instance at 0x1493d5d807d0>,116,1,[ 1 11],164,285,286,121,259
1,<environment.Job instance at 0x1493d5d80d20>,117,3,[1 9],166,286,289,120,261
1,<environment.Job instance at 0x1493d5d805f0>,118,1,[ 2 10],169,289,290,120,261
1,<environment.Job instance at 0x1493e4f74d70>,31,18,[ 1 12],42,291,309,249,291
1,<environment.Job instance at 0x1493d5bdf1e0>,20,13,[5 2],29,571,584,542,571
1,<environment.Job instance at 0x1493d8ed8190>,12,20,[6 1],15,19,39,4,19
1,<environment.Job instance at 0x1493d8ed8500>,14,17,[1 9],18,21,38,3,21
1,<environment.Job instance at 0x1493d5ed8be0>,18,2,[6 1],22,25,27,3,25
1,<environment.Job instance at 0x1493d94474b0>,20,2,[2 5],26,27,29,1,26
1,<environment.Job instance at 0x1493d8ed8d70>,17,17,[9 1],21,38,55,17,31
1,<environment.Job instance at 0x1493d9447730>,23,25,[ 1 10],31,39,64,8,35
1,<environment.Job instance at 0x1493d6313910>,25,3,[ 2 10],33,64,67,31,38
1,<environment.Job instance at 0x1493d63134b0>,26,1,[8 2],35,55,56,20,38
1,<environment.Job instance at 0x1493d6313f00>,27,2,[8 1],37,56,58,19,38
1,<environment.Job instance at 0x1493d6313d20>,28,1,[1 5],38,58,59,20,38
1,<environment.Job instance at 0x1493d63130f0>,29,3,[9 1],39,59,62,20,39
1,<environment.Job instance at 0x1493d77f8050>,30,2,[5 1],40,40,42,0,40
1,<environment.Job instance at 0x1493d77f8730>,31,3,[1 9],41,67,70,26,41
1,<environment.Job instance at 0x1493d77f8320>,32,1,[5 1],42,42,43,0,42
1,<environment.Job instance at 0x1493d5d03500>,33,15,[1 8],44,70,85,26,56
1,<environment.Job instance at 0x1493d77f89b0>,34,2,[8 1],47,62,64,15,56
1,<environment.Job instance at 0x1493d77f8500>,35,3,[10  1],48,64,67,16,56
1,<environment.Job instance at 0x1493e4027a00>,36,2,[2 7],52,70,72,18,56
1,<environment.Job instance at 0x1493d77f8550>,37,1,[9 2],54,67,68,13,56
1,<environment.Job instance at 0x1493d6247730>,44,13,[9 2],65,72,85,7,65
1,<environment.Job instance at 0x1493d82817d0>,45,3,[8 2],67,85,88,18,67
1,<environment.Job instance at 0x1493d8281e60>,46,1,[1 9],68,85,86,17,68
1,<environment.Job instance at 0x1493d82811e0>,48,17,[8 1],72,88,105,16,76
1,<environment.Job instance at 0x14942d50be10>,50,18,[2 7],75,86,104,11,76
1,<environment.Job instance at 0x1493d65974b0>,53,3,[6 1],80,104,107,24,80
1,<environment.Job instance at 0x1493d6597eb0>,52,3,[13  1],77,107,110,30,81
1,<environment.Job instance at 0x1493da7bbc80>,54,2,[8 2],81,105,107,24,81
1,<environment.Job instance at 0x1493d8da98c0>,56,16,[5 2],83,83,99,0,83
1,<environment.Job instance at 0x1493d8255a50>,57,12,[7 2],84,110,122,26,93
1,<environment.Job instance at 0x1493d8255140>,58,1,[2 6],85,99,100,14,93
1,<environment.Job instance at 0x1493d8255e60>,59,26,[1 6],86,100,126,14,97
1,<environment.Job instance at 0x1493d6c6e5f0>,60,2,[8 1],87,122,124,35,97
1,<environment.Job instance at 0x1493d6c6ed20>,61,2,[6 1],88,110,112,22,98
1,<environment.Job instance at 0x1493d6c6eb90>,62,3,[7 2],90,112,115,22,98
1,<environment.Job instance at 0x1493d6c6efa0>,63,3,[2 6],91,115,118,24,98
1,<environment.Job instance at 0x1493d6c6eaa0>,64,1,[ 2 10],92,126,127,34,99
1,<environment.Job instance at 0x1493d6c6ec30>,65,2,[5 2],94,118,120,24,99
1,<environment.Job instance at 0x1493d6c6e2d0>,66,1,[7 2],95,120,121,25,99
1,<environment.Job instance at 0x1493da43ae60>,67,15,[10  2],96,124,139,28,110
1,<environment.Job instance at 0x1493da43a5f0>,68,3,[1 6],97,121,124,24,110
1,<environment.Job instance at 0x1493da43a780>,69,2,[2 7],98,124,126,26,115
1,<environment.Job instance at 0x1493d8dc3be0>,71,14,[6 1],100,139,153,39,124
1,<environment.Job instance at 0x1493e7991140>,72,12,[2 9],101,127,139,26,124
1,<environment.Job instance at 0x1493e79910a0>,73,2,[8 1],103,139,141,36,124
1,<environment.Job instance at 0x1493e79917d0>,74,3,[ 2 10],105,141,144,36,124
1,<environment.Job instance at 0x1493e7991820>,75,1,[1 6],109,139,140,30,124
1,<environment.Job instance at 0x1493e7991550>,76,3,[1 8],110,144,147,34,124
1,<environment.Job instance at 0x1493d93aafa0>,77,2,[2 7],112,147,149,35,124
1,<environment.Job instance at 0x1493d9441410>,78,14,[10  1],113,153,167,40,138
1,<environment.Job instance at 0x1493e7991410>,79,2,[2 5],115,144,146,29,138
1,<environment.Job instance at 0x1493d9249780>,80,2,[1 6],116,146,148,30,138
1,<environment.Job instance at 0x1493e7991320>,81,12,[ 1 10],118,149,161,31,138
1,<environment.Job instance at 0x1493d92492d0>,82,3,[9 1],119,167,170,48,141
1,<environment.Job instance at 0x1493d9240820>,83,17,[2 8],120,161,178,41,149
1,<environment.Job instance at 0x1493da825e10>,84,17,[1 8],121,178,195,57,166
1,<environment.Job instance at 0x1493da40da00>,85,17,[ 2 11],122,195,212,73,184
1,<environment.Job instance at 0x1493d9241190>,86,25,[ 2 14],123,212,237,89,208
1,<environment.Job instance at 0x1493da40d500>,87,1,[1 8],124,237,238,113,209
1,<environment.Job instance at 0x1493e7096f50>,88,3,[8 2],127,237,240,110,211
1,<environment.Job instance at 0x1493e402cdc0>,89,3,[2 5],128,237,240,109,211
1,<environment.Job instance at 0x1493e402c2d0>,90,3,[9 1],130,211,214,81,211
1,<environment.Job instance at 0x1493e402caf0>,91,2,[8 2],131,240,242,109,213
1,<environment.Job instance at 0x1493e402c410>,92,1,[8 1],132,214,215,82,213
1,<environment.Job instance at 0x1493e402c550>,93,23,[7 1],133,240,263,107,234
1,<environment.Job instance at 0x1493d9411fa0>,94,22,[5 2],134,242,264,108,235
1,<environment.Job instance at 0x1493d6313a50>,24,3,[13  1],32,264,267,232,244
1,<environment.Job instance at 0x1493d9411910>,95,22,[7 2],136,267,289,131,260
1,<environment.Job instance at 0x1493d77ee460>,97,3,[ 2 10],138,260,263,122,260
1,<environment.Job instance at 0x1493da4d7b90>,98,1,[2 7],139,263,264,124,261
1,<environment.Job instance at 0x1493d77f2fa0>,99,2,[ 2 10],142,264,266,122,261
1,<environment.Job instance at 0x1493d8e46050>,100,2,[8 1],143,267,269,124,261
1,<environment.Job instance at 0x1493d9193f50>,101,21,[5 1],144,269,290,125,261
1,<environment.Job instance at 0x1493d8e462d0>,102,3,[9 1],145,289,292,144,263
1,<environment.Job instance at 0x1493da383140>,103,1,[9 2],146,292,293,146,265
1,<environment.Job instance at 0x1493d5df6d20>,104,15,[2 6],148,269,284,121,265
1,<environment.Job instance at 0x1493d92ca8c0>,105,3,[7 2],150,293,296,143,267
1,<environment.Job instance at 0x1493da40bc30>,106,2,[ 2 10],151,284,286,133,267
1,<environment.Job instance at 0x1493e4f81500>,107,3,[ 1 12],155,286,289,131,267
1,<environment.Job instance at 0x1493e4f81b90>,108,1,[10  1],157,296,297,139,268
1,<environment.Job instance at 0x1493d8ef3550>,109,24,[5 2],158,290,314,132,285
1,<environment.Job instance at 0x1493e4f81e60>,110,24,[2 7],161,297,321,136,293
1,<environment.Job instance at 0x1493d8ef3cd0>,111,3,[1 8],162,293,296,131,293
1,<environment.Job instance at 0x1493d8ef3e60>,112,12,[1 6],164,297,309,133,293
1,<environment.Job instance at 0x1493d8ef3820>,113,15,[6 2],167,309,324,142,295
1,<environment.Job instance at 0x1493e709c460>,114,18,[8 1],168,321,339,153,311
1,<environment.Job instance at 0x1493d77ee0a0>,96,2,[2 9],137,380,382,243,380
1,<environment.Job instance at 0x1493d8da9f00>,55,3,[11  1],82,1421,1424,1339,1421
1,<environment.Job instance at 0x1493d5abc4b0>,10,1,[5 1],15,33,34,18,33
1,<environment.Job instance at 0x1493d5abc640>,7,2,[8 1],11,46,48,35,46
1,<environment.Job instance at 0x1493d5abc9b0>,11,2,[5 1],18,60,62,42,60
1,<environment.Job instance at 0x1493d654fcd0>,14,3,[5 2],22,60,63,38,60
1,<environment.Job instance at 0x1493d654fa50>,15,3,[2 8],23,60,63,37,60
1,<environment.Job instance at 0x1493d654feb0>,16,1,[2 8],25,63,64,38,60
1,<environment.Job instance at 0x1493d654fbe0>,17,1,[6 2],26,62,63,36,60
1,<environment.Job instance at 0x1493d654f280>,18,2,[1 7],27,63,65,36,61
1,<environment.Job instance at 0x1493d654fa00>,19,23,[10  2],28,69,92,41,69
1,<environment.Job instance at 0x1493d654f960>,20,3,[6 1],29,92,95,63,69
1,<environment.Job instance at 0x1493d654fb40>,21,2,[13  2],32,95,97,63,69
1,<environment.Job instance at 0x1493d654fc30>,22,2,[5 1],33,70,72,37,70
1,<environment.Job instance at 0x1493d654f3c0>,23,1,[8 2],35,92,93,57,70
1,<environment.Job instance at 0x1493d654f8c0>,24,25,[2 7],37,93,118,56,89
1,<environment.Job instance at 0x1493d654f910>,26,19,[8 1],42,97,116,55,89
1,<environment.Job instance at 0x1493d654f460>,27,3,[10  2],44,116,119,72,90
1,<environment.Job instance at 0x1493d654f0f0>,28,1,[9 1],45,119,120,74,91
1,<environment.Job instance at 0x1493d654f370>,29,2,[8 2],46,120,122,74,93
1,<environment.Job instance at 0x1493d654f4b0>,30,2,[6 1],47,93,95,46,93
1,<environment.Job instance at 0x1493d654fc80>,31,1,[2 6],48,97,98,49,93
1,<environment.Job instance at 0x1493d654fe60>,32,2,[2 7],49,98,100,49,93
1,<environment.Job instance at 0x1493d654f730>,33,1,[1 7],50,100,101,50,93
1,<environment.Job instance at 0x1493d5b76c80>,34,1,[1 7],53,101,102,48,94
1,<environment.Job instance at 0x1493d5b765f0>,35,3,[6 2],54,119,122,65,94
1,<environment.Job instance at 0x1493d5b76dc0>,36,1,[8 2],55,122,123,67,94
1,<environment.Job instance at 0x1493d5b76500>,37,18,[9 2],56,123,141,67,112
1,<environment.Job instance at 0x1493d5b76730>,38,3,[8 1],57,141,144,84,115
1,<environment.Job instance at 0x1493d5b76050>,39,3,[5 1],58,122,125,64,115
1,<environment.Job instance at 0x1493d5b761e0>,40,2,[9 1],59,144,146,85,117
1,<environment.Job instance at 0x1493d5b76e60>,41,3,[7 1],61,141,144,80,117
1,<environment.Job instance at 0x1493d5b76230>,42,1,[1 9],64,118,119,54,117
1,<environment.Job instance at 0x1493d5b76280>,43,14,[7 1],65,146,160,81,131
1,<environment.Job instance at 0x1493d5b76fa0>,44,3,[ 2 10],67,131,134,64,131
1,<environment.Job instance at 0x1493d5b769b0>,45,3,[6 2],68,134,137,66,131
1,<environment.Job instance at 0x1493d91500a0>,46,3,[6 1],70,137,140,67,131
1,<environment.Job instance at 0x1493d91505f0>,47,3,[6 1],75,144,147,69,131
1,<environment.Job instance at 0x1493d9150be0>,48,3,[7 2],76,147,150,71,131
1,<environment.Job instance at 0x1493d91501e0>,49,15,[8 1],77,150,165,73,136
1,<environment.Job instance at 0x1493d9150d20>,50,3,[1 7],79,146,149,67,136
1,<environment.Job instance at 0x1493d91505a0>,51,2,[8 1],80,165,167,85,138
1,<environment.Job instance at 0x1493d9150640>,52,2,[7 1],83,160,162,77,138
1,<environment.Job instance at 0x1493d91506e0>,53,15,[7 1],84,162,177,78,148
1,<environment.Job instance at 0x1493d91509b0>,54,3,[1 6],86,167,170,81,148
1,<environment.Job instance at 0x1493d9150550>,55,2,[6 1],87,167,169,80,148
1,<environment.Job instance at 0x1493d9150730>,56,1,[10  2],88,177,178,89,150
1,<environment.Job instance at 0x1493d9150910>,57,3,[1 6],89,167,170,78,150
1,<environment.Job instance at 0x1493d9149280>,58,17,[5 1],94,169,186,75,157
1,<environment.Job instance at 0x1493da3aa320>,59,2,[1 5],96,170,172,74,157
1,<environment.Job instance at 0x1493d5bfe780>,60,1,[7 2],100,178,179,78,157
1,<environment.Job instance at 0x1493e5140c30>,61,16,[2 6],101,178,194,77,165
1,<environment.Job instance at 0x1493e5140af0>,62,1,[7 2],103,179,180,76,165
1,<environment.Job instance at 0x1493d5d372d0>,63,1,[10  2],104,186,187,82,165
1,<environment.Job instance at 0x1493d5d378c0>,64,13,[1 8],105,187,200,82,171
1,<environment.Job instance at 0x1493d5d37370>,65,3,[8 1],106,180,183,74,171
1,<environment.Job instance at 0x1493d5d37050>,66,3,[6 1],107,183,186,76,171
1,<environment.Job instance at 0x1493d5d37eb0>,67,2,[6 2],111,194,196,83,171
1,<environment.Job instance at 0x1493d5d37730>,68,3,[14  1],112,196,199,84,171
1,<environment.Job instance at 0x1493d5d37280>,69,2,[2 7],115,171,173,56,171
1,<environment.Job instance at 0x1493d8cb6e60>,70,18,[5 1],118,199,217,81,188
1,<environment.Job instance at 0x1493d62ce690>,71,3,[6 2],120,199,202,79,188
1,<environment.Job instance at 0x1493d656f870>,72,2,[10  2],121,202,204,81,188
1,<environment.Job instance at 0x1493d9193dc0>,73,2,[1 6],122,200,202,78,188
1,<environment.Job instance at 0x1493d600e2d0>,74,13,[1 7],124,204,217,80,188
1,<environment.Job instance at 0x1493d8cb6690>,75,3,[1 9],125,217,220,92,191
1,<environment.Job instance at 0x1493e4584a00>,76,3,[8 2],126,204,207,78,191
1,<environment.Job instance at 0x1493d616c6e0>,77,13,[8 2],127,207,220,80,192
1,<environment.Job instance at 0x1493d8ee0aa0>,78,22,[7 2],128,220,242,92,213
1,<environment.Job instance at 0x1493d5a40050>,79,3,[6 2],129,217,220,88,214
1,<environment.Job instance at 0x1493db0ec2d0>,80,3,[9 2],130,242,245,112,216
1,<environment.Job instance at 0x1493d5da8eb0>,81,13,[6 1],131,220,233,89,216
1,<environment.Job instance at 0x1493da389c30>,82,2,[ 2 10],133,220,222,87,216
1,<environment.Job instance at 0x1493d609a320>,83,21,[2 7],135,222,243,87,216
1,<environment.Job instance at 0x1493d5e05870>,84,3,[2 8],136,243,246,107,217
1,<environment.Job instance at 0x1493d5d92910>,85,14,[1 6],138,245,259,107,230
1,<environment.Job instance at 0x1493d5cddd70>,86,2,[6 2],139,233,235,94,230
1,<environment.Job instance at 0x1493d82591e0>,87,1,[2 6],140,235,236,95,230
1,<environment.Job instance at 0x1493d8259140>,88,3,[7 1],141,245,248,104,230
1,<environment.Job instance at 0x1493e79e4190>,89,3,[1 7],143,246,249,103,230
1,<environment.Job instance at 0x1493d8259d70>,90,15,[10  2],144,248,263,104,234
1,<environment.Job instance at 0x1493d8259aa0>,91,2,[5 1],146,236,238,90,236
1,<environment.Job instance at 0x1493d62d3870>,92,1,[8 1],147,263,264,116,236
1,<environment.Job instance at 0x1493d8259b90>,93,3,[2 9],148,259,262,111,236
1,<environment.Job instance at 0x1493e4ffb690>,94,18,[2 5],149,262,280,113,251
1,<environment.Job instance at 0x1493e4ffb910>,95,21,[1 8],150,262,283,112,254
1,<environment.Job instance at 0x1493e4ffbcd0>,96,1,[6 1],151,264,265,113,254
1,<environment.Job instance at 0x1493e4ffb9b0>,97,15,[2 6],153,280,295,127,266
1,<environment.Job instance at 0x1493e4ffba00>,98,21,[10  2],154,283,304,129,275
1,<environment.Job instance at 0x1493e4ffb6e0>,99,15,[9 1],155,304,319,149,290
1,<environment.Job instance at 0x1493d9155500>,101,3,[2 6],159,290,293,131,290
1,<environment.Job instance at 0x1493d9155780>,102,18,[2 9],160,295,313,135,292
1,<environment.Job instance at 0x1493d9155f50>,103,3,[9 1],162,319,322,157,293
1,<environment.Job instance at 0x1493d91556e0>,104,3,[2 6],163,313,316,150,294
1,<environment.Job instance at 0x1493d9155d70>,105,2,[8 1],164,322,324,158,295
1,<environment.Job instance at 0x1493d9155a50>,106,12,[10  2],165,324,336,159,307
1,<environment.Job instance at 0x1493e45e85a0>,107,2,[9 2],166,336,338,170,309
1,<environment.Job instance at 0x1493d91557d0>,108,2,[2 8],167,313,315,146,309
1,<environment.Job instance at 0x1493d91550f0>,109,1,[1 5],169,309,310,140,309
1,<environment.Job instance at 0x1493d6caba50>,100,1,[5 1],156,320,321,164,320
1,<environment.Job instance at 0x1493d5abcc80>,6,3,[14  2],8,745,748,737,745
1,<environment.Job instance at 0x148f75fb08c0>,23,2,[8 1],31,32,34,1,32
1,<environment.Job instance at 0x148f75fb0870>,25,2,[2 8],34,34,36,0,34
1,<environment.Job instance at 0x148f75fb0140>,20,2,[ 1 13],27,36,38,9,34
1,<environment.Job instance at 0x148f75fb0aa0>,27,2,[2 7],36,38,40,2,36
1,<environment.Job instance at 0x148f75fb0b40>,31,3,[9 2],41,42,45,1,42
1,<environment.Job instance at 0x148f75fb2460>,33,1,[2 7],43,44,45,1,44
1,<environment.Job instance at 0x148f75fb2640>,36,3,[10  2],48,48,51,0,48
1,<environment.Job instance at 0x148f75fb2550>,35,2,[1 8],45,49,51,4,49
1,<environment.Job instance at 0x148f75fb2960>,38,1,[8 1],51,51,52,0,51
1,<environment.Job instance at 0x148f75fb25f0>,39,3,[1 5],52,52,55,0,52
1,<environment.Job instance at 0x148f75fb2b90>,41,25,[12  2],54,54,79,0,54
1,<environment.Job instance at 0x148f75fb2d70>,42,1,[10  1],56,79,80,23,56
1,<environment.Job instance at 0x148f75fb2e10>,43,3,[7 2],57,80,83,23,58
1,<environment.Job instance at 0x148f75fb2eb0>,44,3,[1 8],58,58,61,0,58
1,<environment.Job instance at 0x148f75fb3280>,45,3,[2 8],60,61,64,1,60
1,<environment.Job instance at 0x148f75fb3230>,46,2,[2 8],61,64,66,3,61
1,<environment.Job instance at 0x148f75fb3640>,48,1,[2 9],65,66,67,1,65
1,<environment.Job instance at 0x148f75fb3460>,49,16,[8 2],66,80,96,14,67
1,<environment.Job instance at 0x148f75fb3960>,51,2,[8 2],69,96,98,27,69
1,<environment.Job instance at 0x148f75fb3a50>,52,2,[1 7],72,72,74,0,72
1,<environment.Job instance at 0x148f75fb3870>,53,3,[6 1],73,83,86,10,73
1,<environment.Job instance at 0x148f75fb3b40>,54,2,[2 5],75,75,77,0,75
1,<environment.Job instance at 0x148f75fb3dc0>,55,16,[2 5],76,86,102,10,76
1,<environment.Job instance at 0x148f75fb3fa0>,56,1,[10  2],79,98,99,19,79
1,<environment.Job instance at 0x148f75fb7050>,58,15,[2 9],82,99,114,17,85
1,<environment.Job instance at 0x148f75fb74b0>,59,1,[1 9],85,85,86,0,85
1,<environment.Job instance at 0x148f75fb7460>,60,17,[8 1],86,99,116,13,87
1,<environment.Job instance at 0x148f75fb7640>,61,3,[1 5],87,87,90,0,87
1,<environment.Job instance at 0x148f75fb7820>,62,3,[9 2],88,116,119,28,90
1,<environment.Job instance at 0x148f75fb77d0>,63,3,[10  1],89,119,122,30,93
1,<environment.Job instance at 0x148f75fb7aa0>,64,12,[9 1],91,122,134,31,106
1,<environment.Job instance at 0x148f75fb7af0>,66,3,[1 9],93,114,117,21,106
1,<environment.Job instance at 0x148f75fb7b90>,67,1,[13  1],94,134,135,40,106
1,<environment.Job instance at 0x148f75fb7dc0>,68,3,[1 9],95,117,120,22,106
1,<environment.Job instance at 0x148f75fb7e60>,69,1,[2 5],96,106,107,10,106
1,<environment.Job instance at 0x148f75fb7f00>,70,2,[ 2 10],97,120,122,23,106
1,<environment.Job instance at 0x148f75fb7fa0>,71,3,[2 9],99,122,125,23,106
1,<environment.Job instance at 0x148fcceb5a50>,72,13,[7 2],102,135,148,33,119
1,<environment.Job instance at 0x148f75fa1e10>,74,3,[6 2],106,125,128,19,120
1,<environment.Job instance at 0x148f75fa1fa0>,75,1,[1 6],107,128,129,21,120
1,<environment.Job instance at 0x148f75fe1a00>,76,2,[2 5],108,122,124,14,120
1,<environment.Job instance at 0x148f75fd9b90>,77,2,[ 1 10],109,129,131,20,120
1,<environment.Job instance at 0x148f75fa18c0>,78,3,[2 9],110,131,134,21,120
1,<environment.Job instance at 0x148f75fa15f0>,79,3,[7 2],111,135,138,24,120
1,<environment.Job instance at 0x148f75fa1be0>,80,14,[7 1],112,138,152,26,123
1,<environment.Job instance at 0x148f769a1e10>,81,3,[ 2 10],114,148,151,34,123
1,<environment.Job instance at 0x148fcce0a4b0>,82,12,[2 8],115,151,163,36,134
1,<environment.Job instance at 0x148f83339550>,83,1,[10  1],117,152,153,35,134
1,<environment.Job instance at 0x148f767522d0>,84,2,[ 1 10],118,134,136,16,134
1,<environment.Job instance at 0x148f771fcd20>,85,1,[7 2],120,153,154,33,134
1,<environment.Job instance at 0x148f75ffe050>,86,2,[1 8],121,136,138,15,134
1,<environment.Job instance at 0x148f769a3cd0>,87,2,[2 6],122,151,153,29,134
1,<environment.Job instance at 0x148f78d7bdc0>,88,1,[1 5],123,138,139,15,134
1,<environment.Job instance at 0x148f766dcc30>,89,2,[1 9],126,139,141,13,134
1,<environment.Job instance at 0x148f766dca50>,90,1,[2 7],127,154,155,27,134
1,<environment.Job instance at 0x148f766dac30>,91,1,[2 5],128,153,154,25,134
1,<environment.Job instance at 0x148f766dacd0>,92,15,[7 1],129,155,170,26,141
1,<environment.Job instance at 0x148f766da0f0>,94,1,[5 1],131,148,149,17,141
1,<environment.Job instance at 0x148f766b4730>,95,3,[2 8],132,163,166,31,141
1,<environment.Job instance at 0x148f766da8c0>,96,12,[9 2],134,170,182,36,153
1,<environment.Job instance at 0x148f76651af0>,97,15,[10  2],135,182,197,47,168
1,<environment.Job instance at 0x148f76651820>,99,16,[8 1],137,197,213,60,186
1,<environment.Job instance at 0x148f766509b0>,102,1,[2 8],141,186,187,45,186
1,<environment.Job instance at 0x148f76650550>,103,1,[ 2 10],142,187,188,45,187
1,<environment.Job instance at 0x148f766500f0>,104,1,[ 2 14],143,197,198,54,189
1,<environment.Job instance at 0x148f76650190>,105,1,[8 2],144,213,214,69,190
1,<environment.Job instance at 0x148f76650320>,106,15,[5 1],145,198,213,53,190
1,<environment.Job instance at 0x148f76650f50>,107,18,[1 8],146,198,216,52,191
1,<environment.Job instance at 0x148f76650370>,108,2,[ 1 10],150,191,193,41,191
1,<environment.Job instance at 0x148f7666c0a0>,109,3,[11  2],151,214,217,63,192
1,<environment.Job instance at 0x148f7666ceb0>,110,3,[ 2 10],152,193,196,41,193
1,<environment.Job instance at 0x148f7666c730>,111,3,[2 5],153,213,216,60,193
1,<environment.Job instance at 0x148f7672c1e0>,112,1,[8 1],154,217,218,63,194
1,<environment.Job instance at 0x148f7666c0f0>,113,3,[5 2],156,217,220,61,194
1,<environment.Job instance at 0x148f76652eb0>,114,15,[9 2],157,218,233,61,205
1,<environment.Job instance at 0x148f76652460>,115,18,[2 6],158,220,238,62,209
1,<environment.Job instance at 0x148f76652f50>,116,1,[1 6],159,216,217,57,209
1,<environment.Job instance at 0x148f766527d0>,117,1,[1 7],160,216,217,56,209
1,<environment.Job instance at 0x148f76652d70>,118,3,[9 1],163,233,236,70,209
1,<environment.Job instance at 0x148f766525f0>,119,3,[12  1],164,236,239,72,210
1,<environment.Job instance at 0x148f766529b0>,120,1,[1 8],166,217,218,51,210
1,<environment.Job instance at 0x148f76652c30>,121,15,[1 6],167,218,233,51,210
1,<environment.Job instance at 0x148f76652910>,122,3,[7 2],168,239,242,71,213
1,<environment.Job instance at 0x148f76653960>,123,2,[1 8],169,233,235,64,214
1,<environment.Job instance at 0x148f766537d0>,124,3,[1 7],171,235,238,64,214
1,<environment.Job instance at 0x148f76653eb0>,125,13,[ 1 14],172,242,255,70,226
1,<environment.Job instance at 0x148f76653cd0>,126,27,[1 8],173,255,282,82,253
1,<environment.Job instance at 0x148f76653690>,128,2,[7 2],175,255,257,80,253
1,<environment.Job instance at 0x148f75fd60a0>,129,12,[6 1],176,253,265,77,253
1,<environment.Job instance at 0x148f76653550>,130,28,[2 8],179,282,310,103,282
1,<environment.Job instance at 0x148f78b710f0>,93,2,[14  1],130,319,321,189,319
1,<environment.Job instance at 0x148f75fb2370>,34,15,[11  1],44,322,337,278,322
1,<environment.Job instance at 0x148f7e82a730>,14,13,[ 2 10],22,22,35,0,22
1,<environment.Job instance at 0x148f7e82a5f0>,17,15,[1 7],25,35,50,10,27
1,<environment.Job instance at 0x148f7e826050>,21,2,[8 2],31,31,33,0,31
1,<environment.Job instance at 0x148f7e826f50>,22,3,[8 1],32,33,36,1,32
1,<environment.Job instance at 0x148f7e826230>,20,12,[7 1],30,36,48,6,35
1,<environment.Job instance at 0x148f7e826c80>,23,2,[2 5],33,35,37,2,35
1,<environment.Job instance at 0x148f7e826640>,26,3,[ 2 10],37,50,53,13,37
1,<environment.Job instance at 0x148f7e8265f0>,27,18,[8 1],38,48,66,10,38
1,<environment.Job instance at 0x148f7e8208c0>,29,17,[1 6],41,53,70,12,41
1,<environment.Job instance at 0x148f7e820820>,30,17,[7 1],42,66,83,24,54
1,<environment.Job instance at 0x148f7e8204b0>,35,12,[1 5],52,54,66,2,54
1,<environment.Job instance at 0x148f7e820b90>,37,1,[9 1],55,83,84,28,55
1,<environment.Job instance at 0x148f7e81d870>,39,1,[ 1 10],57,70,71,13,60
1,<environment.Job instance at 0x148f7d396410>,49,2,[7 2],77,84,86,7,84
1,<environment.Job instance at 0x148f7d396d70>,50,2,[2 5],78,84,86,6,84
1,<environment.Job instance at 0x148f7d396c80>,51,14,[2 8],79,90,104,11,90
1,<environment.Job instance at 0x148f7bb16f00>,52,3,[8 1],82,90,93,8,90
1,<environment.Job instance at 0x148f7bb141e0>,53,1,[7 2],83,93,94,10,90
1,<environment.Job instance at 0x148f75fb3cd0>,54,2,[5 2],84,90,92,6,90
1,<environment.Job instance at 0x148f7bb145a0>,55,2,[ 2 12],86,104,106,18,90
1,<environment.Job instance at 0x148f788cac30>,56,14,[6 1],87,93,107,6,91
1,<environment.Job instance at 0x148f79cd85a0>,57,15,[2 8],88,106,121,18,92
1,<environment.Job instance at 0x148f786ef550>,58,16,[1 7],89,107,123,18,94
1,<environment.Job instance at 0x148f7d396af0>,59,13,[ 1 11],91,123,136,32,109
1,<environment.Job instance at 0x148f7ff135a0>,65,3,[1 5],99,136,139,37,110
1,<environment.Job instance at 0x148f7feced20>,66,21,[ 2 13],100,139,160,39,131
1,<environment.Job instance at 0x148f7fecedc0>,67,1,[2 8],101,136,137,35,131
1,<environment.Job instance at 0x148f7feac5a0>,68,1,[7 1],102,139,140,37,139
1,<environment.Job instance at 0x148f7feacaa0>,69,18,[5 2],103,140,158,37,140
1,<environment.Job instance at 0x148f788594b0>,70,2,[8 2],105,158,160,53,140
1,<environment.Job instance at 0x148f7884ad70>,71,3,[1 7],106,160,163,54,141
1,<environment.Job instance at 0x148f7e82a140>,12,3,[5 2],20,160,163,140,141
1,<environment.Job instance at 0x148f7fee15f0>,72,18,[8 1],107,160,178,53,149
1,<environment.Job instance at 0x148f7884a870>,74,1,[1 8],109,163,164,54,149
1,<environment.Job instance at 0x148f8006ff50>,75,3,[1 7],110,164,167,54,150
1,<environment.Job instance at 0x148f8006f730>,76,2,[5 2],112,163,165,51,150
1,<environment.Job instance at 0x148f8006f280>,77,2,[1 7],114,165,167,51,151
1,<environment.Job instance at 0x148f8006f2d0>,78,2,[5 2],115,167,169,52,151
1,<environment.Job instance at 0x148f8006f780>,79,1,[1 6],117,167,168,50,151
1,<environment.Job instance at 0x148f80968230>,80,12,[7 1],118,169,181,51,152
1,<environment.Job instance at 0x148f8003d2d0>,81,2,[10  1],119,181,183,62,154
1,<environment.Job instance at 0x148f8003d9b0>,82,3,[2 7],120,178,181,58,154
1,<environment.Job instance at 0x148f8003de10>,83,17,[7 1],122,183,200,61,171
1,<environment.Job instance at 0x148f7e82a280>,13,2,[ 1 10],21,181,183,160,171
1,<environment.Job instance at 0x148f79d4acd0>,85,3,[1 8],125,183,186,58,171
1,<environment.Job instance at 0x148f7ff04320>,87,2,[7 2],129,183,185,54,171
1,<environment.Job instance at 0x148f7ff04dc0>,88,3,[ 2 10],131,186,189,55,171
1,<environment.Job instance at 0x148f8002e730>,89,14,[8 2],132,189,203,57,174
1,<environment.Job instance at 0x148f8002e2d0>,90,2,[2 5],134,178,180,44,175
1,<environment.Job instance at 0x148f8002ebe0>,91,1,[ 2 10],135,200,201,65,175
1,<environment.Job instance at 0x148f79d4a050>,84,1,[2 5],124,185,186,61,185
1,<environment.Job instance at 0x148f8002ee60>,93,2,[ 1 10],137,201,203,64,186
1,<environment.Job instance at 0x148f8002e190>,92,14,[8 1],136,203,217,67,189
1,<environment.Job instance at 0x148f8002eb90>,94,3,[7 2],138,203,206,65,189
1,<environment.Job instance at 0x148f80076fa0>,95,21,[7 2],140,206,227,66,198
1,<environment.Job instance at 0x148f800761e0>,97,3,[1 9],142,217,220,75,198
1,<environment.Job instance at 0x148f80076500>,98,1,[6 1],143,201,202,58,198
1,<environment.Job instance at 0x148f7fe9f1e0>,99,3,[5 1],144,217,220,73,199
1,<environment.Job instance at 0x148f7fe9fc80>,100,3,[1 7],149,220,223,71,199
1,<environment.Job instance at 0x148f7fe9f230>,101,12,[7 1],151,220,232,69,203
1,<environment.Job instance at 0x148f7fe9e6e0>,102,20,[8 2],152,227,247,75,218
1,<environment.Job instance at 0x148f7fe9ea50>,103,2,[10  1],153,247,249,94,220
1,<environment.Job instance at 0x148f7fe9e640>,104,3,[1 9],154,223,226,69,220
1,<environment.Job instance at 0x148f7fef9a00>,105,3,[1 8],158,232,235,74,220
1,<environment.Job instance at 0x148f7bb3ffa0>,106,2,[2 7],161,235,237,74,220
1,<environment.Job instance at 0x148f78847aa0>,107,2,[9 2],162,249,251,87,225
1,<environment.Job instance at 0x148f80028af0>,108,3,[5 2],163,232,235,69,225
1,<environment.Job instance at 0x148f79d34a00>,64,3,[ 1 13],96,237,240,141,236
1,<environment.Job instance at 0x148f800280a0>,109,16,[7 2],164,251,267,87,238
1,<environment.Job instance at 0x148f808ed190>,111,18,[5 2],167,240,258,73,238
1,<environment.Job instance at 0x148f808edfa0>,112,1,[1 8],168,240,241,72,238
1,<environment.Job instance at 0x148f808edb40>,113,13,[1 7],170,249,262,79,238
1,<environment.Job instance at 0x148f7bb2f4b0>,114,12,[2 9],173,262,274,89,245
1,<environment.Job instance at 0x148f7bb257d0>,115,3,[5 2],174,258,261,84,245
1,<environment.Job instance at 0x148f7d3b7d20>,117,15,[8 2],176,267,282,91,253
1,<environment.Job instance at 0x148f7ffcd730>,96,13,[5 2],141,283,296,142,283
1,<environment.Job instance at 0x148f79d4a690>,86,12,[7 2],127,364,376,237,364
1,<environment.Job instance at 0x148f76987d20>,2,15,[ 1 11],7,35,50,28,35
1,<environment.Job instance at 0x148f786bb820>,6,1,[1 9],13,50,51,37,35
1,<environment.Job instance at 0x148f786bb780>,11,3,[ 2 10],20,51,54,31,35
1,<environment.Job instance at 0x148f786bb1e0>,12,1,[7 2],21,35,36,14,35
1,<environment.Job instance at 0x148f786bb6e0>,13,3,[9 1],22,36,39,14,35
1,<environment.Job instance at 0x148f786bb370>,14,16,[9 1],23,39,55,16,35
1,<environment.Job instance at 0x148f786bbd70>,15,1,[6 2],25,35,36,10,35
1,<environment.Job instance at 0x148f786bb5a0>,16,3,[2 7],26,54,57,28,35
1,<environment.Job instance at 0x148f786bb320>,17,14,[7 2],27,55,69,28,40
1,<environment.Job instance at 0x148f786bb280>,18,2,[ 1 10],29,57,59,28,40
1,<environment.Job instance at 0x148f787042d0>,19,3,[10  2],30,69,72,39,43
1,<environment.Job instance at 0x148f78704cd0>,21,3,[9 1],34,72,75,38,46
1,<environment.Job instance at 0x148f78704640>,24,3,[5 1],40,46,49,6,46
1,<environment.Job instance at 0x148f78704960>,25,14,[1 6],42,59,73,17,46
1,<environment.Job instance at 0x148f78704190>,26,2,[5 1],43,49,51,6,46
1,<environment.Job instance at 0x148f78704820>,28,2,[10  2],45,75,77,30,48
1,<environment.Job instance at 0x148f77c19320>,32,2,[5 2],52,55,57,3,52
1,<environment.Job instance at 0x148f77c19280>,33,3,[1 7],53,59,62,6,53
1,<environment.Job instance at 0x148f77c19690>,34,2,[9 2],55,77,79,22,55
1,<environment.Job instance at 0x148f77c19820>,35,1,[7 2],56,57,58,1,56
1,<environment.Job instance at 0x148f77c193c0>,36,3,[1 7],58,62,65,4,58
1,<environment.Job instance at 0x148f78688050>,37,14,[1 6],59,65,79,6,59
1,<environment.Job instance at 0x148f786881e0>,38,14,[1 9],60,79,93,19,64
1,<environment.Job instance at 0x148f78704910>,20,2,[2 9],31,93,95,62,75
1,<environment.Job instance at 0x148f78688460>,42,2,[2 5],66,76,78,10,76
1,<environment.Job instance at 0x148f78688dc0>,41,2,[2 9],65,95,97,30,76
1,<environment.Job instance at 0x148f78688d20>,40,26,[9 1],64,79,105,15,76
1,<environment.Job instance at 0x148f78688690>,45,3,[8 1],69,105,108,36,79
1,<environment.Job instance at 0x148f78688280>,46,3,[8 1],73,108,111,35,82
1,<environment.Job instance at 0x148f78688230>,47,1,[10  1],74,111,112,37,83
1,<environment.Job instance at 0x148fccf12640>,49,15,[2 8],78,97,112,19,83
1,<environment.Job instance at 0x148f786fbfa0>,51,13,[ 2 10],82,112,125,30,96
1,<environment.Job instance at 0x148f7866ccd0>,54,2,[8 1],86,112,114,26,96
1,<environment.Job instance at 0x148f759a0410>,53,2,[1 5],85,99,101,14,99
1,<environment.Job instance at 0x148f759bd780>,55,3,[2 9],87,125,128,38,99
1,<environment.Job instance at 0x148f7d39f550>,57,3,[1 5],90,101,104,11,99
1,<environment.Job instance at 0x148f75ec6550>,58,2,[1 9],91,128,130,37,101
1,<environment.Job instance at 0x148f759a8140>,60,1,[1 8],95,130,131,35,102
1,<environment.Job instance at 0x148f769a0370>,64,14,[9 1],100,114,128,14,102
1,<environment.Job instance at 0x148f759ecc30>,66,2,[1 7],102,130,132,28,103
1,<environment.Job instance at 0x148f769715a0>,67,15,[1 5],103,131,146,28,117
1,<environment.Job instance at 0x148f759e3c30>,72,1,[2 8],110,132,133,22,118
1,<environment.Job instance at 0x148f75fbe7d0>,73,1,[8 2],111,128,129,17,118
1,<environment.Job instance at 0x148f75fbe8c0>,74,14,[14  1],112,133,147,21,118
1,<environment.Job instance at 0x148f75fbe370>,75,2,[6 1],114,128,130,14,118
1,<environment.Job instance at 0x148f75fbe460>,76,3,[10  1],116,147,150,31,121
1,<environment.Job instance at 0x148f7fe5c1e0>,77,3,[10  2],117,150,153,33,124
1,<environment.Job instance at 0x148f76008780>,79,2,[1 7],121,146,148,25,125
1,<environment.Job instance at 0x148f760084b0>,80,1,[1 5],122,126,127,4,126
1,<environment.Job instance at 0x148f75fb2820>,63,2,[8 2],98,153,155,55,132
1,<environment.Job instance at 0x148f7bb10640>,81,18,[8 2],123,155,173,32,144
1,<environment.Job instance at 0x148f78671870>,83,16,[1 5],125,147,163,22,144
1,<environment.Job instance at 0x148f769a3fa0>,84,2,[ 1 10],126,163,165,37,144
1,<environment.Job instance at 0x148f786bb8c0>,5,2,[1 6],12,153,155,141,153
1,<environment.Job instance at 0x148f769a3050>,85,17,[2 9],127,165,182,38,153
1,<environment.Job instance at 0x148f769a3a00>,87,16,[2 8],129,182,198,53,169
1,<environment.Job instance at 0x148f7fe60280>,88,3,[6 1],130,173,176,43,171
1,<environment.Job instance at 0x148f7fe60cd0>,89,2,[1 8],131,198,200,67,178
1,<environment.Job instance at 0x148f7599ca00>,90,3,[2 8],132,200,203,68,180
1,<environment.Job instance at 0x148f76729c30>,91,2,[2 8],133,203,205,70,182
1,<environment.Job instance at 0x148f7feb4370>,92,3,[5 2],136,182,185,46,182
1,<environment.Job instance at 0x148f7feb4460>,93,1,[6 2],138,185,186,47,185
1,<environment.Job instance at 0x148f75fd6fa0>,94,2,[2 8],139,205,207,66,186
1,<environment.Job instance at 0x148f75fd6370>,95,1,[6 2],141,186,187,45,186
1,<environment.Job instance at 0x148f7a13d6e0>,96,1,[2 9],142,207,208,65,186
1,<environment.Job instance at 0x148f78671230>,82,3,[1 6],124,205,208,81,205
1,<environment.Job instance at 0x148f7a13df00>,98,2,[10  1],144,205,207,61,205
1,<environment.Job instance at 0x148f78c33c80>,99,2,[2 7],146,208,210,62,205
1,<environment.Job instance at 0x148f78de7910>,100,1,[5 2],147,208,209,61,205
1,<environment.Job instance at 0x148f794414b0>,101,1,[2 5],148,208,209,60,207
1,<environment.Job instance at 0x148f771fcf00>,102,2,[ 1 10],150,210,212,60,207
1,<environment.Job instance at 0x148f7a13da50>,97,27,[ 2 10],143,212,239,69,210
1,<environment.Job instance at 0x148f7663f780>,104,12,[6 1],152,219,231,67,219
1,<environment.Job instance at 0x148f78e20780>,105,2,[5 2],153,219,221,66,219
1,<environment.Job instance at 0x148f77c26d20>,106,1,[7 1],156,221,222,65,220
1,<environment.Job instance at 0x148f77c265a0>,107,2,[7 1],157,222,224,65,220
1,<environment.Job instance at 0x148f77c26780>,108,1,[7 2],158,224,225,66,220
1,<environment.Job instance at 0x148f77c26aa0>,109,3,[10  2],159,231,234,72,220
1,<environment.Job instance at 0x148f78dc98c0>,110,2,[5 2],160,225,227,65,220
1,<environment.Job instance at 0x148f78dc9c80>,111,15,[1 8],162,239,254,77,225
1,<environment.Job instance at 0x148f77c1ab90>,112,3,[1 7],163,239,242,76,225
1,<environment.Job instance at 0x148f78e20910>,103,3,[2 5],151,243,246,92,243
1,<environment.Job instance at 0x148f77c26960>,113,19,[2 9],166,254,273,88,244
1,<environment.Job instance at 0x148f77c1a190>,115,17,[9 2],168,245,262,77,245
1,<environment.Job instance at 0x148f77c1a9b0>,116,1,[6 2],169,262,263,93,245
1,<environment.Job instance at 0x148f77c1ad70>,117,2,[1 5],170,247,249,77,247
1,<environment.Job instance at 0x148f77c1a460>,118,1,[1 7],171,273,274,102,247
1,<environment.Job instance at 0x148f77c1a370>,119,3,[2 7],172,273,276,101,254
1,<environment.Job instance at 0x148f77c1a3c0>,120,2,[1 5],173,263,265,90,257
1,<environment.Job instance at 0x148f77c1a7d0>,121,1,[1 9],175,276,277,101,258
1,<environment.Job instance at 0x148f77c1a4b0>,122,1,[2 5],176,265,266,89,259
1,<environment.Job instance at 0x148f77c1a870>,123,15,[7 1],177,262,277,85,259
1,<environment.Job instance at 0x148f77c1ae10>,124,1,[2 6],178,274,275,96,259
1,<environment.Job instance at 0x148f77c1a960>,114,13,[12  2],167,277,290,110,276
1,<environment.Job instance at 0x148f7bb32a00>,78,3,[ 2 11],120,437,440,317,437
1,<environment.Job instance at 0x148f769a3af0>,86,15,[7 2],128,565,580,437,565
1,<environment.Job instance at 0x148f80a19820>,11,2,[10  2],13,13,15,0,13
1,<environment.Job instance at 0x148f80a193c0>,12,16,[10  2],14,15,31,1,14
1,<environment.Job instance at 0x148f80a19b40>,13,16,[ 2 10],15,15,31,0,15
1,<environment.Job instance at 0x148f80a19d20>,14,2,[1 6],17,31,33,14,17
1,<environment.Job instance at 0x148f80a19f50>,16,2,[7 2],20,31,33,11,20
1,<environment.Job instance at 0x148f80a19eb0>,17,13,[5 1],21,31,44,10,21
1,<environment.Job instance at 0x148f80a19190>,18,2,[1 8],22,33,35,11,22
1,<environment.Job instance at 0x148f80a19cd0>,19,14,[6 1],23,33,47,10,23
1,<environment.Job instance at 0x148f80a04960>,21,14,[2 8],25,35,49,10,25
1,<environment.Job instance at 0x148f80a040f0>,22,2,[7 1],26,44,46,18,26
1,<environment.Job instance at 0x148f80a04370>,23,3,[7 1],27,46,49,19,27
1,<environment.Job instance at 0x148f80a04140>,24,13,[10  1],28,49,62,21,33
1,<environment.Job instance at 0x148f80a190a0>,9,2,[2 6],11,52,54,41,52
1,<environment.Job instance at 0x148f80a047d0>,26,1,[ 2 10],30,58,59,28,58
1,<environment.Job instance at 0x148f80a04870>,25,25,[12  1],29,62,87,33,58
1,<environment.Job instance at 0x148f80a049b0>,28,3,[7 1],36,87,90,51,61
1,<environment.Job instance at 0x148f80a04820>,29,3,[2 8],37,61,64,24,61
1,<environment.Job instance at 0x148f80a04050>,30,3,[1 9],38,64,67,26,61
1,<environment.Job instance at 0x148f80a04280>,31,16,[10  1],39,90,106,51,77
1,<environment.Job instance at 0x148f80a04dc0>,32,3,[2 9],40,77,80,37,77
1,<environment.Job instance at 0x148f809dc1e0>,33,23,[1 6],41,80,103,39,77
1,<environment.Job instance at 0x148f809dcb40>,34,12,[7 1],44,106,118,62,89
1,<environment.Job instance at 0x148f809dc5a0>,36,3,[6 1],49,106,109,57,89
1,<environment.Job instance at 0x148f809dc0a0>,37,3,[8 1],50,109,112,59,89
1,<environment.Job instance at 0x148f809dc730>,38,2,[7 1],52,112,114,60,89
1,<environment.Job instance at 0x148f809dc190>,39,18,[2 6],54,89,107,35,89
1,<environment.Job instance at 0x148f809dc870>,40,1,[7 1],56,114,115,58,89
1,<environment.Job instance at 0x148f809dcbe0>,41,2,[5 1],57,115,117,58,89
1,<environment.Job instance at 0x148f809dc0f0>,42,14,[2 5],58,115,129,57,100
1,<environment.Job instance at 0x148f809dc2d0>,44,12,[1 5],61,112,124,51,100
1,<environment.Job instance at 0x148f809dc6e0>,45,13,[7 2],62,118,131,56,102
1,<environment.Job instance at 0x148f809dcf00>,46,3,[8 1],63,129,132,66,103
1,<environment.Job instance at 0x148f809dc320>,47,3,[2 6],66,103,106,37,103
1,<environment.Job instance at 0x148f7ff648c0>,48,18,[1 5],67,131,149,64,120
1,<environment.Job instance at 0x148f7a1de4b0>,58,2,[1 6],87,124,126,37,120
1,<environment.Job instance at 0x148f7a1defa0>,59,3,[1 9],88,131,134,43,120
1,<environment.Job instance at 0x148fc81c8050>,60,16,[2 7],91,134,150,43,121
1,<environment.Job instance at 0x148f833240a0>,62,3,[10  2],94,134,137,40,121
1,<environment.Job instance at 0x148f800cb9b0>,63,3,[5 1],98,121,124,23,121
1,<environment.Job instance at 0x148f829f15a0>,64,1,[2 8],99,126,127,27,121
1,<environment.Job instance at 0x148f786d91e0>,67,3,[9 1],102,137,140,35,121
1,<environment.Job instance at 0x148f832fdd20>,69,2,[5 2],104,124,126,20,123
1,<environment.Job instance at 0x148f7a260b40>,70,27,[1 7],105,149,176,44,147
1,<environment.Job instance at 0x148f83368140>,77,17,[1 9],114,176,193,62,164
1,<environment.Job instance at 0x148f80afaa00>,83,2,[1 8],127,164,166,37,164
1,<environment.Job instance at 0x148f80afae10>,87,2,[8 2],135,176,178,41,176
1,<environment.Job instance at 0x148f78b0a960>,89,3,[6 2],137,182,185,45,182
1,<environment.Job instance at 0x148f78b0a730>,90,1,[8 1],139,183,184,44,183
1,<environment.Job instance at 0x148f78b0a820>,92,1,[2 9],144,194,195,50,194
1,<environment.Job instance at 0x148f75889780>,94,12,[7 1],146,194,206,48,194
1,<environment.Job instance at 0x148f75889c30>,93,2,[7 2],145,196,198,51,196
1,<environment.Job instance at 0x148f80b0e140>,96,3,[9 2],148,206,209,58,196
1,<environment.Job instance at 0x148f76710d70>,95,13,[13  2],147,209,222,62,196
1,<environment.Job instance at 0x148f80b1cb40>,97,2,[7 1],151,198,200,47,196
1,<environment.Job instance at 0x148f80b1cbe0>,99,3,[2 5],154,200,203,46,196
1,<environment.Job instance at 0x148f80b1c640>,100,1,[8 1],155,203,204,48,196
1,<environment.Job instance at 0x148f80b1c0f0>,98,16,[ 1 10],152,204,220,52,200
1,<environment.Job instance at 0x148f800ab1e0>,102,13,[8 2],157,222,235,65,217
1,<environment.Job instance at 0x148f800abf00>,103,18,[5 1],158,222,240,64,221
1,<environment.Job instance at 0x148f7ff7f230>,104,15,[6 1],159,235,250,76,232
1,<environment.Job instance at 0x148f78b24280>,105,3,[6 2],160,240,243,80,233
1,<environment.Job instance at 0x148f8331df50>,106,1,[6 2],161,243,244,82,235
1,<environment.Job instance at 0x148f78b24eb0>,107,17,[9 2],163,244,261,81,238
1,<environment.Job instance at 0x148f833065a0>,108,1,[7 1],164,261,262,97,238
1,<environment.Job instance at 0x148f80b1c780>,101,28,[5 1],156,250,278,94,249
1,<environment.Job instance at 0x148f767249b0>,111,3,[1 5],167,250,253,83,249
1,<environment.Job instance at 0x148f76700460>,112,3,[2 7],168,261,264,93,249
1,<environment.Job instance at 0x148f78898fa0>,113,13,[2 5],169,262,275,93,249
1,<environment.Job instance at 0x148f80948d20>,114,2,[2 8],170,264,266,94,249
1,<environment.Job instance at 0x148f78898050>,115,2,[5 1],171,262,264,91,249
1,<environment.Job instance at 0x148f800cf5a0>,116,1,[6 2],176,266,267,90,249
1,<environment.Job instance at 0x148f7ff692d0>,117,1,[1 9],177,253,254,76,250
1,<environment.Job instance at 0x148f766e5870>,118,3,[7 1],178,267,270,89,250
1,<environment.Job instance at 0x148f7ff690a0>,119,3,[7 2],179,270,273,91,250
1,<environment.Job instance at 0x148f78b0a320>,88,1,[ 1 12],136,286,287,150,286
1,<environment.Job instance at 0x148f80996cd0>,4,25,[8 1],9,9,34,0,9
1,<environment.Job instance at 0x148f80996910>,9,14,[9 2],16,34,48,18,19
1,<environment.Job instance at 0x148f809963c0>,10,1,[10  2],17,48,49,31,20
1,<environment.Job instance at 0x148f80996b90>,11,2,[7 2],18,20,22,2,20
1,<environment.Job instance at 0x148f80996230>,12,16,[1 9],19,22,38,3,20
1,<environment.Job instance at 0x148f78d27870>,13,3,[1 5],20,22,25,2,20
1,<environment.Job instance at 0x148f80996b40>,14,12,[2 9],22,38,50,16,22
1,<environment.Job instance at 0x148f78d27730>,16,13,[1 9],24,50,63,26,34
1,<environment.Job instance at 0x148f809965a0>,7,2,[10  2],13,49,51,36,35
1,<environment.Job instance at 0x148f78d279b0>,17,2,[1 8],25,63,65,38,36
1,<environment.Job instance at 0x148f756f64b0>,23,2,[6 2],33,51,53,18,39
1,<environment.Job instance at 0x148f756f65a0>,27,3,[2 7],39,63,66,24,43
1,<environment.Job instance at 0x148f756f7690>,34,3,[7 1],46,51,54,5,46
1,<environment.Job instance at 0x148f756f7dc0>,36,2,[1 9],49,66,68,17,49
1,<environment.Job instance at 0x148f756f7f50>,38,3,[5 2],52,53,56,1,53
1,<environment.Job instance at 0x148f756f5960>,40,1,[8 1],54,54,55,0,54
1,<environment.Job instance at 0x148f756f5d70>,41,1,[1 5],56,56,57,0,56
1,<environment.Job instance at 0x148f756f5050>,42,1,[10  1],58,58,59,0,58
1,<environment.Job instance at 0x148f756f59b0>,43,1,[5 2],59,59,60,0,59
1,<environment.Job instance at 0x148f756f58c0>,44,17,[10  1],60,65,82,5,60
1,<environment.Job instance at 0x148f756f5410>,45,25,[9 1],61,82,107,21,78
1,<environment.Job instance at 0x148f756f5370>,48,21,[2 5],65,79,100,14,79
1,<environment.Job instance at 0x148f75d6b5f0>,49,15,[5 2],66,100,115,34,86
1,<environment.Job instance at 0x148f75d6ba50>,54,2,[1 5],72,86,88,14,86
1,<environment.Job instance at 0x148f75d6b370>,55,16,[1 8],73,88,104,15,86
1,<environment.Job instance at 0x148f75d6b550>,56,14,[2 6],75,107,121,32,93
1,<environment.Job instance at 0x148f75d6b320>,57,1,[9 1],76,115,116,39,93
1,<environment.Job instance at 0x148f75d6b3c0>,58,17,[2 5],77,107,124,30,95
1,<environment.Job instance at 0x148f75ce95a0>,60,15,[9 2],80,116,131,36,102
1,<environment.Job instance at 0x148f75ce9730>,61,2,[5 2],81,107,109,26,102
1,<environment.Job instance at 0x148f75ce99b0>,62,2,[5 1],82,109,111,27,102
1,<environment.Job instance at 0x148f75ce9870>,63,1,[1 7],83,104,105,21,102
1,<environment.Job instance at 0x148f75ce94b0>,64,17,[9 1],86,131,148,45,119
1,<environment.Job instance at 0x148f75d03460>,66,1,[5 1],88,124,125,36,119
1,<environment.Job instance at 0x148f75d03370>,67,1,[2 6],90,121,122,31,119
1,<environment.Job instance at 0x148f75d03b40>,68,3,[2 6],91,125,128,34,119
1,<environment.Job instance at 0x148f75d03e60>,69,2,[9 1],92,148,150,56,121
1,<environment.Job instance at 0x148f75d035a0>,71,2,[7 2],95,150,152,55,123
1,<environment.Job instance at 0x148f75cdf4b0>,73,3,[5 1],97,128,131,31,123
1,<environment.Job instance at 0x148f75cdfcd0>,74,2,[ 1 10],98,128,130,30,123
1,<environment.Job instance at 0x148f75cdf500>,75,13,[2 6],99,131,144,32,123
1,<environment.Job instance at 0x148f75cdfd20>,78,17,[7 1],104,150,167,46,138
1,<environment.Job instance at 0x148f75cdfeb0>,79,17,[2 7],105,152,169,47,140
1,<environment.Job instance at 0x148f75cf5e10>,80,13,[2 8],106,167,180,61,151
1,<environment.Job instance at 0x148f75cf5fa0>,82,1,[8 2],108,169,170,61,151
1,<environment.Job instance at 0x148f75698690>,83,1,[5 2],109,152,153,43,151
1,<environment.Job instance at 0x148f78cd9550>,84,1,[7 1],110,170,171,60,151
1,<environment.Job instance at 0x148f75e408c0>,85,1,[1 8],111,151,152,40,151
1,<environment.Job instance at 0x148f757101e0>,86,2,[6 2],112,153,155,41,151
1,<environment.Job instance at 0x148f756ea370>,87,13,[2 9],113,180,193,67,164
1,<environment.Job instance at 0x148f75f5ad20>,92,1,[5 1],120,164,165,44,164
1,<environment.Job instance at 0x148f756ead70>,93,14,[2 9],121,193,207,72,178
1,<environment.Job instance at 0x148f75e22370>,98,3,[2 7],126,207,210,81,182
1,<environment.Job instance at 0x148f75667d70>,99,1,[5 1],127,183,184,56,183
1,<environment.Job instance at 0x148f78bcf9b0>,100,17,[1 8],128,207,224,79,195
1,<environment.Job instance at 0x148f7570a140>,101,3,[5 2],129,195,198,66,195
1,<environment.Job instance at 0x148f80931780>,102,2,[8 2],130,196,198,66,196
1,<environment.Job instance at 0x148f7565baa0>,103,3,[2 8],131,224,227,93,199
1,<environment.Job instance at 0x148f7565be60>,104,2,[2 5],132,199,201,67,199
1,<environment.Job instance at 0x148f7565fb40>,105,13,[7 2],134,210,223,76,199
1,<environment.Job instance at 0x148f7565fc30>,106,22,[8 1],135,223,245,88,216
1,<environment.Job instance at 0x148f7565f9b0>,107,15,[ 2 10],136,227,242,91,216
1,<environment.Job instance at 0x148f79de37d0>,108,3,[10  2],137,245,248,108,219
1,<environment.Job instance at 0x148f79de35f0>,109,3,[2 5],139,219,222,80,219
1,<environment.Job instance at 0x148f75ce4eb0>,110,17,[1 7],140,242,259,102,230
1,<environment.Job instance at 0x148f75ce43c0>,111,3,[7 2],141,248,251,107,230
1,<environment.Job instance at 0x148f756cb280>,112,2,[2 9],142,259,261,117,232
1,<environment.Job instance at 0x148f7666a4b0>,113,2,[2 7],143,242,244,99,232
1,<environment.Job instance at 0x148f7666ad70>,114,18,[6 1],145,248,266,103,237
1,<environment.Job instance at 0x148f756cb550>,115,15,[2 9],146,261,276,115,247
1,<environment.Job instance at 0x148f756cb460>,116,2,[10  1],147,266,268,119,248
1,<environment.Job instance at 0x148f756cb780>,117,22,[2 6],149,268,290,119,261
1,<environment.Job instance at 0x148f756bf8c0>,118,1,[ 1 14],150,290,291,140,262
1,<environment.Job instance at 0x148f78bd8140>,97,1,[13  1],125,278,279,153,278
1,<environment.Job instance at 0x148f756bfaf0>,119,16,[6 2],151,291,307,140,278
1,<environment.Job instance at 0x148f79ca4140>,121,2,[9 1],154,279,281,125,278
1,<environment.Job instance at 0x148f75662cd0>,122,19,[1 5],156,291,310,135,281
1,<environment.Job instance at 0x148f756ce050>,123,1,[8 1],157,281,282,124,281
1,<environment.Job instance at 0x148f756ce550>,124,1,[5 1],159,281,282,122,281
1,<environment.Job instance at 0x148f756ce640>,125,2,[7 2],160,282,284,122,281
1,<environment.Job instance at 0x148f756ce730>,126,3,[ 2 14],162,310,313,148,284
1,<environment.Job instance at 0x148f756ce0f0>,127,3,[1 8],163,284,287,121,284
1,<environment.Job instance at 0x148f75f84280>,129,2,[7 2],166,287,289,121,284
1,<environment.Job instance at 0x148f75f841e0>,131,2,[6 1],169,284,286,115,284
1,<environment.Job instance at 0x148f75f84cd0>,132,17,[1 7],170,291,308,121,284
1,<environment.Job instance at 0x148f756c7eb0>,133,15,[10  2],174,313,328,139,299
1,<environment.Job instance at 0x148f756c74b0>,134,2,[7 2],175,307,309,132,299
1,<environment.Job instance at 0x148f756c7370>,135,1,[1 5],177,308,309,131,299
1,<environment.Job instance at 0x148f756c75a0>,136,14,[5 2],179,313,327,134,299
1,<environment.Job instance at 0x148f75cdf640>,76,17,[12  1],100,332,349,232,332
1,<environment.Job instance at 0x148f80996140>,8,3,[1 7],14,381,384,367,381
1,<environment.Job instance at 0x148fc823de60>,4,1,[2 9],6,17,18,11,17
1,<environment.Job instance at 0x148fc823da00>,6,1,[6 1],10,35,36,25,35
1,<environment.Job instance at 0x148fc823da50>,8,2,[2 7],13,36,38,23,36
1,<environment.Job instance at 0x148fc823db90>,9,3,[2 5],14,38,41,24,38
1,<environment.Job instance at 0x148fc823d0f0>,5,2,[10  2],7,41,43,34,41
1,<environment.Job instance at 0x148fc823d190>,11,12,[5 2],17,48,60,31,48
1,<environment.Job instance at 0x148fc823d640>,14,2,[ 2 10],22,48,50,26,48
1,<environment.Job instance at 0x148fc823d1e0>,15,3,[9 2],23,50,53,27,48
1,<environment.Job instance at 0x148fc823dd20>,16,1,[1 9],24,50,51,26,48
1,<environment.Job instance at 0x148fc823d9b0>,17,1,[8 2],27,48,49,21,48
1,<environment.Job instance at 0x148f77c515a0>,18,22,[2 5],29,53,75,24,50
1,<environment.Job instance at 0x148f77c51140>,19,1,[9 2],30,60,61,30,50
1,<environment.Job instance at 0x148f77c518c0>,20,1,[10  1],31,61,62,30,53
1,<environment.Job instance at 0x148fc823dd70>,12,1,[10  1],18,62,63,44,59
1,<environment.Job instance at 0x148f77c516e0>,21,26,[ 2 13],33,76,102,43,76
1,<environment.Job instance at 0x148f77c51550>,24,2,[12  1],37,76,78,39,76
1,<environment.Job instance at 0x148f77c51820>,25,15,[2 5],39,102,117,63,88
1,<environment.Job instance at 0x148f77c51cd0>,26,14,[7 1],40,88,102,48,88
1,<environment.Job instance at 0x148f77c51e10>,27,2,[7 1],41,102,104,61,88
1,<environment.Job instance at 0x148f79e2ee60>,28,1,[8 1],42,104,105,62,88
1,<environment.Job instance at 0x148f79e2ea00>,29,2,[10  2],43,105,107,62,89
1,<environment.Job instance at 0x148f79e2e140>,31,3,[9 2],45,107,110,62,89
1,<environment.Job instance at 0x148f79e2e460>,32,1,[6 2],47,102,103,55,89
1,<environment.Job instance at 0x148f79e2edc0>,33,2,[ 1 10],48,110,112,62,89
1,<environment.Job instance at 0x148f79e2eb90>,34,2,[2 7],49,103,105,54,89
1,<environment.Job instance at 0x148f79e2e370>,35,3,[9 2],51,112,115,61,90
1,<environment.Job instance at 0x148f79e2ecd0>,36,3,[10  1],52,115,118,63,90
1,<environment.Job instance at 0x148f79e2e5a0>,37,17,[1 8],58,112,129,54,100
1,<environment.Job instance at 0x148f79e2e9b0>,38,2,[8 2],60,118,120,58,100
1,<environment.Job instance at 0x148f75c1dc80>,39,17,[1 6],61,120,137,59,108
1,<environment.Job instance at 0x148f75c1dcd0>,40,3,[1 9],62,129,132,67,108
1,<environment.Job instance at 0x148f75c1daa0>,41,13,[2 9],66,132,145,66,116
1,<environment.Job instance at 0x148f75c1d0f0>,43,3,[2 8],68,145,148,77,119
1,<environment.Job instance at 0x148f75c1dc30>,44,1,[1 8],70,148,149,78,120
1,<environment.Job instance at 0x148f75c1de10>,45,2,[2 9],71,149,151,78,122
1,<environment.Job instance at 0x148f75c1d230>,46,2,[8 2],72,137,139,65,122
1,<environment.Job instance at 0x148f75c1d1e0>,47,15,[10  1],73,139,154,66,126
1,<environment.Job instance at 0x148f75c1d8c0>,42,2,[ 1 11],67,151,153,84,136
1,<environment.Job instance at 0x148f75c1d9b0>,48,28,[5 2],74,153,181,79,152
1,<environment.Job instance at 0x148f75f88280>,50,2,[ 1 10],76,154,156,78,153
1,<environment.Job instance at 0x148f75f88e10>,51,3,[ 2 14],77,181,184,104,156
1,<environment.Job instance at 0x148f75f88c30>,52,1,[5 1],78,157,158,79,157
1,<environment.Job instance at 0x148f75f88820>,53,2,[2 6],79,157,159,78,157
1,<environment.Job instance at 0x148f75f88be0>,54,1,[8 1],80,158,159,78,158
1,<environment.Job instance at 0x148f75f889b0>,55,1,[7 2],82,159,160,77,159
1,<environment.Job instance at 0x148f75f88f50>,56,12,[6 2],83,160,172,77,160
1,<environment.Job instance at 0x148f75f88690>,57,3,[1 7],84,160,163,76,160
1,<environment.Job instance at 0x148f75f88a50>,58,2,[6 2],86,172,174,86,160
1,<environment.Job instance at 0x148f75f88730>,59,3,[9 1],87,174,177,87,160
1,<environment.Job instance at 0x148f75f88870>,60,14,[7 1],88,177,191,89,162
1,<environment.Job instance at 0x148f75f88460>,61,14,[ 2 10],89,184,198,95,170
1,<environment.Job instance at 0x148f75dbfaa0>,62,14,[9 2],90,191,205,101,176
1,<environment.Job instance at 0x148f75658690>,63,1,[1 9],91,177,178,86,177
1,<environment.Job instance at 0x148f75f88e60>,49,1,[8 2],75,205,206,130,183
1,<environment.Job instance at 0x148f756a12d0>,64,16,[1 8],92,198,214,106,186
1,<environment.Job instance at 0x148f7570a910>,66,3,[5 2],94,188,191,94,188
1,<environment.Job instance at 0x148f7570a870>,67,16,[7 1],95,206,222,111,195
1,<environment.Job instance at 0x148f7570a410>,68,2,[8 2],96,214,216,118,196
1,<environment.Job instance at 0x148f7570a9b0>,69,1,[9 2],97,222,223,125,196
1,<environment.Job instance at 0x148f7570ab40>,70,2,[1 7],98,216,218,118,196
1,<environment.Job instance at 0x148f7570a2d0>,71,26,[1 6],101,216,242,115,213
1,<environment.Job instance at 0x148f7570ab90>,72,16,[2 9],102,223,239,121,214
1,<environment.Job instance at 0x148f75cf79b0>,0,15,[14  1],1,239,254,238,230
1,<environment.Job instance at 0x148f7570a320>,73,23,[2 6],104,254,277,150,248
1,<environment.Job instance at 0x148f7a1db140>,81,1,[9 1],115,254,255,139,248
1,<environment.Job instance at 0x148f7a1dbfa0>,82,3,[5 1],116,255,258,139,248
1,<environment.Job instance at 0x148f757eefa0>,83,3,[1 6],117,248,251,131,248
1,<environment.Job instance at 0x148f7a148050>,84,3,[12  1],119,258,261,139,248
1,<environment.Job instance at 0x148f7a20daa0>,85,20,[8 1],120,261,281,141,252
1,<environment.Job instance at 0x148f7e820cd0>,86,2,[7 1],121,255,257,134,252
1,<environment.Job instance at 0x148f75a94370>,87,3,[9 1],126,281,284,155,255
1,<environment.Job instance at 0x148f75a945a0>,88,13,[2 5],128,261,274,133,255
1,<environment.Job instance at 0x148f809a6140>,89,2,[1 8],129,257,259,128,255
1,<environment.Job instance at 0x148f75a94b90>,90,1,[2 6],130,274,275,144,255
1,<environment.Job instance at 0x148f80f77960>,91,2,[9 2],133,284,286,151,257
1,<environment.Job instance at 0x148f75c57460>,93,3,[11  1],139,286,289,147,260
1,<environment.Job instance at 0x148f839db8c0>,94,13,[ 2 11],140,277,290,137,261
1,<environment.Job instance at 0x148f7fe8e820>,95,3,[1 8],141,290,293,149,264
1,<environment.Job instance at 0x148f77c1db40>,96,1,[8 1],143,289,290,146,264
1,<environment.Job instance at 0x148f756a8820>,97,16,[9 1],144,290,306,146,277
1,<environment.Job instance at 0x148f75a08fa0>,100,2,[5 2],153,277,279,124,277
1,<environment.Job instance at 0x148f7d3ae0a0>,102,2,[5 2],156,279,281,123,277
1,<environment.Job instance at 0x148f7d3aec30>,103,1,[ 2 10],157,293,294,136,277
1,<environment.Job instance at 0x148f78859780>,104,1,[6 2],158,294,295,136,277
1,<environment.Job instance at 0x148f788596e0>,105,2,[ 1 12],159,295,297,136,277
1,<environment.Job instance at 0x148f78859960>,106,16,[2 9],160,297,313,137,284
1,<environment.Job instance at 0x148f78859af0>,107,2,[5 2],161,289,291,128,284
1,<environment.Job instance at 0x148f78859140>,108,21,[5 1],162,306,327,144,298
1,<environment.Job instance at 0x148f75a2db40>,119,22,[ 2 10],177,313,335,136,308
1,<environment.Job instance at 0x148f754cb050>,74,23,[9 1],106,334,357,228,334
1,<environment.Job instance at 0x148f80a8d820>,18,21,[6 1],30,30,51,0,30
1,<environment.Job instance at 0x148f758de960>,23,1,[1 7],38,62,63,24,62
1,<environment.Job instance at 0x148f759c11e0>,25,12,[2 8],41,67,79,26,67
1,<environment.Job instance at 0x148f759c1d70>,26,27,[5 2],42,68,95,26,68
1,<environment.Job instance at 0x148f759c1be0>,27,27,[1 9],43,79,106,36,77
1,<environment.Job instance at 0x148f76002d70>,28,1,[9 1],44,79,80,35,79
1,<environment.Job instance at 0x148f76002eb0>,29,1,[ 2 10],45,106,107,61,79
1,<environment.Job instance at 0x148f758de8c0>,21,1,[ 2 10],34,107,108,73,88
1,<environment.Job instance at 0x148f7588f640>,30,12,[2 8],48,108,120,60,91
1,<environment.Job instance at 0x148f760029b0>,32,1,[8 2],52,100,101,48,100
1,<environment.Job instance at 0x148f76002640>,33,18,[9 1],53,101,119,48,100
1,<environment.Job instance at 0x148f76002a50>,34,2,[8 1],55,119,121,64,100
1,<environment.Job instance at 0x148f7a0f8eb0>,35,13,[8 2],56,121,134,65,105
1,<environment.Job instance at 0x148f7a0f8780>,36,1,[7 1],57,120,121,63,106
1,<environment.Job instance at 0x148f7a0f8140>,37,1,[2 6],59,108,109,49,107
1,<environment.Job instance at 0x148f7a0f8af0>,38,3,[1 5],60,109,112,49,109
1,<environment.Job instance at 0x148f7a0f8b40>,39,3,[8 2],63,134,137,71,109
1,<environment.Job instance at 0x148f7a0f86e0>,40,1,[1 7],64,121,122,57,109
1,<environment.Job instance at 0x148f7a0f83c0>,41,3,[2 8],65,122,125,57,114
1,<environment.Job instance at 0x148f7a0f8370>,42,2,[7 1],66,125,127,59,114
1,<environment.Job instance at 0x148f7a0f8460>,43,28,[1 6],67,127,155,60,126
1,<environment.Job instance at 0x148f80aa5a00>,44,1,[1 7],70,127,128,57,126
1,<environment.Job instance at 0x148f809a3d70>,45,21,[9 1],71,137,158,66,129
1,<environment.Job instance at 0x148f809a3d20>,46,16,[1 6],72,131,147,59,131
1,<environment.Job instance at 0x148f809a3280>,47,15,[10  2],73,158,173,85,144
1,<environment.Job instance at 0x148f7fe69be0>,49,2,[ 2 10],76,155,157,79,144
1,<environment.Job instance at 0x148f7fe695a0>,50,3,[5 1],77,147,150,70,147
1,<environment.Job instance at 0x148f7fe69eb0>,51,1,[1 9],79,157,158,78,150
1,<environment.Job instance at 0x148f7fe69140>,52,1,[2 7],80,152,153,72,152
1,<environment.Job instance at 0x148f7fe69550>,53,2,[1 8],81,153,155,72,152
1,<environment.Job instance at 0x148f7fe69500>,54,1,[1 9],83,158,159,75,153
1,<environment.Job instance at 0x148f7fe692d0>,55,2,[ 2 10],85,159,161,74,153
1,<environment.Job instance at 0x148f79cf28c0>,56,3,[9 1],86,173,176,87,153
1,<environment.Job instance at 0x148f7fe69f00>,48,2,[5 1],75,161,163,86,159
1,<environment.Job instance at 0x148f79cf27d0>,57,12,[9 1],87,176,188,89,160
1,<environment.Job instance at 0x148f7583f910>,19,3,[ 2 13],32,163,166,131,161
1,<environment.Job instance at 0x148f75968820>,60,3,[ 2 10],91,166,169,75,161
1,<environment.Job instance at 0x148f75968b90>,63,1,[2 8],95,169,170,74,161
1,<environment.Job instance at 0x148f75968280>,66,1,[1 8],100,170,171,70,161
1,<environment.Job instance at 0x148f75968be0>,67,1,[2 9],101,171,172,70,161
1,<environment.Job instance at 0x148f78d8d1e0>,71,1,[10  1],106,188,189,82,161
1,<environment.Job instance at 0x148f7fe62e60>,72,3,[2 5],108,172,175,64,161
1,<environment.Job instance at 0x148f80b2afa0>,73,2,[6 2],109,175,177,66,161
1,<environment.Job instance at 0x148f78d8df50>,74,18,[2 9],110,177,195,67,167
1,<environment.Job instance at 0x148f80a9cf50>,77,1,[10  1],113,189,190,76,167
1,<environment.Job instance at 0x148f80a9c820>,78,17,[5 1],114,190,207,76,178
1,<environment.Job instance at 0x148f758a67d0>,80,3,[9 2],116,195,198,79,178
1,<environment.Job instance at 0x148f758a6280>,81,2,[1 8],117,195,197,78,182
1,<environment.Job instance at 0x148f759dfd20>,86,21,[9 2],122,198,219,76,191
1,<environment.Job instance at 0x148f75a31550>,82,26,[8 1],118,219,245,101,216
1,<environment.Job instance at 0x148f7a0efc30>,92,17,[ 2 10],129,216,233,87,216
1,<environment.Job instance at 0x148f7a0df320>,93,1,[1 8],132,233,234,101,216
1,<environment.Job instance at 0x148f7a0df4b0>,95,1,[6 1],135,233,234,98,218
1,<environment.Job instance at 0x148f79cf2410>,58,20,[ 2 11],88,243,263,155,243
1,<environment.Job instance at 0x148f758d60a0>,103,2,[11  2],146,253,255,107,253
1,<environment.Job instance at 0x148f758d6aa0>,104,16,[2 7],147,263,279,116,258
1,<environment.Job instance at 0x148f7a0df870>,96,28,[14  1],138,279,307,141,278
1,<environment.Job instance at 0x148f79e4cf50>,119,14,[1 9],166,279,293,113,278
1,<environment.Job instance at 0x148f75935b90>,121,18,[10  2],168,307,325,139,298
1,<environment.Job instance at 0x148f759352d0>,128,3,[1 5],178,298,301,120,298
1,<environment.Job instance at 0x148f75935280>,129,1,[10  1],179,325,326,146,298
1,<environment.Job instance at 0x148f75fed550>,113,1,[2 7],158,317,318,159,317
1,<environment.Job instance at 0x148f79e4c050>,118,2,[12  1],165,360,362,195,360
1,<environment.Job instance at 0x148f75fa50f0>,22,2,[2 8],35,560,562,525,560
1,<environment.Job instance at 0x148f7ff69500>,22,3,[2 7],30,30,33,0,30
1,<environment.Job instance at 0x148f767227d0>,12,1,[ 2 13],18,35,36,17,35
1,<environment.Job instance at 0x148f7a260280>,27,1,[7 2],42,42,43,0,42
1,<environment.Job instance at 0x148f78d8d2d0>,30,3,[2 6],45,45,48,0,45
1,<environment.Job instance at 0x148f766534b0>,31,2,[7 1],47,47,49,0,47
1,<environment.Job instance at 0x148f7a265fa0>,33,26,[2 5],49,49,75,0,49
1,<environment.Job instance at 0x148f83325dc0>,38,1,[10  2],59,63,64,4,63
1,<environment.Job instance at 0x148f83325690>,41,3,[7 2],63,64,67,1,63
1,<environment.Job instance at 0x148f7bb16cd0>,43,18,[1 7],66,66,84,0,66
1,<environment.Job instance at 0x148f833435f0>,44,3,[10  1],68,68,71,0,68
1,<environment.Job instance at 0x148f82a1a370>,45,2,[ 2 13],69,84,86,15,69
1,<environment.Job instance at 0x148f82a1aaa0>,46,3,[7 2],71,71,74,0,71
1,<environment.Job instance at 0x148f79d40f00>,42,1,[2 8],64,78,79,14,78
1,<environment.Job instance at 0x148f7947db40>,47,28,[2 5],73,86,114,13,85
1,<environment.Job instance at 0x148f7947deb0>,51,16,[ 1 11],77,114,130,37,101
1,<environment.Job instance at 0x148f75c13e10>,55,24,[2 9],82,130,154,48,125
1,<environment.Job instance at 0x148f75c137d0>,67,1,[9 1],101,125,126,24,125
1,<environment.Job instance at 0x148f75c13cd0>,68,1,[1 8],102,154,155,52,126
1,<environment.Job instance at 0x148f75456230>,70,3,[2 7],104,154,157,50,130
1,<environment.Job instance at 0x148f82a5ba50>,82,1,[7 2],121,131,132,10,131
1,<environment.Job instance at 0x148f82a5b4b0>,83,3,[9 1],122,132,135,10,132
1,<environment.Job instance at 0x148f82a5b0f0>,84,15,[6 1],123,135,150,12,133
1,<environment.Job instance at 0x148f82a5bb90>,85,1,[2 5],124,133,134,9,133
1,<environment.Job instance at 0x148f82a5b780>,86,2,[1 5],126,134,136,8,133
1,<environment.Job instance at 0x148f788cf460>,87,3,[2 8],127,155,158,28,133
1,<environment.Job instance at 0x148f7947d730>,54,2,[2 8],81,158,160,77,142
1,<environment.Job instance at 0x148f788cfcd0>,88,17,[10  1],128,157,174,29,145
1,<environment.Job instance at 0x148f788cfc80>,90,1,[8 2],130,150,151,20,145
1,<environment.Job instance at 0x148f788cfd20>,91,2,[2 6],131,151,153,20,145
1,<environment.Job instance at 0x148f788cfa00>,92,3,[1 9],132,160,163,28,145
1,<environment.Job instance at 0x148f7a17a8c0>,93,2,[1 7],134,163,165,29,145
1,<environment.Job instance at 0x148f7a17a320>,94,3,[2 9],135,165,168,30,145
1,<environment.Job instance at 0x148f7a17ac80>,95,2,[6 1],136,145,147,9,145
1,<environment.Job instance at 0x148f7a17ae60>,96,1,[5 1],137,147,148,10,145
1,<environment.Job instance at 0x148f7a17aaf0>,97,16,[2 6],138,168,184,30,155
1,<environment.Job instance at 0x148f78b71190>,98,2,[7 1],140,174,176,34,155
1,<environment.Job instance at 0x148f78b71eb0>,99,14,[5 2],144,174,188,30,159
1,<environment.Job instance at 0x148f78b71af0>,100,1,[ 1 10],145,184,185,39,159
1,<environment.Job instance at 0x148f75919d70>,101,3,[1 9],146,185,188,39,159
1,<environment.Job instance at 0x148f835ccdc0>,102,2,[9 2],148,184,186,36,159
1,<environment.Job instance at 0x148f82aa0910>,103,3,[2 7],149,168,171,19,159
1,<environment.Job instance at 0x148f82aa0a00>,104,21,[10  2],152,188,209,36,180
1,<environment.Job instance at 0x148f82aa0f00>,105,22,[2 9],153,188,210,35,182
1,<environment.Job instance at 0x148f82aa0780>,106,3,[1 7],155,210,213,55,184
1,<environment.Job instance at 0x148f82aa0640>,107,14,[2 5],157,209,223,52,194
1,<environment.Job instance at 0x148f7696cb40>,109,2,[6 1],163,209,211,46,194
1,<environment.Job instance at 0x148f7696c230>,110,1,[ 1 12],164,223,224,59,195
1,<environment.Job instance at 0x148f7696c5a0>,111,1,[10  2],165,211,212,46,195
1,<environment.Job instance at 0x148f7696cbe0>,112,3,[2 9],166,213,216,47,195
1,<environment.Job instance at 0x148f7696c640>,113,13,[2 9],167,224,237,57,208
1,<environment.Job instance at 0x148f7696ceb0>,114,12,[5 2],169,216,228,47,208
1,<environment.Job instance at 0x148f7696ce60>,115,1,[9 1],170,212,213,42,208
1,<environment.Job instance at 0x148f7696c6e0>,116,20,[9 1],171,228,248,57,219
1,<environment.Job instance at 0x148f7696c5f0>,117,3,[5 1],173,219,222,46,219
1,<environment.Job instance at 0x148f7696c550>,118,2,[13  1],174,248,250,74,221
1,<environment.Job instance at 0x148f7696c500>,119,1,[12  2],175,250,251,75,222
1,<environment.Job instance at 0x148f7696c4b0>,120,1,[5 1],176,222,223,46,222
1,<environment.Job instance at 0x148f7696cd20>,121,3,[8 1],177,223,226,46,222
1,<environment.Job instance at 0x148f7696c410>,122,2,[6 2],178,226,228,48,222
1,<environment.Job instance at 0x148f75dcb050>,123,3,[9 2],179,251,254,72,225
1,<environment.Job instance at 0x148f82a5b870>,81,2,[ 1 14],120,237,239,117,229
1,<environment.Job instance at 0x148f7a260550>,26,13,[7 2],40,254,267,214,250
1,<environment.Job instance at 0x148f82aa03c0>,108,13,[1 5],161,265,278,104,265
1,<environment.Job instance at 0x148f7550f910>,16,20,[7 2],29,32,52,3,32
1,<environment.Job instance at 0x148f78b84aa0>,22,3,[1 6],37,37,40,0,37
1,<environment.Job instance at 0x148f80ab3c80>,25,14,[ 2 10],40,40,54,0,40
1,<environment.Job instance at 0x148f79eb5be0>,27,12,[ 1 14],42,54,66,12,43
1,<environment.Job instance at 0x148f79eb5c80>,28,1,[5 2],43,43,44,0,43
1,<environment.Job instance at 0x148f79eb5aa0>,29,12,[2 9],44,66,78,22,49
1,<environment.Job instance at 0x148f832e0230>,30,1,[11  1],53,56,57,3,56
1,<environment.Job instance at 0x148f832e00a0>,31,2,[5 1],54,57,59,3,57
1,<environment.Job instance at 0x148f832e0780>,32,2,[1 6],55,66,68,11,59
1,<environment.Job instance at 0x148f78dacf50>,33,2,[1 8],56,78,80,22,59
1,<environment.Job instance at 0x148f78dac460>,34,1,[6 1],57,59,60,2,59
1,<environment.Job instance at 0x148f78dac640>,35,18,[10  2],59,68,86,9,59
1,<environment.Job instance at 0x148f78dac7d0>,36,1,[6 1],60,61,62,1,61
1,<environment.Job instance at 0x148f757aa730>,38,1,[1 5],62,78,79,16,62
1,<environment.Job instance at 0x148f75c93460>,39,16,[ 2 10],63,80,96,17,67
1,<environment.Job instance at 0x148f75c936e0>,40,3,[5 1],64,86,89,22,68
1,<environment.Job instance at 0x148f75c93b40>,41,3,[1 7],65,96,99,31,70
1,<environment.Job instance at 0x148f757aacd0>,37,1,[2 9],61,99,100,38,71
1,<environment.Job instance at 0x148f75c93370>,42,3,[10  2],67,89,92,22,71
1,<environment.Job instance at 0x148f80adc820>,44,2,[9 2],71,92,94,21,71
1,<environment.Job instance at 0x148f7588f550>,45,2,[2 7],75,96,98,21,75
1,<environment.Job instance at 0x148f7588fb40>,46,1,[8 1],76,86,87,10,76
1,<environment.Job instance at 0x148f7588f960>,47,15,[7 1],77,94,109,17,81
1,<environment.Job instance at 0x148f7588f280>,48,1,[1 8],78,100,101,22,81
1,<environment.Job instance at 0x148f75b34b40>,49,12,[7 2],79,100,112,21,83
1,<environment.Job instance at 0x148f7588fbe0>,50,13,[1 9],80,101,114,21,85
1,<environment.Job instance at 0x148f7588feb0>,51,2,[7 2],81,87,89,6,85
1,<environment.Job instance at 0x148f754c95a0>,52,1,[ 2 10],82,114,115,32,86
1,<environment.Job instance at 0x148f754c95f0>,54,17,[5 2],85,109,126,24,97
1,<environment.Job instance at 0x148f754c9a00>,55,3,[10  1],87,115,118,28,97
1,<environment.Job instance at 0x148f754c9cd0>,56,1,[9 2],88,112,113,24,97
1,<environment.Job instance at 0x148f800800f0>,57,17,[8 1],89,118,135,29,106
1,<environment.Job instance at 0x148f80080820>,58,2,[1 5],90,118,120,28,106
1,<environment.Job instance at 0x148f75c80aa0>,59,13,[1 9],91,120,133,29,106
1,<environment.Job instance at 0x148f7e812eb0>,60,2,[10  2],92,135,137,43,108
1,<environment.Job instance at 0x148f7e812410>,61,15,[9 1],94,137,152,43,123
1,<environment.Job instance at 0x148f75b83f50>,62,1,[1 5],95,126,127,31,124
1,<environment.Job instance at 0x148f76649c30>,64,2,[1 7],99,133,135,34,124
1,<environment.Job instance at 0x148f78821fa0>,65,3,[1 8],100,135,138,35,124
1,<environment.Job instance at 0x148f79eb5a00>,26,1,[ 1 13],41,138,139,97,125
1,<environment.Job instance at 0x148f8005ff50>,66,19,[5 2],101,139,158,38,130
1,<environment.Job instance at 0x148f78821f00>,68,3,[1 7],103,139,142,36,130
1,<environment.Job instance at 0x148f78821b40>,69,2,[6 1],104,130,132,26,130
1,<environment.Job instance at 0x148f78dcd320>,70,3,[7 2],105,152,155,47,130
1,<environment.Job instance at 0x148f80067230>,73,1,[10  1],108,155,156,47,130
1,<environment.Job instance at 0x148f8008c0f0>,74,2,[8 2],110,156,158,46,130
1,<environment.Job instance at 0x148f8008c140>,75,1,[1 6],111,133,134,22,130
1,<environment.Job instance at 0x148f82a1a5a0>,76,3,[6 1],112,158,161,46,132
1,<environment.Job instance at 0x148f82a1a190>,77,16,[1 5],113,156,172,43,145
1,<environment.Job instance at 0x148f7663beb0>,81,3,[1 8],118,146,149,28,146
1,<environment.Job instance at 0x148f78b34690>,82,2,[2 5],120,152,154,32,146
1,<environment.Job instance at 0x148f809e2a50>,83,3,[1 9],121,149,152,28,146
1,<environment.Job instance at 0x148f809e23c0>,84,15,[9 1],122,161,176,39,147
1,<environment.Job instance at 0x148f809e28c0>,85,12,[6 1],123,172,184,49,155
1,<environment.Job instance at 0x148f7a15d370>,86,13,[8 1],124,176,189,52,161
1,<environment.Job instance at 0x148f75ee2960>,87,3,[2 8],125,162,165,37,162
1,<environment.Job instance at 0x148f75ee2b40>,88,2,[1 7],126,165,167,39,164
1,<environment.Job instance at 0x148f7a2197d0>,89,2,[1 6],127,167,169,40,167
1,<environment.Job instance at 0x148f75ee2370>,90,14,[ 2 10],128,184,198,56,169
1,<environment.Job instance at 0x148f75a084b0>,91,1,[2 7],130,169,170,39,169
1,<environment.Job instance at 0x148f79de7be0>,92,3,[8 2],131,189,192,58,169
1,<environment.Job instance at 0x148f786ef460>,93,3,[ 2 10],132,198,201,66,172
1,<environment.Job instance at 0x148f7561f9b0>,94,2,[9 1],134,192,194,58,172
1,<environment.Job instance at 0x148f7561faa0>,95,1,[2 5],135,194,195,59,173
1,<environment.Job instance at 0x148f7561fc80>,96,3,[1 8],137,176,179,39,175
1,<environment.Job instance at 0x148f7561faf0>,97,2,[2 8],140,201,203,61,176
1,<environment.Job instance at 0x148f7561f0f0>,98,17,[1 8],142,203,220,61,194
1,<environment.Job instance at 0x148f7561fb90>,99,15,[10  1],143,195,210,52,194
1,<environment.Job instance at 0x148f7561fe60>,100,3,[1 8],145,220,223,75,194
1,<environment.Job instance at 0x148f7561f870>,101,12,[1 7],146,210,222,64,194
1,<environment.Job instance at 0x148f79448780>,102,3,[8 1],147,222,225,75,196
1,<environment.Job instance at 0x148f794480f0>,103,3,[10  1],148,225,228,77,200
1,<environment.Job instance at 0x148f79448190>,104,3,[1 8],149,223,226,74,202
1,<environment.Job instance at 0x148f75869d70>,105,2,[2 9],150,226,228,76,202
1,<environment.Job instance at 0x148f758692d0>,106,2,[8 2],151,228,230,77,202
1,<environment.Job instance at 0x148f75869410>,107,2,[8 1],152,230,232,78,203
1,<environment.Job instance at 0x148f75869cd0>,108,16,[7 2],154,228,244,74,217
1,<environment.Job instance at 0x148f79d14960>,109,1,[ 2 10],155,232,233,77,218
1,<environment.Job instance at 0x148f79d14460>,110,3,[ 2 10],157,233,236,76,218
1,<environment.Job instance at 0x148f79d14e10>,111,12,[ 2 11],158,236,248,78,219
1,<environment.Job instance at 0x148f79d14500>,112,13,[1 7],160,248,261,88,237
1,<environment.Job instance at 0x148f79d14b90>,113,16,[5 1],161,237,253,76,237
1,<environment.Job instance at 0x148f79d14eb0>,114,3,[2 5],163,248,251,85,238
1,<environment.Job instance at 0x148f79d140a0>,115,13,[1 5],164,251,264,87,239
1,<environment.Job instance at 0x148f79d14910>,116,15,[5 1],166,244,259,78,239
1,<environment.Job instance at 0x148f79d14aa0>,117,23,[2 5],167,261,284,94,259
1,<environment.Job instance at 0x148f7e7f67d0>,118,1,[6 1],168,259,260,91,259
1,<environment.Job instance at 0x148f7e7f6690>,119,18,[8 2],169,263,281,94,263
1,<environment.Job instance at 0x148f7e7f6050>,120,16,[2 9],170,281,297,111,268
1,<environment.Job instance at 0x148f78be78c0>,121,3,[2 6],171,268,271,97,268
1,<environment.Job instance at 0x148f78be7460>,122,3,[2 6],172,271,274,99,268
1,<environment.Job instance at 0x148f79ea95a0>,123,1,[5 2],173,274,275,101,268
1,<environment.Job instance at 0x148f78be7190>,124,3,[7 1],174,281,284,107,268
1,<environment.Job instance at 0x148f832c0f00>,125,2,[2 6],175,275,277,100,274
1,<environment.Job instance at 0x148f832c0780>,126,3,[2 7],177,277,280,100,277
1,<environment.Job instance at 0x148f832c02d0>,127,18,[1 6],178,284,302,106,278
1,<environment.Job instance at 0x148f7663bd70>,80,17,[12  1],117,459,476,342,459
1,<environment.Job instance at 0x148f754e3e10>,19,3,[ 2 10],32,564,567,532,564
1,<environment.Job instance at 0x148f75ee16e0>,3,3,[2 5],5,28,31,23,28
1,<environment.Job instance at 0x148f7fe754b0>,6,2,[9 1],9,37,39,28,37
1,<environment.Job instance at 0x148f80b0e050>,1,17,[11  2],2,301,318,299,301
1,<environment.Job instance at 0x148f7fe755f0>,5,16,[2 8],8,301,317,293,301
1,<environment.Job instance at 0x148f7589fe60>,11,3,[6 2],16,318,321,302,301
1,<environment.Job instance at 0x148f7589f460>,12,18,[ 1 14],17,321,339,304,310
1,<environment.Job instance at 0x148f7589f5f0>,14,3,[10  1],19,321,324,302,310
1,<environment.Job instance at 0x148f7589feb0>,15,1,[6 1],20,318,319,298,310
1,<environment.Job instance at 0x148f7589f9b0>,16,18,[1 9],21,339,357,318,328
1,<environment.Job instance at 0x148f757df370>,26,2,[10  1],34,328,330,294,328
1,<environment.Job instance at 0x148f757df230>,27,1,[ 1 10],37,357,358,320,329
1,<environment.Job instance at 0x148f757f96e0>,28,1,[5 2],38,339,340,301,329
1,<environment.Job instance at 0x148f78750fa0>,29,1,[8 1],39,330,331,291,330
1,<environment.Job instance at 0x148f75aea500>,30,14,[1 6],41,340,354,299,330
1,<environment.Job instance at 0x148f835f6190>,31,12,[1 7],44,358,370,314,341
1,<environment.Job instance at 0x148f835f6640>,35,3,[8 2],51,354,357,303,342
1,<environment.Job instance at 0x148f835f6820>,36,2,[2 5],54,357,359,303,344
1,<environment.Job instance at 0x148f75b49500>,37,19,[ 2 14],55,370,389,315,369
1,<environment.Job instance at 0x148f75dff7d0>,50,3,[2 9],72,389,392,317,370
1,<environment.Job instance at 0x148f75dffc30>,55,1,[10  2],79,389,390,310,370
1,<environment.Job instance at 0x148f75a31640>,56,2,[7 1],80,370,372,290,370
1,<environment.Job instance at 0x148f78825550>,57,2,[10  1],81,372,374,291,371
1,<environment.Job instance at 0x148f76650f00>,59,1,[9 1],84,374,375,290,371
1,<environment.Job instance at 0x148f75f646e0>,60,13,[ 2 11],85,392,405,307,376
1,<environment.Job instance at 0x148f78b98dc0>,61,3,[9 2],86,390,393,304,379
1,<environment.Job instance at 0x148f7875cbe0>,63,3,[ 1 10],89,405,408,316,379
1,<environment.Job instance at 0x148f78c513c0>,64,2,[5 1],90,382,384,292,382
1,<environment.Job instance at 0x148fcceb58c0>,66,2,[2 8],93,408,410,315,386
1,<environment.Job instance at 0x148f7a282870>,70,3,[2 9],100,410,413,310,386
1,<environment.Job instance at 0x148f80a09e10>,72,2,[ 1 10],102,413,415,311,389
1,<environment.Job instance at 0x148f7ffcfd20>,76,2,[5 2],107,393,395,286,390
1,<environment.Job instance at 0x148f7ffcfe10>,78,2,[1 7],111,408,410,297,390
1,<environment.Job instance at 0x148f7ffcff50>,79,2,[2 6],112,410,412,298,390
1,<environment.Job instance at 0x148f79e8b3c0>,80,3,[6 1],114,393,396,279,391
1,<environment.Job instance at 0x148f7ffcfaa0>,81,16,[ 2 10],115,415,431,300,402
1,<environment.Job instance at 0x148f7ffcfa50>,82,2,[5 1],117,412,414,295,407
1,<environment.Job instance at 0x148f80a55550>,83,3,[6 1],118,412,415,294,408
1,<environment.Job instance at 0x148f7ffcf640>,84,1,[10  1],119,415,416,296,411
1,<environment.Job instance at 0x148f80a555a0>,85,15,[7 1],120,416,431,296,411
1,<environment.Job instance at 0x148f80a55730>,86,3,[ 2 10],121,431,434,310,411
1,<environment.Job instance at 0x148f80a55a50>,87,17,[2 9],123,434,451,311,426
1,<environment.Job instance at 0x148f8091a280>,89,3,[2 9],125,451,454,326,429
1,<environment.Job instance at 0x148f80adfa00>,90,3,[2 5],126,431,434,305,431
1,<environment.Job instance at 0x148f75c821e0>,91,3,[1 7],127,454,457,327,432
1,<environment.Job instance at 0x148f80a55320>,92,2,[2 6],128,434,436,306,433
1,<environment.Job instance at 0x148f75c82410>,93,2,[5 2],129,436,438,307,434
1,<environment.Job instance at 0x148f80a552d0>,94,12,[ 1 10],130,457,469,327,447
1,<environment.Job instance at 0x148f80a55d20>,95,2,[1 5],131,449,451,318,449
1,<environment.Job instance at 0x148f754c5280>,96,12,[5 1],132,449,461,317,449
1,<environment.Job instance at 0x148f754c5960>,97,1,[10  1],133,461,462,328,449
1,<environment.Job instance at 0x148f754c59b0>,98,3,[1 7],135,454,457,319,450
1,<environment.Job instance at 0x148f754c5460>,99,1,[10  2],137,462,463,325,450
1,<environment.Job instance at 0x148f754c5190>,101,13,[1 6],140,469,482,329,453
1,<environment.Job instance at 0x148f754c55a0>,102,2,[1 8],141,469,471,328,463
1,<environment.Job instance at 0x148f757f1af0>,103,17,[6 1],142,464,481,322,464
1,<environment.Job instance at 0x148f757f1c80>,104,1,[8 1],143,465,466,322,465
1,<environment.Job instance at 0x148f757f1d20>,105,3,[1 6],144,471,474,327,465
1,<environment.Job instance at 0x148f757f1fa0>,106,2,[1 9],147,481,483,334,465
1,<environment.Job instance at 0x148f7549a9b0>,107,17,[2 7],148,483,500,335,471
1,<environment.Job instance at 0x148f75c58b40>,108,12,[5 1],149,482,494,333,471
1,<environment.Job instance at 0x148f7549ab40>,109,16,[1 7],151,483,499,332,471
1,<environment.Job instance at 0x148f757dc550>,110,3,[2 6],152,474,477,322,471
1,<environment.Job instance at 0x148f757dcaf0>,111,17,[6 1],155,494,511,339,482
1,<environment.Job instance at 0x148f754bb0a0>,112,3,[2 8],156,500,503,344,482
1,<environment.Job instance at 0x148f754bba50>,113,2,[9 1],158,503,505,345,482
1,<environment.Job instance at 0x148f754bb0f0>,114,12,[5 2],159,505,517,346,488
1,<environment.Job instance at 0x148f754bb370>,115,1,[1 9],160,505,506,345,491
1,<environment.Job instance at 0x148f8003da00>,116,1,[1 5],161,499,500,338,492
1,<environment.Job instance at 0x148f8003d1e0>,117,26,[2 7],162,506,532,344,505
1,<environment.Job instance at 0x148f8003db40>,118,3,[2 8],163,517,520,354,507
1,<environment.Job instance at 0x148f8003df00>,119,3,[2 9],164,532,535,368,511
1,<environment.Job instance at 0x148f8003d0f0>,120,15,[8 1],166,520,535,354,515
1,<environment.Job instance at 0x148f8003d550>,121,1,[2 7],167,520,521,353,515
1,<environment.Job instance at 0x148f75c613c0>,122,1,[7 2],168,515,516,347,515
1,<environment.Job instance at 0x148f7fe75fa0>,4,2,[6 2],6,535,537,529,527
1,<environment.Job instance at 0x148f75c61820>,123,25,[1 7],169,535,560,366,533
1,<environment.Job instance at 0x148f7870e2d0>,127,1,[7 2],175,535,536,360,534
1,<environment.Job instance at 0x148f7870ecd0>,128,1,[1 8],176,543,544,367,543
1,<environment.Job instance at 0x148f7870e140>,129,2,[1 7],177,544,546,367,544
1,<environment.Job instance at 0x148f75c615a0>,124,1,[ 2 10],170,718,719,548,718
1,<environment.Job instance at 0x148f7ffcfe60>,77,3,[14  2],108,756,759,648,756
1,<environment.Job instance at 0x148f7d38eaf0>,4,17,[7 2],6,6,23,0,6
1,<environment.Job instance at 0x148f7ffcfaf0>,5,13,[2 5],7,7,20,0,7
1,<environment.Job instance at 0x148f7ffcfe60>,6,2,[6 1],9,9,11,0,9
1,<environment.Job instance at 0x148f7a229190>,7,16,[6 1],10,11,27,1,10
1,<environment.Job instance at 0x148f7a229d20>,8,1,[ 1 10],12,20,21,8,12
1,<environment.Job instance at 0x148f7a229820>,9,3,[9 1],14,23,26,9,14
1,<environment.Job instance at 0x148f7a229460>,10,1,[8 2],16,26,27,10,16
1,<environment.Job instance at 0x148f7a229f50>,11,3,[1 5],17,26,29,9,17
1,<environment.Job instance at 0x148f7a2296e0>,12,1,[10  1],19,27,28,8,19
1,<environment.Job instance at 0x148f7a229af0>,13,3,[8 1],20,28,31,8,20
1,<environment.Job instance at 0x148f7a2290a0>,14,2,[8 1],21,31,33,10,21
1,<environment.Job instance at 0x148f75c76af0>,15,1,[5 2],22,28,29,6,22
1,<environment.Job instance at 0x148f75c76730>,16,3,[1 7],23,27,30,4,23
1,<environment.Job instance at 0x148f75c766e0>,17,2,[5 1],24,29,31,5,24
1,<environment.Job instance at 0x148f7a229e10>,18,17,[1 5],26,29,46,3,26
1,<environment.Job instance at 0x148f75c76f50>,19,2,[5 2],27,31,33,4,28
1,<environment.Job instance at 0x148f75c763c0>,20,1,[1 5],28,30,31,2,28
1,<environment.Job instance at 0x148f78b0d190>,21,1,[8 2],29,33,34,4,29
1,<environment.Job instance at 0x148f758698c0>,22,2,[7 1],30,34,36,4,30
1,<environment.Job instance at 0x148f75c5f0a0>,23,1,[10  1],31,36,37,5,31
1,<environment.Job instance at 0x148f75c5faf0>,24,2,[ 1 10],32,37,39,5,33
1,<environment.Job instance at 0x148f75c5f730>,25,2,[1 8],33,33,35,0,33
1,<environment.Job instance at 0x148f80966370>,26,3,[2 5],34,39,42,5,34
1,<environment.Job instance at 0x148f7e807780>,27,18,[10  1],35,39,57,4,35
1,<environment.Job instance at 0x148f75ee15f0>,28,2,[7 1],36,57,59,21,36
1,<environment.Job instance at 0x148f75b4a5f0>,29,15,[2 7],37,42,57,5,37
1,<environment.Job instance at 0x148f76724960>,30,1,[2 5],38,46,47,8,38
1,<environment.Job instance at 0x148f7a18c6e0>,31,3,[ 1 11],41,57,60,16,41
1,<environment.Job instance at 0x148f7a18c820>,32,2,[1 9],42,60,62,18,42
1,<environment.Job instance at 0x148f7a18c280>,33,2,[2 5],43,47,49,4,43
1,<environment.Job instance at 0x148f79dce6e0>,34,3,[1 5],46,49,52,3,46
1,<environment.Job instance at 0x148f79dcee10>,35,1,[8 1],47,59,60,12,47
1,<environment.Job instance at 0x148f75ee2370>,36,2,[8 2],48,60,62,12,48
1,<environment.Job instance at 0x148f75ee27d0>,37,14,[9 2],49,62,76,13,49
1,<environment.Job instance at 0x148f786eff00>,38,2,[5 2],50,57,59,7,50
1,<environment.Job instance at 0x148f786efb90>,39,3,[1 5],51,52,55,1,52
1,<environment.Job instance at 0x148f786ef730>,40,1,[1 5],53,55,56,2,53
1,<environment.Job instance at 0x148f786efcd0>,41,16,[8 1],54,76,92,22,63
1,<environment.Job instance at 0x148f786ef960>,42,14,[2 8],55,63,77,8,63
1,<environment.Job instance at 0x148f78bb4410>,2,3,[10  1],3,92,95,89,67
1,<environment.Job instance at 0x148f786ef0f0>,43,15,[8 2],56,95,110,39,81
1,<environment.Job instance at 0x148f786efc80>,45,3,[7 1],59,81,84,22,81
1,<environment.Job instance at 0x148f786efa00>,46,2,[2 7],60,84,86,24,81
1,<environment.Job instance at 0x148f7599cd20>,47,14,[ 2 10],61,86,100,25,81
1,<environment.Job instance at 0x148f7599c1e0>,48,1,[1 9],62,100,101,38,81
1,<environment.Job instance at 0x148f7599c690>,49,18,[5 2],63,95,113,32,84
1,<environment.Job instance at 0x148f7599c460>,50,2,[1 8],65,101,103,36,84
1,<environment.Job instance at 0x148f7943ffa0>,51,16,[1 6],66,103,119,37,90
1,<environment.Job instance at 0x148f7943f5a0>,52,3,[2 6],68,110,113,42,90
1,<environment.Job instance at 0x148f7943f8c0>,53,14,[10  1],69,113,127,44,98
1,<environment.Job instance at 0x148f7943fe60>,54,3,[ 1 14],70,119,122,49,99
1,<environment.Job instance at 0x148f7943f460>,55,3,[5 1],71,110,113,39,99
1,<environment.Job instance at 0x148f7943f320>,56,2,[8 1],73,127,129,54,100
1,<environment.Job instance at 0x148f7943fc80>,57,3,[9 1],74,129,132,55,103
1,<environment.Job instance at 0x148f7943fb40>,58,3,[8 2],75,132,135,57,106
1,<environment.Job instance at 0x148f7943faf0>,59,12,[7 2],77,132,144,55,115
1,<environment.Job instance at 0x148f80aa6230>,60,2,[2 7],79,115,117,36,115
1,<environment.Job instance at 0x148f80aa62d0>,61,17,[6 2],81,135,152,54,123
1,<environment.Job instance at 0x148f7a20d960>,62,13,[ 2 10],82,135,148,53,123
1,<environment.Job instance at 0x148f7a20dfa0>,63,2,[1 9],83,123,125,40,123
1,<environment.Job instance at 0x148f7888de10>,64,23,[1 5],84,148,171,64,142
1,<environment.Job instance at 0x148f7888d0f0>,65,1,[8 1],85,148,149,63,143
1,<environment.Job instance at 0x148f7888dbe0>,66,18,[10  1],86,152,170,66,145
1,<environment.Job instance at 0x148f759310f0>,67,1,[8 2],87,149,150,62,145
1,<environment.Job instance at 0x148f80a53eb0>,68,2,[7 1],88,150,152,62,149
1,<environment.Job instance at 0x148f7888d5a0>,69,1,[5 1],89,170,171,81,149
1,<environment.Job instance at 0x148f75b70550>,70,2,[2 8],90,152,154,62,150
1,<environment.Job instance at 0x148f786bf0a0>,71,3,[7 1],91,170,173,79,151
1,<environment.Job instance at 0x148f7bb14d70>,72,3,[8 2],92,171,174,79,151
1,<environment.Job instance at 0x148f75c02550>,73,2,[10  1],94,174,176,80,151
1,<environment.Job instance at 0x148f7ffcdcd0>,74,22,[5 1],96,173,195,77,166
1,<environment.Job instance at 0x148f78752910>,75,14,[9 2],99,176,190,77,166
1,<environment.Job instance at 0x148f759ec5a0>,76,16,[8 2],101,190,206,89,177
1,<environment.Job instance at 0x148f7a18faa0>,77,3,[1 5],102,177,180,75,177
1,<environment.Job instance at 0x148f79dbec80>,78,2,[5 2],103,195,197,92,177
1,<environment.Job instance at 0x148f75aa79b0>,79,13,[8 1],105,206,219,101,190
1,<environment.Job instance at 0x148f75aa7af0>,80,1,[7 2],106,197,198,91,190
1,<environment.Job instance at 0x148f836d2730>,81,2,[2 8],107,190,192,83,190
1,<environment.Job instance at 0x148f75562870>,82,12,[9 1],108,219,231,111,202
1,<environment.Job instance at 0x148f75562f50>,83,3,[9 2],110,231,234,121,205
1,<environment.Job instance at 0x148f75732fa0>,84,1,[ 2 10],111,205,206,94,205
1,<environment.Job instance at 0x148f75732910>,85,2,[6 2],112,206,208,94,205
1,<environment.Job instance at 0x148f758f0050>,86,1,[1 5],114,206,207,92,205
1,<environment.Job instance at 0x148f75a94550>,87,2,[5 2],115,208,210,93,205
1,<environment.Job instance at 0x148f75a94a50>,88,2,[8 1],116,234,236,118,208
1,<environment.Job instance at 0x148f7a0d6f50>,89,2,[8 1],117,236,238,119,209
1,<environment.Job instance at 0x148f7a0d6780>,90,17,[ 2 10],118,211,228,93,211
1,<environment.Job instance at 0x148f7a0d6190>,91,3,[10  2],119,238,241,119,213
1,<environment.Job instance at 0x148f7873e0f0>,92,18,[2 5],120,228,246,108,217
1,<environment.Job instance at 0x148f7873e3c0>,93,3,[2 7],121,228,231,107,217
1,<environment.Job instance at 0x148f7873e280>,94,18,[ 2 11],122,246,264,124,235
1,<environment.Job instance at 0x148f7873ea00>,95,2,[1 6],123,236,238,113,236
1,<environment.Job instance at 0x148f7873ec30>,96,16,[1 9],124,264,280,140,251
1,<environment.Job instance at 0x148f79ea9140>,98,13,[8 1],126,251,264,125,251
1,<environment.Job instance at 0x148f79ea93c0>,99,1,[6 1],127,264,265,137,251
1,<environment.Job instance at 0x148f79ea9c30>,100,2,[ 1 10],128,280,282,152,253
1,<environment.Job instance at 0x148f753ff0f0>,101,1,[5 1],129,254,255,125,254
1,<environment.Job instance at 0x148f79ea9690>,102,3,[5 2],130,255,258,125,254
1,<environment.Job instance at 0x148f79ea9fa0>,103,17,[6 2],134,264,281,130,254
1,<environment.Job instance at 0x148f79ea9730>,104,3,[5 2],135,258,261,123,254
1,<environment.Job instance at 0x148f79ea9eb0>,105,15,[10  2],136,281,296,145,267
1,<environment.Job instance at 0x148f7664e0f0>,106,2,[8 2],137,267,269,130,267
1,<environment.Job instance at 0x148f75c8abe0>,107,2,[11  1],138,296,298,158,269
1,<environment.Job instance at 0x148f7664e690>,108,1,[8 2],139,270,271,131,270
1,<environment.Job instance at 0x148f75be1690>,109,12,[1 8],140,282,294,142,270
1,<environment.Job instance at 0x148f82a15e60>,110,28,[ 2 10],141,294,322,153,293
1,<environment.Job instance at 0x148f80ab8320>,111,3,[9 1],144,298,301,154,293
1,<environment.Job instance at 0x148f80ab8140>,112,14,[2 5],146,301,315,155,293
1,<environment.Job instance at 0x148f80ab89b0>,113,2,[1 8],147,322,324,175,297
1,<environment.Job instance at 0x148f80ab8460>,114,1,[5 1],148,315,316,167,297
1,<environment.Job instance at 0x148f80ab82d0>,115,14,[1 7],149,322,336,173,308
1,<environment.Job instance at 0x148f758b3eb0>,116,2,[8 1],151,315,317,164,309
1,<environment.Job instance at 0x148f7aab6e60>,117,2,[6 2],153,317,319,164,309
1,<environment.Job instance at 0x148f7aab6960>,118,2,[1 5],154,319,321,165,312
1,<environment.Job instance at 0x148f7aab62d0>,119,2,[9 2],155,324,326,169,315
1,<environment.Job instance at 0x148f7aab63c0>,120,1,[9 1],158,321,322,163,316
1,<environment.Job instance at 0x148f7aab69b0>,121,2,[9 1],159,326,328,167,316
1,<environment.Job instance at 0x148f7aab6f50>,122,2,[6 2],160,317,319,157,316
1,<environment.Job instance at 0x148f75c3d050>,123,2,[2 9],162,336,338,174,316
1,<environment.Job instance at 0x148f75c3d0f0>,124,17,[2 9],163,338,355,175,326
1,<environment.Job instance at 0x148f75c3dc80>,125,3,[7 1],164,328,331,164,326
1,<environment.Job instance at 0x148f75c3d640>,126,2,[ 1 10],165,355,357,190,328
1,<environment.Job instance at 0x148f75c3de10>,127,2,[ 1 11],167,357,359,190,330
1,<environment.Job instance at 0x148f75c3df00>,128,2,[1 8],168,333,335,165,333
1,<environment.Job instance at 0x148f75c3d460>,129,16,[ 1 12],169,359,375,190,347
1,<environment.Job instance at 0x148f75c3d410>,130,1,[1 5],170,347,348,177,347
1,<environment.Job instance at 0x148f75c3db90>,131,3,[2 8],171,375,378,204,350
1,<environment.Job instance at 0x148f75c3da50>,132,12,[7 2],172,350,362,178,350
1,<environment.Job instance at 0x148f75c3d5f0>,133,1,[2 5],174,375,376,201,350
1,<environment.Job instance at 0x148f79ea9e10>,97,2,[ 1 13],125,378,380,253,353
1,<environment.Job instance at 0x148f75c3dbe0>,134,17,[ 1 10],176,380,397,204,368
1,<environment.Job instance at 0x148f78bb45a0>,0,1,[14  1],1,652,653,651,652
1,<environment.Job instance at 0x148f809e8690>,12,26,[5 2],22,22,48,0,22
1,<environment.Job instance at 0x148f80089cd0>,23,23,[9 1],40,41,64,1,41
1,<environment.Job instance at 0x148f78c0a0a0>,24,14,[10  1],41,64,78,23,49
1,<environment.Job instance at 0x148f78c0ac80>,27,2,[1 5],44,50,52,6,50
1,<environment.Job instance at 0x148f75a28410>,29,12,[5 1],48,50,62,2,50
1,<environment.Job instance at 0x148f75a28690>,30,1,[10  1],50,78,79,28,50
1,<environment.Job instance at 0x148f75a288c0>,31,1,[7 1],51,79,80,28,53
1,<environment.Job instance at 0x148f75792c80>,39,3,[1 9],64,65,68,1,65
1,<environment.Job instance at 0x148f7fe9fa00>,41,3,[2 9],67,68,71,1,67
1,<environment.Job instance at 0x148f7fe9f6e0>,44,15,[2 7],71,72,87,1,72
1,<environment.Job instance at 0x148f7fe9f550>,45,2,[9 1],72,80,82,8,72
1,<environment.Job instance at 0x148f78de1af0>,47,3,[ 1 10],75,87,90,12,76
1,<environment.Job instance at 0x148f78de1410>,48,1,[14  2],76,87,88,11,76
1,<environment.Job instance at 0x148f78de1cd0>,46,2,[14  2],74,88,90,14,77
1,<environment.Job instance at 0x148f78de14b0>,49,2,[6 2],77,82,84,5,77
1,<environment.Job instance at 0x148f7ff8f5a0>,51,2,[1 9],79,90,92,11,79
1,<environment.Job instance at 0x148f7ff8faf0>,52,3,[6 2],80,82,85,2,81
1,<environment.Job instance at 0x148f7ff8f640>,53,3,[5 2],82,84,87,2,82
1,<environment.Job instance at 0x148f7ff8f1e0>,54,2,[1 8],83,92,94,9,83
1,<environment.Job instance at 0x148f79cb5eb0>,57,14,[2 8],88,94,108,6,88
1,<environment.Job instance at 0x148f75d3aeb0>,60,13,[8 1],94,94,107,0,94
1,<environment.Job instance at 0x148f755f6c80>,61,2,[10  1],95,107,109,12,95
1,<environment.Job instance at 0x148f7ff96730>,62,18,[8 1],97,109,127,12,98
1,<environment.Job instance at 0x148f78b55b40>,65,1,[8 1],100,127,128,27,101
1,<environment.Job instance at 0x148f7573bc30>,67,2,[1 9],104,108,110,4,104
1,<environment.Job instance at 0x148f8009f7d0>,77,1,[1 6],122,122,123,0,122
1,<environment.Job instance at 0x148f8009f4b0>,78,1,[1 8],123,125,126,2,125
1,<environment.Job instance at 0x148f80ae88c0>,21,1,[5 2],37,125,126,88,125
1,<environment.Job instance at 0x148f8009fb90>,79,1,[8 2],125,128,129,3,126
1,<environment.Job instance at 0x148f75a95410>,81,2,[14  1],127,129,131,2,127
1,<environment.Job instance at 0x148f75df6690>,80,2,[10  2],126,146,148,20,146
1,<environment.Job instance at 0x148f75621a50>,85,3,[1 5],133,150,153,17,150
1,<environment.Job instance at 0x148f80967cd0>,90,1,[10  2],139,152,153,13,152
1,<environment.Job instance at 0x148f809672d0>,94,1,[7 2],146,153,154,7,152
1,<environment.Job instance at 0x148f7a0fcc30>,95,15,[7 1],147,153,168,6,152
1,<environment.Job instance at 0x148f79ec2aa0>,96,13,[5 2],153,154,167,1,153
1,<environment.Job instance at 0x148f79ec2fa0>,97,3,[1 9],154,155,158,1,155
1,<environment.Job instance at 0x148f79ec2dc0>,100,3,[6 2],160,167,170,7,160
1,<environment.Job instance at 0x148f79ec2910>,101,17,[6 2],165,168,185,3,165
1,<environment.Job instance at 0x148f79ec2e10>,102,2,[8 1],166,170,172,4,166
1,<environment.Job instance at 0x148f79ec26e0>,103,3,[8 2],168,172,175,4,168
1,<environment.Job instance at 0x148f75a32a00>,104,14,[10  2],169,185,199,16,170
1,<environment.Job instance at 0x148f75a32320>,105,2,[2 6],170,175,177,5,170
1,<environment.Job instance at 0x148f75a32cd0>,107,3,[1 6],172,172,175,0,172
1,<environment.Job instance at 0x148f75a32910>,109,1,[6 1],174,175,176,1,174
1,<environment.Job instance at 0x148f75a325f0>,110,1,[1 9],178,188,189,10,188
1,<environment.Job instance at 0x148f79ec2a50>,99,14,[7 1],159,207,221,48,207
1,<environment.Job instance at 0x148f8005f640>,20,2,[5 1],33,33,35,0,33
1,<environment.Job instance at 0x148f79de7280>,27,1,[2 9],47,63,64,16,63
1,<environment.Job instance at 0x148f7545c460>,45,3,[ 2 12],70,79,82,9,79
1,<environment.Job instance at 0x148f7592ea50>,46,3,[9 1],71,79,82,8,79
1,<environment.Job instance at 0x148f7592e870>,49,1,[2 5],78,82,83,4,79
1,<environment.Job instance at 0x148f7592e140>,50,2,[1 8],79,82,84,3,79
1,<environment.Job instance at 0x148f7a1b7370>,51,17,[1 6],80,83,100,3,80
1,<environment.Job instance at 0x148f78789be0>,55,3,[9 1],87,87,90,0,87
1,<environment.Job instance at 0x148f7589f1e0>,56,27,[9 2],88,90,117,2,88
1,<environment.Job instance at 0x148f756f9d20>,58,3,[1 6],90,90,93,0,90
1,<environment.Job instance at 0x148f78768140>,59,1,[6 1],91,100,101,9,93
1,<environment.Job instance at 0x148f7589f2d0>,61,2,[1 7],93,93,95,0,93
1,<environment.Job instance at 0x148f82a15960>,62,3,[1 7],94,101,104,7,101
1,<environment.Job instance at 0x148f82a15dc0>,63,1,[1 8],95,104,105,9,101
1,<environment.Job instance at 0x148f82a15640>,64,2,[2 5],96,106,108,10,106
1,<environment.Job instance at 0x148f82a5ac80>,65,3,[1 9],97,108,111,11,107
1,<environment.Job instance at 0x148f82a5a280>,66,3,[8 1],98,117,120,19,107
1,<environment.Job instance at 0x148f82a1ef00>,67,1,[2 9],99,111,112,12,108
1,<environment.Job instance at 0x148f79da5820>,68,3,[1 9],102,112,115,10,108
1,<environment.Job instance at 0x148f7589fe10>,60,1,[1 5],92,115,116,23,108
1,<environment.Job instance at 0x148f78e28af0>,69,1,[9 1],103,120,121,17,108
1,<environment.Job instance at 0x148f7663b6e0>,71,2,[1 8],105,115,117,10,109
1,<environment.Job instance at 0x148f78c21870>,72,16,[10  1],106,121,137,15,111
1,<environment.Job instance at 0x148f7663b1e0>,73,3,[5 1],108,112,115,4,111
1,<environment.Job instance at 0x148f75c0fcd0>,74,3,[9 2],109,137,140,28,111
1,<environment.Job instance at 0x148f75c0f690>,75,14,[ 1 12],110,117,131,7,111
1,<environment.Job instance at 0x148f75c0f5f0>,76,2,[ 1 10],111,131,133,20,111
1,<environment.Job instance at 0x148f7a237960>,77,1,[9 1],112,140,141,28,112
1,<environment.Job instance at 0x148f7a232370>,78,2,[1 5],113,133,135,20,113
1,<environment.Job instance at 0x148f78b32c30>,79,1,[6 2],114,117,118,3,114
1,<environment.Job instance at 0x148f78b323c0>,80,3,[7 2],116,141,144,25,116
1,<environment.Job instance at 0x148f75e7ee60>,81,13,[1 6],117,133,146,16,117
1,<environment.Job instance at 0x148f75e7e4b0>,82,19,[5 1],118,137,156,19,127
1,<environment.Job instance at 0x148f75e7e690>,83,1,[5 2],120,144,145,24,127
1,<environment.Job instance at 0x148f75e7e410>,84,3,[1 8],122,145,148,23,127
1,<environment.Job instance at 0x148f80aa6d20>,85,16,[ 1 10],123,148,164,25,135
1,<environment.Job instance at 0x148f80aa66e0>,86,20,[10  2],124,156,176,32,147
1,<environment.Job instance at 0x148f80aa6730>,87,15,[2 8],125,164,179,39,151
1,<environment.Job instance at 0x148f75e7e9b0>,88,1,[1 5],127,164,165,37,153
1,<environment.Job instance at 0x148f83317e60>,89,1,[7 2],128,153,154,25,153
1,<environment.Job instance at 0x148f83317eb0>,90,3,[ 2 10],130,179,182,49,153
1,<environment.Job instance at 0x148f83317af0>,91,1,[6 2],131,154,155,23,153
1,<environment.Job instance at 0x148f83317460>,92,3,[10  2],133,176,179,43,153
1,<environment.Job instance at 0x148f80b6a5a0>,93,3,[2 7],135,182,185,47,156
1,<environment.Job instance at 0x148f80b6ae60>,94,15,[7 2],136,179,194,43,165
1,<environment.Job instance at 0x148f80b6a870>,96,1,[1 5],141,165,166,24,165
1,<environment.Job instance at 0x148f80b6abe0>,97,21,[6 2],142,179,200,37,171
1,<environment.Job instance at 0x148f80b6ad70>,98,16,[6 1],144,194,210,50,181
1,<environment.Job instance at 0x148f80b6a8c0>,99,1,[8 2],145,200,201,55,181
1,<environment.Job instance at 0x148f80b6af50>,100,2,[ 2 10],146,185,187,39,181
1,<environment.Job instance at 0x148f80b6ae10>,101,1,[1 6],147,187,188,40,181
1,<environment.Job instance at 0x148f80b6a550>,102,1,[ 1 10],152,188,189,36,181
1,<environment.Job instance at 0x148f80b6aeb0>,103,14,[2 7],153,201,215,48,186
1,<environment.Job instance at 0x148f839d2780>,104,3,[7 1],154,201,204,47,186
1,<environment.Job instance at 0x148f75881af0>,105,1,[ 1 10],155,189,190,34,186
1,<environment.Job instance at 0x148f839d2c30>,106,18,[6 1],156,204,222,48,194
1,<environment.Job instance at 0x148f839d2730>,107,3,[2 9],157,194,197,37,194
1,<environment.Job instance at 0x148f75d86a50>,108,14,[ 1 10],158,215,229,57,202
1,<environment.Job instance at 0x148f75d86be0>,110,27,[7 1],161,210,237,49,208
1,<environment.Job instance at 0x148f75d860f0>,111,18,[8 1],162,229,247,67,218
1,<environment.Job instance at 0x148f75d868c0>,112,2,[6 2],163,222,224,59,218
1,<environment.Job instance at 0x148f75d86190>,113,16,[6 2],165,237,253,72,224
1,<environment.Job instance at 0x148f75d86960>,114,2,[2 6],166,247,249,81,224
1,<environment.Job instance at 0x148f75d86c30>,115,2,[9 1],168,249,251,81,224
1,<environment.Job instance at 0x148f75d86f50>,116,2,[8 1],170,251,253,81,225
1,<environment.Job instance at 0x148f75d86c80>,117,1,[ 1 10],173,237,238,64,225
1,<environment.Job instance at 0x148f75d860a0>,118,1,[8 1],174,253,254,79,225
1,<environment.Job instance at 0x148f75d86f00>,119,1,[8 1],175,254,255,79,227
1,<environment.Job instance at 0x148f754ec370>,120,3,[2 7],176,253,256,77,227
1,<environment.Job instance at 0x148f75d864b0>,121,14,[1 9],178,256,270,78,246
1,<environment.Job instance at 0x148f76759c30>,54,2,[11  1],84,269,271,185,269
1,<environment.Job instance at 0x148f7578c6e0>,16,2,[8 1],28,300,302,272,300
1,<environment.Job instance at 0x148f75935050>,14,13,[ 1 13],26,1419,1432,1393,1419
1,<environment.Job instance at 0x148f80062410>,22,2,[6 2],38,40,42,2,40
1,<environment.Job instance at 0x148f78d38cd0>,26,17,[2 7],48,48,65,0,48
1,<environment.Job instance at 0x148f78d38c30>,27,1,[2 9],49,65,66,16,49
1,<environment.Job instance at 0x148f78d38820>,28,1,[2 6],50,50,51,0,50
1,<environment.Job instance at 0x148f78d385f0>,29,2,[1 8],51,51,53,0,51
1,<environment.Job instance at 0x148f75c369b0>,31,13,[1 9],54,66,79,12,54
1,<environment.Job instance at 0x148f78750730>,32,2,[2 8],56,56,58,0,56
1,<environment.Job instance at 0x148f78c61320>,34,2,[13  1],58,58,60,0,58
1,<environment.Job instance at 0x148f75fb2fa0>,42,21,[2 6],69,70,91,1,70
1,<environment.Job instance at 0x148f800730a0>,44,13,[6 2],71,79,92,8,71
1,<environment.Job instance at 0x148f80073eb0>,45,2,[5 2],73,79,81,6,73
1,<environment.Job instance at 0x148f75fe5550>,46,2,[6 2],74,81,83,7,74
1,<environment.Job instance at 0x148f78c381e0>,47,3,[2 5],75,83,86,8,75
1,<environment.Job instance at 0x148f75fe5780>,48,12,[5 2],76,83,95,7,76
1,<environment.Job instance at 0x148f75fe5d20>,49,14,[2 8],78,91,105,13,78
1,<environment.Job instance at 0x148f7a2578c0>,50,1,[6 2],80,92,93,12,80
1,<environment.Job instance at 0x148f7a257cd0>,51,16,[7 1],81,93,109,12,81
1,<environment.Job instance at 0x148f7a257be0>,52,1,[1 7],82,105,106,23,82
1,<environment.Job instance at 0x148f787a85f0>,53,2,[1 8],83,106,108,23,83
1,<environment.Job instance at 0x148f787a8820>,54,2,[ 1 10],86,108,110,22,86
1,<environment.Job instance at 0x148f787a8c80>,55,15,[2 9],87,110,125,23,96
1,<environment.Job instance at 0x148f787a8d70>,57,13,[9 1],89,109,122,20,96
1,<environment.Job instance at 0x148f759e5640>,58,2,[1 6],90,96,98,6,96
1,<environment.Job instance at 0x148f787a81e0>,59,24,[9 2],91,122,146,31,117
1,<environment.Job instance at 0x148f787a8c30>,61,14,[2 8],94,125,139,31,117
1,<environment.Job instance at 0x148f7a26d230>,62,2,[6 2],95,139,141,44,117
1,<environment.Job instance at 0x148f7a26d280>,64,14,[9 1],99,146,160,47,131
1,<environment.Job instance at 0x148f75fec730>,65,1,[1 9],100,141,142,41,131
1,<environment.Job instance at 0x148f7a26d870>,66,1,[10  2],101,160,161,59,132
1,<environment.Job instance at 0x148f7a26d730>,67,3,[1 7],104,142,145,38,132
1,<environment.Job instance at 0x148f7a26df50>,69,15,[7 2],106,161,176,55,147
1,<environment.Job instance at 0x148f75fde2d0>,71,13,[6 1],108,147,160,39,147
1,<environment.Job instance at 0x148f75fdef50>,72,2,[1 5],109,160,162,51,147
1,<environment.Job instance at 0x148f75fde140>,75,17,[8 1],113,162,179,49,150
1,<environment.Job instance at 0x148f75fde5a0>,76,1,[ 2 10],115,176,177,61,150
1,<environment.Job instance at 0x148f7a12c320>,77,2,[2 8],118,160,162,42,150
1,<environment.Job instance at 0x148f7a12c5a0>,78,16,[8 1],120,179,195,59,166
1,<environment.Job instance at 0x148f7a12ccd0>,80,1,[2 5],122,177,178,55,166
1,<environment.Job instance at 0x148f787621e0>,81,3,[2 8],126,177,180,51,166
1,<environment.Job instance at 0x148f7a12c280>,82,2,[1 9],127,180,182,53,166
1,<environment.Job instance at 0x148f80a98e10>,83,3,[2 6],128,182,185,54,166
1,<environment.Job instance at 0x148f75d00aa0>,84,2,[5 2],129,178,180,49,166
1,<environment.Job instance at 0x148f7a12c0f0>,85,2,[ 2 10],132,185,187,53,166
1,<environment.Job instance at 0x148f832c9a00>,86,3,[2 8],133,182,185,49,166
1,<environment.Job instance at 0x148f832c9910>,87,1,[2 5],134,180,181,46,166
1,<environment.Job instance at 0x148f832c9460>,88,2,[5 1],135,185,187,50,166
1,<environment.Job instance at 0x148f78b5f230>,89,17,[6 2],136,187,204,51,175
1,<environment.Job instance at 0x148f8335d3c0>,90,1,[9 1],137,195,196,58,175
1,<environment.Job instance at 0x148f75d60f00>,91,12,[1 7],139,196,208,57,179
1,<environment.Job instance at 0x148f78787c30>,93,2,[2 7],141,204,206,63,179
1,<environment.Job instance at 0x148f78d388c0>,24,13,[8 1],44,198,211,154,198
1,<environment.Job instance at 0x148f787875a0>,94,23,[2 9],142,208,231,66,202
1,<environment.Job instance at 0x148f75c48640>,107,1,[8 1],166,211,212,45,202
1,<environment.Job instance at 0x148f7a1e1f00>,108,1,[10  1],167,212,213,45,202
1,<environment.Job instance at 0x148f78791690>,111,12,[8 1],170,213,225,43,202
1,<environment.Job instance at 0x148f7876d280>,112,12,[7 1],171,225,237,54,209
1,<environment.Job instance at 0x148f787aa9b0>,118,3,[2 9],178,231,234,53,209
1,<environment.Job instance at 0x148f787aa370>,119,1,[2 9],179,234,235,55,209
1,<environment.Job instance at 0x148f787aa230>,117,3,[13  1],177,1172,1175,995,1172
1,<environment.Job instance at 0x148f7a1e1820>,17,14,[13  1],33,41,55,8,41
1,<environment.Job instance at 0x148f75d3d0f0>,24,2,[1 8],41,41,43,0,41
1,<environment.Job instance at 0x148f75d3d280>,26,15,[ 1 10],43,43,58,0,43
1,<environment.Job instance at 0x148f75d3d9b0>,27,1,[5 1],44,55,56,11,44
1,<environment.Job instance at 0x148f75d3daf0>,28,2,[2 7],45,58,60,13,45
1,<environment.Job instance at 0x148f75d3dcd0>,29,2,[9 1],46,55,57,9,46
1,<environment.Job instance at 0x148f75d3d460>,30,1,[1 8],47,58,59,11,47
1,<environment.Job instance at 0x148f75d3dd20>,31,2,[10  2],48,59,61,11,48
1,<environment.Job instance at 0x148f76008730>,32,1,[9 2],49,57,58,8,49
1,<environment.Job instance at 0x148f76008500>,33,14,[2 7],50,60,74,10,50
1,<environment.Job instance at 0x148f759f3d70>,37,3,[9 1],57,61,64,4,57
1,<environment.Job instance at 0x148f7562da50>,39,1,[1 6],59,59,60,0,59
1,<environment.Job instance at 0x148f786790f0>,42,12,[11  1],63,64,76,1,63
1,<environment.Job instance at 0x148f75a00dc0>,43,18,[2 9],64,74,92,10,65
1,<environment.Job instance at 0x148f786cc4b0>,44,2,[2 8],65,92,94,27,73
1,<environment.Job instance at 0x148f7a24eaf0>,46,16,[5 1],68,76,92,8,73
1,<environment.Job instance at 0x148f79e440a0>,47,28,[5 2],69,76,104,7,75
1,<environment.Job instance at 0x148f7a24e460>,48,3,[7 2],71,92,95,21,75
1,<environment.Job instance at 0x148f7a24eeb0>,49,2,[2 7],72,94,96,22,75
1,<environment.Job instance at 0x148f7a24ed70>,50,3,[2 9],74,96,99,22,76
1,<environment.Job instance at 0x148f78d96230>,51,1,[10  2],75,99,100,24,79
1,<environment.Job instance at 0x148f7bb4c460>,53,1,[9 2],79,100,101,21,79
1,<environment.Job instance at 0x148f75dbbf00>,56,1,[ 1 10],86,100,101,14,86
1,<environment.Job instance at 0x148f75dbbe60>,57,1,[2 6],87,95,96,8,88
1,<environment.Job instance at 0x148f75dbb3c0>,58,1,[2 6],88,101,102,13,91
1,<environment.Job instance at 0x148f7ff4ca00>,59,16,[10  2],90,102,118,12,91
1,<environment.Job instance at 0x148f7ff4c370>,60,12,[1 9],91,104,116,13,91
1,<environment.Job instance at 0x148f7ff4cfa0>,61,1,[7 2],92,96,97,4,93
1,<environment.Job instance at 0x148f7ff4ca50>,62,12,[1 5],93,116,128,23,99
1,<environment.Job instance at 0x148f7557baa0>,64,1,[5 1],95,101,102,6,101
1,<environment.Job instance at 0x148f754692d0>,68,3,[2 8],101,116,119,15,102
1,<environment.Job instance at 0x148f75469730>,70,1,[2 6],103,119,120,16,108
1,<environment.Job instance at 0x148f75469fa0>,71,15,[8 2],104,118,133,14,108
1,<environment.Job instance at 0x148f75469f00>,72,3,[ 2 10],105,128,131,23,111
1,<environment.Job instance at 0x148f754690a0>,73,14,[1 5],106,131,145,25,116
1,<environment.Job instance at 0x148f7a23bfa0>,74,1,[ 2 10],107,133,134,26,117
1,<environment.Job instance at 0x148f7557b280>,65,3,[6 2],97,120,123,23,119
1,<environment.Job instance at 0x148f7a23bd70>,75,3,[ 2 10],108,134,137,26,119
1,<environment.Job instance at 0x148f754c1280>,77,12,[1 9],112,137,149,25,124
1,<environment.Job instance at 0x148f79dabc30>,78,1,[1 9],113,149,150,36,125
1,<environment.Job instance at 0x148f7a23b5f0>,80,3,[8 2],115,145,148,30,125
1,<environment.Job instance at 0x148f7a23b0f0>,81,3,[1 7],116,150,153,34,128
1,<environment.Job instance at 0x148f78d53410>,82,2,[9 2],117,148,150,31,128
1,<environment.Job instance at 0x148f757ba0a0>,83,2,[7 1],118,137,139,19,128
1,<environment.Job instance at 0x148f757ba6e0>,85,27,[2 7],120,150,177,30,148
1,<environment.Job instance at 0x148f80af1dc0>,93,2,[2 8],135,157,159,22,157
1,<environment.Job instance at 0x148f80af11e0>,94,3,[10  1],136,160,163,24,160
1,<environment.Job instance at 0x148f83335f50>,96,3,[2 8],140,163,166,23,160
1,<environment.Job instance at 0x148f83335550>,97,3,[10  1],141,166,169,25,160
1,<environment.Job instance at 0x148f83335690>,98,2,[1 6],142,160,162,18,160
1,<environment.Job instance at 0x148f80af1cd0>,95,21,[1 5],139,166,187,27,160
1,<environment.Job instance at 0x148f83335b90>,99,2,[5 2],143,169,171,26,160
1,<environment.Job instance at 0x148f83335c30>,101,3,[8 1],145,171,174,26,164
1,<environment.Job instance at 0x148f7670f4b0>,102,3,[10  1],146,174,177,28,165
1,<environment.Job instance at 0x148f7a1b6b90>,103,13,[1 9],147,177,190,30,165
1,<environment.Job instance at 0x148f78dc4910>,104,3,[9 2],150,187,190,37,166
1,<environment.Job instance at 0x148f7875c640>,105,3,[5 1],151,177,180,26,171
1,<environment.Job instance at 0x148f786d9460>,106,2,[5 1],153,180,182,27,172
1,<environment.Job instance at 0x148f80afa410>,107,3,[1 9],154,190,193,36,172
1,<environment.Job instance at 0x148f7875cdc0>,108,2,[1 9],155,193,195,38,173
1,<environment.Job instance at 0x148f80afa050>,109,3,[ 2 10],156,195,198,39,175
1,<environment.Job instance at 0x148f80afa1e0>,110,3,[2 6],157,190,193,33,176
1,<environment.Job instance at 0x148f80afa7d0>,111,2,[2 8],158,198,200,40,176
1,<environment.Job instance at 0x148f80afa690>,112,2,[1 8],159,200,202,41,179
1,<environment.Job instance at 0x148f76002190>,113,2,[7 1],160,182,184,22,182
1,<environment.Job instance at 0x148f7ff38280>,114,2,[2 9],161,202,204,41,187
1,<environment.Job instance at 0x148f7ff386e0>,115,1,[1 7],162,198,199,36,188
1,<environment.Job instance at 0x148f7ff38e60>,117,13,[8 2],164,199,212,35,189
1,<environment.Job instance at 0x148f7ff38d20>,118,3,[2 6],165,204,207,39,189
1,<environment.Job instance at 0x148f7ff38960>,119,3,[6 2],167,193,196,26,190
1,<environment.Job instance at 0x148f767566e0>,120,3,[1 9],168,207,210,39,190
1,<environment.Job instance at 0x148f76756c80>,121,3,[1 7],170,204,207,34,190
1,<environment.Job instance at 0x148f758e2500>,122,2,[2 7],172,210,212,38,190
1,<environment.Job instance at 0x148f758e2cd0>,123,1,[2 7],173,212,213,39,190
1,<environment.Job instance at 0x148f758e2b90>,124,2,[5 1],174,193,195,19,190
1,<environment.Job instance at 0x148f758e2af0>,125,1,[2 9],176,213,214,37,190
1,<environment.Job instance at 0x148f758e2b40>,126,1,[ 1 10],178,214,215,36,194
1,<environment.Job instance at 0x148f758e2550>,127,3,[10  2],179,212,215,33,196
1,<environment.Job instance at 0x148f7ff38140>,116,2,[7 1],163,215,217,52,213
1,<environment.Job instance at 0x148f78b68500>,92,3,[ 2 13],134,258,261,124,258
1,<environment.Job instance at 0x148f7a2000f0>,21,19,[8 1],38,270,289,232,270
1,<environment.Job instance at 0x148f75c430f0>,41,3,[ 2 12],62,359,362,297,359
1,<environment.Job instance at 0x148f78cfe0f0>,9,3,[10  2],15,18,21,3,18
1,<environment.Job instance at 0x148f78cfe460>,10,13,[9 1],16,21,34,5,18
1,<environment.Job instance at 0x148f78cfe280>,11,1,[ 1 10],17,18,19,1,18
1,<environment.Job instance at 0x148f78cfe910>,12,1,[10  2],18,34,35,16,18
1,<environment.Job instance at 0x148f78cfe500>,14,3,[6 1],20,21,24,1,20
1,<environment.Job instance at 0x148f78cfe2d0>,15,13,[2 5],22,24,37,2,22
1,<environment.Job instance at 0x148f78cfe050>,7,1,[10  2],9,35,36,26,23
1,<environment.Job instance at 0x148f78cfeeb0>,16,2,[2 8],23,24,26,1,24
1,<environment.Job instance at 0x148f7877e460>,19,3,[9 2],28,36,39,8,28
1,<environment.Job instance at 0x148f78cfec30>,20,13,[2 5],32,32,45,0,32
1,<environment.Job instance at 0x148f7877e140>,21,12,[2 7],33,37,49,4,33
1,<environment.Job instance at 0x148f800426e0>,22,13,[7 2],34,39,52,5,34
1,<environment.Job instance at 0x148f78cfec80>,18,2,[8 1],27,49,51,22,34
1,<environment.Job instance at 0x148f80041320>,24,3,[2 6],36,45,48,9,36
1,<environment.Job instance at 0x148f7877ea00>,25,3,[8 1],37,51,54,14,37
1,<environment.Job instance at 0x148f78cd86e0>,23,14,[7 1],35,52,66,17,38
1,<environment.Job instance at 0x148f80041230>,26,1,[6 1],38,48,49,10,39
1,<environment.Job instance at 0x148f7886b0f0>,28,3,[9 1],40,66,69,26,40
1,<environment.Job instance at 0x148f771e31e0>,29,3,[2 9],41,54,57,13,41
1,<environment.Job instance at 0x148f80a750a0>,30,14,[2 5],42,54,68,12,42
1,<environment.Job instance at 0x148f7ffcf3c0>,31,1,[10  2],45,69,70,24,45
1,<environment.Job instance at 0x148f78d8d960>,32,1,[5 1],46,57,58,11,47
1,<environment.Job instance at 0x148f7ffcfaa0>,33,3,[1 8],47,57,60,10,47
1,<environment.Job instance at 0x148f82a1a6e0>,34,2,[5 1],48,58,60,10,48
1,<environment.Job instance at 0x148f787913c0>,35,15,[9 2],50,70,85,20,56
1,<environment.Job instance at 0x148f78791690>,36,2,[2 8],52,60,62,8,56
1,<environment.Job instance at 0x148f754c1dc0>,37,1,[ 1 10],53,68,69,15,56
1,<environment.Job instance at 0x148f809fe730>,27,3,[6 1],39,62,65,23,60
1,<environment.Job instance at 0x148f754c17d0>,39,3,[8 2],56,85,88,29,71
1,<environment.Job instance at 0x148f754c1870>,40,1,[2 8],57,72,73,15,72
1,<environment.Job instance at 0x148f75e36280>,41,1,[5 1],58,74,75,16,74
1,<environment.Job instance at 0x148f754c1d70>,38,16,[8 1],55,88,104,33,75
1,<environment.Job instance at 0x148f754c16e0>,43,18,[5 2],60,75,93,15,75
1,<environment.Job instance at 0x148f754c1780>,44,2,[6 2],65,93,95,28,75
1,<environment.Job instance at 0x148f7668c5a0>,45,12,[2 8],66,95,107,29,78
1,<environment.Job instance at 0x148f7668cbe0>,46,13,[9 2],68,104,117,36,88
1,<environment.Job instance at 0x148f757abb40>,42,3,[5 1],59,95,98,36,95
1,<environment.Job instance at 0x148f7668ce60>,47,18,[ 1 10],70,107,125,37,96
1,<environment.Job instance at 0x148f7668c3c0>,49,15,[5 2],72,107,122,35,96
1,<environment.Job instance at 0x148f7ffd5960>,50,13,[1 6],73,125,138,52,109
1,<environment.Job instance at 0x148f7591b820>,51,2,[8 1],74,117,119,43,109
1,<environment.Job instance at 0x148f758a1820>,52,1,[10  1],75,122,123,47,109
1,<environment.Job instance at 0x148f786cfb90>,53,2,[5 1],76,119,121,43,109
1,<environment.Job instance at 0x148f800a6230>,54,1,[1 6],77,125,126,48,109
1,<environment.Job instance at 0x148f800a6d20>,55,12,[5 2],78,123,135,45,109
1,<environment.Job instance at 0x148f8096fc30>,56,3,[9 2],80,126,129,46,110
1,<environment.Job instance at 0x148f8096ff50>,57,13,[ 1 14],82,138,151,56,122
1,<environment.Job instance at 0x148f8096ff00>,58,1,[10  1],85,135,136,50,122
1,<environment.Job instance at 0x148f8096f8c0>,59,14,[6 1],86,136,150,50,122
1,<environment.Job instance at 0x148f833172d0>,5,2,[ 1 12],7,151,153,144,126
1,<environment.Job instance at 0x148f8096fa00>,60,12,[2 8],87,153,165,66,136
1,<environment.Job instance at 0x148f75cb15f0>,63,3,[1 9],91,165,168,74,139
1,<environment.Job instance at 0x148f7583b870>,66,2,[2 6],98,153,155,55,139
1,<environment.Job instance at 0x148f7583b910>,69,3,[2 5],104,155,158,51,139
1,<environment.Job instance at 0x148f7583bf50>,70,21,[1 9],105,168,189,63,160
1,<environment.Job instance at 0x148f786b6820>,76,2,[13  2],113,160,162,47,160
1,<environment.Job instance at 0x148f7a1e1780>,77,15,[10  2],114,162,177,48,160
1,<environment.Job instance at 0x148f75417e60>,79,16,[1 8],117,189,205,72,176
1,<environment.Job instance at 0x148f829ed5a0>,86,1,[1 9],127,205,206,78,177
1,<environment.Job instance at 0x148f755d5640>,92,16,[6 2],134,180,196,46,180
1,<environment.Job instance at 0x148f766da410>,94,3,[1 6],137,196,199,59,180
1,<environment.Job instance at 0x148f7e812910>,97,1,[ 2 10],141,206,207,65,180
1,<environment.Job instance at 0x148f78ce0410>,99,1,[2 8],143,207,208,64,180
1,<environment.Job instance at 0x148f78daa870>,100,3,[7 2],144,180,183,36,180
1,<environment.Job instance at 0x148f800620a0>,101,1,[2 8],145,208,209,63,181
1,<environment.Job instance at 0x148f839d0820>,102,3,[2 7],146,199,202,53,182
1,<environment.Job instance at 0x148f839d00f0>,103,1,[10  2],147,202,203,55,182
1,<environment.Job instance at 0x148f78750be0>,104,13,[2 7],148,207,220,59,195
1,<environment.Job instance at 0x148f78750280>,109,18,[8 2],153,209,227,56,201
1,<environment.Job instance at 0x148f787502d0>,110,2,[2 9],154,220,222,66,208
1,<environment.Job instance at 0x148f787508c0>,111,17,[8 1],156,227,244,71,215
1,<environment.Job instance at 0x148f75b83320>,113,3,[9 1],158,244,247,86,218
1,<environment.Job instance at 0x148f75b83c80>,114,3,[9 1],159,247,250,88,221
1,<environment.Job instance at 0x148f75b830f0>,115,15,[14  1],160,250,265,90,236
1,<environment.Job instance at 0x148f78e12e10>,116,1,[7 1],161,236,237,75,236
1,<environment.Job instance at 0x148f78e12a50>,117,14,[1 8],163,237,251,74,236
1,<environment.Job instance at 0x148f78e124b0>,118,3,[10  1],165,265,268,100,239
1,<environment.Job instance at 0x148f78e12fa0>,119,3,[ 1 10],167,251,254,84,239
1,<environment.Job instance at 0x148f78e12aa0>,120,1,[7 1],168,268,269,100,240
1,<environment.Job instance at 0x148f78e12730>,121,18,[ 2 10],171,265,283,94,254
1,<environment.Job instance at 0x148f7ff63a50>,122,12,[5 1],173,268,280,95,254
1,<environment.Job instance at 0x148f7ff63c80>,123,3,[9 2],174,280,283,106,254
1,<environment.Job instance at 0x148f7ff63230>,124,3,[8 1],176,269,272,93,254
1,<environment.Job instance at 0x148f7ff63a00>,125,18,[1 9],178,283,301,105,272
1,<environment.Job instance at 0x148f7ff63eb0>,126,2,[5 1],179,272,274,93,272
1,<environment.Job instance at 0x148f78cfef50>,8,18,[1 6],14,408,426,394,408
1,<environment.Job instance at 0x148f78750140>,108,1,[11  2],152,454,455,302,454
1,<environment.Job instance at 0x148f8331f460>,3,28,[2 9],6,8,36,2,8
1,<environment.Job instance at 0x148f76659af0>,17,17,[1 7],21,36,53,15,24
1,<environment.Job instance at 0x148f76659be0>,21,22,[5 2],29,29,51,0,29
1,<environment.Job instance at 0x148f78694410>,23,2,[1 6],32,36,38,4,32
1,<environment.Job instance at 0x148f79cb50a0>,25,1,[ 1 11],36,53,54,17,36
1,<environment.Job instance at 0x148f7a2608c0>,26,13,[6 1],37,38,51,1,37
1,<environment.Job instance at 0x148f79cb5dc0>,27,19,[7 2],38,51,70,13,41
1,<environment.Job instance at 0x148f78d9da50>,28,13,[5 2],39,51,64,12,41
1,<environment.Job instance at 0x148f7542d230>,29,13,[9 2],40,70,83,30,54
1,<environment.Job instance at 0x148f7a2565f0>,33,17,[1 8],45,54,71,9,54
1,<environment.Job instance at 0x148f839db320>,34,2,[10  1],46,83,85,37,58
1,<environment.Job instance at 0x148f7d3c2f50>,40,2,[ 1 10],53,71,73,18,58
1,<environment.Job instance at 0x148f7d3c2230>,41,1,[2 9],54,73,74,19,60
1,<environment.Job instance at 0x148f8000cfa0>,42,21,[10  1],55,85,106,30,78
1,<environment.Job instance at 0x148f75deb7d0>,44,3,[7 2],58,106,109,48,81
1,<environment.Job instance at 0x148f75deb3c0>,45,2,[7 1],59,106,108,47,90
1,<environment.Job instance at 0x148f75deb640>,46,1,[9 2],60,109,110,49,93
1,<environment.Job instance at 0x148f75e626e0>,47,2,[5 1],61,97,99,36,97
1,<environment.Job instance at 0x148f75e62190>,48,14,[2 9],62,108,122,46,106
1,<environment.Job instance at 0x148f75e62fa0>,50,15,[10  1],65,110,125,45,107
1,<environment.Job instance at 0x148f75e62e60>,51,17,[1 9],68,122,139,54,111
1,<environment.Job instance at 0x148f75e62320>,52,1,[5 1],69,125,126,56,112
1,<environment.Job instance at 0x148f75e62b40>,53,3,[6 1],70,125,128,55,113
1,<environment.Job instance at 0x148f75e62230>,54,3,[8 2],73,126,129,53,113
1,<environment.Job instance at 0x148f75e621e0>,55,18,[7 1],75,129,147,54,120
1,<environment.Job instance at 0x148f75e629b0>,56,3,[2 5],76,120,123,44,120
1,<environment.Job instance at 0x148f75e62550>,57,1,[1 6],77,139,140,62,120
1,<environment.Job instance at 0x148f78dd3870>,58,2,[8 1],78,140,142,62,121
1,<environment.Job instance at 0x148f78dd3320>,59,2,[1 7],79,142,144,63,122
1,<environment.Job instance at 0x148f78dd30a0>,60,2,[7 2],80,129,131,49,128
1,<environment.Job instance at 0x148f78dd33c0>,61,2,[7 1],81,132,134,51,132
1,<environment.Job instance at 0x148f78dd3050>,62,1,[ 2 12],82,144,145,62,134
1,<environment.Job instance at 0x148f78dd3460>,63,2,[ 1 10],83,145,147,62,140
1,<environment.Job instance at 0x148f78dd3f00>,64,13,[6 1],84,142,155,58,140
1,<environment.Job instance at 0x148f78dd34b0>,65,2,[1 5],85,142,144,57,142
1,<environment.Job instance at 0x148f7a20d550>,66,2,[6 1],86,147,149,61,143
1,<environment.Job instance at 0x148f7a20d7d0>,67,3,[2 8],87,147,150,60,144
1,<environment.Job instance at 0x148f7a20dfa0>,68,3,[1 7],88,150,153,62,144
1,<environment.Job instance at 0x148f7594d780>,69,3,[1 8],90,153,156,63,144
1,<environment.Job instance at 0x148f7594daf0>,70,3,[7 1],92,149,152,57,144
1,<environment.Job instance at 0x148f787f6af0>,71,14,[2 7],93,155,169,62,145
1,<environment.Job instance at 0x148f787f6550>,72,12,[ 1 10],96,169,181,73,156
1,<environment.Job instance at 0x148f787f6b40>,73,1,[ 2 10],97,181,182,84,158
1,<environment.Job instance at 0x148f75c5cfa0>,74,2,[1 9],99,182,184,83,164
1,<environment.Job instance at 0x148f787f65f0>,75,2,[5 2],101,165,167,64,165
1,<environment.Job instance at 0x148f75e62aa0>,49,3,[1 5],64,179,182,115,179
1,<environment.Job instance at 0x148f787f6be0>,77,21,[5 2],104,182,203,78,179
1,<environment.Job instance at 0x148f787f6e10>,76,2,[1 5],102,184,186,82,179
1,<environment.Job instance at 0x148f756ea820>,80,3,[2 9],107,186,189,79,179
1,<environment.Job instance at 0x148f75ad70f0>,81,1,[10  1],108,189,190,81,179
1,<environment.Job instance at 0x148f78752cd0>,82,2,[2 9],109,190,192,81,181
1,<environment.Job instance at 0x148f75ad7460>,84,2,[8 2],113,182,184,69,181
1,<environment.Job instance at 0x148f755f6a50>,85,3,[6 2],115,184,187,69,181
1,<environment.Job instance at 0x148f75a085a0>,86,2,[7 2],116,187,189,71,182
1,<environment.Job instance at 0x148f75a08fa0>,87,3,[10  2],117,192,195,75,182
1,<environment.Job instance at 0x148f75a084b0>,88,2,[6 2],120,190,192,70,182
1,<environment.Job instance at 0x148f79d96b90>,89,3,[10  2],121,195,198,74,182
1,<environment.Job instance at 0x148f7575ae60>,90,2,[8 2],122,198,200,76,182
1,<environment.Job instance at 0x148f787697d0>,91,3,[7 1],124,200,203,76,183
1,<environment.Job instance at 0x148f75f88500>,92,3,[7 2],125,203,206,78,183
1,<environment.Job instance at 0x148f7877a640>,93,2,[6 2],127,203,205,76,183
1,<environment.Job instance at 0x148f75f881e0>,95,1,[1 7],129,198,199,69,184
1,<environment.Job instance at 0x148f75861c30>,96,1,[5 2],131,205,206,74,185
1,<environment.Job instance at 0x148f7ff23fa0>,97,3,[10  1],132,206,209,74,185
1,<environment.Job instance at 0x148f7ff236e0>,98,2,[5 1],134,206,208,72,186
1,<environment.Job instance at 0x148f77c1ac30>,100,1,[10  2],138,209,210,71,187
1,<environment.Job instance at 0x148f75f88640>,94,2,[7 1],128,210,212,82,204
1,<environment.Job instance at 0x148f77c1a960>,102,3,[9 1],140,212,215,72,210
1,<environment.Job instance at 0x148f78bcdb40>,103,3,[9 2],143,215,218,72,213
1,<environment.Job instance at 0x148f77c1a280>,101,27,[6 1],139,213,240,74,213
1,<environment.Job instance at 0x148f78bcd190>,105,15,[ 2 13],146,218,233,72,214
1,<environment.Job instance at 0x148f7bb14d20>,106,12,[9 1],147,233,245,86,216
1,<environment.Job instance at 0x148f78bcdd70>,104,3,[5 1],145,227,230,82,227
1,<environment.Job instance at 0x148f7bb145a0>,108,17,[2 7],150,240,257,90,228
1,<environment.Job instance at 0x148f80a75c30>,111,13,[7 1],155,245,258,90,230
1,<environment.Job instance at 0x148f80a757d0>,112,15,[2 6],156,240,255,84,231
1,<environment.Job instance at 0x148f80a755f0>,113,12,[2 6],157,255,267,98,238
1,<environment.Job instance at 0x148f80a752d0>,114,1,[1 5],160,257,258,97,238
1,<environment.Job instance at 0x148f839ceeb0>,115,1,[9 2],161,258,259,97,240
1,<environment.Job instance at 0x148f80a750f0>,116,1,[6 2],163,259,260,96,246
1,<environment.Job instance at 0x148f839cef00>,117,16,[10  1],164,260,276,96,249
1,<environment.Job instance at 0x148f839ceaa0>,118,2,[2 8],165,260,262,95,251
1,<environment.Job instance at 0x148f839ce5f0>,119,1,[10  2],166,276,277,110,252
1,<environment.Job instance at 0x148f839cec80>,120,1,[12  1],168,277,278,109,252
1,<environment.Job instance at 0x148f839ce3c0>,121,25,[1 7],169,262,287,93,259
1,<environment.Job instance at 0x148f839ce4b0>,122,3,[8 2],170,278,281,108,259
1,<environment.Job instance at 0x148f78bee460>,123,2,[8 1],173,281,283,108,259
1,<environment.Job instance at 0x148f78bee910>,124,1,[ 1 11],174,287,288,113,259
1,<environment.Job instance at 0x148f78bee960>,125,3,[1 9],176,288,291,112,262
1,<environment.Job instance at 0x148f78beec80>,126,1,[ 2 10],179,291,292,112,263
1,<environment.Job instance at 0x148f7d3c2550>,39,18,[ 1 12],52,367,385,315,367
1,<environment.Job instance at 0x148f7bb140f0>,110,2,[12  2],154,417,419,263,417
1,<environment.Job instance at 0x148f78835d20>,7,26,[1 7],10,11,37,1,11
1,<environment.Job instance at 0x148fccede3c0>,12,20,[6 1],15,15,35,0,15
1,<environment.Job instance at 0x148f753e60a0>,16,1,[8 1],20,32,33,12,32
1,<environment.Job instance at 0x148f808ed370>,26,1,[8 2],35,35,36,0,35
1,<environment.Job instance at 0x148f808ed050>,27,2,[8 1],37,37,39,0,37
1,<environment.Job instance at 0x148f808ed500>,28,1,[1 5],38,38,39,0,38
1,<environment.Job instance at 0x148f808ed2d0>,29,3,[9 1],39,39,42,0,39
1,<environment.Job instance at 0x148f80a4ebe0>,30,2,[5 1],40,40,42,0,40
1,<environment.Job instance at 0x148f80a4ef50>,32,1,[5 1],42,42,43,0,42
1,<environment.Job instance at 0x148f80a4e1e0>,33,15,[1 8],44,44,59,0,44
1,<environment.Job instance at 0x148f7ffc9b90>,38,18,[2 7],55,55,73,0,55
1,<environment.Job instance at 0x148f7ffc9550>,39,2,[2 6],57,59,61,2,57
1,<environment.Job instance at 0x148f7ffc9500>,40,3,[6 2],58,59,62,1,58
1,<environment.Job instance at 0x148f7a17a410>,41,1,[5 2],60,61,62,1,60
1,<environment.Job instance at 0x148f7a17a320>,43,1,[ 1 10],64,73,74,9,65
1,<environment.Job instance at 0x148f7a17ae10>,45,3,[8 2],67,67,70,0,67
1,<environment.Job instance at 0x148f75c43aa0>,46,1,[1 9],68,74,75,6,68
1,<environment.Job instance at 0x148f75c43a00>,49,16,[1 8],73,75,91,2,73
1,<environment.Job instance at 0x148f78bfd6e0>,50,18,[2 7],75,75,93,0,75
1,<environment.Job instance at 0x148f79de76e0>,51,16,[1 8],76,91,107,15,78
1,<environment.Job instance at 0x148f77c4c2d0>,52,3,[13  1],77,93,96,16,78
1,<environment.Job instance at 0x148f7fe7b500>,53,3,[6 1],80,96,99,16,80
1,<environment.Job instance at 0x148f79d8d3c0>,54,2,[8 2],81,96,98,15,81
1,<environment.Job instance at 0x148f78775500>,55,3,[11  1],82,99,102,17,82
1,<environment.Job instance at 0x148f79d8deb0>,56,16,[5 2],83,102,118,19,89
1,<environment.Job instance at 0x148f79d95050>,57,12,[7 2],84,102,114,18,89
1,<environment.Job instance at 0x148f79d952d0>,58,1,[2 6],85,98,99,13,89
1,<environment.Job instance at 0x148f75d8d230>,59,26,[1 6],86,107,133,21,104
1,<environment.Job instance at 0x148f75d8d0a0>,61,2,[6 1],88,114,116,26,104
1,<environment.Job instance at 0x148f75747370>,62,3,[7 2],90,116,119,26,104
1,<environment.Job instance at 0x148f75cf7550>,63,3,[2 6],91,118,121,27,104
1,<environment.Job instance at 0x148f7fe88be0>,64,1,[ 2 10],92,133,134,41,105
1,<environment.Job instance at 0x148f7fe882d0>,65,2,[5 2],94,119,121,25,105
1,<environment.Job instance at 0x148f76710be0>,66,1,[7 2],95,121,122,26,105
1,<environment.Job instance at 0x148f76710640>,67,15,[10  2],96,122,137,26,108
1,<environment.Job instance at 0x148f76710dc0>,68,3,[1 6],97,121,124,24,108
1,<environment.Job instance at 0x148f76710370>,69,2,[2 7],98,124,126,26,108
1,<environment.Job instance at 0x148f76710b90>,70,3,[7 1],99,137,140,38,111
1,<environment.Job instance at 0x148f80a4e5f0>,31,3,[1 9],41,134,137,93,120
1,<environment.Job instance at 0x148f769753c0>,71,14,[6 1],100,137,151,37,122
1,<environment.Job instance at 0x148f76975a00>,74,3,[ 2 10],105,137,140,32,122
1,<environment.Job instance at 0x148f832c9460>,75,1,[1 6],109,126,127,17,122
1,<environment.Job instance at 0x148f832c9640>,76,3,[1 8],110,140,143,30,122
1,<environment.Job instance at 0x148f832c95a0>,77,2,[2 7],112,127,129,15,122
1,<environment.Job instance at 0x148f832c9190>,78,14,[10  1],113,151,165,38,136
1,<environment.Job instance at 0x148f7a190140>,83,17,[2 8],120,143,160,23,136
1,<environment.Job instance at 0x148f7a190280>,84,17,[1 8],121,160,177,39,148
1,<environment.Job instance at 0x148f755e0af0>,87,1,[1 8],124,177,178,53,149
1,<environment.Job instance at 0x148f75a08960>,88,3,[8 2],127,165,168,38,149
1,<environment.Job instance at 0x148f786e8fa0>,89,3,[2 5],128,150,153,22,150
1,<environment.Job instance at 0x148f79da98c0>,91,2,[8 2],131,168,170,37,150
1,<environment.Job instance at 0x148f7a0fc140>,92,1,[8 1],132,170,171,38,150
1,<environment.Job instance at 0x148f7a0fcaf0>,93,23,[7 1],133,171,194,38,165
1,<environment.Job instance at 0x148f787c23c0>,94,22,[5 2],134,165,187,31,165
1,<environment.Job instance at 0x148f79da9780>,90,3,[9 1],130,194,197,64,168
1,<environment.Job instance at 0x148f786ccaf0>,96,2,[2 9],137,178,180,41,168
1,<environment.Job instance at 0x148f7a0fc370>,95,22,[7 2],136,197,219,61,190
1,<environment.Job instance at 0x148f786ccc80>,98,1,[2 7],139,190,191,51,190
1,<environment.Job instance at 0x148f786cc910>,99,2,[ 2 10],142,191,193,49,190
1,<environment.Job instance at 0x148f786cc0f0>,100,2,[8 1],143,197,199,54,190
1,<environment.Job instance at 0x148f786cccd0>,101,21,[5 1],144,199,220,55,191
1,<environment.Job instance at 0x148f786cc6e0>,102,3,[9 1],145,219,222,74,193
1,<environment.Job instance at 0x148f786ccd20>,103,1,[9 2],146,222,223,76,194
1,<environment.Job instance at 0x148f786ccbe0>,104,15,[2 6],148,199,214,51,194
1,<environment.Job instance at 0x148f786cc870>,97,3,[ 2 10],138,214,217,76,196
1,<environment.Job instance at 0x148f75dff0a0>,105,3,[7 2],150,223,226,73,197
1,<environment.Job instance at 0x148f75dff690>,106,2,[ 2 10],151,217,219,66,197
1,<environment.Job instance at 0x148f75dff5f0>,107,3,[ 1 12],155,219,222,64,197
1,<environment.Job instance at 0x148f75dffe10>,109,24,[5 2],158,220,244,62,215
1,<environment.Job instance at 0x148f75dff320>,110,24,[2 7],161,223,247,62,218
1,<environment.Job instance at 0x148f75dffaa0>,111,3,[1 8],162,244,247,82,221
1,<environment.Job instance at 0x148f75dffbe0>,108,1,[10  1],157,247,248,90,222
1,<environment.Job instance at 0x148f75dffcd0>,112,12,[1 6],164,226,238,62,222
1,<environment.Job instance at 0x148f75dffc80>,114,18,[8 1],168,248,266,80,238
1,<environment.Job instance at 0x148f75d3bb40>,116,2,[7 2],172,238,240,66,238
1,<environment.Job instance at 0x148f75d3bf50>,117,1,[10  2],173,266,267,93,238
1,<environment.Job instance at 0x148f79e38960>,118,3,[1 5],175,240,243,65,239
1,<environment.Job instance at 0x148f79e38d20>,119,2,[6 2],176,248,250,72,239
1,<environment.Job instance at 0x148f79e38a50>,120,3,[2 7],177,250,253,73,239
1,<environment.Job instance at 0x148f75d3b140>,115,3,[6 2],171,253,256,82,241
1,<environment.Job instance at 0x148f79e38c30>,121,3,[14  2],178,267,270,89,241
1,<environment.Job instance at 0x148f754b9640>,85,17,[ 2 11],122,341,358,219,341
1,<environment.Job instance at 0x148f755e0dc0>,86,25,[ 2 14],123,720,745,597,720
1,<environment.Job instance at 0x148f809955a0>,24,3,[13  1],32,799,802,767,799
1,<environment.Job instance at 0x148f787ab1e0>,12,23,[10  2],18,19,42,1,19
1,<environment.Job instance at 0x148f787cbdc0>,17,25,[2 7],27,28,53,1,28
1,<environment.Job instance at 0x148f78694230>,18,3,[1 7],29,42,45,13,30
1,<environment.Job instance at 0x148f7699d6e0>,19,19,[8 1],32,42,61,10,32
1,<environment.Job instance at 0x148f7879fe60>,20,3,[10  2],34,61,64,27,35
1,<environment.Job instance at 0x148f75ff0780>,21,1,[9 1],35,64,65,29,36
1,<environment.Job instance at 0x148f75ff0af0>,22,2,[8 2],36,65,67,29,38
1,<environment.Job instance at 0x148f787ab5a0>,23,2,[6 1],37,53,55,16,38
1,<environment.Job instance at 0x148f809ffb40>,24,1,[2 6],38,38,39,0,38
1,<environment.Job instance at 0x148f758d7730>,25,2,[2 7],39,45,47,6,39
1,<environment.Job instance at 0x148f759b5280>,26,1,[1 7],40,47,48,7,40
1,<environment.Job instance at 0x148f759b51e0>,27,1,[1 7],43,48,49,5,43
1,<environment.Job instance at 0x148f759b5870>,29,1,[8 2],45,67,68,22,45
1,<environment.Job instance at 0x148f7ff488c0>,15,2,[5 1],23,55,57,32,53
1,<environment.Job instance at 0x148f759b5960>,30,18,[9 2],46,68,86,22,57
1,<environment.Job instance at 0x148f759b5690>,32,3,[5 1],48,57,60,9,57
1,<environment.Job instance at 0x148f759a19b0>,33,2,[9 1],49,86,88,37,59
1,<environment.Job instance at 0x148f759a1e10>,34,3,[7 1],51,65,68,14,59
1,<environment.Job instance at 0x148f759a16e0>,35,1,[1 9],54,59,60,5,59
1,<environment.Job instance at 0x148f759b85a0>,36,14,[7 1],55,88,102,33,73
1,<environment.Job instance at 0x148f759b8640>,37,3,[ 2 10],57,74,77,17,74
1,<environment.Job instance at 0x148f759b8140>,38,3,[6 2],58,77,80,19,74
1,<environment.Job instance at 0x148f759b83c0>,39,3,[6 1],60,80,83,20,74
1,<environment.Job instance at 0x148f759b8be0>,40,3,[6 1],65,83,86,18,74
1,<environment.Job instance at 0x148f759b8050>,41,3,[7 2],66,88,91,22,74
1,<environment.Job instance at 0x148f759b86e0>,42,15,[8 1],67,91,106,24,77
1,<environment.Job instance at 0x148f80a010f0>,43,3,[1 7],69,86,89,17,77
1,<environment.Job instance at 0x148f80a019b0>,44,2,[8 1],70,106,108,36,80
1,<environment.Job instance at 0x148f80a010a0>,45,2,[7 1],73,102,104,29,80
1,<environment.Job instance at 0x148f80a015f0>,46,15,[7 1],74,104,119,30,90
1,<environment.Job instance at 0x148f759be8c0>,47,3,[1 6],76,108,111,32,91
1,<environment.Job instance at 0x148f759be1e0>,48,2,[6 1],77,108,110,31,91
1,<environment.Job instance at 0x148f759d3c30>,49,1,[10  2],78,119,120,41,91
1,<environment.Job instance at 0x148f759d3b40>,50,3,[1 6],79,108,111,29,91
1,<environment.Job instance at 0x148f759d3c80>,51,17,[5 1],84,110,127,26,98
1,<environment.Job instance at 0x148f759d3e10>,52,2,[1 5],86,111,113,25,98
1,<environment.Job instance at 0x148f759d3460>,53,1,[7 2],90,120,121,30,98
1,<environment.Job instance at 0x148f78c9ec30>,54,16,[2 6],91,120,136,29,107
1,<environment.Job instance at 0x148f7a23bb40>,56,1,[10  2],94,127,128,33,107
1,<environment.Job instance at 0x148f75cdb0a0>,57,13,[1 8],95,128,141,33,112
1,<environment.Job instance at 0x148f7a23b6e0>,58,3,[8 1],96,121,124,25,112
1,<environment.Job instance at 0x148f7a23b780>,59,3,[6 1],97,124,127,27,112
1,<environment.Job instance at 0x148f759b5820>,31,3,[8 1],47,128,131,81,112
1,<environment.Job instance at 0x148f7878e3c0>,60,2,[6 2],101,136,138,35,112
1,<environment.Job instance at 0x148f77c3f2d0>,62,2,[2 7],105,112,114,7,112
1,<environment.Job instance at 0x148f78c6a730>,63,18,[5 1],108,131,149,23,122
1,<environment.Job instance at 0x148fcce10140>,64,3,[6 2],110,138,141,28,122
1,<environment.Job instance at 0x148f80ae8f50>,65,2,[10  2],111,141,143,30,122
1,<environment.Job instance at 0x148f7592f2d0>,66,2,[1 6],112,124,126,12,122
1,<environment.Job instance at 0x148f7a229c30>,67,13,[1 7],114,143,156,29,127
1,<environment.Job instance at 0x148f7a2299b0>,68,3,[1 9],115,156,159,41,134
1,<environment.Job instance at 0x148f771efc80>,69,3,[8 2],116,143,146,27,134
1,<environment.Job instance at 0x148f7a229b40>,70,13,[8 2],117,146,159,29,136
1,<environment.Job instance at 0x148f771ef960>,71,22,[7 2],118,159,181,41,152
1,<environment.Job instance at 0x148f75f1a6e0>,72,3,[6 2],119,152,155,33,152
1,<environment.Job instance at 0x148f75f1af50>,73,3,[9 2],120,181,184,61,155
1,<environment.Job instance at 0x148f76633c30>,74,13,[6 1],121,155,168,34,155
1,<environment.Job instance at 0x148f766339b0>,75,2,[ 2 10],123,159,161,36,155
1,<environment.Job instance at 0x148f766335a0>,76,21,[2 7],125,161,182,36,156
1,<environment.Job instance at 0x148f76633eb0>,77,3,[2 8],126,182,185,56,156
1,<environment.Job instance at 0x148f75b8f820>,78,14,[1 6],128,168,182,40,156
1,<environment.Job instance at 0x148f75b8f5a0>,79,2,[6 2],129,184,186,55,157
1,<environment.Job instance at 0x148f75b8f2d0>,80,1,[2 6],130,185,186,55,159
1,<environment.Job instance at 0x148f75b8f140>,81,3,[7 1],131,184,187,53,159
1,<environment.Job instance at 0x148f75b66fa0>,82,3,[1 7],133,186,189,53,161
1,<environment.Job instance at 0x148f75b66b40>,83,15,[10  2],134,187,202,53,173
1,<environment.Job instance at 0x148f75b66050>,84,2,[5 1],136,189,191,53,173
1,<environment.Job instance at 0x148f75b667d0>,85,1,[8 1],137,202,203,65,174
1,<environment.Job instance at 0x148f75b665a0>,86,3,[2 9],138,191,194,53,174
1,<environment.Job instance at 0x148f75b66140>,87,18,[2 5],139,194,212,55,183
1,<environment.Job instance at 0x148f80ac3dc0>,89,1,[6 1],141,186,187,45,183
1,<environment.Job instance at 0x148f80ac3640>,90,15,[2 6],143,194,209,51,183
1,<environment.Job instance at 0x148f80ac3b90>,91,21,[10  2],144,203,224,59,195
1,<environment.Job instance at 0x148f80ac3af0>,92,15,[9 1],145,224,239,79,210
1,<environment.Job instance at 0x148f80ac3960>,93,1,[5 1],146,212,213,66,210
1,<environment.Job instance at 0x148f80ac36e0>,94,3,[2 6],149,213,216,64,210
1,<environment.Job instance at 0x148f787ad230>,95,18,[2 9],150,216,234,66,210
1,<environment.Job instance at 0x148f787ad500>,96,3,[9 1],152,239,242,87,214
1,<environment.Job instance at 0x148f75b07320>,98,2,[8 1],154,242,244,88,215
1,<environment.Job instance at 0x148f75b07690>,99,12,[10  2],155,244,256,89,227
1,<environment.Job instance at 0x148f80093dc0>,100,2,[9 2],156,256,258,100,229
1,<environment.Job instance at 0x148f79cfb9b0>,101,2,[2 8],157,234,236,77,229
1,<environment.Job instance at 0x148f80b65c80>,102,1,[1 5],159,229,230,70,229
1,<environment.Job instance at 0x148f80b65370>,103,1,[2 6],160,234,235,74,229
1,<environment.Job instance at 0x148f80b65960>,104,1,[5 1],161,236,237,75,230
1,<environment.Job instance at 0x148f80b65280>,105,1,[2 6],163,235,236,72,230
1,<environment.Job instance at 0x148f80b65230>,106,13,[7 1],164,258,271,94,242
1,<environment.Job instance at 0x148f80b65b90>,107,3,[2 8],165,243,246,78,243
1,<environment.Job instance at 0x148f758a1a50>,109,3,[ 2 13],168,246,249,78,243
1,<environment.Job instance at 0x148f80b659b0>,110,15,[8 1],169,258,273,89,244
1,<environment.Job instance at 0x148f758a13c0>,111,3,[1 8],170,249,252,79,244
1,<environment.Job instance at 0x148f758a1730>,112,1,[7 2],171,271,272,100,244
1,<environment.Job instance at 0x148f758a18c0>,113,15,[9 2],173,273,288,100,259
1,<environment.Job instance at 0x148f758a1410>,114,17,[5 1],174,272,289,98,260
1,<environment.Job instance at 0x148f7a23be10>,61,3,[14  1],102,289,292,187,269
1,<environment.Job instance at 0x148f754dab90>,116,1,[10  2],176,288,289,112,282
1,<environment.Job instance at 0x148f758a1c80>,115,28,[7 2],175,292,320,117,292
1,<environment.Job instance at 0x148f82a9b460>,14,2,[13  2],22,320,322,298,293
1,<environment.Job instance at 0x148f754da4b0>,118,16,[1 8],179,293,309,114,293
1,<environment.Job instance at 0x148f753eb8c0>,19,2,[10  2],28,28,30,0,28
1,<environment.Job instance at 0x148f832c97d0>,20,3,[10  1],31,42,45,11,42
1,<environment.Job instance at 0x148f753ebc30>,23,1,[10  1],34,46,47,12,46
1,<environment.Job instance at 0x148f753eb370>,24,24,[2 7],36,46,70,10,46
1,<environment.Job instance at 0x148f753eb640>,26,13,[1 6],38,46,59,8,46
1,<environment.Job instance at 0x148f753eb460>,27,18,[2 5],39,59,77,20,49
1,<environment.Job instance at 0x148f753ebcd0>,28,13,[9 1],40,54,67,14,54
1,<environment.Job instance at 0x148f753eb410>,29,17,[2 8],45,70,87,25,58
1,<environment.Job instance at 0x148f800957d0>,35,18,[7 2],53,67,85,14,58
1,<environment.Job instance at 0x148f75bc26e0>,36,3,[2 5],56,77,80,21,58
1,<environment.Job instance at 0x148f75b0d4b0>,37,13,[1 8],57,87,100,30,71
1,<environment.Job instance at 0x148f788315a0>,42,1,[5 1],66,80,81,14,71
1,<environment.Job instance at 0x148f75947a00>,43,15,[7 1],67,85,100,18,71
1,<environment.Job instance at 0x148f75991e60>,45,1,[1 5],70,81,82,11,71
1,<environment.Job instance at 0x148f75991dc0>,46,1,[ 1 12],71,100,101,29,72
1,<environment.Job instance at 0x148f78749640>,48,3,[8 1],76,100,103,24,76
1,<environment.Job instance at 0x148f787498c0>,50,1,[13  1],83,103,104,20,83
1,<environment.Job instance at 0x148f787496e0>,51,3,[2 7],84,101,104,17,84
1,<environment.Job instance at 0x148f75eacfa0>,53,3,[2 9],87,104,107,17,87
1,<environment.Job instance at 0x148f78ce0aa0>,54,2,[2 7],88,101,103,13,88
1,<environment.Job instance at 0x148f7a127eb0>,55,2,[9 2],89,104,106,15,89
1,<environment.Job instance at 0x148f7a116500>,56,16,[6 2],90,106,122,16,93
1,<environment.Job instance at 0x148f80abaaa0>,63,17,[ 2 10],99,107,124,8,99
1,<environment.Job instance at 0x148f80aba640>,64,3,[10  2],100,122,125,22,100
1,<environment.Job instance at 0x148f76009d70>,65,1,[8 2],101,125,126,24,102
1,<environment.Job instance at 0x148f760096e0>,66,1,[ 1 10],103,124,125,21,103
1,<environment.Job instance at 0x148f76009640>,67,3,[ 2 10],104,125,128,21,104
1,<environment.Job instance at 0x148f76009eb0>,68,2,[8 1],105,126,128,21,105
1,<environment.Job instance at 0x148f82a4b7d0>,69,3,[9 2],107,128,131,21,107
1,<environment.Job instance at 0x148f75ad5690>,70,1,[2 9],110,128,129,18,110
1,<environment.Job instance at 0x148f79e7e9b0>,71,18,[6 1],111,129,147,18,118
1,<environment.Job instance at 0x148f79e7e7d0>,72,17,[7 1],112,131,148,19,119
1,<environment.Job instance at 0x148f79e7e870>,73,15,[ 1 10],116,131,146,15,119
1,<environment.Job instance at 0x148f79e7eeb0>,74,14,[2 6],118,146,160,28,131
1,<environment.Job instance at 0x148f79e7e140>,75,3,[6 2],119,147,150,28,131
1,<environment.Job instance at 0x148f7a1391e0>,76,1,[2 7],120,148,149,28,131
1,<environment.Job instance at 0x148f78c4fd70>,77,2,[8 1],122,150,152,28,131
1,<environment.Job instance at 0x148f80ad44b0>,78,3,[ 1 10],124,160,163,36,134
1,<environment.Job instance at 0x148f76759780>,79,15,[9 2],126,152,167,26,138
1,<environment.Job instance at 0x148f7a119190>,80,3,[7 1],127,167,170,40,141
1,<environment.Job instance at 0x148f80946af0>,81,2,[1 8],128,150,152,22,141
1,<environment.Job instance at 0x148f7a119af0>,82,3,[5 1],129,160,163,31,141
1,<environment.Job instance at 0x148f7888cf50>,83,1,[1 9],130,163,164,33,141
1,<environment.Job instance at 0x148f80053190>,84,18,[1 8],132,164,182,32,153
1,<environment.Job instance at 0x148f753d9960>,85,17,[7 1],133,167,184,34,155
1,<environment.Job instance at 0x148f7a18bbe0>,86,2,[10  1],136,184,186,48,157
1,<environment.Job instance at 0x148f78af2780>,90,1,[7 2],140,170,171,30,157
1,<environment.Job instance at 0x148f78af2820>,91,15,[6 2],141,186,201,45,172
1,<environment.Job instance at 0x148f79d47e10>,92,16,[1 5],144,172,188,28,172
1,<environment.Job instance at 0x148f78dc4910>,93,3,[ 2 10],146,188,191,42,172
1,<environment.Job instance at 0x148f78dc4960>,94,1,[9 1],147,191,192,44,172
1,<environment.Job instance at 0x148f78dc42d0>,95,14,[1 7],148,192,206,44,177
1,<environment.Job instance at 0x148f78dc4a00>,96,15,[8 2],149,192,207,43,178
1,<environment.Job instance at 0x148f78dc4f00>,97,1,[2 5],151,182,183,31,178
1,<environment.Job instance at 0x148f787890f0>,98,15,[7 1],152,206,221,54,192
1,<environment.Job instance at 0x148f788ad0f0>,100,3,[1 9],154,207,210,53,192
1,<environment.Job instance at 0x148f7a18f5a0>,101,1,[2 9],155,210,211,55,192
1,<environment.Job instance at 0x148f7bb32370>,102,1,[10  1],156,221,222,65,193
1,<environment.Job instance at 0x148f79ce47d0>,103,15,[2 8],157,211,226,54,197
1,<environment.Job instance at 0x148f7a21e820>,104,3,[1 6],158,201,204,43,197
1,<environment.Job instance at 0x148f7e81dcd0>,105,2,[5 1],159,204,206,45,197
1,<environment.Job instance at 0x148f759d9d20>,106,1,[2 5],163,207,208,44,197
1,<environment.Job instance at 0x148f759d9c30>,107,19,[1 8],164,226,245,62,216
1,<environment.Job instance at 0x148f759d9e60>,108,2,[9 1],165,222,224,57,216
1,<environment.Job instance at 0x148f787e5370>,109,3,[ 2 12],166,245,248,79,219
1,<environment.Job instance at 0x148f787e5870>,110,2,[1 7],167,224,226,57,219
1,<environment.Job instance at 0x148f8334f7d0>,111,2,[10  1],169,226,228,57,219
1,<environment.Job instance at 0x148f787e52d0>,112,3,[1 5],171,219,222,48,219
1,<environment.Job instance at 0x148f787e5550>,113,13,[6 1],172,228,241,56,219
1,<environment.Job instance at 0x148f7a122d70>,114,3,[7 2],173,228,231,55,219
1,<environment.Job instance at 0x148f7a284690>,115,1,[6 2],174,231,232,57,219
1,<environment.Job instance at 0x148f7549e500>,116,20,[10  2],177,241,261,64,232
1,<environment.Job instance at 0x148f75eacf50>,52,2,[10  2],86,261,263,175,250
1,<environment.Job instance at 0x1515a13f88c0>,24,12,[ 1 10],32,33,45,1,33
1,<environment.Job instance at 0x1515a13f8730>,22,1,[2 7],30,45,46,15,41
1,<environment.Job instance at 0x1515a13f8b40>,27,2,[2 7],36,45,47,9,42
1,<environment.Job instance at 0x1515a13f89b0>,25,2,[2 8],34,46,48,12,42
1,<environment.Job instance at 0x1515a13f8870>,29,16,[10  2],39,47,63,8,43
1,<environment.Job instance at 0x1515a13f8d70>,30,15,[2 9],40,48,63,8,43
1,<environment.Job instance at 0x1515a13f8e60>,31,3,[9 2],41,63,66,22,43
1,<environment.Job instance at 0x1515a13f8fa0>,32,3,[2 9],42,63,66,21,43
1,<environment.Job instance at 0x1515a13f8f50>,33,1,[2 7],43,66,67,23,43
1,<environment.Job instance at 0x1515a13f8c80>,28,2,[2 7],37,66,68,29,48
1,<environment.Job instance at 0x1515a13fa4b0>,35,2,[1 8],45,67,69,22,48
1,<environment.Job instance at 0x1515a13fa6e0>,36,3,[10  2],48,68,71,20,52
1,<environment.Job instance at 0x1515a13f8140>,20,2,[ 1 13],27,69,71,42,52
1,<environment.Job instance at 0x1515a13fa460>,34,15,[11  1],44,71,86,27,57
1,<environment.Job instance at 0x1515a13fab90>,41,25,[12  2],54,86,111,32,82
1,<environment.Job instance at 0x1515a13faeb0>,46,2,[2 8],61,82,84,21,82
1,<environment.Job instance at 0x1515a13facd0>,47,1,[1 6],63,82,83,19,82
1,<environment.Job instance at 0x1515a13fc2d0>,48,1,[2 9],65,84,85,19,82
1,<environment.Job instance at 0x1515a13fc0a0>,49,16,[8 2],66,111,127,45,98
1,<environment.Job instance at 0x1515a13fc8c0>,54,2,[2 5],75,98,100,23,98
1,<environment.Job instance at 0x1515a13fc870>,55,16,[2 5],76,100,116,24,98
1,<environment.Job instance at 0x1515a13fc960>,56,1,[10  2],79,127,128,48,99
1,<environment.Job instance at 0x1515a13fc320>,57,22,[1 5],80,99,121,19,99
1,<environment.Job instance at 0x1515a13fcbe0>,58,15,[2 9],82,121,136,39,107
1,<environment.Job instance at 0x1515a13fceb0>,59,1,[1 9],85,136,137,51,108
1,<environment.Job instance at 0x1515a13fcf50>,61,3,[1 5],87,116,119,29,108
1,<environment.Job instance at 0x1515a13fcd70>,62,3,[9 2],88,128,131,40,108
1,<environment.Job instance at 0x1515a13ff230>,63,3,[10  1],89,131,134,42,108
1,<environment.Job instance at 0x1515a13ff320>,64,12,[9 1],91,134,146,43,117
1,<environment.Job instance at 0x1515a13ff280>,65,3,[2 9],92,137,140,45,117
1,<environment.Job instance at 0x1515a13ff410>,66,3,[1 9],93,140,143,47,117
1,<environment.Job instance at 0x1515a13ff500>,67,1,[13  1],94,146,147,52,118
1,<environment.Job instance at 0x1515a13ff5a0>,68,3,[1 9],95,143,146,48,118
1,<environment.Job instance at 0x1515a13ff780>,70,2,[ 2 10],97,146,148,49,119
1,<environment.Job instance at 0x1515a13ff960>,71,3,[2 9],99,148,151,49,122
1,<environment.Job instance at 0x1515a13ffd20>,72,13,[7 2],102,147,160,45,131
1,<environment.Job instance at 0x1515a13ffe60>,74,3,[6 2],106,147,150,41,131
1,<environment.Job instance at 0x1515a13ffd70>,75,1,[1 6],107,151,152,44,131
1,<environment.Job instance at 0x1515a13ed0a0>,76,2,[2 5],108,131,133,23,131
1,<environment.Job instance at 0x1515a13ed640>,77,2,[ 1 10],109,152,154,43,131
1,<environment.Job instance at 0x1515a13e9c30>,78,3,[2 9],110,154,157,44,131
1,<environment.Job instance at 0x1515a13e9b90>,79,3,[7 2],111,151,154,40,131
1,<environment.Job instance at 0x1515a13e9cd0>,80,14,[7 1],112,157,171,45,142
1,<environment.Job instance at 0x1515a13e9190>,81,3,[ 2 10],114,160,163,46,142
1,<environment.Job instance at 0x1515a14218c0>,82,12,[2 8],115,163,175,48,146
1,<environment.Job instance at 0x1515b67bd410>,83,1,[10  1],117,171,172,54,146
1,<environment.Job instance at 0x1515a1dbd460>,84,2,[ 1 10],118,157,159,39,146
1,<environment.Job instance at 0x1515a1db63c0>,85,1,[7 2],120,172,173,52,146
1,<environment.Job instance at 0x1515a1ab2be0>,86,2,[1 8],121,175,177,54,148
1,<environment.Job instance at 0x1515a13e9e10>,87,2,[2 6],122,163,165,41,148
1,<environment.Job instance at 0x1515a4250fa0>,88,1,[1 5],123,159,160,36,148
1,<environment.Job instance at 0x1515a1b24500>,90,1,[2 7],127,173,174,46,148
1,<environment.Job instance at 0x1515a1b24e10>,91,1,[2 5],128,165,166,37,148
1,<environment.Job instance at 0x1515a1b22320>,92,15,[7 1],129,174,189,45,160
1,<environment.Job instance at 0x1515a3cdb780>,93,2,[14  1],130,189,191,59,162
1,<environment.Job instance at 0x1515a1b22cd0>,94,1,[5 1],131,162,163,31,162
1,<environment.Job instance at 0x1515a1deb500>,95,3,[2 8],132,177,180,45,162
1,<environment.Job instance at 0x1515a1b72b40>,96,12,[9 2],134,191,203,57,174
1,<environment.Job instance at 0x1515a1deca50>,97,15,[10  2],135,203,218,68,189
1,<environment.Job instance at 0x1515a1debd20>,98,13,[ 1 10],136,189,202,53,189
1,<environment.Job instance at 0x1515a1decd70>,99,16,[8 1],137,218,234,81,205
1,<environment.Job instance at 0x1515a1dec2d0>,100,17,[1 9],139,205,222,66,205
1,<environment.Job instance at 0x1515a1b74e60>,101,13,[2 9],140,222,235,82,206
1,<environment.Job instance at 0x1515a1b74f00>,102,1,[2 8],141,235,236,94,207
1,<environment.Job instance at 0x1515a1a99c30>,105,1,[8 2],144,234,235,90,207
1,<environment.Job instance at 0x1515a1a99af0>,106,15,[5 1],145,218,233,73,207
1,<environment.Job instance at 0x1515a1a99a00>,107,18,[1 8],146,236,254,90,225
1,<environment.Job instance at 0x1515a1a98550>,108,2,[ 1 10],150,254,256,104,227
1,<environment.Job instance at 0x1515a1ab43c0>,109,3,[11  2],151,235,238,84,227
1,<environment.Job instance at 0x1515a1a98320>,110,3,[ 2 10],152,256,259,104,230
1,<environment.Job instance at 0x1515a1ab40f0>,111,3,[2 5],153,235,238,82,230
1,<environment.Job instance at 0x1515a1ab40a0>,112,1,[8 1],154,238,239,84,230
1,<environment.Job instance at 0x1515a1ab4050>,113,3,[5 2],156,238,241,82,230
1,<environment.Job instance at 0x1515a1deaaf0>,114,15,[9 2],157,239,254,82,230
1,<environment.Job instance at 0x1515a1dea050>,115,18,[2 6],158,259,277,101,248
1,<environment.Job instance at 0x1515a1a9a460>,116,1,[1 6],159,259,260,100,248
1,<environment.Job instance at 0x1515a1a9a870>,117,1,[1 7],160,260,261,100,249
1,<environment.Job instance at 0x1515a1a9a7d0>,118,3,[9 1],163,254,257,91,249
1,<environment.Job instance at 0x1515a1a9af50>,119,3,[12  1],164,257,260,93,249
1,<environment.Job instance at 0x1515a1a9ab90>,120,1,[1 8],166,261,262,95,249
1,<environment.Job instance at 0x1515a1a9b690>,121,15,[1 6],167,262,277,95,249
1,<environment.Job instance at 0x1515a1a9b960>,122,3,[7 2],168,262,265,94,249
1,<environment.Job instance at 0x1515a1a9b550>,123,2,[1 8],169,277,279,108,250
1,<environment.Job instance at 0x1515a1a9bc30>,124,3,[1 7],171,277,280,106,251
1,<environment.Job instance at 0x1515a13faf00>,45,3,[2 8],60,279,282,219,261
1,<environment.Job instance at 0x1515a1a9b5f0>,125,13,[ 1 14],172,282,295,110,266
1,<environment.Job instance at 0x1515a1a9beb0>,127,3,[1 9],174,295,298,121,269
1,<environment.Job instance at 0x1515a1a9bcd0>,128,2,[7 2],175,269,271,94,269
1,<environment.Job instance at 0x1515a1a9b230>,129,12,[6 1],176,280,292,104,269
1,<environment.Job instance at 0x1515a1a9b870>,126,27,[1 8],173,298,325,125,298
1,<environment.Job instance at 0x1515a1a9bf50>,131,3,[5 1],183,305,308,122,305
1,<environment.Job instance at 0x1515a1a96f00>,132,15,[1 7],185,322,337,137,322
1,<environment.Job instance at 0x1515a1a96230>,133,3,[ 2 10],186,337,340,151,324
1,<environment.Job instance at 0x1515a1a96e10>,134,2,[1 9],188,340,342,152,325
1,<environment.Job instance at 0x1515a141e0a0>,130,28,[2 8],179,342,370,163,341
1,<environment.Job instance at 0x1515a1a99eb0>,104,1,[ 2 14],143,370,371,227,350
1,<environment.Job instance at 0x1515a13f8820>,23,2,[8 1],31,567,569,536,567
1,<environment.Job instance at 0x1515a13f84b0>,8,3,[5 2],10,12,15,2,12
1,<environment.Job instance at 0x1515adc57e10>,10,13,[ 2 10],12,16,29,4,16
1,<environment.Job instance at 0x1515adc579b0>,17,2,[8 2],21,21,23,0,21
1,<environment.Job instance at 0x1515adc57dc0>,18,3,[8 1],22,23,26,1,22
1,<environment.Job instance at 0x1515adc575a0>,19,2,[2 5],23,26,28,3,23
1,<environment.Job instance at 0x1515adc5ad20>,21,2,[10  1],25,28,30,3,26
1,<environment.Job instance at 0x1515adc5aeb0>,22,3,[ 2 10],27,29,32,2,27
1,<environment.Job instance at 0x1515adc5a550>,24,16,[1 6],29,32,48,3,30
1,<environment.Job instance at 0x1515adc5a5a0>,25,17,[1 6],31,35,52,4,35
1,<environment.Job instance at 0x1515adc5ad70>,26,17,[7 1],32,35,52,3,35
1,<environment.Job instance at 0x1515adc5a780>,27,1,[2 6],33,48,49,15,35
1,<environment.Job instance at 0x1515adc5a410>,28,16,[9 1],36,52,68,16,39
1,<environment.Job instance at 0x1515adc547d0>,30,1,[9 1],41,68,69,27,41
1,<environment.Job instance at 0x1515adc54460>,31,12,[1 5],42,49,61,7,42
1,<environment.Job instance at 0x1515adc54820>,32,2,[6 2],43,44,46,1,44
1,<environment.Job instance at 0x1515adc546e0>,33,1,[9 1],45,69,70,24,45
1,<environment.Job instance at 0x1515adc540a0>,34,2,[8 1],46,70,72,24,46
1,<environment.Job instance at 0x1515adc54c80>,35,1,[ 1 10],47,61,62,14,47
1,<environment.Job instance at 0x1515adc54b90>,37,3,[1 5],50,52,55,2,50
1,<environment.Job instance at 0x1515adc54dc0>,38,2,[10  2],51,72,74,21,51
1,<environment.Job instance at 0x1515adc4f820>,40,1,[2 6],56,56,57,0,56
1,<environment.Job instance at 0x1515adc4ff50>,45,2,[7 2],67,70,72,3,67
1,<environment.Job instance at 0x1515f830de10>,46,2,[2 5],68,68,70,0,68
1,<environment.Job instance at 0x1515adc6dd70>,47,14,[2 8],69,72,86,3,69
1,<environment.Job instance at 0x1515adc69140>,48,3,[8 1],72,74,77,2,72
1,<environment.Job instance at 0x1515adc6dd20>,49,1,[7 2],73,77,78,4,73
1,<environment.Job instance at 0x1515adc6d460>,53,15,[2 8],78,86,101,8,79
1,<environment.Job instance at 0x1515ac7fe230>,54,16,[1 7],79,79,95,0,79
1,<environment.Job instance at 0x1515ac7fe4b0>,55,13,[ 1 11],81,101,114,20,86
1,<environment.Job instance at 0x1515ac812140>,56,2,[6 2],82,95,97,13,87
1,<environment.Job instance at 0x1515a3c115f0>,57,1,[1 5],83,95,96,12,88
1,<environment.Job instance at 0x1515a3c110f0>,58,16,[1 7],84,114,130,30,101
1,<environment.Job instance at 0x1515a3ce0230>,59,3,[ 2 10],85,130,133,45,104
1,<environment.Job instance at 0x1515ac7ef8c0>,60,3,[ 1 13],86,133,136,47,110
1,<environment.Job instance at 0x1515a3c928c0>,61,3,[1 5],89,114,117,25,110
1,<environment.Job instance at 0x1515a3b86a00>,62,21,[ 2 13],90,136,157,46,128
1,<environment.Job instance at 0x1515a3c92a00>,63,1,[2 8],91,128,129,37,128
1,<environment.Job instance at 0x1515ac1a6640>,64,1,[7 1],92,129,130,37,128
1,<environment.Job instance at 0x1515ac1a6190>,65,18,[5 2],93,129,147,36,128
1,<environment.Job instance at 0x1515b6b9c050>,66,2,[8 2],95,130,132,35,128
1,<environment.Job instance at 0x1515ac069780>,67,3,[1 7],96,157,160,61,131
1,<environment.Job instance at 0x1515ac0690f0>,68,18,[8 1],97,147,165,50,136
1,<environment.Job instance at 0x1515ac069b90>,69,1,[5 2],98,157,158,59,136
1,<environment.Job instance at 0x1515a5540870>,70,1,[1 8],99,160,161,61,136
1,<environment.Job instance at 0x1515ac02e5a0>,71,3,[1 7],100,161,164,61,136
1,<environment.Job instance at 0x1515ac160820>,72,2,[5 2],102,158,160,56,136
1,<environment.Job instance at 0x1515a3c7f500>,73,2,[1 7],104,161,163,57,137
1,<environment.Job instance at 0x1515af2efb90>,75,1,[1 6],107,160,161,53,143
1,<environment.Job instance at 0x1515ac160910>,76,12,[7 1],108,164,176,56,147
1,<environment.Job instance at 0x1515a3c43e60>,77,2,[10  1],109,176,178,67,149
1,<environment.Job instance at 0x1515af2ef0a0>,78,3,[2 7],110,165,168,55,149
1,<environment.Job instance at 0x1515adc6dcd0>,52,14,[6 1],77,178,192,101,166
1,<environment.Job instance at 0x1515b41bf460>,79,17,[7 1],112,178,195,66,166
1,<environment.Job instance at 0x1515b41bf690>,81,3,[1 8],115,175,178,60,175
1,<environment.Job instance at 0x1515b41bfaa0>,82,12,[7 2],117,192,204,75,175
1,<environment.Job instance at 0x1515af2ee370>,84,3,[ 2 10],121,178,181,57,175
1,<environment.Job instance at 0x1515af2eebe0>,83,2,[7 2],119,195,197,76,178
1,<environment.Job instance at 0x1515adc6d8c0>,51,2,[ 2 12],76,181,183,105,178
1,<environment.Job instance at 0x1515af2eec30>,85,14,[8 2],122,197,211,75,182
1,<environment.Job instance at 0x1515af2eee10>,86,2,[2 5],124,184,186,60,184
1,<environment.Job instance at 0x1515af2ee2d0>,89,2,[ 1 10],127,194,196,67,194
1,<environment.Job instance at 0x1515af2ee690>,88,14,[8 1],126,211,225,85,196
1,<environment.Job instance at 0x1515af363910>,91,21,[7 2],130,204,225,74,196
1,<environment.Job instance at 0x1515af2ee870>,90,3,[7 2],128,225,228,97,206
1,<environment.Job instance at 0x1515af3630a0>,92,13,[5 2],131,225,238,94,209
1,<environment.Job instance at 0x1515af2fc910>,94,1,[6 1],133,228,229,95,209
1,<environment.Job instance at 0x1515af2fceb0>,95,3,[5 1],134,229,232,95,209
1,<environment.Job instance at 0x1515af4bd730>,96,3,[1 7],139,225,228,86,209
1,<environment.Job instance at 0x1515af4bd500>,97,12,[7 1],141,232,244,91,215
1,<environment.Job instance at 0x1515af341be0>,98,20,[8 2],142,238,258,96,229
1,<environment.Job instance at 0x1515b4410460>,102,2,[2 7],151,229,231,78,229
1,<environment.Job instance at 0x1515af4789b0>,103,2,[9 2],152,258,260,106,231
1,<environment.Job instance at 0x1515af2fc050>,93,3,[1 9],132,244,247,112,236
1,<environment.Job instance at 0x1515af478230>,106,1,[ 2 10],155,237,238,82,237
1,<environment.Job instance at 0x1515af478280>,105,16,[7 2],154,260,276,106,247
1,<environment.Job instance at 0x1515ac18f780>,113,15,[8 2],166,260,275,94,247
1,<environment.Job instance at 0x1515af315e60>,114,17,[10  1],168,276,293,108,265
1,<environment.Job instance at 0x1515ac1932d0>,117,3,[2 7],173,275,278,102,265
1,<environment.Job instance at 0x1515ac80d4b0>,118,15,[ 1 11],177,278,293,101,265
1,<environment.Job instance at 0x1515ac7f1370>,119,2,[8 1],178,293,295,115,266
1,<environment.Job instance at 0x1515ac80d5f0>,120,2,[1 9],181,293,295,112,267
1,<environment.Job instance at 0x1515ac7d8a50>,121,2,[1 6],182,275,277,93,267
1,<environment.Job instance at 0x1515ac7d8f50>,122,1,[1 9],183,295,296,112,267
1,<environment.Job instance at 0x1515adc70730>,123,3,[1 8],184,296,299,112,270
1,<environment.Job instance at 0x1515adc709b0>,125,18,[ 1 10],186,299,317,113,288
1,<environment.Job instance at 0x1515adc70af0>,126,2,[1 6],188,295,297,107,289
1,<environment.Job instance at 0x1515ac193af0>,116,1,[6 2],171,297,298,126,297
1,<environment.Job instance at 0x1515af315140>,115,2,[ 2 12],170,317,319,147,300
1,<environment.Job instance at 0x1515a1429c30>,6,2,[ 1 10],9,9,11,0,9
1,<environment.Job instance at 0x1515a3c0e140>,28,26,[9 1],44,44,70,0,44
1,<environment.Job instance at 0x1515a3c0ebe0>,35,1,[10  1],54,70,71,16,55
1,<environment.Job instance at 0x1515a3bd2730>,40,1,[2 6],63,68,69,5,68
1,<environment.Job instance at 0x1515a3bd24b0>,41,2,[1 5],65,70,72,5,70
1,<environment.Job instance at 0x1515a3bd27d0>,43,3,[2 9],67,71,74,4,71
1,<environment.Job instance at 0x1515a3bd2280>,45,3,[1 5],70,72,75,2,72
1,<environment.Job instance at 0x1515af2e8230>,46,2,[1 9],71,74,76,3,72
1,<environment.Job instance at 0x1515a420cfa0>,47,3,[2 8],72,76,79,4,73
1,<environment.Job instance at 0x1515a420c7d0>,51,2,[8 2],78,93,95,15,93
1,<environment.Job instance at 0x1515a420c870>,55,15,[1 5],83,94,109,11,94
1,<environment.Job instance at 0x1515a420ccd0>,56,3,[1 9],84,95,98,11,94
1,<environment.Job instance at 0x1515af2f0690>,57,2,[1 8],86,98,100,12,94
1,<environment.Job instance at 0x1515a0df3be0>,58,2,[1 5],88,100,102,12,94
1,<environment.Job instance at 0x1515a1aa0780>,59,15,[10  1],89,95,110,6,94
1,<environment.Job instance at 0x1515a1a7bb90>,60,1,[2 8],90,102,103,12,95
1,<environment.Job instance at 0x1515a5589320>,61,1,[8 2],91,110,111,19,95
1,<environment.Job instance at 0x1515a262f320>,62,14,[14  1],92,111,125,19,96
1,<environment.Job instance at 0x1515a262f550>,63,2,[6 1],94,125,127,31,98
1,<environment.Job instance at 0x1515a0ddf640>,64,3,[10  1],96,127,130,31,101
1,<environment.Job instance at 0x1515a557e910>,66,3,[ 2 11],100,125,128,25,101
1,<environment.Job instance at 0x1515ac189a50>,67,2,[1 7],101,103,105,2,101
1,<environment.Job instance at 0x1515ac1b35a0>,69,18,[8 2],103,130,148,27,119
1,<environment.Job instance at 0x1515ac1b3820>,72,2,[ 1 10],106,119,121,13,119
1,<environment.Job instance at 0x1515ac197c80>,73,17,[2 9],107,128,145,21,119
1,<environment.Job instance at 0x1515a0e5baf0>,74,15,[7 2],108,145,160,37,131
1,<environment.Job instance at 0x1515ac197f50>,75,16,[2 8],109,148,164,39,135
1,<environment.Job instance at 0x1515a0e5b230>,76,3,[6 1],110,148,151,38,135
1,<environment.Job instance at 0x1515a0e5bdc0>,77,2,[1 8],111,164,166,53,137
1,<environment.Job instance at 0x1515ac158960>,78,3,[2 8],112,166,169,54,140
1,<environment.Job instance at 0x1515ac158550>,79,2,[2 8],113,169,171,56,142
1,<environment.Job instance at 0x1515ac1585f0>,80,3,[5 2],116,142,145,26,142
1,<environment.Job instance at 0x1515a1456cd0>,81,1,[6 2],118,151,152,33,142
1,<environment.Job instance at 0x1515a14568c0>,82,2,[2 8],119,171,173,52,144
1,<environment.Job instance at 0x1515a1456370>,84,1,[2 9],122,173,174,51,145
1,<environment.Job instance at 0x1515af4c6a00>,88,1,[5 2],127,152,153,25,145
1,<environment.Job instance at 0x1515a0de9460>,89,1,[2 5],128,153,154,25,145
1,<environment.Job instance at 0x1515af4c6d20>,90,2,[ 1 10],130,174,176,44,147
1,<environment.Job instance at 0x1515af316870>,92,12,[6 1],132,154,166,22,147
1,<environment.Job instance at 0x1515af316e60>,93,2,[5 2],133,160,162,27,147
1,<environment.Job instance at 0x1515a144a460>,94,1,[7 1],136,162,163,26,147
1,<environment.Job instance at 0x1515a5537cd0>,95,2,[7 1],137,163,165,26,147
1,<environment.Job instance at 0x1515ac011960>,97,3,[10  2],139,166,169,27,147
1,<environment.Job instance at 0x1515af315fa0>,99,15,[1 8],142,176,191,34,162
1,<environment.Job instance at 0x1515a4211690>,103,17,[9 2],148,169,186,21,164
1,<environment.Job instance at 0x1515a4246b90>,104,1,[6 2],149,186,187,37,166
1,<environment.Job instance at 0x1515a410d1e0>,105,2,[1 5],150,166,168,16,166
1,<environment.Job instance at 0x1515a410d050>,106,1,[1 7],151,187,188,36,166
1,<environment.Job instance at 0x1515a3ce0550>,107,3,[2 7],152,188,191,36,167
1,<environment.Job instance at 0x1515a3ce0f00>,108,2,[1 5],153,168,170,15,167
1,<environment.Job instance at 0x1515a3ce0500>,109,1,[1 9],155,191,192,36,167
1,<environment.Job instance at 0x1515a3ce0a50>,110,1,[2 5],156,170,171,14,169
1,<environment.Job instance at 0x1515a3ce0d70>,111,15,[7 1],157,191,206,34,177
1,<environment.Job instance at 0x1515a3ce0c30>,112,1,[2 6],158,192,193,34,180
1,<environment.Job instance at 0x1515a3ce0aa0>,113,1,[2 8],160,192,193,32,180
1,<environment.Job instance at 0x1515a3ce0d20>,114,1,[2 6],161,193,194,32,180
1,<environment.Job instance at 0x1515a3ce00f0>,115,3,[1 7],163,193,196,30,181
1,<environment.Job instance at 0x1515a3ce0690>,116,17,[2 7],164,194,211,30,184
1,<environment.Job instance at 0x1515a3ce08c0>,117,14,[1 6],165,196,210,31,184
1,<environment.Job instance at 0x1515a3b73c30>,118,17,[9 1],166,206,223,40,194
1,<environment.Job instance at 0x1515a145bb90>,119,3,[5 1],167,196,199,29,194
1,<environment.Job instance at 0x1515a0de5140>,120,1,[10  1],168,223,224,55,195
1,<environment.Job instance at 0x1515a0de52d0>,121,1,[1 8],169,211,212,42,196
1,<environment.Job instance at 0x1515a1a87f00>,122,12,[9 2],170,224,236,54,207
1,<environment.Job instance at 0x1515a1a87410>,123,2,[2 6],171,210,212,39,207
1,<environment.Job instance at 0x1515a1a87be0>,124,3,[9 2],172,236,239,64,212
1,<environment.Job instance at 0x1515a26449b0>,125,2,[10  2],173,239,241,66,215
1,<environment.Job instance at 0x1515a2644f00>,126,16,[10  2],174,241,257,67,228
1,<environment.Job instance at 0x1515a2644be0>,129,15,[2 6],179,228,243,49,228
1,<environment.Job instance at 0x1515a26442d0>,130,2,[7 2],180,257,259,77,230
1,<environment.Job instance at 0x1515a2644a50>,131,13,[5 1],181,243,256,62,230
1,<environment.Job instance at 0x1515a41bd9b0>,132,2,[1 8],182,256,258,74,230
1,<environment.Job instance at 0x1515a41bd820>,133,14,[6 1],183,257,271,74,242
1,<environment.Job instance at 0x1515a3bd23c0>,134,1,[2 5],184,256,257,72,243
1,<environment.Job instance at 0x1515a2624a50>,135,14,[2 8],185,258,272,73,245
1,<environment.Job instance at 0x1515a2624eb0>,136,2,[7 1],186,259,261,73,245
1,<environment.Job instance at 0x1515a2624050>,137,3,[7 1],187,261,264,74,245
1,<environment.Job instance at 0x1515a26247d0>,138,13,[10  1],188,271,284,83,255
1,<environment.Job instance at 0x1515a2624cd0>,139,25,[12  1],189,287,312,98,287
1,<environment.Job instance at 0x1515a4085f50>,102,13,[12  2],147,312,325,165,301
1,<environment.Job instance at 0x1515a0c6b280>,26,1,[5 2],46,46,47,0,46
1,<environment.Job instance at 0x1515a0c6bcd0>,27,26,[2 8],48,48,74,0,48
1,<environment.Job instance at 0x1515b4408c30>,34,1,[6 2],62,68,69,6,68
1,<environment.Job instance at 0x1515b4408050>,35,3,[10  2],64,69,72,5,68
1,<environment.Job instance at 0x1515b4408550>,36,3,[5 1],68,72,75,4,69
1,<environment.Job instance at 0x1515b4408e10>,38,2,[7 2],70,72,74,2,70
1,<environment.Job instance at 0x1515b4408fa0>,39,2,[6 2],71,74,76,3,71
1,<environment.Job instance at 0x1515b4408960>,40,3,[9 1],72,75,78,3,72
1,<environment.Job instance at 0x1515afd790f0>,45,17,[2 8],77,86,103,9,86
1,<environment.Job instance at 0x1515a3fa7be0>,50,17,[1 9],84,103,120,19,91
1,<environment.Job instance at 0x1515afd748c0>,51,3,[9 2],85,91,94,6,91
1,<environment.Job instance at 0x1515b41db2d0>,53,15,[2 8],92,120,135,28,106
1,<environment.Job instance at 0x1515afd53b90>,58,3,[2 8],99,135,138,36,115
1,<environment.Job instance at 0x1515a0d8c870>,62,3,[6 2],107,118,121,11,118
1,<environment.Job instance at 0x1515b410a3c0>,63,1,[8 1],109,118,119,9,118
1,<environment.Job instance at 0x1515af3e5d70>,57,1,[10  2],98,121,122,23,118
1,<environment.Job instance at 0x1515a3f5c1e0>,64,3,[1 9],111,138,141,27,118
1,<environment.Job instance at 0x1515a0d17a50>,66,2,[7 2],115,119,121,4,118
1,<environment.Job instance at 0x1515a41a9f00>,65,1,[2 9],114,141,142,27,119
1,<environment.Job instance at 0x1515a0d174b0>,67,12,[7 1],116,122,134,6,119
1,<environment.Job instance at 0x1515a418e460>,61,1,[ 1 12],106,142,143,36,119
1,<environment.Job instance at 0x1515a4192910>,68,13,[13  2],117,134,147,17,119
1,<environment.Job instance at 0x1515a0c9b5f0>,69,3,[9 2],118,147,150,29,121
1,<environment.Job instance at 0x1515afd5c730>,73,1,[8 1],125,150,151,25,126
1,<environment.Job instance at 0x1515b40f64b0>,74,28,[5 1],126,147,175,21,146
1,<environment.Job instance at 0x1515afd5ca50>,77,15,[6 1],129,151,166,22,146
1,<environment.Job instance at 0x1515afd5c690>,78,3,[6 2],130,166,169,36,146
1,<environment.Job instance at 0x1515b6742f00>,79,1,[6 2],131,169,170,38,146
1,<environment.Job instance at 0x1515b6742780>,80,17,[9 2],133,170,187,37,158
1,<environment.Job instance at 0x1515a0c80dc0>,84,3,[1 5],137,158,161,21,158
1,<environment.Job instance at 0x1515b67425a0>,85,3,[2 7],138,158,161,20,158
1,<environment.Job instance at 0x1515b6742730>,86,13,[2 5],139,175,188,36,159
1,<environment.Job instance at 0x1515a0c80550>,88,2,[5 1],141,187,189,46,160
1,<environment.Job instance at 0x1515a1b6ab40>,90,1,[1 9],147,161,162,14,160
1,<environment.Job instance at 0x1515a1b6a550>,91,3,[7 1],148,187,190,39,161
1,<environment.Job instance at 0x1515a4187be0>,92,3,[7 2],149,189,192,40,163
1,<environment.Job instance at 0x1515a41875a0>,93,14,[1 5],151,163,177,12,163
1,<environment.Job instance at 0x1515a4187f50>,94,12,[2 6],153,190,202,37,173
1,<environment.Job instance at 0x1515a1b4cf50>,97,25,[8 1],159,192,217,33,188
1,<environment.Job instance at 0x1515ac077af0>,104,2,[7 2],168,202,204,34,188
1,<environment.Job instance at 0x1515ac077960>,105,16,[1 9],169,204,220,35,191
1,<environment.Job instance at 0x1515a40df2d0>,107,12,[2 9],172,220,232,48,205
1,<environment.Job instance at 0x1515a3f7b1e0>,116,2,[6 2],183,206,208,23,206
1,<environment.Job instance at 0x1515a3b7ad20>,118,1,[6 1],186,208,209,22,206
1,<environment.Job instance at 0x1515a3b7a780>,119,12,[ 1 10],187,232,244,45,218
1,<environment.Job instance at 0x1515a529f280>,16,25,[9 1],21,21,46,0,21
1,<environment.Job instance at 0x1515a529f2d0>,20,15,[5 2],26,26,41,0,26
1,<environment.Job instance at 0x1515a529f5a0>,21,3,[2 7],28,41,44,13,28
1,<environment.Job instance at 0x1515a529f7d0>,22,15,[7 2],29,46,61,17,32
1,<environment.Job instance at 0x1515a529f960>,24,2,[2 9],31,44,46,13,32
1,<environment.Job instance at 0x1515a529feb0>,25,2,[1 5],32,32,34,0,32
1,<environment.Job instance at 0x1515a52b8fa0>,26,16,[1 8],33,46,62,13,33
1,<environment.Job instance at 0x1515a52b8eb0>,31,15,[9 2],40,61,76,21,47
1,<environment.Job instance at 0x1515a52b35f0>,34,1,[1 7],43,62,63,19,47
1,<environment.Job instance at 0x1515a52b3b90>,36,1,[6 2],47,47,48,0,47
1,<environment.Job instance at 0x1515a52b3b40>,37,1,[5 1],48,48,49,0,48
1,<environment.Job instance at 0x1515a52b3190>,38,1,[2 6],50,62,63,12,50
1,<environment.Job instance at 0x1515a52b30f0>,39,3,[2 6],51,63,66,12,51
1,<environment.Job instance at 0x1515a52b3f50>,40,2,[9 1],52,76,78,24,52
1,<environment.Job instance at 0x1515a52b3aa0>,42,2,[7 2],55,55,57,0,55
1,<environment.Job instance at 0x1515a52cabe0>,43,2,[9 2],56,78,80,22,56
1,<environment.Job instance at 0x1515a52caeb0>,44,3,[5 1],57,57,60,0,57
1,<environment.Job instance at 0x1515a52ca870>,45,2,[ 1 10],58,66,68,8,58
1,<environment.Job instance at 0x1515a52cac30>,46,13,[2 6],59,68,81,9,59
1,<environment.Job instance at 0x1515a52ca690>,47,17,[12  1],60,80,97,20,68
1,<environment.Job instance at 0x1515a52ca5f0>,52,16,[6 1],67,97,113,30,84
1,<environment.Job instance at 0x1515a52c6690>,54,1,[5 2],69,97,98,28,84
1,<environment.Job instance at 0x1515a52c6cd0>,55,1,[7 1],70,98,99,28,84
1,<environment.Job instance at 0x1515a52c6e60>,56,1,[1 8],71,84,85,13,84
1,<environment.Job instance at 0x1515a52c6dc0>,57,2,[6 2],72,99,101,27,84
1,<environment.Job instance at 0x1515a52c6190>,58,13,[2 9],73,85,98,12,84
1,<environment.Job instance at 0x1515a52c6a00>,59,1,[6 2],75,101,102,26,84
1,<environment.Job instance at 0x1515a52c6d20>,60,3,[8 2],76,102,105,26,84
1,<environment.Job instance at 0x1515a52c6f00>,61,2,[ 1 10],78,98,100,20,84
1,<environment.Job instance at 0x1515a52c6a50>,62,13,[10  1],79,113,126,34,97
1,<environment.Job instance at 0x1515a52b10f0>,66,3,[10  1],83,126,129,43,100
1,<environment.Job instance at 0x1515a52b1a00>,67,3,[6 1],84,105,108,21,100
1,<environment.Job instance at 0x1515a4102eb0>,68,1,[13  1],85,129,130,44,101
1,<environment.Job instance at 0x1515a4102460>,69,3,[2 7],86,105,108,19,101
1,<environment.Job instance at 0x1515a4102910>,70,1,[5 1],87,108,109,21,101
1,<environment.Job instance at 0x1515a4102c30>,71,17,[1 8],88,108,125,20,101
1,<environment.Job instance at 0x1515a4102280>,72,3,[5 2],89,109,112,20,101
1,<environment.Job instance at 0x1515a4102b40>,73,2,[8 2],90,130,132,40,103
1,<environment.Job instance at 0x1515a41020f0>,76,13,[7 2],94,130,143,36,114
1,<environment.Job instance at 0x1515a52d1d20>,83,2,[2 9],102,125,127,23,114
1,<environment.Job instance at 0x1515a52848c0>,86,15,[2 9],106,132,147,26,118
1,<environment.Job instance at 0x1515a13c2960>,87,2,[10  1],107,143,145,36,118
1,<environment.Job instance at 0x1515a0afab90>,90,16,[6 2],111,145,161,34,134
1,<environment.Job instance at 0x1515a0a094b0>,88,22,[2 6],109,147,169,38,140
1,<environment.Job instance at 0x1515a5523870>,92,2,[9 1],114,161,163,47,140
1,<environment.Job instance at 0x1515a0ae7780>,93,19,[1 5],116,147,166,31,141
1,<environment.Job instance at 0x1515a0ae7e60>,94,1,[8 1],117,163,164,46,142
1,<environment.Job instance at 0x1515ac14f190>,95,1,[5 1],119,142,143,23,142
1,<environment.Job instance at 0x1515ac14f640>,96,2,[7 2],120,145,147,25,142
1,<environment.Job instance at 0x1515a0ae75a0>,97,3,[ 2 14],122,169,172,47,143
1,<environment.Job instance at 0x1515a0b577d0>,98,3,[1 8],123,166,169,43,143
1,<environment.Job instance at 0x1515a0b57780>,99,1,[ 2 10],124,172,173,48,144
1,<environment.Job instance at 0x1515a1ac9f50>,100,2,[7 2],126,164,166,38,145
1,<environment.Job instance at 0x1515a0b570a0>,101,1,[6 1],127,147,148,20,145
1,<environment.Job instance at 0x1515a0b57f50>,102,2,[6 1],129,148,150,19,145
1,<environment.Job instance at 0x1515a127ca50>,103,17,[1 7],130,173,190,43,161
1,<environment.Job instance at 0x1515a127caf0>,104,15,[10  2],134,172,187,38,161
1,<environment.Job instance at 0x1515ac0edd20>,105,2,[7 2],135,187,189,52,162
1,<environment.Job instance at 0x1515a127c3c0>,106,1,[1 5],137,173,174,36,162
1,<environment.Job instance at 0x1515a127c4b0>,107,14,[5 2],139,187,201,48,172
1,<environment.Job instance at 0x1515a0b06050>,91,1,[6 1],112,189,190,77,186
1,<environment.Job instance at 0x1515a127c460>,108,27,[5 1],140,190,217,50,188
1,<environment.Job instance at 0x1515a13cfd20>,110,2,[1 9],142,190,192,48,188
1,<environment.Job instance at 0x1515a0d8cc80>,111,14,[1 6],143,192,206,49,189
1,<environment.Job instance at 0x1515a0b5bfa0>,112,1,[1 8],144,201,202,57,190
1,<environment.Job instance at 0x1515a0b5b550>,113,1,[2 9],146,206,207,60,190
1,<environment.Job instance at 0x1515a0aeeeb0>,114,2,[10  2],147,207,209,60,190
1,<environment.Job instance at 0x1515a0b5b8c0>,115,1,[6 1],150,202,203,52,190
1,<environment.Job instance at 0x1515a1407af0>,116,1,[7 2],152,203,204,51,190
1,<environment.Job instance at 0x1515a1407aa0>,117,2,[2 7],153,204,206,51,190
1,<environment.Job instance at 0x1515a1407960>,118,3,[2 5],154,192,195,38,190
1,<environment.Job instance at 0x1515a41575a0>,119,25,[6 1],155,209,234,54,206
1,<environment.Job instance at 0x1515a4157410>,120,12,[5 2],157,217,229,60,206
1,<environment.Job instance at 0x1515a4157f50>,121,1,[10  1],158,234,235,76,207
1,<environment.Job instance at 0x1515a4157fa0>,122,3,[10  1],161,235,238,74,209
1,<environment.Job instance at 0x1515a0adee60>,123,2,[ 2 10],162,209,211,47,209
1,<environment.Job instance at 0x1515a0ade5a0>,124,3,[9 2],163,229,232,66,209
1,<environment.Job instance at 0x1515a0ade5f0>,125,1,[1 9],164,211,212,47,209
1,<environment.Job instance at 0x1515a0ade410>,126,1,[8 2],167,232,233,65,209
1,<environment.Job instance at 0x1515a415e4b0>,127,22,[2 5],169,233,255,64,226
1,<environment.Job instance at 0x1515a415e230>,128,1,[9 2],170,238,239,68,226
1,<environment.Job instance at 0x1515a0b3a190>,129,1,[10  1],171,239,240,68,226
1,<environment.Job instance at 0x1515a13cfdc0>,109,15,[14  1],141,255,270,114,246
1,<environment.Job instance at 0x1515a13af960>,131,13,[7 2],174,270,283,96,266
1,<environment.Job instance at 0x1515a126e230>,132,3,[6 2],176,270,273,94,266
1,<environment.Job instance at 0x1515a13d60f0>,133,2,[12  1],177,283,285,106,267
1,<environment.Job instance at 0x1515a126ecd0>,134,15,[2 5],179,270,285,91,269
1,<environment.Job instance at 0x1515a5140730>,89,1,[ 1 14],110,285,286,175,277
1,<environment.Job instance at 0x1515a0b3ae60>,130,26,[ 2 13],173,286,312,113,283
1,<environment.Job instance at 0x1515a126d550>,137,1,[8 1],182,285,286,103,283
1,<environment.Job instance at 0x1515a0b25460>,138,2,[10  2],183,286,288,103,283
1,<environment.Job instance at 0x1515a0b47be0>,139,14,[9 1],184,288,302,104,283
1,<environment.Job instance at 0x1515a416a6e0>,140,3,[9 2],185,302,305,117,283
1,<environment.Job instance at 0x1515a416abe0>,141,1,[6 2],187,305,306,118,283
1,<environment.Job instance at 0x1515a0b3da50>,142,2,[ 1 10],188,312,314,124,285
1,<environment.Job instance at 0x1515a13be320>,143,2,[2 7],189,314,316,125,287
1,<environment.Job instance at 0x1515a52ca780>,49,17,[7 1],64,324,341,260,324
1,<environment.Job instance at 0x1515a529f050>,19,21,[2 5],25,327,348,302,327
1,<environment.Job instance at 0x1515a529f050>,2,17,[1 8],8,8,25,0,8
1,<environment.Job instance at 0x1515a1b5d6e0>,9,1,[1 8],20,25,26,5,22
1,<environment.Job instance at 0x1515a55272d0>,11,2,[8 2],22,22,24,0,22
1,<environment.Job instance at 0x1515a5527780>,12,15,[10  1],23,24,39,1,23
1,<environment.Job instance at 0x1515a1178af0>,13,28,[5 2],24,26,54,2,25
1,<environment.Job instance at 0x1515a1178320>,14,1,[8 2],25,39,40,14,25
1,<environment.Job instance at 0x1515a11780a0>,17,1,[5 1],28,40,41,12,28
1,<environment.Job instance at 0x1515a1178780>,18,2,[2 6],29,39,41,10,29
1,<environment.Job instance at 0x1515a1178f00>,19,1,[8 1],30,41,42,11,30
1,<environment.Job instance at 0x1515a1178f50>,20,1,[7 2],32,42,43,10,32
1,<environment.Job instance at 0x1515a1178370>,21,12,[6 2],33,43,55,10,33
1,<environment.Job instance at 0x1515a1178e60>,22,3,[1 7],34,41,44,7,34
1,<environment.Job instance at 0x1515a11783c0>,23,2,[6 2],36,54,56,18,36
1,<environment.Job instance at 0x1515a11788c0>,24,3,[9 1],37,55,58,18,37
1,<environment.Job instance at 0x1515a0a77aa0>,25,14,[7 1],38,58,72,20,43
1,<environment.Job instance at 0x1515a0a77140>,26,14,[ 2 10],39,56,70,17,43
1,<environment.Job instance at 0x1515a0a77230>,27,14,[9 2],40,72,86,32,57
1,<environment.Job instance at 0x1515a0a77a00>,28,1,[1 9],41,70,71,29,57
1,<environment.Job instance at 0x1515a0a77820>,29,16,[1 8],42,71,87,29,58
1,<environment.Job instance at 0x1515a0a770a0>,30,1,[6 1],43,58,59,15,58
1,<environment.Job instance at 0x1515a0a77460>,31,3,[5 2],44,59,62,15,58
1,<environment.Job instance at 0x1515a0a775f0>,32,16,[7 1],45,86,102,41,73
1,<environment.Job instance at 0x1515a0a77c80>,33,2,[8 2],46,87,89,41,73
1,<environment.Job instance at 0x1515a0a77500>,34,1,[9 2],47,102,103,55,74
1,<environment.Job instance at 0x1515a0a77960>,35,2,[1 7],48,89,91,41,75
1,<environment.Job instance at 0x1515a0a77870>,36,26,[1 6],51,89,115,38,86
1,<environment.Job instance at 0x1515a0a772d0>,37,16,[2 9],52,103,119,51,90
1,<environment.Job instance at 0x1515a0a777d0>,38,23,[2 6],54,115,138,61,109
1,<environment.Job instance at 0x1515a3f5c730>,39,23,[9 1],56,119,142,63,113
1,<environment.Job instance at 0x1515a3f5c550>,40,14,[ 1 10],57,138,152,81,123
1,<environment.Job instance at 0x1515a3f5cf00>,41,1,[5 2],58,138,139,80,123
1,<environment.Job instance at 0x1515a3f5c7d0>,42,1,[8 2],59,142,143,83,123
1,<environment.Job instance at 0x1515a3f5caa0>,43,2,[7 2],61,143,145,82,123
1,<environment.Job instance at 0x1515a41a62d0>,44,3,[6 1],63,142,145,79,124
1,<environment.Job instance at 0x1515a41a60f0>,45,2,[10  1],64,145,147,81,124
1,<environment.Job instance at 0x1515a41a69b0>,46,1,[9 1],65,147,148,82,124
1,<environment.Job instance at 0x1515a41a6dc0>,47,3,[5 1],66,139,142,73,124
1,<environment.Job instance at 0x1515a41a6be0>,48,3,[1 6],67,124,127,57,124
1,<environment.Job instance at 0x1515a41a6f00>,49,3,[12  1],69,148,151,79,124
1,<environment.Job instance at 0x1515a1178140>,16,3,[ 2 14],27,152,155,125,128
1,<environment.Job instance at 0x1515a41a6190>,50,20,[8 1],70,151,171,81,142
1,<environment.Job instance at 0x1515a41a6c30>,52,3,[9 1],76,171,174,95,145
1,<environment.Job instance at 0x1515a41a65a0>,51,2,[7 1],71,155,157,84,145
1,<environment.Job instance at 0x1515a41a6d20>,53,13,[2 5],78,157,170,79,145
1,<environment.Job instance at 0x1515a41a6140>,55,1,[2 6],80,157,158,77,145
1,<environment.Job instance at 0x1515a41a6a50>,56,2,[9 2],83,174,176,91,148
1,<environment.Job instance at 0x1515a3f38a50>,57,1,[ 2 10],87,170,171,83,148
1,<environment.Job instance at 0x1515a3f387d0>,58,3,[11  1],89,176,179,87,150
1,<environment.Job instance at 0x1515a41a6e10>,54,2,[1 8],79,158,160,79,154
1,<environment.Job instance at 0x1515a3f38690>,59,13,[ 2 11],90,171,184,81,155
1,<environment.Job instance at 0x1515a529f870>,61,1,[8 1],93,179,180,86,155
1,<environment.Job instance at 0x1515b6eb9f50>,62,16,[9 1],94,180,196,86,167
1,<environment.Job instance at 0x1515a51833c0>,64,15,[ 2 10],102,184,199,82,170
1,<environment.Job instance at 0x1515a5183e10>,65,2,[5 2],103,196,198,93,170
1,<environment.Job instance at 0x1515a5183190>,66,2,[7 2],104,196,198,92,170
1,<environment.Job instance at 0x1515a5183dc0>,67,2,[5 2],106,198,200,92,171
1,<environment.Job instance at 0x1515a51832d0>,68,1,[ 2 10],107,199,200,92,171
1,<environment.Job instance at 0x1515a5183f00>,69,1,[6 2],108,198,199,90,171
1,<environment.Job instance at 0x1515a3c565f0>,70,2,[ 1 12],109,200,202,91,173
1,<environment.Job instance at 0x1515a5183230>,71,16,[2 9],110,202,218,92,189
1,<environment.Job instance at 0x1515a51834b0>,72,2,[5 2],111,199,201,88,189
1,<environment.Job instance at 0x1515af2abc80>,73,21,[5 1],112,200,221,88,192
1,<environment.Job instance at 0x1515a4164dc0>,74,3,[2 8],113,218,221,105,192
1,<environment.Job instance at 0x1515f4227050>,75,3,[8 2],115,201,204,86,192
1,<environment.Job instance at 0x1515a30726e0>,76,1,[ 2 10],116,221,222,105,193
1,<environment.Job instance at 0x1515a103bb90>,77,2,[1 6],117,218,220,101,193
1,<environment.Job instance at 0x1515a1a876e0>,78,2,[8 1],118,204,206,86,193
1,<environment.Job instance at 0x1515a0ff3370>,79,1,[2 7],120,222,223,102,194
1,<environment.Job instance at 0x1515a0fafe60>,80,2,[1 8],121,222,224,101,195
1,<environment.Job instance at 0x1515ac040be0>,81,13,[7 1],122,223,236,101,207
1,<environment.Job instance at 0x1515b67bbe10>,82,3,[ 2 10],125,224,227,99,207
1,<environment.Job instance at 0x1515a1dec3c0>,83,2,[2 7],126,227,229,101,207
1,<environment.Job instance at 0x1515a1b63dc0>,60,3,[1 8],91,229,232,138,222
1,<environment.Job instance at 0x1515ac1c1c30>,86,2,[1 7],129,227,229,98,225
1,<environment.Job instance at 0x1515b67bb550>,84,22,[ 2 10],127,232,254,105,225
1,<environment.Job instance at 0x1515af2ac5f0>,88,2,[6 2],131,225,227,94,225
1,<environment.Job instance at 0x1515af2aceb0>,89,1,[7 1],134,229,230,95,225
1,<environment.Job instance at 0x1515a522d730>,90,2,[5 2],135,230,232,95,225
1,<environment.Job instance at 0x1515b41e4e10>,91,15,[1 9],136,254,269,118,240
1,<environment.Job instance at 0x1515a50e6960>,92,3,[6 1],137,240,243,103,240
1,<environment.Job instance at 0x1515a0c0bb40>,93,2,[ 1 10],138,269,271,131,242
1,<environment.Job instance at 0x1515a11517d0>,94,1,[7 1],139,242,243,103,242
1,<environment.Job instance at 0x1515a4082500>,95,1,[2 6],142,254,255,112,242
1,<environment.Job instance at 0x1515a522dcd0>,96,2,[10  2],143,243,245,100,242
1,<environment.Job instance at 0x1515a522daf0>,97,1,[5 1],144,245,246,101,242
1,<environment.Job instance at 0x1515a143f820>,98,2,[8 2],145,245,247,100,242
1,<environment.Job instance at 0x1515af2f91e0>,99,1,[6 1],146,247,248,101,242
1,<environment.Job instance at 0x1515a143f690>,100,3,[8 1],148,248,251,100,242
1,<environment.Job instance at 0x1515ac1b3050>,101,15,[6 1],152,255,270,103,242
1,<environment.Job instance at 0x1515ac1b3410>,102,2,[8 2],153,251,253,98,242
1,<environment.Job instance at 0x1515a12990a0>,103,17,[10  1],156,270,287,114,258
1,<environment.Job instance at 0x1515a13d2690>,104,3,[2 6],157,271,274,114,258
1,<environment.Job instance at 0x1515a3ca2500>,105,2,[7 1],158,258,260,100,258
1,<environment.Job instance at 0x1515a3ca2d70>,106,21,[6 1],160,287,308,127,279
1,<environment.Job instance at 0x1515a3ca2b90>,107,3,[ 2 13],162,279,282,117,279
1,<environment.Job instance at 0x1515a3fd6b90>,108,14,[2 6],163,282,296,119,279
1,<environment.Job instance at 0x1515a3fd6e10>,109,1,[ 2 10],164,296,297,132,279
1,<environment.Job instance at 0x1515a3fd64b0>,110,2,[2 8],165,282,284,117,279
1,<environment.Job instance at 0x1515a3fd6c30>,111,1,[1 7],168,284,285,116,279
1,<environment.Job instance at 0x1515a3fd63c0>,112,1,[1 7],170,285,286,115,279
1,<environment.Job instance at 0x1515a3fd6870>,113,12,[2 8],171,297,309,126,280
1,<environment.Job instance at 0x1515a0d6ceb0>,114,27,[5 2],172,287,314,115,285
1,<environment.Job instance at 0x1515a514c190>,115,27,[1 9],173,309,336,136,307
1,<environment.Job instance at 0x1515a514cfa0>,116,1,[9 1],174,309,310,135,307
1,<environment.Job instance at 0x1515afd50aa0>,117,1,[ 2 10],175,336,337,161,308
1,<environment.Job instance at 0x1515af2ac870>,87,3,[2 8],130,337,340,207,316
1,<environment.Job instance at 0x1515afd50780>,118,12,[2 8],178,340,352,162,323
1,<environment.Job instance at 0x1515afd50910>,121,18,[9 1],183,323,341,140,323
1,<environment.Job instance at 0x1515a52bc910>,122,2,[8 1],185,341,343,156,323
1,<environment.Job instance at 0x1515a52bc370>,123,13,[8 2],186,343,356,157,327
1,<environment.Job instance at 0x1515a0b3dd20>,124,1,[7 1],187,352,353,165,327
1,<environment.Job instance at 0x1515a3fe4190>,125,1,[2 6],189,337,338,148,327
1,<environment.Job instance at 0x1515afd504b0>,120,1,[8 2],182,356,357,174,351
1,<environment.Job instance at 0x1515a1b5d2d0>,7,2,[ 1 11],17,353,355,336,353
1,<environment.Job instance at 0x1515a0cd74b0>,6,21,[9 1],11,11,32,0,11
1,<environment.Job instance at 0x1515a0d20af0>,23,1,[9 2],34,35,36,1,35
1,<environment.Job instance at 0x1515a0d20f50>,24,1,[2 8],35,35,36,0,35
1,<environment.Job instance at 0x1515a0d20fa0>,25,1,[5 1],36,40,41,4,40
1,<environment.Job instance at 0x1515a0d20370>,26,1,[8 1],38,41,42,3,41
1,<environment.Job instance at 0x1515a0d20aa0>,27,1,[1 8],40,44,45,4,44
1,<environment.Job instance at 0x1515a0d20e60>,28,1,[2 9],41,45,46,4,44
1,<environment.Job instance at 0x1515a50fe870>,29,3,[1 9],42,46,49,4,46
1,<environment.Job instance at 0x1515a50fe730>,30,14,[ 1 10],44,49,63,5,46
1,<environment.Job instance at 0x1515a50fea50>,31,1,[7 2],45,46,47,1,46
1,<environment.Job instance at 0x1515a50feb90>,32,1,[10  1],46,48,49,2,48
1,<environment.Job instance at 0x1515a50fecd0>,33,3,[2 5],48,49,52,1,49
1,<environment.Job instance at 0x1515a50feeb0>,34,2,[6 2],49,52,54,3,49
1,<environment.Job instance at 0x1515a50febe0>,35,18,[2 9],50,63,81,13,54
1,<environment.Job instance at 0x1515a0bf2a50>,37,1,[1 6],52,63,64,11,54
1,<environment.Job instance at 0x1515a0bf2910>,38,1,[10  1],53,54,55,1,54
1,<environment.Job instance at 0x1515a0bf2280>,39,17,[5 1],54,64,81,10,55
1,<environment.Job instance at 0x1515a0bf2550>,40,1,[7 1],55,55,56,0,55
1,<environment.Job instance at 0x1515a0bf2f00>,41,3,[9 2],56,56,59,0,56
1,<environment.Job instance at 0x1515a0bf2d70>,42,2,[1 8],57,81,83,24,57
1,<environment.Job instance at 0x1515a0bf2b40>,43,26,[8 1],58,64,90,6,61
1,<environment.Job instance at 0x1515a0bf29b0>,44,3,[2 5],59,81,84,22,61
1,<environment.Job instance at 0x1515a0bf2370>,45,2,[8 1],60,61,63,1,61
1,<environment.Job instance at 0x1515a50fedc0>,36,3,[2 9],51,83,86,32,66
1,<environment.Job instance at 0x1515a0bf2500>,46,27,[6 1],61,86,113,25,84
1,<environment.Job instance at 0x1515a0d8a550>,48,17,[7 2],63,90,107,27,84
1,<environment.Job instance at 0x1515a0d8ac80>,49,16,[5 2],64,107,123,43,94
1,<environment.Job instance at 0x1515a0d8aa50>,50,2,[2 9],65,95,97,30,95
1,<environment.Job instance at 0x1515a13f5fa0>,51,13,[2 8],67,97,110,30,96
1,<environment.Job instance at 0x1515ac1936e0>,52,3,[7 2],68,113,116,45,96
1,<environment.Job instance at 0x1515a13f5780>,53,17,[ 2 10],69,110,127,41,99
1,<environment.Job instance at 0x1515a13f5410>,54,1,[1 8],72,127,128,55,99
1,<environment.Job instance at 0x1515a13f59b0>,55,16,[5 2],73,116,132,43,103
1,<environment.Job instance at 0x1515a13f5140>,56,1,[6 1],75,123,124,48,103
1,<environment.Job instance at 0x1515a13f5b40>,57,28,[14  1],78,132,160,54,131
1,<environment.Job instance at 0x1515a13f54b0>,59,3,[7 1],80,160,163,80,135
1,<environment.Job instance at 0x1515a13f5c30>,58,2,[1 7],79,145,147,66,145
1,<environment.Job instance at 0x1515a13f53c0>,61,15,[6 2],82,160,175,78,146
1,<environment.Job instance at 0x1515a12a5820>,63,17,[1 8],85,147,164,62,146
1,<environment.Job instance at 0x1515a13f51e0>,64,2,[11  2],86,175,177,89,148
1,<environment.Job instance at 0x1515a13f5820>,65,16,[2 7],87,164,180,77,151
1,<environment.Job instance at 0x1515b6742aa0>,66,2,[1 8],89,177,179,88,151
1,<environment.Job instance at 0x1515a1a9ab90>,67,2,[1 5],90,163,165,73,151
1,<environment.Job instance at 0x1515afdb61e0>,68,1,[1 5],91,165,166,74,151
1,<environment.Job instance at 0x1515a3f725a0>,69,2,[9 1],92,179,181,87,152
1,<environment.Job instance at 0x1515ac011aa0>,70,3,[9 2],93,181,184,88,155
1,<environment.Job instance at 0x1515a0f755f0>,71,17,[5 2],94,180,197,86,168
1,<environment.Job instance at 0x1515a0aeb730>,72,2,[2 6],96,168,170,72,168
1,<environment.Job instance at 0x1515a0c07d70>,73,1,[ 1 10],97,180,181,83,168
1,<environment.Job instance at 0x1515a0cdf550>,74,1,[2 7],98,179,180,81,168
1,<environment.Job instance at 0x1515a0ed3960>,75,2,[2 6],99,170,172,71,168
1,<environment.Job instance at 0x1515a0ed38c0>,76,17,[5 2],100,184,201,84,174
1,<environment.Job instance at 0x1515ac14a780>,78,2,[8 2],103,197,199,94,174
1,<environment.Job instance at 0x1515a0ed3690>,79,2,[12  1],105,201,203,96,174
1,<environment.Job instance at 0x1515a08fa870>,80,14,[1 9],106,181,195,75,174
1,<environment.Job instance at 0x1515a08fa910>,81,1,[2 8],107,195,196,88,174
1,<environment.Job instance at 0x1515a0cec0f0>,77,2,[5 1],102,199,201,97,178
1,<environment.Job instance at 0x1515a08fa140>,82,18,[10  2],108,203,221,95,192
1,<environment.Job instance at 0x1515a08fa7d0>,84,15,[2 5],110,196,211,86,192
1,<environment.Job instance at 0x1515b6a3b370>,85,3,[1 6],111,199,202,88,192
1,<environment.Job instance at 0x1515a0ce4640>,86,2,[1 8],113,202,204,89,192
1,<environment.Job instance at 0x1515a0ce4af0>,87,17,[7 1],114,221,238,107,211
1,<environment.Job instance at 0x1515a0ce46e0>,89,3,[1 5],118,211,214,93,211
1,<environment.Job instance at 0x1515ac146c80>,90,1,[10  1],119,238,239,119,212
1,<environment.Job instance at 0x1515af2b14b0>,92,16,[7 1],121,221,237,100,212
1,<environment.Job instance at 0x1515af2b1f50>,93,1,[1 6],122,212,213,90,212
1,<environment.Job instance at 0x1515af2b1fa0>,94,14,[1 8],123,213,227,90,212
1,<environment.Job instance at 0x1515a0c97320>,95,2,[5 1],124,237,239,113,213
1,<environment.Job instance at 0x1515a0c970a0>,96,2,[7 2],125,239,241,114,213
1,<environment.Job instance at 0x1515a0c97af0>,97,1,[1 6],126,227,228,101,213
1,<environment.Job instance at 0x1515a0c97500>,98,3,[2 6],127,239,242,112,214
1,<environment.Job instance at 0x1515a0c97eb0>,99,3,[1 9],128,228,231,100,216
1,<environment.Job instance at 0x1515a0c97460>,100,3,[6 1],129,239,242,110,217
1,<environment.Job instance at 0x1515a0e7a870>,101,15,[6 1],135,241,256,106,227
1,<environment.Job instance at 0x1515a0c971e0>,102,2,[7 1],136,242,244,106,227
1,<environment.Job instance at 0x1515a0e7a5a0>,103,17,[8 1],137,244,261,107,232
1,<environment.Job instance at 0x1515af2abd70>,104,1,[ 2 13],138,237,238,99,232
1,<environment.Job instance at 0x1515af2abf00>,105,2,[2 5],139,242,244,103,232
1,<environment.Job instance at 0x1515af2ab1e0>,106,3,[9 1],140,261,264,121,235
1,<environment.Job instance at 0x1515af2ab280>,108,1,[5 1],142,256,257,114,235
1,<environment.Job instance at 0x1515af2ab230>,109,12,[ 1 10],143,244,256,101,235
1,<environment.Job instance at 0x1515af2abc30>,110,2,[1 7],144,235,237,91,235
1,<environment.Job instance at 0x1515a141ee10>,111,1,[6 2],147,257,258,110,235
1,<environment.Job instance at 0x1515a141e280>,112,3,[5 2],148,258,261,110,235
1,<environment.Job instance at 0x1515a141e8c0>,113,15,[8 1],149,264,279,115,250
1,<environment.Job instance at 0x1515a141e7d0>,114,3,[2 7],150,258,261,108,250
1,<environment.Job instance at 0x1515a141e0f0>,115,2,[8 2],152,279,281,127,252
1,<environment.Job instance at 0x1515a55902d0>,116,14,[2 9],157,261,275,104,252
1,<environment.Job instance at 0x1515a5590410>,117,1,[5 2],159,264,265,105,252
1,<environment.Job instance at 0x1515a55908c0>,118,13,[7 2],160,275,288,115,260
1,<environment.Job instance at 0x1515a5590a50>,119,1,[7 2],162,281,282,119,261
1,<environment.Job instance at 0x1515a5590af0>,120,1,[2 8],163,282,283,119,261
1,<environment.Job instance at 0x1515a5527f50>,122,3,[2 6],165,283,286,118,261
1,<environment.Job instance at 0x1515a5527af0>,123,2,[7 1],167,286,288,119,261
1,<environment.Job instance at 0x1515a5527c80>,124,1,[ 1 10],168,281,282,113,261
1,<environment.Job instance at 0x1515af2abbe0>,107,16,[2 5],141,291,307,150,291
1,<environment.Job instance at 0x1515a5560e60>,125,26,[2 5],169,294,320,125,294
1,<environment.Job instance at 0x1515a11de8c0>,128,3,[8 1],174,294,297,120,294
1,<environment.Job instance at 0x1515adc4feb0>,129,1,[1 8],175,307,308,132,294
1,<environment.Job instance at 0x1515a5127af0>,130,1,[10  2],179,298,299,119,298
1,<environment.Job instance at 0x1515a5127eb0>,131,2,[2 6],180,308,310,128,298
1,<environment.Job instance at 0x1515a5127460>,132,1,[1 5],181,299,300,118,298
1,<environment.Job instance at 0x1515a0f95780>,133,3,[7 2],183,300,303,117,299
1,<environment.Job instance at 0x1515a5594320>,134,1,[2 8],184,310,311,126,299
1,<environment.Job instance at 0x1515ac032870>,135,18,[1 7],186,311,329,125,300
1,<environment.Job instance at 0x1515a12a1410>,136,3,[10  1],188,303,306,115,301
1,<environment.Job instance at 0x1515a12a1280>,137,2,[ 2 13],189,329,331,140,302
1,<environment.Job instance at 0x1515a1b72be0>,127,17,[1 5],172,342,359,170,342
1,<environment.Job instance at 0x1515a0d20230>,19,20,[ 2 11],28,359,379,331,359
1,<environment.Job instance at 0x1515a0d20640>,22,15,[6 1],33,1645,1660,1612,1645
1,<environment.Job instance at 0x1515a3b96640>,10,3,[2 5],15,16,19,1,16
1,<environment.Job instance at 0x1515a51fd820>,11,18,[5 2],17,17,35,0,17
1,<environment.Job instance at 0x1515a51fda00>,12,1,[1 6],18,18,19,0,18
1,<environment.Job instance at 0x1515a3b963c0>,8,2,[2 8],11,21,23,10,21
1,<environment.Job instance at 0x1515ac0a8050>,13,2,[2 6],20,24,26,4,24
1,<environment.Job instance at 0x1515a0c67eb0>,16,1,[10  1],26,26,27,0,26
1,<environment.Job instance at 0x1515a51fd190>,17,3,[10  1],27,27,30,0,27
1,<environment.Job instance at 0x1515ac077b40>,14,2,[6 2],21,30,32,9,28
1,<environment.Job instance at 0x1515a41b6b90>,18,2,[6 1],28,32,34,4,29
1,<environment.Job instance at 0x1515a41b62d0>,20,2,[10  2],30,34,36,4,30
1,<environment.Job instance at 0x1515a41b6550>,19,3,[1 5],29,30,33,1,30
1,<environment.Job instance at 0x1515a0c84460>,22,1,[1 8],32,33,34,1,32
1,<environment.Job instance at 0x1515a41cfa00>,23,25,[9 1],33,36,61,3,33
1,<environment.Job instance at 0x1515af3b00a0>,24,3,[2 7],34,35,38,1,34
1,<environment.Job instance at 0x1515af3b0d20>,25,1,[7 1],35,61,62,26,35
1,<environment.Job instance at 0x1515b6754c80>,26,2,[7 2],36,61,63,25,36
1,<environment.Job instance at 0x1515a40ad460>,21,1,[9 1],31,63,64,32,37
1,<environment.Job instance at 0x1515a3fbd6e0>,28,3,[2 6],39,40,43,1,40
1,<environment.Job instance at 0x1515a3fbd2d0>,29,2,[8 1],40,64,66,24,41
1,<environment.Job instance at 0x1515ac0ac640>,30,1,[6 2],41,43,44,2,41
1,<environment.Job instance at 0x1515ac0ac9b0>,31,1,[9 1],42,66,67,24,42
1,<environment.Job instance at 0x1515b4090870>,32,1,[2 5],44,44,45,0,44
1,<environment.Job instance at 0x1515b4090af0>,33,3,[10  2],47,67,70,20,47
1,<environment.Job instance at 0x1515b40903c0>,34,1,[2 7],48,48,49,0,48
1,<environment.Job instance at 0x1515b40901e0>,35,2,[ 1 14],50,50,52,0,50
1,<environment.Job instance at 0x1515b40900a0>,36,1,[7 2],51,62,63,11,52
1,<environment.Job instance at 0x1515afd3da00>,37,3,[9 1],52,70,73,18,52
1,<environment.Job instance at 0x1515b6754730>,27,13,[10  1],38,73,86,35,57
1,<environment.Job instance at 0x1515b416f690>,41,3,[2 8],57,64,67,7,64
1,<environment.Job instance at 0x1515afd3d190>,38,15,[6 1],53,86,101,33,74
1,<environment.Job instance at 0x1515a0c37f00>,45,2,[2 6],61,74,76,13,74
1,<environment.Job instance at 0x1515a0c37dc0>,46,3,[1 9],62,76,79,14,74
1,<environment.Job instance at 0x1515b5eaa280>,47,2,[1 7],64,74,76,10,74
1,<environment.Job instance at 0x1515b5eaa5a0>,48,3,[2 9],65,79,82,14,74
1,<environment.Job instance at 0x1515b5eaad70>,49,2,[6 1],66,86,88,20,75
1,<environment.Job instance at 0x1515a4248f00>,50,1,[5 1],67,82,83,15,75
1,<environment.Job instance at 0x1515a42482d0>,51,16,[2 6],68,83,99,15,75
1,<environment.Job instance at 0x1515a4248370>,52,2,[7 1],70,88,90,18,79
1,<environment.Job instance at 0x1515a42483c0>,53,14,[5 2],74,90,104,16,79
1,<environment.Job instance at 0x1515a4248460>,54,1,[ 1 10],75,99,100,24,79
1,<environment.Job instance at 0x1515a4248c30>,56,2,[9 2],78,101,103,23,79
1,<environment.Job instance at 0x1515a50ecaa0>,57,3,[2 7],79,83,86,4,79
1,<environment.Job instance at 0x1515a50ecb90>,58,21,[10  2],82,103,124,21,96
1,<environment.Job instance at 0x1515a50ec500>,59,22,[2 9],83,104,126,21,97
1,<environment.Job instance at 0x1515a50ecd70>,60,3,[1 7],85,100,103,15,97
1,<environment.Job instance at 0x1515a50ecf50>,61,14,[2 5],87,124,138,37,109
1,<environment.Job instance at 0x1515a50ec2d0>,62,13,[1 5],91,126,139,35,110
1,<environment.Job instance at 0x1515a50ec190>,63,2,[6 1],93,124,126,31,110
1,<environment.Job instance at 0x1515a50ec7d0>,64,1,[ 1 12],94,139,140,45,111
1,<environment.Job instance at 0x1515a50ec960>,65,1,[10  2],95,126,127,31,111
1,<environment.Job instance at 0x1515a50ec5a0>,66,3,[2 9],96,140,143,44,114
1,<environment.Job instance at 0x1515a0f25370>,43,26,[5 2],59,127,153,68,124
1,<environment.Job instance at 0x1515a50ec550>,67,13,[2 9],97,143,156,46,127
1,<environment.Job instance at 0x1515a522a280>,69,1,[9 1],100,138,139,38,127
1,<environment.Job instance at 0x1515a522a190>,70,20,[9 1],101,153,173,52,144
1,<environment.Job instance at 0x1515a522acd0>,71,3,[5 1],103,144,147,41,144
1,<environment.Job instance at 0x1515a522a140>,72,2,[13  1],104,173,175,69,146
1,<environment.Job instance at 0x1515a522a3c0>,73,1,[12  2],105,175,176,70,147
1,<environment.Job instance at 0x1515a522a9b0>,74,1,[5 1],106,147,148,41,147
1,<environment.Job instance at 0x1515a522ab90>,75,3,[8 1],107,148,151,41,147
1,<environment.Job instance at 0x1515a522a870>,76,2,[6 2],108,151,153,43,149
1,<environment.Job instance at 0x1515a522ae60>,77,3,[9 2],109,176,179,67,150
1,<environment.Job instance at 0x1515a522af00>,78,2,[1 6],116,156,158,40,150
1,<environment.Job instance at 0x1515a522a1e0>,79,18,[8 1],118,179,197,61,168
1,<environment.Job instance at 0x1515a522aeb0>,80,2,[2 8],120,169,171,49,169
1,<environment.Job instance at 0x1515a522a6e0>,81,1,[7 1],123,179,180,56,169
1,<environment.Job instance at 0x1515a522a910>,82,2,[2 6],124,169,171,45,169
1,<environment.Job instance at 0x1515a1a98fa0>,83,3,[6 2],126,176,179,50,170
1,<environment.Job instance at 0x1515a1a98690>,84,12,[2 9],127,180,192,53,170
1,<environment.Job instance at 0x1515a1a98820>,85,2,[5 1],128,171,173,43,171
1,<environment.Job instance at 0x1515a1a98be0>,86,3,[9 1],129,197,200,68,171
1,<environment.Job instance at 0x1515a1a98280>,87,1,[7 2],130,192,193,62,171
1,<environment.Job instance at 0x1515a1a98910>,88,17,[6 2],132,193,210,61,181
1,<environment.Job instance at 0x1515a1a984b0>,89,3,[9 2],134,200,203,66,182
1,<environment.Job instance at 0x1515a1a981e0>,90,2,[2 5],135,182,184,47,182
1,<environment.Job instance at 0x1515a1a98370>,91,1,[1 9],136,193,194,57,182
1,<environment.Job instance at 0x1515a1a98a00>,92,3,[1 7],137,194,197,57,183
1,<environment.Job instance at 0x1515a1a98e60>,93,1,[1 8],138,203,204,65,183
1,<environment.Job instance at 0x1515a1a988c0>,94,20,[7 2],139,203,223,64,194
1,<environment.Job instance at 0x1515a1a98dc0>,95,1,[1 9],140,204,205,64,194
1,<environment.Job instance at 0x1515a1a98d70>,96,2,[2 6],141,205,207,64,195
1,<environment.Job instance at 0x1515a1a98550>,97,3,[ 2 10],142,207,210,65,195
1,<environment.Job instance at 0x1515a1a980f0>,98,13,[2 8],143,210,223,67,195
1,<environment.Job instance at 0x1515a1a985a0>,99,1,[8 1],146,223,224,77,195
1,<environment.Job instance at 0x1515a1a98230>,100,3,[1 6],147,223,226,76,197
1,<environment.Job instance at 0x1515ac0151e0>,101,2,[1 6],148,223,225,75,197
1,<environment.Job instance at 0x1515ac015be0>,102,1,[2 5],149,210,211,61,197
1,<environment.Job instance at 0x1515a522a0f0>,68,12,[5 2],99,211,223,112,211
1,<environment.Job instance at 0x1515ac015d20>,103,14,[ 2 10],150,226,240,76,211
1,<environment.Job instance at 0x1515ac015960>,106,1,[5 2],153,223,224,70,212
1,<environment.Job instance at 0x1515ac015690>,107,12,[2 9],154,240,252,86,223
1,<environment.Job instance at 0x1515ac015780>,108,1,[11  1],163,225,226,62,225
1,<environment.Job instance at 0x1515ac015c80>,109,2,[5 1],164,229,231,65,229
1,<environment.Job instance at 0x1515ac015aa0>,110,2,[1 6],165,240,242,75,229
1,<environment.Job instance at 0x1515ac015460>,111,2,[1 8],166,252,254,86,229
1,<environment.Job instance at 0x1515ac015c30>,112,1,[6 1],167,230,231,63,230
1,<environment.Job instance at 0x1515ac015fa0>,113,18,[10  2],169,242,260,73,231
1,<environment.Job instance at 0x1515b418e500>,114,1,[6 1],170,231,232,61,231
1,<environment.Job instance at 0x1515b418ec80>,115,1,[2 9],171,254,255,83,231
1,<environment.Job instance at 0x1515b418e550>,116,1,[1 5],172,233,234,61,233
1,<environment.Job instance at 0x1515b418eaf0>,117,16,[ 2 10],173,255,271,82,242
1,<environment.Job instance at 0x1515b418e050>,118,3,[5 1],174,260,263,86,242
1,<environment.Job instance at 0x1515b418eaa0>,119,3,[1 7],175,271,274,96,246
1,<environment.Job instance at 0x1515b418e7d0>,120,3,[10  2],177,263,266,86,246
1,<environment.Job instance at 0x1515a4187910>,121,17,[9 2],179,266,283,87,254
1,<environment.Job instance at 0x1515a4187820>,122,2,[9 2],181,283,285,102,256
1,<environment.Job instance at 0x1515a0eac5a0>,123,2,[2 7],185,274,276,89,256
1,<environment.Job instance at 0x1515a0eaceb0>,124,1,[8 1],186,260,261,74,256
1,<environment.Job instance at 0x1515ac0155f0>,104,1,[ 1 13],151,276,277,125,265
1,<environment.Job instance at 0x1515a0eac230>,125,15,[7 1],187,285,300,98,271
1,<environment.Job instance at 0x1515a0eac500>,127,12,[7 2],189,285,297,96,271
1,<environment.Job instance at 0x1515a0eacaf0>,126,1,[1 8],188,295,296,107,295
1,<environment.Job instance at 0x1515ac0159b0>,105,12,[ 1 14],152,320,332,168,320
1,<environment.Job instance at 0x1515a3ac6460>,5,16,[ 1 11],7,383,399,376,383
1,<environment.Job instance at 0x1515a51ab0f0>,20,2,[8 1],26,31,33,5,31
1,<environment.Job instance at 0x1515b679e2d0>,22,1,[10  1],28,33,34,5,31
1,<environment.Job instance at 0x1515af3eff00>,24,1,[1 6],31,31,32,0,31
1,<environment.Job instance at 0x1515a0b6a0f0>,25,3,[6 1],32,34,37,2,32
1,<environment.Job instance at 0x1515afde8d20>,26,16,[1 5],33,33,49,0,33
1,<environment.Job instance at 0x1515a102d780>,29,17,[12  1],37,37,54,0,37
1,<environment.Job instance at 0x1515a0ce45a0>,32,3,[1 9],41,41,44,0,41
1,<environment.Job instance at 0x1515a0ce4280>,33,15,[9 1],42,54,69,12,42
1,<environment.Job instance at 0x1515a0f753c0>,35,13,[8 1],44,69,82,25,53
1,<environment.Job instance at 0x1515a0f75fa0>,36,3,[2 8],45,53,56,8,53
1,<environment.Job instance at 0x1515a0f75eb0>,37,2,[1 7],46,56,58,10,53
1,<environment.Job instance at 0x1515a557edc0>,38,2,[1 6],47,53,55,6,53
1,<environment.Job instance at 0x1515a557e370>,39,14,[ 2 10],48,58,72,10,53
1,<environment.Job instance at 0x1515a557e460>,40,1,[2 7],50,56,57,6,53
1,<environment.Job instance at 0x1515a557e5f0>,41,3,[8 2],51,82,85,31,56
1,<environment.Job instance at 0x1515a3fae6e0>,43,2,[9 1],54,85,87,31,58
1,<environment.Job instance at 0x1515a3faeaa0>,44,1,[2 5],55,72,73,17,58
1,<environment.Job instance at 0x1515a09a8a00>,45,3,[1 8],57,72,75,15,58
1,<environment.Job instance at 0x1515a3fae820>,46,2,[2 8],60,75,77,15,60
1,<environment.Job instance at 0x1515a0e28f50>,47,17,[1 8],62,77,94,15,65
1,<environment.Job instance at 0x1515a0e28f00>,49,3,[1 8],65,94,97,29,68
1,<environment.Job instance at 0x1515b67b97d0>,50,12,[1 7],66,87,99,21,70
1,<environment.Job instance at 0x1515b67b9500>,51,3,[8 1],67,97,100,30,71
1,<environment.Job instance at 0x1515a0c9bf50>,52,3,[10  1],68,100,103,32,74
1,<environment.Job instance at 0x1515a1dd03c0>,58,1,[ 2 10],75,99,100,24,75
1,<environment.Job instance at 0x1515b407c140>,60,12,[ 2 11],78,100,112,22,83
1,<environment.Job instance at 0x1515a0bf2a50>,62,16,[5 1],81,103,119,22,90
1,<environment.Job instance at 0x1515a1ac9e10>,64,13,[1 5],84,112,125,28,96
1,<environment.Job instance at 0x1515a129acd0>,66,23,[2 5],87,112,135,25,106
1,<environment.Job instance at 0x1515a3fb94b0>,68,18,[8 2],89,119,137,30,108
1,<environment.Job instance at 0x1515a4067b40>,69,16,[2 9],90,135,151,45,122
1,<environment.Job instance at 0x1515af35a190>,71,3,[2 6],92,125,128,33,122
1,<environment.Job instance at 0x1515a12b9730>,72,1,[5 2],93,128,129,35,122
1,<environment.Job instance at 0x1515b677aaf0>,74,2,[2 6],95,129,131,34,122
1,<environment.Job instance at 0x1515afd64640>,78,2,[2 8],101,131,133,30,122
1,<environment.Job instance at 0x1515a522b410>,80,15,[1 5],103,137,152,34,123
1,<environment.Job instance at 0x1515a522b280>,81,3,[2 5],105,151,154,46,126
1,<environment.Job instance at 0x1515a0af1dc0>,82,2,[6 2],106,151,153,45,126
1,<environment.Job instance at 0x1515a0ed9320>,83,16,[2 8],108,157,173,49,157
1,<environment.Job instance at 0x1515a3af0a00>,84,2,[9 1],109,158,160,49,158
1,<environment.Job instance at 0x1515a0af14b0>,85,18,[2 5],110,159,177,49,159
1,<environment.Job instance at 0x1515a3adcd70>,86,3,[10  2],111,160,163,49,159
1,<environment.Job instance at 0x1515af411690>,87,1,[6 1],114,163,164,49,160
1,<environment.Job instance at 0x1515a52ef550>,88,3,[10  1],115,164,167,49,161
1,<environment.Job instance at 0x1515a52b8820>,89,3,[6 2],116,167,170,51,162
1,<environment.Job instance at 0x1515a52ef870>,90,18,[ 1 14],117,177,195,60,166
1,<environment.Job instance at 0x1515ac0d1b90>,91,2,[7 1],118,170,172,52,168
1,<environment.Job instance at 0x1515ac0d17d0>,92,3,[10  1],119,172,175,53,168
1,<environment.Job instance at 0x1515a4897730>,93,1,[6 1],120,175,176,55,169
1,<environment.Job instance at 0x1515a4897cd0>,94,18,[1 9],121,195,213,74,187
1,<environment.Job instance at 0x1515a0eb09b0>,96,3,[7 1],123,191,194,68,191
1,<environment.Job instance at 0x1515a5142f50>,97,1,[8 2],124,195,196,71,192
1,<environment.Job instance at 0x1515a5142230>,98,28,[ 2 10],126,219,247,93,219
1,<environment.Job instance at 0x1515afd64230>,79,17,[11  2],102,229,246,127,229
1,<environment.Job instance at 0x1515a5142e10>,99,15,[1 8],127,247,262,120,233
1,<environment.Job instance at 0x1515a519ea00>,107,1,[8 1],139,246,247,107,233
1,<environment.Job instance at 0x1515a519ef00>,108,14,[1 6],141,247,261,106,233
1,<environment.Job instance at 0x1515a519e320>,109,12,[1 7],144,261,273,117,248
1,<environment.Job instance at 0x1515afd975a0>,117,3,[9 1],157,250,253,93,250
1,<environment.Job instance at 0x1515afd97c80>,119,17,[2 6],160,262,279,102,251
1,<environment.Job instance at 0x1515afd97e60>,121,1,[8 2],164,262,263,98,253
1,<environment.Job instance at 0x1515afd97dc0>,122,2,[10  1],165,253,255,88,253
1,<environment.Job instance at 0x1515afd97460>,123,2,[10  1],166,255,257,89,253
1,<environment.Job instance at 0x1515ac10aaa0>,124,16,[10  2],167,263,279,96,254
1,<environment.Job instance at 0x1515ac10a500>,125,2,[2 5],168,273,275,105,254
1,<environment.Job instance at 0x1515a52512d0>,126,1,[1 7],169,275,276,106,255
1,<environment.Job instance at 0x1515a5251aa0>,127,1,[2 9],170,279,280,109,255
1,<environment.Job instance at 0x1515a5251e10>,128,3,[2 9],172,280,283,108,258
1,<environment.Job instance at 0x1515a5251cd0>,129,1,[9 2],173,279,280,106,258
1,<environment.Job instance at 0x1515a5251c30>,130,1,[7 2],175,280,281,105,258
1,<environment.Job instance at 0x1515a5251af0>,131,16,[5 2],176,280,296,104,267
1,<environment.Job instance at 0x1515a5251820>,132,3,[10  2],178,283,286,105,267
1,<environment.Job instance at 0x1515a5251f50>,133,1,[10  2],179,286,287,107,267
1,<environment.Job instance at 0x1515a5251960>,134,2,[7 1],180,281,283,101,267
1,<environment.Job instance at 0x1515a5251b90>,135,2,[10  1],181,287,289,106,267
1,<environment.Job instance at 0x1515a5251140>,136,1,[1 7],182,276,277,94,269
1,<environment.Job instance at 0x1515a5251460>,137,1,[9 1],184,289,290,105,271
1,<environment.Job instance at 0x1515a0a096e0>,138,13,[ 2 11],185,290,303,105,274
1,<environment.Job instance at 0x1515a0a09a00>,140,3,[10  2],188,296,299,108,274
1,<environment.Job instance at 0x1515a0a09410>,141,3,[ 1 10],189,303,306,114,277
1,<environment.Job instance at 0x1515afd97a00>,115,19,[ 2 14],155,306,325,151,303
1,<environment.Job instance at 0x1515a48971e0>,95,1,[2 7],122,325,326,203,325
1,<environment.Job instance at 0x1515b677a7d0>,16,16,[ 2 10],25,25,41,0,25
1,<environment.Job instance at 0x1515b677a0a0>,17,2,[5 1],27,27,29,0,27
1,<environment.Job instance at 0x1515a095b4b0>,18,3,[6 1],28,34,37,6,34
1,<environment.Job instance at 0x1515a3b35dc0>,19,1,[10  1],29,37,38,8,36
1,<environment.Job instance at 0x1515a0e23f00>,20,15,[7 1],30,38,53,8,36
1,<environment.Job instance at 0x1515a0e23140>,21,3,[ 2 10],31,41,44,10,36
1,<environment.Job instance at 0x1515a0e231e0>,22,17,[2 9],33,44,61,11,37
1,<environment.Job instance at 0x1515a087a5f0>,23,1,[9 2],34,53,54,19,38
1,<environment.Job instance at 0x1515a087a640>,24,3,[2 9],35,61,64,26,40
1,<environment.Job instance at 0x1515a087a050>,25,3,[2 5],36,44,47,8,40
1,<environment.Job instance at 0x1515a087adc0>,26,3,[1 7],37,64,67,27,42
1,<environment.Job instance at 0x1515a087aa00>,27,2,[2 6],38,54,56,16,48
1,<environment.Job instance at 0x1515a087aa50>,28,2,[5 2],39,49,51,10,49
1,<environment.Job instance at 0x1515a087a460>,29,12,[ 1 10],40,67,79,27,50
1,<environment.Job instance at 0x1515a12c6870>,30,2,[1 5],41,51,53,10,50
1,<environment.Job instance at 0x1515a13c4960>,31,12,[5 1],42,56,68,14,51
1,<environment.Job instance at 0x1515a0e7ac80>,32,1,[10  1],43,68,69,25,51
1,<environment.Job instance at 0x1515a0b1d730>,33,3,[1 7],45,64,67,19,51
1,<environment.Job instance at 0x1515a5560050>,34,1,[10  2],47,69,70,22,51
1,<environment.Job instance at 0x1515a556bb40>,35,1,[6 1],49,56,57,7,51
1,<environment.Job instance at 0x1515a087a5a0>,36,13,[1 6],50,79,92,29,64
1,<environment.Job instance at 0x1515a0f38f50>,37,2,[1 8],51,79,81,28,64
1,<environment.Job instance at 0x1515a087ab90>,38,17,[6 1],52,70,87,18,64
1,<environment.Job instance at 0x1515ac0f6870>,39,1,[8 1],53,67,68,14,64
1,<environment.Job instance at 0x1515ac0f6370>,40,3,[1 6],54,81,84,27,64
1,<environment.Job instance at 0x1515b40628c0>,41,2,[1 9],57,87,89,30,64
1,<environment.Job instance at 0x1515b4062780>,42,17,[2 7],58,89,106,31,77
1,<environment.Job instance at 0x1515b40627d0>,43,12,[5 1],59,89,101,30,77
1,<environment.Job instance at 0x1515a0e012d0>,44,16,[1 7],61,92,108,31,80
1,<environment.Job instance at 0x1515a4018c80>,45,3,[2 6],62,84,87,22,80
1,<environment.Job instance at 0x1515af2b1370>,46,17,[6 1],65,101,118,36,90
1,<environment.Job instance at 0x1515a0ccb140>,47,3,[2 8],66,108,111,42,90
1,<environment.Job instance at 0x1515a0ccb370>,48,2,[9 1],68,111,113,43,90
1,<environment.Job instance at 0x1515a0ccb730>,49,12,[5 2],69,113,125,44,96
1,<environment.Job instance at 0x1515a0ccbdc0>,50,1,[1 9],70,113,114,43,96
1,<environment.Job instance at 0x1515a0ccb4b0>,51,1,[1 5],71,106,107,35,96
1,<environment.Job instance at 0x1515a0ccb0a0>,52,26,[2 7],72,114,140,42,111
1,<environment.Job instance at 0x1515a0ccbeb0>,53,3,[2 8],73,125,128,52,111
1,<environment.Job instance at 0x1515a4058230>,54,3,[2 9],74,140,143,66,114
1,<environment.Job instance at 0x1515a4058500>,55,15,[8 1],76,128,143,52,114
1,<environment.Job instance at 0x1515a0c8b5a0>,56,1,[2 7],77,128,129,51,114
1,<environment.Job instance at 0x1515a10c21e0>,57,1,[7 2],78,118,119,40,114
1,<environment.Job instance at 0x1515a10c20f0>,58,25,[1 7],79,143,168,64,140
1,<environment.Job instance at 0x1515a10c2aa0>,59,1,[ 2 10],80,168,169,88,147
1,<environment.Job instance at 0x1515b6b9c0a0>,60,2,[2 5],81,149,151,68,149
1,<environment.Job instance at 0x1515a0b55550>,61,15,[7 2],82,149,164,67,149
1,<environment.Job instance at 0x1515a0b555a0>,62,1,[7 2],85,151,152,66,149
1,<environment.Job instance at 0x1515a13cf370>,63,1,[1 8],86,164,165,78,149
1,<environment.Job instance at 0x1515a13cf190>,64,2,[1 7],87,165,167,78,155
1,<environment.Job instance at 0x1515a13cf230>,65,22,[ 1 10],88,169,191,81,162
1,<environment.Job instance at 0x1515a13cfd20>,66,2,[1 6],89,191,193,102,172
1,<environment.Job instance at 0x1515b4097e60>,67,1,[14  1],91,173,174,82,173
1,<environment.Job instance at 0x1515b40975a0>,68,3,[10  1],92,174,177,82,174
1,<environment.Job instance at 0x1515b6782be0>,69,3,[10  1],93,177,180,84,174
1,<environment.Job instance at 0x1515b67820f0>,70,1,[8 1],94,180,181,86,174
1,<environment.Job instance at 0x1515b6782a00>,71,17,[7 2],96,181,198,85,174
1,<environment.Job instance at 0x1515a10d2aa0>,72,13,[2 5],97,191,204,94,175
1,<environment.Job instance at 0x1515a10d2640>,73,2,[6 1],99,180,182,81,175
1,<environment.Job instance at 0x1515a11c5910>,74,16,[6 1],100,193,209,93,180
1,<environment.Job instance at 0x1515a11c58c0>,75,1,[ 1 10],102,204,205,102,180
1,<environment.Job instance at 0x1515a11c5a50>,76,3,[9 1],104,205,208,101,180
1,<environment.Job instance at 0x1515a11c5b90>,77,1,[8 2],106,204,205,98,180
1,<environment.Job instance at 0x1515ac0e87d0>,78,3,[1 5],107,198,201,91,180
1,<environment.Job instance at 0x1515ac0e85f0>,79,1,[10  1],109,209,210,100,181
1,<environment.Job instance at 0x1515ac0e8b40>,80,3,[8 1],110,210,213,100,185
1,<environment.Job instance at 0x1515af4bd9b0>,81,2,[8 1],111,213,215,102,186
1,<environment.Job instance at 0x1515a08ccbe0>,82,1,[5 2],112,186,187,74,186
1,<environment.Job instance at 0x1515a08cc370>,83,3,[1 7],113,201,204,88,186
1,<environment.Job instance at 0x1515ac0e8230>,84,2,[5 1],114,187,189,73,186
1,<environment.Job instance at 0x1515a11bfaa0>,85,17,[1 5],116,208,225,92,197
1,<environment.Job instance at 0x1515ac158640>,86,2,[5 2],117,199,201,82,199
1,<environment.Job instance at 0x1515a412b460>,87,1,[1 5],118,208,209,90,200
1,<environment.Job instance at 0x1515afddb960>,88,1,[8 2],119,215,216,96,207
1,<environment.Job instance at 0x1515afddb2d0>,89,2,[7 1],120,216,218,96,207
1,<environment.Job instance at 0x1515a412b500>,90,1,[10  1],121,218,219,97,207
1,<environment.Job instance at 0x1515a1175dc0>,91,2,[ 1 10],122,219,221,97,207
1,<environment.Job instance at 0x1515a08c3050>,92,2,[1 8],123,209,211,86,207
1,<environment.Job instance at 0x1515a0956d20>,93,3,[2 5],124,211,214,87,208
1,<environment.Job instance at 0x1515ac1a65f0>,94,18,[10  1],125,221,239,96,210
1,<environment.Job instance at 0x1515a41981e0>,95,2,[7 1],126,216,218,90,210
1,<environment.Job instance at 0x1515a4198730>,96,15,[2 7],127,221,236,94,210
1,<environment.Job instance at 0x1515a08af820>,97,1,[2 5],128,214,215,86,211
1,<environment.Job instance at 0x1515a4198af0>,98,3,[ 1 11],131,236,239,105,213
1,<environment.Job instance at 0x1515a107d690>,99,2,[1 9],132,239,241,107,213
1,<environment.Job instance at 0x1515a08af780>,100,2,[2 5],133,225,227,92,214
1,<environment.Job instance at 0x1515b5f0e140>,101,3,[1 5],136,227,230,91,215
1,<environment.Job instance at 0x1515a129d050>,102,1,[8 1],137,239,240,102,215
1,<environment.Job instance at 0x1515b5f0e7d0>,103,2,[8 2],138,240,242,102,216
1,<environment.Job instance at 0x1515a129d820>,104,14,[9 2],139,242,256,103,227
1,<environment.Job instance at 0x1515ac18d280>,105,2,[5 2],140,239,241,99,227
1,<environment.Job instance at 0x1515b40ebd20>,106,3,[1 5],141,230,233,89,228
1,<environment.Job instance at 0x1515b40ebb90>,107,1,[1 5],143,233,234,90,228
1,<environment.Job instance at 0x1515a10eb550>,108,16,[8 1],144,256,272,112,243
1,<environment.Job instance at 0x1515a123c410>,109,14,[2 8],145,243,257,98,243
1,<environment.Job instance at 0x1515a089b500>,110,15,[8 2],146,272,287,126,258
1,<environment.Job instance at 0x1515a10ebfa0>,111,3,[1 7],148,258,261,110,258
1,<environment.Job instance at 0x1515a10eb410>,112,3,[7 1],149,261,264,112,258
1,<environment.Job instance at 0x1515a0faac30>,113,2,[2 7],150,258,260,108,258
1,<environment.Job instance at 0x1515a0faaaf0>,114,14,[ 2 10],151,264,278,113,258
1,<environment.Job instance at 0x1515af4b79b0>,115,1,[1 9],152,278,279,126,258
1,<environment.Job instance at 0x1515af4b75f0>,116,18,[5 2],153,264,282,111,258
1,<environment.Job instance at 0x1515af4b7a00>,117,2,[1 8],155,279,281,124,258
1,<environment.Job instance at 0x1515af4b7f00>,118,16,[1 6],156,281,297,125,268
1,<environment.Job instance at 0x1515a110ebe0>,119,3,[2 6],158,282,285,124,269
1,<environment.Job instance at 0x1515af4b7870>,120,14,[10  1],159,287,301,128,273
1,<environment.Job instance at 0x1515af4b7500>,121,3,[ 1 14],160,297,300,137,274
1,<environment.Job instance at 0x1515af4b7e10>,122,3,[5 1],161,300,303,139,275
1,<environment.Job instance at 0x1515a1456fa0>,123,2,[8 1],163,301,303,138,275
1,<environment.Job instance at 0x1515af4b7050>,124,3,[9 1],164,303,306,139,278
1,<environment.Job instance at 0x1515a0e0f6e0>,125,3,[8 2],165,306,309,141,281
1,<environment.Job instance at 0x1515ac1b3690>,126,12,[7 2],167,306,318,139,291
1,<environment.Job instance at 0x1515ac1b3e10>,127,2,[2 7],169,291,293,122,291
1,<environment.Job instance at 0x1515ac1b3280>,128,17,[6 2],171,309,326,138,297
1,<environment.Job instance at 0x1515a0879690>,129,13,[ 2 10],172,309,322,137,297
1,<environment.Job instance at 0x1515a0879a50>,130,2,[1 9],173,301,303,128,297
1,<environment.Job instance at 0x1515a0879370>,131,23,[1 5],174,322,345,148,316
1,<environment.Job instance at 0x1515a0879820>,132,1,[8 1],175,322,323,147,316
1,<environment.Job instance at 0x1515a08b1d70>,133,18,[10  1],176,326,344,150,316
1,<environment.Job instance at 0x1515a51a9870>,134,1,[8 2],177,323,324,146,316
1,<environment.Job instance at 0x1515b6743eb0>,135,2,[7 1],178,318,320,140,318
1,<environment.Job instance at 0x1515a1249190>,136,1,[5 1],179,320,321,141,318
1,<environment.Job instance at 0x1515a0879f50>,137,2,[2 8],180,324,326,144,319
1,<environment.Job instance at 0x1515a0c81500>,138,3,[7 1],181,344,347,163,319
1,<environment.Job instance at 0x1515b677a4b0>,139,3,[8 2],182,345,348,163,319
1,<environment.Job instance at 0x1515b677a910>,140,2,[10  1],184,348,350,164,321
1,<environment.Job instance at 0x1515f42323c0>,141,22,[5 1],186,347,369,161,340
1,<environment.Job instance at 0x1515a4157c80>,142,14,[9 2],189,350,364,161,340
1,<environment.Job instance at 0x1515b677ad20>,14,2,[2 6],22,400,402,378,400
1,<environment.Job instance at 0x1515b677a460>,12,3,[14  2],18,715,718,697,715
1,<environment.Job instance at 0x1515a0e0fc30>,9,2,[6 2],12,12,14,0,12
1,<environment.Job instance at 0x1515a100e5f0>,7,3,[9 2],10,14,17,4,14
1,<environment.Job instance at 0x1515afdb0910>,10,1,[1 5],14,14,15,0,14
1,<environment.Job instance at 0x1515afdb09b0>,12,2,[8 1],16,17,19,1,16
1,<environment.Job instance at 0x1515a3c25f00>,13,2,[8 1],17,21,23,4,21
1,<environment.Job instance at 0x1515a3c25be0>,18,18,[ 2 11],22,41,59,19,41
1,<environment.Job instance at 0x1515a3c25780>,19,2,[1 6],23,59,61,36,42
1,<environment.Job instance at 0x1515ac01f3c0>,22,13,[8 1],26,42,55,16,42
1,<environment.Job instance at 0x1515ac08caa0>,23,1,[6 1],27,55,56,28,42
1,<environment.Job instance at 0x1515a3c253c0>,24,2,[ 1 10],28,61,63,33,43
1,<environment.Job instance at 0x1515a3c25280>,25,1,[5 1],29,43,44,14,43
1,<environment.Job instance at 0x1515a3c25690>,26,3,[5 2],30,44,47,14,43
1,<environment.Job instance at 0x1515a1a9c230>,27,17,[6 2],34,55,72,21,43
1,<environment.Job instance at 0x1515a0d07fa0>,28,3,[5 2],35,47,50,12,43
1,<environment.Job instance at 0x1515a0ece910>,21,2,[ 1 13],25,63,65,38,47
1,<environment.Job instance at 0x1515a0d07550>,29,15,[10  2],36,72,87,36,59
1,<environment.Job instance at 0x1515b4062af0>,32,1,[8 2],39,59,60,20,59
1,<environment.Job instance at 0x1515b40625a0>,33,12,[1 8],40,65,77,25,60
1,<environment.Job instance at 0x1515b415db90>,34,28,[ 2 10],41,77,105,36,77
1,<environment.Job instance at 0x1515a1b022d0>,35,3,[9 1],44,87,90,43,77
1,<environment.Job instance at 0x1515b415d690>,36,14,[2 5],46,90,104,44,77
1,<environment.Job instance at 0x1515a0b03500>,37,2,[1 8],47,105,107,58,80
1,<environment.Job instance at 0x1515a0b033c0>,38,1,[5 1],48,104,105,56,82
1,<environment.Job instance at 0x1515a0b03f00>,39,14,[1 7],49,105,119,56,93
1,<environment.Job instance at 0x1515a0b03b40>,41,2,[6 2],53,107,109,54,93
1,<environment.Job instance at 0x1515a0b038c0>,42,2,[1 5],54,107,109,53,93
1,<environment.Job instance at 0x1515a0b03f50>,43,2,[9 2],55,109,111,54,94
1,<environment.Job instance at 0x1515a0b034b0>,44,1,[9 1],58,111,112,53,95
1,<environment.Job instance at 0x1515a402a910>,45,2,[9 1],59,112,114,53,96
1,<environment.Job instance at 0x1515a307acd0>,46,2,[6 2],60,114,116,54,96
1,<environment.Job instance at 0x1515a307a320>,47,2,[2 9],62,119,121,57,96
1,<environment.Job instance at 0x1515a307a410>,48,17,[2 9],63,121,138,58,109
1,<environment.Job instance at 0x1515a307a960>,49,3,[7 1],64,114,117,50,110
1,<environment.Job instance at 0x1515a307ad70>,50,2,[ 1 10],65,138,140,73,111
1,<environment.Job instance at 0x1515a307ae10>,51,2,[ 1 11],67,140,142,73,113
1,<environment.Job instance at 0x1515a307ac30>,52,2,[1 8],68,117,119,49,114
1,<environment.Job instance at 0x1515a307adc0>,53,16,[ 1 12],69,142,158,73,129
1,<environment.Job instance at 0x1515a307a140>,54,1,[1 5],70,138,139,68,138
1,<environment.Job instance at 0x1515a307a8c0>,55,3,[2 8],71,158,161,87,138
1,<environment.Job instance at 0x1515a3084d20>,56,12,[7 2],72,139,151,67,138
1,<environment.Job instance at 0x1515a3084370>,57,1,[2 5],74,158,159,84,142
1,<environment.Job instance at 0x1515a3084140>,58,17,[ 1 10],76,161,178,85,150
1,<environment.Job instance at 0x1515a0f36cd0>,59,3,[1 6],79,178,181,99,152
1,<environment.Job instance at 0x1515a0f36140>,60,3,[2 6],80,178,181,98,154
1,<environment.Job instance at 0x1515a0f36280>,61,3,[2 5],81,159,162,78,154
1,<environment.Job instance at 0x1515a0f36550>,62,16,[7 2],82,162,178,80,154
1,<environment.Job instance at 0x1515a0f36780>,63,12,[9 1],83,178,190,95,161
1,<environment.Job instance at 0x1515a0f36c30>,65,3,[1 6],87,181,184,94,161
1,<environment.Job instance at 0x1515ac0322d0>,66,2,[1 6],89,181,183,92,161
1,<environment.Job instance at 0x1515ac032280>,67,2,[8 1],93,190,192,97,163
1,<environment.Job instance at 0x1515b411bf50>,68,3,[9 2],94,192,195,98,166
1,<environment.Job instance at 0x1515b411b460>,69,1,[2 8],96,183,184,87,166
1,<environment.Job instance at 0x1515b411beb0>,70,2,[10  1],97,195,197,98,168
1,<environment.Job instance at 0x1515ac077230>,71,13,[1 8],98,184,197,86,168
1,<environment.Job instance at 0x1515b411b140>,72,3,[5 1],100,168,171,68,168
1,<environment.Job instance at 0x1515b408a870>,73,26,[5 2],102,197,223,95,194
1,<environment.Job instance at 0x1515a3c28640>,74,2,[7 2],104,197,199,93,194
1,<environment.Job instance at 0x1515a3c284b0>,75,12,[2 8],105,197,209,92,194
1,<environment.Job instance at 0x1515a3fd5be0>,76,14,[10  2],106,209,223,103,194
1,<environment.Job instance at 0x1515a0d66a00>,77,3,[2 6],107,223,226,116,198
1,<environment.Job instance at 0x1515a10fae60>,78,12,[6 1],110,223,235,113,206
1,<environment.Job instance at 0x1515a3b5a9b0>,79,18,[1 6],111,223,241,112,213
1,<environment.Job instance at 0x1515a0ebad70>,80,14,[9 2],113,235,249,122,220
1,<environment.Job instance at 0x1515a107daa0>,81,3,[1 9],116,241,244,125,220
1,<environment.Job instance at 0x1515ac7d4dc0>,82,1,[5 2],117,223,224,106,220
1,<environment.Job instance at 0x1515ac7d44b0>,83,1,[9 1],118,249,250,131,221
1,<environment.Job instance at 0x1515ac7d4eb0>,84,23,[9 1],120,250,273,130,244
1,<environment.Job instance at 0x1515a4192280>,86,18,[1 7],122,244,262,122,244
1,<environment.Job instance at 0x1515a0bc69b0>,87,16,[9 2],123,273,289,150,260
1,<environment.Job instance at 0x1515a0a77b90>,88,2,[1 5],124,261,263,137,261
1,<environment.Job instance at 0x1515a0a77d70>,89,1,[2 5],125,262,263,137,261
1,<environment.Job instance at 0x1515a0bc6050>,90,12,[5 1],128,263,275,135,262
1,<environment.Job instance at 0x1515a1203dc0>,91,1,[10  1],130,289,290,159,262
1,<environment.Job instance at 0x1515b410a8c0>,92,1,[7 1],131,290,291,159,262
1,<environment.Job instance at 0x1515b410afa0>,93,2,[10  1],132,291,293,159,265
1,<environment.Job instance at 0x1515a0cdffa0>,94,1,[6 2],133,275,276,142,265
1,<environment.Job instance at 0x1515a40d4e10>,95,3,[6 2],134,276,279,142,266
1,<environment.Job instance at 0x1515afddb410>,96,3,[2 5],138,279,282,141,266
1,<environment.Job instance at 0x1515a408f870>,97,2,[5 1],139,282,284,143,266
1,<environment.Job instance at 0x1515adc7e500>,98,18,[2 9],141,284,302,143,273
1,<environment.Job instance at 0x1515a0d62eb0>,31,2,[11  1],38,293,295,255,275
1,<environment.Job instance at 0x1515a408f280>,99,13,[2 8],143,302,315,159,286
1,<environment.Job instance at 0x1515b406d050>,104,18,[7 2],150,295,313,145,287
1,<environment.Job instance at 0x1515a0ce4f00>,108,3,[ 1 10],155,315,318,160,289
1,<environment.Job instance at 0x1515a0ce4910>,109,1,[14  2],156,315,316,159,289
1,<environment.Job instance at 0x1515a0ce45a0>,110,2,[6 2],157,295,297,138,291
1,<environment.Job instance at 0x1515a1b390a0>,111,13,[6 1],158,297,310,139,291
1,<environment.Job instance at 0x1515a3c7fe60>,112,2,[1 9],159,318,320,159,291
1,<environment.Job instance at 0x1515a1b39f00>,113,3,[6 2],160,310,313,150,293
1,<environment.Job instance at 0x1515af35a8c0>,114,3,[5 2],162,316,319,154,293
1,<environment.Job instance at 0x1515af35a410>,115,2,[1 8],163,320,322,157,293
1,<environment.Job instance at 0x1515ac146a50>,116,17,[9 1],164,316,333,152,304
1,<environment.Job instance at 0x1515b679e370>,117,2,[2 8],167,322,324,155,304
1,<environment.Job instance at 0x1515af35a190>,118,14,[2 8],168,324,338,156,309
1,<environment.Job instance at 0x1515a0c80fa0>,119,1,[10  2],169,313,314,144,309
1,<environment.Job instance at 0x1515a0c80aa0>,120,17,[7 2],171,333,350,162,321
1,<environment.Job instance at 0x1515a0c80c30>,121,13,[8 1],174,338,351,164,322
1,<environment.Job instance at 0x1515a0c80410>,122,2,[10  1],175,351,353,176,324
1,<environment.Job instance at 0x1515a0c80e10>,123,18,[8 1],177,353,371,176,342
1,<environment.Job instance at 0x1515a0c80050>,124,1,[6 2],178,350,351,172,342
1,<environment.Job instance at 0x1515a0c80190>,125,1,[6 1],179,353,354,174,342
1,<environment.Job instance at 0x1515a0c80c80>,126,1,[8 1],180,371,372,191,343
1,<environment.Job instance at 0x1515a0c80870>,127,1,[5 1],183,351,352,168,343
1,<environment.Job instance at 0x1515a0c80140>,128,2,[1 9],184,352,354,168,343
1,<environment.Job instance at 0x1515a0c80be0>,129,3,[ 2 10],186,354,357,168,343
1,<environment.Job instance at 0x1515a0c80780>,130,2,[7 1],188,357,359,169,343
1,<environment.Job instance at 0x1515b406d280>,107,2,[14  2],154,413,415,259,413
1,<environment.Job instance at 0x1515a100e500>,8,1,[ 2 10],11,618,619,607,618
1,<environment.Job instance at 0x1515a0896190>,1,1,[ 2 10],2,5,6,3,5
1,<environment.Job instance at 0x1515a4248370>,10,2,[10  2],16,16,18,0,16
1,<environment.Job instance at 0x1515a4248460>,11,2,[14  1],17,18,20,1,17
1,<environment.Job instance at 0x1515a4248c30>,12,14,[6 2],20,20,34,0,20
1,<environment.Job instance at 0x1515a4248910>,13,1,[5 2],21,21,22,0,21
1,<environment.Job instance at 0x1515a4248730>,14,18,[10  2],22,34,52,12,23
1,<environment.Job instance at 0x1515a4248eb0>,18,12,[5 2],27,27,39,0,27
1,<environment.Job instance at 0x1515adc5a690>,20,1,[10  2],29,52,53,23,29
1,<environment.Job instance at 0x1515a0cec870>,22,2,[10  1],33,53,55,20,33
1,<environment.Job instance at 0x1515b679e050>,23,17,[7 1],35,55,72,20,43
1,<environment.Job instance at 0x1515a0cdf370>,26,13,[5 2],43,43,56,0,43
1,<environment.Job instance at 0x1515a100ec80>,27,3,[1 9],44,55,58,11,44
1,<environment.Job instance at 0x1515b6e55b90>,28,1,[1 7],47,58,59,11,47
1,<environment.Job instance at 0x1515b6e553c0>,29,14,[7 1],49,56,70,7,49
1,<environment.Job instance at 0x1515b6e555a0>,30,3,[6 2],50,70,73,20,50
1,<environment.Job instance at 0x1515a143f6e0>,31,17,[6 2],55,72,89,17,60
1,<environment.Job instance at 0x1515af41dd20>,35,2,[2 6],60,70,72,10,60
1,<environment.Job instance at 0x1515af315140>,36,17,[1 9],61,72,89,11,61
1,<environment.Job instance at 0x1515a1decbe0>,37,3,[1 6],62,62,65,0,62
1,<environment.Job instance at 0x1515a1decd70>,38,1,[8 1],63,73,74,10,63
1,<environment.Job instance at 0x1515a40e55a0>,39,1,[6 1],64,74,75,10,64
1,<environment.Job instance at 0x1515a40e5cd0>,40,1,[1 9],68,68,69,0,68
1,<environment.Job instance at 0x1515a1aa3780>,43,1,[2 8],74,89,90,15,74
1,<environment.Job instance at 0x1515a1aa3500>,45,18,[2 8],78,90,108,12,79
1,<environment.Job instance at 0x1515a3fdb730>,47,2,[6 2],82,82,84,0,82
1,<environment.Job instance at 0x1515a3fdbeb0>,49,3,[ 2 10],88,108,111,20,88
1,<environment.Job instance at 0x1515a0e67730>,53,2,[2 5],94,94,96,0,94
1,<environment.Job instance at 0x1515ac0acb40>,55,13,[ 1 13],96,111,124,15,96
1,<environment.Job instance at 0x1515ac0ac230>,56,2,[10  1],97,100,102,3,100
1,<environment.Job instance at 0x1515a0eac230>,61,2,[5 1],103,104,106,1,104
1,<environment.Job instance at 0x1515b6e4b690>,64,1,[5 2],107,107,108,0,107
1,<environment.Job instance at 0x1515a0c62140>,69,18,[7 2],119,119,137,0,119
1,<environment.Job instance at 0x1515a0ffe280>,70,15,[1 5],120,124,139,4,120
1,<environment.Job instance at 0x1515a0c97be0>,71,2,[2 9],121,137,139,16,121
1,<environment.Job instance at 0x1515a0bc66e0>,72,2,[6 2],122,124,126,2,122
1,<environment.Job instance at 0x1515af3e5b40>,74,2,[1 6],124,124,126,0,124
1,<environment.Job instance at 0x1515a11b8050>,76,1,[2 8],126,126,127,0,126
1,<environment.Job instance at 0x1515a11b8730>,77,2,[10  1],127,137,139,10,127
1,<environment.Job instance at 0x1515a401e0a0>,78,2,[7 1],128,128,130,0,128
1,<environment.Job instance at 0x1515a11b8e10>,79,2,[7 2],129,130,132,1,129
1,<environment.Job instance at 0x1515afd5d820>,80,1,[9 2],130,139,140,9,130
1,<environment.Job instance at 0x1515a13e9e10>,81,2,[9 1],131,140,142,9,131
1,<environment.Job instance at 0x1515a1b51280>,83,14,[8 2],135,142,156,7,135
1,<environment.Job instance at 0x1515a1b519b0>,84,3,[2 9],136,139,142,3,136
1,<environment.Job instance at 0x1515a0d62820>,85,2,[1 9],138,142,144,4,138
1,<environment.Job instance at 0x1515a0d621e0>,86,3,[ 2 12],140,144,147,4,140
1,<environment.Job instance at 0x1515a4069960>,87,3,[9 1],141,156,159,15,141
1,<environment.Job instance at 0x1515a4069640>,88,3,[1 8],143,147,150,4,143
1,<environment.Job instance at 0x1515a41a9640>,90,1,[2 5],148,148,149,0,148
1,<environment.Job instance at 0x1515a10dabe0>,91,2,[1 8],149,150,152,1,149
1,<environment.Job instance at 0x1515a308bc30>,89,2,[5 1],147,150,152,3,150
1,<environment.Job instance at 0x1515a10da140>,92,17,[1 6],150,152,169,2,150
1,<environment.Job instance at 0x1515b5e74870>,94,12,[1 7],152,153,165,1,153
1,<environment.Job instance at 0x1515b5e74a50>,96,3,[9 1],157,159,162,2,157
1,<environment.Job instance at 0x1515b5e74c80>,97,27,[9 2],158,162,189,4,160
1,<environment.Job instance at 0x1515b5e74230>,98,2,[7 1],159,189,191,30,164
1,<environment.Job instance at 0x1515b5e74c30>,99,3,[1 6],160,165,168,5,165
1,<environment.Job instance at 0x1515b5e74690>,100,1,[6 1],161,169,170,8,165
1,<environment.Job instance at 0x1515b5e74aa0>,101,1,[1 5],162,168,169,6,165
1,<environment.Job instance at 0x1515b5e74370>,102,2,[1 7],163,170,172,7,165
1,<environment.Job instance at 0x1515a402ad20>,103,3,[1 7],164,172,175,8,165
1,<environment.Job instance at 0x1515a402a690>,104,1,[1 8],165,175,176,10,165
1,<environment.Job instance at 0x1515a402a320>,105,2,[2 5],166,170,172,4,166
1,<environment.Job instance at 0x1515a402a190>,106,3,[1 9],167,176,179,9,167
1,<environment.Job instance at 0x1515a402a5f0>,107,3,[8 1],168,189,192,21,168
1,<environment.Job instance at 0x1515a402a550>,108,1,[2 9],169,179,180,10,169
1,<environment.Job instance at 0x1515a402a2d0>,109,3,[1 9],172,180,183,8,172
1,<environment.Job instance at 0x1515b409eaf0>,110,1,[9 1],173,192,193,19,173
1,<environment.Job instance at 0x1515b409e7d0>,111,3,[1 7],174,183,186,9,174
1,<environment.Job instance at 0x1515b409ea50>,112,2,[1 8],175,186,188,11,175
1,<environment.Job instance at 0x1515b409e9b0>,113,16,[10  1],176,193,209,17,180
1,<environment.Job instance at 0x1515b409e0a0>,114,3,[5 1],178,180,183,2,180
1,<environment.Job instance at 0x1515b409e280>,115,3,[9 2],179,209,212,30,183
1,<environment.Job instance at 0x1515b409e1e0>,116,14,[ 1 12],180,191,205,11,183
1,<environment.Job instance at 0x1515b409e960>,117,2,[ 1 10],181,205,207,24,183
1,<environment.Job instance at 0x1515b409ef00>,118,1,[9 1],182,212,213,30,184
1,<environment.Job instance at 0x1515b409e780>,119,2,[1 5],183,185,187,2,185
1,<environment.Job instance at 0x1515b409e0f0>,120,1,[6 2],184,188,189,4,185
1,<environment.Job instance at 0x1515a0888140>,121,3,[7 2],186,213,216,27,187
1,<environment.Job instance at 0x1515a0888b40>,122,13,[1 6],187,207,220,20,191
1,<environment.Job instance at 0x1515a0888eb0>,123,19,[5 1],188,209,228,21,199
1,<environment.Job instance at 0x1515a0dbdbe0>,8,1,[1 8],13,274,275,261,274
1,<environment.Job instance at 0x1515a3c019b0>,2,3,[1 9],4,578,581,574,578
1,<environment.Job instance at 0x1515b5e741e0>,95,2,[11  1],154,629,631,475,629
1,<environment.Job instance at 0x1515a09bf500>,13,21,[6 2],22,24,45,2,24
1,<environment.Job instance at 0x1515a116f460>,25,18,[2 8],39,51,69,12,51
1,<environment.Job instance at 0x1515a3f38d20>,27,18,[8 1],42,56,74,14,56
1,<environment.Job instance at 0x1515a3f38780>,28,2,[6 2],43,69,71,26,56
1,<environment.Job instance at 0x1515af2eeaf0>,29,16,[6 2],45,71,87,26,58
1,<environment.Job instance at 0x1515a10f47d0>,30,2,[2 6],46,60,62,14,60
1,<environment.Job instance at 0x1515a10f40f0>,31,2,[9 1],48,74,76,26,60
1,<environment.Job instance at 0x1515af40d0f0>,32,2,[8 1],50,76,78,26,61
1,<environment.Job instance at 0x1515af316910>,33,1,[ 1 10],53,69,70,16,62
1,<environment.Job instance at 0x1515af316d20>,34,1,[8 1],54,78,79,24,62
1,<environment.Job instance at 0x1515a0f58cd0>,35,1,[8 1],55,79,80,24,64
1,<environment.Job instance at 0x1515a0f587d0>,36,3,[2 7],56,80,83,24,64
1,<environment.Job instance at 0x1515b6e552d0>,37,14,[1 9],58,83,97,25,70
1,<environment.Job instance at 0x1515b6e4d730>,38,3,[1 6],62,71,74,9,71
1,<environment.Job instance at 0x1515b6e4ddc0>,39,1,[2 7],63,97,98,34,71
1,<environment.Job instance at 0x1515b6e4d5a0>,40,12,[5 2],64,80,92,16,71
1,<environment.Job instance at 0x1515b6e4d550>,41,16,[2 6],65,92,108,27,79
1,<environment.Job instance at 0x1515a1b3b230>,44,3,[2 9],72,98,101,26,79
1,<environment.Job instance at 0x1515afdbf0a0>,46,3,[7 1],76,87,90,11,79
1,<environment.Job instance at 0x1515afdbf9b0>,47,3,[ 2 10],79,108,111,29,82
1,<environment.Job instance at 0x1515b40972d0>,53,2,[2 5],89,101,103,12,89
1,<environment.Job instance at 0x1515b4097190>,54,3,[1 8],90,103,106,13,90
1,<environment.Job instance at 0x1515b4097a50>,55,1,[10  2],91,97,98,6,91
1,<environment.Job instance at 0x1515b40973c0>,56,18,[1 8],93,111,129,18,100
1,<environment.Job instance at 0x1515a0faf3c0>,59,12,[8 1],97,101,113,4,100
1,<environment.Job instance at 0x1515a0faf460>,60,2,[6 2],98,111,113,13,100
1,<environment.Job instance at 0x1515a1b9f6e0>,67,2,[1 8],111,129,131,18,113
1,<environment.Job instance at 0x1515ac032050>,70,2,[2 8],116,131,133,15,117
1,<environment.Job instance at 0x1515a12025a0>,61,16,[ 2 10],103,133,149,30,121
1,<environment.Job instance at 0x1515b5e8f1e0>,72,2,[13  1],118,125,127,7,125
1,<environment.Job instance at 0x1515b5e8f730>,73,2,[1 7],119,127,129,8,125
1,<environment.Job instance at 0x1515b5e8f780>,75,3,[8 1],122,129,132,7,125
1,<environment.Job instance at 0x1515b6a69be0>,76,1,[7 1],124,132,133,8,125
1,<environment.Job instance at 0x1515a52c65a0>,78,15,[10  1],126,133,148,7,126
1,<environment.Job instance at 0x1515a489d820>,80,21,[2 6],129,149,170,20,141
1,<environment.Job instance at 0x1515a489d2d0>,82,13,[6 2],131,148,161,17,141
1,<environment.Job instance at 0x1515a51a10f0>,83,2,[5 2],133,148,150,15,141
1,<environment.Job instance at 0x1515a51a1dc0>,84,2,[6 2],134,150,152,16,141
1,<environment.Job instance at 0x1515a51a14b0>,85,3,[2 5],135,152,155,17,141
1,<environment.Job instance at 0x1515a51a1820>,86,12,[5 2],136,152,164,16,141
1,<environment.Job instance at 0x1515a51a1f50>,87,14,[2 8],138,164,178,26,149
1,<environment.Job instance at 0x1515a51a1050>,89,16,[7 1],141,161,177,20,149
1,<environment.Job instance at 0x1515a0a54aa0>,90,1,[1 7],142,177,178,35,149
1,<environment.Job instance at 0x1515a0a54960>,91,2,[1 8],143,178,180,35,151
1,<environment.Job instance at 0x1515af418f00>,93,15,[2 9],147,180,195,33,166
1,<environment.Job instance at 0x1515a3f39050>,98,2,[8 2],153,178,180,25,166
1,<environment.Job instance at 0x1515a3f396e0>,100,2,[6 2],155,170,172,15,166
1,<environment.Job instance at 0x1515a3f39cd0>,101,16,[5 1],158,178,194,20,166
1,<environment.Job instance at 0x1515a3f39140>,102,14,[9 1],159,194,208,35,179
1,<environment.Job instance at 0x1515a3f395f0>,105,3,[1 7],164,195,198,31,179
1,<environment.Job instance at 0x1515f42a4500>,106,1,[6 2],165,180,181,15,179
1,<environment.Job instance at 0x1515f42a40a0>,107,15,[7 2],166,208,223,42,194
1,<environment.Job instance at 0x1515f42a4d70>,111,2,[6 1],170,198,200,28,194
1,<environment.Job instance at 0x1515f42a4b90>,112,15,[2 8],172,200,215,28,194
1,<environment.Job instance at 0x1515f42a4280>,113,17,[8 1],173,215,232,42,203
1,<environment.Job instance at 0x1515f42a43c0>,115,2,[2 8],178,223,225,45,203
1,<environment.Job instance at 0x1515a0f3af00>,117,2,[6 2],181,208,210,27,203
1,<environment.Job instance at 0x1515a0f3a9b0>,118,1,[2 5],182,203,204,21,203
1,<environment.Job instance at 0x1515a0f3aaa0>,119,3,[2 8],186,225,228,39,203
1,<environment.Job instance at 0x1515a0f3a370>,120,2,[1 9],187,228,230,41,203
1,<environment.Job instance at 0x1515a0f3ae10>,121,3,[2 6],188,204,207,16,203
1,<environment.Job instance at 0x1515a0f3a910>,122,2,[5 2],189,210,212,21,203
1,<environment.Job instance at 0x1515a09bfd70>,14,16,[6 1],24,411,427,387,411
1,<environment.Job instance at 0x1515a3af0370>,9,23,[2 9],12,16,39,4,16
1,<environment.Job instance at 0x1515a3af0550>,18,3,[8 2],28,28,31,0,28
1,<environment.Job instance at 0x1515a0cd8d20>,20,3,[2 7],31,39,42,8,31
1,<environment.Job instance at 0x1515a0cd8b40>,21,1,[1 6],32,32,33,0,32
1,<environment.Job instance at 0x1515a3ad00f0>,23,1,[10  1],37,37,38,0,37
1,<environment.Job instance at 0x1515a3ad0d70>,24,15,[2 8],38,39,54,1,38
1,<environment.Job instance at 0x1515af3ded20>,25,2,[9 1],39,42,44,3,39
1,<environment.Job instance at 0x1515a401b8c0>,26,12,[8 1],40,44,56,4,40
1,<environment.Job instance at 0x1515a0cc4460>,31,16,[1 9],46,54,70,8,46
1,<environment.Job instance at 0x1515a127c820>,32,3,[13  1],47,56,59,9,47
1,<environment.Job instance at 0x1515a40354b0>,33,3,[2 9],48,70,73,22,48
1,<environment.Job instance at 0x1515a4035820>,34,1,[2 9],49,73,74,24,49
1,<environment.Job instance at 0x1515a0e374b0>,27,12,[7 1],41,59,71,18,53
1,<environment.Job instance at 0x1515a40265f0>,36,1,[10  1],55,71,72,16,55
1,<environment.Job instance at 0x1515a4035690>,37,1,[7 2],56,59,60,3,56
1,<environment.Job instance at 0x1515a4020d70>,38,3,[1 7],57,74,77,17,57
1,<environment.Job instance at 0x1515a4020820>,39,1,[2 9],58,77,78,19,58
1,<environment.Job instance at 0x1515a40200a0>,40,3,[1 8],60,74,77,14,60
1,<environment.Job instance at 0x1515a4020500>,43,14,[2 9],68,78,92,10,68
1,<environment.Job instance at 0x1515a263d460>,30,2,[2 8],45,92,94,47,86
1,<environment.Job instance at 0x1515a51e0460>,52,14,[13  1],83,100,114,17,100
1,<environment.Job instance at 0x1515a0b7db90>,46,26,[ 2 10],71,100,126,29,100
1,<environment.Job instance at 0x1515a51e0140>,54,1,[1 8],86,126,127,40,101
1,<environment.Job instance at 0x1515a40cdf00>,59,2,[1 8],91,127,129,36,101
1,<environment.Job instance at 0x1515af40b0a0>,61,15,[ 1 10],93,129,144,36,115
1,<environment.Job instance at 0x1515a0b5dd70>,70,23,[5 2],104,115,138,11,115
1,<environment.Job instance at 0x1515a1b47be0>,71,2,[2 9],106,144,146,38,122
1,<environment.Job instance at 0x1515a12a15a0>,74,1,[1 6],109,144,145,35,125
1,<environment.Job instance at 0x1515a0b512d0>,76,3,[ 2 12],112,146,149,34,128
1,<environment.Job instance at 0x1515b67bd140>,75,17,[1 9],111,219,236,108,219
1,<environment.Job instance at 0x1515afd97d20>,78,18,[2 9],114,236,254,122,226
1,<environment.Job instance at 0x1515a0da5f50>,80,14,[9 1],116,230,244,114,230
1,<environment.Job instance at 0x1515a0e3cbe0>,81,16,[5 1],118,244,260,126,232
1,<environment.Job instance at 0x1515a0e3c7d0>,82,28,[5 2],119,244,272,125,243
1,<environment.Job instance at 0x1515a0e3cdc0>,83,3,[7 2],121,260,263,139,243
1,<environment.Job instance at 0x1515a0e3c280>,84,2,[2 7],122,254,256,132,243
1,<environment.Job instance at 0x1515a0e3c690>,85,3,[2 9],124,256,259,132,243
1,<environment.Job instance at 0x1515a0e3c5a0>,86,1,[10  2],125,263,264,138,243
1,<environment.Job instance at 0x1515b41475a0>,87,2,[ 1 10],128,259,261,131,243
1,<environment.Job instance at 0x1515ac0f75f0>,88,1,[9 2],129,264,265,135,243
1,<environment.Job instance at 0x1515afd976e0>,79,2,[2 8],115,261,263,146,244
1,<environment.Job instance at 0x1515ac0f7a50>,89,17,[2 5],133,265,282,132,254
1,<environment.Job instance at 0x1515a26412d0>,91,1,[ 1 10],136,264,265,128,254
1,<environment.Job instance at 0x1515a09aae60>,92,1,[2 6],137,265,266,128,254
1,<environment.Job instance at 0x1515a09aa410>,93,1,[2 6],138,266,267,128,254
1,<environment.Job instance at 0x1515a09aaa50>,94,16,[10  2],140,272,288,132,259
1,<environment.Job instance at 0x1515a40bf230>,95,12,[1 9],141,282,294,141,266
1,<environment.Job instance at 0x1515a1316d70>,96,1,[7 2],142,267,268,125,267
1,<environment.Job instance at 0x1515a1316e60>,97,12,[1 5],143,267,279,124,267
1,<environment.Job instance at 0x1515a0edbd70>,98,2,[1 9],144,294,296,150,267
1,<environment.Job instance at 0x1515a0edb0f0>,99,1,[5 1],145,268,269,123,267
1,<environment.Job instance at 0x1515a3094f00>,100,3,[6 2],147,269,272,122,267
1,<environment.Job instance at 0x1515a3094140>,101,2,[2 7],148,279,281,131,267
1,<environment.Job instance at 0x1515a3094b40>,102,16,[10  1],150,288,304,138,275
1,<environment.Job instance at 0x1515a3094af0>,103,3,[2 8],151,296,299,145,275
1,<environment.Job instance at 0x1515a3094a00>,104,26,[2 6],152,296,322,144,294
1,<environment.Job instance at 0x1515a3094280>,106,15,[8 2],154,304,319,150,294
1,<environment.Job instance at 0x1515a3094640>,107,3,[ 2 10],155,322,325,167,296
1,<environment.Job instance at 0x1515a30943c0>,108,14,[1 5],156,299,313,143,296
1,<environment.Job instance at 0x1515a51b96e0>,109,1,[ 2 10],157,325,326,168,297
1,<environment.Job instance at 0x1515a51b9640>,110,3,[ 2 10],158,326,329,168,300
1,<environment.Job instance at 0x1515a51b9730>,111,2,[5 1],159,313,315,154,300
1,<environment.Job instance at 0x1515a51b9820>,112,12,[1 9],162,329,341,167,312
1,<environment.Job instance at 0x1515a51b9eb0>,113,1,[1 9],163,319,320,156,312
1,<environment.Job instance at 0x1515a3094aa0>,105,1,[2 6],153,330,331,177,330
1,<environment.Job instance at 0x1515a51b9aa0>,114,21,[2 7],164,341,362,177,333
1,<environment.Job instance at 0x1515a51b9a50>,116,3,[1 7],166,341,344,175,334
1,<environment.Job instance at 0x1515a51b93c0>,117,2,[9 2],167,334,336,167,334
1,<environment.Job instance at 0x1515a51b9b40>,118,2,[7 1],168,336,338,168,335
1,<environment.Job instance at 0x1515a51b9460>,119,1,[1 6],169,338,339,169,335
1,<environment.Job instance at 0x1515a51b9140>,120,27,[2 7],170,344,371,174,342
1,<environment.Job instance at 0x1515a51b90f0>,121,1,[1 9],171,371,372,200,343
1,<environment.Job instance at 0x1515a51b9410>,122,13,[1 6],172,362,375,190,346
1,<environment.Job instance at 0x1515a08e2c30>,123,3,[5 1],173,346,349,173,346
1,<environment.Job instance at 0x1515a08e2550>,124,15,[7 2],174,372,387,198,359
1,<environment.Job instance at 0x1515a08e2dc0>,125,2,[1 6],177,372,374,195,359
1,<environment.Job instance at 0x1515a08e2b40>,126,16,[2 7],180,374,390,194,361
1,<environment.Job instance at 0x1515a08e2870>,127,3,[ 2 13],184,390,393,206,364
1,<environment.Job instance at 0x1515a08e20f0>,129,3,[10  1],186,364,367,178,364
1,<environment.Job instance at 0x1515a3b6b0f0>,130,21,[1 5],189,393,414,204,385
1,<environment.Job instance at 0x1515a08e2140>,128,2,[2 8],185,387,389,202,387
1,<environment.Job instance at 0x1515a2609190>,77,12,[11  1],113,415,427,302,415
1,<environment.Job instance at 0x1515a3af0af0>,12,1,[1 6],16,541,542,525,541
1,<environment.Job instance at 0x1515a52b1730>,34,22,[2 8],44,45,67,1,45
1,<environment.Job instance at 0x1515a3d11820>,38,2,[7 1],48,54,56,6,54
1,<environment.Job instance at 0x1515b5e98c30>,40,18,[1 6],54,55,73,1,55
1,<environment.Job instance at 0x1515b5e98f50>,42,13,[9 1],56,56,69,0,56
1,<environment.Job instance at 0x1515ac7f68c0>,43,1,[ 1 10],57,73,74,16,58
1,<environment.Job instance at 0x1515ac7f6820>,44,1,[10  2],58,69,70,11,58
1,<environment.Job instance at 0x1515a0e75a00>,45,16,[5 1],59,70,86,11,59
1,<environment.Job instance at 0x1515ac160cd0>,46,3,[6 1],60,70,73,10,60
1,<environment.Job instance at 0x1515ac160d20>,47,13,[2 5],62,74,87,12,62
1,<environment.Job instance at 0x1515ac160780>,48,2,[2 8],63,67,69,4,63
1,<environment.Job instance at 0x1515a0fc6640>,49,3,[1 7],65,69,72,4,65
1,<environment.Job instance at 0x1515ac160190>,50,2,[8 1],67,73,75,6,67
1,<environment.Job instance at 0x1515ac160f00>,51,3,[9 2],68,86,89,18,68
1,<environment.Job instance at 0x1515a3b72140>,52,13,[2 5],72,75,88,3,72
1,<environment.Job instance at 0x1515a3b72cd0>,53,12,[2 7],73,87,99,14,73
1,<environment.Job instance at 0x1515a3b72d70>,54,13,[7 2],74,89,102,15,74
1,<environment.Job instance at 0x1515a3b72b90>,55,14,[7 1],75,99,113,24,84
1,<environment.Job instance at 0x1515a3b72690>,56,3,[2 6],76,88,91,12,84
1,<environment.Job instance at 0x1515a3b72370>,57,3,[8 1],77,102,105,25,84
1,<environment.Job instance at 0x1515a3b729b0>,58,1,[6 1],78,84,85,6,84
1,<environment.Job instance at 0x1515a3b72870>,59,3,[6 1],79,91,94,12,84
1,<environment.Job instance at 0x1515b5e98550>,41,3,[10  2],55,113,116,58,87
1,<environment.Job instance at 0x1515ac096960>,60,3,[9 1],80,116,119,36,90
1,<environment.Job instance at 0x1515afdb6cd0>,64,1,[5 1],86,94,95,8,90
1,<environment.Job instance at 0x1515afdb62d0>,65,3,[1 8],87,99,102,12,90
1,<environment.Job instance at 0x1515a13cbe60>,66,2,[5 1],88,95,97,7,91
1,<environment.Job instance at 0x1515a10303c0>,63,1,[10  2],85,119,120,34,99
1,<environment.Job instance at 0x1515a13cb0a0>,67,15,[9 2],90,120,135,30,107
1,<environment.Job instance at 0x1515af31ea00>,71,3,[8 2],96,107,110,11,107
1,<environment.Job instance at 0x1515a0ef1c30>,72,1,[2 8],97,110,111,13,107
1,<environment.Job instance at 0x1515a0a87910>,73,1,[5 1],98,110,111,12,107
1,<environment.Job instance at 0x1515a08ec960>,74,3,[5 1],99,111,114,12,107
1,<environment.Job instance at 0x1515a138b5f0>,75,18,[5 2],100,114,132,14,107
1,<environment.Job instance at 0x1515b41c3410>,76,2,[6 2],105,132,134,27,107
1,<environment.Job instance at 0x1515af2e1f50>,37,2,[ 1 12],47,116,118,69,112
1,<environment.Job instance at 0x1515b41c3be0>,77,12,[2 8],106,134,146,28,117
1,<environment.Job instance at 0x1515a0aa63c0>,82,13,[1 6],113,135,148,22,119
1,<environment.Job instance at 0x1515afd6f3c0>,83,2,[8 1],114,135,137,21,120
1,<environment.Job instance at 0x1515a10ea0a0>,84,1,[10  1],115,137,138,22,120
1,<environment.Job instance at 0x1515a1ae5280>,85,2,[5 1],116,138,140,22,120
1,<environment.Job instance at 0x1515a1ae5730>,86,1,[1 6],117,120,121,3,120
1,<environment.Job instance at 0x1515a1ae55f0>,88,3,[9 2],120,146,149,26,121
1,<environment.Job instance at 0x1515a116c640>,89,13,[ 1 14],122,149,162,27,133
1,<environment.Job instance at 0x1515a116c960>,90,1,[10  1],125,140,141,15,133
1,<environment.Job instance at 0x1515a116caf0>,91,14,[6 1],126,148,162,22,133
1,<environment.Job instance at 0x1515a116c7d0>,92,12,[2 8],127,162,174,35,145
1,<environment.Job instance at 0x1515a116cc30>,93,2,[2 6],129,146,148,17,145
1,<environment.Job instance at 0x1515a116c0f0>,94,3,[1 6],130,162,165,32,145
1,<environment.Job instance at 0x1515a116c1e0>,95,3,[1 9],131,174,177,43,148
1,<environment.Job instance at 0x1515a116c410>,96,2,[7 2],132,165,167,33,148
1,<environment.Job instance at 0x1515a4174730>,97,2,[9 1],134,162,164,28,148
1,<environment.Job instance at 0x1515a41747d0>,98,2,[2 6],138,167,169,29,148
1,<environment.Job instance at 0x1515a119a5f0>,99,3,[2 7],140,169,172,29,148
1,<environment.Job instance at 0x1515a0d62550>,100,3,[6 2],142,172,175,30,148
1,<environment.Job instance at 0x1515a1de78c0>,101,3,[2 5],144,175,178,31,149
1,<environment.Job instance at 0x1515a1de7b90>,102,21,[1 9],145,177,198,32,169
1,<environment.Job instance at 0x1515a0bb6230>,109,15,[10  2],154,178,193,24,178
1,<environment.Job instance at 0x1515a0bb65a0>,110,3,[7 2],156,193,196,37,181
1,<environment.Job instance at 0x1515a0bb6370>,111,16,[1 8],157,198,214,41,185
1,<environment.Job instance at 0x1515a0bb6050>,112,3,[5 1],159,193,196,34,187
1,<environment.Job instance at 0x1515a0bb6140>,113,1,[2 9],161,214,215,53,187
1,<environment.Job instance at 0x1515a0bb6c80>,114,1,[5 2],162,196,197,34,190
1,<environment.Job instance at 0x1515a0bb60a0>,115,3,[6 2],163,196,199,33,194
1,<environment.Job instance at 0x1515a10a9fa0>,116,18,[1 7],164,215,233,51,204
1,<environment.Job instance at 0x1515a1db8c30>,117,16,[9 1],166,213,229,47,213
1,<environment.Job instance at 0x1515a0fc5460>,118,1,[1 9],167,233,234,66,213
1,<environment.Job instance at 0x1515a0fc5500>,119,1,[8 1],168,229,230,61,213
1,<environment.Job instance at 0x1515a1379cd0>,120,2,[9 1],170,230,232,60,215
1,<environment.Job instance at 0x1515a1379c30>,121,1,[1 6],171,215,216,44,215
1,<environment.Job instance at 0x1515a13798c0>,122,2,[1 5],172,216,218,44,215
1,<environment.Job instance at 0x1515a1379b40>,123,3,[6 1],173,232,235,59,215
1,<environment.Job instance at 0x1515a0fca7d0>,124,16,[6 2],174,232,248,58,220
1,<environment.Job instance at 0x1515a0fcaa00>,125,2,[1 7],176,220,222,44,220
1,<environment.Job instance at 0x1515a0fca230>,126,3,[1 6],177,222,225,45,221
1,<environment.Job instance at 0x1515a0fca6e0>,127,1,[7 1],178,235,236,57,222
1,<environment.Job instance at 0x1515a0cb31e0>,128,13,[7 1],179,236,249,57,222
1,<environment.Job instance at 0x1515a0cb39b0>,129,1,[ 2 10],181,234,235,53,222
1,<environment.Job instance at 0x1515a0fca5a0>,130,14,[10  2],182,249,263,67,234
1,<environment.Job instance at 0x1515a1dccd70>,131,1,[2 8],183,235,236,52,234
1,<environment.Job instance at 0x1515a0fcafa0>,132,3,[7 2],184,263,266,79,238
1,<environment.Job instance at 0x1515a0a895a0>,133,1,[2 8],185,238,239,53,238
1,<environment.Job instance at 0x1515a0a89aa0>,134,3,[2 7],186,239,242,53,238
1,<environment.Job instance at 0x1515a0a89320>,135,1,[10  2],187,266,267,79,238
1,<environment.Job instance at 0x1515a0a893c0>,136,13,[2 7],188,242,255,54,238
1,<environment.Job instance at 0x1515a0a89fa0>,137,2,[8 1],189,263,265,74,238
1,<environment.Job instance at 0x1515a13cbf50>,69,1,[ 1 10],93,300,301,207,300
1,<environment.Job instance at 0x1515a0bb6960>,108,2,[13  2],153,440,442,287,440
1,<environment.Job instance at 0x1515a3d113c0>,39,1,[10  2],49,490,491,441,490
1,<environment.Job instance at 0x1515afd97be0>,6,3,[9 1],8,8,11,0,8
1,<environment.Job instance at 0x1515afd97af0>,7,3,[9 1],9,11,14,2,9
1,<environment.Job instance at 0x1515afd97730>,8,15,[14  1],10,14,29,4,10
1,<environment.Job instance at 0x1515afd97640>,9,1,[7 1],11,29,30,18,11
1,<environment.Job instance at 0x1515afd97fa0>,10,14,[1 8],13,13,27,0,13
1,<environment.Job instance at 0x1515afd97f00>,11,3,[10  1],15,30,33,15,15
1,<environment.Job instance at 0x1515afd97e10>,12,3,[ 1 10],17,27,30,10,17
1,<environment.Job instance at 0x1515afd97500>,13,1,[7 1],18,29,30,11,18
1,<environment.Job instance at 0x1515b6a62190>,14,18,[ 2 10],21,30,48,9,21
1,<environment.Job instance at 0x1515b6a62a00>,15,12,[5 1],23,33,45,10,23
1,<environment.Job instance at 0x1515a0dc0b90>,16,3,[9 2],24,45,48,21,24
1,<environment.Job instance at 0x1515b4058f00>,17,3,[8 1],26,33,36,7,26
1,<environment.Job instance at 0x1515a41c88c0>,18,18,[1 9],28,48,66,20,37
1,<environment.Job instance at 0x1515af4fae10>,19,2,[5 1],29,37,39,8,37
1,<environment.Job instance at 0x1515a3af0d70>,20,3,[1 9],31,66,69,35,40
1,<environment.Job instance at 0x1515a5164d70>,3,2,[2 9],4,69,71,65,62
1,<environment.Job instance at 0x1515b4138190>,21,22,[1 7],32,71,93,39,64
1,<environment.Job instance at 0x1515a1ac9280>,22,1,[10  2],35,76,77,41,76
1,<environment.Job instance at 0x1515a260c410>,25,1,[1 6],38,91,92,53,91
1,<environment.Job instance at 0x1515b6a62870>,23,28,[2 9],36,93,121,57,92
1,<environment.Job instance at 0x1515a260c2d0>,27,2,[ 1 10],40,121,123,81,94
1,<environment.Job instance at 0x1515a1a9c0a0>,28,1,[7 1],41,96,97,55,96
1,<environment.Job instance at 0x1515a0f221e0>,29,2,[9 1],42,97,99,55,96
1,<environment.Job instance at 0x1515a0f22e10>,26,1,[2 7],39,123,124,84,96
1,<environment.Job instance at 0x1515a1a9c190>,30,1,[5 1],44,96,97,52,96
1,<environment.Job instance at 0x1515a1a9cdc0>,32,15,[5 1],46,99,114,53,96
1,<environment.Job instance at 0x1515b411e190>,33,1,[10  1],47,114,115,67,96
1,<environment.Job instance at 0x1515b679e3c0>,34,1,[6 2],48,99,100,51,96
1,<environment.Job instance at 0x1515a1a9c780>,31,1,[2 7],45,123,124,78,97
1,<environment.Job instance at 0x1515afd5ee10>,35,13,[ 2 10],49,124,137,75,108
1,<environment.Job instance at 0x1515afd5e280>,37,17,[1 7],51,137,154,86,125
1,<environment.Job instance at 0x1515a416ae10>,38,2,[1 9],52,154,156,102,127
1,<environment.Job instance at 0x1515b679e910>,39,3,[1 7],56,137,140,81,127
1,<environment.Job instance at 0x1515a40d48c0>,40,1,[5 1],58,127,128,69,127
1,<environment.Job instance at 0x1515a40d4f50>,42,1,[5 1],60,129,130,69,129
1,<environment.Job instance at 0x1515a40d41e0>,43,2,[1 6],62,140,142,78,129
1,<environment.Job instance at 0x1515a40d4410>,44,12,[ 1 10],64,156,168,92,139
1,<environment.Job instance at 0x1515a40d40a0>,45,1,[ 1 11],66,168,169,102,140
1,<environment.Job instance at 0x1515a40d4d20>,46,13,[6 1],67,141,154,74,141
1,<environment.Job instance at 0x1515a1b483c0>,47,19,[7 2],68,142,161,74,141
1,<environment.Job instance at 0x1515a1b48dc0>,48,13,[5 2],69,154,167,85,141
1,<environment.Job instance at 0x1515a40d4190>,49,13,[9 2],70,161,174,91,145
1,<environment.Job instance at 0x1515a3b8baf0>,50,1,[2 6],71,169,170,98,145
1,<environment.Job instance at 0x1515a3b8b7d0>,51,12,[1 8],72,170,182,98,153
1,<environment.Job instance at 0x1515a3b8b730>,52,1,[2 5],73,169,170,96,153
1,<environment.Job instance at 0x1515a3b8b2d0>,53,17,[1 8],75,182,199,107,170
1,<environment.Job instance at 0x1515a10d2550>,56,1,[ 2 10],79,199,200,120,171
1,<environment.Job instance at 0x1515a10d2c80>,57,3,[2 9],80,200,203,120,174
1,<environment.Job instance at 0x1515a10d2e10>,58,3,[1 6],81,174,177,93,174
1,<environment.Job instance at 0x1515a10d23c0>,59,18,[ 1 12],82,203,221,121,192
1,<environment.Job instance at 0x1515a10d2b40>,60,2,[ 1 10],83,221,223,138,194
1,<environment.Job instance at 0x1515a3b8b320>,55,25,[7 2],78,195,220,117,195
1,<environment.Job instance at 0x1515a10d2d70>,61,1,[2 9],84,223,224,139,196
1,<environment.Job instance at 0x1515afd977d0>,4,17,[8 1],6,220,237,214,208
1,<environment.Job instance at 0x1515a52c6b40>,63,14,[1 8],87,224,238,137,209
1,<environment.Job instance at 0x1515a52c66e0>,65,2,[7 1],89,209,211,120,209
1,<environment.Job instance at 0x1515a52c6190>,66,1,[9 2],90,237,238,147,209
1,<environment.Job instance at 0x1515b5f1a1e0>,67,2,[5 1],91,211,213,120,210
1,<environment.Job instance at 0x1515a5143af0>,69,3,[1 5],94,223,226,129,211
1,<environment.Job instance at 0x1515b5f1aaf0>,70,15,[10  1],95,238,253,143,224
1,<environment.Job instance at 0x1515a1249d20>,71,17,[1 9],98,238,255,140,226
1,<environment.Job instance at 0x1515a1249af0>,72,1,[5 1],99,226,227,127,226
1,<environment.Job instance at 0x1515a12499b0>,73,3,[6 1],100,227,230,127,226
1,<environment.Job instance at 0x1515a12491e0>,74,3,[8 2],103,253,256,150,227
1,<environment.Job instance at 0x1515a1249550>,75,18,[7 1],105,255,273,150,244
1,<environment.Job instance at 0x1515a12492d0>,77,1,[1 6],107,256,257,149,244
1,<environment.Job instance at 0x1515a1249780>,78,2,[8 1],108,257,259,149,244
1,<environment.Job instance at 0x1515a0e14aa0>,79,2,[1 7],109,259,261,150,244
1,<environment.Job instance at 0x1515ac0fad70>,80,2,[7 2],110,259,261,149,244
1,<environment.Job instance at 0x1515a1249e10>,81,2,[7 1],111,261,263,150,244
1,<environment.Job instance at 0x1515a1249500>,82,1,[ 2 12],112,263,264,151,244
1,<environment.Job instance at 0x1515a1249e60>,83,2,[ 1 10],113,261,263,148,244
1,<environment.Job instance at 0x1515a52f65a0>,84,13,[6 1],114,263,276,149,247
1,<environment.Job instance at 0x1515a10fb6e0>,85,2,[1 5],115,247,249,132,247
1,<environment.Job instance at 0x1515b6e4dc30>,86,2,[6 1],116,253,255,137,247
1,<environment.Job instance at 0x1515a1b639b0>,87,3,[2 8],117,264,267,147,247
1,<environment.Job instance at 0x1515a1b63640>,88,3,[1 7],118,267,270,149,247
1,<environment.Job instance at 0x1515a1ddceb0>,89,3,[1 8],120,270,273,150,247
1,<environment.Job instance at 0x1515a11cda50>,90,3,[7 1],122,273,276,151,247
1,<environment.Job instance at 0x1515a11cd910>,91,14,[2 7],123,273,287,150,258
1,<environment.Job instance at 0x1515a0e376e0>,92,12,[ 1 10],126,287,299,161,270
1,<environment.Job instance at 0x1515a0e37c80>,93,1,[ 2 10],127,299,300,172,271
1,<environment.Job instance at 0x1515a127c4b0>,94,2,[1 9],129,300,302,171,280
1,<environment.Job instance at 0x1515af422af0>,95,2,[5 2],131,281,283,150,281
1,<environment.Job instance at 0x1515a4035870>,96,2,[1 5],132,281,283,149,281
1,<environment.Job instance at 0x1515a51f3cd0>,97,21,[5 2],134,283,304,149,281
1,<environment.Job instance at 0x1515a40355a0>,98,2,[ 1 10],135,302,304,167,281
1,<environment.Job instance at 0x1515a40354b0>,99,14,[2 5],136,304,318,168,289
1,<environment.Job instance at 0x1515a12cbaf0>,100,3,[2 9],137,304,307,167,289
1,<environment.Job instance at 0x1515a144fe10>,101,1,[10  1],138,304,305,166,289
1,<environment.Job instance at 0x1515a144f0a0>,102,2,[2 9],139,307,309,168,289
1,<environment.Job instance at 0x1515af3e2460>,103,3,[6 1],141,290,293,149,290
1,<environment.Job instance at 0x1515a13159b0>,104,2,[8 2],143,293,295,150,290
1,<environment.Job instance at 0x1515a1315500>,105,3,[6 2],145,295,298,150,290
1,<environment.Job instance at 0x1515a50feb40>,106,2,[7 2],146,298,300,152,290
1,<environment.Job instance at 0x1515a1315af0>,107,3,[10  2],147,309,312,162,290
1,<environment.Job instance at 0x1515a0e016e0>,108,2,[6 2],150,300,302,150,290
1,<environment.Job instance at 0x1515a3c83be0>,109,3,[10  2],151,312,315,161,291
1,<environment.Job instance at 0x1515a3c830f0>,110,2,[8 2],152,302,304,150,291
1,<environment.Job instance at 0x1515a3c83780>,111,3,[7 1],154,305,308,151,291
1,<environment.Job instance at 0x1515a400b460>,112,3,[7 2],155,315,318,160,291
1,<environment.Job instance at 0x1515a400b320>,113,2,[6 2],157,315,317,158,291
1,<environment.Job instance at 0x1515a400baa0>,114,2,[7 1],158,318,320,160,291
1,<environment.Job instance at 0x1515a400bd70>,115,1,[1 7],159,309,310,150,291
1,<environment.Job instance at 0x1515a400bcd0>,116,1,[5 2],161,317,318,156,291
1,<environment.Job instance at 0x1515a400b050>,117,3,[10  1],162,320,323,158,294
1,<environment.Job instance at 0x1515b406aa50>,118,2,[5 1],164,318,320,154,294
1,<environment.Job instance at 0x1515a12494b0>,76,3,[2 5],106,310,313,204,301
1,<environment.Job instance at 0x1515a400bbe0>,119,16,[1 5],167,317,333,150,304
1,<environment.Job instance at 0x1515a0b7d3c0>,120,1,[10  2],168,323,324,155,304
1,<environment.Job instance at 0x1515a409cc80>,122,3,[9 1],170,324,327,154,304
1,<environment.Job instance at 0x1515a409c050>,124,3,[5 1],175,324,327,149,304
1,<environment.Job instance at 0x1515a409c3c0>,123,3,[9 2],173,327,330,154,318
1,<environment.Job instance at 0x1515a409c140>,125,15,[ 2 13],176,333,348,157,319
1,<environment.Job instance at 0x1515ac1c5190>,127,1,[2 7],178,319,320,141,319
1,<environment.Job instance at 0x1515ac1c5d20>,128,17,[2 7],180,348,365,168,336
1,<environment.Job instance at 0x1515ac1c51e0>,126,12,[9 1],177,338,350,161,338
1,<environment.Job instance at 0x1515ac1c5c30>,130,2,[12  2],184,350,352,166,348
1,<environment.Job instance at 0x1515b5e98500>,1,1,[11  2],2,352,353,350,351
1,<environment.Job instance at 0x1515ac1c5a00>,129,15,[ 2 10],181,365,380,184,351
1,<environment.Job instance at 0x1515a0b7d0a0>,121,27,[6 1],169,354,381,185,354
1,<environment.Job instance at 0x1515a5164780>,5,18,[1 6],7,1044,1062,1037,1044
1,<environment.Job instance at 0x1515b673e500>,5,1,[12  1],8,10,11,2,10
1,<environment.Job instance at 0x1515a0cf7aa0>,13,1,[1 6],21,24,25,3,24
1,<environment.Job instance at 0x1515b673e730>,12,1,[6 1],20,24,25,4,24
1,<environment.Job instance at 0x1515a0cf7cd0>,14,3,[1 6],23,25,28,2,25
1,<environment.Job instance at 0x1515a0cf7960>,16,12,[10  1],26,29,41,3,29
1,<environment.Job instance at 0x1515a0cf7a00>,15,13,[2 9],25,29,42,4,29
1,<environment.Job instance at 0x1515a11b8730>,18,1,[2 8],28,42,43,14,29
1,<environment.Job instance at 0x1515a1b9f640>,19,3,[1 6],29,41,44,12,29
1,<environment.Job instance at 0x1515a3b10a50>,17,3,[1 8],27,43,46,16,37
1,<environment.Job instance at 0x1515a0fc6aa0>,20,26,[1 7],30,44,70,14,41
1,<environment.Job instance at 0x1515a0cf78c0>,22,1,[6 2],32,46,47,14,42
1,<environment.Job instance at 0x1515a0cf70f0>,23,2,[8 1],33,46,48,13,46
1,<environment.Job instance at 0x1515a0fcdf50>,26,3,[2 9],37,70,73,33,56
1,<environment.Job instance at 0x1515b6791050>,27,17,[1 9],38,73,90,35,61
1,<environment.Job instance at 0x1515b6791dc0>,28,3,[2 8],39,61,64,22,61
1,<environment.Job instance at 0x1515a1af4050>,29,1,[8 1],40,64,65,24,61
1,<environment.Job instance at 0x1515a1af4640>,30,17,[9 1],41,65,82,24,61
1,<environment.Job instance at 0x1515a1af4500>,31,2,[6 1],42,82,84,40,61
1,<environment.Job instance at 0x1515a1af4fa0>,32,1,[6 1],44,64,65,20,61
1,<environment.Job instance at 0x1515af4037d0>,33,2,[2 5],46,65,67,19,61
1,<environment.Job instance at 0x1515b678dc80>,34,3,[2 8],48,90,93,42,64
1,<environment.Job instance at 0x1515af403230>,35,1,[5 1],49,67,68,18,65
1,<environment.Job instance at 0x1515a0e81be0>,21,3,[6 1],31,82,85,51,82
1,<environment.Job instance at 0x1515ac109f00>,37,3,[13  1],52,85,88,33,82
1,<environment.Job instance at 0x1515af403410>,36,25,[ 1 10],51,93,118,42,89
1,<environment.Job instance at 0x1515ac1091e0>,39,1,[8 2],55,89,90,34,89
1,<environment.Job instance at 0x1515ac109230>,40,2,[8 1],57,90,92,33,89
1,<environment.Job instance at 0x1515ac109e60>,41,1,[1 5],58,90,91,32,89
1,<environment.Job instance at 0x1515ac1090a0>,42,3,[9 1],59,92,95,33,89
1,<environment.Job instance at 0x1515ac1095a0>,43,2,[5 1],60,93,95,33,89
1,<environment.Job instance at 0x1515ac1097d0>,44,3,[1 9],61,118,121,57,92
1,<environment.Job instance at 0x1515a3c9f730>,45,1,[5 1],62,95,96,33,92
1,<environment.Job instance at 0x1515a3c9f370>,46,15,[1 8],64,121,136,57,107
1,<environment.Job instance at 0x1515a3c9ffa0>,48,3,[10  1],68,107,110,39,107
1,<environment.Job instance at 0x1515a3c9f6e0>,49,2,[2 7],72,121,123,49,107
1,<environment.Job instance at 0x1515a1dbda50>,50,1,[9 2],74,110,111,36,107
1,<environment.Job instance at 0x1515b673e280>,9,1,[ 1 11],14,136,137,122,110
1,<environment.Job instance at 0x1515a1dbd0a0>,51,18,[2 7],75,137,155,62,126
1,<environment.Job instance at 0x1515a0917e60>,57,13,[9 2],85,126,139,41,126
1,<environment.Job instance at 0x1515a0917f00>,58,3,[8 2],87,139,142,52,126
1,<environment.Job instance at 0x1515a0917550>,59,1,[1 9],88,155,156,67,127
1,<environment.Job instance at 0x1515a4050d20>,60,3,[7 1],90,142,145,52,127
1,<environment.Job instance at 0x1515a1dbd6e0>,52,2,[2 6],77,137,139,60,131
1,<environment.Job instance at 0x1515a4050f50>,61,17,[8 1],92,145,162,53,133
1,<environment.Job instance at 0x1515a08e2e60>,63,18,[2 7],95,164,182,69,164
1,<environment.Job instance at 0x1515a08e25f0>,69,16,[5 2],103,164,180,61,164
1,<environment.Job instance at 0x1515a08e2690>,70,12,[7 2],104,164,176,60,164
1,<environment.Job instance at 0x1515a08e2820>,71,1,[2 6],105,176,177,71,164
1,<environment.Job instance at 0x1515a08e2d70>,72,26,[1 6],106,177,203,71,174
1,<environment.Job instance at 0x1515a40e5190>,74,2,[6 1],108,180,182,72,175
1,<environment.Job instance at 0x1515a5197460>,75,3,[7 2],110,184,187,74,184
1,<environment.Job instance at 0x1515adc76820>,76,3,[2 6],111,184,187,73,184
1,<environment.Job instance at 0x1515a13cf730>,77,1,[ 2 10],112,203,204,91,184
1,<environment.Job instance at 0x1515a13cfcd0>,78,2,[5 2],114,187,189,73,184
1,<environment.Job instance at 0x1515a13cf050>,79,1,[7 2],115,187,188,72,184
1,<environment.Job instance at 0x1515a13cf9b0>,80,15,[10  2],116,189,204,73,184
1,<environment.Job instance at 0x1515a13cf8c0>,81,3,[1 6],117,188,191,71,184
1,<environment.Job instance at 0x1515a09042d0>,82,2,[2 7],118,191,193,73,184
1,<environment.Job instance at 0x1515ac0d7cd0>,83,3,[7 1],119,204,207,85,184
1,<environment.Job instance at 0x1515a3ac6050>,84,14,[6 1],120,204,218,84,190
1,<environment.Job instance at 0x1515a3ac6820>,85,12,[2 9],121,204,216,83,190
1,<environment.Job instance at 0x1515b6e4ba50>,86,2,[8 1],123,216,218,93,190
1,<environment.Job instance at 0x1515a40363c0>,87,3,[ 2 10],125,218,221,93,192
1,<environment.Job instance at 0x1515a5590820>,88,1,[1 6],129,193,194,64,192
1,<environment.Job instance at 0x1515a3aea4b0>,89,3,[1 8],130,221,224,91,195
1,<environment.Job instance at 0x1515a0eaffa0>,90,2,[2 7],132,195,197,63,195
1,<environment.Job instance at 0x1515a3aeadc0>,91,14,[10  1],133,218,232,85,203
1,<environment.Job instance at 0x1515a0eaf730>,92,2,[2 5],135,207,209,72,204
1,<environment.Job instance at 0x1515a0eafbe0>,93,2,[1 6],136,216,218,80,204
1,<environment.Job instance at 0x1515a13e98c0>,94,12,[ 1 10],138,224,236,86,208
1,<environment.Job instance at 0x1515b4157b90>,95,3,[9 1],139,232,235,93,209
1,<environment.Job instance at 0x1515b41571e0>,96,17,[2 8],140,236,253,96,224
1,<environment.Job instance at 0x1515a510adc0>,97,17,[1 8],141,253,270,112,241
1,<environment.Job instance at 0x1515a510a960>,98,17,[ 2 11],142,270,287,128,258
1,<environment.Job instance at 0x1515a510ad70>,99,25,[ 2 14],143,287,312,144,283
1,<environment.Job instance at 0x1515a4067960>,100,1,[1 8],144,312,313,168,291
1,<environment.Job instance at 0x1515b5ed66e0>,101,3,[8 2],147,312,315,165,292
1,<environment.Job instance at 0x1515a52c6550>,102,3,[2 5],148,312,315,164,292
1,<environment.Job instance at 0x1515a52c65f0>,103,3,[9 1],150,296,299,146,296
1,<environment.Job instance at 0x1515a3d093c0>,104,2,[8 2],151,315,317,164,296
1,<environment.Job instance at 0x1515a3d095a0>,105,1,[8 1],152,299,300,147,296
1,<environment.Job instance at 0x1515a3d09cd0>,106,23,[7 1],153,315,338,162,309
1,<environment.Job instance at 0x1515ac06c140>,107,22,[5 2],154,317,339,163,310
1,<environment.Job instance at 0x1515ac06ce60>,108,22,[7 2],156,338,360,182,331
1,<environment.Job instance at 0x1515a12f9140>,109,2,[2 9],157,331,333,174,331
1,<environment.Job instance at 0x1515ac06c2d0>,110,3,[ 2 10],158,333,336,175,331
1,<environment.Job instance at 0x1515ac06c690>,111,1,[2 7],159,336,337,177,331
1,<environment.Job instance at 0x1515ac06c6e0>,112,2,[ 2 10],162,337,339,175,332
1,<environment.Job instance at 0x1515a0935a00>,113,2,[8 1],163,339,341,176,332
1,<environment.Job instance at 0x1515a0935c80>,114,21,[5 1],164,341,362,177,333
1,<environment.Job instance at 0x1515adc577d0>,115,3,[9 1],165,360,363,195,334
1,<environment.Job instance at 0x1515adc575a0>,116,1,[9 2],166,363,364,197,335
1,<environment.Job instance at 0x1515adc57280>,117,15,[2 6],168,341,356,173,335
1,<environment.Job instance at 0x1515adc57960>,118,3,[7 2],170,364,367,194,339
1,<environment.Job instance at 0x1515adc57780>,119,2,[ 2 10],171,356,358,185,339
1,<environment.Job instance at 0x1515adc57e10>,120,3,[ 1 12],175,358,361,183,340
1,<environment.Job instance at 0x1515adc57aa0>,121,1,[10  1],177,367,368,190,340
1,<environment.Job instance at 0x1515adc57730>,122,24,[5 2],178,362,386,184,357
1,<environment.Job instance at 0x1515adc57eb0>,123,24,[2 7],181,368,392,187,363
1,<environment.Job instance at 0x1515adc57230>,124,3,[1 8],182,364,367,182,364
1,<environment.Job instance at 0x1515adc57460>,125,12,[1 6],184,368,380,184,364
1,<environment.Job instance at 0x1515a5143280>,126,15,[6 2],187,380,395,193,367
1,<environment.Job instance at 0x1515a5143690>,127,18,[8 1],188,392,410,204,381
1,<environment.Job instance at 0x1515b4037c80>,68,3,[11  1],102,503,506,401,503
1,<environment.Job instance at 0x1515a08e2410>,65,3,[13  1],97,934,937,837,934
1,<environment.Job instance at 0x1515a1dec190>,7,2,[8 1],11,16,18,5,16
1,<environment.Job instance at 0x1515a41646e0>,10,1,[5 1],15,19,20,4,19
1,<environment.Job instance at 0x1515a51fca00>,12,2,[2 7],19,64,66,45,64
1,<environment.Job instance at 0x1515a41649b0>,13,15,[5 1],21,64,79,43,64
1,<environment.Job instance at 0x1515a51fc910>,14,3,[5 2],22,64,67,42,64
1,<environment.Job instance at 0x1515a51fceb0>,15,3,[2 8],23,66,69,43,64
1,<environment.Job instance at 0x1515a51fc5f0>,16,1,[2 8],25,69,70,44,65
1,<environment.Job instance at 0x1515a1dbdeb0>,17,1,[6 2],26,67,68,41,66
1,<environment.Job instance at 0x1515a51f8af0>,18,2,[1 7],27,70,72,43,66
1,<environment.Job instance at 0x1515a0ac0730>,19,23,[10  2],28,72,95,44,66
1,<environment.Job instance at 0x1515a3b136e0>,20,3,[6 1],29,68,71,39,66
1,<environment.Job instance at 0x1515a2635e60>,21,2,[13  2],32,95,97,63,70
1,<environment.Job instance at 0x1515a51fc960>,22,2,[5 1],33,79,81,46,70
1,<environment.Job instance at 0x1515a2635f00>,23,1,[8 2],35,71,72,36,70
1,<environment.Job instance at 0x1515a0cb6550>,24,25,[2 7],37,81,106,44,79
1,<environment.Job instance at 0x1515a3fd5550>,25,3,[1 7],39,97,100,58,79
1,<environment.Job instance at 0x1515afd3ce60>,26,19,[8 1],42,97,116,55,87
1,<environment.Job instance at 0x1515a40ce910>,28,1,[9 1],45,116,117,71,88
1,<environment.Job instance at 0x1515a51fc4b0>,29,2,[8 2],46,117,119,71,90
1,<environment.Job instance at 0x1515a1380dc0>,30,2,[6 1],47,106,108,59,92
1,<environment.Job instance at 0x1515a1b754b0>,31,1,[2 6],48,92,93,44,92
1,<environment.Job instance at 0x1515a1171730>,32,2,[2 7],49,100,102,51,93
1,<environment.Job instance at 0x1515a1b75b90>,33,1,[1 7],50,102,103,52,93
1,<environment.Job instance at 0x1515a520ba50>,34,1,[1 7],53,103,104,50,93
1,<environment.Job instance at 0x1515a520b690>,35,3,[6 2],54,108,111,54,93
1,<environment.Job instance at 0x1515a520b2d0>,36,1,[8 2],55,119,120,64,93
1,<environment.Job instance at 0x1515a520b460>,37,18,[9 2],56,120,138,64,109
1,<environment.Job instance at 0x1515a520baf0>,38,3,[8 1],57,138,141,81,112
1,<environment.Job instance at 0x1515a520bf00>,39,3,[5 1],58,112,115,54,112
1,<environment.Job instance at 0x1515a128feb0>,40,2,[9 1],59,141,143,82,114
1,<environment.Job instance at 0x1515a128fa50>,41,3,[7 1],61,117,120,56,114
1,<environment.Job instance at 0x1515a128f820>,42,1,[1 9],64,114,115,50,114
1,<environment.Job instance at 0x1515b4199a50>,43,14,[7 1],65,143,157,78,129
1,<environment.Job instance at 0x1515a10da230>,44,3,[ 2 10],67,129,132,62,129
1,<environment.Job instance at 0x1515a128fa00>,45,3,[6 2],68,132,135,64,130
1,<environment.Job instance at 0x1515a10da410>,46,3,[6 1],70,135,138,65,130
1,<environment.Job instance at 0x1515a1089fa0>,47,3,[6 1],75,138,141,63,130
1,<environment.Job instance at 0x1515a1089280>,48,3,[7 2],76,143,146,67,134
1,<environment.Job instance at 0x1515a261df50>,49,15,[8 1],77,146,161,69,134
1,<environment.Job instance at 0x1515a261d050>,50,3,[1 7],79,138,141,59,134
1,<environment.Job instance at 0x1515a261d7d0>,51,2,[8 1],80,161,163,81,134
1,<environment.Job instance at 0x1515a261daf0>,52,2,[7 1],83,157,159,74,134
1,<environment.Job instance at 0x1515a1b51fa0>,53,15,[7 1],84,159,174,75,145
1,<environment.Job instance at 0x1515a1b51af0>,54,3,[1 6],86,163,166,77,145
1,<environment.Job instance at 0x1515a1b51550>,55,2,[6 1],87,163,165,76,146
1,<environment.Job instance at 0x1515a1b51a00>,56,1,[10  2],88,174,175,86,146
1,<environment.Job instance at 0x1515b6785b90>,57,3,[1 6],89,163,166,74,146
1,<environment.Job instance at 0x1515a5216c30>,58,17,[5 1],94,165,182,71,153
1,<environment.Job instance at 0x1515a52163c0>,59,2,[1 5],96,166,168,70,155
1,<environment.Job instance at 0x1515a5216eb0>,60,1,[7 2],100,175,176,75,155
1,<environment.Job instance at 0x1515a1a7c140>,61,16,[2 6],101,175,191,74,162
1,<environment.Job instance at 0x1515a1a7c550>,62,1,[7 2],103,176,177,73,163
1,<environment.Job instance at 0x1515a1a7c460>,63,1,[10  2],104,182,183,78,163
1,<environment.Job instance at 0x1515a1a7c730>,64,13,[1 8],105,183,196,78,169
1,<environment.Job instance at 0x1515a4175cd0>,65,3,[8 1],106,177,180,71,169
1,<environment.Job instance at 0x1515a4175320>,66,3,[6 1],107,183,186,76,169
1,<environment.Job instance at 0x1515ac0771e0>,67,2,[6 2],111,180,182,69,169
1,<environment.Job instance at 0x1515ac0773c0>,68,3,[14  1],112,191,194,79,170
1,<environment.Job instance at 0x1515a0caaaf0>,69,2,[2 7],115,170,172,55,170
1,<environment.Job instance at 0x1515a0caabe0>,70,18,[5 1],118,194,212,76,185
1,<environment.Job instance at 0x1515a4192eb0>,71,3,[6 2],120,194,197,74,185
1,<environment.Job instance at 0x1515af4b7280>,72,2,[10  2],121,197,199,76,186
1,<environment.Job instance at 0x1515ac077b90>,73,2,[1 6],122,199,201,77,186
1,<environment.Job instance at 0x1515ac077be0>,74,13,[1 7],124,199,212,75,186
1,<environment.Job instance at 0x1515a0f42fa0>,75,3,[1 9],125,212,215,87,186
1,<environment.Job instance at 0x1515a0f42a00>,76,3,[8 2],126,201,204,75,186
1,<environment.Job instance at 0x1515afd5caf0>,77,13,[8 2],127,204,217,77,189
1,<environment.Job instance at 0x1515a3b0ae60>,78,22,[7 2],128,215,237,87,208
1,<environment.Job instance at 0x1515afd5c230>,79,3,[6 2],129,212,215,83,210
1,<environment.Job instance at 0x1515a13e6460>,80,3,[9 2],130,237,240,107,211
1,<environment.Job instance at 0x1515adc6d550>,81,13,[6 1],131,217,230,86,211
1,<environment.Job instance at 0x1515a401ec80>,82,2,[ 2 10],133,217,219,84,211
1,<environment.Job instance at 0x1515a401e550>,83,21,[2 7],135,219,240,84,211
1,<environment.Job instance at 0x1515b43f9d20>,84,3,[2 8],136,240,243,104,214
1,<environment.Job instance at 0x1515b43f9aa0>,85,14,[1 6],138,230,244,92,215
1,<environment.Job instance at 0x1515b43f9f00>,86,2,[6 2],139,243,245,104,216
1,<environment.Job instance at 0x1515b43f9140>,87,1,[2 6],140,243,244,103,216
1,<environment.Job instance at 0x1515a5176730>,88,3,[7 1],141,240,243,99,216
1,<environment.Job instance at 0x1515a51765a0>,89,3,[1 7],143,244,247,101,218
1,<environment.Job instance at 0x1515a5176870>,90,15,[10  2],144,245,260,101,231
1,<environment.Job instance at 0x1515a0c4bcd0>,91,2,[5 1],146,243,245,97,231
1,<environment.Job instance at 0x1515a4025190>,92,1,[8 1],147,260,261,113,232
1,<environment.Job instance at 0x1515b5eaaa50>,93,3,[2 9],148,247,250,99,232
1,<environment.Job instance at 0x1515a12ea910>,94,18,[2 5],149,250,268,101,239
1,<environment.Job instance at 0x1515b5eaaaf0>,95,21,[1 8],150,250,271,100,242
1,<environment.Job instance at 0x1515a1af1e10>,96,1,[6 1],151,261,262,110,242
1,<environment.Job instance at 0x1515a1af1eb0>,97,15,[2 6],153,268,283,115,254
1,<environment.Job instance at 0x1515a0b5d730>,98,21,[10  2],154,271,292,117,263
1,<environment.Job instance at 0x1515a0b5d6e0>,99,15,[9 1],155,292,307,137,278
1,<environment.Job instance at 0x1515afd43320>,100,1,[5 1],156,283,284,127,279
1,<environment.Job instance at 0x1515af2e3b90>,101,3,[2 6],159,279,282,120,279
1,<environment.Job instance at 0x1515af2e3460>,102,18,[2 9],160,284,302,124,281
1,<environment.Job instance at 0x1515af2e3be0>,103,3,[9 1],162,307,310,145,281
1,<environment.Job instance at 0x1515b413eb90>,104,3,[2 6],163,302,305,139,281
1,<environment.Job instance at 0x1515a11bed70>,105,2,[8 1],164,310,312,146,283
1,<environment.Job instance at 0x1515a11befa0>,106,12,[10  2],165,312,324,147,295
1,<environment.Job instance at 0x1515ac19e0a0>,107,2,[9 2],166,324,326,158,297
1,<environment.Job instance at 0x1515ac19ee10>,108,2,[2 8],167,302,304,135,298
1,<environment.Job instance at 0x1515a1aa1fa0>,109,1,[1 5],169,298,299,129,298
1,<environment.Job instance at 0x1515a082daf0>,110,1,[2 6],170,304,305,134,299
1,<environment.Job instance at 0x1515a082dd70>,111,1,[5 1],171,305,306,134,299
1,<environment.Job instance at 0x1515a51828c0>,112,1,[2 6],173,306,307,133,300
1,<environment.Job instance at 0x1515a5182780>,113,13,[7 1],174,326,339,152,310
1,<environment.Job instance at 0x1515a5182af0>,115,2,[5 2],177,311,313,134,311
1,<environment.Job instance at 0x1515a5182960>,116,3,[ 2 13],178,313,316,135,311
1,<environment.Job instance at 0x1515a5182f00>,117,15,[8 1],179,326,341,147,312
1,<environment.Job instance at 0x1515a4036050>,118,3,[1 8],180,316,319,136,312
1,<environment.Job instance at 0x1515a40362d0>,119,1,[7 2],181,339,340,158,312
1,<environment.Job instance at 0x1515a40ce1e0>,27,3,[10  2],44,341,344,297,322
1,<environment.Job instance at 0x1515a4036b90>,120,15,[9 2],183,344,359,161,330
1,<environment.Job instance at 0x1515a40364b0>,123,1,[10  2],186,359,360,173,331
1,<environment.Job instance at 0x1515a11170f0>,124,13,[8 2],188,360,373,172,345
1,<environment.Job instance at 0x1515a11171e0>,125,16,[1 8],189,345,361,156,345
1,<environment.Job instance at 0x1515a4164730>,6,3,[14  2],8,780,783,772,780
1,<environment.Job instance at 0x1515a0849eb0>,8,2,[8 1],16,16,18,0,16
1,<environment.Job instance at 0x1515a08490f0>,13,19,[2 7],21,21,40,0,21
1,<environment.Job instance at 0x1515a0849050>,10,2,[ 1 10],18,40,42,22,21
1,<environment.Job instance at 0x1515a0849820>,17,17,[9 1],25,25,42,0,25
1,<environment.Job instance at 0x1515a0839d70>,20,3,[10  1],31,42,45,11,39
1,<environment.Job instance at 0x1515a08394b0>,24,24,[2 7],36,42,66,6,39
1,<environment.Job instance at 0x1515a0839320>,25,1,[8 1],37,45,46,8,39
1,<environment.Job instance at 0x1515a0839140>,26,13,[1 6],38,42,55,4,39
1,<environment.Job instance at 0x1515a08392d0>,27,18,[2 5],39,55,73,16,44
1,<environment.Job instance at 0x1515a40db370>,29,17,[2 8],45,66,83,21,54
1,<environment.Job instance at 0x1515a40db550>,33,2,[1 8],50,83,85,33,62
1,<environment.Job instance at 0x1515a1b18d20>,36,3,[2 5],56,73,76,17,62
1,<environment.Job instance at 0x1515a4211cd0>,37,13,[1 8],57,85,98,28,70
1,<environment.Job instance at 0x1515a1dc5370>,43,15,[7 1],67,76,91,9,76
1,<environment.Job instance at 0x1515a3bc1c80>,47,1,[8 1],74,91,92,17,77
1,<environment.Job instance at 0x1515a11f9c30>,48,3,[8 1],76,92,95,16,78
1,<environment.Job instance at 0x1515a11f9a00>,49,3,[7 2],82,84,87,2,84
1,<environment.Job instance at 0x1515a11f9820>,50,1,[13  1],83,95,96,12,84
1,<environment.Job instance at 0x1515a11f9d20>,51,3,[2 7],84,96,99,12,84
1,<environment.Job instance at 0x1515a11f98c0>,52,2,[10  2],86,98,100,12,86
1,<environment.Job instance at 0x1515a0849f50>,6,2,[1 6],11,88,90,77,88
1,<environment.Job instance at 0x1515a55301e0>,53,3,[2 9],87,99,102,12,91
1,<environment.Job instance at 0x1515a5530870>,55,2,[9 2],89,100,102,11,92
1,<environment.Job instance at 0x1515a5530230>,56,16,[6 2],90,102,118,12,92
1,<environment.Job instance at 0x1515a55303c0>,57,2,[6 2],91,92,94,1,92
1,<environment.Job instance at 0x1515a5530690>,54,2,[2 7],88,102,104,14,96
1,<environment.Job instance at 0x1515a5530c30>,58,3,[2 9],92,104,107,12,97
1,<environment.Job instance at 0x1515a4201cd0>,60,1,[10  2],95,118,119,23,97
1,<environment.Job instance at 0x1515a42015a0>,61,2,[1 9],96,107,109,11,98
1,<environment.Job instance at 0x1515a4201d20>,62,15,[5 2],98,102,117,4,98
1,<environment.Job instance at 0x1515a4201320>,63,17,[ 2 10],99,109,126,10,99
1,<environment.Job instance at 0x1515a554c9b0>,64,3,[10  2],100,119,122,19,100
1,<environment.Job instance at 0x1515a42016e0>,59,2,[10  2],93,122,124,29,101
1,<environment.Job instance at 0x1515a554c5f0>,65,1,[8 2],101,124,125,23,101
1,<environment.Job instance at 0x1515a554c050>,66,1,[ 1 10],103,126,127,23,103
1,<environment.Job instance at 0x1515a554c190>,68,2,[8 1],105,125,127,20,105
1,<environment.Job instance at 0x1515a554cfa0>,69,3,[9 2],107,127,130,20,107
1,<environment.Job instance at 0x1515a3aba730>,70,1,[2 9],110,127,128,17,110
1,<environment.Job instance at 0x1515a0f7b910>,71,18,[6 1],111,128,146,17,117
1,<environment.Job instance at 0x1515a3ad4c80>,72,17,[7 1],112,130,147,18,118
1,<environment.Job instance at 0x1515ac7d4500>,73,15,[ 1 10],116,130,145,14,118
1,<environment.Job instance at 0x1515ac08bc30>,74,14,[2 6],118,145,159,27,130
1,<environment.Job instance at 0x1515a554a410>,75,3,[6 2],119,146,149,27,130
1,<environment.Job instance at 0x1515a554a7d0>,76,1,[2 7],120,147,148,27,131
1,<environment.Job instance at 0x1515a554a9b0>,77,2,[8 1],122,149,151,27,131
1,<environment.Job instance at 0x1515af2ab690>,78,3,[ 1 10],124,159,162,35,133
1,<environment.Job instance at 0x1515a0849690>,7,1,[1 8],12,149,150,137,136
1,<environment.Job instance at 0x1515af2abfa0>,79,15,[9 2],126,151,166,25,137
1,<environment.Job instance at 0x1515a554ab40>,81,2,[1 8],128,162,164,34,137
1,<environment.Job instance at 0x1515a554a780>,82,3,[5 1],129,159,162,30,137
1,<environment.Job instance at 0x1515a0f68d20>,83,1,[1 9],130,164,165,34,138
1,<environment.Job instance at 0x1515a52e7500>,84,18,[1 8],132,165,183,33,154
1,<environment.Job instance at 0x1515a403b230>,85,17,[7 1],133,166,183,33,154
1,<environment.Job instance at 0x1515a0d8a4b0>,86,2,[10  1],136,183,185,47,156
1,<environment.Job instance at 0x1515a0d930f0>,87,2,[ 1 10],137,183,185,46,156
1,<environment.Job instance at 0x1515a41fb5a0>,88,14,[7 1],138,166,180,28,156
1,<environment.Job instance at 0x1515a4048280>,89,13,[5 2],139,185,198,46,169
1,<environment.Job instance at 0x1515ac1860f0>,90,1,[7 2],140,180,181,40,169
1,<environment.Job instance at 0x1515ac186fa0>,91,15,[6 2],141,185,200,44,171
1,<environment.Job instance at 0x1515ac1862d0>,92,16,[1 5],144,185,201,41,173
1,<environment.Job instance at 0x1515ac186b40>,93,3,[ 2 10],146,200,203,54,174
1,<environment.Job instance at 0x1515ac186b90>,94,1,[9 1],147,201,202,54,174
1,<environment.Job instance at 0x1515ac186aa0>,95,14,[1 7],148,203,217,55,188
1,<environment.Job instance at 0x1515ac1860a0>,96,15,[8 2],149,202,217,53,188
1,<environment.Job instance at 0x1515ac186820>,97,1,[2 5],151,188,189,37,188
1,<environment.Job instance at 0x1515a1dca870>,98,15,[7 1],152,217,232,65,203
1,<environment.Job instance at 0x1515a1de29b0>,99,3,[1 5],153,203,206,50,203
1,<environment.Job instance at 0x1515a1dca460>,100,3,[1 9],154,217,220,63,203
1,<environment.Job instance at 0x1515a4212280>,101,1,[2 9],155,220,221,65,203
1,<environment.Job instance at 0x1515a4212370>,102,1,[10  1],156,232,233,76,204
1,<environment.Job instance at 0x1515a0d97320>,103,15,[2 8],157,221,236,64,207
1,<environment.Job instance at 0x1515a0d97be0>,104,3,[1 6],158,207,210,49,207
1,<environment.Job instance at 0x1515a0d97c80>,105,2,[5 1],159,210,212,51,207
1,<environment.Job instance at 0x1515a11fd280>,106,1,[2 5],163,212,213,49,207
1,<environment.Job instance at 0x1515afd74a50>,67,3,[ 2 10],104,236,239,132,213
1,<environment.Job instance at 0x1515a11fdcd0>,107,19,[1 8],164,239,258,75,229
1,<environment.Job instance at 0x1515a42251e0>,110,2,[1 7],167,233,235,66,229
1,<environment.Job instance at 0x1515a11fdd20>,111,2,[10  1],169,235,237,66,229
1,<environment.Job instance at 0x1515a1380190>,112,3,[1 5],171,229,232,58,229
1,<environment.Job instance at 0x1515a11bff00>,113,13,[6 1],172,237,250,65,229
1,<environment.Job instance at 0x1515ac170cd0>,114,3,[7 2],173,237,240,64,229
1,<environment.Job instance at 0x1515ac170640>,115,1,[6 2],174,240,241,66,229
1,<environment.Job instance at 0x1515ac0a4c80>,109,3,[ 2 12],166,258,261,92,239
1,<environment.Job instance at 0x1515a0849fa0>,116,20,[10  2],177,250,270,73,242
1,<environment.Job instance at 0x1515a0d675a0>,118,15,[1 9],179,261,276,82,247
1,<environment.Job instance at 0x1515a422ce10>,120,22,[1 5],181,270,292,89,263
1,<environment.Job instance at 0x1515a422c500>,121,2,[2 6],183,276,278,93,263
1,<environment.Job instance at 0x1515a422ccd0>,122,18,[8 1],188,270,288,82,263
1,<environment.Job instance at 0x1515a0d67050>,119,19,[2 8],180,291,310,111,291
1,<environment.Job instance at 0x1515a3bc1b40>,46,1,[ 1 12],71,336,337,265,336
1,<environment.Job instance at 0x1515a0a51c30>,8,14,[5 1],16,16,30,0,16
1,<environment.Job instance at 0x1515a105c230>,14,16,[9 1],23,27,43,4,27
1,<environment.Job instance at 0x1515a105c500>,21,14,[ 1 10],33,33,47,0,33
1,<environment.Job instance at 0x1515a105c910>,23,1,[7 2],38,43,44,5,39
1,<environment.Job instance at 0x1515a0834050>,24,2,[5 2],39,40,42,1,40
1,<environment.Job instance at 0x1515a0834230>,25,2,[1 5],40,44,46,4,40
1,<environment.Job instance at 0x1515a0834dc0>,26,2,[10  2],41,46,48,5,41
1,<environment.Job instance at 0x1515a0834460>,27,2,[6 2],42,48,50,6,42
1,<environment.Job instance at 0x1515a0834af0>,28,3,[5 1],43,47,50,4,43
1,<environment.Job instance at 0x1515a0834e60>,29,14,[10  1],45,50,64,5,46
1,<environment.Job instance at 0x1515a0834d70>,30,1,[1 7],46,48,49,2,46
1,<environment.Job instance at 0x1515a105c280>,16,2,[7 2],26,64,66,38,46
1,<environment.Job instance at 0x1515b4060d70>,33,14,[5 2],53,55,69,2,55
1,<environment.Job instance at 0x1515b4060be0>,34,12,[2 6],54,64,76,10,56
1,<environment.Job instance at 0x1515b4060af0>,35,2,[2 5],55,66,68,11,56
1,<environment.Job instance at 0x1515b4060cd0>,36,3,[6 2],56,66,69,10,57
1,<environment.Job instance at 0x1515b4060b40>,37,18,[10  2],57,69,87,12,58
1,<environment.Job instance at 0x1515b4060690>,38,3,[9 1],60,87,90,27,62
1,<environment.Job instance at 0x1515b4060370>,39,3,[2 6],61,69,72,8,62
1,<environment.Job instance at 0x1515b40605a0>,40,2,[ 1 10],62,76,78,14,62
1,<environment.Job instance at 0x1515a0e000f0>,41,2,[2 7],65,72,74,7,65
1,<environment.Job instance at 0x1515a0e003c0>,42,13,[10  1],67,90,103,23,74
1,<environment.Job instance at 0x1515a0e005a0>,43,1,[10  1],70,103,104,33,75
1,<environment.Job instance at 0x1515a0e00730>,44,16,[1 8],71,78,94,7,75
1,<environment.Job instance at 0x1515a0e00c30>,45,16,[10  2],74,104,120,30,91
1,<environment.Job instance at 0x1515a0e00be0>,46,25,[2 9],75,94,119,19,91
1,<environment.Job instance at 0x1515ac0c2fa0>,47,1,[7 2],77,120,121,43,92
1,<environment.Job instance at 0x1515ac0c2d70>,48,3,[2 9],78,119,122,41,93
1,<environment.Job instance at 0x1515ac0c2aa0>,49,2,[2 6],81,121,123,40,94
1,<environment.Job instance at 0x1515ac0c2690>,50,2,[5 1],82,122,124,40,95
1,<environment.Job instance at 0x1515ac0c2780>,51,18,[5 1],83,122,140,39,111
1,<environment.Job instance at 0x1515ac0c28c0>,52,3,[9 2],85,124,127,39,112
1,<environment.Job instance at 0x1515ac0c2550>,53,12,[2 7],86,127,139,41,112
1,<environment.Job instance at 0x1515ac0c2be0>,54,2,[6 2],87,127,129,40,112
1,<environment.Job instance at 0x1515ac0c2960>,55,3,[10  2],88,139,142,51,113
1,<environment.Job instance at 0x1515ac0c2f00>,56,3,[1 9],89,123,126,34,114
1,<environment.Job instance at 0x1515ac0c2eb0>,57,1,[7 1],90,129,130,39,114
1,<environment.Job instance at 0x1515ac0c29b0>,58,1,[ 2 12],91,140,141,49,114
1,<environment.Job instance at 0x1515ac0ea960>,59,3,[6 2],93,130,133,37,114
1,<environment.Job instance at 0x1515a51a14b0>,60,1,[5 2],94,120,121,26,115
1,<environment.Job instance at 0x1515af2f9d70>,61,2,[2 5],95,127,129,32,115
1,<environment.Job instance at 0x1515af2f9690>,62,2,[ 2 10],96,141,143,45,116
1,<environment.Job instance at 0x1515a51a11e0>,63,1,[8 1],97,133,134,36,117
1,<environment.Job instance at 0x1515af2f9c30>,64,1,[5 1],98,134,135,36,117
1,<environment.Job instance at 0x1515af2f97d0>,65,1,[5 1],99,135,136,36,117
1,<environment.Job instance at 0x1515af2f91e0>,66,1,[10  2],100,142,143,42,117
1,<environment.Job instance at 0x1515a0d128c0>,67,3,[5 2],105,136,139,31,117
1,<environment.Job instance at 0x1515af2f9640>,68,2,[2 8],106,143,145,37,117
1,<environment.Job instance at 0x1515a3bf1410>,69,3,[9 2],107,143,146,36,117
1,<environment.Job instance at 0x1515af2f90a0>,70,1,[9 1],108,146,147,38,118
1,<environment.Job instance at 0x1515af2f93c0>,71,1,[1 9],109,126,127,17,118
1,<environment.Job instance at 0x1515a0d18370>,72,12,[8 2],110,147,159,37,130
1,<environment.Job instance at 0x1515af2f9f50>,73,16,[2 5],111,143,159,32,130
1,<environment.Job instance at 0x1515a50febe0>,74,3,[1 6],112,145,148,33,132
1,<environment.Job instance at 0x1515b6811a50>,75,3,[2 7],113,148,151,35,132
1,<environment.Job instance at 0x1515ac1afaa0>,76,14,[2 7],114,151,165,37,136
1,<environment.Job instance at 0x1515a137f190>,77,1,[10  2],115,159,160,44,136
1,<environment.Job instance at 0x1515ac08c460>,78,17,[2 9],116,165,182,49,153
1,<environment.Job instance at 0x1515a0d22a00>,79,2,[1 7],119,160,162,41,153
1,<environment.Job instance at 0x1515a0d22e10>,80,3,[2 6],120,162,165,42,153
1,<environment.Job instance at 0x1515a0d22af0>,81,1,[8 2],121,162,163,41,153
1,<environment.Job instance at 0x1515a0d22dc0>,82,13,[2 5],122,165,178,43,153
1,<environment.Job instance at 0x1515a0d22aa0>,83,2,[9 1],123,160,162,37,153
1,<environment.Job instance at 0x1515a0d22320>,84,3,[ 2 13],124,182,185,58,156
1,<environment.Job instance at 0x1515a0d22f50>,85,1,[2 7],125,185,186,60,157
1,<environment.Job instance at 0x1515a0d22410>,86,22,[6 2],126,178,200,52,171
1,<environment.Job instance at 0x1515a0d22910>,87,14,[ 2 10],128,186,200,58,171
1,<environment.Job instance at 0x1515a52849b0>,88,12,[1 6],129,200,212,71,183
1,<environment.Job instance at 0x1515a52844b0>,89,3,[2 7],131,200,203,69,183
1,<environment.Job instance at 0x1515a5284410>,90,17,[1 5],132,203,220,71,192
1,<environment.Job instance at 0x1515a5284370>,92,18,[5 1],135,194,212,59,194
1,<environment.Job instance at 0x1515ac7d4c30>,93,1,[6 2],136,203,204,67,195
1,<environment.Job instance at 0x1515ac7d4960>,94,18,[2 8],137,212,230,75,201
1,<environment.Job instance at 0x1515ac7d4b90>,95,1,[7 1],138,204,205,66,203
1,<environment.Job instance at 0x1515a307ce10>,96,17,[10  1],139,212,229,73,203
1,<environment.Job instance at 0x1515ac7d4c80>,97,1,[6 2],140,205,206,65,203
1,<environment.Job instance at 0x1515a307c9b0>,98,14,[1 8],143,230,244,87,215
1,<environment.Job instance at 0x1515ac7d4b40>,100,3,[6 1],146,229,232,83,215
1,<environment.Job instance at 0x1515a40482d0>,101,1,[9 1],148,232,233,84,215
1,<environment.Job instance at 0x1515a4048f50>,102,3,[5 2],149,229,232,80,215
1,<environment.Job instance at 0x1515a4048b90>,103,2,[2 5],150,220,222,70,215
1,<environment.Job instance at 0x1515a4048f00>,104,12,[2 7],151,233,245,82,216
1,<environment.Job instance at 0x1515a4048d20>,105,2,[1 9],152,245,247,93,220
1,<environment.Job instance at 0x1515a4048cd0>,106,1,[2 6],153,222,223,69,220
1,<environment.Job instance at 0x1515f429fa50>,107,17,[1 5],154,244,261,90,232
1,<environment.Job instance at 0x1515f429fd70>,108,1,[9 1],156,244,245,88,232
1,<environment.Job instance at 0x1515a105c0a0>,19,2,[1 8],31,247,249,216,232
1,<environment.Job instance at 0x1515a0f27cd0>,109,1,[8 1],158,245,246,87,233
1,<environment.Job instance at 0x1515a0f27780>,111,3,[2 6],162,249,252,87,233
1,<environment.Job instance at 0x1515a0cf90a0>,112,1,[10  1],163,246,247,83,233
1,<environment.Job instance at 0x1515a0cf9a00>,113,2,[1 6],165,252,254,87,233
1,<environment.Job instance at 0x1515b414beb0>,114,28,[1 5],167,254,282,87,253
1,<environment.Job instance at 0x1515a1130eb0>,115,3,[5 1],168,253,256,85,253
1,<environment.Job instance at 0x1515a52a46e0>,116,1,[1 6],169,261,262,92,253
1,<environment.Job instance at 0x1515b4060500>,32,18,[5 1],48,253,271,205,253
1,<environment.Job instance at 0x1515a52a40a0>,117,16,[1 8],170,262,278,92,253
1,<environment.Job instance at 0x1515a0d0b910>,118,3,[2 5],172,278,281,106,254
1,<environment.Job instance at 0x1515a53071e0>,120,1,[1 6],175,281,282,106,257
1,<environment.Job instance at 0x1515ac0c0050>,119,17,[14  2],174,282,299,108,276
1,<environment.Job instance at 0x1515a0d0b0a0>,122,28,[1 9],178,282,310,104,281
1,<environment.Job instance at 0x1515a0d0ba50>,123,18,[2 6],179,299,317,120,288
1,<environment.Job instance at 0x1515a0d0bf00>,124,2,[6 2],180,310,312,130,288
1,<environment.Job instance at 0x1515b40d8370>,125,16,[2 5],182,310,326,128,297
1,<environment.Job instance at 0x1515b40d8a50>,126,3,[8 2],183,312,315,129,299
1,<environment.Job instance at 0x1515b40d84b0>,127,17,[2 6],184,317,334,133,305
1,<environment.Job instance at 0x1515a1199820>,128,2,[5 1],185,310,312,125,305
1,<environment.Job instance at 0x1515a1b72960>,129,22,[1 5],186,326,348,140,319
1,<environment.Job instance at 0x1515a11cce10>,130,12,[2 7],187,334,346,147,320
1,<environment.Job instance at 0x1515a11cccd0>,131,13,[10  1],188,320,333,132,320
1,<environment.Job instance at 0x1515ac7d4050>,99,1,[1 6],144,356,357,212,356
1,<environment.Job instance at 0x1515a0d0b9b0>,121,16,[ 1 11],176,534,550,358,534
1,<environment.Job instance at 0x1515a105c1e0>,22,12,[ 1 13],36,656,668,620,656
1,<environment.Job instance at 0x14b92fbc4fa0>,16,1,[2 5],21,21,22,0,21
1,<environment.Job instance at 0x14b92fbc7140>,20,2,[ 1 13],27,29,31,2,29
1,<environment.Job instance at 0x14b92fbc9410>,34,15,[11  1],44,46,61,2,46
1,<environment.Job instance at 0x14b92fbcb3c0>,45,3,[2 8],60,60,63,0,60
1,<environment.Job instance at 0x14b92fbc9b90>,41,25,[12  2],54,62,87,8,62
1,<environment.Job instance at 0x14b92fbcb730>,49,16,[8 2],66,87,103,21,74
1,<environment.Job instance at 0x14b92fbce140>,60,17,[8 1],86,103,120,17,91
1,<environment.Job instance at 0x14b92fbce550>,62,3,[9 2],88,120,123,32,94
1,<environment.Job instance at 0x14b92fbce690>,63,3,[10  1],89,123,126,34,97
1,<environment.Job instance at 0x14b92fbcea00>,64,12,[9 1],91,126,138,35,109
1,<environment.Job instance at 0x14b92fbceb40>,67,1,[13  1],94,138,139,44,110
1,<environment.Job instance at 0x14b92fbcec80>,68,3,[1 9],95,110,113,15,110
1,<environment.Job instance at 0x14b92fbcec30>,69,1,[2 5],96,110,111,14,110
1,<environment.Job instance at 0x14b92fbcedc0>,70,2,[ 2 10],97,113,115,16,110
1,<environment.Job instance at 0x14b986adda50>,71,3,[2 9],99,115,118,16,110
1,<environment.Job instance at 0x14b92fbbc640>,72,13,[7 2],102,139,152,37,123
1,<environment.Job instance at 0x14b92fbb8d70>,73,2,[6 2],103,126,128,23,123
1,<environment.Job instance at 0x14b92fbb8dc0>,74,3,[6 2],106,128,131,22,123
1,<environment.Job instance at 0x14b92fbb8e10>,75,1,[1 6],107,123,124,16,123
1,<environment.Job instance at 0x14b92fbb8870>,76,2,[2 5],108,123,125,15,123
1,<environment.Job instance at 0x14b92fbb8b90>,77,2,[ 1 10],109,131,133,22,123
1,<environment.Job instance at 0x14b92fc0cb90>,78,3,[2 9],110,133,136,23,123
1,<environment.Job instance at 0x14b964686a00>,79,3,[7 2],111,139,142,28,123
1,<environment.Job instance at 0x14b986a324b0>,80,14,[7 1],112,142,156,30,127
1,<environment.Job instance at 0x14b93036e230>,81,3,[ 2 10],114,136,139,22,127
1,<environment.Job instance at 0x14b9323148c0>,82,12,[2 8],115,152,164,37,135
1,<environment.Job instance at 0x14b92fbf8f50>,83,1,[10  1],117,156,157,39,135
1,<environment.Job instance at 0x14b9305860a0>,84,2,[ 1 10],118,139,141,21,135
1,<environment.Job instance at 0x14b9322da2d0>,85,1,[7 2],120,157,158,37,135
1,<environment.Job instance at 0x14b9322da500>,86,2,[1 8],121,141,143,20,135
1,<environment.Job instance at 0x14b9305bacd0>,87,2,[2 6],122,152,154,30,135
1,<environment.Job instance at 0x14b9305ba3c0>,88,1,[1 5],123,135,136,12,135
1,<environment.Job instance at 0x14b9302f4870>,89,2,[1 9],126,143,145,17,135
1,<environment.Job instance at 0x14b9302f4410>,90,1,[2 7],127,158,159,31,135
1,<environment.Job instance at 0x14b9302f4960>,91,1,[2 5],128,154,155,26,135
1,<environment.Job instance at 0x14b9302f2c80>,92,15,[7 1],129,159,174,30,145
1,<environment.Job instance at 0x14b9302f2280>,94,1,[5 1],131,155,156,24,145
1,<environment.Job instance at 0x14b9302f2960>,95,3,[2 8],132,164,167,32,145
1,<environment.Job instance at 0x14b92fbcb190>,43,3,[7 2],57,167,170,110,154
1,<environment.Job instance at 0x14b9302f2cd0>,96,12,[9 2],134,174,186,40,157
1,<environment.Job instance at 0x14b930268870>,98,13,[ 1 10],136,167,180,31,157
1,<environment.Job instance at 0x14b930268eb0>,99,16,[8 1],137,186,202,49,173
1,<environment.Job instance at 0x14b930268b40>,100,17,[1 9],139,180,197,41,173
1,<environment.Job instance at 0x14b9305b8460>,93,2,[14  1],130,202,204,72,176
1,<environment.Job instance at 0x14b930267910>,101,13,[2 9],140,204,217,64,193
1,<environment.Job instance at 0x14b930284050>,110,3,[ 2 10],152,197,200,45,193
1,<environment.Job instance at 0x14b930341e60>,111,3,[2 5],153,193,196,40,193
1,<environment.Job instance at 0x14b93026a410>,112,1,[8 1],154,204,205,50,194
1,<environment.Job instance at 0x14b93026a0f0>,113,3,[5 2],156,196,199,40,194
1,<environment.Job instance at 0x14b93026ae10>,114,15,[9 2],157,205,220,48,194
1,<environment.Job instance at 0x14b93026aa50>,115,18,[2 6],158,217,235,59,206
1,<environment.Job instance at 0x14b93026a550>,116,1,[1 6],159,217,218,58,207
1,<environment.Job instance at 0x14b93026f690>,117,1,[1 7],160,218,219,58,208
1,<environment.Job instance at 0x14b93026f640>,118,3,[9 1],163,220,223,57,208
1,<environment.Job instance at 0x14b93026aaf0>,119,3,[12  1],164,223,226,59,208
1,<environment.Job instance at 0x14b930275550>,120,1,[1 8],166,220,221,54,208
1,<environment.Job instance at 0x14b93026a7d0>,121,15,[1 6],167,221,236,54,208
1,<environment.Job instance at 0x14b93026b0f0>,122,3,[7 2],168,226,229,58,208
1,<environment.Job instance at 0x14b930275910>,123,2,[1 8],169,235,237,66,208
1,<environment.Job instance at 0x14b92fbed7d0>,124,3,[1 7],171,236,239,65,210
1,<environment.Job instance at 0x14b930265e10>,125,13,[ 1 14],172,239,252,67,223
1,<environment.Job instance at 0x14b92fbef8c0>,129,12,[6 1],176,237,249,61,223
1,<environment.Job instance at 0x14b930267730>,104,1,[ 2 14],143,252,253,109,241
1,<environment.Job instance at 0x14b92fbefd70>,130,28,[2 8],179,253,281,74,252
1,<environment.Job instance at 0x14b930269690>,133,3,[ 2 10],186,281,284,95,256
1,<environment.Job instance at 0x14b930269af0>,134,2,[1 9],188,284,286,96,261
1,<environment.Job instance at 0x14b92fc15230>,136,3,[5 2],192,263,266,71,263
1,<environment.Job instance at 0x14b92fc15140>,137,15,[2 7],193,266,281,73,263
1,<environment.Job instance at 0x14b92fbb01e0>,138,2,[ 2 10],194,286,288,92,263
1,<environment.Job instance at 0x14b92fc19820>,139,2,[2 9],195,288,290,93,264
1,<environment.Job instance at 0x14b92fc2a690>,140,17,[ 2 10],196,290,307,94,278
1,<environment.Job instance at 0x14b92fc2a500>,142,2,[9 1],199,281,283,82,281
1,<environment.Job instance at 0x14b92fbf0b90>,135,2,[ 2 10],191,314,316,123,314
1,<environment.Job instance at 0x14b930341be0>,109,3,[11  2],151,815,818,664,815
1,<environment.Job instance at 0x14b936f9b640>,17,17,[7 1],22,26,43,4,26
1,<environment.Job instance at 0x14b936f9be60>,22,12,[1 5],32,32,44,0,32
1,<environment.Job instance at 0x14b936f9baf0>,23,2,[6 2],33,33,35,0,33
1,<environment.Job instance at 0x14b93c44ef50>,25,2,[8 1],36,43,45,7,36
1,<environment.Job instance at 0x14b93c44ed70>,26,1,[ 1 10],37,44,45,7,37
1,<environment.Job instance at 0x14b93c44ec30>,27,2,[1 5],39,39,41,0,39
1,<environment.Job instance at 0x14b93c44e9b0>,28,3,[1 5],40,41,44,1,40
1,<environment.Job instance at 0x14b93c44e870>,29,2,[10  2],41,45,47,4,41
1,<environment.Job instance at 0x14b93c44aa00>,33,18,[7 2],49,49,67,0,49
1,<environment.Job instance at 0x14b936f9b960>,21,1,[9 1],31,68,69,37,68
1,<environment.Job instance at 0x14b93c44aaa0>,44,15,[2 8],68,68,83,0,68
1,<environment.Job instance at 0x14b986add8c0>,46,13,[ 1 11],71,83,96,12,73
1,<environment.Job instance at 0x14b936fb68c0>,47,2,[6 2],72,73,75,1,73
1,<environment.Job instance at 0x14b936fb6050>,48,1,[1 5],73,75,76,2,75
1,<environment.Job instance at 0x14b93c44a0f0>,42,2,[ 2 12],66,96,98,30,78
1,<environment.Job instance at 0x14b936fb66e0>,49,16,[1 7],74,98,114,24,91
1,<environment.Job instance at 0x14b936fb6910>,53,21,[ 2 13],80,114,135,34,107
1,<environment.Job instance at 0x14b936fb65f0>,54,1,[2 8],81,107,108,26,107
1,<environment.Job instance at 0x14b935727c30>,55,1,[7 1],82,108,109,26,107
1,<environment.Job instance at 0x14b9329972d0>,56,18,[5 2],83,108,126,25,107
1,<environment.Job instance at 0x14b92fc00e10>,57,2,[8 2],85,109,111,24,108
1,<environment.Job instance at 0x14b933d8b5a0>,58,3,[1 7],86,135,138,49,109
1,<environment.Job instance at 0x14b9324d8c30>,59,18,[8 1],87,126,144,39,117
1,<environment.Job instance at 0x14b936fb6e60>,60,1,[5 2],88,135,136,47,117
1,<environment.Job instance at 0x14b936fb6280>,61,1,[1 8],89,138,139,49,117
1,<environment.Job instance at 0x14b936fb6370>,62,3,[1 7],90,139,142,49,117
1,<environment.Job instance at 0x14b932461a00>,63,2,[5 2],92,136,138,44,118
1,<environment.Job instance at 0x14b93dac0870>,64,2,[1 7],94,139,141,45,118
1,<environment.Job instance at 0x14b93db9f5f0>,65,2,[5 2],95,141,143,46,118
1,<environment.Job instance at 0x14b93dbbc140>,66,1,[1 6],97,138,139,41,118
1,<environment.Job instance at 0x14b936fb65a0>,51,3,[ 1 13],76,143,146,67,119
1,<environment.Job instance at 0x14b9323a1370>,67,12,[7 1],98,144,156,46,127
1,<environment.Job instance at 0x14b93e761cd0>,69,3,[2 7],100,146,149,46,127
1,<environment.Job instance at 0x14b93dc73460>,70,17,[7 1],102,149,166,47,137
1,<environment.Job instance at 0x14b93247cb40>,71,1,[2 5],104,142,143,38,137
1,<environment.Job instance at 0x14b93dad8b90>,72,3,[1 8],105,149,152,44,137
1,<environment.Job instance at 0x14b93dad8f50>,73,12,[7 2],107,156,168,49,139
1,<environment.Job instance at 0x14b93db017d0>,74,2,[7 2],109,166,168,57,139
1,<environment.Job instance at 0x14b9324b6320>,75,3,[ 2 10],111,168,171,57,142
1,<environment.Job instance at 0x14b9346c7230>,68,2,[10  1],99,168,170,69,151
1,<environment.Job instance at 0x14b936fb62d0>,52,3,[1 5],79,154,157,75,154
1,<environment.Job instance at 0x14b93e711460>,76,14,[8 2],112,170,184,58,155
1,<environment.Job instance at 0x14b93db01230>,78,1,[ 2 10],115,171,172,56,169
1,<environment.Job instance at 0x14b93db01910>,79,14,[8 1],116,184,198,68,169
1,<environment.Job instance at 0x14b93e510f50>,81,3,[7 2],118,172,175,54,169
1,<environment.Job instance at 0x14b93e50e2d0>,82,21,[7 2],120,175,196,55,169
1,<environment.Job instance at 0x14b93e50e050>,83,13,[5 2],121,196,209,75,180
1,<environment.Job instance at 0x14b93dc4e230>,94,2,[9 2],142,198,200,56,180
1,<environment.Job instance at 0x14b93dc4ebe0>,95,3,[5 2],143,200,203,57,180
1,<environment.Job instance at 0x14b93db192d0>,88,12,[7 1],131,203,215,72,190
1,<environment.Job instance at 0x14b93dc4e8c0>,96,16,[7 2],144,209,225,65,196
1,<environment.Job instance at 0x14b93244cbe0>,98,18,[5 2],147,215,233,68,204
1,<environment.Job instance at 0x14b93dc4e910>,99,1,[1 8],148,204,205,56,204
1,<environment.Job instance at 0x14b93dc4ec80>,100,13,[1 7],150,205,218,55,204
1,<environment.Job instance at 0x14b93dc4e5a0>,101,12,[2 9],153,218,230,65,204
1,<environment.Job instance at 0x14b93dc480a0>,102,3,[5 2],154,225,228,71,204
1,<environment.Job instance at 0x14b93dc483c0>,103,2,[ 2 10],155,230,232,75,204
1,<environment.Job instance at 0x14b93dc48910>,104,15,[8 2],156,228,243,72,214
1,<environment.Job instance at 0x14b93dc489b0>,106,2,[ 2 12],160,233,235,73,214
1,<environment.Job instance at 0x14b93575c0a0>,107,1,[6 2],161,235,236,74,214
1,<environment.Job instance at 0x14b93575cbe0>,108,3,[2 7],163,236,239,73,214
1,<environment.Job instance at 0x14b9338ef500>,109,15,[ 1 11],167,239,254,72,225
1,<environment.Job instance at 0x14b93dabf410>,110,2,[8 1],168,243,245,75,225
1,<environment.Job instance at 0x14b93e586e10>,111,2,[1 9],171,254,256,83,227
1,<environment.Job instance at 0x14b936fced20>,117,2,[1 6],178,235,237,57,227
1,<environment.Job instance at 0x14b936fce6e0>,118,3,[ 2 10],180,256,259,76,231
1,<environment.Job instance at 0x14b936fd9730>,124,14,[7 2],187,245,259,58,232
1,<environment.Job instance at 0x14b936fd9410>,125,2,[ 1 10],189,259,261,70,232
1,<environment.Job instance at 0x14b936fd9e60>,126,3,[10  2],190,259,262,69,233
1,<environment.Job instance at 0x14b936fd9fa0>,129,18,[6 2],196,239,257,43,234
1,<environment.Job instance at 0x14b933da65a0>,127,2,[2 9],191,263,265,72,263
1,<environment.Job instance at 0x14b930df2320>,15,26,[9 1],24,26,52,2,26
1,<environment.Job instance at 0x14b930df2c30>,16,2,[2 9],25,27,29,2,27
1,<environment.Job instance at 0x14b930df2960>,17,2,[2 5],26,39,41,13,39
1,<environment.Job instance at 0x14b931831050>,28,2,[1 5],45,45,47,0,45
1,<environment.Job instance at 0x14b931831e60>,30,3,[2 9],47,47,50,0,47
1,<environment.Job instance at 0x14b931831190>,27,1,[2 6],43,50,51,7,48
1,<environment.Job instance at 0x14b931831690>,32,3,[1 5],50,50,53,0,50
1,<environment.Job instance at 0x14b931831820>,33,2,[1 9],51,51,53,0,51
1,<environment.Job instance at 0x14b9318314b0>,34,3,[2 8],52,53,56,1,52
1,<environment.Job instance at 0x14b93185a4b0>,36,16,[2 6],56,56,72,0,56
1,<environment.Job instance at 0x14b93185a410>,37,3,[1 6],57,57,60,0,57
1,<environment.Job instance at 0x14b93185ac80>,38,2,[8 2],58,58,60,0,58
1,<environment.Job instance at 0x14b93185a730>,43,3,[1 9],64,64,67,0,64
1,<environment.Job instance at 0x14b93185a050>,44,2,[1 8],66,67,69,1,66
1,<environment.Job instance at 0x14b93229fbe0>,45,2,[1 5],68,69,71,1,68
1,<environment.Job instance at 0x14b93c439e60>,46,15,[10  1],69,69,84,0,69
1,<environment.Job instance at 0x14b930e084b0>,48,1,[8 2],71,84,85,13,71
1,<environment.Job instance at 0x14b930e08d20>,49,14,[14  1],72,85,99,13,72
1,<environment.Job instance at 0x14b930e080f0>,50,2,[6 1],74,99,101,25,74
1,<environment.Job instance at 0x14b930e08780>,52,3,[10  2],77,101,104,24,77
1,<environment.Job instance at 0x14b9302b40f0>,57,3,[1 6],84,86,89,2,86
1,<environment.Job instance at 0x14b92f5f1910>,58,16,[1 5],85,89,105,4,87
1,<environment.Job instance at 0x14b9338c4d20>,59,2,[ 1 10],86,104,106,18,87
1,<environment.Job instance at 0x14b933d132d0>,60,17,[2 9],87,106,123,19,94
1,<environment.Job instance at 0x14b92f645f50>,64,2,[1 8],91,99,101,8,94
1,<environment.Job instance at 0x14b92fbf8370>,65,3,[2 8],92,101,104,9,94
1,<environment.Job instance at 0x14b92f6451e0>,66,2,[2 8],93,123,125,30,96
1,<environment.Job instance at 0x14b9302f2f50>,69,2,[2 8],99,125,127,26,99
1,<environment.Job instance at 0x14b930e08460>,55,1,[1 5],82,105,106,23,105
1,<environment.Job instance at 0x14b93026a320>,76,1,[2 5],108,109,110,1,109
1,<environment.Job instance at 0x14b93026a2d0>,77,2,[ 1 10],110,127,129,17,115
1,<environment.Job instance at 0x14b93026adc0>,78,3,[2 5],111,117,120,6,117
1,<environment.Job instance at 0x14b92fbb84b0>,83,1,[7 2],118,124,125,6,124
1,<environment.Job instance at 0x14b9302f4c30>,84,3,[10  2],119,125,128,6,124
1,<environment.Job instance at 0x14b933d49960>,85,2,[5 2],120,128,130,8,126
1,<environment.Job instance at 0x14b92f64c0f0>,72,27,[ 2 10],103,129,156,26,127
1,<environment.Job instance at 0x14b92f6ffa00>,87,3,[1 7],123,156,159,33,131
1,<environment.Job instance at 0x14b9302651e0>,90,17,[9 2],128,131,148,3,131
1,<environment.Job instance at 0x14b930265e60>,91,1,[6 2],129,148,149,19,131
1,<environment.Job instance at 0x14b92fc15a50>,92,2,[1 5],130,149,151,19,132
1,<environment.Job instance at 0x14b92fc15410>,93,1,[1 7],131,156,157,25,132
1,<environment.Job instance at 0x14b9322d83c0>,94,3,[2 7],132,157,160,25,132
1,<environment.Job instance at 0x14b932482050>,95,2,[1 5],133,151,153,18,133
1,<environment.Job instance at 0x14b931847f50>,96,1,[1 9],135,160,161,25,135
1,<environment.Job instance at 0x14b9322b01e0>,97,1,[2 5],136,153,154,17,136
1,<environment.Job instance at 0x14b9322b9aa0>,98,15,[7 1],137,154,169,17,140
1,<environment.Job instance at 0x14b932290af0>,99,1,[2 6],138,159,160,21,140
1,<environment.Job instance at 0x14b932290190>,100,1,[2 8],140,161,162,21,140
1,<environment.Job instance at 0x14b9323dd7d0>,101,1,[2 6],141,161,162,20,141
1,<environment.Job instance at 0x14b9323dd960>,102,3,[1 7],143,162,165,19,143
1,<environment.Job instance at 0x14b9323dda50>,103,17,[2 7],144,162,179,18,150
1,<environment.Job instance at 0x14b9322930a0>,104,14,[1 6],145,165,179,20,150
1,<environment.Job instance at 0x14b9323f35a0>,105,17,[9 1],146,169,186,23,157
1,<environment.Job instance at 0x14b9323f35f0>,106,3,[5 1],147,165,168,18,157
1,<environment.Job instance at 0x14b9323f31e0>,107,1,[10  1],148,186,187,38,158
1,<environment.Job instance at 0x14b9323f3230>,108,1,[1 8],149,179,180,30,160
1,<environment.Job instance at 0x14b9323f33c0>,109,12,[9 2],150,187,199,37,170
1,<environment.Job instance at 0x14b9323f34b0>,110,2,[2 6],151,179,181,28,170
1,<environment.Job instance at 0x14b930e08870>,53,3,[ 2 11],80,181,184,101,170
1,<environment.Job instance at 0x14b9323f3d70>,111,3,[9 2],152,199,202,47,173
1,<environment.Job instance at 0x14b9323f3690>,113,16,[10  2],154,202,218,48,189
1,<environment.Job instance at 0x14b9323f3fa0>,114,16,[ 2 10],155,189,205,34,189
1,<environment.Job instance at 0x14b9323f36e0>,115,2,[1 6],157,205,207,48,189
1,<environment.Job instance at 0x14b932997f00>,116,15,[2 6],159,205,220,46,193
1,<environment.Job instance at 0x14b9329f19b0>,118,13,[5 1],161,218,231,57,203
1,<environment.Job instance at 0x14b92fbbd050>,119,2,[1 8],162,218,220,56,203
1,<environment.Job instance at 0x14b93184e690>,120,14,[6 1],163,220,234,57,205
1,<environment.Job instance at 0x14b92fbbd280>,121,1,[2 5],164,207,208,43,206
1,<environment.Job instance at 0x14b92fbbd6e0>,122,14,[2 8],165,220,234,55,206
1,<environment.Job instance at 0x14b92fbbd500>,123,2,[7 1],166,231,233,65,207
1,<environment.Job instance at 0x14b92fbbd550>,124,3,[7 1],167,233,236,66,207
1,<environment.Job instance at 0x14b92fc0cc80>,125,13,[10  1],168,236,249,68,222
1,<environment.Job instance at 0x14b92fc0c2d0>,126,25,[12  1],169,249,274,80,247
1,<environment.Job instance at 0x14b93024a370>,86,15,[1 8],122,254,269,132,254
1,<environment.Job instance at 0x14b92fc0c640>,127,1,[ 2 10],170,269,270,99,254
1,<environment.Job instance at 0x14b932296320>,129,3,[7 1],176,274,277,98,255
1,<environment.Job instance at 0x14b932296690>,130,3,[2 8],177,270,273,93,257
1,<environment.Job instance at 0x14b9323150a0>,131,3,[1 9],178,273,276,95,259
1,<environment.Job instance at 0x14b932315c80>,132,16,[10  1],179,277,293,98,264
1,<environment.Job instance at 0x14b932296d20>,133,3,[2 9],180,276,279,96,264
1,<environment.Job instance at 0x14b9322d7dc0>,134,23,[1 6],181,279,302,98,273
1,<environment.Job instance at 0x14b9322d7c30>,135,12,[7 1],184,293,305,109,276
1,<environment.Job instance at 0x14b932285870>,137,3,[6 1],189,293,296,104,276
1,<environment.Job instance at 0x14b9318538c0>,138,3,[8 1],190,302,305,112,276
1,<environment.Job instance at 0x14b931853910>,139,2,[7 1],192,296,298,104,276
1,<environment.Job instance at 0x14b9318537d0>,140,18,[2 6],194,305,323,111,294
1,<environment.Job instance at 0x14b931853a00>,143,14,[2 5],198,305,319,107,294
1,<environment.Job instance at 0x14b931853460>,141,1,[7 1],196,322,323,126,322
1,<environment.Job instance at 0x14b9322d4960>,89,13,[12  2],127,1406,1419,1279,1406
1,<environment.Job instance at 0x14b933e5bdc0>,10,26,[2 8],18,22,48,4,22
1,<environment.Job instance at 0x14b933e56c30>,25,2,[5 2],44,44,46,0,44
1,<environment.Job instance at 0x14b93dbdba50>,27,21,[1 8],46,48,69,2,46
1,<environment.Job instance at 0x14b933e56fa0>,26,27,[1 7],45,50,77,5,50
1,<environment.Job instance at 0x14b93dbdb4b0>,28,17,[2 8],47,69,86,22,57
1,<environment.Job instance at 0x14b93dbdb550>,35,2,[2 9],57,86,88,29,59
1,<environment.Job instance at 0x14b93dbdb2d0>,37,1,[5 1],63,77,78,14,63
1,<environment.Job instance at 0x14b93e743f50>,39,2,[1 8],67,88,90,21,67
1,<environment.Job instance at 0x14b93e743370>,40,1,[10  2],68,78,79,10,68
1,<environment.Job instance at 0x14b93e743e60>,41,3,[2 8],69,90,93,21,69
1,<environment.Job instance at 0x14b93e7430f0>,42,15,[2 7],70,88,103,18,74
1,<environment.Job instance at 0x14b93e7438c0>,43,2,[8 2],75,79,81,4,75
1,<environment.Job instance at 0x14b92f880460>,44,1,[ 1 12],76,103,104,27,76
1,<environment.Job instance at 0x14b92f880370>,45,3,[6 2],77,81,84,4,77
1,<environment.Job instance at 0x14b92f8802d0>,46,1,[8 1],79,84,85,5,79
1,<environment.Job instance at 0x14b93da8b690>,51,13,[13  2],87,93,106,6,87
1,<environment.Job instance at 0x14b933e56730>,20,1,[2 8],39,104,105,65,89
1,<environment.Job instance at 0x14b932958500>,61,3,[6 2],100,106,109,6,105
1,<environment.Job instance at 0x14b93dcd1640>,59,18,[5 1],98,106,124,8,106
1,<environment.Job instance at 0x14b932958780>,60,15,[6 1],99,109,124,10,106
1,<environment.Job instance at 0x14b96521d050>,65,12,[2 8],105,106,118,1,106
1,<environment.Job instance at 0x14b93e52e730>,66,3,[ 1 10],106,118,121,12,108
1,<environment.Job instance at 0x14b964f6d960>,67,3,[1 5],107,111,114,4,111
1,<environment.Job instance at 0x14b92f5660a0>,69,13,[2 5],109,121,134,12,111
1,<environment.Job instance at 0x14b93e52fb90>,71,2,[5 1],111,124,126,13,115
1,<environment.Job instance at 0x14b93dceb140>,73,1,[1 9],117,124,125,7,117
1,<environment.Job instance at 0x14b93e52f230>,74,3,[7 1],118,125,128,7,118
1,<environment.Job instance at 0x14b933ea2410>,78,1,[9 1],125,130,131,5,130
1,<environment.Job instance at 0x14b964ef9eb0>,81,16,[8 1],130,131,147,1,130
1,<environment.Job instance at 0x14b933e7c140>,83,2,[10  2],133,147,149,14,133
1,<environment.Job instance at 0x14b9327a3b40>,84,3,[1 7],134,134,137,0,134
1,<environment.Job instance at 0x14b9327a39b0>,85,14,[9 2],136,149,163,13,136
1,<environment.Job instance at 0x14b964648b90>,86,1,[10  2],137,163,164,26,137
1,<environment.Job instance at 0x14b93e695690>,87,2,[7 2],138,139,141,1,139
1,<environment.Job instance at 0x14b9327a3b90>,88,16,[1 9],139,141,157,2,141
1,<environment.Job instance at 0x14b93e5144b0>,89,3,[1 5],140,141,144,1,141
1,<environment.Job instance at 0x14b93e532b40>,91,3,[9 2],143,164,167,21,143
1,<environment.Job instance at 0x14b933ea3230>,93,2,[1 8],145,157,159,12,145
1,<environment.Job instance at 0x14b93e6a3690>,95,1,[ 1 10],149,159,160,10,149
1,<environment.Job instance at 0x14b93e6a3410>,96,19,[2 5],150,160,179,10,150
1,<environment.Job instance at 0x14b9329a8d20>,99,2,[6 2],153,167,169,14,153
1,<environment.Job instance at 0x14b93ebae6e0>,100,17,[5 2],154,167,184,13,157
1,<environment.Job instance at 0x14b9323cbd70>,101,1,[6 1],156,169,170,13,157
1,<environment.Job instance at 0x14b9323cb1e0>,102,12,[ 1 10],157,179,191,22,162
1,<environment.Job instance at 0x14b933dc1190>,104,1,[1 6],160,162,163,2,162
1,<environment.Job instance at 0x14b933dc1dc0>,106,1,[1 7],162,163,164,1,162
1,<environment.Job instance at 0x14b9339d0af0>,107,1,[6 2],163,170,171,7,163
1,<environment.Job instance at 0x14b9339d0d70>,108,2,[2 7],164,164,166,0,164
1,<environment.Job instance at 0x14b9339d0640>,110,3,[7 1],166,171,174,5,166
1,<environment.Job instance at 0x14b9339d07d0>,111,14,[8 2],167,174,188,7,167
1,<environment.Job instance at 0x14b92f62dd20>,114,3,[5 2],172,184,187,12,172
1,<environment.Job instance at 0x14b92f62d410>,115,13,[2 8],173,191,204,18,175
1,<environment.Job instance at 0x14b93228c1e0>,116,1,[8 1],174,188,189,14,175
1,<environment.Job instance at 0x14b964638d70>,117,1,[1 5],176,189,190,13,176
1,<environment.Job instance at 0x14b9346d8f00>,121,25,[9 1],181,190,215,9,187
1,<environment.Job instance at 0x14b9346d8e10>,124,21,[2 5],185,191,212,6,187
1,<environment.Job instance at 0x14b9346d8550>,125,15,[5 2],186,212,227,26,199
1,<environment.Job instance at 0x14b92f880870>,129,2,[2 9],191,204,206,13,199
1,<environment.Job instance at 0x14b92f880dc0>,130,2,[1 5],192,206,208,14,199
1,<environment.Job instance at 0x14b92f880c80>,132,14,[2 6],195,215,229,20,203
1,<environment.Job instance at 0x14b93dbed5f0>,133,1,[9 1],196,227,228,31,203
1,<environment.Job instance at 0x14b93dbede60>,134,17,[2 5],197,215,232,18,206
1,<environment.Job instance at 0x14b93dbed190>,135,2,[10  2],198,228,230,30,206
1,<environment.Job instance at 0x14b933e56410>,21,2,[7 2],40,258,260,218,258
1,<environment.Job instance at 0x14b9327dbb90>,19,13,[2 8],26,27,40,1,27
1,<environment.Job instance at 0x14b9327dbaf0>,20,16,[6 1],27,27,43,0,27
1,<environment.Job instance at 0x14b9327db550>,21,1,[8 2],28,40,41,12,28
1,<environment.Job instance at 0x14b9327dbf00>,22,1,[5 2],29,29,30,0,29
1,<environment.Job instance at 0x14b9327e6730>,23,1,[7 1],30,30,31,0,30
1,<environment.Job instance at 0x14b9327db640>,17,17,[7 1],24,41,58,17,30
1,<environment.Job instance at 0x14b9327e6230>,24,1,[1 8],31,40,41,9,32
1,<environment.Job instance at 0x14b9327e6c30>,25,2,[6 2],32,32,34,0,32
1,<environment.Job instance at 0x14b9327e64b0>,27,1,[6 2],35,36,37,1,36
1,<environment.Job instance at 0x14b9327e60f0>,28,3,[8 2],36,43,46,7,37
1,<environment.Job instance at 0x14b9327e6820>,29,2,[ 1 10],38,41,43,3,38
1,<environment.Job instance at 0x14b9327e6fa0>,30,13,[10  1],39,58,71,19,43
1,<environment.Job instance at 0x14b9327f1870>,33,2,[7 2],42,49,51,7,49
1,<environment.Job instance at 0x14b9327f1e10>,34,3,[10  1],43,71,74,28,49
1,<environment.Job instance at 0x14b9327f1f50>,35,3,[6 1],44,51,54,7,50
1,<environment.Job instance at 0x14b9327f1690>,36,1,[13  1],45,74,75,29,51
1,<environment.Job instance at 0x14b9327f14b0>,37,3,[2 7],46,51,54,5,51
1,<environment.Job instance at 0x14b9327f10a0>,38,1,[5 1],47,62,63,15,62
1,<environment.Job instance at 0x14b9327f1050>,40,3,[5 2],49,64,67,15,64
1,<environment.Job instance at 0x14b9327f1780>,31,1,[5 1],40,67,68,27,65
1,<environment.Job instance at 0x14b9327db820>,15,17,[12  1],20,101,118,81,101
1,<environment.Job instance at 0x14b9327c7230>,41,2,[8 2],50,118,120,68,101
1,<environment.Job instance at 0x14b9327c7a50>,45,22,[8 1],55,120,142,65,113
1,<environment.Job instance at 0x14b9327decd0>,54,15,[2 9],66,113,128,47,113
1,<environment.Job instance at 0x14b9327de370>,55,2,[10  1],67,142,144,75,115
1,<environment.Job instance at 0x14b9327de5a0>,56,22,[2 6],69,128,150,59,122
1,<environment.Job instance at 0x14b9327de460>,57,1,[ 1 14],70,150,151,80,122
1,<environment.Job instance at 0x14b9327de5f0>,59,1,[6 1],72,144,145,72,126
1,<environment.Job instance at 0x14b9327dea50>,60,2,[9 1],74,145,147,71,135
1,<environment.Job instance at 0x14b9327de8c0>,58,16,[6 2],71,151,167,80,139
1,<environment.Job instance at 0x14b9328e3f00>,67,1,[ 2 10],84,151,152,67,139
1,<environment.Job instance at 0x14b9327e4820>,68,2,[7 2],86,147,149,61,139
1,<environment.Job instance at 0x14b9327e4be0>,69,1,[6 1],87,144,145,57,139
1,<environment.Job instance at 0x14b9327e4eb0>,70,2,[6 1],89,147,149,58,140
1,<environment.Job instance at 0x14b9327e4dc0>,71,17,[1 7],90,152,169,62,140
1,<environment.Job instance at 0x14b9327e4d20>,72,15,[10  2],94,167,182,73,153
1,<environment.Job instance at 0x14b9327e4c80>,73,2,[7 2],95,153,155,58,153
1,<environment.Job instance at 0x14b9327e4cd0>,74,1,[1 5],97,155,156,58,155
1,<environment.Job instance at 0x14b9327e4410>,75,14,[5 2],99,169,183,70,155
1,<environment.Job instance at 0x14b9327e4a00>,66,3,[1 8],83,182,185,99,158
1,<environment.Job instance at 0x14b9327e4e60>,77,15,[14  1],101,183,198,82,172
1,<environment.Job instance at 0x14b9327e42d0>,78,2,[1 9],102,185,187,83,174
1,<environment.Job instance at 0x14b9327ded20>,52,2,[2 7],63,198,200,135,187
1,<environment.Job instance at 0x14b9327e4050>,80,1,[1 8],104,196,197,92,196
1,<environment.Job instance at 0x14b9327e43c0>,76,27,[5 1],100,198,225,98,196
1,<environment.Job instance at 0x14b9327db5a0>,18,17,[2 7],25,198,215,173,196
1,<environment.Job instance at 0x14b933a9fb90>,82,2,[10  2],107,215,217,108,196
1,<environment.Job instance at 0x14b933a9f500>,85,2,[2 7],113,200,202,87,197
1,<environment.Job instance at 0x14b933a9f640>,86,3,[2 5],114,202,205,88,197
1,<environment.Job instance at 0x14b9328e3640>,65,3,[ 2 14],82,217,220,135,213
1,<environment.Job instance at 0x14b9327ccdc0>,91,2,[ 2 10],122,220,222,98,214
1,<environment.Job instance at 0x14b933a9f5f0>,87,25,[6 1],115,220,245,105,216
1,<environment.Job instance at 0x14b932934eb0>,95,22,[2 5],129,222,244,93,216
1,<environment.Job instance at 0x14b932934aa0>,97,1,[10  1],131,245,246,114,217
1,<environment.Job instance at 0x14b92f2fb6e0>,99,13,[7 2],134,225,238,91,217
1,<environment.Job instance at 0x14b92f2fbc80>,100,3,[6 2],136,238,241,102,217
1,<environment.Job instance at 0x14b92f317e60>,101,2,[12  1],137,246,248,109,219
1,<environment.Job instance at 0x14b92f317140>,102,15,[2 5],139,241,256,102,227
1,<environment.Job instance at 0x14b93291fc80>,103,14,[7 1],140,248,262,108,233
1,<environment.Job instance at 0x14b92f282370>,105,1,[8 1],142,256,257,114,233
1,<environment.Job instance at 0x14b92f1958c0>,106,2,[10  2],143,262,264,119,235
1,<environment.Job instance at 0x14b92f40ed20>,104,2,[7 1],141,257,259,116,246
1,<environment.Job instance at 0x14b92f2dd910>,108,3,[9 2],145,264,267,119,248
1,<environment.Job instance at 0x14b92f2dd140>,109,1,[6 2],147,252,253,105,252
1,<environment.Job instance at 0x14b92f941050>,107,14,[9 1],144,267,281,123,252
1,<environment.Job instance at 0x14b92f2753c0>,111,2,[2 7],149,253,255,104,252
1,<environment.Job instance at 0x14b92f275280>,112,3,[9 2],151,281,284,130,255
1,<environment.Job instance at 0x14b92f2e6c30>,113,3,[10  1],152,284,287,132,258
1,<environment.Job instance at 0x14b92f7fac30>,114,17,[1 8],158,258,275,100,258
1,<environment.Job instance at 0x14b92f2d68c0>,115,2,[8 2],160,287,289,127,260
1,<environment.Job instance at 0x14b92f2ce550>,116,17,[1 6],161,267,284,106,260
1,<environment.Job instance at 0x14b92f2ce9b0>,117,3,[1 9],162,284,287,122,261
1,<environment.Job instance at 0x14b92f2ce870>,118,13,[2 9],166,287,300,121,271
1,<environment.Job instance at 0x14b933d6e5f0>,119,2,[ 1 11],167,300,302,133,273
1,<environment.Job instance at 0x14b92f2ce050>,120,3,[2 8],168,275,278,107,273
1,<environment.Job instance at 0x14b92f2ce190>,121,1,[1 8],170,278,279,108,273
1,<environment.Job instance at 0x14b92f2c2280>,122,2,[2 9],171,302,304,131,275
1,<environment.Job instance at 0x14b92f2ceb90>,123,2,[8 2],172,289,291,117,275
1,<environment.Job instance at 0x14b92f2c2b90>,124,15,[10  1],173,291,306,118,278
1,<environment.Job instance at 0x14b92f2dd460>,110,2,[ 1 10],148,304,306,156,286
1,<environment.Job instance at 0x14b92f2c2c80>,126,1,[8 2],175,306,307,131,291
1,<environment.Job instance at 0x14b92f2c2870>,128,3,[ 2 14],177,307,310,130,294
1,<environment.Job instance at 0x14b92f2bf410>,129,1,[5 1],178,306,307,128,296
1,<environment.Job instance at 0x14b92f2bff50>,130,2,[2 6],179,310,312,131,307
1,<environment.Job instance at 0x14b92f2bf910>,131,1,[8 1],180,309,310,129,309
1,<environment.Job instance at 0x14b92f2bf0f0>,132,1,[7 2],182,310,311,128,309
1,<environment.Job instance at 0x14b92f2bf730>,133,12,[6 2],183,310,322,127,310
1,<environment.Job instance at 0x14b92f2bf230>,134,3,[1 7],184,311,314,127,310
1,<environment.Job instance at 0x14b92fa355a0>,98,26,[ 2 13],133,314,340,181,312
1,<environment.Job instance at 0x14b92f2d2820>,144,16,[7 1],195,322,338,127,318
1,<environment.Job instance at 0x14b92f2c21e0>,125,28,[5 2],174,338,366,164,337
1,<environment.Job instance at 0x14b933a9f140>,83,1,[6 1],110,361,362,251,361
1,<environment.Job instance at 0x14b933a9f140>,2,23,[2 6],4,4,27,0,4
1,<environment.Job instance at 0x14b9328e1e10>,18,2,[1 8],29,37,39,8,37
1,<environment.Job instance at 0x14b9328e13c0>,19,1,[2 6],30,38,39,8,38
1,<environment.Job instance at 0x14b9328e1d70>,20,2,[9 2],33,46,48,13,46
1,<environment.Job instance at 0x14b9328e1780>,21,1,[ 2 10],37,49,50,12,49
1,<environment.Job instance at 0x14b93c41fc80>,13,3,[12  1],19,49,52,30,49
1,<environment.Job instance at 0x14b9328e1af0>,22,3,[11  1],39,54,57,15,54
1,<environment.Job instance at 0x14b9328e1a00>,24,3,[1 8],41,57,60,16,57
1,<environment.Job instance at 0x14b9328e1960>,25,1,[8 1],43,58,59,15,58
1,<environment.Job instance at 0x14b9328e1550>,26,16,[9 1],44,63,79,19,63
1,<environment.Job instance at 0x14b9328e1be0>,27,12,[7 2],46,79,91,33,63
1,<environment.Job instance at 0x14b9328e1c30>,28,15,[ 2 10],52,63,78,11,63
1,<environment.Job instance at 0x14b9328f7960>,29,2,[5 2],53,78,80,25,63
1,<environment.Job instance at 0x14b9328f7910>,30,2,[7 2],54,80,82,26,63
1,<environment.Job instance at 0x14b9328f7be0>,31,2,[5 2],56,82,84,26,63
1,<environment.Job instance at 0x14b9328f72d0>,32,1,[ 2 10],57,79,80,22,63
1,<environment.Job instance at 0x14b9328f7460>,33,1,[6 2],58,84,85,26,63
1,<environment.Job instance at 0x14b9328f7320>,34,2,[ 1 12],59,85,87,26,63
1,<environment.Job instance at 0x14b9328f70a0>,35,16,[2 9],60,87,103,27,75
1,<environment.Job instance at 0x14b9328f73c0>,36,2,[5 2],61,87,89,26,75
1,<environment.Job instance at 0x14b9328f7190>,37,21,[5 1],62,89,110,27,82
1,<environment.Job instance at 0x14b9328f7870>,38,3,[2 8],63,82,85,19,82
1,<environment.Job instance at 0x14b92fc1dcd0>,39,3,[8 2],65,91,94,26,83
1,<environment.Job instance at 0x14b92fc1d0f0>,40,1,[ 2 10],66,103,104,37,84
1,<environment.Job instance at 0x14b92fc1d5f0>,41,2,[1 6],67,104,106,37,84
1,<environment.Job instance at 0x14b92fc1d500>,42,2,[8 1],68,94,96,26,84
1,<environment.Job instance at 0x14b92fc1d0a0>,43,1,[2 7],70,104,105,34,84
1,<environment.Job instance at 0x14b92fc1d370>,44,2,[1 8],71,105,107,34,84
1,<environment.Job instance at 0x14b92fc1d320>,45,13,[7 1],72,106,119,34,90
1,<environment.Job instance at 0x14b92f6fcfa0>,46,3,[ 2 10],75,107,110,32,90
1,<environment.Job instance at 0x14b92f6fc500>,47,2,[2 7],76,110,112,34,91
1,<environment.Job instance at 0x14b92f6fcc30>,48,22,[ 2 10],77,112,134,35,106
1,<environment.Job instance at 0x14b92f6fccd0>,49,2,[10  2],78,119,121,41,107
1,<environment.Job instance at 0x14b92f6fc6e0>,50,2,[1 7],79,110,112,31,107
1,<environment.Job instance at 0x14b92f6fcaa0>,51,3,[2 8],80,134,137,54,110
1,<environment.Job instance at 0x14b92f6fc780>,52,2,[6 2],81,114,116,33,114
1,<environment.Job instance at 0x14b92fb8fcd0>,53,1,[7 1],84,121,122,37,117
1,<environment.Job instance at 0x14b93031e8c0>,54,2,[5 2],85,126,128,41,126
1,<environment.Job instance at 0x14b932313460>,55,15,[1 9],86,137,152,51,127
1,<environment.Job instance at 0x14b9323138c0>,56,3,[6 1],87,128,131,41,128
1,<environment.Job instance at 0x14b93184a6e0>,57,2,[ 1 10],88,152,154,64,132
1,<environment.Job instance at 0x14b93184aaa0>,58,1,[7 1],89,134,135,45,134
1,<environment.Job instance at 0x14b92fb92640>,60,2,[10  2],93,135,137,42,134
1,<environment.Job instance at 0x14b933ac46e0>,61,1,[5 1],94,134,135,40,134
1,<environment.Job instance at 0x14b9327c78c0>,62,2,[8 2],95,137,139,42,134
1,<environment.Job instance at 0x14b93184a5a0>,59,1,[2 6],92,139,140,47,134
1,<environment.Job instance at 0x14b9327c7820>,63,1,[6 1],96,137,138,41,134
1,<environment.Job instance at 0x14b933d58b90>,65,15,[6 1],102,140,155,38,134
1,<environment.Job instance at 0x14b92fb709b0>,66,2,[8 2],103,140,142,37,136
1,<environment.Job instance at 0x14b93dbb7050>,67,17,[10  1],106,155,172,49,143
1,<environment.Job instance at 0x14b9327c7140>,68,3,[2 6],107,154,157,47,143
1,<environment.Job instance at 0x14b92f58ffa0>,69,2,[7 1],108,143,145,35,143
1,<environment.Job instance at 0x14b93233d820>,64,3,[8 1],98,172,175,74,159
1,<environment.Job instance at 0x14b93273dc80>,70,21,[6 1],110,172,193,62,165
1,<environment.Job instance at 0x14b93183fc80>,72,14,[2 6],113,175,189,62,166
1,<environment.Job instance at 0x14b92f5f19b0>,73,1,[ 2 10],114,166,167,52,166
1,<environment.Job instance at 0x14b92f4c7fa0>,74,2,[2 8],115,167,169,52,167
1,<environment.Job instance at 0x14b92f375500>,75,1,[1 7],118,169,170,51,167
1,<environment.Job instance at 0x14b92f3759b0>,76,1,[1 7],120,169,170,49,167
1,<environment.Job instance at 0x14b933978eb0>,77,12,[2 8],121,175,187,54,167
1,<environment.Job instance at 0x14b933a3e640>,78,27,[5 2],122,187,214,65,185
1,<environment.Job instance at 0x14b932a29e10>,79,27,[1 9],123,189,216,66,187
1,<environment.Job instance at 0x14b93244cdc0>,80,1,[9 1],124,193,194,69,187
1,<environment.Job instance at 0x14b92f0dc870>,81,1,[ 2 10],125,216,217,91,188
1,<environment.Job instance at 0x14b933de6870>,82,12,[2 8],128,217,229,89,200
1,<environment.Job instance at 0x14b933de62d0>,83,3,[ 1 10],131,229,232,98,203
1,<environment.Job instance at 0x14b933de6b90>,84,1,[8 2],132,203,204,71,203
1,<environment.Job instance at 0x14b933de6140>,85,18,[9 1],133,204,222,71,203
1,<environment.Job instance at 0x14b932a25f50>,86,2,[8 1],135,222,224,87,203
1,<environment.Job instance at 0x14b932a25aa0>,87,13,[8 2],136,224,237,88,209
1,<environment.Job instance at 0x14b93db22190>,88,1,[7 1],137,232,233,95,210
1,<environment.Job instance at 0x14b93db227d0>,89,1,[2 6],139,217,218,78,210
1,<environment.Job instance at 0x14b93db22a50>,90,3,[1 5],140,218,221,78,210
1,<environment.Job instance at 0x14b93db224b0>,91,3,[8 2],143,237,240,94,211
1,<environment.Job instance at 0x14b9322c5b90>,92,1,[1 7],144,233,234,89,211
1,<environment.Job instance at 0x14b9322c5820>,93,3,[2 8],145,234,237,89,211
1,<environment.Job instance at 0x14b9322c5730>,94,2,[7 1],146,237,239,91,211
1,<environment.Job instance at 0x14b9322c57d0>,95,28,[1 6],147,239,267,92,239
1,<environment.Job instance at 0x14b9322c55a0>,96,1,[1 7],150,239,240,89,239
1,<environment.Job instance at 0x14b9322c5d20>,97,21,[9 1],151,240,261,89,239
1,<environment.Job instance at 0x14b9322c5190>,98,16,[1 6],152,240,256,88,239
1,<environment.Job instance at 0x14b93da80280>,99,15,[10  2],153,261,276,108,247
1,<environment.Job instance at 0x14b9322c5eb0>,100,2,[5 1],155,256,258,101,247
1,<environment.Job instance at 0x14b92fbcbd70>,101,2,[ 2 10],156,267,269,111,247
1,<environment.Job instance at 0x14b93da80910>,102,3,[5 1],157,258,261,101,247
1,<environment.Job instance at 0x14b92fbcbfa0>,103,1,[1 9],159,269,270,110,247
1,<environment.Job instance at 0x14b92fbcbe10>,104,1,[2 7],160,261,262,101,247
1,<environment.Job instance at 0x14b92fbcb460>,105,2,[1 8],161,270,272,109,248
1,<environment.Job instance at 0x14b92fbcbeb0>,106,1,[1 9],163,272,273,109,248
1,<environment.Job instance at 0x14b92fbcbf00>,107,2,[ 2 10],165,273,275,108,248
1,<environment.Job instance at 0x14b930e14aa0>,108,3,[9 1],166,276,279,110,250
1,<environment.Job instance at 0x14b92f3eb370>,109,12,[9 1],167,279,291,112,262
1,<environment.Job instance at 0x14b9329a4d20>,110,20,[ 2 11],168,275,295,107,266
1,<environment.Job instance at 0x14b9329a4640>,111,16,[9 2],170,291,307,121,278
1,<environment.Job instance at 0x14b9329a4f00>,112,3,[ 2 10],171,295,298,124,278
1,<environment.Job instance at 0x14b92f64bdc0>,113,15,[6 1],173,298,313,125,284
1,<environment.Job instance at 0x14b9329a4a50>,114,1,[9 2],174,307,308,133,284
1,<environment.Job instance at 0x14b9329a4c80>,115,1,[2 8],175,308,309,133,284
1,<environment.Job instance at 0x14b9329a40f0>,116,1,[5 1],176,308,309,132,284
1,<environment.Job instance at 0x14b9329a40a0>,117,1,[8 1],178,309,310,131,284
1,<environment.Job instance at 0x14b92f7fb230>,118,1,[1 8],180,309,310,129,284
1,<environment.Job instance at 0x14b932461af0>,119,1,[2 9],181,310,311,129,284
1,<environment.Job instance at 0x14b93db1dbe0>,120,3,[1 9],182,311,314,129,285
1,<environment.Job instance at 0x14b9324610f0>,121,14,[ 1 10],184,314,328,130,299
1,<environment.Job instance at 0x14b92f86f730>,122,1,[7 2],185,310,311,125,299
1,<environment.Job instance at 0x14b92f7100f0>,123,1,[10  1],186,313,314,127,299
1,<environment.Job instance at 0x14b932906550>,124,3,[2 5],188,311,314,123,299
1,<environment.Job instance at 0x14b92f86f910>,125,2,[6 2],189,314,316,125,299
1,<environment.Job instance at 0x14b92f1f2b40>,71,3,[ 2 13],112,328,331,216,311
1,<environment.Job instance at 0x14b93184f0a0>,126,18,[2 9],190,331,349,141,320
1,<environment.Job instance at 0x14b92f308050>,128,1,[1 6],192,331,332,139,320
1,<environment.Job instance at 0x14b9346e05f0>,129,1,[10  1],193,320,321,127,320
1,<environment.Job instance at 0x14b92f308140>,130,17,[5 1],194,332,349,138,322
1,<environment.Job instance at 0x14b964f6feb0>,131,1,[7 1],195,322,323,127,322
1,<environment.Job instance at 0x14b964f6ff50>,132,3,[9 2],196,323,326,127,322
1,<environment.Job instance at 0x14b964f6faf0>,133,2,[1 8],197,349,351,152,322
1,<environment.Job instance at 0x14b932801be0>,134,26,[8 1],198,332,358,134,329
1,<environment.Job instance at 0x14b9328014b0>,135,3,[2 5],199,349,352,150,329
1,<environment.Job instance at 0x14b93184faf0>,127,3,[2 9],191,351,354,160,330
1,<environment.Job instance at 0x14b9328e1fa0>,23,13,[ 2 11],40,390,403,350,390
1,<environment.Job instance at 0x14b93c41f050>,14,20,[8 1],20,403,423,383,403
1,<environment.Job instance at 0x14b932801320>,1,21,[9 2],2,5,26,3,5
1,<environment.Job instance at 0x14b93da9f730>,8,1,[1 8],12,13,14,1,13
1,<environment.Job instance at 0x14b93da9f960>,9,16,[5 2],13,15,31,2,15
1,<environment.Job instance at 0x14b92f1d44b0>,3,16,[5 2],4,37,53,33,37
1,<environment.Job instance at 0x14b9303703c0>,14,1,[6 1],21,37,38,16,37
1,<environment.Job instance at 0x14b930370500>,13,3,[7 1],20,44,47,24,44
1,<environment.Job instance at 0x14b930370e10>,16,3,[2 9],23,49,52,26,49
1,<environment.Job instance at 0x14b930370a00>,15,15,[6 2],22,52,67,30,52
1,<environment.Job instance at 0x14b9303700f0>,18,2,[11  2],26,67,69,41,58
1,<environment.Job instance at 0x14b930370e60>,17,17,[1 8],25,60,77,35,60
1,<environment.Job instance at 0x14b930370eb0>,20,2,[1 8],29,77,79,48,64
1,<environment.Job instance at 0x14b930370280>,11,28,[14  1],18,75,103,57,75
1,<environment.Job instance at 0x14b933924780>,21,2,[1 5],30,79,81,49,75
1,<environment.Job instance at 0x14b9339248c0>,23,2,[9 1],32,103,105,71,76
1,<environment.Job instance at 0x14b933924370>,25,17,[5 2],34,103,120,69,91
1,<environment.Job instance at 0x14b9339240a0>,37,12,[2 9],49,105,117,56,91
1,<environment.Job instance at 0x14b93306e6e0>,38,15,[2 5],50,117,132,67,103
1,<environment.Job instance at 0x14b93306e640>,42,16,[8 2],55,105,121,50,103
1,<environment.Job instance at 0x14b93306e910>,43,3,[1 5],58,120,123,62,103
1,<environment.Job instance at 0x14b93306ed70>,44,1,[10  1],59,121,122,62,103
1,<environment.Job instance at 0x14b93306ef00>,45,1,[10  2],60,122,123,62,103
1,<environment.Job instance at 0x14b93306e190>,46,16,[7 1],61,123,139,62,110
1,<environment.Job instance at 0x14b93306eeb0>,48,14,[1 8],63,123,137,60,110
1,<environment.Job instance at 0x14b932306230>,51,1,[1 6],66,132,133,66,110
1,<environment.Job instance at 0x14b932306320>,55,15,[6 1],75,133,148,58,119
1,<environment.Job instance at 0x14b930584140>,59,2,[2 5],79,137,139,58,119
1,<environment.Job instance at 0x14b930584f50>,60,3,[9 1],80,139,142,59,119
1,<environment.Job instance at 0x14b930584190>,62,1,[5 1],82,123,124,41,121
1,<environment.Job instance at 0x14b9646cef00>,63,12,[ 1 10],83,142,154,59,127
1,<environment.Job instance at 0x14b93e586d20>,65,1,[6 2],87,142,143,55,130
1,<environment.Job instance at 0x14b930373320>,66,3,[5 2],88,143,146,55,131
1,<environment.Job instance at 0x14b92f1d4690>,4,2,[2 9],5,154,156,149,132
1,<environment.Job instance at 0x14b93e586870>,67,15,[8 1],89,146,161,57,135
1,<environment.Job instance at 0x14b93e5862d0>,69,2,[8 2],92,161,163,69,135
1,<environment.Job instance at 0x14b9324209b0>,70,14,[2 9],97,156,170,59,141
1,<environment.Job instance at 0x14b92f485820>,71,1,[5 2],99,148,149,49,141
1,<environment.Job instance at 0x14b93dccb190>,72,13,[7 2],100,163,176,63,148
1,<environment.Job instance at 0x14b93dbb5d70>,73,1,[7 2],102,170,171,68,149
1,<environment.Job instance at 0x14b93e525050>,74,1,[2 8],103,171,172,68,149
1,<environment.Job instance at 0x14b93e586910>,75,2,[2 9],104,172,174,68,149
1,<environment.Job instance at 0x14b92f45bbe0>,76,3,[2 6],105,174,177,69,149
1,<environment.Job instance at 0x14b933924eb0>,33,2,[12  1],45,176,178,131,149
1,<environment.Job instance at 0x14b933dcfe10>,77,2,[7 1],107,178,180,71,151
1,<environment.Job instance at 0x14b9338c4960>,79,26,[2 5],109,177,203,68,174
1,<environment.Job instance at 0x14b93e5e93c0>,81,17,[1 5],112,174,191,62,174
1,<environment.Job instance at 0x14b92f2d6230>,82,3,[8 1],114,180,183,66,174
1,<environment.Job instance at 0x14b92fbf45a0>,83,1,[1 8],115,191,192,76,174
1,<environment.Job instance at 0x14b93e5e9a00>,84,1,[10  2],119,183,184,64,174
1,<environment.Job instance at 0x14b92fbf4780>,85,2,[2 6],120,192,194,72,174
1,<environment.Job instance at 0x14b92fbf4f50>,86,1,[1 5],121,184,185,63,174
1,<environment.Job instance at 0x14b92fbf43c0>,87,3,[7 2],123,185,188,62,174
1,<environment.Job instance at 0x14b92fbf46e0>,88,1,[2 8],124,194,195,70,174
1,<environment.Job instance at 0x14b92f924190>,80,3,[1 9],111,195,198,84,183
1,<environment.Job instance at 0x14b93e5f9eb0>,89,18,[1 7],126,198,216,72,187
1,<environment.Job instance at 0x14b935751460>,91,2,[ 2 13],129,216,218,87,189
1,<environment.Job instance at 0x14b93e6bcfa0>,92,3,[7 2],131,189,192,58,189
1,<environment.Job instance at 0x14b9357519b0>,90,3,[10  1],128,208,211,80,208
1,<environment.Job instance at 0x14b93e6bc320>,93,28,[2 5],133,218,246,85,217
1,<environment.Job instance at 0x14b93e6bce60>,95,1,[1 9],135,220,221,85,220
1,<environment.Job instance at 0x14b93e6bcd70>,96,3,[6 2],136,221,224,85,221
1,<environment.Job instance at 0x14b930584e60>,58,1,[ 2 13],78,246,247,168,226
1,<environment.Job instance at 0x14b93e6bc5a0>,97,16,[ 1 11],137,247,263,110,234
1,<environment.Job instance at 0x14b9652168c0>,115,25,[9 1],163,234,259,71,234
1,<environment.Job instance at 0x14b965216730>,116,3,[2 7],164,234,237,70,234
1,<environment.Job instance at 0x14b933d69f50>,119,13,[10  1],168,259,272,91,243
1,<environment.Job instance at 0x14b92f5b67d0>,126,1,[2 7],178,243,244,65,243
1,<environment.Job instance at 0x14b935746d70>,128,1,[7 2],181,272,273,91,245
1,<environment.Job instance at 0x14b935746d20>,129,3,[9 1],182,273,276,91,247
1,<environment.Job instance at 0x14b9357463c0>,130,15,[6 1],183,272,287,89,258
1,<environment.Job instance at 0x14b9329e4aa0>,131,1,[2 5],184,263,264,79,259
1,<environment.Job instance at 0x14b9324415a0>,132,2,[1 5],186,263,265,77,261
1,<environment.Job instance at 0x14b9346c7be0>,133,3,[2 8],187,264,267,77,261
1,<environment.Job instance at 0x14b92f5b6280>,127,2,[ 1 14],180,270,272,90,270
1,<environment.Job instance at 0x14b9346c7280>,134,17,[10  1],188,287,304,99,275
1,<environment.Job instance at 0x14b93db334b0>,138,3,[1 9],192,276,279,84,275
1,<environment.Job instance at 0x14b93db331e0>,139,2,[1 7],194,279,281,85,275
1,<environment.Job instance at 0x14b93db33b40>,140,3,[2 9],195,281,284,86,275
1,<environment.Job instance at 0x14b93db338c0>,141,2,[6 1],196,276,278,80,275
1,<environment.Job instance at 0x14b93db33c80>,142,1,[5 1],197,278,279,81,275
1,<environment.Job instance at 0x14b93db33140>,143,16,[2 6],198,284,300,86,275
1,<environment.Job instance at 0x14b9646ce0a0>,64,2,[1 7],84,290,292,206,290
1,<environment.Job instance at 0x14b92f7f2f00>,101,24,[2 9],142,301,325,159,301
1,<environment.Job instance at 0x14b964690690>,6,22,[2 9],13,13,35,0,13
1,<environment.Job instance at 0x14b936fb8690>,15,12,[5 2],29,29,41,0,29
1,<environment.Job instance at 0x14b933a20f00>,16,1,[9 1],30,35,36,5,30
1,<environment.Job instance at 0x14b933a20640>,17,20,[9 1],31,36,56,5,31
1,<environment.Job instance at 0x14b92fbb8a50>,18,3,[5 1],33,41,44,8,34
1,<environment.Job instance at 0x14b931857aa0>,19,2,[13  1],34,56,58,22,34
1,<environment.Job instance at 0x14b931857460>,20,1,[12  2],35,58,59,23,35
1,<environment.Job instance at 0x14b9841fa820>,13,3,[2 9],26,44,47,18,36
1,<environment.Job instance at 0x14b933d2d370>,21,1,[5 1],36,47,48,11,36
1,<environment.Job instance at 0x14b932356c80>,23,2,[6 2],38,48,50,10,38
1,<environment.Job instance at 0x14b931857e10>,24,3,[9 2],39,59,62,20,39
1,<environment.Job instance at 0x14b93e5feb90>,25,2,[1 6],46,50,52,4,46
1,<environment.Job instance at 0x14b92fa059b0>,22,3,[8 1],37,62,65,25,47
1,<environment.Job instance at 0x14b9302d0190>,27,2,[2 8],50,50,52,0,50
1,<environment.Job instance at 0x14b92f75a0f0>,28,1,[7 1],53,62,63,9,53
1,<environment.Job instance at 0x14b92f75a910>,29,2,[2 6],54,54,56,0,54
1,<environment.Job instance at 0x14b93db1da00>,30,3,[6 2],56,59,62,3,56
1,<environment.Job instance at 0x14b9327a80a0>,26,18,[8 1],48,65,83,17,56
1,<environment.Job instance at 0x14b92fc095a0>,32,2,[5 1],58,63,65,5,58
1,<environment.Job instance at 0x14b93db1d0a0>,31,12,[2 9],57,63,75,6,58
1,<environment.Job instance at 0x14b935735a00>,34,1,[7 2],60,75,76,15,60
1,<environment.Job instance at 0x14b935735780>,35,17,[6 2],62,76,93,14,64
1,<environment.Job instance at 0x14b93e522870>,36,3,[9 2],64,83,86,19,64
1,<environment.Job instance at 0x14b93e522cd0>,37,2,[2 5],65,65,67,0,65
1,<environment.Job instance at 0x14b93e522aa0>,38,1,[1 9],66,76,77,10,66
1,<environment.Job instance at 0x14b932409960>,39,3,[1 7],67,77,80,10,67
1,<environment.Job instance at 0x14b9323011e0>,40,1,[1 8],68,80,81,12,68
1,<environment.Job instance at 0x14b92fc09eb0>,33,3,[9 1],59,86,89,27,77
1,<environment.Job instance at 0x14b93239a2d0>,41,20,[7 2],69,89,109,20,80
1,<environment.Job instance at 0x14b931832050>,43,2,[2 6],71,89,91,18,80
1,<environment.Job instance at 0x14b931832500>,44,3,[ 2 10],72,91,94,19,80
1,<environment.Job instance at 0x14b93e522c30>,42,1,[1 9],70,81,82,11,80
1,<environment.Job instance at 0x14b932a448c0>,45,13,[2 8],73,94,107,21,80
1,<environment.Job instance at 0x14b932a44460>,47,3,[1 6],77,107,110,30,81
1,<environment.Job instance at 0x14b932a44a00>,48,2,[1 6],78,107,109,29,81
1,<environment.Job instance at 0x14b932a44cd0>,49,1,[2 5],79,94,95,15,81
1,<environment.Job instance at 0x14b932a44640>,50,14,[ 2 10],80,110,124,30,95
1,<environment.Job instance at 0x14b93026a730>,52,12,[ 1 14],82,124,136,42,107
1,<environment.Job instance at 0x14b932a443c0>,51,1,[ 1 13],81,136,137,55,111
1,<environment.Job instance at 0x14b93026aaf0>,55,1,[11  1],93,115,116,22,115
1,<environment.Job instance at 0x14b93026ac80>,56,2,[5 1],94,119,121,25,119
1,<environment.Job instance at 0x14b93026aa50>,57,2,[1 6],95,137,139,42,120
1,<environment.Job instance at 0x14b93026a960>,54,12,[2 9],84,137,149,53,120
1,<environment.Job instance at 0x14b93026a230>,59,1,[6 1],97,120,121,23,120
1,<environment.Job instance at 0x14b9322fd190>,61,1,[6 1],100,121,122,21,120
1,<environment.Job instance at 0x14b933a20a50>,11,1,[ 1 12],24,149,150,125,125
1,<environment.Job instance at 0x14b9322fd780>,60,18,[10  2],99,139,157,40,128
1,<environment.Job instance at 0x14b9322fd730>,65,3,[5 1],104,128,131,24,128
1,<environment.Job instance at 0x14b9322fdc80>,66,3,[1 7],105,150,153,45,128
1,<environment.Job instance at 0x14b9322fda00>,67,3,[10  2],107,157,160,50,132
1,<environment.Job instance at 0x14b9322fdeb0>,74,12,[7 2],119,160,172,41,143
1,<environment.Job instance at 0x14b93e69f050>,78,16,[1 7],123,153,169,30,143
1,<environment.Job instance at 0x14b93e69fa50>,79,17,[5 2],125,160,177,35,148
1,<environment.Job instance at 0x14b930284c80>,84,13,[1 9],131,169,182,38,153
1,<environment.Job instance at 0x14b9302847d0>,87,1,[1 5],135,153,154,18,153
1,<environment.Job instance at 0x14b930284af0>,88,2,[1 9],136,182,184,46,155
1,<environment.Job instance at 0x14b930284050>,89,2,[1 7],139,184,186,45,157
1,<environment.Job instance at 0x14b930284870>,90,3,[1 8],140,184,187,44,158
1,<environment.Job instance at 0x14b930284cd0>,91,19,[5 2],141,186,205,45,176
1,<environment.Job instance at 0x14b9322ed730>,98,1,[10  1],148,177,178,29,176
1,<environment.Job instance at 0x14b93e695b90>,99,2,[8 2],150,178,180,28,176
1,<environment.Job instance at 0x14b93e695870>,100,1,[1 6],151,180,181,29,176
1,<environment.Job instance at 0x14b93e695690>,101,3,[6 1],152,181,184,29,176
1,<environment.Job instance at 0x14b9322fdfa0>,62,1,[2 9],101,187,188,86,176
1,<environment.Job instance at 0x14b93e695cd0>,102,16,[1 5],153,188,204,35,176
1,<environment.Job instance at 0x14b93e695500>,104,3,[2 8],156,188,191,32,176
1,<environment.Job instance at 0x14b93e695a50>,105,17,[12  1],157,205,222,48,193
1,<environment.Job instance at 0x14b93183e730>,107,2,[2 5],160,193,195,33,193
1,<environment.Job instance at 0x14b93183eb40>,108,3,[1 9],161,204,207,43,193
1,<environment.Job instance at 0x14b93e695c80>,103,3,[2 5],154,205,208,51,203
1,<environment.Job instance at 0x14b93183e0a0>,110,12,[6 1],163,222,234,59,206
1,<environment.Job instance at 0x14b9322ed500>,97,15,[8 2],147,222,237,75,208
1,<environment.Job instance at 0x14b93183e5a0>,112,3,[2 8],165,234,237,69,220
1,<environment.Job instance at 0x14b93183ec30>,109,15,[9 1],162,237,252,75,223
1,<environment.Job instance at 0x14b93183e5f0>,114,2,[1 6],167,223,225,56,223
1,<environment.Job instance at 0x14b93183e690>,115,14,[ 2 10],168,237,251,69,223
1,<environment.Job instance at 0x14b93183e6e0>,116,1,[2 7],170,251,252,81,223
1,<environment.Job instance at 0x14b93183e780>,117,3,[8 2],171,252,255,81,226
1,<environment.Job instance at 0x14b93183e230>,118,3,[ 2 10],172,252,255,80,226
1,<environment.Job instance at 0x14b93183e7d0>,119,2,[9 1],174,255,257,81,228
1,<environment.Job instance at 0x14b92fa05640>,122,2,[2 8],180,255,257,75,228
1,<environment.Job instance at 0x14b964f52d20>,123,17,[1 8],182,257,274,75,245
1,<environment.Job instance at 0x14b964f52870>,125,3,[1 8],185,274,277,89,248
1,<environment.Job instance at 0x14b93db1d730>,128,3,[10  1],188,257,260,69,248
1,<environment.Job instance at 0x14b92fc095f0>,131,2,[8 2],191,260,262,69,248
1,<environment.Job instance at 0x14b933a1a1e0>,132,2,[8 1],192,262,264,70,248
1,<environment.Job instance at 0x14b935735280>,133,16,[7 2],194,264,280,70,251
1,<environment.Job instance at 0x14b9323c7280>,135,3,[ 2 10],197,277,280,80,251
1,<environment.Job instance at 0x14b93239ac80>,136,12,[ 2 11],198,280,292,82,263
1,<environment.Job instance at 0x14b93e695730>,106,3,[1 8],158,292,295,134,288
1,<environment.Job instance at 0x14b9302d0a50>,126,12,[1 7],186,292,304,106,291
1,<environment.Job instance at 0x14b93e616460>,0,16,[5 1],1,1,17,0,1
1,<environment.Job instance at 0x14b933cf66e0>,20,2,[6 2],26,94,96,68,94
1,<environment.Job instance at 0x14b93e560b40>,21,16,[2 8],28,119,135,91,119
1,<environment.Job instance at 0x14b92f2f3f00>,22,2,[9 1],29,121,123,92,121
1,<environment.Job instance at 0x14b9339b4550>,17,17,[11  2],22,304,321,282,304
1,<environment.Job instance at 0x14b93e5212d0>,23,18,[2 5],30,304,322,274,304
1,<environment.Job instance at 0x14b93dba6690>,27,3,[6 2],36,321,324,285,304
1,<environment.Job instance at 0x14b92f8db640>,28,18,[ 1 14],37,324,342,287,313
1,<environment.Job instance at 0x14b93e6330f0>,34,3,[7 1],43,321,324,278,313
1,<environment.Job instance at 0x14b93e633960>,35,1,[8 2],44,342,343,298,314
1,<environment.Job instance at 0x14b93e6331e0>,37,15,[1 8],47,342,357,295,328
1,<environment.Job instance at 0x14b93036a370>,42,2,[10  1],54,328,330,274,328
1,<environment.Job instance at 0x14b92f9da780>,43,1,[ 1 10],57,357,358,300,329
1,<environment.Job instance at 0x14b93036af50>,45,1,[8 1],59,330,331,271,330
1,<environment.Job instance at 0x14b93e522b90>,47,12,[1 7],64,343,355,279,330
1,<environment.Job instance at 0x14b93e522050>,48,3,[2 7],65,358,361,293,334
1,<environment.Job instance at 0x14b93e522e60>,49,3,[10  2],68,355,358,287,334
1,<environment.Job instance at 0x14b93e5221e0>,50,17,[5 2],70,358,375,288,347
1,<environment.Job instance at 0x14b92f9d86e0>,54,1,[8 1],76,358,359,282,348
1,<environment.Job instance at 0x14b92f9d8aa0>,55,3,[9 1],77,361,364,284,351
1,<environment.Job instance at 0x14b92f9d8fa0>,56,2,[9 1],79,364,366,285,354
1,<environment.Job instance at 0x14b92f637f00>,57,17,[2 6],80,366,383,286,355
1,<environment.Job instance at 0x14b92f6374b0>,58,3,[1 7],83,361,364,278,355
1,<environment.Job instance at 0x14b92f637140>,59,1,[8 2],84,359,360,275,357
1,<environment.Job instance at 0x14b92f637f50>,60,2,[10  1],85,375,377,290,358
1,<environment.Job instance at 0x14b92f944c80>,62,16,[10  2],87,377,393,290,364
1,<environment.Job instance at 0x14b92f944410>,63,2,[2 5],88,366,368,278,364
1,<environment.Job instance at 0x14b92f944730>,64,1,[1 7],89,365,366,276,365
1,<environment.Job instance at 0x14b92f944b40>,65,1,[2 9],90,383,384,293,365
1,<environment.Job instance at 0x14b92f9446e0>,66,3,[2 9],92,384,387,292,365
1,<environment.Job instance at 0x14b92f944140>,67,1,[9 2],93,393,394,300,365
1,<environment.Job instance at 0x14b92f944f50>,68,1,[7 2],95,368,369,273,365
1,<environment.Job instance at 0x14b965216a00>,69,16,[5 2],96,387,403,291,374
1,<environment.Job instance at 0x14b96467a410>,70,3,[10  2],98,394,397,296,375
1,<environment.Job instance at 0x14b96467ab90>,71,1,[10  2],99,397,398,298,375
1,<environment.Job instance at 0x14b96467a370>,72,2,[7 1],100,398,400,298,376
1,<environment.Job instance at 0x14b9324d2f50>,73,2,[10  1],101,400,402,299,376
1,<environment.Job instance at 0x14b9324d2dc0>,74,1,[1 7],102,376,377,274,376
1,<environment.Job instance at 0x14b9324d2140>,75,1,[9 1],104,402,403,298,376
1,<environment.Job instance at 0x14b92fa9ae60>,76,13,[ 2 11],105,403,416,298,389
1,<environment.Job instance at 0x14b9324d2410>,77,3,[9 2],106,403,406,297,389
1,<environment.Job instance at 0x14b92fa9a190>,78,3,[10  2],108,406,409,298,389
1,<environment.Job instance at 0x14b92fa9a640>,79,3,[ 1 10],109,416,419,307,392
1,<environment.Job instance at 0x14b92fa9adc0>,80,2,[5 1],110,409,411,299,392
1,<environment.Job instance at 0x14b92fa9a910>,82,2,[2 8],113,398,400,285,393
1,<environment.Job instance at 0x14b92fa9a8c0>,83,2,[8 1],114,409,411,295,393
1,<environment.Job instance at 0x14b92fa9ab40>,84,3,[2 8],117,419,422,302,400
1,<environment.Job instance at 0x14b932801910>,85,3,[9 1],118,411,414,293,402
1,<environment.Job instance at 0x14b92f4405f0>,86,3,[2 9],120,422,425,302,402
1,<environment.Job instance at 0x14b92f440cd0>,87,2,[10  2],121,414,416,293,403
1,<environment.Job instance at 0x14b930370500>,88,2,[ 1 10],122,425,427,303,403
1,<environment.Job instance at 0x14b9303700f0>,89,3,[ 1 10],124,427,430,303,403
1,<environment.Job instance at 0x14b9303704b0>,90,1,[9 2],125,416,417,291,403
1,<environment.Job instance at 0x14b930370870>,91,1,[7 2],126,417,418,291,403
1,<environment.Job instance at 0x14b930370cd0>,92,2,[5 2],127,416,418,289,404
1,<environment.Job instance at 0x14b9303701e0>,93,3,[14  2],128,425,428,297,404
1,<environment.Job instance at 0x14b93db110a0>,94,2,[1 7],131,419,421,288,404
1,<environment.Job instance at 0x14b92fa9aa00>,81,3,[ 2 10],112,430,433,318,404
1,<environment.Job instance at 0x14b930370230>,95,2,[2 6],132,421,423,289,404
1,<environment.Job instance at 0x14b93dabf410>,96,3,[6 1],134,428,431,294,404
1,<environment.Job instance at 0x14b92f3fffa0>,98,2,[5 1],137,423,425,286,416
1,<environment.Job instance at 0x14b9303702d0>,99,3,[6 1],138,428,431,290,416
1,<environment.Job instance at 0x14b930370730>,97,16,[ 2 10],135,433,449,298,420
1,<environment.Job instance at 0x14b9329257d0>,101,15,[7 1],140,431,446,291,420
1,<environment.Job instance at 0x14b933d3afa0>,102,3,[ 2 10],141,449,452,308,424
1,<environment.Job instance at 0x14b93e5e2be0>,100,1,[10  1],139,446,447,307,426
1,<environment.Job instance at 0x14b9327cc1e0>,105,3,[2 9],145,452,455,307,426
1,<environment.Job instance at 0x14b92fb97820>,107,3,[1 7],147,455,458,308,429
1,<environment.Job instance at 0x14b92f91e9b0>,108,2,[2 6],148,452,454,304,429
1,<environment.Job instance at 0x14b92fb89aa0>,109,2,[5 2],149,431,433,282,429
1,<environment.Job instance at 0x14b933ea2460>,110,12,[ 1 10],150,458,470,308,441
1,<environment.Job instance at 0x14b92fbef780>,111,2,[1 5],151,447,449,296,441
1,<environment.Job instance at 0x14b92f3b8f00>,112,12,[5 1],152,454,466,302,441
1,<environment.Job instance at 0x14b92fb6ea00>,113,1,[10  1],153,449,450,296,441
1,<environment.Job instance at 0x14b9305ba7d0>,114,3,[1 7],155,455,458,300,441
1,<environment.Job instance at 0x14b964638d70>,115,1,[10  2],157,450,451,293,441
1,<environment.Job instance at 0x14b93dbbc190>,116,1,[6 1],159,441,442,282,441
1,<environment.Job instance at 0x14b92fabea00>,117,13,[1 6],160,470,483,310,454
1,<environment.Job instance at 0x14b92fabab40>,118,2,[1 8],161,470,472,309,457
1,<environment.Job instance at 0x14b92faba5f0>,119,17,[6 1],162,458,475,296,457
1,<environment.Job instance at 0x14b92faba8c0>,120,1,[8 1],163,466,467,303,457
1,<environment.Job instance at 0x14b93dc68460>,121,3,[1 6],164,472,475,308,458
1,<environment.Job instance at 0x14b93e59a460>,122,2,[1 9],167,475,477,308,458
1,<environment.Job instance at 0x14b93dc68cd0>,123,17,[2 7],168,477,494,309,465
1,<environment.Job instance at 0x14b93dc68e10>,124,12,[5 1],169,477,489,308,465
1,<environment.Job instance at 0x14b93dbedcd0>,125,16,[1 7],171,483,499,312,470
1,<environment.Job instance at 0x14b93dbed780>,126,3,[2 6],172,494,497,322,470
1,<environment.Job instance at 0x14b93dbede10>,127,17,[6 1],175,489,506,314,477
1,<environment.Job instance at 0x14b92f3bbf00>,128,3,[2 8],176,499,502,323,477
1,<environment.Job instance at 0x14b92f3bb690>,129,2,[9 1],178,502,504,324,477
1,<environment.Job instance at 0x14b935727050>,130,12,[5 2],179,504,516,325,487
1,<environment.Job instance at 0x14b92f8fb410>,131,1,[1 9],180,504,505,324,487
1,<environment.Job instance at 0x14b92f8fb6e0>,132,1,[1 5],181,497,498,316,487
1,<environment.Job instance at 0x14b92fb97280>,106,3,[2 5],146,498,501,352,497
1,<environment.Job instance at 0x14b92f8fb7d0>,133,26,[2 7],182,505,531,323,502
1,<environment.Job instance at 0x14b93288a820>,136,15,[8 1],186,506,521,320,502
1,<environment.Job instance at 0x14b93288a8c0>,137,1,[2 7],187,516,517,329,502
1,<environment.Job instance at 0x14b93288aa00>,138,1,[7 2],188,521,522,333,502
1,<environment.Job instance at 0x14b93288ac30>,135,3,[2 9],184,531,534,347,517
1,<environment.Job instance at 0x14b93e650960>,141,2,[2 5],191,520,522,329,520
1,<environment.Job instance at 0x14b93288afa0>,139,25,[1 7],189,534,559,345,530
1,<environment.Job instance at 0x14b93e650be0>,143,1,[7 2],195,530,531,335,530
1,<environment.Job instance at 0x14b92f6cd5f0>,144,2,[1 6],199,530,532,331,530
1,<environment.Job instance at 0x14b9328e25f0>,142,15,[7 2],192,558,573,366,558
1,<environment.Job instance at 0x14b92f9d8140>,53,19,[ 2 14],75,576,595,501,576
1,<environment.Job instance at 0x14b9338aa230>,4,17,[7 2],6,8,25,2,8
1,<environment.Job instance at 0x14b93397ad20>,5,13,[2 5],7,8,21,1,8
1,<environment.Job instance at 0x14b92fa80f00>,6,2,[6 1],9,9,11,0,9
1,<environment.Job instance at 0x14b93397a7d0>,7,16,[6 1],10,11,27,1,10
1,<environment.Job instance at 0x14b9338aa780>,8,1,[ 1 10],12,21,22,9,12
1,<environment.Job instance at 0x14b93397a140>,9,3,[9 1],14,25,28,11,14
1,<environment.Job instance at 0x14b93397a280>,10,1,[8 2],16,28,29,12,16
1,<environment.Job instance at 0x14b93397a3c0>,11,3,[1 5],17,22,25,5,17
1,<environment.Job instance at 0x14b93397a230>,12,1,[10  1],19,29,30,10,19
1,<environment.Job instance at 0x14b93397aa50>,13,3,[8 1],20,30,33,10,20
1,<environment.Job instance at 0x14b93397a1e0>,14,2,[8 1],21,33,35,12,21
1,<environment.Job instance at 0x14b93397ac80>,15,1,[5 2],22,27,28,5,22
1,<environment.Job instance at 0x14b93397a8c0>,16,3,[1 7],23,27,30,4,23
1,<environment.Job instance at 0x14b93397aaa0>,17,2,[5 1],24,30,32,6,24
1,<environment.Job instance at 0x14b92f8c4870>,18,17,[1 5],26,28,45,2,26
1,<environment.Job instance at 0x14b92f615fa0>,19,2,[5 2],27,32,34,5,27
1,<environment.Job instance at 0x14b92f8f4410>,20,1,[1 5],28,30,31,2,30
1,<environment.Job instance at 0x14b92f8f4960>,21,1,[8 2],29,35,36,6,30
1,<environment.Job instance at 0x14b92f8f4c80>,22,2,[7 1],30,36,38,6,30
1,<environment.Job instance at 0x14b92f8f4460>,23,1,[10  1],31,38,39,7,31
1,<environment.Job instance at 0x14b933d74cd0>,24,2,[ 1 10],32,39,41,7,32
1,<environment.Job instance at 0x14b933d74fa0>,25,2,[1 8],33,34,36,1,33
1,<environment.Job instance at 0x14b933d74230>,26,3,[2 5],34,36,39,2,34
1,<environment.Job instance at 0x14b933d749b0>,27,18,[10  1],35,41,59,6,35
1,<environment.Job instance at 0x14b933d745a0>,28,2,[7 1],36,59,61,23,36
1,<environment.Job instance at 0x14b933d74910>,29,15,[2 7],37,41,56,4,37
1,<environment.Job instance at 0x14b933d74820>,30,1,[2 5],38,45,46,7,38
1,<environment.Job instance at 0x14b92f62ec80>,32,2,[1 9],42,56,58,14,42
1,<environment.Job instance at 0x14b92f62ef50>,33,2,[2 5],43,46,48,3,44
1,<environment.Job instance at 0x14b932a3f8c0>,34,3,[1 5],46,48,51,2,46
1,<environment.Job instance at 0x14b933aa3190>,35,1,[8 1],47,59,60,12,48
1,<environment.Job instance at 0x14b933aa3320>,36,2,[8 2],48,60,62,12,48
1,<environment.Job instance at 0x14b9328db730>,37,14,[9 2],49,62,76,13,49
1,<environment.Job instance at 0x14b92f2bbe10>,38,2,[5 2],50,61,63,11,50
1,<environment.Job instance at 0x14b92f2bb8c0>,39,3,[1 5],51,51,54,0,51
1,<environment.Job instance at 0x14b9338c7d20>,40,1,[1 5],53,54,55,1,53
1,<environment.Job instance at 0x14b9329a8550>,41,16,[8 1],54,76,92,22,63
1,<environment.Job instance at 0x14b9329a8050>,42,14,[2 8],55,63,77,8,63
1,<environment.Job instance at 0x14b92f4f9140>,43,15,[8 2],56,92,107,36,78
1,<environment.Job instance at 0x14b92f036640>,44,3,[1 7],58,78,81,20,78
1,<environment.Job instance at 0x14b92f036be0>,45,3,[7 1],59,81,84,22,78
1,<environment.Job instance at 0x14b932374820>,46,2,[2 7],60,78,80,18,78
1,<environment.Job instance at 0x14b92f89c8c0>,47,14,[ 2 10],61,84,98,23,78
1,<environment.Job instance at 0x14b96461faf0>,48,1,[1 9],62,98,99,36,78
1,<environment.Job instance at 0x14b92f823cd0>,49,18,[5 2],63,84,102,21,78
1,<environment.Job instance at 0x14b92f0365f0>,50,2,[1 8],65,99,101,34,78
1,<environment.Job instance at 0x14b92f823190>,51,16,[1 6],66,101,117,35,89
1,<environment.Job instance at 0x14b9305ba230>,52,3,[2 6],68,102,105,34,89
1,<environment.Job instance at 0x14b92f9b4370>,53,14,[10  1],69,107,121,38,92
1,<environment.Job instance at 0x14b92f9b4640>,54,3,[ 1 14],70,117,120,47,93
1,<environment.Job instance at 0x14b92f9b4550>,55,3,[5 1],71,120,123,49,94
1,<environment.Job instance at 0x14b92f9b4f00>,56,2,[8 1],73,121,123,48,94
1,<environment.Job instance at 0x14b92f9b4aa0>,57,3,[9 1],74,123,126,49,97
1,<environment.Job instance at 0x14b933a80820>,58,3,[8 2],75,126,129,51,100
1,<environment.Job instance at 0x14b9324e6370>,59,12,[7 2],77,126,138,49,109
1,<environment.Job instance at 0x14b92f515d20>,60,2,[2 7],79,109,111,30,109
1,<environment.Job instance at 0x14b92f5155f0>,61,17,[6 2],81,129,146,48,117
1,<environment.Job instance at 0x14b92f5158c0>,62,13,[ 2 10],82,129,142,47,117
1,<environment.Job instance at 0x14b92f5159b0>,63,2,[1 9],83,121,123,38,118
1,<environment.Job instance at 0x14b92f0cc500>,64,23,[1 5],84,142,165,58,136
1,<environment.Job instance at 0x14b92f0cc0a0>,65,1,[8 1],85,142,143,57,136
1,<environment.Job instance at 0x14b9324e1af0>,66,18,[10  1],86,146,164,60,136
1,<environment.Job instance at 0x14b9324e1aa0>,67,1,[8 2],87,143,144,56,136
1,<environment.Job instance at 0x14b92f0cc820>,68,2,[7 1],88,138,140,50,136
1,<environment.Job instance at 0x14b92f463320>,69,1,[5 1],89,140,141,51,139
1,<environment.Job instance at 0x14b930df2280>,70,2,[2 8],90,144,146,54,139
1,<environment.Job instance at 0x14b930df24b0>,71,3,[7 1],91,164,167,73,139
1,<environment.Job instance at 0x14b930df2be0>,72,3,[8 2],92,165,168,73,139
1,<environment.Job instance at 0x14b930df2320>,73,2,[10  1],94,168,170,74,141
1,<environment.Job instance at 0x14b930df2140>,74,22,[5 1],96,167,189,71,160
1,<environment.Job instance at 0x14b92fac0d70>,75,14,[9 2],99,170,184,71,160
1,<environment.Job instance at 0x14b92fac0f50>,76,16,[8 2],101,184,200,83,172
1,<environment.Job instance at 0x14b92fac0eb0>,77,3,[1 5],102,172,175,70,172
1,<environment.Job instance at 0x14b92fac0aa0>,78,2,[5 2],103,189,191,86,172
1,<environment.Job instance at 0x14b92fac0e10>,79,13,[8 1],105,200,213,95,184
1,<environment.Job instance at 0x14b92fac0c30>,80,1,[7 2],106,191,192,85,184
1,<environment.Job instance at 0x14b964653370>,81,2,[2 8],107,184,186,77,184
1,<environment.Job instance at 0x14b92fac0050>,82,12,[9 1],108,213,225,105,196
1,<environment.Job instance at 0x14b92fac05f0>,84,1,[ 2 10],111,196,197,85,196
1,<environment.Job instance at 0x14b92f0ce320>,85,2,[6 2],112,197,199,85,196
1,<environment.Job instance at 0x14b930e08640>,86,1,[1 5],114,197,198,83,196
1,<environment.Job instance at 0x14b930e08190>,87,2,[5 2],115,199,201,84,196
1,<environment.Job instance at 0x14b930e088c0>,88,2,[8 1],116,225,227,109,198
1,<environment.Job instance at 0x14b92f0deeb0>,89,2,[8 1],117,227,229,110,200
1,<environment.Job instance at 0x14b930e087d0>,90,17,[ 2 10],118,200,217,82,200
1,<environment.Job instance at 0x14b930e08fa0>,91,3,[10  2],119,229,232,110,203
1,<environment.Job instance at 0x14b92f9dc9b0>,92,18,[2 5],120,217,235,97,206
1,<environment.Job instance at 0x14b92f8d35a0>,93,3,[2 7],121,217,220,96,206
1,<environment.Job instance at 0x14b92f9dc6e0>,94,18,[ 2 11],122,235,253,113,224
1,<environment.Job instance at 0x14b92f9dc3c0>,95,2,[1 6],123,224,226,101,224
1,<environment.Job instance at 0x14b964fa2a00>,96,16,[1 9],124,253,269,129,240
1,<environment.Job instance at 0x14b92fa33dc0>,97,2,[ 1 13],125,269,271,144,243
1,<environment.Job instance at 0x14b92f7c4050>,98,13,[8 1],126,243,256,117,243
1,<environment.Job instance at 0x14b9302d5d70>,99,1,[6 1],127,253,254,126,243
1,<environment.Job instance at 0x14b92f5013c0>,100,2,[ 1 10],128,271,273,143,248
1,<environment.Job instance at 0x14b9302b64b0>,101,1,[5 1],129,248,249,119,248
1,<environment.Job instance at 0x14b92f5010a0>,102,3,[5 2],130,249,252,119,249
1,<environment.Job instance at 0x14b92fbf21e0>,103,17,[6 2],134,254,271,120,249
1,<environment.Job instance at 0x14b9324c9aa0>,104,3,[5 2],135,256,259,121,249
1,<environment.Job instance at 0x14b9324c9320>,105,15,[10  2],136,271,286,135,257
1,<environment.Job instance at 0x14b932837a50>,106,2,[8 2],137,259,261,122,257
1,<environment.Job instance at 0x14b9328371e0>,107,2,[11  1],138,286,288,148,259
1,<environment.Job instance at 0x14b92f628d20>,108,1,[8 2],139,261,262,122,259
1,<environment.Job instance at 0x14b92f628640>,109,12,[1 8],140,273,285,133,259
1,<environment.Job instance at 0x14b92f8a1320>,110,28,[ 2 10],141,285,313,144,284
1,<environment.Job instance at 0x14b933a58230>,111,3,[9 1],144,288,291,144,284
1,<environment.Job instance at 0x14b92f4f1280>,112,14,[2 5],146,291,305,145,284
1,<environment.Job instance at 0x14b933d7ef50>,113,2,[1 8],147,313,315,166,286
1,<environment.Job instance at 0x14b92f2408c0>,114,1,[5 1],148,305,306,157,286
1,<environment.Job instance at 0x14b933d7ee10>,115,14,[1 7],149,313,327,164,298
1,<environment.Job instance at 0x14b933d7eeb0>,116,2,[8 1],151,305,307,154,298
1,<environment.Job instance at 0x14b9328cb690>,117,2,[6 2],153,307,309,154,298
1,<environment.Job instance at 0x14b964ef8dc0>,118,2,[1 5],154,309,311,155,298
1,<environment.Job instance at 0x14b964ef8a50>,119,2,[9 2],155,311,313,156,298
1,<environment.Job instance at 0x14b964ef8140>,120,1,[9 1],158,315,316,157,298
1,<environment.Job instance at 0x14b93284eb40>,121,2,[9 1],159,316,318,157,298
1,<environment.Job instance at 0x14b93284ea00>,122,2,[6 2],160,307,309,147,298
1,<environment.Job instance at 0x14b93284e910>,123,2,[2 9],162,327,329,165,300
1,<environment.Job instance at 0x14b93db3c2d0>,124,17,[2 9],163,329,346,166,317
1,<environment.Job instance at 0x14b933d37320>,125,3,[7 1],164,318,321,154,317
1,<environment.Job instance at 0x14b93284ec30>,126,2,[ 1 10],165,346,348,181,319
1,<environment.Job instance at 0x14b93284e2d0>,127,2,[ 1 11],167,348,350,181,324
1,<environment.Job instance at 0x14b933a6a960>,128,2,[1 8],168,350,352,182,326
1,<environment.Job instance at 0x14b93284e5f0>,129,16,[ 1 12],169,352,368,183,339
1,<environment.Job instance at 0x14b933a6a9b0>,130,1,[1 5],170,339,340,169,339
1,<environment.Job instance at 0x14b9357417d0>,131,3,[2 8],171,368,371,197,342
1,<environment.Job instance at 0x14b93298e320>,132,12,[7 2],172,342,354,170,342
1,<environment.Job instance at 0x14b935746820>,133,1,[2 5],174,350,351,176,342
1,<environment.Job instance at 0x14b935746e60>,134,17,[ 1 10],176,371,388,195,359
1,<environment.Job instance at 0x14b93e740960>,135,3,[1 6],179,368,371,189,360
1,<environment.Job instance at 0x14b93e7409b0>,136,3,[2 6],180,388,391,208,363
1,<environment.Job instance at 0x14b93e7404b0>,137,3,[2 5],181,371,374,190,366
1,<environment.Job instance at 0x14b93e7405f0>,138,16,[7 2],182,374,390,192,366
1,<environment.Job instance at 0x14b93397a370>,139,12,[9 1],183,390,402,207,373
1,<environment.Job instance at 0x14b9302cb7d0>,140,3,[7 2],185,374,377,189,373
1,<environment.Job instance at 0x14b9302cbe10>,141,3,[1 6],187,388,391,201,373
1,<environment.Job instance at 0x14b9302cbaa0>,142,2,[1 6],189,391,393,202,373
1,<environment.Job instance at 0x14b9302cbcd0>,143,2,[8 1],193,402,404,209,375
1,<environment.Job instance at 0x14b9302cb960>,144,3,[9 2],194,404,407,210,378
1,<environment.Job instance at 0x14b9302cbf50>,145,1,[2 8],196,391,392,195,378
1,<environment.Job instance at 0x14b9302cb780>,146,2,[10  1],197,407,409,210,380
1,<environment.Job instance at 0x14b9302cb370>,147,13,[1 8],198,392,405,194,380
1,<environment.Job instance at 0x14b933aa5500>,0,1,[14  1],1,656,657,655,656
1,<environment.Job instance at 0x14b92f62e190>,31,3,[ 1 11],41,690,693,649,690
1,<environment.Job instance at 0x14b92f62eaf0>,9,1,[5 2],17,17,18,0,17
1,<environment.Job instance at 0x14b92f2dd550>,12,14,[10  1],21,23,37,2,23
1,<environment.Job instance at 0x14b92f62e7d0>,7,14,[9 2],13,37,51,24,26
1,<environment.Job instance at 0x14b92f2dd730>,13,18,[1 7],22,26,44,4,26
1,<environment.Job instance at 0x14b92f2dd780>,15,2,[1 5],24,26,28,2,26
1,<environment.Job instance at 0x14b92f2ddaa0>,16,1,[2 5],25,28,29,3,26
1,<environment.Job instance at 0x14b92f2dd640>,17,12,[5 1],28,37,49,9,29
1,<environment.Job instance at 0x14b92f2dd280>,18,1,[10  1],30,51,52,21,30
1,<environment.Job instance at 0x14b93e761f50>,19,1,[7 1],31,52,53,21,32
1,<environment.Job instance at 0x14b933909f00>,20,2,[10  1],32,53,55,21,32
1,<environment.Job instance at 0x14b93282eb90>,21,1,[6 2],33,49,50,16,33
1,<environment.Job instance at 0x14b96467a280>,22,3,[6 2],34,55,58,21,34
1,<environment.Job instance at 0x14b9339f9870>,23,3,[2 5],38,50,53,12,38
1,<environment.Job instance at 0x14b93239abe0>,30,3,[6 1],49,55,58,6,49
1,<environment.Job instance at 0x14b93e5ef280>,32,15,[2 7],51,53,68,2,53
1,<environment.Job instance at 0x14b93e5ef0a0>,33,2,[9 1],52,58,60,6,54
1,<environment.Job instance at 0x14b93e5ef190>,34,2,[14  2],54,68,70,14,54
1,<environment.Job instance at 0x14b93da7b3c0>,35,3,[ 1 10],55,68,71,13,55
1,<environment.Job instance at 0x14b93daea7d0>,36,1,[14  2],56,70,71,14,58
1,<environment.Job instance at 0x14b92f0440a0>,38,13,[6 1],58,71,84,13,58
1,<environment.Job instance at 0x14b9324cc370>,43,17,[9 1],64,71,88,7,69
1,<environment.Job instance at 0x14b92f1e73c0>,45,14,[2 8],68,84,98,16,69
1,<environment.Job instance at 0x14b92f1e7b90>,49,2,[10  1],75,88,90,13,76
1,<environment.Job instance at 0x14b93240d640>,50,18,[8 1],77,90,108,13,79
1,<environment.Job instance at 0x14b92f6cd230>,55,2,[1 9],84,98,100,14,84
1,<environment.Job instance at 0x14b92f0e0320>,57,2,[7 1],88,100,102,12,88
1,<environment.Job instance at 0x14b92fa711e0>,60,3,[1 9],94,102,105,8,94
1,<environment.Job instance at 0x14b92fa71410>,61,17,[ 1 10],95,105,122,10,95
1,<environment.Job instance at 0x14b93e53f050>,67,1,[8 2],105,108,109,3,105
1,<environment.Job instance at 0x14b92f0f08c0>,68,2,[10  2],106,109,111,3,106
1,<environment.Job instance at 0x14b92f8dbd70>,69,2,[14  1],107,111,113,4,107
1,<environment.Job instance at 0x14b92f7c9d70>,66,1,[1 8],103,122,123,19,108
1,<environment.Job instance at 0x14b92f8dbc30>,71,1,[5 2],111,113,114,2,111
1,<environment.Job instance at 0x14b92f7c9eb0>,65,1,[1 6],102,122,123,20,112
1,<environment.Job instance at 0x14b92f18f820>,72,18,[10  2],112,123,141,11,112
1,<environment.Job instance at 0x14b932835460>,76,12,[5 2],117,123,135,6,117
1,<environment.Job instance at 0x14b9328358c0>,78,1,[10  2],119,119,120,0,119
1,<environment.Job instance at 0x14b932803f50>,82,1,[7 2],126,141,142,15,126
1,<environment.Job instance at 0x14b9339c8c30>,83,15,[7 1],127,141,156,14,135
1,<environment.Job instance at 0x14b932975f00>,85,3,[1 9],134,136,139,2,136
1,<environment.Job instance at 0x14b92f9f9910>,90,2,[8 1],146,146,148,0,146
1,<environment.Job instance at 0x14b93e775730>,95,3,[1 6],152,153,156,1,153
1,<environment.Job instance at 0x14b93e775c30>,96,1,[8 1],153,156,157,3,153
1,<environment.Job instance at 0x14b9323f3730>,112,16,[5 2],185,185,201,0,185
1,<environment.Job instance at 0x14b9323f3140>,113,13,[ 1 13],186,186,199,0,186
1,<environment.Job instance at 0x14b9323f3e60>,115,2,[8 1],188,199,201,11,190
1,<environment.Job instance at 0x14b964fc5690>,120,3,[2 5],194,199,202,5,195
1,<environment.Job instance at 0x14b9323f3f00>,110,2,[1 7],183,204,206,21,204
1,<environment.Job instance at 0x14b92f2dd320>,14,16,[9 2],23,833,849,810,833
1,<environment.Job instance at 0x14b92f18f780>,0,3,[2 5],4,4,7,0,4
1,<environment.Job instance at 0x14b92f2dd5a0>,3,18,[7 2],9,9,27,0,9
1,<environment.Job instance at 0x14b93391f910>,10,1,[2 8],16,21,22,5,21
1,<environment.Job instance at 0x14b93391f9b0>,8,2,[1 6],14,22,24,8,22
1,<environment.Job instance at 0x14b92f665e10>,24,1,[2 5],38,55,56,17,55
1,<environment.Job instance at 0x14b92f665500>,23,2,[5 1],37,56,58,19,56
1,<environment.Job instance at 0x14b93394baa0>,27,17,[10  2],41,73,90,32,73
1,<environment.Job instance at 0x14b93dafa280>,20,3,[ 2 12],30,75,78,45,75
1,<environment.Job instance at 0x14b93394b3c0>,25,2,[1 8],39,78,80,39,75
1,<environment.Job instance at 0x14b93e5f8730>,30,3,[9 1],47,90,93,43,77
1,<environment.Job instance at 0x14b9324f6910>,31,27,[9 2],48,93,120,45,91
1,<environment.Job instance at 0x14b9324f6230>,32,2,[7 1],49,120,122,71,93
1,<environment.Job instance at 0x14b933e5bcd0>,33,3,[1 6],50,93,96,43,93
1,<environment.Job instance at 0x14b9324f6fa0>,34,1,[6 1],51,96,97,45,93
1,<environment.Job instance at 0x14b933e5b460>,35,1,[1 5],52,93,94,41,93
1,<environment.Job instance at 0x14b9339fb780>,36,2,[1 7],53,94,96,41,94
1,<environment.Job instance at 0x14b9339fb640>,37,3,[1 7],54,97,100,43,94
1,<environment.Job instance at 0x14b9339fb460>,38,1,[1 8],55,100,101,45,95
1,<environment.Job instance at 0x14b9328d53c0>,39,2,[2 5],56,97,99,41,95
1,<environment.Job instance at 0x14b9328d57d0>,40,3,[1 9],57,101,104,44,96
1,<environment.Job instance at 0x14b93e514640>,41,3,[8 1],58,120,123,62,96
1,<environment.Job instance at 0x14b93e514f00>,42,1,[2 9],59,104,105,45,96
1,<environment.Job instance at 0x14b93e514690>,43,3,[1 9],62,105,108,43,96
1,<environment.Job instance at 0x14b93e5142d0>,44,1,[9 1],63,123,124,60,96
1,<environment.Job instance at 0x14b93e514dc0>,45,3,[1 7],64,108,111,44,96
1,<environment.Job instance at 0x14b93e514190>,46,2,[1 8],65,111,113,46,96
1,<environment.Job instance at 0x14b92fb17d20>,47,16,[10  1],66,124,140,58,111
1,<environment.Job instance at 0x14b93e514280>,49,3,[9 2],69,140,143,71,114
1,<environment.Job instance at 0x14b93e514e10>,50,14,[ 1 12],70,122,136,52,114
1,<environment.Job instance at 0x14b93e514870>,51,2,[ 1 10],71,115,117,44,115
1,<environment.Job instance at 0x14b9652240a0>,52,1,[9 1],72,143,144,71,115
1,<environment.Job instance at 0x14b965224640>,53,2,[1 5],73,117,119,44,117
1,<environment.Job instance at 0x14b965224960>,54,1,[6 2],74,119,120,45,117
1,<environment.Job instance at 0x14b933e7b730>,55,3,[7 2],76,144,147,68,118
1,<environment.Job instance at 0x14b933e7bc30>,56,13,[1 6],77,136,149,59,120
1,<environment.Job instance at 0x14b933e7b3c0>,57,19,[5 1],78,140,159,62,130
1,<environment.Job instance at 0x14b933e7bb40>,58,1,[5 2],80,147,148,67,130
1,<environment.Job instance at 0x14b933e7ba50>,59,3,[1 8],82,136,139,54,130
1,<environment.Job instance at 0x14b933e7b0f0>,60,16,[ 1 10],83,149,165,66,137
1,<environment.Job instance at 0x14b933e7b370>,61,20,[10  2],84,159,179,75,150
1,<environment.Job instance at 0x14b933e7b6e0>,62,15,[2 8],85,165,180,80,151
1,<environment.Job instance at 0x14b933e7b1e0>,63,1,[1 5],87,165,166,78,151
1,<environment.Job instance at 0x14b92f61bc30>,64,1,[7 2],88,151,152,63,151
1,<environment.Job instance at 0x14b92f61b6e0>,65,3,[ 2 10],90,180,183,90,154
1,<environment.Job instance at 0x14b92f61bc80>,66,1,[6 2],91,154,155,63,154
1,<environment.Job instance at 0x14b92f61b910>,67,3,[10  2],93,179,182,86,154
1,<environment.Job instance at 0x14b9303055a0>,68,3,[2 7],95,183,186,88,158
1,<environment.Job instance at 0x14b930305dc0>,69,15,[7 2],96,182,197,86,168
1,<environment.Job instance at 0x14b932409500>,70,13,[ 2 10],98,186,199,88,170
1,<environment.Job instance at 0x14b932409550>,71,1,[1 5],101,170,171,69,170
1,<environment.Job instance at 0x14b932409d70>,72,21,[6 2],102,182,203,80,174
1,<environment.Job instance at 0x14b92fbf8320>,73,16,[6 1],104,197,213,93,184
1,<environment.Job instance at 0x14b932409b40>,74,1,[8 2],105,203,204,98,184
1,<environment.Job instance at 0x14b932409640>,75,2,[ 2 10],106,199,201,93,184
1,<environment.Job instance at 0x14b92f6ffc30>,76,1,[1 6],107,201,202,94,184
1,<environment.Job instance at 0x14b932a254b0>,77,1,[ 1 10],112,202,203,90,184
1,<environment.Job instance at 0x14b9339247d0>,78,14,[2 7],113,204,218,91,189
1,<environment.Job instance at 0x14b932409af0>,79,3,[7 1],114,204,207,90,189
1,<environment.Job instance at 0x14b92f5fd8c0>,80,1,[ 1 10],115,203,204,88,189
1,<environment.Job instance at 0x14b9327b2c80>,81,18,[6 1],116,207,225,91,196
1,<environment.Job instance at 0x14b92fb93640>,82,3,[2 9],117,218,221,101,196
1,<environment.Job instance at 0x14b9339a9d70>,83,14,[ 1 10],118,221,235,103,206
1,<environment.Job instance at 0x14b93e57c780>,85,27,[7 1],121,223,250,102,223
1,<environment.Job instance at 0x14b931847730>,84,18,[2 8],119,235,253,116,224
1,<environment.Job instance at 0x14b931847320>,87,2,[6 2],123,225,227,102,224
1,<environment.Job instance at 0x14b92f6232d0>,88,16,[6 2],125,227,243,102,224
1,<environment.Job instance at 0x14b92f5f53c0>,89,2,[2 6],126,243,245,117,224
1,<environment.Job instance at 0x14b92f623190>,90,2,[9 1],128,250,252,122,224
1,<environment.Job instance at 0x14b92f69d780>,91,2,[8 1],130,252,254,122,225
1,<environment.Job instance at 0x14b92f5f5aa0>,92,1,[ 1 10],133,253,254,120,225
1,<environment.Job instance at 0x14b933a903c0>,93,1,[8 1],134,254,255,120,226
1,<environment.Job instance at 0x14b933a902d0>,94,1,[8 1],135,255,256,120,229
1,<environment.Job instance at 0x14b933a90690>,95,3,[2 7],136,254,257,118,229
1,<environment.Job instance at 0x14b933a90b90>,96,14,[1 9],138,257,271,119,243
1,<environment.Job instance at 0x14b933a90910>,97,3,[1 6],142,245,248,103,243
1,<environment.Job instance at 0x14b92f9eb230>,98,1,[2 7],143,254,255,111,244
1,<environment.Job instance at 0x14b92f9ebe60>,99,12,[5 2],144,255,267,111,246
1,<environment.Job instance at 0x14b92f9eb9b0>,100,16,[2 6],145,267,283,122,254
1,<environment.Job instance at 0x14b931853190>,101,23,[1 9],146,271,294,125,265
1,<environment.Job instance at 0x14b92f3b8500>,103,3,[2 9],152,294,297,142,268
1,<environment.Job instance at 0x14b93e5e9d20>,104,1,[8 2],154,283,284,129,270
1,<environment.Job instance at 0x14b92f9e20a0>,105,3,[7 1],156,284,287,128,271
1,<environment.Job instance at 0x14b92f9e29b0>,106,3,[ 2 10],159,297,300,138,271
1,<environment.Job instance at 0x14b92f9e2e60>,107,3,[7 2],161,284,287,123,271
1,<environment.Job instance at 0x14b92f9e2d70>,108,3,[9 2],163,287,290,124,271
1,<environment.Job instance at 0x14b9327c6910>,109,3,[1 6],166,290,293,124,271
1,<environment.Job instance at 0x14b9327c6d20>,110,13,[1 5],167,293,306,126,277
1,<environment.Job instance at 0x14b9327c6b40>,111,1,[2 7],168,300,301,132,281
1,<environment.Job instance at 0x14b9327c6460>,112,2,[2 5],169,301,303,132,281
1,<environment.Job instance at 0x14b9327c6370>,113,3,[1 8],170,303,306,133,281
1,<environment.Job instance at 0x14b9323c73c0>,114,1,[10  2],171,300,301,129,281
1,<environment.Job instance at 0x14b9323c7780>,115,18,[1 8],173,306,324,133,295
1,<environment.Job instance at 0x14b92f593460>,116,17,[10  2],175,301,318,126,295
1,<environment.Job instance at 0x14b92f5932d0>,117,3,[9 2],176,318,321,142,295
1,<environment.Job instance at 0x14b92f5936e0>,118,12,[8 1],177,321,333,144,304
1,<environment.Job instance at 0x14b92f593320>,119,2,[6 2],178,321,323,143,304
1,<environment.Job instance at 0x14b92f593dc0>,120,16,[ 2 10],183,324,340,141,311
1,<environment.Job instance at 0x14b92f593fa0>,121,13,[8 1],184,333,346,149,318
1,<environment.Job instance at 0x14b92f659b90>,122,2,[2 6],185,340,342,155,318
1,<environment.Job instance at 0x14b92f659820>,123,17,[2 7],188,340,357,152,329
1,<environment.Job instance at 0x14b92f659aa0>,124,1,[2 9],189,357,358,168,330
1,<environment.Job instance at 0x14b92f659d70>,125,1,[2 6],190,342,343,152,331
1,<environment.Job instance at 0x14b92f659730>,126,2,[1 8],191,346,348,155,335
1,<environment.Job instance at 0x14b92f659500>,127,1,[8 2],193,348,349,155,335
1,<environment.Job instance at 0x14b92f659550>,128,13,[1 9],194,358,371,164,342
1,<environment.Job instance at 0x14b92f6590f0>,129,2,[2 8],196,349,351,153,343
1,<environment.Job instance at 0x14b92f659c30>,130,2,[7 2],197,351,353,154,345
1,<environment.Job instance at 0x14b92f5a80a0>,131,2,[13  1],198,353,355,155,345
1,<environment.Job instance at 0x14b92f5a86e0>,132,2,[1 7],199,355,357,156,346
1,<environment.Job instance at 0x14b93e5f8640>,29,2,[11  1],44,462,464,418,462
1,<environment.Job instance at 0x14b93391f960>,15,2,[9 1],21,518,520,497,518
1,<environment.Job instance at 0x14b930268b40>,6,15,[5 2],10,10,25,0,10
1,<environment.Job instance at 0x14b92fb82d70>,18,15,[2 9],27,29,44,2,29
1,<environment.Job instance at 0x14b931835550>,24,14,[2 8],34,44,58,10,34
1,<environment.Job instance at 0x14b9318358c0>,25,2,[6 2],35,38,40,3,38
1,<environment.Job instance at 0x14b92f495cd0>,22,24,[9 2],31,40,64,9,39
1,<environment.Job instance at 0x14b932315e60>,26,16,[5 1],38,58,74,20,46
1,<environment.Job instance at 0x14b92f542640>,32,15,[7 2],46,64,79,18,50
1,<environment.Job instance at 0x14b933e3a780>,35,2,[1 5],49,50,52,1,50
1,<environment.Job instance at 0x14b93db7d370>,36,2,[6 1],50,74,76,24,50
1,<environment.Job instance at 0x14b932366230>,37,15,[2 8],52,64,79,12,52
1,<environment.Job instance at 0x14b932366550>,38,17,[8 1],53,79,96,26,67
1,<environment.Job instance at 0x14b932366500>,40,2,[2 8],58,79,81,21,67
1,<environment.Job instance at 0x14b932366f00>,41,16,[8 1],60,96,112,36,83
1,<environment.Job instance at 0x14b9323666e0>,44,3,[2 8],66,83,86,17,83
1,<environment.Job instance at 0x14b930347aa0>,45,2,[1 9],67,86,88,19,83
1,<environment.Job instance at 0x14b9303470a0>,46,3,[2 6],68,83,86,15,83
1,<environment.Job instance at 0x14b9303478c0>,48,2,[ 2 10],72,88,90,16,83
1,<environment.Job instance at 0x14b930347dc0>,49,3,[2 8],73,90,93,17,83
1,<environment.Job instance at 0x14b931832cd0>,50,1,[2 5],74,86,87,12,83
1,<environment.Job instance at 0x14b931832c30>,51,2,[5 1],75,87,89,12,83
1,<environment.Job instance at 0x14b931832870>,53,1,[9 1],77,112,113,35,84
1,<environment.Job instance at 0x14b931832e10>,55,1,[7 1],80,93,94,13,84
1,<environment.Job instance at 0x14b92fa48fa0>,57,23,[2 9],82,94,117,12,88
1,<environment.Job instance at 0x14b93db3df00>,59,2,[7 1],84,113,115,29,88
1,<environment.Job instance at 0x14b93288a0f0>,60,1,[1 6],86,90,91,4,88
1,<environment.Job instance at 0x14b93db3d2d0>,61,2,[6 2],87,113,115,26,88
1,<environment.Job instance at 0x14b932931910>,72,15,[2 8],108,117,132,9,108
1,<environment.Job instance at 0x14b92fac0d70>,75,12,[7 1],111,115,127,4,111
1,<environment.Job instance at 0x14b93e6a5b90>,77,3,[7 1],113,127,130,14,113
1,<environment.Job instance at 0x14b9324ba050>,78,2,[2 8],115,132,134,17,115
1,<environment.Job instance at 0x14b96461bdc0>,80,3,[13  1],117,130,133,13,117
1,<environment.Job instance at 0x14b92f510370>,81,3,[2 9],118,134,137,16,119
1,<environment.Job instance at 0x14b92f32fc30>,86,3,[1 7],127,137,140,10,127
1,<environment.Job instance at 0x14b92f32f7d0>,88,3,[1 8],130,137,140,7,130
1,<environment.Job instance at 0x14b93db01d20>,89,14,[ 1 10],133,140,154,7,135
1,<environment.Job instance at 0x14b93db014b0>,93,3,[1 6],140,154,157,14,140
1,<environment.Job instance at 0x14b93db011e0>,95,3,[ 2 10],142,157,160,15,142
1,<environment.Job instance at 0x14b93db01af0>,96,3,[6 2],143,143,146,0,143
1,<environment.Job instance at 0x14b93229f0f0>,99,18,[2 7],149,160,178,11,149
1,<environment.Job instance at 0x14b92f327c80>,101,3,[6 2],155,155,158,0,155
1,<environment.Job instance at 0x14b92f3270a0>,102,1,[1 8],156,160,161,4,157
1,<environment.Job instance at 0x14b92f327730>,103,2,[5 2],157,161,163,4,161
1,<environment.Job instance at 0x14b92f327870>,104,19,[8 1],158,161,180,3,161
1,<environment.Job instance at 0x14b92f327820>,105,1,[8 2],159,180,181,21,161
1,<environment.Job instance at 0x14b92f3275f0>,106,1,[1 6],160,163,164,3,161
1,<environment.Job instance at 0x14b92fb82f50>,20,13,[9 1],29,181,194,152,170
1,<environment.Job instance at 0x14b92f327410>,108,16,[9 2],162,196,212,34,196
1,<environment.Job instance at 0x14b93db5b4b0>,111,2,[2 7],165,203,205,38,203
1,<environment.Job instance at 0x14b93db5b870>,112,2,[9 1],166,237,239,71,237
1,<environment.Job instance at 0x14b93db5bdc0>,113,1,[1 8],167,246,247,79,246
1,<environment.Job instance at 0x14b93db5b690>,114,2,[10  2],168,249,251,81,249
1,<environment.Job instance at 0x14b93db5b230>,115,1,[9 2],169,262,263,93,262
1,<environment.Job instance at 0x14b93db5b9b0>,116,14,[2 7],170,307,321,137,307
1,<environment.Job instance at 0x14b93229fbe0>,100,14,[13  1],153,316,330,163,316
1,<environment.Job instance at 0x14b93db5b280>,118,23,[5 2],174,330,353,156,328
1,<environment.Job instance at 0x14b92f033aa0>,126,18,[2 9],184,332,350,148,332
1,<environment.Job instance at 0x14b92f0338c0>,125,12,[11  1],183,353,365,170,336
1,<environment.Job instance at 0x14b92f033320>,128,14,[9 1],186,365,379,179,350
1,<environment.Job instance at 0x14b92f033e10>,131,3,[7 2],191,350,353,159,350
1,<environment.Job instance at 0x14b92f0330f0>,132,2,[2 7],192,350,352,158,350
1,<environment.Job instance at 0x14b92f0331e0>,133,3,[2 9],194,352,355,158,350
1,<environment.Job instance at 0x14b92f0336e0>,134,1,[10  2],195,379,380,184,351
1,<environment.Job instance at 0x14b92f033b40>,135,2,[ 1 10],198,355,357,157,351
1,<environment.Job instance at 0x14b92f033b90>,136,1,[9 2],199,380,381,181,352
1,<environment.Job instance at 0x14b92f0330a0>,129,16,[5 1],188,387,403,199,387
1,<environment.Job instance at 0x14b92f0339b0>,124,3,[ 2 12],182,391,394,209,391
1,<environment.Job instance at 0x14b93db5b050>,2,1,[ 1 10],6,6,7,0,6
1,<environment.Job instance at 0x14b92faad550>,10,1,[5 1],15,18,19,3,18
1,<environment.Job instance at 0x14b92faad870>,15,26,[2 6],22,27,53,5,27
1,<environment.Job instance at 0x14b92faad190>,14,3,[2 8],21,27,30,6,27
1,<environment.Job instance at 0x14b92faadc30>,18,3,[ 2 10],25,53,56,28,30
1,<environment.Job instance at 0x14b93db63b90>,24,1,[1 9],33,33,34,0,33
1,<environment.Job instance at 0x14b92fb0ebe0>,26,3,[8 2],35,35,38,0,35
1,<environment.Job instance at 0x14b93279bd20>,27,3,[1 7],36,38,41,2,38
1,<environment.Job instance at 0x14b93279bdc0>,28,2,[9 2],37,52,54,15,52
1,<environment.Job instance at 0x14b93279bbe0>,32,1,[1 9],41,56,57,15,52
1,<environment.Job instance at 0x14b93279baf0>,33,13,[1 6],42,63,76,21,63
1,<environment.Job instance at 0x14b93279b910>,31,27,[2 7],40,63,90,23,63
1,<environment.Job instance at 0x14b964f429b0>,34,3,[5 1],43,63,66,20,63
1,<environment.Job instance at 0x14b964f42a00>,36,2,[1 6],47,76,78,29,63
1,<environment.Job instance at 0x14b964f42dc0>,39,2,[2 8],55,78,80,23,63
1,<environment.Job instance at 0x14b964f420a0>,40,3,[10  1],56,66,69,10,63
1,<environment.Job instance at 0x14b93e5f2b40>,42,3,[2 8],60,80,83,20,63
1,<environment.Job instance at 0x14b93e5f2230>,43,3,[10  1],61,69,72,8,64
1,<environment.Job instance at 0x14b93e5f28c0>,44,2,[1 6],62,83,85,21,64
1,<environment.Job instance at 0x14b93e5f25a0>,45,2,[5 2],63,72,74,9,65
1,<environment.Job instance at 0x14b92fadbaf0>,46,1,[5 1],64,74,75,10,73
1,<environment.Job instance at 0x14b92fadb5f0>,47,3,[8 1],65,75,78,10,73
1,<environment.Job instance at 0x14b92fab7550>,49,13,[1 9],67,90,103,23,74
1,<environment.Job instance at 0x14b92fab7690>,50,3,[9 2],70,83,86,13,74
1,<environment.Job instance at 0x14b92fab73c0>,51,3,[5 1],71,86,89,15,74
1,<environment.Job instance at 0x14b92fab70a0>,52,2,[5 1],73,86,88,13,74
1,<environment.Job instance at 0x14b964f532d0>,55,3,[ 2 10],76,103,106,27,77
1,<environment.Job instance at 0x14b92faccb90>,57,2,[2 8],78,106,108,28,79
1,<environment.Job instance at 0x14b93db5f820>,60,2,[2 9],81,108,110,27,86
1,<environment.Job instance at 0x14b93dcd93c0>,70,2,[5 1],94,96,98,2,96
1,<environment.Job instance at 0x14b92f805b40>,73,3,[10  2],99,99,102,0,99
1,<environment.Job instance at 0x14b93db4c500>,75,13,[ 1 10],101,110,123,9,102
1,<environment.Job instance at 0x14b93db4cc30>,78,13,[1 5],105,109,122,4,109
1,<environment.Job instance at 0x14b964f2cb90>,80,2,[ 1 12],107,123,125,16,109
1,<environment.Job instance at 0x14b92fc2c370>,86,1,[ 1 10],117,125,126,8,117
1,<environment.Job instance at 0x14b92fab8780>,87,1,[10  2],118,122,123,4,119
1,<environment.Job instance at 0x14b92fab8f00>,88,16,[5 1],119,123,139,4,119
1,<environment.Job instance at 0x14b92fab8e60>,89,3,[6 1],120,123,126,3,120
1,<environment.Job instance at 0x14b931864cd0>,91,2,[2 8],123,126,128,3,123
1,<environment.Job instance at 0x14b931864e10>,92,3,[1 7],125,128,131,3,125
1,<environment.Job instance at 0x14b92fa71d20>,93,2,[8 1],127,128,130,1,128
1,<environment.Job instance at 0x14b964f42d20>,38,3,[ 2 13],54,134,137,80,134
1,<environment.Job instance at 0x14b92fb8af00>,96,12,[2 7],133,137,149,4,134
1,<environment.Job instance at 0x14b92fb8a6e0>,100,3,[8 1],137,137,140,0,137
1,<environment.Job instance at 0x14b92f9409b0>,101,1,[6 1],138,140,141,2,138
1,<environment.Job instance at 0x14b92f940b40>,102,3,[6 1],139,140,143,1,140
1,<environment.Job instance at 0x14b92f903be0>,103,3,[9 1],140,143,146,3,140
1,<environment.Job instance at 0x14b92f903780>,104,3,[2 9],141,149,152,8,142
1,<environment.Job instance at 0x14b93daa81e0>,105,14,[2 5],142,142,156,0,142
1,<environment.Job instance at 0x14b93daa8d70>,106,1,[10  2],145,146,147,1,145
1,<environment.Job instance at 0x14b93daa8c30>,107,1,[5 1],146,147,148,1,146
1,<environment.Job instance at 0x14b93daa80a0>,108,3,[1 8],147,152,155,5,147
1,<environment.Job instance at 0x14b93daa8a00>,109,2,[5 1],148,148,150,0,148
1,<environment.Job instance at 0x14b92f4dc500>,110,15,[9 2],150,152,167,2,150
1,<environment.Job instance at 0x14b92f4dc0f0>,111,2,[2 8],152,155,157,3,152
1,<environment.Job instance at 0x14b92f4dc690>,112,1,[ 1 10],153,157,158,4,153
1,<environment.Job instance at 0x14b92f4dcbe0>,113,16,[8 1],155,167,183,12,155
1,<environment.Job instance at 0x14b92f4dc910>,114,3,[8 2],156,183,186,27,157
1,<environment.Job instance at 0x14b92f4dc190>,115,1,[2 8],157,158,159,1,157
1,<environment.Job instance at 0x14b92fad9b90>,30,1,[1 6],39,159,160,120,158
1,<environment.Job instance at 0x14b9339267d0>,124,15,[5 2],172,172,187,0,172
1,<environment.Job instance at 0x14b9323bd640>,127,1,[10  1],175,186,187,11,175
1,<environment.Job instance at 0x14b9323bde60>,129,1,[1 6],177,177,178,0,177
1,<environment.Job instance at 0x14b93dc906e0>,131,3,[9 2],180,187,190,7,180
1,<environment.Job instance at 0x14b93dc900a0>,132,13,[ 1 14],182,190,203,8,182
1,<environment.Job instance at 0x14b93dc90fa0>,133,1,[10  1],185,190,191,5,185
1,<environment.Job instance at 0x14b93dc90640>,134,14,[6 1],186,191,205,5,186
1,<environment.Job instance at 0x14b93dc90870>,135,12,[2 8],187,203,215,16,187
1,<environment.Job instance at 0x14b93dc905a0>,136,2,[2 6],189,203,205,14,189
1,<environment.Job instance at 0x14b93dc903c0>,137,3,[1 6],190,205,208,15,190
1,<environment.Job instance at 0x14b93dc902d0>,138,3,[1 9],191,215,218,24,191
1,<environment.Job instance at 0x14b93dc90370>,139,2,[7 2],192,208,210,16,192
1,<environment.Job instance at 0x14b93dc90c30>,140,2,[9 1],194,205,207,11,194
1,<environment.Job instance at 0x14b92f456960>,141,2,[2 6],198,210,212,12,198
1,<environment.Job instance at 0x14b9323bd910>,126,2,[8 1],174,223,225,49,223
1,<environment.Job instance at 0x14b92faad780>,2,21,[1 9],5,5,26,0,5
1,<environment.Job instance at 0x14b9324963c0>,12,3,[5 1],19,20,23,1,20
1,<environment.Job instance at 0x14b92f332b40>,13,1,[2 9],21,26,27,5,21
1,<environment.Job instance at 0x14b92f332550>,14,1,[5 2],22,22,23,0,22
1,<environment.Job instance at 0x14b92f332410>,15,3,[6 2],23,24,27,1,24
1,<environment.Job instance at 0x14b92f3326e0>,16,18,[1 7],24,27,45,3,24
1,<environment.Job instance at 0x14b92f332a00>,17,16,[9 1],26,27,43,1,26
1,<environment.Job instance at 0x14b933ac4550>,18,1,[1 9],27,45,46,18,27
1,<environment.Job instance at 0x14b9330627d0>,19,1,[8 1],28,43,44,15,28
1,<environment.Job instance at 0x14b92f4dc960>,20,2,[9 1],30,44,46,14,30
1,<environment.Job instance at 0x14b9330625a0>,21,1,[1 6],31,31,32,0,31
1,<environment.Job instance at 0x14b933062190>,22,2,[1 5],32,32,34,0,32
1,<environment.Job instance at 0x14b933062910>,24,16,[6 2],34,46,62,12,34
1,<environment.Job instance at 0x14b933062fa0>,25,2,[1 7],36,36,38,0,36
1,<environment.Job instance at 0x14b933062e10>,26,3,[1 6],37,38,41,1,37
1,<environment.Job instance at 0x14b933062320>,27,1,[7 1],38,46,47,8,38
1,<environment.Job instance at 0x14b932495960>,28,13,[7 1],39,47,60,8,39
1,<environment.Job instance at 0x14b932495640>,29,1,[ 2 10],41,46,47,5,41
1,<environment.Job instance at 0x14b933056320>,30,14,[10  2],42,62,76,20,47
1,<environment.Job instance at 0x14b933056550>,31,1,[2 8],43,47,48,4,47
1,<environment.Job instance at 0x14b933062460>,23,3,[6 1],33,76,79,43,50
1,<environment.Job instance at 0x14b933056050>,32,3,[7 2],44,76,79,32,50
1,<environment.Job instance at 0x14b933056960>,34,3,[2 7],46,50,53,4,50
1,<environment.Job instance at 0x14b933056280>,35,1,[10  2],47,79,80,32,51
1,<environment.Job instance at 0x14b933aa5910>,36,13,[2 7],48,53,66,5,51
1,<environment.Job instance at 0x14b9330562d0>,37,2,[8 1],49,80,82,31,53
1,<environment.Job instance at 0x14b9652428c0>,38,2,[7 1],50,60,62,10,53
1,<environment.Job instance at 0x14b92f90af00>,39,3,[9 1],51,82,85,31,56
1,<environment.Job instance at 0x14b92f0e8af0>,40,1,[11  2],52,85,86,33,57
1,<environment.Job instance at 0x14b92fb2ed20>,41,18,[8 2],53,86,104,33,75
1,<environment.Job instance at 0x14b92f56fa50>,44,18,[1 6],57,75,93,18,75
1,<environment.Job instance at 0x14b92f56f3c0>,45,3,[9 1],58,104,107,46,85
1,<environment.Job instance at 0x14b92fb2e140>,43,17,[8 1],56,107,124,51,95
1,<environment.Job instance at 0x14b92f56f820>,48,1,[7 1],61,95,96,34,95
1,<environment.Job instance at 0x14b92f5b07d0>,49,14,[1 8],63,96,110,33,95
1,<environment.Job instance at 0x14b92f5b0870>,50,3,[10  1],65,124,127,59,98
1,<environment.Job instance at 0x14b9302a9f50>,52,1,[7 1],68,110,111,42,98
1,<environment.Job instance at 0x14b92f4df9b0>,53,18,[ 2 10],71,111,129,40,100
1,<environment.Job instance at 0x14b933e79550>,54,12,[5 1],73,111,123,38,100
1,<environment.Job instance at 0x14b92f2bfe60>,55,3,[9 2],74,127,130,53,101
1,<environment.Job instance at 0x14b964679c80>,56,3,[8 1],76,130,133,54,104
1,<environment.Job instance at 0x14b964679be0>,57,18,[1 9],78,129,147,51,118
1,<environment.Job instance at 0x14b9646794b0>,58,2,[5 1],79,129,131,50,118
1,<environment.Job instance at 0x14b964679730>,59,3,[1 9],81,147,150,66,121
1,<environment.Job instance at 0x14b964679af0>,61,1,[10  2],85,140,141,55,140
1,<environment.Job instance at 0x14b964679a50>,60,22,[1 7],82,150,172,68,143
1,<environment.Job instance at 0x14b93daa86e0>,63,3,[8 1],87,143,146,56,143
1,<environment.Job instance at 0x14b93daa85f0>,64,1,[1 6],88,146,147,58,143
1,<environment.Job instance at 0x14b93daa84b0>,65,1,[2 7],89,150,151,61,143
1,<environment.Job instance at 0x14b9324bfb90>,66,2,[ 1 10],90,172,174,82,145
1,<environment.Job instance at 0x14b9324bfa00>,67,1,[7 1],91,147,148,56,146
1,<environment.Job instance at 0x14b9324bf7d0>,68,2,[9 1],92,148,150,56,146
1,<environment.Job instance at 0x14b92f527140>,69,1,[5 1],94,147,148,53,146
1,<environment.Job instance at 0x14b92f5275a0>,70,1,[2 7],95,151,152,56,146
1,<environment.Job instance at 0x14b964f1f9b0>,71,15,[5 1],96,148,163,52,146
1,<environment.Job instance at 0x14b964f1f410>,72,1,[10  1],97,163,164,66,146
1,<environment.Job instance at 0x14b964f1f460>,73,1,[6 2],98,152,153,54,146
1,<environment.Job instance at 0x14b9328a1910>,74,13,[ 2 10],99,174,187,75,158
1,<environment.Job instance at 0x14b9328a1140>,75,3,[ 1 10],100,187,190,87,161
1,<environment.Job instance at 0x14b9328a1c30>,76,17,[1 7],101,190,207,89,178
1,<environment.Job instance at 0x14b9328a15a0>,77,2,[1 9],102,207,209,105,180
1,<environment.Job instance at 0x14b932809dc0>,78,3,[1 7],106,190,193,84,180
1,<environment.Job instance at 0x14b932809190>,79,1,[5 1],108,180,181,72,180
1,<environment.Job instance at 0x14b932809eb0>,80,22,[5 2],109,193,215,84,186
1,<environment.Job instance at 0x14b9328091e0>,81,1,[5 1],110,187,188,77,187
1,<environment.Job instance at 0x14b9328095f0>,82,2,[1 6],112,193,195,81,188
1,<environment.Job instance at 0x14b932809410>,83,12,[ 1 10],114,209,221,95,193
1,<environment.Job instance at 0x14b92fa9c3c0>,84,1,[ 1 11],116,221,222,105,193
1,<environment.Job instance at 0x14b92fa9c2d0>,85,13,[6 1],117,195,208,78,193
1,<environment.Job instance at 0x14b92fa9c1e0>,86,19,[7 2],118,208,227,90,198
1,<environment.Job instance at 0x14b92fa9cdc0>,87,13,[5 2],119,215,228,96,199
1,<environment.Job instance at 0x14b92fa9cfa0>,88,13,[9 2],120,227,240,107,211
1,<environment.Job instance at 0x14b92fa9caf0>,90,12,[1 8],122,222,234,100,211
1,<environment.Job instance at 0x14b92fa9c370>,91,1,[2 5],123,228,229,105,211
1,<environment.Job instance at 0x14b93c44eaa0>,92,17,[1 8],125,234,251,109,222
1,<environment.Job instance at 0x14b92f052c30>,94,25,[7 2],128,240,265,112,236
1,<environment.Job instance at 0x14b964fa14b0>,95,1,[ 2 10],129,251,252,122,236
1,<environment.Job instance at 0x14b92f400500>,96,3,[2 9],130,252,255,122,236
1,<environment.Job instance at 0x14b92f8a7820>,97,3,[1 6],131,255,258,124,236
1,<environment.Job instance at 0x14b93dbb2690>,98,18,[ 1 12],132,258,276,126,247
1,<environment.Job instance at 0x14b964fa1320>,99,2,[ 1 10],133,276,278,143,249
1,<environment.Job instance at 0x14b964fa1f00>,100,1,[2 9],134,278,279,144,250
1,<environment.Job instance at 0x14b9346d25a0>,101,21,[10  1],135,265,286,130,258
1,<environment.Job instance at 0x14b932496b40>,8,2,[13  2],13,286,288,273,263
1,<environment.Job instance at 0x14b92f052f00>,93,2,[10  1],126,288,290,162,263
1,<environment.Job instance at 0x14b93e55c190>,102,14,[1 8],137,279,293,142,264
1,<environment.Job instance at 0x14b933dcfe10>,105,1,[9 2],140,290,291,150,264
1,<environment.Job instance at 0x14b93dbf9870>,106,2,[5 1],141,290,292,149,264
1,<environment.Job instance at 0x14b92ef83960>,107,14,[2 9],142,293,307,151,278
1,<environment.Job instance at 0x14b92f5a3d20>,108,3,[1 5],144,278,281,134,278
1,<environment.Job instance at 0x14b92f5a3730>,109,15,[10  1],145,292,307,147,278
1,<environment.Job instance at 0x14b932858b40>,110,17,[1 9],148,307,324,159,295
1,<environment.Job instance at 0x14b932858640>,112,3,[6 1],150,307,310,157,295
1,<environment.Job instance at 0x14b92f917960>,113,3,[8 2],153,307,310,154,295
1,<environment.Job instance at 0x14b933e49c80>,114,18,[7 1],155,310,328,155,299
1,<environment.Job instance at 0x14b932858870>,115,3,[2 5],156,299,302,143,299
1,<environment.Job instance at 0x14b932858fa0>,116,1,[1 6],157,324,325,167,299
1,<environment.Job instance at 0x14b9328586e0>,117,2,[8 1],158,325,327,167,299
1,<environment.Job instance at 0x14b933ad5f50>,119,2,[7 2],160,310,312,150,299
1,<environment.Job instance at 0x14b933ad5190>,120,2,[7 1],161,312,314,151,301
1,<environment.Job instance at 0x14b93306cfa0>,122,2,[ 1 10],163,327,329,164,301
1,<environment.Job instance at 0x14b933ad5c80>,123,13,[6 1],164,327,340,163,311
1,<environment.Job instance at 0x14b964f63050>,124,2,[1 5],165,314,316,149,311
1,<environment.Job instance at 0x14b964f63500>,125,2,[6 1],166,316,318,150,311
1,<environment.Job instance at 0x14b92f9bc050>,126,3,[2 8],167,329,332,162,311
1,<environment.Job instance at 0x14b92f9bc640>,127,3,[1 7],168,332,335,164,311
1,<environment.Job instance at 0x14b92f2000f0>,128,3,[1 8],170,335,338,165,311
1,<environment.Job instance at 0x14b92f200960>,129,3,[7 1],172,318,321,146,311
1,<environment.Job instance at 0x14b9329a8500>,130,14,[2 7],173,338,352,165,323
1,<environment.Job instance at 0x14b933dcfaa0>,104,2,[7 1],139,328,330,189,325
1,<environment.Job instance at 0x14b9328c1730>,131,12,[ 1 10],176,352,364,176,335
1,<environment.Job instance at 0x14b9329a8d20>,133,2,[1 9],179,364,366,185,337
1,<environment.Job instance at 0x14b93e6d5640>,134,2,[5 2],181,337,339,156,337
1,<environment.Job instance at 0x14b9329a8910>,135,2,[1 5],182,338,340,156,337
1,<environment.Job instance at 0x14b93da9fbe0>,136,21,[5 2],184,339,360,155,337
1,<environment.Job instance at 0x14b92f5b2a00>,137,2,[ 1 10],185,366,368,181,339
1,<environment.Job instance at 0x14b9329a8280>,132,1,[ 2 10],177,368,369,191,340
1,<environment.Job instance at 0x14b92f5b29b0>,138,14,[2 5],186,360,374,174,345
1,<environment.Job instance at 0x14b93e6a3230>,140,1,[10  1],188,364,365,176,345
1,<environment.Job instance at 0x14b93e6a3370>,141,2,[2 9],189,369,371,180,345
1,<environment.Job instance at 0x14b93e6a3cd0>,142,3,[6 1],191,345,348,154,345
1,<environment.Job instance at 0x14b93e6a3320>,143,2,[8 2],193,348,350,155,345
1,<environment.Job instance at 0x14b93e6a3960>,144,3,[6 2],195,350,353,155,345
1,<environment.Job instance at 0x14b93e6a3c80>,145,2,[7 2],196,353,355,157,345
1,<environment.Job instance at 0x14b93e6a3820>,146,3,[10  2],197,371,374,174,345
1,<environment.Job instance at 0x14b93dc02be0>,47,15,[14  1],60,381,396,321,381
1,<environment.Job instance at 0x14b9323d5f50>,121,1,[ 2 12],162,484,485,322,484
1,<environment.Job instance at 0x14b93e5abcd0>,22,13,[7 1],35,35,48,0,35
1,<environment.Job instance at 0x14b92fc1d5f0>,23,15,[2 6],36,37,52,1,37
1,<environment.Job instance at 0x14b93dbfc550>,24,12,[2 6],37,38,50,1,38
1,<environment.Job instance at 0x14b92f99aa00>,25,1,[1 5],40,50,51,10,41
1,<environment.Job instance at 0x14b92f080dc0>,26,1,[9 2],41,48,49,7,43
1,<environment.Job instance at 0x14b92f99ae60>,27,1,[6 2],43,49,50,6,44
1,<environment.Job instance at 0x14b936f9ff00>,28,16,[10  1],44,50,66,6,44
1,<environment.Job instance at 0x14b9328da5a0>,29,2,[2 8],45,51,53,6,45
1,<environment.Job instance at 0x14b9655ffc80>,30,1,[10  2],46,66,67,20,47
1,<environment.Job instance at 0x14b92f6cde10>,31,1,[12  1],48,67,68,19,48
1,<environment.Job instance at 0x14b9655ffaf0>,32,25,[1 7],49,53,78,4,49
1,<environment.Job instance at 0x14b9655ff640>,33,3,[8 2],50,68,71,18,50
1,<environment.Job instance at 0x14b9328ff500>,18,1,[2 7],28,53,54,25,50
1,<environment.Job instance at 0x14b932928730>,36,3,[1 9],56,78,81,22,56
1,<environment.Job instance at 0x14b9327de550>,37,1,[ 2 10],59,81,82,22,60
1,<environment.Job instance at 0x14b93e775c30>,38,1,[6 1],60,68,69,8,60
1,<environment.Job instance at 0x14b9327de050>,39,1,[1 6],61,61,62,0,61
1,<environment.Job instance at 0x14b92f5f1b90>,40,3,[1 6],63,63,66,0,63
1,<environment.Job instance at 0x14b92fabcfa0>,41,13,[2 9],65,82,95,17,66
1,<environment.Job instance at 0x14b92fabccd0>,42,12,[10  1],66,71,83,5,66
1,<environment.Job instance at 0x14b92fabcbe0>,43,3,[1 8],67,95,98,28,69
1,<environment.Job instance at 0x14b92fabc230>,44,1,[2 8],68,98,99,30,72
1,<environment.Job instance at 0x14b93dc3d9b0>,45,3,[1 6],69,72,75,3,72
1,<environment.Job instance at 0x14b9327de960>,35,1,[ 1 11],54,99,100,45,72
1,<environment.Job instance at 0x14b93dc3d320>,47,3,[6 1],71,83,86,12,81
1,<environment.Job instance at 0x14b93dc3d730>,48,1,[6 2],72,89,90,17,89
1,<environment.Job instance at 0x14b93033a410>,49,2,[8 1],73,97,99,24,97
1,<environment.Job instance at 0x14b93dc3d5f0>,46,26,[1 7],70,100,126,30,97
1,<environment.Job instance at 0x14b93033a140>,51,20,[6 1],75,99,119,24,97
1,<environment.Job instance at 0x14b9339d0730>,52,3,[2 9],77,126,129,49,100
1,<environment.Job instance at 0x14b9339d0a00>,53,17,[1 9],78,129,146,51,117
1,<environment.Job instance at 0x14b9339d03c0>,54,3,[2 8],79,119,122,40,117
1,<environment.Job instance at 0x14b9339d0eb0>,55,1,[8 1],80,118,119,38,118
1,<environment.Job instance at 0x14b9339d0d70>,56,17,[9 1],81,122,139,41,118
1,<environment.Job instance at 0x14b9339d0640>,57,2,[6 1],82,139,141,57,118
1,<environment.Job instance at 0x14b9339d00f0>,58,1,[6 1],84,139,140,55,118
1,<environment.Job instance at 0x14b93c42edc0>,59,2,[2 5],86,122,124,36,118
1,<environment.Job instance at 0x14b92f7dfb40>,60,3,[2 8],88,146,149,58,120
1,<environment.Job instance at 0x14b933e47cd0>,61,1,[5 1],89,124,125,35,121
1,<environment.Job instance at 0x14b933e47a00>,62,25,[ 1 10],91,149,174,58,145
1,<environment.Job instance at 0x14b93c42e8c0>,63,3,[13  1],92,146,149,54,146
1,<environment.Job instance at 0x14b92f979d70>,65,1,[8 2],95,149,150,54,146
1,<environment.Job instance at 0x14b92f979c30>,66,2,[8 1],97,150,152,53,146
1,<environment.Job instance at 0x14b92f9791e0>,67,1,[1 5],98,152,153,54,146
1,<environment.Job instance at 0x14b92f979b40>,68,3,[9 1],99,153,156,54,146
1,<environment.Job instance at 0x14b92f9797d0>,69,2,[5 1],100,149,151,49,146
1,<environment.Job instance at 0x14b92f646370>,70,3,[1 9],101,174,177,73,148
1,<environment.Job instance at 0x14b92f0def50>,71,1,[5 1],102,151,152,49,148
1,<environment.Job instance at 0x14b92f53caa0>,72,15,[1 8],104,177,192,73,163
1,<environment.Job instance at 0x14b92f0ded20>,73,2,[8 1],107,165,167,58,165
1,<environment.Job instance at 0x14b9328125a0>,74,3,[10  1],108,167,170,59,165
1,<environment.Job instance at 0x14b92f25d960>,75,2,[2 7],112,177,179,65,165
1,<environment.Job instance at 0x14b92f25d7d0>,76,1,[9 2],114,170,171,56,165
1,<environment.Job instance at 0x14b933e76d70>,77,18,[2 7],115,179,197,64,169
1,<environment.Job instance at 0x14b933e76730>,78,2,[2 6],117,174,176,57,169
1,<environment.Job instance at 0x14b92f9da500>,79,3,[6 2],118,192,195,74,172
1,<environment.Job instance at 0x14b933e69b90>,80,1,[5 2],120,173,174,53,173
1,<environment.Job instance at 0x14b93dc0b820>,81,17,[2 7],123,195,212,72,183
1,<environment.Job instance at 0x14b92f648cd0>,82,1,[ 1 10],124,212,213,88,184
1,<environment.Job instance at 0x14b93db631e0>,83,13,[9 2],125,197,210,72,184
1,<environment.Job instance at 0x14b93db63a50>,84,3,[8 2],127,210,213,83,184
1,<environment.Job instance at 0x14b92f45d640>,85,1,[1 9],128,213,214,85,185
1,<environment.Job instance at 0x14b9323c1eb0>,86,3,[7 1],130,192,195,62,185
1,<environment.Job instance at 0x14b92f2ce3c0>,87,17,[8 1],132,213,230,81,201
1,<environment.Job instance at 0x14b92f2ceaf0>,88,16,[1 8],133,214,230,81,201
1,<environment.Job instance at 0x14b92f2ce4b0>,89,18,[2 7],135,230,248,95,219
1,<environment.Job instance at 0x14b92f2ce230>,90,16,[1 8],136,230,246,94,219
1,<environment.Job instance at 0x14b933961f50>,91,3,[13  1],137,246,249,109,220
1,<environment.Job instance at 0x14b92f615460>,92,3,[6 1],140,221,224,81,221
1,<environment.Job instance at 0x14b92f2ce050>,93,2,[8 2],141,249,251,108,222
1,<environment.Job instance at 0x14b92f2ce190>,94,3,[11  1],142,251,254,109,225
1,<environment.Job instance at 0x14b92f2ceaa0>,95,16,[5 2],143,254,270,111,241
1,<environment.Job instance at 0x14b93dc4b820>,96,12,[7 2],144,254,266,110,241
1,<environment.Job instance at 0x14b9323bd3c0>,97,1,[2 6],145,248,249,103,241
1,<environment.Job instance at 0x14b92fa336e0>,98,26,[1 6],146,249,275,103,246
1,<environment.Job instance at 0x14b964653fa0>,99,2,[8 1],147,266,268,119,246
1,<environment.Job instance at 0x14b932854550>,100,2,[6 1],148,249,251,101,248
1,<environment.Job instance at 0x14b932854e10>,101,3,[7 2],150,268,271,118,248
1,<environment.Job instance at 0x14b932854640>,102,3,[2 6],151,251,254,100,248
1,<environment.Job instance at 0x14b932854190>,103,1,[ 2 10],152,275,276,123,248
1,<environment.Job instance at 0x14b932854e60>,104,2,[5 2],154,270,272,116,248
1,<environment.Job instance at 0x14b92faad5f0>,105,1,[7 2],155,271,272,116,248
1,<environment.Job instance at 0x14b92faada50>,106,15,[10  2],156,272,287,116,258
1,<environment.Job instance at 0x14b92faadc30>,107,3,[1 6],157,272,275,115,258
1,<environment.Job instance at 0x14b92faf7af0>,108,2,[2 7],158,276,278,118,258
1,<environment.Job instance at 0x14b92faf7690>,109,3,[7 1],159,287,290,128,261
1,<environment.Job instance at 0x14b92faf7c80>,110,14,[6 1],160,287,301,127,272
1,<environment.Job instance at 0x14b92faf78c0>,111,12,[2 9],161,278,290,117,272
1,<environment.Job instance at 0x14b92faf7820>,112,2,[8 1],163,290,292,127,272
1,<environment.Job instance at 0x14b92faf7050>,113,3,[ 2 10],165,292,295,127,272
1,<environment.Job instance at 0x14b933de6690>,114,1,[1 6],169,276,277,107,272
1,<environment.Job instance at 0x14b92fb8bbe0>,115,3,[1 8],170,295,298,125,272
1,<environment.Job instance at 0x14b92fb8b2d0>,116,2,[2 7],172,298,300,126,272
1,<environment.Job instance at 0x14b92fb8b410>,117,14,[10  1],173,301,315,128,286
1,<environment.Job instance at 0x14b92fb8b820>,118,2,[2 5],175,295,297,120,286
1,<environment.Job instance at 0x14b92fb8b5a0>,119,2,[1 6],176,290,292,114,286
1,<environment.Job instance at 0x14b92fb8bf00>,120,12,[ 1 10],178,300,312,122,287
1,<environment.Job instance at 0x14b92fb8bd20>,121,3,[9 1],179,315,318,136,289
1,<environment.Job instance at 0x14b92fb8b1e0>,122,17,[2 8],180,312,329,132,300
1,<environment.Job instance at 0x14b92fb8b0f0>,123,17,[1 8],181,329,346,148,317
1,<environment.Job instance at 0x14b93c42e910>,64,3,[ 2 10],93,346,349,253,329
1,<environment.Job instance at 0x14b9328ff230>,16,15,[ 2 13],26,349,364,323,336
1,<environment.Job instance at 0x14b92fb8bb40>,124,17,[ 2 11],182,364,381,182,352
1,<environment.Job instance at 0x14b92f036be0>,133,22,[5 2],194,352,374,158,352
1,<environment.Job instance at 0x14b92f036280>,134,22,[7 2],196,364,386,168,357
1,<environment.Job instance at 0x14b92f036e10>,135,2,[2 9],197,381,383,184,357
1,<environment.Job instance at 0x14b92f036730>,136,3,[ 2 10],198,383,386,185,357
1,<environment.Job instance at 0x14b92f036a50>,137,1,[2 7],199,386,387,187,358
1,<environment.Job instance at 0x14b92fb8b8c0>,125,25,[ 2 14],183,387,412,204,385
1,<environment.Job instance at 0x14b92f127cd0>,21,2,[12  2],34,412,414,378,386
1,<environment.Job instance at 0x14b92f123b40>,0,2,[ 2 10],2,2,4,0,2
1,<environment.Job instance at 0x14b9327a80a0>,10,24,[5 2],18,19,43,1,19
1,<environment.Job instance at 0x14b9327a8550>,13,12,[1 6],24,24,36,0,24
1,<environment.Job instance at 0x14b9303465a0>,14,15,[6 2],27,29,44,2,29
1,<environment.Job instance at 0x14b930346e60>,15,18,[8 1],28,43,61,15,32
1,<environment.Job instance at 0x14b930346d20>,17,2,[7 2],32,44,46,12,32
1,<environment.Job instance at 0x14b930346910>,18,1,[10  2],33,61,62,28,33
1,<environment.Job instance at 0x14b92f7e0a00>,19,3,[1 5],35,35,38,0,35
1,<environment.Job instance at 0x14b9305b9550>,20,2,[6 2],36,46,48,10,36
1,<environment.Job instance at 0x14b92f4f92d0>,21,3,[2 7],37,38,41,1,37
1,<environment.Job instance at 0x14b933d370f0>,22,3,[14  2],38,62,65,24,38
1,<environment.Job instance at 0x14b93dac9c30>,23,2,[8 1],41,65,67,24,41
1,<environment.Job instance at 0x14b9323463c0>,24,20,[1 9],42,46,66,4,42
1,<environment.Job instance at 0x14b9323b9aa0>,25,1,[7 2],44,66,67,22,44
1,<environment.Job instance at 0x14b9324966e0>,26,1,[5 1],45,48,49,3,45
1,<environment.Job instance at 0x14b9324960a0>,27,2,[5 1],48,49,51,1,48
1,<environment.Job instance at 0x14b932801730>,28,2,[2 7],49,67,69,18,49
1,<environment.Job instance at 0x14b93daa4eb0>,29,15,[5 1],51,67,82,16,53
1,<environment.Job instance at 0x14b935763e60>,30,3,[5 2],52,53,56,1,53
1,<environment.Job instance at 0x14b9324960f0>,31,3,[2 8],53,69,72,16,54
1,<environment.Job instance at 0x14b93281fcd0>,32,1,[2 8],55,72,73,17,55
1,<environment.Job instance at 0x14b93281f0f0>,33,1,[6 2],56,56,57,0,56
1,<environment.Job instance at 0x14b93281f780>,34,2,[1 7],57,67,69,10,57
1,<environment.Job instance at 0x14b93281f4b0>,35,23,[10  2],58,73,96,15,68
1,<environment.Job instance at 0x14b92f97a230>,36,3,[6 1],59,69,72,10,68
1,<environment.Job instance at 0x14b92f97a1e0>,37,2,[13  2],62,96,98,34,69
1,<environment.Job instance at 0x14b92f5e51e0>,38,2,[5 1],63,82,84,19,69
1,<environment.Job instance at 0x14b92f5e5960>,39,1,[8 2],65,72,73,7,69
1,<environment.Job instance at 0x14b9327a8a50>,8,3,[ 1 12],15,84,87,69,77
1,<environment.Job instance at 0x14b92f59c8c0>,40,25,[2 7],67,87,112,20,83
1,<environment.Job instance at 0x14b92f46cd20>,42,19,[8 1],72,98,117,26,88
1,<environment.Job instance at 0x14b92f46c6e0>,44,1,[9 1],75,117,118,42,89
1,<environment.Job instance at 0x14b92f46c7d0>,47,1,[2 6],78,89,90,11,89
1,<environment.Job instance at 0x14b92f46cd70>,48,2,[2 7],79,98,100,19,89
1,<environment.Job instance at 0x14b93dc8efa0>,50,1,[1 7],83,100,101,17,89
1,<environment.Job instance at 0x14b93dc8e0a0>,54,3,[8 1],87,118,121,31,92
1,<environment.Job instance at 0x14b93dc8e910>,55,3,[5 1],88,101,104,13,92
1,<environment.Job instance at 0x14b92f58f6e0>,56,2,[9 1],89,121,123,32,94
1,<environment.Job instance at 0x14b92f58f780>,58,1,[1 9],94,112,113,18,94
1,<environment.Job instance at 0x14b9302a6550>,59,14,[7 1],95,123,137,28,108
1,<environment.Job instance at 0x14b92f0790a0>,62,3,[6 1],100,112,115,12,108
1,<environment.Job instance at 0x14b92f079aa0>,63,3,[6 1],105,115,118,10,108
1,<environment.Job instance at 0x14b93dafa960>,64,3,[7 2],106,118,121,12,108
1,<environment.Job instance at 0x14b93dafa9b0>,65,15,[8 1],107,123,138,16,109
1,<environment.Job instance at 0x14b933a43c80>,66,3,[1 7],109,109,112,0,109
1,<environment.Job instance at 0x14b930346640>,12,3,[1 8],22,113,116,91,109
1,<environment.Job instance at 0x14b964f06d70>,69,15,[7 1],114,137,152,23,123
1,<environment.Job instance at 0x14b932928690>,73,3,[1 6],119,138,141,19,123
1,<environment.Job instance at 0x14b92f223b40>,74,17,[5 1],124,138,155,14,126
1,<environment.Job instance at 0x14b92f5b0eb0>,79,1,[10  2],134,152,153,18,135
1,<environment.Job instance at 0x14b92f6463c0>,80,13,[1 8],135,153,166,18,137
1,<environment.Job instance at 0x14b930e030a0>,82,3,[6 1],137,153,156,16,137
1,<environment.Job instance at 0x14b933eaa2d0>,85,2,[2 7],145,147,149,2,147
1,<environment.Job instance at 0x14b936fbdaa0>,87,3,[6 2],150,155,158,5,150
1,<environment.Job instance at 0x14b92fc029b0>,88,2,[10  2],151,158,160,7,151
1,<environment.Job instance at 0x14b92fc02500>,89,2,[1 6],152,160,162,8,153
1,<environment.Job instance at 0x14b92f4bbaa0>,90,13,[1 7],154,162,175,8,155
1,<environment.Job instance at 0x14b92f4bb0a0>,91,3,[1 9],155,175,178,20,155
1,<environment.Job instance at 0x14b93da7b9b0>,92,3,[8 2],156,166,169,10,158
1,<environment.Job instance at 0x14b93da7b1e0>,93,13,[8 2],157,169,182,12,158
1,<environment.Job instance at 0x14b92faddaa0>,78,1,[7 2],133,178,179,45,166
1,<environment.Job instance at 0x14b93da7b0f0>,94,22,[7 2],158,179,201,21,172
1,<environment.Job instance at 0x14b93da7b6e0>,96,3,[9 2],160,201,204,41,175
1,<environment.Job instance at 0x14b93da7bf50>,97,13,[6 1],161,182,195,21,175
1,<environment.Job instance at 0x14b93da7b780>,98,2,[ 2 10],163,182,184,19,175
1,<environment.Job instance at 0x14b93da7b5f0>,99,21,[2 7],165,184,205,19,176
1,<environment.Job instance at 0x14b93da7be60>,100,3,[2 8],166,204,207,38,178
1,<environment.Job instance at 0x14b93da7bdc0>,101,14,[1 6],168,205,219,37,190
1,<environment.Job instance at 0x14b93da7bbe0>,103,1,[2 6],170,195,196,25,194
1,<environment.Job instance at 0x14b93da7b0a0>,104,3,[7 1],171,205,208,34,194
1,<environment.Job instance at 0x14b93da7b5a0>,105,3,[1 7],173,207,210,34,194
1,<environment.Job instance at 0x14b93da7b690>,106,15,[10  2],174,208,223,34,194
1,<environment.Job instance at 0x14b964fd2d20>,107,2,[5 1],176,196,198,20,194
1,<environment.Job instance at 0x14b964fd20a0>,108,1,[8 1],177,223,224,46,195
1,<environment.Job instance at 0x14b964fd2050>,109,3,[2 9],178,219,222,41,195
1,<environment.Job instance at 0x14b964fd2910>,110,18,[2 5],179,222,240,43,211
1,<environment.Job instance at 0x14b964fd2a50>,111,21,[1 8],180,222,243,42,214
1,<environment.Job instance at 0x14b964fd2730>,112,1,[6 1],181,224,225,43,214
1,<environment.Job instance at 0x14b964fd2190>,113,15,[2 6],183,240,255,57,226
1,<environment.Job instance at 0x14b93da7b370>,102,2,[6 2],169,228,230,59,228
1,<environment.Job instance at 0x14b964fd2e60>,114,21,[10  2],184,243,264,59,235
1,<environment.Job instance at 0x14b964fd2460>,116,1,[5 1],186,235,236,49,235
1,<environment.Job instance at 0x14b964fd2500>,117,3,[2 6],189,243,246,54,235
1,<environment.Job instance at 0x14b92f9aeb90>,118,18,[2 9],190,255,273,65,244
1,<environment.Job instance at 0x14b92f9aeaf0>,119,3,[9 1],192,264,267,72,244
1,<environment.Job instance at 0x14b92f9ae640>,120,3,[2 6],193,246,249,53,244
1,<environment.Job instance at 0x14b92f9ae780>,121,2,[8 1],194,267,269,73,245
1,<environment.Job instance at 0x14b92f9aeaa0>,122,12,[10  2],195,269,281,74,252
1,<environment.Job instance at 0x14b92f9ae820>,123,2,[9 2],196,281,283,85,254
1,<environment.Job instance at 0x14b92f9aeeb0>,124,2,[2 8],197,273,275,76,254
1,<environment.Job instance at 0x14b92f9ae3c0>,125,1,[1 5],199,254,255,55,254
1,<environment.Job instance at 0x14b936fbddc0>,84,3,[14  1],142,438,441,296,438
1,<environment.Job instance at 0x14b984272dc0>,9,15,[9 2],13,15,30,2,15
1,<environment.Job instance at 0x14b92f042870>,5,3,[ 2 13],8,24,27,16,24
1,<environment.Job instance at 0x14b92f8c24b0>,11,28,[7 2],15,30,58,15,29
1,<environment.Job instance at 0x14b93e7120f0>,13,13,[8 2],18,30,43,12,29
1,<environment.Job instance at 0x14b93db98b90>,14,16,[1 8],19,43,59,24,30
1,<environment.Job instance at 0x14b92f7294b0>,15,25,[9 2],20,58,83,38,54
1,<environment.Job instance at 0x14b92f99ba50>,23,1,[1 8],32,59,60,27,54
1,<environment.Job instance at 0x14b93e688140>,28,16,[2 9],40,60,76,20,55
1,<environment.Job instance at 0x14b93e688af0>,30,2,[1 6],42,76,78,34,55
1,<environment.Job instance at 0x14b93e688640>,31,3,[8 2],43,83,86,40,59
1,<environment.Job instance at 0x14b93e688d20>,32,13,[2 7],44,76,89,32,62
1,<environment.Job instance at 0x14b93e688b40>,33,17,[9 1],45,86,103,41,74
1,<environment.Job instance at 0x14b930360f50>,37,16,[ 1 10],52,89,105,37,76
1,<environment.Job instance at 0x14b92f8e1820>,39,1,[10  1],54,103,104,49,78
1,<environment.Job instance at 0x14b9328690f0>,41,1,[8 1],57,104,105,47,79
1,<environment.Job instance at 0x14b932869af0>,42,13,[1 6],58,105,118,47,89
1,<environment.Job instance at 0x14b932869c30>,44,13,[9 1],60,105,118,45,89
1,<environment.Job instance at 0x14b932869280>,45,17,[2 8],65,105,122,40,93
1,<environment.Job instance at 0x14b930249fa0>,46,3,[7 2],66,118,121,52,96
1,<environment.Job instance at 0x14b9302499b0>,49,2,[1 8],70,122,124,52,98
1,<environment.Job instance at 0x14b92f8eab40>,51,18,[7 2],73,121,139,48,110
1,<environment.Job instance at 0x14b933da30f0>,56,1,[1 7],81,124,125,43,110
1,<environment.Job instance at 0x14b933da3eb0>,58,1,[5 1],86,118,119,32,110
1,<environment.Job instance at 0x14b933da3fa0>,59,15,[7 1],87,122,137,35,110
1,<environment.Job instance at 0x14b93dbf06e0>,60,3,[1 5],89,119,122,30,110
1,<environment.Job instance at 0x14b93dbf0e10>,61,1,[1 5],90,125,126,35,110
1,<environment.Job instance at 0x14b93dbf00f0>,62,1,[ 1 12],91,126,127,35,110
1,<environment.Job instance at 0x14b93da9b6e0>,63,1,[8 1],94,137,138,43,110
1,<environment.Job instance at 0x14b93ebb6960>,64,3,[8 1],96,138,141,42,112
1,<environment.Job instance at 0x14b92fae10f0>,65,3,[7 2],102,139,142,37,113
1,<environment.Job instance at 0x14b92f0ef320>,66,1,[13  1],103,142,143,39,114
1,<environment.Job instance at 0x14b92f8fa140>,67,3,[2 7],104,141,144,37,115
1,<environment.Job instance at 0x14b92f44d5f0>,68,2,[10  2],106,143,145,37,116
1,<environment.Job instance at 0x14b9339d0640>,69,3,[2 9],107,144,147,37,118
1,<environment.Job instance at 0x14b92fb8fd20>,73,2,[6 2],111,145,147,34,118
1,<environment.Job instance at 0x14b93e775a00>,74,3,[2 9],112,147,150,35,121
1,<environment.Job instance at 0x14b964f4a460>,77,2,[1 9],116,127,129,11,121
1,<environment.Job instance at 0x14b9328ffc80>,78,15,[5 2],118,145,160,27,131
1,<environment.Job instance at 0x14b93dbf9e60>,85,3,[9 2],127,150,153,23,131
1,<environment.Job instance at 0x14b92f137280>,86,1,[2 9],130,153,154,23,131
1,<environment.Job instance at 0x14b92f137960>,87,18,[6 1],131,153,171,22,142
1,<environment.Job instance at 0x14b933e41fa0>,89,15,[ 1 10],136,154,169,18,142
1,<environment.Job instance at 0x14b933e41910>,91,3,[6 2],139,147,150,8,142
1,<environment.Job instance at 0x14b933e41dc0>,92,1,[2 7],140,169,170,29,144
1,<environment.Job instance at 0x14b933e41370>,93,2,[8 1],142,160,162,18,145
1,<environment.Job instance at 0x14b92f62ed70>,95,15,[9 2],146,170,185,24,156
1,<environment.Job instance at 0x14b92f62ec80>,99,1,[1 9],150,171,172,21,156
1,<environment.Job instance at 0x14b92f62e0f0>,100,18,[1 8],152,172,190,20,161
1,<environment.Job instance at 0x14b93db5d820>,102,2,[10  1],156,185,187,29,161
1,<environment.Job instance at 0x14b93db5d960>,103,2,[ 1 10],157,190,192,33,163
1,<environment.Job instance at 0x14b93db5d500>,105,13,[5 2],159,171,184,12,163
1,<environment.Job instance at 0x14b93db5d0a0>,106,1,[7 2],160,164,165,4,164
1,<environment.Job instance at 0x14b93296a1e0>,110,1,[9 1],167,187,188,20,170
1,<environment.Job instance at 0x14b93296af50>,112,15,[8 2],169,188,203,19,174
1,<environment.Job instance at 0x14b93db5dfa0>,107,15,[6 2],161,188,203,27,174
1,<environment.Job instance at 0x14b92fb2a780>,120,3,[1 6],178,185,188,7,178
1,<environment.Job instance at 0x14b92f0cce10>,16,2,[6 1],22,203,205,181,181
1,<environment.Job instance at 0x14b93db2d820>,114,15,[7 1],172,203,218,31,192
1,<environment.Job instance at 0x14b92f35f500>,127,2,[10  1],189,218,220,29,193
1,<environment.Job instance at 0x14b92f35f3c0>,128,3,[1 5],191,197,200,6,197
1,<environment.Job instance at 0x14b92f35fe10>,130,3,[7 2],193,205,208,12,197
1,<environment.Job instance at 0x14b92f35f550>,125,3,[ 2 12],186,208,211,22,197
1,<environment.Job instance at 0x14b930597a00>,131,1,[6 2],194,208,209,14,197
1,<environment.Job instance at 0x14b92f9c0730>,134,15,[1 9],199,211,226,12,199
1,<environment.Job instance at 0x14b92f1cf410>,8,1,[7 2],11,247,248,236,247
1,<environment.Job instance at 0x14b92f69f410>,17,2,[6 2],31,31,33,0,31
1,<environment.Job instance at 0x14b92f77dc80>,18,16,[9 1],33,33,49,0,33
1,<environment.Job instance at 0x14b92f69fcd0>,19,3,[ 1 10],34,34,37,0,34
1,<environment.Job instance at 0x14b92f69f6e0>,12,14,[5 1],26,34,48,8,34
1,<environment.Job instance at 0x14b933921870>,21,2,[2 7],38,48,50,10,38
1,<environment.Job instance at 0x14b92f784870>,22,3,[2 7],40,48,51,8,41
1,<environment.Job instance at 0x14b92f126690>,27,1,[7 2],48,50,51,2,48
1,<environment.Job instance at 0x14b932962730>,28,2,[5 2],49,50,52,1,49
1,<environment.Job instance at 0x14b92f56ec30>,33,14,[10  1],55,55,69,0,55
1,<environment.Job instance at 0x14b92f56ef50>,34,1,[1 7],56,56,57,0,56
1,<environment.Job instance at 0x14b92f58bd70>,36,18,[5 1],58,58,76,0,58
1,<environment.Job instance at 0x14b92f58bd20>,38,12,[2 6],64,69,81,5,64
1,<environment.Job instance at 0x14b92f58b5f0>,39,2,[2 5],65,69,71,4,65
1,<environment.Job instance at 0x14b92f58b640>,40,3,[6 2],66,69,72,3,66
1,<environment.Job instance at 0x14b92f403b40>,41,18,[10  2],67,76,94,9,67
1,<environment.Job instance at 0x14b92f403960>,42,3,[9 1],70,94,97,24,70
1,<environment.Job instance at 0x14b92f403e60>,43,3,[2 6],71,71,74,0,71
1,<environment.Job instance at 0x14b92f403910>,44,2,[ 1 10],72,81,83,9,72
1,<environment.Job instance at 0x14b92f4030f0>,45,2,[2 7],75,75,77,0,75
1,<environment.Job instance at 0x14b933e531e0>,46,13,[10  1],77,97,110,20,81
1,<environment.Job instance at 0x14b933e53dc0>,47,1,[10  1],80,110,111,30,82
1,<environment.Job instance at 0x14b92f581f00>,50,25,[2 9],85,85,110,0,85
1,<environment.Job instance at 0x14b92f5812d0>,52,3,[2 9],88,110,113,22,88
1,<environment.Job instance at 0x14b92f579dc0>,54,2,[5 1],92,111,113,19,93
1,<environment.Job instance at 0x14b92f579460>,55,18,[5 1],93,111,129,18,100
1,<environment.Job instance at 0x14b92f5795a0>,56,3,[9 2],95,113,116,18,100
1,<environment.Job instance at 0x14b92f579780>,57,12,[2 7],96,116,128,20,100
1,<environment.Job instance at 0x14b92f579aa0>,58,2,[6 2],97,116,118,19,100
1,<environment.Job instance at 0x14b92f579fa0>,59,3,[10  2],98,128,131,30,102
1,<environment.Job instance at 0x14b92fba8320>,62,1,[ 2 12],101,129,130,28,102
1,<environment.Job instance at 0x14b92fc0d050>,63,3,[6 2],103,118,121,15,103
1,<environment.Job instance at 0x14b92f1cad70>,64,1,[5 2],104,121,122,17,104
1,<environment.Job instance at 0x14b93dc14410>,65,2,[2 5],105,105,107,0,105
1,<environment.Job instance at 0x14b93dc24e60>,67,1,[8 1],107,122,123,15,107
1,<environment.Job instance at 0x14b93dc02730>,68,1,[5 1],108,123,124,15,108
1,<environment.Job instance at 0x14b964f0fb90>,69,1,[5 1],109,124,125,15,109
1,<environment.Job instance at 0x14b92f4f4dc0>,70,1,[10  2],110,131,132,21,110
1,<environment.Job instance at 0x14b933e5c3c0>,71,3,[5 2],115,125,128,10,115
1,<environment.Job instance at 0x14b93e65fe60>,72,2,[2 8],116,130,132,14,116
1,<environment.Job instance at 0x14b964f136e0>,73,3,[9 2],117,132,135,15,117
1,<environment.Job instance at 0x14b964f13550>,74,1,[9 1],118,135,136,17,118
1,<environment.Job instance at 0x14b964f13f00>,75,1,[1 9],119,132,133,13,119
1,<environment.Job instance at 0x14b933900eb0>,76,12,[8 2],120,136,148,16,120
1,<environment.Job instance at 0x14b92fae14b0>,77,16,[2 5],121,133,149,12,121
1,<environment.Job instance at 0x14b933a64a00>,78,3,[1 6],122,133,136,11,122
1,<environment.Job instance at 0x14b9329d4f50>,79,3,[2 7],123,136,139,13,123
1,<environment.Job instance at 0x14b9329d4320>,80,14,[2 7],124,139,153,15,124
1,<environment.Job instance at 0x14b932370b90>,81,1,[10  2],125,148,149,23,125
1,<environment.Job instance at 0x14b93dc25e10>,84,3,[2 6],130,149,152,19,130
1,<environment.Job instance at 0x14b93dc25cd0>,85,1,[8 2],131,149,150,18,131
1,<environment.Job instance at 0x14b92fc2c910>,89,1,[2 7],135,152,153,17,137
1,<environment.Job instance at 0x14b92fc2c2d0>,90,22,[6 2],136,153,175,17,146
1,<environment.Job instance at 0x14b984212dc0>,91,14,[ 2 10],138,153,167,15,146
1,<environment.Job instance at 0x14b984212f00>,92,12,[1 6],139,167,179,28,150
1,<environment.Job instance at 0x14b984212230>,93,3,[2 7],141,167,170,26,150
1,<environment.Job instance at 0x14b9842125f0>,94,17,[1 5],142,170,187,28,158
1,<environment.Job instance at 0x14b984212c30>,95,2,[2 9],143,179,181,36,158
1,<environment.Job instance at 0x14b984212e60>,96,18,[5 1],145,170,188,25,160
1,<environment.Job instance at 0x14b984212140>,97,1,[6 2],146,161,162,15,161
1,<environment.Job instance at 0x14b984212460>,98,18,[2 8],147,181,199,34,170
1,<environment.Job instance at 0x14b984212730>,99,1,[7 1],148,175,176,27,170
1,<environment.Job instance at 0x14b984212410>,100,17,[10  1],149,188,205,39,176
1,<environment.Job instance at 0x14b984212910>,101,1,[6 2],150,176,177,26,176
1,<environment.Job instance at 0x14b936fb8c80>,102,14,[1 8],153,199,213,46,184
1,<environment.Job instance at 0x14b936fb8d20>,104,3,[6 1],156,205,208,49,187
1,<environment.Job instance at 0x14b936fb8910>,105,1,[9 1],158,208,209,50,189
1,<environment.Job instance at 0x14b936fb8960>,106,3,[5 2],159,205,208,46,191
1,<environment.Job instance at 0x14b936fb8f50>,107,2,[2 5],160,191,193,31,191
1,<environment.Job instance at 0x14b936fb83c0>,108,12,[2 7],161,209,221,48,192
1,<environment.Job instance at 0x14b936fb86e0>,109,2,[1 9],162,221,223,59,194
1,<environment.Job instance at 0x14b936fb8d70>,110,1,[2 6],163,194,195,31,194
1,<environment.Job instance at 0x14b936fb8640>,111,17,[1 5],164,213,230,49,203
1,<environment.Job instance at 0x14b936fb8280>,103,1,[1 6],154,203,204,49,203
1,<environment.Job instance at 0x14b936fb8370>,112,1,[9 1],166,213,214,47,203
1,<environment.Job instance at 0x14b936fd0aa0>,114,14,[8 2],171,223,237,52,208
1,<environment.Job instance at 0x14b936fd0d70>,115,3,[2 6],172,223,226,51,208
1,<environment.Job instance at 0x14b936fd0230>,116,1,[10  1],173,214,215,41,209
1,<environment.Job instance at 0x14b936fd05a0>,117,2,[1 6],175,226,228,51,209
1,<environment.Job instance at 0x14b936fd0a50>,119,3,[5 1],178,218,221,40,218
1,<environment.Job instance at 0x14b936fd0370>,118,28,[1 5],177,228,256,51,227
1,<environment.Job instance at 0x14b936fd0f50>,121,16,[1 8],180,230,246,50,227
1,<environment.Job instance at 0x14b936fd0e10>,122,3,[2 5],182,246,249,64,231
1,<environment.Job instance at 0x14b936fd0190>,120,1,[1 6],179,249,250,70,233
1,<environment.Job instance at 0x14b936fd0280>,123,17,[14  2],184,250,267,66,238
1,<environment.Job instance at 0x14b936fd0a00>,125,16,[ 1 11],186,256,272,70,244
1,<environment.Job instance at 0x14b936fd0460>,124,1,[1 6],185,272,273,87,264
1,<environment.Job instance at 0x14b932493910>,126,28,[1 9],188,273,301,85,273
1,<environment.Job instance at 0x14b9324937d0>,128,2,[6 2],190,273,275,83,273
1,<environment.Job instance at 0x14b932493e10>,129,16,[2 5],192,276,292,84,276
1,<environment.Job instance at 0x14b932493140>,130,3,[8 2],193,292,295,99,279
1,<environment.Job instance at 0x14b9324939b0>,131,17,[2 6],194,295,312,101,283
1,<environment.Job instance at 0x14b93026af00>,132,2,[5 1],195,284,286,89,284
1,<environment.Job instance at 0x14b93026a730>,133,22,[1 5],196,301,323,105,295
1,<environment.Job instance at 0x14b93026ae60>,134,12,[2 7],197,312,324,115,295
1,<environment.Job instance at 0x14b93026a050>,135,13,[10  1],198,301,314,103,295
1,<environment.Job instance at 0x14b965242be0>,26,12,[ 1 13],46,327,339,281,327
1,<environment.Job instance at 0x14b92fc2cc30>,88,3,[ 2 13],134,467,470,333,467
1,<environment.Job instance at 0x14b964f6fb90>,8,3,[2 6],10,10,13,0,10
1,<environment.Job instance at 0x14b964f6f960>,9,1,[6 2],12,13,14,1,13
1,<environment.Job instance at 0x14b964f6f370>,10,2,[5 2],13,13,15,0,13
1,<environment.Job instance at 0x14b964f6f500>,11,1,[6 1],14,14,15,0,14
1,<environment.Job instance at 0x14b964f6feb0>,7,1,[9 2],9,15,16,6,15
1,<environment.Job instance at 0x14b92fc2cc30>,5,3,[1 7],7,16,19,9,16
1,<environment.Job instance at 0x14b93dbea780>,12,2,[1 8],15,17,19,2,17
1,<environment.Job instance at 0x14b93dbeac30>,15,1,[8 1],18,19,20,1,19
1,<environment.Job instance at 0x14b93dbeab90>,16,1,[ 1 12],19,19,20,0,19
1,<environment.Job instance at 0x14b93dbeae10>,14,16,[1 9],17,20,36,3,19
1,<environment.Job instance at 0x14b93dbea730>,18,2,[ 2 10],21,36,38,15,21
1,<environment.Job instance at 0x14b92f578500>,20,17,[8 1],28,28,45,0,28
1,<environment.Job instance at 0x14b92f1a89b0>,21,2,[1 7],29,38,40,9,29
1,<environment.Job instance at 0x14b933906640>,22,15,[1 7],30,38,53,8,30
1,<environment.Job instance at 0x14b933d52280>,23,3,[1 9],31,53,56,22,31
1,<environment.Job instance at 0x14b933d52050>,24,1,[8 2],32,45,46,13,33
1,<environment.Job instance at 0x14b933d52af0>,25,1,[1 7],33,40,41,7,33
1,<environment.Job instance at 0x14b933e038c0>,26,2,[8 1],34,46,48,12,34
1,<environment.Job instance at 0x14b933e03190>,27,3,[6 1],35,41,44,6,35
1,<environment.Job instance at 0x14b933e03e60>,28,1,[5 2],37,44,45,7,38
1,<environment.Job instance at 0x14b933e03c80>,29,13,[5 2],38,45,58,7,38
1,<environment.Job instance at 0x14b933e034b0>,30,1,[8 1],39,48,49,9,39
1,<environment.Job instance at 0x14b933e03af0>,31,3,[7 1],40,49,52,9,41
1,<environment.Job instance at 0x14b933e03e10>,32,18,[ 2 13],41,56,74,15,45
1,<environment.Job instance at 0x14b92f19f960>,33,3,[1 7],42,74,77,32,48
1,<environment.Job instance at 0x14b964f6f640>,6,16,[7 1],8,73,89,65,73
1,<environment.Job instance at 0x14b92f85c730>,34,28,[2 6],43,74,102,31,73
1,<environment.Job instance at 0x14b933e03640>,36,2,[2 7],47,77,79,30,73
1,<environment.Job instance at 0x14b9646646e0>,37,3,[1 5],48,79,82,31,73
1,<environment.Job instance at 0x14b93db33050>,38,3,[1 8],49,82,85,33,74
1,<environment.Job instance at 0x14b92f130af0>,39,3,[1 5],50,85,88,35,74
1,<environment.Job instance at 0x14b932315a00>,40,3,[1 6],52,88,91,36,74
1,<environment.Job instance at 0x14b93db334b0>,41,1,[8 1],54,89,90,35,74
1,<environment.Job instance at 0x14b93235cfa0>,42,1,[8 1],55,90,91,35,74
1,<environment.Job instance at 0x14b92faba4b0>,43,13,[1 6],59,91,104,32,75
1,<environment.Job instance at 0x14b9329eda50>,45,1,[1 9],65,102,103,37,94
1,<environment.Job instance at 0x14b9328093c0>,44,18,[ 1 10],64,104,122,40,96
1,<environment.Job instance at 0x14b92f33efa0>,47,2,[ 2 14],68,122,124,54,98
1,<environment.Job instance at 0x14b92efc0fa0>,48,1,[1 7],69,124,125,55,104
1,<environment.Job instance at 0x14b9329ed5f0>,46,2,[10  1],66,104,106,38,104
1,<environment.Job instance at 0x14b92f486910>,49,3,[5 1],70,106,109,36,105
1,<environment.Job instance at 0x14b930302730>,50,1,[2 9],72,125,126,53,107
1,<environment.Job instance at 0x14b93e52eaa0>,51,18,[2 9],74,126,144,52,115
1,<environment.Job instance at 0x14b92f5d1280>,53,3,[10  1],76,116,119,40,116
1,<environment.Job instance at 0x14b92f5d1190>,54,1,[7 2],78,119,120,41,116
1,<environment.Job instance at 0x14b92f5d1be0>,55,2,[6 1],79,119,121,40,116
1,<environment.Job instance at 0x14b92f5d1dc0>,56,2,[2 5],80,124,126,44,116
1,<environment.Job instance at 0x14b92f5d1730>,57,14,[1 6],81,126,140,45,117
1,<environment.Job instance at 0x14b92f5d18c0>,58,3,[8 1],82,120,123,38,117
1,<environment.Job instance at 0x14b92f5d1780>,59,15,[1 7],83,144,159,61,131
1,<environment.Job instance at 0x14b9302c75f0>,61,18,[8 2],86,140,158,54,133
1,<environment.Job instance at 0x14b9302c7410>,62,1,[1 9],87,159,160,72,133
1,<environment.Job instance at 0x14b9302c7eb0>,63,3,[7 2],88,158,161,70,133
1,<environment.Job instance at 0x14b9302c75a0>,64,3,[10  2],89,161,164,72,135
1,<environment.Job instance at 0x14b9302c7f00>,60,18,[ 2 10],84,160,178,76,155
1,<environment.Job instance at 0x14b9303732d0>,65,21,[10  2],90,164,185,74,156
1,<environment.Job instance at 0x14b930373dc0>,67,3,[1 5],92,178,181,86,157
1,<environment.Job instance at 0x14b930373a50>,68,3,[6 1],98,157,160,59,157
1,<environment.Job instance at 0x14b930373f00>,69,1,[ 1 10],100,181,182,81,157
1,<environment.Job instance at 0x14b92f3b57d0>,70,1,[5 1],101,160,161,59,158
1,<environment.Job instance at 0x14b92f3b5c80>,71,2,[2 9],102,182,184,80,158
1,<environment.Job instance at 0x14b92f3b5780>,72,1,[5 1],103,184,185,81,158
1,<environment.Job instance at 0x14b92f3b58c0>,73,2,[9 1],105,185,187,80,158
1,<environment.Job instance at 0x14b92f3b5f50>,74,2,[5 2],106,185,187,79,158
1,<environment.Job instance at 0x14b92f3b5af0>,75,3,[2 8],107,178,181,71,158
1,<environment.Job instance at 0x14b930373230>,66,2,[ 2 10],91,187,189,96,174
1,<environment.Job instance at 0x14b935744050>,77,1,[ 2 10],111,189,190,78,182
1,<environment.Job instance at 0x14b932950690>,78,2,[14  1],112,190,192,78,184
1,<environment.Job instance at 0x14b935744320>,76,25,[6 2],108,192,217,84,188
1,<environment.Job instance at 0x14b9329509b0>,80,2,[6 2],115,188,190,73,188
1,<environment.Job instance at 0x14b935741aa0>,81,2,[6 1],117,188,190,71,188
1,<environment.Job instance at 0x14b92f988730>,82,14,[1 5],119,190,204,71,188
1,<environment.Job instance at 0x14b92f988e60>,83,17,[5 1],120,192,209,72,188
1,<environment.Job instance at 0x14b92f9886e0>,84,3,[2 5],121,192,195,71,188
1,<environment.Job instance at 0x14b92f988dc0>,85,16,[8 1],122,209,225,87,196
1,<environment.Job instance at 0x14b92f988870>,86,3,[10  2],124,225,228,101,199
1,<environment.Job instance at 0x14b92f988410>,87,1,[ 2 14],125,217,218,92,200
1,<environment.Job instance at 0x14b92f988910>,88,3,[2 7],126,200,203,74,200
1,<environment.Job instance at 0x14b92f988d70>,89,1,[2 9],127,204,205,77,200
1,<environment.Job instance at 0x14b9329506e0>,79,2,[9 1],113,228,230,115,210
1,<environment.Job instance at 0x14b92f9882d0>,91,1,[ 1 10],129,215,216,86,215
1,<environment.Job instance at 0x14b933e7d0a0>,90,18,[6 2],128,228,246,100,218
1,<environment.Job instance at 0x14b932425a00>,93,12,[10  2],132,246,258,114,229
1,<environment.Job instance at 0x14b933a12410>,95,3,[7 1],139,230,233,91,230
1,<environment.Job instance at 0x14b92f84fbe0>,96,1,[9 1],141,233,234,92,230
1,<environment.Job instance at 0x14b92f84f6e0>,97,2,[2 7],142,231,233,89,231
1,<environment.Job instance at 0x14b93db164b0>,99,3,[8 1],144,242,245,98,242
1,<environment.Job instance at 0x14b93db2e370>,100,2,[6 1],145,258,260,113,242
1,<environment.Job instance at 0x14b93db16730>,101,1,[5 1],146,245,246,99,244
1,<environment.Job instance at 0x14b93299d4b0>,19,2,[2 5],26,246,248,220,246
1,<environment.Job instance at 0x14b92f84f0a0>,98,18,[7 1],143,258,276,115,247
1,<environment.Job instance at 0x14b93db17960>,104,15,[5 1],150,260,275,110,247
1,<environment.Job instance at 0x14b933943c30>,105,3,[2 6],153,247,250,94,247
1,<environment.Job instance at 0x14b933943730>,106,3,[2 7],154,248,251,94,247
1,<environment.Job instance at 0x14b933932870>,107,2,[6 1],155,275,277,120,248
1,<environment.Job instance at 0x14b93058d730>,108,1,[5 1],157,251,252,94,248
1,<environment.Job instance at 0x14b93dafb460>,109,2,[8 1],158,276,278,118,249
1,<environment.Job instance at 0x14b93db16690>,102,1,[6 1],148,277,278,129,254
1,<environment.Job instance at 0x14b92fafb780>,111,2,[1 9],161,258,260,97,258
1,<environment.Job instance at 0x14b9646bc5f0>,112,2,[8 1],162,278,280,116,269
1,<environment.Job instance at 0x14b9302a96e0>,110,23,[12  2],160,280,303,120,276
1,<environment.Job instance at 0x14b92f9410f0>,114,3,[2 5],164,278,281,114,277
1,<environment.Job instance at 0x14b92f9416e0>,115,3,[6 1],165,303,306,138,277
1,<environment.Job instance at 0x14b93da9b3c0>,116,2,[9 2],167,303,305,136,277
1,<environment.Job instance at 0x14b92f691190>,117,3,[2 7],168,281,284,113,277
1,<environment.Job instance at 0x14b93da9b410>,118,1,[1 5],169,277,278,108,277
1,<environment.Job instance at 0x14b930331f00>,119,3,[2 6],170,284,287,114,277
1,<environment.Job instance at 0x14b9303310f0>,120,2,[9 2],171,305,307,134,278
1,<environment.Job instance at 0x14b9303311e0>,121,12,[9 1],172,307,319,135,290
1,<environment.Job instance at 0x14b92facc2d0>,122,1,[10  1],173,319,320,146,291
1,<environment.Job instance at 0x14b9303315f0>,123,13,[ 2 12],174,306,319,132,291
1,<environment.Job instance at 0x14b930331c80>,124,24,[ 2 10],177,319,343,142,314
1,<environment.Job instance at 0x14b9646bcaa0>,113,25,[9 1],163,322,347,159,322
1,<environment.Job instance at 0x14b9303318c0>,125,16,[1 7],178,343,359,165,330
1,<environment.Job instance at 0x14b93dc39dc0>,127,2,[1 7],180,343,345,163,330
1,<environment.Job instance at 0x14b93dc39cd0>,128,15,[1 9],181,359,374,178,345
1,<environment.Job instance at 0x14b93dc39be0>,129,28,[8 1],182,347,375,165,347
1,<environment.Job instance at 0x14b93e78ab90>,130,2,[1 9],185,374,376,189,347
1,<environment.Job instance at 0x14b93dc39eb0>,131,18,[2 6],186,375,393,189,364
1,<environment.Job instance at 0x14b92ef7e5f0>,132,17,[ 1 10],187,393,410,206,382
1,<environment.Job instance at 0x14b986ad9f00>,103,1,[1 5],149,402,403,253,402
1,<environment.Job instance at 0x14b92ef7e870>,133,23,[1 9],188,410,433,222,405
1,<environment.Job instance at 0x14b93dbea820>,135,15,[7 1],190,405,420,215,405
1,<environment.Job instance at 0x14b93dbea690>,136,1,[1 9],191,433,434,242,405
1,<environment.Job instance at 0x14b93dbea960>,137,1,[6 2],192,405,406,213,405
1,<environment.Job instance at 0x14b93dbeae60>,138,15,[10  1],194,420,435,226,406
1,<environment.Job instance at 0x14b93e6fdaa0>,139,3,[2 5],195,410,413,215,406
1,<environment.Job instance at 0x14b93e6fdfa0>,140,18,[1 6],196,434,452,238,423
1,<environment.Job instance at 0x14b92fa729b0>,126,27,[2 7],179,455,482,276,455
1,<environment.Job instance at 0x14b964f6f780>,4,2,[12  1],5,833,835,828,833
1,<environment.Job instance at 0x14b93dbeab40>,13,16,[2 8],16,2406,2422,2390,2406
