iteration,job object,job ID,job Length,job ressource requirement,job enter time,job start time,job finish time,job waiting time,current time
1,<environment.Job instance at 0x1532b1334c80>,6,18,[8 1],7,7,25,0,7
1,<environment.Job instance at 0x1532b1334eb0>,8,13,[6 1],9,25,38,16,15
1,<environment.Job instance at 0x1532b3001640>,1,13,[2 8],2,2,15,0,2
1,<environment.Job instance at 0x1532b010f960>,0,2,[8 1],1,1,3,0,1
1,<environment.Job instance at 0x1532b010fc80>,1,12,[ 1 10],2,3,15,1,2
1,<environment.Job instance at 0x1532b010f5f0>,6,16,[10  2],9,15,31,6,9
1,<environment.Job instance at 0x1532b01d3410>,1,3,[1 5],2,2,5,0,2
1,<environment.Job instance at 0x1532b3e4f5a0>,4,12,[9 1],8,8,20,0,8
1,<environment.Job instance at 0x1532b1592aa0>,1,3,[6 1],3,5,8,2,5
1,<environment.Job instance at 0x1532b319bf50>,3,16,[2 5],6,7,23,1,7
1,<environment.Job instance at 0x1532b8c89eb0>,0,15,[2 9],2,2,17,0,2
1,<environment.Job instance at 0x1532a80c4b90>,2,17,[8 1],6,6,23,0,6
1,<environment.Job instance at 0x15328bcc4d70>,0,12,[9 1],1,1,13,0,1
1,<environment.Job instance at 0x1532b3b5caa0>,0,13,[7 2],2,4,17,2,4
1,<environment.Job instance at 0x1532b3b5c280>,1,14,[7 1],2,3,17,1,3
1,<environment.Job instance at 0x1532b30796e0>,0,2,[1 8],1,1,3,0,1
1,<environment.Job instance at 0x15328bda1b90>,6,15,[7 1],9,9,24,0,9
1,<environment.Job instance at 0x15328bcb11e0>,2,12,[9 2],4,4,16,0,4
1,<environment.Job instance at 0x15328bda15f0>,3,15,[10  2],5,16,31,11,5
1,<environment.Job instance at 0x15328bda1b90>,6,17,[1 9],9,31,48,22,29
1,<environment.Job instance at 0x1532b134d960>,4,15,[5 1],5,6,21,1,6
1,<environment.Job instance at 0x15328bbb5190>,1,15,[1 7],5,6,21,1,6
1,<environment.Job instance at 0x15328b9c84b0>,2,15,[2 7],3,3,18,0,3
1,<environment.Job instance at 0x15328b9c8410>,5,17,[ 2 10],6,18,35,12,7
1,<environment.Job instance at 0x15328b9c8280>,6,19,[ 1 10],8,35,54,27,26
1,<environment.Job instance at 0x15328bbb3d70>,1,13,[ 2 10],2,2,15,0,2
1,<environment.Job instance at 0x1532b2f18a50>,6,14,[10  1],9,15,29,6,9
1,<environment.Job instance at 0x1532b832eaf0>,3,3,[6 1],4,4,7,0,4
1,<environment.Job instance at 0x1532b832e5f0>,6,18,[8 1],8,8,26,0,8
1,<environment.Job instance at 0x1532b8be7280>,7,16,[1 6],9,22,38,13,22
1,<environment.Job instance at 0x1532a8160b90>,0,17,[1 6],1,1,18,0,1
1,<environment.Job instance at 0x1532b3ab3cd0>,4,18,[7 2],9,10,28,1,10
1,<environment.Job instance at 0x1532ba207280>,1,18,[10  1],6,6,24,0,6
1,<environment.Job instance at 0x1532b308ca50>,4,14,[2 8],9,24,38,15,10
1,<environment.Job instance at 0x1532b30c0fa0>,5,15,[2 8],8,8,23,0,8
1,<environment.Job instance at 0x1532b308ca50>,6,16,[1 7],9,23,39,14,20
1,<environment.Job instance at 0x1532a819e8c0>,5,18,[8 1],7,9,27,2,9
1,<environment.Job instance at 0x1532b18470f0>,0,17,[7 1],2,4,21,2,4
1,<environment.Job instance at 0x15328b897d20>,3,12,[7 2],7,21,33,14,19
1,<environment.Job instance at 0x15328bd6ee60>,1,14,[8 2],2,2,16,0,2
1,<environment.Job instance at 0x1532a81294b0>,4,14,[8 1],6,16,30,10,11
1,<environment.Job instance at 0x15328b8949b0>,0,13,[5 2],1,3,16,2,3
1,<environment.Job instance at 0x15328b894960>,0,12,[7 1],1,1,13,0,1
1,<environment.Job instance at 0x1532b3b127d0>,1,20,[8 2],2,13,33,11,10
1,<environment.Job instance at 0x1532a803a320>,3,16,[7 2],4,4,20,0,4
1,<environment.Job instance at 0x1532a803a780>,5,18,[5 2],7,20,38,13,19
1,<environment.Job instance at 0x1532a8049c30>,0,12,[2 9],3,3,15,0,3
1,<environment.Job instance at 0x1532b038f640>,3,15,[8 2],6,15,30,9,8
1,<environment.Job instance at 0x15328bf75140>,5,18,[ 1 10],6,6,24,0,6
1,<environment.Job instance at 0x15328beb69b0>,2,16,[9 1],3,3,19,0,3
1,<environment.Job instance at 0x15328bb36370>,5,14,[7 2],7,19,33,12,7
1,<environment.Job instance at 0x15328bb369b0>,1,3,[9 1],4,4,7,0,4
1,<environment.Job instance at 0x15328bb36140>,2,18,[6 2],6,7,25,1,7
1,<environment.Job instance at 0x1532b31aeb40>,0,14,[1 6],2,2,16,0,2
1,<environment.Job instance at 0x1532a805a550>,6,14,[1 6],9,9,23,0,9
1,<environment.Job instance at 0x1532a805a500>,1,26,[9 1],4,4,30,0,4
1,<environment.Job instance at 0x1532b31d9c30>,0,3,[8 1],3,3,6,0,3
1,<environment.Job instance at 0x1532b8275e10>,3,15,[2 8],8,8,23,0,8
1,<environment.Job instance at 0x15328bdea730>,0,13,[ 2 10],2,2,15,0,2
1,<environment.Job instance at 0x1532b0062b40>,0,2,[1 9],1,1,3,0,1
1,<environment.Job instance at 0x1532a803bdc0>,3,16,[2 6],6,6,22,0,6
1,<environment.Job instance at 0x15328bbd5500>,6,15,[10  1],9,9,24,0,9
1,<environment.Job instance at 0x1532b006ee60>,2,18,[8 2],3,3,21,0,3
1,<environment.Job instance at 0x1532b0046910>,7,15,[7 2],8,21,36,13,13
1,<environment.Job instance at 0x15328ba1c8c0>,4,1,[6 2],8,8,9,0,8
1,<environment.Job instance at 0x1532b3c056e0>,0,1,[6 2],1,1,2,0,1
1,<environment.Job instance at 0x1532b32099b0>,1,12,[6 1],2,4,16,2,4
1,<environment.Job instance at 0x1532b3ac9cd0>,0,15,[1 8],2,2,17,0,2
1,<environment.Job instance at 0x1532b315ae10>,2,19,[2 9],6,23,42,17,23
1,<environment.Job instance at 0x1532b3157be0>,2,2,[1 5],3,3,5,0,3
1,<environment.Job instance at 0x15328bc77190>,2,17,[2 7],4,4,21,0,4
1,<environment.Job instance at 0x1532b037c8c0>,3,14,[1 6],5,21,35,16,8
1,<environment.Job instance at 0x15328bcdd9b0>,4,16,[ 2 10],5,5,21,0,5
1,<environment.Job instance at 0x15328bcdd140>,6,15,[2 6],9,21,36,12,13
1,<environment.Job instance at 0x15328ba49f50>,0,13,[5 1],1,1,14,0,1
1,<environment.Job instance at 0x15328bcdd140>,2,14,[6 1],3,14,28,11,6
1,<environment.Job instance at 0x1532b31a7f50>,7,13,[10  1],8,28,41,20,13
1,<environment.Job instance at 0x1532b31a6a50>,0,2,[10  2],2,2,4,0,2
1,<environment.Job instance at 0x1532b31f7e10>,4,16,[10  1],9,9,25,0,9
1,<environment.Job instance at 0x1532b3c05f50>,1,18,[2 6],4,5,23,1,5
1,<environment.Job instance at 0x1532a8127870>,4,14,[2 5],8,23,37,15,9
1,<environment.Job instance at 0x1532a8282a50>,0,12,[1 5],1,1,13,0,1
1,<environment.Job instance at 0x1532a82823c0>,1,13,[7 2],2,3,16,1,3
1,<environment.Job instance at 0x1532b01dfbe0>,4,18,[1 5],7,29,47,22,29
1,<environment.Job instance at 0x1532b00f6d70>,0,16,[1 5],1,2,18,1,2
1,<environment.Job instance at 0x1532b02d3c30>,0,16,[ 2 10],2,2,18,0,2
1,<environment.Job instance at 0x1532b02b6690>,0,16,[2 7],1,1,17,0,1
1,<environment.Job instance at 0x15328bba8cd0>,2,14,[2 8],3,4,18,1,4
1,<environment.Job instance at 0x15328bba80f0>,6,17,[2 8],7,18,35,11,9
1,<environment.Job instance at 0x1532a83581e0>,0,15,[2 8],2,2,17,0,2
1,<environment.Job instance at 0x1532a83580f0>,2,13,[10  1],5,17,30,12,5
1,<environment.Job instance at 0x1532b3e2c280>,3,12,[7 1],6,6,18,0,6
1,<environment.Job instance at 0x1532b3e2caf0>,0,2,[7 1],1,1,3,0,1
1,<environment.Job instance at 0x1532b3232d20>,1,16,[ 1 10],2,3,19,1,2
1,<environment.Job instance at 0x1532a80a0c30>,1,17,[9 2],3,3,20,0,3
1,<environment.Job instance at 0x15328b903320>,3,12,[2 8],5,20,32,15,5
1,<environment.Job instance at 0x1532b3aa92d0>,0,14,[1 5],1,1,15,0,1
1,<environment.Job instance at 0x1532b004baa0>,3,17,[2 8],6,32,49,26,32
1,<environment.Job instance at 0x15328bd5e1e0>,0,16,[1 6],1,2,18,1,2
1,<environment.Job instance at 0x1532b004baa0>,3,14,[9 2],6,6,20,0,6
1,<environment.Job instance at 0x15328bd5e140>,6,16,[1 9],9,20,36,11,14
1,<environment.Job instance at 0x15328bd5e2d0>,0,12,[2 9],2,2,14,0,2
1,<environment.Job instance at 0x1532b1334cd0>,2,13,[1 9],4,14,27,10,4
1,<environment.Job instance at 0x15328bd5e140>,4,12,[1 7],7,27,39,20,13
1,<environment.Job instance at 0x15328bd36a00>,0,17,[2 9],1,1,18,0,1
1,<environment.Job instance at 0x15328bd364b0>,3,17,[5 2],4,18,35,14,7
1,<environment.Job instance at 0x1532a8297eb0>,4,16,[ 2 10],5,5,21,0,5
1,<environment.Job instance at 0x1532a8297c30>,6,14,[8 2],7,21,35,14,16
1,<environment.Job instance at 0x1532b0362190>,1,13,[2 8],3,3,16,0,3
1,<environment.Job instance at 0x15328bb2c780>,0,25,[9 1],1,3,28,2,3
1,<environment.Job instance at 0x1532b0373d70>,4,15,[5 2],6,28,43,22,26
1,<environment.Job instance at 0x1532a8078320>,2,16,[1 8],3,3,19,0,3
1,<environment.Job instance at 0x15328b952eb0>,3,14,[2 6],5,19,33,14,6
1,<environment.Job instance at 0x1532b01c71e0>,5,17,[2 5],7,33,50,26,29
1,<environment.Job instance at 0x1532b01c71e0>,3,17,[9 1],6,6,23,0,6
1,<environment.Job instance at 0x1532b3b8baa0>,1,2,[9 1],2,2,4,0,2
1,<environment.Job instance at 0x1532b3b8b0a0>,2,13,[6 1],4,9,22,5,9
1,<environment.Job instance at 0x1532a81a7f50>,2,17,[2 7],5,7,24,2,7
1,<environment.Job instance at 0x1532a835a870>,2,13,[2 9],3,3,16,0,3
1,<environment.Job instance at 0x1532a8082cd0>,6,13,[10  1],9,16,29,7,9
1,<environment.Job instance at 0x1532a809a730>,0,14,[2 9],1,1,15,0,1
1,<environment.Job instance at 0x1532b183abe0>,7,17,[1 8],8,15,32,7,13
1,<environment.Job instance at 0x15328b967960>,2,13,[7 2],4,4,17,0,4
1,<environment.Job instance at 0x1532b3be1c30>,3,18,[6 1],5,5,23,0,5
1,<environment.Job instance at 0x15328bd32460>,4,15,[2 9],6,7,22,1,7
1,<environment.Job instance at 0x1532b30cb640>,0,16,[6 2],1,1,17,0,1
1,<environment.Job instance at 0x1532b3a768c0>,3,19,[1 5],6,10,29,4,10
1,<environment.Job instance at 0x1532b0196960>,0,15,[10  2],4,4,19,0,4
1,<environment.Job instance at 0x15328bd1e910>,3,14,[5 2],9,19,33,10,17
1,<environment.Job instance at 0x1532a809a9b0>,2,3,[2 5],4,4,7,0,4
1,<environment.Job instance at 0x1532a809a4b0>,4,12,[5 2],7,10,22,3,10
1,<environment.Job instance at 0x1532a80249b0>,3,1,[1 9],4,5,6,1,5
1,<environment.Job instance at 0x1532a80248c0>,4,1,[8 2],7,7,8,0,7
1,<environment.Job instance at 0x15328bf61280>,5,15,[2 5],9,9,24,0,9
1,<environment.Job instance at 0x15328bddfb40>,3,14,[9 1],4,4,18,0,4
1,<environment.Job instance at 0x1532b2fa4a50>,2,17,[1 8],8,8,25,0,8
1,<environment.Job instance at 0x15328bda6fa0>,0,17,[1 6],1,2,19,1,2
1,<environment.Job instance at 0x1532b8cebbe0>,2,13,[2 9],6,19,32,13,9
1,<environment.Job instance at 0x1532b5180820>,2,15,[10  1],3,3,18,0,3
1,<environment.Job instance at 0x1532b3e4fe60>,1,12,[6 2],3,3,15,0,3
1,<environment.Job instance at 0x15328bd4c050>,5,14,[7 1],8,15,29,7,14
1,<environment.Job instance at 0x15328bd4c960>,0,1,[1 9],1,1,2,0,1
1,<environment.Job instance at 0x15328bd4c050>,1,16,[1 8],2,2,18,0,2
1,<environment.Job instance at 0x1532b3ef8370>,4,16,[7 1],5,13,29,8,13
1,<environment.Job instance at 0x15328bc18500>,3,23,[9 1],6,7,30,1,7
1,<environment.Job instance at 0x1532b31ca2d0>,0,2,[7 1],1,1,3,0,1
1,<environment.Job instance at 0x1532b31ca320>,2,13,[2 5],8,8,21,0,8
1,<environment.Job instance at 0x15328be407d0>,2,16,[9 1],4,4,20,0,4
1,<environment.Job instance at 0x1532baf58a00>,3,12,[7 2],6,20,32,14,18
1,<environment.Job instance at 0x1532a813ffa0>,0,15,[ 2 10],2,2,17,0,2
1,<environment.Job instance at 0x1532b8274960>,3,15,[1 9],6,6,21,0,6
1,<environment.Job instance at 0x15328b913b40>,0,15,[6 1],2,6,21,4,6
1,<environment.Job instance at 0x15328bbad870>,0,12,[2 8],1,1,13,0,1
1,<environment.Job instance at 0x1532a8095960>,5,12,[2 8],8,13,25,5,9
1,<environment.Job instance at 0x1532b3e79a50>,4,13,[8 2],6,6,19,0,6
1,<environment.Job instance at 0x1532b3b73500>,0,21,[9 1],1,1,22,0,1
1,<environment.Job instance at 0x1532b3b731e0>,1,16,[1 6],2,11,27,9,11
1,<environment.Job instance at 0x1532b3a850a0>,0,2,[1 8],1,1,3,0,1
1,<environment.Job instance at 0x1532b3b71a00>,4,12,[9 1],7,7,19,0,7
1,<environment.Job instance at 0x1532b3b94f00>,1,15,[6 1],3,3,18,0,3
1,<environment.Job instance at 0x1532b3ad5a00>,2,14,[ 1 10],4,4,18,0,4
1,<environment.Job instance at 0x1532b3ad5190>,3,17,[5 1],4,44,61,40,44
1,<environment.Job instance at 0x1532b0071b90>,3,16,[5 2],4,16,32,12,16
1,<environment.Job instance at 0x1532b0071410>,1,16,[5 2],3,6,22,3,6
1,<environment.Job instance at 0x1532b0071d20>,1,15,[6 2],2,2,17,0,2
1,<environment.Job instance at 0x1532a8176c80>,3,17,[1 8],5,15,32,10,15
1,<environment.Job instance at 0x1532b82bd730>,0,16,[7 1],1,1,17,0,1
1,<environment.Job instance at 0x15328bd850f0>,0,15,[6 1],5,5,20,0,5
1,<environment.Job instance at 0x15328bf70780>,0,16,[2 5],1,1,17,0,1
1,<environment.Job instance at 0x15328bd85cd0>,2,12,[ 1 10],3,17,29,14,5
1,<environment.Job instance at 0x15328bd38aa0>,6,15,[8 1],9,29,44,20,24
1,<environment.Job instance at 0x1532ba2de690>,1,17,[1 5],2,2,19,0,2
1,<environment.Job instance at 0x1532b2f465f0>,3,18,[1 7],6,8,26,2,8
1,<environment.Job instance at 0x1532b6debc80>,3,18,[5 2],7,7,25,0,7
1,<environment.Job instance at 0x1532b022f910>,0,1,[9 1],1,1,2,0,1
1,<environment.Job instance at 0x1532b2f5d910>,2,25,[9 1],3,4,29,1,4
1,<environment.Job instance at 0x1532b2f5d0a0>,6,13,[10  1],8,29,42,21,16
1,<environment.Job instance at 0x15328bddc140>,2,15,[6 1],3,3,18,0,3
1,<environment.Job instance at 0x1532b2f6f3c0>,6,17,[10  1],8,18,35,10,8
1,<environment.Job instance at 0x1532b01aa460>,6,16,[2 6],8,8,24,0,8
1,<environment.Job instance at 0x1532bae9ee60>,0,14,[5 2],4,5,19,1,5
1,<environment.Job instance at 0x1532b823bb90>,0,21,[10  2],2,2,23,0,2
1,<environment.Job instance at 0x1532a81e3960>,0,13,[1 5],1,1,14,0,1
1,<environment.Job instance at 0x1532b8cfd910>,5,13,[2 9],7,14,27,7,7
1,<environment.Job instance at 0x1532b3e5a410>,6,12,[5 2],9,27,39,18,23
1,<environment.Job instance at 0x1532b8d1bd20>,0,20,[9 1],1,1,21,0,1
1,<environment.Job instance at 0x15328bd1c5f0>,3,12,[2 9],7,7,19,0,7
1,<environment.Job instance at 0x15328bd1ce10>,0,17,[6 2],2,2,19,0,2
1,<environment.Job instance at 0x15328bddd280>,2,13,[2 8],3,3,16,0,3
1,<environment.Job instance at 0x1532b3204d70>,0,1,[2 9],1,1,2,0,1
1,<environment.Job instance at 0x1532b029afa0>,2,16,[ 2 10],3,3,19,0,3
1,<environment.Job instance at 0x1532b029a0a0>,6,17,[9 2],9,19,36,10,9
1,<environment.Job instance at 0x15328bc42e60>,3,15,[7 1],7,8,23,1,8
1,<environment.Job instance at 0x15328b891640>,5,12,[7 2],9,23,35,14,17
1,<environment.Job instance at 0x1532b8c7cd20>,0,2,[7 2],1,3,5,2,3
1,<environment.Job instance at 0x15328b891dc0>,3,17,[5 2],5,6,23,1,6
1,<environment.Job instance at 0x1532b02bd140>,6,17,[8 1],9,23,40,14,18
1,<environment.Job instance at 0x1532b02bdaa0>,0,13,[1 9],1,1,14,0,1
1,<environment.Job instance at 0x1532b02bda00>,2,15,[9 1],4,4,19,0,4
1,<environment.Job instance at 0x15328bc9c3c0>,0,19,[5 2],1,6,25,5,6
1,<environment.Job instance at 0x15328bc9c5f0>,6,15,[8 2],7,25,40,18,11
1,<environment.Job instance at 0x1532a8398910>,1,15,[9 1],2,2,17,0,2
1,<environment.Job instance at 0x1532a8385370>,2,12,[6 1],3,17,29,14,5
1,<environment.Job instance at 0x1532b3e98730>,6,2,[1 6],7,7,9,0,7
1,<environment.Job instance at 0x1532b3e33cd0>,3,1,[2 5],5,5,6,0,5
1,<environment.Job instance at 0x1532a81802d0>,0,17,[1 8],2,2,19,0,2
1,<environment.Job instance at 0x1532a8180320>,1,15,[10  1],3,19,34,16,5
1,<environment.Job instance at 0x1532b8c7c5a0>,4,3,[ 2 10],7,7,10,0,7
1,<environment.Job instance at 0x15328bd5eeb0>,0,16,[5 1],1,2,18,1,2
1,<environment.Job instance at 0x15328bd5e050>,3,15,[5 1],6,7,22,1,7
1,<environment.Job instance at 0x1532b3b24dc0>,6,18,[8 2],9,22,40,13,16
1,<environment.Job instance at 0x1532a828a640>,6,18,[1 6],8,8,26,0,8
1,<environment.Job instance at 0x1532b2f65c80>,0,18,[1 9],1,2,20,1,2
1,<environment.Job instance at 0x1532b3f0d460>,7,13,[6 1],9,21,34,12,21
1,<environment.Job instance at 0x1532b3f0d640>,1,14,[6 1],3,4,18,1,4
1,<environment.Job instance at 0x15328bf47410>,0,14,[1 6],1,1,15,0,1
1,<environment.Job instance at 0x15328bbd3eb0>,4,16,[10  2],7,7,23,0,7
1,<environment.Job instance at 0x1532b3a855f0>,0,2,[10  1],1,1,3,0,1
1,<environment.Job instance at 0x1532b3ee2550>,3,3,[2 8],7,7,10,0,7
1,<environment.Job instance at 0x15328bc9ca50>,3,16,[ 2 10],5,6,22,1,6
1,<environment.Job instance at 0x1532b0212140>,1,17,[2 9],3,3,20,0,3
1,<environment.Job instance at 0x1532a81e35f0>,1,12,[5 1],2,7,19,5,7
1,<environment.Job instance at 0x15328bf72d20>,5,17,[2 7],8,8,25,0,8
1,<environment.Job instance at 0x15328bf72e60>,6,12,[5 1],9,36,48,27,36
1,<environment.Job instance at 0x1532b03b5500>,0,16,[1 7],1,1,17,0,1
1,<environment.Job instance at 0x15328bf72e60>,2,17,[6 1],5,11,28,6,11
1,<environment.Job instance at 0x1532b03b59b0>,4,15,[8 1],6,6,21,0,6
1,<environment.Job instance at 0x15328bd016e0>,1,15,[7 2],2,2,17,0,2
1,<environment.Job instance at 0x1532a8373c30>,4,17,[7 2],6,7,24,1,7
1,<environment.Job instance at 0x15328beb9280>,6,15,[2 7],7,7,22,0,7
1,<environment.Job instance at 0x1532a80e92d0>,3,14,[2 8],5,9,23,4,9
1,<environment.Job instance at 0x15328bb00230>,0,14,[ 2 10],1,1,15,0,1
1,<environment.Job instance at 0x15328bb00a50>,2,18,[5 2],3,15,33,12,8
1,<environment.Job instance at 0x1532b3b93d70>,6,14,[10  1],9,33,47,24,20
1,<environment.Job instance at 0x1532b036a370>,4,12,[7 2],7,7,19,0,7
1,<environment.Job instance at 0x1532b3232640>,0,17,[6 2],1,2,19,1,2
1,<environment.Job instance at 0x1532a80f3870>,5,18,[10  1],6,19,37,13,8
1,<environment.Job instance at 0x1532a80f8690>,0,3,[7 1],1,1,4,0,1
1,<environment.Job instance at 0x1532b5161500>,4,14,[9 2],9,9,23,0,9
1,<environment.Job instance at 0x1532b029d730>,0,16,[8 2],1,1,17,0,1
1,<environment.Job instance at 0x1532b83255f0>,3,13,[8 1],5,17,30,12,9
1,<environment.Job instance at 0x15328b99d370>,6,17,[ 2 10],8,8,25,0,8
1,<environment.Job instance at 0x15328bd2e780>,0,17,[6 2],4,5,22,1,5
1,<environment.Job instance at 0x15328bb23960>,2,15,[10  2],6,22,37,16,13
1,<environment.Job instance at 0x1532b3ae66e0>,2,14,[2 5],6,6,20,0,6
1,<environment.Job instance at 0x1532b3ae68c0>,5,14,[1 7],9,20,34,11,13
1,<environment.Job instance at 0x15328bd65140>,1,2,[6 2],3,3,5,0,3
1,<environment.Job instance at 0x15328bf724b0>,1,12,[7 2],2,2,14,0,2
1,<environment.Job instance at 0x1532ba216d70>,3,17,[ 1 10],6,14,31,8,7
1,<environment.Job instance at 0x1532b8321230>,0,3,[2 5],1,1,4,0,1
1,<environment.Job instance at 0x1532b83211e0>,1,16,[7 2],2,2,18,0,2
1,<environment.Job instance at 0x1532b8321190>,2,12,[9 1],3,18,30,15,3
1,<environment.Job instance at 0x1532b82b6320>,0,2,[8 1],3,3,5,0,3
1,<environment.Job instance at 0x1532b82b6e60>,3,14,[10  2],6,6,20,0,6
1,<environment.Job instance at 0x1532b3b02140>,0,18,[1 6],1,1,19,0,1
1,<environment.Job instance at 0x1532b3b02a00>,1,14,[9 2],3,3,17,0,3
1,<environment.Job instance at 0x1532b2f66140>,0,14,[10  1],1,1,15,0,1
1,<environment.Job instance at 0x15328b935050>,5,12,[5 1],8,15,27,7,8
1,<environment.Job instance at 0x15328b935050>,2,1,[6 2],3,3,4,0,3
1,<environment.Job instance at 0x1532b837dc30>,0,18,[2 9],1,1,19,0,1
1,<environment.Job instance at 0x1532a81102d0>,0,15,[2 7],1,1,16,0,1
1,<environment.Job instance at 0x1532b031b640>,2,17,[9 1],4,4,21,0,4
1,<environment.Job instance at 0x1532b3b663c0>,4,14,[2 8],8,21,35,13,9
1,<environment.Job instance at 0x15328be2ca50>,0,17,[7 2],1,1,18,0,1
1,<environment.Job instance at 0x15328be2c8c0>,1,13,[8 1],4,18,31,14,4
1,<environment.Job instance at 0x15328be2c690>,3,18,[8 1],7,31,49,24,25
1,<environment.Job instance at 0x1532a82af960>,2,3,[1 9],4,4,7,0,4
1,<environment.Job instance at 0x1532b1833dc0>,3,17,[ 1 10],5,7,24,2,5
1,<environment.Job instance at 0x1532b8271500>,0,13,[7 2],1,1,14,0,1
1,<environment.Job instance at 0x1532b3145e60>,3,14,[1 7],4,4,18,0,4
1,<environment.Job instance at 0x1532b3e8bc30>,5,12,[5 2],7,7,19,0,7
1,<environment.Job instance at 0x1532b3e8b690>,2,17,[7 1],5,5,22,0,5
1,<environment.Job instance at 0x15328bc49780>,4,15,[7 1],7,22,37,15,13
1,<environment.Job instance at 0x15328bd17dc0>,0,13,[5 2],3,4,17,1,4
1,<environment.Job instance at 0x15328bd175f0>,3,14,[7 1],9,17,31,8,11
1,<environment.Job instance at 0x15328bbac2d0>,0,17,[6 2],5,5,22,0,5
1,<environment.Job instance at 0x15328bbaceb0>,3,14,[10  2],9,22,36,13,9
1,<environment.Job instance at 0x15328bd76870>,0,17,[1 9],1,1,18,0,1
1,<environment.Job instance at 0x15328bd69910>,0,3,[10  2],2,2,5,0,2
1,<environment.Job instance at 0x15328bd692d0>,1,17,[6 1],3,5,22,2,3
1,<environment.Job instance at 0x1532b8c7d050>,4,18,[2 8],8,16,34,8,16
1,<environment.Job instance at 0x15328bd7d550>,0,13,[7 2],1,2,15,1,2
1,<environment.Job instance at 0x15328be9acd0>,1,18,[8 2],2,2,20,0,2
1,<environment.Job instance at 0x1532a8191550>,3,18,[7 2],9,9,27,0,9
1,<environment.Job instance at 0x15328b8e50a0>,3,2,[1 6],4,5,7,1,5
1,<environment.Job instance at 0x15328b8e5870>,2,14,[8 2],5,5,19,0,5
1,<environment.Job instance at 0x1532ba21a820>,0,17,[10  2],1,1,18,0,1
1,<environment.Job instance at 0x1532b01f6640>,1,12,[1 7],2,18,30,16,15
1,<environment.Job instance at 0x15328ba515f0>,1,1,[1 5],2,2,3,0,2
1,<environment.Job instance at 0x15328bdf3550>,4,1,[1 8],5,5,6,0,5
1,<environment.Job instance at 0x15328bdf3be0>,5,2,[2 5],6,6,8,0,6
1,<environment.Job instance at 0x1532b8d0adc0>,0,3,[1 9],2,2,5,0,2
1,<environment.Job instance at 0x1532b82a2960>,4,16,[10  1],6,6,22,0,6
1,<environment.Job instance at 0x15328bdf3d20>,3,1,[6 2],4,6,7,2,6
1,<environment.Job instance at 0x1532b3133460>,5,13,[1 6],7,7,20,0,7
1,<environment.Job instance at 0x1532b3133410>,6,19,[5 1],8,12,31,4,12
1,<environment.Job instance at 0x15328beb9370>,1,16,[ 1 10],3,3,19,0,3
1,<environment.Job instance at 0x15328beb9500>,2,20,[10  2],4,19,39,15,10
1,<environment.Job instance at 0x15328ba065a0>,3,15,[7 2],6,6,21,0,6
1,<environment.Job instance at 0x1532b3bb2050>,2,16,[6 1],4,17,33,13,17
1,<environment.Job instance at 0x15328baeba50>,4,18,[6 1],6,10,28,4,10
1,<environment.Job instance at 0x1532b0392aa0>,1,18,[8 1],2,4,22,2,4
1,<environment.Job instance at 0x1532a813fe60>,3,16,[6 2],5,27,43,22,27
1,<environment.Job instance at 0x1532a813fe60>,4,14,[1 9],8,8,22,0,8
1,<environment.Job instance at 0x15328bd69e10>,2,12,[5 2],4,5,17,1,5
1,<environment.Job instance at 0x1532b033b460>,3,3,[ 2 10],9,9,12,0,9
1,<environment.Job instance at 0x1532b3b39190>,2,17,[10  2],5,5,22,0,5
1,<environment.Job instance at 0x1532b1e8e730>,0,16,[ 2 10],3,3,19,0,3
1,<environment.Job instance at 0x15328bb2a640>,3,17,[2 7],8,19,36,11,15
1,<environment.Job instance at 0x1532a8272af0>,0,3,[8 1],2,2,5,0,2
1,<environment.Job instance at 0x1532a8272910>,1,1,[7 1],4,5,6,1,4
1,<environment.Job instance at 0x15328bba8d20>,4,17,[6 1],8,9,26,1,9
1,<environment.Job instance at 0x15328b9f4870>,0,13,[6 2],1,1,14,0,1
1,<environment.Job instance at 0x15328bb34640>,4,12,[5 2],6,14,26,8,10
1,<environment.Job instance at 0x1532b3acb500>,0,16,[7 1],1,1,17,0,1
1,<environment.Job instance at 0x1532b8c3ea00>,4,15,[2 9],7,13,28,6,13
1,<environment.Job instance at 0x1532b8c2d460>,0,24,[9 2],1,1,25,0,1
1,<environment.Job instance at 0x1532b82e9cd0>,3,15,[7 2],6,6,21,0,6
1,<environment.Job instance at 0x1532b82e9640>,5,13,[6 1],8,49,62,41,49
1,<environment.Job instance at 0x15328bfbca00>,0,15,[2 8],2,2,17,0,2
1,<environment.Job instance at 0x1532b82e9140>,1,17,[8 1],3,5,22,2,5
1,<environment.Job instance at 0x1532b8c19690>,6,12,[1 7],9,9,21,0,9
1,<environment.Job instance at 0x15328bc03aa0>,2,15,[5 2],3,7,22,4,7
1,<environment.Job instance at 0x15328bda7280>,4,15,[2 8],8,8,23,0,8
1,<environment.Job instance at 0x1532a827ec30>,0,12,[7 1],1,3,15,2,3
1,<environment.Job instance at 0x1532a82c0f00>,4,16,[1 9],6,28,44,22,28
1,<environment.Job instance at 0x1532ba1e9640>,0,14,[ 1 10],3,3,17,0,3
1,<environment.Job instance at 0x1532ba1e9f00>,3,1,[9 2],7,9,10,2,9
1,<environment.Job instance at 0x15328b8a45f0>,2,15,[ 1 10],3,3,18,0,3
1,<environment.Job instance at 0x1532b2adbbe0>,4,17,[2 6],8,12,29,4,12
1,<environment.Job instance at 0x1532b9bc82d0>,0,17,[1 9],1,4,21,3,4
1,<environment.Job instance at 0x15328b9cda00>,5,14,[9 1],6,11,25,5,11
1,<environment.Job instance at 0x1532b312b7d0>,0,17,[2 5],3,3,20,0,3
1,<environment.Job instance at 0x1532b3125e60>,1,18,[ 2 10],4,20,38,16,14
1,<environment.Job instance at 0x1532b8cd8b90>,0,12,[1 9],1,1,13,0,1
1,<environment.Job instance at 0x15328bc69eb0>,0,12,[1 9],2,2,14,0,2
1,<environment.Job instance at 0x15328baa8500>,3,15,[7 2],4,4,19,0,4
1,<environment.Job instance at 0x1532b3b9a280>,6,13,[1 9],7,7,20,0,7
1,<environment.Job instance at 0x1532b31ee0f0>,1,2,[5 1],3,3,5,0,3
1,<environment.Job instance at 0x1532b82b1690>,3,13,[8 2],4,5,18,1,5
1,<environment.Job instance at 0x1532b3e95370>,0,13,[ 1 10],1,1,14,0,1
1,<environment.Job instance at 0x1532b8333730>,5,16,[5 1],9,9,25,0,9
1,<environment.Job instance at 0x1532b8333870>,0,13,[2 5],2,2,15,0,2
1,<environment.Job instance at 0x1532b02959b0>,0,13,[2 5],2,2,15,0,2
1,<environment.Job instance at 0x1532b0295fa0>,1,12,[2 7],3,15,27,12,5
1,<environment.Job instance at 0x1532b0295d70>,1,14,[2 5],2,2,16,0,2
1,<environment.Job instance at 0x15328b85d0f0>,2,16,[8 1],5,5,21,0,5
1,<environment.Job instance at 0x1532a80320a0>,1,12,[2 8],6,6,18,0,6
1,<environment.Job instance at 0x1532a8032b90>,2,13,[9 2],8,18,31,10,9
1,<environment.Job instance at 0x1532b2f18280>,0,18,[2 6],1,1,19,0,1
1,<environment.Job instance at 0x1532b134d460>,1,15,[5 2],2,19,34,17,19
1,<environment.Job instance at 0x1532b8c055a0>,1,2,[7 2],2,4,6,2,4
1,<environment.Job instance at 0x1532a8282960>,3,2,[2 6],8,10,12,2,10
1,<environment.Job instance at 0x1532b834f9b0>,0,18,[10  1],1,1,19,0,1
1,<environment.Job instance at 0x1532b3e900f0>,4,3,[7 2],6,19,22,13,7
1,<environment.Job instance at 0x1532b026ad70>,6,3,[5 1],9,24,27,15,24
1,<environment.Job instance at 0x1532b315b3c0>,3,18,[1 7],4,4,22,0,4
1,<environment.Job instance at 0x1532b025f640>,4,16,[9 1],6,7,23,1,7
1,<environment.Job instance at 0x1532b3189c30>,3,16,[6 2],4,4,20,0,4
1,<environment.Job instance at 0x15328bf46d20>,7,13,[7 1],9,20,33,11,20
1,<environment.Job instance at 0x1532b02e4a50>,1,14,[10  2],2,2,16,0,2
1,<environment.Job instance at 0x1532b3b9e0a0>,7,13,[2 7],8,16,29,8,9
1,<environment.Job instance at 0x1532b309c960>,2,18,[8 2],3,4,22,1,4
1,<environment.Job instance at 0x1532b018cf50>,4,17,[8 1],6,22,39,16,16
1,<environment.Job instance at 0x15328bd9ac80>,1,14,[1 8],3,3,17,0,3
1,<environment.Job instance at 0x1532b3187870>,0,18,[ 2 10],1,2,20,1,2
1,<environment.Job instance at 0x15328b8ce640>,4,18,[1 9],8,20,38,12,16
1,<environment.Job instance at 0x1532b03976e0>,4,15,[5 1],6,6,21,0,6
1,<environment.Job instance at 0x15328bc56870>,7,13,[ 2 10],9,21,34,12,9
1,<environment.Job instance at 0x1532b3aee4b0>,0,17,[1 7],1,1,18,0,1
1,<environment.Job instance at 0x15328badf1e0>,0,2,[1 6],2,2,4,0,2
1,<environment.Job instance at 0x15328badf410>,1,12,[ 1 10],4,4,16,0,4
1,<environment.Job instance at 0x1532b3e6f640>,3,13,[6 1],7,16,29,9,12
1,<environment.Job instance at 0x15328b84e5a0>,1,12,[1 8],2,2,14,0,2
1,<environment.Job instance at 0x15328b84e550>,3,17,[1 8],5,14,31,9,7
1,<environment.Job instance at 0x1532b0295d20>,1,14,[2 9],2,3,17,1,3
1,<environment.Job instance at 0x15328bf25e60>,3,15,[10  1],5,17,32,12,5
1,<environment.Job instance at 0x15328bf256e0>,4,17,[1 9],8,32,49,24,25
1,<environment.Job instance at 0x15328bc3e8c0>,1,18,[7 1],5,6,24,1,6
1,<environment.Job instance at 0x1532b3157f00>,3,13,[6 1],4,9,22,5,9
1,<environment.Job instance at 0x15328bc16870>,1,14,[2 7],3,3,17,0,3
1,<environment.Job instance at 0x15328bc16960>,2,12,[ 1 10],6,17,29,11,6
1,<environment.Job instance at 0x1532b8cb5c30>,2,3,[6 2],5,5,8,0,5
1,<environment.Job instance at 0x1532b01e8d20>,0,1,[5 2],1,1,2,0,1
1,<environment.Job instance at 0x1532a8299d20>,3,16,[1 5],7,7,23,0,7
1,<environment.Job instance at 0x15328bc86f50>,0,15,[ 2 10],1,1,16,0,1
1,<environment.Job instance at 0x1532b0281e60>,0,1,[9 2],1,1,2,0,1
1,<environment.Job instance at 0x15328be34aa0>,2,13,[2 9],5,5,18,0,5
1,<environment.Job instance at 0x15328be343c0>,3,12,[10  1],6,18,30,12,6
1,<environment.Job instance at 0x1532b838da00>,0,17,[9 1],1,1,18,0,1
1,<environment.Job instance at 0x1532b01ceaf0>,2,15,[1 8],4,4,19,0,4
1,<environment.Job instance at 0x1532b3ac9b40>,2,18,[2 7],5,5,23,0,5
1,<environment.Job instance at 0x15328be17e10>,0,17,[2 7],3,3,20,0,3
1,<environment.Job instance at 0x15328be81eb0>,2,13,[9 2],5,20,33,15,9
1,<environment.Job instance at 0x15328bce95f0>,0,17,[8 1],2,2,19,0,2
1,<environment.Job instance at 0x1532ba21acd0>,2,2,[5 2],4,4,6,0,4
1,<environment.Job instance at 0x1532ba21a5a0>,4,15,[10  2],6,6,21,0,6
1,<environment.Job instance at 0x1532b01b4870>,0,12,[2 9],1,1,13,0,1
1,<environment.Job instance at 0x1532b01b41e0>,1,14,[10  1],3,3,17,0,3
1,<environment.Job instance at 0x1532b3aaa410>,4,12,[ 1 10],8,17,29,9,8
1,<environment.Job instance at 0x1532b3aaaaa0>,0,17,[1 8],1,1,18,0,1
1,<environment.Job instance at 0x1532a80a3280>,0,2,[ 2 10],2,2,4,0,2
1,<environment.Job instance at 0x1532b01b4e60>,5,15,[2 6],8,8,23,0,8
1,<environment.Job instance at 0x1532b82728c0>,0,2,[ 2 10],1,1,3,0,1
1,<environment.Job instance at 0x1532b3a9bd70>,3,15,[6 2],7,8,23,1,8
1,<environment.Job instance at 0x15328bda6910>,4,2,[6 2],6,6,8,0,6
1,<environment.Job instance at 0x15328bd88a00>,0,15,[5 1],1,1,16,0,1
1,<environment.Job instance at 0x15328bd88dc0>,6,23,[10  2],8,16,39,8,10
1,<environment.Job instance at 0x1532a832baa0>,0,19,[8 1],2,7,26,5,7
1,<environment.Job instance at 0x15328bfbd6e0>,1,3,[6 2],4,4,7,0,4
1,<environment.Job instance at 0x15328bdbdf50>,3,18,[9 2],6,7,25,1,6
1,<environment.Job instance at 0x1532b3efafa0>,2,14,[7 1],5,5,19,0,5
1,<environment.Job instance at 0x1532a8047370>,0,3,[6 1],5,5,8,0,5
1,<environment.Job instance at 0x15328bd17f50>,2,15,[8 1],7,9,24,2,9
1,<environment.Job instance at 0x1532b0046730>,0,2,[7 1],3,4,6,1,4
1,<environment.Job instance at 0x15328bfb32d0>,0,17,[5 1],4,7,24,3,7
1,<environment.Job instance at 0x1532b0281dc0>,0,16,[2 6],1,1,17,0,1
1,<environment.Job instance at 0x15328b9375f0>,1,2,[1 6],2,3,5,1,3
1,<environment.Job instance at 0x15328b98ff50>,5,13,[8 2],7,7,20,0,7
1,<environment.Job instance at 0x15328b9abaa0>,0,13,[6 1],1,3,16,2,3
1,<environment.Job instance at 0x1532b2f992d0>,3,2,[5 1],6,6,8,0,6
1,<environment.Job instance at 0x1532a8140af0>,6,18,[2 5],9,11,29,2,11
1,<environment.Job instance at 0x1532a8140cd0>,2,21,[10  2],4,4,25,0,4
1,<environment.Job instance at 0x1532b6deba00>,3,15,[9 1],5,25,40,20,11
1,<environment.Job instance at 0x1532a81bfe10>,2,13,[7 1],4,24,37,20,24
1,<environment.Job instance at 0x1532b3002a50>,2,17,[5 1],4,9,26,5,9
1,<environment.Job instance at 0x15328b884320>,2,14,[1 9],4,4,18,0,4
1,<environment.Job instance at 0x1532b15739b0>,4,13,[ 2 10],8,18,31,10,8
1,<environment.Job instance at 0x1532a816c0a0>,3,3,[5 2],7,7,10,0,7
1,<environment.Job instance at 0x1532a816c460>,5,15,[2 9],7,7,22,0,7
1,<environment.Job instance at 0x1532b02d1550>,4,24,[2 7],6,8,32,2,8
1,<environment.Job instance at 0x1532b02d1820>,0,17,[2 8],5,5,22,0,5
1,<environment.Job instance at 0x1532b31772d0>,0,12,[2 9],1,1,13,0,1
1,<environment.Job instance at 0x1532b3177a00>,1,18,[7 2],3,13,31,10,11
1,<environment.Job instance at 0x15328bc702d0>,3,15,[7 1],7,7,22,0,7
1,<environment.Job instance at 0x1532a83b7960>,0,2,[6 2],1,1,3,0,1
1,<environment.Job instance at 0x1532a82c5be0>,5,15,[5 2],8,8,23,0,8
1,<environment.Job instance at 0x1532a82c5730>,6,17,[ 2 10],9,23,40,14,13
1,<environment.Job instance at 0x15328b849c80>,0,18,[6 1],1,2,20,1,2
1,<environment.Job instance at 0x15328b8490f0>,3,14,[2 6],8,11,25,3,11
1,<environment.Job instance at 0x1532a825e2d0>,0,2,[8 1],2,2,4,0,2
1,<environment.Job instance at 0x1532a825e0a0>,1,3,[ 1 10],4,5,8,1,5
1,<environment.Job instance at 0x1532a825e1e0>,2,15,[9 2],6,8,23,2,6
1,<environment.Job instance at 0x15328be599b0>,0,18,[1 8],2,2,20,0,2
1,<environment.Job instance at 0x1532b02f90f0>,1,17,[7 1],3,16,33,13,16
1,<environment.Job instance at 0x1532a80d90a0>,0,15,[6 2],1,2,17,1,2
1,<environment.Job instance at 0x15328be59410>,1,16,[1 5],4,6,22,2,6
1,<environment.Job instance at 0x1532a80d9640>,4,14,[1 7],8,22,36,14,8
1,<environment.Job instance at 0x1532a80d9f00>,5,15,[8 2],9,30,45,21,30
1,<environment.Job instance at 0x15328bdaabe0>,6,15,[2 8],7,9,24,2,9
1,<environment.Job instance at 0x1532b3e689b0>,1,13,[6 1],2,2,15,0,2
1,<environment.Job instance at 0x1532b312f4b0>,4,20,[10  2],7,15,35,8,7
1,<environment.Job instance at 0x1532b30465f0>,2,18,[8 1],8,8,26,0,8
1,<environment.Job instance at 0x1532b037d9b0>,1,1,[5 2],3,4,5,1,4
1,<environment.Job instance at 0x15328ba05af0>,1,2,[6 1],4,4,6,0,4
1,<environment.Job instance at 0x1532a812b3c0>,2,14,[5 1],6,7,21,1,7
1,<environment.Job instance at 0x15328bab0eb0>,5,16,[6 1],9,21,37,12,11
1,<environment.Job instance at 0x15328ba997d0>,0,2,[6 2],1,1,3,0,1
1,<environment.Job instance at 0x15328ba996e0>,1,16,[9 1],3,3,19,0,3
1,<environment.Job instance at 0x1532b03a8500>,2,3,[5 1],3,3,6,0,3
1,<environment.Job instance at 0x15328bd5d870>,3,14,[10  1],5,6,20,1,5
1,<environment.Job instance at 0x15328bc3fb90>,6,18,[5 1],8,32,50,24,32
1,<environment.Job instance at 0x1532a8162c80>,0,14,[5 2],3,3,17,0,3
1,<environment.Job instance at 0x1532a81623c0>,1,12,[2 6],4,6,18,2,6
1,<environment.Job instance at 0x15328bbd5820>,4,18,[10  2],7,18,36,11,8
1,<environment.Job instance at 0x15328bcd0730>,0,3,[2 6],1,1,4,0,1
1,<environment.Job instance at 0x1532b005c820>,3,13,[10  1],7,7,20,0,7
1,<environment.Job instance at 0x1532b02bdb40>,0,16,[1 8],1,1,17,0,1
1,<environment.Job instance at 0x1532b005c820>,1,16,[10  2],4,17,33,13,4
1,<environment.Job instance at 0x1532b17b14b0>,2,18,[5 1],3,5,23,2,5
1,<environment.Job instance at 0x15328bd1c9b0>,1,2,[2 8],6,6,8,0,6
1,<environment.Job instance at 0x1532b3aeeaf0>,0,16,[2 5],1,1,17,0,1
1,<environment.Job instance at 0x1532a807f230>,5,17,[2 9],6,17,34,11,9
1,<environment.Job instance at 0x1532b3184f00>,1,13,[2 5],2,3,16,1,3
1,<environment.Job instance at 0x15328bd7e230>,1,17,[1 5],2,6,23,4,6
1,<environment.Job instance at 0x15328bb18dc0>,5,18,[2 8],7,23,41,16,12
1,<environment.Job instance at 0x1532b8c1bfa0>,0,14,[1 8],3,3,17,0,3
1,<environment.Job instance at 0x1532b3232eb0>,0,12,[2 7],1,1,13,0,1
1,<environment.Job instance at 0x15328b88f190>,0,14,[8 2],1,1,15,0,1
1,<environment.Job instance at 0x1532ba29bc80>,0,16,[2 5],2,2,18,0,2
1,<environment.Job instance at 0x1532b3044320>,6,13,[10  1],8,18,31,10,8
1,<environment.Job instance at 0x15328bdbbaa0>,0,13,[10  2],1,1,14,0,1
1,<environment.Job instance at 0x15328bee0640>,1,16,[2 5],2,14,30,12,11
1,<environment.Job instance at 0x15328b94c3c0>,4,16,[2 8],6,6,22,0,6
1,<environment.Job instance at 0x1532a8036230>,0,3,[1 6],2,2,5,0,2
1,<environment.Job instance at 0x15328bd83550>,3,13,[1 6],9,10,23,1,10
1,<environment.Job instance at 0x1532a8036190>,0,18,[ 1 10],4,4,22,0,4
1,<environment.Job instance at 0x1532b3091be0>,1,18,[2 9],4,4,22,0,4
1,<environment.Job instance at 0x1532a803bb40>,0,14,[1 6],1,2,16,1,2
1,<environment.Job instance at 0x1532a8062e60>,4,18,[8 2],6,8,26,2,8
1,<environment.Job instance at 0x15328bb660a0>,1,16,[8 1],2,2,18,0,2
1,<environment.Job instance at 0x15328bb8b6e0>,6,18,[6 2],8,19,37,11,19
1,<environment.Job instance at 0x1532b8be7820>,0,18,[ 2 10],1,1,19,0,1
1,<environment.Job instance at 0x1532b8be7c80>,1,12,[10  2],2,19,31,17,2
1,<environment.Job instance at 0x1532b8be70a0>,2,14,[7 1],7,31,45,24,28
1,<environment.Job instance at 0x1532b183aa00>,0,1,[9 1],1,1,2,0,1
1,<environment.Job instance at 0x1532b2f18c30>,1,3,[2 7],4,4,7,0,4
1,<environment.Job instance at 0x1532b03258c0>,4,2,[8 1],8,9,11,1,9
1,<environment.Job instance at 0x1532b30132d0>,2,25,[9 1],3,3,28,0,3
1,<environment.Job instance at 0x1532b8bc4b40>,1,12,[9 1],2,2,14,0,2
1,<environment.Job instance at 0x15328bb83d20>,0,15,[1 9],1,1,16,0,1
1,<environment.Job instance at 0x1532b2ad4960>,5,23,[1 9],8,16,39,8,13
1,<environment.Job instance at 0x1532b0283140>,1,1,[6 2],2,2,3,0,2
1,<environment.Job instance at 0x15328b890960>,4,18,[1 6],6,6,24,0,6
1,<environment.Job instance at 0x1532b2f2eaa0>,3,14,[1 8],5,5,19,0,5
1,<environment.Job instance at 0x1532b2f2e1e0>,4,16,[1 5],6,19,35,13,19
1,<environment.Job instance at 0x1532b3e2a050>,1,16,[ 1 10],2,2,18,0,2
1,<environment.Job instance at 0x1532b30293c0>,2,13,[10  2],3,18,31,15,3
1,<environment.Job instance at 0x15328b85c910>,6,16,[5 2],8,31,47,23,27
1,<environment.Job instance at 0x1532b0394f50>,0,14,[2 6],1,1,15,0,1
1,<environment.Job instance at 0x1532b1334e10>,6,17,[2 9],8,8,25,0,8
1,<environment.Job instance at 0x1532a81b32d0>,0,15,[2 9],1,2,17,1,2
1,<environment.Job instance at 0x1532b1856f00>,0,17,[9 2],1,1,18,0,1
1,<environment.Job instance at 0x15328b9186e0>,5,18,[ 1 10],7,18,36,11,14
1,<environment.Job instance at 0x1532b31bc4b0>,5,12,[9 2],6,6,18,0,6
1,<environment.Job instance at 0x1532a82d96e0>,7,14,[8 2],9,18,32,9,12
1,<environment.Job instance at 0x1532b301eaa0>,3,14,[9 1],5,5,19,0,5
1,<environment.Job instance at 0x1532a809a820>,0,15,[ 1 10],2,2,17,0,2
1,<environment.Job instance at 0x1532a81d6be0>,1,3,[1 8],3,17,20,14,3
1,<environment.Job instance at 0x1532a81d84b0>,2,16,[9 1],6,17,33,11,6
1,<environment.Job instance at 0x1532baf3c370>,0,18,[2 8],2,2,20,0,2
1,<environment.Job instance at 0x1532b2b05af0>,1,16,[2 7],2,2,18,0,2
1,<environment.Job instance at 0x15328bb24e10>,4,17,[6 1],6,24,41,18,24
1,<environment.Job instance at 0x1532b0331a00>,4,12,[6 1],5,6,18,1,6
1,<environment.Job instance at 0x1532b0314460>,0,16,[9 2],2,2,18,0,2
1,<environment.Job instance at 0x1532b82e9410>,3,15,[6 2],5,18,33,13,8
1,<environment.Job instance at 0x1532b3ebb780>,4,3,[5 1],8,8,11,0,8
1,<environment.Job instance at 0x1532b3ebb230>,5,14,[6 1],9,12,26,3,12
1,<environment.Job instance at 0x1532b3e68870>,4,18,[1 7],7,7,25,0,7
1,<environment.Job instance at 0x1532b83271e0>,0,13,[1 7],1,1,14,0,1
1,<environment.Job instance at 0x15328b96a8c0>,1,16,[2 5],2,2,18,0,2
1,<environment.Job instance at 0x15328bb18d70>,1,18,[8 2],2,2,20,0,2
1,<environment.Job instance at 0x15328b92c500>,0,13,[2 9],1,1,14,0,1
1,<environment.Job instance at 0x15328b92c960>,3,14,[7 2],4,14,28,10,5
1,<environment.Job instance at 0x15328bf62eb0>,2,2,[8 1],5,5,7,0,5
1,<environment.Job instance at 0x1532b3185d20>,3,3,[5 2],6,7,10,1,6
1,<environment.Job instance at 0x1532b026fb40>,5,15,[6 1],9,10,25,1,9
1,<environment.Job instance at 0x1532b03255a0>,4,18,[6 1],6,8,26,2,8
1,<environment.Job instance at 0x15328b8d2eb0>,2,17,[2 9],4,4,21,0,4
1,<environment.Job instance at 0x1532b003d550>,7,18,[1 7],9,28,46,19,28
1,<environment.Job instance at 0x1532a8043320>,6,3,[10  2],9,9,12,0,9
1,<environment.Job instance at 0x1532b31b71e0>,0,1,[5 2],1,1,2,0,1
1,<environment.Job instance at 0x1532b30d21e0>,1,18,[1 7],2,2,20,0,2
1,<environment.Job instance at 0x1532b30d2f00>,2,15,[1 9],3,20,35,17,6
1,<environment.Job instance at 0x1532b031dc30>,4,17,[2 6],7,8,25,1,8
1,<environment.Job instance at 0x1532b3f1aeb0>,0,13,[6 2],1,1,14,0,1
1,<environment.Job instance at 0x15328bead460>,4,15,[ 1 10],5,14,29,9,7
1,<environment.Job instance at 0x1532a83186e0>,0,22,[10  2],2,2,24,0,2
1,<environment.Job instance at 0x15328be34d20>,1,14,[2 8],4,4,18,0,4
1,<environment.Job instance at 0x15328bb2d5f0>,0,14,[5 2],3,4,18,1,4
1,<environment.Job instance at 0x15328bb83af0>,0,14,[2 7],2,2,16,0,2
1,<environment.Job instance at 0x15328bc68d70>,1,14,[1 8],3,3,17,0,3
1,<environment.Job instance at 0x1532b3b125f0>,0,14,[8 2],1,1,15,0,1
1,<environment.Job instance at 0x1532b184e730>,1,13,[2 6],2,4,17,2,4
1,<environment.Job instance at 0x1532b834d4b0>,0,3,[1 6],1,1,4,0,1
1,<environment.Job instance at 0x1532b834d500>,2,14,[5 1],3,5,19,2,5
1,<environment.Job instance at 0x1532b834d7d0>,5,13,[6 1],7,19,32,12,14
1,<environment.Job instance at 0x1532b3e46d70>,3,1,[5 2],8,12,13,4,12
1,<environment.Job instance at 0x1532b3b122d0>,0,20,[2 9],2,6,26,4,6
1,<environment.Job instance at 0x1532b3e79c30>,3,12,[8 1],7,24,36,17,24
1,<environment.Job instance at 0x1532b1829b40>,0,18,[9 2],1,1,19,0,1
1,<environment.Job instance at 0x1532bae207d0>,6,17,[9 1],7,7,24,0,7
1,<environment.Job instance at 0x1532bae28d70>,3,13,[7 2],6,6,19,0,6
1,<environment.Job instance at 0x1532b82cfb90>,2,1,[2 5],5,7,8,2,7
1,<environment.Job instance at 0x15328b890be0>,4,16,[2 7],9,27,43,18,27
1,<environment.Job instance at 0x15328b918a50>,3,13,[9 1],5,5,18,0,5
1,<environment.Job instance at 0x1532a82af820>,5,16,[2 5],8,18,34,10,17
1,<environment.Job instance at 0x15328b98fa00>,0,12,[5 2],1,3,15,2,3
1,<environment.Job instance at 0x1532b8c4d640>,1,16,[ 1 10],2,2,18,0,2
1,<environment.Job instance at 0x1532b0352460>,0,12,[1 5],1,2,14,1,2
1,<environment.Job instance at 0x1532b1590aa0>,1,16,[1 8],3,3,19,0,3
1,<environment.Job instance at 0x1532b1590a00>,2,12,[ 1 10],4,19,31,15,4
1,<environment.Job instance at 0x15328bb680a0>,1,12,[8 2],2,2,14,0,2
1,<environment.Job instance at 0x1532b1590820>,2,13,[1 7],3,3,16,0,3
1,<environment.Job instance at 0x1532b82926e0>,0,15,[1 8],1,1,16,0,1
1,<environment.Job instance at 0x15328b85e6e0>,1,22,[10  1],3,16,38,13,10
1,<environment.Job instance at 0x1532a82e92d0>,2,13,[1 5],4,4,17,0,4
1,<environment.Job instance at 0x1532ba3ab550>,6,15,[1 8],8,8,23,0,8
1,<environment.Job instance at 0x15328bf2e320>,0,13,[6 1],1,1,14,0,1
1,<environment.Job instance at 0x15328bf2efa0>,3,17,[8 2],4,14,31,10,6
1,<environment.Job instance at 0x15328bc142d0>,2,12,[1 7],4,4,16,0,4
1,<environment.Job instance at 0x15328bce9690>,1,13,[5 1],3,5,18,2,5
1,<environment.Job instance at 0x15328bce9a50>,5,14,[6 1],8,23,37,15,23
1,<environment.Job instance at 0x1532b30e6460>,0,17,[5 2],2,3,20,1,3
1,<environment.Job instance at 0x15328bee90a0>,4,12,[ 2 10],7,20,32,13,11
1,<environment.Job instance at 0x15328bee9190>,1,3,[1 5],4,4,7,0,4
1,<environment.Job instance at 0x1532b8bc3c30>,4,14,[1 6],7,7,21,0,7
1,<environment.Job instance at 0x1532ba652780>,2,13,[1 6],3,3,16,0,3
1,<environment.Job instance at 0x1532b005cfa0>,0,3,[10  1],1,1,4,0,1
1,<environment.Job instance at 0x1532a834cc80>,1,16,[6 1],2,4,20,2,2
1,<environment.Job instance at 0x1532a8127370>,4,17,[10  2],8,20,37,12,8
1,<environment.Job instance at 0x1532a8173280>,0,16,[1 8],1,1,17,0,1
1,<environment.Job instance at 0x1532b1353690>,3,15,[2 8],5,5,20,0,5
1,<environment.Job instance at 0x15328be68fa0>,2,14,[1 8],3,3,17,0,3
1,<environment.Job instance at 0x15328be67960>,1,24,[9 2],2,2,26,0,2
1,<environment.Job instance at 0x15328be67230>,2,16,[9 1],5,26,42,21,21
1,<environment.Job instance at 0x15328bb22460>,1,2,[10  1],3,4,6,1,4
1,<environment.Job instance at 0x1532b8bf8140>,4,22,[9 1],8,8,30,0,8
1,<environment.Job instance at 0x15328b94cd20>,0,13,[9 2],2,2,15,0,2
1,<environment.Job instance at 0x1532b3e5a1e0>,6,15,[2 5],9,15,30,6,14
1,<environment.Job instance at 0x1532a81bfa50>,3,13,[ 2 10],4,4,17,0,4
1,<environment.Job instance at 0x1532a82deeb0>,5,12,[1 8],7,17,29,10,7
1,<environment.Job instance at 0x1532a82def50>,6,15,[1 9],8,29,44,21,16
1,<environment.Job instance at 0x15328bd27af0>,2,15,[ 2 10],4,4,19,0,4
1,<environment.Job instance at 0x15328bd27e60>,6,15,[8 1],9,19,34,10,15
1,<environment.Job instance at 0x15328ba7b780>,3,12,[8 2],4,4,16,0,4
1,<environment.Job instance at 0x15328b852eb0>,1,18,[2 5],2,3,21,1,3
1,<environment.Job instance at 0x1532b0106dc0>,0,16,[ 1 10],1,1,17,0,1
1,<environment.Job instance at 0x15328b8529b0>,1,13,[7 2],3,17,30,14,4
1,<environment.Job instance at 0x1532a8067e60>,0,1,[8 2],1,4,5,3,4
1,<environment.Job instance at 0x1532a80677d0>,5,2,[2 8],9,9,11,0,9
1,<environment.Job instance at 0x1532b2fb3960>,3,15,[8 1],5,5,20,0,5
1,<environment.Job instance at 0x1532b3baf3c0>,4,12,[ 2 10],5,5,17,0,5
1,<environment.Job instance at 0x1532b3baf5a0>,6,17,[9 2],7,17,34,10,7
1,<environment.Job instance at 0x15328b87ebe0>,3,17,[6 1],4,4,21,0,4
1,<environment.Job instance at 0x15328ba57870>,0,14,[2 8],1,1,15,0,1
1,<environment.Job instance at 0x15328ba570a0>,1,14,[5 1],2,4,18,2,4
1,<environment.Job instance at 0x1532b31b7190>,0,15,[8 1],1,1,16,0,1
1,<environment.Job instance at 0x1532b3bcc320>,1,13,[6 1],2,4,17,2,4
1,<environment.Job instance at 0x15328b86fcd0>,1,15,[2 6],2,2,17,0,2
1,<environment.Job instance at 0x15328b86faa0>,2,13,[7 1],6,17,30,11,17
1,<environment.Job instance at 0x15328bbaa780>,2,12,[ 1 10],4,4,16,0,4
1,<environment.Job instance at 0x15328bbaa730>,3,18,[10  2],5,16,34,11,5
1,<environment.Job instance at 0x1532b17f8c30>,0,18,[1 6],1,1,19,0,1
1,<environment.Job instance at 0x1532a8181f00>,0,13,[9 1],1,1,14,0,1
1,<environment.Job instance at 0x1532b30aa870>,3,17,[7 1],4,14,31,10,13
1,<environment.Job instance at 0x1532b3e79be0>,5,14,[1 6],9,9,23,0,9
1,<environment.Job instance at 0x15328b8da730>,1,1,[1 8],2,3,4,1,3
1,<environment.Job instance at 0x1532b83643c0>,3,3,[9 1],6,6,9,0,6
1,<environment.Job instance at 0x1532b83325a0>,5,20,[1 9],8,8,28,0,8
1,<environment.Job instance at 0x1532b8332320>,6,14,[2 9],9,28,42,19,14
1,<environment.Job instance at 0x1532a8178410>,4,15,[7 2],5,7,22,2,7
1,<environment.Job instance at 0x1532a8178320>,6,15,[1 6],8,22,37,14,22
1,<environment.Job instance at 0x1532a81783c0>,0,15,[2 9],2,2,17,0,2
1,<environment.Job instance at 0x1532a8178320>,2,18,[6 1],4,11,29,7,11
1,<environment.Job instance at 0x15328b989870>,3,18,[10  2],7,7,25,0,7
1,<environment.Job instance at 0x1532b8c5c910>,4,16,[2 8],9,25,41,16,25
1,<environment.Job instance at 0x1532badadb40>,0,12,[2 6],1,1,13,0,1
1,<environment.Job instance at 0x1532b8c5c910>,2,18,[6 2],4,9,27,5,9
1,<environment.Job instance at 0x1532b8375230>,5,18,[1 9],7,7,25,0,7
1,<environment.Job instance at 0x1532b32029b0>,4,16,[5 2],9,9,25,0,9
1,<environment.Job instance at 0x1532b30e09b0>,1,15,[2 6],3,3,18,0,3
1,<environment.Job instance at 0x1532b30e0be0>,1,13,[2 5],3,4,17,1,4
1,<environment.Job instance at 0x1532a82c55a0>,4,16,[8 2],7,8,24,1,8
1,<environment.Job instance at 0x1532a82c53c0>,3,18,[10  1],5,5,23,0,5
1,<environment.Job instance at 0x15328bdda230>,4,17,[1 6],8,8,25,0,8
1,<environment.Job instance at 0x15328bdda820>,0,15,[7 1],2,2,17,0,2
1,<environment.Job instance at 0x1532b8cfaa00>,3,16,[2 8],8,8,24,0,8
1,<environment.Job instance at 0x1532b8cfa140>,4,14,[1 5],9,24,38,15,11
1,<environment.Job instance at 0x1532b8c9e320>,0,16,[10  2],1,1,17,0,1
1,<environment.Job instance at 0x1532b8c9e370>,1,14,[8 2],2,17,31,15,13
1,<environment.Job instance at 0x1532b30d5c80>,0,17,[7 2],1,4,21,3,4
1,<environment.Job instance at 0x15328b85ebe0>,5,19,[8 2],8,21,40,13,11
1,<environment.Job instance at 0x1532b028ce60>,0,14,[2 9],2,2,16,0,2
1,<environment.Job instance at 0x15328b85ebe0>,1,13,[9 2],4,16,29,12,6
1,<environment.Job instance at 0x1532b0364aa0>,0,15,[2 6],1,1,16,0,1
1,<environment.Job instance at 0x1532b31571e0>,1,3,[1 8],5,5,8,0,5
1,<environment.Job instance at 0x1532ba6615f0>,3,1,[7 1],7,9,10,2,9
1,<environment.Job instance at 0x1532b31ee0f0>,0,14,[1 5],1,3,17,2,3
1,<environment.Job instance at 0x1532ba661e10>,1,14,[9 1],5,5,19,0,5
1,<environment.Job instance at 0x1532b31ee280>,3,16,[2 6],9,19,35,10,16
1,<environment.Job instance at 0x1532a8339780>,2,16,[ 1 10],5,5,21,0,5
1,<environment.Job instance at 0x1532a8269a50>,0,15,[5 1],1,4,19,3,4
1,<environment.Job instance at 0x1532b6e04050>,0,2,[10  1],3,3,5,0,3
1,<environment.Job instance at 0x1532b6e04820>,1,16,[9 2],3,3,19,0,3
1,<environment.Job instance at 0x15328b977fa0>,3,13,[6 2],5,14,27,9,14
1,<environment.Job instance at 0x15328b977fa0>,5,14,[1 6],6,6,20,0,6
1,<environment.Job instance at 0x1532b02488c0>,1,17,[7 2],3,4,21,1,4
1,<environment.Job instance at 0x15328bca1140>,6,13,[2 8],8,10,23,2,10
1,<environment.Job instance at 0x15328bca1aa0>,0,1,[7 2],1,1,2,0,1
1,<environment.Job instance at 0x1532b1324280>,0,13,[1 8],1,1,14,0,1
1,<environment.Job instance at 0x1532b30d4410>,0,13,[8 2],1,1,14,0,1
1,<environment.Job instance at 0x1532b828a320>,1,14,[2 9],3,3,17,0,3
1,<environment.Job instance at 0x1532b184cbe0>,2,17,[10  2],4,17,34,13,5
1,<environment.Job instance at 0x1532b184c690>,5,14,[6 2],9,34,48,25,31
1,<environment.Job instance at 0x15328baabf50>,1,13,[9 2],4,4,17,0,4
1,<environment.Job instance at 0x15328befa9b0>,4,12,[1 5],9,11,23,2,11
1,<environment.Job instance at 0x15328b9da690>,4,18,[2 6],6,6,24,0,6
1,<environment.Job instance at 0x1532b0311d70>,3,15,[5 1],6,33,48,27,33
1,<environment.Job instance at 0x1532ba2325f0>,4,18,[5 2],5,15,33,10,15
1,<environment.Job instance at 0x15328bb241e0>,0,12,[10  2],1,1,13,0,1
1,<environment.Job instance at 0x15328bd613c0>,0,18,[1 7],2,4,22,2,4
1,<environment.Job instance at 0x15328bcf9e60>,2,17,[1 5],3,3,20,0,3
1,<environment.Job instance at 0x1532b1590cd0>,3,18,[6 2],4,5,23,1,5
1,<environment.Job instance at 0x1532b31ef3c0>,0,12,[1 7],3,3,15,0,3
1,<environment.Job instance at 0x1532a810ee10>,2,17,[5 2],6,13,30,7,13
1,<environment.Job instance at 0x1532b30e9b90>,2,14,[2 6],3,4,18,1,4
1,<environment.Job instance at 0x1532b320e460>,1,2,[8 2],5,5,7,0,5
1,<environment.Job instance at 0x15328bcf9910>,0,17,[6 1],1,1,18,0,1
1,<environment.Job instance at 0x1532b308c190>,3,16,[9 2],7,7,23,0,7
1,<environment.Job instance at 0x15328bd80050>,0,2,[10  1],1,1,3,0,1
1,<environment.Job instance at 0x15328bd807d0>,3,3,[5 2],5,5,8,0,5
1,<environment.Job instance at 0x1532ba21aa50>,2,15,[9 1],3,3,18,0,3
1,<environment.Job instance at 0x1532ba21ab40>,1,13,[ 2 10],3,3,16,0,3
1,<environment.Job instance at 0x15328bf0a370>,2,12,[6 1],3,4,16,1,4
1,<environment.Job instance at 0x1532b3b15e60>,4,16,[6 2],6,16,32,10,10
1,<environment.Job instance at 0x1532b3add550>,0,15,[ 1 10],2,2,17,0,2
1,<environment.Job instance at 0x1532b3add3c0>,1,18,[8 1],3,17,35,14,9
1,<environment.Job instance at 0x15328be1cd70>,0,28,[1 9],1,6,34,5,6
1,<environment.Job instance at 0x1532ba22adc0>,0,13,[2 7],2,2,15,0,2
1,<environment.Job instance at 0x15328ba36f00>,4,14,[1 5],7,15,29,8,7
1,<environment.Job instance at 0x1532b3f26be0>,7,13,[8 2],9,9,22,0,9
1,<environment.Job instance at 0x1532b3e2fc80>,2,16,[ 2 10],4,4,20,0,4
1,<environment.Job instance at 0x15328bf09e60>,4,16,[7 2],8,20,36,12,11
1,<environment.Job instance at 0x1532ba1e9870>,4,18,[10  2],5,5,23,0,5
1,<environment.Job instance at 0x1532b3ae2f50>,0,16,[10  2],1,1,17,0,1
1,<environment.Job instance at 0x1532b17e9a00>,3,13,[6 1],4,17,30,13,16
1,<environment.Job instance at 0x1532b015d5a0>,1,3,[ 1 10],2,2,5,0,2
1,<environment.Job instance at 0x1532b0384c80>,0,20,[1 6],1,2,22,1,2
1,<environment.Job instance at 0x1532b3f0ff00>,0,25,[2 8],2,11,36,9,11
1,<environment.Job instance at 0x1532b3f0f0a0>,1,27,[8 2],3,5,32,2,5
1,<environment.Job instance at 0x1532b82dc410>,0,1,[7 1],1,1,2,0,1
1,<environment.Job instance at 0x1532b82dc4b0>,5,16,[2 5],8,8,24,0,8
1,<environment.Job instance at 0x1532ba22d550>,6,15,[ 1 10],9,24,39,15,18
1,<environment.Job instance at 0x1532b3e86fa0>,1,17,[2 9],2,2,19,0,2
1,<environment.Job instance at 0x1532b3e86dc0>,3,12,[5 1],5,10,22,5,10
1,<environment.Job instance at 0x1532b3e86780>,3,18,[8 2],7,7,25,0,7
1,<environment.Job instance at 0x1532b17d5870>,4,3,[1 7],7,7,10,0,7
1,<environment.Job instance at 0x1532b17d5140>,1,18,[10  1],6,6,24,0,6
1,<environment.Job instance at 0x1532b02c4500>,3,17,[1 8],4,4,21,0,4
1,<environment.Job instance at 0x1532b02c44b0>,1,1,[7 2],2,5,6,3,5
1,<environment.Job instance at 0x15328bd88820>,1,15,[2 5],2,2,17,0,2
1,<environment.Job instance at 0x1532b3b39e10>,4,14,[9 2],6,17,31,11,6
1,<environment.Job instance at 0x1532b02e4a50>,0,13,[ 1 10],1,1,14,0,1
1,<environment.Job instance at 0x1532b82607d0>,1,17,[6 2],2,4,21,2,4
1,<environment.Job instance at 0x1532b0158230>,2,15,[9 1],5,5,20,0,5
1,<environment.Job instance at 0x15328b9740a0>,5,17,[8 2],8,28,45,20,28
1,<environment.Job instance at 0x1532a83b6870>,0,3,[7 1],2,2,5,0,2
1,<environment.Job instance at 0x15328b9741e0>,1,12,[6 2],3,6,18,3,6
1,<environment.Job instance at 0x15328b851320>,0,12,[9 2],1,1,13,0,1
1,<environment.Job instance at 0x1532a837fc30>,1,2,[6 2],3,3,5,0,3
1,<environment.Job instance at 0x1532b3afc410>,0,13,[2 5],1,1,14,0,1
1,<environment.Job instance at 0x1532b18340a0>,3,16,[2 6],6,14,30,8,7
1,<environment.Job instance at 0x1532b2b05550>,2,17,[6 1],3,3,20,0,3
1,<environment.Job instance at 0x1532b2b058c0>,4,15,[2 6],6,8,23,2,8
1,<environment.Job instance at 0x1532b2fda190>,3,2,[1 7],6,9,11,3,9
1,<environment.Job instance at 0x15328b9b6140>,2,3,[2 9],4,4,7,0,4
1,<environment.Job instance at 0x15328b9b6320>,3,19,[1 5],5,7,26,2,7
1,<environment.Job instance at 0x1532a8100f50>,6,16,[9 1],9,15,31,6,15
1,<environment.Job instance at 0x1532b0096140>,3,15,[9 1],4,4,19,0,4
1,<environment.Job instance at 0x1532b00960a0>,6,12,[10  1],8,19,31,11,10
1,<environment.Job instance at 0x1532b00bdc80>,3,3,[8 2],7,7,10,0,7
1,<environment.Job instance at 0x1532b3b9a320>,0,3,[7 1],2,2,5,0,2
1,<environment.Job instance at 0x15328bb88870>,3,3,[6 2],7,7,10,0,7
1,<environment.Job instance at 0x15328bd88190>,0,15,[2 7],1,1,16,0,1
1,<environment.Job instance at 0x1532a824d320>,3,20,[9 1],4,16,36,12,7
1,<environment.Job instance at 0x1532b8c88960>,3,13,[9 2],5,5,18,0,5
1,<environment.Job instance at 0x1532b005cf50>,0,19,[5 2],2,2,21,0,2
1,<environment.Job instance at 0x15328ba1ce10>,3,15,[7 2],6,21,36,15,17
1,<environment.Job instance at 0x1532b3013e60>,2,17,[2 9],3,4,21,1,4
1,<environment.Job instance at 0x15328b96eeb0>,1,14,[2 5],2,2,16,0,2
1,<environment.Job instance at 0x15328b96ea00>,3,18,[7 1],5,6,24,1,6
1,<environment.Job instance at 0x1532b2f5fbe0>,6,17,[8 1],8,24,41,16,14
1,<environment.Job instance at 0x1532b2f5ffa0>,1,17,[ 2 10],3,3,20,0,3
1,<environment.Job instance at 0x15328bdc4f00>,4,17,[9 1],7,20,37,13,8
1,<environment.Job instance at 0x15328bdc45f0>,2,18,[ 1 10],4,5,23,1,5
1,<environment.Job instance at 0x1532b30ac6e0>,0,18,[7 2],3,3,21,0,3
1,<environment.Job instance at 0x1532ba208960>,4,17,[ 1 10],8,21,38,13,18
1,<environment.Job instance at 0x1532b825da00>,0,20,[9 1],1,1,21,0,1
1,<environment.Job instance at 0x15328b8f9370>,1,20,[9 2],4,4,24,0,4
1,<environment.Job instance at 0x15328b8c8910>,2,16,[7 1],6,34,50,28,34
1,<environment.Job instance at 0x15328bbad8c0>,4,16,[8 1],5,5,21,0,5
1,<environment.Job instance at 0x15328bbad820>,5,15,[1 6],8,8,23,0,8
1,<environment.Job instance at 0x15328b8f9fa0>,0,3,[1 7],1,1,4,0,1
1,<environment.Job instance at 0x15328bdd55a0>,1,12,[10  2],2,4,16,2,2
1,<environment.Job instance at 0x1532b3ba05a0>,5,17,[1 7],9,16,33,7,13
1,<environment.Job instance at 0x1532a817be10>,3,3,[9 1],5,5,8,0,5
1,<environment.Job instance at 0x1532a817bc30>,4,3,[10  1],6,8,11,2,6
1,<environment.Job instance at 0x1532a817b730>,5,15,[ 2 10],8,11,26,3,9
1,<environment.Job instance at 0x1532a83dad20>,0,19,[2 7],1,1,20,0,1
1,<environment.Job instance at 0x1532b30700f0>,2,18,[2 8],4,5,23,1,5
1,<environment.Job instance at 0x1532b30d2f00>,0,14,[2 9],2,2,16,0,2
1,<environment.Job instance at 0x1532b1857190>,1,12,[2 8],5,5,17,0,5
1,<environment.Job instance at 0x1532a80b17d0>,3,14,[7 1],8,15,29,7,15
1,<environment.Job instance at 0x1532a80b1870>,2,1,[2 9],6,7,8,1,7
1,<environment.Job instance at 0x15328bcd0140>,4,3,[1 9],9,9,12,0,9
1,<environment.Job instance at 0x15328b9c8820>,4,13,[9 1],9,9,22,0,9
1,<environment.Job instance at 0x1532ba22d8c0>,1,3,[8 1],3,3,6,0,3
1,<environment.Job instance at 0x15328bab42d0>,2,13,[6 2],4,6,19,2,5
1,<environment.Job instance at 0x1532b01470a0>,0,18,[2 9],1,1,19,0,1
1,<environment.Job instance at 0x1532b2fd9fa0>,0,13,[9 2],1,1,14,0,1
1,<environment.Job instance at 0x1532b2fd9500>,2,13,[1 7],4,5,18,1,5
1,<environment.Job instance at 0x15328bc1d5f0>,5,3,[ 2 10],9,9,12,0,9
1,<environment.Job instance at 0x1532b8271f50>,3,13,[5 2],5,6,19,1,6
1,<environment.Job instance at 0x1532b8271a00>,6,3,[10  2],8,19,22,11,9
1,<environment.Job instance at 0x1532a807d870>,0,14,[8 2],1,1,15,0,1
1,<environment.Job instance at 0x1532a807d6e0>,5,18,[2 6],7,12,30,5,12
1,<environment.Job instance at 0x1532b8d6ddc0>,0,12,[2 7],1,1,13,0,1
1,<environment.Job instance at 0x1532b3157a50>,4,13,[7 2],7,10,23,3,10
1,<environment.Job instance at 0x15328be19cd0>,0,26,[9 2],1,1,27,0,1
1,<environment.Job instance at 0x15328be19be0>,4,15,[10  1],9,27,42,18,18
1,<environment.Job instance at 0x1532a83350a0>,2,18,[9 1],6,6,24,0,6
1,<environment.Job instance at 0x1532b3a6f140>,0,2,[1 7],1,1,3,0,1
1,<environment.Job instance at 0x1532a82c2c30>,2,14,[2 8],4,4,18,0,4
1,<environment.Job instance at 0x1532b3a6fc80>,0,19,[9 1],4,4,23,0,4
1,<environment.Job instance at 0x1532b83ac820>,0,12,[8 2],1,1,13,0,1
1,<environment.Job instance at 0x1532b6df14b0>,0,2,[6 1],1,1,3,0,1
1,<environment.Job instance at 0x1532b02e6780>,0,17,[9 1],1,1,18,0,1
1,<environment.Job instance at 0x1532b0046b40>,0,14,[10  2],1,1,15,0,1
1,<environment.Job instance at 0x1532b82f7d20>,0,16,[ 2 10],2,2,18,0,2
1,<environment.Job instance at 0x1532b31f50a0>,0,14,[1 8],1,1,15,0,1
1,<environment.Job instance at 0x1532a830fd20>,0,14,[9 1],1,2,16,1,2
1,<environment.Job instance at 0x1532a830fc30>,1,18,[10  1],4,16,34,12,5
1,<environment.Job instance at 0x15328b9b00a0>,0,17,[2 6],1,1,18,0,1
1,<environment.Job instance at 0x15328b9b00f0>,3,13,[10  1],5,18,31,13,5
1,<environment.Job instance at 0x15328b9b0e10>,2,18,[6 1],5,5,23,0,5
1,<environment.Job instance at 0x15328b88e320>,0,16,[7 1],3,5,21,2,5
1,<environment.Job instance at 0x1532b3ad5230>,0,13,[7 2],1,2,15,1,2
1,<environment.Job instance at 0x1532b3ad5780>,2,18,[9 1],3,15,33,12,4
1,<environment.Job instance at 0x15328bf7b960>,1,19,[9 2],3,3,22,0,3
1,<environment.Job instance at 0x1532ba1fcf00>,4,18,[1 5],6,13,31,7,13
1,<environment.Job instance at 0x1532b6df1af0>,0,15,[1 7],1,1,16,0,1
1,<environment.Job instance at 0x1532ba1fcf00>,3,12,[ 1 10],8,16,28,8,8
1,<environment.Job instance at 0x1532b8275c80>,1,2,[1 5],3,4,6,1,4
1,<environment.Job instance at 0x1532b31d7730>,2,16,[5 2],5,5,21,0,5
1,<environment.Job instance at 0x1532b31d7320>,5,2,[6 2],8,21,23,13,8
1,<environment.Job instance at 0x1532b31d78c0>,1,13,[ 1 10],2,2,15,0,2
1,<environment.Job instance at 0x15328bd65460>,0,20,[8 1],1,4,24,3,4
1,<environment.Job instance at 0x15328bd65140>,2,2,[10  2],3,68,70,65,68
1,<environment.Job instance at 0x1532b31cd3c0>,0,17,[9 2],1,1,18,0,1
1,<environment.Job instance at 0x15328bcf9370>,0,3,[7 2],1,1,4,0,1
1,<environment.Job instance at 0x15328b93cf50>,1,1,[5 2],3,4,5,1,3
1,<environment.Job instance at 0x1532b309a320>,2,12,[1 6],3,3,15,0,3
1,<environment.Job instance at 0x15328bbad7d0>,4,12,[9 1],6,6,18,0,6
1,<environment.Job instance at 0x15328bbad690>,3,1,[2 8],4,18,19,14,15
1,<environment.Job instance at 0x15328bbadaf0>,1,16,[1 6],5,6,22,1,6
1,<environment.Job instance at 0x1532b3e46140>,0,17,[ 1 10],2,2,19,0,2
1,<environment.Job instance at 0x15328b9eb410>,0,15,[2 5],1,1,16,0,1
1,<environment.Job instance at 0x1532b1834280>,2,12,[1 8],4,4,16,0,4
1,<environment.Job instance at 0x1532a831d9b0>,6,14,[1 6],8,16,30,8,9
1,<environment.Job instance at 0x1532a82ea0a0>,0,3,[2 5],1,1,4,0,1
1,<environment.Job instance at 0x15328b9d2eb0>,3,2,[5 2],5,5,7,0,5
1,<environment.Job instance at 0x15328b8ce3c0>,0,2,[2 5],1,1,3,0,1
1,<environment.Job instance at 0x1532b3ab82d0>,3,1,[5 2],7,7,8,0,7
1,<environment.Job instance at 0x1532b82955f0>,0,3,[10  2],1,1,4,0,1
1,<environment.Job instance at 0x1532b2ad2780>,1,1,[7 2],4,4,5,0,4
1,<environment.Job instance at 0x15328bf70a00>,0,18,[2 7],1,2,20,1,2
1,<environment.Job instance at 0x1532b032d410>,2,3,[1 9],6,6,9,0,6
1,<environment.Job instance at 0x1532b8bc44b0>,2,12,[10  2],5,5,17,0,5
1,<environment.Job instance at 0x15328be02e10>,4,17,[2 7],9,10,27,1,10
1,<environment.Job instance at 0x15328be02e10>,1,27,[7 2],3,3,30,0,3
1,<environment.Job instance at 0x15328bc41af0>,4,15,[1 6],9,17,32,8,17
1,<environment.Job instance at 0x15328bf7e960>,2,12,[ 1 10],4,5,17,1,5
1,<environment.Job instance at 0x1532a8180fa0>,2,14,[5 2],4,4,18,0,4
1,<environment.Job instance at 0x1532b02d1960>,1,2,[10  1],4,4,6,0,4
1,<environment.Job instance at 0x15328b8c74b0>,5,13,[2 5],8,9,22,1,9
1,<environment.Job instance at 0x1532b01f4870>,0,18,[1 7],1,1,19,0,1
1,<environment.Job instance at 0x1532b2f17a00>,0,16,[10  1],1,1,17,0,1
1,<environment.Job instance at 0x15328bc84050>,2,3,[1 7],5,6,9,1,6
1,<environment.Job instance at 0x1532b0281c30>,1,13,[5 2],3,3,16,0,3
1,<environment.Job instance at 0x1532b3abd910>,4,15,[6 2],8,16,31,8,8
1,<environment.Job instance at 0x1532b826e910>,1,16,[10  1],2,2,18,0,2
1,<environment.Job instance at 0x1532b2f66b90>,5,13,[6 1],7,19,32,12,19
1,<environment.Job instance at 0x1532b8cfd870>,2,2,[10  2],4,4,6,0,4
1,<environment.Job instance at 0x1532b3058f50>,3,18,[6 1],5,45,63,40,45
1,<environment.Job instance at 0x1532b836f050>,0,2,[5 2],2,2,4,0,2
1,<environment.Job instance at 0x1532b836fdc0>,1,17,[8 2],4,4,21,0,4
1,<environment.Job instance at 0x1532b3b5f910>,5,12,[10  1],9,21,33,12,9
1,<environment.Job instance at 0x1532a83a9820>,1,15,[5 2],3,3,18,0,3
1,<environment.Job instance at 0x15328bf6bbe0>,1,13,[2 7],4,4,17,0,4
1,<environment.Job instance at 0x1532b006e410>,4,17,[5 1],7,11,28,4,11
1,<environment.Job instance at 0x15328b8c8280>,0,19,[2 7],1,3,22,2,3
1,<environment.Job instance at 0x15328bc195f0>,0,2,[2 5],1,1,3,0,1
1,<environment.Job instance at 0x1532b3029b90>,2,18,[7 2],4,4,22,0,4
1,<environment.Job instance at 0x1532b3146dc0>,6,14,[1 9],9,22,36,13,10
1,<environment.Job instance at 0x15328ba3daf0>,2,19,[1 7],6,6,25,0,6
1,<environment.Job instance at 0x15328ba3d7d0>,3,12,[6 2],8,9,21,1,9
1,<environment.Job instance at 0x15328bc3e8c0>,0,3,[2 5],2,2,5,0,2
1,<environment.Job instance at 0x15328bf55730>,1,14,[5 2],2,2,16,0,2
1,<environment.Job instance at 0x15328b8e8be0>,4,17,[2 6],7,11,28,4,11
1,<environment.Job instance at 0x15328b8e8a00>,0,17,[2 5],2,2,19,0,2
1,<environment.Job instance at 0x15328bdf1cd0>,4,15,[6 1],6,31,46,25,31
1,<environment.Job instance at 0x1532b2f74e60>,0,3,[7 1],1,1,4,0,1
1,<environment.Job instance at 0x1532b2f74370>,3,3,[2 5],4,39,42,35,39
1,<environment.Job instance at 0x1532b6df18c0>,0,15,[ 1 10],1,1,16,0,1
1,<environment.Job instance at 0x1532b6df14b0>,2,18,[6 1],4,32,50,28,32
1,<environment.Job instance at 0x1532b6dd2d70>,0,16,[5 1],1,2,18,1,2
1,<environment.Job instance at 0x1532b828ebe0>,3,17,[9 2],6,18,35,12,6
1,<environment.Job instance at 0x15328bfa9320>,0,17,[6 2],1,1,18,0,1
1,<environment.Job instance at 0x1532b5176410>,1,18,[10  1],3,3,21,0,3
1,<environment.Job instance at 0x1532b5176d20>,2,15,[5 2],5,21,36,16,17
1,<environment.Job instance at 0x15328b8dffa0>,0,18,[ 1 10],2,2,20,0,2
1,<environment.Job instance at 0x15328bfaa550>,3,14,[8 2],7,20,34,13,7
1,<environment.Job instance at 0x1532b3a87230>,1,1,[8 2],4,4,5,0,4
1,<environment.Job instance at 0x15328b903320>,1,1,[10  2],3,3,4,0,3
1,<environment.Job instance at 0x15328b903230>,2,3,[7 2],4,4,7,0,4
1,<environment.Job instance at 0x15328b903af0>,5,12,[10  1],9,9,21,0,9
1,<environment.Job instance at 0x1532a831d5a0>,1,14,[1 7],2,3,17,1,3
1,<environment.Job instance at 0x1532b308a6e0>,1,2,[8 1],2,2,4,0,2
1,<environment.Job instance at 0x1532b3064c80>,3,12,[1 9],4,4,16,0,4
1,<environment.Job instance at 0x1532b83380a0>,5,12,[8 1],6,6,18,0,6
1,<environment.Job instance at 0x1532b3af5cd0>,1,15,[2 5],3,3,18,0,3
1,<environment.Job instance at 0x1532a81f3960>,3,14,[1 8],7,18,32,11,7
1,<environment.Job instance at 0x15328bba80a0>,2,17,[7 2],6,6,23,0,6
1,<environment.Job instance at 0x1532a818b190>,1,17,[7 1],3,3,20,0,3
1,<environment.Job instance at 0x1532b3bf0b40>,4,16,[7 1],8,20,36,12,8
1,<environment.Job instance at 0x1532b3bf07d0>,1,17,[5 1],3,5,22,2,5
1,<environment.Job instance at 0x1532b0219280>,0,18,[5 2],1,6,24,5,6
1,<environment.Job instance at 0x15328bd9a7d0>,0,2,[5 1],1,1,3,0,1
1,<environment.Job instance at 0x1532b037f370>,0,20,[1 6],1,4,24,3,4
1,<environment.Job instance at 0x1532b3c0ea50>,4,18,[10  1],9,9,27,0,9
1,<environment.Job instance at 0x1532b02df730>,0,14,[8 2],1,1,15,0,1
1,<environment.Job instance at 0x1532b02df4b0>,3,22,[10  2],4,15,37,11,8
1,<environment.Job instance at 0x1532b1802e10>,0,12,[10  2],2,2,14,0,2
1,<environment.Job instance at 0x1532b8271f50>,3,2,[10  1],8,14,16,6,9
1,<environment.Job instance at 0x1532b1322500>,3,17,[9 1],4,4,21,0,4
1,<environment.Job instance at 0x15328bfb0780>,0,18,[8 2],1,1,19,0,1
1,<environment.Job instance at 0x1532b01aaf50>,5,14,[ 2 10],8,8,22,0,8
1,<environment.Job instance at 0x15328bbd5820>,3,3,[2 9],6,6,9,0,6
1,<environment.Job instance at 0x1532b31ee0a0>,4,15,[5 1],7,8,23,1,8
1,<environment.Job instance at 0x15328ba57190>,2,13,[8 1],7,7,20,0,7
1,<environment.Job instance at 0x1532a814f460>,0,18,[5 1],1,42,60,41,42
1,<environment.Job instance at 0x15328bd88460>,2,13,[8 2],4,21,34,17,21
1,<environment.Job instance at 0x1532b3e2deb0>,3,12,[5 1],6,7,19,1,7
1,<environment.Job instance at 0x1532b3028280>,0,12,[8 2],1,1,13,0,1
1,<environment.Job instance at 0x1532b302deb0>,6,12,[1 6],9,10,22,1,10
1,<environment.Job instance at 0x1532b834deb0>,0,17,[6 1],1,1,18,0,1
1,<environment.Job instance at 0x1532b834d320>,3,15,[8 2],5,18,33,13,13
1,<environment.Job instance at 0x1532a813f370>,0,18,[2 8],3,3,21,0,3
1,<environment.Job instance at 0x15328bb28640>,1,24,[8 2],2,2,26,0,2
1,<environment.Job instance at 0x15328bb288c0>,2,12,[7 2],3,27,39,24,27
1,<environment.Job instance at 0x1532b320bdc0>,6,1,[1 5],9,9,10,0,9
1,<environment.Job instance at 0x1532b00a4910>,1,14,[5 1],3,5,19,2,5
1,<environment.Job instance at 0x1532b03ad7d0>,5,16,[2 9],9,11,27,2,11
1,<environment.Job instance at 0x1532b5180230>,0,1,[10  1],1,2,3,1,2
1,<environment.Job instance at 0x1532a83d1cd0>,3,16,[2 8],5,5,21,0,5
1,<environment.Job instance at 0x15328bc1dbe0>,1,17,[2 5],2,4,21,2,4
1,<environment.Job instance at 0x1532b02e4e10>,2,14,[9 1],5,21,35,16,6
1,<environment.Job instance at 0x1532b134aaf0>,0,2,[10  2],1,1,3,0,1
1,<environment.Job instance at 0x15328bb1b140>,4,13,[10  1],8,8,21,0,8
1,<environment.Job instance at 0x1532b17f9eb0>,0,15,[10  2],2,2,17,0,2
1,<environment.Job instance at 0x15328bef09b0>,5,15,[5 1],9,10,25,1,10
1,<environment.Job instance at 0x15328bef0be0>,1,3,[5 2],5,6,9,1,6
1,<environment.Job instance at 0x1532b1e97550>,2,18,[1 9],7,10,28,3,10
1,<environment.Job instance at 0x1532a81b6cd0>,3,3,[1 6],5,5,8,0,5
1,<environment.Job instance at 0x15328bf89820>,3,18,[9 1],4,4,22,0,4
1,<environment.Job instance at 0x1532bae20a00>,1,16,[10  1],2,2,18,0,2
1,<environment.Job instance at 0x15328b937960>,5,15,[1 5],9,18,33,9,17
1,<environment.Job instance at 0x1532b034d370>,3,14,[1 7],7,7,21,0,7
1,<environment.Job instance at 0x1532b034d8c0>,4,17,[ 2 10],9,21,38,12,20
1,<environment.Job instance at 0x1532b034d8c0>,2,13,[1 6],4,4,17,0,4
1,<environment.Job instance at 0x1532b1e97aa0>,3,18,[9 2],5,5,23,0,5
1,<environment.Job instance at 0x15328bf9c2d0>,0,2,[ 1 10],1,1,3,0,1
1,<environment.Job instance at 0x1532b1802230>,2,15,[5 1],3,4,19,1,4
1,<environment.Job instance at 0x1532b8260c80>,4,14,[7 2],5,19,33,14,7
1,<environment.Job instance at 0x1532b3bbb0a0>,0,17,[2 8],3,4,21,1,4
1,<environment.Job instance at 0x15328b9987d0>,1,15,[8 1],2,2,17,0,2
1,<environment.Job instance at 0x1532b13255a0>,3,16,[9 2],6,6,22,0,6
1,<environment.Job instance at 0x1532a82b4690>,0,15,[1 5],2,2,17,0,2
1,<environment.Job instance at 0x1532a8136780>,4,18,[7 1],6,152,170,146,152
1,<environment.Job instance at 0x1532b3ed70a0>,2,15,[1 5],4,4,19,0,4
1,<environment.Job instance at 0x15328bc43d20>,1,15,[1 6],5,5,20,0,5
1,<environment.Job instance at 0x15328be225f0>,0,2,[2 5],3,4,6,1,4
1,<environment.Job instance at 0x15328bc11640>,5,12,[10  2],8,8,20,0,8
1,<environment.Job instance at 0x1532b3232cd0>,0,16,[5 2],1,1,17,0,1
1,<environment.Job instance at 0x1532b3232f00>,0,3,[7 2],4,4,7,0,4
1,<environment.Job instance at 0x1532b8cf2d70>,4,13,[2 6],8,8,21,0,8
1,<environment.Job instance at 0x1532b02cc460>,3,13,[8 2],5,5,18,0,5
1,<environment.Job instance at 0x15328b8eba50>,2,15,[10  1],7,7,22,0,7
1,<environment.Job instance at 0x1532b01e1be0>,1,14,[5 2],2,4,18,2,4
1,<environment.Job instance at 0x1532b3bc4690>,3,13,[9 2],6,18,31,12,6
1,<environment.Job instance at 0x1532a80fbd20>,0,13,[2 9],3,3,16,0,3
1,<environment.Job instance at 0x1532b02d14b0>,5,16,[2 7],7,7,23,0,7
1,<environment.Job instance at 0x15328bfdbc80>,0,1,[5 2],1,1,2,0,1
1,<environment.Job instance at 0x1532b3bf0c30>,1,15,[1 9],2,2,17,0,2
1,<environment.Job instance at 0x1532b005c690>,0,2,[2 5],1,2,4,1,2
1,<environment.Job instance at 0x15328ba7bb40>,3,1,[9 1],7,9,10,2,9
1,<environment.Job instance at 0x15328beec140>,4,3,[5 1],8,20,23,12,20
1,<environment.Job instance at 0x15328bb61eb0>,5,14,[1 8],9,9,23,0,9
1,<environment.Job instance at 0x1532b30e96e0>,1,1,[9 1],2,3,4,1,3
1,<environment.Job instance at 0x1532a8299b90>,6,18,[5 1],8,9,27,1,9
1,<environment.Job instance at 0x1532b8c5c500>,0,16,[6 2],1,2,18,1,2
1,<environment.Job instance at 0x1532b8c5cd70>,4,2,[5 1],9,18,20,9,12
1,<environment.Job instance at 0x1532b1570280>,1,18,[1 7],6,6,24,0,6
1,<environment.Job instance at 0x1532a8114140>,2,16,[1 6],3,3,19,0,3
1,<environment.Job instance at 0x1532b0258460>,3,14,[7 2],4,5,19,1,5
1,<environment.Job instance at 0x1532b02586e0>,6,17,[9 1],9,19,36,10,9
1,<environment.Job instance at 0x1532a827ed20>,3,18,[1 6],9,23,41,14,23
1,<environment.Job instance at 0x1532b51760f0>,0,17,[6 1],3,3,20,0,3
1,<environment.Job instance at 0x1532b5176cd0>,1,13,[6 1],5,82,95,77,82
1,<environment.Job instance at 0x1532b026acd0>,2,17,[1 9],3,3,20,0,3
1,<environment.Job instance at 0x1532b3b3e960>,0,1,[8 1],3,4,5,1,4
1,<environment.Job instance at 0x1532b3ebc690>,1,26,[9 2],5,5,31,0,5
1,<environment.Job instance at 0x1532b0046190>,2,17,[1 9],3,9,26,6,9
1,<environment.Job instance at 0x1532b0360230>,2,12,[2 9],5,6,18,1,6
1,<environment.Job instance at 0x1532b2f43820>,4,3,[10  2],7,7,10,0,7
1,<environment.Job instance at 0x15328b815230>,4,13,[8 1],7,7,20,0,7
1,<environment.Job instance at 0x1532b30d23c0>,5,16,[1 8],8,8,24,0,8
1,<environment.Job instance at 0x1532bae26fa0>,2,15,[7 2],7,8,23,1,8
1,<environment.Job instance at 0x15328bb97dc0>,0,13,[2 6],3,3,16,0,3
1,<environment.Job instance at 0x15328bf8daf0>,0,12,[2 7],2,2,14,0,2
1,<environment.Job instance at 0x15328bc49aa0>,2,18,[8 1],4,5,23,1,5
1,<environment.Job instance at 0x1532b17e6230>,0,3,[6 2],1,1,4,0,1
1,<environment.Job instance at 0x15328b99d0a0>,2,14,[ 1 10],6,6,20,0,6
1,<environment.Job instance at 0x1532b17e64b0>,4,16,[5 2],8,20,36,12,10
1,<environment.Job instance at 0x15328bf4ea50>,0,3,[5 2],1,1,4,0,1
1,<environment.Job instance at 0x15328bf4e820>,1,2,[7 2],4,4,6,0,4
1,<environment.Job instance at 0x1532b17e64b0>,2,13,[2 5],6,6,19,0,6
1,<environment.Job instance at 0x15328beeceb0>,4,16,[7 2],6,7,23,1,7
1,<environment.Job instance at 0x1532a8027e60>,1,18,[6 1],3,3,21,0,3
1,<environment.Job instance at 0x1532b516d050>,3,13,[5 1],7,7,20,0,7
1,<environment.Job instance at 0x1532b1834e10>,0,14,[2 9],1,1,15,0,1
1,<environment.Job instance at 0x1532b03b56e0>,2,15,[6 1],7,11,26,4,11
1,<environment.Job instance at 0x1532b3030c30>,0,12,[2 9],1,1,13,0,1
1,<environment.Job instance at 0x15328bbe9d20>,1,12,[ 1 10],5,5,17,0,5
1,<environment.Job instance at 0x15328ba5aaa0>,2,17,[5 1],6,21,38,15,21
1,<environment.Job instance at 0x15328bbf63c0>,1,19,[2 8],2,3,22,1,3
1,<environment.Job instance at 0x15328ba5aaa0>,3,18,[10  1],4,22,40,18,11
1,<environment.Job instance at 0x1532a821d7d0>,0,12,[6 2],1,1,13,0,1
1,<environment.Job instance at 0x15328bcf1cd0>,0,14,[2 7],1,1,15,0,1
1,<environment.Job instance at 0x1532b0188050>,3,17,[2 7],8,8,25,0,8
1,<environment.Job instance at 0x15328bfb0550>,4,12,[1 6],5,5,17,0,5
1,<environment.Job instance at 0x15328bfb0230>,5,14,[1 7],6,17,31,11,8
1,<environment.Job instance at 0x15328bfb0c30>,7,16,[2 7],9,31,47,22,28
1,<environment.Job instance at 0x1532a835e640>,0,17,[6 2],3,3,20,0,3
1,<environment.Job instance at 0x1532b3a6fa00>,0,14,[ 2 10],2,2,16,0,2
1,<environment.Job instance at 0x1532b3e2ce60>,1,12,[1 8],2,2,14,0,2
1,<environment.Job instance at 0x1532b3afe4b0>,4,15,[5 1],5,11,26,6,11
1,<environment.Job instance at 0x1532b3ab8550>,5,14,[9 2],6,8,22,2,8
1,<environment.Job instance at 0x1532b3aef960>,1,12,[10  1],4,4,16,0,4
1,<environment.Job instance at 0x1532a823f2d0>,3,15,[5 1],6,31,46,25,31
1,<environment.Job instance at 0x1532b8d06f00>,0,15,[2 7],1,1,16,0,1
1,<environment.Job instance at 0x1532b8d06be0>,1,15,[5 2],3,5,20,2,5
1,<environment.Job instance at 0x1532a8310a50>,0,15,[ 1 10],1,1,16,0,1
1,<environment.Job instance at 0x1532a8310e60>,2,13,[5 2],4,16,29,12,5
1,<environment.Job instance at 0x1532b2fc9190>,6,12,[ 2 10],9,29,41,20,25
1,<environment.Job instance at 0x15328be24640>,0,22,[ 1 10],1,4,26,3,4
1,<environment.Job instance at 0x15328bd07b90>,5,16,[10  2],7,26,42,19,13
1,<environment.Job instance at 0x15328ba4d820>,0,17,[8 1],1,1,18,0,1
1,<environment.Job instance at 0x1532b31e1f50>,2,16,[2 6],4,13,29,9,13
1,<environment.Job instance at 0x15328bbeaeb0>,4,1,[2 7],7,9,10,2,9
1,<environment.Job instance at 0x15328bec37d0>,0,18,[1 8],1,1,19,0,1
1,<environment.Job instance at 0x15328bbeaa50>,1,13,[9 2],2,5,18,3,5
1,<environment.Job instance at 0x1532b032f910>,5,18,[9 2],8,8,26,0,8
1,<environment.Job instance at 0x1532a838a1e0>,4,15,[ 1 10],8,8,23,0,8
1,<environment.Job instance at 0x1532a838a5a0>,5,17,[7 2],9,23,40,14,17
1,<environment.Job instance at 0x15328b97c960>,0,12,[5 1],1,2,14,1,2
1,<environment.Job instance at 0x1532b02d1a00>,0,13,[10  2],2,2,15,0,2
1,<environment.Job instance at 0x15328b84bd70>,1,16,[2 8],6,6,22,0,6
1,<environment.Job instance at 0x1532b3a6e500>,4,16,[8 1],5,5,21,0,5
1,<environment.Job instance at 0x1532b31f74b0>,5,17,[6 1],6,21,38,15,18
1,<environment.Job instance at 0x1532b8c1b640>,6,13,[7 2],7,8,21,1,8
1,<environment.Job instance at 0x1532b3aaf460>,1,3,[1 5],2,3,6,1,3
1,<environment.Job instance at 0x15328b9ce550>,0,1,[10  2],1,1,2,0,1
1,<environment.Job instance at 0x15328b9ce910>,4,13,[7 2],6,6,19,0,6
1,<environment.Job instance at 0x15328bb00be0>,0,25,[10  2],2,2,27,0,2
1,<environment.Job instance at 0x1532b837cfa0>,0,3,[1 8],1,1,4,0,1
1,<environment.Job instance at 0x1532b00c64b0>,4,18,[6 1],9,9,27,0,9
1,<environment.Job instance at 0x1532a805f820>,3,16,[5 1],6,8,24,2,8
1,<environment.Job instance at 0x1532a8034140>,0,13,[7 2],1,1,14,0,1
1,<environment.Job instance at 0x15328bc86640>,3,17,[8 1],7,7,24,0,7
1,<environment.Job instance at 0x15328b8e8780>,0,17,[1 5],2,2,19,0,2
1,<environment.Job instance at 0x1532a80e1f50>,2,17,[10  2],4,19,36,15,7
1,<environment.Job instance at 0x1532a8057f50>,1,16,[2 5],5,6,22,1,6
1,<environment.Job instance at 0x1532b3145e10>,4,1,[6 2],7,8,9,1,8
1,<environment.Job instance at 0x1532b3c09f00>,0,12,[1 8],3,3,15,0,3
1,<environment.Job instance at 0x1532a83dfa50>,2,15,[2 7],8,15,30,7,9
1,<environment.Job instance at 0x1532a83df960>,0,17,[ 2 10],1,1,18,0,1
1,<environment.Job instance at 0x1532b8c0f370>,1,18,[5 1],6,10,28,4,10
1,<environment.Job instance at 0x15328bf9a140>,5,1,[10  2],9,24,25,15,24
1,<environment.Job instance at 0x1532b0149960>,0,18,[ 2 10],1,3,21,2,3
1,<environment.Job instance at 0x15328b917050>,3,15,[7 1],5,21,36,16,19
1,<environment.Job instance at 0x15328bef0820>,0,18,[5 2],1,2,20,1,2
1,<environment.Job instance at 0x15328bef0f00>,4,12,[10  2],6,20,32,14,6
1,<environment.Job instance at 0x15328bef0b40>,5,17,[5 1],9,32,49,23,28
1,<environment.Job instance at 0x15328bef0cd0>,0,18,[7 1],4,5,23,1,5
1,<environment.Job instance at 0x15328bef0230>,3,17,[7 2],8,23,40,15,21
1,<environment.Job instance at 0x15328be2d8c0>,2,13,[8 2],3,3,16,0,3
1,<environment.Job instance at 0x1532a82837d0>,5,18,[7 2],7,16,34,9,8
1,<environment.Job instance at 0x1532a8283af0>,7,18,[9 2],9,34,52,25,25
1,<environment.Job instance at 0x15328bb73370>,1,15,[10  2],2,2,17,0,2
1,<environment.Job instance at 0x1532a82833c0>,3,16,[2 9],6,17,33,11,10
1,<environment.Job instance at 0x1532b3002be0>,0,17,[7 1],1,2,19,1,2
1,<environment.Job instance at 0x1532b3c0d370>,2,17,[9 2],8,8,25,0,8
1,<environment.Job instance at 0x15328bc3e230>,2,2,[5 2],4,4,6,0,4
1,<environment.Job instance at 0x1532b01dbcd0>,4,14,[7 1],6,6,20,0,6
1,<environment.Job instance at 0x1532b01f6870>,0,15,[1 9],1,1,16,0,1
1,<environment.Job instance at 0x1532a809feb0>,3,18,[8 1],7,11,29,4,11
1,<environment.Job instance at 0x1532b3177c80>,5,3,[1 5],7,7,10,0,7
1,<environment.Job instance at 0x1532a832b7d0>,2,16,[2 7],4,5,21,1,5
1,<environment.Job instance at 0x1532a81d3230>,0,3,[2 5],2,2,5,0,2
1,<environment.Job instance at 0x15328b8df370>,0,17,[2 8],2,2,19,0,2
1,<environment.Job instance at 0x15328b8df910>,2,17,[1 7],7,19,36,12,10
1,<environment.Job instance at 0x1532b03b6230>,0,14,[9 2],3,3,17,0,3
1,<environment.Job instance at 0x1532b1e85690>,5,18,[10  1],9,17,35,8,9
1,<environment.Job instance at 0x1532b3aebc30>,1,16,[6 1],3,5,21,2,5
1,<environment.Job instance at 0x1532b1e85690>,4,16,[10  2],6,21,37,15,8
1,<environment.Job instance at 0x1532a83672d0>,0,12,[9 2],1,1,13,0,1
1,<environment.Job instance at 0x1532a8367960>,1,16,[6 2],2,20,36,18,20
1,<environment.Job instance at 0x1532b8cc08c0>,0,3,[6 1],1,1,4,0,1
1,<environment.Job instance at 0x1532b0341870>,0,13,[2 8],1,2,15,1,2
1,<environment.Job instance at 0x1532b3b5f5f0>,3,3,[1 7],4,4,7,0,4
1,<environment.Job instance at 0x1532b1839780>,4,13,[ 2 10],7,7,20,0,7
1,<environment.Job instance at 0x1532a8341370>,0,12,[1 6],3,3,15,0,3
1,<environment.Job instance at 0x1532b0202550>,4,13,[1 7],8,15,28,7,8
1,<environment.Job instance at 0x15328bd27aa0>,0,12,[1 7],1,1,13,0,1
1,<environment.Job instance at 0x1532b0202b90>,1,18,[2 6],2,13,31,11,2
1,<environment.Job instance at 0x1532b8cc0fa0>,3,13,[8 2],5,26,39,21,26
1,<environment.Job instance at 0x15328b9168c0>,1,18,[6 1],4,8,26,4,8
1,<environment.Job instance at 0x15328b9164b0>,4,16,[7 1],9,26,42,17,23
1,<environment.Job instance at 0x1532b00f2190>,4,15,[6 2],7,7,22,0,7
1,<environment.Job instance at 0x15328b98e690>,0,18,[1 7],1,1,19,0,1
1,<environment.Job instance at 0x1532b00f25a0>,1,3,[7 2],2,2,5,0,2
1,<environment.Job instance at 0x1532b1353cd0>,3,16,[2 7],4,19,35,15,9
1,<environment.Job instance at 0x1532b8ce5640>,1,16,[7 1],3,3,19,0,3
1,<environment.Job instance at 0x1532b3ec9730>,6,17,[2 9],9,9,26,0,9
1,<environment.Job instance at 0x1532b3ec9730>,4,14,[1 6],8,9,23,1,9
1,<environment.Job instance at 0x15328bc4e730>,3,17,[1 9],7,7,24,0,7
1,<environment.Job instance at 0x15328ba05550>,1,27,[8 2],3,3,30,0,3
1,<environment.Job instance at 0x15328b8e8f50>,2,24,[2 8],7,14,38,7,14
1,<environment.Job instance at 0x1532b02d18c0>,0,1,[5 2],1,3,4,2,3
1,<environment.Job instance at 0x15328bebd500>,0,17,[10  1],1,1,18,0,1
1,<environment.Job instance at 0x1532b3e423c0>,4,13,[1 5],9,9,22,0,9
1,<environment.Job instance at 0x1532b3eff230>,0,3,[10  2],2,2,5,0,2
1,<environment.Job instance at 0x15328b92c960>,5,1,[1 7],8,8,9,0,8
1,<environment.Job instance at 0x1532b034d190>,2,18,[6 2],4,15,33,11,15
1,<environment.Job instance at 0x15328b918190>,0,17,[1 5],1,2,19,1,2
1,<environment.Job instance at 0x15328be6dd70>,0,13,[9 2],1,1,14,0,1
1,<environment.Job instance at 0x15328bbbca50>,2,14,[5 1],3,14,28,11,14
1,<environment.Job instance at 0x15328bb66aa0>,1,3,[1 7],2,2,5,0,2
1,<environment.Job instance at 0x15328bea95f0>,0,2,[1 6],1,1,3,0,1
1,<environment.Job instance at 0x15328bea9e10>,1,1,[8 2],3,3,4,0,3
1,<environment.Job instance at 0x15328bea9f50>,3,12,[2 5],5,5,17,0,5
1,<environment.Job instance at 0x15328bea9aa0>,4,18,[2 8],6,17,35,11,11
1,<environment.Job instance at 0x1532b0191aa0>,0,12,[6 2],1,2,14,1,2
1,<environment.Job instance at 0x1532b0191e10>,2,18,[5 1],3,14,32,11,11
1,<environment.Job instance at 0x1532b8c2baa0>,0,15,[6 1],1,1,16,0,1
1,<environment.Job instance at 0x15328b8a2780>,0,17,[1 6],1,2,19,1,2
1,<environment.Job instance at 0x15328b8a25f0>,2,16,[9 2],3,3,19,0,3
1,<environment.Job instance at 0x15328b8a20a0>,3,16,[2 6],5,19,35,14,13
1,<environment.Job instance at 0x1532b2ad26e0>,3,26,[ 1 10],5,6,32,1,6
1,<environment.Job instance at 0x1532b31e4140>,4,13,[1 7],6,6,19,0,6
1,<environment.Job instance at 0x1532a80981e0>,3,17,[1 5],5,5,22,0,5
1,<environment.Job instance at 0x15328b8e55a0>,0,15,[2 8],3,3,18,0,3
1,<environment.Job instance at 0x1532b2f259b0>,1,18,[ 2 10],3,3,21,0,3
1,<environment.Job instance at 0x1532b31d8050>,2,12,[8 2],5,21,33,16,5
1,<environment.Job instance at 0x1532b03295f0>,4,14,[7 1],7,33,47,26,27
1,<environment.Job instance at 0x15328bd76a00>,0,28,[2 8],1,56,84,55,56
1,<environment.Job instance at 0x1532b01c8190>,0,14,[2 5],3,3,17,0,3
1,<environment.Job instance at 0x1532b5165050>,2,13,[ 2 10],6,17,30,11,6
1,<environment.Job instance at 0x1532b1856730>,2,15,[1 9],4,4,19,0,4
1,<environment.Job instance at 0x1532b3edb910>,4,13,[1 9],6,7,20,1,7
1,<environment.Job instance at 0x1532b8326a50>,4,15,[ 2 10],6,6,21,0,6
1,<environment.Job instance at 0x1532b3e8d7d0>,3,15,[9 2],7,7,22,0,7
1,<environment.Job instance at 0x1532b3b3d6e0>,0,13,[1 8],1,2,15,1,2
1,<environment.Job instance at 0x1532b3b3d550>,2,13,[1 9],3,15,28,12,3
1,<environment.Job instance at 0x1532b6e00e10>,0,18,[10  2],1,1,19,0,1
1,<environment.Job instance at 0x1532a80f8c30>,1,15,[2 5],2,2,17,0,2
1,<environment.Job instance at 0x1532a81281e0>,3,18,[7 2],7,14,32,7,14
1,<environment.Job instance at 0x15328bd01af0>,2,17,[10  1],3,3,20,0,3
