iteration,job object,job ID,job Length,job ressource requirement,job enter time,job start time,job finish time,job waiting time,current time
1,<environment.Job instance at 0x1532baf99e10>,7,1,[2 6],8,8,9,0,8
1,<environment.Job instance at 0x1532b1e97730>,1,17,[6 1],3,4,21,1,4
1,<environment.Job instance at 0x1532b2ff7280>,4,2,[ 1 13],7,13,15,6,13
1,<environment.Job instance at 0x1532b010f500>,3,1,[2 7],5,31,32,26,31
1,<environment.Job instance at 0x1532b011b050>,5,3,[10  2],8,1974,1977,1966,1974
1,<environment.Job instance at 0x1532b011b050>,2,3,[1 6],3,4,7,1,4
1,<environment.Job instance at 0x1532b01d3e60>,3,25,[12  2],4,4,29,0,4
1,<environment.Job instance at 0x1532b3e4f190>,2,1,[2 9],5,6,7,1,6
1,<environment.Job instance at 0x1532b3e4f960>,5,2,[8 2],9,9,11,0,9
1,<environment.Job instance at 0x1532b2f51c80>,3,16,[8 2],6,22,38,16,22
1,<environment.Job instance at 0x1532a80e0f00>,1,1,[1 9],5,5,6,0,5
1,<environment.Job instance at 0x15328bcc43c0>,3,1,[13  1],4,9,10,5,9
1,<environment.Job instance at 0x15328bcc4dc0>,6,2,[ 2 10],7,9,11,2,9
1,<environment.Job instance at 0x15328bcd78c0>,7,3,[2 9],9,16,19,7,16
1,<environment.Job instance at 0x1532b306de10>,5,2,[ 1 10],8,16,18,8,16
1,<environment.Job instance at 0x1532a8372780>,2,1,[1 5],3,3,4,0,3
1,<environment.Job instance at 0x15328bda1eb0>,5,1,[2 5],8,8,9,0,8
1,<environment.Job instance at 0x15328bcb1230>,0,1,[5 1],1,2,3,1,2
1,<environment.Job instance at 0x1532b3ab36e0>,4,13,[ 1 10],6,6,19,0,6
1,<environment.Job instance at 0x1532b3ab3cd0>,5,16,[8 1],7,7,23,0,7
1,<environment.Job instance at 0x1532b134da00>,0,1,[2 8],1,2,3,1,2
1,<environment.Job instance at 0x1532b134de60>,2,1,[ 2 14],3,4,5,1,4
1,<environment.Job instance at 0x1532b3ab3960>,3,1,[8 2],4,5,6,1,4
1,<environment.Job instance at 0x1532a8047be0>,3,1,[8 1],4,7,8,3,7
1,<environment.Job instance at 0x1532a8047e60>,7,1,[1 6],9,95,96,86,95
1,<environment.Job instance at 0x1532a8047eb0>,4,3,[5 2],6,269,272,263,269
1,<environment.Job instance at 0x1532a812c6e0>,0,3,[11  2],1,1055,1058,1054,1055
1,<environment.Job instance at 0x1532b01c7d20>,4,3,[7 2],8,20,23,12,20
1,<environment.Job instance at 0x1532b01c7190>,1,3,[12  1],4,43,46,39,43
1,<environment.Job instance at 0x1532b01c7dc0>,5,2,[1 8],9,53,55,44,53
1,<environment.Job instance at 0x1532a8047d70>,4,2,[7 2],5,104,106,99,104
1,<environment.Job instance at 0x1532a8042640>,3,3,[1 9],4,388,391,384,388
1,<environment.Job instance at 0x15328bb9f460>,5,12,[6 1],6,449,461,443,449
1,<environment.Job instance at 0x1532b8be7460>,1,17,[7 1],2,6,23,4,6
1,<environment.Job instance at 0x1532b3c03b40>,4,2,[8 1],6,8,10,2,8
1,<environment.Job instance at 0x1532b3c03550>,6,2,[1 5],9,9,11,0,9
1,<environment.Job instance at 0x1532b3c03550>,2,1,[2 6],6,8,9,2,8
1,<environment.Job instance at 0x1532ba2074b0>,0,1,[2 8],2,3,4,1,3
1,<environment.Job instance at 0x1532b308c050>,2,2,[7 2],7,7,9,0,7
1,<environment.Job instance at 0x15328b929fa0>,3,2,[ 2 12],6,7,9,1,7
1,<environment.Job instance at 0x1532b0352190>,3,16,[1 7],4,34,50,30,34
1,<environment.Job instance at 0x1532b03525f0>,6,3,[1 5],9,38,41,29,38
1,<environment.Job instance at 0x1532b0352690>,4,3,[ 2 10],5,163,166,158,163
1,<environment.Job instance at 0x1532a819e0a0>,0,1,[2 8],1,3,4,2,3
1,<environment.Job instance at 0x1532a819ef00>,1,1,[7 1],2,3,4,1,3
1,<environment.Job instance at 0x1532a819e6e0>,2,18,[5 2],3,4,22,1,4
1,<environment.Job instance at 0x15328bd278c0>,7,1,[1 8],9,23,24,14,23
1,<environment.Job instance at 0x1532b03220f0>,3,1,[1 6],7,8,9,1,8
1,<environment.Job instance at 0x1532b182cb90>,4,12,[7 1],8,8,20,0,8
1,<environment.Job instance at 0x15328bd6e1e0>,3,1,[ 2 10],5,5,6,0,5
1,<environment.Job instance at 0x15328ba279b0>,4,1,[ 2 10],5,5,6,0,5
1,<environment.Job instance at 0x15328bf75c80>,1,2,[1 6],2,2,4,0,2
1,<environment.Job instance at 0x15328bf75550>,2,1,[1 9],3,3,4,0,3
1,<environment.Job instance at 0x15328bf75dc0>,4,1,[9 2],5,5,6,0,5
1,<environment.Job instance at 0x1532b1344460>,3,1,[6 2],5,5,6,0,5
1,<environment.Job instance at 0x15328be36c30>,4,2,[6 1],6,6,8,0,6
1,<environment.Job instance at 0x1532a805a7d0>,4,1,[7 2],6,6,7,0,6
1,<environment.Job instance at 0x15328b9a31e0>,2,2,[2 9],5,5,7,0,5
1,<environment.Job instance at 0x15328b9a3f50>,3,2,[2 5],6,6,8,0,6
1,<environment.Job instance at 0x1532b82753c0>,1,1,[2 6],3,5,6,2,5
1,<environment.Job instance at 0x1532b3113be0>,2,1,[1 8],5,5,6,0,5
1,<environment.Job instance at 0x1532b006e690>,1,1,[1 5],2,2,3,0,2
1,<environment.Job instance at 0x15328ba1cc80>,1,1,[2 9],2,2,3,0,2
1,<environment.Job instance at 0x1532b3c05140>,2,27,[ 2 10],3,4,31,1,4
1,<environment.Job instance at 0x1532b2ae0190>,3,13,[12  2],7,43,56,36,43
1,<environment.Job instance at 0x1532b0381c80>,5,1,[6 2],9,56,57,47,44
1,<environment.Job instance at 0x1532b2ae0050>,4,17,[9 2],8,56,73,48,44
1,<environment.Job instance at 0x1532b2ae0050>,3,1,[1 9],5,5,6,0,5
1,<environment.Job instance at 0x15328bc77320>,4,1,[2 5],6,7,8,1,7
1,<environment.Job instance at 0x15328bc773c0>,6,1,[2 6],8,8,9,0,8
1,<environment.Job instance at 0x15328bc77190>,5,15,[7 1],7,8,23,1,8
1,<environment.Job instance at 0x15328bca8cd0>,7,1,[1 8],9,9,10,0,9
1,<environment.Job instance at 0x15328bcdd320>,2,2,[10  2],3,4,6,1,4
1,<environment.Job instance at 0x15328bcdd550>,5,2,[1 6],7,7,9,0,7
1,<environment.Job instance at 0x1532b31a7be0>,8,25,[12  1],9,11,36,2,11
1,<environment.Job instance at 0x1532b3c05460>,0,23,[1 6],1,1,24,0,1
1,<environment.Job instance at 0x1532b1e8eeb0>,5,26,[2 8],8,19,45,11,19
1,<environment.Job instance at 0x1532b02b6140>,4,1,[2 8],9,9,10,0,9
1,<environment.Job instance at 0x15328bba82d0>,4,27,[1 7],5,6,33,1,6
1,<environment.Job instance at 0x1532b3bb2be0>,3,2,[1 8],7,7,9,0,7
1,<environment.Job instance at 0x1532b3bb2280>,4,1,[10  2],8,8,9,0,8
1,<environment.Job instance at 0x1532b3bb2820>,5,3,[2 8],9,9,12,0,9
1,<environment.Job instance at 0x1532b3bb25a0>,1,1,[ 1 12],6,8,9,2,8
1,<environment.Job instance at 0x1532b3bb2820>,3,1,[8 1],9,10,11,1,10
1,<environment.Job instance at 0x1532a829e0f0>,4,28,[5 1],6,7,35,1,7
1,<environment.Job instance at 0x1532a829e690>,6,18,[5 1],8,20,38,12,20
1,<environment.Job instance at 0x1532b8c0baf0>,2,1,[7 1],4,4,5,0,4
1,<environment.Job instance at 0x1532b312ae60>,5,3,[1 5],7,9,12,2,9
1,<environment.Job instance at 0x1532b9bbe960>,0,2,[5 1],1,3,5,2,3
1,<environment.Job instance at 0x1532b8c092d0>,2,1,[9 1],5,5,6,0,5
1,<environment.Job instance at 0x1532b004baf0>,4,25,[8 1],9,9,34,0,9
1,<environment.Job instance at 0x15328bd5ec80>,4,1,[10  2],7,7,8,0,7
1,<environment.Job instance at 0x15328bd5ed70>,5,2,[7 2],8,8,10,0,8
1,<environment.Job instance at 0x1532b2fa9230>,6,3,[2 7],9,9,12,0,9
1,<environment.Job instance at 0x1532b2fa95a0>,1,1,[1 7],2,2,3,0,2
1,<environment.Job instance at 0x1532b317db90>,2,21,[ 2 10],4,4,25,0,4
1,<environment.Job instance at 0x1532b0373960>,3,21,[2 5],5,5,26,0,5
1,<environment.Job instance at 0x1532b3b8b280>,4,1,[6 2],7,7,8,0,7
1,<environment.Job instance at 0x1532b3b8b320>,5,1,[5 1],8,8,9,0,8
1,<environment.Job instance at 0x1532b00e4c80>,2,1,[1 7],3,23,24,20,23
1,<environment.Job instance at 0x1532a81a7960>,0,1,[8 2],3,4,5,1,4
1,<environment.Job instance at 0x1532b1e85780>,1,17,[7 1],4,4,21,0,4
1,<environment.Job instance at 0x1532a835a370>,5,1,[8 2],8,8,9,0,8
1,<environment.Job instance at 0x1532a835a870>,6,1,[5 2],9,9,10,0,9
1,<environment.Job instance at 0x1532b183a730>,4,1,[13  1],5,5,6,0,5
1,<environment.Job instance at 0x1532a809a690>,6,1,[5 1],7,7,8,0,7
1,<environment.Job instance at 0x1532b3173050>,3,22,[8 1],5,5,27,0,5
1,<environment.Job instance at 0x1532b302b370>,1,2,[2 9],2,2,4,0,2
1,<environment.Job instance at 0x15328bd32c30>,6,22,[2 6],9,9,31,0,9
1,<environment.Job instance at 0x1532b2ffadc0>,2,2,[9 1],4,4,6,0,4
1,<environment.Job instance at 0x15328bb80eb0>,4,1,[6 1],7,21,22,14,21
1,<environment.Job instance at 0x1532a816d960>,3,2,[7 2],6,23,25,17,23
1,<environment.Job instance at 0x15328bb80dc0>,2,1,[ 2 10],4,123,124,119,123
1,<environment.Job instance at 0x15328bb80a00>,0,3,[ 2 14],2,826,829,824,826
1,<environment.Job instance at 0x1532a81873c0>,2,1,[1 5],7,8,9,1,8
1,<environment.Job instance at 0x1532a82e0c30>,4,1,[2 9],6,2211,2212,2205,2211
1,<environment.Job instance at 0x1532a8213640>,3,25,[6 1],5,5,30,0,5
1,<environment.Job instance at 0x1532b3e895a0>,5,22,[2 5],9,9,31,0,9
1,<environment.Job instance at 0x1532b3e89aa0>,0,1,[10  1],1,2,3,1,2
1,<environment.Job instance at 0x1532b3e89a00>,1,26,[ 2 13],3,4,30,1,4
1,<environment.Job instance at 0x15328bf61960>,3,3,[6 2],6,6,9,0,6
1,<environment.Job instance at 0x15328bf61f50>,4,2,[12  1],7,9,11,2,7
1,<environment.Job instance at 0x15328bddfa50>,5,1,[6 2],7,7,8,0,7
1,<environment.Job instance at 0x1532b8cebc80>,3,2,[ 1 11],7,24,26,17,24
1,<environment.Job instance at 0x1532b5180410>,0,2,[2 9],1,2,4,1,2
1,<environment.Job instance at 0x1532b51801e0>,3,28,[5 2],4,4,32,0,4
1,<environment.Job instance at 0x1532b3e4f690>,4,1,[8 2],5,5,6,0,5
1,<environment.Job instance at 0x1532b3e4f6e0>,6,3,[ 2 14],7,889,892,882,889
1,<environment.Job instance at 0x15328bc18960>,0,26,[1 6],1,3,29,2,3
1,<environment.Job instance at 0x1532b3ef8370>,2,23,[2 6],4,4,27,0,4
1,<environment.Job instance at 0x15328bf55b90>,5,1,[5 2],8,8,9,0,8
1,<environment.Job instance at 0x15328bf55640>,6,1,[8 2],9,9,10,0,9
1,<environment.Job instance at 0x15328bb71a00>,6,3,[12  1],9,648,651,639,648
1,<environment.Job instance at 0x1532b02b9230>,1,1,[ 2 10],7,7,8,0,7
1,<environment.Job instance at 0x1532b0284af0>,2,3,[11  1],9,366,369,357,366
1,<environment.Job instance at 0x1532b0284af0>,1,1,[8 1],3,3,4,0,3
1,<environment.Job instance at 0x15328bf88aa0>,4,1,[ 2 10],7,7,8,0,7
1,<environment.Job instance at 0x15328bf882d0>,6,2,[ 1 12],9,13,15,4,13
1,<environment.Job instance at 0x15328ba75d20>,1,21,[5 1],2,2,23,0,2
1,<environment.Job instance at 0x1532b01ca3c0>,0,2,[1 8],1,3,5,2,3
1,<environment.Job instance at 0x1532a81279b0>,4,22,[ 2 10],7,7,29,0,7
1,<environment.Job instance at 0x1532b0381dc0>,4,2,[7 1],8,8,10,0,8
1,<environment.Job instance at 0x1532b03b3280>,2,1,[ 2 10],4,86,87,82,86
1,<environment.Job instance at 0x1532b00e2d20>,3,2,[2 8],5,87,89,82,86
1,<environment.Job instance at 0x1532b00e2c80>,4,1,[1 7],8,97,98,89,97
1,<environment.Job instance at 0x1532b03b3410>,0,3,[ 2 13],2,481,484,479,481
1,<environment.Job instance at 0x1532b03b31e0>,1,27,[5 2],2,4,31,2,4
1,<environment.Job instance at 0x1532b03b3410>,4,1,[ 2 10],5,5,6,0,5
1,<environment.Job instance at 0x1532a80959b0>,1,1,[8 2],2,3,4,1,3
1,<environment.Job instance at 0x1532b303d7d0>,3,2,[8 1],5,5,7,0,5
1,<environment.Job instance at 0x1532b3e79230>,5,1,[7 1],7,7,8,0,7
1,<environment.Job instance at 0x1532b3e798c0>,6,1,[2 6],9,9,10,0,9
1,<environment.Job instance at 0x1532a8095960>,2,18,[9 1],3,14,32,11,14
1,<environment.Job instance at 0x1532b30ed460>,1,1,[1 7],4,4,5,0,4
1,<environment.Job instance at 0x1532b3b71c80>,5,20,[ 2 11],8,134,154,126,134
1,<environment.Job instance at 0x1532b02fb550>,2,1,[9 2],4,5,6,1,5
1,<environment.Job instance at 0x1532ba3ab9b0>,4,1,[5 1],6,6,7,0,6
1,<environment.Job instance at 0x1532b02fb320>,5,1,[8 1],8,8,9,0,8
1,<environment.Job instance at 0x1532b02fb690>,3,1,[2 8],5,12,13,7,12
1,<environment.Job instance at 0x1532b3ad5730>,0,1,[2 9],1,1,2,0,1
1,<environment.Job instance at 0x1532b3ad5aa0>,5,3,[2 5],8,10,13,2,10
1,<environment.Job instance at 0x1532b3ad5190>,6,2,[6 2],9,10,12,1,10
1,<environment.Job instance at 0x1532b01fa5a0>,7,26,[8 1],8,8,34,0,8
1,<environment.Job instance at 0x1532b0216230>,1,21,[9 2],2,2,23,0,2
1,<environment.Job instance at 0x1532b02162d0>,0,27,[6 1],1,3,30,2,3
1,<environment.Job instance at 0x15328bfbfaf0>,0,1,[1 8],2,2,3,0,2
1,<environment.Job instance at 0x15328b907050>,4,2,[1 7],9,12,14,3,12
1,<environment.Job instance at 0x1532a8176c80>,3,28,[14  1],8,201,229,193,201
1,<environment.Job instance at 0x1532b010db40>,0,1,[6 1],1,1,2,0,1
1,<environment.Job instance at 0x1532b010d7d0>,6,2,[1 8],9,38,40,29,38
1,<environment.Job instance at 0x1532b010dc30>,4,2,[11  2],6,82,84,76,82
1,<environment.Job instance at 0x1532b304af50>,0,1,[1 5],1,1,2,0,1
1,<environment.Job instance at 0x1532b304ac30>,1,2,[9 1],2,4,6,2,4
1,<environment.Job instance at 0x1532b010d500>,4,2,[2 6],6,6,8,0,6
1,<environment.Job instance at 0x1532b31a33c0>,5,1,[ 1 10],7,8,9,1,7
1,<environment.Job instance at 0x1532b004d9b0>,6,1,[2 7],8,9,10,1,8
1,<environment.Job instance at 0x1532b004dd70>,7,2,[2 6],9,9,11,0,9
1,<environment.Job instance at 0x1532b0297c80>,4,1,[2 8],7,21,22,14,21
1,<environment.Job instance at 0x1532b0297e10>,5,18,[10  2],8,21,39,13,21
1,<environment.Job instance at 0x1532b0297820>,2,2,[12  1],5,39,41,34,23
1,<environment.Job instance at 0x1532b0147cd0>,6,12,[2 9],9,25,37,16,25
1,<environment.Job instance at 0x15328bbbd820>,2,17,[7 1],4,5,22,1,5
1,<environment.Job instance at 0x1532b5180be0>,3,16,[8 2],5,21,37,16,21
1,<environment.Job instance at 0x1532b82bd780>,1,1,[1 6],2,2,3,0,2
1,<environment.Job instance at 0x1532a8115fa0>,4,2,[7 2],5,5,7,0,5
1,<environment.Job instance at 0x1532b82bd140>,5,1,[1 6],6,6,7,0,6
1,<environment.Job instance at 0x15328bd85460>,1,2,[7 1],6,7,9,1,7
1,<environment.Job instance at 0x15328bd85550>,3,1,[ 2 13],8,8,9,0,8
1,<environment.Job instance at 0x15328bd85b40>,4,2,[2 5],9,9,11,0,9
1,<environment.Job instance at 0x15328bd85cd0>,2,17,[8 1],7,13,30,6,13
1,<environment.Job instance at 0x15328bf705f0>,4,1,[6 2],7,8,9,1,8
1,<environment.Job instance at 0x1532b82d1690>,0,1,[7 2],2,2,3,0,2
1,<environment.Job instance at 0x15328bd1e460>,1,1,[2 8],3,4,5,1,4
1,<environment.Job instance at 0x1532b03a1140>,6,26,[2 5],9,11,37,2,11
1,<environment.Job instance at 0x1532a817bdc0>,3,1,[1 8],5,5,6,0,5
1,<environment.Job instance at 0x15328bd175f0>,0,1,[1 5],1,2,3,1,2
1,<environment.Job instance at 0x15328bd17f50>,2,1,[2 8],4,5,6,1,5
1,<environment.Job instance at 0x1532b01a7af0>,5,2,[ 2 13],9,16,18,7,16
1,<environment.Job instance at 0x1532b6debe60>,3,1,[1 9],5,5,6,0,5
1,<environment.Job instance at 0x1532b6deb690>,1,28,[2 5],3,5,33,2,5
1,<environment.Job instance at 0x15328bf72690>,4,1,[1 6],8,8,9,0,8
1,<environment.Job instance at 0x1532b022f140>,1,1,[1 8],2,2,3,0,2
1,<environment.Job instance at 0x1532b2f5d500>,4,1,[7 1],5,5,6,0,5
1,<environment.Job instance at 0x1532b2f6f1e0>,7,26,[5 2],9,17,43,8,17
1,<environment.Job instance at 0x15328bba9c30>,3,3,[2 9],5,5,8,0,5
1,<environment.Job instance at 0x1532b01aa690>,5,1,[5 1],7,7,8,0,7
1,<environment.Job instance at 0x1532bae9e460>,1,1,[ 1 10],5,15,16,10,15
1,<environment.Job instance at 0x1532bae9ecd0>,1,22,[2 9],3,3,25,0,3
1,<environment.Job instance at 0x1532b3e5ab90>,2,1,[ 1 12],4,5,6,1,5
1,<environment.Job instance at 0x1532b3e5a690>,3,1,[12  2],5,5,6,0,5
1,<environment.Job instance at 0x1532b82aeaa0>,4,1,[5 1],6,7,8,1,7
1,<environment.Job instance at 0x1532b82aed70>,6,2,[6 2],8,10,12,2,10
1,<environment.Job instance at 0x1532b82aee10>,7,3,[9 2],9,16,19,7,16
1,<environment.Job instance at 0x1532b3e5a410>,2,2,[13  1],4,30,32,26,30
1,<environment.Job instance at 0x1532b8274780>,1,18,[8 1],8,8,26,0,8
1,<environment.Job instance at 0x1532a8084640>,2,2,[2 5],5,5,7,0,5
1,<environment.Job instance at 0x1532b3241690>,5,1,[1 8],8,8,9,0,8
1,<environment.Job instance at 0x1532b3241780>,6,20,[7 2],9,13,33,4,13
1,<environment.Job instance at 0x15328bddda50>,3,1,[8 1],6,6,7,0,6
1,<environment.Job instance at 0x15328bdc3e60>,6,1,[2 5],9,9,10,0,9
1,<environment.Job instance at 0x1532a8272230>,0,1,[ 1 13],1,1,2,0,1
1,<environment.Job instance at 0x1532b302d6e0>,2,2,[1 6],5,6,8,1,6
1,<environment.Job instance at 0x1532b302dbe0>,4,1,[6 1],7,8,9,1,8
1,<environment.Job instance at 0x1532b302df00>,5,18,[10  2],9,9,27,0,9
1,<environment.Job instance at 0x1532b302de60>,0,1,[11  1],3,27,28,24,12
1,<environment.Job instance at 0x1532b302d500>,3,2,[1 8],6,12,14,6,12
1,<environment.Job instance at 0x1532b3204690>,1,1,[1 5],2,2,3,0,2
1,<environment.Job instance at 0x15328bf7e0a0>,3,1,[1 5],5,5,6,0,5
1,<environment.Job instance at 0x15328bf7ef00>,4,2,[1 9],6,6,8,0,6
1,<environment.Job instance at 0x1532b2f80640>,0,1,[1 6],1,3,4,2,3
1,<environment.Job instance at 0x1532b3e98960>,5,2,[1 7],6,6,8,0,6
1,<environment.Job instance at 0x1532a8180c80>,1,2,[8 1],2,4,6,2,4
1,<environment.Job instance at 0x1532b8c7cb40>,2,16,[7 2],4,4,20,0,4
1,<environment.Job instance at 0x1532ba208d20>,5,1,[6 1],8,8,9,0,8
1,<environment.Job instance at 0x1532b3b24780>,2,1,[5 2],3,4,5,1,4
1,<environment.Job instance at 0x15328bb18fa0>,4,28,[ 2 10],6,8,36,2,8
1,<environment.Job instance at 0x1532b3f0d460>,3,1,[ 1 10],7,7,8,0,7
1,<environment.Job instance at 0x1532a8272b90>,2,19,[ 2 14],5,1873,1892,1868,1873
1,<environment.Job instance at 0x15328bbd3d70>,1,1,[8 2],4,4,5,0,4
1,<environment.Job instance at 0x15328bbd3730>,5,2,[2 5],8,8,10,0,8
1,<environment.Job instance at 0x15328bbd3820>,6,1,[1 7],9,9,10,0,9
1,<environment.Job instance at 0x1532b829ebe0>,2,1,[7 2],5,6,7,1,6
1,<environment.Job instance at 0x1532a81157d0>,4,3,[10  2],8,8,11,0,8
1,<environment.Job instance at 0x1532b3e4f320>,5,1,[10  2],9,11,12,2,9
1,<environment.Job instance at 0x1532ba29e6e0>,1,1,[1 7],2,2,3,0,2
1,<environment.Job instance at 0x15328baa3370>,1,2,[2 8],3,3,5,0,3
1,<environment.Job instance at 0x1532b310b230>,3,1,[9 2],5,5,6,0,5
1,<environment.Job instance at 0x1532ba1fcfa0>,4,1,[7 2],6,7,8,1,7
1,<environment.Job instance at 0x1532ba1fc230>,6,3,[14  2],8,1174,1177,1166,1174
1,<environment.Job instance at 0x1532b308ee60>,5,1,[6 1],9,9,10,0,9
1,<environment.Job instance at 0x15328bf72690>,0,2,[1 8],1,2,4,1,2
1,<environment.Job instance at 0x1532b308efa0>,2,1,[8 1],3,3,4,0,3
1,<environment.Job instance at 0x15328bf721e0>,1,17,[6 1],2,3,20,1,3
1,<environment.Job instance at 0x15328bd01410>,7,25,[1 7],9,9,34,0,9
1,<environment.Job instance at 0x1532b3094730>,2,1,[7 2],5,5,6,0,5
1,<environment.Job instance at 0x15328bec5f50>,3,1,[1 8],6,6,7,0,6
1,<environment.Job instance at 0x1532b8c4c5a0>,5,22,[ 1 10],8,29,51,21,29
1,<environment.Job instance at 0x1532b8c4cbe0>,0,1,[14  1],1,3,4,2,3
1,<environment.Job instance at 0x1532b8c4c5a0>,3,1,[8 1],4,5,6,1,5
1,<environment.Job instance at 0x1532b30f2640>,2,1,[8 2],6,8,9,2,8
1,<environment.Job instance at 0x1532b30f2f50>,1,1,[5 2],2,2,3,0,2
1,<environment.Job instance at 0x1532b3b958c0>,0,1,[10  1],1,2,3,1,2
1,<environment.Job instance at 0x1532b3b95910>,3,3,[2 5],4,5,8,1,5
1,<environment.Job instance at 0x15328bea97d0>,4,18,[10  1],5,6,24,1,6
1,<environment.Job instance at 0x1532a81858c0>,0,3,[ 1 11],1,14,17,13,14
1,<environment.Job instance at 0x1532b0102500>,6,14,[9 2],9,17,31,8,17
1,<environment.Job instance at 0x1532b0102a00>,4,1,[8 1],7,31,32,24,18
1,<environment.Job instance at 0x1532a8185910>,3,3,[1 5],6,18,21,12,18
1,<environment.Job instance at 0x1532a8185f50>,2,2,[2 5],3,34,36,31,34
1,<environment.Job instance at 0x1532a80e99b0>,1,1,[1 5],3,4,5,1,4
1,<environment.Job instance at 0x1532b8cd39b0>,2,16,[8 1],4,4,20,0,4
1,<environment.Job instance at 0x15328bc31140>,5,2,[2 7],9,9,11,0,9
1,<environment.Job instance at 0x1532a80f3be0>,8,1,[5 1],9,9,10,0,9
1,<environment.Job instance at 0x1532a80f3af0>,7,2,[7 1],8,31,33,23,31
1,<environment.Job instance at 0x15328bc31f00>,6,1,[8 2],7,76,77,69,76
1,<environment.Job instance at 0x1532b51613c0>,3,22,[5 1],6,7,29,1,7
1,<environment.Job instance at 0x1532b029d870>,2,2,[5 2],3,3,5,0,3
1,<environment.Job instance at 0x1532b2fbf6e0>,0,1,[ 2 10],1,2,3,1,2
1,<environment.Job instance at 0x1532b83255f0>,5,2,[8 1],7,7,9,0,7
1,<environment.Job instance at 0x15328b99dfa0>,4,2,[ 1 13],5,35,37,30,35
1,<environment.Job instance at 0x15328bd2ea50>,5,13,[8 1],6,39,52,33,39
1,<environment.Job instance at 0x15328bd2e5f0>,6,1,[6 1],7,122,123,115,122
1,<environment.Job instance at 0x1532a830f3c0>,4,2,[11  1],8,21,23,13,21
1,<environment.Job instance at 0x1532b3ae6b90>,0,28,[ 2 10],1,5,33,4,5
1,<environment.Job instance at 0x1532b00e24b0>,5,2,[1 8],8,31,33,23,31
1,<environment.Job instance at 0x1532b00e26e0>,6,16,[ 1 12],9,33,49,24,32
1,<environment.Job instance at 0x1532b18560f0>,4,2,[ 1 11],7,49,51,42,32
1,<environment.Job instance at 0x15328ba6d820>,3,3,[7 2],5,5,8,0,5
1,<environment.Job instance at 0x1532b82d10f0>,4,3,[1 6],7,7,10,0,7
1,<environment.Job instance at 0x1532b8361730>,5,2,[1 6],9,9,11,0,9
1,<environment.Job instance at 0x1532b82b6dc0>,2,1,[2 8],6,6,7,0,6
1,<environment.Job instance at 0x15328be8b500>,0,26,[5 2],2,5,31,3,5
1,<environment.Job instance at 0x15328baa3a00>,3,1,[5 2],7,7,8,0,7
1,<environment.Job instance at 0x15328baa3370>,4,1,[9 1],8,8,9,0,8
1,<environment.Job instance at 0x1532b2f66aa0>,1,18,[1 7],2,3,21,1,3
1,<environment.Job instance at 0x15328baa3550>,3,2,[1 5],4,4,6,0,4
1,<environment.Job instance at 0x15328b9355a0>,4,1,[2 5],5,6,7,1,5
1,<environment.Job instance at 0x1532b6deb9b0>,5,3,[6 1],9,9,12,0,9
1,<environment.Job instance at 0x1532b3e68f00>,5,2,[6 2],7,15,17,8,15
1,<environment.Job instance at 0x1532a8110690>,4,1,[14  2],6,24,25,18,24
1,<environment.Job instance at 0x1532b3e684b0>,6,13,[6 1],8,26,39,18,26
1,<environment.Job instance at 0x1532b6deb9b0>,2,2,[14  2],4,44,46,40,44
1,<environment.Job instance at 0x15328be2c500>,2,2,[10  1],5,5,7,0,5
1,<environment.Job instance at 0x1532a82af4b0>,0,1,[5 1],3,4,5,1,4
1,<environment.Job instance at 0x1532a82af960>,1,2,[1 9],4,13,15,9,13
1,<environment.Job instance at 0x15328bb310a0>,1,1,[ 2 10],2,2,3,0,2
1,<environment.Job instance at 0x1532b8271820>,1,1,[1 6],2,2,3,0,2
1,<environment.Job instance at 0x1532b8271f50>,5,2,[14  1],7,41,43,34,41
1,<environment.Job instance at 0x1532b3145be0>,0,1,[5 2],1,2,3,1,2
1,<environment.Job instance at 0x1532b3145370>,2,3,[1 5],3,3,6,0,3
1,<environment.Job instance at 0x1532b82715a0>,4,2,[1 8],6,6,8,0,6
1,<environment.Job instance at 0x1532b3e8b780>,6,1,[2 9],8,8,9,0,8
1,<environment.Job instance at 0x1532b3e8b690>,7,1,[10  2],9,9,10,0,9
1,<environment.Job instance at 0x15328bbaca00>,2,1,[8 1],3,4,5,1,4
1,<environment.Job instance at 0x1532a829eb90>,4,1,[1 9],8,8,9,0,8
1,<environment.Job instance at 0x15328bc96910>,2,2,[2 5],4,6,8,2,6
1,<environment.Job instance at 0x15328bc96640>,3,16,[5 2],5,10,26,5,10
1,<environment.Job instance at 0x15328b850e10>,1,2,[1 7],3,28,30,25,28
1,<environment.Job instance at 0x15328bc960a0>,4,13,[ 1 13],6,49,62,43,49
1,<environment.Job instance at 0x15328be9ad70>,0,1,[1 9],1,1,2,0,1
1,<environment.Job instance at 0x1532b3e51320>,4,1,[6 1],5,5,6,0,5
1,<environment.Job instance at 0x1532a8191230>,2,1,[2 9],7,7,8,0,7
1,<environment.Job instance at 0x1532a80f92d0>,1,2,[6 2],2,2,4,0,2
1,<environment.Job instance at 0x15328b8e5a50>,8,2,[7 2],9,9,11,0,9
1,<environment.Job instance at 0x1532b8c4c550>,4,27,[9 2],8,15,42,7,15
1,<environment.Job instance at 0x15328ba6feb0>,5,2,[7 1],9,48,50,39,48
1,<environment.Job instance at 0x1532b01f6be0>,2,2,[11  1],4,55,57,51,55
1,<environment.Job instance at 0x15328ba51690>,0,1,[6 1],1,3,4,2,3
1,<environment.Job instance at 0x15328bdf3d20>,8,1,[2 9],9,9,10,0,9
1,<environment.Job instance at 0x1532b00f9a50>,1,1,[9 1],3,3,4,0,3
1,<environment.Job instance at 0x1532b82a2c80>,6,3,[9 2],9,9,12,0,9
1,<environment.Job instance at 0x15328bdf3d20>,3,2,[1 8],5,15,17,10,15
1,<environment.Job instance at 0x15328beb9460>,4,1,[1 5],7,60,61,53,60
1,<environment.Job instance at 0x15328ba06230>,0,1,[6 2],1,1,2,0,1
1,<environment.Job instance at 0x1532b0046410>,1,21,[6 2],2,2,23,0,2
1,<environment.Job instance at 0x1532b0392e60>,0,27,[7 1],1,1,28,0,1
1,<environment.Job instance at 0x15328ba53af0>,0,1,[ 1 10],3,3,4,0,3
1,<environment.Job instance at 0x1532b0392b40>,1,1,[8 1],4,6,7,2,6
1,<environment.Job instance at 0x15328be348c0>,4,23,[1 9],6,8,31,2,8
1,<environment.Job instance at 0x15328be34b40>,1,1,[8 2],4,6,7,2,6
1,<environment.Job instance at 0x1532b307f140>,2,2,[2 6],5,5,7,0,5
1,<environment.Job instance at 0x1532b3c0ef00>,5,2,[13  1],8,56,58,48,56
1,<environment.Job instance at 0x1532b3c0e4b0>,6,2,[1 7],9,74,76,65,74
1,<environment.Job instance at 0x15328bba8dc0>,2,1,[1 5],5,6,7,1,6
1,<environment.Job instance at 0x15328bba88c0>,5,21,[2 6],9,40,61,31,40
1,<environment.Job instance at 0x15328b9f4b90>,1,2,[5 2],3,3,5,0,3
1,<environment.Job instance at 0x15328bf17af0>,1,1,[1 7],2,2,3,0,2
1,<environment.Job instance at 0x15328bf30b40>,2,2,[1 8],3,3,5,0,3
1,<environment.Job instance at 0x1532b8c2d4b0>,1,2,[8 2],3,3,5,0,3
1,<environment.Job instance at 0x15328bfbc1e0>,4,16,[5 1],8,25,41,17,25
1,<environment.Job instance at 0x1532b8c0f780>,2,1,[2 5],4,6,7,2,6
1,<environment.Job instance at 0x15328bc03640>,5,1,[9 1],7,7,8,0,7
1,<environment.Job instance at 0x15328bc03aa0>,4,17,[6 2],6,21,38,15,21
1,<environment.Job instance at 0x1532b0310e10>,1,23,[2 9],2,2,25,0,2
1,<environment.Job instance at 0x1532b006e7d0>,1,1,[1 6],2,2,3,0,2
1,<environment.Job instance at 0x15328b88cd20>,2,1,[8 1],6,7,8,1,7
1,<environment.Job instance at 0x1532ba2d2d20>,3,2,[2 8],5,5,7,0,5
1,<environment.Job instance at 0x1532a82d9050>,7,1,[2 9],9,34,35,25,34
1,<environment.Job instance at 0x1532a82c0fa0>,5,3,[13  1],7,121,124,114,121
1,<environment.Job instance at 0x1532a82d9190>,6,3,[2 9],8,147,150,139,147
1,<environment.Job instance at 0x1532a82d9b90>,3,3,[1 7],7,25,28,18,25
1,<environment.Job instance at 0x1532b51614b0>,1,1,[1 6],6,6,7,0,6
1,<environment.Job instance at 0x1532b8258370>,1,3,[ 2 10],2,2,5,0,2
1,<environment.Job instance at 0x1532b17bf640>,0,26,[ 2 10],1,5,31,4,3
1,<environment.Job instance at 0x15328b8a4280>,0,2,[1 8],1,2,4,1,2
1,<environment.Job instance at 0x1532b8cf2280>,3,1,[5 1],4,4,5,0,4
1,<environment.Job instance at 0x15328b8a43c0>,4,2,[2 7],5,5,7,0,5
1,<environment.Job instance at 0x1532a83180a0>,5,2,[9 1],6,6,8,0,6
1,<environment.Job instance at 0x1532b0397f50>,6,1,[1 8],7,7,8,0,7
1,<environment.Job instance at 0x1532a8318640>,7,2,[10  2],8,8,10,0,8
1,<environment.Job instance at 0x15328bea7640>,8,1,[9 2],9,10,11,1,9
1,<environment.Job instance at 0x1532b03a41e0>,1,23,[5 2],4,4,27,0,4
1,<environment.Job instance at 0x15328b9cd7d0>,7,28,[5 2],9,12,40,3,12
1,<environment.Job instance at 0x1532b9bc85a0>,3,18,[2 9],4,20,38,16,20
1,<environment.Job instance at 0x1532b9bc8780>,1,3,[ 2 12],2,39,42,37,39
1,<environment.Job instance at 0x1532b2adbbe0>,6,16,[5 1],8,49,65,41,49
1,<environment.Job instance at 0x1532b2adbaf0>,2,12,[11  1],3,88,100,85,88
1,<environment.Job instance at 0x1532b3125190>,5,1,[9 2],9,10,11,1,10
1,<environment.Job instance at 0x1532b005cbe0>,4,1,[5 1],5,5,6,0,5
1,<environment.Job instance at 0x1532b005c370>,6,2,[2 7],8,9,11,1,9
1,<environment.Job instance at 0x1532b8cd8eb0>,3,2,[1 9],4,11,13,7,10
1,<environment.Job instance at 0x15328b9eceb0>,2,1,[2 6],3,3,4,0,3
1,<environment.Job instance at 0x1532b8cd8eb0>,3,15,[8 2],4,4,19,0,4
1,<environment.Job instance at 0x15328bbbab90>,1,26,[2 6],2,6,32,4,6
1,<environment.Job instance at 0x15328bcf1500>,2,21,[2 7],4,7,28,3,7
1,<environment.Job instance at 0x15328baa80a0>,0,3,[ 2 13],4,17,20,13,17
1,<environment.Job instance at 0x1532b3b9af50>,3,1,[5 1],4,4,5,0,4
1,<environment.Job instance at 0x1532b82b1640>,3,2,[1 9],5,18,20,13,18
1,<environment.Job instance at 0x1532b2fa0eb0>,1,1,[2 7],3,3,4,0,3
1,<environment.Job instance at 0x1532a82b4d70>,3,1,[2 9],6,7,8,1,7
1,<environment.Job instance at 0x1532b3e8adc0>,4,1,[ 1 10],8,8,9,0,8
1,<environment.Job instance at 0x1532b3afb7d0>,2,22,[2 8],4,6,28,2,6
1,<environment.Job instance at 0x1532b3afb4b0>,5,2,[ 1 12],7,30,32,23,30
1,<environment.Job instance at 0x15328baa07d0>,7,1,[10  2],9,53,54,44,53
1,<environment.Job instance at 0x1532b1570640>,3,1,[ 1 10],7,7,8,0,7
1,<environment.Job instance at 0x1532b8333a50>,4,1,[10  2],8,8,9,0,8
1,<environment.Job instance at 0x1532b0295550>,4,3,[2 6],6,6,9,0,6
1,<environment.Job instance at 0x1532b0295dc0>,5,3,[8 1],7,7,10,0,7
1,<environment.Job instance at 0x1532b0295370>,6,1,[6 1],8,9,10,1,8
1,<environment.Job instance at 0x1532b0295af0>,7,3,[6 1],9,10,13,1,9
1,<environment.Job instance at 0x15328bf89e60>,4,1,[2 8],7,7,8,0,7
1,<environment.Job instance at 0x15328bf890f0>,5,1,[5 1],8,8,9,0,8
1,<environment.Job instance at 0x1532b0147320>,4,2,[2 6],9,136,138,127,136
1,<environment.Job instance at 0x1532b0147500>,3,12,[2 8],7,554,566,547,554
1,<environment.Job instance at 0x1532b0147190>,2,14,[6 1],6,1489,1503,1483,1489
1,<environment.Job instance at 0x15328bc07b40>,3,1,[2 6],7,8,9,1,8
1,<environment.Job instance at 0x15328bc071e0>,4,2,[9 1],8,41,43,33,41
1,<environment.Job instance at 0x15328bc07820>,2,21,[1 9],5,52,73,47,52
1,<environment.Job instance at 0x1532b026aa50>,5,16,[1 8],7,24,40,17,24
1,<environment.Job instance at 0x1532b834fe60>,2,2,[13  2],3,46,48,43,46
1,<environment.Job instance at 0x15328bc07820>,3,15,[10  2],4,48,63,44,46
1,<environment.Job instance at 0x1532b025f5f0>,0,1,[2 9],1,2,3,1,2
1,<environment.Job instance at 0x1532b315bf00>,6,1,[8 1],8,8,9,0,8
1,<environment.Job instance at 0x1532b315b280>,5,1,[1 9],7,21,22,14,21
1,<environment.Job instance at 0x1532b3189eb0>,0,1,[1 6],1,1,2,0,1
1,<environment.Job instance at 0x15328bf46820>,6,1,[7 1],8,8,9,0,8
1,<environment.Job instance at 0x1532b02e46e0>,0,1,[ 2 10],1,1,2,0,1
1,<environment.Job instance at 0x1532b3b9ee60>,2,1,[2 8],3,3,4,0,3
1,<environment.Job instance at 0x1532b3b9e640>,4,1,[2 8],5,5,6,0,5
1,<environment.Job instance at 0x1532b3b9e820>,6,1,[10  2],7,7,8,0,7
1,<environment.Job instance at 0x1532b3b1aa00>,5,18,[1 6],7,17,35,10,17
1,<environment.Job instance at 0x1532b3b1a690>,6,3,[9 1],8,34,37,26,34
1,<environment.Job instance at 0x1532b018c8c0>,1,1,[11  2],2,37,38,35,35
1,<environment.Job instance at 0x1532b3b9e0a0>,3,2,[2 9],4,55,57,51,55
1,<environment.Job instance at 0x1532b302a4b0>,0,1,[7 1],1,2,3,1,2
1,<environment.Job instance at 0x15328bd9a050>,4,1,[7 1],8,8,9,0,8
1,<environment.Job instance at 0x15328b9e9b90>,1,22,[1 7],2,5,27,3,5
1,<environment.Job instance at 0x15328b9e94b0>,6,1,[2 7],9,9,10,0,9
1,<environment.Job instance at 0x15328b9e90a0>,3,28,[2 9],6,40,68,34,40
1,<environment.Job instance at 0x1532b0397140>,0,1,[7 1],1,2,3,1,2
1,<environment.Job instance at 0x1532b0397c30>,2,1,[5 1],4,5,6,1,5
1,<environment.Job instance at 0x1532b0397aa0>,5,1,[10  1],7,7,8,0,7
1,<environment.Job instance at 0x15328bc56d20>,6,1,[6 2],8,8,9,0,8
1,<environment.Job instance at 0x1532b3aee7d0>,3,1,[5 1],8,9,10,1,9
1,<environment.Job instance at 0x15328badf2d0>,4,22,[5 2],9,10,32,1,10
1,<environment.Job instance at 0x15328badf2d0>,2,1,[ 1 11],6,6,7,0,6
1,<environment.Job instance at 0x15328bfe6e10>,5,25,[7 2],8,9,34,1,9
1,<environment.Job instance at 0x1532a82df6e0>,3,1,[2 9],4,5,6,1,5
1,<environment.Job instance at 0x15328bf25e60>,4,21,[10  1],5,14,35,9,14
1,<environment.Job instance at 0x15328bc1ae10>,5,2,[6 1],6,17,19,11,17
1,<environment.Job instance at 0x15328bc3e050>,1,1,[ 2 12],2,19,20,17,19
1,<environment.Job instance at 0x1532b2f461e0>,4,2,[1 5],5,20,22,15,19
1,<environment.Job instance at 0x15328bc1aeb0>,6,3,[2 8],7,25,28,18,25
1,<environment.Job instance at 0x15328bb78b90>,2,21,[5 2],4,8,29,4,8
1,<environment.Job instance at 0x1532b158afa0>,4,2,[6 2],7,8,10,1,8
1,<environment.Job instance at 0x1532a828e320>,6,1,[1 7],9,9,10,0,9
1,<environment.Job instance at 0x1532a83aaaf0>,5,27,[6 1],9,9,36,0,9
1,<environment.Job instance at 0x1532b82410f0>,1,2,[12  2],4,29,31,25,29
1,<environment.Job instance at 0x15328bcb7dc0>,1,1,[6 2],3,4,5,1,4
1,<environment.Job instance at 0x1532b3a76f00>,3,2,[2 8],5,5,7,0,5
1,<environment.Job instance at 0x1532b3a76b40>,4,1,[10  2],6,6,7,0,6
1,<environment.Job instance at 0x1532b82410f0>,5,1,[12  1],8,8,9,0,8
1,<environment.Job instance at 0x1532b51805f0>,6,25,[1 7],9,9,34,0,9
1,<environment.Job instance at 0x1532b308cb40>,1,1,[ 1 11],4,6,7,2,6
1,<environment.Job instance at 0x15328bd83050>,0,1,[1 6],1,2,3,1,2
1,<environment.Job instance at 0x15328be34640>,5,1,[2 8],8,8,9,0,8
1,<environment.Job instance at 0x1532b00a1780>,1,1,[6 2],2,2,3,0,2
1,<environment.Job instance at 0x1532b00a11e0>,4,20,[6 1],5,5,25,0,5
1,<environment.Job instance at 0x1532b00a1b40>,3,23,[1 9],4,17,40,13,17
1,<environment.Job instance at 0x1532b00a1b40>,2,1,[6 1],4,4,5,0,4
1,<environment.Job instance at 0x1532b133feb0>,5,1,[5 1],9,9,10,0,9
1,<environment.Job instance at 0x1532a8107550>,2,3,[ 2 10],3,13,16,10,13
1,<environment.Job instance at 0x1532a81073c0>,1,3,[13  1],2,16,19,14,16
1,<environment.Job instance at 0x1532b30ac730>,5,1,[1 5],8,16,17,8,16
1,<environment.Job instance at 0x1532b30ac230>,3,1,[8 2],5,19,20,14,16
1,<environment.Job instance at 0x1532a8107190>,0,25,[ 1 10],1,17,42,16,16
1,<environment.Job instance at 0x1532b30ac140>,4,2,[8 1],7,22,24,15,22
1,<environment.Job instance at 0x1532b314e140>,4,3,[13  1],7,51,54,44,51
1,<environment.Job instance at 0x15328bba8780>,3,12,[7 2],4,9,21,5,9
1,<environment.Job instance at 0x15328bce9910>,1,3,[11  1],2,21,24,19,14
1,<environment.Job instance at 0x15328bba82d0>,4,1,[2 6],5,19,20,14,19
1,<environment.Job instance at 0x1532b3e2a780>,5,26,[1 6],6,46,72,40,46
1,<environment.Job instance at 0x1532b3e40500>,1,1,[ 2 10],2,3,4,1,3
1,<environment.Job instance at 0x1532ba21a7d0>,5,3,[1 6],7,7,10,0,7
1,<environment.Job instance at 0x15328b9778c0>,6,2,[2 7],8,8,10,0,8
1,<environment.Job instance at 0x1532b0099410>,4,3,[8 2],7,72,75,65,72
1,<environment.Job instance at 0x1532b0099f00>,5,3,[2 5],8,2888,2891,2880,2888
1,<environment.Job instance at 0x1532b3082f00>,2,23,[7 1],3,3,26,0,3
1,<environment.Job instance at 0x1532b3082280>,4,22,[7 2],6,6,28,0,6
1,<environment.Job instance at 0x1532b0099d70>,3,22,[5 2],4,26,48,22,22
1,<environment.Job instance at 0x1532b3ecb780>,1,2,[8 1],3,3,5,0,3
1,<environment.Job instance at 0x1532b0099d70>,2,21,[5 1],4,5,26,1,5
1,<environment.Job instance at 0x1532b82727d0>,1,3,[ 1 12],5,10,13,5,10
1,<environment.Job instance at 0x1532b8272870>,3,24,[5 2],8,11,35,3,11
1,<environment.Job instance at 0x1532b2fe87d0>,0,24,[2 7],1,2,26,1,2
1,<environment.Job instance at 0x1532b30c6a00>,4,18,[8 1],8,19,37,11,19
1,<environment.Job instance at 0x15328bc7ccd0>,6,3,[14  2],8,342,345,334,342
1,<environment.Job instance at 0x1532b3f06820>,0,2,[8 1],1,1,3,0,1
1,<environment.Job instance at 0x1532b8bdc050>,5,2,[2 7],9,9,11,0,9
1,<environment.Job instance at 0x1532b8bdccd0>,4,2,[5 1],8,22,24,14,22
1,<environment.Job instance at 0x15328bd88230>,4,1,[6 2],6,7,8,1,7
1,<environment.Job instance at 0x15328bd88e10>,7,3,[6 1],9,67,70,58,67
1,<environment.Job instance at 0x1532b2f76190>,4,3,[1 7],9,53,56,44,53
1,<environment.Job instance at 0x15328bd88af0>,0,2,[13  2],2,65,67,63,65
1,<environment.Job instance at 0x1532a832bf00>,5,1,[2 6],8,8,9,0,8
1,<environment.Job instance at 0x15328bfbd460>,0,1,[1 7],3,3,4,0,3
1,<environment.Job instance at 0x15328bdbd0f0>,2,1,[8 2],5,5,6,0,5
1,<environment.Job instance at 0x1532b3bfbcd0>,1,1,[1 9],4,4,5,0,4
1,<environment.Job instance at 0x15328bd75410>,1,15,[7 1],4,4,19,0,4
1,<environment.Job instance at 0x1532b0281a00>,3,18,[5 1],8,19,37,11,19
1,<environment.Job instance at 0x1532b02b6690>,1,3,[14  1],2,103,106,101,103
1,<environment.Job instance at 0x1532b02b6eb0>,3,3,[1 9],5,5,8,0,5
1,<environment.Job instance at 0x15328b98feb0>,6,22,[7 2],8,8,30,0,8
1,<environment.Job instance at 0x15328b9ab0f0>,2,21,[2 7],5,6,27,1,6
1,<environment.Job instance at 0x1532b6deb5f0>,5,3,[2 6],9,31,34,22,31
1,<environment.Job instance at 0x1532b6deb5a0>,4,1,[5 1],6,85,86,79,85
1,<environment.Job instance at 0x1532a81bfa50>,5,2,[2 8],7,7,9,0,7
1,<environment.Job instance at 0x1532a81bf280>,6,1,[1 5],9,9,10,0,9
1,<environment.Job instance at 0x15328bfe8780>,0,1,[5 1],1,3,4,2,3
1,<environment.Job instance at 0x1532a81bf280>,5,3,[ 2 13],8,29,32,21,29
1,<environment.Job instance at 0x1532a80fd960>,6,15,[8 1],9,44,59,35,44
1,<environment.Job instance at 0x1532b8cfdd70>,0,1,[7 2],1,3,4,2,3
1,<environment.Job instance at 0x1532b003f280>,3,28,[7 2],5,5,33,0,5
1,<environment.Job instance at 0x15328b8843c0>,0,2,[6 1],2,3,5,1,3
1,<environment.Job instance at 0x15328b884410>,1,18,[6 2],3,3,21,0,3
1,<environment.Job instance at 0x1532b0391690>,1,1,[1 8],2,3,4,1,3
1,<environment.Job instance at 0x1532b1599410>,5,13,[6 2],9,13,26,4,13
1,<environment.Job instance at 0x1532b8c1c280>,0,19,[2 7],1,5,24,4,5
1,<environment.Job instance at 0x15328bc4f690>,6,2,[10  2],8,8,10,0,8
1,<environment.Job instance at 0x15328bcb56e0>,7,18,[2 5],9,16,34,7,16
1,<environment.Job instance at 0x15328bc70640>,0,1,[1 7],1,1,2,0,1
1,<environment.Job instance at 0x15328b891e60>,0,1,[ 1 12],1,2,3,1,2
1,<environment.Job instance at 0x1532a83dae10>,4,3,[2 9],7,11,14,4,11
1,<environment.Job instance at 0x1532a83dae60>,5,2,[2 7],8,14,16,6,13
1,<environment.Job instance at 0x1532a83daf50>,6,2,[9 2],9,13,15,4,13
1,<environment.Job instance at 0x15328bc957d0>,1,1,[13  1],3,19,20,16,19
1,<environment.Job instance at 0x1532b3eeecd0>,3,1,[10  2],5,5,6,0,5
1,<environment.Job instance at 0x1532b2f99370>,0,1,[8 2],1,2,3,1,2
1,<environment.Job instance at 0x1532b2f996e0>,1,1,[ 1 10],3,3,4,0,3
1,<environment.Job instance at 0x1532b02f9320>,4,2,[1 8],8,8,10,0,8
1,<environment.Job instance at 0x15328bdaa0a0>,1,15,[7 1],2,2,17,0,2
1,<environment.Job instance at 0x15328bdaac30>,0,1,[2 5],1,3,4,2,3
1,<environment.Job instance at 0x1532b0387960>,5,2,[10  1],9,144,146,135,144
1,<environment.Job instance at 0x1532b3e68b90>,3,3,[ 2 12],6,404,407,398,404
1,<environment.Job instance at 0x15328bc9c0f0>,3,1,[6 2],4,6,7,2,6
1,<environment.Job instance at 0x1532b312f690>,5,3,[9 1],8,8,11,0,8
1,<environment.Job instance at 0x1532b312f500>,6,15,[1 9],9,9,24,0,9
1,<environment.Job instance at 0x1532b3046820>,0,22,[1 5],1,1,23,0,1
1,<environment.Job instance at 0x1532b8c06aa0>,4,2,[2 7],8,8,10,0,8
1,<environment.Job instance at 0x1532b03a8d20>,5,2,[5 2],9,128,130,119,128
1,<environment.Job instance at 0x1532b03a8d70>,4,1,[7 2],8,2299,2300,2291,2299
1,<environment.Job instance at 0x15328bd5ddc0>,4,1,[1 7],6,6,7,0,6
1,<environment.Job instance at 0x15328bc3f4b0>,5,1,[1 8],7,7,8,0,7
1,<environment.Job instance at 0x1532b02bd0a0>,2,25,[2 9],5,5,30,0,5
1,<environment.Job instance at 0x1532b17b1190>,1,2,[5 1],2,2,4,0,2
1,<environment.Job instance at 0x1532b17b1320>,5,2,[6 2],7,7,9,0,7
1,<environment.Job instance at 0x1532b13177d0>,0,1,[ 2 12],1,4,5,3,4
1,<environment.Job instance at 0x1532b17b1780>,2,1,[5 2],4,6,7,2,6
1,<environment.Job instance at 0x1532a81c96e0>,4,1,[1 9],9,11,12,2,11
1,<environment.Job instance at 0x1532a807f640>,4,1,[10  2],5,5,6,0,5
1,<environment.Job instance at 0x15328bd7e640>,5,22,[6 2],6,6,28,0,6
1,<environment.Job instance at 0x1532b824d910>,3,3,[ 2 13],4,28,31,24,28
1,<environment.Job instance at 0x15328bb18460>,3,18,[5 1],5,5,23,0,5
1,<environment.Job instance at 0x1532b8c1beb0>,3,1,[9 1],8,9,10,1,9
1,<environment.Job instance at 0x1532b2fadfa0>,2,1,[10  1],3,3,4,0,3
1,<environment.Job instance at 0x1532a8333190>,4,28,[1 5],7,7,35,0,7
1,<environment.Job instance at 0x1532b3044910>,4,22,[1 5],6,18,40,12,18
1,<environment.Job instance at 0x1532b82f7eb0>,7,1,[9 2],9,16,17,7,16
1,<environment.Job instance at 0x15328bee05f0>,5,3,[1 7],7,21,24,14,21
1,<environment.Job instance at 0x1532b82f7af0>,6,16,[7 1],8,21,37,13,21
1,<environment.Job instance at 0x1532b82f7b90>,4,2,[12  1],5,46,48,41,46
1,<environment.Job instance at 0x1532b8306780>,0,1,[6 2],2,2,3,0,2
1,<environment.Job instance at 0x1532b317cd70>,7,1,[ 1 12],9,10,11,1,10
1,<environment.Job instance at 0x15328beb3af0>,1,2,[2 5],6,8,10,2,8
1,<environment.Job instance at 0x1532b317cd70>,2,17,[8 1],8,8,25,0,8
1,<environment.Job instance at 0x15328be794b0>,1,1,[8 2],2,4,5,2,4
1,<environment.Job instance at 0x15328bf642d0>,2,1,[1 7],3,4,5,1,4
1,<environment.Job instance at 0x1532b15772d0>,5,1,[5 2],7,8,9,1,8
1,<environment.Job instance at 0x1532b15770a0>,7,1,[8 1],9,9,10,0,9
1,<environment.Job instance at 0x1532b3190280>,4,2,[2 7],7,25,27,18,25
1,<environment.Job instance at 0x1532a8036a00>,6,3,[1 8],9,113,116,104,113
1,<environment.Job instance at 0x1532a8145d20>,3,2,[ 2 14],8,21,23,13,21
1,<environment.Job instance at 0x1532b3091a50>,0,1,[2 9],2,2,3,0,2
1,<environment.Job instance at 0x1532a8062320>,6,3,[7 2],8,21,24,13,21
1,<environment.Job instance at 0x1532a8062fa0>,5,1,[1 9],7,32,33,25,32
1,<environment.Job instance at 0x15328bd524b0>,0,1,[5 1],1,4,5,3,4
1,<environment.Job instance at 0x15328b9188c0>,5,3,[2 8],7,7,10,0,7
1,<environment.Job instance at 0x15328b9182d0>,6,25,[6 2],8,12,37,4,12
1,<environment.Job instance at 0x15328bd52500>,2,1,[5 1],3,32,33,29,32
1,<environment.Job instance at 0x1532b8288dc0>,0,1,[ 2 10],1,1,2,0,1
1,<environment.Job instance at 0x15328b918f00>,1,2,[14  1],2,10,12,8,10
1,<environment.Job instance at 0x15328bb66960>,5,14,[1 5],9,13,27,4,13
1,<environment.Job instance at 0x15328bb66960>,3,1,[ 2 14],5,5,6,0,5
1,<environment.Job instance at 0x15328bb8bf50>,5,1,[2 9],7,7,8,0,7
1,<environment.Job instance at 0x1532b021f230>,2,18,[7 1],3,3,21,0,3
1,<environment.Job instance at 0x1532b03258c0>,7,1,[1 5],9,9,10,0,9
1,<environment.Job instance at 0x1532b3b39730>,2,2,[6 1],5,6,8,1,6
1,<environment.Job instance at 0x1532b3207280>,3,3,[2 5],4,4,7,0,4
1,<environment.Job instance at 0x15328b8dafa0>,7,1,[1 5],9,9,10,0,9
1,<environment.Job instance at 0x15328bb83230>,1,28,[8 1],2,2,30,0,2
1,<environment.Job instance at 0x1532b8c0f190>,2,2,[1 9],5,5,7,0,5
1,<environment.Job instance at 0x1532b02830a0>,0,1,[1 9],1,4,5,3,4
1,<environment.Job instance at 0x15328b8905f0>,0,1,[1 6],4,4,5,0,4
1,<environment.Job instance at 0x1532a83cb460>,1,3,[12  1],6,9,12,3,9
1,<environment.Job instance at 0x1532a8139820>,3,1,[2 7],8,10,11,2,10
1,<environment.Job instance at 0x15328b890960>,4,3,[7 2],9,23,26,14,23
1,<environment.Job instance at 0x1532b02e4b40>,2,18,[9 2],4,4,22,0,4
1,<environment.Job instance at 0x1532b02e48c0>,3,23,[6 2],6,16,39,10,16
1,<environment.Job instance at 0x1532b2f2ebe0>,0,1,[6 1],1,2,3,1,2
1,<environment.Job instance at 0x1532ba65df50>,3,2,[2 5],4,4,6,0,4
1,<environment.Job instance at 0x1532b2f2e9b0>,4,17,[7 2],5,6,23,1,6
1,<environment.Job instance at 0x1532b2f2e690>,3,2,[1 6],5,5,7,0,5
1,<environment.Job instance at 0x1532a8169410>,6,3,[2 8],8,21,24,13,21
1,<environment.Job instance at 0x1532a8169320>,7,3,[1 8],9,65,68,56,65
1,<environment.Job instance at 0x15328b85c910>,5,2,[2 7],7,133,135,126,133
1,<environment.Job instance at 0x1532a8169370>,4,3,[ 2 12],6,569,572,563,569
1,<environment.Job instance at 0x1532a81691e0>,1,1,[1 8],2,2,3,0,2
1,<environment.Job instance at 0x1532b8369f00>,4,21,[1 7],8,9,30,1,9
1,<environment.Job instance at 0x15328bf5ed20>,5,2,[1 5],9,18,20,9,18
1,<environment.Job instance at 0x1532b8240c30>,2,3,[ 2 13],4,314,317,310,314
1,<environment.Job instance at 0x1532b8240c30>,3,3,[ 2 10],4,4,7,0,4
1,<environment.Job instance at 0x1532b1334730>,7,27,[ 1 10],9,12,39,3,12
1,<environment.Job instance at 0x15328bc49c80>,0,1,[ 2 10],1,5,6,4,5
1,<environment.Job instance at 0x1532b1334d20>,4,3,[1 7],8,44,47,36,44
1,<environment.Job instance at 0x1532a81b3b40>,5,20,[7 2],7,7,27,0,7
1,<environment.Job instance at 0x15328b918b90>,2,1,[ 1 13],3,3,4,0,3
1,<environment.Job instance at 0x1532b18568c0>,4,1,[2 7],5,5,6,0,5
1,<environment.Job instance at 0x1532b6de7af0>,0,1,[2 9],1,1,2,0,1
1,<environment.Job instance at 0x15328b9186e0>,3,24,[7 1],5,5,29,0,5
1,<environment.Job instance at 0x1532b31bc500>,2,1,[7 2],3,4,5,1,4
1,<environment.Job instance at 0x1532a82d9cd0>,4,2,[14  1],5,5,7,0,5
1,<environment.Job instance at 0x1532a82d95a0>,6,3,[2 8],7,7,10,0,7
1,<environment.Job instance at 0x1532b301ec30>,6,1,[2 5],8,8,9,0,8
1,<environment.Job instance at 0x1532b838d9b0>,0,1,[1 9],1,1,2,0,1
1,<environment.Job instance at 0x1532b838d780>,3,1,[1 5],8,9,10,1,9
1,<environment.Job instance at 0x15328bec4320>,4,1,[6 2],8,15,16,7,15
1,<environment.Job instance at 0x15328bec47d0>,3,3,[ 1 13],7,26,29,19,26
1,<environment.Job instance at 0x1532b8cc5320>,1,2,[12  1],5,40,42,35,40
1,<environment.Job instance at 0x1532a81d8d70>,5,1,[7 2],7,13,14,6,13
1,<environment.Job instance at 0x1532b0200dc0>,3,1,[ 1 12],4,13,14,9,13
1,<environment.Job instance at 0x15328bec4910>,4,1,[5 2],6,14,15,8,13
1,<environment.Job instance at 0x1532a81d84b0>,6,16,[2 7],8,58,74,50,58
1,<environment.Job instance at 0x1532a809aa50>,3,3,[9 1],8,8,11,0,8
1,<environment.Job instance at 0x1532a809abe0>,4,3,[8 1],9,11,14,2,9
1,<environment.Job instance at 0x1532b517b140>,4,17,[7 1],5,5,22,0,5
1,<environment.Job instance at 0x1532b2b05140>,7,1,[2 5],8,8,9,0,8
1,<environment.Job instance at 0x1532b1811550>,0,20,[5 1],1,2,22,1,2
1,<environment.Job instance at 0x1532b1811370>,2,19,[8 2],3,4,23,1,4
1,<environment.Job instance at 0x1532b18114b0>,4,3,[7 2],5,22,25,17,5
1,<environment.Job instance at 0x1532b1811690>,5,1,[ 2 10],6,6,7,0,6
1,<environment.Job instance at 0x1532b8c721e0>,6,1,[7 2],7,23,24,16,7
1,<environment.Job instance at 0x1532b8c72e60>,7,2,[1 8],8,8,10,0,8
1,<environment.Job instance at 0x1532b8c72280>,8,1,[2 5],9,10,11,1,9
1,<environment.Job instance at 0x1532b8c72280>,3,1,[2 5],4,4,5,0,4
1,<environment.Job instance at 0x1532b82e9230>,6,2,[1 8],9,9,11,0,9
1,<environment.Job instance at 0x1532b82e9230>,3,1,[9 2],5,7,8,2,7
1,<environment.Job instance at 0x1532b3ebb230>,1,1,[1 6],3,3,4,0,3
1,<environment.Job instance at 0x1532b3e68c30>,5,1,[10  1],8,8,9,0,8
1,<environment.Job instance at 0x1532b3e68f50>,6,1,[9 1],9,9,10,0,9
1,<environment.Job instance at 0x1532b3eb7cd0>,4,2,[11  2],6,25,27,19,25
1,<environment.Job instance at 0x1532b3eb7960>,7,21,[1 7],9,25,46,16,25
1,<environment.Job instance at 0x1532b3b15820>,5,2,[1 7],8,42,44,34,42
1,<environment.Job instance at 0x1532b3b154b0>,2,3,[13  2],4,218,221,214,218
1,<environment.Job instance at 0x1532b17e97d0>,4,22,[2 8],7,72,94,65,72
1,<environment.Job instance at 0x1532b31b70f0>,5,2,[2 9],7,1022,1024,1015,1022
1,<environment.Job instance at 0x1532b1816be0>,3,19,[7 1],7,8,27,1,8
1,<environment.Job instance at 0x1532b1816f00>,4,2,[ 1 10],8,22,24,14,22
1,<environment.Job instance at 0x1532b1816f50>,0,3,[14  2],1,801,804,800,801
1,<environment.Job instance at 0x15328b92c0f0>,1,1,[2 5],2,3,4,1,3
1,<environment.Job instance at 0x1532b8ce8f50>,4,3,[13  2],6,433,436,427,433
1,<environment.Job instance at 0x1532b03256e0>,0,1,[ 2 13],1,2,3,1,2
1,<environment.Job instance at 0x15328ba77370>,1,1,[1 5],3,4,5,1,4
1,<environment.Job instance at 0x1532b3aefa50>,0,2,[11  1],2,3,5,1,3
1,<environment.Job instance at 0x1532b3aef6e0>,2,1,[1 8],6,6,7,0,6
1,<environment.Job instance at 0x1532b1573690>,3,2,[2 9],7,7,9,0,7
1,<environment.Job instance at 0x1532b15739b0>,4,3,[6 1],9,11,14,2,11
1,<environment.Job instance at 0x15328bf25500>,5,2,[6 1],7,8,10,1,8
1,<environment.Job instance at 0x15328bb54960>,6,16,[14  2],8,49,65,41,49
1,<environment.Job instance at 0x15328bb54960>,3,3,[14  1],7,19,22,12,19
1,<environment.Job instance at 0x1532a8222a50>,5,2,[2 6],9,55,57,46,55
1,<environment.Job instance at 0x1532b03644b0>,2,21,[2 9],5,131,152,126,131
1,<environment.Job instance at 0x1532a815e230>,4,2,[1 6],7,7,9,0,7
1,<environment.Job instance at 0x1532a815e8c0>,5,2,[6 1],8,8,10,0,8
1,<environment.Job instance at 0x1532b01a60f0>,2,3,[9 2],3,4,7,1,4
1,<environment.Job instance at 0x1532b01a6d20>,3,15,[1 5],4,8,23,4,8
1,<environment.Job instance at 0x1532b82cc5f0>,6,2,[2 7],9,16,18,7,16
1,<environment.Job instance at 0x1532b82cc4b0>,5,1,[5 1],7,28,29,21,28
1,<environment.Job instance at 0x1532b01a6140>,0,2,[14  2],1,63,65,62,63
1,<environment.Job instance at 0x1532b01a6b40>,4,1,[2 7],6,66,67,60,66
1,<environment.Job instance at 0x1532b30d4050>,2,3,[6 2],6,6,9,0,6
1,<environment.Job instance at 0x1532b30d4550>,3,3,[5 1],7,7,10,0,7
1,<environment.Job instance at 0x1532b30d4f00>,4,23,[6 2],8,9,32,1,8
1,<environment.Job instance at 0x15328b9c35f0>,2,22,[5 2],3,4,26,1,4
1,<environment.Job instance at 0x1532a805a730>,3,1,[1 8],5,5,6,0,5
1,<environment.Job instance at 0x1532b8c7da50>,2,3,[14  2],7,1771,1774,1764,1771
1,<environment.Job instance at 0x15328bddbd70>,4,2,[7 2],9,13,15,4,13
1,<environment.Job instance at 0x15328bddb1e0>,1,3,[ 2 12],6,106,109,100,106
1,<environment.Job instance at 0x1532b3bdc0f0>,4,12,[2 5],6,8,20,2,8
1,<environment.Job instance at 0x1532b3bdcaf0>,7,2,[8 1],9,9,11,0,9
1,<environment.Job instance at 0x1532b1839050>,1,1,[5 1],2,2,3,0,2
1,<environment.Job instance at 0x1532b026d4b0>,5,15,[9 2],8,15,30,7,15
1,<environment.Job instance at 0x1532ba1e98c0>,2,3,[ 2 13],4,300,303,296,300
1,<environment.Job instance at 0x1532bae20c80>,2,1,[1 6],5,5,6,0,5
1,<environment.Job instance at 0x1532bae28500>,4,2,[9 1],7,7,9,0,7
1,<environment.Job instance at 0x15328bd56dc0>,2,1,[6 2],3,4,5,1,4
1,<environment.Job instance at 0x1532b82dddc0>,6,1,[2 8],8,8,9,0,8
1,<environment.Job instance at 0x1532b82cf320>,1,1,[6 1],3,3,4,0,3
1,<environment.Job instance at 0x15328bd27910>,1,2,[ 2 13],2,11,13,9,11
1,<environment.Job instance at 0x15328b989960>,8,2,[ 1 10],9,13,15,4,13
1,<environment.Job instance at 0x1532b02cdf00>,4,2,[9 2],5,14,16,9,14
1,<environment.Job instance at 0x1532b30f1b90>,0,22,[8 2],3,4,26,1,4
1,<environment.Job instance at 0x1532b30f1a00>,1,26,[7 1],6,7,33,1,7
1,<environment.Job instance at 0x15328b918550>,0,1,[ 2 10],1,1,2,0,1
1,<environment.Job instance at 0x1532b8255190>,2,1,[6 1],8,8,9,0,8
1,<environment.Job instance at 0x15328b98faa0>,3,1,[1 8],9,9,10,0,9
1,<environment.Job instance at 0x15328be1c550>,3,24,[ 2 12],5,47,71,42,47
1,<environment.Job instance at 0x15328b890eb0>,2,26,[1 5],3,3,29,0,3
1,<environment.Job instance at 0x1532b03523c0>,1,1,[2 5],2,29,30,27,29
1,<environment.Job instance at 0x1532b31ca500>,0,1,[ 1 10],1,2,3,1,2
1,<environment.Job instance at 0x15328b85e730>,0,1,[8 1],1,1,2,0,1
1,<environment.Job instance at 0x15328b85e6e0>,3,3,[11  1],5,425,428,420,425
1,<environment.Job instance at 0x1532a82e99b0>,4,1,[11  1],9,42,43,33,42
1,<environment.Job instance at 0x1532b8ce5c30>,0,1,[5 1],2,3,4,1,3
1,<environment.Job instance at 0x1532b18397d0>,1,1,[1 7],3,11,12,8,11
1,<environment.Job instance at 0x1532b2f5db40>,2,2,[5 1],3,3,5,0,3
1,<environment.Job instance at 0x1532b15904b0>,3,12,[5 1],4,4,16,0,4
1,<environment.Job instance at 0x1532b1590230>,1,20,[1 5],2,6,26,4,6
1,<environment.Job instance at 0x1532b8c9e5f0>,6,1,[11  1],7,19,20,12,19
1,<environment.Job instance at 0x1532b1590640>,7,22,[1 6],8,125,147,117,125
1,<environment.Job instance at 0x1532b3a87dc0>,0,1,[1 6],1,2,3,1,2
1,<environment.Job instance at 0x1532b3a87050>,5,2,[2 9],6,6,8,0,6
1,<environment.Job instance at 0x1532b02cadc0>,2,1,[6 2],3,3,4,0,3
1,<environment.Job instance at 0x15328bc142d0>,6,22,[ 1 10],9,9,31,0,9
1,<environment.Job instance at 0x15328bc14a50>,0,1,[1 5],1,2,3,1,2
1,<environment.Job instance at 0x1532b83a5140>,7,21,[8 2],9,9,30,0,9
1,<environment.Job instance at 0x1532b2fdac30>,4,1,[1 8],6,7,8,1,7
1,<environment.Job instance at 0x1532a803c5f0>,5,15,[8 1],7,7,22,0,7
1,<environment.Job instance at 0x1532b2fe8410>,0,23,[2 7],1,2,25,1,2
1,<environment.Job instance at 0x1532a8107f50>,1,28,[6 2],3,3,31,0,3
1,<environment.Job instance at 0x15328bf9c0f0>,0,1,[2 5],3,3,4,0,3
1,<environment.Job instance at 0x15328baab410>,3,1,[ 1 10],7,7,8,0,7
1,<environment.Job instance at 0x1532a8127960>,5,1,[1 6],9,9,10,0,9
1,<environment.Job instance at 0x1532a81f5cd0>,0,1,[2 7],1,1,2,0,1
1,<environment.Job instance at 0x15328bf13870>,2,1,[ 1 11],3,3,4,0,3
1,<environment.Job instance at 0x1532b03005a0>,6,17,[5 1],9,14,31,5,14
1,<environment.Job instance at 0x1532b0300500>,5,2,[9 1],8,374,376,366,374
1,<environment.Job instance at 0x1532a8173d70>,1,1,[ 1 10],2,3,4,1,3
1,<environment.Job instance at 0x1532a8173d20>,4,28,[8 1],9,9,37,0,9
1,<environment.Job instance at 0x1532a81652d0>,2,21,[12  1],5,37,58,32,30
1,<environment.Job instance at 0x1532b1353be0>,1,1,[5 1],2,4,5,2,4
1,<environment.Job instance at 0x1532b13530f0>,4,21,[6 1],8,8,29,0,8
1,<environment.Job instance at 0x1532b13534b0>,5,1,[1 5],9,9,10,0,9
1,<environment.Job instance at 0x1532b1353730>,2,17,[9 2],4,26,43,22,26
1,<environment.Job instance at 0x1532b13537d0>,5,16,[5 2],7,33,49,26,33
1,<environment.Job instance at 0x1532b2afd500>,3,1,[ 2 10],7,7,8,0,7
1,<environment.Job instance at 0x1532b8bf85a0>,5,2,[1 6],9,9,11,0,9
1,<environment.Job instance at 0x1532b0094d70>,0,1,[2 5],1,2,3,1,2
1,<environment.Job instance at 0x1532b0094780>,2,17,[7 1],4,4,21,0,4
1,<environment.Job instance at 0x1532b3aaac80>,4,16,[5 1],6,9,25,3,9
1,<environment.Job instance at 0x1532b3aaab90>,6,2,[ 1 12],9,25,27,16,25
1,<environment.Job instance at 0x1532b3e89140>,1,2,[10  2],3,3,5,0,3
1,<environment.Job instance at 0x1532a82c45f0>,2,2,[ 2 10],4,4,6,0,4
1,<environment.Job instance at 0x1532a82c45a0>,0,24,[1 7],1,6,30,5,4
1,<environment.Job instance at 0x15328ba7b7d0>,2,3,[2 8],3,3,6,0,3
1,<environment.Job instance at 0x15328bd27190>,4,2,[ 1 10],7,7,9,0,7
1,<environment.Job instance at 0x1532a8278730>,5,1,[2 7],8,9,10,1,8
1,<environment.Job instance at 0x15328bfb5eb0>,1,18,[5 1],2,11,29,9,11
1,<environment.Job instance at 0x15328b852c30>,2,18,[6 1],4,15,33,11,15
1,<environment.Job instance at 0x1532b0106b90>,3,1,[1 8],7,7,8,0,7
1,<environment.Job instance at 0x1532a8067280>,2,1,[8 2],4,5,6,1,5
1,<environment.Job instance at 0x1532a8343370>,3,1,[ 1 10],5,6,7,1,6
1,<environment.Job instance at 0x1532b8244780>,1,1,[6 2],3,4,5,1,4
1,<environment.Job instance at 0x15328bc0a140>,0,1,[5 2],1,1,2,0,1
1,<environment.Job instance at 0x1532b3baf410>,7,1,[7 2],8,8,9,0,8
1,<environment.Job instance at 0x1532b3baf1e0>,8,23,[6 2],9,9,32,0,9
1,<environment.Job instance at 0x1532b3baff00>,0,2,[2 5],1,1,3,0,1
1,<environment.Job instance at 0x15328bf2d870>,2,1,[1 5],3,3,4,0,3
1,<environment.Job instance at 0x1532b3e28fa0>,2,26,[1 7],3,6,32,3,6
1,<environment.Job instance at 0x1532b3002b90>,5,1,[1 7],7,7,8,0,7
1,<environment.Job instance at 0x1532b3002550>,4,3,[ 1 14],6,32,35,26,16
1,<environment.Job instance at 0x1532b3002fa0>,2,26,[9 1],6,7,33,1,7
1,<environment.Job instance at 0x15328ba57460>,4,1,[9 2],9,33,34,24,9
1,<environment.Job instance at 0x15328b895a50>,1,1,[1 6],3,3,4,0,3
1,<environment.Job instance at 0x1532b1e97230>,3,2,[ 1 10],8,8,10,0,8
1,<environment.Job instance at 0x1532b1e97640>,3,1,[1 8],6,6,7,0,6
1,<environment.Job instance at 0x1532ba25d870>,0,1,[ 2 13],2,3,4,1,3
1,<environment.Job instance at 0x15328bf43b40>,2,1,[10  1],4,4,5,0,4
1,<environment.Job instance at 0x1532a803a0a0>,3,1,[2 5],5,5,6,0,5
1,<environment.Job instance at 0x15328bf43820>,4,1,[ 1 10],6,6,7,0,6
1,<environment.Job instance at 0x1532a803aa50>,5,1,[6 2],7,7,8,0,7
1,<environment.Job instance at 0x1532a803acd0>,6,3,[10  2],8,8,11,0,8
1,<environment.Job instance at 0x1532ba208500>,3,2,[5 2],6,6,8,0,6
1,<environment.Job instance at 0x1532a828a140>,0,1,[12  1],2,4,5,2,4
1,<environment.Job instance at 0x15328bcda8c0>,2,22,[2 9],7,8,30,1,8
1,<environment.Job instance at 0x15328bbaa500>,4,2,[8 1],7,7,9,0,7
1,<environment.Job instance at 0x15328bbaa6e0>,5,1,[ 2 10],8,8,9,0,8
1,<environment.Job instance at 0x1532b2fd97d0>,7,24,[9 2],9,318,342,309,318
1,<environment.Job instance at 0x15328bf82b90>,0,1,[10  2],1,2,3,1,2
1,<environment.Job instance at 0x1532a8178aa0>,3,3,[7 1],4,4,7,0,4
1,<environment.Job instance at 0x1532b8bf0370>,1,1,[9 2],3,6,7,3,6
1,<environment.Job instance at 0x15328ba0fb90>,0,1,[11  2],1,6,7,5,6
1,<environment.Job instance at 0x1532b3e4c730>,4,20,[6 1],6,11,31,5,11
1,<environment.Job instance at 0x1532a82c51e0>,1,22,[12  1],3,3,25,0,3
1,<environment.Job instance at 0x1532a82c53c0>,5,1,[2 8],9,9,10,0,9
1,<environment.Job instance at 0x1532b82e9370>,0,2,[11  1],1,3,5,2,3
1,<environment.Job instance at 0x15328bba8370>,4,2,[1 7],6,6,8,0,6
1,<environment.Job instance at 0x1532b82e9be0>,2,2,[6 1],3,634,636,631,634
1,<environment.Job instance at 0x15328bba87d0>,5,3,[ 2 11],8,954,957,946,954
1,<environment.Job instance at 0x1532a80f9eb0>,1,21,[7 1],4,4,25,0,4
1,<environment.Job instance at 0x15328bdda2d0>,1,26,[1 6],4,4,30,0,4
1,<environment.Job instance at 0x1532b028caf0>,3,3,[1 8],7,7,10,0,7
1,<environment.Job instance at 0x1532b028c0a0>,4,3,[12  2],8,457,460,449,457
1,<environment.Job instance at 0x1532b0364e60>,3,1,[5 2],4,4,5,0,4
1,<environment.Job instance at 0x1532b03643c0>,4,1,[ 2 10],5,5,6,0,5
1,<environment.Job instance at 0x1532b0364730>,8,1,[ 1 13],9,177,178,168,177
1,<environment.Job instance at 0x1532b837ef50>,0,21,[ 2 10],2,4,25,2,4
1,<environment.Job instance at 0x1532a81e0320>,5,1,[1 8],7,25,26,18,7
1,<environment.Job instance at 0x1532a81e0c30>,4,27,[8 2],6,7,34,1,7
1,<environment.Job instance at 0x15328ba79960>,6,3,[ 1 14],8,146,149,138,146
1,<environment.Job instance at 0x1532b83a9780>,6,1,[6 1],8,8,9,0,8
1,<environment.Job instance at 0x1532b3bcae60>,4,1,[1 5],7,7,8,0,7
1,<environment.Job instance at 0x1532b1353af0>,4,28,[9 1],9,9,37,0,9
1,<environment.Job instance at 0x1532b1353dc0>,3,3,[8 1],7,216,219,209,216
1,<environment.Job instance at 0x1532b3bca780>,1,3,[ 2 12],3,271,274,268,271
1,<environment.Job instance at 0x1532a80b6230>,1,14,[8 1],3,3,17,0,3
1,<environment.Job instance at 0x1532a80b6460>,0,25,[1 6],1,3,28,2,3
1,<environment.Job instance at 0x1532a80cc5f0>,1,1,[9 1],2,3,4,1,3
1,<environment.Job instance at 0x15328bed4820>,3,1,[7 1],4,4,5,0,4
1,<environment.Job instance at 0x1532b30edaf0>,4,1,[6 2],6,6,7,0,6
1,<environment.Job instance at 0x1532a82af780>,2,3,[ 2 11],3,665,668,662,665
1,<environment.Job instance at 0x1532b30d4780>,3,1,[ 2 10],4,4,5,0,4
1,<environment.Job instance at 0x1532b184c410>,4,23,[1 6],7,7,30,0,7
1,<environment.Job instance at 0x15328be04730>,3,19,[10  1],5,17,36,12,17
1,<environment.Job instance at 0x1532b2fefa00>,6,3,[ 1 10],8,17,20,9,17
1,<environment.Job instance at 0x1532b184cd20>,0,2,[12  2],2,36,38,34,28
1,<environment.Job instance at 0x15328be04d70>,4,18,[1 7],6,68,86,62,68
1,<environment.Job instance at 0x1532b6de73c0>,1,1,[10  1],3,5,6,2,5
1,<environment.Job instance at 0x1532b6de7370>,3,1,[2 6],6,6,7,0,6
1,<environment.Job instance at 0x1532b6de7f00>,4,28,[ 1 10],7,8,36,1,8
1,<environment.Job instance at 0x1532b0393af0>,6,3,[6 1],9,9,12,0,9
1,<environment.Job instance at 0x1532b13490a0>,5,1,[ 2 11],9,61,62,52,61
1,<environment.Job instance at 0x1532a832bf00>,2,1,[1 6],3,67,68,64,67
1,<environment.Job instance at 0x1532b2fda370>,0,24,[11  1],1,72,96,71,72
1,<environment.Job instance at 0x1532a832baf0>,3,1,[2 6],4,72,73,68,72
1,<environment.Job instance at 0x1532b1349b90>,4,2,[1 6],7,83,85,76,83
1,<environment.Job instance at 0x1532b6e080f0>,0,28,[2 9],1,7,35,6,7
1,<environment.Job instance at 0x15328bdf3f00>,2,2,[ 2 10],7,35,37,28,35
1,<environment.Job instance at 0x15328befa870>,2,1,[7 1],5,5,6,0,5
1,<environment.Job instance at 0x15328befadc0>,3,1,[7 2],6,6,7,0,6
1,<environment.Job instance at 0x1532b8329410>,0,1,[5 1],2,3,4,1,3
1,<environment.Job instance at 0x1532b8329460>,1,12,[6 1],3,3,15,0,3
1,<environment.Job instance at 0x1532a8142640>,5,25,[5 2],8,8,33,0,8
1,<environment.Job instance at 0x1532b183a8c0>,1,1,[2 7],2,2,3,0,2
1,<environment.Job instance at 0x1532b0311d70>,5,3,[ 2 11],6,63,66,57,63
1,<environment.Job instance at 0x15328bb24910>,3,27,[9 1],5,5,32,0,5
1,<environment.Job instance at 0x15328bd61a00>,3,17,[7 1],8,12,29,4,12
1,<environment.Job instance at 0x1532b15906e0>,4,2,[ 2 11],9,23,25,14,23
1,<environment.Job instance at 0x1532b31e19b0>,6,3,[ 2 14],8,317,320,309,317
1,<environment.Job instance at 0x1532b30e92d0>,5,2,[14  2],8,71,73,63,71
1,<environment.Job instance at 0x1532b83568c0>,4,16,[8 1],7,80,96,73,80
1,<environment.Job instance at 0x1532a830f230>,3,3,[13  1],5,493,496,488,493
1,<environment.Job instance at 0x1532b30e9c30>,0,1,[9 2],1,2,3,1,2
1,<environment.Job instance at 0x1532b30e9280>,4,1,[8 2],5,5,6,0,5
1,<environment.Job instance at 0x1532b320e690>,5,2,[ 1 10],7,7,9,0,7
1,<environment.Job instance at 0x1532b320e500>,6,19,[8 1],8,8,27,0,8
1,<environment.Job instance at 0x1532b320ebe0>,3,1,[9 1],8,8,9,0,8
1,<environment.Job instance at 0x15328bc31320>,5,1,[ 1 14],6,9,10,3,9
1,<environment.Job instance at 0x15328bc310a0>,7,2,[2 7],8,24,26,16,24
1,<environment.Job instance at 0x1532b308ce60>,0,2,[1 6],1,1,3,0,1
1,<environment.Job instance at 0x1532b308ce10>,4,1,[8 1],6,9,10,3,9
1,<environment.Job instance at 0x15328bb783c0>,7,2,[6 1],9,14,16,5,14
1,<environment.Job instance at 0x15328bb78cd0>,6,2,[2 7],8,16,18,8,16
1,<environment.Job instance at 0x1532a811caa0>,0,1,[10  2],1,3,4,2,3
1,<environment.Job instance at 0x15328bb78cd0>,2,1,[2 8],5,5,6,0,5
1,<environment.Job instance at 0x1532b17f8960>,0,1,[ 1 11],2,3,4,1,3
1,<environment.Job instance at 0x1532b17f8410>,2,22,[2 7],6,7,29,1,7
1,<environment.Job instance at 0x15328be24e10>,4,2,[14  1],9,29,31,20,23
1,<environment.Job instance at 0x1532b17f89b0>,1,15,[13  2],3,37,52,34,37
1,<environment.Job instance at 0x1532b17f8050>,3,15,[7 1],7,61,76,54,61
1,<environment.Job instance at 0x1532ba21a3c0>,4,2,[1 5],6,7,9,1,7
1,<environment.Job instance at 0x1532ba643b40>,0,1,[1 9],2,2,3,0,2
1,<environment.Job instance at 0x1532ba207d70>,3,1,[8 1],7,7,8,0,7
1,<environment.Job instance at 0x1532b024f960>,3,1,[2 8],4,4,5,0,4
1,<environment.Job instance at 0x1532b17f74b0>,4,16,[7 1],5,5,21,0,5
1,<environment.Job instance at 0x1532b17f7690>,5,27,[1 5],6,6,33,0,6
1,<environment.Job instance at 0x1532b3a87cd0>,3,3,[10  1],4,6,9,2,6
1,<environment.Job instance at 0x1532b8271be0>,4,13,[1 9],5,47,60,42,47
1,<environment.Job instance at 0x1532b17e9410>,1,2,[ 2 12],2,60,62,58,53
1,<environment.Job instance at 0x1532b8271410>,6,3,[9 2],7,55,58,48,55
1,<environment.Job instance at 0x1532b8271cd0>,5,3,[8 2],6,85,88,79,85
1,<environment.Job instance at 0x1532ba22a910>,3,16,[7 2],6,410,426,404,410
1,<environment.Job instance at 0x1532b181bc80>,1,1,[ 2 13],2,3,4,1,3
1,<environment.Job instance at 0x1532b3e2fdc0>,3,1,[2 7],7,7,8,0,7
1,<environment.Job instance at 0x1532ba1e9b90>,0,1,[10  1],1,1,2,0,1
1,<environment.Job instance at 0x1532a805a780>,3,2,[5 2],7,7,9,0,7
1,<environment.Job instance at 0x1532a81c3f50>,0,27,[ 1 10],1,13,40,12,13
1,<environment.Job instance at 0x1532b028baf0>,5,13,[6 2],6,16,29,10,16
1,<environment.Job instance at 0x1532b028bc80>,6,3,[8 1],9,33,36,24,33
1,<environment.Job instance at 0x15328bb02320>,2,3,[13  2],3,327,330,324,327
1,<environment.Job instance at 0x1532ba1fc230>,4,2,[5 1],5,331,333,326,331
1,<environment.Job instance at 0x1532b00e28c0>,2,2,[1 6],3,3,5,0,3
1,<environment.Job instance at 0x15328bbf1640>,4,1,[7 2],5,5,6,0,5
1,<environment.Job instance at 0x15328bbf1910>,5,1,[7 2],6,6,7,0,6
1,<environment.Job instance at 0x1532b02e6a50>,2,1,[ 1 10],3,3,4,0,3
1,<environment.Job instance at 0x1532b00719b0>,3,2,[8 1],4,5,7,1,5
1,<environment.Job instance at 0x15328b8965f0>,5,28,[9 1],7,7,35,0,7
1,<environment.Job instance at 0x15328b8969b0>,6,1,[ 1 12],8,8,9,0,8
1,<environment.Job instance at 0x1532b3f0f370>,4,17,[1 8],8,23,40,15,23
1,<environment.Job instance at 0x1532b3f0fa50>,5,1,[2 8],9,113,114,104,113
1,<environment.Job instance at 0x1532b3f0f4b0>,2,15,[ 1 13],5,276,291,271,276
1,<environment.Job instance at 0x1532b3f0f730>,3,18,[1 5],7,291,309,284,284
1,<environment.Job instance at 0x1532b184cf00>,3,3,[1 5],6,6,9,0,6
1,<environment.Job instance at 0x1532a81fc050>,4,3,[2 9],8,8,11,0,8
1,<environment.Job instance at 0x1532b184c140>,2,18,[6 2],5,26,44,21,26
1,<environment.Job instance at 0x1532b82dc6e0>,1,1,[1 6],3,4,5,1,4
1,<environment.Job instance at 0x1532ba22db40>,3,3,[5 1],4,21,24,17,21
1,<environment.Job instance at 0x1532ba22df00>,4,1,[5 2],6,34,35,28,34
1,<environment.Job instance at 0x1532ba22ddc0>,2,1,[9 2],3,2528,2529,2525,2528
1,<environment.Job instance at 0x1532b3e86dc0>,4,1,[5 2],8,8,9,0,8
1,<environment.Job instance at 0x15328bf3f370>,5,2,[1 5],9,9,11,0,9
1,<environment.Job instance at 0x15328bf3f4b0>,1,1,[6 2],5,6,7,1,6
1,<environment.Job instance at 0x15328bf3f8c0>,2,14,[7 1],6,7,21,1,7
1,<environment.Job instance at 0x1532b17d5cd0>,2,1,[1 9],5,5,6,0,5
1,<environment.Job instance at 0x15328b9b2d70>,2,21,[2 7],7,7,28,0,7
1,<environment.Job instance at 0x1532b02c4730>,1,1,[2 8],2,3,4,1,3
1,<environment.Job instance at 0x1532b3b39910>,2,3,[12  1],5,471,474,466,471
1,<environment.Job instance at 0x1532b3b39370>,5,2,[14  2],9,9,11,0,9
1,<environment.Job instance at 0x1532b3e464b0>,3,1,[2 9],4,4,5,0,4
1,<environment.Job instance at 0x1532b3e46230>,4,1,[1 8],5,5,6,0,5
1,<environment.Job instance at 0x1532b0177d20>,2,1,[2 7],3,3,4,0,3
1,<environment.Job instance at 0x1532b0177370>,3,27,[1 8],4,4,31,0,4
1,<environment.Job instance at 0x1532b0158280>,1,1,[9 1],3,3,4,0,3
1,<environment.Job instance at 0x15328b9745a0>,4,27,[8 2],7,7,34,0,7
1,<environment.Job instance at 0x1532b3a87a50>,3,2,[1 9],4,5,7,1,5
1,<environment.Job instance at 0x1532b3a87910>,5,1,[2 7],7,7,8,0,7
1,<environment.Job instance at 0x1532b3a870a0>,4,17,[2 9],5,8,25,3,7
1,<environment.Job instance at 0x1532b3eb9550>,1,2,[11  1],2,19,21,17,19
1,<environment.Job instance at 0x1532b3a879b0>,7,2,[1 9],9,30,32,21,30
1,<environment.Job instance at 0x1532b3a875f0>,6,3,[1 5],8,48,51,40,48
1,<environment.Job instance at 0x15328b851eb0>,1,26,[6 2],2,5,31,3,5
1,<environment.Job instance at 0x1532b2f37a50>,7,3,[2 9],9,18,21,9,18
1,<environment.Job instance at 0x1532b2f37500>,5,1,[ 1 14],7,31,32,24,19
1,<environment.Job instance at 0x1532b3a875f0>,6,2,[ 1 11],8,33,35,25,33
1,<environment.Job instance at 0x1532a81df4b0>,0,1,[6 2],1,1,2,0,1
1,<environment.Job instance at 0x1532b3aa4c30>,5,20,[8 1],7,21,41,14,21
1,<environment.Job instance at 0x1532b3aa4f50>,6,1,[5 1],9,920,921,911,920
1,<environment.Job instance at 0x15328b9878c0>,5,2,[5 2],8,8,10,0,8
1,<environment.Job instance at 0x1532a82a4c30>,1,1,[2 7],2,3,4,1,3
1,<environment.Job instance at 0x1532a837f910>,3,1,[10  2],5,5,6,0,5
1,<environment.Job instance at 0x1532b3b18cd0>,5,1,[2 9],8,1065,1066,1057,1065
1,<environment.Job instance at 0x1532b3b18d20>,6,1,[2 6],9,2516,2517,2507,2516
1,<environment.Job instance at 0x1532b0096870>,4,3,[1 5],5,5,8,0,5
1,<environment.Job instance at 0x1532a8100f50>,5,1,[9 2],7,7,8,0,7
1,<environment.Job instance at 0x1532b00bd550>,2,1,[ 2 10],4,4,5,0,4
1,<environment.Job instance at 0x15328bb88c80>,1,1,[ 2 10],3,4,5,1,4
1,<environment.Job instance at 0x15328bb886e0>,4,1,[ 2 10],9,9,10,0,9
1,<environment.Job instance at 0x1532b31d7370>,5,1,[ 1 10],6,7,8,1,7
1,<environment.Job instance at 0x1532b31d7280>,6,2,[9 2],9,9,11,0,9
1,<environment.Job instance at 0x1532b31d7be0>,0,2,[2 9],1,1,3,0,1
1,<environment.Job instance at 0x1532a8363aa0>,4,1,[2 8],9,366,367,357,366
1,<environment.Job instance at 0x1532a8363280>,3,1,[2 8],6,1982,1983,1976,1982
1,<environment.Job instance at 0x1532a82ba5f0>,2,2,[1 9],4,4,6,0,4
1,<environment.Job instance at 0x15328bdc45f0>,5,1,[5 1],8,25,26,17,25
1,<environment.Job instance at 0x1532b30ac730>,2,1,[ 1 10],5,5,6,0,5
1,<environment.Job instance at 0x1532b825d640>,1,2,[2 8],2,2,4,0,2
1,<environment.Job instance at 0x1532ba208960>,2,17,[1 6],3,4,21,1,4
1,<environment.Job instance at 0x15328b8cb690>,5,2,[1 5],6,22,24,16,22
1,<environment.Job instance at 0x15328b8f9410>,0,2,[7 2],1,1,3,0,1
1,<environment.Job instance at 0x15328bbad730>,1,1,[ 1 10],2,2,3,0,2
1,<environment.Job instance at 0x1532b30ecb90>,5,2,[2 9],7,8,10,1,8
1,<environment.Job instance at 0x15328bbad050>,7,1,[1 9],9,10,11,1,9
1,<environment.Job instance at 0x1532b01d3370>,0,1,[1 6],1,2,3,1,2
1,<environment.Job instance at 0x15328bbad230>,1,3,[ 1 11],2,20,23,18,20
1,<environment.Job instance at 0x15328bc570f0>,2,1,[8 2],3,3,4,0,3
1,<environment.Job instance at 0x15328b83a5f0>,2,1,[5 2],6,7,8,1,7
1,<environment.Job instance at 0x1532b183afa0>,5,1,[1 9],9,10,11,1,10
1,<environment.Job instance at 0x1532b8295b90>,0,1,[2 6],2,2,3,0,2
1,<environment.Job instance at 0x1532b8295c30>,1,1,[6 2],3,4,5,1,4
1,<environment.Job instance at 0x1532a83da730>,2,27,[6 1],3,3,30,0,3
1,<environment.Job instance at 0x15328bd1cf00>,1,1,[12  1],2,30,31,28,5
1,<environment.Job instance at 0x15328bd1c370>,4,2,[2 9],5,7,9,2,7
1,<environment.Job instance at 0x1532b3070280>,6,1,[8 1],8,9,10,1,9
1,<environment.Job instance at 0x1532b3063d20>,7,2,[1 6],9,20,22,11,20
1,<environment.Job instance at 0x1532b30709b0>,0,1,[2 6],1,1,2,0,1
1,<environment.Job instance at 0x1532b2acb910>,5,1,[2 5],8,8,9,0,8
1,<environment.Job instance at 0x15328bca8050>,0,3,[14  2],1,40,43,39,40
1,<environment.Job instance at 0x15328bca8af0>,6,3,[9 2],8,50,53,42,50
1,<environment.Job instance at 0x1532a80b1190>,3,1,[7 1],8,8,9,0,8
1,<environment.Job instance at 0x15328b9c3be0>,2,2,[8 2],7,8,10,1,8
1,<environment.Job instance at 0x15328ba8d410>,6,28,[5 2],8,12,40,4,12
1,<environment.Job instance at 0x1532a8036c30>,3,3,[ 1 10],4,44,47,40,44
1,<environment.Job instance at 0x1532b2fd95a0>,1,2,[1 6],2,2,4,0,2
1,<environment.Job instance at 0x1532b02caf50>,4,1,[2 8],7,7,8,0,7
1,<environment.Job instance at 0x15328b8960a0>,3,2,[ 1 11],5,19,21,14,19
1,<environment.Job instance at 0x1532b8271460>,5,2,[1 6],7,7,9,0,7
1,<environment.Job instance at 0x1532b82711e0>,1,1,[ 1 14],3,3,4,0,3
1,<environment.Job instance at 0x1532b32005a0>,2,2,[14  2],5,39,41,34,39
1,<environment.Job instance at 0x1532b8271be0>,4,2,[2 8],8,44,46,36,44
1,<environment.Job instance at 0x1532b3b212d0>,1,1,[2 9],4,4,5,0,4
1,<environment.Job instance at 0x15328be19a50>,2,1,[10  2],5,5,6,0,5
1,<environment.Job instance at 0x15328be19a00>,3,1,[1 5],7,7,8,0,7
1,<environment.Job instance at 0x1532a82c2410>,3,1,[9 1],5,6,7,1,6
1,<environment.Job instance at 0x1532a82c2fa0>,4,16,[6 1],6,13,29,7,13
1,<environment.Job instance at 0x1532a82c2cd0>,7,1,[ 2 10],9,29,30,20,29
1,<environment.Job instance at 0x1532b83ac960>,3,21,[1 8],4,4,25,0,4
1,<environment.Job instance at 0x1532b83ac0f0>,7,2,[2 6],8,25,27,17,25
1,<environment.Job instance at 0x1532b8c2baf0>,3,1,[6 1],5,5,6,0,5
1,<environment.Job instance at 0x1532a833fbe0>,1,1,[2 5],3,5,6,2,5
1,<environment.Job instance at 0x1532a81a5780>,2,1,[1 5],4,13,14,9,13
1,<environment.Job instance at 0x1532b02e6d70>,2,2,[2 7],3,4,6,1,4
1,<environment.Job instance at 0x1532b02e60f0>,4,2,[8 2],6,6,8,0,6
1,<environment.Job instance at 0x1532b02e6140>,3,19,[10  1],4,8,27,4,6
1,<environment.Job instance at 0x1532b1836320>,3,27,[13  1],4,7,34,3,7
1,<environment.Job instance at 0x15328bf254b0>,3,1,[2 7],6,7,8,1,7
1,<environment.Job instance at 0x15328bf25af0>,5,1,[1 9],8,8,9,0,8
1,<environment.Job instance at 0x1532a8047fa0>,3,3,[11  2],6,10,13,4,10
1,<environment.Job instance at 0x15328b9b0870>,4,1,[2 5],7,7,8,0,7
1,<environment.Job instance at 0x15328b88e370>,3,1,[2 9],6,6,7,0,6
1,<environment.Job instance at 0x15328be245f0>,4,1,[2 9],7,7,8,0,7
1,<environment.Job instance at 0x15328be24050>,5,1,[9 1],8,9,10,1,9
1,<environment.Job instance at 0x15328bc51320>,7,27,[1 6],9,12,39,3,12
1,<environment.Job instance at 0x1532b31d7b40>,6,22,[1 6],9,22,44,13,22
1,<environment.Job instance at 0x1532b1570be0>,2,1,[2 6],4,4,5,0,4
1,<environment.Job instance at 0x1532b31cd5a0>,1,18,[2 6],2,6,24,4,6
1,<environment.Job instance at 0x1532b31cdb90>,3,1,[5 1],7,7,8,0,7
1,<environment.Job instance at 0x15328bcf9910>,3,1,[2 9],5,5,6,0,5
1,<environment.Job instance at 0x1532b31cdb90>,2,23,[1 6],4,7,30,3,7
1,<environment.Job instance at 0x15328bee1a00>,3,1,[7 1],4,6,7,2,6
1,<environment.Job instance at 0x1532b9bc4a00>,5,2,[13  1],7,18,20,11,18
1,<environment.Job instance at 0x15328bee1870>,4,1,[5 1],6,24,25,18,24
1,<environment.Job instance at 0x1532b3e46b40>,1,1,[2 8],4,4,5,0,4
1,<environment.Job instance at 0x1532b3e46910>,2,17,[7 1],5,5,22,0,5
1,<environment.Job instance at 0x1532b8d6de60>,0,26,[ 2 10],2,33,59,31,33
1,<environment.Job instance at 0x15328bf1d500>,2,27,[7 1],3,3,30,0,3
1,<environment.Job instance at 0x15328bf1dfa0>,6,1,[5 2],8,8,9,0,8
1,<environment.Job instance at 0x1532b1834320>,0,1,[1 9],1,2,3,1,2
1,<environment.Job instance at 0x1532a82ea140>,2,1,[ 1 10],4,4,5,0,4
1,<environment.Job instance at 0x15328b9d24b0>,5,28,[7 1],8,8,36,0,8
1,<environment.Job instance at 0x15328b9d2410>,6,1,[1 5],9,9,10,0,9
1,<environment.Job instance at 0x1532b30f46e0>,2,1,[1 6],3,4,5,1,4
1,<environment.Job instance at 0x15328beb7780>,4,2,[1 7],6,6,8,0,6
1,<environment.Job instance at 0x1532a82a85f0>,3,28,[2 9],5,8,36,3,7
1,<environment.Job instance at 0x1532b31987d0>,7,23,[6 1],9,9,32,0,9
1,<environment.Job instance at 0x1532b834f9b0>,5,21,[7 1],9,9,30,0,9
1,<environment.Job instance at 0x1532b834f190>,3,3,[13  1],7,292,295,285,292
1,<environment.Job instance at 0x1532b3ab8230>,0,1,[8 2],4,4,5,0,4
1,<environment.Job instance at 0x1532b3ab8460>,1,1,[1 8],5,6,7,1,6
1,<environment.Job instance at 0x1532b2ad2780>,4,2,[ 1 13],8,15,17,7,15
1,<environment.Job instance at 0x1532ba234c30>,4,3,[1 5],7,7,10,0,7
1,<environment.Job instance at 0x1532b8cfcf00>,5,1,[1 7],8,8,9,0,8
1,<environment.Job instance at 0x1532b8cfcf00>,2,17,[7 1],6,8,25,2,8
1,<environment.Job instance at 0x15328be1cfa0>,5,3,[1 8],9,9,12,0,9
1,<environment.Job instance at 0x1532a80f25f0>,6,28,[7 1],8,8,36,0,8
1,<environment.Job instance at 0x15328ba8ea50>,0,1,[2 5],1,1,2,0,1
1,<environment.Job instance at 0x1532b30ccfa0>,2,1,[2 6],4,4,5,0,4
1,<environment.Job instance at 0x15328bc419b0>,0,1,[ 2 10],1,1,2,0,1
1,<environment.Job instance at 0x15328bc41e10>,3,2,[1 5],7,7,9,0,7
1,<environment.Job instance at 0x15328ba8ec80>,4,2,[1 8],6,6,8,0,6
1,<environment.Job instance at 0x1532b305cc30>,0,1,[2 5],2,2,3,0,2
1,<environment.Job instance at 0x15328bdbb050>,2,20,[7 1],6,6,26,0,6
1,<environment.Job instance at 0x15328b8c76e0>,3,1,[2 6],6,7,8,1,7
1,<environment.Job instance at 0x1532b318be10>,6,1,[2 8],8,9,10,1,9
1,<environment.Job instance at 0x1532b30c64b0>,2,27,[5 2],4,4,31,0,4
1,<environment.Job instance at 0x1532b2f17a50>,2,1,[10  1],6,6,7,0,6
1,<environment.Job instance at 0x15328bf9a410>,3,1,[7 2],8,8,9,0,8
1,<environment.Job instance at 0x15328b8fd5f0>,5,1,[ 1 11],8,8,9,0,8
1,<environment.Job instance at 0x15328bc84b40>,0,1,[7 2],3,3,4,0,3
1,<environment.Job instance at 0x15328bc84730>,4,1,[10  1],7,7,8,0,7
1,<environment.Job instance at 0x15328bc84c80>,5,3,[1 8],9,10,13,1,10
1,<environment.Job instance at 0x1532b2f66190>,3,1,[7 2],5,5,6,0,5
1,<environment.Job instance at 0x1532b2f664b0>,4,2,[6 2],6,6,8,0,6
1,<environment.Job instance at 0x1532b8c9cf50>,5,21,[9 1],8,8,29,0,8
1,<environment.Job instance at 0x1532b8cad7d0>,2,2,[1 9],6,15,17,9,15
1,<environment.Job instance at 0x1532b836fe10>,6,3,[2 5],9,15,18,6,15
1,<environment.Job instance at 0x1532b836ff50>,3,3,[ 1 12],5,26,29,21,26
1,<environment.Job instance at 0x1532b836f0f0>,4,3,[ 1 13],6,31,34,25,31
1,<environment.Job instance at 0x1532b836fa50>,5,1,[8 2],8,39,40,31,39
1,<environment.Job instance at 0x1532b17f01e0>,2,1,[ 1 10],5,5,6,0,5
1,<environment.Job instance at 0x1532a83a9550>,0,1,[8 2],2,2,3,0,2
1,<environment.Job instance at 0x15328bf6b8c0>,3,23,[9 1],5,10,33,5,10
1,<environment.Job instance at 0x1532a810da00>,0,1,[8 1],1,3,4,2,3
1,<environment.Job instance at 0x15328bf6b8c0>,3,1,[ 2 10],8,9,10,1,9
1,<environment.Job instance at 0x15328bc2d4b0>,0,1,[1 7],1,2,3,1,2
1,<environment.Job instance at 0x1532b006e7d0>,6,3,[6 1],9,42,45,33,42
1,<environment.Job instance at 0x1532b006e190>,5,2,[ 1 12],8,170,172,162,170
1,<environment.Job instance at 0x15328b8c83c0>,3,1,[8 1],7,7,8,0,7
1,<environment.Job instance at 0x15328bf55500>,6,25,[ 2 10],9,23,48,14,23
1,<environment.Job instance at 0x15328b8e8690>,1,1,[7 1],3,3,4,0,3
1,<environment.Job instance at 0x15328b8e8be0>,5,2,[12  2],7,49,51,42,49
1,<environment.Job instance at 0x15328bdf1e10>,7,1,[10  1],9,53,54,44,53
1,<environment.Job instance at 0x1532b8ce4a00>,5,1,[10  2],8,8,9,0,8
1,<environment.Job instance at 0x1532b82a7e60>,0,1,[1 9],1,1,2,0,1
1,<environment.Job instance at 0x1532b82a76e0>,3,2,[2 6],8,49,51,41,49
1,<environment.Job instance at 0x1532b82a7be0>,1,2,[12  2],2,59,61,57,59
1,<environment.Job instance at 0x1532b2f74190>,4,1,[5 1],5,5,6,0,5
1,<environment.Job instance at 0x1532b2f746e0>,1,1,[1 8],2,6,7,4,6
1,<environment.Job instance at 0x1532b517b190>,5,1,[1 8],7,7,8,0,7
1,<environment.Job instance at 0x1532b6dd2280>,2,2,[1 8],5,5,7,0,5
1,<environment.Job instance at 0x1532b3156f00>,0,23,[7 1],1,1,24,0,1
1,<environment.Job instance at 0x15328bfa9370>,1,1,[1 5],2,2,3,0,2
1,<environment.Job instance at 0x1532b0359780>,2,1,[1 7],3,3,4,0,3
1,<environment.Job instance at 0x1532b0359140>,5,1,[10  1],8,8,9,0,8
1,<environment.Job instance at 0x15328b8df2d0>,7,24,[2 5],9,10,34,1,10
1,<environment.Job instance at 0x1532b3069820>,6,2,[12  2],8,581,583,573,581
1,<environment.Job instance at 0x15328b8df280>,5,3,[12  2],6,1364,1367,1358,1364
1,<environment.Job instance at 0x15328bcf4b90>,2,1,[10  1],4,7,8,3,7
1,<environment.Job instance at 0x1532b3a877d0>,0,1,[1 9],2,2,3,0,2
1,<environment.Job instance at 0x1532b3a87730>,2,1,[2 5],6,8,9,2,8
1,<environment.Job instance at 0x1532b3a87cd0>,4,2,[ 2 10],8,19,21,11,19
1,<environment.Job instance at 0x1532b1573e60>,1,1,[1 6],2,2,3,0,2
1,<environment.Job instance at 0x1532b308a690>,0,1,[6 2],1,1,2,0,1
1,<environment.Job instance at 0x15328bf91eb0>,7,3,[14  1],8,10,13,2,10
1,<environment.Job instance at 0x1532b3064f00>,8,18,[9 2],9,16,34,7,16
1,<environment.Job instance at 0x1532a81f3af0>,0,1,[1 6],2,4,5,2,4
1,<environment.Job instance at 0x1532a8163a50>,5,1,[ 1 10],9,9,10,0,9
1,<environment.Job instance at 0x1532b3bf09b0>,5,1,[2 5],9,9,10,0,9
1,<environment.Job instance at 0x1532b3b48870>,4,16,[2 5],6,9,25,3,9
1,<environment.Job instance at 0x1532b1325500>,4,1,[2 6],6,22,23,16,22
1,<environment.Job instance at 0x15328bd9aa50>,2,21,[6 2],3,3,24,0,3
1,<environment.Job instance at 0x1532b2fcff00>,7,14,[2 5],8,28,42,20,28
1,<environment.Job instance at 0x15328bd9aaa0>,4,1,[ 1 11],5,66,67,61,66
1,<environment.Job instance at 0x1532b2fcfc80>,8,3,[9 1],9,76,79,67,76
1,<environment.Job instance at 0x1532b037f9b0>,2,3,[1 8],3,3,6,0,3
1,<environment.Job instance at 0x1532b3c0ea50>,5,1,[8 1],6,7,8,1,7
1,<environment.Job instance at 0x1532b31f7870>,2,1,[1 7],4,5,6,1,5
1,<environment.Job instance at 0x1532b3c0e500>,3,16,[9 2],5,29,45,24,29
1,<environment.Job instance at 0x1532b02dfa00>,7,2,[10  2],9,9,11,0,9
1,<environment.Job instance at 0x1532b02df0f0>,5,1,[2 5],6,75,76,69,75
1,<environment.Job instance at 0x1532b8d15e10>,0,1,[2 9],1,4,5,3,4
1,<environment.Job instance at 0x1532b8d15780>,2,1,[1 7],5,6,7,1,6
1,<environment.Job instance at 0x1532b8d15d70>,3,1,[2 9],6,7,8,1,7
1,<environment.Job instance at 0x1532b1802f00>,1,1,[1 9],5,6,7,1,6
1,<environment.Job instance at 0x1532b8271b40>,2,1,[2 8],6,9,10,3,9
1,<environment.Job instance at 0x1532b13224b0>,0,1,[ 2 10],1,3,4,2,3
1,<environment.Job instance at 0x1532b3ab67d0>,0,1,[8 1],1,2,3,1,2
1,<environment.Job instance at 0x1532b1322500>,3,2,[2 7],5,5,7,0,5
1,<environment.Job instance at 0x15328bda92d0>,4,1,[1 8],6,6,7,0,6
1,<environment.Job instance at 0x1532b3ed6d20>,7,1,[1 5],9,32,33,23,32
1,<environment.Job instance at 0x1532b3ed6c30>,5,2,[ 1 12],7,48,50,41,48
1,<environment.Job instance at 0x15328bda9c30>,1,3,[ 1 14],2,52,55,50,52
1,<environment.Job instance at 0x15328ba57230>,0,1,[2 6],4,5,6,1,5
1,<environment.Job instance at 0x1532b5180af0>,0,3,[13  2],1,59,62,58,59
1,<environment.Job instance at 0x1532b00e23c0>,4,1,[1 5],9,74,75,65,74
1,<environment.Job instance at 0x15328bd88c80>,0,22,[7 1],1,1,23,0,1
1,<environment.Job instance at 0x15328bd885f0>,5,2,[ 1 14],8,29,31,21,29
1,<environment.Job instance at 0x15328bd88d70>,1,1,[ 2 10],4,4,5,0,4
1,<environment.Job instance at 0x1532b834de10>,2,21,[1 6],4,4,25,0,4
1,<environment.Job instance at 0x15328bebd7d0>,6,2,[ 2 10],8,8,10,0,8
1,<environment.Job instance at 0x15328bb28e60>,4,3,[12  2],5,38,41,33,38
1,<environment.Job instance at 0x15328bb28870>,5,18,[8 2],6,42,60,36,42
1,<environment.Job instance at 0x15328bb282d0>,6,3,[9 2],8,60,63,52,42
1,<environment.Job instance at 0x15328bb28910>,7,2,[2 9],9,61,63,52,61
1,<environment.Job instance at 0x15328ba91d20>,0,1,[7 1],1,1,2,0,1
1,<environment.Job instance at 0x15328bb88c30>,2,18,[10  1],4,71,89,67,71
1,<environment.Job instance at 0x1532b2f74d20>,3,3,[1 8],5,112,115,107,112
1,<environment.Job instance at 0x1532a8282370>,4,2,[ 1 10],6,453,455,447,453
1,<environment.Job instance at 0x1532b134a9b0>,3,22,[7 1],7,7,29,0,7
1,<environment.Job instance at 0x15328bff4050>,0,1,[1 8],4,4,5,0,4
1,<environment.Job instance at 0x15328bff4af0>,2,21,[6 1],7,7,28,0,7
1,<environment.Job instance at 0x1532b2f78140>,3,2,[5 1],5,7,9,2,7
1,<environment.Job instance at 0x15328b8a9230>,5,2,[6 2],7,13,15,6,13
1,<environment.Job instance at 0x1532b1809a50>,0,1,[ 2 10],1,3,4,2,3
1,<environment.Job instance at 0x1532b82dc730>,6,20,[7 1],7,11,31,4,11
1,<environment.Job instance at 0x15328bf89f50>,7,2,[5 1],8,52,54,44,52
1,<environment.Job instance at 0x15328bf89f50>,2,1,[2 9],4,4,5,0,4
1,<environment.Job instance at 0x1532b6e040a0>,3,23,[1 7],5,8,31,3,8
1,<environment.Job instance at 0x1532b8c26c30>,6,1,[1 7],9,9,10,0,9
1,<environment.Job instance at 0x1532b8c26f00>,5,17,[10  2],8,29,46,21,29
1,<environment.Job instance at 0x1532b8c2e500>,2,1,[2 7],4,4,5,0,4
1,<environment.Job instance at 0x15328b937d20>,4,1,[9 2],7,7,8,0,7
1,<environment.Job instance at 0x1532a80435a0>,1,1,[7 1],3,3,4,0,3
1,<environment.Job instance at 0x15328bb96730>,4,26,[11  2],7,7,33,0,7
1,<environment.Job instance at 0x15328bb96230>,3,3,[13  1],6,721,724,715,721
1,<environment.Job instance at 0x15328bae4730>,4,24,[2 6],7,7,31,0,7
1,<environment.Job instance at 0x1532b034deb0>,2,2,[1 9],3,3,5,0,3
1,<environment.Job instance at 0x1532b1e975f0>,0,2,[2 7],1,2,4,1,2
1,<environment.Job instance at 0x15328bf4aaa0>,4,1,[ 2 10],6,6,7,0,6
1,<environment.Job instance at 0x15328bf4a640>,5,3,[11  2],7,9,12,2,9
1,<environment.Job instance at 0x15328bf4a0f0>,6,2,[9 2],9,22,24,13,22
1,<environment.Job instance at 0x1532b1802960>,0,1,[2 6],3,3,4,0,3
1,<environment.Job instance at 0x15328bef0be0>,7,1,[6 2],8,8,9,0,8
1,<environment.Job instance at 0x15328b8aad70>,8,2,[2 5],9,9,11,0,9
1,<environment.Job instance at 0x1532a80d9be0>,4,2,[10  1],7,7,9,0,7
1,<environment.Job instance at 0x1532b8d1e280>,2,1,[2 6],4,4,5,0,4
1,<environment.Job instance at 0x1532a80f9b40>,5,1,[5 1],8,13,14,5,13
1,<environment.Job instance at 0x15328bc47280>,6,15,[5 2],9,9,24,0,9
1,<environment.Job instance at 0x15328bc47fa0>,4,1,[ 1 10],6,9,10,3,9
1,<environment.Job instance at 0x15328bc47c80>,2,1,[2 5],4,5,6,1,5
1,<environment.Job instance at 0x15328bf5e0a0>,4,20,[5 1],7,22,42,15,22
1,<environment.Job instance at 0x15328b998c30>,0,1,[12  2],1,6,7,5,6
1,<environment.Job instance at 0x15328b998d20>,3,25,[2 6],7,7,32,0,7
1,<environment.Job instance at 0x15328b998a00>,3,1,[ 1 10],5,5,6,0,5
1,<environment.Job instance at 0x1532ba646370>,5,1,[10  2],7,7,8,0,7
1,<environment.Job instance at 0x1532b033ceb0>,2,17,[7 1],9,9,26,0,9
1,<environment.Job instance at 0x1532b3c0ed70>,5,1,[8 2],8,8,9,0,8
1,<environment.Job instance at 0x1532a8136780>,6,3,[13  2],9,120,123,111,120
1,<environment.Job instance at 0x1532a823c320>,1,25,[6 2],3,5,30,2,5
1,<environment.Job instance at 0x1532b3edd7d0>,5,3,[14  1],7,239,242,232,239
1,<environment.Job instance at 0x1532b8371780>,4,24,[2 8],6,7,31,1,7
1,<environment.Job instance at 0x15328bc43d70>,3,2,[2 9],6,6,8,0,6
1,<environment.Job instance at 0x15328bc437d0>,2,2,[8 1],4,7,9,3,7
1,<environment.Job instance at 0x15328bc43e10>,0,2,[11  1],1,20,22,19,20
1,<environment.Job instance at 0x15328bc43cd0>,5,14,[6 1],9,97,111,88,97
1,<environment.Job instance at 0x15328be22550>,1,1,[6 1],5,6,7,1,6
1,<environment.Job instance at 0x1532a81d35a0>,3,1,[1 9],9,9,10,0,9
1,<environment.Job instance at 0x1532ba22ea00>,2,1,[1 6],4,14,15,10,14
1,<environment.Job instance at 0x1532a81d35a0>,4,17,[6 2],6,14,31,8,14
1,<environment.Job instance at 0x1532a81d3460>,1,3,[12  2],2,85,88,83,85
1,<environment.Job instance at 0x1532b32325a0>,1,28,[7 2],2,2,30,0,2
1,<environment.Job instance at 0x1532b32320a0>,1,1,[2 5],5,7,8,2,7
1,<environment.Job instance at 0x15328b9c8be0>,1,21,[1 5],4,4,25,0,4
1,<environment.Job instance at 0x1532b182b0f0>,2,1,[2 6],5,5,6,0,5
1,<environment.Job instance at 0x1532b0066dc0>,1,2,[7 1],5,6,8,1,6
1,<environment.Job instance at 0x15328b9db500>,4,1,[9 1],9,9,10,0,9
1,<environment.Job instance at 0x1532b01e1a50>,3,3,[9 2],4,16,19,12,16
1,<environment.Job instance at 0x1532b01e1690>,5,2,[1 6],9,27,29,18,27
1,<environment.Job instance at 0x15328baca5a0>,0,3,[13  2],1,496,499,495,496
1,<environment.Job instance at 0x1532b30b1910>,4,13,[5 1],8,11,24,3,11
1,<environment.Job instance at 0x15328bf3d460>,3,2,[5 1],6,21,23,15,21
1,<environment.Job instance at 0x15328bf3d910>,5,3,[1 5],9,45,48,36,45
1,<environment.Job instance at 0x15328bf3da50>,4,1,[5 1],7,90,91,83,90
1,<environment.Job instance at 0x15328bf3d0f0>,0,1,[12  1],1,94,95,93,94
1,<environment.Job instance at 0x1532b02d16e0>,2,2,[2 8],4,4,6,0,4
1,<environment.Job instance at 0x1532b02d1140>,1,2,[2 8],3,24,26,21,24
1,<environment.Job instance at 0x1532b017a0a0>,3,15,[1 6],6,1605,1620,1599,1605
1,<environment.Job instance at 0x15328bf6bd20>,2,20,[6 2],3,10,30,7,10
1,<environment.Job instance at 0x1532b8323370>,1,1,[ 2 10],3,4,5,1,4
1,<environment.Job instance at 0x1532b0112460>,4,1,[10  2],7,8,9,1,8
1,<environment.Job instance at 0x15328ba7b280>,0,1,[ 2 10],1,2,3,1,2
1,<environment.Job instance at 0x15328b9095a0>,3,1,[5 1],6,9,10,3,9
1,<environment.Job instance at 0x1532b30e9910>,0,1,[1 8],1,1,2,0,1
1,<environment.Job instance at 0x1532a8299640>,4,1,[1 8],5,5,6,0,5
1,<environment.Job instance at 0x1532b1570640>,2,24,[2 5],7,7,31,0,7
1,<environment.Job instance at 0x1532b31aa140>,4,1,[ 2 10],5,34,35,29,34
1,<environment.Job instance at 0x1532b51762d0>,4,15,[11  1],8,92,107,84,92
1,<environment.Job instance at 0x1532b5176190>,5,1,[ 2 13],9,104,105,95,104
1,<environment.Job instance at 0x1532b5176190>,6,1,[1 6],7,234,235,227,234
1,<environment.Job instance at 0x15328bb66be0>,7,1,[7 1],8,2587,2588,2579,2587
1,<environment.Job instance at 0x1532b3e9ea50>,0,1,[1 9],1,2,3,1,2
1,<environment.Job instance at 0x1532b026a0f0>,3,1,[ 2 14],4,8,9,4,8
1,<environment.Job instance at 0x1532ba29edc0>,6,3,[ 1 10],8,13,16,5,13
1,<environment.Job instance at 0x1532ba29e640>,4,1,[2 7],6,17,18,11,17
1,<environment.Job instance at 0x1532ba29ea50>,5,1,[1 6],7,29,30,22,29
1,<environment.Job instance at 0x15328ba6d5a0>,3,2,[2 5],7,7,9,0,7
1,<environment.Job instance at 0x1532b1581c30>,4,1,[1 9],8,9,10,1,9
1,<environment.Job instance at 0x1532ba29ec80>,5,16,[9 1],9,24,40,15,24
1,<environment.Job instance at 0x1532b1574230>,0,28,[2 5],1,2,30,1,2
1,<environment.Job instance at 0x1532b0046820>,6,1,[8 2],8,10,11,2,10
1,<environment.Job instance at 0x1532b0046fa0>,4,1,[2 9],5,16,17,11,16
1,<environment.Job instance at 0x1532b0046910>,5,2,[7 2],7,29,31,22,29
1,<environment.Job instance at 0x1532b1574050>,1,2,[14  1],2,36,38,34,36
1,<environment.Job instance at 0x1532b1574280>,3,2,[1 5],4,77,79,73,77
1,<environment.Job instance at 0x1532b3aa4a50>,0,1,[2 5],1,1,2,0,1
1,<environment.Job instance at 0x1532a83b28c0>,4,1,[1 6],9,10,11,1,10
1,<environment.Job instance at 0x15328bae4500>,3,28,[1 6],9,21,49,12,21
1,<environment.Job instance at 0x1532a831d910>,0,2,[ 2 14],1,5,7,4,5
1,<environment.Job instance at 0x1532b2f43d20>,3,2,[6 1],6,6,8,0,6
1,<environment.Job instance at 0x15328b815230>,5,2,[ 2 10],8,8,10,0,8
1,<environment.Job instance at 0x1532b01065f0>,3,1,[ 2 10],6,6,7,0,6
1,<environment.Job instance at 0x1532bae26460>,2,21,[7 2],5,5,26,0,5
1,<environment.Job instance at 0x1532bae26fa0>,1,2,[11  1],4,71,73,67,71
1,<environment.Job instance at 0x15328b8e85f0>,1,1,[9 2],4,4,5,0,4
1,<environment.Job instance at 0x15328b99df50>,1,1,[1 8],2,4,5,2,4
1,<environment.Job instance at 0x15328beec190>,3,1,[8 2],5,5,6,0,5
1,<environment.Job instance at 0x15328bb97550>,2,1,[1 7],5,5,6,0,5
1,<environment.Job instance at 0x15328beec410>,5,1,[2 5],8,9,10,1,9
1,<environment.Job instance at 0x1532bae93e60>,3,1,[6 1],6,6,7,0,6
1,<environment.Job instance at 0x15328bc78aa0>,5,3,[ 2 12],8,22,25,14,22
1,<environment.Job instance at 0x1532a8181190>,0,24,[7 2],2,2,26,0,2
1,<environment.Job instance at 0x1532b3030e60>,3,1,[2 9],6,6,7,0,6
1,<environment.Job instance at 0x1532b3030190>,4,1,[ 2 10],7,8,9,1,8
1,<environment.Job instance at 0x1532b3030550>,5,18,[5 1],8,8,26,0,8
1,<environment.Job instance at 0x1532b3030550>,2,19,[8 1],3,3,22,0,3
1,<environment.Job instance at 0x1532b3e7eb40>,2,18,[8 2],3,7,25,4,7
1,<environment.Job instance at 0x1532b3e7e500>,4,3,[2 8],6,18,21,12,18
1,<environment.Job instance at 0x1532b6df1500>,5,2,[9 1],7,56,58,49,56
1,<environment.Job instance at 0x15328ba5a0f0>,6,2,[7 1],9,61,63,52,61
1,<environment.Job instance at 0x1532b3e7eb90>,0,3,[12  2],1,1980,1983,1979,1980
1,<environment.Job instance at 0x1532b3a897d0>,6,24,[ 2 14],7,121,145,114,121
1,<environment.Job instance at 0x1532b2f55b40>,1,1,[5 2],2,2,3,0,2
1,<environment.Job instance at 0x1532a821ddc0>,5,1,[2 7],8,8,9,0,8
1,<environment.Job instance at 0x1532b3ba2aa0>,4,1,[7 1],7,16,17,9,16
1,<environment.Job instance at 0x1532b3ba24b0>,1,3,[11  2],2,1620,1623,1618,1620
1,<environment.Job instance at 0x1532b30c3dc0>,3,1,[ 1 14],7,7,8,0,7
1,<environment.Job instance at 0x15328bec17d0>,5,1,[7 1],9,9,10,0,9
1,<environment.Job instance at 0x1532b30c3cd0>,1,2,[1 8],5,7,9,2,7
1,<environment.Job instance at 0x15328bf83b40>,4,1,[1 5],9,9,10,0,9
1,<environment.Job instance at 0x1532b8bde190>,2,17,[14  2],7,19,36,12,19
1,<environment.Job instance at 0x1532a835e050>,3,1,[8 2],5,6,7,1,6
1,<environment.Job instance at 0x1532a835ea00>,4,3,[7 2],6,6,9,0,6
1,<environment.Job instance at 0x1532b515da00>,6,1,[ 2 10],8,8,9,0,8
1,<environment.Job instance at 0x1532a835e500>,1,1,[11  2],3,38,39,35,38
1,<environment.Job instance at 0x1532b515df00>,7,3,[2 9],9,76,79,67,76
1,<environment.Job instance at 0x15328bc6fb90>,0,3,[ 1 13],1,10,13,9,10
1,<environment.Job instance at 0x15328bed4230>,4,16,[6 2],9,13,29,4,13
1,<environment.Job instance at 0x15328bc6fbe0>,2,15,[5 2],4,96,111,92,96
1,<environment.Job instance at 0x1532b3a6f410>,3,1,[8 2],8,8,9,0,8
1,<environment.Job instance at 0x1532b3a6f960>,4,2,[2 6],9,9,11,0,9
1,<environment.Job instance at 0x1532b3a6f6e0>,2,14,[10  1],5,11,25,6,11
1,<environment.Job instance at 0x1532b3bafb40>,0,24,[8 2],1,2,26,1,2
1,<environment.Job instance at 0x1532b3aefd20>,2,1,[5 2],6,6,7,0,6
1,<environment.Job instance at 0x15328ba44280>,3,1,[7 1],7,7,8,0,7
1,<environment.Job instance at 0x1532b0308230>,4,1,[7 1],8,9,10,1,9
1,<environment.Job instance at 0x1532b0308190>,0,1,[2 9],2,2,3,0,2
1,<environment.Job instance at 0x1532a823f3c0>,5,24,[9 1],8,8,32,0,8
1,<environment.Job instance at 0x1532b8d069b0>,6,2,[2 6],7,18,20,11,18
1,<environment.Job instance at 0x1532b8d064b0>,7,1,[7 1],8,92,93,84,92
1,<environment.Job instance at 0x1532a823fdc0>,1,3,[12  2],2,2391,2394,2389,2391
1,<environment.Job instance at 0x15328bd8c910>,5,13,[1 5],9,28,41,19,28
1,<environment.Job instance at 0x15328bdee5a0>,0,2,[13  1],2,36,38,34,36
1,<environment.Job instance at 0x1532b2f54b90>,4,26,[9 1],6,6,32,0,6
1,<environment.Job instance at 0x15328bd8c280>,5,2,[2 5],8,8,10,0,8
1,<environment.Job instance at 0x1532b3e2f7d0>,2,1,[2 6],5,5,6,0,5
1,<environment.Job instance at 0x15328bd1cdc0>,4,3,[2 5],5,239,242,234,239
1,<environment.Job instance at 0x15328b852460>,1,3,[2 5],3,4,7,1,4
1,<environment.Job instance at 0x15328b97c140>,5,2,[1 7],8,8,10,0,8
1,<environment.Job instance at 0x15328b852640>,2,28,[2 8],4,8,36,4,8
1,<environment.Job instance at 0x15328b97c870>,1,1,[7 2],6,6,7,0,6
1,<environment.Job instance at 0x1532b02d1640>,3,28,[8 2],8,20,48,12,20
1,<environment.Job instance at 0x1532b17c54b0>,3,1,[ 1 10],8,8,9,0,8
1,<environment.Job instance at 0x15328bf89690>,4,1,[10  2],9,10,11,1,10
1,<environment.Job instance at 0x1532b033b370>,2,1,[1 7],5,5,6,0,5
1,<environment.Job instance at 0x1532b3ae3d70>,5,2,[1 6],9,9,11,0,9
1,<environment.Job instance at 0x15328bd85230>,2,1,[9 2],4,5,6,1,5
1,<environment.Job instance at 0x1532b3aaf280>,3,1,[5 1],7,18,19,11,18
1,<environment.Job instance at 0x15328b9ce0f0>,1,1,[7 2],2,3,4,1,3
1,<environment.Job instance at 0x15328b9cedc0>,3,2,[10  2],5,5,7,0,5
1,<environment.Job instance at 0x15328b9ce6e0>,5,1,[6 1],7,7,8,0,7
1,<environment.Job instance at 0x15328b9cec30>,1,1,[1 6],4,5,6,1,5
1,<environment.Job instance at 0x15328bceed20>,3,1,[ 2 10],9,15,16,6,15
1,<environment.Job instance at 0x1532b8c17640>,0,1,[1 8],1,3,4,2,3
1,<environment.Job instance at 0x1532b833c730>,4,3,[ 1 11],6,6,9,0,6
1,<environment.Job instance at 0x1532b8c17910>,2,21,[2 7],4,9,30,5,6
1,<environment.Job instance at 0x1532b837c410>,2,1,[ 1 12],7,7,8,0,7
1,<environment.Job instance at 0x1532a80345f0>,3,1,[ 1 10],4,4,5,0,4
1,<environment.Job instance at 0x1532a8034190>,5,26,[5 1],7,7,33,0,7
1,<environment.Job instance at 0x15328bd158c0>,3,3,[6 2],6,31,34,25,31
1,<environment.Job instance at 0x15328bd15730>,4,3,[ 1 10],7,32,35,25,32
1,<environment.Job instance at 0x1532a8042870>,0,3,[ 1 11],1,35,38,34,32
1,<environment.Job instance at 0x15328bd15f50>,2,17,[5 1],4,73,90,69,73
1,<environment.Job instance at 0x15328bd15460>,1,1,[1 6],3,3,4,0,3
1,<environment.Job instance at 0x1532b132e960>,3,1,[ 2 10],7,16,17,9,16
1,<environment.Job instance at 0x1532b132e8c0>,4,1,[7 1],8,35,36,27,35
1,<environment.Job instance at 0x1532b1808230>,0,2,[ 1 13],2,59,61,57,59
1,<environment.Job instance at 0x1532b132e550>,5,3,[10  2],9,74,77,65,74
1,<environment.Job instance at 0x1532a80e1190>,4,3,[ 1 11],8,9,12,1,9
1,<environment.Job instance at 0x1532a81d3320>,0,1,[ 1 10],2,2,3,0,2
1,<environment.Job instance at 0x15328b811140>,4,2,[8 2],9,30,32,21,30
1,<environment.Job instance at 0x1532b2f597d0>,2,2,[12  2],5,69,71,64,69
1,<environment.Job instance at 0x15328b811af0>,3,1,[1 6],6,78,79,72,78
1,<environment.Job instance at 0x15328b8113c0>,3,2,[1 8],6,8,10,2,8
1,<environment.Job instance at 0x1532b021a910>,5,2,[2 6],8,8,10,0,8
1,<environment.Job instance at 0x15328beeceb0>,5,1,[8 2],9,9,10,0,9
1,<environment.Job instance at 0x15328b9165a0>,4,1,[10  2],8,10,11,2,10
1,<environment.Job instance at 0x15328bf24c30>,3,15,[5 1],7,16,31,9,16
1,<environment.Job instance at 0x1532a81321e0>,6,13,[ 2 10],9,11,24,2,11
1,<environment.Job instance at 0x1532b2ad2870>,4,1,[12  2],7,44,45,37,44
1,<environment.Job instance at 0x1532a8132b90>,5,2,[1 5],8,44,46,36,44
1,<environment.Job instance at 0x1532b3002c80>,2,1,[6 1],4,4,5,0,4
1,<environment.Job instance at 0x1532b30027d0>,5,1,[2 8],7,7,8,0,7
1,<environment.Job instance at 0x1532b3002fa0>,6,1,[9 2],8,8,9,0,8
1,<environment.Job instance at 0x1532b3002870>,1,1,[1 7],5,5,6,0,5
1,<environment.Job instance at 0x1532b3146b90>,1,1,[10  2],3,3,4,0,3
1,<environment.Job instance at 0x1532b3217370>,3,1,[8 2],6,10,11,4,10
1,<environment.Job instance at 0x1532b01dbdc0>,6,27,[7 1],9,9,36,0,9
1,<environment.Job instance at 0x1532a810a4b0>,1,1,[9 1],2,3,4,1,3
1,<environment.Job instance at 0x15328bda9910>,3,1,[1 6],5,5,6,0,5
1,<environment.Job instance at 0x1532b3177370>,6,1,[1 8],8,8,9,0,8
1,<environment.Job instance at 0x1532b3177410>,7,1,[8 2],9,10,11,1,10
1,<environment.Job instance at 0x15328b8a0460>,3,1,[5 2],4,4,5,0,4
1,<environment.Job instance at 0x15328b913320>,4,1,[6 1],8,9,10,1,9
1,<environment.Job instance at 0x1532b3204f50>,1,2,[5 1],3,3,5,0,3
1,<environment.Job instance at 0x1532a832b960>,2,1,[2 7],5,7,8,2,7
1,<environment.Job instance at 0x1532b8260910>,4,17,[6 1],9,202,219,193,202
1,<environment.Job instance at 0x1532b03b6190>,2,3,[ 1 14],6,6,9,0,6
1,<environment.Job instance at 0x1532b1e85190>,4,3,[9 1],8,8,11,0,8
1,<environment.Job instance at 0x1532b18360f0>,0,1,[2 6],1,2,3,1,2
1,<environment.Job instance at 0x1532a83c5410>,5,1,[1 6],8,33,34,25,33
1,<environment.Job instance at 0x1532a8367460>,5,2,[9 2],8,25,27,17,25
1,<environment.Job instance at 0x1532a8367a00>,6,2,[7 1],9,30,32,21,30
1,<environment.Job instance at 0x1532a8367140>,3,1,[11  1],4,44,45,40,44
1,<environment.Job instance at 0x1532a8367af0>,4,3,[1 8],5,58,61,53,58
1,<environment.Job instance at 0x15328bb54780>,3,22,[6 2],4,17,39,13,17
1,<environment.Job instance at 0x15328bb54e60>,4,3,[9 1],5,217,220,212,217
1,<environment.Job instance at 0x1532b1322e60>,2,19,[1 5],4,4,23,0,4
1,<environment.Job instance at 0x1532b8cc0e60>,3,23,[8 1],9,9,32,0,9
1,<environment.Job instance at 0x1532b8333730>,1,24,[7 2],5,5,29,0,5
1,<environment.Job instance at 0x1532b8345aa0>,6,3,[6 2],8,12,15,4,12
1,<environment.Job instance at 0x1532b8367410>,1,28,[5 1],3,3,31,0,3
1,<environment.Job instance at 0x1532b1839af0>,3,1,[7 1],6,6,7,0,6
1,<environment.Job instance at 0x15328b9420a0>,0,2,[11  2],2,24,26,22,24
1,<environment.Job instance at 0x15328bcf1780>,1,1,[9 1],2,2,3,0,2
1,<environment.Job instance at 0x15328bcf13c0>,3,14,[7 2],5,5,19,0,5
1,<environment.Job instance at 0x15328bcf1230>,2,25,[ 2 14],4,19,44,15,15
1,<environment.Job instance at 0x1532b1323e60>,3,1,[10  2],5,6,7,1,6
1,<environment.Job instance at 0x1532b2fda280>,0,2,[1 5],1,2,4,1,2
1,<environment.Job instance at 0x1532b1800410>,5,1,[1 6],8,8,9,0,8
1,<environment.Job instance at 0x1532b3ec94b0>,1,1,[ 2 10],3,3,4,0,3
1,<environment.Job instance at 0x15328bc4e1e0>,0,1,[5 1],3,4,5,1,4
1,<environment.Job instance at 0x15328bc4e190>,4,1,[9 2],8,8,9,0,8
1,<environment.Job instance at 0x15328b9b07d0>,3,1,[1 9],6,29,30,23,29
1,<environment.Job instance at 0x1532a81e0eb0>,5,2,[9 1],8,38,40,30,38
1,<environment.Job instance at 0x1532b6e049b0>,6,2,[7 2],9,48,50,39,48
1,<environment.Job instance at 0x15328b9b00a0>,2,1,[5 2],4,375,376,371,375
1,<environment.Job instance at 0x1532a81e0820>,4,3,[9 1],7,555,558,548,555
1,<environment.Job instance at 0x15328b9b0050>,1,1,[ 1 11],3,1082,1083,1079,1082
1,<environment.Job instance at 0x15328ba05460>,2,2,[2 5],5,5,7,0,5
1,<environment.Job instance at 0x15328ba054b0>,3,1,[2 9],8,8,9,0,8
1,<environment.Job instance at 0x15328b8e8140>,3,2,[2 6],9,9,11,0,9
1,<environment.Job instance at 0x1532b3136d20>,6,2,[7 1],9,9,11,0,9
1,<environment.Job instance at 0x15328b95c640>,5,3,[12  2],7,7,10,0,7
1,<environment.Job instance at 0x1532b3136d20>,4,18,[1 5],6,8,26,2,8
1,<environment.Job instance at 0x15328b95c5a0>,6,17,[2 6],8,17,34,9,17
1,<environment.Job instance at 0x1532b0062140>,2,3,[14  1],4,53,56,49,53
1,<environment.Job instance at 0x15328bc83d70>,0,1,[9 2],3,3,4,0,3
1,<environment.Job instance at 0x1532a83c75a0>,2,1,[1 9],3,3,4,0,3
1,<environment.Job instance at 0x1532a83c7820>,4,25,[7 1],6,6,31,0,6
1,<environment.Job instance at 0x15328b903fa0>,6,26,[1 5],9,30,56,21,30
1,<environment.Job instance at 0x1532b3bf0780>,0,1,[5 2],2,5,6,3,5
1,<environment.Job instance at 0x15328b903320>,3,1,[8 2],8,8,9,0,8
1,<environment.Job instance at 0x1532b3e42820>,2,3,[2 9],4,49,52,45,49
1,<environment.Job instance at 0x15328b92c820>,2,1,[2 5],4,4,5,0,4
1,<environment.Job instance at 0x15328b92ce60>,4,1,[2 6],6,6,7,0,6
1,<environment.Job instance at 0x15328b92ca50>,6,1,[5 1],9,18,19,9,18
1,<environment.Job instance at 0x1532b3b24c30>,1,1,[2 9],2,2,3,0,2
1,<environment.Job instance at 0x15328bea4e60>,4,1,[2 5],6,7,8,1,7
1,<environment.Job instance at 0x1532b3b24fa0>,3,1,[14  1],5,17,18,12,17
1,<environment.Job instance at 0x1532b034d8c0>,6,1,[9 1],8,25,26,17,25
1,<environment.Job instance at 0x1532b034d370>,4,2,[ 2 12],6,28,30,22,28
1,<environment.Job instance at 0x1532b02e4500>,5,1,[2 9],7,33,34,26,33
1,<environment.Job instance at 0x1532b034da00>,7,1,[1 9],9,38,39,29,38
1,<environment.Job instance at 0x1532a83a7190>,2,1,[7 1],5,5,6,0,5
1,<environment.Job instance at 0x1532b3abe500>,5,1,[2 8],9,10,11,1,10
1,<environment.Job instance at 0x15328bbbcbe0>,5,13,[11  2],9,15,28,6,15
1,<environment.Job instance at 0x1532b3abe500>,3,1,[13  2],4,28,29,24,23
1,<environment.Job instance at 0x15328bddb870>,3,1,[2 5],4,5,6,1,5
1,<environment.Job instance at 0x15328b9dc0a0>,0,2,[7 1],1,5,7,4,5
1,<environment.Job instance at 0x15328bddb6e0>,4,1,[2 7],5,14,15,9,14
1,<environment.Job instance at 0x15328bddb230>,5,3,[ 1 13],6,15,18,9,15
1,<environment.Job instance at 0x15328bb669b0>,7,3,[1 7],9,27,30,18,27
1,<environment.Job instance at 0x15328bce9550>,1,2,[1 7],4,4,6,0,4
1,<environment.Job instance at 0x1532b03ac6e0>,5,2,[6 1],9,1908,1910,1899,1908
1,<environment.Job instance at 0x15328bea95a0>,2,1,[2 5],4,4,5,0,4
1,<environment.Job instance at 0x1532b8390370>,6,3,[2 8],8,10,13,2,10
1,<environment.Job instance at 0x1532b83ac870>,7,16,[2 8],9,16,32,7,16
1,<environment.Job instance at 0x1532a82ecf00>,1,1,[1 6],2,2,3,0,2
1,<environment.Job instance at 0x1532a815e780>,0,1,[1 9],2,2,3,0,2
1,<environment.Job instance at 0x15328b9f3550>,6,2,[1 9],9,16,18,7,16
1,<environment.Job instance at 0x15328b9f39b0>,2,3,[ 2 13],4,29,32,25,29
1,<environment.Job instance at 0x1532b8cbb820>,5,13,[7 1],8,30,43,22,30
1,<environment.Job instance at 0x15328b9fecd0>,1,1,[ 1 10],3,4,5,1,4
1,<environment.Job instance at 0x15328bd2f690>,3,1,[2 9],5,5,6,0,5
1,<environment.Job instance at 0x1532b8cbb820>,5,2,[1 7],8,8,10,0,8
1,<environment.Job instance at 0x1532a8098870>,6,2,[6 2],8,8,10,0,8
1,<environment.Job instance at 0x1532b01fd690>,7,1,[2 7],9,10,11,1,10
1,<environment.Job instance at 0x15328b91b870>,6,26,[7 2],8,8,34,0,8
1,<environment.Job instance at 0x15328b8e5c80>,2,2,[14  2],4,137,139,133,137
1,<environment.Job instance at 0x1532b0329960>,3,1,[1 9],6,6,7,0,6
1,<environment.Job instance at 0x15328bd76910>,4,3,[5 2],5,128,131,123,128
1,<environment.Job instance at 0x1532b8307140>,5,1,[2 6],6,280,281,274,280
1,<environment.Job instance at 0x1532b51658c0>,0,1,[12  1],2,20,21,18,20
1,<environment.Job instance at 0x1532b51650f0>,5,1,[1 9],8,20,21,12,20
1,<environment.Job instance at 0x1532a80333c0>,6,1,[2 5],9,21,22,12,21
1,<environment.Job instance at 0x1532a80338c0>,2,3,[1 7],5,27,30,22,27
1,<environment.Job instance at 0x1532a832bc80>,5,1,[7 2],9,9,10,0,9
1,<environment.Job instance at 0x1532b3b5d780>,4,1,[7 2],5,5,6,0,5
1,<environment.Job instance at 0x1532b3b4d320>,1,1,[1 5],2,3,4,1,3
1,<environment.Job instance at 0x1532b3edb320>,0,1,[ 1 12],2,3,4,1,3
1,<environment.Job instance at 0x1532b3edb0a0>,2,12,[7 1],4,4,16,0,4
1,<environment.Job instance at 0x1532b8326eb0>,3,1,[9 1],5,16,17,11,5
1,<environment.Job instance at 0x15328bec9a00>,2,2,[5 2],3,4,6,1,4
1,<environment.Job instance at 0x15328bec9960>,0,23,[8 2],1,5,28,4,5
1,<environment.Job instance at 0x1532b3e8dd70>,4,1,[1 8],6,6,7,0,6
1,<environment.Job instance at 0x1532a81706e0>,6,2,[6 2],8,8,10,0,8
1,<environment.Job instance at 0x1532b3e8d640>,5,1,[1 5],7,8,9,1,8
1,<environment.Job instance at 0x1532b3b449b0>,5,1,[10  1],9,9,10,0,9
1,<environment.Job instance at 0x1532b6e00d70>,2,21,[2 6],3,3,24,0,3
1,<environment.Job instance at 0x1532b037dcd0>,0,25,[7 2],2,3,28,1,3
1,<environment.Job instance at 0x1532a80cc8c0>,2,26,[2 7],4,4,30,0,4
1,<environment.Job instance at 0x1532b037dd70>,5,1,[ 2 10],8,43,44,35,43
1,<environment.Job instance at 0x1532b037de60>,1,17,[11  2],3,368,385,365,368
1,<environment.Job instance at 0x1532b037d140>,6,3,[5 1],9,1659,1662,1650,1659
1,<environment.Job instance at 0x1532a835bf50>,7,1,[14  1],8,8,9,0,8
1,<environment.Job instance at 0x1532a835bbe0>,6,27,[1 9],7,8,35,1,8
1,<environment.Job instance at 0x1532a835faf0>,2,2,[1 8],4,7,9,3,7
1,<environment.Job instance at 0x15328bd88b40>,5,1,[2 9],8,9,10,1,9
1,<environment.Job instance at 0x15328bd882d0>,6,12,[10  1],9,25,37,16,25
1,<environment.Job instance at 0x15328bf5f0f0>,0,1,[8 2],2,3,4,1,3
1,<environment.Job instance at 0x15328bd882d0>,2,1,[2 7],4,4,5,0,4
1,<environment.Job instance at 0x15328bf5f910>,3,1,[2 8],5,6,7,1,6
1,<environment.Job instance at 0x15328bf5f280>,4,1,[2 8],7,7,8,0,7
1,<environment.Job instance at 0x15328bf5f280>,2,3,[1 9],4,42,45,38,42
