iteration,job object,job ID,job Length,job ressource requirement,job enter time,job start time,job finish time,job waiting time,current time
1,<environment.Job instance at 0x14cbe7070b90>,6,16,[2 7],9,24,40,15,24
1,<environment.Job instance at 0x14cbe7070a50>,11,28,[1 9],15,40,68,25,39
1,<environment.Job instance at 0x14cbe70c4140>,16,17,[1 7],22,68,85,46,56
1,<environment.Job instance at 0x14cbe70df5f0>,18,1,[5 2],25,56,57,31,56
1,<environment.Job instance at 0x14cbe70c45a0>,21,22,[8 2],28,56,78,28,56
1,<environment.Job instance at 0x14cbe6c14d20>,24,20,[ 1 10],32,85,105,53,76
1,<environment.Job instance at 0x14cbe70b9c30>,25,1,[6 1],34,76,77,42,76
1,<environment.Job instance at 0x14cbe7111780>,27,3,[2 8],37,78,81,41,76
1,<environment.Job instance at 0x14cbe7111f00>,28,2,[1 9],38,105,107,67,78
1,<environment.Job instance at 0x14cbe70a7190>,30,3,[1 8],41,81,84,40,80
1,<environment.Job instance at 0x14cbe699a500>,33,2,[5 1],44,84,86,40,81
1,<environment.Job instance at 0x14cbe699a5a0>,36,3,[1 6],48,105,108,57,81
1,<environment.Job instance at 0x14cbe699ad20>,37,2,[2 7],49,107,109,58,81
1,<environment.Job instance at 0x14cbe7070d20>,5,3,[9 1],8,97,100,89,97
1,<environment.Job instance at 0x14cbe7070050>,7,3,[5 1],10,310,313,300,310
1,<environment.Job instance at 0x14cbe70cb460>,2,1,[ 1 10],4,4,5,0,4
1,<environment.Job instance at 0x14cbea1e34b0>,3,3,[1 6],5,5,8,0,5
1,<environment.Job instance at 0x14cbfc14aaf0>,4,2,[2 8],6,6,8,0,6
1,<environment.Job instance at 0x14cbe69aa370>,5,1,[2 9],7,8,9,1,7
1,<environment.Job instance at 0x14cbfc1240a0>,6,2,[2 5],8,8,10,0,8
1,<environment.Job instance at 0x14cbfc0d8e10>,7,1,[1 7],9,9,10,0,9
1,<environment.Job instance at 0x14cbfc0e6b40>,11,1,[1 8],18,18,19,0,18
1,<environment.Job instance at 0x14cbfc0e64b0>,14,1,[7 2],22,29,30,7,29
1,<environment.Job instance at 0x14cbfca45140>,18,3,[1 9],30,30,33,0,30
1,<environment.Job instance at 0x14cbfca45d20>,19,3,[6 1],33,33,36,0,33
1,<environment.Job instance at 0x14cbfca45460>,20,2,[12  2],35,36,38,1,35
1,<environment.Job instance at 0x14cbfca45690>,21,17,[ 1 10],36,36,53,0,36
1,<environment.Job instance at 0x14cbfca45e60>,22,2,[5 2],37,40,42,3,40
1,<environment.Job instance at 0x14cbfc0d60a0>,25,18,[1 7],41,53,71,12,42
1,<environment.Job instance at 0x14cbfc0d60f0>,23,2,[1 5],39,42,44,3,42
1,<environment.Job instance at 0x14cbfc0d6dc0>,28,15,[1 9],45,71,86,26,57
1,<environment.Job instance at 0x14cbfc0d6fa0>,29,1,[1 5],48,57,58,9,57
1,<environment.Job instance at 0x14cbfca453c0>,17,18,[1 7],29,123,141,94,123
1,<environment.Job instance at 0x14cbe930d730>,1,1,[8 1],2,2,3,0,2
1,<environment.Job instance at 0x14cbfca45f00>,2,2,[1 6],3,3,5,0,3
1,<environment.Job instance at 0x14cbea1aac30>,3,2,[2 6],6,6,8,0,6
1,<environment.Job instance at 0x14cbfca45870>,4,1,[8 1],7,7,8,0,7
1,<environment.Job instance at 0x14cbea023a00>,5,2,[1 5],8,8,10,0,8
1,<environment.Job instance at 0x14cbea0236e0>,7,3,[2 8],11,11,14,0,11
1,<environment.Job instance at 0x14cbe9ffdb90>,8,2,[10  2],13,13,15,0,13
1,<environment.Job instance at 0x14cbe70dfa50>,12,12,[1 7],21,21,33,0,21
1,<environment.Job instance at 0x14cbe9691dc0>,13,16,[1 7],22,22,38,0,22
1,<environment.Job instance at 0x14cbe70df410>,14,2,[9 1],23,24,26,1,24
1,<environment.Job instance at 0x14cbe656e3c0>,16,2,[1 5],25,33,35,8,25
1,<environment.Job instance at 0x14cbea01f0f0>,17,3,[2 5],27,35,38,8,27
1,<environment.Job instance at 0x14cbea03b280>,18,3,[8 1],28,28,31,0,28
1,<environment.Job instance at 0x14cbe6554b90>,19,3,[1 6],29,38,41,9,29
1,<environment.Job instance at 0x14cbea03bfa0>,20,15,[6 2],32,33,48,1,32
1,<environment.Job instance at 0x14cbe68c28c0>,28,2,[1 7],45,45,47,0,45
1,<environment.Job instance at 0x14cbe68c2f50>,29,2,[9 1],46,47,49,1,46
1,<environment.Job instance at 0x14cbe68c2f00>,30,3,[2 9],48,48,51,0,48
1,<environment.Job instance at 0x14cbe6551190>,15,18,[2 5],24,690,708,666,690
1,<environment.Job instance at 0x14cbe68c2dc0>,2,1,[1 8],4,8,9,4,8
1,<environment.Job instance at 0x14cbe6552460>,5,1,[9 2],9,10,11,1,10
1,<environment.Job instance at 0x14cbe65525f0>,6,14,[5 1],10,10,24,0,10
1,<environment.Job instance at 0x14cbe65528c0>,8,3,[1 7],12,12,15,0,12
1,<environment.Job instance at 0x14cbe65dccd0>,9,2,[2 8],13,15,17,2,13
1,<environment.Job instance at 0x14cbe65521e0>,7,2,[7 2],11,14,16,3,14
1,<environment.Job instance at 0x14cbe65dcc80>,11,15,[1 5],15,16,31,1,15
1,<environment.Job instance at 0x14cbefdea960>,10,3,[1 5],14,17,20,3,15
1,<environment.Job instance at 0x14cbe7157af0>,12,3,[9 1],17,20,23,3,18
1,<environment.Job instance at 0x14cbe62009b0>,14,2,[ 2 10],20,24,26,4,20
1,<environment.Job instance at 0x14cbe9666cd0>,16,3,[10  2],25,26,29,1,25
1,<environment.Job instance at 0x14cbea0ffd70>,17,16,[6 1],27,29,45,2,27
1,<environment.Job instance at 0x14cbe71574b0>,13,3,[2 7],18,27,30,9,27
1,<environment.Job instance at 0x14cbe9666af0>,19,18,[2 5],30,30,48,0,30
1,<environment.Job instance at 0x14cbe68c2cd0>,3,2,[2 5],6,33,35,27,33
1,<environment.Job instance at 0x14cbe958c460>,24,1,[1 8],35,35,36,0,35
1,<environment.Job instance at 0x14cbe958cdc0>,25,1,[1 9],36,36,37,0,36
1,<environment.Job instance at 0x14cbe704a5a0>,26,3,[ 1 10],37,45,48,8,37
1,<environment.Job instance at 0x14cbe7121b40>,23,17,[1 5],34,48,65,14,38
1,<environment.Job instance at 0x14cbe704acd0>,28,12,[1 9],40,48,60,8,40
1,<environment.Job instance at 0x14cbe717c1e0>,29,3,[6 2],41,41,44,0,41
1,<environment.Job instance at 0x14cbfc163870>,30,1,[ 1 10],42,60,61,18,42
1,<environment.Job instance at 0x14cbe704af50>,27,2,[5 1],39,48,50,9,43
1,<environment.Job instance at 0x14cbfc163af0>,32,3,[1 8],44,61,64,17,44
1,<environment.Job instance at 0x14cbe6455b40>,33,18,[ 2 10],46,64,82,18,53
1,<environment.Job instance at 0x14cbfc163f00>,35,2,[8 2],48,61,63,13,53
1,<environment.Job instance at 0x14cbe9677320>,22,14,[12  1],33,65,79,32,65
1,<environment.Job instance at 0x14cbe6374960>,2,3,[11  1],3,17,20,14,17
1,<environment.Job instance at 0x14cbe63633c0>,6,26,[2 5],18,18,44,0,18
1,<environment.Job instance at 0x14cbe6363370>,5,18,[ 1 10],17,20,38,3,19
1,<environment.Job instance at 0x14cbe638e280>,9,2,[5 2],21,38,40,17,21
1,<environment.Job instance at 0x14cbe6385cd0>,16,3,[1 6],32,38,41,6,36
1,<environment.Job instance at 0x14cbe6385be0>,17,2,[1 6],33,41,43,8,36
1,<environment.Job instance at 0x14cbe6385960>,18,2,[1 7],34,43,45,9,36
1,<environment.Job instance at 0x14cbe63859b0>,19,22,[2 7],35,44,66,9,37
1,<environment.Job instance at 0x14cbe6385f00>,15,13,[ 2 10],31,66,79,35,50
1,<environment.Job instance at 0x14cbe6527cd0>,21,2,[2 8],38,50,52,12,50
1,<environment.Job instance at 0x14cbe6385a00>,20,1,[5 1],37,52,53,15,51
1,<environment.Job instance at 0x14cbe6527b90>,23,2,[9 2],40,55,57,15,55
1,<environment.Job instance at 0x14cbe6527c80>,25,1,[10  1],43,57,58,14,55
1,<environment.Job instance at 0x14cbe6527dc0>,26,2,[6 1],44,58,60,14,55
1,<environment.Job instance at 0x14cbe6527d20>,27,13,[2 9],45,79,92,34,63
1,<environment.Job instance at 0x14cbe6527f00>,28,3,[9 1],49,63,66,14,63
1,<environment.Job instance at 0x14cbe651d320>,1,2,[1 5],2,2,4,0,2
1,<environment.Job instance at 0x14cbe6527e10>,2,15,[ 1 10],5,5,20,0,5
1,<environment.Job instance at 0x14cbe6546e60>,5,2,[1 8],11,20,22,9,11
1,<environment.Job instance at 0x14cbe958d2d0>,6,1,[1 6],12,20,21,8,13
1,<environment.Job instance at 0x14cbe958dd70>,7,3,[10  2],13,14,17,1,14
1,<environment.Job instance at 0x14cbe958dcd0>,9,2,[5 2],15,17,19,2,15
1,<environment.Job instance at 0x14cbe958ddc0>,10,3,[1 8],17,22,25,5,17
1,<environment.Job instance at 0x14cbe958da00>,11,2,[5 2],19,21,23,2,19
1,<environment.Job instance at 0x14cbfedbad70>,12,2,[2 7],21,23,25,2,21
1,<environment.Job instance at 0x14cbfedba370>,13,3,[ 2 10],23,25,28,2,23
1,<environment.Job instance at 0x14cbfedba6e0>,14,1,[1 5],24,25,26,1,24
1,<environment.Job instance at 0x14cbfedba780>,15,2,[1 9],25,28,30,3,25
1,<environment.Job instance at 0x14cbe95d8960>,16,17,[1 7],26,30,47,4,26
1,<environment.Job instance at 0x14cbfcc24280>,18,2,[1 5],29,30,32,1,30
1,<environment.Job instance at 0x14cbe9677b90>,22,2,[2 5],35,35,37,0,35
1,<environment.Job instance at 0x14cbe9755140>,23,14,[ 1 10],36,47,61,11,36
1,<environment.Job instance at 0x14cbe69690a0>,24,1,[6 2],37,39,40,2,39
1,<environment.Job instance at 0x14cbe9755a50>,27,2,[7 1],40,40,42,0,40
1,<environment.Job instance at 0x14cbe9755c80>,26,14,[2 5],39,40,54,1,40
1,<environment.Job instance at 0x14cbe92afbe0>,28,2,[1 8],41,61,63,20,41
1,<environment.Job instance at 0x14cbe647fe60>,29,2,[12  1],42,44,46,2,44
1,<environment.Job instance at 0x14cbe624e5f0>,33,17,[1 9],46,63,80,17,51
1,<environment.Job instance at 0x14cbe7c1b3c0>,35,1,[6 1],49,54,55,5,52
1,<environment.Job instance at 0x14cbea175d70>,31,27,[5 1],44,479,506,435,479
1,<environment.Job instance at 0x14cbfc1c93c0>,2,18,[6 2],3,5,23,2,5
1,<environment.Job instance at 0x14cbe61b9eb0>,5,15,[2 7],9,9,24,0,9
1,<environment.Job instance at 0x14cbe68a90f0>,6,2,[2 8],10,23,25,13,10
1,<environment.Job instance at 0x14cbfca98d70>,7,12,[1 9],11,25,37,14,11
1,<environment.Job instance at 0x14cbfcaab230>,12,2,[1 6],18,18,20,0,18
1,<environment.Job instance at 0x14cbe66d7140>,14,2,[ 1 10],21,37,39,16,21
1,<environment.Job instance at 0x14cbfca98780>,9,2,[6 2],13,21,23,8,21
1,<environment.Job instance at 0x14cbe66d7c80>,10,3,[8 2],14,24,27,10,22
1,<environment.Job instance at 0x14cbe93bdf00>,17,3,[2 6],24,27,30,3,26
1,<environment.Job instance at 0x14cbfca90410>,18,2,[7 2],26,30,32,4,26
1,<environment.Job instance at 0x14cbfca90a50>,20,3,[1 9],29,39,42,10,29
1,<environment.Job instance at 0x14cbfca89730>,19,1,[9 1],28,34,35,6,34
1,<environment.Job instance at 0x14cbfeddb410>,24,1,[1 7],35,42,43,7,35
1,<environment.Job instance at 0x14cbfeddb320>,25,2,[10  2],36,36,38,0,36
1,<environment.Job instance at 0x14cbe70919b0>,26,2,[6 2],37,38,40,1,37
1,<environment.Job instance at 0x14cbe7091f50>,27,2,[10  1],38,40,42,2,38
1,<environment.Job instance at 0x14cbe92b29b0>,28,1,[7 2],39,39,40,0,39
1,<environment.Job instance at 0x14cbe7091190>,29,3,[6 2],40,42,45,2,40
1,<environment.Job instance at 0x14cbe73a78c0>,21,26,[1 7],30,43,69,13,40
1,<environment.Job instance at 0x14cbeb836c30>,30,3,[1 9],41,69,72,28,43
1,<environment.Job instance at 0x14cbeb836af0>,32,2,[8 1],43,43,45,0,43
1,<environment.Job instance at 0x14cbeb836820>,33,14,[ 2 10],44,72,86,28,57
1,<environment.Job instance at 0x14cbeb8362d0>,31,3,[13  2],42,65,68,23,65
1,<environment.Job instance at 0x14cbfedd5410>,22,2,[6 2],31,78,80,47,78
1,<environment.Job instance at 0x14cbfeddb0a0>,23,2,[2 6],34,196,198,162,196
1,<environment.Job instance at 0x14cbe6690e60>,7,1,[1 5],16,21,22,5,21
1,<environment.Job instance at 0x14cbea590af0>,12,3,[1 6],24,33,36,9,33
1,<environment.Job instance at 0x14cbea590550>,14,2,[1 5],26,33,35,7,33
1,<environment.Job instance at 0x14cbea590640>,15,16,[1 7],27,35,51,8,33
1,<environment.Job instance at 0x14cbea590730>,16,2,[10  1],28,33,35,5,33
1,<environment.Job instance at 0x14cbe64fceb0>,17,1,[12  2],30,35,36,5,33
1,<environment.Job instance at 0x14cbe68b2b40>,18,3,[2 5],32,36,39,4,33
1,<environment.Job instance at 0x14cbe68b26e0>,19,3,[1 7],33,39,42,6,33
1,<environment.Job instance at 0x14cbe63f5140>,20,3,[5 1],34,36,39,2,35
1,<environment.Job instance at 0x14cbe65b0f00>,21,1,[8 1],35,39,40,4,35
1,<environment.Job instance at 0x14cbe68b27d0>,22,1,[9 1],36,40,41,4,36
1,<environment.Job instance at 0x14cbe63f5460>,23,18,[1 8],37,42,60,5,37
1,<environment.Job instance at 0x14cbea590f50>,10,12,[6 1],21,51,63,30,39
1,<environment.Job instance at 0x14cbfc0c3190>,27,1,[8 1],43,51,52,8,47
1,<environment.Job instance at 0x14cbfc0c3370>,28,22,[1 7],44,60,82,16,53
1,<environment.Job instance at 0x14cbea03c410>,29,13,[9 2],47,63,76,16,53
1,<environment.Job instance at 0x14cbea5907d0>,13,1,[ 1 13],25,82,83,57,68
1,<environment.Job instance at 0x14cbe6690b90>,9,1,[1 7],20,92,93,72,92
1,<environment.Job instance at 0x14cbe5c395f0>,2,1,[1 8],4,4,5,0,4
1,<environment.Job instance at 0x14cbea574910>,4,3,[1 5],6,7,10,1,7
1,<environment.Job instance at 0x14cbfca9b0f0>,8,1,[5 2],12,12,13,0,12
1,<environment.Job instance at 0x14cbea574a50>,7,1,[2 8],11,12,13,1,12
1,<environment.Job instance at 0x14cbfca9b370>,11,3,[5 1],17,21,24,4,21
1,<environment.Job instance at 0x14cbfcc0cd20>,15,2,[9 2],22,25,27,3,25
1,<environment.Job instance at 0x14cbfcb7ec80>,18,3,[1 7],26,26,29,0,26
1,<environment.Job instance at 0x14cbe957ad20>,19,18,[1 8],27,27,45,0,27
1,<environment.Job instance at 0x14cbfcaa0140>,20,2,[8 2],29,29,31,0,29
1,<environment.Job instance at 0x14cbe6112550>,17,15,[2 6],25,31,46,6,30
1,<environment.Job instance at 0x14cbe618c780>,25,22,[7 2],35,45,67,10,43
1,<environment.Job instance at 0x14cbfcaa0c30>,22,1,[7 2],31,46,47,15,43
1,<environment.Job instance at 0x14cbe618cd20>,26,1,[2 7],36,45,46,9,43
1,<environment.Job instance at 0x14cbe618c640>,28,14,[ 1 10],39,46,60,7,43
1,<environment.Job instance at 0x14cbe618cd70>,27,3,[10  2],37,67,70,30,45
1,<environment.Job instance at 0x14cbe718aa00>,29,2,[2 8],43,60,62,17,45
1,<environment.Job instance at 0x14cc38129f50>,33,15,[7 1],47,70,85,23,58
1,<environment.Job instance at 0x14cbe68a25f0>,34,2,[2 6],48,62,64,14,58
1,<environment.Job instance at 0x14cbe718a4b0>,35,2,[6 1],49,58,60,9,58
1,<environment.Job instance at 0x14cbe5f0a730>,2,2,[2 7],3,3,5,0,3
1,<environment.Job instance at 0x14cbe7197640>,3,3,[1 8],4,4,7,0,4
1,<environment.Job instance at 0x14cbfcb40f50>,4,22,[9 1],5,5,27,0,5
1,<environment.Job instance at 0x14cbe963c8c0>,7,2,[ 1 10],9,9,11,0,9
1,<environment.Job instance at 0x14cbe963c2d0>,8,3,[2 7],10,11,14,1,10
1,<environment.Job instance at 0x14cbe963c140>,9,26,[10  1],11,27,53,16,24
1,<environment.Job instance at 0x14cbe963c960>,10,3,[ 2 12],12,24,27,12,24
1,<environment.Job instance at 0x14cbfcae44b0>,14,1,[12  1],18,53,54,35,25
1,<environment.Job instance at 0x14cbfcae41e0>,15,18,[2 8],19,27,45,8,25
1,<environment.Job instance at 0x14cbfcae4280>,16,1,[7 1],23,54,55,31,26
1,<environment.Job instance at 0x14cbfcae40f0>,17,2,[2 5],24,27,29,3,26
1,<environment.Job instance at 0x14cbe68847d0>,18,1,[5 2],25,45,46,20,26
1,<environment.Job instance at 0x14cbea212fa0>,30,2,[2 6],41,41,43,0,41
1,<environment.Job instance at 0x14cbea58bb40>,32,13,[1 8],43,46,59,3,43
1,<environment.Job instance at 0x14cbea1d3370>,34,1,[1 7],45,55,56,10,47
1,<environment.Job instance at 0x14cbea1d3820>,35,18,[2 7],49,56,74,7,49
1,<environment.Job instance at 0x14cbe5cd5aa0>,3,3,[1 5],7,7,10,0,7
1,<environment.Job instance at 0x14cbe5cd5690>,5,1,[10  2],9,9,10,0,9
1,<environment.Job instance at 0x14cbe5cd5b90>,6,1,[10  1],10,10,11,0,10
1,<environment.Job instance at 0x14cbe5cd5b40>,8,1,[8 2],13,18,19,5,18
1,<environment.Job instance at 0x14cbfe4c3370>,12,1,[1 5],19,19,20,0,19
1,<environment.Job instance at 0x14cbe5cd5370>,14,15,[5 2],23,23,38,0,23
1,<environment.Job instance at 0x14cbe7157a50>,15,2,[10  1],26,26,28,0,26
1,<environment.Job instance at 0x14cbe5cd51e0>,16,1,[2 8],27,28,29,1,27
1,<environment.Job instance at 0x14cbe693fe60>,17,2,[7 2],30,30,32,0,30
1,<environment.Job instance at 0x14cbe60dc690>,19,17,[1 6],33,33,50,0,33
1,<environment.Job instance at 0x14cbe5cd5780>,11,14,[9 2],18,33,47,15,33
1,<environment.Job instance at 0x14cbefdb04b0>,22,2,[9 2],38,47,49,9,38
1,<environment.Job instance at 0x14cbe9369050>,24,3,[ 1 10],40,50,53,10,40
1,<environment.Job instance at 0x14cbefdb0f50>,25,1,[7 1],41,49,50,8,41
1,<environment.Job instance at 0x14cbe7c19a00>,26,2,[1 6],42,42,44,0,42
1,<environment.Job instance at 0x14cbe7c19140>,27,2,[1 6],43,44,46,1,43
1,<environment.Job instance at 0x14cbea19f190>,28,3,[6 2],44,49,52,5,44
1,<environment.Job instance at 0x14cbfcb327d0>,29,1,[10  1],46,52,53,6,46
1,<environment.Job instance at 0x14cbe65acbe0>,20,1,[2 9],34,53,54,19,47
1,<environment.Job instance at 0x14cbe6501550>,30,3,[6 2],47,53,56,6,47
1,<environment.Job instance at 0x14cbe661bd20>,31,1,[2 8],48,54,55,6,48
1,<environment.Job instance at 0x14cbfc1d75f0>,10,3,[9 2],16,98,101,82,98
1,<environment.Job instance at 0x14cbfc17a730>,2,3,[2 7],5,5,8,0,5
1,<environment.Job instance at 0x14cbfc17aaa0>,3,1,[8 1],6,6,7,0,6
1,<environment.Job instance at 0x14cbfc1a5410>,5,12,[1 5],12,14,26,2,14
1,<environment.Job instance at 0x14cbfc1a5870>,8,2,[1 9],16,16,18,0,16
1,<environment.Job instance at 0x14cbfc1a5eb0>,9,1,[1 8],17,18,19,1,17
1,<environment.Job instance at 0x14cbfc1a5500>,10,3,[ 1 10],18,19,22,1,18
1,<environment.Job instance at 0x14cbfc1a5b40>,11,2,[1 5],19,22,24,3,19
1,<environment.Job instance at 0x14cbfc1a5d20>,12,17,[2 5],23,23,40,0,23
1,<environment.Job instance at 0x14cbfc17ad20>,0,1,[10  2],1,24,25,23,23
1,<environment.Job instance at 0x14cbfc170e60>,19,1,[1 9],36,38,39,2,38
1,<environment.Job instance at 0x14cbfc170c30>,21,1,[1 7],38,39,40,1,38
1,<environment.Job instance at 0x14cbe60cb820>,22,3,[8 1],40,41,44,1,41
1,<environment.Job instance at 0x14cbe60cbd70>,23,3,[2 5],42,42,45,0,42
1,<environment.Job instance at 0x14cbe60cbb90>,24,13,[1 9],44,44,57,0,44
1,<environment.Job instance at 0x14cbfc172a00>,25,12,[2 7],46,57,69,11,46
1,<environment.Job instance at 0x14cbe5ffc5a0>,1,1,[1 5],2,2,3,0,2
1,<environment.Job instance at 0x14cbfc1726e0>,2,2,[8 1],3,3,5,0,3
1,<environment.Job instance at 0x14cbe6139230>,3,1,[5 2],5,5,6,0,5
1,<environment.Job instance at 0x14cbe94fc230>,4,12,[13  2],6,570,582,564,570
1,<environment.Job instance at 0x14cbe62bae60>,16,2,[9 1],23,582,584,559,577
1,<environment.Job instance at 0x14cbe62ba690>,17,2,[2 7],25,577,579,552,577
1,<environment.Job instance at 0x14cbe94fc960>,7,15,[ 1 10],12,579,594,567,577
1,<environment.Job instance at 0x14cbe62ba320>,19,15,[8 1],29,584,599,555,577
1,<environment.Job instance at 0x14cbe94fcf50>,5,2,[1 9],9,594,596,585,577
1,<environment.Job instance at 0x14cbe62ba780>,21,1,[ 2 10],32,596,597,564,577
1,<environment.Job instance at 0x14cbe62babe0>,22,2,[5 2],35,582,584,547,577
1,<environment.Job instance at 0x14cbfce50a50>,23,14,[ 1 10],36,597,611,561,582
1,<environment.Job instance at 0x14cbe62ba370>,20,1,[6 2],30,584,585,554,582
1,<environment.Job instance at 0x14cbeeb45140>,25,3,[1 8],39,611,614,572,585
1,<environment.Job instance at 0x14cbeeb45cd0>,26,1,[6 1],40,585,586,545,585
1,<environment.Job instance at 0x14cbea076b90>,27,2,[2 9],42,614,616,572,587
1,<environment.Job instance at 0x14cbfce501e0>,29,1,[2 9],44,616,617,572,601
1,<environment.Job instance at 0x14cbe9528820>,32,14,[1 9],48,617,631,569,602
1,<environment.Job instance at 0x14cbe67d1690>,33,15,[1 5],49,602,617,553,602
1,<environment.Job instance at 0x14cbfce50e10>,28,16,[1 8],43,631,647,588,618
1,<environment.Job instance at 0x14cbe94fc500>,6,3,[1 7],11,637,640,626,637
1,<environment.Job instance at 0x14cbe5d9d730>,2,1,[6 2],4,5,6,1,5
1,<environment.Job instance at 0x14cbe70b6d70>,7,1,[2 9],11,11,12,0,11
1,<environment.Job instance at 0x14cbfcbc9d20>,11,2,[1 9],17,17,19,0,17
1,<environment.Job instance at 0x14cbea4c5780>,12,16,[2 5],18,18,34,0,18
1,<environment.Job instance at 0x14cbe63687d0>,16,1,[2 7],26,26,27,0,26
1,<environment.Job instance at 0x14cbe66ee140>,17,2,[1 6],27,27,29,0,27
1,<environment.Job instance at 0x14cbe67efd20>,19,2,[7 1],30,30,32,0,30
1,<environment.Job instance at 0x14cbe5c7db90>,20,18,[7 1],31,32,50,1,31
1,<environment.Job instance at 0x14cbe93abe10>,24,1,[10  1],39,50,51,11,40
1,<environment.Job instance at 0x14cbe620c8c0>,26,3,[1 7],41,41,44,0,41
1,<environment.Job instance at 0x14cbe620cd70>,27,1,[8 1],43,44,45,1,43
1,<environment.Job instance at 0x14cbe620cb90>,28,2,[8 2],44,45,47,1,44
1,<environment.Job instance at 0x14cbe620c3c0>,29,1,[1 7],45,47,48,2,45
1,<environment.Job instance at 0x14cbe620cc80>,30,3,[2 9],46,48,51,2,46
1,<environment.Job instance at 0x14cbe620c7d0>,31,3,[ 1 14],47,51,54,4,47
1,<environment.Job instance at 0x14cbe61edcd0>,25,24,[1 8],40,2854,2878,2814,2854
1,<environment.Job instance at 0x14cbecec5c80>,2,1,[11  1],4,4,5,0,4
1,<environment.Job instance at 0x14cbecec5500>,4,17,[2 8],7,7,24,0,7
1,<environment.Job instance at 0x14cbe61a0730>,10,2,[2 9],14,24,26,10,14
1,<environment.Job instance at 0x14cbe61a0230>,9,2,[5 1],13,14,16,1,14
1,<environment.Job instance at 0x14cbe61a01e0>,16,1,[7 2],24,24,25,0,24
1,<environment.Job instance at 0x14cbe61a0500>,17,3,[2 7],26,26,29,0,26
1,<environment.Job instance at 0x14cbfe513d20>,18,1,[10  1],27,27,28,0,27
1,<environment.Job instance at 0x14cbfe513050>,19,15,[1 7],28,28,43,0,28
1,<environment.Job instance at 0x14cbe6520af0>,31,3,[10  2],42,43,46,1,43
1,<environment.Job instance at 0x14cbe6520a50>,32,1,[1 7],44,44,45,0,44
1,<environment.Job instance at 0x14cbe6520780>,33,3,[1 6],45,45,48,0,45
1,<environment.Job instance at 0x14cbe6520230>,34,2,[5 2],46,47,49,1,47
1,<environment.Job instance at 0x14cbe968c320>,35,16,[8 1],48,48,64,0,48
1,<environment.Job instance at 0x14cbe712c690>,36,1,[9 2],49,66,67,17,66
1,<environment.Job instance at 0x14cbe6714be0>,2,2,[1 5],3,6,8,3,6
1,<environment.Job instance at 0x14cbfcbc9be0>,6,2,[11  2],7,7,9,0,7
1,<environment.Job instance at 0x14cbe65a0af0>,7,2,[1 9],8,8,10,0,8
1,<environment.Job instance at 0x14cbe65202d0>,1,17,[ 1 14],2,26,43,24,26
1,<environment.Job instance at 0x14cbe65a0aa0>,9,1,[9 1],10,26,27,16,26
1,<environment.Job instance at 0x14cbe65a0a00>,11,1,[1 5],12,43,44,31,26
1,<environment.Job instance at 0x14cbe65a00f0>,15,12,[2 9],17,43,55,26,26
1,<environment.Job instance at 0x14cbe9390b40>,17,15,[7 2],20,51,66,31,51
1,<environment.Job instance at 0x14cbe6714cd0>,3,12,[1 9],4,55,67,51,51
1,<environment.Job instance at 0x14cbea0d6190>,31,2,[10  2],42,66,68,24,51
1,<environment.Job instance at 0x14cbea0d6f00>,30,1,[2 7],41,67,68,26,58
1,<environment.Job instance at 0x14cbe97719b0>,4,3,[2 6],5,1569,1572,1564,1569
1,<environment.Job instance at 0x14cbe97719b0>,2,2,[ 1 10],5,6,8,1,6
1,<environment.Job instance at 0x14cbe62b1780>,5,13,[ 2 12],10,10,23,0,10
1,<environment.Job instance at 0x14cbe603b960>,11,2,[ 2 14],18,25,27,7,25
1,<environment.Job instance at 0x14cbe603bc80>,9,2,[5 2],16,27,29,11,27
1,<environment.Job instance at 0x14cbe5e33c80>,17,12,[5 1],27,61,73,34,61
1,<environment.Job instance at 0x14cbe5fbac30>,23,3,[6 2],34,61,64,27,61
1,<environment.Job instance at 0x14cbe5fbad20>,24,1,[9 2],35,64,65,29,61
1,<environment.Job instance at 0x14cbe93136e0>,25,3,[6 1],37,65,68,28,61
1,<environment.Job instance at 0x14cbfc1ef640>,26,1,[ 1 10],38,61,62,23,61
1,<environment.Job instance at 0x14cbfc140d70>,27,1,[8 2],40,68,69,28,61
1,<environment.Job instance at 0x14cbea7ffe10>,28,2,[2 7],41,62,64,21,61
1,<environment.Job instance at 0x14cbe5eae1e0>,29,12,[2 7],43,65,77,22,61
1,<environment.Job instance at 0x14cbfc0c12d0>,30,20,[ 2 10],44,77,97,33,68
1,<environment.Job instance at 0x14cbfc0c17d0>,31,15,[2 9],45,97,112,52,83
1,<environment.Job instance at 0x14cbe603b8c0>,13,1,[ 2 10],22,112,113,90,84
1,<environment.Job instance at 0x14cbe5c2cd70>,34,15,[7 2],48,84,99,36,84
1,<environment.Job instance at 0x14cbfcbbf9b0>,12,2,[10  1],20,467,469,447,467
1,<environment.Job instance at 0x14cbe616c960>,3,2,[2 5],8,8,10,0,8
1,<environment.Job instance at 0x14cbefdc0050>,4,3,[2 8],9,9,12,0,9
1,<environment.Job instance at 0x14cbefdc09b0>,5,2,[1 9],11,12,14,1,11
1,<environment.Job instance at 0x14cbefdc0a00>,6,1,[14  2],12,14,15,2,14
1,<environment.Job instance at 0x14cbe646b2d0>,8,3,[ 2 13],14,15,18,1,15
1,<environment.Job instance at 0x14cbe646b640>,9,2,[7 1],16,16,18,0,16
1,<environment.Job instance at 0x14cbe7141730>,14,2,[ 1 10],25,25,27,0,25
1,<environment.Job instance at 0x14cbe646ba50>,12,1,[6 1],23,26,27,3,26
1,<environment.Job instance at 0x14cbe60f81e0>,17,3,[1 7],28,28,31,0,28
1,<environment.Job instance at 0x14cbe60f8460>,16,1,[2 6],27,30,31,3,30
1,<environment.Job instance at 0x14cbfeb75f00>,19,2,[2 8],32,32,34,0,32
1,<environment.Job instance at 0x14cbefdedc80>,20,1,[5 2],35,40,41,5,40
1,<environment.Job instance at 0x14cbfcafce10>,21,18,[1 9],40,40,58,0,40
1,<environment.Job instance at 0x14cbea1fcb90>,23,1,[1 8],42,58,59,16,45
1,<environment.Job instance at 0x14cbfca4b3c0>,24,1,[9 1],44,45,46,1,45
1,<environment.Job instance at 0x14cbe6131d70>,26,2,[ 2 10],46,59,61,13,46
1,<environment.Job instance at 0x14cbe6131280>,25,3,[2 7],45,80,83,35,80
1,<environment.Job instance at 0x14cbe5e883c0>,1,16,[ 2 10],3,3,19,0,3
1,<environment.Job instance at 0x14cbe5e88f50>,6,2,[ 1 10],10,19,21,9,10
1,<environment.Job instance at 0x14cbe5e88c80>,7,22,[9 1],11,11,33,0,11
1,<environment.Job instance at 0x14cbe5e88050>,9,1,[8 2],13,33,34,20,14
1,<environment.Job instance at 0x14cbe5e881e0>,10,15,[ 1 12],14,21,36,7,15
1,<environment.Job instance at 0x14cbe95e9370>,14,18,[1 9],18,36,54,18,25
1,<environment.Job instance at 0x14cbe95e9e60>,18,23,[6 1],23,33,56,10,27
1,<environment.Job instance at 0x14cbe95e9960>,19,2,[2 6],24,54,56,30,27
1,<environment.Job instance at 0x14cbe95e9d70>,20,14,[2 5],25,36,50,11,27
1,<environment.Job instance at 0x14cbe95e9a00>,23,3,[11  1],28,56,59,28,45
1,<environment.Job instance at 0x14cbe95e9f50>,25,13,[1 8],31,54,67,23,45
1,<environment.Job instance at 0x14cbe95e9780>,26,2,[8 2],32,50,52,18,45
1,<environment.Job instance at 0x14cbe95e9320>,28,1,[1 8],35,67,68,32,45
1,<environment.Job instance at 0x14cbe5e8fd70>,29,1,[8 2],36,52,53,16,45
1,<environment.Job instance at 0x14cbe95e9dc0>,30,3,[1 8],40,68,71,28,45
1,<environment.Job instance at 0x14cbe95e90f0>,22,13,[1 7],27,59,72,32,45
1,<environment.Job instance at 0x14cbe5e8fd20>,31,1,[2 6],43,56,57,13,45
1,<environment.Job instance at 0x14cbe5e8f5f0>,32,1,[2 7],45,71,72,26,45
1,<environment.Job instance at 0x14cbe5e8f820>,33,1,[7 1],46,53,54,7,47
1,<environment.Job instance at 0x14cbe95e92d0>,16,17,[1 9],21,72,89,51,61
1,<environment.Job instance at 0x14cbe95e9b90>,17,2,[2 5],22,72,74,50,64
1,<environment.Job instance at 0x14cbe5e88690>,3,3,[10  1],4,7,10,3,7
1,<environment.Job instance at 0x14cbea4c5dc0>,6,2,[1 9],8,8,10,0,8
1,<environment.Job instance at 0x14cbea4c5410>,7,3,[2 8],9,10,13,1,9
1,<environment.Job instance at 0x14cbea4c55a0>,8,1,[1 7],11,11,12,0,11
1,<environment.Job instance at 0x14cbe967d4b0>,9,2,[2 8],12,13,15,1,12
1,<environment.Job instance at 0x14cbe967d410>,10,3,[8 1],13,16,19,3,16
1,<environment.Job instance at 0x14cbe607c050>,13,3,[7 1],17,17,20,0,17
1,<environment.Job instance at 0x14cbe607c230>,14,2,[2 9],19,19,21,0,19
1,<environment.Job instance at 0x14cbe607c190>,15,2,[5 1],20,20,22,0,20
1,<environment.Job instance at 0x14cbe607c370>,16,3,[ 2 12],21,21,24,0,21
1,<environment.Job instance at 0x14cbea7c79b0>,17,2,[1 5],22,24,26,2,22
1,<environment.Job instance at 0x14cbe607cc80>,18,16,[7 1],24,24,40,0,24
1,<environment.Job instance at 0x14cbea02ceb0>,21,2,[1 9],29,29,31,0,29
1,<environment.Job instance at 0x14cbe650ceb0>,22,1,[2 9],31,31,32,0,31
1,<environment.Job instance at 0x14cbe6898f50>,23,2,[ 2 10],32,32,34,0,32
1,<environment.Job instance at 0x14cbe5b61910>,24,3,[2 9],33,34,37,1,33
1,<environment.Job instance at 0x14cbe5b61280>,25,13,[2 7],35,37,50,2,35
1,<environment.Job instance at 0x14cbe607ce10>,12,18,[10  1],16,40,58,24,36
1,<environment.Job instance at 0x14cbe63b9280>,27,14,[2 9],37,50,64,13,37
1,<environment.Job instance at 0x14cbe888d910>,29,1,[2 6],39,39,40,0,39
1,<environment.Job instance at 0x14cbea4c52d0>,5,3,[2 6],7,40,43,33,40
1,<environment.Job instance at 0x14cbe5e3c500>,31,2,[ 1 10],41,64,66,23,41
1,<environment.Job instance at 0x1494fe770e60>,1,2,[2 5],4,4,6,0,4
1,<environment.Job instance at 0x1494fe770d20>,3,2,[1 7],6,9,11,3,9
1,<environment.Job instance at 0x1494a924afa0>,6,16,[2 7],9,10,26,1,10
1,<environment.Job instance at 0x1494a924a780>,7,3,[5 1],10,23,26,13,23
1,<environment.Job instance at 0x1494a924a690>,11,28,[1 9],15,26,54,11,25
1,<environment.Job instance at 0x1494a8d83780>,16,17,[1 7],22,54,71,32,47
1,<environment.Job instance at 0x1494a922d2d0>,21,22,[8 2],28,47,69,19,47
1,<environment.Job instance at 0x1494a922ce10>,22,3,[2 6],29,58,61,29,58
1,<environment.Job instance at 0x1494a922e7d0>,24,20,[ 1 10],32,71,91,39,62
1,<environment.Job instance at 0x1494a922f460>,25,1,[6 1],34,62,63,28,62
1,<environment.Job instance at 0x1494a9231a00>,27,3,[2 8],37,91,94,54,65
1,<environment.Job instance at 0x1494a9554780>,28,2,[1 9],38,94,96,56,67
1,<environment.Job instance at 0x1494a929ff50>,29,13,[1 6],39,91,104,52,75
1,<environment.Job instance at 0x1494a9297370>,30,3,[1 8],41,96,99,55,75
1,<environment.Job instance at 0x1494a9297820>,31,3,[8 1],42,75,78,33,75
1,<environment.Job instance at 0x1494a8b20140>,32,16,[9 1],43,78,94,35,75
1,<environment.Job instance at 0x1494a924ae10>,9,2,[ 2 10],12,104,106,92,77
1,<environment.Job instance at 0x1494a8b207d0>,37,2,[2 7],49,99,101,50,77
1,<environment.Job instance at 0x1494a8b20d20>,36,3,[1 6],48,101,104,53,77
1,<environment.Job instance at 0x1494a8b20b90>,39,14,[2 5],51,104,118,53,89
1,<environment.Job instance at 0x1494a8b202d0>,41,1,[ 1 10],54,106,107,52,89
1,<environment.Job instance at 0x1494a8b20a50>,42,3,[1 6],55,107,110,52,89
1,<environment.Job instance at 0x1494a8b22050>,43,2,[2 8],56,110,112,54,89
1,<environment.Job instance at 0x1494a8d92aa0>,44,1,[2 9],57,112,113,55,89
1,<environment.Job instance at 0x1494a8b17af0>,46,1,[1 7],59,113,114,54,89
1,<environment.Job instance at 0x1494a8b20b40>,38,2,[8 2],50,99,101,49,89
1,<environment.Job instance at 0x1494a8b203c0>,45,2,[2 5],58,114,116,56,96
1,<environment.Job instance at 0x1494a9258be0>,5,3,[9 1],8,137,140,129,137
1,<environment.Job instance at 0x1494a9244460>,4,1,[8 1],10,12,13,2,12
1,<environment.Job instance at 0x1494b1fe7280>,6,2,[10  1],14,14,16,0,14
1,<environment.Job instance at 0x1494b1fe7dc0>,7,2,[2 7],15,15,17,0,15
1,<environment.Job instance at 0x1494b2be53c0>,8,18,[1 7],19,19,37,0,19
1,<environment.Job instance at 0x1494b2cac050>,9,3,[1 9],20,37,40,17,20
1,<environment.Job instance at 0x1494b2bb2be0>,12,17,[ 1 10],26,40,57,14,28
1,<environment.Job instance at 0x1494b2bb2410>,14,2,[1 5],29,30,32,1,30
1,<environment.Job instance at 0x1494b2bb2230>,15,2,[7 2],30,30,32,0,30
1,<environment.Job instance at 0x1494b2bb2320>,16,18,[1 7],31,57,75,26,46
1,<environment.Job instance at 0x1494b2bb2460>,17,2,[2 7],33,57,59,24,46
1,<environment.Job instance at 0x1494b2bb28c0>,18,2,[9 2],34,50,52,16,50
1,<environment.Job instance at 0x1494b2042960>,20,1,[1 5],38,52,53,14,50
1,<environment.Job instance at 0x1494b2042410>,21,1,[10  2],41,53,54,12,50
1,<environment.Job instance at 0x1494b2042870>,22,1,[8 1],42,54,55,12,50
1,<environment.Job instance at 0x1494b2042910>,23,2,[1 6],43,59,61,16,50
1,<environment.Job instance at 0x1494b2042730>,24,2,[2 6],46,61,63,15,50
1,<environment.Job instance at 0x1494b2042c30>,25,1,[8 1],47,55,56,8,51
1,<environment.Job instance at 0x1494b2042cd0>,26,2,[1 5],48,63,65,15,51
1,<environment.Job instance at 0x1494b1fe8320>,28,3,[2 8],51,65,68,14,51
1,<environment.Job instance at 0x1494b2bb21e0>,19,15,[1 9],35,75,90,40,61
1,<environment.Job instance at 0x1494b2cab7d0>,30,3,[8 1],57,61,64,4,61
1,<environment.Job instance at 0x1494b2cab190>,31,3,[10  1],59,68,71,9,61
1,<environment.Job instance at 0x1494b2cab4b0>,29,2,[10  2],53,71,73,18,67
1,<environment.Job instance at 0x1494b2d63aa0>,11,2,[12  2],25,2036,2038,2011,2036
1,<environment.Job instance at 0x1494ab9572d0>,3,18,[2 5],4,4,22,0,4
1,<environment.Job instance at 0x1494ab933dc0>,12,18,[1 5],17,22,40,5,22
1,<environment.Job instance at 0x1494ab9330f0>,17,2,[9 1],26,26,28,0,26
1,<environment.Job instance at 0x1494a8d89b90>,18,3,[2 9],28,28,31,0,28
1,<environment.Job instance at 0x1494aaa18190>,21,1,[1 8],34,34,35,0,34
1,<environment.Job instance at 0x1494a8429fa0>,22,2,[2 5],36,36,38,0,36
1,<environment.Job instance at 0x1494aaa18320>,23,13,[12  2],38,2733,2746,2695,2733
1,<environment.Job instance at 0x1494a9231a50>,1,1,[1 6],2,2,3,0,2
1,<environment.Job instance at 0x1494ac270a50>,1,1,[10  1],3,3,4,0,3
1,<environment.Job instance at 0x1494ac270190>,2,2,[6 1],4,4,6,0,4
1,<environment.Job instance at 0x1494ab44f7d0>,3,13,[2 9],5,5,18,0,5
1,<environment.Job instance at 0x1494a84e9190>,5,3,[1 7],10,18,21,8,10
1,<environment.Job instance at 0x1494a8507a00>,10,1,[7 1],19,19,20,0,19
1,<environment.Job instance at 0x1494a8507eb0>,11,2,[1 8],21,21,23,0,21
1,<environment.Job instance at 0x1494a8507dc0>,12,1,[1 6],22,22,23,0,22
1,<environment.Job instance at 0x1494a8a82f00>,14,2,[8 2],24,24,26,0,24
1,<environment.Job instance at 0x1494a8a824b0>,15,2,[5 2],25,25,27,0,25
1,<environment.Job instance at 0x1494a8a828c0>,16,3,[1 8],27,27,30,0,27
1,<environment.Job instance at 0x1494a8a653c0>,17,2,[5 2],29,29,31,0,29
1,<environment.Job instance at 0x1494a8a654b0>,18,2,[2 7],31,31,33,0,31
1,<environment.Job instance at 0x1494a8a65190>,19,3,[ 2 10],33,33,36,0,33
1,<environment.Job instance at 0x1494a8a65550>,20,1,[1 5],34,35,36,1,35
1,<environment.Job instance at 0x1494a8a5c500>,22,17,[1 7],36,36,53,0,36
1,<environment.Job instance at 0x1494a8a5c280>,21,2,[1 9],35,53,55,18,36
1,<environment.Job instance at 0x1494a8a5c320>,24,2,[1 5],39,39,41,0,39
1,<environment.Job instance at 0x1494a8a67c30>,28,2,[2 5],45,45,47,0,45
1,<environment.Job instance at 0x1494a8a7e0f0>,29,14,[ 1 10],46,55,69,9,46
1,<environment.Job instance at 0x1494a8a7e320>,30,1,[6 2],47,47,48,0,47
1,<environment.Job instance at 0x1494a8a7e730>,31,3,[2 5],48,48,51,0,48
1,<environment.Job instance at 0x1494a8a7e230>,32,14,[2 5],49,51,65,2,49
1,<environment.Job instance at 0x1494a8a59d70>,34,2,[1 8],51,69,71,18,51
1,<environment.Job instance at 0x1494a8a59af0>,35,2,[12  1],52,65,67,13,54
1,<environment.Job instance at 0x1494a89d2730>,39,17,[1 9],56,71,88,15,59
1,<environment.Job instance at 0x1494a89d2a50>,41,1,[6 1],59,67,68,8,59
1,<environment.Job instance at 0x1494a8a59730>,37,27,[5 1],54,1257,1284,1203,1257
1,<environment.Job instance at 0x1494a8a59cd0>,2,18,[6 2],3,3,21,0,3
1,<environment.Job instance at 0x1494a863f910>,5,15,[2 7],9,9,24,0,9
1,<environment.Job instance at 0x1494a863f280>,6,2,[2 8],10,21,23,11,10
1,<environment.Job instance at 0x1494a863f320>,7,12,[1 9],11,24,36,13,11
1,<environment.Job instance at 0x1494a8861f50>,12,2,[1 6],18,23,25,5,20
1,<environment.Job instance at 0x1494a8389820>,14,2,[ 1 10],21,36,38,15,21
1,<environment.Job instance at 0x1494a83897d0>,10,3,[8 2],14,25,28,11,23
1,<environment.Job instance at 0x1494a8389be0>,8,14,[ 2 10],12,38,52,26,23
1,<environment.Job instance at 0x1494a8389870>,16,2,[10  2],23,28,30,5,23
1,<environment.Job instance at 0x1494b2086320>,17,3,[2 6],24,30,33,6,24
1,<environment.Job instance at 0x1494b20868c0>,15,2,[6 1],22,33,35,11,28
1,<environment.Job instance at 0x1494a8494730>,20,3,[1 9],29,52,55,23,29
1,<environment.Job instance at 0x1494b2086e60>,21,26,[1 7],30,55,81,25,52
1,<environment.Job instance at 0x1494ac1e2b90>,23,2,[2 6],34,52,54,18,52
1,<environment.Job instance at 0x1494a866e1e0>,24,1,[1 7],35,55,56,20,52
1,<environment.Job instance at 0x1494ac29bc30>,30,3,[1 9],41,81,84,40,55
1,<environment.Job instance at 0x1494b2bdee60>,31,3,[13  2],42,106,109,64,106
1,<environment.Job instance at 0x1494a8640640>,35,1,[8 2],46,109,110,63,106
1,<environment.Job instance at 0x1494a91c1280>,36,3,[10  1],47,110,113,63,106
1,<environment.Job instance at 0x1494e4623820>,38,25,[2 6],51,106,131,55,106
1,<environment.Job instance at 0x1494ab5e86e0>,39,2,[2 8],52,111,113,59,111
1,<environment.Job instance at 0x1494b2c04a50>,33,14,[ 2 10],44,131,145,87,116
1,<environment.Job instance at 0x1494ac30b320>,40,2,[1 5],53,127,129,74,127
1,<environment.Job instance at 0x1494b2086190>,22,2,[6 2],31,130,132,99,130
1,<environment.Job instance at 0x1494a846c190>,3,1,[1 7],10,10,11,0,10
1,<environment.Job instance at 0x1494ac1e4780>,4,12,[6 1],11,22,34,11,22
1,<environment.Job instance at 0x1494a8ad6190>,11,1,[12  2],20,34,35,14,22
1,<environment.Job instance at 0x1494e4652d20>,12,3,[2 5],22,22,25,0,22
1,<environment.Job instance at 0x1494e46521e0>,13,3,[1 7],23,23,26,0,23
1,<environment.Job instance at 0x1494a847ceb0>,14,3,[5 1],24,24,27,0,24
1,<environment.Job instance at 0x1494e4652aa0>,15,1,[8 1],25,27,28,2,25
1,<environment.Job instance at 0x1494a848b370>,16,1,[9 1],26,28,29,2,26
1,<environment.Job instance at 0x1494a8aad5f0>,17,18,[1 8],27,29,47,2,27
1,<environment.Job instance at 0x1494a8aad2d0>,19,3,[5 2],31,35,38,4,33
1,<environment.Job instance at 0x1494a8ad6730>,10,2,[10  1],18,38,40,20,33
1,<environment.Job instance at 0x1494ad9e3550>,21,1,[8 1],33,35,36,2,34
1,<environment.Job instance at 0x1494b2ca8e60>,22,22,[1 7],34,40,62,6,39
1,<environment.Job instance at 0x1494a84605a0>,24,18,[7 2],41,47,65,6,43
1,<environment.Job instance at 0x1494b2bb3f50>,26,1,[1 8],44,62,63,18,55
1,<environment.Job instance at 0x1494a84608c0>,25,2,[7 1],42,55,57,13,55
1,<environment.Job instance at 0x1494b2bb34b0>,28,3,[1 5],46,57,60,11,55
1,<environment.Job instance at 0x1494b2bb31e0>,29,15,[10  1],48,65,80,17,55
1,<environment.Job instance at 0x1494b2bb3280>,30,3,[7 2],50,60,63,10,55
1,<environment.Job instance at 0x1494a8b175a0>,31,1,[2 8],51,63,64,12,55
1,<environment.Job instance at 0x1494b2bb3b40>,32,1,[5 2],52,63,64,11,55
1,<environment.Job instance at 0x1494a8b17e10>,33,3,[10  2],54,80,83,26,55
1,<environment.Job instance at 0x1494a8b17aa0>,34,3,[8 1],55,83,86,28,57
1,<environment.Job instance at 0x1494a8b17a00>,35,3,[5 1],57,57,60,0,57
1,<environment.Job instance at 0x1494a86d7cd0>,36,13,[5 1],59,64,77,5,59
1,<environment.Job instance at 0x1494a9244190>,20,1,[6 1],32,83,84,51,76
1,<environment.Job instance at 0x1494a8ad6050>,9,16,[1 7],17,188,204,171,188
1,<environment.Job instance at 0x1494a8ad6b90>,7,1,[ 1 13],15,204,205,189,200
1,<environment.Job instance at 0x1494a858a460>,2,12,[1 8],3,3,15,0,3
1,<environment.Job instance at 0x1494a858a8c0>,5,18,[1 8],7,15,33,8,8
1,<environment.Job instance at 0x1494ab7fb910>,8,1,[7 2],11,15,16,4,15
1,<environment.Job instance at 0x1494ab7fb780>,12,1,[2 7],16,16,17,0,16
1,<environment.Job instance at 0x1494b2ca0910>,13,3,[10  2],17,17,20,0,17
1,<environment.Job instance at 0x1494a838dd70>,14,14,[ 1 10],19,33,47,14,19
1,<environment.Job instance at 0x1494a9279870>,15,2,[2 8],23,47,49,24,23
1,<environment.Job instance at 0x1494a83762d0>,17,3,[7 1],25,26,29,1,26
1,<environment.Job instance at 0x1494a87e7c80>,19,15,[7 1],27,35,50,8,35
1,<environment.Job instance at 0x1494a86227d0>,28,1,[9 2],38,50,51,12,38
1,<environment.Job instance at 0x1494a8622e60>,29,2,[ 1 10],39,49,51,10,39
1,<environment.Job instance at 0x1494a86223c0>,30,3,[2 7],40,51,54,11,40
1,<environment.Job instance at 0x1494a8456280>,31,26,[10  1],41,51,77,10,48
1,<environment.Job instance at 0x1494a8456140>,32,3,[ 2 12],42,54,57,12,48
1,<environment.Job instance at 0x1494a8456f00>,35,2,[1 6],47,51,53,4,51
1,<environment.Job instance at 0x1494a8456dc0>,36,1,[12  1],48,77,78,29,51
1,<environment.Job instance at 0x1494a874d0f0>,37,18,[2 8],49,57,75,8,51
1,<environment.Job instance at 0x1494ab5f7dc0>,39,2,[2 5],54,57,59,3,56
1,<environment.Job instance at 0x1494ab5f7640>,40,1,[5 2],55,75,76,20,56
1,<environment.Job instance at 0x1494a8a18a50>,42,1,[2 5],57,61,62,4,61
1,<environment.Job instance at 0x1494a84e4730>,43,14,[10  2],58,78,92,20,70
1,<environment.Job instance at 0x1494a8355eb0>,44,1,[1 5],59,70,71,11,70
1,<environment.Job instance at 0x1494a7db4640>,3,1,[5 2],5,5,6,0,5
1,<environment.Job instance at 0x1494ab7fb370>,4,1,[1 5],8,8,9,0,8
1,<environment.Job instance at 0x1494a8d897d0>,5,2,[6 1],9,9,11,0,9
1,<environment.Job instance at 0x1494a8d89730>,7,2,[2 6],11,11,13,0,11
1,<environment.Job instance at 0x1494a8d89870>,8,1,[7 1],12,12,13,0,12
1,<environment.Job instance at 0x1494a8d896e0>,9,13,[1 8],13,13,26,0,13
1,<environment.Job instance at 0x1494ab5fc640>,10,3,[ 2 10],14,26,29,12,15
1,<environment.Job instance at 0x1494ab5fc550>,12,18,[2 7],19,29,47,10,19
1,<environment.Job instance at 0x1494a8d89aa0>,11,1,[1 7],15,67,68,52,67
1,<environment.Job instance at 0x1494ac94f780>,30,1,[2 8],47,67,68,20,67
1,<environment.Job instance at 0x1494a8803690>,29,2,[10  1],46,68,70,22,67
1,<environment.Job instance at 0x1494ac94fbe0>,33,17,[1 6],53,68,85,15,67
1,<environment.Job instance at 0x1494ac94f460>,34,1,[2 9],54,77,78,23,77
1,<environment.Job instance at 0x1494aaa070f0>,26,1,[1 5],39,78,79,39,77
1,<environment.Job instance at 0x1494a8622870>,1,2,[1 6],2,2,4,0,2
1,<environment.Job instance at 0x1494a92f8d70>,2,2,[1 6],3,3,5,0,3
1,<environment.Job instance at 0x1494a952dc30>,6,1,[2 8],8,8,9,0,8
1,<environment.Job instance at 0x1494a928b4b0>,7,1,[6 1],10,10,11,0,10
1,<environment.Job instance at 0x1494a952d820>,8,1,[10  2],11,11,12,0,11
1,<environment.Job instance at 0x1494b1face10>,10,3,[2 7],15,15,18,0,15
1,<environment.Job instance at 0x1494b1faca50>,11,1,[8 1],16,16,17,0,16
1,<environment.Job instance at 0x1494b1fac320>,13,12,[1 5],22,22,34,0,22
1,<environment.Job instance at 0x1494a92f8730>,0,1,[7 1],1,22,23,21,22
1,<environment.Job instance at 0x1494a88b7410>,16,2,[1 9],26,27,29,1,27
1,<environment.Job instance at 0x1494a7d7eeb0>,23,3,[7 2],38,42,45,4,42
1,<environment.Job instance at 0x1494ab45f410>,26,16,[ 2 10],43,43,59,0,43
1,<environment.Job instance at 0x1494a7de24b0>,27,1,[1 9],46,59,60,13,47
1,<environment.Job instance at 0x1494b234d3c0>,29,1,[1 7],48,60,61,12,48
1,<environment.Job instance at 0x1494a7dd4e10>,28,18,[7 1],47,48,66,1,48
1,<environment.Job instance at 0x1494a8830eb0>,32,13,[1 9],54,61,74,7,56
1,<environment.Job instance at 0x1494a8830730>,33,12,[2 7],56,74,86,18,57
1,<environment.Job instance at 0x1494a92743c0>,35,3,[ 1 10],58,86,89,28,60
1,<environment.Job instance at 0x1494a88301e0>,34,1,[1 9],57,89,90,32,80
1,<environment.Job instance at 0x1494a8803460>,1,1,[1 5],2,2,3,0,2
1,<environment.Job instance at 0x1494a80965f0>,3,1,[5 2],5,5,6,0,5
1,<environment.Job instance at 0x1494a80962d0>,4,12,[13  2],6,186,198,180,186
1,<environment.Job instance at 0x1494a8096870>,7,15,[ 1 10],12,186,201,174,186
1,<environment.Job instance at 0x1494a89f8370>,12,3,[8 1],18,198,201,180,186
1,<environment.Job instance at 0x1494ac971050>,13,3,[2 6],20,201,204,181,186
1,<environment.Job instance at 0x1494a89f8910>,14,20,[5 1],21,198,218,177,197
1,<environment.Job instance at 0x1494b2029460>,21,1,[ 2 10],32,204,205,172,197
1,<environment.Job instance at 0x1494a8096190>,5,2,[1 9],9,205,207,196,197
1,<environment.Job instance at 0x1494ac241550>,23,14,[ 1 10],36,207,221,171,197
1,<environment.Job instance at 0x1494a88a3320>,22,2,[5 2],35,201,203,166,197
1,<environment.Job instance at 0x1494a95577d0>,25,3,[1 8],39,221,224,182,197
1,<environment.Job instance at 0x1494a92cdfa0>,24,2,[7 1],37,203,205,166,197
1,<environment.Job instance at 0x1494a92daf00>,27,2,[2 9],42,224,226,182,197
1,<environment.Job instance at 0x1494b2029230>,20,1,[6 2],30,213,214,183,213
1,<environment.Job instance at 0x1494ab81ea50>,29,1,[2 9],44,226,227,182,213
1,<environment.Job instance at 0x1494a89114b0>,32,14,[1 9],48,227,241,179,216
1,<environment.Job instance at 0x1494a8911410>,33,15,[1 5],49,218,233,169,216
1,<environment.Job instance at 0x1494a89113c0>,34,1,[1 5],52,233,234,181,216
1,<environment.Job instance at 0x1494ac33a0f0>,36,1,[6 2],54,234,235,180,225
1,<environment.Job instance at 0x1494b2c33a50>,37,2,[6 1],55,226,228,171,226
1,<environment.Job instance at 0x1494b2c33500>,39,1,[1 9],59,241,242,182,226
1,<environment.Job instance at 0x1494ab81ec30>,28,16,[1 8],43,242,258,199,229
1,<environment.Job instance at 0x1494a92dac30>,26,1,[6 1],40,229,230,189,229
1,<environment.Job instance at 0x1494a8096eb0>,6,3,[1 7],11,251,254,240,251
1,<environment.Job instance at 0x1494ab4ddb90>,6,3,[1 8],10,10,13,0,10
1,<environment.Job instance at 0x1494ab4dd870>,8,2,[7 1],14,22,24,8,22
1,<environment.Job instance at 0x1494a8abff50>,15,12,[5 1],27,27,39,0,27
1,<environment.Job instance at 0x1494a8abf320>,16,12,[ 2 10],28,28,40,0,28
1,<environment.Job instance at 0x1494a8abfa00>,17,1,[10  1],29,39,40,10,29
1,<environment.Job instance at 0x1494a8abfbe0>,18,24,[1 8],30,40,64,10,35
1,<environment.Job instance at 0x1494a8abf370>,21,2,[8 2],34,35,37,1,35
1,<environment.Job instance at 0x1494a8abf4b0>,22,1,[1 7],35,40,41,5,35
1,<environment.Job instance at 0x1494a8abf780>,23,3,[2 9],36,64,67,28,38
1,<environment.Job instance at 0x1494a8abf230>,24,3,[ 1 14],37,67,70,30,41
1,<environment.Job instance at 0x1494a8a98230>,25,3,[1 8],42,70,73,28,44
1,<environment.Job instance at 0x1494a8a988c0>,26,2,[10  2],43,44,46,1,44
1,<environment.Job instance at 0x1494a8a98190>,27,1,[11  1],44,46,47,2,44
1,<environment.Job instance at 0x1494a8a985a0>,28,3,[8 1],46,47,50,1,46
1,<environment.Job instance at 0x1494a8a98780>,29,17,[2 8],47,73,90,26,61
1,<environment.Job instance at 0x1494a8a98140>,30,3,[1 9],48,90,93,42,64
1,<environment.Job instance at 0x1494a8abfaf0>,20,1,[8 1],33,64,65,31,64
1,<environment.Job instance at 0x1494a8a98410>,32,3,[6 1],50,65,68,15,64
1,<environment.Job instance at 0x1494a8a98870>,34,2,[5 1],53,64,66,11,64
1,<environment.Job instance at 0x1494a8a98e60>,35,2,[2 9],54,93,95,39,66
1,<environment.Job instance at 0x1494a8a98960>,36,2,[2 8],55,95,97,40,68
1,<environment.Job instance at 0x1494a8a982d0>,37,1,[2 6],57,70,71,13,68
1,<environment.Job instance at 0x1494a8a98cd0>,33,3,[1 8],52,97,100,45,76
1,<environment.Job instance at 0x1494a8abf820>,19,3,[1 7],31,95,98,64,95
1,<environment.Job instance at 0x1494ab5c7dc0>,1,1,[2 9],3,3,4,0,3
1,<environment.Job instance at 0x1494a8abfd20>,2,1,[7 2],4,4,5,0,4
1,<environment.Job instance at 0x1494ab5c7aa0>,3,3,[2 7],6,6,9,0,6
1,<environment.Job instance at 0x1494b0ccc780>,4,1,[10  1],7,7,8,0,7
1,<environment.Job instance at 0x1494b0ccc5a0>,5,15,[1 7],8,8,23,0,8
1,<environment.Job instance at 0x1494a7ec1500>,17,3,[10  2],22,22,25,0,22
1,<environment.Job instance at 0x1494e4fe2690>,18,1,[1 7],24,24,25,0,24
1,<environment.Job instance at 0x1494ab66feb0>,19,3,[1 6],25,25,28,0,25
1,<environment.Job instance at 0x1494a7ec15f0>,20,2,[5 2],26,26,28,0,26
1,<environment.Job instance at 0x1494ac259eb0>,22,1,[9 2],29,29,30,0,29
1,<environment.Job instance at 0x1494ac376230>,23,3,[2 8],30,30,33,0,30
1,<environment.Job instance at 0x1494ab849050>,24,13,[1 6],31,31,44,0,31
1,<environment.Job instance at 0x1494a9284af0>,25,17,[ 1 14],32,44,61,12,32
1,<environment.Job instance at 0x1494ac24b550>,26,2,[1 5],33,34,36,1,34
1,<environment.Job instance at 0x1494a7ed70a0>,28,3,[2 6],35,36,39,1,35
1,<environment.Job instance at 0x1494b2d745a0>,29,3,[10  2],36,37,40,1,37
1,<environment.Job instance at 0x1494a92b7320>,31,2,[1 9],38,40,42,2,38
1,<environment.Job instance at 0x1494a92b7550>,32,2,[10  1],39,59,61,20,59
1,<environment.Job instance at 0x1494a863f410>,39,12,[2 9],47,61,73,14,59
1,<environment.Job instance at 0x1494a863f0f0>,42,1,[7 2],51,70,71,19,70
1,<environment.Job instance at 0x1494a863f690>,43,12,[8 2],52,71,83,19,71
1,<environment.Job instance at 0x1494e4fa7230>,44,1,[ 1 10],53,73,74,20,71
1,<environment.Job instance at 0x1494e4fa7550>,45,2,[2 6],54,74,76,20,71
1,<environment.Job instance at 0x1494e4fa75f0>,46,1,[ 2 10],55,76,77,21,71
1,<environment.Job instance at 0x1494e4fa7eb0>,47,1,[2 9],57,77,78,20,71
1,<environment.Job instance at 0x1494e4fa7140>,48,16,[6 1],58,78,94,20,73
1,<environment.Job instance at 0x1494ab5aecd0>,33,1,[9 1],40,83,84,43,74
1,<environment.Job instance at 0x1494ac24b280>,27,12,[1 9],34,88,100,54,88
1,<environment.Job instance at 0x1494b2d74a50>,30,2,[11  2],37,326,328,289,326
1,<environment.Job instance at 0x1494a7d5ea50>,2,1,[7 1],7,8,9,1,8
1,<environment.Job instance at 0x1494a7d6b8c0>,3,14,[1 5],8,9,23,1,9
1,<environment.Job instance at 0x1494a81f2e60>,8,1,[6 1],18,26,27,8,26
1,<environment.Job instance at 0x1494ac1d6e10>,14,3,[5 1],26,26,29,0,26
1,<environment.Job instance at 0x1494ac1d6820>,15,2,[5 2],27,27,29,0,27
1,<environment.Job instance at 0x1494ac1d2640>,16,13,[ 2 12],30,30,43,0,30
1,<environment.Job instance at 0x1494a8b45500>,12,15,[1 9],23,43,58,20,35
1,<environment.Job instance at 0x1494a7dbc730>,22,2,[ 2 14],38,58,60,20,39
1,<environment.Job instance at 0x1494b200c640>,25,1,[10  2],44,44,45,0,44
1,<environment.Job instance at 0x1494a812cd20>,20,2,[5 2],36,45,47,9,45
1,<environment.Job instance at 0x1494ab650690>,28,12,[5 1],47,56,68,9,56
1,<environment.Job instance at 0x1494a89e61e0>,34,3,[6 2],54,60,63,6,56
1,<environment.Job instance at 0x1494a89e60a0>,35,1,[9 2],55,56,57,1,56
1,<environment.Job instance at 0x1494a89e66e0>,36,3,[6 1],57,63,66,6,57
1,<environment.Job instance at 0x1494a89e6eb0>,37,1,[ 1 10],58,60,61,2,58
1,<environment.Job instance at 0x1494a89e6e60>,32,16,[1 6],51,993,1009,942,993
1,<environment.Job instance at 0x1494a8b45e60>,10,1,[1 8],20,1005,1006,985,1005
1,<environment.Job instance at 0x1494b1f78dc0>,3,15,[2 9],5,6,21,1,6
1,<environment.Job instance at 0x1494a881a050>,4,12,[1 5],6,8,20,2,8
1,<environment.Job instance at 0x1494b2003730>,7,13,[ 2 10],9,21,34,12,11
1,<environment.Job instance at 0x1494a93025a0>,8,2,[2 5],12,20,22,8,15
1,<environment.Job instance at 0x1494a93020a0>,11,2,[2 5],18,22,24,4,19
1,<environment.Job instance at 0x1494a9302140>,12,3,[2 8],19,34,37,15,20
1,<environment.Job instance at 0x1494a9302fa0>,13,2,[1 9],21,37,39,16,22
1,<environment.Job instance at 0x1494b0ca7280>,14,1,[14  2],22,37,38,15,22
1,<environment.Job instance at 0x1494b204c9b0>,16,3,[ 2 13],24,39,42,15,24
1,<environment.Job instance at 0x1494ac3f89b0>,17,2,[7 1],26,26,28,0,26
1,<environment.Job instance at 0x1494ab925fa0>,18,2,[7 1],29,29,31,0,29
1,<environment.Job instance at 0x1494a861a320>,22,2,[ 1 10],35,42,44,7,35
1,<environment.Job instance at 0x1494a7f4c690>,20,1,[6 1],33,36,37,3,36
1,<environment.Job instance at 0x1494e46575f0>,24,1,[2 6],37,38,39,1,37
1,<environment.Job instance at 0x1494b2bb25f0>,25,3,[1 7],38,44,47,6,38
1,<environment.Job instance at 0x1494a927b5a0>,26,1,[8 2],40,40,41,0,40
1,<environment.Job instance at 0x1494b2ca2140>,27,2,[2 8],42,44,46,2,42
1,<environment.Job instance at 0x1494ac2307d0>,28,1,[5 2],45,46,47,1,45
1,<environment.Job instance at 0x1494ac230640>,29,18,[1 9],50,50,68,0,50
1,<environment.Job instance at 0x1494a859cbe0>,36,13,[1 6],59,65,78,6,65
1,<environment.Job instance at 0x1494a8692640>,1,16,[ 2 10],3,3,19,0,3
1,<environment.Job instance at 0x1494ac3b9820>,8,2,[8 2],12,12,14,0,12
1,<environment.Job instance at 0x1494a82ba640>,9,1,[8 2],13,14,15,1,14
1,<environment.Job instance at 0x1494b2016280>,11,2,[1 7],15,19,21,4,15
1,<environment.Job instance at 0x1494ac2ff140>,12,18,[8 1],16,16,34,0,16
1,<environment.Job instance at 0x1494b2016fa0>,13,18,[8 2],17,34,52,17,23
1,<environment.Job instance at 0x1494ac611d70>,15,3,[10  1],19,52,55,33,26
1,<environment.Job instance at 0x1494ac611c80>,16,17,[1 9],21,26,43,5,26
1,<environment.Job instance at 0x1494a93021e0>,17,2,[2 5],22,26,28,4,26
1,<environment.Job instance at 0x1494a807b410>,18,23,[6 1],23,28,51,5,26
1,<environment.Job instance at 0x1494a858a0a0>,19,2,[2 6],24,51,53,27,26
1,<environment.Job instance at 0x1494e539a140>,20,14,[2 5],25,51,65,26,36
1,<environment.Job instance at 0x1494a858a050>,21,12,[5 1],26,55,67,29,38
1,<environment.Job instance at 0x1494a858aa50>,22,13,[1 7],27,53,66,26,38
1,<environment.Job instance at 0x1494a7d83cd0>,23,3,[11  1],28,67,70,39,41
1,<environment.Job instance at 0x1494ab86b7d0>,24,2,[8 2],29,65,67,36,41
1,<environment.Job instance at 0x1494ab86b3c0>,25,13,[1 8],31,66,79,35,50
1,<environment.Job instance at 0x1494a8118410>,26,2,[8 2],32,70,72,38,50
1,<environment.Job instance at 0x1494a8118b90>,27,3,[7 1],33,55,58,22,50
1,<environment.Job instance at 0x1494a8118cd0>,28,1,[1 8],35,50,51,15,50
1,<environment.Job instance at 0x1494a952d410>,29,1,[8 2],36,72,73,36,50
1,<environment.Job instance at 0x1494ac341b90>,30,3,[1 8],40,79,82,39,53
1,<environment.Job instance at 0x1494ac680a00>,31,1,[2 6],43,67,68,24,53
1,<environment.Job instance at 0x1494ac680aa0>,32,1,[2 7],45,73,74,28,53
1,<environment.Job instance at 0x1494ac680dc0>,33,1,[7 1],46,58,59,12,53
1,<environment.Job instance at 0x1494ac680190>,34,3,[6 2],48,59,62,11,53
1,<environment.Job instance at 0x1494ac680640>,35,2,[2 6],50,68,70,18,53
1,<environment.Job instance at 0x1494b2d63690>,36,14,[1 8],51,82,96,31,67
1,<environment.Job instance at 0x1494b2d63c30>,37,17,[9 1],52,74,91,22,67
1,<environment.Job instance at 0x1494b2d63730>,38,2,[10  2],53,91,93,38,67
1,<environment.Job instance at 0x1494a9284dc0>,39,3,[10  1],54,93,96,39,67
1,<environment.Job instance at 0x1494e4fa8a00>,40,2,[ 1 10],56,96,98,40,69
1,<environment.Job instance at 0x1494a927bfa0>,41,3,[2 6],57,74,77,17,69
1,<environment.Job instance at 0x1494a92842d0>,42,2,[1 9],58,98,100,40,71
1,<environment.Job instance at 0x1494ab704a50>,43,3,[2 8],59,100,103,41,74
1,<environment.Job instance at 0x1494a83eb8c0>,3,2,[2 6],4,4,6,0,4
1,<environment.Job instance at 0x1494fc348190>,6,2,[2 9],9,9,11,0,9
1,<environment.Job instance at 0x1494fc3486e0>,7,2,[5 1],10,12,14,2,12
1,<environment.Job instance at 0x1494fc348320>,8,3,[ 2 12],11,12,15,1,12
1,<environment.Job instance at 0x1494a807a280>,11,3,[ 2 10],15,15,18,0,15
1,<environment.Job instance at 0x1494a80ade60>,12,19,[10  1],17,17,36,0,17
1,<environment.Job instance at 0x1494ad9e6cd0>,19,14,[2 9],27,27,41,0,27
1,<environment.Job instance at 0x1494a80891e0>,21,1,[2 6],29,36,37,7,29
1,<environment.Job instance at 0x1494a836be10>,22,1,[9 2],30,37,38,7,30
1,<environment.Job instance at 0x1494a836b190>,23,2,[ 1 10],31,41,43,10,31
1,<environment.Job instance at 0x1494ac2ff870>,24,3,[10  2],32,38,41,6,32
1,<environment.Job instance at 0x1494ac245370>,30,17,[5 2],42,44,61,2,44
1,<environment.Job instance at 0x1494ac2451e0>,31,12,[1 6],43,44,56,1,44
1,<environment.Job instance at 0x1494a7e2ef00>,34,12,[2 6],46,46,58,0,46
1,<environment.Job instance at 0x1494a7dbc140>,39,1,[5 2],52,56,57,4,52
1,<environment.Job instance at 0x1494a7dbc050>,40,2,[14  1],53,61,63,8,54
1,<environment.Job instance at 0x1494ab80a3c0>,42,3,[ 1 10],55,58,61,3,55
1,<environment.Job instance at 0x1494ab80ac30>,43,15,[ 1 10],56,61,76,5,56
1,<environment.Job instance at 0x1494a8572730>,44,2,[2 9],57,76,78,19,57
1,<environment.Job instance at 0x1494a8572af0>,45,1,[12  2],58,63,64,5,58
1,<environment.Job instance at 0x1494a8572910>,46,2,[1 6],59,76,78,17,59
1,<environment.Job instance at 0x1494a7cc84b0>,3,1,[1 5],9,9,10,0,9
1,<environment.Job instance at 0x1494a7cc85f0>,4,2,[6 2],10,11,13,1,11
1,<environment.Job instance at 0x1494a8a5ca00>,5,2,[5 1],12,12,14,0,12
1,<environment.Job instance at 0x1494a8a5caa0>,7,3,[8 2],17,22,25,5,22
1,<environment.Job instance at 0x1494a8a5cfa0>,11,2,[6 2],23,23,25,0,23
1,<environment.Job instance at 0x1494a8a5cd70>,12,2,[1 8],24,24,26,0,24
1,<environment.Job instance at 0x1494a8a5c3c0>,13,21,[2 5],25,25,46,0,25
1,<environment.Job instance at 0x1494a8a5c7d0>,10,12,[9 1],22,25,37,3,25
1,<environment.Job instance at 0x1494a8a5c9b0>,8,14,[1 6],20,27,41,7,27
1,<environment.Job instance at 0x1494ab5fc5f0>,16,2,[10  2],29,37,39,8,29
1,<environment.Job instance at 0x1494a82cc960>,17,3,[2 7],30,41,44,11,33
1,<environment.Job instance at 0x1494a91b3d20>,20,2,[1 7],35,44,46,9,35
1,<environment.Job instance at 0x1494a8007b40>,22,2,[2 5],39,46,48,7,39
1,<environment.Job instance at 0x1494a8007af0>,23,1,[10  2],40,40,41,0,40
1,<environment.Job instance at 0x1494b1f42cd0>,24,3,[2 8],41,46,49,5,41
1,<environment.Job instance at 0x1494ab55ea00>,25,3,[6 1],42,42,45,0,42
1,<environment.Job instance at 0x1494ab55e140>,26,14,[2 9],43,49,63,6,43
1,<environment.Job instance at 0x1494b2138f50>,27,16,[2 5],44,48,64,4,44
1,<environment.Job instance at 0x1494b2138be0>,28,1,[1 9],46,63,64,17,46
1,<environment.Job instance at 0x1494ab903dc0>,30,1,[1 7],48,64,65,16,48
1,<environment.Job instance at 0x1494ab903e10>,32,3,[ 1 10],50,65,68,15,50
1,<environment.Job instance at 0x1494ab903960>,33,3,[ 1 12],51,68,71,17,51
1,<environment.Job instance at 0x1494a8460aa0>,35,3,[2 5],53,64,67,11,53
1,<environment.Job instance at 0x1494a84601e0>,37,1,[9 2],58,64,65,6,58
1,<environment.Job instance at 0x1494a8706370>,1,1,[9 2],3,3,4,0,3
1,<environment.Job instance at 0x1494a8706cd0>,2,2,[ 1 11],5,5,7,0,5
1,<environment.Job instance at 0x1494a87060f0>,3,2,[7 2],7,8,10,1,8
1,<environment.Job instance at 0x1494a8706730>,5,1,[7 2],9,9,10,0,9
1,<environment.Job instance at 0x1494a87067d0>,6,1,[ 1 10],10,10,11,0,10
1,<environment.Job instance at 0x1494a8706910>,7,16,[ 2 10],11,11,27,0,11
1,<environment.Job instance at 0x1494a8706690>,0,3,[7 1],2,11,14,9,11
1,<environment.Job instance at 0x1494a895c8c0>,9,27,[1 5],15,15,42,0,15
1,<environment.Job instance at 0x1494a895c280>,11,2,[8 2],18,27,29,9,22
1,<environment.Job instance at 0x1494a895c640>,16,3,[14  2],26,29,32,3,26
1,<environment.Job instance at 0x1494a895cc80>,17,2,[8 2],28,32,34,4,28
1,<environment.Job instance at 0x1494a895ceb0>,18,3,[9 2],29,34,37,5,29
1,<environment.Job instance at 0x1494a895c690>,19,16,[1 7],30,32,48,2,30
1,<environment.Job instance at 0x1494a92b1d70>,20,13,[5 1],31,37,50,6,34
1,<environment.Job instance at 0x1494a92b1e10>,24,17,[1 7],35,42,59,7,35
1,<environment.Job instance at 0x1494a92b1050>,25,1,[8 1],36,37,38,1,36
1,<environment.Job instance at 0x1494a92b1a50>,26,1,[1 5],37,48,49,11,37
1,<environment.Job instance at 0x1494a92b18c0>,27,1,[ 1 10],39,59,60,20,39
1,<environment.Job instance at 0x1494a92b1960>,28,2,[6 1],42,48,50,6,42
1,<environment.Job instance at 0x1494a92b1b90>,29,1,[8 1],43,50,51,7,43
1,<environment.Job instance at 0x1494a92b1820>,30,1,[9 1],44,51,52,7,44
1,<environment.Job instance at 0x1494a88cab90>,31,2,[5 2],45,50,52,5,45
1,<environment.Job instance at 0x1494a88ca460>,32,3,[5 2],47,52,55,5,47
1,<environment.Job instance at 0x1494a88ca3c0>,33,13,[7 2],48,52,65,4,48
1,<environment.Job instance at 0x1494a88ca410>,34,12,[2 8],49,60,72,11,49
1,<environment.Job instance at 0x1494a88cae60>,35,3,[1 9],50,72,75,22,50
1,<environment.Job instance at 0x1494a88cabe0>,36,3,[1 6],54,55,58,1,54
1,<environment.Job instance at 0x1494a88ca2d0>,37,3,[2 5],55,60,63,5,56
1,<environment.Job instance at 0x1494a88ca730>,39,18,[1 9],57,75,93,18,64
1,<environment.Job instance at 0x1494a88caaf0>,40,16,[2 9],58,93,109,35,80
1,<environment.Job instance at 0x1494a86dec80>,2,2,[1 5],4,6,8,2,6
1,<environment.Job instance at 0x1494b1fa2c30>,4,19,[2 5],6,6,25,0,6
1,<environment.Job instance at 0x1494b1fa2e60>,5,3,[1 9],7,22,25,15,22
1,<environment.Job instance at 0x1494ab8fe0f0>,13,14,[1 8],17,25,39,8,22
1,<environment.Job instance at 0x1494ab8feeb0>,14,2,[ 1 10],18,39,41,21,35
1,<environment.Job instance at 0x14d230502c80>,1,2,[2 5],4,4,6,0,4
1,<environment.Job instance at 0x14d230502b40>,3,2,[1 7],6,9,11,3,9
1,<environment.Job instance at 0x14d1dafc3aa0>,6,16,[2 7],9,10,26,1,10
1,<environment.Job instance at 0x14d1daafccd0>,9,2,[ 2 10],12,26,28,14,23
1,<environment.Job instance at 0x14d1daf6faa0>,11,28,[1 9],15,28,56,13,27
1,<environment.Job instance at 0x14d1daf6f190>,14,1,[1 7],18,56,57,38,36
1,<environment.Job instance at 0x14d1daf6fd70>,16,17,[1 7],22,56,73,34,44
1,<environment.Job instance at 0x14d1dafb8190>,21,22,[8 2],28,57,79,29,50
1,<environment.Job instance at 0x14d1dafa8820>,24,20,[ 1 10],32,73,93,41,64
1,<environment.Job instance at 0x14d1da8990f0>,33,2,[5 1],44,85,87,41,85
1,<environment.Job instance at 0x14d1da890870>,41,1,[ 1 10],54,93,94,39,85
1,<environment.Job instance at 0x14d1da890190>,42,3,[1 6],55,94,97,39,85
1,<environment.Job instance at 0x14d1dafa6640>,43,2,[2 8],56,94,96,38,85
1,<environment.Job instance at 0x14d1da890a50>,44,1,[2 9],57,96,97,39,85
1,<environment.Job instance at 0x14d1dafa6eb0>,45,2,[2 5],58,87,89,29,85
1,<environment.Job instance at 0x14d1da897f00>,46,1,[1 7],59,97,98,38,85
1,<environment.Job instance at 0x14d1dafc7320>,51,16,[10  1],69,101,117,32,101
1,<environment.Job instance at 0x14d1dafbd500>,1,2,[10  1],4,5,7,1,5
1,<environment.Job instance at 0x14d1dafc7780>,3,18,[1 7],9,9,27,0,9
1,<environment.Job instance at 0x14d1da8b05f0>,7,17,[ 1 10],16,27,44,11,16
1,<environment.Job instance at 0x14d1f4d4faa0>,10,2,[7 2],20,33,35,13,33
1,<environment.Job instance at 0x14d1f4d4ba50>,8,2,[5 2],17,33,35,16,33
1,<environment.Job instance at 0x14d1f4d4fb90>,12,2,[2 7],23,44,46,21,33
1,<environment.Job instance at 0x14d1f49db9b0>,13,2,[9 2],24,35,37,11,33
1,<environment.Job instance at 0x14d1f49db640>,14,15,[1 9],25,46,61,21,33
1,<environment.Job instance at 0x14d1f40f38c0>,15,1,[1 5],28,37,38,9,33
1,<environment.Job instance at 0x14d1f40f3c30>,16,1,[10  2],31,41,42,10,41
1,<environment.Job instance at 0x14d1f40f3910>,17,1,[8 1],32,42,43,10,42
1,<environment.Job instance at 0x14d1f40f3dc0>,18,2,[1 6],33,44,46,11,42
1,<environment.Job instance at 0x14d1f40f3140>,19,2,[2 6],36,46,48,10,42
1,<environment.Job instance at 0x14d1f40f3af0>,20,1,[8 1],37,43,44,6,43
1,<environment.Job instance at 0x14d1f40f3690>,21,2,[1 5],38,48,50,10,43
1,<environment.Job instance at 0x14d1e3df2460>,23,3,[2 8],41,61,64,20,43
1,<environment.Job instance at 0x14d1f4a1a780>,11,18,[1 7],21,61,79,40,50
1,<environment.Job instance at 0x14d1e3df2960>,25,3,[8 1],47,50,53,3,50
1,<environment.Job instance at 0x14d1e3dee910>,26,3,[10  1],49,53,56,4,50
1,<environment.Job instance at 0x14d1e3dee690>,27,3,[9 2],50,56,59,6,50
1,<environment.Job instance at 0x14d1e3dee500>,28,12,[1 7],51,64,76,13,51
1,<environment.Job instance at 0x14d1e3deef50>,29,16,[1 7],52,76,92,24,63
1,<environment.Job instance at 0x14d1f40e3550>,32,2,[1 5],55,79,81,24,66
1,<environment.Job instance at 0x14d1f40e3b90>,31,18,[2 5],54,81,99,27,70
1,<environment.Job instance at 0x14d1f40e3fa0>,34,3,[8 1],58,74,77,16,74
1,<environment.Job instance at 0x14d1f40e30a0>,35,3,[1 6],59,92,95,33,75
1,<environment.Job instance at 0x14d1f40e3d70>,36,15,[6 2],62,79,94,17,75
1,<environment.Job instance at 0x14d1f40e3500>,33,3,[2 5],57,95,98,38,87
1,<environment.Job instance at 0x14d1f40e3140>,37,1,[5 2],63,92,93,29,88
1,<environment.Job instance at 0x14d1f40e3e60>,38,1,[5 2],64,93,94,29,88
1,<environment.Job instance at 0x14d1f40e4050>,40,18,[1 5],67,95,113,28,88
1,<environment.Job instance at 0x14d1f40e4550>,41,1,[ 2 10],68,99,100,31,88
1,<environment.Job instance at 0x14d1f40e4a50>,39,16,[1 9],66,100,116,34,88
1,<environment.Job instance at 0x14d1da8b04b0>,2,2,[2 7],5,116,118,111,109
1,<environment.Job instance at 0x14d1de086910>,6,2,[12  2],15,1101,1103,1086,1101
1,<environment.Job instance at 0x14d1e3d3c410>,1,2,[1 7],5,5,7,0,5
1,<environment.Job instance at 0x14d1dd6e2640>,3,3,[2 9],8,8,11,0,8
1,<environment.Job instance at 0x14d1de45e500>,0,1,[2 5],3,10,11,7,10
1,<environment.Job instance at 0x14d1dd662f50>,6,1,[1 8],14,18,19,4,18
1,<environment.Job instance at 0x14d1dd67d5a0>,9,1,[9 2],19,20,21,1,20
1,<environment.Job instance at 0x14d1de0a64b0>,11,2,[7 2],21,21,23,0,21
1,<environment.Job instance at 0x14d1ddf35730>,12,3,[1 7],22,22,25,0,22
1,<environment.Job instance at 0x14d1ddf353c0>,13,2,[2 8],23,23,25,0,23
1,<environment.Job instance at 0x14d1de0a65f0>,14,3,[1 5],24,25,28,1,24
1,<environment.Job instance at 0x14d1e0dc4820>,15,15,[1 5],25,25,40,0,25
1,<environment.Job instance at 0x14d1f4b12370>,16,3,[9 1],27,27,30,0,27
1,<environment.Job instance at 0x14d1df75e0a0>,17,3,[2 7],28,28,31,0,28
1,<environment.Job instance at 0x14d1da1a4a50>,18,2,[ 2 10],30,31,33,1,30
1,<environment.Job instance at 0x14d1dd1bacd0>,19,13,[9 1],32,33,46,1,32
1,<environment.Job instance at 0x14d1dd39d2d0>,4,2,[6 1],12,40,42,28,32
1,<environment.Job instance at 0x14d1f49d4820>,7,2,[2 5],16,37,39,21,37
1,<environment.Job instance at 0x14d1da5d7e60>,23,18,[2 5],40,42,60,2,40
1,<environment.Job instance at 0x14d1e3c87410>,24,1,[5 2],41,46,47,5,41
1,<environment.Job instance at 0x14d1dd67dd70>,10,14,[5 1],20,46,60,26,41
1,<environment.Job instance at 0x14d1e0dccaa0>,25,1,[1 6],42,43,44,1,43
1,<environment.Job instance at 0x14d1ddfbd5a0>,27,17,[1 5],44,44,61,0,44
1,<environment.Job instance at 0x14d1da165dc0>,28,1,[1 8],45,60,61,15,45
1,<environment.Job instance at 0x14d1ddfbd050>,29,1,[1 9],46,61,62,15,46
1,<environment.Job instance at 0x14d1da4cf050>,30,3,[ 1 10],47,62,65,15,47
1,<environment.Job instance at 0x14d1df75b910>,31,2,[5 1],49,49,51,0,49
1,<environment.Job instance at 0x14d1e0dd3500>,32,12,[1 9],50,65,77,15,50
1,<environment.Job instance at 0x14d1e0dd33c0>,33,3,[6 2],51,51,54,0,51
1,<environment.Job instance at 0x14d1ddf5c690>,34,1,[ 1 10],52,77,78,25,52
1,<environment.Job instance at 0x14d1ddf5c9b0>,35,27,[5 2],53,54,81,1,53
1,<environment.Job instance at 0x14d1ddf5cfa0>,36,3,[1 8],54,78,81,24,54
1,<environment.Job instance at 0x14d1ddf5c4b0>,37,18,[ 2 10],56,81,99,25,70
1,<environment.Job instance at 0x14d1ddf5c2d0>,39,2,[8 2],58,70,72,12,70
1,<environment.Job instance at 0x14d1ddf5c8c0>,40,2,[ 2 10],60,99,101,39,72
1,<environment.Job instance at 0x14d1de433820>,41,2,[2 5],61,78,80,17,72
1,<environment.Job instance at 0x14d1de433280>,42,1,[1 5],62,80,81,18,72
1,<environment.Job instance at 0x14d1de433d70>,43,3,[11  1],63,81,84,18,74
1,<environment.Job instance at 0x14d1de433fa0>,44,12,[2 6],64,101,113,37,84
1,<environment.Job instance at 0x14d1de433e60>,45,3,[2 6],65,101,104,36,84
1,<environment.Job instance at 0x14d1dd590e60>,1,26,[2 5],8,8,34,0,8
1,<environment.Job instance at 0x14d1f4b1d190>,8,26,[2 9],16,19,45,3,19
1,<environment.Job instance at 0x14d1dc762dc0>,10,13,[ 2 10],21,45,58,24,37
1,<environment.Job instance at 0x14d1e0da1050>,15,1,[5 1],27,48,49,21,48
1,<environment.Job instance at 0x14d1e0da1d70>,17,18,[2 8],29,58,76,29,48
1,<environment.Job instance at 0x14d1da235d20>,18,2,[9 2],30,49,51,19,48
1,<environment.Job instance at 0x14d1de04c190>,19,2,[6 1],32,51,53,19,49
1,<environment.Job instance at 0x14d1da235a00>,20,1,[10  1],33,53,54,20,49
1,<environment.Job instance at 0x14d1de446140>,21,2,[6 1],34,51,53,17,50
1,<environment.Job instance at 0x14d1df75e370>,22,13,[2 9],35,76,89,41,60
1,<environment.Job instance at 0x14d1f4aed910>,23,3,[9 1],39,60,63,21,60
1,<environment.Job instance at 0x14d1dd1bd4b0>,24,3,[1 7],40,63,66,23,60
1,<environment.Job instance at 0x14d1df73adc0>,25,3,[10  1],41,66,69,25,60
1,<environment.Job instance at 0x14d1dd1bd2d0>,26,2,[1 5],42,60,62,18,60
1,<environment.Job instance at 0x14d1df7419b0>,27,15,[ 1 10],45,89,104,44,75
1,<environment.Job instance at 0x14d1de062140>,28,16,[7 1],48,75,91,27,75
1,<environment.Job instance at 0x14d1f494f500>,30,2,[1 8],51,104,106,53,77
1,<environment.Job instance at 0x14d1db034190>,31,1,[1 6],52,104,105,52,77
1,<environment.Job instance at 0x14d1db2a4320>,33,2,[8 2],54,91,93,37,77
1,<environment.Job instance at 0x14d1db2a4050>,34,2,[5 2],55,77,79,22,77
1,<environment.Job instance at 0x14d1db2a4f50>,35,3,[1 8],57,106,109,49,80
1,<environment.Job instance at 0x14d1db2a4230>,36,2,[5 2],59,80,82,21,80
1,<environment.Job instance at 0x14d1f40306e0>,37,2,[2 7],61,105,107,44,80
1,<environment.Job instance at 0x14d1f4030190>,38,3,[ 2 10],63,109,112,46,83
1,<environment.Job instance at 0x14d1f40302d0>,39,1,[1 5],64,83,84,19,83
1,<environment.Job instance at 0x14d1f40300f0>,40,2,[1 9],65,112,114,47,85
1,<environment.Job instance at 0x14d1f40308c0>,41,17,[1 7],66,114,131,48,102
1,<environment.Job instance at 0x14d1f4030280>,42,2,[5 2],68,102,104,34,102
1,<environment.Job instance at 0x14d1f4030dc0>,43,2,[1 5],69,107,109,38,102
1,<environment.Job instance at 0x14d1e0dcfa50>,5,3,[2 5],8,8,11,0,8
1,<environment.Job instance at 0x14d1e0dcf050>,6,14,[2 5],9,9,23,0,9
1,<environment.Job instance at 0x14d1da8c2370>,11,27,[5 1],14,14,41,0,14
1,<environment.Job instance at 0x14d1de4bce10>,13,17,[1 9],16,16,33,0,16
1,<environment.Job instance at 0x14d1f4b085a0>,14,2,[5 1],17,23,25,6,18
1,<environment.Job instance at 0x14d1f6ca9280>,15,1,[6 1],19,25,26,6,19
1,<environment.Job instance at 0x14d1f6ca9820>,16,1,[8 1],21,26,27,5,22
1,<environment.Job instance at 0x14d1f6ca9f00>,18,18,[6 2],23,27,45,4,23
1,<environment.Job instance at 0x14d1f6ca9780>,22,2,[2 8],30,33,35,3,30
1,<environment.Job instance at 0x14d1dd3661e0>,23,12,[1 9],31,35,47,4,31
1,<environment.Job instance at 0x14d1dd366460>,24,14,[ 2 10],32,47,61,15,32
1,<environment.Job instance at 0x14d1dd366c30>,25,2,[6 2],33,41,43,8,41
1,<environment.Job instance at 0x14d1dd300370>,27,1,[6 2],36,43,44,7,42
1,<environment.Job instance at 0x14d1dd300780>,28,2,[1 6],38,45,47,7,42
1,<environment.Job instance at 0x14d1dd3001e0>,29,15,[6 1],39,47,62,8,42
1,<environment.Job instance at 0x14d1dd300960>,30,2,[ 1 10],41,61,63,20,42
1,<environment.Job instance at 0x14d1f6ca9d70>,21,15,[2 7],29,63,78,34,49
1,<environment.Job instance at 0x14d1ddf83eb0>,32,2,[10  2],43,62,64,19,49
1,<environment.Job instance at 0x14d1ddf83e10>,33,3,[2 6],44,63,66,19,49
1,<environment.Job instance at 0x14d1ddf83640>,34,2,[7 2],46,49,51,3,49
1,<environment.Job instance at 0x14d1dd2ac550>,35,1,[9 1],48,64,65,16,49
1,<environment.Job instance at 0x14d1dd2ac500>,36,3,[1 9],49,78,81,29,52
1,<environment.Job instance at 0x14d1da8c20f0>,9,2,[12  1],12,66,68,54,58
1,<environment.Job instance at 0x14d1dd287af0>,38,2,[6 2],51,58,60,7,58
1,<environment.Job instance at 0x14d1da4ab410>,39,2,[2 6],54,68,70,14,59
1,<environment.Job instance at 0x14d1da4ab4b0>,40,1,[1 7],55,66,67,11,59
1,<environment.Job instance at 0x14d1da4ab910>,41,2,[10  2],56,68,70,12,59
1,<environment.Job instance at 0x14d1dd255b90>,42,2,[6 2],57,60,62,3,59
1,<environment.Job instance at 0x14d1dd255640>,44,1,[7 2],59,65,66,6,59
1,<environment.Job instance at 0x14d1dd4286e0>,47,3,[13  2],62,70,73,8,64
1,<environment.Job instance at 0x14d1dbb06410>,48,2,[8 1],63,73,75,10,66
1,<environment.Job instance at 0x14d1dbb06230>,49,14,[ 2 10],64,81,95,17,66
1,<environment.Job instance at 0x14d1dd5f0500>,1,2,[2 8],2,2,4,0,2
1,<environment.Job instance at 0x14d1db0847d0>,7,1,[1 5],16,38,39,22,38
1,<environment.Job instance at 0x14d1dd58bf50>,14,2,[1 5],26,38,40,12,38
1,<environment.Job instance at 0x14d1f6c9b500>,15,16,[1 7],27,39,55,12,38
1,<environment.Job instance at 0x14d1dd58bc30>,16,2,[10  1],28,44,46,16,44
1,<environment.Job instance at 0x14d1da819640>,17,1,[12  2],30,46,47,16,45
1,<environment.Job instance at 0x14d1dd58b8c0>,18,3,[2 5],32,45,48,13,45
1,<environment.Job instance at 0x14d1da77e230>,19,3,[1 7],33,48,51,15,45
1,<environment.Job instance at 0x14d1de429d20>,20,3,[5 1],34,47,50,13,47
1,<environment.Job instance at 0x14d1dd2fbb90>,21,1,[8 1],35,50,51,15,47
1,<environment.Job instance at 0x14d1f49d80f0>,22,1,[9 1],36,51,52,15,47
1,<environment.Job instance at 0x14d1daf81dc0>,23,18,[1 8],37,52,70,15,47
1,<environment.Job instance at 0x14d1dd58b460>,10,12,[6 1],21,59,71,38,59
1,<environment.Job instance at 0x14d1dd484cd0>,26,1,[6 1],42,63,64,21,63
1,<environment.Job instance at 0x14d1f712ac30>,27,1,[8 1],43,64,65,21,63
1,<environment.Job instance at 0x14d1ddfec190>,28,22,[1 7],44,70,92,26,63
1,<environment.Job instance at 0x14d1da531460>,29,13,[9 2],47,71,84,24,63
1,<environment.Job instance at 0x14d1da4ce960>,30,18,[7 2],51,84,102,33,73
1,<environment.Job instance at 0x14d1ddf45c30>,34,3,[1 5],56,94,97,38,94
1,<environment.Job instance at 0x14d1ddf455f0>,37,1,[2 8],61,94,95,33,94
1,<environment.Job instance at 0x14d1ddfcb0f0>,32,1,[1 8],54,95,96,41,94
1,<environment.Job instance at 0x14d1de48a410>,39,3,[10  2],64,102,105,38,94
1,<environment.Job instance at 0x14d1ddf406e0>,40,3,[8 1],65,97,100,32,94
1,<environment.Job instance at 0x14d1ddf40370>,41,3,[5 1],67,100,103,33,94
1,<environment.Job instance at 0x14d1ddf40f50>,42,13,[5 1],69,103,116,34,94
1,<environment.Job instance at 0x14d1ddf45320>,38,1,[5 2],62,114,115,52,114
1,<environment.Job instance at 0x14d1dd58bcd0>,13,1,[ 1 13],25,144,145,119,144
1,<environment.Job instance at 0x14d1f4af1be0>,4,3,[1 7],6,10,13,4,10
1,<environment.Job instance at 0x14d1da0c2690>,8,1,[7 2],11,11,12,0,11
1,<environment.Job instance at 0x14d1da019910>,10,1,[13  1],13,13,14,0,13
1,<environment.Job instance at 0x14d1da0c2460>,11,22,[7 2],15,15,37,0,15
1,<environment.Job instance at 0x14d1da019e60>,14,14,[ 1 10],19,19,33,0,19
1,<environment.Job instance at 0x14d1da1e7e60>,15,2,[2 8],23,33,35,10,23
1,<environment.Job instance at 0x14d1f4af1c30>,5,18,[1 8],7,35,53,28,24
1,<environment.Job instance at 0x14d1dd56a0a0>,21,2,[6 1],29,29,31,0,29
1,<environment.Job instance at 0x14d1da5910f0>,22,3,[2 8],31,53,56,22,31
1,<environment.Job instance at 0x14d1e3c85870>,23,2,[5 2],32,32,34,0,32
1,<environment.Job instance at 0x14d1e2a1f0a0>,24,2,[2 7],33,37,39,4,33
1,<environment.Job instance at 0x14d1e2a1fd70>,25,3,[1 8],34,56,59,22,34
1,<environment.Job instance at 0x14d1e2a1ffa0>,26,22,[9 1],35,39,61,4,35
1,<environment.Job instance at 0x14d1e0dc8b90>,28,1,[9 2],38,61,62,23,38
1,<environment.Job instance at 0x14d1e0dc8870>,30,3,[2 7],40,59,62,19,40
1,<environment.Job instance at 0x14d1e0dc84b0>,29,2,[ 1 10],39,62,64,23,41
1,<environment.Job instance at 0x14d1e0dc8a00>,32,3,[ 2 12],42,64,67,22,42
1,<environment.Job instance at 0x14d1e0dc8410>,35,2,[1 6],47,50,52,3,50
1,<environment.Job instance at 0x14d1e0dc8140>,36,1,[12  1],48,62,63,14,51
1,<environment.Job instance at 0x14d1e0dc8500>,37,18,[2 8],49,67,85,18,56
1,<environment.Job instance at 0x14d1e0dc8c30>,38,1,[7 1],53,63,64,10,56
1,<environment.Job instance at 0x14d1da5b04b0>,39,2,[2 5],54,56,58,2,56
1,<environment.Job instance at 0x14d1da5b05a0>,40,1,[5 2],55,58,59,3,56
1,<environment.Job instance at 0x14d1da5b06e0>,41,14,[10  2],56,64,78,8,62
1,<environment.Job instance at 0x14d1f40e7320>,42,1,[2 5],57,67,68,10,62
1,<environment.Job instance at 0x14d1f40e72d0>,44,1,[1 5],59,68,69,9,64
1,<environment.Job instance at 0x14d1f40e7dc0>,45,1,[8 1],62,78,79,16,64
1,<environment.Job instance at 0x14d1da5d70a0>,46,2,[7 1],63,79,81,16,65
1,<environment.Job instance at 0x14d1da5d78c0>,47,2,[2 7],64,81,83,17,65
1,<environment.Job instance at 0x14d1dd2b25a0>,48,1,[5 2],65,78,79,13,65
1,<environment.Job instance at 0x14d1da4ced20>,49,1,[1 5],68,69,70,1,68
1,<environment.Job instance at 0x14d1da4cee60>,50,2,[6 1],69,79,81,10,69
1,<environment.Job instance at 0x14d1da76b140>,2,13,[1 8],3,3,16,0,3
1,<environment.Job instance at 0x14d1da76bb40>,1,1,[7 1],2,3,4,1,3
1,<environment.Job instance at 0x14d1da3640f0>,4,1,[1 7],5,5,6,0,5
1,<environment.Job instance at 0x14d1da0d3a00>,10,3,[1 5],17,17,20,0,17
1,<environment.Job instance at 0x14d1dd433730>,11,2,[5 2],18,18,20,0,18
1,<environment.Job instance at 0x14d1dd433870>,12,1,[10  2],19,20,21,1,19
1,<environment.Job instance at 0x14d1dd433c80>,13,1,[10  1],20,21,22,1,20
1,<environment.Job instance at 0x14d1dd4330a0>,15,1,[8 2],23,23,24,0,23
1,<environment.Job instance at 0x14d1dd433aa0>,16,2,[2 9],24,24,26,0,24
1,<environment.Job instance at 0x14d1da2530f0>,19,1,[1 5],29,29,30,0,29
1,<environment.Job instance at 0x14d1da253460>,20,12,[10  1],31,33,45,2,33
1,<environment.Job instance at 0x14d1da850140>,22,2,[10  1],36,45,47,9,39
1,<environment.Job instance at 0x14d1da4bb7d0>,24,2,[7 2],40,47,49,7,40
1,<environment.Job instance at 0x14d1da1cf410>,26,17,[1 6],43,43,60,0,43
1,<environment.Job instance at 0x14d1da7d7d20>,27,1,[2 9],44,49,50,5,44
1,<environment.Job instance at 0x14d1f6e2b4b0>,28,2,[8 1],46,50,52,4,46
1,<environment.Job instance at 0x14d1f6e2b190>,29,2,[9 2],48,52,54,4,48
1,<environment.Job instance at 0x14d1f6e2b550>,30,2,[6 1],49,50,52,1,49
1,<environment.Job instance at 0x14d1da12bcd0>,31,3,[ 1 10],50,60,63,10,50
1,<environment.Job instance at 0x14d1da12b4b0>,32,1,[7 1],51,54,55,3,51
1,<environment.Job instance at 0x14d1da12b8c0>,33,2,[1 6],52,52,54,0,52
1,<environment.Job instance at 0x14d1da12baf0>,34,2,[1 6],53,54,56,1,53
1,<environment.Job instance at 0x14d1da12b5a0>,35,3,[6 2],54,54,57,0,54
1,<environment.Job instance at 0x14d1da12b960>,36,1,[10  1],56,57,58,1,56
1,<environment.Job instance at 0x14d1da12bdc0>,37,3,[6 2],57,58,61,1,57
1,<environment.Job instance at 0x14d1de46a730>,38,1,[2 8],58,63,64,5,58
1,<environment.Job instance at 0x14d1de46aaf0>,39,1,[6 1],60,61,62,1,61
1,<environment.Job instance at 0x14d1de12cc30>,43,1,[8 1],66,66,67,0,66
1,<environment.Job instance at 0x14d1de12cf00>,41,3,[7 1],63,76,79,13,76
1,<environment.Job instance at 0x14d1da0d3c30>,9,2,[7 1],16,472,474,456,472
1,<environment.Job instance at 0x14d1d9b2fe60>,3,2,[1 9],6,6,8,0,6
1,<environment.Job instance at 0x14d1db0234b0>,6,2,[1 5],9,10,12,1,10
1,<environment.Job instance at 0x14d1db08c640>,12,2,[2 5],22,23,25,1,23
1,<environment.Job instance at 0x14d1da71a870>,13,16,[ 2 10],23,23,39,0,23
1,<environment.Job instance at 0x14d1dd445780>,14,1,[1 9],26,39,40,13,26
1,<environment.Job instance at 0x14d1e3cf3820>,15,18,[7 1],27,27,45,0,27
1,<environment.Job instance at 0x14d1da74bdc0>,20,12,[2 7],36,41,53,5,41
1,<environment.Job instance at 0x14d1da613af0>,22,3,[ 1 10],38,53,56,15,41
1,<environment.Job instance at 0x14d1ddf0be10>,23,3,[ 1 10],40,56,59,16,41
1,<environment.Job instance at 0x14d1daf22af0>,24,2,[8 2],41,45,47,4,42
1,<environment.Job instance at 0x14d1da2195f0>,27,1,[5 2],45,45,46,0,45
1,<environment.Job instance at 0x14d1da219c30>,28,12,[13  2],46,54,66,8,54
1,<environment.Job instance at 0x14d1da219550>,29,2,[1 9],49,59,61,10,54
1,<environment.Job instance at 0x14d1da219820>,30,3,[1 7],51,61,64,10,54
1,<environment.Job instance at 0x14d1da02b690>,31,15,[ 1 10],52,64,79,12,54
1,<environment.Job instance at 0x14d1da02beb0>,32,3,[9 1],53,66,69,13,54
1,<environment.Job instance at 0x14d1da02bd20>,33,3,[7 2],55,69,72,14,55
1,<environment.Job instance at 0x14d1db02e320>,11,2,[2 6],20,79,81,59,62
1,<environment.Job instance at 0x14d1de11b0f0>,41,2,[2 7],65,79,81,14,65
1,<environment.Job instance at 0x14d1de11b5f0>,40,2,[9 1],63,72,74,9,67
1,<environment.Job instance at 0x14d1da1340a0>,43,15,[8 1],69,74,89,5,69
1,<environment.Job instance at 0x14d1da2fc5a0>,2,14,[ 1 10],6,6,20,0,6
1,<environment.Job instance at 0x14d1de0dd2d0>,6,2,[2 9],12,20,22,8,12
1,<environment.Job instance at 0x14d1de0ddf50>,7,16,[1 8],13,22,38,9,13
1,<environment.Job instance at 0x14d1de0dd7d0>,8,1,[2 9],14,38,39,24,14
1,<environment.Job instance at 0x14d1f4a3fc80>,11,14,[1 9],18,39,53,21,24
1,<environment.Job instance at 0x14d1f4a209b0>,15,1,[6 2],24,24,25,0,24
1,<environment.Job instance at 0x14d1da4a99b0>,16,2,[6 1],25,25,27,0,25
1,<environment.Job instance at 0x14d1da4a95f0>,17,3,[8 1],27,27,30,0,27
1,<environment.Job instance at 0x14d1da4a9640>,18,1,[1 9],29,53,54,24,29
1,<environment.Job instance at 0x14d1dd568730>,19,1,[2 9],30,54,55,24,30
1,<environment.Job instance at 0x14d1dd56a050>,20,1,[2 9],31,55,56,24,31
1,<environment.Job instance at 0x14d1dd568370>,21,14,[1 6],34,34,48,0,34
1,<environment.Job instance at 0x14d1f4a20780>,12,15,[1 5],19,48,63,29,34
1,<environment.Job instance at 0x14d1f4a20d70>,14,3,[10  1],23,34,37,11,34
1,<environment.Job instance at 0x14d1da4a94b0>,22,2,[1 7],35,56,58,21,35
1,<environment.Job instance at 0x14d1dd52ffa0>,24,2,[1 9],37,58,60,21,37
1,<environment.Job instance at 0x14d1f40c9280>,23,1,[2 7],36,60,61,24,37
1,<environment.Job instance at 0x14d1f4d4b5a0>,28,2,[7 1],44,51,53,7,51
1,<environment.Job instance at 0x14d1de46df50>,35,12,[5 1],57,57,69,0,57
1,<environment.Job instance at 0x14d1de46d550>,36,12,[ 2 10],58,63,75,5,58
1,<environment.Job instance at 0x14d1de46de10>,37,1,[10  1],59,69,70,10,63
1,<environment.Job instance at 0x14d1e3dfbd20>,40,1,[8 1],63,63,64,0,63
1,<environment.Job instance at 0x14d1e3dfbe60>,42,1,[1 7],65,75,76,10,65
1,<environment.Job instance at 0x14d1e3dfbc30>,43,3,[2 9],66,76,79,10,66
1,<environment.Job instance at 0x14d1dd6376e0>,44,3,[ 1 14],67,79,82,12,67
1,<environment.Job instance at 0x14d1da8c80f0>,2,1,[11  1],4,5,6,1,5
1,<environment.Job instance at 0x14d1d9e0ba00>,4,17,[2 8],7,7,24,0,7
1,<environment.Job instance at 0x14d1da8c8be0>,8,3,[1 8],12,24,27,12,17
1,<environment.Job instance at 0x14d1da71ae10>,15,1,[2 9],23,27,28,4,23
1,<environment.Job instance at 0x14d1df75eb90>,16,1,[7 2],24,24,25,0,24
1,<environment.Job instance at 0x14d1da2aa460>,17,3,[2 7],26,28,31,2,26
1,<environment.Job instance at 0x14d1df75e690>,18,1,[10  1],27,27,28,0,27
1,<environment.Job instance at 0x14d1dc758c80>,19,15,[1 7],28,28,43,0,28
1,<environment.Job instance at 0x14d1ddffc190>,23,3,[1 5],32,33,36,1,33
1,<environment.Job instance at 0x14d1da0c2aa0>,27,1,[ 2 10],36,43,44,7,36
1,<environment.Job instance at 0x14d1e3ca9050>,30,12,[ 2 10],41,44,56,3,41
1,<environment.Job instance at 0x14d1e3ca9cd0>,32,1,[1 7],44,56,57,12,49
1,<environment.Job instance at 0x14d1de40e230>,37,3,[2 8],50,56,59,6,50
1,<environment.Job instance at 0x14d1f40c2640>,38,13,[1 6],51,57,70,6,52
1,<environment.Job instance at 0x14d1da5df280>,40,2,[1 5],53,54,56,1,54
1,<environment.Job instance at 0x14d1da5df820>,41,12,[1 9],54,59,71,5,54
1,<environment.Job instance at 0x14d1da5df730>,42,3,[2 6],55,70,73,15,55
1,<environment.Job instance at 0x14d1f49dba50>,44,2,[11  2],57,71,73,14,58
1,<environment.Job instance at 0x14d1f49db3c0>,45,2,[1 9],58,73,75,15,58
1,<environment.Job instance at 0x14d1da1cfa00>,47,1,[9 1],60,73,74,13,60
1,<environment.Job instance at 0x14d1dd486910>,48,1,[8 1],61,74,75,13,61
1,<environment.Job instance at 0x14d1dd486c80>,49,1,[1 5],62,71,72,9,62
1,<environment.Job instance at 0x14d1f40c27d0>,39,17,[ 1 14],52,75,92,23,66
1,<environment.Job instance at 0x14d1f4af1e60>,53,12,[2 9],67,92,104,25,76
1,<environment.Job instance at 0x14d1e0da1730>,54,15,[9 2],69,92,107,23,78
1,<environment.Job instance at 0x14d1de40edc0>,36,1,[9 2],49,108,109,59,108
1,<environment.Job instance at 0x14d1dd48caa0>,2,1,[ 1 10],3,3,4,0,3
1,<environment.Job instance at 0x14d1dd48c7d0>,3,2,[2 6],4,5,7,1,5
1,<environment.Job instance at 0x14d1dd48c140>,5,1,[2 9],7,7,8,0,7
1,<environment.Job instance at 0x14d1dd48c460>,4,1,[ 2 10],5,10,11,5,10
1,<environment.Job instance at 0x14d1da132f50>,10,14,[1 5],18,18,32,0,18
1,<environment.Job instance at 0x14d1da132c80>,12,1,[2 7],21,21,22,0,21
1,<environment.Job instance at 0x14d1da132d20>,13,2,[10  2],22,22,24,0,22
1,<environment.Job instance at 0x14d1da1322d0>,14,12,[8 1],24,24,36,0,24
1,<environment.Job instance at 0x14d1da1327d0>,16,2,[7 1],29,32,34,3,31
1,<environment.Job instance at 0x14d1da1320a0>,19,15,[1 9],33,34,49,1,33
1,<environment.Job instance at 0x14d1da132410>,20,2,[ 1 10],35,49,51,14,35
1,<environment.Job instance at 0x14d1d9fafe60>,21,3,[5 1],36,36,39,0,36
1,<environment.Job instance at 0x14d1d9faf820>,22,2,[5 2],37,37,39,0,37
1,<environment.Job instance at 0x14d1d9faf140>,23,13,[ 2 12],40,51,64,11,40
1,<environment.Job instance at 0x14d1d9fafdc0>,24,1,[6 2],41,50,51,9,50
1,<environment.Job instance at 0x14d1d9faf3c0>,30,2,[10  1],50,51,53,1,50
1,<environment.Job instance at 0x14d1da708f50>,35,12,[5 1],57,58,70,1,58
1,<environment.Job instance at 0x14d1d9faf320>,29,2,[ 2 14],48,64,66,16,58
1,<environment.Job instance at 0x14d1da7085f0>,36,1,[5 2],58,59,60,1,59
1,<environment.Job instance at 0x14d1da708c80>,38,12,[9 2],60,66,78,6,60
1,<environment.Job instance at 0x14d1da7081e0>,39,16,[1 6],61,66,82,5,61
1,<environment.Job instance at 0x14d1da708500>,40,16,[7 1],63,78,94,15,65
1,<environment.Job instance at 0x14d1da6f9320>,41,3,[6 2],64,78,81,14,66
1,<environment.Job instance at 0x14d1da6f9050>,42,1,[9 2],65,94,95,29,66
1,<environment.Job instance at 0x14d1da7082d0>,37,13,[1 7],59,81,94,22,66
1,<environment.Job instance at 0x14d1da6f9640>,44,1,[ 1 10],68,94,95,26,68
1,<environment.Job instance at 0x14d1da708910>,3,15,[2 9],5,7,22,2,7
1,<environment.Job instance at 0x14d1dd2acd20>,4,12,[1 5],6,8,20,2,8
1,<environment.Job instance at 0x14d1dd2ac960>,8,2,[2 5],12,20,22,8,12
1,<environment.Job instance at 0x14d1da78c190>,13,2,[1 9],21,22,24,1,21
1,<environment.Job instance at 0x14d1da15df50>,14,1,[14  2],22,23,24,1,23
1,<environment.Job instance at 0x14d1d9aefe10>,16,3,[ 2 13],24,24,27,0,24
1,<environment.Job instance at 0x14d1d9b12c30>,17,2,[7 1],26,26,28,0,26
1,<environment.Job instance at 0x14d1d9b120f0>,18,2,[7 1],29,30,32,1,30
1,<environment.Job instance at 0x14d1db2de730>,19,17,[8 1],32,32,49,0,32
1,<environment.Job instance at 0x14d1e3cad3c0>,21,1,[7 2],34,34,35,0,34
1,<environment.Job instance at 0x14d1e3cdc460>,22,2,[ 1 10],35,35,37,0,35
1,<environment.Job instance at 0x14d1ddf226e0>,24,1,[2 6],37,37,38,0,37
1,<environment.Job instance at 0x14d1de0d4b40>,25,3,[1 7],38,38,41,0,38
1,<environment.Job instance at 0x14d1da6e3c80>,26,1,[8 2],40,49,50,9,40
1,<environment.Job instance at 0x14d1d9b5ef50>,27,2,[2 8],42,42,44,0,42
1,<environment.Job instance at 0x14d1dd4450f0>,12,3,[2 8],19,44,47,25,43
1,<environment.Job instance at 0x14d1da1fc370>,28,1,[5 2],45,45,46,0,45
1,<environment.Job instance at 0x14d1d9b122d0>,20,1,[6 1],33,48,49,15,48
1,<environment.Job instance at 0x14d1f40bfb40>,29,18,[1 9],50,50,68,0,50
1,<environment.Job instance at 0x14d1de030690>,36,13,[1 6],59,59,72,0,59
1,<environment.Job instance at 0x14d1de01e0f0>,31,1,[1 8],52,68,69,16,59
1,<environment.Job instance at 0x14d1de011550>,40,3,[7 2],65,77,80,12,77
1,<environment.Job instance at 0x14d1dd2acb40>,5,3,[8 2],7,173,176,166,173
1,<environment.Job instance at 0x14d1dd49b7d0>,1,2,[8 2],2,2,4,0,2
1,<environment.Job instance at 0x14d1dd2acb90>,2,1,[8 2],3,4,5,1,3
1,<environment.Job instance at 0x14d1dd381a50>,3,15,[ 1 12],4,4,19,0,4
1,<environment.Job instance at 0x14d1daf79cd0>,4,2,[1 7],5,19,21,14,5
1,<environment.Job instance at 0x14d1daf79280>,6,18,[8 2],7,7,25,0,7
1,<environment.Job instance at 0x14d1d9da6050>,7,18,[1 9],8,21,39,13,10
1,<environment.Job instance at 0x14d1e3c867d0>,9,17,[1 9],11,39,56,28,27
1,<environment.Job instance at 0x14d1de024e10>,13,14,[2 5],15,27,41,12,27
1,<environment.Job instance at 0x14d1de024550>,14,12,[5 1],16,27,39,11,27
1,<environment.Job instance at 0x14d1de0245a0>,16,3,[11  1],18,39,42,21,27
1,<environment.Job instance at 0x14d1de0247d0>,17,2,[8 2],19,42,44,23,27
1,<environment.Job instance at 0x14d1de0245f0>,18,13,[1 8],21,56,69,35,40
1,<environment.Job instance at 0x14d1de024af0>,19,2,[8 2],22,44,46,22,40
1,<environment.Job instance at 0x14d1de024dc0>,20,3,[7 1],23,46,49,23,40
1,<environment.Job instance at 0x14d1de024fa0>,21,1,[1 8],25,69,70,44,41
1,<environment.Job instance at 0x14d1ddf68e10>,22,1,[8 2],26,49,50,23,41
1,<environment.Job instance at 0x14d1d9dbea50>,23,3,[1 8],30,70,73,40,44
1,<environment.Job instance at 0x14d1dd260690>,24,1,[2 6],33,50,51,17,44
1,<environment.Job instance at 0x14d1dd260a50>,25,1,[2 7],35,56,57,21,44
1,<environment.Job instance at 0x14d1dd5ffb90>,26,1,[7 1],36,46,47,10,44
1,<environment.Job instance at 0x14d1da5db8c0>,27,3,[6 2],38,47,50,9,44
1,<environment.Job instance at 0x14d1dd5ffb40>,28,2,[2 6],40,51,53,11,44
1,<environment.Job instance at 0x14d1d9da3320>,29,14,[1 8],41,73,87,32,58
1,<environment.Job instance at 0x14d1dafbd3c0>,30,17,[9 1],42,58,75,16,58
1,<environment.Job instance at 0x14d1dd5ff5a0>,31,2,[10  2],43,75,77,32,58
1,<environment.Job instance at 0x14d1ddf195f0>,33,2,[ 1 10],46,87,89,41,60
1,<environment.Job instance at 0x14d1ddf19190>,34,3,[2 6],47,60,63,13,60
1,<environment.Job instance at 0x14d1ddf19500>,35,2,[1 9],48,89,91,41,62
1,<environment.Job instance at 0x14d1ddf197d0>,36,3,[2 8],49,91,94,42,65
1,<environment.Job instance at 0x14d1ddf19730>,37,1,[1 7],51,77,78,26,65
1,<environment.Job instance at 0x14d1ddf19910>,38,2,[2 8],52,94,96,42,67
1,<environment.Job instance at 0x14d1ddf19960>,39,3,[8 1],53,78,81,25,67
1,<environment.Job instance at 0x14d1ddf191e0>,40,2,[2 6],54,67,69,13,67
1,<environment.Job instance at 0x14d1de024d70>,12,2,[2 6],14,69,71,55,67
1,<environment.Job instance at 0x14d1de0b3230>,43,2,[2 9],59,96,98,37,69
1,<environment.Job instance at 0x14d1de0b3a50>,44,2,[5 1],60,71,73,11,69
1,<environment.Job instance at 0x14d1de0b3410>,46,2,[1 5],62,73,75,11,69
1,<environment.Job instance at 0x14d1de0b3280>,47,16,[7 1],64,81,97,17,69
1,<environment.Job instance at 0x14d1de0b3640>,48,3,[ 2 10],65,98,101,33,72
1,<environment.Job instance at 0x14d1ddf19f50>,42,3,[7 1],57,81,84,24,72
1,<environment.Job instance at 0x14d1de445dc0>,50,2,[1 9],69,101,103,32,74
1,<environment.Job instance at 0x14d1de0b3960>,45,3,[ 2 12],61,103,106,42,77
1,<environment.Job instance at 0x14d1d9dacd70>,49,19,[10  1],67,97,116,30,87
1,<environment.Job instance at 0x14d1d9dc4b90>,11,23,[6 1],13,192,215,179,192
1,<environment.Job instance at 0x14d1db007f50>,1,2,[ 2 10],2,2,4,0,2
1,<environment.Job instance at 0x14d1dd440870>,2,3,[2 9],3,4,7,1,3
1,<environment.Job instance at 0x14d1dd65f8c0>,17,12,[1 6],23,26,38,3,26
1,<environment.Job instance at 0x14d1da6333c0>,19,2,[2 7],25,26,28,1,26
1,<environment.Job instance at 0x14d1da633be0>,20,12,[2 6],26,28,40,2,26
1,<environment.Job instance at 0x14d1dd4162d0>,21,13,[5 1],27,28,41,1,28
1,<environment.Job instance at 0x14d1e3d2b410>,22,3,[5 2],28,28,31,0,28
1,<environment.Job instance at 0x14d1f49a1550>,23,1,[8 2],30,38,39,8,31
1,<environment.Job instance at 0x14d1da45c140>,24,3,[10  2],31,40,43,9,31
1,<environment.Job instance at 0x14d1e3d16f50>,26,2,[14  1],33,43,45,10,33
1,<environment.Job instance at 0x14d1d9eb8640>,25,1,[5 2],32,35,36,3,35
1,<environment.Job instance at 0x14d1e3d165a0>,28,3,[ 1 10],35,41,44,6,35
1,<environment.Job instance at 0x14d1da2f44b0>,29,15,[ 1 10],36,44,59,8,36
1,<environment.Job instance at 0x14d1da2f43c0>,30,2,[2 9],37,59,61,22,37
1,<environment.Job instance at 0x14d1d9fa2d20>,31,1,[12  2],38,45,46,7,38
1,<environment.Job instance at 0x14d1d9fa20f0>,32,2,[1 6],39,59,61,20,39
1,<environment.Job instance at 0x14d1d9fa2fa0>,34,3,[6 2],42,46,49,4,42
1,<environment.Job instance at 0x14d1d9fa2b90>,35,1,[2 9],43,61,62,18,43
1,<environment.Job instance at 0x14d1d9fa2780>,36,2,[8 2],46,46,48,0,46
1,<environment.Job instance at 0x14d1dafd2b90>,15,15,[5 1],21,61,76,40,52
1,<environment.Job instance at 0x14d22c0403c0>,37,1,[1 5],49,56,57,7,56
1,<environment.Job instance at 0x14d1dd2a0f50>,41,3,[8 2],57,61,64,4,59
1,<environment.Job instance at 0x14d1dd428fa0>,42,14,[1 6],60,62,76,2,60
1,<environment.Job instance at 0x14d1dd2a0320>,43,2,[2 5],61,64,66,3,61
1,<environment.Job instance at 0x14d1da4efaf0>,44,12,[9 1],62,66,78,4,64
1,<environment.Job instance at 0x14d1da4ef910>,46,2,[1 8],64,76,78,12,64
1,<environment.Job instance at 0x14d1da4ef7d0>,47,21,[2 5],65,76,97,11,68
1,<environment.Job instance at 0x14d1da334cd0>,1,3,[5 2],4,4,7,0,4
1,<environment.Job instance at 0x14d1da334550>,2,2,[1 7],5,5,7,0,5
1,<environment.Job instance at 0x14d1dbb06af0>,3,3,[8 1],6,6,9,0,6
1,<environment.Job instance at 0x14d1da334370>,4,2,[2 5],9,9,11,0,9
1,<environment.Job instance at 0x14d1dbb062d0>,5,1,[10  2],10,10,11,0,10
1,<environment.Job instance at 0x14d1dbb067d0>,6,3,[2 8],11,11,14,0,11
1,<environment.Job instance at 0x14d1ddfe5550>,7,3,[6 1],12,12,15,0,12
1,<environment.Job instance at 0x14d1dbb060a0>,8,14,[2 9],13,14,28,1,13
1,<environment.Job instance at 0x14d1de0040a0>,10,1,[1 9],16,28,29,12,16
1,<environment.Job instance at 0x14d1ddfdf820>,12,1,[1 7],18,29,30,11,19
1,<environment.Job instance at 0x14d1de457e60>,14,3,[ 1 10],20,30,33,10,20
1,<environment.Job instance at 0x14d1ddf7c280>,15,3,[ 1 12],21,33,36,12,21
1,<environment.Job instance at 0x14d1da8c84b0>,17,3,[2 5],23,23,26,0,23
1,<environment.Job instance at 0x14d1da8c8f00>,18,3,[5 1],24,28,31,4,28
1,<environment.Job instance at 0x14d1da2c06e0>,21,3,[7 1],32,32,35,0,32
1,<environment.Job instance at 0x14d1da2c07d0>,22,1,[9 2],33,35,36,2,33
1,<environment.Job instance at 0x14d1db07f2d0>,23,2,[ 1 11],35,36,38,1,35
1,<environment.Job instance at 0x14d1db07f8c0>,24,2,[7 2],37,37,39,0,37
1,<environment.Job instance at 0x14d1dd356460>,26,1,[7 2],39,39,40,0,39
1,<environment.Job instance at 0x14d1e2a287d0>,27,1,[ 1 10],40,40,41,0,40
1,<environment.Job instance at 0x14d1db2a7f50>,28,16,[ 2 10],41,41,57,0,41
1,<environment.Job instance at 0x14d1db2a7320>,29,3,[2 6],42,57,60,15,43
1,<environment.Job instance at 0x14d1db066410>,30,27,[1 5],45,45,72,0,45
1,<environment.Job instance at 0x14d1db066500>,31,2,[2 5],47,60,62,13,50
1,<environment.Job instance at 0x14d1daaee280>,34,12,[2 9],52,62,74,10,52
1,<environment.Job instance at 0x14d1e0da3a50>,35,3,[2 6],53,72,75,19,53
1,<environment.Job instance at 0x14d1daaeec80>,32,2,[8 2],48,57,59,9,53
1,<environment.Job instance at 0x14d1dd49bcd0>,38,2,[8 2],58,59,61,1,59
1,<environment.Job instance at 0x14d22c052c30>,40,16,[1 7],60,74,90,14,61
1,<environment.Job instance at 0x14d1de43ed20>,41,13,[5 1],61,74,87,13,73
1,<environment.Job instance at 0x14d22c052370>,43,3,[6 2],63,75,78,12,73
1,<environment.Job instance at 0x14d1dd66ddc0>,45,17,[1 7],65,78,95,13,73
1,<environment.Job instance at 0x14d1dd66d460>,46,1,[8 1],66,87,88,21,73
1,<environment.Job instance at 0x14d1dd66da50>,48,1,[ 1 10],69,95,96,26,73
1,<environment.Job instance at 0x14d1de3b0af0>,37,3,[14  2],56,90,93,34,76
1,<environment.Job instance at 0x14d1d9c59b40>,1,1,[8 1],3,3,4,0,3
1,<environment.Job instance at 0x14d1de3b0cd0>,2,1,[9 1],4,4,5,0,4
1,<environment.Job instance at 0x14d1de1722d0>,3,2,[5 2],5,5,7,0,5
1,<environment.Job instance at 0x14d1d9c80b90>,4,3,[5 2],7,7,10,0,7
1,<environment.Job instance at 0x14d1f6d37f50>,6,12,[2 8],9,10,22,1,10
1,<environment.Job instance at 0x14d1f6d37550>,8,3,[1 6],14,16,19,2,16
1,<environment.Job instance at 0x14d1dd3186e0>,11,18,[1 9],17,22,40,5,17
1,<environment.Job instance at 0x14d1e3d12640>,12,16,[2 9],18,40,56,22,27
1,<environment.Job instance at 0x14d1e3d122d0>,14,2,[2 7],21,56,58,35,40
1,<environment.Job instance at 0x14d1da63f370>,0,2,[6 1],2,40,42,38,40
1,<environment.Job instance at 0x14d1e3d12910>,16,2,[1 5],24,40,42,16,40
1,<environment.Job instance at 0x14d1dd3b4410>,18,19,[2 5],26,42,61,16,40
1,<environment.Job instance at 0x14d1db2da230>,19,3,[1 9],27,58,61,31,40
1,<environment.Job instance at 0x14d1e3d125a0>,17,3,[9 1],25,42,45,17,41
1,<environment.Job instance at 0x14d1db2dabe0>,21,3,[7 1],29,45,48,16,42
1,<environment.Job instance at 0x14d1db2da370>,23,2,[9 2],31,56,58,25,44
1,<environment.Job instance at 0x14d1dd208cd0>,24,3,[ 1 14],32,61,64,29,45
1,<environment.Job instance at 0x14d1f6d2e230>,25,1,[2 9],34,64,65,30,45
1,<environment.Job instance at 0x14d1de0048c0>,26,1,[1 8],36,65,66,29,45
1,<environment.Job instance at 0x14d1ddf86500>,27,14,[1 8],37,66,80,29,51
1,<environment.Job instance at 0x14d1f40d3a00>,30,12,[6 2],41,64,76,23,62
1,<environment.Job instance at 0x14d1da0c63c0>,36,2,[ 1 10],47,80,82,33,62
1,<environment.Job instance at 0x14d1d9f4a230>,37,1,[5 2],50,64,65,14,62
1,<environment.Job instance at 0x14d1d9d99780>,38,17,[1 9],51,82,99,31,70
1,<environment.Job instance at 0x14d1da23f960>,39,1,[9 1],52,76,77,24,70
1,<environment.Job instance at 0x14d1da23f410>,40,2,[2 5],53,70,72,17,70
1,<environment.Job instance at 0x14d1da23f5f0>,41,1,[10  1],55,77,78,22,70
1,<environment.Job instance at 0x14d1de16eb40>,42,1,[5 2],57,72,73,15,70
1,<environment.Job instance at 0x14d1de446af0>,43,27,[5 1],59,78,105,19,76
1,<environment.Job instance at 0x14d1de4464b0>,44,3,[2 7],62,99,102,37,76
1,<environment.Job instance at 0x14d1da0c6d70>,35,2,[10  2],46,102,104,56,80
1,<environment.Job instance at 0x14d1de446280>,46,25,[ 1 10],64,104,129,40,100
1,<environment.Job instance at 0x14d1de4461e0>,47,2,[1 9],66,129,131,63,102
1,<environment.Job instance at 0x14d1de4460f0>,45,2,[8 1],63,104,106,41,102
1,<environment.Job instance at 0x14d1dd58edc0>,2,1,[1 8],7,7,8,0,7
1,<environment.Job instance at 0x14d1da6885f0>,3,2,[9 1],8,8,10,0,8
1,<environment.Job instance at 0x14d1da688910>,4,2,[1 8],10,10,12,0,10
1,<environment.Job instance at 0x14d1da688640>,5,2,[9 1],11,11,13,0,11
1,<environment.Job instance at 0x14d1da688c30>,6,23,[2 9],13,13,36,0,13
1,<environment.Job instance at 0x14d1da688e10>,8,12,[1 7],15,36,48,21,32
1,<environment.Job instance at 0x14d1da688550>,7,14,[ 1 13],14,48,62,34,34
1,<environment.Job instance at 0x14d1da07f6e0>,12,2,[2 6],19,34,36,15,34
1,<environment.Job instance at 0x14d1da4a31e0>,14,2,[ 1 10],22,62,64,40,35
1,<environment.Job instance at 0x14d1da688a00>,15,2,[1 5],24,36,38,12,35
1,<environment.Job instance at 0x14d1da688460>,17,14,[2 9],28,64,78,36,49
1,<environment.Job instance at 0x14d1da63c4b0>,18,2,[1 6],29,64,66,35,49
1,<environment.Job instance at 0x14d1da688f50>,19,3,[1 9],31,78,81,47,52
1,<environment.Job instance at 0x14d1dd1eb460>,20,1,[10  1],32,79,80,47,79
1,<environment.Job instance at 0x14d1dd1b6be0>,25,1,[ 1 10],38,81,82,43,79
1,<environment.Job instance at 0x14d1dd5f5910>,26,18,[1 9],39,82,100,43,79
1,<environment.Job instance at 0x14d1de1586e0>,27,12,[1 9],41,100,112,59,89
1,<environment.Job instance at 0x14d1dd1b6e60>,24,1,[ 1 12],37,112,113,75,96
1,<environment.Job instance at 0x14d1d9eac820>,32,17,[2 7],48,113,130,65,103
1,<environment.Job instance at 0x14d1da497a50>,38,2,[2 8],55,113,115,58,103
1,<environment.Job instance at 0x14d1da491d70>,41,17,[1 8],58,115,132,57,104
1,<environment.Job instance at 0x14d1da688960>,11,1,[1 6],18,130,131,112,114
1,<environment.Job instance at 0x14d1dbb0d550>,46,2,[2 6],64,131,133,67,116
1,<environment.Job instance at 0x14d1dbb0da00>,47,1,[13  2],65,132,133,67,116
1,<environment.Job instance at 0x14d1dbb0d870>,48,3,[2 6],67,133,136,66,116
1,<environment.Job instance at 0x14d1da4912d0>,43,1,[5 2],61,133,134,72,116
1,<environment.Job instance at 0x14d1dbb0daf0>,50,18,[1 8],69,134,152,65,123
1,<environment.Job instance at 0x14d1da84fd20>,8,2,[1 6],10,10,12,0,10
1,<environment.Job instance at 0x14d1da84f910>,9,2,[7 2],12,17,19,5,17
1,<environment.Job instance at 0x14d1da84f730>,13,15,[10  2],18,19,34,1,18
1,<environment.Job instance at 0x14d1da84faa0>,14,2,[6 2],19,34,36,15,19
1,<environment.Job instance at 0x14d1da84fb90>,15,15,[7 1],20,34,49,14,20
1,<environment.Job instance at 0x14d1da84f320>,16,2,[2 7],21,21,23,0,21
1,<environment.Job instance at 0x14d1da84f3c0>,12,2,[2 6],17,21,23,4,21
1,<environment.Job instance at 0x14d1da5f1050>,17,1,[7 2],22,36,37,14,22
1,<environment.Job instance at 0x14d1da5f12d0>,18,1,[1 9],23,23,24,0,23
1,<environment.Job instance at 0x14d1da5f1140>,19,1,[1 8],24,24,25,0,24
1,<environment.Job instance at 0x14d1da5f1e10>,21,1,[10  1],27,49,50,22,30
1,<environment.Job instance at 0x14d1da5f1870>,24,20,[9 2],31,50,70,19,41
1,<environment.Job instance at 0x14d1da5f1eb0>,26,1,[2 7],35,41,42,6,41
1,<environment.Job instance at 0x14d1da5f1960>,27,1,[1 8],36,42,43,6,41
1,<environment.Job instance at 0x14d1da5f1500>,28,1,[7 1],37,42,43,5,41
1,<environment.Job instance at 0x14d1da5f1f50>,29,3,[5 2],38,43,46,5,41
1,<environment.Job instance at 0x14d1da5f1a00>,31,1,[ 1 10],40,43,44,3,41
1,<environment.Job instance at 0x14d1da5f1230>,32,1,[2 5],41,41,42,0,41
1,<environment.Job instance at 0x14d1da083b90>,33,2,[ 1 10],42,44,46,2,42
1,<environment.Job instance at 0x14d1da5f1dc0>,25,2,[8 2],33,46,48,13,42
1,<environment.Job instance at 0x14d1da833870>,42,18,[ 2 11],56,56,74,0,56
1,<environment.Job instance at 0x14d1da833c30>,43,2,[8 2],58,70,72,12,58
1,<environment.Job instance at 0x14d1da833aa0>,44,1,[7 2],59,72,73,13,59
1,<environment.Job instance at 0x14d1da1785f0>,46,3,[1 8],61,74,77,13,63
1,<environment.Job instance at 0x14d1da178640>,48,2,[10  1],63,73,75,10,67
1,<environment.Job instance at 0x14d1da178f00>,49,1,[8 2],64,75,76,11,67
1,<environment.Job instance at 0x14d1da178fa0>,50,2,[5 1],65,70,72,5,67
1,<environment.Job instance at 0x14d1da178460>,51,2,[6 1],66,75,77,9,67
1,<environment.Job instance at 0x14d1da178050>,52,3,[6 2],67,76,79,9,68
1,<environment.Job instance at 0x14d1da848dc0>,53,3,[10  1],68,79,82,11,68
1,<environment.Job instance at 0x14d1da848d20>,54,18,[2 7],69,77,95,8,69
1,<environment.Job instance at 0x14d1da178b90>,45,25,[2 5],60,77,102,17,73
1,<environment.Job instance at 0x14d1d9b97d70>,2,18,[2 8],8,8,26,0,8
1,<environment.Job instance at 0x14d1d9b97e60>,3,2,[2 8],10,26,28,16,10
1,<environment.Job instance at 0x14d1da178b90>,1,1,[9 1],4,10,11,6,10
1,<environment.Job instance at 0x14d1dd396730>,6,2,[2 6],14,14,16,0,14
1,<environment.Job instance at 0x14d1de03e550>,7,1,[10  2],15,16,17,1,15
1,<environment.Job instance at 0x14d1de03edc0>,10,27,[5 1],18,18,45,0,18
1,<environment.Job instance at 0x14d1de03eaf0>,12,2,[2 9],22,28,30,6,22
1,<environment.Job instance at 0x14d1de03e370>,15,2,[2 9],26,30,32,4,26
1,<environment.Job instance at 0x14d1dd632870>,16,12,[8 1],29,30,42,1,30
1,<environment.Job instance at 0x14d1dd632960>,18,2,[10  1],32,42,44,10,32
1,<environment.Job instance at 0x14d1dd632370>,19,3,[9 2],33,44,47,11,33
1,<environment.Job instance at 0x14d1e3de2af0>,20,1,[2 9],34,34,35,0,34
1,<environment.Job instance at 0x14d1d9e49140>,21,1,[7 2],36,47,48,11,36
1,<environment.Job instance at 0x14d1de004d20>,22,3,[ 1 12],39,39,42,0,39
1,<environment.Job instance at 0x14d1f6a643c0>,23,13,[9 2],44,48,61,4,44
1,<environment.Job instance at 0x14d1dafffcd0>,24,1,[1 8],45,45,46,0,45
1,<environment.Job instance at 0x14d1dbb2a6e0>,25,14,[7 1],46,61,75,15,46
1,<environment.Job instance at 0x14d1dafff5f0>,26,18,[9 2],48,75,93,27,64
1,<environment.Job instance at 0x14d1d9e14460>,28,22,[9 2],50,93,115,43,86
1,<environment.Job instance at 0x14d1e3df95a0>,29,20,[9 1],55,115,135,60,106
1,<environment.Job instance at 0x14d1f6cb7960>,30,1,[9 1],56,135,136,79,107
1,<environment.Job instance at 0x14d1f6cb7b90>,31,1,[2 9],58,107,108,49,107
1,<environment.Job instance at 0x14d1dc7919b0>,32,1,[1 7],59,108,109,49,107
1,<environment.Job instance at 0x14d1da2cd0a0>,33,18,[2 6],60,108,126,48,107
1,<environment.Job instance at 0x14d1da2cd730>,34,2,[7 2],62,136,138,74,109
1,<environment.Job instance at 0x14d1df73f500>,35,2,[2 5],63,109,111,46,109
1,<environment.Job instance at 0x14d1df73fbe0>,36,3,[2 6],64,111,114,47,109
1,<environment.Job instance at 0x14d1daae2b40>,37,15,[1 6],66,114,129,48,109
1,<environment.Job instance at 0x14d1f64089b0>,38,3,[8 2],67,136,139,69,110
1,<environment.Job instance at 0x14d1f64084b0>,39,2,[2 7],68,126,128,58,110
1,<environment.Job instance at 0x1466baca2af0>,1,2,[2 5],4,4,6,0,4
1,<environment.Job instance at 0x1466baca29b0>,3,2,[1 7],6,9,11,3,9
1,<environment.Job instance at 0x146665738230>,7,3,[5 1],10,10,13,0,10
1,<environment.Job instance at 0x1466657a4370>,9,2,[ 2 10],12,12,14,0,12
1,<environment.Job instance at 0x14666578e230>,10,3,[7 2],14,23,26,9,23
1,<environment.Job instance at 0x14666578eeb0>,12,3,[6 2],16,23,26,7,23
1,<environment.Job instance at 0x14666578e870>,13,13,[1 5],17,23,36,6,23
1,<environment.Job instance at 0x14666578edc0>,14,1,[1 7],18,26,27,8,23
1,<environment.Job instance at 0x14666578e780>,15,14,[6 2],20,68,82,48,68
1,<environment.Job instance at 0x1466652c8a50>,17,3,[6 1],23,68,71,45,68
1,<environment.Job instance at 0x1466652c87d0>,18,1,[5 2],25,71,72,46,68
1,<environment.Job instance at 0x146665777b40>,21,22,[8 2],28,72,94,44,68
1,<environment.Job instance at 0x1466657750f0>,24,20,[ 1 10],32,68,88,36,68
1,<environment.Job instance at 0x1466657383c0>,4,2,[6 1],7,82,84,75,68
1,<environment.Job instance at 0x146665776e60>,28,2,[1 9],38,88,90,50,68
1,<environment.Job instance at 0x146665776780>,30,3,[1 8],41,90,93,49,68
1,<environment.Job instance at 0x146665066aa0>,34,3,[9 2],45,94,97,49,70
1,<environment.Job instance at 0x146665066960>,36,3,[1 6],48,93,96,45,72
1,<environment.Job instance at 0x146665066af0>,37,2,[2 7],49,93,95,44,72
1,<environment.Job instance at 0x1466650665a0>,38,2,[8 2],50,97,99,47,72
1,<environment.Job instance at 0x146665066c80>,39,14,[2 5],51,95,109,44,80
1,<environment.Job instance at 0x1466650660a0>,40,1,[8 1],53,99,100,46,80
1,<environment.Job instance at 0x146665066d70>,41,1,[ 1 10],54,100,101,46,80
1,<environment.Job instance at 0x146665066230>,42,3,[1 6],55,96,99,41,80
1,<environment.Job instance at 0x146665066280>,43,2,[2 8],56,101,103,45,80
1,<environment.Job instance at 0x1466650669b0>,44,1,[2 9],57,99,100,42,80
1,<environment.Job instance at 0x14666579b1e0>,45,2,[2 5],58,90,92,32,80
1,<environment.Job instance at 0x146665788e60>,46,1,[1 7],59,103,104,44,80
1,<environment.Job instance at 0x1466650668c0>,33,2,[5 1],44,84,86,40,80
1,<environment.Job instance at 0x146665788aa0>,48,15,[ 2 10],61,104,119,43,90
1,<environment.Job instance at 0x1466652e2640>,49,1,[ 1 10],67,119,120,52,91
1,<environment.Job instance at 0x1466652e2a50>,50,1,[1 8],68,120,121,52,92
1,<environment.Job instance at 0x146665738a00>,6,16,[2 7],9,120,136,111,107
1,<environment.Job instance at 0x1466652cc730>,53,1,[7 2],72,109,110,37,107
1,<environment.Job instance at 0x1466652d29b0>,54,2,[10  1],74,110,112,36,107
1,<environment.Job instance at 0x1466652d8730>,55,2,[2 7],75,121,123,46,107
1,<environment.Job instance at 0x1466652d81e0>,56,18,[1 7],79,123,141,44,112
1,<environment.Job instance at 0x146665065140>,52,1,[8 1],70,113,114,43,113
1,<environment.Job instance at 0x146665738f50>,5,3,[9 1],8,217,220,209,217
1,<environment.Job instance at 0x14666507ee10>,1,2,[12  2],5,5,7,0,5
1,<environment.Job instance at 0x14666877dc30>,2,17,[ 1 10],6,6,23,0,6
1,<environment.Job instance at 0x14669801a730>,12,1,[8 1],22,22,23,0,22
1,<environment.Job instance at 0x14669801a870>,13,2,[1 6],23,23,25,0,23
1,<environment.Job instance at 0x14669801acd0>,14,2,[2 6],26,26,28,0,26
1,<environment.Job instance at 0x14666f11f410>,15,1,[8 1],27,27,28,0,27
1,<environment.Job instance at 0x14666f11ff50>,16,2,[1 5],28,28,30,0,28
1,<environment.Job instance at 0x14666f11f910>,18,3,[2 8],31,31,34,0,31
1,<environment.Job instance at 0x14666e688b40>,22,3,[9 2],40,40,43,0,40
1,<environment.Job instance at 0x14666f11fe60>,19,2,[10  2],33,43,45,10,41
1,<environment.Job instance at 0x14666e688870>,24,16,[1 7],42,42,58,0,42
1,<environment.Job instance at 0x14666e688c80>,23,12,[1 7],41,45,57,4,42
1,<environment.Job instance at 0x14666e50bb40>,25,2,[9 1],43,46,48,3,46
1,<environment.Job instance at 0x146698019c30>,27,2,[1 5],45,57,59,12,46
1,<environment.Job instance at 0x146698019370>,28,3,[2 5],47,58,61,11,47
1,<environment.Job instance at 0x14666e50b280>,26,18,[2 5],44,58,76,14,47
1,<environment.Job instance at 0x146698019b90>,30,3,[1 6],49,61,64,12,49
1,<environment.Job instance at 0x14666f0e9fa0>,36,1,[ 2 10],58,64,65,6,62
1,<environment.Job instance at 0x14666f0e9910>,38,1,[2 5],63,73,74,10,73
1,<environment.Job instance at 0x14666f0e9d70>,41,3,[2 9],68,74,77,6,73
1,<environment.Job instance at 0x14666f0e9050>,42,2,[6 1],72,73,75,1,73
1,<environment.Job instance at 0x14666e5c95f0>,44,1,[1 8],74,77,78,3,74
1,<environment.Job instance at 0x14666f0e9af0>,37,3,[7 1],59,75,78,16,75
1,<environment.Job instance at 0x14666e890500>,45,2,[2 5],76,76,78,0,76
1,<environment.Job instance at 0x14666e5fb7d0>,1,3,[1 7],2,2,5,0,2
1,<environment.Job instance at 0x14666e5fbe10>,2,2,[2 8],3,3,5,0,3
1,<environment.Job instance at 0x146669f33410>,3,3,[1 5],4,5,8,1,4
1,<environment.Job instance at 0x146669f331e0>,4,15,[1 5],5,5,20,0,5
1,<environment.Job instance at 0x1466998ce1e0>,6,3,[2 7],8,8,11,0,8
1,<environment.Job instance at 0x146667990370>,7,2,[ 2 10],10,11,13,1,10
1,<environment.Job instance at 0x146667980050>,9,3,[10  2],15,19,22,4,19
1,<environment.Job instance at 0x146669f3a2d0>,12,18,[2 5],20,20,38,0,20
1,<environment.Job instance at 0x146669f3a690>,13,1,[5 2],21,22,23,1,21
1,<environment.Job instance at 0x146667e7aaa0>,14,1,[1 6],22,22,23,0,22
1,<environment.Job instance at 0x1466980ba500>,15,14,[12  1],23,24,38,1,24
1,<environment.Job instance at 0x146669f37e10>,17,1,[1 8],25,25,26,0,25
1,<environment.Job instance at 0x14666893a6e0>,18,1,[1 9],26,26,27,0,26
1,<environment.Job instance at 0x146664c9d820>,19,3,[ 1 10],27,38,41,11,27
1,<environment.Job instance at 0x146698ba9f00>,20,2,[5 1],29,38,40,9,29
1,<environment.Job instance at 0x146664f515f0>,21,12,[1 9],30,41,53,11,30
1,<environment.Job instance at 0x1466980babe0>,16,17,[1 5],24,40,57,16,31
1,<environment.Job instance at 0x14666e5fbf50>,0,2,[7 2],1,38,40,37,32
1,<environment.Job instance at 0x146669f3a960>,10,16,[6 1],17,41,57,24,33
1,<environment.Job instance at 0x146664da5500>,27,3,[ 1 10],37,57,60,20,48
1,<environment.Job instance at 0x146664da5a00>,29,2,[ 2 10],40,60,62,20,49
1,<environment.Job instance at 0x146665aa9f00>,30,2,[2 5],41,53,55,12,49
1,<environment.Job instance at 0x146665aa9e60>,32,3,[11  1],43,57,60,14,51
1,<environment.Job instance at 0x146665aa9910>,33,12,[2 6],44,62,74,18,51
1,<environment.Job instance at 0x1466652ba230>,34,3,[2 6],45,62,65,17,51
1,<environment.Job instance at 0x1466652ba780>,36,26,[2 5],58,66,92,8,66
1,<environment.Job instance at 0x1466652bac30>,37,3,[9 2],59,67,70,8,67
1,<environment.Job instance at 0x1466652bacd0>,39,2,[5 2],61,70,72,9,67
1,<environment.Job instance at 0x1466652bafa0>,40,3,[6 1],63,70,73,7,67
1,<environment.Job instance at 0x1466652ba960>,41,1,[8 2],64,73,74,9,67
1,<environment.Job instance at 0x1466652ba190>,42,25,[1 8],65,74,99,9,70
1,<environment.Job instance at 0x146667e3c2d0>,43,26,[2 9],66,99,125,33,96
1,<environment.Job instance at 0x146664da8c80>,44,15,[7 2],69,96,111,27,96
1,<environment.Job instance at 0x14666b59faf0>,45,13,[ 2 10],71,125,138,54,109
1,<environment.Job instance at 0x14666b59f8c0>,46,3,[1 6],72,111,114,39,109
1,<environment.Job instance at 0x14666b59fc80>,47,2,[1 6],73,114,116,41,109
1,<environment.Job instance at 0x146665800b90>,48,2,[1 7],74,138,140,64,111
1,<environment.Job instance at 0x146665800a50>,49,22,[2 7],75,138,160,63,131
1,<environment.Job instance at 0x146667e50fa0>,50,1,[5 1],77,131,132,54,131
1,<environment.Job instance at 0x1466658000f0>,51,2,[2 8],78,140,142,62,131
1,<environment.Job instance at 0x1466688b0820>,52,18,[2 8],79,142,160,63,131
1,<environment.Job instance at 0x146669f3a0f0>,11,12,[10  2],19,1936,1948,1917,1936
1,<environment.Job instance at 0x146664b327d0>,23,1,[ 1 10],32,1936,1937,1904,1936
1,<environment.Job instance at 0x146698b99fa0>,1,1,[10  1],3,3,4,0,3
1,<environment.Job instance at 0x146698b992d0>,2,2,[6 1],4,4,6,0,4
1,<environment.Job instance at 0x146667989b40>,3,13,[2 9],5,5,18,0,5
1,<environment.Job instance at 0x1466679895f0>,5,3,[1 7],10,18,21,8,10
1,<environment.Job instance at 0x14666e589c30>,9,16,[7 1],18,19,35,1,19
1,<environment.Job instance at 0x146668877f00>,23,2,[5 2],38,38,40,0,38
1,<environment.Job instance at 0x1466648cf0a0>,25,1,[7 2],40,40,41,0,40
1,<environment.Job instance at 0x1466687cea50>,30,1,[6 2],47,54,55,7,54
1,<environment.Job instance at 0x1466657063c0>,35,2,[12  1],52,55,57,3,54
1,<environment.Job instance at 0x146665706140>,36,3,[9 2],53,57,60,4,54
1,<environment.Job instance at 0x1466657066e0>,37,27,[5 1],54,57,84,3,55
1,<environment.Job instance at 0x146667c591e0>,41,1,[6 1],59,73,74,14,73
1,<environment.Job instance at 0x146667c59d70>,42,1,[8 1],61,74,75,13,73
1,<environment.Job instance at 0x1466687ced70>,31,3,[2 5],48,76,79,28,76
1,<environment.Job instance at 0x146667c59b40>,46,1,[6 2],68,76,77,8,76
1,<environment.Job instance at 0x146667c59af0>,47,15,[2 7],69,76,91,7,76
1,<environment.Job instance at 0x146667c59fa0>,48,2,[2 8],70,84,86,14,76
1,<environment.Job instance at 0x146667a8bf00>,49,12,[1 9],71,91,103,20,76
1,<environment.Job instance at 0x146667a8bd20>,50,14,[ 2 10],72,103,117,31,88
1,<environment.Job instance at 0x146667a8b4b0>,51,2,[6 2],73,100,102,27,100
1,<environment.Job instance at 0x1466687df0f0>,53,1,[6 2],76,100,101,24,100
1,<environment.Job instance at 0x1466687bdc80>,54,2,[1 6],78,117,119,39,100
1,<environment.Job instance at 0x14666e89d5f0>,32,14,[2 5],49,111,125,62,111
1,<environment.Job instance at 0x146667a8b230>,52,3,[8 2],74,117,120,43,111
1,<environment.Job instance at 0x14666e89d9b0>,33,2,[7 1],50,257,259,207,257
1,<environment.Job instance at 0x1466657061e0>,2,2,[10  2],3,3,5,0,3
1,<environment.Job instance at 0x146667c446e0>,3,3,[2 6],4,4,7,0,4
1,<environment.Job instance at 0x146667c44190>,4,2,[7 2],6,6,8,0,6
1,<environment.Job instance at 0x1466980cf7d0>,5,1,[9 1],8,8,9,0,8
1,<environment.Job instance at 0x1466980cf4b0>,6,3,[1 9],9,9,12,0,9
1,<environment.Job instance at 0x1466980cf9b0>,7,26,[1 7],10,12,38,2,10
1,<environment.Job instance at 0x1466980cf6e0>,9,2,[2 6],14,17,19,3,17
1,<environment.Job instance at 0x14666e661b90>,12,2,[6 2],17,17,19,0,17
1,<environment.Job instance at 0x14666e661320>,14,1,[7 2],19,19,20,0,19
1,<environment.Job instance at 0x14666e661230>,15,3,[6 2],20,20,23,0,20
1,<environment.Job instance at 0x14666e8b4370>,19,14,[ 2 10],24,38,52,14,24
1,<environment.Job instance at 0x14666e8b4eb0>,21,1,[8 2],26,94,95,68,94
1,<environment.Job instance at 0x14666e8b4140>,22,3,[10  1],27,95,98,68,94
1,<environment.Job instance at 0x14666e8b49b0>,24,25,[2 6],31,94,119,63,94
1,<environment.Job instance at 0x14666e8b4550>,23,15,[7 2],29,98,113,69,94
1,<environment.Job instance at 0x14666e8b4af0>,25,2,[2 8],32,113,115,81,108
1,<environment.Job instance at 0x146668b8ea00>,29,3,[2 5],39,110,113,71,110
1,<environment.Job instance at 0x146668b8e2d0>,30,17,[1 7],42,115,132,73,110
1,<environment.Job instance at 0x14666e8b4dc0>,26,2,[1 5],33,119,121,86,111
1,<environment.Job instance at 0x146668b8e140>,32,2,[5 1],49,113,115,64,113
1,<environment.Job instance at 0x146668b8ee60>,31,1,[1 5],46,121,122,75,117
1,<environment.Job instance at 0x146668b8e410>,35,12,[1 8],52,141,153,89,141
1,<environment.Job instance at 0x146668b8ef00>,33,1,[1 7],50,141,142,91,141
1,<environment.Job instance at 0x1466994675f0>,37,1,[ 1 13],55,153,154,98,141
1,<environment.Job instance at 0x146699467cd0>,38,2,[1 5],56,142,144,86,141
1,<environment.Job instance at 0x146699467640>,39,16,[1 7],57,154,170,97,141
1,<environment.Job instance at 0x146667c4ec30>,40,2,[10  1],58,142,144,84,141
1,<environment.Job instance at 0x146667c4e140>,41,1,[12  2],60,144,145,84,141
1,<environment.Job instance at 0x146667c4e640>,42,3,[2 5],62,144,147,82,141
1,<environment.Job instance at 0x14666f1021e0>,43,3,[1 7],63,147,150,84,141
1,<environment.Job instance at 0x146667c4e6e0>,44,3,[5 1],64,150,153,86,141
1,<environment.Job instance at 0x14666f1027d0>,45,1,[8 1],65,145,146,80,141
1,<environment.Job instance at 0x14666f102230>,46,1,[9 1],66,146,147,80,141
1,<environment.Job instance at 0x14666f102b40>,47,18,[1 8],67,154,172,87,143
1,<environment.Job instance at 0x146699467780>,36,3,[1 6],54,170,173,116,151
1,<environment.Job instance at 0x14666f1025f0>,49,3,[5 2],71,172,175,101,154
1,<environment.Job instance at 0x14666e8b43c0>,17,3,[13  2],22,175,178,153,156
1,<environment.Job instance at 0x14666f102410>,51,1,[8 1],73,170,171,97,156
1,<environment.Job instance at 0x14666e6615a0>,10,1,[1 7],15,172,173,157,157
1,<environment.Job instance at 0x14666f102500>,50,1,[6 1],72,171,172,99,163
1,<environment.Job instance at 0x14666e6613c0>,2,1,[1 8],4,4,5,0,4
1,<environment.Job instance at 0x146668c5c370>,7,1,[2 8],11,11,12,0,11
1,<environment.Job instance at 0x146668c5c730>,8,1,[5 2],12,15,16,3,15
1,<environment.Job instance at 0x14666f1c25f0>,22,1,[7 2],31,35,36,4,35
1,<environment.Job instance at 0x14666f1c2410>,23,15,[7 2],32,35,50,3,35
1,<environment.Job instance at 0x146664cf4a50>,24,1,[13  1],33,50,51,17,35
1,<environment.Job instance at 0x146665856b40>,25,22,[7 2],35,51,73,16,44
1,<environment.Job instance at 0x1466980db190>,18,3,[1 7],26,44,47,18,44
1,<environment.Job instance at 0x146668b8d550>,26,1,[2 7],36,47,48,11,44
1,<environment.Job instance at 0x1466657c8c80>,29,2,[2 8],43,48,50,5,44
1,<environment.Job instance at 0x146668b8d280>,28,14,[ 1 10],39,50,64,11,44
1,<environment.Job instance at 0x1466662f5320>,33,15,[7 1],47,63,78,16,63
1,<environment.Job instance at 0x146668845190>,42,1,[9 2],58,78,79,20,65
1,<environment.Job instance at 0x146668845050>,43,2,[ 1 10],59,65,67,6,65
1,<environment.Job instance at 0x146668845e60>,44,3,[2 7],60,73,76,13,65
1,<environment.Job instance at 0x146668845550>,45,26,[10  1],61,79,105,18,76
1,<environment.Job instance at 0x1466657e09b0>,46,3,[ 2 12],62,76,79,14,76
1,<environment.Job instance at 0x1466657e0640>,48,3,[6 2],65,105,108,40,79
1,<environment.Job instance at 0x1466657e0be0>,49,2,[1 6],67,79,81,12,79
1,<environment.Job instance at 0x1466994530a0>,50,1,[12  1],68,108,109,40,80
1,<environment.Job instance at 0x1466994534b0>,51,18,[2 8],69,80,98,11,80
1,<environment.Job instance at 0x1466994539b0>,52,1,[7 1],73,105,106,32,80
1,<environment.Job instance at 0x146699453a00>,53,2,[2 5],74,81,83,7,80
1,<environment.Job instance at 0x146699453dc0>,54,1,[5 2],75,98,99,23,80
1,<environment.Job instance at 0x146699453af0>,56,1,[2 5],77,83,84,6,81
1,<environment.Job instance at 0x146699453230>,58,1,[1 5],79,93,94,14,93
1,<environment.Job instance at 0x146699453550>,57,14,[10  2],78,109,123,31,101
1,<environment.Job instance at 0x1466980db640>,20,2,[8 2],29,106,108,77,101
1,<environment.Job instance at 0x1466658540a0>,1,2,[7 1],3,3,5,0,3
1,<environment.Job instance at 0x146665854460>,2,2,[2 7],4,4,6,0,4
1,<environment.Job instance at 0x14666e59b690>,3,1,[5 2],5,5,6,0,5
1,<environment.Job instance at 0x14666871f230>,4,1,[1 5],8,8,9,0,8
1,<environment.Job instance at 0x14666e59bc80>,5,2,[6 1],9,9,11,0,9
1,<environment.Job instance at 0x14666e59b280>,7,2,[2 6],11,11,13,0,11
1,<environment.Job instance at 0x146668c6fa50>,8,1,[7 1],12,12,13,0,12
1,<environment.Job instance at 0x14666e59b2d0>,9,13,[1 8],13,13,26,0,13
1,<environment.Job instance at 0x1466994d74b0>,10,3,[ 2 10],14,26,29,12,15
1,<environment.Job instance at 0x14666b57c640>,12,18,[2 7],19,29,47,10,19
1,<environment.Job instance at 0x14666e471780>,29,2,[10  1],46,46,48,0,46
1,<environment.Job instance at 0x14666e471d20>,30,1,[2 8],47,47,48,0,47
1,<environment.Job instance at 0x146668715960>,31,2,[7 2],50,50,52,0,50
1,<environment.Job instance at 0x146668b54550>,33,17,[1 6],53,53,70,0,53
1,<environment.Job instance at 0x14666e6844b0>,28,15,[5 2],43,58,73,15,58
1,<environment.Job instance at 0x146664e70d20>,39,1,[7 1],61,73,74,12,73
1,<environment.Job instance at 0x146664a22500>,45,1,[2 8],68,100,101,32,100
1,<environment.Job instance at 0x1466647f4190>,3,2,[1 9],6,6,8,0,6
1,<environment.Job instance at 0x1466649173c0>,6,2,[1 5],9,10,12,1,10
1,<environment.Job instance at 0x146668c0e460>,11,2,[2 6],20,21,23,1,21
1,<environment.Job instance at 0x146668c0e5f0>,12,2,[2 5],22,22,24,0,22
1,<environment.Job instance at 0x146668c0e820>,13,16,[ 2 10],23,23,39,0,23
1,<environment.Job instance at 0x146668c0eaf0>,14,1,[1 9],26,39,40,13,27
1,<environment.Job instance at 0x146668c0ec30>,17,3,[8 1],30,30,33,0,30
1,<environment.Job instance at 0x146666f3b0f0>,18,3,[2 5],32,33,36,1,32
1,<environment.Job instance at 0x1466649dcdc0>,19,13,[1 9],34,40,53,6,34
1,<environment.Job instance at 0x146664b87460>,21,1,[1 9],37,53,54,16,43
1,<environment.Job instance at 0x146664be47d0>,25,1,[1 5],42,43,44,1,43
1,<environment.Job instance at 0x146664be4c80>,26,2,[8 1],43,43,45,0,43
1,<environment.Job instance at 0x146664988460>,27,1,[5 2],45,45,46,0,45
1,<environment.Job instance at 0x1466980e0fa0>,28,12,[13  2],46,46,58,0,46
1,<environment.Job instance at 0x146664b8a370>,31,15,[ 1 10],52,54,69,2,52
1,<environment.Job instance at 0x146664b8a6e0>,32,3,[9 1],53,58,61,5,53
1,<environment.Job instance at 0x146664b8ad70>,34,14,[8 2],56,61,75,5,56
1,<environment.Job instance at 0x146664a90aa0>,40,2,[9 1],63,75,77,12,63
1,<environment.Job instance at 0x146664a90c30>,41,2,[2 7],65,69,71,4,65
1,<environment.Job instance at 0x146664a90f50>,42,2,[10  1],67,77,79,10,67
1,<environment.Job instance at 0x14666e52f500>,43,15,[8 1],69,79,94,10,69
1,<environment.Job instance at 0x146667980b40>,44,1,[6 2],70,71,72,1,70
1,<environment.Job instance at 0x146668705370>,45,1,[ 2 10],72,72,73,0,72
1,<environment.Job instance at 0x146668705230>,47,14,[ 1 10],76,76,90,0,76
1,<environment.Job instance at 0x146664b87410>,22,3,[ 1 10],38,90,93,52,77
1,<environment.Job instance at 0x146668705c30>,49,3,[1 8],79,93,96,14,79
1,<environment.Job instance at 0x146668705640>,2,1,[2 9],4,4,5,0,4
1,<environment.Job instance at 0x14666e661aa0>,5,14,[1 9],8,8,22,0,8
1,<environment.Job instance at 0x14666e661050>,7,1,[1 5],12,23,24,11,23
1,<environment.Job instance at 0x146664d5edc0>,12,1,[1 9],19,23,24,4,23
1,<environment.Job instance at 0x1466686d0870>,13,1,[2 9],20,24,25,4,23
1,<environment.Job instance at 0x146698b9d370>,14,1,[2 9],21,25,26,4,23
1,<environment.Job instance at 0x146667aca690>,16,2,[1 7],25,37,39,12,37
1,<environment.Job instance at 0x146664be4410>,18,2,[1 9],27,39,41,12,37
1,<environment.Job instance at 0x146664b9e2d0>,19,16,[2 5],28,37,53,9,37
1,<environment.Job instance at 0x146664b9e870>,20,3,[1 8],30,41,44,11,37
1,<environment.Job instance at 0x14666e661e10>,10,2,[6 1],15,40,42,25,40
1,<environment.Job instance at 0x1466648ab9b0>,26,2,[7 1],40,42,44,2,40
1,<environment.Job instance at 0x146664ae58c0>,25,3,[8 2],38,44,47,6,41
1,<environment.Job instance at 0x146668ec41e0>,28,13,[8 2],42,47,60,5,42
1,<environment.Job instance at 0x146668ec45f0>,27,18,[7 1],41,53,71,12,42
1,<environment.Job instance at 0x146668ec4a50>,30,12,[ 2 10],48,65,77,17,65
1,<environment.Job instance at 0x1466648d2780>,33,3,[1 7],51,77,80,26,65
1,<environment.Job instance at 0x1466649f60f0>,39,3,[1 8],62,175,178,113,175
1,<environment.Job instance at 0x146664f60410>,43,17,[2 8],67,199,216,132,199
1,<environment.Job instance at 0x146664f602d0>,44,3,[1 9],68,216,219,148,213
1,<environment.Job instance at 0x146664f600f0>,50,2,[2 8],75,988,990,913,988
1,<environment.Job instance at 0x146668856c80>,51,1,[2 6],77,1053,1054,976,1053
1,<environment.Job instance at 0x14666e581780>,41,1,[11  1],64,1365,1366,1301,1365
1,<environment.Job instance at 0x146664d4fc80>,1,1,[2 9],3,3,4,0,3
1,<environment.Job instance at 0x1466687aae60>,2,1,[7 2],4,4,5,0,4
1,<environment.Job instance at 0x146664d5e280>,3,3,[2 7],6,6,9,0,6
1,<environment.Job instance at 0x1466687aaaf0>,4,1,[10  1],7,7,8,0,7
1,<environment.Job instance at 0x146668c6fa50>,5,15,[1 7],8,8,23,0,8
1,<environment.Job instance at 0x146668c6f410>,7,2,[2 9],10,23,25,13,10
1,<environment.Job instance at 0x146664dd3320>,8,18,[2 7],11,25,43,14,14
1,<environment.Job instance at 0x146664dd3280>,9,3,[1 5],12,14,17,2,14
1,<environment.Job instance at 0x146668c6f3c0>,11,2,[2 6],14,17,19,3,15
1,<environment.Job instance at 0x1466688e2be0>,14,2,[1 8],18,19,21,1,18
1,<environment.Job instance at 0x146668c6fcd0>,12,1,[9 1],15,34,35,19,34
1,<environment.Job instance at 0x1466688eb500>,24,13,[1 6],31,34,47,3,34
1,<environment.Job instance at 0x1466688eb780>,25,17,[ 1 14],32,47,64,15,35
1,<environment.Job instance at 0x146664a22500>,26,2,[1 5],33,43,45,10,36
1,<environment.Job instance at 0x1466642f68c0>,27,12,[1 9],34,64,76,30,47
1,<environment.Job instance at 0x146665aaa0f0>,28,3,[2 6],35,64,67,29,47
1,<environment.Job instance at 0x1466980f8780>,30,2,[11  2],37,67,69,30,49
1,<environment.Job instance at 0x1466642eea50>,31,2,[1 9],38,76,78,38,49
1,<environment.Job instance at 0x1466642ee140>,32,2,[10  1],39,49,51,10,49
1,<environment.Job instance at 0x1466642ee0a0>,33,1,[9 1],40,51,52,11,49
1,<environment.Job instance at 0x14666d209af0>,35,1,[1 5],42,69,70,27,49
1,<environment.Job instance at 0x14666e5815f0>,23,3,[2 8],30,78,81,48,52
1,<environment.Job instance at 0x14666f14db90>,41,15,[7 2],50,70,85,20,69
1,<environment.Job instance at 0x14666d1ff0f0>,46,1,[ 2 10],55,81,82,26,69
1,<environment.Job instance at 0x14666f14d2d0>,44,1,[ 1 10],53,82,83,29,69
1,<environment.Job instance at 0x14666d1fffa0>,49,12,[2 8],64,83,95,19,69
1,<environment.Job instance at 0x14666f1870f0>,51,1,[7 1],67,73,74,6,73
1,<environment.Job instance at 0x14666f187140>,52,14,[1 5],68,83,97,15,73
1,<environment.Job instance at 0x14666f187280>,54,1,[2 7],71,95,96,24,85
1,<environment.Job instance at 0x14666f187b90>,55,2,[10  2],72,85,87,13,85
1,<environment.Job instance at 0x14666f1871e0>,56,12,[8 1],74,87,99,13,85
1,<environment.Job instance at 0x14666d1ffdc0>,48,16,[6 1],58,96,112,38,85
1,<environment.Job instance at 0x14666f187230>,58,2,[7 1],79,99,101,20,85
1,<environment.Job instance at 0x14666f187dc0>,57,1,[6 1],78,101,102,23,101
1,<environment.Job instance at 0x146664ca8960>,10,3,[1 6],13,547,550,534,547
1,<environment.Job instance at 0x1466644b3730>,2,2,[ 1 10],5,5,7,0,5
1,<environment.Job instance at 0x1466644b3b40>,4,2,[5 2],7,7,9,0,7
1,<environment.Job instance at 0x1466644b3eb0>,5,13,[ 2 12],10,10,23,0,10
1,<environment.Job instance at 0x1466644b31e0>,12,2,[10  1],20,20,22,0,20
1,<environment.Job instance at 0x146667aac320>,17,12,[5 1],27,36,48,9,36
1,<environment.Job instance at 0x146668c4e1e0>,9,2,[5 2],16,36,38,20,36
1,<environment.Job instance at 0x1466688004b0>,19,13,[1 7],29,36,49,7,36
1,<environment.Job instance at 0x146699fcb230>,18,1,[5 2],28,38,39,10,36
1,<environment.Job instance at 0x1466649b0230>,21,16,[1 6],31,39,55,8,37
1,<environment.Job instance at 0x1466998e0d20>,24,1,[9 2],35,48,49,13,38
1,<environment.Job instance at 0x1466998e0640>,25,3,[6 1],37,39,42,2,39
1,<environment.Job instance at 0x1466657f4050>,26,1,[ 1 10],38,55,56,17,39
1,<environment.Job instance at 0x1466649b03c0>,20,12,[9 2],30,49,61,19,39
1,<environment.Job instance at 0x14669946bc80>,28,2,[2 7],41,49,51,8,41
1,<environment.Job instance at 0x14669946bbe0>,29,12,[2 7],43,56,68,13,43
1,<environment.Job instance at 0x14669946bdc0>,31,15,[2 9],45,68,83,23,54
1,<environment.Job instance at 0x14669946b230>,32,12,[1 5],46,56,68,10,54
1,<environment.Job instance at 0x146665729730>,35,13,[ 2 10],49,83,96,34,69
1,<environment.Job instance at 0x1466644b3aa0>,11,2,[ 2 14],18,96,98,78,74
1,<environment.Job instance at 0x14666d218870>,36,2,[2 5],52,74,76,22,74
1,<environment.Job instance at 0x1466649ccaa0>,39,2,[2 5],58,76,78,18,74
1,<environment.Job instance at 0x146664fc0e60>,40,3,[2 8],59,98,101,39,74
1,<environment.Job instance at 0x146664fc00f0>,41,2,[1 9],61,101,103,40,74
1,<environment.Job instance at 0x146664a8ca50>,42,1,[14  2],62,101,102,39,74
1,<environment.Job instance at 0x146664a8c820>,43,1,[8 2],63,78,79,15,75
1,<environment.Job instance at 0x146664a8c9b0>,44,3,[ 2 13],64,103,106,39,77
1,<environment.Job instance at 0x146664a8c730>,45,2,[7 1],66,79,81,13,77
1,<environment.Job instance at 0x1466649ccf00>,37,14,[5 2],55,78,92,23,77
1,<environment.Job instance at 0x146664a8cfa0>,46,2,[7 1],69,81,83,12,78
1,<environment.Job instance at 0x146664a447d0>,48,1,[6 1],73,83,84,10,78
1,<environment.Job instance at 0x146664a44b40>,49,1,[7 2],74,84,85,10,79
1,<environment.Job instance at 0x146664a449b0>,50,2,[ 1 10],75,106,108,31,79
1,<environment.Job instance at 0x1466662c8a50>,52,1,[2 6],77,98,99,21,82
1,<environment.Job instance at 0x146668bb0320>,53,3,[1 7],78,108,111,30,82
1,<environment.Job instance at 0x146664a8c190>,47,17,[8 1],72,102,119,30,91
1,<environment.Job instance at 0x14669946be60>,30,20,[ 2 10],44,111,131,67,102
1,<environment.Job instance at 0x1466644b3370>,10,2,[10  2],17,143,145,126,143
1,<environment.Job instance at 0x1466687730f0>,2,18,[1 9],10,10,28,0,10
1,<environment.Job instance at 0x146668773a50>,4,1,[1 8],12,28,29,16,12
1,<environment.Job instance at 0x1466687736e0>,7,2,[ 2 10],16,29,31,13,16
1,<environment.Job instance at 0x146668773690>,10,12,[1 5],20,28,40,8,28
1,<environment.Job instance at 0x14666463d460>,17,2,[ 1 10],30,31,33,1,30
1,<environment.Job instance at 0x14666463dd20>,18,22,[9 1],31,33,55,2,31
1,<environment.Job instance at 0x14666463df50>,22,2,[1 7],35,48,50,13,48
1,<environment.Job instance at 0x14666464b730>,25,18,[1 9],38,50,68,12,49
1,<environment.Job instance at 0x14666463d550>,23,18,[8 1],36,55,73,19,50
1,<environment.Job instance at 0x14666464b410>,27,17,[1 9],41,68,85,27,58
1,<environment.Job instance at 0x14666464b0a0>,29,23,[6 1],43,58,81,15,58
1,<environment.Job instance at 0x14666464b370>,30,2,[2 6],44,81,83,37,78
1,<environment.Job instance at 0x14666464b820>,31,14,[2 5],45,83,97,38,78
1,<environment.Job instance at 0x14666464ba50>,32,12,[5 1],46,83,95,37,82
1,<environment.Job instance at 0x14666464b780>,33,13,[1 7],47,85,98,38,82
1,<environment.Job instance at 0x14666464bdc0>,34,3,[11  1],48,95,98,47,88
1,<environment.Job instance at 0x1466646bc4b0>,35,2,[8 2],49,98,100,49,90
1,<environment.Job instance at 0x14666463d4b0>,21,15,[ 1 12],34,98,113,64,90
1,<environment.Job instance at 0x14666464b870>,28,2,[2 5],42,113,115,71,92
1,<environment.Job instance at 0x1466646bc370>,39,1,[1 8],55,113,114,58,96
1,<environment.Job instance at 0x1466646bcf00>,40,1,[8 2],56,100,101,44,97
1,<environment.Job instance at 0x1466646bc6e0>,41,3,[1 8],60,114,117,54,97
1,<environment.Job instance at 0x1466646bc3c0>,42,1,[2 6],63,97,98,34,97
1,<environment.Job instance at 0x1466646bc640>,43,1,[2 7],65,115,116,50,97
1,<environment.Job instance at 0x1466646bce10>,44,1,[7 1],66,101,102,35,97
1,<environment.Job instance at 0x1466687875a0>,51,2,[ 1 10],76,117,119,41,97
1,<environment.Job instance at 0x146668787eb0>,52,3,[2 6],77,119,122,42,97
1,<environment.Job instance at 0x146668787e10>,53,2,[1 9],78,119,121,41,97
1,<environment.Job instance at 0x146668787c30>,54,3,[2 8],79,121,124,42,97
1,<environment.Job instance at 0x146668773e60>,14,2,[ 2 10],27,207,209,180,207
1,<environment.Job instance at 0x146668773cd0>,1,2,[2 8],2,2,4,0,2
1,<environment.Job instance at 0x14666f187550>,7,2,[5 1],10,12,14,2,12
1,<environment.Job instance at 0x14666f187c30>,8,3,[ 2 12],11,12,15,1,12
1,<environment.Job instance at 0x146664931140>,10,16,[7 1],14,14,30,0,14
1,<environment.Job instance at 0x1466648d24b0>,13,2,[1 9],19,19,21,0,19
1,<environment.Job instance at 0x146664931730>,11,3,[ 2 10],15,21,24,6,19
1,<environment.Job instance at 0x14666e54b960>,14,1,[2 9],21,24,25,3,22
1,<environment.Job instance at 0x1466648d2320>,15,2,[ 2 10],22,25,27,3,22
1,<environment.Job instance at 0x1466648d21e0>,16,3,[2 9],23,27,30,4,23
1,<environment.Job instance at 0x146664d70e10>,17,13,[2 7],25,30,43,5,25
1,<environment.Job instance at 0x146664d70af0>,19,14,[2 9],27,43,57,16,28
1,<environment.Job instance at 0x146664d70690>,21,1,[2 6],29,30,31,1,29
1,<environment.Job instance at 0x14666889e550>,23,2,[ 1 10],31,57,59,26,31
1,<environment.Job instance at 0x14666f1870a0>,9,2,[1 5],12,31,33,19,31
1,<environment.Job instance at 0x14666889fb40>,22,1,[9 2],30,31,32,1,31
1,<environment.Job instance at 0x1466645f6280>,27,1,[1 5],38,42,43,4,42
1,<environment.Job instance at 0x146667bd4d70>,30,17,[5 2],42,42,59,0,42
1,<environment.Job instance at 0x14666e512410>,28,3,[8 2],40,43,46,3,42
1,<environment.Job instance at 0x1466647c0870>,31,12,[1 6],43,59,71,16,43
1,<environment.Job instance at 0x146664cff280>,34,12,[2 6],46,59,71,13,46
1,<environment.Job instance at 0x146664386690>,33,2,[2 7],45,71,73,26,47
1,<environment.Job instance at 0x1466648cfd70>,35,13,[5 1],47,47,60,0,47
1,<environment.Job instance at 0x1466648cf910>,37,1,[8 2],50,60,61,10,50
1,<environment.Job instance at 0x1466648cf5a0>,38,3,[10  2],51,61,64,10,51
1,<environment.Job instance at 0x1466648cfeb0>,40,2,[14  1],53,73,75,20,54
1,<environment.Job instance at 0x14666e48d3c0>,42,3,[ 1 10],55,73,76,18,55
1,<environment.Job instance at 0x14666e48db90>,45,1,[12  2],58,64,65,6,60
1,<environment.Job instance at 0x14666e48d5f0>,46,2,[1 6],59,71,73,12,60
1,<environment.Job instance at 0x1466994df320>,48,3,[6 2],62,65,68,3,62
1,<environment.Job instance at 0x146664c9a730>,43,15,[ 1 10],56,76,91,20,62
1,<environment.Job instance at 0x1466994df870>,49,1,[2 9],63,91,92,28,63
1,<environment.Job instance at 0x14666e48da00>,44,2,[2 9],57,92,94,35,65
1,<environment.Job instance at 0x1466994df370>,50,2,[8 2],66,68,70,2,66
1,<environment.Job instance at 0x1466994dfc80>,51,1,[1 5],69,75,76,6,69
1,<environment.Job instance at 0x146698b96780>,52,2,[6 2],70,70,72,0,70
1,<environment.Job instance at 0x146698b96aa0>,53,2,[5 1],72,76,78,4,72
1,<environment.Job instance at 0x146698b961e0>,55,3,[8 2],77,82,85,5,82
1,<environment.Job instance at 0x14666435cd20>,29,15,[5 1],41,83,98,42,83
1,<environment.Job instance at 0x14666435cd20>,2,2,[6 2],3,4,6,1,4
1,<environment.Job instance at 0x14669804c960>,3,2,[1 8],4,4,6,0,4
1,<environment.Job instance at 0x14669804c5a0>,4,21,[2 5],5,5,26,0,5
1,<environment.Job instance at 0x14666e563f00>,6,12,[2 8],8,17,29,9,17
1,<environment.Job instance at 0x14666436ad20>,13,2,[2 5],19,26,28,7,19
1,<environment.Job instance at 0x146668c83780>,14,1,[10  2],20,20,21,0,20
1,<environment.Job instance at 0x146668c77190>,15,3,[2 8],21,29,32,8,21
1,<environment.Job instance at 0x146664d36a00>,16,3,[6 1],22,22,25,0,22
1,<environment.Job instance at 0x1466645c8cd0>,17,14,[2 9],23,32,46,9,23
1,<environment.Job instance at 0x146664d73050>,18,16,[2 5],24,28,44,4,24
1,<environment.Job instance at 0x146664d73b40>,19,1,[1 9],26,46,47,20,26
1,<environment.Job instance at 0x146668b9b230>,21,1,[1 7],28,47,48,19,28
1,<environment.Job instance at 0x1466647e67d0>,23,3,[ 1 10],30,48,51,18,30
1,<environment.Job instance at 0x1466647d7960>,24,3,[ 1 12],31,51,54,20,31
1,<environment.Job instance at 0x146668919a50>,25,2,[10  1],32,32,34,0,32
1,<environment.Job instance at 0x146668919320>,26,3,[2 5],33,44,47,11,33
1,<environment.Job instance at 0x146668c6ab40>,28,1,[9 2],38,47,48,9,38
1,<environment.Job instance at 0x146667a0aeb0>,31,1,[9 2],43,48,49,5,43
1,<environment.Job instance at 0x146667a0a410>,32,2,[ 1 11],45,54,56,9,45
1,<environment.Job instance at 0x146667a0a140>,33,2,[7 2],47,49,51,2,47
1,<environment.Job instance at 0x146667a0a9b0>,35,1,[7 2],49,49,50,0,49
1,<environment.Job instance at 0x146667de6780>,36,1,[ 1 10],50,56,57,6,50
1,<environment.Job instance at 0x146667de6aa0>,37,16,[ 2 10],51,57,73,6,51
1,<environment.Job instance at 0x146664570690>,38,3,[2 6],52,73,76,21,54
1,<environment.Job instance at 0x146668c77550>,12,3,[8 1],16,54,57,38,54
1,<environment.Job instance at 0x146667de6eb0>,39,27,[1 5],55,57,84,2,55
1,<environment.Job instance at 0x1466994a8910>,40,2,[2 5],57,76,78,19,62
1,<environment.Job instance at 0x146664bd2c80>,44,3,[2 6],63,78,81,15,63
1,<environment.Job instance at 0x1466647b6d70>,46,3,[14  2],66,81,84,15,67
1,<environment.Job instance at 0x14666490c690>,47,2,[8 2],68,73,75,5,68
1,<environment.Job instance at 0x146664f79730>,49,16,[1 7],70,84,100,14,71
1,<environment.Job instance at 0x146664f79fa0>,50,13,[5 1],71,84,97,13,71
1,<environment.Job instance at 0x146665827cd0>,52,3,[6 2],73,84,87,11,81
1,<environment.Job instance at 0x146665827730>,54,17,[1 7],75,87,104,12,81
1,<environment.Job instance at 0x146664a19820>,42,14,[ 1 11],60,104,118,44,89
1,<environment.Job instance at 0x146665827230>,55,1,[8 1],76,97,98,21,90
1,<environment.Job instance at 0x14666f15ba50>,57,1,[ 1 10],79,118,119,39,91
1,<environment.Job instance at 0x146665827780>,56,1,[1 5],77,100,101,23,91
1,<environment.Job instance at 0x146664a19230>,43,12,[2 9],62,119,131,57,102
1,<environment.Job instance at 0x146668c77320>,11,2,[1 7],15,131,133,116,110
1,<environment.Job instance at 0x146664227e60>,1,1,[8 1],3,3,4,0,3
1,<environment.Job instance at 0x146698b6b4b0>,2,1,[9 1],4,4,5,0,4
1,<environment.Job instance at 0x146698b6b500>,3,2,[5 2],5,5,7,0,5
1,<environment.Job instance at 0x146698b6bfa0>,7,3,[1 9],10,16,19,6,16
1,<environment.Job instance at 0x146666f35370>,11,18,[1 9],17,19,37,2,17
1,<environment.Job instance at 0x146666f358c0>,12,16,[2 9],18,37,53,19,24
1,<environment.Job instance at 0x146664d725f0>,14,2,[2 7],21,53,55,32,26
1,<environment.Job instance at 0x14666f1760a0>,16,2,[1 5],24,26,28,2,26
1,<environment.Job instance at 0x146666f4ff00>,18,19,[2 5],26,36,55,10,36
1,<environment.Job instance at 0x146699404f00>,19,3,[1 9],27,55,58,28,36
1,<environment.Job instance at 0x1466644b3780>,22,3,[2 7],30,58,61,28,41
1,<environment.Job instance at 0x146666f35870>,8,3,[1 6],14,55,58,41,43
1,<environment.Job instance at 0x1466f459b640>,24,3,[ 1 14],32,61,64,29,43
1,<environment.Job instance at 0x1466999e70a0>,23,2,[9 2],31,53,55,22,46
1,<environment.Job instance at 0x146664563050>,30,12,[6 2],41,64,76,23,62
1,<environment.Job instance at 0x1466babff550>,33,3,[1 5],44,64,67,20,62
1,<environment.Job instance at 0x1466babff6e0>,34,2,[1 9],45,67,69,22,62
1,<environment.Job instance at 0x1466646fec80>,36,2,[ 1 10],47,69,71,22,62
1,<environment.Job instance at 0x1466679d3dc0>,31,16,[1 5],42,71,87,29,62
1,<environment.Job instance at 0x1466646fe690>,37,1,[5 2],50,64,65,14,63
1,<environment.Job instance at 0x1466646fee60>,40,2,[2 5],53,64,66,11,63
1,<environment.Job instance at 0x146667a18190>,41,1,[10  1],55,63,64,8,63
1,<environment.Job instance at 0x146667a184b0>,42,1,[5 2],57,65,66,8,63
1,<environment.Job instance at 0x146667a18280>,43,27,[5 1],59,66,93,7,64
1,<environment.Job instance at 0x146667a18a00>,44,3,[2 7],62,71,74,9,64
1,<environment.Job instance at 0x14666577c730>,45,2,[8 1],63,76,78,13,65
1,<environment.Job instance at 0x1466642b1820>,46,25,[ 1 10],64,87,112,23,83
1,<environment.Job instance at 0x1466649f60a0>,47,2,[1 9],66,83,85,17,83
1,<environment.Job instance at 0x14666e581410>,48,3,[1 6],67,112,115,45,86
1,<environment.Job instance at 0x1466649f6aa0>,49,3,[1 9],68,112,115,44,86
1,<environment.Job instance at 0x1466649f6cd0>,50,2,[2 7],72,115,117,43,88
1,<environment.Job instance at 0x14666e5cc690>,51,2,[9 1],75,88,90,13,88
1,<environment.Job instance at 0x14666e5ccdc0>,52,1,[1 8],77,115,116,38,88
1,<environment.Job instance at 0x14666e5ccd20>,53,2,[9 1],78,90,92,12,88
1,<environment.Job instance at 0x1466646fea00>,39,1,[9 1],52,97,98,45,97
1,<environment.Job instance at 0x146664e32be0>,1,23,[2 9],3,3,26,0,3
1,<environment.Job instance at 0x146667b5cb40>,2,14,[ 1 13],4,26,40,22,17
1,<environment.Job instance at 0x146667bd4320>,3,12,[1 7],5,40,52,35,24
1,<environment.Job instance at 0x146664af8820>,12,14,[2 9],18,52,66,34,37
1,<environment.Job instance at 0x146664af8d20>,13,2,[1 6],19,40,42,21,37
1,<environment.Job instance at 0x1466688ebdc0>,14,3,[1 9],21,66,69,45,40
1,<environment.Job instance at 0x146668707190>,15,1,[10  1],22,40,41,18,40
1,<environment.Job instance at 0x146698b67730>,17,2,[8 1],24,41,43,17,40
1,<environment.Job instance at 0x1466646bb0a0>,18,3,[ 2 10],25,69,72,44,43
1,<environment.Job instance at 0x146698b67b40>,19,1,[ 1 12],27,72,73,45,44
1,<environment.Job instance at 0x1466646bbfa0>,20,1,[ 1 10],28,73,74,45,59
1,<environment.Job instance at 0x1466646bbaf0>,22,12,[1 9],31,74,86,43,59
1,<environment.Job instance at 0x1466646bbd70>,23,3,[1 9],32,86,89,54,60
1,<environment.Job instance at 0x1466646bb500>,27,17,[2 7],38,89,106,51,77
1,<environment.Job instance at 0x1466646bb320>,21,18,[1 9],29,106,124,77,95
1,<environment.Job instance at 0x14669946deb0>,31,2,[1 7],43,95,97,52,95
1,<environment.Job instance at 0x14666f15d730>,6,1,[1 6],8,97,98,89,95
1,<environment.Job instance at 0x146664ba1e10>,32,17,[5 1],44,95,112,51,95
1,<environment.Job instance at 0x1466643dbc30>,34,1,[6 1],46,97,98,51,95
1,<environment.Job instance at 0x14669946d460>,35,3,[8 2],47,98,101,51,95
1,<environment.Job instance at 0x1466643db140>,38,1,[5 2],51,120,121,69,120
1,<environment.Job instance at 0x14666466f730>,41,2,[2 6],54,121,123,67,120
1,<environment.Job instance at 0x14666466fb90>,42,1,[13  2],55,123,124,68,120
1,<environment.Job instance at 0x14666466fb40>,43,3,[2 6],57,124,127,67,120
1,<environment.Job instance at 0x14666466f460>,2,1,[1 9],3,3,4,0,3
1,<environment.Job instance at 0x1466688b31e0>,3,1,[1 8],4,4,5,0,4
1,<environment.Job instance at 0x1466688b3820>,5,1,[10  1],7,10,11,3,10
1,<environment.Job instance at 0x146667e694b0>,8,20,[9 2],11,11,31,0,11
1,<environment.Job instance at 0x146667e25d70>,15,1,[ 1 10],20,20,21,0,20
1,<environment.Job instance at 0x146667e252d0>,16,1,[2 5],21,21,22,0,21
1,<environment.Job instance at 0x146667e251e0>,17,2,[ 1 10],22,22,24,0,22
1,<environment.Job instance at 0x146667e25a50>,18,2,[2 8],23,24,26,1,23
1,<environment.Job instance at 0x146667e19eb0>,19,1,[8 2],24,31,32,7,24
1,<environment.Job instance at 0x14669804c4b0>,20,2,[6 1],27,27,29,0,27
1,<environment.Job instance at 0x146667e194b0>,21,1,[5 2],30,30,31,0,30
1,<environment.Job instance at 0x1466995152d0>,22,1,[9 2],31,32,33,1,31
1,<environment.Job instance at 0x14666449e280>,23,2,[8 2],32,33,35,1,32
1,<environment.Job instance at 0x1466688b75f0>,24,1,[6 2],33,33,34,0,33
1,<environment.Job instance at 0x146668c5d050>,25,3,[ 2 10],35,35,38,0,35
1,<environment.Job instance at 0x1466656f1dc0>,26,18,[ 2 11],36,38,56,2,36
1,<environment.Job instance at 0x146668c77f50>,27,2,[8 2],38,38,40,0,38
1,<environment.Job instance at 0x146664d98fa0>,29,25,[2 5],40,56,81,16,52
1,<environment.Job instance at 0x14666e48a730>,28,1,[7 2],39,52,53,13,52
1,<environment.Job instance at 0x146664e56230>,31,17,[7 1],42,53,70,11,52
1,<environment.Job instance at 0x14666873ff00>,34,2,[5 1],45,52,54,7,52
1,<environment.Job instance at 0x14666873f8c0>,35,2,[6 1],46,54,56,8,52
1,<environment.Job instance at 0x1466679bcaa0>,36,3,[6 2],47,56,59,9,52
1,<environment.Job instance at 0x1466679bc320>,37,3,[10  1],48,70,73,22,52
1,<environment.Job instance at 0x1466679bc5a0>,38,18,[2 7],49,59,77,10,52
1,<environment.Job instance at 0x146667b020f0>,39,3,[1 7],50,77,80,27,52
1,<environment.Job instance at 0x146667b02aa0>,40,3,[2 7],51,80,83,29,54
1,<environment.Job instance at 0x14666873fc80>,33,1,[8 2],44,73,74,29,54
1,<environment.Job instance at 0x146664a8edc0>,50,27,[5 1],68,74,101,6,72
1,<environment.Job instance at 0x146664a8ee60>,51,3,[5 2],70,74,77,4,72
1,<environment.Job instance at 0x14669958b730>,52,2,[2 9],72,83,85,11,72
1,<environment.Job instance at 0x14669958b8c0>,53,27,[9 2],73,85,112,12,83
1,<environment.Job instance at 0x14669958b960>,55,2,[2 9],76,101,103,25,83
1,<environment.Job instance at 0x14666e48ad20>,30,3,[1 8],41,1361,1364,1320,1361
1,<environment.Job instance at 0x14666506f140>,41,1,[9 1],54,1588,1589,1534,1588
1,<environment.Job instance at 0x146667e49af0>,2,1,[2 9],4,4,5,0,4
1,<environment.Job instance at 0x146667e49dc0>,3,1,[7 2],6,6,7,0,6
1,<environment.Job instance at 0x146667e49cd0>,4,3,[ 1 12],9,9,12,0,9
1,<environment.Job instance at 0x14666f1c6500>,6,1,[1 8],15,18,19,3,18
1,<environment.Job instance at 0x146667ba4f50>,9,1,[2 5],19,19,20,0,19
1,<environment.Job instance at 0x14666f1a3550>,10,22,[9 2],20,20,42,0,20
1,<environment.Job instance at 0x146667e49190>,11,20,[9 1],25,42,62,17,33
1,<environment.Job instance at 0x146668c2f370>,13,1,[2 9],28,33,34,5,33
1,<environment.Job instance at 0x146667d10fa0>,14,1,[1 7],29,34,35,5,33
1,<environment.Job instance at 0x146667d57690>,15,18,[2 6],30,34,52,4,33
1,<environment.Job instance at 0x146664263a00>,7,14,[7 1],16,62,76,46,47
1,<environment.Job instance at 0x1466647da410>,29,3,[ 2 10],49,52,55,3,50
1,<environment.Job instance at 0x146667d81280>,30,3,[5 1],50,55,58,5,51
1,<environment.Job instance at 0x14666b585910>,33,2,[8 1],54,62,64,8,54
1,<environment.Job instance at 0x1466687a2050>,35,17,[ 2 10],56,64,81,8,56
1,<environment.Job instance at 0x146664294960>,43,2,[5 2],68,74,76,6,74
1,<environment.Job instance at 0x14666e5b1aa0>,44,19,[9 2],70,76,95,6,74
1,<environment.Job instance at 0x146664294a50>,45,3,[2 6],71,81,84,10,77
1,<environment.Job instance at 0x14666e455280>,47,3,[8 1],73,95,98,22,82
1,<environment.Job instance at 0x146667a3d370>,51,2,[1 9],78,84,86,6,82
1,<environment.Job instance at 0x14666e478730>,52,2,[2 6],79,82,84,3,82
1,<environment.Job instance at 0x14666884eb40>,15,3,[ 1 10],24,58,61,34,58
1,<environment.Job instance at 0x14666884ea00>,16,18,[2 7],25,61,79,36,58
1,<environment.Job instance at 0x1466646c5aa0>,6,1,[5 2],12,61,62,49,61
1,<environment.Job instance at 0x14666884e550>,18,16,[2 8],27,62,78,35,61
1,<environment.Job instance at 0x14666884eaa0>,19,3,[1 7],28,78,81,50,61
1,<environment.Job instance at 0x14666884e5a0>,20,1,[2 6],29,61,62,32,61
1,<environment.Job instance at 0x14666884e4b0>,21,3,[2 9],30,81,84,51,61
1,<environment.Job instance at 0x14666884e050>,22,2,[2 6],31,79,81,48,63
1,<environment.Job instance at 0x146664a04730>,23,1,[2 6],32,81,82,49,63
1,<environment.Job instance at 0x146664a04fa0>,24,1,[7 2],34,79,80,45,63
1,<environment.Job instance at 0x146664a04d70>,25,2,[2 6],35,82,84,47,63
1,<environment.Job instance at 0x146664a04af0>,26,1,[10  1],36,78,79,42,63
1,<environment.Job instance at 0x146664a04050>,28,3,[ 2 13],38,84,87,46,71
1,<environment.Job instance at 0x146664a041e0>,35,18,[2 8],45,87,105,42,76
1,<environment.Job instance at 0x146664a04a50>,40,26,[ 1 10],50,107,133,57,107
1,<environment.Job instance at 0x146664a04b40>,42,15,[1 7],52,133,148,81,124
1,<environment.Job instance at 0x146664e83f00>,44,17,[1 5],55,124,141,69,124
1,<environment.Job instance at 0x146664e83a00>,48,18,[7 1],59,139,157,80,139
1,<environment.Job instance at 0x146664e83dc0>,50,2,[ 2 10],63,148,150,85,139
1,<environment.Job instance at 0x146664caabe0>,51,26,[7 2],64,150,176,86,147
1,<environment.Job instance at 0x146664e83c80>,49,2,[2 7],62,157,159,95,147
1,<environment.Job instance at 0x146664caaf50>,53,3,[1 5],67,150,153,83,147
1,<environment.Job instance at 0x146664caab90>,55,2,[ 1 10],69,153,155,84,147
1,<environment.Job instance at 0x146664caa460>,56,1,[ 2 10],71,159,160,88,147
1,<environment.Job instance at 0x146664caa230>,57,3,[2 5],72,160,163,88,147
1,<environment.Job instance at 0x146664caa8c0>,58,1,[2 5],73,147,148,74,147
1,<environment.Job instance at 0x146664caa550>,60,3,[1 9],75,163,166,88,147
1,<environment.Job instance at 0x14666884e230>,7,1,[5 1],13,173,174,160,173
1,<environment.Job instance at 0x146667e28c30>,1,1,[8 2],2,3,4,1,3
1,<environment.Job instance at 0x146664cf5460>,2,19,[1 5],5,5,24,0,5
1,<environment.Job instance at 0x146668878140>,8,3,[ 2 10],17,17,20,0,17
1,<environment.Job instance at 0x146668878f00>,9,3,[2 8],18,20,23,2,18
1,<environment.Job instance at 0x14666420aaf0>,10,2,[2 7],19,23,25,4,19
1,<environment.Job instance at 0x146668878280>,11,3,[10  2],21,21,24,0,21
1,<environment.Job instance at 0x1466688766e0>,12,2,[2 7],22,24,26,2,22
1,<environment.Job instance at 0x146668876640>,13,12,[ 1 10],23,26,38,3,23
1,<environment.Job instance at 0x146668876e10>,14,2,[6 2],24,30,32,6,30
1,<environment.Job instance at 0x146664cdb640>,22,25,[5 2],34,36,61,2,36
1,<environment.Job instance at 0x146667b38b40>,24,1,[11  1],37,61,62,24,55
1,<environment.Job instance at 0x1466649e15f0>,27,1,[ 1 11],40,55,56,15,55
1,<environment.Job instance at 0x1466649e1730>,28,1,[2 8],41,56,57,15,55
1,<environment.Job instance at 0x146664be9e10>,29,2,[6 1],43,59,61,16,59
1,<environment.Job instance at 0x146664e65190>,30,1,[1 5],45,59,60,14,59
1,<environment.Job instance at 0x146664e65af0>,31,3,[2 5],46,59,62,13,59
1,<environment.Job instance at 0x146664cc8870>,32,1,[2 6],47,60,61,13,59
1,<environment.Job instance at 0x14666885b690>,33,15,[1 7],48,61,76,13,59
1,<environment.Job instance at 0x146664cc8f50>,34,2,[1 9],49,76,78,27,59
1,<environment.Job instance at 0x146668889410>,35,1,[1 6],50,62,63,12,60
1,<environment.Job instance at 0x146668766140>,36,3,[6 1],53,62,65,9,61
1,<environment.Job instance at 0x146668766a00>,38,2,[2 7],55,63,65,8,61
1,<environment.Job instance at 0x14666465cd20>,39,1,[2 5],56,65,66,9,61
1,<environment.Job instance at 0x14666465c500>,40,14,[1 9],59,78,92,19,63
1,<environment.Job instance at 0x14666465ce60>,41,2,[ 1 10],60,92,94,32,65
1,<environment.Job instance at 0x146668853f50>,42,16,[7 2],62,65,81,3,65
1,<environment.Job instance at 0x146668853a50>,43,12,[8 1],63,81,93,18,72
1,<environment.Job instance at 0x14666884eaf0>,47,17,[6 2],73,73,90,0,73
1,<environment.Job instance at 0x14666884e0f0>,49,1,[9 1],76,93,94,17,76
1,<environment.Job instance at 0x14666884ef50>,50,1,[ 2 13],77,94,95,17,77
1,<environment.Job instance at 0x146664a04780>,51,1,[1 5],78,90,91,12,78
1,<environment.Job instance at 0x146664a04690>,52,3,[10  1],79,94,97,15,79
1,<environment.Job instance at 0x14c1a8ac15a0>,1,2,[2 5],4,4,6,0,4
1,<environment.Job instance at 0x14c1a8ac1460>,3,2,[1 7],6,9,11,3,9
1,<environment.Job instance at 0x14c153586c30>,6,16,[2 7],9,9,25,0,9
1,<environment.Job instance at 0x14c153586eb0>,7,3,[5 1],10,10,13,0,10
1,<environment.Job instance at 0x14c1535a4870>,9,2,[ 2 10],12,25,27,13,23
1,<environment.Job instance at 0x14c153586230>,11,28,[1 9],15,27,55,12,26
1,<environment.Job instance at 0x14c1557b2500>,10,3,[7 2],14,37,40,23,37
1,<environment.Job instance at 0x14c153530a00>,15,14,[6 2],20,37,51,17,37
1,<environment.Job instance at 0x14c153530b40>,17,3,[6 1],23,40,43,17,40
1,<environment.Job instance at 0x14c1535dff50>,20,21,[7 1],27,43,64,16,40
1,<environment.Job instance at 0x14c153530c30>,21,22,[8 2],28,55,77,27,48
1,<environment.Job instance at 0x14c153571550>,22,3,[2 6],29,64,67,35,48
1,<environment.Job instance at 0x14c15356cbe0>,24,20,[ 1 10],32,67,87,35,58
1,<environment.Job instance at 0x14c153571d70>,25,1,[6 1],34,67,68,33,58
1,<environment.Job instance at 0x14c15356ffa0>,27,3,[2 8],37,87,90,50,61
1,<environment.Job instance at 0x14c15356f460>,28,2,[1 9],38,90,92,52,63
1,<environment.Job instance at 0x14c15356d320>,29,13,[1 6],39,87,100,48,71
1,<environment.Job instance at 0x14c15356ff50>,30,3,[1 8],41,92,95,51,71
1,<environment.Job instance at 0x14c1535300f0>,16,17,[1 7],22,95,112,73,83
1,<environment.Job instance at 0x14c152e5e690>,34,3,[9 2],45,83,86,38,83
1,<environment.Job instance at 0x14c152e5e3c0>,35,3,[10  2],47,95,98,48,83
1,<environment.Job instance at 0x14c152e5ebe0>,36,3,[1 6],48,100,103,52,83
1,<environment.Job instance at 0x14c152e5ec30>,37,2,[2 7],49,103,105,54,83
1,<environment.Job instance at 0x14c152e5e410>,38,2,[8 2],50,98,100,48,83
1,<environment.Job instance at 0x14c152e5e280>,39,14,[2 5],51,105,119,54,90
1,<environment.Job instance at 0x14c152e5e500>,40,1,[8 1],53,92,93,39,90
1,<environment.Job instance at 0x14c152e5e230>,41,1,[ 1 10],54,112,113,58,90
1,<environment.Job instance at 0x14c153897500>,42,3,[1 6],55,113,116,58,90
1,<environment.Job instance at 0x14c153580aa0>,43,2,[2 8],56,116,118,60,90
1,<environment.Job instance at 0x14c152e5e9b0>,44,1,[2 9],57,118,119,61,90
1,<environment.Job instance at 0x14c153580e60>,45,2,[2 5],58,119,121,61,92
1,<environment.Job instance at 0x14c153586dc0>,4,2,[6 1],7,93,95,86,92
1,<environment.Job instance at 0x14c1530da550>,49,1,[ 1 10],67,119,120,52,105
1,<environment.Job instance at 0x14c1530daeb0>,48,15,[ 2 10],61,120,135,59,106
1,<environment.Job instance at 0x14c152e5dfa0>,50,1,[1 8],68,135,136,67,107
1,<environment.Job instance at 0x14c152e5dc30>,55,2,[2 7],75,135,137,60,108
1,<environment.Job instance at 0x14c152e5daa0>,56,18,[1 7],79,136,154,57,125
1,<environment.Job instance at 0x14c152e5d230>,57,3,[1 9],80,154,157,74,128
1,<environment.Job instance at 0x14c1530d9730>,59,2,[12  2],85,128,130,43,128
1,<environment.Job instance at 0x14c1530d90a0>,60,17,[ 1 10],86,157,174,71,145
1,<environment.Job instance at 0x14c1530d9eb0>,61,2,[5 2],87,145,147,58,145
1,<environment.Job instance at 0x14c1530d92d0>,62,2,[1 5],89,145,147,56,145
1,<environment.Job instance at 0x14c1530da230>,46,1,[1 7],59,732,733,673,732
1,<environment.Job instance at 0x14c153586910>,5,3,[9 1],8,746,749,738,746
1,<environment.Job instance at 0x14c164f02a50>,6,1,[8 1],12,12,13,0,12
1,<environment.Job instance at 0x14c164f022d0>,7,2,[1 6],13,13,15,0,13
1,<environment.Job instance at 0x14c164f025a0>,8,2,[2 6],16,16,18,0,16
1,<environment.Job instance at 0x14c164f02e60>,9,1,[8 1],17,17,18,0,17
1,<environment.Job instance at 0x14c164f147d0>,10,2,[1 5],18,18,20,0,18
1,<environment.Job instance at 0x14c164f1ca50>,12,3,[2 8],21,23,26,2,23
1,<environment.Job instance at 0x14c164f14d70>,17,12,[1 7],31,31,43,0,31
1,<environment.Job instance at 0x14c164f13140>,18,16,[1 7],32,32,48,0,32
1,<environment.Job instance at 0x14c164f130a0>,19,2,[9 1],33,33,35,0,33
1,<environment.Job instance at 0x14c164f13730>,20,18,[2 5],34,43,61,9,34
1,<environment.Job instance at 0x14c164f13780>,21,2,[1 5],35,48,50,13,35
1,<environment.Job instance at 0x14c164f13e10>,22,3,[2 5],37,48,51,11,37
1,<environment.Job instance at 0x14c1643e2aa0>,23,3,[8 1],38,38,41,0,38
1,<environment.Job instance at 0x14c1643ad550>,24,3,[1 6],39,51,54,12,41
1,<environment.Job instance at 0x14c16449a690>,30,1,[ 2 10],48,54,55,6,52
1,<environment.Job instance at 0x14c1642fef00>,33,2,[1 7],55,55,57,0,55
1,<environment.Job instance at 0x14c1642fe3c0>,34,2,[9 1],56,56,58,0,56
1,<environment.Job instance at 0x14c1535300a0>,1,1,[1 6],2,2,3,0,2
1,<environment.Job instance at 0x14c1535300a0>,3,2,[1 9],5,5,7,0,5
1,<environment.Job instance at 0x14c156ab45a0>,4,17,[1 7],6,7,24,1,6
1,<environment.Job instance at 0x14c156ab4460>,6,2,[1 5],9,9,11,0,9
1,<environment.Job instance at 0x14c156ab42d0>,7,1,[7 2],10,13,14,3,13
1,<environment.Job instance at 0x14c156ab4d20>,13,3,[2 5],18,18,21,0,18
1,<environment.Job instance at 0x14c156ab4140>,14,14,[2 5],19,21,35,2,19
1,<environment.Job instance at 0x14c15278f0a0>,17,2,[12  1],22,23,25,1,23
1,<environment.Job instance at 0x14c1526ff3c0>,19,27,[5 1],24,25,52,1,24
1,<environment.Job instance at 0x14c16426d9b0>,16,2,[1 8],21,25,27,4,25
1,<environment.Job instance at 0x14c1526ff780>,21,17,[1 9],26,27,44,1,26
1,<environment.Job instance at 0x14c1676ec1e0>,24,1,[8 1],31,35,36,4,32
1,<environment.Job instance at 0x14c155775690>,30,2,[2 8],40,49,51,9,49
1,<environment.Job instance at 0x14c1527f30f0>,31,12,[1 9],41,51,63,10,49
1,<environment.Job instance at 0x14c1530b7c30>,32,14,[ 2 10],42,63,77,21,49
1,<environment.Job instance at 0x14c1530b7320>,33,2,[6 2],43,49,51,6,49
1,<environment.Job instance at 0x14c1530b7be0>,34,3,[8 2],44,51,54,7,49
1,<environment.Job instance at 0x14c1530b7730>,35,1,[6 2],46,52,53,6,49
1,<environment.Job instance at 0x14c1643a32d0>,36,2,[1 6],48,54,56,6,49
1,<environment.Job instance at 0x14c1643960a0>,37,15,[6 1],49,56,71,7,49
1,<environment.Job instance at 0x14c1669a2280>,28,1,[6 2],38,53,54,15,50
1,<environment.Job instance at 0x14c15699d0a0>,38,2,[ 1 10],51,77,79,26,51
1,<environment.Job instance at 0x14c15280f550>,41,3,[2 6],54,79,82,25,55
1,<environment.Job instance at 0x14c1527c47d0>,43,1,[9 1],58,71,72,13,58
1,<environment.Job instance at 0x14c1644149b0>,44,3,[1 9],59,79,82,20,59
1,<environment.Job instance at 0x14c1644862d0>,42,2,[7 2],56,66,68,10,66
1,<environment.Job instance at 0x14c156562cd0>,46,2,[6 2],61,68,70,7,68
1,<environment.Job instance at 0x14c155b08370>,47,2,[2 6],64,82,84,18,68
1,<environment.Job instance at 0x14c16530da00>,48,1,[1 7],65,82,83,17,68
1,<environment.Job instance at 0x14c1643c7910>,49,2,[10  2],66,72,74,6,68
1,<environment.Job instance at 0x14c15276caa0>,50,2,[6 2],67,74,76,7,69
1,<environment.Job instance at 0x14c155a7d730>,51,2,[10  1],68,76,78,8,70
1,<environment.Job instance at 0x14c16700a5f0>,29,15,[2 7],39,83,98,44,71
1,<environment.Job instance at 0x14c16440adc0>,53,3,[6 2],70,82,85,12,72
1,<environment.Job instance at 0x14c16440a1e0>,54,3,[1 9],71,98,101,27,72
1,<environment.Job instance at 0x14c1565d9d70>,57,14,[ 2 10],74,101,115,27,86
1,<environment.Job instance at 0x14c156a61140>,58,14,[6 1],75,107,121,32,107
1,<environment.Job instance at 0x14c1534ed0f0>,66,3,[2 5],86,115,118,29,107
1,<environment.Job instance at 0x14c1564fe460>,67,3,[2 5],89,115,118,26,107
1,<environment.Job instance at 0x14c153539050>,3,1,[1 7],10,10,11,0,10
1,<environment.Job instance at 0x14c1535397d0>,4,12,[6 1],11,22,34,11,22
1,<environment.Job instance at 0x14c1535392d0>,11,1,[12  2],20,34,35,14,22
1,<environment.Job instance at 0x14c1535393c0>,12,3,[2 5],22,22,25,0,22
1,<environment.Job instance at 0x14c153539a50>,13,3,[1 7],23,23,26,0,23
1,<environment.Job instance at 0x14c153539730>,14,3,[5 1],24,24,27,0,24
1,<environment.Job instance at 0x14c156503140>,15,1,[8 1],25,27,28,2,25
1,<environment.Job instance at 0x14c164f60e10>,16,1,[9 1],26,28,29,2,26
1,<environment.Job instance at 0x14c164f60b90>,17,18,[1 8],27,29,47,2,27
1,<environment.Job instance at 0x14c153539a00>,10,2,[10  1],18,35,37,17,31
1,<environment.Job instance at 0x14c164f4fbe0>,21,1,[8 1],33,33,34,0,33
1,<environment.Job instance at 0x14c15665ff50>,19,3,[5 2],31,37,40,6,34
1,<environment.Job instance at 0x14c164f4f230>,22,22,[1 7],34,40,62,6,34
1,<environment.Job instance at 0x14c153539690>,7,1,[ 1 13],15,62,63,47,46
1,<environment.Job instance at 0x14c15664ff00>,26,1,[1 8],44,47,48,3,46
1,<environment.Job instance at 0x14c15664f5f0>,24,18,[7 2],41,48,66,7,46
1,<environment.Job instance at 0x14c15665f550>,20,1,[6 1],32,48,49,16,48
1,<environment.Job instance at 0x14c1530d6820>,31,1,[2 8],51,63,64,12,51
1,<environment.Job instance at 0x14c1530d4460>,33,3,[10  2],54,66,69,12,54
1,<environment.Job instance at 0x14c156651460>,34,3,[8 1],55,69,72,14,55
1,<environment.Job instance at 0x14c156651500>,35,3,[5 1],57,59,62,2,59
1,<environment.Job instance at 0x14c1530d57d0>,37,1,[1 7],60,64,65,4,60
1,<environment.Job instance at 0x14c1530d5050>,38,16,[1 5],61,63,79,2,61
1,<environment.Job instance at 0x14c164f671e0>,39,2,[9 2],62,72,74,10,62
1,<environment.Job instance at 0x14c164f679b0>,40,12,[1 8],63,65,77,2,63
1,<environment.Job instance at 0x14c164f67c80>,41,15,[2 6],65,77,92,12,65
1,<environment.Job instance at 0x14c164f67280>,42,3,[1 7],66,79,82,13,66
1,<environment.Job instance at 0x14c164f67550>,43,18,[1 8],67,82,100,15,71
1,<environment.Job instance at 0x14c164f67d70>,44,2,[8 2],69,74,76,5,71
1,<environment.Job instance at 0x14c164f676e0>,46,1,[7 2],71,76,77,5,71
1,<environment.Job instance at 0x14c1643a9870>,48,1,[13  1],73,92,93,19,76
1,<environment.Job instance at 0x14c1643bb460>,50,1,[2 7],76,93,94,17,76
1,<environment.Job instance at 0x14c1643bbaf0>,52,14,[ 1 10],79,100,114,21,85
1,<environment.Job instance at 0x14c1643bbc30>,53,2,[2 8],83,114,116,31,87
1,<environment.Job instance at 0x14c1643bb3c0>,55,3,[7 1],85,87,90,2,87
1,<environment.Job instance at 0x14c1643bb870>,56,3,[10  2],86,94,97,8,87
1,<environment.Job instance at 0x14c1643bb550>,57,15,[7 1],87,97,112,10,87
1,<environment.Job instance at 0x14c1643bbeb0>,58,2,[2 6],88,97,99,9,88
1,<environment.Job instance at 0x14c1643e0320>,59,2,[6 1],89,90,92,1,89
1,<environment.Job instance at 0x14c1643a9d70>,49,22,[7 2],75,99,121,24,92
1,<environment.Job instance at 0x14c1535391e0>,9,16,[1 7],17,251,267,234,251
1,<environment.Job instance at 0x14c155b653c0>,2,2,[2 7],3,3,5,0,3
1,<environment.Job instance at 0x14c15664f870>,3,3,[1 8],4,4,7,0,4
1,<environment.Job instance at 0x14c164285e10>,4,22,[9 1],5,5,27,0,5
1,<environment.Job instance at 0x14c1a420e550>,7,2,[ 1 10],9,9,11,0,9
1,<environment.Job instance at 0x14c1642859b0>,6,1,[9 2],8,27,28,19,9
1,<environment.Job instance at 0x14c1a420e050>,8,3,[2 7],10,11,14,1,10
1,<environment.Job instance at 0x14c1640382d0>,10,3,[ 2 12],12,14,17,2,13
1,<environment.Job instance at 0x14c164038910>,15,18,[2 8],19,21,39,2,21
1,<environment.Job instance at 0x14c1640385f0>,14,1,[12  1],18,28,29,10,21
1,<environment.Job instance at 0x14c164038050>,16,1,[7 1],23,29,30,6,23
1,<environment.Job instance at 0x14c15936bd20>,17,2,[2 5],24,24,26,0,24
1,<environment.Job instance at 0x14c15936b640>,19,14,[10  2],26,30,44,4,26
1,<environment.Job instance at 0x14c15936bb40>,18,1,[5 2],25,29,30,4,26
1,<environment.Job instance at 0x14c15936b3c0>,20,1,[2 5],27,34,35,7,34
1,<environment.Job instance at 0x14c1540f1c30>,25,2,[2 7],34,39,41,5,39
1,<environment.Job instance at 0x14c1540f1a50>,23,1,[8 1],32,44,45,12,42
1,<environment.Job instance at 0x14c164038d20>,13,2,[1 6],17,51,53,34,51
1,<environment.Job instance at 0x14c15650caa0>,32,13,[1 8],43,58,71,15,58
1,<environment.Job instance at 0x14c15650cd70>,33,3,[ 2 10],44,71,74,27,58
1,<environment.Job instance at 0x14c15650c870>,34,1,[1 7],45,60,61,15,60
1,<environment.Job instance at 0x14c164031f00>,37,1,[2 9],52,74,75,22,70
1,<environment.Job instance at 0x14c164031780>,38,2,[ 2 10],55,75,77,20,70
1,<environment.Job instance at 0x14c164031eb0>,39,2,[7 1],56,71,73,15,71
1,<environment.Job instance at 0x14c1640317d0>,40,3,[1 5],57,73,76,16,72
1,<environment.Job instance at 0x14c164031b40>,41,2,[5 2],58,76,78,18,73
1,<environment.Job instance at 0x14c164031aa0>,42,1,[10  2],59,77,78,18,75
1,<environment.Job instance at 0x14c1640314b0>,43,1,[10  1],60,78,79,18,75
1,<environment.Job instance at 0x14c164031c80>,44,16,[10  2],61,79,95,18,78
1,<environment.Job instance at 0x14c164031320>,35,18,[2 7],49,78,96,29,78
1,<environment.Job instance at 0x14c164031550>,45,1,[8 2],63,95,96,32,86
1,<environment.Job instance at 0x14c154d29550>,49,1,[1 5],69,89,90,20,89
1,<environment.Job instance at 0x14c1557b0aa0>,51,15,[5 2],73,97,112,24,97
1,<environment.Job instance at 0x14c156523460>,56,17,[1 6],83,97,114,14,97
1,<environment.Job instance at 0x14c1535fdcd0>,57,1,[2 9],84,112,113,28,101
1,<environment.Job instance at 0x14c1535fd640>,58,2,[8 1],86,102,104,16,102
1,<environment.Job instance at 0x14c164f520a0>,60,2,[6 1],89,104,106,15,104
1,<environment.Job instance at 0x14c1540f15a0>,22,1,[1 5],29,104,105,75,104
1,<environment.Job instance at 0x14c164f524b0>,59,2,[9 2],88,117,119,29,117
1,<environment.Job instance at 0x14c15650cf50>,31,1,[7 1],42,119,120,77,119
1,<environment.Job instance at 0x14c155b04c80>,1,2,[1 6],2,2,4,0,2
1,<environment.Job instance at 0x14c155b04280>,2,2,[1 6],3,3,5,0,3
1,<environment.Job instance at 0x14c1a420e230>,4,1,[10  1],6,7,8,1,7
1,<environment.Job instance at 0x14c164392af0>,6,1,[2 8],8,8,9,0,8
1,<environment.Job instance at 0x14c164392730>,7,1,[6 1],10,10,11,0,10
1,<environment.Job instance at 0x14c164392c30>,8,1,[10  2],11,11,12,0,11
1,<environment.Job instance at 0x14c164f9adc0>,10,3,[2 7],15,15,18,0,15
1,<environment.Job instance at 0x14c164f9abe0>,11,1,[8 1],16,16,17,0,16
1,<environment.Job instance at 0x14c164f9a640>,13,12,[1 5],22,22,34,0,22
1,<environment.Job instance at 0x14c15673b410>,14,3,[2 7],23,24,27,1,24
1,<environment.Job instance at 0x14c155b04640>,0,1,[7 1],1,24,25,23,24
1,<environment.Job instance at 0x14c155948eb0>,16,2,[1 9],26,27,29,1,26
1,<environment.Job instance at 0x14c15673b5f0>,15,18,[2 8],24,29,47,5,27
1,<environment.Job instance at 0x14c15673b9b0>,18,3,[ 1 10],28,47,50,19,28
1,<environment.Job instance at 0x14c1565d9780>,23,3,[7 2],38,44,47,6,44
1,<environment.Job instance at 0x14c15669c3c0>,27,1,[1 9],46,50,51,4,46
1,<environment.Job instance at 0x14c15657e4b0>,28,18,[7 1],47,47,65,0,47
1,<environment.Job instance at 0x14c156680be0>,29,1,[1 7],48,51,52,3,48
1,<environment.Job instance at 0x14c1593805a0>,30,3,[8 1],50,52,55,2,50
1,<environment.Job instance at 0x14c1669d1c30>,31,3,[2 5],52,55,58,3,52
1,<environment.Job instance at 0x14c154d47dc0>,32,13,[1 9],54,55,68,1,54
1,<environment.Job instance at 0x14c1643b00a0>,33,12,[2 7],56,68,80,12,56
1,<environment.Job instance at 0x14c1643b0550>,34,1,[1 9],57,80,81,23,57
1,<environment.Job instance at 0x14c1643b00f0>,35,3,[ 1 10],58,81,84,23,58
1,<environment.Job instance at 0x14c1643b0460>,36,3,[ 1 10],60,84,87,24,60
1,<environment.Job instance at 0x14c1643b0b40>,37,2,[8 2],61,65,67,4,61
1,<environment.Job instance at 0x14c1565d99b0>,24,2,[2 6],40,67,69,27,61
1,<environment.Job instance at 0x14c1643b0af0>,38,1,[1 5],62,62,63,0,62
1,<environment.Job instance at 0x14c1650e5be0>,39,2,[8 1],63,68,70,5,63
1,<environment.Job instance at 0x14c1650e5870>,40,1,[5 2],65,65,66,0,65
1,<environment.Job instance at 0x14c1650e5780>,41,12,[13  2],66,446,458,380,446
1,<environment.Job instance at 0x14c15663eb90>,43,3,[1 7],71,446,449,375,446
1,<environment.Job instance at 0x14c15663e960>,44,15,[ 1 10],72,449,464,377,446
1,<environment.Job instance at 0x14c156a31780>,49,3,[8 1],78,458,461,380,446
1,<environment.Job instance at 0x14c156a31960>,50,3,[2 6],80,464,467,384,446
1,<environment.Job instance at 0x14c156a317d0>,51,20,[5 1],81,458,478,377,449
1,<environment.Job instance at 0x14c1650e5e60>,42,2,[1 9],69,467,469,398,456
1,<environment.Job instance at 0x14c156a3e0a0>,54,2,[2 7],85,464,466,379,456
1,<environment.Job instance at 0x14c156a3ef50>,55,2,[10  1],87,469,471,382,456
1,<environment.Job instance at 0x14c156a3e230>,56,15,[8 1],89,471,486,382,458
1,<environment.Job instance at 0x14c156a3e730>,53,2,[9 1],83,486,488,403,473
1,<environment.Job instance at 0x14c15939db90>,25,2,[2 5],42,1340,1342,1298,1340
1,<environment.Job instance at 0x14c155bee0f0>,0,1,[ 2 10],2,3,4,1,3
1,<environment.Job instance at 0x14c16446b870>,2,14,[ 1 10],6,6,20,0,6
1,<environment.Job instance at 0x14c152ae1640>,6,2,[2 9],12,20,22,8,12
1,<environment.Job instance at 0x14c152ae1be0>,7,16,[1 8],13,22,38,9,13
1,<environment.Job instance at 0x14c16449e230>,8,1,[2 9],14,38,39,24,17
1,<environment.Job instance at 0x14c16449edc0>,11,14,[1 9],18,39,53,21,24
1,<environment.Job instance at 0x14c164f78d70>,13,1,[1 5],22,24,25,2,24
1,<environment.Job instance at 0x14c16449e730>,12,15,[1 5],19,25,40,6,24
1,<environment.Job instance at 0x14c164f78870>,15,1,[6 2],24,24,25,0,24
1,<environment.Job instance at 0x14c164f783c0>,16,2,[6 1],25,25,27,0,25
1,<environment.Job instance at 0x14c164f78190>,18,1,[1 9],29,53,54,24,29
1,<environment.Job instance at 0x14c1559cd870>,19,1,[2 9],30,54,55,24,30
1,<environment.Job instance at 0x14c152aedbe0>,20,1,[2 9],31,55,56,24,31
1,<environment.Job instance at 0x14c1526ff640>,21,14,[1 6],34,40,54,6,34
1,<environment.Job instance at 0x14c1526ffc80>,22,2,[1 7],35,56,58,21,35
1,<environment.Job instance at 0x14c152b08c30>,23,1,[2 7],36,56,57,20,36
1,<environment.Job instance at 0x14c152b08a50>,24,2,[1 9],37,58,60,21,37
1,<environment.Job instance at 0x14c1525fc0f0>,25,16,[2 5],38,57,73,19,44
1,<environment.Job instance at 0x14c1525fcb40>,26,3,[1 8],40,60,63,20,45
1,<environment.Job instance at 0x14c1529e4500>,29,1,[2 7],46,63,64,17,46
1,<environment.Job instance at 0x14c1529e4a00>,30,2,[1 6],47,54,56,7,47
1,<environment.Job instance at 0x14c1529e4eb0>,31,3,[8 2],48,60,63,12,48
1,<environment.Job instance at 0x14c1529e4910>,32,2,[7 1],50,56,58,6,50
1,<environment.Job instance at 0x14c1529e4190>,33,18,[7 1],51,63,81,12,52
1,<environment.Job instance at 0x14c1529e4b90>,34,13,[8 2],52,73,86,21,57
1,<environment.Job instance at 0x14c1529e4aa0>,28,2,[7 1],44,81,83,37,63
1,<environment.Job instance at 0x14c1557ec190>,36,12,[ 2 10],58,83,95,25,66
1,<environment.Job instance at 0x14c1557ec3c0>,37,1,[10  1],59,86,87,27,66
1,<environment.Job instance at 0x14c152777fa0>,38,24,[1 8],60,95,119,35,90
1,<environment.Job instance at 0x14c152b0bfa0>,39,3,[1 7],61,95,98,34,90
1,<environment.Job instance at 0x14c1569b60f0>,40,1,[8 1],63,90,91,27,90
1,<environment.Job instance at 0x14c1569b64b0>,41,2,[8 2],64,91,93,27,90
1,<environment.Job instance at 0x14c1569b6870>,42,1,[1 7],65,98,99,33,90
1,<environment.Job instance at 0x14c1669dc780>,43,3,[2 9],66,119,122,53,93
1,<environment.Job instance at 0x14c1669dc820>,44,3,[ 1 14],67,122,125,55,96
1,<environment.Job instance at 0x14c1669dc500>,45,3,[1 8],72,125,128,53,99
1,<environment.Job instance at 0x14c1669dc550>,46,2,[10  2],73,99,101,26,99
1,<environment.Job instance at 0x14c1669dca00>,47,1,[11  1],74,101,102,27,99
1,<environment.Job instance at 0x14c1669dcc30>,48,3,[8 1],76,102,105,26,99
1,<environment.Job instance at 0x14c1669dcb90>,49,17,[2 8],77,128,145,51,116
1,<environment.Job instance at 0x14c1669dcdc0>,50,3,[1 9],78,145,148,67,119
1,<environment.Job instance at 0x14c1557ec1e0>,35,12,[5 1],57,119,131,62,119
1,<environment.Job instance at 0x14c1593a1280>,53,3,[1 8],82,148,151,66,122
1,<environment.Job instance at 0x14c1557e61e0>,52,3,[6 1],80,125,128,45,122
1,<environment.Job instance at 0x14c1593a1190>,54,2,[5 1],83,128,130,45,123
1,<environment.Job instance at 0x14c1593a19b0>,56,2,[2 8],85,151,153,66,124
1,<environment.Job instance at 0x14c1593a13c0>,57,1,[2 6],87,130,131,43,124
1,<environment.Job instance at 0x14c1593a1780>,55,2,[2 9],84,153,155,69,126
1,<environment.Job instance at 0x14c152ca5690>,1,1,[2 9],3,3,4,0,3
1,<environment.Job instance at 0x14c152ca5500>,2,1,[7 2],4,4,5,0,4
1,<environment.Job instance at 0x14c152ca5870>,3,3,[2 7],6,6,9,0,6
1,<environment.Job instance at 0x14c155bee190>,4,1,[10  1],7,7,8,0,7
1,<environment.Job instance at 0x14c1566c7c80>,5,15,[1 7],8,8,23,0,8
1,<environment.Job instance at 0x14c1534fe730>,17,3,[10  2],22,22,25,0,22
1,<environment.Job instance at 0x14c153520910>,18,1,[1 7],24,24,25,0,24
1,<environment.Job instance at 0x14c16432c190>,19,3,[1 6],25,25,28,0,25
1,<environment.Job instance at 0x14c16432c820>,20,2,[5 2],26,26,28,0,26
1,<environment.Job instance at 0x14c152b4dfa0>,21,16,[8 1],28,31,47,3,31
1,<environment.Job instance at 0x14c152b4d280>,25,17,[ 1 14],32,32,49,0,32
1,<environment.Job instance at 0x14c152b4db40>,22,1,[9 2],29,49,50,20,32
1,<environment.Job instance at 0x14c15580f280>,27,12,[1 9],34,49,61,15,34
1,<environment.Job instance at 0x14c1566c50f0>,24,13,[1 6],31,50,63,19,34
1,<environment.Job instance at 0x14c1673eb230>,28,3,[2 6],35,61,64,26,35
1,<environment.Job instance at 0x14c16530da00>,26,2,[1 5],33,63,65,30,37
1,<environment.Job instance at 0x14c1535a41e0>,30,2,[11  2],37,61,63,24,37
1,<environment.Job instance at 0x14c1535a44b0>,31,2,[1 9],38,64,66,26,38
1,<environment.Job instance at 0x14c1535a45f0>,33,1,[9 1],40,47,48,7,40
1,<environment.Job instance at 0x14c152dcb9b0>,35,1,[1 5],42,65,66,23,42
1,<environment.Job instance at 0x14c156731e60>,39,12,[2 9],47,66,78,19,49
1,<environment.Job instance at 0x14c152e1a8c0>,41,15,[7 2],50,66,81,16,63
1,<environment.Job instance at 0x14c16504ec80>,49,12,[2 8],64,78,90,14,64
1,<environment.Job instance at 0x14c16504e1e0>,50,3,[10  2],65,81,84,16,65
1,<environment.Job instance at 0x14c16504edc0>,51,1,[7 1],67,84,85,17,83
1,<environment.Job instance at 0x14c16504eb40>,54,1,[2 7],71,85,86,14,83
1,<environment.Job instance at 0x14c16504e910>,55,2,[10  2],72,86,88,14,83
1,<environment.Job instance at 0x14c1676ca5f0>,57,1,[6 1],78,84,85,6,84
1,<environment.Job instance at 0x14c1530ac5a0>,58,2,[7 1],79,88,90,9,84
1,<environment.Job instance at 0x14c1530acb90>,59,1,[1 8],80,90,91,10,84
1,<environment.Job instance at 0x14c1530ac460>,60,18,[1 9],81,91,109,10,84
1,<environment.Job instance at 0x14c1530acbe0>,61,15,[1 9],83,109,124,26,97
1,<environment.Job instance at 0x14c1566c5aa0>,2,18,[9 1],5,6,24,1,6
1,<environment.Job instance at 0x14c152807a00>,6,2,[10  1],10,24,26,14,10
1,<environment.Job instance at 0x14c152807c80>,7,1,[ 2 10],12,12,13,0,12
1,<environment.Job instance at 0x14c152807aa0>,8,1,[10  2],14,26,27,12,14
1,<environment.Job instance at 0x14c1642bfc80>,3,2,[5 2],6,16,18,10,16
1,<environment.Job instance at 0x14c152af1050>,12,1,[5 2],18,18,19,0,18
1,<environment.Job instance at 0x14c1650063c0>,13,13,[1 7],19,19,32,0,19
1,<environment.Job instance at 0x14c165006e10>,18,1,[9 2],25,27,28,2,25
1,<environment.Job instance at 0x14c1646abdc0>,19,3,[6 1],27,28,31,1,27
1,<environment.Job instance at 0x14c1646ab050>,20,1,[ 1 10],28,32,33,4,28
1,<environment.Job instance at 0x14c1643e24b0>,21,1,[8 2],30,30,31,0,30
1,<environment.Job instance at 0x14c156543dc0>,22,2,[2 7],31,33,35,2,31
1,<environment.Job instance at 0x14c156a21320>,23,12,[2 7],33,33,45,0,33
1,<environment.Job instance at 0x14c164f70820>,24,20,[ 2 10],34,45,65,11,36
1,<environment.Job instance at 0x14c156a21be0>,25,15,[2 9],35,65,80,30,56
1,<environment.Job instance at 0x14c1643489b0>,37,1,[8 2],53,77,78,24,77
1,<environment.Job instance at 0x14c164348690>,38,3,[ 2 13],54,80,83,26,77
1,<environment.Job instance at 0x14c164348aa0>,39,2,[7 1],56,78,80,22,77
1,<environment.Job instance at 0x14c157d083c0>,40,2,[7 1],59,80,82,21,77
1,<environment.Job instance at 0x14c1672886e0>,41,17,[8 1],62,82,99,20,77
1,<environment.Job instance at 0x14c1672887d0>,42,1,[6 1],63,78,79,15,77
1,<environment.Job instance at 0x14c1672880a0>,43,1,[7 2],64,83,84,19,77
1,<environment.Job instance at 0x14c167288a50>,44,2,[ 1 10],65,84,86,19,77
1,<environment.Job instance at 0x14c164397aa0>,46,1,[2 6],67,86,87,19,83
1,<environment.Job instance at 0x14c167288f50>,47,3,[1 7],68,86,89,18,83
1,<environment.Job instance at 0x14c1643979b0>,48,1,[8 2],70,99,100,29,83
1,<environment.Job instance at 0x14c165069410>,49,2,[2 8],72,89,91,17,83
1,<environment.Job instance at 0x14c152a197d0>,26,12,[1 5],36,87,99,51,83
1,<environment.Job instance at 0x14c1642ca1e0>,51,18,[1 9],80,91,109,11,83
1,<environment.Job instance at 0x14c1642ca460>,52,2,[10  2],81,100,102,19,83
1,<environment.Job instance at 0x14c1642caf50>,53,1,[1 8],82,109,110,27,83
1,<environment.Job instance at 0x14c152e4f7d0>,54,1,[9 1],84,102,103,18,84
1,<environment.Job instance at 0x14c155c6b9b0>,55,3,[2 7],85,109,112,24,85
1,<environment.Job instance at 0x14c152df1550>,56,2,[ 2 10],86,112,114,26,86
1,<environment.Job instance at 0x14c152df1be0>,57,18,[8 1],88,110,128,22,99
1,<environment.Job instance at 0x14c164348230>,33,2,[2 5],48,114,116,66,112
1,<environment.Job instance at 0x14c152dfa4b0>,58,13,[1 6],89,114,127,25,112
1,<environment.Job instance at 0x14c1566c5eb0>,5,2,[ 2 14],8,390,392,382,390
1,<environment.Job instance at 0x14c164348b40>,36,1,[14  2],52,1366,1367,1314,1366
1,<environment.Job instance at 0x14c1566ffcd0>,1,16,[ 2 10],3,3,19,0,3
1,<environment.Job instance at 0x14c164348b40>,3,2,[ 2 10],7,19,21,12,7
1,<environment.Job instance at 0x14c15358b2d0>,4,2,[1 5],8,10,12,2,10
1,<environment.Job instance at 0x14c152af19b0>,8,2,[8 2],12,12,14,0,12
1,<environment.Job instance at 0x14c152af1500>,9,1,[8 2],13,14,15,1,13
1,<environment.Job instance at 0x14c15598af50>,10,15,[ 1 12],14,21,36,7,14
1,<environment.Job instance at 0x14c152af1be0>,11,2,[1 7],15,36,38,21,15
1,<environment.Job instance at 0x14c156a08910>,13,18,[8 2],17,17,35,0,17
1,<environment.Job instance at 0x14c156a085a0>,14,18,[1 9],18,38,56,20,27
1,<environment.Job instance at 0x14c156a084b0>,18,23,[6 1],23,27,50,4,27
1,<environment.Job instance at 0x14c156a08690>,19,2,[2 6],24,36,38,12,27
1,<environment.Job instance at 0x14c156a08780>,20,14,[2 5],25,38,52,13,36
1,<environment.Job instance at 0x14c15212fcd0>,24,2,[8 2],29,52,54,23,36
1,<environment.Job instance at 0x14c152d94be0>,25,13,[1 8],31,56,69,25,40
1,<environment.Job instance at 0x14c152ac3280>,26,2,[8 2],32,54,56,22,40
1,<environment.Job instance at 0x14c16503ae10>,27,3,[7 1],33,56,59,23,40
1,<environment.Job instance at 0x14c152156af0>,28,1,[1 8],35,69,70,34,41
1,<environment.Job instance at 0x14c1535c2280>,29,1,[8 2],36,59,60,23,41
1,<environment.Job instance at 0x14c152a791e0>,30,3,[1 8],40,70,73,30,44
1,<environment.Job instance at 0x14c1672dbf00>,31,1,[2 6],43,56,57,13,44
1,<environment.Job instance at 0x14c15211ea50>,32,1,[2 7],45,60,61,15,45
1,<environment.Job instance at 0x14c152807410>,33,1,[7 1],46,50,51,4,46
1,<environment.Job instance at 0x14c153610af0>,34,3,[6 2],48,52,55,4,48
1,<environment.Job instance at 0x14c153610aa0>,35,2,[2 6],50,57,59,7,50
1,<environment.Job instance at 0x14c153610f50>,36,14,[1 8],51,73,87,22,58
1,<environment.Job instance at 0x14c153610460>,37,17,[9 1],52,61,78,9,58
1,<environment.Job instance at 0x14c156a08960>,17,2,[2 5],22,61,63,39,58
1,<environment.Job instance at 0x14c15668d3c0>,23,3,[11  1],28,78,81,50,58
1,<environment.Job instance at 0x14c1669b5f50>,40,2,[ 1 10],56,87,89,31,60
1,<environment.Job instance at 0x14c1669b5aa0>,38,2,[10  2],53,81,83,28,60
1,<environment.Job instance at 0x14c152d9e1e0>,47,2,[2 6],64,64,66,0,64
1,<environment.Job instance at 0x14c152d9ee10>,49,3,[7 1],67,83,86,16,71
1,<environment.Job instance at 0x14c152d9e7d0>,50,2,[2 9],69,89,91,20,71
1,<environment.Job instance at 0x14c152d9e230>,51,2,[5 1],70,71,73,1,71
1,<environment.Job instance at 0x14c152d9e0f0>,52,3,[ 2 12],71,91,94,20,71
1,<environment.Job instance at 0x14c1669b5500>,39,3,[10  1],54,86,89,32,72
1,<environment.Job instance at 0x14c152d9ea50>,53,2,[1 5],72,75,77,3,75
1,<environment.Job instance at 0x14c1559a26e0>,56,19,[10  1],77,89,108,12,79
1,<environment.Job instance at 0x14c1559a2be0>,57,2,[1 9],79,94,96,15,79
1,<environment.Job instance at 0x14c1559a2780>,55,3,[ 2 10],75,96,99,21,79
1,<environment.Job instance at 0x14c1559a2140>,58,1,[2 9],81,99,100,18,81
1,<environment.Job instance at 0x14c1559a2a50>,59,2,[ 2 10],82,100,102,18,82
1,<environment.Job instance at 0x14c1559a2b90>,60,3,[2 9],83,102,105,19,83
1,<environment.Job instance at 0x14c1559a2320>,63,14,[2 9],87,105,119,18,90
1,<environment.Job instance at 0x14c1527f9c80>,65,1,[2 6],89,108,109,19,90
1,<environment.Job instance at 0x14c1566d5f50>,4,1,[1 5],8,9,10,1,9
1,<environment.Job instance at 0x14c1566d5730>,11,12,[2 6],16,16,28,0,16
1,<environment.Job instance at 0x14c1566d5280>,9,12,[7 2],14,24,36,10,24
1,<environment.Job instance at 0x14c153663550>,19,3,[ 1 10],25,28,31,3,25
1,<environment.Job instance at 0x14c152a8ee10>,20,15,[ 1 10],26,31,46,5,26
1,<environment.Job instance at 0x14c152a8e3c0>,21,2,[2 9],27,46,48,19,33
1,<environment.Job instance at 0x14c153663910>,23,2,[1 6],29,46,48,17,33
1,<environment.Job instance at 0x14c152db4dc0>,25,3,[6 2],32,34,37,2,34
1,<environment.Job instance at 0x14c152db41e0>,26,1,[2 9],33,48,49,15,34
1,<environment.Job instance at 0x14c152db48c0>,27,2,[8 2],36,36,38,0,36
1,<environment.Job instance at 0x14c152db4eb0>,28,1,[1 5],39,39,40,0,39
1,<environment.Job instance at 0x14c165003640>,29,2,[6 2],40,40,42,0,40
1,<environment.Job instance at 0x14c1650036e0>,30,2,[5 1],42,42,44,0,42
1,<environment.Job instance at 0x14c164f4abe0>,32,3,[8 2],47,48,51,1,47
1,<environment.Job instance at 0x14c164f4a640>,33,14,[1 6],50,50,64,0,50
1,<environment.Job instance at 0x14c164f4a550>,34,2,[2 5],51,51,53,0,51
1,<environment.Job instance at 0x14c164f4adc0>,35,12,[9 1],52,52,64,0,52
1,<environment.Job instance at 0x14c155b672d0>,36,2,[6 2],53,64,66,11,53
1,<environment.Job instance at 0x14c155b67dc0>,37,2,[1 8],54,54,56,0,54
1,<environment.Job instance at 0x14c155ba1be0>,38,21,[2 5],55,56,77,1,55
1,<environment.Job instance at 0x14c155ba1d20>,39,15,[8 1],57,66,81,9,57
1,<environment.Job instance at 0x14c15265af00>,40,12,[2 8],58,64,76,6,58
1,<environment.Job instance at 0x14c15360dc80>,42,3,[2 7],60,76,79,16,64
1,<environment.Job instance at 0x14c155b50640>,43,20,[14  1],63,81,101,18,72
1,<environment.Job instance at 0x14c155b50aa0>,45,2,[1 7],65,77,79,12,74
1,<environment.Job instance at 0x14c155ac0c80>,47,2,[2 5],69,79,81,10,77
1,<environment.Job instance at 0x14c1527ecb90>,51,14,[2 9],73,101,115,28,87
1,<environment.Job instance at 0x14c1527ecb40>,52,16,[2 5],74,101,117,27,91
1,<environment.Job instance at 0x14c16426f4b0>,53,1,[1 9],76,91,92,15,91
1,<environment.Job instance at 0x14c1527ec6e0>,55,1,[1 7],78,92,93,14,91
1,<environment.Job instance at 0x14c1527ec640>,56,1,[8 2],79,115,116,36,91
1,<environment.Job instance at 0x14c1557f1b40>,57,3,[ 1 10],80,93,96,13,91
1,<environment.Job instance at 0x14c155995dc0>,58,3,[ 1 12],81,96,99,15,91
1,<environment.Job instance at 0x14c155ba4c80>,60,3,[2 5],83,115,118,32,91
1,<environment.Job instance at 0x14c1669d66e0>,17,2,[14  1],23,118,120,95,91
1,<environment.Job instance at 0x14c153663050>,22,1,[12  2],28,117,118,89,92
1,<environment.Job instance at 0x14c1567245f0>,62,1,[9 2],88,116,117,28,94
1,<environment.Job instance at 0x14c1524c5a00>,1,1,[9 2],3,3,4,0,3
1,<environment.Job instance at 0x14c1524c5be0>,2,2,[ 1 11],5,5,7,0,5
1,<environment.Job instance at 0x14c1524c5d20>,3,2,[7 2],7,7,9,0,7
1,<environment.Job instance at 0x14c1524c5280>,5,1,[7 2],9,11,12,2,11
1,<environment.Job instance at 0x14c1524c53c0>,8,3,[2 6],12,12,15,0,12
1,<environment.Job instance at 0x14c1524c5910>,9,27,[1 5],15,15,42,0,15
1,<environment.Job instance at 0x14c1524c5410>,10,2,[2 5],17,20,22,3,20
1,<environment.Job instance at 0x14c1524c5eb0>,13,12,[2 9],22,22,34,0,22
1,<environment.Job instance at 0x14c1524c5190>,14,3,[2 6],23,34,37,11,23
1,<environment.Job instance at 0x14c1524c5550>,15,18,[9 1],25,25,43,0,25
1,<environment.Job instance at 0x14c15255cd20>,19,16,[1 7],30,37,53,7,30
1,<environment.Job instance at 0x14c15255c190>,20,13,[5 1],31,42,55,11,40
1,<environment.Job instance at 0x14c15255ceb0>,21,12,[8 1],32,43,55,11,40
1,<environment.Job instance at 0x14c15255c0a0>,23,3,[7 1],34,55,58,21,41
1,<environment.Job instance at 0x14c15255c320>,16,3,[14  2],26,58,61,32,41
1,<environment.Job instance at 0x14c15255cc30>,24,17,[1 7],35,53,70,18,41
1,<environment.Job instance at 0x14c15255c910>,26,1,[1 5],37,43,44,6,41
1,<environment.Job instance at 0x14c15255cb40>,27,1,[ 1 10],39,70,71,31,42
1,<environment.Job instance at 0x14c152ba4c30>,28,2,[6 1],42,55,57,13,42
1,<environment.Job instance at 0x14c152ba4f50>,29,1,[8 1],43,61,62,18,43
1,<environment.Job instance at 0x14c152ba4780>,31,2,[5 2],45,61,63,16,45
1,<environment.Job instance at 0x14c152ba4aa0>,32,3,[5 2],47,62,65,15,47
1,<environment.Job instance at 0x14c152ba4d20>,33,13,[7 2],48,63,76,15,48
1,<environment.Job instance at 0x14c152ba45f0>,30,1,[9 1],44,76,77,32,63
1,<environment.Job instance at 0x14c164322cd0>,40,16,[2 9],58,71,87,13,63
1,<environment.Job instance at 0x14c16446a1e0>,42,2,[2 7],61,87,89,26,63
1,<environment.Job instance at 0x14c16446a050>,44,2,[1 5],64,65,67,1,64
1,<environment.Job instance at 0x14c164322870>,39,18,[1 9],57,89,107,32,78
1,<environment.Job instance at 0x14c16446af50>,46,19,[2 5],66,78,97,12,78
1,<environment.Job instance at 0x14c16446a5f0>,47,3,[1 9],67,107,110,40,81
1,<environment.Job instance at 0x14c16446ae10>,48,2,[9 2],68,87,89,19,81
1,<environment.Job instance at 0x14c16446a0a0>,49,3,[7 1],69,81,84,12,81
1,<environment.Job instance at 0x14c16446a370>,50,3,[2 7],70,110,113,40,84
1,<environment.Job instance at 0x14c16446adc0>,51,2,[9 2],71,97,99,26,84
1,<environment.Job instance at 0x14c16446a690>,52,3,[ 1 14],72,113,116,41,87
1,<environment.Job instance at 0x14c16446afa0>,53,1,[2 9],74,116,117,42,88
1,<environment.Job instance at 0x14c16446a640>,54,1,[1 8],76,110,111,34,88
1,<environment.Job instance at 0x14c16446ad20>,45,3,[9 1],65,99,102,34,97
1,<environment.Job instance at 0x14c16446acd0>,56,2,[ 1 10],78,117,119,39,97
1,<environment.Job instance at 0x14c1525774b0>,58,12,[6 2],81,116,128,35,113
1,<environment.Job instance at 0x14c152577e10>,61,3,[1 5],84,119,122,35,113
1,<environment.Job instance at 0x14c152577780>,62,2,[1 9],85,122,124,37,113
1,<environment.Job instance at 0x14c1525778c0>,63,2,[10  2],86,128,130,42,115
1,<environment.Job instance at 0x14c152517410>,2,2,[2 5],3,3,5,0,3
1,<environment.Job instance at 0x14c152577820>,3,1,[10  1],5,5,6,0,5
1,<environment.Job instance at 0x14c1526ff7d0>,4,1,[5 2],7,7,8,0,7
1,<environment.Job instance at 0x14c1526ff500>,5,27,[5 1],9,9,36,0,9
1,<environment.Job instance at 0x14c156a1b6e0>,9,2,[1 9],16,17,19,1,17
1,<environment.Job instance at 0x14c155b16b90>,19,14,[ 1 13],34,35,49,1,35
1,<environment.Job instance at 0x14c155b169b0>,21,24,[8 1],36,40,64,4,40
1,<environment.Job instance at 0x14c1646ab140>,23,1,[1 6],38,49,50,11,48
1,<environment.Job instance at 0x14c1a8af5230>,24,2,[2 6],39,49,51,10,48
1,<environment.Job instance at 0x14c16443eb40>,22,1,[6 2],37,51,52,14,48
1,<environment.Job instance at 0x14c164fd95f0>,26,2,[ 1 10],42,51,53,9,48
1,<environment.Job instance at 0x14c1669870f0>,28,18,[6 2],47,63,81,16,63
1,<environment.Job instance at 0x14c1529cdbe0>,31,3,[1 9],51,63,66,12,63
1,<environment.Job instance at 0x14c1535310a0>,32,1,[10  1],52,81,82,29,64
1,<environment.Job instance at 0x14c165075230>,33,3,[5 1],53,65,68,12,65
1,<environment.Job instance at 0x14c153531e60>,35,3,[ 2 10],55,66,69,11,65
1,<environment.Job instance at 0x14c1535313c0>,36,1,[ 1 12],57,69,70,12,65
1,<environment.Job instance at 0x14c1650a63c0>,37,1,[ 1 10],58,70,71,12,65
1,<environment.Job instance at 0x14c15359ed20>,38,18,[1 9],59,71,89,12,65
1,<environment.Job instance at 0x14c156a1b230>,10,3,[1 6],17,82,85,65,68
1,<environment.Job instance at 0x14c1528479b0>,45,2,[1 6],69,85,87,16,72
1,<environment.Job instance at 0x14c1567264b0>,44,17,[2 7],68,89,106,21,77
1,<environment.Job instance at 0x14c15283d2d0>,47,1,[6 2],71,77,78,6,77
1,<environment.Job instance at 0x14c15283d6e0>,48,2,[1 7],73,89,91,16,77
1,<environment.Job instance at 0x14c1642e0b40>,50,2,[2 8],75,91,93,16,77
1,<environment.Job instance at 0x14c1642e0eb0>,53,17,[1 8],78,93,110,15,81
1,<environment.Job instance at 0x14c1642e0a00>,51,1,[6 1],76,87,88,11,82
1,<environment.Job instance at 0x14c1642e0d20>,55,1,[5 2],81,87,88,6,84
1,<environment.Job instance at 0x14c1642e0410>,56,13,[1 9],82,110,123,28,94
1,<environment.Job instance at 0x14c1528375a0>,57,15,[2 9],83,123,138,40,109
1,<environment.Job instance at 0x14c1528371e0>,58,2,[2 6],84,109,111,25,109
1,<environment.Job instance at 0x14c152837c80>,59,1,[13  2],85,111,112,26,109
1,<environment.Job instance at 0x14c152837e60>,60,3,[2 6],87,112,115,25,109
1,<environment.Job instance at 0x14c152837460>,61,17,[14  2],88,138,155,50,137
1,<environment.Job instance at 0x14c1528372d0>,62,18,[1 8],89,138,156,49,137
1,<environment.Job instance at 0x14c15668dbe0>,20,12,[1 7],35,155,167,120,147
1,<environment.Job instance at 0x14c1652fee60>,5,1,[1 8],7,7,8,0,7
1,<environment.Job instance at 0x14c155b299b0>,6,1,[8 1],8,8,9,0,8
1,<environment.Job instance at 0x14c155b06280>,8,2,[1 6],10,10,12,0,10
1,<environment.Job instance at 0x14c155b06fa0>,9,2,[7 2],12,16,18,4,16
1,<environment.Job instance at 0x14c152063be0>,12,2,[2 6],17,17,19,0,17
1,<environment.Job instance at 0x14c15207ae10>,13,15,[10  2],18,18,33,0,18
1,<environment.Job instance at 0x14c155c16320>,14,2,[6 2],19,33,35,14,20
1,<environment.Job instance at 0x14c155c167d0>,15,15,[7 1],20,33,48,13,20
1,<environment.Job instance at 0x14c155c16410>,10,1,[ 2 10],13,20,21,7,20
1,<environment.Job instance at 0x14c152806e60>,25,2,[8 2],33,35,37,2,33
1,<environment.Job instance at 0x14c1520d7f50>,26,1,[2 7],35,37,38,2,35
1,<environment.Job instance at 0x14c1520d7730>,27,1,[1 8],36,38,39,2,36
1,<environment.Job instance at 0x14c1669d8230>,28,1,[7 1],37,38,39,1,37
1,<environment.Job instance at 0x14c1669d8910>,29,3,[5 2],38,39,42,1,38
1,<environment.Job instance at 0x14c1669d8fa0>,30,1,[10  1],39,48,49,9,39
1,<environment.Job instance at 0x14c1669d8dc0>,31,1,[ 1 10],40,40,41,0,40
1,<environment.Job instance at 0x14c1669d8640>,32,1,[2 5],41,41,42,0,41
1,<environment.Job instance at 0x14c1669d8f50>,33,2,[ 1 10],42,42,44,0,42
1,<environment.Job instance at 0x14c1669d8050>,34,2,[2 8],43,44,46,1,43
1,<environment.Job instance at 0x14c1540f1370>,35,1,[8 2],44,46,47,2,44
1,<environment.Job instance at 0x14c1540f1c80>,36,2,[6 1],47,49,51,2,47
1,<environment.Job instance at 0x14c1566a4be0>,37,1,[5 2],50,50,51,0,50
1,<environment.Job instance at 0x14c1566a4f00>,38,1,[9 2],51,51,52,0,51
1,<environment.Job instance at 0x14c1566a4b90>,39,2,[8 2],52,52,54,0,52
1,<environment.Job instance at 0x14c1566a4640>,40,1,[6 2],53,53,54,0,53
1,<environment.Job instance at 0x14c1557e3c80>,41,3,[ 2 10],55,55,58,0,55
1,<environment.Job instance at 0x14c15244cb90>,42,18,[ 2 11],56,58,76,2,56
1,<environment.Job instance at 0x14c15277b230>,43,2,[8 2],58,60,62,2,60
1,<environment.Job instance at 0x14c15277bbe0>,46,3,[1 8],61,76,79,15,61
1,<environment.Job instance at 0x14c15277b140>,47,17,[7 1],62,62,79,0,62
1,<environment.Job instance at 0x14c1520cebe0>,48,2,[10  1],63,79,81,16,63
1,<environment.Job instance at 0x14c152df7d20>,49,1,[8 2],64,81,82,17,64
1,<environment.Job instance at 0x14c153512460>,50,2,[5 1],65,65,67,0,65
1,<environment.Job instance at 0x14c153512910>,51,2,[6 1],66,67,69,1,66
1,<environment.Job instance at 0x14c153512aa0>,52,3,[6 2],67,69,72,2,67
1,<environment.Job instance at 0x14c1535123c0>,53,3,[10  1],68,82,85,14,68
1,<environment.Job instance at 0x14c1535126e0>,54,18,[2 7],69,79,97,10,69
1,<environment.Job instance at 0x14c1672efe10>,55,3,[1 7],70,82,85,12,70
1,<environment.Job instance at 0x14c1672ef9b0>,59,2,[2 8],80,85,87,5,81
1,<environment.Job instance at 0x14c1643d6500>,60,2,[2 5],81,87,89,6,83
1,<environment.Job instance at 0x14c1643d68c0>,61,16,[8 1],83,87,103,4,87
1,<environment.Job instance at 0x14c1643d6780>,62,2,[2 6],84,89,91,5,87
1,<environment.Job instance at 0x14c1643d6370>,63,1,[10  2],85,103,104,18,87
1,<environment.Job instance at 0x14c1643d6c80>,64,18,[5 2],86,91,109,5,87
1,<environment.Job instance at 0x14c1643d6f00>,66,27,[5 1],88,104,131,16,102
1,<environment.Job instance at 0x14c1650e2af0>,3,2,[2 9],6,6,8,0,6
1,<environment.Job instance at 0x14c1650e25a0>,4,12,[8 1],9,9,21,0,9
1,<environment.Job instance at 0x14c1672fa7d0>,5,18,[1 6],10,12,30,2,12
1,<environment.Job instance at 0x14c1672fafa0>,6,2,[10  1],12,21,23,9,12
1,<environment.Job instance at 0x14c1672fa5a0>,8,1,[2 9],14,23,24,9,14
1,<environment.Job instance at 0x14c152db0910>,10,3,[ 1 12],19,30,33,11,19
1,<environment.Job instance at 0x14c152db01e0>,9,1,[7 2],16,24,25,8,22
1,<environment.Job instance at 0x14c152db0f50>,12,1,[1 8],25,28,29,3,28
1,<environment.Job instance at 0x14c1558eec30>,15,1,[2 5],29,29,30,0,29
1,<environment.Job instance at 0x14c15255b460>,16,22,[9 2],30,30,52,0,30
1,<environment.Job instance at 0x14c152185960>,17,20,[9 1],35,52,72,17,43
1,<environment.Job instance at 0x14c155a51820>,20,1,[1 7],39,43,44,4,43
1,<environment.Job instance at 0x14c155a51dc0>,21,18,[2 6],40,43,61,3,43
1,<environment.Job instance at 0x14c1558ee640>,18,1,[9 1],36,72,73,36,44
1,<environment.Job instance at 0x14c1642fc320>,25,15,[1 6],46,46,61,0,46
1,<environment.Job instance at 0x14c155ad3370>,26,3,[8 2],47,73,76,26,47
1,<environment.Job instance at 0x14c1672860f0>,28,2,[2 8],50,61,63,11,50
1,<environment.Job instance at 0x14c1672863c0>,29,1,[6 2],52,63,64,11,52
1,<environment.Job instance at 0x14c167286fa0>,30,3,[1 6],53,64,67,11,53
1,<environment.Job instance at 0x14c167286460>,31,1,[2 6],54,61,62,7,54
1,<environment.Job instance at 0x14c152ba35a0>,32,2,[ 2 10],55,67,69,12,56
1,<environment.Job instance at 0x14c152ba3280>,35,3,[ 2 10],59,69,72,10,59
1,<environment.Job instance at 0x14c152c29460>,38,1,[2 7],63,64,65,1,63
1,<environment.Job instance at 0x14c156723c30>,39,2,[8 1],64,76,78,12,64
1,<environment.Job instance at 0x14c152b08af0>,41,17,[ 2 10],66,72,89,6,66
1,<environment.Job instance at 0x14c164365c30>,43,1,[2 9],69,89,90,20,69
1,<environment.Job instance at 0x14c164365f50>,44,3,[ 1 10],70,90,93,20,70
1,<environment.Job instance at 0x14c1529ebb40>,45,1,[1 9],71,93,94,22,71
1,<environment.Job instance at 0x14c155b620a0>,46,3,[7 2],72,78,81,6,72
1,<environment.Job instance at 0x14c159369280>,48,3,[ 1 10],75,94,97,19,75
1,<environment.Job instance at 0x14c159369e60>,49,2,[5 2],78,78,80,0,78
1,<environment.Job instance at 0x14c159369af0>,50,19,[9 2],80,81,100,1,80
1,<environment.Job instance at 0x14c159369a00>,51,3,[2 6],81,97,100,16,81
1,<environment.Job instance at 0x14c159369910>,52,2,[9 1],82,100,102,18,82
1,<environment.Job instance at 0x14c1593690f0>,54,1,[1 7],84,97,98,13,84
1,<environment.Job instance at 0x14c152c57640>,55,2,[9 2],85,102,104,17,85
1,<environment.Job instance at 0x14c152c577d0>,56,1,[ 1 11],86,100,101,14,86
1,<environment.Job instance at 0x14c152c57b90>,57,2,[1 9],88,101,103,13,88
1,<environment.Job instance at 0x14c152c572d0>,58,2,[2 6],89,98,100,9,89
1,<environment.Job instance at 0x14c157cf9b90>,15,3,[ 1 10],24,59,62,35,59
1,<environment.Job instance at 0x14c1559a2b90>,16,18,[2 7],25,62,80,37,59
1,<environment.Job instance at 0x14c1535076e0>,7,1,[5 1],13,75,76,62,75
1,<environment.Job instance at 0x14c1559a2fa0>,17,1,[6 1],26,75,76,49,75
1,<environment.Job instance at 0x14c1559a20a0>,19,3,[1 7],28,76,79,48,75
1,<environment.Job instance at 0x14c1559a29b0>,20,1,[2 6],29,75,76,46,75
1,<environment.Job instance at 0x14c1559a2d70>,21,3,[2 9],30,80,83,50,75
1,<environment.Job instance at 0x14c1559a2aa0>,22,2,[2 6],31,79,81,48,75
1,<environment.Job instance at 0x14c1569b40a0>,23,1,[2 6],32,81,82,49,75
1,<environment.Job instance at 0x14c1569b4d20>,24,1,[7 2],34,79,80,45,75
1,<environment.Job instance at 0x14c1559a2960>,25,2,[2 6],35,82,84,47,75
1,<environment.Job instance at 0x14c1559a2be0>,26,1,[10  1],36,76,77,40,75
1,<environment.Job instance at 0x14c164f61640>,27,3,[8 2],37,83,86,46,75
1,<environment.Job instance at 0x14c152e367d0>,28,3,[ 2 13],38,84,87,46,75
1,<environment.Job instance at 0x14c164f616e0>,29,14,[6 1],39,86,100,47,80
1,<environment.Job instance at 0x14c164f61690>,30,1,[1 5],40,83,84,43,80
1,<environment.Job instance at 0x14c164f61a00>,31,2,[2 5],41,87,89,46,80
1,<environment.Job instance at 0x14c1529eb910>,33,3,[ 1 10],43,89,92,46,80
1,<environment.Job instance at 0x14c16431aa50>,35,18,[2 8],45,92,110,47,84
1,<environment.Job instance at 0x14c1559a2a50>,18,16,[2 8],27,110,126,83,98
1,<environment.Job instance at 0x14c1527bd910>,6,1,[5 2],12,116,117,104,116
1,<environment.Job instance at 0x14c15359ce60>,38,2,[5 1],48,116,118,68,116
1,<environment.Job instance at 0x14c15359c0a0>,40,26,[ 1 10],50,126,152,76,123
1,<environment.Job instance at 0x14c15359ca50>,42,15,[1 7],52,152,167,100,138
1,<environment.Job instance at 0x14c15359ceb0>,43,1,[6 1],54,138,139,84,138
1,<environment.Job instance at 0x14c15359c730>,44,17,[1 5],55,139,156,84,138
1,<environment.Job instance at 0x14c15288a8c0>,47,1,[2 9],58,167,168,109,139
1,<environment.Job instance at 0x14c1a89f13c0>,48,18,[7 1],59,152,170,93,141
1,<environment.Job instance at 0x14c1a89f11e0>,49,2,[2 7],62,156,158,94,141
1,<environment.Job instance at 0x14c152693f00>,50,2,[ 2 10],63,168,170,105,141
1,<environment.Job instance at 0x14c15654a500>,55,2,[ 1 10],69,170,172,101,156
1,<environment.Job instance at 0x14c1524ed140>,60,3,[1 9],75,172,175,97,159
1,<environment.Job instance at 0x14c152858aa0>,63,19,[1 5],85,170,189,85,163
1,<environment.Job instance at 0x14c1525e36e0>,65,2,[1 8],88,175,177,87,164
1,<environment.Job instance at 0x14c1525e3460>,66,1,[1 7],89,164,165,75,164
1,<environment.Job instance at 0x14c153610e10>,8,2,[1 5],16,185,187,169,185
1,<environment.Job instance at 0x14c15359c4b0>,37,3,[7 1],47,188,191,141,188
1,<environment.Job instance at 0x14c1642c3c80>,2,3,[ 2 10],7,7,10,0,7
1,<environment.Job instance at 0x14c155c17d20>,3,3,[2 8],8,10,13,2,8
1,<environment.Job instance at 0x14c15359c4b0>,4,2,[2 7],9,10,12,1,9
1,<environment.Job instance at 0x14c155817690>,5,3,[10  2],11,12,15,1,11
1,<environment.Job instance at 0x14c155817550>,6,2,[2 7],12,13,15,1,12
1,<environment.Job instance at 0x14c164499f00>,7,12,[ 1 10],13,15,27,2,13
1,<environment.Job instance at 0x14c164499aa0>,9,3,[2 6],15,27,30,12,15
1,<environment.Job instance at 0x14c164499a00>,10,1,[1 8],16,27,28,11,16
1,<environment.Job instance at 0x14c1644996e0>,11,13,[2 7],17,28,41,11,24
1,<environment.Job instance at 0x14c1669df320>,17,15,[ 2 10],26,41,56,15,27
1,<environment.Job instance at 0x14c155bfcc80>,20,15,[2 6],29,61,76,32,61
1,<environment.Job instance at 0x14c1646ae050>,41,17,[6 2],63,67,84,4,67
1,<environment.Job instance at 0x14c1566aafa0>,43,1,[9 1],66,76,77,10,67
1,<environment.Job instance at 0x14c1566aa5a0>,44,1,[ 2 13],67,77,78,10,67
1,<environment.Job instance at 0x14c1540e1d70>,45,1,[1 5],68,68,69,0,68
1,<environment.Job instance at 0x14c1540e1190>,46,3,[10  1],69,84,87,15,69
1,<environment.Job instance at 0x14c1540e1320>,47,3,[2 9],71,78,81,7,71
1,<environment.Job instance at 0x14c1540e1eb0>,48,12,[ 2 11],73,81,93,8,73
1,<environment.Job instance at 0x14c1540e1a50>,49,1,[2 7],76,93,94,17,76
1,<environment.Job instance at 0x14c1520c2c30>,28,2,[1 9],39,94,96,55,78
1,<environment.Job instance at 0x14c1540e15f0>,50,1,[6 1],77,82,83,5,82
1,<environment.Job instance at 0x14c15237d370>,52,1,[ 1 10],79,96,97,17,82
1,<environment.Job instance at 0x14c15237d0a0>,53,18,[2 9],82,97,115,15,86
1,<environment.Job instance at 0x14c15237d820>,51,17,[2 6],78,97,114,19,86
1,<environment.Job instance at 0x14c15237d870>,54,1,[1 7],83,93,94,10,92
1,<environment.Job instance at 0x14c152e0e690>,18,1,[11  1],27,94,95,67,94
1,<environment.Job instance at 0x14c155849780>,1,13,[2 6],2,2,15,0,2
1,<environment.Job instance at 0x14c1558497d0>,2,2,[2 8],4,4,6,0,4
1,<environment.Job instance at 0x14c155849e10>,3,3,[1 9],5,6,9,1,5
1,<environment.Job instance at 0x14c155849460>,4,17,[1 7],7,9,26,2,7
1,<environment.Job instance at 0x14c155c1ae60>,9,18,[7 2],15,15,33,0,15
1,<environment.Job instance at 0x14c156a175a0>,10,21,[7 1],16,16,37,0,16
1,<environment.Job instance at 0x14c156a230a0>,7,1,[7 2],13,33,34,20,16
1,<environment.Job instance at 0x14c152815e60>,11,3,[1 9],17,26,29,9,17
1,<environment.Job instance at 0x14c15586a370>,12,2,[2 5],18,34,36,16,18
1,<environment.Job instance at 0x14c1569a2780>,14,14,[6 1],20,34,48,14,20
1,<environment.Job instance at 0x14c155849f00>,13,14,[8 2],19,37,51,18,22
1,<environment.Job instance at 0x14c152c6be60>,17,2,[2 7],24,48,50,24,24
1,<environment.Job instance at 0x14c156a0ee60>,21,3,[1 8],33,44,47,11,44
1,<environment.Job instance at 0x14c1523000a0>,18,23,[1 8],26,50,73,24,44
1,<environment.Job instance at 0x14c152856e10>,19,2,[1 9],29,73,75,44,46
1,<environment.Job instance at 0x14c156a0e5a0>,25,2,[6 1],38,50,52,12,46
1,<environment.Job instance at 0x14c1a8a4ba00>,26,3,[6 2],40,51,54,11,46
1,<environment.Job instance at 0x14c152a04690>,27,12,[9 2],41,54,66,13,46
1,<environment.Job instance at 0x14c152a04500>,28,1,[6 2],43,66,67,23,61
1,<environment.Job instance at 0x14c152a04e60>,30,15,[9 2],46,67,82,21,61
1,<environment.Job instance at 0x14c156a63d70>,31,2,[13  1],47,82,84,35,65
1,<environment.Job instance at 0x14c152a04140>,29,26,[2 8],45,75,101,30,72
1,<environment.Job instance at 0x14c156a635a0>,33,3,[2 8],50,101,104,51,75
1,<environment.Job instance at 0x14c156a639b0>,34,19,[1 5],53,84,103,31,75
1,<environment.Job instance at 0x14c156a634b0>,35,3,[2 7],55,103,106,48,77
1,<environment.Job instance at 0x14c156a63910>,38,2,[9 2],59,84,86,25,77
1,<environment.Job instance at 0x14c159379140>,39,2,[2 9],62,106,108,44,79
1,<environment.Job instance at 0x14c159379870>,40,1,[6 1],63,86,87,23,79
1,<environment.Job instance at 0x14c156a63aa0>,41,2,[1 6],64,104,106,40,79
1,<environment.Job instance at 0x14c152da80f0>,42,12,[2 5],66,106,118,40,89
1,<environment.Job instance at 0x14c152da8dc0>,43,2,[ 2 14],69,118,120,49,91
1,<environment.Job instance at 0x14c156a63690>,32,1,[6 1],49,91,92,42,91
1,<environment.Job instance at 0x14c152da88c0>,45,1,[8 1],71,92,93,21,91
1,<environment.Job instance at 0x14c156a63640>,37,3,[ 1 10],57,108,111,51,91
1,<environment.Job instance at 0x14c152da8730>,48,2,[1 8],75,111,113,36,92
1,<environment.Job instance at 0x14c152da8140>,49,3,[2 8],76,113,116,37,95
1,<environment.Job instance at 0x14c157cfcc30>,51,1,[2 7],80,116,117,36,99
1,<environment.Job instance at 0x14c164fe1f50>,54,3,[2 5],85,120,123,35,99
1,<environment.Job instance at 0x14c16505d0a0>,56,1,[2 5],87,117,118,30,99
1,<environment.Job instance at 0x14c16505d780>,58,3,[1 7],89,120,123,31,99
1,<environment.Job instance at 0x14c152da8410>,46,17,[ 2 10],72,123,140,51,111
1,<environment.Job instance at 0x14c1558492d0>,8,2,[8 1],14,157,159,143,157
1,<environment.Job instance at 0x14c15286d0f0>,6,2,[6 2],13,13,15,0,13
1,<environment.Job instance at 0x14c15286d050>,7,1,[10  1],15,17,18,2,17
1,<environment.Job instance at 0x14c15286d870>,12,15,[ 1 10],24,24,39,0,24
1,<environment.Job instance at 0x14c15286d6e0>,15,2,[7 2],27,31,33,4,31
1,<environment.Job instance at 0x14c15285aaf0>,19,15,[1 8],32,39,54,7,32
1,<environment.Job instance at 0x14c15285a500>,21,1,[9 1],34,34,35,0,34
1,<environment.Job instance at 0x14c15285ae60>,20,1,[9 1],33,35,36,2,35
1,<environment.Job instance at 0x14c15285aa50>,22,27,[9 1],35,36,63,1,36
1,<environment.Job instance at 0x14c15285af50>,23,17,[1 6],37,39,56,2,37
1,<environment.Job instance at 0x14c15285a820>,18,14,[2 8],31,54,68,23,47
1,<environment.Job instance at 0x14c156970fa0>,33,13,[1 7],51,63,76,12,51
1,<environment.Job instance at 0x14c156970460>,34,2,[2 9],52,76,78,24,52
1,<environment.Job instance at 0x14c156970050>,35,2,[1 9],53,78,80,25,53
1,<environment.Job instance at 0x14c1569700a0>,36,18,[8 1],54,68,86,14,57
1,<environment.Job instance at 0x14c164fd1960>,44,18,[2 8],67,80,98,13,75
1,<environment.Job instance at 0x14c164fd1230>,46,27,[1 7],69,95,122,26,95
1,<environment.Job instance at 0x14c164fd1a00>,45,1,[1 8],68,98,99,30,96
1,<environment.Job instance at 0x14c164fd1cd0>,50,1,[ 1 14],76,1123,1124,1047,1123
1,<environment.Job instance at 0x14c164fd1dc0>,47,1,[8 1],71,1999,2000,1928,1999
1,<environment.Job instance at 0x14c152820410>,54,3,[ 1 10],81,1999,2002,1918,1999
1,<environment.Job instance at 0x14c152820a00>,55,25,[5 1],82,1999,2024,1917,1999
1,<environment.Job instance at 0x145988f32b90>,1,2,[2 5],4,4,6,0,4
1,<environment.Job instance at 0x145988f32a50>,3,2,[1 7],6,9,11,3,9
1,<environment.Job instance at 0x145933a0c5a0>,7,3,[5 1],10,10,13,0,10
1,<environment.Job instance at 0x145933a0c8c0>,8,13,[ 2 10],11,11,24,0,11
1,<environment.Job instance at 0x145933a0c1e0>,11,28,[1 9],15,24,52,9,23
1,<environment.Job instance at 0x145933527af0>,12,3,[6 2],16,43,46,27,43
1,<environment.Job instance at 0x145933a65e10>,18,1,[5 2],25,43,44,18,43
1,<environment.Job instance at 0x1459339b4230>,19,3,[8 1],26,44,47,18,43
1,<environment.Job instance at 0x1459339b4690>,20,21,[7 1],27,47,68,20,43
1,<environment.Job instance at 0x1459339b4870>,21,22,[8 2],28,52,74,24,45
1,<environment.Job instance at 0x1459339bc5f0>,22,3,[2 6],29,68,71,39,45
1,<environment.Job instance at 0x1459339f7af0>,24,20,[ 1 10],32,71,91,39,64
1,<environment.Job instance at 0x1459332e42d0>,40,1,[8 1],53,86,87,33,86
1,<environment.Job instance at 0x1459332e4910>,42,3,[1 6],55,91,94,36,86
1,<environment.Job instance at 0x145933a19370>,43,2,[2 8],56,91,93,35,86
1,<environment.Job instance at 0x145933560550>,44,1,[2 9],57,93,94,36,86
1,<environment.Job instance at 0x145933560140>,45,2,[2 5],58,87,89,29,86
1,<environment.Job instance at 0x145933560a50>,46,1,[1 7],59,94,95,35,86
1,<environment.Job instance at 0x145933560370>,47,14,[5 1],60,104,118,44,104
1,<environment.Job instance at 0x1459332e3140>,52,1,[8 1],70,104,105,34,104
1,<environment.Job instance at 0x1459332e3a50>,53,1,[7 2],72,105,106,33,104
1,<environment.Job instance at 0x145933550640>,54,2,[10  1],74,106,108,32,104
1,<environment.Job instance at 0x145933556eb0>,55,2,[2 7],75,104,106,29,104
1,<environment.Job instance at 0x145933556aa0>,56,18,[1 7],79,108,126,29,104
1,<environment.Job instance at 0x14593355f690>,57,3,[1 9],80,126,129,46,104
1,<environment.Job instance at 0x14593355f0f0>,58,3,[6 1],83,115,118,32,115
1,<environment.Job instance at 0x14593355f4b0>,59,2,[12  2],85,118,120,33,115
1,<environment.Job instance at 0x14593355feb0>,60,17,[ 1 10],86,129,146,43,117
1,<environment.Job instance at 0x14593354a050>,61,2,[5 2],87,120,122,33,117
1,<environment.Job instance at 0x14593355c050>,62,2,[1 5],89,117,119,28,117
1,<environment.Job instance at 0x14593355c320>,63,2,[7 2],90,120,122,30,117
1,<environment.Job instance at 0x14593355c140>,64,18,[1 7],91,146,164,55,135
1,<environment.Job instance at 0x14593355c2d0>,65,2,[2 7],93,146,148,53,135
1,<environment.Job instance at 0x145933a0c780>,6,16,[2 7],9,148,164,139,135
1,<environment.Job instance at 0x14593355caa0>,68,1,[1 5],98,164,165,66,155
1,<environment.Job instance at 0x1459332f30f0>,1,1,[8 1],2,2,3,0,2
1,<environment.Job instance at 0x1459413922d0>,2,2,[1 6],3,3,5,0,3
1,<environment.Job instance at 0x14593355c1e0>,3,2,[2 6],6,6,8,0,6
1,<environment.Job instance at 0x1459332ff0f0>,4,1,[8 1],7,7,8,0,7
1,<environment.Job instance at 0x1459413928c0>,5,2,[1 5],8,8,10,0,8
1,<environment.Job instance at 0x145940802730>,7,3,[2 8],11,11,14,0,11
1,<environment.Job instance at 0x145940802280>,8,2,[10  2],13,17,19,4,17
1,<environment.Job instance at 0x145940802b90>,10,3,[10  1],19,21,24,2,21
1,<environment.Job instance at 0x145940802d70>,13,16,[1 7],22,22,38,0,22
1,<environment.Job instance at 0x1459332ff1e0>,0,1,[10  2],1,24,25,23,24
1,<environment.Job instance at 0x1459413e5f00>,16,2,[1 5],25,25,27,0,25
1,<environment.Job instance at 0x145940802af0>,15,18,[2 5],24,27,45,3,25
1,<environment.Job instance at 0x1459408098c0>,18,3,[8 1],28,28,31,0,28
1,<environment.Job instance at 0x1459413e58c0>,14,2,[9 1],23,31,33,8,30
1,<environment.Job instance at 0x1459414514b0>,21,1,[5 2],33,33,34,0,33
1,<environment.Job instance at 0x14594084c3c0>,22,1,[5 2],34,34,35,0,34
1,<environment.Job instance at 0x1459408028c0>,12,12,[1 7],21,38,50,17,34
1,<environment.Job instance at 0x145940802550>,11,3,[9 2],20,35,38,15,34
1,<environment.Job instance at 0x1459408154b0>,23,16,[1 9],36,50,66,14,37
1,<environment.Job instance at 0x14594082fbe0>,24,18,[1 5],37,45,63,8,37
1,<environment.Job instance at 0x1459407cb910>,27,1,[2 5],43,63,64,20,43
1,<environment.Job instance at 0x145940825af0>,28,2,[1 7],45,66,68,21,45
1,<environment.Job instance at 0x14594082bf50>,29,2,[9 1],46,46,48,0,46
1,<environment.Job instance at 0x14594076e8c0>,25,1,[ 2 10],38,68,69,30,60
1,<environment.Job instance at 0x1459413959b0>,38,2,[7 2],61,64,66,3,61
1,<environment.Job instance at 0x1459409088c0>,39,3,[1 7],62,69,72,7,62
1,<environment.Job instance at 0x1459409086e0>,40,2,[2 8],63,66,68,3,63
1,<environment.Job instance at 0x1459408403c0>,41,3,[1 5],64,68,71,4,64
1,<environment.Job instance at 0x14594083b3c0>,42,15,[1 5],65,71,86,6,65
1,<environment.Job instance at 0x145941396c80>,44,3,[2 7],68,72,75,4,68
1,<environment.Job instance at 0x1459407cab40>,45,2,[ 2 10],70,75,77,5,70
1,<environment.Job instance at 0x145940b2dbe0>,47,3,[10  2],75,77,80,2,77
1,<environment.Job instance at 0x145940920af0>,52,1,[1 6],82,85,86,3,85
1,<environment.Job instance at 0x1459408dea00>,53,14,[12  1],83,85,99,2,85
1,<environment.Job instance at 0x1459408deb90>,54,17,[1 5],84,86,103,2,85
1,<environment.Job instance at 0x145940920640>,50,18,[2 5],80,86,104,6,85
1,<environment.Job instance at 0x1459408de0a0>,56,1,[1 9],86,103,104,17,86
1,<environment.Job instance at 0x1459408de1e0>,57,3,[ 1 10],87,104,107,17,87
1,<environment.Job instance at 0x1459408630f0>,58,2,[5 1],89,99,101,10,89
1,<environment.Job instance at 0x145940863a50>,59,12,[1 9],90,107,119,17,90
1,<environment.Job instance at 0x1459408630a0>,60,3,[6 2],91,99,102,8,91
1,<environment.Job instance at 0x145940863aa0>,61,1,[ 1 10],92,119,120,27,92
1,<environment.Job instance at 0x1459409204b0>,51,1,[5 2],81,101,102,20,92
1,<environment.Job instance at 0x145940863f00>,63,3,[1 8],94,120,123,26,95
1,<environment.Job instance at 0x1459408dec30>,55,1,[1 8],85,123,124,38,96
1,<environment.Job instance at 0x145940863b40>,65,3,[ 1 10],97,124,127,27,98
1,<environment.Job instance at 0x145940863dc0>,66,2,[8 2],98,104,106,6,98
1,<environment.Job instance at 0x145940875fa0>,35,13,[12  2],58,106,119,48,106
1,<environment.Job instance at 0x145940b4f5a0>,1,1,[1 5],2,2,3,0,2
1,<environment.Job instance at 0x145940b4fbe0>,2,3,[11  1],3,17,20,14,17
1,<environment.Job instance at 0x145932cf9870>,6,26,[2 5],18,18,44,0,18
1,<environment.Job instance at 0x145932cf9dc0>,8,1,[10  1],20,20,21,0,20
1,<environment.Job instance at 0x145932cf7960>,9,2,[5 2],21,21,23,0,21
1,<environment.Job instance at 0x145932cf7e10>,10,3,[6 1],23,23,26,0,23
1,<environment.Job instance at 0x145933259960>,11,1,[8 2],24,26,27,2,24
1,<environment.Job instance at 0x145932cca5f0>,12,25,[1 8],25,25,50,0,25
1,<environment.Job instance at 0x145932ccac30>,13,26,[2 9],26,50,76,24,47
1,<environment.Job instance at 0x145935ed4e10>,21,2,[2 8],38,76,78,38,62
1,<environment.Job instance at 0x145935ed44b0>,22,18,[2 8],39,78,96,39,67
1,<environment.Job instance at 0x145936a72f50>,23,2,[9 2],40,68,70,28,68
1,<environment.Job instance at 0x145935ed49b0>,24,2,[6 1],42,70,72,28,69
1,<environment.Job instance at 0x145932c4e460>,25,1,[10  1],43,72,73,29,69
1,<environment.Job instance at 0x1459351b35f0>,26,2,[6 1],44,70,72,26,70
1,<environment.Job instance at 0x1459369c9b40>,27,13,[2 9],45,96,109,51,80
1,<environment.Job instance at 0x145932d3c3c0>,29,3,[1 7],50,80,83,30,80
1,<environment.Job instance at 0x145932d3caa0>,30,3,[10  1],51,83,86,32,80
1,<environment.Job instance at 0x145932d3ce10>,31,2,[1 5],52,83,85,31,80
1,<environment.Job instance at 0x145932d3ccd0>,32,15,[ 1 10],55,109,124,54,95
1,<environment.Job instance at 0x145932d3c2d0>,34,1,[7 1],59,95,96,36,95
1,<environment.Job instance at 0x145932d3cb90>,35,2,[1 8],61,124,126,63,97
1,<environment.Job instance at 0x145932d3c0a0>,36,1,[1 6],62,97,98,35,97
1,<environment.Job instance at 0x145932d3c8c0>,37,3,[10  2],63,98,101,35,97
1,<environment.Job instance at 0x145932d3c730>,38,2,[8 2],64,101,103,37,97
1,<environment.Job instance at 0x145932c78690>,39,2,[5 2],65,101,103,36,97
1,<environment.Job instance at 0x145932c78910>,40,3,[1 8],67,126,129,59,100
1,<environment.Job instance at 0x145932c78b90>,41,2,[5 2],69,103,105,34,100
1,<environment.Job instance at 0x145932c78320>,42,2,[2 7],71,124,126,53,100
1,<environment.Job instance at 0x145932c78eb0>,43,3,[ 2 10],73,129,132,56,103
1,<environment.Job instance at 0x145932b80820>,44,1,[1 5],74,105,106,31,103
1,<environment.Job instance at 0x145932b80910>,45,2,[1 9],75,132,134,57,105
1,<environment.Job instance at 0x145932b80780>,46,17,[1 7],76,134,151,58,122
1,<environment.Job instance at 0x145935ed4c80>,20,1,[5 1],37,122,123,85,122
1,<environment.Job instance at 0x1459351c0370>,48,2,[1 5],79,126,128,47,122
1,<environment.Job instance at 0x145932b80c30>,49,1,[7 2],80,122,123,42,122
1,<environment.Job instance at 0x145932b89550>,50,3,[8 2],82,126,129,44,122
1,<environment.Job instance at 0x145932b891e0>,51,3,[5 2],83,128,131,45,122
1,<environment.Job instance at 0x145932b89fa0>,52,2,[2 5],85,131,133,46,122
1,<environment.Job instance at 0x1459369a8870>,54,1,[6 2],87,123,124,36,122
1,<environment.Job instance at 0x145932b89230>,57,2,[7 1],90,129,131,39,122
1,<environment.Job instance at 0x145932b89140>,58,2,[1 8],91,134,136,43,123
1,<environment.Job instance at 0x145933a170f0>,59,2,[12  1],92,132,134,40,123
1,<environment.Job instance at 0x145932b80e60>,47,2,[5 2],78,136,138,58,124
1,<environment.Job instance at 0x1459360c5dc0>,63,17,[1 9],96,151,168,55,139
1,<environment.Job instance at 0x1459360c5c80>,64,2,[5 1],97,139,141,42,139
1,<environment.Job instance at 0x145932b610f0>,65,1,[6 1],99,139,140,40,139
1,<environment.Job instance at 0x145943b6fd70>,4,1,[6 2],8,11,12,3,11
1,<environment.Job instance at 0x14594148a7d0>,8,14,[ 2 10],12,12,26,0,12
1,<environment.Job instance at 0x145936007690>,9,2,[6 2],13,13,15,0,13
1,<environment.Job instance at 0x145936001aa0>,10,3,[8 2],14,15,18,1,14
1,<environment.Job instance at 0x14594148a5f0>,7,12,[1 9],11,26,38,15,18
1,<environment.Job instance at 0x14593600a140>,12,2,[1 6],18,26,28,8,18
1,<environment.Job instance at 0x145935cf57d0>,14,2,[ 1 10],21,38,40,17,21
1,<environment.Job instance at 0x1459407386e0>,15,2,[6 1],22,22,24,0,22
1,<environment.Job instance at 0x145943499f50>,16,2,[10  2],23,24,26,1,23
1,<environment.Job instance at 0x145940738280>,17,3,[2 6],24,28,31,4,24
1,<environment.Job instance at 0x14593600b690>,18,2,[7 2],26,31,33,5,26
1,<environment.Job instance at 0x1459400d83c0>,20,3,[1 9],29,40,43,11,29
1,<environment.Job instance at 0x14594375dd70>,11,1,[6 2],16,35,36,19,35
1,<environment.Job instance at 0x1459400d8a00>,23,2,[2 6],34,36,38,2,35
1,<environment.Job instance at 0x1459400d87d0>,24,1,[1 7],35,43,44,8,35
1,<environment.Job instance at 0x145936030870>,25,2,[10  2],36,38,40,2,36
1,<environment.Job instance at 0x14594003a5a0>,26,2,[6 2],37,40,42,3,37
1,<environment.Job instance at 0x14594003acd0>,27,2,[10  1],38,42,44,4,38
1,<environment.Job instance at 0x14594003a690>,28,1,[7 2],39,40,41,1,39
1,<environment.Job instance at 0x1459400d8280>,21,26,[1 7],30,43,69,13,40
1,<environment.Job instance at 0x1459400d8a50>,22,2,[6 2],31,44,46,13,41
1,<environment.Job instance at 0x1459406f0960>,30,3,[1 9],41,69,72,28,43
1,<environment.Job instance at 0x1459406f0140>,31,3,[13  2],42,46,49,4,43
1,<environment.Job instance at 0x145936e07690>,46,2,[5 1],69,78,80,9,78
1,<environment.Job instance at 0x145936ee4230>,47,1,[1 7],70,78,79,8,78
1,<environment.Job instance at 0x145936a3b3c0>,52,2,[1 5],76,117,119,41,117
1,<environment.Job instance at 0x145936b45c80>,53,16,[1 7],77,117,133,40,117
1,<environment.Job instance at 0x1459406f06e0>,32,2,[8 1],43,117,119,74,117
1,<environment.Job instance at 0x1459339f4960>,55,1,[12  2],80,119,120,39,117
1,<environment.Job instance at 0x145936b2e3c0>,56,3,[2 5],82,119,122,37,117
1,<environment.Job instance at 0x145933a5a1e0>,57,3,[1 7],83,122,125,39,117
1,<environment.Job instance at 0x145933a5ad20>,58,3,[5 1],84,120,123,36,117
1,<environment.Job instance at 0x145933a5adc0>,59,1,[8 1],85,123,124,38,117
1,<environment.Job instance at 0x145933a5a870>,60,1,[9 1],86,124,125,38,117
1,<environment.Job instance at 0x145933a5a690>,61,18,[1 8],87,125,143,38,117
1,<environment.Job instance at 0x145933a5ad70>,62,17,[10  1],88,133,150,45,121
1,<environment.Job instance at 0x145933a5a280>,63,3,[5 2],91,143,146,52,121
1,<environment.Job instance at 0x145933a5a730>,64,1,[6 1],92,121,122,29,121
1,<environment.Job instance at 0x145933a5a820>,65,1,[8 1],93,150,151,57,122
1,<environment.Job instance at 0x145933ae0a50>,51,1,[ 1 13],75,146,147,71,128
1,<environment.Job instance at 0x1459406f0be0>,35,1,[8 2],46,151,152,105,128
1,<environment.Job instance at 0x145933a5aa50>,66,22,[1 7],94,299,321,205,299
1,<environment.Job instance at 0x1459335462d0>,6,2,[2 8],10,323,325,313,323
1,<environment.Job instance at 0x145940b370a0>,4,3,[1 5],6,6,9,0,6
1,<environment.Job instance at 0x145940b378c0>,7,1,[2 8],11,11,12,0,11
1,<environment.Job instance at 0x145940b55aa0>,22,1,[7 2],31,35,36,4,35
1,<environment.Job instance at 0x145935f8eb40>,23,15,[7 2],32,35,50,3,35
1,<environment.Job instance at 0x145940b55b90>,18,3,[1 7],26,35,38,9,35
1,<environment.Job instance at 0x145935f8e5a0>,24,1,[13  1],33,50,51,17,35
1,<environment.Job instance at 0x145935f8eeb0>,26,1,[2 7],36,38,39,2,36
1,<environment.Job instance at 0x145935f8ec30>,28,14,[ 1 10],39,39,53,0,39
1,<environment.Job instance at 0x145936e95190>,29,2,[2 8],43,53,55,10,43
1,<environment.Job instance at 0x145935cd1a00>,31,3,[7 1],45,45,48,0,45
1,<environment.Job instance at 0x145935cd1320>,32,3,[10  2],46,51,54,5,46
1,<environment.Job instance at 0x145935cd18c0>,33,15,[7 1],47,54,69,7,47
1,<environment.Job instance at 0x145935cd1370>,34,2,[2 6],48,54,56,6,48
1,<environment.Job instance at 0x145941557370>,35,2,[6 1],49,55,57,6,49
1,<environment.Job instance at 0x145935f8e500>,25,22,[7 2],35,57,79,22,50
1,<environment.Job instance at 0x145941557780>,37,2,[5 2],52,69,71,17,52
1,<environment.Job instance at 0x145933d0e870>,38,2,[2 7],53,69,71,16,53
1,<environment.Job instance at 0x145933d0edc0>,39,3,[1 8],54,56,59,2,54
1,<environment.Job instance at 0x145941557e60>,36,3,[2 8],51,71,74,20,56
1,<environment.Job instance at 0x145933d0e7d0>,42,1,[9 2],58,79,80,21,65
1,<environment.Job instance at 0x145933d0ecd0>,46,3,[ 2 12],62,74,77,12,65
1,<environment.Job instance at 0x145941551230>,47,12,[8 2],63,80,92,17,67
1,<environment.Job instance at 0x145941551550>,48,3,[6 2],65,71,74,6,67
1,<environment.Job instance at 0x145941551c80>,49,2,[1 6],67,67,69,0,67
1,<environment.Job instance at 0x145941561550>,50,1,[12  1],68,92,93,24,68
1,<environment.Job instance at 0x145933d249b0>,51,18,[2 8],69,77,95,8,69
1,<environment.Job instance at 0x145933d24780>,52,1,[7 1],73,93,94,20,73
1,<environment.Job instance at 0x145933d24870>,53,2,[2 5],74,77,79,3,74
1,<environment.Job instance at 0x145933d242d0>,54,1,[5 2],75,80,81,5,75
1,<environment.Job instance at 0x145935faf640>,56,1,[2 5],77,79,80,2,77
1,<environment.Job instance at 0x145935faf280>,57,14,[10  2],78,94,108,16,79
1,<environment.Job instance at 0x145935faf4b0>,58,1,[1 5],79,81,82,2,79
1,<environment.Job instance at 0x1459332eccd0>,59,1,[8 1],82,108,109,26,82
1,<environment.Job instance at 0x1459332ec5f0>,60,2,[7 1],83,108,110,25,83
1,<environment.Job instance at 0x1459332ec460>,61,2,[2 7],84,95,97,11,84
1,<environment.Job instance at 0x1459332ec3c0>,62,1,[5 2],85,85,86,0,85
1,<environment.Job instance at 0x1459332ecdc0>,63,1,[1 5],88,88,89,0,88
1,<environment.Job instance at 0x1459332ec870>,64,2,[6 1],89,109,111,20,89
1,<environment.Job instance at 0x1459332ec280>,65,18,[10  2],90,111,129,21,100
1,<environment.Job instance at 0x1459408ddb40>,66,2,[2 6],91,100,102,9,100
1,<environment.Job instance at 0x1459408ddaf0>,67,1,[7 1],92,110,111,18,100
1,<environment.Job instance at 0x1459408dde10>,68,13,[1 8],93,109,122,16,100
1,<environment.Job instance at 0x1459408ddbe0>,69,3,[ 2 10],94,102,105,8,100
1,<environment.Job instance at 0x1459408ddaa0>,70,1,[1 7],95,100,101,5,100
1,<environment.Job instance at 0x1459408dddc0>,71,18,[2 7],99,122,140,23,111
1,<environment.Job instance at 0x14594007d9b0>,1,2,[ 2 10],5,5,7,0,5
1,<environment.Job instance at 0x145935d03640>,2,2,[7 1],6,6,8,0,6
1,<environment.Job instance at 0x1459408ddc30>,3,3,[1 5],7,7,10,0,7
1,<environment.Job instance at 0x14593699a500>,4,2,[5 2],8,8,10,0,8
1,<environment.Job instance at 0x14593699afa0>,5,1,[10  2],9,10,11,1,9
1,<environment.Job instance at 0x14593699a6e0>,8,1,[8 2],13,16,17,3,16
1,<environment.Job instance at 0x145936e87dc0>,12,1,[1 5],19,21,22,2,21
1,<environment.Job instance at 0x1459400410f0>,33,1,[10  2],51,52,53,1,52
1,<environment.Job instance at 0x145940923460>,34,3,[7 1],53,53,56,0,53
1,<environment.Job instance at 0x145940923690>,35,3,[2 7],55,55,58,0,55
1,<environment.Job instance at 0x145940923c30>,36,1,[8 1],56,56,57,0,56
1,<environment.Job instance at 0x1459409247d0>,22,2,[9 2],38,61,63,23,61
1,<environment.Job instance at 0x145941567d70>,39,3,[2 7],63,64,67,1,64
1,<environment.Job instance at 0x145941567780>,44,2,[1 5],69,70,72,1,70
1,<environment.Job instance at 0x145941567640>,40,18,[2 8],64,73,91,9,73
1,<environment.Job instance at 0x145932db38c0>,49,2,[2 6],80,84,86,4,84
1,<environment.Job instance at 0x145932db3e60>,50,2,[2 5],82,86,88,4,84
1,<environment.Job instance at 0x145932db3a50>,51,16,[ 2 10],83,91,107,8,84
1,<environment.Job instance at 0x145932db3410>,48,3,[7 2],78,86,89,8,84
1,<environment.Job instance at 0x145932db3f00>,52,1,[1 9],86,107,108,21,87
1,<environment.Job instance at 0x145932db36e0>,53,18,[7 1],87,89,107,2,89
1,<environment.Job instance at 0x1459434b75a0>,58,12,[2 7],96,108,120,12,104
1,<environment.Job instance at 0x145933152910>,1,1,[1 5],2,2,3,0,2
1,<environment.Job instance at 0x1459330acd70>,2,2,[8 1],3,3,5,0,3
1,<environment.Job instance at 0x145933259e10>,3,1,[5 2],5,5,6,0,5
1,<environment.Job instance at 0x145932a70fa0>,4,12,[13  2],6,280,292,274,280
1,<environment.Job instance at 0x145935dfa0a0>,7,15,[ 1 10],12,280,295,268,280
1,<environment.Job instance at 0x145935dfa0f0>,12,3,[8 1],18,292,295,274,280
1,<environment.Job instance at 0x145935dfad20>,13,3,[2 6],20,295,298,275,280
1,<environment.Job instance at 0x1459369e00a0>,14,20,[5 1],21,292,312,271,283
1,<environment.Job instance at 0x145935dfa640>,15,16,[10  2],22,298,314,276,285
1,<environment.Job instance at 0x1459369e02d0>,16,2,[9 1],23,314,316,291,287
1,<environment.Job instance at 0x1459369e00f0>,17,2,[2 7],25,295,297,270,287
1,<environment.Job instance at 0x1459369e0960>,18,2,[10  1],27,316,318,289,289
1,<environment.Job instance at 0x1459330acaf0>,5,2,[1 9],9,312,314,303,299
1,<environment.Job instance at 0x14593606f910>,20,1,[6 2],30,314,315,284,300
1,<environment.Job instance at 0x145984291eb0>,23,14,[ 1 10],36,315,329,279,301
1,<environment.Job instance at 0x145984291460>,24,2,[7 1],37,318,320,281,302
1,<environment.Job instance at 0x1459842900f0>,25,3,[1 8],39,329,332,290,303
1,<environment.Job instance at 0x145935ccb780>,26,1,[6 1],40,318,319,278,304
1,<environment.Job instance at 0x1459436e4a00>,27,2,[2 9],42,332,334,290,305
1,<environment.Job instance at 0x1459351a6f00>,28,16,[1 8],43,334,350,291,321
1,<environment.Job instance at 0x145988e8f050>,29,1,[2 9],44,350,351,306,322
1,<environment.Job instance at 0x1459369e0d70>,19,15,[8 1],29,322,337,293,322
1,<environment.Job instance at 0x145984291c80>,32,14,[1 9],48,351,365,303,336
1,<environment.Job instance at 0x145940703f00>,44,1,[2 7],66,337,338,271,336
1,<environment.Job instance at 0x1459407038c0>,45,2,[1 9],67,365,367,298,338
1,<environment.Job instance at 0x1459407036e0>,46,16,[2 5],68,338,354,270,338
1,<environment.Job instance at 0x145941573d20>,47,3,[1 8],70,367,370,297,341
1,<environment.Job instance at 0x145935e77050>,48,17,[8 2],73,354,371,281,342
1,<environment.Job instance at 0x145935e77fa0>,50,1,[2 7],76,370,371,294,342
1,<environment.Job instance at 0x1459436fad20>,51,2,[1 6],77,370,372,293,343
1,<environment.Job instance at 0x1459436fa730>,52,3,[8 2],78,344,347,266,344
1,<environment.Job instance at 0x1459436fa2d0>,53,2,[7 1],80,347,349,267,344
1,<environment.Job instance at 0x1459436fa910>,60,3,[1 7],91,371,374,280,364
1,<environment.Job instance at 0x145984291140>,31,17,[10  2],46,371,388,325,364
1,<environment.Job instance at 0x145941408f50>,62,2,[8 2],94,388,390,294,365
1,<environment.Job instance at 0x1459414085f0>,63,1,[1 7],95,374,375,279,365
1,<environment.Job instance at 0x145941408460>,64,3,[2 9],96,375,378,279,369
1,<environment.Job instance at 0x145940858af0>,65,3,[ 1 14],97,390,393,293,374
1,<environment.Job instance at 0x14593607d820>,61,1,[8 1],93,390,391,297,388
1,<environment.Job instance at 0x145935dfaaf0>,6,3,[1 7],11,411,414,400,411
1,<environment.Job instance at 0x1459369e0870>,21,1,[ 2 10],32,414,415,382,414
1,<environment.Job instance at 0x145941462b40>,2,1,[11  1],4,4,5,0,4
1,<environment.Job instance at 0x145933975370>,4,17,[2 8],7,7,24,0,7
1,<environment.Job instance at 0x145935d1aa50>,8,3,[1 8],12,24,27,12,20
1,<environment.Job instance at 0x145932b69aa0>,15,1,[2 9],23,27,28,4,23
1,<environment.Job instance at 0x145935d23f50>,16,1,[7 2],24,24,25,0,24
1,<environment.Job instance at 0x145932ef8780>,17,3,[2 7],26,28,31,2,26
1,<environment.Job instance at 0x145932f10960>,18,1,[10  1],27,27,28,0,27
1,<environment.Job instance at 0x145932ef83c0>,19,15,[1 7],28,28,43,0,28
1,<environment.Job instance at 0x145935d236e0>,20,15,[5 1],29,29,44,0,29
1,<environment.Job instance at 0x145935d0bf00>,21,2,[2 9],30,43,45,13,30
1,<environment.Job instance at 0x145935d23730>,22,18,[2 7],31,45,63,14,34
1,<environment.Job instance at 0x145935d23a00>,14,2,[8 1],21,34,36,13,34
1,<environment.Job instance at 0x1459339a0c80>,23,3,[1 5],32,39,42,7,39
1,<environment.Job instance at 0x1459400a1230>,30,12,[ 2 10],41,63,75,22,46
1,<environment.Job instance at 0x1459400a18c0>,32,1,[1 7],44,46,47,2,46
1,<environment.Job instance at 0x1459400a1280>,33,3,[1 6],45,47,50,2,46
1,<environment.Job instance at 0x1459400a1f50>,37,3,[2 8],50,50,53,0,50
1,<environment.Job instance at 0x145932cef500>,39,17,[ 1 14],52,75,92,23,63
1,<environment.Job instance at 0x145932f0d500>,40,2,[1 5],53,70,72,17,70
1,<environment.Job instance at 0x145932cef640>,42,3,[2 6],55,92,95,37,70
1,<environment.Job instance at 0x145935d1bc30>,45,2,[1 9],58,92,94,34,71
1,<environment.Job instance at 0x145935d1b8c0>,44,2,[11  2],57,72,74,15,72
1,<environment.Job instance at 0x145936a961e0>,25,2,[2 6],34,94,96,60,72
1,<environment.Job instance at 0x145935cf55a0>,48,1,[8 1],61,74,75,13,72
1,<environment.Job instance at 0x145935cf5320>,49,1,[1 5],62,95,96,33,72
1,<environment.Job instance at 0x145940837c30>,53,12,[2 9],67,96,108,29,79
1,<environment.Job instance at 0x14593600bf50>,55,15,[7 2],70,99,114,29,99
1,<environment.Job instance at 0x145932ec4370>,63,12,[2 8],84,108,120,24,99
1,<environment.Job instance at 0x145935d1beb0>,46,2,[10  1],59,114,116,55,106
1,<environment.Job instance at 0x145932ec4640>,70,12,[8 1],94,116,128,22,109
1,<environment.Job instance at 0x145935cf5e10>,50,3,[9 1],63,128,131,65,112
1,<environment.Job instance at 0x145932ee5460>,24,3,[1 6],33,142,145,109,142
1,<environment.Job instance at 0x1459437b55a0>,2,2,[ 1 10],5,6,8,1,6
1,<environment.Job instance at 0x1459345696e0>,5,13,[ 2 12],10,10,23,0,10
1,<environment.Job instance at 0x145932d3fc80>,11,2,[ 2 14],18,23,25,5,18
1,<environment.Job instance at 0x145936ee4280>,9,2,[5 2],16,26,28,10,26
1,<environment.Job instance at 0x145936075c30>,17,12,[5 1],27,42,54,15,42
1,<environment.Job instance at 0x145932fdfaa0>,21,16,[1 6],31,42,58,11,42
1,<environment.Job instance at 0x145932dbbc30>,18,1,[5 2],28,46,47,18,46
1,<environment.Job instance at 0x145932b80aa0>,23,3,[6 2],34,48,51,14,48
1,<environment.Job instance at 0x145935ff5410>,25,3,[6 1],37,51,54,14,48
1,<environment.Job instance at 0x145936eff3c0>,26,1,[ 1 10],38,58,59,20,48
1,<environment.Job instance at 0x145989171b90>,27,1,[8 2],40,54,55,14,48
1,<environment.Job instance at 0x145936effeb0>,28,2,[2 7],41,51,53,10,48
1,<environment.Job instance at 0x145936077e60>,29,12,[2 7],43,59,71,16,48
1,<environment.Job instance at 0x1459438dcaf0>,30,20,[ 2 10],44,71,91,27,62
1,<environment.Job instance at 0x145936f16730>,31,15,[2 9],45,91,106,46,77
1,<environment.Job instance at 0x145943b56b40>,32,12,[1 5],46,77,89,31,77
1,<environment.Job instance at 0x14598912ae10>,35,13,[ 2 10],49,106,119,57,90
1,<environment.Job instance at 0x1459417981e0>,36,2,[2 5],52,90,92,38,90
1,<environment.Job instance at 0x145988f31a50>,37,14,[5 2],55,92,106,37,91
1,<environment.Job instance at 0x145933a79140>,39,2,[2 5],58,106,108,48,91
1,<environment.Job instance at 0x145933a79b40>,40,3,[2 8],59,119,122,60,93
1,<environment.Job instance at 0x145933a79690>,41,2,[1 9],61,122,124,61,95
1,<environment.Job instance at 0x145933a79190>,42,1,[14  2],62,122,123,60,116
1,<environment.Job instance at 0x145933a79eb0>,45,2,[7 1],66,116,118,50,116
1,<environment.Job instance at 0x145940023dc0>,46,2,[7 1],69,118,120,49,116
1,<environment.Job instance at 0x145940023be0>,47,17,[8 1],72,123,140,51,116
1,<environment.Job instance at 0x145940023370>,48,1,[6 1],73,135,136,62,135
1,<environment.Job instance at 0x1459400238c0>,49,1,[7 2],74,136,137,62,136
1,<environment.Job instance at 0x145940023820>,50,2,[ 1 10],75,137,139,62,136
1,<environment.Job instance at 0x145933ae87d0>,52,1,[2 6],77,139,140,62,138
1,<environment.Job instance at 0x145933ae8320>,53,3,[1 7],78,139,142,61,138
1,<environment.Job instance at 0x145933ae8b40>,54,1,[8 2],80,140,141,60,138
1,<environment.Job instance at 0x145933ae8460>,55,2,[2 8],82,141,143,59,138
1,<environment.Job instance at 0x145933ae88c0>,56,1,[5 2],85,138,139,53,138
1,<environment.Job instance at 0x145933ae8dc0>,57,18,[1 9],90,143,161,53,138
1,<environment.Job instance at 0x145932dbbc80>,19,13,[1 7],29,161,174,132,145
1,<environment.Job instance at 0x145933ae8730>,58,2,[10  2],91,168,170,77,168
1,<environment.Job instance at 0x145933ae89b0>,60,1,[9 1],94,173,174,79,173
1,<environment.Job instance at 0x145941516320>,62,2,[ 2 10],96,174,176,78,173
1,<environment.Job instance at 0x145941516a00>,63,18,[8 1],98,174,192,76,174
1,<environment.Job instance at 0x145941516f00>,64,13,[1 6],99,176,189,77,174
1,<environment.Job instance at 0x145933a79280>,44,3,[ 2 13],64,931,934,867,931
1,<environment.Job instance at 0x145932d3f780>,16,12,[10  1],26,2000,2012,1974,2000
1,<environment.Job instance at 0x145933ae8500>,61,3,[2 7],95,2001,2004,1906,2001
1,<environment.Job instance at 0x145932ea0870>,8,2,[8 2],12,12,14,0,12
1,<environment.Job instance at 0x145932d59aa0>,9,1,[8 2],13,14,15,1,13
1,<environment.Job instance at 0x145932d59320>,10,15,[ 1 12],14,14,29,0,14
1,<environment.Job instance at 0x1459400d8690>,11,2,[1 7],15,29,31,14,15
1,<environment.Job instance at 0x145936bb9320>,13,18,[8 2],17,17,35,0,17
1,<environment.Job instance at 0x14594148a280>,14,18,[1 9],18,31,49,13,20
1,<environment.Job instance at 0x145940b34550>,16,17,[1 9],21,49,66,28,37
1,<environment.Job instance at 0x145933a1efa0>,19,2,[2 6],24,37,39,13,37
1,<environment.Job instance at 0x1459360a17d0>,20,14,[2 5],25,39,53,14,37
1,<environment.Job instance at 0x145932b0cf00>,21,12,[5 1],26,39,51,13,37
1,<environment.Job instance at 0x145940b34f00>,18,23,[6 1],23,51,74,28,45
1,<environment.Job instance at 0x145935dfe140>,23,3,[11  1],28,74,77,46,62
1,<environment.Job instance at 0x145935dfeb90>,25,13,[1 8],31,66,79,35,62
1,<environment.Job instance at 0x1459360a1410>,22,13,[1 7],27,77,90,50,62
1,<environment.Job instance at 0x145935dfebe0>,24,2,[8 2],29,62,64,33,62
1,<environment.Job instance at 0x1459414890a0>,30,3,[1 8],40,79,82,39,62
1,<environment.Job instance at 0x145941489d70>,29,1,[8 2],36,64,65,28,62
1,<environment.Job instance at 0x145932cf9050>,32,1,[2 7],45,82,83,37,62
1,<environment.Job instance at 0x1459330f5eb0>,31,1,[2 6],43,66,67,23,62
1,<environment.Job instance at 0x145941489dc0>,28,1,[1 8],35,83,84,48,62
1,<environment.Job instance at 0x145932cf9870>,34,3,[6 2],48,67,70,19,62
1,<environment.Job instance at 0x145932cf9320>,35,2,[2 6],50,70,72,20,63
1,<environment.Job instance at 0x145932cf9d70>,40,2,[ 1 10],56,90,92,34,65
1,<environment.Job instance at 0x1459407f0730>,41,3,[2 6],57,72,75,15,65
1,<environment.Job instance at 0x145932cf95a0>,42,2,[1 9],58,92,94,34,65
1,<environment.Job instance at 0x1459407f05f0>,43,3,[2 8],59,84,87,25,65
1,<environment.Job instance at 0x1459407f0e10>,44,1,[1 7],61,87,88,26,65
1,<environment.Job instance at 0x145940726b90>,45,2,[2 8],62,88,90,26,65
1,<environment.Job instance at 0x145936f096e0>,47,2,[2 6],64,75,77,11,65
1,<environment.Job instance at 0x145932cf9aa0>,33,1,[7 1],46,65,66,19,65
1,<environment.Job instance at 0x145936de27d0>,48,18,[10  1],66,90,108,24,79
1,<environment.Job instance at 0x14594082ff00>,50,2,[2 9],69,94,96,25,79
1,<environment.Job instance at 0x145932cf9910>,36,14,[1 8],51,96,110,45,81
1,<environment.Job instance at 0x145936aadc80>,49,3,[7 1],67,108,111,41,92
1,<environment.Job instance at 0x145935efe690>,58,1,[2 9],81,110,111,29,93
1,<environment.Job instance at 0x145932690eb0>,59,2,[ 2 10],82,111,113,29,93
1,<environment.Job instance at 0x145935d345f0>,60,3,[2 9],83,113,116,30,93
1,<environment.Job instance at 0x1459326727d0>,61,13,[2 7],85,116,129,31,100
1,<environment.Job instance at 0x145932672230>,62,3,[10  2],86,111,114,25,100
1,<environment.Job instance at 0x145935c50d70>,57,2,[1 9],79,129,131,50,108
1,<environment.Job instance at 0x14594082f7d0>,52,3,[ 2 12],71,131,134,60,108
1,<environment.Job instance at 0x145941460cd0>,65,1,[2 6],89,114,115,25,114
1,<environment.Job instance at 0x14593310cd20>,67,2,[ 1 10],91,134,136,43,115
1,<environment.Job instance at 0x145936b29780>,66,1,[9 2],90,121,122,31,121
1,<environment.Job instance at 0x1459369e0d70>,70,12,[2 5],96,134,146,38,133
1,<environment.Job instance at 0x145933a1e8c0>,17,2,[2 5],22,141,143,119,141
1,<environment.Job instance at 0x1459407d8230>,2,12,[1 6],3,4,16,1,4
1,<environment.Job instance at 0x145935c50f00>,4,2,[2 7],5,5,7,0,5
1,<environment.Job instance at 0x14594079b140>,5,12,[2 6],6,7,19,1,6
1,<environment.Job instance at 0x14594088a230>,6,13,[5 1],7,14,27,7,14
1,<environment.Job instance at 0x1459409211e0>,11,2,[14  1],13,27,29,14,14
1,<environment.Job instance at 0x145940921f00>,12,22,[6 2],14,29,51,15,22
1,<environment.Job instance at 0x145932efe2d0>,13,3,[ 1 10],15,22,25,7,22
1,<environment.Job instance at 0x1459409213c0>,14,15,[ 1 10],16,25,40,9,22
1,<environment.Job instance at 0x1459409217d0>,10,1,[5 2],12,22,23,10,22
1,<environment.Job instance at 0x145932efe230>,16,1,[12  2],18,51,52,33,23
1,<environment.Job instance at 0x145932ef4c30>,17,2,[1 6],19,40,42,21,23
1,<environment.Job instance at 0x145940921cd0>,9,3,[10  2],11,52,55,41,30
1,<environment.Job instance at 0x14594085c500>,22,1,[1 5],29,40,41,11,37
1,<environment.Job instance at 0x145936df7af0>,25,13,[10  2],34,55,68,21,39
1,<environment.Job instance at 0x145932bb40f0>,28,2,[2 5],41,41,43,0,41
1,<environment.Job instance at 0x1459437062d0>,32,21,[2 5],45,45,66,0,45
1,<environment.Job instance at 0x145932675190>,35,2,[10  2],49,68,70,19,49
1,<environment.Job instance at 0x145943706500>,34,12,[2 8],48,52,64,4,49
1,<environment.Job instance at 0x1459437066e0>,36,3,[2 7],50,64,67,14,50
1,<environment.Job instance at 0x145943706c80>,30,2,[6 2],43,70,72,27,56
1,<environment.Job instance at 0x1459330000a0>,39,2,[1 7],55,67,69,12,56
1,<environment.Job instance at 0x1459330005f0>,38,3,[5 2],54,69,72,15,56
1,<environment.Job instance at 0x1459325dac80>,41,2,[2 5],59,66,68,7,59
1,<environment.Job instance at 0x1459325daa50>,42,1,[10  2],60,72,73,12,60
1,<environment.Job instance at 0x145932ffb960>,43,3,[2 8],61,70,73,9,61
1,<environment.Job instance at 0x145932ffb730>,45,14,[2 9],63,73,87,10,63
1,<environment.Job instance at 0x145932ffb370>,46,16,[2 5],64,72,88,8,64
1,<environment.Job instance at 0x145933d2be60>,47,1,[1 9],66,87,88,21,66
1,<environment.Job instance at 0x145933d2b820>,48,3,[7 2],67,88,91,21,67
1,<environment.Job instance at 0x145933d2baf0>,49,1,[1 7],68,88,89,20,68
1,<environment.Job instance at 0x145933d2b3c0>,50,1,[8 2],69,89,90,20,69
1,<environment.Job instance at 0x145933d2b280>,51,3,[ 1 10],70,90,93,20,70
1,<environment.Job instance at 0x145933d2b4b0>,52,3,[ 1 12],71,93,96,22,71
1,<environment.Job instance at 0x145933d2bd20>,53,2,[10  1],72,73,75,1,72
1,<environment.Job instance at 0x145933d2b910>,54,3,[2 5],73,96,99,23,73
1,<environment.Job instance at 0x145936076b90>,59,1,[9 2],83,91,92,8,83
1,<environment.Job instance at 0x1459360763c0>,60,2,[ 1 11],85,99,101,14,85
1,<environment.Job instance at 0x145936076d70>,62,17,[9 1],88,92,109,4,90
1,<environment.Job instance at 0x145936076280>,64,1,[ 1 10],90,101,102,11,90
1,<environment.Job instance at 0x1459360766e0>,65,16,[ 2 10],91,102,118,11,91
1,<environment.Job instance at 0x145936076050>,66,3,[2 6],92,96,99,4,92
1,<environment.Job instance at 0x1459360764b0>,63,1,[7 2],89,109,110,20,92
1,<environment.Job instance at 0x1459360765a0>,67,27,[1 5],95,110,137,15,108
1,<environment.Job instance at 0x145935d5e3c0>,69,2,[8 2],98,118,120,20,108
1,<environment.Job instance at 0x14593287feb0>,3,3,[14  2],6,10,13,4,10
1,<environment.Job instance at 0x14593287f2d0>,7,13,[5 1],11,13,26,2,11
1,<environment.Job instance at 0x1459332ed320>,9,3,[6 2],13,13,16,0,13
1,<environment.Job instance at 0x145935d14960>,10,3,[7 1],14,16,19,2,14
1,<environment.Job instance at 0x145933208280>,11,17,[1 7],15,15,32,0,15
1,<environment.Job instance at 0x14593287f410>,6,16,[1 7],10,19,35,9,15
1,<environment.Job instance at 0x14593287fa50>,4,2,[8 2],8,32,34,24,15
1,<environment.Job instance at 0x145941454a00>,13,1,[1 5],17,17,18,0,17
1,<environment.Job instance at 0x145935cf0f00>,14,1,[ 1 10],19,35,36,16,19
1,<environment.Job instance at 0x145932f43140>,15,2,[6 1],22,26,28,4,22
1,<environment.Job instance at 0x1459325f1aa0>,16,1,[8 1],23,28,29,5,23
1,<environment.Job instance at 0x14593311f140>,17,1,[9 1],24,29,30,5,24
1,<environment.Job instance at 0x1459325f1dc0>,19,3,[5 2],27,32,35,5,27
1,<environment.Job instance at 0x1459414906e0>,21,12,[2 8],29,36,48,7,29
1,<environment.Job instance at 0x145941490fa0>,22,3,[1 9],30,48,51,18,35
1,<environment.Job instance at 0x1459325dd5f0>,24,3,[2 5],35,35,38,0,35
1,<environment.Job instance at 0x1459325dd730>,25,27,[ 2 10],36,51,78,15,49
1,<environment.Job instance at 0x1459332187d0>,27,16,[2 9],38,78,94,40,65
1,<environment.Job instance at 0x1459339bce60>,29,2,[2 7],41,94,96,53,67
1,<environment.Job instance at 0x1459339bcfa0>,31,2,[1 5],44,67,69,23,67
1,<environment.Job instance at 0x1459339bc230>,33,19,[2 5],46,80,99,34,80
1,<environment.Job instance at 0x1459339bc320>,34,3,[1 9],47,96,99,49,80
1,<environment.Job instance at 0x1459414907d0>,23,3,[1 6],34,99,102,65,80
1,<environment.Job instance at 0x1459325dd8c0>,26,18,[1 9],37,99,117,62,88
1,<environment.Job instance at 0x14593317a8c0>,39,3,[ 1 14],52,117,120,65,91
1,<environment.Job instance at 0x14593317a870>,40,1,[2 9],54,120,121,66,92
1,<environment.Job instance at 0x14593317a0a0>,41,1,[1 8],56,121,122,65,93
1,<environment.Job instance at 0x14593317a0f0>,38,2,[9 2],51,94,96,43,94
1,<environment.Job instance at 0x14593317a5a0>,43,2,[ 1 10],58,122,124,64,95
1,<environment.Job instance at 0x14593317af50>,47,2,[9 2],63,102,104,39,95
1,<environment.Job instance at 0x14593317ab90>,48,3,[1 5],64,104,107,40,95
1,<environment.Job instance at 0x145934577550>,49,2,[1 9],65,124,126,59,97
1,<environment.Job instance at 0x145934577a00>,50,2,[10  2],66,107,109,41,99
1,<environment.Job instance at 0x1459345778c0>,51,2,[ 1 10],67,126,128,59,99
1,<environment.Job instance at 0x145935e64aa0>,52,1,[5 2],70,103,104,33,103
1,<environment.Job instance at 0x1459413e5fa0>,53,17,[1 9],71,128,145,57,116
1,<environment.Job instance at 0x1459413e5500>,54,1,[9 1],72,116,117,44,116
1,<environment.Job instance at 0x1459413e59b0>,55,2,[2 5],73,120,122,47,116
1,<environment.Job instance at 0x14594145aaf0>,57,1,[5 2],77,116,117,39,116
1,<environment.Job instance at 0x14594145a0f0>,58,27,[5 1],79,117,144,38,116
1,<environment.Job instance at 0x14593317a550>,46,16,[1 5],62,128,144,66,116
1,<environment.Job instance at 0x145936dcecd0>,60,2,[8 1],83,122,124,39,117
1,<environment.Job instance at 0x145932e6e4b0>,62,2,[1 9],86,145,147,59,118
1,<environment.Job instance at 0x145932bca370>,63,3,[1 6],87,144,147,57,119
1,<environment.Job instance at 0x1459333011e0>,64,3,[1 9],88,147,150,59,121
1,<environment.Job instance at 0x145942e3b6e0>,65,2,[2 7],92,150,152,58,123
1,<environment.Job instance at 0x145935c619b0>,67,1,[1 8],97,150,151,53,126
1,<environment.Job instance at 0x1459328a9320>,1,23,[2 9],3,3,26,0,3
1,<environment.Job instance at 0x145935ee0230>,3,12,[1 7],5,26,38,21,22
1,<environment.Job instance at 0x1459329ed050>,7,2,[2 6],9,23,25,14,23
1,<environment.Job instance at 0x1459329ed370>,9,2,[ 1 10],12,38,40,26,23
1,<environment.Job instance at 0x1459329ed0f0>,6,1,[1 6],8,25,26,17,23
1,<environment.Job instance at 0x1459329ede10>,10,2,[1 5],14,26,28,12,23
1,<environment.Job instance at 0x1459329ed230>,12,14,[2 9],18,40,54,22,25
1,<environment.Job instance at 0x1459329edaf0>,13,2,[1 6],19,28,30,9,25
1,<environment.Job instance at 0x1459329ed280>,11,18,[6 2],17,28,46,11,28
1,<environment.Job instance at 0x145935ee0dc0>,2,14,[ 1 13],4,54,68,50,40
1,<environment.Job instance at 0x1459329ed460>,14,3,[1 9],21,68,71,47,42
1,<environment.Job instance at 0x1459329edb40>,16,3,[5 1],23,42,45,19,42
1,<environment.Job instance at 0x1459329ed7d0>,15,1,[10  1],22,46,47,24,43
1,<environment.Job instance at 0x1459329ede60>,19,1,[ 1 12],27,71,72,44,43
1,<environment.Job instance at 0x1459329ed5f0>,20,1,[ 1 10],28,72,73,44,44
1,<environment.Job instance at 0x1459329edcd0>,17,2,[8 1],24,53,55,29,53
1,<environment.Job instance at 0x1459329e4a50>,23,3,[1 9],32,73,76,41,53
1,<environment.Job instance at 0x1459329e4f50>,24,18,[5 2],33,55,73,22,53
1,<environment.Job instance at 0x1459329e4460>,26,3,[8 2],36,68,71,32,53
1,<environment.Job instance at 0x1459329e48c0>,27,17,[2 7],38,76,93,38,64
1,<environment.Job instance at 0x1459329e4e10>,28,2,[1 6],39,73,75,34,64
1,<environment.Job instance at 0x1459329e4550>,29,18,[5 2],40,75,93,35,70
1,<environment.Job instance at 0x1459329de1e0>,38,1,[5 2],51,72,73,21,70
1,<environment.Job instance at 0x1459329de8c0>,39,13,[1 9],52,93,106,41,77
1,<environment.Job instance at 0x1459329de370>,40,15,[2 9],53,106,121,53,92
1,<environment.Job instance at 0x1459329ded20>,41,2,[2 6],54,92,94,38,92
1,<environment.Job instance at 0x1459329defa0>,42,1,[13  2],55,94,95,39,92
1,<environment.Job instance at 0x1459329dec80>,43,3,[2 6],57,95,98,38,92
1,<environment.Job instance at 0x1459329dee60>,44,17,[14  2],58,121,138,63,110
1,<environment.Job instance at 0x1459329de6e0>,45,18,[1 8],59,121,139,62,110
1,<environment.Job instance at 0x1459329deb90>,46,1,[1 6],60,110,111,50,110
1,<environment.Job instance at 0x1459329dec30>,48,3,[2 5],62,115,118,53,115
1,<environment.Job instance at 0x1459329de730>,49,3,[1 7],64,138,141,74,115
1,<environment.Job instance at 0x145935ecc0f0>,51,2,[7 1],66,115,117,49,115
1,<environment.Job instance at 0x145935ff2c30>,52,1,[1 8],67,139,140,72,115
1,<environment.Job instance at 0x145935ff27d0>,53,1,[8 1],68,117,118,49,115
1,<environment.Job instance at 0x145935ff23c0>,55,2,[1 6],70,140,142,70,129
1,<environment.Job instance at 0x145935ff2cd0>,56,2,[7 2],72,140,142,68,133
1,<environment.Job instance at 0x145935ff2910>,57,1,[ 2 10],73,142,143,69,133
1,<environment.Job instance at 0x145935ff2e60>,58,17,[10  2],76,142,159,66,137
1,<environment.Job instance at 0x145935ff2b90>,62,15,[7 1],80,159,174,79,153
1,<environment.Job instance at 0x1459329ed140>,4,24,[8 1],6,159,183,153,154
1,<environment.Job instance at 0x145935ff2690>,64,1,[7 2],82,174,175,92,154
1,<environment.Job instance at 0x145935ff2fa0>,65,1,[1 9],83,154,155,71,154
1,<environment.Job instance at 0x145935ff22d0>,66,1,[1 8],84,155,156,71,154
1,<environment.Job instance at 0x14593294eaf0>,71,20,[9 2],91,183,203,92,174
1,<environment.Job instance at 0x1459329fd320>,74,1,[1 8],96,193,194,97,193
1,<environment.Job instance at 0x145935c8b960>,1,2,[ 1 10],2,2,4,0,2
1,<environment.Job instance at 0x1459329fd4b0>,2,2,[2 8],3,4,6,1,3
1,<environment.Job instance at 0x145936a30fa0>,3,1,[8 2],4,4,5,0,4
1,<environment.Job instance at 0x1459329fd320>,6,1,[9 2],11,11,12,0,11
1,<environment.Job instance at 0x1459329b8780>,7,2,[8 2],12,12,14,0,12
1,<environment.Job instance at 0x1459329b8b40>,8,1,[6 2],13,13,14,0,13
1,<environment.Job instance at 0x145932e81aa0>,9,3,[ 2 10],15,15,18,0,15
1,<environment.Job instance at 0x1459329b8f00>,10,18,[ 2 11],16,18,36,2,16
1,<environment.Job instance at 0x145932e94500>,16,2,[10  1],23,24,26,1,24
1,<environment.Job instance at 0x1459329c9d70>,18,2,[5 1],25,26,28,1,25
1,<environment.Job instance at 0x145935ebae10>,19,2,[6 1],26,26,28,0,26
1,<environment.Job instance at 0x145933287fa0>,22,18,[2 7],29,36,54,7,29
1,<environment.Job instance at 0x145932f1aaa0>,24,3,[2 7],31,36,39,5,31
1,<environment.Job instance at 0x145933287640>,23,3,[1 7],30,46,49,16,46
1,<environment.Job instance at 0x145932c94fa0>,34,27,[5 1],48,48,75,0,48
1,<environment.Job instance at 0x145933a921e0>,36,2,[2 9],52,54,56,2,52
1,<environment.Job instance at 0x145933a92780>,37,27,[9 2],53,56,83,3,54
1,<environment.Job instance at 0x145933a92eb0>,39,2,[2 9],56,75,77,19,60
1,<environment.Job instance at 0x145932ad46e0>,44,1,[2 9],64,77,78,13,75
1,<environment.Job instance at 0x1459328f20a0>,48,1,[1 8],75,82,83,7,82
1,<environment.Job instance at 0x1459328f2640>,49,14,[7 1],76,83,97,7,82
1,<environment.Job instance at 0x1459328f21e0>,50,18,[9 2],78,97,115,19,86
1,<environment.Job instance at 0x1459332a3320>,51,1,[2 5],79,86,87,7,86
1,<environment.Job instance at 0x1459332a3140>,52,22,[9 2],80,115,137,35,108
1,<environment.Job instance at 0x1459332a37d0>,53,20,[9 1],85,137,157,52,128
1,<environment.Job instance at 0x1459328f2960>,46,3,[ 1 12],69,129,132,60,129
1,<environment.Job instance at 0x1459332a3a50>,54,1,[9 1],86,157,158,71,129
1,<environment.Job instance at 0x1459332a3500>,56,1,[1 7],89,132,133,43,129
1,<environment.Job instance at 0x1459332a36e0>,57,18,[2 6],90,132,150,42,129
1,<environment.Job instance at 0x1459332a3910>,55,1,[2 9],88,150,151,62,129
1,<environment.Job instance at 0x1459332a34b0>,59,2,[2 5],93,133,135,40,129
1,<environment.Job instance at 0x1459332a3dc0>,61,15,[1 6],96,135,150,39,129
1,<environment.Job instance at 0x1459332a3640>,58,2,[7 2],92,158,160,66,131
1,<environment.Job instance at 0x1459332a3410>,63,2,[2 7],98,151,153,53,131
1,<environment.Job instance at 0x1459332a3fa0>,62,3,[8 2],97,158,161,61,134
1,<environment.Job instance at 0x145936a303c0>,1,3,[1 6],3,3,6,0,3
1,<environment.Job instance at 0x145936a77fa0>,2,1,[2 6],4,4,5,0,4
1,<environment.Job instance at 0x145932fc9b40>,3,2,[ 2 10],5,6,8,1,5
1,<environment.Job instance at 0x1459332a3fa0>,5,2,[10  1],8,10,12,2,10
1,<environment.Job instance at 0x145932dac230>,8,1,[9 1],11,12,13,1,11
1,<environment.Job instance at 0x145932fc9820>,9,1,[2 7],13,13,14,0,13
1,<environment.Job instance at 0x145932dac730>,10,2,[8 1],14,14,16,0,14
1,<environment.Job instance at 0x145932fefd20>,12,17,[ 2 10],16,16,33,0,16
1,<environment.Job instance at 0x145936b47f50>,23,2,[9 1],32,32,34,0,32
1,<environment.Job instance at 0x145932fc9b90>,7,3,[5 1],10,33,36,23,33
1,<environment.Job instance at 0x145932821aa0>,25,1,[1 7],34,34,35,0,34
1,<environment.Job instance at 0x1459360a3780>,27,1,[ 1 11],36,36,37,0,36
1,<environment.Job instance at 0x1459360a3dc0>,28,2,[1 9],38,38,40,0,38
1,<environment.Job instance at 0x1459360a3550>,29,2,[2 6],39,39,41,0,39
1,<environment.Job instance at 0x1459360a3280>,31,3,[9 2],47,49,52,2,49
1,<environment.Job instance at 0x1459369bc140>,34,18,[1 9],50,50,68,0,50
1,<environment.Job instance at 0x1459369bc550>,35,18,[ 2 10],51,68,86,17,57
1,<environment.Job instance at 0x145932829c30>,38,2,[1 5],56,57,59,1,57
1,<environment.Job instance at 0x145932829dc0>,39,12,[ 1 10],57,86,98,29,69
1,<environment.Job instance at 0x145932844140>,42,2,[ 2 10],60,98,100,38,71
1,<environment.Job instance at 0x145932844320>,43,17,[14  2],62,111,128,49,111
1,<environment.Job instance at 0x1459414a6aa0>,45,3,[ 1 10],64,111,114,47,111
1,<environment.Job instance at 0x1459414a6550>,46,18,[2 7],65,128,146,63,117
1,<environment.Job instance at 0x1459328440f0>,41,14,[2 6],59,128,142,69,120
1,<environment.Job instance at 0x1459328386e0>,49,3,[1 7],68,142,145,74,129
1,<environment.Job instance at 0x145932832820>,40,12,[1 9],58,146,158,88,129
1,<environment.Job instance at 0x145932838640>,50,1,[2 6],69,145,146,76,129
1,<environment.Job instance at 0x145932838aa0>,51,3,[2 9],70,158,161,88,132
1,<environment.Job instance at 0x145932838410>,54,1,[7 2],74,132,133,58,132
1,<environment.Job instance at 0x145932838910>,55,2,[2 6],75,146,148,71,132
1,<environment.Job instance at 0x145932838cd0>,53,1,[2 6],72,148,149,76,133
1,<environment.Job instance at 0x145932824dc0>,58,3,[ 2 13],78,161,164,83,135
1,<environment.Job instance at 0x1459328398c0>,59,14,[6 1],79,156,170,77,156
1,<environment.Job instance at 0x1459360f5aa0>,68,2,[5 1],88,156,158,68,156
1,<environment.Job instance at 0x145932efe8c0>,70,26,[ 1 10],90,164,190,74,161
1,<environment.Job instance at 0x145932efe550>,72,15,[1 7],92,190,205,98,176
1,<environment.Job instance at 0x145932efed20>,73,1,[6 1],94,176,177,82,176
1,<environment.Job instance at 0x145932efe780>,75,3,[10  2],96,177,180,81,176
1,<environment.Job instance at 0x1459414a6780>,48,16,[2 8],67,190,206,123,177
1,<environment.Job instance at 0x145932efe2d0>,77,1,[2 9],98,206,207,108,178
1,<environment.Job instance at 0x145932efeaa0>,74,17,[1 5],95,205,222,110,195
1,<environment.Job instance at 0x145932829d70>,37,1,[5 1],53,452,453,399,452
1,<environment.Job instance at 0x145932585a00>,1,2,[ 2 10],3,3,5,0,3
1,<environment.Job instance at 0x145932585640>,2,26,[7 2],4,4,30,0,4
1,<environment.Job instance at 0x145932f61a50>,19,3,[7 1],36,36,39,0,36
1,<environment.Job instance at 0x145932f61910>,20,3,[ 2 10],37,37,40,0,37
1,<environment.Job instance at 0x1459326f0550>,21,3,[2 8],38,40,43,2,38
1,<environment.Job instance at 0x1459326f0640>,22,2,[2 7],39,40,42,1,39
1,<environment.Job instance at 0x145932dc22d0>,23,3,[10  2],41,42,45,1,41
1,<environment.Job instance at 0x1459437a5410>,24,2,[2 7],42,43,45,1,42
1,<environment.Job instance at 0x1459437a5e60>,25,12,[ 1 10],43,45,57,2,43
1,<environment.Job instance at 0x145935c50500>,26,2,[6 2],44,45,47,1,44
1,<environment.Job instance at 0x145935c5dcd0>,27,3,[2 6],45,57,60,12,45
1,<environment.Job instance at 0x145935c5d960>,28,1,[1 8],46,57,58,11,47
1,<environment.Job instance at 0x145935c5d230>,29,13,[2 7],47,58,71,11,47
1,<environment.Job instance at 0x145935c5dbe0>,30,1,[1 5],48,55,56,7,55
1,<environment.Job instance at 0x145936eb42d0>,35,15,[ 2 10],56,71,86,15,57
1,<environment.Job instance at 0x1459436fbf50>,37,3,[8 1],58,58,61,0,58
1,<environment.Job instance at 0x145940800af0>,38,15,[2 6],59,95,110,36,95
1,<environment.Job instance at 0x145936eb4550>,36,1,[11  1],57,100,101,43,100
1,<environment.Job instance at 0x145935ee96e0>,56,1,[6 1],86,101,102,15,100
1,<environment.Job instance at 0x145935ee9a00>,58,26,[9 1],92,102,128,10,100
1,<environment.Job instance at 0x145935ee9280>,57,2,[8 1],87,128,130,41,110
1,<environment.Job instance at 0x145935ee97d0>,63,1,[1 5],98,110,111,12,110
1,<environment.Job instance at 0x145935ee9550>,62,1,[ 2 13],97,111,112,14,110
1,<environment.Job instance at 0x145935ee9dc0>,64,3,[10  1],99,130,133,31,112
1,<environment.Job instance at 0x1459436e47d0>,40,1,[2 8],61,127,128,66,127
1,<environment.Job instance at 0x1459408000f0>,39,1,[ 1 11],60,142,143,82,142
1,<environment.Job instance at 0x145932d59550>,2,1,[2 7],6,10,11,4,10
1,<environment.Job instance at 0x145932b8f9b0>,6,18,[2 9],12,12,30,0,12
1,<environment.Job instance at 0x145932b8fdc0>,7,1,[1 7],13,30,31,17,26
1,<environment.Job instance at 0x145932b8fe10>,8,14,[1 7],15,30,44,15,26
1,<environment.Job instance at 0x145932b8fcd0>,5,1,[ 1 10],9,44,45,35,27
1,<environment.Job instance at 0x145932712190>,10,3,[5 1],17,29,32,12,29
1,<environment.Job instance at 0x145932712a50>,9,2,[10  2],16,32,34,16,30
1,<environment.Job instance at 0x1459327129b0>,12,1,[8 1],20,31,32,11,31
1,<environment.Job instance at 0x145932712500>,13,12,[6 1],21,318,330,297,318
1,<environment.Job instance at 0x145932712640>,14,13,[2 6],22,324,337,302,324
1,<environment.Job instance at 0x145932c005a0>,1,12,[ 2 11],3,337,349,334,324
1,<environment.Job instance at 0x145932ef29b0>,16,3,[1 9],25,330,333,305,324
1,<environment.Job instance at 0x145932ef2e10>,15,2,[2 8],24,325,327,301,325
1,<environment.Job instance at 0x145932ef2460>,19,3,[1 5],31,327,330,296,325
1,<environment.Job instance at 0x145933a606e0>,20,1,[7 2],33,333,334,300,325
1,<environment.Job instance at 0x145932ef26e0>,21,2,[8 1],34,334,336,300,325
1,<environment.Job instance at 0x145932ef2780>,23,21,[7 1],36,336,357,300,328
1,<environment.Job instance at 0x145932cbc6e0>,24,3,[1 9],37,349,352,312,328
1,<environment.Job instance at 0x1459414707d0>,25,2,[2 5],38,333,335,295,328
1,<environment.Job instance at 0x145932c008c0>,3,1,[6 1],7,328,329,321,328
1,<environment.Job instance at 0x14593247b190>,26,14,[8 2],39,352,366,313,347
1,<environment.Job instance at 0x1459332bb4b0>,34,3,[1 8],53,357,360,304,349
1,<environment.Job instance at 0x1459325ed460>,36,2,[5 2],55,350,352,295,350
1,<environment.Job instance at 0x145932730730>,37,3,[8 1],57,366,369,309,350
1,<environment.Job instance at 0x145932730140>,38,2,[6 1],58,357,359,299,350
1,<environment.Job instance at 0x145940b4c7d0>,41,1,[6 2],63,359,360,296,355
1,<environment.Job instance at 0x1459331991e0>,42,26,[2 8],65,360,386,295,357
1,<environment.Job instance at 0x1459407a7f50>,43,15,[9 2],66,372,387,306,372
1,<environment.Job instance at 0x1459407d89b0>,45,1,[6 1],69,386,387,317,373
1,<environment.Job instance at 0x1459407d83c0>,46,3,[2 8],70,387,390,317,373
1,<environment.Job instance at 0x1459407d8500>,47,19,[1 5],73,387,406,314,377
1,<environment.Job instance at 0x1459407d84b0>,48,3,[2 7],75,390,393,315,377
1,<environment.Job instance at 0x145935f44960>,49,18,[7 2],76,387,405,311,378
1,<environment.Job instance at 0x1459407d8460>,50,3,[ 1 10],77,405,408,328,379
1,<environment.Job instance at 0x145935f44500>,51,2,[9 2],79,406,408,327,379
1,<environment.Job instance at 0x145935f44dc0>,52,2,[2 9],82,408,410,326,381
1,<environment.Job instance at 0x145935f44780>,53,1,[6 1],83,393,394,310,381
1,<environment.Job instance at 0x145935f44af0>,54,2,[1 6],84,393,395,309,381
1,<environment.Job instance at 0x145935f449b0>,55,12,[2 5],86,408,420,322,391
1,<environment.Job instance at 0x1459351d8690>,56,2,[ 2 14],89,420,422,331,393
1,<environment.Job instance at 0x1459351d8d70>,57,1,[7 2],90,395,396,305,393
1,<environment.Job instance at 0x145936b84aa0>,58,1,[8 1],91,408,409,317,393
1,<environment.Job instance at 0x145936b840a0>,59,17,[ 2 10],92,422,439,330,410
1,<environment.Job instance at 0x145936b84910>,60,2,[8 1],93,410,412,317,410
1,<environment.Job instance at 0x145936b84c80>,61,2,[1 8],95,410,412,315,410
1,<environment.Job instance at 0x145936b84370>,62,3,[2 8],96,412,415,316,410
1,<environment.Job instance at 0x145936b84640>,63,1,[8 2],97,412,413,315,410
1,<environment.Job instance at 0x145932795190>,2,3,[2 5],5,5,8,0,5
1,<environment.Job instance at 0x145932f48aa0>,8,13,[8 1],14,14,27,0,14
1,<environment.Job instance at 0x145936f05460>,12,3,[7 2],22,22,25,0,22
1,<environment.Job instance at 0x145936f05640>,13,2,[6 2],23,25,27,2,23
1,<environment.Job instance at 0x145936f053c0>,14,1,[10  1],25,27,28,2,25
1,<environment.Job instance at 0x145936f050f0>,15,3,[6 2],27,28,31,1,27
1,<environment.Job instance at 0x145932f1ebe0>,16,2,[1 9],29,29,31,0,29
1,<environment.Job instance at 0x14594376f5a0>,17,3,[1 9],31,31,34,0,31
1,<environment.Job instance at 0x14594085b910>,18,2,[5 1],33,33,35,0,33
1,<environment.Job instance at 0x145932f487d0>,11,2,[1 9],19,34,36,15,33
1,<environment.Job instance at 0x145933100730>,19,15,[ 1 10],34,36,51,2,34
1,<environment.Job instance at 0x145932967cd0>,26,15,[1 8],42,51,66,9,50
1,<environment.Job instance at 0x14594143f280>,30,17,[1 6],47,51,68,4,50
1,<environment.Job instance at 0x1459436ede10>,31,2,[8 2],50,66,68,16,50
1,<environment.Job instance at 0x145932d2f730>,32,2,[5 2],51,66,68,15,51
1,<environment.Job instance at 0x145936003730>,33,2,[6 1],52,52,54,0,52
1,<environment.Job instance at 0x145936003230>,34,1,[1 9],53,68,69,15,53
1,<environment.Job instance at 0x145936003a00>,35,1,[7 1],54,54,55,0,54
1,<environment.Job instance at 0x145936003e10>,36,2,[2 5],55,68,70,13,55
1,<environment.Job instance at 0x1459360030f0>,37,1,[2 8],56,69,70,13,56
1,<environment.Job instance at 0x145936982410>,40,13,[1 7],61,70,83,9,62
1,<environment.Job instance at 0x145936982c30>,41,2,[2 9],62,83,85,21,62
1,<environment.Job instance at 0x145936982190>,42,2,[1 9],63,85,87,22,63
1,<environment.Job instance at 0x145941501b40>,43,18,[8 1],64,68,86,4,64
1,<environment.Job instance at 0x145941501aa0>,45,3,[6 1],66,70,73,4,67
1,<environment.Job instance at 0x145941501c80>,46,2,[10  2],67,86,88,19,67
1,<environment.Job instance at 0x145940893370>,47,2,[7 1],68,88,90,20,68
1,<environment.Job instance at 0x1459332bf2d0>,28,1,[9 1],44,90,91,46,69
1,<environment.Job instance at 0x145940893550>,48,3,[ 2 12],74,87,90,13,74
1,<environment.Job instance at 0x145940893af0>,49,3,[8 2],75,91,94,16,75
1,<environment.Job instance at 0x145940893050>,51,18,[2 8],77,90,108,13,79
1,<environment.Job instance at 0x145940893a50>,52,1,[1 8],78,108,109,30,83
1,<environment.Job instance at 0x145940893c80>,54,1,[8 1],81,94,95,13,84
1,<environment.Job instance at 0x1459408935a0>,55,1,[5 2],83,88,89,5,86
1,<environment.Job instance at 0x145940893870>,56,1,[9 2],85,95,96,10,86
1,<environment.Job instance at 0x145940893460>,57,1,[ 1 14],86,109,110,23,87
1,<environment.Job instance at 0x145932d16cd0>,58,2,[1 7],87,96,98,9,87
1,<environment.Job instance at 0x145940893910>,50,1,[8 2],76,98,99,22,94
1,<environment.Job instance at 0x145932d16aa0>,61,3,[ 1 10],91,110,113,19,94
1,<environment.Job instance at 0x145932d160a0>,62,25,[5 1],92,98,123,6,94
1,<environment.Job instance at 0x145932d16050>,64,2,[2 7],94,113,115,19,105
1,<environment.Job instance at 0x145932d16a50>,65,2,[2 9],95,115,117,20,107
1,<environment.Job instance at 0x145932d16a00>,66,1,[2 7],96,113,114,17,108
1,<environment.Job instance at 0x145932d164b0>,67,2,[8 1],97,110,112,13,109
1,<environment.Job instance at 0x145935d9f320>,1,2,[2 9],3,3,5,0,3
1,<environment.Job instance at 0x145935d9fd20>,2,1,[5 2],5,6,7,1,6
1,<environment.Job instance at 0x145935d9f190>,5,1,[ 1 14],10,10,11,0,10
1,<environment.Job instance at 0x145935d9f140>,6,2,[6 1],11,12,14,1,12
1,<environment.Job instance at 0x145935d9f960>,8,3,[ 2 10],13,13,16,0,13
1,<environment.Job instance at 0x1459328ba910>,7,2,[1 5],12,14,16,2,13
1,<environment.Job instance at 0x145935d9f640>,9,13,[2 8],14,16,29,2,14
1,<environment.Job instance at 0x145940919820>,11,1,[5 1],18,18,19,0,18
1,<environment.Job instance at 0x145932e76b40>,14,2,[1 6],21,21,23,0,21
1,<environment.Job instance at 0x145932e762d0>,15,20,[10  2],24,24,44,0,24
1,<environment.Job instance at 0x145932e0e140>,16,1,[5 2],25,29,30,4,25
1,<environment.Job instance at 0x145932e4fd20>,17,3,[8 2],26,44,47,18,26
1,<environment.Job instance at 0x145932e4ff00>,18,17,[ 1 10],28,30,47,2,28
1,<environment.Job instance at 0x1459400581e0>,19,15,[1 6],29,47,62,18,33
1,<environment.Job instance at 0x1459326fba00>,23,1,[1 9],35,47,48,12,35
1,<environment.Job instance at 0x145932476cd0>,25,2,[ 1 10],40,62,64,22,40
1,<environment.Job instance at 0x145932eb0460>,26,3,[2 7],41,48,51,7,41
1,<environment.Job instance at 0x1459326fb050>,27,1,[2 6],44,51,52,7,44
1,<environment.Job instance at 0x145935d26a00>,29,3,[ 2 10],46,64,67,18,46
1,<environment.Job instance at 0x1459326fb730>,24,1,[8 1],36,49,50,13,49
1,<environment.Job instance at 0x145932e5f4b0>,36,1,[1 9],57,57,58,0,57
1,<environment.Job instance at 0x145932e811e0>,37,17,[6 1],58,58,75,0,58
1,<environment.Job instance at 0x14594089ed20>,34,2,[9 2],54,67,69,13,58
1,<environment.Job instance at 0x1459400874b0>,38,1,[9 1],59,69,70,10,59
1,<environment.Job instance at 0x145940087c80>,39,2,[1 9],60,70,72,10,60
1,<environment.Job instance at 0x1459325cbdc0>,40,2,[1 5],62,70,72,8,62
1,<environment.Job instance at 0x1459325cb0f0>,41,1,[2 9],63,72,73,9,63
1,<environment.Job instance at 0x1459325cb2d0>,42,2,[6 1],64,64,66,0,64
1,<environment.Job instance at 0x14594089e320>,33,2,[6 2],52,72,74,20,65
1,<environment.Job instance at 0x145936b6bb40>,44,1,[5 1],66,66,67,0,66
1,<environment.Job instance at 0x145936b6ba00>,45,18,[11  2],68,75,93,7,74
1,<environment.Job instance at 0x145936b6b960>,47,19,[2 8],71,74,93,3,74
1,<environment.Job instance at 0x145936b6b230>,48,1,[8 1],72,93,94,21,74
1,<environment.Job instance at 0x145936b6bb90>,49,1,[1 5],74,74,75,0,74
1,<environment.Job instance at 0x1459360f2910>,50,16,[2 5],75,75,91,0,75
1,<environment.Job instance at 0x1459360f2320>,51,2,[6 2],77,93,95,16,77
1,<environment.Job instance at 0x1459408039b0>,52,3,[2 6],78,94,97,16,78
1,<environment.Job instance at 0x145932f4d910>,53,16,[2 6],80,94,110,14,81
1,<environment.Job instance at 0x145936b6b320>,46,1,[9 1],70,95,96,25,81
1,<environment.Job instance at 0x1459400dcaf0>,58,2,[1 9],85,97,99,12,85
1,<environment.Job instance at 0x1459436ce820>,57,1,[2 5],84,91,92,7,85
1,<environment.Job instance at 0x145933978c80>,55,3,[2 7],82,99,102,17,86
1,<environment.Job instance at 0x145942e5b4b0>,60,3,[2 6],87,102,105,15,87
1,<environment.Job instance at 0x145936ba1a00>,61,1,[1 5],88,92,93,4,92
1,<environment.Job instance at 0x145936003320>,64,2,[7 2],92,99,101,7,93
1,<environment.Job instance at 0x1459351ab870>,65,1,[9 2],94,96,97,2,94
1,<environment.Job instance at 0x1459351abf00>,66,1,[10  2],95,101,102,6,95
1,<environment.Job instance at 0x145933ac8b90>,67,3,[2 5],97,105,108,8,97
1,<environment.Job instance at 0x1459400265f0>,68,17,[9 2],99,102,119,3,99
1,<environment.Job instance at 0x145936ba1eb0>,62,2,[6 2],89,110,112,21,102
1,<environment.Job instance at 0x145932e81c80>,35,3,[6 2],56,127,130,71,127
1,<environment.Job instance at 0x145932daf550>,1,2,[8 2],7,7,9,0,7
1,<environment.Job instance at 0x14593250d320>,3,17,[1 8],9,9,26,0,9
1,<environment.Job instance at 0x14593250de60>,5,2,[2 5],12,15,17,3,15
1,<environment.Job instance at 0x1459413df190>,11,2,[2 6],22,22,24,0,22
1,<environment.Job instance at 0x145940769370>,13,3,[1 7],24,24,27,0,24
1,<environment.Job instance at 0x145936ed20a0>,15,14,[2 7],27,27,41,0,27
1,<environment.Job instance at 0x1459413e1780>,17,1,[ 1 10],30,41,42,11,30
1,<environment.Job instance at 0x1459331eae60>,21,3,[1 7],36,36,39,0,36
1,<environment.Job instance at 0x1459331eab40>,22,2,[2 8],38,39,41,1,38
1,<environment.Job instance at 0x1459331ea5a0>,23,2,[1 8],39,42,44,3,39
1,<environment.Job instance at 0x1459331eab90>,24,3,[1 7],42,42,45,0,42
1,<environment.Job instance at 0x1459331ea2d0>,25,1,[1 8],45,45,46,0,45
1,<environment.Job instance at 0x1459331ecaf0>,26,1,[7 2],48,48,49,0,48
1,<environment.Job instance at 0x1459331ecb40>,27,3,[2 9],49,49,52,0,49
1,<environment.Job instance at 0x1459331ecfa0>,28,16,[2 5],50,50,66,0,50
1,<environment.Job instance at 0x1459331ec9b0>,29,17,[ 1 14],51,66,83,15,54
1,<environment.Job instance at 0x145936ee6500>,43,2,[1 5],69,708,710,639,708
1,<environment.Job instance at 0x145932b36aa0>,44,2,[ 2 10],70,708,710,638,708
1,<environment.Job instance at 0x14db9cdca230>,1,2,[2 5],4,4,6,0,4
1,<environment.Job instance at 0x14db9cd94a50>,3,2,[1 7],6,9,11,3,9
1,<environment.Job instance at 0x14db478ae0a0>,6,16,[2 7],9,9,25,0,9
1,<environment.Job instance at 0x14db478aed20>,9,2,[ 2 10],12,25,27,13,23
1,<environment.Job instance at 0x14db4785ad70>,10,3,[7 2],14,24,27,10,24
1,<environment.Job instance at 0x14db4785a410>,12,3,[6 2],16,24,27,8,24
1,<environment.Job instance at 0x14db4785aa50>,13,13,[1 5],17,27,40,10,24
1,<environment.Job instance at 0x14db4785a050>,14,1,[1 7],18,27,28,9,24
1,<environment.Job instance at 0x14db4785a9b0>,15,14,[6 2],20,27,41,7,24
1,<environment.Job instance at 0x14db4785a690>,16,17,[1 7],22,34,51,12,34
1,<environment.Job instance at 0x14db4785a7d0>,18,1,[5 2],25,40,41,15,36
1,<environment.Job instance at 0x14db478a3f00>,19,3,[8 1],26,41,44,15,37
1,<environment.Job instance at 0x14db478a3dc0>,20,21,[7 1],27,44,65,17,37
1,<environment.Job instance at 0x14db47895550>,21,22,[8 2],28,51,73,23,48
1,<environment.Job instance at 0x14db478958c0>,23,3,[7 2],30,65,68,35,49
1,<environment.Job instance at 0x14db478951e0>,22,3,[2 6],29,68,71,39,59
1,<environment.Job instance at 0x14db47890af0>,24,20,[ 1 10],32,71,91,39,63
1,<environment.Job instance at 0x14db478909b0>,26,3,[9 1],36,73,76,37,63
1,<environment.Job instance at 0x14db478901e0>,25,1,[6 1],34,80,81,46,80
1,<environment.Job instance at 0x14db471848c0>,33,2,[5 1],44,80,82,36,80
1,<environment.Job instance at 0x14db47184230>,36,3,[1 6],48,91,94,43,80
1,<environment.Job instance at 0x14db47184d20>,37,2,[2 7],49,91,93,42,80
1,<environment.Job instance at 0x14db47184f50>,38,2,[8 2],50,81,83,31,80
1,<environment.Job instance at 0x14db47184e10>,39,14,[2 5],51,93,107,42,86
1,<environment.Job instance at 0x14db4717be60>,45,2,[2 5],58,94,96,36,90
1,<environment.Job instance at 0x14db4717b780>,48,15,[ 2 10],61,96,111,35,90
1,<environment.Job instance at 0x14db47182dc0>,49,1,[ 1 10],67,111,112,44,90
1,<environment.Job instance at 0x14db47182e10>,50,1,[1 8],68,112,113,44,104
1,<environment.Job instance at 0x14db47182320>,52,1,[8 1],70,107,108,37,105
1,<environment.Job instance at 0x14db47182cd0>,53,1,[7 2],72,108,109,36,105
1,<environment.Job instance at 0x14db47182fa0>,54,2,[10  1],74,109,111,35,105
1,<environment.Job instance at 0x14db47182140>,55,2,[2 7],75,112,114,37,105
1,<environment.Job instance at 0x14db478b2370>,56,18,[1 7],79,113,131,34,105
1,<environment.Job instance at 0x14db478b24b0>,57,3,[1 9],80,131,134,51,108
1,<environment.Job instance at 0x14db478a8910>,58,3,[6 1],83,125,128,42,125
1,<environment.Job instance at 0x14db478a8a00>,60,17,[ 1 10],86,134,151,48,125
1,<environment.Job instance at 0x14db473eddc0>,61,2,[5 2],87,126,128,39,126
1,<environment.Job instance at 0x14db478a6280>,62,2,[1 5],89,126,128,37,126
1,<environment.Job instance at 0x14db478a6c30>,63,2,[7 2],90,128,130,38,126
1,<environment.Job instance at 0x14db478a6820>,64,18,[1 7],91,151,169,60,140
1,<environment.Job instance at 0x14db478a6e60>,65,2,[2 7],93,151,153,58,140
1,<environment.Job instance at 0x14db478a6780>,67,15,[1 9],95,169,184,74,155
1,<environment.Job instance at 0x14db4718e460>,68,1,[1 5],98,155,156,57,155
1,<environment.Job instance at 0x14db4718e4b0>,69,1,[10  2],101,155,156,54,155
1,<environment.Job instance at 0x14db4718e640>,70,1,[8 1],102,156,157,54,155
1,<environment.Job instance at 0x14db4718e3c0>,71,2,[1 6],103,156,158,53,155
1,<environment.Job instance at 0x14db4718e8c0>,72,2,[2 6],106,158,160,52,155
1,<environment.Job instance at 0x14db4718ea50>,73,1,[8 1],107,157,158,50,155
1,<environment.Job instance at 0x14db4718eaf0>,74,2,[1 5],108,160,162,52,155
1,<environment.Job instance at 0x14db47890370>,27,3,[2 8],37,162,165,125,155
1,<environment.Job instance at 0x14db478a8050>,59,2,[12  2],85,1057,1059,972,1057
1,<environment.Job instance at 0x14db471a1370>,5,12,[1 7],11,11,23,0,11
1,<environment.Job instance at 0x14db471a11e0>,6,16,[1 7],12,13,29,1,13
1,<environment.Job instance at 0x14db5121eb40>,15,1,[5 2],24,24,25,0,24
1,<environment.Job instance at 0x14db4aa47230>,14,1,[5 2],23,27,28,4,27
1,<environment.Job instance at 0x14db51209b90>,26,1,[1 8],44,44,45,0,44
1,<environment.Job instance at 0x14db51209550>,27,2,[2 5],46,46,48,0,46
1,<environment.Job instance at 0x14db507289b0>,3,25,[1 8],5,5,30,0,5
1,<environment.Job instance at 0x14db51209640>,4,26,[2 9],6,30,56,24,27
1,<environment.Job instance at 0x14db49fd2fa0>,7,3,[1 6],12,29,32,17,29
1,<environment.Job instance at 0x14db49d73690>,8,2,[1 6],13,35,37,22,35
1,<environment.Job instance at 0x14db49fd2500>,9,2,[1 7],14,56,58,42,36
1,<environment.Job instance at 0x14db49fd2b90>,10,22,[2 7],15,56,78,41,49
1,<environment.Job instance at 0x14db49fd2aa0>,11,1,[5 1],17,50,51,33,50
1,<environment.Job instance at 0x14db49f6cf00>,12,2,[2 8],18,58,60,40,50
1,<environment.Job instance at 0x14db49f6c780>,13,18,[2 8],19,60,78,41,50
1,<environment.Job instance at 0x14db49f6c190>,14,2,[9 2],20,51,53,31,50
1,<environment.Job instance at 0x14db49f6c6e0>,15,2,[6 1],22,53,55,31,50
1,<environment.Job instance at 0x14db49f6c960>,16,1,[10  1],23,55,56,32,50
1,<environment.Job instance at 0x14db49f6c640>,17,2,[6 1],24,53,55,29,50
1,<environment.Job instance at 0x14db49f6c460>,18,13,[2 9],25,78,91,53,62
1,<environment.Job instance at 0x14db49d73eb0>,6,13,[ 2 10],11,91,104,80,75
1,<environment.Job instance at 0x14db512e0a00>,20,3,[1 7],30,104,107,74,78
1,<environment.Job instance at 0x14db507285a0>,0,2,[5 2],1,78,80,77,78
1,<environment.Job instance at 0x14db4ad0ef00>,22,2,[1 5],32,80,82,48,78
1,<environment.Job instance at 0x14db49057c80>,21,3,[10  1],31,81,84,50,81
1,<environment.Job instance at 0x14db49057410>,24,16,[7 1],38,84,100,46,81
1,<environment.Job instance at 0x14db49d2ab40>,26,2,[1 8],41,104,106,63,94
1,<environment.Job instance at 0x14db4d69d870>,38,2,[5 2],58,100,102,42,100
1,<environment.Job instance at 0x14db4d69d2d0>,40,1,[7 2],60,100,101,40,100
1,<environment.Job instance at 0x14db4d69d5f0>,41,3,[8 2],62,101,104,39,100
1,<environment.Job instance at 0x14db4d69df00>,42,3,[5 2],63,106,109,43,100
1,<environment.Job instance at 0x14db49f17780>,43,2,[2 5],65,106,108,41,100
1,<environment.Job instance at 0x14db49f17e60>,44,14,[ 1 10],66,108,122,42,100
1,<environment.Job instance at 0x14db49f17730>,45,1,[6 2],67,107,108,40,100
1,<environment.Job instance at 0x14db46d41870>,46,3,[2 5],68,109,112,41,100
1,<environment.Job instance at 0x14db49f17d20>,47,14,[2 5],69,112,126,43,100
1,<environment.Job instance at 0x14db49f17280>,48,2,[7 1],70,122,124,52,100
1,<environment.Job instance at 0x14db4add6af0>,49,2,[1 8],71,122,124,51,100
1,<environment.Job instance at 0x14db4add6c30>,50,2,[12  1],72,124,126,52,100
1,<environment.Job instance at 0x14db4add6140>,51,3,[9 2],73,126,129,53,100
1,<environment.Job instance at 0x14db4add64b0>,54,17,[1 9],76,124,141,48,113
1,<environment.Job instance at 0x14db4add6640>,55,2,[5 1],77,122,124,45,114
1,<environment.Job instance at 0x14db47bb9910>,59,18,[6 2],83,129,147,46,118
1,<environment.Job instance at 0x14db47bb99b0>,60,14,[10  1],86,147,161,61,132
1,<environment.Job instance at 0x14db47bb9870>,61,1,[6 2],88,132,133,44,132
1,<environment.Job instance at 0x14db47bb9550>,62,15,[2 7],89,141,156,52,132
1,<environment.Job instance at 0x14db46c975f0>,63,2,[2 8],90,156,158,66,132
1,<environment.Job instance at 0x14db4783cfa0>,71,2,[ 1 10],101,158,160,57,145
1,<environment.Job instance at 0x14db49f229b0>,58,13,[5 2],82,160,173,78,145
1,<environment.Job instance at 0x14db4a80dd20>,77,3,[1 9],109,161,164,52,152
1,<environment.Job instance at 0x14db512096e0>,5,15,[7 2],9,524,539,515,524
1,<environment.Job instance at 0x14db4704f230>,1,2,[2 6],4,4,6,0,4
1,<environment.Job instance at 0x14db49d2a780>,2,1,[1 7],5,5,6,0,5
1,<environment.Job instance at 0x14db513c0500>,3,2,[10  2],6,6,8,0,6
1,<environment.Job instance at 0x14db513c05a0>,4,2,[6 2],7,8,10,1,7
1,<environment.Job instance at 0x14db513c0eb0>,5,2,[10  1],8,10,12,2,8
1,<environment.Job instance at 0x14db513c0c80>,8,3,[1 9],11,11,14,0,11
1,<environment.Job instance at 0x14db4d6b7be0>,9,3,[13  2],12,14,17,2,14
1,<environment.Job instance at 0x14db5358a0f0>,12,14,[6 1],15,17,31,2,15
1,<environment.Job instance at 0x14db4ad8dcd0>,10,2,[8 1],13,19,21,6,19
1,<environment.Job instance at 0x14db49afc0f0>,16,25,[2 6],21,21,46,0,21
1,<environment.Job instance at 0x14db49afc230>,18,2,[1 5],23,23,25,0,23
1,<environment.Job instance at 0x14db46c14550>,17,2,[2 8],22,25,27,3,24
1,<environment.Job instance at 0x14db49c99f50>,20,3,[2 5],26,29,32,3,29
1,<environment.Job instance at 0x14db5124ceb0>,11,14,[ 2 10],14,46,60,32,31
1,<environment.Job instance at 0x14db469f4be0>,22,17,[1 7],32,60,77,28,51
1,<environment.Job instance at 0x14db49e82780>,29,1,[ 1 13],45,77,78,32,64
1,<environment.Job instance at 0x14db49e53a50>,33,1,[12  2],50,64,65,14,64
1,<environment.Job instance at 0x14db49e535f0>,37,1,[8 1],55,65,66,10,64
1,<environment.Job instance at 0x14db49e53b90>,38,1,[9 1],56,66,67,10,64
1,<environment.Job instance at 0x14db49e53a00>,39,18,[1 8],57,78,96,21,67
1,<environment.Job instance at 0x14db49e535a0>,30,2,[1 5],46,78,80,32,77
1,<environment.Job instance at 0x14db4782b870>,48,1,[1 8],74,96,97,22,77
1,<environment.Job instance at 0x14db5126a820>,47,2,[7 1],72,78,80,6,78
1,<environment.Job instance at 0x14db5129a230>,53,1,[2 8],81,97,98,16,81
1,<environment.Job instance at 0x14db4904d5a0>,54,1,[5 2],82,89,90,7,89
1,<environment.Job instance at 0x14db512095a0>,59,1,[1 7],90,90,91,0,90
1,<environment.Job instance at 0x14db46e5fc80>,60,16,[1 5],91,91,107,0,91
1,<environment.Job instance at 0x14db46e5f320>,61,2,[9 2],92,92,94,0,92
1,<environment.Job instance at 0x14db46e5f690>,62,12,[1 8],93,98,110,5,93
1,<environment.Job instance at 0x14db469ed1e0>,63,15,[2 6],95,107,122,12,95
1,<environment.Job instance at 0x14db469eda00>,64,3,[1 7],96,110,113,14,96
1,<environment.Job instance at 0x14db469ede10>,65,18,[1 8],97,113,131,16,102
1,<environment.Job instance at 0x14db469edbe0>,66,2,[8 2],99,103,105,4,103
1,<environment.Job instance at 0x14db506d2d20>,68,1,[7 2],101,105,106,4,104
1,<environment.Job instance at 0x14db506d2b40>,69,15,[7 2],102,122,137,20,111
1,<environment.Job instance at 0x14db46d64410>,72,1,[2 7],106,131,132,25,111
1,<environment.Job instance at 0x14db46d644b0>,73,3,[10  2],107,137,140,30,111
1,<environment.Job instance at 0x14db46d64820>,70,1,[13  1],103,140,141,37,118
1,<environment.Job instance at 0x14db46d64550>,74,14,[ 1 10],109,132,146,23,119
1,<environment.Job instance at 0x14db49e53370>,31,16,[1 7],47,323,339,276,323
1,<environment.Job instance at 0x14db49e53f00>,32,2,[10  1],48,580,582,532,580
1,<environment.Job instance at 0x14db539f10a0>,5,2,[2 6],8,8,10,0,8
1,<environment.Job instance at 0x14db49d131e0>,6,2,[6 1],9,9,11,0,9
1,<environment.Job instance at 0x14db49d13be0>,7,3,[2 8],11,11,14,0,11
1,<environment.Job instance at 0x14db49c1ef50>,8,2,[5 2],12,12,14,0,12
1,<environment.Job instance at 0x14db49c1e2d0>,9,2,[2 7],13,14,16,1,13
1,<environment.Job instance at 0x14db49c1e190>,10,3,[1 8],14,14,17,0,14
1,<environment.Job instance at 0x14db49c1ec30>,11,22,[9 1],15,16,38,1,15
1,<environment.Job instance at 0x14db49c1e3c0>,14,2,[ 1 10],19,19,21,0,19
1,<environment.Job instance at 0x14db49c9b050>,15,3,[2 7],20,21,24,1,20
1,<environment.Job instance at 0x14db49c9baa0>,16,26,[10  1],21,38,64,17,35
1,<environment.Job instance at 0x14db507224b0>,20,2,[1 6],27,35,37,8,35
1,<environment.Job instance at 0x14db50722320>,21,1,[12  1],28,64,65,36,36
1,<environment.Job instance at 0x14db50722af0>,22,18,[2 8],29,36,54,7,36
1,<environment.Job instance at 0x14db49c9bdc0>,17,3,[ 2 12],22,54,57,32,36
1,<environment.Job instance at 0x14db507223c0>,25,1,[5 2],35,57,58,22,36
1,<environment.Job instance at 0x14db50722500>,24,2,[2 5],34,37,39,3,36
1,<environment.Job instance at 0x14db49d721e0>,27,1,[2 5],37,39,40,2,37
1,<environment.Job instance at 0x14db49b40d70>,29,1,[1 5],39,40,41,1,40
1,<environment.Job instance at 0x14db49b33640>,30,1,[8 1],42,65,66,23,43
1,<environment.Job instance at 0x14db49b33e60>,32,2,[2 7],44,58,60,14,44
1,<environment.Job instance at 0x14db49b33410>,33,1,[5 2],45,60,61,15,48
1,<environment.Job instance at 0x14db49b33aa0>,35,2,[6 1],49,65,67,16,49
1,<environment.Job instance at 0x14db4ad08f00>,38,1,[7 1],52,66,67,14,56
1,<environment.Job instance at 0x14db4ad08fa0>,39,13,[1 8],53,61,74,8,56
1,<environment.Job instance at 0x14db4ad08c80>,37,2,[2 6],51,58,60,7,56
1,<environment.Job instance at 0x14db4ad08a50>,41,1,[1 7],55,67,68,12,56
1,<environment.Job instance at 0x14db4ad08c30>,40,3,[ 2 10],54,74,77,20,57
1,<environment.Job instance at 0x14db507221e0>,19,3,[6 2],25,68,71,43,57
1,<environment.Job instance at 0x14db47182b40>,42,18,[2 7],59,77,95,18,66
1,<environment.Job instance at 0x14db471827d0>,45,2,[ 2 10],65,95,97,30,68
1,<environment.Job instance at 0x14db47182a00>,46,2,[7 1],66,68,70,2,68
1,<environment.Job instance at 0x14db49b5e0f0>,47,3,[1 5],67,70,73,3,68
1,<environment.Job instance at 0x14db49b5ebe0>,48,2,[5 2],68,71,73,3,68
1,<environment.Job instance at 0x14db507026e0>,49,1,[10  2],69,73,74,4,69
1,<environment.Job instance at 0x14db4a820460>,50,1,[10  1],70,74,75,4,70
1,<environment.Job instance at 0x14db4a8200f0>,53,2,[2 9],74,97,99,23,84
1,<environment.Job instance at 0x14db49c28dc0>,54,3,[9 2],76,87,90,11,87
1,<environment.Job instance at 0x14db4a820500>,55,14,[9 2],78,96,110,18,96
1,<environment.Job instance at 0x14db4a820780>,56,1,[1 5],79,99,100,20,96
1,<environment.Job instance at 0x14db4ac94f50>,58,15,[5 2],83,99,114,16,96
1,<environment.Job instance at 0x14db47182820>,44,1,[2 9],62,110,111,48,97
1,<environment.Job instance at 0x14db49f82e60>,60,1,[2 8],87,111,112,24,97
1,<environment.Job instance at 0x14db49f82370>,59,2,[10  1],86,112,114,26,99
1,<environment.Job instance at 0x14db46e14190>,63,17,[1 6],93,114,131,21,102
1,<environment.Job instance at 0x14db46c97140>,64,1,[2 9],94,114,115,20,102
1,<environment.Job instance at 0x14db4d69df00>,65,2,[8 1],96,110,112,14,103
1,<environment.Job instance at 0x14db49e7beb0>,66,2,[9 2],98,115,117,17,103
1,<environment.Job instance at 0x14db49e7b910>,67,2,[6 1],99,117,119,18,107
1,<environment.Job instance at 0x14db49e7b410>,68,3,[ 1 10],100,107,110,7,107
1,<environment.Job instance at 0x14db49e7b460>,69,1,[7 1],101,117,118,16,108
1,<environment.Job instance at 0x14db49e7b1e0>,70,2,[1 6],102,115,117,13,108
1,<environment.Job instance at 0x14db4ad5aaa0>,71,2,[1 6],103,117,119,14,108
1,<environment.Job instance at 0x14db5129e3c0>,72,3,[6 2],104,118,121,14,108
1,<environment.Job instance at 0x14db4a958410>,74,3,[6 2],107,119,122,12,112
1,<environment.Job instance at 0x14db479122d0>,75,1,[2 8],108,122,123,14,112
1,<environment.Job instance at 0x14db49f82190>,61,2,[7 2],90,123,125,33,116
1,<environment.Job instance at 0x14db49e7baa0>,73,1,[10  1],106,122,123,16,118
1,<environment.Job instance at 0x14db50722d20>,18,12,[8 2],23,155,167,132,155
1,<environment.Job instance at 0x14db49d138c0>,2,3,[2 7],5,5,8,0,5
1,<environment.Job instance at 0x14db47828870>,5,12,[1 5],12,12,24,0,12
1,<environment.Job instance at 0x14db47828780>,6,3,[2 7],13,13,16,0,13
1,<environment.Job instance at 0x14db46d64820>,7,18,[2 8],14,16,34,2,14
1,<environment.Job instance at 0x14db47828280>,8,2,[1 9],16,34,36,18,16
1,<environment.Job instance at 0x14db46d64e60>,9,1,[1 8],17,36,37,19,18
1,<environment.Job instance at 0x14db46d64be0>,11,2,[1 5],19,24,26,5,23
1,<environment.Job instance at 0x14db47142460>,12,17,[2 5],23,26,43,3,23
1,<environment.Job instance at 0x14db507163c0>,16,2,[2 6],30,37,39,7,30
1,<environment.Job instance at 0x14db470c3320>,17,2,[2 5],32,39,41,7,33
1,<environment.Job instance at 0x14db4aa4a370>,18,16,[ 2 10],33,41,57,8,33
1,<environment.Job instance at 0x14db4703d9b0>,19,1,[1 9],36,57,58,21,37
1,<environment.Job instance at 0x14db4693f730>,26,1,[1 9],47,58,59,11,50
1,<environment.Job instance at 0x14db51359e10>,29,2,[8 2],51,53,55,2,53
1,<environment.Job instance at 0x14db51359640>,30,1,[1 5],52,55,56,3,53
1,<environment.Job instance at 0x14db46d1d640>,31,2,[8 1],53,56,58,3,53
1,<environment.Job instance at 0x14db46a7a280>,32,1,[5 2],55,56,57,1,55
1,<environment.Job instance at 0x14db47098410>,33,12,[13  2],56,81,93,25,81
1,<environment.Job instance at 0x14db4aa220f0>,35,3,[1 7],61,81,84,20,81
1,<environment.Job instance at 0x14db53564af0>,36,15,[ 1 10],62,84,99,22,81
1,<environment.Job instance at 0x14db53564e60>,37,3,[9 1],63,93,96,30,81
1,<environment.Job instance at 0x14db53564870>,38,3,[7 2],65,96,99,31,81
1,<environment.Job instance at 0x14db469aa820>,28,3,[ 1 10],50,99,102,49,81
1,<environment.Job instance at 0x14db53564dc0>,41,3,[8 1],68,99,102,31,81
1,<environment.Job instance at 0x14db53564cd0>,42,3,[2 6],70,102,105,32,81
1,<environment.Job instance at 0x14db535645a0>,43,20,[5 1],71,93,113,22,84
1,<environment.Job instance at 0x14db47098050>,34,2,[1 9],59,105,107,46,90
1,<environment.Job instance at 0x14db53564320>,40,3,[9 2],67,105,108,38,90
1,<environment.Job instance at 0x14db53564050>,46,2,[2 7],75,102,104,27,90
1,<environment.Job instance at 0x14db53564190>,47,2,[10  1],77,108,110,31,90
1,<environment.Job instance at 0x14db506805f0>,49,1,[6 2],80,104,105,24,92
1,<environment.Job instance at 0x14db48407e10>,50,1,[ 2 10],82,110,111,28,92
1,<environment.Job instance at 0x14db48407be0>,51,2,[5 2],85,110,112,25,92
1,<environment.Job instance at 0x14db48407320>,52,14,[ 1 10],86,111,125,25,96
1,<environment.Job instance at 0x14db48407aa0>,53,2,[7 1],87,112,114,25,97
1,<environment.Job instance at 0x14db512a8d20>,54,3,[1 8],89,125,128,36,99
1,<environment.Job instance at 0x14db512a8230>,55,1,[6 1],90,102,103,12,99
1,<environment.Job instance at 0x14db512a8550>,56,2,[2 9],92,128,130,36,101
1,<environment.Job instance at 0x14db512a8fa0>,57,16,[1 8],93,130,146,37,117
1,<environment.Job instance at 0x14db512a83c0>,58,1,[2 9],94,146,147,52,118
1,<environment.Job instance at 0x14db512a8050>,59,3,[9 1],95,118,121,23,118
1,<environment.Job instance at 0x14db512a8500>,60,17,[10  2],96,121,138,25,118
1,<environment.Job instance at 0x14db512a8820>,61,14,[1 9],98,147,161,49,132
1,<environment.Job instance at 0x14db46bbf6e0>,1,14,[1 6],4,4,18,0,4
1,<environment.Job instance at 0x14db49bb2690>,9,1,[2 7],16,16,17,0,16
1,<environment.Job instance at 0x14db49bb2e10>,10,2,[1 6],17,18,20,1,18
1,<environment.Job instance at 0x14db469830f0>,2,1,[ 1 10],3,5,6,2,5
1,<environment.Job instance at 0x14db46983fa0>,5,1,[2 9],7,7,8,0,7
1,<environment.Job instance at 0x14db46a38d20>,6,16,[6 1],8,8,24,0,8
1,<environment.Job instance at 0x14db46a38af0>,7,12,[2 8],14,14,26,0,14
1,<environment.Job instance at 0x14db46a38c80>,10,14,[1 5],18,18,32,0,18
1,<environment.Job instance at 0x14db46a385f0>,12,1,[2 7],21,26,27,5,24
1,<environment.Job instance at 0x14db473ccfa0>,14,12,[8 1],24,24,36,0,24
1,<environment.Job instance at 0x14db4698f9b0>,16,2,[7 1],29,32,34,3,29
1,<environment.Job instance at 0x14db50653d70>,15,1,[6 1],28,30,31,2,30
1,<environment.Job instance at 0x14db46d8faf0>,18,18,[1 9],31,34,52,3,31
1,<environment.Job instance at 0x14db46ccb7d0>,17,1,[1 8],30,61,62,31,61
1,<environment.Job instance at 0x14db4a820af0>,25,14,[9 2],44,61,75,17,61
1,<environment.Job instance at 0x14db4a8200f0>,23,13,[ 2 12],40,64,77,24,64
1,<environment.Job instance at 0x14db46c56b40>,27,2,[5 2],46,75,77,29,64
1,<environment.Job instance at 0x14db46a31910>,28,2,[10  2],47,77,79,30,64
1,<environment.Job instance at 0x14db46a31f50>,29,2,[ 2 14],48,79,81,31,65
1,<environment.Job instance at 0x14db46c56e60>,30,2,[10  1],50,79,81,29,65
1,<environment.Job instance at 0x14db46cf2820>,32,1,[10  2],54,81,82,27,66
1,<environment.Job instance at 0x14db473ccaf0>,13,2,[10  2],22,82,84,60,66
1,<environment.Job instance at 0x14db469e0730>,36,1,[5 2],58,77,78,19,66
1,<environment.Job instance at 0x14db469e05f0>,37,13,[1 7],59,81,94,22,66
1,<environment.Job instance at 0x14db469e0b90>,39,16,[1 6],61,81,97,20,68
1,<environment.Job instance at 0x14db980d8640>,40,16,[7 1],63,84,100,21,72
1,<environment.Job instance at 0x14db47005460>,48,20,[ 2 10],74,97,117,23,88
1,<environment.Job instance at 0x14db470055f0>,49,15,[2 9],75,117,132,42,103
1,<environment.Job instance at 0x14db47005a00>,50,12,[1 5],76,103,115,27,103
1,<environment.Job instance at 0x14db506a43c0>,53,13,[ 2 10],79,132,145,53,116
1,<environment.Job instance at 0x14db506a45a0>,54,2,[2 5],82,116,118,34,116
1,<environment.Job instance at 0x14db506a4cd0>,56,12,[8 2],87,118,130,31,116
1,<environment.Job instance at 0x14db506a4a50>,57,2,[2 5],88,130,132,42,116
1,<environment.Job instance at 0x14db506a4370>,58,3,[2 8],89,145,148,56,119
1,<environment.Job instance at 0x14db506a4aa0>,59,2,[1 9],91,148,150,57,121
1,<environment.Job instance at 0x14db49d6beb0>,26,18,[9 1],45,130,148,85,121
1,<environment.Job instance at 0x14db46d7d280>,61,1,[8 2],93,148,149,55,121
1,<environment.Job instance at 0x14db46d7daa0>,62,3,[ 2 13],94,150,153,56,124
1,<environment.Job instance at 0x14db46d7db90>,63,2,[7 1],96,149,151,53,124
1,<environment.Job instance at 0x14db46d7d7d0>,64,2,[7 1],99,151,153,52,124
1,<environment.Job instance at 0x14db46d7d050>,60,1,[14  2],92,153,154,61,142
1,<environment.Job instance at 0x14db46d7d370>,66,1,[6 1],103,148,149,45,142
1,<environment.Job instance at 0x14db46d7da00>,68,2,[ 1 10],105,153,155,48,142
1,<environment.Job instance at 0x14db46d7d690>,71,3,[1 7],108,155,158,47,142
1,<environment.Job instance at 0x14db46d7d820>,65,17,[8 1],102,154,171,52,154
1,<environment.Job instance at 0x14db46d7deb0>,70,1,[2 6],107,168,169,61,168
1,<environment.Job instance at 0x14db46983460>,4,1,[ 2 10],5,174,175,169,174
1,<environment.Job instance at 0x14db464326e0>,2,18,[1 9],10,10,28,0,10
1,<environment.Job instance at 0x14db48411a00>,9,13,[1 6],19,19,32,0,19
1,<environment.Job instance at 0x14db4718ed20>,10,12,[1 5],20,28,40,8,20
1,<environment.Job instance at 0x14db4718e230>,12,16,[ 2 10],23,32,48,9,23
1,<environment.Job instance at 0x14db4718eb90>,14,2,[ 2 10],27,48,50,21,27
1,<environment.Job instance at 0x14db46b5a410>,17,2,[ 1 10],30,50,52,20,30
1,<environment.Job instance at 0x14db46991280>,15,2,[1 5],28,40,42,12,31
1,<environment.Job instance at 0x14db47b93b90>,20,1,[8 2],33,42,43,9,36
1,<environment.Job instance at 0x14db506a4410>,24,18,[8 2],37,43,61,6,37
1,<environment.Job instance at 0x14db46b11550>,25,18,[1 9],38,52,70,14,41
1,<environment.Job instance at 0x14db46d8fa50>,27,17,[1 9],41,70,87,29,58
1,<environment.Job instance at 0x14db4aa56960>,28,2,[2 5],42,61,63,19,58
1,<environment.Job instance at 0x14db4ad25be0>,29,23,[6 1],43,58,81,15,58
1,<environment.Job instance at 0x14db46e83d70>,30,2,[2 6],44,81,83,37,59
1,<environment.Job instance at 0x14db4f325d70>,33,13,[1 7],47,87,100,40,71
1,<environment.Job instance at 0x14db479610f0>,34,3,[11  1],48,83,86,35,77
1,<environment.Job instance at 0x14db4f3252d0>,35,2,[8 2],49,77,79,28,77
1,<environment.Job instance at 0x14db4ad25140>,36,13,[1 8],51,87,100,36,77
1,<environment.Job instance at 0x14db980de9b0>,37,2,[8 2],52,79,81,27,77
1,<environment.Job instance at 0x14db980de7d0>,38,3,[7 1],53,100,103,47,77
1,<environment.Job instance at 0x14db980de460>,39,1,[1 8],55,100,101,45,77
1,<environment.Job instance at 0x14db980de5a0>,40,1,[8 2],56,86,87,30,77
1,<environment.Job instance at 0x14db980de550>,41,3,[1 8],60,101,104,41,77
1,<environment.Job instance at 0x14db980dee60>,42,1,[2 6],63,100,101,37,77
1,<environment.Job instance at 0x14db4705a460>,43,1,[2 7],65,103,104,38,77
1,<environment.Job instance at 0x14db46edcbe0>,44,1,[7 1],66,101,102,35,77
1,<environment.Job instance at 0x14db4705ab90>,45,3,[6 2],68,104,107,36,78
1,<environment.Job instance at 0x14db4705a280>,46,2,[2 6],70,104,106,34,78
1,<environment.Job instance at 0x14db46c01230>,47,14,[1 8],71,106,120,35,91
1,<environment.Job instance at 0x14db469c2aa0>,51,2,[ 1 10],76,120,122,44,93
1,<environment.Job instance at 0x14db4c030d20>,52,3,[2 6],77,107,110,30,93
1,<environment.Job instance at 0x14db46e709b0>,53,2,[1 9],78,122,124,44,95
1,<environment.Job instance at 0x14db512ea8c0>,54,3,[2 8],79,124,127,45,99
1,<environment.Job instance at 0x14db465d3a00>,55,1,[1 7],81,104,105,23,100
1,<environment.Job instance at 0x14db469ba3c0>,56,2,[2 8],82,127,129,45,100
1,<environment.Job instance at 0x14db470d9140>,58,2,[2 6],84,110,112,26,100
1,<environment.Job instance at 0x14db49ee61e0>,59,18,[10  1],86,107,125,21,103
1,<environment.Job instance at 0x14db512ea7d0>,60,3,[7 1],87,125,128,38,103
1,<environment.Job instance at 0x14db46becd70>,61,2,[2 9],89,129,131,40,103
1,<environment.Job instance at 0x14db46e70b40>,62,2,[5 1],90,105,107,15,103
1,<environment.Job instance at 0x14db47867a00>,63,3,[ 2 12],91,131,134,40,105
1,<environment.Job instance at 0x14db49d15af0>,64,2,[1 5],92,112,114,20,105
1,<environment.Job instance at 0x14db49b95280>,66,3,[ 2 10],95,134,137,39,108
1,<environment.Job instance at 0x14db49b958c0>,67,19,[10  1],97,128,147,31,118
1,<environment.Job instance at 0x14db49b95fa0>,68,2,[1 9],99,137,139,38,118
1,<environment.Job instance at 0x14db46e91280>,21,15,[ 1 12],34,139,154,105,125
1,<environment.Job instance at 0x14db50778690>,70,2,[ 2 10],102,154,156,52,127
1,<environment.Job instance at 0x14db507785a0>,71,3,[2 9],103,156,159,53,130
1,<environment.Job instance at 0x14db468d62d0>,74,14,[2 9],107,159,173,52,144
1,<environment.Job instance at 0x14db4a922cd0>,75,2,[8 1],108,147,149,39,144
1,<environment.Job instance at 0x14db46961410>,76,1,[2 6],109,156,157,47,144
1,<environment.Job instance at 0x14db4679eaf0>,0,2,[ 1 10],1,1,3,0,1
1,<environment.Job instance at 0x14db471b3cd0>,4,1,[1 5],8,12,13,4,12
1,<environment.Job instance at 0x14db471b39b0>,8,12,[1 6],13,13,25,0,13
1,<environment.Job instance at 0x14db471b38c0>,7,17,[5 2],12,13,30,1,13
1,<environment.Job instance at 0x14db471b37d0>,5,3,[8 2],10,14,17,4,14
1,<environment.Job instance at 0x14db470da140>,10,2,[2 7],15,17,19,2,16
1,<environment.Job instance at 0x14db471b3910>,11,12,[2 6],16,19,31,3,16
1,<environment.Job instance at 0x14db470dab90>,13,3,[5 2],18,25,28,7,18
1,<environment.Job instance at 0x14db470dac80>,14,1,[8 2],20,28,29,8,20
1,<environment.Job instance at 0x14db47982320>,17,2,[14  1],23,31,33,8,23
1,<environment.Job instance at 0x14db470da500>,15,3,[10  2],21,33,36,12,25
1,<environment.Job instance at 0x14db47982e60>,19,3,[ 1 10],25,31,34,6,25
1,<environment.Job instance at 0x14db47982640>,20,15,[ 1 10],26,34,49,8,26
1,<environment.Job instance at 0x14db4a9ee8c0>,21,2,[2 9],27,49,51,22,27
1,<environment.Job instance at 0x14db512d57d0>,22,1,[12  2],28,30,31,2,28
1,<environment.Job instance at 0x14db470bff50>,23,2,[1 6],29,29,31,0,29
1,<environment.Job instance at 0x14db5129f550>,18,22,[6 2],24,36,58,12,29
1,<environment.Job instance at 0x14db470daa50>,16,1,[5 2],22,36,37,14,29
1,<environment.Job instance at 0x14db469e02d0>,26,1,[2 9],33,51,52,18,33
1,<environment.Job instance at 0x14db50781aa0>,28,1,[1 5],39,52,53,13,39
1,<environment.Job instance at 0x14db4a9bc0f0>,29,2,[6 2],40,40,42,0,40
1,<environment.Job instance at 0x14db4a9db820>,31,13,[10  2],44,58,71,14,47
1,<environment.Job instance at 0x14db4a922960>,38,21,[2 5],55,55,76,0,55
1,<environment.Job instance at 0x14db4a922190>,37,2,[1 8],54,57,59,3,57
1,<environment.Job instance at 0x14db46de3640>,40,12,[2 8],58,59,71,1,58
1,<environment.Job instance at 0x14db46de3c30>,41,2,[10  2],59,71,73,12,59
1,<environment.Job instance at 0x14db46de3f50>,42,3,[2 7],60,71,74,11,60
1,<environment.Job instance at 0x14db46de3aa0>,43,20,[14  1],63,76,96,13,67
1,<environment.Job instance at 0x14db507836e0>,45,2,[1 7],65,74,76,9,67
1,<environment.Job instance at 0x14db4a9d7d20>,48,1,[10  2],70,73,74,3,70
1,<environment.Job instance at 0x14db4a9d7be0>,49,3,[2 8],71,96,99,25,71
1,<environment.Job instance at 0x14db4a9d79b0>,50,3,[6 1],72,96,99,24,72
1,<environment.Job instance at 0x14db4a9d73c0>,51,14,[2 9],73,99,113,26,84
1,<environment.Job instance at 0x14db4a9d7cd0>,52,16,[2 5],74,96,112,22,84
1,<environment.Job instance at 0x14db4a9d75a0>,53,1,[1 9],76,84,85,8,84
1,<environment.Job instance at 0x14db4a9d7640>,54,3,[7 2],77,112,115,35,87
1,<environment.Job instance at 0x14db4a9d7230>,58,3,[ 1 12],81,87,90,6,87
1,<environment.Job instance at 0x14db4a9d7d70>,59,2,[10  1],82,99,101,17,87
1,<environment.Job instance at 0x14db4a9bbe60>,64,3,[7 1],92,101,104,9,95
1,<environment.Job instance at 0x14db4a9bb050>,65,1,[9 2],93,115,116,22,96
1,<environment.Job instance at 0x14db4a9bba50>,66,2,[ 1 11],95,113,115,18,96
1,<environment.Job instance at 0x14db4a9bbb40>,67,2,[7 2],97,113,115,16,97
1,<environment.Job instance at 0x14db4a9b1140>,70,1,[ 1 10],100,115,116,15,101
1,<environment.Job instance at 0x14db4a9b1410>,71,16,[ 2 10],101,116,132,15,103
1,<environment.Job instance at 0x14db4a9b1a00>,72,3,[2 6],102,132,135,30,106
1,<environment.Job instance at 0x14db4a9b1320>,73,27,[1 5],105,116,143,11,114
1,<environment.Job instance at 0x14db4a9b1cd0>,74,2,[2 5],107,135,137,28,114
1,<environment.Job instance at 0x14db50783960>,44,3,[5 2],64,132,135,68,114
1,<environment.Job instance at 0x14db471b30f0>,6,15,[5 1],11,1692,1707,1681,1692
1,<environment.Job instance at 0x14db49e2b5f0>,3,3,[14  2],6,9,12,3,9
1,<environment.Job instance at 0x14db49e2bcd0>,6,16,[1 7],10,10,26,0,10
1,<environment.Job instance at 0x14db49e2bd20>,9,3,[6 2],13,13,16,0,13
1,<environment.Job instance at 0x14db473e3e10>,10,3,[7 1],14,14,17,0,14
1,<environment.Job instance at 0x14db46b8dc30>,11,17,[1 7],15,16,33,1,15
1,<environment.Job instance at 0x14db478b7dc0>,12,1,[8 1],16,17,18,1,16
1,<environment.Job instance at 0x14db46d1ea50>,13,1,[1 5],17,26,27,9,17
1,<environment.Job instance at 0x14db46d65a00>,14,1,[ 1 10],19,33,34,14,20
1,<environment.Job instance at 0x14db50748c30>,15,2,[6 1],22,25,27,3,25
1,<environment.Job instance at 0x14db46b922d0>,19,3,[5 2],27,28,31,1,28
1,<environment.Job instance at 0x14db512f5370>,21,12,[2 8],29,34,46,5,29
1,<environment.Job instance at 0x14db512f5a00>,22,3,[1 9],30,46,49,16,30
1,<environment.Job instance at 0x14db49eaf7d0>,23,3,[1 6],34,36,39,2,36
1,<environment.Job instance at 0x14db49f3fb90>,26,18,[1 9],37,49,67,12,38
1,<environment.Job instance at 0x14db4aa51a00>,29,2,[2 7],41,41,43,0,41
1,<environment.Job instance at 0x14db4aa51730>,31,2,[1 5],44,54,56,10,54
1,<environment.Job instance at 0x14db50778230>,32,3,[9 1],45,54,57,9,54
1,<environment.Job instance at 0x14db50778500>,33,19,[2 5],46,56,75,10,54
1,<environment.Job instance at 0x14db46b2a7d0>,34,3,[1 9],47,67,70,20,54
1,<environment.Job instance at 0x14db46b2af00>,37,3,[2 7],50,70,73,20,59
1,<environment.Job instance at 0x14db46b2a460>,38,2,[9 2],51,70,72,19,59
1,<environment.Job instance at 0x14db46b2a9b0>,39,3,[ 1 14],52,75,78,23,59
1,<environment.Job instance at 0x14db46a05910>,40,1,[2 9],54,73,74,19,59
1,<environment.Job instance at 0x14db5121f0a0>,41,1,[1 8],56,74,75,18,59
1,<environment.Job instance at 0x14db5121fb90>,42,14,[1 8],57,78,92,21,63
1,<environment.Job instance at 0x14db5121ff00>,43,2,[ 1 10],58,92,94,34,65
1,<environment.Job instance at 0x14db5121fc30>,44,3,[8 2],59,78,81,19,66
1,<environment.Job instance at 0x14db46d38eb0>,45,12,[6 2],61,85,97,24,85
1,<environment.Job instance at 0x14db4793c0a0>,55,2,[2 5],73,85,87,12,85
1,<environment.Job instance at 0x14db49a9c910>,56,1,[10  1],75,97,98,22,85
1,<environment.Job instance at 0x14db53569370>,57,1,[5 2],77,87,88,10,85
1,<environment.Job instance at 0x14db535690a0>,58,27,[5 1],79,88,115,9,86
1,<environment.Job instance at 0x14db4a93f5f0>,59,3,[2 7],82,94,97,12,86
1,<environment.Job instance at 0x14db46f097d0>,60,2,[8 1],83,98,100,15,86
1,<environment.Job instance at 0x14db46f09230>,61,25,[ 1 10],84,98,123,14,94
1,<environment.Job instance at 0x14db4711c460>,62,2,[1 9],86,123,125,37,96
1,<environment.Job instance at 0x14db4ad83140>,63,3,[1 6],87,123,126,36,97
1,<environment.Job instance at 0x14db47b8ff50>,64,3,[1 9],88,125,128,37,99
1,<environment.Job instance at 0x14db4ad836e0>,65,2,[2 7],92,128,130,36,101
1,<environment.Job instance at 0x14db4796ce10>,66,2,[9 1],95,101,103,6,101
1,<environment.Job instance at 0x14db465ae780>,67,1,[1 8],97,128,129,31,101
1,<environment.Job instance at 0x14db465aee60>,68,2,[9 1],98,103,105,5,101
1,<environment.Job instance at 0x14db465200a0>,69,2,[1 8],100,129,131,29,102
1,<environment.Job instance at 0x14db465aeb90>,70,2,[9 1],101,105,107,4,102
1,<environment.Job instance at 0x14db467f4a50>,71,23,[2 9],103,131,154,28,125
1,<environment.Job instance at 0x14db4a8f2050>,72,14,[ 1 13],104,154,168,50,139
1,<environment.Job instance at 0x14db49d05460>,73,12,[1 7],105,168,180,63,151
1,<environment.Job instance at 0x14db467f4370>,74,24,[8 1],106,151,175,45,151
1,<environment.Job instance at 0x14db467f4690>,75,1,[6 2],107,168,169,61,151
1,<environment.Job instance at 0x14db467f40f0>,76,1,[1 6],108,169,170,61,151
1,<environment.Job instance at 0x14db46d01690>,77,2,[2 6],109,170,172,61,151
1,<environment.Job instance at 0x14db4793caa0>,54,1,[9 1],72,175,176,103,164
1,<environment.Job instance at 0x14db5131d730>,3,14,[2 9],8,8,22,0,8
1,<environment.Job instance at 0x14db5131da00>,4,2,[1 6],9,9,11,0,9
1,<environment.Job instance at 0x14db5131d6e0>,5,3,[1 9],11,22,25,11,11
1,<environment.Job instance at 0x14db5132fcd0>,9,3,[ 2 10],15,25,28,10,15
1,<environment.Job instance at 0x14db5132ff00>,10,1,[ 1 12],17,28,29,11,18
1,<environment.Job instance at 0x14db5132f3c0>,11,1,[ 1 10],18,29,30,11,18
1,<environment.Job instance at 0x14db46952eb0>,12,18,[1 9],19,30,48,11,19
1,<environment.Job instance at 0x14db46952820>,13,12,[1 9],21,48,60,27,31
1,<environment.Job instance at 0x14db46952640>,18,17,[2 7],28,60,77,32,48
1,<environment.Job instance at 0x14db469523c0>,19,2,[1 6],29,48,50,19,48
1,<environment.Job instance at 0x14db46952370>,21,1,[6 2],31,50,51,19,48
1,<environment.Job instance at 0x14db46952f00>,22,2,[1 7],33,60,62,27,48
1,<environment.Job instance at 0x14db46952960>,23,17,[5 1],34,50,67,16,48
1,<environment.Job instance at 0x14db469521e0>,27,17,[1 8],38,67,84,29,55
1,<environment.Job instance at 0x14db46c29f50>,29,1,[5 2],41,62,63,21,60
1,<environment.Job instance at 0x14db46c29f00>,30,13,[1 9],42,84,97,42,68
1,<environment.Job instance at 0x14db46c29140>,31,15,[2 9],43,97,112,54,83
1,<environment.Job instance at 0x14db46c299b0>,32,2,[2 6],44,83,85,39,83
1,<environment.Job instance at 0x14db46c29e10>,33,1,[13  2],45,85,86,40,83
1,<environment.Job instance at 0x14db46c29370>,34,3,[2 6],47,86,89,39,83
1,<environment.Job instance at 0x14db46c29d70>,35,17,[14  2],48,441,458,393,441
1,<environment.Job instance at 0x14db46c29c80>,36,18,[1 8],49,441,459,392,441
1,<environment.Job instance at 0x14db46c29eb0>,37,1,[1 6],50,458,459,408,441
1,<environment.Job instance at 0x14db46c29b90>,38,16,[1 7],51,459,475,408,446
1,<environment.Job instance at 0x14db46c291e0>,39,3,[2 5],52,459,462,407,446
1,<environment.Job instance at 0x14db46c29320>,40,3,[1 7],54,462,465,408,446
1,<environment.Job instance at 0x14db51306f00>,41,2,[9 2],55,459,461,404,446
1,<environment.Job instance at 0x14db513064b0>,42,2,[7 1],56,461,463,405,446
1,<environment.Job instance at 0x14db513062d0>,43,1,[1 8],57,465,466,408,446
1,<environment.Job instance at 0x14db51306e10>,44,1,[8 1],58,458,459,400,446
1,<environment.Job instance at 0x14db46952910>,17,3,[8 2],26,466,469,440,454
1,<environment.Job instance at 0x14db46952c30>,15,18,[5 2],23,466,484,443,455
1,<environment.Job instance at 0x14db51306c30>,48,1,[ 2 10],63,475,476,412,455
1,<environment.Job instance at 0x14db51306cd0>,46,2,[1 6],60,469,471,409,455
1,<environment.Job instance at 0x14db51306af0>,50,2,[2 6],67,471,473,404,459
1,<environment.Job instance at 0x14db51306460>,54,2,[2 7],71,476,478,405,467
1,<environment.Job instance at 0x14db51306960>,55,1,[7 2],72,473,474,401,467
1,<environment.Job instance at 0x14db46c00fa0>,56,1,[1 9],73,478,479,405,467
1,<environment.Job instance at 0x14db46c003c0>,57,1,[1 8],74,479,480,405,467
1,<environment.Job instance at 0x14db46c00190>,58,16,[9 1],76,478,494,402,476
1,<environment.Job instance at 0x14db46c00af0>,59,1,[10  1],77,494,495,417,476
1,<environment.Job instance at 0x14db46c00370>,60,1,[6 2],78,476,477,398,476
1,<environment.Job instance at 0x14db46c006e0>,61,22,[10  1],80,495,517,415,488
1,<environment.Job instance at 0x14db46c00d70>,64,1,[2 7],85,490,491,405,490
1,<environment.Job instance at 0x14db46c00320>,65,1,[1 8],86,491,492,405,490
1,<environment.Job instance at 0x14db46c005a0>,66,1,[7 1],87,517,518,430,490
1,<environment.Job instance at 0x14db46c00a50>,67,3,[5 2],88,491,494,403,490
1,<environment.Job instance at 0x14db46c00690>,68,1,[10  1],89,518,519,429,490
1,<environment.Job instance at 0x14db46c00dc0>,69,1,[ 1 10],90,492,493,402,490
1,<environment.Job instance at 0x14db46c00c80>,70,1,[2 5],91,490,491,399,490
1,<environment.Job instance at 0x14db46c00e10>,71,2,[ 1 10],92,493,495,401,490
1,<environment.Job instance at 0x14db46fe1a50>,72,2,[2 8],93,495,497,402,490
1,<environment.Job instance at 0x14db46fe1820>,73,1,[8 2],94,517,518,423,490
1,<environment.Job instance at 0x14db46fe10f0>,74,2,[6 1],97,519,521,422,492
1,<environment.Job instance at 0x14db46fe1f00>,75,1,[5 2],100,497,498,397,492
1,<environment.Job instance at 0x14db46fe1410>,76,1,[9 2],101,519,520,418,492
1,<environment.Job instance at 0x14db46fe15a0>,77,2,[8 2],102,520,522,418,493
1,<environment.Job instance at 0x14db46fe1500>,78,1,[6 2],103,521,522,418,493
1,<environment.Job instance at 0x14db46fe12d0>,79,3,[ 2 10],105,498,501,393,493
1,<environment.Job instance at 0x14db46fe1550>,80,18,[ 2 11],106,522,540,416,511
1,<environment.Job instance at 0x14db51306a00>,47,2,[7 2],62,527,529,465,527
1,<environment.Job instance at 0x14db46952690>,16,3,[9 2],24,535,538,511,535
1,<environment.Job instance at 0x14db4673fd20>,2,2,[10  1],3,3,5,0,3
1,<environment.Job instance at 0x14db4907c1e0>,3,1,[8 2],4,5,6,1,4
1,<environment.Job instance at 0x14db4907cf50>,4,2,[5 1],5,5,7,0,5
1,<environment.Job instance at 0x14db4907caf0>,5,2,[6 1],6,6,8,0,6
1,<environment.Job instance at 0x14db4907c140>,6,3,[6 2],7,7,10,0,7
1,<environment.Job instance at 0x14db467f0140>,8,18,[2 7],9,9,27,0,9
1,<environment.Job instance at 0x14db4907ccd0>,10,3,[2 7],11,11,14,0,11
1,<environment.Job instance at 0x14db467f0aa0>,12,18,[2 8],18,18,36,0,18
1,<environment.Job instance at 0x14db5130fdc0>,14,2,[2 5],21,27,29,6,21
1,<environment.Job instance at 0x14db467f07d0>,13,2,[2 8],20,36,38,16,23
1,<environment.Job instance at 0x14db5130f780>,16,2,[2 6],24,29,31,5,26
1,<environment.Job instance at 0x14db46b010f0>,19,17,[9 1],27,27,44,0,27
1,<environment.Job instance at 0x14db46a5a0a0>,20,27,[5 1],28,38,65,10,36
1,<environment.Job instance at 0x14db49f30b90>,23,27,[9 2],33,44,71,11,42
1,<environment.Job instance at 0x14db49ec8d70>,21,3,[5 2],30,65,68,35,42
1,<environment.Job instance at 0x14db46dfae60>,25,2,[2 9],36,68,70,32,42
1,<environment.Job instance at 0x14db49f307d0>,27,18,[1 6],40,42,60,2,42
1,<environment.Job instance at 0x14db47bce820>,31,1,[7 2],46,71,72,25,46
1,<environment.Job instance at 0x14db505a0b40>,32,3,[ 1 12],49,60,63,11,49
1,<environment.Job instance at 0x14db49eb3aa0>,30,1,[2 9],44,70,71,26,54
1,<environment.Job instance at 0x14db4ac6ee60>,34,1,[1 8],55,63,64,8,57
1,<environment.Job instance at 0x14db46e41e60>,36,18,[9 2],58,72,90,14,61
1,<environment.Job instance at 0x14db46e41960>,37,1,[2 5],59,71,72,12,61
1,<environment.Job instance at 0x14db46e41410>,38,22,[9 2],60,90,112,30,83
1,<environment.Job instance at 0x14db46e41eb0>,41,1,[2 9],68,93,94,25,93
1,<environment.Job instance at 0x14db471740f0>,42,1,[1 7],69,94,95,25,93
1,<environment.Job instance at 0x14db47174190>,43,18,[2 6],70,94,112,24,93
1,<environment.Job instance at 0x14db47174be0>,44,2,[7 2],72,112,114,40,93
1,<environment.Job instance at 0x14db47174c30>,45,2,[2 5],73,95,97,22,93
1,<environment.Job instance at 0x14db47174f00>,46,3,[2 6],74,97,100,23,93
1,<environment.Job instance at 0x14db47174870>,47,15,[1 6],76,100,115,24,93
1,<environment.Job instance at 0x14db47174460>,48,3,[8 2],77,114,117,37,94
1,<environment.Job instance at 0x14db47174230>,49,2,[2 7],78,112,114,34,94
1,<environment.Job instance at 0x14db46e3dbe0>,50,2,[2 8],80,115,117,35,94
1,<environment.Job instance at 0x14db46e3d230>,51,1,[6 2],82,114,115,32,94
1,<environment.Job instance at 0x14db46e3d8c0>,52,3,[1 6],83,117,120,34,94
1,<environment.Job instance at 0x14db4acc34b0>,53,1,[2 6],84,117,118,33,94
1,<environment.Job instance at 0x14db4acc3fa0>,54,2,[ 2 10],85,120,122,35,94
1,<environment.Job instance at 0x14db4acc3aa0>,55,16,[9 2],86,117,133,31,104
1,<environment.Job instance at 0x14db4acc3be0>,56,2,[10  1],88,133,135,45,106
1,<environment.Job instance at 0x14db4acc3550>,57,3,[ 2 10],89,122,125,33,106
1,<environment.Job instance at 0x14db4acc39b0>,58,3,[5 1],90,125,128,35,106
1,<environment.Job instance at 0x14db4acc3e60>,59,1,[9 1],91,135,136,44,107
1,<environment.Job instance at 0x14db4acc3500>,60,1,[2 7],93,118,119,25,107
1,<environment.Job instance at 0x14db4700f910>,63,17,[ 2 10],96,128,145,32,116
1,<environment.Job instance at 0x14db4700f730>,65,1,[2 9],99,145,146,46,117
1,<environment.Job instance at 0x14db4700f370>,66,3,[ 1 10],100,125,128,25,117
1,<environment.Job instance at 0x14db4700fd20>,67,1,[1 9],101,146,147,45,118
1,<environment.Job instance at 0x14db4c0468c0>,70,3,[ 1 10],105,147,150,42,133
1,<environment.Job instance at 0x14db5121fa00>,18,18,[5 2],26,200,218,174,200
1,<environment.Job instance at 0x14db5067d640>,3,1,[1 7],4,4,5,0,4
1,<environment.Job instance at 0x14db5067ddc0>,4,2,[9 2],5,5,7,0,5
1,<environment.Job instance at 0x14db49e95140>,5,1,[ 1 11],6,6,7,0,6
1,<environment.Job instance at 0x14db467a7690>,6,2,[1 9],8,8,10,0,8
1,<environment.Job instance at 0x14db49e955f0>,7,2,[2 6],9,9,11,0,9
1,<environment.Job instance at 0x14db473e37d0>,25,1,[6 1],36,70,71,34,70
1,<environment.Job instance at 0x14db473e3050>,26,16,[2 8],37,70,86,33,70
1,<environment.Job instance at 0x14db47007b90>,24,18,[2 7],35,71,89,36,70
1,<environment.Job instance at 0x14db473e3280>,28,1,[2 6],39,86,87,47,71
1,<environment.Job instance at 0x14db473e33c0>,29,3,[2 9],40,89,92,49,71
1,<environment.Job instance at 0x14db473e3e10>,30,2,[2 6],41,87,89,46,71
1,<environment.Job instance at 0x14db473e3aa0>,31,1,[2 6],42,89,90,47,71
1,<environment.Job instance at 0x14db46b63730>,32,1,[7 2],44,86,87,42,71
1,<environment.Job instance at 0x14db46b635f0>,33,2,[2 6],45,90,92,45,71
1,<environment.Job instance at 0x14db46b63aa0>,34,1,[10  1],46,87,88,41,71
1,<environment.Job instance at 0x14db46b631e0>,36,3,[ 2 13],48,92,95,44,72
1,<environment.Job instance at 0x14db473e35f0>,27,3,[1 7],38,95,98,57,73
1,<environment.Job instance at 0x14db4acf9280>,16,2,[1 5],26,95,97,69,74
1,<environment.Job instance at 0x14db46b63140>,37,14,[6 1],49,92,106,43,78
1,<environment.Job instance at 0x14db46b63c80>,41,3,[ 1 10],53,98,101,45,83
1,<environment.Job instance at 0x14db46b63230>,48,26,[ 1 10],60,101,127,41,98
1,<environment.Job instance at 0x14db46b490f0>,50,15,[1 7],62,127,142,65,113
1,<environment.Job instance at 0x14db46b49640>,51,1,[6 1],64,113,114,49,113
1,<environment.Job instance at 0x14db4718e050>,52,17,[1 5],65,114,131,49,113
1,<environment.Job instance at 0x14db471299b0>,55,1,[2 9],68,142,143,74,118
1,<environment.Job instance at 0x14db512497d0>,59,26,[7 2],74,136,162,62,136
1,<environment.Job instance at 0x14db506a3460>,58,2,[ 2 10],73,143,145,70,137
1,<environment.Job instance at 0x14db46a0f5f0>,61,3,[1 5],77,137,140,60,137
1,<environment.Job instance at 0x14db473fef50>,63,2,[ 1 10],79,145,147,66,137
1,<environment.Job instance at 0x14db473fe0a0>,65,3,[2 5],82,147,150,65,137
1,<environment.Job instance at 0x14db473fe2d0>,64,1,[ 2 10],81,150,151,69,137
1,<environment.Job instance at 0x14db49d11820>,68,3,[1 9],85,151,154,66,137
1,<environment.Job instance at 0x14db4791ce60>,71,19,[1 5],95,154,173,59,144
1,<environment.Job instance at 0x14db4791cc80>,72,1,[9 2],96,162,163,66,144
1,<environment.Job instance at 0x14db4791cd70>,73,2,[1 8],98,147,149,49,144
1,<environment.Job instance at 0x14db4791cf50>,74,1,[1 7],99,149,150,50,144
1,<environment.Job instance at 0x14db4791ceb0>,77,3,[ 2 10],107,163,166,56,144
1,<environment.Job instance at 0x14db4791c2d0>,78,3,[2 8],108,154,157,46,144
1,<environment.Job instance at 0x14db4791c0f0>,79,2,[2 7],109,157,159,48,144
1,<environment.Job instance at 0x14db46626b90>,15,1,[5 1],23,168,169,145,168
1,<environment.Job instance at 0x14db4a8e5fa0>,1,2,[2 7],2,2,4,0,2
1,<environment.Job instance at 0x14db4a8e57d0>,2,12,[ 1 10],3,4,16,1,3
1,<environment.Job instance at 0x14db4a867230>,8,12,[1 6],9,16,28,7,9
1,<environment.Job instance at 0x14db465f61e0>,12,15,[ 2 10],16,28,43,12,16
1,<environment.Job instance at 0x14db47982230>,15,15,[2 6],19,43,58,24,29
1,<environment.Job instance at 0x14db47147d20>,13,1,[11  1],17,38,39,21,38
1,<environment.Job instance at 0x14db4d6b37d0>,19,1,[1 5],25,39,40,14,38
1,<environment.Job instance at 0x14db46c01d20>,20,3,[2 5],26,40,43,14,38
1,<environment.Job instance at 0x14db4683f8c0>,21,1,[2 6],27,43,44,16,38
1,<environment.Job instance at 0x14db4ad755a0>,22,15,[1 7],28,44,59,16,38
1,<environment.Job instance at 0x14db4683ff50>,23,2,[1 9],29,59,61,30,38
1,<environment.Job instance at 0x14db52c89410>,24,1,[1 6],30,58,59,28,38
1,<environment.Job instance at 0x14db52c89050>,26,2,[9 2],34,43,45,9,38
1,<environment.Job instance at 0x14db52c892d0>,27,2,[2 7],35,61,63,26,38
1,<environment.Job instance at 0x14db4795ecd0>,18,2,[6 1],23,45,47,22,38
1,<environment.Job instance at 0x14db52c89be0>,28,1,[2 5],36,59,60,23,43
1,<environment.Job instance at 0x14db49c37690>,30,2,[ 1 10],40,63,65,23,43
1,<environment.Job instance at 0x14db49c37870>,29,14,[1 9],39,65,79,26,50
1,<environment.Job instance at 0x14db4795eb40>,17,1,[2 8],21,61,62,40,50
1,<environment.Job instance at 0x14db46379230>,35,26,[9 1],52,62,88,10,59
1,<environment.Job instance at 0x14db4d6a9500>,39,1,[ 2 13],57,79,80,22,59
1,<environment.Job instance at 0x14db49b779b0>,40,1,[1 5],58,60,61,2,59
1,<environment.Job instance at 0x14db46b33dc0>,42,3,[2 9],61,80,83,19,61
1,<environment.Job instance at 0x14db46b33820>,43,12,[ 2 11],63,83,95,20,66
1,<environment.Job instance at 0x14db46b33730>,44,1,[2 7],66,95,96,29,67
1,<environment.Job instance at 0x14db46b33d20>,45,1,[6 1],67,88,89,21,67
1,<environment.Job instance at 0x14db46b33190>,46,17,[2 6],68,95,112,27,83
1,<environment.Job instance at 0x14db46b33a50>,47,1,[ 1 10],69,112,113,43,84
1,<environment.Job instance at 0x14db46b33870>,48,18,[2 9],72,113,131,41,102
1,<environment.Job instance at 0x14db46b338c0>,49,1,[1 7],73,102,103,29,102
1,<environment.Job instance at 0x14db46b33e60>,50,14,[1 7],75,131,145,56,116
1,<environment.Job instance at 0x14db46b339b0>,51,2,[10  2],76,116,118,40,116
1,<environment.Job instance at 0x14db46b33c30>,52,3,[5 1],77,118,121,41,116
1,<environment.Job instance at 0x14db46b33910>,53,14,[2 7],78,131,145,53,116
1,<environment.Job instance at 0x14db46b33af0>,54,1,[8 1],80,118,119,38,116
1,<environment.Job instance at 0x14db46b33a00>,55,12,[6 1],81,119,131,38,116
1,<environment.Job instance at 0x14db4ad68d70>,57,2,[2 8],84,145,147,61,118
1,<environment.Job instance at 0x14db4ad68730>,58,3,[1 9],85,147,150,62,121
1,<environment.Job instance at 0x14db4ad682d0>,59,17,[1 7],87,150,167,63,138
1,<environment.Job instance at 0x14db4ad68410>,61,3,[1 5],91,145,148,54,138
1,<environment.Job instance at 0x14db4ad687d0>,62,1,[7 2],93,145,146,52,138
1,<environment.Job instance at 0x14db4ad68230>,63,2,[8 1],94,138,140,44,138
1,<environment.Job instance at 0x14db4ad68910>,64,18,[7 2],95,148,166,53,138
1,<environment.Job instance at 0x14db53d25410>,65,21,[7 1],96,146,167,50,138
1,<environment.Job instance at 0x14db4ad68f50>,66,3,[1 9],97,167,170,70,141
1,<environment.Job instance at 0x14db4ad684b0>,67,2,[2 5],98,166,168,68,141
1,<environment.Job instance at 0x14db4a979f50>,72,2,[2 7],104,170,172,66,156
1,<environment.Job instance at 0x14db4a979820>,73,23,[1 8],106,170,193,64,164
1,<environment.Job instance at 0x14db4a979230>,74,2,[1 9],109,193,195,84,166
1,<environment.Job instance at 0x14db506fcb40>,1,3,[1 8],3,3,6,0,3
1,<environment.Job instance at 0x14db4679f280>,5,2,[6 1],8,10,12,2,10
1,<environment.Job instance at 0x14db463739b0>,8,1,[6 2],13,15,16,2,15
1,<environment.Job instance at 0x14db46b1f140>,9,26,[2 8],15,15,41,0,15
1,<environment.Job instance at 0x14db511ff280>,15,3,[2 7],25,25,28,0,25
1,<environment.Job instance at 0x14db46d752d0>,16,18,[7 2],26,28,46,2,26
1,<environment.Job instance at 0x14db4a804f50>,17,3,[ 1 10],27,41,44,14,27
1,<environment.Job instance at 0x14db50751a00>,19,2,[2 9],32,44,46,12,32
1,<environment.Job instance at 0x14db46b1f820>,11,2,[13  1],17,46,48,29,34
1,<environment.Job instance at 0x14db536ed230>,21,2,[1 6],34,46,48,12,34
1,<environment.Job instance at 0x14db46b1f640>,12,1,[6 1],19,36,37,17,36
1,<environment.Job instance at 0x14db467be370>,20,1,[6 1],33,38,39,5,38
1,<environment.Job instance at 0x14db46a5a960>,24,1,[7 2],40,41,42,1,41
1,<environment.Job instance at 0x14db463fe550>,26,17,[ 2 10],42,48,65,6,42
1,<environment.Job instance at 0x14db46b1fdc0>,14,19,[1 5],23,46,65,23,43
1,<environment.Job instance at 0x14db49c53280>,28,2,[1 8],45,65,67,20,46
1,<environment.Job instance at 0x14db49c53190>,29,3,[2 8],46,67,70,21,46
1,<environment.Job instance at 0x14db49c53c30>,30,1,[8 2],47,65,66,18,47
1,<environment.Job instance at 0x14db49c535a0>,31,1,[2 7],50,66,67,16,55
1,<environment.Job instance at 0x14db46a5ad20>,23,2,[ 2 14],39,70,72,31,57
1,<environment.Job instance at 0x14db49c531e0>,32,3,[5 2],51,67,70,16,57
1,<environment.Job instance at 0x14db49c53140>,34,3,[2 5],55,67,70,12,57
1,<environment.Job instance at 0x14db49c53780>,36,1,[2 5],57,65,66,8,57
1,<environment.Job instance at 0x14db49c535f0>,35,14,[6 1],56,70,84,14,57
1,<environment.Job instance at 0x14db46bf47d0>,25,1,[8 1],41,72,73,31,64
1,<environment.Job instance at 0x14db49076190>,42,28,[1 6],66,72,100,6,71
1,<environment.Job instance at 0x14db490760a0>,43,2,[1 9],69,84,86,15,71
1,<environment.Job instance at 0x14db478710a0>,46,1,[10  1],75,86,87,11,75
1,<environment.Job instance at 0x14db47871f00>,47,3,[6 2],77,77,80,0,77
1,<environment.Job instance at 0x14db478713c0>,48,2,[1 9],79,87,89,8,79
1,<environment.Job instance at 0x14db466b1910>,49,3,[1 9],81,89,92,8,83
1,<environment.Job instance at 0x14db49e7e1e0>,50,2,[5 1],83,92,94,9,83
1,<environment.Job instance at 0x14db49d77960>,51,15,[ 1 10],84,100,115,16,86
1,<environment.Job instance at 0x14db4aa39cd0>,54,2,[7 2],87,92,94,5,87
1,<environment.Job instance at 0x14db46fa20a0>,55,1,[9 2],89,94,95,5,89
1,<environment.Job instance at 0x14db49c12eb0>,56,2,[ 1 10],90,115,117,25,90
1,<environment.Job instance at 0x14db468a9cd0>,57,14,[2 8],91,117,131,26,102
1,<environment.Job instance at 0x14db468a9690>,58,15,[1 8],92,131,146,39,117
1,<environment.Job instance at 0x14db46fa3910>,60,1,[9 1],94,117,118,23,117
1,<environment.Job instance at 0x14db4639d5a0>,61,27,[9 1],95,118,145,23,117
1,<environment.Job instance at 0x14db4639d370>,62,17,[1 6],97,117,134,20,117
1,<environment.Job instance at 0x14db513bceb0>,66,1,[1 9],103,146,147,43,118
1,<environment.Job instance at 0x14db513bc6e0>,67,1,[7 1],104,145,146,41,118
1,<environment.Job instance at 0x14db513bc4b0>,68,2,[2 5],105,134,136,29,118
1,<environment.Job instance at 0x14db513bcaf0>,69,1,[2 8],106,147,148,41,119
1,<environment.Job instance at 0x14db49d0d230>,70,13,[5 2],107,136,149,29,131
1,<environment.Job instance at 0x14db49d77be0>,53,1,[7 2],86,2629,2630,2543,2629
1,<environment.Job instance at 0x14db46b1fc80>,13,3,[2 8],20,2698,2701,2678,2698
1,<environment.Job instance at 0x14db5068a780>,5,3,[6 1],6,14,17,8,14
1,<environment.Job instance at 0x14db5068ab90>,9,3,[8 2],15,16,19,1,16
1,<environment.Job instance at 0x14db5068a0f0>,10,1,[8 2],16,19,20,3,16
1,<environment.Job instance at 0x14db506c2690>,11,18,[2 8],17,17,35,0,17
1,<environment.Job instance at 0x14db506c2c80>,12,1,[1 8],18,35,36,17,19
1,<environment.Job instance at 0x14db506c2500>,14,1,[8 1],21,21,22,0,21
1,<environment.Job instance at 0x14db506c22d0>,15,1,[5 2],23,23,24,0,23
1,<environment.Job instance at 0x14db4718e6e0>,16,1,[9 2],25,25,26,0,25
1,<environment.Job instance at 0x14db506c2460>,17,1,[ 1 14],26,36,37,10,26
1,<environment.Job instance at 0x14db506c2a00>,18,2,[1 7],27,27,29,0,27
1,<environment.Job instance at 0x14db46d759b0>,19,1,[9 1],29,29,30,0,29
1,<environment.Job instance at 0x14db46719c30>,21,3,[ 1 10],31,37,40,6,31
1,<environment.Job instance at 0x14db4ad0a0a0>,22,25,[5 1],32,32,57,0,32
1,<environment.Job instance at 0x14db46449b40>,24,2,[2 7],34,40,42,6,34
1,<environment.Job instance at 0x14db50597f50>,25,2,[2 9],35,42,44,7,35
1,<environment.Job instance at 0x14db52cbe7d0>,26,1,[2 7],36,40,41,4,36
1,<environment.Job instance at 0x14db4acf0f00>,27,2,[8 1],37,46,48,9,46
1,<environment.Job instance at 0x14db49a99c30>,32,2,[2 6],46,46,48,0,46
1,<environment.Job instance at 0x14db4adc55f0>,31,1,[5 2],45,48,49,3,47
1,<environment.Job instance at 0x14db505a6640>,33,2,[10  2],47,49,51,2,47
1,<environment.Job instance at 0x14db49d190a0>,34,1,[ 1 14],50,51,52,1,50
1,<environment.Job instance at 0x14db49d199b0>,35,2,[6 1],51,52,54,1,51
1,<environment.Job instance at 0x14db4ad84550>,36,2,[1 5],52,52,54,0,52
1,<environment.Job instance at 0x14db4ad84140>,37,3,[ 2 10],53,54,57,1,53
1,<environment.Job instance at 0x14db4ad842d0>,38,13,[2 8],54,57,70,3,54
1,<environment.Job instance at 0x14db4711aa50>,43,2,[1 6],61,61,63,0,61
1,<environment.Job instance at 0x14db46e38730>,44,20,[10  2],64,64,84,0,64
1,<environment.Job instance at 0x14db46e38f50>,45,1,[5 2],65,70,71,5,66
1,<environment.Job instance at 0x14db46688f00>,47,17,[ 1 10],68,71,88,3,68
1,<environment.Job instance at 0x14db466886e0>,48,15,[1 6],69,88,103,19,74
1,<environment.Job instance at 0x14db46688af0>,49,1,[5 1],70,84,85,14,74
1,<environment.Job instance at 0x14db46688550>,50,3,[2 7],72,88,91,16,74
1,<environment.Job instance at 0x14db4711a3c0>,40,1,[5 1],58,84,85,26,74
1,<environment.Job instance at 0x14db5059acd0>,52,1,[1 9],75,91,92,16,75
1,<environment.Job instance at 0x14db5059a550>,54,2,[ 1 10],80,103,105,23,80
1,<environment.Job instance at 0x14db5059aa50>,55,3,[2 7],81,92,95,11,81
1,<environment.Job instance at 0x14db5059a050>,58,3,[ 2 10],86,105,108,19,86
1,<environment.Job instance at 0x14db5059a820>,59,3,[2 6],87,95,98,8,87
1,<environment.Job instance at 0x14db4711c5a0>,30,2,[2 9],43,98,100,55,87
1,<environment.Job instance at 0x14db5059a6e0>,62,2,[6 2],92,94,96,2,94
1,<environment.Job instance at 0x14db509e2230>,64,3,[6 2],96,100,103,4,96
1,<environment.Job instance at 0x14db509e27d0>,65,1,[1 9],97,108,109,11,98
1,<environment.Job instance at 0x14db509e25f0>,68,2,[1 9],100,109,111,9,100
1,<environment.Job instance at 0x14db509e22d0>,69,2,[1 5],102,102,104,0,102
1,<environment.Job instance at 0x14db509e2e10>,70,1,[2 9],103,111,112,8,103
1,<environment.Job instance at 0x14db509e2c80>,71,2,[6 1],104,104,106,0,104
1,<environment.Job instance at 0x14db509e2f00>,72,17,[8 2],105,106,123,1,105
1,<environment.Job instance at 0x14db509e26e0>,73,1,[5 1],106,106,107,0,106
1,<environment.Job instance at 0x14db509e2320>,74,18,[11  2],108,123,141,15,122
1,<environment.Job instance at 0x14db5068a050>,8,3,[ 2 12],14,1143,1146,1129,1143
1,<environment.Job instance at 0x14db506e3550>,1,1,[8 1],2,3,4,1,3
1,<environment.Job instance at 0x14db468ff140>,6,16,[2 6],10,10,26,0,10
1,<environment.Job instance at 0x14db468ffc80>,9,1,[ 1 10],13,26,27,13,13
1,<environment.Job instance at 0x14db468ff0f0>,14,1,[1 5],18,18,19,0,18
1,<environment.Job instance at 0x14db516181e0>,16,3,[10  1],20,20,23,0,20
1,<environment.Job instance at 0x14db47baea50>,17,2,[7 2],22,23,25,1,22
1,<environment.Job instance at 0x14db468ff500>,20,3,[2 5],27,27,30,0,27
1,<environment.Job instance at 0x14db513027d0>,22,1,[8 2],30,30,31,0,30
1,<environment.Job instance at 0x14db505f3780>,24,2,[8 2],37,37,39,0,37
1,<environment.Job instance at 0x14db53305aa0>,26,17,[1 8],39,39,56,0,39
1,<environment.Job instance at 0x14db51374550>,28,2,[2 5],42,46,48,4,46
1,<environment.Job instance at 0x14db4c01d5f0>,31,1,[ 1 10],47,56,57,9,48
1,<environment.Job instance at 0x14db463fc5f0>,32,2,[1 8],50,57,59,7,51
1,<environment.Job instance at 0x14db463fc500>,34,2,[2 6],52,52,54,0,52
1,<environment.Job instance at 0x14db463fc5a0>,35,15,[7 1],53,65,80,12,65
1,<environment.Job instance at 0x14db479723c0>,40,1,[ 1 10],60,65,66,5,65
1,<environment.Job instance at 0x14db479728c0>,41,3,[1 7],61,66,69,5,65
1,<environment.Job instance at 0x14db47972640>,43,1,[8 2],64,69,70,5,66
1,<environment.Job instance at 0x14db47972f00>,44,3,[1 7],66,66,69,0,66
1,<environment.Job instance at 0x14db479725f0>,45,2,[2 8],68,70,72,2,68
1,<environment.Job instance at 0x14db49f75690>,46,2,[1 8],69,72,74,3,69
1,<environment.Job instance at 0x14db49f75410>,47,3,[1 7],72,74,77,2,72
1,<environment.Job instance at 0x14db49c1c7d0>,48,1,[1 8],75,77,78,2,75
1,<environment.Job instance at 0x14db49c1ce60>,49,1,[7 2],78,78,79,0,78
1,<environment.Job instance at 0x14db4ad29690>,50,3,[2 9],79,79,82,0,79
1,<environment.Job instance at 0x14db4ad29370>,51,16,[2 5],80,80,96,0,80
1,<environment.Job instance at 0x14db4c030a50>,52,17,[ 1 14],81,96,113,15,84
1,<environment.Job instance at 0x14db4c030dc0>,53,1,[9 1],82,84,85,2,84
1,<environment.Job instance at 0x14db4c030550>,54,2,[7 2],85,85,87,0,85
1,<environment.Job instance at 0x14db4ac6ceb0>,55,3,[9 2],86,87,90,1,86
1,<environment.Job instance at 0x14db536354b0>,57,3,[ 1 10],89,90,93,1,89
1,<environment.Job instance at 0x14db5136e960>,58,3,[9 1],90,93,96,3,90
1,<environment.Job instance at 0x14db4638eb90>,59,16,[10  1],91,96,112,5,91
1,<environment.Job instance at 0x14db506b7e60>,60,15,[2 5],92,113,128,21,99
1,<environment.Job instance at 0x14db506b7050>,61,1,[2 7],93,113,114,20,99
1,<environment.Job instance at 0x14db46b93780>,62,3,[2 5],94,114,117,20,99
1,<environment.Job instance at 0x14db46b93e10>,63,15,[1 5],95,114,129,19,100
1,<environment.Job instance at 0x14db980e2410>,64,3,[ 1 14],96,129,132,33,103
1,<environment.Job instance at 0x14db46b93460>,66,2,[1 5],99,117,119,18,103
1,<environment.Job instance at 0x14db49dda1e0>,67,2,[ 2 10],100,132,134,32,105
1,<environment.Job instance at 0x14db49dda370>,68,3,[7 1],101,119,122,18,105
1,<environment.Job instance at 0x14db505b8410>,70,1,[ 1 10],104,128,129,24,105
1,<environment.Job instance at 0x14db4634aa00>,71,3,[2 7],106,134,137,28,108
1,<environment.Job instance at 0x14db49dda640>,69,14,[2 5],102,132,146,30,117
1,<environment.Job instance at 0x14db47972230>,38,14,[2 7],57,137,151,80,125
1,<environment.Job instance at 0x14db463cc410>,1,3,[1 5],2,2,5,0,2
1,<environment.Job instance at 0x14db463cc780>,6,2,[6 1],12,12,14,0,12
1,<environment.Job instance at 0x14db463ccb90>,7,3,[2 5],13,13,16,0,13
1,<environment.Job instance at 0x14db463cc5a0>,8,15,[6 1],15,17,32,2,17
1,<environment.Job instance at 0x14db463cc910>,10,17,[1 8],18,18,35,0,18
1,<environment.Job instance at 0x14db463cc3c0>,11,2,[13  2],19,32,34,13,20
1,<environment.Job instance at 0x14db463cc4b0>,13,2,[2 7],21,34,36,13,21
1,<environment.Job instance at 0x14db49eaf050>,16,2,[7 1],29,29,31,0,29
1,<environment.Job instance at 0x14db49eafb40>,18,1,[1 5],33,33,34,0,33
1,<environment.Job instance at 0x14db49eaf320>,19,3,[ 2 11],35,36,39,1,35
1,<environment.Job instance at 0x14db49eaff00>,22,3,[9 2],41,41,44,0,41
1,<environment.Job instance at 0x14db49eaf3c0>,23,1,[7 1],43,44,45,1,43
1,<environment.Job instance at 0x14db49eaf0f0>,24,2,[2 8],45,45,47,0,45
1,<environment.Job instance at 0x14db49eafe60>,20,1,[8 1],39,48,49,9,48
1,<environment.Job instance at 0x14db49eafc30>,25,13,[7 2],48,48,61,0,48
1,<environment.Job instance at 0x14db49c54410>,27,17,[2 9],51,51,68,0,51
1,<environment.Job instance at 0x14db49eaf410>,21,3,[ 1 13],40,68,71,28,51
1,<environment.Job instance at 0x14db49c54190>,26,2,[13  1],49,61,63,12,53
1,<environment.Job instance at 0x14db49c54a50>,30,1,[6 1],63,63,64,0,63
1,<environment.Job instance at 0x14db49c544b0>,31,3,[ 1 10],65,71,74,6,65
1,<environment.Job instance at 0x14db49c545f0>,32,3,[2 9],66,74,77,8,66
1,<environment.Job instance at 0x14db49c54960>,33,2,[1 9],67,77,79,10,67
1,<environment.Job instance at 0x14db49c54a00>,34,2,[1 6],69,74,76,5,69
1,<environment.Job instance at 0x14db49c547d0>,35,3,[1 8],70,79,82,9,70
1,<environment.Job instance at 0x14db463ccbe0>,5,2,[14  2],10,71,73,61,71
1,<environment.Job instance at 0x14db49c54500>,37,2,[10  1],74,76,78,2,74
1,<environment.Job instance at 0x14db46324550>,38,15,[1 7],75,79,94,4,75
1,<environment.Job instance at 0x14db49c54050>,36,1,[6 1],72,78,79,6,75
1,<environment.Job instance at 0x14db46324eb0>,43,2,[7 1],80,82,84,2,80
1,<environment.Job instance at 0x14db46324e60>,44,1,[10  1],81,84,85,3,81
1,<environment.Job instance at 0x14db46324460>,45,3,[1 8],82,85,88,3,82
1,<environment.Job instance at 0x14db46e2c5a0>,47,18,[ 2 10],88,94,112,6,88
1,<environment.Job instance at 0x14db49c54c30>,28,16,[1 5],52,96,112,44,96
1,<environment.Job instance at 0x14db4675b550>,54,2,[11  1],98,112,114,14,106
1,<environment.Job instance at 0x14db4675b6e0>,56,1,[1 8],101,112,113,11,106
1,<environment.Job instance at 0x14db4675b280>,57,1,[2 5],102,112,113,10,106
1,<environment.Job instance at 0x14db4675bbe0>,58,1,[2 6],103,113,114,10,106
1,<environment.Job instance at 0x14db4675ba50>,60,3,[2 5],107,113,116,6,107
1,<environment.Job instance at 0x14db4675b410>,61,2,[9 2],108,114,116,6,108
1,<environment.Job instance at 0x14db463ccd20>,12,3,[1 6],20,114,117,94,108
1,<environment.Job instance at 0x14db4675b0a0>,55,3,[2 5],99,116,119,17,108
1,<environment.Job instance at 0x14db46e59eb0>,62,13,[2 8],109,117,130,8,109
1,<environment.Job instance at 0x14db49eafaf0>,1,1,[1 6],2,2,3,0,2
1,<environment.Job instance at 0x14db46f28b40>,3,1,[11  2],4,5,6,1,5
1,<environment.Job instance at 0x14db51323fa0>,8,1,[8 1],17,17,18,0,17
1,<environment.Job instance at 0x14db49c22f00>,9,1,[7 1],18,19,20,1,19
1,<environment.Job instance at 0x14db49c228c0>,11,2,[1 5],20,20,22,0,20
1,<environment.Job instance at 0x14db49c225a0>,12,3,[2 9],21,21,24,0,21
1,<environment.Job instance at 0x14db49c223c0>,13,2,[1 6],22,22,24,0,22
1,<environment.Job instance at 0x14db4632c7d0>,14,14,[1 8],23,24,38,1,23
1,<environment.Job instance at 0x14db49c220a0>,15,17,[ 2 10],24,38,55,14,26
1,<environment.Job instance at 0x14db4acedc80>,27,1,[ 2 10],39,55,56,16,53
1,<environment.Job instance at 0x14db4acedd70>,26,3,[1 8],38,56,59,18,53
1,<environment.Job instance at 0x14db467ad5f0>,29,2,[1 6],41,56,58,15,53
1,<environment.Job instance at 0x14db49e7ef50>,28,2,[7 2],40,53,55,13,53
1,<environment.Job instance at 0x14db46f98410>,31,13,[ 1 10],44,59,72,15,53
1,<environment.Job instance at 0x14db4d68fe10>,24,13,[ 2 14],34,72,85,38,56
1,<environment.Job instance at 0x14db5124f2d0>,32,2,[8 2],45,58,60,13,56
1,<environment.Job instance at 0x14db49b6d1e0>,34,2,[1 7],48,85,87,37,58
1,<environment.Job instance at 0x14db4adda1e0>,35,2,[8 1],49,60,62,11,58
1,<environment.Job instance at 0x14db51363d70>,36,1,[5 1],50,58,59,8,58
1,<environment.Job instance at 0x14db49db78c0>,37,2,[ 1 12],51,87,89,36,60
1,<environment.Job instance at 0x14db466de9b0>,38,3,[2 5],57,62,65,5,60
1,<environment.Job instance at 0x14db46941370>,39,1,[5 2],59,60,61,1,60
1,<environment.Job instance at 0x14db469415f0>,40,16,[ 1 10],60,89,105,29,76
1,<environment.Job instance at 0x14db4a961b40>,41,13,[1 5],61,89,102,28,76
1,<environment.Job instance at 0x14db4a961eb0>,42,3,[1 8],62,105,108,43,79
1,<environment.Job instance at 0x14db4a961dc0>,43,2,[7 1],64,79,81,15,79
1,<environment.Job instance at 0x14db4a961e60>,44,2,[2 8],66,85,87,19,79
1,<environment.Job instance at 0x14db4a961870>,45,1,[1 6],68,105,106,37,79
1,<environment.Job instance at 0x14db4a961410>,46,17,[7 2],69,106,123,37,94
1,<environment.Job instance at 0x14db4a961190>,47,1,[2 8],71,108,109,37,94
1,<environment.Job instance at 0x14db4a961fa0>,48,1,[11  2],74,102,103,28,94
1,<environment.Job instance at 0x14db4a961500>,49,15,[2 9],77,109,124,32,95
1,<environment.Job instance at 0x14db46f92dc0>,50,28,[ 2 12],78,124,152,46,123
1,<environment.Job instance at 0x14db46f98870>,33,1,[2 9],47,152,153,105,124
1,<environment.Job instance at 0x14db46f92b90>,51,15,[6 1],80,146,161,66,146
1,<environment.Job instance at 0x14db46f92f00>,58,23,[2 8],88,153,176,65,147
1,<environment.Job instance at 0x14db46f92be0>,59,3,[2 5],90,152,155,62,147
1,<environment.Job instance at 0x14db50743e10>,60,2,[5 1],91,147,149,56,147
1,<environment.Job instance at 0x14db50743320>,61,2,[ 1 10],92,176,178,84,149
1,<environment.Job instance at 0x14db50743af0>,63,3,[ 1 12],94,178,181,84,152
1,<environment.Job instance at 0x14db507439b0>,64,1,[8 2],96,161,162,65,152
1,<environment.Job instance at 0x14db50743aa0>,65,1,[8 1],97,162,163,65,152
1,<environment.Job instance at 0x14db50743780>,66,24,[2 9],98,181,205,83,176
1,<environment.Job instance at 0x14db50743230>,67,1,[2 7],101,205,206,104,177
1,<environment.Job instance at 0x14db50743be0>,68,25,[6 2],102,177,202,75,177
1,<environment.Job instance at 0x14db50743d20>,69,3,[8 1],106,177,180,71,177
1,<environment.Job instance at 0x14db50743dc0>,71,28,[ 1 10],108,206,234,98,205
1,<environment.Job instance at 0x14db50743a50>,72,2,[7 1],109,205,207,96,205
1,<environment.Job instance at 0x14a5095f8c80>,1,2,[2 5],4,4,6,0,4
1,<environment.Job instance at 0x14a4b3b535f0>,3,2,[1 7],6,9,11,3,9
1,<environment.Job instance at 0x14a4b3b68190>,6,16,[2 7],9,9,25,0,9
1,<environment.Job instance at 0x14a4b3b68140>,7,3,[5 1],10,23,26,13,23
1,<environment.Job instance at 0x14a4b402a460>,11,28,[1 9],15,25,53,10,24
1,<environment.Job instance at 0x14a4b3b5bf50>,12,3,[6 2],16,24,27,8,24
1,<environment.Job instance at 0x14a4b402a190>,13,13,[1 5],17,27,40,10,24
1,<environment.Job instance at 0x14a4b40484b0>,14,1,[1 7],18,53,54,35,25
1,<environment.Job instance at 0x14a4b402a7d0>,15,14,[6 2],20,42,56,22,42
1,<environment.Job instance at 0x14a4b401f7d0>,21,22,[8 2],28,42,64,14,42
1,<environment.Job instance at 0x14a4b4083fa0>,22,3,[2 6],29,56,59,27,42
1,<environment.Job instance at 0x14a4b3fd4230>,24,20,[ 1 10],32,59,79,27,50
1,<environment.Job instance at 0x14a4b4011b40>,25,1,[6 1],34,59,60,25,51
1,<environment.Job instance at 0x14a4b40138c0>,27,3,[2 8],37,79,82,42,53
1,<environment.Job instance at 0x14a4b403b780>,28,2,[1 9],38,54,56,16,53
1,<environment.Job instance at 0x14a4b40608c0>,29,13,[1 6],39,79,92,40,72
1,<environment.Job instance at 0x14a4b3902870>,33,2,[5 1],44,78,80,34,78
1,<environment.Job instance at 0x14a4b3902460>,36,3,[1 6],48,82,85,34,78
1,<environment.Job instance at 0x14a4b39029b0>,37,2,[2 7],49,85,87,36,78
1,<environment.Job instance at 0x14a4b3902f00>,38,2,[8 2],50,82,84,32,78
1,<environment.Job instance at 0x14a4b3902640>,39,14,[2 5],51,87,101,36,80
1,<environment.Job instance at 0x14a4b3902c30>,41,1,[ 1 10],54,92,93,38,89
1,<environment.Job instance at 0x14a4b3901c30>,48,15,[ 2 10],61,93,108,32,89
1,<environment.Job instance at 0x14a4b3901b40>,49,1,[ 1 10],67,108,109,41,97
1,<environment.Job instance at 0x14a4b3901b90>,52,1,[8 1],70,101,102,31,99
1,<environment.Job instance at 0x14a4b3901050>,53,1,[7 2],72,102,103,30,99
1,<environment.Job instance at 0x14a4b3b6e640>,54,2,[10  1],74,103,105,29,99
1,<environment.Job instance at 0x14a4b3901a50>,55,2,[2 7],75,109,111,34,99
1,<environment.Job instance at 0x14a4b3b74eb0>,56,18,[1 7],79,109,127,30,99
1,<environment.Job instance at 0x14a4b3b74fa0>,57,3,[1 9],80,127,130,47,101
1,<environment.Job instance at 0x14a4b3b7aaa0>,58,3,[6 1],83,129,132,46,129
1,<environment.Job instance at 0x14a4b3b7d320>,61,2,[5 2],87,129,131,42,129
1,<environment.Job instance at 0x14a4b3b7d050>,62,2,[1 5],89,130,132,41,129
1,<environment.Job instance at 0x14a4b3b7dc80>,63,2,[7 2],90,131,133,41,129
1,<environment.Job instance at 0x14a4b3b7d3c0>,64,18,[1 7],91,130,148,39,129
1,<environment.Job instance at 0x14a4b3b7d370>,65,2,[2 7],93,133,135,40,129
1,<environment.Job instance at 0x14a4b4037640>,67,15,[1 9],95,148,163,53,134
1,<environment.Job instance at 0x14a4b4035a50>,68,1,[1 5],98,135,136,37,134
1,<environment.Job instance at 0x14a4b390b730>,71,2,[1 6],103,136,138,33,134
1,<environment.Job instance at 0x14a4b390b7d0>,72,2,[2 6],106,138,140,32,134
1,<environment.Job instance at 0x14a4b390baa0>,76,3,[2 8],111,140,143,29,135
1,<environment.Job instance at 0x14a4b3b7de10>,59,2,[12  2],85,135,137,50,135
1,<environment.Job instance at 0x14a509564af0>,5,3,[9 1],8,149,152,141,149
1,<environment.Job instance at 0x14a4bce18690>,8,15,[6 2],12,55,70,43,55
1,<environment.Job instance at 0x14a4bce17730>,21,1,[1 8],34,66,67,32,66
1,<environment.Job instance at 0x14a4bce65b40>,24,1,[9 2],39,67,68,28,66
1,<environment.Job instance at 0x14a4bd9e4910>,26,2,[7 2],41,72,74,31,72
1,<environment.Job instance at 0x14a4bce66cd0>,27,3,[1 7],42,72,75,30,72
1,<environment.Job instance at 0x14a4bce66a00>,28,2,[2 8],43,74,76,31,72
1,<environment.Job instance at 0x14a4bd132960>,29,3,[1 5],44,75,78,31,72
1,<environment.Job instance at 0x14a4bd99f870>,30,15,[1 5],45,76,91,31,72
1,<environment.Job instance at 0x14a4bce18320>,7,3,[1 6],9,78,81,69,73
1,<environment.Job instance at 0x14a4bd132e60>,33,2,[ 2 10],50,81,83,31,73
1,<environment.Job instance at 0x14a4bcd745f0>,32,3,[2 7],48,83,86,35,79
1,<environment.Job instance at 0x14a4bcd99140>,36,16,[6 1],57,83,99,26,79
1,<environment.Job instance at 0x14a4bce18a00>,5,3,[2 5],7,86,89,79,79
1,<environment.Job instance at 0x14a4bcd80640>,39,1,[5 2],61,80,81,19,80
1,<environment.Job instance at 0x14a4bcd802d0>,40,1,[1 6],62,89,90,27,80
1,<environment.Job instance at 0x14a4bcd80370>,38,18,[2 5],60,90,108,30,80
1,<environment.Job instance at 0x14a4bcea6aa0>,42,17,[1 5],64,91,108,27,89
1,<environment.Job instance at 0x14a4bcd80f50>,41,14,[12  1],63,99,113,36,89
1,<environment.Job instance at 0x14a4bcea6960>,44,1,[1 9],66,108,109,42,89
1,<environment.Job instance at 0x14a4bcea69b0>,45,3,[ 1 10],67,109,112,42,89
1,<environment.Job instance at 0x14a4bcea6460>,46,2,[5 1],69,89,91,20,89
1,<environment.Job instance at 0x14a4bcea6640>,47,12,[1 9],70,112,124,42,95
1,<environment.Job instance at 0x14a4bcea6690>,48,3,[6 2],71,95,98,24,95
1,<environment.Job instance at 0x14a4bcea6280>,49,1,[ 1 10],72,124,125,52,96
1,<environment.Job instance at 0x14a4bce3b820>,52,18,[ 2 10],76,125,143,49,114
1,<environment.Job instance at 0x14a4bce3bdc0>,53,3,[ 1 10],77,143,146,66,117
1,<environment.Job instance at 0x14a4bce3ba00>,54,2,[8 2],78,117,119,39,117
1,<environment.Job instance at 0x14a4bce24460>,55,2,[ 2 10],80,146,148,66,119
1,<environment.Job instance at 0x14a4bd989c30>,56,2,[2 5],81,119,121,38,119
1,<environment.Job instance at 0x14a4bd989af0>,57,1,[1 5],82,121,122,39,119
1,<environment.Job instance at 0x14a4bd989f00>,58,3,[11  1],83,141,144,58,141
1,<environment.Job instance at 0x14a4bd989870>,59,12,[2 6],84,148,160,64,141
1,<environment.Job instance at 0x14a4bcf22b90>,60,3,[2 6],85,148,151,63,141
1,<environment.Job instance at 0x14a4bcf22be0>,61,18,[ 1 10],97,160,178,63,149
1,<environment.Job instance at 0x14a4bcf22870>,62,26,[2 5],98,151,177,53,149
1,<environment.Job instance at 0x14a4bda8fc30>,65,2,[5 2],101,149,151,48,149
1,<environment.Job instance at 0x14a4bda8faf0>,67,1,[8 2],104,151,152,47,149
1,<environment.Job instance at 0x14a4bda8f410>,68,25,[1 8],105,178,203,73,174
1,<environment.Job instance at 0x14a4bda8fd70>,69,26,[2 9],106,203,229,97,200
1,<environment.Job instance at 0x14a4bda8fb40>,71,13,[ 2 10],111,229,242,118,213
1,<environment.Job instance at 0x14a4bcd805a0>,37,12,[10  2],59,213,225,154,213
1,<environment.Job instance at 0x14a4bda8fd20>,73,2,[1 6],113,225,227,112,213
1,<environment.Job instance at 0x14a4bda8f280>,74,2,[1 7],114,242,244,128,215
1,<environment.Job instance at 0x14a4bda8f7d0>,72,3,[1 6],112,242,245,130,217
1,<environment.Job instance at 0x14a4bda8f960>,76,1,[5 1],117,227,228,110,220
1,<environment.Job instance at 0x14a4bda8f320>,77,2,[2 8],118,244,246,126,220
1,<environment.Job instance at 0x14a4bda8f0f0>,78,18,[2 8],119,246,264,127,235
1,<environment.Job instance at 0x14a4bce17b40>,23,13,[12  2],38,245,258,207,238
1,<environment.Job instance at 0x14a4bcf24a00>,1,1,[10  1],3,3,4,0,3
1,<environment.Job instance at 0x14a4b3306370>,2,2,[6 1],4,4,6,0,4
1,<environment.Job instance at 0x14a4bce17b40>,3,13,[2 9],5,5,18,0,5
1,<environment.Job instance at 0x14a4b62300a0>,5,3,[1 7],10,18,21,8,10
1,<environment.Job instance at 0x14a4b329e050>,10,1,[7 1],19,19,20,0,19
1,<environment.Job instance at 0x14a4b3fb8fa0>,11,2,[1 8],21,21,23,0,21
1,<environment.Job instance at 0x14a4b329e640>,12,1,[1 6],22,22,23,0,22
1,<environment.Job instance at 0x14a4b32c1c80>,14,2,[8 2],24,24,26,0,24
1,<environment.Job instance at 0x14a4b32c13c0>,15,2,[5 2],25,25,27,0,25
1,<environment.Job instance at 0x14a4b6607550>,16,3,[1 8],27,27,30,0,27
1,<environment.Job instance at 0x14a4b32c1190>,17,2,[5 2],29,29,31,0,29
1,<environment.Job instance at 0x14a4b40bf910>,18,2,[2 7],31,31,33,0,31
1,<environment.Job instance at 0x14a4b3b68820>,19,3,[ 2 10],33,33,36,0,33
1,<environment.Job instance at 0x14a4b6f81230>,20,1,[1 5],34,34,35,0,34
1,<environment.Job instance at 0x14a4b7059870>,21,2,[1 9],35,36,38,1,35
1,<environment.Job instance at 0x14a4b32c16e0>,22,17,[1 7],36,38,55,2,36
1,<environment.Job instance at 0x14a4b31fb1e0>,24,2,[1 5],39,39,41,0,39
1,<environment.Job instance at 0x14a4b31fbeb0>,25,1,[7 2],40,40,41,0,40
1,<environment.Job instance at 0x14a4b32ed1e0>,28,2,[2 5],45,45,47,0,45
1,<environment.Job instance at 0x14a4b32edf50>,29,14,[ 1 10],46,55,69,9,46
1,<environment.Job instance at 0x14a4b32ed960>,30,1,[6 2],47,54,55,7,54
1,<environment.Job instance at 0x14a4b32ed410>,35,2,[12  1],52,55,57,3,54
1,<environment.Job instance at 0x14a4b31e68c0>,39,17,[1 9],56,69,86,13,57
1,<environment.Job instance at 0x14a4b673a1e0>,40,2,[5 1],57,57,59,0,57
1,<environment.Job instance at 0x14a4b3fab960>,41,1,[6 1],59,59,60,0,59
1,<environment.Job instance at 0x14a4b32a3e60>,42,1,[8 1],61,61,62,0,61
1,<environment.Job instance at 0x14a4b32a3730>,46,1,[6 2],68,72,73,4,72
1,<environment.Job instance at 0x14a4b66e8460>,47,15,[2 7],69,86,101,17,72
1,<environment.Job instance at 0x14a4b66e8dc0>,48,2,[2 8],70,86,88,16,72
1,<environment.Job instance at 0x14a4b66e8500>,49,12,[1 9],71,101,113,30,86
1,<environment.Job instance at 0x14a4b32eda50>,37,27,[5 1],54,88,115,34,86
1,<environment.Job instance at 0x14a4b32edb90>,31,3,[2 5],48,88,91,40,88
1,<environment.Job instance at 0x14a4b3288fa0>,53,1,[6 2],76,88,89,12,88
1,<environment.Job instance at 0x14a4b32887d0>,56,2,[ 1 10],81,113,115,32,88
1,<environment.Job instance at 0x14a4b644b460>,59,3,[2 6],84,91,94,7,88
1,<environment.Job instance at 0x14a4b3270820>,58,2,[10  2],83,115,117,32,88
1,<environment.Job instance at 0x14a4bf409d70>,61,1,[9 1],88,101,102,13,88
1,<environment.Job instance at 0x14a4b318afa0>,62,3,[1 9],89,115,118,26,89
1,<environment.Job instance at 0x14a4b644b9b0>,60,2,[7 2],86,102,104,16,100
1,<environment.Job instance at 0x14a4b318a050>,65,2,[2 6],94,117,119,23,100
1,<environment.Job instance at 0x14a4b318a140>,66,1,[1 7],95,118,119,23,102
1,<environment.Job instance at 0x14a4b318a320>,67,2,[10  2],96,118,120,22,102
1,<environment.Job instance at 0x14a4b31a6370>,72,3,[1 9],101,119,122,18,109
1,<environment.Job instance at 0x14a4b31a6820>,73,3,[13  2],102,120,123,18,118
1,<environment.Job instance at 0x14a4b31a62d0>,74,2,[8 1],103,123,125,20,118
1,<environment.Job instance at 0x14a4b31a6a00>,75,14,[ 2 10],104,122,136,18,118
1,<environment.Job instance at 0x14a4b31a65a0>,77,1,[8 2],106,126,127,20,126
1,<environment.Job instance at 0x14a4b31a6690>,80,25,[2 6],111,136,161,25,132
1,<environment.Job instance at 0x14a4b31a6e10>,81,2,[2 8],112,136,138,24,132
1,<environment.Job instance at 0x14a4b318a640>,64,2,[6 2],91,132,134,41,132
1,<environment.Job instance at 0x14a4b31a6b90>,82,2,[1 5],113,134,136,21,132
1,<environment.Job instance at 0x14a4b3195820>,84,3,[2 5],116,138,141,22,132
1,<environment.Job instance at 0x14a4b3195f50>,85,3,[2 5],119,141,144,22,133
1,<environment.Job instance at 0x14a4b3195320>,83,3,[10  2],114,138,141,24,134
1,<environment.Job instance at 0x14a4b318a690>,63,26,[1 7],90,144,170,54,141
1,<environment.Job instance at 0x14a4b32ed460>,36,3,[9 2],53,155,158,102,155
1,<environment.Job instance at 0x14a4b4313dc0>,3,1,[1 7],10,10,11,0,10
1,<environment.Job instance at 0x14a4b43139b0>,6,3,[1 6],14,16,19,2,16
1,<environment.Job instance at 0x14a4b4b9ffa0>,10,2,[10  1],18,19,21,1,19
1,<environment.Job instance at 0x14a4b9e3e230>,12,3,[2 5],22,22,25,0,22
1,<environment.Job instance at 0x14a4b57f60f0>,13,3,[1 7],23,23,26,0,23
1,<environment.Job instance at 0x14a4b57f6640>,14,3,[5 1],24,24,27,0,24
1,<environment.Job instance at 0x14a4b57f6230>,15,1,[8 1],25,25,26,0,25
1,<environment.Job instance at 0x14a4b57f65f0>,16,1,[9 1],26,26,27,0,26
1,<environment.Job instance at 0x14a4b7056500>,17,18,[1 8],27,27,45,0,27
1,<environment.Job instance at 0x14a4b7056c30>,20,1,[6 1],32,32,33,0,32
1,<environment.Job instance at 0x14a4bba90460>,21,1,[8 1],33,33,34,0,33
1,<environment.Job instance at 0x14a4bcd0cb90>,22,22,[1 7],34,34,56,0,34
1,<environment.Job instance at 0x14a4bd13c910>,23,13,[9 2],37,45,58,8,37
1,<environment.Job instance at 0x14a4b4b9f870>,11,1,[12  2],20,58,59,38,44
1,<environment.Job instance at 0x14a4bd13cd20>,26,1,[1 8],44,56,57,12,47
1,<environment.Job instance at 0x14a4b87b48c0>,28,3,[1 5],46,47,50,1,47
1,<environment.Job instance at 0x14a4b7011f00>,31,1,[2 8],51,57,58,6,51
1,<environment.Job instance at 0x14a4b7011c30>,32,1,[5 2],52,52,53,0,52
1,<environment.Job instance at 0x14a4bcdcba00>,33,3,[10  2],54,59,62,5,54
1,<environment.Job instance at 0x14a4bbaa8a50>,34,3,[8 1],55,62,65,7,55
1,<environment.Job instance at 0x14a4bcd6d550>,35,3,[5 1],57,59,62,2,57
1,<environment.Job instance at 0x14a4b74b1370>,36,13,[5 1],59,62,75,3,59
1,<environment.Job instance at 0x14a4bf420870>,7,1,[ 1 13],15,62,63,47,59
1,<environment.Job instance at 0x14a4bd13c140>,24,18,[7 2],41,65,83,24,59
1,<environment.Job instance at 0x14a4b70590a0>,43,18,[1 8],67,67,85,0,67
1,<environment.Job instance at 0x14a4b3b76c30>,49,22,[7 2],75,75,97,0,75
1,<environment.Job instance at 0x14a4b6f6b6e0>,50,1,[2 7],76,85,86,9,81
1,<environment.Job instance at 0x14a4b71494b0>,45,15,[10  2],70,97,112,27,83
1,<environment.Job instance at 0x14a4b62922d0>,52,14,[ 1 10],79,86,100,7,83
1,<environment.Job instance at 0x14a4b6547b90>,53,2,[2 8],83,100,102,17,94
1,<environment.Job instance at 0x14a4bda06460>,56,3,[10  2],86,112,115,26,97
1,<environment.Job instance at 0x14a4bda06d20>,58,2,[2 6],88,102,104,14,97
1,<environment.Job instance at 0x14a4b717c2d0>,59,2,[6 1],89,115,117,26,98
1,<environment.Job instance at 0x14a4bda06140>,60,3,[2 8],91,104,107,13,98
1,<environment.Job instance at 0x14a4bda06280>,61,2,[5 2],92,107,109,15,98
1,<environment.Job instance at 0x14a4bda06a00>,62,2,[2 7],93,102,104,9,98
1,<environment.Job instance at 0x14a4bce63d20>,63,3,[1 8],94,109,112,15,98
1,<environment.Job instance at 0x14a4bda06e60>,55,3,[7 1],85,115,118,30,107
1,<environment.Job instance at 0x14a4b71de2d0>,66,1,[9 2],98,118,119,20,108
1,<environment.Job instance at 0x14a4b71dfa50>,67,2,[ 1 10],99,112,114,13,108
1,<environment.Job instance at 0x14a4bcd99f50>,68,3,[2 7],100,114,117,14,108
1,<environment.Job instance at 0x14a4bcd997d0>,69,26,[10  1],101,119,145,18,116
1,<environment.Job instance at 0x14a4bdb40f50>,70,3,[ 2 12],102,117,120,15,116
1,<environment.Job instance at 0x14a4bdb40a00>,71,12,[8 2],103,145,157,42,128
1,<environment.Job instance at 0x14a4bdb40be0>,72,3,[6 2],105,145,148,40,128
1,<environment.Job instance at 0x14a4bdd8f320>,73,2,[1 6],107,128,130,21,128
1,<environment.Job instance at 0x14a4bdd8f910>,74,1,[12  1],108,157,158,49,129
1,<environment.Job instance at 0x14a4b341a0f0>,75,18,[2 8],109,148,166,39,137
1,<environment.Job instance at 0x14a4b652f460>,48,1,[13  1],73,158,159,85,137
1,<environment.Job instance at 0x14a4bdb46a50>,78,1,[5 2],115,137,138,22,137
1,<environment.Job instance at 0x14a4bda062d0>,57,15,[7 1],87,159,174,72,145
1,<environment.Job instance at 0x14a4bba880f0>,8,2,[1 5],16,162,164,146,162
1,<environment.Job instance at 0x14a4b63a2050>,1,2,[7 1],3,3,5,0,3
1,<environment.Job instance at 0x14a4b63c1af0>,2,2,[2 7],4,4,6,0,4
1,<environment.Job instance at 0x14a4b9e18910>,3,1,[5 2],5,5,6,0,5
1,<environment.Job instance at 0x14a4bfcfacd0>,4,1,[1 5],8,8,9,0,8
1,<environment.Job instance at 0x14a4b75235f0>,5,2,[6 1],9,9,11,0,9
1,<environment.Job instance at 0x14a4b7523500>,7,2,[2 6],11,11,13,0,11
1,<environment.Job instance at 0x14a4b7523320>,8,1,[7 1],12,12,13,0,12
1,<environment.Job instance at 0x14a4b7523be0>,9,13,[1 8],13,13,26,0,13
1,<environment.Job instance at 0x14a4b63a2640>,0,1,[8 1],2,13,14,11,13
1,<environment.Job instance at 0x14a4b705f280>,17,3,[1 5],27,27,30,0,27
1,<environment.Job instance at 0x14a4b73f29b0>,18,2,[5 2],28,28,30,0,28
1,<environment.Job instance at 0x14a4b73f2820>,19,1,[10  2],29,30,31,1,29
1,<environment.Job instance at 0x14a4b73f20a0>,20,1,[10  1],30,31,32,1,30
1,<environment.Job instance at 0x14a4b73f2050>,22,1,[8 2],33,33,34,0,33
1,<environment.Job instance at 0x14a4b3141870>,23,2,[2 9],34,34,36,0,34
1,<environment.Job instance at 0x14a4b3141e10>,26,1,[1 5],39,39,40,0,39
1,<environment.Job instance at 0x14a4b6272d20>,31,2,[7 2],50,50,52,0,50
1,<environment.Job instance at 0x14a4bcd61460>,33,17,[1 6],53,61,78,8,61
1,<environment.Job instance at 0x14a4bcd61e60>,34,1,[2 9],54,61,62,7,61
1,<environment.Job instance at 0x14a4b62728c0>,30,1,[2 8],47,62,63,15,61
1,<environment.Job instance at 0x14a4bcd61280>,35,2,[8 1],56,62,64,6,61
1,<environment.Job instance at 0x14a4bcd61b90>,37,2,[6 1],59,63,65,4,61
1,<environment.Job instance at 0x14a4bcd61050>,38,3,[ 1 10],60,78,81,18,61
1,<environment.Job instance at 0x14a4bcd61690>,39,1,[7 1],61,64,65,3,61
1,<environment.Job instance at 0x14a4bcd2ba00>,40,2,[1 6],62,64,66,2,62
1,<environment.Job instance at 0x14a4bcd61fa0>,36,2,[9 2],58,65,67,7,62
1,<environment.Job instance at 0x14a4bcd2b820>,41,2,[1 6],63,66,68,3,63
1,<environment.Job instance at 0x14a4b751c050>,44,3,[6 2],67,67,70,0,67
1,<environment.Job instance at 0x14a4b751c9b0>,45,1,[2 8],68,70,71,2,68
1,<environment.Job instance at 0x14a4b625caf0>,47,1,[10  2],71,71,72,0,71
1,<environment.Job instance at 0x14a4b625c7d0>,48,3,[7 1],73,73,76,0,73
1,<environment.Job instance at 0x14a4b625c870>,49,3,[2 7],75,75,78,0,75
1,<environment.Job instance at 0x14a4b6fa03c0>,50,1,[8 1],76,76,77,0,76
1,<environment.Job instance at 0x14a5080c43c0>,54,18,[2 8],84,89,107,5,89
1,<environment.Job instance at 0x14a5080c4fa0>,55,2,[1 9],86,107,109,21,89
1,<environment.Job instance at 0x14a5080c4b40>,52,12,[1 5],82,95,107,13,95
1,<environment.Job instance at 0x14a5080c45a0>,56,1,[1 8],87,109,110,22,97
1,<environment.Job instance at 0x14a4b75255f0>,63,2,[2 6],100,107,109,7,100
1,<environment.Job instance at 0x14a4b746f780>,64,2,[2 5],102,109,111,7,102
1,<environment.Job instance at 0x14a4b746ff50>,65,16,[ 2 10],103,110,126,7,103
1,<environment.Job instance at 0x14a4b746f4b0>,66,1,[1 9],106,126,127,20,106
1,<environment.Job instance at 0x14a4b746f140>,67,18,[7 1],107,111,129,4,107
1,<environment.Job instance at 0x14a4b746f190>,69,3,[8 1],110,127,130,17,110
1,<environment.Job instance at 0x14a4b392d3c0>,71,13,[1 9],114,129,142,15,114
1,<environment.Job instance at 0x14a4b392d910>,73,1,[1 9],117,142,143,25,117
1,<environment.Job instance at 0x14a4bba8af50>,74,3,[ 1 10],118,143,146,25,118
1,<environment.Job instance at 0x14a4b392d870>,72,12,[2 7],116,146,158,30,129
1,<environment.Job instance at 0x14a5080c48c0>,53,3,[2 7],83,146,149,63,133
1,<environment.Job instance at 0x14a4b74ec550>,29,2,[10  1],46,167,169,121,167
1,<environment.Job instance at 0x14a4bd9d3a50>,1,1,[1 5],2,2,3,0,2
1,<environment.Job instance at 0x14a4b6fab870>,2,2,[8 1],3,3,5,0,3
1,<environment.Job instance at 0x14a4b6faba00>,3,1,[5 2],5,5,6,0,5
1,<environment.Job instance at 0x14a5080ce3c0>,4,12,[13  2],6,96,108,90,96
1,<environment.Job instance at 0x14a4bd9ceb40>,11,3,[9 2],17,108,111,91,96
1,<environment.Job instance at 0x14a4bd9cec30>,12,3,[8 1],18,111,114,93,96
1,<environment.Job instance at 0x14a4bd135230>,13,3,[2 6],20,96,99,76,96
1,<environment.Job instance at 0x14a4bd135f50>,14,20,[5 1],21,108,128,87,99
1,<environment.Job instance at 0x14a4bd135280>,16,2,[9 1],23,114,116,91,103
1,<environment.Job instance at 0x14a4bd135550>,17,2,[2 7],25,103,105,78,103
1,<environment.Job instance at 0x14a4b7413fa0>,18,2,[10  1],27,116,118,89,103
1,<environment.Job instance at 0x14a4b7413aa0>,19,15,[8 1],29,118,133,89,114
1,<environment.Job instance at 0x14a4b74133c0>,20,1,[6 2],30,128,129,98,114
1,<environment.Job instance at 0x14a4b74137d0>,21,1,[ 2 10],32,118,119,86,114
1,<environment.Job instance at 0x14a4b74130f0>,22,2,[5 2],35,129,131,94,114
1,<environment.Job instance at 0x14a4b7413af0>,23,14,[ 1 10],36,119,133,83,114
1,<environment.Job instance at 0x14a4b7413dc0>,25,3,[1 8],39,133,136,94,114
1,<environment.Job instance at 0x14a5080ceeb0>,5,2,[1 9],9,136,138,127,115
1,<environment.Job instance at 0x14a4bcd17a50>,26,1,[6 1],40,131,132,91,116
1,<environment.Job instance at 0x14a4b7427190>,33,15,[1 5],49,133,148,84,121
1,<environment.Job instance at 0x14a4b7427a50>,32,14,[1 9],48,138,152,90,123
1,<environment.Job instance at 0x14a4bd138410>,36,1,[6 2],54,132,133,78,126
1,<environment.Job instance at 0x14a4b74277d0>,34,1,[1 5],52,148,149,96,143
1,<environment.Job instance at 0x14a4bd1385a0>,44,1,[2 7],66,152,153,86,143
1,<environment.Job instance at 0x14a4bd138dc0>,45,2,[1 9],67,153,155,86,143
1,<environment.Job instance at 0x14a4bd138f50>,46,16,[2 5],68,149,165,81,145
1,<environment.Job instance at 0x14a4bd1384b0>,47,3,[1 8],70,155,158,85,149
1,<environment.Job instance at 0x14a4b3b7a3c0>,54,18,[7 1],81,151,169,70,151
1,<environment.Job instance at 0x14a4b3b7a0a0>,57,12,[ 2 10],88,165,177,77,157
1,<environment.Job instance at 0x14a4b3b7aa50>,58,1,[10  1],89,169,170,80,161
1,<environment.Job instance at 0x14a4b3b7a500>,59,24,[1 8],90,177,201,87,172
1,<environment.Job instance at 0x14a4b3b7a4b0>,60,3,[1 7],91,177,180,86,172
1,<environment.Job instance at 0x14a4b3b7ae60>,61,1,[8 1],93,172,173,79,172
1,<environment.Job instance at 0x14a4b3b7af50>,62,2,[8 2],94,173,175,79,172
1,<environment.Job instance at 0x14a4b3b7ab40>,63,1,[1 7],95,180,181,85,172
1,<environment.Job instance at 0x14a4b3b7afa0>,64,3,[2 9],96,201,204,105,175
1,<environment.Job instance at 0x14a4b345c6e0>,65,3,[ 1 14],97,204,207,107,178
1,<environment.Job instance at 0x14a4b345c910>,66,3,[1 8],102,207,210,105,181
1,<environment.Job instance at 0x14a4b345c3c0>,67,2,[10  2],103,181,183,78,181
1,<environment.Job instance at 0x14a4b345c5f0>,68,1,[11  1],104,183,184,79,181
1,<environment.Job instance at 0x14a4b345c190>,70,17,[2 8],107,210,227,103,198
1,<environment.Job instance at 0x14a4b345caa0>,71,3,[1 9],108,227,230,119,201
1,<environment.Job instance at 0x14a4b345caf0>,73,3,[6 1],110,201,204,91,201
1,<environment.Job instance at 0x14a4b345c4b0>,74,3,[1 8],112,230,233,118,204
1,<environment.Job instance at 0x14a4b345c780>,75,2,[5 1],113,204,206,91,204
1,<environment.Job instance at 0x14a4b345c370>,76,2,[2 9],114,233,235,119,206
1,<environment.Job instance at 0x14a4b71a38c0>,77,2,[2 8],115,235,237,120,208
1,<environment.Job instance at 0x14a4bcd45870>,78,1,[2 6],117,208,209,91,208
1,<environment.Job instance at 0x14a5080cee10>,6,3,[1 7],11,224,227,213,224
1,<environment.Job instance at 0x14a5094ecfa0>,1,1,[2 9],3,3,4,0,3
1,<environment.Job instance at 0x14a4b3439230>,2,1,[7 2],4,5,6,1,5
1,<environment.Job instance at 0x14a4b71617d0>,3,3,[2 7],6,6,9,0,6
1,<environment.Job instance at 0x14a4b7161fa0>,4,1,[10  1],7,7,8,0,7
1,<environment.Job instance at 0x14a4b7161780>,5,15,[1 7],8,8,23,0,8
1,<environment.Job instance at 0x14a4b7161410>,6,15,[5 1],9,21,36,12,21
1,<environment.Job instance at 0x14a4bd138960>,16,12,[ 2 10],21,23,35,2,23
1,<environment.Job instance at 0x14a4bda83c80>,19,3,[1 6],25,35,38,10,25
1,<environment.Job instance at 0x14a4b3246e10>,18,1,[1 7],24,35,36,11,26
1,<environment.Job instance at 0x14a4b388e500>,20,2,[5 2],26,27,29,1,27
1,<environment.Job instance at 0x14a4b87aca50>,22,1,[9 2],29,36,37,7,31
1,<environment.Job instance at 0x14a4b66272d0>,23,3,[2 8],30,37,40,7,31
1,<environment.Job instance at 0x14a4b7446690>,25,17,[ 1 14],32,40,57,8,32
1,<environment.Job instance at 0x14a4bdabc9b0>,26,2,[1 5],33,38,40,5,33
1,<environment.Job instance at 0x14a4b7446730>,27,12,[1 9],34,57,69,23,40
1,<environment.Job instance at 0x14a4b3249780>,30,2,[11  2],37,57,59,20,40
1,<environment.Job instance at 0x14a4b32492d0>,31,2,[1 9],38,69,71,31,42
1,<environment.Job instance at 0x14a4b7030c30>,33,1,[9 1],40,42,43,2,42
1,<environment.Job instance at 0x14a4b3241eb0>,29,3,[10  2],36,59,62,23,42
1,<environment.Job instance at 0x14a4b3451dc0>,34,1,[8 1],41,43,44,2,43
1,<environment.Job instance at 0x14a4bd9ce410>,39,12,[2 9],47,71,83,24,54
1,<environment.Job instance at 0x14a4bd9cebe0>,42,1,[7 2],51,62,63,11,54
1,<environment.Job instance at 0x14a4bd9cea50>,44,1,[ 1 10],53,83,84,30,55
1,<environment.Job instance at 0x14a4bd9cee10>,45,2,[2 6],54,63,65,9,55
1,<environment.Job instance at 0x14a4b9e18e10>,46,1,[ 2 10],55,84,85,29,56
1,<environment.Job instance at 0x14a4b3747a50>,47,1,[2 9],57,85,86,28,57
1,<environment.Job instance at 0x14a4b3747b90>,48,16,[6 1],58,65,81,7,58
1,<environment.Job instance at 0x14a4b3747640>,50,3,[10  2],65,81,84,16,65
1,<environment.Job instance at 0x14a4b37474b0>,51,1,[7 1],67,67,68,0,67
1,<environment.Job instance at 0x14a4b3747a00>,52,14,[1 5],68,84,98,16,69
1,<environment.Job instance at 0x14a4b3747460>,49,12,[2 8],64,86,98,22,69
1,<environment.Job instance at 0x14a4b3747820>,54,1,[2 7],71,98,99,27,72
1,<environment.Job instance at 0x14a4bd9cef00>,41,15,[7 2],50,86,101,36,73
1,<environment.Job instance at 0x14a4b7469b40>,58,2,[7 1],79,99,101,20,85
1,<environment.Job instance at 0x14a4b74697d0>,59,1,[1 8],80,99,100,19,85
1,<environment.Job instance at 0x14a4b7469b90>,60,18,[1 9],81,100,118,19,89
1,<environment.Job instance at 0x14a4b7469a50>,57,1,[6 1],78,98,99,20,97
1,<environment.Job instance at 0x14a4b74693c0>,62,2,[ 1 10],85,118,120,33,101
1,<environment.Job instance at 0x14a4b7469e60>,63,3,[5 1],86,103,106,17,103
1,<environment.Job instance at 0x14a4b7469910>,55,2,[10  2],72,106,108,34,106
1,<environment.Job instance at 0x14a4b74698c0>,65,13,[ 2 12],90,120,133,30,106
1,<environment.Job instance at 0x14a4b7469500>,66,1,[6 2],91,108,109,17,106
1,<environment.Job instance at 0x14a4b7469460>,68,18,[9 1],95,109,127,14,106
1,<environment.Job instance at 0x14a4b7469af0>,61,15,[1 9],83,133,148,50,119
1,<environment.Job instance at 0x14a4b7469190>,64,2,[5 2],87,127,129,40,119
1,<environment.Job instance at 0x14a4b7469870>,70,2,[10  2],97,129,131,32,120
1,<environment.Job instance at 0x14a4b4b9d4b0>,72,2,[10  1],100,131,133,31,120
1,<environment.Job instance at 0x14a4b4b9deb0>,73,1,[ 2 10],102,148,149,46,120
1,<environment.Job instance at 0x14a4b4b9d280>,74,1,[10  2],104,133,134,29,121
1,<environment.Job instance at 0x14a4b4b9d550>,77,12,[5 1],107,137,149,30,137
1,<environment.Job instance at 0x14a4b636bbe0>,86,1,[ 1 10],118,149,150,31,137
1,<environment.Job instance at 0x14a4b746a3c0>,24,13,[1 6],31,209,222,178,209
1,<environment.Job instance at 0x14a4b4b9d5a0>,71,2,[ 2 14],98,363,365,265,363
1,<environment.Job instance at 0x14a4b4b9d5a0>,3,15,[2 9],5,6,21,1,6
1,<environment.Job instance at 0x14a4b403bc80>,4,12,[1 5],6,8,20,2,8
1,<environment.Job instance at 0x14a4b403b3c0>,7,13,[ 2 10],9,21,34,12,11
1,<environment.Job instance at 0x14a4b403b8c0>,8,2,[2 5],12,20,22,8,15
1,<environment.Job instance at 0x14a4b40120f0>,11,2,[2 5],18,23,25,5,23
1,<environment.Job instance at 0x14a4b63829b0>,16,3,[ 2 13],24,34,37,10,24
1,<environment.Job instance at 0x14a4b6382550>,18,2,[7 1],29,29,31,0,29
1,<environment.Job instance at 0x14a4b3123910>,19,17,[8 1],32,32,49,0,32
1,<environment.Job instance at 0x14a4b34777d0>,20,1,[6 1],33,37,38,4,33
1,<environment.Job instance at 0x14a4b63827d0>,21,1,[7 2],34,38,39,4,34
1,<environment.Job instance at 0x14a4bcd6d910>,22,2,[ 1 10],35,39,41,4,35
1,<environment.Job instance at 0x14a4b346a370>,23,13,[10  2],36,49,62,13,36
1,<environment.Job instance at 0x14a4b63820f0>,14,1,[14  2],22,62,63,40,37
1,<environment.Job instance at 0x14a4b3111870>,25,3,[1 7],38,41,44,3,38
1,<environment.Job instance at 0x14a4b6fc5460>,26,1,[8 2],40,63,64,23,40
1,<environment.Job instance at 0x14a4b6fc5f00>,27,2,[2 8],42,44,46,2,42
1,<environment.Job instance at 0x14a4b6fc5640>,28,1,[5 2],45,45,46,0,45
1,<environment.Job instance at 0x14a4b6fc51e0>,29,18,[1 9],50,50,68,0,50
1,<environment.Job instance at 0x14a4b6fc57d0>,32,1,[9 1],54,64,65,10,54
1,<environment.Job instance at 0x14a4b6fc59b0>,33,3,[2 7],55,68,71,13,55
1,<environment.Job instance at 0x14a4b701daa0>,34,2,[ 2 10],56,71,73,15,56
1,<environment.Job instance at 0x14a4b3111a50>,24,1,[2 6],37,65,66,28,62
1,<environment.Job instance at 0x14a4bd9dd730>,39,16,[ 2 10],63,73,89,10,63
1,<environment.Job instance at 0x14a4bce93a00>,41,2,[ 2 10],67,89,91,22,67
1,<environment.Job instance at 0x14a4b63d59b0>,42,2,[1 5],68,68,70,0,68
1,<environment.Job instance at 0x14a4b701df50>,37,12,[1 5],60,75,87,15,75
1,<environment.Job instance at 0x14a4bcdcbf00>,49,2,[1 7],75,91,93,16,75
1,<environment.Job instance at 0x14a4b63afc30>,51,18,[8 2],77,87,105,10,80
1,<environment.Job instance at 0x14a4b63af780>,52,18,[1 9],78,93,111,15,82
1,<environment.Job instance at 0x14a4b63afb90>,54,17,[1 9],81,111,128,30,99
1,<environment.Job instance at 0x14a4b63af9b0>,55,2,[2 5],82,105,107,23,99
1,<environment.Job instance at 0x14a4b63bf730>,56,23,[6 1],83,99,122,16,99
1,<environment.Job instance at 0x14a4b63bf690>,57,2,[2 6],84,122,124,38,110
1,<environment.Job instance at 0x14a4b63bf780>,58,14,[2 5],85,124,138,39,110
1,<environment.Job instance at 0x14a4b63bfc30>,60,13,[1 7],87,128,141,41,112
1,<environment.Job instance at 0x14a4b63bfcd0>,61,3,[11  1],88,124,127,36,113
1,<environment.Job instance at 0x14a4b3110d70>,47,1,[8 2],73,116,117,43,116
1,<environment.Job instance at 0x14a4b4040e10>,62,2,[8 2],89,117,119,28,116
1,<environment.Job instance at 0x14a4b4040190>,64,2,[8 2],92,119,121,27,116
1,<environment.Job instance at 0x14a4b4040780>,65,3,[7 1],93,127,130,34,116
1,<environment.Job instance at 0x14a4b4040fa0>,66,1,[1 8],95,138,139,43,116
1,<environment.Job instance at 0x14a4b4040280>,67,1,[8 2],96,121,122,25,116
1,<environment.Job instance at 0x14a4b6fc61e0>,68,3,[1 8],100,139,142,39,116
1,<environment.Job instance at 0x14a4b6fc68c0>,69,1,[2 6],103,141,142,38,116
1,<environment.Job instance at 0x14a4b6fc6690>,70,1,[2 7],105,142,143,37,116
1,<environment.Job instance at 0x14a4b6fc67d0>,71,1,[7 1],106,130,131,24,116
1,<environment.Job instance at 0x14a4b6fc6640>,72,3,[6 2],108,131,134,23,116
1,<environment.Job instance at 0x14a4b6fc6230>,73,2,[2 6],110,142,144,32,116
1,<environment.Job instance at 0x14a4b6fc6280>,74,14,[1 8],111,143,157,32,128
1,<environment.Job instance at 0x14a4b6fc6e10>,76,2,[10  2],113,134,136,21,128
1,<environment.Job instance at 0x14a4b6fc6870>,78,2,[ 1 10],116,157,159,41,130
1,<environment.Job instance at 0x14a4b3b5b370>,79,3,[2 6],117,144,147,27,130
1,<environment.Job instance at 0x14a4b3b5bcd0>,80,2,[1 9],118,159,161,41,132
1,<environment.Job instance at 0x14a4b3b5beb0>,81,3,[2 8],119,161,164,42,135
1,<environment.Job instance at 0x14a4b743bd70>,3,2,[2 6],4,4,6,0,4
1,<environment.Job instance at 0x14a4b639e870>,8,3,[ 2 12],11,11,14,0,11
1,<environment.Job instance at 0x14a4b639e230>,9,2,[1 5],12,14,16,2,12
1,<environment.Job instance at 0x14a4b314f460>,11,3,[ 2 10],15,15,18,0,15
1,<environment.Job instance at 0x14a4b639e2d0>,10,16,[7 1],14,16,32,2,15
1,<environment.Job instance at 0x14a4b639eb40>,6,2,[2 9],9,18,20,9,15
1,<environment.Job instance at 0x14a4b34c1b40>,13,2,[1 9],19,20,22,1,19
1,<environment.Job instance at 0x14a4b34c15a0>,15,2,[ 2 10],22,22,24,0,22
1,<environment.Job instance at 0x14a4bbaa55f0>,14,1,[2 9],21,24,25,3,22
1,<environment.Job instance at 0x14a4b33dd550>,16,3,[2 9],23,25,28,2,23
1,<environment.Job instance at 0x14a5094a7460>,17,13,[2 7],25,28,41,3,25
1,<environment.Job instance at 0x14a4b63d9cd0>,19,14,[2 9],27,41,55,14,27
1,<environment.Job instance at 0x14a4b6530d70>,22,1,[9 2],30,32,33,2,30
1,<environment.Job instance at 0x14a4b6530320>,21,1,[2 6],29,30,31,1,30
1,<environment.Job instance at 0x14a4b33c2a00>,23,2,[ 1 10],31,55,57,24,31
1,<environment.Job instance at 0x14a4bcedef00>,31,12,[1 6],43,43,55,0,43
1,<environment.Job instance at 0x14a4bd992a00>,37,1,[8 2],50,55,56,5,50
1,<environment.Job instance at 0x14a4bcd747d0>,39,1,[5 2],52,55,56,3,52
1,<environment.Job instance at 0x14a4b713b280>,40,2,[14  1],53,56,58,3,53
1,<environment.Job instance at 0x14a4b3831050>,41,22,[6 2],54,58,80,4,54
1,<environment.Job instance at 0x14a4b3831d20>,42,3,[ 1 10],55,57,60,2,55
1,<environment.Job instance at 0x14a4bda1abe0>,43,15,[ 1 10],56,60,75,4,56
1,<environment.Job instance at 0x14a4b62b6fa0>,46,2,[1 6],59,75,77,16,59
1,<environment.Job instance at 0x14a4b62b6aa0>,49,1,[2 9],63,77,78,14,63
1,<environment.Job instance at 0x14a4b62b6f00>,50,2,[8 2],66,66,68,0,66
1,<environment.Job instance at 0x14a4b62b6960>,51,1,[1 5],69,75,76,6,69
1,<environment.Job instance at 0x14a4b62b6a00>,52,2,[6 2],70,70,72,0,70
1,<environment.Job instance at 0x14a4b62b6cd0>,53,2,[5 1],72,72,74,0,72
1,<environment.Job instance at 0x14a4b4b91820>,55,3,[8 2],77,78,81,1,77
1,<environment.Job instance at 0x14a4b4b91cd0>,56,14,[1 6],80,80,94,0,80
1,<environment.Job instance at 0x14a4bfd0a410>,30,17,[5 2],42,80,97,38,80
1,<environment.Job instance at 0x14a4b328e730>,45,1,[12  2],58,97,98,39,82
1,<environment.Job instance at 0x14a4b4b91d20>,58,12,[9 1],82,83,95,1,83
1,<environment.Job instance at 0x14a4bcede460>,36,3,[5 2],48,98,101,50,87
1,<environment.Job instance at 0x14a4b4b91c30>,63,12,[2 8],88,95,107,7,93
1,<environment.Job instance at 0x14a4b9e41780>,68,2,[1 7],95,101,103,6,97
1,<environment.Job instance at 0x14a4b9e41460>,70,2,[2 5],99,99,101,0,99
1,<environment.Job instance at 0x14a4b9e41c30>,71,1,[10  2],100,103,104,3,100
1,<environment.Job instance at 0x14a4b9e41be0>,72,3,[2 8],101,107,110,6,101
1,<environment.Job instance at 0x14a4b9e41c80>,73,3,[6 1],102,104,107,2,102
1,<environment.Job instance at 0x14a4b9e41af0>,74,14,[2 9],103,110,124,7,103
1,<environment.Job instance at 0x14a4b9e410a0>,75,16,[2 5],104,105,121,1,105
1,<environment.Job instance at 0x14a4b9e41550>,76,1,[1 9],106,124,125,18,106
1,<environment.Job instance at 0x14a4b65f1190>,79,1,[8 2],109,109,110,0,109
1,<environment.Job instance at 0x14a4b65f1d20>,78,1,[1 7],108,125,126,17,110
1,<environment.Job instance at 0x14a4b65f1f00>,80,3,[ 1 10],110,126,129,16,110
1,<environment.Job instance at 0x14a4b65f1410>,81,3,[ 1 12],111,129,132,18,111
1,<environment.Job instance at 0x14a4b65f1e60>,83,3,[2 5],113,121,124,8,114
1,<environment.Job instance at 0x14a4b639e140>,7,2,[5 1],10,119,121,109,119
1,<environment.Job instance at 0x14a4b2baf3c0>,1,1,[9 2],3,4,5,1,4
1,<environment.Job instance at 0x14a4b639e9b0>,2,2,[ 1 11],5,5,7,0,5
1,<environment.Job instance at 0x14a4b2bafbe0>,3,2,[7 2],7,8,10,1,8
1,<environment.Job instance at 0x14a4b404ac80>,5,1,[7 2],9,9,10,0,9
1,<environment.Job instance at 0x14a4b404a820>,6,1,[ 1 10],10,10,11,0,10
1,<environment.Job instance at 0x14a4b404a230>,7,16,[ 2 10],11,11,27,0,11
1,<environment.Job instance at 0x14a4b404a640>,8,3,[2 6],12,27,30,15,12
1,<environment.Job instance at 0x14a4b404acd0>,9,27,[1 5],15,15,42,0,15
1,<environment.Job instance at 0x14a4b71ae0a0>,13,12,[2 9],22,35,47,13,35
1,<environment.Job instance at 0x14a4bbab4be0>,16,3,[14  2],26,47,50,21,37
1,<environment.Job instance at 0x14a4b665bc80>,18,3,[9 2],29,42,45,13,37
1,<environment.Job instance at 0x14a4b65a2dc0>,12,14,[ 1 11],20,47,61,27,37
1,<environment.Job instance at 0x14a4bcf19460>,24,17,[1 7],35,61,78,26,49
1,<environment.Job instance at 0x14a4bf446cd0>,25,1,[8 1],36,50,51,14,49
1,<environment.Job instance at 0x14a4bcf19780>,26,1,[1 5],37,61,62,24,49
1,<environment.Job instance at 0x14a4b7013c30>,27,1,[ 1 10],39,78,79,39,50
1,<environment.Job instance at 0x14a4b70135a0>,28,2,[6 1],42,50,52,8,50
1,<environment.Job instance at 0x14a4b7013780>,29,1,[8 1],43,51,52,8,50
1,<environment.Job instance at 0x14a4b70131e0>,30,1,[9 1],44,52,53,8,50
1,<environment.Job instance at 0x14a4bd14f3c0>,19,16,[1 7],30,62,78,32,50
1,<environment.Job instance at 0x14a4b7013d20>,31,2,[5 2],45,52,54,7,50
1,<environment.Job instance at 0x14a4b3fa5d70>,35,3,[1 9],50,79,82,29,58
1,<environment.Job instance at 0x14a4bdd93910>,36,3,[1 6],54,79,82,25,59
1,<environment.Job instance at 0x14a4b70130f0>,32,3,[5 2],47,82,85,35,61
1,<environment.Job instance at 0x14a4b7013870>,34,12,[2 8],49,82,94,33,65
1,<environment.Job instance at 0x14a4b62cb820>,39,18,[1 9],57,94,112,37,83
1,<environment.Job instance at 0x14a4b62cb780>,40,16,[2 9],58,112,128,54,99
1,<environment.Job instance at 0x14a4b6426d20>,42,2,[2 7],61,128,130,67,101
1,<environment.Job instance at 0x14a4b3608af0>,43,15,[10  2],63,101,116,38,101
1,<environment.Job instance at 0x14a4b6624370>,44,2,[1 5],64,116,118,52,101
1,<environment.Job instance at 0x14a4b6624550>,45,3,[9 1],65,116,119,51,101
1,<environment.Job instance at 0x14a4b66242d0>,46,19,[2 5],66,118,137,52,108
1,<environment.Job instance at 0x14a4b66243c0>,47,3,[1 9],67,130,133,63,108
1,<environment.Job instance at 0x14a4b66245a0>,48,2,[9 2],68,128,130,60,108
1,<environment.Job instance at 0x14a4b6624410>,49,3,[7 1],69,119,122,50,108
1,<environment.Job instance at 0x14a4b6624500>,50,3,[2 7],70,133,136,63,108
1,<environment.Job instance at 0x14a4b6624aa0>,51,2,[9 2],71,133,135,62,108
1,<environment.Job instance at 0x14a4b3222780>,52,3,[ 1 14],72,137,140,65,111
1,<environment.Job instance at 0x14a4b3222870>,53,1,[2 9],74,136,137,62,111
1,<environment.Job instance at 0x14a4b32226e0>,54,1,[1 8],76,140,141,64,112
1,<environment.Job instance at 0x14a4b9e0f0a0>,55,14,[1 8],77,141,155,64,126
1,<environment.Job instance at 0x14a4b3222910>,56,2,[ 1 10],78,155,157,77,128
1,<environment.Job instance at 0x14a4b357ccd0>,57,3,[8 2],79,140,143,61,128
1,<environment.Job instance at 0x14a4b357cf00>,58,12,[6 2],81,140,152,59,128
1,<environment.Job instance at 0x14a4bce094b0>,59,16,[1 5],82,143,159,61,130
1,<environment.Job instance at 0x14a4bce090a0>,60,2,[9 2],83,152,154,69,130
1,<environment.Job instance at 0x14a4bce09460>,61,3,[1 5],84,157,160,73,131
1,<environment.Job instance at 0x14a4bce09410>,62,2,[1 9],85,159,161,74,132
1,<environment.Job instance at 0x14a4bce09f50>,63,2,[10  2],86,157,159,71,132
1,<environment.Job instance at 0x14a4bce09730>,64,2,[ 1 10],87,161,163,74,134
1,<environment.Job instance at 0x14a4b33c1d20>,65,1,[5 2],90,135,136,45,134
1,<environment.Job instance at 0x14a4b33c1aa0>,66,17,[1 9],91,163,180,72,151
1,<environment.Job instance at 0x14a4b33c1e10>,67,1,[9 1],92,154,155,62,151
1,<environment.Job instance at 0x14a4b32ee730>,68,2,[2 5],93,160,162,67,151
1,<environment.Job instance at 0x14a4b2c9ddc0>,69,1,[10  1],95,159,160,64,151
1,<environment.Job instance at 0x14a4b2c9d050>,70,1,[5 2],97,162,163,65,151
1,<environment.Job instance at 0x14a4b64b70f0>,71,27,[5 1],99,162,189,63,160
1,<environment.Job instance at 0x14a4bdb540a0>,72,3,[2 7],102,180,183,78,160
1,<environment.Job instance at 0x14a4b387fa00>,73,2,[8 1],103,163,165,60,160
1,<environment.Job instance at 0x14a4b71532d0>,74,25,[ 1 10],104,183,208,79,179
1,<environment.Job instance at 0x14a4b57cdf50>,75,2,[1 9],106,208,210,102,181
1,<environment.Job instance at 0x14a4b57cde10>,76,3,[1 6],107,208,211,101,182
1,<environment.Job instance at 0x14a4b57cd550>,77,3,[1 9],108,210,213,102,184
1,<environment.Job instance at 0x14a4b32bde60>,78,2,[2 7],112,213,215,101,186
1,<environment.Job instance at 0x14a4b32bdaf0>,79,2,[9 1],115,186,188,71,186
1,<environment.Job instance at 0x14a4b32bd500>,80,1,[1 8],117,213,214,96,186
1,<environment.Job instance at 0x14a4b32bdf00>,81,2,[9 1],118,188,190,70,186
1,<environment.Job instance at 0x14a4b87ac550>,1,23,[2 9],3,3,26,0,3
1,<environment.Job instance at 0x14a4b32bd230>,2,14,[ 1 13],4,26,40,22,11
1,<environment.Job instance at 0x14a4b31216e0>,6,1,[1 6],8,11,12,3,11
1,<environment.Job instance at 0x14a4b31215f0>,7,2,[2 6],9,12,14,3,11
1,<environment.Job instance at 0x14a4b3121a50>,8,17,[10  2],10,14,31,4,11
1,<environment.Job instance at 0x14a4bfab7e10>,12,14,[2 9],18,40,54,22,25
1,<environment.Job instance at 0x14a4bfab7820>,13,2,[1 6],19,40,42,21,25
1,<environment.Job instance at 0x14a4bfab7320>,14,3,[1 9],21,54,57,33,28
1,<environment.Job instance at 0x14a4bfab72d0>,15,1,[10  1],22,31,32,9,28
1,<environment.Job instance at 0x14a4bfab7780>,17,2,[8 1],24,32,34,8,28
1,<environment.Job instance at 0x14a4bd9dff50>,18,3,[ 2 10],25,57,60,32,31
1,<environment.Job instance at 0x14a4bd9dfa50>,19,1,[ 1 12],27,60,61,33,32
1,<environment.Job instance at 0x14a4bd9dfb40>,20,1,[ 1 10],28,61,62,33,33
1,<environment.Job instance at 0x14a4bd9df6e0>,21,18,[1 9],29,62,80,33,51
1,<environment.Job instance at 0x14a4b6692410>,22,12,[1 9],31,80,92,49,63
1,<environment.Job instance at 0x14a4bd1376e0>,23,3,[1 9],32,92,95,60,66
1,<environment.Job instance at 0x14a4b32ddaa0>,24,18,[5 2],33,66,84,33,66
1,<environment.Job instance at 0x14a4b34ae050>,27,17,[2 7],38,95,112,57,83
1,<environment.Job instance at 0x14a4b64e8640>,28,2,[1 6],39,84,86,45,83
1,<environment.Job instance at 0x14a4b7059e60>,30,1,[6 2],41,83,84,42,83
1,<environment.Job instance at 0x14a4b63826e0>,31,2,[1 7],43,95,97,52,83
1,<environment.Job instance at 0x14a4b7059c30>,32,17,[5 1],44,86,103,42,83
1,<environment.Job instance at 0x14a4b32bdf00>,3,12,[1 7],5,97,109,92,83
1,<environment.Job instance at 0x14a4b6498690>,33,2,[2 8],45,109,111,64,83
1,<environment.Job instance at 0x14a4bd9ddfa0>,34,1,[6 1],46,86,87,40,83
1,<environment.Job instance at 0x14a4bfa92690>,38,1,[5 2],51,111,112,60,97
1,<environment.Job instance at 0x14a4b646f640>,39,13,[1 9],52,112,125,60,97
1,<environment.Job instance at 0x14a4b34d0780>,40,15,[2 9],53,125,140,72,111
1,<environment.Job instance at 0x14a4b6315370>,41,2,[2 6],54,111,113,57,111
1,<environment.Job instance at 0x14a4b621c910>,42,1,[13  2],55,113,114,58,111
1,<environment.Job instance at 0x14a4b621c960>,43,3,[2 6],57,114,117,57,111
1,<environment.Job instance at 0x14a4b6392460>,44,17,[14  2],58,140,157,82,132
1,<environment.Job instance at 0x14a4b74f9c30>,45,18,[1 8],59,140,158,81,132
1,<environment.Job instance at 0x14a4b6392b40>,46,1,[1 6],60,132,133,72,132
1,<environment.Job instance at 0x14a4b6392690>,47,16,[1 7],61,157,173,96,144
1,<environment.Job instance at 0x14a4bf3f5fa0>,48,3,[2 5],62,158,161,96,144
1,<environment.Job instance at 0x14a4bf3f5780>,49,3,[1 7],64,161,164,97,144
1,<environment.Job instance at 0x14a4bf3f58c0>,50,2,[9 2],65,158,160,93,144
1,<environment.Job instance at 0x14a4bf3f5b90>,51,2,[7 1],66,160,162,94,144
1,<environment.Job instance at 0x14a4b6fc6e60>,52,1,[1 8],67,164,165,97,144
1,<environment.Job instance at 0x14a4b6fc6be0>,53,1,[8 1],68,162,163,94,144
1,<environment.Job instance at 0x14a4b6fc6690>,55,2,[1 6],70,165,167,95,144
1,<environment.Job instance at 0x14a4b6fc6140>,56,2,[7 2],72,165,167,93,145
1,<environment.Job instance at 0x14a4b6fc63c0>,57,1,[ 2 10],73,173,174,100,145
1,<environment.Job instance at 0x14a4b6fc6410>,59,2,[2 6],77,167,169,90,161
1,<environment.Job instance at 0x14a4b6576e60>,61,2,[6 2],79,167,169,88,165
1,<environment.Job instance at 0x14a4b6576320>,62,15,[7 1],80,169,184,89,165
1,<environment.Job instance at 0x14a4bfcfa190>,36,17,[1 8],48,174,191,126,165
1,<environment.Job instance at 0x14a4b6576f00>,64,1,[7 2],82,169,170,87,165
1,<environment.Job instance at 0x14a4b65769b0>,65,1,[1 9],83,191,192,108,165
1,<environment.Job instance at 0x14a4b6682a50>,66,1,[1 8],84,192,193,108,165
1,<environment.Job instance at 0x14a4b66820a0>,70,22,[10  1],90,184,206,94,177
1,<environment.Job instance at 0x14a4b6682d70>,71,20,[9 2],91,206,226,115,197
1,<environment.Job instance at 0x14a4b66824b0>,72,2,[8 2],93,226,228,133,199
1,<environment.Job instance at 0x14a4b66826e0>,73,1,[2 7],95,199,200,104,199
1,<environment.Job instance at 0x14a4b6682870>,74,1,[1 8],96,200,201,104,199
1,<environment.Job instance at 0x14a4b6682f00>,75,1,[7 1],97,226,227,129,199
1,<environment.Job instance at 0x14a4b6682780>,76,3,[5 2],98,201,204,103,199
1,<environment.Job instance at 0x14a4b6682140>,77,1,[10  1],99,228,229,129,200
1,<environment.Job instance at 0x14a4b66822d0>,78,1,[ 1 10],100,204,205,104,200
1,<environment.Job instance at 0x14a4b6682d20>,79,1,[2 5],101,200,201,99,200
1,<environment.Job instance at 0x14a4b71da870>,80,2,[ 1 10],102,205,207,103,200
1,<environment.Job instance at 0x14a4b71da410>,81,2,[2 8],103,207,209,104,200
1,<environment.Job instance at 0x14a4b71dac30>,82,1,[8 2],104,229,230,125,201
1,<environment.Job instance at 0x14a4b71da820>,83,2,[6 1],107,209,211,102,201
1,<environment.Job instance at 0x14a4b71dabe0>,84,1,[5 2],110,206,207,96,201
1,<environment.Job instance at 0x14a4b71daf50>,85,1,[9 2],111,230,231,119,202
1,<environment.Job instance at 0x14a4b71da640>,86,2,[8 2],112,231,233,119,204
1,<environment.Job instance at 0x14a4b71daa00>,87,1,[6 2],113,211,212,98,204
1,<environment.Job instance at 0x14a4b71dad20>,88,3,[ 2 10],115,212,215,97,204
1,<environment.Job instance at 0x14a4b71da320>,89,18,[ 2 11],116,227,245,111,216
1,<environment.Job instance at 0x14a4b3121320>,4,24,[8 1],6,242,266,236,242
1,<environment.Job instance at 0x14a4b3121640>,5,1,[6 2],7,263,264,256,263
1,<environment.Job instance at 0x14a4bfd1e370>,2,2,[10  1],3,3,5,0,3
1,<environment.Job instance at 0x14a4b2e00780>,3,1,[8 2],4,5,6,1,4
1,<environment.Job instance at 0x14a4b2e00500>,4,2,[5 1],5,5,7,0,5
1,<environment.Job instance at 0x14a4b2e00b40>,5,2,[6 1],6,6,8,0,6
1,<environment.Job instance at 0x14a4b2e00dc0>,6,3,[6 2],7,7,10,0,7
1,<environment.Job instance at 0x14a4b718abe0>,8,18,[2 7],9,9,27,0,9
1,<environment.Job instance at 0x14a4b704bc30>,10,3,[2 7],11,11,14,0,11
1,<environment.Job instance at 0x14a4b407aa50>,9,3,[1 7],10,14,17,4,11
1,<environment.Job instance at 0x14a4b704bf50>,11,1,[9 1],14,17,18,3,17
1,<environment.Job instance at 0x14a4b57d8280>,12,18,[2 8],18,18,36,0,18
1,<environment.Job instance at 0x14a4b64c08c0>,14,2,[2 5],21,27,29,6,21
1,<environment.Job instance at 0x14a4b2e00c30>,13,2,[2 8],20,36,38,16,24
1,<environment.Job instance at 0x14a4b35922d0>,16,2,[2 6],24,29,31,5,24
1,<environment.Job instance at 0x14a4b31097d0>,19,17,[9 1],27,29,46,2,29
1,<environment.Job instance at 0x14a4b35919b0>,22,2,[2 9],32,38,40,6,33
1,<environment.Job instance at 0x14a4b4b98aa0>,24,16,[9 1],34,46,62,12,34
1,<environment.Job instance at 0x14a4b3057b40>,25,2,[2 9],36,40,42,4,36
1,<environment.Job instance at 0x14a4b65652d0>,27,18,[1 6],40,42,60,2,40
1,<environment.Job instance at 0x14a4b35afc30>,20,27,[5 1],28,42,69,14,40
1,<environment.Job instance at 0x14a4bcd6ddc0>,31,1,[7 2],46,62,63,16,46
1,<environment.Job instance at 0x14a4bcd6d780>,32,3,[ 1 12],49,60,63,11,49
1,<environment.Job instance at 0x14a4b3090500>,30,1,[2 9],44,63,64,19,51
1,<environment.Job instance at 0x14a4bcd6dc80>,34,1,[1 8],55,64,65,9,55
1,<environment.Job instance at 0x14a4b358bc80>,35,14,[7 1],56,63,77,7,57
1,<environment.Job instance at 0x14a4b358beb0>,36,18,[9 2],58,77,95,19,66
1,<environment.Job instance at 0x14a4b310af00>,39,20,[9 1],65,95,115,30,86
1,<environment.Job instance at 0x14a4b32e33c0>,40,1,[9 1],66,115,116,49,87
1,<environment.Job instance at 0x14a4b32e3b90>,41,1,[2 9],68,87,88,19,87
1,<environment.Job instance at 0x14a4b32e3aa0>,42,1,[1 7],69,88,89,19,87
1,<environment.Job instance at 0x14a4b32e3730>,43,18,[2 6],70,88,106,18,87
1,<environment.Job instance at 0x14a4b32e3230>,44,2,[7 2],72,116,118,44,89
1,<environment.Job instance at 0x14a4b32e3550>,45,2,[2 5],73,89,91,16,89
1,<environment.Job instance at 0x14a4b32e3820>,46,3,[2 6],74,91,94,17,89
1,<environment.Job instance at 0x14a4b32e3a00>,47,15,[1 6],76,94,109,18,89
1,<environment.Job instance at 0x14a4b65842d0>,49,2,[2 7],78,106,108,28,89
1,<environment.Job instance at 0x14a4b6584b40>,50,2,[2 8],80,108,110,28,89
1,<environment.Job instance at 0x14a4b6584c30>,51,1,[6 2],82,110,111,28,89
1,<environment.Job instance at 0x14a4b65840a0>,52,3,[1 6],83,111,114,28,89
1,<environment.Job instance at 0x14a4b6584230>,53,1,[2 6],84,109,110,25,89
1,<environment.Job instance at 0x14a4b6453410>,54,2,[ 2 10],85,114,116,29,89
1,<environment.Job instance at 0x14a4bd9e3eb0>,56,2,[10  1],88,118,120,30,91
1,<environment.Job instance at 0x14a4b35eb870>,57,3,[ 2 10],89,116,119,27,91
1,<environment.Job instance at 0x14a4b2ce37d0>,58,3,[5 1],90,111,114,21,91
1,<environment.Job instance at 0x14a4b2ce31e0>,59,1,[9 1],91,120,121,29,92
1,<environment.Job instance at 0x14a4b2ce3320>,60,1,[2 7],93,119,120,26,93
1,<environment.Job instance at 0x14a4b2d53d20>,61,2,[8 1],94,121,123,27,94
1,<environment.Job instance at 0x14a4b2d53550>,63,17,[ 2 10],96,120,137,24,108
1,<environment.Job instance at 0x14a4bd9da280>,64,17,[5 2],98,121,138,23,109
1,<environment.Job instance at 0x14a4b65e7a00>,65,1,[2 9],99,137,138,38,109
1,<environment.Job instance at 0x14a4b65e73c0>,66,3,[ 1 10],100,138,141,38,112
1,<environment.Job instance at 0x14a4b65e7af0>,67,1,[1 9],101,141,142,40,113
1,<environment.Job instance at 0x14a4b65e7410>,68,3,[7 2],102,123,126,21,113
1,<environment.Job instance at 0x14a4b407bc30>,69,15,[7 2],103,126,141,23,113
1,<environment.Job instance at 0x14a4b407bbe0>,70,3,[ 1 10],105,142,145,37,116
1,<environment.Job instance at 0x14a4b65e7050>,71,2,[5 2],108,116,118,8,116
1,<environment.Job instance at 0x14a4b67078c0>,73,3,[2 6],111,145,148,34,124
1,<environment.Job instance at 0x14a4b6707a50>,74,2,[9 1],112,141,143,29,124
1,<environment.Job instance at 0x14a4b2ee5a50>,75,3,[8 1],113,143,146,30,124
1,<environment.Job instance at 0x14a4b2ee5280>,76,1,[1 7],114,145,146,31,124
1,<environment.Job instance at 0x14a4b2ee5550>,77,2,[9 2],115,146,148,31,124
1,<environment.Job instance at 0x14a4b71d5b40>,78,1,[ 1 11],116,148,149,32,124
1,<environment.Job instance at 0x14a4b2ee5050>,79,2,[1 9],118,149,151,31,124
1,<environment.Job instance at 0x14a4b2e328c0>,80,2,[2 6],119,146,148,27,124
1,<environment.Job instance at 0x14a4b2e5fa50>,2,2,[7 1],8,9,11,1,9
1,<environment.Job instance at 0x14a4b2e5f820>,4,18,[1 9],10,10,28,0,10
1,<environment.Job instance at 0x14a4b2e5f140>,11,14,[2 6],19,24,38,5,24
1,<environment.Job instance at 0x14a4b2fc3f50>,14,16,[5 2],23,50,66,27,50
1,<environment.Job instance at 0x14a4b2fc3730>,18,16,[2 8],27,50,66,23,50
1,<environment.Job instance at 0x14a4b2fc3230>,19,3,[1 7],28,66,69,38,50
1,<environment.Job instance at 0x14a4b2fc3460>,20,1,[2 6],29,66,67,37,50
1,<environment.Job instance at 0x14a4b2fc3f00>,21,3,[2 9],30,69,72,39,50
1,<environment.Job instance at 0x14a4b2fc34b0>,22,2,[2 6],31,67,69,36,50
1,<environment.Job instance at 0x14a4b2fc3690>,23,1,[2 6],32,69,70,37,50
1,<environment.Job instance at 0x14a4b2fc3aa0>,24,1,[7 2],34,50,51,16,50
1,<environment.Job instance at 0x14a4b2fc3870>,25,2,[2 6],35,70,72,35,50
1,<environment.Job instance at 0x14a4b2fc3140>,26,1,[10  1],36,66,67,30,50
1,<environment.Job instance at 0x14a4b2ff0550>,27,3,[8 2],37,51,54,14,50
1,<environment.Job instance at 0x14a4b2ff0500>,28,3,[ 2 13],38,72,75,34,50
1,<environment.Job instance at 0x14a4b2ff02d0>,29,14,[6 1],39,72,86,33,70
1,<environment.Job instance at 0x14a4b2ff0460>,36,17,[6 1],46,72,89,26,70
1,<environment.Job instance at 0x14a4b2ff0910>,38,2,[5 1],48,86,88,38,73
1,<environment.Job instance at 0x14a4bda5adc0>,41,17,[9 1],51,88,105,37,86
1,<environment.Job instance at 0x14a4bda5aaa0>,42,15,[1 7],52,89,104,37,86
1,<environment.Job instance at 0x14a4bda5aa50>,43,1,[6 1],54,104,105,50,96
1,<environment.Job instance at 0x14a4bda5ae10>,44,17,[1 5],55,105,122,50,96
1,<environment.Job instance at 0x14a4b2e5fcd0>,13,17,[14  2],22,105,122,83,96
1,<environment.Job instance at 0x14a4bda3d820>,46,3,[9 1],57,122,125,65,97
1,<environment.Job instance at 0x14a4bda3d0f0>,47,1,[2 9],58,122,123,64,97
1,<environment.Job instance at 0x14a4bda3d690>,49,2,[2 7],62,123,125,61,117
1,<environment.Job instance at 0x14a4bda3d320>,50,2,[ 2 10],63,125,127,62,117
1,<environment.Job instance at 0x14a4bda3d3c0>,51,26,[7 2],64,125,151,61,122
1,<environment.Job instance at 0x14a4bda3d640>,48,18,[7 1],59,127,145,68,122
1,<environment.Job instance at 0x14a4b2ff0f00>,40,26,[ 1 10],50,127,153,77,124
1,<environment.Job instance at 0x14a4bda3d870>,60,3,[1 9],75,153,156,78,127
1,<environment.Job instance at 0x14a4bda3de60>,62,1,[8 2],82,151,152,69,127
1,<environment.Job instance at 0x14a4bda51820>,63,19,[1 5],85,152,171,67,142
1,<environment.Job instance at 0x14a4bda3d550>,53,3,[1 5],67,156,159,89,142
1,<environment.Job instance at 0x14a4bda51c30>,65,2,[1 8],88,159,161,71,142
1,<environment.Job instance at 0x14a4bda51cd0>,66,1,[1 7],89,161,162,72,142
1,<environment.Job instance at 0x14a4bda51a50>,64,1,[9 2],86,156,157,70,142
1,<environment.Job instance at 0x14a4b3fe0730>,69,3,[ 2 10],97,162,165,65,142
1,<environment.Job instance at 0x14a4b3fe0780>,70,3,[2 8],98,165,168,67,142
1,<environment.Job instance at 0x14a4b3fe09b0>,71,2,[2 7],99,168,170,69,142
1,<environment.Job instance at 0x14a4b3fe0370>,73,2,[2 7],102,170,172,68,145
1,<environment.Job instance at 0x14a4b3fe0c30>,74,12,[ 1 10],103,172,184,69,155
1,<environment.Job instance at 0x14a4bda3d910>,59,3,[8 1],74,157,160,83,155
1,<environment.Job instance at 0x14a4b3fe0eb0>,76,3,[2 6],105,184,187,79,158
1,<environment.Job instance at 0x14a4b3fe0f50>,77,1,[1 8],106,171,172,65,158
1,<environment.Job instance at 0x14a4b3fe0320>,75,2,[6 2],104,160,162,56,158
1,<environment.Job instance at 0x14a4b3fe0190>,80,12,[1 6],109,184,196,75,167
1,<environment.Job instance at 0x14a4b3fe0500>,81,1,[2 5],112,172,173,60,167
1,<environment.Job instance at 0x14a4b3fe03c0>,82,16,[1 6],113,187,203,74,174
1,<environment.Job instance at 0x14a4b3fe0050>,83,25,[5 2],114,174,199,60,174
1,<environment.Job instance at 0x14a4b3fe0e60>,84,15,[ 2 10],116,203,218,87,189
1,<environment.Job instance at 0x14a4b70a5e60>,87,15,[2 6],119,218,233,99,204
1,<environment.Job instance at 0x14a4bda51410>,67,17,[9 1],95,210,227,115,210
1,<environment.Job instance at 0x14a4b3fe0e10>,85,1,[11  1],117,227,228,110,219
1,<environment.Job instance at 0x14a4b2fb2af0>,2,1,[1 5],5,5,6,0,5
1,<environment.Job instance at 0x14a4b2f517d0>,3,3,[2 5],6,6,9,0,6
1,<environment.Job instance at 0x14a4bdac3be0>,4,1,[2 6],7,7,8,0,7
1,<environment.Job instance at 0x14a4bdac3e60>,5,15,[1 7],8,8,23,0,8
1,<environment.Job instance at 0x14a4bdac35a0>,6,2,[1 9],9,23,25,14,9
1,<environment.Job instance at 0x14a4b7009af0>,10,2,[2 7],15,15,17,0,15
1,<environment.Job instance at 0x14a4b7009500>,11,1,[2 5],16,17,18,1,16
1,<environment.Job instance at 0x14a4b63988c0>,16,1,[6 1],26,32,33,6,32
1,<environment.Job instance at 0x14a4b3b64640>,19,17,[6 2],33,33,50,0,33
1,<environment.Job instance at 0x14a4b3b5b9b0>,18,26,[9 1],32,33,59,1,33
1,<environment.Job instance at 0x14a4b3625230>,22,1,[ 2 13],37,50,51,13,37
1,<environment.Job instance at 0x14a4bfa90cd0>,23,1,[1 5],38,51,52,13,38
1,<environment.Job instance at 0x14a4b7097d20>,24,3,[10  1],39,59,62,20,39
1,<environment.Job instance at 0x14a4bfa92e10>,25,3,[2 9],41,51,54,10,41
1,<environment.Job instance at 0x14a4b65365a0>,26,12,[ 2 11],43,54,66,11,43
1,<environment.Job instance at 0x14a4b65363c0>,27,1,[2 7],46,66,67,20,46
1,<environment.Job instance at 0x14a4b4028be0>,28,1,[6 1],47,62,63,15,47
1,<environment.Job instance at 0x14a4b71c9e10>,32,1,[1 7],53,66,67,13,53
1,<environment.Job instance at 0x14a4b87b80f0>,33,14,[1 7],55,67,81,12,55
1,<environment.Job instance at 0x14a4bfcceb90>,29,17,[2 6],48,67,84,19,55
1,<environment.Job instance at 0x14a4b2f766e0>,39,13,[2 6],62,81,94,19,65
1,<environment.Job instance at 0x14a4b2f76280>,40,2,[2 8],64,84,86,20,65
1,<environment.Job instance at 0x14a4b2f76d70>,41,3,[1 9],65,86,89,21,65
1,<environment.Job instance at 0x14a4b38dde10>,42,17,[1 7],67,89,106,22,77
1,<environment.Job instance at 0x14a4b38dd370>,45,1,[7 2],73,77,78,4,77
1,<environment.Job instance at 0x14a4b2c827d0>,46,2,[8 1],74,78,80,4,78
1,<environment.Job instance at 0x14a4b38dd910>,44,3,[1 5],71,94,97,23,78
1,<environment.Job instance at 0x14a4b2c82960>,48,21,[7 1],76,89,110,13,81
1,<environment.Job instance at 0x14a4b2c82d70>,49,3,[1 9],77,106,109,29,81
1,<environment.Job instance at 0x14a4b2c826e0>,50,2,[2 5],78,97,99,19,81
1,<environment.Job instance at 0x14a4bcf073c0>,53,1,[10  2],81,110,111,29,98
1,<environment.Job instance at 0x14a4b38d6be0>,31,18,[2 9],52,109,127,57,99
1,<environment.Job instance at 0x14a4bcf07820>,55,2,[2 7],84,99,101,15,99
1,<environment.Job instance at 0x14a4bcf07780>,57,2,[1 9],89,127,129,38,109
1,<environment.Job instance at 0x14a4bcf07b90>,59,3,[1 8],93,129,132,36,113
1,<environment.Job instance at 0x14a4bcf075a0>,60,17,[7 2],94,119,136,25,119
1,<environment.Job instance at 0x14a4b2d70280>,66,1,[6 2],103,133,134,30,133
1,<environment.Job instance at 0x14a4b2d701e0>,67,26,[2 8],105,133,159,28,133
1,<environment.Job instance at 0x14a4b2d70730>,69,2,[13  1],107,149,151,42,149
1,<environment.Job instance at 0x14a4b2d70550>,70,1,[6 1],109,151,152,42,149
1,<environment.Job instance at 0x14a4b2d70140>,71,3,[2 8],110,159,162,49,149
1,<environment.Job instance at 0x14a4b2d70c30>,72,19,[1 5],113,151,170,38,149
1,<environment.Job instance at 0x14a4b2d70b90>,73,3,[2 7],115,162,165,47,150
1,<environment.Job instance at 0x14a4b2d70870>,74,18,[7 2],116,156,174,40,156
1,<environment.Job instance at 0x14a4b2d70370>,75,3,[ 1 10],117,170,173,53,156
1,<environment.Job instance at 0x14a4b2c82c30>,47,18,[7 2],75,165,183,90,159
1,<environment.Job instance at 0x14a4b4b68500>,30,1,[ 1 10],49,179,180,130,179
1,<environment.Job instance at 0x14a4b6fc62d0>,2,2,[1 6],4,4,6,0,4
1,<environment.Job instance at 0x14a4b4b68500>,3,12,[2 5],6,6,18,0,6
1,<environment.Job instance at 0x14a4b6509280>,4,2,[ 2 14],9,18,20,9,9
1,<environment.Job instance at 0x14a4b2da9f50>,7,17,[ 2 10],12,20,37,8,12
1,<environment.Job instance at 0x14a4b2da9dc0>,6,1,[8 1],11,26,27,15,26
1,<environment.Job instance at 0x14a4bcf07960>,19,3,[1 7],29,37,40,8,29
1,<environment.Job instance at 0x14a4bba9bf50>,20,1,[2 7],33,37,38,4,33
1,<environment.Job instance at 0x14a4b7512320>,22,15,[7 2],35,38,53,3,36
1,<environment.Job instance at 0x14a4b7512e60>,23,28,[1 6],36,38,66,2,37
1,<environment.Job instance at 0x14a4b75125a0>,25,3,[7 2],42,45,48,3,45
1,<environment.Job instance at 0x14a4b703fcd0>,28,3,[6 2],47,48,51,1,47
1,<environment.Job instance at 0x14a4b704f2d0>,29,2,[1 9],49,53,55,4,49
1,<environment.Job instance at 0x14a4b7036690>,27,1,[10  1],45,55,56,10,49
1,<environment.Job instance at 0x14a4b704fcd0>,30,3,[1 9],51,56,59,5,51
1,<environment.Job instance at 0x14a4b704f410>,31,2,[5 1],53,59,61,6,53
1,<environment.Job instance at 0x14a4b704f140>,32,15,[ 1 10],54,66,81,12,54
1,<environment.Job instance at 0x14a4b6519780>,24,2,[1 9],39,61,63,22,55
1,<environment.Job instance at 0x14a4b703c780>,37,2,[ 1 10],60,81,83,21,60
1,<environment.Job instance at 0x14a4b703c5a0>,38,14,[2 8],61,83,97,22,68
1,<environment.Job instance at 0x14a4b7052a00>,40,1,[9 1],63,71,72,8,71
1,<environment.Job instance at 0x14a4b7052050>,42,27,[9 1],65,72,99,7,72
1,<environment.Job instance at 0x14a4b703c640>,36,1,[9 2],59,99,100,40,72
1,<environment.Job instance at 0x14a4b7041780>,46,2,[6 1],72,97,99,25,72
1,<environment.Job instance at 0x14a4b7034820>,47,1,[1 9],73,99,100,26,73
1,<environment.Job instance at 0x14a4b70342d0>,48,1,[7 1],74,100,101,26,74
1,<environment.Job instance at 0x14a4b7034d70>,49,2,[2 5],75,83,85,8,75
1,<environment.Job instance at 0x14a4b30d83c0>,50,1,[2 8],76,100,101,24,76
1,<environment.Job instance at 0x14a4b30d85a0>,54,2,[2 9],82,101,103,19,82
1,<environment.Job instance at 0x14a4b30d8b90>,55,2,[1 9],83,103,105,20,84
1,<environment.Job instance at 0x14a4b7052460>,39,15,[1 8],62,105,120,43,93
1,<environment.Job instance at 0x14a4b30d5dc0>,59,2,[10  2],87,101,103,14,93
1,<environment.Job instance at 0x14a4b30d50a0>,60,2,[7 1],88,103,105,15,93
1,<environment.Job instance at 0x14a4b30d5e60>,61,3,[ 2 12],94,120,123,26,94
1,<environment.Job instance at 0x14a4b30d5af0>,62,3,[8 2],95,105,108,10,95
1,<environment.Job instance at 0x14a4b30d59b0>,63,1,[8 2],96,108,109,12,96
1,<environment.Job instance at 0x14a4b30d5c30>,65,1,[1 8],98,123,124,25,106
1,<environment.Job instance at 0x14a4bdd98050>,66,27,[1 7],99,123,150,24,121
1,<environment.Job instance at 0x14a4b30d5820>,64,18,[2 8],97,124,142,27,121
1,<environment.Job instance at 0x14a4b35f9960>,70,1,[ 1 14],106,150,151,44,134
1,<environment.Job instance at 0x14a4b35f97d0>,72,1,[9 1],109,142,143,33,134
1,<environment.Job instance at 0x14a4b35f9050>,74,3,[ 1 10],111,151,154,40,138
1,<environment.Job instance at 0x14a4b35f9320>,77,2,[2 7],114,142,144,28,140
1,<environment.Job instance at 0x14a4b35f9fa0>,78,2,[2 9],115,154,156,39,140
1,<environment.Job instance at 0x14a4b35f9690>,79,1,[2 7],116,156,157,40,154
1,<environment.Job instance at 0x14a4b7036d70>,26,2,[6 2],43,389,391,346,389
1,<environment.Job instance at 0x14a4b2dfcc80>,1,2,[2 9],3,3,5,0,3
1,<environment.Job instance at 0x14a4b2dfca50>,4,2,[10  2],7,7,9,0,7
1,<environment.Job instance at 0x14a4b2dfc190>,3,2,[2 6],6,7,9,1,7
1,<environment.Job instance at 0x14a4b2dfc1e0>,5,1,[ 1 14],10,10,11,0,10
1,<environment.Job instance at 0x14a4b2d3b5f0>,6,2,[6 1],11,11,13,0,11
1,<environment.Job instance at 0x14a4b2d3b7d0>,7,2,[1 5],12,12,14,0,12
1,<environment.Job instance at 0x14a4bdb72b40>,8,3,[ 2 10],13,13,16,0,13
1,<environment.Job instance at 0x14a4bdb72820>,9,13,[2 8],14,16,29,2,14
1,<environment.Job instance at 0x14a4b318a910>,14,2,[1 6],21,21,23,0,21
1,<environment.Job instance at 0x14a4bdb72460>,16,1,[5 2],25,28,29,3,28
1,<environment.Job instance at 0x14a4bcd0cdc0>,19,15,[1 6],29,29,44,0,29
1,<environment.Job instance at 0x14a4b3608b90>,20,1,[5 1],30,35,36,5,35
1,<environment.Job instance at 0x14a4bcd0c640>,22,3,[8 2],34,35,38,1,35
1,<environment.Job instance at 0x14a4bd9ea500>,23,1,[1 9],35,38,39,3,35
1,<environment.Job instance at 0x14a4b313b5f0>,24,1,[8 1],36,39,40,3,36
1,<environment.Job instance at 0x14a4b313b500>,25,2,[ 1 10],40,44,46,4,40
1,<environment.Job instance at 0x14a4b40400f0>,26,3,[2 7],41,41,44,0,41
1,<environment.Job instance at 0x14a4b57c3dc0>,27,1,[2 6],44,46,47,2,44
1,<environment.Job instance at 0x14a4b3ffed20>,28,2,[8 2],45,45,47,0,45
1,<environment.Job instance at 0x14a4b3ffe140>,29,3,[ 2 10],46,47,50,1,46
1,<environment.Job instance at 0x14a4bf42b190>,30,3,[2 6],47,50,53,3,47
1,<environment.Job instance at 0x14a4bf42b820>,32,3,[6 2],50,50,53,0,50
1,<environment.Job instance at 0x14a4bf42b0a0>,33,2,[6 2],52,52,54,0,52
1,<environment.Job instance at 0x14a4b7417640>,34,2,[9 2],54,54,56,0,54
1,<environment.Job instance at 0x14a4b7417960>,35,3,[6 2],56,56,59,0,56
1,<environment.Job instance at 0x14a4b7417f50>,36,1,[1 9],57,57,58,0,57
1,<environment.Job instance at 0x14a4b74175a0>,37,17,[6 1],58,58,75,0,58
1,<environment.Job instance at 0x14a4bcd0c6e0>,17,3,[8 2],26,59,62,33,58
1,<environment.Job instance at 0x14a4bcd27eb0>,39,2,[1 9],60,60,62,0,60
1,<environment.Job instance at 0x14a4bfda5b90>,40,2,[1 5],62,62,64,0,62
1,<environment.Job instance at 0x14a4bfda59b0>,41,1,[2 9],63,63,64,0,63
1,<environment.Job instance at 0x14a5080df460>,42,2,[6 1],64,65,67,1,65
1,<environment.Job instance at 0x14a5080df050>,44,1,[5 1],66,67,68,1,66
1,<environment.Job instance at 0x14a5080df0a0>,45,18,[11  2],68,75,93,7,68
1,<environment.Job instance at 0x14a5080df870>,46,1,[9 1],70,70,71,0,70
1,<environment.Job instance at 0x14a5080df410>,47,19,[2 8],71,71,90,0,71
1,<environment.Job instance at 0x14a5080dfbe0>,48,1,[8 1],72,93,94,21,72
1,<environment.Job instance at 0x14a4bcd1aa00>,49,1,[1 5],74,74,75,0,74
1,<environment.Job instance at 0x14a4bcd1a500>,50,16,[2 5],75,75,91,0,75
1,<environment.Job instance at 0x14a4bcd1a1e0>,51,2,[6 2],77,93,95,16,77
1,<environment.Job instance at 0x14a4bcd1a460>,52,3,[2 6],78,90,93,12,78
1,<environment.Job instance at 0x14a4bcd1a7d0>,53,16,[2 6],80,94,110,14,81
1,<environment.Job instance at 0x14a4bcd1a140>,54,15,[5 1],81,94,109,13,81
1,<environment.Job instance at 0x14a4bcd1a730>,55,3,[2 7],82,95,98,13,82
1,<environment.Job instance at 0x14a4bcd1ac30>,56,1,[ 1 10],83,93,94,10,83
1,<environment.Job instance at 0x14a4bcd1a3c0>,57,1,[2 5],84,91,92,7,84
1,<environment.Job instance at 0x14a4b3150be0>,60,3,[2 6],87,98,101,11,87
1,<environment.Job instance at 0x14a4b3150e10>,61,1,[1 5],88,92,93,4,88
1,<environment.Job instance at 0x14a4b3150280>,62,2,[6 2],89,98,100,9,89
1,<environment.Job instance at 0x14a4b31503c0>,65,1,[9 2],94,109,110,15,94
1,<environment.Job instance at 0x14a4b3150fa0>,67,3,[2 5],97,101,104,4,97
1,<environment.Job instance at 0x14a4b3150910>,66,1,[10  2],95,110,111,15,97
1,<environment.Job instance at 0x14a4bda69140>,69,1,[8 2],100,104,105,4,100
1,<environment.Job instance at 0x14a4bda69230>,70,2,[9 1],103,111,113,8,103
1,<environment.Job instance at 0x14a4bda69960>,71,2,[8 2],107,107,109,0,107
1,<environment.Job instance at 0x14a4bda696e0>,72,3,[5 1],108,110,113,2,108
1,<environment.Job instance at 0x14a4bda693c0>,73,17,[1 8],109,111,128,2,109
1,<environment.Job instance at 0x14a4bda69190>,74,2,[9 2],111,113,115,2,111
1,<environment.Job instance at 0x14a4bda69410>,75,2,[2 5],112,113,115,1,112
1,<environment.Job instance at 0x14a4bda69370>,76,3,[8 1],113,115,118,2,113
1,<environment.Job instance at 0x14a4bda69a50>,77,1,[2 8],114,128,129,14,114
1,<environment.Job instance at 0x14a4bda69d20>,78,1,[ 1 10],117,129,130,12,117
1,<environment.Job instance at 0x14a4b66ce2d0>,1,2,[2 6],2,2,4,0,2
1,<environment.Job instance at 0x14a4b74132d0>,3,3,[1 7],4,5,8,1,5
1,<environment.Job instance at 0x14a4b33c1b40>,5,14,[2 7],7,7,21,0,7
1,<environment.Job instance at 0x14a4b33634b0>,9,3,[5 2],13,13,16,0,13
1,<environment.Job instance at 0x14a4b3363d20>,10,1,[8 2],14,14,15,0,14
1,<environment.Job instance at 0x14a4b3363be0>,11,3,[1 7],16,16,19,0,16
1,<environment.Job instance at 0x14a50019b870>,12,2,[2 8],18,19,21,1,18
1,<environment.Job instance at 0x14a4bd12c370>,13,2,[1 8],19,21,23,2,19
1,<environment.Job instance at 0x14a4b70a4fa0>,14,3,[1 7],22,22,25,0,22
1,<environment.Job instance at 0x14a4b70a4cd0>,15,1,[1 8],25,25,26,0,25
1,<environment.Job instance at 0x14a4b71ae1e0>,16,1,[7 2],28,28,29,0,28
1,<environment.Job instance at 0x14a4b33c12d0>,6,3,[5 1],9,28,31,19,28
1,<environment.Job instance at 0x14a4b6fdcaf0>,17,3,[2 9],29,29,32,0,29
1,<environment.Job instance at 0x14a4b71ae6e0>,18,16,[2 5],30,30,46,0,30
1,<environment.Job instance at 0x14a4b31baaf0>,19,17,[ 1 14],31,46,63,15,34
1,<environment.Job instance at 0x14a4b401a910>,22,3,[9 2],36,36,39,0,36
1,<environment.Job instance at 0x14a4b63b5a50>,1,3,[ 1 10],5,5,8,0,5
1,<environment.Job instance at 0x14a4bcd6c9b0>,2,3,[2 9],6,8,11,2,6
1,<environment.Job instance at 0x14a4b3553fa0>,3,2,[1 9],7,11,13,4,7
1,<environment.Job instance at 0x14a4bd131a50>,4,2,[1 6],9,9,11,0,9
1,<environment.Job instance at 0x14a4bd1316e0>,5,3,[1 8],10,13,16,3,10
1,<environment.Job instance at 0x14a4bcd6c5a0>,6,1,[6 1],12,12,13,0,12
1,<environment.Job instance at 0x14a4b4338a50>,8,15,[1 7],15,15,30,0,15
1,<environment.Job instance at 0x14a4b43384b0>,9,2,[1 8],16,16,18,0,16
1,<environment.Job instance at 0x14a4b647d8c0>,18,3,[5 1],29,36,39,7,36
1,<environment.Job instance at 0x14a4b3175eb0>,24,2,[11  1],38,39,41,1,38
1,<environment.Job instance at 0x14a4bcdf3f50>,25,3,[2 5],39,39,42,0,39
1,<environment.Job instance at 0x14a4b345fa50>,26,1,[1 8],41,41,42,0,41
1,<environment.Job instance at 0x14a4bcdf3b90>,27,1,[2 5],42,42,43,0,42
1,<environment.Job instance at 0x14a4bcdf3820>,28,1,[2 6],43,43,44,0,43
1,<environment.Job instance at 0x14a4bd14f1e0>,20,12,[1 8],31,46,58,15,46
1,<environment.Job instance at 0x14a4b315fa00>,30,3,[2 5],47,49,52,2,49
1,<environment.Job instance at 0x14a4b348a960>,33,3,[2 5],50,52,55,2,50
1,<environment.Job instance at 0x14a4bcde9cd0>,34,2,[1 5],51,55,57,4,51
1,<environment.Job instance at 0x14a4bcde9230>,35,1,[1 6],52,57,58,5,53
1,<environment.Job instance at 0x14a4bd14f2d0>,21,2,[1 6],32,58,60,26,55
1,<environment.Job instance at 0x14a4bd1550a0>,40,1,[2 8],65,65,66,0,65
1,<environment.Job instance at 0x14a4b2ff0500>,44,12,[1 6],69,69,81,0,69
1,<environment.Job instance at 0x14a4b402a7d0>,42,1,[8 1],67,69,70,2,69
1,<environment.Job instance at 0x14a4b2ff09b0>,45,2,[1 5],70,70,72,0,70
1,<environment.Job instance at 0x14a4b2ff0230>,46,3,[2 9],71,72,75,1,71
1,<environment.Job instance at 0x14a4b2ff0410>,47,2,[1 6],72,75,77,3,72
1,<environment.Job instance at 0x14a4b2ff0870>,48,14,[1 8],73,77,91,4,73
1,<environment.Job instance at 0x14a4bd155410>,37,1,[11  2],54,81,82,27,79
1,<environment.Job instance at 0x14a4b2ff04b0>,49,17,[ 2 10],74,91,108,17,79
1,<environment.Job instance at 0x14a4b2ff0aa0>,52,1,[1 8],78,108,109,30,80
1,<environment.Job instance at 0x14a4b2d142d0>,54,1,[1 9],80,109,110,29,81
1,<environment.Job instance at 0x14a4b2d14b90>,55,1,[6 2],81,82,83,1,81
1,<environment.Job instance at 0x14a4b2d14fa0>,56,2,[ 2 10],82,110,112,28,83
1,<environment.Job instance at 0x14a4b2d147d0>,57,1,[5 2],83,83,84,0,83
1,<environment.Job instance at 0x14a4b2d146e0>,58,13,[ 2 14],84,112,125,28,96
1,<environment.Job instance at 0x14a4b2d14050>,60,3,[1 8],88,125,128,37,99
1,<environment.Job instance at 0x14a4b666feb0>,61,1,[ 2 10],89,128,129,39,100
1,<environment.Job instance at 0x14a4b666ff50>,63,2,[1 6],91,108,110,17,100
1,<environment.Job instance at 0x14a4b666f8c0>,67,1,[2 9],97,129,130,32,113
1,<environment.Job instance at 0x14a4b2ff0b40>,50,2,[12  2],75,125,127,50,116
1,<environment.Job instance at 0x14a4bce8d640>,73,1,[5 2],109,127,128,18,116
1,<environment.Job instance at 0x14a4b666f140>,65,13,[ 1 10],94,130,143,36,116
1,<environment.Job instance at 0x14a4bce8d0f0>,75,13,[1 5],111,125,138,14,121
1,<environment.Job instance at 0x14a4bce8d370>,76,3,[1 8],112,143,146,31,124
1,<environment.Job instance at 0x14a4bce8d690>,77,2,[7 1],114,138,140,24,127
1,<environment.Job instance at 0x14a4bce8da00>,78,2,[2 8],116,146,148,30,127
1,<environment.Job instance at 0x14a4bce8d0a0>,74,16,[ 1 10],110,148,164,38,135
1,<environment.Job instance at 0x14a4bce8d3c0>,79,1,[1 6],118,143,144,25,135
1,<environment.Job instance at 0x14a4bce8dc30>,80,17,[7 2],119,144,161,25,135
1,<environment.Job instance at 0x14a4b666f910>,71,2,[ 1 12],101,164,166,63,138
1,<environment.Job instance at 0x14a4b402a5f0>,43,1,[7 1],68,158,159,90,158
1,<environment.Job instance at 0x14a4b70fc050>,2,15,[2 9],7,7,22,0,7
1,<environment.Job instance at 0x14a4b6fc6320>,3,28,[ 2 12],8,22,50,14,21
1,<environment.Job instance at 0x14a4b6fc6b90>,7,3,[8 2],13,21,24,8,21
1,<environment.Job instance at 0x14a4b6fc6140>,8,2,[2 9],15,50,52,35,23
1,<environment.Job instance at 0x14a4b6fc6910>,9,26,[1 9],16,52,78,36,49
1,<environment.Job instance at 0x14a4b6fc60f0>,11,23,[2 8],18,78,101,60,72
1,<environment.Job instance at 0x14a4b70cb910>,12,3,[2 5],20,72,75,52,72
1,<environment.Job instance at 0x14a4b70fc2d0>,1,1,[11  2],4,75,76,71,72
1,<environment.Job instance at 0x14a4b6fc6dc0>,6,16,[1 5],12,76,92,64,72
1,<environment.Job instance at 0x14a4b3b7b1e0>,15,15,[10  1],23,76,91,53,74
1,<environment.Job instance at 0x14a4b4054640>,19,24,[2 9],28,101,125,73,96
1,<environment.Job instance at 0x14a4b336d910>,20,1,[2 7],31,96,97,65,96
1,<environment.Job instance at 0x14a4b57c90a0>,21,25,[6 2],32,97,122,65,96
1,<environment.Job instance at 0x14a4b3755050>,31,3,[7 2],45,114,117,69,114
1,<environment.Job instance at 0x14a4bccf05f0>,32,24,[2 9],47,125,149,78,120
1,<environment.Job instance at 0x14a4bccf0780>,33,1,[6 2],50,120,121,70,120
1,<environment.Job instance at 0x14a4bccf0370>,34,16,[5 2],52,121,137,69,120
1,<environment.Job instance at 0x14a4b66edaf0>,35,3,[9 2],54,137,140,83,120
1,<environment.Job instance at 0x14a4b66ed640>,36,16,[1 5],55,140,156,85,127
1,<environment.Job instance at 0x14a4b66edc80>,37,1,[1 5],56,149,150,93,127
1,<environment.Job instance at 0x14a4b2cd2a50>,38,3,[ 2 10],57,150,153,93,127
1,<environment.Job instance at 0x14a4b2cd22d0>,39,3,[2 9],58,153,156,95,127
1,<environment.Job instance at 0x14a4b2cd20f0>,40,15,[11  2],59,2830,2845,2771,2830
1,<environment.Job instance at 0x14a4b2ee5500>,45,2,[2 7],67,2833,2835,2766,2833
1,<environment.Job instance at 0x14a4b2ee5730>,46,3,[2 5],69,2835,2838,2766,2835
1,<environment.Job instance at 0x14a4b2ee55f0>,47,2,[5 2],71,2845,2847,2774,2837
1,<environment.Job instance at 0x14a4b65a2f50>,49,1,[7 1],75,2845,2846,2770,2843
1,<environment.Job instance at 0x14a4b65a2410>,50,2,[2 7],76,2843,2845,2767,2843
1,<environment.Job instance at 0x14a4b65a25a0>,51,18,[1 5],77,2843,2861,2766,2843
1,<environment.Job instance at 0x14a4b65a2d20>,52,18,[10  2],78,2856,2874,2778,2856
1,<environment.Job instance at 0x14a4b2e08640>,60,15,[2 6],88,2856,2871,2768,2856
1,<environment.Job instance at 0x14a4b2e08820>,61,3,[7 1],89,2874,2877,2785,2856
1,<environment.Job instance at 0x14a4b2e08190>,62,1,[2 7],90,2861,2862,2771,2856
1,<environment.Job instance at 0x14a4b2e081e0>,63,3,[2 7],92,2862,2865,2770,2856
1,<environment.Job instance at 0x14a4b2f45dc0>,64,3,[ 2 10],93,2871,2874,2778,2856
1,<environment.Job instance at 0x14a4b2f45f00>,65,2,[6 1],94,2874,2876,2780,2856
1,<environment.Job instance at 0x14a4b2f451e0>,66,3,[ 1 10],95,2874,2877,2779,2856
1,<environment.Job instance at 0x14a4b2cbcc30>,67,1,[1 6],96,2865,2866,2769,2856
1,<environment.Job instance at 0x14a4b624be10>,68,3,[8 2],98,2877,2880,2779,2856
1,<environment.Job instance at 0x14a4b624b3c0>,69,3,[6 2],99,2876,2879,2777,2856
1,<environment.Job instance at 0x14a4b33e4c30>,70,2,[10  2],100,2880,2882,2780,2856
1,<environment.Job instance at 0x14a4bcd43d70>,71,1,[1 6],101,2866,2867,2765,2856
1,<environment.Job instance at 0x14a4b31f19b0>,72,1,[5 1],102,2879,2880,2777,2856
1,<environment.Job instance at 0x14a4b746aeb0>,75,1,[ 1 12],105,2879,2880,2774,2859
1,<environment.Job instance at 0x14a4b7057eb0>,76,3,[1 6],106,2867,2870,2761,2859
1,<environment.Job instance at 0x14a4bcd43aa0>,77,2,[10  1],107,2882,2884,2775,2859
1,<environment.Job instance at 0x14a4b3470e10>,78,2,[6 1],109,2884,2886,2775,2859
1,<environment.Job instance at 0x14a4b35929b0>,79,1,[2 8],110,2880,2881,2770,2859
1,<environment.Job instance at 0x14a4b7503e10>,80,2,[6 1],111,2884,2886,2773,2859
1,<environment.Job instance at 0x14a4b7503960>,81,15,[2 9],112,2881,2896,2769,2878
1,<environment.Job instance at 0x14a4b621d140>,86,3,[2 5],119,2886,2889,2767,2883
1,<environment.Job instance at 0x14a4b6402690>,2,1,[ 2 10],5,5,6,0,5
1,<environment.Job instance at 0x14a4b6402460>,3,27,[10  1],7,7,34,0,7
1,<environment.Job instance at 0x14a4b2c4cd70>,5,3,[1 8],9,9,12,0,9
1,<environment.Job instance at 0x14a4b2c4cb90>,13,3,[7 1],25,34,37,9,30
1,<environment.Job instance at 0x14a4b2c4ceb0>,18,3,[8 1],31,34,37,3,31
1,<environment.Job instance at 0x14a4b63f5640>,19,2,[2 6],36,37,39,1,36
1,<environment.Job instance at 0x14a4b63f5be0>,20,3,[10  1],37,37,40,0,37
1,<environment.Job instance at 0x14a4b63f5d20>,21,3,[1 8],39,39,42,0,39
1,<environment.Job instance at 0x14a4b63f5c30>,22,2,[5 2],41,41,43,0,41
1,<environment.Job instance at 0x14a4b63f5a50>,23,1,[2 7],43,43,44,0,43
1,<environment.Job instance at 0x14a4b63f5a00>,24,1,[2 9],44,45,46,1,45
1,<environment.Job instance at 0x14a4b2c4c730>,16,2,[8 1],28,45,47,17,45
1,<environment.Job instance at 0x14a4b63f54b0>,26,2,[6 1],46,50,52,4,50
1,<environment.Job instance at 0x14a4b2eba320>,29,26,[8 2],51,51,77,0,51
1,<environment.Job instance at 0x14a4b2ebabe0>,30,16,[1 7],52,53,69,1,53
1,<environment.Job instance at 0x14a4b2ebaf00>,31,14,[5 1],53,53,67,0,53
1,<environment.Job instance at 0x14a4b2eba050>,33,3,[ 2 10],55,69,72,14,60
1,<environment.Job instance at 0x14a4b2eba6e0>,35,2,[5 1],57,67,69,10,60
1,<environment.Job instance at 0x14a4b2eba3c0>,34,1,[6 2],56,72,73,16,68
1,<environment.Job instance at 0x14a4b2eba2d0>,37,3,[2 7],60,73,76,13,68
1,<environment.Job instance at 0x14a4b2ebad70>,39,12,[5 1],62,73,85,11,70
1,<environment.Job instance at 0x14a4b2eba690>,40,1,[1 6],63,72,73,9,70
1,<environment.Job instance at 0x14a4b2ebaa00>,41,19,[ 1 10],65,76,95,11,70
1,<environment.Job instance at 0x14a4b2ebae10>,42,2,[2 7],67,95,97,28,70
1,<environment.Job instance at 0x14a4b2ebae60>,43,2,[8 1],68,77,79,9,70
1,<environment.Job instance at 0x14a4b36540a0>,44,2,[9 1],70,79,81,9,75
1,<environment.Job instance at 0x14a4b3654f50>,45,3,[6 1],71,81,84,10,75
1,<environment.Job instance at 0x14a4b36548c0>,46,17,[7 1],73,84,101,11,75
1,<environment.Job instance at 0x14a4b3654500>,47,15,[13  2],74,107,122,33,107
1,<environment.Job instance at 0x14a4b36540f0>,49,1,[1 7],76,107,108,31,107
1,<environment.Job instance at 0x14a4b36542d0>,50,2,[1 9],77,108,110,31,107
1,<environment.Job instance at 0x14a4b3654c30>,51,21,[5 2],78,122,143,44,114
1,<environment.Job instance at 0x14a4b3654be0>,52,17,[2 7],82,114,131,32,114
1,<environment.Job instance at 0x14a4b312e8c0>,53,2,[ 1 10],83,131,133,48,114
1,<environment.Job instance at 0x14a4b312e0f0>,54,2,[1 6],84,122,124,38,114
1,<environment.Job instance at 0x14a4b312ec30>,55,28,[2 5],88,133,161,45,132
1,<environment.Job instance at 0x14a4b312e320>,58,1,[2 6],91,133,134,42,132
1,<environment.Job instance at 0x14a4b312e730>,59,3,[8 1],93,134,137,41,132
1,<environment.Job instance at 0x14a4b312e550>,60,15,[2 5],95,137,152,42,132
1,<environment.Job instance at 0x14a4b312ecd0>,61,1,[9 1],96,143,144,47,134
1,<environment.Job instance at 0x14a4b312e6e0>,63,2,[2 8],98,152,154,54,137
1,<environment.Job instance at 0x14a4b312ebe0>,64,12,[6 1],99,153,165,54,153
1,<environment.Job instance at 0x14a4b312edc0>,65,15,[2 8],100,154,169,54,153
1,<environment.Job instance at 0x14a4b63f5280>,28,12,[7 1],50,161,173,111,153
1,<environment.Job instance at 0x14a4b312e050>,71,20,[1 9],108,169,189,61,160
1,<environment.Job instance at 0x14a4b2eba9b0>,36,18,[6 2],58,165,183,107,160
1,<environment.Job instance at 0x14a4b312e640>,73,3,[9 2],110,183,186,73,168
1,<environment.Job instance at 0x14a4b2e97050>,74,1,[2 5],111,186,187,75,168
1,<environment.Job instance at 0x14a4b2e97b40>,75,3,[14  2],112,187,190,75,168
1,<environment.Job instance at 0x14a4b2e97f50>,76,2,[2 7],114,190,192,76,169
1,<environment.Job instance at 0x14a4b2e974b0>,77,17,[1 9],115,192,209,77,180
1,<environment.Job instance at 0x14a4b2e970f0>,78,1,[7 2],116,180,181,64,180
1,<environment.Job instance at 0x14a4b2e970a0>,79,15,[ 2 12],119,209,224,90,195
1,<environment.Job instance at 0x14a4b2c4c7d0>,11,2,[ 2 10],23,224,226,201,217
1,<environment.Job instance at 0x14a4b312ef00>,72,1,[1 5],109,224,225,115,223
1,<environment.Job instance at 0x14a4b312ee10>,67,2,[1 6],102,931,933,829,931
1,<environment.Job instance at 0x149444ba1b90>,1,2,[2 5],4,5,7,1,5
1,<environment.Job instance at 0x149444ba1a50>,4,2,[6 1],7,7,9,0,7
1,<environment.Job instance at 0x1493ef689410>,5,3,[9 1],8,8,11,0,8
1,<environment.Job instance at 0x149444ba1af0>,2,18,[ 1 10],5,9,27,4,9
1,<environment.Job instance at 0x1493ef630460>,12,3,[6 2],16,18,21,2,18
1,<environment.Job instance at 0x1493ef6d4960>,16,17,[1 7],22,41,58,19,41
1,<environment.Job instance at 0x1493ef630be0>,14,1,[1 7],18,41,42,23,41
1,<environment.Job instance at 0x1493ef6bca00>,18,1,[5 2],25,42,43,17,41
1,<environment.Job instance at 0x1493ef66fa50>,19,3,[8 1],26,41,44,15,41
1,<environment.Job instance at 0x1493ef630140>,20,21,[7 1],27,44,65,17,41
1,<environment.Job instance at 0x1493ef630370>,17,3,[6 1],23,56,59,33,56
1,<environment.Job instance at 0x1493ef66fe60>,22,3,[2 6],29,58,61,29,56
1,<environment.Job instance at 0x1493ef66f7d0>,23,3,[7 2],30,61,64,31,57
1,<environment.Job instance at 0x1493ef66c280>,24,20,[ 1 10],32,61,81,29,57
1,<environment.Job instance at 0x1493ef66c640>,25,1,[6 1],34,64,65,30,64
1,<environment.Job instance at 0x1493ef671960>,26,3,[9 1],36,69,72,33,69
1,<environment.Job instance at 0x1493ef671d20>,27,3,[2 8],37,81,84,44,69
1,<environment.Job instance at 0x1493ef6711e0>,28,2,[1 9],38,84,86,46,69
1,<environment.Job instance at 0x1493ef6713c0>,29,13,[1 6],39,81,94,42,69
1,<environment.Job instance at 0x1493ef6935f0>,30,3,[1 8],41,86,89,45,69
1,<environment.Job instance at 0x1493ef693960>,31,3,[8 1],42,78,81,36,78
1,<environment.Job instance at 0x1493eef602d0>,32,16,[9 1],43,86,102,43,78
1,<environment.Job instance at 0x1493eef5e280>,33,2,[5 1],44,93,95,49,93
1,<environment.Job instance at 0x1493eef5ea00>,36,3,[1 6],48,94,97,46,93
1,<environment.Job instance at 0x1493eef5ebe0>,37,2,[2 7],49,95,97,46,93
1,<environment.Job instance at 0x1493eef5e7d0>,38,2,[8 2],50,102,104,52,94
1,<environment.Job instance at 0x1493eef5e5a0>,39,14,[2 5],51,97,111,46,94
1,<environment.Job instance at 0x1493eef5e640>,40,1,[8 1],53,104,105,51,95
1,<environment.Job instance at 0x1493eef5e050>,41,1,[ 1 10],54,105,106,51,95
1,<environment.Job instance at 0x1493eef5e690>,42,3,[1 6],55,97,100,42,95
1,<environment.Job instance at 0x1493eef5e500>,43,2,[2 8],56,100,102,44,95
1,<environment.Job instance at 0x1493eef5e550>,44,1,[2 9],57,104,105,47,95
1,<environment.Job instance at 0x1493ef1c4730>,45,2,[2 5],58,102,104,44,95
1,<environment.Job instance at 0x1493ef1c4c80>,46,1,[1 7],59,106,107,47,95
1,<environment.Job instance at 0x1493ef1dac30>,49,1,[ 1 10],67,107,108,40,98
1,<environment.Job instance at 0x1493ef1daf50>,50,1,[1 8],68,108,109,40,98
1,<environment.Job instance at 0x1493eef5dd20>,52,1,[8 1],70,106,107,36,100
1,<environment.Job instance at 0x1493eef5deb0>,53,1,[7 2],72,108,109,36,100
1,<environment.Job instance at 0x1493eef5dbe0>,54,2,[10  1],74,109,111,35,100
1,<environment.Job instance at 0x1493eef5dc80>,55,2,[2 7],75,109,111,34,100
1,<environment.Job instance at 0x1493eef5da50>,56,18,[1 7],79,111,129,32,100
1,<environment.Job instance at 0x1493eef5db40>,57,3,[1 9],80,129,132,49,103
1,<environment.Job instance at 0x1493ef66fc80>,21,22,[8 2],28,111,133,83,104
1,<environment.Job instance at 0x1493ef1cab40>,59,2,[12  2],85,133,135,48,108
1,<environment.Job instance at 0x1493eef5d050>,58,3,[6 1],83,112,115,29,112
1,<environment.Job instance at 0x1493ef1d0a00>,62,2,[1 5],89,115,117,26,112
1,<environment.Job instance at 0x1493ef1d0f50>,63,2,[7 2],90,135,137,45,112
1,<environment.Job instance at 0x1493ef1d0190>,64,18,[1 7],91,132,150,41,121
1,<environment.Job instance at 0x1493ef1d91e0>,65,2,[2 7],93,137,139,44,121
1,<environment.Job instance at 0x1493ef1d9fa0>,66,2,[9 2],94,139,141,45,121
1,<environment.Job instance at 0x1493ef1d90a0>,67,15,[1 9],95,150,165,55,136
1,<environment.Job instance at 0x1493ef1d62d0>,68,1,[1 5],98,136,137,38,136
1,<environment.Job instance at 0x1493eef674b0>,69,1,[10  2],101,141,142,40,136
1,<environment.Job instance at 0x1493eef67500>,70,1,[8 1],102,137,138,35,136
1,<environment.Job instance at 0x1493eef675f0>,71,2,[1 6],103,139,141,36,136
1,<environment.Job instance at 0x1493eef675a0>,72,2,[2 6],106,141,143,35,136
1,<environment.Job instance at 0x1493eef678c0>,73,1,[8 1],107,138,139,31,136
1,<environment.Job instance at 0x1493eef67730>,74,2,[1 5],108,143,145,35,136
1,<environment.Job instance at 0x1493eef67a50>,75,17,[9 2],110,142,159,32,136
1,<environment.Job instance at 0x1493eef67820>,76,3,[2 8],111,165,168,54,139
1,<environment.Job instance at 0x1493eef67f50>,77,2,[10  2],113,159,161,46,139
1,<environment.Job instance at 0x1493eef67af0>,81,12,[1 7],121,165,177,44,148
1,<environment.Job instance at 0x1493eef6e190>,82,16,[1 7],122,168,184,46,155
1,<environment.Job instance at 0x1493eef6e050>,83,2,[9 1],123,161,163,38,155
1,<environment.Job instance at 0x1493eef6e4b0>,84,18,[2 5],124,177,195,53,166
1,<environment.Job instance at 0x1493eef6e550>,85,2,[1 5],125,184,186,59,166
1,<environment.Job instance at 0x1493eef6e690>,86,3,[2 5],127,184,187,57,166
1,<environment.Job instance at 0x1493eef6e730>,87,3,[8 1],128,168,171,40,166
1,<environment.Job instance at 0x1493eef6e3c0>,88,3,[1 6],129,187,190,58,166
1,<environment.Job instance at 0x1493eef80f50>,3,16,[1 9],6,6,22,0,6
1,<environment.Job instance at 0x1493eef6e640>,4,18,[1 5],7,15,33,8,15
1,<environment.Job instance at 0x1493fc4e18c0>,13,1,[1 8],24,24,25,0,24
1,<environment.Job instance at 0x1493fc4b48c0>,14,2,[2 5],26,28,30,2,28
1,<environment.Job instance at 0x1493fc4964b0>,16,1,[9 2],29,29,30,0,29
1,<environment.Job instance at 0x1493fc4b4460>,18,2,[7 2],31,31,33,0,31
1,<environment.Job instance at 0x1493fd015910>,19,3,[1 7],32,32,35,0,32
1,<environment.Job instance at 0x1493fd015960>,20,2,[2 8],33,33,35,0,33
1,<environment.Job instance at 0x1493fd01d0a0>,21,3,[1 5],34,35,38,1,34
1,<environment.Job instance at 0x1493fd10a500>,22,15,[1 5],35,35,50,0,35
1,<environment.Job instance at 0x1493fd10adc0>,23,3,[9 1],37,37,40,0,37
1,<environment.Job instance at 0x1493fc451960>,24,3,[2 7],38,38,41,0,38
1,<environment.Job instance at 0x1493fc4f3c30>,25,2,[ 2 10],40,41,43,1,40
1,<environment.Job instance at 0x1493fd01ea00>,29,12,[10  2],49,50,62,1,50
1,<environment.Job instance at 0x1493fc493be0>,31,1,[5 2],51,51,52,0,51
1,<environment.Job instance at 0x1493fc493af0>,32,1,[1 6],52,52,53,0,52
1,<environment.Job instance at 0x1493fc4482d0>,33,14,[12  1],53,62,76,9,53
1,<environment.Job instance at 0x1493fc448eb0>,34,17,[1 5],54,54,71,0,54
1,<environment.Job instance at 0x1493fc448230>,35,1,[1 8],55,56,57,1,56
1,<environment.Job instance at 0x1493fc3f4730>,37,3,[ 1 10],57,71,74,14,57
1,<environment.Job instance at 0x1493fc3f4320>,38,2,[5 1],59,76,78,17,60
1,<environment.Job instance at 0x1493fc3f4140>,39,12,[1 9],60,74,86,14,60
1,<environment.Job instance at 0x1493fd01b320>,41,1,[ 1 10],62,86,87,24,62
1,<environment.Job instance at 0x1493fd013230>,42,27,[5 2],63,76,103,13,74
1,<environment.Job instance at 0x1493fc4a14b0>,47,2,[ 2 10],70,87,89,17,74
1,<environment.Job instance at 0x1493fc4a1d20>,48,2,[2 5],71,89,91,18,75
1,<environment.Job instance at 0x1493fc7af5f0>,49,1,[1 5],72,89,90,17,80
1,<environment.Job instance at 0x1493fd010640>,51,12,[2 6],74,90,102,16,86
1,<environment.Job instance at 0x1493fd04a960>,52,3,[2 6],75,91,94,16,86
1,<environment.Job instance at 0x1493fc45da00>,53,18,[ 1 10],87,102,120,15,91
1,<environment.Job instance at 0x1493fc45d2d0>,54,26,[2 5],88,103,129,15,100
1,<environment.Job instance at 0x1493fc45d190>,55,3,[9 2],89,120,123,31,100
1,<environment.Job instance at 0x1493fc45d0a0>,56,1,[10  1],90,123,124,33,100
1,<environment.Job instance at 0x1493fc45dfa0>,57,2,[5 2],91,100,102,9,100
1,<environment.Job instance at 0x1493fc45dc30>,58,3,[6 1],93,124,127,31,100
1,<environment.Job instance at 0x1493fc45d9b0>,59,1,[8 2],94,102,103,8,100
1,<environment.Job instance at 0x1493fc45dd70>,60,25,[1 8],95,120,145,25,116
1,<environment.Job instance at 0x1493fc45d140>,61,26,[2 9],96,145,171,49,142
1,<environment.Job instance at 0x1493fc45d730>,62,15,[7 2],99,157,172,58,157
1,<environment.Job instance at 0x1493fc3f23c0>,63,13,[ 2 10],101,171,184,70,158
1,<environment.Job instance at 0x1493fc3f2730>,64,3,[1 6],102,184,187,82,158
1,<environment.Job instance at 0x1493fc3f2910>,65,2,[1 6],103,184,186,81,158
1,<environment.Job instance at 0x1493fc3f2780>,66,2,[1 7],104,186,188,82,159
1,<environment.Job instance at 0x1493fc3f2190>,67,22,[2 7],105,187,209,82,180
1,<environment.Job instance at 0x1493fc3f2aa0>,68,1,[5 1],107,180,181,73,180
1,<environment.Job instance at 0x1493fc3f24b0>,69,2,[2 8],108,188,190,80,180
1,<environment.Job instance at 0x1493fc3f2af0>,70,18,[2 8],109,190,208,81,180
1,<environment.Job instance at 0x1493fc3f2a00>,71,2,[9 2],110,181,183,71,180
1,<environment.Job instance at 0x1493fc3f2870>,72,2,[6 1],112,183,185,71,180
1,<environment.Job instance at 0x1493fc3f2e60>,73,1,[10  1],113,185,186,72,180
1,<environment.Job instance at 0x1493fc3f2d20>,74,2,[6 1],114,183,185,69,180
1,<environment.Job instance at 0x1493fc3f2dc0>,75,13,[2 9],115,209,222,94,193
1,<environment.Job instance at 0x1493fc4b95f0>,76,3,[9 1],119,208,211,89,193
1,<environment.Job instance at 0x1493fc4b9280>,77,3,[1 7],120,222,225,102,196
1,<environment.Job instance at 0x1493fc4b9870>,78,3,[10  1],121,211,214,90,197
1,<environment.Job instance at 0x1493fc4b92d0>,79,2,[1 5],122,208,210,86,197
1,<environment.Job instance at 0x1493fc4b9320>,80,15,[ 1 10],125,225,240,100,211
1,<environment.Job instance at 0x1493fc4b9e10>,81,16,[7 1],128,214,230,86,211
1,<environment.Job instance at 0x1493fc4b9690>,82,1,[7 1],129,222,223,93,211
1,<environment.Job instance at 0x1493ee8e2cd0>,5,3,[1 8],7,7,10,0,7
1,<environment.Job instance at 0x1493ee7df190>,10,2,[1 9],15,15,17,0,15
1,<environment.Job instance at 0x1493ee7df820>,11,17,[1 7],16,17,34,1,16
1,<environment.Job instance at 0x1493ee7df870>,9,1,[1 5],14,16,17,2,16
1,<environment.Job instance at 0x1493ee7e6280>,18,14,[ 1 10],26,34,48,8,26
1,<environment.Job instance at 0x1493ee839e10>,26,27,[5 1],34,35,62,1,35
1,<environment.Job instance at 0x1493ee839e60>,28,17,[1 9],36,48,65,12,36
1,<environment.Job instance at 0x1493ee8395a0>,29,2,[5 1],37,38,40,1,38
1,<environment.Job instance at 0x1493ee839af0>,30,1,[6 1],39,40,41,1,39
1,<environment.Job instance at 0x1493ee839320>,31,1,[8 1],41,41,42,0,41
1,<environment.Job instance at 0x1493ee8156e0>,35,1,[6 2],48,48,49,0,48
1,<environment.Job instance at 0x1493ee9bbcd0>,36,15,[2 7],49,65,80,16,51
1,<environment.Job instance at 0x1493ee9bb280>,37,2,[2 8],50,65,67,15,51
1,<environment.Job instance at 0x1493ee815140>,33,18,[6 2],43,67,85,24,58
1,<environment.Job instance at 0x1493ee9bb870>,38,12,[1 9],51,80,92,29,63
1,<environment.Job instance at 0x1493f2ab51e0>,40,2,[6 2],53,68,70,15,68
1,<environment.Job instance at 0x1493f2603550>,41,3,[8 2],54,80,83,26,72
1,<environment.Job instance at 0x1493ee8fde60>,42,1,[6 2],56,72,73,16,72
1,<environment.Job instance at 0x1493ee8fd050>,43,2,[1 6],58,73,75,15,72
1,<environment.Job instance at 0x1493ee8fdc30>,44,15,[6 1],59,83,98,24,72
1,<environment.Job instance at 0x1493f1926c80>,45,2,[ 1 10],61,92,94,31,72
1,<environment.Job instance at 0x1493fc038140>,46,2,[6 1],62,75,77,13,72
1,<environment.Job instance at 0x1493f1926280>,47,2,[10  2],63,98,100,35,72
1,<environment.Job instance at 0x1493fc0386e0>,48,3,[2 6],64,77,80,13,72
1,<environment.Job instance at 0x1493fc038370>,49,2,[7 2],66,85,87,19,72
1,<environment.Job instance at 0x1493fc0385a0>,50,1,[9 1],68,94,95,26,72
1,<environment.Job instance at 0x1493ee8fa0a0>,51,3,[1 9],69,95,98,26,72
1,<environment.Job instance at 0x1493ee8faeb0>,52,26,[1 7],70,98,124,28,95
1,<environment.Job instance at 0x1493ee8fa050>,53,2,[6 2],71,95,97,24,95
1,<environment.Job instance at 0x1493f26384b0>,54,2,[2 6],74,98,100,24,95
1,<environment.Job instance at 0x1493ee822e60>,55,1,[1 7],75,100,101,25,95
1,<environment.Job instance at 0x1493ee822820>,56,2,[10  2],76,101,103,25,95
1,<environment.Job instance at 0x1493ee8226e0>,57,2,[6 2],77,103,105,26,95
1,<environment.Job instance at 0x1493ee822be0>,58,2,[10  1],78,105,107,27,95
1,<environment.Job instance at 0x1493ee822960>,59,1,[7 2],79,97,98,18,95
1,<environment.Job instance at 0x1493ee8229b0>,60,3,[6 2],80,107,110,27,95
1,<environment.Job instance at 0x1493ee822e10>,61,3,[1 9],81,124,127,43,98
1,<environment.Job instance at 0x1493ee822550>,62,3,[13  2],82,110,113,28,98
1,<environment.Job instance at 0x1493ee822aa0>,63,2,[8 1],83,103,105,20,98
1,<environment.Job instance at 0x1493ee822b90>,64,14,[ 2 10],84,127,141,43,112
1,<environment.Job instance at 0x1493ee8225a0>,65,14,[6 1],85,113,127,28,112
1,<environment.Job instance at 0x1493ee822320>,66,1,[8 2],86,113,114,27,112
1,<environment.Job instance at 0x1493ee8220a0>,69,25,[2 6],91,141,166,50,137
1,<environment.Job instance at 0x1493ee8221e0>,70,2,[2 8],92,141,143,49,137
1,<environment.Job instance at 0x1493ee822460>,71,2,[1 5],93,137,139,44,137
1,<environment.Job instance at 0x1493ee822c80>,72,3,[10  2],94,143,146,49,137
1,<environment.Job instance at 0x1493ee9b86e0>,73,3,[2 5],96,143,146,47,137
1,<environment.Job instance at 0x1493ee9b8d20>,74,3,[2 5],99,146,149,47,137
1,<environment.Job instance at 0x1493ee9b8690>,75,17,[1 7],102,149,166,47,137
1,<environment.Job instance at 0x1493ee9b8550>,76,1,[1 5],106,139,140,33,137
1,<environment.Job instance at 0x1493ee9b85a0>,77,2,[5 1],109,140,142,31,137
1,<environment.Job instance at 0x1493ee9b8640>,78,1,[1 7],110,166,167,56,138
1,<environment.Job instance at 0x1493ee9b8b90>,79,12,[6 1],111,146,158,35,138
1,<environment.Job instance at 0x1493ee9b8960>,80,12,[1 8],112,166,178,54,149
1,<environment.Job instance at 0x1493ee7e9050>,81,3,[1 6],114,167,170,53,149
1,<environment.Job instance at 0x1493ee7e97d0>,82,1,[ 1 13],115,178,179,63,150
1,<environment.Job instance at 0x1493ee7e9690>,83,2,[1 5],116,170,172,54,150
1,<environment.Job instance at 0x1493ee7e9d70>,84,16,[1 7],117,179,195,62,166
1,<environment.Job instance at 0x1493ee7e9640>,85,2,[10  1],118,167,169,49,166
1,<environment.Job instance at 0x1493ee7e9f50>,86,1,[12  2],120,170,171,50,166
1,<environment.Job instance at 0x1493ee7e92d0>,87,3,[2 5],122,172,175,50,166
1,<environment.Job instance at 0x1493ee7e9550>,88,3,[1 7],123,175,178,52,166
1,<environment.Job instance at 0x1493ee7e9960>,89,3,[5 1],124,171,174,47,166
1,<environment.Job instance at 0x1493ee7e91e0>,90,1,[8 1],125,169,170,44,166
1,<environment.Job instance at 0x1493ee7e9aa0>,91,1,[9 1],126,174,175,48,166
1,<environment.Job instance at 0x1493ee82d410>,92,18,[1 8],127,179,197,52,168
1,<environment.Job instance at 0x149444c355a0>,1,1,[6 1],2,2,3,0,2
1,<environment.Job instance at 0x1493ee82d690>,2,1,[8 1],3,4,5,1,4
1,<environment.Job instance at 0x1493ee802fa0>,3,22,[1 7],4,7,29,3,7
1,<environment.Job instance at 0x1493fc0d8b40>,16,3,[5 1],27,27,30,0,27
1,<environment.Job instance at 0x1493f2ae30f0>,11,3,[7 2],20,29,32,9,29
1,<environment.Job instance at 0x1493fc0d80a0>,18,1,[1 7],30,31,32,1,31
1,<environment.Job instance at 0x1493fc0d8320>,20,2,[9 2],32,35,37,3,35
1,<environment.Job instance at 0x1493f2aeb1e0>,23,3,[1 7],36,36,39,0,36
1,<environment.Job instance at 0x1493f18a7c80>,24,18,[1 8],37,37,55,0,37
1,<environment.Job instance at 0x1493f18a74b0>,25,2,[8 2],39,40,42,1,40
1,<environment.Job instance at 0x1493f18a7500>,27,1,[7 2],41,42,43,1,41
1,<environment.Job instance at 0x1493f18a7f50>,28,15,[7 2],42,42,57,0,42
1,<environment.Job instance at 0x1493ee87e820>,22,15,[2 6],35,55,70,20,42
1,<environment.Job instance at 0x1493f18a7730>,26,15,[10  2],40,57,72,17,44
1,<environment.Job instance at 0x1493fd0ae4b0>,29,1,[13  1],43,72,73,29,65
1,<environment.Job instance at 0x1493fc0f5280>,33,14,[ 1 10],49,70,84,21,65
1,<environment.Job instance at 0x1493fc0f5780>,30,22,[7 2],45,73,95,28,66
1,<environment.Job instance at 0x1493fc0f55f0>,34,2,[2 8],53,84,86,31,78
1,<environment.Job instance at 0x1493f26d7e10>,47,1,[9 2],68,95,96,27,80
1,<environment.Job instance at 0x1493fd1cde60>,48,2,[ 1 10],69,86,88,17,80
1,<environment.Job instance at 0x1493f2accaa0>,49,3,[2 7],70,88,91,18,80
1,<environment.Job instance at 0x1493f27bdb90>,50,26,[10  1],71,96,122,25,93
1,<environment.Job instance at 0x1493f27bdfa0>,51,3,[ 2 12],72,93,96,21,93
1,<environment.Job instance at 0x1493f1a3ce10>,53,3,[6 2],75,122,125,47,97
1,<environment.Job instance at 0x1493fc10bc30>,54,2,[1 6],77,97,99,20,97
1,<environment.Job instance at 0x1493f277e0a0>,55,1,[12  1],78,125,126,47,97
1,<environment.Job instance at 0x1493f27f9140>,56,18,[2 8],79,97,115,18,97
1,<environment.Job instance at 0x1493ef6a40a0>,57,1,[7 1],83,122,123,39,97
1,<environment.Job instance at 0x1493f2ab5230>,58,2,[2 5],84,99,101,15,97
1,<environment.Job instance at 0x1493f1c640f0>,59,1,[5 2],85,115,116,30,97
1,<environment.Job instance at 0x1493f0e20820>,61,1,[2 5],87,101,102,14,98
1,<environment.Job instance at 0x1493f1d4db40>,63,1,[1 5],89,110,111,21,110
1,<environment.Job instance at 0x1493f1d4d9b0>,64,1,[8 1],92,123,124,31,110
1,<environment.Job instance at 0x1493ee81dbe0>,65,2,[7 1],93,126,128,33,110
1,<environment.Job instance at 0x1493f27fb690>,66,2,[2 7],94,116,118,22,110
1,<environment.Job instance at 0x1493f27fba00>,67,1,[5 2],95,118,119,23,110
1,<environment.Job instance at 0x1493eea967d0>,68,1,[1 5],98,111,112,13,110
1,<environment.Job instance at 0x1493eea961e0>,69,2,[6 1],99,126,128,27,111
1,<environment.Job instance at 0x1493eea17780>,70,18,[10  2],100,128,146,28,120
1,<environment.Job instance at 0x1493eea96dc0>,71,2,[2 6],101,120,122,19,120
1,<environment.Job instance at 0x1493eea963c0>,72,1,[7 1],102,146,147,44,125
1,<environment.Job instance at 0x1493eea964b0>,73,13,[1 8],103,125,138,22,125
1,<environment.Job instance at 0x1493eea96e10>,74,3,[ 2 10],104,138,141,34,125
1,<environment.Job instance at 0x1493f18a75f0>,31,1,[2 7],46,141,142,95,125
1,<environment.Job instance at 0x1493f27930f0>,75,1,[1 7],105,142,143,37,125
1,<environment.Job instance at 0x1493fc1206e0>,78,1,[2 9],112,143,144,31,125
1,<environment.Job instance at 0x1493fc3f4140>,79,2,[ 2 10],115,144,146,29,125
1,<environment.Job instance at 0x1493f2a848c0>,80,2,[7 1],116,146,148,30,126
1,<environment.Job instance at 0x1493f2a846e0>,81,3,[1 5],117,126,129,9,126
1,<environment.Job instance at 0x1493f2a845a0>,82,2,[5 2],118,147,149,29,126
1,<environment.Job instance at 0x1493fd17a280>,83,1,[10  2],119,148,149,29,127
1,<environment.Job instance at 0x1493f2a849b0>,84,1,[10  1],120,149,150,29,127
1,<environment.Job instance at 0x1493fc7b1230>,86,1,[8 2],123,150,151,27,136
1,<environment.Job instance at 0x1493fc7b1eb0>,87,2,[2 9],124,149,151,25,136
1,<environment.Job instance at 0x1493ef67f820>,88,3,[9 2],126,151,154,25,136
1,<environment.Job instance at 0x1493f1cf7870>,89,14,[9 2],128,154,168,26,142
1,<environment.Job instance at 0x1493f1cf72d0>,90,1,[1 5],129,142,143,13,142
1,<environment.Job instance at 0x1493ef1d9fa0>,2,2,[10  1],6,11,13,5,11
1,<environment.Job instance at 0x1493f18f8eb0>,6,17,[1 6],13,13,30,0,13
1,<environment.Job instance at 0x1493ef63c500>,13,2,[1 6],22,22,24,0,22
1,<environment.Job instance at 0x1493ef63c140>,14,2,[1 6],23,24,26,1,23
1,<environment.Job instance at 0x1493ef63c5f0>,15,3,[6 2],24,24,27,0,24
1,<environment.Job instance at 0x1493f1cd2b90>,16,1,[10  1],26,27,28,1,26
1,<environment.Job instance at 0x1493f1cd2690>,17,3,[6 2],27,28,31,1,27
1,<environment.Job instance at 0x1493f1cd27d0>,18,1,[2 8],28,30,31,2,28
1,<environment.Job instance at 0x1493f1cd2e10>,19,1,[6 1],30,30,31,0,30
1,<environment.Job instance at 0x1493f1cd2820>,20,1,[10  2],31,31,32,0,31
1,<environment.Job instance at 0x1493f1cd2550>,21,3,[7 1],33,33,36,0,33
1,<environment.Job instance at 0x1493f1cd2190>,22,3,[2 7],35,35,38,0,35
1,<environment.Job instance at 0x1493fc3ac870>,23,1,[8 1],36,36,37,0,36
1,<environment.Job instance at 0x1493f1ce70a0>,25,12,[1 5],42,42,54,0,42
1,<environment.Job instance at 0x1493f18f8dc0>,5,14,[10  1],11,42,56,31,42
1,<environment.Job instance at 0x1493f1ce7cd0>,26,3,[2 7],43,44,47,1,44
1,<environment.Job instance at 0x1493fc3aaaf0>,28,2,[1 9],46,47,49,1,46
1,<environment.Job instance at 0x1493fc3aac80>,29,1,[1 8],47,49,50,2,47
1,<environment.Job instance at 0x1493f25ef0a0>,30,3,[ 1 10],48,54,57,6,48
1,<environment.Job instance at 0x1493f25ef910>,31,2,[1 5],49,50,52,1,49
1,<environment.Job instance at 0x1493f25ef460>,32,17,[2 5],53,56,73,3,53
1,<environment.Job instance at 0x1493fc3aa500>,27,18,[2 8],44,57,75,13,53
1,<environment.Job instance at 0x1493ef6a3a50>,37,2,[2 5],62,73,75,11,62
1,<environment.Job instance at 0x1493ef6a3eb0>,38,16,[ 2 10],63,75,91,12,63
1,<environment.Job instance at 0x1493ef6a3e60>,39,1,[1 9],66,91,92,25,66
1,<environment.Job instance at 0x1493ef6a3f00>,40,18,[7 1],67,67,85,0,67
1,<environment.Job instance at 0x1493f25efa50>,36,2,[2 6],60,91,93,31,67
1,<environment.Job instance at 0x1493ef69f550>,42,3,[8 1],70,85,88,15,70
1,<environment.Job instance at 0x1493ef69fa00>,44,13,[1 9],74,92,105,18,76
1,<environment.Job instance at 0x1493ef69f870>,46,1,[1 9],77,105,106,28,77
1,<environment.Job instance at 0x1493ef69faf0>,47,3,[ 1 10],78,106,109,28,80
1,<environment.Job instance at 0x1493ef6844b0>,53,12,[13  2],86,1039,1051,953,1039
1,<environment.Job instance at 0x1493ef6845f0>,54,2,[1 9],89,1039,1041,950,1039
1,<environment.Job instance at 0x1493ef6849b0>,55,3,[1 7],91,1041,1044,950,1039
1,<environment.Job instance at 0x1493ef684c30>,56,15,[ 1 10],92,1044,1059,952,1039
1,<environment.Job instance at 0x1493ef67e640>,63,20,[5 1],101,1051,1071,950,1042
1,<environment.Job instance at 0x1493ef67e320>,62,3,[2 6],100,1059,1062,959,1055
1,<environment.Job instance at 0x1493fc0572d0>,70,1,[ 2 10],112,1062,1063,950,1055
1,<environment.Job instance at 0x1493fc0573c0>,71,2,[5 2],115,1055,1057,940,1055
1,<environment.Job instance at 0x1493fc057230>,72,14,[ 1 10],116,1063,1077,947,1055
1,<environment.Job instance at 0x1493fc057730>,73,2,[7 1],117,1057,1059,940,1055
1,<environment.Job instance at 0x1493fc057b90>,74,3,[1 8],119,1059,1062,940,1055
1,<environment.Job instance at 0x1493fc057dc0>,75,1,[6 1],120,1062,1063,942,1055
1,<environment.Job instance at 0x1493fc057410>,76,2,[2 9],122,1077,1079,955,1055
1,<environment.Job instance at 0x1493fc057780>,77,16,[1 8],123,1079,1095,956,1067
1,<environment.Job instance at 0x1493fc057cd0>,78,1,[2 9],124,1095,1096,971,1067
1,<environment.Job instance at 0x1493fc057640>,69,1,[6 2],110,1070,1071,960,1070
1,<environment.Job instance at 0x1493fc0577d0>,81,14,[1 9],128,1096,1110,968,1081
1,<environment.Job instance at 0x1493fc0570a0>,82,15,[1 5],129,1081,1096,952,1081
1,<environment.Job instance at 0x1493ee9bbe10>,2,1,[6 2],4,5,6,1,5
1,<environment.Job instance at 0x1493fd1415a0>,5,1,[1 9],9,9,10,0,9
1,<environment.Job instance at 0x1493fd141a50>,6,1,[2 9],10,10,11,0,10
1,<environment.Job instance at 0x1493f2b419b0>,7,1,[2 9],11,11,12,0,11
1,<environment.Job instance at 0x1493f2b41370>,8,14,[1 6],14,14,28,0,14
1,<environment.Job instance at 0x1493f2b412d0>,11,2,[1 9],17,17,19,0,17
1,<environment.Job instance at 0x1493f2b41320>,12,16,[2 5],18,19,35,1,18
1,<environment.Job instance at 0x1493fc398820>,16,1,[2 7],26,28,29,2,26
1,<environment.Job instance at 0x1493fc398af0>,17,2,[1 6],27,29,31,2,27
1,<environment.Job instance at 0x1493fc3986e0>,19,2,[7 1],30,31,33,1,31
1,<environment.Job instance at 0x1493fd1882d0>,3,14,[1 5],8,8,22,0,8
1,<environment.Job instance at 0x1493f1962500>,8,1,[6 1],18,25,26,7,25
1,<environment.Job instance at 0x1493f282d690>,15,2,[5 2],27,27,29,0,27
1,<environment.Job instance at 0x1493f282d7d0>,16,13,[ 2 12],30,30,43,0,30
1,<environment.Job instance at 0x1493f2834640>,19,18,[9 1],35,35,53,0,35
1,<environment.Job instance at 0x1493f1950a50>,20,2,[5 2],36,43,45,7,36
1,<environment.Job instance at 0x1493eea36aa0>,21,2,[10  2],37,53,55,16,37
1,<environment.Job instance at 0x1493eea361e0>,22,2,[ 2 14],38,45,47,7,38
1,<environment.Job instance at 0x1493eea36c80>,24,1,[ 2 10],42,47,48,5,42
1,<environment.Job instance at 0x1493eea36af0>,26,16,[7 1],45,55,71,10,45
1,<environment.Job instance at 0x1493eea36140>,28,12,[5 1],47,63,75,16,63
1,<environment.Job instance at 0x149444ad9690>,34,3,[6 2],54,71,74,17,63
1,<environment.Job instance at 0x149444ad9eb0>,35,1,[9 2],55,74,75,19,63
1,<environment.Job instance at 0x149444ad9e10>,37,1,[ 1 10],58,63,64,5,63
1,<environment.Job instance at 0x149444ad9780>,38,1,[8 2],60,75,76,15,63
1,<environment.Job instance at 0x1493eece8820>,39,2,[2 7],61,64,66,3,63
1,<environment.Job instance at 0x1493eece8780>,40,12,[2 7],63,75,87,12,63
1,<environment.Job instance at 0x1493fc0b6870>,41,20,[ 2 10],64,87,107,23,78
1,<environment.Job instance at 0x1493fc0b60a0>,42,15,[2 9],65,107,122,42,93
1,<environment.Job instance at 0x1493fc0b6fa0>,43,12,[1 5],66,93,105,27,93
1,<environment.Job instance at 0x1493fd1cff50>,45,15,[7 2],68,119,134,51,119
1,<environment.Job instance at 0x1493fd1cf410>,50,2,[2 5],78,122,124,44,119
1,<environment.Job instance at 0x1493fd1cf0f0>,51,3,[2 8],79,122,125,43,119
1,<environment.Job instance at 0x1493fd1cf5a0>,52,2,[1 9],81,125,127,44,119
1,<environment.Job instance at 0x1493fd1cfd20>,53,1,[14  2],82,139,140,57,139
1,<environment.Job instance at 0x1493fd1cf870>,56,2,[7 1],86,140,142,54,139
1,<environment.Job instance at 0x1493fd1cfeb0>,57,2,[7 1],89,140,142,51,139
1,<environment.Job instance at 0x1493fd1cfd70>,58,17,[8 1],92,142,159,50,140
1,<environment.Job instance at 0x1493fd1cffa0>,59,1,[6 1],93,155,156,62,155
1,<environment.Job instance at 0x1493fd1cfc80>,60,1,[7 2],94,156,157,62,155
1,<environment.Job instance at 0x1493f1a1d050>,61,2,[ 1 10],95,157,159,62,155
1,<environment.Job instance at 0x1493f1a1d230>,63,1,[2 6],97,838,839,741,838
1,<environment.Job instance at 0x1493f1a1d5a0>,64,3,[1 7],98,838,841,740,838
1,<environment.Job instance at 0x1493f282d5f0>,13,2,[ 1 10],25,841,843,816,838
1,<environment.Job instance at 0x1493f1a1d0f0>,66,2,[2 8],102,839,841,737,838
1,<environment.Job instance at 0x1493f1a1d460>,67,1,[5 2],105,838,839,733,838
1,<environment.Job instance at 0x1493f1a1db40>,65,1,[8 2],100,841,842,741,838
1,<environment.Job instance at 0x1493f1a1d820>,69,2,[10  2],111,842,844,731,838
1,<environment.Job instance at 0x1493f1a1dd70>,70,1,[1 8],112,843,844,731,838
1,<environment.Job instance at 0x1493f1a1d8c0>,68,18,[1 9],110,844,862,734,838
1,<environment.Job instance at 0x1493f1a1d640>,72,3,[2 7],115,862,865,747,838
1,<environment.Job instance at 0x1493f1a1d5f0>,73,2,[ 2 10],116,865,867,749,838
1,<environment.Job instance at 0x1493f1a1da00>,74,18,[8 1],118,844,862,726,838
1,<environment.Job instance at 0x1493fd1cfb90>,55,3,[ 2 13],84,867,870,783,855
1,<environment.Job instance at 0x1493f1a1d6e0>,76,12,[1 5],120,855,867,735,855
1,<environment.Job instance at 0x1493f1a1de60>,71,1,[9 1],114,862,863,748,855
1,<environment.Job instance at 0x1493f1a1d550>,78,16,[ 2 10],123,870,886,747,857
1,<environment.Job instance at 0x1493f2a53af0>,80,2,[ 2 10],127,886,888,759,859
1,<environment.Job instance at 0x1493f2a532d0>,81,2,[1 5],128,870,872,742,859
1,<environment.Job instance at 0x1493f2a53050>,82,1,[10  2],129,863,864,734,859
1,<environment.Job instance at 0x1493f1a1d4b0>,77,2,[9 2],121,867,869,746,859
1,<environment.Job instance at 0x1493ee81e230>,1,2,[8 2],2,2,4,0,2
1,<environment.Job instance at 0x149440301550>,2,1,[8 2],3,4,5,1,3
1,<environment.Job instance at 0x1493f1a1d4b0>,3,15,[ 1 12],4,4,19,0,4
1,<environment.Job instance at 0x1493f1b0b0a0>,4,2,[1 7],5,19,21,14,5
1,<environment.Job instance at 0x1493f1b0bdc0>,6,18,[8 2],7,9,27,2,9
1,<environment.Job instance at 0x1493f2a530f0>,7,18,[1 9],8,21,39,13,10
1,<environment.Job instance at 0x1493f19d6690>,9,17,[1 9],11,39,56,28,27
1,<environment.Job instance at 0x1493fc7c7500>,12,2,[2 6],14,27,29,13,27
1,<environment.Job instance at 0x1493fc7c7140>,13,14,[2 5],15,29,43,14,27
1,<environment.Job instance at 0x1493f19be820>,11,23,[6 1],13,29,52,16,27
1,<environment.Job instance at 0x1493eeefbb90>,10,2,[2 5],12,43,45,31,27
1,<environment.Job instance at 0x1493fc7c7370>,17,2,[8 2],19,45,47,26,27
1,<environment.Job instance at 0x1493fc7c7460>,18,13,[1 8],21,56,69,35,40
1,<environment.Job instance at 0x1493f2b26dc0>,22,1,[8 2],26,47,48,21,40
1,<environment.Job instance at 0x1493eee19e10>,23,3,[1 8],30,69,72,39,43
1,<environment.Job instance at 0x1493ee9dd730>,24,1,[2 6],33,52,53,19,43
1,<environment.Job instance at 0x1493ee9ffaa0>,25,1,[2 7],35,56,57,21,43
1,<environment.Job instance at 0x1493ee947820>,26,1,[7 1],36,48,49,12,43
1,<environment.Job instance at 0x1493fc7c7690>,16,3,[11  1],18,53,56,35,43
1,<environment.Job instance at 0x1493ee9ddeb0>,27,3,[6 2],38,49,52,11,43
1,<environment.Job instance at 0x1493eee371e0>,21,1,[1 8],25,72,73,47,45
1,<environment.Job instance at 0x1493fd17a960>,28,2,[2 6],40,57,59,17,46
1,<environment.Job instance at 0x1493ee79e640>,31,2,[10  2],43,59,61,16,46
1,<environment.Job instance at 0x1493ee7cffa0>,33,2,[ 1 10],46,73,75,27,46
1,<environment.Job instance at 0x1493ee7cff50>,32,3,[10  1],44,61,64,17,47
1,<environment.Job instance at 0x1493ee7cf960>,34,3,[2 6],47,61,64,14,49
1,<environment.Job instance at 0x1493ee7cfe60>,35,2,[1 9],48,75,77,27,49
1,<environment.Job instance at 0x1493ee7cfa00>,36,3,[2 8],49,77,80,28,51
1,<environment.Job instance at 0x1493ef5fed70>,39,3,[8 1],53,64,67,11,53
1,<environment.Job instance at 0x1493ef5fe190>,40,2,[2 6],54,64,66,10,54
1,<environment.Job instance at 0x1493ef5feb90>,41,18,[10  1],56,67,85,11,56
1,<environment.Job instance at 0x1493ee7cf640>,38,2,[2 8],52,80,82,28,56
1,<environment.Job instance at 0x1493f1b17230>,42,3,[7 1],57,85,88,28,59
1,<environment.Job instance at 0x1493fc10b690>,43,2,[2 9],59,82,84,23,60
1,<environment.Job instance at 0x1493fc10b910>,44,2,[5 1],60,84,86,24,60
1,<environment.Job instance at 0x1493eea17af0>,45,3,[ 2 12],61,85,88,24,61
1,<environment.Job instance at 0x1493eea17370>,46,2,[1 5],62,66,68,4,62
1,<environment.Job instance at 0x1493fc120b40>,51,1,[2 9],71,88,89,17,71
1,<environment.Job instance at 0x1493f2699c80>,52,2,[ 2 10],72,89,91,17,72
1,<environment.Job instance at 0x1493f2699690>,53,3,[2 9],73,91,94,18,73
1,<environment.Job instance at 0x1493eea17f00>,47,16,[7 1],64,88,104,24,75
1,<environment.Job instance at 0x1493fc401550>,56,14,[2 9],77,94,108,17,79
1,<environment.Job instance at 0x1493fc401910>,58,1,[2 6],79,79,80,0,79
1,<environment.Job instance at 0x1493eea95e60>,57,2,[8 1],78,104,106,26,79
1,<environment.Job instance at 0x1493ee87bdc0>,59,1,[9 2],80,106,107,26,80
1,<environment.Job instance at 0x1493ee87bb90>,60,2,[ 1 10],81,108,110,27,81
1,<environment.Job instance at 0x1493ee87ba50>,61,3,[10  2],82,107,110,25,83
1,<environment.Job instance at 0x1493eea17500>,48,3,[ 2 10],65,110,113,45,84
1,<environment.Job instance at 0x1493ef738c30>,68,12,[1 6],93,113,125,20,107
1,<environment.Job instance at 0x1493ef7384b0>,69,12,[7 2],94,128,140,34,128
1,<environment.Job instance at 0x1493ee8423c0>,78,22,[6 2],104,128,150,24,128
1,<environment.Job instance at 0x1493ee842af0>,79,3,[ 1 10],105,128,131,23,128
1,<environment.Job instance at 0x1493ee8425a0>,80,15,[ 1 10],106,131,146,25,128
1,<environment.Job instance at 0x1493ee842910>,81,2,[2 9],107,146,148,39,128
1,<environment.Job instance at 0x1493ee842aa0>,82,1,[12  2],108,150,151,42,129
1,<environment.Job instance at 0x1493ee842370>,83,2,[1 6],109,148,150,39,129
1,<environment.Job instance at 0x1493ee842d70>,85,3,[6 2],112,140,143,28,129
1,<environment.Job instance at 0x1493ee842190>,86,1,[2 9],113,150,151,37,129
1,<environment.Job instance at 0x1493ee842730>,87,2,[8 2],116,143,145,27,129
1,<environment.Job instance at 0x1493ee8429b0>,88,1,[1 5],119,148,149,29,129
1,<environment.Job instance at 0x1493ee842d20>,89,2,[6 2],120,145,147,25,129
1,<environment.Job instance at 0x1493ee7a8c30>,90,2,[5 1],122,147,149,25,129
1,<environment.Job instance at 0x1493ef738e10>,65,3,[8 2],90,151,154,61,141
1,<environment.Job instance at 0x1493eea52f00>,2,2,[6 2],3,5,7,2,5
1,<environment.Job instance at 0x1493eea52b90>,5,15,[8 1],7,7,22,0,7
1,<environment.Job instance at 0x1493eea527d0>,6,12,[2 8],8,8,20,0,8
1,<environment.Job instance at 0x1493eea52370>,7,2,[10  2],9,22,24,13,10
1,<environment.Job instance at 0x1493fc5245a0>,10,3,[5 2],14,14,17,0,14
1,<environment.Job instance at 0x1493fc524a50>,11,2,[1 7],15,20,22,5,15
1,<environment.Job instance at 0x1493fc524d20>,12,3,[8 1],16,24,27,8,16
1,<environment.Job instance at 0x1493fc5240f0>,13,2,[2 5],19,19,21,0,19
1,<environment.Job instance at 0x1493eecdb5f0>,14,1,[10  2],20,27,28,7,20
1,<environment.Job instance at 0x1493f1cc76e0>,15,3,[2 8],21,22,25,1,21
1,<environment.Job instance at 0x1493eecdb9b0>,16,3,[6 1],22,28,31,6,22
1,<environment.Job instance at 0x1493ef6be960>,17,14,[2 9],23,25,39,2,23
1,<environment.Job instance at 0x1493eec23500>,18,16,[2 5],24,28,44,4,24
1,<environment.Job instance at 0x1493eea52d20>,8,3,[2 7],10,39,42,29,24
1,<environment.Job instance at 0x1493eeab4910>,19,1,[1 9],26,42,43,16,26
1,<environment.Job instance at 0x1493ef1b70a0>,20,3,[7 2],27,39,42,12,27
1,<environment.Job instance at 0x1493f2650280>,21,1,[1 7],28,43,44,15,28
1,<environment.Job instance at 0x1493eed11140>,22,1,[8 2],29,43,44,14,29
1,<environment.Job instance at 0x1493eeab4190>,23,3,[ 1 10],30,44,47,14,30
1,<environment.Job instance at 0x1493f283ba00>,24,3,[ 1 12],31,47,50,16,31
1,<environment.Job instance at 0x1493fd1764b0>,25,2,[10  1],32,32,34,0,32
1,<environment.Job instance at 0x1493f1a72320>,26,3,[2 5],33,44,47,11,33
1,<environment.Job instance at 0x1493f281de60>,27,3,[5 1],34,34,37,0,34
1,<environment.Job instance at 0x1493fd176050>,28,1,[9 2],38,47,48,9,38
1,<environment.Job instance at 0x1493fd017230>,29,15,[5 2],40,48,63,8,40
1,<environment.Job instance at 0x1493fd017870>,30,3,[7 1],42,48,51,6,42
1,<environment.Job instance at 0x1493fd017b40>,31,1,[9 2],43,51,52,8,43
1,<environment.Job instance at 0x1493fd017be0>,32,2,[ 1 11],45,50,52,5,45
1,<environment.Job instance at 0x1493fd0178c0>,33,2,[7 2],47,52,54,5,47
1,<environment.Job instance at 0x1493f1a6feb0>,34,17,[9 1],48,54,71,6,48
1,<environment.Job instance at 0x1493f1a6f1e0>,35,1,[7 2],49,71,72,22,49
1,<environment.Job instance at 0x1493f1a6f460>,36,1,[ 1 10],50,52,53,2,50
1,<environment.Job instance at 0x1493f1a6f8c0>,37,16,[ 2 10],51,63,79,12,51
1,<environment.Job instance at 0x1493ee85eb40>,38,3,[2 6],52,79,82,27,53
1,<environment.Job instance at 0x1493fea73dc0>,39,27,[1 5],55,72,99,17,70
1,<environment.Job instance at 0x1493fd05fe10>,42,14,[ 1 11],60,99,113,39,84
1,<environment.Job instance at 0x1493fc4d7dc0>,43,12,[2 9],62,84,96,22,84
1,<environment.Job instance at 0x1493fc4d76e0>,44,3,[2 6],63,96,99,33,84
1,<environment.Job instance at 0x1493fc4d7be0>,45,18,[9 1],65,84,102,19,84
1,<environment.Job instance at 0x1493fc4d7780>,46,3,[14  2],66,102,105,36,84
1,<environment.Job instance at 0x1493fc4d7140>,47,2,[8 2],68,105,107,37,84
1,<environment.Job instance at 0x1493fc4d7c80>,48,3,[9 2],69,107,110,38,84
1,<environment.Job instance at 0x1493fc4d70a0>,49,16,[1 7],70,113,129,43,100
1,<environment.Job instance at 0x1493fc4d7e10>,50,13,[5 1],71,105,118,34,105
1,<environment.Job instance at 0x1493fc4d7280>,51,12,[8 1],72,110,122,38,105
1,<environment.Job instance at 0x1493fc4d7960>,54,17,[1 7],75,118,135,43,106
1,<environment.Job instance at 0x1493fc4d70f0>,55,1,[8 1],76,122,123,46,106
1,<environment.Job instance at 0x1493fc4d7050>,56,1,[1 5],77,113,114,36,106
1,<environment.Job instance at 0x1493fc4d74b0>,57,1,[ 1 10],79,135,136,56,107
1,<environment.Job instance at 0x1493fc4d7550>,58,2,[6 1],82,123,125,41,107
1,<environment.Job instance at 0x1493ee85eeb0>,40,2,[2 5],57,129,131,72,107
1,<environment.Job instance at 0x1493fc4d7b40>,59,1,[8 1],83,125,126,42,107
1,<environment.Job instance at 0x1493fea755a0>,61,2,[5 2],85,129,131,44,107
1,<environment.Job instance at 0x1493fc4d7500>,60,1,[9 1],84,126,127,42,115
1,<environment.Job instance at 0x1493fea75690>,65,3,[1 9],90,136,139,46,115
1,<environment.Job instance at 0x1493fea75c80>,66,3,[1 6],94,115,118,21,115
1,<environment.Job instance at 0x1493fea75fa0>,67,3,[2 5],95,131,134,36,115
1,<environment.Job instance at 0x1493fea75730>,64,12,[2 8],89,139,151,50,122
1,<environment.Job instance at 0x1493fea75a50>,69,18,[1 9],97,151,169,54,140
1,<environment.Job instance at 0x1493fea75d20>,70,16,[2 9],98,169,185,71,156
1,<environment.Job instance at 0x1493fea759b0>,72,2,[2 7],101,185,187,84,158
1,<environment.Job instance at 0x1493fea75b40>,73,15,[10  2],103,158,173,55,158
1,<environment.Job instance at 0x1493fea75870>,74,2,[1 5],104,173,175,69,158
1,<environment.Job instance at 0x1493fea75280>,75,3,[9 1],105,173,176,68,158
1,<environment.Job instance at 0x1493ee84f780>,76,19,[2 5],106,175,194,69,165
1,<environment.Job instance at 0x1493ee84fe10>,77,3,[1 9],107,187,190,80,165
1,<environment.Job instance at 0x1493eef49370>,78,2,[9 2],108,185,187,77,165
1,<environment.Job instance at 0x1493eef49320>,79,3,[7 1],109,176,179,67,165
1,<environment.Job instance at 0x1493eef49140>,80,3,[2 7],110,190,193,80,165
1,<environment.Job instance at 0x1493eef49c80>,81,2,[9 2],111,190,192,79,165
1,<environment.Job instance at 0x1493eef49a00>,82,3,[ 1 14],112,194,197,82,168
1,<environment.Job instance at 0x1493eef49cd0>,83,1,[2 9],114,193,194,79,168
1,<environment.Job instance at 0x1493eef49f50>,84,1,[1 8],116,197,198,81,169
1,<environment.Job instance at 0x1493eef493c0>,85,14,[1 8],117,198,212,81,183
1,<environment.Job instance at 0x1493eef497d0>,86,2,[ 1 10],118,212,214,94,185
1,<environment.Job instance at 0x1493eef49be0>,87,3,[8 2],119,197,200,78,185
1,<environment.Job instance at 0x1493eef49280>,88,12,[6 2],121,197,209,76,185
1,<environment.Job instance at 0x1493f28328c0>,89,16,[1 5],122,200,216,78,187
1,<environment.Job instance at 0x1493f2832820>,90,2,[9 2],123,209,211,86,187
1,<environment.Job instance at 0x1493f2832190>,91,3,[1 5],124,214,217,90,188
1,<environment.Job instance at 0x1493f2832140>,92,2,[1 9],125,216,218,91,189
1,<environment.Job instance at 0x1493f2832dc0>,93,2,[10  2],126,214,216,88,189
1,<environment.Job instance at 0x1493f2832fa0>,94,2,[ 1 10],127,218,220,91,191
1,<environment.Job instance at 0x1493f0e25d70>,4,1,[5 2],7,7,8,0,7
1,<environment.Job instance at 0x1493f0e254b0>,5,27,[5 1],9,9,36,0,9
1,<environment.Job instance at 0x1493f0e25a50>,9,2,[1 9],16,21,23,5,21
1,<environment.Job instance at 0x1493fd1757d0>,14,1,[1 8],27,27,28,0,27
1,<environment.Job instance at 0x1493fd1752d0>,15,2,[9 1],28,28,30,0,28
1,<environment.Job instance at 0x1493fd175230>,16,2,[1 8],30,30,32,0,30
1,<environment.Job instance at 0x1493ee8367d0>,17,2,[9 1],31,31,33,0,31
1,<environment.Job instance at 0x1493f28234b0>,18,23,[2 9],33,33,56,0,33
1,<environment.Job instance at 0x1493f19aa140>,20,12,[1 7],35,56,68,21,54
1,<environment.Job instance at 0x1493f1d29f00>,21,24,[8 1],36,64,88,28,64
1,<environment.Job instance at 0x1493f1a736e0>,11,3,[1 9],18,92,95,74,92
1,<environment.Job instance at 0x1493f27ab550>,23,1,[1 6],38,92,93,54,92
1,<environment.Job instance at 0x1493f27ab4b0>,24,2,[2 6],39,93,95,54,92
1,<environment.Job instance at 0x1493f2a85eb0>,25,17,[10  2],40,95,112,55,92
1,<environment.Job instance at 0x1493f2a85c30>,26,2,[ 1 10],42,117,119,75,117
1,<environment.Job instance at 0x1493f27a4eb0>,27,2,[1 5],44,117,119,73,117
1,<environment.Job instance at 0x1493f27a4f50>,28,18,[6 2],47,119,137,72,117
1,<environment.Job instance at 0x1493f27a47d0>,29,14,[2 9],48,119,133,71,117
1,<environment.Job instance at 0x1493eebff460>,30,2,[1 6],49,133,135,84,128
1,<environment.Job instance at 0x1493fc13cc30>,31,3,[1 9],51,135,138,84,128
1,<environment.Job instance at 0x1493eebff140>,32,1,[10  1],52,137,138,85,128
1,<environment.Job instance at 0x1493eebff3c0>,33,3,[5 1],53,129,132,76,129
1,<environment.Job instance at 0x1493eebfff50>,34,2,[8 1],54,133,135,79,129
1,<environment.Job instance at 0x1493eebff870>,35,3,[ 2 10],55,138,141,83,129
1,<environment.Job instance at 0x1493eebffdc0>,36,1,[ 1 12],57,141,142,84,129
1,<environment.Job instance at 0x1493eece6e10>,37,1,[ 1 10],58,142,143,84,134
1,<environment.Job instance at 0x1493eece6a50>,38,18,[1 9],59,143,161,84,134
1,<environment.Job instance at 0x1493f262c5f0>,19,14,[ 1 13],34,161,175,127,148
1,<environment.Job instance at 0x1493eedcb730>,22,1,[6 2],37,148,149,111,148
1,<environment.Job instance at 0x1493ee1a30a0>,2,2,[2 5],3,151,153,148,151
1,<environment.Job instance at 0x1493eece6f00>,44,17,[2 7],68,175,192,107,163
1,<environment.Job instance at 0x1493f1c6ec80>,50,2,[2 8],75,175,177,100,163
1,<environment.Job instance at 0x1493ee978f50>,51,1,[6 1],76,167,168,91,167
1,<environment.Job instance at 0x1493ff3dbe10>,55,1,[5 2],81,169,170,88,169
1,<environment.Job instance at 0x1493ee9781e0>,57,15,[2 9],83,192,207,109,178
1,<environment.Job instance at 0x1493ee9783c0>,58,2,[2 6],84,178,180,94,178
1,<environment.Job instance at 0x1493ee978190>,59,1,[13  2],85,180,181,95,178
1,<environment.Job instance at 0x1493fc4f3f00>,60,3,[2 6],87,181,184,94,178
1,<environment.Job instance at 0x1493ef671550>,61,17,[14  2],88,207,224,119,203
1,<environment.Job instance at 0x1493f1a3cf00>,56,13,[1 9],82,207,220,125,203
1,<environment.Job instance at 0x1493ee7a9a50>,64,16,[1 7],91,220,236,129,207
1,<environment.Job instance at 0x1493ef671230>,65,3,[2 5],92,224,227,132,207
1,<environment.Job instance at 0x1494402e9230>,66,3,[1 7],94,227,230,133,207
1,<environment.Job instance at 0x1493f2a4dfa0>,67,2,[9 2],95,224,226,129,207
1,<environment.Job instance at 0x1493fd1614b0>,68,2,[7 1],96,226,228,130,207
1,<environment.Job instance at 0x1493fd161500>,69,1,[1 8],97,230,231,133,207
1,<environment.Job instance at 0x1493eea85460>,70,1,[8 1],98,228,229,130,207
1,<environment.Job instance at 0x1493fc1255a0>,63,1,[1 6],90,231,232,141,208
1,<environment.Job instance at 0x1493f281c820>,74,1,[ 2 10],103,236,237,133,208
1,<environment.Job instance at 0x1493f26d15a0>,76,2,[2 6],107,232,234,125,211
1,<environment.Job instance at 0x1493f281c870>,78,2,[6 2],109,231,233,122,227
1,<environment.Job instance at 0x1493f01edb40>,79,15,[7 1],110,233,248,123,227
1,<environment.Job instance at 0x1493f195fe60>,80,2,[2 7],111,234,236,123,234
1,<environment.Job instance at 0x1493f281c6e0>,81,1,[7 2],112,240,241,128,240
1,<environment.Job instance at 0x1493ee309a50>,82,1,[1 9],113,240,241,127,240
1,<environment.Job instance at 0x1493ee309dc0>,83,1,[1 8],114,241,242,127,240
1,<environment.Job instance at 0x1493ef714960>,84,16,[9 1],116,248,264,132,240
1,<environment.Job instance at 0x1493ee9ef820>,86,1,[6 2],118,254,255,136,254
1,<environment.Job instance at 0x1493f19c24b0>,88,20,[9 2],121,264,284,143,255
1,<environment.Job instance at 0x1493f2834780>,91,1,[1 8],126,267,268,141,267
1,<environment.Job instance at 0x1493eea9fb40>,0,1,[2 5],1,1,2,0,1
1,<environment.Job instance at 0x1493ee5d26e0>,3,1,[8 2],4,8,9,4,8
1,<environment.Job instance at 0x1493feac4730>,6,1,[9 2],11,11,12,0,11
1,<environment.Job instance at 0x1493feac4aa0>,7,2,[8 2],12,12,14,0,12
1,<environment.Job instance at 0x1493ee8dd460>,8,1,[6 2],13,13,14,0,13
1,<environment.Job instance at 0x1493feac43c0>,9,3,[ 2 10],15,15,18,0,15
1,<environment.Job instance at 0x1493ee8ddd70>,10,18,[ 2 11],16,18,36,2,16
1,<environment.Job instance at 0x1493ee8ddeb0>,17,1,[8 2],24,24,25,0,24
1,<environment.Job instance at 0x1493f1aea370>,18,2,[5 1],25,26,28,1,26
1,<environment.Job instance at 0x1493f2b266e0>,19,2,[6 1],26,26,28,0,26
1,<environment.Job instance at 0x1493f1d298c0>,22,18,[2 7],29,36,54,7,29
1,<environment.Job instance at 0x1493ef746a00>,25,1,[9 1],34,34,35,0,34
1,<environment.Job instance at 0x1493fc0dfb90>,23,3,[1 7],30,43,46,13,43
1,<environment.Job instance at 0x1493f1a2eaf0>,27,2,[2 8],40,46,48,6,43
1,<environment.Job instance at 0x1493f1c300a0>,30,2,[2 6],44,48,50,4,44
1,<environment.Job instance at 0x1493fc39e9b0>,31,1,[10  2],45,48,49,3,45
1,<environment.Job instance at 0x1493ee834b40>,33,17,[9 1],47,49,66,2,47
1,<environment.Job instance at 0x1493ee834320>,34,27,[5 1],48,54,81,6,52
1,<environment.Job instance at 0x1493f1d441e0>,37,27,[9 2],53,66,93,13,64
1,<environment.Job instance at 0x1493f1d6cbe0>,41,18,[1 6],60,64,82,4,64
1,<environment.Job instance at 0x1493f1d6c3c0>,44,1,[2 9],64,82,83,18,66
1,<environment.Job instance at 0x1493f2780730>,46,3,[ 1 12],69,83,86,14,69
1,<environment.Job instance at 0x1493ff381410>,45,1,[7 2],66,93,94,27,81
1,<environment.Job instance at 0x1493f2780af0>,48,1,[1 8],75,86,87,11,81
1,<environment.Job instance at 0x1493ee937230>,50,18,[9 2],78,94,112,16,86
1,<environment.Job instance at 0x1493ee9377d0>,51,1,[2 5],79,86,87,7,86
1,<environment.Job instance at 0x1493ee937280>,52,22,[9 2],80,112,134,32,105
1,<environment.Job instance at 0x1493ee937730>,53,20,[9 1],85,134,154,49,125
1,<environment.Job instance at 0x1493ee937410>,55,1,[2 9],88,125,126,37,125
1,<environment.Job instance at 0x1493ee937c30>,56,1,[1 7],89,126,127,37,125
1,<environment.Job instance at 0x1493ee937690>,57,18,[2 6],90,126,144,36,125
1,<environment.Job instance at 0x1493ee937370>,59,2,[2 5],93,127,129,34,126
1,<environment.Job instance at 0x1493ee9379b0>,60,3,[2 6],94,129,132,35,126
1,<environment.Job instance at 0x1493ee9375a0>,61,15,[1 6],96,132,147,36,126
1,<environment.Job instance at 0x1493ee937140>,63,2,[2 7],98,144,146,46,126
1,<environment.Job instance at 0x1493ee937af0>,64,2,[2 8],100,146,148,46,126
1,<environment.Job instance at 0x1493ee9374b0>,66,3,[1 6],103,147,150,44,126
1,<environment.Job instance at 0x1493ee937c80>,67,1,[2 6],104,148,149,44,126
1,<environment.Job instance at 0x1493ee937fa0>,68,2,[ 2 10],105,150,152,45,126
1,<environment.Job instance at 0x1493f1d44e10>,39,2,[2 9],56,152,154,96,132
1,<environment.Job instance at 0x1493f1bbbbe0>,71,3,[ 2 10],109,154,157,45,132
1,<environment.Job instance at 0x1493f1bbb140>,73,1,[9 1],111,154,155,43,132
1,<environment.Job instance at 0x1493f1bbb190>,74,1,[2 7],113,149,150,36,132
1,<environment.Job instance at 0x1493f1bbb320>,75,2,[8 1],114,155,157,41,132
1,<environment.Job instance at 0x1493f1bbbe10>,76,3,[9 2],115,157,160,42,132
1,<environment.Job instance at 0x1493f1bbb0a0>,77,17,[ 2 10],116,157,174,41,145
1,<environment.Job instance at 0x1493f1bbb4b0>,79,1,[2 9],119,174,175,55,148
1,<environment.Job instance at 0x1493f1bbbf50>,80,3,[ 1 10],120,175,178,55,149
1,<environment.Job instance at 0x1493f1bbbd70>,81,1,[1 9],121,178,179,57,150
1,<environment.Job instance at 0x1493f1bbbd20>,84,3,[ 1 10],125,179,182,54,153
1,<environment.Job instance at 0x1493fc395e10>,85,2,[5 2],128,155,157,27,153
1,<environment.Job instance at 0x1493f1bbb690>,78,17,[5 2],118,165,182,47,165
1,<environment.Job instance at 0x1493ee834aa0>,36,2,[2 9],52,182,184,130,182
1,<environment.Job instance at 0x1493fc7b1f00>,3,1,[1 7],4,4,5,0,4
1,<environment.Job instance at 0x1493fd1d2960>,6,2,[1 9],8,8,10,0,8
1,<environment.Job instance at 0x1493fd1d28c0>,7,2,[2 6],9,9,11,0,9
1,<environment.Job instance at 0x1493eef7a690>,10,2,[7 1],18,19,21,1,19
1,<environment.Job instance at 0x1493eef7a780>,12,18,[1 9],20,20,38,0,20
1,<environment.Job instance at 0x1493eebbdc80>,19,14,[2 6],29,38,52,9,38
1,<environment.Job instance at 0x1493eef7a370>,23,3,[ 1 10],34,52,55,18,50
1,<environment.Job instance at 0x1493f1b6c3c0>,24,18,[2 7],35,55,73,20,50
1,<environment.Job instance at 0x1493f01f4a50>,5,1,[ 1 11],6,73,74,67,53
1,<environment.Job instance at 0x1493f1b6c2d0>,25,1,[6 1],36,53,54,17,53
1,<environment.Job instance at 0x1493f1ca0550>,27,3,[1 7],38,55,58,17,53
1,<environment.Job instance at 0x1493f1c37aa0>,28,1,[2 6],39,58,59,19,53
1,<environment.Job instance at 0x1493ee658d70>,29,3,[2 9],40,74,77,34,53
1,<environment.Job instance at 0x1493ee6583c0>,30,2,[2 6],41,59,61,18,53
1,<environment.Job instance at 0x1493ee6580f0>,31,1,[2 6],42,61,62,19,53
1,<environment.Job instance at 0x1493ff4330f0>,32,1,[7 2],44,53,54,9,53
1,<environment.Job instance at 0x1493ff433640>,33,2,[2 6],45,62,64,17,53
1,<environment.Job instance at 0x1493ff433370>,34,1,[10  1],46,54,55,8,53
1,<environment.Job instance at 0x1493ff4331e0>,35,3,[8 2],47,58,61,11,53
1,<environment.Job instance at 0x1493eeb0c9b0>,36,3,[ 2 13],48,77,80,29,53
1,<environment.Job instance at 0x1493eeb0c730>,38,1,[1 5],50,67,68,17,67
1,<environment.Job instance at 0x1493fc4cf870>,39,2,[2 5],51,68,70,17,67
1,<environment.Job instance at 0x1493eebbd460>,20,2,[ 2 10],30,80,82,50,67
1,<environment.Job instance at 0x1493fc4cf500>,41,3,[ 1 10],53,82,85,29,67
1,<environment.Job instance at 0x1493fc4a45f0>,42,13,[5 2],54,67,80,13,67
1,<environment.Job instance at 0x1493fc120d20>,45,3,[7 1],57,72,75,15,72
1,<environment.Job instance at 0x1493fc120c30>,46,2,[5 1],58,75,77,17,72
1,<environment.Job instance at 0x1493fc1202d0>,47,14,[10  2],59,80,94,21,75
1,<environment.Job instance at 0x1493fc120eb0>,48,26,[ 1 10],60,85,111,25,82
1,<environment.Job instance at 0x1493fc120870>,49,17,[9 1],61,94,111,33,84
1,<environment.Job instance at 0x1493fc120a50>,50,15,[1 7],62,111,126,49,97
1,<environment.Job instance at 0x1493fc120230>,52,17,[1 5],65,111,128,46,99
1,<environment.Job instance at 0x1493f18ac730>,55,1,[2 9],68,126,127,58,99
1,<environment.Job instance at 0x1493f1906a50>,57,2,[2 7],72,127,129,55,100
1,<environment.Job instance at 0x1493ee9c0780>,58,2,[ 2 10],73,129,131,56,102
1,<environment.Job instance at 0x1493ee9c0c30>,59,26,[7 2],74,127,153,53,124
1,<environment.Job instance at 0x1493f1ca06e0>,26,16,[2 8],37,131,147,94,124
1,<environment.Job instance at 0x1493f1c0eaa0>,62,3,[1 9],78,147,150,69,126
1,<environment.Job instance at 0x1493f0e385f0>,63,2,[ 1 10],79,150,152,71,126
1,<environment.Job instance at 0x1493fc15c1e0>,64,1,[ 2 10],81,152,153,71,126
1,<environment.Job instance at 0x1493ee9ddaa0>,65,3,[2 5],82,131,134,49,127
1,<environment.Job instance at 0x1493ee9ddbe0>,67,3,[8 1],84,153,156,69,127
1,<environment.Job instance at 0x1493eeebc640>,73,2,[1 8],98,153,155,55,143
1,<environment.Job instance at 0x1493f1cd7f00>,71,19,[1 5],95,153,172,58,143
1,<environment.Job instance at 0x1493fc3d36e0>,74,1,[1 7],99,155,156,56,143
1,<environment.Job instance at 0x1493f2602be0>,77,3,[ 2 10],107,156,159,49,143
1,<environment.Job instance at 0x1493f2602730>,78,3,[2 8],108,159,162,51,143
1,<environment.Job instance at 0x1493f2602f00>,79,2,[2 7],109,162,164,53,143
1,<environment.Job instance at 0x1493fd04ba50>,81,2,[2 7],112,164,166,52,143
1,<environment.Job instance at 0x1493f26020f0>,82,12,[ 1 10],113,166,178,53,149
1,<environment.Job instance at 0x1493eeaebdc0>,84,3,[2 6],115,178,181,63,152
1,<environment.Job instance at 0x1493eeaeb4b0>,85,1,[1 8],116,178,179,62,152
1,<environment.Job instance at 0x1493eeaeb280>,86,13,[2 7],117,179,192,62,163
1,<environment.Job instance at 0x1493eeaeb640>,87,1,[1 5],118,172,173,54,163
1,<environment.Job instance at 0x1493eeaeb820>,88,12,[1 6],119,181,193,62,164
1,<environment.Job instance at 0x1493fc524820>,89,1,[2 5],122,173,174,51,164
1,<environment.Job instance at 0x1493fc524eb0>,90,16,[1 6],123,192,208,69,179
1,<environment.Job instance at 0x1493fc5243c0>,91,25,[5 2],124,179,204,55,179
1,<environment.Job instance at 0x1493fc372820>,92,15,[ 2 10],126,208,223,82,194
1,<environment.Job instance at 0x1493fc3fb5f0>,93,1,[11  1],127,204,205,77,194
1,<environment.Job instance at 0x1493f26164b0>,95,15,[2 6],129,223,238,94,209
1,<environment.Job instance at 0x1493eef7a7d0>,11,14,[5 1],19,356,370,337,356
1,<environment.Job instance at 0x1493f26ac0a0>,2,1,[1 5],5,5,6,0,5
1,<environment.Job instance at 0x1493f26acfa0>,3,3,[2 5],6,6,9,0,6
1,<environment.Job instance at 0x1493f26ac8c0>,4,1,[2 6],7,7,8,0,7
1,<environment.Job instance at 0x1493f26ac690>,5,15,[1 7],8,8,23,0,8
1,<environment.Job instance at 0x1493f26ac3c0>,6,2,[1 9],9,23,25,14,9
1,<environment.Job instance at 0x1493f26a0190>,13,2,[ 1 10],20,25,27,5,21
1,<environment.Job instance at 0x1493f26a03c0>,16,1,[6 1],26,32,33,6,32
1,<environment.Job instance at 0x1493f26a0dc0>,19,17,[6 2],33,33,50,0,33
1,<environment.Job instance at 0x1493f26a05a0>,18,26,[9 1],32,33,59,1,33
1,<environment.Job instance at 0x1493f26a0690>,22,1,[ 2 13],37,50,51,13,37
1,<environment.Job instance at 0x1493f26a0280>,23,1,[1 5],38,51,52,13,38
1,<environment.Job instance at 0x1493f26ae820>,24,3,[10  1],39,59,62,20,39
1,<environment.Job instance at 0x1493f26ae460>,25,3,[2 9],41,51,54,10,41
1,<environment.Job instance at 0x1493f26aeb90>,26,12,[ 2 11],43,54,66,11,43
1,<environment.Job instance at 0x1493f26ae870>,27,1,[2 7],46,66,67,20,46
1,<environment.Job instance at 0x1493f26ae2d0>,28,1,[6 1],47,62,63,15,47
1,<environment.Job instance at 0x1493f26ae960>,29,17,[2 6],48,66,83,18,54
1,<environment.Job instance at 0x1493f26aecd0>,33,14,[1 7],55,67,81,12,55
1,<environment.Job instance at 0x1493f26ae3c0>,34,2,[10  2],56,63,65,7,56
1,<environment.Job instance at 0x1493f1b89190>,40,2,[2 8],64,81,83,17,65
1,<environment.Job instance at 0x1493f1b89fa0>,41,3,[1 9],65,83,86,18,65
1,<environment.Job instance at 0x1493f1b89be0>,42,17,[1 7],67,86,103,19,74
1,<environment.Job instance at 0x1493f1b89d20>,44,3,[1 5],71,83,86,12,74
1,<environment.Job instance at 0x1493f1b899b0>,45,1,[7 2],73,74,75,1,74
1,<environment.Job instance at 0x1493f1b89c30>,46,2,[8 1],74,75,77,1,74
1,<environment.Job instance at 0x1493ee4e5230>,47,18,[7 2],75,86,104,11,75
1,<environment.Job instance at 0x1493ee4e5a00>,48,21,[7 1],76,77,98,1,76
1,<environment.Job instance at 0x1493ee4e55f0>,49,3,[1 9],77,103,106,26,77
1,<environment.Job instance at 0x1493f26a2aa0>,59,3,[1 8],93,106,109,13,96
1,<environment.Job instance at 0x1493f26a24b0>,60,17,[7 2],94,98,115,4,96
1,<environment.Job instance at 0x1493f1b89870>,43,16,[8 2],70,109,125,39,96
1,<environment.Job instance at 0x1493f26a2f00>,63,2,[6 1],98,104,106,6,98
1,<environment.Job instance at 0x1493f1bf7140>,66,1,[6 2],103,115,116,12,109
1,<environment.Job instance at 0x1493f1bf76e0>,68,15,[9 2],106,125,140,19,114
1,<environment.Job instance at 0x1493f1bf7730>,69,2,[13  1],107,140,142,33,114
1,<environment.Job instance at 0x1493f1bf73c0>,67,26,[2 8],105,116,142,11,114
1,<environment.Job instance at 0x1493f1bf74b0>,71,3,[2 8],110,142,145,32,116
1,<environment.Job instance at 0x1493f1bf7f00>,72,19,[1 5],113,116,135,3,116
1,<environment.Job instance at 0x1493f1bf7cd0>,73,3,[2 7],115,142,145,27,116
1,<environment.Job instance at 0x1493f1bf7c30>,70,1,[6 1],109,145,146,36,117
1,<environment.Job instance at 0x1493f1bf2370>,75,3,[ 1 10],117,145,148,28,119
1,<environment.Job instance at 0x1493f1bf2190>,76,2,[9 2],119,146,148,27,119
1,<environment.Job instance at 0x1493f27a3f50>,77,2,[2 9],122,148,150,26,122
1,<environment.Job instance at 0x1493ee6178c0>,81,2,[ 2 14],129,150,152,21,129
1,<environment.Job instance at 0x1493f26ae320>,31,18,[2 9],52,152,170,100,141
1,<environment.Job instance at 0x1493f26aebe0>,30,1,[ 1 10],49,170,171,121,164
1,<environment.Job instance at 0x1493ee5b42d0>,1,17,[ 2 10],2,2,19,0,2
1,<environment.Job instance at 0x1493ee1e0320>,6,1,[2 7],10,19,20,9,10
1,<environment.Job instance at 0x1493ee1e0dc0>,8,2,[8 2],12,15,17,3,15
1,<environment.Job instance at 0x1493ee1e0140>,11,1,[2 5],17,17,18,0,17
1,<environment.Job instance at 0x1493fc061410>,14,1,[2 7],23,24,25,1,24
1,<environment.Job instance at 0x1493eee07d70>,16,15,[7 2],25,25,40,0,25
1,<environment.Job instance at 0x1493f1d440a0>,17,28,[1 6],26,26,54,0,26
1,<environment.Job instance at 0x1493f1d44aa0>,19,3,[7 2],32,32,35,0,32
1,<environment.Job instance at 0x1493eeb23a00>,20,2,[6 2],33,35,37,2,33
1,<environment.Job instance at 0x1493eee07780>,18,2,[1 9],29,40,42,11,33
1,<environment.Job instance at 0x1493fc0b6a00>,26,15,[ 1 10],44,54,69,10,44
1,<environment.Job instance at 0x1493ee7e3230>,34,1,[9 1],53,53,54,0,53
1,<environment.Job instance at 0x1493f2805820>,36,27,[9 1],55,55,82,0,55
1,<environment.Job instance at 0x1493f2805b90>,40,2,[6 1],62,74,76,12,74
1,<environment.Job instance at 0x1493f2805d20>,45,13,[5 2],67,94,107,27,94
1,<environment.Job instance at 0x1493ee7f4230>,52,3,[6 1],76,94,97,18,94
1,<environment.Job instance at 0x1493ee7f4320>,53,2,[10  2],77,97,99,20,94
1,<environment.Job instance at 0x1493ee7f42d0>,54,2,[7 1],78,99,101,21,94
1,<environment.Job instance at 0x1493ee7f4140>,55,3,[ 2 12],84,94,97,10,94
1,<environment.Job instance at 0x1493ee7f4d20>,56,3,[8 2],85,101,104,16,94
1,<environment.Job instance at 0x1493ee7f4410>,57,1,[8 2],86,104,105,18,94
1,<environment.Job instance at 0x1493ee7f4af0>,58,18,[2 8],87,99,117,12,94
1,<environment.Job instance at 0x1493ee7f49b0>,59,1,[1 8],88,117,118,29,94
1,<environment.Job instance at 0x1493ee7f4fa0>,60,27,[1 7],89,107,134,18,105
1,<environment.Job instance at 0x1493ee7f4a50>,61,1,[8 1],91,105,106,14,105
1,<environment.Job instance at 0x1493ee7f4a00>,62,1,[5 2],93,106,107,13,105
1,<environment.Job instance at 0x1493fc0d88c0>,63,1,[9 2],95,118,119,23,105
1,<environment.Job instance at 0x1493fc0d80f0>,64,1,[ 1 14],96,134,135,38,106
1,<environment.Job instance at 0x1493fc0d87d0>,65,2,[1 7],97,119,121,22,106
1,<environment.Job instance at 0x1493fc0d83c0>,66,1,[9 1],99,119,120,20,106
1,<environment.Job instance at 0x1493fc0d8370>,71,2,[2 7],104,121,123,17,117
1,<environment.Job instance at 0x1493fc0d8e10>,72,2,[2 9],105,135,137,30,117
1,<environment.Job instance at 0x1493fc0d8640>,73,1,[2 7],106,123,124,17,117
1,<environment.Job instance at 0x1493eef37410>,74,2,[8 1],107,120,122,13,117
1,<environment.Job instance at 0x1493eef37280>,77,2,[2 9],113,137,139,24,133
1,<environment.Job instance at 0x1493eef37cd0>,78,1,[5 2],115,133,134,18,133
1,<environment.Job instance at 0x1493eef37050>,79,2,[2 6],116,135,137,19,133
1,<environment.Job instance at 0x1493eef379b0>,80,2,[10  2],117,137,139,20,133
1,<environment.Job instance at 0x1493ee6ae050>,81,1,[ 1 14],120,139,140,19,133
1,<environment.Job instance at 0x1493ee6ae780>,82,2,[6 1],121,133,135,12,133
1,<environment.Job instance at 0x1493ee6aecd0>,83,2,[1 5],122,140,142,18,133
1,<environment.Job instance at 0x1493ee8fb6e0>,84,3,[ 2 10],123,140,143,17,133
1,<environment.Job instance at 0x1493ee8fb0f0>,85,13,[2 8],124,143,156,19,133
1,<environment.Job instance at 0x1493fc0d8b90>,68,3,[ 1 10],101,156,159,55,133
1,<environment.Job instance at 0x1493f2805050>,39,2,[5 2],61,142,144,81,135
1,<environment.Job instance at 0x1493ee8fbe10>,86,1,[8 2],125,142,143,17,141
1,<environment.Job instance at 0x1493ee4043c0>,13,3,[1 7],19,177,180,158,177
1,<environment.Job instance at 0x1493ee477a50>,2,1,[5 2],5,8,9,3,8
1,<environment.Job instance at 0x1493ee477af0>,5,15,[1 6],9,9,24,0,9
1,<environment.Job instance at 0x1493ee4771e0>,6,1,[5 1],10,10,11,0,10
1,<environment.Job instance at 0x1493ee477a00>,7,3,[2 7],12,12,15,0,12
1,<environment.Job instance at 0x1493ee477be0>,8,3,[8 2],14,14,17,0,14
1,<environment.Job instance at 0x1493f1c3a820>,9,1,[1 9],15,17,18,2,15
1,<environment.Job instance at 0x1493f1c3ae10>,10,1,[8 1],16,18,19,2,16
1,<environment.Job instance at 0x1493f1c3a5f0>,11,2,[ 1 10],20,24,26,4,20
1,<environment.Job instance at 0x1493f1c3a5a0>,12,3,[2 7],21,21,24,0,21
1,<environment.Job instance at 0x1493f1c3a7d0>,13,1,[2 6],24,26,27,2,24
1,<environment.Job instance at 0x1493ee8bbb40>,14,2,[8 2],25,25,27,0,25
1,<environment.Job instance at 0x1493ee8bb140>,15,3,[ 2 10],26,27,30,1,26
1,<environment.Job instance at 0x1493ee8bb690>,16,3,[2 6],27,30,33,3,27
1,<environment.Job instance at 0x1493f1c3a550>,17,13,[8 1],29,29,42,0,29
1,<environment.Job instance at 0x1493eec2fa50>,18,3,[6 2],30,33,36,3,30
1,<environment.Job instance at 0x1493ee8bbe60>,19,2,[6 2],32,36,38,4,32
1,<environment.Job instance at 0x1493f2a9adc0>,20,2,[9 2],34,42,44,8,34
1,<environment.Job instance at 0x1493ee468a50>,21,3,[6 2],36,38,41,2,36
1,<environment.Job instance at 0x1493ee468a00>,22,1,[1 9],37,37,38,0,37
1,<environment.Job instance at 0x149444af16e0>,23,17,[6 1],38,41,58,3,38
1,<environment.Job instance at 0x1493ff3a0f50>,32,1,[9 1],50,50,51,0,50
1,<environment.Job instance at 0x1493ff3a0640>,33,19,[2 8],51,51,70,0,51
1,<environment.Job instance at 0x1493fc539f50>,35,1,[1 5],54,54,55,0,54
1,<environment.Job instance at 0x1493eeed5eb0>,36,16,[2 5],55,55,71,0,55
1,<environment.Job instance at 0x1493ee8fb5a0>,37,2,[6 2],57,59,61,2,59
1,<environment.Job instance at 0x1493fc5398c0>,34,1,[8 1],52,61,62,9,59
1,<environment.Job instance at 0x1493f1a9e140>,39,16,[2 6],60,70,86,10,60
1,<environment.Job instance at 0x1493ee4776e0>,4,17,[ 1 10],8,86,103,78,78
1,<environment.Job instance at 0x1493f1a9e820>,44,2,[1 9],65,103,105,38,97
1,<environment.Job instance at 0x1493ee6b71e0>,46,3,[2 6],67,103,106,36,97
1,<environment.Job instance at 0x1493f1a9ebe0>,43,1,[2 5],64,98,99,34,98
1,<environment.Job instance at 0x1493f19e4af0>,47,1,[1 5],68,99,100,31,98
1,<environment.Job instance at 0x1493f19e4320>,48,2,[6 2],69,100,102,31,98
1,<environment.Job instance at 0x1493eef87370>,53,3,[2 5],77,105,108,28,98
1,<environment.Job instance at 0x1493eef87af0>,55,1,[8 2],80,105,106,25,103
1,<environment.Job instance at 0x1493eead84b0>,56,2,[9 1],83,106,108,23,103
1,<environment.Job instance at 0x1493eead8910>,57,2,[8 2],87,108,110,21,103
1,<environment.Job instance at 0x1493eef878c0>,50,2,[7 2],72,108,110,36,103
1,<environment.Job instance at 0x1493eead8690>,59,17,[1 8],89,110,127,21,103
1,<environment.Job instance at 0x1493eead8d20>,60,2,[9 2],91,110,112,19,106
1,<environment.Job instance at 0x1493eead8f00>,61,2,[2 5],92,106,108,14,106
1,<environment.Job instance at 0x1493eead81e0>,63,1,[2 8],94,127,128,33,106
1,<environment.Job instance at 0x1493eead8190>,64,1,[ 1 10],97,128,129,31,106
1,<environment.Job instance at 0x1493f1c759b0>,65,2,[1 8],100,129,131,29,106
1,<environment.Job instance at 0x1493f1c75d20>,66,1,[9 2],101,112,113,11,106
1,<environment.Job instance at 0x1493f1c753c0>,67,2,[2 6],102,113,115,11,106
1,<environment.Job instance at 0x1493f1c75b40>,68,15,[7 1],103,113,128,10,112
1,<environment.Job instance at 0x1493f1ab6d20>,71,14,[2 7],107,129,143,22,114
1,<environment.Job instance at 0x1493f1ab6280>,72,3,[5 1],109,115,118,6,114
1,<environment.Job instance at 0x1493f1ab6500>,73,1,[ 1 10],110,143,144,33,115
1,<environment.Job instance at 0x1493f1ab6e60>,74,3,[1 7],111,131,134,20,115
1,<environment.Job instance at 0x1493eeb235a0>,77,3,[1 7],116,134,137,18,118
1,<environment.Job instance at 0x1493eeb23dc0>,78,2,[2 8],118,137,139,19,119
1,<environment.Job instance at 0x1493eeb23960>,79,2,[1 8],119,139,141,20,119
1,<environment.Job instance at 0x1493f1ab63c0>,76,1,[8 2],114,128,129,14,121
1,<environment.Job instance at 0x1493eeb237d0>,81,1,[1 8],125,141,142,16,125
1,<environment.Job instance at 0x1493eeb23b90>,82,1,[7 2],128,142,143,14,128
1,<environment.Job instance at 0x1493eeb23190>,83,3,[2 9],129,144,147,15,129
1,<environment.Job instance at 0x1493eeb23fa0>,80,3,[1 7],122,147,150,25,137
1,<environment.Job instance at 0x1493eef87910>,49,3,[10  1],70,143,146,73,141
1,<environment.Job instance at 0x1493fc0e5320>,0,17,[ 1 14],1,9,26,8,9
1,<environment.Job instance at 0x1493fc0e54b0>,1,1,[9 1],2,9,10,7,9
1,<environment.Job instance at 0x1493fc0e5fa0>,4,14,[8 1],7,11,25,4,11
1,<environment.Job instance at 0x1493f19a2780>,8,15,[2 5],12,26,41,14,13
1,<environment.Job instance at 0x1493f19a2f50>,11,15,[1 5],15,128,143,113,128
1,<environment.Job instance at 0x1493ee7a76e0>,14,2,[1 5],19,138,140,119,138
1,<environment.Job instance at 0x1493f1ba5f50>,15,2,[ 2 10],20,140,142,120,138
1,<environment.Job instance at 0x1493f1ba5410>,17,14,[2 5],22,142,156,120,139
1,<environment.Job instance at 0x1493ee7a74b0>,18,1,[ 1 10],24,154,155,130,154
1,<environment.Job instance at 0x1493f2616fa0>,19,3,[2 7],26,155,158,129,154
1,<environment.Job instance at 0x1493fd1bad20>,23,3,[1 5],32,189,192,157,189
1,<environment.Job instance at 0x1493fd15b280>,24,15,[2 9],34,189,204,155,189
1,<environment.Job instance at 0x1493f1bab730>,25,1,[ 2 10],38,204,205,166,200
1,<environment.Job instance at 0x1493f26ab820>,26,2,[1 8],39,205,207,166,200
1,<environment.Job instance at 0x1493f1babc30>,27,2,[14  2],40,267,269,227,267
1,<environment.Job instance at 0x1493ee7a7190>,12,3,[ 1 14],16,309,312,293,309
1,<environment.Job instance at 0x1493ee9b0f50>,28,2,[6 1],42,309,311,267,309
1,<environment.Job instance at 0x1493ee70d690>,30,15,[6 1],45,311,326,266,309
1,<environment.Job instance at 0x1493fc4250a0>,32,17,[1 8],48,312,329,264,309
1,<environment.Job instance at 0x1493fc425190>,33,2,[13  2],49,326,328,277,324
1,<environment.Job instance at 0x1493fc425c80>,34,3,[1 6],50,328,331,278,324
1,<environment.Job instance at 0x1493fd0c1be0>,35,2,[2 7],51,329,331,278,324
1,<environment.Job instance at 0x1493fc0e5280>,3,3,[9 2],6,329,332,323,324
1,<environment.Job instance at 0x1493fc0e53c0>,2,2,[7 2],5,324,326,319,324
1,<environment.Job instance at 0x1493fd0c1f50>,40,1,[1 5],63,326,327,263,324
1,<environment.Job instance at 0x1493fd0c1d70>,41,3,[ 2 11],65,331,334,266,324
1,<environment.Job instance at 0x1493ee7a75f0>,13,2,[10  2],17,332,334,315,324
1,<environment.Job instance at 0x1493ee9a52d0>,43,3,[ 1 13],70,334,337,264,324
1,<environment.Job instance at 0x1493ee9a5730>,44,3,[9 2],71,334,337,263,324
1,<environment.Job instance at 0x1493fd0c1e60>,42,1,[8 1],69,328,329,259,324
1,<environment.Job instance at 0x1493ee9a5050>,46,2,[2 8],75,337,339,262,324
1,<environment.Job instance at 0x1493fd0c1fa0>,38,2,[7 1],59,337,339,278,324
1,<environment.Job instance at 0x1493ee9a51e0>,48,2,[13  1],79,339,341,260,325
1,<environment.Job instance at 0x1493ee9a57d0>,49,17,[2 9],81,339,356,258,327
1,<environment.Job instance at 0x1493ee9a58c0>,50,16,[1 5],82,341,357,259,328
1,<environment.Job instance at 0x1493eea60280>,52,1,[6 1],93,337,338,244,328
1,<environment.Job instance at 0x1493ee9a55f0>,54,3,[2 9],96,356,359,260,330
1,<environment.Job instance at 0x1493ee9a5fa0>,55,2,[1 9],97,359,361,262,332
1,<environment.Job instance at 0x1493fc466960>,56,2,[1 6],99,357,359,258,333
1,<environment.Job instance at 0x1493ee98b4b0>,57,3,[1 8],100,361,364,261,335
1,<environment.Job instance at 0x1493ee9a54b0>,45,1,[7 1],73,341,342,268,335
1,<environment.Job instance at 0x1493ee98b410>,59,2,[10  1],104,342,344,238,335
1,<environment.Job instance at 0x1493ee98bcd0>,58,1,[6 1],102,338,339,236,335
1,<environment.Job instance at 0x1493ee98b870>,61,2,[1 8],106,364,366,258,337
1,<environment.Job instance at 0x1493ee98b910>,62,24,[2 5],107,359,383,252,354
1,<environment.Job instance at 0x1493ef6eaf00>,63,2,[ 1 10],108,366,368,258,354
1,<environment.Job instance at 0x1493ee9a5870>,53,3,[ 1 10],95,368,371,273,354
1,<environment.Job instance at 0x1493ee98b140>,60,15,[1 7],105,371,386,266,357
1,<environment.Job instance at 0x1493fc4940f0>,68,3,[1 5],117,383,386,266,357
1,<environment.Job instance at 0x1493ee98b5f0>,64,1,[6 1],109,360,361,251,360
1,<environment.Job instance at 0x1493ef1c3910>,72,12,[1 8],121,386,398,265,369
1,<environment.Job instance at 0x1493ef1c3730>,73,2,[1 6],122,386,388,264,369
1,<environment.Job instance at 0x1493eead2eb0>,76,2,[11  1],128,371,373,243,369
1,<environment.Job instance at 0x1493ee107500>,77,3,[2 5],129,388,391,259,369
1,<environment.Job instance at 0x1493f1cf02d0>,1,1,[2 5],2,2,3,0,2
1,<environment.Job instance at 0x1493ee107be0>,2,1,[2 6],3,3,4,0,3
1,<environment.Job instance at 0x1493eeb854b0>,6,13,[2 8],9,9,22,0,9
1,<environment.Job instance at 0x1493fc524820>,12,2,[2 9],16,22,24,6,16
1,<environment.Job instance at 0x1493ef6eaf00>,14,1,[2 8],25,25,26,0,25
1,<environment.Job instance at 0x1493ee1ea460>,15,1,[6 1],26,26,27,0,26
1,<environment.Job instance at 0x1493ee1ea370>,16,1,[8 1],27,27,28,0,27
1,<environment.Job instance at 0x1493eea52190>,17,1,[7 1],28,28,29,0,28
1,<environment.Job instance at 0x1493ef6d85a0>,18,12,[1 6],29,29,41,0,29
1,<environment.Job instance at 0x1493fc4695a0>,19,2,[1 5],30,30,32,0,30
1,<environment.Job instance at 0x1493ee5652d0>,20,3,[2 9],31,32,35,1,31
1,<environment.Job instance at 0x1493eef703c0>,21,2,[1 6],32,35,37,3,32
1,<environment.Job instance at 0x1493eef70140>,22,14,[1 8],33,37,51,4,33
1,<environment.Job instance at 0x1493eef70cd0>,23,17,[ 2 10],34,51,68,17,39
1,<environment.Job instance at 0x1493f1ab8870>,26,1,[1 8],38,68,69,30,40
1,<environment.Job instance at 0x1493f1ab8140>,28,1,[1 9],40,69,70,29,41
1,<environment.Job instance at 0x1493f1ab89b0>,29,1,[6 2],41,41,42,0,41
1,<environment.Job instance at 0x1493f1ab8cd0>,30,2,[ 2 10],42,70,72,28,43
1,<environment.Job instance at 0x1493fc4de730>,31,1,[5 2],43,44,45,1,44
1,<environment.Job instance at 0x1493f1c1bd70>,11,1,[11  2],14,48,49,34,48
1,<environment.Job instance at 0x1493f1ab8460>,27,1,[7 1],39,53,54,14,53
1,<environment.Job instance at 0x1493f264cf00>,39,13,[ 1 10],54,72,85,18,56
1,<environment.Job instance at 0x1493f264cdc0>,40,2,[8 2],55,56,58,1,56
1,<environment.Job instance at 0x1493f1b377d0>,41,1,[2 9],57,85,86,28,57
1,<environment.Job instance at 0x1493fc04a910>,42,2,[1 7],58,86,88,28,59
1,<environment.Job instance at 0x1493fc04a5f0>,43,2,[8 1],59,59,61,0,59
1,<environment.Job instance at 0x1493fc04ae10>,44,1,[5 1],60,60,61,0,60
1,<environment.Job instance at 0x1493f279c870>,45,2,[ 1 12],61,88,90,27,61
1,<environment.Job instance at 0x1493f279c820>,46,3,[2 5],67,67,70,0,67
1,<environment.Job instance at 0x1493f279c3c0>,47,1,[5 2],69,70,71,1,69
1,<environment.Job instance at 0x1493f279cd20>,48,16,[ 1 10],70,90,106,20,77
1,<environment.Job instance at 0x1493ee4205f0>,49,13,[1 5],71,90,103,19,77
1,<environment.Job instance at 0x1493f279cb90>,50,3,[1 8],72,106,109,34,80
1,<environment.Job instance at 0x1493fc4d4050>,51,2,[7 1],74,80,82,6,80
1,<environment.Job instance at 0x1493fc4d45a0>,52,2,[2 8],76,86,88,10,80
1,<environment.Job instance at 0x1494402ed4b0>,53,1,[1 6],78,85,86,7,80
1,<environment.Job instance at 0x1493f27a3460>,55,1,[2 8],81,109,110,28,83
1,<environment.Job instance at 0x1493f1b4ac80>,56,1,[11  2],84,84,85,0,84
1,<environment.Job instance at 0x1493ee7572d0>,57,15,[2 9],87,110,125,23,96
1,<environment.Job instance at 0x1493eeea6be0>,58,28,[ 2 12],88,125,153,37,124
1,<environment.Job instance at 0x1493f19a2910>,59,15,[6 1],90,124,139,34,124
1,<environment.Job instance at 0x1493fd15be60>,60,2,[ 1 10],91,153,155,62,126
1,<environment.Job instance at 0x1493f19a2c80>,61,16,[1 5],92,153,169,61,140
1,<environment.Job instance at 0x1493fd15ba00>,62,3,[8 2],93,140,143,47,140
1,<environment.Job instance at 0x1493ff1119b0>,63,2,[2 9],95,155,157,60,140
1,<environment.Job instance at 0x1493ff111cd0>,64,26,[1 9],96,157,183,61,154
1,<environment.Job instance at 0x1493ff111eb0>,66,23,[2 8],98,183,206,85,177
1,<environment.Job instance at 0x1493fc029050>,67,3,[2 5],100,177,180,77,177
1,<environment.Job instance at 0x1493eec15730>,71,3,[ 1 12],104,206,209,102,186
1,<environment.Job instance at 0x1493eec15f50>,74,24,[2 9],108,209,233,101,204
1,<environment.Job instance at 0x1493eec15280>,75,1,[2 7],111,204,205,93,204
1,<environment.Job instance at 0x1493eec15af0>,76,25,[6 2],112,205,230,93,204
1,<environment.Job instance at 0x1493fd015500>,79,28,[ 1 10],118,233,261,115,232
1,<environment.Job instance at 0x1493fd015460>,80,2,[7 1],119,232,234,113,232
1,<environment.Job instance at 0x1493fd015910>,81,2,[2 7],120,261,263,141,234
1,<environment.Job instance at 0x1493ee2cc9b0>,82,1,[6 2],121,234,235,113,234
1,<environment.Job instance at 0x1493eee8fb90>,83,2,[1 5],122,235,237,113,234
1,<environment.Job instance at 0x1493ee4889b0>,84,13,[ 2 10],123,263,276,140,247
1,<environment.Job instance at 0x1493ee488a50>,85,3,[7 1],124,247,250,123,247
1,<environment.Job instance at 0x1493fd1ef820>,86,3,[7 2],125,247,250,122,247
1,<environment.Job instance at 0x1493ee56e140>,87,24,[2 9],127,276,300,149,271
1,<environment.Job instance at 0x1493f1ab81e0>,25,2,[7 1],37,696,698,659,696
1,<environment.Job instance at 0x1493fd0fb370>,4,3,[ 2 10],7,7,10,0,7
1,<environment.Job instance at 0x1493f01e75f0>,5,3,[2 9],8,10,13,2,8
1,<environment.Job instance at 0x1493f01e7e60>,3,1,[1 5],6,9,10,3,9
1,<environment.Job instance at 0x1493f01e7320>,7,15,[2 9],11,13,28,2,11
1,<environment.Job instance at 0x1493ee571dc0>,10,3,[6 2],16,20,23,4,20
1,<environment.Job instance at 0x1493ee571e10>,13,2,[5 2],21,21,23,0,21
1,<environment.Job instance at 0x1493eebb8550>,14,3,[9 1],24,24,27,0,24
1,<environment.Job instance at 0x1493fc506b40>,15,1,[7 1],25,27,28,2,26
1,<environment.Job instance at 0x1493fc506730>,16,2,[2 7],26,28,30,2,26
1,<environment.Job instance at 0x1493fc506d20>,17,18,[1 5],27,27,45,0,27
1,<environment.Job instance at 0x1493ee5716e0>,12,3,[2 5],19,30,33,11,30
1,<environment.Job instance at 0x1493fc4caa00>,20,2,[8 2],30,30,32,0,30
1,<environment.Job instance at 0x1493fc506280>,19,1,[9 1],29,37,38,8,37
1,<environment.Job instance at 0x1493ff39b4b0>,22,3,[2 6],33,37,40,4,37
1,<environment.Job instance at 0x1493fd0e1aa0>,23,14,[2 6],34,40,54,6,37
1,<environment.Job instance at 0x1493fd0e1af0>,24,2,[1 9],36,45,47,9,39
1,<environment.Job instance at 0x1493f1ac1410>,26,15,[2 6],38,47,62,9,40
1,<environment.Job instance at 0x1493eeecb550>,28,1,[2 7],40,54,55,14,40
1,<environment.Job instance at 0x1493f01e7140>,6,15,[11  2],9,47,62,38,40
1,<environment.Job instance at 0x1493eeed4d20>,30,3,[ 2 10],43,62,65,19,43
1,<environment.Job instance at 0x1493f19065a0>,29,3,[2 7],42,55,58,13,46
1,<environment.Job instance at 0x1493ee1937d0>,42,3,[1 6],56,76,79,20,76
1,<environment.Job instance at 0x1493ee1930a0>,43,2,[10  1],57,77,79,20,77
1,<environment.Job instance at 0x1493ee193f50>,44,2,[6 1],59,79,81,20,77
1,<environment.Job instance at 0x1493ee193a00>,45,1,[2 8],60,77,78,17,77
1,<environment.Job instance at 0x1493ee1938c0>,46,2,[6 1],61,79,81,18,77
1,<environment.Job instance at 0x1493f2602500>,47,15,[2 9],62,79,94,17,77
1,<environment.Job instance at 0x1493f26024b0>,49,2,[2 9],65,94,96,29,79
1,<environment.Job instance at 0x1493fc0dc2d0>,21,2,[2 5],32,85,87,53,85
1,<environment.Job instance at 0x1493f2602b90>,51,25,[2 5],68,87,112,19,85
1,<environment.Job instance at 0x1493f2602d20>,52,3,[2 5],69,96,99,27,85
1,<environment.Job instance at 0x1493f26025a0>,53,2,[1 5],70,96,98,26,85
1,<environment.Job instance at 0x1493f2602aa0>,54,14,[5 1],71,98,112,27,85
1,<environment.Job instance at 0x1493f2602e10>,55,17,[7 1],73,99,116,26,89
1,<environment.Job instance at 0x1493ee1931e0>,41,1,[ 1 12],55,112,113,57,106
1,<environment.Job instance at 0x1493fc131a00>,59,3,[1 8],79,106,109,27,106
1,<environment.Job instance at 0x1493f2602690>,56,1,[ 2 10],75,113,114,38,106
1,<environment.Job instance at 0x1493fc131af0>,61,3,[8 2],84,114,117,30,106
1,<environment.Job instance at 0x1493fc131a50>,63,2,[6 2],86,112,114,26,106
1,<environment.Job instance at 0x1493fc131b90>,64,1,[7 2],88,116,117,28,106
1,<environment.Job instance at 0x1493fd11a870>,65,2,[ 2 10],93,117,119,24,106
1,<environment.Job instance at 0x1493fd11aeb0>,66,20,[10  2],94,117,137,23,108
1,<environment.Job instance at 0x1493eeed4a00>,31,2,[6 1],44,137,139,93,110
1,<environment.Job instance at 0x1493fd11ab40>,68,3,[2 6],96,119,122,23,110
1,<environment.Job instance at 0x1493fd11a6e0>,69,3,[2 9],97,122,125,25,110
1,<environment.Job instance at 0x1493fd11a410>,70,2,[8 1],98,137,139,39,110
1,<environment.Job instance at 0x1493fd11ad70>,73,2,[2 6],106,119,121,13,112
1,<environment.Job instance at 0x1493fd03c460>,75,3,[1 8],109,125,128,16,112
1,<environment.Job instance at 0x1493fd03ca00>,77,1,[2 7],113,121,122,8,120
1,<environment.Job instance at 0x1493fd03ca50>,78,1,[2 9],114,128,129,14,120
1,<environment.Job instance at 0x1493fd03cfa0>,79,3,[ 2 10],115,129,132,14,120
1,<environment.Job instance at 0x1493fd03c280>,80,2,[6 1],116,139,141,23,120
1,<environment.Job instance at 0x1493fd03cb40>,81,1,[8 1],119,139,140,20,120
1,<environment.Job instance at 0x1493fd03c140>,76,2,[5 2],111,132,134,21,123
1,<environment.Job instance at 0x1493f1d5fb90>,83,26,[8 2],121,140,166,19,137
1,<environment.Job instance at 0x1493f1d5f410>,84,16,[1 7],122,137,153,15,137
1,<environment.Job instance at 0x1493f1c65780>,6,2,[9 1],10,10,12,0,10
1,<environment.Job instance at 0x1493f1c65140>,7,3,[6 1],11,11,14,0,11
1,<environment.Job instance at 0x1493f2b10910>,3,12,[1 7],6,6,18,0,6
1,<environment.Job instance at 0x1493f2b10c30>,9,2,[9 2],13,14,16,1,14
1,<environment.Job instance at 0x1493f2b10550>,12,1,[2 6],19,19,20,0,19
1,<environment.Job instance at 0x1493f2b10af0>,13,3,[ 2 10],20,20,23,0,20
1,<environment.Job instance at 0x1493f2750870>,14,12,[1 6],21,23,35,2,21
1,<environment.Job instance at 0x1493f2b109b0>,10,2,[5 1],14,22,24,8,22
1,<environment.Job instance at 0x1493f2750370>,16,1,[1 8],25,25,26,0,25
1,<environment.Job instance at 0x1493f2750690>,17,2,[5 2],26,26,28,0,26
1,<environment.Job instance at 0x1493f2750d20>,18,2,[ 2 11],27,35,37,8,27
1,<environment.Job instance at 0x1493f2750140>,19,2,[5 2],28,28,30,0,28
1,<environment.Job instance at 0x1493f27502d0>,21,22,[1 8],30,37,59,7,30
1,<environment.Job instance at 0x1493f27501e0>,22,2,[5 1],32,34,36,2,34
1,<environment.Job instance at 0x1493f27509b0>,23,3,[6 2],35,35,38,0,35
1,<environment.Job instance at 0x1493f2750fa0>,24,17,[1 7],36,38,55,2,36
1,<environment.Job instance at 0x1493ee4d8280>,28,1,[ 2 10],40,59,60,19,40
1,<environment.Job instance at 0x1493ee4d8870>,29,2,[1 9],41,60,62,19,41
1,<environment.Job instance at 0x1493ee4d84b0>,30,12,[ 2 10],42,62,74,20,45
1,<environment.Job instance at 0x1493ee4d8460>,32,1,[5 1],46,55,56,9,46
1,<environment.Job instance at 0x1493ee4d8640>,33,1,[8 2],47,55,56,8,47
1,<environment.Job instance at 0x1493f26f7aa0>,34,18,[6 2],48,56,74,8,48
1,<environment.Job instance at 0x1493f26f77d0>,35,17,[1 8],49,74,91,25,62
1,<environment.Job instance at 0x1493f26f7190>,38,1,[8 2],53,74,75,21,62
1,<environment.Job instance at 0x1493f26f7820>,39,2,[10  2],55,75,77,20,62
1,<environment.Job instance at 0x1493f26f7af0>,40,18,[1 9],56,91,109,35,80
1,<environment.Job instance at 0x1493f26f75f0>,41,2,[7 2],57,80,82,23,80
1,<environment.Job instance at 0x1493f26f7140>,42,3,[2 5],58,80,83,22,80
1,<environment.Job instance at 0x1493f26f7280>,43,1,[ 1 10],60,109,110,49,81
1,<environment.Job instance at 0x1493f26f7640>,44,2,[1 7],61,83,85,22,81
1,<environment.Job instance at 0x1493f26f7f00>,45,1,[7 2],62,82,83,20,81
1,<environment.Job instance at 0x1493f26f7e60>,46,1,[5 1],63,85,86,22,81
1,<environment.Job instance at 0x1493f26f7c30>,47,2,[9 2],64,85,87,21,81
1,<environment.Job instance at 0x1493f26f74b0>,48,3,[10  1],65,87,90,22,81
1,<environment.Job instance at 0x1493f26f73c0>,49,17,[9 1],66,90,107,24,81
1,<environment.Job instance at 0x1493f26f70f0>,50,3,[ 2 14],67,110,113,43,84
1,<environment.Job instance at 0x1493eeca7cd0>,52,3,[1 9],70,113,116,43,87
1,<environment.Job instance at 0x1493eeca7140>,53,1,[5 1],71,90,91,19,87
1,<environment.Job instance at 0x1493eeca7d20>,54,1,[11  2],73,107,108,34,87
1,<environment.Job instance at 0x1493eeca7e10>,55,2,[7 2],74,108,110,34,87
1,<environment.Job instance at 0x1493eeca7190>,56,2,[2 9],75,116,118,41,89
1,<environment.Job instance at 0x1493eeca74b0>,57,3,[2 5],77,91,94,14,89
1,<environment.Job instance at 0x1493eeca7320>,58,18,[2 5],79,113,131,34,102
1,<environment.Job instance at 0x1493eecc7780>,59,18,[ 1 10],80,118,136,38,107
1,<environment.Job instance at 0x1493eecc70f0>,60,3,[8 2],81,131,134,50,107
1,<environment.Job instance at 0x1493eecc7be0>,61,1,[9 2],82,134,135,52,107
1,<environment.Job instance at 0x1493eecc7280>,62,18,[2 7],83,136,154,53,125
1,<environment.Job instance at 0x1493eecc75a0>,63,20,[1 5],84,135,155,51,126
1,<environment.Job instance at 0x1493eeccc820>,64,2,[7 2],85,136,138,51,126
1,<environment.Job instance at 0x1493eeccc5f0>,65,2,[1 8],86,154,156,68,127
1,<environment.Job instance at 0x1493eeccc280>,67,1,[9 1],88,138,139,50,127
1,<environment.Job instance at 0x1493eeccc7d0>,68,2,[ 2 10],89,156,158,67,129
1,<environment.Job instance at 0x1493ee2c6aa0>,69,2,[7 1],91,139,141,48,129
1,<environment.Job instance at 0x1493ee2c6370>,70,1,[2 8],94,158,159,64,130
1,<environment.Job instance at 0x1493ee2c68c0>,71,2,[ 1 10],96,159,161,63,132
1,<environment.Job instance at 0x1493ee2c6050>,72,25,[2 5],97,155,180,58,151
1,<environment.Job instance at 0x1493ee2c6550>,75,2,[ 2 10],101,161,163,60,151
1,<environment.Job instance at 0x1493ee2c6d20>,76,3,[2 9],102,163,166,61,151
1,<environment.Job instance at 0x1493ee2c6320>,78,16,[1 8],105,166,182,61,153
1,<environment.Job instance at 0x1493f26f7320>,36,1,[1 8],50,182,183,132,155
1,<environment.Job instance at 0x1493ee2c6be0>,80,3,[8 2],108,166,169,58,155
1,<environment.Job instance at 0x1493ee2c6870>,81,2,[2 5],109,180,182,71,155
1,<environment.Job instance at 0x1493ee2c65f0>,82,2,[7 2],110,169,171,59,155
1,<environment.Job instance at 0x1493eeccd820>,83,3,[2 5],112,182,185,70,156
1,<environment.Job instance at 0x1493eeccdaa0>,84,3,[5 2],114,171,174,57,156
1,<environment.Job instance at 0x1493ee2c6b90>,79,2,[6 2],107,174,176,67,157
1,<environment.Job instance at 0x1493eeccdd20>,86,2,[10  1],117,163,165,46,158
1,<environment.Job instance at 0x1493eeccd910>,87,1,[ 1 10],118,183,184,65,158
1,<environment.Job instance at 0x1493eeccd9b0>,88,2,[1 9],120,184,186,64,158
1,<environment.Job instance at 0x1493eeccd2d0>,90,16,[ 2 10],123,186,202,63,173
1,<environment.Job instance at 0x1493eeccd780>,91,26,[2 5],124,185,211,61,182
1,<environment.Job instance at 0x1493eec79e60>,92,14,[ 1 10],126,202,216,76,187
1,<environment.Job instance at 0x1493eec79f50>,93,3,[8 2],127,211,214,84,187
1,<environment.Job instance at 0x1493eec790a0>,94,2,[9 1],128,214,216,86,187
1,<environment.Job instance at 0x14a098f26a50>,3,2,[1 7],6,9,11,3,9
1,<environment.Job instance at 0x14a0439bc410>,6,16,[2 7],9,9,25,0,9
1,<environment.Job instance at 0x14a0439bc0a0>,7,3,[5 1],10,13,16,3,13
1,<environment.Job instance at 0x14a043a0c7d0>,11,28,[1 9],15,25,53,10,24
1,<environment.Job instance at 0x14a043a0c460>,12,3,[6 2],16,24,27,8,24
1,<environment.Job instance at 0x14a043a0c910>,13,13,[1 5],17,27,40,10,24
1,<environment.Job instance at 0x14a043a0c050>,14,1,[1 7],18,53,54,35,25
1,<environment.Job instance at 0x14a043546a00>,15,14,[6 2],20,40,54,20,30
1,<environment.Job instance at 0x14a0439b42d0>,21,22,[8 2],28,40,62,12,33
1,<environment.Job instance at 0x14a0439f5d20>,22,3,[2 6],29,54,57,25,33
1,<environment.Job instance at 0x14a0439f5780>,23,3,[7 2],30,57,60,27,33
1,<environment.Job instance at 0x14a0439f7910>,24,20,[ 1 10],32,60,80,28,51
1,<environment.Job instance at 0x14a0439f4eb0>,25,1,[6 1],34,60,61,26,53
1,<environment.Job instance at 0x14a0432e6280>,27,3,[2 8],37,80,83,43,54
1,<environment.Job instance at 0x14a0439f4280>,28,2,[1 9],38,83,85,45,56
1,<environment.Job instance at 0x14a0432e4190>,29,13,[1 6],39,80,93,41,64
1,<environment.Job instance at 0x14a0432e4410>,30,3,[1 8],41,85,88,44,64
1,<environment.Job instance at 0x14a0432e43c0>,31,3,[8 1],42,65,68,23,65
1,<environment.Job instance at 0x14a0432e4910>,33,2,[5 1],44,65,67,21,65
1,<environment.Job instance at 0x14a0432e4730>,34,3,[9 2],45,68,71,23,66
1,<environment.Job instance at 0x14a0432e4be0>,35,3,[10  2],47,71,74,24,67
1,<environment.Job instance at 0x14a0432e4140>,36,3,[1 6],48,88,91,40,67
1,<environment.Job instance at 0x14a0432e40a0>,37,2,[2 7],49,91,93,42,67
1,<environment.Job instance at 0x14a0432e4d70>,38,2,[8 2],50,74,76,24,68
1,<environment.Job instance at 0x14a0432e4f00>,39,14,[2 5],51,93,107,42,78
1,<environment.Job instance at 0x14a0432e4050>,40,1,[8 1],53,78,79,25,78
1,<environment.Job instance at 0x14a043a06aa0>,41,1,[ 1 10],54,93,94,39,78
1,<environment.Job instance at 0x14a0439ec690>,42,3,[1 6],55,94,97,39,78
1,<environment.Job instance at 0x14a0432e4780>,43,2,[2 8],56,97,99,41,78
1,<environment.Job instance at 0x14a0435603c0>,44,1,[2 9],57,99,100,42,78
1,<environment.Job instance at 0x14a043560e10>,45,2,[2 5],58,100,102,42,78
1,<environment.Job instance at 0x14a043560f50>,46,1,[1 7],59,102,103,43,78
1,<environment.Job instance at 0x14a043560e60>,47,14,[5 1],60,94,108,34,79
1,<environment.Job instance at 0x14a0435506e0>,52,1,[8 1],70,103,104,33,93
1,<environment.Job instance at 0x14a043550190>,53,1,[7 2],72,94,95,22,94
1,<environment.Job instance at 0x14a043556320>,54,2,[10  1],74,107,109,33,95
1,<environment.Job instance at 0x14a043556b40>,55,2,[2 7],75,104,106,29,95
1,<environment.Job instance at 0x14a04355fc80>,56,18,[1 7],79,108,126,29,97
1,<environment.Job instance at 0x14a04355f3c0>,57,3,[1 9],80,126,129,46,100
1,<environment.Job instance at 0x14a04355fc30>,58,3,[6 1],83,100,103,17,100
1,<environment.Job instance at 0x14a04355fe60>,59,2,[12  2],85,109,111,24,100
1,<environment.Job instance at 0x14a043a17cd0>,60,17,[ 1 10],86,129,146,43,117
1,<environment.Job instance at 0x14a04355fa00>,61,2,[5 2],87,117,119,30,117
1,<environment.Job instance at 0x14a043a172d0>,62,2,[1 5],89,117,119,28,117
1,<environment.Job instance at 0x14a04355ca00>,63,2,[7 2],90,119,121,29,117
1,<environment.Job instance at 0x14a04355c8c0>,64,18,[1 7],91,146,164,55,135
1,<environment.Job instance at 0x14a04355c5a0>,65,2,[2 7],93,146,148,53,135
1,<environment.Job instance at 0x14a04355c820>,66,2,[9 2],94,135,137,41,135
1,<environment.Job instance at 0x14a04355cd70>,67,15,[1 9],95,164,179,69,150
1,<environment.Job instance at 0x14a0432ed0f0>,68,1,[1 5],98,150,151,52,150
1,<environment.Job instance at 0x14a0432ed5a0>,69,1,[10  2],101,150,151,49,150
1,<environment.Job instance at 0x14a0432ed050>,70,1,[8 1],102,151,152,49,150
1,<environment.Job instance at 0x14a0432ed780>,71,2,[1 6],103,151,153,48,150
1,<environment.Job instance at 0x14a0432ed730>,72,2,[2 6],106,153,155,47,150
1,<environment.Job instance at 0x14a0432ed8c0>,73,1,[8 1],107,152,153,45,150
1,<environment.Job instance at 0x14a0432eda00>,74,2,[1 5],108,155,157,47,150
1,<environment.Job instance at 0x14a0432ed460>,75,17,[9 2],110,153,170,43,150
1,<environment.Job instance at 0x14a0432edaa0>,76,3,[2 8],111,179,182,68,153
1,<environment.Job instance at 0x14a0432eda50>,77,2,[10  2],113,170,172,57,153
1,<environment.Job instance at 0x14a0432ed820>,78,3,[8 1],117,172,175,55,153
1,<environment.Job instance at 0x14a0432edfa0>,81,12,[1 7],121,179,191,58,162
1,<environment.Job instance at 0x14a0432f42d0>,82,16,[1 7],122,182,198,60,169
1,<environment.Job instance at 0x14a0432f4370>,83,2,[9 1],123,175,177,52,169
1,<environment.Job instance at 0x14a0432f4410>,84,18,[2 5],124,191,209,67,180
1,<environment.Job instance at 0x14a0432f44b0>,85,2,[1 5],125,198,200,73,180
1,<environment.Job instance at 0x14a0432f40f0>,86,3,[2 5],127,198,201,71,180
1,<environment.Job instance at 0x14a0432f45a0>,87,3,[8 1],128,182,185,54,180
1,<environment.Job instance at 0x14a0432f4690>,88,3,[1 6],129,201,204,72,180
1,<environment.Job instance at 0x14a0432f46e0>,90,1,[5 2],133,191,192,58,180
1,<environment.Job instance at 0x14a0432f4870>,91,1,[5 2],134,192,193,58,180
1,<environment.Job instance at 0x14a0432f4640>,92,16,[1 9],136,204,220,68,191
1,<environment.Job instance at 0x14a0432f49b0>,93,18,[1 5],137,209,227,72,198
1,<environment.Job instance at 0x14a0432f4af0>,94,1,[ 2 10],138,220,221,82,198
1,<environment.Job instance at 0x14a0432f4b90>,95,3,[7 1],139,200,203,61,198
1,<environment.Job instance at 0x14a0439bc3c0>,8,13,[ 2 10],11,221,234,210,205
1,<environment.Job instance at 0x14a043a222d0>,5,3,[9 1],8,411,414,403,411
1,<environment.Job instance at 0x14a0432f9500>,1,2,[1 7],5,5,7,0,5
1,<environment.Job instance at 0x14a043308e60>,3,3,[2 9],8,8,11,0,8
1,<environment.Job instance at 0x14a0508643c0>,4,2,[6 1],12,12,14,0,12
1,<environment.Job instance at 0x14a050864e10>,6,1,[1 8],14,19,20,5,19
1,<environment.Job instance at 0x14a050864960>,9,1,[9 2],19,19,20,0,19
1,<environment.Job instance at 0x14a050864dc0>,10,14,[5 1],20,22,36,2,22
1,<environment.Job instance at 0x14a050864c80>,12,3,[1 7],22,22,25,0,22
1,<environment.Job instance at 0x14a051484cd0>,13,2,[2 8],23,25,27,2,23
1,<environment.Job instance at 0x14a050815d20>,14,3,[1 5],24,24,27,0,24
1,<environment.Job instance at 0x14a050815550>,15,15,[1 5],25,27,42,2,25
1,<environment.Job instance at 0x14a0508587d0>,17,3,[2 7],28,28,31,0,28
1,<environment.Job instance at 0x14a051450e60>,18,2,[ 2 10],30,36,38,6,30
1,<environment.Job instance at 0x14a05139b690>,21,16,[6 1],37,38,54,1,37
1,<environment.Job instance at 0x14a05139bcd0>,20,3,[10  2],35,54,57,19,39
1,<environment.Job instance at 0x14a0509204b0>,23,18,[2 5],40,40,58,0,40
1,<environment.Job instance at 0x14a050920960>,22,12,[10  2],39,57,69,18,40
1,<environment.Job instance at 0x14a050864640>,7,2,[2 5],16,43,45,27,43
1,<environment.Job instance at 0x14a0508a21e0>,24,1,[5 2],41,44,45,3,44
1,<environment.Job instance at 0x14a05087edc0>,27,17,[1 5],44,45,62,1,44
1,<environment.Job instance at 0x14a05084c410>,29,1,[1 9],46,62,63,16,47
1,<environment.Job instance at 0x14a05076e690>,31,2,[5 1],49,49,51,0,49
1,<environment.Job instance at 0x14a05076ea50>,32,12,[1 9],50,63,75,13,50
1,<environment.Job instance at 0x14a05083bd20>,28,1,[1 8],45,58,59,13,50
1,<environment.Job instance at 0x14a05076ed20>,34,1,[ 1 10],52,75,76,23,53
1,<environment.Job instance at 0x14a050782e60>,36,3,[1 8],54,59,62,5,54
1,<environment.Job instance at 0x14a050782780>,37,18,[ 2 10],56,76,94,20,65
1,<environment.Job instance at 0x14a0507826e0>,38,3,[ 1 10],57,94,97,37,68
1,<environment.Job instance at 0x14a050782f50>,39,2,[8 2],58,69,71,11,68
1,<environment.Job instance at 0x14a050782eb0>,40,2,[ 2 10],60,97,99,37,70
1,<environment.Job instance at 0x14a050782e10>,41,2,[2 5],61,71,73,10,70
1,<environment.Job instance at 0x14a050782230>,42,1,[1 5],62,73,74,11,70
1,<environment.Job instance at 0x14a050782410>,43,3,[11  1],63,71,74,8,70
1,<environment.Job instance at 0x14a050780320>,44,12,[2 6],64,99,111,35,82
1,<environment.Job instance at 0x14a05082f280>,45,3,[2 6],65,99,102,34,82
1,<environment.Job instance at 0x14a0508de870>,46,18,[ 1 10],77,111,129,34,100
1,<environment.Job instance at 0x14a050869640>,47,26,[2 5],78,102,128,24,100
1,<environment.Job instance at 0x14a0507deaa0>,49,1,[10  1],80,100,101,20,100
1,<environment.Job instance at 0x14a0507de9b0>,50,2,[5 2],81,101,103,20,100
1,<environment.Job instance at 0x14a050b2c7d0>,51,3,[6 1],83,101,104,18,100
1,<environment.Job instance at 0x14a051485b40>,52,1,[8 2],84,104,105,20,100
1,<environment.Job instance at 0x14a051485230>,53,25,[1 8],85,129,154,44,125
1,<environment.Job instance at 0x14a0514853c0>,54,26,[2 9],86,154,180,68,151
1,<environment.Job instance at 0x14a051485960>,55,15,[7 2],89,151,166,62,151
1,<environment.Job instance at 0x14a0514855f0>,56,13,[ 2 10],91,180,193,89,164
1,<environment.Job instance at 0x14a051485b90>,57,3,[1 6],92,166,169,74,164
1,<environment.Job instance at 0x14a051485460>,58,2,[1 6],93,169,171,76,164
1,<environment.Job instance at 0x14a051485870>,59,2,[1 7],94,193,195,99,166
1,<environment.Job instance at 0x14a051485780>,60,22,[2 7],95,193,215,98,186
1,<environment.Job instance at 0x14a051485f50>,61,1,[5 1],97,186,187,89,186
1,<environment.Job instance at 0x14a051485f00>,62,2,[2 8],98,195,197,97,186
1,<environment.Job instance at 0x14a051485c30>,63,18,[2 8],99,197,215,98,186
1,<environment.Job instance at 0x14a0514850a0>,64,2,[9 2],100,187,189,87,186
1,<environment.Job instance at 0x14a051485a00>,65,2,[6 1],102,189,191,87,186
1,<environment.Job instance at 0x14a050921230>,66,1,[10  1],103,191,192,88,186
1,<environment.Job instance at 0x14a050921af0>,67,2,[6 1],104,189,191,85,186
1,<environment.Job instance at 0x14a050921cd0>,68,13,[2 9],105,215,228,110,199
1,<environment.Job instance at 0x14a0509214b0>,69,3,[9 1],109,215,218,106,199
1,<environment.Job instance at 0x14a050921730>,70,3,[1 7],110,228,231,118,202
1,<environment.Job instance at 0x14a0509211e0>,72,2,[1 5],112,215,217,103,202
1,<environment.Job instance at 0x14a050921410>,73,15,[ 1 10],115,231,246,116,217
1,<environment.Job instance at 0x14a050921e10>,75,1,[7 1],119,218,219,99,217
1,<environment.Job instance at 0x14a0509213c0>,76,2,[1 8],121,228,230,107,217
1,<environment.Job instance at 0x14a050921a50>,77,1,[1 6],122,219,220,97,217
1,<environment.Job instance at 0x14a050921550>,79,2,[8 2],124,220,222,96,217
1,<environment.Job instance at 0x14a050921eb0>,80,2,[5 2],125,220,222,95,217
1,<environment.Job instance at 0x14a050921d70>,81,3,[1 8],127,246,249,119,220
1,<environment.Job instance at 0x14a0509210f0>,82,2,[5 2],129,222,224,93,220
1,<environment.Job instance at 0x14a0509215f0>,83,2,[2 7],131,246,248,115,220
1,<environment.Job instance at 0x14a050796b40>,84,3,[ 2 10],133,249,252,116,223
1,<environment.Job instance at 0x14a0507961e0>,85,1,[1 5],134,224,225,90,223
1,<environment.Job instance at 0x14a050796fa0>,86,2,[1 9],135,252,254,117,225
1,<environment.Job instance at 0x14a0507965a0>,87,17,[1 7],136,254,271,118,242
1,<environment.Job instance at 0x14a0507fe910>,88,2,[5 2],138,242,244,104,242
1,<environment.Job instance at 0x14a0507fea00>,89,2,[1 5],139,244,246,105,242
1,<environment.Job instance at 0x14a05083b460>,26,14,[12  1],43,248,262,205,246
1,<environment.Job instance at 0x14a0515283c0>,4,1,[6 2],7,7,8,0,7
1,<environment.Job instance at 0x14a042cfa410>,8,2,[1 8],11,11,13,0,11
1,<environment.Job instance at 0x14a0439eb410>,9,2,[12  1],12,12,14,0,12
1,<environment.Job instance at 0x14a042cea7d0>,11,27,[5 1],14,14,41,0,14
1,<environment.Job instance at 0x14a042cfeeb0>,13,17,[1 9],16,16,33,0,16
1,<environment.Job instance at 0x14a042cfe870>,15,1,[6 1],19,23,24,4,23
1,<environment.Job instance at 0x14a042cd0f50>,21,15,[2 7],29,33,48,4,29
1,<environment.Job instance at 0x14a042cfe190>,17,13,[5 2],22,30,43,8,30
1,<environment.Job instance at 0x14a042d42d20>,23,12,[1 9],31,48,60,17,31
1,<environment.Job instance at 0x14a052e2bb90>,24,14,[ 2 10],32,60,74,28,45
1,<environment.Job instance at 0x14a042d42690>,25,2,[6 2],33,45,47,12,45
1,<environment.Job instance at 0x14a042b6fa50>,27,1,[6 2],36,45,46,9,45
1,<environment.Job instance at 0x14a04399baa0>,28,2,[1 6],38,46,48,8,46
1,<environment.Job instance at 0x14a042b6fbe0>,30,2,[ 1 10],41,74,76,33,47
1,<environment.Job instance at 0x14a042bd5640>,31,2,[6 1],42,47,49,5,47
1,<environment.Job instance at 0x14a04699c320>,22,2,[2 8],30,76,78,46,49
1,<environment.Job instance at 0x14a042bd5c80>,33,3,[2 6],44,49,52,5,49
1,<environment.Job instance at 0x14a042bd5910>,32,2,[10  2],43,52,54,9,49
1,<environment.Job instance at 0x14a042bd5a50>,35,1,[9 1],48,54,55,6,49
1,<environment.Job instance at 0x14a042bd5be0>,34,2,[7 2],46,55,57,9,50
1,<environment.Job instance at 0x14a042b1f960>,37,26,[1 7],50,76,102,26,73
1,<environment.Job instance at 0x14a042b1f730>,40,1,[1 7],55,78,79,23,75
1,<environment.Job instance at 0x14a0537682d0>,39,2,[2 6],54,79,81,25,75
1,<environment.Job instance at 0x14a042bd55f0>,36,3,[1 9],49,102,105,53,76
1,<environment.Job instance at 0x14a042b6ddc0>,42,2,[6 2],57,79,81,22,78
1,<environment.Job instance at 0x14a042b6d7d0>,46,3,[1 9],61,105,108,44,79
1,<environment.Job instance at 0x14a042b6dc30>,47,3,[13  2],62,106,109,44,106
1,<environment.Job instance at 0x14a042b6d730>,48,2,[8 1],63,109,111,46,106
1,<environment.Job instance at 0x14a042b6daf0>,49,14,[ 2 10],64,108,122,44,106
1,<environment.Job instance at 0x14a046e83cd0>,51,1,[8 2],66,111,112,45,107
1,<environment.Job instance at 0x14a045c39fa0>,54,25,[2 6],71,122,147,51,118
1,<environment.Job instance at 0x14a042b6d3c0>,44,1,[7 2],59,118,119,59,118
1,<environment.Job instance at 0x14a042c859b0>,55,2,[2 8],72,122,124,50,118
1,<environment.Job instance at 0x14a042c85820>,56,2,[1 5],73,119,121,46,118
1,<environment.Job instance at 0x14a045e93910>,58,3,[2 5],76,124,127,48,118
1,<environment.Job instance at 0x14a042d3e960>,59,3,[2 5],79,127,130,48,118
1,<environment.Job instance at 0x14a042d3ef50>,60,17,[1 7],82,130,147,48,118
1,<environment.Job instance at 0x14a042d3ee10>,61,1,[1 5],86,121,122,35,118
1,<environment.Job instance at 0x14a042d3ea00>,62,2,[5 1],89,122,124,33,118
1,<environment.Job instance at 0x14a045c39870>,53,15,[7 2],69,124,139,55,119
1,<environment.Job instance at 0x14a042bd7730>,65,12,[1 8],92,147,159,55,139
1,<environment.Job instance at 0x14a05009c500>,68,2,[1 5],96,147,149,51,143
1,<environment.Job instance at 0x14a043ae5c80>,69,16,[1 7],97,149,165,52,143
1,<environment.Job instance at 0x14a05009cf00>,67,1,[ 1 13],95,165,166,70,152
1,<environment.Job instance at 0x14a042bd77d0>,63,1,[1 7],90,159,160,69,152
1,<environment.Job instance at 0x14a042bb9960>,72,3,[2 5],102,160,163,58,152
1,<environment.Job instance at 0x14a042bb93c0>,71,1,[12  2],100,160,161,60,152
1,<environment.Job instance at 0x14a042bb9e60>,77,18,[1 8],107,166,184,59,162
1,<environment.Job instance at 0x14a042c720f0>,86,1,[1 8],124,184,185,60,166
1,<environment.Job instance at 0x14a042c72140>,88,3,[1 5],126,166,169,40,166
1,<environment.Job instance at 0x14a042c72550>,90,3,[7 2],130,170,173,40,170
1,<environment.Job instance at 0x14a042c72410>,91,1,[2 8],131,185,186,54,170
1,<environment.Job instance at 0x14a042bd7190>,66,3,[1 6],94,173,176,79,170
1,<environment.Job instance at 0x14a042bb98c0>,73,3,[1 7],103,193,196,90,193
1,<environment.Job instance at 0x14a042c72690>,92,1,[5 2],132,207,208,75,207
1,<environment.Job instance at 0x14a042cfe550>,16,1,[8 1],21,211,212,190,211
1,<environment.Job instance at 0x14a042c72640>,2,12,[1 8],3,3,15,0,3
1,<environment.Job instance at 0x14a051528050>,10,1,[13  1],13,13,14,0,13
1,<environment.Job instance at 0x14a0515280f0>,11,22,[7 2],15,15,37,0,15
1,<environment.Job instance at 0x14a051528c80>,12,1,[2 7],16,31,32,15,31
1,<environment.Job instance at 0x14a0515288c0>,15,2,[2 8],23,32,34,9,31
1,<environment.Job instance at 0x14a0507557d0>,19,15,[7 1],27,38,53,11,38
1,<environment.Job instance at 0x14a042cfa410>,21,2,[6 1],29,38,40,9,38
1,<environment.Job instance at 0x14a042cfab90>,22,3,[2 8],31,38,41,7,38
1,<environment.Job instance at 0x14a042cfab40>,23,2,[5 2],32,40,42,8,38
1,<environment.Job instance at 0x14a042cfaa00>,24,2,[2 7],33,41,43,8,38
1,<environment.Job instance at 0x14a042cfa050>,25,3,[1 8],34,43,46,9,38
1,<environment.Job instance at 0x14a042cfa780>,26,22,[9 1],35,53,75,18,46
1,<environment.Job instance at 0x14a042ceac80>,32,3,[ 2 12],42,47,50,5,47
1,<environment.Job instance at 0x14a042cea370>,34,3,[6 2],45,59,62,14,59
1,<environment.Job instance at 0x14a046e6ab90>,35,2,[1 6],47,62,64,15,59
1,<environment.Job instance at 0x14a046e8bfa0>,36,1,[12  1],48,75,76,27,60
1,<environment.Job instance at 0x14a046e8b280>,37,18,[2 8],49,62,80,13,60
1,<environment.Job instance at 0x14a046ada640>,38,1,[7 1],53,76,77,23,62
1,<environment.Job instance at 0x14a042c1a8c0>,39,2,[2 5],54,64,66,10,62
1,<environment.Job instance at 0x14a046f3ca00>,40,1,[5 2],55,76,77,21,62
1,<environment.Job instance at 0x14a051485320>,42,1,[2 5],57,67,68,10,67
1,<environment.Job instance at 0x14a046e12d70>,43,14,[10  2],58,77,91,19,71
1,<environment.Job instance at 0x14a050036410>,44,1,[1 5],59,71,72,12,71
1,<environment.Job instance at 0x14a042bc5370>,45,1,[8 1],62,91,92,29,71
1,<environment.Job instance at 0x14a046b575a0>,47,2,[2 7],64,80,82,16,71
1,<environment.Job instance at 0x14a045f272d0>,49,1,[1 5],68,73,74,5,73
1,<environment.Job instance at 0x14a051436230>,51,18,[10  2],70,92,110,22,85
1,<environment.Job instance at 0x14a046af77d0>,52,2,[2 6],71,85,87,14,85
1,<environment.Job instance at 0x14a0469a4500>,53,1,[7 1],72,91,92,19,85
1,<environment.Job instance at 0x14a051396280>,54,13,[1 8],73,92,105,19,85
1,<environment.Job instance at 0x14a0439ebd70>,55,3,[ 2 10],74,87,90,13,85
1,<environment.Job instance at 0x14a0460d65f0>,56,1,[1 7],75,85,86,10,85
1,<environment.Job instance at 0x14a043973190>,57,18,[2 7],79,105,123,26,94
1,<environment.Job instance at 0x14a043973c80>,59,1,[2 9],82,123,124,41,95
1,<environment.Job instance at 0x14a043973140>,60,2,[ 2 10],85,124,126,39,97
1,<environment.Job instance at 0x14a046b100f0>,61,2,[7 1],86,110,112,24,97
1,<environment.Job instance at 0x14a046b108c0>,62,3,[1 5],87,97,100,10,97
1,<environment.Job instance at 0x14a046b10e60>,63,2,[5 2],88,110,112,22,97
1,<environment.Job instance at 0x14a046b10280>,64,1,[10  2],89,112,113,23,97
1,<environment.Job instance at 0x14a046ac4f50>,65,1,[10  1],90,113,114,23,97
1,<environment.Job instance at 0x14a045f106e0>,66,16,[10  2],91,114,130,23,101
1,<environment.Job instance at 0x14a043a1e1e0>,67,1,[8 2],93,130,131,37,102
1,<environment.Job instance at 0x14a043a1e370>,68,2,[2 9],94,126,128,32,102
1,<environment.Job instance at 0x14a045c98aa0>,69,3,[9 2],96,131,134,35,105
1,<environment.Job instance at 0x14a046bc0190>,71,1,[1 5],99,105,106,6,105
1,<environment.Job instance at 0x14a0514fca50>,73,15,[5 2],103,145,160,42,145
1,<environment.Job instance at 0x14a050805910>,80,2,[8 1],116,145,147,29,145
1,<environment.Job instance at 0x14a050805190>,81,2,[9 2],118,147,149,29,145
1,<environment.Job instance at 0x14a050805fa0>,82,2,[6 1],119,149,151,30,145
1,<environment.Job instance at 0x14a0508053c0>,83,3,[ 1 10],120,145,148,25,145
1,<environment.Job instance at 0x14a050805320>,84,1,[7 1],121,151,152,30,145
1,<environment.Job instance at 0x14a0508050a0>,85,2,[1 6],122,148,150,26,145
1,<environment.Job instance at 0x14a046e702d0>,86,2,[1 6],123,149,151,26,145
1,<environment.Job instance at 0x14a05138fb40>,88,1,[10  1],126,152,153,26,146
1,<environment.Job instance at 0x14a05138f7d0>,89,3,[6 2],127,153,156,26,146
1,<environment.Job instance at 0x14a05138ff50>,90,1,[2 8],128,151,152,23,146
1,<environment.Job instance at 0x14a05138fd70>,91,1,[6 1],130,156,157,26,146
1,<environment.Job instance at 0x14a05138f4b0>,93,3,[7 1],133,157,160,24,146
1,<environment.Job instance at 0x14a0439f4500>,94,3,[2 7],135,153,156,18,146
1,<environment.Job instance at 0x14a050920780>,95,1,[8 1],136,160,161,24,146
1,<environment.Job instance at 0x14a046af3fa0>,1,3,[2 7],3,3,6,0,3
1,<environment.Job instance at 0x14a043a04aa0>,6,2,[1 5],9,10,12,1,10
1,<environment.Job instance at 0x14a043a04690>,11,2,[2 6],20,20,22,0,20
1,<environment.Job instance at 0x14a043a04a00>,12,2,[2 5],22,22,24,0,22
1,<environment.Job instance at 0x14a043a045f0>,13,16,[ 2 10],23,23,39,0,23
1,<environment.Job instance at 0x14a043a04e10>,14,1,[1 9],26,39,40,13,27
1,<environment.Job instance at 0x14a051505e60>,17,3,[8 1],30,30,33,0,30
1,<environment.Job instance at 0x14a051505e10>,18,3,[2 5],32,33,36,1,32
1,<environment.Job instance at 0x14a051505d20>,19,13,[1 9],34,40,53,6,34
1,<environment.Job instance at 0x14a05152b690>,21,1,[1 9],37,53,54,16,41
1,<environment.Job instance at 0x14a05152b5f0>,23,3,[ 1 10],40,54,57,14,43
1,<environment.Job instance at 0x14a05152bc30>,24,2,[8 2],41,43,45,2,43
1,<environment.Job instance at 0x14a05152b8c0>,26,2,[8 1],43,45,47,2,43
1,<environment.Job instance at 0x14a051511960>,28,12,[13  2],46,47,59,1,47
1,<environment.Job instance at 0x14a051511fa0>,29,2,[1 9],49,57,59,8,49
1,<environment.Job instance at 0x14a051511eb0>,30,3,[1 7],51,59,62,8,51
1,<environment.Job instance at 0x14a051511dc0>,31,15,[ 1 10],52,62,77,10,52
1,<environment.Job instance at 0x14a0515259b0>,37,3,[2 6],60,77,80,17,60
1,<environment.Job instance at 0x14a0513e0820>,40,2,[9 1],63,63,65,0,63
1,<environment.Job instance at 0x14a0513e08c0>,41,2,[2 7],65,77,79,12,65
1,<environment.Job instance at 0x14a0513e05a0>,42,2,[10  1],67,67,69,0,67
1,<environment.Job instance at 0x14a0513e02d0>,43,15,[8 1],69,69,84,0,69
1,<environment.Job instance at 0x14a0513e0870>,44,1,[6 2],70,70,71,0,70
1,<environment.Job instance at 0x14a046e1baf0>,45,1,[ 2 10],72,80,81,8,72
1,<environment.Job instance at 0x14a046e1b960>,46,2,[5 2],75,75,77,0,75
1,<environment.Job instance at 0x14a0435392d0>,47,14,[ 1 10],76,81,95,5,76
1,<environment.Job instance at 0x14a051505c80>,15,18,[7 1],27,84,102,57,77
1,<environment.Job instance at 0x14a043539fa0>,53,1,[2 9],84,95,96,11,86
1,<environment.Job instance at 0x14a046a53140>,56,14,[1 9],88,96,110,8,88
1,<environment.Job instance at 0x14a046a53eb0>,57,15,[1 5],89,95,110,6,90
1,<environment.Job instance at 0x14a043313be0>,59,3,[10  1],93,102,105,9,93
1,<environment.Job instance at 0x14a0513fa3c0>,60,1,[6 2],94,94,95,0,94
1,<environment.Job instance at 0x14a0513fa050>,63,1,[1 9],99,110,111,11,99
1,<environment.Job instance at 0x14a0432dd190>,65,1,[2 9],101,111,112,10,101
1,<environment.Job instance at 0x14a0433137d0>,58,1,[1 5],92,110,111,18,105
1,<environment.Job instance at 0x14a0432dd910>,68,1,[2 7],106,112,113,6,106
1,<environment.Job instance at 0x14a046e27e60>,69,2,[1 9],107,113,115,6,107
1,<environment.Job instance at 0x14a046e27b40>,70,16,[2 5],108,111,127,3,108
1,<environment.Job instance at 0x14a0432dd410>,67,2,[1 7],105,115,117,10,109
1,<environment.Job instance at 0x14a04353b320>,71,3,[1 8],110,117,120,7,110
1,<environment.Job instance at 0x14a04354a190>,72,17,[8 2],113,115,132,2,113
1,<environment.Job instance at 0x14a050830af0>,75,2,[1 6],117,120,122,3,117
1,<environment.Job instance at 0x14a0515285a0>,74,1,[2 7],116,122,123,6,117
1,<environment.Job instance at 0x14a0513e70f0>,77,2,[7 1],120,127,129,7,120
1,<environment.Job instance at 0x14a0469a9960>,78,18,[7 1],121,129,147,8,121
1,<environment.Job instance at 0x14a0469a9be0>,79,13,[8 2],122,132,145,10,122
1,<environment.Job instance at 0x14a046e36640>,76,3,[8 2],118,145,148,27,126
1,<environment.Job instance at 0x14a045e70a00>,82,1,[10  1],129,148,149,19,130
1,<environment.Job instance at 0x14a051516690>,83,24,[1 8],130,147,171,17,142
1,<environment.Job instance at 0x14a0469a9640>,84,3,[1 7],131,149,152,18,142
1,<environment.Job instance at 0x14a0507ec410>,87,1,[1 7],135,152,153,17,143
1,<environment.Job instance at 0x14a0469977d0>,88,3,[2 9],136,171,174,35,145
1,<environment.Job instance at 0x14a045cffc30>,89,3,[ 1 14],137,174,177,37,148
1,<environment.Job instance at 0x14a0469a98c0>,81,12,[ 2 10],128,177,189,49,160
1,<environment.Job instance at 0x14a043a04b90>,2,1,[11  1],4,4,5,0,4
1,<environment.Job instance at 0x14a05007f960>,4,17,[2 8],7,7,24,0,7
1,<environment.Job instance at 0x14a046e43e10>,10,2,[2 9],14,24,26,10,14
1,<environment.Job instance at 0x14a046e43190>,11,2,[2 8],15,26,28,11,15
1,<environment.Job instance at 0x14a046e43d20>,15,1,[2 9],23,28,29,5,23
1,<environment.Job instance at 0x14a0500cdfa0>,17,3,[2 7],26,29,32,3,26
1,<environment.Job instance at 0x14a0500cd500>,18,1,[10  1],27,28,29,1,28
1,<environment.Job instance at 0x14a0508161e0>,21,2,[2 9],30,32,34,2,30
1,<environment.Job instance at 0x14a0508165f0>,22,18,[2 7],31,34,52,3,31
1,<environment.Job instance at 0x14a050816500>,23,3,[1 5],32,32,35,0,32
1,<environment.Job instance at 0x14a0435491e0>,24,3,[1 6],33,35,38,2,33
1,<environment.Job instance at 0x14a043549730>,25,2,[2 6],34,38,40,4,34
1,<environment.Job instance at 0x14a0435498c0>,26,1,[9 1],35,38,39,3,38
1,<environment.Job instance at 0x14a045fd5e60>,29,16,[5 1],39,39,55,0,39
1,<environment.Job instance at 0x14a050816730>,19,15,[1 7],28,40,55,12,39
1,<environment.Job instance at 0x14a050803c30>,36,1,[9 2],49,52,53,3,49
1,<environment.Job instance at 0x14a050803230>,37,3,[2 8],50,55,58,5,50
1,<environment.Job instance at 0x14a05074b910>,38,13,[1 6],51,53,66,2,51
1,<environment.Job instance at 0x14a0537727d0>,39,17,[ 1 14],52,66,83,14,54
1,<environment.Job instance at 0x14a053772a50>,41,12,[1 9],54,87,99,33,87
1,<environment.Job instance at 0x14a042ea44b0>,56,1,[7 2],71,100,101,29,100
1,<environment.Job instance at 0x14a0431aea50>,58,1,[ 1 10],73,100,101,27,100
1,<environment.Job instance at 0x14a0431aeaf0>,59,2,[2 6],74,101,103,27,100
1,<environment.Job instance at 0x14a0431ae4b0>,60,1,[ 2 10],75,103,104,28,100
1,<environment.Job instance at 0x14a0431ae320>,61,1,[2 9],77,101,102,24,100
1,<environment.Job instance at 0x14a0431ae0f0>,63,12,[2 8],84,114,126,30,114
1,<environment.Job instance at 0x14a042ed8a00>,68,1,[2 7],91,135,136,44,135
1,<environment.Job instance at 0x14a043549eb0>,28,2,[1 8],38,152,154,114,152
1,<environment.Job instance at 0x14a042ed8af0>,70,12,[8 1],94,152,164,58,152
1,<environment.Job instance at 0x14a053772050>,44,2,[11  2],57,164,166,107,152
1,<environment.Job instance at 0x14a042edc410>,72,2,[7 1],99,154,156,55,152
1,<environment.Job instance at 0x14a042edcc80>,73,1,[1 8],100,156,157,56,152
1,<environment.Job instance at 0x14a04300b5a0>,74,18,[1 9],101,157,175,56,152
1,<environment.Job instance at 0x14a04300b910>,75,15,[1 9],103,175,190,72,161
1,<environment.Job instance at 0x14a053705a00>,77,3,[5 1],106,161,164,55,161
1,<environment.Job instance at 0x14a04300bc80>,78,2,[5 2],107,166,168,59,161
1,<environment.Job instance at 0x14a04300b9b0>,76,2,[ 1 10],105,190,192,85,163
1,<environment.Job instance at 0x14a053705780>,79,13,[ 2 12],110,192,205,82,177
1,<environment.Job instance at 0x14a046f0af50>,84,2,[10  2],117,178,180,61,178
1,<environment.Job instance at 0x14a04324ff50>,85,2,[ 2 14],118,205,207,87,178
1,<environment.Job instance at 0x14a0469cac80>,87,1,[ 2 10],122,207,208,85,179
1,<environment.Job instance at 0x14a042edcfa0>,71,1,[6 1],98,182,183,84,182
1,<environment.Job instance at 0x14a0942747d0>,90,12,[10  1],126,184,196,58,184
1,<environment.Job instance at 0x14a046a95c80>,89,16,[7 1],125,196,212,71,184
1,<environment.Job instance at 0x14a04396e730>,92,1,[5 2],128,196,197,68,184
1,<environment.Job instance at 0x14a045c71eb0>,93,13,[1 7],129,208,221,79,192
1,<environment.Job instance at 0x14a0451d9910>,91,12,[5 1],127,207,219,80,192
1,<environment.Job instance at 0x14a045e4dfa0>,83,2,[5 2],116,197,199,81,192
1,<environment.Job instance at 0x14a05138f230>,95,16,[1 6],131,208,224,77,195
1,<environment.Job instance at 0x14a0439e0eb0>,98,1,[9 2],135,219,220,84,195
1,<environment.Job instance at 0x14a045dd6e10>,99,3,[6 1],137,199,202,62,195
1,<environment.Job instance at 0x14a045dd6370>,100,1,[ 1 10],138,224,225,86,196
1,<environment.Job instance at 0x14a0435492d0>,27,1,[ 2 10],36,497,498,461,497
1,<environment.Job instance at 0x14a0439e0c30>,3,15,[2 9],5,7,22,2,7
1,<environment.Job instance at 0x14a046a3a3c0>,4,12,[1 5],6,8,20,2,8
1,<environment.Job instance at 0x14a0536e49b0>,8,2,[2 5],12,20,22,8,15
1,<environment.Job instance at 0x14a046ad93c0>,13,2,[1 9],21,22,24,1,21
1,<environment.Job instance at 0x14a045cc61e0>,14,1,[14  2],22,22,23,0,22
1,<environment.Job instance at 0x14a046a3c820>,15,1,[8 2],23,23,24,0,23
1,<environment.Job instance at 0x14a042b5ed20>,16,3,[ 2 13],24,24,27,0,24
1,<environment.Job instance at 0x14a053771aa0>,17,2,[7 1],26,26,28,0,26
1,<environment.Job instance at 0x14a0506f55a0>,18,2,[7 1],29,29,31,0,29
1,<environment.Job instance at 0x14a046a3a230>,5,3,[8 2],7,29,32,22,29
1,<environment.Job instance at 0x14a0506f5fa0>,19,17,[8 1],32,35,52,3,35
1,<environment.Job instance at 0x14a05372d640>,20,1,[6 1],33,35,36,2,35
1,<environment.Job instance at 0x14a0514365a0>,27,2,[2 8],42,50,52,8,50
1,<environment.Job instance at 0x14a046a3a5a0>,12,3,[2 8],19,52,55,33,52
1,<environment.Job instance at 0x14a0451cdc80>,31,1,[1 8],52,55,56,3,52
1,<environment.Job instance at 0x14a0507d6af0>,29,18,[1 9],50,56,74,6,52
1,<environment.Job instance at 0x14a045c6c820>,33,3,[2 7],55,74,77,19,55
1,<environment.Job instance at 0x14a045c6ceb0>,34,2,[ 2 10],56,77,79,21,56
1,<environment.Job instance at 0x14a045c99460>,35,18,[8 1],58,58,76,0,58
1,<environment.Job instance at 0x14a046b10aa0>,32,1,[9 1],54,76,77,22,58
1,<environment.Job instance at 0x14a046add780>,36,13,[1 6],59,79,92,20,63
1,<environment.Job instance at 0x14a046add1e0>,41,2,[ 2 10],67,92,94,25,76
1,<environment.Job instance at 0x14a046addd70>,39,16,[ 2 10],63,94,110,31,81
1,<environment.Job instance at 0x14a09425b640>,44,2,[ 1 10],70,110,112,40,83
1,<environment.Job instance at 0x14a0507f8a50>,48,15,[ 1 12],74,112,127,38,98
1,<environment.Job instance at 0x14a0507f8f50>,49,2,[1 7],75,127,129,52,100
1,<environment.Job instance at 0x14a0507f8550>,51,18,[8 2],77,100,118,23,100
1,<environment.Job instance at 0x14a0507f8dc0>,52,18,[1 9],78,129,147,51,118
1,<environment.Job instance at 0x14a0507f8c30>,54,17,[1 9],81,147,164,66,135
1,<environment.Job instance at 0x14a0507f8b90>,55,2,[2 5],82,135,137,53,135
1,<environment.Job instance at 0x14a0507f8230>,56,23,[6 1],83,135,158,52,135
1,<environment.Job instance at 0x14a050726f50>,60,13,[1 7],87,164,177,77,148
1,<environment.Job instance at 0x14a050726730>,61,3,[11  1],88,169,172,81,169
1,<environment.Job instance at 0x14a0507265f0>,62,2,[8 2],89,172,174,83,169
1,<environment.Job instance at 0x14a050726910>,63,13,[1 8],91,174,187,83,169
1,<environment.Job instance at 0x14a09425b730>,45,22,[9 1],71,177,199,106,170
1,<environment.Job instance at 0x14a050726640>,67,1,[8 2],96,199,200,103,171
1,<environment.Job instance at 0x14a043300730>,68,3,[1 8],100,187,190,87,171
1,<environment.Job instance at 0x14a043300960>,69,1,[2 6],103,171,172,68,171
1,<environment.Job instance at 0x14a043300050>,70,1,[2 7],105,190,191,85,171
1,<environment.Job instance at 0x14a043300e60>,71,1,[7 1],106,199,200,93,171
1,<environment.Job instance at 0x14a043300550>,72,3,[6 2],108,191,194,83,171
1,<environment.Job instance at 0x14a043300370>,73,2,[2 6],110,172,174,62,171
1,<environment.Job instance at 0x14a043300910>,74,14,[1 8],111,200,214,89,185
1,<environment.Job instance at 0x14a050726d70>,66,1,[1 8],95,194,195,99,185
1,<environment.Job instance at 0x14a043300640>,80,2,[1 9],118,195,197,77,185
1,<environment.Job instance at 0x14a046addc80>,37,12,[1 5],60,200,212,140,185
1,<environment.Job instance at 0x14a0433005a0>,75,17,[9 1],112,200,217,88,188
1,<environment.Job instance at 0x14a0433001e0>,84,3,[8 1],123,217,220,94,191
1,<environment.Job instance at 0x14a046e70aa0>,85,2,[2 6],124,197,199,73,191
1,<environment.Job instance at 0x14a051484c30>,90,3,[ 2 12],131,214,217,83,205
1,<environment.Job instance at 0x14a0506eb7d0>,93,3,[ 2 10],135,217,220,82,206
1,<environment.Job instance at 0x14a0506eba50>,95,2,[1 9],139,220,222,81,211
1,<environment.Job instance at 0x14a0433005f0>,83,2,[2 8],122,230,232,108,230
1,<environment.Job instance at 0x14a05372d910>,21,1,[7 2],34,260,261,226,260
1,<environment.Job instance at 0x14a042ba0d20>,6,2,[8 1],8,8,10,0,8
1,<environment.Job instance at 0x14a046e66c80>,9,2,[ 1 10],11,11,13,0,11
1,<environment.Job instance at 0x14a045c9ce10>,10,3,[10  2],12,12,15,0,12
1,<environment.Job instance at 0x14a046008780>,12,12,[2 5],16,16,28,0,16
1,<environment.Job instance at 0x14a046008460>,13,1,[1 5],18,21,22,3,21
1,<environment.Job instance at 0x14a046e5a8c0>,16,17,[5 2],22,35,52,13,35
1,<environment.Job instance at 0x14a0430294b0>,23,1,[8 2],30,42,43,12,42
1,<environment.Job instance at 0x14a043028640>,27,22,[6 2],34,43,65,9,42
1,<environment.Job instance at 0x14a045cf4b90>,28,3,[ 1 10],35,49,52,14,49
1,<environment.Job instance at 0x14a045cf4f50>,29,15,[ 1 10],36,52,67,16,49
1,<environment.Job instance at 0x14a042bce2d0>,30,2,[2 9],37,67,69,30,49
1,<environment.Job instance at 0x14a042bcecd0>,31,1,[12  2],38,65,66,27,50
1,<environment.Job instance at 0x14a042bced70>,32,2,[1 6],39,67,69,28,50
1,<environment.Job instance at 0x14a042bceaa0>,34,3,[6 2],42,52,55,10,50
1,<environment.Job instance at 0x14a042bce1e0>,35,1,[2 9],43,69,70,26,50
1,<environment.Job instance at 0x14a042bceeb0>,36,2,[8 2],46,55,57,9,51
1,<environment.Job instance at 0x14a0515018c0>,37,1,[1 5],49,66,67,17,51
1,<environment.Job instance at 0x14a042a653c0>,39,2,[5 1],52,57,59,5,53
1,<environment.Job instance at 0x14a042f54050>,21,13,[5 1],27,69,82,42,55
1,<environment.Job instance at 0x14a046ada230>,42,14,[1 6],60,70,84,10,60
1,<environment.Job instance at 0x14a046adadc0>,43,2,[2 5],61,69,71,8,61
1,<environment.Job instance at 0x14a046adae60>,44,12,[9 1],62,71,83,9,62
1,<environment.Job instance at 0x14a046f3caf0>,45,2,[6 2],63,83,85,20,68
1,<environment.Job instance at 0x14a043028960>,26,2,[14  1],33,85,87,52,69
1,<environment.Job instance at 0x14a046ac4550>,51,3,[2 7],70,82,85,12,71
1,<environment.Job instance at 0x14a045f8c730>,52,20,[14  1],73,87,107,14,78
1,<environment.Job instance at 0x14a045f8cf50>,54,2,[1 7],75,85,87,10,78
1,<environment.Job instance at 0x14a042f18370>,56,2,[2 5],79,107,109,28,80
1,<environment.Job instance at 0x14a042f18b90>,57,1,[10  2],80,107,108,27,80
1,<environment.Job instance at 0x14a042d9d690>,58,3,[2 8],81,107,110,26,81
1,<environment.Job instance at 0x14a042d9df50>,59,3,[6 1],82,108,111,26,82
1,<environment.Job instance at 0x14a045ffb640>,60,14,[2 9],83,110,124,27,95
1,<environment.Job instance at 0x14a045ffb140>,61,16,[2 5],84,109,125,25,96
1,<environment.Job instance at 0x14a045ffba50>,62,1,[1 9],86,96,97,10,96
1,<environment.Job instance at 0x14a050092280>,64,1,[1 7],88,97,98,9,96
1,<environment.Job instance at 0x14a050092f50>,65,1,[8 2],89,124,125,35,97
1,<environment.Job instance at 0x14a050092640>,66,3,[ 1 10],90,98,101,8,97
1,<environment.Job instance at 0x14a046a4a730>,67,3,[ 1 12],91,101,104,10,97
1,<environment.Job instance at 0x14a042f187d0>,53,3,[5 2],74,124,127,50,99
1,<environment.Job instance at 0x14a046a4ab40>,71,1,[9 2],98,125,126,27,101
1,<environment.Job instance at 0x14a046e12910>,73,3,[7 1],102,111,114,9,102
1,<environment.Job instance at 0x14a046e125a0>,74,1,[9 2],103,126,127,23,103
1,<environment.Job instance at 0x14a046e12690>,75,2,[ 1 11],105,105,107,0,105
1,<environment.Job instance at 0x14a046e12230>,79,1,[ 1 10],110,125,126,15,110
1,<environment.Job instance at 0x14a046e123c0>,80,16,[ 2 10],111,127,143,16,114
1,<environment.Job instance at 0x14a046e12eb0>,81,3,[2 6],112,143,146,31,117
1,<environment.Job instance at 0x14a042cfa280>,82,27,[1 5],115,126,153,11,124
1,<environment.Job instance at 0x14a042cfa1e0>,83,2,[2 5],117,146,148,29,125
1,<environment.Job instance at 0x14a042cfaf50>,84,2,[8 2],118,143,145,25,125
1,<environment.Job instance at 0x14a042cfa5f0>,85,14,[ 1 11],120,153,167,33,138
1,<environment.Job instance at 0x14a042cfabe0>,86,12,[2 9],122,167,179,45,150
1,<environment.Job instance at 0x14a042cfa190>,87,3,[2 6],123,150,153,27,150
1,<environment.Job instance at 0x14a042cfa780>,88,18,[9 1],125,150,168,25,150
1,<environment.Job instance at 0x14a042cfad20>,89,3,[14  2],126,179,182,53,160
1,<environment.Job instance at 0x14a042cfac80>,90,2,[8 2],128,168,170,40,160
1,<environment.Job instance at 0x14a042cfa460>,91,3,[9 2],129,170,173,41,160
1,<environment.Job instance at 0x14a042cfaf00>,92,16,[1 7],130,179,195,49,166
1,<environment.Job instance at 0x14a045cd07d0>,96,3,[7 1],134,173,176,39,168
1,<environment.Job instance at 0x14a045cd0320>,97,17,[1 7],135,182,199,47,170
1,<environment.Job instance at 0x14a045cd01e0>,98,1,[8 1],136,176,177,40,170
1,<environment.Job instance at 0x14a045cd0370>,99,1,[1 5],137,173,174,36,170
1,<environment.Job instance at 0x14a045cd0e60>,100,1,[ 1 10],139,199,200,60,171
1,<environment.Job instance at 0x14a042fda870>,1,1,[8 1],3,3,4,0,3
1,<environment.Job instance at 0x14a042f7e460>,2,1,[9 1],4,4,5,0,4
1,<environment.Job instance at 0x14a042fda3c0>,3,2,[5 2],5,5,7,0,5
1,<environment.Job instance at 0x14a042fd7370>,6,12,[2 8],9,9,21,0,9
1,<environment.Job instance at 0x14a042fd7d20>,7,3,[1 9],10,21,24,11,15
1,<environment.Job instance at 0x14a042fd73c0>,10,27,[ 2 10],16,24,51,8,22
1,<environment.Job instance at 0x14a042fd7690>,12,16,[2 9],18,51,67,33,43
1,<environment.Job instance at 0x14a052e63eb0>,19,3,[1 9],27,67,70,40,54
1,<environment.Job instance at 0x14a098e765f0>,21,3,[7 1],29,60,63,31,60
1,<environment.Job instance at 0x14a0439b27d0>,24,3,[ 1 14],32,70,73,38,60
1,<environment.Job instance at 0x14a043193a50>,25,1,[2 9],34,73,74,39,61
1,<environment.Job instance at 0x14a046a1a6e0>,26,1,[1 8],36,74,75,38,61
1,<environment.Job instance at 0x14a043303190>,27,14,[1 8],37,75,89,38,71
1,<environment.Job instance at 0x14a042c07cd0>,32,2,[9 2],43,80,82,37,80
1,<environment.Job instance at 0x14a046e41e60>,35,2,[10  2],46,82,84,36,80
1,<environment.Job instance at 0x14a046084730>,36,2,[ 1 10],47,89,91,42,80
1,<environment.Job instance at 0x14a045c7dcd0>,37,1,[5 2],50,89,90,39,89
1,<environment.Job instance at 0x14a0460849b0>,39,1,[9 1],52,89,90,37,89
1,<environment.Job instance at 0x14a053b6d9b0>,40,2,[2 5],53,90,92,37,89
1,<environment.Job instance at 0x14a053b6d500>,41,1,[10  1],55,91,92,36,89
1,<environment.Job instance at 0x14a053b6d190>,42,1,[5 2],57,92,93,35,89
1,<environment.Job instance at 0x14a0460b11e0>,43,27,[5 1],59,92,119,33,90
1,<environment.Job instance at 0x14a0508eb640>,44,3,[2 7],62,98,101,36,98
1,<environment.Job instance at 0x14a0508eb690>,46,25,[ 1 10],64,101,126,37,98
1,<environment.Job instance at 0x14a0508eb140>,47,2,[1 9],66,126,128,60,99
1,<environment.Job instance at 0x14a0508a7320>,48,3,[1 6],67,126,129,59,100
1,<environment.Job instance at 0x14a0508a7a50>,49,3,[1 9],68,128,131,60,102
1,<environment.Job instance at 0x14a0508a7500>,50,2,[2 7],72,131,133,59,104
1,<environment.Job instance at 0x14a045d88230>,51,2,[9 1],75,104,106,29,104
1,<environment.Job instance at 0x14a045f306e0>,52,1,[1 8],77,131,132,54,104
1,<environment.Job instance at 0x14a046dd5f00>,53,2,[9 1],78,106,108,28,104
1,<environment.Job instance at 0x14a046e43190>,54,2,[1 8],80,132,134,52,105
1,<environment.Job instance at 0x14a043a80230>,55,2,[9 1],81,108,110,27,105
1,<environment.Job instance at 0x14a046a447d0>,56,23,[2 9],83,134,157,51,128
1,<environment.Job instance at 0x14a046a443c0>,57,14,[ 1 13],84,157,171,73,142
1,<environment.Job instance at 0x14a046a44690>,58,12,[1 7],85,171,183,86,154
1,<environment.Job instance at 0x14a046a44be0>,60,1,[6 2],87,154,155,67,154
1,<environment.Job instance at 0x14a046a441e0>,61,1,[1 6],88,155,156,67,154
1,<environment.Job instance at 0x14a046a44aa0>,62,2,[2 6],89,171,173,82,154
1,<environment.Job instance at 0x14a046a444b0>,64,2,[ 1 10],92,183,185,91,165
1,<environment.Job instance at 0x14a046a44280>,65,2,[1 5],94,173,175,79,168
1,<environment.Job instance at 0x14a046a44370>,67,14,[2 9],98,185,199,87,170
1,<environment.Job instance at 0x14a0538f0230>,68,2,[1 6],99,175,177,76,170
1,<environment.Job instance at 0x14a042b41230>,69,3,[1 9],101,199,202,98,173
1,<environment.Job instance at 0x14a042b410f0>,70,1,[10  1],102,182,183,80,182
1,<environment.Job instance at 0x14a042fd7820>,8,3,[1 6],14,185,188,171,183
1,<environment.Job instance at 0x14a042b41910>,73,3,[ 2 10],105,202,205,97,183
1,<environment.Job instance at 0x14a042b41a00>,74,1,[ 1 12],107,205,206,98,184
1,<environment.Job instance at 0x14a042b415a0>,75,1,[ 1 10],108,206,207,98,184
1,<environment.Job instance at 0x14a042b41f00>,76,18,[1 9],109,207,225,98,196
1,<environment.Job instance at 0x14a042b41730>,77,12,[1 9],111,225,237,114,208
1,<environment.Job instance at 0x14a042b41780>,78,3,[1 9],112,237,240,125,211
1,<environment.Job instance at 0x14a042b41a50>,79,18,[5 2],113,211,229,98,211
1,<environment.Job instance at 0x14a042b410a0>,80,3,[9 2],114,211,214,97,211
1,<environment.Job instance at 0x14a042b41320>,81,3,[8 2],116,214,217,98,211
1,<environment.Job instance at 0x14a042b41cd0>,82,17,[2 7],118,240,257,122,228
1,<environment.Job instance at 0x14a042b41690>,83,2,[1 6],119,229,231,110,228
1,<environment.Job instance at 0x14a042b41e10>,84,18,[5 2],120,231,249,111,228
1,<environment.Job instance at 0x14a046089a50>,86,2,[1 7],123,249,251,126,228
1,<environment.Job instance at 0x14a046089e60>,88,2,[2 8],125,251,253,126,228
1,<environment.Job instance at 0x14a0460898c0>,91,17,[1 8],128,253,270,125,241
1,<environment.Job instance at 0x14a046089e10>,92,18,[8 1],129,257,275,128,246
1,<environment.Job instance at 0x14a0460894b0>,96,2,[2 6],134,257,259,123,253
1,<environment.Job instance at 0x14a046089320>,97,1,[13  2],135,275,276,140,254
1,<environment.Job instance at 0x14a046089550>,98,3,[2 6],137,259,262,122,254
1,<environment.Job instance at 0x14a046089230>,100,18,[1 8],139,270,288,131,259
1,<environment.Job instance at 0x14a042520460>,8,2,[1 6],10,10,12,0,10
1,<environment.Job instance at 0x14a046ee1cd0>,9,2,[7 2],12,12,14,0,12
1,<environment.Job instance at 0x14a046ee1f50>,10,1,[ 2 10],13,13,14,0,13
1,<environment.Job instance at 0x14a046ee1f00>,12,2,[2 6],17,17,19,0,17
1,<environment.Job instance at 0x14a0439b2fa0>,15,15,[7 1],20,26,41,6,26
1,<environment.Job instance at 0x14a042f75dc0>,20,16,[9 1],26,41,57,15,28
1,<environment.Job instance at 0x14a0500994b0>,24,20,[9 2],31,57,77,26,48
1,<environment.Job instance at 0x14a043ac3a50>,26,1,[2 7],35,49,50,14,49
1,<environment.Job instance at 0x14a05081ad20>,27,1,[1 8],36,50,51,14,49
1,<environment.Job instance at 0x14a042f75eb0>,28,1,[7 1],37,77,78,40,49
1,<environment.Job instance at 0x14a05081a2d0>,29,3,[5 2],38,50,53,12,49
1,<environment.Job instance at 0x14a05146b190>,30,1,[10  1],39,78,79,39,50
1,<environment.Job instance at 0x14a05146be10>,31,1,[ 1 10],40,51,52,11,50
1,<environment.Job instance at 0x14a05146b6e0>,32,1,[2 5],41,53,54,12,50
1,<environment.Job instance at 0x14a0500be410>,33,2,[ 1 10],42,54,56,12,50
1,<environment.Job instance at 0x14a0500befa0>,34,2,[2 8],43,56,58,13,50
1,<environment.Job instance at 0x14a043297f00>,35,1,[8 2],44,77,78,33,50
1,<environment.Job instance at 0x14a0432978c0>,36,2,[6 1],47,58,60,11,50
1,<environment.Job instance at 0x14a042c725f0>,37,1,[5 2],50,54,55,4,50
1,<environment.Job instance at 0x14a045f30b90>,38,1,[9 2],51,79,80,28,51
1,<environment.Job instance at 0x14a0451b3870>,40,1,[6 2],53,60,61,7,53
1,<environment.Job instance at 0x14a042a805f0>,41,3,[ 2 10],55,61,64,6,55
1,<environment.Job instance at 0x14a042a806e0>,42,18,[ 2 11],56,78,96,22,67
1,<environment.Job instance at 0x14a042a80780>,45,25,[2 5],60,96,121,36,92
1,<environment.Job instance at 0x14a0445770a0>,48,2,[10  1],63,92,94,29,92
1,<environment.Job instance at 0x14a0439e85a0>,49,1,[8 2],64,94,95,30,92
1,<environment.Job instance at 0x14a0439e81e0>,50,2,[5 1],65,94,96,29,92
1,<environment.Job instance at 0x14a045d30820>,51,2,[6 1],66,95,97,29,92
1,<environment.Job instance at 0x14a045d303c0>,52,3,[6 2],67,96,99,29,92
1,<environment.Job instance at 0x14a046dd5320>,54,18,[2 7],69,97,115,28,92
1,<environment.Job instance at 0x14a0439dfe10>,55,3,[1 7],70,115,118,45,92
1,<environment.Job instance at 0x14a04278c1e0>,56,3,[2 7],71,118,121,47,92
1,<environment.Job instance at 0x14a04278cd70>,57,1,[9 1],74,99,100,25,92
1,<environment.Job instance at 0x14a042ec6b90>,58,18,[2 8],78,121,139,43,110
1,<environment.Job instance at 0x14a043167820>,59,2,[2 8],80,139,141,59,112
1,<environment.Job instance at 0x14a046af44b0>,60,2,[2 5],81,121,123,40,112
1,<environment.Job instance at 0x14a042f66820>,62,2,[2 6],84,123,125,39,112
1,<environment.Job instance at 0x14a046bbd960>,19,1,[1 8],24,141,142,117,113
1,<environment.Job instance at 0x14a042f660a0>,63,1,[10  2],85,113,114,28,113
1,<environment.Job instance at 0x14a098e53e60>,65,17,[9 1],87,114,131,27,114
1,<environment.Job instance at 0x14a098e53730>,66,27,[5 1],88,131,158,43,129
1,<environment.Job instance at 0x14a0451c93c0>,68,2,[2 9],92,142,144,50,129
1,<environment.Job instance at 0x14a0508e6370>,69,27,[9 2],93,144,171,51,142
1,<environment.Job instance at 0x14a0508e6c80>,71,2,[2 9],96,158,160,62,144
1,<environment.Job instance at 0x14a052df7910>,73,18,[1 6],100,160,178,60,149
1,<environment.Job instance at 0x14a05372c2d0>,64,18,[5 2],86,160,178,74,149
1,<environment.Job instance at 0x14a052df7d20>,76,1,[2 9],104,178,179,74,163
1,<environment.Job instance at 0x14a052df7870>,78,3,[ 1 12],109,179,182,70,164
1,<environment.Job instance at 0x14a043a759b0>,80,1,[1 8],115,182,183,67,164
1,<environment.Job instance at 0x14a043a753c0>,81,14,[7 1],116,171,185,55,170
1,<environment.Job instance at 0x14a045d88500>,83,1,[2 5],119,175,176,56,175
1,<environment.Job instance at 0x14a045d880a0>,84,22,[9 2],120,185,207,65,178
1,<environment.Job instance at 0x14a042e105a0>,86,1,[9 1],126,207,208,81,200
1,<environment.Job instance at 0x14a042e10cd0>,87,1,[2 9],128,200,201,72,200
1,<environment.Job instance at 0x14a042e10eb0>,88,1,[1 7],129,201,202,72,200
1,<environment.Job instance at 0x14a04694d460>,89,18,[2 6],130,201,219,71,200
1,<environment.Job instance at 0x14a04694daa0>,90,2,[7 2],132,208,210,76,202
1,<environment.Job instance at 0x14a04694d1e0>,91,2,[2 5],133,202,204,69,202
1,<environment.Job instance at 0x14a04694da50>,92,3,[2 6],134,204,207,70,202
1,<environment.Job instance at 0x14a04694deb0>,93,15,[1 6],136,207,222,71,202
1,<environment.Job instance at 0x14a04694d410>,95,2,[2 7],138,219,221,81,202
1,<environment.Job instance at 0x14a042ae35f0>,23,22,[10  1],30,210,232,180,203
1,<environment.Job instance at 0x14a052df77d0>,75,3,[9 2],103,232,235,129,219
1,<environment.Job instance at 0x14a051436a00>,18,1,[1 9],23,222,223,199,221
1,<environment.Job instance at 0x14a04283b1e0>,1,3,[1 6],3,3,6,0,3
1,<environment.Job instance at 0x14a04283b640>,2,1,[2 6],4,4,5,0,4
1,<environment.Job instance at 0x14a0460baaf0>,3,2,[ 2 10],5,6,8,1,5
1,<environment.Job instance at 0x14a0460baeb0>,8,1,[9 1],11,11,12,0,11
1,<environment.Job instance at 0x14a0460ba3c0>,9,1,[2 7],13,13,14,0,13
1,<environment.Job instance at 0x14a051579aa0>,10,2,[8 1],14,14,16,0,14
1,<environment.Job instance at 0x14a04283b500>,5,2,[10  1],8,16,18,8,15
1,<environment.Job instance at 0x14a051579b90>,12,17,[ 2 10],16,16,33,0,16
1,<environment.Job instance at 0x14a0515793c0>,11,3,[9 2],15,18,21,3,16
1,<environment.Job instance at 0x14a0460ba7d0>,6,3,[ 2 10],9,33,36,24,18
1,<environment.Job instance at 0x14a0515796e0>,15,3,[ 1 10],20,36,39,16,20
1,<environment.Job instance at 0x14a05148cf50>,16,1,[1 9],21,39,40,18,21
1,<environment.Job instance at 0x14a04254e960>,22,3,[2 6],31,39,42,8,32
1,<environment.Job instance at 0x14a0469ba960>,27,1,[ 1 11],36,42,43,6,36
1,<environment.Job instance at 0x14a046ba95f0>,28,2,[1 9],38,40,42,2,38
1,<environment.Job instance at 0x14a045ffb730>,25,1,[1 7],34,43,44,9,38
1,<environment.Job instance at 0x14a05147d500>,29,2,[2 6],39,43,45,4,42
1,<environment.Job instance at 0x14a052e2be10>,31,3,[9 2],47,49,52,2,49
1,<environment.Job instance at 0x14a051564780>,34,18,[1 9],50,50,68,0,50
1,<environment.Job instance at 0x14a051564c80>,35,18,[ 2 10],51,68,86,17,57
1,<environment.Job instance at 0x14a0515644b0>,38,2,[1 5],56,57,59,1,57
1,<environment.Job instance at 0x14a051564fa0>,37,1,[5 1],53,57,58,4,57
1,<environment.Job instance at 0x14a042d27410>,40,12,[1 9],58,86,98,28,69
1,<environment.Job instance at 0x14a042d27af0>,42,2,[ 2 10],60,98,100,38,71
1,<environment.Job instance at 0x14a042d27960>,43,17,[14  2],62,154,171,92,154
1,<environment.Job instance at 0x14a042d27fa0>,45,3,[ 1 10],64,154,157,90,154
1,<environment.Job instance at 0x14a042d27b90>,46,18,[2 7],65,171,189,106,160
1,<environment.Job instance at 0x14a042d27a00>,47,1,[6 1],66,187,188,121,187
1,<environment.Job instance at 0x14a0431f90a0>,60,1,[1 5],80,1097,1098,1017,1097
1,<environment.Job instance at 0x14a0431f9320>,61,2,[2 5],81,1097,1099,1016,1097
1,<environment.Job instance at 0x14a0431f96e0>,62,3,[8 2],82,1097,1100,1015,1097
1,<environment.Job instance at 0x14a0431f9af0>,63,3,[ 1 10],83,1099,1102,1016,1097
1,<environment.Job instance at 0x14a042e10320>,2,12,[ 1 10],3,3,15,0,3
1,<environment.Job instance at 0x14a042da4a00>,4,3,[2 6],5,15,18,10,5
1,<environment.Job instance at 0x14a042da4140>,5,1,[1 8],6,15,16,9,6
1,<environment.Job instance at 0x14a042da4500>,6,13,[2 7],7,16,29,9,7
1,<environment.Job instance at 0x14a042bcbc80>,12,15,[ 2 10],16,29,44,13,16
1,<environment.Job instance at 0x14a042da4820>,13,1,[11  1],17,19,20,2,19
1,<environment.Job instance at 0x14a045f5beb0>,16,1,[ 1 11],20,44,45,24,20
1,<environment.Job instance at 0x14a0431f1eb0>,17,1,[2 8],21,21,22,0,21
1,<environment.Job instance at 0x14a046b19be0>,19,1,[1 5],25,25,26,0,25
1,<environment.Job instance at 0x14a045f5b8c0>,18,2,[6 1],23,25,27,2,25
1,<environment.Job instance at 0x14a0431f1370>,20,3,[2 5],26,26,29,0,26
1,<environment.Job instance at 0x14a046a44960>,21,1,[2 6],27,45,46,18,27
1,<environment.Job instance at 0x14a046a44aa0>,22,15,[1 7],28,45,60,17,31
1,<environment.Job instance at 0x14a042be2af0>,15,15,[2 6],19,46,61,27,32
1,<environment.Job instance at 0x14a046a44e60>,23,2,[1 9],29,60,62,31,33
1,<environment.Job instance at 0x14a042c93730>,27,2,[2 7],35,62,64,27,35
1,<environment.Job instance at 0x14a0514647d0>,28,1,[2 5],36,37,38,1,37
1,<environment.Job instance at 0x14a042dbe050>,30,2,[ 1 10],40,64,66,24,40
1,<environment.Job instance at 0x14a042dbe640>,32,12,[8 1],43,61,73,18,53
1,<environment.Job instance at 0x14a045c864b0>,39,1,[ 2 13],57,66,67,9,57
1,<environment.Job instance at 0x14a045c86aa0>,40,1,[1 5],58,61,62,3,58
1,<environment.Job instance at 0x14a045c865a0>,42,3,[2 9],61,67,70,6,61
1,<environment.Job instance at 0x14a045c867d0>,43,12,[ 2 11],63,70,82,7,63
1,<environment.Job instance at 0x14a046b7e050>,36,17,[6 2],53,73,90,20,63
1,<environment.Job instance at 0x14a046f414b0>,45,1,[6 1],67,73,74,6,67
1,<environment.Job instance at 0x14a046f41f00>,46,17,[2 6],68,82,99,14,70
1,<environment.Job instance at 0x14a046f410a0>,47,1,[ 1 10],69,99,100,30,71
1,<environment.Job instance at 0x14a046a44690>,24,1,[1 6],30,82,83,52,71
1,<environment.Job instance at 0x14a042ec6190>,44,1,[2 7],66,83,84,17,73
1,<environment.Job instance at 0x14a046f2cf00>,50,14,[1 7],75,84,98,9,75
1,<environment.Job instance at 0x14a046f2c7d0>,49,1,[1 7],73,98,99,25,75
1,<environment.Job instance at 0x14a042c9a960>,51,2,[10  2],76,90,92,14,78
1,<environment.Job instance at 0x14a042c59cd0>,54,1,[8 1],80,92,93,12,80
1,<environment.Job instance at 0x14a042c59500>,55,12,[6 1],81,93,105,12,81
1,<environment.Job instance at 0x14a043a6d8c0>,56,13,[2 6],82,100,113,18,84
1,<environment.Job instance at 0x14a0430a7910>,57,2,[2 8],84,100,102,16,84
1,<environment.Job instance at 0x14a042c9ab40>,52,3,[5 1],77,93,96,16,84
1,<environment.Job instance at 0x14a046a67a50>,58,3,[1 9],85,105,108,20,86
1,<environment.Job instance at 0x14a046a67b40>,59,17,[1 7],87,108,125,21,96
1,<environment.Job instance at 0x14a042fd0500>,61,3,[1 5],91,102,105,11,96
1,<environment.Job instance at 0x14a042fd0af0>,62,1,[7 2],93,99,100,6,96
1,<environment.Job instance at 0x14a0507f4d70>,63,2,[8 1],94,108,110,14,96
1,<environment.Job instance at 0x14a042fd05f0>,64,18,[7 2],95,110,128,15,99
1,<environment.Job instance at 0x14a0431fccd0>,65,21,[7 1],96,113,134,17,105
1,<environment.Job instance at 0x14a046adb460>,66,3,[1 9],97,125,128,28,105
1,<environment.Job instance at 0x14a0439eb460>,67,2,[2 5],98,128,130,30,105
1,<environment.Job instance at 0x14a0451abe10>,72,2,[2 7],104,128,130,24,114
1,<environment.Job instance at 0x14a046bace10>,73,23,[1 8],106,130,153,24,124
1,<environment.Job instance at 0x14a046bacbe0>,74,2,[1 9],109,153,155,44,126
1,<environment.Job instance at 0x14a046baceb0>,76,3,[1 8],113,155,158,42,129
1,<environment.Job instance at 0x14a046bacd70>,77,17,[7 2],114,130,147,16,129
1,<environment.Job instance at 0x14a042f2b960>,71,2,[5 1],103,134,136,31,129
1,<environment.Job instance at 0x14a05139cf00>,83,1,[6 2],123,143,144,20,143
1,<environment.Job instance at 0x14a05139c050>,84,26,[2 8],125,158,184,33,155
1,<environment.Job instance at 0x14a05139c0f0>,85,15,[9 2],126,155,170,29,155
1,<environment.Job instance at 0x14a05139cf50>,86,2,[13  1],127,170,172,43,157
1,<environment.Job instance at 0x14a045c77e10>,87,1,[6 1],129,172,173,43,157
1,<environment.Job instance at 0x14a045c77be0>,88,3,[2 8],130,184,187,54,158
1,<environment.Job instance at 0x14a046b187d0>,89,19,[1 5],133,172,191,39,162
1,<environment.Job instance at 0x14a046b18e60>,90,3,[2 7],135,187,190,52,162
1,<environment.Job instance at 0x14a043973910>,91,18,[7 2],136,173,191,37,162
1,<environment.Job instance at 0x14a043973230>,92,3,[ 1 10],137,191,194,54,165
1,<environment.Job instance at 0x14a0439737d0>,93,2,[9 2],139,191,193,52,165
1,<environment.Job instance at 0x14a045fbe190>,2,2,[1 6],4,4,6,0,4
1,<environment.Job instance at 0x14a045fbeb90>,3,12,[2 5],6,6,18,0,6
1,<environment.Job instance at 0x14a045fbe4b0>,1,1,[6 1],3,6,7,3,6
1,<environment.Job instance at 0x14a045fbebe0>,5,1,[7 2],10,12,13,2,12
1,<environment.Job instance at 0x14a045fbe780>,8,2,[8 1],13,13,15,0,13
1,<environment.Job instance at 0x14a045fbe2d0>,9,2,[1 8],15,15,17,0,15
1,<environment.Job instance at 0x14a045fbedc0>,10,3,[2 8],16,17,20,1,16
1,<environment.Job instance at 0x14a045fbe230>,11,1,[8 2],17,17,18,0,17
1,<environment.Job instance at 0x14a045fbeeb0>,12,1,[2 7],20,20,21,0,20
1,<environment.Job instance at 0x14a045fbe0f0>,13,3,[5 2],21,21,24,0,21
1,<environment.Job instance at 0x14a045fbe9b0>,14,2,[8 2],22,22,24,0,22
1,<environment.Job instance at 0x14a0460d3460>,15,3,[2 5],25,25,28,0,25
1,<environment.Job instance at 0x14a0460d3af0>,16,14,[6 1],26,26,40,0,26
1,<environment.Job instance at 0x14a0460d3230>,17,1,[2 5],27,27,28,0,27
1,<environment.Job instance at 0x14a0460d3500>,18,3,[9 2],28,28,31,0,28
1,<environment.Job instance at 0x14a0460d3d70>,19,3,[1 7],29,31,34,2,29
1,<environment.Job instance at 0x14a0460d3b90>,20,1,[2 7],33,33,34,0,33
1,<environment.Job instance at 0x14a0460d3280>,21,13,[8 1],34,35,48,1,35
1,<environment.Job instance at 0x14a0460d3cd0>,23,28,[1 6],36,36,64,0,36
1,<environment.Job instance at 0x14a045fbec80>,4,2,[ 2 14],9,64,66,55,37
1,<environment.Job instance at 0x14a0460d36e0>,24,2,[1 9],39,48,50,9,39
1,<environment.Job instance at 0x14a0460d34b0>,26,2,[6 2],43,43,45,0,43
1,<environment.Job instance at 0x14a0429f2dc0>,27,1,[10  1],45,50,51,5,45
1,<environment.Job instance at 0x14a0429f2550>,29,2,[1 9],49,51,53,2,49
1,<environment.Job instance at 0x14a0429f29b0>,30,3,[1 9],51,53,56,2,51
1,<environment.Job instance at 0x14a0429f2280>,31,2,[5 1],53,56,58,3,53
1,<environment.Job instance at 0x14a0429f2fa0>,32,15,[ 1 10],54,66,81,12,54
1,<environment.Job instance at 0x14a0429f23c0>,33,13,[10  2],55,66,79,11,56
1,<environment.Job instance at 0x14a0429f25f0>,35,2,[7 2],57,57,59,0,57
1,<environment.Job instance at 0x14a042bf4910>,36,1,[9 2],59,59,60,0,59
1,<environment.Job instance at 0x14a042bf4280>,37,2,[ 1 10],60,81,83,21,60
1,<environment.Job instance at 0x14a042bf41e0>,38,14,[2 8],61,83,97,22,68
1,<environment.Job instance at 0x14a042bf4690>,39,15,[1 8],62,97,112,35,83
1,<environment.Job instance at 0x14a042bf4a00>,40,1,[9 1],63,83,84,20,83
1,<environment.Job instance at 0x14a042bf4af0>,41,1,[9 1],64,84,85,20,83
1,<environment.Job instance at 0x14a042bf45f0>,42,27,[9 1],65,85,112,20,83
1,<environment.Job instance at 0x14a042bf4c80>,43,17,[1 6],67,83,100,16,83
1,<environment.Job instance at 0x14a042bf46e0>,44,2,[8 2],70,112,114,42,85
1,<environment.Job instance at 0x14a042bf49b0>,45,2,[5 2],71,100,102,29,85
1,<environment.Job instance at 0x14a042bf4e60>,46,2,[6 1],72,112,114,40,85
1,<environment.Job instance at 0x14a042bf4d70>,47,1,[1 9],73,112,113,39,85
1,<environment.Job instance at 0x14a042bf4780>,48,1,[7 1],74,114,115,40,86
1,<environment.Job instance at 0x14a042be7280>,49,2,[2 5],75,102,104,27,86
1,<environment.Job instance at 0x14a042be7f00>,50,1,[2 8],76,114,115,38,86
1,<environment.Job instance at 0x14a042be70f0>,51,13,[5 2],77,163,176,86,163
1,<environment.Job instance at 0x14a04282f640>,61,3,[ 2 12],94,163,166,69,163
1,<environment.Job instance at 0x14a04282f050>,62,3,[8 2],95,166,169,71,163
1,<environment.Job instance at 0x14a04282f370>,64,18,[2 8],97,166,184,69,163
1,<environment.Job instance at 0x14a04282ff00>,65,1,[1 8],98,184,185,86,165
1,<environment.Job instance at 0x14a046ab8aa0>,70,1,[ 1 14],106,185,186,79,167
1,<environment.Job instance at 0x14a042b1eaa0>,68,1,[5 2],103,169,170,66,167
1,<environment.Job instance at 0x14a046ab84b0>,73,15,[5 2],110,170,185,60,168
1,<environment.Job instance at 0x14a046ab8780>,77,2,[2 7],114,186,188,72,168
1,<environment.Job instance at 0x14a046ab82d0>,78,2,[2 9],115,188,190,73,168
1,<environment.Job instance at 0x14a046ab8320>,79,1,[2 7],116,186,187,70,168
1,<environment.Job instance at 0x14a046ab8190>,80,2,[8 1],117,176,178,59,168
1,<environment.Job instance at 0x14a046ab8820>,82,16,[9 1],121,184,200,63,174
1,<environment.Job instance at 0x14a046ab8500>,83,2,[2 9],123,190,192,67,174
1,<environment.Job instance at 0x14a046ab81e0>,84,1,[5 2],125,178,179,53,174
1,<environment.Job instance at 0x14a046ab8cd0>,85,2,[2 6],126,192,194,66,174
1,<environment.Job instance at 0x14a046ab8230>,86,2,[10  2],127,200,202,73,174
1,<environment.Job instance at 0x14a046ab8410>,87,1,[ 1 14],130,194,195,64,174
1,<environment.Job instance at 0x14a046ab8e60>,88,2,[6 1],131,179,181,48,174
1,<environment.Job instance at 0x14a046ab8fa0>,89,2,[1 5],132,181,183,49,174
1,<environment.Job instance at 0x14a046ab8460>,90,3,[ 2 10],133,195,198,62,174
1,<environment.Job instance at 0x14a046ab8d20>,91,13,[2 8],134,198,211,64,182
1,<environment.Job instance at 0x14a046ab8730>,92,1,[8 2],135,183,184,48,182
1,<environment.Job instance at 0x14a042be5730>,93,1,[5 1],138,202,203,64,182
1,<environment.Job instance at 0x14a042be5eb0>,94,1,[9 1],139,203,204,64,182
1,<environment.Job instance at 0x14a045fbea00>,6,1,[8 1],11,202,203,191,191
1,<environment.Job instance at 0x14a0536ce190>,2,1,[5 2],5,6,7,1,6
1,<environment.Job instance at 0x14a04286e3c0>,4,17,[ 1 10],8,8,25,0,8
1,<environment.Job instance at 0x14a042c02f50>,6,1,[5 1],10,17,18,7,17
1,<environment.Job instance at 0x14a045fe5190>,14,2,[8 2],25,25,27,0,25
1,<environment.Job instance at 0x14a0425442d0>,15,3,[ 2 10],26,26,29,0,26
1,<environment.Job instance at 0x14a045fe5370>,16,3,[2 6],27,29,32,2,27
1,<environment.Job instance at 0x14a045fc05a0>,18,3,[6 2],30,30,33,0,30
1,<environment.Job instance at 0x14a050882370>,19,2,[6 2],32,32,34,0,32
1,<environment.Job instance at 0x14a045fc0730>,20,2,[9 2],34,34,36,0,34
1,<environment.Job instance at 0x14a045fc09b0>,21,3,[6 2],36,36,39,0,36
1,<environment.Job instance at 0x14a045fc0780>,22,1,[1 9],37,37,38,0,37
1,<environment.Job instance at 0x14a045fc0eb0>,23,17,[6 1],38,38,55,0,38
1,<environment.Job instance at 0x14a042c02280>,7,3,[2 7],12,38,41,26,38
1,<environment.Job instance at 0x14a045fc0be0>,24,1,[9 1],39,41,42,2,39
1,<environment.Job instance at 0x14a0514e0460>,25,2,[1 9],40,42,44,2,40
1,<environment.Job instance at 0x14a0426e38c0>,26,2,[1 5],42,42,44,0,42
1,<environment.Job instance at 0x14a0430315f0>,27,1,[2 9],43,44,45,1,43
1,<environment.Job instance at 0x14a043acdd20>,28,2,[6 1],44,44,46,0,44
1,<environment.Job instance at 0x14a042a23dc0>,30,1,[5 1],46,48,49,2,48
1,<environment.Job instance at 0x14a0431bb140>,32,1,[9 1],50,50,51,0,50
1,<environment.Job instance at 0x14a04263fb90>,33,19,[2 8],51,51,70,0,51
1,<environment.Job instance at 0x14a0451ab410>,9,1,[1 9],15,70,71,55,51
1,<environment.Job instance at 0x14a04329f5f0>,35,1,[1 5],54,54,55,0,54
1,<environment.Job instance at 0x14a0425f44b0>,36,16,[2 5],55,55,71,0,55
1,<environment.Job instance at 0x14a0425f40f0>,37,2,[6 2],57,57,59,0,57
1,<environment.Job instance at 0x14a0425f4f00>,38,3,[2 6],58,71,74,13,58
1,<environment.Job instance at 0x14a0425f4be0>,39,16,[2 6],60,71,87,11,60
1,<environment.Job instance at 0x14a04327a4b0>,41,3,[2 7],62,74,77,12,62
1,<environment.Job instance at 0x14a04327a550>,42,1,[ 1 10],63,87,88,24,63
1,<environment.Job instance at 0x14a04327a8c0>,43,1,[2 5],64,77,78,13,64
1,<environment.Job instance at 0x14a04327a0a0>,44,2,[1 9],65,78,80,13,65
1,<environment.Job instance at 0x14a051463b90>,46,3,[2 6],67,80,83,13,67
1,<environment.Job instance at 0x14a051463320>,47,1,[1 5],68,83,84,15,68
1,<environment.Job instance at 0x14a051463d20>,48,2,[6 2],69,71,73,2,69
1,<environment.Job instance at 0x14a051463500>,50,2,[7 2],72,73,75,1,72
1,<environment.Job instance at 0x14a051463e60>,51,1,[9 2],74,75,76,1,74
1,<environment.Job instance at 0x14a051463820>,52,1,[10  2],75,76,77,1,75
1,<environment.Job instance at 0x14a0514636e0>,53,3,[2 5],77,84,87,7,77
1,<environment.Job instance at 0x14a051463140>,54,17,[9 2],79,80,97,1,79
1,<environment.Job instance at 0x14a051463f50>,55,1,[8 2],80,97,98,17,80
1,<environment.Job instance at 0x14a044581d20>,56,2,[9 1],83,98,100,15,83
1,<environment.Job instance at 0x14a044581230>,57,2,[8 2],87,100,102,13,87
1,<environment.Job instance at 0x14a044581a00>,59,17,[1 8],89,89,106,0,89
1,<environment.Job instance at 0x14a044581320>,60,2,[9 2],91,102,104,11,91
1,<environment.Job instance at 0x14a044581280>,61,2,[2 5],92,92,94,0,92
1,<environment.Job instance at 0x14a044581690>,63,1,[2 8],94,106,107,12,94
1,<environment.Job instance at 0x14a0445812d0>,64,1,[ 1 10],97,107,108,10,97
1,<environment.Job instance at 0x14a044581780>,65,2,[1 8],100,108,110,8,100
1,<environment.Job instance at 0x14a051422b90>,66,1,[9 2],101,104,105,3,101
1,<environment.Job instance at 0x14a051422c30>,67,2,[2 6],102,105,107,3,102
1,<environment.Job instance at 0x14a051422e60>,69,3,[1 7],104,108,111,4,104
1,<environment.Job instance at 0x14a051422fa0>,70,14,[9 1],106,110,124,4,106
1,<environment.Job instance at 0x14a051422640>,73,1,[ 1 10],110,111,112,1,110
1,<environment.Job instance at 0x14a051422460>,74,3,[1 7],111,112,115,1,111
1,<environment.Job instance at 0x14a098f61fa0>,76,1,[8 2],114,124,125,10,114
1,<environment.Job instance at 0x14a042d7db40>,77,3,[1 7],116,116,119,0,116
1,<environment.Job instance at 0x14a042d7df00>,78,2,[2 8],118,119,121,1,118
1,<environment.Job instance at 0x14a042d7d5a0>,79,2,[1 8],119,121,123,2,119
1,<environment.Job instance at 0x14a042d7d190>,80,3,[1 7],122,123,126,1,122
1,<environment.Job instance at 0x14a042d7d870>,81,1,[1 8],125,125,126,0,125
1,<environment.Job instance at 0x14a042d7d500>,82,1,[7 2],128,128,129,0,128
1,<environment.Job instance at 0x14a042d7d820>,83,3,[2 9],129,129,132,0,129
1,<environment.Job instance at 0x14a042d7d370>,84,16,[2 5],130,130,146,0,130
1,<environment.Job instance at 0x14a042d7d5f0>,85,17,[ 1 14],131,146,163,15,134
1,<environment.Job instance at 0x14a042d7d1e0>,86,1,[9 1],132,136,137,4,136
1,<environment.Job instance at 0x14a042b5eeb0>,90,3,[ 1 10],139,139,142,0,139
1,<environment.Job instance at 0x14a042cb0960>,1,15,[2 5],2,2,17,0,2
1,<environment.Job instance at 0x14a04611c690>,3,3,[2 5],4,4,7,0,4
1,<environment.Job instance at 0x14a04611c5f0>,2,1,[2 7],3,7,8,4,5
1,<environment.Job instance at 0x14a042cb0a00>,4,15,[1 5],5,8,23,3,5
1,<environment.Job instance at 0x14a0469c46e0>,5,3,[ 1 14],6,23,26,17,6
1,<environment.Job instance at 0x14a0427c9780>,7,2,[1 5],9,9,11,0,9
1,<environment.Job instance at 0x14a0427c9190>,8,2,[ 2 10],10,17,19,7,10
1,<environment.Job instance at 0x14a0427c90f0>,10,14,[2 5],12,26,40,14,16
1,<environment.Job instance at 0x14a042f66730>,21,2,[6 1],32,34,36,2,34
1,<environment.Job instance at 0x14a0427a3d70>,23,15,[6 1],35,37,52,2,37
1,<environment.Job instance at 0x14a0427a3370>,25,17,[1 8],38,38,55,0,38
1,<environment.Job instance at 0x14a046aef460>,26,2,[13  2],39,52,54,13,40
1,<environment.Job instance at 0x14a045c86550>,28,2,[2 7],41,54,56,13,41
1,<environment.Job instance at 0x14a051552960>,31,2,[7 1],49,49,51,0,49
1,<environment.Job instance at 0x14a051552a00>,33,1,[1 5],53,53,54,0,53
1,<environment.Job instance at 0x14a051552f50>,34,3,[ 2 11],55,56,59,1,55
1,<environment.Job instance at 0x14a051552b90>,35,1,[8 1],59,59,60,0,59
1,<environment.Job instance at 0x14a0515520a0>,36,3,[ 1 13],60,60,63,0,60
1,<environment.Job instance at 0x14a051552c80>,37,3,[9 2],61,61,64,0,61
1,<environment.Job instance at 0x14a045d9ee10>,38,1,[7 1],63,64,65,1,63
1,<environment.Job instance at 0x14a045d9e140>,39,2,[2 8],65,65,67,0,65
1,<environment.Job instance at 0x14a045d9e5a0>,40,13,[7 2],68,68,81,0,68
1,<environment.Job instance at 0x14a045c14b90>,41,2,[13  1],69,81,83,12,70
1,<environment.Job instance at 0x14a046b78f00>,42,17,[2 9],71,71,88,0,71
1,<environment.Job instance at 0x14a046afed20>,43,16,[1 5],72,83,99,11,74
1,<environment.Job instance at 0x14a046aef690>,27,3,[1 6],40,88,91,48,76
1,<environment.Job instance at 0x14a042ec6c30>,45,1,[6 1],83,83,84,0,83
1,<environment.Job instance at 0x14a042ce9af0>,46,3,[ 1 10],85,91,94,6,85
1,<environment.Job instance at 0x14a05154a730>,47,3,[2 9],86,94,97,8,86
1,<environment.Job instance at 0x14a045d73a00>,48,2,[1 9],87,97,99,10,87
1,<environment.Job instance at 0x14a042df5460>,49,2,[1 6],89,99,101,10,89
1,<environment.Job instance at 0x14a042df5550>,50,3,[1 8],90,99,102,9,90
1,<environment.Job instance at 0x14a042df5820>,51,1,[6 1],92,94,95,2,92
1,<environment.Job instance at 0x14a042df55f0>,52,2,[10  1],94,95,97,1,94
1,<environment.Job instance at 0x14a042df5050>,53,15,[1 7],95,101,116,6,95
1,<environment.Job instance at 0x14a043adda00>,54,2,[1 8],96,102,104,6,96
1,<environment.Job instance at 0x14a043addaa0>,55,24,[2 5],97,104,128,7,99
1,<environment.Job instance at 0x14a05156e9b0>,58,2,[7 1],100,104,106,4,100
1,<environment.Job instance at 0x14a045d47320>,57,1,[6 1],99,106,107,7,101
1,<environment.Job instance at 0x14a05156ef50>,60,3,[1 8],102,116,119,14,102
1,<environment.Job instance at 0x14a045c042d0>,61,3,[1 5],107,119,122,12,107
1,<environment.Job instance at 0x14a05156e190>,59,1,[10  1],101,108,109,7,108
1,<environment.Job instance at 0x14a042f66b90>,20,2,[14  2],30,128,130,98,110
1,<environment.Job instance at 0x14a045c04960>,64,3,[9 1],110,110,113,0,110
1,<environment.Job instance at 0x14a045c045a0>,66,2,[1 6],112,122,124,10,112
1,<environment.Job instance at 0x14a045c04af0>,68,15,[6 2],116,130,145,14,118
1,<environment.Job instance at 0x14a045c04fa0>,70,3,[2 5],119,119,122,0,119
1,<environment.Job instance at 0x14a045c044b0>,71,1,[1 8],121,124,125,3,121
1,<environment.Job instance at 0x14a045c04f50>,72,1,[2 5],122,125,126,3,122
1,<environment.Job instance at 0x14a0426ae5a0>,73,1,[2 6],123,126,127,3,123
1,<environment.Job instance at 0x14a050054e60>,74,14,[6 2],124,130,144,6,124
1,<environment.Job instance at 0x14a0500547d0>,75,3,[2 5],127,130,133,3,127
1,<environment.Job instance at 0x14a050054410>,76,2,[9 2],128,144,146,16,128
1,<environment.Job instance at 0x14a050054320>,77,13,[2 8],129,145,158,16,129
1,<environment.Job instance at 0x14a050054be0>,78,3,[2 5],130,133,136,3,130
1,<environment.Job instance at 0x14a050054190>,79,2,[1 5],131,131,133,0,131
1,<environment.Job instance at 0x14a0500546e0>,80,1,[1 6],132,133,134,1,132
1,<environment.Job instance at 0x14a0500545a0>,81,3,[6 1],133,146,149,13,133
1,<environment.Job instance at 0x14a050054820>,82,1,[11  2],134,149,150,15,134
1,<environment.Job instance at 0x14a050054d20>,83,2,[2 9],136,136,138,0,136
1,<environment.Job instance at 0x14a045c04140>,69,2,[11  1],118,150,152,32,140
1,<environment.Job instance at 0x14a045e84730>,1,1,[6 1],6,7,8,1,7
1,<environment.Job instance at 0x14a042f8eaf0>,3,1,[7 1],8,8,9,0,8
1,<environment.Job instance at 0x14a042f8e190>,4,12,[1 6],9,9,21,0,9
1,<environment.Job instance at 0x14a042f8e9b0>,5,2,[1 5],10,10,12,0,10
1,<environment.Job instance at 0x14a051780550>,8,14,[1 8],13,13,27,0,13
1,<environment.Job instance at 0x14a045ca2910>,11,2,[7 1],17,17,19,0,17
1,<environment.Job instance at 0x14a042cccbe0>,12,1,[1 8],18,27,28,9,18
1,<environment.Job instance at 0x14a046f0b730>,13,1,[7 1],19,19,20,0,19
1,<environment.Job instance at 0x14a042cccb40>,14,1,[1 9],20,28,29,8,20
1,<environment.Job instance at 0x14a046014aa0>,15,1,[6 2],21,21,22,0,21
1,<environment.Job instance at 0x14a046014be0>,16,2,[ 2 10],22,29,31,7,22
1,<environment.Job instance at 0x14a046014820>,17,1,[5 2],23,23,24,0,23
1,<environment.Job instance at 0x14a046014dc0>,18,13,[ 2 14],24,31,44,7,24
1,<environment.Job instance at 0x14a0432bbc30>,21,1,[ 2 10],29,44,45,15,35
1,<environment.Job instance at 0x14a098e67eb0>,23,2,[1 6],31,45,47,14,35
1,<environment.Job instance at 0x14a0428d3640>,22,2,[7 2],30,44,46,14,40
1,<environment.Job instance at 0x14a050713230>,25,13,[ 1 10],34,47,60,13,40
1,<environment.Job instance at 0x14a052e0ffa0>,26,2,[8 2],35,46,48,11,43
1,<environment.Job instance at 0x14a0500d6690>,27,1,[2 9],37,60,61,23,43
1,<environment.Job instance at 0x14a045ef7cd0>,28,2,[1 7],38,45,47,7,43
1,<environment.Job instance at 0x14a050713b40>,29,2,[8 1],39,48,50,9,43
1,<environment.Job instance at 0x14a045ef7690>,30,1,[5 1],40,43,44,3,43
1,<environment.Job instance at 0x14a045ed1230>,31,2,[ 1 12],41,61,63,20,43
1,<environment.Job instance at 0x14a046a2b820>,32,3,[2 5],47,50,53,3,47
1,<environment.Job instance at 0x14a046a2b370>,33,1,[5 2],49,49,50,0,49
1,<environment.Job instance at 0x14a0424e9780>,34,16,[ 1 10],50,63,79,13,50
1,<environment.Job instance at 0x14a0424e9140>,35,13,[1 5],51,63,76,12,51
1,<environment.Job instance at 0x14a0424e97d0>,36,3,[1 8],52,79,82,27,53
1,<environment.Job instance at 0x14a0424e93c0>,37,2,[7 1],54,54,56,0,54
1,<environment.Job instance at 0x14a0424e9c80>,38,2,[2 8],56,82,84,26,56
1,<environment.Job instance at 0x14a045ca2c80>,10,2,[12  2],15,56,58,41,56
1,<environment.Job instance at 0x14a05151c140>,39,1,[1 6],58,60,61,2,58
1,<environment.Job instance at 0x14a0424f38c0>,41,1,[2 8],61,84,85,23,61
1,<environment.Job instance at 0x14a042caeb40>,42,1,[11  2],64,76,77,12,64
1,<environment.Job instance at 0x14a042cae500>,43,15,[2 9],67,85,100,18,71
1,<environment.Job instance at 0x14a098e83500>,45,15,[6 1],70,77,92,7,71
1,<environment.Job instance at 0x14a0500dc640>,46,2,[ 1 10],71,100,102,29,73
1,<environment.Job instance at 0x14a042954a50>,47,16,[1 5],72,79,95,7,73
1,<environment.Job instance at 0x14a053705230>,49,2,[2 9],75,102,104,27,75
1,<environment.Job instance at 0x14a0537051e0>,50,26,[1 9],76,104,130,28,101
1,<environment.Job instance at 0x14a053705a00>,52,23,[2 8],78,130,153,52,124
1,<environment.Job instance at 0x14a053705e10>,53,3,[2 5],80,124,127,44,124
1,<environment.Job instance at 0x14a053705e60>,54,2,[5 1],81,124,126,43,124
1,<environment.Job instance at 0x14a0537057d0>,55,2,[ 1 10],82,153,155,71,126
1,<environment.Job instance at 0x14a053705b40>,56,15,[10  1],83,126,141,43,126
1,<environment.Job instance at 0x14a053705140>,57,3,[ 1 12],84,155,158,71,129
1,<environment.Job instance at 0x14a0537059b0>,58,1,[8 2],86,141,142,55,129
1,<environment.Job instance at 0x14a0537053c0>,59,1,[8 1],87,142,143,55,129
1,<environment.Job instance at 0x14a053705820>,60,24,[2 9],88,158,182,70,153
1,<environment.Job instance at 0x14a053705410>,61,1,[2 7],91,182,183,91,154
1,<environment.Job instance at 0x14a053705fa0>,62,25,[6 2],92,154,179,62,154
1,<environment.Job instance at 0x14a0537050f0>,63,3,[8 1],96,154,157,58,154
1,<environment.Job instance at 0x14a0537052d0>,65,28,[ 1 10],98,183,211,85,182
1,<environment.Job instance at 0x14a053705780>,66,2,[7 1],99,182,184,83,182
1,<environment.Job instance at 0x14a043d08c30>,67,2,[2 7],100,211,213,111,184
1,<environment.Job instance at 0x14a043d089b0>,68,1,[6 2],101,184,185,83,184
1,<environment.Job instance at 0x14a043d08320>,69,2,[1 5],102,185,187,83,184
1,<environment.Job instance at 0x14a043d08870>,70,13,[ 2 10],103,213,226,110,197
1,<environment.Job instance at 0x14a043d08b40>,71,3,[7 1],104,197,200,93,197
1,<environment.Job instance at 0x14a043d080a0>,72,3,[7 2],105,197,200,92,197
1,<environment.Job instance at 0x14a043d08a50>,73,24,[2 9],107,226,250,119,221
1,<environment.Job instance at 0x14a043d086e0>,74,1,[6 2],110,221,222,111,221
1,<environment.Job instance at 0x14a043d083c0>,75,16,[5 2],112,221,237,109,221
1,<environment.Job instance at 0x14a043d08820>,76,3,[9 2],114,237,240,123,221
1,<environment.Job instance at 0x14a043d085f0>,77,16,[1 5],115,240,256,125,227
1,<environment.Job instance at 0x14a043d08af0>,78,1,[1 5],116,250,251,134,227
1,<environment.Job instance at 0x14a043d08e10>,79,3,[ 2 10],117,251,254,134,227
1,<environment.Job instance at 0x14a043d08d20>,80,3,[2 9],118,254,257,136,228
1,<environment.Job instance at 0x14a043d085a0>,81,15,[11  2],119,256,271,137,249
1,<environment.Job instance at 0x14a043d08dc0>,82,15,[2 9],121,257,272,136,249
1,<environment.Job instance at 0x14a043d08780>,84,14,[7 2],123,271,285,148,256
1,<environment.Job instance at 0x14a046eb4e60>,85,3,[6 2],126,271,274,145,256
1,<environment.Job instance at 0x14a046eb4fa0>,86,2,[2 7],127,272,274,145,256
1,<environment.Job instance at 0x14a046eb4b40>,87,3,[2 5],129,274,277,145,256
1,<environment.Job instance at 0x14a046eb4410>,88,2,[5 2],131,274,276,143,256
1,<environment.Job instance at 0x14a046eb45a0>,89,3,[9 1],134,285,288,151,259
1,<environment.Job instance at 0x14a046eb4370>,90,1,[7 1],135,277,278,142,259
1,<environment.Job instance at 0x14a046eb4690>,91,2,[2 7],136,278,280,142,259
1,<environment.Job instance at 0x14a046eb4a50>,92,18,[1 5],137,274,292,137,263
1,<environment.Job instance at 0x14a046eb4640>,94,1,[9 1],139,288,289,149,263
1,<environment.Job instance at 0x14a046056690>,1,3,[2 6],3,3,6,0,3
1,<environment.Job instance at 0x14a045df98c0>,5,15,[2 6],8,8,23,0,8
1,<environment.Job instance at 0x14a045ee2640>,7,1,[2 7],10,10,11,0,10
1,<environment.Job instance at 0x14a045d70be0>,24,1,[2 8],30,37,38,7,37
1,<environment.Job instance at 0x14a045de7550>,23,2,[6 1],29,37,39,8,37
1,<environment.Job instance at 0x14a045d70410>,25,2,[6 1],31,37,39,6,37
1,<environment.Job instance at 0x14a045d70870>,27,3,[7 1],33,39,42,6,37
1,<environment.Job instance at 0x14a043036b40>,28,2,[2 9],35,38,40,3,37
1,<environment.Job instance at 0x14a045d70c30>,26,15,[2 9],32,40,55,8,37
1,<environment.Job instance at 0x14a0430365a0>,30,25,[2 5],38,44,69,6,44
1,<environment.Job instance at 0x14a043036960>,31,3,[2 5],39,55,58,16,45
1,<environment.Job instance at 0x14a042717050>,33,14,[5 1],41,45,59,4,45
1,<environment.Job instance at 0x14a0514d7e60>,34,17,[7 1],43,58,75,15,46
1,<environment.Job instance at 0x14a046acd5f0>,20,1,[ 1 12],25,69,70,44,57
1,<environment.Job instance at 0x14a043036be0>,32,2,[1 5],40,58,60,18,57
1,<environment.Job instance at 0x14a045c7d320>,38,3,[1 8],49,60,63,11,57
1,<environment.Job instance at 0x14a0514d7b40>,35,1,[ 2 10],45,70,71,25,57
1,<environment.Job instance at 0x14a046965c30>,41,16,[2 8],55,71,87,16,58
1,<environment.Job instance at 0x14a042df9be0>,42,2,[6 2],56,63,65,7,58
1,<environment.Job instance at 0x14a045f73140>,43,1,[7 2],58,69,70,11,58
1,<environment.Job instance at 0x14a045f73fa0>,44,2,[ 2 10],63,87,89,24,63
1,<environment.Job instance at 0x14a045c7d4b0>,40,3,[8 2],54,75,78,21,64
1,<environment.Job instance at 0x14a05080c960>,46,3,[7 1],65,78,81,13,65
1,<environment.Job instance at 0x14a0507507d0>,47,3,[2 6],66,66,69,0,66
1,<environment.Job instance at 0x14a043056280>,48,3,[2 9],67,89,92,22,67
1,<environment.Job instance at 0x14a0431f4140>,49,2,[8 1],68,81,83,13,68
1,<environment.Job instance at 0x14a04455b550>,51,3,[8 1],71,83,86,12,71
1,<environment.Job instance at 0x14a045de7370>,21,3,[1 6],26,71,74,45,71
1,<environment.Job instance at 0x14a046b80820>,52,2,[2 6],76,78,80,2,76
1,<environment.Job instance at 0x14a046b80500>,53,3,[10  1],77,86,89,9,77
1,<environment.Job instance at 0x14a042c18190>,54,3,[1 8],79,92,95,13,79
1,<environment.Job instance at 0x14a046b80f50>,55,2,[5 2],81,81,83,0,81
1,<environment.Job instance at 0x14a0514046e0>,56,1,[2 7],83,92,93,9,83
1,<environment.Job instance at 0x14a045c03f00>,57,1,[2 9],84,95,96,11,84
1,<environment.Job instance at 0x14a046af3a50>,58,3,[ 2 10],85,96,99,11,85
1,<environment.Job instance at 0x14a046af3370>,59,2,[6 1],86,89,91,3,86
1,<environment.Job instance at 0x14a042888780>,60,1,[8 1],89,91,92,2,89
1,<environment.Job instance at 0x14a042888be0>,61,12,[7 1],90,93,105,3,90
1,<environment.Job instance at 0x14a042888050>,62,26,[8 2],91,99,125,8,96
1,<environment.Job instance at 0x14a042888aa0>,64,14,[5 1],93,105,119,12,96
1,<environment.Job instance at 0x14a042888140>,65,16,[8 2],94,125,141,31,112
1,<environment.Job instance at 0x14a0428885f0>,66,3,[ 2 10],95,112,115,17,112
1,<environment.Job instance at 0x14a046963e10>,67,1,[6 2],96,119,120,23,112
1,<environment.Job instance at 0x14a0469630a0>,68,2,[5 1],97,120,122,23,112
1,<environment.Job instance at 0x14a046963410>,69,18,[6 2],98,122,140,24,112
1,<environment.Job instance at 0x14a0513df410>,70,3,[2 7],100,115,118,15,112
1,<environment.Job instance at 0x14a0513df280>,71,3,[9 2],101,141,144,40,115
1,<environment.Job instance at 0x14a0513dfc30>,72,12,[5 1],102,140,152,38,123
1,<environment.Job instance at 0x14a0513df140>,73,1,[1 6],103,123,124,20,123
1,<environment.Job instance at 0x14a0513dfd70>,74,19,[ 1 10],105,124,143,19,123
1,<environment.Job instance at 0x14a0513dfaf0>,75,2,[2 7],107,144,146,37,123
1,<environment.Job instance at 0x14a042f64690>,76,2,[8 1],108,144,146,36,123
1,<environment.Job instance at 0x14a0513dfe10>,77,2,[9 1],110,146,148,36,123
1,<environment.Job instance at 0x14a042f646e0>,78,3,[6 1],111,148,151,37,123
1,<environment.Job instance at 0x14a0513e1780>,80,15,[13  2],114,152,167,38,144
1,<environment.Job instance at 0x14a042870b40>,81,3,[8 1],115,167,170,52,144
1,<environment.Job instance at 0x14a0428703c0>,82,1,[1 7],116,146,147,30,144
1,<environment.Job instance at 0x14a042870460>,83,2,[1 9],117,147,149,30,144
1,<environment.Job instance at 0x14a0536f4870>,84,21,[5 2],118,167,188,49,159
1,<environment.Job instance at 0x14a0536f4af0>,85,17,[2 7],122,159,176,37,159
1,<environment.Job instance at 0x14a0536f4c80>,86,2,[ 1 10],123,176,178,53,159
1,<environment.Job instance at 0x14a042bf0f00>,87,2,[1 6],124,170,172,46,159
1,<environment.Job instance at 0x14a042bf0640>,88,28,[2 5],128,178,206,50,177
1,<environment.Job instance at 0x14a042bf0960>,89,3,[7 1],129,177,180,48,177
1,<environment.Job instance at 0x14a042bf0dc0>,91,1,[2 6],131,180,181,49,177
1,<environment.Job instance at 0x14a046ee60f0>,92,3,[8 1],133,181,184,48,178
1,<environment.Job instance at 0x14a046ee6eb0>,93,15,[2 5],135,184,199,49,178
1,<environment.Job instance at 0x14a045f736e0>,45,20,[10  2],64,188,208,124,179
1,<environment.Job instance at 0x14a042888f00>,63,16,[1 7],92,199,215,107,186
1,<environment.Job instance at 0x14a046ee6910>,96,2,[2 8],138,208,210,70,186
1,<environment.Job instance at 0x14a042f8c2d0>,1,2,[1 6],2,2,4,0,2
1,<environment.Job instance at 0x14a046b02550>,3,2,[2 5],5,5,7,0,5
1,<environment.Job instance at 0x14a0427904b0>,2,2,[10  2],5,5,7,0,5
1,<environment.Job instance at 0x14a042790b40>,3,18,[1 9],6,6,24,0,6
1,<environment.Job instance at 0x14a042529910>,5,3,[2 5],8,8,11,0,8
1,<environment.Job instance at 0x14a042529d70>,6,1,[ 1 10],10,24,25,14,10
1,<environment.Job instance at 0x14a042529820>,7,2,[1 7],11,25,27,14,11
1,<environment.Job instance at 0x14a042529aa0>,9,1,[5 1],13,13,14,0,13
1,<environment.Job instance at 0x14a045dd2460>,13,3,[ 2 14],17,27,30,10,17
1,<environment.Job instance at 0x14a0427fd1e0>,15,3,[1 9],20,30,33,10,20
1,<environment.Job instance at 0x14a042701cd0>,16,1,[5 1],21,21,22,0,21
1,<environment.Job instance at 0x14a0507b7f00>,19,2,[2 9],25,33,35,8,25
1,<environment.Job instance at 0x14a0427e7e10>,20,3,[2 5],27,30,33,3,27
1,<environment.Job instance at 0x14a0517968c0>,14,2,[10  2],18,33,35,15,29
1,<environment.Job instance at 0x14a04280db40>,22,18,[ 1 10],30,35,53,5,30
1,<environment.Job instance at 0x14a0425e26e0>,17,1,[11  2],23,35,36,12,30
1,<environment.Job instance at 0x14a0469cd460>,21,18,[2 5],29,36,54,7,32
1,<environment.Job instance at 0x14a051384eb0>,24,1,[9 2],32,53,54,21,32
1,<environment.Job instance at 0x14a0426af2d0>,25,18,[2 7],33,53,71,20,50
1,<environment.Job instance at 0x14a042eed780>,38,2,[ 2 10],51,71,73,20,58
1,<environment.Job instance at 0x14a042eed6e0>,39,3,[2 9],52,73,76,21,59
1,<environment.Job instance at 0x14a042eedc80>,41,16,[1 8],55,76,92,21,66
1,<environment.Job instance at 0x14a042eed910>,36,3,[10  2],48,69,72,21,69
1,<environment.Job instance at 0x14a0508d1910>,45,2,[7 2],60,72,74,12,69
1,<environment.Job instance at 0x14a0508d1a50>,46,3,[2 5],62,74,77,12,69
1,<environment.Job instance at 0x14a052e2b500>,30,1,[9 1],38,74,75,36,69
1,<environment.Job instance at 0x14a0508d1e60>,44,2,[2 5],59,69,71,10,69
1,<environment.Job instance at 0x14a046e23550>,47,3,[5 2],64,76,79,12,69
1,<environment.Job instance at 0x14a046e239b0>,48,16,[6 1],66,77,93,11,69
1,<environment.Job instance at 0x14a046eced20>,50,1,[ 1 10],68,92,93,24,71
1,<environment.Job instance at 0x14a045f040a0>,51,2,[1 9],70,93,95,23,73
1,<environment.Job instance at 0x14a045c04fa0>,54,26,[2 5],74,93,119,19,90
1,<environment.Job instance at 0x14a042eede60>,35,25,[2 5],47,95,120,48,91
1,<environment.Job instance at 0x14a042faf0f0>,52,3,[7 1],71,101,104,30,101
1,<environment.Job instance at 0x14a043207f00>,63,1,[ 2 10],87,119,120,32,101
1,<environment.Job instance at 0x14a0500838c0>,64,1,[ 1 14],88,120,121,32,101
1,<environment.Job instance at 0x14a0427a37d0>,65,1,[5 1],89,104,105,15,101
1,<environment.Job instance at 0x14a050083a00>,66,1,[2 9],90,121,122,31,101
1,<environment.Job instance at 0x14a042df6c80>,69,3,[1 6],94,121,124,27,115
1,<environment.Job instance at 0x14a05004f5f0>,71,2,[1 7],97,122,124,25,117
1,<environment.Job instance at 0x14a045d2dbe0>,73,16,[5 2],102,122,138,20,122
1,<environment.Job instance at 0x14a0469c2e10>,77,14,[2 8],107,127,141,20,127
1,<environment.Job instance at 0x14a0500d65a0>,79,15,[ 1 10],109,141,156,32,133
1,<environment.Job instance at 0x14a050083500>,67,3,[9 1],91,138,141,47,133
1,<environment.Job instance at 0x14a0469c2410>,82,1,[6 2],112,133,134,21,133
1,<environment.Job instance at 0x14a042f8e0a0>,83,15,[8 1],113,141,156,28,136
1,<environment.Job instance at 0x14a042f8ed20>,85,3,[7 2],116,156,159,40,136
1,<environment.Job instance at 0x14a04326c820>,88,2,[1 5],119,136,138,17,136
1,<environment.Job instance at 0x14a04326c9b0>,87,3,[2 6],118,138,141,20,136
1,<environment.Job instance at 0x14a045c04d20>,53,16,[ 2 10],73,156,172,83,143
1,<environment.Job instance at 0x14a04295b370>,91,3,[1 9],122,172,175,50,146
1,<environment.Job instance at 0x14a045e2b190>,92,3,[9 2],124,159,162,35,146
1,<environment.Job instance at 0x14a045e2bf00>,93,1,[2 6],125,172,173,47,146
1,<environment.Job instance at 0x14a04295b4b0>,90,1,[7 2],121,170,171,49,170
1,<environment.Job instance at 0x14a0460ec140>,99,1,[8 2],139,171,172,32,170
1,<environment.Job instance at 0x14a045ef7410>,18,2,[7 2],24,600,602,576,600
1,<environment.Job instance at 0x14a0460109b0>,4,1,[2 5],8,8,9,0,8
1,<environment.Job instance at 0x14a046010be0>,5,1,[8 1],12,12,13,0,12
1,<environment.Job instance at 0x14a046010050>,6,15,[14  1],13,17,32,4,17
1,<environment.Job instance at 0x14a046010910>,10,1,[2 6],18,32,33,14,18
1,<environment.Job instance at 0x14a0432a3640>,11,2,[8 1],19,32,34,13,19
1,<environment.Job instance at 0x14a0432a3140>,12,1,[7 1],20,33,34,13,20
1,<environment.Job instance at 0x14a046010c80>,9,16,[7 2],17,34,50,17,21
1,<environment.Job instance at 0x14a0432a3460>,15,1,[7 1],25,34,35,9,26
1,<environment.Job instance at 0x14a0432a3aa0>,17,3,[ 2 13],28,35,38,7,28
1,<environment.Job instance at 0x14a0432a3500>,18,2,[2 5],29,38,40,9,29
1,<environment.Job instance at 0x14a0432a3e10>,19,1,[1 7],32,32,33,0,32
1,<environment.Job instance at 0x14a0432a3730>,20,1,[ 1 10],34,34,35,0,34
1,<environment.Job instance at 0x14a0432a30f0>,21,3,[8 2],36,40,43,4,36
1,<environment.Job instance at 0x14a042f2a960>,22,3,[ 2 13],37,43,46,6,37
1,<environment.Job instance at 0x14a042f2a190>,23,2,[2 8],38,38,40,0,38
1,<environment.Job instance at 0x14a042f2a050>,24,20,[1 7],42,46,66,4,42
1,<environment.Job instance at 0x14a042f2a8c0>,25,1,[10  1],43,50,51,7,45
1,<environment.Job instance at 0x14a042f2a4b0>,26,18,[8 2],44,51,69,7,45
1,<environment.Job instance at 0x14a042f43320>,35,14,[11  2],57,69,83,12,64
1,<environment.Job instance at 0x14a042f43c80>,37,3,[6 1],60,65,68,5,65
1,<environment.Job instance at 0x14a042f439b0>,38,1,[10  1],62,83,84,21,65
1,<environment.Job instance at 0x14a0431bd190>,39,2,[9 1],63,84,86,21,65
1,<environment.Job instance at 0x14a0431bd910>,40,18,[12  2],64,86,104,22,76
1,<environment.Job instance at 0x14a0431bd7d0>,41,2,[ 1 13],65,76,78,11,76
1,<environment.Job instance at 0x14a0431bd320>,42,1,[5 1],66,83,84,17,76
1,<environment.Job instance at 0x14a0431bdcd0>,43,17,[6 1],67,104,121,37,92
1,<environment.Job instance at 0x14a0431bdfa0>,44,3,[2 7],68,92,95,24,92
1,<environment.Job instance at 0x14a0431bd550>,45,3,[9 2],69,104,107,35,92
1,<environment.Job instance at 0x14a0431bdf50>,46,17,[6 2],75,107,124,32,95
1,<environment.Job instance at 0x14a0431bd140>,48,2,[2 6],78,95,97,17,95
1,<environment.Job instance at 0x14a0431bd410>,49,15,[5 1],81,121,136,40,109
1,<environment.Job instance at 0x14a042f2c820>,53,3,[6 1],86,124,127,38,109
1,<environment.Job instance at 0x14a042f2c500>,54,1,[8 1],87,127,128,40,109
1,<environment.Job instance at 0x14a042f2caf0>,55,18,[2 9],88,109,127,21,109
1,<environment.Job instance at 0x14a042f2c410>,56,1,[8 1],90,128,129,38,109
1,<environment.Job instance at 0x14a042f2cf00>,57,1,[1 8],91,127,128,36,109
1,<environment.Job instance at 0x14a042f2c140>,58,13,[1 7],93,128,141,35,112
1,<environment.Job instance at 0x14a042f2cc30>,60,1,[1 9],95,141,142,46,113
1,<environment.Job instance at 0x14a042f2c870>,61,17,[1 5],96,127,144,31,115
1,<environment.Job instance at 0x14a042f2c5f0>,63,2,[6 2],102,129,131,27,115
1,<environment.Job instance at 0x14a042f2c050>,64,3,[1 5],103,142,145,39,116
1,<environment.Job instance at 0x14a046e91730>,65,1,[1 6],104,144,145,40,116
1,<environment.Job instance at 0x14a046e91370>,67,2,[7 1],107,131,133,24,116
1,<environment.Job instance at 0x14a046e91b90>,68,3,[2 5],108,145,148,37,119
1,<environment.Job instance at 0x14a046e91780>,69,1,[1 5],109,142,143,33,119
1,<environment.Job instance at 0x14a042628af0>,70,2,[9 1],111,136,138,25,119
1,<environment.Job instance at 0x14a042628eb0>,72,1,[2 5],118,143,144,25,119
1,<environment.Job instance at 0x14a042628c30>,73,17,[1 5],119,145,162,26,133
1,<environment.Job instance at 0x14a043a85b90>,74,13,[2 7],120,148,161,28,133
1,<environment.Job instance at 0x14a043a85fa0>,75,2,[7 1],121,133,135,12,133
1,<environment.Job instance at 0x14a043a85c30>,76,1,[2 7],124,161,162,37,133
1,<environment.Job instance at 0x14a043a85d70>,77,18,[9 2],125,144,162,19,133
1,<environment.Job instance at 0x14a043a85820>,78,1,[1 7],126,162,163,36,134
1,<environment.Job instance at 0x14a043a857d0>,79,3,[1 7],127,162,165,35,136
1,<environment.Job instance at 0x14a043a85be0>,80,3,[6 1],128,138,141,10,136
1,<environment.Job instance at 0x14a043a85690>,81,15,[1 9],129,165,180,36,151
1,<environment.Job instance at 0x14a043a85aa0>,82,2,[1 8],130,163,165,33,151
1,<environment.Job instance at 0x14a043a85b40>,83,28,[6 2],133,165,193,32,164
1,<environment.Job instance at 0x14a042c8d500>,84,12,[9 2],135,180,192,45,164
1,<environment.Job instance at 0x14a045f54e10>,85,3,[8 2],137,165,168,28,164
1,<environment.Job instance at 0x14a0426bebe0>,86,21,[10  2],139,193,214,54,185
1,<environment.Job instance at 0x154def9d9eb0>,1,2,[2 5],4,5,7,1,5
1,<environment.Job instance at 0x154def9a4a50>,4,2,[6 1],7,7,9,0,7
1,<environment.Job instance at 0x154d9a464780>,6,16,[2 7],9,9,25,0,9
1,<environment.Job instance at 0x154d9a414b40>,12,3,[6 2],16,18,21,2,18
1,<environment.Job instance at 0x154d9a414870>,15,14,[6 2],20,59,73,39,59
1,<environment.Job instance at 0x154d9a44c910>,18,1,[5 2],25,59,60,34,59
1,<environment.Job instance at 0x154d9a44fe60>,19,3,[8 1],26,60,63,34,59
1,<environment.Job instance at 0x154d9a44ca00>,20,21,[7 1],27,63,84,36,59
1,<environment.Job instance at 0x154d9a4b61e0>,21,22,[8 2],28,73,95,45,66
1,<environment.Job instance at 0x154def9a4af0>,2,18,[ 1 10],5,86,104,81,86
1,<environment.Job instance at 0x154d9a4b68c0>,22,3,[2 6],29,104,107,75,95
1,<environment.Job instance at 0x154d99d3e1e0>,34,3,[9 2],45,100,103,55,100
1,<environment.Job instance at 0x154d99fa2050>,35,3,[10  2],47,103,106,56,100
1,<environment.Job instance at 0x154d99d3c4b0>,36,3,[1 6],48,104,107,56,100
1,<environment.Job instance at 0x154d99d3ca00>,37,2,[2 7],49,107,109,58,100
1,<environment.Job instance at 0x154d99d3c460>,38,2,[8 2],50,106,108,56,100
1,<environment.Job instance at 0x154d99d3c6e0>,39,14,[2 5],51,107,121,56,100
1,<environment.Job instance at 0x154d99d3c550>,40,1,[8 1],53,108,109,55,106
1,<environment.Job instance at 0x154d99d3cc80>,45,2,[2 5],58,109,111,51,106
1,<environment.Job instance at 0x154d99d3cd70>,46,1,[1 7],59,111,112,52,106
1,<environment.Job instance at 0x154d9a414a00>,13,13,[1 5],17,124,137,107,124
1,<environment.Job instance at 0x154d99fb8e10>,54,2,[10  1],74,134,136,60,134
1,<environment.Job instance at 0x154d99d3bd70>,55,2,[2 7],75,134,136,59,134
1,<environment.Job instance at 0x154d99d3baa0>,56,18,[1 7],79,136,154,57,134
1,<environment.Job instance at 0x154d99d3bb40>,57,3,[1 9],80,154,157,74,134
1,<environment.Job instance at 0x154d99d3b0a0>,58,3,[6 1],83,136,139,53,134
1,<environment.Job instance at 0x154d99d3b1e0>,59,2,[12  2],85,139,141,54,134
1,<environment.Job instance at 0x154d99d3ba50>,60,17,[ 1 10],86,157,174,71,145
1,<environment.Job instance at 0x154d99fb8500>,53,1,[7 2],72,145,146,73,145
1,<environment.Job instance at 0x154d99fa8af0>,62,2,[1 5],89,145,147,56,145
1,<environment.Job instance at 0x154d99fa8190>,61,2,[5 2],87,146,148,59,145
1,<environment.Job instance at 0x154d9a46feb0>,65,2,[2 7],93,148,150,55,145
1,<environment.Job instance at 0x154d99fae1e0>,67,15,[1 9],95,174,189,79,163
1,<environment.Job instance at 0x154d99d45370>,76,3,[2 8],111,189,192,78,187
1,<environment.Job instance at 0x154d9a46f050>,64,18,[1 7],91,203,221,112,203
1,<environment.Job instance at 0x154d99d45820>,85,2,[1 5],125,242,244,117,242
1,<environment.Job instance at 0x154d99d4c730>,94,1,[ 2 10],138,242,243,104,242
1,<environment.Job instance at 0x154d99d4c5f0>,96,1,[2 5],143,243,244,100,242
1,<environment.Job instance at 0x154d99d4c4b0>,97,2,[1 7],145,244,246,99,242
1,<environment.Job instance at 0x154d99d4c820>,99,3,[2 9],148,246,249,98,242
1,<environment.Job instance at 0x154d99fb8fa0>,52,1,[8 1],70,303,304,233,303
1,<environment.Job instance at 0x154d99d637d0>,2,1,[1 8],4,4,5,0,4
1,<environment.Job instance at 0x154d99d63780>,3,2,[2 5],6,6,8,0,6
1,<environment.Job instance at 0x154dc0103870>,6,14,[5 1],10,367,381,357,367
1,<environment.Job instance at 0x154dc0103960>,4,13,[12  2],8,2123,2136,2115,2123
1,<environment.Job instance at 0x154da724c8c0>,19,18,[2 5],30,2123,2141,2093,2123
1,<environment.Job instance at 0x154dc01039b0>,7,2,[7 2],11,2136,2138,2125,2123
1,<environment.Job instance at 0x154da7265550>,21,1,[1 6],32,2123,2124,2091,2123
1,<environment.Job instance at 0x154da7265b90>,22,14,[12  1],33,2138,2152,2105,2123
1,<environment.Job instance at 0x154da7dd7640>,23,17,[1 5],34,2124,2141,2090,2123
1,<environment.Job instance at 0x154da7dd7c30>,24,1,[1 8],35,2141,2142,2106,2123
1,<environment.Job instance at 0x154da7dd7410>,25,1,[1 9],36,2142,2143,2106,2123
1,<environment.Job instance at 0x154da721e1e0>,26,3,[ 1 10],37,2143,2146,2106,2123
1,<environment.Job instance at 0x154da7dd7aa0>,27,2,[5 1],39,2136,2138,2097,2123
1,<environment.Job instance at 0x154da7dd7af0>,28,12,[1 9],40,2146,2158,2106,2129
1,<environment.Job instance at 0x154da72e2eb0>,32,3,[1 8],44,2158,2161,2114,2132
1,<environment.Job instance at 0x154da7285af0>,33,18,[ 2 10],46,2161,2179,2115,2150
1,<environment.Job instance at 0x154da72b5b90>,34,3,[ 1 10],47,2179,2182,2132,2153
1,<environment.Job instance at 0x154da7285fa0>,35,2,[8 2],48,2153,2155,2105,2153
1,<environment.Job instance at 0x154da72b53c0>,36,2,[ 2 10],50,2182,2184,2132,2155
1,<environment.Job instance at 0x154dc00ff0f0>,37,2,[2 5],51,2155,2157,2104,2155
1,<environment.Job instance at 0x154dc00ff190>,38,1,[1 5],52,2157,2158,2105,2155
1,<environment.Job instance at 0x154dc00ff050>,39,3,[11  1],53,2155,2158,2102,2155
1,<environment.Job instance at 0x154dc00ff2d0>,40,12,[2 6],54,2184,2196,2130,2167
1,<environment.Job instance at 0x154da71dc320>,41,3,[2 6],55,2184,2187,2129,2167
1,<environment.Job instance at 0x154da71dc6e0>,42,18,[ 1 10],67,2196,2214,2129,2185
1,<environment.Job instance at 0x154da71dc0a0>,43,26,[2 5],68,2187,2213,2119,2185
1,<environment.Job instance at 0x154da7dd70f0>,29,3,[6 2],41,2185,2188,2144,2185
1,<environment.Job instance at 0x154da71dc690>,46,2,[5 2],71,2187,2189,2116,2185
1,<environment.Job instance at 0x154da71dceb0>,48,1,[8 2],74,2189,2190,2115,2185
1,<environment.Job instance at 0x154da72be230>,49,25,[1 8],75,2214,2239,2139,2210
1,<environment.Job instance at 0x154da75965f0>,50,26,[2 9],76,2239,2265,2163,2236
1,<environment.Job instance at 0x154da75968c0>,51,15,[7 2],79,2236,2251,2157,2236
1,<environment.Job instance at 0x154da7596230>,52,13,[ 2 10],81,2265,2278,2184,2249
1,<environment.Job instance at 0x154da7596cd0>,53,3,[1 6],82,2251,2254,2169,2249
1,<environment.Job instance at 0x154da7596320>,54,2,[1 6],83,2254,2256,2171,2249
1,<environment.Job instance at 0x154da71d9e10>,55,2,[1 7],84,2278,2280,2194,2251
1,<environment.Job instance at 0x154da71d9d20>,56,22,[2 7],85,2278,2300,2193,2271
1,<environment.Job instance at 0x154da71d94b0>,57,1,[5 1],87,2271,2272,2184,2271
1,<environment.Job instance at 0x154da71d9460>,58,2,[2 8],88,2280,2282,2192,2271
1,<environment.Job instance at 0x154da71d91e0>,59,18,[2 8],89,2282,2300,2193,2271
1,<environment.Job instance at 0x154da71d9aa0>,61,2,[6 1],92,2271,2273,2179,2271
1,<environment.Job instance at 0x154da727b9b0>,62,1,[10  1],93,2273,2274,2180,2271
1,<environment.Job instance at 0x154da727b050>,63,2,[6 1],94,2274,2276,2180,2271
1,<environment.Job instance at 0x154da727b3c0>,64,13,[2 9],95,2300,2313,2205,2284
1,<environment.Job instance at 0x154da7276280>,65,3,[9 1],99,2300,2303,2201,2284
1,<environment.Job instance at 0x154da72769b0>,66,3,[1 7],100,2313,2316,2213,2287
1,<environment.Job instance at 0x154da72767d0>,68,2,[1 5],102,2300,2302,2198,2287
1,<environment.Job instance at 0x154da72e6690>,69,15,[ 1 10],105,2316,2331,2211,2302
1,<environment.Job instance at 0x154da72e60f0>,71,1,[7 1],109,2303,2304,2194,2302
1,<environment.Job instance at 0x154da728c730>,72,2,[1 8],111,2313,2315,2202,2302
1,<environment.Job instance at 0x154da72c9190>,73,1,[1 6],112,2304,2305,2192,2302
1,<environment.Job instance at 0x154da726bbe0>,75,2,[8 2],114,2305,2307,2191,2302
1,<environment.Job instance at 0x154da7ddfb40>,76,2,[5 2],115,2305,2307,2190,2302
1,<environment.Job instance at 0x154da72c9690>,77,3,[1 8],117,2331,2334,2214,2305
1,<environment.Job instance at 0x154dc0106140>,78,2,[5 2],119,2307,2309,2188,2305
1,<environment.Job instance at 0x154da726b5a0>,79,2,[2 7],121,2331,2333,2210,2305
1,<environment.Job instance at 0x154da71fd460>,80,3,[ 2 10],123,2334,2337,2211,2308
1,<environment.Job instance at 0x154da71fdc80>,81,1,[1 5],124,2309,2310,2185,2308
1,<environment.Job instance at 0x154da71fdd20>,82,2,[1 9],125,2337,2339,2212,2310
1,<environment.Job instance at 0x154da71b47d0>,83,17,[1 7],126,2339,2356,2213,2327
1,<environment.Job instance at 0x154da71b4a50>,84,2,[5 2],128,2327,2329,2199,2327
1,<environment.Job instance at 0x154da7363b40>,85,2,[1 5],129,2329,2331,2200,2327
1,<environment.Job instance at 0x154da73634b0>,89,2,[2 5],135,2333,2335,2198,2327
1,<environment.Job instance at 0x154da7363190>,90,14,[ 1 10],136,2356,2370,2220,2341
1,<environment.Job instance at 0x154da7363910>,91,1,[6 2],137,2341,2342,2204,2341
1,<environment.Job instance at 0x154da7363370>,92,3,[2 5],138,2341,2344,2203,2341
1,<environment.Job instance at 0x154da7363780>,93,14,[2 5],139,2344,2358,2205,2341
1,<environment.Job instance at 0x154da7363be0>,95,2,[1 8],141,2370,2372,2229,2343
1,<environment.Job instance at 0x154da7363140>,96,2,[12  1],142,2343,2345,2201,2343
1,<environment.Job instance at 0x154da7363af0>,98,27,[5 1],144,2358,2385,2214,2356
1,<environment.Job instance at 0x154da731a910>,100,17,[1 9],146,2372,2389,2226,2360
1,<environment.Job instance at 0x154da731aeb0>,101,2,[5 1],147,2360,2362,2213,2360
1,<environment.Job instance at 0x154da71dc3c0>,47,3,[6 1],73,2369,2372,2296,2369
1,<environment.Job instance at 0x154da731a730>,102,1,[6 1],149,2377,2378,2228,2377
1,<environment.Job instance at 0x154da731ec30>,16,3,[10  2],25,2385,2388,2360,2384
1,<environment.Job instance at 0x154d99759370>,4,1,[6 2],8,12,13,4,12
1,<environment.Job instance at 0x154d997593c0>,8,14,[ 2 10],12,12,26,0,12
1,<environment.Job instance at 0x154d99759870>,9,2,[6 2],13,13,15,0,13
1,<environment.Job instance at 0x154d997543c0>,10,3,[8 2],14,15,18,1,14
1,<environment.Job instance at 0x154d99759eb0>,11,1,[6 2],16,18,19,2,16
1,<environment.Job instance at 0x154d99754f50>,12,2,[1 6],18,26,28,8,18
1,<environment.Job instance at 0x154d99759dc0>,7,12,[1 9],11,26,38,15,22
1,<environment.Job instance at 0x154d99754730>,16,2,[10  2],23,23,25,0,23
1,<environment.Job instance at 0x154d997540a0>,17,3,[2 6],24,28,31,4,24
1,<environment.Job instance at 0x154d99754d20>,18,2,[7 2],26,31,33,5,26
1,<environment.Job instance at 0x154d9c6b4f00>,20,3,[1 9],29,38,41,9,29
1,<environment.Job instance at 0x154da4288c30>,15,2,[6 1],22,32,34,10,32
1,<environment.Job instance at 0x154d9d3c8910>,22,2,[6 2],31,34,36,3,34
1,<environment.Job instance at 0x154d9ca2beb0>,24,1,[1 7],35,41,42,6,35
1,<environment.Job instance at 0x154d9c707280>,25,2,[10  2],36,37,39,1,37
1,<environment.Job instance at 0x154dc21defa0>,27,2,[10  1],38,39,41,1,38
1,<environment.Job instance at 0x154d994d5320>,28,1,[7 2],39,41,42,2,39
1,<environment.Job instance at 0x154d9d5325a0>,21,26,[1 7],30,42,68,12,39
1,<environment.Job instance at 0x154d99755140>,32,2,[8 1],43,44,46,1,44
1,<environment.Job instance at 0x154d9ca20af0>,35,1,[8 2],46,54,55,8,54
1,<environment.Job instance at 0x154d9ca20aa0>,36,3,[10  1],47,55,58,8,54
1,<environment.Job instance at 0x154d9972b320>,37,15,[7 2],49,58,73,9,56
1,<environment.Job instance at 0x154d9972b780>,38,25,[2 6],51,56,81,5,56
1,<environment.Job instance at 0x154d99f8ac80>,31,3,[13  2],42,73,76,31,57
1,<environment.Job instance at 0x154d9cb32140>,43,3,[2 5],59,68,71,9,59
1,<environment.Job instance at 0x154d9ca9a640>,44,17,[1 7],62,76,93,14,64
1,<environment.Job instance at 0x154d9c691500>,45,1,[1 5],66,71,72,5,66
1,<environment.Job instance at 0x154d99fb70f0>,42,3,[2 5],56,81,84,25,70
1,<environment.Job instance at 0x154d9cafeaa0>,46,2,[5 1],69,71,73,2,70
1,<environment.Job instance at 0x154d9cafe230>,47,1,[1 7],70,84,85,14,71
1,<environment.Job instance at 0x154d99750c80>,50,3,[1 6],74,85,88,11,74
1,<environment.Job instance at 0x154d99750f00>,51,1,[ 1 13],75,93,94,18,75
1,<environment.Job instance at 0x154d99678640>,52,2,[1 5],76,88,90,12,76
1,<environment.Job instance at 0x154d99658320>,49,12,[1 8],72,94,106,22,78
1,<environment.Job instance at 0x154d995c1870>,53,16,[1 7],77,94,110,17,81
1,<environment.Job instance at 0x154d995df9b0>,55,1,[12  2],80,81,82,1,81
1,<environment.Job instance at 0x154d99744690>,57,3,[1 7],83,90,93,7,83
1,<environment.Job instance at 0x154d99744c80>,56,3,[2 5],82,106,109,24,85
1,<environment.Job instance at 0x154d996ce0f0>,61,18,[1 8],87,109,127,22,98
1,<environment.Job instance at 0x154d996ce0a0>,66,22,[1 7],94,110,132,16,103
1,<environment.Job instance at 0x154d996ce5a0>,63,3,[5 2],91,106,109,15,104
1,<environment.Job instance at 0x154d9979a550>,69,2,[7 1],102,127,129,25,108
1,<environment.Job instance at 0x154d99755870>,33,14,[ 2 10],44,132,146,88,119
1,<environment.Job instance at 0x154d9979af00>,71,3,[10  2],105,129,132,24,119
1,<environment.Job instance at 0x154d9979a500>,72,3,[1 5],106,127,130,21,119
1,<environment.Job instance at 0x154d9979aa00>,73,15,[10  1],108,132,147,24,119
1,<environment.Job instance at 0x154d9979a6e0>,74,3,[7 2],110,147,150,37,121
1,<environment.Job instance at 0x154d99795eb0>,75,1,[2 8],111,146,147,35,121
1,<environment.Job instance at 0x154d997959b0>,76,1,[5 2],112,127,128,15,121
1,<environment.Job instance at 0x154d99795c30>,77,3,[10  2],114,150,153,36,124
1,<environment.Job instance at 0x154d99795af0>,78,3,[8 1],115,147,150,32,124
1,<environment.Job instance at 0x154d99795c80>,79,3,[5 1],117,150,153,33,124
1,<environment.Job instance at 0x154d996ad960>,85,15,[2 6],125,153,168,28,141
1,<environment.Job instance at 0x154d995e5640>,86,3,[1 7],126,153,156,27,141
1,<environment.Job instance at 0x154d995e5690>,87,18,[1 8],127,156,174,29,145
1,<environment.Job instance at 0x154d995e5fa0>,91,15,[7 2],132,168,183,36,162
1,<environment.Job instance at 0x154d9979af50>,68,18,[7 2],101,168,186,67,162
1,<environment.Job instance at 0x154d995e5e10>,92,1,[13  1],133,186,187,53,178
1,<environment.Job instance at 0x154d995e5b90>,94,1,[2 7],136,183,184,47,178
1,<environment.Job instance at 0x154d995e54b0>,96,14,[ 1 10],139,184,198,45,178
1,<environment.Job instance at 0x154d995d3d70>,101,15,[7 1],147,187,202,40,186
1,<environment.Job instance at 0x154d995e5780>,93,22,[7 2],135,187,209,52,186
1,<environment.Job instance at 0x154d995d3fa0>,103,2,[6 1],149,202,204,53,186
1,<environment.Job instance at 0x154d995d3a00>,102,2,[2 6],148,205,207,57,205
1,<environment.Job instance at 0x154d99759910>,6,2,[2 8],10,213,215,203,213
1,<environment.Job instance at 0x154d99795e10>,80,13,[5 1],119,315,328,196,315
1,<environment.Job instance at 0x154d99795e10>,2,2,[2 7],3,3,5,0,3
1,<environment.Job instance at 0x154d9d4a38c0>,3,3,[1 8],4,4,7,0,4
1,<environment.Job instance at 0x154d9d4a3190>,4,22,[9 1],5,5,27,0,5
1,<environment.Job instance at 0x154d9d4a3780>,7,2,[ 1 10],9,9,11,0,9
1,<environment.Job instance at 0x154d9d4a3b40>,8,3,[2 7],10,11,14,1,10
1,<environment.Job instance at 0x154d9ca1cc80>,10,3,[ 2 12],12,14,17,2,12
1,<environment.Job instance at 0x154d9d966820>,12,3,[6 2],15,17,20,2,15
1,<environment.Job instance at 0x154d9d8d8a00>,13,2,[1 6],17,20,22,3,17
1,<environment.Job instance at 0x154da5ee58c0>,14,1,[12  1],18,27,28,9,19
1,<environment.Job instance at 0x154d9d4a3050>,16,1,[7 1],23,28,29,5,23
1,<environment.Job instance at 0x154d99fa1a50>,17,2,[2 5],24,24,26,0,24
1,<environment.Job instance at 0x154d9c6c9c80>,18,1,[5 2],25,26,27,1,25
1,<environment.Job instance at 0x154d9c6c90a0>,19,14,[10  2],26,29,43,3,26
1,<environment.Job instance at 0x154d9c65f280>,20,1,[2 5],27,27,28,0,27
1,<environment.Job instance at 0x154d9bc0bc80>,22,1,[1 5],29,29,30,0,29
1,<environment.Job instance at 0x154d998ff5a0>,23,1,[8 1],32,43,44,11,32
1,<environment.Job instance at 0x154d9bc0b9b0>,24,2,[7 1],33,43,45,10,33
1,<environment.Job instance at 0x154dc0059690>,25,2,[2 7],34,34,36,0,34
1,<environment.Job instance at 0x154dc0059910>,26,1,[5 2],35,36,37,1,35
1,<environment.Job instance at 0x154dc0059370>,27,1,[1 5],38,38,39,0,38
1,<environment.Job instance at 0x154d998f5500>,28,2,[6 1],39,44,46,5,39
1,<environment.Job instance at 0x154d9995d690>,29,18,[10  2],40,46,64,6,40
1,<environment.Job instance at 0x154d998f5140>,30,2,[2 6],41,41,43,0,41
1,<environment.Job instance at 0x154d9c662a50>,31,1,[7 1],42,45,46,3,42
1,<environment.Job instance at 0x154d9c662b40>,32,13,[1 8],43,44,57,1,43
1,<environment.Job instance at 0x154d9c662af0>,33,3,[ 2 10],44,57,60,13,44
1,<environment.Job instance at 0x154d9c662140>,34,1,[1 7],45,60,61,15,45
1,<environment.Job instance at 0x154d9c6bdf50>,35,18,[2 7],49,61,79,12,50
1,<environment.Job instance at 0x154d9c6bd5a0>,37,1,[2 9],52,79,80,27,52
1,<environment.Job instance at 0x154d9c6bdb90>,38,2,[ 2 10],55,80,82,25,55
1,<environment.Job instance at 0x154d9c6bd910>,39,2,[7 1],56,64,66,8,56
1,<environment.Job instance at 0x154d9c6bdf00>,40,3,[1 5],57,60,63,3,57
1,<environment.Job instance at 0x154d9afab780>,41,2,[5 2],58,64,66,6,58
1,<environment.Job instance at 0x154d9afab690>,42,1,[10  2],59,66,67,7,59
1,<environment.Job instance at 0x154d9afab6e0>,43,1,[10  1],60,67,68,7,60
1,<environment.Job instance at 0x154d9d928140>,44,16,[10  2],61,68,84,7,61
1,<environment.Job instance at 0x154d9d928d70>,45,1,[8 2],63,84,85,21,63
1,<environment.Job instance at 0x154d9d928a50>,46,2,[2 9],64,82,84,18,64
1,<environment.Job instance at 0x154d9d9285a0>,47,3,[9 2],66,85,88,19,66
1,<environment.Job instance at 0x154d99c19f00>,49,1,[1 5],69,69,70,0,69
1,<environment.Job instance at 0x154d9990d410>,50,12,[10  1],71,88,100,17,71
1,<environment.Job instance at 0x154d9990d460>,51,15,[5 2],73,84,99,11,73
1,<environment.Job instance at 0x154d995bd550>,52,2,[10  1],76,100,102,24,76
1,<environment.Job instance at 0x154d9990da00>,53,1,[2 8],77,84,85,7,77
1,<environment.Job instance at 0x154d9990daf0>,54,2,[7 2],80,102,104,22,80
1,<environment.Job instance at 0x154d9a3e5140>,56,17,[1 6],83,99,116,16,87
1,<environment.Job instance at 0x154d9a3c6f50>,57,1,[2 9],84,104,105,20,87
1,<environment.Job instance at 0x154d9956ce10>,58,2,[8 1],86,105,107,19,87
1,<environment.Job instance at 0x154d9a3cb4b0>,60,2,[6 1],89,102,104,13,89
1,<environment.Job instance at 0x154d9bc25aa0>,61,3,[ 1 10],90,116,119,26,90
1,<environment.Job instance at 0x154d9a3cbfa0>,62,1,[7 1],91,107,108,16,91
1,<environment.Job instance at 0x154d9d4f9f00>,63,2,[1 6],92,99,101,7,92
1,<environment.Job instance at 0x154d9d4f9a50>,64,2,[1 6],93,101,103,8,93
1,<environment.Job instance at 0x154d99541af0>,65,3,[6 2],94,105,108,11,94
1,<environment.Job instance at 0x154d99778280>,66,1,[10  1],96,108,109,12,96
1,<environment.Job instance at 0x154d99778d20>,67,3,[6 2],97,109,112,12,97
1,<environment.Job instance at 0x154d99778730>,68,1,[2 8],98,108,109,10,98
1,<environment.Job instance at 0x154d9d491be0>,69,1,[6 1],100,109,110,9,100
1,<environment.Job instance at 0x154d9d491640>,70,1,[10  2],101,112,113,11,101
1,<environment.Job instance at 0x154d9d491aa0>,71,3,[7 1],103,113,116,10,103
1,<environment.Job instance at 0x154d9d4915a0>,72,3,[2 7],105,110,113,5,105
1,<environment.Job instance at 0x154d9d491550>,73,1,[8 1],106,116,117,10,106
1,<environment.Job instance at 0x154d9d491a50>,74,13,[10  1],110,117,130,7,110
1,<environment.Job instance at 0x154d99cd8550>,75,12,[1 5],112,119,131,7,112
1,<environment.Job instance at 0x154d9ca37730>,76,3,[2 7],113,113,116,0,113
1,<environment.Job instance at 0x154d99914d70>,77,18,[2 8],114,119,137,5,114
1,<environment.Job instance at 0x154d9bbfe910>,78,2,[1 9],116,137,139,21,116
1,<environment.Job instance at 0x154d9bbfe370>,79,1,[1 8],117,139,140,22,117
1,<environment.Job instance at 0x154d9bbfe280>,80,3,[ 1 10],118,140,143,22,118
1,<environment.Job instance at 0x154d9bbfefa0>,81,2,[1 5],119,131,133,12,119
1,<environment.Job instance at 0x154d9d4287d0>,82,17,[2 5],123,133,150,10,123
1,<environment.Job instance at 0x154d9d428140>,84,17,[9 1],127,143,160,16,131
1,<environment.Job instance at 0x154d9d4289b0>,85,3,[7 2],128,131,134,3,131
1,<environment.Job instance at 0x154d9d55e320>,86,2,[2 6],130,143,145,13,131
1,<environment.Job instance at 0x154d9d5308c0>,87,2,[2 5],132,145,147,13,132
1,<environment.Job instance at 0x154d9d602230>,88,16,[ 2 10],133,150,166,17,137
1,<environment.Job instance at 0x154d9d6028c0>,89,1,[1 9],136,147,148,11,137
1,<environment.Job instance at 0x154d9d602500>,91,1,[1 7],138,148,149,10,139
1,<environment.Job instance at 0x154d999e71e0>,93,3,[2 5],142,160,163,18,142
1,<environment.Job instance at 0x154d999e7640>,94,13,[1 9],144,166,179,22,150
1,<environment.Job instance at 0x154d9d4b8730>,95,12,[2 7],146,179,191,33,162
1,<environment.Job instance at 0x154d9d4b8370>,96,1,[1 9],147,191,192,44,163
1,<environment.Job instance at 0x154d9d4b8eb0>,97,3,[ 1 10],148,192,195,44,166
1,<environment.Job instance at 0x154d99a2baa0>,1,1,[1 5],2,2,3,0,2
1,<environment.Job instance at 0x154d9c715690>,2,2,[8 1],3,4,6,1,4
1,<environment.Job instance at 0x154d9c715190>,3,1,[5 2],5,5,6,0,5
1,<environment.Job instance at 0x154d9c715820>,4,12,[13  2],6,36,48,30,36
1,<environment.Job instance at 0x154d9c715a00>,11,3,[9 2],17,48,51,31,36
1,<environment.Job instance at 0x154d9c7152d0>,7,15,[ 1 10],12,36,51,24,36
1,<environment.Job instance at 0x154dc01bab40>,13,3,[2 6],20,51,54,31,36
1,<environment.Job instance at 0x154d9a498320>,14,20,[5 1],21,48,68,27,39
1,<environment.Job instance at 0x154d9a498c80>,15,16,[10  2],22,54,70,32,41
1,<environment.Job instance at 0x154d9a498500>,16,2,[9 1],23,70,72,47,43
1,<environment.Job instance at 0x154da71e5870>,17,2,[2 7],25,51,53,26,43
1,<environment.Job instance at 0x154da71e53c0>,18,2,[10  1],27,72,74,45,45
1,<environment.Job instance at 0x154da71e5320>,20,1,[6 2],30,70,71,40,65
1,<environment.Job instance at 0x154dc01f6a50>,32,14,[1 9],48,71,85,23,65
1,<environment.Job instance at 0x154dc01f68c0>,33,15,[1 5],49,71,86,22,70
1,<environment.Job instance at 0x154dc01f6d20>,37,2,[6 1],55,74,76,19,70
1,<environment.Job instance at 0x154dc01f6370>,38,3,[8 1],57,76,79,19,70
1,<environment.Job instance at 0x154dec0f8c80>,39,1,[1 9],59,85,86,26,70
1,<environment.Job instance at 0x154dec0f88c0>,40,1,[2 9],60,86,87,26,70
1,<environment.Job instance at 0x154dec0f8aa0>,41,1,[2 9],61,87,88,26,70
1,<environment.Job instance at 0x154dec0f80f0>,42,14,[1 6],64,86,100,22,85
1,<environment.Job instance at 0x154d9a500af0>,47,3,[1 8],70,91,94,21,91
1,<environment.Job instance at 0x154d999d0eb0>,49,2,[7 1],74,91,93,17,91
1,<environment.Job instance at 0x154da72276e0>,50,1,[2 7],76,94,95,18,91
1,<environment.Job instance at 0x154d999d0c80>,51,2,[1 6],77,95,97,18,91
1,<environment.Job instance at 0x154dc18c91e0>,53,2,[7 1],80,93,95,13,91
1,<environment.Job instance at 0x154dc18c9f00>,55,13,[8 2],82,95,108,13,94
1,<environment.Job instance at 0x154dc18c9aa0>,57,12,[ 2 10],88,100,112,12,95
1,<environment.Job instance at 0x154dc18c9d70>,58,1,[10  1],89,108,109,19,95
1,<environment.Job instance at 0x154dc187bf00>,59,24,[1 8],90,112,136,22,107
1,<environment.Job instance at 0x154dc187b410>,60,3,[1 7],91,112,115,21,107
1,<environment.Job instance at 0x154d99a2b910>,5,2,[1 9],9,136,138,127,109
1,<environment.Job instance at 0x154dec0f2af0>,65,3,[ 1 14],97,138,141,41,113
1,<environment.Job instance at 0x154da71e5eb0>,19,15,[8 1],29,115,130,86,113
1,<environment.Job instance at 0x154dec0f2690>,66,3,[1 8],102,141,144,39,115
1,<environment.Job instance at 0x154d9990c640>,68,1,[11  1],104,130,131,26,115
1,<environment.Job instance at 0x154d9990cfa0>,69,3,[8 1],106,131,134,25,115
1,<environment.Job instance at 0x154dc00545f0>,71,3,[1 9],108,144,147,36,128
1,<environment.Job instance at 0x154dc0054be0>,74,3,[1 8],112,147,150,35,130
1,<environment.Job instance at 0x154dc0054f00>,76,2,[2 9],114,150,152,36,131
1,<environment.Job instance at 0x154dc00542d0>,77,2,[2 8],115,152,154,37,131
1,<environment.Job instance at 0x154d9bc076e0>,80,2,[8 1],121,136,138,15,136
1,<environment.Job instance at 0x154d9bc07b40>,81,1,[2 9],123,154,155,31,140
1,<environment.Job instance at 0x154dc215f4b0>,83,3,[2 7],126,147,150,21,142
1,<environment.Job instance at 0x154dc215f7d0>,85,15,[1 7],128,155,170,27,143
1,<environment.Job instance at 0x154dc215f2d0>,86,15,[5 1],129,168,183,39,168
1,<environment.Job instance at 0x154d997ee640>,98,1,[1 7],144,168,169,24,168
1,<environment.Job instance at 0x154d9c856410>,99,3,[1 6],145,169,172,24,168
1,<environment.Job instance at 0x154d9cb81500>,100,2,[5 2],146,170,172,24,168
1,<environment.Job instance at 0x154dc2294d20>,101,16,[8 1],148,172,188,24,169
1,<environment.Job instance at 0x154dc25e7be0>,102,1,[9 2],149,188,189,39,169
1,<environment.Job instance at 0x154d9ca28190>,2,2,[1 5],3,5,7,2,5
1,<environment.Job instance at 0x154d9c76cbe0>,6,2,[11  2],7,39,41,32,39
1,<environment.Job instance at 0x154d9c76c5a0>,11,1,[1 5],12,83,84,71,83
1,<environment.Job instance at 0x154d9ca47730>,15,12,[2 9],17,84,96,67,84
1,<environment.Job instance at 0x154d9ca47690>,18,1,[7 2],21,184,185,163,184
1,<environment.Job instance at 0x154d9ca47960>,20,1,[ 1 10],23,187,188,164,187
1,<environment.Job instance at 0x154d9ca475a0>,21,2,[2 6],24,188,190,164,187
1,<environment.Job instance at 0x154d9ca47a50>,22,1,[ 2 10],25,190,191,165,187
1,<environment.Job instance at 0x154da7280960>,23,1,[2 9],27,188,189,161,187
1,<environment.Job instance at 0x154d9ca32cd0>,25,12,[2 8],34,226,238,192,226
1,<environment.Job instance at 0x154da72c97d0>,7,2,[1 9],8,238,240,230,235
1,<environment.Job instance at 0x154d9a775910>,28,14,[1 5],38,237,251,199,237
1,<environment.Job instance at 0x154dc0084690>,29,14,[9 2],39,240,254,201,237
1,<environment.Job instance at 0x154d9d602d20>,1,17,[ 1 14],2,275,292,273,275
1,<environment.Job instance at 0x154d99c77780>,33,1,[6 1],48,275,276,227,275
1,<environment.Job instance at 0x154d9d969730>,34,2,[7 1],49,276,278,227,275
1,<environment.Job instance at 0x154d994ee3c0>,35,1,[1 8],50,292,293,242,275
1,<environment.Job instance at 0x154d994eebe0>,36,18,[1 9],51,293,311,242,282
1,<environment.Job instance at 0x154d9cacbf00>,37,15,[1 9],53,311,326,258,297
1,<environment.Job instance at 0x154d9c8cdc30>,38,2,[ 1 10],55,326,328,271,299
1,<environment.Job instance at 0x154d9cacba00>,40,2,[5 2],57,299,301,242,299
1,<environment.Job instance at 0x154d9d610cd0>,41,13,[ 2 12],60,328,341,268,312
1,<environment.Job instance at 0x154dc00686e0>,42,1,[6 2],61,312,313,251,312
1,<environment.Job instance at 0x154dc0068690>,44,18,[9 1],65,313,331,248,313
1,<environment.Job instance at 0x154d99d3bc30>,45,2,[5 2],66,324,326,258,324
1,<environment.Job instance at 0x154d99658d20>,47,2,[ 2 14],68,341,343,273,324
1,<environment.Job instance at 0x154d9a475e60>,49,1,[ 2 10],72,343,344,271,326
1,<environment.Job instance at 0x154d9a475aa0>,50,1,[10  2],74,331,332,257,327
1,<environment.Job instance at 0x154d9c6f0a50>,53,12,[5 1],77,338,350,261,338
1,<environment.Job instance at 0x154d9c8b0dc0>,54,1,[5 2],78,338,339,260,338
1,<environment.Job instance at 0x154d9c8b0550>,55,13,[1 7],79,344,357,265,338
1,<environment.Job instance at 0x154d9c8b09b0>,57,16,[1 6],81,344,360,263,341
1,<environment.Job instance at 0x154d9c9e4aa0>,58,16,[7 1],83,352,368,269,352
1,<environment.Job instance at 0x154dc25ed190>,60,1,[9 2],85,368,369,283,352
1,<environment.Job instance at 0x154dc25edb40>,62,1,[ 1 10],88,360,361,272,352
1,<environment.Job instance at 0x154dc25ed640>,64,2,[2 7],91,357,359,266,352
1,<environment.Job instance at 0x154dc25edc30>,65,12,[2 7],93,361,373,268,352
1,<environment.Job instance at 0x154dc25ed910>,66,20,[ 2 10],94,373,393,279,364
1,<environment.Job instance at 0x154dc25ede60>,67,15,[2 9],95,393,408,298,379
1,<environment.Job instance at 0x154dc25edc80>,68,12,[1 5],96,379,391,283,379
1,<environment.Job instance at 0x154dc25ed280>,70,15,[7 2],98,391,406,293,379
1,<environment.Job instance at 0x154d999d8b40>,71,13,[ 2 10],99,408,421,309,392
1,<environment.Job instance at 0x154d999d8780>,72,2,[2 5],102,406,408,304,392
1,<environment.Job instance at 0x154d999d8870>,75,2,[2 5],108,408,410,300,392
1,<environment.Job instance at 0x154d999d8140>,76,3,[2 8],109,421,424,312,395
1,<environment.Job instance at 0x154d999d8e10>,77,2,[1 9],111,424,426,313,397
1,<environment.Job instance at 0x154d999d8eb0>,78,1,[14  2],112,424,425,312,399
1,<environment.Job instance at 0x154d999d8e60>,79,1,[8 2],113,410,411,297,399
1,<environment.Job instance at 0x154d999d80f0>,80,3,[ 2 13],114,426,429,312,400
1,<environment.Job instance at 0x154d999d85f0>,81,2,[7 1],116,406,408,290,400
1,<environment.Job instance at 0x154d999d8a00>,82,2,[7 1],119,411,413,292,400
1,<environment.Job instance at 0x154d999d85a0>,85,1,[7 2],124,413,414,289,409
1,<environment.Job instance at 0x154d999d8690>,86,2,[ 1 10],125,429,431,304,409
1,<environment.Job instance at 0x154d999d8d20>,84,1,[6 1],123,411,412,288,409
1,<environment.Job instance at 0x154da714c0a0>,88,1,[2 6],127,421,422,294,409
1,<environment.Job instance at 0x154da714cb40>,89,3,[1 7],128,431,434,303,409
1,<environment.Job instance at 0x154da714c910>,90,1,[8 2],130,414,415,284,409
1,<environment.Job instance at 0x154da714caf0>,91,2,[2 8],132,431,433,299,409
1,<environment.Job instance at 0x154da714c640>,92,1,[5 2],135,410,411,275,409
1,<environment.Job instance at 0x154da714cf50>,93,18,[1 9],140,434,452,294,423
1,<environment.Job instance at 0x154da714c6e0>,94,2,[10  2],141,425,427,284,423
1,<environment.Job instance at 0x154da714c370>,95,1,[1 8],142,433,434,291,423
1,<environment.Job instance at 0x154da714c820>,96,1,[9 1],144,423,424,279,423
1,<environment.Job instance at 0x154da714c4b0>,97,3,[2 7],145,452,455,307,426
1,<environment.Job instance at 0x154da714ceb0>,98,2,[ 2 10],146,455,457,309,428
1,<environment.Job instance at 0x154da714c1e0>,99,18,[8 1],148,434,452,286,428
1,<environment.Job instance at 0x154da714cbe0>,100,13,[1 6],149,457,470,308,441
1,<environment.Job instance at 0x154d99c85140>,1,16,[ 2 10],3,3,19,0,3
1,<environment.Job instance at 0x154dc2167550>,6,2,[ 1 10],10,19,21,9,10
1,<environment.Job instance at 0x154d99688a50>,7,22,[9 1],11,11,33,0,11
1,<environment.Job instance at 0x154da71865a0>,11,2,[1 7],15,21,23,6,17
1,<environment.Job instance at 0x154d99ab1d20>,14,18,[1 9],18,23,41,5,18
1,<environment.Job instance at 0x154d9a412b90>,16,17,[1 9],21,41,58,20,29
1,<environment.Job instance at 0x154d9a4121e0>,18,23,[6 1],23,33,56,10,29
1,<environment.Job instance at 0x154d9a4cae10>,10,15,[ 1 12],14,58,73,44,44
1,<environment.Job instance at 0x154d9a412d20>,20,14,[2 5],25,44,58,19,44
1,<environment.Job instance at 0x154d9a412500>,19,2,[2 6],24,73,75,49,46
1,<environment.Job instance at 0x154d9a41cf00>,22,13,[1 7],27,73,86,46,57
1,<environment.Job instance at 0x154d9a412460>,23,3,[11  1],28,57,60,29,57
1,<environment.Job instance at 0x154d99679460>,24,2,[8 2],29,60,62,31,57
1,<environment.Job instance at 0x154d9a4e59b0>,25,13,[1 8],31,75,88,44,59
1,<environment.Job instance at 0x154d99836e10>,26,2,[8 2],32,62,64,30,59
1,<environment.Job instance at 0x154d99836d70>,27,3,[7 1],33,64,67,31,59
1,<environment.Job instance at 0x154d99836460>,28,1,[1 8],35,88,89,53,60
1,<environment.Job instance at 0x154d99577500>,29,1,[8 2],36,67,68,31,60
1,<environment.Job instance at 0x154d99836fa0>,30,3,[1 8],40,89,92,49,63
1,<environment.Job instance at 0x154d99577a00>,31,1,[2 6],43,86,87,43,63
1,<environment.Job instance at 0x154d995778c0>,32,1,[2 7],45,87,88,42,63
1,<environment.Job instance at 0x154d99577640>,33,1,[7 1],46,64,65,18,63
1,<environment.Job instance at 0x154d99729eb0>,34,3,[6 2],48,68,71,20,63
1,<environment.Job instance at 0x154d99729500>,35,2,[2 6],50,88,90,38,63
1,<environment.Job instance at 0x154d99729a00>,36,14,[1 8],51,92,106,41,77
1,<environment.Job instance at 0x154d99729460>,38,2,[10  2],53,90,92,37,77
1,<environment.Job instance at 0x154d99729cd0>,40,2,[ 1 10],56,106,108,50,79
1,<environment.Job instance at 0x154d99729c30>,41,3,[2 6],57,92,95,35,79
1,<environment.Job instance at 0x154d99616e60>,42,2,[1 9],58,108,110,50,81
1,<environment.Job instance at 0x154d996166e0>,43,3,[2 8],59,110,113,51,84
1,<environment.Job instance at 0x154d99a449b0>,44,1,[1 7],61,95,96,34,84
1,<environment.Job instance at 0x154d99a44af0>,45,2,[2 8],62,113,115,51,86
1,<environment.Job instance at 0x154d99a44f50>,46,3,[8 1],63,92,95,29,86
1,<environment.Job instance at 0x154d996ddbe0>,47,2,[2 6],64,96,98,32,86
1,<environment.Job instance at 0x154d996dd370>,48,18,[10  1],66,96,114,30,86
1,<environment.Job instance at 0x154d996dda00>,50,2,[2 9],69,115,117,46,88
1,<environment.Job instance at 0x154d996dd960>,51,2,[5 1],70,88,90,18,88
1,<environment.Job instance at 0x154d996dd550>,52,3,[ 2 12],71,117,120,46,91
1,<environment.Job instance at 0x154d9d96b6e0>,56,19,[10  1],77,114,133,37,108
1,<environment.Job instance at 0x154d996df2d0>,57,2,[1 9],79,120,122,41,108
1,<environment.Job instance at 0x154d996df280>,58,1,[2 9],81,122,123,41,108
1,<environment.Job instance at 0x154d996df960>,59,2,[ 2 10],82,123,125,41,108
1,<environment.Job instance at 0x154d995ef5a0>,60,3,[2 9],83,125,128,42,108
1,<environment.Job instance at 0x154d995d3050>,61,13,[2 7],85,128,141,43,112
1,<environment.Job instance at 0x154d995d30f0>,63,14,[2 9],87,141,155,54,126
1,<environment.Job instance at 0x154d995d3b90>,64,2,[8 1],88,133,135,45,126
1,<environment.Job instance at 0x154d9d3f45a0>,65,1,[2 6],89,128,129,39,126
1,<environment.Job instance at 0x154d9d3f4dc0>,66,1,[9 2],90,135,136,45,126
1,<environment.Job instance at 0x154d9d3f4410>,67,2,[ 1 10],91,155,157,64,128
1,<environment.Job instance at 0x154d9d3f4780>,70,12,[2 5],96,129,141,33,128
1,<environment.Job instance at 0x154d9d3f4280>,71,1,[1 5],98,141,142,43,128
1,<environment.Job instance at 0x154d9d3f4be0>,73,15,[5 1],101,136,151,35,134
1,<environment.Job instance at 0x154d9d3f4a50>,77,2,[2 7],105,157,159,52,134
1,<environment.Job instance at 0x154d9ca2bfa0>,78,12,[2 6],106,157,169,51,140
1,<environment.Job instance at 0x154d9ca2b640>,79,13,[5 1],107,160,173,53,160
1,<environment.Job instance at 0x154d9ca2bd20>,85,22,[6 2],114,160,182,46,160
1,<environment.Job instance at 0x154d9ca2b050>,86,3,[ 1 10],115,169,172,54,160
1,<environment.Job instance at 0x154d9ca2b0f0>,87,15,[ 1 10],116,172,187,56,160
1,<environment.Job instance at 0x154d9ca2bdc0>,88,2,[2 9],117,187,189,70,160
1,<environment.Job instance at 0x154d9ca2b4b0>,89,1,[12  2],118,182,183,64,160
1,<environment.Job instance at 0x154d9ca2b820>,90,2,[1 6],119,160,162,41,160
1,<environment.Job instance at 0x154d99f90a50>,91,3,[10  1],120,183,186,63,161
1,<environment.Job instance at 0x154d99f90690>,92,3,[6 2],122,173,176,51,161
1,<environment.Job instance at 0x154d99f90fa0>,93,1,[2 9],123,189,190,66,161
1,<environment.Job instance at 0x154d99f90410>,94,2,[8 2],126,176,178,50,161
1,<environment.Job instance at 0x154d99f90280>,95,1,[1 5],129,162,163,33,161
1,<environment.Job instance at 0x154d99f90f50>,96,2,[6 2],130,178,180,48,161
1,<environment.Job instance at 0x154d99f900a0>,97,2,[5 1],132,180,182,48,161
1,<environment.Job instance at 0x154d99660c30>,99,3,[8 2],137,186,189,49,166
1,<environment.Job instance at 0x154d99660140>,100,14,[1 6],140,189,203,49,174
1,<environment.Job instance at 0x154d99660550>,101,2,[2 5],141,190,192,49,174
1,<environment.Job instance at 0x154d99660f50>,103,2,[6 2],143,190,192,47,174
1,<environment.Job instance at 0x154d996606e0>,104,2,[1 8],144,192,194,48,174
1,<environment.Job instance at 0x154d996608c0>,105,21,[2 5],145,194,215,49,186
1,<environment.Job instance at 0x154d99660820>,106,15,[8 1],147,192,207,45,186
1,<environment.Job instance at 0x154d99660910>,107,12,[2 8],148,203,215,55,192
1,<environment.Job instance at 0x154da7dd2140>,1,3,[5 2],4,4,7,0,4
1,<environment.Job instance at 0x154da7dd2a00>,2,2,[1 7],5,5,7,0,5
1,<environment.Job instance at 0x154da7ddc910>,3,3,[8 1],6,6,9,0,6
1,<environment.Job instance at 0x154da7dd2dc0>,4,2,[2 5],9,9,11,0,9
1,<environment.Job instance at 0x154da7ddc960>,5,1,[10  2],10,10,11,0,10
1,<environment.Job instance at 0x154d9a502140>,6,3,[2 8],11,11,14,0,11
1,<environment.Job instance at 0x154d9a3ff870>,7,3,[6 1],12,12,15,0,12
1,<environment.Job instance at 0x154da7ddc8c0>,8,14,[2 9],13,14,28,1,13
1,<environment.Job instance at 0x154d9d572910>,9,16,[2 5],14,14,30,0,14
1,<environment.Job instance at 0x154da7ddceb0>,10,1,[1 9],16,28,29,12,16
1,<environment.Job instance at 0x154d9d3bba00>,12,1,[1 7],18,29,30,11,18
1,<environment.Job instance at 0x154d9d3bb280>,14,3,[ 1 10],20,30,33,10,20
1,<environment.Job instance at 0x154d9d3bbc30>,15,3,[ 1 12],21,33,36,12,21
1,<environment.Job instance at 0x154d997d1910>,19,1,[9 2],28,29,30,1,28
1,<environment.Job instance at 0x154d999598c0>,21,3,[7 1],32,33,36,1,33
1,<environment.Job instance at 0x154da719de10>,23,2,[ 1 11],35,36,38,1,35
1,<environment.Job instance at 0x154d9993f0a0>,24,2,[7 2],37,37,39,0,37
1,<environment.Job instance at 0x154d9c9edcd0>,25,17,[9 1],38,39,56,1,38
1,<environment.Job instance at 0x154d99949e10>,27,1,[ 1 10],40,40,41,0,40
1,<environment.Job instance at 0x154d9993ca00>,28,16,[ 2 10],41,41,57,0,41
1,<environment.Job instance at 0x154d9988fb40>,29,3,[2 6],42,57,60,15,42
1,<environment.Job instance at 0x154d99949640>,26,1,[7 2],39,56,57,17,50
1,<environment.Job instance at 0x154d9982baa0>,33,14,[ 1 11],50,60,74,10,50
1,<environment.Job instance at 0x154d9982bc30>,34,12,[2 9],52,74,86,22,57
1,<environment.Job instance at 0x154d9982b140>,35,3,[2 6],53,57,60,4,57
1,<environment.Job instance at 0x154d9982b230>,36,18,[9 1],55,57,75,2,57
1,<environment.Job instance at 0x154d9c8cf780>,37,3,[14  2],56,86,89,30,78
1,<environment.Job instance at 0x154d9c8cf870>,40,16,[1 7],60,86,102,26,78
1,<environment.Job instance at 0x154d99fb4aa0>,44,3,[7 1],64,89,92,25,84
1,<environment.Job instance at 0x154d99fb42d0>,45,17,[1 7],65,89,106,24,84
1,<environment.Job instance at 0x154d9956c410>,46,1,[8 1],66,92,93,26,88
1,<environment.Job instance at 0x154d9956c3c0>,47,1,[1 5],67,102,103,35,88
1,<environment.Job instance at 0x154d9956cc80>,48,1,[ 1 10],69,106,107,37,88
1,<environment.Job instance at 0x154d9956cd20>,49,2,[6 1],72,93,95,21,89
1,<environment.Job instance at 0x154d9956cb90>,50,1,[8 1],73,95,96,22,89
1,<environment.Job instance at 0x154d9956c870>,51,1,[9 1],74,96,97,22,90
1,<environment.Job instance at 0x154d9956ce10>,52,2,[5 2],75,102,104,27,91
1,<environment.Job instance at 0x154d9956c370>,53,3,[5 2],77,103,106,26,92
1,<environment.Job instance at 0x154d9956c0f0>,54,13,[7 2],78,104,117,26,100
1,<environment.Job instance at 0x154d9956c640>,55,12,[2 8],79,107,119,28,101
1,<environment.Job instance at 0x154d9982beb0>,30,27,[1 5],45,107,134,62,105
1,<environment.Job instance at 0x154d9d8dfe60>,57,3,[1 6],84,119,122,35,105
1,<environment.Job instance at 0x154d9d8dfc80>,58,3,[2 5],85,122,125,37,105
1,<environment.Job instance at 0x154d9956caa0>,56,3,[1 9],80,125,128,45,108
1,<environment.Job instance at 0x154d9d8df3c0>,60,18,[1 9],87,128,146,41,117
1,<environment.Job instance at 0x154d9d8dfb40>,61,16,[2 9],88,146,162,58,133
1,<environment.Job instance at 0x154d9d8df550>,63,2,[2 7],91,162,164,71,135
1,<environment.Job instance at 0x154d9d3e0f00>,65,2,[1 5],94,135,137,41,135
1,<environment.Job instance at 0x154d9982be60>,32,2,[8 2],48,137,139,89,135
1,<environment.Job instance at 0x154d9d3e0550>,67,19,[2 5],96,139,158,43,135
1,<environment.Job instance at 0x154d9d3e0730>,68,3,[1 9],97,164,167,67,138
1,<environment.Job instance at 0x154d9d3e0780>,69,2,[9 2],98,158,160,60,138
1,<environment.Job instance at 0x154d9d3e0c30>,70,3,[7 1],99,139,142,40,138
1,<environment.Job instance at 0x154d9d3e0640>,73,3,[ 1 14],102,167,170,65,150
1,<environment.Job instance at 0x154d9d3e0eb0>,74,1,[2 9],104,170,171,66,150
1,<environment.Job instance at 0x154d9d3e0320>,75,1,[1 8],106,162,163,56,156
1,<environment.Job instance at 0x154d9d3e0b40>,76,14,[1 8],107,171,185,64,156
1,<environment.Job instance at 0x154dc020c870>,77,2,[ 1 10],108,185,187,77,158
1,<environment.Job instance at 0x154dc020c050>,78,3,[8 2],109,163,166,54,158
1,<environment.Job instance at 0x154dc020cd70>,80,16,[1 5],112,170,186,58,158
1,<environment.Job instance at 0x154dc020ceb0>,81,2,[9 2],113,160,162,47,158
1,<environment.Job instance at 0x154dc020cfa0>,82,3,[1 5],114,186,189,72,160
1,<environment.Job instance at 0x154dc020cb90>,83,2,[1 9],115,187,189,72,160
1,<environment.Job instance at 0x154dc020cd20>,84,2,[10  2],116,171,173,55,163
1,<environment.Job instance at 0x154dc020c230>,85,2,[ 1 10],117,189,191,72,163
1,<environment.Job instance at 0x154dc020ca50>,86,1,[5 2],120,165,166,45,165
1,<environment.Job instance at 0x154dc020c370>,87,17,[1 9],121,191,208,70,179
1,<environment.Job instance at 0x154dc020c690>,88,1,[9 1],122,179,180,57,179
1,<environment.Job instance at 0x154d9a4f30f0>,89,2,[2 5],123,189,191,66,179
1,<environment.Job instance at 0x154d9a4f3730>,90,1,[10  1],125,180,181,55,179
1,<environment.Job instance at 0x154d9a4f3550>,91,1,[5 2],127,181,182,54,179
1,<environment.Job instance at 0x154d9a4f35a0>,92,27,[5 1],129,191,218,62,189
1,<environment.Job instance at 0x154d9a4f3190>,95,25,[ 1 10],134,208,233,74,204
1,<environment.Job instance at 0x154d9a4f30a0>,96,2,[1 9],136,233,235,97,206
1,<environment.Job instance at 0x154d9a4f3af0>,97,3,[1 6],137,233,236,96,207
1,<environment.Job instance at 0x154d9a4f3870>,98,3,[1 9],138,235,238,97,209
1,<environment.Job instance at 0x154d9a485820>,99,2,[2 7],142,238,240,96,211
1,<environment.Job instance at 0x154d9a485cd0>,100,2,[9 1],145,211,213,66,211
1,<environment.Job instance at 0x154d9a485af0>,101,1,[1 8],147,238,239,91,211
1,<environment.Job instance at 0x154d9a4853c0>,102,2,[9 1],148,213,215,65,211
1,<environment.Job instance at 0x154d9d572eb0>,1,23,[2 9],3,3,26,0,3
1,<environment.Job instance at 0x154d98f90910>,2,14,[ 1 13],4,26,40,22,11
1,<environment.Job instance at 0x154da71ca4b0>,6,1,[1 6],8,11,12,3,11
1,<environment.Job instance at 0x154da71ca460>,7,2,[2 6],9,12,14,3,11
1,<environment.Job instance at 0x154d9c8f00a0>,9,2,[ 1 10],12,40,42,28,13
1,<environment.Job instance at 0x154da71cad20>,5,1,[6 2],7,14,15,7,13
1,<environment.Job instance at 0x154d996ff140>,10,2,[1 5],14,15,17,1,14
1,<environment.Job instance at 0x154d9cb22910>,11,18,[6 2],17,17,35,0,17
1,<environment.Job instance at 0x154d9cb224b0>,12,14,[2 9],18,42,56,24,27
1,<environment.Job instance at 0x154d9cb229b0>,14,3,[1 9],21,56,59,35,30
1,<environment.Job instance at 0x154d9cb220a0>,15,1,[10  1],22,35,36,13,30
1,<environment.Job instance at 0x154dc00aaa00>,16,3,[5 1],23,36,39,13,30
1,<environment.Job instance at 0x154d9d4dca00>,17,2,[8 1],24,36,38,12,30
1,<environment.Job instance at 0x154d99776780>,18,3,[ 2 10],25,59,62,34,33
1,<environment.Job instance at 0x154d9cb220f0>,19,1,[ 1 12],27,62,63,35,34
1,<environment.Job instance at 0x154d9afbdd70>,20,1,[ 1 10],28,63,64,35,35
1,<environment.Job instance at 0x154dc2178a50>,21,18,[1 9],29,64,82,35,53
1,<environment.Job instance at 0x154d9a471d20>,22,12,[1 9],31,82,94,51,65
1,<environment.Job instance at 0x154d9cb22640>,23,3,[1 9],32,94,97,62,68
1,<environment.Job instance at 0x154d99933c80>,24,18,[5 2],33,68,86,35,68
1,<environment.Job instance at 0x154d99c592d0>,25,3,[9 2],34,68,71,34,68
1,<environment.Job instance at 0x154d9a44d190>,26,3,[8 2],36,71,74,35,68
1,<environment.Job instance at 0x154d9d60f500>,27,17,[2 7],38,97,114,59,85
1,<environment.Job instance at 0x154d9d3e5780>,28,2,[1 6],39,86,88,47,85
1,<environment.Job instance at 0x154d9a502c80>,29,18,[5 2],40,88,106,48,85
1,<environment.Job instance at 0x154d9d5356e0>,30,1,[6 2],41,85,86,44,85
1,<environment.Job instance at 0x154dc00d5960>,33,2,[2 8],45,106,108,61,85
1,<environment.Job instance at 0x154dc00d5aa0>,34,1,[6 1],46,88,89,42,85
1,<environment.Job instance at 0x154d9c92b3c0>,36,17,[1 8],48,108,125,60,96
1,<environment.Job instance at 0x154d9a775c30>,38,1,[5 2],51,96,97,45,96
1,<environment.Job instance at 0x154d9a406410>,39,13,[1 9],52,125,138,73,109
1,<environment.Job instance at 0x154d996a8aa0>,40,15,[2 9],53,138,153,85,124
1,<environment.Job instance at 0x154d9a406b40>,41,2,[2 6],54,124,126,70,124
1,<environment.Job instance at 0x154d9a406460>,42,1,[13  2],55,126,127,71,124
1,<environment.Job instance at 0x154d9d401be0>,43,3,[2 6],57,127,130,70,124
1,<environment.Job instance at 0x154d9d4010a0>,44,17,[14  2],58,153,170,95,143
1,<environment.Job instance at 0x154d9d4011e0>,45,18,[1 8],59,153,171,94,143
1,<environment.Job instance at 0x154d9d4015f0>,46,1,[1 6],60,143,144,83,143
1,<environment.Job instance at 0x154d9d401640>,47,16,[1 7],61,170,186,109,157
1,<environment.Job instance at 0x154d9d401460>,48,3,[2 5],62,171,174,109,157
1,<environment.Job instance at 0x154d9d4017d0>,49,3,[1 7],64,174,177,110,157
1,<environment.Job instance at 0x154d9a46f960>,51,2,[7 1],66,171,173,105,158
1,<environment.Job instance at 0x154d9a46fb90>,52,1,[1 8],67,177,178,110,158
1,<environment.Job instance at 0x154d9a46fe10>,53,1,[8 1],68,173,174,105,158
1,<environment.Job instance at 0x154d9a46ff00>,55,2,[1 6],70,178,180,108,158
1,<environment.Job instance at 0x154d9952c320>,56,2,[7 2],72,178,180,106,159
1,<environment.Job instance at 0x154dc215f730>,57,1,[ 2 10],73,186,187,113,159
1,<environment.Job instance at 0x154dc215ffa0>,59,2,[2 6],77,180,182,103,165
1,<environment.Job instance at 0x154dc215f1e0>,60,15,[10  2],78,180,195,102,177
1,<environment.Job instance at 0x154d9973df00>,61,2,[6 2],79,195,197,116,177
1,<environment.Job instance at 0x154d997e93c0>,63,2,[2 7],81,187,189,106,180
1,<environment.Job instance at 0x154d9a4853c0>,3,12,[1 7],5,189,201,184,180
1,<environment.Job instance at 0x154d997e9550>,65,1,[1 9],83,201,202,118,180
1,<environment.Job instance at 0x154d99956500>,66,1,[1 8],84,197,198,113,180
1,<environment.Job instance at 0x154d997e90a0>,64,1,[7 2],82,195,196,113,180
1,<environment.Job instance at 0x154d9d904960>,68,1,[10  1],87,198,199,111,180
1,<environment.Job instance at 0x154dc1f08820>,69,1,[6 2],88,196,197,108,180
1,<environment.Job instance at 0x154da4043640>,70,22,[10  1],90,199,221,109,192
1,<environment.Job instance at 0x154da7166460>,71,20,[9 2],91,221,241,130,212
1,<environment.Job instance at 0x154da7166690>,72,2,[8 2],93,241,243,148,214
1,<environment.Job instance at 0x154d9c886050>,73,1,[2 7],95,214,215,119,214
1,<environment.Job instance at 0x154d9d5dcaf0>,74,1,[1 8],96,215,216,119,214
1,<environment.Job instance at 0x154d99868b90>,75,1,[7 1],97,241,242,144,214
1,<environment.Job instance at 0x154d99868460>,76,3,[5 2],98,216,219,118,214
1,<environment.Job instance at 0x154d99868a00>,77,1,[10  1],99,243,244,144,215
1,<environment.Job instance at 0x154d998685a0>,78,1,[ 1 10],100,219,220,119,215
1,<environment.Job instance at 0x154d99868cd0>,79,1,[2 5],101,215,216,114,215
1,<environment.Job instance at 0x154dc189a500>,80,2,[ 1 10],102,220,222,118,215
1,<environment.Job instance at 0x154dc189abe0>,81,2,[2 8],103,222,224,119,215
1,<environment.Job instance at 0x154dc189a780>,82,1,[8 2],104,244,245,140,216
1,<environment.Job instance at 0x154da712e0f0>,84,1,[5 2],110,221,222,111,216
1,<environment.Job instance at 0x154da712ef50>,87,1,[6 2],113,224,225,111,216
1,<environment.Job instance at 0x154da71aed70>,88,3,[ 2 10],115,225,228,110,216
1,<environment.Job instance at 0x154d9a4e3550>,89,18,[ 2 11],116,242,260,126,231
1,<environment.Job instance at 0x154d9d59c460>,90,2,[8 2],118,245,247,127,231
1,<environment.Job instance at 0x154d9d59c1e0>,91,1,[7 2],119,247,248,128,231
1,<environment.Job instance at 0x154def8d50f0>,92,25,[2 5],120,260,285,140,256
1,<environment.Job instance at 0x154def8d50a0>,93,3,[1 8],121,260,263,139,256
1,<environment.Job instance at 0x154d9965c410>,94,17,[7 1],122,256,273,134,256
1,<environment.Job instance at 0x154d9965cb40>,95,2,[10  1],123,273,275,150,256
1,<environment.Job instance at 0x154d9965c690>,96,1,[8 2],124,275,276,151,256
1,<environment.Job instance at 0x154d9965c190>,97,2,[5 1],125,256,258,131,256
1,<environment.Job instance at 0x154d99ae4b40>,98,2,[6 1],126,258,260,132,256
1,<environment.Job instance at 0x154d99594640>,99,3,[6 2],127,263,266,136,256
1,<environment.Job instance at 0x154d99594690>,100,3,[10  1],128,276,279,148,256
1,<environment.Job instance at 0x154d995945f0>,101,18,[2 7],129,266,284,137,256
1,<environment.Job instance at 0x154d9d83fbe0>,102,3,[1 7],130,284,287,154,258
1,<environment.Job instance at 0x154d9d83f870>,103,3,[2 7],131,285,288,154,259
1,<environment.Job instance at 0x154d9d83fb40>,104,1,[9 1],134,279,280,145,259
1,<environment.Job instance at 0x154d9d83f550>,105,18,[2 8],138,287,305,149,276
1,<environment.Job instance at 0x154d9d83ff00>,106,2,[2 8],140,305,307,165,278
1,<environment.Job instance at 0x154d9d83fcd0>,107,2,[2 5],141,288,290,147,278
1,<environment.Job instance at 0x154d9d83f910>,108,16,[8 1],143,288,304,145,278
1,<environment.Job instance at 0x154d99d45dc0>,109,2,[2 6],144,290,292,146,278
1,<environment.Job instance at 0x154d99d45eb0>,113,27,[5 1],148,292,319,144,290
1,<environment.Job instance at 0x154dec0ee460>,3,2,[2 9],6,6,8,0,6
1,<environment.Job instance at 0x154d995f7690>,5,18,[1 6],10,10,28,0,10
1,<environment.Job instance at 0x154d995f7c80>,6,2,[10  1],12,12,14,0,12
1,<environment.Job instance at 0x154d995f7be0>,7,3,[9 2],13,14,17,1,13
1,<environment.Job instance at 0x154d995f7370>,8,1,[2 9],14,17,18,3,14
1,<environment.Job instance at 0x154d995f7f50>,9,1,[7 2],16,18,19,2,16
1,<environment.Job instance at 0x154d995f7910>,10,3,[ 1 12],19,28,31,9,19
1,<environment.Job instance at 0x154d99869500>,12,1,[1 8],25,25,26,0,25
1,<environment.Job instance at 0x154d99869e10>,13,14,[7 1],26,28,42,2,28
1,<environment.Job instance at 0x154da7153960>,15,1,[2 5],29,31,32,2,29
1,<environment.Job instance at 0x154da5eec280>,16,22,[9 2],30,42,64,12,35
1,<environment.Job instance at 0x154d99bc5f00>,18,1,[9 1],36,64,65,28,36
1,<environment.Job instance at 0x154d99869280>,19,1,[2 9],38,38,39,0,38
1,<environment.Job instance at 0x154d9a4060a0>,20,1,[1 7],39,39,40,0,39
1,<environment.Job instance at 0x154da400b140>,21,18,[2 6],40,40,58,0,40
1,<environment.Job instance at 0x154dc18b1550>,22,2,[7 2],42,65,67,23,42
1,<environment.Job instance at 0x154da7166870>,23,2,[2 5],43,43,45,0,43
1,<environment.Job instance at 0x154dc1f19b40>,24,3,[2 6],44,45,48,1,44
1,<environment.Job instance at 0x154dc21d3af0>,25,15,[1 6],46,48,63,2,46
1,<environment.Job instance at 0x154d9c82c9b0>,27,2,[2 7],48,58,60,10,48
1,<environment.Job instance at 0x154d9d615d70>,28,2,[2 8],50,63,65,13,50
1,<environment.Job instance at 0x154d9c92e5f0>,30,3,[1 6],53,60,63,7,53
1,<environment.Job instance at 0x154d997f7460>,31,1,[2 6],54,64,65,10,54
1,<environment.Job instance at 0x154d9c92e460>,32,2,[ 2 10],55,65,67,10,55
1,<environment.Job instance at 0x154d996a1a00>,29,1,[6 2],52,65,66,13,56
1,<environment.Job instance at 0x154d9a44d0f0>,34,2,[10  1],58,67,69,9,58
1,<environment.Job instance at 0x154d9a44d7d0>,35,3,[ 2 10],59,67,70,8,59
1,<environment.Job instance at 0x154d9c8bd640>,36,3,[5 1],60,69,72,9,60
1,<environment.Job instance at 0x154d9c8bdaa0>,37,1,[9 1],61,70,71,9,61
1,<environment.Job instance at 0x154d9c8bd960>,38,1,[2 7],63,71,72,8,63
1,<environment.Job instance at 0x154d9c8bdf50>,39,2,[8 1],64,71,73,7,64
1,<environment.Job instance at 0x154d9c8bd550>,41,17,[ 2 10],66,72,89,6,66
1,<environment.Job instance at 0x154d9a44d5f0>,33,16,[9 2],56,73,89,17,66
1,<environment.Job instance at 0x154d9d3e0f50>,51,3,[2 6],81,89,92,8,81
1,<environment.Job instance at 0x154d9d3e0d20>,52,2,[9 1],82,89,91,7,82
1,<environment.Job instance at 0x154d9d3e0370>,54,1,[1 7],84,89,90,5,84
1,<environment.Job instance at 0x154d9d3e0cd0>,55,2,[9 2],85,91,93,6,85
1,<environment.Job instance at 0x154d9d3e0b40>,56,1,[ 1 11],86,92,93,6,86
1,<environment.Job instance at 0x154d9d3e05f0>,57,2,[1 9],88,93,95,5,88
1,<environment.Job instance at 0x154d9d3e04b0>,58,2,[2 6],89,90,92,1,89
1,<environment.Job instance at 0x154d9d3e0780>,59,3,[9 1],92,94,97,2,94
1,<environment.Job instance at 0x154dc21a3960>,74,3,[ 1 10],114,156,159,42,156
1,<environment.Job instance at 0x154dc21a3c80>,75,18,[2 7],115,159,177,44,156
1,<environment.Job instance at 0x154dc21a3550>,64,18,[ 2 10],101,177,195,76,166
1,<environment.Job instance at 0x154d9d967d70>,80,3,[2 9],120,195,198,75,181
1,<environment.Job instance at 0x154d9d9671e0>,81,2,[2 6],121,195,197,74,181
1,<environment.Job instance at 0x154dc21a3190>,77,16,[2 8],117,198,214,81,185
1,<environment.Job instance at 0x154d9d967e60>,83,1,[7 2],124,186,187,62,186
1,<environment.Job instance at 0x154d9d9672d0>,84,2,[2 6],125,197,199,72,186
1,<environment.Job instance at 0x154d9d967c80>,85,1,[10  1],126,187,188,61,186
1,<environment.Job instance at 0x154d9d9670a0>,87,3,[ 2 13],128,214,217,86,188
1,<environment.Job instance at 0x154d9d967910>,90,2,[2 5],131,188,190,57,188
1,<environment.Job instance at 0x154d9d967d20>,92,3,[ 1 10],133,217,220,84,191
1,<environment.Job instance at 0x154d9d967e10>,94,18,[2 8],135,220,238,85,209
1,<environment.Job instance at 0x154d9d967a00>,99,26,[ 1 10],140,238,264,98,235
1,<environment.Job instance at 0x154d997e95f0>,101,15,[1 7],142,264,279,122,256
1,<environment.Job instance at 0x154dc21a3500>,66,1,[5 1],103,257,258,154,257
1,<environment.Job instance at 0x154d997e9050>,106,1,[2 9],148,279,280,131,257
1,<environment.Job instance at 0x154d997e9b40>,102,1,[6 1],144,257,258,113,257
1,<environment.Job instance at 0x154dc21a30a0>,65,1,[5 2],102,396,397,294,396
1,<environment.Job instance at 0x154d9d3ea870>,1,2,[ 2 10],3,3,5,0,3
1,<environment.Job instance at 0x154d9911b870>,2,26,[7 2],4,4,30,0,4
1,<environment.Job instance at 0x154d998b55a0>,20,3,[ 2 10],37,37,40,0,37
1,<environment.Job instance at 0x154d9c8ba690>,21,3,[2 8],38,40,43,2,38
1,<environment.Job instance at 0x154d99753a50>,22,2,[2 7],39,40,42,1,39
1,<environment.Job instance at 0x154d9ca46eb0>,23,3,[10  2],41,42,45,1,41
1,<environment.Job instance at 0x154d99753c30>,24,2,[2 7],42,43,45,1,42
1,<environment.Job instance at 0x154d9c99ac80>,25,12,[ 1 10],43,45,57,2,43
1,<environment.Job instance at 0x154d9d891550>,27,3,[2 6],45,57,60,12,46
1,<environment.Job instance at 0x154d9d891aa0>,28,1,[1 8],46,57,58,11,46
1,<environment.Job instance at 0x154d9d621870>,29,13,[2 7],47,58,71,11,50
1,<environment.Job instance at 0x154dc0205910>,30,1,[1 5],48,55,56,7,55
1,<environment.Job instance at 0x154d9d992b90>,35,15,[ 2 10],56,71,86,15,57
1,<environment.Job instance at 0x154d9d9924b0>,38,15,[2 6],59,95,110,36,95
1,<environment.Job instance at 0x154d9d992500>,36,1,[11  1],57,99,100,42,99
1,<environment.Job instance at 0x154d9a74c870>,56,1,[6 1],86,100,101,14,99
1,<environment.Job instance at 0x154d9d400a50>,61,1,[9 1],96,113,114,17,113
1,<environment.Job instance at 0x154d9d4003c0>,62,1,[ 2 13],97,113,114,16,113
1,<environment.Job instance at 0x154d9d400fa0>,63,1,[1 5],98,114,115,16,113
1,<environment.Job instance at 0x154d9987acd0>,64,3,[10  1],99,114,117,15,113
1,<environment.Job instance at 0x154d9d94f690>,65,3,[2 9],101,114,117,13,113
1,<environment.Job instance at 0x154d9d3c8a50>,66,12,[ 2 11],103,117,129,14,113
1,<environment.Job instance at 0x154d9d3c8b40>,67,1,[2 7],106,129,130,23,113
1,<environment.Job instance at 0x154dc21a30a0>,68,1,[6 1],107,117,118,10,115
1,<environment.Job instance at 0x154d9923ab40>,69,17,[2 6],108,129,146,21,117
1,<environment.Job instance at 0x154d9923adc0>,70,1,[ 1 10],109,146,147,37,118
1,<environment.Job instance at 0x154d9923a1e0>,71,18,[2 9],112,147,165,35,136
1,<environment.Job instance at 0x154d9923a8c0>,72,1,[1 7],113,136,137,23,136
1,<environment.Job instance at 0x154d9c8ce820>,73,14,[1 7],115,165,179,50,150
1,<environment.Job instance at 0x154d9913b820>,74,2,[10  2],116,150,152,34,150
1,<environment.Job instance at 0x154da7289f00>,75,3,[5 1],117,152,155,35,150
1,<environment.Job instance at 0x154d9913bb40>,76,14,[2 7],118,165,179,47,150
1,<environment.Job instance at 0x154d9bc0b2d0>,77,1,[8 1],120,152,153,32,150
1,<environment.Job instance at 0x154d990e0f50>,79,13,[2 6],122,179,192,57,171
1,<environment.Job instance at 0x154d990f6870>,84,3,[1 5],131,179,182,48,175
1,<environment.Job instance at 0x154d990e09b0>,80,2,[2 8],124,182,184,58,175
1,<environment.Job instance at 0x154dc00dc780>,88,21,[7 1],136,175,196,39,175
1,<environment.Job instance at 0x154d990f60f0>,86,2,[8 1],134,192,194,58,175
1,<environment.Job instance at 0x154d990d5be0>,90,2,[2 5],138,184,186,46,175
1,<environment.Job instance at 0x154d990d5870>,91,14,[8 2],139,194,208,55,180
1,<environment.Job instance at 0x154d990d5cd0>,94,2,[5 1],143,180,182,37,180
1,<environment.Job instance at 0x154d990d5fa0>,95,2,[2 7],144,186,188,42,180
1,<environment.Job instance at 0x154d990d5550>,96,23,[1 8],146,196,219,50,190
1,<environment.Job instance at 0x154d990d58c0>,97,2,[1 9],149,219,221,70,192
1,<environment.Job instance at 0x154d9c856460>,40,1,[2 8],61,221,222,160,194
1,<environment.Job instance at 0x154d9c856230>,39,1,[ 1 11],60,222,223,162,214
1,<environment.Job instance at 0x154da7334050>,1,3,[1 8],3,3,6,0,3
1,<environment.Job instance at 0x154d9950d320>,8,1,[6 2],13,14,15,1,14
1,<environment.Job instance at 0x154d9950df00>,9,26,[2 8],15,15,41,0,15
1,<environment.Job instance at 0x154d9950dc80>,11,2,[13  1],17,32,34,15,32
1,<environment.Job instance at 0x154d9950dd20>,17,3,[ 1 10],27,41,44,14,32
1,<environment.Job instance at 0x154d9950d500>,18,2,[9 2],29,34,36,5,32
1,<environment.Job instance at 0x154d9950deb0>,19,2,[2 9],32,44,46,12,32
1,<environment.Job instance at 0x154d9c8244b0>,20,1,[6 1],33,36,37,3,34
1,<environment.Job instance at 0x154d9c8249b0>,21,2,[1 6],34,36,38,2,34
1,<environment.Job instance at 0x154d9c824f00>,22,12,[2 5],36,38,50,2,36
1,<environment.Job instance at 0x154d9c824640>,23,2,[ 2 14],39,50,52,11,39
1,<environment.Job instance at 0x154d9c824500>,24,1,[7 2],40,40,41,0,40
1,<environment.Job instance at 0x154d9c824780>,25,1,[8 1],41,44,45,3,41
1,<environment.Job instance at 0x154d9c824730>,26,17,[ 2 10],42,52,69,10,42
1,<environment.Job instance at 0x154d9c8242d0>,27,2,[8 1],43,45,47,2,43
1,<environment.Job instance at 0x154d9c824a00>,28,2,[1 8],45,46,48,1,45
1,<environment.Job instance at 0x154d9c824dc0>,29,3,[2 8],46,69,72,23,46
1,<environment.Job instance at 0x154da7341190>,30,1,[8 2],47,47,48,0,47
1,<environment.Job instance at 0x154d9950d230>,12,1,[6 1],19,48,49,29,48
1,<environment.Job instance at 0x154da73415a0>,31,1,[2 7],50,69,70,19,50
1,<environment.Job instance at 0x154da7341c80>,33,2,[8 2],52,52,54,0,52
1,<environment.Job instance at 0x154da7359a00>,41,15,[7 2],65,70,85,5,68
1,<environment.Job instance at 0x154d9950d3c0>,14,19,[1 5],23,70,89,47,68
1,<environment.Job instance at 0x154d9d8f7a50>,56,2,[ 1 10],90,94,96,4,94
1,<environment.Job instance at 0x154d9d8f71e0>,57,14,[2 8],91,96,110,5,94
1,<environment.Job instance at 0x154d9d8f7140>,58,15,[1 8],92,110,125,18,96
1,<environment.Job instance at 0x154d9d8f70a0>,54,2,[7 2],87,96,98,9,96
1,<environment.Job instance at 0x154d9d8f77d0>,60,1,[9 1],94,98,99,4,96
1,<environment.Job instance at 0x154d9d8f7820>,59,1,[9 1],93,99,100,6,96
1,<environment.Job instance at 0x154d9c9e4a00>,62,17,[1 6],97,98,115,1,97
1,<environment.Job instance at 0x154d9d8f7f50>,61,27,[9 1],95,100,127,5,99
1,<environment.Job instance at 0x154d9d8f7460>,53,1,[7 2],86,127,128,41,112
1,<environment.Job instance at 0x154d9942c140>,74,2,[1 9],113,125,127,12,113
1,<environment.Job instance at 0x154d9942c690>,73,2,[2 9],112,127,129,15,114
1,<environment.Job instance at 0x154d9942c4b0>,75,18,[8 1],114,128,146,14,118
1,<environment.Job instance at 0x154d9ca02960>,80,3,[ 2 12],124,136,139,12,136
1,<environment.Job instance at 0x154d9d43ac30>,83,18,[2 8],127,139,157,12,136
1,<environment.Job instance at 0x154d9c8499b0>,81,3,[8 2],125,146,149,21,136
1,<environment.Job instance at 0x154d9c849fa0>,84,1,[1 8],128,157,158,29,144
1,<environment.Job instance at 0x154d9cb1c4b0>,86,1,[8 1],131,149,150,18,145
1,<environment.Job instance at 0x154d994f7820>,87,1,[5 2],133,145,146,12,145
1,<environment.Job instance at 0x154d9d59ea50>,88,1,[9 2],135,150,151,15,145
1,<environment.Job instance at 0x154d9ca03eb0>,89,1,[ 1 14],136,158,159,22,145
1,<environment.Job instance at 0x154d999771e0>,90,2,[1 7],137,151,153,14,145
1,<environment.Job instance at 0x154d9ca046e0>,93,3,[ 1 10],141,159,162,18,145
1,<environment.Job instance at 0x154d98eb64b0>,94,25,[5 1],142,153,178,11,149
1,<environment.Job instance at 0x154d9cb0d4b0>,85,27,[1 7],129,162,189,33,160
1,<environment.Job instance at 0x154d9d45e550>,97,2,[2 9],145,189,191,44,162
1,<environment.Job instance at 0x154d9d45e0a0>,99,2,[8 1],147,162,164,15,162
1,<environment.Job instance at 0x154d9950d870>,13,3,[2 8],20,186,189,166,186
1,<environment.Job instance at 0x154d9942c730>,72,13,[1 7],111,320,333,209,320
1,<environment.Job instance at 0x154d99383e60>,1,2,[2 9],3,3,5,0,3
1,<environment.Job instance at 0x154d9942c500>,2,1,[5 2],5,6,7,1,6
1,<environment.Job instance at 0x154d9bc0b9b0>,5,1,[ 1 14],10,10,11,0,10
1,<environment.Job instance at 0x154da7215230>,6,2,[6 1],11,11,13,0,11
1,<environment.Job instance at 0x154da71f05f0>,7,2,[1 5],12,12,14,0,12
1,<environment.Job instance at 0x154da71f0460>,8,3,[ 2 10],13,13,16,0,13
1,<environment.Job instance at 0x154da71f0320>,9,13,[2 8],14,16,29,2,14
1,<environment.Job instance at 0x154da71f0140>,11,1,[5 1],18,18,19,0,18
1,<environment.Job instance at 0x154da72155a0>,10,1,[8 2],15,19,20,4,19
1,<environment.Job instance at 0x154dc217b3c0>,16,1,[5 2],25,26,27,1,26
1,<environment.Job instance at 0x154da734d0a0>,18,17,[ 1 10],28,29,46,1,28
1,<environment.Job instance at 0x154da734d690>,19,15,[1 6],29,46,61,17,32
1,<environment.Job instance at 0x154da5ec8190>,23,1,[1 9],35,49,50,14,49
1,<environment.Job instance at 0x154d9c76ecd0>,33,2,[6 2],52,54,56,2,54
1,<environment.Job instance at 0x154da7143eb0>,36,1,[1 9],57,57,58,0,57
1,<environment.Job instance at 0x154da7143d20>,38,1,[9 1],59,59,60,0,59
1,<environment.Job instance at 0x154d9c75b5a0>,39,2,[1 9],60,60,62,0,60
1,<environment.Job instance at 0x154d9c75b5f0>,40,2,[1 5],62,62,64,0,62
1,<environment.Job instance at 0x154d9c75beb0>,41,1,[2 9],63,63,64,0,63
1,<environment.Job instance at 0x154dc016b7d0>,21,3,[2 7],32,64,67,32,64
1,<environment.Job instance at 0x154d9c75b3c0>,42,2,[6 1],64,64,66,0,64
1,<environment.Job instance at 0x154d9d970fa0>,44,1,[5 1],66,68,69,2,68
1,<environment.Job instance at 0x154d98fb65f0>,46,1,[9 1],70,70,71,0,70
1,<environment.Job instance at 0x154d98fb6050>,47,19,[2 8],71,71,90,0,71
1,<environment.Job instance at 0x154d98fb6190>,48,1,[8 1],72,72,73,0,72
1,<environment.Job instance at 0x154d98fb6fa0>,49,1,[1 5],74,74,75,0,74
1,<environment.Job instance at 0x154d98fb6870>,50,16,[2 5],75,75,91,0,75
1,<environment.Job instance at 0x154d9d930e60>,51,2,[6 2],77,77,79,0,77
1,<environment.Job instance at 0x154d9d930a50>,52,3,[2 6],78,90,93,12,78
1,<environment.Job instance at 0x154d9d9307d0>,53,16,[2 6],80,91,107,11,80
1,<environment.Job instance at 0x154d9d930410>,55,3,[2 7],82,93,96,11,82
1,<environment.Job instance at 0x154d9d930cd0>,56,1,[ 1 10],83,107,108,24,83
1,<environment.Job instance at 0x154d9d930aa0>,57,1,[2 5],84,96,97,12,85
1,<environment.Job instance at 0x154da5ef4e10>,59,15,[8 2],86,86,101,0,86
1,<environment.Job instance at 0x154da5ef4c80>,60,3,[2 6],87,97,100,10,87
1,<environment.Job instance at 0x154d9d618780>,25,2,[ 1 10],40,108,110,68,87
1,<environment.Job instance at 0x154da5ef4190>,61,1,[1 5],88,100,101,12,89
1,<environment.Job instance at 0x154da5ef4500>,64,2,[7 2],92,101,103,9,92
1,<environment.Job instance at 0x154da5ef4460>,65,1,[9 2],94,103,104,9,94
1,<environment.Job instance at 0x154d9d903730>,67,3,[2 5],97,101,104,4,97
1,<environment.Job instance at 0x154d9d903410>,69,1,[8 2],100,104,105,4,100
1,<environment.Job instance at 0x154d9d9033c0>,70,2,[9 1],103,105,107,2,104
1,<environment.Job instance at 0x154d9d903b90>,71,2,[8 2],107,107,109,0,107
1,<environment.Job instance at 0x154d9d903190>,72,3,[5 1],108,108,111,0,108
1,<environment.Job instance at 0x154d9d903780>,73,17,[1 8],109,110,127,1,109
1,<environment.Job instance at 0x154da5ef4eb0>,62,2,[6 2],89,109,111,20,109
1,<environment.Job instance at 0x154d9d903dc0>,75,2,[2 5],112,113,115,1,113
1,<environment.Job instance at 0x154d9d903a50>,74,2,[9 2],111,113,115,2,113
1,<environment.Job instance at 0x154d9d9034b0>,77,1,[2 8],114,127,128,13,114
1,<environment.Job instance at 0x154d99643be0>,78,1,[ 1 10],117,128,129,11,117
1,<environment.Job instance at 0x154d99643410>,79,2,[1 8],120,129,131,9,120
1,<environment.Job instance at 0x154d99643780>,80,1,[9 2],121,121,122,0,121
1,<environment.Job instance at 0x154d996434b0>,81,2,[2 6],122,122,124,0,122
1,<environment.Job instance at 0x154d99643eb0>,83,3,[1 7],124,124,127,0,124
1,<environment.Job instance at 0x154d9c832f00>,84,14,[9 1],126,127,141,1,126
1,<environment.Job instance at 0x154d9c8323c0>,87,1,[ 1 10],130,131,132,1,130
1,<environment.Job instance at 0x154d9c832780>,88,3,[1 7],131,132,135,1,131
1,<environment.Job instance at 0x154d9c832b40>,89,3,[5 2],133,133,136,0,133
1,<environment.Job instance at 0x154d9c832a50>,90,1,[8 2],134,141,142,7,134
1,<environment.Job instance at 0x154d9c832960>,91,3,[1 7],136,136,139,0,136
1,<environment.Job instance at 0x154d9c832500>,92,2,[2 8],138,139,141,1,138
1,<environment.Job instance at 0x154d9c832c80>,93,2,[1 8],139,141,143,2,139
1,<environment.Job instance at 0x154da71ca2d0>,94,3,[1 7],142,142,145,0,142
1,<environment.Job instance at 0x154da71cae60>,95,1,[1 8],145,145,146,0,145
1,<environment.Job instance at 0x154da71caa50>,96,1,[7 2],148,148,149,0,148
1,<environment.Job instance at 0x154da71ca370>,97,3,[2 9],149,149,152,0,149
1,<environment.Job instance at 0x154d9935a460>,4,14,[8 1],7,7,21,0,7
1,<environment.Job instance at 0x154da71ca370>,5,3,[ 1 10],9,22,25,13,22
1,<environment.Job instance at 0x154d9933ecd0>,9,1,[2 7],13,25,26,12,22
1,<environment.Job instance at 0x154d9933ee60>,10,3,[2 5],14,22,25,8,22
1,<environment.Job instance at 0x154d99c44eb0>,11,15,[1 5],15,25,40,10,22
1,<environment.Job instance at 0x154d9933eb90>,12,3,[ 1 14],16,40,43,24,22
1,<environment.Job instance at 0x154d9933e140>,13,2,[10  2],17,25,27,8,22
1,<environment.Job instance at 0x154d9971ea00>,14,2,[1 5],19,26,28,7,23
1,<environment.Job instance at 0x154d9971e0a0>,15,2,[ 2 10],20,28,30,8,23
1,<environment.Job instance at 0x154d9971e5a0>,16,3,[7 1],21,30,33,9,24
1,<environment.Job instance at 0x154d9935ac30>,8,15,[2 5],12,87,102,75,87
1,<environment.Job instance at 0x154d9d585a00>,0,17,[ 1 14],1,102,119,101,90
1,<environment.Job instance at 0x154d99966c30>,18,1,[ 1 10],24,90,91,66,90
1,<environment.Job instance at 0x154d9d854be0>,20,2,[9 1],27,94,96,67,94
1,<environment.Job instance at 0x154d99b5acd0>,23,3,[1 5],32,119,122,87,103
1,<environment.Job instance at 0x154d9d8540f0>,17,14,[2 5],22,119,133,97,106
1,<environment.Job instance at 0x154d99af15a0>,29,3,[2 5],43,119,122,76,108
1,<environment.Job instance at 0x154d99af12d0>,30,15,[6 1],45,122,137,77,108
1,<environment.Job instance at 0x154d9d998fa0>,31,12,[7 2],47,122,134,75,108
1,<environment.Job instance at 0x154d99f7be60>,28,2,[6 1],42,111,113,69,111
1,<environment.Job instance at 0x154d99c69a00>,27,2,[14  2],40,137,139,97,116
1,<environment.Job instance at 0x154d9995c5f0>,35,2,[2 7],51,133,135,82,121
1,<environment.Job instance at 0x154d9995ce60>,36,3,[7 1],53,134,137,81,125
1,<environment.Job instance at 0x154d9d998550>,33,2,[13  2],49,139,141,90,131
1,<environment.Job instance at 0x154d9d85e370>,38,2,[7 1],59,141,143,82,131
1,<environment.Job instance at 0x154d9d998b90>,32,17,[1 8],48,135,152,87,131
1,<environment.Job instance at 0x154d9d5302d0>,41,3,[ 2 11],65,152,155,87,131
1,<environment.Job instance at 0x154d9d530c80>,42,1,[8 1],69,143,144,74,131
1,<environment.Job instance at 0x154d9d530eb0>,43,3,[ 1 13],70,155,158,85,131
1,<environment.Job instance at 0x154d9d530140>,44,3,[9 2],71,144,147,73,131
1,<environment.Job instance at 0x154d9d530460>,45,1,[7 1],73,141,142,68,131
1,<environment.Job instance at 0x154d9d530cd0>,46,2,[2 8],75,158,160,83,131
1,<environment.Job instance at 0x154d999290a0>,47,13,[7 2],78,147,160,69,131
1,<environment.Job instance at 0x154d999298c0>,48,2,[13  1],79,160,162,81,133
1,<environment.Job instance at 0x154d9d530a00>,40,1,[1 5],63,158,159,95,158
1,<environment.Job instance at 0x154d99c85730>,61,2,[1 8],106,160,162,54,158
1,<environment.Job instance at 0x154d9d8d8f50>,62,24,[2 5],107,162,186,55,158
1,<environment.Job instance at 0x154d9d8d8870>,63,2,[ 1 10],108,162,164,54,158
1,<environment.Job instance at 0x154d9d8d8730>,64,1,[6 1],109,159,160,50,158
1,<environment.Job instance at 0x154d9d8d8500>,66,1,[10  1],111,164,165,53,158
1,<environment.Job instance at 0x154d9a46b320>,67,3,[1 8],112,164,167,52,158
1,<environment.Job instance at 0x154d9a46b820>,68,3,[1 5],117,167,170,50,158
1,<environment.Job instance at 0x154d9a46b780>,69,18,[ 2 10],118,170,188,52,159
1,<environment.Job instance at 0x154d9a46bc80>,70,3,[5 1],119,165,168,46,159
1,<environment.Job instance at 0x154d990eac80>,71,3,[9 1],120,186,189,66,160
1,<environment.Job instance at 0x154d990eae60>,72,12,[1 8],121,188,200,67,171
1,<environment.Job instance at 0x154d990ea910>,73,2,[1 6],122,188,190,66,171
1,<environment.Job instance at 0x154d990ea4b0>,74,3,[5 2],125,190,193,65,171
1,<environment.Job instance at 0x154d99002190>,77,3,[2 5],129,190,193,61,186
1,<environment.Job instance at 0x154d99002c30>,78,1,[1 8],131,200,201,69,187
1,<environment.Job instance at 0x154d99002b90>,79,1,[2 5],132,193,194,61,189
1,<environment.Job instance at 0x154d99002d70>,80,1,[2 6],133,194,195,61,189
1,<environment.Job instance at 0x154dc2294af0>,81,14,[6 2],134,195,209,61,191
1,<environment.Job instance at 0x154d99929be0>,49,17,[2 9],81,201,218,120,191
1,<environment.Job instance at 0x154d990020f0>,76,2,[11  1],128,209,211,81,195
1,<environment.Job instance at 0x154d99344af0>,89,1,[11  2],144,211,212,67,208
1,<environment.Job instance at 0x154dc21796e0>,2,1,[8 1],7,7,8,0,7
1,<environment.Job instance at 0x154d995e8e10>,3,1,[7 1],8,8,9,0,8
1,<environment.Job instance at 0x154d9d56e5a0>,4,12,[1 6],9,9,21,0,9
1,<environment.Job instance at 0x154dc2179aa0>,1,1,[6 1],6,9,10,3,9
1,<environment.Job instance at 0x154d9d56e910>,7,2,[1 6],12,12,14,0,12
1,<environment.Job instance at 0x154d9d56ee60>,9,17,[ 2 10],14,21,38,7,14
1,<environment.Job instance at 0x154d9d45cf50>,14,1,[1 9],20,38,39,18,26
1,<environment.Job instance at 0x154d9d61f230>,16,2,[ 2 10],22,39,41,17,26
1,<environment.Job instance at 0x154d9c9fdaf0>,15,1,[6 2],21,27,28,6,27
1,<environment.Job instance at 0x154d9d61fb40>,18,13,[ 2 14],24,41,54,17,27
1,<environment.Job instance at 0x154d9d61f050>,19,12,[9 1],26,28,40,2,27
1,<environment.Job instance at 0x154d98f7df00>,20,3,[1 8],28,54,57,26,44
1,<environment.Job instance at 0x154d99552690>,21,1,[ 2 10],29,57,58,28,45
1,<environment.Job instance at 0x154d9d45c410>,10,2,[12  2],15,54,56,39,45
1,<environment.Job instance at 0x154d992fe5f0>,22,2,[7 2],30,56,58,26,45
1,<environment.Job instance at 0x154da7332320>,25,13,[ 1 10],34,58,71,24,45
1,<environment.Job instance at 0x154d9a783f00>,12,1,[1 8],18,71,72,53,45
1,<environment.Job instance at 0x154da73320a0>,27,1,[2 9],37,72,73,35,45
1,<environment.Job instance at 0x154d9947ac80>,28,2,[1 7],38,73,75,35,46
1,<environment.Job instance at 0x154da7332cd0>,26,2,[8 2],35,58,60,23,46
1,<environment.Job instance at 0x154d9947acd0>,30,1,[5 1],40,46,47,6,46
1,<environment.Job instance at 0x154d9d61fe10>,17,1,[5 2],23,79,80,56,79
1,<environment.Job instance at 0x154d9c9523c0>,38,2,[2 8],56,79,81,23,79
1,<environment.Job instance at 0x154d9c952f00>,39,1,[1 6],58,80,81,22,79
1,<environment.Job instance at 0x154d9c9524b0>,40,17,[7 2],59,81,98,22,79
1,<environment.Job instance at 0x154d9c9522d0>,41,1,[2 8],61,90,91,29,90
1,<environment.Job instance at 0x154dc21801e0>,43,15,[2 9],67,91,106,24,90
1,<environment.Job instance at 0x154dc2180370>,44,28,[ 2 12],68,106,134,38,105
1,<environment.Job instance at 0x154d99106f50>,46,2,[ 1 10],71,134,136,63,127
1,<environment.Job instance at 0x154d99106370>,47,16,[1 5],72,134,150,62,127
1,<environment.Job instance at 0x154d99f9eaa0>,31,2,[ 1 12],41,150,152,109,127
1,<environment.Job instance at 0x154d9d8a0960>,49,2,[2 9],75,136,138,61,127
1,<environment.Job instance at 0x154d9c952820>,42,1,[11  2],64,139,140,75,139
1,<environment.Job instance at 0x154d9d8a05f0>,52,23,[2 8],78,152,175,74,146
1,<environment.Job instance at 0x154d9d8a0d70>,53,3,[2 5],80,147,150,67,147
1,<environment.Job instance at 0x154d98f41d70>,57,3,[ 1 12],84,175,178,91,149
1,<environment.Job instance at 0x154d98f410f0>,58,1,[8 2],86,149,150,63,149
1,<environment.Job instance at 0x154d98f41be0>,59,1,[8 1],87,150,151,63,149
1,<environment.Job instance at 0x154d98f41370>,60,24,[2 9],88,178,202,90,173
1,<environment.Job instance at 0x154d98f41730>,61,1,[2 7],91,173,174,82,173
1,<environment.Job instance at 0x154d98f41910>,62,25,[6 2],92,174,199,82,173
1,<environment.Job instance at 0x154d98f41a50>,65,28,[ 1 10],98,202,230,104,201
1,<environment.Job instance at 0x154d98f417d0>,66,2,[7 1],99,201,203,102,201
1,<environment.Job instance at 0x154d98f41870>,67,2,[2 7],100,230,232,130,203
1,<environment.Job instance at 0x154d98f41690>,68,1,[6 2],101,203,204,102,203
1,<environment.Job instance at 0x154d98f41d20>,69,2,[1 5],102,204,206,102,203
1,<environment.Job instance at 0x154d98f412d0>,70,13,[ 2 10],103,232,245,129,216
1,<environment.Job instance at 0x154d98f41eb0>,73,24,[2 9],107,245,269,138,240
1,<environment.Job instance at 0x154d99bb1960>,74,1,[6 2],110,260,261,150,260
1,<environment.Job instance at 0x154d99bb1d20>,82,15,[2 9],121,269,284,148,260
1,<environment.Job instance at 0x154d99bb1780>,85,3,[6 2],126,266,269,140,266
1,<environment.Job instance at 0x154d99bb15a0>,86,2,[2 7],127,284,286,157,266
1,<environment.Job instance at 0x154d99bb1cd0>,87,3,[2 5],129,269,272,140,266
1,<environment.Job instance at 0x154d99bb1eb0>,88,2,[5 2],131,266,268,135,266
1,<environment.Job instance at 0x154d99bb19b0>,89,3,[9 1],134,269,272,135,266
1,<environment.Job instance at 0x154d99bb1af0>,90,1,[7 1],135,268,269,133,266
1,<environment.Job instance at 0x154d99bb1e60>,91,2,[2 7],136,284,286,148,266
1,<environment.Job instance at 0x154d99bb1c30>,92,18,[1 5],137,286,304,149,275
1,<environment.Job instance at 0x154d9d8a0eb0>,50,26,[1 9],76,286,312,210,283
1,<environment.Job instance at 0x154d9afb5320>,95,2,[8 2],140,304,306,164,283
1,<environment.Job instance at 0x154d9afb5eb0>,96,2,[2 5],142,306,308,164,283
1,<environment.Job instance at 0x154d9afb5960>,97,3,[2 6],143,308,311,165,283
1,<environment.Job instance at 0x154d99547f00>,29,2,[8 1],39,290,292,251,290
1,<environment.Job instance at 0x154d9afb5aa0>,99,2,[1 9],146,312,314,166,290
1,<environment.Job instance at 0x154d9c8356e0>,101,15,[2 6],148,311,326,163,297
1,<environment.Job instance at 0x154d9c835410>,102,3,[7 1],149,298,301,149,298
1,<environment.Job instance at 0x154d9afb5460>,98,14,[2 6],144,314,328,170,301
1,<environment.Job instance at 0x154d9d56e6e0>,13,1,[7 1],19,323,324,304,323
1,<environment.Job instance at 0x154d9afb5d20>,94,1,[9 1],139,325,326,186,325
1,<environment.Job instance at 0x154d99b13460>,3,3,[ 1 10],5,5,8,0,5
1,<environment.Job instance at 0x154d9cb22a50>,4,1,[1 6],6,8,9,2,6
1,<environment.Job instance at 0x154d9cb22780>,6,3,[6 2],9,9,12,0,9
1,<environment.Job instance at 0x154d9cb22140>,7,2,[10  2],10,12,14,2,10
1,<environment.Job instance at 0x154d9cb221e0>,8,1,[1 6],11,11,12,0,11
1,<environment.Job instance at 0x154d992334b0>,9,1,[5 1],12,12,13,0,12
1,<environment.Job instance at 0x154d9cb22870>,12,1,[ 1 12],15,15,16,0,15
1,<environment.Job instance at 0x154da7dd6780>,13,3,[1 6],16,16,19,0,16
1,<environment.Job instance at 0x154d9942c370>,14,2,[10  1],17,17,19,0,17
1,<environment.Job instance at 0x154dc1885c30>,15,2,[6 1],19,19,21,0,19
1,<environment.Job instance at 0x154dc217ec80>,16,1,[2 8],20,20,21,0,20
1,<environment.Job instance at 0x154d9d967a00>,17,2,[6 1],21,21,23,0,21
1,<environment.Job instance at 0x154d9d967050>,18,15,[2 9],22,22,37,0,22
1,<environment.Job instance at 0x154d9ca203c0>,20,2,[2 9],25,37,39,12,27
1,<environment.Job instance at 0x154d9d82f6e0>,26,17,[7 1],33,33,50,0,33
1,<environment.Job instance at 0x154d9d82f410>,27,1,[ 2 10],35,39,40,4,37
1,<environment.Job instance at 0x154d9981c140>,29,2,[9 1],38,50,52,12,38
1,<environment.Job instance at 0x154d9981c410>,30,3,[1 8],39,40,43,1,39
1,<environment.Job instance at 0x154d9981c500>,33,16,[2 8],45,45,61,0,45
1,<environment.Job instance at 0x154d9981c5f0>,34,2,[6 2],46,48,50,2,48
1,<environment.Job instance at 0x154d9c6cf0a0>,36,2,[ 2 10],53,61,63,8,53
1,<environment.Job instance at 0x154d99beb6e0>,37,20,[10  2],54,54,74,0,54
1,<environment.Job instance at 0x154d99bebaa0>,40,3,[2 9],57,63,66,6,57
1,<environment.Job instance at 0x154da72566e0>,42,13,[10  1],60,74,87,14,60
1,<environment.Job instance at 0x154da7256370>,46,3,[1 8],69,69,72,0,69
1,<environment.Job instance at 0x154d99a84230>,48,1,[2 7],73,73,74,0,73
1,<environment.Job instance at 0x154d996f0b40>,49,1,[2 9],74,74,75,0,74
1,<environment.Job instance at 0x154d9962a050>,50,3,[ 2 10],75,75,78,0,75
1,<environment.Job instance at 0x154d99208690>,52,1,[8 1],79,87,88,8,79
1,<environment.Job instance at 0x154d99a99190>,54,26,[8 2],81,88,114,7,85
1,<environment.Job instance at 0x154d9c6c1b90>,58,3,[ 2 10],85,93,96,8,93
1,<environment.Job instance at 0x154d98f4fd70>,59,1,[6 2],86,96,97,10,95
1,<environment.Job instance at 0x154d98f4f230>,60,2,[5 1],87,97,99,10,95
1,<environment.Job instance at 0x154defbd7af0>,61,18,[6 2],88,105,123,17,105
1,<environment.Job instance at 0x154d98f4fb90>,62,3,[2 7],90,114,117,24,105
1,<environment.Job instance at 0x154d9982c870>,65,1,[1 6],93,108,109,15,108
1,<environment.Job instance at 0x154d9d994f50>,66,19,[ 1 10],95,117,136,22,108
1,<environment.Job instance at 0x154d99fad1e0>,67,2,[2 7],97,136,138,39,109
1,<environment.Job instance at 0x154d99fadb90>,70,3,[6 1],101,114,117,13,113
1,<environment.Job instance at 0x154d99fad500>,71,17,[7 1],103,119,136,16,119
1,<environment.Job instance at 0x154d99fad910>,72,15,[13  2],104,136,151,32,134
1,<environment.Job instance at 0x154d99c907d0>,73,3,[8 1],105,151,154,46,134
1,<environment.Job instance at 0x154d9c6829b0>,74,1,[1 7],106,138,139,32,134
1,<environment.Job instance at 0x154da7220b40>,75,2,[1 9],107,139,141,32,134
1,<environment.Job instance at 0x154da72dfd20>,76,21,[5 2],108,151,172,43,143
1,<environment.Job instance at 0x154d999ea370>,77,17,[2 7],112,143,160,31,143
1,<environment.Job instance at 0x154d991e0190>,78,2,[ 1 10],113,160,162,47,143
1,<environment.Job instance at 0x154d991e0460>,79,2,[1 6],114,154,156,40,143
1,<environment.Job instance at 0x154d991e0eb0>,80,28,[2 5],118,162,190,44,161
1,<environment.Job instance at 0x154d991e0af0>,81,3,[7 1],119,161,164,42,161
1,<environment.Job instance at 0x154d991e0fa0>,83,1,[2 6],121,164,165,43,161
1,<environment.Job instance at 0x154d991e0f00>,84,3,[8 1],123,165,168,42,161
1,<environment.Job instance at 0x154d9924be60>,85,15,[2 5],125,168,183,43,161
1,<environment.Job instance at 0x154d9924b230>,86,1,[9 1],126,172,173,46,161
1,<environment.Job instance at 0x154d9924bb90>,88,2,[2 8],128,183,185,55,163
1,<environment.Job instance at 0x154d9924b690>,89,12,[6 1],129,173,185,44,168
1,<environment.Job instance at 0x154d9924b2d0>,90,15,[2 8],130,185,200,55,171
1,<environment.Job instance at 0x154d9924b050>,91,2,[9 1],131,185,187,54,171
1,<environment.Job instance at 0x154d9924b7d0>,92,2,[1 6],132,190,192,58,171
1,<environment.Job instance at 0x154d99623be0>,94,2,[2 5],135,192,194,57,178
1,<environment.Job instance at 0x154d990d5870>,95,14,[13  2],137,194,208,57,191
1,<environment.Job instance at 0x154d990d5050>,96,20,[1 9],138,200,220,62,191
1,<environment.Job instance at 0x154d990d5370>,97,1,[1 5],139,208,209,69,191
1,<environment.Job instance at 0x154d990d5f00>,98,3,[9 2],140,209,212,69,191
1,<environment.Job instance at 0x154d990d50a0>,99,1,[2 5],141,212,213,71,191
1,<environment.Job instance at 0x154d990d5be0>,100,3,[14  2],142,213,216,71,191
1,<environment.Job instance at 0x154d98fe1730>,101,2,[2 7],144,220,222,76,193
1,<environment.Job instance at 0x154d98fe1190>,102,17,[1 9],145,222,239,77,210
1,<environment.Job instance at 0x154d98fe1eb0>,103,1,[7 2],146,216,217,70,210
1,<environment.Job instance at 0x154d98fe1b40>,104,15,[ 2 12],149,239,254,90,225
1,<environment.Job instance at 0x154d994355a0>,1,3,[1 8],2,2,5,0,2
1,<environment.Job instance at 0x154d99435d20>,2,1,[1 9],4,5,6,1,4
1,<environment.Job instance at 0x154d98fe1b40>,3,15,[1 8],6,6,21,0,6
1,<environment.Job instance at 0x154dc0098410>,1,1,[9 2],2,2,3,0,2
1,<environment.Job instance at 0x154d991a61e0>,2,18,[2 7],3,3,21,0,3
1,<environment.Job instance at 0x154d991a6a50>,8,2,[ 2 10],9,21,23,12,9
1,<environment.Job instance at 0x154d991a6be0>,7,1,[9 1],8,15,16,7,15
1,<environment.Job instance at 0x154d99c9df50>,15,2,[ 2 10],21,23,25,2,21
1,<environment.Job instance at 0x154d9d8df2d0>,16,3,[2 9],22,25,28,3,22
1,<environment.Job instance at 0x154d9a4cc960>,18,16,[1 8],25,28,44,3,25
1,<environment.Job instance at 0x154d9c832d20>,27,1,[ 1 10],38,44,45,6,38
1,<environment.Job instance at 0x154d9c832b90>,28,2,[1 9],40,45,47,5,40
1,<environment.Job instance at 0x154d9d621370>,30,16,[ 2 10],43,47,63,4,43
1,<environment.Job instance at 0x154d9d621460>,31,26,[2 5],44,49,75,5,49
1,<environment.Job instance at 0x154d9d621dc0>,32,14,[ 1 10],46,63,77,17,50
1,<environment.Job instance at 0x154d99d69eb0>,38,3,[1 6],52,77,80,25,53
1,<environment.Job instance at 0x154d990ebe10>,39,1,[1 6],55,77,78,22,55
1,<environment.Job instance at 0x154d997172d0>,40,1,[ 2 10],57,80,81,23,57
1,<environment.Job instance at 0x154d99717fa0>,41,1,[ 1 14],58,81,82,23,58
1,<environment.Job instance at 0x154d997175a0>,42,1,[5 1],59,75,76,16,59
1,<environment.Job instance at 0x154d99717820>,43,1,[2 9],60,78,79,18,60
1,<environment.Job instance at 0x154def9d65a0>,46,3,[1 6],64,82,85,18,64
1,<environment.Job instance at 0x154d9c9d1be0>,48,2,[1 7],67,82,84,15,67
1,<environment.Job instance at 0x154d9c9d1280>,50,16,[5 2],72,89,105,17,89
1,<environment.Job instance at 0x154d990f1dc0>,59,1,[6 2],82,89,90,7,89
1,<environment.Job instance at 0x154d999e35a0>,61,2,[2 6],84,89,91,5,89
1,<environment.Job instance at 0x154d99a40e10>,62,3,[7 2],86,90,93,4,89
1,<environment.Job instance at 0x154d99a40a00>,63,14,[1 8],87,91,105,4,89
1,<environment.Job instance at 0x154d99a400f0>,64,3,[2 6],88,105,108,17,89
1,<environment.Job instance at 0x154d99a40870>,65,2,[1 5],89,89,91,0,89
1,<environment.Job instance at 0x154d9c8539b0>,67,1,[7 2],91,93,94,2,91
1,<environment.Job instance at 0x154d99590140>,71,1,[10  1],97,105,106,8,97
1,<environment.Job instance at 0x154d995905f0>,72,3,[8 1],101,101,104,0,101
1,<environment.Job instance at 0x154d99590410>,73,2,[ 1 10],105,108,110,3,105
1,<environment.Job instance at 0x154d99590cd0>,74,14,[1 9],106,110,124,4,106
1,<environment.Job instance at 0x154d996345f0>,75,16,[2 7],108,124,140,16,111
1,<environment.Job instance at 0x154d996346e0>,77,17,[5 1],110,111,128,1,111
1,<environment.Job instance at 0x154d99634d70>,79,3,[7 2],114,114,117,0,114
1,<environment.Job instance at 0x154d996345a0>,80,2,[7 1],115,117,119,2,115
1,<environment.Job instance at 0x154d9c6d6e10>,81,3,[6 1],117,119,122,2,117
1,<environment.Job instance at 0x154d99634820>,82,1,[2 5],118,122,123,4,118
1,<environment.Job instance at 0x154d99a56690>,83,1,[8 1],122,123,124,1,122
1,<environment.Job instance at 0x154d99a56b40>,84,15,[14  1],123,506,521,383,506
1,<environment.Job instance at 0x154d99a56410>,85,1,[12  2],124,521,522,397,511
1,<environment.Job instance at 0x154da727a640>,88,1,[2 6],128,521,522,393,513
1,<environment.Job instance at 0x154d9d5dc910>,89,2,[8 1],129,522,524,393,514
1,<environment.Job instance at 0x154d9c9ebbe0>,35,14,[5 2],49,522,536,473,514
1,<environment.Job instance at 0x154da727a8c0>,91,16,[7 2],131,524,540,393,514
1,<environment.Job instance at 0x154d99634aa0>,78,1,[5 1],112,536,537,424,514
1,<environment.Job instance at 0x154da727af50>,90,1,[7 1],130,537,538,407,518
1,<environment.Job instance at 0x154d99729d70>,95,3,[ 2 13],138,538,541,400,518
1,<environment.Job instance at 0x154d99729780>,96,2,[2 5],139,522,524,383,518
1,<environment.Job instance at 0x154d99729320>,97,1,[1 7],142,518,519,376,518
1,<environment.Job instance at 0x154d99729280>,98,1,[ 1 10],144,519,520,375,518
1,<environment.Job instance at 0x154d99729cd0>,99,3,[8 2],146,540,543,394,518
1,<environment.Job instance at 0x154d99729500>,100,3,[ 2 13],147,541,544,394,518
1,<environment.Job instance at 0x154d99729a50>,101,2,[2 8],148,524,526,376,518
1,<environment.Job instance at 0x154d996340f0>,76,1,[8 2],109,543,544,434,527
1,<environment.Job instance at 0x154d9d4f3640>,3,3,[6 1],5,5,8,0,5
1,<environment.Job instance at 0x154d9d4f3eb0>,4,14,[ 2 10],6,6,20,0,6
1,<environment.Job instance at 0x154d9d4f32d0>,6,1,[1 7],9,20,21,11,9
1,<environment.Job instance at 0x154d9d4f3320>,9,3,[1 7],12,20,23,8,12
1,<environment.Job instance at 0x154d9d4f3370>,10,1,[9 1],16,17,18,1,17
1,<environment.Job instance at 0x154d9d4f3050>,12,14,[10  1],19,19,33,0,19
1,<environment.Job instance at 0x154d994e2f00>,13,3,[6 1],20,33,36,13,20
1,<environment.Job instance at 0x154d994e2e60>,14,1,[10  1],22,36,37,14,22
1,<environment.Job instance at 0x154d994e2f50>,16,18,[12  2],24,95,113,71,95
1,<environment.Job instance at 0x154d994e2a50>,20,3,[2 7],28,95,98,67,95
1,<environment.Job instance at 0x154d994e2460>,23,14,[8 1],37,113,127,76,112
1,<environment.Job instance at 0x154d994e26e0>,24,2,[2 6],38,112,114,74,112
1,<environment.Job instance at 0x154d993cfeb0>,26,18,[1 7],42,118,136,76,118
1,<environment.Job instance at 0x154d993cf640>,27,16,[1 7],44,118,134,74,118
1,<environment.Job instance at 0x154d993cf730>,28,1,[2 6],45,134,135,89,118
1,<environment.Job instance at 0x154d993cfa50>,31,18,[2 9],48,136,154,88,125
1,<environment.Job instance at 0x154d993cf3c0>,32,1,[8 1],50,139,140,89,139
1,<environment.Job instance at 0x154d993cf2d0>,33,1,[1 8],51,154,155,103,140
1,<environment.Job instance at 0x154d993cfd70>,34,13,[1 7],53,154,167,101,140
1,<environment.Job instance at 0x154d993cfc30>,36,1,[1 9],55,167,168,112,141
1,<environment.Job instance at 0x154d993cf5f0>,37,17,[1 5],56,155,172,99,143
1,<environment.Job instance at 0x154d993cf6e0>,39,2,[6 2],62,157,159,95,157
1,<environment.Job instance at 0x154d993cf8c0>,40,3,[1 5],63,168,171,105,157
1,<environment.Job instance at 0x154d993cfe10>,41,1,[1 6],64,171,172,107,157
1,<environment.Job instance at 0x154d9c8a10f0>,43,2,[7 1],67,158,160,91,158
1,<environment.Job instance at 0x154d9c8a15a0>,44,3,[2 5],68,168,171,100,158
1,<environment.Job instance at 0x154d9c8a1230>,45,1,[1 5],69,172,173,103,158
1,<environment.Job instance at 0x154d9c8a1190>,47,12,[8 1],73,171,183,98,168
1,<environment.Job instance at 0x154d9c8a1640>,48,1,[2 5],78,172,173,94,168
1,<environment.Job instance at 0x154d9c8a1aa0>,49,17,[1 5],79,173,190,94,168
1,<environment.Job instance at 0x154d9c8a1370>,50,13,[2 7],80,173,186,93,168
1,<environment.Job instance at 0x154d9c8a13c0>,51,2,[7 1],81,183,185,102,172
1,<environment.Job instance at 0x154d9c8a1320>,52,1,[2 7],84,186,187,102,174
1,<environment.Job instance at 0x154d9c8a1820>,54,1,[1 7],86,187,188,101,177
1,<environment.Job instance at 0x154d9c8a18c0>,55,3,[1 7],87,188,191,101,177
1,<environment.Job instance at 0x154d9c8a1fa0>,57,15,[1 9],89,191,206,102,180
1,<environment.Job instance at 0x154d9c8a1e10>,58,2,[1 8],90,206,208,116,180
1,<environment.Job instance at 0x154d9c8a1eb0>,59,28,[6 2],93,185,213,92,184
1,<environment.Job instance at 0x154d993cb0f0>,62,21,[10  2],99,213,234,114,205
1,<environment.Job instance at 0x154d993cb230>,63,14,[1 6],100,208,222,108,207
1,<environment.Job instance at 0x154d993cb1e0>,65,1,[10  2],103,234,235,131,225
1,<environment.Job instance at 0x154d993cb5a0>,66,15,[6 1],104,235,250,131,227
1,<environment.Job instance at 0x154d993cb960>,73,1,[9 1],113,239,240,126,239
1,<environment.Job instance at 0x154d993cbb90>,74,1,[2 8],114,240,241,126,239
1,<environment.Job instance at 0x154d993cbb40>,75,1,[1 8],115,241,242,126,239
1,<environment.Job instance at 0x154d993cb8c0>,76,1,[2 9],116,242,243,126,239
1,<environment.Job instance at 0x154d993cbe10>,77,3,[ 2 10],117,243,246,126,239
1,<environment.Job instance at 0x154d993cb9b0>,78,3,[1 7],118,246,249,128,239
1,<environment.Job instance at 0x154d993c3d20>,81,2,[2 5],121,240,242,119,240
1,<environment.Job instance at 0x154d993c3690>,82,1,[8 2],122,246,247,124,240
1,<environment.Job instance at 0x154d993c3b90>,83,1,[6 1],123,242,243,119,242
1,<environment.Job instance at 0x154d993e20a0>,84,1,[10  2],124,250,251,126,243
1,<environment.Job instance at 0x154d993e2960>,85,3,[1 6],125,247,250,122,243
1,<environment.Job instance at 0x154d993e2460>,86,1,[8 2],127,249,250,122,243
1,<environment.Job instance at 0x154d993e2e60>,87,3,[5 2],128,243,246,115,243
1,<environment.Job instance at 0x154d993e2cd0>,88,3,[2 5],132,250,253,118,243
1,<environment.Job instance at 0x154d9908c410>,89,2,[1 6],133,250,252,117,243
1,<environment.Job instance at 0x154d993e2eb0>,90,13,[2 7],134,252,265,118,243
1,<environment.Job instance at 0x154d9908cd70>,91,1,[1 5],137,253,254,116,244
1,<environment.Job instance at 0x154d9908c0a0>,92,1,[2 9],139,265,266,126,244
1,<environment.Job instance at 0x154d9908cf50>,94,2,[8 2],142,256,258,114,256
1,<environment.Job instance at 0x154d9908cfa0>,95,3,[6 2],144,258,261,114,256
1,<environment.Job instance at 0x154d9908c780>,96,2,[2 9],146,266,268,120,256
1,<environment.Job instance at 0x154d9908c7d0>,97,1,[8 2],147,261,262,114,258
1,<environment.Job instance at 0x154d9908c320>,98,3,[5 1],148,258,261,110,258
1,<environment.Job instance at 0x154d994e2e10>,17,2,[ 1 13],25,1857,1859,1832,1857
1,<environment.Job instance at 0x154d992f9fa0>,2,2,[ 1 10],4,4,6,0,4
1,<environment.Job instance at 0x154da5ef4550>,1,1,[1 9],2,6,7,4,4
1,<environment.Job instance at 0x154d992f9280>,4,3,[2 6],6,6,9,0,6
1,<environment.Job instance at 0x154da7245370>,9,1,[ 2 10],12,12,13,0,12
1,<environment.Job instance at 0x154d990a6370>,10,17,[ 2 11],13,13,30,0,13
1,<environment.Job instance at 0x154da7245fa0>,7,2,[ 2 14],10,30,32,20,13
1,<environment.Job instance at 0x154d990a6140>,11,2,[2 7],14,32,34,18,15
1,<environment.Job instance at 0x154d990a6190>,12,2,[8 1],16,17,19,1,17
1,<environment.Job instance at 0x154da72454b0>,6,2,[9 1],9,27,29,18,27
1,<environment.Job instance at 0x154d993b9320>,17,3,[2 9],30,34,37,4,30
1,<environment.Job instance at 0x154dc0126b40>,20,1,[1 5],35,37,38,2,37
1,<environment.Job instance at 0x154dc0126050>,23,14,[6 2],39,52,66,13,52
1,<environment.Job instance at 0x154d99633050>,25,2,[2 9],41,52,54,11,52
1,<environment.Job instance at 0x154d9d9689b0>,26,3,[5 1],42,52,55,10,52
1,<environment.Job instance at 0x154d99621e60>,27,12,[1 7],43,54,66,11,52
1,<environment.Job instance at 0x154d9c81bfa0>,28,1,[ 2 10],44,66,67,22,55
1,<environment.Job instance at 0x154d99cca8c0>,29,3,[2 9],45,67,70,22,55
1,<environment.Job instance at 0x154d99621f00>,30,20,[5 2],46,58,78,12,58
1,<environment.Job instance at 0x154d999ea7d0>,31,2,[2 7],48,70,72,22,62
1,<environment.Job instance at 0x154d997a5aa0>,32,13,[1 8],49,72,85,23,63
1,<environment.Job instance at 0x154da735e0f0>,33,1,[2 8],50,85,86,35,63
1,<environment.Job instance at 0x154d9c6b5640>,34,1,[1 5],51,70,71,19,63
1,<environment.Job instance at 0x154da42582d0>,35,2,[2 9],54,86,88,32,63
1,<environment.Job instance at 0x154d99250e10>,36,27,[1 8],55,88,115,33,86
1,<environment.Job instance at 0x154d99250af0>,37,2,[1 9],56,115,117,59,88
1,<environment.Job instance at 0x154da7575e60>,24,1,[12  1],40,105,106,65,105
1,<environment.Job instance at 0x154d99b12960>,40,3,[2 5],60,105,108,45,105
1,<environment.Job instance at 0x154d9971b640>,42,1,[2 9],62,117,118,55,105
1,<environment.Job instance at 0x154d9a3f23c0>,44,17,[ 1 10],65,118,135,53,106
1,<environment.Job instance at 0x154d990a6b90>,13,1,[8 2],17,116,117,99,116
1,<environment.Job instance at 0x154d9a3f2d20>,48,1,[2 9],71,135,136,64,116
1,<environment.Job instance at 0x154d9a3f2a00>,45,1,[5 1],68,123,124,55,123
1,<environment.Job instance at 0x154d9a3f29b0>,52,12,[ 1 14],79,136,148,57,123
1,<environment.Job instance at 0x154d9a3f2eb0>,53,3,[6 1],81,124,127,43,124
1,<environment.Job instance at 0x154d9c906410>,54,3,[2 6],82,148,151,66,124
1,<environment.Job instance at 0x154d9c906cd0>,55,2,[7 2],84,124,126,40,124
1,<environment.Job instance at 0x154d9c906640>,56,2,[10  1],85,127,129,42,125
1,<environment.Job instance at 0x154d9c9068c0>,57,2,[2 7],86,148,150,62,125
1,<environment.Job instance at 0x154d9c906730>,58,14,[2 7],87,150,164,63,135
1,<environment.Job instance at 0x154d9c906eb0>,59,18,[6 2],88,148,166,60,137
1,<environment.Job instance at 0x154dc007f3c0>,60,3,[13  1],89,166,169,77,149
1,<environment.Job instance at 0x154da7174e10>,74,2,[9 2],107,164,166,57,149
1,<environment.Job instance at 0x154da7174500>,75,3,[2 8],108,166,169,58,149
1,<environment.Job instance at 0x154dc007f4b0>,73,3,[1 8],106,169,172,63,156
1,<environment.Job instance at 0x154da7174dc0>,76,16,[5 2],109,169,185,60,156
1,<environment.Job instance at 0x154da71743c0>,80,18,[1 6],114,179,197,65,179
1,<environment.Job instance at 0x154d9a3f2550>,49,18,[1 5],72,193,211,121,193
1,<environment.Job instance at 0x154d9cb01c80>,83,3,[ 1 10],117,197,200,80,193
1,<environment.Job instance at 0x154d9cb016e0>,84,2,[8 1],118,193,195,75,193
1,<environment.Job instance at 0x154d9cb01780>,85,2,[1 9],119,200,202,81,193
1,<environment.Job instance at 0x154d9cb01230>,86,3,[1 8],120,202,205,82,193
1,<environment.Job instance at 0x154d9cb01320>,87,21,[1 8],122,205,226,83,197
1,<environment.Job instance at 0x154d9cb01fa0>,88,3,[1 7],125,211,214,86,197
1,<environment.Job instance at 0x154d9cb01a50>,89,1,[1 5],126,214,215,88,197
1,<environment.Job instance at 0x154d9cb01280>,90,2,[1 7],128,215,217,87,197
1,<environment.Job instance at 0x154da71741e0>,79,1,[ 2 12],112,226,227,114,211
1,<environment.Job instance at 0x154d99b6a410>,92,3,[9 1],133,217,220,84,211
1,<environment.Job instance at 0x154d99b6a230>,93,3,[6 2],134,220,223,86,211
1,<environment.Job instance at 0x154d99b6a690>,94,3,[7 1],137,220,223,83,211
1,<environment.Job instance at 0x154d99b6a960>,95,3,[10  2],138,223,226,85,211
1,<environment.Job instance at 0x154d99b6aeb0>,96,2,[ 2 10],139,227,229,88,211
1,<environment.Job instance at 0x154d9c810370>,102,12,[1 9],148,229,241,81,218
1,<environment.Job instance at 0x14eeaac97e60>,3,2,[1 7],6,9,11,3,9
1,<environment.Job instance at 0x14eeaac9c0a0>,6,16,[2 7],9,9,25,0,9
1,<environment.Job instance at 0x14eeaad46aa0>,7,3,[5 1],10,13,16,3,13
1,<environment.Job instance at 0x14eeaacda780>,11,28,[1 9],15,25,53,10,24
1,<environment.Job instance at 0x14eeaacef6e0>,12,3,[6 2],16,24,27,8,24
1,<environment.Job instance at 0x14eeaad5b870>,13,13,[1 5],17,27,40,10,24
1,<environment.Job instance at 0x14eeaacefcd0>,14,1,[1 7],18,53,54,35,25
1,<environment.Job instance at 0x14eeaacea0f0>,15,14,[6 2],20,40,54,20,30
1,<environment.Job instance at 0x14eeaa5d0280>,21,22,[8 2],28,40,62,12,33
1,<environment.Job instance at 0x14eeaa5d0230>,22,3,[2 6],29,54,57,25,33
1,<environment.Job instance at 0x14eeaa5d05a0>,24,20,[ 1 10],32,57,77,25,48
1,<environment.Job instance at 0x14eeaa5d0d20>,25,1,[6 1],34,57,58,23,48
1,<environment.Job instance at 0x14eeaa5d0190>,27,3,[2 8],37,77,80,40,51
1,<environment.Job instance at 0x14eeaa5d0b40>,28,2,[1 9],38,80,82,42,53
1,<environment.Job instance at 0x14eeaa5d0780>,29,13,[1 6],39,77,90,38,61
1,<environment.Job instance at 0x14eeaa5d0f00>,30,3,[1 8],41,82,85,41,61
1,<environment.Job instance at 0x14eeaacf5c80>,33,2,[5 1],44,73,75,29,73
1,<environment.Job instance at 0x14eeaac9c320>,8,13,[ 2 10],11,90,103,79,74
1,<environment.Job instance at 0x14eeaacf53c0>,35,3,[10  2],47,85,88,38,74
1,<environment.Job instance at 0x14eeaacf55f0>,36,3,[1 6],48,85,88,37,74
1,<environment.Job instance at 0x14eeaacf50a0>,37,2,[2 7],49,88,90,39,74
1,<environment.Job instance at 0x14eeaacf5410>,38,2,[8 2],50,74,76,24,74
1,<environment.Job instance at 0x14eeaacf5050>,39,14,[2 5],51,90,104,39,75
1,<environment.Job instance at 0x14eeaa5c72d0>,40,1,[8 1],53,76,77,23,75
1,<environment.Job instance at 0x14eeaa5c7f50>,41,1,[ 1 10],54,103,104,49,75
1,<environment.Job instance at 0x14eeaa5c7aa0>,42,3,[1 6],55,104,107,49,78
1,<environment.Job instance at 0x14eeaa5c70a0>,44,1,[2 9],57,104,105,47,78
1,<environment.Job instance at 0x14eeaa835a50>,45,2,[2 5],58,105,107,47,78
1,<environment.Job instance at 0x14eeaa8359b0>,46,1,[1 7],59,107,108,48,79
1,<environment.Job instance at 0x14eeaa5c7460>,43,2,[2 8],56,107,109,51,82
1,<environment.Job instance at 0x14eeaa5cef00>,48,15,[ 2 10],61,109,124,48,95
1,<environment.Job instance at 0x14eeaa5ce140>,49,1,[ 1 10],67,124,125,57,96
1,<environment.Job instance at 0x14eeaa5cebe0>,50,1,[1 8],68,125,126,57,97
1,<environment.Job instance at 0x14eeaa5ce0a0>,52,1,[8 1],70,105,106,35,97
1,<environment.Job instance at 0x14eeaa5ce230>,53,1,[7 2],72,106,107,34,97
1,<environment.Job instance at 0x14eeaa835f00>,47,14,[5 1],60,108,122,48,97
1,<environment.Job instance at 0x14eeaa5c6b90>,56,18,[1 7],79,125,143,46,114
1,<environment.Job instance at 0x14eeaa5c6190>,57,3,[1 9],80,143,146,63,117
1,<environment.Job instance at 0x14eeaa5c6820>,58,3,[6 1],83,117,120,34,117
1,<environment.Job instance at 0x14eeaa5c6fa0>,59,2,[12  2],85,122,124,37,117
1,<environment.Job instance at 0x14eeaacf2be0>,60,17,[ 1 10],86,146,163,60,134
1,<environment.Job instance at 0x14eeaacf2d70>,61,2,[5 2],87,134,136,47,134
1,<environment.Job instance at 0x14eeaac5bf50>,62,2,[1 5],89,134,136,45,134
1,<environment.Job instance at 0x14eeaacf2e60>,63,2,[7 2],90,136,138,46,134
1,<environment.Job instance at 0x14eeaacf2d20>,64,18,[1 7],91,163,181,72,152
1,<environment.Job instance at 0x14eeaacf2f50>,65,2,[2 7],93,163,165,70,152
1,<environment.Job instance at 0x14eeaacf2aa0>,66,2,[9 2],94,152,154,58,152
1,<environment.Job instance at 0x14eeaacf2e10>,67,15,[1 9],95,181,196,86,167
1,<environment.Job instance at 0x14eeaa5d9640>,68,1,[1 5],98,167,168,69,167
1,<environment.Job instance at 0x14eeaa5d9280>,69,1,[10  2],101,167,168,66,167
1,<environment.Job instance at 0x14eeaa5d9690>,70,1,[8 1],102,168,169,66,167
1,<environment.Job instance at 0x14eeaa5d9820>,71,2,[1 6],103,168,170,65,167
1,<environment.Job instance at 0x14eeaa5d95f0>,72,2,[2 6],106,170,172,64,167
1,<environment.Job instance at 0x14eeaa5d9870>,73,1,[8 1],107,169,170,62,167
1,<environment.Job instance at 0x14eeaa5d9a00>,74,2,[1 5],108,172,174,64,167
1,<environment.Job instance at 0x14eeaa5d9af0>,76,3,[2 8],111,174,177,63,167
1,<environment.Job instance at 0x14eeaad03410>,55,2,[2 7],75,177,179,102,167
1,<environment.Job instance at 0x14eeaa5d9cd0>,78,3,[8 1],117,170,173,53,167
1,<environment.Job instance at 0x14eeaa5d9e10>,79,3,[10  1],119,177,180,58,167
1,<environment.Job instance at 0x14eeaa5d9b40>,80,3,[9 2],120,180,183,60,167
1,<environment.Job instance at 0x14eeaa5d97d0>,77,2,[10  2],113,183,185,70,168
1,<environment.Job instance at 0x14eeaa5d9f00>,82,16,[1 7],122,196,212,74,183
1,<environment.Job instance at 0x14eeaa5d9c30>,83,2,[9 1],123,185,187,62,183
1,<environment.Job instance at 0x14eeaa5df190>,84,18,[2 5],124,185,203,61,183
1,<environment.Job instance at 0x14eeaa5df230>,85,2,[1 5],125,203,205,78,183
1,<environment.Job instance at 0x14eeaa5df140>,86,3,[2 5],127,205,208,78,183
1,<environment.Job instance at 0x14eeaa5df370>,87,3,[8 1],128,187,190,59,183
1,<environment.Job instance at 0x14eeaa5df500>,88,3,[1 6],129,208,211,79,183
1,<environment.Job instance at 0x14eeaa5d9fa0>,81,12,[1 7],121,211,223,90,194
1,<environment.Job instance at 0x14eeaa5df690>,91,1,[5 2],134,196,197,62,194
1,<environment.Job instance at 0x14eeaa5df550>,90,1,[5 2],133,199,200,66,199
1,<environment.Job instance at 0x14eeaa5dfaf0>,93,18,[1 5],137,212,230,75,201
1,<environment.Job instance at 0x14eeaa5dfbe0>,94,1,[ 2 10],138,223,224,85,201
1,<environment.Job instance at 0x14eeaa5dfa50>,96,1,[2 5],143,224,225,81,209
1,<environment.Job instance at 0x14eeaa5dfb90>,97,2,[1 7],145,225,227,80,209
1,<environment.Job instance at 0x14eeaa5dfe10>,98,2,[9 1],146,210,212,64,210
1,<environment.Job instance at 0x14eeaa5dfd20>,99,3,[2 9],148,227,230,79,210
1,<environment.Job instance at 0x14eeaa5dfdc0>,100,2,[6 1],152,212,214,60,210
1,<environment.Job instance at 0x14eeaa5df9b0>,92,16,[1 9],136,230,246,94,217
1,<environment.Job instance at 0x14eeaa5e2320>,103,2,[2 5],156,230,232,74,217
1,<environment.Job instance at 0x14eeaa5e2050>,104,13,[12  2],158,232,245,74,217
1,<environment.Job instance at 0x14eeaa5e2410>,105,1,[9 2],159,217,218,58,217
1,<environment.Job instance at 0x14eeaa5e2190>,102,1,[1 8],154,246,247,92,224
1,<environment.Job instance at 0x14eeaacf8640>,4,2,[6 1],7,226,228,219,226
1,<environment.Job instance at 0x14eeaacf8460>,5,3,[9 1],8,375,378,367,375
1,<environment.Job instance at 0x14eeaa5e5370>,1,3,[1 7],2,2,5,0,2
1,<environment.Job instance at 0x14eeaa5f8820>,2,2,[2 8],3,3,5,0,3
1,<environment.Job instance at 0x14eeaa5f8960>,3,3,[1 5],4,5,8,1,4
1,<environment.Job instance at 0x14eeaac9c370>,4,15,[1 5],5,5,20,0,5
1,<environment.Job instance at 0x14eeb7afc230>,6,3,[2 7],8,9,12,1,9
1,<environment.Job instance at 0x14eeb7afc0f0>,7,2,[ 2 10],10,12,14,2,10
1,<environment.Job instance at 0x14eeb7aee460>,12,18,[2 5],20,20,38,0,20
1,<environment.Job instance at 0x14eeb7aeea50>,16,17,[1 5],24,26,43,2,26
1,<environment.Job instance at 0x14eebcb81410>,17,1,[1 8],25,38,39,13,26
1,<environment.Job instance at 0x14eebcadbe60>,19,3,[ 1 10],27,39,42,12,27
1,<environment.Job instance at 0x14eebc22a3c0>,21,12,[1 9],30,42,54,12,30
1,<environment.Job instance at 0x14eeb7b6d5f0>,25,3,[1 8],34,54,57,20,38
1,<environment.Job instance at 0x14eebca9b280>,26,18,[ 2 10],36,57,75,21,46
1,<environment.Job instance at 0x14eebc22b3c0>,27,3,[ 1 10],37,75,78,38,49
1,<environment.Job instance at 0x14eebc228fa0>,29,2,[ 2 10],40,78,80,38,51
1,<environment.Job instance at 0x14eebc227b90>,30,2,[2 5],41,51,53,10,51
1,<environment.Job instance at 0x14eebc227460>,31,1,[1 5],42,53,54,11,51
1,<environment.Job instance at 0x14eebc227e10>,32,3,[11  1],43,72,75,29,72
1,<environment.Job instance at 0x14eebc2275a0>,33,12,[2 6],44,80,92,36,72
1,<environment.Job instance at 0x14eebc227d70>,34,3,[2 6],45,80,83,35,72
1,<environment.Job instance at 0x14eeb7a949b0>,35,18,[ 1 10],57,92,110,35,81
1,<environment.Job instance at 0x14eeb7a94320>,36,26,[2 5],58,83,109,25,81
1,<environment.Job instance at 0x14eeb7b4c870>,42,25,[1 8],65,110,135,45,106
1,<environment.Job instance at 0x14eeb7b4c500>,43,26,[2 9],66,135,161,69,132
1,<environment.Job instance at 0x14eeb7b4c230>,45,13,[ 2 10],71,161,174,90,145
1,<environment.Job instance at 0x14eeb7ab6640>,46,3,[1 6],72,145,148,73,145
1,<environment.Job instance at 0x14eeb7b4c2d0>,47,2,[1 6],73,148,150,75,145
1,<environment.Job instance at 0x14eeb7aec7d0>,48,2,[1 7],74,174,176,100,147
1,<environment.Job instance at 0x14eeb7aec050>,49,22,[2 7],75,174,196,99,167
1,<environment.Job instance at 0x14eeb7aec8c0>,50,1,[5 1],77,167,168,90,167
1,<environment.Job instance at 0x14eeb7a4b0f0>,51,2,[2 8],78,176,178,98,167
1,<environment.Job instance at 0x14eeb7a4b6e0>,52,18,[2 8],79,178,196,99,167
1,<environment.Job instance at 0x14eebca85230>,54,2,[6 1],82,168,170,86,168
1,<environment.Job instance at 0x14eebca85460>,55,1,[10  1],83,170,171,87,168
1,<environment.Job instance at 0x14eebca85c80>,57,13,[2 9],85,196,209,111,180
1,<environment.Job instance at 0x14eeb7b0dd70>,59,3,[1 7],90,209,212,119,183
1,<environment.Job instance at 0x14eeb7b0df50>,61,2,[1 5],92,196,198,104,183
1,<environment.Job instance at 0x14eeb7b0dc30>,62,15,[ 1 10],95,212,227,117,198
1,<environment.Job instance at 0x14eeb7b0db40>,64,1,[7 1],99,198,199,99,198
1,<environment.Job instance at 0x14eeb7b0d460>,65,2,[1 8],101,209,211,108,198
1,<environment.Job instance at 0x14eeb7b0d820>,66,1,[1 6],102,199,200,97,198
1,<environment.Job instance at 0x14eeb7b0d9b0>,68,2,[8 2],104,200,202,96,198
1,<environment.Job instance at 0x14eeb7b0d640>,69,2,[5 2],105,200,202,95,198
1,<environment.Job instance at 0x14eeb7b0daa0>,70,3,[1 8],107,227,230,120,201
1,<environment.Job instance at 0x14eeb7b0da00>,71,2,[5 2],109,202,204,93,201
1,<environment.Job instance at 0x14eeb7b0d550>,72,2,[2 7],111,227,229,116,201
1,<environment.Job instance at 0x14eeb7b0da50>,73,3,[ 2 10],113,230,233,117,204
1,<environment.Job instance at 0x14eeb7b02b90>,74,1,[1 5],114,204,205,90,204
1,<environment.Job instance at 0x14eeb7b02780>,75,2,[1 9],115,233,235,118,206
1,<environment.Job instance at 0x14eeb7b02730>,76,17,[1 7],116,235,252,119,223
1,<environment.Job instance at 0x14eeb7b02550>,78,2,[1 5],119,231,233,112,231
1,<environment.Job instance at 0x14eeb7b025a0>,79,1,[7 2],120,238,239,118,238
1,<environment.Job instance at 0x14eeb7b02b40>,83,14,[ 1 10],126,252,266,126,238
1,<environment.Job instance at 0x14eeb7b79320>,23,1,[ 1 10],32,266,267,234,239
1,<environment.Job instance at 0x14eeb7b02f50>,85,3,[2 5],128,242,245,114,242
1,<environment.Job instance at 0x14eeb7b028c0>,86,14,[2 5],129,245,259,116,242
1,<environment.Job instance at 0x14eeb7b02910>,87,2,[7 1],130,242,244,112,242
1,<environment.Job instance at 0x14eeb7b02640>,84,1,[6 2],127,244,245,117,242
1,<environment.Job instance at 0x14eeb7b2f050>,91,27,[5 1],134,259,286,125,257
1,<environment.Job instance at 0x14eeb7b02870>,89,2,[12  1],132,286,288,154,270
1,<environment.Job instance at 0x14eeb7b2f960>,100,1,[6 2],148,289,290,141,289
1,<environment.Job instance at 0x14eeb7b2f550>,101,15,[2 7],149,289,304,140,289
1,<environment.Job instance at 0x14eeb7b2ff50>,102,2,[2 8],150,290,292,140,289
1,<environment.Job instance at 0x14eeb7b2f6e0>,103,12,[1 9],151,304,316,153,289
1,<environment.Job instance at 0x14eeb7b2f9b0>,104,14,[ 2 10],152,316,330,164,301
1,<environment.Job instance at 0x14eeb7bdf3c0>,18,1,[1 9],26,330,331,304,321
1,<environment.Job instance at 0x14eebca95050>,2,2,[10  2],3,3,5,0,3
1,<environment.Job instance at 0x14eeb7b02c30>,3,3,[2 6],4,4,7,0,4
1,<environment.Job instance at 0x14eea9fd5690>,4,2,[7 2],6,6,8,0,6
1,<environment.Job instance at 0x14eea9d54230>,5,1,[9 1],8,8,9,0,8
1,<environment.Job instance at 0x14eea9fd1500>,6,3,[1 9],9,9,12,0,9
1,<environment.Job instance at 0x14eea9fd1640>,7,26,[1 7],10,12,38,2,10
1,<environment.Job instance at 0x14eeadc36e10>,17,3,[13  2],22,24,27,2,24
1,<environment.Job instance at 0x14eebee6e550>,19,14,[ 2 10],24,38,52,14,25
1,<environment.Job instance at 0x14eea9fd10a0>,9,2,[2 6],14,27,29,13,26
1,<environment.Job instance at 0x14eea9ebf050>,31,1,[1 5],46,55,56,9,55
1,<environment.Job instance at 0x14eea9ebfa50>,33,1,[1 7],50,55,56,5,55
1,<environment.Job instance at 0x14eea9ebfeb0>,34,12,[6 1],51,85,97,34,85
1,<environment.Job instance at 0x14eeab00ca00>,38,2,[1 5],56,86,88,30,86
1,<environment.Job instance at 0x14eeab00caa0>,39,16,[1 7],57,86,102,29,86
1,<environment.Job instance at 0x14eeab00dd70>,40,2,[10  1],58,97,99,39,87
1,<environment.Job instance at 0x14eebca97870>,41,1,[12  2],60,99,100,39,91
1,<environment.Job instance at 0x14eebca977d0>,42,3,[2 5],62,91,94,29,91
1,<environment.Job instance at 0x14eea9f54c30>,43,3,[1 7],63,94,97,31,91
1,<environment.Job instance at 0x14eea9f54fa0>,44,3,[5 1],64,91,94,27,91
1,<environment.Job instance at 0x14eea9f54320>,45,1,[8 1],65,100,101,35,91
1,<environment.Job instance at 0x14eea9f54cd0>,46,1,[9 1],66,101,102,35,91
1,<environment.Job instance at 0x14eea9e833c0>,47,18,[1 8],67,102,120,35,91
1,<environment.Job instance at 0x14eea9ebf3c0>,32,2,[5 1],49,100,102,51,91
1,<environment.Job instance at 0x14eea9e83960>,50,1,[6 1],72,102,103,30,92
1,<environment.Job instance at 0x14eea9e07230>,51,1,[8 1],73,102,103,29,93
1,<environment.Job instance at 0x14eea9e07320>,52,22,[1 7],74,103,125,29,96
1,<environment.Job instance at 0x14eea9e07d70>,53,13,[9 2],77,120,133,43,104
1,<environment.Job instance at 0x14eea9ebffa0>,37,1,[ 1 13],55,125,126,70,118
1,<environment.Job instance at 0x14eeae1740a0>,55,2,[7 1],82,133,135,51,120
1,<environment.Job instance at 0x14eeae174410>,56,1,[1 8],84,126,127,42,120
1,<environment.Job instance at 0x14eeaa02a230>,61,1,[2 8],91,127,128,36,120
1,<environment.Job instance at 0x14eeaa030140>,69,2,[9 2],102,135,137,33,126
1,<environment.Job instance at 0x14eeaa030e10>,70,12,[1 8],103,128,140,25,126
1,<environment.Job instance at 0x14eeaa030320>,71,15,[2 6],105,137,152,32,132
1,<environment.Job instance at 0x14eea9e07e60>,54,18,[7 2],81,140,158,59,137
1,<environment.Job instance at 0x14eeaa0305a0>,73,18,[1 8],107,152,170,45,147
1,<environment.Job instance at 0x14eeb407aaa0>,23,15,[7 2],29,152,167,123,147
1,<environment.Job instance at 0x14eeaa030910>,78,1,[13  1],113,167,168,54,155
1,<environment.Job instance at 0x14eeaa030c80>,80,1,[2 7],116,168,169,52,155
1,<environment.Job instance at 0x14eeaa0309b0>,82,14,[ 1 10],119,170,184,51,155
1,<environment.Job instance at 0x14eeaa02c8c0>,83,2,[2 8],123,184,186,61,157
1,<environment.Job instance at 0x14eeaa030d20>,75,15,[10  2],110,169,184,59,157
1,<environment.Job instance at 0x14eea9ea7960>,95,16,[8 1],137,184,200,47,172
1,<environment.Job instance at 0x14eeaa030b90>,79,22,[7 2],115,186,208,71,179
1,<environment.Job instance at 0x14eea9ea7f00>,97,2,[ 1 10],139,200,202,61,179
1,<environment.Job instance at 0x14eea9ea72d0>,98,3,[2 7],140,202,205,62,179
1,<environment.Job instance at 0x14eeaa02ca50>,86,3,[10  2],126,208,211,82,182
1,<environment.Job instance at 0x14eea9ea7eb0>,100,3,[ 2 12],142,205,208,63,182
1,<environment.Job instance at 0x14eea9ea79b0>,96,1,[9 2],138,211,212,73,183
1,<environment.Job instance at 0x14eea9ea77d0>,103,2,[1 6],147,202,204,55,186
1,<environment.Job instance at 0x14eea9ed6e60>,104,1,[12  1],148,212,213,64,199
1,<environment.Job instance at 0x14eea9ed6eb0>,105,18,[2 8],149,208,226,59,199
1,<environment.Job instance at 0x14eea9ed6c30>,106,1,[7 1],153,200,201,47,199
1,<environment.Job instance at 0x14eea9ed6d20>,107,2,[2 5],154,208,210,54,199
1,<environment.Job instance at 0x14eea9ed6410>,108,1,[5 2],155,201,202,46,199
1,<environment.Job instance at 0x14eea9ed6640>,110,1,[2 5],157,204,205,47,199
1,<environment.Job instance at 0x14eea9ed69b0>,112,1,[1 5],159,210,211,51,199
1,<environment.Job instance at 0x14eeaa5c72d0>,1,2,[7 1],3,3,5,0,3
1,<environment.Job instance at 0x14eeaa5c7500>,2,2,[2 7],4,4,6,0,4
1,<environment.Job instance at 0x14eeaa5c7870>,3,1,[5 2],5,5,6,0,5
1,<environment.Job instance at 0x14eeb4015fa0>,4,1,[1 5],8,8,9,0,8
1,<environment.Job instance at 0x14eeb4ae46e0>,5,2,[6 1],9,10,12,1,10
1,<environment.Job instance at 0x14eeae136140>,7,2,[2 6],11,11,13,0,11
1,<environment.Job instance at 0x14eeaa5d2eb0>,8,1,[7 1],12,12,13,0,12
1,<environment.Job instance at 0x14eeb79c6960>,9,13,[1 8],13,13,26,0,13
1,<environment.Job instance at 0x14eeae130af0>,10,3,[ 2 10],14,26,29,12,14
1,<environment.Job instance at 0x14eeb79ccc30>,11,1,[1 7],15,15,16,0,15
1,<environment.Job instance at 0x14eeae1300f0>,12,18,[2 7],19,29,47,10,19
1,<environment.Job instance at 0x14eeb79cc050>,14,1,[2 9],22,47,48,25,22
1,<environment.Job instance at 0x14eeb79cc640>,15,2,[ 2 10],25,48,50,23,25
1,<environment.Job instance at 0x14eeae131aa0>,16,2,[7 1],26,26,28,0,26
1,<environment.Job instance at 0x14eefc19b0f0>,17,3,[1 5],27,28,31,1,27
1,<environment.Job instance at 0x14eeb79cc280>,18,2,[5 2],28,29,31,1,28
1,<environment.Job instance at 0x14eebcb876e0>,19,1,[10  2],29,31,32,2,29
1,<environment.Job instance at 0x14eebcb870f0>,20,1,[10  1],30,32,33,2,30
1,<environment.Job instance at 0x14eebcb877d0>,22,1,[8 2],33,34,35,1,34
1,<environment.Job instance at 0x14eebcb87870>,24,3,[9 2],36,38,41,2,38
1,<environment.Job instance at 0x14eeae132820>,26,1,[1 5],39,39,40,0,39
1,<environment.Job instance at 0x14eebcc6f500>,27,12,[10  1],41,41,53,0,41
1,<environment.Job instance at 0x14eeb40472d0>,28,15,[5 2],43,50,65,7,43
1,<environment.Job instance at 0x14eeaa5e5e10>,29,2,[10  1],46,53,55,7,46
1,<environment.Job instance at 0x14eeb4aef730>,30,1,[2 8],47,55,56,8,47
1,<environment.Job instance at 0x14eeb4aeff00>,31,2,[7 2],50,55,57,5,50
1,<environment.Job instance at 0x14eeb7b23a50>,33,17,[1 6],53,56,73,3,53
1,<environment.Job instance at 0x14eeb7ad9f50>,34,1,[2 9],54,65,66,11,54
1,<environment.Job instance at 0x14eeb4aef3c0>,35,2,[8 1],56,57,59,1,56
1,<environment.Job instance at 0x14eeb40195a0>,36,2,[9 2],58,59,61,1,58
1,<environment.Job instance at 0x14eebeb81be0>,37,2,[6 1],59,61,63,2,59
1,<environment.Job instance at 0x14eead174230>,38,3,[ 1 10],60,73,76,13,60
1,<environment.Job instance at 0x14eeacfec410>,39,1,[7 1],61,63,64,2,61
1,<environment.Job instance at 0x14eebcb79820>,40,2,[1 6],62,62,64,0,62
1,<environment.Job instance at 0x14eeb7bb5500>,41,2,[1 6],63,66,68,3,63
1,<environment.Job instance at 0x14eebedccb90>,42,3,[6 2],64,66,69,2,64
1,<environment.Job instance at 0x14eeadea9d20>,43,1,[10  1],66,69,70,3,66
1,<environment.Job instance at 0x14eead097140>,44,3,[6 2],67,70,73,3,67
1,<environment.Job instance at 0x14eeadd8a500>,45,1,[2 8],68,69,70,1,68
1,<environment.Job instance at 0x14eeadd8af00>,46,1,[6 1],70,70,71,0,70
1,<environment.Job instance at 0x14eeb7a32cd0>,47,1,[10  2],71,73,74,2,71
1,<environment.Job instance at 0x14eeb7b2faf0>,48,3,[7 1],73,74,77,1,73
1,<environment.Job instance at 0x14eeadd499b0>,49,3,[2 7],75,76,79,1,75
1,<environment.Job instance at 0x14eead207640>,50,1,[8 1],76,77,78,1,76
1,<environment.Job instance at 0x14eeadd49780>,51,13,[10  1],80,80,93,0,80
1,<environment.Job instance at 0x14eead109870>,52,12,[1 5],82,82,94,0,82
1,<environment.Job instance at 0x14eea9e58d70>,53,3,[2 7],83,83,86,0,83
1,<environment.Job instance at 0x14eeb7abe0a0>,54,18,[2 8],84,86,104,2,84
1,<environment.Job instance at 0x14eeadcdcb90>,55,2,[1 9],86,104,106,18,86
1,<environment.Job instance at 0x14eeaa086b40>,56,1,[1 8],87,106,107,19,87
1,<environment.Job instance at 0x14eeaa0860f0>,57,3,[ 1 10],88,107,110,19,88
1,<environment.Job instance at 0x14eeaac58f00>,58,2,[1 5],89,94,96,5,89
1,<environment.Job instance at 0x14eeb40a80a0>,59,17,[2 5],93,96,113,3,93
1,<environment.Job instance at 0x14eeadd453c0>,62,3,[7 2],98,98,101,0,98
1,<environment.Job instance at 0x14eeb4042140>,63,2,[2 6],100,110,112,10,100
1,<environment.Job instance at 0x14eead21a0a0>,64,2,[2 5],102,112,114,10,102
1,<environment.Job instance at 0x14eeaa826a00>,65,16,[ 2 10],103,113,129,10,103
1,<environment.Job instance at 0x14eeab004230>,66,1,[1 9],106,129,130,23,106
1,<environment.Job instance at 0x14eeab004b40>,67,18,[7 1],107,114,132,7,107
1,<environment.Job instance at 0x14eeaa826d70>,68,1,[1 7],108,130,131,22,108
1,<environment.Job instance at 0x14eea9f1a1e0>,72,12,[2 7],116,130,142,14,116
1,<environment.Job instance at 0x14eebcb875f0>,25,14,[9 2],38,132,146,94,117
1,<environment.Job instance at 0x14eeaa0f4d20>,82,3,[1 7],131,142,145,11,131
1,<environment.Job instance at 0x14eeb7bfa640>,83,15,[ 1 10],132,145,160,13,132
1,<environment.Job instance at 0x14eeaac78730>,89,3,[2 6],140,140,143,0,140
1,<environment.Job instance at 0x14eeaac780a0>,90,20,[5 1],141,143,163,2,141
1,<environment.Job instance at 0x14eeaac78fa0>,95,15,[8 1],149,159,174,10,159
1,<environment.Job instance at 0x14eeaac78a50>,96,1,[6 2],150,163,164,13,159
1,<environment.Job instance at 0x14eeaaccaa50>,97,1,[ 2 10],152,160,161,8,159
1,<environment.Job instance at 0x14eeaacca370>,98,2,[5 2],155,164,166,9,159
1,<environment.Job instance at 0x14eeaacca320>,99,14,[ 1 10],156,161,175,5,159
1,<environment.Job instance at 0x14eeaacca190>,101,3,[1 8],159,175,178,16,159
1,<environment.Job instance at 0x14eebcb87820>,23,2,[2 9],34,1778,1780,1744,1778
1,<environment.Job instance at 0x14eeae136410>,2,1,[2 9],4,4,5,0,4
1,<environment.Job instance at 0x14eead0393c0>,7,1,[1 5],12,20,21,8,20
1,<environment.Job instance at 0x14eeae137aa0>,12,1,[1 9],19,20,21,1,20
1,<environment.Job instance at 0x14eeaacfa870>,13,1,[2 9],20,21,22,1,20
1,<environment.Job instance at 0x14eeaacfac80>,14,1,[2 9],21,22,23,1,21
1,<environment.Job instance at 0x14eeb7b678c0>,15,14,[1 6],24,24,38,0,24
1,<environment.Job instance at 0x14eeb7b67e10>,16,2,[1 7],25,25,27,0,25
1,<environment.Job instance at 0x14eeb7b67b90>,17,1,[2 7],26,27,28,1,26
1,<environment.Job instance at 0x14eeb7b677d0>,18,2,[1 9],27,28,30,1,27
1,<environment.Job instance at 0x14eeb7b67e60>,19,16,[2 5],28,30,46,2,28
1,<environment.Job instance at 0x14eeb7b4f230>,22,2,[7 1],34,40,42,6,40
1,<environment.Job instance at 0x14eebcc2b410>,29,12,[5 1],47,47,59,0,47
1,<environment.Job instance at 0x14eebcc2bf50>,30,12,[ 2 10],48,48,60,0,48
1,<environment.Job instance at 0x14eead046af0>,31,1,[10  1],49,59,60,10,49
1,<environment.Job instance at 0x14eead046370>,32,24,[1 8],50,60,84,10,55
1,<environment.Job instance at 0x14eead046f00>,33,3,[1 7],51,60,63,9,55
1,<environment.Job instance at 0x14eead046a00>,36,1,[1 7],55,63,64,8,55
1,<environment.Job instance at 0x14eeae13b7d0>,38,3,[ 1 14],57,84,87,27,58
1,<environment.Job instance at 0x14eeae137910>,10,2,[6 1],15,64,66,49,61
1,<environment.Job instance at 0x14eeae13ac80>,39,3,[1 8],62,87,90,25,62
1,<environment.Job instance at 0x14eeae13a410>,41,1,[11  1],64,66,67,2,64
1,<environment.Job instance at 0x14eeae161140>,47,3,[1 8],72,90,93,18,73
1,<environment.Job instance at 0x14eeae161eb0>,49,2,[2 9],74,93,95,19,74
1,<environment.Job instance at 0x14eeae169780>,50,2,[2 8],75,95,97,20,75
1,<environment.Job instance at 0x14eeae169690>,51,1,[2 6],77,77,78,0,77
1,<environment.Job instance at 0x14eeae161730>,46,3,[6 1],70,77,80,7,77
1,<environment.Job instance at 0x14eeae1659b0>,56,3,[2 7],86,87,90,1,86
1,<environment.Job instance at 0x14eeae161820>,48,2,[5 1],73,90,92,17,87
1,<environment.Job instance at 0x14eeae165f50>,57,1,[10  1],87,92,93,5,87
1,<environment.Job instance at 0x14eeae1650f0>,58,15,[1 7],88,95,110,7,88
1,<environment.Job instance at 0x14eeae1653c0>,60,2,[2 9],90,110,112,20,90
1,<environment.Job instance at 0x14eebcc6f5f0>,71,1,[1 7],104,104,105,0,104
1,<environment.Job instance at 0x14eebcc6f690>,72,3,[1 6],105,105,108,0,105
1,<environment.Job instance at 0x14eebcc6f7d0>,73,2,[5 2],106,106,108,0,106
1,<environment.Job instance at 0x14eeaad076e0>,74,16,[8 1],108,108,124,0,108
1,<environment.Job instance at 0x14eeaac94690>,69,12,[ 2 10],101,112,124,11,108
1,<environment.Job instance at 0x14eeb7a4d050>,78,17,[ 1 14],112,124,141,12,112
1,<environment.Job instance at 0x14eebcc6f2d0>,70,3,[10  2],102,141,144,39,118
1,<environment.Job instance at 0x14ef001749b0>,79,2,[1 5],113,141,143,28,118
1,<environment.Job instance at 0x14eefc19b5f0>,81,3,[2 6],115,141,144,26,118
1,<environment.Job instance at 0x14eeb409d230>,84,2,[1 9],118,144,146,26,119
1,<environment.Job instance at 0x14eeb409d370>,85,2,[10  1],119,124,126,5,119
1,<environment.Job instance at 0x14eea9e90410>,86,1,[9 1],120,126,127,6,120
1,<environment.Job instance at 0x14eeadc3d820>,87,1,[8 1],121,127,128,6,121
1,<environment.Job instance at 0x14eeb409dc80>,83,2,[11  2],117,144,146,27,141
1,<environment.Job instance at 0x14eeab86a8c0>,91,3,[8 2],126,146,149,20,142
1,<environment.Job instance at 0x14eeadd9c0a0>,94,15,[7 2],130,158,173,28,158
1,<environment.Job instance at 0x14eeadea15f0>,92,12,[2 9],127,158,170,31,158
1,<environment.Job instance at 0x14eeb6776230>,95,1,[7 2],131,170,171,39,162
1,<environment.Job instance at 0x14eeaad95640>,97,1,[ 1 10],133,170,171,37,162
1,<environment.Job instance at 0x14eebcb4a960>,98,2,[2 6],134,171,173,37,162
1,<environment.Job instance at 0x14eeb7a15be0>,99,1,[ 2 10],135,173,174,38,162
1,<environment.Job instance at 0x14eeaa3eea50>,100,1,[2 9],137,174,175,37,162
1,<environment.Job instance at 0x14eeaa2165a0>,107,1,[2 7],151,171,172,20,171
1,<environment.Job instance at 0x14eead101f50>,108,2,[10  2],152,173,175,21,171
1,<environment.Job instance at 0x14eeaa216f00>,109,12,[8 1],154,175,187,21,173
1,<environment.Job instance at 0x14eeb6761730>,102,12,[2 8],144,175,187,31,173
1,<environment.Job instance at 0x14eea9e9fa00>,111,2,[7 1],159,187,189,28,173
1,<environment.Job instance at 0x14eea9e9f280>,110,1,[6 1],158,195,196,37,195
1,<environment.Job instance at 0x14eea9eba0a0>,2,2,[ 1 10],5,5,7,0,5
1,<environment.Job instance at 0x14eebcb5ef50>,4,2,[5 2],7,7,9,0,7
1,<environment.Job instance at 0x14eeb7afd500>,5,13,[ 2 12],10,10,23,0,10
1,<environment.Job instance at 0x14eeb7abdc80>,10,2,[10  2],17,18,20,1,18
1,<environment.Job instance at 0x14eeb7abd370>,12,2,[10  1],20,20,22,0,20
1,<environment.Job instance at 0x14eeb7abd320>,11,2,[ 2 14],18,23,25,5,20
1,<environment.Job instance at 0x14eeb7abd550>,15,16,[7 1],25,25,41,0,25
1,<environment.Job instance at 0x14eeb7abdc30>,9,2,[5 2],16,26,28,10,26
1,<environment.Job instance at 0x14eeb7abd4b0>,18,1,[5 2],28,28,29,0,28
1,<environment.Job instance at 0x14eeb7abd5a0>,19,13,[1 7],29,29,42,0,29
1,<environment.Job instance at 0x14eeaacfc4b0>,21,16,[1 6],31,33,49,2,33
1,<environment.Job instance at 0x14eeaacfca50>,24,1,[9 2],35,41,42,6,37
1,<environment.Job instance at 0x14eeaacfcd70>,26,1,[ 1 10],38,49,50,11,38
1,<environment.Job instance at 0x14eeaad09870>,27,1,[8 2],40,42,43,2,40
1,<environment.Job instance at 0x14eeaad09b90>,28,2,[2 7],41,42,44,1,41
1,<environment.Job instance at 0x14eeb401d0f0>,29,12,[2 7],43,50,62,7,43
1,<environment.Job instance at 0x14eead0f07d0>,30,20,[ 2 10],44,62,82,18,53
1,<environment.Job instance at 0x14eeb401d550>,32,12,[1 5],46,53,65,7,53
1,<environment.Job instance at 0x14eead0f0f00>,33,3,[8 2],47,53,56,6,53
1,<environment.Job instance at 0x14eeb401da50>,34,15,[7 2],48,65,80,17,53
1,<environment.Job instance at 0x14eebef3a140>,36,2,[2 5],52,80,82,28,63
1,<environment.Job instance at 0x14eeb40470a0>,39,2,[2 5],58,82,84,24,71
1,<environment.Job instance at 0x14eeb4047230>,40,3,[2 8],59,82,85,23,71
1,<environment.Job instance at 0x14eeb4047f00>,41,2,[1 9],61,85,87,24,71
1,<environment.Job instance at 0x14eead09d910>,42,1,[14  2],62,85,86,23,72
1,<environment.Job instance at 0x14eeb40479b0>,43,1,[8 2],63,82,83,19,72
1,<environment.Job instance at 0x14eebcb806e0>,44,3,[ 2 13],64,87,90,23,72
1,<environment.Job instance at 0x14eebcb80b40>,45,2,[7 1],66,83,85,17,72
1,<environment.Job instance at 0x14eeb40a8690>,46,2,[7 1],69,86,88,17,73
1,<environment.Job instance at 0x14eeaa0acb40>,47,17,[8 1],72,88,105,16,76
1,<environment.Job instance at 0x14eeaacfcfa0>,22,16,[7 1],33,90,106,57,79
1,<environment.Job instance at 0x14eeaa0ac1e0>,49,1,[7 2],74,86,87,12,79
1,<environment.Job instance at 0x14eeaa0ac690>,50,2,[ 1 10],75,105,107,30,79
1,<environment.Job instance at 0x14eeaa0acd20>,48,1,[6 1],73,79,80,6,79
1,<environment.Job instance at 0x14eeaa089230>,52,1,[2 6],77,84,85,7,79
1,<environment.Job instance at 0x14eead07a960>,53,3,[1 7],78,107,110,29,81
1,<environment.Job instance at 0x14eead34b960>,54,1,[8 2],80,106,107,26,98
1,<environment.Job instance at 0x14eead1dfaf0>,64,13,[1 6],99,107,120,8,99
1,<environment.Job instance at 0x14eead1df410>,65,12,[1 5],100,110,122,10,100
1,<environment.Job instance at 0x14eead1df6e0>,66,2,[9 2],101,107,109,6,101
1,<environment.Job instance at 0x14eead1d2be0>,67,16,[ 2 10],103,120,136,17,107
1,<environment.Job instance at 0x14eead1d2050>,68,3,[7 2],105,109,112,4,107
1,<environment.Job instance at 0x14eead1d2190>,69,2,[ 2 10],107,136,138,29,109
1,<environment.Job instance at 0x14eead1c7d70>,70,2,[1 5],108,122,124,14,109
1,<environment.Job instance at 0x14eead1c7af0>,71,1,[10  2],109,112,113,3,109
1,<environment.Job instance at 0x14ef003cc4b0>,72,2,[ 1 10],110,138,140,28,111
1,<environment.Job instance at 0x14eeb7bf8960>,73,22,[9 1],111,124,146,13,117
1,<environment.Job instance at 0x14eebca959b0>,76,15,[ 1 12],114,140,155,26,126
1,<environment.Job instance at 0x14eeaac55410>,77,2,[1 7],115,155,157,40,128
1,<environment.Job instance at 0x14eeaa137cd0>,80,18,[1 9],118,157,175,39,146
1,<environment.Job instance at 0x14eeaac55e10>,81,3,[10  1],119,146,149,27,146
1,<environment.Job instance at 0x14eebcb4b190>,82,17,[1 9],121,175,192,54,163
1,<environment.Job instance at 0x14eebedf69b0>,83,2,[2 5],122,163,165,41,163
1,<environment.Job instance at 0x14eeab0017d0>,84,23,[6 1],123,163,186,40,163
1,<environment.Job instance at 0x14eeadcb2e60>,85,2,[2 6],124,186,188,62,163
1,<environment.Job instance at 0x14eeab001c30>,86,14,[2 5],125,165,179,40,163
1,<environment.Job instance at 0x14eebcb8c4b0>,88,13,[1 7],127,192,205,65,176
1,<environment.Job instance at 0x14eeaa244eb0>,89,3,[11  1],128,188,191,60,176
1,<environment.Job instance at 0x14eeaa22aaf0>,90,2,[8 2],129,179,181,50,176
1,<environment.Job instance at 0x14eea9de01e0>,91,13,[1 8],131,192,205,61,176
1,<environment.Job instance at 0x14eebca9b460>,92,2,[8 2],132,181,183,49,176
1,<environment.Job instance at 0x14eead05d5a0>,93,3,[7 1],133,183,186,50,176
1,<environment.Job instance at 0x14eeb7ad5a50>,94,1,[1 8],135,205,206,70,177
1,<environment.Job instance at 0x14eeadcd23c0>,95,1,[8 2],136,191,192,55,177
1,<environment.Job instance at 0x14eeae132be0>,96,3,[1 8],140,206,209,66,180
1,<environment.Job instance at 0x14eeacef3f00>,97,1,[2 6],143,205,206,62,180
1,<environment.Job instance at 0x14eeaddd9320>,98,1,[2 7],145,206,207,61,180
1,<environment.Job instance at 0x14eea9ef0f50>,99,1,[7 1],146,205,206,59,180
1,<environment.Job instance at 0x14eebcabbd20>,101,2,[2 6],150,207,209,57,181
1,<environment.Job instance at 0x14eeb7b576e0>,102,14,[1 8],151,209,223,58,194
1,<environment.Job instance at 0x14eead039370>,104,2,[10  2],153,209,211,56,194
1,<environment.Job instance at 0x14eebcb11370>,106,2,[ 1 10],156,223,225,67,196
1,<environment.Job instance at 0x14eeb7ac1820>,107,3,[2 6],157,211,214,54,196
1,<environment.Job instance at 0x14eeb7ac1af0>,108,2,[1 9],158,225,227,67,198
1,<environment.Job instance at 0x14eeaa2ebaf0>,109,3,[2 8],159,227,230,68,201
1,<environment.Job instance at 0x14eeaacfc500>,25,3,[6 1],37,2086,2089,2049,2086
1,<environment.Job instance at 0x14eeaa2fefa0>,1,2,[2 8],2,2,4,0,2
1,<environment.Job instance at 0x14eead2c16e0>,3,2,[2 6],4,4,6,0,4
1,<environment.Job instance at 0x14eeaa2fed20>,6,2,[2 9],9,9,11,0,9
1,<environment.Job instance at 0x14eead2c9280>,7,2,[5 1],10,10,12,0,10
1,<environment.Job instance at 0x14eead2c9d70>,8,3,[ 2 12],11,11,14,0,11
1,<environment.Job instance at 0x14eead2c9320>,9,2,[1 5],12,14,16,2,12
1,<environment.Job instance at 0x14eebe55a6e0>,11,3,[ 2 10],15,15,18,0,15
1,<environment.Job instance at 0x14eebe55afa0>,12,19,[10  1],17,20,39,3,20
1,<environment.Job instance at 0x14eeaddbc9b0>,13,2,[1 9],19,20,22,1,20
1,<environment.Job instance at 0x14eeae185d70>,15,2,[ 2 10],22,22,24,0,22
1,<environment.Job instance at 0x14eeb402fc30>,16,3,[2 9],23,24,27,1,23
1,<environment.Job instance at 0x14eead29bf00>,17,13,[2 7],25,27,40,2,25
1,<environment.Job instance at 0x14eead256f00>,18,3,[10  2],26,39,42,13,26
1,<environment.Job instance at 0x14eead256a00>,19,14,[2 9],27,40,54,13,37
1,<environment.Job instance at 0x14eeaac5fe10>,27,1,[1 5],38,42,43,4,41
1,<environment.Job instance at 0x14eead2925f0>,30,17,[5 2],42,47,64,5,47
1,<environment.Job instance at 0x14eeadd49320>,34,12,[2 6],46,54,66,8,47
1,<environment.Job instance at 0x14eebe537d20>,35,13,[5 1],47,76,89,29,76
1,<environment.Job instance at 0x14eeb404f730>,41,22,[6 2],54,76,98,22,76
1,<environment.Job instance at 0x14eeb404fc30>,42,3,[ 1 10],55,76,79,21,76
1,<environment.Job instance at 0x14eeb404f550>,43,15,[ 1 10],56,79,94,23,76
1,<environment.Job instance at 0x14eeb404f370>,44,2,[2 9],57,94,96,37,77
1,<environment.Job instance at 0x14eeb404f410>,45,1,[12  2],58,98,99,40,82
1,<environment.Job instance at 0x14eebcbb8f50>,46,2,[1 6],59,96,98,37,82
1,<environment.Job instance at 0x14eeadd000f0>,48,3,[6 2],62,89,92,27,83
1,<environment.Job instance at 0x14eeadd00370>,49,1,[2 9],63,98,99,35,83
1,<environment.Job instance at 0x14eeadd00820>,50,2,[8 2],66,92,94,26,83
1,<environment.Job instance at 0x14eeadd00460>,51,1,[1 5],69,96,97,27,84
1,<environment.Job instance at 0x14eeadd00b40>,52,2,[6 2],70,94,96,24,84
1,<environment.Job instance at 0x14eeadd00730>,53,2,[5 1],72,96,98,24,84
1,<environment.Job instance at 0x14eeadd49cd0>,33,2,[2 7],45,99,101,54,87
1,<environment.Job instance at 0x14eebcae20f0>,56,14,[1 6],80,99,113,19,87
1,<environment.Job instance at 0x14eebcae2460>,57,2,[2 5],81,101,103,20,87
1,<environment.Job instance at 0x14eebcae2230>,58,12,[9 1],82,99,111,17,87
1,<environment.Job instance at 0x14eebcae2d20>,59,2,[6 2],83,111,113,28,87
1,<environment.Job instance at 0x14eebcae2960>,60,2,[1 8],84,103,105,19,87
1,<environment.Job instance at 0x14eebcae2a00>,55,3,[8 2],77,111,114,34,87
1,<environment.Job instance at 0x14eeab8522d0>,63,12,[2 8],88,113,125,25,97
1,<environment.Job instance at 0x14eebcae26e0>,61,21,[2 5],85,113,134,28,105
1,<environment.Job instance at 0x14eeab8529b0>,65,3,[2 7],90,105,108,15,105
1,<environment.Job instance at 0x14eeab852af0>,64,2,[10  2],89,114,116,25,105
1,<environment.Job instance at 0x14eeab852410>,67,3,[5 2],94,108,111,14,105
1,<environment.Job instance at 0x14eeab852280>,68,2,[1 7],95,125,127,30,105
1,<environment.Job instance at 0x14eea9eb9910>,69,3,[8 1],96,116,119,20,105
1,<environment.Job instance at 0x14eea9eb9190>,70,2,[2 5],99,127,129,28,105
1,<environment.Job instance at 0x14eea9eb9e60>,71,1,[10  2],100,119,120,19,105
1,<environment.Job instance at 0x14eea9eb9b90>,72,3,[2 8],101,129,132,28,105
1,<environment.Job instance at 0x14eea9eb93c0>,73,3,[6 1],102,120,123,18,105
1,<environment.Job instance at 0x14eea9eb9d70>,74,14,[2 9],103,132,146,29,117
1,<environment.Job instance at 0x14eea9eb98c0>,75,16,[2 5],104,134,150,30,121
1,<environment.Job instance at 0x14eeaa33ec30>,76,1,[1 9],106,146,147,40,121
1,<environment.Job instance at 0x14eeadd23690>,77,3,[7 2],107,123,126,16,121
1,<environment.Job instance at 0x14eea9eb97d0>,78,1,[1 7],108,147,148,39,121
1,<environment.Job instance at 0x14eeb401d500>,79,1,[8 2],109,126,127,17,121
1,<environment.Job instance at 0x14eeb401d230>,80,3,[ 1 10],110,148,151,38,122
1,<environment.Job instance at 0x14eeb401d640>,81,3,[ 1 12],111,151,154,40,125
1,<environment.Job instance at 0x14eeb401daf0>,82,2,[10  1],112,127,129,15,125
1,<environment.Job instance at 0x14eeb401dc80>,83,3,[2 5],113,154,157,41,128
1,<environment.Job instance at 0x14eeb401d5f0>,84,3,[5 1],114,129,132,15,128
1,<environment.Job instance at 0x14eeb401d9b0>,85,1,[9 2],118,147,148,29,128
1,<environment.Job instance at 0x14eeb401dd20>,86,15,[5 2],120,150,165,30,143
1,<environment.Job instance at 0x14eeb404f1e0>,40,2,[14  1],53,165,167,112,143
1,<environment.Job instance at 0x14eeb401dcd0>,88,1,[9 2],123,150,151,27,143
1,<environment.Job instance at 0x14eeb401d410>,89,2,[ 1 11],125,157,159,32,143
1,<environment.Job instance at 0x14eeae1a54b0>,90,2,[7 2],127,154,156,27,143
1,<environment.Job instance at 0x14eebcb1a910>,93,1,[ 1 10],130,159,160,29,143
1,<environment.Job instance at 0x14eebcb1ac80>,94,16,[ 2 10],131,167,183,36,154
1,<environment.Job instance at 0x14eebcb1a2d0>,95,3,[2 6],132,160,163,28,154
1,<environment.Job instance at 0x14eebcb1ab90>,96,27,[1 5],135,160,187,25,158
1,<environment.Job instance at 0x14eebcb1a370>,97,2,[2 5],137,163,165,26,158
1,<environment.Job instance at 0x14eebcb1a9b0>,98,2,[8 2],138,158,160,20,158
1,<environment.Job instance at 0x14eebcb1a960>,99,14,[ 1 11],140,187,201,47,172
1,<environment.Job instance at 0x14eebcb1a460>,100,12,[2 9],142,201,213,59,184
1,<environment.Job instance at 0x14eebcb1aeb0>,101,3,[2 6],143,184,187,41,184
1,<environment.Job instance at 0x14eebcb1a820>,102,18,[9 1],145,184,202,39,184
1,<environment.Job instance at 0x14eebcb1aa50>,103,3,[14  2],146,213,216,67,187
1,<environment.Job instance at 0x14eebcb1ae60>,104,2,[8 2],148,202,204,54,187
1,<environment.Job instance at 0x14eebcb1ad20>,106,16,[1 7],150,213,229,63,200
1,<environment.Job instance at 0x14eebcb1a0f0>,107,13,[5 1],151,216,229,65,200
1,<environment.Job instance at 0x14eebcb1ad70>,108,12,[8 1],152,216,228,64,200
1,<environment.Job instance at 0x14eeaa2b1d20>,109,3,[6 2],153,204,207,51,200
1,<environment.Job instance at 0x14eeaa2b1b40>,110,3,[7 1],154,204,207,50,200
1,<environment.Job instance at 0x14eeaa2b1fa0>,111,17,[1 7],155,228,245,73,216
1,<environment.Job instance at 0x14eead281550>,2,1,[9 1],4,4,5,0,4
1,<environment.Job instance at 0x14eeaa25f550>,3,2,[5 2],5,5,7,0,5
1,<environment.Job instance at 0x14eeaa4b2320>,4,3,[5 2],7,7,10,0,7
1,<environment.Job instance at 0x14eeb7a45550>,6,12,[2 8],9,9,21,0,9
1,<environment.Job instance at 0x14eeb7a45b90>,7,3,[1 9],10,21,24,11,11
1,<environment.Job instance at 0x14eeaa25f5a0>,8,3,[1 6],14,15,18,1,15
1,<environment.Job instance at 0x14eeb7a45500>,10,27,[ 2 10],16,24,51,8,22
1,<environment.Job instance at 0x14eeaa26faf0>,14,2,[2 7],21,51,53,30,24
1,<environment.Job instance at 0x14eeb7a45be0>,15,15,[10  2],23,24,39,1,24
1,<environment.Job instance at 0x14eea9f3f780>,16,2,[1 5],24,39,41,15,24
1,<environment.Job instance at 0x14eeaa272050>,18,19,[2 5],26,41,60,15,31
1,<environment.Job instance at 0x14eebcb3d1e0>,19,3,[1 9],27,53,56,26,31
1,<environment.Job instance at 0x14eeaa272780>,20,2,[9 2],28,51,53,23,31
1,<environment.Job instance at 0x14eeb7a05140>,21,3,[7 1],29,53,56,24,31
1,<environment.Job instance at 0x14eeaa272cd0>,22,3,[2 7],30,56,59,26,31
1,<environment.Job instance at 0x14eeade0daf0>,23,2,[9 2],31,56,58,25,31
1,<environment.Job instance at 0x14eeaa272190>,24,3,[ 1 14],32,60,63,28,34
1,<environment.Job instance at 0x14eead0b8b40>,25,1,[2 9],34,59,60,25,34
1,<environment.Job instance at 0x14eea9dfa500>,26,1,[1 8],36,63,64,27,36
1,<environment.Job instance at 0x14eea9dfabe0>,27,14,[1 8],37,64,78,27,49
1,<environment.Job instance at 0x14eead3d1b90>,28,2,[ 1 10],38,78,80,40,51
1,<environment.Job instance at 0x14eead3d1280>,29,3,[8 2],39,63,66,24,51
1,<environment.Job instance at 0x14eead3d1aa0>,30,12,[6 2],41,63,75,22,62
1,<environment.Job instance at 0x14eead3d9280>,42,1,[5 2],57,66,67,9,62
1,<environment.Job instance at 0x14eead3d9e60>,43,27,[5 1],59,67,94,8,65
1,<environment.Job instance at 0x14eead0cad20>,44,3,[2 7],62,80,83,18,65
1,<environment.Job instance at 0x14eead0df0f0>,45,2,[8 1],63,75,77,12,65
1,<environment.Job instance at 0x14eead0dfcd0>,46,25,[ 1 10],64,83,108,19,79
1,<environment.Job instance at 0x14eead0c5d70>,47,2,[1 9],66,108,110,42,81
1,<environment.Job instance at 0x14eead0c50f0>,48,3,[1 6],67,108,111,41,82
1,<environment.Job instance at 0x14eead0c5500>,49,3,[1 9],68,110,113,42,84
1,<environment.Job instance at 0x14eead0c5b90>,50,2,[2 7],72,113,115,41,86
1,<environment.Job instance at 0x14eead0c51e0>,51,2,[9 1],75,86,88,11,86
1,<environment.Job instance at 0x14eead0a2e60>,52,1,[1 8],77,113,114,36,86
1,<environment.Job instance at 0x14eead0a2f50>,53,2,[9 1],78,88,90,10,86
1,<environment.Job instance at 0x14eead0a29b0>,54,2,[1 8],80,114,116,34,87
1,<environment.Job instance at 0x14eead0a2a00>,55,2,[9 1],81,90,92,9,87
1,<environment.Job instance at 0x14eead0c2690>,56,23,[2 9],83,116,139,33,110
1,<environment.Job instance at 0x14eead0a2370>,57,14,[ 1 13],84,139,153,55,124
1,<environment.Job instance at 0x14eead0c2c80>,58,12,[1 7],85,153,165,68,136
1,<environment.Job instance at 0x14eead0c2780>,59,24,[8 1],86,136,160,50,136
1,<environment.Job instance at 0x14eeb7a45140>,9,3,[2 5],15,136,139,121,136
1,<environment.Job instance at 0x14eeadeae320>,64,2,[ 1 10],92,165,167,73,138
1,<environment.Job instance at 0x14eeadeaee60>,65,2,[1 5],94,153,155,59,138
1,<environment.Job instance at 0x14eead0c2dc0>,60,1,[6 2],87,155,156,68,138
1,<environment.Job instance at 0x14eeadeaec80>,67,14,[2 9],98,167,181,69,152
1,<environment.Job instance at 0x14eeadeae690>,68,2,[1 6],99,156,158,57,152
1,<environment.Job instance at 0x14eeadeae7d0>,69,3,[1 9],101,181,184,80,155
1,<environment.Job instance at 0x14eeadeae230>,70,1,[10  1],102,160,161,58,155
1,<environment.Job instance at 0x14eeadeae1e0>,71,3,[5 1],103,156,159,53,155
1,<environment.Job instance at 0x14eeadeaeb40>,72,2,[8 1],104,161,163,57,155
1,<environment.Job instance at 0x14eeadeaeaf0>,73,3,[ 2 10],105,184,187,79,158
1,<environment.Job instance at 0x14eeadeae190>,74,1,[ 1 12],107,187,188,80,159
1,<environment.Job instance at 0x14eeadeae3c0>,75,1,[ 1 10],108,188,189,80,160
1,<environment.Job instance at 0x14eeadeae5f0>,76,18,[1 9],109,189,207,80,178
1,<environment.Job instance at 0x14eeadeaeaa0>,77,12,[1 9],111,207,219,96,190
1,<environment.Job instance at 0x14eeadeaeb90>,78,3,[1 9],112,219,222,107,193
1,<environment.Job instance at 0x14eeadeae8c0>,79,18,[5 2],113,193,211,80,193
1,<environment.Job instance at 0x14eeaad60690>,82,17,[2 7],118,222,239,104,210
1,<environment.Job instance at 0x14eeaad60f00>,83,2,[1 6],119,211,213,92,210
1,<environment.Job instance at 0x14eeaad60aa0>,84,18,[5 2],120,213,231,93,210
1,<environment.Job instance at 0x14eeaad60280>,85,1,[6 2],121,210,211,89,210
1,<environment.Job instance at 0x14eeaad60190>,86,2,[1 7],123,231,233,108,210
1,<environment.Job instance at 0x14eeaad60a50>,87,17,[5 1],124,213,230,89,210
1,<environment.Job instance at 0x14eeaad605a0>,88,2,[2 8],125,233,235,108,210
1,<environment.Job instance at 0x14eeaad60f50>,89,1,[6 1],126,230,231,104,210
1,<environment.Job instance at 0x14eeaad60dc0>,90,3,[8 2],127,235,238,108,210
1,<environment.Job instance at 0x14eeaad602d0>,91,17,[1 8],128,238,255,110,226
1,<environment.Job instance at 0x14eeaad60e60>,92,18,[8 1],129,239,257,110,228
1,<environment.Job instance at 0x14eeaad601e0>,93,1,[5 2],131,235,236,104,228
1,<environment.Job instance at 0x14eeaad60640>,94,13,[1 9],132,255,268,123,239
1,<environment.Job instance at 0x14eeaad608c0>,95,15,[2 9],133,268,283,135,254
1,<environment.Job instance at 0x14eeaad60be0>,96,2,[2 6],134,257,259,123,254
1,<environment.Job instance at 0x14eeaad60fa0>,97,1,[13  2],135,259,260,124,254
1,<environment.Job instance at 0x14eeadcafaa0>,98,3,[2 6],137,260,263,123,254
1,<environment.Job instance at 0x14eeadcaf2d0>,99,17,[14  2],138,283,300,145,272
1,<environment.Job instance at 0x14eeadcaf3c0>,100,18,[1 8],139,283,301,144,272
1,<environment.Job instance at 0x14eeadcaf7d0>,101,1,[1 6],140,272,273,132,272
1,<environment.Job instance at 0x14eeadcaf370>,102,16,[1 7],141,300,316,159,287
1,<environment.Job instance at 0x14eeadcaffa0>,103,3,[2 5],142,301,304,159,287
1,<environment.Job instance at 0x14eeadcaf4b0>,104,3,[1 7],144,304,307,160,287
1,<environment.Job instance at 0x14eeadcaf140>,105,2,[9 2],145,301,303,156,287
1,<environment.Job instance at 0x14eeadcafc80>,106,2,[7 1],146,303,305,157,287
1,<environment.Job instance at 0x14eeadcaf6e0>,107,1,[1 8],147,307,308,160,287
1,<environment.Job instance at 0x14eeadcafb90>,108,1,[8 1],148,305,306,157,287
1,<environment.Job instance at 0x14eeadcaf820>,110,2,[1 6],150,308,310,158,288
1,<environment.Job instance at 0x14eeadcaf550>,111,2,[7 2],152,308,310,156,288
1,<environment.Job instance at 0x14eeadcafe10>,112,1,[ 2 10],153,316,317,163,288
1,<environment.Job instance at 0x14eeadea9190>,114,2,[2 6],157,310,312,153,294
1,<environment.Job instance at 0x14eeadea9a50>,115,15,[10  2],158,310,325,152,306
1,<environment.Job instance at 0x14eeadea9c30>,116,2,[6 2],159,325,327,166,306
1,<environment.Job instance at 0x14eeaa8408c0>,2,1,[1 9],3,3,4,0,3
1,<environment.Job instance at 0x14eeaa3c1b90>,3,1,[1 8],4,4,5,0,4
1,<environment.Job instance at 0x14eeaa3c17d0>,5,1,[10  1],7,10,11,3,10
1,<environment.Job instance at 0x14eea9de3230>,8,20,[9 2],11,11,31,0,11
1,<environment.Job instance at 0x14eea9de3e10>,10,1,[2 7],15,15,16,0,15
1,<environment.Job instance at 0x14eea9de3af0>,11,1,[1 8],16,16,17,0,16
1,<environment.Job instance at 0x14eea9de3dc0>,12,1,[7 1],17,31,32,14,17
1,<environment.Job instance at 0x14eea9de3b90>,9,2,[8 2],13,31,33,18,18
1,<environment.Job instance at 0x14eea9de39b0>,13,3,[5 2],18,18,21,0,18
1,<environment.Job instance at 0x14eeaa3c1b40>,1,1,[7 2],2,32,33,30,20
1,<environment.Job instance at 0x14eea9de3c30>,16,1,[2 5],21,21,22,0,21
1,<environment.Job instance at 0x14eea9d51190>,14,1,[10  1],19,33,34,14,21
1,<environment.Job instance at 0x14eea9eeb190>,17,2,[ 1 10],22,22,24,0,22
1,<environment.Job instance at 0x14eeaa26eaf0>,19,1,[8 2],24,34,35,10,24
1,<environment.Job instance at 0x14eebeb8efa0>,18,2,[2 8],23,24,26,1,24
1,<environment.Job instance at 0x14eebeb8ecd0>,21,1,[5 2],30,30,31,0,30
1,<environment.Job instance at 0x14eebeb8e370>,22,1,[9 2],31,35,36,4,31
1,<environment.Job instance at 0x14eeb7be79b0>,23,2,[8 2],32,36,38,4,32
1,<environment.Job instance at 0x14eeab8675a0>,24,1,[6 2],33,34,35,1,33
1,<environment.Job instance at 0x14eeab867190>,25,3,[ 2 10],35,35,38,0,35
1,<environment.Job instance at 0x14eebcb13780>,26,18,[ 2 11],36,38,56,2,36
1,<environment.Job instance at 0x14eeaa5c77d0>,15,1,[ 1 10],20,56,57,36,37
1,<environment.Job instance at 0x14eeaa2eb320>,27,2,[8 2],38,38,40,0,38
1,<environment.Job instance at 0x14eeacf13f00>,28,1,[7 2],39,40,41,1,39
1,<environment.Job instance at 0x14eead246fa0>,29,25,[2 5],40,56,81,16,52
1,<environment.Job instance at 0x14eeb7ac54b0>,31,17,[7 1],42,57,74,15,52
1,<environment.Job instance at 0x14eead246640>,30,3,[1 8],41,57,60,16,52
1,<environment.Job instance at 0x14eeade20f00>,20,2,[6 1],27,52,54,25,52
1,<environment.Job instance at 0x14eeb7ac5c30>,33,1,[8 2],44,54,55,10,52
1,<environment.Job instance at 0x14eeb7ac5410>,35,2,[6 1],46,52,54,6,52
1,<environment.Job instance at 0x14eeb7ac58c0>,36,3,[6 2],47,60,63,13,56
1,<environment.Job instance at 0x14eeacef7780>,42,18,[2 8],58,67,85,9,67
1,<environment.Job instance at 0x14eeaa3c1730>,6,1,[6 2],8,74,75,66,67
1,<environment.Job instance at 0x14eeacef7730>,46,2,[2 6],64,81,83,17,67
1,<environment.Job instance at 0x14eeacef7fa0>,48,18,[5 2],66,83,101,17,72
1,<environment.Job instance at 0x14eeacef75f0>,50,27,[5 1],68,75,102,7,73
1,<environment.Job instance at 0x14eeaafda8c0>,51,3,[5 2],70,85,88,15,73
1,<environment.Job instance at 0x14eeaafdaf00>,52,2,[2 9],72,88,90,16,73
1,<environment.Job instance at 0x14eeaafda230>,53,27,[9 2],73,101,128,28,99
1,<environment.Job instance at 0x14eeaafdaa50>,55,2,[2 9],76,99,101,23,99
1,<environment.Job instance at 0x14eeaafdacd0>,57,18,[1 6],80,101,119,21,100
1,<environment.Job instance at 0x14eeaafdad20>,58,2,[10  1],82,128,130,46,101
1,<environment.Job instance at 0x14eeaafda910>,60,1,[2 9],84,119,120,35,101
1,<environment.Job instance at 0x14eeacef7f00>,47,1,[10  2],65,130,131,65,102
1,<environment.Job instance at 0x14eeaafda6e0>,62,3,[ 1 12],89,120,123,31,102
1,<environment.Job instance at 0x14eeaafda960>,61,1,[7 2],86,131,132,45,103
1,<environment.Job instance at 0x14eeaafda050>,64,1,[1 8],95,123,124,28,103
1,<environment.Job instance at 0x14eeb7abc190>,69,20,[9 1],105,132,152,27,123
1,<environment.Job instance at 0x14eeb7abceb0>,70,1,[9 1],106,152,153,46,124
1,<environment.Job instance at 0x14eeb7abc140>,71,1,[2 9],108,124,125,16,124
1,<environment.Job instance at 0x14eeb7abc730>,72,1,[1 7],109,125,126,16,124
1,<environment.Job instance at 0x14eeb7abcaf0>,73,18,[2 6],110,125,143,15,124
1,<environment.Job instance at 0x14eeb7abc910>,74,2,[7 2],112,153,155,41,126
1,<environment.Job instance at 0x14eeb7abc230>,75,2,[2 5],113,126,128,13,126
1,<environment.Job instance at 0x14eeb7abc6e0>,76,3,[2 6],114,128,131,14,126
1,<environment.Job instance at 0x14eeaddd0a50>,77,15,[1 6],116,131,146,15,126
1,<environment.Job instance at 0x14eeaddd0aa0>,78,3,[8 2],117,153,156,36,127
1,<environment.Job instance at 0x14eeaddd0b40>,79,2,[2 7],118,143,145,25,127
1,<environment.Job instance at 0x14eeaddd0be0>,80,2,[2 8],120,145,147,25,127
1,<environment.Job instance at 0x14eeaddd0730>,81,1,[6 2],122,147,148,25,127
1,<environment.Job instance at 0x14eeaddd0820>,82,3,[1 6],123,148,151,25,127
1,<environment.Job instance at 0x14eeaddd0780>,83,1,[2 6],124,146,147,22,127
1,<environment.Job instance at 0x14eeaddd0140>,84,2,[ 2 10],125,151,153,26,127
1,<environment.Job instance at 0x14eeb7b3c4b0>,86,2,[10  1],128,156,158,28,138
1,<environment.Job instance at 0x14eeb7b3c8c0>,87,3,[ 2 10],129,155,158,26,138
1,<environment.Job instance at 0x14eeb7b3cd20>,88,3,[5 1],130,148,151,18,138
1,<environment.Job instance at 0x14eeb7b3c050>,89,1,[9 1],131,158,159,27,138
1,<environment.Job instance at 0x14eeb7b3ccd0>,90,1,[2 7],133,158,159,25,138
1,<environment.Job instance at 0x14eeb7b3c460>,91,2,[8 1],134,159,161,25,138
1,<environment.Job instance at 0x14eeb7b3c5a0>,92,3,[9 2],135,161,164,26,138
1,<environment.Job instance at 0x14eeaddc9be0>,93,17,[ 2 10],136,159,176,23,147
1,<environment.Job instance at 0x14eeaddc9820>,94,17,[5 2],138,164,181,26,152
1,<environment.Job instance at 0x14eeaddc9f00>,95,1,[2 9],139,176,177,37,152
1,<environment.Job instance at 0x14eeaddc9460>,96,3,[ 1 10],140,177,180,37,152
1,<environment.Job instance at 0x14eeaddc94b0>,97,1,[1 9],141,180,181,39,152
1,<environment.Job instance at 0x14eeaddc9a00>,98,3,[7 2],142,164,167,22,152
1,<environment.Job instance at 0x14eeaddc98c0>,99,15,[7 2],143,167,182,24,153
1,<environment.Job instance at 0x14eeaddc9d20>,100,3,[ 1 10],145,181,184,36,155
1,<environment.Job instance at 0x14eeaddc9500>,101,2,[5 2],148,159,161,11,155
1,<environment.Job instance at 0x14eeaddc9aa0>,102,19,[9 2],150,182,201,32,172
1,<environment.Job instance at 0x14eeb7a80780>,103,3,[2 6],151,184,187,33,172
1,<environment.Job instance at 0x14eeb7a800a0>,106,1,[1 7],154,184,185,30,173
1,<environment.Job instance at 0x14eeb7a80820>,107,2,[9 2],155,201,203,46,174
1,<environment.Job instance at 0x14eeb7a80aa0>,108,1,[ 1 11],156,187,188,31,174
1,<environment.Job instance at 0x14eeb7a80d70>,109,2,[1 9],158,188,190,30,174
1,<environment.Job instance at 0x14eeb7a80c30>,110,2,[2 6],159,185,187,26,174
1,<environment.Job instance at 0x14eebcc38230>,16,18,[2 7],25,76,94,51,76
1,<environment.Job instance at 0x14eebcc38870>,15,3,[ 1 10],24,94,97,70,78
1,<environment.Job instance at 0x14eebcc385f0>,18,16,[2 8],27,78,94,51,78
1,<environment.Job instance at 0x14eeadd46be0>,19,3,[1 7],28,97,100,69,78
1,<environment.Job instance at 0x14eeaa0c9c80>,20,1,[2 6],29,97,98,68,78
1,<environment.Job instance at 0x14eead18baa0>,21,3,[2 9],30,100,103,70,78
1,<environment.Job instance at 0x14eebcc387d0>,22,2,[2 6],31,98,100,67,78
1,<environment.Job instance at 0x14eeadd22460>,23,1,[2 6],32,100,101,68,78
1,<environment.Job instance at 0x14eebee77140>,24,1,[7 2],34,94,95,60,78
1,<environment.Job instance at 0x14eeaa5e5550>,25,2,[2 6],35,101,103,66,78
1,<environment.Job instance at 0x14eebcc38c30>,26,1,[10  1],36,95,96,59,79
1,<environment.Job instance at 0x14eeaa5e5b90>,27,3,[8 2],37,96,99,59,81
1,<environment.Job instance at 0x14eeaa5e5640>,28,3,[ 2 13],38,103,106,65,81
1,<environment.Job instance at 0x14eebcc30870>,8,2,[1 5],16,106,108,90,83
1,<environment.Job instance at 0x14eeaa5d95a0>,30,1,[1 5],40,106,107,66,83
1,<environment.Job instance at 0x14eeaa5d92d0>,31,2,[2 5],41,106,108,65,83
1,<environment.Job instance at 0x14eeaa5d9910>,32,3,[8 2],42,103,106,61,83
1,<environment.Job instance at 0x14eeaa5d95f0>,33,3,[ 1 10],43,108,111,65,83
1,<environment.Job instance at 0x14eeaa5d9780>,35,18,[2 8],45,111,129,66,100
1,<environment.Job instance at 0x14eeadc99f00>,37,3,[7 1],47,107,110,60,101
1,<environment.Job instance at 0x14eea9f1ad20>,38,2,[5 1],48,107,109,59,102
1,<environment.Job instance at 0x14eebcbc9c30>,40,26,[ 1 10],50,129,155,79,126
1,<environment.Job instance at 0x14eeaa0f9500>,42,15,[1 7],52,155,170,103,143
1,<environment.Job instance at 0x14eea9dd4190>,44,17,[1 5],55,149,166,94,149
1,<environment.Job instance at 0x14eeb79e66e0>,34,13,[5 2],44,155,168,111,149
1,<environment.Job instance at 0x14eeae1940f0>,43,1,[6 1],54,155,156,101,149
1,<environment.Job instance at 0x14eeaa32a1e0>,49,2,[2 7],62,168,170,106,149
1,<environment.Job instance at 0x14eead11cfa0>,50,2,[ 2 10],63,170,172,107,149
1,<environment.Job instance at 0x14eead11ca00>,53,3,[1 5],67,170,173,103,149
1,<environment.Job instance at 0x14eeaa57e410>,54,3,[1 9],68,172,175,104,149
1,<environment.Job instance at 0x14eead11c370>,55,2,[ 1 10],69,175,177,106,149
1,<environment.Job instance at 0x14eeaa57e4b0>,56,1,[ 2 10],71,177,178,106,149
1,<environment.Job instance at 0x14eead24d460>,58,1,[2 5],73,166,167,93,149
1,<environment.Job instance at 0x14eeae174690>,60,3,[1 9],75,178,181,103,152
1,<environment.Job instance at 0x14eea9921910>,63,19,[1 5],85,173,192,88,163
1,<environment.Job instance at 0x14eebcb87730>,65,2,[1 8],88,181,183,93,163
1,<environment.Job instance at 0x14eead140b40>,66,1,[1 7],89,183,184,94,163
1,<environment.Job instance at 0x14eeaddfdc80>,69,3,[ 2 10],97,184,187,87,163
1,<environment.Job instance at 0x14eeaa82fe60>,70,3,[2 8],98,187,190,89,163
1,<environment.Job instance at 0x14eeaa355140>,71,2,[2 7],99,190,192,91,163
1,<environment.Job instance at 0x14eeaafdaf50>,73,2,[2 7],102,192,194,90,165
1,<environment.Job instance at 0x14eeaafda690>,74,12,[ 1 10],103,194,206,91,177
1,<environment.Job instance at 0x14eeaa32a5f0>,48,18,[7 1],59,187,205,128,177
1,<environment.Job instance at 0x14eea9d4e460>,76,3,[2 6],105,206,209,101,181
1,<environment.Job instance at 0x14eea9d4ec80>,77,1,[1 8],106,206,207,100,181
1,<environment.Job instance at 0x14eeaa35a5f0>,79,1,[1 5],108,192,193,84,181
1,<environment.Job instance at 0x14eeacf42690>,81,1,[2 5],112,193,194,81,190
1,<environment.Job instance at 0x14eeacf42190>,82,16,[1 6],113,207,223,94,194
1,<environment.Job instance at 0x14eeacf42370>,84,15,[ 2 10],116,223,238,107,209
1,<environment.Job instance at 0x14eeacf92d20>,85,1,[11  1],117,214,215,97,214
1,<environment.Job instance at 0x14eeacf92910>,86,3,[8 1],118,217,220,99,217
1,<environment.Job instance at 0x14eeacf92e60>,87,15,[2 6],119,238,253,119,224
1,<environment.Job instance at 0x14eeacf92dc0>,88,1,[ 1 11],120,253,254,133,225
1,<environment.Job instance at 0x14eeacf92a00>,89,1,[2 8],121,238,239,117,225
1,<environment.Job instance at 0x14eeacf92af0>,90,2,[6 1],123,225,227,102,225
1,<environment.Job instance at 0x14eeae17c0a0>,91,1,[1 5],125,227,228,102,225
1,<environment.Job instance at 0x14eeaa2b1af0>,92,3,[2 5],126,228,231,102,225
1,<environment.Job instance at 0x14eeaa4dfaf0>,93,1,[2 6],127,239,240,112,225
1,<environment.Job instance at 0x14eeaa2b1730>,94,15,[1 7],128,254,269,126,240
1,<environment.Job instance at 0x14eeb404ddc0>,95,2,[1 9],129,240,242,111,240
1,<environment.Job instance at 0x14eeb404d820>,96,1,[1 6],130,242,243,112,240
1,<environment.Job instance at 0x14eeb404d7d0>,98,2,[9 2],134,242,244,108,240
1,<environment.Job instance at 0x14eeb404deb0>,99,2,[2 7],135,243,245,108,240
1,<environment.Job instance at 0x14eeb404dbe0>,100,1,[2 5],136,245,246,109,240
1,<environment.Job instance at 0x14eeb404d5a0>,101,14,[1 9],139,269,283,130,254
1,<environment.Job instance at 0x14eeb404d280>,102,2,[ 1 10],140,283,285,143,256
1,<environment.Job instance at 0x14eeb404df00>,104,12,[8 1],143,256,268,113,256
1,<environment.Job instance at 0x14eead11c8c0>,51,26,[7 2],64,268,294,204,265
1,<environment.Job instance at 0x14eeb404d4b0>,106,2,[8 1],147,285,287,138,267
1,<environment.Job instance at 0x14eeaad927d0>,110,1,[9 1],156,294,295,138,280
1,<environment.Job instance at 0x14eeb7b12e10>,111,1,[ 2 13],157,287,288,130,280
1,<environment.Job instance at 0x14eea9d4ef50>,78,13,[2 7],107,288,301,181,280
1,<environment.Job instance at 0x14eeaad92d70>,113,3,[10  1],159,295,298,136,281
1,<environment.Job instance at 0x14eebcc305a0>,7,1,[5 1],13,2120,2121,2107,2120
1,<environment.Job instance at 0x14eea9f43aa0>,2,1,[2 7],6,8,9,2,8
1,<environment.Job instance at 0x14eead250d70>,5,1,[ 1 10],9,9,10,0,9
1,<environment.Job instance at 0x14eead250e60>,4,17,[2 6],8,10,27,2,9
1,<environment.Job instance at 0x14eead38e870>,6,18,[2 9],12,17,35,5,17
1,<environment.Job instance at 0x14eeadcfcf50>,8,14,[1 7],15,35,49,20,22
1,<environment.Job instance at 0x14eead253050>,10,3,[5 1],17,27,30,10,22
1,<environment.Job instance at 0x14eebee1acd0>,11,14,[2 7],18,35,49,17,22
1,<environment.Job instance at 0x14eebee1a0a0>,12,1,[8 1],20,27,28,7,23
1,<environment.Job instance at 0x14eebee1abe0>,13,12,[6 1],21,28,40,7,23
1,<environment.Job instance at 0x14eebee1a690>,14,13,[2 6],22,49,62,27,33
1,<environment.Job instance at 0x14eebee1afa0>,16,3,[1 9],25,49,52,24,33
1,<environment.Job instance at 0x14eea9fbb690>,17,17,[1 7],27,52,69,25,41
1,<environment.Job instance at 0x14eebee1ad70>,18,16,[8 2],30,52,68,22,42
1,<environment.Job instance at 0x14eea9fbb870>,19,3,[1 5],31,62,65,31,59
1,<environment.Job instance at 0x14eeaa5d2e10>,20,1,[7 2],33,68,69,35,60
1,<environment.Job instance at 0x14eebf269870>,21,2,[8 1],34,69,71,35,61
1,<environment.Job instance at 0x14eebcc4bc80>,22,18,[7 2],35,68,86,33,61
1,<environment.Job instance at 0x14eebcc305a0>,1,12,[ 2 11],3,71,83,68,71
1,<environment.Job instance at 0x14eead2502d0>,3,1,[6 1],7,71,72,64,71
1,<environment.Job instance at 0x14eebeb8b280>,29,2,[5 1],43,72,74,29,71
1,<environment.Job instance at 0x14eebeb8baa0>,30,2,[2 7],44,83,85,39,71
1,<environment.Job instance at 0x14eeaa456140>,28,1,[10  2],41,86,87,45,79
1,<environment.Job instance at 0x14eebebadc30>,32,2,[1 9],49,85,87,36,79
1,<environment.Job instance at 0x14eea9f3ef00>,34,3,[1 8],53,87,90,34,79
1,<environment.Job instance at 0x14eeb4af8140>,35,17,[7 2],54,87,104,33,81
1,<environment.Job instance at 0x14eeb7a59230>,31,23,[1 8],46,90,113,44,84
1,<environment.Job instance at 0x14eea98bdeb0>,38,2,[6 1],58,84,86,26,84
1,<environment.Job instance at 0x14eea9813af0>,41,1,[6 2],63,91,92,28,91
1,<environment.Job instance at 0x14eeb4af8870>,36,2,[5 2],55,102,104,47,102
1,<environment.Job instance at 0x14eead408820>,44,2,[13  1],67,106,108,39,106
1,<environment.Job instance at 0x14eead408e10>,45,1,[6 1],69,108,109,39,106
1,<environment.Job instance at 0x14eead408370>,46,3,[2 8],70,113,116,43,106
1,<environment.Job instance at 0x14eeae1650f0>,47,19,[1 5],73,106,125,33,106
1,<environment.Job instance at 0x14eeaa5bdc30>,48,3,[2 7],75,116,119,41,107
1,<environment.Job instance at 0x14eeaa5bdbe0>,49,18,[7 2],76,113,131,37,113
1,<environment.Job instance at 0x14eeaa5bda00>,50,3,[ 1 10],77,125,128,48,113
1,<environment.Job instance at 0x14eeb79defa0>,52,2,[2 9],82,128,130,46,116
1,<environment.Job instance at 0x14eeb79de320>,53,1,[6 1],83,125,126,42,125
1,<environment.Job instance at 0x14eeb79de820>,54,2,[1 6],84,130,132,46,125
1,<environment.Job instance at 0x14eeb79ded20>,55,12,[2 5],86,130,142,44,125
1,<environment.Job instance at 0x14eeb79de960>,56,2,[ 2 14],89,142,144,53,125
1,<environment.Job instance at 0x14eeb79de640>,57,1,[7 2],90,127,128,37,127
1,<environment.Job instance at 0x14eeb79de9b0>,58,1,[8 1],91,131,132,40,127
1,<environment.Job instance at 0x14eeb79debe0>,59,17,[ 2 10],92,144,161,52,132
1,<environment.Job instance at 0x14eeb79ded70>,61,2,[1 8],95,132,134,37,132
1,<environment.Job instance at 0x14eeac4a1af0>,62,3,[2 8],96,134,137,38,132
1,<environment.Job instance at 0x14eeac4a1320>,63,1,[8 2],97,133,134,36,133
1,<environment.Job instance at 0x14eeac4a1780>,64,1,[2 7],100,137,138,37,133
1,<environment.Job instance at 0x14eeac4a1050>,66,2,[8 2],102,134,136,32,133
1,<environment.Job instance at 0x14eeac4a1b40>,67,3,[2 5],105,138,141,33,133
1,<environment.Job instance at 0x14eeac4a18c0>,69,1,[2 5],107,138,139,31,135
1,<environment.Job instance at 0x14eeac4a1be0>,71,3,[1 7],109,161,164,52,135
1,<environment.Job instance at 0x14eeac4a1dc0>,72,1,[2 7],113,141,142,28,135
1,<environment.Job instance at 0x14eeae17cc80>,74,15,[7 2],115,151,166,36,151
1,<environment.Job instance at 0x14eeae17cc30>,75,28,[1 6],116,161,189,45,160
1,<environment.Job instance at 0x14eeae17cf50>,76,2,[1 9],119,166,168,47,160
1,<environment.Job instance at 0x14eeae17ce10>,78,2,[6 2],123,164,166,41,160
1,<environment.Job instance at 0x14eeae17c8c0>,79,1,[10  1],125,168,169,43,160
1,<environment.Job instance at 0x14eeae17c0f0>,80,3,[6 2],127,169,172,42,160
1,<environment.Job instance at 0x14eeae17c2d0>,81,2,[1 9],129,172,174,43,160
1,<environment.Job instance at 0x14eeae17c370>,82,3,[1 9],131,174,177,43,160
1,<environment.Job instance at 0x14eeade2d370>,83,2,[5 1],133,169,171,36,163
1,<environment.Job instance at 0x14eeade2ddc0>,84,15,[ 1 10],134,189,204,55,175
1,<environment.Job instance at 0x14eeade2d7d0>,86,1,[7 2],136,177,178,41,175
1,<environment.Job instance at 0x14eeade2de60>,87,2,[7 2],137,177,179,40,175
1,<environment.Job instance at 0x14eeade2d6e0>,88,1,[9 2],139,179,180,40,175
1,<environment.Job instance at 0x14eeb40215f0>,89,2,[ 1 10],140,204,206,64,177
1,<environment.Job instance at 0x14eeb4021500>,90,14,[2 8],141,206,220,65,191
1,<environment.Job instance at 0x14eeb4021b40>,91,15,[1 8],142,220,235,78,206
1,<environment.Job instance at 0x14eeb4021140>,92,1,[9 1],143,206,207,63,206
1,<environment.Job instance at 0x14eeb4021370>,93,1,[9 1],144,207,208,63,206
1,<environment.Job instance at 0x14eeb4021f50>,94,27,[9 1],145,208,235,63,206
1,<environment.Job instance at 0x14eeb40214b0>,95,17,[1 6],147,206,223,59,206
1,<environment.Job instance at 0x14eeb4021a00>,99,1,[1 9],153,235,236,82,219
1,<environment.Job instance at 0x14eeb40218c0>,101,2,[2 5],155,223,225,68,220
1,<environment.Job instance at 0x14eeb4021b90>,102,1,[2 8],156,236,237,80,220
1,<environment.Job instance at 0x14eeb4021f00>,104,3,[ 1 10],159,237,240,78,220
1,<environment.Job instance at 0x14eeb7bfd050>,42,26,[2 8],65,2268,2294,2203,2268
1,<environment.Job instance at 0x14eea9fe5b40>,5,3,[6 1],6,7,10,1,7
1,<environment.Job instance at 0x14eea9fe5fa0>,7,2,[7 1],8,8,10,0,8
1,<environment.Job instance at 0x14eea9fe5550>,8,3,[ 2 12],14,14,17,0,14
1,<environment.Job instance at 0x14eea9fe5be0>,9,3,[8 2],15,15,18,0,15
1,<environment.Job instance at 0x14eea9fe59b0>,10,1,[8 2],16,18,19,2,16
1,<environment.Job instance at 0x14eea9fe5050>,11,18,[2 8],17,17,35,0,17
1,<environment.Job instance at 0x14eea9851eb0>,12,1,[1 8],18,35,36,17,19
1,<environment.Job instance at 0x14eebcb0da00>,13,27,[1 7],19,19,46,0,19
1,<environment.Job instance at 0x14eea9fe5730>,15,1,[5 2],23,36,37,13,23
1,<environment.Job instance at 0x14eea9fe5780>,17,1,[ 1 14],26,46,47,20,26
1,<environment.Job instance at 0x14eebcb005f0>,16,1,[9 2],25,36,37,11,26
1,<environment.Job instance at 0x14eeaa4422d0>,18,2,[1 7],27,37,39,10,28
1,<environment.Job instance at 0x14eea9de72d0>,19,1,[9 1],29,37,38,8,30
1,<environment.Job instance at 0x14eeaa061af0>,21,3,[ 1 10],31,47,50,16,31
1,<environment.Job instance at 0x14eeaa0615f0>,22,25,[5 1],32,38,63,6,34
1,<environment.Job instance at 0x14eeaa220190>,25,2,[2 9],35,50,52,15,35
1,<environment.Job instance at 0x14eeaa2200f0>,26,1,[2 7],36,39,40,3,36
1,<environment.Job instance at 0x14eeaa2206e0>,27,2,[8 1],37,40,42,3,37
1,<environment.Job instance at 0x14eeaa0345a0>,29,16,[9 1],41,52,68,11,44
1,<environment.Job instance at 0x14eea9cac960>,31,1,[5 2],45,45,46,0,45
1,<environment.Job instance at 0x14eeaa5ced20>,32,2,[2 6],46,63,65,17,46
1,<environment.Job instance at 0x14eeaa5ce960>,33,2,[10  2],47,68,70,21,47
1,<environment.Job instance at 0x14eeaa5ce0f0>,34,1,[ 1 14],50,65,66,15,50
1,<environment.Job instance at 0x14eeaa5cea00>,35,2,[6 1],51,66,68,15,51
1,<environment.Job instance at 0x14eead3a33c0>,36,2,[1 5],52,52,54,0,52
1,<environment.Job instance at 0x14eead3a3c80>,37,3,[ 2 10],53,68,71,15,53
1,<environment.Job instance at 0x14eead3a3550>,38,13,[2 8],54,71,84,17,55
1,<environment.Job instance at 0x14eea9e1eaf0>,40,1,[5 1],58,70,71,12,58
1,<environment.Job instance at 0x14eeaa50a960>,41,1,[9 1],59,71,72,12,60
1,<environment.Job instance at 0x14eeaa50a0f0>,43,2,[1 6],61,61,63,0,61
1,<environment.Job instance at 0x14eeaa483f50>,44,20,[10  2],64,72,92,8,64
1,<environment.Job instance at 0x14eeaa4837d0>,45,1,[5 2],65,70,71,5,67
1,<environment.Job instance at 0x14eead156410>,47,17,[ 1 10],68,84,101,16,72
1,<environment.Job instance at 0x14eead1568c0>,49,1,[5 1],70,92,93,22,72
1,<environment.Job instance at 0x14eead156c30>,50,3,[2 7],72,101,104,29,75
1,<environment.Job instance at 0x14eeaad09dc0>,51,3,[8 2],74,92,95,18,75
1,<environment.Job instance at 0x14eeadd7c320>,52,1,[1 9],75,104,105,29,76
1,<environment.Job instance at 0x14eeaa29cd20>,53,1,[8 1],76,95,96,19,76
1,<environment.Job instance at 0x14eea9d63e60>,54,2,[ 1 10],80,105,107,25,80
1,<environment.Job instance at 0x14eea9d63140>,55,3,[2 7],81,101,104,20,81
1,<environment.Job instance at 0x14eea9d63640>,56,1,[2 6],84,104,105,20,85
1,<environment.Job instance at 0x14eea9d63a00>,57,2,[8 2],85,96,98,11,86
1,<environment.Job instance at 0x14eea9c447d0>,58,3,[ 2 10],86,107,110,21,86
1,<environment.Job instance at 0x14eeaa071f00>,59,3,[2 6],87,110,113,23,87
1,<environment.Job instance at 0x14eeaa061f00>,24,2,[2 7],34,110,112,76,95
1,<environment.Job instance at 0x14eea9a279b0>,61,3,[6 2],90,95,98,5,95
1,<environment.Job instance at 0x14eea9bb6d20>,63,2,[9 2],94,98,100,4,95
1,<environment.Job instance at 0x14eea9f3f910>,64,3,[6 2],96,105,108,9,96
1,<environment.Job instance at 0x14eea9f3faa0>,65,1,[1 9],97,112,113,15,97
1,<environment.Job instance at 0x14eead30ed70>,67,1,[9 1],99,101,102,2,101
1,<environment.Job instance at 0x14eead30e910>,68,2,[1 9],100,113,115,13,101
1,<environment.Job instance at 0x14eea9bb6780>,62,2,[6 2],92,105,107,13,101
1,<environment.Job instance at 0x14eea9e90c30>,69,2,[1 5],102,108,110,6,103
1,<environment.Job instance at 0x14eea9b694b0>,71,2,[6 1],104,110,112,6,105
1,<environment.Job instance at 0x14eeae1912d0>,73,1,[5 1],106,107,108,1,106
1,<environment.Job instance at 0x14eeae1919b0>,74,18,[11  2],108,113,131,5,108
1,<environment.Job instance at 0x14eeae191d70>,75,1,[9 1],110,131,132,21,110
1,<environment.Job instance at 0x14eea99c9cd0>,76,19,[2 8],111,115,134,4,111
1,<environment.Job instance at 0x14eeaa1555f0>,79,16,[2 5],115,115,131,0,115
1,<environment.Job instance at 0x14eeaa155690>,78,1,[1 5],114,131,132,17,115
1,<environment.Job instance at 0x14eeaa1550a0>,80,2,[6 2],117,132,134,15,117
1,<environment.Job instance at 0x14eeaa155dc0>,77,1,[8 1],112,134,135,22,120
1,<environment.Job instance at 0x14eea9b290f0>,85,1,[ 1 10],123,134,135,11,124
1,<environment.Job instance at 0x14eeaa155960>,86,1,[2 5],124,132,133,8,124
1,<environment.Job instance at 0x14eeaa127dc0>,87,2,[1 9],125,135,137,10,125
1,<environment.Job instance at 0x14eeaa1556e0>,82,16,[2 6],120,135,151,15,125
1,<environment.Job instance at 0x14eeaa587190>,102,17,[1 8],149,149,166,0,149
1,<environment.Job instance at 0x14eeaa587280>,103,2,[9 2],151,151,153,0,151
1,<environment.Job instance at 0x14eeaa587eb0>,104,2,[2 5],152,152,154,0,152
1,<environment.Job instance at 0x14eeaa587f00>,105,3,[8 1],153,153,156,0,153
1,<environment.Job instance at 0x14eeaa587050>,106,1,[2 8],154,166,167,12,154
1,<environment.Job instance at 0x14eeaa061c30>,23,16,[5 2],33,2328,2344,2295,2328
1,<environment.Job instance at 0x14eeaacaed20>,1,2,[2 6],2,2,4,0,2
1,<environment.Job instance at 0x14eeaacae050>,3,3,[1 7],4,4,7,0,4
1,<environment.Job instance at 0x14eeaacaef00>,5,14,[2 7],7,7,21,0,7
1,<environment.Job instance at 0x14eeaacaee60>,9,3,[5 2],13,13,16,0,13
1,<environment.Job instance at 0x14eeaacae910>,10,1,[8 2],14,14,15,0,14
1,<environment.Job instance at 0x14eeaacae1e0>,11,3,[1 7],16,16,19,0,16
1,<environment.Job instance at 0x14eeaacae2d0>,12,2,[2 8],18,19,21,1,18
1,<environment.Job instance at 0x14eeaacaeb40>,6,3,[5 1],9,21,24,12,18
1,<environment.Job instance at 0x14eeaacae410>,13,2,[1 8],19,21,23,2,19
1,<environment.Job instance at 0x14eeaacae4b0>,14,3,[1 7],22,23,26,1,22
1,<environment.Job instance at 0x14eea9ca0050>,15,1,[1 8],25,25,26,0,25
1,<environment.Job instance at 0x14eea9ca0500>,16,1,[7 2],28,28,29,0,28
1,<environment.Job instance at 0x14eea9ca0320>,17,3,[2 9],29,29,32,0,29
1,<environment.Job instance at 0x14eea9ca0e60>,18,16,[2 5],30,30,46,0,30
1,<environment.Job instance at 0x14eea9ca0690>,19,17,[ 1 14],31,46,63,15,34
1,<environment.Job instance at 0x14eeaacaec30>,0,1,[9 2],1,34,35,33,34
1,<environment.Job instance at 0x14eeadd3b730>,31,3,[ 1 14],46,63,66,17,46
1,<environment.Job instance at 0x14eeadd3be10>,35,3,[7 1],51,51,54,0,51
1,<environment.Job instance at 0x14eeadd3bb40>,32,2,[10  2],47,66,68,19,59
1,<environment.Job instance at 0x14eea9d60c80>,44,1,[ 2 10],68,69,70,1,69
1,<environment.Job instance at 0x14eea9d60af0>,47,2,[6 1],72,72,74,0,72
1,<environment.Job instance at 0x14eea9cb45f0>,48,3,[2 5],73,73,76,0,73
1,<environment.Job instance at 0x14eea9cb46e0>,49,15,[6 1],75,75,90,0,75
1,<environment.Job instance at 0x14eea9cb4aa0>,51,17,[1 8],78,84,101,6,84
1,<environment.Job instance at 0x14eea9cb4370>,52,2,[13  2],79,90,92,11,84
1,<environment.Job instance at 0x14eea9cb4a00>,53,3,[1 6],80,84,87,4,84
1,<environment.Job instance at 0x14eea9cb4eb0>,54,2,[2 7],81,92,94,11,84
1,<environment.Job instance at 0x14eea9d606e0>,45,2,[1 8],69,101,103,32,84
1,<environment.Job instance at 0x14eea9cb12d0>,56,3,[9 2],84,94,97,10,84
1,<environment.Job instance at 0x14eead1f0a00>,57,2,[7 1],89,97,99,8,89
1,<environment.Job instance at 0x14eead1f09b0>,58,14,[10  1],90,99,113,9,90
1,<environment.Job instance at 0x14eead1f08c0>,60,3,[ 2 11],95,103,106,8,98
1,<environment.Job instance at 0x14eead1f05a0>,62,3,[ 1 13],100,106,109,6,100
1,<environment.Job instance at 0x14eead1f0820>,59,1,[1 5],93,101,102,8,101
1,<environment.Job instance at 0x14eeb407b690>,64,1,[7 1],103,113,114,10,105
1,<environment.Job instance at 0x14eeb407baf0>,67,2,[13  1],109,114,116,5,110
1,<environment.Job instance at 0x14eeb407baa0>,68,17,[2 9],111,111,128,0,111
1,<environment.Job instance at 0x14eeb407beb0>,65,2,[2 8],105,128,130,23,111
1,<environment.Job instance at 0x14eeb407b280>,69,16,[1 5],112,116,132,4,113
1,<environment.Job instance at 0x14eeb407bc80>,70,13,[8 2],113,128,141,15,113
1,<environment.Job instance at 0x14eeb407bb40>,72,3,[ 1 10],125,132,135,7,127
1,<environment.Job instance at 0x14eeb407b5f0>,74,2,[1 9],127,135,137,8,128
1,<environment.Job instance at 0x14eea9b42f50>,73,3,[2 9],126,137,140,11,128
1,<environment.Job instance at 0x14eebcbb4a50>,76,3,[1 8],130,140,143,10,130
1,<environment.Job instance at 0x14eea9b88690>,78,2,[10  1],134,141,143,7,134
1,<environment.Job instance at 0x14eea9d6a500>,79,15,[1 7],135,143,158,8,135
1,<environment.Job instance at 0x14eea9b88550>,77,1,[6 1],132,140,141,8,137
1,<environment.Job instance at 0x14eea9d6a870>,81,24,[2 5],137,141,165,4,137
1,<environment.Job instance at 0x14eea9d6af50>,82,2,[ 1 10],138,158,160,20,138
1,<environment.Job instance at 0x14eeaadc9eb0>,83,1,[6 1],139,143,144,4,139
1,<environment.Job instance at 0x14eea9d6a2d0>,84,2,[7 1],140,144,146,4,140
1,<environment.Job instance at 0x14eea9c9a190>,85,1,[10  1],141,146,147,5,141
1,<environment.Job instance at 0x14eea9c7d550>,86,3,[1 8],142,160,163,18,142
1,<environment.Job instance at 0x14eeaadd0690>,87,3,[1 5],147,163,166,16,147
1,<environment.Job instance at 0x14eea9799a50>,88,18,[ 2 10],148,165,183,17,154
1,<environment.Job instance at 0x14eea9d6ab40>,80,2,[1 8],136,183,185,47,160
1,<environment.Job instance at 0x14eea9749280>,91,12,[1 8],151,185,197,34,169
1,<environment.Job instance at 0x14eea9bb3460>,92,2,[1 6],152,183,185,31,169
1,<environment.Job instance at 0x14eeae0c4e10>,94,15,[6 2],156,185,200,29,171
1,<environment.Job instance at 0x14eea9d4afa0>,95,2,[11  1],158,171,173,13,171
1,<environment.Job instance at 0x14eea9d4a5a0>,96,3,[2 5],159,173,176,14,171
1,<environment.Job instance at 0x14eeaacae370>,8,3,[1 7],11,222,225,211,222
1,<environment.Job instance at 0x14eeaacae9b0>,2,1,[2 6],3,3,4,0,3
1,<environment.Job instance at 0x14eeaa8415a0>,6,13,[2 8],9,9,22,0,9
1,<environment.Job instance at 0x14eeaa841eb0>,8,2,[1 5],11,11,13,0,11
1,<environment.Job instance at 0x14eea9836d70>,9,1,[1 6],12,13,14,1,12
1,<environment.Job instance at 0x14eea9836cd0>,12,2,[2 9],16,22,24,6,16
1,<environment.Job instance at 0x14eea9a76370>,14,1,[2 8],25,26,27,1,26
1,<environment.Job instance at 0x14eea9a76d20>,15,1,[6 1],26,26,27,0,26
1,<environment.Job instance at 0x14eea9836820>,11,1,[11  2],14,30,31,16,30
1,<environment.Job instance at 0x14eea9a769b0>,19,2,[1 5],30,30,32,0,30
1,<environment.Job instance at 0x14eea9a76af0>,17,1,[7 1],28,31,32,3,30
1,<environment.Job instance at 0x14eeacfe9370>,20,3,[2 9],31,31,34,0,31
1,<environment.Job instance at 0x14eeacf08b40>,21,2,[1 6],32,32,34,0,32
1,<environment.Job instance at 0x14eead0bf500>,22,14,[1 8],33,34,48,1,33
1,<environment.Job instance at 0x14eea9971d20>,23,17,[ 2 10],34,48,65,14,36
1,<environment.Job instance at 0x14eeaa3b5be0>,35,1,[ 2 10],49,65,66,16,63
1,<environment.Job instance at 0x14eeae161780>,37,2,[1 6],51,66,68,15,63
1,<environment.Job instance at 0x14eeae161280>,38,26,[10  2],53,64,90,11,64
1,<environment.Job instance at 0x14eeae161b40>,39,13,[ 1 10],54,68,81,14,64
1,<environment.Job instance at 0x14eeaa0f9c80>,18,12,[1 6],29,81,93,52,70
1,<environment.Job instance at 0x14eeae161e60>,41,1,[2 9],57,90,91,33,70
1,<environment.Job instance at 0x14eeae161a50>,42,2,[1 7],58,81,83,23,74
1,<environment.Job instance at 0x14eeae1612d0>,43,2,[8 1],59,91,93,32,82
1,<environment.Job instance at 0x14eeae161d20>,44,1,[5 1],60,91,92,31,88
1,<environment.Job instance at 0x14eeae161cd0>,45,2,[ 1 12],61,93,95,32,88
1,<environment.Job instance at 0x14eeaacd6b40>,47,1,[5 2],69,92,93,23,89
1,<environment.Job instance at 0x14eeaacd6fa0>,46,3,[2 5],67,95,98,28,89
1,<environment.Job instance at 0x14eeb409dbe0>,49,13,[1 5],71,108,121,37,108
1,<environment.Job instance at 0x14eeaa2c3640>,32,13,[ 2 14],44,121,134,77,109
1,<environment.Job instance at 0x14eeb409d5a0>,50,3,[1 8],72,109,112,37,109
1,<environment.Job instance at 0x14eeb409daa0>,52,2,[2 8],76,112,114,36,109
1,<environment.Job instance at 0x14eefc1ab0a0>,53,1,[1 6],78,114,115,36,109
1,<environment.Job instance at 0x14eefc1ab280>,54,17,[7 2],79,134,151,55,122
1,<environment.Job instance at 0x14eefc1ab500>,55,1,[2 8],81,134,135,53,122
1,<environment.Job instance at 0x14eefc1abaa0>,56,1,[11  2],84,151,152,67,123
1,<environment.Job instance at 0x14eefc1ab410>,57,15,[2 9],87,135,150,48,123
1,<environment.Job instance at 0x14eefc1ab4b0>,58,28,[ 2 12],88,150,178,62,149
1,<environment.Job instance at 0x14eefc1ab870>,59,15,[6 1],90,152,167,62,149
1,<environment.Job instance at 0x14eefc1ab190>,60,2,[ 1 10],91,178,180,87,151
1,<environment.Job instance at 0x14eefc1abf00>,61,16,[1 5],92,178,194,86,165
1,<environment.Job instance at 0x14eefc1ab0f0>,62,3,[8 2],93,167,170,74,165
1,<environment.Job instance at 0x14eebeb8ebe0>,63,2,[2 9],95,180,182,85,165
1,<environment.Job instance at 0x14eebeb8ee60>,64,26,[1 9],96,182,208,86,179
1,<environment.Job instance at 0x14eebeb8e050>,66,23,[2 8],98,208,231,110,202
1,<environment.Job instance at 0x14eebeb8e5f0>,67,3,[2 5],100,202,205,102,202
1,<environment.Job instance at 0x14eeaa5c7a00>,68,2,[5 1],101,202,204,101,202
1,<environment.Job instance at 0x14eeaa5c7b90>,69,2,[ 1 10],102,231,233,129,204
1,<environment.Job instance at 0x14eeaa5c7190>,71,3,[ 1 12],104,233,236,129,207
1,<environment.Job instance at 0x14eeaa5c7be0>,72,1,[8 2],106,207,208,101,207
1,<environment.Job instance at 0x14eeaa5c7f50>,73,1,[8 1],107,208,209,101,207
1,<environment.Job instance at 0x14eeaa5c7280>,74,24,[2 9],108,236,260,128,231
1,<environment.Job instance at 0x14eeaa279c80>,75,1,[2 7],111,260,261,149,232
1,<environment.Job instance at 0x14eeaa279960>,76,25,[6 2],112,232,257,120,232
1,<environment.Job instance at 0x14eeaa279e10>,77,3,[8 1],116,232,235,116,232
1,<environment.Job instance at 0x14eeaa279410>,79,28,[ 1 10],118,261,289,143,260
1,<environment.Job instance at 0x14eeaa279eb0>,80,2,[7 1],119,260,262,141,260
1,<environment.Job instance at 0x14eeaa279b40>,81,2,[2 7],120,289,291,169,262
1,<environment.Job instance at 0x14eeaa2790a0>,82,1,[6 2],121,262,263,141,262
1,<environment.Job instance at 0x14eeaa279730>,83,2,[1 5],122,263,265,141,262
1,<environment.Job instance at 0x14eeaa279460>,84,13,[ 2 10],123,291,304,168,275
1,<environment.Job instance at 0x14eeaa279fa0>,85,3,[7 1],124,275,278,151,275
1,<environment.Job instance at 0x14eeaa279be0>,86,3,[7 2],125,275,278,150,275
1,<environment.Job instance at 0x14eeaa279dc0>,87,24,[2 9],127,304,328,177,299
1,<environment.Job instance at 0x14eeb6794c30>,88,1,[6 2],130,299,300,169,299
1,<environment.Job instance at 0x14eeb67940a0>,96,15,[2 9],141,328,343,187,314
1,<environment.Job instance at 0x14eeb6794f50>,100,2,[2 7],147,343,345,196,330
1,<environment.Job instance at 0x14eeb6794aa0>,101,3,[2 5],149,330,333,181,330
1,<environment.Job instance at 0x14eeb6794eb0>,102,2,[5 2],151,333,335,182,330
1,<environment.Job instance at 0x14eea98bde60>,104,1,[7 1],155,333,334,178,333
1,<environment.Job instance at 0x14eea98bd640>,105,2,[2 7],156,343,345,187,333
1,<environment.Job instance at 0x14eea98bda50>,106,18,[1 5],157,345,363,188,334
1,<environment.Job instance at 0x14eea98bd140>,108,1,[9 1],159,351,352,192,351
1,<environment.Job instance at 0x14eeaacd60f0>,48,16,[ 1 10],70,370,386,300,370
1,<environment.Job instance at 0x14eead0bf320>,24,2,[12  2],35,370,372,335,370
1,<environment.Job instance at 0x14eeaa3b5230>,34,3,[1 8],48,386,389,338,380
1,<environment.Job instance at 0x14eead1483c0>,1,3,[2 6],3,3,6,0,3
1,<environment.Job instance at 0x14eeaa3b5b40>,2,14,[2 6],4,4,18,0,4
1,<environment.Job instance at 0x14eeae190fa0>,3,2,[1 9],6,7,9,1,7
1,<environment.Job instance at 0x14eebcae4dc0>,5,15,[2 6],8,9,24,1,8
1,<environment.Job instance at 0x14eebcae4af0>,7,1,[2 7],10,18,19,8,11
1,<environment.Job instance at 0x14eebcae4410>,8,3,[2 7],12,19,22,7,12
1,<environment.Job instance at 0x14eebca80910>,9,3,[ 2 10],13,24,27,11,13
1,<environment.Job instance at 0x14eea9e3eaf0>,16,1,[1 6],21,22,23,1,21
1,<environment.Job instance at 0x14eea97c2500>,17,1,[5 1],22,23,24,1,23
1,<environment.Job instance at 0x14eead2884b0>,20,1,[ 1 12],25,27,28,2,25
1,<environment.Job instance at 0x14eebcb1a7d0>,21,3,[1 6],26,28,31,2,26
1,<environment.Job instance at 0x14eea9749d20>,22,2,[10  1],27,27,29,0,27
1,<environment.Job instance at 0x14eea98ac370>,23,2,[6 1],29,29,31,0,29
1,<environment.Job instance at 0x14eeaa445190>,24,1,[2 8],30,30,31,0,30
1,<environment.Job instance at 0x14eeae15f730>,25,2,[6 1],31,31,33,0,31
1,<environment.Job instance at 0x14eebcc000a0>,26,15,[2 9],32,32,47,0,32
1,<environment.Job instance at 0x14eeaa414640>,28,2,[2 9],35,47,49,12,35
1,<environment.Job instance at 0x14eeaaccce60>,30,25,[2 5],38,38,63,0,38
1,<environment.Job instance at 0x14eead0e5b90>,36,27,[10  1],47,47,74,0,47
1,<environment.Job instance at 0x14eead2c9640>,33,14,[5 1],41,63,77,22,59
1,<environment.Job instance at 0x14eea99f38c0>,44,2,[ 2 10],63,74,76,11,63
1,<environment.Job instance at 0x14eeb7aa0c30>,43,1,[7 2],58,74,75,16,64
1,<environment.Job instance at 0x14eead0fc640>,47,3,[2 6],66,76,79,10,66
1,<environment.Job instance at 0x14eead0fc410>,48,3,[2 9],67,77,80,10,67
1,<environment.Job instance at 0x14eeb7aa2230>,52,2,[2 6],76,79,81,3,76
1,<environment.Job instance at 0x14eeb7aa27d0>,53,3,[10  1],77,80,83,3,77
1,<environment.Job instance at 0x14eeb7aa25a0>,54,3,[1 8],79,80,83,1,79
1,<environment.Job instance at 0x14eeb7aa2640>,55,2,[5 2],81,83,85,2,81
1,<environment.Job instance at 0x14eead1044b0>,56,1,[2 7],83,83,84,0,83
1,<environment.Job instance at 0x14eead1045f0>,57,1,[2 9],84,84,85,0,84
1,<environment.Job instance at 0x14eead1046e0>,58,3,[ 2 10],85,85,88,0,85
1,<environment.Job instance at 0x14eead104dc0>,59,2,[6 1],86,86,88,0,86
1,<environment.Job instance at 0x14eead104e10>,60,1,[8 1],89,89,90,0,89
1,<environment.Job instance at 0x14eead104e60>,61,12,[7 1],90,90,102,0,90
1,<environment.Job instance at 0x14eead104af0>,62,26,[8 2],91,91,117,0,91
1,<environment.Job instance at 0x14eead1040f0>,66,3,[ 2 10],95,102,105,7,95
1,<environment.Job instance at 0x14eead1041e0>,67,1,[6 2],96,109,110,13,109
1,<environment.Job instance at 0x14eead1045a0>,68,2,[5 1],97,111,113,14,111
1,<environment.Job instance at 0x14eeacffb820>,69,18,[6 2],98,113,131,15,111
1,<environment.Job instance at 0x14eeacffb3c0>,70,3,[2 7],100,117,120,17,113
1,<environment.Job instance at 0x14eeacffb230>,73,1,[1 6],103,117,118,14,117
1,<environment.Job instance at 0x14eeacffb7d0>,74,19,[ 1 10],105,120,139,15,117
1,<environment.Job instance at 0x14eeacffb0a0>,75,2,[2 7],107,139,141,32,117
1,<environment.Job instance at 0x14eead2c9960>,35,1,[ 2 10],45,141,142,96,117
1,<environment.Job instance at 0x14eeacffbaa0>,77,2,[9 1],110,131,133,21,117
1,<environment.Job instance at 0x14eeacffbcd0>,78,3,[6 1],111,118,121,7,117
1,<environment.Job instance at 0x14eeacffbd20>,76,2,[8 1],108,121,123,13,118
1,<environment.Job instance at 0x14eeacffb2d0>,80,15,[13  2],114,135,150,21,135
1,<environment.Job instance at 0x14eeacffb910>,81,3,[8 1],115,150,153,35,135
1,<environment.Job instance at 0x14eeacffbaf0>,82,1,[1 7],116,142,143,26,135
1,<environment.Job instance at 0x14eeacffba50>,83,2,[1 9],117,143,145,26,135
1,<environment.Job instance at 0x14eead13da50>,84,21,[5 2],118,150,171,32,142
1,<environment.Job instance at 0x14eead13d550>,85,17,[2 7],122,145,162,23,142
1,<environment.Job instance at 0x14eead13d960>,86,2,[ 1 10],123,162,164,39,142
1,<environment.Job instance at 0x14eead13daa0>,87,2,[1 6],124,153,155,29,142
1,<environment.Job instance at 0x14eead13dd70>,88,28,[2 5],128,164,192,36,163
1,<environment.Job instance at 0x14eead13d370>,89,3,[7 1],129,163,166,34,163
1,<environment.Job instance at 0x14eead13d410>,90,16,[5 2],130,166,182,36,163
1,<environment.Job instance at 0x14eead13d690>,91,1,[2 6],131,166,167,35,163
1,<environment.Job instance at 0x14eead13dc30>,96,2,[2 8],138,171,173,33,165
1,<environment.Job instance at 0x14eebcc41af0>,98,15,[2 8],140,173,188,33,165
1,<environment.Job instance at 0x14eebcc41960>,100,2,[1 6],142,167,169,25,167
1,<environment.Job instance at 0x14eebcc41410>,101,15,[8 2],143,182,197,39,173
1,<environment.Job instance at 0x14eebcc416e0>,102,2,[2 5],145,188,190,43,173
1,<environment.Job instance at 0x14eebcc41820>,103,14,[13  2],147,200,214,53,200
1,<environment.Job instance at 0x14eebcc41460>,104,20,[1 9],148,200,220,52,200
1,<environment.Job instance at 0x14eebcc41e60>,105,1,[1 5],149,214,215,65,200
1,<environment.Job instance at 0x14eebcc415a0>,106,3,[9 2],150,215,218,65,200
1,<environment.Job instance at 0x14eebcc41050>,107,1,[2 5],151,218,219,67,200
1,<environment.Job instance at 0x14eea9be2c30>,108,3,[14  2],152,219,222,67,214
1,<environment.Job instance at 0x14eea9be20a0>,109,2,[2 7],154,222,224,68,214
1,<environment.Job instance at 0x14eea9be2500>,110,17,[1 9],155,224,241,69,214
1,<environment.Job instance at 0x14eea9be2cd0>,111,1,[7 2],156,222,223,66,214
1,<environment.Job instance at 0x14eea9be24b0>,112,15,[ 2 12],159,241,256,82,227
1,<environment.Job instance at 0x14eeb7be75a0>,1,3,[1 8],2,2,5,0,2
1,<environment.Job instance at 0x14eeb7be77d0>,2,1,[1 9],4,5,6,1,4
1,<environment.Job instance at 0x14eebee1a5a0>,3,15,[1 8],6,6,21,0,6
1,<environment.Job instance at 0x14eeacffb460>,1,1,[2 8],4,4,5,0,4
1,<environment.Job instance at 0x14eebee1acd0>,2,2,[ 1 10],6,6,8,0,6
1,<environment.Job instance at 0x14eead385550>,3,25,[2 5],7,7,32,0,7
1,<environment.Job instance at 0x14eeae11a5a0>,7,3,[2 9],12,12,15,0,12
1,<environment.Job instance at 0x14eeae11a140>,9,16,[1 8],15,16,32,1,16
1,<environment.Job instance at 0x14eea9be9a00>,12,2,[2 5],19,32,34,13,20
1,<environment.Job instance at 0x14eeaa51f9b0>,19,2,[1 9],30,32,34,2,30
1,<environment.Job instance at 0x14eeb403f050>,20,3,[7 1],31,33,36,2,33
1,<environment.Job instance at 0x14eeaa56b230>,22,26,[2 5],34,34,60,0,34
1,<environment.Job instance at 0x14eeaace3c80>,23,14,[ 1 10],36,37,51,1,37
1,<environment.Job instance at 0x14eeaa05df50>,24,3,[8 2],37,51,54,14,37
1,<environment.Job instance at 0x14eeaa05da50>,26,14,[5 2],39,58,72,19,58
1,<environment.Job instance at 0x14eea995b320>,35,3,[9 1],51,60,63,9,58
1,<environment.Job instance at 0x14eea995b6e0>,36,14,[5 2],52,65,79,13,65
1,<environment.Job instance at 0x14eebcc76730>,37,3,[1 6],54,65,68,11,65
1,<environment.Job instance at 0x14eea995b5f0>,34,1,[2 9],50,68,69,18,65
1,<environment.Job instance at 0x14eea995bdc0>,32,1,[ 1 14],48,79,80,31,65
1,<environment.Job instance at 0x14eea9ed8730>,38,2,[8 1],56,72,74,16,65
1,<environment.Job instance at 0x14eea995bd70>,33,1,[5 1],49,69,70,20,68
1,<environment.Job instance at 0x14eeaa2304b0>,47,15,[ 1 10],69,80,95,11,69
1,<environment.Job instance at 0x14eead07a190>,48,3,[2 7],70,70,73,0,70
1,<environment.Job instance at 0x14eeac4b5e60>,50,1,[6 2],72,74,75,2,72
1,<environment.Job instance at 0x14eeac4b5050>,49,2,[5 2],71,75,77,4,73
1,<environment.Job instance at 0x14eeac4b59b0>,52,2,[2 6],74,74,76,0,74
1,<environment.Job instance at 0x14eead1fb640>,53,3,[7 2],76,80,83,4,76
1,<environment.Job instance at 0x14eeaa29caf0>,54,14,[1 8],77,95,109,18,80
1,<environment.Job instance at 0x14eeadea9c30>,55,3,[2 6],78,95,98,17,80
1,<environment.Job instance at 0x14eead033960>,56,2,[1 5],79,83,85,4,80
1,<environment.Job instance at 0x14eea9dc26e0>,58,1,[7 2],81,81,82,0,81
1,<environment.Job instance at 0x14eea9dc2780>,59,3,[1 9],82,109,112,27,83
1,<environment.Job instance at 0x14eea9db20f0>,60,3,[9 2],84,85,88,1,84
1,<environment.Job instance at 0x14eea9cb4cd0>,61,1,[2 6],85,98,99,13,85
1,<environment.Job instance at 0x14eea9cb4820>,62,1,[10  1],87,88,89,1,87
1,<environment.Job instance at 0x14eea9d98960>,66,16,[2 7],98,112,128,14,105
1,<environment.Job instance at 0x14eeaacfc870>,69,1,[5 1],102,105,106,3,105
1,<environment.Job instance at 0x14eeacf65aa0>,70,3,[7 2],104,105,108,1,105
1,<environment.Job instance at 0x14eeacf654b0>,71,2,[7 1],105,106,108,1,105
1,<environment.Job instance at 0x14eebee18190>,72,3,[6 1],107,108,111,1,107
1,<environment.Job instance at 0x14eebee18c80>,73,1,[2 5],108,108,109,0,108
1,<environment.Job instance at 0x14eebee18550>,74,1,[8 1],112,112,113,0,112
1,<environment.Job instance at 0x14eebee18820>,75,15,[14  1],113,128,143,15,118
1,<environment.Job instance at 0x14eeaacfc6e0>,67,1,[8 2],99,143,144,44,128
1,<environment.Job instance at 0x14eebee18f00>,76,1,[12  2],114,144,145,30,129
1,<environment.Job instance at 0x14eea9dba640>,79,1,[2 6],118,143,144,25,129
1,<environment.Job instance at 0x14eea9dba190>,80,2,[8 1],119,145,147,26,129
1,<environment.Job instance at 0x14eea9dba230>,81,1,[7 1],120,145,146,25,131
1,<environment.Job instance at 0x14eea9dba460>,83,14,[10  1],123,147,161,24,138
1,<environment.Job instance at 0x14eea9c6baf0>,84,1,[7 1],125,161,162,36,147
1,<environment.Job instance at 0x14eea9c6b0a0>,86,3,[ 2 13],128,147,150,19,147
1,<environment.Job instance at 0x14eea9c6b960>,87,2,[2 5],129,150,152,21,147
1,<environment.Job instance at 0x14eea9c6bf00>,88,1,[1 7],132,150,151,18,147
1,<environment.Job instance at 0x14eea9c6b910>,89,1,[ 1 10],134,152,153,18,147
1,<environment.Job instance at 0x14eea9c6b7d0>,90,3,[8 2],136,161,164,25,147
1,<environment.Job instance at 0x14eea9d91640>,91,3,[ 2 13],137,153,156,16,147
1,<environment.Job instance at 0x14eea9d917d0>,92,2,[2 8],138,156,158,18,147
1,<environment.Job instance at 0x14eea9d915f0>,93,20,[1 7],142,162,182,20,153
1,<environment.Job instance at 0x14eea9d910f0>,94,1,[10  1],143,164,165,21,153
1,<environment.Job instance at 0x14eea9d91e10>,95,18,[8 2],144,165,183,21,154
1,<environment.Job instance at 0x14eeae13f5f0>,96,3,[6 1],145,165,168,20,154
1,<environment.Job instance at 0x14eeae13fc30>,97,14,[ 2 10],146,182,196,36,167
1,<environment.Job instance at 0x14eea9e865a0>,98,2,[7 1],148,183,185,35,168
1,<environment.Job instance at 0x14eea9e863c0>,99,1,[1 7],149,196,197,47,168
1,<environment.Job instance at 0x14eea9e86320>,100,2,[7 1],150,185,187,35,168
1,<environment.Job instance at 0x14eea9e869b0>,101,1,[5 1],151,168,169,17,168
1,<environment.Job instance at 0x14eea9e86370>,102,3,[1 7],152,196,199,44,170
1,<environment.Job instance at 0x14eea9e86af0>,103,1,[9 1],156,187,188,31,170
1,<environment.Job instance at 0x14eea9e86820>,104,14,[11  2],157,197,211,40,182
1,<environment.Job instance at 0x14eea9cee4b0>,1,2,[9 1],3,3,5,0,3
1,<environment.Job instance at 0x14eea9cee410>,3,2,[ 1 13],5,5,7,0,5
1,<environment.Job instance at 0x14eea9e860f0>,6,3,[2 7],8,10,13,2,10
1,<environment.Job instance at 0x14eeb67723c0>,10,2,[2 6],18,19,21,1,19
1,<environment.Job instance at 0x14eebf269910>,11,15,[5 1],21,24,39,3,24
1,<environment.Job instance at 0x14eebcbf67d0>,14,1,[2 6],25,25,26,0,25
1,<environment.Job instance at 0x14eebee1ad20>,15,3,[6 1],26,26,29,0,26
1,<environment.Job instance at 0x14eeaa0d2f00>,16,1,[8 1],27,29,30,2,28
1,<environment.Job instance at 0x14eea9dc13c0>,17,18,[2 9],28,30,48,2,30
1,<environment.Job instance at 0x14eeb4087e60>,18,1,[8 1],30,33,34,3,33
1,<environment.Job instance at 0x14eeaa3c21e0>,20,13,[1 7],33,48,61,15,33
1,<environment.Job instance at 0x14eeadd44280>,21,17,[8 1],34,36,53,2,36
1,<environment.Job instance at 0x14eeadc84f00>,22,1,[1 9],35,61,62,26,36
1,<environment.Job instance at 0x14eeaa5a3c80>,26,3,[1 5],43,43,46,0,43
1,<environment.Job instance at 0x14eeacfa50a0>,27,1,[1 6],44,48,49,4,44
1,<environment.Job instance at 0x14eeb79f70f0>,28,3,[9 1],45,53,56,8,45
1,<environment.Job instance at 0x14eeaa5a3f50>,25,2,[6 2],42,49,51,7,46
1,<environment.Job instance at 0x14eeb7a2cc80>,29,2,[7 1],47,56,58,9,48
1,<environment.Job instance at 0x14eeaa3b3eb0>,30,3,[2 5],48,51,54,3,48
1,<environment.Job instance at 0x14eeae18ea00>,13,16,[1 7],24,62,78,38,49
1,<environment.Job instance at 0x14eeadd6f730>,32,2,[9 1],51,58,60,7,51
1,<environment.Job instance at 0x14eeb7a2cb40>,31,1,[1 5],49,54,55,5,53
1,<environment.Job instance at 0x14eea9d75dc0>,34,1,[2 5],58,58,59,0,58
1,<environment.Job instance at 0x14eea9d75b90>,35,17,[1 5],59,59,76,0,59
1,<environment.Job instance at 0x14eea9d75e10>,36,13,[2 7],60,76,89,16,60
1,<environment.Job instance at 0x14eea9d75aa0>,37,2,[7 1],61,61,63,0,61
1,<environment.Job instance at 0x14eea9d91870>,38,1,[2 7],64,78,79,14,64
1,<environment.Job instance at 0x14eea9d91f50>,40,1,[1 7],66,79,80,13,66
1,<environment.Job instance at 0x14eea9d91a00>,41,3,[1 7],67,80,83,13,67
1,<environment.Job instance at 0x14eebeb7dd70>,44,2,[1 8],70,83,85,13,70
1,<environment.Job instance at 0x14eebeb7d640>,45,28,[6 2],73,85,113,12,84
1,<environment.Job instance at 0x14eebeb7db90>,47,3,[8 2],77,89,92,12,84
1,<environment.Job instance at 0x14eebeb7d6e0>,48,21,[10  2],79,113,134,34,105
1,<environment.Job instance at 0x14eebeb7df50>,49,14,[1 6],80,105,119,25,105
1,<environment.Job instance at 0x14eebeb7d5f0>,51,1,[10  2],83,134,135,51,106
1,<environment.Job instance at 0x14eebeb7d190>,53,3,[10  1],85,135,138,50,114
1,<environment.Job instance at 0x14eebeb7d460>,54,2,[8 1],86,138,140,52,114
1,<environment.Job instance at 0x14eebeb7d960>,55,1,[10  1],87,140,141,53,114
1,<environment.Job instance at 0x14eebeb7de10>,56,1,[9 1],88,141,142,53,114
1,<environment.Job instance at 0x14eebeb7d370>,58,2,[8 1],92,142,144,50,125
1,<environment.Job instance at 0x14eeaa23e460>,60,1,[2 8],94,125,126,31,125
1,<environment.Job instance at 0x14eeaa23e0f0>,61,1,[1 8],95,126,127,31,125
1,<environment.Job instance at 0x14eeaa23e050>,62,1,[2 9],96,127,128,31,125
1,<environment.Job instance at 0x14eeaa23e690>,63,3,[ 2 10],97,128,131,31,125
1,<environment.Job instance at 0x14eeaa23ee10>,64,3,[1 7],98,131,134,33,125
1,<environment.Job instance at 0x14eeaa23e140>,65,2,[5 2],99,134,136,35,125
1,<environment.Job instance at 0x14eeaa23ec30>,66,2,[7 1],100,138,140,38,126
1,<environment.Job instance at 0x14eeaa23e870>,67,2,[2 5],101,131,133,30,126
1,<environment.Job instance at 0x14eeaa23e730>,68,1,[8 2],102,144,145,42,126
1,<environment.Job instance at 0x14eebca99b90>,43,15,[1 9],69,140,155,71,126
1,<environment.Job instance at 0x14eeaa23e5f0>,71,3,[1 6],105,145,148,40,126
1,<environment.Job instance at 0x14eeaa23ea50>,70,1,[10  2],104,148,149,44,129
1,<environment.Job instance at 0x14eeb7a5ea00>,75,2,[1 6],113,136,138,23,129
1,<environment.Job instance at 0x14eeaa23e9b0>,74,3,[2 5],112,140,143,28,129
1,<environment.Job instance at 0x14eeb7a5ec30>,77,1,[1 5],117,133,134,16,131
1,<environment.Job instance at 0x14eeb7a5edc0>,78,1,[2 9],119,155,156,36,131
1,<environment.Job instance at 0x14eeb7a5e050>,80,2,[8 2],122,149,151,27,143
1,<environment.Job instance at 0x14eeb7a5e320>,81,3,[6 2],124,149,152,25,143
1,<environment.Job instance at 0x14eeb7a5e8c0>,82,2,[2 9],126,156,158,30,143
1,<environment.Job instance at 0x14eea9dd4e60>,83,1,[8 2],127,151,152,24,143
1,<environment.Job instance at 0x14eea9dd42d0>,84,3,[5 1],128,152,155,24,143
1,<environment.Job instance at 0x14eea9dd4870>,85,3,[8 1],129,152,155,23,144
1,<environment.Job instance at 0x14eea9dd40a0>,86,3,[12  2],130,155,158,25,147
1,<environment.Job instance at 0x14eea9dd4b90>,88,1,[1 9],132,158,159,26,156
1,<environment.Job instance at 0x14eebf2a6280>,89,2,[ 1 10],134,159,161,25,156
1,<environment.Job instance at 0x14eea9dd46e0>,90,3,[5 1],135,158,161,23,156
1,<environment.Job instance at 0x14eea9dd4500>,91,3,[2 6],136,161,164,25,156
1,<environment.Job instance at 0x14eea9dd4910>,92,12,[9 2],137,159,171,22,159
1,<environment.Job instance at 0x14eea9dd4c80>,93,2,[9 1],139,171,173,32,159
1,<environment.Job instance at 0x14eebee184b0>,94,2,[ 2 14],140,171,173,31,159
1,<environment.Job instance at 0x14eebee185f0>,95,3,[1 6],141,161,164,20,159
1,<environment.Job instance at 0x14eebee18e60>,96,1,[ 2 10],142,164,165,22,159
1,<environment.Job instance at 0x14eebee18d70>,97,17,[ 2 11],143,173,190,30,161
1,<environment.Job instance at 0x14eebee185a0>,98,2,[2 7],144,165,167,21,161
1,<environment.Job instance at 0x14ef39b3b640>,99,2,[8 1],146,173,175,27,161
1,<environment.Job instance at 0x14eebef3a140>,102,14,[2 6],152,190,204,38,175
1,<environment.Job instance at 0x14eeaa0325a0>,103,1,[5 1],158,175,176,17,175
1,<environment.Job instance at 0x14eeaa47dc30>,1,18,[2 6],4,4,22,0,4
1,<environment.Job instance at 0x14eeaa47d4b0>,6,1,[12  1],10,13,14,3,13
1,<environment.Job instance at 0x14eeaa47db90>,9,12,[1 7],13,13,25,0,13
1,<environment.Job instance at 0x14eeaa47de60>,5,14,[6 2],9,14,28,5,13
1,<environment.Job instance at 0x14eeaa47da50>,11,3,[2 9],15,25,28,10,15
1,<environment.Job instance at 0x14eebee6be60>,10,1,[ 2 10],14,28,29,14,16
1,<environment.Job instance at 0x14eeaad170a0>,12,20,[5 2],16,22,42,6,16
1,<environment.Job instance at 0x14eead06df50>,14,13,[1 8],19,29,42,10,19
1,<environment.Job instance at 0x14eeaa3422d0>,15,1,[2 8],20,42,43,22,20
1,<environment.Job instance at 0x14eebc22f2d0>,16,1,[1 5],21,29,30,8,21
1,<environment.Job instance at 0x14eeaa17f780>,17,2,[2 9],24,43,45,19,24
1,<environment.Job instance at 0x14eeb7b995f0>,13,2,[2 7],18,45,47,27,27
1,<environment.Job instance at 0x14eeaa12c690>,19,2,[1 9],26,47,49,21,27
1,<environment.Job instance at 0x14eea9bab230>,22,3,[2 5],30,40,43,10,40
1,<environment.Job instance at 0x14eeaad3b050>,24,1,[2 9],32,49,50,17,41
1,<environment.Job instance at 0x14eea9babaf0>,25,2,[9 2],33,42,44,9,42
1,<environment.Job instance at 0x14eea9bab370>,26,17,[ 1 10],35,50,67,15,42
1,<environment.Job instance at 0x14eeb402af00>,27,1,[5 1],38,60,61,22,60
1,<environment.Job instance at 0x14eeb402a730>,28,1,[2 8],39,67,68,28,60
1,<environment.Job instance at 0x14eeb402aaa0>,29,3,[2 5],40,61,64,21,60
1,<environment.Job instance at 0x14eeb402a460>,30,1,[2 9],41,68,69,27,60
1,<environment.Job instance at 0x14eead0d0050>,31,18,[1 5],42,64,82,22,60
1,<environment.Job instance at 0x14eea99f34b0>,18,27,[1 8],25,69,96,44,67
1,<environment.Job instance at 0x14eea9948910>,8,3,[5 1],12,67,70,55,67
1,<environment.Job instance at 0x14eebcbb9f50>,36,3,[2 6],52,82,85,30,67
1,<environment.Job instance at 0x14eebcbb97d0>,37,2,[7 2],54,70,72,16,67
1,<environment.Job instance at 0x14eebcbb9550>,38,2,[10  1],55,72,74,17,68
1,<environment.Job instance at 0x14eebcbb99b0>,39,2,[2 7],56,85,87,29,68
1,<environment.Job instance at 0x14eebcbb98c0>,40,14,[2 7],57,87,101,30,72
1,<environment.Job instance at 0x14eebcbb9820>,42,3,[13  1],59,74,77,15,72
1,<environment.Job instance at 0x14eea99d0cd0>,45,2,[1 9],63,101,103,38,82
1,<environment.Job instance at 0x14eea9b584b0>,33,12,[10  2],47,96,108,49,82
1,<environment.Job instance at 0x14eea99d0fa0>,47,3,[9 1],66,82,85,16,82
1,<environment.Job instance at 0x14eea99d08c0>,48,12,[1 6],67,103,115,36,86
1,<environment.Job instance at 0x14eea99d0b40>,46,2,[1 7],65,103,105,38,93
1,<environment.Job instance at 0x14eebcc53780>,51,2,[ 2 10],71,115,117,44,94
1,<environment.Job instance at 0x14eebcc53730>,52,1,[ 1 10],72,117,118,45,94
1,<environment.Job instance at 0x14eebcc537d0>,53,3,[2 7],74,105,108,31,95
1,<environment.Job instance at 0x14eea9e1e280>,62,18,[1 6],84,118,136,34,115
1,<environment.Job instance at 0x14eebe530d70>,61,1,[ 2 12],82,136,137,54,125
1,<environment.Job instance at 0x14eea9e48550>,63,17,[5 2],85,133,150,48,133
1,<environment.Job instance at 0x14eea99d3aa0>,73,24,[1 6],100,137,161,37,133
1,<environment.Job instance at 0x14eead076280>,75,3,[6 2],104,137,140,33,135
1,<environment.Job instance at 0x14eead076050>,78,2,[ 2 10],109,161,163,52,135
1,<environment.Job instance at 0x14eeadda1d70>,79,17,[1 8],111,163,180,52,151
1,<environment.Job instance at 0x14eeadda1b40>,80,2,[1 9],112,151,153,39,151
1,<environment.Job instance at 0x14eead053af0>,49,1,[7 1],69,160,161,91,160
1,<environment.Job instance at 0x14eeadda10f0>,85,22,[1 5],120,160,182,40,160
1,<environment.Job instance at 0x14eeadda13c0>,84,12,[1 9],118,180,192,62,178
1,<environment.Job instance at 0x14eead22ca50>,91,20,[6 2],128,184,204,56,184
1,<environment.Job instance at 0x14eead22c960>,93,16,[ 1 10],130,192,208,62,189
1,<environment.Job instance at 0x14eeaa2c3050>,97,14,[ 2 10],136,208,222,72,193
1,<environment.Job instance at 0x14eead1167d0>,100,1,[10  1],139,204,205,65,201
1,<environment.Job instance at 0x14eead116780>,101,15,[2 7],140,222,237,82,208
1,<environment.Job instance at 0x14eeb7bc0730>,96,1,[14  2],135,237,238,102,222
1,<environment.Job instance at 0x14eea9b58320>,34,12,[ 1 14],49,238,250,189,222
1,<environment.Job instance at 0x14eead116730>,105,3,[8 2],145,222,225,77,222
1,<environment.Job instance at 0x14eead1160f0>,110,1,[2 8],153,233,234,80,233
1,<environment.Job instance at 0x14eead1169b0>,111,3,[2 7],154,234,237,80,233
1,<environment.Job instance at 0x14eead116a00>,112,1,[2 5],155,250,251,95,233
1,<environment.Job instance at 0x14eead116640>,113,2,[1 6],156,250,252,94,233
1,<environment.Job instance at 0x14eeaa58f730>,114,2,[10  2],157,250,252,93,233
1,<environment.Job instance at 0x14eead116230>,107,1,[1 5],149,251,252,102,240
1,<environment.Job instance at 0x14eead116410>,106,18,[5 2],148,252,270,104,244
1,<environment.Job instance at 0x14eeaa47d9b0>,7,2,[2 9],11,265,267,254,265
1,<environment.Job instance at 0x14eead116960>,2,20,[8 2],3,3,23,0,3
1,<environment.Job instance at 0x14eeaddc1c80>,13,16,[2 5],18,18,34,0,18
1,<environment.Job instance at 0x14eea99372d0>,14,1,[1 8],19,19,20,0,19
1,<environment.Job instance at 0x14eea9937190>,15,1,[2 5],20,20,21,0,20
1,<environment.Job instance at 0x14eea9937230>,16,2,[ 2 14],21,34,36,13,21
1,<environment.Job instance at 0x14eea9937be0>,18,1,[2 6],24,24,25,0,24
1,<environment.Job instance at 0x14eea9937e10>,20,2,[5 1],27,28,30,1,28
1,<environment.Job instance at 0x14eea9937b40>,22,1,[7 2],31,31,32,0,31
1,<environment.Job instance at 0x14eea9937c80>,23,1,[1 8],33,33,34,0,33
1,<environment.Job instance at 0x14eea9937a50>,24,3,[5 1],35,35,38,0,35
1,<environment.Job instance at 0x14eeaddd1be0>,25,2,[2 6],36,36,38,0,36
1,<environment.Job instance at 0x14eeaddd13c0>,26,18,[8 1],37,37,55,0,37
1,<environment.Job instance at 0x14eea99379b0>,21,16,[6 2],28,38,54,10,37
1,<environment.Job instance at 0x14eeaddd1e60>,28,1,[8 2],39,55,56,16,39
1,<environment.Job instance at 0x14eeaddd1460>,29,16,[6 2],40,54,70,14,41
1,<environment.Job instance at 0x14eeaddd18c0>,31,2,[9 1],43,56,58,13,43
1,<environment.Job instance at 0x14eeaddd1140>,32,16,[1 7],44,58,74,14,45
1,<environment.Job instance at 0x14eea990fb40>,34,2,[7 2],46,58,60,12,46
1,<environment.Job instance at 0x14eea990f320>,35,3,[5 2],47,60,63,13,48
1,<environment.Job instance at 0x14eea99447d0>,36,3,[2 8],49,70,73,21,49
1,<environment.Job instance at 0x14eea99440f0>,38,15,[6 2],54,73,88,19,64
1,<environment.Job instance at 0x14eea9944cd0>,43,15,[1 7],60,74,89,14,64
1,<environment.Job instance at 0x14eea9944050>,44,2,[1 7],61,88,90,27,64
1,<environment.Job instance at 0x14eea99a07d0>,45,2,[10  1],62,88,90,26,64
1,<environment.Job instance at 0x14eea99a0eb0>,46,1,[5 2],64,64,65,0,64
1,<environment.Job instance at 0x14eea99a0460>,48,1,[8 1],66,87,88,21,87
1,<environment.Job instance at 0x14eeaddc3190>,57,1,[ 1 10],75,90,91,15,87
1,<environment.Job instance at 0x14eeaddc3b90>,58,1,[1 8],76,91,92,15,87
1,<environment.Job instance at 0x14eeaddc3be0>,59,1,[7 2],77,90,91,13,89
1,<environment.Job instance at 0x14eeaddc3280>,61,24,[10  2],80,91,115,11,89
1,<environment.Job instance at 0x14eeaddc3f00>,62,12,[13  2],81,135,147,54,135
1,<environment.Job instance at 0x14eeaddc3870>,63,19,[8 1],82,147,166,65,137
1,<environment.Job instance at 0x14eeaddc3a00>,64,18,[ 1 10],84,137,155,53,137
1,<environment.Job instance at 0x14eea9914550>,66,2,[9 2],86,166,168,80,152
1,<environment.Job instance at 0x14eea9914d70>,67,1,[ 1 10],88,155,156,67,152
1,<environment.Job instance at 0x14eea9df6370>,69,1,[2 6],92,156,157,64,153
1,<environment.Job instance at 0x14eea9914eb0>,70,1,[1 8],93,156,157,63,153
1,<environment.Job instance at 0x14eea9df64b0>,71,12,[ 2 10],94,157,169,63,153
1,<environment.Job instance at 0x14eea9df6c80>,72,1,[1 9],95,169,170,74,153
1,<environment.Job instance at 0x14eea9944e60>,42,2,[8 1],59,168,170,109,153
1,<environment.Job instance at 0x14eea9df6be0>,74,1,[10  2],97,170,171,73,153
1,<environment.Job instance at 0x14eea9df6050>,75,1,[6 2],99,153,154,54,153
1,<environment.Job instance at 0x14eea9df6d20>,76,12,[8 2],100,171,183,71,154
1,<environment.Job instance at 0x14eea9df65f0>,77,3,[10  2],101,183,186,82,160
1,<environment.Job instance at 0x14eea9df6dc0>,78,3,[14  2],103,186,189,83,160
1,<environment.Job instance at 0x14eea9df67d0>,79,3,[2 6],108,170,173,62,161
1,<environment.Job instance at 0x14eea9df6a00>,80,1,[6 2],109,169,170,60,162
1,<environment.Job instance at 0x14eea9df6fa0>,81,2,[1 6],110,170,172,60,162
1,<environment.Job instance at 0x14eea9df62d0>,82,12,[1 9],111,173,185,62,162
1,<environment.Job instance at 0x14eea9df63c0>,83,3,[7 1],112,189,192,77,163
1,<environment.Job instance at 0x14eead3213c0>,84,1,[1 6],113,172,173,59,168
1,<environment.Job instance at 0x14eead321410>,85,3,[6 2],114,173,176,59,168
1,<environment.Job instance at 0x14eead3210a0>,86,2,[2 7],116,189,191,73,168
1,<environment.Job instance at 0x14eead3218c0>,87,3,[1 5],117,185,188,68,168
1,<environment.Job instance at 0x14eead3216e0>,88,3,[1 6],120,188,191,68,168
1,<environment.Job instance at 0x14eead321730>,89,2,[5 2],121,176,178,55,168
1,<environment.Job instance at 0x14eead321050>,90,2,[1 5],126,191,193,65,168
1,<environment.Job instance at 0x14eead321eb0>,91,3,[5 1],127,178,181,51,168
1,<environment.Job instance at 0x14eead321a00>,92,13,[10  1],128,192,205,64,176
1,<environment.Job instance at 0x14eead321c80>,94,3,[ 2 10],130,193,196,63,183
1,<environment.Job instance at 0x14eead3210f0>,96,2,[2 8],135,191,193,56,184
1,<environment.Job instance at 0x14eea9dd72d0>,97,3,[ 2 10],136,196,199,60,184
1,<environment.Job instance at 0x14eead3609b0>,98,1,[8 1],137,205,206,68,189
1,<environment.Job instance at 0x14eea9dd71e0>,99,20,[7 2],139,205,225,66,196
1,<environment.Job instance at 0x14eea9dd7870>,101,14,[2 6],141,206,220,65,197
1,<environment.Job instance at 0x14eead321d20>,93,1,[6 2],129,206,207,77,197
1,<environment.Job instance at 0x14eea9dd7f50>,102,2,[1 5],142,199,201,57,197
1,<environment.Job instance at 0x14eeaadcc050>,104,22,[1 8],144,220,242,76,213
1,<environment.Job instance at 0x14eea9bd9730>,105,1,[8 2],145,225,226,80,214
1,<environment.Job instance at 0x14eebcbb9eb0>,106,18,[1 6],146,226,244,80,215
1,<environment.Job instance at 0x14eea9bd9c80>,107,3,[2 6],147,215,218,68,215
1,<environment.Job instance at 0x14eea9dc9fa0>,108,3,[2 8],148,242,245,94,216
1,<environment.Job instance at 0x14eea9ee4a50>,109,20,[7 2],149,244,264,95,235
1,<environment.Job instance at 0x14eeaadccaa0>,103,1,[6 2],143,244,245,101,236
1,<environment.Job instance at 0x14eea9c015a0>,111,2,[7 1],151,236,238,85,236
1,<environment.Job instance at 0x14eea9c01cd0>,110,2,[10  2],150,264,266,114,237
1,<environment.Job instance at 0x14eeaddc7780>,113,1,[10  1],153,238,239,85,237
1,<environment.Job instance at 0x14eead145230>,114,1,[1 7],156,245,246,89,237
1,<environment.Job instance at 0x14eebcaf8730>,115,1,[10  2],157,266,267,109,238
1,<environment.Job instance at 0x14eeaa1afcd0>,116,1,[1 6],159,245,246,86,238
1,<environment.Job instance at 0x14eea9b67d70>,112,18,[2 8],152,246,264,94,239
1,<environment.Job instance at 0x14eeaddc3820>,60,1,[11  2],79,267,268,188,254
1,<environment.Job instance at 0x14eeaddd17d0>,33,14,[8 1],45,1227,1241,1182,1227
1,<environment.Job instance at 0x153a6bb14a50>,3,2,[1 7],6,9,11,3,9
1,<environment.Job instance at 0x153a165e8230>,8,13,[ 2 10],11,11,24,0,11
1,<environment.Job instance at 0x153a165f68c0>,11,28,[1 9],15,24,52,9,23
1,<environment.Job instance at 0x153a165f6230>,12,3,[6 2],16,23,26,7,23
1,<environment.Job instance at 0x153a165f6aa0>,13,13,[1 5],17,26,39,9,23
1,<environment.Job instance at 0x153a165f6a50>,14,1,[1 7],18,52,53,34,24
1,<environment.Job instance at 0x153a165f6050>,15,14,[6 2],20,39,53,19,30
1,<environment.Job instance at 0x153a16631460>,21,22,[8 2],28,39,61,11,32
1,<environment.Job instance at 0x153a16594a50>,22,3,[2 6],29,53,56,24,32
1,<environment.Job instance at 0x153a165cdcd0>,24,20,[ 1 10],32,56,76,24,47
1,<environment.Job instance at 0x153a15ebe460>,25,1,[6 1],34,56,57,22,47
1,<environment.Job instance at 0x153a15ebe1e0>,26,3,[9 1],36,61,64,25,47
1,<environment.Job instance at 0x153a15ebe190>,27,3,[2 8],37,76,79,39,50
1,<environment.Job instance at 0x153a15ebe8c0>,28,2,[1 9],38,79,81,41,52
1,<environment.Job instance at 0x153a15ebed20>,29,13,[1 6],39,76,89,37,60
1,<environment.Job instance at 0x153a15ebe960>,30,3,[1 8],41,81,84,40,60
1,<environment.Job instance at 0x153a15ebe6e0>,31,3,[8 1],42,64,67,22,60
1,<environment.Job instance at 0x153a15ebe730>,33,2,[5 1],44,67,69,23,67
1,<environment.Job instance at 0x153a15ebe780>,34,3,[9 2],45,67,70,22,67
1,<environment.Job instance at 0x153a15ebef00>,35,3,[10  2],47,70,73,23,67
1,<environment.Job instance at 0x153a15ebe2d0>,36,3,[1 6],48,84,87,36,67
1,<environment.Job instance at 0x153a16138410>,37,2,[2 7],49,87,89,38,67
1,<environment.Job instance at 0x153a15ebe690>,38,2,[8 2],50,73,75,23,67
1,<environment.Job instance at 0x153a15eb5370>,39,14,[2 5],51,89,103,38,74
1,<environment.Job instance at 0x153a165cc6e0>,40,1,[8 1],53,75,76,22,74
1,<environment.Job instance at 0x153a15eb5550>,41,1,[ 1 10],54,89,90,35,74
1,<environment.Job instance at 0x153a165cc910>,42,3,[1 6],55,90,93,35,74
1,<environment.Job instance at 0x153a165ccdc0>,43,2,[2 8],56,93,95,37,74
1,<environment.Job instance at 0x153a165cc4b0>,44,1,[2 9],57,95,96,38,74
1,<environment.Job instance at 0x153a165ccaa0>,45,2,[2 5],58,96,98,38,74
1,<environment.Job instance at 0x153a165ccd20>,46,1,[1 7],59,98,99,39,74
1,<environment.Job instance at 0x153a15ebc2d0>,48,15,[ 2 10],61,99,114,38,85
1,<environment.Job instance at 0x153a15ebc280>,49,1,[ 1 10],67,114,115,47,86
1,<environment.Job instance at 0x153a165e1960>,50,1,[1 8],68,115,116,47,87
1,<environment.Job instance at 0x153a165e10f0>,52,1,[8 1],70,87,88,17,87
1,<environment.Job instance at 0x153a165e1500>,53,1,[7 2],72,88,89,16,87
1,<environment.Job instance at 0x153a165e1550>,54,2,[10  1],74,90,92,16,87
1,<environment.Job instance at 0x153a161276e0>,55,2,[2 7],75,115,117,40,88
1,<environment.Job instance at 0x153a16127cd0>,56,18,[1 7],79,116,134,37,105
1,<environment.Job instance at 0x153a165e2c80>,57,3,[1 9],80,134,137,54,108
1,<environment.Job instance at 0x153a165e2780>,58,3,[6 1],83,108,111,25,108
1,<environment.Job instance at 0x153a165e2500>,59,2,[12  2],85,111,113,26,108
1,<environment.Job instance at 0x153a165e22d0>,60,17,[ 1 10],86,137,154,51,125
1,<environment.Job instance at 0x153a165e2140>,61,2,[5 2],87,125,127,38,125
1,<environment.Job instance at 0x153a15ec8230>,62,2,[1 5],89,125,127,36,125
1,<environment.Job instance at 0x153a15ec82d0>,63,2,[7 2],90,127,129,37,125
1,<environment.Job instance at 0x153a15ec8370>,64,18,[1 7],91,154,172,63,143
1,<environment.Job instance at 0x153a15ec80f0>,65,2,[2 7],93,154,156,61,143
1,<environment.Job instance at 0x153a15ec8190>,66,2,[9 2],94,143,145,49,143
1,<environment.Job instance at 0x153a15ec85f0>,67,15,[1 9],95,172,187,77,158
1,<environment.Job instance at 0x153a15ec83c0>,68,1,[1 5],98,158,159,60,158
1,<environment.Job instance at 0x153a15ec8500>,69,1,[10  2],101,158,159,57,158
1,<environment.Job instance at 0x153a15ec87d0>,70,1,[8 1],102,159,160,57,158
1,<environment.Job instance at 0x153a15ec8910>,71,2,[1 6],103,159,161,56,158
1,<environment.Job instance at 0x153a15ec8410>,72,2,[2 6],106,161,163,55,158
1,<environment.Job instance at 0x153a15ec8a00>,73,1,[8 1],107,160,161,53,158
1,<environment.Job instance at 0x153a15ec8960>,74,2,[1 5],108,163,165,55,158
1,<environment.Job instance at 0x153a15ec8be0>,76,3,[2 8],111,165,168,54,159
1,<environment.Job instance at 0x153a15ec8cd0>,77,2,[10  2],113,168,170,55,168
1,<environment.Job instance at 0x153a15ec8b40>,78,3,[8 1],117,170,173,53,170
1,<environment.Job instance at 0x153a15ec8a50>,79,3,[10  1],119,173,176,54,170
1,<environment.Job instance at 0x153a15ec8dc0>,80,3,[9 2],120,176,179,56,170
1,<environment.Job instance at 0x153a15ec8fa0>,81,12,[1 7],121,187,199,66,170
1,<environment.Job instance at 0x153a15ecd0a0>,82,16,[1 7],122,187,203,65,174
1,<environment.Job instance at 0x153a15ecd1e0>,83,2,[9 1],123,179,181,56,174
1,<environment.Job instance at 0x153a15ecd280>,84,18,[2 5],124,199,217,75,188
1,<environment.Job instance at 0x153a15ecd320>,85,2,[1 5],125,203,205,78,188
1,<environment.Job instance at 0x153a15ecd6e0>,86,3,[2 5],127,203,206,76,188
1,<environment.Job instance at 0x153a15ecd910>,88,3,[1 6],129,206,209,77,188
1,<environment.Job instance at 0x153a15ecdaf0>,91,1,[5 2],134,199,200,65,189
1,<environment.Job instance at 0x153a15ecd870>,92,16,[1 9],136,209,225,73,196
1,<environment.Job instance at 0x153a15ecdbe0>,93,18,[1 5],137,217,235,80,206
1,<environment.Job instance at 0x153a15ecdcd0>,94,1,[ 2 10],138,225,226,87,206
1,<environment.Job instance at 0x153a15ecdd70>,95,3,[7 1],139,206,209,67,206
1,<environment.Job instance at 0x153a15ecdb40>,96,1,[2 5],143,226,227,83,206
1,<environment.Job instance at 0x153a15ecdf00>,97,2,[1 7],145,227,229,82,206
1,<environment.Job instance at 0x153a15ecd8c0>,98,2,[9 1],146,209,211,63,206
1,<environment.Job instance at 0x153a15ecdfa0>,99,3,[2 9],148,229,232,81,206
1,<environment.Job instance at 0x153a15ed1190>,100,2,[6 1],152,211,213,59,206
1,<environment.Job instance at 0x153a15ed1230>,102,1,[1 8],154,232,233,78,211
1,<environment.Job instance at 0x153a15ed1410>,103,2,[2 5],156,233,235,77,211
1,<environment.Job instance at 0x153a15ed10f0>,104,13,[12  2],158,232,245,74,229
1,<environment.Job instance at 0x153a15ed1a00>,105,1,[9 2],159,245,246,86,229
1,<environment.Job instance at 0x153a15ed1aa0>,106,14,[5 1],160,245,259,85,230
1,<environment.Job instance at 0x153a15ed1cd0>,107,2,[7 2],161,246,248,85,230
1,<environment.Job instance at 0x153a15ed1d70>,108,3,[1 7],162,235,238,73,230
1,<environment.Job instance at 0x153a15ed1e10>,109,2,[2 8],163,238,240,75,230
1,<environment.Job instance at 0x153a15ed1eb0>,110,3,[1 5],164,235,238,71,230
1,<environment.Job instance at 0x153a15ed1f50>,111,15,[1 5],165,238,253,73,230
1,<environment.Job instance at 0x153a15ed1f00>,112,3,[9 1],167,248,251,81,230
1,<environment.Job instance at 0x153a15ed1a50>,113,3,[2 7],168,240,243,72,230
1,<environment.Job instance at 0x153a15ee9c80>,4,18,[2 5],10,10,28,0,10
1,<environment.Job instance at 0x153a233d0690>,6,1,[1 6],12,12,13,0,12
1,<environment.Job instance at 0x153a233d0870>,5,1,[5 2],11,13,14,2,13
1,<environment.Job instance at 0x153a233dbd20>,8,17,[1 5],14,14,31,0,14
1,<environment.Job instance at 0x153a233dbc80>,10,1,[1 9],16,28,29,12,16
1,<environment.Job instance at 0x153a233db320>,11,3,[ 1 10],17,29,32,12,17
1,<environment.Job instance at 0x153a233dba00>,7,14,[12  1],13,31,45,18,17
1,<environment.Job instance at 0x153a23f5bdc0>,18,18,[ 2 10],26,32,50,6,26
1,<environment.Job instance at 0x153a23f5b7d0>,19,3,[ 1 10],27,50,53,23,27
1,<environment.Job instance at 0x153a23f5b690>,20,2,[8 2],28,45,47,17,28
1,<environment.Job instance at 0x153a23439500>,22,2,[2 5],31,47,49,16,31
1,<environment.Job instance at 0x153a234391e0>,23,1,[1 5],32,49,50,17,32
1,<environment.Job instance at 0x153a233a3f00>,24,3,[11  1],33,50,53,17,33
1,<environment.Job instance at 0x153a234460f0>,26,3,[2 6],35,53,56,18,35
1,<environment.Job instance at 0x153a2340d8c0>,27,18,[ 1 10],47,56,74,9,47
1,<environment.Job instance at 0x153a23442eb0>,28,26,[2 5],48,53,79,5,50
1,<environment.Job instance at 0x153a234105f0>,30,1,[10  1],50,53,54,3,52
1,<environment.Job instance at 0x153a234e58c0>,32,3,[6 1],53,74,77,21,53
1,<environment.Job instance at 0x153a234e5640>,33,1,[8 2],54,55,56,1,55
1,<environment.Job instance at 0x153a234e5870>,35,26,[2 9],56,74,100,18,71
1,<environment.Job instance at 0x153a23466730>,38,3,[1 6],62,79,82,17,71
1,<environment.Job instance at 0x153a23466370>,39,2,[1 6],63,82,84,19,71
1,<environment.Job instance at 0x153a3807a190>,40,2,[1 7],64,100,102,36,73
1,<environment.Job instance at 0x153a3807a0a0>,41,22,[2 7],65,100,122,35,93
1,<environment.Job instance at 0x153a3807a370>,42,1,[5 1],67,93,94,26,93
1,<environment.Job instance at 0x153a3807aaa0>,43,2,[2 8],68,102,104,34,93
1,<environment.Job instance at 0x153a3807a5a0>,44,18,[2 8],69,104,122,35,93
1,<environment.Job instance at 0x153a3807aa50>,45,2,[9 2],70,94,96,24,93
1,<environment.Job instance at 0x153a233aa690>,46,2,[6 1],72,96,98,24,93
1,<environment.Job instance at 0x153a38085370>,47,1,[10  1],73,98,99,25,93
1,<environment.Job instance at 0x153a234e9190>,48,2,[6 1],74,96,98,22,93
1,<environment.Job instance at 0x153a236f5280>,49,13,[2 9],75,122,135,47,106
1,<environment.Job instance at 0x153a236f5640>,50,3,[9 1],79,122,125,43,106
1,<environment.Job instance at 0x153a236f5eb0>,51,3,[1 7],80,135,138,55,109
1,<environment.Job instance at 0x153a23701d20>,53,2,[1 5],82,122,124,40,109
1,<environment.Job instance at 0x153a233310a0>,54,15,[ 1 10],85,138,153,53,124
1,<environment.Job instance at 0x153a23331af0>,55,16,[7 1],88,125,141,37,124
1,<environment.Job instance at 0x153a234a7e60>,57,2,[1 8],91,153,155,62,126
1,<environment.Job instance at 0x153a234e3b40>,58,1,[1 6],92,135,136,43,128
1,<environment.Job instance at 0x153a234e3b90>,60,2,[8 2],94,141,143,47,130
1,<environment.Job instance at 0x153a234e3be0>,61,2,[5 2],95,130,132,35,130
1,<environment.Job instance at 0x153a234e3640>,62,3,[1 8],97,155,158,58,130
1,<environment.Job instance at 0x153a234e3fa0>,63,2,[5 2],99,132,134,33,130
1,<environment.Job instance at 0x153a234e3370>,64,2,[2 7],101,136,138,35,130
1,<environment.Job instance at 0x153a234e3f00>,65,3,[ 2 10],103,158,161,55,132
1,<environment.Job instance at 0x153a234e3dc0>,66,1,[1 5],104,134,135,30,132
1,<environment.Job instance at 0x153a234e3eb0>,67,2,[1 9],105,161,163,56,134
1,<environment.Job instance at 0x153a23409eb0>,68,17,[1 7],106,163,180,57,151
1,<environment.Job instance at 0x153a23409fa0>,69,2,[5 2],108,151,153,43,151
1,<environment.Job instance at 0x153a2335aaa0>,70,2,[1 5],109,153,155,44,151
1,<environment.Job instance at 0x153a2335a0a0>,71,1,[7 2],110,151,152,41,151
1,<environment.Job instance at 0x153a2335a690>,72,3,[8 2],112,152,155,40,151
1,<environment.Job instance at 0x153a2333ad70>,73,3,[5 2],113,155,158,42,151
1,<environment.Job instance at 0x153a2333a4b0>,74,2,[2 5],115,155,157,40,151
1,<environment.Job instance at 0x153a2333a960>,75,14,[ 1 10],116,180,194,64,165
1,<environment.Job instance at 0x153a2333ab40>,76,1,[6 2],117,165,166,48,165
1,<environment.Job instance at 0x153a2333a460>,77,3,[2 5],118,165,168,47,165
1,<environment.Job instance at 0x153a2333a3c0>,78,14,[2 5],119,168,182,49,165
1,<environment.Job instance at 0x153a2333ad20>,79,2,[7 1],120,166,168,46,165
1,<environment.Job instance at 0x153a2333aeb0>,80,2,[1 8],121,194,196,73,167
1,<environment.Job instance at 0x153a38073320>,81,2,[12  1],122,168,170,46,167
1,<environment.Job instance at 0x153a38073cd0>,83,27,[5 1],124,182,209,58,180
1,<environment.Job instance at 0x153a38073960>,84,17,[10  1],125,196,213,71,184
1,<environment.Job instance at 0x153a38073a50>,85,17,[1 9],126,209,226,83,197
1,<environment.Job instance at 0x153a380739b0>,87,1,[6 1],129,213,214,84,199
1,<environment.Job instance at 0x153a38073b40>,88,1,[8 1],131,213,214,82,200
1,<environment.Job instance at 0x153a23f5c6e0>,90,18,[6 2],133,214,232,81,203
1,<environment.Job instance at 0x153a23f5c050>,93,15,[2 7],139,226,241,87,215
1,<environment.Job instance at 0x153a23f5cf00>,94,2,[2 8],140,232,234,92,215
1,<environment.Job instance at 0x153a23f5ce10>,95,12,[1 9],141,241,253,100,224
1,<environment.Job instance at 0x153a23f5cbe0>,96,14,[ 2 10],142,253,267,111,238
1,<environment.Job instance at 0x153a23f5c3c0>,97,2,[6 2],143,238,240,95,238
1,<environment.Job instance at 0x153a23f5cd70>,98,3,[8 2],144,240,243,96,238
1,<environment.Job instance at 0x153a23f5cc30>,99,1,[6 2],146,238,239,92,238
1,<environment.Job instance at 0x153a23f5c280>,100,2,[1 6],148,239,241,91,238
1,<environment.Job instance at 0x153a23f5ce60>,102,2,[ 1 10],151,267,269,116,240
1,<environment.Job instance at 0x153a2349e410>,103,2,[6 1],152,241,243,89,240
1,<environment.Job instance at 0x153a2349ecd0>,104,2,[10  2],153,243,245,90,240
1,<environment.Job instance at 0x153a2349e230>,105,3,[2 6],154,245,248,91,240
1,<environment.Job instance at 0x153a2349e370>,106,2,[7 2],156,248,250,92,240
1,<environment.Job instance at 0x153a2349eb90>,107,1,[9 1],158,250,251,92,240
1,<environment.Job instance at 0x153a2349e780>,108,3,[1 9],159,269,272,110,243
1,<environment.Job instance at 0x153a2349e550>,109,26,[1 7],160,272,298,112,269
1,<environment.Job instance at 0x153a2349e500>,110,2,[6 2],161,269,271,108,269
1,<environment.Job instance at 0x153a2349e3c0>,111,2,[2 6],164,271,273,107,269
1,<environment.Job instance at 0x153a2349ee60>,112,1,[1 7],165,273,274,108,269
1,<environment.Job instance at 0x153a2349e280>,113,2,[10  2],166,274,276,108,269
1,<environment.Job instance at 0x153a236f0960>,114,2,[6 2],167,269,271,102,269
1,<environment.Job instance at 0x153a236f0410>,115,2,[10  1],168,272,274,104,269
1,<environment.Job instance at 0x153a236f0f00>,116,1,[7 2],169,276,277,107,269
1,<environment.Job instance at 0x153a236f0cd0>,2,2,[8 1],3,3,5,0,3
1,<environment.Job instance at 0x153a157b7230>,3,14,[ 2 10],4,4,18,0,4
1,<environment.Job instance at 0x153a157b7280>,4,14,[6 1],5,10,24,5,10
1,<environment.Job instance at 0x153a157b76e0>,8,25,[2 6],11,18,43,7,14
1,<environment.Job instance at 0x153a157b7b40>,9,2,[2 8],12,18,20,6,14
1,<environment.Job instance at 0x153a3a764aa0>,10,2,[1 5],13,20,22,7,14
1,<environment.Job instance at 0x153a157b72d0>,7,15,[7 2],9,22,37,13,14
1,<environment.Job instance at 0x153a18832910>,13,3,[2 5],19,24,27,5,19
1,<environment.Job instance at 0x153a3a7645f0>,12,3,[2 5],16,27,30,11,22
1,<environment.Job instance at 0x153a15bafb40>,14,17,[1 7],22,30,47,8,23
1,<environment.Job instance at 0x153a15763190>,15,1,[1 5],26,43,44,17,30
1,<environment.Job instance at 0x153a200f9550>,17,1,[1 7],30,44,45,14,33
1,<environment.Job instance at 0x153a158c4050>,18,12,[6 1],31,43,55,12,43
1,<environment.Job instance at 0x153a200f9fa0>,19,12,[1 8],32,47,59,15,43
1,<environment.Job instance at 0x153a158c4320>,20,3,[1 6],34,45,48,11,43
1,<environment.Job instance at 0x153a158c47d0>,21,1,[ 1 13],35,59,60,24,43
1,<environment.Job instance at 0x153a15763cd0>,16,2,[5 1],29,45,47,16,43
1,<environment.Job instance at 0x153a158c4fa0>,22,2,[1 5],36,48,50,12,43
1,<environment.Job instance at 0x153a15a1f7d0>,24,2,[10  1],38,55,57,17,47
1,<environment.Job instance at 0x153a158cb780>,25,1,[12  2],40,57,58,17,47
1,<environment.Job instance at 0x153a158cb8c0>,26,3,[2 5],42,50,53,8,47
1,<environment.Job instance at 0x153a158cb690>,27,3,[1 7],43,60,63,17,47
1,<environment.Job instance at 0x153a158cb5a0>,23,16,[1 7],37,60,76,23,47
1,<environment.Job instance at 0x153a18c98190>,30,1,[9 1],46,58,59,12,47
1,<environment.Job instance at 0x153a18c98730>,31,18,[1 8],47,63,81,16,52
1,<environment.Job instance at 0x153a2346b500>,1,3,[13  2],2,76,79,74,55
1,<environment.Job instance at 0x153a18c98410>,29,1,[8 1],45,59,60,14,56
1,<environment.Job instance at 0x153a18d07460>,33,3,[5 2],51,79,82,28,62
1,<environment.Job instance at 0x153a3811e820>,35,1,[8 1],53,62,63,9,62
1,<environment.Job instance at 0x153a18c98910>,32,17,[10  1],48,81,98,33,72
1,<environment.Job instance at 0x153a2346baf0>,5,1,[8 2],6,98,99,92,84
1,<environment.Job instance at 0x153a168ff550>,46,1,[5 2],72,84,85,12,84
1,<environment.Job instance at 0x153a15a37e10>,54,12,[1 8],83,85,97,2,85
1,<environment.Job instance at 0x153a15c6cc30>,55,15,[2 6],85,86,101,1,86
1,<environment.Job instance at 0x153a38145e10>,57,18,[1 8],87,99,117,12,88
1,<environment.Job instance at 0x153a232d3b40>,47,3,[10  2],74,101,104,27,88
1,<environment.Job instance at 0x153a38145b90>,60,1,[7 2],91,104,105,13,91
1,<environment.Job instance at 0x153a195602d0>,62,1,[13  1],93,105,106,12,94
1,<environment.Job instance at 0x153a19560370>,63,22,[7 2],95,106,128,11,99
1,<environment.Job instance at 0x153a195607d0>,64,1,[2 7],96,117,118,21,99
1,<environment.Job instance at 0x153a19560af0>,66,14,[ 1 10],99,118,132,19,103
1,<environment.Job instance at 0x153a195601e0>,71,15,[7 1],107,122,137,15,122
1,<environment.Job instance at 0x153a19560190>,72,2,[2 6],108,132,134,24,122
1,<environment.Job instance at 0x153a19560e10>,73,2,[6 1],109,128,130,19,122
1,<environment.Job instance at 0x153a19560500>,74,3,[2 8],111,132,135,21,122
1,<environment.Job instance at 0x153a19560e60>,75,2,[5 2],112,130,132,18,122
1,<environment.Job instance at 0x153a19560280>,76,2,[2 7],113,135,137,22,122
1,<environment.Job instance at 0x153a19560f00>,77,3,[1 8],114,137,140,23,122
1,<environment.Job instance at 0x153a197825a0>,78,22,[9 1],115,137,159,22,130
1,<environment.Job instance at 0x153a19782cd0>,81,2,[ 1 10],119,140,142,21,138
1,<environment.Job instance at 0x153a19782d70>,83,26,[10  1],121,159,185,38,156
1,<environment.Job instance at 0x153a2014db40>,84,3,[ 2 12],122,156,159,34,156
1,<environment.Job instance at 0x153a2014dd20>,86,3,[6 2],125,185,188,60,162
1,<environment.Job instance at 0x153a2014dd70>,87,2,[1 6],127,162,164,35,162
1,<environment.Job instance at 0x153a2014d870>,88,1,[12  1],128,188,189,60,162
1,<environment.Job instance at 0x153a2014d6e0>,89,18,[2 8],129,162,180,33,162
1,<environment.Job instance at 0x153a203dcbe0>,90,1,[7 1],133,185,186,52,162
1,<environment.Job instance at 0x153a203dc500>,91,2,[2 5],134,164,166,30,162
1,<environment.Job instance at 0x153a203dcf50>,92,1,[5 2],135,180,181,45,162
1,<environment.Job instance at 0x153a203dc910>,94,1,[2 5],137,166,167,29,163
1,<environment.Job instance at 0x153a203dc320>,96,1,[1 5],139,177,178,38,177
1,<environment.Job instance at 0x153a203dc0a0>,97,1,[8 1],142,186,187,44,177
1,<environment.Job instance at 0x153a15bfb050>,98,2,[7 1],143,189,191,46,177
1,<environment.Job instance at 0x153a15bfbeb0>,99,2,[2 7],144,181,183,37,177
1,<environment.Job instance at 0x153a15bfb0a0>,100,1,[5 2],145,183,184,38,177
1,<environment.Job instance at 0x153a15bfbc30>,101,1,[1 5],148,178,179,30,177
1,<environment.Job instance at 0x153a15bfbd20>,102,2,[6 1],149,189,191,40,177
1,<environment.Job instance at 0x153a15bfbe60>,103,18,[10  2],150,191,209,41,182
1,<environment.Job instance at 0x153a15bfbf00>,106,13,[1 8],153,184,197,31,183
1,<environment.Job instance at 0x153a15bfb690>,107,3,[ 2 10],154,197,200,43,183
1,<environment.Job instance at 0x153a15bfb550>,108,1,[1 7],155,200,201,45,195
1,<environment.Job instance at 0x153a1882d690>,2,2,[2 9],4,4,6,0,4
1,<environment.Job instance at 0x153a158d75a0>,31,12,[1 5],52,66,78,14,66
1,<environment.Job instance at 0x153a15ee07d0>,32,3,[2 7],53,66,69,13,66
1,<environment.Job instance at 0x153a158d7cd0>,33,18,[2 8],54,69,87,15,66
1,<environment.Job instance at 0x153a2346b050>,34,2,[1 9],56,87,89,31,69
1,<environment.Job instance at 0x153a2346bd70>,35,1,[1 8],57,89,90,32,75
1,<environment.Job instance at 0x153a18d07c80>,36,3,[ 1 10],58,90,93,32,75
1,<environment.Job instance at 0x153a2346b550>,37,2,[1 5],59,86,88,27,86
1,<environment.Job instance at 0x153a15874190>,41,3,[7 2],68,90,93,22,90
1,<environment.Job instance at 0x153a3805b910>,42,2,[2 6],70,93,95,23,90
1,<environment.Job instance at 0x153a15874960>,43,2,[2 5],72,93,95,21,90
1,<environment.Job instance at 0x153a19543870>,44,16,[ 2 10],73,95,111,22,90
1,<environment.Job instance at 0x153a15ab0b40>,45,1,[1 9],76,111,112,35,90
1,<environment.Job instance at 0x153a19543550>,46,18,[7 1],77,91,109,14,91
1,<environment.Job instance at 0x153a1975daf0>,38,17,[2 5],63,109,126,46,97
1,<environment.Job instance at 0x153a1596d050>,52,1,[1 9],87,112,113,25,102
1,<environment.Job instance at 0x153a195380f0>,53,3,[ 1 10],88,113,116,25,103
1,<environment.Job instance at 0x153a19538500>,54,3,[ 1 10],90,116,119,26,103
1,<environment.Job instance at 0x153a15b5ff00>,48,3,[8 1],80,119,122,39,103
1,<environment.Job instance at 0x153a195385a0>,57,2,[8 1],93,111,113,18,103
1,<environment.Job instance at 0x153a19538eb0>,58,1,[5 2],95,103,104,8,103
1,<environment.Job instance at 0x153a195388c0>,60,2,[1 9],99,119,121,20,103
1,<environment.Job instance at 0x153a19538f00>,61,3,[1 7],101,121,124,20,103
1,<environment.Job instance at 0x153a197012d0>,62,15,[ 1 10],102,124,139,22,110
1,<environment.Job instance at 0x153a19701e60>,68,3,[2 6],110,139,142,29,113
1,<environment.Job instance at 0x153a196c7f00>,69,20,[5 1],111,126,146,15,117
1,<environment.Job instance at 0x153a196c7b90>,72,2,[2 7],115,139,141,24,129
1,<environment.Job instance at 0x153a196c7690>,74,15,[8 1],119,141,156,22,141
1,<environment.Job instance at 0x153a196c7960>,78,14,[ 1 10],126,143,157,17,143
1,<environment.Job instance at 0x153a169061e0>,82,2,[2 9],132,157,159,25,143
1,<environment.Job instance at 0x153a16906280>,83,16,[1 8],133,159,175,26,146
1,<environment.Job instance at 0x153a16906c30>,84,1,[2 9],134,175,176,41,148
1,<environment.Job instance at 0x153a16906870>,87,14,[1 9],138,176,190,38,161
1,<environment.Job instance at 0x153a16906aa0>,88,15,[1 5],139,161,176,22,161
1,<environment.Job instance at 0x153a16906f00>,89,1,[1 5],142,176,177,34,161
1,<environment.Job instance at 0x153a23439cd0>,10,2,[7 2],20,161,163,141,161
1,<environment.Job instance at 0x153a23f5dd20>,94,1,[1 9],149,190,191,41,169
1,<environment.Job instance at 0x153a23f5d410>,95,1,[2 9],150,191,192,41,169
1,<environment.Job instance at 0x153a23f5d5f0>,96,1,[2 9],151,192,193,41,169
1,<environment.Job instance at 0x153a23f5d1e0>,97,14,[1 6],154,177,191,23,170
1,<environment.Job instance at 0x153a23f5dfa0>,98,2,[1 7],155,193,195,38,170
1,<environment.Job instance at 0x153a23f5d9b0>,99,1,[2 7],156,193,194,37,170
1,<environment.Job instance at 0x153a23f5de60>,100,2,[1 9],157,195,197,38,170
1,<environment.Job instance at 0x153a3807d5f0>,105,1,[2 7],166,194,195,28,182
1,<environment.Job instance at 0x153a3807d820>,106,2,[1 6],167,191,193,24,182
1,<environment.Job instance at 0x153a23439960>,9,1,[2 8],17,987,988,970,987
1,<environment.Job instance at 0x153a188cf0a0>,2,12,[5 1],7,8,20,1,8
1,<environment.Job instance at 0x153a18ba8190>,3,12,[ 2 10],8,8,20,0,8
1,<environment.Job instance at 0x153a22087b40>,4,1,[10  1],9,20,21,11,15
1,<environment.Job instance at 0x153a15de9d20>,8,2,[8 2],14,15,17,1,15
1,<environment.Job instance at 0x153a15de9500>,9,1,[1 7],15,20,21,5,15
1,<environment.Job instance at 0x153a15de9b40>,10,3,[2 9],16,21,24,5,16
1,<environment.Job instance at 0x153a39a59780>,11,3,[ 1 14],17,24,27,7,17
1,<environment.Job instance at 0x153a15c6ca00>,12,3,[1 8],22,27,30,5,22
1,<environment.Job instance at 0x153a195eab90>,13,2,[10  2],23,27,29,4,23
1,<environment.Job instance at 0x153a380b9cd0>,14,1,[11  1],24,24,25,0,24
1,<environment.Job instance at 0x153a38145d20>,15,3,[8 1],26,29,32,3,26
1,<environment.Job instance at 0x153a196b3d70>,16,17,[2 8],27,30,47,3,27
1,<environment.Job instance at 0x153a15d8ec30>,17,3,[1 9],28,47,50,19,28
1,<environment.Job instance at 0x153a15850c80>,20,3,[1 8],32,50,53,18,32
1,<environment.Job instance at 0x153a16604d70>,21,2,[5 1],33,37,39,4,37
1,<environment.Job instance at 0x153a2014b2d0>,22,2,[2 9],34,53,55,19,37
1,<environment.Job instance at 0x153a189c2a50>,23,2,[2 8],35,55,57,20,37
1,<environment.Job instance at 0x153a166040f0>,24,1,[2 6],37,42,43,5,42
1,<environment.Job instance at 0x153a165cc550>,27,1,[2 9],43,57,58,14,44
1,<environment.Job instance at 0x153a234e40a0>,29,3,[2 7],46,50,53,4,46
1,<environment.Job instance at 0x153a3a0888c0>,30,1,[10  1],47,48,49,1,48
1,<environment.Job instance at 0x153a3a088280>,31,15,[1 7],48,58,73,10,48
1,<environment.Job instance at 0x153a1583c820>,7,1,[8 1],13,49,50,36,49
1,<environment.Job instance at 0x153a201c0370>,33,2,[2 9],50,73,75,23,51
1,<environment.Job instance at 0x153a68253a50>,35,3,[1 5],52,53,56,1,52
1,<environment.Job instance at 0x153a18930820>,36,3,[1 6],53,56,59,3,53
1,<environment.Job instance at 0x153a18930aa0>,37,2,[2 6],54,59,61,5,54
1,<environment.Job instance at 0x153a18930550>,38,1,[9 1],55,55,56,0,55
1,<environment.Job instance at 0x153a195924b0>,39,1,[ 2 10],56,75,76,19,56
1,<environment.Job instance at 0x153a19592730>,40,2,[1 8],58,61,63,3,58
1,<environment.Job instance at 0x153a19592f00>,41,16,[5 1],59,63,79,4,59
1,<environment.Job instance at 0x153a195925f0>,42,12,[ 2 10],61,76,88,15,62
1,<environment.Job instance at 0x153a19592050>,44,1,[1 7],64,88,89,24,75
1,<environment.Job instance at 0x153a2349e960>,45,3,[1 6],65,88,91,23,76
1,<environment.Job instance at 0x153a2349ec30>,46,2,[5 2],66,78,80,12,78
1,<environment.Job instance at 0x153a23f7e320>,48,1,[9 2],69,80,81,11,78
1,<environment.Job instance at 0x153a23f7ee60>,49,3,[2 8],70,89,92,19,78
1,<environment.Job instance at 0x153a15bfb730>,50,13,[1 6],71,91,104,20,78
1,<environment.Job instance at 0x153a15bfb1e0>,51,17,[ 1 14],72,104,121,32,92
1,<environment.Job instance at 0x153a15bfbb90>,52,2,[1 5],73,92,94,19,92
1,<environment.Job instance at 0x153a15bfb690>,53,12,[1 9],74,121,133,47,104
1,<environment.Job instance at 0x153a15bfbf00>,54,3,[2 6],75,121,124,46,104
1,<environment.Job instance at 0x153a15bfb820>,56,2,[11  2],77,124,126,47,122
1,<environment.Job instance at 0x153a15bfb910>,57,2,[1 9],78,133,135,55,122
1,<environment.Job instance at 0x153a15bfbeb0>,59,1,[9 1],80,126,127,46,123
1,<environment.Job instance at 0x153a15bfb640>,60,1,[8 1],81,127,128,46,124
1,<environment.Job instance at 0x153a15bfb0f0>,61,1,[1 5],82,126,127,44,124
1,<environment.Job instance at 0x153a15bfb0a0>,65,12,[2 9],87,135,147,48,124
1,<environment.Job instance at 0x153a16106e60>,67,15,[7 2],90,130,145,40,130
1,<environment.Job instance at 0x153a16106730>,68,1,[7 2],91,133,134,42,133
1,<environment.Job instance at 0x153a188c5f50>,34,18,[2 7],51,147,165,96,136
1,<environment.Job instance at 0x153a16106d20>,70,1,[ 1 10],93,165,166,72,137
1,<environment.Job instance at 0x153a16106280>,71,2,[2 6],94,145,147,51,137
1,<environment.Job instance at 0x153a2349eaf0>,43,3,[10  2],62,147,150,85,138
1,<environment.Job instance at 0x153a161067d0>,72,1,[ 2 10],95,166,167,71,138
1,<environment.Job instance at 0x153a16106c80>,74,16,[6 1],98,150,166,52,138
1,<environment.Job instance at 0x153a16106fa0>,73,1,[2 9],97,167,168,70,149
1,<environment.Job instance at 0x153a16106370>,77,1,[7 1],107,150,151,43,149
1,<environment.Job instance at 0x153a15662780>,78,14,[1 5],108,151,165,43,149
1,<environment.Job instance at 0x153a161069b0>,79,14,[9 2],109,166,180,57,151
1,<environment.Job instance at 0x153a156623c0>,80,1,[2 7],111,168,169,57,151
1,<environment.Job instance at 0x153a15662230>,81,2,[10  2],112,242,244,130,242
1,<environment.Job instance at 0x153a233819b0>,93,14,[9 2],134,244,258,110,242
1,<environment.Job instance at 0x153a16106be0>,75,12,[2 8],104,242,254,138,242
1,<environment.Job instance at 0x153a23381230>,94,18,[9 1],135,258,276,123,247
1,<environment.Job instance at 0x153a23381730>,95,2,[5 2],136,267,269,131,267
1,<environment.Job instance at 0x153a200b8e10>,97,2,[ 2 14],138,269,271,131,268
1,<environment.Job instance at 0x153a233814b0>,96,2,[10  2],137,276,278,139,268
1,<environment.Job instance at 0x153a200b8c30>,99,1,[ 2 10],142,271,272,129,268
1,<environment.Job instance at 0x153a200b8910>,100,1,[10  2],144,278,279,134,268
1,<environment.Job instance at 0x153a200b8dc0>,101,16,[7 1],145,279,295,134,268
1,<environment.Job instance at 0x153a23381c30>,91,13,[ 2 12],130,274,287,144,274
1,<environment.Job instance at 0x153a200b88c0>,98,2,[10  1],140,295,297,155,274
1,<environment.Job instance at 0x153a200b80a0>,107,16,[1 6],151,287,303,136,274
1,<environment.Job instance at 0x153a38132960>,110,1,[9 2],155,297,298,142,276
1,<environment.Job instance at 0x153a38132cd0>,111,3,[6 1],157,279,282,122,276
1,<environment.Job instance at 0x153a38132aa0>,112,1,[ 1 10],158,303,304,145,276
1,<environment.Job instance at 0x153a381328c0>,113,1,[8 2],160,298,299,138,277
1,<environment.Job instance at 0x153a381325f0>,114,2,[2 7],161,287,289,126,277
1,<environment.Job instance at 0x153a381321e0>,115,12,[2 7],163,289,301,126,277
1,<environment.Job instance at 0x153a38132fa0>,116,20,[ 2 10],164,304,324,140,295
1,<environment.Job instance at 0x153a38132870>,117,15,[2 9],165,324,339,159,310
1,<environment.Job instance at 0x153a157b1b90>,118,12,[1 5],166,310,322,144,310
1,<environment.Job instance at 0x153a157b1be0>,121,13,[ 2 10],169,339,352,170,324
1,<environment.Job instance at 0x153a15a27d20>,7,1,[8 2],13,13,14,0,13
1,<environment.Job instance at 0x153a1589eb40>,3,2,[2 5],8,13,15,5,13
1,<environment.Job instance at 0x153a15a27500>,8,3,[ 2 13],14,15,18,1,14
1,<environment.Job instance at 0x153a15a27230>,6,1,[14  2],12,18,19,6,14
1,<environment.Job instance at 0x153a19707b40>,9,2,[7 1],16,19,21,3,19
1,<environment.Job instance at 0x153a23fddaa0>,12,1,[6 1],23,23,24,0,23
1,<environment.Job instance at 0x153a234ccfa0>,13,1,[7 2],24,24,25,0,24
1,<environment.Job instance at 0x153a195bdaa0>,14,2,[ 1 10],25,25,27,0,25
1,<environment.Job instance at 0x153a15ba3d20>,16,1,[2 6],27,27,28,0,27
1,<environment.Job instance at 0x153a165f7e10>,17,3,[1 7],28,28,31,0,28
1,<environment.Job instance at 0x153a165f7370>,18,1,[8 2],30,30,31,0,30
1,<environment.Job instance at 0x153a195748c0>,19,2,[2 8],32,32,34,0,32
1,<environment.Job instance at 0x153a18c4fe10>,20,1,[5 2],35,35,36,0,35
1,<environment.Job instance at 0x153a195810a0>,21,18,[1 9],40,40,58,0,40
1,<environment.Job instance at 0x153a234a7370>,28,13,[1 6],49,49,62,0,49
1,<environment.Job instance at 0x153a234a7960>,29,12,[1 5],50,58,70,8,50
1,<environment.Job instance at 0x153a234a7b40>,30,2,[9 2],51,58,60,7,51
1,<environment.Job instance at 0x153a234a7b90>,31,16,[ 2 10],53,62,78,9,53
1,<environment.Job instance at 0x153a20029820>,34,2,[1 5],58,70,72,12,58
1,<environment.Job instance at 0x153a20029320>,35,1,[10  2],59,60,61,1,59
1,<environment.Job instance at 0x153a20029190>,36,2,[ 1 10],60,78,80,18,60
1,<environment.Job instance at 0x153a200292d0>,33,2,[ 2 10],57,80,82,23,61
1,<environment.Job instance at 0x153a20029af0>,39,1,[8 2],63,72,73,9,63
1,<environment.Job instance at 0x153a1975ad70>,41,2,[1 7],65,82,84,17,65
1,<environment.Job instance at 0x153a19580140>,42,18,[8 1],66,73,91,7,67
1,<environment.Job instance at 0x153a19580500>,44,18,[1 9],68,84,102,16,73
1,<environment.Job instance at 0x153a19580550>,46,17,[1 9],71,102,119,31,90
1,<environment.Job instance at 0x153a1711fe10>,47,2,[2 5],72,90,92,18,90
1,<environment.Job instance at 0x153a19580820>,48,23,[6 1],73,91,114,18,90
1,<environment.Job instance at 0x153a1711f0a0>,49,2,[2 6],74,114,116,40,90
1,<environment.Job instance at 0x153a1711f3c0>,50,14,[2 5],75,92,106,17,90
1,<environment.Job instance at 0x153a1958dc80>,52,13,[1 7],77,119,132,42,103
1,<environment.Job instance at 0x153a1958d690>,53,3,[11  1],78,116,119,38,104
1,<environment.Job instance at 0x153a1958d050>,54,2,[8 2],79,106,108,27,104
1,<environment.Job instance at 0x153a1958d730>,55,13,[1 8],81,119,132,38,104
1,<environment.Job instance at 0x153a19584190>,56,2,[8 2],82,108,110,26,104
1,<environment.Job instance at 0x153a19584460>,57,3,[7 1],83,110,113,27,104
1,<environment.Job instance at 0x153a19584820>,58,1,[1 8],85,132,133,47,104
1,<environment.Job instance at 0x153a195840a0>,59,1,[8 2],86,113,114,27,104
1,<environment.Job instance at 0x153a19584be0>,60,3,[1 8],90,133,136,43,107
1,<environment.Job instance at 0x153a19582780>,61,1,[2 6],93,132,133,39,107
1,<environment.Job instance at 0x153a19582370>,62,1,[2 7],95,133,134,38,107
1,<environment.Job instance at 0x153a200c7140>,63,1,[7 1],96,132,133,36,107
1,<environment.Job instance at 0x153a19582550>,64,3,[6 2],98,134,137,36,108
1,<environment.Job instance at 0x153a200c7190>,65,2,[2 6],100,136,138,36,109
1,<environment.Job instance at 0x153a200c7280>,66,14,[1 8],101,137,151,36,122
1,<environment.Job instance at 0x153a200c78c0>,68,2,[10  2],103,138,140,35,122
1,<environment.Job instance at 0x153a15acef50>,70,2,[ 1 10],106,151,153,45,124
1,<environment.Job instance at 0x153a15ace690>,71,3,[2 6],107,140,143,33,124
1,<environment.Job instance at 0x153a15ace5f0>,72,2,[1 9],108,153,155,45,126
1,<environment.Job instance at 0x153a15ace550>,73,3,[2 8],109,155,158,46,129
1,<environment.Job instance at 0x153a15ace460>,74,1,[1 7],111,136,137,25,129
1,<environment.Job instance at 0x153a15acea00>,75,2,[2 8],112,158,160,46,131
1,<environment.Job instance at 0x153a15ace050>,76,3,[8 1],113,140,143,27,131
1,<environment.Job instance at 0x153a15acee60>,77,2,[2 6],114,143,145,29,131
1,<environment.Job instance at 0x153a15aceaf0>,80,2,[2 9],119,160,162,41,134
1,<environment.Job instance at 0x153a18bc73c0>,81,2,[5 1],120,134,136,14,134
1,<environment.Job instance at 0x153a18bc7500>,82,3,[ 2 12],121,162,165,41,136
1,<environment.Job instance at 0x153a18bc7410>,83,2,[1 5],122,138,140,16,136
1,<environment.Job instance at 0x153a18bc7eb0>,84,16,[7 1],124,143,159,19,136
1,<environment.Job instance at 0x153a18bc7140>,85,3,[ 2 10],125,165,168,40,139
1,<environment.Job instance at 0x153a18bc7230>,86,19,[10  1],127,159,178,32,149
1,<environment.Job instance at 0x153a18bc70a0>,87,2,[1 9],129,168,170,39,149
1,<environment.Job instance at 0x153a18bc74b0>,88,1,[2 9],131,170,171,39,149
1,<environment.Job instance at 0x153a19572050>,89,2,[ 2 10],132,171,173,39,149
1,<environment.Job instance at 0x153a19572190>,90,3,[2 9],133,173,176,40,149
1,<environment.Job instance at 0x153a19572870>,91,13,[2 7],135,176,189,41,160
1,<environment.Job instance at 0x153a19572aa0>,92,3,[10  2],136,178,181,42,160
1,<environment.Job instance at 0x153a19572370>,93,14,[2 9],137,189,203,52,174
1,<environment.Job instance at 0x153a19572a00>,94,2,[8 1],138,181,183,43,174
1,<environment.Job instance at 0x153a195729b0>,95,1,[2 6],139,176,177,37,174
1,<environment.Job instance at 0x153a195724b0>,96,1,[9 2],140,183,184,43,174
1,<environment.Job instance at 0x153a234043c0>,97,2,[ 1 10],141,203,205,62,176
1,<environment.Job instance at 0x153a23404aa0>,100,12,[2 5],146,177,189,31,176
1,<environment.Job instance at 0x153a23404050>,101,1,[1 5],148,189,190,41,176
1,<environment.Job instance at 0x153a23404c30>,102,3,[8 2],150,184,187,34,177
1,<environment.Job instance at 0x153a23404eb0>,103,15,[5 1],151,187,202,36,180
1,<environment.Job instance at 0x153a23404230>,104,17,[5 2],152,190,207,38,180
1,<environment.Job instance at 0x153a234044b0>,105,12,[1 6],153,205,217,52,188
1,<environment.Job instance at 0x153a23404140>,107,2,[2 7],155,205,207,50,188
1,<environment.Job instance at 0x153a234049b0>,108,12,[2 6],156,207,219,51,190
1,<environment.Job instance at 0x153a23404190>,110,3,[5 2],158,202,205,44,190
1,<environment.Job instance at 0x153a23404e10>,111,1,[8 2],160,207,208,47,190
1,<environment.Job instance at 0x153a23404690>,113,1,[5 2],162,208,209,46,192
1,<environment.Job instance at 0x153a19613960>,114,2,[14  1],163,219,221,56,193
1,<environment.Job instance at 0x153a19613f00>,115,22,[6 2],164,221,243,57,214
1,<environment.Job instance at 0x153a196138c0>,116,3,[ 1 10],165,219,222,54,214
1,<environment.Job instance at 0x153a19613730>,117,15,[ 1 10],166,222,237,56,214
1,<environment.Job instance at 0x153a19613550>,118,2,[2 9],167,217,219,50,214
1,<environment.Job instance at 0x153a19613320>,119,1,[12  2],168,214,215,46,214
1,<environment.Job instance at 0x153a19613190>,120,2,[1 6],169,237,239,68,214
1,<environment.Job instance at 0x153a196a8b40>,40,15,[ 1 12],64,239,254,175,225
1,<environment.Job instance at 0x153a19580640>,43,18,[8 2],67,842,860,775,842
1,<environment.Job instance at 0x153a195805a0>,45,3,[10  1],69,2002,2005,1933,2002
1,<environment.Job instance at 0x153a15b81690>,1,1,[2 9],3,3,4,0,3
1,<environment.Job instance at 0x153a15b81eb0>,2,2,[8 2],6,6,8,0,6
1,<environment.Job instance at 0x153a19580410>,3,1,[1 5],9,9,10,0,9
1,<environment.Job instance at 0x153a18b63e10>,4,2,[6 2],10,10,12,0,10
1,<environment.Job instance at 0x153a18b63cd0>,5,2,[5 1],12,12,14,0,12
1,<environment.Job instance at 0x153a18b63280>,7,3,[8 2],17,22,25,5,22
1,<environment.Job instance at 0x153a18b635a0>,11,2,[6 2],23,23,25,0,23
1,<environment.Job instance at 0x153a18b83dc0>,12,2,[1 8],24,24,26,0,24
1,<environment.Job instance at 0x153a18b830a0>,13,21,[2 5],25,25,46,0,25
1,<environment.Job instance at 0x153a18b631e0>,14,15,[8 1],27,27,42,0,27
1,<environment.Job instance at 0x153a18b634b0>,8,14,[1 6],20,27,41,7,27
1,<environment.Job instance at 0x153a18b837d0>,17,3,[2 7],30,41,44,11,30
1,<environment.Job instance at 0x153a18b7f5a0>,19,3,[5 2],34,42,45,8,34
1,<environment.Job instance at 0x153a18b7f190>,20,2,[1 7],35,44,46,9,35
1,<environment.Job instance at 0x153a18b7fa00>,22,2,[2 5],39,46,48,7,39
1,<environment.Job instance at 0x153a18b7f5f0>,23,1,[10  2],40,45,46,5,40
1,<environment.Job instance at 0x153a18b78870>,24,3,[2 8],41,46,49,5,41
1,<environment.Job instance at 0x153a18b78c80>,25,3,[6 1],42,42,45,0,42
1,<environment.Job instance at 0x153a18b78dc0>,26,14,[2 9],43,49,63,6,43
1,<environment.Job instance at 0x153a18b81c30>,27,16,[2 5],44,48,64,4,44
1,<environment.Job instance at 0x153a18b78190>,28,1,[1 9],46,63,64,17,47
1,<environment.Job instance at 0x153a15e411e0>,29,3,[7 2],47,64,67,17,47
1,<environment.Job instance at 0x153a15e41a00>,31,1,[8 2],49,64,65,15,49
1,<environment.Job instance at 0x153a15c7f640>,32,3,[ 1 10],50,65,68,15,50
1,<environment.Job instance at 0x153a15c8c780>,33,3,[ 1 12],51,68,71,17,51
1,<environment.Job instance at 0x153a15c8caf0>,35,3,[2 5],53,71,74,18,54
1,<environment.Job instance at 0x153a15e74050>,37,1,[9 2],58,67,68,9,58
1,<environment.Job instance at 0x153a18b63dc0>,10,12,[9 1],22,68,80,46,60
1,<environment.Job instance at 0x153a15c72910>,41,2,[ 1 11],65,74,76,9,65
1,<environment.Job instance at 0x153a15c72a00>,42,2,[7 2],67,80,82,13,67
1,<environment.Job instance at 0x153a15e63f50>,40,1,[9 2],63,82,83,19,68
1,<environment.Job instance at 0x153a15c729b0>,44,1,[7 2],69,80,81,11,69
1,<environment.Job instance at 0x153a6826caa0>,45,1,[ 1 10],70,76,77,6,70
1,<environment.Job instance at 0x153a6826c640>,46,16,[ 2 10],71,81,97,10,71
1,<environment.Job instance at 0x153a15c90460>,47,3,[2 6],72,77,80,5,72
1,<environment.Job instance at 0x153a15c72460>,43,17,[9 1],68,83,100,15,72
1,<environment.Job instance at 0x153a15c90d20>,51,14,[ 1 11],80,97,111,17,82
1,<environment.Job instance at 0x153a23fdd1e0>,52,12,[2 9],82,111,123,29,94
1,<environment.Job instance at 0x153a23fdd960>,53,3,[2 6],83,111,114,28,94
1,<environment.Job instance at 0x153a23fdd550>,55,3,[14  2],86,100,103,14,100
1,<environment.Job instance at 0x153a23fddaf0>,56,2,[8 2],88,103,105,15,100
1,<environment.Job instance at 0x153a23fdd500>,58,16,[1 7],90,123,139,33,110
1,<environment.Job instance at 0x153a3a2f7730>,63,17,[1 7],95,125,142,30,125
1,<environment.Job instance at 0x153a3a2f7aa0>,66,1,[ 1 10],99,142,143,43,126
1,<environment.Job instance at 0x153a3a2f77d0>,65,1,[1 5],97,139,140,42,127
1,<environment.Job instance at 0x153a3a2f7320>,73,12,[2 8],109,143,155,34,129
1,<environment.Job instance at 0x153a3a2f7f50>,74,3,[1 9],110,155,158,45,129
1,<environment.Job instance at 0x153a159ff0f0>,75,3,[1 6],114,143,146,29,129
1,<environment.Job instance at 0x153a159ff230>,76,3,[2 5],115,140,143,25,129
1,<environment.Job instance at 0x153a159ffaa0>,77,27,[ 2 10],116,158,185,42,156
1,<environment.Job instance at 0x153a159ffa00>,78,18,[1 9],117,185,203,68,174
1,<environment.Job instance at 0x153a159ff9b0>,79,16,[2 9],118,203,219,85,190
1,<environment.Job instance at 0x153a15c90e60>,50,2,[8 2],78,190,192,112,190
1,<environment.Job instance at 0x153a15b73af0>,84,3,[9 1],125,192,195,67,190
1,<environment.Job instance at 0x153a19530d20>,85,19,[2 5],126,192,211,66,190
1,<environment.Job instance at 0x153a15b73230>,83,2,[1 5],124,211,213,87,190
1,<environment.Job instance at 0x153a39a2d8c0>,86,3,[1 9],127,219,222,92,193
1,<environment.Job instance at 0x153a18b869b0>,90,2,[9 2],131,213,215,82,193
1,<environment.Job instance at 0x153a18b861e0>,91,3,[ 1 14],132,222,225,90,196
1,<environment.Job instance at 0x153a18b86c30>,92,1,[2 9],134,225,226,91,197
1,<environment.Job instance at 0x153a18b86b90>,93,1,[1 8],136,226,227,90,198
1,<environment.Job instance at 0x153a18b86370>,95,2,[ 1 10],138,227,229,89,202
1,<environment.Job instance at 0x153a18b86dc0>,98,16,[1 5],142,225,241,83,212
1,<environment.Job instance at 0x153a18b86d20>,94,14,[1 8],137,229,243,92,214
1,<environment.Job instance at 0x153a18b864b0>,100,3,[1 5],144,215,218,71,214
1,<environment.Job instance at 0x153a18b86140>,101,2,[1 9],145,243,245,98,216
1,<environment.Job instance at 0x153a18b86820>,103,2,[ 1 10],147,245,247,98,218
1,<environment.Job instance at 0x153a15c661e0>,106,1,[9 1],152,234,235,82,234
1,<environment.Job instance at 0x153a15c66230>,107,2,[2 5],153,241,243,88,234
1,<environment.Job instance at 0x153a15c66cd0>,108,1,[10  1],155,235,236,80,234
1,<environment.Job instance at 0x153a15c66320>,109,1,[5 2],157,236,237,79,234
1,<environment.Job instance at 0x153a15c666e0>,110,27,[5 1],159,237,264,78,235
1,<environment.Job instance at 0x153a18b86aa0>,104,1,[5 2],150,243,244,93,235
1,<environment.Job instance at 0x153a15c66a00>,112,2,[8 1],163,237,239,74,235
1,<environment.Job instance at 0x153a15c66b90>,114,2,[1 9],166,247,249,81,235
1,<environment.Job instance at 0x153a15c668c0>,116,3,[1 9],168,249,252,81,237
1,<environment.Job instance at 0x153a18a51190>,2,1,[1 8],7,7,8,0,7
1,<environment.Job instance at 0x153a18a51e60>,3,2,[9 1],8,9,11,1,9
1,<environment.Job instance at 0x153a18a51c30>,4,2,[1 8],10,10,12,0,10
1,<environment.Job instance at 0x153a18a51460>,5,2,[9 1],11,11,13,0,11
1,<environment.Job instance at 0x153a18a51870>,6,23,[2 9],13,13,36,0,13
1,<environment.Job instance at 0x153a18a51140>,7,14,[ 1 13],14,36,50,22,21
1,<environment.Job instance at 0x153a23f841e0>,11,1,[1 6],18,21,22,3,21
1,<environment.Job instance at 0x153a23f84e10>,12,2,[2 6],19,22,24,3,21
1,<environment.Job instance at 0x153a15b8ee10>,14,2,[ 1 10],22,50,52,28,23
1,<environment.Job instance at 0x153a18b83b90>,15,2,[1 5],24,24,26,0,24
1,<environment.Job instance at 0x153a18b836e0>,16,18,[6 2],27,27,45,0,27
1,<environment.Job instance at 0x153a201375f0>,17,14,[2 9],28,52,66,24,37
1,<environment.Job instance at 0x153a15ca2e60>,18,2,[1 6],29,52,54,23,37
1,<environment.Job instance at 0x153a23ffb050>,19,3,[1 9],31,66,69,35,40
1,<environment.Job instance at 0x153a18b83870>,20,1,[10  1],32,45,46,13,40
1,<environment.Job instance at 0x153a23fe0dc0>,21,3,[5 1],33,46,49,13,40
1,<environment.Job instance at 0x153a156626e0>,22,2,[8 1],34,46,48,12,40
1,<environment.Job instance at 0x153a234e58c0>,23,3,[ 2 10],35,69,72,34,43
1,<environment.Job instance at 0x153a23fd3500>,24,1,[ 1 12],37,72,73,35,44
1,<environment.Job instance at 0x153a23fca140>,25,1,[ 1 10],38,73,74,35,45
1,<environment.Job instance at 0x153a23fd3050>,26,18,[1 9],39,74,92,35,63
1,<environment.Job instance at 0x153a18884640>,27,12,[1 9],41,92,104,51,75
1,<environment.Job instance at 0x153a18884f50>,28,3,[1 9],42,104,107,62,78
1,<environment.Job instance at 0x153a23ffd190>,29,18,[5 2],43,78,96,35,78
1,<environment.Job instance at 0x153a156b46e0>,32,17,[2 7],48,107,124,59,95
1,<environment.Job instance at 0x153a156b4050>,33,2,[1 6],49,96,98,47,95
1,<environment.Job instance at 0x153a156b4640>,34,18,[5 2],50,98,116,48,95
1,<environment.Job instance at 0x153a156b4280>,35,1,[6 2],51,95,96,44,95
1,<environment.Job instance at 0x153a156b4b40>,36,2,[1 7],53,116,118,63,95
1,<environment.Job instance at 0x153a18a51050>,1,2,[9 1],5,98,100,93,95
1,<environment.Job instance at 0x153a156b4820>,37,17,[5 1],54,100,117,46,95
1,<environment.Job instance at 0x153a1567c640>,41,17,[1 8],58,118,135,60,106
1,<environment.Job instance at 0x153a1567ca50>,42,18,[8 1],59,124,142,65,113
1,<environment.Job instance at 0x153a1567ccd0>,43,1,[5 2],61,129,130,68,129
1,<environment.Job instance at 0x153a23fdfd20>,48,3,[2 6],67,130,133,63,129
1,<environment.Job instance at 0x153a200c39b0>,49,17,[14  2],68,142,159,74,136
1,<environment.Job instance at 0x153a200c3b90>,50,18,[1 8],69,136,154,67,136
1,<environment.Job instance at 0x153a233cd460>,51,1,[1 6],70,136,137,66,136
1,<environment.Job instance at 0x153a233cdcd0>,52,16,[1 7],71,154,170,83,141
1,<environment.Job instance at 0x153a233cdf50>,53,3,[2 5],72,159,162,87,141
1,<environment.Job instance at 0x153a1977e050>,54,3,[1 7],74,162,165,88,141
1,<environment.Job instance at 0x153a23f62370>,55,2,[9 2],75,159,161,84,141
1,<environment.Job instance at 0x153a1887acd0>,56,2,[7 1],76,161,163,85,141
1,<environment.Job instance at 0x153a1887a1e0>,57,1,[1 8],77,165,166,88,141
1,<environment.Job instance at 0x153a17dacfa0>,58,1,[8 1],78,163,164,85,141
1,<environment.Job instance at 0x153a16662d20>,60,2,[1 6],80,166,168,86,141
1,<environment.Job instance at 0x153a157795a0>,61,2,[7 2],82,166,168,84,141
1,<environment.Job instance at 0x153a23f5e910>,62,1,[ 2 10],83,170,171,87,142
1,<environment.Job instance at 0x153a1570c5a0>,64,2,[2 6],87,168,170,81,147
1,<environment.Job instance at 0x153a158c5370>,65,15,[10  2],88,168,183,80,160
1,<environment.Job instance at 0x153a23f847d0>,10,1,[6 2],17,183,184,166,160
1,<environment.Job instance at 0x153a166628c0>,66,2,[6 2],89,183,185,94,160
1,<environment.Job instance at 0x153a18c87370>,68,2,[2 7],91,171,173,80,160
1,<environment.Job instance at 0x153a17da5fa0>,69,1,[7 2],92,184,185,92,160
1,<environment.Job instance at 0x153a18986410>,70,1,[1 9],93,173,174,80,160
1,<environment.Job instance at 0x153a1978b820>,71,1,[1 8],94,174,175,80,160
1,<environment.Job instance at 0x153a15ddcf00>,73,1,[10  1],97,185,186,88,169
1,<environment.Job instance at 0x153a15ddcbe0>,74,1,[6 2],98,186,187,88,169
1,<environment.Job instance at 0x153a15ddcdc0>,75,22,[10  1],100,187,209,87,180
1,<environment.Job instance at 0x153a18a51af0>,8,12,[1 7],15,192,204,177,192
1,<environment.Job instance at 0x153a189524b0>,79,1,[1 8],106,204,205,98,192
1,<environment.Job instance at 0x153a15bb0550>,67,15,[7 1],90,209,224,119,195
1,<environment.Job instance at 0x153a18952500>,78,1,[2 7],105,195,196,90,195
1,<environment.Job instance at 0x153a18952a50>,81,3,[5 2],108,205,208,97,195
1,<environment.Job instance at 0x153a18952320>,83,1,[ 1 10],110,208,209,98,195
1,<environment.Job instance at 0x153a18952e10>,84,1,[2 5],111,196,197,85,195
1,<environment.Job instance at 0x153a19538050>,85,2,[ 1 10],112,209,211,97,195
1,<environment.Job instance at 0x153a19538d20>,86,2,[2 8],113,211,213,98,195
1,<environment.Job instance at 0x153a15a54aa0>,87,1,[8 2],114,213,214,99,195
1,<environment.Job instance at 0x153a15a54050>,88,2,[6 1],117,209,211,92,195
1,<environment.Job instance at 0x153a15a54690>,89,1,[5 2],120,211,212,91,195
1,<environment.Job instance at 0x153a15a54c80>,90,1,[9 2],121,224,225,103,196
1,<environment.Job instance at 0x153a15a54870>,91,2,[8 2],122,214,216,92,196
1,<environment.Job instance at 0x153a15a54280>,92,1,[6 2],123,212,213,89,196
1,<environment.Job instance at 0x153a15a54b40>,93,3,[ 2 10],125,216,219,91,196
1,<environment.Job instance at 0x153a23fdf640>,47,1,[13  2],65,225,226,160,200
1,<environment.Job instance at 0x153a189520a0>,80,1,[7 1],107,219,220,112,201
1,<environment.Job instance at 0x153a15a54fa0>,96,1,[7 2],129,220,221,91,207
1,<environment.Job instance at 0x153a18837f00>,97,25,[2 5],130,221,246,91,217
1,<environment.Job instance at 0x153a18837a50>,98,3,[1 8],131,219,222,88,217
1,<environment.Job instance at 0x153a188375f0>,99,17,[7 1],132,226,243,94,217
1,<environment.Job instance at 0x153a15a54500>,95,2,[8 2],128,243,245,115,217
1,<environment.Job instance at 0x153a15686460>,101,1,[8 2],134,245,246,111,217
1,<environment.Job instance at 0x153a15686fa0>,102,2,[5 1],135,217,219,82,217
1,<environment.Job instance at 0x153a15686f00>,103,2,[6 1],136,222,224,86,217
1,<environment.Job instance at 0x153a15686b90>,104,3,[6 2],137,226,229,89,217
1,<environment.Job instance at 0x153a156860f0>,105,3,[10  1],138,246,249,108,221
1,<environment.Job instance at 0x153a15686c80>,106,18,[2 7],139,229,247,90,222
1,<environment.Job instance at 0x153a1569c230>,110,18,[2 8],148,247,265,99,236
1,<environment.Job instance at 0x153a1569cd70>,111,2,[2 8],150,265,267,115,238
1,<environment.Job instance at 0x153a1569ca00>,112,2,[2 5],151,246,248,95,238
1,<environment.Job instance at 0x153a1569c1e0>,113,16,[8 1],153,249,265,96,238
1,<environment.Job instance at 0x153a1569ce60>,114,2,[2 6],154,248,250,94,238
1,<environment.Job instance at 0x153a1569cf00>,115,1,[10  2],155,265,266,110,238
1,<environment.Job instance at 0x153a1569c550>,118,27,[5 1],158,266,293,108,264
1,<environment.Job instance at 0x153a1569ccd0>,119,3,[5 2],160,266,269,106,264
1,<environment.Job instance at 0x153a156965f0>,120,2,[2 9],162,267,269,105,264
1,<environment.Job instance at 0x153a156960a0>,121,27,[9 2],163,269,296,106,267
1,<environment.Job instance at 0x153a15696f00>,123,2,[2 9],166,293,295,127,267
1,<environment.Job instance at 0x153a189520f0>,82,1,[10  1],109,296,297,187,274
1,<environment.Job instance at 0x153a20192eb0>,2,1,[2 9],4,4,5,0,4
1,<environment.Job instance at 0x153a189523c0>,3,1,[7 2],6,6,7,0,6
1,<environment.Job instance at 0x153a158c3dc0>,4,3,[ 1 12],9,9,12,0,9
1,<environment.Job instance at 0x153a158c32d0>,6,1,[1 8],15,15,16,0,15
1,<environment.Job instance at 0x153a18946320>,10,22,[9 2],20,20,42,0,20
1,<environment.Job instance at 0x153a189464b0>,9,1,[2 5],19,20,21,1,20
1,<environment.Job instance at 0x153a189469b0>,12,1,[9 1],26,42,43,16,32
1,<environment.Job instance at 0x153a18946cd0>,16,2,[7 2],32,43,45,11,32
1,<environment.Job instance at 0x153a18946e10>,17,2,[2 5],33,33,35,0,33
1,<environment.Job instance at 0x153a17d8b730>,18,3,[2 6],34,34,37,0,34
1,<environment.Job instance at 0x153a18946910>,19,15,[1 6],36,36,51,0,36
1,<environment.Job instance at 0x153a18946c80>,15,18,[2 6],30,41,59,11,41
1,<environment.Job instance at 0x153a15cf9d70>,23,1,[6 2],42,45,46,3,42
1,<environment.Job instance at 0x153a15ea2910>,24,3,[1 6],43,51,54,8,43
1,<environment.Job instance at 0x153a159130f0>,25,1,[2 6],44,54,55,10,44
1,<environment.Job instance at 0x153a15e9b870>,26,2,[ 2 10],45,59,61,14,45
1,<environment.Job instance at 0x153a1662e370>,22,2,[2 8],40,55,57,15,46
1,<environment.Job instance at 0x153a18b874b0>,29,3,[ 2 10],49,61,64,12,50
1,<environment.Job instance at 0x153a18b87f50>,30,3,[5 1],50,54,57,4,54
1,<environment.Job instance at 0x153a23fe0320>,35,17,[ 2 10],56,64,81,8,56
1,<environment.Job instance at 0x153a1959b410>,37,1,[2 9],59,81,82,22,59
1,<environment.Job instance at 0x153a15eaa6e0>,38,3,[ 1 10],60,82,85,22,60
1,<environment.Job instance at 0x153a189866e0>,39,1,[1 9],61,85,86,24,61
1,<environment.Job instance at 0x153a18cb8af0>,45,3,[2 6],71,85,88,14,76
1,<environment.Job instance at 0x153a18cb8960>,48,1,[1 7],74,86,87,12,77
1,<environment.Job instance at 0x153a18c8c320>,50,1,[ 1 11],76,88,89,12,77
1,<environment.Job instance at 0x153a1582b1e0>,51,2,[1 9],78,89,91,11,78
1,<environment.Job instance at 0x153a18cb8140>,49,2,[9 2],75,78,80,3,78
1,<environment.Job instance at 0x153a18c6db40>,52,2,[2 6],79,89,91,10,80
1,<environment.Job instance at 0x153a18946aa0>,14,1,[1 7],29,87,88,58,82
1,<environment.Job instance at 0x153a15e77aa0>,53,3,[9 1],82,91,94,9,87
1,<environment.Job instance at 0x153a2008daa0>,55,2,[7 1],88,94,96,6,90
1,<environment.Job instance at 0x153a156d0820>,57,18,[1 9],90,91,109,1,90
1,<environment.Job instance at 0x153a3a2fbe60>,58,18,[ 2 10],91,109,127,18,98
1,<environment.Job instance at 0x153a3a2fb910>,61,2,[1 5],96,98,100,2,98
1,<environment.Job instance at 0x153a3a2fbfa0>,60,1,[5 1],93,98,99,5,98
1,<environment.Job instance at 0x153a3a2fb3c0>,64,14,[2 6],99,127,141,28,112
1,<environment.Job instance at 0x153a3a2fb1e0>,68,3,[ 1 10],104,141,144,37,115
1,<environment.Job instance at 0x153a3a2fb550>,69,18,[2 7],105,144,162,39,133
1,<environment.Job instance at 0x153a3a2fbf50>,70,1,[6 1],106,133,134,27,133
1,<environment.Job instance at 0x153a3a2fbe10>,71,16,[2 8],107,144,160,37,133
1,<environment.Job instance at 0x153a23fd3a50>,72,3,[1 7],108,133,136,25,133
1,<environment.Job instance at 0x153a23fd3c30>,73,1,[2 6],109,136,137,27,133
1,<environment.Job instance at 0x153a23fd3780>,74,3,[2 9],110,137,140,27,133
1,<environment.Job instance at 0x153a23fd3460>,75,2,[2 6],111,160,162,49,133
1,<environment.Job instance at 0x153a23fd3cd0>,76,1,[2 6],112,140,141,28,133
1,<environment.Job instance at 0x153a23fd35a0>,77,1,[7 2],114,134,135,20,133
1,<environment.Job instance at 0x153a23fd33c0>,78,2,[2 6],115,162,164,47,135
1,<environment.Job instance at 0x153a23fd3af0>,79,1,[10  1],116,135,136,19,135
1,<environment.Job instance at 0x153a23fd3910>,81,3,[ 2 13],118,164,167,46,138
1,<environment.Job instance at 0x153a23fd3c80>,83,1,[1 5],120,141,142,21,138
1,<environment.Job instance at 0x153a23fd3960>,84,2,[2 5],121,142,144,21,138
1,<environment.Job instance at 0x153a23fd3550>,86,3,[ 1 10],123,167,170,44,141
1,<environment.Job instance at 0x153a23fd3be0>,88,18,[2 8],125,170,188,45,159
1,<environment.Job instance at 0x153a23f90d20>,89,17,[6 1],126,160,177,34,159
1,<environment.Job instance at 0x153a23f90910>,91,2,[5 1],128,160,162,32,159
1,<environment.Job instance at 0x153a38161be0>,93,26,[ 1 10],130,188,214,58,185
1,<environment.Job instance at 0x153a381618c0>,94,17,[9 1],131,185,202,54,185
1,<environment.Job instance at 0x153a38161730>,97,17,[1 5],135,202,219,67,190
1,<environment.Job instance at 0x153a188813c0>,100,1,[2 9],138,214,215,76,190
1,<environment.Job instance at 0x153a197430a0>,101,18,[7 1],139,214,232,75,203
1,<environment.Job instance at 0x153a19743cd0>,102,2,[2 7],142,215,217,73,203
1,<environment.Job instance at 0x153a233db640>,103,2,[ 2 10],143,219,221,76,203
1,<environment.Job instance at 0x153a3a2c9410>,108,2,[ 1 10],149,221,223,72,207
1,<environment.Job instance at 0x153a3a2c9e60>,109,1,[ 2 10],151,223,224,72,207
1,<environment.Job instance at 0x153a15e3f050>,119,1,[1 7],169,217,218,48,216
1,<environment.Job instance at 0x153a15e3f230>,2,3,[ 2 10],7,7,10,0,7
1,<environment.Job instance at 0x153a16127be0>,3,3,[2 8],8,10,13,2,8
1,<environment.Job instance at 0x153a161277d0>,4,2,[2 7],9,10,12,1,9
1,<environment.Job instance at 0x153a161271e0>,5,3,[10  2],11,12,15,1,11
1,<environment.Job instance at 0x153a15e453c0>,6,2,[2 7],12,13,15,1,12
1,<environment.Job instance at 0x153a15e45460>,7,12,[ 1 10],13,15,27,2,13
1,<environment.Job instance at 0x153a197432d0>,10,1,[1 8],16,27,28,11,16
1,<environment.Job instance at 0x153a197431e0>,11,13,[2 7],17,27,40,10,19
1,<environment.Job instance at 0x153a19743c80>,17,15,[ 2 10],26,40,55,14,26
1,<environment.Job instance at 0x153a197433c0>,18,1,[11  1],27,62,63,35,62
1,<environment.Job instance at 0x153a232b5780>,38,1,[6 1],56,64,65,8,64
1,<environment.Job instance at 0x153a232b5870>,39,2,[8 1],57,64,66,7,64
1,<environment.Job instance at 0x153a232b5050>,40,26,[9 1],62,66,92,4,64
1,<environment.Job instance at 0x153a159aeb90>,43,1,[9 1],66,92,93,26,76
1,<environment.Job instance at 0x153a159aeaf0>,44,1,[ 2 13],67,76,77,9,76
1,<environment.Job instance at 0x153a159ae960>,45,1,[1 5],68,77,78,9,76
1,<environment.Job instance at 0x153a159ae730>,47,3,[2 9],71,77,80,6,76
1,<environment.Job instance at 0x153a203eda00>,48,12,[ 2 11],73,80,92,7,76
1,<environment.Job instance at 0x153a15de9320>,20,15,[2 6],29,92,107,63,78
1,<environment.Job instance at 0x153a3a07b730>,50,1,[6 1],77,93,94,16,78
1,<environment.Job instance at 0x153a19613640>,51,17,[2 6],78,92,109,14,80
1,<environment.Job instance at 0x153a15c10870>,52,1,[ 1 10],79,109,110,30,81
1,<environment.Job instance at 0x153a15c10190>,53,18,[2 9],82,110,128,28,99
1,<environment.Job instance at 0x153a15c109b0>,54,1,[1 7],83,107,108,24,99
1,<environment.Job instance at 0x153a203ed500>,49,1,[2 7],76,128,129,52,124
1,<environment.Job instance at 0x153a201c7dc0>,63,3,[1 9],95,129,132,34,124
1,<environment.Job instance at 0x153a2341c410>,64,17,[1 7],97,132,149,35,125
1,<environment.Job instance at 0x153a3a2d5a50>,66,3,[1 5],101,125,128,24,125
1,<environment.Job instance at 0x153a3a2d5730>,67,1,[7 2],103,128,129,25,125
1,<environment.Job instance at 0x153a6bb47b90>,68,2,[8 1],104,125,127,21,125
1,<environment.Job instance at 0x153a232b3af0>,70,21,[7 1],106,129,150,23,125
1,<environment.Job instance at 0x153a232b3780>,71,3,[1 9],107,149,152,42,125
1,<environment.Job instance at 0x153a15af4d20>,55,14,[1 7],85,132,146,47,125
1,<environment.Job instance at 0x153a232b3320>,72,2,[2 5],108,128,130,20,125
1,<environment.Job instance at 0x153a165859b0>,81,3,[1 8],123,154,157,31,154
1,<environment.Job instance at 0x153a165853c0>,82,17,[7 2],124,154,171,30,154
1,<environment.Job instance at 0x153a15ab7960>,86,3,[6 2],130,160,163,30,160
1,<environment.Job instance at 0x153a15ab7f50>,85,2,[6 1],128,166,168,38,166
1,<environment.Job instance at 0x153a15ab7af0>,88,1,[6 2],133,168,169,35,166
1,<environment.Job instance at 0x153a682620f0>,89,26,[2 8],135,166,192,31,166
1,<environment.Job instance at 0x153a15ab7320>,95,3,[2 7],145,190,193,45,190
1,<environment.Job instance at 0x153a200f8410>,97,3,[ 1 10],147,193,196,46,191
1,<environment.Job instance at 0x153a2371edc0>,22,1,[2 8],31,196,197,165,193
1,<environment.Job instance at 0x153a38082b90>,100,1,[6 1],153,194,195,41,194
1,<environment.Job instance at 0x153a18b0c140>,104,1,[7 2],160,194,195,34,194
1,<environment.Job instance at 0x153a18b0cf00>,105,1,[8 1],161,195,196,34,194
1,<environment.Job instance at 0x153a18b0cfa0>,106,17,[ 2 10],162,197,214,35,194
1,<environment.Job instance at 0x153a200f8b90>,99,2,[2 9],152,214,216,62,210
1,<environment.Job instance at 0x153a18b0c640>,108,2,[1 8],165,216,218,51,210
1,<environment.Job instance at 0x153a18b0c7d0>,109,3,[2 8],166,218,221,52,210
1,<environment.Job instance at 0x153a18b0c730>,110,1,[8 2],167,211,212,44,211
1,<environment.Job instance at 0x153a18b0c1e0>,103,2,[ 2 14],159,221,223,62,221
1,<environment.Job instance at 0x153a155f5a00>,21,1,[ 1 11],30,297,298,267,297
1,<environment.Job instance at 0x153a15ab7cd0>,91,2,[13  1],137,304,306,167,304
1,<environment.Job instance at 0x153a152765a0>,2,3,[2 5],5,5,8,0,5
1,<environment.Job instance at 0x153a15276f50>,4,1,[2 5],7,7,8,0,7
1,<environment.Job instance at 0x153a1527b460>,6,3,[1 7],9,9,12,0,9
1,<environment.Job instance at 0x153a1527b370>,7,1,[2 7],13,13,14,0,13
1,<environment.Job instance at 0x153a1527b8c0>,10,28,[1 6],16,17,45,1,17
1,<environment.Job instance at 0x153a1551de10>,23,1,[9 2],39,42,43,3,42
1,<environment.Job instance at 0x153a1551d780>,21,1,[7 2],36,43,44,7,42
1,<environment.Job instance at 0x153a1551d370>,26,15,[1 8],42,44,59,2,42
1,<environment.Job instance at 0x153a1551d4b0>,27,1,[9 1],43,44,45,1,43
1,<environment.Job instance at 0x153a1551d460>,29,27,[9 1],45,45,72,0,45
1,<environment.Job instance at 0x153a1532c190>,32,2,[5 2],51,57,59,6,57
1,<environment.Job instance at 0x153a1532cb40>,33,2,[6 1],52,59,61,7,57
1,<environment.Job instance at 0x153a1532c230>,34,1,[1 9],53,61,62,8,57
1,<environment.Job instance at 0x153a1532c0f0>,35,1,[7 1],54,72,73,18,57
1,<environment.Job instance at 0x153a1532cc30>,36,2,[2 5],55,61,63,6,57
1,<environment.Job instance at 0x153a1532ce10>,37,1,[2 8],56,62,63,6,57
1,<environment.Job instance at 0x153a1532ccd0>,38,13,[5 2],57,80,93,23,80
1,<environment.Job instance at 0x153a152f6eb0>,45,3,[6 1],66,80,83,14,80
1,<environment.Job instance at 0x153a152f6190>,46,2,[10  2],67,83,85,16,80
1,<environment.Job instance at 0x153a152f65a0>,47,2,[7 1],68,85,87,17,80
1,<environment.Job instance at 0x153a152f6a00>,48,3,[ 2 12],74,80,83,6,80
1,<environment.Job instance at 0x153a152f68c0>,49,3,[8 2],75,87,90,12,80
1,<environment.Job instance at 0x153a152f6f50>,50,1,[8 2],76,90,91,14,80
1,<environment.Job instance at 0x153a152f6050>,51,18,[2 8],77,85,103,8,80
1,<environment.Job instance at 0x153a152f6aa0>,52,1,[1 8],78,103,104,25,80
1,<environment.Job instance at 0x153a152f6230>,53,27,[1 7],79,93,120,14,91
1,<environment.Job instance at 0x153a151d41e0>,54,1,[8 1],81,92,93,11,92
1,<environment.Job instance at 0x153a151d4370>,55,1,[5 2],83,104,105,21,92
1,<environment.Job instance at 0x153a151d40f0>,56,1,[9 2],85,104,105,19,92
1,<environment.Job instance at 0x153a151d4c30>,57,1,[ 1 14],86,120,121,34,92
1,<environment.Job instance at 0x153a151d4a00>,58,2,[1 7],87,105,107,18,92
1,<environment.Job instance at 0x153a151d4640>,59,1,[9 1],89,105,106,16,92
1,<environment.Job instance at 0x153a151d4fa0>,61,3,[ 1 10],91,121,124,30,95
1,<environment.Job instance at 0x153a151d4be0>,62,25,[5 1],92,106,131,14,102
1,<environment.Job instance at 0x153a1532ffa0>,63,16,[5 2],93,121,137,28,119
1,<environment.Job instance at 0x153a1532f690>,70,2,[2 9],103,124,126,21,119
1,<environment.Job instance at 0x153a1532f500>,71,1,[5 2],105,119,120,14,119
1,<environment.Job instance at 0x153a1532f7d0>,72,2,[2 6],106,126,128,20,119
1,<environment.Job instance at 0x153a1532f550>,73,2,[10  2],107,131,133,24,119
1,<environment.Job instance at 0x153a1532f780>,74,1,[ 1 14],110,137,138,27,119
1,<environment.Job instance at 0x153a1532f730>,75,2,[6 1],111,133,135,22,119
1,<environment.Job instance at 0x153a1532fdc0>,76,2,[1 5],112,126,128,14,119
1,<environment.Job instance at 0x153a1532fd70>,77,3,[ 2 10],113,128,131,15,119
1,<environment.Job instance at 0x153a1532f410>,78,13,[2 8],114,138,151,24,122
1,<environment.Job instance at 0x153a1533fc30>,79,1,[8 2],115,135,136,20,122
1,<environment.Job instance at 0x153a1533f3c0>,80,1,[5 1],118,136,137,18,122
1,<environment.Job instance at 0x153a1533f2d0>,81,1,[9 1],119,137,138,18,122
1,<environment.Job instance at 0x153a151b5b40>,83,2,[1 6],121,133,135,12,123
1,<environment.Job instance at 0x153a1551d050>,24,2,[ 1 10],40,135,137,95,123
1,<environment.Job instance at 0x153a15478410>,84,20,[10  2],124,138,158,14,129
1,<environment.Job instance at 0x153a15219cd0>,85,1,[5 2],125,151,152,26,129
1,<environment.Job instance at 0x153a15219aa0>,86,3,[8 2],126,158,161,32,132
1,<environment.Job instance at 0x153a1550d7d0>,88,15,[1 6],129,152,167,23,138
1,<environment.Job instance at 0x153a15233f00>,89,1,[5 1],130,158,159,28,138
1,<environment.Job instance at 0x153a155cb370>,90,3,[2 7],132,152,155,20,138
1,<environment.Job instance at 0x153a15061910>,91,3,[8 2],134,161,164,27,138
1,<environment.Job instance at 0x153a150b1c30>,92,1,[1 9],135,164,165,29,138
1,<environment.Job instance at 0x153a150896e0>,93,1,[8 1],136,165,166,29,138
1,<environment.Job instance at 0x153a1541f5a0>,94,2,[ 1 10],140,167,169,27,140
1,<environment.Job instance at 0x153a154168c0>,95,3,[2 7],141,155,158,14,141
1,<environment.Job instance at 0x153a152c6870>,96,1,[2 6],144,159,160,15,144
1,<environment.Job instance at 0x153a152c6910>,97,2,[8 2],145,166,168,21,145
1,<environment.Job instance at 0x153a152c6c80>,98,3,[ 2 10],146,169,172,23,146
1,<environment.Job instance at 0x153a152c6550>,99,3,[2 6],147,160,163,13,147
1,<environment.Job instance at 0x153a152cfaa0>,101,3,[6 2],150,165,168,15,150
1,<environment.Job instance at 0x153a152cf690>,102,2,[6 2],152,168,170,16,152
1,<environment.Job instance at 0x153a1544cb90>,103,2,[9 2],154,170,172,16,156
1,<environment.Job instance at 0x153a1544c6e0>,104,3,[6 2],156,172,175,16,156
1,<environment.Job instance at 0x153a1544c230>,105,1,[1 9],157,172,173,15,158
1,<environment.Job instance at 0x153a1544caa0>,107,1,[9 1],159,173,174,14,159
1,<environment.Job instance at 0x153a153dc550>,108,2,[1 9],160,174,176,14,160
1,<environment.Job instance at 0x153a153dcaf0>,109,2,[1 5],162,175,177,13,162
1,<environment.Job instance at 0x153a15516550>,110,1,[2 9],163,176,177,13,163
1,<environment.Job instance at 0x153a1540a460>,111,2,[6 1],164,168,170,4,164
1,<environment.Job instance at 0x153a1540a7d0>,112,17,[8 2],165,177,194,12,165
1,<environment.Job instance at 0x153a1544cf50>,106,17,[6 1],158,174,191,16,165
1,<environment.Job instance at 0x153a1540ab90>,113,1,[5 1],166,172,173,6,166
1,<environment.Job instance at 0x153a15219140>,87,17,[ 1 10],128,177,194,49,167
1,<environment.Job instance at 0x153a1540ac80>,114,18,[11  2],168,194,212,26,192
1,<environment.Job instance at 0x153a1551df00>,25,14,[2 8],41,306,320,265,306
1,<environment.Job instance at 0x153a1510d140>,1,1,[8 1],2,4,5,2,4
1,<environment.Job instance at 0x153a152dac80>,4,2,[6 2],7,8,10,1,8
1,<environment.Job instance at 0x153a152e6eb0>,7,15,[5 1],11,49,64,38,49
1,<environment.Job instance at 0x153a1510d4b0>,5,3,[2 6],8,50,53,42,50
1,<environment.Job instance at 0x153a15a1d370>,26,17,[1 8],39,50,67,11,50
1,<environment.Job instance at 0x153a15e415a0>,25,3,[5 1],38,53,56,15,50
1,<environment.Job instance at 0x153a2010a460>,28,2,[2 5],42,53,55,11,50
1,<environment.Job instance at 0x153a152adb90>,29,3,[8 1],43,56,59,13,50
1,<environment.Job instance at 0x153a152ada50>,31,1,[ 1 10],47,67,68,20,50
1,<environment.Job instance at 0x153a195547d0>,32,2,[1 8],50,68,70,18,50
1,<environment.Job instance at 0x153a15d320f0>,33,1,[9 2],51,59,60,8,51
1,<environment.Job instance at 0x153a196cc410>,34,2,[2 6],52,60,62,8,52
1,<environment.Job instance at 0x153a152ad050>,30,1,[2 8],44,70,71,26,53
1,<environment.Job instance at 0x153a1974b9b0>,35,15,[7 1],53,62,77,9,53
1,<environment.Job instance at 0x153a1974b4b0>,38,14,[2 7],57,71,85,14,66
1,<environment.Job instance at 0x153a17159be0>,50,3,[2 9],79,85,88,6,79
1,<environment.Job instance at 0x153a17159f00>,51,16,[2 5],80,80,96,0,80
1,<environment.Job instance at 0x153a17159870>,52,17,[ 1 14],81,96,113,15,84
1,<environment.Job instance at 0x153a17159a50>,53,1,[9 1],82,84,85,2,84
1,<environment.Job instance at 0x153a17159820>,54,2,[7 2],85,88,90,3,85
1,<environment.Job instance at 0x153a152e6af0>,9,1,[ 1 10],13,90,91,77,87
1,<environment.Job instance at 0x153a17159d70>,57,3,[ 1 10],89,91,94,2,89
1,<environment.Job instance at 0x153a18adac30>,59,16,[10  1],91,94,110,3,91
1,<environment.Job instance at 0x153a18ada9b0>,60,15,[2 5],92,113,128,21,99
1,<environment.Job instance at 0x153a18adad70>,62,3,[2 5],94,113,116,19,99
1,<environment.Job instance at 0x153a18ada1e0>,63,15,[1 5],95,113,128,18,99
1,<environment.Job instance at 0x153a18ada190>,64,3,[ 1 14],96,128,131,32,102
1,<environment.Job instance at 0x153a18ada140>,65,2,[10  2],97,116,118,19,102
1,<environment.Job instance at 0x153a18ada370>,66,2,[1 5],99,118,120,19,102
1,<environment.Job instance at 0x153a18ada5f0>,61,1,[2 7],93,131,132,38,104
1,<environment.Job instance at 0x153a18adaf50>,69,14,[2 5],102,131,145,29,116
1,<environment.Job instance at 0x153a18ada410>,67,2,[ 2 10],100,132,134,32,120
1,<environment.Job instance at 0x153a15952460>,81,3,[2 5],123,134,137,11,130
1,<environment.Job instance at 0x153a159520f0>,82,15,[6 1],125,134,149,9,130
1,<environment.Job instance at 0x153a159525f0>,83,12,[7 2],127,137,149,10,130
1,<environment.Job instance at 0x153a15952c80>,79,2,[14  2],120,149,151,29,132
1,<environment.Job instance at 0x153a159520a0>,85,2,[13  2],129,151,153,22,133
1,<environment.Job instance at 0x153a159523c0>,80,2,[6 1],122,153,155,31,139
1,<environment.Job instance at 0x153a15779b90>,92,1,[1 5],143,145,146,2,143
1,<environment.Job instance at 0x153a15779370>,93,3,[ 2 11],145,146,149,1,145
1,<environment.Job instance at 0x153a23fd3e10>,94,1,[8 1],149,153,154,4,149
1,<environment.Job instance at 0x153a23fd3730>,95,3,[ 1 13],150,150,153,0,150
1,<environment.Job instance at 0x153a23fd36e0>,96,3,[9 2],151,154,157,3,151
1,<environment.Job instance at 0x153a23fd30f0>,97,1,[7 1],153,157,158,4,153
1,<environment.Job instance at 0x153a18aa5050>,98,2,[2 8],155,155,157,0,155
1,<environment.Job instance at 0x153a18aa5f50>,99,13,[7 2],158,158,171,0,158
1,<environment.Job instance at 0x153a18aa56e0>,100,2,[13  1],159,171,173,12,159
1,<environment.Job instance at 0x153a18aa58c0>,101,17,[2 9],161,161,178,0,161
1,<environment.Job instance at 0x153a1974bbe0>,37,14,[9 1],56,173,187,117,162
1,<environment.Job instance at 0x153a152e68c0>,8,3,[2 7],12,228,231,216,228
1,<environment.Job instance at 0x153a15952320>,84,17,[1 8],128,405,422,277,405
1,<environment.Job instance at 0x153a18b745a0>,1,3,[ 1 10],5,5,8,0,5
1,<environment.Job instance at 0x153a157793c0>,2,3,[2 9],6,8,11,2,6
1,<environment.Job instance at 0x153a39a21a50>,3,2,[1 9],7,11,13,4,7
1,<environment.Job instance at 0x153a23ff83c0>,4,2,[1 6],9,9,11,0,9
1,<environment.Job instance at 0x153a166bc0f0>,5,3,[1 8],10,13,16,3,10
1,<environment.Job instance at 0x153a188a6690>,6,1,[6 1],12,12,13,0,12
1,<environment.Job instance at 0x153a165ab780>,7,2,[10  1],14,14,16,0,14
1,<environment.Job instance at 0x153a165ab6e0>,8,15,[1 7],15,16,31,1,15
1,<environment.Job instance at 0x153a18ace550>,18,3,[5 1],29,37,40,8,37
1,<environment.Job instance at 0x153a18a9b5f0>,23,15,[6 2],36,38,53,2,38
1,<environment.Job instance at 0x153a15979550>,25,3,[2 5],39,39,42,0,39
1,<environment.Job instance at 0x153a189e7410>,26,1,[1 8],41,41,42,0,41
1,<environment.Job instance at 0x153a189e7f00>,27,1,[2 5],42,42,43,0,42
1,<environment.Job instance at 0x153a156d4690>,28,1,[2 6],43,43,44,0,43
1,<environment.Job instance at 0x153a156d4960>,29,14,[6 2],44,51,65,7,51
1,<environment.Job instance at 0x153a156d47d0>,30,3,[2 5],47,51,54,4,51
1,<environment.Job instance at 0x153a156d4460>,31,2,[9 2],48,54,56,6,51
1,<environment.Job instance at 0x153a1714ba50>,32,13,[2 8],49,56,69,7,51
1,<environment.Job instance at 0x153a156d4910>,33,3,[2 5],50,56,59,6,51
1,<environment.Job instance at 0x153a156d40f0>,34,2,[1 5],51,51,53,0,51
1,<environment.Job instance at 0x153a18c51b90>,35,1,[1 6],52,53,54,1,52
1,<environment.Job instance at 0x153a18c515f0>,36,3,[6 1],53,59,62,6,53
1,<environment.Job instance at 0x153a18c51eb0>,37,1,[11  2],54,65,66,11,54
1,<environment.Job instance at 0x153a1560d1e0>,38,2,[2 9],56,69,71,13,56
1,<environment.Job instance at 0x153a18c51280>,39,3,[8 2],59,66,69,7,59
1,<environment.Job instance at 0x153a187fb1e0>,40,1,[2 8],65,71,72,6,65
1,<environment.Job instance at 0x153a188a4050>,41,1,[6 1],66,69,70,3,66
1,<environment.Job instance at 0x153a187fb370>,42,1,[8 1],67,70,71,3,67
1,<environment.Job instance at 0x153a234b4780>,43,1,[7 1],68,69,70,1,68
1,<environment.Job instance at 0x153a234b4730>,44,12,[1 6],69,71,83,2,69
1,<environment.Job instance at 0x153a155b8140>,45,2,[1 5],70,72,74,2,70
1,<environment.Job instance at 0x153a155b8e60>,46,3,[2 9],71,74,77,3,71
1,<environment.Job instance at 0x153a19696c30>,47,2,[1 6],72,77,79,5,72
1,<environment.Job instance at 0x153a196965f0>,48,14,[1 8],73,79,93,6,73
1,<environment.Job instance at 0x153a19696d70>,49,17,[ 2 10],74,93,110,19,81
1,<environment.Job instance at 0x153a15bf94b0>,50,2,[12  2],75,83,85,8,81
1,<environment.Job instance at 0x153a15bf9dc0>,51,2,[7 1],77,81,83,4,81
1,<environment.Job instance at 0x153a1569c780>,52,1,[1 8],78,110,111,32,82
1,<environment.Job instance at 0x153a19696910>,53,1,[7 1],79,85,86,6,82
1,<environment.Job instance at 0x153a1569c370>,54,1,[1 9],80,111,112,31,83
1,<environment.Job instance at 0x153a1569c0a0>,55,1,[6 2],81,85,86,4,83
1,<environment.Job instance at 0x153a23f59410>,56,2,[ 2 10],82,112,114,30,85
1,<environment.Job instance at 0x153a23f59550>,57,1,[5 2],83,86,87,3,85
1,<environment.Job instance at 0x153a23f59870>,60,3,[1 8],88,114,117,26,98
1,<environment.Job instance at 0x153a2011fe60>,61,1,[ 2 10],89,117,118,28,98
1,<environment.Job instance at 0x153a22087140>,62,2,[7 2],90,98,100,8,98
1,<environment.Job instance at 0x153a2011ff50>,63,2,[1 6],91,110,112,19,98
1,<environment.Job instance at 0x153a2011fd20>,64,26,[10  2],93,112,138,19,109
1,<environment.Job instance at 0x153a2011fc80>,65,13,[ 1 10],94,118,131,24,109
1,<environment.Job instance at 0x153a2011f230>,67,1,[2 9],97,131,132,34,121
1,<environment.Job instance at 0x153a2011f5a0>,68,2,[1 7],98,132,134,34,122
1,<environment.Job instance at 0x153a18a9b140>,24,2,[11  1],38,138,140,100,123
1,<environment.Job instance at 0x153a2011f2d0>,70,1,[5 1],100,134,135,34,123
1,<environment.Job instance at 0x153a2011f8c0>,71,2,[ 1 12],101,135,137,34,124
1,<environment.Job instance at 0x153a23f8a320>,73,1,[5 2],109,137,138,28,124
1,<environment.Job instance at 0x153a2011f500>,69,2,[8 1],99,140,142,41,129
1,<environment.Job instance at 0x153a3a3680a0>,77,2,[7 1],114,140,142,26,130
1,<environment.Job instance at 0x153a3a368eb0>,79,1,[1 6],118,132,133,14,130
1,<environment.Job instance at 0x153a3a368500>,80,17,[7 2],119,142,159,23,131
1,<environment.Job instance at 0x153a3a368730>,81,1,[2 8],121,147,148,26,147
1,<environment.Job instance at 0x153a3a3685a0>,83,15,[2 9],127,148,163,21,147
1,<environment.Job instance at 0x153a3a3681e0>,84,28,[ 2 12],128,163,191,35,162
1,<environment.Job instance at 0x153a233d0640>,85,15,[6 1],130,179,194,49,179
1,<environment.Job instance at 0x153a233d08c0>,86,2,[ 1 10],131,191,193,60,179
1,<environment.Job instance at 0x153a233d0230>,87,16,[1 5],132,193,209,61,182
1,<environment.Job instance at 0x153a233d0b40>,89,2,[2 9],135,193,195,58,182
1,<environment.Job instance at 0x153a233d0dc0>,90,26,[1 9],136,195,221,59,192
1,<environment.Job instance at 0x153a233d06e0>,92,23,[2 8],138,221,244,83,215
1,<environment.Job instance at 0x153a233d0a00>,93,3,[2 5],140,215,218,75,215
1,<environment.Job instance at 0x153a233d07d0>,94,2,[5 1],141,215,217,74,215
1,<environment.Job instance at 0x153a233d0280>,95,2,[ 1 10],142,244,246,102,217
1,<environment.Job instance at 0x153a233d00a0>,97,3,[ 1 12],144,246,249,102,230
1,<environment.Job instance at 0x153a187d30a0>,21,2,[1 6],32,232,234,200,232
1,<environment.Job instance at 0x153a18905cd0>,99,1,[8 1],147,232,233,85,232
1,<environment.Job instance at 0x153a233d0140>,98,1,[8 2],146,234,235,88,232
1,<environment.Job instance at 0x153a18905f50>,101,1,[2 7],151,235,236,84,232
1,<environment.Job instance at 0x153a18905230>,102,25,[6 2],152,236,261,84,232
1,<environment.Job instance at 0x153a3a3689b0>,82,1,[11  2],124,261,262,137,233
1,<environment.Job instance at 0x153a189059b0>,105,28,[ 1 10],158,249,277,91,248
1,<environment.Job instance at 0x153a18905190>,107,2,[2 7],160,277,279,117,250
1,<environment.Job instance at 0x153a189051e0>,108,1,[6 2],161,251,252,90,251
1,<environment.Job instance at 0x153a18905960>,109,2,[1 5],162,262,264,100,251
1,<environment.Job instance at 0x153a157cb910>,110,13,[ 2 10],163,279,292,116,263
1,<environment.Job instance at 0x153a157cb3c0>,111,3,[7 1],164,264,267,100,263
1,<environment.Job instance at 0x153a157cb370>,112,3,[7 2],165,264,267,99,263
1,<environment.Job instance at 0x153a157cbe60>,113,24,[2 9],167,292,316,125,287
1,<environment.Job instance at 0x153a18aeb0f0>,4,3,[ 2 10],7,7,10,0,7
1,<environment.Job instance at 0x153a200ac6e0>,5,3,[2 9],8,10,13,2,8
1,<environment.Job instance at 0x153a200ace60>,6,15,[11  2],9,17,32,8,17
1,<environment.Job instance at 0x153a18aebd20>,7,15,[2 9],11,17,32,6,17
1,<environment.Job instance at 0x153a15bec0a0>,12,3,[2 5],19,32,35,13,19
1,<environment.Job instance at 0x153a200ac640>,9,14,[7 2],13,32,46,19,24
1,<environment.Job instance at 0x153a200ac140>,16,2,[2 7],26,32,34,6,26
1,<environment.Job instance at 0x153a154160a0>,17,18,[1 5],27,34,52,7,27
1,<environment.Job instance at 0x153a1573a730>,21,2,[2 5],32,35,37,3,32
1,<environment.Job instance at 0x153a3a434140>,24,2,[1 9],36,46,48,10,36
1,<environment.Job instance at 0x153a188ae460>,26,15,[2 6],38,48,63,10,38
1,<environment.Job instance at 0x153a23442910>,28,1,[2 7],40,40,41,0,40
1,<environment.Job instance at 0x153a15410b40>,37,1,[1 6],51,52,53,1,51
1,<environment.Job instance at 0x153a18a89190>,40,15,[8 1],54,55,70,1,55
1,<environment.Job instance at 0x153a18a891e0>,42,3,[1 6],56,56,59,0,56
1,<environment.Job instance at 0x153a18a895f0>,43,2,[10  1],57,70,72,13,57
1,<environment.Job instance at 0x153a18a89f00>,44,2,[6 1],59,63,65,4,59
1,<environment.Job instance at 0x153a18a89e60>,45,1,[2 8],60,60,61,0,60
1,<environment.Job instance at 0x153a18a89fa0>,46,2,[6 1],61,65,67,4,61
1,<environment.Job instance at 0x153a18a89f50>,47,15,[2 9],62,67,82,5,62
1,<environment.Job instance at 0x153a1505c320>,48,3,[7 1],63,72,75,9,63
1,<environment.Job instance at 0x153a1505c050>,52,3,[2 5],69,70,73,1,70
1,<environment.Job instance at 0x153a1505cb40>,53,2,[1 5],70,73,75,3,71
1,<environment.Job instance at 0x153a1505c780>,54,14,[5 1],71,79,93,8,79
1,<environment.Job instance at 0x153a1505c190>,56,1,[ 2 10],75,82,83,7,79
1,<environment.Job instance at 0x153a1505ca00>,57,27,[10  1],77,83,110,6,81
1,<environment.Job instance at 0x153a1505c870>,59,3,[1 8],79,93,96,14,85
1,<environment.Job instance at 0x153a18ad58c0>,60,16,[8 1],82,110,126,28,102
1,<environment.Job instance at 0x153a18ad5320>,64,1,[7 2],88,110,111,22,102
1,<environment.Job instance at 0x153a18ad52d0>,65,2,[ 2 10],93,102,104,9,102
1,<environment.Job instance at 0x153a18ad5780>,71,13,[10  1],100,126,139,26,116
1,<environment.Job instance at 0x153a1960c320>,77,1,[2 7],113,120,121,7,120
1,<environment.Job instance at 0x153a15960a00>,84,16,[1 7],122,122,138,0,122
1,<environment.Job instance at 0x153a15960e10>,85,14,[5 1],123,138,152,15,128
1,<environment.Job instance at 0x153a159606e0>,87,3,[ 2 10],125,139,142,14,128
1,<environment.Job instance at 0x153a15960410>,88,1,[6 2],126,139,140,13,128
1,<environment.Job instance at 0x153a15960d20>,89,2,[5 1],127,140,142,13,128
1,<environment.Job instance at 0x153a15960550>,90,18,[6 2],128,142,160,14,131
1,<environment.Job instance at 0x153a3a742f00>,91,3,[2 7],130,131,134,1,131
1,<environment.Job instance at 0x153a15960820>,92,3,[9 2],131,152,155,21,131
1,<environment.Job instance at 0x153a19788c30>,94,1,[1 6],133,142,143,9,138
1,<environment.Job instance at 0x153a197889b0>,95,19,[ 1 10],135,155,174,20,145
1,<environment.Job instance at 0x153a19788d20>,96,2,[2 7],137,145,147,8,145
1,<environment.Job instance at 0x153a19788e10>,97,2,[8 1],138,155,157,17,145
1,<environment.Job instance at 0x153a197886e0>,98,2,[9 1],140,160,162,20,145
1,<environment.Job instance at 0x153a19788640>,99,3,[6 1],141,157,160,16,145
1,<environment.Job instance at 0x153a197885f0>,101,15,[13  2],144,162,177,18,158
1,<environment.Job instance at 0x153a6bd0c640>,103,1,[1 7],146,174,175,28,158
1,<environment.Job instance at 0x153a6bd0c9b0>,104,2,[1 9],147,175,177,28,158
1,<environment.Job instance at 0x153a6bd0ca50>,105,21,[5 2],148,177,198,29,169
1,<environment.Job instance at 0x153a15cf3910>,106,17,[2 7],152,177,194,25,169
1,<environment.Job instance at 0x153a15cf3f00>,107,2,[ 1 10],153,194,196,41,169
1,<environment.Job instance at 0x153a15cf3460>,108,2,[1 6],154,177,179,23,169
1,<environment.Job instance at 0x153a15cf35f0>,109,28,[2 5],158,196,224,38,195
1,<environment.Job instance at 0x153a15cf3550>,110,3,[7 1],159,195,198,36,195
1,<environment.Job instance at 0x153a15cf3d20>,111,16,[5 2],160,198,214,38,195
1,<environment.Job instance at 0x153a15cf3a50>,112,1,[2 6],161,198,199,37,195
1,<environment.Job instance at 0x153a3a86c050>,114,15,[2 5],165,199,214,34,195
1,<environment.Job instance at 0x153a15cf38c0>,117,2,[2 8],168,214,216,46,195
1,<environment.Job instance at 0x153a19711cd0>,1,2,[1 6],2,2,4,0,2
1,<environment.Job instance at 0x153a153ae280>,3,2,[2 5],5,5,7,0,5
1,<environment.Job instance at 0x153a15c76f50>,1,1,[9 2],2,3,4,1,3
1,<environment.Job instance at 0x153a166bc5a0>,3,20,[1 5],4,4,24,0,4
1,<environment.Job instance at 0x153a166b7eb0>,2,18,[2 7],3,7,25,4,7
1,<environment.Job instance at 0x153a2205f960>,8,2,[ 2 10],9,25,27,16,9
1,<environment.Job instance at 0x153a232f7dc0>,9,2,[7 1],11,11,13,0,11
1,<environment.Job instance at 0x153a232f7b90>,10,1,[2 8],14,24,25,10,14
1,<environment.Job instance at 0x153a18c848c0>,11,2,[ 1 10],16,27,29,11,16
1,<environment.Job instance at 0x153a153016e0>,15,2,[ 2 10],21,29,31,8,21
1,<environment.Job instance at 0x153a18c84960>,12,25,[2 5],17,25,50,8,21
1,<environment.Job instance at 0x153a18c84870>,14,3,[8 2],19,31,34,12,23
1,<environment.Job instance at 0x153a188db9b0>,18,16,[1 8],25,31,47,6,25
1,<environment.Job instance at 0x153a17dacbe0>,19,2,[6 2],27,34,36,7,28
1,<environment.Job instance at 0x153a15a666e0>,21,2,[2 5],29,47,49,18,29
1,<environment.Job instance at 0x153a3a353cd0>,22,2,[7 2],30,36,38,6,30
1,<environment.Job instance at 0x153a15d176e0>,23,3,[2 5],32,47,50,15,32
1,<environment.Job instance at 0x153a18c3c230>,25,16,[6 1],36,49,65,13,45
1,<environment.Job instance at 0x153a3804d870>,33,3,[8 2],47,59,62,12,59
1,<environment.Job instance at 0x153a3804de60>,35,14,[5 2],49,62,76,13,59
1,<environment.Job instance at 0x153a3804d410>,36,3,[2 8],50,62,65,12,59
1,<environment.Job instance at 0x153a3804d9b0>,37,17,[6 1],51,76,93,25,76
1,<environment.Job instance at 0x153a18ae21e0>,42,1,[5 1],59,83,84,24,83
1,<environment.Job instance at 0x153a18ae26e0>,43,1,[2 9],60,83,84,23,83
1,<environment.Job instance at 0x153a155df870>,46,3,[1 6],64,89,92,25,89
1,<environment.Job instance at 0x153a17da5870>,47,2,[8 1],66,89,91,23,89
1,<environment.Job instance at 0x153a155dff50>,48,2,[1 7],67,91,93,24,89
1,<environment.Job instance at 0x153a155dfcd0>,49,3,[9 2],70,93,96,23,89
1,<environment.Job instance at 0x153a16108b90>,50,16,[5 2],72,92,108,20,90
1,<environment.Job instance at 0x153a3804ddc0>,31,26,[2 5],44,96,122,52,93
1,<environment.Job instance at 0x153a17daca00>,20,3,[8 2],28,96,99,68,94
1,<environment.Job instance at 0x153a16108460>,53,12,[1 6],76,99,111,23,94
1,<environment.Job instance at 0x153a16108af0>,54,14,[2 8],77,111,125,34,96
1,<environment.Job instance at 0x153a16108e60>,55,12,[7 2],78,99,111,21,97
1,<environment.Job instance at 0x153a18ae2500>,41,1,[ 1 14],58,125,126,67,108
1,<environment.Job instance at 0x153a16108910>,51,1,[7 2],74,111,112,37,110
1,<environment.Job instance at 0x153a18abbb90>,58,2,[5 2],81,112,114,31,110
1,<environment.Job instance at 0x153a19794eb0>,60,15,[8 1],83,114,129,31,110
1,<environment.Job instance at 0x153a197941e0>,61,2,[2 6],84,122,124,38,110
1,<environment.Job instance at 0x153a18ae0410>,63,14,[1 8],87,126,140,39,111
1,<environment.Job instance at 0x153a18ae05f0>,64,3,[2 6],88,126,129,38,111
1,<environment.Job instance at 0x153a18ae0460>,65,2,[1 5],89,129,131,40,111
1,<environment.Job instance at 0x153a15a30c30>,68,3,[1 9],92,140,143,48,114
1,<environment.Job instance at 0x153a6ba41960>,70,1,[2 6],95,124,125,29,114
1,<environment.Job instance at 0x153a161080a0>,56,15,[ 1 10],79,143,158,64,129
1,<environment.Job instance at 0x153a6ba41b40>,72,3,[8 1],101,129,132,28,129
1,<environment.Job instance at 0x153a6ba41eb0>,73,2,[ 1 10],105,158,160,53,131
1,<environment.Job instance at 0x153a6ba41af0>,75,16,[2 7],108,160,176,52,147
1,<environment.Job instance at 0x153a2008c780>,76,1,[8 2],109,150,151,41,150
1,<environment.Job instance at 0x153a2008c190>,77,17,[5 1],110,150,167,40,150
1,<environment.Job instance at 0x153a18ae0870>,67,1,[7 2],91,151,152,60,151
1,<environment.Job instance at 0x153a2008cbe0>,78,1,[5 1],112,154,155,42,154
1,<environment.Job instance at 0x153a18cca3c0>,80,2,[7 1],115,158,160,43,158
1,<environment.Job instance at 0x153a18ccab90>,82,1,[2 5],118,160,161,42,160
1,<environment.Job instance at 0x153a6ba41c80>,74,14,[1 9],106,176,190,70,161
1,<environment.Job instance at 0x153a18ccab40>,83,1,[8 1],122,162,163,40,162
1,<environment.Job instance at 0x153a18ccaaf0>,85,1,[12  2],124,167,168,43,162
1,<environment.Job instance at 0x153a18cca0f0>,88,1,[2 6],128,163,164,35,162
1,<environment.Job instance at 0x153a18cca050>,89,2,[8 1],129,164,166,35,162
1,<environment.Job instance at 0x153a18ccaf00>,90,1,[7 1],130,166,167,36,162
1,<environment.Job instance at 0x153a18995370>,92,14,[10  1],133,175,189,42,175
1,<environment.Job instance at 0x153a189950f0>,95,3,[ 2 13],138,190,193,52,175
1,<environment.Job instance at 0x153a18995050>,96,2,[2 5],139,175,177,36,175
1,<environment.Job instance at 0x153a18995c80>,97,1,[1 7],142,193,194,51,175
1,<environment.Job instance at 0x153a189955a0>,98,1,[ 1 10],144,194,195,50,175
1,<environment.Job instance at 0x153a189953c0>,99,3,[8 2],146,189,192,43,175
1,<environment.Job instance at 0x153a18995410>,100,3,[ 2 13],147,195,198,48,175
1,<environment.Job instance at 0x153a189956e0>,101,2,[2 8],148,198,200,50,175
1,<environment.Job instance at 0x153a18995dc0>,102,20,[1 7],152,198,218,46,189
1,<environment.Job instance at 0x153a18995730>,103,1,[10  1],153,192,193,39,189
1,<environment.Job instance at 0x153a3a2fb460>,104,18,[8 2],154,200,218,46,189
1,<environment.Job instance at 0x153a3a2fb410>,105,3,[6 1],155,193,196,38,189
1,<environment.Job instance at 0x153a3a2fbcd0>,106,14,[ 2 10],156,218,232,62,203
1,<environment.Job instance at 0x153a3a2fb230>,107,2,[7 1],158,218,220,60,203
1,<environment.Job instance at 0x153a3a2fb190>,108,1,[1 7],159,232,233,73,204
1,<environment.Job instance at 0x153a3a2fbfa0>,109,2,[7 1],160,220,222,60,204
1,<environment.Job instance at 0x153a3a2fbc30>,110,1,[5 1],161,204,205,43,204
1,<environment.Job instance at 0x153a3a2fb2d0>,111,3,[1 7],162,232,235,70,206
1,<environment.Job instance at 0x153a3a2fb690>,112,1,[9 1],166,222,223,56,206
1,<environment.Job instance at 0x153a3a2fb550>,113,14,[11  2],167,233,247,66,225
1,<environment.Job instance at 0x153a380ab7d0>,1,2,[9 1],3,4,6,1,4
1,<environment.Job instance at 0x153a380ab230>,3,2,[ 1 13],5,5,7,0,5
1,<environment.Job instance at 0x153a15a30230>,4,1,[5 1],6,6,7,0,6
1,<environment.Job instance at 0x153a15a30e60>,5,17,[6 1],7,7,24,0,7
1,<environment.Job instance at 0x153a15e6eb40>,10,2,[2 6],18,18,20,0,18
1,<environment.Job instance at 0x153a188938c0>,12,18,[1 7],22,22,40,0,22
1,<environment.Job instance at 0x153a15e6e730>,13,16,[1 7],24,24,40,0,24
1,<environment.Job instance at 0x153a200e7d20>,14,1,[2 6],25,40,41,15,27
1,<environment.Job instance at 0x153a200e7140>,17,18,[2 9],28,40,58,12,29
1,<environment.Job instance at 0x153a200e7500>,16,1,[8 1],27,29,30,2,29
1,<environment.Job instance at 0x153a200e76e0>,20,13,[1 7],33,58,71,25,42
1,<environment.Job instance at 0x153a165e9410>,22,1,[1 9],35,71,72,36,43
1,<environment.Job instance at 0x153a165e9a50>,23,17,[1 5],36,43,60,7,43
1,<environment.Job instance at 0x153a165e94b0>,25,2,[6 2],42,58,60,16,43
1,<environment.Job instance at 0x153a165e9370>,26,3,[1 5],43,60,63,17,43
1,<environment.Job instance at 0x153a23449aa0>,27,1,[1 6],44,63,64,19,44
1,<environment.Job instance at 0x153a23449230>,29,2,[7 1],47,47,49,0,47
1,<environment.Job instance at 0x153a234497d0>,30,3,[2 5],48,64,67,16,48
1,<environment.Job instance at 0x153a2204efa0>,31,1,[1 5],49,67,68,18,49
1,<environment.Job instance at 0x153a165e90a0>,21,17,[8 1],34,60,77,26,50
1,<environment.Job instance at 0x153a1571c410>,34,1,[2 5],58,68,69,10,63
1,<environment.Job instance at 0x153a166603c0>,36,13,[2 7],60,72,85,12,63
1,<environment.Job instance at 0x153a166609b0>,38,1,[2 7],64,69,70,5,68
1,<environment.Job instance at 0x153a159961e0>,40,1,[1 7],66,70,71,4,70
1,<environment.Job instance at 0x153a16671c30>,41,3,[1 7],67,72,75,5,70
1,<environment.Job instance at 0x153a1571c190>,35,17,[1 5],59,75,92,16,70
1,<environment.Job instance at 0x153a15a46f00>,43,15,[1 9],69,85,100,16,71
1,<environment.Job instance at 0x153a15a467d0>,44,2,[1 8],70,100,102,30,73
1,<environment.Job instance at 0x153a16671a00>,42,3,[6 1],68,77,80,9,73
1,<environment.Job instance at 0x153a23440370>,47,3,[8 2],77,82,85,5,82
1,<environment.Job instance at 0x153a16125a50>,48,21,[10  2],79,92,113,13,84
1,<environment.Job instance at 0x153a15545190>,51,1,[10  2],83,113,114,30,99
1,<environment.Job instance at 0x153a3a2e3820>,52,15,[6 1],84,114,129,30,100
1,<environment.Job instance at 0x153a3a414cd0>,54,2,[8 1],86,114,116,28,103
1,<environment.Job instance at 0x153a3a414af0>,55,1,[10  1],87,129,130,42,104
1,<environment.Job instance at 0x153a3a414a00>,56,1,[9 1],88,116,117,28,104
1,<environment.Job instance at 0x153a189e7820>,57,18,[6 2],89,130,148,41,119
1,<environment.Job instance at 0x153a232d0eb0>,58,2,[8 1],92,119,121,27,119
1,<environment.Job instance at 0x153a189e7e10>,59,1,[9 1],93,121,122,28,119
1,<environment.Job instance at 0x153a189e7320>,60,1,[2 8],94,122,123,28,119
1,<environment.Job instance at 0x153a151ba460>,61,1,[1 8],95,119,120,24,119
1,<environment.Job instance at 0x153a151ba320>,62,1,[2 9],96,123,124,27,119
1,<environment.Job instance at 0x153a15541550>,63,3,[ 2 10],97,124,127,27,119
1,<environment.Job instance at 0x153a15541cd0>,64,3,[1 7],98,127,130,29,119
1,<environment.Job instance at 0x153a155416e0>,65,2,[5 2],99,122,124,23,119
1,<environment.Job instance at 0x153a23f83d20>,66,2,[7 1],100,124,126,24,119
1,<environment.Job instance at 0x153a169054b0>,67,2,[2 5],101,127,129,26,119
1,<environment.Job instance at 0x153a16905e60>,68,1,[8 2],102,130,131,28,119
1,<environment.Job instance at 0x153a16905050>,69,1,[6 1],103,126,127,23,119
1,<environment.Job instance at 0x153a16905780>,70,1,[10  2],104,148,149,44,120
1,<environment.Job instance at 0x153a17131e60>,71,3,[1 6],105,129,132,24,120
1,<environment.Job instance at 0x153a171312d0>,72,1,[8 2],107,131,132,24,120
1,<environment.Job instance at 0x153a17131410>,73,3,[5 2],108,132,135,24,120
1,<environment.Job instance at 0x153a17131780>,74,3,[2 5],112,132,135,20,120
1,<environment.Job instance at 0x153a17131640>,75,2,[1 6],113,132,134,19,120
1,<environment.Job instance at 0x153a17131fa0>,76,13,[2 7],114,135,148,21,120
1,<environment.Job instance at 0x153a17131550>,77,1,[1 5],117,120,121,3,120
1,<environment.Job instance at 0x153a17131730>,78,1,[2 9],119,148,149,29,120
1,<environment.Job instance at 0x153a189a16e0>,80,2,[8 2],122,149,151,27,122
1,<environment.Job instance at 0x153a189a1a50>,82,2,[2 9],126,149,151,23,126
1,<environment.Job instance at 0x153a189a1be0>,83,1,[8 2],127,151,152,24,127
1,<environment.Job instance at 0x153a169010f0>,84,3,[5 1],128,135,138,7,128
1,<environment.Job instance at 0x153a16901fa0>,85,3,[8 1],129,152,155,23,129
1,<environment.Job instance at 0x153a169011e0>,86,3,[12  2],130,155,158,25,147
1,<environment.Job instance at 0x153a16901af0>,88,1,[1 9],132,151,152,19,147
1,<environment.Job instance at 0x153a169014b0>,89,2,[ 1 10],134,152,154,18,147
1,<environment.Job instance at 0x153a16901230>,91,3,[2 6],136,154,157,18,147
1,<environment.Job instance at 0x153a16901b40>,93,2,[9 1],139,158,160,19,148
1,<environment.Job instance at 0x153a16901c30>,94,2,[ 2 14],140,158,160,18,148
1,<environment.Job instance at 0x153a16901d20>,95,3,[1 6],141,154,157,13,148
1,<environment.Job instance at 0x153a16901eb0>,96,1,[ 2 10],142,157,158,15,148
1,<environment.Job instance at 0x153a169015a0>,97,17,[ 2 11],143,160,177,17,148
1,<environment.Job instance at 0x153a16901190>,98,2,[2 7],144,177,179,33,150
1,<environment.Job instance at 0x153a16576a00>,99,2,[8 1],146,160,162,14,150
1,<environment.Job instance at 0x153a16576c30>,100,1,[8 2],147,162,163,15,150
1,<environment.Job instance at 0x153a15dc2050>,101,1,[9 1],151,163,164,12,151
1,<environment.Job instance at 0x153a15dc2460>,102,14,[2 6],152,177,191,25,162
1,<environment.Job instance at 0x153a15dc2320>,103,1,[5 1],158,162,163,4,162
1,<environment.Job instance at 0x153a15dc2190>,104,3,[2 9],160,179,182,19,162
1,<environment.Job instance at 0x153a15dc2280>,105,1,[6 2],162,164,165,2,162
1,<environment.Job instance at 0x153a15dc2140>,106,18,[2 6],164,182,200,18,171
1,<environment.Job instance at 0x153a15dc2730>,107,1,[1 5],165,191,192,26,171
1,<environment.Job instance at 0x153a15dc20f0>,109,1,[2 6],168,192,193,24,171
1,<environment.Job instance at 0x153a15dc20a0>,110,14,[6 2],169,182,196,13,171
1,<environment.Job instance at 0x153a68253690>,2,12,[1 7],3,3,15,0,3
1,<environment.Job instance at 0x153a18a10730>,6,2,[2 7],8,8,10,0,8
1,<environment.Job instance at 0x153a15040140>,7,13,[1 8],9,11,24,2,11
1,<environment.Job instance at 0x153a23fdc320>,8,1,[2 8],10,24,25,14,11
1,<environment.Job instance at 0x153a15040460>,10,2,[2 9],14,25,27,11,14
1,<environment.Job instance at 0x153a1964be60>,11,27,[1 8],15,27,54,12,25
1,<environment.Job instance at 0x153a203f3c80>,14,17,[6 1],19,66,83,47,66
1,<environment.Job instance at 0x153a1964b780>,13,12,[5 1],17,117,129,100,117
1,<environment.Job instance at 0x153a156d0a00>,29,3,[2 6],42,117,120,75,117
1,<environment.Job instance at 0x153a156d02d0>,30,2,[7 2],44,117,119,73,117
1,<environment.Job instance at 0x153a15600140>,31,2,[10  1],45,120,122,75,117
1,<environment.Job instance at 0x153a156100f0>,32,2,[2 7],46,122,124,76,117
1,<environment.Job instance at 0x153a15605c80>,33,14,[2 7],47,122,136,75,117
1,<environment.Job instance at 0x153a15605640>,34,18,[6 2],48,124,142,76,119
1,<environment.Job instance at 0x153a1574e730>,35,3,[13  1],49,142,145,93,121
1,<environment.Job instance at 0x153a20121b90>,36,17,[6 2],50,145,162,95,134
1,<environment.Job instance at 0x153a15077910>,27,12,[ 1 14],39,167,179,128,167
1,<environment.Job instance at 0x153a15d3e4b0>,37,2,[5 2],51,179,181,128,167
1,<environment.Job instance at 0x153a15d6bb40>,40,3,[9 1],56,167,170,111,167
1,<environment.Job instance at 0x153a15d6b5f0>,43,3,[9 1],60,170,173,110,167
1,<environment.Job instance at 0x153a15d6b4b0>,45,1,[ 1 10],62,179,180,117,167
1,<environment.Job instance at 0x153a15d6bd20>,46,3,[2 7],64,180,183,116,167
1,<environment.Job instance at 0x153a15d6b410>,47,13,[6 2],65,179,192,114,167
1,<environment.Job instance at 0x153a1964bf50>,12,2,[1 9],16,183,185,167,167
1,<environment.Job instance at 0x153a201374b0>,52,3,[5 2],70,181,184,111,167
1,<environment.Job instance at 0x153a201370a0>,53,1,[6 2],71,184,185,113,167
1,<environment.Job instance at 0x153a20137f50>,54,1,[ 2 12],72,185,186,113,167
1,<environment.Job instance at 0x153a15845690>,55,18,[1 6],74,186,204,112,175
1,<environment.Job instance at 0x153a15845a50>,58,3,[ 1 10],77,204,207,127,178
1,<environment.Job instance at 0x153a15845aa0>,60,2,[1 9],79,192,194,113,178
1,<environment.Job instance at 0x153a158455f0>,61,3,[1 8],80,194,197,114,178
1,<environment.Job instance at 0x153a158457d0>,62,21,[1 8],82,207,228,125,199
1,<environment.Job instance at 0x153a15845a00>,63,3,[1 7],85,199,202,114,199
1,<environment.Job instance at 0x153a1591f550>,64,1,[1 5],86,222,223,136,222
1,<environment.Job instance at 0x153a1591f7d0>,74,13,[8 1],103,223,236,120,223
1,<environment.Job instance at 0x153a1591f370>,76,18,[9 1],106,236,254,130,225
1,<environment.Job instance at 0x153a1591fc30>,77,12,[1 9],108,243,255,135,243
1,<environment.Job instance at 0x153a1591f2d0>,78,22,[1 5],110,244,266,134,244
1,<environment.Job instance at 0x153a15845050>,56,17,[5 2],75,255,272,180,244
1,<environment.Job instance at 0x153a1591f780>,82,1,[1 5],115,255,256,140,244
1,<environment.Job instance at 0x153a1591f0f0>,83,18,[ 2 10],116,266,284,150,255
1,<environment.Job instance at 0x153a20138190>,86,16,[ 1 10],120,284,300,164,271
1,<environment.Job instance at 0x153a201386e0>,87,2,[1 6],122,300,302,178,273
1,<environment.Job instance at 0x153a20138e10>,88,3,[ 2 10],124,302,305,178,276
1,<environment.Job instance at 0x153a15d6b460>,48,3,[1 8],66,305,308,239,284
1,<environment.Job instance at 0x153a15127a50>,92,3,[8 1],128,284,287,156,284
1,<environment.Job instance at 0x153a15127320>,93,1,[10  1],129,287,288,158,284
1,<environment.Job instance at 0x153a15127d70>,94,15,[2 7],130,305,320,175,291
1,<environment.Job instance at 0x153a15127e10>,95,13,[5 2],131,291,304,160,291
1,<environment.Job instance at 0x153a20138d70>,89,1,[14  2],125,320,321,195,293
1,<environment.Job instance at 0x153a1591d690>,101,1,[10  2],140,304,305,164,293
1,<environment.Job instance at 0x153a1591d550>,102,3,[2 8],141,308,311,167,293
1,<environment.Job instance at 0x153a1591d0f0>,103,1,[2 8],143,311,312,168,293
1,<environment.Job instance at 0x153a1591d730>,104,3,[2 7],144,312,315,168,293
1,<environment.Job instance at 0x153a1591dfa0>,105,1,[2 5],145,300,301,155,293
1,<environment.Job instance at 0x153a1591d870>,106,2,[1 6],146,315,317,169,293
1,<environment.Job instance at 0x153a1591dd70>,107,2,[10  2],147,315,317,168,294
1,<environment.Job instance at 0x153a1591de10>,108,3,[8 1],150,301,304,151,298
1,<environment.Job instance at 0x153a1591da50>,109,3,[ 1 10],151,320,323,169,298
1,<environment.Job instance at 0x153a1591d5f0>,110,2,[8 1],152,298,300,146,298
1,<environment.Job instance at 0x153a1591d2d0>,100,1,[1 5],139,317,318,178,303
1,<environment.Job instance at 0x153a1591d050>,112,14,[2 9],154,323,337,169,308
1,<environment.Job instance at 0x153a1591d230>,113,2,[2 7],155,318,320,163,308
1,<environment.Job instance at 0x153a1591d1e0>,114,3,[ 2 10],157,337,340,180,311
1,<environment.Job instance at 0x153a15127230>,96,16,[6 2],132,321,337,189,311
1,<environment.Job instance at 0x153a15915d70>,116,3,[ 2 10],161,340,343,179,314
1,<environment.Job instance at 0x153a15915be0>,117,3,[10  1],162,317,320,155,314
1,<environment.Job instance at 0x153a15915140>,118,1,[10  1],164,314,315,150,314
1,<environment.Job instance at 0x153a159154b0>,120,18,[5 1],166,321,339,155,314
1,<environment.Job instance at 0x153a2348b050>,122,16,[2 5],168,339,355,171,335
1,<environment.Job instance at 0x153a159155a0>,121,12,[2 5],167,380,392,213,380
1,<environment.Job instance at 0x153a1891d0f0>,2,1,[2 6],4,5,6,1,5
1,<environment.Job instance at 0x153a3807a050>,4,2,[5 1],7,8,10,1,8
1,<environment.Job instance at 0x153a2007a730>,6,1,[7 2],11,11,12,0,11
1,<environment.Job instance at 0x153a2007ad20>,7,1,[1 8],13,13,14,0,13
1,<environment.Job instance at 0x153a2007aa50>,9,2,[2 6],16,16,18,0,16
1,<environment.Job instance at 0x153a2007a050>,10,18,[8 1],17,17,35,0,17
1,<environment.Job instance at 0x153a165e2320>,11,3,[ 1 10],18,18,21,0,18
1,<environment.Job instance at 0x153a165e20f0>,12,1,[8 2],19,35,36,16,19
1,<environment.Job instance at 0x153a188f69b0>,16,16,[1 7],24,53,69,29,53
1,<environment.Job instance at 0x153a195f9690>,15,2,[9 1],23,58,60,35,58
1,<environment.Job instance at 0x153a18c1d1e0>,18,2,[7 2],26,60,62,34,58
1,<environment.Job instance at 0x153a1952d5a0>,19,3,[5 2],27,59,62,32,59
1,<environment.Job instance at 0x153a15ddbd70>,20,3,[2 8],29,62,65,33,59
1,<environment.Job instance at 0x153a15aea640>,21,15,[5 1],32,65,80,33,59
1,<environment.Job instance at 0x153a2348b370>,17,14,[8 1],25,76,90,51,76
1,<environment.Job instance at 0x153a165e27d0>,23,3,[1 9],36,76,79,40,76
1,<environment.Job instance at 0x153a165e20a0>,22,15,[6 2],34,80,95,46,76
1,<environment.Job instance at 0x153a18a58730>,25,2,[6 1],38,90,92,52,88
1,<environment.Job instance at 0x153a151df550>,27,15,[1 7],40,88,103,48,88
1,<environment.Job instance at 0x153a151dfcd0>,28,2,[1 7],41,95,97,54,88
1,<environment.Job instance at 0x153a3807acd0>,0,2,[ 2 14],1,103,105,102,88
1,<environment.Job instance at 0x153a155f5c30>,26,2,[8 1],39,92,94,53,88
1,<environment.Job instance at 0x153a151dfe60>,31,3,[10  1],45,95,98,50,88
1,<environment.Job instance at 0x153a16584320>,33,14,[1 9],47,105,119,58,90
1,<environment.Job instance at 0x153a152e7820>,32,1,[8 1],46,94,95,48,90
1,<environment.Job instance at 0x153a15316b40>,35,1,[7 2],49,98,99,49,90
1,<environment.Job instance at 0x153a15316690>,36,3,[6 2],50,98,101,48,90
1,<environment.Job instance at 0x153a15cde410>,37,2,[9 2],51,101,103,50,90
1,<environment.Job instance at 0x153a15cdea00>,38,1,[1 6],52,97,98,45,90
1,<environment.Job instance at 0x153a15cde690>,39,2,[2 5],53,90,92,37,90
1,<environment.Job instance at 0x153a16584af0>,30,1,[5 2],44,99,100,55,98
1,<environment.Job instance at 0x153a15cde460>,41,1,[ 1 10],55,119,120,64,98
1,<environment.Job instance at 0x153a15cde7d0>,42,1,[1 8],56,120,121,64,98
1,<environment.Job instance at 0x153a220833c0>,43,1,[7 2],57,100,101,43,99
1,<environment.Job instance at 0x153a18b83230>,44,1,[11  2],59,105,106,46,99
1,<environment.Job instance at 0x153a153162d0>,34,1,[10  1],48,103,104,55,99
1,<environment.Job instance at 0x153a15cdebe0>,46,12,[13  2],61,109,121,48,109
1,<environment.Job instance at 0x153a380d2410>,48,18,[ 1 10],64,121,139,57,110
1,<environment.Job instance at 0x153a152c8230>,49,12,[5 2],65,121,133,56,110
1,<environment.Job instance at 0x153a15208690>,50,2,[9 2],66,121,123,55,110
1,<environment.Job instance at 0x153a152c8f50>,51,1,[ 1 10],68,139,140,71,111
1,<environment.Job instance at 0x153a152c8730>,53,1,[2 6],72,140,141,68,112
1,<environment.Job instance at 0x153a152c8500>,54,1,[1 8],73,140,141,67,112
1,<environment.Job instance at 0x153a152c87d0>,55,12,[ 2 10],74,141,153,67,124
1,<environment.Job instance at 0x153a152c83c0>,56,1,[1 9],75,153,154,78,125
1,<environment.Job instance at 0x153a156b50f0>,57,1,[9 1],76,125,126,49,125
1,<environment.Job instance at 0x153a233d9cd0>,58,1,[10  2],77,133,134,56,125
1,<environment.Job instance at 0x153a233d97d0>,59,1,[6 2],79,126,127,47,125
1,<environment.Job instance at 0x153a18a51a00>,61,3,[10  2],81,136,139,55,136
1,<environment.Job instance at 0x153a195f1cd0>,62,3,[14  2],83,153,156,70,141
1,<environment.Job instance at 0x153a68268e60>,63,3,[2 6],88,156,159,68,141
1,<environment.Job instance at 0x153a18a217d0>,64,1,[6 2],89,141,142,52,141
1,<environment.Job instance at 0x153a18a215f0>,65,2,[1 6],90,154,156,64,141
1,<environment.Job instance at 0x153a3a31a3c0>,66,12,[1 9],91,156,168,65,141
1,<environment.Job instance at 0x153a3a31ac80>,68,1,[1 6],93,159,160,66,141
1,<environment.Job instance at 0x153a3a31a9b0>,69,3,[6 2],94,141,144,47,141
1,<environment.Job instance at 0x153a159ddd20>,70,2,[2 7],96,168,170,72,141
1,<environment.Job instance at 0x153a159dd5a0>,71,3,[1 5],97,144,147,47,141
1,<environment.Job instance at 0x153a15091af0>,72,3,[1 6],100,160,163,60,141
1,<environment.Job instance at 0x153a15b6d4b0>,73,2,[5 2],101,142,144,41,141
1,<environment.Job instance at 0x153a18aecf00>,74,2,[1 5],106,147,149,41,141
1,<environment.Job instance at 0x153a188757d0>,75,3,[5 1],107,149,152,42,142
1,<environment.Job instance at 0x153a15724230>,77,1,[6 2],109,149,150,40,142
1,<environment.Job instance at 0x153a2330fe60>,78,3,[ 2 10],110,170,173,60,144
1,<environment.Job instance at 0x153a1544c370>,79,3,[5 2],113,150,153,37,145
1,<environment.Job instance at 0x153a1963c140>,80,2,[2 8],115,168,170,53,145
1,<environment.Job instance at 0x153a1963ca50>,81,3,[ 2 10],116,173,176,57,147
1,<environment.Job instance at 0x153a1963c4b0>,82,1,[8 1],117,152,153,35,147
1,<environment.Job instance at 0x153a3a2d5c80>,84,3,[9 2],120,163,166,43,160
1,<environment.Job instance at 0x153a3a2d5820>,85,14,[2 6],121,176,190,55,161
1,<environment.Job instance at 0x153a3a2d59b0>,86,2,[1 5],122,166,168,44,161
1,<environment.Job instance at 0x153a3a2d51e0>,87,1,[6 2],123,170,171,47,166
1,<environment.Job instance at 0x153a3a2d5550>,88,22,[1 8],124,176,198,52,169
1,<environment.Job instance at 0x153a3a2d5aa0>,89,1,[8 2],125,171,172,46,169
1,<environment.Job instance at 0x153a15421a00>,90,18,[1 6],126,190,208,64,179
1,<environment.Job instance at 0x153a15d32a50>,91,3,[2 6],127,198,201,71,179
1,<environment.Job instance at 0x153a15d32550>,92,3,[2 8],128,201,204,73,179
1,<environment.Job instance at 0x153a15d32b90>,93,20,[7 2],129,204,224,75,195
1,<environment.Job instance at 0x153a15d32820>,94,2,[10  2],130,198,200,68,195
1,<environment.Job instance at 0x153a15d322d0>,95,2,[7 1],131,195,197,64,195
1,<environment.Job instance at 0x153a15d32d70>,96,18,[2 8],132,208,226,76,197
1,<environment.Job instance at 0x153a15d32140>,97,1,[10  1],133,197,198,64,197
1,<environment.Job instance at 0x153a15d32730>,98,1,[1 7],136,204,205,68,197
1,<environment.Job instance at 0x153a15d32aa0>,99,1,[10  2],137,200,201,63,197
1,<environment.Job instance at 0x153a15d32690>,100,1,[1 6],139,205,206,66,197
1,<environment.Job instance at 0x153a233329b0>,101,2,[2 6],142,206,208,64,197
1,<environment.Job instance at 0x153a19729be0>,102,24,[2 5],143,208,232,65,203
1,<environment.Job instance at 0x153a197291e0>,104,1,[2 5],146,226,227,80,207
1,<environment.Job instance at 0x153a19729d70>,105,1,[ 1 10],147,227,228,80,208
1,<environment.Job instance at 0x153a19729280>,106,16,[2 7],148,228,244,80,215
1,<environment.Job instance at 0x153a197298c0>,107,17,[2 5],149,232,249,83,220
1,<environment.Job instance at 0x153a19729eb0>,108,2,[ 2 10],151,244,246,93,220
1,<environment.Job instance at 0x153a232c3c80>,109,15,[1 9],155,246,261,91,232
1,<environment.Job instance at 0x153a232c34b0>,110,3,[1 6],159,249,252,90,232
1,<environment.Job instance at 0x153a232c3b90>,111,1,[6 1],162,232,233,70,232
1,<environment.Job instance at 0x153a232c3f00>,112,15,[ 1 10],164,261,276,97,247
1,<environment.Job instance at 0x153a232c3aa0>,114,13,[8 1],166,252,265,86,247
1,<environment.Job instance at 0x153a232c31e0>,116,3,[1 7],168,276,279,108,250
1,<environment.Job instance at 0x153a16905780>,14,1,[8 2],22,265,266,243,250
1,<environment.Job instance at 0x153a6827c2d0>,2,1,[2 5],3,3,4,0,3
1,<environment.Job instance at 0x153a6827c500>,3,2,[2 6],4,4,6,0,4
1,<environment.Job instance at 0x153a6827c0a0>,4,1,[9 1],5,5,6,0,5
1,<environment.Job instance at 0x153a6827c0f0>,5,1,[1 7],6,6,7,0,6
1,<environment.Job instance at 0x153a6827c190>,6,12,[1 7],9,9,21,0,9
1,<environment.Job instance at 0x153a6827c640>,7,2,[1 9],10,21,23,11,10
1,<environment.Job instance at 0x153a15e14a50>,9,2,[1 8],12,12,14,0,12
1,<environment.Job instance at 0x153a159eb820>,10,2,[2 6],14,14,16,0,14
1,<environment.Job instance at 0x153a19680e10>,12,2,[9 1],16,19,21,3,19
1,<environment.Job instance at 0x153a1663cb90>,16,13,[1 5],20,20,33,0,20
1,<environment.Job instance at 0x153a195b0a50>,17,1,[2 9],21,23,24,2,21
1,<environment.Job instance at 0x153a195b0320>,18,2,[8 1],22,22,24,0,22
1,<environment.Job instance at 0x153a195b0fa0>,19,17,[5 1],23,24,41,1,23
1,<environment.Job instance at 0x153a15b119b0>,13,17,[2 6],17,24,41,7,23
1,<environment.Job instance at 0x153a1663c050>,15,2,[2 5],19,33,35,14,23
1,<environment.Job instance at 0x153a15ab69b0>,27,13,[7 2],33,35,48,2,33
1,<environment.Job instance at 0x153a18b83690>,28,3,[2 6],35,41,44,6,35
1,<environment.Job instance at 0x153a201624b0>,26,3,[7 2],30,44,47,14,35
1,<environment.Job instance at 0x153a18b83050>,29,18,[ 2 10],36,47,65,11,36
1,<environment.Job instance at 0x153a1669a780>,31,2,[1 7],38,41,43,3,38
1,<environment.Job instance at 0x153a38139a50>,32,1,[10  1],40,48,49,8,40
1,<environment.Job instance at 0x153a380ddbe0>,33,2,[1 7],41,43,45,2,41
1,<environment.Job instance at 0x153a2004ae60>,36,3,[7 2],47,49,52,2,47
1,<environment.Job instance at 0x153a2004a2d0>,37,3,[2 8],48,65,68,17,48
1,<environment.Job instance at 0x153a2004a0a0>,38,3,[1 7],50,65,68,15,50
1,<environment.Job instance at 0x153a196efaa0>,39,1,[1 7],51,68,69,17,52
1,<environment.Job instance at 0x153a158ccf50>,41,15,[13  1],53,68,83,15,64
1,<environment.Job instance at 0x153a158ccc30>,44,3,[ 1 10],56,69,72,13,64
1,<environment.Job instance at 0x153a158cc140>,45,3,[1 6],58,72,75,14,64
1,<environment.Job instance at 0x153a196ef5a0>,40,17,[1 7],52,72,89,20,64
1,<environment.Job instance at 0x153a158ccf00>,42,2,[8 2],54,83,85,29,64
1,<environment.Job instance at 0x153a15157550>,49,2,[1 8],63,85,87,22,64
1,<environment.Job instance at 0x153a233fec80>,50,3,[8 2],65,87,90,22,65
1,<environment.Job instance at 0x153a17d87c80>,51,1,[2 8],66,89,90,23,66
1,<environment.Job instance at 0x153a18c4ba00>,52,3,[1 8],67,90,93,23,67
1,<environment.Job instance at 0x153a1971c280>,53,3,[10  1],69,90,93,21,69
1,<environment.Job instance at 0x153a1552a6e0>,54,1,[8 2],70,93,94,23,70
1,<environment.Job instance at 0x153a20089370>,55,3,[1 7],71,75,78,4,71
1,<environment.Job instance at 0x153a20089410>,56,1,[2 7],72,93,94,21,72
1,<environment.Job instance at 0x153a2330a550>,57,3,[1 5],73,78,81,5,73
1,<environment.Job instance at 0x153a2330a2d0>,58,2,[6 1],74,83,85,9,74
1,<environment.Job instance at 0x153a2330ac30>,59,1,[7 1],76,94,95,18,76
1,<environment.Job instance at 0x153a15a80d70>,60,14,[7 1],77,94,108,17,79
1,<environment.Job instance at 0x153a15a80c80>,61,3,[ 2 11],78,95,98,17,79
1,<environment.Job instance at 0x153a15a80690>,62,2,[9 1],79,108,110,29,81
1,<environment.Job instance at 0x153a153b5230>,48,3,[2 6],62,90,93,28,81
1,<environment.Job instance at 0x153a19670820>,64,18,[1 5],82,98,116,16,87
1,<environment.Job instance at 0x153a23442b90>,71,3,[7 1],91,135,138,44,135
1,<environment.Job instance at 0x153a16604f50>,73,14,[1 8],93,135,149,42,135
1,<environment.Job instance at 0x153a16604dc0>,74,18,[7 2],94,141,159,47,141
1,<environment.Job instance at 0x153a166042d0>,75,15,[ 2 10],95,149,164,54,143
1,<environment.Job instance at 0x153a15a80cd0>,63,1,[1 7],81,164,165,83,147
1,<environment.Job instance at 0x153a16604410>,79,3,[1 6],100,164,167,64,147
1,<environment.Job instance at 0x153a16604eb0>,81,2,[1 7],102,165,167,63,161
1,<environment.Job instance at 0x153a196070a0>,82,18,[5 1],103,163,181,60,163
1,<environment.Job instance at 0x153a19607050>,84,2,[5 2],109,167,169,58,167
1,<environment.Job instance at 0x153a15dd7a00>,87,2,[ 1 10],114,169,171,55,169
1,<environment.Job instance at 0x153a19607b90>,86,1,[5 1],111,170,171,59,170
1,<environment.Job instance at 0x153a15dd7cd0>,89,23,[1 9],116,171,194,55,170
1,<environment.Job instance at 0x153a16604cd0>,78,1,[6 2],99,171,172,72,170
1,<environment.Job instance at 0x153a15dd7910>,90,3,[6 2],118,172,175,54,170
1,<environment.Job instance at 0x153a15dd7640>,92,1,[9 1],121,175,176,54,170
1,<environment.Job instance at 0x153a15dd7190>,93,2,[1 5],125,176,178,51,170
1,<environment.Job instance at 0x153a15dd7a50>,94,21,[1 8],127,194,215,67,186
1,<environment.Job instance at 0x153a15dd7550>,96,3,[ 1 10],130,215,218,85,194
1,<environment.Job instance at 0x153a15dd7c80>,91,18,[5 2],120,194,212,74,194
1,<environment.Job instance at 0x153a15dd7730>,98,16,[1 8],132,218,234,86,205
1,<environment.Job instance at 0x153a15dd7690>,99,3,[10  1],133,212,215,79,205
1,<environment.Job instance at 0x153a15dd75a0>,100,1,[1 9],135,234,235,99,206
1,<environment.Job instance at 0x153a15e03f00>,101,15,[9 1],136,215,230,79,206
1,<environment.Job instance at 0x153a15e03870>,102,2,[7 2],137,206,208,69,206
1,<environment.Job instance at 0x153a15e03460>,103,1,[ 2 10],138,235,236,97,207
1,<environment.Job instance at 0x153a15e03140>,105,2,[5 1],140,215,217,75,215
1,<environment.Job instance at 0x153a15eb8690>,70,3,[12  2],90,230,233,140,218
1,<environment.Job instance at 0x153a15e03b40>,107,2,[7 2],144,233,235,89,218
1,<environment.Job instance at 0x153a15e03550>,104,18,[8 1],139,235,253,96,224
1,<environment.Job instance at 0x153a15e03a50>,111,19,[7 2],151,236,255,85,229
1,<environment.Job instance at 0x153a15e038c0>,112,3,[1 5],153,231,234,78,231
1,<environment.Job instance at 0x153a2349f820>,113,27,[1 8],155,253,280,98,251
1,<environment.Job instance at 0x153a2349f280>,114,3,[2 7],158,255,258,97,251
1,<environment.Job instance at 0x153a15e03c30>,110,12,[9 1],150,258,270,108,251
1,<environment.Job instance at 0x153a2349fdc0>,116,3,[ 1 10],161,321,324,160,321
1,<environment.Job instance at 0x153a15dbaeb0>,121,3,[1 9],169,354,357,185,354
1,<environment.Job instance at 0x153a2349f1e0>,120,12,[ 1 13],166,2401,2413,2235,2401
1,<environment.Job instance at 0x14e82a107a50>,3,2,[1 7],6,9,11,3,9
1,<environment.Job instance at 0x14e7d4bf4050>,7,3,[5 1],10,10,13,0,10
1,<environment.Job instance at 0x14e7d4bf4e60>,8,13,[ 2 10],11,11,24,0,11
1,<environment.Job instance at 0x14e7d4bf4190>,10,3,[7 2],14,14,17,0,14
1,<environment.Job instance at 0x14e7d4bf42d0>,12,3,[6 2],16,16,19,0,16
1,<environment.Job instance at 0x14e7d4bd0370>,13,13,[1 5],17,19,32,2,17
1,<environment.Job instance at 0x14e7d472d320>,6,16,[2 7],9,24,40,15,17
1,<environment.Job instance at 0x14e7d4bf4870>,15,14,[6 2],20,28,42,8,28
1,<environment.Job instance at 0x14e7d4bd9320>,16,17,[1 7],22,40,57,18,29
1,<environment.Job instance at 0x14e7d4c3d8c0>,17,3,[6 1],23,30,33,7,30
1,<environment.Job instance at 0x14e7d4bd9b40>,18,1,[5 2],25,33,34,8,30
1,<environment.Job instance at 0x14e7d4c02a50>,19,3,[8 1],26,40,43,14,30
1,<environment.Job instance at 0x14e7d4c02870>,20,21,[7 1],27,43,64,16,35
1,<environment.Job instance at 0x14e7d4c020a0>,21,22,[8 2],28,57,79,29,52
1,<environment.Job instance at 0x14e7d4bf4780>,14,1,[1 7],18,74,75,56,74
1,<environment.Job instance at 0x14e7d4f0b780>,27,3,[2 8],37,75,78,38,74
1,<environment.Job instance at 0x14e7d4c02aa0>,28,2,[1 9],38,78,80,40,74
1,<environment.Job instance at 0x14e7d44ca6e0>,29,13,[1 6],39,79,92,40,74
1,<environment.Job instance at 0x14e7d44ca280>,30,3,[1 8],41,80,83,39,74
1,<environment.Job instance at 0x14e7d472d460>,4,2,[6 1],7,80,82,73,75
1,<environment.Job instance at 0x14e7d44ca2d0>,36,3,[1 6],48,83,86,35,75
1,<environment.Job instance at 0x14e7d44cadc0>,37,2,[2 7],49,86,88,37,75
1,<environment.Job instance at 0x14e7d44ca140>,39,14,[2 5],51,88,102,37,77
1,<environment.Job instance at 0x14e7d4b57370>,40,1,[8 1],53,82,83,29,77
1,<environment.Job instance at 0x14e7d44ca730>,41,1,[ 1 10],54,92,93,38,77
1,<environment.Job instance at 0x14e7d44ca050>,42,3,[1 6],55,93,96,38,77
1,<environment.Job instance at 0x14e7d47333c0>,43,2,[2 8],56,96,98,40,77
1,<environment.Job instance at 0x14e7d4733820>,44,1,[2 9],57,98,99,41,77
1,<environment.Job instance at 0x14e7d44c18c0>,45,2,[2 5],58,99,101,41,77
1,<environment.Job instance at 0x14e7d44c1cd0>,46,1,[1 7],59,101,102,42,77
1,<environment.Job instance at 0x14e7d44c1550>,49,1,[ 1 10],67,102,103,35,92
1,<environment.Job instance at 0x14e7d4bd6730>,50,1,[1 8],68,103,104,35,92
1,<environment.Job instance at 0x14e7d4bd6230>,51,16,[10  1],69,93,109,24,93
1,<environment.Job instance at 0x14e7d44c1e10>,48,15,[ 2 10],61,104,119,43,93
1,<environment.Job instance at 0x14e7d4bd6460>,53,1,[7 2],72,109,110,37,93
1,<environment.Job instance at 0x14e7d4c02140>,22,3,[2 6],29,119,122,90,93
1,<environment.Job instance at 0x14e7d4bd6cd0>,52,1,[8 1],70,112,113,42,112
1,<environment.Job instance at 0x14e7d4bee870>,60,17,[ 1 10],86,122,139,36,112
1,<environment.Job instance at 0x14e7d4beee60>,61,2,[5 2],87,112,114,25,112
1,<environment.Job instance at 0x14e7d4bee410>,62,2,[1 5],89,114,116,25,112
1,<environment.Job instance at 0x14e7d4beef50>,63,2,[7 2],90,116,118,26,112
1,<environment.Job instance at 0x14e7d4beed20>,64,18,[1 7],91,139,157,48,128
1,<environment.Job instance at 0x14e7d44c80a0>,55,2,[2 7],75,139,141,64,128
1,<environment.Job instance at 0x14e7d44d4690>,66,2,[9 2],94,128,130,34,128
1,<environment.Job instance at 0x14e7d4beedc0>,65,2,[2 7],93,141,143,48,128
1,<environment.Job instance at 0x14e7d4beefa0>,59,2,[12  2],85,143,145,58,138
1,<environment.Job instance at 0x14e7d44d4410>,69,1,[10  2],101,138,139,37,138
1,<environment.Job instance at 0x14e7d44d4820>,70,1,[8 1],102,139,140,37,138
1,<environment.Job instance at 0x14e7d44d4b40>,73,1,[8 1],107,140,141,33,139
1,<environment.Job instance at 0x14e7d44d4cd0>,74,2,[1 5],108,143,145,35,140
1,<environment.Job instance at 0x14e7d44d42d0>,68,1,[1 5],98,154,155,56,154
1,<environment.Job instance at 0x14e7d44da690>,84,18,[2 5],124,155,173,31,154
1,<environment.Job instance at 0x14e7d44da730>,85,2,[1 5],125,160,162,35,160
1,<environment.Job instance at 0x14e7d44daaa0>,90,1,[5 2],133,160,161,27,160
1,<environment.Job instance at 0x14e7d44daa50>,91,1,[5 2],134,160,161,26,160
1,<environment.Job instance at 0x14e7d44dad70>,92,16,[1 9],136,162,178,26,160
1,<environment.Job instance at 0x14e7d44dae10>,93,18,[1 5],137,173,191,36,162
1,<environment.Job instance at 0x14e7d44daaf0>,94,1,[ 2 10],138,178,179,40,162
1,<environment.Job instance at 0x14e7d44dd7d0>,96,1,[2 5],143,179,180,36,162
1,<environment.Job instance at 0x14e7d44dd6e0>,97,2,[1 7],145,180,182,35,162
1,<environment.Job instance at 0x14e7d44dd8c0>,98,2,[9 1],146,179,181,33,177
1,<environment.Job instance at 0x14e7d44ddcd0>,102,1,[1 8],154,182,183,28,177
1,<environment.Job instance at 0x14e7d44ddeb0>,103,2,[2 5],156,183,185,27,177
1,<environment.Job instance at 0x14e7d44e0960>,1,1,[1 6],2,2,3,0,2
1,<environment.Job instance at 0x14e7d44f7640>,2,14,[12  1],3,2500,2514,2497,2500
1,<environment.Job instance at 0x14e7d7c97eb0>,6,3,[ 1 10],7,2500,2503,2493,2500
1,<environment.Job instance at 0x14e7d7c97690>,7,2,[5 1],9,2514,2516,2505,2500
1,<environment.Job instance at 0x14e7d7c97230>,8,12,[1 9],10,2503,2515,2493,2500
1,<environment.Job instance at 0x14e7d44ddf00>,3,17,[1 5],4,2503,2520,2499,2500
1,<environment.Job instance at 0x14e7d7c97af0>,12,3,[1 8],14,2515,2518,2501,2500
1,<environment.Job instance at 0x14e7d7c97280>,10,1,[ 1 10],12,2518,2519,2506,2506
1,<environment.Job instance at 0x14e7d7c97d70>,14,3,[ 1 10],17,2519,2522,2502,2506
1,<environment.Job instance at 0x14e7d7c979b0>,16,2,[ 2 10],20,2522,2524,2502,2506
1,<environment.Job instance at 0x14e7d7c973c0>,17,2,[2 5],21,2520,2522,2499,2510
1,<environment.Job instance at 0x14e7d7c97190>,18,1,[1 5],22,2522,2523,2500,2511
1,<environment.Job instance at 0x14e7d7c1ebe0>,19,3,[11  1],23,2523,2526,2500,2518
1,<environment.Job instance at 0x14e7d7c1ecd0>,20,12,[2 6],24,2524,2536,2500,2518
1,<environment.Job instance at 0x14e7d7c1eaf0>,21,3,[2 6],25,2524,2527,2499,2519
1,<environment.Job instance at 0x14e7d7c1e730>,22,18,[ 1 10],37,2536,2554,2499,2525
1,<environment.Job instance at 0x14e7d7c1e550>,23,26,[2 5],38,2527,2553,2489,2525
1,<environment.Job instance at 0x14e7d7c1ee60>,29,25,[1 8],45,2554,2579,2509,2550
1,<environment.Job instance at 0x14e7d7c1eb90>,30,26,[2 9],46,2579,2605,2533,2576
1,<environment.Job instance at 0x14e7d7c1ed20>,32,13,[ 2 10],51,2605,2618,2554,2589
1,<environment.Job instance at 0x14e7d7c1e370>,33,3,[1 6],52,2589,2592,2537,2589
1,<environment.Job instance at 0x14e7d7c1e0f0>,34,2,[1 6],53,2592,2594,2539,2589
1,<environment.Job instance at 0x14e7d7c1ec80>,35,2,[1 7],54,2618,2620,2564,2591
1,<environment.Job instance at 0x14e7d7c1ea00>,36,22,[2 7],55,2618,2640,2563,2611
1,<environment.Job instance at 0x14e7d7c1e640>,37,1,[5 1],57,2612,2613,2555,2612
1,<environment.Job instance at 0x14e7d7c1e9b0>,38,2,[2 8],58,2620,2622,2562,2612
1,<environment.Job instance at 0x14e7d7c1e7d0>,39,18,[2 8],59,2622,2640,2563,2612
1,<environment.Job instance at 0x14e7d7c97a50>,5,1,[1 9],6,2640,2641,2634,2617
1,<environment.Job instance at 0x14e7d7c1eaa0>,43,2,[6 1],64,2617,2619,2553,2617
1,<environment.Job instance at 0x14e7d7ca20f0>,46,3,[1 7],70,2641,2644,2571,2617
1,<environment.Job instance at 0x14e7d7ca2c80>,48,2,[1 5],72,2640,2642,2568,2617
1,<environment.Job instance at 0x14e7d7ca2190>,49,15,[ 1 10],75,2644,2659,2569,2630
1,<environment.Job instance at 0x14e7d7ca25f0>,51,1,[7 1],79,2640,2641,2561,2630
1,<environment.Job instance at 0x14e7d7ca2690>,52,2,[1 8],81,2642,2644,2561,2630
1,<environment.Job instance at 0x14e7d7ca22d0>,53,1,[1 6],82,2659,2660,2577,2631
1,<environment.Job instance at 0x14e7d7ca2a00>,54,3,[10  2],83,2644,2647,2561,2635
1,<environment.Job instance at 0x14e7d7ca2af0>,55,2,[8 2],84,2647,2649,2563,2635
1,<environment.Job instance at 0x14e7d7ca2eb0>,56,2,[5 2],85,2647,2649,2562,2635
1,<environment.Job instance at 0x14e7d7ca2500>,57,3,[1 8],87,2659,2662,2572,2635
1,<environment.Job instance at 0x14e7d7ca2320>,58,2,[5 2],89,2649,2651,2560,2635
1,<environment.Job instance at 0x14e7d7ca29b0>,59,2,[2 7],91,2660,2662,2569,2635
1,<environment.Job instance at 0x14e7d7ca21e0>,60,3,[ 2 10],93,2662,2665,2569,2636
1,<environment.Job instance at 0x14e7d7ca27d0>,61,1,[1 5],94,2651,2652,2557,2636
1,<environment.Job instance at 0x14e7d7ca2a50>,62,2,[1 9],95,2665,2667,2570,2638
1,<environment.Job instance at 0x14e7d7ca2f50>,63,17,[1 7],96,2667,2684,2571,2655
1,<environment.Job instance at 0x14e7d7ca2140>,64,2,[5 2],98,2655,2657,2557,2655
1,<environment.Job instance at 0x14e7d7ca2b90>,65,2,[1 5],99,2657,2659,2558,2655
1,<environment.Job instance at 0x14e7d7ca2f00>,66,1,[7 2],100,2655,2656,2555,2655
1,<environment.Job instance at 0x14e7d7bc7410>,68,3,[5 2],103,2662,2665,2559,2655
1,<environment.Job instance at 0x14e7d7bc7b40>,69,2,[2 5],105,2665,2667,2560,2655
1,<environment.Job instance at 0x14e7d7bc7960>,70,14,[ 1 10],106,2684,2698,2578,2669
1,<environment.Job instance at 0x14e7d7bc7e10>,71,1,[6 2],107,2669,2670,2562,2669
1,<environment.Job instance at 0x14e7d7bc7dc0>,72,3,[2 5],108,2669,2672,2561,2669
1,<environment.Job instance at 0x14e7d7bc7780>,73,14,[2 5],109,2672,2686,2563,2669
1,<environment.Job instance at 0x14e7d7bc7af0>,74,2,[7 1],110,2670,2672,2560,2669
1,<environment.Job instance at 0x14e7d7bc75f0>,75,2,[1 8],111,2698,2700,2587,2671
1,<environment.Job instance at 0x14e7d7bc7460>,76,2,[12  1],112,2672,2674,2560,2671
1,<environment.Job instance at 0x14e7d7bc72d0>,78,27,[5 1],114,2686,2713,2572,2684
1,<environment.Job instance at 0x14e7d7bc7f00>,80,17,[1 9],116,2700,2717,2584,2688
1,<environment.Job instance at 0x14e7d7bc7a00>,82,1,[6 1],119,2701,2702,2582,2701
1,<environment.Job instance at 0x14e7d7bc7eb0>,83,1,[8 1],121,2702,2703,2581,2701
1,<environment.Job instance at 0x14e7d7bc7b90>,85,18,[6 2],123,2703,2721,2580,2703
1,<environment.Job instance at 0x14e7d7c202d0>,87,1,[6 2],128,2713,2714,2585,2704
1,<environment.Job instance at 0x14e7d7c20aa0>,88,15,[2 7],129,2717,2732,2588,2704
1,<environment.Job instance at 0x14e7d7c20230>,89,2,[2 8],130,2721,2723,2591,2704
1,<environment.Job instance at 0x14e7d7c20fa0>,90,12,[1 9],131,2732,2744,2601,2715
1,<environment.Job instance at 0x14e7d7c20910>,91,14,[ 2 10],132,2744,2758,2612,2729
1,<environment.Job instance at 0x14e7d7c207d0>,92,2,[6 2],133,2729,2731,2596,2729
1,<environment.Job instance at 0x14e7d7c200f0>,94,1,[6 2],136,2729,2730,2593,2729
1,<environment.Job instance at 0x14e7d7c20780>,95,2,[1 6],138,2730,2732,2592,2729
1,<environment.Job instance at 0x14e7d7cd90f0>,97,2,[ 1 10],141,2758,2760,2617,2731
1,<environment.Job instance at 0x14e7d7cd97d0>,98,2,[6 1],142,2731,2733,2589,2731
1,<environment.Job instance at 0x14e7d7cd9b90>,99,2,[10  2],143,2733,2735,2590,2731
1,<environment.Job instance at 0x14e7d7cd9190>,100,3,[2 6],144,2735,2738,2591,2731
1,<environment.Job instance at 0x14e7d7cd9c80>,101,2,[7 2],146,2738,2740,2592,2731
1,<environment.Job instance at 0x14e7d7cd9550>,102,1,[9 1],148,2740,2741,2592,2731
1,<environment.Job instance at 0x14e7d7cd9f50>,103,3,[1 9],149,2760,2763,2611,2734
1,<environment.Job instance at 0x14e7d7cd9f00>,104,26,[1 7],150,2763,2789,2613,2760
1,<environment.Job instance at 0x14e7d7cd9cd0>,105,2,[6 2],151,2760,2762,2609,2760
1,<environment.Job instance at 0x14e7d7cd9910>,106,2,[2 6],154,2762,2764,2608,2760
1,<environment.Job instance at 0x14e7d7cd92d0>,107,1,[1 7],155,2764,2765,2609,2760
1,<environment.Job instance at 0x14e7d7cd9eb0>,108,2,[10  2],156,2765,2767,2609,2760
1,<environment.Job instance at 0x14e7d7cd90a0>,109,2,[6 2],157,2760,2762,2603,2760
1,<environment.Job instance at 0x14e7d7cd9dc0>,110,2,[10  1],158,2763,2765,2605,2760
1,<environment.Job instance at 0x14e7d7cd9a50>,111,1,[7 2],159,2767,2768,2608,2760
1,<environment.Job instance at 0x14e7d7cd9d20>,112,3,[6 2],160,2767,2770,2607,2760
1,<environment.Job instance at 0x14e7d7cd91e0>,113,3,[1 9],161,2789,2792,2628,2763
1,<environment.Job instance at 0x14e7d7cd9050>,114,3,[13  2],162,2770,2773,2608,2765
1,<environment.Job instance at 0x14e7d7cd9b40>,116,14,[ 2 10],164,2792,2806,2628,2777
1,<environment.Job instance at 0x14e7d7cd9320>,118,1,[8 2],166,2777,2778,2611,2777
1,<environment.Job instance at 0x14e7d7cd30a0>,121,25,[2 6],171,2806,2831,2635,2802
1,<environment.Job instance at 0x14e7d7cd3960>,122,2,[2 8],172,2806,2808,2634,2802
1,<environment.Job instance at 0x14e7d7cd3aa0>,123,2,[1 5],173,2802,2804,2629,2802
1,<environment.Job instance at 0x14e7d7cd3460>,125,3,[2 5],176,2808,2811,2632,2802
1,<environment.Job instance at 0x14e7d3d94960>,3,1,[1 7],10,10,11,0,10
1,<environment.Job instance at 0x14e7d3d94730>,5,12,[1 8],12,12,24,0,12
1,<environment.Job instance at 0x14e7d3d94500>,6,3,[1 6],14,14,17,0,14
1,<environment.Job instance at 0x14e7d3d94370>,7,1,[ 1 13],15,24,25,9,15
1,<environment.Job instance at 0x14e7d3d945a0>,8,2,[1 5],16,17,19,1,17
1,<environment.Job instance at 0x14e7d4731960>,10,2,[10  1],18,18,20,0,18
1,<environment.Job instance at 0x14e7d7300280>,11,1,[12  2],20,21,22,1,21
1,<environment.Job instance at 0x14e7d7b3c4b0>,12,3,[2 5],22,25,28,3,22
1,<environment.Job instance at 0x14e7d4731b90>,13,3,[1 7],23,25,28,2,23
1,<environment.Job instance at 0x14e7d7be8cd0>,14,3,[5 1],24,24,27,0,24
1,<environment.Job instance at 0x14e7d7cb48c0>,15,1,[8 1],25,27,28,2,25
1,<environment.Job instance at 0x14e7d3d08190>,16,1,[9 1],26,28,29,2,26
1,<environment.Job instance at 0x14e7d7297050>,17,18,[1 8],27,28,46,1,27
1,<environment.Job instance at 0x14e7d7d8a960>,9,16,[1 7],17,29,45,12,27
1,<environment.Job instance at 0x14e7d3e70280>,32,1,[5 2],52,60,61,8,60
1,<environment.Job instance at 0x14e7d3e70910>,33,3,[10  2],54,60,63,6,60
1,<environment.Job instance at 0x14e7d3df4780>,34,3,[8 1],55,63,66,8,60
1,<environment.Job instance at 0x14e7d3df4af0>,35,3,[5 1],57,61,64,4,60
1,<environment.Job instance at 0x14e7d6ec91e0>,46,1,[7 2],71,133,134,62,133
1,<environment.Job instance at 0x14e7d3e05dc0>,48,1,[13  1],73,134,135,61,133
1,<environment.Job instance at 0x14e7d7b99190>,49,22,[7 2],75,135,157,60,133
1,<environment.Job instance at 0x14e7e18e44b0>,28,3,[1 5],46,133,136,87,133
1,<environment.Job instance at 0x14e7d3dbe5a0>,52,14,[ 1 10],79,153,167,74,153
1,<environment.Job instance at 0x14e7d4ed87d0>,55,3,[7 1],85,155,158,70,155
1,<environment.Job instance at 0x14e7d3d66690>,56,3,[10  2],86,158,161,72,155
1,<environment.Job instance at 0x14e7d3db1460>,58,2,[2 6],88,167,169,79,157
1,<environment.Job instance at 0x14e7d3db12d0>,59,2,[6 1],89,161,163,72,157
1,<environment.Job instance at 0x14e7d3d5f960>,60,3,[2 8],91,167,170,76,157
1,<environment.Job instance at 0x14e7d3d5f050>,61,2,[5 2],92,161,163,69,157
1,<environment.Job instance at 0x14e7d3d5f2d0>,62,2,[2 7],93,169,171,76,157
1,<environment.Job instance at 0x14e7d3f39960>,63,3,[1 8],94,170,173,76,157
1,<environment.Job instance at 0x14e7d3f39c30>,64,22,[9 1],95,171,193,76,164
1,<environment.Job instance at 0x14e7d3d411e0>,70,3,[ 2 12],102,176,179,74,176
1,<environment.Job instance at 0x14e7d3f3baf0>,71,12,[8 2],103,193,205,90,177
1,<environment.Job instance at 0x14e7d3f3b8c0>,72,3,[6 2],105,179,182,74,177
1,<environment.Job instance at 0x14e7d8064870>,73,2,[1 6],107,182,184,75,177
1,<environment.Job instance at 0x14e7d3f3bc80>,74,1,[12  1],108,205,206,97,177
1,<environment.Job instance at 0x14e7d3f3b280>,75,18,[2 8],109,182,200,73,177
1,<environment.Job instance at 0x14e7d3f3b870>,76,1,[7 1],113,200,201,87,178
1,<environment.Job instance at 0x14e7d471d370>,77,2,[2 5],114,184,186,70,178
1,<environment.Job instance at 0x14e7d471deb0>,78,1,[5 2],115,193,194,78,178
1,<environment.Job instance at 0x14e7d3f348c0>,80,1,[2 5],117,186,187,69,183
1,<environment.Job instance at 0x14e7d3f34820>,82,1,[1 5],119,191,192,72,191
1,<environment.Job instance at 0x14e7d3f34b90>,83,1,[8 1],122,206,207,84,192
1,<environment.Job instance at 0x14e7d3f34cd0>,84,2,[7 1],123,201,203,78,192
1,<environment.Job instance at 0x14e7d3f34f50>,85,2,[2 7],124,203,205,79,192
1,<environment.Job instance at 0x14e7d3df6410>,87,1,[1 5],128,192,193,64,192
1,<environment.Job instance at 0x14e7d3df6b40>,89,18,[10  2],130,207,225,77,203
1,<environment.Job instance at 0x14e7d3df6d70>,91,1,[7 1],132,206,207,74,203
1,<environment.Job instance at 0x14e7d3dd84b0>,92,13,[1 8],133,207,220,74,203
1,<environment.Job instance at 0x14e7d3dd8640>,93,3,[ 2 10],134,220,223,86,203
1,<environment.Job instance at 0x14e7d3dd8f50>,94,1,[1 7],135,205,206,70,203
1,<environment.Job instance at 0x14e7d3dd8c80>,95,18,[2 7],139,223,241,84,212
1,<environment.Job instance at 0x14e7d572bdc0>,31,1,[2 8],51,225,226,174,212
1,<environment.Job instance at 0x14e7d3dd8b90>,97,1,[2 9],142,241,242,99,213
1,<environment.Job instance at 0x14e7d3dd8960>,98,2,[ 2 10],145,242,244,97,215
1,<environment.Job instance at 0x14e7d3dd80a0>,99,2,[7 1],146,226,228,80,215
1,<environment.Job instance at 0x14e7d3dd85a0>,100,3,[1 5],147,215,218,68,215
1,<environment.Job instance at 0x14e7d3d65c80>,101,2,[5 2],148,226,228,78,215
1,<environment.Job instance at 0x14e7d3d65e60>,102,1,[10  2],149,228,229,79,215
1,<environment.Job instance at 0x14e7d3d67780>,103,1,[10  1],150,229,230,79,215
1,<environment.Job instance at 0x14e7d3d65e10>,104,16,[10  2],151,230,246,79,217
1,<environment.Job instance at 0x14e7d3d65eb0>,105,1,[8 2],153,246,247,93,218
1,<environment.Job instance at 0x14e7d3d9a230>,106,2,[2 9],154,244,246,90,218
1,<environment.Job instance at 0x14e7e06818c0>,107,3,[9 2],156,247,250,91,221
1,<environment.Job instance at 0x14e7d3df6aa0>,90,2,[2 6],131,223,225,92,222
1,<environment.Job instance at 0x14e7d3df7dc0>,109,1,[1 5],159,226,227,67,224
1,<environment.Job instance at 0x14e7d3d1c320>,117,1,[2 9],174,255,256,81,255
1,<environment.Job instance at 0x14e7d3df7050>,108,14,[9 2],158,255,269,97,255
1,<environment.Job instance at 0x14e7d3f387d0>,119,2,[9 2],178,269,271,91,255
1,<environment.Job instance at 0x14e7d3f38aa0>,120,2,[6 1],179,256,258,77,256
1,<environment.Job instance at 0x14e7d3d1c0f0>,118,2,[8 1],176,271,273,95,261
1,<environment.Job instance at 0x14e7e191c870>,30,3,[7 2],50,2024,2027,1974,2024
1,<environment.Job instance at 0x14e7d3ccbaf0>,1,2,[1 6],2,2,4,0,2
1,<environment.Job instance at 0x14e82807c820>,2,2,[1 6],3,3,5,0,3
1,<environment.Job instance at 0x14e7d3e70c80>,4,1,[10  1],6,6,7,0,6
1,<environment.Job instance at 0x14e7d3cd4aa0>,6,1,[2 8],8,8,9,0,8
1,<environment.Job instance at 0x14e7e1a16f50>,7,1,[6 1],10,10,11,0,10
1,<environment.Job instance at 0x14e7e1a163c0>,8,1,[10  2],11,12,13,1,12
1,<environment.Job instance at 0x14e7d414a690>,10,3,[2 7],15,15,18,0,15
1,<environment.Job instance at 0x14e7d414a3c0>,11,1,[8 1],16,16,17,0,16
1,<environment.Job instance at 0x14e82a034eb0>,13,12,[1 5],22,22,34,0,22
1,<environment.Job instance at 0x14e7d44ae230>,27,1,[1 9],46,47,48,1,47
1,<environment.Job instance at 0x14e7d7b761e0>,29,1,[1 7],48,50,51,2,50
1,<environment.Job instance at 0x14e7d7b76190>,31,3,[2 5],52,52,55,0,52
1,<environment.Job instance at 0x14e7d7c042d0>,32,13,[1 9],54,54,67,0,54
1,<environment.Job instance at 0x14e7d7c04dc0>,33,12,[2 7],56,67,79,11,56
1,<environment.Job instance at 0x14e7d7c04730>,35,3,[ 1 10],58,79,82,21,58
1,<environment.Job instance at 0x14e7d7c04be0>,36,3,[ 1 10],60,82,85,22,60
1,<environment.Job instance at 0x14e7d6deb050>,37,2,[8 2],61,61,63,0,61
1,<environment.Job instance at 0x14e7d6deb780>,38,1,[1 5],62,63,64,1,62
1,<environment.Job instance at 0x14e7d6debf50>,39,2,[8 1],63,63,65,0,63
1,<environment.Job instance at 0x14e7d6deb820>,40,1,[5 2],65,65,66,0,65
1,<environment.Job instance at 0x14e7d6deb1e0>,41,12,[13  2],66,79,91,13,79
1,<environment.Job instance at 0x14e7e19dd190>,42,2,[1 9],69,85,87,16,79
1,<environment.Job instance at 0x14e7d6debf00>,43,3,[1 7],71,87,90,16,79
1,<environment.Job instance at 0x14e7e1a1a7d0>,44,15,[ 1 10],72,90,105,18,79
1,<environment.Job instance at 0x14e7d7b76a50>,30,3,[8 1],50,91,94,41,79
1,<environment.Job instance at 0x14e7d7c040a0>,34,1,[1 9],57,105,106,48,79
1,<environment.Job instance at 0x14e7e1a35500>,46,3,[7 2],75,94,97,19,79
1,<environment.Job instance at 0x14e7d704e910>,48,3,[9 2],77,97,100,20,79
1,<environment.Job instance at 0x14e7d414cd70>,53,2,[9 1],83,100,102,17,83
1,<environment.Job instance at 0x14e7d7bccb90>,54,2,[2 7],85,106,108,21,85
1,<environment.Job instance at 0x14e7d7bd7690>,55,2,[10  1],87,102,104,15,87
1,<environment.Job instance at 0x14e7d3cdaaa0>,56,15,[8 1],89,104,119,15,90
1,<environment.Job instance at 0x14e7d3ce7b90>,57,1,[6 2],90,91,92,1,90
1,<environment.Job instance at 0x14e7d3ce7c80>,58,1,[ 2 10],92,108,109,16,92
1,<environment.Job instance at 0x14e7d3d2d140>,59,2,[5 2],95,95,97,0,95
1,<environment.Job instance at 0x14e7d3d2d460>,60,14,[ 1 10],96,109,123,13,96
1,<environment.Job instance at 0x14e7d7bc0730>,62,3,[1 8],99,123,126,24,99
1,<environment.Job instance at 0x14e7d7c20910>,63,1,[6 1],100,104,105,4,100
1,<environment.Job instance at 0x14e7d7c200f0>,64,2,[2 9],102,126,128,24,102
1,<environment.Job instance at 0x14e7d7c20e60>,65,16,[1 8],103,128,144,25,115
1,<environment.Job instance at 0x14e7d7c202d0>,66,1,[2 9],104,144,145,40,116
1,<environment.Job instance at 0x14e7d7c20e10>,67,3,[9 1],105,119,122,14,116
1,<environment.Job instance at 0x14e7d7c203c0>,68,17,[10  2],106,122,139,16,116
1,<environment.Job instance at 0x14e7d41ab0f0>,69,14,[1 9],108,145,159,37,130
1,<environment.Job instance at 0x14e7d3f34d70>,70,15,[1 5],109,130,145,21,130
1,<environment.Job instance at 0x14e7d41ab5a0>,71,1,[1 5],112,145,146,33,130
1,<environment.Job instance at 0x14e7d3f34370>,72,3,[10  1],113,139,142,26,130
1,<environment.Job instance at 0x14e7d3f344b0>,73,1,[6 2],114,142,143,28,130
1,<environment.Job instance at 0x14e7d3f34410>,74,2,[6 1],115,143,145,28,130
1,<environment.Job instance at 0x14e7d3f34780>,75,3,[8 1],117,145,148,28,130
1,<environment.Job instance at 0x14e7d3f34500>,76,1,[1 9],119,159,160,40,131
1,<environment.Job instance at 0x14e7d7ca8550>,77,1,[2 9],120,160,161,40,132
1,<environment.Job instance at 0x14e7d7ca83c0>,78,1,[2 9],121,161,162,40,133
1,<environment.Job instance at 0x14e7d7ca8f50>,79,14,[1 6],124,148,162,24,133
1,<environment.Job instance at 0x14e7d7ca8780>,80,2,[1 7],125,162,164,37,135
1,<environment.Job instance at 0x14e7d7ca8960>,81,1,[2 7],126,162,163,36,135
1,<environment.Job instance at 0x14e7d7ca80f0>,82,2,[1 9],127,164,166,37,137
1,<environment.Job instance at 0x14e7d7ca8c80>,83,16,[2 5],128,163,179,35,150
1,<environment.Job instance at 0x14e7d7ca8c30>,84,3,[1 8],130,166,169,36,150
1,<environment.Job instance at 0x14e7d40c7d70>,85,17,[8 2],133,166,183,33,154
1,<environment.Job instance at 0x14e7d40c7190>,86,2,[7 1],134,162,164,28,154
1,<environment.Job instance at 0x14e7d445b7d0>,87,1,[2 7],136,169,170,33,154
1,<environment.Job instance at 0x14e7d445baa0>,88,2,[1 6],137,170,172,33,154
1,<environment.Job instance at 0x14e7d445b960>,90,2,[7 1],140,164,166,24,156
1,<environment.Job instance at 0x14e7d445b050>,91,18,[7 1],141,179,197,38,168
1,<environment.Job instance at 0x14e7d445b4b0>,93,12,[5 1],147,183,195,36,168
1,<environment.Job instance at 0x14e7d445be10>,94,12,[ 2 10],148,183,195,35,168
1,<environment.Job instance at 0x14e7d445b0f0>,95,1,[10  1],149,197,198,48,169
1,<environment.Job instance at 0x14e7d445b410>,96,24,[1 8],150,195,219,45,190
1,<environment.Job instance at 0x14e7d445ba00>,97,3,[1 7],151,198,201,47,190
1,<environment.Job instance at 0x14e7d445beb0>,98,1,[8 1],153,201,202,48,190
1,<environment.Job instance at 0x14e7d445bd70>,99,2,[8 2],154,202,204,48,190
1,<environment.Job instance at 0x14e7d7c05cd0>,100,1,[1 7],155,204,205,49,190
1,<environment.Job instance at 0x14e7d7c058c0>,101,3,[2 9],156,219,222,63,193
1,<environment.Job instance at 0x14e7d7c05f50>,102,3,[ 1 14],157,222,225,65,196
1,<environment.Job instance at 0x14e7d7c05eb0>,103,3,[1 8],162,225,228,63,199
1,<environment.Job instance at 0x14e7d7c057d0>,104,2,[10  2],163,205,207,42,199
1,<environment.Job instance at 0x14e7d7c055f0>,105,1,[11  1],164,207,208,43,199
1,<environment.Job instance at 0x14e7d7c05fa0>,106,3,[8 1],166,208,211,42,199
1,<environment.Job instance at 0x14e7e195ff00>,107,17,[2 8],167,228,245,61,216
1,<environment.Job instance at 0x14e7e195ff50>,108,3,[1 9],168,245,248,77,219
1,<environment.Job instance at 0x14e7e1cff460>,109,3,[9 1],169,219,222,50,219
1,<environment.Job instance at 0x14e7e1cffd20>,110,3,[6 1],170,222,225,52,219
1,<environment.Job instance at 0x14e7e1cff6e0>,111,3,[1 8],172,248,251,76,222
1,<environment.Job instance at 0x14e7d4b53870>,112,2,[5 1],173,225,227,52,222
1,<environment.Job instance at 0x14e7e1cff640>,113,2,[2 9],174,251,253,77,224
1,<environment.Job instance at 0x14e7d4b53dc0>,114,2,[2 8],175,253,255,78,226
1,<environment.Job instance at 0x14e7d4b53a00>,115,1,[2 6],177,226,227,49,226
1,<environment.Job instance at 0x14e7d4097140>,1,1,[2 9],3,3,4,0,3
1,<environment.Job instance at 0x14e7d4b53370>,2,1,[7 2],4,4,5,0,4
1,<environment.Job instance at 0x14e7d4097370>,3,3,[2 7],6,6,9,0,6
1,<environment.Job instance at 0x14e7d4403c30>,4,1,[10  1],7,7,8,0,7
1,<environment.Job instance at 0x14e7d42c5050>,5,15,[1 7],8,8,23,0,8
1,<environment.Job instance at 0x14e7d42c5370>,8,18,[2 7],11,11,29,0,11
1,<environment.Job instance at 0x14e7d3fc4370>,9,3,[1 5],12,23,26,11,12
1,<environment.Job instance at 0x14e7d3fc4a00>,10,3,[1 6],13,26,29,13,13
1,<environment.Job instance at 0x14e7d3fc4730>,11,2,[2 6],14,29,31,15,14
1,<environment.Job instance at 0x14e7d3fd0780>,12,1,[9 1],15,15,16,0,15
1,<environment.Job instance at 0x14e7d3fd0370>,13,1,[ 2 10],16,31,32,15,16
1,<environment.Job instance at 0x14e7d4418dc0>,14,2,[1 8],18,29,31,11,18
1,<environment.Job instance at 0x14e7d42c59b0>,7,2,[2 9],10,32,34,22,19
1,<environment.Job instance at 0x14e7d4418af0>,15,16,[5 1],19,19,35,0,19
1,<environment.Job instance at 0x14e7d44180a0>,19,3,[1 6],25,34,37,9,25
1,<environment.Job instance at 0x14e7d44189b0>,20,2,[5 2],26,31,33,5,26
1,<environment.Job instance at 0x14e7d4418230>,18,1,[1 7],24,34,35,10,28
1,<environment.Job instance at 0x14e7d3feab90>,22,1,[9 2],29,35,36,6,29
1,<environment.Job instance at 0x14e7d3fe9550>,23,3,[2 8],30,36,39,6,30
1,<environment.Job instance at 0x14e7d4418be0>,21,16,[8 1],28,36,52,8,30
1,<environment.Job instance at 0x14e7d3fe9730>,25,17,[ 1 14],32,39,56,7,32
1,<environment.Job instance at 0x14e7d3fe9460>,26,2,[1 5],33,37,39,4,33
1,<environment.Job instance at 0x14e7d3fe95a0>,24,13,[1 6],31,56,69,25,45
1,<environment.Job instance at 0x14e7d42e4b90>,30,2,[11  2],37,57,59,20,57
1,<environment.Job instance at 0x14e7d3fd9460>,35,1,[1 5],42,57,58,15,57
1,<environment.Job instance at 0x14e7d3fd9370>,33,1,[9 1],40,59,60,19,57
1,<environment.Job instance at 0x14e7d3fd9fa0>,36,3,[9 1],43,60,63,17,57
1,<environment.Job instance at 0x14e7d3fd92d0>,37,12,[9 2],44,63,75,19,57
1,<environment.Job instance at 0x14e7d3fd9aa0>,31,2,[1 9],38,69,71,31,57
1,<environment.Job instance at 0x14e7d3fcf8c0>,41,15,[7 2],50,75,90,25,62
1,<environment.Job instance at 0x14e7d3fa9aa0>,50,3,[10  2],65,90,93,25,65
1,<environment.Job instance at 0x14e7d42e1780>,52,14,[1 5],68,71,85,3,68
1,<environment.Job instance at 0x14e7d42e1460>,54,1,[2 7],71,74,75,3,74
1,<environment.Job instance at 0x14e7d42e15f0>,55,2,[10  2],72,93,95,21,74
1,<environment.Job instance at 0x14e7d42e1dc0>,51,1,[7 1],67,95,96,28,93
1,<environment.Job instance at 0x14e7d42d7870>,62,2,[ 1 10],85,93,95,8,93
1,<environment.Job instance at 0x14e7d3fbb730>,63,3,[5 1],86,95,98,9,93
1,<environment.Job instance at 0x14e7d3fbbf00>,64,2,[5 2],87,96,98,9,93
1,<environment.Job instance at 0x14e7d42d0140>,65,13,[ 2 12],90,95,108,5,93
1,<environment.Job instance at 0x14e7d42d0690>,66,1,[6 2],91,98,99,7,94
1,<environment.Job instance at 0x14e7d42d0eb0>,68,18,[9 1],95,106,124,11,106
1,<environment.Job instance at 0x14e7d42d79b0>,61,15,[1 9],83,108,123,25,106
1,<environment.Job instance at 0x14e7d42d0280>,70,2,[10  2],97,124,126,27,106
1,<environment.Job instance at 0x14e7d42d0820>,71,2,[ 2 14],98,126,128,28,106
1,<environment.Job instance at 0x14e7d42d03c0>,72,2,[10  1],100,126,128,26,106
1,<environment.Job instance at 0x14e7d42d0910>,73,1,[ 2 10],102,123,124,21,106
1,<environment.Job instance at 0x14e7d42d0b90>,74,1,[10  2],104,128,129,24,106
1,<environment.Job instance at 0x14e7d42d0f50>,75,16,[7 1],105,129,145,24,116
1,<environment.Job instance at 0x14e7d3fb4eb0>,77,12,[5 1],107,128,140,21,119
1,<environment.Job instance at 0x14e7d42fa690>,78,1,[5 2],108,119,120,11,119
1,<environment.Job instance at 0x14e7d42fa2d0>,79,13,[1 7],109,129,142,20,119
1,<environment.Job instance at 0x14e7d42fa7d0>,81,16,[1 6],111,130,146,19,130
1,<environment.Job instance at 0x14e7d42fa640>,82,16,[7 1],113,142,158,29,130
1,<environment.Job instance at 0x14e7d42fab40>,83,3,[6 2],114,145,148,31,130
1,<environment.Job instance at 0x14e7d42fadc0>,84,1,[9 2],115,158,159,43,130
1,<environment.Job instance at 0x14e7d3e9ac30>,85,3,[6 1],117,148,151,31,130
1,<environment.Job instance at 0x14e7d7c5c460>,86,1,[ 1 10],118,146,147,28,130
1,<environment.Job instance at 0x14e7d4f001e0>,87,1,[8 2],120,151,152,31,130
1,<environment.Job instance at 0x14e7d4f00cd0>,88,2,[2 7],121,147,149,26,130
1,<environment.Job instance at 0x14e81003d8c0>,89,12,[2 7],123,152,164,29,135
1,<environment.Job instance at 0x14e81003d6e0>,90,20,[ 2 10],124,164,184,40,155
1,<environment.Job instance at 0x14e7d42d0be0>,69,2,[5 2],96,176,178,80,176
1,<environment.Job instance at 0x14e7d40ab410>,99,2,[2 5],138,178,180,40,176
1,<environment.Job instance at 0x14e7d6e42c80>,100,3,[2 8],139,184,187,45,176
1,<environment.Job instance at 0x14e7d42ea370>,101,2,[1 9],141,187,189,46,176
1,<environment.Job instance at 0x14e7d811c7d0>,102,1,[14  2],142,187,188,45,179
1,<environment.Job instance at 0x14e7d73105a0>,103,1,[8 2],143,180,181,37,179
1,<environment.Job instance at 0x14e7d44980f0>,104,3,[ 2 13],144,189,192,45,179
1,<environment.Job instance at 0x14e7d5757d70>,105,2,[7 1],146,181,183,35,179
1,<environment.Job instance at 0x14e7d80fa280>,106,2,[7 1],149,183,185,34,180
1,<environment.Job instance at 0x14e8108e5a00>,107,17,[8 1],152,188,205,36,180
1,<environment.Job instance at 0x14e81003d7d0>,91,15,[2 9],125,192,207,67,189
1,<environment.Job instance at 0x14e7e19e6e10>,108,1,[6 1],153,205,206,52,202
1,<environment.Job instance at 0x14e7d6e1dbe0>,112,1,[2 6],157,206,207,49,202
1,<environment.Job instance at 0x14e7d41015f0>,113,3,[1 7],158,207,210,49,202
1,<environment.Job instance at 0x14e7e26330f0>,114,1,[8 2],160,207,208,47,203
1,<environment.Job instance at 0x14e7d4173f00>,115,2,[2 8],162,208,210,46,203
1,<environment.Job instance at 0x14e7d7c97550>,116,1,[5 2],165,204,205,39,204
1,<environment.Job instance at 0x14e7d7c975f0>,117,18,[1 9],170,210,228,40,204
1,<environment.Job instance at 0x14e7d7c97d20>,118,2,[10  2],171,210,212,39,204
1,<environment.Job instance at 0x14e7d4c35af0>,119,1,[1 8],172,228,229,56,204
1,<environment.Job instance at 0x14e7d3ff0460>,121,3,[2 7],175,228,231,53,204
1,<environment.Job instance at 0x14e7d3ff0550>,122,2,[ 2 10],176,231,233,55,204
1,<environment.Job instance at 0x14e7d71c4d70>,124,13,[1 6],179,212,225,33,204
1,<environment.Job instance at 0x14e7d3fd9410>,39,12,[2 9],47,1559,1571,1512,1559
1,<environment.Job instance at 0x14e810d615f0>,1,16,[ 2 10],3,3,19,0,3
1,<environment.Job instance at 0x14e7d6ea4370>,6,2,[ 1 10],10,19,21,9,10
1,<environment.Job instance at 0x14e7d6ea4af0>,7,22,[9 1],11,11,33,0,11
1,<environment.Job instance at 0x14e7d6ea4a50>,11,2,[1 7],15,21,23,6,17
1,<environment.Job instance at 0x14e7d6e61050>,14,18,[1 9],18,23,41,5,18
1,<environment.Job instance at 0x14e7e2555f00>,10,15,[ 1 12],14,41,56,27,27
1,<environment.Job instance at 0x14e7d572b0a0>,17,2,[2 5],22,27,29,5,27
1,<environment.Job instance at 0x14e7d572b960>,15,3,[10  1],19,33,36,14,27
1,<environment.Job instance at 0x14e7d7d9cd70>,19,2,[2 6],24,36,38,12,27
1,<environment.Job instance at 0x14e7d3eeaa50>,20,14,[2 5],25,56,70,31,41
1,<environment.Job instance at 0x14e7d3fe0370>,21,12,[5 1],26,41,53,15,41
1,<environment.Job instance at 0x14e7d70daeb0>,22,13,[1 7],27,56,69,29,41
1,<environment.Job instance at 0x14e7d43d8be0>,23,3,[11  1],28,53,56,25,41
1,<environment.Job instance at 0x14e7d3fe03c0>,24,2,[8 2],29,41,43,12,41
1,<environment.Job instance at 0x14e7d3df4960>,25,13,[1 8],31,69,82,38,53
1,<environment.Job instance at 0x14e7d3df45a0>,26,2,[8 2],32,56,58,24,53
1,<environment.Job instance at 0x14e7d3df4640>,27,3,[7 1],33,58,61,25,53
1,<environment.Job instance at 0x14e7d3df4730>,28,1,[1 8],35,82,83,47,54
1,<environment.Job instance at 0x14e7d4131dc0>,29,1,[8 2],36,61,62,25,54
1,<environment.Job instance at 0x14e7d7d8eaa0>,30,3,[1 8],40,83,86,43,57
1,<environment.Job instance at 0x14e7e1d03190>,31,1,[2 6],43,70,71,27,57
1,<environment.Job instance at 0x14e7d4101a50>,32,1,[2 7],45,71,72,26,57
1,<environment.Job instance at 0x14e7e1aaff50>,33,1,[7 1],46,62,63,16,57
1,<environment.Job instance at 0x14e7e1ad9190>,34,3,[6 2],48,63,66,15,57
1,<environment.Job instance at 0x14e7d7cd9e10>,35,2,[2 6],50,72,74,22,57
1,<environment.Job instance at 0x14e7d7bcc280>,36,14,[1 8],51,86,100,35,71
1,<environment.Job instance at 0x14e7d7cd9320>,37,17,[9 1],52,72,89,20,71
1,<environment.Job instance at 0x14e7d7bcc320>,38,2,[10  2],53,89,91,36,71
1,<environment.Job instance at 0x14e7d71c50f0>,40,2,[ 1 10],56,100,102,44,73
1,<environment.Job instance at 0x14e7d71c5870>,41,3,[2 6],57,74,77,17,73
1,<environment.Job instance at 0x14e7d71c50a0>,42,2,[1 9],58,102,104,44,75
1,<environment.Job instance at 0x14e7d71c5cd0>,43,3,[2 8],59,104,107,45,78
1,<environment.Job instance at 0x14e7d3edcb40>,44,1,[1 7],61,91,92,30,78
1,<environment.Job instance at 0x14e7d71c5640>,45,2,[2 8],62,107,109,45,80
1,<environment.Job instance at 0x14e7d71c5af0>,46,3,[8 1],63,92,95,29,80
1,<environment.Job instance at 0x14e7d71c5730>,47,2,[2 6],64,80,82,16,80
1,<environment.Job instance at 0x14e7d6f92c80>,49,3,[7 1],67,95,98,28,80
1,<environment.Job instance at 0x14e7d6f92730>,50,2,[2 9],69,109,111,40,82
1,<environment.Job instance at 0x14e7d43a6730>,51,2,[5 1],70,82,84,12,82
1,<environment.Job instance at 0x14e7d6f92aa0>,52,3,[ 2 12],71,111,114,40,85
1,<environment.Job instance at 0x14e7d43a6780>,53,2,[1 5],72,85,87,13,85
1,<environment.Job instance at 0x14e7d43a6a50>,54,16,[7 1],74,95,111,21,85
1,<environment.Job instance at 0x14e7d43a6460>,55,3,[ 2 10],75,114,117,39,88
1,<environment.Job instance at 0x14e7d43a6aa0>,56,19,[10  1],77,111,130,34,101
1,<environment.Job instance at 0x14e7d43a6190>,57,2,[1 9],79,117,119,38,101
1,<environment.Job instance at 0x14e7d43a6b90>,58,1,[2 9],81,119,120,38,101
1,<environment.Job instance at 0x14e7d43a63c0>,59,2,[ 2 10],82,120,122,38,101
1,<environment.Job instance at 0x14e7d7bd4230>,60,3,[2 9],83,122,125,39,101
1,<environment.Job instance at 0x14e7d7bd4c80>,61,13,[2 7],85,125,138,40,109
1,<environment.Job instance at 0x14e7d7bd4a50>,62,3,[10  2],86,130,133,44,109
1,<environment.Job instance at 0x14e7d7bd4eb0>,63,14,[2 9],87,138,152,51,123
1,<environment.Job instance at 0x14e7d7bd4410>,64,2,[8 1],88,133,135,45,123
1,<environment.Job instance at 0x14e7d7bd4fa0>,65,1,[2 6],89,125,126,36,123
1,<environment.Job instance at 0x14e7d7bd4f50>,66,1,[9 2],90,135,136,45,123
1,<environment.Job instance at 0x14e7d7bd43c0>,67,2,[ 1 10],91,152,154,61,125
1,<environment.Job instance at 0x14e7d7bd4550>,68,3,[10  2],92,136,139,44,125
1,<environment.Job instance at 0x14e810d4a370>,69,14,[7 2],95,139,153,44,125
1,<environment.Job instance at 0x14e7d7bd4e60>,70,12,[2 5],96,126,138,30,125
1,<environment.Job instance at 0x14e7d7bd4780>,71,1,[1 5],98,153,154,55,125
1,<environment.Job instance at 0x14e7e0661500>,72,3,[8 2],100,154,157,54,128
1,<environment.Job instance at 0x14e7d40ad140>,75,12,[1 6],103,154,166,51,137
1,<environment.Job instance at 0x14e7d40ad9b0>,77,2,[2 7],105,154,156,49,137
1,<environment.Job instance at 0x14e7d40adb40>,78,12,[2 6],106,156,168,50,139
1,<environment.Job instance at 0x14e7d40adfa0>,79,13,[5 1],107,139,152,32,139
1,<environment.Job instance at 0x14e7d40ad050>,80,3,[5 2],108,157,160,49,139
1,<environment.Job instance at 0x14e7d3f07820>,81,1,[8 2],110,160,161,50,139
1,<environment.Job instance at 0x14e7d3f073c0>,82,3,[10  2],111,161,164,50,139
1,<environment.Job instance at 0x14e7d3f07a50>,83,1,[5 2],112,152,153,40,139
1,<environment.Job instance at 0x14e7d3f075f0>,84,2,[14  1],113,168,170,55,141
1,<environment.Job instance at 0x14e7d3f07190>,85,22,[6 2],114,170,192,56,163
1,<environment.Job instance at 0x14e7d3f074b0>,86,3,[ 1 10],115,168,171,53,163
1,<environment.Job instance at 0x14e7d3f07410>,87,15,[ 1 10],116,171,186,55,163
1,<environment.Job instance at 0x14e7d3f071e0>,88,2,[2 9],117,166,168,49,163
1,<environment.Job instance at 0x14e7d3f070a0>,89,1,[12  2],118,164,165,46,163
1,<environment.Job instance at 0x14e7d3f07500>,90,2,[1 6],119,186,188,67,163
1,<environment.Job instance at 0x14e7d3f07be0>,92,3,[6 2],122,170,173,48,163
1,<environment.Job instance at 0x14e7d41128c0>,93,1,[2 9],123,188,189,65,163
1,<environment.Job instance at 0x14e7d4112640>,94,2,[8 2],126,173,175,47,163
1,<environment.Job instance at 0x14e7d41120a0>,95,1,[1 5],129,186,187,57,163
1,<environment.Job instance at 0x14e7d4112140>,96,2,[6 2],130,175,177,45,163
1,<environment.Job instance at 0x14e7d7b8eeb0>,97,2,[5 1],132,177,179,45,163
1,<environment.Job instance at 0x14e7d7b8e550>,100,14,[1 6],140,189,203,49,174
1,<environment.Job instance at 0x14e7d7b8e050>,101,2,[2 5],141,189,191,48,174
1,<environment.Job instance at 0x14e7d7b8e460>,103,2,[6 2],143,179,181,36,174
1,<environment.Job instance at 0x14e7d7b8e280>,104,2,[1 8],144,192,194,48,174
1,<environment.Job instance at 0x14e7d7b8ee60>,105,21,[2 5],145,194,215,49,186
1,<environment.Job instance at 0x14e7d7b8ec30>,106,15,[8 1],147,191,206,44,186
1,<environment.Job instance at 0x14e7d7b8ef50>,107,12,[2 8],148,203,215,55,186
1,<environment.Job instance at 0x14e7d7b8e1e0>,108,2,[10  2],149,206,208,57,186
1,<environment.Job instance at 0x14e7d7b8e140>,109,3,[2 7],150,215,218,65,189
1,<environment.Job instance at 0x14e7d7fb50a0>,110,20,[14  1],153,218,238,65,209
1,<environment.Job instance at 0x14e7d7fb5230>,111,3,[5 2],154,209,212,55,209
1,<environment.Job instance at 0x14e7d7fb5690>,112,2,[1 7],155,215,217,60,209
1,<environment.Job instance at 0x14e7d7fb5dc0>,113,3,[8 1],156,212,215,56,209
1,<environment.Job instance at 0x14e7d7fb5190>,114,2,[2 5],159,238,240,79,211
1,<environment.Job instance at 0x14e7d7fb51e0>,115,1,[10  2],160,217,218,57,211
1,<environment.Job instance at 0x14e7d7fb5e10>,116,3,[2 8],161,238,241,77,212
1,<environment.Job instance at 0x14e7d7fb5960>,117,3,[6 1],162,238,241,76,212
1,<environment.Job instance at 0x14e7d7fb5b40>,118,14,[2 9],163,241,255,78,226
1,<environment.Job instance at 0x14e7d4b59140>,119,16,[2 5],164,240,256,76,227
1,<environment.Job instance at 0x14e7d4b59c80>,120,1,[1 9],166,227,228,61,227
1,<environment.Job instance at 0x14e7d4b59f50>,121,3,[7 2],167,255,258,88,229
1,<environment.Job instance at 0x14e7d4b593c0>,122,1,[1 7],168,229,230,61,229
1,<environment.Job instance at 0x14e7d4b59960>,123,1,[8 2],169,256,257,87,229
1,<environment.Job instance at 0x14e7d4b59500>,124,3,[ 1 10],170,230,233,60,229
1,<environment.Job instance at 0x14e7d4b59050>,125,3,[ 1 12],171,233,236,62,229
1,<environment.Job instance at 0x14e7d4b59eb0>,126,2,[10  1],172,241,243,69,229
1,<environment.Job instance at 0x14e7d4b592d0>,127,3,[2 5],173,257,260,84,231
1,<environment.Job instance at 0x14e7d4b59be0>,128,3,[5 1],174,238,241,64,231
1,<environment.Job instance at 0x14e7d4b599b0>,129,1,[9 2],178,258,259,80,231
1,<environment.Job instance at 0x14e7d4390410>,1,1,[9 2],3,3,4,0,3
1,<environment.Job instance at 0x14e7d4390c30>,2,2,[ 1 11],5,5,7,0,5
1,<environment.Job instance at 0x14e7d4b599b0>,3,2,[7 2],7,7,9,0,7
1,<environment.Job instance at 0x14e7d704e960>,5,1,[7 2],9,11,12,2,11
1,<environment.Job instance at 0x14e7e26f9460>,8,3,[2 6],12,12,15,0,12
1,<environment.Job instance at 0x14e7d704e730>,9,27,[1 5],15,15,42,0,15
1,<environment.Job instance at 0x14e7d704eb90>,10,2,[2 5],17,17,19,0,17
1,<environment.Job instance at 0x14e7d3f91460>,11,2,[8 2],18,20,22,2,20
1,<environment.Job instance at 0x14e7d7b40af0>,13,12,[2 9],22,22,34,0,22
1,<environment.Job instance at 0x14e7d704eb40>,7,16,[ 2 10],11,34,50,23,22
1,<environment.Job instance at 0x14e7d6f20500>,16,3,[14  2],26,50,53,24,27
1,<environment.Job instance at 0x14e7e00302d0>,17,2,[8 2],28,42,44,14,28
1,<environment.Job instance at 0x14e7d3d37aa0>,19,16,[1 7],30,50,66,20,37
1,<environment.Job instance at 0x14e7d6f97690>,22,3,[6 2],33,44,47,11,37
1,<environment.Job instance at 0x14e7d6f97cd0>,24,17,[1 7],35,53,70,18,41
1,<environment.Job instance at 0x14e7d6f970f0>,25,1,[8 1],36,47,48,11,41
1,<environment.Job instance at 0x14e7d6f971e0>,26,1,[1 5],37,48,49,11,41
1,<environment.Job instance at 0x14e7d4196d20>,27,1,[ 1 10],39,70,71,31,42
1,<environment.Job instance at 0x14e7d4163690>,28,2,[6 1],42,44,46,2,42
1,<environment.Job instance at 0x14e7d4163050>,29,1,[8 1],43,49,50,6,43
1,<environment.Job instance at 0x14e7d4163780>,30,1,[9 1],44,53,54,9,44
1,<environment.Job instance at 0x14e7d4163370>,31,2,[5 2],45,46,48,1,45
1,<environment.Job instance at 0x14e7d3d37320>,20,13,[5 1],31,54,67,23,45
1,<environment.Job instance at 0x14e7d41631e0>,33,13,[7 2],48,66,79,18,50
1,<environment.Job instance at 0x14e7d6ebba00>,36,3,[1 6],54,67,70,13,54
1,<environment.Job instance at 0x14e7d4163c80>,35,3,[1 9],50,71,74,21,55
1,<environment.Job instance at 0x14e7d7bdedc0>,37,3,[2 5],55,74,77,19,55
1,<environment.Job instance at 0x14e7d6ebb0f0>,38,27,[ 2 10],56,77,104,21,75
1,<environment.Job instance at 0x14e7e18dd870>,40,16,[2 9],58,104,120,46,91
1,<environment.Job instance at 0x14e7d7c44d70>,42,2,[2 7],61,120,122,59,93
1,<environment.Job instance at 0x14e7d7c44500>,44,2,[1 5],64,93,95,29,93
1,<environment.Job instance at 0x14e7d7c44be0>,45,3,[9 1],65,95,98,30,93
1,<environment.Job instance at 0x14e7d7c445f0>,46,19,[2 5],66,98,117,32,93
1,<environment.Job instance at 0x14e7d7c44fa0>,47,3,[1 9],67,122,125,55,96
1,<environment.Job instance at 0x14e7d7c44c80>,48,2,[9 2],68,117,119,49,96
1,<environment.Job instance at 0x14e7d7c44c30>,49,3,[7 1],69,104,107,35,96
1,<environment.Job instance at 0x14e7d7c44af0>,50,3,[2 7],70,125,128,55,99
1,<environment.Job instance at 0x14e7d7c44460>,51,2,[9 2],71,119,121,48,99
1,<environment.Job instance at 0x14e7d7c44780>,52,3,[ 1 14],72,128,131,56,102
1,<environment.Job instance at 0x14e7d7b9e6e0>,53,1,[2 9],74,131,132,57,103
1,<environment.Job instance at 0x14e7d7c68b90>,54,1,[1 8],76,121,122,45,103
1,<environment.Job instance at 0x14e7d7c680a0>,55,14,[1 8],77,132,146,55,117
1,<environment.Job instance at 0x14e7d4bd6550>,56,2,[ 1 10],78,146,148,68,119
1,<environment.Job instance at 0x14e7d4bd6c80>,57,3,[8 2],79,122,125,43,119
1,<environment.Job instance at 0x14e7d4bd6820>,59,16,[1 5],82,131,147,49,119
1,<environment.Job instance at 0x14e7d4bd6690>,60,2,[9 2],83,125,127,42,119
1,<environment.Job instance at 0x14e7d4c8d2d0>,61,3,[1 5],84,125,128,41,119
1,<environment.Job instance at 0x14e7d4c8dd70>,62,2,[1 9],85,148,150,63,121
1,<environment.Job instance at 0x14e7d4c8d960>,63,2,[10  2],86,132,134,46,121
1,<environment.Job instance at 0x14e7d4c8dd20>,64,2,[ 1 10],87,150,152,63,123
1,<environment.Job instance at 0x14e7e18e42d0>,65,1,[5 2],90,123,124,33,123
1,<environment.Job instance at 0x14e7e18e4af0>,66,17,[1 9],91,152,169,61,140
1,<environment.Job instance at 0x14e7e18e4690>,67,1,[9 1],92,140,141,48,140
1,<environment.Job instance at 0x14e7d7cbfeb0>,68,2,[2 5],93,147,149,54,140
1,<environment.Job instance at 0x14e7d7cbf870>,69,1,[10  1],95,141,142,46,140
1,<environment.Job instance at 0x14e7e3fda7d0>,70,1,[5 2],97,142,143,45,140
1,<environment.Job instance at 0x14e7d7cbf460>,71,27,[5 1],99,148,175,49,146
1,<environment.Job instance at 0x14e7e1a6d730>,72,3,[2 7],102,169,172,67,146
1,<environment.Job instance at 0x14e7e1a6dd70>,74,25,[ 1 10],104,172,197,68,168
1,<environment.Job instance at 0x14e7e265ab90>,75,2,[1 9],106,197,199,91,170
1,<environment.Job instance at 0x14e7e265ab40>,76,3,[1 6],107,197,200,90,171
1,<environment.Job instance at 0x14e7e265a2d0>,77,3,[1 9],108,199,202,91,173
1,<environment.Job instance at 0x14e7e265a870>,78,2,[2 7],112,202,204,90,175
1,<environment.Job instance at 0x14e7e265a7d0>,79,2,[9 1],115,175,177,60,175
1,<environment.Job instance at 0x14e7e265a140>,80,1,[1 8],117,202,203,85,175
1,<environment.Job instance at 0x14e7e265a370>,81,2,[9 1],118,177,179,59,175
1,<environment.Job instance at 0x14e7e265ad20>,82,2,[1 8],120,203,205,83,176
1,<environment.Job instance at 0x14e7e265af50>,83,2,[9 1],121,179,181,58,176
1,<environment.Job instance at 0x14e7d5763870>,84,23,[2 9],123,205,228,82,199
1,<environment.Job instance at 0x14e7d5763640>,85,14,[ 1 13],124,228,242,104,213
1,<environment.Job instance at 0x14e7d57635a0>,86,12,[1 7],125,242,254,117,225
1,<environment.Job instance at 0x14e7d5763e60>,87,24,[8 1],126,225,249,99,225
1,<environment.Job instance at 0x14e7d57633c0>,88,1,[6 2],127,242,243,115,237
1,<environment.Job instance at 0x14e7d5763a00>,89,1,[1 6],128,243,244,115,237
1,<environment.Job instance at 0x14e7d5763d20>,90,2,[2 6],129,244,246,115,237
1,<environment.Job instance at 0x14e7d5763230>,92,2,[ 1 10],132,254,256,122,237
1,<environment.Job instance at 0x14e7d5763320>,93,2,[1 5],134,246,248,112,239
1,<environment.Job instance at 0x14e7d57635f0>,94,18,[6 2],137,248,266,111,239
1,<environment.Job instance at 0x14e7d5763500>,95,14,[2 9],138,256,270,118,241
1,<environment.Job instance at 0x14e7d5763050>,96,2,[1 6],139,249,251,110,241
1,<environment.Job instance at 0x14e7d449e0f0>,97,3,[1 9],141,270,273,129,244
1,<environment.Job instance at 0x14e7d449ea00>,98,1,[10  1],142,266,267,124,244
1,<environment.Job instance at 0x14e7d449ebe0>,99,3,[5 1],143,251,254,108,244
1,<environment.Job instance at 0x14e7d449e410>,100,2,[8 1],144,254,256,110,245
1,<environment.Job instance at 0x14e7d449e320>,101,3,[ 2 10],145,273,276,128,247
1,<environment.Job instance at 0x14e7d449ee60>,102,1,[ 1 12],147,276,277,129,248
1,<environment.Job instance at 0x14e7d449ef50>,103,1,[ 1 10],148,277,278,129,249
1,<environment.Job instance at 0x14e7d449e1e0>,104,18,[1 9],149,278,296,129,267
1,<environment.Job instance at 0x14e7d449ed20>,105,12,[1 9],151,296,308,145,279
1,<environment.Job instance at 0x14e7d449edc0>,106,3,[1 9],152,308,311,156,282
1,<environment.Job instance at 0x14e7d449e7d0>,107,18,[5 2],153,282,300,129,282
1,<environment.Job instance at 0x14e7e2730410>,110,17,[2 7],158,311,328,153,299
1,<environment.Job instance at 0x14e7e2730730>,111,2,[1 6],159,300,302,141,299
1,<environment.Job instance at 0x14e7e2730a00>,112,18,[5 2],160,302,320,142,299
1,<environment.Job instance at 0x14e7e2730be0>,113,1,[6 2],161,299,300,138,299
1,<environment.Job instance at 0x14e7e2730cd0>,114,2,[1 7],163,320,322,157,299
1,<environment.Job instance at 0x14e7e27309b0>,115,17,[5 1],164,302,319,138,299
1,<environment.Job instance at 0x14e7e2730640>,116,2,[2 8],165,322,324,157,299
1,<environment.Job instance at 0x14e7e2730500>,117,1,[6 1],166,319,320,153,299
1,<environment.Job instance at 0x14e7e27300a0>,118,3,[8 2],167,324,327,157,299
1,<environment.Job instance at 0x14e7e27308c0>,119,17,[1 8],168,327,344,159,315
1,<environment.Job instance at 0x14e7e2730870>,120,18,[8 1],169,328,346,159,317
1,<environment.Job instance at 0x14e7e2730320>,121,1,[5 2],171,324,325,153,317
1,<environment.Job instance at 0x14e7e2730190>,122,13,[1 9],172,344,357,172,328
1,<environment.Job instance at 0x14e7e2730fa0>,123,15,[2 9],173,357,372,184,343
1,<environment.Job instance at 0x14e7e2730230>,124,2,[2 6],174,346,348,172,343
1,<environment.Job instance at 0x14e7e2730f50>,125,1,[13  2],175,348,349,173,343
1,<environment.Job instance at 0x14e7e1a34e10>,126,3,[2 6],177,349,352,172,343
1,<environment.Job instance at 0x14e7e1a34050>,127,17,[14  2],178,372,389,194,363
1,<environment.Job instance at 0x14e7e1a34870>,128,18,[1 8],179,372,390,193,363
1,<environment.Job instance at 0x14e7e18ddb90>,39,18,[1 9],57,390,408,333,379
1,<environment.Job instance at 0x14e7d6f12dc0>,5,1,[1 8],7,7,8,0,7
1,<environment.Job instance at 0x14e7e1af6690>,6,1,[8 1],8,8,9,0,8
1,<environment.Job instance at 0x14e7e1af62d0>,8,2,[1 6],10,10,12,0,10
1,<environment.Job instance at 0x14e7d6f125a0>,9,2,[7 2],12,12,14,0,12
1,<environment.Job instance at 0x14e7e1af67d0>,10,1,[ 2 10],13,13,14,0,13
1,<environment.Job instance at 0x14e7d71a7b40>,12,2,[2 6],17,17,19,0,17
1,<environment.Job instance at 0x14e7e199c7d0>,13,15,[10  2],18,31,46,13,31
1,<environment.Job instance at 0x14e7d3d943c0>,24,20,[9 2],31,46,66,15,37
1,<environment.Job instance at 0x14e7d7b47b40>,18,1,[1 9],23,37,38,14,37
1,<environment.Job instance at 0x14e7e25ee730>,26,1,[2 7],35,38,39,3,37
1,<environment.Job instance at 0x14e7e25eec80>,27,1,[1 8],36,39,40,3,37
1,<environment.Job instance at 0x14e7d7fd6c80>,28,1,[7 1],37,66,67,29,38
1,<environment.Job instance at 0x14e7d806b7d0>,29,3,[5 2],38,40,43,2,38
1,<environment.Job instance at 0x14e8311c1730>,19,1,[1 8],24,43,44,19,38
1,<environment.Job instance at 0x14e7d806b780>,30,1,[10  1],39,67,68,28,40
1,<environment.Job instance at 0x14e7d806bf50>,32,1,[2 5],41,43,44,2,41
1,<environment.Job instance at 0x14e7d6e44370>,33,2,[ 1 10],42,44,46,2,42
1,<environment.Job instance at 0x14e7d6e44690>,34,2,[2 8],43,46,48,3,43
1,<environment.Job instance at 0x14e7d6e442d0>,36,2,[6 1],47,48,50,1,47
1,<environment.Job instance at 0x14e7d7bb4550>,38,1,[9 2],51,68,69,17,51
1,<environment.Job instance at 0x14e7d7bb4820>,41,3,[ 2 10],55,55,58,0,55
1,<environment.Job instance at 0x14e7d7bb4780>,40,1,[6 2],53,58,59,5,55
1,<environment.Job instance at 0x14e7d7c58c80>,42,18,[ 2 11],56,59,77,3,56
1,<environment.Job instance at 0x14e7d4c3f0f0>,44,1,[7 2],59,69,70,10,59
1,<environment.Job instance at 0x14e7d6e3ea00>,45,25,[2 5],60,77,102,17,73
1,<environment.Job instance at 0x14e7d806b500>,31,1,[ 1 10],40,77,78,37,73
1,<environment.Job instance at 0x14e7d72b7820>,49,1,[8 2],64,73,74,9,73
1,<environment.Job instance at 0x14e7d72b7a00>,51,2,[6 1],66,74,76,8,73
1,<environment.Job instance at 0x14e7d72b7f50>,52,3,[6 2],67,74,77,7,73
1,<environment.Job instance at 0x14e7d72b7fa0>,53,3,[10  1],68,78,81,10,73
1,<environment.Job instance at 0x14e7d72b7410>,54,18,[2 7],69,78,96,9,73
1,<environment.Job instance at 0x14e7d72b7320>,55,3,[1 7],70,96,99,26,73
1,<environment.Job instance at 0x14e7d72b71e0>,56,3,[2 7],71,99,102,28,73
1,<environment.Job instance at 0x14e810a57320>,57,1,[9 1],74,81,82,7,74
1,<environment.Job instance at 0x14e7d72b7aa0>,48,2,[10  1],63,82,84,19,77
1,<environment.Job instance at 0x14e7d7108820>,60,2,[2 5],81,102,104,21,89
1,<environment.Job instance at 0x14e7d7108a50>,62,2,[2 6],84,102,104,18,89
1,<environment.Job instance at 0x14e810a57460>,59,2,[2 8],80,104,106,24,89
1,<environment.Job instance at 0x14e7d7108b90>,63,1,[10  2],85,89,90,4,89
1,<environment.Job instance at 0x14e7d7108eb0>,66,27,[5 1],88,90,117,2,89
1,<environment.Job instance at 0x14e7d7108460>,67,3,[5 2],90,94,97,4,94
1,<environment.Job instance at 0x14e7d71084b0>,68,2,[2 9],92,106,108,14,94
1,<environment.Job instance at 0x14e810d470f0>,69,27,[9 2],93,108,135,15,106
1,<environment.Job instance at 0x14e810d47190>,71,2,[2 9],96,117,119,21,106
1,<environment.Job instance at 0x14e7d4c5daf0>,73,18,[1 6],100,119,137,19,108
1,<environment.Job instance at 0x14e7d7108e60>,64,18,[5 2],86,119,137,33,112
1,<environment.Job instance at 0x14e7d4c5d640>,77,1,[7 2],106,135,136,29,112
1,<environment.Job instance at 0x14e7d4c5d280>,78,3,[ 1 12],109,112,115,3,112
1,<environment.Job instance at 0x14e7d4c5da00>,76,1,[2 9],104,137,138,33,114
1,<environment.Job instance at 0x14e7d3c533c0>,82,18,[9 2],118,136,154,18,128
1,<environment.Job instance at 0x14e7d3c53050>,83,1,[2 5],119,135,136,16,128
1,<environment.Job instance at 0x14e7d3c53c30>,84,22,[9 2],120,154,176,34,147
1,<environment.Job instance at 0x14e7d3c53780>,86,1,[9 1],126,176,177,50,148
1,<environment.Job instance at 0x14e7d3c530f0>,87,1,[2 9],128,148,149,20,148
1,<environment.Job instance at 0x14e7d3c53410>,88,1,[1 7],129,149,150,20,148
1,<environment.Job instance at 0x14e7d3c53140>,89,18,[2 6],130,149,167,19,148
1,<environment.Job instance at 0x14e7d3c53be0>,91,2,[2 5],133,150,152,17,150
1,<environment.Job instance at 0x14e7d3c535f0>,92,3,[2 6],134,152,155,18,150
1,<environment.Job instance at 0x14e7d3c53550>,93,15,[1 6],136,155,170,19,150
1,<environment.Job instance at 0x14e7d3c53320>,95,2,[2 7],138,167,169,29,151
1,<environment.Job instance at 0x14e7d3c53e10>,96,2,[2 8],140,170,172,30,151
1,<environment.Job instance at 0x14e7e19d65f0>,98,3,[1 6],143,172,175,29,152
1,<environment.Job instance at 0x14e7e19d6fa0>,99,1,[2 6],144,169,170,25,152
1,<environment.Job instance at 0x14e7e19d6730>,100,2,[ 2 10],145,175,177,30,152
1,<environment.Job instance at 0x14e7e19d6a50>,102,2,[10  1],148,177,179,29,168
1,<environment.Job instance at 0x14e7d639e5a0>,103,3,[ 2 10],149,177,180,28,168
1,<environment.Job instance at 0x14e7d639e550>,104,3,[5 1],150,172,175,22,168
1,<environment.Job instance at 0x14e7d639e2d0>,105,1,[9 1],151,179,180,28,168
1,<environment.Job instance at 0x14e7d639e5f0>,106,1,[2 7],153,180,181,27,168
1,<environment.Job instance at 0x14e7d71cc9b0>,107,2,[8 1],154,180,182,26,168
1,<environment.Job instance at 0x14e7d71cce10>,108,3,[9 2],155,182,185,27,170
1,<environment.Job instance at 0x14e7d71cc820>,109,17,[ 2 10],156,181,198,25,170
1,<environment.Job instance at 0x14e7d71cc640>,110,17,[5 2],158,185,202,27,173
1,<environment.Job instance at 0x14e7d71cc7d0>,111,1,[2 9],159,198,199,39,173
1,<environment.Job instance at 0x14e7d71cce60>,112,3,[ 1 10],160,199,202,39,173
1,<environment.Job instance at 0x14e7d71cc140>,113,1,[1 9],161,202,203,41,174
1,<environment.Job instance at 0x14e7d71ccd70>,114,3,[7 2],162,185,188,23,174
1,<environment.Job instance at 0x14e7d71cc230>,115,15,[7 2],163,188,203,25,176
1,<environment.Job instance at 0x14e7d71cc550>,116,3,[ 1 10],165,203,206,38,177
1,<environment.Job instance at 0x14e7d71cc460>,117,2,[5 2],168,180,182,12,177
1,<environment.Job instance at 0x14e7d4c92050>,119,3,[2 6],171,206,209,35,187
1,<environment.Job instance at 0x14e7d4c92a00>,122,1,[1 7],174,206,207,32,192
1,<environment.Job instance at 0x14e7d4c3ffa0>,123,2,[9 2],175,203,205,28,192
1,<environment.Job instance at 0x14e7d4018c30>,124,1,[ 1 11],176,209,210,33,192
1,<environment.Job instance at 0x14e7d6e44a00>,125,2,[1 9],178,207,209,29,192
1,<environment.Job instance at 0x14e7d6e445f0>,126,2,[2 6],179,210,212,31,192
1,<environment.Job instance at 0x14e7d3ffa0a0>,9,12,[ 1 10],17,17,29,0,17
1,<environment.Job instance at 0x14e7d3ffa550>,10,12,[1 9],18,29,41,11,18
1,<environment.Job instance at 0x14e7d3ffab90>,11,14,[2 6],19,29,43,10,19
1,<environment.Job instance at 0x14e7d3ffab40>,7,1,[5 1],13,25,26,12,25
1,<environment.Job instance at 0x14e7d4f00690>,15,3,[ 1 10],24,43,46,19,25
1,<environment.Job instance at 0x14e7d4f005f0>,18,16,[2 8],27,46,62,19,33
1,<environment.Job instance at 0x14e7d40ab140>,19,3,[1 7],28,46,49,18,33
1,<environment.Job instance at 0x14e7d7fd15a0>,20,1,[2 6],29,41,42,12,34
1,<environment.Job instance at 0x14e7d7fd1af0>,21,3,[2 9],30,62,65,32,36
1,<environment.Job instance at 0x14e8108d3d20>,22,2,[2 6],31,49,51,18,36
1,<environment.Job instance at 0x14e7d7fd15f0>,23,1,[2 6],32,42,43,10,36
1,<environment.Job instance at 0x14e7d4c7aa50>,24,1,[7 2],34,41,42,7,36
1,<environment.Job instance at 0x14e7d409b9b0>,25,2,[2 6],35,51,53,16,36
1,<environment.Job instance at 0x14e7d409b870>,26,1,[10  1],36,42,43,6,36
1,<environment.Job instance at 0x14e7d4c89e10>,27,3,[8 2],37,43,46,6,37
1,<environment.Job instance at 0x14e7d6f2c3c0>,28,3,[ 2 13],38,65,68,27,39
1,<environment.Job instance at 0x14e7d42dbc30>,30,1,[1 5],40,53,54,13,40
1,<environment.Job instance at 0x14e7d70b8cd0>,31,2,[2 5],41,54,56,13,41
1,<environment.Job instance at 0x14e7d3ef13c0>,32,3,[8 2],42,53,56,11,42
1,<environment.Job instance at 0x14e7d4c5b460>,33,3,[ 1 10],43,68,71,25,43
1,<environment.Job instance at 0x14e7d3fe7690>,34,13,[5 2],44,56,69,12,44
1,<environment.Job instance at 0x14e7d7c1acd0>,40,26,[ 1 10],50,71,97,21,68
1,<environment.Job instance at 0x14e7d7c1a4b0>,41,17,[9 1],51,68,85,17,68
1,<environment.Job instance at 0x14e7d7c1abe0>,42,15,[1 7],52,97,112,45,83
1,<environment.Job instance at 0x14e7d41dd230>,43,1,[6 1],54,85,86,31,83
1,<environment.Job instance at 0x14e7d41ddf00>,44,17,[1 5],55,86,103,31,83
1,<environment.Job instance at 0x14e7d41dda00>,46,3,[9 1],57,97,100,40,83
1,<environment.Job instance at 0x14e7d41dd0a0>,47,1,[2 9],58,112,113,54,84
1,<environment.Job instance at 0x14e7d7d3bcd0>,49,2,[2 7],62,103,105,41,86
1,<environment.Job instance at 0x14e7d4744690>,50,2,[ 2 10],63,113,115,50,86
1,<environment.Job instance at 0x14e7d4744370>,51,26,[7 2],64,105,131,41,102
1,<environment.Job instance at 0x14e7d4744460>,53,3,[1 5],67,105,108,38,102
1,<environment.Job instance at 0x14e7d47440a0>,54,3,[1 9],68,115,118,47,102
1,<environment.Job instance at 0x14e7d47447d0>,55,2,[ 1 10],69,118,120,49,102
1,<environment.Job instance at 0x14e7d4744aa0>,56,1,[ 2 10],71,120,121,49,102
1,<environment.Job instance at 0x14e7d4744a00>,57,3,[2 5],72,108,111,36,102
1,<environment.Job instance at 0x14e7d47441e0>,60,3,[1 9],75,121,124,46,103
1,<environment.Job instance at 0x14e7d47445f0>,62,1,[8 2],82,124,125,42,103
1,<environment.Job instance at 0x14e7d7c7f870>,63,19,[1 5],85,125,144,40,115
1,<environment.Job instance at 0x14e7d7c7fa50>,64,1,[9 2],86,131,132,45,115
1,<environment.Job instance at 0x14e7e29519b0>,65,2,[1 8],88,125,127,37,115
1,<environment.Job instance at 0x14e7e2951500>,66,1,[1 7],89,127,128,38,115
1,<environment.Job instance at 0x14e7e29515f0>,69,3,[ 2 10],97,132,135,35,115
1,<environment.Job instance at 0x14e7e29514b0>,70,3,[2 8],98,128,131,30,115
1,<environment.Job instance at 0x14e7e2951640>,71,2,[2 7],99,135,137,36,115
1,<environment.Job instance at 0x14e7e2951f00>,73,2,[2 7],102,137,139,35,115
1,<environment.Job instance at 0x14e7d3c99f50>,74,12,[ 1 10],103,139,151,36,122
1,<environment.Job instance at 0x14e7d3c997d0>,75,2,[6 2],104,122,124,18,122
1,<environment.Job instance at 0x14e7d3c99fa0>,76,3,[2 6],105,151,154,46,125
1,<environment.Job instance at 0x14e7d3c993c0>,77,1,[1 8],106,131,132,25,125
1,<environment.Job instance at 0x14e7d3c998c0>,79,1,[1 5],108,144,145,36,136
1,<environment.Job instance at 0x14e7d3c99b90>,81,1,[2 5],112,145,146,33,136
1,<environment.Job instance at 0x14e7d3c99370>,82,16,[1 6],113,151,167,38,138
1,<environment.Job instance at 0x14e7d3c99190>,80,12,[1 6],109,154,166,45,138
1,<environment.Job instance at 0x14e7d44ca690>,84,15,[ 2 10],116,167,182,51,153
1,<environment.Job instance at 0x14e7d4bf4aa0>,85,1,[11  1],117,154,155,37,154
1,<environment.Job instance at 0x14e7d4bf49b0>,87,15,[2 6],119,182,197,63,168
1,<environment.Job instance at 0x14e7d4bf4f50>,88,1,[ 1 11],120,197,198,77,169
1,<environment.Job instance at 0x14e7d4bf42d0>,89,1,[2 8],121,182,183,61,169
1,<environment.Job instance at 0x14e7d4bf4fa0>,90,2,[6 1],123,169,171,46,169
1,<environment.Job instance at 0x14e7d4bf4cd0>,91,1,[1 5],125,171,172,46,169
1,<environment.Job instance at 0x14e7d4bf4640>,92,3,[2 5],126,172,175,46,169
1,<environment.Job instance at 0x14e7d4bf40f0>,93,1,[2 6],127,183,184,56,169
1,<environment.Job instance at 0x14e7d4bf4b90>,94,15,[1 7],128,198,213,70,184
1,<environment.Job instance at 0x14e7d4bf4460>,95,2,[1 9],129,184,186,55,184
1,<environment.Job instance at 0x14e7d4bf43c0>,96,1,[1 6],130,186,187,56,184
1,<environment.Job instance at 0x14e7d4bf4140>,97,3,[6 1],133,186,189,53,184
1,<environment.Job instance at 0x14e7d4bf4c80>,98,2,[9 2],134,189,191,55,184
1,<environment.Job instance at 0x14e7d4bf4190>,99,2,[2 7],135,187,189,52,184
1,<environment.Job instance at 0x14e7d4bf4730>,100,1,[2 5],136,189,190,53,184
1,<environment.Job instance at 0x14e7d41d3eb0>,101,14,[1 9],139,213,227,74,198
1,<environment.Job instance at 0x14e7d41d3b40>,102,2,[ 1 10],140,227,229,87,200
1,<environment.Job instance at 0x14e7d41d3e60>,104,12,[8 1],143,200,212,57,200
1,<environment.Job instance at 0x14e7d41d3820>,105,1,[6 1],146,200,201,54,200
1,<environment.Job instance at 0x14e7d41d3460>,107,26,[9 1],152,212,238,60,209
1,<environment.Job instance at 0x14e7d80ab550>,111,1,[ 2 13],157,229,230,72,220
1,<environment.Job instance at 0x14e7d80ab0a0>,112,1,[1 5],158,220,221,62,220
1,<environment.Job instance at 0x14e7d80ab5a0>,114,3,[2 9],161,230,233,69,223
1,<environment.Job instance at 0x14e7d80abd20>,115,12,[ 2 11],163,233,245,70,223
1,<environment.Job instance at 0x14e7d80ab410>,116,1,[2 7],166,245,246,79,226
1,<environment.Job instance at 0x14e7d80abbe0>,118,17,[2 6],168,245,262,77,233
1,<environment.Job instance at 0x14e7d80ab370>,119,1,[ 1 10],169,262,263,93,234
1,<environment.Job instance at 0x14e7d408b960>,120,18,[2 9],172,263,281,91,252
1,<environment.Job instance at 0x14e7d408bb90>,121,1,[1 7],173,252,253,79,252
1,<environment.Job instance at 0x14e7d408b4b0>,122,14,[1 7],175,281,295,106,266
1,<environment.Job instance at 0x14e7d408b5f0>,123,2,[10  2],176,266,268,90,266
1,<environment.Job instance at 0x14e7d408b9b0>,124,3,[5 1],177,268,271,91,266
1,<environment.Job instance at 0x14e7d408ba50>,125,14,[2 7],178,281,295,103,266
1,<environment.Job instance at 0x14e7d396d2d0>,1,13,[2 6],2,2,15,0,2
1,<environment.Job instance at 0x14e7d396d0a0>,2,2,[2 8],4,4,6,0,4
1,<environment.Job instance at 0x14e7d408ba50>,3,3,[1 9],5,6,9,1,5
1,<environment.Job instance at 0x14e7d408bb40>,4,17,[1 7],7,9,26,2,7
1,<environment.Job instance at 0x14e7d711e5f0>,10,21,[7 1],16,16,37,0,16
1,<environment.Job instance at 0x14e7d7c1baf0>,12,2,[2 5],18,18,20,0,18
1,<environment.Job instance at 0x14e7d4c06230>,11,3,[1 9],17,26,29,9,18
1,<environment.Job instance at 0x14e7d730d280>,14,14,[6 1],20,38,52,18,38
1,<environment.Job instance at 0x14e7d40d8c80>,23,2,[5 2],35,38,40,3,38
1,<environment.Job instance at 0x14e7d3ef1280>,24,3,[8 1],37,40,43,3,38
1,<environment.Job instance at 0x14e7d72d1500>,19,2,[1 9],29,38,40,9,38
1,<environment.Job instance at 0x14e7d7b8c820>,25,2,[6 1],38,43,45,5,38
1,<environment.Job instance at 0x14e82a02ea00>,26,3,[6 2],40,45,48,5,40
1,<environment.Job instance at 0x14e7d725d550>,28,1,[6 2],43,48,49,5,43
1,<environment.Job instance at 0x14e82a2ffa50>,29,26,[2 8],45,45,71,0,45
1,<environment.Job instance at 0x14e7d7bfc280>,31,2,[13  1],47,52,54,5,48
1,<environment.Job instance at 0x14e7d7bfceb0>,32,1,[6 1],49,50,51,1,50
1,<environment.Job instance at 0x14e7d7bfc410>,34,19,[1 5],53,54,73,1,53
1,<environment.Job instance at 0x14e7d7bfcaa0>,35,3,[2 7],55,71,74,16,55
1,<environment.Job instance at 0x14e7d7bfcb40>,36,18,[7 2],56,62,80,6,62
1,<environment.Job instance at 0x14e7d3e0ec30>,21,3,[1 8],33,74,77,41,71
1,<environment.Job instance at 0x14e7d3ccb2d0>,44,1,[7 2],70,74,75,4,72
1,<environment.Job instance at 0x14e7d3ccbaa0>,47,2,[8 1],73,77,79,4,73
1,<environment.Job instance at 0x14e7d3c8dd20>,48,2,[1 8],75,79,81,4,75
1,<environment.Job instance at 0x14e7e3fe0d20>,49,3,[2 8],76,81,84,5,76
1,<environment.Job instance at 0x14e7e3fe0b40>,50,1,[8 2],77,80,81,3,77
1,<environment.Job instance at 0x14e7e3fe0c80>,51,1,[2 7],80,81,82,1,80
1,<environment.Job instance at 0x14e7e2633640>,52,3,[5 2],81,82,85,1,81
1,<environment.Job instance at 0x14e7e2633050>,53,2,[8 2],82,82,84,0,82
1,<environment.Job instance at 0x14e7e2633a50>,54,3,[2 5],85,85,88,0,85
1,<environment.Job instance at 0x14e7d7cdadc0>,55,14,[6 1],86,86,100,0,86
1,<environment.Job instance at 0x14e7d7cda2d0>,56,1,[2 5],87,87,88,0,87
1,<environment.Job instance at 0x14e7d7cda8c0>,57,3,[9 2],88,88,91,0,88
1,<environment.Job instance at 0x14e7d7cdac30>,58,3,[1 7],89,91,94,2,89
1,<environment.Job instance at 0x14e7d3ccb640>,43,2,[ 2 14],69,94,96,25,89
1,<environment.Job instance at 0x14e7d72b2c80>,60,13,[8 1],94,96,109,2,94
1,<environment.Job instance at 0x14e7d3ccb230>,46,17,[ 2 10],72,100,117,28,95
1,<environment.Job instance at 0x14e7d7d1e8c0>,68,2,[1 9],109,117,119,8,109
1,<environment.Job instance at 0x14e7d7d1ea50>,71,15,[ 1 10],114,119,134,5,114
1,<environment.Job instance at 0x14e7d7d1e640>,74,2,[7 2],117,117,119,0,117
1,<environment.Job instance at 0x14e7d7d1e280>,75,1,[9 2],119,119,120,0,119
1,<environment.Job instance at 0x14e7d7d1e730>,76,2,[ 1 10],120,134,136,14,120
1,<environment.Job instance at 0x14e7d7d1e500>,77,14,[2 8],121,136,150,15,121
1,<environment.Job instance at 0x14e7d7d1ee10>,78,15,[1 8],122,150,165,28,136
1,<environment.Job instance at 0x14e7e1a0c460>,82,17,[1 6],127,136,153,9,136
1,<environment.Job instance at 0x14e7e1a0ca00>,83,2,[8 2],130,153,155,23,136
1,<environment.Job instance at 0x14e7e1a0c870>,84,2,[5 2],131,153,155,22,136
1,<environment.Job instance at 0x14e7e1a0c140>,85,2,[6 1],132,136,138,4,136
1,<environment.Job instance at 0x14e7e1a0c0a0>,86,1,[1 9],133,165,166,32,137
1,<environment.Job instance at 0x14e7e1a0c320>,87,1,[7 1],134,138,139,4,137
1,<environment.Job instance at 0x14e7e1a0c6e0>,88,2,[2 5],135,155,157,20,137
1,<environment.Job instance at 0x14e7e1a0c780>,89,1,[2 8],136,166,167,30,138
1,<environment.Job instance at 0x14e810a9e230>,91,3,[ 1 10],139,167,170,28,142
1,<environment.Job instance at 0x14e810a9eb90>,92,13,[1 7],141,170,183,29,154
1,<environment.Job instance at 0x14e810a9ee10>,93,2,[2 9],142,183,185,41,156
1,<environment.Job instance at 0x14e810a9e2d0>,94,2,[1 9],143,185,187,42,158
1,<environment.Job instance at 0x14e810a9ed20>,95,18,[8 1],144,158,176,14,158
1,<environment.Job instance at 0x14e810a9ea50>,97,3,[6 1],146,158,161,12,158
1,<environment.Job instance at 0x14e810a9eeb0>,98,2,[10  2],147,176,178,29,158
1,<environment.Job instance at 0x14e7d7b8d2d0>,99,2,[7 1],148,178,180,30,158
1,<environment.Job instance at 0x14e7d7b8d730>,100,3,[ 2 12],154,187,190,33,161
1,<environment.Job instance at 0x14e7d7b8d4b0>,103,18,[2 8],157,190,208,33,179
1,<environment.Job instance at 0x14e7d7b8da50>,104,1,[1 8],158,180,181,22,179
1,<environment.Job instance at 0x14e7d7b8d7d0>,105,27,[1 7],159,190,217,31,188
1,<environment.Job instance at 0x14e7d7b8df50>,106,1,[8 1],161,188,189,27,188
1,<environment.Job instance at 0x14e7d7b8d280>,107,1,[5 2],163,188,189,25,188
1,<environment.Job instance at 0x14e7d7b8d5a0>,108,1,[9 2],165,189,190,24,188
1,<environment.Job instance at 0x14e7d7b8dc30>,109,1,[ 1 14],166,217,218,51,189
1,<environment.Job instance at 0x14e7d7b8d640>,110,2,[1 7],167,208,210,41,189
1,<environment.Job instance at 0x14e7e0010460>,111,1,[9 1],169,208,209,39,189
1,<environment.Job instance at 0x14e7e0010870>,115,16,[5 2],173,218,234,45,205
1,<environment.Job instance at 0x14e7e0010730>,116,2,[2 7],174,210,212,36,205
1,<environment.Job instance at 0x14e7e00101e0>,117,2,[2 9],175,218,220,43,205
1,<environment.Job instance at 0x14e7e0010910>,118,1,[2 7],176,212,213,36,205
1,<environment.Job instance at 0x14e7d7d1ed20>,79,1,[9 1],123,209,210,86,205
1,<environment.Job instance at 0x14e7e0010cd0>,113,3,[ 1 10],171,220,223,49,213
1,<environment.Job instance at 0x14e7e0010280>,119,2,[8 1],177,217,219,40,217
1,<environment.Job instance at 0x14e7d7d62a00>,20,17,[9 2],31,1082,1099,1051,1082
1,<environment.Job instance at 0x14e7d3798320>,1,2,[2 9],3,3,5,0,3
1,<environment.Job instance at 0x14e7d7ca51e0>,2,1,[5 2],5,5,6,0,5
1,<environment.Job instance at 0x14e7d7ba9140>,3,2,[2 6],6,6,8,0,6
1,<environment.Job instance at 0x14e7d7ba96e0>,5,1,[ 1 14],10,10,11,0,10
1,<environment.Job instance at 0x14e7d6ddf640>,6,2,[6 1],11,12,14,1,12
1,<environment.Job instance at 0x14e7d6ddf8c0>,7,2,[1 5],12,12,14,0,12
1,<environment.Job instance at 0x14e7d6ddf280>,8,3,[ 2 10],13,14,17,1,13
1,<environment.Job instance at 0x14e7d6ddfd20>,9,13,[2 8],14,17,30,3,14
1,<environment.Job instance at 0x14e7e0034410>,14,2,[1 6],21,21,23,0,21
1,<environment.Job instance at 0x14e7e19f40a0>,16,1,[5 2],25,28,29,3,28
1,<environment.Job instance at 0x14e7d3f3b320>,19,15,[1 6],29,29,44,0,29
1,<environment.Job instance at 0x14e7e19f4cd0>,20,1,[5 1],30,34,35,4,34
1,<environment.Job instance at 0x14e81095c910>,23,1,[1 9],35,35,36,0,35
1,<environment.Job instance at 0x14e82807bf50>,24,1,[8 1],36,36,37,0,36
1,<environment.Job instance at 0x14e81095c410>,22,3,[8 2],34,38,41,4,38
1,<environment.Job instance at 0x14e7d43da7d0>,25,2,[ 1 10],40,44,46,4,40
1,<environment.Job instance at 0x14e82807b9b0>,26,3,[2 7],41,46,49,5,42
1,<environment.Job instance at 0x14e7d6f581e0>,27,1,[2 6],44,46,47,2,45
1,<environment.Job instance at 0x14e7d6f582d0>,29,3,[ 2 10],46,49,52,3,46
1,<environment.Job instance at 0x14e7d6f58050>,30,3,[2 6],47,52,55,5,47
1,<environment.Job instance at 0x14e7d6f58320>,33,2,[6 2],52,53,55,1,53
1,<environment.Job instance at 0x14e7d4c8e5a0>,34,2,[9 2],54,55,57,1,54
1,<environment.Job instance at 0x14e7d639d960>,35,3,[6 2],56,57,60,1,57
1,<environment.Job instance at 0x14e7e2654370>,37,17,[6 1],58,58,75,0,58
1,<environment.Job instance at 0x14e7e26542d0>,38,1,[9 1],59,65,66,6,65
1,<environment.Job instance at 0x14e7d9376a50>,44,1,[5 1],66,66,67,0,66
1,<environment.Job instance at 0x14e7e0676280>,45,18,[11  2],68,75,93,7,68
1,<environment.Job instance at 0x14e7d6dfdb40>,46,1,[9 1],70,71,72,1,71
1,<environment.Job instance at 0x14e7e0022280>,48,1,[8 1],72,72,73,0,72
1,<environment.Job instance at 0x14e7d3f97f50>,50,16,[2 5],75,75,91,0,75
1,<environment.Job instance at 0x14e7e0022730>,47,19,[2 8],71,78,97,7,78
1,<environment.Job instance at 0x14e7d70dddc0>,53,16,[2 6],80,93,109,13,80
1,<environment.Job instance at 0x14e7e19ecaf0>,55,3,[2 7],82,97,100,15,82
1,<environment.Job instance at 0x14e7e19f5a50>,54,15,[5 1],81,93,108,12,85
1,<environment.Job instance at 0x14e7e19ec1e0>,57,1,[2 5],84,91,92,7,85
1,<environment.Job instance at 0x14e7d3c46c80>,58,2,[1 9],85,108,110,23,85
1,<environment.Job instance at 0x14e7d47337d0>,60,3,[2 6],87,100,103,13,89
1,<environment.Job instance at 0x14e7d4733190>,61,1,[1 5],88,92,93,4,89
1,<environment.Job instance at 0x14e7d4733e60>,62,2,[6 2],89,100,102,11,89
1,<environment.Job instance at 0x14e7d47334b0>,63,3,[10  1],90,109,112,19,90
1,<environment.Job instance at 0x14e7d7121eb0>,64,2,[7 2],92,103,105,11,92
1,<environment.Job instance at 0x14e7d7b99c80>,65,1,[9 2],94,112,113,18,94
1,<environment.Job instance at 0x14e7d7121690>,66,1,[10  2],95,113,114,18,95
1,<environment.Job instance at 0x14e7d7121d20>,67,3,[2 5],97,105,108,8,97
1,<environment.Job instance at 0x14e82a064550>,49,1,[1 5],74,103,104,29,102
1,<environment.Job instance at 0x14e7d5735c80>,69,1,[8 2],100,114,115,14,103
1,<environment.Job instance at 0x14e7d5735aa0>,68,17,[9 2],99,115,132,16,104
1,<environment.Job instance at 0x14e7d3ef2140>,72,3,[5 1],108,110,113,2,108
1,<environment.Job instance at 0x14e7d3ef2910>,73,17,[1 8],109,112,129,3,109
1,<environment.Job instance at 0x14e7d3ef2230>,75,2,[2 5],112,113,115,1,112
1,<environment.Job instance at 0x14e7d3ef2280>,77,1,[2 8],114,129,130,15,114
1,<environment.Job instance at 0x14e7d8001fa0>,79,2,[1 8],120,130,132,10,120
1,<environment.Job instance at 0x14e7d8001910>,80,1,[9 2],121,132,133,11,121
1,<environment.Job instance at 0x14e7d80013c0>,81,2,[2 6],122,132,134,10,122
1,<environment.Job instance at 0x14e7d8001190>,78,1,[ 1 10],117,134,135,17,123
1,<environment.Job instance at 0x14e7d8001140>,82,15,[7 1],123,133,148,10,123
1,<environment.Job instance at 0x14e7d8001c30>,83,3,[1 7],124,135,138,11,126
1,<environment.Job instance at 0x14e7d8001500>,87,1,[ 1 10],130,138,139,8,130
1,<environment.Job instance at 0x14e7e19ec0f0>,56,1,[ 1 10],83,139,140,56,130
1,<environment.Job instance at 0x14e7d4075320>,89,3,[5 2],133,133,136,0,133
1,<environment.Job instance at 0x14e7d40752d0>,90,1,[8 2],134,147,148,13,147
1,<environment.Job instance at 0x14e7d416f140>,96,1,[7 2],148,149,150,1,149
1,<environment.Job instance at 0x14e7d416f460>,98,16,[2 5],150,151,167,1,151
1,<environment.Job instance at 0x14e7d4179500>,100,1,[9 1],152,152,153,0,152
1,<environment.Job instance at 0x14e7d4179aa0>,101,2,[7 2],155,155,157,0,155
1,<environment.Job instance at 0x14e7d416f960>,99,17,[ 1 14],151,167,184,16,155
1,<environment.Job instance at 0x14e7d43937d0>,113,2,[1 5],169,231,233,62,231
1,<environment.Job instance at 0x14e7d4393230>,114,2,[ 2 10],170,231,233,61,231
1,<environment.Job instance at 0x14e7d4393140>,115,3,[7 1],171,233,236,62,231
1,<environment.Job instance at 0x14e7d3c061e0>,1,3,[1 5],2,2,5,0,2
1,<environment.Job instance at 0x14e7d4393140>,2,15,[2 9],4,4,19,0,4
1,<environment.Job instance at 0x14e7d3c06fa0>,0,3,[5 1],1,4,7,3,4
1,<environment.Job instance at 0x14e8108b1f50>,6,2,[6 1],12,13,15,1,13
1,<environment.Job instance at 0x14e7d3d71460>,9,12,[7 2],17,18,30,1,18
1,<environment.Job instance at 0x14e7d3d9da50>,11,2,[13  2],19,30,32,11,19
1,<environment.Job instance at 0x14e7d3d9da00>,12,3,[1 6],20,20,23,0,20
1,<environment.Job instance at 0x14e7d4bf9e60>,13,2,[2 7],21,21,23,0,21
1,<environment.Job instance at 0x14e7d3d9dbe0>,14,3,[7 1],23,23,26,0,23
1,<environment.Job instance at 0x14e7d4bf9410>,15,3,[9 2],24,32,35,8,24
1,<environment.Job instance at 0x14e7d3e4d3c0>,16,2,[7 1],29,35,37,6,29
1,<environment.Job instance at 0x14e7d4c22780>,18,1,[1 5],33,33,34,0,33
1,<environment.Job instance at 0x14e7d4c0d0a0>,19,3,[ 2 11],35,35,38,0,35
1,<environment.Job instance at 0x14e7d7bd95a0>,20,1,[8 1],39,39,40,0,39
1,<environment.Job instance at 0x14e7d3a1f0f0>,21,3,[ 1 13],40,40,43,0,40
1,<environment.Job instance at 0x14e7d3e4da50>,22,3,[9 2],41,41,44,0,41
1,<environment.Job instance at 0x14e7d3a27410>,23,1,[7 1],43,44,45,1,43
1,<environment.Job instance at 0x14e7e1964460>,24,2,[2 8],45,45,47,0,45
1,<environment.Job instance at 0x14e7d6fff1e0>,25,13,[7 2],48,48,61,0,48
1,<environment.Job instance at 0x14e7d808b550>,26,2,[13  1],49,61,63,12,49
1,<environment.Job instance at 0x14e7d3b90a50>,27,17,[2 9],51,51,68,0,51
1,<environment.Job instance at 0x14e7e25c4b90>,28,16,[1 5],52,63,79,11,53
1,<environment.Job instance at 0x14e7d4ba0af0>,30,1,[6 1],63,63,64,0,63
1,<environment.Job instance at 0x14e7d3ea31e0>,31,3,[ 1 10],65,68,71,3,65
1,<environment.Job instance at 0x14e7d7bb7d70>,32,3,[2 9],66,71,74,5,66
1,<environment.Job instance at 0x14e7e1ab42d0>,33,2,[1 9],67,74,76,7,67
1,<environment.Job instance at 0x14e7e1ab4910>,34,2,[1 6],69,76,78,7,69
1,<environment.Job instance at 0x14e7d3bd25f0>,35,3,[1 8],70,78,81,8,70
1,<environment.Job instance at 0x14e82a139230>,36,1,[6 1],72,72,73,0,72
1,<environment.Job instance at 0x14e7e19ccdc0>,37,2,[10  1],74,74,76,0,74
1,<environment.Job instance at 0x14e7e19cc140>,38,15,[1 7],75,79,94,4,75
1,<environment.Job instance at 0x14e7e19cc910>,39,2,[1 8],76,81,83,5,76
1,<environment.Job instance at 0x14e7d3d713c0>,5,2,[14  2],10,83,85,73,76
1,<environment.Job instance at 0x14e7e19cc1e0>,41,2,[ 1 10],78,94,96,16,79
1,<environment.Job instance at 0x14e7e19ccf50>,40,24,[2 5],77,85,109,8,80
1,<environment.Job instance at 0x14e7e258c870>,42,1,[6 1],79,85,86,6,80
1,<environment.Job instance at 0x14e7e25aa140>,44,1,[10  1],81,86,87,5,81
1,<environment.Job instance at 0x14e7e25aaf00>,45,3,[1 8],82,96,99,14,82
1,<environment.Job instance at 0x14e7e25aa4b0>,46,3,[1 5],87,99,102,12,87
1,<environment.Job instance at 0x14e7e25aa050>,47,18,[ 2 10],88,102,120,14,91
1,<environment.Job instance at 0x14e7e25aa910>,48,3,[5 1],89,91,94,2,91
1,<environment.Job instance at 0x14e7e25aa500>,49,3,[9 1],90,96,99,6,91
1,<environment.Job instance at 0x14e7e25aaa00>,50,12,[1 8],91,120,132,29,103
1,<environment.Job instance at 0x14e7e1a39dc0>,51,2,[1 6],92,120,122,28,103
1,<environment.Job instance at 0x14e7e1a39410>,52,3,[5 2],95,109,112,14,103
1,<environment.Job instance at 0x14e7e1a394b0>,53,15,[6 2],96,122,137,26,108
1,<environment.Job instance at 0x14e7e1a39550>,54,2,[11  1],98,112,114,14,108
1,<environment.Job instance at 0x14e7e1a39f50>,55,3,[2 5],99,114,117,15,108
1,<environment.Job instance at 0x14e7e1a39e10>,56,1,[1 8],101,132,133,31,108
1,<environment.Job instance at 0x14e7e1a39af0>,57,1,[2 5],102,117,118,15,108
1,<environment.Job instance at 0x14e7e1a39460>,58,1,[2 6],103,133,134,30,108
1,<environment.Job instance at 0x14e7e1a392d0>,59,14,[6 2],104,125,139,21,125
1,<environment.Job instance at 0x14e7e25c9910>,68,2,[2 9],116,134,136,18,125
1,<environment.Job instance at 0x14e7d3f2b550>,29,13,[8 2],53,137,150,84,125
1,<environment.Job instance at 0x14e7e25c9b90>,71,1,[6 1],126,140,141,14,140
1,<environment.Job instance at 0x14e7d4bff870>,72,1,[8 1],127,150,151,23,140
1,<environment.Job instance at 0x14e7d4bff0a0>,73,1,[7 1],128,141,142,13,140
1,<environment.Job instance at 0x14e7d4bff8c0>,74,12,[1 6],129,142,154,13,140
1,<environment.Job instance at 0x14e7d4bffaf0>,75,2,[1 5],130,142,144,12,140
1,<environment.Job instance at 0x14e7d4bff780>,76,3,[2 9],131,151,154,20,140
1,<environment.Job instance at 0x14e7e25a51e0>,77,2,[1 6],132,144,146,12,140
1,<environment.Job instance at 0x14e7e25a5c30>,78,14,[1 8],133,154,168,21,141
1,<environment.Job instance at 0x14e7e25a5be0>,79,17,[ 2 10],134,168,185,34,156
1,<environment.Job instance at 0x14e7e25a5d20>,80,2,[12  2],135,156,158,21,156
1,<environment.Job instance at 0x14e7e25a5e10>,81,2,[7 1],137,158,160,21,156
1,<environment.Job instance at 0x14e7e25a5cd0>,82,1,[1 8],138,185,186,47,157
1,<environment.Job instance at 0x14e7e25a5320>,83,1,[7 1],139,158,159,19,157
1,<environment.Job instance at 0x14e7e25a5370>,84,1,[1 9],140,186,187,46,158
1,<environment.Job instance at 0x14e7e2594730>,85,1,[6 2],141,159,160,18,158
1,<environment.Job instance at 0x14e7e2594410>,86,2,[ 2 10],142,187,189,45,160
1,<environment.Job instance at 0x14e7e25c9c80>,70,1,[2 8],125,189,190,64,161
1,<environment.Job instance at 0x14e7e25940a0>,87,1,[5 2],143,161,162,18,161
1,<environment.Job instance at 0x14e7d4c0b2d0>,90,3,[1 8],148,190,193,42,164
1,<environment.Job instance at 0x14e7d4c0b640>,91,1,[ 2 10],149,193,194,44,165
1,<environment.Job instance at 0x14e7d4c0bb90>,92,2,[7 2],150,168,170,18,168
1,<environment.Job instance at 0x14e7d4c0b3c0>,93,2,[1 6],151,185,187,34,168
1,<environment.Job instance at 0x14e7d4c0b820>,94,26,[10  2],153,187,213,34,184
1,<environment.Job instance at 0x14e7d4c0b780>,95,13,[ 1 10],154,194,207,40,184
1,<environment.Job instance at 0x14e7e25c96e0>,67,1,[11  2],114,184,185,70,184
1,<environment.Job instance at 0x14e7d4c0b0f0>,97,1,[2 9],157,207,208,50,184
1,<environment.Job instance at 0x14e7d4c0b280>,98,2,[1 7],158,208,210,50,184
1,<environment.Job instance at 0x14e7d4c0b1e0>,99,2,[8 1],159,213,215,54,186
1,<environment.Job instance at 0x14e7d4c0bd20>,100,1,[5 1],160,210,211,50,186
1,<environment.Job instance at 0x14e7d71ea050>,101,2,[ 1 12],161,211,213,50,186
1,<environment.Job instance at 0x14e7d71ea2d0>,102,3,[2 5],167,189,192,22,186
1,<environment.Job instance at 0x14e7d71ea460>,103,1,[5 2],169,213,214,44,186
1,<environment.Job instance at 0x14e7d3d71a50>,7,3,[2 5],13,213,216,200,194
1,<environment.Job instance at 0x14e7d6ffd550>,2,15,[2 9],7,7,22,0,7
1,<environment.Job instance at 0x14e7d3a49910>,3,28,[ 2 12],8,22,50,14,21
1,<environment.Job instance at 0x14e7d8027eb0>,8,2,[2 9],15,50,52,35,30
1,<environment.Job instance at 0x14e7e19a9a00>,9,26,[1 9],16,52,78,36,49
1,<environment.Job instance at 0x14e7d6e415a0>,11,23,[2 8],18,78,101,60,72
1,<environment.Job instance at 0x14e7d6e41550>,12,3,[2 5],20,72,75,52,72
1,<environment.Job instance at 0x14e7d6e41b40>,13,2,[5 1],21,72,74,51,72
1,<environment.Job instance at 0x14e7d6e41a00>,14,2,[ 1 10],22,101,103,79,74
1,<environment.Job instance at 0x14e7e26595f0>,16,3,[ 1 12],24,103,106,79,77
1,<environment.Job instance at 0x14e7d8027190>,6,16,[1 5],12,77,93,65,77
1,<environment.Job instance at 0x14e7d42db050>,18,1,[8 1],27,77,78,50,77
1,<environment.Job instance at 0x14e7d6e41960>,17,1,[8 2],26,78,79,52,78
1,<environment.Job instance at 0x14e7d6e41c80>,20,1,[2 7],31,93,94,62,78
1,<environment.Job instance at 0x14e7d6e41eb0>,21,25,[6 2],32,94,119,62,90
1,<environment.Job instance at 0x14e7e197c7d0>,22,3,[8 1],36,90,93,54,90
1,<environment.Job instance at 0x14e7d7293190>,24,28,[ 1 10],38,106,134,68,105
1,<environment.Job instance at 0x14e7d71ceb40>,25,2,[7 1],39,105,107,66,105
1,<environment.Job instance at 0x14e7d4edcfa0>,26,2,[2 7],40,134,136,94,107
1,<environment.Job instance at 0x14e7d3e35640>,27,1,[6 2],41,107,108,66,107
1,<environment.Job instance at 0x14e7d6fde6e0>,28,2,[1 5],42,119,121,77,107
1,<environment.Job instance at 0x14e7d8021e10>,29,13,[ 2 10],43,136,149,93,120
1,<environment.Job instance at 0x14e7e1a77a50>,30,3,[7 1],44,121,124,77,120
1,<environment.Job instance at 0x14e7d4edc280>,31,3,[7 2],45,121,124,76,120
1,<environment.Job instance at 0x14e7e1a77be0>,32,24,[2 9],47,149,173,102,144
1,<environment.Job instance at 0x14e7d7048910>,33,1,[6 2],50,144,145,94,144
1,<environment.Job instance at 0x14e7e00302d0>,1,1,[11  2],4,145,146,141,144
1,<environment.Job instance at 0x14e7d4c82550>,41,15,[2 9],61,173,188,112,159
1,<environment.Job instance at 0x14e7d4c82c80>,43,14,[7 2],63,162,176,99,162
1,<environment.Job instance at 0x14e7d4c825a0>,44,3,[6 2],66,162,165,96,162
1,<environment.Job instance at 0x14e7e19e60a0>,45,2,[2 7],67,188,190,121,162
1,<environment.Job instance at 0x14e7e19e6cd0>,46,3,[2 5],69,176,179,107,162
1,<environment.Job instance at 0x14e7e19e6410>,47,2,[5 2],71,165,167,94,162
1,<environment.Job instance at 0x14e7e19e6550>,48,3,[9 1],74,176,179,102,162
1,<environment.Job instance at 0x14e7e19e6280>,49,1,[7 1],75,179,180,104,162
1,<environment.Job instance at 0x14e7e19e6230>,50,2,[2 7],76,188,190,112,162
1,<environment.Job instance at 0x14e7e19e6500>,51,18,[1 5],77,190,208,113,179
1,<environment.Job instance at 0x14e7d4c785f0>,53,1,[9 1],79,180,181,101,179
1,<environment.Job instance at 0x14e7e1af5230>,54,2,[8 2],80,181,183,101,179
1,<environment.Job instance at 0x14e7d4c783c0>,55,2,[2 5],82,179,181,97,179
1,<environment.Job instance at 0x14e7d6ef8050>,56,3,[2 6],83,183,186,100,179
1,<environment.Job instance at 0x14e7e1af5f50>,57,14,[2 6],84,190,204,106,179
1,<environment.Job instance at 0x14e7d6ef8870>,58,2,[1 9],86,204,206,118,179
1,<environment.Job instance at 0x14e7d6ef88c0>,59,1,[8 2],87,186,187,99,179
1,<environment.Job instance at 0x14e7d6ef8820>,60,15,[2 6],88,206,221,118,192
1,<environment.Job instance at 0x14e7d6ef8320>,61,3,[7 1],89,192,195,103,192
1,<environment.Job instance at 0x14e7d4c87c30>,62,1,[2 7],90,208,209,118,192
1,<environment.Job instance at 0x14e8108c74b0>,63,3,[2 7],92,209,212,117,192
1,<environment.Job instance at 0x14e8108c7b90>,64,3,[ 2 10],93,221,224,128,195
1,<environment.Job instance at 0x14e8108c7dc0>,65,2,[6 1],94,195,197,101,195
1,<environment.Job instance at 0x14e8108c71e0>,66,3,[ 1 10],95,224,227,129,198
1,<environment.Job instance at 0x14e8108c78c0>,67,1,[1 6],96,212,213,116,198
1,<environment.Job instance at 0x14e8108c72d0>,69,3,[6 2],99,206,209,107,204
1,<environment.Job instance at 0x14e8108c75a0>,70,2,[10  2],100,209,211,109,204
1,<environment.Job instance at 0x14e7e1af3640>,71,1,[1 6],101,213,214,112,204
1,<environment.Job instance at 0x14e7e1af3dc0>,72,1,[5 1],102,204,205,102,204
1,<environment.Job instance at 0x14e7e1af3500>,75,1,[ 1 12],105,227,228,122,206
1,<environment.Job instance at 0x14e7e1af35f0>,76,3,[1 6],106,214,217,108,206
1,<environment.Job instance at 0x14e7d6e7f550>,77,2,[10  1],107,211,213,104,206
1,<environment.Job instance at 0x14e828067280>,78,2,[6 1],109,206,208,97,206
1,<environment.Job instance at 0x14e828067960>,79,1,[2 8],110,217,218,107,206
1,<environment.Job instance at 0x14e828067640>,80,2,[6 1],111,213,215,102,206
1,<environment.Job instance at 0x14e828067690>,81,15,[2 9],112,228,243,116,214
1,<environment.Job instance at 0x14e8280679b0>,82,3,[7 1],113,215,218,102,214
1,<environment.Job instance at 0x14e8280674b0>,83,2,[2 9],115,218,220,103,214
1,<environment.Job instance at 0x14e828067500>,84,3,[5 2],117,214,217,97,214
1,<environment.Job instance at 0x14e7d4c60730>,85,25,[2 5],118,228,253,110,224
1,<environment.Job instance at 0x14e7d4c60410>,86,3,[2 5],119,224,227,105,224
1,<environment.Job instance at 0x14e7d4c60550>,87,2,[1 5],120,243,245,123,224
1,<environment.Job instance at 0x14e7d4c60d20>,88,14,[5 1],121,227,241,106,224
1,<environment.Job instance at 0x14e7d4c60230>,89,17,[7 1],123,241,258,118,229
1,<environment.Job instance at 0x14e7d4c60cd0>,90,1,[ 2 10],125,253,254,128,229
1,<environment.Job instance at 0x14e7d4c60f50>,93,3,[1 8],129,245,248,116,235
1,<environment.Job instance at 0x14e7d4c605a0>,94,16,[8 1],132,254,270,122,251
1,<environment.Job instance at 0x14e7d4c60910>,95,3,[8 2],134,270,273,136,251
1,<environment.Job instance at 0x14e7d4c600f0>,96,16,[2 8],135,258,274,123,251
1,<environment.Job instance at 0x14e7d4c608c0>,97,2,[6 2],136,251,253,115,251
1,<environment.Job instance at 0x14e7d4c60460>,98,1,[7 2],138,273,274,135,251
1,<environment.Job instance at 0x14e7d427e3c0>,99,2,[ 2 10],143,274,276,131,251
1,<environment.Job instance at 0x14e7d427e0a0>,101,3,[7 1],145,274,277,129,257
1,<environment.Job instance at 0x14e7d427ed70>,102,3,[2 6],146,258,261,112,257
1,<environment.Job instance at 0x14e7d427efa0>,103,3,[2 9],147,276,279,129,257
1,<environment.Job instance at 0x14e7d427e1e0>,104,2,[8 1],148,277,279,129,257
1,<environment.Job instance at 0x14e7d3a49aa0>,4,15,[6 1],10,279,294,269,269
1,<environment.Job instance at 0x14e7d427e410>,107,2,[2 6],156,279,281,123,269
1,<environment.Job instance at 0x14e7d427e2d0>,109,3,[1 8],159,279,282,120,271
1,<environment.Job instance at 0x14e7d427ee10>,108,3,[10  1],157,294,297,137,271
1,<environment.Job instance at 0x14e7d42e74b0>,111,1,[2 7],163,282,283,119,271
1,<environment.Job instance at 0x14e7d42e7550>,112,1,[2 9],164,283,284,119,271
1,<environment.Job instance at 0x14e7d42e7a50>,113,3,[ 2 10],165,284,287,119,271
1,<environment.Job instance at 0x14e7d42e7910>,114,2,[6 1],166,273,275,107,271
1,<environment.Job instance at 0x14e7d42e72d0>,115,1,[8 1],169,281,282,112,271
1,<environment.Job instance at 0x14e7d42e7c80>,116,12,[7 1],170,282,294,112,271
1,<environment.Job instance at 0x14e81004dd20>,110,2,[5 2],161,275,277,114,274
1,<environment.Job instance at 0x14e7d42e7aa0>,118,16,[1 7],172,287,303,115,274
1,<environment.Job instance at 0x14e7d42e7640>,119,14,[5 1],173,297,311,124,285
1,<environment.Job instance at 0x14e7d42e77d0>,121,3,[ 2 10],175,303,306,128,287
1,<environment.Job instance at 0x14e7d42e7140>,122,1,[6 2],176,297,298,121,287
1,<environment.Job instance at 0x14e7d42e7be0>,123,2,[5 1],177,298,300,121,287
1,<environment.Job instance at 0x14e7d42e7a00>,124,18,[6 2],178,300,318,122,296
1,<environment.Job instance at 0x14e7d42e7a00>,2,1,[1 6],3,3,4,0,3
1,<environment.Job instance at 0x14e7d42e7f00>,3,19,[ 1 10],5,5,24,0,5
1,<environment.Job instance at 0x14e7d6e164b0>,9,15,[13  2],14,598,613,584,598
1,<environment.Job instance at 0x14e7d3791d20>,14,17,[2 7],22,598,615,576,598
1,<environment.Job instance at 0x14e7d6fff0a0>,10,3,[8 1],15,613,616,598,598
1,<environment.Job instance at 0x14e7d38287d0>,16,2,[1 6],24,613,615,589,598
1,<environment.Job instance at 0x14e7e1a35a00>,15,2,[ 1 10],23,615,617,592,603
1,<environment.Job instance at 0x14e7d3ccccd0>,20,1,[2 6],31,617,618,586,609
1,<environment.Job instance at 0x14e7d7b4d960>,21,3,[8 1],33,616,619,583,609
1,<environment.Job instance at 0x14e7d7b4d8c0>,22,15,[2 5],35,617,632,582,609
1,<environment.Job instance at 0x14e7d3cd3910>,23,1,[9 1],36,619,620,583,614
1,<environment.Job instance at 0x14e7d3cd3c80>,25,2,[2 8],38,618,620,580,614
1,<environment.Job instance at 0x14e7d3cd3190>,26,12,[6 1],39,620,632,581,614
1,<environment.Job instance at 0x14e7d3cd3e10>,27,15,[2 8],40,620,635,580,614
1,<environment.Job instance at 0x14e7d3cd3be0>,28,2,[9 1],41,632,634,591,614
1,<environment.Job instance at 0x14e7d3cd3460>,29,2,[1 6],42,632,634,590,614
1,<environment.Job instance at 0x14e7d3cd3f50>,31,2,[2 5],45,634,636,589,624
1,<environment.Job instance at 0x14e7d3cd3780>,32,14,[13  2],47,635,649,588,628
1,<environment.Job instance at 0x14e7d38a2280>,33,20,[1 9],48,636,656,588,628
1,<environment.Job instance at 0x14e7d38a2aa0>,34,1,[1 5],49,649,650,600,628
1,<environment.Job instance at 0x14e7d3791b40>,12,2,[1 9],17,656,658,639,629
1,<environment.Job instance at 0x14e7d3cd3370>,35,3,[9 2],50,650,653,600,629
1,<environment.Job instance at 0x14e7d38a25f0>,36,1,[2 5],51,653,654,602,629
1,<environment.Job instance at 0x14e7d43d5e10>,37,3,[14  2],52,654,657,602,631
1,<environment.Job instance at 0x14e7d43d5a50>,39,17,[1 9],55,658,675,603,646
1,<environment.Job instance at 0x14e7d43d53c0>,40,1,[7 2],56,657,658,601,646
1,<environment.Job instance at 0x14e7d3a45f50>,41,15,[ 2 12],59,675,690,616,661
1,<environment.Job instance at 0x14e7d43d51e0>,38,2,[2 7],54,690,692,636,664
1,<environment.Job instance at 0x14e7d3a45dc0>,45,1,[1 9],64,692,693,628,664
1,<environment.Job instance at 0x14e7d3a45190>,44,3,[1 8],62,693,696,631,673
1,<environment.Job instance at 0x14e7e26219b0>,49,3,[ 1 14],72,696,699,624,676
1,<environment.Job instance at 0x14e7e2621eb0>,48,1,[2 8],71,690,691,619,676
1,<environment.Job instance at 0x14e7e26214b0>,51,3,[ 2 10],74,699,702,625,676
1,<environment.Job instance at 0x14e7e26210f0>,52,3,[1 9],76,702,705,626,676
1,<environment.Job instance at 0x14e82a2ffe10>,53,2,[10  2],77,676,678,599,676
1,<environment.Job instance at 0x14e7e26bd690>,54,1,[ 2 10],81,705,706,624,677
1,<environment.Job instance at 0x14e810d616e0>,55,12,[2 9],82,706,718,624,689
1,<environment.Job instance at 0x14e7d3c80640>,56,2,[ 2 10],88,718,720,630,691
1,<environment.Job instance at 0x14e7d3c80c30>,57,1,[2 6],89,691,692,602,691
1,<environment.Job instance at 0x14e7d39f07d0>,58,1,[2 8],90,720,721,630,692
1,<environment.Job instance at 0x14e7d3c80190>,59,2,[6 2],91,692,694,601,692
1,<environment.Job instance at 0x14e7d39f0500>,60,1,[9 2],92,694,695,602,692
1,<environment.Job instance at 0x14e7e25d50a0>,61,1,[6 2],93,692,693,599,692
1,<environment.Job instance at 0x14e7e25d5b40>,62,17,[2 9],94,721,738,627,709
1,<environment.Job instance at 0x14e7e25d5eb0>,63,1,[7 1],97,709,710,612,709
1,<environment.Job instance at 0x14e7e25d5780>,64,2,[ 2 13],99,738,740,639,711
1,<environment.Job instance at 0x14e7d710e460>,65,1,[10  2],100,711,712,611,711
1,<environment.Job instance at 0x14e7d710e730>,66,3,[2 5],101,712,715,611,711
1,<environment.Job instance at 0x14e7d710e3c0>,67,1,[ 1 10],102,740,741,638,712
1,<environment.Job instance at 0x14e7d710eb90>,68,2,[9 1],103,712,714,609,712
1,<environment.Job instance at 0x14e7d710eeb0>,69,2,[7 2],104,715,717,611,712
1,<environment.Job instance at 0x14e7d710e870>,71,18,[ 1 10],106,741,759,635,730
1,<environment.Job instance at 0x14e7d710e5f0>,73,3,[7 2],108,730,733,622,730
1,<environment.Job instance at 0x14e7d710e9b0>,74,2,[1 7],109,759,761,650,732
1,<environment.Job instance at 0x14e7d8022780>,75,24,[ 1 10],112,761,785,649,756
1,<environment.Job instance at 0x14e7d8022550>,76,21,[9 1],113,756,777,643,756
1,<environment.Job instance at 0x14e7d8022cd0>,77,16,[ 2 12],114,785,801,671,772
1,<environment.Job instance at 0x14e7e1a372d0>,78,3,[2 9],115,801,804,686,775
1,<environment.Job instance at 0x14e7e1a37eb0>,79,1,[5 2],116,775,776,659,775
1,<environment.Job instance at 0x14e7e1a37500>,80,22,[6 1],117,777,799,660,775
1,<environment.Job instance at 0x14e7e2722f00>,81,2,[5 1],119,776,778,657,775
1,<environment.Job instance at 0x14e7d37eba00>,83,17,[5 1],122,783,800,661,783
1,<environment.Job instance at 0x14e7d3720910>,84,2,[7 2],123,799,801,676,788
1,<environment.Job instance at 0x14e7d3720eb0>,85,1,[8 1],125,801,802,676,790
1,<environment.Job instance at 0x14e7d3720aa0>,86,1,[1 8],130,804,805,674,790
1,<environment.Job instance at 0x14e7d3720370>,87,1,[ 1 10],132,805,806,673,790
1,<environment.Job instance at 0x14e7d808ef00>,88,1,[ 2 10],134,806,807,672,790
1,<environment.Job instance at 0x14e7d808d500>,89,2,[9 1],135,802,804,667,790
1,<environment.Job instance at 0x14e7d808da50>,90,12,[1 7],136,807,819,671,790
1,<environment.Job instance at 0x14e7d3c12a00>,92,3,[1 9],138,819,822,681,793
1,<environment.Job instance at 0x14e7d3f09730>,93,2,[8 2],139,804,806,665,793
1,<environment.Job instance at 0x14e7d375b9b0>,95,16,[1 8],142,822,838,680,809
1,<environment.Job instance at 0x14e81002d550>,96,2,[9 2],143,809,811,666,809
1,<environment.Job instance at 0x14e81002da00>,97,2,[5 1],144,809,811,665,809
1,<environment.Job instance at 0x14e7e197c870>,98,18,[7 1],145,811,829,666,809
1,<environment.Job instance at 0x14e7d7d5f5a0>,99,1,[2 6],149,811,812,662,809
1,<environment.Job instance at 0x14e7d7d5f320>,100,3,[ 2 10],150,838,841,688,812
1,<environment.Job instance at 0x14e7d939b140>,101,12,[1 6],151,822,834,671,812
1,<environment.Job instance at 0x14e7d939b3c0>,103,1,[1 8],155,841,842,686,813
1,<environment.Job instance at 0x14e7d3737460>,104,2,[5 2],156,813,815,657,813
1,<environment.Job instance at 0x14e7d3737050>,105,2,[ 2 11],157,842,844,685,815
1,<environment.Job instance at 0x14e7d37372d0>,106,2,[5 2],158,815,817,657,815
1,<environment.Job instance at 0x14e7d6e71370>,107,3,[5 2],159,817,820,658,815
1,<environment.Job instance at 0x14e7d3737fa0>,108,22,[1 8],160,844,866,684,837
1,<environment.Job instance at 0x14e7d6e71d20>,109,2,[5 1],162,837,839,675,837
1,<environment.Job instance at 0x14e7d80c3d70>,110,3,[6 2],165,837,840,672,837
1,<environment.Job instance at 0x14e7d80c3500>,111,17,[1 7],166,844,861,678,837
1,<environment.Job instance at 0x14e7d80c3e60>,112,1,[7 1],167,839,840,672,837
1,<environment.Job instance at 0x14e7d80c31e0>,114,3,[6 1],169,861,864,692,845
1,<environment.Job instance at 0x14e7d80c38c0>,115,1,[ 2 10],170,866,867,696,845
1,<environment.Job instance at 0x14e7d80c3820>,116,2,[1 9],171,867,869,696,845
1,<environment.Job instance at 0x14e7d80c3410>,117,12,[ 2 10],172,869,881,697,852
1,<environment.Job instance at 0x14e7d80c3cd0>,118,14,[12  2],174,878,892,704,878
1,<environment.Job instance at 0x14e7d80c32d0>,119,1,[5 1],176,892,893,716,878
1,<environment.Job instance at 0x14e7d80c3a00>,122,17,[1 8],179,881,898,702,878
1,<environment.Job instance at 0x14e7e195ed20>,3,18,[1 9],6,6,24,0,6
1,<environment.Job instance at 0x14e7e195e500>,5,3,[2 5],8,8,11,0,8
1,<environment.Job instance at 0x14e7d7daa410>,7,2,[1 7],11,24,26,13,11
1,<environment.Job instance at 0x14e7d7daaa00>,8,1,[7 2],12,12,13,0,12
1,<environment.Job instance at 0x14e7e1a85410>,9,1,[5 1],13,13,14,0,13
1,<environment.Job instance at 0x14e7d7bc1f50>,6,1,[ 1 10],10,26,27,16,14
1,<environment.Job instance at 0x14e7e1a85280>,10,2,[9 2],14,14,16,0,14
1,<environment.Job instance at 0x14e7e1a85730>,13,3,[ 2 14],17,27,30,10,17
1,<environment.Job instance at 0x14e7e1a85d70>,15,3,[1 9],20,30,33,10,20
1,<environment.Job instance at 0x14e7e3ff1370>,17,1,[11  2],23,23,24,0,23
1,<environment.Job instance at 0x14e7d3a9e7d0>,18,2,[7 2],24,24,26,0,24
1,<environment.Job instance at 0x14e7d3ab0cd0>,21,18,[2 5],29,30,48,1,29
1,<environment.Job instance at 0x14e7d39020f0>,22,18,[ 1 10],30,33,51,3,30
1,<environment.Job instance at 0x14e7d72a5b40>,16,1,[5 1],21,48,49,27,34
1,<environment.Job instance at 0x14e7e191dcd0>,27,2,[7 2],35,48,50,13,35
1,<environment.Job instance at 0x14e7d729f780>,28,2,[1 8],36,51,53,15,36
1,<environment.Job instance at 0x14e7d3930230>,29,16,[8 2],37,50,66,13,38
1,<environment.Job instance at 0x14e7d3930aa0>,30,1,[9 1],38,66,67,28,38
1,<environment.Job instance at 0x14e7e1950230>,31,2,[ 2 10],39,53,55,14,39
1,<environment.Job instance at 0x14e7d4435d70>,34,2,[ 1 10],46,55,57,9,46
1,<environment.Job instance at 0x14e7d4435b90>,33,1,[2 8],44,57,58,13,51
1,<environment.Job instance at 0x14e7d4bcc190>,38,2,[ 2 10],51,58,60,7,51
1,<environment.Job instance at 0x14e7d4bcc6e0>,39,3,[2 9],52,60,63,8,52
1,<environment.Job instance at 0x14e7d4bcc8c0>,41,16,[1 8],55,63,79,8,55
1,<environment.Job instance at 0x14e7d3e67820>,42,2,[6 2],57,63,65,6,58
1,<environment.Job instance at 0x14e7d3a9f7d0>,44,2,[2 5],59,65,67,6,59
1,<environment.Job instance at 0x14e7d3a9ffa0>,45,2,[7 2],60,67,69,7,60
1,<environment.Job instance at 0x14e7d3a9f960>,46,3,[2 5],62,67,70,5,62
1,<environment.Job instance at 0x14e7d3a9fbe0>,47,3,[5 2],64,69,72,5,64
1,<environment.Job instance at 0x14e7d3a9fc80>,48,16,[6 1],66,70,86,4,66
1,<environment.Job instance at 0x14e7d4435640>,35,25,[2 5],47,72,97,25,68
1,<environment.Job instance at 0x14e7d7fb2dc0>,51,2,[1 9],70,79,81,9,70
1,<environment.Job instance at 0x14e7d800deb0>,52,3,[7 1],71,81,84,10,71
1,<environment.Job instance at 0x14e7d39e2230>,53,16,[ 2 10],73,86,102,13,73
1,<environment.Job instance at 0x14e7d7fb2640>,50,1,[ 1 10],68,102,103,34,82
1,<environment.Job instance at 0x14e7d71a9050>,55,14,[ 1 10],76,103,117,27,88
1,<environment.Job instance at 0x14e7d3a24550>,56,3,[8 2],77,97,100,20,88
1,<environment.Job instance at 0x14e7d7bd7e10>,57,2,[9 1],78,100,102,22,88
1,<environment.Job instance at 0x14e7e1a50280>,58,14,[5 2],79,102,116,23,89
1,<environment.Job instance at 0x14e7e1a50500>,61,3,[1 6],82,117,120,35,91
1,<environment.Job instance at 0x14e7e1a50690>,62,1,[1 6],85,117,118,32,91
1,<environment.Job instance at 0x14e7e1a50960>,63,1,[ 2 10],87,120,121,33,92
1,<environment.Job instance at 0x14e7e1a509b0>,64,1,[ 1 14],88,121,122,33,93
1,<environment.Job instance at 0x14e7e1a50730>,65,1,[5 1],89,97,98,8,93
1,<environment.Job instance at 0x14e7e1a50eb0>,66,1,[2 9],90,118,119,28,93
1,<environment.Job instance at 0x14e7d7cf0140>,67,3,[9 1],91,102,105,11,93
1,<environment.Job instance at 0x14e7d3a34960>,74,1,[7 2],104,112,113,8,112
1,<environment.Job instance at 0x14e7d3a34870>,75,1,[5 2],105,113,114,8,112
1,<environment.Job instance at 0x14e7d3a34640>,76,12,[1 6],106,122,134,16,112
1,<environment.Job instance at 0x14e7d3a34410>,77,14,[2 8],107,122,136,15,112
1,<environment.Job instance at 0x14e7d3a34320>,79,15,[ 1 10],109,136,151,27,122
1,<environment.Job instance at 0x14e7d3a34aa0>,80,3,[2 7],110,151,154,41,125
1,<environment.Job instance at 0x14e7e191c0f0>,81,2,[5 2],111,134,136,23,125
1,<environment.Job instance at 0x14e7d38ba4b0>,54,26,[2 5],74,134,160,60,131
1,<environment.Job instance at 0x14e7e191cf50>,82,1,[6 2],112,151,152,39,131
1,<environment.Job instance at 0x14e7e191ce60>,84,2,[2 6],114,154,156,40,131
1,<environment.Job instance at 0x14e810a280a0>,86,14,[1 8],117,156,170,39,141
1,<environment.Job instance at 0x14e7e191c960>,87,3,[2 6],118,160,163,42,141
1,<environment.Job instance at 0x14e7e191c9b0>,88,2,[1 5],119,163,165,44,141
1,<environment.Job instance at 0x14e7d7ca4aa0>,90,1,[7 2],121,152,153,31,141
1,<environment.Job instance at 0x14e7d7ca4690>,91,3,[1 9],122,170,173,48,144
1,<environment.Job instance at 0x14e8106720a0>,92,3,[9 2],124,153,156,29,144
1,<environment.Job instance at 0x14e8106728c0>,93,1,[2 6],125,165,166,40,144
1,<environment.Job instance at 0x14e810672b90>,94,1,[10  1],127,156,157,29,144
1,<environment.Job instance at 0x14e810672370>,95,3,[8 1],131,157,160,26,148
1,<environment.Job instance at 0x14e810672410>,96,2,[ 1 10],135,173,175,38,148
1,<environment.Job instance at 0x14e810672690>,97,14,[1 9],136,175,189,39,160
1,<environment.Job instance at 0x14e810672d20>,98,16,[2 7],138,189,205,51,176
1,<environment.Job instance at 0x14e810672640>,99,1,[8 2],139,176,177,37,176
1,<environment.Job instance at 0x14e810672cd0>,100,17,[5 1],140,176,193,36,176
1,<environment.Job instance at 0x14e7d71a5870>,101,1,[5 1],142,177,178,35,176
1,<environment.Job instance at 0x14e7d71a5aa0>,103,2,[7 1],145,178,180,33,176
1,<environment.Job instance at 0x14e7d71a5960>,105,1,[2 5],148,180,181,32,176
1,<environment.Job instance at 0x14e7d71a5460>,106,1,[8 1],152,181,182,29,176
1,<environment.Job instance at 0x14e7d39cd5a0>,107,15,[14  1],153,205,220,52,192
1,<environment.Job instance at 0x14e7d39cd280>,108,1,[12  2],154,193,194,39,192
1,<environment.Job instance at 0x14e7d39cda50>,111,1,[2 6],158,194,195,36,194
1,<environment.Job instance at 0x14e7d39cd9b0>,112,2,[8 1],159,194,196,35,194
1,<environment.Job instance at 0x14e7d39cd370>,113,1,[7 1],160,196,197,36,194
1,<environment.Job instance at 0x14e7d39cdc80>,115,14,[10  1],163,220,234,57,216
1,<environment.Job instance at 0x14e7d39cdd70>,116,1,[7 1],165,234,235,69,216
1,<environment.Job instance at 0x14e7d39cd8c0>,117,27,[8 1],166,234,261,68,232
1,<environment.Job instance at 0x14e810d439b0>,118,3,[ 2 13],168,235,238,67,232
1,<environment.Job instance at 0x14e7d39e30f0>,123,3,[ 2 13],177,243,246,66,243
1,<environment.Job instance at 0x14e7e191c320>,83,15,[8 1],113,261,276,148,247
1,<environment.Job instance at 0x14e7d3c8a2d0>,25,18,[2 7],33,262,280,229,262
1,<environment.Job instance at 0x14e7d37585a0>,5,2,[7 1],8,11,13,3,11
1,<environment.Job instance at 0x14e7e1a91230>,1,18,[2 6],4,4,22,0,4
1,<environment.Job instance at 0x14e7e0694d20>,4,1,[2 6],8,16,17,8,16
1,<environment.Job instance at 0x14e7e002c5f0>,10,1,[ 2 10],14,22,23,8,16
1,<environment.Job instance at 0x14e7d3c9cfa0>,11,3,[2 9],15,17,20,2,16
1,<environment.Job instance at 0x14e7e003fcd0>,12,20,[5 2],16,20,40,4,16
1,<environment.Job instance at 0x14e7d7d5bc80>,13,2,[2 7],18,26,28,8,26
1,<environment.Job instance at 0x14e7d3c9c1e0>,14,13,[1 8],19,28,41,9,26
1,<environment.Job instance at 0x14e7d3c9ce10>,15,1,[2 8],20,41,42,21,30
1,<environment.Job instance at 0x14e7e06942d0>,7,2,[2 9],11,42,44,31,31
1,<environment.Job instance at 0x14e7d4050d20>,16,1,[1 5],21,32,33,11,32
1,<environment.Job instance at 0x14e7d3793960>,18,27,[1 8],25,44,71,19,42
1,<environment.Job instance at 0x14e7e002caa0>,9,12,[1 7],13,44,56,31,43
1,<environment.Job instance at 0x14e7d3feabe0>,19,2,[1 9],26,71,73,45,44
1,<environment.Job instance at 0x14e7d7214500>,20,12,[5 1],27,58,70,31,58
1,<environment.Job instance at 0x14e7d3a1ceb0>,23,13,[6 1],31,58,71,27,58
1,<environment.Job instance at 0x14e7d3a13910>,17,2,[2 9],24,73,75,49,58
1,<environment.Job instance at 0x14e7d3a1ca00>,24,1,[2 9],32,75,76,43,58
1,<environment.Job instance at 0x14e7d3779280>,26,17,[ 1 10],35,76,93,41,64
1,<environment.Job instance at 0x14e7d3a1c5f0>,27,1,[5 1],38,70,71,32,64
1,<environment.Job instance at 0x14e7d3a1c550>,28,1,[2 8],39,93,94,54,65
1,<environment.Job instance at 0x14e7d3a1ca50>,29,3,[2 5],40,65,68,25,65
1,<environment.Job instance at 0x14e7d3a1c870>,30,1,[2 9],41,94,95,53,66
1,<environment.Job instance at 0x14e7d3a0e780>,31,18,[1 5],42,68,86,26,66
1,<environment.Job instance at 0x14e7e19affa0>,32,1,[7 2],45,86,87,41,66
1,<environment.Job instance at 0x14e7d3df5870>,33,12,[10  2],47,87,99,40,70
1,<environment.Job instance at 0x14e7e0694050>,6,1,[12  1],10,99,100,89,79
1,<environment.Job instance at 0x14e7d7312e10>,42,3,[13  1],59,100,103,41,100
1,<environment.Job instance at 0x14e7d3a037d0>,44,2,[5 2],61,103,105,42,100
1,<environment.Job instance at 0x14e7d3a03aa0>,45,2,[1 9],63,100,102,37,100
1,<environment.Job instance at 0x14e7d3a03320>,46,2,[1 7],65,102,104,37,100
1,<environment.Job instance at 0x14e7d3a03f00>,47,3,[9 1],66,103,106,37,100
1,<environment.Job instance at 0x14e7d3a03960>,48,12,[1 6],67,104,116,37,100
1,<environment.Job instance at 0x14e7e19af690>,34,12,[ 1 14],49,116,128,67,100
1,<environment.Job instance at 0x14e7d3bd7af0>,50,3,[9 1],70,106,109,36,100
1,<environment.Job instance at 0x14e7d3bd7c80>,51,2,[ 2 10],71,128,130,57,101
1,<environment.Job instance at 0x14e7d3bd7960>,52,1,[ 1 10],72,130,131,58,102
1,<environment.Job instance at 0x14e7d3bd7f00>,53,3,[2 7],74,105,108,31,105
1,<environment.Job instance at 0x14e7e1960be0>,55,3,[1 8],76,108,111,32,108
1,<environment.Job instance at 0x14e7e19605a0>,56,2,[9 2],77,111,113,34,111
1,<environment.Job instance at 0x14e7e19607d0>,57,3,[2 8],78,131,134,53,118
1,<environment.Job instance at 0x14e7e19609b0>,62,18,[1 6],84,131,149,47,120
1,<environment.Job instance at 0x14e7e1960550>,61,1,[ 2 12],82,149,150,67,135
1,<environment.Job instance at 0x14e7e1960a00>,63,17,[5 2],85,135,152,50,135
1,<environment.Job instance at 0x14e7e1960af0>,65,3,[ 1 10],87,150,153,63,135
1,<environment.Job instance at 0x14e7d4effe10>,66,2,[8 1],88,135,137,47,135
1,<environment.Job instance at 0x14e7d4eff9b0>,67,2,[1 9],89,153,155,64,135
1,<environment.Job instance at 0x14e7d4eff6e0>,68,3,[1 8],90,155,158,65,135
1,<environment.Job instance at 0x14e7d4effdc0>,69,21,[1 8],92,158,179,66,150
1,<environment.Job instance at 0x14e7d4eff050>,70,3,[1 7],95,155,158,60,150
1,<environment.Job instance at 0x14e7d4effc80>,71,1,[1 5],96,152,153,56,150
1,<environment.Job instance at 0x14e7d4effd20>,72,2,[1 7],98,158,160,60,150
1,<environment.Job instance at 0x14e7d4eff2d0>,73,24,[1 6],100,160,184,60,155
1,<environment.Job instance at 0x14e7e1960f00>,64,2,[9 1],86,163,165,77,163
1,<environment.Job instance at 0x14e7d4eff780>,75,3,[6 2],104,179,182,75,163
1,<environment.Job instance at 0x14e7d389a2d0>,78,2,[ 2 10],109,184,186,75,163
1,<environment.Job instance at 0x14e7d389ad70>,79,17,[1 8],111,186,203,75,174
1,<environment.Job instance at 0x14e7d8007230>,80,2,[1 9],112,182,184,70,174
1,<environment.Job instance at 0x14e7e19606e0>,54,13,[6 2],75,184,197,109,174
1,<environment.Job instance at 0x14e7d389a460>,76,3,[7 1],107,185,188,78,185
1,<environment.Job instance at 0x14e7d8007c30>,83,18,[9 1],116,197,215,81,186
1,<environment.Job instance at 0x14e7d8007d20>,85,22,[1 5],120,188,210,68,186
1,<environment.Job instance at 0x14e7e1960730>,58,16,[5 2],79,203,219,124,190
1,<environment.Job instance at 0x14e7d41a6f50>,92,1,[5 2],129,215,216,86,190
1,<environment.Job instance at 0x14e7d8007f00>,88,1,[10  1],124,216,217,92,195
1,<environment.Job instance at 0x14e7d41a6c80>,94,2,[1 6],132,210,212,78,195
1,<environment.Job instance at 0x14e7d41a6320>,95,3,[ 2 10],134,217,220,83,195
1,<environment.Job instance at 0x14e7d41a6370>,96,1,[14  2],135,220,221,85,195
1,<environment.Job instance at 0x14e7d41a6190>,97,14,[ 2 10],136,221,235,85,206
1,<environment.Job instance at 0x14e7d41a60a0>,101,15,[2 7],140,235,250,95,221
1,<environment.Job instance at 0x14e7e1cfd690>,107,1,[1 5],149,247,248,98,247
1,<environment.Job instance at 0x14e7e1cfd0a0>,108,1,[10  2],150,247,248,97,247
1,<environment.Job instance at 0x14e7e1cfdc80>,109,3,[2 8],151,248,251,97,247
1,<environment.Job instance at 0x14e7e1cfd3c0>,110,1,[2 8],153,251,252,98,247
1,<environment.Job instance at 0x14e7e1cfd8c0>,111,3,[2 7],154,250,253,96,247
1,<environment.Job instance at 0x14e7e1cfdf50>,112,1,[2 5],155,252,253,97,247
1,<environment.Job instance at 0x14e7e1cfd1e0>,113,2,[1 6],156,253,255,97,247
1,<environment.Job instance at 0x14e7e1cfd5f0>,114,2,[10  2],157,252,254,95,247
1,<environment.Job instance at 0x14e7e1cfdeb0>,116,3,[ 1 10],161,255,258,94,247
1,<environment.Job instance at 0x14e7d8007b90>,93,16,[ 1 10],130,258,274,128,247
1,<environment.Job instance at 0x14e7e2729c30>,119,14,[2 9],164,274,288,110,259
1,<environment.Job instance at 0x14e7e2729690>,120,2,[2 7],165,288,290,123,261
1,<environment.Job instance at 0x14e7e2729e60>,121,3,[ 2 10],167,290,293,123,264
1,<environment.Job instance at 0x14e7e27299b0>,123,3,[ 2 10],171,293,296,122,267
1,<environment.Job instance at 0x14e7e27290f0>,126,2,[1 9],175,296,298,121,278
1,<environment.Job instance at 0x14e7e27294b0>,128,12,[2 5],177,291,303,114,291
1,<environment.Job instance at 0x14e7d80076e0>,89,1,[1 5],125,515,516,390,515
1,<environment.Job instance at 0x14e7e002c320>,8,3,[5 1],12,526,529,514,526
1,<environment.Job instance at 0x14e7d4c2e0a0>,2,1,[2 6],4,7,8,3,7
1,<environment.Job instance at 0x14e7d4c2ef50>,0,2,[ 2 14],1,8,10,7,7
1,<environment.Job instance at 0x14e7d4c2e870>,6,1,[7 2],11,12,13,1,12
1,<environment.Job instance at 0x14e7d4c2ea50>,7,1,[1 8],13,13,14,0,13
1,<environment.Job instance at 0x14e7d4c2eaf0>,9,2,[2 6],16,16,18,0,16
1,<environment.Job instance at 0x14e7d4c2eb90>,10,18,[8 1],17,17,35,0,17
1,<environment.Job instance at 0x14e7d420afa0>,12,1,[8 2],19,35,36,16,19
1,<environment.Job instance at 0x14e7d6f52960>,15,2,[9 1],23,36,38,13,23
1,<environment.Job instance at 0x14e7e1acf960>,16,16,[1 7],24,24,40,0,24
1,<environment.Job instance at 0x14e7d3ef12d0>,17,14,[8 1],25,38,52,13,25
1,<environment.Job instance at 0x14e7e1ab9370>,19,3,[5 2],27,27,30,0,27
1,<environment.Job instance at 0x14e7d4c50aa0>,20,3,[2 8],29,40,43,11,29
1,<environment.Job instance at 0x14e7e1ab9640>,21,15,[5 1],32,32,47,0,32
1,<environment.Job instance at 0x14e7d6e858c0>,23,3,[1 9],36,43,46,7,37
1,<environment.Job instance at 0x14e7d7ceeb90>,25,2,[6 1],38,47,49,9,41
1,<environment.Job instance at 0x14e7d7ceedc0>,27,15,[1 7],40,46,61,6,41
1,<environment.Job instance at 0x14e7d7ceecd0>,26,2,[8 1],39,52,54,13,43
1,<environment.Job instance at 0x14e7e26b7cd0>,30,1,[5 2],44,49,50,5,44
1,<environment.Job instance at 0x14e7e26b70f0>,31,3,[10  1],45,54,57,9,45
1,<environment.Job instance at 0x14e7d6f33780>,32,1,[8 1],46,57,58,11,46
1,<environment.Job instance at 0x14e7d6f337d0>,33,14,[1 9],47,61,75,14,47
1,<environment.Job instance at 0x14e7d6f33690>,34,1,[10  1],48,58,59,10,48
1,<environment.Job instance at 0x14e7d6f33be0>,35,1,[7 2],49,59,60,10,49
1,<environment.Job instance at 0x14e7d6f33c30>,36,3,[6 2],50,50,53,0,50
1,<environment.Job instance at 0x14e7d6ddfb40>,37,2,[9 2],51,60,62,9,51
1,<environment.Job instance at 0x14e7e26b7410>,29,2,[10  1],42,62,64,20,52
1,<environment.Job instance at 0x14e7d7c57b90>,38,1,[1 6],52,53,54,1,52
1,<environment.Job instance at 0x14e7d7c578c0>,39,2,[2 5],53,54,56,1,53
1,<environment.Job instance at 0x14e7d7c57e60>,40,15,[ 1 10],54,75,90,21,61
1,<environment.Job instance at 0x14e7d4c7f460>,42,1,[1 8],56,90,91,34,62
1,<environment.Job instance at 0x14e7d7c575f0>,41,1,[ 1 10],55,91,92,36,63
1,<environment.Job instance at 0x14e7d4c7f320>,44,1,[11  2],59,64,65,5,63
1,<environment.Job instance at 0x14e7d42b9370>,45,24,[10  2],60,65,89,5,63
1,<environment.Job instance at 0x14e7d4c7f870>,43,1,[7 2],57,89,90,32,63
1,<environment.Job instance at 0x14e7d3f13aa0>,51,1,[ 1 10],68,92,93,24,78
1,<environment.Job instance at 0x14e7d3f13140>,52,18,[10  1],71,90,108,19,88
1,<environment.Job instance at 0x14e7d3f13fa0>,54,1,[1 8],73,93,94,20,88
1,<environment.Job instance at 0x14e7d6e991e0>,55,12,[ 2 10],74,94,106,20,88
1,<environment.Job instance at 0x14e7d70408c0>,62,3,[14  2],83,108,111,25,100
1,<environment.Job instance at 0x14e7d3bed870>,63,3,[2 6],88,111,114,23,100
1,<environment.Job instance at 0x14e7e1905370>,64,1,[6 2],89,111,112,22,100
1,<environment.Job instance at 0x14e7e19055f0>,65,2,[1 6],90,106,108,16,100
1,<environment.Job instance at 0x14e7e1905d70>,66,12,[1 9],91,112,124,21,100
1,<environment.Job instance at 0x14e7d6e7e7d0>,68,1,[1 6],93,106,107,13,100
1,<environment.Job instance at 0x14e7d6e7e820>,70,2,[2 7],96,124,126,28,101
1,<environment.Job instance at 0x14e7d7d026e0>,71,3,[1 5],97,107,110,10,101
1,<environment.Job instance at 0x14e7d7d02370>,72,3,[1 6],100,114,117,14,101
1,<environment.Job instance at 0x14e7d42b9a00>,46,12,[13  2],61,117,129,56,108
1,<environment.Job instance at 0x14e7d6e61190>,74,2,[1 5],106,126,128,20,111
1,<environment.Job instance at 0x14e7d6e61820>,75,3,[5 1],107,129,132,22,111
1,<environment.Job instance at 0x14e7d6e613c0>,76,13,[10  1],108,129,142,21,113
1,<environment.Job instance at 0x14e7d6e610f0>,77,1,[6 2],109,142,143,33,114
1,<environment.Job instance at 0x14e7e1ac10a0>,78,3,[ 2 10],110,132,135,22,114
1,<environment.Job instance at 0x14e7d6e61730>,79,3,[5 2],113,135,138,22,114
1,<environment.Job instance at 0x14e7d7d0b960>,80,2,[2 8],115,138,140,23,115
1,<environment.Job instance at 0x14e7d7d0ba50>,81,3,[ 2 10],116,140,143,24,116
1,<environment.Job instance at 0x14e7d7d0b690>,82,1,[8 1],117,143,144,26,117
1,<environment.Job instance at 0x14e7d6e780f0>,85,14,[2 6],121,143,157,22,128
1,<environment.Job instance at 0x14e7d6e782d0>,87,1,[6 2],123,142,143,19,128
1,<environment.Job instance at 0x14e7d6e78be0>,86,2,[1 5],122,138,140,16,132
1,<environment.Job instance at 0x14e7d6e786e0>,88,22,[1 8],124,143,165,19,136
1,<environment.Job instance at 0x14e7d6e78e60>,91,3,[2 6],127,157,160,30,143
1,<environment.Job instance at 0x14e7d4c81a50>,92,3,[2 8],128,165,168,37,144
1,<environment.Job instance at 0x14e7d7d23410>,93,20,[7 2],129,160,180,31,151
1,<environment.Job instance at 0x14e7d6e78c30>,90,18,[1 6],126,168,186,42,157
1,<environment.Job instance at 0x14e7d7d23aa0>,98,1,[1 7],136,168,169,32,157
1,<environment.Job instance at 0x14e7d7d23e10>,99,1,[10  2],137,180,181,43,157
1,<environment.Job instance at 0x14e7d7d23b90>,100,1,[1 6],139,169,170,30,157
1,<environment.Job instance at 0x14e7d7d23730>,101,2,[2 6],142,170,172,28,157
1,<environment.Job instance at 0x14e7d7d23460>,102,24,[2 5],143,172,196,29,167
1,<environment.Job instance at 0x14e7d7d232d0>,103,13,[5 2],144,181,194,37,167
1,<environment.Job instance at 0x14e7d7d23eb0>,104,1,[2 5],146,167,168,21,167
1,<environment.Job instance at 0x14e7e1acc820>,105,1,[ 1 10],147,194,195,47,167
1,<environment.Job instance at 0x14e7e1accc30>,108,2,[ 2 10],151,195,197,44,175
1,<environment.Job instance at 0x14e7d6f39e10>,109,15,[1 9],155,197,212,42,183
1,<environment.Job instance at 0x14e7d6f395a0>,110,3,[1 6],159,186,189,27,183
1,<environment.Job instance at 0x14e7d6f39c80>,111,1,[6 1],162,185,186,23,185
1,<environment.Job instance at 0x14e7d6f39730>,112,15,[ 1 10],164,212,227,48,198
1,<environment.Job instance at 0x14e7d6e78280>,83,20,[7 2],119,198,218,79,198
1,<environment.Job instance at 0x14e7d6e90fa0>,116,3,[1 7],168,227,230,59,202
1,<environment.Job instance at 0x14e7e1accaf0>,106,16,[2 7],148,227,243,79,214
1,<environment.Job instance at 0x14e7d6e90b90>,120,2,[2 6],174,230,232,56,214
1,<environment.Job instance at 0x14e7d6e90d70>,121,1,[9 1],175,218,219,43,214
1,<environment.Job instance at 0x14e7d6e90cd0>,122,1,[1 7],176,232,233,56,214
1,<environment.Job instance at 0x14e7d6e90230>,123,12,[1 7],179,233,245,54,216
1,<environment.Job instance at 0x14e7d6e900f0>,117,2,[2 8],171,243,245,72,229
1,<environment.Job instance at 0x14e7d4c2e8c0>,4,2,[5 1],7,240,242,233,240
1,<environment.Job instance at 0x14e7d6e90e60>,119,1,[2 5],173,245,246,72,241
1,<environment.Job instance at 0x14e7d7d15eb0>,1,2,[1 8],2,2,4,0,2
1,<environment.Job instance at 0x14e7d4c2ef00>,2,2,[2 6],4,4,6,0,4
1,<environment.Job instance at 0x14e7d3b2b4b0>,4,2,[9 1],6,7,9,1,7
1,<environment.Job instance at 0x14e7d3753640>,6,3,[2 5],8,8,11,0,8
1,<environment.Job instance at 0x14e7d3753e60>,7,2,[2 5],9,9,11,0,9
1,<environment.Job instance at 0x14e7d3753910>,8,13,[1 5],10,10,23,0,10
1,<environment.Job instance at 0x14e7e1af21e0>,5,17,[2 6],7,11,28,4,10
1,<environment.Job instance at 0x14e7d3753f50>,9,1,[2 9],11,23,24,12,13
1,<environment.Job instance at 0x14e7d3753320>,12,13,[6 1],14,24,37,10,19
1,<environment.Job instance at 0x14e7d3753fa0>,10,2,[8 1],12,19,21,7,19
1,<environment.Job instance at 0x14e7d80a9910>,20,3,[2 6],25,25,28,0,25
1,<environment.Job instance at 0x14e7e06765a0>,21,18,[ 2 10],26,28,46,2,26
1,<environment.Job instance at 0x14e7d3f2e6e0>,23,2,[1 7],28,46,48,18,28
1,<environment.Job instance at 0x14e7d7c96e10>,25,2,[1 7],31,46,48,15,31
1,<environment.Job instance at 0x14e7e18e8870>,24,1,[10  1],30,37,38,7,34
1,<environment.Job instance at 0x14e7d724ec30>,27,3,[2 7],36,48,51,12,36
1,<environment.Job instance at 0x14e7d7c96c30>,28,3,[7 2],37,39,42,2,39
1,<environment.Job instance at 0x14e7d437b640>,30,3,[1 7],40,48,51,8,40
1,<environment.Job instance at 0x14e7d437beb0>,31,1,[1 7],41,51,52,10,41
1,<environment.Job instance at 0x14e7d437b910>,32,17,[1 7],42,51,68,9,42
1,<environment.Job instance at 0x14e7d437bcd0>,33,15,[13  1],43,62,77,19,62
1,<environment.Job instance at 0x14e7d437ba00>,29,3,[2 8],38,68,71,30,62
1,<environment.Job instance at 0x14e7d3dbf1e0>,37,3,[1 6],48,62,65,14,62
1,<environment.Job instance at 0x14e7d3dbfa50>,36,3,[ 1 10],46,71,74,25,62
1,<environment.Job instance at 0x14e7d70c2e10>,40,3,[2 6],52,74,77,22,62
1,<environment.Job instance at 0x14e7d374aa50>,41,2,[1 8],53,77,79,24,62
1,<environment.Job instance at 0x14e7d374af00>,43,1,[2 8],56,79,80,23,62
1,<environment.Job instance at 0x14e7d80b70f0>,44,3,[1 8],57,80,83,23,62
1,<environment.Job instance at 0x14e7d437bf50>,34,2,[8 2],44,77,79,33,62
1,<environment.Job instance at 0x14e7d374a500>,48,1,[2 7],62,79,80,17,62
1,<environment.Job instance at 0x14e7d374ae60>,47,3,[1 7],61,65,68,4,62
1,<environment.Job instance at 0x14e7d40bc5a0>,49,3,[1 5],63,80,83,17,63
1,<environment.Job instance at 0x14e7e19501e0>,50,2,[6 1],64,77,79,13,64
1,<environment.Job instance at 0x14e7e19506e0>,51,1,[7 1],66,80,81,14,72
1,<environment.Job instance at 0x14e7e1950e60>,54,2,[9 1],69,81,83,12,72
1,<environment.Job instance at 0x14e7e1950f50>,55,1,[1 7],71,83,84,12,72
1,<environment.Job instance at 0x14e7e19502d0>,56,18,[1 5],72,83,101,11,72
1,<environment.Job instance at 0x14e7e1950690>,53,3,[ 2 11],68,101,104,33,75
1,<environment.Job instance at 0x14e7e1950b90>,57,3,[7 2],75,83,86,8,76
1,<environment.Job instance at 0x14e7e1950870>,58,17,[5 2],76,84,101,8,76
1,<environment.Job instance at 0x14e7e1950320>,59,16,[6 2],77,86,102,9,80
1,<environment.Job instance at 0x14e7d725c050>,62,3,[12  2],80,102,105,22,80
1,<environment.Job instance at 0x14e7d725c230>,64,2,[9 1],82,105,107,23,82
1,<environment.Job instance at 0x14e7d725ca00>,63,3,[7 1],81,107,110,26,83
1,<environment.Job instance at 0x14e7d725cf00>,66,18,[7 2],84,107,125,23,96
1,<environment.Job instance at 0x14e7d442feb0>,67,15,[ 2 10],85,110,125,25,96
1,<environment.Job instance at 0x14e7d442fa00>,69,2,[5 2],88,105,107,17,98
1,<environment.Job instance at 0x14e7d442f190>,70,1,[6 2],89,101,102,12,100
1,<environment.Job instance at 0x14e7d442f550>,71,3,[1 6],90,104,107,14,100
1,<environment.Job instance at 0x14e7d442f870>,73,2,[1 7],92,107,109,15,100
1,<environment.Job instance at 0x14e7d442fd20>,74,18,[5 1],93,110,128,17,100
1,<environment.Job instance at 0x14e7d442f640>,75,17,[9 1],95,125,142,30,113
1,<environment.Job instance at 0x14e7d429eeb0>,76,2,[5 2],99,128,130,29,113
1,<environment.Job instance at 0x14e7d429e460>,78,1,[5 1],101,130,131,29,113
1,<environment.Job instance at 0x14e7d429edc0>,79,2,[ 1 10],104,125,127,21,113
1,<environment.Job instance at 0x14e7d429e910>,81,23,[1 9],106,127,150,21,121
1,<environment.Job instance at 0x14e7e1950190>,61,2,[7 1],79,142,144,63,122
1,<environment.Job instance at 0x14e7d7fbe410>,85,2,[1 5],115,131,133,16,122
1,<environment.Job instance at 0x14e7d429efa0>,84,1,[9 1],111,144,145,33,129
1,<environment.Job instance at 0x14e7d7fbe730>,88,3,[ 1 10],120,150,153,30,134
1,<environment.Job instance at 0x14e7d7fbe0a0>,89,3,[10  2],121,145,148,24,134
1,<environment.Job instance at 0x14e7d7fbebe0>,90,16,[1 8],122,153,169,31,140
1,<environment.Job instance at 0x14e7d7fbe7d0>,91,3,[10  1],123,148,151,25,140
1,<environment.Job instance at 0x14e7d7fbec80>,92,1,[1 9],125,169,170,44,141
1,<environment.Job instance at 0x14e7d7fbe320>,93,15,[9 1],126,151,166,25,141
1,<environment.Job instance at 0x14e7d7fbeaf0>,94,2,[7 2],127,142,144,15,141
1,<environment.Job instance at 0x14e7d7fbeeb0>,95,1,[ 2 10],128,170,171,42,142
1,<environment.Job instance at 0x14e7d7fbe960>,96,18,[8 1],129,166,184,37,155
1,<environment.Job instance at 0x14e7d7fbe2d0>,97,2,[5 1],130,155,157,25,155
1,<environment.Job instance at 0x14e7e18bdc30>,99,2,[7 2],134,171,173,37,155
1,<environment.Job instance at 0x14e7e18bd370>,100,2,[6 2],137,166,168,29,155
1,<environment.Job instance at 0x14e7e18bd410>,101,3,[6 1],138,173,176,35,155
1,<environment.Job instance at 0x14e7e18bd730>,103,19,[7 2],141,176,195,35,166
1,<environment.Job instance at 0x14e7d3a3bc80>,104,3,[1 5],143,173,176,30,167
1,<environment.Job instance at 0x14e7d3a3be10>,105,27,[1 8],145,184,211,39,182
1,<environment.Job instance at 0x14e7d3a3b5a0>,106,3,[2 7],148,195,198,47,182
1,<environment.Job instance at 0x14e7d3a3bbe0>,107,3,[6 1],149,184,187,35,182
1,<environment.Job instance at 0x14e7d3a3baf0>,108,3,[ 1 10],151,211,214,60,185
1,<environment.Job instance at 0x14e7d3a3bfa0>,109,3,[8 2],152,198,201,46,185
1,<environment.Job instance at 0x14e7d3a3b230>,110,1,[2 5],153,187,188,34,185
1,<environment.Job instance at 0x14e7d3a3b2d0>,111,1,[2 8],154,214,215,60,186
1,<environment.Job instance at 0x14e7d40b3320>,112,12,[ 1 13],156,215,227,59,198
1,<environment.Job instance at 0x14e7d40b3500>,113,3,[1 9],159,227,230,68,201
1,<environment.Job instance at 0x14e7d40b3820>,114,2,[10  1],160,201,203,41,201
1,<environment.Job instance at 0x14e7d40b3c30>,115,1,[5 2],161,203,204,42,201
1,<environment.Job instance at 0x14e7d40b3230>,116,1,[6 2],162,203,204,41,201
1,<environment.Job instance at 0x14e7d40b3dc0>,117,1,[9 1],163,204,205,41,201
1,<environment.Job instance at 0x14e7d4239870>,118,3,[1 5],165,204,207,39,201
1,<environment.Job instance at 0x14e7d4239690>,119,3,[10  1],166,205,208,39,201
1,<environment.Job instance at 0x14e7d4239410>,120,3,[10  1],167,208,211,41,201
1,<environment.Job instance at 0x14e7d42397d0>,121,1,[ 1 10],168,230,231,62,202
1,<environment.Job instance at 0x14e7d42392d0>,122,3,[8 2],170,211,214,41,202
1,<environment.Job instance at 0x14e7d4239f50>,124,16,[2 7],176,231,247,55,218
1,<environment.Job instance at 0x14e7d42395a0>,125,2,[ 2 10],177,247,249,70,220
1,<environment.Job instance at 0x14e7d42393c0>,127,3,[ 2 10],179,249,252,70,223
1,<environment.Job instance at 0x14e7d4c02b90>,17,23,[5 1],19,232,255,213,232
1,<environment.Job instance at 0x14e7d7c730f0>,2,2,[1 6],5,6,8,1,6
1,<environment.Job instance at 0x14e7d4bcb2d0>,5,22,[ 1 11],8,8,30,0,8
1,<environment.Job instance at 0x14e7d4bcbf00>,6,2,[2 6],9,30,32,21,9
1,<environment.Job instance at 0x14e7e26a7fa0>,13,1,[ 2 10],18,32,33,14,18
1,<environment.Job instance at 0x14e7d937a3c0>,11,2,[ 1 10],15,33,35,18,18
1,<environment.Job instance at 0x14e7e26a7be0>,16,3,[2 8],23,35,38,12,23
1,<environment.Job instance at 0x14e7e26a7550>,18,2,[2 7],28,30,32,2,28
1,<environment.Job instance at 0x14e7e26a7f50>,17,3,[1 7],25,35,38,10,31
1,<environment.Job instance at 0x14e7d37636e0>,20,18,[2 7],32,38,56,6,32
1,<environment.Job instance at 0x14e7d37637d0>,21,14,[2 9],34,56,70,22,41
1,<environment.Job instance at 0x14e7d3ed5050>,26,1,[1 8],40,41,42,1,41
1,<environment.Job instance at 0x14e7d3ed5910>,27,1,[1 6],41,42,43,1,41
1,<environment.Job instance at 0x14e7d374c0a0>,28,1,[10  1],42,42,43,0,42
1,<environment.Job instance at 0x14e7d6ef8c80>,34,1,[10  1],52,62,63,10,62
1,<environment.Job instance at 0x14e7d4c2e500>,35,19,[2 9],54,70,89,16,62
1,<environment.Job instance at 0x14e7d7ccf0a0>,25,17,[1 6],39,72,89,33,72
1,<environment.Job instance at 0x14e7d6ef8fa0>,33,2,[ 1 12],49,89,91,40,80
1,<environment.Job instance at 0x14e7d4c2eaf0>,39,16,[2 8],59,91,107,32,80
1,<environment.Job instance at 0x14e7d4c2ed20>,37,3,[10  2],56,89,92,33,80
1,<environment.Job instance at 0x14e7d4c2edc0>,41,3,[2 9],61,107,110,46,81
1,<environment.Job instance at 0x14e7d4c2ed70>,43,2,[1 8],64,110,112,46,89
1,<environment.Job instance at 0x14e7d4c2e5f0>,44,1,[2 8],65,112,113,47,90
1,<environment.Job instance at 0x14e7d4c2ec30>,47,3,[2 6],68,95,98,27,95
1,<environment.Job instance at 0x14e7e1ae6910>,48,2,[ 2 10],70,113,115,43,95
1,<environment.Job instance at 0x14e7d4c2ea00>,42,12,[2 9],63,115,127,52,98
1,<environment.Job instance at 0x14e7d4c2e820>,38,2,[5 1],57,109,111,52,109
1,<environment.Job instance at 0x14e7d4b726e0>,52,1,[1 8],75,127,128,52,109
1,<environment.Job instance at 0x14e7d6eeac30>,53,1,[8 2],78,111,112,33,111
1,<environment.Job instance at 0x14e7d6eea140>,54,2,[7 2],79,112,114,33,112
1,<environment.Job instance at 0x14e7d6eea320>,55,1,[1 8],80,128,129,48,112
1,<environment.Job instance at 0x14e7d6eeafa0>,56,1,[2 9],81,129,130,48,112
1,<environment.Job instance at 0x14e7d6eea3c0>,59,15,[1 5],86,116,131,30,116
1,<environment.Job instance at 0x14e7d4b72550>,50,16,[ 1 10],73,130,146,57,118
1,<environment.Job instance at 0x14e7d4043550>,67,1,[7 1],100,119,120,19,119
1,<environment.Job instance at 0x14e7d40430f0>,68,13,[6 2],101,131,144,30,119
1,<environment.Job instance at 0x14e7d40434b0>,69,1,[6 1],103,120,121,17,120
1,<environment.Job instance at 0x14e7d4043f00>,70,1,[2 8],104,146,147,42,120
1,<environment.Job instance at 0x14e7d4043410>,71,2,[2 6],106,146,148,40,120
1,<environment.Job instance at 0x14e7d4043320>,72,1,[1 8],107,147,148,40,120
1,<environment.Job instance at 0x14e7d40431e0>,73,3,[8 1],108,121,124,13,120
1,<environment.Job instance at 0x14e7d4043910>,74,3,[5 2],109,131,134,22,120
1,<environment.Job instance at 0x14e7d4043690>,75,2,[10  1],110,124,126,14,121
1,<environment.Job instance at 0x14e7d4043c30>,76,1,[7 2],111,127,128,16,121
1,<environment.Job instance at 0x14e7d40439b0>,77,3,[1 9],112,148,151,36,122
1,<environment.Job instance at 0x14e7d3ed5280>,23,1,[7 2],37,128,129,91,122
1,<environment.Job instance at 0x14e7d4043a50>,66,1,[7 1],99,126,127,27,123
1,<environment.Job instance at 0x14e7e1aef460>,80,14,[2 8],115,151,165,36,136
1,<environment.Job instance at 0x14e7e1aef050>,78,3,[1 5],113,148,151,35,139
1,<environment.Job instance at 0x14e7e1aef370>,83,1,[10  1],119,145,146,26,145
1,<environment.Job instance at 0x14e7e1aef500>,84,2,[10  2],121,151,153,30,145
1,<environment.Job instance at 0x14e7e259dbe0>,85,3,[ 1 13],122,165,168,43,145
1,<environment.Job instance at 0x14e7e259d7d0>,86,2,[9 2],123,153,155,30,145
1,<environment.Job instance at 0x14e7e259d280>,88,1,[1 8],125,168,169,43,150
1,<environment.Job instance at 0x14e7e259de10>,89,1,[8 1],126,150,151,24,150
1,<environment.Job instance at 0x14e7e259d8c0>,90,15,[1 6],127,168,183,41,154
1,<environment.Job instance at 0x14e7e259d0f0>,92,18,[7 2],131,169,187,38,158
1,<environment.Job instance at 0x14e7e259d410>,93,18,[5 2],133,169,187,36,158
1,<environment.Job instance at 0x14e7e259d870>,94,1,[2 7],134,158,159,24,158
1,<environment.Job instance at 0x14e7e259d4b0>,95,3,[8 2],136,159,162,23,158
1,<environment.Job instance at 0x14e7d575b550>,96,3,[1 9],138,183,186,45,158
1,<environment.Job instance at 0x14e7d575bdc0>,97,3,[5 1],139,159,162,20,158
1,<environment.Job instance at 0x14e7d575b410>,98,1,[2 5],141,162,163,21,158
1,<environment.Job instance at 0x14e7d575b690>,99,1,[7 2],142,162,163,20,158
1,<environment.Job instance at 0x14e7d575bfa0>,100,1,[1 9],143,186,187,43,158
1,<environment.Job instance at 0x14e7d575b460>,101,2,[1 5],144,163,165,19,158
1,<environment.Job instance at 0x14e7d575b320>,103,1,[ 2 10],146,187,188,41,159
1,<environment.Job instance at 0x14e7d575beb0>,104,3,[8 1],147,163,166,16,159
1,<environment.Job instance at 0x14e7d4043820>,65,2,[12  1],98,187,189,89,177
1,<environment.Job instance at 0x14e7d575b0a0>,105,15,[6 1],148,189,204,41,183
1,<environment.Job instance at 0x14e7d7cfb1e0>,114,2,[ 2 10],158,188,190,30,183
1,<environment.Job instance at 0x14e7d6f4b230>,116,3,[13  1],160,204,207,44,184
1,<environment.Job instance at 0x14e7d6f4b7d0>,117,2,[1 6],162,190,192,28,184
1,<environment.Job instance at 0x14e7d6f4b8c0>,118,1,[2 6],163,190,191,27,184
1,<environment.Job instance at 0x14e7d6f4b2d0>,119,2,[8 1],164,191,193,27,184
1,<environment.Job instance at 0x14e7d6f4b0f0>,120,27,[8 1],165,207,234,42,205
1,<environment.Job instance at 0x14e7d6f4b190>,121,2,[1 9],167,205,207,38,205
1,<environment.Job instance at 0x14e7d6f4b140>,122,2,[5 1],168,207,209,39,205
1,<environment.Job instance at 0x14e7d6f4ba00>,123,3,[ 1 14],169,209,212,40,205
1,<environment.Job instance at 0x14e7d6f4b0a0>,124,2,[8 2],170,234,236,64,207
1,<environment.Job instance at 0x14e7d6f4bcd0>,126,1,[7 2],173,212,213,39,207
1,<environment.Job instance at 0x14e7d6f4b5f0>,127,14,[1 6],176,213,227,37,207
1,<environment.Job instance at 0x14e7d6f4bdc0>,128,12,[2 9],177,227,239,50,210
1,<environment.Job instance at 0x14639e329e60>,2,18,[ 1 10],5,5,23,0,5
1,<environment.Job instance at 0x1463488ae730>,7,3,[5 1],10,12,15,2,12
1,<environment.Job instance at 0x146348d862d0>,11,28,[1 9],15,23,51,8,22
1,<environment.Job instance at 0x146348d20280>,13,13,[1 5],17,29,42,12,29
1,<environment.Job instance at 0x146348d598c0>,21,22,[8 2],28,42,64,14,35
1,<environment.Job instance at 0x146348d5bb40>,22,3,[2 6],29,51,54,22,35
1,<environment.Job instance at 0x146348d50820>,23,3,[7 2],30,54,57,24,35
1,<environment.Job instance at 0x146348d50c80>,24,20,[ 1 10],32,57,77,25,48
1,<environment.Job instance at 0x146348d57320>,25,1,[6 1],34,48,49,14,48
1,<environment.Job instance at 0x146348d56c80>,26,3,[9 1],36,64,67,28,48
1,<environment.Job instance at 0x14634864a410>,27,3,[2 8],37,77,80,40,51
1,<environment.Job instance at 0x146348d57370>,28,2,[1 9],38,80,82,42,53
1,<environment.Job instance at 0x146348648a00>,30,3,[1 8],41,82,85,41,56
1,<environment.Job instance at 0x146348d70af0>,12,3,[6 2],16,57,60,41,56
1,<environment.Job instance at 0x146348648be0>,34,3,[9 2],45,67,70,22,56
1,<environment.Job instance at 0x146348648cd0>,35,3,[10  2],47,70,73,23,56
1,<environment.Job instance at 0x146348648d70>,37,2,[2 7],49,77,79,28,68
1,<environment.Job instance at 0x146348648820>,39,14,[2 5],51,79,93,28,69
1,<environment.Job instance at 0x146348d708c0>,8,13,[ 2 10],11,85,98,74,69
1,<environment.Job instance at 0x146348648460>,36,3,[1 6],48,98,101,50,72
1,<environment.Job instance at 0x146348d58f00>,42,3,[1 6],55,98,101,43,72
1,<environment.Job instance at 0x1463488c4b90>,43,2,[2 8],56,101,103,45,74
1,<environment.Job instance at 0x1463488c4460>,44,1,[2 9],57,103,104,46,75
1,<environment.Job instance at 0x1463488c4fa0>,45,2,[2 5],58,75,77,17,75
1,<environment.Job instance at 0x146348647d70>,46,1,[1 7],59,101,102,42,75
1,<environment.Job instance at 0x146348648730>,40,1,[8 1],53,79,80,26,79
1,<environment.Job instance at 0x146348647be0>,48,15,[ 2 10],61,104,119,43,90
1,<environment.Job instance at 0x146348647b40>,49,1,[ 1 10],67,119,120,52,91
1,<environment.Job instance at 0x146348647f00>,50,1,[1 8],68,120,121,52,92
1,<environment.Job instance at 0x146348647fa0>,47,14,[5 1],60,102,116,42,92
1,<environment.Job instance at 0x1463488b4230>,53,1,[7 2],72,93,94,21,92
1,<environment.Job instance at 0x1463488c3fa0>,54,2,[10  1],74,94,96,20,92
1,<environment.Job instance at 0x1463488c38c0>,55,2,[2 7],75,120,122,45,93
1,<environment.Job instance at 0x146348d6aeb0>,41,1,[ 1 10],54,122,123,68,107
1,<environment.Job instance at 0x1463488b46e0>,52,1,[8 1],70,108,109,38,108
1,<environment.Job instance at 0x146348d7d960>,59,2,[12  2],85,116,118,31,111
1,<environment.Job instance at 0x146348d7b0a0>,60,17,[ 1 10],86,123,140,37,111
1,<environment.Job instance at 0x146348d7b0f0>,62,2,[1 5],89,118,120,29,111
1,<environment.Job instance at 0x1463488c0fa0>,63,2,[7 2],90,111,113,21,111
1,<environment.Job instance at 0x1463488c0820>,64,18,[1 7],91,140,158,49,129
1,<environment.Job instance at 0x1463488c0f00>,65,2,[2 7],93,140,142,47,129
1,<environment.Job instance at 0x146348651280>,66,2,[9 2],94,129,131,35,129
1,<environment.Job instance at 0x146348651370>,67,15,[1 9],95,158,173,63,144
1,<environment.Job instance at 0x146348651410>,68,1,[1 5],98,144,145,46,144
1,<environment.Job instance at 0x146348651320>,69,1,[10  2],101,144,145,43,144
1,<environment.Job instance at 0x146348651550>,70,1,[8 1],102,145,146,43,144
1,<environment.Job instance at 0x146348651690>,71,2,[1 6],103,145,147,42,144
1,<environment.Job instance at 0x146348651500>,72,2,[2 6],106,147,149,41,144
1,<environment.Job instance at 0x1463486516e0>,73,1,[8 1],107,146,147,39,144
1,<environment.Job instance at 0x146348651910>,74,2,[1 5],108,149,151,41,144
1,<environment.Job instance at 0x146348651b40>,76,3,[2 8],111,151,154,40,144
1,<environment.Job instance at 0x146348651e60>,77,2,[10  2],113,147,149,34,144
1,<environment.Job instance at 0x146348651dc0>,78,3,[8 1],117,154,157,37,144
1,<environment.Job instance at 0x146348651a50>,81,12,[1 7],121,173,185,52,156
1,<environment.Job instance at 0x1463488ba730>,56,18,[1 7],79,173,191,94,162
1,<environment.Job instance at 0x146348658370>,83,2,[9 1],123,162,164,39,162
1,<environment.Job instance at 0x146348658410>,84,18,[2 5],124,185,203,61,174
1,<environment.Job instance at 0x1463486580f0>,86,3,[2 5],127,191,194,64,174
1,<environment.Job instance at 0x1463486585a0>,87,3,[8 1],128,174,177,46,174
1,<environment.Job instance at 0x146348658690>,88,3,[1 6],129,194,197,65,174
1,<environment.Job instance at 0x146348658910>,89,15,[6 2],132,185,200,53,174
1,<environment.Job instance at 0x1463488bad70>,57,3,[1 9],80,200,203,120,174
1,<environment.Job instance at 0x146348658780>,91,1,[5 2],134,191,192,57,174
1,<environment.Job instance at 0x146348658820>,90,1,[5 2],133,192,193,59,178
1,<environment.Job instance at 0x1463486584b0>,85,2,[1 5],125,197,199,72,186
1,<environment.Job instance at 0x146348658280>,94,1,[ 2 10],138,203,204,65,186
1,<environment.Job instance at 0x146348658960>,96,1,[2 5],143,199,200,56,188
1,<environment.Job instance at 0x14634865b370>,97,2,[1 7],145,204,206,59,188
1,<environment.Job instance at 0x14634865b7d0>,99,3,[2 9],148,206,209,58,188
1,<environment.Job instance at 0x14634865b9b0>,102,1,[1 8],154,204,205,50,194
1,<environment.Job instance at 0x14634865ba50>,103,2,[2 5],156,205,207,49,194
1,<environment.Job instance at 0x14634865b960>,104,13,[12  2],158,207,220,49,203
1,<environment.Job instance at 0x14634865be10>,107,2,[7 2],161,220,222,59,203
1,<environment.Job instance at 0x14634865beb0>,108,3,[1 7],162,209,212,47,203
1,<environment.Job instance at 0x14634865bfa0>,109,2,[2 8],163,212,214,49,203
1,<environment.Job instance at 0x146348658a50>,92,16,[1 9],136,214,230,78,203
1,<environment.Job instance at 0x14634865be60>,110,3,[1 5],164,209,212,45,203
1,<environment.Job instance at 0x14634865c0f0>,113,3,[2 7],168,230,233,62,204
1,<environment.Job instance at 0x14634865c320>,114,2,[ 2 10],170,233,235,63,206
1,<environment.Job instance at 0x146348658af0>,93,18,[1 5],137,222,240,85,211
1,<environment.Job instance at 0x14634865c6e0>,116,3,[10  2],175,230,233,55,217
1,<environment.Job instance at 0x14634865ccd0>,119,18,[2 5],180,235,253,55,224
1,<environment.Job instance at 0x14634865ca50>,117,16,[6 1],177,235,251,58,224
1,<environment.Job instance at 0x14634865cd70>,121,1,[1 6],182,240,241,58,228
1,<environment.Job instance at 0x14634865ceb0>,123,17,[1 5],184,241,258,57,229
1,<environment.Job instance at 0x14634865cf50>,124,1,[1 8],185,253,254,68,233
1,<environment.Job instance at 0x14634865cf00>,125,1,[1 9],186,254,255,68,233
1,<environment.Job instance at 0x146348660280>,126,3,[ 1 10],187,255,258,68,233
1,<environment.Job instance at 0x146348660690>,127,2,[5 1],189,235,237,46,233
1,<environment.Job instance at 0x14634865cbe0>,120,1,[5 2],181,247,248,66,247
1,<environment.Job instance at 0x146348663c30>,1,1,[ 1 10],2,2,3,0,2
1,<environment.Job instance at 0x14634865caa0>,3,3,[1 8],4,4,7,0,4
1,<environment.Job instance at 0x14634865cbe0>,4,18,[ 2 10],6,7,25,1,6
1,<environment.Job instance at 0x146375e7d2d0>,8,2,[2 5],11,21,23,10,21
1,<environment.Job instance at 0x14637670ac80>,13,18,[ 1 10],27,27,45,0,27
1,<environment.Job instance at 0x14637670a9b0>,14,26,[2 5],28,30,56,2,30
1,<environment.Job instance at 0x14637670ae10>,16,1,[10  1],30,45,46,15,41
1,<environment.Job instance at 0x14637670a2d0>,17,2,[5 2],31,46,48,15,41
1,<environment.Job instance at 0x14637670adc0>,15,3,[9 2],29,48,51,19,41
1,<environment.Job instance at 0x14637670a370>,20,25,[1 8],35,45,70,10,41
1,<environment.Job instance at 0x14637670af00>,19,1,[8 2],34,51,52,17,45
1,<environment.Job instance at 0x14637670a730>,23,13,[ 2 10],41,70,83,29,54
1,<environment.Job instance at 0x14637670a140>,24,3,[1 6],42,56,59,14,54
1,<environment.Job instance at 0x146375b39280>,25,2,[1 6],43,59,61,16,54
1,<environment.Job instance at 0x146375b39230>,26,2,[1 7],44,61,63,17,54
1,<environment.Job instance at 0x146375b39960>,27,22,[2 7],45,83,105,38,76
1,<environment.Job instance at 0x146375b39640>,28,1,[5 1],47,76,77,29,76
1,<environment.Job instance at 0x146375b39f50>,29,2,[2 8],48,83,85,35,76
1,<environment.Job instance at 0x146375b391e0>,30,18,[2 8],49,85,103,36,76
1,<environment.Job instance at 0x146375b39550>,31,2,[9 2],50,77,79,27,76
1,<environment.Job instance at 0x146375b393c0>,32,2,[6 1],52,79,81,27,76
1,<environment.Job instance at 0x146375b39e10>,33,1,[10  1],53,81,82,28,76
1,<environment.Job instance at 0x146375b39af0>,34,2,[6 1],54,79,81,25,76
1,<environment.Job instance at 0x146375b397d0>,35,13,[2 9],55,105,118,50,89
1,<environment.Job instance at 0x146375b395f0>,36,3,[9 1],59,103,106,44,89
1,<environment.Job instance at 0x146375b392d0>,37,3,[1 7],60,118,121,58,92
1,<environment.Job instance at 0x146375b39730>,38,3,[10  1],61,106,109,45,92
1,<environment.Job instance at 0x146375b39690>,39,2,[1 5],62,103,105,41,92
1,<environment.Job instance at 0x146375bf9690>,40,15,[ 1 10],65,121,136,56,107
1,<environment.Job instance at 0x14637670a320>,10,3,[11  1],13,109,112,96,107
1,<environment.Job instance at 0x146375bf9960>,43,2,[1 8],71,118,120,47,107
1,<environment.Job instance at 0x146375bf96e0>,44,1,[1 6],72,112,113,40,107
1,<environment.Job instance at 0x146375bf9280>,42,1,[7 1],69,113,114,44,107
1,<environment.Job instance at 0x146375bf9910>,47,2,[5 2],75,113,115,38,107
1,<environment.Job instance at 0x146375bf95f0>,48,3,[1 8],77,136,139,59,110
1,<environment.Job instance at 0x146375bf9140>,46,2,[8 2],74,114,116,40,110
1,<environment.Job instance at 0x146375bf97d0>,50,2,[2 7],81,136,138,55,110
1,<environment.Job instance at 0x146375bf9d70>,51,3,[ 2 10],83,139,142,56,113
1,<environment.Job instance at 0x146375bf9a50>,52,1,[1 5],84,116,117,32,113
1,<environment.Job instance at 0x146375bf9c30>,53,2,[1 9],85,142,144,57,115
1,<environment.Job instance at 0x146375ea7c30>,54,17,[1 7],86,144,161,58,132
1,<environment.Job instance at 0x146375ea7550>,55,2,[5 2],88,132,134,44,132
1,<environment.Job instance at 0x146375ea7780>,56,2,[1 5],89,134,136,45,132
1,<environment.Job instance at 0x146375ea7050>,57,1,[7 2],90,132,133,42,132
1,<environment.Job instance at 0x146375ea7be0>,58,3,[8 2],92,138,141,46,132
1,<environment.Job instance at 0x146375ea7aa0>,59,3,[5 2],93,138,141,45,132
1,<environment.Job instance at 0x146375ea76e0>,60,2,[2 5],95,141,143,46,132
1,<environment.Job instance at 0x146375ea7af0>,61,14,[ 1 10],96,161,175,65,146
1,<environment.Job instance at 0x146375bf9c80>,49,2,[5 2],79,146,148,67,146
1,<environment.Job instance at 0x146375ea7eb0>,63,3,[2 5],98,146,149,48,146
1,<environment.Job instance at 0x146375ea7e60>,64,14,[2 5],99,149,163,50,146
1,<environment.Job instance at 0x146375ea7410>,62,1,[6 2],97,148,149,51,146
1,<environment.Job instance at 0x146375ea70f0>,66,2,[1 8],101,175,177,74,148
1,<environment.Job instance at 0x146375ea72d0>,67,2,[12  1],102,149,151,47,148
1,<environment.Job instance at 0x146375ea7370>,68,3,[9 2],103,151,154,48,148
1,<environment.Job instance at 0x146375ea7a00>,69,27,[5 1],104,163,190,59,161
1,<environment.Job instance at 0x146375ea73c0>,71,17,[1 9],106,177,194,71,165
1,<environment.Job instance at 0x146375ea7230>,72,2,[5 1],107,175,177,68,175
1,<environment.Job instance at 0x146375c4d3c0>,73,1,[6 1],109,177,178,68,175
1,<environment.Job instance at 0x146375c4df00>,74,1,[8 1],111,178,179,67,176
1,<environment.Job instance at 0x146375c4d5a0>,76,18,[6 2],113,179,197,66,178
1,<environment.Job instance at 0x146375c4dc80>,78,1,[6 2],118,190,191,72,178
1,<environment.Job instance at 0x146375c73a50>,79,15,[2 7],119,194,209,75,180
1,<environment.Job instance at 0x146375c4d550>,80,2,[2 8],120,197,199,77,180
1,<environment.Job instance at 0x146375c73d20>,81,12,[1 9],121,209,221,88,192
1,<environment.Job instance at 0x146375c73640>,82,14,[ 2 10],122,221,235,99,206
1,<environment.Job instance at 0x146375ea7fa0>,65,2,[7 1],100,206,208,106,206
1,<environment.Job instance at 0x146375c73460>,84,3,[8 2],124,208,211,84,206
1,<environment.Job instance at 0x146375c73820>,85,1,[6 2],126,206,207,80,206
1,<environment.Job instance at 0x146375c73190>,86,2,[1 6],128,207,209,79,206
1,<environment.Job instance at 0x146375c73c80>,83,2,[6 2],123,209,211,86,206
1,<environment.Job instance at 0x146375c73aa0>,88,2,[ 1 10],131,235,237,104,208
1,<environment.Job instance at 0x146375c60140>,89,2,[6 1],132,211,213,79,208
1,<environment.Job instance at 0x146375c60f00>,90,2,[10  2],133,213,215,80,208
1,<environment.Job instance at 0x146375c60b90>,91,3,[2 6],134,215,218,81,208
1,<environment.Job instance at 0x146375c60f50>,92,2,[7 2],136,211,213,75,208
1,<environment.Job instance at 0x146375c603c0>,93,1,[9 1],138,218,219,80,208
1,<environment.Job instance at 0x146375c60780>,94,3,[1 9],139,237,240,98,211
1,<environment.Job instance at 0x146375c606e0>,95,26,[1 7],140,240,266,100,237
1,<environment.Job instance at 0x146375c60fa0>,96,2,[6 2],141,237,239,96,237
1,<environment.Job instance at 0x146375c60410>,97,2,[2 6],144,239,241,95,237
1,<environment.Job instance at 0x146375c60500>,98,1,[1 7],145,241,242,96,237
1,<environment.Job instance at 0x146375c60dc0>,99,2,[10  2],146,242,244,96,237
1,<environment.Job instance at 0x146375ae7d20>,100,2,[6 2],147,237,239,90,237
1,<environment.Job instance at 0x14638402c6e0>,101,2,[10  1],148,240,242,92,237
1,<environment.Job instance at 0x146375b5a7d0>,102,1,[7 2],149,244,245,95,237
1,<environment.Job instance at 0x146375b5a140>,103,3,[6 2],150,244,247,94,237
1,<environment.Job instance at 0x146375e88280>,104,3,[1 9],151,266,269,115,240
1,<environment.Job instance at 0x146375ad3460>,105,3,[13  2],152,247,250,95,240
1,<environment.Job instance at 0x146375ad3640>,106,2,[8 1],153,245,247,92,240
1,<environment.Job instance at 0x146375ad3a00>,107,14,[ 2 10],154,269,283,115,254
1,<environment.Job instance at 0x1463767aec80>,108,14,[6 1],155,254,268,99,254
1,<environment.Job instance at 0x1463840dd4b0>,112,25,[2 6],161,283,308,122,279
1,<environment.Job instance at 0x146375ad35a0>,113,2,[2 8],162,283,285,121,279
1,<environment.Job instance at 0x146375c34820>,114,2,[1 5],163,279,281,116,279
1,<environment.Job instance at 0x146375c34780>,115,3,[10  2],164,285,288,121,279
1,<environment.Job instance at 0x146375c34b40>,116,3,[2 5],166,285,288,119,279
1,<environment.Job instance at 0x14637676ec80>,117,3,[2 5],169,288,291,119,279
1,<environment.Job instance at 0x146375c34050>,118,17,[1 7],172,291,308,119,279
1,<environment.Job instance at 0x146375bb4dc0>,119,1,[1 5],176,281,282,105,279
1,<environment.Job instance at 0x146375c2f690>,120,2,[5 1],179,282,284,103,279
1,<environment.Job instance at 0x146375c2f370>,121,1,[1 7],180,308,309,128,280
1,<environment.Job instance at 0x146375b565f0>,123,12,[1 8],182,308,320,126,291
1,<environment.Job instance at 0x146376735dc0>,124,3,[1 6],184,309,312,125,291
1,<environment.Job instance at 0x146376735280>,125,1,[ 1 13],185,320,321,135,292
1,<environment.Job instance at 0x146376735960>,126,2,[1 5],186,312,314,126,292
1,<environment.Job instance at 0x146376735e10>,127,16,[1 7],187,321,337,134,308
1,<environment.Job instance at 0x146376735780>,128,2,[10  1],188,309,311,121,308
1,<environment.Job instance at 0x146376735780>,3,1,[8 1],5,5,6,0,5
1,<environment.Job instance at 0x146347f25b90>,4,1,[9 1],6,7,8,1,7
1,<environment.Job instance at 0x14634af7df00>,9,1,[8 1],13,13,14,0,13
1,<environment.Job instance at 0x14634b44d3c0>,10,22,[1 7],14,14,36,0,14
1,<environment.Job instance at 0x1463841190f0>,11,13,[9 2],17,17,30,0,17
1,<environment.Job instance at 0x1463741c9a50>,5,18,[1 8],7,30,48,23,19
1,<environment.Job instance at 0x146348388960>,14,1,[1 8],24,48,49,24,24
1,<environment.Job instance at 0x146348388be0>,16,3,[1 5],26,26,29,0,26
1,<environment.Job instance at 0x14634bddc5a0>,18,3,[7 2],30,36,39,6,32
1,<environment.Job instance at 0x146347ee4e60>,25,1,[1 7],40,47,48,7,47
1,<environment.Job instance at 0x146347ee4730>,26,16,[1 5],41,48,64,7,47
1,<environment.Job instance at 0x146347ee40f0>,27,2,[9 2],42,74,76,32,74
1,<environment.Job instance at 0x146384059c30>,34,1,[7 2],51,76,77,25,74
1,<environment.Job instance at 0x1463480bbd20>,35,15,[7 2],52,76,91,24,75
1,<environment.Job instance at 0x1463480bb7d0>,37,22,[7 2],55,78,100,23,78
1,<environment.Job instance at 0x1463480bb1e0>,38,1,[2 7],56,92,93,36,92
1,<environment.Job instance at 0x1463480bb730>,40,14,[ 1 10],59,93,107,34,92
1,<environment.Job instance at 0x1463480bb190>,41,2,[2 8],63,107,109,44,92
1,<environment.Job instance at 0x14634bddc7d0>,19,1,[2 8],31,109,110,78,92
1,<environment.Job instance at 0x1463480bb690>,44,3,[10  2],66,100,103,34,92
1,<environment.Job instance at 0x1463480bb460>,45,15,[7 1],67,103,118,36,92
1,<environment.Job instance at 0x1463767a26e0>,46,2,[2 6],68,107,109,39,99
1,<environment.Job instance at 0x146347ef1eb0>,47,2,[6 1],69,103,105,34,100
1,<environment.Job instance at 0x14634bd85fa0>,49,2,[5 2],72,105,107,33,102
1,<environment.Job instance at 0x146347f8a370>,50,2,[2 7],73,110,112,37,102
1,<environment.Job instance at 0x14634bf0bcd0>,51,3,[1 8],74,112,115,38,102
1,<environment.Job instance at 0x14634bd19050>,48,3,[2 8],71,115,118,44,108
1,<environment.Job instance at 0x14634bd29370>,52,22,[9 1],75,118,140,43,111
1,<environment.Job instance at 0x14634b3b1e10>,55,2,[ 1 10],79,118,120,39,116
1,<environment.Job instance at 0x14634b3b1190>,56,3,[2 7],80,120,123,40,116
1,<environment.Job instance at 0x146347ec8c30>,58,3,[ 2 12],82,123,126,41,116
1,<environment.Job instance at 0x1463480bbaa0>,36,1,[13  1],53,140,141,87,118
1,<environment.Job instance at 0x146347f90dc0>,61,2,[1 6],87,120,122,33,118
1,<environment.Job instance at 0x146347f90820>,63,18,[2 8],89,126,144,37,118
1,<environment.Job instance at 0x146347f90e60>,62,1,[12  1],88,141,142,53,118
1,<environment.Job instance at 0x14634b40ac80>,65,2,[2 5],94,126,128,32,118
1,<environment.Job instance at 0x14634b40a960>,66,1,[5 2],95,118,119,23,118
1,<environment.Job instance at 0x146347f8ca00>,70,1,[1 5],99,135,136,36,135
1,<environment.Job instance at 0x146347ee8f50>,71,1,[8 1],102,142,143,40,135
1,<environment.Job instance at 0x146347ee87d0>,72,2,[7 1],103,143,145,40,136
1,<environment.Job instance at 0x146347ee80a0>,73,2,[2 7],104,144,146,40,136
1,<environment.Job instance at 0x146347ee8eb0>,74,1,[5 2],105,142,143,37,136
1,<environment.Job instance at 0x146347ee8460>,75,1,[1 5],108,136,137,28,136
1,<environment.Job instance at 0x146347e8a7d0>,78,2,[2 6],111,153,155,42,153
1,<environment.Job instance at 0x146347e8a050>,79,1,[7 1],112,153,154,41,153
1,<environment.Job instance at 0x146347e8af50>,80,13,[1 8],113,153,166,40,153
1,<environment.Job instance at 0x146347f78d70>,81,3,[ 2 10],114,166,169,52,153
1,<environment.Job instance at 0x146347f78230>,82,1,[1 7],115,155,156,40,153
1,<environment.Job instance at 0x146347f78410>,83,18,[2 7],119,169,187,50,158
1,<environment.Job instance at 0x146347ff6870>,97,1,[1 5],139,179,180,40,179
1,<environment.Job instance at 0x146347ff6be0>,99,15,[5 2],143,179,194,36,179
1,<environment.Job instance at 0x146347f322d0>,85,1,[2 9],122,187,188,65,179
1,<environment.Job instance at 0x146347ff6c80>,101,1,[2 8],147,188,189,41,179
1,<environment.Job instance at 0x146347ff6140>,102,2,[7 2],150,180,182,30,179
1,<environment.Job instance at 0x146347ff6050>,100,2,[10  1],146,189,191,43,179
1,<environment.Job instance at 0x146347ff6b90>,104,17,[1 6],153,191,208,38,179
1,<environment.Job instance at 0x146347ff69b0>,105,1,[2 9],154,194,195,40,179
1,<environment.Job instance at 0x146347ff6820>,106,2,[8 1],156,182,184,26,179
1,<environment.Job instance at 0x146347ff6d70>,107,2,[9 2],158,191,193,33,179
1,<environment.Job instance at 0x146347ff2820>,108,2,[6 1],159,184,186,25,179
1,<environment.Job instance at 0x146347ff2960>,109,3,[ 1 10],160,208,211,48,182
1,<environment.Job instance at 0x146347ff20a0>,110,1,[7 1],161,186,187,25,182
1,<environment.Job instance at 0x146347ff2e10>,111,2,[1 6],162,195,197,33,182
1,<environment.Job instance at 0x146347ff2af0>,112,2,[1 6],163,197,199,34,182
1,<environment.Job instance at 0x146347ff28c0>,114,1,[10  1],166,195,196,29,182
1,<environment.Job instance at 0x146347ff27d0>,116,1,[2 8],168,199,200,31,183
1,<environment.Job instance at 0x146347ff2050>,117,1,[6 1],170,187,188,17,183
1,<environment.Job instance at 0x146347ff2d20>,118,1,[10  2],171,196,197,25,184
1,<environment.Job instance at 0x146347ff3be0>,120,3,[2 7],175,200,203,25,186
1,<environment.Job instance at 0x146347ff2c80>,121,1,[8 1],176,188,189,12,186
1,<environment.Job instance at 0x146347ff30a0>,122,13,[10  1],180,197,210,17,193
1,<environment.Job instance at 0x146347ff3500>,123,12,[1 5],182,210,222,28,193
1,<environment.Job instance at 0x1463480ba0a0>,124,3,[2 7],183,203,206,20,193
1,<environment.Job instance at 0x1463480ba280>,125,18,[2 8],184,211,229,27,200
1,<environment.Job instance at 0x1463480baf50>,126,2,[1 9],186,229,231,43,202
1,<environment.Job instance at 0x1463480ba190>,127,1,[1 8],187,206,207,19,202
1,<environment.Job instance at 0x1463480ba960>,128,3,[ 1 10],188,231,234,43,205
1,<environment.Job instance at 0x1463480ba550>,129,2,[1 5],189,222,224,33,205
1,<environment.Job instance at 0x14634b3b1cd0>,57,26,[10  1],81,211,237,130,208
1,<environment.Job instance at 0x146347f25b40>,8,1,[6 1],12,237,238,225,232
1,<environment.Job instance at 0x14634b12de10>,4,2,[2 6],10,13,15,3,13
1,<environment.Job instance at 0x14634afa6b40>,6,16,[ 2 10],13,15,31,2,13
1,<environment.Job instance at 0x14634b12dc80>,7,1,[1 9],16,31,32,15,17
1,<environment.Job instance at 0x146375c4da00>,9,1,[1 7],18,32,33,14,18
1,<environment.Job instance at 0x146375c4daf0>,10,3,[8 1],20,20,23,0,20
1,<environment.Job instance at 0x146347ebb140>,11,3,[2 5],22,23,26,1,22
1,<environment.Job instance at 0x146347ebb7d0>,12,13,[1 9],24,33,46,9,24
1,<environment.Job instance at 0x146347ebb3c0>,13,12,[2 7],26,46,58,20,29
1,<environment.Job instance at 0x146347ebb0f0>,15,3,[ 1 10],28,58,61,30,32
1,<environment.Job instance at 0x14634b0fd730>,16,3,[ 1 10],30,61,64,31,35
1,<environment.Job instance at 0x14634b0fd280>,17,2,[8 2],31,35,37,4,35
1,<environment.Job instance at 0x14634b0fd320>,18,1,[1 5],32,37,38,5,35
1,<environment.Job instance at 0x14634b0fdeb0>,19,2,[8 1],33,37,39,4,35
1,<environment.Job instance at 0x14634b0fdaa0>,20,1,[5 2],35,35,36,0,35
1,<environment.Job instance at 0x14634b0fdb40>,21,12,[13  2],36,61,73,25,61
1,<environment.Job instance at 0x14634b0fd050>,22,2,[1 9],39,64,66,25,61
1,<environment.Job instance at 0x14634b0fdd20>,23,3,[1 7],41,66,69,25,61
1,<environment.Job instance at 0x146375e82e10>,24,15,[ 1 10],42,69,84,27,61
1,<environment.Job instance at 0x146375e82a00>,25,3,[9 1],43,73,76,30,61
1,<environment.Job instance at 0x146375e826e0>,26,3,[7 2],45,76,79,31,61
1,<environment.Job instance at 0x146375e82550>,28,3,[9 2],47,79,82,32,61
1,<environment.Job instance at 0x146375e82fa0>,31,20,[5 1],51,73,93,22,64
1,<environment.Job instance at 0x146375e82960>,33,2,[9 1],53,82,84,29,64
1,<environment.Job instance at 0x146348d59b90>,34,2,[2 7],55,84,86,29,64
1,<environment.Job instance at 0x146348d59280>,35,2,[10  1],57,86,88,29,64
1,<environment.Job instance at 0x146375bf9820>,37,1,[6 2],60,84,85,24,66
1,<environment.Job instance at 0x146375bf3c30>,38,1,[ 2 10],62,88,89,26,66
1,<environment.Job instance at 0x1463480b4e60>,39,2,[5 2],65,88,90,23,66
1,<environment.Job instance at 0x1463480b43c0>,40,14,[ 1 10],66,89,103,23,74
1,<environment.Job instance at 0x146348095910>,41,2,[7 1],67,90,92,23,74
1,<environment.Job instance at 0x146375c716e0>,42,3,[1 8],69,103,106,34,77
1,<environment.Job instance at 0x1463480951e0>,43,1,[6 1],70,85,86,15,77
1,<environment.Job instance at 0x146347e2b8c0>,44,2,[2 9],72,106,108,34,79
1,<environment.Job instance at 0x14634833d870>,45,16,[1 8],73,108,124,35,95
1,<environment.Job instance at 0x1463482e4d20>,46,1,[2 9],74,124,125,50,96
1,<environment.Job instance at 0x14634b32dbe0>,47,3,[9 1],75,96,99,21,96
1,<environment.Job instance at 0x14634b32daa0>,48,17,[10  2],76,99,116,23,96
1,<environment.Job instance at 0x14634b32d7d0>,49,14,[1 9],78,125,139,47,110
1,<environment.Job instance at 0x14634bd94c80>,50,15,[1 5],79,110,125,31,110
1,<environment.Job instance at 0x146347e6bd70>,51,1,[1 5],82,125,126,43,110
1,<environment.Job instance at 0x1463482ce3c0>,53,1,[6 2],84,116,117,32,110
1,<environment.Job instance at 0x1463482cebe0>,54,2,[6 1],85,117,119,32,110
1,<environment.Job instance at 0x14634b3396e0>,56,1,[1 9],89,139,140,50,111
1,<environment.Job instance at 0x1463482300a0>,57,1,[2 9],90,140,141,50,112
1,<environment.Job instance at 0x146348230eb0>,58,1,[2 9],91,141,142,50,113
1,<environment.Job instance at 0x14634826b500>,59,14,[1 6],94,126,140,32,113
1,<environment.Job instance at 0x1463480d0410>,60,2,[1 7],95,142,144,47,115
1,<environment.Job instance at 0x146348209d70>,61,1,[2 7],96,142,143,46,115
1,<environment.Job instance at 0x146375b87190>,62,2,[1 9],97,144,146,47,117
1,<environment.Job instance at 0x146375b87c80>,63,16,[2 5],98,143,159,45,130
1,<environment.Job instance at 0x146375b80460>,64,3,[1 8],100,146,149,46,130
1,<environment.Job instance at 0x146375b80af0>,66,2,[7 1],104,140,142,36,133
1,<environment.Job instance at 0x146375b80500>,67,1,[2 7],106,149,150,43,133
1,<environment.Job instance at 0x146375b808c0>,68,2,[1 6],107,150,152,43,133
1,<environment.Job instance at 0x146375b80d20>,69,3,[8 2],108,146,149,38,133
1,<environment.Job instance at 0x146375b80a50>,70,2,[7 1],110,142,144,32,133
1,<environment.Job instance at 0x146375b5d2d0>,71,18,[7 1],111,149,167,38,142
1,<environment.Job instance at 0x146375bb4910>,74,12,[ 2 10],118,159,171,41,142
1,<environment.Job instance at 0x14634bd4ca00>,75,1,[10  1],119,144,145,25,142
1,<environment.Job instance at 0x14634bd4cbe0>,76,24,[1 8],120,171,195,51,166
1,<environment.Job instance at 0x146375e835f0>,77,3,[1 7],121,171,174,50,166
1,<environment.Job instance at 0x146375e830a0>,78,1,[8 1],123,167,168,44,166
1,<environment.Job instance at 0x146375e83140>,79,2,[8 2],124,168,170,44,166
1,<environment.Job instance at 0x146375e83cd0>,80,1,[1 7],125,174,175,49,166
1,<environment.Job instance at 0x146375e836e0>,81,3,[2 9],126,195,198,69,169
1,<environment.Job instance at 0x146375e83e60>,82,3,[ 1 14],127,198,201,71,172
1,<environment.Job instance at 0x146375e83370>,83,3,[1 8],132,201,204,69,175
1,<environment.Job instance at 0x14634bda9f00>,84,2,[10  2],133,175,177,42,175
1,<environment.Job instance at 0x146348263690>,85,1,[11  1],134,177,178,43,175
1,<environment.Job instance at 0x14634b138460>,87,17,[2 8],137,204,221,67,192
1,<environment.Job instance at 0x14634b138550>,88,3,[1 9],138,221,224,83,195
1,<environment.Job instance at 0x14634b138780>,89,3,[9 1],139,195,198,56,195
1,<environment.Job instance at 0x14634b138410>,90,3,[6 1],140,198,201,58,195
1,<environment.Job instance at 0x14634b138dc0>,91,3,[1 8],142,224,227,82,198
1,<environment.Job instance at 0x14634b1385f0>,92,2,[5 1],143,201,203,58,198
1,<environment.Job instance at 0x146348cd69b0>,93,2,[2 9],144,227,229,83,200
1,<environment.Job instance at 0x146348cd6370>,94,2,[2 8],145,229,231,84,202
1,<environment.Job instance at 0x146348cd6640>,95,1,[2 6],147,202,203,55,202
1,<environment.Job instance at 0x146348cd6f50>,96,3,[10  2],150,203,206,53,202
1,<environment.Job instance at 0x146348cd6d20>,97,2,[8 1],151,206,208,55,202
1,<environment.Job instance at 0x146348cd6be0>,98,1,[2 9],153,231,232,78,203
1,<environment.Job instance at 0x146348cd6230>,99,1,[7 2],154,208,209,54,203
1,<environment.Job instance at 0x146348cd6780>,100,3,[2 7],156,209,212,53,203
1,<environment.Job instance at 0x146348cd6910>,101,1,[10  1],157,212,213,55,203
1,<environment.Job instance at 0x146348cd66e0>,102,15,[1 7],158,232,247,74,218
1,<environment.Job instance at 0x146348cd6500>,103,15,[5 1],159,218,233,59,218
1,<environment.Job instance at 0x146348cd6820>,104,2,[2 9],160,247,249,87,220
1,<environment.Job instance at 0x146348cd61e0>,105,18,[2 7],161,249,267,88,238
1,<environment.Job instance at 0x146348cd6e10>,106,3,[1 5],162,238,241,76,238
1,<environment.Job instance at 0x146348cd6870>,107,3,[1 6],163,241,244,78,238
1,<environment.Job instance at 0x146348cd6fa0>,108,2,[2 6],164,244,246,80,238
1,<environment.Job instance at 0x146348cd6b40>,109,1,[9 1],165,238,239,73,238
1,<environment.Job instance at 0x146348cd6b90>,110,1,[ 2 10],166,267,268,101,239
1,<environment.Job instance at 0x1463486302d0>,111,2,[1 8],168,249,251,81,239
1,<environment.Job instance at 0x146375be7af0>,112,16,[5 1],169,251,267,82,239
1,<environment.Job instance at 0x146375be7050>,113,12,[ 2 10],171,268,280,97,251
1,<environment.Job instance at 0x146375be7e10>,114,3,[10  2],172,267,270,95,251
1,<environment.Job instance at 0x146375be78c0>,115,1,[1 7],174,251,252,77,251
1,<environment.Job instance at 0x146375be7460>,116,3,[1 6],175,252,255,77,251
1,<environment.Job instance at 0x146375be70f0>,117,2,[5 2],176,255,257,79,251
1,<environment.Job instance at 0x146375be7140>,119,1,[9 2],179,270,271,91,253
1,<environment.Job instance at 0x146375be72d0>,120,3,[2 8],180,280,283,100,254
1,<environment.Job instance at 0x146348d44a50>,121,13,[1 6],181,280,293,99,272
1,<environment.Job instance at 0x146348d44910>,123,2,[1 5],183,272,274,89,272
1,<environment.Job instance at 0x146348d44be0>,124,12,[1 9],184,283,295,99,272
1,<environment.Job instance at 0x146348d44fa0>,125,3,[2 6],185,293,296,108,272
1,<environment.Job instance at 0x146347ebb820>,14,1,[1 9],27,295,296,268,272
1,<environment.Job instance at 0x146375c73780>,128,2,[1 9],188,296,298,108,272
1,<environment.Job instance at 0x146375c73280>,129,2,[10  1],189,274,276,85,272
1,<environment.Job instance at 0x146375c73cd0>,127,2,[11  2],187,276,278,89,273
1,<environment.Job instance at 0x146348d44640>,122,17,[ 1 14],182,298,315,116,286
1,<environment.Job instance at 0x1463480bf1e0>,1,1,[1 5],2,2,3,0,2
1,<environment.Job instance at 0x14634817cdc0>,7,15,[7 2],10,12,27,2,12
1,<environment.Job instance at 0x14634817c460>,5,12,[2 9],7,12,24,5,12
1,<environment.Job instance at 0x14634817c910>,9,12,[8 2],12,24,36,12,13
1,<environment.Job instance at 0x146348177690>,14,16,[6 1],18,63,79,45,63
1,<environment.Job instance at 0x1463481c25f0>,24,2,[7 1],39,84,86,45,84
1,<environment.Job instance at 0x14634815d3c0>,32,1,[6 2],51,84,85,33,84
1,<environment.Job instance at 0x14634815d7d0>,33,14,[9 2],54,86,100,32,84
1,<environment.Job instance at 0x14634815d370>,34,18,[9 1],55,100,118,45,89
1,<environment.Job instance at 0x14634815d4b0>,35,2,[5 2],56,108,110,52,108
1,<environment.Job instance at 0x14634815d870>,36,2,[10  2],57,118,120,61,109
1,<environment.Job instance at 0x14634815d640>,37,2,[ 2 14],58,110,112,52,109
1,<environment.Job instance at 0x14634815d0f0>,38,2,[10  1],60,120,122,60,109
1,<environment.Job instance at 0x14634817b5a0>,39,1,[ 2 10],62,112,113,50,109
1,<environment.Job instance at 0x14634817b910>,40,1,[10  2],64,122,123,58,109
1,<environment.Job instance at 0x14634817bf00>,41,16,[7 1],65,123,139,58,110
1,<environment.Job instance at 0x14634817b730>,42,12,[10  1],66,139,151,73,125
1,<environment.Job instance at 0x1463481c3c30>,23,1,[6 1],38,151,152,113,139
1,<environment.Job instance at 0x14634817beb0>,43,12,[5 1],67,141,153,74,141
1,<environment.Job instance at 0x14634817b780>,45,13,[1 7],69,151,164,82,142
1,<environment.Job instance at 0x14634817bfa0>,46,12,[9 2],70,152,164,82,149
1,<environment.Job instance at 0x14634817b1e0>,47,16,[1 6],71,153,169,82,151
1,<environment.Job instance at 0x14634817b460>,48,16,[7 1],73,164,180,91,153
1,<environment.Job instance at 0x14634817b640>,49,3,[6 2],74,164,167,90,160
1,<environment.Job instance at 0x14634817b280>,50,1,[9 2],75,180,181,105,161
1,<environment.Job instance at 0x14634817ba00>,51,3,[6 1],77,167,170,90,161
1,<environment.Job instance at 0x14634817bc30>,52,1,[ 1 10],78,169,170,91,161
1,<environment.Job instance at 0x14634817b870>,53,1,[8 2],80,170,171,90,161
1,<environment.Job instance at 0x14634817b050>,54,2,[2 7],81,171,173,90,161
1,<environment.Job instance at 0x14634862b320>,55,12,[2 7],83,171,183,88,161
1,<environment.Job instance at 0x146348555550>,56,20,[ 2 10],84,183,203,99,174
1,<environment.Job instance at 0x14634815da50>,31,13,[ 2 12],50,203,216,153,187
1,<environment.Job instance at 0x1463481e9dc0>,58,12,[1 5],86,187,199,101,187
1,<environment.Job instance at 0x1463481e9e10>,61,13,[ 2 10],89,216,229,127,200
1,<environment.Job instance at 0x1463481e9be0>,62,2,[2 5],92,200,202,108,200
1,<environment.Job instance at 0x1463481e60a0>,65,2,[2 5],98,216,218,118,200
1,<environment.Job instance at 0x1463481e6140>,66,3,[2 8],99,229,232,130,203
1,<environment.Job instance at 0x1463481e6320>,67,2,[1 9],101,232,234,131,205
1,<environment.Job instance at 0x14634817baf0>,44,1,[5 2],68,213,214,145,213
1,<environment.Job instance at 0x14634b117f00>,69,1,[8 2],103,214,215,111,213
1,<environment.Job instance at 0x14634af8e6e0>,70,3,[ 2 13],104,234,237,130,213
1,<environment.Job instance at 0x1463481e61e0>,71,2,[7 1],106,218,220,112,214
1,<environment.Job instance at 0x146348d82aa0>,72,2,[7 1],109,220,222,111,216
1,<environment.Job instance at 0x1463481e65a0>,68,1,[14  2],102,232,233,130,224
1,<environment.Job instance at 0x14634be17910>,74,1,[6 1],113,224,225,111,224
1,<environment.Job instance at 0x14634be17370>,76,2,[ 1 10],115,237,239,122,224
1,<environment.Job instance at 0x14634be17b90>,78,1,[2 6],117,229,230,112,226
1,<environment.Job instance at 0x14634be17aa0>,79,3,[1 7],118,239,242,121,226
1,<environment.Job instance at 0x14634be17230>,80,1,[8 2],120,227,228,107,227
1,<environment.Job instance at 0x14634be17140>,81,2,[2 8],122,239,241,117,227
1,<environment.Job instance at 0x14634be177d0>,82,1,[5 2],125,227,228,102,227
1,<environment.Job instance at 0x14634be17e60>,83,18,[1 9],130,242,260,112,231
1,<environment.Job instance at 0x14634be17be0>,85,1,[1 8],132,241,242,109,235
1,<environment.Job instance at 0x14634be175f0>,86,1,[9 1],134,248,249,114,248
1,<environment.Job instance at 0x14637413a2d0>,90,13,[1 6],139,249,262,110,248
1,<environment.Job instance at 0x146375a60500>,91,12,[1 5],140,260,272,120,248
1,<environment.Job instance at 0x14634b049780>,93,16,[ 2 10],143,262,278,119,254
1,<environment.Job instance at 0x14634b049eb0>,95,2,[ 2 10],147,278,280,131,254
1,<environment.Job instance at 0x14634b0498c0>,96,2,[1 5],148,272,274,124,254
1,<environment.Job instance at 0x14634b0496e0>,98,2,[ 1 10],150,280,282,130,258
1,<environment.Job instance at 0x14634b0490f0>,100,2,[8 2],152,260,262,108,260
1,<environment.Job instance at 0x14634853ca50>,101,1,[8 2],153,274,275,121,260
1,<environment.Job instance at 0x14634853c9b0>,102,15,[ 1 12],154,282,297,128,268
1,<environment.Job instance at 0x14634b049140>,103,2,[1 7],155,297,299,142,270
1,<environment.Job instance at 0x146375ba3b40>,104,18,[8 1],156,275,293,119,270
1,<environment.Job instance at 0x146375ba3d20>,106,18,[1 9],158,299,317,141,288
1,<environment.Job instance at 0x146375ba37d0>,108,17,[1 9],161,317,334,156,305
1,<environment.Job instance at 0x1463847f1b40>,109,2,[2 5],162,305,307,143,305
1,<environment.Job instance at 0x146374150a50>,110,23,[6 1],163,305,328,142,305
1,<environment.Job instance at 0x14634afa70f0>,87,3,[2 7],135,334,337,199,308
1,<environment.Job instance at 0x14634813aa00>,112,14,[2 5],165,308,322,143,308
1,<environment.Job instance at 0x14634860f640>,115,3,[11  1],168,328,331,160,326
1,<environment.Job instance at 0x14634860f370>,116,2,[8 2],169,326,328,157,326
1,<environment.Job instance at 0x1463485b55f0>,117,13,[1 8],171,334,347,163,326
1,<environment.Job instance at 0x1463485b5f50>,118,2,[8 2],172,331,333,159,326
1,<environment.Job instance at 0x14638412f1e0>,120,1,[1 8],175,347,348,172,326
1,<environment.Job instance at 0x1463485b5fa0>,121,1,[8 2],176,333,334,157,326
1,<environment.Job instance at 0x1463767a6dc0>,122,3,[1 8],180,348,351,168,326
1,<environment.Job instance at 0x14637403e4b0>,123,1,[2 6],183,337,338,154,326
1,<environment.Job instance at 0x1463840f35a0>,124,1,[2 7],185,338,339,153,326
1,<environment.Job instance at 0x1463488badc0>,125,1,[7 1],186,337,338,151,326
1,<environment.Job instance at 0x14634b344e10>,113,12,[5 1],166,339,351,173,326
1,<environment.Job instance at 0x14634817cd70>,8,1,[7 2],11,454,455,443,454
1,<environment.Job instance at 0x14634817cd70>,2,2,[10  2],3,3,5,0,3
1,<environment.Job instance at 0x146348213320>,3,3,[10  1],4,5,8,1,4
1,<environment.Job instance at 0x146348213c80>,4,2,[ 1 10],6,6,8,0,6
1,<environment.Job instance at 0x146348213460>,5,3,[2 6],7,8,11,1,7
1,<environment.Job instance at 0x14634b26bc80>,6,2,[1 9],8,8,10,0,8
1,<environment.Job instance at 0x14634b26bd20>,7,3,[2 8],9,10,13,1,9
1,<environment.Job instance at 0x14634b26bb40>,8,1,[1 7],11,11,12,0,11
1,<environment.Job instance at 0x146348213dc0>,9,2,[2 8],12,13,15,1,12
1,<environment.Job instance at 0x146348073910>,10,3,[8 1],13,13,16,0,13
1,<environment.Job instance at 0x146348078690>,11,2,[2 6],14,14,16,0,14
1,<environment.Job instance at 0x146375b1c910>,18,16,[7 1],24,25,41,1,25
1,<environment.Job instance at 0x14638402cf00>,16,3,[ 2 12],21,25,28,4,25
1,<environment.Job instance at 0x14634865c550>,19,3,[ 2 10],25,28,31,3,25
1,<environment.Job instance at 0x14634be17280>,21,2,[1 9],29,31,33,2,29
1,<environment.Job instance at 0x14634be17f00>,23,2,[ 2 10],32,33,35,1,32
1,<environment.Job instance at 0x14634805fb90>,22,1,[2 9],31,35,36,4,35
1,<environment.Job instance at 0x146375a88870>,25,13,[2 7],35,36,49,1,36
1,<environment.Job instance at 0x146375a88050>,27,14,[2 9],37,49,63,12,38
1,<environment.Job instance at 0x146375a885a0>,30,1,[9 2],40,41,42,1,40
1,<environment.Job instance at 0x146375a881e0>,31,2,[ 1 10],41,63,65,22,41
1,<environment.Job instance at 0x146375a88fa0>,29,1,[2 6],39,46,47,7,46
1,<environment.Job instance at 0x146375bf3c80>,35,1,[1 5],48,49,50,1,49
1,<environment.Job instance at 0x146349057b40>,37,15,[5 1],51,53,68,2,53
1,<environment.Job instance at 0x146349057730>,39,12,[1 6],53,65,77,12,57
1,<environment.Job instance at 0x146347ded5f0>,40,12,[7 2],54,81,93,27,81
1,<environment.Job instance at 0x146347e57820>,49,22,[6 2],64,83,105,19,83
1,<environment.Job instance at 0x146347f765a0>,50,3,[ 1 10],65,83,86,18,83
1,<environment.Job instance at 0x146347f76960>,51,15,[ 1 10],66,86,101,20,83
1,<environment.Job instance at 0x146347ff7550>,52,2,[2 9],67,101,103,34,83
1,<environment.Job instance at 0x146375b77910>,53,1,[12  2],68,105,106,37,83
1,<environment.Job instance at 0x146348612960>,54,2,[1 6],69,103,105,34,83
1,<environment.Job instance at 0x146348612500>,55,3,[10  1],70,106,109,36,83
1,<environment.Job instance at 0x1463482ba960>,56,3,[6 2],72,93,96,21,83
1,<environment.Job instance at 0x146348612e10>,57,1,[2 9],73,105,106,32,83
1,<environment.Job instance at 0x146348612fa0>,58,2,[8 2],76,96,98,20,83
1,<environment.Job instance at 0x146348612690>,59,1,[1 5],79,103,104,24,83
1,<environment.Job instance at 0x1463480b4d20>,60,2,[6 2],80,98,100,18,83
1,<environment.Job instance at 0x1463482c2910>,61,2,[5 1],82,100,102,18,83
1,<environment.Job instance at 0x14634812b820>,63,3,[8 2],87,109,112,22,87
1,<environment.Job instance at 0x14634812b8c0>,64,14,[1 6],90,106,120,16,91
1,<environment.Job instance at 0x14634812b230>,65,2,[2 5],91,106,108,15,91
1,<environment.Job instance at 0x14637413a500>,34,12,[2 5],46,108,120,62,97
1,<environment.Job instance at 0x14634812bbe0>,68,2,[1 8],94,120,122,26,97
1,<environment.Job instance at 0x14634812baa0>,67,2,[6 2],93,112,114,19,108
1,<environment.Job instance at 0x146376735780>,71,12,[2 8],98,122,134,24,108
1,<environment.Job instance at 0x146376735fa0>,72,2,[10  2],99,114,116,15,112
1,<environment.Job instance at 0x146376735280>,73,3,[2 7],100,120,123,20,112
1,<environment.Job instance at 0x1463767353c0>,74,20,[14  1],103,134,154,31,125
1,<environment.Job instance at 0x146376735be0>,76,2,[1 7],105,126,128,21,126
1,<environment.Job instance at 0x146376735960>,78,2,[2 5],109,128,130,19,126
1,<environment.Job instance at 0x146376735230>,80,3,[2 8],111,154,157,43,129
1,<environment.Job instance at 0x14634bd9eb90>,82,14,[2 9],113,157,171,44,142
1,<environment.Job instance at 0x14634bd9ee60>,83,16,[2 5],114,154,170,40,145
1,<environment.Job instance at 0x14634bd9eb40>,84,1,[1 9],116,145,146,29,145
1,<environment.Job instance at 0x146375c59fa0>,86,1,[1 7],118,146,147,28,145
1,<environment.Job instance at 0x14634bd9eeb0>,87,1,[8 2],119,154,155,35,145
1,<environment.Job instance at 0x14634bd9e690>,88,3,[ 1 10],120,147,150,27,145
1,<environment.Job instance at 0x14634bd9e910>,89,3,[ 1 12],121,150,153,29,145
1,<environment.Job instance at 0x14634bd34be0>,91,3,[2 5],123,170,173,47,145
1,<environment.Job instance at 0x146376735c80>,69,21,[2 5],95,171,192,76,163
1,<environment.Job instance at 0x14634b339dc0>,96,1,[9 2],133,171,172,38,163
1,<environment.Job instance at 0x14634b339eb0>,97,2,[ 1 11],135,192,194,57,165
1,<environment.Job instance at 0x14634b339960>,98,2,[7 2],137,172,174,35,165
1,<environment.Job instance at 0x14634b339d70>,99,17,[9 1],138,174,191,36,165
1,<environment.Job instance at 0x14634b339b40>,100,1,[7 2],139,191,192,52,165
1,<environment.Job instance at 0x14634b3395a0>,101,1,[ 1 10],140,194,195,54,166
1,<environment.Job instance at 0x14634b15e2d0>,48,2,[14  1],63,192,194,129,174
1,<environment.Job instance at 0x146375c715f0>,105,2,[2 5],147,188,190,41,188
1,<environment.Job instance at 0x146375c71d70>,106,2,[8 2],148,194,196,46,188
1,<environment.Job instance at 0x146375c71190>,107,14,[ 1 11],150,195,209,45,188
1,<environment.Job instance at 0x146375c71500>,108,12,[2 9],152,209,221,57,194
1,<environment.Job instance at 0x146375c719b0>,112,2,[8 2],158,196,198,38,194
1,<environment.Job instance at 0x146348d416e0>,113,3,[9 2],159,205,208,46,205
1,<environment.Job instance at 0x146348d41f00>,114,16,[1 7],160,221,237,61,208
1,<environment.Job instance at 0x146348d41b90>,115,13,[5 1],161,218,231,57,218
1,<environment.Job instance at 0x146348d41b40>,117,3,[6 2],163,219,222,56,219
1,<environment.Job instance at 0x146348d41cd0>,118,3,[7 1],164,222,225,58,221
1,<environment.Job instance at 0x146348d41280>,119,17,[1 7],165,225,242,60,221
1,<environment.Job instance at 0x146348d41c30>,120,1,[8 1],166,231,232,65,222
1,<environment.Job instance at 0x146348d41190>,121,1,[1 5],167,222,223,55,222
1,<environment.Job instance at 0x146348d41be0>,122,1,[ 1 10],169,242,243,73,222
1,<environment.Job instance at 0x146348d41fa0>,123,2,[6 1],172,232,234,60,223
1,<environment.Job instance at 0x146348d41c80>,124,1,[8 1],173,234,235,61,224
1,<environment.Job instance at 0x146348d41460>,125,1,[9 1],174,235,236,61,224
1,<environment.Job instance at 0x146348d41d70>,126,2,[5 2],175,237,239,62,224
1,<environment.Job instance at 0x146375c71e60>,111,3,[14  2],156,239,242,83,224
1,<environment.Job instance at 0x14634b3a1b90>,130,3,[1 9],180,243,246,63,224
1,<environment.Job instance at 0x14634b3a1be0>,133,27,[ 2 10],186,246,273,60,244
1,<environment.Job instance at 0x14634b3a1dc0>,134,18,[1 9],187,273,291,86,262
1,<environment.Job instance at 0x14634b3a1460>,135,16,[2 9],188,291,307,103,278
1,<environment.Job instance at 0x14634b3397d0>,102,16,[ 2 10],141,307,323,166,298
1,<environment.Job instance at 0x14634820f500>,2,2,[1 5],4,5,7,1,5
1,<environment.Job instance at 0x14637671d460>,4,19,[2 5],6,6,25,0,6
1,<environment.Job instance at 0x14637671dc80>,11,1,[2 9],14,22,23,8,22
1,<environment.Job instance at 0x14634bcebaa0>,14,2,[ 1 10],18,23,25,5,22
1,<environment.Job instance at 0x14634bceb960>,17,16,[1 5],22,198,214,176,198
1,<environment.Job instance at 0x14634bceb1e0>,13,14,[1 8],17,198,212,181,198
1,<environment.Job instance at 0x146347f4ac80>,19,3,[1 5],24,212,215,188,200
1,<environment.Job instance at 0x146375adfc30>,20,2,[1 9],25,214,216,189,201
1,<environment.Job instance at 0x14634bceb4b0>,21,2,[10  2],26,208,210,182,208
1,<environment.Job instance at 0x14634bceb730>,22,2,[ 1 10],27,216,218,189,208
1,<environment.Job instance at 0x1463483bac30>,23,1,[5 2],30,210,211,180,209
1,<environment.Job instance at 0x14634bcebf00>,24,17,[1 9],31,218,235,187,209
1,<environment.Job instance at 0x14638418a0a0>,26,2,[2 5],33,231,233,198,231
1,<environment.Job instance at 0x14634814f730>,28,1,[5 2],37,233,234,196,233
1,<environment.Job instance at 0x14634814f640>,29,27,[5 1],39,233,260,194,233
1,<environment.Job instance at 0x14634814f0a0>,30,3,[2 7],42,257,260,215,257
1,<environment.Job instance at 0x14637676abe0>,32,25,[ 1 10],44,260,285,216,258
1,<environment.Job instance at 0x14637672e410>,33,2,[1 9],46,285,287,239,280
1,<environment.Job instance at 0x146375c658c0>,34,3,[1 6],47,285,288,238,281
1,<environment.Job instance at 0x146375c65280>,35,3,[1 9],48,287,290,239,281
1,<environment.Job instance at 0x146375c65870>,36,2,[2 7],52,290,292,238,286
1,<environment.Job instance at 0x14634af96230>,38,1,[1 8],57,290,291,233,290
1,<environment.Job instance at 0x146375c65c30>,40,2,[1 8],60,291,293,231,290
1,<environment.Job instance at 0x1463483ba780>,25,1,[9 1],32,292,293,260,290
1,<environment.Job instance at 0x146375c49af0>,41,2,[9 1],61,293,295,232,290
1,<environment.Job instance at 0x146375c460a0>,43,14,[ 1 13],64,293,307,229,290
1,<environment.Job instance at 0x146375c46a00>,44,12,[1 7],65,307,319,242,295
1,<environment.Job instance at 0x146375c46370>,45,24,[8 1],66,295,319,229,295
1,<environment.Job instance at 0x14634bcebc30>,10,3,[ 1 14],12,319,322,307,300
1,<environment.Job instance at 0x146375c46690>,46,1,[6 2],67,307,308,240,301
1,<environment.Job instance at 0x146375c46280>,48,2,[2 6],69,308,310,239,301
1,<environment.Job instance at 0x146375c461e0>,50,2,[ 1 10],72,322,324,250,301
1,<environment.Job instance at 0x146375c46780>,47,1,[1 6],68,312,313,244,312
1,<environment.Job instance at 0x146348e0d7d0>,51,2,[1 5],74,313,315,239,312
1,<environment.Job instance at 0x146348e0d960>,53,14,[2 9],78,324,338,246,312
1,<environment.Job instance at 0x146375c4f050>,59,3,[ 2 10],85,338,341,253,320
1,<environment.Job instance at 0x146375c4f3c0>,60,1,[ 1 12],87,341,342,254,321
1,<environment.Job instance at 0x1463767a01e0>,61,1,[ 1 10],88,342,343,254,322
1,<environment.Job instance at 0x1463767a0820>,63,12,[1 9],91,343,355,252,326
1,<environment.Job instance at 0x1463767a03c0>,64,3,[1 9],92,355,358,263,329
1,<environment.Job instance at 0x1463767a0fa0>,66,3,[9 2],94,338,341,244,338
1,<environment.Job instance at 0x1463767a09b0>,67,3,[8 2],96,341,344,245,338
1,<environment.Job instance at 0x1463767a0410>,68,17,[2 7],98,358,375,260,346
1,<environment.Job instance at 0x14634bd34f50>,69,2,[1 6],99,346,348,247,346
1,<environment.Job instance at 0x14634bd34500>,72,2,[1 7],103,363,365,260,363
1,<environment.Job instance at 0x14634bdfca50>,74,2,[2 8],105,365,367,260,363
1,<environment.Job instance at 0x14634bd34eb0>,75,1,[6 1],106,367,368,261,365
1,<environment.Job instance at 0x14634bd34230>,76,3,[8 2],107,368,371,261,365
1,<environment.Job instance at 0x14634bd34cd0>,77,17,[1 8],108,371,388,263,365
1,<environment.Job instance at 0x146375c3f460>,79,1,[5 2],111,375,376,264,373
1,<environment.Job instance at 0x146375c3fdc0>,80,13,[1 9],112,388,401,276,373
1,<environment.Job instance at 0x146375c3fb90>,81,15,[2 9],113,401,416,288,387
1,<environment.Job instance at 0x146375c3fb40>,82,2,[2 6],114,387,389,273,387
1,<environment.Job instance at 0x14634b01ea50>,83,1,[13  2],115,389,390,274,387
1,<environment.Job instance at 0x14634b01eb40>,84,3,[2 6],117,390,393,273,387
1,<environment.Job instance at 0x14634b01e910>,85,17,[14  2],118,420,437,302,420
1,<environment.Job instance at 0x14634b01ef00>,86,18,[1 8],119,420,438,301,420
1,<environment.Job instance at 0x14634b01ea00>,87,1,[1 6],120,437,438,317,420
1,<environment.Job instance at 0x14634b01e3c0>,88,16,[1 7],121,438,454,317,425
1,<environment.Job instance at 0x14634b01e640>,89,3,[2 5],122,438,441,316,425
1,<environment.Job instance at 0x14634b01e460>,90,3,[1 7],124,441,444,317,425
1,<environment.Job instance at 0x146375c3af50>,93,1,[1 8],127,444,445,317,428
1,<environment.Job instance at 0x14634b047d20>,96,2,[1 6],130,445,447,315,440
1,<environment.Job instance at 0x146375c75640>,97,2,[7 2],132,445,447,313,440
1,<environment.Job instance at 0x146375c75870>,98,1,[ 2 10],133,454,455,321,440
1,<environment.Job instance at 0x1463482cf8c0>,100,2,[2 6],137,447,449,310,444
1,<environment.Job instance at 0x146375c75820>,101,15,[10  2],138,451,466,313,451
1,<environment.Job instance at 0x146348073370>,102,2,[6 2],139,466,468,327,452
1,<environment.Job instance at 0x146375c75410>,103,15,[7 1],140,466,481,326,452
1,<environment.Job instance at 0x14634bd9ed70>,104,2,[2 7],141,455,457,314,452
1,<environment.Job instance at 0x1463767a05f0>,62,18,[1 9],89,457,475,368,452
1,<environment.Job instance at 0x14634817ec30>,106,1,[1 9],143,475,476,332,452
1,<environment.Job instance at 0x14634908f2d0>,107,1,[1 8],144,476,477,332,452
1,<environment.Job instance at 0x14634817e7d0>,110,1,[6 2],148,469,470,321,469
1,<environment.Job instance at 0x14634817eeb0>,111,22,[10  1],150,481,503,331,474
1,<environment.Job instance at 0x146375c72730>,113,2,[8 2],153,503,505,350,482
1,<environment.Job instance at 0x146375c727d0>,114,1,[2 7],155,486,487,331,486
1,<environment.Job instance at 0x146375c49d20>,42,23,[2 9],63,491,514,428,491
1,<environment.Job instance at 0x14634801bf00>,125,1,[5 2],170,503,504,333,491
1,<environment.Job instance at 0x14634801b550>,124,2,[6 1],167,505,507,338,491
1,<environment.Job instance at 0x14634801beb0>,126,1,[9 2],171,507,508,336,491
1,<environment.Job instance at 0x146348371f50>,127,2,[8 2],172,508,510,336,491
1,<environment.Job instance at 0x146348dd80a0>,129,3,[ 2 10],175,514,517,339,491
1,<environment.Job instance at 0x146348dd8050>,130,18,[ 2 11],176,517,535,341,506
1,<environment.Job instance at 0x1463480751e0>,128,1,[6 2],173,506,507,333,506
1,<environment.Job instance at 0x146348371be0>,132,1,[7 2],179,510,511,331,506
1,<environment.Job instance at 0x1463481ed640>,134,3,[1 8],181,535,538,354,515
1,<environment.Job instance at 0x146348371190>,133,25,[2 5],180,535,560,355,531
1,<environment.Job instance at 0x14634bceb5f0>,12,1,[1 8],16,569,570,553,569
1,<environment.Job instance at 0x14634808c190>,2,18,[2 8],8,8,26,0,8
1,<environment.Job instance at 0x14634808c820>,6,2,[2 6],14,15,17,1,15
1,<environment.Job instance at 0x14638401adc0>,9,17,[9 1],17,18,35,1,18
1,<environment.Job instance at 0x14638401ae10>,11,3,[5 2],20,26,29,6,20
1,<environment.Job instance at 0x14634908c500>,12,2,[2 9],22,29,31,7,22
1,<environment.Job instance at 0x146348d86960>,13,27,[9 2],23,35,62,12,33
1,<environment.Job instance at 0x14634b1bc8c0>,17,18,[1 6],30,33,51,3,33
1,<environment.Job instance at 0x14634855c320>,20,1,[2 9],34,51,52,17,34
1,<environment.Job instance at 0x14634be3dd20>,22,3,[ 1 12],39,52,55,13,43
1,<environment.Job instance at 0x146384a53a50>,26,18,[9 2],48,62,80,14,53
1,<environment.Job instance at 0x146348de3140>,27,1,[2 5],49,55,56,6,53
1,<environment.Job instance at 0x14639e4d4b90>,28,22,[9 2],50,80,102,30,73
1,<environment.Job instance at 0x14639c1f55f0>,31,1,[2 9],58,74,75,16,74
1,<environment.Job instance at 0x14639c1f5e10>,33,18,[2 6],60,88,106,28,88
1,<environment.Job instance at 0x1463840e75a0>,47,3,[ 2 10],79,106,109,27,88
1,<environment.Job instance at 0x14634853cc80>,50,1,[2 7],83,93,94,10,93
1,<environment.Job instance at 0x14634853c190>,51,2,[8 1],84,102,104,18,93
1,<environment.Job instance at 0x14634853c410>,53,17,[ 2 10],86,109,126,23,97
1,<environment.Job instance at 0x146348121960>,60,3,[ 1 10],95,126,129,31,112
1,<environment.Job instance at 0x146348121eb0>,61,2,[5 2],98,112,114,14,112
1,<environment.Job instance at 0x146348121e10>,62,19,[9 2],100,114,133,14,112
1,<environment.Job instance at 0x1463481215a0>,63,3,[2 6],101,129,132,28,112
1,<environment.Job instance at 0x146348121190>,64,2,[9 1],102,133,135,31,112
1,<environment.Job instance at 0x1463481211e0>,66,1,[1 7],104,129,130,25,112
1,<environment.Job instance at 0x14634afc2320>,67,2,[9 2],105,135,137,30,112
1,<environment.Job instance at 0x14634afc2870>,68,1,[ 1 11],106,132,133,26,112
1,<environment.Job instance at 0x14634afc2c30>,69,2,[1 9],108,133,135,25,112
1,<environment.Job instance at 0x14634afc2460>,70,2,[2 6],109,130,132,21,112
1,<environment.Job instance at 0x14634afc21e0>,71,3,[9 1],112,137,140,25,112
1,<environment.Job instance at 0x1463482308c0>,74,14,[5 1],119,132,146,13,131
1,<environment.Job instance at 0x146348230730>,76,18,[ 2 10],121,140,158,19,131
1,<environment.Job instance at 0x146348230410>,77,1,[5 2],122,140,141,18,132
1,<environment.Job instance at 0x146348230d70>,78,1,[5 1],123,141,142,18,132
1,<environment.Job instance at 0x146348230370>,79,2,[1 5],126,135,137,9,132
1,<environment.Job instance at 0x1463482309b0>,80,12,[ 1 10],127,158,170,31,141
1,<environment.Job instance at 0x146348230280>,81,12,[1 9],128,170,182,42,153
1,<environment.Job instance at 0x146348230230>,82,14,[2 6],129,170,184,41,155
1,<environment.Job instance at 0x146348230050>,83,2,[ 2 10],130,184,186,54,157
1,<environment.Job instance at 0x14634af9cb90>,84,17,[14  2],132,186,203,54,180
1,<environment.Job instance at 0x14634af9c4b0>,86,3,[ 1 10],134,186,189,52,180
1,<environment.Job instance at 0x14634af9c8c0>,87,18,[2 7],135,203,221,68,192
1,<environment.Job instance at 0x14634af9c140>,88,1,[6 1],136,205,206,69,205
1,<environment.Job instance at 0x14634af9cfa0>,89,16,[2 8],137,206,222,69,205
1,<environment.Job instance at 0x14634af9cc30>,91,1,[2 6],139,221,222,82,209
1,<environment.Job instance at 0x14634af9ceb0>,92,3,[2 9],140,222,225,82,209
1,<environment.Job instance at 0x14634af9c9b0>,93,2,[2 6],141,222,224,81,209
1,<environment.Job instance at 0x14634af9cf00>,94,1,[2 6],142,224,225,82,210
1,<environment.Job instance at 0x14634af9ce60>,95,1,[7 2],144,225,226,81,211
1,<environment.Job instance at 0x14634af9c370>,96,2,[2 6],145,225,227,80,211
1,<environment.Job instance at 0x14634af9c870>,99,3,[ 2 13],148,227,230,79,211
1,<environment.Job instance at 0x14637416ef50>,101,1,[1 5],150,225,226,75,213
1,<environment.Job instance at 0x14637416eb90>,102,2,[2 5],151,230,232,79,213
1,<environment.Job instance at 0x14637416e2d0>,104,3,[ 1 10],153,230,233,77,213
1,<environment.Job instance at 0x146384128500>,111,26,[ 1 10],160,233,259,73,230
1,<environment.Job instance at 0x1463841281e0>,112,17,[9 1],161,235,252,74,235
1,<environment.Job instance at 0x146384128640>,115,17,[1 5],165,252,269,87,240
1,<environment.Job instance at 0x146384128910>,116,3,[10  2],166,259,262,93,240
1,<environment.Job instance at 0x146384128870>,117,3,[9 1],167,262,265,95,240
1,<environment.Job instance at 0x146384128370>,120,2,[2 7],172,259,261,87,240
1,<environment.Job instance at 0x146384128c30>,121,2,[ 2 10],173,265,267,92,240
1,<environment.Job instance at 0x146384128690>,122,26,[7 2],174,267,293,93,264
1,<environment.Job instance at 0x146348230690>,75,18,[1 9],120,269,287,149,264
1,<environment.Job instance at 0x1463841289b0>,124,3,[1 5],177,287,290,110,264
1,<environment.Job instance at 0x1463847f6b90>,126,2,[ 1 10],179,290,292,111,264
1,<environment.Job instance at 0x1463847f6960>,127,1,[ 2 10],181,292,293,111,264
1,<environment.Job instance at 0x1463847f65a0>,128,3,[2 5],182,287,290,105,265
1,<environment.Job instance at 0x1463847f6280>,129,1,[2 5],183,267,268,84,265
1,<environment.Job instance at 0x1463847f6050>,130,3,[8 1],184,293,296,109,267
1,<environment.Job instance at 0x14634789e320>,1,1,[8 2],2,2,3,0,2
1,<environment.Job instance at 0x14634789e230>,2,19,[1 5],5,5,24,0,5
1,<environment.Job instance at 0x1463841b3820>,4,2,[1 8],8,8,10,0,8
1,<environment.Job instance at 0x1463841b32d0>,5,1,[1 7],9,10,11,1,9
1,<environment.Job instance at 0x14637418e0a0>,9,3,[2 8],18,18,21,0,18
1,<environment.Job instance at 0x14637418e8c0>,10,2,[2 7],19,21,23,2,19
1,<environment.Job instance at 0x14637418ea50>,11,3,[10  2],21,21,24,0,21
1,<environment.Job instance at 0x146348578e10>,12,2,[2 7],22,23,25,1,22
1,<environment.Job instance at 0x14637418e6e0>,13,12,[ 1 10],23,25,37,2,23
1,<environment.Job instance at 0x146348125910>,17,13,[2 7],27,37,50,10,27
1,<environment.Job instance at 0x146348125870>,18,1,[1 5],28,28,29,0,28
1,<environment.Job instance at 0x1463483ba370>,19,12,[1 6],29,37,49,8,29
1,<environment.Job instance at 0x146348125640>,20,1,[2 5],32,32,33,0,32
1,<environment.Job instance at 0x146348125190>,14,2,[6 2],24,33,35,9,33
1,<environment.Job instance at 0x146347fee500>,22,25,[5 2],34,34,59,0,34
1,<environment.Job instance at 0x14637418e500>,15,3,[2 6],25,49,52,24,34
1,<environment.Job instance at 0x14634b40a730>,23,15,[ 2 10],36,52,67,16,46
1,<environment.Job instance at 0x146374810190>,28,1,[2 8],41,67,68,26,47
1,<environment.Job instance at 0x146374810640>,27,1,[ 1 11],40,68,69,28,48
1,<environment.Job instance at 0x14634bdf7960>,29,2,[6 1],43,50,52,7,48
1,<environment.Job instance at 0x1463482bca50>,31,3,[2 5],46,59,62,13,48
1,<environment.Job instance at 0x14634bce8690>,32,1,[2 6],47,50,51,3,48
1,<environment.Job instance at 0x14634824e0f0>,33,15,[1 7],48,69,84,21,55
1,<environment.Job instance at 0x14634b40ab40>,21,16,[1 6],33,69,85,36,56
1,<environment.Job instance at 0x14634a5131e0>,38,2,[2 7],55,84,86,29,57
1,<environment.Job instance at 0x14634a513e10>,39,1,[2 5],56,62,63,6,57
1,<environment.Job instance at 0x146375b5af50>,44,1,[6 1],66,67,68,1,67
1,<environment.Job instance at 0x146348125500>,16,1,[1 8],26,85,86,59,67
1,<environment.Job instance at 0x1463482c2a50>,24,1,[11  1],37,70,71,33,70
1,<environment.Job instance at 0x146375b5aaa0>,46,26,[9 1],72,86,112,14,83
1,<environment.Job instance at 0x146375b67640>,49,1,[9 1],76,83,84,7,83
1,<environment.Job instance at 0x146375b679b0>,50,1,[ 2 13],77,86,87,9,83
1,<environment.Job instance at 0x146375b67a50>,51,1,[1 5],78,87,88,9,83
1,<environment.Job instance at 0x146375b67e10>,52,3,[10  1],79,112,115,33,86
1,<environment.Job instance at 0x146375b67d70>,53,3,[2 9],81,87,90,6,86
1,<environment.Job instance at 0x146375b67780>,54,12,[ 2 11],83,90,102,7,86
1,<environment.Job instance at 0x146375b67460>,55,1,[2 7],86,102,103,16,86
1,<environment.Job instance at 0x146375b675f0>,56,1,[6 1],87,103,104,16,87
1,<environment.Job instance at 0x146375b67b90>,57,17,[2 6],88,104,121,16,92
1,<environment.Job instance at 0x146375b670a0>,58,1,[ 1 10],89,121,122,32,93
1,<environment.Job instance at 0x146375b67730>,59,18,[2 9],92,122,140,30,111
1,<environment.Job instance at 0x146375b67050>,60,1,[1 7],93,111,112,18,111
1,<environment.Job instance at 0x146374179730>,61,14,[1 7],95,140,154,45,125
1,<environment.Job instance at 0x146374179640>,62,2,[10  2],96,125,127,29,125
1,<environment.Job instance at 0x146374179cd0>,63,3,[5 1],97,127,130,30,125
1,<environment.Job instance at 0x146374179960>,64,14,[2 7],98,140,154,42,125
1,<environment.Job instance at 0x146374179aa0>,65,1,[8 1],100,127,128,27,125
1,<environment.Job instance at 0x146374179460>,66,12,[6 1],101,128,140,27,125
1,<environment.Job instance at 0x146374179190>,67,13,[2 6],102,154,167,52,138
1,<environment.Job instance at 0x146374179c30>,68,2,[2 8],104,154,156,50,138
1,<environment.Job instance at 0x1463741796e0>,69,3,[1 9],105,156,159,51,138
1,<environment.Job instance at 0x146374179d70>,70,17,[1 7],107,159,176,52,147
1,<environment.Job instance at 0x1463741792d0>,71,16,[8 2],110,159,175,49,147
1,<environment.Job instance at 0x146374179910>,72,3,[1 5],111,167,170,56,147
1,<environment.Job instance at 0x1463741790f0>,73,1,[7 2],113,175,176,62,147
1,<environment.Job instance at 0x1463741795f0>,74,2,[8 1],114,147,149,33,147
1,<environment.Job instance at 0x146347fa0910>,76,21,[7 1],116,175,196,59,167
1,<environment.Job instance at 0x146347fa08c0>,77,3,[1 9],117,176,179,59,167
1,<environment.Job instance at 0x146347fa0e10>,78,2,[2 5],118,170,172,52,167
1,<environment.Job instance at 0x146347fa0f50>,80,14,[6 1],120,176,190,56,167
1,<environment.Job instance at 0x146347fa0690>,81,1,[10  2],121,196,197,75,168
1,<environment.Job instance at 0x146347fa01e0>,82,2,[5 1],123,168,170,45,168
1,<environment.Job instance at 0x146347fa06e0>,83,2,[2 7],124,179,181,55,168
1,<environment.Job instance at 0x146347fa05f0>,84,23,[1 8],126,181,204,55,175
1,<environment.Job instance at 0x146347fa0230>,85,2,[1 9],129,204,206,75,177
1,<environment.Job instance at 0x146347fa0c80>,87,3,[1 8],133,206,209,73,180
1,<environment.Job instance at 0x146348d50870>,88,17,[7 2],134,202,219,68,202
1,<environment.Job instance at 0x146348d503c0>,97,2,[13  1],147,219,221,72,202
1,<environment.Job instance at 0x146348d50a00>,98,1,[6 1],149,202,203,53,202
1,<environment.Job instance at 0x146348d50dc0>,99,3,[2 8],150,209,212,59,202
1,<environment.Job instance at 0x146348d50230>,100,19,[1 5],153,206,225,53,202
1,<environment.Job instance at 0x14637671df50>,101,3,[2 7],155,212,215,57,202
1,<environment.Job instance at 0x14637671d870>,102,18,[7 2],156,221,239,65,210
1,<environment.Job instance at 0x14637671d050>,103,3,[ 1 10],157,225,228,68,210
1,<environment.Job instance at 0x146375b5a3c0>,45,2,[8 1],67,228,230,161,210
1,<environment.Job instance at 0x14637671d5f0>,105,2,[2 9],162,230,232,68,210
1,<environment.Job instance at 0x14637671de60>,106,1,[6 1],163,215,216,52,210
1,<environment.Job instance at 0x14637671d460>,107,2,[1 6],164,215,217,51,210
1,<environment.Job instance at 0x14637671daf0>,104,2,[9 2],159,239,241,80,212
1,<environment.Job instance at 0x14634b05b730>,109,2,[ 2 14],169,241,243,72,214
1,<environment.Job instance at 0x14634b05b370>,110,1,[7 2],170,217,218,47,214
1,<environment.Job instance at 0x14634b05b8c0>,111,1,[8 1],171,232,233,61,214
1,<environment.Job instance at 0x14634b05b640>,112,17,[ 2 10],172,243,260,71,231
1,<environment.Job instance at 0x14634b05b690>,113,2,[8 1],173,233,235,60,231
1,<environment.Job instance at 0x14634b05be60>,114,2,[1 8],175,235,237,60,231
1,<environment.Job instance at 0x14634b05bb40>,115,3,[2 8],176,237,240,61,231
1,<environment.Job instance at 0x14634bd29e10>,116,1,[8 2],177,243,244,66,237
1,<environment.Job instance at 0x14634bd290a0>,117,1,[2 7],180,240,241,60,237
1,<environment.Job instance at 0x14634bd29230>,118,3,[5 2],181,243,246,62,238
1,<environment.Job instance at 0x14634bd29550>,119,2,[8 2],182,244,246,62,238
1,<environment.Job instance at 0x14634bd297d0>,120,3,[2 5],185,238,241,53,238
1,<environment.Job instance at 0x146348279960>,122,1,[2 5],187,246,247,59,238
1,<environment.Job instance at 0x146348279f50>,123,3,[9 2],188,247,250,59,238
1,<environment.Job instance at 0x146348279e10>,124,3,[1 7],189,260,263,71,238
1,<environment.Job instance at 0x14637671d960>,108,12,[2 5],166,250,262,84,239
1,<environment.Job instance at 0x146348d500a0>,95,26,[2 8],145,349,375,204,349
1,<environment.Job instance at 0x1463482c25f0>,3,28,[1 6],6,6,34,0,6
1,<environment.Job instance at 0x1463482c2af0>,4,2,[1 9],9,11,13,2,11
1,<environment.Job instance at 0x1463482c2910>,9,2,[1 9],19,19,21,0,19
1,<environment.Job instance at 0x1463480ceaf0>,10,3,[1 9],21,21,24,0,21
1,<environment.Job instance at 0x14634b3ddf50>,12,15,[ 1 10],24,34,49,10,24
1,<environment.Job instance at 0x146347eb3eb0>,24,2,[8 2],40,47,49,7,47
1,<environment.Job instance at 0x146347eb30a0>,25,2,[5 2],41,47,49,6,47
1,<environment.Job instance at 0x146347eb3230>,26,2,[6 1],42,49,51,7,47
1,<environment.Job instance at 0x146347eb3c80>,27,1,[1 9],43,49,50,6,47
1,<environment.Job instance at 0x146347eb3370>,28,1,[7 1],44,49,50,5,47
1,<environment.Job instance at 0x14637670c370>,29,2,[2 5],45,50,52,5,47
1,<environment.Job instance at 0x14637670c500>,30,1,[2 8],46,50,51,4,47
1,<environment.Job instance at 0x14637670c6e0>,31,13,[5 2],47,80,93,33,80
1,<environment.Job instance at 0x14634bd0af00>,35,2,[1 9],53,80,82,27,80
1,<environment.Job instance at 0x14634bd0a0a0>,36,18,[8 1],54,80,98,26,80
1,<environment.Job instance at 0x14634bd0a960>,37,16,[7 2],55,93,109,38,80
1,<environment.Job instance at 0x14634bd0ac30>,38,3,[6 1],56,98,101,42,80
1,<environment.Job instance at 0x14634bd0a0f0>,39,2,[10  2],57,109,111,52,82
1,<environment.Job instance at 0x14634826bd70>,41,3,[ 2 12],64,82,85,18,82
1,<environment.Job instance at 0x14634826bf50>,42,3,[8 2],65,101,104,36,82
1,<environment.Job instance at 0x14639e1e5a00>,43,1,[8 2],66,104,105,38,82
1,<environment.Job instance at 0x14639e1e5af0>,44,18,[2 8],67,105,123,38,99
1,<environment.Job instance at 0x146375c547d0>,47,1,[8 1],71,111,112,40,106
1,<environment.Job instance at 0x146375c542d0>,48,1,[5 2],73,106,107,33,106
1,<environment.Job instance at 0x146375c54dc0>,49,1,[9 2],75,112,113,37,108
1,<environment.Job instance at 0x146347ee01e0>,50,1,[ 1 14],76,123,124,47,108
1,<environment.Job instance at 0x146347ee0c80>,51,2,[1 7],77,113,115,36,108
1,<environment.Job instance at 0x146347eb3410>,22,27,[9 1],35,115,142,80,113
1,<environment.Job instance at 0x146347ee0690>,52,1,[9 1],79,142,143,63,114
1,<environment.Job instance at 0x146375bbabe0>,63,2,[2 9],93,134,136,41,134
1,<environment.Job instance at 0x14634b0e4fa0>,64,1,[5 2],95,136,137,41,134
1,<environment.Job instance at 0x14634b0e40f0>,65,2,[2 6],96,137,139,41,134
1,<environment.Job instance at 0x146348391370>,66,2,[10  2],97,143,145,46,134
1,<environment.Job instance at 0x14634b0e4c30>,67,1,[ 1 14],100,139,140,39,134
1,<environment.Job instance at 0x14634bf1daa0>,68,2,[6 1],101,140,142,39,135
1,<environment.Job instance at 0x14634b0e4320>,69,2,[1 5],102,135,137,33,135
1,<environment.Job instance at 0x14634b0e4dc0>,70,3,[ 2 10],103,142,145,39,135
1,<environment.Job instance at 0x146348e3a0a0>,71,13,[2 8],104,145,158,41,135
1,<environment.Job instance at 0x146348152730>,20,1,[9 1],33,145,146,112,138
1,<environment.Job instance at 0x146375be46e0>,76,2,[1 6],111,145,147,34,138
1,<environment.Job instance at 0x146348e3ac30>,72,1,[8 2],105,147,148,42,138
1,<environment.Job instance at 0x14634bd9e910>,78,1,[5 2],115,147,148,32,138
1,<environment.Job instance at 0x146348235370>,80,17,[ 1 10],118,158,175,40,146
1,<environment.Job instance at 0x146348235e60>,81,15,[1 6],119,175,190,56,161
1,<environment.Job instance at 0x146348235aa0>,82,1,[5 1],120,161,162,41,161
1,<environment.Job instance at 0x14634908a2d0>,83,3,[2 7],122,175,178,53,161
1,<environment.Job instance at 0x14634862b410>,84,3,[8 2],124,161,164,37,161
1,<environment.Job instance at 0x14634862b3c0>,85,1,[1 9],125,178,179,53,161
1,<environment.Job instance at 0x14634862b0f0>,86,1,[8 1],126,164,165,38,161
1,<environment.Job instance at 0x14634862be10>,87,2,[ 1 10],130,190,192,60,163
1,<environment.Job instance at 0x14634862b7d0>,88,3,[2 7],131,179,182,48,163
1,<environment.Job instance at 0x14634862b370>,89,1,[2 6],134,182,183,48,163
1,<environment.Job instance at 0x14634860fa00>,90,2,[8 2],135,165,167,30,163
1,<environment.Job instance at 0x14634be02320>,91,3,[ 2 10],136,192,195,56,166
1,<environment.Job instance at 0x14634be02e10>,92,3,[2 6],137,183,186,46,166
1,<environment.Job instance at 0x146384a6fd70>,94,3,[6 2],140,166,169,26,166
1,<environment.Job instance at 0x146384a6f190>,95,2,[6 2],142,167,169,25,166
1,<environment.Job instance at 0x14634bd0ec80>,96,2,[9 2],144,169,171,25,166
1,<environment.Job instance at 0x14634bd85640>,98,1,[1 9],147,186,187,39,166
1,<environment.Job instance at 0x146347f06dc0>,100,1,[9 1],149,172,173,23,172
1,<environment.Job instance at 0x146347f06eb0>,101,2,[1 9],150,187,189,37,172
1,<environment.Job instance at 0x146347f065f0>,102,2,[1 5],152,173,175,21,172
1,<environment.Job instance at 0x146347f06aa0>,103,1,[2 9],153,189,190,36,172
1,<environment.Job instance at 0x146347f06140>,104,2,[6 1],154,175,177,21,172
1,<environment.Job instance at 0x146347f06820>,105,17,[8 2],155,190,207,35,178
1,<environment.Job instance at 0x146347f06b90>,106,1,[5 1],156,179,180,23,178
1,<environment.Job instance at 0x146347f061e0>,107,18,[11  2],158,207,225,49,203
1,<environment.Job instance at 0x146347f06af0>,108,1,[9 1],160,225,226,65,203
1,<environment.Job instance at 0x146347f06460>,109,19,[2 8],161,203,222,42,203
1,<environment.Job instance at 0x14634b3d6280>,110,1,[8 1],162,226,227,64,203
1,<environment.Job instance at 0x14634b3d6e10>,111,1,[1 5],164,203,204,39,203
1,<environment.Job instance at 0x14634b3d6820>,112,16,[2 5],165,204,220,39,203
1,<environment.Job instance at 0x14634b3d61e0>,113,2,[6 2],167,225,227,58,203
1,<environment.Job instance at 0x14634c13b960>,114,3,[2 6],168,222,225,54,203
1,<environment.Job instance at 0x14634c13bd70>,115,16,[2 6],170,227,243,57,214
1,<environment.Job instance at 0x14634c13ba00>,117,3,[2 7],172,222,225,50,214
1,<environment.Job instance at 0x14634c13bb40>,118,1,[ 1 10],173,226,227,53,214
1,<environment.Job instance at 0x14634c13b050>,119,1,[2 5],174,220,221,46,214
1,<environment.Job instance at 0x14634c13bbe0>,120,2,[1 9],175,227,229,52,214
1,<environment.Job instance at 0x14634c13bd20>,122,3,[2 6],177,229,232,52,215
1,<environment.Job instance at 0x14634c13b370>,123,1,[1 5],178,221,222,43,215
1,<environment.Job instance at 0x14634c13b8c0>,124,2,[6 2],179,229,231,50,216
1,<environment.Job instance at 0x14634bd0b0f0>,126,2,[7 2],182,231,233,49,219
1,<environment.Job instance at 0x14634bd0bd20>,127,1,[9 2],184,233,234,49,219
1,<environment.Job instance at 0x14634bd0b2d0>,130,17,[9 2],189,234,251,45,230
1,<environment.Job instance at 0x1463740b1aa0>,1,2,[8 2],7,7,9,0,7
1,<environment.Job instance at 0x1463740b1550>,3,17,[1 8],9,9,26,0,9
1,<environment.Job instance at 0x146347cdd230>,11,2,[2 6],22,22,24,0,22
1,<environment.Job instance at 0x146347d65cd0>,13,3,[1 7],24,24,27,0,24
1,<environment.Job instance at 0x146347d65e10>,15,14,[2 7],27,27,41,0,27
1,<environment.Job instance at 0x146347d65c80>,19,3,[5 2],33,33,36,0,33
1,<environment.Job instance at 0x146347d656e0>,20,1,[8 2],34,34,35,0,34
1,<environment.Job instance at 0x146347d65c30>,16,3,[5 1],29,35,38,6,34
1,<environment.Job instance at 0x146347d65230>,21,3,[1 7],36,36,39,0,36
1,<environment.Job instance at 0x146347d65f00>,22,2,[2 8],38,39,41,1,38
1,<environment.Job instance at 0x146347cd5eb0>,23,2,[1 8],39,41,43,2,39
1,<environment.Job instance at 0x146347cd5dc0>,24,3,[1 7],42,42,45,0,42
1,<environment.Job instance at 0x146347cd5b90>,25,1,[1 8],45,45,46,0,45
1,<environment.Job instance at 0x146347cf5500>,26,1,[7 2],48,48,49,0,48
1,<environment.Job instance at 0x146347cf5af0>,27,3,[2 9],49,49,52,0,49
1,<environment.Job instance at 0x146347cf5f00>,28,16,[2 5],50,50,66,0,50
1,<environment.Job instance at 0x14634b221730>,29,17,[ 1 14],51,66,83,15,54
1,<environment.Job instance at 0x1463740bc730>,37,15,[2 5],62,1506,1521,1444,1506
1,<environment.Job instance at 0x1463740bc370>,43,2,[1 5],69,1536,1538,1467,1536
1,<environment.Job instance at 0x1463740bc870>,44,2,[ 2 10],70,1536,1538,1466,1536
1,<environment.Job instance at 0x1463740bc500>,47,1,[ 1 10],74,1538,1539,1464,1538
1,<environment.Job instance at 0x1463740bc780>,48,3,[2 7],76,1539,1542,1463,1538
1,<environment.Job instance at 0x1463740bcbe0>,49,2,[9 1],77,1540,1542,1463,1540
1,<environment.Job instance at 0x1463740bcb90>,50,2,[7 1],78,1542,1544,1464,1540
1,<environment.Job instance at 0x1463740bcdc0>,51,3,[5 1],81,1542,1545,1461,1541
1,<environment.Job instance at 0x1463740bc2d0>,52,3,[1 5],82,1541,1544,1459,1541
1,<environment.Job instance at 0x1463740bc4b0>,53,15,[2 9],84,1544,1559,1460,1541
1,<environment.Job instance at 0x1463740bc320>,54,1,[ 2 10],88,1559,1560,1471,1555
1,<environment.Job instance at 0x146347ba5cd0>,55,2,[1 8],89,1560,1562,1471,1555
1,<environment.Job instance at 0x146347ba5dc0>,56,2,[14  2],90,1560,1562,1470,1557
1,<environment.Job instance at 0x146347ba5e10>,57,2,[6 1],92,1558,1560,1466,1558
1,<environment.Job instance at 0x146347ba54b0>,58,3,[2 5],93,1562,1565,1469,1558
1,<environment.Job instance at 0x146347d08190>,1,1,[1 6],2,2,3,0,2
1,<environment.Job instance at 0x146347c3b140>,0,2,[1 5],1,2,4,1,2
1,<environment.Job instance at 0x146347ba5460>,3,1,[11  2],4,4,5,0,4
1,<environment.Job instance at 0x14634be29870>,4,2,[2 9],6,6,8,0,6
1,<environment.Job instance at 0x146347fe7500>,8,1,[8 1],17,17,18,0,17
1,<environment.Job instance at 0x146347fe76e0>,9,1,[7 1],18,18,19,0,18
1,<environment.Job instance at 0x146347fe70a0>,10,12,[1 6],19,19,31,0,19
1,<environment.Job instance at 0x146347fe7f00>,11,2,[1 5],20,20,22,0,20
1,<environment.Job instance at 0x146347fe70f0>,12,3,[2 9],21,22,25,1,21
1,<environment.Job instance at 0x146347fe7640>,13,2,[1 6],22,25,27,3,22
1,<environment.Job instance at 0x1463480f3140>,14,14,[1 8],23,27,41,4,23
1,<environment.Job instance at 0x1463480f3e60>,17,2,[7 1],27,31,33,4,31
1,<environment.Job instance at 0x1463480f3910>,21,1,[6 2],31,31,32,0,31
1,<environment.Job instance at 0x14634824ed70>,22,2,[ 2 10],32,41,43,9,32
1,<environment.Job instance at 0x146348dcc960>,23,1,[5 2],33,33,34,0,33
1,<environment.Job instance at 0x146348331690>,24,13,[ 2 14],34,43,56,9,34
1,<environment.Job instance at 0x146347de2280>,20,1,[1 9],30,56,57,26,43
1,<environment.Job instance at 0x14634bdf7d70>,27,1,[ 2 10],39,57,58,18,43
1,<environment.Job instance at 0x14634bdf7370>,28,2,[7 2],40,56,58,16,43
1,<environment.Job instance at 0x14634bd06500>,26,3,[1 8],38,58,61,20,44
1,<environment.Job instance at 0x146348d590f0>,30,26,[10  2],43,58,84,15,55
1,<environment.Job instance at 0x146348e4d640>,31,13,[ 1 10],44,61,74,17,55
1,<environment.Job instance at 0x14634bdf70a0>,29,2,[1 6],41,74,76,33,56
1,<environment.Job instance at 0x14637409a280>,34,2,[1 7],48,74,76,26,56
1,<environment.Job instance at 0x14634bd31cd0>,33,1,[2 9],47,76,77,29,56
1,<environment.Job instance at 0x146348544cd0>,37,2,[ 1 12],51,77,79,26,56
1,<environment.Job instance at 0x146348e4adc0>,36,1,[5 1],50,56,57,6,56
1,<environment.Job instance at 0x14634801bb90>,38,3,[2 5],57,58,61,1,58
1,<environment.Job instance at 0x1463766d0d20>,39,1,[5 2],59,79,80,20,60
1,<environment.Job instance at 0x1463766d0370>,41,13,[1 5],61,80,93,19,64
1,<environment.Job instance at 0x1463766d0190>,42,3,[1 8],62,80,83,18,64
1,<environment.Job instance at 0x1463766d0f50>,43,2,[7 1],64,84,86,20,64
1,<environment.Job instance at 0x1463766d0500>,44,2,[2 8],66,83,85,17,66
1,<environment.Job instance at 0x1463766d0fa0>,45,1,[1 6],68,85,86,17,68
1,<environment.Job instance at 0x146384163c30>,47,1,[2 8],71,86,87,15,71
1,<environment.Job instance at 0x1463766d0960>,40,16,[ 1 10],60,87,103,27,74
1,<environment.Job instance at 0x146384163cd0>,48,1,[11  2],74,86,87,12,82
1,<environment.Job instance at 0x146384163500>,50,28,[ 2 12],78,103,131,25,102
1,<environment.Job instance at 0x14634bd0c780>,52,2,[ 1 10],81,131,133,50,119
1,<environment.Job instance at 0x146384163460>,53,16,[1 5],82,131,147,49,119
1,<environment.Job instance at 0x1463841631e0>,49,15,[2 9],77,133,148,56,119
1,<environment.Job instance at 0x14634bd0c690>,55,2,[2 9],85,148,150,63,121
1,<environment.Job instance at 0x14634bd0c320>,58,23,[2 8],88,150,173,62,144
1,<environment.Job instance at 0x14634bd0cd70>,59,3,[2 5],90,147,150,57,144
1,<environment.Job instance at 0x14634bd0ceb0>,60,2,[5 1],91,151,153,60,151
1,<environment.Job instance at 0x14634bd0c140>,61,2,[ 1 10],92,173,175,81,151
1,<environment.Job instance at 0x14634bd0c6e0>,63,3,[ 1 12],94,175,178,81,151
1,<environment.Job instance at 0x14634bd0cb40>,64,1,[8 2],96,164,165,68,164
1,<environment.Job instance at 0x14634bd0c960>,65,1,[8 1],97,165,166,68,165
1,<environment.Job instance at 0x14634bd0c550>,66,24,[2 9],98,178,202,80,173
1,<environment.Job instance at 0x14634bd0cd20>,67,1,[2 7],101,202,203,101,174
1,<environment.Job instance at 0x14634bd0cbe0>,68,25,[6 2],102,174,199,72,174
1,<environment.Job instance at 0x14634bd0c280>,71,28,[ 1 10],108,203,231,95,202
1,<environment.Job instance at 0x1463841cdb90>,72,2,[7 1],109,203,205,94,203
1,<environment.Job instance at 0x1463841cd280>,73,2,[2 7],110,231,233,121,204
1,<environment.Job instance at 0x1463841cd550>,74,1,[6 2],111,204,205,93,204
1,<environment.Job instance at 0x1463841cd4b0>,75,2,[1 5],112,205,207,93,204
1,<environment.Job instance at 0x1463841cd0f0>,76,13,[ 2 10],113,233,246,120,217
1,<environment.Job instance at 0x1463841cd9b0>,77,3,[7 1],114,217,220,103,217
1,<environment.Job instance at 0x1463841cd870>,78,3,[7 2],115,218,221,103,218
1,<environment.Job instance at 0x1463841cd960>,79,24,[2 9],117,246,270,129,241
1,<environment.Job instance at 0x1463841cda50>,80,1,[6 2],120,241,242,121,241
1,<environment.Job instance at 0x1463841cd910>,83,16,[1 5],125,258,274,133,258
1,<environment.Job instance at 0x1463841cdaa0>,84,1,[1 5],126,270,271,144,258
1,<environment.Job instance at 0x1463841cd780>,85,3,[ 2 10],127,271,274,144,258
1,<environment.Job instance at 0x1463841cdc30>,86,3,[2 9],128,274,277,146,258
1,<environment.Job instance at 0x1463841cdf50>,87,15,[11  2],129,316,331,187,316
1,<environment.Job instance at 0x1463841cd690>,88,15,[2 9],131,316,331,185,316
1,<environment.Job instance at 0x146384ed7af0>,91,3,[6 2],136,331,334,195,317
1,<environment.Job instance at 0x146384ed76e0>,92,2,[2 7],137,331,333,194,317
1,<environment.Job instance at 0x146384ed79b0>,93,3,[2 5],139,331,334,192,317
1,<environment.Job instance at 0x1463480f3c80>,16,2,[12  2],25,334,336,309,317
1,<environment.Job instance at 0x146384ed78c0>,96,1,[7 1],145,333,334,188,317
1,<environment.Job instance at 0x1463480f3870>,18,1,[1 8],28,334,335,306,317
1,<environment.Job instance at 0x146384ed7b40>,100,1,[9 1],149,336,337,187,317
1,<environment.Job instance at 0x146384ed7e10>,102,2,[2 5],152,334,336,182,318
1,<environment.Job instance at 0x146384ed7910>,104,14,[2 6],154,336,350,182,321
1,<environment.Job instance at 0x146384ed7aa0>,105,2,[1 9],156,337,339,181,321
1,<environment.Job instance at 0x14634b0f2be0>,107,15,[2 6],158,339,354,181,325
1,<environment.Job instance at 0x14634b0f20a0>,109,1,[2 7],160,336,337,176,325
1,<environment.Job instance at 0x14634b0f2960>,110,3,[2 7],162,350,353,188,325
1,<environment.Job instance at 0x14634b0f2e10>,111,3,[ 2 10],163,354,357,191,328
1,<environment.Job instance at 0x14634b0f2370>,112,2,[6 1],164,339,341,175,331
1,<environment.Job instance at 0x14634b0f2230>,114,1,[1 6],166,335,336,169,331
1,<environment.Job instance at 0x14634b0f2b90>,113,3,[ 1 10],165,357,360,192,331
1,<environment.Job instance at 0x14634b0f26e0>,115,3,[8 2],168,341,344,173,331
1,<environment.Job instance at 0x14634b0f2b40>,117,2,[10  2],170,344,346,174,331
1,<environment.Job instance at 0x14634b0f2730>,118,1,[1 6],171,353,354,182,331
1,<environment.Job instance at 0x14634b0f2aa0>,121,15,[8 1],174,351,366,177,351
1,<environment.Job instance at 0x146375bd36e0>,123,3,[1 6],176,360,363,184,352
1,<environment.Job instance at 0x14634bd0c730>,56,26,[1 9],86,363,389,277,360
1,<environment.Job instance at 0x146375bd3a50>,125,2,[6 1],179,360,362,181,360
1,<environment.Job instance at 0x146375bd3eb0>,126,1,[2 8],180,362,363,182,360
1,<environment.Job instance at 0x146375bd3f50>,127,2,[6 1],181,363,365,182,360
1,<environment.Job instance at 0x146375bd3910>,130,2,[2 9],185,389,391,204,372
1,<environment.Job instance at 0x14634b0f2550>,122,1,[ 1 12],175,391,392,216,372
1,<environment.Job instance at 0x146375bd3640>,128,15,[2 9],182,392,407,210,378
1,<environment.Job instance at 0x146375bd3a00>,133,3,[2 5],189,388,391,199,388
1,<environment.Job instance at 0x14634b0f2e60>,119,1,[5 1],172,405,406,233,405
1,<environment.Job instance at 0x146375e91fa0>,2,1,[ 2 10],5,6,7,1,6
1,<environment.Job instance at 0x146375b4fc30>,3,27,[10  1],7,7,34,0,7
1,<environment.Job instance at 0x1463485fdc30>,5,3,[1 8],9,9,12,0,9
1,<environment.Job instance at 0x14634becfdc0>,9,2,[6 2],16,34,36,18,16
1,<environment.Job instance at 0x146348d99e60>,11,2,[ 2 10],23,23,25,0,23
1,<environment.Job instance at 0x146348d995f0>,14,3,[2 6],26,26,29,0,26
1,<environment.Job instance at 0x146348d998c0>,15,3,[2 9],27,29,32,2,27
1,<environment.Job instance at 0x146348d99e10>,16,2,[8 1],28,34,36,6,28
1,<environment.Job instance at 0x1463766e6be0>,18,3,[8 1],31,36,39,5,31
1,<environment.Job instance at 0x14639c20a0a0>,19,2,[2 6],36,36,38,0,36
1,<environment.Job instance at 0x14639c20a5a0>,20,3,[10  1],37,39,42,2,37
1,<environment.Job instance at 0x14639c20a870>,21,3,[1 8],39,39,42,0,39
1,<environment.Job instance at 0x146384052230>,22,2,[5 2],41,42,44,1,41
1,<environment.Job instance at 0x1463478c7b90>,23,1,[2 7],43,43,44,0,43
1,<environment.Job instance at 0x146347f72d70>,24,1,[2 9],44,44,45,0,44
1,<environment.Job instance at 0x14634888bf50>,25,3,[ 2 10],45,45,48,0,45
1,<environment.Job instance at 0x14634888bfa0>,26,2,[6 1],46,46,48,0,46
1,<environment.Job instance at 0x14634860fd20>,27,1,[8 1],49,49,50,0,49
1,<environment.Job instance at 0x14634860f640>,28,12,[7 1],50,50,62,0,50
1,<environment.Job instance at 0x14634b32d500>,29,26,[8 2],51,51,77,0,51
1,<environment.Job instance at 0x14634b32d870>,30,16,[1 7],52,62,78,10,53
1,<environment.Job instance at 0x14634b32de10>,31,14,[5 1],53,62,76,9,53
1,<environment.Job instance at 0x14634b32d910>,33,3,[ 2 10],55,78,81,23,62
1,<environment.Job instance at 0x14634b32dfa0>,35,2,[5 1],57,76,78,19,67
1,<environment.Job instance at 0x14634b3126e0>,37,3,[2 7],60,81,84,21,67
1,<environment.Job instance at 0x14634b1321e0>,39,12,[5 1],62,92,104,30,92
1,<environment.Job instance at 0x1463480c8a00>,44,2,[9 1],70,92,94,22,92
1,<environment.Job instance at 0x1463480c8730>,46,17,[7 1],73,94,111,21,92
1,<environment.Job instance at 0x146348d99960>,13,3,[7 1],25,458,461,433,458
1,<environment.Job instance at 0x146348598d70>,52,17,[2 7],82,459,476,377,459
1,<environment.Job instance at 0x1463485441e0>,0,1,[ 1 10],2,3,4,1,3
1,<environment.Job instance at 0x14634808c3c0>,3,12,[1 7],6,6,18,0,6
1,<environment.Job instance at 0x1463482a0f50>,5,3,[1 9],8,18,21,10,9
1,<environment.Job instance at 0x14634bcf12d0>,12,1,[2 6],19,19,20,0,19
1,<environment.Job instance at 0x146374088a00>,13,3,[ 2 10],20,21,24,1,20
1,<environment.Job instance at 0x146347eca6e0>,14,12,[1 6],21,24,36,3,21
1,<environment.Job instance at 0x1463479133c0>,19,2,[5 2],28,30,32,2,30
1,<environment.Job instance at 0x1463479342d0>,22,2,[5 1],32,32,34,0,32
1,<environment.Job instance at 0x146347934d70>,23,3,[6 2],35,35,38,0,35
1,<environment.Job instance at 0x146375bb5aa0>,24,17,[1 7],36,36,53,0,36
1,<environment.Job instance at 0x1463480bfaf0>,18,2,[ 2 11],27,53,55,26,38
1,<environment.Job instance at 0x1463483a5aa0>,25,1,[7 1],37,38,39,1,38
1,<environment.Job instance at 0x1463483a5140>,28,1,[ 2 10],40,55,56,15,40
1,<environment.Job instance at 0x1463483a5a50>,29,2,[1 9],41,56,58,15,41
1,<environment.Job instance at 0x1463483a5730>,30,12,[ 2 10],42,58,70,16,42
1,<environment.Job instance at 0x1463483a5f50>,31,14,[12  2],44,67,81,23,67
1,<environment.Job instance at 0x146375a58b40>,35,17,[1 8],49,70,87,21,67
1,<environment.Job instance at 0x14634bcb8fa0>,20,3,[5 2],29,81,84,52,67
1,<environment.Job instance at 0x146375a58820>,36,1,[1 8],50,87,88,37,67
1,<environment.Job instance at 0x14638419ce10>,40,18,[1 9],56,88,106,32,77
1,<environment.Job instance at 0x14638419c640>,41,2,[7 2],57,81,83,24,77
1,<environment.Job instance at 0x14638419c0a0>,42,3,[2 5],58,77,80,19,77
1,<environment.Job instance at 0x14638419c370>,43,1,[ 1 10],60,106,107,46,78
1,<environment.Job instance at 0x1463480b1dc0>,44,2,[1 7],61,84,86,23,78
1,<environment.Job instance at 0x1463480b1370>,45,1,[7 2],62,83,84,21,78
1,<environment.Job instance at 0x146348298e10>,46,1,[5 1],63,86,87,23,78
1,<environment.Job instance at 0x146348298c80>,47,2,[9 2],64,86,88,22,78
1,<environment.Job instance at 0x1463478aa370>,48,3,[10  1],65,88,91,23,78
1,<environment.Job instance at 0x14637416b6e0>,50,3,[ 2 14],67,107,110,40,81
1,<environment.Job instance at 0x14637416b3c0>,51,2,[10  2],68,91,93,23,81
1,<environment.Job instance at 0x14634826ba50>,52,3,[1 9],70,110,113,40,84
1,<environment.Job instance at 0x14634826b640>,53,1,[5 1],71,87,88,16,84
1,<environment.Job instance at 0x14634826b320>,54,1,[11  2],73,93,94,20,84
1,<environment.Job instance at 0x14634826beb0>,55,2,[7 2],74,94,96,20,84
1,<environment.Job instance at 0x14634826b7d0>,56,2,[2 9],75,113,115,38,86
1,<environment.Job instance at 0x14634826baf0>,57,3,[2 5],77,88,91,11,86
1,<environment.Job instance at 0x14634826b9b0>,58,18,[2 5],79,110,128,31,99
1,<environment.Job instance at 0x14634826b140>,59,18,[ 1 10],80,115,133,35,104
1,<environment.Job instance at 0x14634826b190>,60,3,[8 2],81,104,107,23,104
1,<environment.Job instance at 0x146375a71c80>,61,1,[9 2],82,128,129,46,104
1,<environment.Job instance at 0x146375a71b90>,62,18,[2 7],83,133,151,50,122
1,<environment.Job instance at 0x146375a71320>,63,20,[1 5],84,129,149,45,122
1,<environment.Job instance at 0x146375a718c0>,64,2,[7 2],85,133,135,48,122
1,<environment.Job instance at 0x146375a710f0>,65,2,[1 8],86,149,151,63,122
1,<environment.Job instance at 0x146375a710a0>,67,1,[9 1],88,135,136,47,125
1,<environment.Job instance at 0x146375a71500>,68,2,[ 2 10],89,151,153,62,125
1,<environment.Job instance at 0x146375a71050>,69,2,[7 1],91,136,138,45,125
1,<environment.Job instance at 0x146375a71730>,70,1,[2 8],94,153,154,59,125
1,<environment.Job instance at 0x146375a71e60>,71,2,[ 1 10],96,154,156,58,127
1,<environment.Job instance at 0x146375a71fa0>,72,25,[2 5],97,151,176,54,147
1,<environment.Job instance at 0x146375a71460>,73,3,[10  2],98,156,159,58,147
1,<environment.Job instance at 0x146375a71eb0>,74,3,[8 2],99,159,162,60,147
1,<environment.Job instance at 0x1463482a23c0>,75,2,[ 2 10],101,162,164,61,147
1,<environment.Job instance at 0x1463482a27d0>,76,3,[2 9],102,164,167,62,147
1,<environment.Job instance at 0x1463482a2280>,78,16,[1 8],105,167,183,62,154
1,<environment.Job instance at 0x1463482a2960>,79,2,[6 2],107,167,169,60,154
1,<environment.Job instance at 0x1463482a2870>,80,3,[8 2],108,169,172,61,154
1,<environment.Job instance at 0x1463482a2370>,81,2,[2 5],109,156,158,47,154
1,<environment.Job instance at 0x1463482a2eb0>,82,2,[7 2],110,172,174,62,154
1,<environment.Job instance at 0x1463482a2be0>,83,3,[2 5],112,158,161,46,154
1,<environment.Job instance at 0x1463482a2af0>,84,3,[5 2],114,174,177,60,154
1,<environment.Job instance at 0x1463482a2190>,86,2,[10  1],117,164,166,47,158
1,<environment.Job instance at 0x1463482a2410>,87,1,[ 1 10],118,183,184,65,158
1,<environment.Job instance at 0x1463482a2f00>,88,2,[1 9],120,184,186,64,158
1,<environment.Job instance at 0x1463482a2730>,89,3,[7 1],121,176,179,55,158
1,<environment.Job instance at 0x1463482a2d70>,90,16,[ 2 10],123,186,202,63,173
1,<environment.Job instance at 0x1463482a2550>,91,26,[2 5],124,177,203,53,174
1,<environment.Job instance at 0x14634b451a50>,92,14,[ 1 10],126,202,216,76,187
1,<environment.Job instance at 0x1463478a85f0>,93,3,[8 2],127,203,206,76,187
1,<environment.Job instance at 0x1463478a85a0>,94,2,[9 1],128,206,208,78,187
1,<environment.Job instance at 0x1463478a8460>,95,14,[5 2],129,203,217,74,188
1,<environment.Job instance at 0x1463478a8820>,96,3,[2 8],130,216,219,86,190
1,<environment.Job instance at 0x1463478a8140>,98,3,[1 6],132,217,220,85,192
1,<environment.Job instance at 0x1463478a8e10>,99,1,[1 6],135,219,220,84,192
1,<environment.Job instance at 0x1463478a8f00>,100,1,[ 2 10],137,220,221,83,192
1,<environment.Job instance at 0x1463478a8a00>,101,1,[ 1 14],138,221,222,83,193
1,<environment.Job instance at 0x1463478a84b0>,102,1,[5 1],139,208,209,69,193
1,<environment.Job instance at 0x1463478a8be0>,103,1,[2 9],140,222,223,82,194
1,<environment.Job instance at 0x1463478a8050>,104,3,[9 1],141,209,212,68,194
1,<environment.Job instance at 0x1463478a8e60>,105,14,[5 2],142,222,236,80,217
1,<environment.Job instance at 0x146375b8cf00>,113,12,[1 6],156,223,235,67,220
1,<environment.Job instance at 0x146375b8c870>,114,14,[2 8],157,235,249,78,220
1,<environment.Job instance at 0x146375b8c910>,116,15,[ 1 10],159,249,264,90,235
1,<environment.Job instance at 0x146375b8c7d0>,117,3,[2 7],160,236,239,76,235
1,<environment.Job instance at 0x146347b47050>,118,2,[5 2],161,239,241,78,235
1,<environment.Job instance at 0x146347b47140>,119,1,[6 2],162,235,236,73,235
1,<environment.Job instance at 0x146347b47500>,121,2,[2 6],164,241,243,77,235
1,<environment.Job instance at 0x146347b47690>,122,3,[7 2],166,243,246,77,235
1,<environment.Job instance at 0x146347b470a0>,123,14,[1 8],167,264,278,97,249
1,<environment.Job instance at 0x146347b47280>,124,3,[2 6],168,264,267,96,249
1,<environment.Job instance at 0x146347b47190>,125,2,[1 5],169,249,251,80,249
1,<environment.Job instance at 0x146347b475f0>,126,16,[7 1],170,251,267,81,249
1,<environment.Job instance at 0x146347b47780>,128,3,[1 9],172,278,281,106,252
1,<environment.Job instance at 0x1463478a8870>,106,3,[1 6],144,267,270,123,252
1,<environment.Job instance at 0x146347b47f50>,131,1,[10  1],177,267,268,90,252
1,<environment.Job instance at 0x146347b47320>,130,1,[2 6],175,270,271,95,252
1,<environment.Job instance at 0x146347b47f00>,133,2,[ 1 10],185,281,283,96,254
1,<environment.Job instance at 0x146347aefa00>,134,14,[1 9],186,283,297,97,268
1,<environment.Job instance at 0x146347aef190>,136,1,[8 2],189,271,272,82,268
1,<environment.Job instance at 0x146347a7ec80>,2,2,[7 1],5,7,9,2,7
1,<environment.Job instance at 0x146347a7e5a0>,4,1,[2 5],8,8,9,0,8
1,<environment.Job instance at 0x146347a63d70>,5,1,[8 1],12,12,13,0,12
1,<environment.Job instance at 0x146347a63fa0>,6,15,[14  1],13,436,451,423,436
1,<environment.Job instance at 0x146347a63c80>,8,15,[6 1],15,451,466,436,437
1,<environment.Job instance at 0x146347a63550>,11,2,[8 1],19,451,453,432,437
1,<environment.Job instance at 0x146347a637d0>,12,1,[7 1],20,453,454,433,437
1,<environment.Job instance at 0x146347a63be0>,13,16,[7 2],21,454,470,433,441
1,<environment.Job instance at 0x146347a63d20>,10,1,[2 6],18,453,454,435,449
1,<environment.Job instance at 0x146376770230>,17,3,[ 2 13],28,466,469,438,449
1,<environment.Job instance at 0x146376770af0>,18,2,[2 5],29,454,456,425,449
1,<environment.Job instance at 0x146376770fa0>,19,1,[1 7],32,449,450,417,449
1,<environment.Job instance at 0x146376770f00>,20,1,[ 1 10],34,450,451,416,449
1,<environment.Job instance at 0x1463767701e0>,22,3,[ 2 13],37,469,472,432,449
1,<environment.Job instance at 0x146376770960>,23,2,[2 8],38,456,458,418,449
1,<environment.Job instance at 0x14634bce6cd0>,24,20,[1 7],42,472,492,430,463
1,<environment.Job instance at 0x14634bce6c80>,25,1,[10  1],43,470,471,427,463
1,<environment.Job instance at 0x146347a63280>,14,14,[10  1],23,471,485,448,463
1,<environment.Job instance at 0x14634bce6c30>,27,3,[6 1],45,485,488,440,477
1,<environment.Job instance at 0x14634bce6b90>,28,14,[ 2 10],46,492,506,446,477
1,<environment.Job instance at 0x14634bce6320>,31,2,[7 1],50,485,487,435,477
1,<environment.Job instance at 0x14634bce60f0>,32,1,[5 1],51,487,488,436,477
1,<environment.Job instance at 0x14634bce6640>,33,3,[1 7],52,477,480,425,477
1,<environment.Job instance at 0x14634bce6910>,34,1,[9 1],56,488,489,432,477
1,<environment.Job instance at 0x14634bce61e0>,35,14,[11  2],57,489,503,432,477
1,<environment.Job instance at 0x14634bce67d0>,30,1,[1 7],49,480,481,431,479
1,<environment.Job instance at 0x14634bce6870>,38,1,[10  1],62,503,504,441,481
1,<environment.Job instance at 0x146375c39410>,40,18,[12  2],64,504,522,440,498
1,<environment.Job instance at 0x146375c39c30>,41,2,[ 1 13],65,506,508,441,498
1,<environment.Job instance at 0x146375c39370>,44,3,[2 7],68,508,511,440,498
1,<environment.Job instance at 0x146375c391e0>,46,17,[6 2],75,522,539,447,510
1,<environment.Job instance at 0x146375c396e0>,48,2,[2 6],78,511,513,433,510
1,<environment.Job instance at 0x146375c39a50>,49,15,[5 1],81,538,553,457,538
1,<environment.Job instance at 0x14634b2816e0>,57,1,[1 8],91,538,539,447,538
1,<environment.Job instance at 0x14634b281f50>,58,13,[1 7],93,539,552,446,538
1,<environment.Job instance at 0x14634b281410>,63,2,[6 2],102,554,556,452,554
1,<environment.Job instance at 0x14634b281e10>,64,3,[1 5],103,554,557,451,554
1,<environment.Job instance at 0x14634b281eb0>,65,1,[1 6],104,554,555,450,554
1,<environment.Job instance at 0x14634b281640>,67,2,[7 1],107,554,556,447,554
1,<environment.Job instance at 0x14634861b280>,68,3,[2 5],108,556,559,448,554
1,<environment.Job instance at 0x14634861b5f0>,69,1,[1 5],109,555,556,446,554
1,<environment.Job instance at 0x14634861b730>,70,2,[9 1],111,556,558,445,554
1,<environment.Job instance at 0x14634861b6e0>,71,12,[8 1],113,558,570,445,556
1,<environment.Job instance at 0x14634861baf0>,73,17,[1 5],119,557,574,438,556
1,<environment.Job instance at 0x14634861b460>,74,13,[2 7],120,559,572,439,556
1,<environment.Job instance at 0x1463747d9eb0>,75,2,[7 1],121,570,572,449,556
1,<environment.Job instance at 0x1463747d9370>,76,1,[2 7],124,572,573,448,556
1,<environment.Job instance at 0x1463747d9730>,77,18,[9 2],125,572,590,447,561
1,<environment.Job instance at 0x1463747d9a50>,81,15,[1 9],129,574,589,445,561
1,<environment.Job instance at 0x1463747d9190>,82,2,[1 8],130,589,591,459,562
1,<environment.Job instance at 0x1463747d95a0>,83,28,[6 2],133,590,618,457,589
1,<environment.Job instance at 0x1463747d9780>,87,14,[1 6],140,591,605,451,589
1,<environment.Job instance at 0x1463747d9fa0>,93,1,[10  1],147,618,619,471,593
1,<environment.Job instance at 0x1463747d9820>,94,1,[9 1],148,605,606,457,593
1,<environment.Job instance at 0x1463747d9b90>,92,2,[8 1],146,599,601,453,599
1,<environment.Job instance at 0x1463747d9f00>,96,2,[8 1],152,601,603,449,599
1,<environment.Job instance at 0x14634bcd8be0>,97,1,[9 1],153,606,607,453,605
1,<environment.Job instance at 0x14634bcd8a00>,98,1,[2 8],154,607,608,453,605
1,<environment.Job instance at 0x14634bcd8f50>,99,1,[1 8],155,608,609,453,605
1,<environment.Job instance at 0x14634bcd8780>,100,1,[2 9],156,609,610,453,605
1,<environment.Job instance at 0x14634bcd8500>,101,3,[ 2 10],157,610,613,453,605
1,<environment.Job instance at 0x14634bcd8dc0>,102,3,[1 7],158,613,616,455,605
1,<environment.Job instance at 0x14634bcd8280>,103,2,[5 2],159,607,609,448,607
1,<environment.Job instance at 0x14634bcd8230>,104,2,[7 1],160,609,611,449,607
1,<environment.Job instance at 0x14634bcd8a50>,105,2,[2 5],161,613,615,452,607
1,<environment.Job instance at 0x14634bcd8640>,106,1,[8 2],162,615,616,453,607
1,<environment.Job instance at 0x14634bcd82d0>,107,1,[6 1],163,611,612,448,609
1,<environment.Job instance at 0x14634bcd8460>,108,1,[10  2],164,619,620,455,609
1,<environment.Job instance at 0x14634bcd8b90>,109,3,[1 6],165,616,619,451,609
1,<environment.Job instance at 0x14634bcd87d0>,110,1,[8 2],167,616,617,449,609
1,<environment.Job instance at 0x14634bcd83c0>,111,3,[5 2],168,619,622,451,609
1,<environment.Job instance at 0x14634bcd8d70>,112,3,[2 5],172,620,623,448,609
1,<environment.Job instance at 0x14634bcd8320>,113,2,[1 6],173,617,619,444,609
1,<environment.Job instance at 0x14634bcd8e60>,114,13,[2 7],174,620,633,446,609
1,<environment.Job instance at 0x14634bcd8e10>,115,1,[1 5],177,623,624,446,609
1,<environment.Job instance at 0x14634bcd85a0>,116,1,[2 9],179,633,634,454,609
1,<environment.Job instance at 0x14634bcd80a0>,118,2,[8 2],182,622,624,440,610
1,<environment.Job instance at 0x14634bddcdc0>,119,3,[6 2],184,624,627,440,610
1,<environment.Job instance at 0x14634bddcd70>,120,2,[2 9],186,634,636,448,610
1,<environment.Job instance at 0x14634bddc190>,121,1,[8 2],187,627,628,440,612
1,<environment.Job instance at 0x14634bddc230>,122,3,[5 1],188,612,615,424,612
1,<environment.Job instance at 0x14634bddc870>,123,3,[8 1],189,628,631,439,612
1,<environment.Job instance at 0x14634bce6230>,36,14,[10  1],59,631,645,572,623
1,<environment.Job instance at 0x1463747d9140>,95,18,[6 2],149,645,663,496,634
1,<environment.Job instance at 0x146347a63370>,7,1,[12  2],14,663,664,649,659
1,<environment.Job instance at 0x14634bd6e550>,2,2,[ 1 10],4,4,6,0,4
1,<environment.Job instance at 0x14634bd6ecd0>,1,1,[1 9],2,6,7,4,4
1,<environment.Job instance at 0x14639e1cdd20>,4,3,[2 6],6,6,9,0,6
1,<environment.Job instance at 0x146348024550>,9,1,[ 2 10],12,12,13,0,12
1,<environment.Job instance at 0x1463480248c0>,10,17,[ 2 11],13,13,30,0,13
1,<environment.Job instance at 0x146348024960>,7,2,[ 2 14],10,30,32,20,14
1,<environment.Job instance at 0x146375a3e190>,11,2,[2 7],14,32,34,18,14
1,<environment.Job instance at 0x146348024b40>,12,2,[8 1],16,17,19,1,17
1,<environment.Job instance at 0x14634b350370>,13,1,[8 2],17,22,23,5,22
1,<environment.Job instance at 0x146347d064b0>,17,3,[2 9],30,34,37,4,30
1,<environment.Job instance at 0x146348d50aa0>,18,1,[6 2],32,33,34,1,33
1,<environment.Job instance at 0x146375ae7410>,27,12,[1 7],43,53,65,10,53
1,<environment.Job instance at 0x146375ae7960>,28,1,[ 2 10],44,65,66,21,53
1,<environment.Job instance at 0x146375ae7e10>,29,3,[2 9],45,66,69,21,53
1,<environment.Job instance at 0x146375ae7780>,30,20,[5 2],46,53,73,7,53
1,<environment.Job instance at 0x146375ae7320>,31,2,[2 7],48,69,71,21,53
1,<environment.Job instance at 0x146375ae7f50>,32,13,[1 8],49,71,84,22,55
1,<environment.Job instance at 0x146375ae77d0>,26,3,[5 1],42,56,59,14,56
1,<environment.Job instance at 0x146375ae72d0>,33,1,[2 8],50,84,85,34,56
1,<environment.Job instance at 0x146348026b40>,35,2,[2 9],54,85,87,31,58
1,<environment.Job instance at 0x146384109190>,36,27,[1 8],55,87,114,32,85
1,<environment.Job instance at 0x146375ae7730>,34,1,[1 5],51,85,86,34,85
1,<environment.Job instance at 0x1463740b73c0>,38,12,[5 1],57,87,99,30,87
1,<environment.Job instance at 0x1463740b7190>,39,17,[6 1],59,87,104,28,87
1,<environment.Job instance at 0x146384109910>,37,2,[1 9],56,114,116,58,98
1,<environment.Job instance at 0x146375ae7f00>,24,1,[12  1],40,104,105,64,102
1,<environment.Job instance at 0x1463478aab40>,2,20,[8 2],3,3,23,0,3
1,<environment.Job instance at 0x1463840ba5f0>,3,14,[2 9],4,4,18,0,4
1,<environment.Job instance at 0x146347b45780>,7,3,[ 2 10],11,18,21,7,11
1,<environment.Job instance at 0x1463840ba780>,6,1,[10  2],9,23,24,14,11
1,<environment.Job instance at 0x14634bcd0d70>,12,12,[2 5],17,21,33,4,17
1,<environment.Job instance at 0x1463841a0a00>,14,1,[1 8],19,21,22,2,19
1,<environment.Job instance at 0x1463841a0730>,16,2,[ 2 14],21,33,35,12,21
1,<environment.Job instance at 0x14634b3129b0>,20,2,[5 1],27,28,30,1,28
1,<environment.Job instance at 0x1463484c7cd0>,25,2,[2 6],36,36,38,0,36
1,<environment.Job instance at 0x1463484c7eb0>,26,18,[8 1],37,37,55,0,37
1,<environment.Job instance at 0x1463484c77d0>,27,3,[ 1 10],38,38,41,0,38
1,<environment.Job instance at 0x1463484c7910>,28,1,[8 2],39,55,56,16,39
1,<environment.Job instance at 0x146375eb1dc0>,22,1,[7 2],31,44,45,13,44
1,<environment.Job instance at 0x146347ae1050>,37,15,[5 1],52,54,69,2,54
1,<environment.Job instance at 0x146384047230>,39,3,[1 9],56,56,59,0,56
1,<environment.Job instance at 0x146347d83640>,40,16,[10  1],57,62,78,5,62
1,<environment.Job instance at 0x146348583be0>,35,3,[5 2],47,69,72,22,64
1,<environment.Job instance at 0x14634c156050>,43,15,[1 7],60,72,87,12,64
1,<environment.Job instance at 0x14634c156e60>,44,2,[1 7],61,72,74,11,64
1,<environment.Job instance at 0x14634c156870>,45,2,[10  1],62,78,80,16,64
1,<environment.Job instance at 0x14634b1f8c80>,46,1,[5 2],64,80,81,16,64
1,<environment.Job instance at 0x14634811ef50>,47,3,[10  1],65,81,84,16,65
1,<environment.Job instance at 0x1463840520f0>,48,1,[8 1],66,80,81,14,66
1,<environment.Job instance at 0x146348d603c0>,49,14,[1 9],67,87,101,20,72
1,<environment.Job instance at 0x146347d21e60>,50,1,[10  1],68,84,85,16,72
1,<environment.Job instance at 0x146348dd4640>,51,1,[7 2],69,85,86,16,72
1,<environment.Job instance at 0x146347d21b40>,52,3,[6 2],70,85,88,15,72
1,<environment.Job instance at 0x146348647eb0>,53,2,[9 2],71,88,90,17,72
1,<environment.Job instance at 0x146348647730>,54,1,[1 6],72,74,75,2,72
1,<environment.Job instance at 0x14638415edc0>,55,2,[2 5],73,75,77,2,73
1,<environment.Job instance at 0x14638415efa0>,58,1,[1 8],76,101,102,25,81
1,<environment.Job instance at 0x146347d83820>,42,2,[8 1],59,86,88,27,82
1,<environment.Job instance at 0x146384119c30>,61,24,[10  2],80,90,114,10,88
1,<environment.Job instance at 0x146384119a50>,62,12,[13  2],81,440,452,359,440
1,<environment.Job instance at 0x146348026190>,63,19,[8 1],82,452,471,370,442
1,<environment.Job instance at 0x1463480269b0>,64,18,[ 1 10],84,442,460,358,442
1,<environment.Job instance at 0x14638415e370>,56,15,[ 1 10],74,460,475,386,446
1,<environment.Job instance at 0x146348d1e780>,67,1,[ 1 10],88,475,476,387,447
1,<environment.Job instance at 0x1463740533c0>,70,1,[1 8],93,476,477,383,456
1,<environment.Job instance at 0x146347cb0be0>,72,1,[1 9],95,477,478,382,457
1,<environment.Job instance at 0x1463740530a0>,68,18,[10  1],91,471,489,380,460
1,<environment.Job instance at 0x146384a979b0>,78,3,[14  2],103,489,492,386,487
1,<environment.Job instance at 0x146384a97aa0>,79,3,[2 6],108,492,495,384,487
1,<environment.Job instance at 0x146384a97690>,80,1,[6 2],109,492,493,383,487
1,<environment.Job instance at 0x146384a974b0>,81,2,[1 6],110,487,489,377,487
1,<environment.Job instance at 0x146384a97f00>,82,12,[1 9],111,493,505,382,487
1,<environment.Job instance at 0x146384119500>,60,1,[11  2],79,495,496,416,487
1,<environment.Job instance at 0x146375a404b0>,88,3,[1 6],120,487,490,367,487
1,<environment.Job instance at 0x146375a40550>,89,2,[5 2],121,496,498,375,487
1,<environment.Job instance at 0x146375a40870>,90,2,[1 5],126,490,492,364,487
1,<environment.Job instance at 0x146384a976e0>,76,12,[8 2],100,496,508,396,487
1,<environment.Job instance at 0x146375a40be0>,91,3,[5 1],127,498,501,371,487
1,<environment.Job instance at 0x146375a40050>,93,1,[6 2],129,492,493,363,487
1,<environment.Job instance at 0x146375a40c80>,94,3,[ 2 10],130,505,508,375,487
1,<environment.Job instance at 0x146375a40f50>,95,3,[5 2],133,501,504,368,487
1,<environment.Job instance at 0x146375a40230>,96,2,[2 8],135,508,510,373,487
1,<environment.Job instance at 0x146375a40640>,97,3,[ 2 10],136,510,513,374,487
1,<environment.Job instance at 0x146375a403c0>,98,1,[8 1],137,508,509,371,487
1,<environment.Job instance at 0x146375a40a00>,92,13,[10  1],128,509,522,381,494
1,<environment.Job instance at 0x146375a40140>,108,3,[2 8],148,513,516,365,502
1,<environment.Job instance at 0x146375a40370>,104,22,[1 8],144,516,538,372,509
1,<environment.Job instance at 0x146348d08640>,111,2,[7 1],151,522,524,371,515
1,<environment.Job instance at 0x146348d08fa0>,113,1,[10  1],153,524,525,371,515
1,<environment.Job instance at 0x146348d08c80>,114,1,[1 7],156,525,526,369,515
1,<environment.Job instance at 0x146348d08320>,115,1,[10  2],157,526,527,369,515
1,<environment.Job instance at 0x146348d08d20>,116,1,[1 6],159,515,516,356,515
1,<environment.Job instance at 0x146348d08730>,117,2,[2 6],162,516,518,354,515
1,<environment.Job instance at 0x146348d08d70>,118,24,[2 5],163,526,550,363,521
1,<environment.Job instance at 0x146348d08c30>,120,1,[2 5],166,521,522,355,521
1,<environment.Job instance at 0x146348d08af0>,121,1,[ 1 10],167,538,539,371,521
1,<environment.Job instance at 0x146348d08410>,122,16,[2 7],168,539,555,371,526
1,<environment.Job instance at 0x146348d08190>,123,17,[2 5],169,550,567,381,538
1,<environment.Job instance at 0x146348d08370>,124,2,[ 2 10],171,555,557,384,538
1,<environment.Job instance at 0x146348d08870>,125,15,[1 9],175,557,572,382,543
1,<environment.Job instance at 0x146348d081e0>,126,3,[1 6],179,567,570,388,543
1,<environment.Job instance at 0x146348d089b0>,127,1,[6 1],182,543,544,361,543
1,<environment.Job instance at 0x146348d085f0>,128,15,[ 1 10],184,572,587,388,558
1,<environment.Job instance at 0x146348d08820>,131,3,[5 1],187,563,566,376,563
1,<environment.Job instance at 0x146348d08be0>,132,3,[1 7],188,587,590,399,563
1,<environment.Job instance at 0x146347c87b40>,2,1,[2 5],3,3,4,0,3
1,<environment.Job instance at 0x146347c87c80>,3,2,[2 6],4,4,6,0,4
1,<environment.Job instance at 0x146347f00d20>,4,1,[9 1],5,5,6,0,5
1,<environment.Job instance at 0x146347f00a50>,5,1,[1 7],6,6,7,0,6
1,<environment.Job instance at 0x1463480dd6e0>,6,12,[1 7],9,9,21,0,9
1,<environment.Job instance at 0x146347f00960>,7,2,[1 9],10,21,23,11,10
1,<environment.Job instance at 0x146347ef4690>,9,2,[1 8],12,12,14,0,12
1,<environment.Job instance at 0x146347f00dc0>,10,2,[2 6],14,14,16,0,14
1,<environment.Job instance at 0x146347ef43c0>,12,2,[9 1],16,17,19,1,17
1,<environment.Job instance at 0x14634b1d2050>,14,3,[2 5],18,18,21,0,18
1,<environment.Job instance at 0x14634b287b90>,15,2,[2 5],19,21,23,2,19
1,<environment.Job instance at 0x1463740754b0>,16,13,[1 5],20,23,36,3,20
1,<environment.Job instance at 0x146347ef47d0>,13,17,[2 6],17,23,40,6,20
1,<environment.Job instance at 0x146348070b90>,23,13,[1 8],27,36,49,9,27
1,<environment.Job instance at 0x1463484b9730>,24,3,[8 1],28,28,31,0,28
1,<environment.Job instance at 0x14637406d2d0>,25,23,[5 1],29,31,54,2,30
1,<environment.Job instance at 0x1463482410a0>,26,3,[7 2],30,31,34,1,30
1,<environment.Job instance at 0x1463484b1b90>,28,3,[2 6],35,40,43,5,35
1,<environment.Job instance at 0x146347ba5dc0>,29,18,[ 2 10],36,49,67,13,38
1,<environment.Job instance at 0x14634808ceb0>,33,2,[1 7],41,67,69,26,41
1,<environment.Job instance at 0x14634808c9b0>,34,2,[8 1],44,44,46,0,44
1,<environment.Job instance at 0x14634808c4b0>,35,3,[2 7],46,67,70,21,46
1,<environment.Job instance at 0x14634808cc80>,36,3,[7 2],47,47,50,0,47
1,<environment.Job instance at 0x1463480a77d0>,37,3,[2 8],48,69,72,21,48
1,<environment.Job instance at 0x146348074820>,38,3,[1 7],50,70,73,20,50
1,<environment.Job instance at 0x146348074d20>,39,1,[1 7],51,72,73,21,57
1,<environment.Job instance at 0x146347f5c6e0>,44,3,[ 1 10],56,73,76,17,59
1,<environment.Job instance at 0x146347f5c780>,45,3,[1 6],58,76,79,18,59
1,<environment.Job instance at 0x146384a3a5a0>,47,1,[9 1],60,66,67,6,66
1,<environment.Job instance at 0x146384a3ae60>,48,3,[2 6],62,76,79,14,66
1,<environment.Job instance at 0x146384a3a0f0>,49,2,[1 8],63,79,81,16,66
1,<environment.Job instance at 0x146384a3a460>,51,1,[2 8],66,81,82,15,66
1,<environment.Job instance at 0x14639e48da00>,52,3,[1 8],67,82,85,15,67
1,<environment.Job instance at 0x14639e2ca320>,54,1,[8 2],70,73,74,3,70
1,<environment.Job instance at 0x14634b00fe10>,55,3,[1 7],71,79,82,8,71
1,<environment.Job instance at 0x14634b00f230>,56,1,[2 7],72,82,83,10,72
1,<environment.Job instance at 0x14634b00f690>,57,3,[1 5],73,83,86,10,73
1,<environment.Job instance at 0x14634b00f320>,58,2,[6 1],74,74,76,0,74
1,<environment.Job instance at 0x14634b00f3c0>,59,1,[7 1],76,76,77,0,76
1,<environment.Job instance at 0x14634b00feb0>,60,14,[7 1],77,83,97,6,77
1,<environment.Job instance at 0x14634b00f820>,61,3,[ 2 11],78,86,89,8,78
1,<environment.Job instance at 0x146347ff4cd0>,62,2,[9 1],79,97,99,18,79
1,<environment.Job instance at 0x146347ff44b0>,63,1,[1 7],81,85,86,4,81
1,<environment.Job instance at 0x146347ff4c80>,64,18,[1 5],82,89,107,7,82
1,<environment.Job instance at 0x14639c200140>,40,17,[1 7],52,89,106,37,82
1,<environment.Job instance at 0x1463740779b0>,67,16,[6 2],87,99,115,12,97
1,<environment.Job instance at 0x146374077190>,70,3,[12  2],90,115,118,25,98
1,<environment.Job instance at 0x146374077230>,75,15,[ 2 10],95,107,122,12,98
1,<environment.Job instance at 0x1463480660a0>,81,2,[1 7],102,122,124,20,102
1,<environment.Job instance at 0x146348066320>,82,18,[5 1],103,118,136,15,110
1,<environment.Job instance at 0x146348066fa0>,84,2,[5 2],109,112,114,3,112
1,<environment.Job instance at 0x146348066aa0>,85,2,[7 1],110,118,120,8,112
1,<environment.Job instance at 0x1463480660f0>,86,1,[5 1],111,114,115,3,113
1,<environment.Job instance at 0x14634b286fa0>,87,2,[ 1 10],114,124,126,10,114
1,<environment.Job instance at 0x14634b286910>,88,2,[10  1],115,126,128,11,115
1,<environment.Job instance at 0x14634b286410>,89,23,[1 9],116,128,151,12,122
1,<environment.Job instance at 0x14634b2865a0>,90,3,[6 2],118,122,125,4,122
1,<environment.Job instance at 0x146347b9a780>,91,18,[5 2],120,128,146,8,122
1,<environment.Job instance at 0x146347b9a280>,92,1,[9 1],121,125,126,4,122
1,<environment.Job instance at 0x146347b9ac30>,93,2,[1 5],125,146,148,21,125
1,<environment.Job instance at 0x146347b9a820>,94,21,[1 8],127,151,172,24,143
1,<environment.Job instance at 0x146347b9a4b0>,96,3,[ 1 10],130,172,175,42,146
1,<environment.Job instance at 0x146347b9aaa0>,98,16,[1 8],132,175,191,43,162
1,<environment.Job instance at 0x146347b9ac80>,100,1,[1 9],135,191,192,56,163
1,<environment.Job instance at 0x146347b9a190>,102,2,[7 2],137,163,165,26,163
1,<environment.Job instance at 0x146347b9a8c0>,103,1,[ 2 10],138,192,193,54,164
1,<environment.Job instance at 0x146347b9a6e0>,104,18,[8 1],139,165,183,26,164
1,<environment.Job instance at 0x146347b9aa50>,105,2,[5 1],140,165,167,25,165
1,<environment.Job instance at 0x146347b9a5f0>,106,18,[9 1],142,183,201,41,172
1,<environment.Job instance at 0x146347ca4820>,108,2,[6 2],147,174,176,27,174
1,<environment.Job instance at 0x14634b3ff140>,111,19,[7 2],151,201,220,50,191
1,<environment.Job instance at 0x146347ca4fa0>,112,3,[1 5],153,193,196,40,191
1,<environment.Job instance at 0x14634b3ff550>,113,27,[1 8],155,193,220,38,191
1,<environment.Job instance at 0x14634b3ffa50>,114,3,[2 7],158,220,223,62,194
1,<environment.Job instance at 0x14634b3ffaa0>,116,3,[ 1 10],161,223,226,62,197
1,<environment.Job instance at 0x14634b3ffeb0>,118,1,[2 5],163,197,198,34,197
1,<environment.Job instance at 0x14634b25d230>,119,1,[2 8],164,220,221,56,197
1,<environment.Job instance at 0x14634b25da00>,120,12,[ 1 13],166,226,238,60,209
1,<environment.Job instance at 0x14634b409960>,121,3,[1 9],169,238,241,69,212
1,<environment.Job instance at 0x14634b4099b0>,122,2,[10  1],170,221,223,51,212
1,<environment.Job instance at 0x14634b4096e0>,123,1,[5 2],171,212,213,41,212
1,<environment.Job instance at 0x14634b4094b0>,124,1,[6 2],172,213,214,41,212
1,<environment.Job instance at 0x14634b409a50>,125,1,[9 1],173,223,224,50,212
1,<environment.Job instance at 0x14637418e5a0>,126,3,[1 5],175,214,217,39,212
1,<environment.Job instance at 0x14637418e3c0>,129,1,[ 1 10],178,241,242,63,213
1,<environment.Job instance at 0x14637418ea00>,132,16,[2 7],186,242,258,56,229
1,<environment.Job instance at 0x14637418e230>,133,2,[ 2 10],187,258,260,71,231
1,<environment.Job instance at 0x14637418ee60>,135,3,[ 2 10],189,260,263,71,234
1,<environment.Job instance at 0x1463480e70f0>,2,2,[1 6],5,6,8,1,6
1,<environment.Job instance at 0x14637418ee60>,3,3,[1 8],6,7,10,1,7
1,<environment.Job instance at 0x1463480a8c80>,5,22,[ 1 11],8,10,32,2,8
1,<environment.Job instance at 0x1463477d95a0>,6,2,[2 6],9,32,34,23,10
1,<environment.Job instance at 0x1463477d9870>,8,2,[5 2],12,14,16,2,14
1,<environment.Job instance at 0x14634be1be60>,11,2,[ 1 10],15,34,36,19,15
1,<environment.Job instance at 0x1463477d9730>,12,1,[6 1],17,17,18,0,17
1,<environment.Job instance at 0x14634830d460>,13,1,[ 2 10],18,36,37,18,18
1,<environment.Job instance at 0x146375b10be0>,16,3,[2 8],23,37,40,14,23
1,<environment.Job instance at 0x146348482500>,21,14,[2 9],34,40,54,6,36
1,<environment.Job instance at 0x146348204eb0>,23,1,[7 2],37,39,40,2,39
1,<environment.Job instance at 0x14634819b460>,25,17,[1 6],39,40,57,1,39
1,<environment.Job instance at 0x14634819b320>,26,1,[1 8],40,54,55,14,43
1,<environment.Job instance at 0x14634c156780>,28,1,[10  1],42,54,55,12,43
1,<environment.Job instance at 0x146374020c30>,30,1,[6 2],44,55,56,11,44
1,<environment.Job instance at 0x1463740200f0>,33,2,[ 1 12],49,57,59,8,49
1,<environment.Job instance at 0x14634b42d7d0>,35,19,[2 9],54,59,78,5,54
1,<environment.Job instance at 0x14634b42dc80>,36,2,[8 1],55,55,57,0,55
1,<environment.Job instance at 0x14634b42d370>,37,3,[10  2],56,57,60,1,56
1,<environment.Job instance at 0x14634b2758c0>,38,2,[5 1],57,60,62,3,57
1,<environment.Job instance at 0x146347c57230>,39,16,[2 8],59,78,94,19,65
1,<environment.Job instance at 0x146347c57280>,40,3,[5 2],60,65,68,5,65
1,<environment.Job instance at 0x146347c572d0>,41,3,[2 9],61,94,97,33,68
1,<environment.Job instance at 0x14634af76d70>,42,12,[2 9],63,97,109,34,82
1,<environment.Job instance at 0x1463482046e0>,24,1,[1 5],38,85,86,47,85
1,<environment.Job instance at 0x1463488a2820>,59,15,[1 5],86,93,108,7,93
1,<environment.Job instance at 0x14634907eb90>,62,1,[2 5],94,108,109,14,95
1,<environment.Job instance at 0x14634b2ad5a0>,64,2,[1 7],97,109,111,12,97
1,<environment.Job instance at 0x14634b2ad5f0>,65,2,[12  1],98,100,102,2,100
1,<environment.Job instance at 0x146348377960>,67,1,[7 1],100,102,103,2,100
1,<environment.Job instance at 0x1463740534b0>,68,13,[6 2],101,109,122,8,108
1,<environment.Job instance at 0x146347f37e10>,74,3,[5 2],109,109,112,0,109
1,<environment.Job instance at 0x146348e15eb0>,75,2,[10  1],110,122,124,12,110
1,<environment.Job instance at 0x146348e15870>,76,1,[7 2],111,112,113,1,111
1,<environment.Job instance at 0x146347c64370>,80,14,[2 8],115,115,129,0,115
1,<environment.Job instance at 0x146347c645a0>,81,18,[7 2],117,124,142,7,120
1,<environment.Job instance at 0x146347c64b90>,83,1,[10  1],119,142,143,23,121
1,<environment.Job instance at 0x146347c64640>,84,2,[10  2],121,143,145,22,121
1,<environment.Job instance at 0x146348344e60>,85,3,[ 1 13],122,129,132,7,122
1,<environment.Job instance at 0x14634beb4320>,86,2,[9 2],123,145,147,22,123
1,<environment.Job instance at 0x146348344820>,87,14,[ 2 10],124,132,146,8,124
1,<environment.Job instance at 0x14634783fe60>,93,18,[5 2],133,146,164,13,140
1,<environment.Job instance at 0x14634783fd70>,94,1,[2 7],134,147,148,13,140
1,<environment.Job instance at 0x14634bdf3d20>,96,3,[1 9],138,148,151,10,140
1,<environment.Job instance at 0x14634bdf3c30>,97,3,[5 1],139,147,150,8,142
1,<environment.Job instance at 0x14634bdf3780>,100,1,[1 9],143,146,147,3,143
1,<environment.Job instance at 0x1463766ed640>,101,2,[1 5],144,151,153,7,145
1,<environment.Job instance at 0x1463766ed960>,103,1,[ 2 10],146,153,154,7,146
1,<environment.Job instance at 0x1463766ed370>,104,3,[8 1],147,150,153,3,148
1,<environment.Job instance at 0x1463766ed820>,106,13,[2 5],149,154,167,5,149
1,<environment.Job instance at 0x1463766ed780>,107,1,[10  1],150,164,165,14,152
1,<environment.Job instance at 0x146374190140>,110,1,[2 7],153,154,155,1,153
1,<environment.Job instance at 0x146374190a00>,111,1,[2 9],154,164,165,10,154
1,<environment.Job instance at 0x146374190eb0>,112,16,[1 8],156,165,181,9,156
1,<environment.Job instance at 0x146374190190>,113,2,[1 6],157,157,159,0,157
1,<environment.Job instance at 0x146374190640>,114,2,[ 2 10],158,181,183,23,158
1,<environment.Job instance at 0x1463741908c0>,115,15,[6 2],159,175,190,16,175
1,<environment.Job instance at 0x1463741900f0>,118,1,[2 6],163,183,184,20,175
1,<environment.Job instance at 0x146374190960>,120,27,[8 1],165,184,211,19,182
1,<environment.Job instance at 0x1463766eb320>,121,2,[1 9],167,184,186,17,182
1,<environment.Job instance at 0x1463766eb500>,122,2,[5 1],168,182,184,14,182
1,<environment.Job instance at 0x1463766eb230>,123,3,[ 1 14],169,190,193,21,182
1,<environment.Job instance at 0x1463766ebc80>,124,2,[8 2],170,211,213,41,184
1,<environment.Job instance at 0x14637679fb90>,125,1,[9 2],172,213,214,41,185
1,<environment.Job instance at 0x14637679fe60>,126,1,[7 2],173,193,194,20,185
1,<environment.Job instance at 0x14637679ff50>,127,14,[1 6],176,194,208,18,185
1,<environment.Job instance at 0x14637679f0a0>,128,12,[2 9],177,208,220,31,191
1,<environment.Job instance at 0x14637679f190>,129,12,[5 1],178,194,206,16,191
1,<environment.Job instance at 0x14637679f140>,130,15,[1 5],179,194,209,15,191
1,<environment.Job instance at 0x14637679f230>,131,14,[1 7],180,220,234,40,205
1,<environment.Job instance at 0x14637679ffa0>,132,2,[2 8],183,220,222,37,205
1,<environment.Job instance at 0x1463741900a0>,116,3,[13  1],160,214,217,54,206
1,<environment.Job instance at 0x14637679f8c0>,134,2,[1 7],185,222,224,37,206
1,<environment.Job instance at 0x14634b090fa0>,135,1,[2 6],186,217,218,31,206
1,<environment.Job instance at 0x1463741903c0>,117,2,[1 6],162,218,220,56,206
1,<environment.Job instance at 0x146347c64e60>,82,14,[8 1],118,222,236,104,213
1,<environment.Job instance at 0x146384163780>,22,17,[8 2],36,236,253,200,225
1,<environment.Job instance at 0x146347a23050>,0,1,[1 7],1,1,2,0,1
1,<environment.Job instance at 0x14634b090f00>,2,1,[1 6],5,5,6,0,5
1,<environment.Job instance at 0x14634b1c50a0>,3,15,[ 2 10],6,6,21,0,6
1,<environment.Job instance at 0x14634b1c53c0>,4,3,[2 8],7,21,24,14,7
1,<environment.Job instance at 0x14634b1c5230>,6,2,[2 9],9,24,26,15,20
1,<environment.Job instance at 0x14634b1c5d20>,10,16,[1 7],14,26,42,12,20
1,<environment.Job instance at 0x14634b1c54b0>,7,1,[1 9],11,42,43,31,28
1,<environment.Job instance at 0x14634a53d5a0>,26,2,[6 1],37,55,57,18,55
1,<environment.Job instance at 0x14634a53d780>,31,26,[1 9],43,55,81,12,55
1,<environment.Job instance at 0x14634a53d870>,32,2,[6 1],44,70,72,26,70
1,<environment.Job instance at 0x146375c2c870>,34,19,[2 5],46,70,89,24,70
1,<environment.Job instance at 0x146375c2cd70>,35,3,[1 9],47,81,84,34,70
1,<environment.Job instance at 0x146375c2c550>,37,3,[5 2],49,84,87,35,75
1,<environment.Job instance at 0x146375c2c640>,38,12,[10  1],51,87,99,36,79
1,<environment.Job instance at 0x146375c2c7d0>,39,22,[2 9],52,87,109,35,80
1,<environment.Job instance at 0x146375c2c0a0>,40,1,[5 2],54,84,85,30,80
1,<environment.Job instance at 0x1463478a4d70>,41,3,[1 5],55,84,87,29,80
1,<environment.Job instance at 0x1463478a4870>,42,17,[1 7],56,109,126,53,97
1,<environment.Job instance at 0x1463478a4820>,43,2,[7 1],57,99,101,42,97
1,<environment.Job instance at 0x14634b1c55a0>,9,1,[11  2],13,101,102,88,97
1,<environment.Job instance at 0x1463478a4960>,46,2,[1 6],60,102,104,42,97
1,<environment.Job instance at 0x1463478a40f0>,47,18,[2 8],61,109,127,48,98
1,<environment.Job instance at 0x1463478a4410>,48,3,[2 6],63,104,107,41,98
1,<environment.Job instance at 0x14634be35e10>,52,14,[ 1 14],68,127,141,59,112
1,<environment.Job instance at 0x14634be351e0>,54,1,[1 7],70,126,127,56,112
1,<environment.Job instance at 0x14634be35140>,55,3,[2 8],71,141,144,70,115
1,<environment.Job instance at 0x1463478a4370>,45,3,[ 2 10],59,144,147,85,118
1,<environment.Job instance at 0x14634be354b0>,58,2,[1 9],77,147,149,70,120
1,<environment.Job instance at 0x14637670b910>,59,1,[2 5],81,141,142,60,120
1,<environment.Job instance at 0x14634be35cd0>,57,2,[ 1 10],76,149,151,73,127
1,<environment.Job instance at 0x14637670bf00>,61,22,[1 5],84,142,164,58,135
1,<environment.Job instance at 0x14637670b690>,62,12,[1 9],85,151,163,66,137
1,<environment.Job instance at 0x14634be358c0>,56,1,[5 2],72,143,144,71,143
1,<environment.Job instance at 0x14637670bfa0>,65,3,[2 5],91,163,166,72,143
1,<environment.Job instance at 0x146347d880f0>,68,3,[11  1],94,154,157,60,154
1,<environment.Job instance at 0x146347d88f50>,69,3,[1 5],96,163,166,67,154
1,<environment.Job instance at 0x14634b02f0f0>,71,1,[1 7],100,166,167,66,154
1,<environment.Job instance at 0x14634b02f410>,73,22,[6 2],104,164,186,60,157
1,<environment.Job instance at 0x14634b02ff50>,75,1,[ 1 13],107,167,168,60,157
1,<environment.Job instance at 0x14634b02fbe0>,77,20,[8 1],109,168,188,59,162
1,<environment.Job instance at 0x14634b02feb0>,78,2,[2 9],111,186,188,75,162
1,<environment.Job instance at 0x14634b02fc80>,83,27,[6 1],117,188,215,71,186
1,<environment.Job instance at 0x14634b02f1e0>,84,2,[ 1 10],118,188,190,70,186
1,<environment.Job instance at 0x146348e3c8c0>,86,14,[2 5],123,190,204,67,186
1,<environment.Job instance at 0x14637670b190>,60,16,[7 2],82,192,208,110,192
1,<environment.Job instance at 0x14634b02fc30>,76,13,[9 1],108,208,221,100,192
1,<environment.Job instance at 0x146348e3c960>,90,1,[9 2],128,221,222,93,195
1,<environment.Job instance at 0x146348e3cdc0>,94,2,[9 2],134,222,224,88,195
1,<environment.Job instance at 0x146348e3c4b0>,92,17,[1 9],132,215,232,83,203
1,<environment.Job instance at 0x146347a37320>,100,14,[1 5],145,224,238,79,210
1,<environment.Job instance at 0x146348111e60>,101,2,[2 6],147,232,234,85,210
1,<environment.Job instance at 0x146348d29be0>,102,3,[2 6],149,234,237,85,210
1,<environment.Job instance at 0x146348d29870>,103,1,[2 8],150,237,238,87,210
1,<environment.Job instance at 0x146348e3cbe0>,93,2,[1 8],133,238,240,105,215
1,<environment.Job instance at 0x146348d29d70>,107,1,[2 8],158,240,241,82,227
1,<environment.Job instance at 0x1463841b0230>,109,3,[5 1],163,229,232,66,229
1,<environment.Job instance at 0x1463481119b0>,99,1,[12  1],144,232,233,88,229
1,<environment.Job instance at 0x146347fa1870>,111,1,[9 2],165,233,234,68,230
1,<environment.Job instance at 0x146347fa1280>,112,14,[2 6],167,238,252,71,230
1,<environment.Job instance at 0x146348432a50>,113,3,[2 8],168,241,244,73,230
1,<environment.Job instance at 0x14634b1da820>,114,2,[2 5],169,244,246,75,230
1,<environment.Job instance at 0x146384063b90>,116,13,[9 2],172,244,257,72,243
1,<environment.Job instance at 0x146347840730>,117,2,[2 7],174,246,248,72,243
1,<environment.Job instance at 0x146347dc3280>,121,3,[1 6],179,248,251,69,243
1,<environment.Job instance at 0x146347dc3cd0>,123,1,[ 2 10],182,252,253,70,243
1,<environment.Job instance at 0x146347dc37d0>,125,3,[ 2 10],184,253,256,69,243
1,<environment.Job instance at 0x146347dc3410>,122,2,[12  1],180,257,259,77,243
1,<environment.Job instance at 0x146347dc3370>,127,3,[ 2 10],186,256,259,70,243
1,<environment.Job instance at 0x146347aef280>,128,3,[12  1],188,259,262,71,243
1,<environment.Job instance at 0x1463483a9aa0>,110,21,[ 1 10],164,259,280,95,255
1,<environment.Job instance at 0x14634b1c5690>,8,3,[1 6],12,280,283,268,273
