iteration,job object,job ID,job Length,job ressource requirement,job enter time,job start time,job finish time,job waiting time,current time
1,<environment.Job instance at 0x14cbe7070280>,12,3,[6 2],16,40,43,24,40
1,<environment.Job instance at 0x14cbe70c4a50>,17,3,[6 1],23,56,59,33,56
1,<environment.Job instance at 0x14cbe70c4d70>,22,3,[2 6],29,56,59,27,56
1,<environment.Job instance at 0x14cbe70dfaf0>,23,3,[7 2],30,59,62,29,56
1,<environment.Job instance at 0x14cbe71115f0>,26,3,[9 1],36,76,79,40,76
1,<environment.Job instance at 0x14cbe70a7be0>,29,13,[1 6],39,80,93,41,80
1,<environment.Job instance at 0x14cbe699a320>,31,3,[8 1],42,80,83,38,80
1,<environment.Job instance at 0x14cbe699a0a0>,32,16,[9 1],43,83,99,40,80
1,<environment.Job instance at 0x14cbe699a550>,34,3,[9 2],45,99,102,54,81
1,<environment.Job instance at 0x14cbe699a3c0>,35,3,[10  2],47,102,105,55,81
1,<environment.Job instance at 0x14cbe70c4eb0>,20,21,[7 1],27,105,126,78,98
1,<environment.Job instance at 0x14cbfc1247d0>,8,14,[5 1],10,10,24,0,10
1,<environment.Job instance at 0x14cbfcb3f820>,12,16,[10  1],19,24,40,5,19
1,<environment.Job instance at 0x14cbfca45af0>,15,2,[10  1],24,40,42,16,25
1,<environment.Job instance at 0x14cbfc0d6370>,24,2,[7 2],40,62,64,22,62
1,<environment.Job instance at 0x14cbe930d1e0>,6,17,[9 2],10,10,27,0,10
1,<environment.Job instance at 0x14cbea023550>,9,3,[8 1],17,27,30,10,17
1,<environment.Job instance at 0x14cbea023910>,10,3,[10  1],19,30,33,11,20
1,<environment.Job instance at 0x14cbea001b90>,25,1,[ 2 10],38,38,39,0,38
1,<environment.Job instance at 0x14cbe73cfe60>,26,3,[7 1],39,39,42,0,39
1,<environment.Job instance at 0x14cbe6552190>,1,15,[9 2],3,3,18,0,3
1,<environment.Job instance at 0x14cbfc119460>,15,13,[9 1],22,22,35,0,22
1,<environment.Job instance at 0x14cbe70c08c0>,18,12,[10  2],29,35,47,6,29
1,<environment.Job instance at 0x14cbe6363be0>,7,3,[9 2],19,19,22,0,19
1,<environment.Job instance at 0x14cbe6363550>,8,1,[10  1],20,22,23,2,21
1,<environment.Job instance at 0x14cbe682c640>,14,15,[7 2],29,36,51,7,36
1,<environment.Job instance at 0x14cbe65460a0>,4,1,[7 1],9,9,10,0,9
1,<environment.Job instance at 0x14cbe958d050>,8,2,[8 2],14,14,16,0,14
1,<environment.Job instance at 0x14cbfedbaa50>,17,2,[5 2],28,28,30,0,28
1,<environment.Job instance at 0x14cbe64fd550>,19,1,[7 2],30,30,31,0,30
1,<environment.Job instance at 0x14cbe70ab6e0>,20,3,[8 2],32,32,35,0,32
1,<environment.Job instance at 0x14cbea22f550>,21,3,[5 2],33,35,38,2,35
1,<environment.Job instance at 0x14cbe66d74b0>,25,3,[2 5],38,38,41,0,38
1,<environment.Job instance at 0x14cbea1757d0>,32,17,[10  1],45,45,62,0,45
1,<environment.Job instance at 0x14cbfc1c9e60>,30,3,[9 2],43,62,65,19,45
1,<environment.Job instance at 0x14cbea1756e0>,34,2,[5 1],47,65,67,18,51
1,<environment.Job instance at 0x14cbe6527be0>,1,13,[5 2],2,2,15,0,2
1,<environment.Job instance at 0x14cbe95c81e0>,4,1,[6 2],8,15,16,7,15
1,<environment.Job instance at 0x14cbfcaab190>,11,1,[6 2],16,17,18,1,17
1,<environment.Job instance at 0x14cbfcaab780>,13,15,[6 1],19,19,34,0,19
1,<environment.Job instance at 0x14cbe66d7640>,8,14,[ 2 10],12,34,48,22,21
1,<environment.Job instance at 0x14cbfcaab8c0>,15,2,[6 1],22,48,50,26,23
1,<environment.Job instance at 0x14cbfcaab5f0>,16,2,[10  2],23,50,52,27,23
1,<environment.Job instance at 0x14cbeb8365a0>,34,14,[6 1],45,59,73,14,59
1,<environment.Job instance at 0x14cbeeb45b40>,3,3,[10  2],4,4,7,0,4
1,<environment.Job instance at 0x14cbe92c93c0>,24,17,[10  1],38,38,55,0,38
1,<environment.Job instance at 0x14cbe6690190>,8,2,[5 1],19,55,57,36,38
1,<environment.Job instance at 0x14cbe64ea870>,25,3,[5 2],41,73,76,32,73
1,<environment.Job instance at 0x14cbe961ddc0>,1,2,[7 1],2,2,4,0,2
1,<environment.Job instance at 0x14cbe5c1cfa0>,3,3,[10  2],5,5,8,0,5
1,<environment.Job instance at 0x14cbe6618870>,5,15,[10  1],8,8,23,0,8
1,<environment.Job instance at 0x14cbea574050>,6,3,[7 2],10,23,26,13,10
1,<environment.Job instance at 0x14cbfca9b780>,9,3,[10  2],14,26,29,12,15
1,<environment.Job instance at 0x14cbfca9bf00>,10,3,[8 1],15,29,32,14,15
1,<environment.Job instance at 0x14cbea03ce10>,12,13,[5 1],19,32,45,13,19
1,<environment.Job instance at 0x14cbe61ecbe0>,13,1,[1 7],20,23,24,3,20
1,<environment.Job instance at 0x14cbe66914b0>,14,16,[1 5],21,29,45,8,21
1,<environment.Job instance at 0x14cbfca9b690>,16,12,[1 8],23,45,57,22,28
1,<environment.Job instance at 0x14cbe687c320>,21,15,[10  2],30,57,72,27,43
1,<environment.Job instance at 0x14cbe718a690>,31,3,[7 1],45,45,48,0,45
1,<environment.Job instance at 0x14cbe718a370>,32,3,[10  2],46,72,75,26,46
1,<environment.Job instance at 0x14cbfcb40af0>,6,1,[9 2],8,9,10,1,9
1,<environment.Job instance at 0x14cbfcae4eb0>,13,2,[1 6],17,26,28,9,26
1,<environment.Job instance at 0x14cbe9311500>,31,1,[7 1],42,42,43,0,42
1,<environment.Job instance at 0x14cbea1d3410>,33,3,[ 2 10],44,44,47,0,44
1,<environment.Job instance at 0x14cbe6118d70>,2,2,[7 1],6,6,8,0,6
1,<environment.Job instance at 0x14cbe5cd5e10>,7,16,[10  2],11,11,27,0,11
1,<environment.Job instance at 0x14cbe690f690>,13,12,[10  1],21,27,39,6,21
1,<environment.Job instance at 0x14cbe5efa320>,18,14,[10  1],31,39,53,8,31
1,<environment.Job instance at 0x14cbe5cd5e60>,9,2,[2 9],14,53,55,39,33
1,<environment.Job instance at 0x14cbfca58c30>,21,2,[8 1],36,53,55,17,38
1,<environment.Job instance at 0x14cbe6868b40>,23,2,[6 1],39,81,83,42,81
1,<environment.Job instance at 0x14cbfc17af00>,1,3,[7 1],3,3,6,0,3
1,<environment.Job instance at 0x14cbfc17ac30>,4,13,[10  1],10,10,23,0,10
1,<environment.Job instance at 0x14cbe94fc0f0>,8,3,[9 1],13,570,573,557,570
1,<environment.Job instance at 0x14cbe5dbc640>,9,3,[7 2],15,573,576,558,570
1,<environment.Job instance at 0x14cbe73ce780>,10,14,[8 2],16,576,590,560,570
1,<environment.Job instance at 0x14cbe62bac30>,15,16,[10  2],22,590,606,568,577
1,<environment.Job instance at 0x14cbe62bacd0>,18,2,[10  1],27,606,608,579,601
1,<environment.Job instance at 0x14cbe95280a0>,30,3,[9 1],45,608,611,563,601
1,<environment.Job instance at 0x14cbe8881b90>,31,17,[10  2],46,611,628,565,601
1,<environment.Job instance at 0x14cbfce50af0>,24,2,[7 1],37,628,630,591,614
1,<environment.Job instance at 0x14cbe67d10f0>,15,2,[7 1],24,24,26,0,24
1,<environment.Job instance at 0x14cbea4c5500>,18,3,[8 2],28,28,31,0,28
1,<environment.Job instance at 0x14cbe5c7d5a0>,21,13,[8 2],32,33,46,1,33
1,<environment.Job instance at 0x14cbfcbef5f0>,22,12,[5 1],37,46,58,9,38
1,<environment.Job instance at 0x14cbe93aba50>,23,12,[ 2 10],38,2858,2870,2820,2858
1,<environment.Job instance at 0x14cbecec5320>,3,3,[8 1],6,6,9,0,6
1,<environment.Job instance at 0x14cbe92affa0>,20,15,[5 1],29,41,56,12,41
1,<environment.Job instance at 0x14cbe6520280>,30,12,[ 2 10],41,56,68,15,41
1,<environment.Job instance at 0x14cbe65a0230>,8,2,[10  1],9,9,11,0,9
1,<environment.Job instance at 0x14cbe7190e10>,12,3,[9 1],13,26,29,13,26
1,<environment.Job instance at 0x14cbe65a03c0>,13,12,[9 2],14,29,41,15,26
1,<environment.Job instance at 0x14cbe65a0c80>,14,3,[8 2],16,41,44,25,26
1,<environment.Job instance at 0x14cbe65a06e0>,16,15,[9 2],19,44,59,25,30
1,<environment.Job instance at 0x14cbfcbc92d0>,5,3,[10  2],6,1483,1486,1477,1483
1,<environment.Job instance at 0x14cbea0d60f0>,32,12,[8 1],44,1556,1568,1512,1556
1,<environment.Job instance at 0x14cbe603b1e0>,8,18,[9 1],15,15,33,0,15
1,<environment.Job instance at 0x14cbe64236e0>,3,3,[5 1],6,33,36,27,15
1,<environment.Job instance at 0x14cbe603be10>,10,2,[10  2],17,36,38,19,17
1,<environment.Job instance at 0x14cbe603b370>,14,1,[10  2],24,38,39,14,25
1,<environment.Job instance at 0x14cbe603b230>,15,16,[7 1],25,39,55,14,26
1,<environment.Job instance at 0x14cbe93f5f50>,32,12,[1 5],46,83,95,37,83
1,<environment.Job instance at 0x14cbe9664190>,33,3,[8 2],47,84,87,37,84
1,<environment.Job instance at 0x14cbe662beb0>,18,1,[5 2],28,88,89,60,88
1,<environment.Job instance at 0x14cbe616cc80>,1,14,[5 2],5,6,20,1,6
1,<environment.Job instance at 0x14cbefdc05a0>,7,1,[8 2],13,20,21,7,16
1,<environment.Job instance at 0x14cbe646b910>,10,2,[7 1],19,21,23,2,21
1,<environment.Job instance at 0x14cbe962a6e0>,11,17,[8 1],22,23,40,1,22
1,<environment.Job instance at 0x14cbe646b050>,13,1,[7 2],24,40,41,16,24
1,<environment.Job instance at 0x14cbe5def460>,15,13,[10  2],26,41,54,15,26
1,<environment.Job instance at 0x14cbea0a3c80>,18,1,[8 2],30,54,55,24,30
1,<environment.Job instance at 0x14cbefdea230>,22,2,[10  2],41,55,57,14,41
1,<environment.Job instance at 0x14cbe6131a00>,27,18,[8 1],48,57,75,9,53
1,<environment.Job instance at 0x14cbe5e885f0>,8,2,[8 2],12,12,14,0,12
1,<environment.Job instance at 0x14cbe5e88410>,13,18,[8 2],17,17,35,0,17
1,<environment.Job instance at 0x14cbe95e9c30>,21,12,[5 1],26,35,47,9,27
1,<environment.Job instance at 0x14cbe95e9820>,24,2,[8 2],29,47,49,18,45
1,<environment.Job instance at 0x14cbe95e93c0>,27,3,[7 1],33,49,52,16,45
1,<environment.Job instance at 0x14cbe5e8f6e0>,34,3,[6 2],48,53,56,5,53
1,<environment.Job instance at 0x14cbe5e8f230>,1,17,[9 1],2,2,19,0,2
1,<environment.Job instance at 0x14cbe5e88fa0>,4,2,[ 1 10],6,19,21,13,7
1,<environment.Job instance at 0x14cbe63285a0>,26,3,[10  2],36,36,39,0,36
1,<environment.Job instance at 0x14cbe967d3c0>,11,2,[2 6],14,39,41,25,36
1,<environment.Job instance at 0x14cbe9546b90>,28,2,[8 1],38,39,41,1,39
1,<environment.Job instance at 0x14cbe5bab5f0>,30,1,[9 2],40,41,42,1,41
1,<environment.Job instance at 0x14cbefd87780>,32,3,[10  2],42,42,45,0,42
1,<environment.Job instance at 0x14cbe96fb3c0>,33,14,[7 2],45,64,78,19,64
1,<environment.Job instance at 0x1494a924ad20>,12,3,[6 2],16,37,40,21,37
1,<environment.Job instance at 0x1494a922c190>,23,3,[7 2],30,58,61,28,58
1,<environment.Job instance at 0x1494a9231230>,26,3,[9 1],36,62,65,26,62
1,<environment.Job instance at 0x1494a8b20690>,33,2,[5 1],44,75,77,31,75
1,<environment.Job instance at 0x1494a8b20500>,34,3,[9 2],45,77,80,32,75
1,<environment.Job instance at 0x1494a8b208c0>,35,3,[10  2],47,80,83,33,75
1,<environment.Job instance at 0x1494a9258eb0>,4,2,[6 1],7,83,85,76,77
1,<environment.Job instance at 0x1494a8b209b0>,40,1,[8 1],53,89,90,36,89
1,<environment.Job instance at 0x1494b1fe8cd0>,27,17,[9 2],50,51,68,1,51
1,<environment.Job instance at 0x1494a8d89690>,20,15,[9 2],33,33,48,0,33
1,<environment.Job instance at 0x1494a9231a50>,4,3,[9 1],9,9,12,0,9
1,<environment.Job instance at 0x1494a85074b0>,13,3,[10  2],23,23,26,0,23
1,<environment.Job instance at 0x1494a8a5caa0>,23,2,[5 2],38,39,41,1,39
1,<environment.Job instance at 0x1494a8a5c820>,25,1,[7 2],40,43,44,3,43
1,<environment.Job instance at 0x1494a8a59a00>,33,2,[7 1],50,51,53,1,51
1,<environment.Job instance at 0x1494a8a59550>,38,17,[10  1],55,55,72,0,55
1,<environment.Job instance at 0x1494a8a59280>,36,3,[9 2],53,72,75,19,55
1,<environment.Job instance at 0x1494a89d2910>,40,2,[5 1],57,75,77,18,59
1,<environment.Job instance at 0x1494b0cbb4b0>,1,13,[5 2],2,2,15,0,2
1,<environment.Job instance at 0x1494a87f4230>,4,1,[6 2],8,19,20,11,19
1,<environment.Job instance at 0x1494a8389410>,11,1,[6 2],16,20,21,4,19
1,<environment.Job instance at 0x1494a9562910>,13,15,[6 1],19,21,36,2,20
1,<environment.Job instance at 0x1494b20862d0>,18,2,[7 2],26,36,38,10,26
1,<environment.Job instance at 0x1494ab45deb0>,25,2,[10  2],36,52,54,16,52
1,<environment.Job instance at 0x1494ab932b90>,19,1,[9 1],28,54,55,26,52
1,<environment.Job instance at 0x1494ac727370>,26,2,[6 2],37,55,57,18,52
1,<environment.Job instance at 0x1494a9246d20>,29,3,[6 2],40,67,70,27,67
1,<environment.Job instance at 0x1494b2c046e0>,34,14,[6 1],45,106,120,61,106
1,<environment.Job instance at 0x1494a91c1d20>,37,15,[7 2],49,120,135,71,106
1,<environment.Job instance at 0x1494a863f870>,9,2,[6 2],13,146,148,133,146
1,<environment.Job instance at 0x1494a8aad3c0>,18,17,[10  1],28,33,50,5,33
1,<environment.Job instance at 0x1494a8ad66e0>,8,2,[1 5],16,50,52,34,33
1,<environment.Job instance at 0x1494ab6c6640>,23,13,[9 2],37,55,68,18,55
1,<environment.Job instance at 0x1494b2bb35a0>,27,3,[10  2],45,68,71,23,63
1,<environment.Job instance at 0x1494a858ae10>,1,2,[9 2],2,3,5,1,3
1,<environment.Job instance at 0x1494ab56a050>,16,17,[10  2],24,24,41,0,24
1,<environment.Job instance at 0x1494ab7fbaa0>,18,3,[10  2],26,41,44,15,26
1,<environment.Job instance at 0x1494a8622e10>,27,16,[8 1],37,44,60,7,37
1,<environment.Job instance at 0x1494a84561e0>,33,12,[8 2],43,60,72,17,48
1,<environment.Job instance at 0x1494a84565a0>,34,3,[6 2],45,72,75,27,51
1,<environment.Job instance at 0x1494ab5f79b0>,38,1,[7 1],53,75,76,22,56
1,<environment.Job instance at 0x1494ab5f71e0>,41,14,[10  2],56,76,90,20,61
1,<environment.Job instance at 0x1494ab7fb370>,9,15,[7 2],12,90,105,78,76
1,<environment.Job instance at 0x1494a7db4320>,1,2,[7 1],3,4,6,1,4
1,<environment.Job instance at 0x1494a8d89f00>,6,18,[10  2],10,10,28,0,10
1,<environment.Job instance at 0x1494a7db45a0>,2,2,[2 7],4,28,30,24,10
1,<environment.Job instance at 0x1494ac6c69b0>,13,12,[8 2],20,66,78,46,66
1,<environment.Job instance at 0x1494ac94f230>,32,14,[10  1],51,78,92,27,67
1,<environment.Job instance at 0x1494ac94fd70>,31,2,[7 2],50,92,94,42,78
1,<environment.Job instance at 0x1494ac6c6b40>,14,1,[2 9],22,106,107,84,106
1,<environment.Job instance at 0x1494a92f8230>,3,3,[6 2],4,4,7,0,4
1,<environment.Job instance at 0x1494ac6c6dc0>,4,1,[10  1],6,7,8,1,7
1,<environment.Job instance at 0x1494a928bc80>,9,3,[7 1],13,13,16,0,13
1,<environment.Job instance at 0x1494b1fac780>,12,13,[10  1],20,20,33,0,20
1,<environment.Job instance at 0x1494a868c0f0>,21,14,[9 2],34,36,50,2,36
1,<environment.Job instance at 0x1494a88b7d70>,17,1,[1 8],27,36,37,9,36
1,<environment.Job instance at 0x1494a7e12dc0>,25,2,[2 5],42,50,52,8,42
1,<environment.Job instance at 0x1494b2082870>,30,3,[8 1],50,50,53,0,50
1,<environment.Job instance at 0x1494b2bb3500>,31,3,[2 5],52,53,56,1,53
1,<environment.Job instance at 0x1494a80969b0>,2,2,[8 1],3,3,5,0,3
1,<environment.Job instance at 0x1494a8096c80>,8,3,[9 1],13,186,189,173,186
1,<environment.Job instance at 0x1494a80968c0>,9,3,[7 2],15,189,192,174,186
1,<environment.Job instance at 0x1494a80967d0>,10,14,[8 2],16,192,206,176,186
1,<environment.Job instance at 0x1494a8096af0>,11,3,[9 2],17,206,209,189,186
1,<environment.Job instance at 0x1494ab7a4820>,15,16,[10  2],22,209,225,187,196
1,<environment.Job instance at 0x1494a8911af0>,30,3,[9 1],45,225,228,180,213
1,<environment.Job instance at 0x1494a8911460>,31,17,[10  2],46,228,245,182,216
1,<environment.Job instance at 0x1494ac33ab40>,35,3,[10  1],53,245,248,192,219
1,<environment.Job instance at 0x1494b2c33c30>,38,3,[8 1],57,248,251,191,226
1,<environment.Job instance at 0x1494a8a98550>,31,3,[9 1],49,64,67,15,64
1,<environment.Job instance at 0x1494a8abf0f0>,14,13,[8 2],22,76,89,54,76
1,<environment.Job instance at 0x1494b0cccd70>,6,15,[5 1],9,21,36,12,21
1,<environment.Job instance at 0x1494a8688690>,21,16,[8 1],28,36,52,8,28
1,<environment.Job instance at 0x1494a863fbe0>,40,15,[9 2],49,70,85,21,70
1,<environment.Job instance at 0x1494a7d5e460>,1,3,[10  2],5,6,9,1,6
1,<environment.Job instance at 0x1494a7db2820>,19,18,[9 1],35,35,53,0,35
1,<environment.Job instance at 0x1494a8b452d0>,9,2,[7 1],19,53,55,34,35
1,<environment.Job instance at 0x1494a8af8be0>,21,2,[10  2],37,55,57,18,37
1,<environment.Job instance at 0x1494b200c0a0>,23,2,[10  1],40,57,59,17,40
1,<environment.Job instance at 0x1494ab7d0e10>,24,1,[ 2 10],42,59,60,17,42
1,<environment.Job instance at 0x1494ab650b40>,27,12,[10  1],46,60,72,14,46
1,<environment.Job instance at 0x1494a89095f0>,26,16,[7 1],45,989,1005,944,989
1,<environment.Job instance at 0x1494ac3537d0>,9,14,[5 2],15,15,29,0,15
1,<environment.Job instance at 0x1494a93023c0>,10,12,[8 2],17,29,41,12,17
1,<environment.Job instance at 0x1494ac984d20>,15,1,[8 2],23,41,42,18,32
1,<environment.Job instance at 0x1494b2125230>,19,17,[8 1],32,42,59,10,33
1,<environment.Job instance at 0x1494e4f2f9b0>,21,1,[7 2],34,59,60,25,34
1,<environment.Job instance at 0x1494ac3b9b40>,5,1,[10  2],9,10,11,1,10
1,<environment.Job instance at 0x1494a83eb370>,4,18,[10  1],6,6,24,0,6
1,<environment.Job instance at 0x1494fc348c30>,5,3,[7 1],7,24,27,17,7
1,<environment.Job instance at 0x1494a80ad5f0>,10,16,[7 1],14,27,43,13,14
1,<environment.Job instance at 0x1494a8b3aaf0>,18,3,[10  2],26,43,46,17,32
1,<environment.Job instance at 0x1494a874b140>,25,14,[7 2],35,46,60,11,41
1,<environment.Job instance at 0x1494a8a3e910>,20,2,[8 1],28,60,62,32,41
1,<environment.Job instance at 0x1494a7e2ea00>,33,2,[2 7],45,46,48,1,46
1,<environment.Job instance at 0x1494a7e2e9b0>,35,13,[5 1],47,62,75,15,47
1,<environment.Job instance at 0x1494a7dbca00>,36,3,[5 2],48,62,65,14,49
1,<environment.Job instance at 0x1494a7dbca50>,37,1,[8 2],50,75,76,25,51
1,<environment.Job instance at 0x1494a7dbcd20>,38,3,[10  2],51,76,79,25,52
1,<environment.Job instance at 0x1494a7cc8e60>,6,13,[10  2],14,14,27,0,14
1,<environment.Job instance at 0x1494b1f87af0>,15,12,[2 8],28,29,41,1,29
1,<environment.Job instance at 0x1494a82cc410>,19,3,[5 2],34,34,37,0,34
1,<environment.Job instance at 0x1494ad9bdf50>,21,3,[8 1],36,37,40,1,36
1,<environment.Job instance at 0x1494b2138410>,29,3,[7 2],47,47,50,0,47
1,<environment.Job instance at 0x1494ab903af0>,31,1,[8 2],49,50,51,1,49
1,<environment.Job instance at 0x1494ab8ce690>,34,2,[10  1],52,52,54,0,52
1,<environment.Job instance at 0x1494a8460c30>,36,3,[5 1],54,54,57,0,54
1,<environment.Job instance at 0x1494a92b1fa0>,23,3,[7 1],34,34,37,0,34
1,<environment.Job instance at 0x1494a8118f00>,15,3,[8 2],19,37,40,18,37
1,<environment.Job instance at 0x14d1daafc410>,7,3,[5 1],10,10,13,0,10
1,<environment.Job instance at 0x14d1daf6f370>,12,3,[6 2],16,27,30,11,27
1,<environment.Job instance at 0x14d1daf6fa00>,17,3,[6 1],23,44,47,21,44
1,<environment.Job instance at 0x14d1daf75c30>,19,3,[8 1],26,47,50,21,44
1,<environment.Job instance at 0x14d1daf6fc30>,22,3,[2 6],29,50,53,21,50
1,<environment.Job instance at 0x14d1dafb8320>,23,3,[7 2],30,50,53,20,50
1,<environment.Job instance at 0x14d1da897320>,47,14,[5 1],60,101,115,41,101
1,<environment.Job instance at 0x14d1f40f35f0>,22,17,[9 2],40,43,60,3,43
1,<environment.Job instance at 0x14d1e3df2f50>,24,2,[10  2],43,62,64,19,62
1,<environment.Job instance at 0x14d1e3deef00>,30,2,[9 1],53,65,67,12,65
1,<environment.Job instance at 0x14d1e3dad280>,42,3,[7 1],69,88,91,19,88
1,<environment.Job instance at 0x14d1dd6e29b0>,2,2,[9 1],6,8,10,2,8
1,<environment.Job instance at 0x14d1dd6e20a0>,5,15,[9 2],13,13,28,0,13
1,<environment.Job instance at 0x14d1dd1bac30>,22,12,[10  2],39,39,51,0,39
1,<environment.Job instance at 0x14d1db2a4a00>,32,3,[10  2],53,77,80,24,77
1,<environment.Job instance at 0x14d1f4b29500>,10,3,[9 2],13,13,16,0,13
1,<environment.Job instance at 0x14d1de4bc640>,12,17,[10  1],15,16,33,1,15
1,<environment.Job instance at 0x14d1f6ca9b40>,19,14,[10  1],26,33,47,7,29
1,<environment.Job instance at 0x14d1f6ca9d20>,17,13,[5 2],22,47,60,25,31
1,<environment.Job instance at 0x14d1dd300aa0>,31,2,[6 1],42,66,68,24,66
1,<environment.Job instance at 0x14d1f40f2500>,51,1,[8 2],66,68,69,2,66
1,<environment.Job instance at 0x14d1f49d5320>,52,3,[10  1],67,69,72,2,67
1,<environment.Job instance at 0x14d1dd2c7730>,53,15,[7 2],69,72,87,3,69
1,<environment.Job instance at 0x14d1dd593dc0>,24,17,[10  1],38,58,75,20,58
1,<environment.Job instance at 0x14d1da2fad70>,25,3,[5 2],41,75,78,34,68
1,<environment.Job instance at 0x14d1da4ce050>,31,2,[7 1],52,86,88,34,86
1,<environment.Job instance at 0x14d1ddf45be0>,33,3,[10  2],55,88,91,33,86
1,<environment.Job instance at 0x14d1ddf451e0>,35,15,[10  1],58,94,109,36,94
1,<environment.Job instance at 0x14d1ddf45d70>,36,3,[7 2],60,109,112,49,94
1,<environment.Job instance at 0x14d1da019b40>,9,15,[7 2],12,12,27,0,12
1,<environment.Job instance at 0x14d1da595d20>,17,3,[7 1],25,27,30,2,25
1,<environment.Job instance at 0x14d1da482820>,18,3,[10  2],26,30,33,4,26
1,<environment.Job instance at 0x14d1da595280>,19,15,[7 1],27,33,48,6,29
1,<environment.Job instance at 0x14d1df741550>,27,16,[8 1],37,48,64,11,38
1,<environment.Job instance at 0x14d1e0dc8280>,33,12,[8 2],43,64,76,21,47
1,<environment.Job instance at 0x14d1e0dc85a0>,34,3,[6 2],45,76,79,31,50
1,<environment.Job instance at 0x14d1f40e77d0>,43,14,[10  2],58,79,93,21,64
1,<environment.Job instance at 0x14d1dd4334b0>,14,16,[10  2],21,21,37,0,21
1,<environment.Job instance at 0x14d1da727d20>,17,3,[9 2],26,37,40,11,26
1,<environment.Job instance at 0x14d1dd4336e0>,18,14,[9 2],28,40,54,12,28
1,<environment.Job instance at 0x14d1da1cf050>,25,14,[10  1],41,54,68,13,41
1,<environment.Job instance at 0x14d1da291a50>,21,15,[5 2],33,68,83,35,57
1,<environment.Job instance at 0x14d1de12c960>,40,1,[10  2],61,83,84,22,61
1,<environment.Job instance at 0x14d1de12c460>,42,3,[2 7],65,79,82,14,79
1,<environment.Job instance at 0x14d1da4bbd20>,23,1,[2 8],37,125,126,88,125
1,<environment.Job instance at 0x14d1db02e550>,8,14,[9 2],14,23,37,9,23
1,<environment.Job instance at 0x14d1da02bf50>,34,14,[8 2],56,61,75,5,61
1,<environment.Job instance at 0x14d1ddf96d70>,39,16,[10  2],62,75,91,13,62
1,<environment.Job instance at 0x14d1de0dd460>,9,3,[9 1],15,15,18,0,15
1,<environment.Job instance at 0x14d1de0ddeb0>,10,17,[10  2],16,18,35,2,16
1,<environment.Job instance at 0x14d1de46dd20>,34,13,[8 2],52,52,65,0,52
1,<environment.Job instance at 0x14d1e3dfb8c0>,41,2,[8 2],64,65,67,1,64
1,<environment.Job instance at 0x14d1da8c8730>,3,3,[8 1],6,6,9,0,6
1,<environment.Job instance at 0x14d1d9fc66e0>,7,3,[6 1],10,12,15,2,12
1,<environment.Job instance at 0x14d1f63c5550>,20,15,[5 1],29,30,45,1,30
1,<environment.Job instance at 0x14d1f49db5a0>,43,3,[10  2],56,56,59,0,56
1,<environment.Job instance at 0x14d1f49db410>,46,2,[10  1],59,59,61,0,59
1,<environment.Job instance at 0x14d1da204be0>,50,3,[9 1],63,63,66,0,63
1,<environment.Job instance at 0x14d1de3ee960>,51,12,[9 2],64,66,78,2,64
1,<environment.Job instance at 0x14d1ddffcaf0>,24,3,[1 6],33,65,68,32,65
1,<environment.Job instance at 0x14d1f4af1a50>,52,3,[8 2],66,78,81,12,72
1,<environment.Job instance at 0x14d1dd48c5f0>,1,12,[8 2],2,2,14,0,2
1,<environment.Job instance at 0x14d1dd48c190>,6,16,[6 1],8,14,30,6,10
1,<environment.Job instance at 0x14d1da1325a0>,11,14,[9 2],19,30,44,11,19
1,<environment.Job instance at 0x14d1da708780>,34,12,[10  1],56,56,68,0,56
1,<environment.Job instance at 0x14d1da6f9230>,43,3,[6 1],67,68,71,1,67
1,<environment.Job instance at 0x14d1dd445c80>,7,13,[ 2 10],9,9,22,0,9
1,<environment.Job instance at 0x14d1dd445460>,9,14,[5 2],15,22,36,7,15
1,<environment.Job instance at 0x14d1dd4453c0>,10,12,[8 2],17,36,48,19,19
1,<environment.Job instance at 0x14d1d9aef9b0>,11,2,[2 5],18,22,24,4,19
1,<environment.Job instance at 0x14d1d9aef140>,15,1,[8 2],23,48,49,25,23
1,<environment.Job instance at 0x14d1de3a09b0>,23,13,[10  2],36,49,62,13,36
1,<environment.Job instance at 0x14d1da4fd690>,30,2,[10  2],51,62,64,11,58
1,<environment.Job instance at 0x14d1de011e60>,42,2,[1 5],68,159,161,91,159
1,<environment.Job instance at 0x14d1de0114b0>,41,2,[ 2 10],67,161,163,94,159
1,<environment.Job instance at 0x14d1dd2acb40>,5,18,[8 1],6,6,24,0,6
1,<environment.Job instance at 0x14d1d9da62d0>,8,3,[10  1],9,24,27,15,10
1,<environment.Job instance at 0x14d1dd1ae550>,32,3,[10  1],44,58,61,14,58
1,<environment.Job instance at 0x14d1ddf19dc0>,41,18,[10  1],56,67,85,11,67
1,<environment.Job instance at 0x14d1de024050>,15,13,[1 7],17,85,98,68,69
1,<environment.Job instance at 0x14d1db2a7050>,11,14,[7 2],15,26,40,11,26
1,<environment.Job instance at 0x14d1e3ddbaf0>,13,1,[1 5],18,26,27,8,26
1,<environment.Job instance at 0x14d1dafd2410>,18,12,[7 2],24,40,52,16,26
1,<environment.Job instance at 0x14d1d9fa2af0>,33,3,[10  1],40,52,55,12,40
1,<environment.Job instance at 0x14d1dd396b90>,27,22,[6 2],34,55,77,21,48
1,<environment.Job instance at 0x14d1da847a00>,38,2,[6 2],50,77,79,27,50
1,<environment.Job instance at 0x14d1e2a44d70>,39,2,[5 1],52,79,81,27,53
1,<environment.Job instance at 0x14d1da4ef4b0>,48,15,[8 1],67,89,104,22,89
1,<environment.Job instance at 0x14d1da4ef230>,45,2,[6 2],63,1761,1763,1698,1761
1,<environment.Job instance at 0x14d1dbb06780>,9,16,[2 5],14,16,32,2,16
1,<environment.Job instance at 0x14d1de457410>,11,3,[7 2],17,17,20,0,17
1,<environment.Job instance at 0x14d1de457e10>,13,1,[8 2],19,20,21,1,19
1,<environment.Job instance at 0x14d1ddf7cbe0>,16,2,[10  1],22,32,34,10,23
1,<environment.Job instance at 0x14d1da2c0c30>,20,15,[5 2],30,34,49,4,30
1,<environment.Job instance at 0x14d1da2c0a50>,19,1,[9 2],28,49,50,21,30
1,<environment.Job instance at 0x14d1dd356320>,25,17,[9 1],38,50,67,12,38
1,<environment.Job instance at 0x14d1dd50e820>,36,18,[9 1],55,67,85,12,56
1,<environment.Job instance at 0x14d22c0524b0>,42,12,[8 1],62,85,97,23,73
1,<environment.Job instance at 0x14d1dd66de60>,44,3,[7 1],64,97,100,33,73
1,<environment.Job instance at 0x14d1dd66d690>,47,1,[1 5],67,73,74,6,73
1,<environment.Job instance at 0x14d1f6d37910>,5,13,[7 2],8,8,21,0,8
1,<environment.Job instance at 0x14d1dd318050>,13,13,[10  2],20,27,40,7,27
1,<environment.Job instance at 0x14d1e3d12be0>,15,15,[10  2],23,40,55,17,40
1,<environment.Job instance at 0x14d1db2dadc0>,20,2,[9 2],28,55,57,27,55
1,<environment.Job instance at 0x14d1e2a440f0>,29,3,[8 2],39,60,63,21,60
1,<environment.Job instance at 0x14d1f4a4de10>,16,18,[6 2],27,35,53,8,35
1,<environment.Job instance at 0x14d1d9d56960>,28,3,[1 9],42,96,99,54,96
1,<environment.Job instance at 0x14d1d9d564b0>,30,3,[9 2],44,99,102,55,96
1,<environment.Job instance at 0x14d1da4848c0>,31,3,[8 2],46,102,105,56,96
1,<environment.Job instance at 0x14d1dd64a2d0>,39,1,[6 1],56,105,106,49,103
1,<environment.Job instance at 0x14d1da491230>,40,3,[8 2],57,106,109,49,103
1,<environment.Job instance at 0x14d1da4911e0>,42,18,[8 1],59,109,127,50,104
1,<environment.Job instance at 0x14d1dc7804b0>,33,2,[1 6],49,104,106,55,104
1,<environment.Job instance at 0x14d1dbb0df00>,44,13,[1 9],62,109,122,47,104
1,<environment.Job instance at 0x14d1da5d6820>,7,18,[10  1],9,9,27,0,9
1,<environment.Job instance at 0x14d1da84f5a0>,10,1,[ 2 10],13,27,28,14,24
1,<environment.Job instance at 0x14d1da5f1c30>,20,16,[9 1],26,28,44,2,26
1,<environment.Job instance at 0x14d1da5f1b90>,22,1,[6 2],28,44,45,16,28
1,<environment.Job instance at 0x14d1de03ee10>,8,18,[5 2],16,16,34,0,16
1,<environment.Job instance at 0x14d1dd396c80>,11,3,[5 2],20,23,26,3,23
1,<environment.Job instance at 0x14d1de03ef00>,14,16,[9 1],24,34,50,10,24
1,<environment.Job instance at 0x1466657e7230>,22,3,[2 6],29,68,71,39,68
1,<environment.Job instance at 0x146665775960>,23,3,[7 2],30,68,71,38,68
1,<environment.Job instance at 0x1466657745f0>,25,1,[6 1],34,71,72,37,68
1,<environment.Job instance at 0x146665776b90>,27,3,[2 8],37,71,74,34,68
1,<environment.Job instance at 0x1466657766e0>,29,13,[1 6],39,74,87,35,68
1,<environment.Job instance at 0x146665066550>,31,3,[8 1],42,72,75,30,68
1,<environment.Job instance at 0x146665066320>,32,16,[9 1],43,75,91,32,68
1,<environment.Job instance at 0x146665776c30>,26,3,[9 1],36,91,94,55,70
1,<environment.Job instance at 0x1466650666e0>,35,3,[10  2],47,94,97,47,72
1,<environment.Job instance at 0x1466650650a0>,51,16,[10  1],69,97,113,28,93
1,<environment.Job instance at 0x146665066e60>,47,14,[5 1],60,113,127,53,113
1,<environment.Job instance at 0x14666f11f280>,17,17,[9 2],30,30,47,0,30
1,<environment.Job instance at 0x146698019410>,29,3,[8 1],48,52,55,4,52
1,<environment.Job instance at 0x14669801f0a0>,43,15,[9 2],73,73,88,0,73
1,<environment.Job instance at 0x14666f0e92d0>,39,2,[1 7],65,75,77,10,75
1,<environment.Job instance at 0x1466998ce3c0>,5,3,[9 1],7,7,10,0,7
1,<environment.Job instance at 0x146667990be0>,8,13,[9 1],12,12,25,0,12
1,<environment.Job instance at 0x146669f11e60>,22,3,[6 2],31,33,36,2,33
1,<environment.Job instance at 0x1466652ba460>,38,1,[10  1],60,1939,1940,1879,1939
1,<environment.Job instance at 0x146665859cd0>,38,17,[10  1],55,73,90,18,73
1,<environment.Job instance at 0x146667c59140>,43,13,[5 2],62,90,103,28,76
1,<environment.Job instance at 0x1466687bd050>,55,15,[6 1],79,104,119,25,104
1,<environment.Job instance at 0x1466980cf5a0>,8,2,[6 2],11,12,14,1,12
1,<environment.Job instance at 0x14666e6614b0>,13,2,[10  1],18,20,22,2,20
1,<environment.Job instance at 0x14666e8b4820>,18,2,[8 1],23,24,26,1,24
1,<environment.Job instance at 0x14666e8b4910>,20,14,[6 1],25,94,108,69,94
1,<environment.Job instance at 0x14666e8b4e60>,27,3,[10  2],34,108,111,74,108
1,<environment.Job instance at 0x146668b8ebe0>,28,3,[2 5],36,111,114,75,110
1,<environment.Job instance at 0x146668b8e9b0>,34,12,[6 1],51,141,153,90,141
1,<environment.Job instance at 0x146665738640>,1,2,[7 1],2,2,4,0,2
1,<environment.Job instance at 0x146699460960>,3,3,[10  2],5,5,8,0,5
1,<environment.Job instance at 0x14666578ed70>,4,3,[1 5],6,8,11,2,6
1,<environment.Job instance at 0x146699460fa0>,5,15,[10  1],8,11,26,3,8
1,<environment.Job instance at 0x146668c5cd20>,6,3,[7 2],10,26,29,16,11
1,<environment.Job instance at 0x146668c5c640>,11,3,[5 1],17,29,32,12,17
1,<environment.Job instance at 0x146668c5c0a0>,12,13,[5 1],19,35,48,16,35
1,<environment.Job instance at 0x14666488df00>,30,17,[10  2],44,48,65,4,44
1,<environment.Job instance at 0x146664972a00>,31,3,[7 1],45,65,68,20,46
1,<environment.Job instance at 0x1466688457d0>,41,16,[8 1],57,68,84,11,65
1,<environment.Job instance at 0x1466657e0af0>,47,12,[8 2],63,84,96,21,76
1,<environment.Job instance at 0x1466994530f0>,55,14,[10  2],76,96,110,20,81
1,<environment.Job instance at 0x14666e59bb40>,6,18,[10  2],10,10,28,0,10
1,<environment.Job instance at 0x1466994d7b40>,13,12,[8 2],20,43,55,23,43
1,<environment.Job instance at 0x146668b54140>,32,14,[10  1],51,55,69,4,51
1,<environment.Job instance at 0x14666e59b460>,11,1,[1 7],15,52,53,37,52
1,<environment.Job instance at 0x1466648ab870>,8,14,[9 2],14,17,31,3,17
1,<environment.Job instance at 0x146668c0e500>,10,3,[7 2],18,31,34,13,19
1,<environment.Job instance at 0x14666d2149b0>,39,16,[10  2],62,62,78,0,62
1,<environment.Job instance at 0x1466687052d0>,46,2,[5 2],75,78,80,3,75
1,<environment.Job instance at 0x146668705730>,48,2,[7 1],77,80,82,3,77
1,<environment.Job instance at 0x146668c5a870>,21,17,[8 2],33,40,57,7,40
1,<environment.Job instance at 0x14666e661370>,8,3,[10  1],13,57,60,44,44
1,<environment.Job instance at 0x1466648d21e0>,34,1,[8 1],53,172,173,119,172
1,<environment.Job instance at 0x14666e5817d0>,40,2,[10  2],63,194,196,131,194
1,<environment.Job instance at 0x146664f60cd0>,42,3,[8 1],66,196,199,130,196
1,<environment.Job instance at 0x146664f605a0>,45,3,[9 1],69,216,219,147,216
1,<environment.Job instance at 0x146664f609b0>,46,3,[6 1],70,220,223,150,220
1,<environment.Job instance at 0x146664f60be0>,47,3,[1 8],72,230,233,158,230
1,<environment.Job instance at 0x146664f60f00>,48,2,[5 1],73,987,989,914,987
1,<environment.Job instance at 0x146667d0e190>,29,3,[10  2],36,47,50,11,47
1,<environment.Job instance at 0x146664b513c0>,36,3,[9 1],43,50,53,7,49
1,<environment.Job instance at 0x146664b519b0>,37,12,[9 2],44,53,65,9,49
1,<environment.Job instance at 0x146664b515f0>,38,3,[8 2],46,65,68,19,62
1,<environment.Job instance at 0x146664b51a50>,40,15,[9 2],49,68,83,19,62
1,<environment.Job instance at 0x14666f14d870>,43,12,[8 2],52,83,95,31,69
1,<environment.Job instance at 0x14666f14da00>,42,1,[7 2],51,95,96,44,69
1,<environment.Job instance at 0x14666f14d140>,45,2,[2 6],54,83,85,29,69
1,<environment.Job instance at 0x14666d1ff5a0>,47,1,[2 9],57,96,97,39,69
1,<environment.Job instance at 0x14666d1ffbe0>,50,3,[10  2],65,97,100,32,71
1,<environment.Job instance at 0x14666f187f00>,53,14,[9 2],69,100,114,31,85
1,<environment.Job instance at 0x1466644b3050>,8,18,[9 1],15,18,36,3,18
1,<environment.Job instance at 0x146664a67820>,16,12,[10  1],26,36,48,10,27
1,<environment.Job instance at 0x146664f96870>,22,16,[7 1],33,48,64,15,37
1,<environment.Job instance at 0x1466998e0e10>,23,3,[6 2],34,64,67,30,38
1,<environment.Job instance at 0x14669946b7d0>,27,1,[8 2],40,67,68,27,54
1,<environment.Job instance at 0x14669946b1e0>,33,3,[8 2],47,68,71,21,54
1,<environment.Job instance at 0x14669946b5a0>,34,15,[7 2],48,71,86,23,57
1,<environment.Job instance at 0x1466649ccbe0>,38,12,[8 2],57,86,98,29,74
1,<environment.Job instance at 0x1466662c83c0>,51,13,[10  2],76,98,111,22,82
1,<environment.Job instance at 0x146668773e10>,3,2,[10  2],11,11,13,0,11
1,<environment.Job instance at 0x146668773500>,5,1,[9 1],14,15,16,1,15
1,<environment.Job instance at 0x146668773820>,9,13,[1 6],19,19,32,0,19
1,<environment.Job instance at 0x14666464bfa0>,24,18,[8 2],37,49,67,12,49
1,<environment.Job instance at 0x14666464bd20>,26,3,[10  1],39,67,70,28,56
1,<environment.Job instance at 0x1466646bc050>,38,3,[7 1],53,96,99,43,96
1,<environment.Job instance at 0x1466646bc140>,49,2,[10  2],73,99,101,26,97
1,<environment.Job instance at 0x1466687876e0>,50,3,[10  1],74,101,104,27,97
1,<environment.Job instance at 0x14666f12a320>,2,3,[8 1],3,4,7,1,4
1,<environment.Job instance at 0x146664eb92d0>,4,18,[10  1],6,7,25,1,6
1,<environment.Job instance at 0x146668773d70>,3,2,[2 6],4,25,27,21,6
1,<environment.Job instance at 0x14666f187820>,5,3,[7 1],7,25,28,18,9
1,<environment.Job instance at 0x14666f12a2d0>,6,2,[2 9],9,27,29,18,9
1,<environment.Job instance at 0x146664d70820>,18,3,[10  2],26,29,32,3,26
1,<environment.Job instance at 0x146664d70c80>,20,2,[8 1],28,32,34,4,29
1,<environment.Job instance at 0x1466649b7230>,24,3,[10  2],32,34,37,2,32
1,<environment.Job instance at 0x146667b004b0>,25,14,[7 2],35,37,51,2,35
1,<environment.Job instance at 0x1466648cf2d0>,36,3,[5 2],48,51,54,3,51
1,<environment.Job instance at 0x146667c61c30>,39,1,[5 2],52,59,60,7,59
1,<environment.Job instance at 0x1466994dfe10>,47,3,[10  1],60,60,63,0,60
1,<environment.Job instance at 0x146698b960a0>,54,13,[10  2],74,74,87,0,74
1,<environment.Job instance at 0x1466647e6cd0>,20,3,[7 2],27,27,30,0,27
1,<environment.Job instance at 0x146664818fa0>,22,1,[8 2],29,30,31,1,29
1,<environment.Job instance at 0x146664c45b90>,27,3,[5 1],34,34,37,0,34
1,<environment.Job instance at 0x146664c45910>,29,15,[5 2],40,42,57,2,42
1,<environment.Job instance at 0x146667a0ac80>,34,17,[9 1],48,57,74,9,48
1,<environment.Job instance at 0x146664bd2be0>,45,18,[9 1],65,74,92,9,65
1,<environment.Job instance at 0x146664f79cd0>,48,3,[9 2],69,92,95,23,69
1,<environment.Job instance at 0x146664f793c0>,51,12,[8 1],72,95,107,23,78
1,<environment.Job instance at 0x146665827960>,53,3,[7 1],74,107,110,33,81
1,<environment.Job instance at 0x146664d1c8c0>,4,3,[5 2],7,7,10,0,7
1,<environment.Job instance at 0x146698b6b5f0>,5,13,[7 2],8,10,23,2,8
1,<environment.Job instance at 0x14666f176b90>,15,15,[10  2],23,26,41,3,26
1,<environment.Job instance at 0x14666f1768c0>,17,3,[9 1],25,41,44,16,36
1,<environment.Job instance at 0x14666e5d15a0>,20,2,[9 2],28,44,46,16,39
1,<environment.Job instance at 0x1466baca1a00>,21,3,[7 1],29,46,49,17,41
1,<environment.Job instance at 0x146667bf88c0>,32,2,[9 2],43,62,64,19,62
1,<environment.Job instance at 0x1466646fe550>,35,2,[10  2],46,64,66,18,62
1,<environment.Job instance at 0x146668707870>,16,3,[5 1],23,40,43,17,40
1,<environment.Job instance at 0x1466646bb460>,24,18,[5 2],33,60,78,27,60
1,<environment.Job instance at 0x1466646bb5f0>,25,3,[9 2],34,78,81,44,60
1,<environment.Job instance at 0x1466646bbcd0>,26,3,[8 2],36,81,84,45,60
1,<environment.Job instance at 0x1466646bb6e0>,28,2,[1 6],39,95,97,56,95
1,<environment.Job instance at 0x1466646bbf50>,29,18,[5 2],40,95,113,55,95
1,<environment.Job instance at 0x14669946dd20>,30,1,[6 2],41,113,114,72,110
1,<environment.Job instance at 0x1466643db870>,37,18,[8 1],49,114,132,65,110
1,<environment.Job instance at 0x1466643db910>,36,17,[1 8],48,110,127,62,110
1,<environment.Job instance at 0x14666466f050>,39,13,[1 9],52,127,140,75,111
1,<environment.Job instance at 0x146668eb61e0>,4,16,[9 1],6,6,22,0,6
1,<environment.Job instance at 0x1466688b39b0>,6,1,[6 2],8,22,23,14,8
1,<environment.Job instance at 0x146667e25a00>,13,3,[5 2],18,23,26,5,18
1,<environment.Job instance at 0x146667e25fa0>,14,1,[10  1],19,26,27,7,19
1,<environment.Job instance at 0x146664e56460>,32,2,[10  1],43,67,69,24,67
1,<environment.Job instance at 0x146664a8e7d0>,49,17,[9 1],67,69,86,2,67
1,<environment.Job instance at 0x14669958ba50>,54,16,[9 1],74,86,102,12,83
1,<environment.Job instance at 0x14669958bc80>,56,12,[8 1],79,102,114,23,85
1,<environment.Job instance at 0x1466688b3eb0>,7,22,[10  1],10,1577,1599,1567,1577
1,<environment.Job instance at 0x146667e49280>,1,3,[9 2],3,3,6,0,3
1,<environment.Job instance at 0x146665810b90>,5,13,[9 2],14,14,27,0,14
1,<environment.Job instance at 0x1466645860a0>,16,2,[7 2],32,46,48,14,46
1,<environment.Job instance at 0x146664c0faa0>,28,2,[10  1],48,48,50,0,48
1,<environment.Job instance at 0x146667d814b0>,31,1,[9 1],51,51,52,0,51
1,<environment.Job instance at 0x146667d81320>,32,1,[2 7],53,54,55,1,54
1,<environment.Job instance at 0x1466687a2780>,34,3,[9 2],55,55,58,0,55
1,<environment.Job instance at 0x1466687a27d0>,36,17,[5 2],58,74,91,16,74
1,<environment.Job instance at 0x14666492ce60>,12,1,[9 1],26,2475,2476,2449,2475
1,<environment.Job instance at 0x1466646c5c80>,1,3,[9 2],7,7,10,0,7
1,<environment.Job instance at 0x1466646c5cd0>,2,2,[7 1],8,10,12,2,8
1,<environment.Job instance at 0x1466646c5be0>,3,14,[5 1],9,57,71,48,57
1,<environment.Job instance at 0x14666884e6e0>,14,16,[5 2],23,58,74,35,58
1,<environment.Job instance at 0x14666884ed70>,17,1,[6 1],26,74,75,48,67
1,<environment.Job instance at 0x146664a04370>,29,14,[6 1],39,75,89,36,73
1,<environment.Job instance at 0x146664a04410>,30,1,[1 5],40,73,74,33,73
1,<environment.Job instance at 0x146664a04190>,31,2,[2 5],41,74,76,33,73
1,<environment.Job instance at 0x146664a044b0>,33,3,[ 1 10],43,89,92,46,73
1,<environment.Job instance at 0x146664a04be0>,34,13,[5 2],44,92,105,48,76
1,<environment.Job instance at 0x146664a04b90>,36,17,[6 1],46,105,122,59,94
1,<environment.Job instance at 0x146664a04870>,39,14,[10  2],49,122,136,73,107
1,<environment.Job instance at 0x146664a04320>,41,17,[9 1],51,136,153,85,124
1,<environment.Job instance at 0x146664e833c0>,46,3,[9 1],57,153,156,96,127
1,<environment.Job instance at 0x146664e83be0>,47,1,[2 9],58,156,157,98,128
1,<environment.Job instance at 0x146664caaaf0>,52,3,[5 1],65,156,159,91,147
1,<environment.Job instance at 0x146664caa780>,54,3,[1 9],68,163,166,95,163
1,<environment.Job instance at 0x1466688780f0>,7,3,[7 1],16,16,19,0,16
1,<environment.Job instance at 0x14666884e460>,48,13,[9 2],75,75,88,0,75
1,<environment.Job instance at 0x14c153586640>,12,3,[6 2],16,38,41,22,38
1,<environment.Job instance at 0x14c153530410>,19,3,[8 1],26,41,44,15,40
1,<environment.Job instance at 0x14c1535c06e0>,23,3,[7 2],30,48,51,18,48
1,<environment.Job instance at 0x14c15356f780>,26,3,[9 1],36,58,61,22,58
1,<environment.Job instance at 0x14c15356d0f0>,31,3,[8 1],42,82,85,40,82
1,<environment.Job instance at 0x14c152e5eaa0>,32,16,[9 1],43,85,101,42,82
1,<environment.Job instance at 0x14c152e5e6e0>,33,2,[5 1],44,101,103,57,101
1,<environment.Job instance at 0x14c152e5db90>,52,1,[8 1],70,107,108,37,107
1,<environment.Job instance at 0x14c152e5d1e0>,53,1,[7 2],72,108,109,36,107
1,<environment.Job instance at 0x14c152e5d370>,54,2,[10  1],74,109,111,35,107
1,<environment.Job instance at 0x14c1530ca640>,58,3,[6 1],83,128,131,45,128
1,<environment.Job instance at 0x14c152e5df00>,51,16,[10  1],69,729,745,660,729
1,<environment.Job instance at 0x14c164f02050>,11,17,[9 2],20,20,37,0,20
1,<environment.Job instance at 0x14c16435cc80>,13,2,[10  2],23,37,39,14,23
1,<environment.Job instance at 0x14c164f14d20>,14,3,[8 1],27,39,42,12,38
1,<environment.Job instance at 0x14c1646abbe0>,25,15,[6 2],42,48,63,6,48
1,<environment.Job instance at 0x14c16449abe0>,31,3,[7 1],49,63,66,14,54
1,<environment.Job instance at 0x14c1646adeb0>,37,15,[9 2],63,66,81,3,64
1,<environment.Job instance at 0x14c16449a8c0>,32,1,[2 5],53,64,65,11,64
1,<environment.Job instance at 0x14c16726b5f0>,15,2,[7 1],20,21,23,1,21
1,<environment.Job instance at 0x14c1526ffb40>,22,2,[5 1],27,27,29,0,27
1,<environment.Job instance at 0x14c1526ffd70>,23,1,[6 1],29,29,30,0,29
1,<environment.Job instance at 0x14c1526ffa00>,26,18,[6 2],33,33,51,0,33
1,<environment.Job instance at 0x14c153531230>,25,13,[5 2],32,51,64,19,35
1,<environment.Job instance at 0x14c156981640>,27,14,[10  1],36,64,78,28,49
1,<environment.Job instance at 0x14c1644814b0>,39,2,[6 1],52,78,80,26,53
1,<environment.Job instance at 0x14c156a51d20>,40,2,[10  2],53,80,82,27,53
1,<environment.Job instance at 0x14c155a81b40>,52,1,[7 2],69,85,86,16,85
1,<environment.Job instance at 0x14c164f1d870>,56,2,[8 1],73,86,88,13,86
1,<environment.Job instance at 0x14c164f605a0>,18,17,[10  1],28,28,45,0,28
1,<environment.Job instance at 0x14c153539500>,8,2,[1 5],16,45,47,29,28
1,<environment.Job instance at 0x14c164f4f780>,23,13,[9 2],37,46,59,9,46
1,<environment.Job instance at 0x14c15664f230>,27,3,[10  2],45,59,62,14,46
1,<environment.Job instance at 0x14c1530d66e0>,30,3,[7 2],50,62,65,12,51
1,<environment.Job instance at 0x14c1530d4eb0>,32,1,[5 2],52,65,66,13,55
1,<environment.Job instance at 0x14c164f67dc0>,45,15,[10  2],70,71,86,1,71
1,<environment.Job instance at 0x14c1643bbbe0>,51,3,[10  2],77,86,89,9,77
1,<environment.Job instance at 0x14c1643bbd70>,54,17,[10  2],84,89,106,5,87
1,<environment.Job instance at 0x14c1a420e7d0>,9,26,[10  1],11,11,37,0,11
1,<environment.Job instance at 0x14c1a420eb90>,11,12,[8 2],13,37,49,24,20
1,<environment.Job instance at 0x14c164038f50>,12,3,[6 2],15,49,52,34,26
1,<environment.Job instance at 0x14c1540f1280>,21,14,[10  2],28,52,66,24,37
1,<environment.Job instance at 0x14c1540f1550>,24,2,[7 1],33,66,68,33,39
1,<environment.Job instance at 0x14c1540f1dc0>,26,1,[5 2],35,68,69,33,40
1,<environment.Job instance at 0x14c15650ca00>,27,1,[1 5],38,40,41,2,40
1,<environment.Job instance at 0x14c15650c370>,29,18,[10  2],40,69,87,29,58
1,<environment.Job instance at 0x14c15650c6e0>,30,2,[2 6],41,66,68,25,58
1,<environment.Job instance at 0x14c1640311e0>,36,12,[8 2],50,87,99,37,70
1,<environment.Job instance at 0x14c154d29dc0>,46,2,[2 9],64,99,101,35,78
1,<environment.Job instance at 0x14c154d29be0>,47,3,[9 2],66,101,104,35,78
1,<environment.Job instance at 0x14c154d29af0>,48,14,[9 2],68,104,118,36,89
1,<environment.Job instance at 0x14c1643e1d20>,53,1,[2 8],77,96,97,19,96
1,<environment.Job instance at 0x14c156523640>,55,14,[10  1],81,118,132,37,103
1,<environment.Job instance at 0x14c164392640>,3,3,[6 2],4,4,7,0,4
1,<environment.Job instance at 0x14c164392aa0>,9,3,[7 1],13,14,17,1,14
1,<environment.Job instance at 0x14c164f9a9b0>,12,13,[10  1],20,20,33,0,20
1,<environment.Job instance at 0x14c15663eaf0>,45,3,[9 1],73,446,449,373,446
1,<environment.Job instance at 0x14c15663e5a0>,46,3,[7 2],75,449,452,374,446
1,<environment.Job instance at 0x14c15663ee10>,47,14,[8 2],76,452,466,376,446
1,<environment.Job instance at 0x14c15663ec30>,48,3,[9 2],77,466,469,389,446
1,<environment.Job instance at 0x14c156a31870>,52,16,[10  2],82,469,485,387,456
1,<environment.Job instance at 0x14c164f78500>,14,3,[10  1],23,25,28,2,25
1,<environment.Job instance at 0x14c155a8ebe0>,17,3,[8 1],27,28,31,1,28
1,<environment.Job instance at 0x14c1529e48c0>,27,17,[8 2],43,45,62,2,45
1,<environment.Job instance at 0x14c1669dc690>,51,3,[9 1],79,119,122,40,119
1,<environment.Job instance at 0x14c152b0ebe0>,6,15,[5 1],9,21,36,12,21
1,<environment.Job instance at 0x14c1559e43c0>,16,12,[ 2 10],21,36,48,15,22
1,<environment.Job instance at 0x14c1535a4190>,32,2,[10  1],39,48,50,9,40
1,<environment.Job instance at 0x14c152dcb320>,34,1,[8 1],41,50,51,9,45
1,<environment.Job instance at 0x14c152dcb910>,38,3,[8 2],46,51,54,5,46
1,<environment.Job instance at 0x14c156731d20>,40,15,[9 2],49,54,69,5,49
1,<environment.Job instance at 0x14c152dcb500>,36,3,[9 1],43,69,72,26,49
1,<environment.Job instance at 0x14c16504e0f0>,56,12,[8 1],74,84,96,10,84
1,<environment.Job instance at 0x14c152767140>,42,1,[7 2],51,482,483,431,482
1,<environment.Job instance at 0x14c152174fa0>,1,14,[9 2],4,4,18,0,4
1,<environment.Job instance at 0x14c15209b280>,4,2,[10  2],7,18,20,11,14
1,<environment.Job instance at 0x14c1528077d0>,9,16,[7 1],15,20,36,5,16
1,<environment.Job instance at 0x14c152af1a50>,11,12,[5 1],17,36,48,19,24
1,<environment.Job instance at 0x14c1650065f0>,17,3,[6 2],24,48,51,24,28
1,<environment.Job instance at 0x14c152a19500>,27,3,[8 2],37,51,54,14,37
1,<environment.Job instance at 0x14c152a19230>,28,15,[7 2],38,54,69,16,52
1,<environment.Job instance at 0x14c154d58f00>,32,12,[8 2],47,77,89,30,77
1,<environment.Job instance at 0x14c1558c8aa0>,45,13,[10  2],66,89,102,23,83
1,<environment.Job instance at 0x14c165069550>,50,1,[5 2],75,112,113,37,112
1,<environment.Job instance at 0x14c1528bb370>,2,3,[7 2],5,5,8,0,5
1,<environment.Job instance at 0x14c156a08460>,12,18,[8 1],16,16,34,0,16
1,<environment.Job instance at 0x14c152d9e5f0>,48,18,[10  1],66,70,88,4,70
1,<environment.Job instance at 0x14c152984dc0>,21,12,[5 1],26,88,100,62,71
1,<environment.Job instance at 0x14c1566d5a50>,3,12,[2 5],6,6,18,0,6
1,<environment.Job instance at 0x14c1566d5d20>,5,3,[8 2],10,10,13,0,10
1,<environment.Job instance at 0x14c15268a230>,6,15,[5 1],11,13,28,2,11
1,<environment.Job instance at 0x14c152c4f320>,7,17,[5 2],12,18,35,6,13
1,<environment.Job instance at 0x14c152180f00>,8,12,[1 6],13,28,40,15,13
1,<environment.Job instance at 0x14c1557b0aa0>,24,3,[10  1],30,40,43,10,33
1,<environment.Job instance at 0x14c165003dc0>,31,13,[10  2],44,44,57,0,44
1,<environment.Job instance at 0x14c15360d3c0>,41,2,[10  2],59,62,64,3,62
1,<environment.Job instance at 0x14c155b50050>,44,3,[5 2],64,72,75,8,72
1,<environment.Job instance at 0x14c155b50320>,46,3,[8 1],66,75,78,9,74
1,<environment.Job instance at 0x14c155ac0b40>,48,1,[10  2],70,84,85,14,84
1,<environment.Job instance at 0x14c155ac0500>,49,3,[2 8],71,85,88,14,85
1,<environment.Job instance at 0x14c155ac0d20>,50,3,[6 1],72,85,88,13,85
1,<environment.Job instance at 0x14c1644991e0>,54,3,[7 2],77,91,94,14,91
1,<environment.Job instance at 0x14c155995a00>,59,2,[10  1],82,94,96,12,91
1,<environment.Job instance at 0x14c1529c4910>,61,3,[5 1],84,96,99,12,91
1,<environment.Job instance at 0x14c1524c57d0>,4,17,[9 1],8,8,25,0,8
1,<environment.Job instance at 0x14c1524c5140>,6,1,[ 1 10],10,25,26,15,10
1,<environment.Job instance at 0x14c1524c5e10>,7,16,[ 2 10],11,26,42,15,13
1,<environment.Job instance at 0x14c15255c6e0>,17,2,[8 2],28,42,44,14,28
1,<environment.Job instance at 0x14c15255c550>,18,3,[9 2],29,44,47,15,29
1,<environment.Job instance at 0x14c15255cdc0>,22,3,[6 2],33,47,50,14,43
1,<environment.Job instance at 0x14c164322230>,41,13,[10  2],60,63,76,3,63
1,<environment.Job instance at 0x14c16446a820>,43,15,[10  2],63,76,91,13,63
1,<environment.Job instance at 0x14c16446a0f0>,57,3,[8 2],79,99,102,20,99
1,<environment.Job instance at 0x14c155bed690>,25,17,[10  2],40,48,65,8,48
1,<environment.Job instance at 0x14c15359e500>,39,12,[1 9],61,68,80,7,68
1,<environment.Job instance at 0x14c1567263c0>,43,3,[8 2],66,80,83,14,68
1,<environment.Job instance at 0x14c15283d370>,49,17,[5 1],74,83,100,9,77
1,<environment.Job instance at 0x14c15283d690>,46,18,[5 2],70,83,101,13,78
1,<environment.Job instance at 0x14c1642e0690>,52,3,[8 2],77,101,104,24,78
1,<environment.Job instance at 0x14c1520cdb40>,7,18,[10  1],9,9,27,0,9
1,<environment.Job instance at 0x14c1569b6aa0>,21,1,[10  1],27,27,28,0,27
1,<environment.Job instance at 0x14c153568460>,22,1,[6 2],28,30,31,2,30
1,<environment.Job instance at 0x14c1528068c0>,24,20,[9 2],31,31,51,0,31
1,<environment.Job instance at 0x14c1650e2820>,2,16,[9 1],4,4,20,0,4
1,<environment.Job instance at 0x14c1672fa1e0>,7,3,[9 2],13,20,23,7,14
1,<environment.Job instance at 0x14c164380320>,11,13,[9 2],24,24,37,0,24
1,<environment.Job instance at 0x14c152174cd0>,13,14,[7 1],26,37,51,11,30
1,<environment.Job instance at 0x14c155a515f0>,22,2,[7 2],42,51,53,9,43
1,<environment.Job instance at 0x14c155ad3af0>,23,2,[2 5],43,44,46,1,44
1,<environment.Job instance at 0x14c155c3a820>,24,3,[2 6],44,47,50,3,47
1,<environment.Job instance at 0x14c167286280>,27,2,[2 7],48,54,56,6,54
1,<environment.Job instance at 0x14c152ba3960>,34,2,[10  1],58,58,60,0,58
1,<environment.Job instance at 0x14c152ba3050>,36,3,[5 1],60,60,63,0,60
1,<environment.Job instance at 0x14c152c29780>,37,1,[9 1],61,63,64,2,61
1,<environment.Job instance at 0x14c152154b40>,40,3,[9 2],65,65,68,0,65
1,<environment.Job instance at 0x14c15211cb40>,42,17,[5 2],68,68,85,0,68
1,<environment.Job instance at 0x14c1593697d0>,47,15,[7 2],73,85,100,12,73
1,<environment.Job instance at 0x14c1593699b0>,53,3,[8 1],83,100,103,17,83
1,<environment.Job instance at 0x14c152179b90>,2,2,[7 1],8,8,10,0,8
1,<environment.Job instance at 0x14c153507e10>,3,14,[5 1],9,59,73,50,59
1,<environment.Job instance at 0x14c157cf9050>,14,16,[5 2],23,59,75,36,59
1,<environment.Job instance at 0x14c1529eb230>,32,3,[8 2],42,80,83,38,80
1,<environment.Job instance at 0x14c16431a8c0>,34,13,[5 2],44,84,97,40,84
1,<environment.Job instance at 0x14c15359c190>,36,17,[6 1],46,115,132,69,115
1,<environment.Job instance at 0x14c15359cb90>,41,17,[9 1],51,132,149,81,123
1,<environment.Job instance at 0x14c15359cf50>,45,3,[10  2],56,149,152,93,138
1,<environment.Job instance at 0x14c15359ccd0>,46,3,[9 1],57,152,155,95,138
1,<environment.Job instance at 0x14c1520d0190>,51,26,[7 2],64,155,181,91,152
1,<environment.Job instance at 0x14c1520d0910>,52,3,[5 1],65,181,184,116,155
1,<environment.Job instance at 0x14c1520d0d70>,53,3,[1 5],67,155,158,88,155
1,<environment.Job instance at 0x14c15654a370>,54,3,[1 9],68,181,184,113,155
1,<environment.Job instance at 0x14c1672faa00>,56,1,[ 2 10],71,184,185,113,156
1,<environment.Job instance at 0x14c1524ede60>,57,3,[2 5],72,158,161,86,156
1,<environment.Job instance at 0x14c1524edaa0>,58,1,[2 5],73,161,162,88,156
1,<environment.Job instance at 0x14c1524ed1e0>,59,3,[8 1],74,185,188,111,159
1,<environment.Job instance at 0x14c1524b25f0>,61,3,[10  1],81,188,191,107,162
1,<environment.Job instance at 0x14c1528ba7d0>,62,1,[8 2],82,191,192,109,163
1,<environment.Job instance at 0x14c1528580a0>,64,1,[9 2],86,192,193,106,164
1,<environment.Job instance at 0x14c1642c3550>,1,3,[7 1],6,6,9,0,6
1,<environment.Job instance at 0x14c164499960>,8,2,[6 2],14,16,18,2,16
1,<environment.Job instance at 0x14c156a887d0>,19,3,[8 1],28,28,31,0,28
1,<environment.Job instance at 0x14c1646aed70>,36,16,[7 2],52,65,81,13,65
1,<environment.Job instance at 0x14c1566aa910>,42,13,[9 2],65,81,94,16,67
1,<environment.Job instance at 0x14c15237d9b0>,56,2,[10  2],86,94,96,8,93
1,<environment.Job instance at 0x14c15237d140>,57,3,[5 1],87,96,99,9,94
1,<environment.Job instance at 0x14c155849a50>,5,16,[8 2],10,10,26,0,10
1,<environment.Job instance at 0x14c155849960>,6,3,[1 5],11,20,23,9,20
1,<environment.Job instance at 0x14c1522de3c0>,15,1,[10  2],21,26,27,5,22
1,<environment.Job instance at 0x14c165043550>,16,2,[5 1],23,36,38,13,36
1,<environment.Job instance at 0x14c164f63550>,20,17,[9 2],31,38,55,7,36
1,<environment.Job instance at 0x14c156a0e690>,22,17,[7 2],34,55,72,21,44
1,<environment.Job instance at 0x14c152e447d0>,24,3,[8 1],37,72,75,35,46
1,<environment.Job instance at 0x14c1520c1e60>,23,2,[5 2],35,76,78,41,76
1,<environment.Job instance at 0x14c156a63fa0>,36,18,[7 2],56,78,96,22,76
1,<environment.Job instance at 0x14c152da8b90>,47,2,[8 1],73,96,98,23,92
1,<environment.Job instance at 0x14c1559ea9b0>,50,1,[8 2],77,99,100,22,99
1,<environment.Job instance at 0x14c164fe1190>,52,3,[5 2],81,100,103,19,99
1,<environment.Job instance at 0x14c164fe1c30>,53,2,[8 2],82,103,105,21,99
1,<environment.Job instance at 0x14c164fe1550>,55,14,[6 1],86,105,119,19,99
1,<environment.Job instance at 0x14c16505d460>,57,3,[9 2],88,119,122,31,99
1,<environment.Job instance at 0x14c152da86e0>,44,1,[7 2],70,122,123,52,104
1,<environment.Job instance at 0x14c164fd06e0>,1,13,[8 1],4,4,17,0,4
1,<environment.Job instance at 0x14c164fd0910>,2,15,[7 2],5,17,32,12,5
1,<environment.Job instance at 0x14c15286dfa0>,13,13,[10  2],25,32,45,7,26
1,<environment.Job instance at 0x14c15286df00>,8,3,[6 2],17,45,48,28,26
1,<environment.Job instance at 0x14c15285aa00>,16,1,[9 2],29,48,49,19,30
1,<environment.Job instance at 0x14c155c636e0>,32,3,[ 1 10],49,54,57,5,54
1,<environment.Job instance at 0x14c156970640>,37,16,[7 2],55,57,73,2,55
1,<environment.Job instance at 0x14c1569704b0>,38,3,[6 1],56,73,76,17,56
1,<environment.Job instance at 0x14c156970b40>,39,2,[10  2],57,76,78,19,57
1,<environment.Job instance at 0x14c156970730>,40,2,[7 1],58,78,80,20,58
1,<environment.Job instance at 0x14c164fd1870>,42,3,[8 2],65,95,98,30,95
1,<environment.Job instance at 0x1459339f7500>,23,3,[7 2],30,45,48,15,45
1,<environment.Job instance at 0x1459332e4960>,32,16,[9 1],43,85,101,42,85
1,<environment.Job instance at 0x14593355c6e0>,66,2,[9 2],94,135,137,41,135
1,<environment.Job instance at 0x1459407d3190>,6,17,[9 2],10,10,27,0,10
1,<environment.Job instance at 0x145940802230>,9,3,[8 1],17,27,30,10,18
1,<environment.Job instance at 0x14594083b0a0>,43,3,[9 1],67,67,70,0,67
1,<environment.Job instance at 0x145940b2d780>,46,13,[9 1],72,72,85,0,72
1,<environment.Job instance at 0x145941395eb0>,36,1,[9 2],59,85,86,26,72
1,<environment.Job instance at 0x145940861820>,48,16,[6 1],77,86,102,9,77
1,<environment.Job instance at 0x1459407bda00>,49,12,[10  2],79,102,114,23,85
1,<environment.Job instance at 0x145932cf9d20>,7,3,[9 2],19,19,22,0,19
1,<environment.Job instance at 0x145936e800a0>,14,15,[7 2],29,62,77,33,62
1,<environment.Job instance at 0x145936bab780>,28,3,[9 1],49,80,83,31,80
1,<environment.Job instance at 0x145932d3c960>,33,16,[7 1],58,95,111,37,95
1,<environment.Job instance at 0x145933a17280>,62,17,[10  1],95,124,141,29,124
1,<environment.Job instance at 0x14593457f4b0>,1,13,[5 2],2,2,15,0,2
1,<environment.Job instance at 0x14593457f230>,3,14,[10  1],6,15,29,9,6
1,<environment.Job instance at 0x14594148a550>,5,15,[2 7],9,29,44,20,15
1,<environment.Job instance at 0x14594375da00>,13,15,[6 1],19,29,44,10,19
1,<environment.Job instance at 0x1459400d8d70>,19,1,[9 1],28,44,45,16,28
1,<environment.Job instance at 0x14594003ab40>,29,3,[6 2],40,45,48,5,40
1,<environment.Job instance at 0x1459406f0b90>,33,14,[ 2 10],44,54,68,10,54
1,<environment.Job instance at 0x145932bf1b90>,36,3,[10  1],47,68,71,21,54
1,<environment.Job instance at 0x1459400a1b40>,37,15,[7 2],49,78,93,29,78
1,<environment.Job instance at 0x145936ee43c0>,48,12,[6 1],71,117,129,46,117
1,<environment.Job instance at 0x145936dce370>,54,2,[10  1],78,129,131,51,128
1,<environment.Job instance at 0x145932cfc820>,1,2,[7 1],2,4,6,2,4
1,<environment.Job instance at 0x145932cfca50>,2,1,[1 8],4,4,5,0,4
1,<environment.Job instance at 0x1459335462d0>,3,3,[10  2],5,6,9,1,5
1,<environment.Job instance at 0x1459360250a0>,5,15,[10  1],8,9,24,1,8
1,<environment.Job instance at 0x145940b37140>,6,3,[7 2],10,24,27,14,10
1,<environment.Job instance at 0x145940b5baa0>,8,1,[5 2],12,27,28,15,14
1,<environment.Job instance at 0x145940b5b140>,10,3,[8 1],15,28,31,13,15
1,<environment.Job instance at 0x145940b5b050>,11,3,[5 1],17,31,34,14,18
1,<environment.Job instance at 0x145940b55d70>,12,13,[5 1],19,35,48,16,35
1,<environment.Job instance at 0x145935f8ea50>,27,3,[10  2],37,48,51,11,37
1,<environment.Job instance at 0x145935f8e4b0>,30,17,[10  2],44,51,68,7,44
1,<environment.Job instance at 0x145933d0e8c0>,41,16,[8 1],57,68,84,11,57
1,<environment.Job instance at 0x145933d243c0>,55,14,[10  2],76,84,98,8,76
1,<environment.Job instance at 0x14593699a5f0>,6,1,[10  1],10,10,11,0,10
1,<environment.Job instance at 0x1459408dddc0>,7,16,[10  2],11,11,27,0,11
1,<environment.Job instance at 0x145936e870f0>,13,12,[10  1],21,27,39,6,21
1,<environment.Job instance at 0x145936e87730>,14,15,[5 2],23,52,67,29,52
1,<environment.Job instance at 0x1459409239b0>,37,13,[10  1],60,67,80,7,60
1,<environment.Job instance at 0x145940924780>,20,1,[2 9],34,80,81,46,60
1,<environment.Job instance at 0x145932db3140>,46,14,[9 2],74,84,98,10,84
1,<environment.Job instance at 0x145935dfa500>,8,3,[9 1],13,280,283,267,280
1,<environment.Job instance at 0x145935dfa870>,9,3,[7 2],15,283,286,268,280
1,<environment.Job instance at 0x145935dfa9b0>,10,14,[8 2],16,286,300,270,280
1,<environment.Job instance at 0x145935dfa5f0>,11,3,[9 2],17,300,303,283,297
1,<environment.Job instance at 0x145984291dc0>,22,2,[5 2],35,303,305,268,301
1,<environment.Job instance at 0x1459332cba50>,30,3,[9 1],45,322,325,277,322
1,<environment.Job instance at 0x1459436fa1e0>,54,18,[7 1],81,364,382,283,364
1,<environment.Job instance at 0x145941462c30>,3,3,[8 1],6,6,9,0,6
1,<environment.Job instance at 0x145933975550>,7,3,[6 1],10,12,15,2,12
1,<environment.Job instance at 0x1459400a10f0>,34,2,[5 2],46,46,48,0,46
1,<environment.Job instance at 0x1459400a17d0>,35,16,[8 1],48,48,64,0,48
1,<environment.Job instance at 0x1459400a1500>,36,1,[9 2],49,64,65,15,50
1,<environment.Job instance at 0x1459331b5aa0>,38,13,[1 6],51,51,64,0,51
1,<environment.Job instance at 0x145932cef910>,41,12,[1 9],54,70,82,16,70
1,<environment.Job instance at 0x145935cf58c0>,47,1,[9 1],60,72,73,12,72
1,<environment.Job instance at 0x145935cf5410>,51,12,[9 2],64,82,94,18,72
1,<environment.Job instance at 0x145935cf5f50>,52,3,[8 2],66,94,97,28,72
1,<environment.Job instance at 0x145940837a00>,54,15,[9 2],69,97,112,28,83
1,<environment.Job instance at 0x145932ec4f00>,64,3,[10  2],85,112,115,27,99
1,<environment.Job instance at 0x145932ec41e0>,65,1,[7 1],87,115,116,28,106
1,<environment.Job instance at 0x145932ec4780>,68,1,[2 7],91,115,116,24,106
1,<environment.Job instance at 0x145932ec4be0>,69,2,[10  2],92,116,118,24,106
1,<environment.Job instance at 0x145932ec4910>,71,1,[6 1],98,118,119,20,107
1,<environment.Job instance at 0x145932ec4820>,72,2,[7 1],99,119,121,20,107
1,<environment.Job instance at 0x145936ee43c0>,8,18,[9 1],15,15,33,0,15
1,<environment.Job instance at 0x1459406eb960>,3,3,[5 1],6,33,36,27,15
1,<environment.Job instance at 0x145936ee4a00>,10,2,[10  2],17,36,38,19,17
1,<environment.Job instance at 0x145932d3fe60>,12,2,[10  1],20,38,40,18,20
1,<environment.Job instance at 0x145933256e60>,13,1,[ 2 10],22,40,41,18,22
1,<environment.Job instance at 0x145936075050>,14,1,[10  2],24,41,42,17,24
1,<environment.Job instance at 0x145933251690>,22,16,[7 1],33,46,62,13,46
1,<environment.Job instance at 0x145936f16690>,33,3,[8 2],47,77,80,30,77
1,<environment.Job instance at 0x145932c20a00>,34,15,[7 2],48,80,95,32,77
1,<environment.Job instance at 0x145940023b40>,51,13,[10  2],76,138,151,62,138
1,<environment.Job instance at 0x145933ae8780>,59,1,[1 8],92,1448,1449,1356,1448
1,<environment.Job instance at 0x145935d46cd0>,12,18,[8 1],16,16,34,0,16
1,<environment.Job instance at 0x145941489eb0>,26,2,[8 2],32,62,64,30,62
1,<environment.Job instance at 0x145935dfe320>,27,3,[7 1],33,64,67,31,62
1,<environment.Job instance at 0x145932cf9140>,37,17,[9 1],52,67,84,15,63
1,<environment.Job instance at 0x145932cf9eb0>,38,2,[10  2],53,84,86,31,65
1,<environment.Job instance at 0x145932cf9820>,39,3,[10  1],54,86,89,32,65
1,<environment.Job instance at 0x145936a1ffa0>,46,3,[8 1],63,89,92,26,65
1,<environment.Job instance at 0x1459408025f0>,51,2,[5 1],70,92,94,22,92
1,<environment.Job instance at 0x145935c50a00>,55,3,[ 2 10],75,94,97,19,92
1,<environment.Job instance at 0x145935c506e0>,56,19,[10  1],77,97,116,20,92
1,<environment.Job instance at 0x145941460aa0>,64,2,[8 1],88,116,118,28,115
1,<environment.Job instance at 0x145936de4140>,68,3,[10  2],92,118,121,26,115
1,<environment.Job instance at 0x1459369e02d0>,69,14,[7 2],95,121,135,26,115
1,<environment.Job instance at 0x1459414600f0>,63,14,[2 9],87,135,149,48,120
1,<environment.Job instance at 0x1459369e0500>,71,1,[1 5],98,121,122,23,120
1,<environment.Job instance at 0x1459407d8280>,1,17,[5 2],2,2,19,0,2
1,<environment.Job instance at 0x14594088a4b0>,3,12,[7 2],4,19,31,15,4
1,<environment.Job instance at 0x145940921fa0>,15,2,[2 9],17,31,33,14,23
1,<environment.Job instance at 0x145932d971e0>,19,3,[6 2],22,33,36,11,23
1,<environment.Job instance at 0x145932d975a0>,20,1,[2 9],23,36,37,13,23
1,<environment.Job instance at 0x145936eff640>,21,2,[8 2],26,37,39,11,26
1,<environment.Job instance at 0x145932ef41e0>,18,3,[10  1],20,39,42,19,26
1,<environment.Job instance at 0x145936adb7d0>,23,2,[6 2],30,42,44,12,30
1,<environment.Job instance at 0x145933a1e500>,24,2,[5 1],32,44,46,12,36
1,<environment.Job instance at 0x145936df75a0>,26,3,[8 2],37,46,49,9,37
1,<environment.Job instance at 0x145936a44870>,27,14,[1 6],40,42,56,2,41
1,<environment.Job instance at 0x145936f3caf0>,29,12,[9 1],42,49,61,7,42
1,<environment.Job instance at 0x145943706c30>,31,2,[1 8],44,56,58,12,44
1,<environment.Job instance at 0x145943706460>,33,15,[8 1],47,61,76,14,48
1,<environment.Job instance at 0x145933000e10>,40,3,[8 1],56,76,79,20,56
1,<environment.Job instance at 0x145932ffb870>,44,3,[6 1],62,79,82,17,62
1,<environment.Job instance at 0x145933d2b410>,55,3,[5 1],74,82,85,8,74
1,<environment.Job instance at 0x145933d2bb90>,56,1,[9 2],78,85,86,7,78
1,<environment.Job instance at 0x145933d2ba00>,57,15,[5 2],80,86,101,6,80
1,<environment.Job instance at 0x145936076370>,58,3,[7 1],82,101,104,19,82
1,<environment.Job instance at 0x145936076230>,61,2,[7 2],87,104,106,17,87
1,<environment.Job instance at 0x14593287f370>,8,12,[8 1],12,12,24,0,12
1,<environment.Job instance at 0x14593287f050>,12,1,[8 1],16,24,25,8,24
1,<environment.Job instance at 0x1459325f1190>,18,2,[5 2],25,26,28,1,26
1,<environment.Job instance at 0x145932f1aaa0>,20,13,[7 2],28,28,41,0,28
1,<environment.Job instance at 0x1459325dd190>,28,13,[10  2],40,65,78,25,65
1,<environment.Job instance at 0x1459325dd3c0>,30,15,[10  2],43,78,93,35,67
1,<environment.Job instance at 0x1459339bccd0>,32,3,[9 1],45,93,96,48,80
1,<environment.Job instance at 0x1459339bc410>,35,2,[9 2],48,96,98,48,87
1,<environment.Job instance at 0x14593317acd0>,44,3,[8 2],59,98,101,39,95
1,<environment.Job instance at 0x14593317ad70>,45,12,[6 2],61,101,113,40,95
1,<environment.Job instance at 0x1459413e5730>,56,1,[10  1],75,116,117,41,116
1,<environment.Job instance at 0x145932e6e550>,59,3,[2 7],82,117,120,35,116
1,<environment.Job instance at 0x1459413fb640>,66,2,[9 1],95,123,125,28,123
1,<environment.Job instance at 0x1459408dd690>,68,2,[9 1],98,126,128,28,126
1,<environment.Job instance at 0x1459329ed320>,8,17,[10  2],10,23,40,13,23
1,<environment.Job instance at 0x1459329de640>,47,16,[1 7],61,115,131,54,115
1,<environment.Job instance at 0x145935ecc910>,50,2,[9 2],65,115,117,50,115
1,<environment.Job instance at 0x145935ff2af0>,54,18,[10  1],69,131,149,62,120
1,<environment.Job instance at 0x145935ff2eb0>,59,2,[2 6],77,149,151,72,146
1,<environment.Job instance at 0x145935ff2370>,60,15,[10  2],78,151,166,73,146
1,<environment.Job instance at 0x145935ff20f0>,61,2,[6 2],79,166,168,87,150
1,<environment.Job instance at 0x145935ff2820>,63,2,[2 7],81,166,168,85,154
1,<environment.Job instance at 0x145935ff29b0>,68,1,[10  1],87,168,169,81,154
1,<environment.Job instance at 0x145935ff2b40>,69,1,[6 2],88,169,170,81,157
1,<environment.Job instance at 0x145935ff2be0>,70,22,[10  1],90,170,192,80,163
1,<environment.Job instance at 0x1459329fd2d0>,72,2,[8 2],93,192,194,99,174
1,<environment.Job instance at 0x1459329fd410>,73,1,[2 7],95,192,193,97,177
1,<environment.Job instance at 0x1459329d96e0>,4,2,[6 1],7,7,9,0,7
1,<environment.Job instance at 0x1459329b8a50>,12,1,[7 2],19,19,20,0,19
1,<environment.Job instance at 0x145935ed0fa0>,20,3,[6 2],27,27,30,0,27
1,<environment.Job instance at 0x1459328c8d70>,17,1,[8 2],24,30,31,6,27
1,<environment.Job instance at 0x145935d30d70>,21,3,[10  1],28,31,34,3,28
1,<environment.Job instance at 0x145940859dc0>,33,17,[9 1],47,47,64,0,47
1,<environment.Job instance at 0x145933a92c80>,35,3,[5 2],50,64,67,14,51
1,<environment.Job instance at 0x145932a7cdc0>,25,1,[9 1],34,67,68,33,51
1,<environment.Job instance at 0x145932ad4e60>,42,2,[10  1],62,68,70,6,62
1,<environment.Job instance at 0x145932ad4d20>,43,3,[9 2],63,70,73,7,63
1,<environment.Job instance at 0x1459328f2a50>,47,13,[9 2],74,82,95,8,82
1,<environment.Job instance at 0x145942e67cd0>,4,16,[9 2],6,6,22,0,6
1,<environment.Job instance at 0x145932fef6e0>,11,3,[9 2],15,22,25,7,15
1,<environment.Job instance at 0x145932fc9be0>,6,3,[ 2 10],9,25,28,16,17
1,<environment.Job instance at 0x145932fef1e0>,13,17,[5 2],18,31,48,13,31
1,<environment.Job instance at 0x14593607aa00>,24,3,[8 1],33,48,51,15,33
1,<environment.Job instance at 0x1459360a3af0>,26,2,[9 2],35,51,53,16,35
1,<environment.Job instance at 0x145936b47c30>,22,3,[2 6],31,36,39,5,36
1,<environment.Job instance at 0x1459360a3aa0>,30,3,[9 1],42,53,56,11,42
1,<environment.Job instance at 0x1459369bcc30>,32,2,[7 1],48,56,58,8,48
1,<environment.Job instance at 0x1459369bc960>,33,14,[5 1],49,58,72,9,49
1,<environment.Job instance at 0x1459414a6e10>,44,16,[5 2],63,111,127,48,111
1,<environment.Job instance at 0x1459414a68c0>,47,1,[6 1],66,129,130,63,129
1,<environment.Job instance at 0x145932838d20>,52,2,[2 6],71,129,131,58,129
1,<environment.Job instance at 0x1459360f5320>,67,3,[7 1],87,156,159,69,156
1,<environment.Job instance at 0x1459360f5280>,69,14,[10  2],89,159,173,70,156
1,<environment.Job instance at 0x145932efe5f0>,71,17,[9 1],91,173,190,82,161
1,<environment.Job instance at 0x145932839870>,60,1,[1 5],80,176,177,96,176
1,<environment.Job instance at 0x145932efe0a0>,76,3,[9 1],97,190,193,93,184
1,<environment.Job instance at 0x1459326e4f00>,13,1,[8 2],22,22,23,0,22
1,<environment.Job instance at 0x145935ee90f0>,55,12,[8 1],83,96,108,13,96
1,<environment.Job instance at 0x145935ee9aa0>,59,17,[6 2],93,108,125,15,103
1,<environment.Job instance at 0x145935ee9b40>,60,13,[9 2],95,125,138,30,109
1,<environment.Job instance at 0x145935ee9a50>,61,1,[9 1],96,138,139,42,110
1,<environment.Job instance at 0x145932ef2320>,22,18,[7 2],35,325,343,290,325
1,<environment.Job instance at 0x1459325ed0a0>,35,17,[7 2],54,349,366,295,349
1,<environment.Job instance at 0x145932730410>,39,3,[6 2],60,366,369,306,351
1,<environment.Job instance at 0x145933199140>,40,12,[9 2],61,369,381,308,355
1,<environment.Job instance at 0x1459345774b0>,1,2,[8 2],2,2,4,0,2
1,<environment.Job instance at 0x145934577550>,3,14,[6 1],6,6,20,0,6
1,<environment.Job instance at 0x145932f48d70>,5,3,[9 2],8,20,23,12,14
1,<environment.Job instance at 0x145932f48960>,9,15,[7 2],15,23,38,8,15
1,<environment.Job instance at 0x14594085bc30>,20,13,[10  2],35,40,53,5,40
1,<environment.Job instance at 0x145932f485f0>,6,3,[1 7],9,53,56,44,40
1,<environment.Job instance at 0x14594143f5a0>,27,1,[9 1],43,53,54,10,50
1,<environment.Job instance at 0x145936982be0>,38,13,[5 2],57,62,75,5,62
1,<environment.Job instance at 0x1459415015f0>,44,16,[7 2],65,75,91,10,67
1,<environment.Job instance at 0x145936982870>,39,3,[ 1 10],59,91,94,32,68
1,<environment.Job instance at 0x145932d16230>,60,15,[5 2],90,94,109,4,94
1,<environment.Job instance at 0x145932d16370>,63,16,[5 2],93,105,121,12,105
1,<environment.Job instance at 0x145935d9f820>,4,2,[10  2],7,7,9,0,7
1,<environment.Job instance at 0x145935d9fbe0>,3,2,[2 6],6,9,11,3,7
1,<environment.Job instance at 0x145932c4cc80>,10,1,[8 2],15,18,19,3,18
1,<environment.Job instance at 0x145935d9fb90>,12,1,[9 1],19,20,21,1,20
1,<environment.Job instance at 0x145935e1e5f0>,13,17,[6 1],20,28,45,8,28
1,<environment.Job instance at 0x1459326fb500>,22,3,[8 2],34,45,48,11,35
1,<environment.Job instance at 0x14594089e8c0>,32,3,[6 2],50,50,53,0,50
1,<environment.Job instance at 0x145933291f50>,31,13,[8 1],49,53,66,4,50
1,<environment.Job instance at 0x145942df7c80>,43,17,[8 2],65,78,95,13,78
1,<environment.Job instance at 0x145932f4d550>,54,15,[5 1],81,95,110,14,81
1,<environment.Job instance at 0x1459436ce500>,56,1,[ 1 10],83,110,111,27,83
1,<environment.Job instance at 0x145942e357d0>,63,3,[10  1],90,111,114,21,93
1,<environment.Job instance at 0x145942e5be60>,59,15,[8 2],86,114,129,28,100
1,<environment.Job instance at 0x14593250d0a0>,2,3,[5 1],8,8,11,0,8
1,<environment.Job instance at 0x14593250deb0>,4,2,[9 2],11,12,14,1,12
1,<environment.Job instance at 0x145933abc5f0>,12,15,[7 1],23,23,38,0,23
1,<environment.Job instance at 0x1459413e0690>,14,14,[9 1],26,38,52,12,26
1,<environment.Job instance at 0x145936eda500>,31,2,[7 2],55,55,57,0,55
1,<environment.Job instance at 0x145933abec80>,32,3,[9 2],56,57,60,1,56
1,<environment.Job instance at 0x1459413ce1e0>,33,14,[8 1],57,630,644,573,630
1,<environment.Job instance at 0x145933ab3410>,42,2,[10  2],67,655,657,588,655
1,<environment.Job instance at 0x145932b36050>,45,3,[7 1],71,709,712,638,709
1,<environment.Job instance at 0x14db478aedc0>,7,3,[5 1],10,32,35,22,32
1,<environment.Job instance at 0x14db4785a910>,17,3,[6 1],23,45,48,22,45
1,<environment.Job instance at 0x14db47184410>,34,3,[9 2],45,80,83,35,80
1,<environment.Job instance at 0x14db47184960>,35,3,[10  2],47,83,86,36,80
1,<environment.Job instance at 0x14db478a6140>,66,2,[9 2],94,140,142,46,140
1,<environment.Job instance at 0x14db478ae2d0>,5,3,[9 1],8,271,274,263,271
1,<environment.Job instance at 0x14db4ad99820>,2,3,[8 1],7,7,10,0,7
1,<environment.Job instance at 0x14db478a8050>,3,3,[10  1],9,10,13,1,9
1,<environment.Job instance at 0x14db4aa46cd0>,4,3,[9 2],10,13,16,3,10
1,<environment.Job instance at 0x14db51209050>,25,15,[9 2],43,43,58,0,43
1,<environment.Job instance at 0x14db473e75a0>,1,3,[6 1],3,4,7,1,4
1,<environment.Job instance at 0x14db49f6cc80>,19,3,[9 1],29,81,84,52,81
1,<environment.Job instance at 0x14db4add6e10>,52,27,[5 1],74,113,140,39,113
1,<environment.Job instance at 0x14db4add6050>,57,1,[8 1],81,140,141,59,114
1,<environment.Job instance at 0x14db47bb97d0>,64,12,[1 9],91,145,157,54,145
1,<environment.Job instance at 0x14db4f30a4b0>,72,2,[6 1],102,145,147,43,145
1,<environment.Job instance at 0x14db4783cf00>,73,2,[10  2],103,157,159,54,145
1,<environment.Job instance at 0x14db46d430a0>,74,3,[2 6],104,159,162,55,145
1,<environment.Job instance at 0x14db4a80db40>,75,2,[7 2],106,159,161,53,145
1,<environment.Job instance at 0x14db4a80d3c0>,76,1,[9 1],108,147,148,39,145
1,<environment.Job instance at 0x14db513c06e0>,6,1,[7 2],9,9,10,0,9
1,<environment.Job instance at 0x14db513c0b40>,7,3,[6 2],10,10,13,0,10
1,<environment.Job instance at 0x14db4693fd70>,40,17,[10  1],58,75,92,17,75
1,<environment.Job instance at 0x14db5125ff00>,52,3,[7 2],80,92,95,12,80
1,<environment.Job instance at 0x14db49044550>,51,15,[10  1],78,95,110,17,81
1,<environment.Job instance at 0x14db46d65e60>,56,3,[8 1],85,110,113,25,86
1,<environment.Job instance at 0x14db51209c30>,57,3,[5 1],87,113,116,26,87
1,<environment.Job instance at 0x14db469ae4b0>,58,13,[5 1],89,113,126,24,102
1,<environment.Job instance at 0x14db49e53f00>,2,3,[7 1],5,5,8,0,5
1,<environment.Job instance at 0x14db49c1e140>,12,16,[8 1],17,17,33,0,17
1,<environment.Job instance at 0x14db49c1e1e0>,13,1,[9 2],18,33,34,15,20
1,<environment.Job instance at 0x14db50722be0>,23,1,[7 1],33,36,37,3,36
1,<environment.Job instance at 0x14db50722370>,26,14,[10  2],36,37,51,1,36
1,<environment.Job instance at 0x14db49b409b0>,28,14,[10  2],38,51,65,13,38
1,<environment.Job instance at 0x14db49b33460>,31,2,[7 1],43,65,67,22,43
1,<environment.Job instance at 0x14db49b33c80>,34,1,[1 5],48,65,66,17,48
1,<environment.Job instance at 0x14db4ad082d0>,36,18,[10  2],50,67,85,17,56
1,<environment.Job instance at 0x14db47182c80>,43,12,[8 2],60,85,97,25,69
1,<environment.Job instance at 0x14db4a820f00>,51,16,[10  2],71,97,113,26,84
1,<environment.Job instance at 0x14db46bc9c30>,52,1,[8 2],73,113,114,40,96
1,<environment.Job instance at 0x14db4ac944b0>,57,12,[10  1],81,114,126,33,97
1,<environment.Job instance at 0x14db49f82f00>,62,14,[10  1],91,126,140,35,111
1,<environment.Job instance at 0x14db513c0910>,1,3,[7 1],3,3,6,0,3
1,<environment.Job instance at 0x14db47828230>,4,13,[10  1],10,10,23,0,10
1,<environment.Job instance at 0x14db46d64960>,10,3,[ 1 10],18,23,26,5,18
1,<environment.Job instance at 0x14db49e5f820>,15,3,[7 2],28,30,33,2,30
1,<environment.Job instance at 0x14db53564e10>,39,14,[8 2],66,81,95,15,81
1,<environment.Job instance at 0x14db535648c0>,48,15,[8 1],79,95,110,16,91
1,<environment.Job instance at 0x14db49bb2280>,8,2,[7 1],14,16,18,2,16
1,<environment.Job instance at 0x14db49bb29b0>,12,2,[7 1],20,20,22,0,20
1,<environment.Job instance at 0x14db512f2370>,13,18,[7 1],21,22,40,1,21
1,<environment.Job instance at 0x14db49bb2f50>,14,13,[8 2],22,40,53,18,25
1,<environment.Job instance at 0x14db46983370>,1,12,[8 2],2,2,14,0,2
1,<environment.Job instance at 0x14db46983820>,3,2,[2 6],4,8,10,4,8
1,<environment.Job instance at 0x14db46a38410>,8,3,[10  2],15,15,18,0,15
1,<environment.Job instance at 0x14db46a38500>,9,1,[7 1],17,18,19,1,18
1,<environment.Job instance at 0x14db46a38a00>,11,14,[9 2],19,19,33,0,19
1,<environment.Job instance at 0x14db50795c80>,24,1,[6 2],41,65,66,24,65
1,<environment.Job instance at 0x14db46cf20a0>,31,1,[ 2 10],52,66,67,14,66
1,<environment.Job instance at 0x14db469e0e60>,34,12,[10  1],56,67,79,11,66
1,<environment.Job instance at 0x14db469e0f50>,35,12,[5 1],57,79,91,22,66
1,<environment.Job instance at 0x14db980d8280>,41,3,[6 2],64,91,94,27,72
1,<environment.Job instance at 0x14db980d8690>,42,1,[9 2],65,94,95,29,75
1,<environment.Job instance at 0x14db46a06a00>,43,3,[6 1],67,95,98,28,75
1,<environment.Job instance at 0x14db49d64f00>,44,1,[ 1 10],68,98,99,30,77
1,<environment.Job instance at 0x14db47005e10>,45,1,[8 2],70,99,100,29,79
1,<environment.Job instance at 0x14db47005550>,46,2,[2 7],71,79,81,8,79
1,<environment.Job instance at 0x14db47005730>,47,12,[2 7],73,81,93,8,79
1,<environment.Job instance at 0x14db47005a50>,51,3,[8 2],77,103,106,26,103
1,<environment.Job instance at 0x14db470057d0>,52,15,[7 2],78,106,121,28,103
1,<environment.Job instance at 0x14db506a4af0>,55,14,[5 2],85,121,135,36,116
1,<environment.Job instance at 0x14db46d7de60>,67,1,[7 2],104,142,143,38,142
1,<environment.Job instance at 0x14db46d7d460>,69,13,[10  2],106,143,156,37,142
1,<environment.Job instance at 0x14db469e0230>,38,12,[9 2],60,156,168,96,142
1,<environment.Job instance at 0x14db469e0690>,33,16,[7 1],55,943,959,888,943
1,<environment.Job instance at 0x14db4718ea00>,11,2,[9 2],21,22,24,1,22
1,<environment.Job instance at 0x14db4699b5f0>,13,3,[7 2],25,25,28,0,25
1,<environment.Job instance at 0x14db4a955320>,19,2,[8 2],32,32,34,0,32
1,<environment.Job instance at 0x14db4697fd20>,18,22,[9 1],31,34,56,3,32
1,<environment.Job instance at 0x14db46d8f0a0>,26,3,[10  1],39,56,59,17,41
1,<environment.Job instance at 0x14db4ad5b370>,31,14,[2 5],45,59,73,14,59
1,<environment.Job instance at 0x14db46e830a0>,32,12,[5 1],46,60,72,14,60
1,<environment.Job instance at 0x14db46c01cd0>,48,17,[9 1],72,91,108,19,91
1,<environment.Job instance at 0x14db469c2140>,49,2,[10  2],73,108,110,35,91
1,<environment.Job instance at 0x14db469c2e60>,50,3,[10  1],74,110,113,36,91
1,<environment.Job instance at 0x14db5076a0a0>,57,3,[8 1],83,113,116,30,100
1,<environment.Job instance at 0x14db49b954b0>,65,16,[7 1],94,116,132,22,105
1,<environment.Job instance at 0x14db50778b40>,69,1,[2 9],101,132,133,31,132
1,<environment.Job instance at 0x14db468d64b0>,73,3,[10  2],106,133,136,27,132
1,<environment.Job instance at 0x14db46961410>,2,14,[7 2],5,5,19,0,5
1,<environment.Job instance at 0x14db470da9b0>,12,13,[5 1],17,20,33,3,20
1,<environment.Job instance at 0x14db46d0fa00>,24,3,[10  1],30,33,36,3,30
1,<environment.Job instance at 0x14db4640c910>,25,3,[6 2],32,36,39,4,33
1,<environment.Job instance at 0x14db4a9e8730>,27,2,[8 2],36,40,42,4,40
1,<environment.Job instance at 0x14db49cd3410>,30,2,[5 1],42,44,46,2,44
1,<environment.Job instance at 0x14db47834050>,32,3,[8 2],47,47,50,0,47
1,<environment.Job instance at 0x14db4a9a9d70>,33,14,[1 6],50,50,64,0,50
1,<environment.Job instance at 0x14db4a9a9640>,34,2,[2 5],51,64,66,13,52
1,<environment.Job instance at 0x14db4a9a9690>,36,2,[6 2],53,53,55,0,53
1,<environment.Job instance at 0x14db4a9a9410>,35,12,[9 1],52,66,78,14,53
1,<environment.Job instance at 0x14db50783500>,46,3,[8 1],66,78,81,12,67
1,<environment.Job instance at 0x14db4a922500>,39,15,[8 1],57,81,96,24,67
1,<environment.Job instance at 0x14db50783cd0>,47,2,[2 5],69,84,86,15,84
1,<environment.Job instance at 0x14db4a9d7550>,55,1,[1 7],78,86,87,8,84
1,<environment.Job instance at 0x14db4a9d7370>,56,1,[8 2],79,96,97,17,84
1,<environment.Job instance at 0x14db4a9d7aa0>,57,3,[ 1 10],80,97,100,17,84
1,<environment.Job instance at 0x14db4a9d7320>,60,3,[2 5],83,87,90,4,87
1,<environment.Job instance at 0x14db4a9d70f0>,61,3,[5 1],84,100,103,16,87
1,<environment.Job instance at 0x14db4a9bb730>,62,1,[9 2],88,103,104,15,95
1,<environment.Job instance at 0x14db4a9bbeb0>,68,17,[9 1],98,104,121,6,98
1,<environment.Job instance at 0x14db4a9bbdc0>,69,1,[7 2],99,121,122,22,116
1,<environment.Job instance at 0x14db4a9b1d20>,75,2,[8 2],108,1693,1695,1585,1693
1,<environment.Job instance at 0x14db49e2b190>,7,13,[5 1],11,11,24,0,11
1,<environment.Job instance at 0x14db49e2b910>,8,12,[8 1],12,24,36,12,12
1,<environment.Job instance at 0x14db49e2bfa0>,4,2,[8 2],8,36,38,28,13
1,<environment.Job instance at 0x14db49e2b2d0>,16,1,[8 1],23,38,39,15,23
1,<environment.Job instance at 0x14db46b994b0>,17,1,[9 1],24,39,40,15,24
1,<environment.Job instance at 0x14db50667e60>,18,2,[5 2],25,40,42,15,25
1,<environment.Job instance at 0x14db46e0f5a0>,20,13,[7 2],28,42,55,14,29
1,<environment.Job instance at 0x14db49eaf410>,24,3,[2 5],35,35,38,0,35
1,<environment.Job instance at 0x14db4aa51550>,28,13,[10  2],40,55,68,15,40
1,<environment.Job instance at 0x14db4aa51af0>,30,15,[10  2],43,68,83,25,54
1,<environment.Job instance at 0x14db46b2a320>,35,2,[9 2],48,83,85,35,56
1,<environment.Job instance at 0x14db46b2a050>,36,3,[7 1],49,85,88,36,59
1,<environment.Job instance at 0x14db5132faf0>,6,1,[10  1],12,12,13,0,12
1,<environment.Job instance at 0x14db5132f960>,7,3,[5 1],13,14,17,1,14
1,<environment.Job instance at 0x14db46952050>,20,18,[5 2],30,48,66,18,48
1,<environment.Job instance at 0x14db46952320>,24,2,[2 8],35,48,50,13,48
1,<environment.Job instance at 0x14db46952af0>,25,1,[6 1],36,66,67,30,49
1,<environment.Job instance at 0x14db46952d70>,26,3,[8 2],37,67,70,30,49
1,<environment.Job instance at 0x14db469525f0>,28,18,[8 1],39,70,88,31,59
1,<environment.Job instance at 0x14db51306fa0>,45,18,[10  1],59,446,464,387,446
1,<environment.Job instance at 0x14db51306730>,51,15,[10  2],68,464,479,396,459
1,<environment.Job instance at 0x14db51306b90>,52,2,[6 2],69,479,481,410,460
1,<environment.Job instance at 0x14db51306aa0>,53,15,[7 1],70,481,496,411,467
1,<environment.Job instance at 0x14db46c00820>,62,20,[9 2],81,496,516,415,490
1,<environment.Job instance at 0x14db46c00550>,63,2,[8 2],83,516,518,433,490
1,<environment.Job instance at 0x14db46fe1c30>,81,2,[8 2],108,518,520,410,511
1,<environment.Job instance at 0x14db46fe17d0>,82,1,[7 2],109,520,521,411,511
1,<environment.Job instance at 0x14db51306410>,49,17,[10  2],66,521,538,455,511
1,<environment.Job instance at 0x14db4680a960>,7,3,[10  1],8,8,11,0,8
1,<environment.Job instance at 0x14db467f00a0>,9,3,[1 7],10,11,14,1,11
1,<environment.Job instance at 0x14db467f0460>,11,1,[9 1],14,15,16,1,15
1,<environment.Job instance at 0x14db4adad500>,15,16,[8 1],23,23,39,0,23
1,<environment.Job instance at 0x14db5130f500>,17,1,[10  2],25,39,40,14,26
1,<environment.Job instance at 0x14db49f30eb0>,24,16,[9 1],34,42,58,8,42
1,<environment.Job instance at 0x14db49f30960>,28,2,[10  1],42,58,60,16,42
1,<environment.Job instance at 0x14db47bced20>,29,3,[9 2],43,60,63,17,43
1,<environment.Job instance at 0x14db46a52aa0>,26,12,[8 1],39,63,75,24,46
1,<environment.Job instance at 0x14db4ac6e550>,35,14,[7 1],56,75,89,19,60
1,<environment.Job instance at 0x14db46e41b40>,39,20,[9 1],65,89,109,24,83
1,<environment.Job instance at 0x14db4ac6e0a0>,33,13,[9 2],54,109,122,55,93
1,<environment.Job instance at 0x14db46e41cd0>,40,1,[9 1],66,122,123,56,109
1,<environment.Job instance at 0x14db4700f820>,62,3,[9 2],95,123,126,28,109
1,<environment.Job instance at 0x14db4700fc80>,64,17,[5 2],98,126,143,28,116
1,<environment.Job instance at 0x14db4700fcd0>,68,3,[7 2],102,143,146,41,118
1,<environment.Job instance at 0x14db4700f5f0>,69,15,[7 2],103,146,161,43,132
1,<environment.Job instance at 0x14db4c0462d0>,71,2,[5 2],108,132,134,24,132
1,<environment.Job instance at 0x14db4677c640>,2,3,[8 1],3,3,6,0,3
1,<environment.Job instance at 0x14db49e95410>,8,3,[9 1],12,12,15,0,12
1,<environment.Job instance at 0x14db49e952d0>,11,14,[5 1],19,67,81,48,67
1,<environment.Job instance at 0x14db49e84780>,22,16,[5 2],33,70,86,37,70
1,<environment.Job instance at 0x14db46b63cd0>,38,1,[1 5],50,86,87,36,86
1,<environment.Job instance at 0x14db46b630a0>,43,18,[2 8],55,87,105,32,86
1,<environment.Job instance at 0x14db46b63b40>,44,17,[6 1],56,86,103,30,86
1,<environment.Job instance at 0x14db46b63f00>,45,3,[7 1],57,103,106,46,86
1,<environment.Job instance at 0x14db46b637d0>,46,2,[5 1],58,106,108,48,86
1,<environment.Job instance at 0x14db46b63eb0>,47,14,[10  2],59,108,122,49,93
1,<environment.Job instance at 0x14db46b63af0>,49,17,[9 1],61,122,139,61,110
1,<environment.Job instance at 0x14db46b49550>,53,3,[10  2],66,139,142,73,113
1,<environment.Job instance at 0x14db46b49320>,54,3,[9 1],67,142,145,75,116
1,<environment.Job instance at 0x14db5123f780>,56,18,[7 1],69,145,163,76,136
1,<environment.Job instance at 0x14db51249640>,60,3,[5 1],75,163,166,88,137
1,<environment.Job instance at 0x14db473fe0f0>,62,3,[1 9],78,142,145,64,137
1,<environment.Job instance at 0x14db49d11c30>,66,1,[2 5],83,145,146,62,137
1,<environment.Job instance at 0x14db49d11d70>,69,3,[10  1],91,166,169,75,140
1,<environment.Job instance at 0x14db4791c410>,70,1,[8 2],92,169,170,77,144
1,<environment.Job instance at 0x14db4791cb90>,76,3,[7 1],106,170,173,64,144
1,<environment.Job instance at 0x14db4ad75050>,25,3,[6 1],33,38,41,5,38
1,<environment.Job instance at 0x14db49c37e10>,31,16,[7 2],42,43,59,1,43
1,<environment.Job instance at 0x14db49c371e0>,32,12,[8 1],43,59,71,16,43
1,<environment.Job instance at 0x14db49c37140>,33,1,[6 1],46,71,72,25,47
1,<environment.Job instance at 0x14db46379370>,34,2,[8 1],47,72,74,25,47
1,<environment.Job instance at 0x14db4d6a9fa0>,38,1,[9 1],56,74,75,18,59
1,<environment.Job instance at 0x14db47981460>,41,3,[10  1],59,75,78,16,59
1,<environment.Job instance at 0x14db46b33690>,56,13,[2 6],82,117,130,35,117
1,<environment.Job instance at 0x14db4ad68cd0>,60,16,[8 2],90,138,154,48,138
1,<environment.Job instance at 0x14db4ad68a50>,68,14,[8 2],99,154,168,55,141
1,<environment.Job instance at 0x14db4ad689b0>,69,14,[6 1],100,168,182,68,153
1,<environment.Job instance at 0x14db4a9791e0>,70,1,[10  2],101,182,183,81,154
1,<environment.Job instance at 0x14db4a979550>,71,2,[5 1],103,183,185,80,156
1,<environment.Job instance at 0x14db49e49f00>,2,17,[7 2],4,4,21,0,4
1,<environment.Job instance at 0x14db4a979af0>,3,2,[5 2],5,21,23,16,9
1,<environment.Job instance at 0x14db4679fa50>,6,3,[6 2],10,23,26,13,10
1,<environment.Job instance at 0x14db46373050>,7,12,[9 2],11,26,38,15,11
1,<environment.Job instance at 0x14db46b1f690>,10,15,[9 2],16,38,53,22,24
1,<environment.Job instance at 0x14db47141780>,18,2,[9 2],29,53,55,24,29
1,<environment.Job instance at 0x14db46bf4f50>,27,2,[8 1],43,57,59,14,57
1,<environment.Job instance at 0x14db46423730>,41,15,[7 2],65,65,80,0,65
1,<environment.Job instance at 0x14db49076dc0>,44,3,[7 2],72,80,83,8,72
1,<environment.Job instance at 0x14db49f7ae60>,45,2,[6 2],73,83,85,10,77
1,<environment.Job instance at 0x14db4780fe10>,59,1,[9 1],93,117,118,24,117
1,<environment.Job instance at 0x14db4639d5f0>,63,2,[8 2],100,118,120,18,117
1,<environment.Job instance at 0x14db49e6eaf0>,64,2,[5 2],101,120,122,19,117
1,<environment.Job instance at 0x14db49e6e870>,65,2,[6 1],102,122,124,20,117
1,<environment.Job instance at 0x14db49d77910>,52,13,[10  2],85,2629,2642,2544,2629
1,<environment.Job instance at 0x14db46b1fc80>,4,16,[7 2],5,5,21,0,5
1,<environment.Job instance at 0x14db5068ad70>,6,2,[10  2],7,21,23,14,7
1,<environment.Job instance at 0x14db5068af50>,7,2,[7 1],8,23,25,15,16
1,<environment.Job instance at 0x14db46d75870>,20,15,[5 2],30,30,45,0,30
1,<environment.Job instance at 0x14db506c20a0>,13,27,[1 7],19,30,57,11,30
1,<environment.Job instance at 0x14db46449410>,23,16,[5 2],33,46,62,13,46
1,<environment.Job instance at 0x14db4ad84e60>,39,1,[8 2],55,62,63,7,58
1,<environment.Job instance at 0x14db46e38be0>,46,3,[8 2],66,66,69,0,66
1,<environment.Job instance at 0x14db46688eb0>,51,3,[8 2],74,74,77,0,74
1,<environment.Job instance at 0x14db5059a410>,53,1,[8 1],76,77,78,1,76
1,<environment.Job instance at 0x14db5059a910>,56,1,[2 6],84,84,85,0,84
1,<environment.Job instance at 0x14db5059a280>,57,2,[8 2],85,86,88,1,86
1,<environment.Job instance at 0x14db5059a1e0>,60,13,[8 1],89,89,102,0,89
1,<environment.Job instance at 0x14db5059a370>,61,3,[6 2],90,102,105,12,90
1,<environment.Job instance at 0x14db509e2190>,67,1,[9 1],99,105,106,6,99
1,<environment.Job instance at 0x14db509e2d70>,66,17,[6 1],98,1184,1201,1086,1184
1,<environment.Job instance at 0x14db5075a9b0>,4,2,[6 2],7,11,13,4,11
1,<environment.Job instance at 0x14db468ff230>,8,3,[2 7],12,12,15,0,12
1,<environment.Job instance at 0x14db513021e0>,23,2,[9 1],33,33,35,0,33
1,<environment.Job instance at 0x14db539ee050>,25,3,[5 1],38,38,41,0,38
1,<environment.Job instance at 0x14db51374a00>,27,2,[9 2],41,42,44,1,42
1,<environment.Job instance at 0x14db4c01d0a0>,29,3,[8 1],43,44,47,1,43
1,<environment.Job instance at 0x14db47972460>,42,3,[5 2],63,66,69,3,66
1,<environment.Job instance at 0x14db4c0307d0>,56,14,[8 1],87,87,101,0,87
1,<environment.Job instance at 0x14db49df08c0>,65,2,[10  2],97,103,105,6,103
1,<environment.Job instance at 0x14db4634ae60>,72,2,[9 1],107,108,110,1,108
1,<environment.Job instance at 0x14db4634a5f0>,73,2,[7 1],108,110,112,2,109
1,<environment.Job instance at 0x14db479726e0>,39,3,[5 1],59,146,149,87,146
1,<environment.Job instance at 0x14db463cc9b0>,0,3,[5 1],1,3,6,2,3
1,<environment.Job instance at 0x14db463ccdc0>,14,3,[7 1],23,23,26,0,23
1,<environment.Job instance at 0x14db49eafa00>,15,3,[9 2],24,26,29,2,24
1,<environment.Job instance at 0x14db463cc8c0>,9,12,[7 2],17,29,41,12,24
1,<environment.Job instance at 0x14db49eaf0a0>,17,14,[10  1],30,41,55,11,30
1,<environment.Job instance at 0x14db4675b9b0>,59,14,[6 2],104,106,120,2,106
1,<environment.Job instance at 0x14db49c546e0>,29,13,[8 2],53,161,174,108,161
1,<environment.Job instance at 0x14db46f280a0>,2,3,[6 1],3,3,6,0,3
1,<environment.Job instance at 0x14db4aced0f0>,25,12,[9 1],36,52,64,16,52
1,<environment.Job instance at 0x14db50743550>,62,15,[10  1],93,149,164,56,149
1,<environment.Job instance at 0x14db50743a00>,70,14,[9 2],107,177,191,70,177
1,<environment.Job instance at 0x14a4b3fd4a50>,23,3,[7 2],30,42,45,12,42
1,<environment.Job instance at 0x14a4b4011640>,26,3,[9 1],36,51,54,15,51
1,<environment.Job instance at 0x14a4b390b6e0>,73,1,[8 1],107,135,136,28,135
1,<environment.Job instance at 0x14a4b390bcd0>,77,2,[10  2],113,136,138,23,135
1,<environment.Job instance at 0x14a4b390b5a0>,78,3,[8 1],117,138,141,21,135
1,<environment.Job instance at 0x14a4b390bb40>,79,3,[10  1],119,141,144,22,135
1,<environment.Job instance at 0x14a4b3921a00>,4,2,[1 5],5,15,17,10,15
1,<environment.Job instance at 0x14a4bce16b40>,18,3,[2 9],28,55,58,27,55
1,<environment.Job instance at 0x14a4bce17be0>,25,14,[5 1],40,72,86,32,72
1,<environment.Job instance at 0x14a4bce40be0>,31,3,[9 1],47,86,89,39,73
1,<environment.Job instance at 0x14a4bcd74a00>,34,13,[9 1],52,89,102,37,79
1,<environment.Job instance at 0x14a4bda83c80>,35,3,[10  2],55,102,105,47,79
1,<environment.Job instance at 0x14a4bcea6d20>,43,1,[1 8],65,105,106,40,102
1,<environment.Job instance at 0x14a4bce3b050>,51,3,[1 8],74,106,109,32,102
1,<environment.Job instance at 0x14a4bda8fa00>,63,3,[9 2],99,149,152,50,149
1,<environment.Job instance at 0x14a4bda8f460>,64,1,[10  1],100,152,153,52,149
1,<environment.Job instance at 0x14a4bda8f550>,66,3,[6 1],103,153,156,50,149
1,<environment.Job instance at 0x14a4bda8fdc0>,70,15,[7 2],109,210,225,101,210
1,<environment.Job instance at 0x14a4b3306b90>,4,3,[9 1],9,9,12,0,9
1,<environment.Job instance at 0x14a4b6230820>,6,3,[10  1],11,12,15,1,12
1,<environment.Job instance at 0x14a4b32c15f0>,13,3,[10  2],23,23,26,0,23
1,<environment.Job instance at 0x14a4b6230d20>,7,2,[1 5],12,28,30,16,28
1,<environment.Job instance at 0x14a4b628acd0>,23,2,[5 2],38,42,44,4,42
1,<environment.Job instance at 0x14a4b3fc5910>,27,3,[5 2],43,43,46,0,43
1,<environment.Job instance at 0x14a4bdb0ff00>,43,13,[5 2],62,72,85,10,72
1,<environment.Job instance at 0x14a4b388ed20>,45,14,[10  1],66,85,99,19,72
1,<environment.Job instance at 0x14a4b3288690>,52,3,[8 2],74,99,102,25,88
1,<environment.Job instance at 0x14a4b3270b40>,57,2,[6 1],82,102,104,20,88
1,<environment.Job instance at 0x14a4b318ad20>,68,2,[6 2],97,104,106,7,104
1,<environment.Job instance at 0x14a4b318a910>,69,2,[10  1],98,107,109,9,107
1,<environment.Job instance at 0x14a4b318a6e0>,70,1,[7 2],99,109,110,10,109
1,<environment.Job instance at 0x14a4b318a8c0>,71,3,[6 2],100,110,113,10,109
1,<environment.Job instance at 0x14a4b31a6550>,76,14,[6 1],105,120,134,15,120
1,<environment.Job instance at 0x14a4b31a6cd0>,78,3,[10  1],107,134,137,27,126
1,<environment.Job instance at 0x14a4b31a67d0>,79,15,[7 2],109,137,152,28,126
1,<environment.Job instance at 0x14a4b3b64c80>,4,12,[6 1],11,11,23,0,11
1,<environment.Job instance at 0x14a4b879d190>,18,17,[10  1],28,28,45,0,28
1,<environment.Job instance at 0x14a4b57f6500>,19,3,[5 2],31,45,48,14,45
1,<environment.Job instance at 0x14a4bd13c3c0>,27,3,[10  2],45,48,51,3,47
1,<environment.Job instance at 0x14a4bd13cc80>,29,15,[10  1],48,51,66,3,48
1,<environment.Job instance at 0x14a4b70117d0>,30,3,[7 2],50,66,69,16,50
1,<environment.Job instance at 0x14a4b70f8960>,42,3,[1 7],66,70,73,4,70
1,<environment.Job instance at 0x14a4b64b1c80>,46,1,[7 2],71,72,73,1,72
1,<environment.Job instance at 0x14a4bda34a00>,47,15,[7 2],72,75,90,3,75
1,<environment.Job instance at 0x14a4b6292280>,51,3,[10  2],77,92,95,15,92
1,<environment.Job instance at 0x14a4bda064b0>,54,17,[10  2],84,95,112,11,94
1,<environment.Job instance at 0x14a4b70f8dc0>,44,2,[8 2],69,112,114,43,95
1,<environment.Job instance at 0x14a4bfcfa410>,65,16,[8 1],97,114,130,17,107
1,<environment.Job instance at 0x14a4b33ce320>,76,1,[7 1],113,137,138,24,137
1,<environment.Job instance at 0x14a4bce2bf50>,80,1,[2 5],117,137,138,20,137
1,<environment.Job instance at 0x14a4bce2b550>,81,14,[10  2],118,138,152,20,137
1,<environment.Job instance at 0x14a4bdb46050>,82,1,[1 5],119,153,154,34,153
1,<environment.Job instance at 0x14a4bce63c30>,64,22,[9 1],95,1029,1051,934,1029
1,<environment.Job instance at 0x14a4b75230f0>,6,18,[10  2],10,10,28,0,10
1,<environment.Job instance at 0x14a4b73f2780>,21,16,[10  2],31,31,47,0,31
1,<environment.Job instance at 0x14a4b3141780>,24,3,[9 2],36,47,50,11,36
1,<environment.Job instance at 0x14a4b3141140>,25,14,[9 2],38,50,64,12,38
1,<environment.Job instance at 0x14a4b31413c0>,27,12,[10  1],41,64,76,23,47
1,<environment.Job instance at 0x14a4bcd61820>,32,14,[10  1],51,76,90,25,61
1,<environment.Job instance at 0x14a4b74ec730>,28,15,[5 2],43,90,105,47,76
1,<environment.Job instance at 0x14a5080c4c30>,51,13,[10  1],80,105,118,25,89
1,<environment.Job instance at 0x14a500192190>,62,3,[7 2],98,118,121,20,98
1,<environment.Job instance at 0x14a4b746f5f0>,68,1,[1 7],108,118,119,10,110
1,<environment.Job instance at 0x14a4bcd038c0>,70,3,[2 5],112,119,122,7,114
1,<environment.Job instance at 0x14a4bd9ce690>,8,3,[9 1],13,96,99,83,96
1,<environment.Job instance at 0x14a4bd9ce5f0>,9,3,[7 2],15,99,102,84,96
1,<environment.Job instance at 0x14a4bd9cedc0>,10,14,[8 2],16,102,116,86,96
1,<environment.Job instance at 0x14a4bd1354b0>,15,16,[10  2],22,116,132,94,103
1,<environment.Job instance at 0x14a4b7413b90>,24,2,[7 1],37,132,134,95,114
1,<environment.Job instance at 0x14a4b3b7a780>,55,13,[8 2],82,154,167,72,154
1,<environment.Job instance at 0x14a4b345cd70>,69,3,[8 1],106,181,184,75,181
1,<environment.Job instance at 0x14a4b345c7d0>,72,3,[9 1],109,201,204,92,201
1,<environment.Job instance at 0x14a4bd138320>,37,2,[6 1],55,217,219,162,217
1,<environment.Job instance at 0x14a4bda832d0>,17,3,[10  2],22,22,25,0,22
1,<environment.Job instance at 0x14a4bda83be0>,21,16,[8 1],28,28,44,0,28
1,<environment.Job instance at 0x14a4b3249460>,32,2,[10  1],39,44,46,5,42
1,<environment.Job instance at 0x14a4b3241870>,28,3,[2 6],35,46,49,11,42
1,<environment.Job instance at 0x14a4b7030dc0>,35,1,[1 5],42,42,43,0,42
1,<environment.Job instance at 0x14a4bd9ce6e0>,37,12,[9 2],44,49,61,5,44
1,<environment.Job instance at 0x14a4bd9ce8c0>,38,3,[8 2],46,46,49,0,46
1,<environment.Job instance at 0x14a4bd9cecd0>,43,12,[8 2],52,61,73,9,54
1,<environment.Job instance at 0x14a4bd9ce2d0>,40,15,[9 2],49,73,88,24,59
1,<environment.Job instance at 0x14a4b3747690>,53,14,[9 2],69,88,102,19,73
1,<environment.Job instance at 0x14a4b74690a0>,56,12,[8 1],74,102,114,28,85
1,<environment.Job instance at 0x14a4b74692d0>,67,14,[9 2],94,114,128,20,106
1,<environment.Job instance at 0x14a4b7469e10>,69,2,[5 2],96,128,130,32,122
1,<environment.Job instance at 0x14a4b4b9dd70>,76,12,[10  1],106,130,142,24,122
1,<environment.Job instance at 0x14a4b4b9de10>,75,16,[7 1],105,142,158,37,131
1,<environment.Job instance at 0x14a4b4b9d370>,84,1,[9 2],115,158,159,43,137
1,<environment.Job instance at 0x14a4b636baf0>,85,3,[6 1],117,159,162,42,137
1,<environment.Job instance at 0x14a4b403b140>,9,14,[5 2],15,15,29,0,15
1,<environment.Job instance at 0x14a4b3666b90>,10,12,[8 2],17,29,41,12,17
1,<environment.Job instance at 0x14a4b4b9f460>,12,3,[2 8],19,19,22,0,19
1,<environment.Job instance at 0x14a4b6695410>,13,2,[1 9],21,41,43,20,21
1,<environment.Job instance at 0x14a4b32fceb0>,17,2,[7 1],26,45,47,19,45
1,<environment.Job instance at 0x14a4b6fc5550>,30,2,[10  2],51,51,53,0,51
1,<environment.Job instance at 0x14a4b6fc56e0>,31,1,[1 8],52,58,59,6,58
1,<environment.Job instance at 0x14a4b701d820>,36,13,[1 6],59,59,72,0,59
1,<environment.Job instance at 0x14a4b701d550>,35,18,[8 1],58,59,77,1,59
1,<environment.Job instance at 0x14a4b701d8c0>,38,2,[9 2],61,77,79,16,61
1,<environment.Job instance at 0x14a4b63aff50>,50,18,[8 1],76,79,97,3,76
1,<environment.Job instance at 0x14a4b63af550>,53,3,[10  1],79,97,100,18,82
1,<environment.Job instance at 0x14a4b63bfa00>,59,12,[5 1],86,110,122,24,110
1,<environment.Job instance at 0x14a4b6fc6460>,75,17,[9 1],112,128,145,16,128
1,<environment.Job instance at 0x14a4b6fc6050>,77,3,[10  1],114,145,148,31,128
1,<environment.Job instance at 0x14a4b639e8c0>,4,18,[10  1],6,6,24,0,6
1,<environment.Job instance at 0x14a4b639eaa0>,5,3,[7 1],7,24,27,17,14
1,<environment.Job instance at 0x14a4b6747640>,18,3,[10  2],26,27,30,1,26
1,<environment.Job instance at 0x14a4b33c2b90>,20,2,[8 1],28,30,32,2,28
1,<environment.Job instance at 0x14a4b318f190>,24,3,[10  2],32,32,35,0,32
1,<environment.Job instance at 0x14a5001a1050>,25,14,[7 2],35,42,56,7,42
1,<environment.Job instance at 0x14a4b7132280>,26,12,[2 5],36,42,54,6,42
1,<environment.Job instance at 0x14a4bcedebe0>,32,12,[7 2],44,56,68,12,49
1,<environment.Job instance at 0x14a4b36ce500>,38,3,[10  2],51,68,71,17,51
1,<environment.Job instance at 0x14a4b62b6d20>,47,3,[10  1],60,71,74,11,60
1,<environment.Job instance at 0x14a4b62b6870>,48,3,[6 2],62,74,77,12,62
1,<environment.Job instance at 0x14a4b62b65a0>,54,13,[10  2],74,77,90,3,74
1,<environment.Job instance at 0x14a4b4b91550>,57,2,[2 5],81,90,92,9,86
1,<environment.Job instance at 0x14a4b9e41690>,67,3,[5 2],94,95,98,1,95
1,<environment.Job instance at 0x14a4b9e410f0>,69,3,[8 1],96,98,101,2,96
1,<environment.Job instance at 0x14a4b65f1820>,77,3,[7 2],107,107,110,0,107
1,<environment.Job instance at 0x14a4b65f13c0>,82,2,[10  1],112,112,114,0,112
1,<environment.Job instance at 0x14a4b65f1a00>,85,1,[9 2],118,118,119,0,118
1,<environment.Job instance at 0x14a4b665bd70>,17,2,[8 2],28,37,39,9,37
1,<environment.Job instance at 0x14a4b637aa50>,21,12,[8 1],32,39,51,7,37
1,<environment.Job instance at 0x14a4b637ae60>,22,3,[6 2],33,51,54,18,37
1,<environment.Job instance at 0x14a4b637a780>,23,3,[7 1],34,54,57,20,37
1,<environment.Job instance at 0x14a4b7013a50>,33,13,[7 2],48,57,70,9,50
1,<environment.Job instance at 0x14a4bcddf2d0>,41,13,[10  2],60,99,112,39,99
1,<environment.Job instance at 0x14a4bfab70f0>,16,3,[5 1],23,28,31,5,28
1,<environment.Job instance at 0x14a4bcdac500>,25,3,[9 2],34,66,69,32,66
1,<environment.Job instance at 0x14a4b34aefa0>,26,3,[8 2],36,69,72,33,66
1,<environment.Job instance at 0x14a4b64e8a50>,29,18,[5 2],40,83,101,43,83
1,<environment.Job instance at 0x14a4b6fc85a0>,35,3,[8 2],47,101,104,54,87
1,<environment.Job instance at 0x14a4b4012910>,37,18,[8 1],49,104,122,55,95
1,<environment.Job instance at 0x14a4b6fc61e0>,54,18,[10  1],69,144,162,75,144
1,<environment.Job instance at 0x14a4b6fc6550>,58,17,[10  2],76,162,179,86,150
1,<environment.Job instance at 0x14a4b6576820>,60,15,[10  2],78,179,194,101,165
1,<environment.Job instance at 0x14a4b6576f50>,63,2,[2 7],81,194,196,113,167
1,<environment.Job instance at 0x14a4b66825f0>,68,1,[10  1],87,196,197,109,168
1,<environment.Job instance at 0x14a4b6682e10>,69,1,[6 2],88,194,195,106,168
1,<environment.Job instance at 0x14a4b71daeb0>,90,2,[8 2],118,216,218,98,216
1,<environment.Job instance at 0x14a4b71daf00>,91,1,[7 2],119,218,219,99,216
1,<environment.Job instance at 0x14a4b66825a0>,67,16,[9 1],86,219,235,133,217
1,<environment.Job instance at 0x14a4b2e2c410>,7,3,[10  1],8,8,11,0,8
1,<environment.Job instance at 0x14a4b3109e10>,17,1,[10  2],25,26,27,1,26
1,<environment.Job instance at 0x14a4b3592e10>,18,18,[5 2],26,27,45,1,26
1,<environment.Job instance at 0x14a4b35afd20>,21,3,[5 2],30,30,33,0,30
1,<environment.Job instance at 0x14a4b6565050>,26,12,[8 1],39,45,57,6,39
1,<environment.Job instance at 0x14a4b3090050>,28,2,[10  1],42,57,59,15,42
1,<environment.Job instance at 0x14a4b3090730>,29,3,[9 2],43,59,62,16,43
1,<environment.Job instance at 0x14a4bcd6db40>,33,13,[9 2],54,62,75,8,54
1,<environment.Job instance at 0x14a4b65840f0>,48,3,[8 2],77,89,92,12,89
1,<environment.Job instance at 0x14a4b6453140>,55,16,[9 2],86,92,108,6,89
1,<environment.Job instance at 0x14a4b2d538c0>,62,3,[9 2],95,108,111,13,95
1,<environment.Job instance at 0x14a4b67071e0>,72,19,[9 2],110,124,143,14,124
1,<environment.Job instance at 0x14a4b2ff0b40>,37,3,[7 1],47,71,74,24,71
1,<environment.Job instance at 0x14a4b2ff0320>,39,14,[10  2],49,80,94,31,80
1,<environment.Job instance at 0x14a4bda3d230>,45,3,[10  2],56,117,120,61,117
1,<environment.Job instance at 0x14a4bda3da50>,52,3,[5 1],65,124,127,59,124
1,<environment.Job instance at 0x14a4bda51550>,61,3,[10  1],81,127,130,46,127
1,<environment.Job instance at 0x14a4bda51b40>,68,3,[7 1],96,142,145,46,142
1,<environment.Job instance at 0x14a4b3fe0aa0>,72,3,[10  2],101,145,148,44,145
1,<environment.Job instance at 0x14a4b70a5140>,86,3,[8 1],118,189,192,71,189
1,<environment.Job instance at 0x14a4b2e5fd70>,3,14,[5 1],9,805,819,796,805
1,<environment.Job instance at 0x14a4b6398870>,15,12,[8 1],23,23,35,0,23
1,<environment.Job instance at 0x14a4b6398e10>,17,2,[8 1],27,35,37,8,27
1,<environment.Job instance at 0x14a4bda62870>,20,13,[9 2],35,37,50,2,35
1,<environment.Job instance at 0x14a4b3b506e0>,21,1,[9 1],36,52,53,16,52
1,<environment.Job instance at 0x14a4b87b8b40>,34,2,[10  2],56,56,58,0,56
1,<environment.Job instance at 0x14a4b2f76870>,35,3,[5 1],57,58,61,1,57
1,<environment.Job instance at 0x14a4b2f76690>,36,14,[2 7],58,64,78,6,64
1,<environment.Job instance at 0x14a4b2f76370>,38,12,[6 1],61,67,79,6,67
1,<environment.Job instance at 0x14a4b38ddb90>,43,16,[8 2],70,79,95,9,70
1,<environment.Job instance at 0x14a4bcf07fa0>,51,14,[8 2],79,95,109,16,81
1,<environment.Job instance at 0x14a4bcf07af0>,52,14,[6 1],80,109,123,29,94
1,<environment.Job instance at 0x14a4bcf070f0>,54,2,[5 1],83,123,125,40,109
1,<environment.Job instance at 0x14a4bcf07a00>,58,17,[9 2],91,125,142,34,113
1,<environment.Job instance at 0x14a4bcf07870>,61,2,[5 2],95,123,125,28,119
1,<environment.Job instance at 0x14a4bcf075f0>,62,3,[8 1],97,142,145,45,119
1,<environment.Job instance at 0x14a4b2d70fa0>,63,2,[6 1],98,145,147,47,119
1,<environment.Job instance at 0x14a4b2d70a00>,64,3,[6 2],100,147,150,47,121
1,<environment.Job instance at 0x14a4b2d70820>,65,12,[9 2],101,150,162,49,133
1,<environment.Job instance at 0x14a4b2d70320>,68,15,[9 2],106,162,177,56,148
1,<environment.Job instance at 0x14a4b2d70410>,76,2,[9 2],119,177,179,58,156
1,<environment.Job instance at 0x14a4b64f5eb0>,5,1,[7 2],10,11,12,1,11
1,<environment.Job instance at 0x14a4b2f2fbe0>,17,1,[2 5],27,28,29,1,28
1,<environment.Job instance at 0x14a4bda30f00>,18,3,[9 2],28,29,32,1,29
1,<environment.Job instance at 0x14a4b34557d0>,21,13,[8 1],34,34,47,0,34
1,<environment.Job instance at 0x14a4b703c9b0>,34,1,[7 2],56,56,57,0,56
1,<environment.Job instance at 0x14a4b703c910>,33,13,[10  2],55,57,70,2,56
1,<environment.Job instance at 0x14a4b703cbe0>,35,2,[7 2],57,70,72,13,69
1,<environment.Job instance at 0x14a4b7052230>,41,1,[9 1],64,72,73,8,72
1,<environment.Job instance at 0x14a4b7052500>,43,17,[1 6],67,72,89,5,72
1,<environment.Job instance at 0x14a4b7047370>,44,2,[8 2],70,73,75,3,72
1,<environment.Job instance at 0x14a4b7047280>,45,2,[5 2],71,77,79,6,77
1,<environment.Job instance at 0x14a4b30d80a0>,52,3,[ 1 10],79,89,92,10,79
1,<environment.Job instance at 0x14a4b30d8e10>,53,13,[1 7],81,92,105,11,81
1,<environment.Job instance at 0x14a4b30d80f0>,51,13,[5 2],77,92,105,15,82
1,<environment.Job instance at 0x14a4b30d55a0>,57,16,[7 2],85,105,121,20,92
1,<environment.Job instance at 0x14a4b30d5370>,58,3,[6 1],86,121,124,35,105
1,<environment.Job instance at 0x14a4bdd981e0>,67,1,[8 1],101,134,135,33,134
1,<environment.Job instance at 0x14a4b35f9460>,76,16,[5 2],113,140,156,27,140
1,<environment.Job instance at 0x14a4bf42b280>,31,13,[8 1],49,49,62,0,49
1,<environment.Job instance at 0x14a4b7417050>,38,1,[9 1],59,62,63,3,62
1,<environment.Job instance at 0x14a4b3150500>,63,3,[10  1],90,90,93,0,90
1,<environment.Job instance at 0x14a4b3150c80>,64,2,[7 2],92,93,95,1,92
1,<environment.Job instance at 0x14a4b7413640>,2,15,[7 1],3,3,18,0,3
1,<environment.Job instance at 0x14a4b33c1eb0>,4,14,[9 1],6,18,32,12,6
1,<environment.Job instance at 0x14a4b33638c0>,7,1,[ 1 10],10,32,33,22,28
1,<environment.Job instance at 0x14a4bba90230>,21,2,[7 2],35,36,38,1,36
1,<environment.Job instance at 0x14a4b43383c0>,7,2,[10  1],14,14,16,0,14
1,<environment.Job instance at 0x14a4b333b0f0>,29,14,[6 2],44,44,58,0,44
1,<environment.Job instance at 0x14a4b2d4e910>,22,3,[5 2],35,58,61,23,46
1,<environment.Job instance at 0x14a4b2f09e10>,31,2,[9 2],48,61,63,13,48
1,<environment.Job instance at 0x14a4b348aaf0>,32,13,[2 8],49,63,76,14,50
1,<environment.Job instance at 0x14a4bcde92d0>,36,3,[6 1],53,63,66,10,53
1,<environment.Job instance at 0x14a4bd1558c0>,38,2,[2 9],56,76,78,20,56
1,<environment.Job instance at 0x14a4bd155b40>,39,3,[8 2],59,66,69,7,59
1,<environment.Job instance at 0x14a4b402aaf0>,41,1,[6 1],66,69,70,3,66
1,<environment.Job instance at 0x14a4b2ff0af0>,51,2,[7 1],77,79,81,2,79
1,<environment.Job instance at 0x14a4b2ff07d0>,53,1,[7 1],79,81,82,2,81
1,<environment.Job instance at 0x14a4b666f640>,62,2,[7 2],90,100,102,10,100
1,<environment.Job instance at 0x14a4b666fb90>,64,26,[10  2],93,102,128,9,100
1,<environment.Job instance at 0x14a4b2d14230>,59,12,[9 1],86,128,140,42,111
1,<environment.Job instance at 0x14a4b666f370>,66,2,[8 2],95,140,142,45,113
1,<environment.Job instance at 0x14a4b666faf0>,68,2,[1 7],98,128,130,30,113
1,<environment.Job instance at 0x14a4b666f4b0>,69,2,[8 1],99,142,144,43,115
1,<environment.Job instance at 0x14a4b666fdc0>,70,1,[5 1],100,144,145,44,116
1,<environment.Job instance at 0x14a4b666f0f0>,72,3,[2 5],107,140,143,33,116
1,<environment.Job instance at 0x14a4b6fc6410>,10,13,[10  2],17,49,62,32,49
1,<environment.Job instance at 0x14a4b6fc6eb0>,13,2,[5 1],21,74,76,53,74
1,<environment.Job instance at 0x14a4b2cf2190>,22,3,[8 1],36,96,99,60,96
1,<environment.Job instance at 0x14a4b2e34af0>,23,14,[9 2],37,114,128,77,114
1,<environment.Job instance at 0x14a4b2cd2e10>,41,15,[2 9],61,2830,2845,2769,2830
1,<environment.Job instance at 0x14a4b2cd2230>,43,14,[7 2],63,2845,2859,2782,2830
1,<environment.Job instance at 0x14a4b2ee5a50>,44,3,[6 2],66,2859,2862,2793,2833
1,<environment.Job instance at 0x14a4bdb4f870>,48,3,[9 1],74,2862,2865,2788,2838
1,<environment.Job instance at 0x14a4bcd435f0>,73,15,[9 1],103,2865,2880,2762,2859
1,<environment.Job instance at 0x14a4b6402dc0>,4,2,[9 1],8,8,10,0,8
1,<environment.Job instance at 0x14a4b6402870>,6,16,[8 1],12,12,28,0,12
1,<environment.Job instance at 0x14a4b2c4c190>,8,16,[2 8],15,15,31,0,15
1,<environment.Job instance at 0x14a4b2c4ccd0>,7,3,[8 2],14,28,31,14,23
1,<environment.Job instance at 0x14a4b2c4cd20>,12,20,[10  2],24,31,51,7,24
1,<environment.Job instance at 0x14a4b2c4c230>,10,1,[7 2],18,51,52,33,24
1,<environment.Job instance at 0x14a4b2c4cb40>,14,3,[2 6],26,51,54,25,26
1,<environment.Job instance at 0x14a4b2c4c500>,15,3,[2 9],27,54,57,27,28
1,<environment.Job instance at 0x14a4b2c4c820>,17,13,[10  1],30,57,70,27,42
1,<environment.Job instance at 0x14a4b63f5050>,25,3,[ 2 10],45,70,73,25,45
1,<environment.Job instance at 0x14a4b63f5960>,27,1,[8 1],49,52,53,3,50
1,<environment.Job instance at 0x14a4b2ebab90>,32,16,[8 2],54,73,89,19,60
1,<environment.Job instance at 0x14a4b2eba960>,38,3,[9 2],61,89,92,28,68
1,<environment.Job instance at 0x14a4b3654af0>,48,3,[8 1],75,107,110,32,107
1,<environment.Job instance at 0x14a4b312e960>,56,3,[7 1],89,132,135,43,132
1,<environment.Job instance at 0x14a4b312ef50>,57,16,[5 2],90,135,151,45,132
1,<environment.Job instance at 0x14a4b312e1e0>,62,15,[10  2],97,151,166,54,137
1,<environment.Job instance at 0x14a4b312ed20>,66,2,[9 1],101,166,168,65,153
1,<environment.Job instance at 0x14a4b312e7d0>,68,15,[8 2],103,168,183,65,158
1,<environment.Job instance at 0x1493ef689280>,7,3,[5 1],10,13,16,3,13
1,<environment.Job instance at 0x1493ef66de10>,15,14,[6 2],20,41,55,21,41
1,<environment.Job instance at 0x1493eef5e870>,34,3,[9 2],45,93,96,48,93
1,<environment.Job instance at 0x1493eef5ecd0>,35,3,[10  2],47,96,99,49,93
1,<environment.Job instance at 0x1493ef1c4140>,47,14,[5 1],60,99,113,39,98
1,<environment.Job instance at 0x1493ef1dae60>,51,16,[10  1],69,113,129,44,100
1,<environment.Job instance at 0x1493eef67d70>,78,3,[8 1],117,139,142,22,139
1,<environment.Job instance at 0x1493eef67f00>,79,3,[10  1],119,142,145,23,139
1,<environment.Job instance at 0x1493eef67c80>,80,3,[9 2],120,145,148,25,139
1,<environment.Job instance at 0x1493eef80e10>,2,1,[5 2],4,4,5,0,4
1,<environment.Job instance at 0x1493eef80fa0>,1,1,[5 2],3,6,7,3,6
1,<environment.Job instance at 0x1493fc4b45f0>,17,14,[5 1],30,30,44,0,30
1,<environment.Job instance at 0x1493fc3ec730>,26,13,[9 1],42,44,57,2,42
1,<environment.Job instance at 0x1493fd0174b0>,27,3,[10  2],45,57,60,12,45
1,<environment.Job instance at 0x1493fd01e4b0>,28,16,[6 1],47,60,76,13,47
1,<environment.Job instance at 0x1493fc3f4550>,40,3,[6 2],61,76,79,15,62
1,<environment.Job instance at 0x1493fc4b9690>,2,3,[10  2],3,3,6,0,3
1,<environment.Job instance at 0x1493ee8ca960>,3,2,[8 2],4,6,8,2,5
1,<environment.Job instance at 0x1493ee8cad20>,4,2,[5 2],5,8,10,3,5
1,<environment.Job instance at 0x1493fc4b9500>,6,2,[5 2],9,9,11,0,9
1,<environment.Job instance at 0x1493ee7df6e0>,15,3,[8 2],22,22,25,0,22
1,<environment.Job instance at 0x1493ee84f230>,16,3,[5 2],23,25,28,2,25
1,<environment.Job instance at 0x1493ee839460>,25,3,[9 2],33,33,36,0,33
1,<environment.Job instance at 0x1493ee815dc0>,32,13,[5 2],42,45,58,3,45
1,<environment.Job instance at 0x1493ee815870>,34,14,[10  1],46,58,72,12,46
1,<environment.Job instance at 0x1493ee822410>,67,3,[10  1],87,112,115,25,112
1,<environment.Job instance at 0x1493ee8227d0>,68,15,[7 2],89,115,130,26,113
1,<environment.Job instance at 0x1493ee82d280>,93,17,[10  1],128,168,185,40,168
1,<environment.Job instance at 0x1493ee802690>,4,13,[9 2],7,7,20,0,7
1,<environment.Job instance at 0x1493f189fdc0>,5,18,[7 2],11,20,38,9,18
1,<environment.Job instance at 0x1493f2ae3a50>,12,1,[2 8],21,22,23,1,22
1,<environment.Job instance at 0x1493fc0d86e0>,15,3,[8 1],25,38,41,13,27
1,<environment.Job instance at 0x1493fc373320>,17,13,[5 1],29,41,54,12,29
1,<environment.Job instance at 0x1493f2ad3f00>,19,16,[1 5],31,32,48,1,32
1,<environment.Job instance at 0x1493f2ac9690>,21,12,[1 8],33,48,60,15,33
1,<environment.Job instance at 0x1493fc0f5050>,32,3,[10  2],47,65,68,18,65
1,<environment.Job instance at 0x1493ef6fa730>,46,16,[8 1],67,80,96,13,80
1,<environment.Job instance at 0x1493fc5a3b40>,52,12,[8 2],73,97,109,24,97
1,<environment.Job instance at 0x1493ef5fefa0>,60,14,[10  2],86,109,123,23,98
1,<environment.Job instance at 0x1493ef6a4f50>,62,14,[10  2],88,123,137,35,108
1,<environment.Job instance at 0x1493fc36be10>,77,12,[8 2],110,137,149,27,125
1,<environment.Job instance at 0x1493fc7b1370>,85,16,[10  2],121,149,165,28,136
1,<environment.Job instance at 0x1493ef98c190>,1,15,[5 2],3,3,18,0,3
1,<environment.Job instance at 0x1493fc3acc30>,24,13,[10  1],40,40,53,0,40
1,<environment.Job instance at 0x1493f1cf72d0>,3,1,[2 8],7,53,54,46,40
1,<environment.Job instance at 0x1493f25ef5f0>,33,14,[9 2],54,57,71,3,57
1,<environment.Job instance at 0x1493f25ef9b0>,35,3,[7 2],58,71,74,13,67
1,<environment.Job instance at 0x1493ef69f5f0>,41,1,[1 7],68,70,71,2,70
1,<environment.Job instance at 0x1493ef69f3c0>,43,3,[2 5],72,73,76,1,73
1,<environment.Job instance at 0x1493ef69f5a0>,49,2,[8 2],81,81,83,0,81
1,<environment.Job instance at 0x1493ef684f50>,50,1,[1 5],82,82,83,0,82
1,<environment.Job instance at 0x1493ef684910>,51,2,[8 1],83,83,85,0,83
1,<environment.Job instance at 0x1493ef684780>,52,1,[5 2],85,85,86,0,85
1,<environment.Job instance at 0x1493ef684b90>,57,3,[9 1],93,1039,1042,946,1039
1,<environment.Job instance at 0x1493ef684730>,58,3,[7 2],95,1042,1045,947,1039
1,<environment.Job instance at 0x1493ef684cd0>,59,14,[8 2],96,1045,1059,949,1039
1,<environment.Job instance at 0x1493ef684640>,60,3,[9 2],97,1059,1062,962,1039
1,<environment.Job instance at 0x1493ef69f4b0>,45,12,[2 7],76,1042,1054,966,1039
1,<environment.Job instance at 0x1493ef67e0a0>,61,3,[8 1],98,1062,1065,964,1039
1,<environment.Job instance at 0x1493ef67e3c0>,64,16,[10  2],102,1065,1081,963,1055
1,<environment.Job instance at 0x1493fc057af0>,79,3,[9 1],125,1081,1084,956,1067
1,<environment.Job instance at 0x1493ee9bb820>,1,3,[10  1],3,3,6,0,3
1,<environment.Job instance at 0x1493ee9bbbe0>,3,2,[6 1],5,6,8,1,5
1,<environment.Job instance at 0x1493fc398320>,15,2,[7 1],24,25,27,1,25
1,<environment.Job instance at 0x1493fc3983c0>,18,3,[8 2],28,28,31,0,28
1,<environment.Job instance at 0x1493fc3d9d70>,21,13,[8 2],32,32,45,0,32
1,<environment.Job instance at 0x1493fc3d9cd0>,20,18,[7 1],31,45,63,14,35
1,<environment.Job instance at 0x1493eea36b90>,27,12,[10  1],46,46,58,0,46
1,<environment.Job instance at 0x149444ad9fa0>,36,3,[6 1],57,63,66,6,63
1,<environment.Job instance at 0x1493fd1cfa50>,44,3,[8 2],67,93,96,26,93
1,<environment.Job instance at 0x1493f1a1dcd0>,62,13,[10  2],96,838,851,742,838
1,<environment.Job instance at 0x1493f2a53960>,79,3,[7 2],125,857,860,732,857
1,<environment.Job instance at 0x1493f1b0b280>,5,18,[8 1],6,6,24,0,6
1,<environment.Job instance at 0x1493fc7c76e0>,14,12,[5 1],16,27,39,11,27
1,<environment.Job instance at 0x1493fc7c70a0>,15,13,[1 7],17,40,53,23,40
1,<environment.Job instance at 0x1493fc7c79b0>,19,2,[8 2],22,40,42,18,40
1,<environment.Job instance at 0x1493fc7c7d20>,20,3,[7 1],23,42,45,19,40
1,<environment.Job instance at 0x1493ee79edc0>,30,17,[9 1],42,45,62,3,45
1,<environment.Job instance at 0x1493ee79f230>,29,14,[1 8],41,53,67,12,46
1,<environment.Job instance at 0x1493ee7cf690>,37,1,[1 7],51,67,68,16,66
1,<environment.Job instance at 0x1493ee81db90>,49,19,[10  1],67,68,87,1,67
1,<environment.Job instance at 0x1493ee81d960>,50,2,[1 9],69,87,89,18,69
1,<environment.Job instance at 0x1493f2699c30>,54,13,[2 7],75,89,102,14,75
1,<environment.Job instance at 0x1493fc401af0>,55,3,[10  2],76,102,105,26,76
1,<environment.Job instance at 0x1493ef7385f0>,62,14,[7 2],85,107,121,22,107
1,<environment.Job instance at 0x1493ee842410>,84,3,[10  1],110,129,132,19,129
1,<environment.Job instance at 0x1493ee7a8140>,91,13,[10  2],124,141,154,17,141
1,<environment.Job instance at 0x1493ee7a8230>,92,3,[8 2],127,154,157,27,141
1,<environment.Job instance at 0x1493f1b0b410>,8,3,[10  1],9,216,219,207,216
1,<environment.Job instance at 0x1493ef738370>,64,1,[1 5],88,469,470,381,469
1,<environment.Job instance at 0x1493fd01e410>,1,12,[9 1],2,2,14,0,2
1,<environment.Job instance at 0x1493fd01eb40>,3,2,[1 8],4,8,10,4,8
1,<environment.Job instance at 0x1493fc4d7190>,52,3,[6 2],73,105,108,32,105
1,<environment.Job instance at 0x1493fc4d7af0>,53,3,[7 1],74,108,111,34,105
1,<environment.Job instance at 0x1493fea752d0>,62,3,[5 2],87,111,114,24,107
1,<environment.Job instance at 0x1493fea754b0>,63,13,[7 2],88,114,127,26,107
1,<environment.Job instance at 0x1493fea75f00>,71,13,[10  2],100,156,169,56,156
1,<environment.Job instance at 0x1493ee583190>,1,1,[9 1],2,3,4,1,3
1,<environment.Job instance at 0x1493eece6320>,42,3,[9 2],64,148,151,84,148
1,<environment.Job instance at 0x1493eece6460>,43,3,[8 2],66,151,154,85,150
1,<environment.Job instance at 0x1493ef671320>,62,18,[1 8],89,203,221,114,203
1,<environment.Job instance at 0x1493f281c640>,72,2,[1 6],100,221,223,121,208
1,<environment.Job instance at 0x1493f281c960>,73,2,[7 2],102,208,210,106,208
1,<environment.Job instance at 0x1493f281c7d0>,75,17,[10  2],106,223,240,117,211
1,<environment.Job instance at 0x1493f281c460>,77,15,[10  2],108,240,255,132,226
1,<environment.Job instance at 0x1493ef714500>,85,1,[10  1],117,255,256,138,247
1,<environment.Job instance at 0x1493eea85500>,71,18,[10  1],99,256,274,157,248
1,<environment.Job instance at 0x1493ef7140a0>,89,2,[8 2],123,274,276,151,255
1,<environment.Job instance at 0x1493eeb485f0>,90,1,[2 7],125,274,275,149,264
1,<environment.Job instance at 0x1493ee9670a0>,92,1,[7 1],127,276,277,149,267
1,<environment.Job instance at 0x1493f2834a50>,93,3,[5 2],128,277,280,149,267
1,<environment.Job instance at 0x1493f28344b0>,94,1,[10  1],129,280,281,151,268
1,<environment.Job instance at 0x1493f1aea230>,16,2,[10  1],23,24,26,1,24
1,<environment.Job instance at 0x1493f1d72aa0>,20,3,[6 2],27,27,30,0,27
1,<environment.Job instance at 0x1493f1d72be0>,21,3,[10  1],28,30,33,2,28
1,<environment.Job instance at 0x1493f2823190>,32,18,[5 2],46,46,64,0,46
1,<environment.Job instance at 0x1493ee834050>,35,3,[5 2],50,52,55,2,52
1,<environment.Job instance at 0x1493f1d44b40>,40,12,[8 1],59,64,76,5,64
1,<environment.Job instance at 0x1493f1d6c730>,42,2,[10  1],62,76,78,14,64
1,<environment.Job instance at 0x1493f1d6c5f0>,43,3,[9 2],63,78,81,15,64
1,<environment.Job instance at 0x1493f1d44870>,38,16,[9 1],54,81,97,27,68
1,<environment.Job instance at 0x1493f27807d0>,49,14,[7 1],76,97,111,21,82
1,<environment.Job instance at 0x1493ee937050>,54,1,[9 1],86,125,126,39,125
1,<environment.Job instance at 0x1493ee937550>,58,2,[7 2],92,126,128,34,126
1,<environment.Job instance at 0x1493ee937eb0>,62,3,[8 2],97,128,131,31,126
1,<environment.Job instance at 0x1493ee937e60>,65,1,[6 2],102,131,132,29,126
1,<environment.Job instance at 0x1493fd1c4d20>,69,16,[9 2],106,132,148,26,126
1,<environment.Job instance at 0x1493f2780f50>,47,13,[9 2],74,148,161,74,132
1,<environment.Job instance at 0x1493fd1c42d0>,70,2,[10  1],108,161,163,53,148
1,<environment.Job instance at 0x1493f1bbbaf0>,82,3,[7 2],122,163,166,41,150
1,<environment.Job instance at 0x1493f1bbb870>,83,15,[7 2],123,166,181,43,152
1,<environment.Job instance at 0x1493f1bbba50>,72,3,[5 1],110,181,184,71,156
1,<environment.Job instance at 0x1493f01f4050>,2,3,[8 1],3,3,6,0,3
1,<environment.Job instance at 0x1493fc7b1dc0>,4,2,[9 2],5,6,8,1,6
1,<environment.Job instance at 0x1493fd1d27d0>,8,3,[9 1],12,12,15,0,12
1,<environment.Job instance at 0x1493eef7a500>,9,3,[9 2],17,17,20,0,17
1,<environment.Job instance at 0x1493eef94be0>,22,16,[5 2],33,50,66,17,50
1,<environment.Job instance at 0x1493eeb0cfa0>,37,14,[6 1],49,66,80,17,66
1,<environment.Job instance at 0x1493fc4cfc30>,40,3,[8 2],52,80,83,28,67
1,<environment.Job instance at 0x1493fc120aa0>,44,17,[6 1],56,83,100,27,72
1,<environment.Job instance at 0x1493fc120410>,51,1,[6 1],64,100,101,36,98
1,<environment.Job instance at 0x1493ee95ff50>,53,3,[10  2],66,101,104,35,99
1,<environment.Job instance at 0x1493fc1208c0>,54,3,[9 1],67,104,107,37,99
1,<environment.Job instance at 0x1493f19061e0>,56,18,[7 1],69,107,125,38,99
1,<environment.Job instance at 0x1493f1c0e460>,60,3,[5 1],75,125,128,50,124
1,<environment.Job instance at 0x1493f1b17c30>,61,3,[1 5],77,127,130,50,127
1,<environment.Job instance at 0x1493ee9dd0f0>,66,1,[2 5],83,128,129,45,127
1,<environment.Job instance at 0x1493ee7f94b0>,68,3,[1 9],85,130,133,45,127
1,<environment.Job instance at 0x1493ee7f95a0>,69,3,[10  1],91,133,136,42,127
1,<environment.Job instance at 0x1493ee7f9be0>,70,1,[8 2],92,142,143,50,142
1,<environment.Job instance at 0x1493eeebc8c0>,72,1,[9 2],96,143,144,47,142
1,<environment.Job instance at 0x1493f2602b90>,76,3,[7 1],106,144,147,38,143
1,<environment.Job instance at 0x1493f2602370>,80,3,[10  2],111,147,150,36,143
1,<environment.Job instance at 0x1493eeaebaf0>,83,2,[6 2],114,150,152,36,149
1,<environment.Job instance at 0x1493f26160a0>,94,3,[8 1],128,194,197,66,194
1,<environment.Job instance at 0x1493f26a0a00>,15,12,[8 1],23,23,35,0,23
1,<environment.Job instance at 0x1493f26a0d70>,17,2,[8 1],27,35,37,8,28
1,<environment.Job instance at 0x1493f26a01e0>,20,13,[9 2],35,37,50,2,35
1,<environment.Job instance at 0x1493f26a0550>,21,1,[9 1],36,53,54,17,53
1,<environment.Job instance at 0x1493f26ae050>,32,1,[1 7],53,56,57,3,56
1,<environment.Job instance at 0x1493f26aea00>,35,3,[5 1],57,57,60,0,57
1,<environment.Job instance at 0x1493ee7435f0>,36,14,[2 7],58,58,72,0,58
1,<environment.Job instance at 0x1493ee743370>,37,1,[8 1],60,60,61,0,60
1,<environment.Job instance at 0x1493ee743550>,38,12,[6 1],61,61,73,0,61
1,<environment.Job instance at 0x1493f1b89aa0>,39,13,[2 6],62,72,85,10,65
1,<environment.Job instance at 0x1493ee4e5fa0>,50,2,[2 5],78,85,87,7,78
1,<environment.Job instance at 0x1493ee4e5f50>,51,14,[8 2],79,79,93,0,79
1,<environment.Job instance at 0x1493ee4e5640>,52,14,[6 1],80,96,110,16,96
1,<environment.Job instance at 0x1493f26a2140>,61,2,[5 2],95,110,112,15,96
1,<environment.Job instance at 0x1493f26a21e0>,62,3,[8 1],97,112,115,15,98
1,<environment.Job instance at 0x1493f26a2a50>,64,3,[6 2],100,115,118,15,101
1,<environment.Job instance at 0x1493f1bf7960>,65,12,[9 2],101,118,130,17,101
1,<environment.Job instance at 0x1493ee717fa0>,78,1,[6 1],123,130,131,7,127
1,<environment.Job instance at 0x1493ee717780>,79,2,[1 6],124,128,130,4,128
1,<environment.Job instance at 0x1493ee1284b0>,80,12,[2 5],126,130,142,4,128
1,<environment.Job instance at 0x1493f1bf7f50>,74,18,[7 2],116,135,153,19,135
1,<environment.Job instance at 0x1493ee1e0c80>,7,3,[5 2],11,11,14,0,11
1,<environment.Job instance at 0x1493ee1e0820>,10,14,[6 1],16,16,30,0,16
1,<environment.Job instance at 0x1493ee4040f0>,12,3,[9 2],18,30,33,12,19
1,<environment.Job instance at 0x1493ee1e0c30>,9,3,[2 5],15,20,23,5,20
1,<environment.Job instance at 0x1493fc59ed70>,27,13,[10  2],45,47,60,2,47
1,<environment.Job instance at 0x1493f28051e0>,38,2,[8 2],60,67,69,7,67
1,<environment.Job instance at 0x1493ee7f4e10>,51,16,[7 2],75,94,110,19,94
1,<environment.Job instance at 0x1493fc0d8d20>,67,15,[5 2],100,117,132,17,117
1,<environment.Job instance at 0x1493fc0d8af0>,70,16,[5 2],103,117,133,14,117
1,<environment.Job instance at 0x1493eef378c0>,75,13,[10  1],110,133,146,23,117
1,<environment.Job instance at 0x1493eef372d0>,76,16,[9 1],111,146,162,35,133
1,<environment.Job instance at 0x1493ee8fbf50>,87,1,[5 1],128,162,163,34,134
1,<environment.Job instance at 0x1493ee8fbcd0>,88,1,[9 1],129,163,164,34,135
1,<environment.Job instance at 0x1493f19e9fa0>,29,17,[8 2],45,49,66,4,49
1,<environment.Job instance at 0x1493ee6b73c0>,45,15,[8 2],66,97,112,31,97
1,<environment.Job instance at 0x1493f1a9eeb0>,42,1,[ 1 10],63,112,113,49,97
1,<environment.Job instance at 0x1493eef87500>,51,1,[9 2],74,113,114,39,98
1,<environment.Job instance at 0x1493eef87190>,52,1,[10  2],75,114,115,39,98
1,<environment.Job instance at 0x1493eef875a0>,54,17,[9 2],79,115,132,36,103
1,<environment.Job instance at 0x1493eead8c30>,58,3,[5 1],88,132,135,44,106
1,<environment.Job instance at 0x1493f1ab6fa0>,75,3,[5 2],113,132,135,19,118
1,<environment.Job instance at 0x1493f19a2c80>,7,16,[10  1],11,11,27,0,11
1,<environment.Job instance at 0x1493fd414d70>,16,3,[7 1],21,138,141,117,138
1,<environment.Job instance at 0x1493fd15bcd0>,20,2,[9 1],27,155,157,128,155
1,<environment.Job instance at 0x1493fd052eb0>,21,2,[7 1],28,172,174,144,172
1,<environment.Job instance at 0x1493fd1baf00>,22,3,[5 1],31,186,189,155,186
1,<environment.Job instance at 0x1493fd0c1e10>,36,3,[7 1],53,324,327,271,324
1,<environment.Job instance at 0x1493fd0c17d0>,37,3,[9 2],54,327,330,273,324
1,<environment.Job instance at 0x1493ee9a5780>,51,13,[8 2],83,330,343,247,328
1,<environment.Job instance at 0x1493ee9a5b40>,47,13,[7 2],78,343,356,265,328
1,<environment.Job instance at 0x1493ef1c32d0>,70,3,[5 1],119,360,363,241,360
1,<environment.Job instance at 0x1493eecb35a0>,71,3,[9 1],120,363,366,243,360
1,<environment.Job instance at 0x149444bdcd20>,74,3,[5 2],125,369,372,244,369
1,<environment.Job instance at 0x1493eead2fa0>,75,15,[6 2],126,372,387,246,369
1,<environment.Job instance at 0x1493eead2c80>,4,3,[2 5],7,7,10,0,7
1,<environment.Job instance at 0x1493eeb85d20>,5,2,[9 2],8,10,12,2,10
1,<environment.Job instance at 0x1493eeb85af0>,13,3,[8 2],19,19,22,0,19
1,<environment.Job instance at 0x1493eeb85230>,7,3,[2 5],10,19,22,9,19
1,<environment.Job instance at 0x1494402eda00>,54,17,[7 2],79,83,100,4,83
1,<environment.Job instance at 0x1493ff111960>,65,13,[10  2],97,154,167,57,154
1,<environment.Job instance at 0x1493eec15d20>,68,2,[5 1],101,186,188,85,186
1,<environment.Job instance at 0x1493eec15960>,72,1,[8 2],106,189,190,83,189
1,<environment.Job instance at 0x1493eec15e60>,73,1,[8 1],107,190,191,83,190
1,<environment.Job instance at 0x1493fd015e60>,77,3,[8 1],116,204,207,88,204
1,<environment.Job instance at 0x1493fd015cd0>,78,14,[9 2],117,207,221,90,204
1,<environment.Job instance at 0x1493fd0fb960>,1,3,[9 2],4,4,7,0,4
1,<environment.Job instance at 0x1493fd0fbc80>,2,16,[1 5],5,5,21,0,5
1,<environment.Job instance at 0x1493ee571e60>,8,14,[9 2],12,12,26,0,12
1,<environment.Job instance at 0x1493ee571f50>,9,14,[7 2],13,26,40,13,13
1,<environment.Job instance at 0x1493fd0e1690>,18,18,[10  2],28,40,58,12,29
1,<environment.Job instance at 0x1493eebfdd20>,25,1,[8 2],37,58,59,21,40
1,<environment.Job instance at 0x1493ee2045a0>,27,3,[7 1],39,59,62,20,40
1,<environment.Job instance at 0x1493ee193140>,40,15,[8 1],54,76,91,22,76
1,<environment.Job instance at 0x1493f2602be0>,48,3,[7 1],63,91,94,28,79
1,<environment.Job instance at 0x1493f26026e0>,50,3,[5 2],67,106,109,39,106
1,<environment.Job instance at 0x1493fc131d70>,58,2,[9 1],78,109,111,31,106
1,<environment.Job instance at 0x1493fc131b40>,60,16,[8 1],82,111,127,29,106
1,<environment.Job instance at 0x1493fd11a820>,67,3,[7 1],95,127,130,32,110
1,<environment.Job instance at 0x1493fd11a190>,72,3,[8 1],101,130,133,29,111
1,<environment.Job instance at 0x1493fd03c960>,74,3,[10  1],107,133,136,26,112
1,<environment.Job instance at 0x1493fd11a780>,71,13,[10  1],100,136,149,36,120
1,<environment.Job instance at 0x1493f1d5fd70>,85,14,[5 1],123,150,164,27,150
1,<environment.Job instance at 0x1493f1d5f280>,87,3,[ 2 10],125,164,167,39,150
1,<environment.Job instance at 0x1493f1d5f730>,88,1,[6 2],126,167,168,41,150
1,<environment.Job instance at 0x1493f1d5f3c0>,89,2,[5 1],127,150,152,23,150
1,<environment.Job instance at 0x1493f1d5f2d0>,90,18,[6 2],128,168,186,40,157
1,<environment.Job instance at 0x1493fd0b4e60>,1,12,[5 1],2,4,16,2,4
1,<environment.Job instance at 0x1493f1c65cd0>,8,17,[7 1],13,16,33,3,13
1,<environment.Job instance at 0x1493f2b10730>,2,2,[9 1],5,5,7,0,5
1,<environment.Job instance at 0x1493f2b10dc0>,5,3,[1 9],8,8,11,0,8
1,<environment.Job instance at 0x1493f2b10370>,6,2,[8 2],9,11,13,2,10
1,<environment.Job instance at 0x1493f2750500>,15,3,[9 2],22,22,25,0,22
1,<environment.Job instance at 0x1493f27505a0>,20,3,[5 2],29,29,32,0,29
1,<environment.Job instance at 0x1493ee4d8a00>,25,1,[7 1],37,38,39,1,38
1,<environment.Job instance at 0x1493ee4d8730>,27,3,[6 1],39,39,42,0,39
1,<environment.Job instance at 0x1493f26f7dc0>,37,16,[8 2],51,62,78,11,62
1,<environment.Job instance at 0x1493f26f78c0>,51,2,[10  2],68,84,86,16,84
1,<environment.Job instance at 0x1493eeccc320>,66,16,[8 2],87,127,143,40,127
1,<environment.Job instance at 0x1493ee2c60a0>,73,3,[10  2],98,151,154,53,151
1,<environment.Job instance at 0x1493ee2c6a00>,74,3,[8 2],99,154,157,55,151
1,<environment.Job instance at 0x1493ee2c6410>,77,3,[7 1],103,157,160,54,152
1,<environment.Job instance at 0x1493eeccdbe0>,89,3,[7 1],121,160,163,39,158
1,<environment.Job instance at 0x1493eec79640>,95,14,[5 2],129,194,208,65,194
1,<environment.Job instance at 0x14a0439f41e0>,26,3,[9 1],36,53,56,17,53
1,<environment.Job instance at 0x14a0432e4640>,32,16,[9 1],43,65,81,22,65
1,<environment.Job instance at 0x14a043560fa0>,48,15,[ 2 10],61,89,104,28,89
1,<environment.Job instance at 0x14a0432e3b40>,49,1,[ 1 10],67,104,105,37,89
1,<environment.Job instance at 0x14a0432e3370>,50,1,[1 8],68,105,106,37,89
1,<environment.Job instance at 0x14a043550500>,51,16,[10  1],69,106,122,37,93
1,<environment.Job instance at 0x14a0432ed690>,79,3,[10  1],119,153,156,34,153
1,<environment.Job instance at 0x14a0432edeb0>,80,3,[9 2],120,156,159,36,153
1,<environment.Job instance at 0x14a0432f4460>,89,15,[6 2],132,180,195,48,180
1,<environment.Job instance at 0x14a043308f50>,2,2,[9 1],6,6,8,0,6
1,<environment.Job instance at 0x14a050864140>,5,15,[9 2],13,13,28,0,13
1,<environment.Job instance at 0x14a051484e10>,16,3,[9 1],27,28,31,1,28
1,<environment.Job instance at 0x14a0508581e0>,19,13,[9 1],32,32,45,0,32
1,<environment.Job instance at 0x14a05076e8c0>,33,3,[6 2],51,51,54,0,51
1,<environment.Job instance at 0x14a050869960>,48,3,[9 2],79,100,103,21,100
1,<environment.Job instance at 0x14a050921280>,71,3,[10  1],111,202,205,91,202
1,<environment.Job instance at 0x14a050921e60>,74,16,[7 1],118,217,233,99,217
1,<environment.Job instance at 0x14a050921be0>,78,3,[10  2],123,233,236,110,217
1,<environment.Job instance at 0x14a042cea410>,10,3,[9 2],13,13,16,0,13
1,<environment.Job instance at 0x14a042cfee10>,14,2,[5 1],17,22,24,5,22
1,<environment.Job instance at 0x14a042bcc280>,18,18,[6 2],23,24,42,1,23
1,<environment.Job instance at 0x14a045c5aa50>,19,14,[10  1],26,42,56,16,28
1,<environment.Job instance at 0x14a04612fa50>,20,1,[6 2],28,56,57,28,28
1,<environment.Job instance at 0x14a042b1f5f0>,38,2,[6 2],51,74,76,23,74
1,<environment.Job instance at 0x14a042b1f320>,41,2,[10  2],56,76,78,20,75
1,<environment.Job instance at 0x14a042b6df00>,50,14,[6 1],65,106,120,41,106
1,<environment.Job instance at 0x14a042b6d0f0>,45,3,[6 2],60,120,123,60,106
1,<environment.Job instance at 0x14a046e83140>,52,3,[10  1],67,123,126,56,106
1,<environment.Job instance at 0x14a042c85fa0>,57,3,[10  2],74,126,129,52,119
1,<environment.Job instance at 0x14a043ae5870>,70,2,[10  1],98,152,154,54,152
1,<environment.Job instance at 0x14a042bb9690>,76,1,[9 1],106,154,155,48,152
1,<environment.Job instance at 0x14a042c72870>,83,13,[9 2],117,166,179,49,166
1,<environment.Job instance at 0x14a042c725f0>,85,2,[7 1],122,179,181,57,166
1,<environment.Job instance at 0x14a042c721e0>,87,3,[10  2],125,181,184,56,166
1,<environment.Job instance at 0x14a042c72190>,89,15,[10  1],128,184,199,56,170
1,<environment.Job instance at 0x14a042c723c0>,93,3,[10  2],134,199,202,65,173
1,<environment.Job instance at 0x14a042c87460>,94,3,[8 1],135,202,205,67,176
1,<environment.Job instance at 0x14a042c875f0>,95,3,[5 1],137,205,208,68,179
1,<environment.Job instance at 0x14a042c87780>,96,13,[5 1],139,205,218,66,189
1,<environment.Job instance at 0x14a0432f9d70>,6,2,[8 2],9,11,13,2,11
1,<environment.Job instance at 0x14a051528320>,9,15,[7 2],12,13,28,1,13
1,<environment.Job instance at 0x14a045c5eaf0>,16,17,[10  2],24,31,48,7,31
1,<environment.Job instance at 0x14a043300e60>,17,3,[7 1],25,48,51,23,31
1,<environment.Job instance at 0x14a045c5e730>,18,3,[10  2],26,51,54,25,31
1,<environment.Job instance at 0x14a042cfabe0>,27,16,[8 1],37,54,70,17,47
1,<environment.Job instance at 0x14a042cea960>,33,12,[8 2],43,70,82,27,53
1,<environment.Job instance at 0x14a046a18280>,41,14,[10  2],56,82,96,26,67
1,<environment.Job instance at 0x14a050707140>,46,2,[7 1],63,96,98,33,71
1,<environment.Job instance at 0x14a0506f4280>,48,1,[5 2],65,98,99,33,73
1,<environment.Job instance at 0x14a0469d5050>,50,2,[6 1],69,99,101,30,73
1,<environment.Job instance at 0x14a0439736e0>,58,12,[8 2],80,101,113,21,94
1,<environment.Job instance at 0x14a045fb2820>,70,14,[9 2],98,113,127,15,105
1,<environment.Job instance at 0x14a046ad0c80>,72,12,[10  1],101,127,139,26,110
1,<environment.Job instance at 0x14a046e70870>,87,3,[6 2],124,145,148,21,145
1,<environment.Job instance at 0x14a043a04910>,8,14,[9 2],14,18,32,4,18
1,<environment.Job instance at 0x14a051525050>,35,3,[9 2],57,59,62,2,59
1,<environment.Job instance at 0x14a0515250f0>,36,3,[8 1],58,62,65,4,60
1,<environment.Job instance at 0x14a0515255a0>,39,16,[10  2],62,65,81,3,62
1,<environment.Job instance at 0x14a043539aa0>,48,2,[7 1],77,81,83,4,77
1,<environment.Job instance at 0x14a043539550>,49,3,[1 8],79,81,84,2,79
1,<environment.Job instance at 0x14a0435399b0>,50,1,[6 1],80,83,84,3,80
1,<environment.Job instance at 0x14a043539e10>,51,2,[2 9],82,84,86,2,82
1,<environment.Job instance at 0x14a043539cd0>,52,16,[1 8],83,86,102,3,83
1,<environment.Job instance at 0x14a043a04140>,9,17,[9 1],17,86,103,69,83
1,<environment.Job instance at 0x14a0435396e0>,54,3,[9 1],85,103,106,18,85
1,<environment.Job instance at 0x14a046a53a50>,55,17,[10  2],86,106,123,20,94
1,<environment.Job instance at 0x14a0513fae10>,61,2,[6 1],95,123,125,28,96
1,<environment.Job instance at 0x14a0513fa190>,62,3,[8 1],97,125,128,28,99
1,<environment.Job instance at 0x14a0513faf50>,64,1,[2 9],100,123,124,23,101
1,<environment.Job instance at 0x14a0432ddb90>,66,14,[1 6],104,124,138,20,110
1,<environment.Job instance at 0x14a0439f7820>,73,2,[7 1],114,128,130,14,128
1,<environment.Job instance at 0x14a0469a9370>,85,1,[8 1],133,142,143,9,142
1,<environment.Job instance at 0x14a046997550>,86,2,[8 2],134,143,145,9,142
1,<environment.Job instance at 0x14a0469a9cd0>,80,12,[5 1],127,155,167,28,155
1,<environment.Job instance at 0x14a043a04be0>,10,3,[7 2],18,199,202,181,199
1,<environment.Job instance at 0x14a042d42190>,3,3,[8 1],6,6,9,0,6
1,<environment.Job instance at 0x14a046dce3c0>,7,3,[6 1],10,12,15,2,12
1,<environment.Job instance at 0x14a0500cd370>,16,1,[7 2],24,24,25,0,24
1,<environment.Job instance at 0x14a050816aa0>,20,15,[5 1],29,29,44,0,29
1,<environment.Job instance at 0x14a042ea46e0>,55,15,[7 2],70,100,115,30,100
1,<environment.Job instance at 0x14a0431ae7d0>,57,12,[8 2],72,115,127,43,100
1,<environment.Job instance at 0x14a0431aef50>,62,16,[6 1],78,127,143,49,114
1,<environment.Job instance at 0x14a0507cec30>,64,3,[10  2],85,143,146,58,117
1,<environment.Job instance at 0x14a0507cee10>,65,1,[7 1],87,146,147,59,118
1,<environment.Job instance at 0x14a0507ce8c0>,66,14,[1 5],88,119,133,31,119
1,<environment.Job instance at 0x14a042ed82d0>,67,14,[9 2],89,147,161,58,132
1,<environment.Job instance at 0x14a042ed8500>,69,2,[10  2],92,161,163,69,161
1,<environment.Job instance at 0x14a053705230>,80,1,[6 2],111,173,174,62,173
1,<environment.Job instance at 0x14a0537b5140>,81,14,[9 2],114,174,188,60,173
1,<environment.Job instance at 0x14a04698d460>,82,18,[9 1],115,188,206,73,177
1,<environment.Job instance at 0x14a050921230>,86,2,[10  1],120,206,208,86,179
1,<environment.Job instance at 0x14a0469d0640>,88,1,[10  2],124,208,209,84,180
1,<environment.Job instance at 0x14a050058960>,94,12,[9 2],130,209,221,79,192
1,<environment.Job instance at 0x14a045d28050>,97,3,[6 2],134,221,224,87,199
1,<environment.Job instance at 0x14a0536e40f0>,7,13,[ 2 10],9,9,22,0,9
1,<environment.Job instance at 0x14a045f97050>,9,14,[5 2],15,22,36,7,16
1,<environment.Job instance at 0x14a045c5c8c0>,10,12,[8 2],17,36,48,19,19
1,<environment.Job instance at 0x14a05372d550>,22,2,[ 1 10],35,48,50,13,36
1,<environment.Job instance at 0x14a05372d0a0>,24,1,[2 6],37,37,38,0,37
1,<environment.Job instance at 0x14a05372d320>,25,3,[1 7],38,38,41,0,38
1,<environment.Job instance at 0x14a046a3e640>,26,1,[8 2],40,50,51,10,40
1,<environment.Job instance at 0x14a05372d780>,23,13,[10  2],36,51,64,15,40
1,<environment.Job instance at 0x14a05372d820>,28,1,[5 2],45,64,65,19,45
1,<environment.Job instance at 0x14a0507d6960>,30,2,[10  2],51,65,67,14,60
1,<environment.Job instance at 0x14a046addf50>,38,2,[9 2],61,67,69,6,65
1,<environment.Job instance at 0x14a046add5f0>,40,3,[7 2],65,69,72,4,65
1,<environment.Job instance at 0x14a046add410>,42,2,[1 5],68,81,83,13,81
1,<environment.Job instance at 0x14a09425b1e0>,46,2,[8 2],72,83,85,11,83
1,<environment.Job instance at 0x14a0507f89b0>,47,1,[8 2],73,85,86,12,83
1,<environment.Job instance at 0x14a0507f8140>,50,18,[8 1],76,100,118,24,100
1,<environment.Job instance at 0x14a0507f87d0>,53,3,[10  1],79,118,121,39,118
1,<environment.Job instance at 0x14a050726dc0>,57,2,[2 6],84,135,137,51,135
1,<environment.Job instance at 0x14a050726eb0>,58,14,[2 5],85,137,151,52,135
1,<environment.Job instance at 0x14a050726190>,59,12,[5 1],86,136,148,50,136
1,<environment.Job instance at 0x14a050726500>,64,2,[8 2],92,169,171,77,169
1,<environment.Job instance at 0x14a0507267d0>,65,3,[7 1],93,171,174,78,169
1,<environment.Job instance at 0x14a043300eb0>,76,2,[10  2],113,185,187,72,185
1,<environment.Job instance at 0x14a043300af0>,77,3,[10  1],114,187,190,73,185
1,<environment.Job instance at 0x14a043300410>,78,2,[ 1 10],116,190,192,74,185
1,<environment.Job instance at 0x14a043300500>,79,3,[2 6],117,192,195,75,185
1,<environment.Job instance at 0x14a043300f50>,81,3,[2 8],119,195,198,76,185
1,<environment.Job instance at 0x14a0433006e0>,82,1,[1 7],121,198,199,77,192
1,<environment.Job instance at 0x14a051484d20>,87,3,[7 1],127,192,195,65,192
1,<environment.Job instance at 0x14a043300be0>,88,2,[2 9],129,199,201,70,195
1,<environment.Job instance at 0x14a0514843c0>,89,2,[5 1],130,195,197,65,195
1,<environment.Job instance at 0x14a0506eb6e0>,91,2,[1 5],132,205,207,73,205
1,<environment.Job instance at 0x14a0506eb320>,92,16,[7 1],134,205,221,71,205
1,<environment.Job instance at 0x14a0506eb2d0>,94,19,[10  1],137,221,240,84,211
1,<environment.Job instance at 0x14a043300fa0>,86,18,[10  1],126,240,258,114,229
1,<environment.Job instance at 0x14a042dd58c0>,11,14,[7 2],15,15,29,0,15
1,<environment.Job instance at 0x14a042bce550>,33,3,[10  1],40,50,53,10,50
1,<environment.Job instance at 0x14a042a65190>,38,2,[6 2],50,53,55,3,52
1,<environment.Job instance at 0x14a042a65730>,40,13,[10  2],54,55,68,1,55
1,<environment.Job instance at 0x14a04318a730>,41,3,[8 2],57,68,71,11,68
1,<environment.Job instance at 0x14a042ef9a00>,46,2,[1 8],64,69,71,5,69
1,<environment.Job instance at 0x14a046ac4be0>,49,12,[2 8],68,71,83,3,69
1,<environment.Job instance at 0x14a046ac4d70>,50,2,[10  2],69,83,85,14,70
1,<environment.Job instance at 0x14a046008b90>,14,3,[8 2],20,71,74,51,70
1,<environment.Job instance at 0x14a042f18870>,55,3,[8 1],76,78,81,2,78
1,<environment.Job instance at 0x14a050092b40>,63,3,[7 2],87,96,99,9,96
1,<environment.Job instance at 0x14a046a4a2d0>,68,2,[10  1],92,99,101,7,97
1,<environment.Job instance at 0x14a046a4a320>,69,3,[2 5],93,101,104,8,97
1,<environment.Job instance at 0x14a046a4af00>,70,3,[5 1],94,101,104,7,98
1,<environment.Job instance at 0x14a046e12280>,76,2,[7 2],107,107,109,0,107
1,<environment.Job instance at 0x14a046e12a00>,77,17,[9 1],108,109,126,1,108
1,<environment.Job instance at 0x14a046e12870>,78,1,[7 2],109,126,127,17,109
1,<environment.Job instance at 0x14a042cfa3c0>,93,13,[5 1],131,166,179,35,166
1,<environment.Job instance at 0x14a042cfa4b0>,94,12,[8 1],132,179,191,47,166
1,<environment.Job instance at 0x14a045cd0e10>,95,3,[6 2],133,191,194,58,166
1,<environment.Job instance at 0x14a042f7e7d0>,4,3,[5 2],7,7,10,0,7
1,<environment.Job instance at 0x14a042fd7fa0>,5,13,[7 2],8,10,23,2,8
1,<environment.Job instance at 0x14a046a44e60>,63,17,[10  2],90,154,171,64,154
1,<environment.Job instance at 0x14a0990ab4b0>,66,18,[6 2],97,171,189,74,168
1,<environment.Job instance at 0x14a042b41550>,71,3,[5 1],103,189,192,86,183
1,<environment.Job instance at 0x14a046089410>,85,1,[6 2],121,228,229,107,228
1,<environment.Job instance at 0x14a0460891e0>,87,17,[5 1],124,229,246,105,228
1,<environment.Job instance at 0x14a046089d70>,89,1,[6 1],126,246,247,120,228
1,<environment.Job instance at 0x14a046089aa0>,90,3,[8 2],127,247,250,120,228
1,<environment.Job instance at 0x14a046089280>,93,1,[5 2],131,250,251,119,246
1,<environment.Job instance at 0x14a0460892d0>,94,13,[1 9],132,251,264,119,251
1,<environment.Job instance at 0x14a046089640>,95,15,[2 9],133,264,279,131,254
1,<environment.Job instance at 0x14a042a975a0>,11,17,[10  2],16,16,33,0,16
1,<environment.Job instance at 0x14a046ee1d20>,13,15,[10  2],18,33,48,15,19
1,<environment.Job instance at 0x14a042f75690>,21,1,[10  1],27,48,49,21,27
1,<environment.Job instance at 0x14a04602b0f0>,22,1,[6 2],28,49,50,21,32
1,<environment.Job instance at 0x14a043ac37d0>,25,2,[8 2],33,50,52,17,49
1,<environment.Job instance at 0x14a0451b3410>,39,2,[8 2],52,52,54,0,52
1,<environment.Job instance at 0x14a046b82be0>,43,2,[8 2],58,67,69,9,67
1,<environment.Job instance at 0x14a046b827d0>,44,1,[7 2],59,69,70,10,67
1,<environment.Job instance at 0x14a046dfd4b0>,53,3,[10  1],68,92,95,24,92
1,<environment.Job instance at 0x14a042f66910>,61,16,[8 1],83,112,128,29,112
1,<environment.Job instance at 0x14a098e53d20>,67,3,[5 2],90,129,132,39,129
1,<environment.Job instance at 0x14a0508e61e0>,70,16,[9 1],94,142,158,48,142
1,<environment.Job instance at 0x14a0508e6f00>,72,12,[8 1],99,158,170,59,144
1,<environment.Job instance at 0x14a052df7e10>,74,2,[10  1],102,170,172,68,156
1,<environment.Job instance at 0x14a052df7b90>,77,1,[7 2],106,172,173,66,164
1,<environment.Job instance at 0x14a052df7f50>,79,13,[9 2],114,173,186,59,164
1,<environment.Job instance at 0x14a043a75690>,82,18,[9 2],118,186,204,68,175
1,<environment.Job instance at 0x14a045d88550>,85,20,[9 1],125,204,224,79,195
1,<environment.Job instance at 0x14a04694d0f0>,94,3,[8 2],137,224,227,87,202
1,<environment.Job instance at 0x14a0460ba910>,4,16,[9 2],6,6,22,0,6
1,<environment.Job instance at 0x14a051579d20>,14,1,[2 9],19,22,23,3,22
1,<environment.Job instance at 0x14a043a7f1e0>,19,3,[ 1 10],25,26,29,1,26
1,<environment.Job instance at 0x14a05148c730>,20,2,[5 2],28,29,31,1,28
1,<environment.Job instance at 0x14a0506f1d20>,21,19,[9 2],30,31,50,1,30
1,<environment.Job instance at 0x14a045ddc960>,23,2,[9 1],32,50,52,18,32
1,<environment.Job instance at 0x14a042f548c0>,24,3,[8 1],33,52,55,19,33
1,<environment.Job instance at 0x14a0513e4550>,26,2,[9 2],35,55,57,20,35
1,<environment.Job instance at 0x14a042cd1c30>,30,3,[9 1],42,57,60,15,42
1,<environment.Job instance at 0x14a045fb5d20>,33,14,[5 1],49,60,74,11,49
1,<environment.Job instance at 0x14a051564190>,36,1,[5 2],52,60,61,8,57
1,<environment.Job instance at 0x14a042d27f00>,44,16,[5 2],63,154,170,91,154
1,<environment.Job instance at 0x14a0431f9690>,59,14,[6 1],79,1097,1111,1018,1097
1,<environment.Job instance at 0x14a042c93410>,25,3,[6 1],33,33,36,0,33
1,<environment.Job instance at 0x14a042c93960>,26,2,[9 2],34,36,38,2,35
1,<environment.Job instance at 0x14a042dbefa0>,29,14,[1 9],39,40,54,1,40
1,<environment.Job instance at 0x14a042dbe3c0>,31,16,[7 2],42,54,70,12,42
1,<environment.Job instance at 0x14a046b7eeb0>,37,13,[9 2],55,70,83,15,56
1,<environment.Job instance at 0x14a045c86eb0>,41,3,[10  1],59,83,86,24,59
1,<environment.Job instance at 0x14a046f2c820>,48,18,[2 9],72,86,104,14,75
1,<environment.Job instance at 0x14a0439eba50>,68,14,[8 2],99,105,119,6,105
1,<environment.Job instance at 0x14a0439eb050>,69,14,[6 1],100,119,133,19,114
1,<environment.Job instance at 0x14a046bac050>,75,17,[9 2],111,133,150,22,126
1,<environment.Job instance at 0x14a05153c410>,78,2,[5 2],115,150,152,35,129
1,<environment.Job instance at 0x14a05139ceb0>,80,2,[6 1],118,152,154,34,129
1,<environment.Job instance at 0x14a05139cb90>,81,3,[6 2],120,154,157,34,129
1,<environment.Job instance at 0x14a05139c370>,82,12,[9 2],121,157,169,36,140
1,<environment.Job instance at 0x14a046ab8e10>,76,16,[5 2],113,168,184,55,168
1,<environment.Job instance at 0x14a046ab8370>,81,13,[10  1],120,184,197,64,168
1,<environment.Job instance at 0x14a046bc1780>,29,17,[8 2],45,45,62,0,45
1,<environment.Job instance at 0x14a0536fb960>,34,1,[8 1],52,62,63,10,58
1,<environment.Job instance at 0x14a04327ae60>,40,15,[5 1],61,63,78,2,61
1,<environment.Job instance at 0x14a0514638c0>,45,15,[8 2],66,78,93,12,66
1,<environment.Job instance at 0x14a051463870>,49,3,[10  1],70,93,96,23,70
1,<environment.Job instance at 0x14a044581aa0>,58,3,[5 1],88,96,99,8,88
1,<environment.Job instance at 0x14a044581550>,62,3,[8 1],93,99,102,6,93
1,<environment.Job instance at 0x14a051422500>,68,15,[7 1],103,103,118,0,103
1,<environment.Job instance at 0x14a051422690>,71,14,[2 7],107,107,121,0,107
1,<environment.Job instance at 0x14a051422eb0>,72,3,[5 1],109,118,121,9,109
1,<environment.Job instance at 0x14a051422d70>,75,3,[5 2],113,121,124,8,113
1,<environment.Job instance at 0x14a042d7dc30>,87,2,[7 2],135,135,137,0,135
1,<environment.Job instance at 0x14a042b5ee60>,88,3,[9 2],136,137,140,1,136
1,<environment.Job instance at 0x14a042b5e7d0>,89,14,[8 1],137,140,154,3,137
1,<environment.Job instance at 0x14a0427c9d20>,6,2,[10  2],7,9,11,2,9
1,<environment.Job instance at 0x14a0427c99b0>,9,3,[7 1],11,11,14,0,11
1,<environment.Job instance at 0x14a046aefd20>,29,3,[7 1],43,43,46,0,43
1,<environment.Job instance at 0x14a051552e60>,30,3,[9 2],44,46,49,2,44
1,<environment.Job instance at 0x14a051552050>,32,14,[10  1],50,50,64,0,50
1,<environment.Job instance at 0x14a042ec6d20>,44,13,[8 2],73,75,88,2,75
1,<environment.Job instance at 0x14a045c04780>,63,3,[5 1],109,110,113,1,110
1,<environment.Job instance at 0x14a050054960>,84,3,[8 2],139,139,142,0,139
1,<environment.Job instance at 0x14a045f49410>,19,12,[9 1],26,35,47,9,35
1,<environment.Job instance at 0x14a0425718c0>,48,3,[8 2],73,73,76,0,73
1,<environment.Job instance at 0x14a0537054b0>,51,13,[10  2],77,101,114,24,101
1,<environment.Job instance at 0x14a053705050>,64,14,[9 2],97,154,168,57,154
1,<environment.Job instance at 0x14a043d08640>,83,14,[9 2],122,251,265,129,251
1,<environment.Job instance at 0x14a046eb4eb0>,93,18,[10  2],138,265,283,127,263
1,<environment.Job instance at 0x14a045f5b230>,18,15,[9 1],23,23,38,0,23
1,<environment.Job instance at 0x14a046acdd70>,19,15,[8 1],24,38,53,14,37
1,<environment.Job instance at 0x14a043036dc0>,29,3,[5 2],37,53,56,16,37
1,<environment.Job instance at 0x14a0439f7690>,37,2,[9 1],48,57,59,9,57
1,<environment.Job instance at 0x14a0514cea00>,39,16,[8 1],52,59,75,7,57
1,<environment.Job instance at 0x14a0427c3f00>,50,13,[10  1],70,75,88,5,70
1,<environment.Job instance at 0x14a0513e16e0>,79,17,[7 1],113,129,146,16,129
1,<environment.Job instance at 0x14a042bf0460>,90,16,[5 2],130,177,193,47,177
1,<environment.Job instance at 0x14a046ee67d0>,94,1,[9 1],136,193,194,57,186
1,<environment.Job instance at 0x14a046ee6190>,2,15,[8 2],3,3,18,0,3
1,<environment.Job instance at 0x14a0990ab4b0>,1,1,[8 2],3,3,4,0,3
1,<environment.Job instance at 0x14a042529c80>,4,2,[7 2],7,8,10,1,8
1,<environment.Job instance at 0x14a0425297d0>,8,1,[7 2],12,13,14,1,13
1,<environment.Job instance at 0x14a042529be0>,10,2,[9 2],14,15,17,1,15
1,<environment.Job instance at 0x14a042ee7e10>,12,17,[9 1],16,17,34,1,16
1,<environment.Job instance at 0x14a051384230>,23,3,[8 2],31,34,37,3,32
1,<environment.Job instance at 0x14a042eed460>,37,3,[8 2],49,58,61,9,58
1,<environment.Job instance at 0x14a042eedc30>,40,3,[7 1],53,63,66,10,63
1,<environment.Job instance at 0x14a042906410>,42,2,[6 2],57,68,70,11,68
1,<environment.Job instance at 0x14a042906dc0>,43,3,[8 2],58,70,73,12,69
1,<environment.Job instance at 0x14a046e23640>,49,2,[10  1],67,73,75,6,69
1,<environment.Job instance at 0x14a045c04370>,55,14,[ 1 10],76,99,113,23,99
1,<environment.Job instance at 0x14a0460ba6e0>,59,3,[2 8],80,113,116,33,99
1,<environment.Job instance at 0x14a043207500>,60,17,[6 1],81,113,130,32,101
1,<environment.Job instance at 0x14a045c045a0>,61,3,[1 6],82,116,119,34,101
1,<environment.Job instance at 0x14a0429c7be0>,62,1,[1 6],85,119,120,34,101
1,<environment.Job instance at 0x14a042df6f00>,68,14,[5 2],92,130,144,38,115
1,<environment.Job instance at 0x14a05004f500>,70,2,[8 1],96,144,146,48,117
1,<environment.Job instance at 0x14a045d5b640>,72,3,[9 2],100,146,149,46,120
1,<environment.Job instance at 0x14a045d2d8c0>,74,1,[7 2],104,149,150,45,122
1,<environment.Job instance at 0x14a0426b9a50>,75,1,[5 2],105,130,131,25,122
1,<environment.Job instance at 0x14a0426b95a0>,76,12,[1 6],106,131,143,25,122
1,<environment.Job instance at 0x14a09425b820>,78,12,[7 2],108,150,162,42,133
1,<environment.Job instance at 0x14a0469c2370>,80,3,[2 7],110,143,146,33,133
1,<environment.Job instance at 0x14a0469c2960>,81,2,[5 2],111,162,164,51,135
1,<environment.Job instance at 0x14a042f8e320>,84,2,[2 6],114,149,151,35,136
1,<environment.Job instance at 0x14a042f8e050>,86,14,[1 8],117,151,165,34,136
1,<environment.Job instance at 0x14a04295bfa0>,89,16,[7 1],120,575,591,455,575
1,<environment.Job instance at 0x14a045e2b280>,94,1,[10  1],127,591,592,464,578
1,<environment.Job instance at 0x14a045e23640>,1,3,[7 2],4,4,7,0,4
1,<environment.Job instance at 0x14a045e23550>,2,2,[7 1],5,7,9,2,6
1,<environment.Job instance at 0x14a046010730>,3,3,[6 1],7,9,12,2,7
1,<environment.Job instance at 0x14a0432a3820>,13,16,[7 2],21,21,37,0,21
1,<environment.Job instance at 0x14a0432a3960>,14,14,[10  1],23,37,51,14,23
1,<environment.Job instance at 0x14a042f2aa00>,27,3,[6 1],45,51,54,6,50
1,<environment.Job instance at 0x14a042f432d0>,36,14,[10  1],59,65,79,6,65
1,<environment.Job instance at 0x14a0431bd8c0>,47,14,[8 1],77,95,109,18,95
1,<environment.Job instance at 0x14a042f2ca50>,62,15,[9 1],101,115,130,14,115
1,<environment.Job instance at 0x14a046e91e10>,66,3,[9 1],105,130,133,25,116
1,<environment.Job instance at 0x14a042628e10>,71,12,[8 1],113,133,145,20,119
1,<environment.Job instance at 0x154d9a464140>,5,3,[9 1],8,8,11,0,8
1,<environment.Job instance at 0x154d9a44a320>,32,16,[9 1],43,100,116,57,100
1,<environment.Job instance at 0x154d9a4853c0>,47,14,[5 1],60,134,148,74,134
1,<environment.Job instance at 0x154d99faeb40>,66,2,[9 2],94,148,150,54,146
1,<environment.Job instance at 0x154d99d45780>,83,2,[9 1],123,203,205,80,203
1,<environment.Job instance at 0x154d99d4c640>,95,3,[7 1],139,242,245,103,242
1,<environment.Job instance at 0x154d99d45d70>,86,3,[2 5],127,279,282,152,279
1,<environment.Job instance at 0x154d9a4146e0>,14,1,[1 7],18,282,283,264,279
1,<environment.Job instance at 0x154d99d638c0>,1,15,[9 2],3,3,18,0,3
1,<environment.Job instance at 0x154da721f7d0>,18,12,[10  2],29,2123,2135,2094,2123
1,<environment.Job instance at 0x154da724c690>,20,1,[5 2],31,2135,2136,2104,2132
1,<environment.Job instance at 0x154da71dcbe0>,44,3,[9 2],69,2185,2188,2116,2185
1,<environment.Job instance at 0x154da71dc410>,45,1,[10  1],70,2188,2189,2118,2185
1,<environment.Job instance at 0x154da7dfb4b0>,60,2,[9 2],90,2271,2273,2181,2271
1,<environment.Job instance at 0x154da7276cd0>,67,3,[10  1],101,2287,2290,2186,2287
1,<environment.Job instance at 0x154da7276410>,70,16,[7 1],108,2302,2318,2194,2302
1,<environment.Job instance at 0x154da72c9320>,74,3,[10  2],113,2318,2321,2205,2302
1,<environment.Job instance at 0x154da7363500>,86,1,[7 2],130,2327,2328,2197,2327
1,<environment.Job instance at 0x154da7363640>,87,3,[8 2],132,2328,2331,2196,2327
1,<environment.Job instance at 0x154da7363d70>,88,3,[5 2],133,2331,2334,2198,2327
1,<environment.Job instance at 0x154da7363460>,94,2,[7 1],140,2341,2343,2201,2341
1,<environment.Job instance at 0x154da7363c80>,97,3,[9 2],143,2343,2346,2200,2343
1,<environment.Job instance at 0x154da7363230>,99,17,[10  1],145,2356,2373,2211,2356
1,<environment.Job instance at 0x154dc00603c0>,17,16,[6 1],27,2373,2389,2346,2360
1,<environment.Job instance at 0x154da7361550>,1,13,[5 2],2,3,16,1,3
1,<environment.Job instance at 0x154da731ec30>,3,14,[10  1],6,16,30,10,6
1,<environment.Job instance at 0x154d99759f00>,5,15,[2 7],9,30,45,21,16
1,<environment.Job instance at 0x154d99754eb0>,13,15,[6 1],19,30,45,11,21
1,<environment.Job instance at 0x154d99754640>,14,2,[ 1 10],21,45,47,24,21
1,<environment.Job instance at 0x154d9cb3caf0>,19,1,[9 1],28,47,48,19,32
1,<environment.Job instance at 0x154d9d3c8c80>,23,2,[2 6],34,48,50,14,34
1,<environment.Job instance at 0x154d9c7072d0>,26,2,[6 2],37,48,50,11,38
1,<environment.Job instance at 0x154d9c6e4870>,30,3,[1 9],41,50,53,9,41
1,<environment.Job instance at 0x154d9cb76d20>,29,3,[6 2],40,53,56,13,42
1,<environment.Job instance at 0x154d9ca20190>,34,14,[6 1],45,56,70,11,54
1,<environment.Job instance at 0x154d9972bf00>,39,2,[2 8],52,56,58,4,56
1,<environment.Job instance at 0x154d9972b3c0>,40,2,[1 5],53,58,60,5,57
1,<environment.Job instance at 0x154d9972b960>,41,3,[10  2],54,70,73,16,57
1,<environment.Job instance at 0x154d99f90050>,48,12,[6 1],71,73,85,2,71
1,<environment.Job instance at 0x154d995c1d70>,54,2,[10  1],78,85,87,7,81
1,<environment.Job instance at 0x154d99744be0>,60,1,[9 1],86,87,88,1,86
1,<environment.Job instance at 0x154d996cef50>,62,17,[10  1],88,98,115,10,98
1,<environment.Job instance at 0x154d99744230>,59,1,[8 1],85,115,116,30,98
1,<environment.Job instance at 0x154d996cebe0>,64,1,[6 1],92,116,117,24,100
1,<environment.Job instance at 0x154d996ce050>,65,1,[8 1],93,117,118,24,100
1,<environment.Job instance at 0x154d996ce8c0>,67,13,[9 2],97,118,131,21,103
1,<environment.Job instance at 0x154d9979ab40>,70,1,[1 8],104,130,131,26,130
1,<environment.Job instance at 0x154d99729370>,81,1,[1 7],120,131,132,11,131
1,<environment.Job instance at 0x154d997299b0>,82,16,[1 5],121,132,148,11,131
1,<environment.Job instance at 0x154d99623aa0>,83,2,[9 2],122,131,133,9,131
1,<environment.Job instance at 0x154d99623410>,84,12,[1 8],123,148,160,25,131
1,<environment.Job instance at 0x154d995e5190>,88,2,[8 2],129,145,147,16,145
1,<environment.Job instance at 0x154d995e51e0>,89,15,[10  2],130,160,175,30,146
1,<environment.Job instance at 0x154d995e5d70>,90,1,[7 2],131,147,148,16,146
1,<environment.Job instance at 0x154d995e5be0>,95,3,[10  2],137,178,181,41,178
1,<environment.Job instance at 0x154d995e5dc0>,97,2,[2 8],143,181,183,38,179
1,<environment.Job instance at 0x154d995d3960>,98,17,[10  2],144,183,200,39,179
1,<environment.Job instance at 0x154d995d3a50>,99,3,[7 1],145,200,203,55,179
1,<environment.Job instance at 0x154d995d3eb0>,100,3,[10  2],146,203,206,57,179
1,<environment.Job instance at 0x154d9d4a3d70>,6,1,[9 2],8,11,12,3,11
1,<environment.Job instance at 0x154d9d4a3dc0>,11,12,[8 2],13,13,25,0,13
1,<environment.Job instance at 0x154d9c65f960>,21,14,[10  2],28,28,42,0,28
1,<environment.Job instance at 0x154d9d928dc0>,48,14,[9 2],68,68,82,0,68
1,<environment.Job instance at 0x154d9957cb90>,55,14,[10  1],81,82,96,1,81
1,<environment.Job instance at 0x154d9998ceb0>,59,2,[9 2],88,96,98,8,88
1,<environment.Job instance at 0x154d9d428dc0>,83,14,[9 2],124,126,140,2,126
1,<environment.Job instance at 0x154d9d602e10>,90,18,[7 1],137,140,158,3,139
1,<environment.Job instance at 0x154d999e7230>,92,3,[8 1],140,158,161,18,140
1,<environment.Job instance at 0x154d9c7157d0>,8,3,[9 1],13,36,39,23,36
1,<environment.Job instance at 0x154d9c715320>,9,3,[7 2],15,39,42,24,36
1,<environment.Job instance at 0x154dc01baa50>,10,14,[8 2],16,42,56,26,36
1,<environment.Job instance at 0x154dc01baf00>,12,3,[8 1],18,56,59,38,54
1,<environment.Job instance at 0x154dc01f6e10>,30,3,[9 1],45,65,68,20,65
1,<environment.Job instance at 0x154dc01f6a00>,31,17,[10  2],46,68,85,22,65
1,<environment.Job instance at 0x154dc18c99b0>,52,3,[8 2],78,91,94,13,91
1,<environment.Job instance at 0x154dc18c9a00>,54,18,[7 1],81,94,112,13,91
1,<environment.Job instance at 0x154dc18c9690>,56,12,[5 1],87,112,124,25,95
1,<environment.Job instance at 0x154dec0f25f0>,62,2,[8 2],94,124,126,30,109
1,<environment.Job instance at 0x154dec0f2a50>,64,3,[2 9],96,111,114,15,111
1,<environment.Job instance at 0x154dec0f2dc0>,61,1,[8 1],93,128,129,35,128
1,<environment.Job instance at 0x154dc00545a0>,72,3,[9 1],109,129,132,20,128
1,<environment.Job instance at 0x154dc0054500>,73,3,[6 1],110,132,135,22,130
1,<environment.Job instance at 0x154dc00546e0>,75,2,[5 1],113,135,137,22,131
1,<environment.Job instance at 0x154dc0054e10>,78,1,[2 6],117,136,137,19,136
1,<environment.Job instance at 0x154d9bc07aa0>,79,3,[10  2],120,137,140,17,136
1,<environment.Job instance at 0x154dc215f0f0>,82,1,[7 2],124,142,143,18,142
1,<environment.Job instance at 0x154dc215faf0>,84,1,[10  1],127,143,144,16,143
1,<environment.Job instance at 0x154d9c76c460>,5,3,[10  2],6,6,9,0,6
1,<environment.Job instance at 0x154d9c76cb40>,8,2,[10  1],9,45,47,36,45
1,<environment.Job instance at 0x154d9c76cb90>,9,1,[9 1],10,51,52,41,51
1,<environment.Job instance at 0x154d9c76ca00>,10,1,[8 1],11,79,80,68,79
1,<environment.Job instance at 0x154d9c76c640>,12,3,[9 1],13,83,86,70,83
1,<environment.Job instance at 0x154d9ca47cd0>,13,12,[9 2],14,86,98,72,84
1,<environment.Job instance at 0x154d9ca47460>,14,3,[8 2],16,98,101,82,84
1,<environment.Job instance at 0x154d9ca47e10>,16,15,[9 2],19,101,116,82,94
1,<environment.Job instance at 0x154d9ca478c0>,17,15,[7 2],20,176,191,156,176
1,<environment.Job instance at 0x154d9ca47dc0>,19,12,[8 2],22,191,203,169,187
1,<environment.Job instance at 0x154da72809b0>,24,16,[6 1],28,226,242,198,226
1,<environment.Job instance at 0x154dc00afaf0>,26,3,[10  2],35,242,245,207,226
1,<environment.Job instance at 0x154d9c97d0f0>,27,1,[7 1],37,275,276,238,275
1,<environment.Job instance at 0x154d994eec30>,31,2,[10  2],42,276,278,234,275
1,<environment.Job instance at 0x154dc1874730>,39,3,[5 1],56,299,302,243,299
1,<environment.Job instance at 0x154d99a1b9b0>,43,14,[9 2],64,312,326,248,312
1,<environment.Job instance at 0x154d996580a0>,46,2,[10  2],67,326,328,259,324
1,<environment.Job instance at 0x154d99658730>,48,2,[10  1],70,328,330,258,326
1,<environment.Job instance at 0x154d9c6f0050>,51,16,[7 1],75,330,346,255,327
1,<environment.Job instance at 0x154d9c6f0eb0>,52,12,[10  1],76,346,358,270,329
1,<environment.Job instance at 0x154d9c8b04b0>,56,12,[9 2],80,358,370,278,341
1,<environment.Job instance at 0x154d9c8b0cd0>,59,3,[6 2],84,370,373,286,352
1,<environment.Job instance at 0x154d9c8b05a0>,61,3,[6 1],87,373,376,286,352
1,<environment.Job instance at 0x154dc25ed2d0>,63,1,[8 2],90,376,377,286,352
1,<environment.Job instance at 0x154dc25ed780>,69,3,[8 2],97,379,382,282,379
1,<environment.Job instance at 0x154d999d8f00>,73,14,[5 2],105,392,406,287,392
1,<environment.Job instance at 0x154d999d86e0>,74,12,[8 2],107,406,418,299,392
1,<environment.Job instance at 0x154d999d8500>,83,17,[8 1],122,418,435,296,408
1,<environment.Job instance at 0x154da72c91e0>,3,12,[1 9],4,418,430,414,409
1,<environment.Job instance at 0x154d996901e0>,15,3,[10  1],19,20,23,1,20
1,<environment.Job instance at 0x154d99729280>,37,17,[9 1],52,77,94,25,77
1,<environment.Job instance at 0x154d997290a0>,39,3,[10  1],54,94,97,40,77
1,<environment.Job instance at 0x154d996dd2d0>,49,3,[7 1],67,97,100,30,86
1,<environment.Job instance at 0x154d996ddb90>,53,2,[1 5],72,91,93,19,91
1,<environment.Job instance at 0x154d9c76da50>,54,16,[7 1],74,100,116,26,91
1,<environment.Job instance at 0x154d9d96b910>,55,3,[ 2 10],75,116,119,41,92
1,<environment.Job instance at 0x154d995d3f00>,62,3,[10  2],86,119,122,33,112
1,<environment.Job instance at 0x154d9d3f4c30>,68,3,[10  2],92,128,131,36,128
1,<environment.Job instance at 0x154d9d3f4eb0>,69,14,[7 2],95,131,145,36,128
1,<environment.Job instance at 0x154d9d3f4c80>,72,3,[8 2],100,145,148,45,128
1,<environment.Job instance at 0x154d99660eb0>,98,13,[10  2],134,166,179,32,166
1,<environment.Job instance at 0x154d99660780>,102,12,[9 1],142,179,191,37,174
1,<environment.Job instance at 0x154d99660f00>,108,2,[10  2],149,192,194,43,192
1,<environment.Job instance at 0x154d9d3bbbe0>,11,3,[7 2],17,17,20,0,17
1,<environment.Job instance at 0x154d9d3bba50>,13,1,[8 2],19,20,21,1,20
1,<environment.Job instance at 0x154d99be38c0>,16,2,[10  1],22,22,24,0,22
1,<environment.Job instance at 0x154d9d3bb370>,17,3,[2 5],23,24,27,1,23
1,<environment.Job instance at 0x154d996a8320>,18,3,[5 1],24,24,27,0,24
1,<environment.Job instance at 0x154d997d1be0>,20,15,[5 2],30,30,45,0,30
1,<environment.Job instance at 0x154d999713c0>,22,1,[9 2],33,45,46,12,33
1,<environment.Job instance at 0x154d99942730>,38,2,[8 2],58,78,80,20,78
1,<environment.Job instance at 0x154d9c8cf140>,39,3,[9 2],59,80,83,21,78
1,<environment.Job instance at 0x154d9c8cfe10>,41,13,[5 1],61,83,96,22,82
1,<environment.Job instance at 0x154d9c8cfc80>,42,12,[8 1],62,96,108,34,82
1,<environment.Job instance at 0x154d99fb4870>,43,3,[6 2],63,108,111,45,82
1,<environment.Job instance at 0x154d9d8df410>,62,13,[10  2],90,133,146,43,133
1,<environment.Job instance at 0x154d9d3e0dc0>,64,15,[10  2],93,146,161,53,135
1,<environment.Job instance at 0x154d9d3e0870>,66,3,[9 1],95,161,164,66,141
1,<environment.Job instance at 0x154d9d3e03c0>,72,2,[9 2],101,164,166,63,150
1,<environment.Job instance at 0x154dc020c1e0>,79,12,[6 2],111,166,178,55,158
1,<environment.Job instance at 0x154d9a4f3230>,93,3,[2 7],132,192,195,60,192
1,<environment.Job instance at 0x154d9a4f3460>,94,2,[8 1],133,194,196,61,194
1,<environment.Job instance at 0x154da71caf50>,8,17,[10  2],10,11,28,1,11
1,<environment.Job instance at 0x154d9c92bb40>,35,3,[8 2],47,85,88,38,85
1,<environment.Job instance at 0x154d9a775b90>,37,18,[8 1],49,96,114,47,96
1,<environment.Job instance at 0x154d9a46f4b0>,50,2,[9 2],65,157,159,92,157
1,<environment.Job instance at 0x154da7195320>,54,18,[10  1],69,159,177,90,158
1,<environment.Job instance at 0x154dc215fdc0>,58,17,[10  2],76,177,194,101,165
1,<environment.Job instance at 0x154d9973d6e0>,62,15,[7 1],80,194,209,114,180
1,<environment.Job instance at 0x154da712e050>,83,2,[6 1],107,216,218,109,216
1,<environment.Job instance at 0x154da712ecd0>,85,1,[9 2],111,218,219,107,216
1,<environment.Job instance at 0x154da712ebe0>,86,2,[8 2],112,219,221,107,216
1,<environment.Job instance at 0x154d99d45190>,110,1,[10  2],145,278,279,133,278
1,<environment.Job instance at 0x154d99d45c80>,111,18,[5 2],146,279,297,133,278
1,<environment.Job instance at 0x154d99d454b0>,112,17,[9 1],147,297,314,150,285
1,<environment.Job instance at 0x154d98ff06e0>,2,16,[9 1],4,4,20,0,4
1,<environment.Job instance at 0x154d99869f50>,11,13,[9 2],24,24,37,0,24
1,<environment.Job instance at 0x154d99869b90>,14,18,[9 2],28,37,55,9,29
1,<environment.Job instance at 0x154dc2198410>,26,3,[8 2],47,55,58,8,47
1,<environment.Job instance at 0x154da4273b90>,17,20,[9 1],35,58,78,23,50
1,<environment.Job instance at 0x154d9c8bd5f0>,40,3,[9 2],65,78,81,13,65
1,<environment.Job instance at 0x154d9c8cc9b0>,42,17,[5 2],68,81,98,13,80
1,<environment.Job instance at 0x154d9d3e0af0>,53,3,[8 1],83,98,101,15,83
1,<environment.Job instance at 0x154d9c8cc0a0>,47,15,[7 2],73,101,116,28,87
1,<environment.Job instance at 0x154dc21a3af0>,60,3,[9 2],97,116,119,19,98
1,<environment.Job instance at 0x154dc21a3280>,61,2,[7 1],98,119,121,21,98
1,<environment.Job instance at 0x154dc21a35a0>,62,14,[5 1],99,156,170,57,156
1,<environment.Job instance at 0x154dc21a36e0>,73,16,[5 2],113,156,172,43,156
1,<environment.Job instance at 0x154dc21a3820>,76,1,[6 1],116,177,178,61,177
1,<environment.Job instance at 0x154d9d967370>,78,3,[1 7],118,177,180,59,177
1,<environment.Job instance at 0x154d9d967f00>,79,1,[2 6],119,181,182,62,181
1,<environment.Job instance at 0x154d9d967c30>,82,1,[2 6],122,188,189,66,188
1,<environment.Job instance at 0x154d9d9675f0>,89,1,[1 5],130,189,190,59,188
1,<environment.Job instance at 0x154d9d967b90>,91,3,[8 2],132,188,191,56,188
1,<environment.Job instance at 0x154d9d9675a0>,93,13,[5 2],134,192,205,58,192
1,<environment.Job instance at 0x154d9d9679b0>,95,17,[6 1],136,224,241,88,224
1,<environment.Job instance at 0x154d9d967fa0>,96,3,[7 1],137,241,244,104,224
1,<environment.Job instance at 0x154d9d967aa0>,98,14,[10  2],139,244,258,105,229
1,<environment.Job instance at 0x154d997e9e10>,100,17,[9 1],141,258,275,117,249
1,<environment.Job instance at 0x154d9d967f50>,97,2,[5 1],138,275,277,137,257
1,<environment.Job instance at 0x154d997e9d20>,105,3,[9 1],147,277,280,130,257
1,<environment.Job instance at 0x154d9911bd20>,13,1,[8 2],22,22,23,0,22
1,<environment.Job instance at 0x154d9934f550>,15,1,[9 2],26,28,29,2,28
1,<environment.Job instance at 0x154d9d3dabe0>,19,3,[7 1],36,36,39,0,36
1,<environment.Job instance at 0x154d9c786780>,16,2,[1 8],28,36,38,8,36
1,<environment.Job instance at 0x154d9d8911e0>,26,2,[6 2],44,44,46,0,44
1,<environment.Job instance at 0x154d9d992eb0>,37,3,[8 1],58,58,61,0,58
1,<environment.Job instance at 0x154d9a74c9b0>,55,12,[8 1],83,98,110,15,98
1,<environment.Job instance at 0x154d9a74c820>,57,2,[8 1],87,110,112,23,99
1,<environment.Job instance at 0x154d9a4b6050>,59,17,[6 2],93,112,129,19,100
1,<environment.Job instance at 0x154d9a74c190>,60,13,[9 2],95,129,142,34,113
1,<environment.Job instance at 0x154d990e0410>,78,12,[6 1],121,150,162,29,150
1,<environment.Job instance at 0x154d990f6d20>,85,1,[7 2],133,175,176,42,175
1,<environment.Job instance at 0x154d990f67d0>,87,18,[7 2],135,176,194,41,175
1,<environment.Job instance at 0x154defb9ce10>,89,3,[1 9],137,194,197,57,175
1,<environment.Job instance at 0x154d990d5640>,92,14,[6 1],140,194,208,54,180
1,<environment.Job instance at 0x154d990d5460>,93,1,[10  2],141,214,215,73,214
1,<environment.Job instance at 0x154da7334690>,2,17,[7 2],4,4,21,0,4
1,<environment.Job instance at 0x154da7334be0>,4,3,[8 1],7,21,24,14,7
1,<environment.Job instance at 0x154d9950de10>,5,2,[6 1],8,24,26,16,9
1,<environment.Job instance at 0x154d9950daa0>,6,3,[6 2],10,26,29,16,11
1,<environment.Job instance at 0x154da7341960>,32,3,[5 2],51,52,55,1,52
1,<environment.Job instance at 0x154da73412d0>,34,3,[2 5],55,55,58,0,55
1,<environment.Job instance at 0x154da7341320>,35,14,[6 1],56,64,78,8,64
1,<environment.Job instance at 0x154d9d8f75a0>,52,13,[10  2],85,94,107,9,94
1,<environment.Job instance at 0x154d9942c7d0>,71,3,[ 1 10],109,112,115,3,112
1,<environment.Job instance at 0x154d9942cdc0>,76,16,[7 2],115,115,131,0,115
1,<environment.Job instance at 0x154d9c849b90>,77,3,[6 1],116,131,134,15,116
1,<environment.Job instance at 0x154d9c849410>,78,2,[10  2],117,134,136,17,117
1,<environment.Job instance at 0x154d9c849500>,79,2,[7 1],118,136,138,18,118
1,<environment.Job instance at 0x154d9c8492d0>,82,1,[8 2],126,138,139,12,136
1,<environment.Job instance at 0x154d9927fc80>,91,1,[9 1],139,145,146,6,145
1,<environment.Job instance at 0x154d9ca04eb0>,92,15,[5 2],140,146,161,6,145
1,<environment.Job instance at 0x154d9ca045a0>,95,16,[5 2],143,151,167,8,151
1,<environment.Job instance at 0x154d9ca049b0>,96,2,[2 7],144,162,164,18,162
1,<environment.Job instance at 0x154d9d45ee60>,98,1,[2 7],146,167,168,21,167
1,<environment.Job instance at 0x154d993df410>,4,2,[10  2],7,7,9,0,7
1,<environment.Job instance at 0x154d993df910>,3,2,[2 6],6,9,11,3,7
1,<environment.Job instance at 0x154dc217beb0>,13,17,[6 1],20,24,41,4,24
1,<environment.Job instance at 0x154dc217bc30>,12,1,[9 1],19,41,42,22,25
1,<environment.Job instance at 0x154dc217b460>,17,3,[8 2],26,42,45,16,26
1,<environment.Job instance at 0x154d9d9709b0>,43,17,[8 2],65,65,82,0,65
1,<environment.Job instance at 0x154d99ab49b0>,24,1,[8 1],36,82,83,46,65
1,<environment.Job instance at 0x154d9d930550>,54,15,[5 1],81,83,98,2,81
1,<environment.Job instance at 0x154da5ef40f0>,63,3,[10  1],90,98,101,8,90
1,<environment.Job instance at 0x154da5ef4280>,66,1,[10  2],95,101,102,6,96
1,<environment.Job instance at 0x154d9d903500>,68,17,[9 2],99,102,119,3,99
1,<environment.Job instance at 0x154d99643d70>,82,15,[7 1],123,123,138,0,123
1,<environment.Job instance at 0x154d9c832c30>,85,14,[2 7],127,127,141,0,127
1,<environment.Job instance at 0x154d9c832690>,86,3,[5 1],129,138,141,9,129
1,<environment.Job instance at 0x154d9d585d20>,1,1,[9 1],2,11,12,9,11
1,<environment.Job instance at 0x154d9d553370>,6,3,[9 1],10,12,15,2,11
1,<environment.Job instance at 0x154d9935af00>,7,16,[10  1],11,17,33,6,17
1,<environment.Job instance at 0x154d9c75b8c0>,21,2,[7 1],28,96,98,68,96
1,<environment.Job instance at 0x154d9d530370>,39,14,[10  1],60,131,145,71,131
1,<environment.Job instance at 0x154d99002910>,75,15,[6 2],126,176,191,50,176
1,<environment.Job instance at 0x154dc2294960>,82,3,[2 5],137,191,194,54,191
1,<environment.Job instance at 0x154dc2294e60>,83,2,[9 2],138,195,197,57,195
1,<environment.Job instance at 0x154d9ca28640>,11,2,[7 1],17,26,28,9,26
1,<environment.Job instance at 0x154d9c952d70>,45,15,[6 1],70,127,142,57,127
1,<environment.Job instance at 0x154d99106910>,48,3,[8 2],73,142,145,69,139
1,<environment.Job instance at 0x154d98f41b90>,63,3,[8 1],96,173,176,77,173
1,<environment.Job instance at 0x154d98f41fa0>,64,14,[9 2],97,176,190,79,173
1,<environment.Job instance at 0x154d98f41dc0>,71,3,[7 1],104,216,219,112,216
1,<environment.Job instance at 0x154d98f41c30>,72,3,[7 2],105,219,222,114,218
1,<environment.Job instance at 0x154d99bb1f00>,83,14,[9 2],122,266,280,144,266
1,<environment.Job instance at 0x154d99bb1b40>,84,14,[7 2],123,280,294,157,266
1,<environment.Job instance at 0x154d9afb5690>,93,18,[10  2],138,294,312,156,283
1,<environment.Job instance at 0x154d9c835190>,100,1,[8 2],147,312,313,165,290
1,<environment.Job instance at 0x154d9cb22050>,5,3,[8 2],8,8,11,0,8
1,<environment.Job instance at 0x154def8fa780>,10,15,[9 1],13,13,28,0,13
1,<environment.Job instance at 0x154d9cb22dc0>,11,15,[8 1],14,28,43,14,14
1,<environment.Job instance at 0x154d9958b780>,19,3,[7 1],23,43,46,20,25
1,<environment.Job instance at 0x154d9981c550>,31,16,[8 1],42,46,62,4,42
1,<environment.Job instance at 0x154d9981cfa0>,32,3,[8 2],44,62,65,18,44
1,<environment.Job instance at 0x154d9c892d70>,38,3,[7 1],55,65,68,10,55
1,<environment.Job instance at 0x154d9d47d4b0>,39,3,[2 6],56,56,59,0,56
1,<environment.Job instance at 0x154d9c906320>,41,2,[8 1],58,68,70,10,60
1,<environment.Job instance at 0x154da7256e60>,43,3,[8 1],61,70,73,9,61
1,<environment.Job instance at 0x154da72562d0>,44,2,[2 6],66,66,68,0,66
1,<environment.Job instance at 0x154d99552140>,45,3,[10  1],67,73,76,6,67
1,<environment.Job instance at 0x154d995b0d70>,47,2,[5 2],71,76,78,5,71
1,<environment.Job instance at 0x154d99a2dbe0>,51,2,[6 1],76,78,80,2,76
1,<environment.Job instance at 0x154d9a4b5dc0>,53,12,[7 1],80,80,92,0,80
1,<environment.Job instance at 0x154d9960baa0>,56,14,[5 1],83,92,106,9,85
1,<environment.Job instance at 0x154d9c6c1640>,57,16,[8 2],84,106,122,22,93
1,<environment.Job instance at 0x154d9982c2d0>,63,3,[9 2],91,122,125,31,105
1,<environment.Job instance at 0x154d9982cb40>,64,12,[5 1],92,125,137,33,108
1,<environment.Job instance at 0x154d99fadcd0>,68,2,[8 1],98,137,139,39,110
1,<environment.Job instance at 0x154d99fad5a0>,69,2,[9 1],100,139,141,39,112
1,<environment.Job instance at 0x154d991e07d0>,82,16,[5 2],120,161,177,41,161
1,<environment.Job instance at 0x154d9924b0f0>,87,15,[10  2],127,177,192,50,163
1,<environment.Job instance at 0x154d9924b5a0>,93,15,[8 2],133,192,207,59,178
1,<environment.Job instance at 0x154d99294e60>,13,3,[10  2],18,18,21,0,18
1,<environment.Job instance at 0x154d9933ed20>,14,3,[8 2],19,21,24,2,19
1,<environment.Job instance at 0x154d98fc56e0>,17,3,[7 1],23,24,27,1,23
1,<environment.Job instance at 0x154d9a45cb90>,20,3,[8 2],28,29,32,1,29
1,<environment.Job instance at 0x154d9a45c190>,21,2,[2 5],29,36,38,7,36
1,<environment.Job instance at 0x154d99d5e5a0>,26,2,[10  1],37,38,40,1,37
1,<environment.Job instance at 0x154d9d621fa0>,29,3,[7 1],41,41,44,0,41
1,<environment.Job instance at 0x154d997177d0>,44,3,[9 1],61,61,64,0,61
1,<environment.Job instance at 0x154d99717460>,45,14,[5 2],62,64,78,2,63
1,<environment.Job instance at 0x154d9c9d14b0>,47,2,[8 1],66,78,80,12,67
1,<environment.Job instance at 0x154d9c9d1410>,49,3,[9 2],70,80,83,10,70
1,<environment.Job instance at 0x154d999e32d0>,60,15,[8 1],83,89,104,6,89
1,<environment.Job instance at 0x154d9c8538c0>,66,16,[7 1],90,104,120,14,91
1,<environment.Job instance at 0x154d9c919b40>,69,3,[9 2],94,120,123,26,94
1,<environment.Job instance at 0x154dc21f1460>,57,3,[2 7],80,107,110,27,107
1,<environment.Job instance at 0x154d99a56190>,86,15,[6 1],125,511,526,386,511
1,<environment.Job instance at 0x154da727a370>,87,16,[7 2],127,526,542,399,513
1,<environment.Job instance at 0x154d9d4f3b90>,5,2,[7 1],8,9,11,1,9
1,<environment.Job instance at 0x154d9d4f3140>,7,2,[7 1],10,11,13,1,11
1,<environment.Job instance at 0x154d994e2320>,15,2,[9 1],23,23,25,0,23
1,<environment.Job instance at 0x154d994e2b90>,19,17,[6 1],27,95,112,68,95
1,<environment.Job instance at 0x154d994e2d20>,21,3,[9 2],29,112,115,83,95
1,<environment.Job instance at 0x154d994e21e0>,22,17,[6 2],35,115,132,80,103
1,<environment.Job instance at 0x154d994e2d70>,25,15,[5 1],41,132,147,91,118
1,<environment.Job instance at 0x154d993cf320>,29,3,[6 1],46,147,150,101,121
1,<environment.Job instance at 0x154d993cfbe0>,30,1,[8 1],47,150,151,103,122
1,<environment.Job instance at 0x154d993cfaa0>,35,17,[8 1],54,151,168,97,140
1,<environment.Job instance at 0x154d993cf190>,38,15,[9 1],61,168,183,107,154
1,<environment.Job instance at 0x154d993cf0a0>,42,3,[9 1],65,183,186,118,157
1,<environment.Job instance at 0x154d9c8a15f0>,46,2,[9 1],71,186,188,115,159
1,<environment.Job instance at 0x154d9c8a1f00>,53,18,[9 2],85,188,206,103,177
1,<environment.Job instance at 0x154d9c8a1e60>,56,3,[6 1],88,206,209,118,180
1,<environment.Job instance at 0x154d9c8a1f50>,60,12,[9 2],95,209,221,114,192
1,<environment.Job instance at 0x154d9c8a1b90>,61,3,[8 2],97,221,224,124,195
1,<environment.Job instance at 0x154d993cb0a0>,64,14,[5 1],101,224,238,123,212
1,<environment.Job instance at 0x154d993cb640>,67,3,[10  1],105,238,241,133,227
1,<environment.Job instance at 0x154d993cb3c0>,68,2,[8 1],106,241,243,135,230
1,<environment.Job instance at 0x154d993cb410>,69,1,[10  1],107,243,244,136,230
1,<environment.Job instance at 0x154d993cb460>,70,1,[9 1],108,244,245,136,230
1,<environment.Job instance at 0x154d993cbcd0>,71,18,[6 2],109,245,263,136,234
1,<environment.Job instance at 0x154d993cb5f0>,72,2,[8 1],112,263,265,151,236
1,<environment.Job instance at 0x154d993c3280>,79,2,[5 2],119,265,267,146,239
1,<environment.Job instance at 0x154d993c3af0>,80,2,[7 1],120,267,269,147,240
1,<environment.Job instance at 0x154d9908ce10>,93,14,[8 2],140,269,283,129,254
1,<environment.Job instance at 0x154d9908caa0>,99,3,[8 1],149,283,286,134,258
1,<environment.Job instance at 0x154d992f9d70>,3,3,[5 1],5,6,9,1,6
1,<environment.Job instance at 0x154da7245690>,5,12,[9 2],7,9,21,2,7
1,<environment.Job instance at 0x154d99250140>,38,12,[5 1],57,105,117,48,105
1,<environment.Job instance at 0x154d99c99dc0>,41,13,[6 1],61,117,130,56,105
1,<environment.Job instance at 0x154d9a4b6730>,43,2,[9 2],63,130,132,67,105
1,<environment.Job instance at 0x154da5ee5b90>,21,13,[8 2],37,132,145,95,116
1,<environment.Job instance at 0x154d9a3f20f0>,46,1,[2 8],69,116,117,47,116
1,<environment.Job instance at 0x154d9a3f2c80>,47,3,[2 5],70,117,120,47,116
1,<environment.Job instance at 0x154d9a3f20a0>,50,1,[7 2],75,145,146,70,117
1,<environment.Job instance at 0x154dc007ff50>,61,17,[6 2],90,148,165,58,148
1,<environment.Job instance at 0x154da71742d0>,77,3,[5 2],110,178,181,68,178
1,<environment.Job instance at 0x154da7174820>,81,17,[5 2],115,193,210,78,193
1,<environment.Job instance at 0x154da7174640>,82,2,[9 1],116,211,213,95,211
1,<environment.Job instance at 0x154d99b6a1e0>,100,2,[10  2],145,213,215,68,211
1,<environment.Job instance at 0x154d99b6a3c0>,101,18,[9 1],146,215,233,69,211
1,<environment.Job instance at 0x14eeaa5d0af0>,23,3,[7 2],30,33,36,3,33
1,<environment.Job instance at 0x14eeaa5d0730>,26,3,[9 1],36,48,51,12,48
1,<environment.Job instance at 0x14eeaacf5b40>,31,3,[8 1],42,62,65,20,62
1,<environment.Job instance at 0x14eeaa5d0410>,32,16,[9 1],43,65,81,22,62
1,<environment.Job instance at 0x14eeaacf5190>,34,3,[9 2],45,81,84,36,78
1,<environment.Job instance at 0x14eeaad429b0>,51,16,[10  1],69,97,113,28,97
1,<environment.Job instance at 0x14eeaad009b0>,54,2,[10  1],74,113,115,39,97
1,<environment.Job instance at 0x14eeaa5d9730>,75,17,[9 2],110,167,184,57,167
1,<environment.Job instance at 0x14eeaa5df280>,89,15,[6 2],132,184,199,52,183
1,<environment.Job instance at 0x14eeaa5dfc80>,95,3,[7 1],139,206,209,67,206
1,<environment.Job instance at 0x14eeaa5dfe60>,101,15,[9 2],153,210,225,57,210
1,<environment.Job instance at 0x14eeb7abe780>,5,3,[9 1],7,7,10,0,7
1,<environment.Job instance at 0x14eeb7afc6e0>,8,13,[9 1],12,12,25,0,12
1,<environment.Job instance at 0x14eeb7afc3c0>,9,3,[10  2],15,25,28,10,15
1,<environment.Job instance at 0x14eeb7afc190>,10,16,[6 1],17,28,44,11,18
1,<environment.Job instance at 0x14eebca94730>,20,2,[5 1],29,44,46,15,38
1,<environment.Job instance at 0x14eebca9b1e0>,28,2,[8 2],38,49,51,11,49
1,<environment.Job instance at 0x14eebca991e0>,37,3,[9 2],59,81,84,22,81
1,<environment.Job instance at 0x14eeb7a945a0>,38,1,[10  1],60,84,85,24,81
1,<environment.Job instance at 0x14eebca99230>,39,2,[5 2],61,85,87,24,81
1,<environment.Job instance at 0x14eeb7b4cdc0>,40,3,[6 1],63,87,90,24,81
1,<environment.Job instance at 0x14eeb7b4c1e0>,41,1,[8 2],64,90,91,26,81
1,<environment.Job instance at 0x14eeb7b4cbe0>,44,15,[7 2],69,132,147,63,132
1,<environment.Job instance at 0x14eeb7bba140>,53,2,[9 2],80,167,169,87,167
1,<environment.Job instance at 0x14eebca85d70>,56,2,[6 1],84,169,171,85,168
1,<environment.Job instance at 0x14eebca85a50>,58,3,[9 1],89,180,183,91,180
1,<environment.Job instance at 0x14eeb7b0dc80>,60,3,[10  1],91,183,186,92,183
1,<environment.Job instance at 0x14eeb7b0df00>,63,16,[7 1],98,198,214,100,198
1,<environment.Job instance at 0x14eeb7b0d5f0>,67,3,[10  2],103,214,217,111,198
1,<environment.Job instance at 0x14eeb7b02190>,77,2,[5 2],118,237,239,119,237
1,<environment.Job instance at 0x14eeb7b021e0>,80,3,[8 2],122,239,242,117,237
1,<environment.Job instance at 0x14eeb7b02690>,81,3,[5 2],123,242,245,119,237
1,<environment.Job instance at 0x14eeb7b02dc0>,82,2,[2 5],125,251,253,126,251
1,<environment.Job instance at 0x14eeb7b02820>,90,3,[9 2],133,253,256,120,251
1,<environment.Job instance at 0x14eeb7b2f0a0>,92,17,[10  1],135,257,274,122,257
1,<environment.Job instance at 0x14eeb7b2fa00>,93,17,[1 9],136,274,291,138,262
1,<environment.Job instance at 0x14eeb7b2f1e0>,94,2,[5 1],137,274,276,137,262
1,<environment.Job instance at 0x14eeb7b2faf0>,95,1,[6 1],139,276,277,137,262
1,<environment.Job instance at 0x14eeb7b2feb0>,96,1,[8 1],141,277,278,136,262
1,<environment.Job instance at 0x14eeb7b2f3c0>,97,13,[5 2],142,291,304,149,275
1,<environment.Job instance at 0x14eeb7b2ff00>,99,14,[10  1],146,304,318,158,289
1,<environment.Job instance at 0x14eeb7b2fc80>,105,2,[6 2],153,318,320,165,316
1,<environment.Job instance at 0x14eeb7b2f8c0>,107,1,[6 2],156,320,321,164,316
1,<environment.Job instance at 0x14eeb7afd960>,108,2,[1 6],158,318,320,160,317
1,<environment.Job instance at 0x14eeb7afdf50>,109,15,[6 1],159,322,337,163,322
1,<environment.Job instance at 0x14eeb7b02c30>,88,2,[1 8],131,795,797,664,795
1,<environment.Job instance at 0x14eea9fd10f0>,8,2,[6 2],11,25,27,14,25
1,<environment.Job instance at 0x14eea9eb41e0>,21,1,[8 2],26,29,30,3,29
1,<environment.Job instance at 0x14eea9e83460>,48,17,[10  1],68,91,108,23,91
1,<environment.Job instance at 0x14eea9e830f0>,49,3,[5 2],71,118,121,47,118
1,<environment.Job instance at 0x14eead3716e0>,58,3,[1 5],86,120,123,34,120
1,<environment.Job instance at 0x14eeaa02ac80>,60,3,[7 2],90,121,124,31,120
1,<environment.Job instance at 0x14eeaa810820>,62,1,[5 2],92,124,125,32,120
1,<environment.Job instance at 0x14eea9e52d20>,63,3,[10  2],94,125,128,31,120
1,<environment.Job instance at 0x14eead3d29b0>,64,3,[8 1],95,128,131,33,120
1,<environment.Job instance at 0x14eeaa030280>,65,3,[5 1],97,131,134,34,120
1,<environment.Job instance at 0x14eead3d2780>,66,13,[5 1],99,131,144,32,126
1,<environment.Job instance at 0x14eeaa030410>,74,2,[8 2],109,147,149,38,147
1,<environment.Job instance at 0x14eeaa030a50>,81,3,[10  2],117,155,158,38,155
1,<environment.Job instance at 0x14eeaa02cb40>,84,17,[10  2],124,158,175,34,157
1,<environment.Job instance at 0x14eeaa02c500>,85,3,[7 1],125,175,178,50,157
1,<environment.Job instance at 0x14eeaa02c730>,87,15,[7 1],127,178,193,51,168
1,<environment.Job instance at 0x14eea9ea7870>,102,3,[6 2],145,193,196,48,185
1,<environment.Job instance at 0x14eea9ed66e0>,109,14,[10  2],156,199,213,43,199
1,<environment.Job instance at 0x14eea9ed6780>,111,14,[10  2],158,213,227,55,199
1,<environment.Job instance at 0x14eeb79cc4b0>,13,12,[8 2],20,20,32,0,20
1,<environment.Job instance at 0x14eebcb87910>,21,16,[10  2],31,32,48,1,31
1,<environment.Job instance at 0x14eeadea6410>,32,14,[10  1],51,51,65,0,51
1,<environment.Job instance at 0x14eeaac582d0>,60,14,[9 2],94,94,108,0,94
1,<environment.Job instance at 0x14eebcb12280>,61,17,[9 1],97,108,125,11,98
1,<environment.Job instance at 0x14eeaa0f4500>,81,2,[1 9],129,129,131,0,129
1,<environment.Job instance at 0x14eeaa0f4fa0>,84,3,[9 1],133,133,136,0,133
1,<environment.Job instance at 0x14eeadc71e60>,85,3,[7 2],135,136,139,1,135
1,<environment.Job instance at 0x14eeab8634b0>,86,14,[8 2],136,139,153,3,136
1,<environment.Job instance at 0x14eeadc71dc0>,87,3,[9 2],137,153,156,16,137
1,<environment.Job instance at 0x14eead0e72d0>,88,3,[8 1],138,156,159,18,138
1,<environment.Job instance at 0x14eeaac78b40>,91,16,[10  2],142,159,175,17,146
1,<environment.Job instance at 0x14eeaac782d0>,93,2,[2 7],145,146,148,1,146
1,<environment.Job instance at 0x14eeaac78140>,94,2,[10  1],147,175,177,28,148
1,<environment.Job instance at 0x14eeaaccaf00>,100,2,[7 1],157,177,179,20,159
1,<environment.Job instance at 0x14eea9ed6e10>,6,18,[10  2],10,2854,2872,2844,2854
1,<environment.Job instance at 0x14eebcbfdfa0>,4,17,[10  2],6,6,23,0,6
1,<environment.Job instance at 0x14eebcc2b4b0>,28,13,[8 2],42,42,55,0,42
1,<environment.Job instance at 0x14eead046460>,34,1,[8 1],53,55,56,2,55
1,<environment.Job instance at 0x14eead046190>,35,2,[8 2],54,56,58,2,56
1,<environment.Job instance at 0x14eeae13a190>,40,2,[10  2],63,64,66,1,64
1,<environment.Job instance at 0x14eeae161460>,42,3,[8 1],66,66,69,0,66
1,<environment.Job instance at 0x14eeae161cd0>,43,17,[2 8],67,73,90,6,73
1,<environment.Job instance at 0x14eeae16cbe0>,54,1,[2 9],83,90,91,7,83
1,<environment.Job instance at 0x14eeae165190>,55,1,[7 2],84,84,85,0,84
1,<environment.Job instance at 0x14eeae165e60>,59,15,[5 1],89,103,118,14,103
1,<environment.Job instance at 0x14eeaacd69b0>,75,1,[9 2],109,118,119,9,109
1,<environment.Job instance at 0x14eebcc4d960>,76,3,[2 8],110,110,113,0,110
1,<environment.Job instance at 0x14eeae0c87d0>,77,13,[1 6],111,113,126,2,111
1,<environment.Job instance at 0x14eefc19b910>,82,3,[10  2],116,126,129,10,118
1,<environment.Job instance at 0x14eeacf22c80>,89,3,[9 1],123,141,144,18,141
1,<environment.Job instance at 0x14eeb409d5a0>,90,12,[9 2],124,144,156,20,141
1,<environment.Job instance at 0x14eebcb1a870>,80,12,[1 9],114,156,168,42,141
1,<environment.Job instance at 0x14eeacf8caa0>,93,15,[9 2],129,168,183,39,154
1,<environment.Job instance at 0x14eeaa3eea00>,101,16,[6 1],138,183,199,45,171
1,<environment.Job instance at 0x14eeae137d20>,9,1,[6 2],14,214,215,200,214
1,<environment.Job instance at 0x14eeb7abdf50>,8,18,[9 1],15,16,34,1,16
1,<environment.Job instance at 0x14eeb7abdaf0>,17,12,[5 1],27,34,46,7,28
1,<environment.Job instance at 0x14eeb7aa5730>,20,12,[9 2],30,46,58,16,30
1,<environment.Job instance at 0x14eeaacfc230>,23,3,[6 2],34,58,61,24,34
1,<environment.Job instance at 0x14eebef3a0a0>,35,13,[ 2 10],49,61,74,12,61
1,<environment.Job instance at 0x14eeb40475a0>,37,14,[5 2],55,74,88,19,63
1,<environment.Job instance at 0x14eeb4047e60>,38,12,[8 2],57,88,100,31,71
1,<environment.Job instance at 0x14eebcbe4aa0>,74,2,[8 2],112,117,119,5,117
1,<environment.Job instance at 0x14eeb40c65f0>,75,1,[8 2],113,119,120,6,117
1,<environment.Job instance at 0x14eead2b2640>,78,18,[8 1],116,128,146,12,128
1,<environment.Job instance at 0x14eeaac55280>,79,18,[8 2],117,146,164,29,135
1,<environment.Job instance at 0x14eeadcb2f50>,87,12,[5 1],126,164,176,38,163
1,<environment.Job instance at 0x14eeb7b57780>,100,3,[6 2],148,181,184,33,181
1,<environment.Job instance at 0x14eebcaf40f0>,103,17,[9 1],152,194,211,42,194
1,<environment.Job instance at 0x14eeade5c640>,105,3,[10  1],154,211,214,57,194
1,<environment.Job instance at 0x14eeaa0891e0>,51,13,[10  2],76,214,227,138,201
1,<environment.Job instance at 0x14eeaacfcc30>,2,3,[8 1],3,3,6,0,3
1,<environment.Job instance at 0x14eeaacfc500>,5,3,[7 1],7,7,10,0,7
1,<environment.Job instance at 0x14eeade5ca50>,10,16,[7 1],14,14,30,0,14
1,<environment.Job instance at 0x14eeae185870>,14,1,[2 9],21,26,27,5,26
1,<environment.Job instance at 0x14eeb404faf0>,47,3,[10  1],60,82,85,22,82
1,<environment.Job instance at 0x14eeadd00780>,54,13,[10  2],74,87,100,13,87
1,<environment.Job instance at 0x14eeab852640>,62,15,[8 1],87,100,115,13,97
1,<environment.Job instance at 0x14eeb401deb0>,87,3,[7 1],122,143,146,21,143
1,<environment.Job instance at 0x14eeae1a5b90>,92,1,[7 2],129,146,147,17,143
1,<environment.Job instance at 0x14eebcb1aa00>,105,3,[9 2],149,187,190,38,187
1,<environment.Job instance at 0x14eead281a50>,1,1,[8 1],3,3,4,0,3
1,<environment.Job instance at 0x14eeaa4b2eb0>,5,13,[7 2],8,8,21,0,8
1,<environment.Job instance at 0x14eeb7a45780>,13,13,[10  2],20,22,35,2,22
1,<environment.Job instance at 0x14eead235cd0>,17,3,[9 1],25,35,38,10,25
1,<environment.Job instance at 0x14eeadeaea50>,80,3,[9 2],114,193,196,79,193
1,<environment.Job instance at 0x14eeaad60c80>,81,3,[8 2],116,196,199,80,193
1,<environment.Job instance at 0x14eeadcaf190>,109,18,[10  1],149,288,306,139,288
1,<environment.Job instance at 0x14eeadea94b0>,113,17,[10  2],156,306,323,150,294
1,<environment.Job instance at 0x14eeaa3c1e10>,4,16,[9 1],6,6,22,0,6
1,<environment.Job instance at 0x14eeb7ac5b90>,32,2,[10  1],43,67,69,24,67
1,<environment.Job instance at 0x14eeaafdaeb0>,54,16,[9 1],74,99,115,25,99
1,<environment.Job instance at 0x14eeaafda780>,56,12,[8 1],79,115,127,36,100
1,<environment.Job instance at 0x14eeaafda5f0>,59,3,[9 2],83,127,130,44,101
1,<environment.Job instance at 0x14eeaafda280>,65,14,[7 1],96,130,144,34,115
1,<environment.Job instance at 0x14eeaddd05f0>,85,16,[9 2],126,144,160,18,138
1,<environment.Job instance at 0x14eeb7a80e60>,104,2,[9 1],152,173,175,21,173
1,<environment.Job instance at 0x14eeb7a80640>,105,3,[8 1],153,175,178,22,173
1,<environment.Job instance at 0x14eea980e410>,2,2,[7 1],8,8,10,0,8
1,<environment.Job instance at 0x14eea980e320>,3,14,[5 1],9,74,88,65,74
1,<environment.Job instance at 0x14eebcc385a0>,14,16,[5 2],23,76,92,53,76
1,<environment.Job instance at 0x14eebcc38370>,17,1,[6 1],26,92,93,66,90
1,<environment.Job instance at 0x14eead21edc0>,36,17,[6 1],46,100,117,54,100
1,<environment.Job instance at 0x14eeaa5e5280>,29,14,[6 1],39,117,131,78,102
1,<environment.Job instance at 0x14eebcbc9c80>,41,17,[9 1],51,131,148,80,126
1,<environment.Job instance at 0x14eea9dd4370>,45,3,[10  2],56,149,152,93,149
1,<environment.Job instance at 0x14eea9dd4d70>,46,3,[9 1],57,152,155,95,149
1,<environment.Job instance at 0x14eeaa32a140>,47,1,[2 9],58,155,156,97,149
1,<environment.Job instance at 0x14eead11c7d0>,52,3,[5 1],65,155,158,90,149
1,<environment.Job instance at 0x14eead24d050>,57,3,[2 5],72,156,159,84,149
1,<environment.Job instance at 0x14eead24d410>,59,3,[8 1],74,158,161,84,149
1,<environment.Job instance at 0x14eeaacdbc30>,61,3,[10  1],81,161,164,80,152
1,<environment.Job instance at 0x14eeb4ae4b40>,62,1,[8 2],82,164,165,82,161
1,<environment.Job instance at 0x14eea9947d70>,64,1,[9 2],86,165,166,79,163
1,<environment.Job instance at 0x14eebee59fa0>,67,17,[9 1],95,166,183,71,163
1,<environment.Job instance at 0x14eebe5052d0>,68,3,[7 1],96,183,186,87,163
1,<environment.Job instance at 0x14eeaa3555a0>,72,3,[10  2],101,186,189,85,163
1,<environment.Job instance at 0x14eea9d4e780>,75,2,[6 2],104,189,191,85,179
1,<environment.Job instance at 0x14eeaa35a960>,80,12,[1 6],109,189,201,80,186
1,<environment.Job instance at 0x14eeacf42550>,83,25,[5 2],114,202,227,88,202
1,<environment.Job instance at 0x14eeb404d460>,97,3,[6 1],133,240,243,107,240
1,<environment.Job instance at 0x14eeb404d320>,103,16,[7 2],142,256,272,114,256
1,<environment.Job instance at 0x14eeb404d0f0>,105,1,[6 1],146,272,273,126,269
1,<environment.Job instance at 0x14eeb7b12b90>,108,17,[6 2],153,273,290,120,269
1,<environment.Job instance at 0x14eeb7b123c0>,109,13,[9 2],155,290,303,135,274
1,<environment.Job instance at 0x14eeaad92f00>,112,1,[1 5],158,288,289,130,288
1,<environment.Job instance at 0x14eead253870>,9,2,[10  2],16,26,28,10,26
1,<environment.Job instance at 0x14eebee1a5f0>,15,2,[2 8],24,71,73,47,71
1,<environment.Job instance at 0x14eebeb8b5a0>,27,14,[6 1],40,71,85,31,71
1,<environment.Job instance at 0x14eea9f3e730>,33,17,[9 2],51,85,102,34,79
1,<environment.Job instance at 0x14eeb4af8690>,37,3,[8 1],57,102,105,45,84
1,<environment.Job instance at 0x14eeb7aeeb40>,39,3,[6 2],60,105,108,45,84
1,<environment.Job instance at 0x14eeaa02f1e0>,40,12,[9 2],61,108,120,47,91
1,<environment.Job instance at 0x14eead408960>,43,15,[9 2],66,120,135,54,106
1,<environment.Job instance at 0x14eeaa5bd820>,51,2,[9 2],79,135,137,56,113
1,<environment.Job instance at 0x14eeb79de5f0>,60,2,[8 1],93,137,139,44,132
1,<environment.Job instance at 0x14eeac4a14b0>,65,3,[5 2],101,139,142,38,133
1,<environment.Job instance at 0x14eeac4a1500>,68,14,[6 1],106,142,156,36,135
1,<environment.Job instance at 0x14eeac4a13c0>,70,3,[9 2],108,156,159,48,135
1,<environment.Job instance at 0x14eeae17cbe0>,73,13,[8 1],114,159,172,45,143
1,<environment.Job instance at 0x14eeae17c6e0>,77,3,[7 2],122,172,175,50,160
1,<environment.Job instance at 0x14eeade2d460>,85,13,[10  2],135,175,188,40,175
1,<environment.Job instance at 0x14eeb40219b0>,96,2,[8 2],150,206,208,56,206
1,<environment.Job instance at 0x14eeb4021050>,97,2,[5 2],151,208,210,57,206
1,<environment.Job instance at 0x14eeb4021d70>,98,2,[6 1],152,216,218,64,216
1,<environment.Job instance at 0x14eeb4021aa0>,100,1,[7 1],154,220,221,66,220
1,<environment.Job instance at 0x14eeb40215a0>,103,13,[5 2],157,221,234,64,220
1,<environment.Job instance at 0x14eeaa300730>,4,16,[7 2],5,5,21,0,5
1,<environment.Job instance at 0x14eebede5820>,14,1,[8 1],21,23,24,2,23
1,<environment.Job instance at 0x14eeaa0349b0>,28,13,[10  1],40,40,53,0,40
1,<environment.Job instance at 0x14eeade677d0>,20,15,[5 2],30,53,68,23,40
1,<environment.Job instance at 0x14eeaa034910>,30,2,[2 9],43,68,70,25,44
1,<environment.Job instance at 0x14eead3a3050>,39,1,[8 2],55,70,71,15,56
1,<environment.Job instance at 0x14eeaa50a820>,42,17,[6 1],60,71,88,11,61
1,<environment.Job instance at 0x14eeaa483410>,46,3,[8 2],66,88,91,22,66
1,<environment.Job instance at 0x14eea9a277d0>,60,13,[8 1],89,91,104,2,89
1,<environment.Job instance at 0x14eea9f3f9b0>,66,17,[6 1],98,104,121,6,101
1,<environment.Job instance at 0x14eead156960>,48,15,[1 6],69,101,116,32,101
1,<environment.Job instance at 0x14eea9e90730>,70,1,[2 9],103,116,117,13,103
1,<environment.Job instance at 0x14eea9b69050>,72,17,[8 2],105,121,138,16,111
1,<environment.Job instance at 0x14eeaa155d20>,83,15,[5 1],121,138,153,17,124
1,<environment.Job instance at 0x14eeaa1277d0>,88,15,[8 2],126,153,168,27,141
1,<environment.Job instance at 0x14eea9be9690>,84,3,[2 7],122,510,513,388,510
1,<environment.Job instance at 0x14eeaacaec80>,2,15,[7 1],3,3,18,0,3
1,<environment.Job instance at 0x14eeaacae550>,4,14,[9 1],6,18,32,12,6
1,<environment.Job instance at 0x14eeaacae0f0>,7,1,[ 1 10],10,32,33,22,18
1,<environment.Job instance at 0x14eea9b76230>,22,3,[9 2],36,36,39,0,36
1,<environment.Job instance at 0x14eea9b767d0>,23,14,[8 1],37,39,53,2,38
1,<environment.Job instance at 0x14eea9ca06e0>,20,1,[9 1],32,53,54,21,38
1,<environment.Job instance at 0x14eea9b76140>,26,16,[10  1],41,54,70,13,41
1,<environment.Job instance at 0x14eeadd3bbe0>,34,2,[ 2 10],50,70,72,20,51
1,<environment.Job instance at 0x14eea9cb40f0>,50,12,[7 2],77,84,96,7,84
1,<environment.Job instance at 0x14eea9cb4820>,55,3,[7 1],83,96,99,13,93
1,<environment.Job instance at 0x14eead1f0af0>,61,1,[8 1],99,100,101,1,100
1,<environment.Job instance at 0x14eead1f00a0>,63,3,[9 2],101,101,104,0,101
1,<environment.Job instance at 0x14eeb407b780>,66,13,[7 2],108,110,123,2,110
1,<environment.Job instance at 0x14eeb407b3c0>,71,1,[6 1],123,128,129,5,128
1,<environment.Job instance at 0x14eea9b425a0>,75,2,[1 6],129,129,131,0,129
1,<environment.Job instance at 0x14eea9ceec30>,90,3,[9 1],150,154,157,4,154
1,<environment.Job instance at 0x14eeae0c4e60>,93,3,[5 2],155,172,175,17,172
1,<environment.Job instance at 0x14eeaa8417d0>,4,3,[2 5],7,8,11,1,8
1,<environment.Job instance at 0x14eeaa841b90>,7,3,[2 5],10,12,15,2,12
1,<environment.Job instance at 0x14eea9836e60>,10,3,[6 1],13,13,16,0,13
1,<environment.Job instance at 0x14eea9a76eb0>,16,1,[8 1],27,32,33,5,32
1,<environment.Job instance at 0x14eeaa3c3640>,33,12,[9 1],46,63,75,17,63
1,<environment.Job instance at 0x14eeaa3b54b0>,36,2,[7 2],50,75,77,25,63
1,<environment.Job instance at 0x14eeae161500>,40,2,[8 2],55,88,90,33,88
1,<environment.Job instance at 0x14eebeb8ed70>,65,13,[10  2],97,179,192,82,179
1,<environment.Job instance at 0x14eeaa5c74b0>,70,15,[10  1],103,204,219,101,204
1,<environment.Job instance at 0x14eeaa279b90>,78,14,[9 2],117,232,246,115,232
1,<environment.Job instance at 0x14eeb6794a00>,89,16,[5 2],132,312,328,180,312
1,<environment.Job instance at 0x14eeb67949b0>,97,14,[9 2],142,328,342,186,315
1,<environment.Job instance at 0x14eeb6794870>,98,14,[7 2],143,342,356,199,328
1,<environment.Job instance at 0x14eeb67947d0>,99,3,[6 2],146,356,359,210,330
1,<environment.Job instance at 0x14eeb67946e0>,103,3,[9 1],154,359,362,205,333
1,<environment.Job instance at 0x14eea98bd910>,107,18,[10  2],158,362,380,204,351
1,<environment.Job instance at 0x14eebcae40f0>,6,3,[7 1],9,9,12,0,9
1,<environment.Job instance at 0x14eeadc8b190>,14,3,[6 2],19,20,23,1,20
1,<environment.Job instance at 0x14eead1b12d0>,19,15,[8 1],24,24,39,0,24
1,<environment.Job instance at 0x14eeae15f0a0>,27,3,[7 1],33,39,42,6,33
1,<environment.Job instance at 0x14eeaa4144b0>,29,3,[5 2],37,45,48,8,45
1,<environment.Job instance at 0x14eeb7aa0190>,40,3,[8 2],54,55,58,1,55
1,<environment.Job instance at 0x14eeb7aa0460>,41,16,[2 8],55,59,75,4,59
1,<environment.Job instance at 0x14eeb7aa0370>,42,2,[6 2],56,59,61,3,59
1,<environment.Job instance at 0x14eead0fce60>,46,3,[7 1],65,65,68,0,65
1,<environment.Job instance at 0x14eead0fcdc0>,49,2,[8 1],68,68,70,0,68
1,<environment.Job instance at 0x14eea9aa6dc0>,50,13,[10  1],70,75,88,5,70
1,<environment.Job instance at 0x14eeb7aa2960>,51,3,[8 1],71,71,74,0,71
1,<environment.Job instance at 0x14eead104690>,63,16,[1 7],92,92,108,0,92
1,<environment.Job instance at 0x14eead104f00>,64,14,[5 1],93,93,107,0,93
1,<environment.Job instance at 0x14eead1047d0>,65,16,[8 2],94,107,123,13,94
1,<environment.Job instance at 0x14eeacffb9b0>,71,3,[9 2],101,123,126,22,113
1,<environment.Job instance at 0x14eeacffb730>,72,12,[5 1],102,126,138,24,116
1,<environment.Job instance at 0x14eead13d8c0>,92,3,[8 1],133,163,166,30,163
1,<environment.Job instance at 0x14eead13dc80>,93,15,[2 5],135,163,178,28,163
1,<environment.Job instance at 0x14eead13d3c0>,94,1,[9 1],136,178,179,42,163
1,<environment.Job instance at 0x14eead13dcd0>,95,15,[10  2],137,179,194,42,165
1,<environment.Job instance at 0x14eebcc41320>,97,12,[6 1],139,166,178,27,165
1,<environment.Job instance at 0x14eebcc41cd0>,99,2,[9 1],141,194,196,53,167
1,<environment.Job instance at 0x14eeae11a1e0>,4,3,[10  2],8,8,11,0,8
1,<environment.Job instance at 0x14eeae11a0a0>,5,3,[8 2],9,11,14,2,11
1,<environment.Job instance at 0x14eead385460>,6,2,[ 2 10],11,14,16,3,11
1,<environment.Job instance at 0x14eeaa0741e0>,8,3,[7 1],13,16,19,3,15
1,<environment.Job instance at 0x14eea9be96e0>,11,3,[8 2],18,19,22,1,18
1,<environment.Job instance at 0x14eeaafda500>,14,3,[2 5],22,22,25,0,22
1,<environment.Job instance at 0x14eeaa426f00>,15,3,[5 2],24,24,27,0,24
1,<environment.Job instance at 0x14eeacfec500>,16,16,[6 1],26,27,43,1,27
1,<environment.Job instance at 0x14eea9e21690>,41,16,[5 2],62,68,84,6,68
1,<environment.Job instance at 0x14eeaa29cc30>,57,16,[7 1],80,84,100,4,80
1,<environment.Job instance at 0x14eebee18640>,78,16,[7 2],117,129,145,12,129
1,<environment.Job instance at 0x14eea9dba5a0>,82,16,[7 2],121,145,161,24,132
1,<environment.Job instance at 0x14eebee18b90>,77,15,[6 1],115,161,176,46,147
1,<environment.Job instance at 0x14eea9e86190>,105,14,[10  1],159,182,196,23,182
1,<environment.Job instance at 0x14eeb7baa640>,0,1,[10  1],2,3,4,1,3
1,<environment.Job instance at 0x14eea9cee460>,4,1,[5 1],6,6,7,0,6
1,<environment.Job instance at 0x14eebf269aa0>,5,17,[6 1],7,8,25,1,8
1,<environment.Job instance at 0x14eebf269d20>,7,3,[9 2],9,25,28,16,9
1,<environment.Job instance at 0x14eebf269af0>,8,17,[6 2],15,28,45,13,17
1,<environment.Job instance at 0x14eebcbf62d0>,12,18,[1 7],22,25,43,3,25
1,<environment.Job instance at 0x14eeadc841e0>,19,1,[1 8],31,43,44,12,31
1,<environment.Job instance at 0x14eeaa5a3500>,24,15,[9 1],41,45,60,4,43
1,<environment.Job instance at 0x14eea9d91910>,39,18,[9 2],65,65,83,0,65
1,<environment.Job instance at 0x14eea9d75410>,33,12,[8 1],53,83,95,30,66
1,<environment.Job instance at 0x14eea9d91410>,42,3,[6 1],68,95,98,27,69
1,<environment.Job instance at 0x14eebeb7d7d0>,50,14,[5 1],81,105,119,24,105
1,<environment.Job instance at 0x14eebeb7d8c0>,52,15,[6 1],84,119,134,35,114
1,<environment.Job instance at 0x14eebeb7da50>,57,18,[6 2],89,134,152,45,124
1,<environment.Job instance at 0x14eebeb7da00>,59,1,[9 1],93,152,153,59,125
1,<environment.Job instance at 0x14eeaa23ecd0>,69,1,[6 1],103,153,154,50,126
1,<environment.Job instance at 0x14eeaa23e6e0>,72,1,[8 2],107,154,155,47,126
1,<environment.Job instance at 0x14eeaa23e8c0>,73,3,[5 2],108,155,158,47,129
1,<environment.Job instance at 0x14eeb7a5ec80>,79,14,[8 2],120,158,172,38,143
1,<environment.Job instance at 0x14eea9dd4190>,87,13,[9 2],131,172,185,41,156
1,<environment.Job instance at 0x14eebee18aa0>,100,1,[8 2],147,185,186,38,161
1,<environment.Job instance at 0x14eebef3a0a0>,101,1,[9 1],151,186,187,35,161
1,<environment.Job instance at 0x14eeaa47d500>,4,1,[2 6],8,9,10,1,9
1,<environment.Job instance at 0x14eead154d70>,20,12,[5 1],27,28,40,1,28
1,<environment.Job instance at 0x14eea9bab5a0>,21,17,[6 1],29,40,57,11,29
1,<environment.Job instance at 0x14eea9d49b90>,23,13,[6 1],31,57,70,26,41
1,<environment.Job instance at 0x14eead19d690>,32,1,[7 2],45,70,71,25,67
1,<environment.Job instance at 0x14eea9b582d0>,35,3,[6 1],51,71,74,20,67
1,<environment.Job instance at 0x14eebcbb9c30>,41,18,[6 2],58,74,92,16,72
1,<environment.Job instance at 0x14eebcbb9b90>,43,17,[6 2],60,92,109,32,80
1,<environment.Job instance at 0x14eeacf161e0>,44,2,[5 2],61,109,111,48,82
1,<environment.Job instance at 0x14eebcc53a50>,50,3,[9 1],70,111,114,41,94
1,<environment.Job instance at 0x14eebcc53eb0>,54,13,[6 2],75,115,128,40,115
1,<environment.Job instance at 0x14eead076e60>,74,3,[9 1],103,133,136,30,133
1,<environment.Job instance at 0x14eead076c30>,77,3,[10  2],108,136,139,28,135
1,<environment.Job instance at 0x14eeadda1910>,81,13,[8 1],113,151,164,38,151
1,<environment.Job instance at 0x14eeaa2c3e10>,98,3,[5 2],137,193,196,56,193
1,<environment.Job instance at 0x14eead1161e0>,99,3,[8 1],138,197,200,59,197
1,<environment.Job instance at 0x14eead1160a0>,102,13,[5 2],141,222,235,81,222
1,<environment.Job instance at 0x14eead1166e0>,104,18,[1 5],143,231,249,88,231
1,<environment.Job instance at 0x14eeadda1af0>,86,1,[6 2],122,235,236,113,232
1,<environment.Job instance at 0x14eead116e10>,108,1,[10  2],150,249,250,99,233
1,<environment.Job instance at 0x14eead116be0>,109,3,[2 8],151,250,253,99,233
1,<environment.Job instance at 0x14eeaddc1f00>,12,12,[2 5],17,17,29,0,17
1,<environment.Job instance at 0x14eea99371e0>,17,3,[8 2],22,24,27,2,24
1,<environment.Job instance at 0x14eea99375a0>,19,3,[6 2],25,27,30,2,26
1,<environment.Job instance at 0x14eeaddd1730>,27,3,[ 1 10],38,40,43,2,40
1,<environment.Job instance at 0x14eeaddd1dc0>,30,1,[8 2],42,47,48,5,47
1,<environment.Job instance at 0x14eea9944640>,37,15,[5 1],52,52,67,0,52
1,<environment.Job instance at 0x14eea99145f0>,65,12,[5 2],85,152,164,67,152
1,<environment.Job instance at 0x14eea9914e10>,68,18,[10  1],91,164,182,73,153
1,<environment.Job instance at 0x14eea9df6870>,73,1,[9 1],96,183,184,87,183
1,<environment.Job instance at 0x14eead321cd0>,95,3,[5 2],133,184,187,51,183
1,<environment.Job instance at 0x14eea9dd7eb0>,100,3,[9 2],140,196,199,56,196
1,<environment.Job instance at 0x14eea99445a0>,41,2,[6 1],58,1247,1249,1189,1247
1,<environment.Job instance at 0x153a165e8780>,7,3,[5 1],10,10,13,0,10
1,<environment.Job instance at 0x153a168cc8c0>,10,3,[7 2],14,14,17,0,14
1,<environment.Job instance at 0x153a165cd1e0>,23,3,[7 2],30,32,35,2,32
1,<environment.Job instance at 0x153a15ebeb90>,32,16,[9 1],43,67,83,24,67
1,<environment.Job instance at 0x153a165cc500>,47,14,[5 1],60,83,97,23,74
1,<environment.Job instance at 0x153a165e14b0>,51,16,[10  1],69,97,113,28,87
1,<environment.Job instance at 0x153a15ec8c80>,75,17,[9 2],110,158,175,48,158
1,<environment.Job instance at 0x153a15ecd820>,87,3,[8 1],128,188,191,60,188
1,<environment.Job instance at 0x153a15ecd5a0>,89,15,[6 2],132,191,206,59,188
1,<environment.Job instance at 0x153a15ed1050>,101,15,[9 2],153,211,226,58,211
1,<environment.Job instance at 0x153a15ee9cd0>,1,3,[10  2],5,5,8,0,5
1,<environment.Job instance at 0x153a15ed1fa0>,2,16,[6 1],7,8,24,1,7
1,<environment.Job instance at 0x153a15ee9be0>,3,12,[10  2],9,24,36,15,9
1,<environment.Job instance at 0x153a233db960>,9,1,[1 8],15,15,16,0,15
1,<environment.Job instance at 0x153a234a2870>,17,3,[1 8],24,36,39,12,28
1,<environment.Job instance at 0x153a23f5b640>,21,2,[ 2 10],30,39,41,9,33
1,<environment.Job instance at 0x153a233a3f50>,25,12,[2 6],34,41,53,7,35
1,<environment.Job instance at 0x153a23442870>,31,2,[5 2],51,51,53,0,51
1,<environment.Job instance at 0x153a23701e10>,52,3,[10  1],81,109,112,28,109
1,<environment.Job instance at 0x153a234a7c80>,56,1,[7 1],89,124,125,35,124
1,<environment.Job instance at 0x153a234e31e0>,59,3,[10  2],93,128,131,35,128
1,<environment.Job instance at 0x153a38073dc0>,82,3,[9 2],123,167,170,44,167
1,<environment.Job instance at 0x153a380733c0>,86,2,[5 1],127,197,199,70,197
1,<environment.Job instance at 0x153a380738c0>,89,13,[5 2],132,200,213,68,200
1,<environment.Job instance at 0x153a23f5c0a0>,91,14,[10  1],136,213,227,77,203
1,<environment.Job instance at 0x153a23f5c5a0>,92,1,[6 2],138,227,228,89,215
1,<environment.Job instance at 0x153a23f5caf0>,101,15,[6 1],149,238,253,89,238
1,<environment.Job instance at 0x153a3a764640>,11,3,[10  2],14,14,17,0,14
1,<environment.Job instance at 0x153a18c98c30>,28,3,[5 1],44,47,50,3,47
1,<environment.Job instance at 0x153a3811edc0>,34,1,[6 1],52,84,85,32,84
1,<environment.Job instance at 0x153a3811eb40>,44,3,[7 2],70,85,88,15,84
1,<environment.Job instance at 0x153a3811ebe0>,45,1,[2 8],71,84,85,13,84
1,<environment.Job instance at 0x153a203ef230>,48,3,[8 1],75,88,91,13,84
1,<environment.Job instance at 0x153a203ef6e0>,49,3,[5 1],77,91,94,14,84
1,<environment.Job instance at 0x153a189c2640>,50,13,[5 1],79,91,104,12,85
1,<environment.Job instance at 0x153a189c2f00>,51,1,[1 7],80,85,86,5,85
1,<environment.Job instance at 0x153a203ef4b0>,52,16,[1 5],81,94,110,13,85
1,<environment.Job instance at 0x153a187df7d0>,53,2,[9 2],82,104,106,22,85
1,<environment.Job instance at 0x153a15c6c640>,56,3,[1 7],86,86,89,0,86
1,<environment.Job instance at 0x153a38145960>,58,2,[8 2],89,106,108,17,90
1,<environment.Job instance at 0x153a19560a00>,61,15,[7 2],92,108,123,16,94
1,<environment.Job instance at 0x153a195600a0>,65,3,[10  2],97,123,126,26,99
1,<environment.Job instance at 0x153a19560cd0>,67,2,[2 8],103,110,112,7,105
1,<environment.Job instance at 0x153a19560870>,68,17,[10  2],104,126,143,22,114
1,<environment.Job instance at 0x153a19560140>,69,3,[7 1],105,143,146,38,117
1,<environment.Job instance at 0x153a19560690>,70,3,[10  2],106,146,149,40,120
1,<environment.Job instance at 0x153a19782910>,79,16,[8 1],117,149,165,32,136
1,<environment.Job instance at 0x153a197823c0>,80,1,[9 2],118,165,166,47,137
1,<environment.Job instance at 0x153a19782820>,82,3,[2 7],120,143,146,23,138
1,<environment.Job instance at 0x153a2014deb0>,85,12,[8 2],123,166,178,43,162
1,<environment.Job instance at 0x153a203dcf00>,93,14,[10  2],136,178,192,42,163
1,<environment.Job instance at 0x153a203dc9b0>,95,14,[10  2],138,192,206,54,177
1,<environment.Job instance at 0x153a15bfbbe0>,104,2,[2 6],151,206,208,55,182
1,<environment.Job instance at 0x153a15bfb2d0>,105,1,[7 1],152,206,207,54,182
1,<environment.Job instance at 0x153a23331190>,1,1,[8 2],3,4,5,1,4
1,<environment.Job instance at 0x153a15de9410>,3,3,[9 2],6,6,9,0,6
1,<environment.Job instance at 0x153a234394b0>,7,15,[5 2],13,66,81,53,66
1,<environment.Job instance at 0x153a15874690>,40,17,[9 1],67,86,103,19,86
1,<environment.Job instance at 0x153a200ace10>,47,1,[1 7],78,97,98,19,97
1,<environment.Job instance at 0x153a15b6b640>,49,3,[2 5],82,103,106,21,97
1,<environment.Job instance at 0x153a15a8ed70>,50,13,[1 9],84,106,119,22,97
1,<environment.Job instance at 0x153a1596d460>,51,12,[2 7],86,119,131,33,102
1,<environment.Job instance at 0x153a195384b0>,55,2,[8 2],91,103,105,12,103
1,<environment.Job instance at 0x153a19538aa0>,56,1,[1 5],92,105,106,13,103
1,<environment.Job instance at 0x153a19701460>,63,3,[9 1],103,110,113,7,110
1,<environment.Job instance at 0x153a19701960>,64,3,[7 2],105,119,122,14,110
1,<environment.Job instance at 0x153a197015a0>,65,14,[8 2],106,122,136,16,110
1,<environment.Job instance at 0x153a197018c0>,66,3,[9 2],107,136,139,29,110
1,<environment.Job instance at 0x153a197019b0>,67,3,[8 1],108,113,116,5,110
1,<environment.Job instance at 0x153a196c7550>,70,16,[10  2],112,139,155,27,126
1,<environment.Job instance at 0x153a196c7410>,71,2,[9 1],113,155,157,42,128
1,<environment.Job instance at 0x153a196c7e60>,73,2,[10  1],117,157,159,40,130
1,<environment.Job instance at 0x153a196c7f50>,75,1,[6 2],120,159,160,39,141
1,<environment.Job instance at 0x153a196c7b40>,76,1,[ 2 10],122,160,161,38,141
1,<environment.Job instance at 0x153a196c7d20>,77,2,[5 2],125,161,163,36,141
1,<environment.Job instance at 0x153a196c75a0>,79,2,[7 1],127,163,165,36,143
1,<environment.Job instance at 0x153a196c7c80>,80,3,[1 8],129,161,164,32,143
1,<environment.Job instance at 0x153a196c70a0>,81,1,[6 1],130,165,166,35,143
1,<environment.Job instance at 0x153a169065a0>,85,3,[9 1],135,166,169,31,148
1,<environment.Job instance at 0x153a16906d20>,86,17,[10  2],136,169,186,33,157
1,<environment.Job instance at 0x153a159fc230>,90,3,[10  1],143,186,189,43,161
1,<environment.Job instance at 0x153a16659140>,91,1,[6 2],144,189,190,45,169
1,<environment.Job instance at 0x153a23f5de10>,93,3,[8 1],147,190,193,43,169
1,<environment.Job instance at 0x153a23f5dbe0>,101,16,[2 5],158,189,205,31,176
1,<environment.Job instance at 0x153a3807d730>,104,2,[7 1],164,193,195,29,179
1,<environment.Job instance at 0x153a3807d2d0>,107,3,[8 2],168,195,198,27,182
1,<environment.Job instance at 0x153a18a59b90>,1,13,[8 2],2,2,15,0,2
1,<environment.Job instance at 0x153a196b3320>,18,3,[9 1],29,29,32,0,29
1,<environment.Job instance at 0x153a23fbedc0>,19,3,[6 1],30,32,35,2,30
1,<environment.Job instance at 0x153a16659f50>,25,3,[10  2],40,42,45,2,42
1,<environment.Job instance at 0x153a2341c780>,26,2,[8 1],41,45,47,4,42
1,<environment.Job instance at 0x153a15b05a50>,28,1,[7 2],44,47,48,3,45
1,<environment.Job instance at 0x153a201c0c30>,32,15,[5 1],49,49,64,0,49
1,<environment.Job instance at 0x153a168f3c80>,5,24,[1 8],10,49,73,39,49
1,<environment.Job instance at 0x153a23f7e5f0>,47,16,[8 1],68,78,94,10,78
1,<environment.Job instance at 0x153a15bfbb40>,55,3,[10  2],76,104,107,28,104
1,<environment.Job instance at 0x153a15bfb550>,58,2,[10  1],79,122,124,43,122
1,<environment.Job instance at 0x153a15bfb050>,62,3,[9 1],83,124,127,41,124
1,<environment.Job instance at 0x153a15bfb460>,63,12,[9 2],84,127,139,43,124
1,<environment.Job instance at 0x153a15bfb960>,64,3,[8 2],86,139,142,53,124
1,<environment.Job instance at 0x153a15bfb5f0>,66,15,[9 2],89,142,157,53,128
1,<environment.Job instance at 0x153a161068c0>,69,12,[8 2],92,157,169,65,149
1,<environment.Job instance at 0x153a16106c30>,76,3,[10  2],105,169,172,64,152
1,<environment.Job instance at 0x153a15662280>,82,12,[8 1],114,242,254,128,242
1,<environment.Job instance at 0x153a23381eb0>,92,1,[6 2],131,274,275,143,274
1,<environment.Job instance at 0x153a200b8780>,104,1,[5 2],148,275,276,127,274
1,<environment.Job instance at 0x153a200b80f0>,105,13,[1 7],149,274,287,125,274
1,<environment.Job instance at 0x153a200b82d0>,106,12,[9 2],150,276,288,126,274
1,<environment.Job instance at 0x153a381325a0>,109,3,[6 2],154,288,291,134,274
1,<environment.Job instance at 0x153a157b1280>,119,3,[8 2],167,310,313,143,310
1,<environment.Job instance at 0x153a157b1960>,120,15,[7 2],168,313,328,145,310
1,<environment.Job instance at 0x153a15eb58c0>,2,12,[8 2],7,7,19,0,7
1,<environment.Job instance at 0x153a1589e190>,4,3,[2 8],9,9,12,0,9
1,<environment.Job instance at 0x153a15a27320>,5,2,[1 9],11,19,21,8,11
1,<environment.Job instance at 0x153a18906f50>,10,2,[7 1],19,23,25,4,23
1,<environment.Job instance at 0x153a15b27960>,15,13,[10  2],26,26,39,0,26
1,<environment.Job instance at 0x153a16565aa0>,22,2,[10  2],41,48,50,7,48
1,<environment.Job instance at 0x153a20029eb0>,32,3,[7 2],55,55,58,0,55
1,<environment.Job instance at 0x153a20029a00>,37,22,[9 1],61,61,83,0,61
1,<environment.Job instance at 0x153a20029780>,38,2,[8 2],62,83,85,21,64
1,<environment.Job instance at 0x153a1958d3c0>,51,12,[5 1],76,92,104,16,92
1,<environment.Job instance at 0x153a200c7eb0>,67,17,[9 1],102,122,139,20,122
1,<environment.Job instance at 0x153a200c7cd0>,69,3,[10  1],104,139,142,35,122
1,<environment.Job instance at 0x153a15aceb40>,78,18,[10  1],116,142,160,26,131
1,<environment.Job instance at 0x153a18bc71e0>,79,3,[7 1],117,160,163,43,134
1,<environment.Job instance at 0x153a23404d20>,98,3,[10  2],142,176,179,34,176
1,<environment.Job instance at 0x153a23404370>,99,14,[7 2],145,179,193,34,176
1,<environment.Job instance at 0x153a234041e0>,106,12,[7 2],154,193,205,39,188
1,<environment.Job instance at 0x153a23404820>,109,13,[5 1],157,205,218,48,190
1,<environment.Job instance at 0x153a234046e0>,112,3,[10  2],161,218,221,57,192
1,<environment.Job instance at 0x153a18b63e60>,6,13,[10  2],14,14,27,0,14
1,<environment.Job instance at 0x153a18b7f550>,21,3,[8 1],36,36,39,0,36
1,<environment.Job instance at 0x153a15e417d0>,30,1,[1 7],48,49,50,1,49
1,<environment.Job instance at 0x153a15c8c500>,34,2,[10  1],52,52,54,0,52
1,<environment.Job instance at 0x153a18a4d5a0>,38,15,[5 2],60,60,75,0,60
1,<environment.Job instance at 0x153a20174370>,39,3,[7 1],62,75,78,13,62
1,<environment.Job instance at 0x153a18bab730>,48,27,[1 5],75,80,107,5,80
1,<environment.Job instance at 0x153a23fdd7d0>,54,18,[9 1],85,99,117,14,99
1,<environment.Job instance at 0x153a23fddb90>,57,3,[9 2],89,117,120,28,100
1,<environment.Job instance at 0x153a23fdd6e0>,59,13,[5 1],91,125,138,34,125
1,<environment.Job instance at 0x153a3a2f75a0>,64,1,[8 1],96,138,139,42,126
1,<environment.Job instance at 0x153a3a2f7050>,67,2,[6 1],102,139,141,37,127
1,<environment.Job instance at 0x153a3a2f79b0>,69,1,[9 1],104,141,142,37,127
1,<environment.Job instance at 0x153a3a2f7960>,70,2,[5 2],105,127,129,22,127
1,<environment.Job instance at 0x153a3a2f73c0>,71,3,[5 2],107,129,132,22,127
1,<environment.Job instance at 0x153a3a2f76e0>,72,13,[7 2],108,142,155,34,129
1,<environment.Job instance at 0x153a15b73550>,80,13,[10  2],120,190,203,70,190
1,<environment.Job instance at 0x153a15b73460>,82,15,[10  2],123,203,218,80,191
1,<environment.Job instance at 0x153a18b86e10>,89,3,[2 7],130,218,221,88,201
1,<environment.Job instance at 0x153a18b86a50>,96,3,[8 2],139,218,221,79,202
1,<environment.Job instance at 0x153a18b86eb0>,97,12,[6 2],141,221,233,80,207
1,<environment.Job instance at 0x153a18b86190>,99,2,[9 2],143,233,235,90,227
1,<environment.Job instance at 0x153a15c665a0>,111,3,[2 7],162,235,238,73,235
1,<environment.Job instance at 0x153a15c66dc0>,115,3,[1 6],167,238,241,71,237
1,<environment.Job instance at 0x153a23f84af0>,13,17,[10  2],20,21,38,1,21
1,<environment.Job instance at 0x153a156b45a0>,30,3,[9 2],44,78,81,34,78
1,<environment.Job instance at 0x153a156b44b0>,31,3,[8 2],46,81,84,35,78
1,<environment.Job instance at 0x153a156b41e0>,40,3,[8 2],57,95,98,38,95
1,<environment.Job instance at 0x153a16662870>,59,18,[10  1],79,141,159,62,141
1,<environment.Job instance at 0x153a159b7640>,63,17,[10  2],86,159,176,73,147
1,<environment.Job instance at 0x153a15ddc730>,72,16,[9 1],96,176,192,80,163
1,<environment.Job instance at 0x153a15ddce60>,76,20,[9 2],101,192,212,91,190
1,<environment.Job instance at 0x153a15ddc5a0>,77,2,[8 2],103,212,214,109,192
1,<environment.Job instance at 0x153a156865f0>,100,2,[10  1],133,222,224,89,222
1,<environment.Job instance at 0x153a1569c050>,116,18,[5 2],156,243,261,87,243
1,<environment.Job instance at 0x153a15696640>,122,16,[9 1],164,267,283,103,267
1,<environment.Job instance at 0x153a15696050>,124,12,[8 1],169,283,295,114,268
1,<environment.Job instance at 0x153a6ba41960>,1,3,[9 2],3,3,6,0,3
1,<environment.Job instance at 0x153a166386e0>,5,13,[9 2],14,14,27,0,14
1,<environment.Job instance at 0x153a158c3500>,7,14,[7 1],16,27,41,11,19
1,<environment.Job instance at 0x153a189468c0>,11,20,[9 1],25,41,61,16,32
1,<environment.Job instance at 0x153a17d8bdc0>,21,2,[2 7],38,61,63,23,41
1,<environment.Job instance at 0x153a23f433c0>,28,2,[10  1],48,63,65,15,49
1,<environment.Job instance at 0x153a18986c30>,40,3,[7 2],62,65,68,3,62
1,<environment.Job instance at 0x153a18986500>,41,15,[7 2],63,76,91,13,76
1,<environment.Job instance at 0x153a18cb89b0>,46,2,[9 1],72,91,93,19,76
1,<environment.Job instance at 0x153a18cb8500>,47,3,[8 1],73,93,96,20,76
1,<environment.Job instance at 0x153a18b87d70>,31,1,[9 1],51,96,97,45,76
1,<environment.Job instance at 0x153a15e8f0a0>,54,3,[9 2],87,97,100,10,87
1,<environment.Job instance at 0x153a156d0500>,56,14,[5 1],89,100,114,11,89
1,<environment.Job instance at 0x153a3a2fbb40>,59,1,[5 2],92,100,101,8,98
1,<environment.Job instance at 0x153a3a2fb460>,62,12,[ 1 10],97,114,126,17,98
1,<environment.Job instance at 0x153a3a2fbbe0>,63,12,[1 9],98,101,113,3,98
1,<environment.Job instance at 0x153a23fd3640>,80,3,[8 2],117,135,138,18,135
1,<environment.Job instance at 0x153a23fd3b40>,82,14,[6 1],119,138,152,19,138
1,<environment.Job instance at 0x153a23fd3e60>,85,3,[8 2],122,152,155,30,138
1,<environment.Job instance at 0x153a23fd3230>,87,13,[5 2],124,155,168,31,141
1,<environment.Job instance at 0x153a23f90050>,90,3,[7 1],127,168,171,41,159
1,<environment.Job instance at 0x153a23f90690>,92,14,[10  2],129,171,185,42,159
1,<environment.Job instance at 0x153a38161c30>,95,15,[1 7],132,185,200,53,185
1,<environment.Job instance at 0x153a38161690>,96,1,[6 1],134,185,186,51,185
1,<environment.Job instance at 0x153a18881dc0>,98,3,[10  2],136,200,203,64,190
1,<environment.Job instance at 0x153a18881c80>,99,3,[9 1],137,190,193,53,190
1,<environment.Job instance at 0x153a233db730>,104,26,[7 2],144,207,233,63,207
1,<environment.Job instance at 0x153a233db870>,105,3,[5 1],145,233,236,88,207
1,<environment.Job instance at 0x153a233dbaf0>,106,3,[1 5],147,207,210,60,207
1,<environment.Job instance at 0x153a3a2c9eb0>,107,3,[1 9],148,233,236,85,207
1,<environment.Job instance at 0x153a3a2c92d0>,110,3,[2 5],152,210,213,58,207
1,<environment.Job instance at 0x153a3a2c9230>,111,1,[2 5],153,213,214,60,212
1,<environment.Job instance at 0x153a3a2c9140>,112,3,[8 1],154,236,239,82,212
1,<environment.Job instance at 0x153a3a2c9b40>,113,3,[1 9],155,236,239,81,212
1,<environment.Job instance at 0x153a18c5de10>,114,3,[10  1],161,239,242,78,213
1,<environment.Job instance at 0x153a18c5d190>,115,1,[8 2],162,242,243,80,214
1,<environment.Job instance at 0x153a18c5de60>,116,19,[1 5],165,214,233,49,214
1,<environment.Job instance at 0x153a15e3f7d0>,117,1,[9 2],166,243,244,77,215
1,<environment.Job instance at 0x153a15e3ff00>,118,2,[1 8],168,242,244,74,215
1,<environment.Job instance at 0x153a16127c80>,1,3,[7 1],6,6,9,0,6
1,<environment.Job instance at 0x153a15e45410>,8,2,[6 2],14,14,16,0,14
1,<environment.Job instance at 0x153a19743f50>,9,3,[2 6],15,15,18,0,15
1,<environment.Job instance at 0x153a232b5500>,36,16,[7 2],52,64,80,12,64
1,<environment.Job instance at 0x153a232b55a0>,41,17,[6 2],63,80,97,17,76
1,<environment.Job instance at 0x153a159aef50>,46,3,[10  1],69,97,100,28,76
1,<environment.Job instance at 0x153a3a2d5050>,69,18,[7 2],105,125,143,20,125
1,<environment.Job instance at 0x153a18b54d70>,74,14,[6 1],110,154,168,44,154
1,<environment.Job instance at 0x153a166020f0>,83,2,[5 2],125,168,170,43,154
1,<environment.Job instance at 0x153a15e89dc0>,84,3,[8 1],127,170,173,43,154
1,<environment.Job instance at 0x153a232b3b40>,73,14,[8 2],109,173,187,64,158
1,<environment.Job instance at 0x153a15ab7140>,90,15,[9 2],136,187,202,51,187
1,<environment.Job instance at 0x153a200f88c0>,96,18,[7 2],146,202,220,56,191
1,<environment.Job instance at 0x153a188db190>,98,2,[9 2],149,220,222,71,193
1,<environment.Job instance at 0x153a18b0ca00>,107,2,[8 1],163,222,224,59,217
1,<environment.Job instance at 0x153a1527b6e0>,5,3,[9 2],8,8,11,0,8
1,<environment.Job instance at 0x153a1527b050>,8,13,[8 1],14,14,27,0,14
1,<environment.Job instance at 0x153a1527b1e0>,9,15,[7 2],15,27,42,12,16
1,<environment.Job instance at 0x153a1532c8c0>,31,2,[8 2],50,50,52,0,50
1,<environment.Job instance at 0x153a1532ca50>,44,16,[7 2],65,80,96,15,80
1,<environment.Job instance at 0x153a153cdb40>,82,17,[6 1],120,123,140,3,123
1,<environment.Job instance at 0x153a152cfdc0>,100,13,[8 1],149,149,162,0,149
1,<environment.Job instance at 0x153a151d4e60>,60,15,[5 2],90,162,177,72,152
1,<environment.Job instance at 0x153a15b05dc0>,22,1,[8 2],30,50,51,20,50
1,<environment.Job instance at 0x153a15cef3c0>,23,2,[9 1],33,51,53,18,50
1,<environment.Job instance at 0x153a233d9320>,24,2,[8 2],37,53,55,16,50
1,<environment.Job instance at 0x153a15d21fa0>,27,2,[9 2],41,55,57,14,50
1,<environment.Job instance at 0x153a1974ba00>,36,3,[1 7],54,56,59,2,56
1,<environment.Job instance at 0x153a171593c0>,55,3,[9 2],86,86,89,0,86
1,<environment.Job instance at 0x153a17159c80>,56,14,[8 1],87,89,103,2,87
1,<environment.Job instance at 0x153a18ada460>,58,3,[9 1],90,103,106,13,99
1,<environment.Job instance at 0x153a18adaaf0>,68,3,[7 1],101,106,109,5,105
1,<environment.Job instance at 0x153a18aa5460>,102,16,[1 5],162,162,178,0,162
1,<environment.Job instance at 0x153a18aa57d0>,103,13,[8 2],163,163,176,0,163
1,<environment.Job instance at 0x153a220870a0>,59,12,[9 1],86,98,110,12,98
1,<environment.Job instance at 0x153a2011fa00>,66,2,[8 2],95,120,122,25,120
1,<environment.Job instance at 0x153a233d0820>,88,3,[8 2],133,182,185,49,182
1,<environment.Job instance at 0x153a233d0690>,91,13,[10  2],137,192,205,55,192
1,<environment.Job instance at 0x153a233d03c0>,96,15,[10  1],143,230,245,87,230
1,<environment.Job instance at 0x153a189055f0>,103,3,[8 1],156,245,248,89,241
1,<environment.Job instance at 0x153a18905870>,106,2,[7 1],159,248,250,89,248
1,<environment.Job instance at 0x153a18aeb910>,1,3,[9 2],4,4,7,0,4
1,<environment.Job instance at 0x153a18aeb550>,2,16,[1 5],5,6,22,1,6
1,<environment.Job instance at 0x153a200ac9b0>,10,3,[6 2],16,17,20,1,17
1,<environment.Job instance at 0x153a200ac500>,11,2,[2 7],17,22,24,5,19
1,<environment.Job instance at 0x153a15becd70>,13,2,[5 2],21,22,24,1,22
1,<environment.Job instance at 0x153a2330f5f0>,14,3,[9 1],24,24,27,0,24
1,<environment.Job instance at 0x153a2330f640>,15,1,[7 1],25,28,29,3,28
1,<environment.Job instance at 0x153a15ebec30>,19,1,[9 1],29,29,30,0,29
1,<environment.Job instance at 0x153a201c4d70>,20,2,[8 2],30,30,32,0,30
1,<environment.Job instance at 0x153a15603190>,22,3,[2 6],33,33,36,0,33
1,<environment.Job instance at 0x153a15e13500>,23,14,[2 6],34,36,50,2,34
1,<environment.Job instance at 0x153a15546be0>,25,1,[8 2],37,37,38,0,37
1,<environment.Job instance at 0x153a188aee10>,27,3,[7 1],39,39,42,0,39
1,<environment.Job instance at 0x153a1505c500>,55,17,[7 1],73,79,96,6,79
1,<environment.Job instance at 0x153a1505cfa0>,58,2,[9 1],78,96,98,18,85
1,<environment.Job instance at 0x153a18ad5b90>,66,20,[10  2],94,108,128,14,108
1,<environment.Job instance at 0x153a15960d70>,86,16,[8 2],124,128,144,4,128
1,<environment.Job instance at 0x153a197884b0>,93,12,[5 1],132,144,156,12,138
1,<environment.Job instance at 0x153a19788730>,100,17,[7 1],143,156,173,13,150
1,<environment.Job instance at 0x153a19788460>,102,3,[8 1],145,173,176,28,158
1,<environment.Job instance at 0x153a15cf3780>,113,3,[8 1],163,195,198,32,195
1,<environment.Job instance at 0x153a15cf3af0>,115,1,[9 1],166,198,199,32,195
1,<environment.Job instance at 0x153a3aa88e10>,116,15,[10  2],167,199,214,32,195
1,<environment.Job instance at 0x153a15cf3b90>,118,12,[6 1],169,214,226,45,197
1,<environment.Job instance at 0x153a153ae2d0>,2,15,[8 2],3,3,18,0,3
1,<environment.Job instance at 0x153a166bc8c0>,7,1,[9 1],8,19,20,11,19
1,<environment.Job instance at 0x153a152c0690>,16,3,[2 9],22,32,35,10,32
1,<environment.Job instance at 0x153a165dd5f0>,24,3,[5 2],34,35,38,1,35
1,<environment.Job instance at 0x153a18ae2eb0>,44,3,[9 1],61,83,86,22,83
1,<environment.Job instance at 0x153a155df370>,45,14,[5 2],62,89,103,27,89
1,<environment.Job instance at 0x153a18ae0be0>,62,3,[7 2],86,110,113,24,110
1,<environment.Job instance at 0x153a18a629b0>,66,16,[7 1],90,113,129,23,111
1,<environment.Job instance at 0x153a6ba417d0>,69,3,[9 2],94,129,132,35,114
1,<environment.Job instance at 0x153a6ba41dc0>,71,1,[10  1],97,143,144,46,143
1,<environment.Job instance at 0x153a18cca320>,81,3,[6 1],117,160,163,43,160
1,<environment.Job instance at 0x153a18cca820>,86,15,[6 1],125,163,178,38,162
1,<environment.Job instance at 0x153a18cca500>,91,16,[7 2],131,178,194,47,165
1,<environment.Job instance at 0x153a19640d20>,114,14,[10  1],169,225,239,56,225
1,<environment.Job instance at 0x153a16108d70>,52,1,[5 2],75,239,240,164,226
1,<environment.Job instance at 0x153a18893730>,9,14,[8 1],17,17,31,0,17
1,<environment.Job instance at 0x153a15e6e3c0>,11,15,[5 1],21,31,46,10,21
1,<environment.Job instance at 0x153a200e7b90>,18,1,[8 1],30,46,47,16,30
1,<environment.Job instance at 0x153a165e9fa0>,19,1,[1 8],31,31,32,0,31
1,<environment.Job instance at 0x153a165e9910>,24,15,[9 1],41,47,62,6,43
1,<environment.Job instance at 0x153a23449370>,28,3,[9 1],45,62,65,17,45
1,<environment.Job instance at 0x153a1571ceb0>,32,2,[9 1],51,65,67,14,51
1,<environment.Job instance at 0x153a1571cbe0>,33,12,[8 1],53,67,79,14,53
1,<environment.Job instance at 0x153a16660140>,37,2,[7 1],61,79,81,18,63
1,<environment.Job instance at 0x153a2018e780>,39,18,[9 2],65,81,99,16,70
1,<environment.Job instance at 0x153a23440780>,46,12,[9 2],75,99,111,24,82
1,<environment.Job instance at 0x153a3a2e3b90>,49,14,[1 6],80,87,101,7,87
1,<environment.Job instance at 0x153a3a2e35a0>,50,14,[5 1],81,111,125,30,96
1,<environment.Job instance at 0x153a3a4149b0>,53,3,[10  1],85,125,128,40,102
1,<environment.Job instance at 0x153a166b7870>,79,14,[8 2],120,128,142,8,120
1,<environment.Job instance at 0x153a189a1cd0>,81,3,[6 2],124,142,145,18,124
1,<environment.Job instance at 0x153a16901690>,87,13,[9 2],131,147,160,16,147
1,<environment.Job instance at 0x153a16901aa0>,90,3,[5 1],135,160,163,25,147
1,<environment.Job instance at 0x153a16901cd0>,92,12,[9 2],137,163,175,26,147
1,<environment.Job instance at 0x153a15dc24b0>,108,13,[8 2],167,175,188,8,171
1,<environment.Job instance at 0x153a15077d20>,26,12,[10  2],37,117,129,80,117
1,<environment.Job instance at 0x153a1965e320>,28,3,[6 1],41,167,170,126,167
1,<environment.Job instance at 0x153a15d6b6e0>,44,2,[ 2 10],61,175,177,114,175
1,<environment.Job instance at 0x153a15845230>,57,2,[9 1],76,177,179,101,175
1,<environment.Job instance at 0x153a158453c0>,59,2,[8 1],78,179,181,101,178
1,<environment.Job instance at 0x153a1591ff50>,79,1,[6 2],112,244,245,132,244
1,<environment.Job instance at 0x153a1591f910>,81,1,[10  1],114,254,255,140,254
1,<environment.Job instance at 0x153a20138280>,85,1,[5 2],119,273,274,154,273
1,<environment.Job instance at 0x153a20138be0>,90,14,[ 2 10],126,284,298,158,284
1,<environment.Job instance at 0x153a20138640>,91,3,[5 2],127,298,301,171,291
1,<environment.Job instance at 0x153a1591ddc0>,97,18,[1 5],133,298,316,165,292
1,<environment.Job instance at 0x153a1591d7d0>,98,3,[8 2],135,301,304,166,292
1,<environment.Job instance at 0x153a1591daa0>,99,18,[5 2],138,304,322,166,293
1,<environment.Job instance at 0x153a15915a00>,115,1,[10  2],159,322,323,163,322
1,<environment.Job instance at 0x153a15915b90>,119,2,[1 9],165,375,377,210,375
1,<environment.Job instance at 0x153a3807ac80>,1,3,[8 2],2,3,6,1,3
1,<environment.Job instance at 0x153a2007a7d0>,8,3,[5 1],15,15,18,0,15
1,<environment.Job instance at 0x153a23fca0f0>,13,16,[6 2],20,53,69,33,53
1,<environment.Job instance at 0x153a155f59b0>,24,16,[10  1],37,76,92,39,76
1,<environment.Job instance at 0x153a151df3c0>,29,2,[10  1],42,92,94,50,88
1,<environment.Job instance at 0x153a152c8690>,52,18,[10  1],71,111,129,40,111
1,<environment.Job instance at 0x153a18a516e0>,60,12,[8 2],80,129,141,49,125
1,<environment.Job instance at 0x153a3a31aaf0>,67,3,[7 1],92,141,144,49,141
1,<environment.Job instance at 0x153a188755a0>,76,13,[10  1],108,144,157,36,142
1,<environment.Job instance at 0x153a1963c9b0>,83,20,[7 2],119,157,177,38,153
1,<environment.Job instance at 0x153a19729d20>,103,13,[5 2],144,203,216,59,203
1,<environment.Job instance at 0x153a232c3730>,113,14,[10  1],165,247,261,82,247
1,<environment.Job instance at 0x153a232c3fa0>,115,3,[5 1],167,261,264,94,247
1,<environment.Job instance at 0x153a19680370>,8,1,[6 2],11,12,13,1,12
1,<environment.Job instance at 0x153a159e48c0>,11,18,[9 1],15,15,33,0,15
1,<environment.Job instance at 0x153a195b0b40>,20,13,[6 1],24,33,46,9,30
1,<environment.Job instance at 0x153a1669a0a0>,30,12,[10  2],37,46,58,9,37
1,<environment.Job instance at 0x153a15e75d20>,34,2,[8 1],44,58,60,14,46
1,<environment.Job instance at 0x153a16676820>,35,3,[2 7],46,58,61,12,46
1,<environment.Job instance at 0x153a158ccb40>,43,3,[10  1],55,64,67,9,64
1,<environment.Job instance at 0x153a153b55a0>,46,18,[8 2],59,67,85,8,64
1,<environment.Job instance at 0x153a153b50a0>,47,1,[9 1],60,86,87,26,86
1,<environment.Job instance at 0x153a196705f0>,65,3,[7 2],85,87,90,2,86
1,<environment.Job instance at 0x153a19670b40>,66,17,[5 2],86,90,107,4,86
1,<environment.Job instance at 0x153a3a35eb40>,67,16,[6 2],87,135,151,48,135
1,<environment.Job instance at 0x153a3a35e5f0>,68,1,[7 2],88,151,152,63,135
1,<environment.Job instance at 0x153a166049b0>,76,3,[7 1],96,152,155,56,143
1,<environment.Job instance at 0x153a16604640>,77,2,[5 2],98,155,157,57,147
1,<environment.Job instance at 0x153a16604730>,80,16,[8 2],101,161,177,60,161
1,<environment.Job instance at 0x153a19607780>,83,17,[9 1],105,177,194,72,165
1,<environment.Job instance at 0x153a3a35e410>,72,2,[9 1],92,194,196,102,167
1,<environment.Job instance at 0x153a15dd7280>,85,2,[7 1],110,196,198,86,169
1,<environment.Job instance at 0x153a15dd7fa0>,95,13,[10  2],129,198,211,69,194
1,<environment.Job instance at 0x153a15dd70f0>,97,3,[10  2],131,212,215,81,212
1,<environment.Job instance at 0x153a15e03780>,106,18,[9 1],142,215,233,73,215
1,<environment.Job instance at 0x153a15e03fa0>,109,3,[6 1],148,233,236,85,229
1,<environment.Job instance at 0x153a2349fe60>,115,3,[6 1],159,251,254,92,251
1,<environment.Job instance at 0x153a2349f9b0>,117,3,[8 2],162,254,257,92,251
1,<environment.Job instance at 0x153a2349f5a0>,118,1,[2 5],163,1248,1249,1085,1248
1,<environment.Job instance at 0x153a159e4460>,14,3,[2 5],18,2424,2427,2406,2424
1,<environment.Job instance at 0x153a15dd7780>,88,2,[10  1],115,2427,2429,2312,2424
1,<environment.Job instance at 0x14e7d44cc780>,26,3,[9 1],36,74,77,38,74
1,<environment.Job instance at 0x14e7d44cac80>,33,2,[5 1],44,77,79,33,75
1,<environment.Job instance at 0x14e7d44cacd0>,35,3,[10  2],47,79,82,32,75
1,<environment.Job instance at 0x14e7d44caeb0>,38,2,[8 2],50,82,84,32,75
1,<environment.Job instance at 0x14e7d44c1460>,47,14,[5 1],60,92,106,32,92
1,<environment.Job instance at 0x14e7d44dd1e0>,95,3,[7 1],139,162,165,23,162
1,<environment.Job instance at 0x14e7d7c972d0>,9,3,[6 2],11,2500,2503,2489,2500
1,<environment.Job instance at 0x14e7d7c970a0>,15,2,[8 2],18,2506,2508,2488,2506
1,<environment.Job instance at 0x14e7d7c1e820>,24,3,[9 2],39,2525,2528,2486,2525
1,<environment.Job instance at 0x14e7d7c1e320>,25,1,[10  1],40,2528,2529,2488,2526
1,<environment.Job instance at 0x14e7d7c1ea50>,26,2,[5 2],41,2529,2531,2488,2528
1,<environment.Job instance at 0x14e7d7c1e190>,27,3,[6 1],43,2531,2534,2488,2528
1,<environment.Job instance at 0x14e7d7c1e140>,28,1,[8 2],44,2537,2538,2493,2537
1,<environment.Job instance at 0x14e7d7c1e2d0>,31,15,[7 2],49,2576,2591,2527,2576
1,<environment.Job instance at 0x14e7d7c1e780>,40,2,[9 2],60,2612,2614,2552,2612
1,<environment.Job instance at 0x14e7d7c1e500>,41,2,[6 1],62,2614,2616,2552,2614
1,<environment.Job instance at 0x14e7d7c1e410>,42,1,[10  1],63,2617,2618,2554,2617
1,<environment.Job instance at 0x14e7d7ca2910>,45,3,[9 1],69,2618,2621,2549,2617
1,<environment.Job instance at 0x14e7d7ca2fa0>,47,3,[10  1],71,2621,2624,2550,2617
1,<environment.Job instance at 0x14e7d7ca2be0>,50,16,[7 1],78,2630,2646,2552,2630
1,<environment.Job instance at 0x14e7d7bc7050>,67,3,[8 2],102,2655,2658,2553,2655
1,<environment.Job instance at 0x14e7d7bc79b0>,77,3,[9 2],113,2671,2674,2558,2671
1,<environment.Job instance at 0x14e7d7bc7370>,79,17,[10  1],115,2684,2701,2569,2684
1,<environment.Job instance at 0x14e7d7bc7fa0>,81,2,[5 1],117,2701,2703,2584,2699
1,<environment.Job instance at 0x14e7d7bc7cd0>,84,13,[5 2],122,2701,2714,2579,2701
1,<environment.Job instance at 0x14e7d7bc78c0>,86,14,[10  1],126,2714,2728,2588,2703
1,<environment.Job instance at 0x14e7d7c206e0>,93,3,[8 2],134,2729,2732,2595,2729
1,<environment.Job instance at 0x14e7d7cd9780>,96,15,[6 1],139,2732,2747,2593,2729
1,<environment.Job instance at 0x14e7d7cd9aa0>,115,2,[8 1],163,2765,2767,2602,2765
1,<environment.Job instance at 0x14e7d7cd9640>,117,14,[6 1],165,2777,2791,2612,2777
1,<environment.Job instance at 0x14e7d7cd9e10>,119,3,[10  1],167,2791,2794,2624,2786
1,<environment.Job instance at 0x14e7d7cd99b0>,120,15,[7 2],169,2794,2809,2625,2786
1,<environment.Job instance at 0x14e7d7cd3fa0>,124,3,[10  2],174,2809,2812,2635,2802
1,<environment.Job instance at 0x14e7d3d94910>,4,12,[6 1],11,11,23,0,11
1,<environment.Job instance at 0x14e7d3d493c0>,23,13,[9 2],37,59,72,22,59
1,<environment.Job instance at 0x14e7d3df4a50>,36,13,[5 1],59,133,146,74,133
1,<environment.Job instance at 0x14e7d445bc80>,47,15,[7 2],72,146,161,74,133
1,<environment.Job instance at 0x14e7d4ed8320>,50,1,[2 7],76,137,138,61,137
1,<environment.Job instance at 0x14e7d3d66f50>,57,15,[7 1],87,161,176,74,157
1,<environment.Job instance at 0x14e7d3f394b0>,65,16,[8 1],97,176,192,79,176
1,<environment.Job instance at 0x14e7d471dbe0>,79,14,[10  2],116,192,206,76,183
1,<environment.Job instance at 0x14e7d3f34b40>,81,14,[10  2],118,206,220,88,191
1,<environment.Job instance at 0x14e7d3df6e60>,86,1,[5 2],125,220,221,95,192
1,<environment.Job instance at 0x14e7d3df6d20>,88,2,[6 1],129,221,223,92,194
1,<environment.Job instance at 0x14e7d4ed86e0>,51,3,[10  2],77,223,226,146,203
1,<environment.Job instance at 0x14e7d3df72d0>,110,12,[10  1],161,226,238,65,224
1,<environment.Job instance at 0x14e7d3df73c0>,111,15,[5 2],163,255,270,92,255
1,<environment.Job instance at 0x14e7d3dd8cd0>,96,12,[8 2],140,2012,2024,1872,2012
1,<environment.Job instance at 0x14e7d7d8f410>,3,3,[6 2],4,4,7,0,4
1,<environment.Job instance at 0x14e7e1a16230>,5,3,[6 2],7,7,10,0,7
1,<environment.Job instance at 0x14e7d3db1730>,9,3,[7 1],13,13,16,0,13
1,<environment.Job instance at 0x14e82a0347d0>,12,13,[10  1],20,20,33,0,20
1,<environment.Job instance at 0x14e7d7d8df00>,21,14,[9 2],34,37,51,3,37
1,<environment.Job instance at 0x14e7d7d8d7d0>,23,3,[7 2],38,51,54,13,38
1,<environment.Job instance at 0x14e7e1a35d20>,45,3,[9 1],73,79,82,6,79
1,<environment.Job instance at 0x14e7d704e0a0>,49,3,[8 1],78,82,85,4,79
1,<environment.Job instance at 0x14e7d3d3f0f0>,52,16,[10  2],82,85,101,3,82
1,<environment.Job instance at 0x14e7d3d2dd20>,61,2,[7 1],97,101,103,4,97
1,<environment.Job instance at 0x14e7d445b5f0>,89,3,[8 2],138,156,159,18,156
1,<environment.Job instance at 0x14e7d445b370>,92,13,[8 2],142,168,181,26,168
1,<environment.Job instance at 0x14e7d4418500>,16,12,[ 2 10],21,21,33,0,21
1,<environment.Job instance at 0x14e7d4418d70>,17,3,[10  2],22,33,36,11,22
1,<environment.Job instance at 0x14e7d3fd9b90>,34,1,[8 1],41,57,58,16,57
1,<environment.Job instance at 0x14e7d3fd9dc0>,42,1,[7 2],51,58,59,7,57
1,<environment.Job instance at 0x14e7d3fcf050>,43,12,[8 2],52,59,71,7,57
1,<environment.Job instance at 0x14e7d3fcfa00>,44,1,[ 1 10],53,71,72,18,57
1,<environment.Job instance at 0x14e7d3fcf0a0>,45,2,[2 6],54,57,59,3,57
1,<environment.Job instance at 0x14e7d3fcf5a0>,46,1,[ 2 10],55,72,73,17,58
1,<environment.Job instance at 0x14e7d3fcf7d0>,47,1,[2 9],57,73,74,16,58
1,<environment.Job instance at 0x14e7d42db910>,48,16,[6 1],58,73,89,15,60
1,<environment.Job instance at 0x14e7d42dbf00>,49,12,[2 8],64,74,86,10,65
1,<environment.Job instance at 0x14e7d42e1550>,53,14,[9 2],69,89,103,20,74
1,<environment.Job instance at 0x14e7d42e10a0>,56,12,[8 1],74,103,115,29,86
1,<environment.Job instance at 0x14e7d42d7690>,57,1,[6 1],78,115,116,37,87
1,<environment.Job instance at 0x14e7d42d74b0>,58,2,[7 1],79,116,118,37,89
1,<environment.Job instance at 0x14e7d42d7910>,59,1,[1 8],80,89,90,9,89
1,<environment.Job instance at 0x14e7d42d70a0>,60,18,[1 9],81,103,121,22,92
1,<environment.Job instance at 0x14e7d42d09b0>,67,14,[9 2],94,121,135,27,106
1,<environment.Job instance at 0x14e7d42d0cd0>,76,12,[10  1],106,135,147,29,119
1,<environment.Job instance at 0x14e7d42fa960>,80,12,[9 2],110,147,159,37,130
1,<environment.Job instance at 0x14e7d5735280>,98,12,[8 2],137,176,188,39,176
1,<environment.Job instance at 0x14e7d4c35280>,120,1,[9 1],174,204,205,30,204
1,<environment.Job instance at 0x14e7d71c4a00>,123,18,[8 1],178,205,223,27,204
1,<environment.Job instance at 0x14e7d71c3190>,109,1,[7 2],154,1376,1377,1222,1376
1,<environment.Job instance at 0x14e7d3fd9820>,32,2,[10  1],39,1586,1588,1547,1586
1,<environment.Job instance at 0x14e7e1a350a0>,39,3,[10  1],54,71,74,17,71
1,<environment.Job instance at 0x14e7d71c5820>,48,18,[10  1],66,80,98,14,80
1,<environment.Job instance at 0x14e7e0661960>,73,15,[5 1],101,129,144,28,129
1,<environment.Job instance at 0x14e7d40ada00>,74,17,[5 2],102,129,146,27,129
1,<environment.Job instance at 0x14e7d40ad0f0>,76,12,[7 2],104,146,158,42,137
1,<environment.Job instance at 0x14e7d3f07960>,91,3,[10  1],120,163,166,43,163
1,<environment.Job instance at 0x14e7d7b8e820>,98,13,[10  2],134,166,179,32,163
1,<environment.Job instance at 0x14e7d7b8efa0>,99,3,[8 2],137,179,182,42,163
1,<environment.Job instance at 0x14e7d7b8ea00>,102,12,[9 1],142,182,194,40,174
1,<environment.Job instance at 0x14e7d704e3c0>,4,17,[9 1],8,8,25,0,8
1,<environment.Job instance at 0x14e7d704e4b0>,6,1,[ 1 10],10,25,26,15,10
1,<environment.Job instance at 0x14e7d6ef5aa0>,18,3,[9 2],29,29,32,0,29
1,<environment.Job instance at 0x14e7d7fd6be0>,23,3,[7 1],34,37,40,3,37
1,<environment.Job instance at 0x14e7d4163f00>,32,3,[5 2],47,48,51,1,48
1,<environment.Job instance at 0x14e7d3d48370>,34,12,[2 8],49,49,61,0,49
1,<environment.Job instance at 0x14e7e18dd960>,41,13,[10  2],60,91,104,31,91
1,<environment.Job instance at 0x14e7d7c440a0>,43,15,[10  2],63,104,119,41,93
1,<environment.Job instance at 0x14e7d4bd6b40>,58,12,[6 2],81,119,131,38,119
1,<environment.Job instance at 0x14e7e1a6d460>,73,2,[8 1],103,152,154,49,152
1,<environment.Job instance at 0x14e7d5763b40>,91,17,[10  2],130,237,254,107,237
1,<environment.Job instance at 0x14e7e2730a50>,108,3,[9 2],154,282,285,128,282
1,<environment.Job instance at 0x14e7e2730690>,109,3,[8 2],156,285,288,129,283
1,<environment.Job instance at 0x14e7d6f12690>,4,2,[7 1],6,6,8,0,6
1,<environment.Job instance at 0x14e7e1af6b90>,7,18,[10  1],9,9,27,0,9
1,<environment.Job instance at 0x14e7e1af6230>,11,17,[10  2],16,27,44,11,16
1,<environment.Job instance at 0x14e7d4ed83c0>,25,2,[8 2],33,44,46,11,43
1,<environment.Job instance at 0x14e7d6e441e0>,35,1,[8 2],44,47,48,3,47
1,<environment.Job instance at 0x14e7d7bb4cd0>,37,1,[5 2],50,51,52,1,51
1,<environment.Job instance at 0x14e7d7bb4f00>,39,2,[8 2],52,52,54,0,52
1,<environment.Job instance at 0x14e7d3fa9c80>,43,2,[8 2],58,59,61,1,59
1,<environment.Job instance at 0x14e7d72b72d0>,47,17,[7 1],62,73,90,11,73
1,<environment.Job instance at 0x14e7d72b7190>,50,2,[5 1],65,90,92,25,89
1,<environment.Job instance at 0x14e7d71083c0>,61,16,[8 1],83,92,108,9,89
1,<environment.Job instance at 0x14e7d7108780>,58,18,[2 8],78,89,107,11,89
1,<environment.Job instance at 0x14e810d47730>,70,16,[9 1],94,108,124,14,106
1,<environment.Job instance at 0x14e7d4c5dfa0>,72,12,[8 1],99,124,136,25,107
1,<environment.Job instance at 0x14e7d4c5dbe0>,74,2,[10  1],102,136,138,34,109
1,<environment.Job instance at 0x14e7d4c5d960>,75,3,[9 2],103,138,141,35,112
1,<environment.Job instance at 0x14e7d4c5db40>,80,1,[1 8],115,115,116,0,115
1,<environment.Job instance at 0x14e7d3c53b90>,81,14,[7 1],116,141,155,25,126
1,<environment.Job instance at 0x14e7d3c53370>,85,20,[9 1],125,155,175,30,147
1,<environment.Job instance at 0x14e7d3c53f00>,90,2,[7 2],132,175,177,43,150
1,<environment.Job instance at 0x14e7d3c532d0>,94,3,[8 2],137,177,180,40,151
1,<environment.Job instance at 0x14e7e19d6f00>,97,1,[6 2],142,180,181,38,152
1,<environment.Job instance at 0x14e7e19d6640>,101,16,[9 2],146,181,197,35,168
1,<environment.Job instance at 0x14e7d71ccc30>,118,19,[9 2],170,197,216,27,187
1,<environment.Job instance at 0x14e7d4c92280>,120,2,[9 1],172,216,218,44,189
1,<environment.Job instance at 0x14e7d4c92190>,121,3,[8 1],173,218,221,45,192
1,<environment.Job instance at 0x14e7d4ca6870>,3,14,[5 1],9,10,24,1,10
1,<environment.Job instance at 0x14e7d3ffa820>,6,1,[5 2],12,25,26,13,25
1,<environment.Job instance at 0x14e7d4f000a0>,16,18,[2 7],25,25,43,0,25
1,<environment.Job instance at 0x14e810d59a00>,17,1,[6 1],26,37,38,11,37
1,<environment.Job instance at 0x14e7d7c1a8c0>,35,18,[2 8],45,49,67,4,49
1,<environment.Job instance at 0x14e7d7c1a6e0>,36,17,[6 1],46,49,66,3,49
1,<environment.Job instance at 0x14e7d7c1a410>,37,3,[7 1],47,66,69,19,49
1,<environment.Job instance at 0x14e7d7c1aaa0>,38,2,[5 1],48,69,71,21,49
1,<environment.Job instance at 0x14e7d7c1a280>,39,14,[10  2],49,71,85,22,56
1,<environment.Job instance at 0x14e7d41ddaa0>,45,3,[10  2],56,85,88,29,83
1,<environment.Job instance at 0x14e7d7d3bbe0>,48,18,[7 1],59,88,106,29,86
1,<environment.Job instance at 0x14e7d47440f0>,52,3,[5 1],65,106,109,41,102
1,<environment.Job instance at 0x14e7d4744af0>,58,1,[2 5],73,103,104,30,103
1,<environment.Job instance at 0x14e7d47443c0>,59,3,[8 1],74,109,112,35,103
1,<environment.Job instance at 0x14e7d4744410>,61,3,[10  1],81,112,115,31,103
1,<environment.Job instance at 0x14e7e2951c80>,67,17,[9 1],95,115,132,20,115
1,<environment.Job instance at 0x14e7e29516e0>,68,3,[7 1],96,132,135,36,115
1,<environment.Job instance at 0x14e7e2951b90>,72,3,[10  2],101,135,138,34,115
1,<environment.Job instance at 0x14e7d3c99a50>,78,13,[2 7],107,138,151,31,135
1,<environment.Job instance at 0x14e7d4bf4870>,86,3,[8 1],118,154,157,36,154
1,<environment.Job instance at 0x14e7d41d3370>,103,16,[7 2],142,200,216,58,200
1,<environment.Job instance at 0x14e7d41d3550>,106,2,[8 1],147,216,218,69,200
1,<environment.Job instance at 0x14e7d41d3f00>,108,17,[6 2],153,218,235,65,210
1,<environment.Job instance at 0x14e7d80abeb0>,109,13,[9 2],155,235,248,80,219
1,<environment.Job instance at 0x14e7d80abdc0>,110,1,[9 1],156,248,249,92,220
1,<environment.Job instance at 0x14e7d80ab9b0>,113,3,[10  1],159,249,252,90,223
1,<environment.Job instance at 0x14e7d80ab320>,117,1,[6 1],167,252,253,85,226
1,<environment.Job instance at 0x14e7d711ea00>,5,16,[8 2],10,15,31,5,15
1,<environment.Job instance at 0x14e7d8025be0>,13,14,[8 2],19,31,45,12,19
1,<environment.Job instance at 0x14e7d7146280>,27,12,[9 2],41,45,57,4,41
1,<environment.Job instance at 0x14e7d7bfcf00>,30,15,[9 2],46,57,72,11,46
1,<environment.Job instance at 0x14e7d7bfc5a0>,33,3,[2 8],50,72,75,22,50
1,<environment.Job instance at 0x14e7d72b29b0>,61,15,[7 2],95,95,110,0,95
1,<environment.Job instance at 0x14e7e1a0cd70>,90,13,[5 2],137,142,155,5,142
1,<environment.Job instance at 0x14e810a9e0f0>,96,16,[7 2],145,158,174,13,158
1,<environment.Job instance at 0x14e7d7b8d5f0>,101,3,[8 2],155,174,177,19,161
1,<environment.Job instance at 0x14e7d7b8daa0>,102,1,[8 2],156,177,178,21,161
1,<environment.Job instance at 0x14e7e0010d20>,112,15,[5 2],170,204,219,34,204
1,<environment.Job instance at 0x14e7d39cd550>,4,2,[10  2],7,7,9,0,7
1,<environment.Job instance at 0x14e7d6e1b410>,10,1,[8 2],15,20,21,5,20
1,<environment.Job instance at 0x14e810676230>,15,20,[10  2],24,24,44,0,24
1,<environment.Job instance at 0x14e7d3f3b780>,17,3,[8 2],26,44,47,18,26
1,<environment.Job instance at 0x14e7d3fb4f00>,18,17,[ 1 10],28,47,64,19,37
1,<environment.Job instance at 0x14e7d6f58f50>,28,2,[8 2],45,64,66,19,45
1,<environment.Job instance at 0x14e7d6f58eb0>,31,13,[8 1],49,66,79,17,50
1,<environment.Job instance at 0x14e7e259d370>,32,3,[6 2],50,79,82,29,53
1,<environment.Job instance at 0x14e7e003b230>,36,1,[1 9],57,66,67,9,57
1,<environment.Job instance at 0x14e7e003b550>,39,2,[1 9],60,67,69,7,60
1,<environment.Job instance at 0x14e7d3857460>,40,2,[1 5],62,64,66,2,62
1,<environment.Job instance at 0x14e7d6ee7960>,41,1,[2 9],63,69,70,6,63
1,<environment.Job instance at 0x14e7d6ee7640>,42,2,[6 1],64,82,84,18,64
1,<environment.Job instance at 0x14e7d6ee7050>,43,17,[8 2],65,84,101,19,72
1,<environment.Job instance at 0x14e7e3ff51e0>,51,2,[6 2],77,101,103,24,77
1,<environment.Job instance at 0x14e7d7cc1370>,52,3,[2 6],78,78,81,0,78
1,<environment.Job instance at 0x14e7d4733780>,59,15,[8 2],86,103,118,17,89
1,<environment.Job instance at 0x14e7d57350a0>,70,2,[9 1],103,118,120,15,103
1,<environment.Job instance at 0x14e7e0014050>,71,2,[8 2],107,120,122,13,109
1,<environment.Job instance at 0x14e7d3ef2be0>,74,2,[9 2],111,122,124,11,112
1,<environment.Job instance at 0x14e7d3ef2af0>,76,3,[8 1],113,124,127,11,114
1,<environment.Job instance at 0x14e7d8001230>,85,14,[2 7],127,127,141,0,127
1,<environment.Job instance at 0x14e7d8001050>,84,14,[9 1],126,141,155,15,127
1,<environment.Job instance at 0x14e7d4075910>,88,3,[1 7],131,141,144,10,131
1,<environment.Job instance at 0x14e7d80014b0>,86,3,[5 1],129,133,136,4,133
1,<environment.Job instance at 0x14e7d4075230>,91,3,[1 7],136,144,147,8,136
1,<environment.Job instance at 0x14e7d4075550>,92,2,[2 8],138,155,157,17,138
1,<environment.Job instance at 0x14e7d4075410>,93,2,[1 8],139,147,149,8,139
1,<environment.Job instance at 0x14e7d416fdc0>,94,3,[1 7],142,149,152,7,142
1,<environment.Job instance at 0x14e7d416f1e0>,95,1,[1 8],145,152,153,7,145
1,<environment.Job instance at 0x14e7d416fc80>,97,3,[2 9],149,157,160,8,149
1,<environment.Job instance at 0x14e7d4179460>,102,3,[9 2],156,160,163,4,156
1,<environment.Job instance at 0x14e7d41790f0>,103,14,[8 1],157,163,177,6,160
1,<environment.Job instance at 0x14e7d4179c80>,105,3,[9 1],160,177,180,17,160
1,<environment.Job instance at 0x14e7d4179cd0>,106,16,[10  1],161,228,244,67,228
1,<environment.Job instance at 0x14e7d3d71eb0>,8,15,[6 1],15,15,30,0,15
1,<environment.Job instance at 0x14e7d4c22820>,17,14,[10  1],30,30,44,0,30
1,<environment.Job instance at 0x14e7e25c9870>,69,3,[8 2],119,125,128,6,125
1,<environment.Job instance at 0x14e7e2594d20>,89,12,[9 1],146,161,173,15,161
1,<environment.Job instance at 0x14e7d4c0bc80>,96,2,[8 2],155,194,196,39,194
1,<environment.Job instance at 0x14e7d8027460>,7,3,[8 2],13,30,33,17,30
1,<environment.Job instance at 0x14e7e19a90a0>,10,13,[10  2],17,49,62,32,49
1,<environment.Job instance at 0x14e7d6e41af0>,15,15,[10  1],23,74,89,51,74
1,<environment.Job instance at 0x14e7d4bd0690>,23,14,[9 2],37,90,104,53,90
1,<environment.Job instance at 0x14e7d3ad5140>,34,16,[5 2],52,154,170,102,154
1,<environment.Job instance at 0x14e7d4c820f0>,42,14,[9 2],62,170,184,108,159
1,<environment.Job instance at 0x14e7e19e65a0>,52,18,[10  2],78,184,202,106,179
1,<environment.Job instance at 0x14e8108c7f50>,68,3,[8 2],98,202,205,104,198
1,<environment.Job instance at 0x14e7e1af3cd0>,73,15,[9 1],103,205,220,102,204
1,<environment.Job instance at 0x14e7e1af3190>,74,15,[8 1],104,220,235,116,206
1,<environment.Job instance at 0x14e7d4c60050>,91,27,[10  1],127,235,262,108,233
1,<environment.Job instance at 0x14e7d4c60f00>,92,2,[9 1],128,262,264,134,235
1,<environment.Job instance at 0x14e7d427e280>,100,20,[10  2],144,264,284,120,257
1,<environment.Job instance at 0x14e7d427ec30>,105,13,[10  1],150,284,297,134,268
1,<environment.Job instance at 0x14e7d427e0f0>,106,3,[8 1],151,297,300,146,271
1,<environment.Job instance at 0x14e7d42e7d70>,120,16,[8 2],174,300,316,126,287
1,<environment.Job instance at 0x14e7d37913c0>,13,21,[5 2],18,598,619,580,598
1,<environment.Job instance at 0x14e7d3ccc7d0>,18,3,[7 1],29,619,622,590,608
1,<environment.Job instance at 0x14e7d3ccc230>,19,16,[5 2],30,622,638,592,609
1,<environment.Job instance at 0x14e7d3a34460>,17,28,[2 5],28,614,642,586,614
1,<environment.Job instance at 0x14e7d3cd3eb0>,30,15,[8 2],43,638,653,595,624
1,<environment.Job instance at 0x14e7d3a452d0>,42,17,[10  1],60,661,678,601,661
1,<environment.Job instance at 0x14e7d7b4d870>,24,15,[10  2],37,678,693,641,664
1,<environment.Job instance at 0x14e7d3a45230>,43,3,[6 1],61,693,696,632,675
1,<environment.Job instance at 0x14e7d3a45e60>,47,2,[1 6],69,693,695,624,676
1,<environment.Job instance at 0x14e7d710eb40>,70,3,[8 1],105,712,715,607,712
1,<environment.Job instance at 0x14e7d710e5a0>,72,12,[6 1],107,730,742,623,730
1,<environment.Job instance at 0x14e7d3720820>,82,22,[10  2],120,782,804,662,782
1,<environment.Job instance at 0x14e7d6e017d0>,91,14,[10  2],137,804,818,667,790
1,<environment.Job instance at 0x14e7d6e01c80>,94,3,[10  2],140,818,821,678,793
1,<environment.Job instance at 0x14e7d7d5f910>,102,3,[9 2],152,821,824,669,812
1,<environment.Job instance at 0x14e7d80c3460>,113,16,[2 5],168,845,861,677,845
1,<environment.Job instance at 0x14e7d80c3140>,120,1,[8 2],177,878,879,701,878
1,<environment.Job instance at 0x14e7d80c3870>,121,18,[6 2],178,879,897,701,878
1,<environment.Job instance at 0x14e7d80c3a00>,2,2,[10  2],5,5,7,0,5
1,<environment.Job instance at 0x14e7d7daa0a0>,4,2,[7 2],7,8,10,1,8
1,<environment.Job instance at 0x14e7d7daae60>,11,3,[10  1],15,15,18,0,15
1,<environment.Job instance at 0x14e7e1a85500>,12,17,[9 1],16,18,35,2,16
1,<environment.Job instance at 0x14e7e1a857d0>,14,2,[10  2],18,35,37,17,20
1,<environment.Job instance at 0x14e7d71d7af0>,19,2,[2 9],25,37,39,12,25
1,<environment.Job instance at 0x14e7d7da1910>,20,3,[2 5],27,39,42,12,27
1,<environment.Job instance at 0x14e7d3c8a7d0>,23,3,[8 2],31,39,42,8,31
1,<environment.Job instance at 0x14e7e1950fa0>,32,2,[7 1],41,42,44,1,41
1,<environment.Job instance at 0x14e7d4435e10>,36,3,[10  2],48,51,54,3,51
1,<environment.Job instance at 0x14e7d4bccb90>,37,3,[8 2],49,54,57,5,51
1,<environment.Job instance at 0x14e7d4bcc730>,40,3,[7 1],53,57,60,4,53
1,<environment.Job instance at 0x14e7d3a9f050>,43,3,[8 2],58,60,63,2,58
1,<environment.Job instance at 0x14e7d3a9f3c0>,49,2,[10  1],67,67,69,0,67
1,<environment.Job instance at 0x14e7d38917d0>,68,14,[5 2],92,112,126,20,112
1,<environment.Job instance at 0x14e7d3a34b90>,78,12,[7 2],108,126,138,18,113
1,<environment.Job instance at 0x14e7e191cb40>,85,3,[7 2],116,138,141,22,131
1,<environment.Job instance at 0x14e7d7ca42d0>,89,16,[7 1],120,141,157,21,141
1,<environment.Job instance at 0x14e7d71a50a0>,102,3,[7 2],144,176,179,32,176
1,<environment.Job instance at 0x14e7d71a5320>,104,3,[6 1],147,179,182,32,176
1,<environment.Job instance at 0x14e7d39cde10>,109,15,[6 1],155,192,207,37,192
1,<environment.Job instance at 0x14e7d39cdaf0>,110,16,[7 2],157,207,223,50,194
1,<environment.Job instance at 0x14e7d39cddc0>,114,16,[7 2],161,223,239,62,210
1,<environment.Job instance at 0x14e7d39cd460>,119,2,[2 5],169,237,239,68,237
1,<environment.Job instance at 0x14e7d39cd870>,120,1,[1 7],172,239,240,67,237
1,<environment.Job instance at 0x14e7d39cd0f0>,121,1,[ 1 10],174,243,244,69,243
1,<environment.Job instance at 0x14e7d39cdb40>,122,3,[8 2],176,244,247,68,243
1,<environment.Job instance at 0x14e7d39e3a00>,124,2,[2 8],178,244,246,66,243
1,<environment.Job instance at 0x14e7d7214550>,21,17,[6 1],29,58,75,29,58
1,<environment.Job instance at 0x14e7d7214d70>,22,3,[2 5],30,79,82,49,79
1,<environment.Job instance at 0x14e7d7312c30>,43,17,[6 2],60,100,117,40,100
1,<environment.Job instance at 0x14e7d3a1c0f0>,25,2,[9 2],33,117,119,84,101
1,<environment.Job instance at 0x14e7d3a030f0>,49,1,[7 1],69,119,120,50,111
1,<environment.Job instance at 0x14e7d4eff410>,74,3,[9 1],103,159,162,56,159
1,<environment.Job instance at 0x14e7d389a410>,77,3,[10  2],108,163,166,55,163
1,<environment.Job instance at 0x14e7d8007730>,81,13,[8 1],113,174,187,61,174
1,<environment.Job instance at 0x14e7d80078c0>,82,2,[10  2],115,187,189,72,186
1,<environment.Job instance at 0x14e7d8007dc0>,87,12,[10  2],123,189,201,66,186
1,<environment.Job instance at 0x14e7d41a6730>,98,3,[5 2],137,206,209,69,206
1,<environment.Job instance at 0x14e7d41a6910>,99,3,[8 1],138,209,212,71,206
1,<environment.Job instance at 0x14e7d41a6e10>,100,1,[10  1],139,219,220,80,219
1,<environment.Job instance at 0x14e7d41a6a50>,102,13,[5 2],141,247,260,106,247
1,<environment.Job instance at 0x14e7e1cfd0f0>,115,3,[8 1],160,260,263,100,247
1,<environment.Job instance at 0x14e7e1cfd5a0>,117,2,[8 1],162,263,265,101,247
1,<environment.Job instance at 0x14e7e2729eb0>,122,1,[10  2],169,265,266,96,264
1,<environment.Job instance at 0x14e7e2729cd0>,124,3,[10  1],172,267,270,95,267
1,<environment.Job instance at 0x14e7e2729c80>,125,1,[10  1],174,270,271,96,267
1,<environment.Job instance at 0x14e82a08dc30>,1,3,[8 2],2,2,5,0,2
1,<environment.Job instance at 0x14e7d6e865a0>,8,3,[5 1],15,15,18,0,15
1,<environment.Job instance at 0x14e7d7048aa0>,11,3,[ 1 10],18,19,22,1,19
1,<environment.Job instance at 0x14e7d70350f0>,13,16,[6 2],20,22,38,2,20
1,<environment.Job instance at 0x14e7d4c3e500>,14,1,[8 2],22,38,39,16,25
1,<environment.Job instance at 0x14e7e19300f0>,18,2,[7 2],26,39,41,13,32
1,<environment.Job instance at 0x14e7d410a3c0>,22,15,[6 2],34,41,56,7,34
1,<environment.Job instance at 0x14e7d7ceebe0>,24,16,[10  1],37,56,72,19,43
1,<environment.Job instance at 0x14e7e1add500>,28,2,[1 7],41,72,74,31,63
1,<environment.Job instance at 0x14e7e1acaf00>,48,18,[ 1 10],64,74,92,10,70
1,<environment.Job instance at 0x14e7e1aca410>,49,12,[5 2],65,92,104,27,75
1,<environment.Job instance at 0x14e7e1acac80>,50,2,[9 2],66,104,106,38,77
1,<environment.Job instance at 0x14e7e1acddc0>,53,1,[2 6],72,92,93,20,88
1,<environment.Job instance at 0x14e7d6e99780>,56,1,[1 9],75,106,107,31,88
1,<environment.Job instance at 0x14e7d6e99dc0>,57,1,[9 1],76,106,107,30,88
1,<environment.Job instance at 0x14e7d4c7c2d0>,58,1,[10  2],77,107,108,30,88
1,<environment.Job instance at 0x14e7e0010410>,59,1,[6 2],79,108,109,29,88
1,<environment.Job instance at 0x14e7d4c58d20>,60,12,[8 2],80,109,121,29,92
1,<environment.Job instance at 0x14e7d6f29460>,61,3,[10  2],81,121,124,40,95
1,<environment.Job instance at 0x14e7d6e7e190>,67,3,[7 1],92,124,127,32,100
1,<environment.Job instance at 0x14e7d6e7e0f0>,69,3,[6 2],94,127,130,33,101
1,<environment.Job instance at 0x14e7d42b9410>,47,19,[8 1],62,130,149,68,120
1,<environment.Job instance at 0x14e7d391c190>,73,2,[5 2],101,149,151,48,127
1,<environment.Job instance at 0x14e7d4041640>,89,1,[8 2],125,151,152,26,143
1,<environment.Job instance at 0x14e7d7d23dc0>,94,2,[10  2],130,152,154,22,151
1,<environment.Job instance at 0x14e7d7d23d70>,95,2,[7 1],131,154,156,23,153
1,<environment.Job instance at 0x14e7d7d23640>,96,18,[2 8],132,154,172,22,153
1,<environment.Job instance at 0x14e7d7d233c0>,97,1,[10  1],133,174,175,41,174
1,<environment.Job instance at 0x14e7e1acc0a0>,107,17,[2 5],149,175,192,26,174
1,<environment.Job instance at 0x14e7d6f39e60>,113,14,[10  1],165,198,212,33,198
1,<environment.Job instance at 0x14e7d6f399b0>,114,13,[8 1],166,212,225,46,198
1,<environment.Job instance at 0x14e7d6f39460>,115,3,[5 1],167,225,228,58,211
1,<environment.Job instance at 0x14e7d6e90910>,118,12,[7 1],172,228,240,56,211
1,<environment.Job instance at 0x14e7d3b2be10>,3,18,[9 1],5,5,23,0,5
1,<environment.Job instance at 0x14e7d4bf22d0>,18,3,[7 2],20,23,26,3,20
1,<environment.Job instance at 0x14e7d80a9cd0>,19,13,[7 2],23,26,39,3,23
1,<environment.Job instance at 0x14e7e0676460>,22,12,[10  2],27,39,51,12,28
1,<environment.Job instance at 0x14e7d416beb0>,26,2,[8 1],34,51,53,17,34
1,<environment.Job instance at 0x14e7d3dbf780>,35,3,[10  1],45,62,65,17,62
1,<environment.Job instance at 0x14e7d3dbf370>,39,1,[9 1],50,65,66,15,62
1,<environment.Job instance at 0x14e7d374a640>,42,3,[8 2],55,66,69,11,62
1,<environment.Job instance at 0x14e7e2964730>,45,3,[10  1],59,69,72,10,62
1,<environment.Job instance at 0x14e7d374a780>,46,1,[8 2],60,72,73,12,62
1,<environment.Job instance at 0x14e7d3dbf7d0>,38,18,[8 2],49,73,91,24,64
1,<environment.Job instance at 0x14e7e1950d70>,52,14,[7 1],67,91,105,24,77
1,<environment.Job instance at 0x14e7e1950460>,60,1,[7 2],78,105,106,27,78
1,<environment.Job instance at 0x14e7d442f230>,68,3,[7 1],86,106,109,20,97
1,<environment.Job instance at 0x14e7d442f0a0>,72,16,[8 2],91,109,125,18,100
1,<environment.Job instance at 0x14e7d429e820>,77,2,[7 1],100,125,127,25,113
1,<environment.Job instance at 0x14e7d429e690>,80,2,[10  1],105,127,129,22,114
1,<environment.Job instance at 0x14e7d429ea50>,82,3,[6 2],108,129,132,21,121
1,<environment.Job instance at 0x14e7d429eaf0>,83,18,[5 2],110,132,150,22,121
1,<environment.Job instance at 0x14e7d7fbe690>,87,13,[10  2],119,150,163,31,134
1,<environment.Job instance at 0x14e7d7fbeb90>,98,18,[9 1],132,163,181,31,155
1,<environment.Job instance at 0x14e7e18bda00>,102,12,[9 1],140,181,193,41,164
1,<environment.Job instance at 0x14e7d4239050>,123,12,[10  2],171,202,214,31,202
1,<environment.Job instance at 0x14e7d4239460>,126,17,[10  2],178,220,237,42,220
1,<environment.Job instance at 0x14e7d6e09fa0>,3,3,[1 8],6,6,9,0,6
1,<environment.Job instance at 0x14e7d4c02d70>,4,3,[9 2],7,7,10,0,7
1,<environment.Job instance at 0x14e7d4bcb0f0>,7,2,[7 1],10,14,16,4,14
1,<environment.Job instance at 0x14e7d4bcb640>,10,15,[10  2],14,16,31,2,14
1,<environment.Job instance at 0x14e7d4bcbb40>,12,1,[6 1],17,31,32,14,17
1,<environment.Job instance at 0x14e7e26a7050>,14,14,[7 2],19,32,46,13,19
1,<environment.Job instance at 0x14e7e26a7230>,15,3,[9 2],21,46,49,25,23
1,<environment.Job instance at 0x14e7d7d3ddc0>,19,2,[1 5],31,31,33,0,31
1,<environment.Job instance at 0x14e7d4c2ee10>,36,2,[8 1],55,80,82,25,80
1,<environment.Job instance at 0x14e7d4c2ecd0>,40,3,[5 2],60,89,92,29,89
1,<environment.Job instance at 0x14e7d4c2efa0>,45,2,[10  2],66,93,95,27,93
1,<environment.Job instance at 0x14e7d4c2e690>,46,2,[10  2],67,95,97,28,95
1,<environment.Job instance at 0x14e7d4b725a0>,49,2,[10  1],71,112,114,41,112
1,<environment.Job instance at 0x14e7d6eea410>,58,20,[8 2],85,114,134,29,112
1,<environment.Job instance at 0x14e7e1aef3c0>,81,18,[7 2],117,137,155,20,137
1,<environment.Job instance at 0x14e7e1aeff50>,82,14,[8 1],118,155,169,37,150
1,<environment.Job instance at 0x14e7e259d1e0>,91,15,[9 1],128,169,184,41,155
1,<environment.Job instance at 0x14e7d575ba00>,102,3,[9 1],145,184,187,39,158
1,<environment.Job instance at 0x14e7d6f4b640>,115,15,[6 2],159,187,202,28,184
1,<environment.Job instance at 0x14e7e265b140>,129,12,[5 1],178,220,232,42,220
1,<environment.Job instance at 0x146348648550>,29,13,[1 6],39,55,68,16,55
1,<environment.Job instance at 0x146348648050>,31,3,[8 1],42,56,59,14,56
1,<environment.Job instance at 0x1463486489b0>,32,16,[9 1],43,59,75,16,56
1,<environment.Job instance at 0x1463486485a0>,33,2,[5 1],44,75,77,31,68
1,<environment.Job instance at 0x146348648e60>,38,2,[8 2],50,77,79,27,68
1,<environment.Job instance at 0x1463486470a0>,51,16,[10  1],69,92,108,23,92
1,<environment.Job instance at 0x1463488bae10>,58,3,[6 1],83,108,111,25,108
1,<environment.Job instance at 0x146348d7d370>,61,2,[5 2],87,111,113,24,111
1,<environment.Job instance at 0x1463486519b0>,75,17,[9 2],110,144,161,34,144
1,<environment.Job instance at 0x146348651f00>,79,3,[10  1],119,161,164,42,144
1,<environment.Job instance at 0x146348651eb0>,80,3,[9 2],120,164,167,44,144
1,<environment.Job instance at 0x1463486582d0>,82,16,[1 7],122,171,187,49,171
1,<environment.Job instance at 0x146348658b40>,95,3,[7 1],139,186,189,47,186
1,<environment.Job instance at 0x14634865b730>,98,2,[9 1],146,189,191,43,188
1,<environment.Job instance at 0x14634865b280>,100,2,[6 1],152,192,194,40,192
1,<environment.Job instance at 0x14634865b8c0>,101,15,[9 2],153,194,209,41,192
1,<environment.Job instance at 0x14634865bb90>,105,1,[9 2],159,209,210,50,203
1,<environment.Job instance at 0x14634865bc80>,106,14,[5 1],160,210,224,50,203
1,<environment.Job instance at 0x14634865c2d0>,112,3,[9 1],167,224,227,57,203
1,<environment.Job instance at 0x14634865c500>,115,13,[9 1],172,227,240,55,211
1,<environment.Job instance at 0x14634865bf00>,111,15,[1 5],165,216,231,51,216
1,<environment.Job instance at 0x14634865ca00>,118,12,[10  2],179,240,252,61,224
1,<environment.Job instance at 0x14637670af50>,18,3,[6 1],33,41,44,8,41
1,<environment.Job instance at 0x14637670a0a0>,22,15,[7 2],39,46,61,7,46
1,<environment.Job instance at 0x146375bf9f00>,41,16,[7 1],68,107,123,39,107
1,<environment.Job instance at 0x146375bf9050>,45,3,[10  2],73,123,126,50,107
1,<environment.Job instance at 0x146375ea7140>,70,17,[10  1],105,161,178,56,161
1,<environment.Job instance at 0x146375c4d1e0>,75,13,[5 2],112,178,191,66,176
1,<environment.Job instance at 0x146375c4de10>,77,14,[10  1],116,191,205,75,178
1,<environment.Job instance at 0x146375ad3550>,109,1,[8 2],156,254,255,98,254
1,<environment.Job instance at 0x14637413a460>,110,3,[10  1],157,255,258,98,254
1,<environment.Job instance at 0x14637676ceb0>,111,15,[7 2],159,258,273,99,254
1,<environment.Job instance at 0x146375c2f6e0>,122,12,[6 1],181,280,292,99,280
1,<environment.Job instance at 0x146347f72aa0>,6,17,[10  1],8,8,25,0,8
1,<environment.Job instance at 0x146348072f50>,7,3,[5 2],11,25,28,14,18
1,<environment.Job instance at 0x146348388dc0>,13,2,[7 1],22,32,34,10,32
1,<environment.Job instance at 0x14634bf10550>,20,1,[5 2],32,47,48,15,47
1,<environment.Job instance at 0x1463840597d0>,33,15,[10  2],50,74,89,24,74
1,<environment.Job instance at 0x1463480bba50>,39,3,[10  2],57,92,95,35,92
1,<environment.Job instance at 0x1463480bbb90>,42,17,[10  2],64,95,112,31,92
1,<environment.Job instance at 0x1463480bb140>,43,3,[7 1],65,112,115,47,99
1,<environment.Job instance at 0x1463840c5a50>,53,16,[8 1],77,115,131,38,108
1,<environment.Job instance at 0x146347f2da50>,54,1,[9 2],78,131,132,53,115
1,<environment.Job instance at 0x146374194230>,59,12,[8 2],83,132,144,49,116
1,<environment.Job instance at 0x146347ec8780>,60,3,[6 2],85,144,147,59,118
1,<environment.Job instance at 0x146347ec29b0>,64,1,[7 1],93,147,148,54,119
1,<environment.Job instance at 0x146347f8cdc0>,68,1,[2 5],97,119,120,22,119
1,<environment.Job instance at 0x146347f8cfa0>,69,14,[10  2],98,148,162,50,133
1,<environment.Job instance at 0x146347e8adc0>,76,2,[6 1],109,162,164,53,136
1,<environment.Job instance at 0x146347e8a960>,77,18,[10  2],110,164,182,54,153
1,<environment.Job instance at 0x146347f32d20>,84,12,[8 2],120,182,194,62,179
1,<environment.Job instance at 0x146347ff6190>,98,12,[10  1],141,194,206,53,179
1,<environment.Job instance at 0x146347ff2500>,113,3,[6 2],164,206,209,42,182
1,<environment.Job instance at 0x146347ff2dc0>,115,3,[6 2],167,209,212,42,183
1,<environment.Job instance at 0x146347ff2e60>,119,3,[7 1],173,212,215,39,186
1,<environment.Job instance at 0x146347ff61e0>,103,14,[10  1],151,215,229,64,208
1,<environment.Job instance at 0x1463482320f0>,3,3,[7 2],8,8,11,0,8
1,<environment.Job instance at 0x146375e82640>,27,14,[8 2],46,61,75,15,61
1,<environment.Job instance at 0x14634b3486e0>,5,2,[2 5],12,61,63,49,61
1,<environment.Job instance at 0x146375e82230>,29,3,[8 1],48,75,78,27,61
1,<environment.Job instance at 0x146375e82a50>,36,15,[8 1],59,78,93,19,66
1,<environment.Job instance at 0x146347ef4780>,52,3,[10  1],83,110,113,27,110
1,<environment.Job instance at 0x14634b339320>,55,3,[8 1],87,113,116,26,110
1,<environment.Job instance at 0x146375b80960>,65,17,[8 2],103,133,150,30,133
1,<environment.Job instance at 0x146347e96370>,86,3,[8 1],136,175,178,39,175
1,<environment.Job instance at 0x146375be7730>,118,16,[8 1],178,253,269,75,253
1,<environment.Job instance at 0x146375c73370>,126,3,[10  2],186,272,275,86,272
1,<environment.Job instance at 0x146375b5d550>,2,3,[9 1],3,3,6,0,3
1,<environment.Job instance at 0x146375b5deb0>,3,12,[9 2],4,6,18,2,4
1,<environment.Job instance at 0x14634814f2d0>,4,3,[8 2],6,18,21,12,7
1,<environment.Job instance at 0x14634817c690>,6,15,[9 2],9,21,36,12,9
1,<environment.Job instance at 0x14634815d280>,30,2,[5 2],47,190,192,143,190
1,<environment.Job instance at 0x1463481e6280>,63,14,[5 2],95,200,214,105,200
1,<environment.Job instance at 0x1463481e6230>,64,12,[8 2],97,214,226,117,200
1,<environment.Job instance at 0x14634be17820>,75,1,[7 2],114,226,227,112,224
1,<environment.Job instance at 0x14634be17320>,77,13,[10  2],116,227,240,111,224
1,<environment.Job instance at 0x14634be17870>,84,2,[10  2],131,240,242,109,235
1,<environment.Job instance at 0x14634b049a50>,92,2,[9 2],141,254,256,113,254
1,<environment.Job instance at 0x14634b0495a0>,94,3,[7 2],145,256,259,111,254
1,<environment.Job instance at 0x14634b049f00>,97,1,[10  2],149,259,260,110,258
1,<environment.Job instance at 0x14634b0492d0>,99,22,[9 1],151,260,282,109,260
1,<environment.Job instance at 0x146375ba3e60>,105,18,[8 2],157,282,300,125,271
1,<environment.Job instance at 0x146375ba3b90>,107,3,[10  1],159,300,303,141,296
1,<environment.Job instance at 0x14634b205500>,111,2,[2 6],164,308,310,144,308
1,<environment.Job instance at 0x14634860f140>,114,13,[1 7],167,310,323,143,308
1,<environment.Job instance at 0x14638412f500>,119,3,[7 1],173,326,329,153,326
1,<environment.Job instance at 0x146374106960>,126,3,[6 2],188,329,332,141,326
1,<environment.Job instance at 0x146375bf8d70>,12,18,[10  1],16,16,34,0,16
1,<environment.Job instance at 0x1463480735f0>,14,2,[2 9],19,34,36,15,19
1,<environment.Job instance at 0x146348d4fcd0>,15,2,[5 1],20,34,36,14,20
1,<environment.Job instance at 0x1463486302d0>,13,3,[7 1],17,36,39,19,27
1,<environment.Job instance at 0x1463482412d0>,20,19,[10  1],27,39,58,12,29
1,<environment.Job instance at 0x14634867a870>,24,3,[2 9],33,36,39,3,34
1,<environment.Job instance at 0x146375a88190>,26,3,[10  2],36,58,61,22,36
1,<environment.Job instance at 0x146375a88690>,28,2,[8 1],38,61,63,23,41
1,<environment.Job instance at 0x146384059d70>,32,3,[10  2],42,63,66,21,42
1,<environment.Job instance at 0x146349057780>,36,3,[8 2],50,66,69,16,50
1,<environment.Job instance at 0x1463490570f0>,38,17,[5 2],52,69,86,17,57
1,<environment.Job instance at 0x14634812b190>,62,13,[10  2],84,86,99,2,85
1,<environment.Job instance at 0x14634812b7d0>,66,12,[9 1],92,99,111,7,97
1,<environment.Job instance at 0x146376735aa0>,70,15,[8 1],97,111,126,14,108
1,<environment.Job instance at 0x146376735eb0>,75,3,[5 2],104,126,129,22,126
1,<environment.Job instance at 0x1463767352d0>,77,3,[8 1],106,129,132,23,126
1,<environment.Job instance at 0x146376735870>,79,1,[10  2],110,132,133,22,129
1,<environment.Job instance at 0x146376735b90>,81,3,[6 1],112,133,136,21,129
1,<environment.Job instance at 0x146384ee70a0>,85,3,[7 2],117,145,148,28,145
1,<environment.Job instance at 0x14634bd34c80>,90,2,[10  1],122,148,150,26,145
1,<environment.Job instance at 0x14634bd34fa0>,92,3,[5 1],124,150,153,26,145
1,<environment.Job instance at 0x14634b339320>,93,1,[9 2],128,153,154,25,145
1,<environment.Job instance at 0x14634b339640>,94,15,[5 2],130,154,169,24,153
1,<environment.Job instance at 0x14634b339af0>,95,3,[7 1],132,185,188,53,185
1,<environment.Job instance at 0x146348d41410>,116,12,[8 1],162,218,230,56,218
1,<environment.Job instance at 0x146348d41eb0>,127,3,[5 2],177,230,233,53,224
1,<environment.Job instance at 0x14634b3a15a0>,129,12,[2 8],179,224,236,45,224
1,<environment.Job instance at 0x14634b3a17d0>,131,3,[1 6],184,236,239,52,224
1,<environment.Job instance at 0x14634b3a15f0>,132,3,[2 5],185,239,242,54,224
1,<environment.Job instance at 0x14637413a4b0>,33,14,[7 2],45,278,292,233,278
1,<environment.Job instance at 0x14638402cb90>,17,2,[1 5],22,329,331,307,329
1,<environment.Job instance at 0x14634afa7690>,1,15,[10  2],3,3,18,0,3
1,<environment.Job instance at 0x14634bcebd70>,15,3,[8 2],19,22,25,3,22
1,<environment.Job instance at 0x14634bcebb40>,16,12,[6 2],21,198,210,177,198
1,<environment.Job instance at 0x14634bf1c230>,18,2,[9 2],23,231,233,208,231
1,<environment.Job instance at 0x146348df17d0>,27,1,[10  1],35,233,234,198,233
1,<environment.Job instance at 0x14634814f500>,31,2,[8 1],43,258,260,215,258
1,<environment.Job instance at 0x14634af96730>,37,2,[9 1],55,289,291,234,289
1,<environment.Job instance at 0x146375c49cd0>,39,2,[9 1],58,291,293,233,290
1,<environment.Job instance at 0x146375c46dc0>,49,17,[10  2],70,301,318,231,301
1,<environment.Job instance at 0x146375c39dc0>,54,2,[1 6],79,318,320,239,315
1,<environment.Job instance at 0x146375c392d0>,55,3,[1 9],81,320,323,239,316
1,<environment.Job instance at 0x146375c39d20>,56,1,[10  1],82,323,324,241,320
1,<environment.Job instance at 0x146375c39a00>,57,3,[5 1],83,320,323,237,320
1,<environment.Job instance at 0x146375c39c80>,58,2,[8 1],84,324,326,240,320
1,<environment.Job instance at 0x14638402cb90>,3,3,[9 1],5,326,329,321,322
1,<environment.Job instance at 0x1463767a0690>,65,18,[5 2],93,329,347,236,329
1,<environment.Job instance at 0x1463767a00f0>,70,18,[5 2],100,346,364,246,346
1,<environment.Job instance at 0x14634bd34190>,71,1,[6 2],101,364,365,263,363
1,<environment.Job instance at 0x14634bd34640>,73,17,[5 1],104,365,382,261,363
1,<environment.Job instance at 0x14634bd34690>,78,18,[8 1],109,382,400,273,371
1,<environment.Job instance at 0x14634b047dc0>,91,2,[9 2],125,425,427,300,425
1,<environment.Job instance at 0x14634b047e60>,92,2,[7 1],126,427,429,301,425
1,<environment.Job instance at 0x14634b047f50>,94,1,[8 1],128,437,438,309,437
1,<environment.Job instance at 0x14634b0473c0>,95,18,[10  1],129,438,456,309,437
1,<environment.Job instance at 0x14634b493870>,99,17,[10  2],136,456,473,320,444
1,<environment.Job instance at 0x1463481d9be0>,105,1,[7 2],142,473,474,331,468
1,<environment.Job instance at 0x146347f8dd20>,109,1,[10  1],147,474,475,327,468
1,<environment.Job instance at 0x146375c72640>,112,20,[9 2],151,475,495,324,474
1,<environment.Job instance at 0x146347f8df00>,108,16,[9 1],146,495,511,349,482
1,<environment.Job instance at 0x14634b0384b0>,115,1,[1 8],156,482,483,326,482
1,<environment.Job instance at 0x146375c72be0>,116,1,[7 1],157,511,512,354,483
1,<environment.Job instance at 0x146375bedd70>,117,3,[5 2],158,512,515,354,486
1,<environment.Job instance at 0x146375bed690>,119,1,[ 1 10],160,515,516,355,487
1,<environment.Job instance at 0x1463741c6aa0>,120,1,[2 5],161,511,512,350,487
1,<environment.Job instance at 0x1463741c6780>,121,2,[ 1 10],162,516,518,354,489
1,<environment.Job instance at 0x14634801b910>,122,2,[2 8],163,512,514,349,489
1,<environment.Job instance at 0x14634801be10>,123,1,[8 2],164,518,519,354,490
1,<environment.Job instance at 0x14634b038c80>,118,1,[10  1],159,519,520,360,515
1,<environment.Job instance at 0x1463481edc30>,135,17,[7 1],182,520,537,338,515
1,<environment.Job instance at 0x14634afbd820>,131,2,[8 2],178,537,539,359,521
1,<environment.Job instance at 0x1463481edbe0>,136,2,[10  1],183,539,541,356,539
1,<environment.Job instance at 0x14638401ab90>,8,18,[5 2],16,16,34,0,16
1,<environment.Job instance at 0x14634808c960>,7,1,[10  2],15,34,35,19,18
1,<environment.Job instance at 0x146348e05050>,16,12,[8 1],29,35,47,6,33
1,<environment.Job instance at 0x146349081be0>,18,2,[10  1],32,47,49,15,34
1,<environment.Job instance at 0x14634855c780>,19,3,[9 2],33,49,52,16,34
1,<environment.Job instance at 0x14634824e9b0>,21,1,[7 2],36,52,53,16,43
1,<environment.Job instance at 0x146348d70910>,23,13,[9 2],44,53,66,9,44
1,<environment.Job instance at 0x1463480e1af0>,24,1,[1 8],45,45,46,0,45
1,<environment.Job instance at 0x146347f78f50>,25,14,[7 1],46,66,80,20,51
1,<environment.Job instance at 0x146348de3b90>,29,20,[9 1],55,80,100,25,73
1,<environment.Job instance at 0x14639c1f5f50>,30,1,[9 1],56,100,101,44,74
1,<environment.Job instance at 0x14639c1f5b40>,32,1,[1 7],59,80,81,21,80
1,<environment.Job instance at 0x146348d50550>,46,2,[10  1],78,101,103,23,88
1,<environment.Job instance at 0x1463840e7fa0>,48,3,[5 1],80,103,106,23,88
1,<environment.Job instance at 0x14634853cb90>,49,1,[9 1],81,106,107,25,92
1,<environment.Job instance at 0x14634853ccd0>,52,3,[9 2],85,107,110,22,93
1,<environment.Job instance at 0x14634853c820>,54,17,[5 2],88,112,129,24,112
1,<environment.Job instance at 0x146348121fa0>,65,3,[8 1],103,129,132,26,112
1,<environment.Job instance at 0x146348230640>,72,3,[9 2],117,132,135,15,117
1,<environment.Job instance at 0x1463482302d0>,73,2,[7 1],118,135,137,17,118
1,<environment.Job instance at 0x14634af9cbe0>,85,16,[5 2],133,180,196,47,180
1,<environment.Job instance at 0x14634af9c410>,90,3,[1 7],138,205,208,67,205
1,<environment.Job instance at 0x14634af9caf0>,97,1,[10  1],146,211,212,65,211
1,<environment.Job instance at 0x14634af9c730>,98,3,[8 2],147,212,215,65,211
1,<environment.Job instance at 0x14637416e820>,100,14,[6 1],149,215,229,66,212
1,<environment.Job instance at 0x14637416eaf0>,103,3,[8 2],152,229,232,77,213
1,<environment.Job instance at 0x14637416e230>,105,13,[5 2],154,232,245,78,227
1,<environment.Job instance at 0x146384128c80>,123,3,[5 1],175,264,267,89,264
1,<environment.Job instance at 0x1463847f6550>,125,3,[1 9],178,267,270,89,267
1,<environment.Job instance at 0x1463847f67d0>,131,3,[1 9],185,270,273,85,267
1,<environment.Job instance at 0x1463481fd690>,6,17,[9 1],15,15,32,0,15
1,<environment.Job instance at 0x1463481fde60>,7,3,[7 1],16,32,35,16,17
1,<environment.Job instance at 0x1463847f6cd0>,8,3,[ 2 10],17,35,38,18,19
1,<environment.Job instance at 0x14634a513a50>,36,3,[6 1],53,55,58,2,55
1,<environment.Job instance at 0x14634a513c80>,37,2,[9 2],54,58,60,4,57
1,<environment.Job instance at 0x146374179e10>,75,18,[7 2],115,149,167,34,149
1,<environment.Job instance at 0x146347fa0d70>,79,14,[8 2],119,167,181,48,167
1,<environment.Job instance at 0x146347fa07d0>,86,17,[9 2],131,181,198,50,177
1,<environment.Job instance at 0x146348d50b40>,96,15,[9 2],146,202,217,56,202
1,<environment.Job instance at 0x146348279550>,121,14,[6 1],186,238,252,52,238
1,<environment.Job instance at 0x1463482c2d20>,1,13,[8 1],4,4,17,0,4
1,<environment.Job instance at 0x1463482c26e0>,5,3,[7 2],12,17,20,5,13
1,<environment.Job instance at 0x146347f20e10>,7,1,[10  1],15,21,22,6,21
1,<environment.Job instance at 0x14637675fc30>,11,2,[5 1],23,24,26,1,24
1,<environment.Job instance at 0x14634b1d8f50>,13,13,[10  2],25,47,60,22,47
1,<environment.Job instance at 0x1463766f0190>,56,16,[5 2],83,131,147,48,131
1,<environment.Job instance at 0x146375bbaa50>,62,16,[9 1],91,147,163,56,134
1,<environment.Job instance at 0x146348235550>,79,3,[8 2],116,163,166,47,138
1,<environment.Job instance at 0x146384a6faf0>,93,13,[8 1],139,166,179,27,166
1,<environment.Job instance at 0x14634bd0e9b0>,97,3,[6 2],146,179,182,33,166
1,<environment.Job instance at 0x14634bd85b40>,99,17,[6 1],148,182,199,34,172
1,<environment.Job instance at 0x14634c13b6e0>,116,15,[5 1],171,214,229,43,214
1,<environment.Job instance at 0x14634c13baa0>,121,15,[8 2],176,229,244,53,215
1,<environment.Job instance at 0x14634c13b910>,125,3,[10  1],180,244,247,64,218
1,<environment.Job instance at 0x14634bd0b370>,128,1,[10  2],185,247,248,62,219
1,<environment.Job instance at 0x14634bd0b9b0>,129,3,[2 5],187,219,222,32,219
1,<environment.Job instance at 0x1463740b1140>,2,3,[5 1],8,8,11,0,8
1,<environment.Job instance at 0x146347cdde60>,12,15,[7 1],23,23,38,0,23
1,<environment.Job instance at 0x146347d65140>,14,14,[9 1],26,38,52,12,26
1,<environment.Job instance at 0x146347d65960>,17,1,[ 1 10],30,52,53,22,34
1,<environment.Job instance at 0x14634b221140>,32,3,[9 2],56,56,59,0,56
1,<environment.Job instance at 0x1463740bc690>,42,2,[10  2],67,1524,1526,1457,1524
1,<environment.Job instance at 0x1463740bcb40>,45,3,[7 1],71,1538,1541,1467,1538
1,<environment.Job instance at 0x14634bdf7730>,25,12,[9 1],36,43,55,7,43
1,<environment.Job instance at 0x14637400f410>,32,2,[8 2],45,56,58,11,56
1,<environment.Job instance at 0x14637409aeb0>,35,2,[8 1],49,58,60,9,56
1,<environment.Job instance at 0x146384163320>,46,17,[7 2],69,69,86,0,69
1,<environment.Job instance at 0x146384163780>,51,15,[6 1],80,119,134,39,119
1,<environment.Job instance at 0x14634bd0c410>,54,3,[8 2],83,134,137,51,131
1,<environment.Job instance at 0x14634bd0c4b0>,57,13,[10  2],87,137,150,50,132
1,<environment.Job instance at 0x14634bd0c230>,62,15,[10  1],93,151,166,58,151
1,<environment.Job instance at 0x14634bd0c870>,69,3,[8 1],106,175,178,69,175
1,<environment.Job instance at 0x14634bd0c190>,70,14,[9 2],107,180,194,73,180
1,<environment.Job instance at 0x1463841cd500>,81,16,[5 2],122,255,271,133,255
1,<environment.Job instance at 0x1463841cd6e0>,82,3,[9 2],124,271,274,147,258
1,<environment.Job instance at 0x1463841cd7d0>,89,14,[9 2],132,316,330,184,316
1,<environment.Job instance at 0x146384ed7c80>,90,14,[7 2],133,330,344,197,316
1,<environment.Job instance at 0x146384ed7e60>,94,2,[5 2],141,344,346,203,317
1,<environment.Job instance at 0x146384ed7280>,103,3,[2 6],153,330,333,177,318
1,<environment.Job instance at 0x14634b0f2dc0>,106,1,[8 2],157,346,347,189,322
1,<environment.Job instance at 0x14634b0f2d20>,108,3,[7 1],159,347,350,188,325
1,<environment.Job instance at 0x146384ed77d0>,101,2,[8 2],150,350,352,200,328
1,<environment.Job instance at 0x14634b0f2460>,116,3,[6 2],169,352,355,183,331
1,<environment.Job instance at 0x14634b0f23c0>,120,15,[9 1],173,355,370,182,341
1,<environment.Job instance at 0x146375bd30a0>,124,2,[10  1],177,371,373,194,371
1,<environment.Job instance at 0x146375bd3c30>,129,3,[7 1],183,373,376,190,372
1,<environment.Job instance at 0x146375bd3190>,131,3,[5 2],187,376,379,189,373
1,<environment.Job instance at 0x1463480f3280>,19,1,[7 1],29,409,410,380,409
1,<environment.Job instance at 0x146375e91c80>,1,17,[7 1],3,3,20,0,3
1,<environment.Job instance at 0x146375b4ffa0>,4,2,[9 1],8,20,22,12,12
1,<environment.Job instance at 0x146375b4fdc0>,6,16,[8 1],12,22,38,10,12
1,<environment.Job instance at 0x14634b26ce60>,7,3,[8 2],14,38,41,24,14
1,<environment.Job instance at 0x14634b26cd20>,8,16,[2 8],15,22,38,7,16
1,<environment.Job instance at 0x14634becff50>,10,1,[7 2],18,41,42,23,25
1,<environment.Job instance at 0x14634af8a460>,17,13,[10  1],30,42,55,12,30
1,<environment.Job instance at 0x146348d99640>,12,20,[10  2],24,55,75,31,50
1,<environment.Job instance at 0x14634b32dcd0>,32,16,[8 2],54,75,91,21,62
1,<environment.Job instance at 0x14634b1327d0>,38,3,[9 2],61,91,94,30,67
1,<environment.Job instance at 0x14634818ddc0>,45,3,[6 1],71,94,97,23,92
1,<environment.Job instance at 0x14634808c4b0>,2,2,[9 1],5,5,7,0,5
1,<environment.Job instance at 0x146347ecaaf0>,9,2,[9 2],13,13,15,0,13
1,<environment.Job instance at 0x14634792d960>,6,2,[8 2],9,17,19,8,17
1,<environment.Job instance at 0x146374134d70>,15,3,[9 2],22,22,25,0,22
1,<environment.Job instance at 0x146348d18a50>,38,1,[8 2],53,67,68,14,67
1,<environment.Job instance at 0x146347c6c6e0>,39,2,[10  2],55,68,70,13,67
1,<environment.Job instance at 0x1463478aa640>,49,17,[9 1],66,78,95,12,78
1,<environment.Job instance at 0x146375a71370>,66,16,[8 2],87,125,141,38,125
1,<environment.Job instance at 0x1463482a20a0>,77,3,[7 1],103,147,150,44,147
1,<environment.Job instance at 0x1463482a2b90>,85,16,[6 1],116,158,174,42,158
1,<environment.Job instance at 0x1463478a8190>,97,17,[6 1],131,192,209,61,192
1,<environment.Job instance at 0x146375b8c230>,111,1,[7 2],154,219,220,65,219
1,<environment.Job instance at 0x146375b8c190>,112,1,[5 2],155,220,221,65,219
1,<environment.Job instance at 0x146375b8caa0>,115,12,[7 2],158,221,233,63,220
1,<environment.Job instance at 0x146347b47820>,120,15,[8 1],163,235,250,72,235
1,<environment.Job instance at 0x146347b47c30>,127,1,[7 2],171,250,251,79,249
1,<environment.Job instance at 0x146347b47c80>,129,3,[9 2],174,252,255,78,252
1,<environment.Job instance at 0x146347a7e460>,1,3,[7 2],4,4,7,0,4
1,<environment.Job instance at 0x146347a63c30>,9,16,[7 2],17,436,452,419,436
1,<environment.Job instance at 0x1463767708c0>,21,3,[8 2],36,452,455,416,449
1,<environment.Job instance at 0x14634bce6be0>,26,18,[8 2],44,463,481,419,463
1,<environment.Job instance at 0x14634bce6b40>,29,2,[7 1],48,481,483,433,477
1,<environment.Job instance at 0x146375c395a0>,37,3,[6 1],60,483,486,423,479
1,<environment.Job instance at 0x146375c394b0>,39,2,[9 1],63,486,488,423,481
1,<environment.Job instance at 0x146375c39dc0>,42,1,[5 1],66,498,499,432,498
1,<environment.Job instance at 0x146375c39fa0>,43,17,[6 1],67,499,516,432,498
1,<environment.Job instance at 0x146375c39140>,45,3,[9 2],69,516,519,447,501
1,<environment.Job instance at 0x146375c39f50>,47,14,[8 1],77,519,533,442,510
1,<environment.Job instance at 0x14634b281230>,59,17,[8 1],94,541,558,447,541
1,<environment.Job instance at 0x14634b281870>,62,15,[9 1],101,558,573,457,554
1,<environment.Job instance at 0x14634b281960>,66,3,[9 1],105,573,576,468,554
1,<environment.Job instance at 0x1463747d90f0>,89,1,[10  2],143,589,590,446,589
1,<environment.Job instance at 0x1463747d91e0>,90,15,[6 1],144,590,605,446,589
1,<environment.Job instance at 0x1463747d9960>,91,3,[10  1],145,605,608,460,591
1,<environment.Job instance at 0x1463747d9aa0>,88,14,[5 1],141,608,622,467,593
1,<environment.Job instance at 0x14634bcd88c0>,117,14,[8 2],180,622,636,442,609
1,<environment.Job instance at 0x1463747d9c30>,3,3,[5 1],5,6,9,1,6
1,<environment.Job instance at 0x14639e1cd4b0>,5,12,[9 2],7,9,21,2,7
1,<environment.Job instance at 0x146348640690>,6,2,[9 1],9,21,23,12,21
1,<environment.Job instance at 0x146348024cd0>,8,3,[1 6],11,24,27,13,24
1,<environment.Job instance at 0x146347b6cb40>,20,1,[1 5],35,35,36,0,35
1,<environment.Job instance at 0x1463488ad6e0>,21,13,[8 2],37,53,66,16,53
1,<environment.Job instance at 0x14634b3378c0>,13,16,[2 5],18,19,35,1,19
1,<environment.Job instance at 0x14634b337dc0>,15,1,[2 5],20,22,23,2,22
1,<environment.Job instance at 0x146347c822d0>,18,1,[2 6],24,35,36,11,25
1,<environment.Job instance at 0x14634b312500>,19,3,[6 2],25,25,28,0,25
1,<environment.Job instance at 0x14634b3128c0>,21,16,[6 2],28,28,44,0,28
1,<environment.Job instance at 0x146375eb1280>,23,1,[1 8],33,39,40,6,39
1,<environment.Job instance at 0x1463484c7f00>,29,16,[6 2],40,44,60,4,40
1,<environment.Job instance at 0x1463484c7320>,30,1,[8 2],42,60,61,18,42
1,<environment.Job instance at 0x14634b2d6780>,31,2,[9 1],43,61,63,18,43
1,<environment.Job instance at 0x14634bdc2b90>,32,16,[1 7],44,44,60,0,44
1,<environment.Job instance at 0x146348583b90>,33,14,[8 1],45,63,77,18,49
1,<environment.Job instance at 0x146348583780>,36,3,[2 8],49,63,66,14,49
1,<environment.Job instance at 0x146347ae1500>,38,15,[6 2],54,77,92,23,63
1,<environment.Job instance at 0x146347d83780>,41,2,[6 1],58,92,94,34,80
1,<environment.Job instance at 0x14638415e3c0>,57,1,[ 1 10],75,94,95,19,81
1,<environment.Job instance at 0x1463841192d0>,59,1,[7 2],77,95,96,18,82
1,<environment.Job instance at 0x1463740532d0>,65,12,[5 2],85,442,454,357,442
1,<environment.Job instance at 0x146374053230>,66,2,[9 2],86,454,456,368,454
1,<environment.Job instance at 0x14634bf19190>,69,1,[2 6],92,456,457,364,456
1,<environment.Job instance at 0x1463841d35f0>,71,12,[ 2 10],94,457,469,363,456
1,<environment.Job instance at 0x1463841d3c80>,73,1,[9 1],96,469,470,373,458
1,<environment.Job instance at 0x146384a97190>,74,1,[10  2],97,470,471,373,459
1,<environment.Job instance at 0x146384a97af0>,75,1,[6 2],99,471,472,372,461
1,<environment.Job instance at 0x146384a97230>,77,3,[10  2],101,472,475,371,461
1,<environment.Job instance at 0x146384a97280>,83,3,[7 1],112,487,490,375,487
1,<environment.Job instance at 0x146384a978c0>,84,1,[1 6],113,487,488,374,487
1,<environment.Job instance at 0x146384a97320>,85,3,[6 2],114,490,493,376,487
1,<environment.Job instance at 0x146384a97cd0>,86,2,[2 7],116,488,490,372,487
1,<environment.Job instance at 0x146375a40910>,87,3,[1 5],117,490,493,373,487
1,<environment.Job instance at 0x146375a40c30>,100,3,[9 2],140,493,496,353,487
1,<environment.Job instance at 0x146375a407d0>,101,14,[2 6],141,496,510,355,487
1,<environment.Job instance at 0x146375a405a0>,102,2,[1 5],142,493,495,351,492
1,<environment.Job instance at 0x146375a408c0>,103,1,[6 2],143,496,497,353,496
1,<environment.Job instance at 0x146375a40190>,105,1,[8 2],145,497,498,352,496
1,<environment.Job instance at 0x146375a40cd0>,106,18,[1 6],146,510,528,364,499
1,<environment.Job instance at 0x146375a40780>,107,3,[2 6],147,528,531,381,502
1,<environment.Job instance at 0x146348d08dc0>,109,20,[7 2],149,502,522,353,502
1,<environment.Job instance at 0x146348d08140>,110,2,[10  2],150,531,533,381,506
1,<environment.Job instance at 0x146348d08f00>,119,13,[5 2],164,533,546,369,521
1,<environment.Job instance at 0x146348d088c0>,129,14,[10  1],185,558,572,373,558
1,<environment.Job instance at 0x146348d08cd0>,130,13,[8 1],186,572,585,386,558
1,<environment.Job instance at 0x146347f00e10>,8,1,[6 2],11,11,12,0,11
1,<environment.Job instance at 0x146347ef4230>,11,18,[9 1],15,15,33,0,15
1,<environment.Job instance at 0x14634b3e3320>,21,3,[8 2],25,33,36,8,25
1,<environment.Job instance at 0x1463480f82d0>,22,1,[9 1],26,36,37,10,28
1,<environment.Job instance at 0x146348241eb0>,27,13,[7 2],33,37,50,4,35
1,<environment.Job instance at 0x146348df86e0>,30,12,[10  2],37,50,62,13,38
1,<environment.Job instance at 0x1463480cba00>,32,1,[10  1],40,62,63,22,59
1,<environment.Job instance at 0x146348074c80>,42,2,[8 2],54,63,65,9,59
1,<environment.Job instance at 0x146348074140>,43,3,[10  1],55,65,68,10,59
1,<environment.Job instance at 0x146347f5ca50>,46,18,[8 2],59,68,86,9,59
1,<environment.Job instance at 0x146384a3a230>,50,3,[8 2],65,86,89,21,66
1,<environment.Job instance at 0x14639e48da50>,53,3,[10  1],69,89,92,20,69
1,<environment.Job instance at 0x146347ff4a00>,65,3,[7 2],85,92,95,7,86
1,<environment.Job instance at 0x146374077dc0>,71,3,[7 1],91,97,100,6,97
1,<environment.Job instance at 0x146374077410>,72,2,[9 1],92,100,102,8,98
1,<environment.Job instance at 0x1463747f0730>,76,3,[7 1],96,102,105,6,98
1,<environment.Job instance at 0x1463747f0dc0>,77,2,[5 2],98,105,107,7,98
1,<environment.Job instance at 0x1463747f0d70>,78,1,[6 2],99,107,108,8,99
1,<environment.Job instance at 0x146348066230>,79,3,[1 6],100,101,104,1,101
1,<environment.Job instance at 0x146348066780>,80,16,[8 2],101,108,124,7,101
1,<environment.Job instance at 0x146348066460>,83,17,[9 1],105,124,141,19,112
1,<environment.Job instance at 0x146347b9ad20>,95,13,[10  2],129,143,156,14,143
1,<environment.Job instance at 0x146347b9acd0>,97,3,[10  2],131,156,159,25,146
1,<environment.Job instance at 0x146347b9aeb0>,99,3,[10  1],133,162,165,29,162
1,<environment.Job instance at 0x146347b9afa0>,101,15,[9 1],136,165,180,29,163
1,<environment.Job instance at 0x146347ca4500>,107,2,[7 2],144,180,182,36,174
1,<environment.Job instance at 0x146347ca48c0>,109,3,[6 1],148,182,185,34,174
1,<environment.Job instance at 0x146347ca4370>,110,12,[9 1],150,185,197,35,174
1,<environment.Job instance at 0x14634b3ff7d0>,115,3,[6 1],159,197,200,38,194
1,<environment.Job instance at 0x14634b3ffb40>,117,3,[8 2],162,200,203,38,197
1,<environment.Job instance at 0x14637418e2d0>,127,3,[10  1],176,212,215,36,212
1,<environment.Job instance at 0x14637418eaa0>,128,3,[10  1],177,215,218,38,212
1,<environment.Job instance at 0x14637418eb90>,130,3,[8 2],180,218,221,38,213
1,<environment.Job instance at 0x14637418e730>,131,12,[10  2],181,221,233,40,213
1,<environment.Job instance at 0x14637418e9b0>,134,17,[10  2],188,233,250,45,231
1,<environment.Job instance at 0x1463480a8190>,1,2,[10  1],2,3,5,1,3
1,<environment.Job instance at 0x1463490809b0>,4,3,[9 2],7,7,10,0,7
1,<environment.Job instance at 0x1463478a5b40>,14,14,[7 2],19,21,35,2,21
1,<environment.Job instance at 0x146347e32410>,58,20,[8 2],85,85,105,0,85
1,<environment.Job instance at 0x1463477ec0f0>,15,3,[9 2],21,105,108,84,85
1,<environment.Job instance at 0x1463488a2fa0>,60,1,[2 7],90,91,92,1,91
1,<environment.Job instance at 0x1463478062d0>,61,2,[9 1],93,108,110,15,93
1,<environment.Job instance at 0x146348104280>,63,1,[7 2],95,110,111,15,95
1,<environment.Job instance at 0x14634783f050>,91,15,[9 1],128,140,155,12,140
1,<environment.Job instance at 0x14634834fc30>,66,1,[7 1],99,155,156,56,140
1,<environment.Job instance at 0x14634783ff50>,95,3,[8 2],136,156,159,20,140
1,<environment.Job instance at 0x14634bdf3be0>,98,1,[2 5],141,155,156,14,141
1,<environment.Job instance at 0x14634bdf3f50>,99,1,[7 2],142,159,160,17,142
1,<environment.Job instance at 0x1463766edeb0>,102,3,[9 1],145,160,163,15,145
1,<environment.Job instance at 0x1463766ed8c0>,105,15,[6 1],148,163,178,15,149
1,<environment.Job instance at 0x1463766ed5f0>,108,1,[10  1],151,178,179,27,151
1,<environment.Job instance at 0x1463766ed190>,109,1,[2 8],152,156,157,4,152
1,<environment.Job instance at 0x146374190730>,119,2,[8 1],164,179,181,15,175
1,<environment.Job instance at 0x14637679f960>,133,3,[7 2],184,206,209,22,206
1,<environment.Job instance at 0x14634b1c5a00>,12,2,[8 2],16,28,30,12,28
1,<environment.Job instance at 0x14634b1c5280>,15,1,[2 7],19,33,34,14,33
1,<environment.Job instance at 0x14634be53960>,17,15,[10  2],23,42,57,19,42
1,<environment.Job instance at 0x14634a53dcd0>,25,15,[9 1],36,57,72,21,53
1,<environment.Job instance at 0x14634b1c5320>,16,3,[1 5],20,57,60,37,55
1,<environment.Job instance at 0x146375c2c730>,36,16,[10  1],48,73,89,25,73
1,<environment.Job instance at 0x1463478a4050>,44,1,[8 2],58,97,98,39,97
1,<environment.Job instance at 0x1463478a4690>,49,1,[7 1],64,98,99,34,98
1,<environment.Job instance at 0x1463478a4e60>,50,1,[9 2],65,99,100,34,98
1,<environment.Job instance at 0x1463478a42d0>,51,17,[6 2],66,100,117,34,98
1,<environment.Job instance at 0x14634be35370>,53,15,[9 2],69,117,132,48,112
1,<environment.Job instance at 0x14634a53d320>,30,15,[6 2],42,132,147,90,118
1,<environment.Job instance at 0x14637670be60>,64,13,[9 1],88,147,160,59,143
1,<environment.Job instance at 0x14637670baf0>,63,3,[1 8],87,143,146,56,143
1,<environment.Job instance at 0x14637670bf50>,67,2,[10  2],93,160,162,67,144
1,<environment.Job instance at 0x146347b66d70>,70,3,[10  1],99,162,165,63,154
1,<environment.Job instance at 0x14634b02ff00>,72,12,[6 2],103,165,177,62,154
1,<environment.Job instance at 0x14634b02f500>,74,3,[10  2],106,177,180,71,157
1,<environment.Job instance at 0x14637670baa0>,66,2,[8 2],92,180,182,88,157
1,<environment.Job instance at 0x14634b02f320>,79,3,[1 8],113,165,168,52,162
1,<environment.Job instance at 0x14634b02fe60>,80,14,[5 1],114,182,196,68,167
1,<environment.Job instance at 0x14634b02f0a0>,81,1,[2 5],115,169,170,54,169
1,<environment.Job instance at 0x14634b02fb40>,82,3,[1 8],116,170,173,54,169
1,<environment.Job instance at 0x146348e3cf00>,85,3,[6 2],120,196,199,76,186
1,<environment.Job instance at 0x146348e3ca00>,87,2,[7 2],125,199,201,74,186
1,<environment.Job instance at 0x146348e3c9b0>,88,12,[8 1],126,201,213,75,186
1,<environment.Job instance at 0x146348e3c500>,89,1,[6 2],127,213,214,86,194
1,<environment.Job instance at 0x146348e3cc80>,96,3,[5 2],137,214,217,77,203
1,<environment.Job instance at 0x146375ea1c30>,97,2,[8 1],140,217,219,77,203
1,<environment.Job instance at 0x146347cbd550>,98,1,[8 1],142,219,220,77,204
1,<environment.Job instance at 0x146348e3c410>,95,16,[10  2],135,220,236,85,210
1,<environment.Job instance at 0x14634b220c80>,104,3,[8 2],152,236,239,84,210
1,<environment.Job instance at 0x146348d29a50>,105,3,[10  2],153,239,242,86,213
1,<environment.Job instance at 0x1463483ad1e0>,106,14,[5 2],155,242,256,87,227
1,<environment.Job instance at 0x146384063c80>,115,3,[10  1],170,256,259,86,233
1,<environment.Job instance at 0x146347840dc0>,118,1,[10  2],175,259,260,84,243
1,<environment.Job instance at 0x1463478407d0>,119,3,[10  1],176,260,263,84,243
1,<environment.Job instance at 0x14634be0e690>,108,3,[10  1],162,263,266,101,243
1,<environment.Job instance at 0x146347840c80>,120,1,[7 1],177,266,267,89,243
1,<environment.Job instance at 0x146347dc31e0>,124,2,[6 2],183,267,269,84,243
1,<environment.Job instance at 0x146347dc3fa0>,126,2,[2 6],185,243,245,58,243
