iteration,job object,job ID,job Length,job ressource requirement,job enter time,job start time,job finish time,job waiting time,current time
1,<environment.Job instance at 0x14cc3c5d7fa0>,1,2,[2 5],4,20,22,16,4
1,<environment.Job instance at 0x14cc3c5d80a0>,2,18,[ 1 10],5,22,40,17,11
1,<environment.Job instance at 0x14cbe7070e60>,8,13,[ 2 10],11,40,53,29,24
1,<environment.Job instance at 0x14cbe70707d0>,9,2,[ 2 10],12,53,55,41,39
1,<environment.Job instance at 0x14cbe70c4550>,13,13,[1 5],17,55,68,38,39
1,<environment.Job instance at 0x14cbe70c49b0>,14,1,[1 7],18,68,69,50,40
1,<environment.Job instance at 0x14cbe7070c80>,4,2,[6 1],7,56,58,49,56
1,<environment.Job instance at 0x14cbe70f7c80>,19,3,[8 1],26,58,61,32,56
1,<environment.Job instance at 0x14cbe70c4fa0>,15,14,[6 2],20,293,307,273,293
1,<environment.Job instance at 0x14cbe69aa550>,0,14,[2 5],1,1,15,0,1
1,<environment.Job instance at 0x14cbfc1ee3c0>,1,1,[8 1],3,10,11,7,10
1,<environment.Job instance at 0x14cbfc0d82d0>,9,15,[ 2 10],11,15,30,4,15
1,<environment.Job instance at 0x14cbfc0e6a00>,10,1,[ 1 10],17,30,31,13,19
1,<environment.Job instance at 0x14cbfc0e6640>,13,1,[8 1],20,37,38,17,37
1,<environment.Job instance at 0x14cbfc0d65a0>,26,2,[2 7],43,43,45,0,43
1,<environment.Job instance at 0x14cbfc0d6b40>,27,2,[9 2],44,64,66,20,64
1,<environment.Job instance at 0x14cbfca45870>,16,2,[2 7],25,132,134,107,132
1,<environment.Job instance at 0x14cbfca4ef50>,0,1,[10  2],1,32,33,31,32
1,<environment.Job instance at 0x14cbe698fd70>,21,1,[5 2],33,33,34,0,33
1,<environment.Job instance at 0x14cbe6336eb0>,22,1,[5 2],34,34,35,0,34
1,<environment.Job instance at 0x14cbe698f0f0>,23,16,[1 9],36,36,52,0,36
1,<environment.Job instance at 0x14cbe70df820>,11,3,[9 2],20,52,55,32,40
1,<environment.Job instance at 0x14cbea0014b0>,24,18,[1 5],37,52,70,15,41
1,<environment.Job instance at 0x14cbe68c2cd0>,27,1,[2 5],43,690,691,647,690
1,<environment.Job instance at 0x14cbfcbcc6e0>,0,2,[6 1],2,30,32,28,30
1,<environment.Job instance at 0x14cbe9397140>,20,1,[5 2],31,32,33,1,31
1,<environment.Job instance at 0x14cbe92e67d0>,21,1,[1 6],32,32,33,0,32
1,<environment.Job instance at 0x14cbe65bd730>,0,2,[2 5],1,1,3,0,1
1,<environment.Job instance at 0x14cbe65bde10>,1,1,[1 5],2,21,22,19,21
1,<environment.Job instance at 0x14cbe638e230>,10,3,[6 1],23,23,26,0,23
1,<environment.Job instance at 0x14cbe638ec30>,11,1,[8 2],24,26,27,2,24
1,<environment.Job instance at 0x14cbe682c730>,12,25,[1 8],25,25,50,0,25
1,<environment.Job instance at 0x14cbe682ca00>,13,26,[2 9],26,55,81,29,55
1,<environment.Job instance at 0x14cbe6527050>,24,2,[6 1],42,70,72,28,70
1,<environment.Job instance at 0x14cbe651daa0>,0,3,[10  1],1,5,8,4,5
1,<environment.Job instance at 0x14cbeced7320>,0,1,[8 1],1,4,5,3,4
1,<environment.Job instance at 0x14cbfca98e10>,3,14,[10  1],6,57,71,51,57
1,<environment.Job instance at 0x14cbeb8364b0>,35,1,[8 2],46,71,72,25,57
1,<environment.Job instance at 0x14cbeb836c80>,36,3,[10  1],47,72,75,25,57
1,<environment.Job instance at 0x14cbe673edc0>,37,15,[7 2],49,182,197,133,182
1,<environment.Job instance at 0x14cbeeb45cd0>,0,25,[2 6],1,1,26,0,1
1,<environment.Job instance at 0x14cbeeb45aa0>,1,2,[2 8],2,26,28,24,2
1,<environment.Job instance at 0x14cbe62c9280>,2,2,[1 5],3,28,30,25,4
1,<environment.Job instance at 0x14cbe62c9870>,4,3,[2 5],6,28,31,22,6
1,<environment.Job instance at 0x14cbe62c9370>,5,3,[2 5],9,30,33,21,9
1,<environment.Job instance at 0x14cbe6690960>,6,17,[1 7],12,33,50,21,21
1,<environment.Job instance at 0x14cbea590b90>,11,12,[1 8],22,50,62,28,33
1,<environment.Job instance at 0x14cbfc0c3dc0>,26,1,[6 1],42,85,86,43,85
1,<environment.Job instance at 0x14cbe7197410>,0,3,[2 8],1,1,4,0,1
1,<environment.Job instance at 0x14cbe7197230>,1,2,[5 2],2,6,8,4,6
1,<environment.Job instance at 0x14cbe963c0f0>,5,16,[8 1],7,26,42,19,26
1,<environment.Job instance at 0x14cbea09c2d0>,20,1,[2 5],27,27,28,0,27
1,<environment.Job instance at 0x14cbeb868140>,21,14,[10  2],28,42,56,14,28
1,<environment.Job instance at 0x14cbe95d20a0>,22,1,[1 5],29,29,30,0,29
1,<environment.Job instance at 0x14cbe9506f00>,23,1,[8 1],32,56,57,24,32
1,<environment.Job instance at 0x14cbe6618500>,24,2,[7 1],33,57,59,24,33
1,<environment.Job instance at 0x14cbe68a9370>,25,2,[2 7],34,34,36,0,34
1,<environment.Job instance at 0x14cbe6618b90>,26,1,[5 2],35,59,60,24,35
1,<environment.Job instance at 0x14cbea1eaaa0>,27,1,[1 5],38,38,39,0,38
1,<environment.Job instance at 0x14cbea1eaf50>,28,2,[6 1],39,60,62,21,39
1,<environment.Job instance at 0x14cbea212aa0>,29,18,[10  2],40,62,80,22,51
1,<environment.Job instance at 0x14cbe64c0730>,0,1,[2 9],2,4,5,2,4
1,<environment.Job instance at 0x14cbe5cd5910>,1,2,[ 2 10],5,7,9,2,7
1,<environment.Job instance at 0x14cbe5cd57d0>,4,2,[5 2],8,101,103,93,101
1,<environment.Job instance at 0x14cbfc1a5960>,13,14,[9 2],24,24,38,0,24
1,<environment.Job instance at 0x14cbfc170230>,14,17,[9 1],27,38,55,11,27
1,<environment.Job instance at 0x14cbfc170820>,15,3,[7 2],28,55,58,27,29
1,<environment.Job instance at 0x14cbfc170320>,16,2,[2 6],30,55,57,25,30
1,<environment.Job instance at 0x14cbfc170640>,17,2,[2 5],32,57,59,25,32
1,<environment.Job instance at 0x14cbfc170aa0>,18,16,[ 2 10],33,59,75,26,46
1,<environment.Job instance at 0x14cbfc172190>,26,1,[1 9],47,47,48,0,47
1,<environment.Job instance at 0x14cbfc1725a0>,27,3,[ 1 10],48,75,78,27,49
1,<environment.Job instance at 0x14cbe5ffc0f0>,0,2,[8 2],1,570,572,569,570
1,<environment.Job instance at 0x14cbe94fcf00>,11,3,[9 2],17,572,575,555,570
1,<environment.Job instance at 0x14cbe94fc7d0>,12,3,[8 1],18,575,578,557,570
1,<environment.Job instance at 0x14cbe94fc870>,13,3,[2 6],20,575,578,555,570
1,<environment.Job instance at 0x14cbe62baeb0>,14,20,[5 1],21,1162,1182,1141,1162
1,<environment.Job instance at 0x14cbfef2b3c0>,0,1,[1 5],2,2,3,0,2
1,<environment.Job instance at 0x14cbe5efe140>,3,2,[6 1],5,5,7,0,5
1,<environment.Job instance at 0x14cbe5efebe0>,1,3,[10  1],3,7,10,4,5
1,<environment.Job instance at 0x14cbe70b6230>,4,3,[8 1],7,10,13,3,7
1,<environment.Job instance at 0x14cbe70b6cd0>,5,1,[1 9],9,10,11,1,9
1,<environment.Job instance at 0x14cbe70b6fa0>,6,1,[2 9],10,13,14,3,13
1,<environment.Job instance at 0x14cbfcbc9640>,8,14,[1 6],14,14,28,0,14
1,<environment.Job instance at 0x14cbfcbc99b0>,9,2,[1 7],15,28,30,13,15
1,<environment.Job instance at 0x14cbfc206e60>,10,1,[2 7],16,30,31,14,19
1,<environment.Job instance at 0x14cbe60fe5a0>,13,3,[1 8],20,31,34,11,20
1,<environment.Job instance at 0x14cbe6368b40>,14,17,[8 2],23,2904,2921,2881,2904
1,<environment.Job instance at 0x14cbecec55f0>,0,3,[1 8],2,2,5,0,2
1,<environment.Job instance at 0x14cbecec5c30>,1,2,[10  2],3,7,9,4,7
1,<environment.Job instance at 0x14cbecec5780>,5,3,[1 9],8,9,12,1,8
1,<environment.Job instance at 0x14cbecec5a50>,6,3,[9 1],9,9,12,0,9
1,<environment.Job instance at 0x14cbe61a0be0>,7,3,[6 1],10,12,15,2,10
1,<environment.Job instance at 0x14cbecec5cd0>,8,3,[1 8],12,12,15,0,12
1,<environment.Job instance at 0x14cbe7c1b780>,11,2,[2 8],15,15,17,0,15
1,<environment.Job instance at 0x14cbfcb33c30>,12,1,[2 6],17,17,18,0,17
1,<environment.Job instance at 0x14cbfcac1f00>,13,3,[10  2],20,20,23,0,20
1,<environment.Job instance at 0x14cbe95d41e0>,14,2,[8 1],21,23,25,2,21
1,<environment.Job instance at 0x14cbfca52eb0>,15,1,[2 9],23,29,30,6,29
1,<environment.Job instance at 0x14cbe5ed0140>,21,2,[2 9],30,30,32,0,30
1,<environment.Job instance at 0x14cbe5ed0be0>,22,18,[2 7],31,32,50,1,31
1,<environment.Job instance at 0x14cbfcbdf190>,23,3,[1 5],32,50,53,18,32
1,<environment.Job instance at 0x14cbe9695190>,24,3,[1 6],33,53,56,20,33
1,<environment.Job instance at 0x14cbfcbdff00>,25,2,[2 6],34,56,58,22,34
1,<environment.Job instance at 0x14cbe68069b0>,26,1,[9 1],35,50,51,15,35
1,<environment.Job instance at 0x14cbe6520050>,27,1,[ 2 10],36,58,59,22,36
1,<environment.Job instance at 0x14cbe6520f50>,28,2,[1 8],38,59,61,21,38
1,<environment.Job instance at 0x14cbe6520d20>,29,16,[5 1],39,97,113,58,97
1,<environment.Job instance at 0x14cbe67142d0>,0,13,[1 6],1,1,14,0,1
1,<environment.Job instance at 0x14cbfcbc9960>,10,1,[8 1],11,30,31,19,30
1,<environment.Job instance at 0x14cbea01cb90>,18,1,[7 2],21,31,32,10,30
1,<environment.Job instance at 0x14cbe9390780>,19,12,[8 2],22,32,44,10,32
1,<environment.Job instance at 0x14cbe93900f0>,20,1,[ 1 10],23,44,45,21,32
1,<environment.Job instance at 0x14cbe5b38f00>,21,2,[2 6],24,32,34,8,32
1,<environment.Job instance at 0x14cbe95d4a00>,22,1,[ 2 10],25,45,46,20,32
1,<environment.Job instance at 0x14cbfc0cc5a0>,23,1,[2 9],27,46,47,19,32
1,<environment.Job instance at 0x14cbea02cd20>,24,16,[6 1],28,46,62,18,33
1,<environment.Job instance at 0x14cbe963c780>,25,12,[2 8],34,47,59,13,34
1,<environment.Job instance at 0x14cbfcad7370>,26,3,[10  2],35,62,65,27,36
1,<environment.Job instance at 0x14cbe9551f50>,27,1,[7 1],37,65,66,28,37
1,<environment.Job instance at 0x14cbe715b7d0>,28,14,[1 5],38,65,79,27,50
1,<environment.Job instance at 0x14cbea0d63c0>,29,14,[9 2],39,66,80,27,51
1,<environment.Job instance at 0x14cbea0d6a50>,33,1,[6 1],48,80,81,32,52
1,<environment.Job instance at 0x14cbea0d6050>,34,2,[7 1],49,81,83,32,54
1,<environment.Job instance at 0x14cbe6423a50>,0,18,[1 9],1,2,20,1,2
1,<environment.Job instance at 0x14cbe61b8410>,1,15,[1 9],3,20,35,17,6
1,<environment.Job instance at 0x14cbe6423050>,4,2,[5 2],7,35,37,28,10
1,<environment.Job instance at 0x14cbe62b1be0>,6,1,[6 2],11,37,38,26,11
1,<environment.Job instance at 0x14cbe61317d0>,16,12,[10  1],26,38,50,12,33
1,<environment.Job instance at 0x14cbe62b1b40>,7,14,[9 2],14,50,64,36,35
1,<environment.Job instance at 0x14cbe61316e0>,19,13,[1 7],29,50,63,21,35
1,<environment.Job instance at 0x14cbe5f340a0>,20,12,[9 2],30,64,76,34,47
1,<environment.Job instance at 0x14cbe5f34a00>,21,16,[1 6],31,63,79,32,50
1,<environment.Job instance at 0x14cbe5b9f5f0>,0,2,[2 5],2,5,7,3,5
1,<environment.Job instance at 0x14cbfcbbf9b0>,2,12,[8 2],7,48,60,41,48
1,<environment.Job instance at 0x14cbe6809b40>,28,13,[1 6],49,49,62,0,49
1,<environment.Job instance at 0x14cbe5e88500>,0,2,[9 2],1,3,5,2,3
1,<environment.Job instance at 0x14cbe5e88eb0>,2,3,[7 2],5,5,8,0,5
1,<environment.Job instance at 0x14cbe5e88320>,3,2,[ 2 10],7,8,10,1,7
1,<environment.Job instance at 0x14cbe5e880a0>,4,2,[1 5],8,10,12,2,8
1,<environment.Job instance at 0x14cbe5e880f0>,5,1,[10  2],9,14,15,5,14
1,<environment.Job instance at 0x14cbe5e88730>,11,2,[1 7],15,15,17,0,15
1,<environment.Job instance at 0x14cbe95e9690>,15,3,[10  1],19,27,30,8,27
1,<environment.Job instance at 0x14cbe5e88fa0>,12,18,[8 1],16,65,83,49,65
1,<environment.Job instance at 0x14cbfcbad230>,0,14,[1 8],1,2,16,1,2
1,<environment.Job instance at 0x14cbfcbad320>,2,2,[10  2],3,24,26,21,24
1,<environment.Job instance at 0x14cbe68989b0>,19,3,[ 2 10],25,26,29,1,25
1,<environment.Job instance at 0x14cbea216fa0>,20,19,[10  1],27,45,64,18,45
1,<environment.Job instance at 0x14cbe96fb6e0>,34,12,[2 5],46,64,76,18,47
1,<environment.Job instance at 0x14cbe96fb2d0>,35,1,[1 5],48,64,65,16,48
1,<environment.Job instance at 0x1494fe770e10>,0,17,[ 1 10],3,4,21,1,4
1,<environment.Job instance at 0x1494fe770dc0>,2,18,[ 1 10],5,21,39,16,10
1,<environment.Job instance at 0x1494a924a1e0>,8,13,[ 2 10],11,39,52,28,23
1,<environment.Job instance at 0x1494a91eef00>,10,3,[7 2],14,52,55,38,26
1,<environment.Job instance at 0x1494a924aeb0>,13,13,[1 5],17,52,65,35,36
1,<environment.Job instance at 0x1494a924a460>,14,1,[1 7],18,65,66,47,37
1,<environment.Job instance at 0x1494a8d832d0>,15,14,[6 2],20,55,69,35,40
1,<environment.Job instance at 0x1494a8d83230>,17,3,[6 1],23,69,72,46,43
1,<environment.Job instance at 0x1494a91fcc80>,18,1,[5 2],25,72,73,47,44
1,<environment.Job instance at 0x1494a922de10>,19,3,[8 1],26,73,76,47,47
1,<environment.Job instance at 0x1494a8b34960>,0,15,[ 2 10],1,1,16,0,1
1,<environment.Job instance at 0x1494b2003be0>,1,1,[ 1 10],7,16,17,9,7
1,<environment.Job instance at 0x1494b21390a0>,2,1,[1 8],8,17,18,9,8
1,<environment.Job instance at 0x1494a924ad70>,3,16,[10  1],9,20,36,11,20
1,<environment.Job instance at 0x1494b2c7f280>,10,3,[6 1],23,36,39,13,23
1,<environment.Job instance at 0x1494a8b349b0>,5,1,[7 2],12,68,69,56,68
1,<environment.Job instance at 0x1494b2c7f140>,13,2,[5 2],27,83,85,56,83
1,<environment.Job instance at 0x1494b2cab140>,0,12,[1 7],1,1,13,0,1
1,<environment.Job instance at 0x1494b2cab410>,1,16,[1 7],2,13,29,11,2
1,<environment.Job instance at 0x1494b2d63f50>,2,2,[9 1],3,4,6,1,4
1,<environment.Job instance at 0x1494b2d63aa0>,4,2,[1 5],5,29,31,24,5
1,<environment.Job instance at 0x1494ab957f50>,5,3,[2 5],7,29,32,22,7
1,<environment.Job instance at 0x1494ac1f9640>,6,3,[8 1],8,8,11,0,8
1,<environment.Job instance at 0x1494ac1f9500>,7,3,[1 6],9,32,35,23,9
1,<environment.Job instance at 0x1494ab493820>,8,15,[6 2],12,12,27,0,12
1,<environment.Job instance at 0x1494ab8ae4b0>,9,1,[5 2],13,27,28,14,13
1,<environment.Job instance at 0x1494ac1f9d70>,10,1,[5 2],14,28,29,14,14
1,<environment.Job instance at 0x1494ac1f9be0>,11,16,[1 9],16,35,51,19,22
1,<environment.Job instance at 0x1494ab933640>,15,1,[2 5],23,31,32,8,23
1,<environment.Job instance at 0x1494a86449b0>,16,2,[1 7],25,51,53,26,28
1,<environment.Job instance at 0x1494ab81bb90>,19,2,[6 1],32,69,71,37,69
1,<environment.Job instance at 0x1494ab473140>,25,14,[5 1],40,450,464,410,450
1,<environment.Job instance at 0x1494ab473960>,26,2,[7 2],41,1038,1040,997,1038
1,<environment.Job instance at 0x1494a8427dc0>,27,3,[1 7],42,1038,1041,996,1038
1,<environment.Job instance at 0x1494a8427690>,28,2,[2 8],43,1098,1100,1055,1098
1,<environment.Job instance at 0x1494a8427550>,29,3,[1 5],44,1100,1103,1056,1098
1,<environment.Job instance at 0x1494ac6e5140>,30,15,[1 5],45,1100,1115,1055,1098
1,<environment.Job instance at 0x1494ac6e5280>,31,3,[9 1],47,1129,1132,1082,1129
1,<environment.Job instance at 0x1494ac6e5910>,32,3,[2 7],48,1132,1135,1084,1129
1,<environment.Job instance at 0x1494af05e5f0>,33,2,[ 2 10],50,1135,1137,1085,1129
1,<environment.Job instance at 0x1494af05ef00>,34,13,[9 1],52,1681,1694,1629,1681
1,<environment.Job instance at 0x1494fc2de0f0>,35,3,[10  2],55,1709,1712,1654,1709
1,<environment.Job instance at 0x1494ab933a50>,13,1,[ 2 10],18,2662,2663,2644,2662
1,<environment.Job instance at 0x1494ac270550>,0,2,[6 1],2,10,12,8,10
1,<environment.Job instance at 0x1494a84e96e0>,6,3,[10  1],11,12,15,1,11
1,<environment.Job instance at 0x1494a8507aa0>,7,2,[1 5],12,15,17,3,12
1,<environment.Job instance at 0x1494a84e9280>,8,15,[ 1 10],15,17,32,2,15
1,<environment.Job instance at 0x1494a8a5c460>,26,3,[8 2],42,42,45,0,42
1,<environment.Job instance at 0x1494a8a5c410>,27,3,[5 2],43,45,48,2,43
1,<environment.Job instance at 0x1494b0cbb410>,0,1,[8 1],1,3,4,2,3
1,<environment.Job instance at 0x1494a8791d20>,27,2,[10  1],38,52,54,14,52
1,<environment.Job instance at 0x1494ac39a460>,28,1,[7 2],39,54,55,15,52
1,<environment.Job instance at 0x1494ac29b0f0>,32,2,[8 1],43,106,108,63,106
1,<environment.Job instance at 0x1494ac30bfa0>,41,3,[10  2],54,116,119,62,116
1,<environment.Job instance at 0x1494a8a59730>,3,14,[10  1],6,119,133,113,116
1,<environment.Job instance at 0x1494a9297910>,43,3,[2 5],59,133,136,74,116
1,<environment.Job instance at 0x1494a9297a50>,42,3,[2 5],56,133,136,77,130
1,<environment.Job instance at 0x1494b213d460>,0,17,[1 7],2,2,19,0,2
1,<environment.Job instance at 0x1494a83898c0>,1,1,[1 5],6,19,20,13,6
1,<environment.Job instance at 0x1494a846c0a0>,2,2,[5 1],9,11,13,2,11
1,<environment.Job instance at 0x1494a8ab4190>,5,12,[1 8],12,20,32,8,12
1,<environment.Job instance at 0x1494a846c4b0>,6,3,[1 6],14,32,35,18,14
1,<environment.Job instance at 0x1494a858ac80>,0,16,[1 5],1,3,19,2,3
1,<environment.Job instance at 0x1494a858abe0>,3,15,[2 6],5,19,34,14,5
1,<environment.Job instance at 0x1494a858ad70>,4,3,[1 7],6,34,37,28,8
1,<environment.Job instance at 0x1494ab7fb640>,6,2,[8 2],9,9,11,0,9
1,<environment.Job instance at 0x1494ab7fbf00>,7,15,[10  2],10,37,52,27,27
1,<environment.Job instance at 0x1494a8762500>,20,2,[2 6],28,52,54,24,28
1,<environment.Job instance at 0x1494a8762690>,21,2,[6 1],29,29,31,0,29
1,<environment.Job instance at 0x1494a8336190>,22,3,[2 8],31,54,57,23,31
1,<environment.Job instance at 0x1494a8336eb0>,23,2,[5 2],32,32,34,0,32
1,<environment.Job instance at 0x1494a8316230>,24,2,[2 7],33,57,59,24,33
1,<environment.Job instance at 0x1494a8832730>,25,3,[1 8],34,59,62,25,34
1,<environment.Job instance at 0x1494a7de2780>,0,1,[8 1],2,22,23,20,22
1,<environment.Job instance at 0x1494ac6c6780>,15,2,[ 2 10],25,25,27,0,25
1,<environment.Job instance at 0x1494a8719500>,16,2,[7 1],26,27,29,1,26
1,<environment.Job instance at 0x1494a89a44b0>,17,3,[1 5],27,27,30,0,27
1,<environment.Job instance at 0x1494ac6c6d20>,18,2,[5 2],28,29,31,1,28
1,<environment.Job instance at 0x1494a871a5f0>,19,1,[10  2],29,31,32,2,29
1,<environment.Job instance at 0x1494a871a1e0>,20,1,[10  1],30,32,33,2,30
1,<environment.Job instance at 0x1494a8503be0>,21,16,[10  2],31,33,49,2,31
1,<environment.Job instance at 0x1494af0504b0>,22,1,[8 2],33,49,50,16,33
1,<environment.Job instance at 0x1494a87f4280>,23,2,[2 9],34,50,52,16,34
1,<environment.Job instance at 0x1494a8b40780>,24,3,[9 2],36,52,55,16,36
1,<environment.Job instance at 0x1494a8b40050>,25,14,[9 2],38,55,69,17,40
1,<environment.Job instance at 0x1494a89f8d20>,27,12,[10  1],41,69,81,28,52
1,<environment.Job instance at 0x1494aaa07550>,28,15,[5 2],43,81,96,38,67
1,<environment.Job instance at 0x1494ac94f9b0>,35,2,[8 1],56,96,98,40,69
1,<environment.Job instance at 0x1494ac94fb90>,36,2,[9 2],58,98,100,40,71
1,<environment.Job instance at 0x1494ac94f320>,37,2,[6 1],59,100,102,41,73
1,<environment.Job instance at 0x1494a952d870>,5,3,[6 2],7,9,12,2,9
1,<environment.Job instance at 0x1494a88b7fa0>,14,3,[2 7],23,23,26,0,23
1,<environment.Job instance at 0x1494a88b75a0>,15,18,[2 8],24,27,45,3,27
1,<environment.Job instance at 0x1494a88b7960>,18,3,[ 1 10],28,45,48,17,28
1,<environment.Job instance at 0x1494a8582d20>,19,2,[1 5],29,48,50,19,29
1,<environment.Job instance at 0x1494a826ac30>,20,17,[2 5],33,48,65,15,36
1,<environment.Job instance at 0x1494b2045c80>,24,2,[2 6],40,65,67,25,40
1,<environment.Job instance at 0x1494b2045f50>,22,17,[9 1],37,67,84,30,67
1,<environment.Job instance at 0x1494a8096c30>,0,2,[8 2],1,188,190,187,188
1,<environment.Job instance at 0x1494ab527cd0>,16,2,[9 1],23,190,192,167,188
1,<environment.Job instance at 0x1494a89f8320>,17,2,[2 7],25,188,190,163,188
1,<environment.Job instance at 0x1494ab92cb90>,18,2,[10  1],27,192,194,165,188
1,<environment.Job instance at 0x1494ab75b5f0>,19,15,[8 1],29,267,282,238,267
1,<environment.Job instance at 0x1494ab4dddc0>,0,1,[2 9],1,1,2,0,1
1,<environment.Job instance at 0x1494ab4dd3c0>,1,14,[1 6],4,4,18,0,4
1,<environment.Job instance at 0x1494ab4dd820>,2,2,[1 7],5,18,20,13,5
1,<environment.Job instance at 0x1494ab4dd140>,3,1,[2 7],6,20,21,14,6
1,<environment.Job instance at 0x1494ab4dd0a0>,4,2,[1 9],7,21,23,14,7
1,<environment.Job instance at 0x1494ab4ddb40>,5,16,[2 5],8,23,39,15,10
1,<environment.Job instance at 0x1494ab4dd460>,7,17,[8 2],13,23,40,10,14
1,<environment.Job instance at 0x1494ab4dd280>,9,1,[2 7],16,39,40,23,16
1,<environment.Job instance at 0x1494ab4ddeb0>,10,2,[1 6],17,40,42,23,17
1,<environment.Job instance at 0x1494ab4ddcd0>,11,3,[8 2],18,18,21,0,18
1,<environment.Job instance at 0x1494ab4dd1e0>,12,2,[7 1],20,21,23,1,20
1,<environment.Job instance at 0x1494ab5c7a00>,0,2,[8 1],1,9,11,8,9
1,<environment.Job instance at 0x1494b0cccf50>,7,2,[2 9],10,10,12,0,10
1,<environment.Job instance at 0x1494b0ccc820>,8,18,[2 7],11,12,30,1,11
1,<environment.Job instance at 0x1494b0ccc460>,9,3,[1 5],12,30,33,18,12
1,<environment.Job instance at 0x1494b0ccc960>,10,3,[1 6],13,33,36,20,13
1,<environment.Job instance at 0x1494b1f3d3c0>,11,2,[2 6],14,36,38,22,14
1,<environment.Job instance at 0x1494ab858e60>,12,1,[9 1],15,30,31,15,15
1,<environment.Job instance at 0x1494ab8580f0>,13,1,[ 2 10],16,38,39,22,16
1,<environment.Job instance at 0x1494b1f3d550>,14,2,[1 8],18,39,41,21,18
1,<environment.Job instance at 0x1494a839b8c0>,16,12,[ 2 10],21,41,53,20,40
1,<environment.Job instance at 0x1494a839b5a0>,15,16,[5 1],19,53,69,34,40
1,<environment.Job instance at 0x1494a8a4b190>,34,1,[8 1],41,69,70,28,41
1,<environment.Job instance at 0x1494b1f090f0>,35,1,[1 5],42,53,54,11,42
1,<environment.Job instance at 0x1494a863faf0>,36,3,[9 1],43,70,73,27,44
1,<environment.Job instance at 0x1494a863fc30>,37,12,[9 2],44,73,85,29,56
1,<environment.Job instance at 0x1494a863f370>,38,3,[8 2],46,85,88,39,59
1,<environment.Job instance at 0x1494a863f190>,41,15,[7 2],50,302,317,252,302
1,<environment.Job instance at 0x1494a7d5e5a0>,0,12,[2 8],4,8,20,4,8
1,<environment.Job instance at 0x1494a7d6b3c0>,4,14,[9 2],9,20,34,11,9
1,<environment.Job instance at 0x1494b2d74a50>,5,1,[2 7],11,34,35,23,11
1,<environment.Job instance at 0x1494a8b45230>,6,2,[10  2],12,35,37,23,12
1,<environment.Job instance at 0x1494af057910>,7,12,[8 1],14,37,49,23,20
1,<environment.Job instance at 0x1494a8b45140>,11,18,[1 9],21,37,55,16,26
1,<environment.Job instance at 0x1494ac1d6320>,13,2,[ 1 10],25,55,57,30,30
1,<environment.Job instance at 0x1494ac1d6af0>,17,1,[6 2],31,34,35,3,31
1,<environment.Job instance at 0x1494a8052320>,18,14,[9 2],34,57,71,23,47
1,<environment.Job instance at 0x1494ab650a50>,29,1,[5 2],48,71,72,23,48
1,<environment.Job instance at 0x1494a89e6d20>,30,13,[1 7],49,57,70,8,49
1,<environment.Job instance at 0x1494a89e6c30>,31,12,[9 2],50,72,84,22,55
1,<environment.Job instance at 0x1494b1f780f0>,0,2,[2 7],1,1,3,0,1
1,<environment.Job instance at 0x1494b1f78e10>,1,12,[2 7],3,3,15,0,3
1,<environment.Job instance at 0x1494b1f78410>,2,20,[ 2 10],4,15,35,11,6
1,<environment.Job instance at 0x1494a881ab40>,5,3,[8 2],7,7,10,0,7
1,<environment.Job instance at 0x1494ab704dc0>,23,13,[10  2],36,50,63,14,50
1,<environment.Job instance at 0x1494b20033c0>,6,15,[7 2],8,63,78,55,50
1,<environment.Job instance at 0x1494a92d9a00>,30,2,[10  2],51,78,80,27,51
1,<environment.Job instance at 0x1494a92d97d0>,31,1,[1 8],52,63,64,11,52
1,<environment.Job instance at 0x1494a92d9fa0>,32,1,[9 1],54,80,81,26,54
1,<environment.Job instance at 0x1494a83739b0>,33,3,[2 7],55,64,67,9,55
1,<environment.Job instance at 0x1494a859ccd0>,34,2,[ 2 10],56,81,83,25,56
1,<environment.Job instance at 0x1494a859cf00>,35,18,[8 1],58,87,105,29,87
1,<environment.Job instance at 0x1494a92235a0>,0,2,[9 2],1,3,5,2,3
1,<environment.Job instance at 0x1494a859c190>,2,3,[7 2],5,5,8,0,5
1,<environment.Job instance at 0x1494a9223e10>,3,2,[ 2 10],7,8,10,1,7
1,<environment.Job instance at 0x1494ac3b9410>,4,2,[1 5],8,10,12,2,10
1,<environment.Job instance at 0x1494a8756cd0>,0,1,[1 7],1,1,2,0,1
1,<environment.Job instance at 0x1494a7d0e410>,1,2,[2 8],2,2,4,0,2
1,<environment.Job instance at 0x1494a83eb2d0>,2,3,[8 1],3,18,21,15,18
1,<environment.Job instance at 0x1494a8b3ad20>,13,2,[1 9],19,19,21,0,19
1,<environment.Job instance at 0x1494a807a690>,14,1,[2 9],21,21,22,0,21
1,<environment.Job instance at 0x1494a8b3aaa0>,15,2,[ 2 10],22,22,24,0,22
1,<environment.Job instance at 0x1494a8b3a7d0>,16,3,[2 9],23,24,27,1,23
1,<environment.Job instance at 0x1494fc2c9230>,17,13,[2 7],25,35,48,10,35
1,<environment.Job instance at 0x1494ab7bd960>,26,12,[2 5],36,48,60,12,36
1,<environment.Job instance at 0x1494b2029410>,27,1,[1 5],38,48,49,10,38
1,<environment.Job instance at 0x1494ab562e10>,28,3,[8 2],40,40,43,0,40
1,<environment.Job instance at 0x1494a8418c30>,0,3,[6 2],2,2,5,0,2
1,<environment.Job instance at 0x1494a8572870>,1,1,[2 9],3,5,6,2,3
1,<environment.Job instance at 0x1494a8572910>,2,2,[8 2],6,25,27,19,25
1,<environment.Job instance at 0x1494a87065a0>,8,3,[2 6],12,12,15,0,12
1,<environment.Job instance at 0x1494a895c960>,10,2,[2 5],17,20,22,3,20
1,<environment.Job instance at 0x1494a895c320>,13,12,[2 9],22,22,34,0,22
1,<environment.Job instance at 0x1494a895caa0>,14,3,[2 6],23,34,37,11,23
1,<environment.Job instance at 0x1494a8706f00>,4,17,[9 1],8,37,54,29,31
1,<environment.Job instance at 0x1494a92b15a0>,21,12,[8 1],32,54,66,22,54
1,<environment.Job instance at 0x1494b1ff6500>,0,2,[2 7],1,1,3,0,1
1,<environment.Job instance at 0x1494a88caaf0>,3,3,[9 1],5,5,8,0,5
1,<environment.Job instance at 0x1494b1ff6370>,1,15,[10  2],3,8,23,5,8
1,<environment.Job instance at 0x1494ab8fe460>,7,3,[7 1],9,23,26,14,9
1,<environment.Job instance at 0x1494ab8fe960>,8,3,[2 7],10,23,26,13,10
1,<environment.Job instance at 0x1494ab8fecd0>,9,2,[9 2],11,26,28,15,11
1,<environment.Job instance at 0x14d230502c30>,0,17,[ 1 10],3,4,21,1,4
1,<environment.Job instance at 0x14d1daf67e10>,2,18,[ 1 10],5,21,39,16,10
1,<environment.Job instance at 0x14d1daafcaa0>,8,13,[ 2 10],11,39,52,28,27
1,<environment.Job instance at 0x14d1daf6fc80>,13,13,[1 5],17,52,65,35,36
1,<environment.Job instance at 0x14d1dafc3a00>,4,2,[6 1],7,52,54,45,44
1,<environment.Job instance at 0x14d1daff85f0>,18,1,[5 2],25,54,55,29,44
1,<environment.Job instance at 0x14d1daf6f460>,15,14,[6 2],20,55,69,35,52
1,<environment.Job instance at 0x14d1dafa5a50>,25,1,[6 1],34,69,70,35,52
1,<environment.Job instance at 0x14d1dafa52d0>,26,3,[9 1],36,70,73,34,52
1,<environment.Job instance at 0x14d1dafaabe0>,27,3,[2 8],37,65,68,28,52
1,<environment.Job instance at 0x14d1dafa5be0>,28,2,[1 9],38,69,71,31,52
1,<environment.Job instance at 0x14d1dafa5f00>,29,13,[1 6],39,71,84,32,55
1,<environment.Job instance at 0x14d1dafa55a0>,30,3,[1 8],41,84,87,43,58
1,<environment.Job instance at 0x14d1da8991e0>,31,3,[8 1],42,73,76,31,58
1,<environment.Job instance at 0x14d1da899640>,32,16,[9 1],43,76,92,33,64
1,<environment.Job instance at 0x14d1da899b40>,34,3,[9 2],45,92,95,47,66
1,<environment.Job instance at 0x14d1da899190>,35,3,[10  2],47,95,98,48,69
1,<environment.Job instance at 0x14d1da8993c0>,36,3,[1 6],48,87,90,39,69
1,<environment.Job instance at 0x14d1da899f50>,37,2,[2 7],49,98,100,49,71
1,<environment.Job instance at 0x14d1da8992d0>,38,2,[8 2],50,98,100,48,71
1,<environment.Job instance at 0x14d1dab0a230>,39,14,[2 5],51,100,114,49,85
1,<environment.Job instance at 0x14d1da8903c0>,40,1,[8 1],53,100,101,47,85
1,<environment.Job instance at 0x14d1da897190>,48,15,[ 2 10],61,114,129,53,100
1,<environment.Job instance at 0x14d1da897cd0>,49,1,[ 1 10],67,129,130,62,101
1,<environment.Job instance at 0x14d1da897d20>,50,1,[1 8],68,130,131,62,102
1,<environment.Job instance at 0x14d1de3bef00>,0,1,[7 2],2,9,10,7,9
1,<environment.Job instance at 0x14d1da897d20>,4,3,[1 9],10,10,13,0,10
1,<environment.Job instance at 0x14d1f4b1d190>,5,3,[6 1],13,13,16,0,13
1,<environment.Job instance at 0x14d1f4d4baa0>,9,2,[1 5],19,149,151,130,149
1,<environment.Job instance at 0x14d1da23af00>,20,3,[10  2],35,35,38,0,35
1,<environment.Job instance at 0x14d2305379b0>,0,18,[ 1 10],7,8,26,1,8
1,<environment.Job instance at 0x14d1da63e280>,2,3,[9 2],9,26,29,17,9
1,<environment.Job instance at 0x14d1dd590050>,3,1,[10  1],10,29,30,19,10
1,<environment.Job instance at 0x14d1dd590230>,4,2,[5 2],11,30,32,19,11
1,<environment.Job instance at 0x14d1dd590320>,5,3,[6 1],13,32,35,19,13
1,<environment.Job instance at 0x14d1dd590550>,6,1,[8 2],14,35,36,21,14
1,<environment.Job instance at 0x14d1f4b1d5a0>,7,25,[1 8],15,30,55,15,26
1,<environment.Job instance at 0x14d1f4b1d370>,13,2,[1 7],24,26,28,2,26
1,<environment.Job instance at 0x14d1f4b1db90>,14,22,[2 7],25,55,77,30,48
1,<environment.Job instance at 0x14d1daf814b0>,16,2,[2 8],28,77,79,49,75
1,<environment.Job instance at 0x14d1de060280>,0,3,[8 2],2,2,5,0,2
1,<environment.Job instance at 0x14d1de060be0>,1,3,[5 2],3,5,8,2,3
1,<environment.Job instance at 0x14d1f4030b90>,2,2,[2 5],5,5,7,0,5
1,<environment.Job instance at 0x14d1e0dcf5a0>,3,14,[ 1 10],6,8,22,2,6
1,<environment.Job instance at 0x14d1e0dcf550>,4,1,[6 2],7,22,23,15,9
1,<environment.Job instance at 0x14d1f4b29690>,7,2,[7 1],10,23,25,13,10
1,<environment.Job instance at 0x14d1da8c2780>,8,2,[1 8],11,22,24,11,11
1,<environment.Job instance at 0x14d1dd255320>,43,2,[10  1],58,59,61,1,59
1,<environment.Job instance at 0x14d1dd4280f0>,45,3,[6 2],60,61,64,1,60
1,<environment.Job instance at 0x14d1dd428d70>,46,3,[1 9],61,64,67,3,61
1,<environment.Job instance at 0x14d1dd366910>,26,3,[8 2],34,67,70,33,66
1,<environment.Job instance at 0x14d1dd5f0140>,0,25,[2 6],1,2,27,1,2
1,<environment.Job instance at 0x14d1dd5f0f00>,2,2,[1 5],3,27,29,24,3
1,<environment.Job instance at 0x14d1db084f00>,3,3,[10  2],4,29,32,25,4
1,<environment.Job instance at 0x14d1db084a50>,4,3,[2 5],6,32,35,26,6
1,<environment.Job instance at 0x14d1db084af0>,5,3,[2 5],9,32,35,23,9
1,<environment.Job instance at 0x14d1db084be0>,6,17,[1 7],12,35,52,23,23
1,<environment.Job instance at 0x14d1dd58b5a0>,11,12,[1 8],22,52,64,30,35
1,<environment.Job instance at 0x14d1dd58b0f0>,12,3,[1 6],24,64,67,40,38
1,<environment.Job instance at 0x14d1dd58beb0>,9,1,[1 7],20,115,116,95,115
1,<environment.Job instance at 0x14d1db0840f0>,8,2,[5 1],19,120,122,101,120
1,<environment.Job instance at 0x14d1da5ec9b0>,0,16,[1 5],1,1,17,0,1
1,<environment.Job instance at 0x14d1e0da18c0>,1,2,[9 2],2,2,4,0,2
1,<environment.Job instance at 0x14d1dd20e6e0>,2,12,[1 8],3,17,29,14,3
1,<environment.Job instance at 0x14d1dbb2a190>,3,15,[2 6],5,29,44,24,15
1,<environment.Job instance at 0x14d1da019500>,12,1,[2 7],16,44,45,28,16
1,<environment.Job instance at 0x14d1da019aa0>,13,3,[10  2],17,45,48,28,19
1,<environment.Job instance at 0x14d1dd56a500>,20,2,[2 6],28,48,50,20,28
1,<environment.Job instance at 0x14d1da76b780>,0,2,[2 6],1,1,3,0,1
1,<environment.Job instance at 0x14d1da364730>,3,3,[ 2 10],4,4,7,0,4
1,<environment.Job instance at 0x14d1da364c80>,5,18,[2 7],9,9,27,0,9
1,<environment.Job instance at 0x14d1da0d39b0>,6,12,[8 2],10,10,22,0,10
1,<environment.Job instance at 0x14d1da0d3fa0>,7,1,[2 9],12,27,28,15,12
1,<environment.Job instance at 0x14d1da0d3780>,8,2,[ 2 10],15,28,30,13,15
1,<environment.Job instance at 0x14d1d9bbe960>,0,12,[1 5],2,2,14,0,2
1,<environment.Job instance at 0x14d1d9b2fcd0>,1,3,[2 7],3,14,17,11,3
1,<environment.Job instance at 0x14d1d9b2f870>,2,18,[2 8],4,17,35,13,6
1,<environment.Job instance at 0x14d1db02ee60>,4,1,[1 8],7,35,36,28,7
1,<environment.Job instance at 0x14d1db02e5f0>,5,3,[ 1 10],8,36,39,28,10
1,<environment.Job instance at 0x14d1db02ef00>,7,17,[2 5],13,39,56,26,27
1,<environment.Job instance at 0x14d1de3d03c0>,16,1,[1 7],28,56,57,28,28
1,<environment.Job instance at 0x14d1da311be0>,17,3,[8 1],30,30,33,0,30
1,<environment.Job instance at 0x14d1da093320>,18,3,[2 5],32,39,42,7,32
1,<environment.Job instance at 0x14d1da613d70>,19,13,[1 9],34,57,70,23,41
1,<environment.Job instance at 0x14d1ddf0b9b0>,21,1,[1 9],37,70,71,33,42
1,<environment.Job instance at 0x14d1da30ebe0>,25,1,[1 5],42,42,43,0,42
1,<environment.Job instance at 0x14d1da219640>,26,2,[8 1],43,56,58,13,56
1,<environment.Job instance at 0x14d1da02b820>,35,3,[9 2],57,71,74,14,57
1,<environment.Job instance at 0x14d1da7d07d0>,36,3,[8 1],58,58,61,0,58
1,<environment.Job instance at 0x14d1e3d0af50>,37,3,[2 6],60,74,77,14,60
1,<environment.Job instance at 0x14d1dd627690>,0,1,[ 2 10],2,4,5,2,4
1,<environment.Job instance at 0x14d1da2fca50>,1,2,[5 2],5,6,8,1,6
1,<environment.Job instance at 0x14d1da7c5cd0>,3,2,[7 1],7,8,10,1,7
1,<environment.Job instance at 0x14d1da2fca00>,4,3,[1 8],9,9,12,0,9
1,<environment.Job instance at 0x14d1de0dd550>,5,1,[6 1],10,37,38,27,37
1,<environment.Job instance at 0x14d1dd52fd20>,25,16,[2 5],38,38,54,0,38
1,<environment.Job instance at 0x14d1dd428e60>,26,3,[1 8],40,54,57,14,40
1,<environment.Job instance at 0x14d1f40d0fa0>,27,17,[8 2],43,44,61,1,44
1,<environment.Job instance at 0x14d1e3cb0730>,29,1,[2 7],46,57,58,11,46
1,<environment.Job instance at 0x14d1e3d0a7d0>,30,2,[1 6],47,58,60,11,47
1,<environment.Job instance at 0x14d1de01a280>,31,3,[8 2],48,61,64,13,48
1,<environment.Job instance at 0x14d1da54cf50>,32,2,[7 1],50,64,66,14,50
1,<environment.Job instance at 0x14d1da8c8690>,0,3,[1 8],2,2,5,0,2
1,<environment.Job instance at 0x14d1da8c8e60>,1,2,[10  2],3,7,9,4,7
1,<environment.Job instance at 0x14d1e0dc4f00>,5,3,[1 9],8,9,12,1,8
1,<environment.Job instance at 0x14d1f40e35f0>,6,3,[9 1],9,12,15,3,12
1,<environment.Job instance at 0x14d1dd25ef50>,9,2,[5 1],13,15,17,2,13
1,<environment.Job instance at 0x14d1dd3dd5a0>,10,2,[2 9],14,15,17,1,14
1,<environment.Job instance at 0x14d1ddf05fa0>,11,2,[2 8],15,17,19,2,15
1,<environment.Job instance at 0x14d1de08b5f0>,12,1,[2 6],17,19,20,2,17
1,<environment.Job instance at 0x14d1de08bc80>,13,3,[10  2],20,20,23,0,20
1,<environment.Job instance at 0x14d1da35e550>,14,2,[8 1],21,29,31,8,29
1,<environment.Job instance at 0x14d1da4e8730>,21,2,[2 9],30,30,32,0,30
1,<environment.Job instance at 0x14d1ddffc550>,22,18,[2 7],31,33,51,2,33
1,<environment.Job instance at 0x14d1ddffc1e0>,25,2,[2 6],34,51,53,17,34
1,<environment.Job instance at 0x14d1ddffc8c0>,26,1,[9 1],35,53,54,18,36
1,<environment.Job instance at 0x14d1ddffcb90>,28,2,[1 8],38,53,55,15,38
1,<environment.Job instance at 0x14d1e3ca90f0>,29,16,[5 1],39,54,70,15,41
1,<environment.Job instance at 0x14d1e3ca9370>,31,3,[10  2],42,70,73,28,44
1,<environment.Job instance at 0x14d1e3ca9c80>,33,3,[1 6],45,55,58,10,45
1,<environment.Job instance at 0x14d1e3ca9eb0>,34,2,[5 2],46,46,48,0,46
1,<environment.Job instance at 0x14d1f4a80870>,35,16,[8 1],48,468,484,420,468
1,<environment.Job instance at 0x14d1dd48cb40>,0,1,[7 2],1,8,9,7,8
1,<environment.Job instance at 0x14d1dd48cc80>,7,12,[2 8],14,14,26,0,14
1,<environment.Job instance at 0x14d1dd48ca50>,8,3,[10  2],15,26,29,11,15
1,<environment.Job instance at 0x14d1dd48c410>,9,1,[7 1],17,25,26,8,25
1,<environment.Job instance at 0x14d1da1323c0>,17,1,[1 8],30,41,42,11,41
1,<environment.Job instance at 0x14d1da132c30>,15,1,[6 1],28,44,45,16,44
1,<environment.Job instance at 0x14d1d9faf550>,25,14,[9 2],44,45,59,1,45
1,<environment.Job instance at 0x14d1d9fafbe0>,27,2,[5 2],46,59,61,13,47
1,<environment.Job instance at 0x14d1d9faf230>,26,18,[9 1],45,61,79,16,51
1,<environment.Job instance at 0x14d1da7080f0>,31,1,[ 2 10],52,79,80,27,52
1,<environment.Job instance at 0x14d1da708dc0>,32,1,[10  2],54,80,81,26,54
1,<environment.Job instance at 0x14d1da708910>,33,16,[7 1],55,81,97,26,68
1,<environment.Job instance at 0x14d1da6edcd0>,0,2,[2 7],1,2,4,1,2
1,<environment.Job instance at 0x14d1dd28b230>,1,12,[2 7],3,4,16,1,3
1,<environment.Job instance at 0x14d1da708b90>,2,20,[ 2 10],4,16,36,12,7
1,<environment.Job instance at 0x14d1de0dd960>,6,15,[7 2],8,52,67,44,52
1,<environment.Job instance at 0x14d1de0a54b0>,32,1,[9 1],54,67,68,13,54
1,<environment.Job instance at 0x14d1daff5500>,33,3,[2 7],55,55,58,0,55
1,<environment.Job instance at 0x14d1de030e10>,34,2,[ 2 10],56,68,70,12,56
1,<environment.Job instance at 0x14d1de0309b0>,35,18,[8 1],58,70,88,12,59
1,<environment.Job instance at 0x14d1de030050>,37,12,[1 5],60,70,82,10,60
1,<environment.Job instance at 0x14d1de0111e0>,38,2,[9 2],61,88,90,27,61
1,<environment.Job instance at 0x14d1de0118c0>,39,16,[ 2 10],63,90,106,27,77
1,<environment.Job instance at 0x14d1ddfefe10>,43,1,[10  2],69,106,107,37,83
1,<environment.Job instance at 0x14d1da4dc910>,10,2,[2 5],12,27,29,15,27
1,<environment.Job instance at 0x14d1f6a4cbe0>,0,1,[2 9],1,4,5,3,4
1,<environment.Job instance at 0x14d1db2a7a00>,3,13,[2 7],5,5,18,0,5
1,<environment.Job instance at 0x14d1db007370>,4,3,[10  2],6,18,21,12,6
1,<environment.Job instance at 0x14d1db2a73c0>,5,14,[2 9],7,21,35,14,7
1,<environment.Job instance at 0x14d1dafd2c80>,6,2,[8 1],8,8,10,0,8
1,<environment.Job instance at 0x14d1dafd26e0>,7,1,[2 6],9,35,36,26,9
1,<environment.Job instance at 0x14d1dafd2230>,8,1,[9 2],10,36,37,26,10
1,<environment.Job instance at 0x14d1dafd2500>,9,2,[ 1 10],11,37,39,26,11
1,<environment.Job instance at 0x14d1dafd22d0>,10,3,[10  2],12,39,42,27,15
1,<environment.Job instance at 0x14d1dafd2e10>,12,12,[2 5],16,42,54,26,25
1,<environment.Job instance at 0x14d1dd2a05f0>,40,13,[10  2],54,68,81,14,68
1,<environment.Job instance at 0x14d1dd65f1e0>,16,17,[5 2],22,81,98,59,69
1,<environment.Job instance at 0x14d1d9acbe60>,50,2,[10  2],69,98,100,29,71
1,<environment.Job instance at 0x14d1db2dab90>,22,3,[2 7],30,42,45,12,42
1,<environment.Job instance at 0x14d1dd401d20>,28,2,[ 1 10],38,61,63,23,61
1,<environment.Job instance at 0x14d1f40d3230>,31,16,[1 5],42,63,79,21,61
1,<environment.Job instance at 0x14d1da44eeb0>,32,2,[9 2],43,63,65,20,62
1,<environment.Job instance at 0x14d1da344140>,33,3,[1 5],44,65,68,21,62
1,<environment.Job instance at 0x14d1dd237eb0>,34,2,[1 9],45,79,81,34,62
1,<environment.Job instance at 0x14d1dbb342d0>,48,3,[1 6],67,102,105,35,102
1,<environment.Job instance at 0x14d1f6402fa0>,49,3,[1 9],68,105,108,37,102
1,<environment.Job instance at 0x14d1dd58e550>,0,2,[2 7],2,2,4,0,2
1,<environment.Job instance at 0x14d1dd58ec80>,1,2,[9 1],5,13,15,8,13
1,<environment.Job instance at 0x14d1da688d20>,9,24,[8 1],16,52,76,36,52
1,<environment.Job instance at 0x14d1db066910>,13,17,[10  2],20,76,93,56,64
1,<environment.Job instance at 0x14d1dd528370>,22,2,[8 1],34,93,95,59,66
1,<environment.Job instance at 0x14d1d9e4e820>,23,3,[ 2 10],35,95,98,60,69
1,<environment.Job instance at 0x14d1dd1e5780>,21,3,[5 1],33,98,101,65,96
1,<environment.Job instance at 0x14d1d9d56d70>,29,18,[5 2],43,98,116,55,96
1,<environment.Job instance at 0x14d1ddff7a00>,34,18,[5 2],50,101,119,51,96
1,<environment.Job instance at 0x14d1ddff7910>,35,1,[6 2],51,119,120,68,96
1,<environment.Job instance at 0x14d1e0dbe9b0>,36,2,[1 7],53,116,118,63,96
1,<environment.Job instance at 0x14d1da5d65f0>,0,16,[1 7],1,1,17,0,1
1,<environment.Job instance at 0x14d1dbb0deb0>,1,3,[2 5],2,17,20,15,2
1,<environment.Job instance at 0x14d1dbb0daf0>,2,3,[1 7],4,20,23,16,4
1,<environment.Job instance at 0x14d1da5d6a00>,3,2,[9 2],5,5,7,0,5
1,<environment.Job instance at 0x14d1da5d6b40>,4,2,[7 1],6,7,9,1,6
1,<environment.Job instance at 0x14d1da84f2d0>,5,1,[1 8],7,23,24,16,7
1,<environment.Job instance at 0x14d1da84f8c0>,6,1,[8 1],8,41,42,33,41
1,<environment.Job instance at 0x14d1da5f1af0>,30,1,[10  1],39,42,43,3,42
1,<environment.Job instance at 0x14d1da0836e0>,34,2,[2 8],43,43,45,0,43
1,<environment.Job instance at 0x14d1da0833c0>,35,1,[8 2],44,44,45,0,44
1,<environment.Job instance at 0x14d1da083280>,36,2,[6 1],47,47,49,0,47
1,<environment.Job instance at 0x14d1da083a50>,37,1,[5 2],50,50,51,0,50
1,<environment.Job instance at 0x14d1da083fa0>,38,1,[9 2],51,51,52,0,51
1,<environment.Job instance at 0x14d1da0837d0>,39,2,[8 2],52,52,54,0,52
1,<environment.Job instance at 0x14d1da833280>,40,1,[6 2],53,54,55,1,53
1,<environment.Job instance at 0x14d1da833780>,41,3,[ 2 10],55,55,58,0,55
1,<environment.Job instance at 0x14d1d9b97410>,0,3,[2 7],1,1,4,0,1
1,<environment.Job instance at 0x14d1dd396820>,4,2,[2 5],11,11,13,0,11
1,<environment.Job instance at 0x14d1de03ecd0>,9,17,[9 1],17,17,34,0,17
1,<environment.Job instance at 0x1466baca2aa0>,0,17,[ 1 10],3,4,21,1,4
1,<environment.Job instance at 0x1466baca2a50>,2,18,[ 1 10],5,21,39,16,10
1,<environment.Job instance at 0x146665738410>,8,13,[ 2 10],11,39,52,28,23
1,<environment.Job instance at 0x14666578e730>,11,28,[1 9],15,52,80,37,51
1,<environment.Job instance at 0x14666578e3c0>,16,17,[1 7],22,80,97,58,68
1,<environment.Job instance at 0x1466652c8820>,19,3,[8 1],26,68,71,42,68
1,<environment.Job instance at 0x14666506f190>,0,3,[6 1],3,6,9,3,6
1,<environment.Job instance at 0x14666f11e5a0>,3,2,[5 2],7,9,11,2,7
1,<environment.Job instance at 0x14666507edc0>,4,2,[1 5],9,9,11,0,9
1,<environment.Job instance at 0x14666f17f370>,5,2,[7 2],10,11,13,1,10
1,<environment.Job instance at 0x14666e674a50>,6,18,[1 7],11,11,29,0,11
1,<environment.Job instance at 0x1466657380f0>,7,2,[2 7],13,29,31,16,13
1,<environment.Job instance at 0x14669801a5f0>,8,2,[9 2],14,14,16,0,14
1,<environment.Job instance at 0x14669801a230>,9,15,[1 9],15,31,46,16,17
1,<environment.Job instance at 0x14669801af00>,10,1,[1 5],18,46,47,28,18
1,<environment.Job instance at 0x14669801a910>,11,1,[10  2],21,50,51,29,50
1,<environment.Job instance at 0x14666e57a320>,31,15,[6 2],52,52,67,0,52
1,<environment.Job instance at 0x14666e57ad20>,32,1,[5 2],53,67,68,14,53
1,<environment.Job instance at 0x14666e57adc0>,33,1,[5 2],54,67,68,13,54
1,<environment.Job instance at 0x14666e57a8c0>,34,16,[1 9],56,68,84,12,56
1,<environment.Job instance at 0x14666f11fcd0>,20,3,[8 1],37,68,71,31,63
1,<environment.Job instance at 0x14666e57aaf0>,35,18,[1 5],57,84,102,27,73
1,<environment.Job instance at 0x14666f0e9320>,40,2,[9 1],66,78,80,12,78
1,<environment.Job instance at 0x14666e56abe0>,47,1,[9 2],79,84,85,5,79
1,<environment.Job instance at 0x146669f118c0>,24,27,[5 2],33,33,60,0,33
1,<environment.Job instance at 0x146664da51e0>,25,3,[1 8],34,34,37,0,34
1,<environment.Job instance at 0x146664da5820>,26,18,[ 2 10],36,60,78,24,49
1,<environment.Job instance at 0x146665aa97d0>,31,1,[1 5],42,51,52,9,51
1,<environment.Job instance at 0x1466652bac80>,35,18,[ 1 10],57,78,96,21,67
1,<environment.Job instance at 0x146664da55f0>,28,2,[8 2],38,1936,1938,1898,1936
1,<environment.Job instance at 0x146698b99230>,0,2,[6 1],2,5,7,3,5
1,<environment.Job instance at 0x1466652ba460>,4,3,[9 1],9,10,13,1,10
1,<environment.Job instance at 0x146667989eb0>,6,3,[10  1],11,13,16,2,11
1,<environment.Job instance at 0x14666e589870>,7,2,[1 5],12,16,18,4,12
1,<environment.Job instance at 0x146667989b90>,8,15,[ 1 10],15,18,33,3,18
1,<environment.Job instance at 0x14666e5897d0>,10,1,[7 1],19,33,34,14,19
1,<environment.Job instance at 0x146664d3fdc0>,11,2,[1 8],21,33,35,12,21
1,<environment.Job instance at 0x146664af7b40>,12,1,[1 6],22,35,36,13,22
1,<environment.Job instance at 0x146664af70f0>,13,3,[10  2],23,36,39,13,23
1,<environment.Job instance at 0x14666e589780>,14,2,[8 2],24,34,36,10,24
1,<environment.Job instance at 0x146665774b40>,15,2,[5 2],25,39,41,14,25
1,<environment.Job instance at 0x1466687e2320>,16,3,[1 8],27,39,42,12,27
1,<environment.Job instance at 0x1466687e2be0>,17,2,[5 2],29,41,43,12,29
1,<environment.Job instance at 0x1466648694b0>,18,2,[2 7],31,42,44,11,31
1,<environment.Job instance at 0x14666508ae60>,19,3,[ 2 10],33,44,47,11,33
1,<environment.Job instance at 0x14666b57c2d0>,20,1,[1 5],34,47,48,13,34
1,<environment.Job instance at 0x146698b70370>,21,2,[1 9],35,48,50,13,35
1,<environment.Job instance at 0x1466679f3eb0>,22,17,[1 7],36,50,67,14,38
1,<environment.Job instance at 0x14666797d690>,24,2,[1 5],39,67,69,28,40
1,<environment.Job instance at 0x1466648cf550>,26,3,[8 2],42,50,53,8,42
1,<environment.Job instance at 0x1466687ceb40>,27,3,[5 2],43,53,56,10,43
1,<environment.Job instance at 0x1466687ce5a0>,28,2,[2 5],45,67,69,22,45
1,<environment.Job instance at 0x1466687ce2d0>,29,14,[ 1 10],46,69,83,23,54
1,<environment.Job instance at 0x146665706820>,34,2,[1 8],51,83,85,32,56
1,<environment.Job instance at 0x146665859f50>,39,17,[1 9],56,85,102,29,73
1,<environment.Job instance at 0x146667c598c0>,40,2,[5 1],57,83,85,26,73
1,<environment.Job instance at 0x146667c59f50>,45,14,[10  1],66,102,116,36,88
1,<environment.Job instance at 0x146667c590a0>,44,18,[6 2],63,239,257,176,239
1,<environment.Job instance at 0x146667a850a0>,0,2,[ 1 10],1,1,3,0,1
1,<environment.Job instance at 0x146667a85870>,1,2,[6 1],2,20,22,18,20
1,<environment.Job instance at 0x14666e6610a0>,16,3,[1 9],21,21,24,0,21
1,<environment.Job instance at 0x14666f1026e0>,52,22,[1 7],74,157,179,83,157
1,<environment.Job instance at 0x1466657afeb0>,53,13,[9 2],77,157,170,80,157
1,<environment.Job instance at 0x14666f1024b0>,48,17,[10  1],68,797,814,729,797
1,<environment.Job instance at 0x14666e661640>,11,2,[10  2],16,832,834,816,832
1,<environment.Job instance at 0x146668c5c780>,9,3,[10  2],14,14,17,0,14
1,<environment.Job instance at 0x146668c5caa0>,10,3,[8 1],15,17,20,2,15
1,<environment.Job instance at 0x146664c40be0>,0,18,[7 2],1,20,38,19,19
1,<environment.Job instance at 0x14666495a1e0>,13,1,[1 7],20,20,21,0,20
1,<environment.Job instance at 0x14666495a0f0>,14,16,[1 5],21,21,37,0,21
1,<environment.Job instance at 0x14666495a690>,15,2,[9 2],22,38,40,16,22
1,<environment.Job instance at 0x14666495a3c0>,16,12,[1 8],23,37,49,14,23
1,<environment.Job instance at 0x1466994984b0>,17,15,[2 6],25,49,64,24,35
1,<environment.Job instance at 0x146668b8d9b0>,27,3,[10  2],37,64,67,27,44
1,<environment.Job instance at 0x1466656f6910>,21,15,[10  2],30,67,82,37,53
1,<environment.Job instance at 0x146667c21c80>,34,2,[2 6],48,82,84,34,55
1,<environment.Job instance at 0x146667c21c30>,35,2,[6 1],49,55,57,6,55
1,<environment.Job instance at 0x146667c21d20>,36,3,[2 8],51,84,87,33,58
1,<environment.Job instance at 0x146667c218c0>,37,2,[5 2],52,58,60,6,58
1,<environment.Job instance at 0x146667c210a0>,38,2,[2 7],53,87,89,34,60
1,<environment.Job instance at 0x146667c21780>,39,3,[1 8],54,89,92,35,63
1,<environment.Job instance at 0x1466662f5d20>,32,3,[10  2],46,92,95,46,91
1,<environment.Job instance at 0x146665854690>,0,1,[8 1],2,20,21,18,20
1,<environment.Job instance at 0x146699442640>,14,1,[2 9],22,22,23,0,22
1,<environment.Job instance at 0x1466679e2c30>,15,2,[ 2 10],25,25,27,0,25
1,<environment.Job instance at 0x1466679e22d0>,16,2,[7 1],26,27,29,1,26
1,<environment.Job instance at 0x1466679e2b90>,17,3,[1 5],27,27,30,0,27
1,<environment.Job instance at 0x146667a0a780>,18,2,[5 2],28,29,31,1,28
1,<environment.Job instance at 0x146699450cd0>,19,1,[10  2],29,31,32,2,29
1,<environment.Job instance at 0x1466980110f0>,20,1,[10  1],30,32,33,2,30
1,<environment.Job instance at 0x146699465870>,21,16,[10  2],31,33,49,2,31
1,<environment.Job instance at 0x1466994507d0>,22,1,[8 2],33,49,50,16,33
1,<environment.Job instance at 0x1466980f51e0>,23,2,[2 9],34,50,52,16,34
1,<environment.Job instance at 0x146666f27dc0>,24,3,[9 2],36,52,55,16,36
1,<environment.Job instance at 0x146667e66190>,25,14,[9 2],38,55,69,17,40
1,<environment.Job instance at 0x14666e471910>,27,12,[10  1],41,69,81,28,53
1,<environment.Job instance at 0x146669f0e460>,34,1,[2 9],54,81,82,27,54
1,<environment.Job instance at 0x146669f0e0f0>,35,2,[8 1],56,81,83,25,56
1,<environment.Job instance at 0x146669f0e8c0>,36,2,[9 2],58,83,85,25,58
1,<environment.Job instance at 0x146669f0ee10>,37,2,[6 1],59,85,87,26,59
1,<environment.Job instance at 0x146664d9a460>,38,3,[ 1 10],60,87,90,27,61
1,<environment.Job instance at 0x1466995de2d0>,40,2,[1 6],62,62,64,0,62
1,<environment.Job instance at 0x146664d9a6e0>,41,2,[1 6],63,64,66,1,63
1,<environment.Job instance at 0x1466686f7eb0>,42,3,[6 2],64,90,93,26,64
1,<environment.Job instance at 0x146664a22870>,43,1,[10  1],66,93,94,27,66
1,<environment.Job instance at 0x146664a22780>,44,3,[6 2],67,94,97,27,68
1,<environment.Job instance at 0x146664a221e0>,46,1,[6 1],70,97,98,27,70
1,<environment.Job instance at 0x14666e5fb7d0>,47,1,[10  2],71,98,99,27,71
1,<environment.Job instance at 0x146664a22190>,48,3,[7 1],73,99,102,26,73
1,<environment.Job instance at 0x146665aa9230>,49,3,[2 7],75,90,93,15,75
1,<environment.Job instance at 0x146665aa99b0>,50,1,[8 1],76,102,103,26,76
1,<environment.Job instance at 0x14666e643b40>,26,1,[1 5],39,111,112,72,111
1,<environment.Job instance at 0x146664d9e0f0>,0,12,[1 5],2,2,14,0,2
1,<environment.Job instance at 0x146664917cd0>,1,3,[2 7],3,14,17,11,3
1,<environment.Job instance at 0x146664917f50>,2,18,[2 8],4,17,35,13,6
1,<environment.Job instance at 0x146664917aa0>,4,1,[1 8],7,35,36,28,7
1,<environment.Job instance at 0x146664917870>,5,3,[ 1 10],8,36,39,28,10
1,<environment.Job instance at 0x1466648ab910>,7,17,[2 5],13,39,56,26,27
1,<environment.Job instance at 0x1466649cfaf0>,16,1,[1 7],28,56,57,28,34
1,<environment.Job instance at 0x146666f3b640>,20,12,[2 7],36,57,69,21,40
1,<environment.Job instance at 0x146664b872d0>,23,3,[ 1 10],40,69,72,29,43
1,<environment.Job instance at 0x146664be4910>,24,2,[8 2],41,46,48,5,46
1,<environment.Job instance at 0x146664b8a1e0>,29,2,[1 9],49,72,74,23,49
1,<environment.Job instance at 0x146664b8a320>,30,3,[1 7],51,74,77,23,53
1,<environment.Job instance at 0x146664b8acd0>,33,3,[7 2],55,56,59,1,56
1,<environment.Job instance at 0x146664b8ab40>,35,3,[9 2],57,74,77,17,57
1,<environment.Job instance at 0x14666d214910>,36,3,[8 1],58,59,62,1,58
1,<environment.Job instance at 0x14666d214500>,37,3,[2 6],60,77,80,17,60
1,<environment.Job instance at 0x146664c198c0>,0,2,[2 9],2,2,4,0,2
1,<environment.Job instance at 0x14666430e960>,1,16,[1 8],3,4,20,1,4
1,<environment.Job instance at 0x14666430e910>,3,3,[9 1],5,5,8,0,5
1,<environment.Job instance at 0x14666e6612d0>,4,17,[10  2],6,20,37,14,8
1,<environment.Job instance at 0x14666e6617d0>,6,15,[1 5],9,37,52,28,23
1,<environment.Job instance at 0x14666e661460>,11,3,[8 1],17,37,40,20,23
1,<environment.Job instance at 0x1466980e0eb0>,15,14,[1 6],24,52,66,28,37
1,<environment.Job instance at 0x146698b68550>,17,1,[2 7],26,66,67,40,38
1,<environment.Job instance at 0x1466649e9370>,22,2,[7 1],34,40,42,6,38
1,<environment.Job instance at 0x1466649e9320>,23,1,[2 7],36,67,68,31,39
1,<environment.Job instance at 0x146664ae5e10>,24,2,[1 6],37,68,70,31,43
1,<environment.Job instance at 0x146668ec4690>,29,12,[5 1],47,49,61,2,49
1,<environment.Job instance at 0x146668ec4640>,32,24,[1 8],50,70,94,20,65
1,<environment.Job instance at 0x146664ac8500>,36,1,[1 7],55,94,95,39,66
1,<environment.Job instance at 0x1466649f65f0>,37,3,[2 9],56,95,98,39,69
1,<environment.Job instance at 0x146668ec4cd0>,31,1,[10  1],49,179,180,130,179
1,<environment.Job instance at 0x14666e6616e0>,9,1,[6 2],14,750,751,736,750
1,<environment.Job instance at 0x146664d5ef50>,0,2,[8 1],1,8,10,7,8
1,<environment.Job instance at 0x1466688e26e0>,13,1,[ 2 10],16,17,18,1,17
1,<environment.Job instance at 0x1466688e2690>,15,16,[5 1],19,19,35,0,19
1,<environment.Job instance at 0x1466687aa0a0>,6,15,[5 1],9,19,34,10,19
1,<environment.Job instance at 0x146668c6f1e0>,16,12,[ 2 10],21,35,47,14,21
1,<environment.Job instance at 0x1466688e20a0>,17,3,[10  2],22,47,50,25,22
1,<environment.Job instance at 0x1466688db320>,18,1,[1 7],24,34,35,10,24
1,<environment.Job instance at 0x1466688db910>,19,3,[1 6],25,50,53,25,25
1,<environment.Job instance at 0x1466688dbb40>,20,2,[5 2],26,50,52,24,26
1,<environment.Job instance at 0x146699453690>,22,1,[9 2],29,52,53,23,49
1,<environment.Job instance at 0x14666d2096e0>,34,1,[8 1],41,63,64,22,63
1,<environment.Job instance at 0x1466643cc190>,0,18,[1 9],1,1,19,0,1
1,<environment.Job instance at 0x1466643cc8c0>,1,15,[1 9],3,19,34,16,5
1,<environment.Job instance at 0x1466644b30a0>,3,3,[5 1],6,10,13,4,10
1,<environment.Job instance at 0x1466644b32d0>,6,1,[6 2],11,34,35,23,11
1,<environment.Job instance at 0x1466644b3cd0>,7,14,[9 2],14,35,49,21,20
1,<environment.Job instance at 0x146698b9d550>,13,1,[ 2 10],22,49,50,27,22
1,<environment.Job instance at 0x146665816d70>,14,1,[10  2],24,50,51,26,24
1,<environment.Job instance at 0x146667b11190>,15,16,[7 1],25,1780,1796,1755,1780
1,<environment.Job instance at 0x14666876b6e0>,0,2,[2 8],2,2,4,0,2
1,<environment.Job instance at 0x146668773d20>,6,3,[2 7],15,16,19,1,16
1,<environment.Job instance at 0x146667b11190>,1,1,[5 2],5,16,17,11,16
1,<environment.Job instance at 0x1466687730a0>,8,18,[8 1],18,20,38,2,20
1,<environment.Job instance at 0x146668773370>,11,2,[9 2],21,38,40,17,21
1,<environment.Job instance at 0x146668773910>,12,16,[ 2 10],23,40,56,17,27
1,<environment.Job instance at 0x146668773870>,15,2,[1 5],28,28,30,0,28
1,<environment.Job instance at 0x14666463d3c0>,16,1,[10  2],29,56,57,27,31
1,<environment.Job instance at 0x14666463df00>,19,2,[8 2],32,57,59,25,32
1,<environment.Job instance at 0x14666463dfa0>,20,1,[8 2],33,59,60,26,33
1,<environment.Job instance at 0x1466646bceb0>,37,2,[8 2],52,97,99,45,97
1,<environment.Job instance at 0x1466646bcb90>,45,3,[6 2],68,99,102,31,97
1,<environment.Job instance at 0x1466646bc960>,46,2,[2 6],70,97,99,27,97
1,<environment.Job instance at 0x1466646bc870>,47,14,[1 8],71,99,113,28,97
1,<environment.Job instance at 0x146668773190>,13,3,[7 2],25,102,105,77,97
1,<environment.Job instance at 0x1466646bcd20>,48,17,[9 1],72,105,122,33,98
1,<environment.Job instance at 0x1466646bc730>,36,13,[1 8],51,198,211,147,198
1,<environment.Job instance at 0x14666e532370>,0,1,[1 7],1,15,16,14,15
1,<environment.Job instance at 0x146664931fa0>,12,19,[10  1],17,35,54,18,35
1,<environment.Job instance at 0x146699624aa0>,26,12,[2 5],36,54,66,18,43
1,<environment.Job instance at 0x1466bacdad70>,32,12,[7 2],44,54,66,10,53
1,<environment.Job instance at 0x146664f510f0>,0,2,[2 5],1,1,3,0,1
1,<environment.Job instance at 0x146664f17c30>,1,12,[9 1],2,6,18,4,6
1,<environment.Job instance at 0x1466645dbaa0>,5,15,[8 1],7,18,33,11,8
1,<environment.Job instance at 0x14669804c3c0>,7,2,[10  2],9,33,35,24,9
1,<environment.Job instance at 0x14666e563a00>,8,3,[2 7],10,18,21,8,10
1,<environment.Job instance at 0x146668c77d70>,10,3,[5 2],14,35,38,21,35
1,<environment.Job instance at 0x146667a0a730>,30,3,[7 1],42,51,54,9,51
1,<environment.Job instance at 0x1466994a8820>,41,2,[8 2],58,58,60,0,58
1,<environment.Job instance at 0x146664d1c7d0>,0,2,[6 1],2,8,10,6,8
1,<environment.Job instance at 0x146698b6b870>,6,12,[2 8],9,18,30,9,18
1,<environment.Job instance at 0x146666f35af0>,13,13,[10  2],20,45,58,25,45
1,<environment.Job instance at 0x146664b39fa0>,26,1,[1 8],36,58,59,22,45
1,<environment.Job instance at 0x1466bae2caa0>,27,14,[1 8],37,59,73,22,45
1,<environment.Job instance at 0x1466652b2fa0>,28,2,[ 1 10],38,73,75,35,46
1,<environment.Job instance at 0x14666581cc80>,29,3,[8 2],39,58,61,19,46
1,<environment.Job instance at 0x1466646fe2d0>,38,17,[1 9],51,75,92,24,63
1,<environment.Job instance at 0x146664e327d0>,0,2,[9 1],1,3,5,2,3
1,<environment.Job instance at 0x14666501d5a0>,7,2,[2 6],9,17,19,8,17
1,<environment.Job instance at 0x146667c540a0>,8,17,[10  2],10,19,36,9,17
1,<environment.Job instance at 0x1466998e8b90>,9,2,[ 1 10],12,36,38,24,17
1,<environment.Job instance at 0x1466998e89b0>,10,2,[1 5],14,38,40,24,17
1,<environment.Job instance at 0x1466649f65a0>,4,24,[8 1],6,45,69,39,45
1,<environment.Job instance at 0x146668eb6820>,0,2,[2 7],1,1,3,0,1
1,<environment.Job instance at 0x14666584b0a0>,1,1,[7 2],2,12,13,10,12
1,<environment.Job instance at 0x14666f15d4b0>,9,2,[8 2],13,13,15,0,13
1,<environment.Job instance at 0x1466688b30f0>,10,1,[2 7],15,15,16,0,15
1,<environment.Job instance at 0x146667e25230>,11,1,[1 8],16,16,17,0,16
1,<environment.Job instance at 0x146667e25190>,12,1,[7 1],17,36,37,19,36
1,<environment.Job instance at 0x14666506fe10>,42,18,[2 8],58,58,76,0,58
1,<environment.Job instance at 0x14666506fc30>,43,2,[2 8],60,76,78,16,60
1,<environment.Job instance at 0x14666e4786e0>,44,2,[2 5],61,78,80,17,61
1,<environment.Job instance at 0x146664a8e730>,45,16,[8 1],63,63,79,0,63
1,<environment.Job instance at 0x146664a8ec30>,46,2,[2 6],64,80,82,16,64
1,<environment.Job instance at 0x146664a8e640>,47,1,[10  2],65,82,83,17,65
1,<environment.Job instance at 0x146664a8e370>,48,18,[5 2],66,1607,1625,1541,1607
1,<environment.Job instance at 0x146667e49e10>,0,2,[10  1],2,34,36,32,34
1,<environment.Job instance at 0x146667e2e6e0>,17,2,[2 5],33,36,38,3,34
1,<environment.Job instance at 0x146667e2e550>,18,3,[2 6],34,38,41,4,34
1,<environment.Job instance at 0x146668821d70>,19,15,[1 6],36,41,56,5,36
1,<environment.Job instance at 0x146664827640>,20,3,[8 2],37,37,40,0,37
1,<environment.Job instance at 0x1466662eb320>,21,2,[2 7],38,56,58,18,38
1,<environment.Job instance at 0x1466662eba00>,22,2,[2 8],40,58,60,18,40
1,<environment.Job instance at 0x146668821e10>,23,1,[6 2],42,42,43,0,42
1,<environment.Job instance at 0x146664aee230>,24,3,[1 6],43,60,63,17,43
1,<environment.Job instance at 0x146664aee460>,25,1,[2 6],44,63,64,19,44
1,<environment.Job instance at 0x146664aee5f0>,26,2,[ 2 10],45,64,66,19,45
1,<environment.Job instance at 0x146664aee640>,27,16,[9 2],46,66,82,20,58
1,<environment.Job instance at 0x1466687a2370>,37,1,[2 9],59,82,83,23,59
1,<environment.Job instance at 0x1466687a2b40>,38,3,[ 1 10],60,83,86,23,60
1,<environment.Job instance at 0x1466687a2500>,39,1,[1 9],61,86,87,25,61
1,<environment.Job instance at 0x1466babdf960>,40,3,[7 2],62,87,90,25,62
1,<environment.Job instance at 0x146664243460>,41,15,[7 2],63,90,105,27,76
1,<environment.Job instance at 0x146664294870>,46,2,[9 1],72,105,107,33,78
1,<environment.Job instance at 0x1466642942d0>,48,1,[1 7],74,78,79,4,78
1,<environment.Job instance at 0x14666f141eb0>,49,2,[9 2],75,107,109,32,80
1,<environment.Job instance at 0x1466646c5500>,0,3,[9 1],2,9,12,7,9
1,<environment.Job instance at 0x1466646c59b0>,4,18,[1 9],10,10,28,0,10
1,<environment.Job instance at 0x1466646c5370>,5,18,[ 2 10],11,28,46,17,17
1,<environment.Job instance at 0x14666884ee60>,9,12,[ 1 10],17,46,58,29,29
1,<environment.Job instance at 0x14666884eb90>,10,12,[1 9],18,58,70,40,41
1,<environment.Job instance at 0x14666884eeb0>,11,14,[2 6],19,70,84,51,55
1,<environment.Job instance at 0x14666884e0a0>,12,2,[ 2 10],20,84,86,64,57
1,<environment.Job instance at 0x146664a04cd0>,27,3,[8 2],37,73,76,36,73
1,<environment.Job instance at 0x146664a04a00>,32,3,[8 2],42,81,84,39,81
1,<environment.Job instance at 0x146664a042d0>,37,3,[7 1],47,86,89,39,82
1,<environment.Job instance at 0x146664a04460>,38,2,[5 1],48,124,126,76,124
1,<environment.Job instance at 0x146664e83050>,43,1,[6 1],54,126,127,72,124
1,<environment.Job instance at 0x146664e83230>,45,3,[10  2],56,134,137,78,134
1,<environment.Job instance at 0x146664caa9b0>,59,3,[8 1],74,147,150,73,147
1,<environment.Job instance at 0x146664cf5320>,0,3,[10  1],1,5,8,4,5
1,<environment.Job instance at 0x146667cdde10>,3,1,[9 2],6,8,9,2,6
1,<environment.Job instance at 0x146667ce2af0>,4,2,[1 8],8,8,10,0,8
1,<environment.Job instance at 0x146668878820>,5,1,[1 7],9,10,11,1,9
1,<environment.Job instance at 0x146668876870>,15,3,[2 6],25,25,28,0,25
1,<environment.Job instance at 0x146668878d70>,6,17,[9 1],15,28,45,13,25
1,<environment.Job instance at 0x1466688622d0>,16,1,[1 8],26,28,29,2,26
1,<environment.Job instance at 0x146664bf2320>,17,13,[2 7],27,45,58,18,29
1,<environment.Job instance at 0x146664bf2500>,20,1,[2 5],32,58,59,26,32
1,<environment.Job instance at 0x1466688762d0>,21,16,[1 6],33,59,75,26,46
1,<environment.Job instance at 0x1466649e1f00>,25,3,[8 1],38,46,49,8,46
1,<environment.Job instance at 0x14666e65ab90>,26,15,[2 6],39,75,90,36,61
1,<environment.Job instance at 0x146664f042d0>,37,2,[9 2],54,65,67,11,65
1,<environment.Job instance at 0x146668875c80>,44,1,[6 1],66,67,68,1,66
1,<environment.Job instance at 0x146668875870>,45,2,[8 1],67,68,70,1,67
1,<environment.Job instance at 0x14c1a8ac1550>,0,17,[ 1 10],3,4,21,1,4
1,<environment.Job instance at 0x14c1a8ac1500>,2,18,[ 1 10],5,21,39,16,10
1,<environment.Job instance at 0x14c1530af780>,8,13,[ 2 10],11,39,52,28,26
1,<environment.Job instance at 0x14c1535865f0>,13,13,[1 5],17,52,65,35,36
1,<environment.Job instance at 0x14c153530730>,14,1,[1 7],18,65,66,47,40
1,<environment.Job instance at 0x14c1535307d0>,18,1,[5 2],25,92,93,67,92
1,<environment.Job instance at 0x14c1530daf50>,47,14,[5 1],60,807,821,747,807
1,<environment.Job instance at 0x14c152e78410>,0,18,[1 7],1,1,19,0,1
1,<environment.Job instance at 0x14c1530da0f0>,1,2,[2 7],3,19,21,16,3
1,<environment.Job instance at 0x14c152e5ecd0>,2,2,[9 2],4,4,6,0,4
1,<environment.Job instance at 0x14c152e782d0>,3,15,[1 9],5,21,36,16,7
1,<environment.Job instance at 0x14c164f02370>,4,1,[1 5],8,36,37,28,8
1,<environment.Job instance at 0x14c152e78320>,5,1,[10  2],11,42,43,31,42
1,<environment.Job instance at 0x14c1643b90f0>,26,1,[5 2],43,43,44,0,43
1,<environment.Job instance at 0x14c164f1af50>,27,1,[5 2],44,44,45,0,44
1,<environment.Job instance at 0x14c16449a0f0>,28,16,[1 9],46,46,62,0,46
1,<environment.Job instance at 0x14c1643e1f00>,15,3,[10  1],29,62,65,33,48
1,<environment.Job instance at 0x14c16449a280>,29,18,[1 5],47,65,83,18,56
1,<environment.Job instance at 0x14c1642fe6e0>,35,3,[2 9],58,83,86,25,58
1,<environment.Job instance at 0x14c1642fee60>,36,2,[6 1],62,65,67,3,63
1,<environment.Job instance at 0x14c1646adaf0>,38,1,[1 8],64,86,87,22,64
1,<environment.Job instance at 0x14c16433beb0>,39,2,[2 5],66,68,70,2,68
1,<environment.Job instance at 0x14c1643c7690>,41,1,[9 2],69,70,71,1,69
1,<environment.Job instance at 0x14c164f63780>,42,14,[5 1],70,71,85,1,70
1,<environment.Job instance at 0x14c1643c7fa0>,43,2,[7 2],71,86,88,15,71
1,<environment.Job instance at 0x14c16435d2d0>,44,3,[1 7],72,87,90,15,72
1,<environment.Job instance at 0x14c164349f00>,45,2,[2 8],73,90,92,17,73
1,<environment.Job instance at 0x14c164349960>,46,3,[1 5],74,92,95,18,74
1,<environment.Job instance at 0x14c164349a00>,47,15,[1 5],75,92,107,17,78
1,<environment.Job instance at 0x14c164400410>,50,2,[ 2 10],80,107,109,27,80
1,<environment.Job instance at 0x14c1644a29b0>,48,3,[9 1],77,2209,2212,2132,2209
1,<environment.Job instance at 0x14c153895aa0>,0,2,[2 7],1,1,3,0,1
1,<environment.Job instance at 0x14c153895910>,1,3,[ 2 10],3,3,6,0,3
1,<environment.Job instance at 0x14c1535309b0>,2,1,[1 5],4,6,7,2,6
1,<environment.Job instance at 0x14c156ab4050>,5,2,[5 2],8,11,13,3,11
1,<environment.Job instance at 0x14c155c72c30>,8,3,[8 2],12,13,16,1,12
1,<environment.Job instance at 0x14c156ab4a00>,9,3,[5 2],13,16,19,3,13
1,<environment.Job instance at 0x14c152758960>,10,2,[2 5],15,15,17,0,15
1,<environment.Job instance at 0x14c1558e1a00>,11,14,[ 1 10],16,19,33,3,16
1,<environment.Job instance at 0x14c1a4207d20>,12,1,[6 2],17,33,34,16,24
1,<environment.Job instance at 0x14c1526ffc30>,20,17,[10  1],25,86,103,61,86
1,<environment.Job instance at 0x14c156a61230>,59,1,[8 2],76,103,104,27,86
1,<environment.Job instance at 0x14c1565f2730>,60,3,[10  1],77,104,107,27,86
1,<environment.Job instance at 0x14c1565f2a50>,61,15,[7 2],79,107,122,28,93
1,<environment.Job instance at 0x14c1565f2280>,62,25,[2 6],81,107,132,26,103
1,<environment.Job instance at 0x14c152926410>,63,2,[2 8],82,132,134,50,105
1,<environment.Job instance at 0x14c1565f2d20>,64,2,[1 5],83,134,136,51,107
1,<environment.Job instance at 0x14c153580780>,0,17,[1 7],2,2,19,0,2
1,<environment.Job instance at 0x14c153580730>,1,1,[1 5],6,19,20,13,6
1,<environment.Job instance at 0x14c1535809b0>,2,2,[5 1],9,11,13,2,11
1,<environment.Job instance at 0x14c153539b90>,5,12,[1 8],12,20,32,8,12
1,<environment.Job instance at 0x14c1535395a0>,6,3,[1 6],14,32,35,18,14
1,<environment.Job instance at 0x14c15664f500>,25,2,[7 1],42,46,48,4,46
1,<environment.Job instance at 0x14c156651cd0>,36,13,[5 1],59,71,84,12,71
1,<environment.Job instance at 0x14c1530d6140>,29,15,[10  1],48,84,99,36,71
1,<environment.Job instance at 0x14c1643a9410>,47,15,[7 2],72,99,114,27,93
1,<environment.Job instance at 0x14c15664f870>,28,3,[1 5],46,261,264,215,261
1,<environment.Job instance at 0x14c155b65b90>,0,3,[2 8],1,1,4,0,1
1,<environment.Job instance at 0x14c1530d6370>,1,2,[5 2],2,6,8,4,6
1,<environment.Job instance at 0x14c15650c640>,28,2,[6 1],39,48,50,9,48
1,<environment.Job instance at 0x14c154d29f50>,50,12,[10  1],71,96,108,25,96
1,<environment.Job instance at 0x14c1643e1640>,52,2,[10  1],76,108,110,32,96
1,<environment.Job instance at 0x14c156523d70>,54,2,[7 2],80,110,112,30,96
1,<environment.Job instance at 0x14c155b65730>,5,16,[8 1],7,271,287,264,271
1,<environment.Job instance at 0x14c1643925f0>,5,3,[6 2],7,9,12,2,9
1,<environment.Job instance at 0x14c167028230>,17,1,[1 8],27,28,29,1,28
1,<environment.Job instance at 0x14c1672866e0>,19,2,[1 5],29,29,31,0,29
1,<environment.Job instance at 0x14c1a4222b40>,20,17,[2 5],33,33,50,0,33
1,<environment.Job instance at 0x14c1593a1af0>,21,14,[9 2],34,50,64,16,36
1,<environment.Job instance at 0x14c15939d870>,1,2,[5 2],5,6,8,1,6
1,<environment.Job instance at 0x14c16446b820>,3,2,[7 1],7,8,10,1,7
1,<environment.Job instance at 0x14c1646ad690>,4,3,[1 8],9,9,12,0,9
1,<environment.Job instance at 0x14c152ae1910>,5,1,[6 1],10,134,135,124,134
1,<environment.Job instance at 0x14c152ca5af0>,0,2,[8 1],1,9,11,8,9
1,<environment.Job instance at 0x14c152b0e640>,7,2,[2 9],10,10,12,0,10
1,<environment.Job instance at 0x14c152b0e500>,8,18,[2 7],11,12,30,1,11
1,<environment.Job instance at 0x14c152b0eaa0>,9,3,[1 5],12,30,33,18,12
1,<environment.Job instance at 0x14c1566c7a00>,10,3,[1 6],13,33,36,20,13
1,<environment.Job instance at 0x14c152b51c80>,11,2,[2 6],14,36,38,22,14
1,<environment.Job instance at 0x14c152b51d70>,12,1,[9 1],15,30,31,15,15
1,<environment.Job instance at 0x14c154d53230>,13,1,[ 2 10],16,38,39,22,16
1,<environment.Job instance at 0x14c152b51230>,14,2,[1 8],18,39,41,21,18
1,<environment.Job instance at 0x14c1535a4640>,29,3,[10  2],36,42,45,6,42
1,<environment.Job instance at 0x14c1559e45a0>,15,16,[5 1],19,53,69,34,53
1,<environment.Job instance at 0x14c154d4e230>,43,12,[8 2],52,69,81,17,53
1,<environment.Job instance at 0x14c154d4ef50>,44,1,[ 1 10],53,81,82,28,53
1,<environment.Job instance at 0x14c16504ebe0>,45,2,[2 6],54,54,56,0,54
1,<environment.Job instance at 0x14c16504e2d0>,46,1,[ 2 10],55,82,83,27,55
1,<environment.Job instance at 0x14c16504e730>,47,1,[2 9],57,57,58,0,57
1,<environment.Job instance at 0x14c16504e500>,48,16,[6 1],58,83,99,25,70
1,<environment.Job instance at 0x14c16504e550>,52,14,[1 5],68,83,97,15,70
1,<environment.Job instance at 0x14c16504eeb0>,53,14,[9 2],69,99,113,30,84
1,<environment.Job instance at 0x14c1530ac410>,62,2,[ 1 10],85,113,115,28,86
1,<environment.Job instance at 0x14c1530ac0f0>,63,3,[5 1],86,115,118,29,89
1,<environment.Job instance at 0x14c1530acdc0>,64,2,[5 2],87,115,117,28,89
1,<environment.Job instance at 0x14c152dcb190>,37,12,[9 2],44,1065,1077,1021,1065
1,<environment.Job instance at 0x14c1566c5eb0>,23,3,[2 8],30,1097,1100,1067,1097
1,<environment.Job instance at 0x14c15209b6e0>,0,1,[6 2],1,15,16,14,15
1,<environment.Job instance at 0x14c152807690>,10,12,[10  1],16,19,31,3,19
1,<environment.Job instance at 0x14c165006b90>,14,12,[9 2],20,31,43,11,20
1,<environment.Job instance at 0x14c165006050>,15,16,[1 6],21,31,47,10,21
1,<environment.Job instance at 0x14c154d4e1e0>,16,16,[7 1],23,43,59,20,40
1,<environment.Job instance at 0x14c1530d0f00>,29,13,[ 2 10],39,59,72,20,43
1,<environment.Job instance at 0x14c1530d0aa0>,30,2,[2 5],42,47,49,5,43
1,<environment.Job instance at 0x14c1530d07d0>,31,14,[5 2],45,72,86,27,57
1,<environment.Job instance at 0x14c154d58b90>,34,3,[2 8],49,72,75,23,57
1,<environment.Job instance at 0x14c164348050>,35,2,[1 9],51,57,59,6,57
1,<environment.Job instance at 0x14c1524d3690>,0,2,[9 2],1,8,10,7,8
1,<environment.Job instance at 0x14c15358bdc0>,5,1,[10  2],9,10,11,1,9
1,<environment.Job instance at 0x14c152af1140>,6,2,[ 1 10],10,11,13,1,10
1,<environment.Job instance at 0x14c152af1b90>,15,3,[10  1],19,27,30,8,27
1,<environment.Job instance at 0x14c15358be10>,7,22,[9 1],11,30,52,19,27
1,<environment.Job instance at 0x14c1535c3eb0>,22,13,[1 7],27,30,43,3,27
1,<environment.Job instance at 0x14c1669b5640>,41,3,[2 6],57,60,63,3,60
1,<environment.Job instance at 0x14c1669b53c0>,42,2,[1 9],58,63,65,5,60
1,<environment.Job instance at 0x14c1669b5af0>,43,3,[2 8],59,65,68,6,60
1,<environment.Job instance at 0x14c152d9eaa0>,44,1,[1 7],61,68,69,7,61
1,<environment.Job instance at 0x14c152d9e5a0>,45,2,[2 8],62,69,71,7,62
1,<environment.Job instance at 0x14c152d9ebe0>,46,3,[8 1],63,83,86,20,83
1,<environment.Job instance at 0x14c1559a22d0>,61,13,[2 7],85,85,98,0,85
1,<environment.Job instance at 0x14c1566d56e0>,0,2,[ 1 10],1,1,3,0,1
1,<environment.Job instance at 0x14c1566d5870>,1,3,[10  2],2,3,6,1,2
1,<environment.Job instance at 0x14c15699d640>,10,2,[2 7],15,16,18,1,16
1,<environment.Job instance at 0x14c15363cb40>,12,13,[5 1],17,18,31,1,18
1,<environment.Job instance at 0x14c1566d51e0>,2,14,[7 2],5,31,45,26,18
1,<environment.Job instance at 0x14c156547230>,14,1,[8 2],20,45,46,25,20
1,<environment.Job instance at 0x14c1669d6b40>,15,3,[10  2],21,46,49,25,21
1,<environment.Job instance at 0x14c15587d960>,16,1,[5 2],22,22,23,0,22
1,<environment.Job instance at 0x14c152408aa0>,0,3,[7 1],2,25,28,23,25
1,<environment.Job instance at 0x14c15255ca00>,25,1,[8 1],36,48,49,12,48
1,<environment.Job instance at 0x14c164322e10>,34,12,[2 8],49,49,61,0,49
1,<environment.Job instance at 0x14c164322f00>,35,3,[1 9],50,61,64,11,50
1,<environment.Job instance at 0x14c1643222d0>,36,3,[1 6],54,64,67,10,54
1,<environment.Job instance at 0x14c164322640>,37,3,[2 5],55,67,70,12,55
1,<environment.Job instance at 0x14c164322af0>,38,27,[ 2 10],56,99,126,43,99
1,<environment.Job instance at 0x14c152577410>,59,16,[1 5],82,126,142,44,113
1,<environment.Job instance at 0x14c152577320>,60,2,[9 2],83,126,128,43,113
1,<environment.Job instance at 0x14c152577820>,64,2,[ 1 10],87,142,144,55,115
1,<environment.Job instance at 0x14c1527bce60>,0,17,[1 9],1,1,18,0,1
1,<environment.Job instance at 0x14c1643efbe0>,1,1,[9 1],2,9,10,7,9
1,<environment.Job instance at 0x14c1526ff3c0>,6,3,[2 7],12,18,21,6,12
1,<environment.Job instance at 0x14c156a1b4b0>,7,2,[8 1],13,13,15,0,13
1,<environment.Job instance at 0x14c156a1b0f0>,8,25,[ 1 10],14,21,46,7,17
1,<environment.Job instance at 0x14c156a1b280>,11,3,[1 9],18,46,49,28,20
1,<environment.Job instance at 0x14c156a1bb40>,12,2,[2 7],22,49,51,27,22
1,<environment.Job instance at 0x14c1522671e0>,13,2,[9 1],25,46,48,21,25
1,<environment.Job instance at 0x14c164f83500>,14,1,[1 8],27,51,52,24,27
1,<environment.Job instance at 0x14c1523d2960>,15,2,[9 1],28,51,53,23,28
1,<environment.Job instance at 0x14c155b16c30>,16,2,[1 8],30,52,54,22,30
1,<environment.Job instance at 0x14c155b16690>,17,2,[9 1],31,53,55,22,32
1,<environment.Job instance at 0x14c155b16f50>,18,23,[2 9],33,55,78,22,49
1,<environment.Job instance at 0x14c1669e7780>,29,14,[2 9],48,78,92,30,63
1,<environment.Job instance at 0x14c164fd2eb0>,30,2,[1 6],49,92,94,43,65
1,<environment.Job instance at 0x14c153531190>,34,2,[8 1],54,65,67,11,65
1,<environment.Job instance at 0x14c153648e10>,40,3,[1 9],62,94,97,32,68
1,<environment.Job instance at 0x14c153648410>,42,3,[9 2],64,97,100,33,71
1,<environment.Job instance at 0x14c1642e0e60>,54,18,[8 1],79,142,160,63,142
1,<environment.Job instance at 0x14c1536485f0>,41,18,[5 2],63,160,178,97,151
1,<environment.Job instance at 0x14c166987960>,27,2,[1 5],44,180,182,136,180
1,<environment.Job instance at 0x14c1540edc30>,0,16,[1 7],1,1,17,0,1
1,<environment.Job instance at 0x14c1540ed1e0>,1,3,[2 5],2,17,20,15,2
1,<environment.Job instance at 0x14c1669879b0>,2,3,[1 7],4,20,23,16,4
1,<environment.Job instance at 0x14c155b29be0>,3,2,[9 2],5,5,7,0,5
1,<environment.Job instance at 0x14c152b9f050>,4,2,[7 1],6,20,22,14,20
1,<environment.Job instance at 0x14c1643c9410>,16,2,[2 7],21,23,25,2,21
1,<environment.Job instance at 0x14c1643c9c30>,17,1,[7 2],22,22,23,0,22
1,<environment.Job instance at 0x14c1643c9e60>,18,1,[1 9],23,25,26,2,23
1,<environment.Job instance at 0x14c1643c9550>,19,1,[1 8],24,26,27,2,24
1,<environment.Job instance at 0x14c152887dc0>,23,22,[10  1],30,56,78,26,56
1,<environment.Job instance at 0x14c165008af0>,20,16,[9 1],26,78,94,52,70
1,<environment.Job instance at 0x14c1672efa50>,56,3,[2 7],71,94,97,23,71
1,<environment.Job instance at 0x14c1672ef6e0>,57,1,[9 1],74,97,98,23,74
1,<environment.Job instance at 0x14c1672ef960>,58,18,[2 8],78,98,116,20,87
1,<environment.Job instance at 0x14c1650e2460>,0,2,[2 9],2,2,4,0,2
1,<environment.Job instance at 0x14c1644a2b40>,0,3,[9 1],2,5,8,3,5
1,<environment.Job instance at 0x14c152c57dc0>,1,3,[9 2],7,9,12,2,9
1,<environment.Job instance at 0x14c166987f00>,4,18,[1 9],10,12,30,2,10
1,<environment.Job instance at 0x14c152179960>,5,18,[ 2 10],11,30,48,19,19
1,<environment.Job instance at 0x14c152bb1be0>,9,12,[ 1 10],17,48,60,31,31
1,<environment.Job instance at 0x14c153610b40>,10,12,[1 9],18,60,72,42,43
1,<environment.Job instance at 0x14c152e4a5f0>,11,14,[2 6],19,72,86,53,57
1,<environment.Job instance at 0x14c155ae9b40>,12,2,[ 2 10],20,86,88,66,59
1,<environment.Job instance at 0x14c15359cfa0>,39,14,[10  2],49,172,186,123,172
1,<environment.Job instance at 0x14c1558b6960>,0,17,[9 1],5,17,34,12,17
1,<environment.Job instance at 0x14c153639190>,12,1,[1 5],18,18,19,0,18
1,<environment.Job instance at 0x14c164499d20>,13,12,[1 6],19,19,31,0,19
1,<environment.Job instance at 0x14c153639050>,14,1,[2 5],22,34,35,12,22
1,<environment.Job instance at 0x14c153509370>,15,16,[1 6],23,35,51,12,23
1,<environment.Job instance at 0x14c1669df8c0>,16,25,[5 2],24,34,59,10,30
1,<environment.Job instance at 0x14c152055f00>,22,1,[2 8],31,51,52,20,31
1,<environment.Job instance at 0x14c1646ac0f0>,23,2,[6 1],33,59,61,26,33
1,<environment.Job instance at 0x14c1650d1230>,24,1,[1 5],35,52,53,17,35
1,<environment.Job instance at 0x14c1520c2280>,25,3,[2 5],36,53,56,17,36
1,<environment.Job instance at 0x14c1646ac960>,26,1,[2 6],37,56,57,19,37
1,<environment.Job instance at 0x14c15673c730>,27,15,[1 7],38,57,72,19,43
1,<environment.Job instance at 0x14c15673c6e0>,29,1,[1 6],40,72,73,32,44
1,<environment.Job instance at 0x14c1522ea230>,30,3,[6 1],43,61,64,18,44
1,<environment.Job instance at 0x14c154d58d20>,31,2,[9 2],44,64,66,20,44
1,<environment.Job instance at 0x14c1534fed70>,32,2,[2 7],45,73,75,28,46
1,<environment.Job instance at 0x14c154d58780>,33,1,[2 5],46,75,76,29,47
1,<environment.Job instance at 0x14c1646aefa0>,34,14,[1 9],49,76,90,27,61
1,<environment.Job instance at 0x14c1646ae1e0>,35,2,[ 1 10],50,90,92,40,63
1,<environment.Job instance at 0x14c1646aee10>,37,12,[8 1],53,66,78,13,63
1,<environment.Job instance at 0x14c1646ae870>,38,1,[6 1],56,78,79,22,63
1,<environment.Job instance at 0x14c1646ae190>,39,2,[8 1],57,79,81,22,63
1,<environment.Job instance at 0x14c155849640>,0,12,[6 1],1,122,134,121,122
1,<environment.Job instance at 0x14c164fd0c80>,0,1,[2 7],3,5,6,2,5
1,<environment.Job instance at 0x14c164fd0640>,3,28,[1 6],6,8,36,2,8
1,<environment.Job instance at 0x14c15286d690>,4,2,[1 9],9,36,38,27,9
1,<environment.Job instance at 0x14c164fd0460>,5,3,[7 2],12,17,20,5,17
1,<environment.Job instance at 0x14c15286d5a0>,9,2,[1 9],19,38,40,19,19
1,<environment.Job instance at 0x14c15286d3c0>,10,3,[1 9],21,40,43,19,21
1,<environment.Job instance at 0x14c15286d320>,11,2,[5 1],23,25,27,2,25
1,<environment.Job instance at 0x14c15286dbe0>,14,1,[7 2],26,43,44,17,37
1,<environment.Job instance at 0x14c15285a0f0>,24,2,[8 2],40,44,46,4,40
1,<environment.Job instance at 0x14c15285abe0>,25,2,[5 2],41,46,48,5,41
1,<environment.Job instance at 0x14c15285a410>,26,2,[6 1],42,48,50,6,42
1,<environment.Job instance at 0x14c15285a140>,27,1,[1 9],43,48,49,5,43
1,<environment.Job instance at 0x14c155c63be0>,28,1,[7 1],44,50,51,6,44
1,<environment.Job instance at 0x14c155c63c80>,29,2,[2 5],45,45,47,0,45
1,<environment.Job instance at 0x14c155c63cd0>,30,1,[2 8],46,47,48,1,46
1,<environment.Job instance at 0x14c155c63320>,31,13,[5 2],47,58,71,11,58
1,<environment.Job instance at 0x14c15285a960>,17,2,[ 1 10],30,236,238,206,236
1,<environment.Job instance at 0x14c156970140>,43,1,[8 2],66,353,354,287,353
1,<environment.Job instance at 0x14c164fd18c0>,49,1,[9 2],75,1533,1534,1458,1533
1,<environment.Job instance at 0x14c164fd1910>,52,1,[9 1],79,1982,1983,1903,1982
1,<environment.Job instance at 0x145988f32b40>,0,17,[ 1 10],3,4,21,1,4
1,<environment.Job instance at 0x145988f32af0>,2,18,[ 1 10],5,21,39,16,11
1,<environment.Job instance at 0x145933527dc0>,9,2,[ 2 10],12,39,41,27,12
1,<environment.Job instance at 0x1459335355f0>,10,3,[7 2],14,41,44,27,30
1,<environment.Job instance at 0x1459339bc910>,13,13,[1 5],17,41,54,24,30
1,<environment.Job instance at 0x1459339bc410>,14,1,[1 7],18,54,55,36,30
1,<environment.Job instance at 0x1459339bc190>,15,14,[6 2],20,44,58,24,30
1,<environment.Job instance at 0x1459339bce10>,16,17,[1 7],22,55,72,33,43
1,<environment.Job instance at 0x1459339b45f0>,17,3,[6 1],23,58,61,35,55
1,<environment.Job instance at 0x1459339f4910>,25,1,[6 1],34,61,62,27,55
1,<environment.Job instance at 0x1459339f2910>,26,3,[9 1],36,62,65,26,55
1,<environment.Job instance at 0x145933a5afa0>,27,3,[2 8],37,72,75,35,55
1,<environment.Job instance at 0x1459339f2e10>,28,2,[1 9],38,75,77,37,55
1,<environment.Job instance at 0x145933a5ac30>,29,13,[1 6],39,77,90,38,61
1,<environment.Job instance at 0x1459332e6410>,30,3,[1 8],41,90,93,49,64
1,<environment.Job instance at 0x1459332e40a0>,31,3,[8 1],42,65,68,23,64
1,<environment.Job instance at 0x1459332e4c30>,33,2,[5 1],44,68,70,24,64
1,<environment.Job instance at 0x1459332e4af0>,34,3,[9 2],45,77,80,32,64
1,<environment.Job instance at 0x1459332e4cd0>,35,3,[10  2],47,93,96,46,67
1,<environment.Job instance at 0x1459332e4640>,36,3,[1 6],48,96,99,48,70
1,<environment.Job instance at 0x1459332e4b90>,37,2,[2 7],49,99,101,50,72
1,<environment.Job instance at 0x1459332e4870>,38,2,[8 2],50,72,74,22,72
1,<environment.Job instance at 0x1459332e4820>,39,14,[2 5],51,101,115,50,86
1,<environment.Job instance at 0x1459332e43c0>,41,1,[ 1 10],54,115,116,61,87
1,<environment.Job instance at 0x145933560eb0>,48,15,[ 2 10],61,116,131,55,102
1,<environment.Job instance at 0x1459332e3af0>,49,1,[ 1 10],67,131,132,64,103
1,<environment.Job instance at 0x1459332e3eb0>,50,1,[1 8],68,132,133,64,104
1,<environment.Job instance at 0x1459332e30a0>,51,16,[10  1],69,135,151,66,135
1,<environment.Job instance at 0x1459413e5140>,17,3,[2 5],27,27,30,0,27
1,<environment.Job instance at 0x1459413e5c30>,19,3,[1 6],29,30,33,1,29
1,<environment.Job instance at 0x1459408250f0>,26,3,[7 1],39,39,42,0,39
1,<environment.Job instance at 0x14594139cc30>,20,15,[6 2],32,46,61,14,46
1,<environment.Job instance at 0x145940875aa0>,30,3,[2 9],48,61,64,13,48
1,<environment.Job instance at 0x145940875690>,31,2,[6 1],52,61,63,9,52
1,<environment.Job instance at 0x145940875e10>,32,15,[9 2],53,64,79,11,53
1,<environment.Job instance at 0x145940875c80>,33,1,[1 8],54,54,55,0,54
1,<environment.Job instance at 0x1459408754b0>,34,2,[2 5],56,56,58,0,56
1,<environment.Job instance at 0x145940b4f460>,0,2,[2 5],1,47,49,46,47
1,<environment.Job instance at 0x145935ed4820>,15,13,[ 2 10],31,49,62,18,47
1,<environment.Job instance at 0x145935ed4a50>,16,3,[1 6],32,62,65,30,47
1,<environment.Job instance at 0x145935ed4410>,17,2,[1 6],33,65,67,32,47
1,<environment.Job instance at 0x145935ed4b90>,18,2,[1 7],34,67,69,33,47
1,<environment.Job instance at 0x145935ed4370>,19,22,[2 7],35,69,91,34,62
1,<environment.Job instance at 0x145932b89460>,53,14,[ 1 10],86,122,136,36,122
1,<environment.Job instance at 0x145932b89e60>,55,3,[2 5],88,136,139,48,122
1,<environment.Job instance at 0x145932b89320>,56,14,[2 5],89,136,150,47,122
1,<environment.Job instance at 0x145933a17050>,60,3,[9 2],93,150,153,57,124
1,<environment.Job instance at 0x14593457ff50>,0,1,[8 1],1,2,3,1,2
1,<environment.Job instance at 0x14594004fd20>,34,14,[6 1],45,52,66,7,52
1,<environment.Job instance at 0x145933a19690>,2,18,[6 2],3,66,84,63,55
1,<environment.Job instance at 0x145935f2bf50>,38,25,[2 6],51,55,80,4,55
1,<environment.Job instance at 0x1459369bafa0>,39,2,[2 8],52,80,82,28,55
1,<environment.Job instance at 0x145935efe140>,40,2,[1 5],53,82,84,29,55
1,<environment.Job instance at 0x145932dacf00>,41,3,[10  2],54,84,87,30,58
1,<environment.Job instance at 0x145932bb6c80>,42,3,[2 5],56,87,90,31,61
1,<environment.Job instance at 0x145943b77550>,43,3,[2 5],59,87,90,28,61
1,<environment.Job instance at 0x14593457ad70>,44,17,[1 7],62,90,107,28,78
1,<environment.Job instance at 0x145935fb5e60>,45,1,[1 5],66,107,108,41,79
1,<environment.Job instance at 0x145933ae84b0>,49,12,[1 8],72,108,120,36,91
1,<environment.Job instance at 0x145936a39aa0>,50,3,[1 6],74,120,123,46,94
1,<environment.Job instance at 0x145933a5aaa0>,67,13,[9 2],97,129,142,32,129
1,<environment.Job instance at 0x145940b373c0>,9,3,[10  2],14,14,17,0,14
1,<environment.Job instance at 0x145932cfc550>,0,18,[7 2],1,19,37,18,19
1,<environment.Job instance at 0x145940b55730>,13,1,[1 7],20,20,21,0,20
1,<environment.Job instance at 0x145940b555a0>,14,16,[1 5],21,21,37,0,21
1,<environment.Job instance at 0x145940b55be0>,15,2,[9 2],22,37,39,15,22
1,<environment.Job instance at 0x145940b55cd0>,16,12,[1 8],23,37,49,14,23
1,<environment.Job instance at 0x145940b55410>,17,15,[2 6],25,49,64,24,35
1,<environment.Job instance at 0x145935f8e1e0>,21,15,[10  2],30,64,79,34,59
1,<environment.Job instance at 0x145933d0e190>,43,2,[ 1 10],59,79,81,20,59
1,<environment.Job instance at 0x145933d0e6e0>,44,3,[2 7],60,81,84,21,60
1,<environment.Job instance at 0x145936e87aa0>,9,2,[2 9],14,14,16,0,14
1,<environment.Job instance at 0x145936e87fa0>,10,3,[9 2],16,16,19,0,16
1,<environment.Job instance at 0x145935d03c80>,0,1,[2 9],2,19,20,17,16
1,<environment.Job instance at 0x145936e873c0>,11,14,[9 2],18,23,37,5,23
1,<environment.Job instance at 0x145940924280>,15,2,[10  1],26,37,39,11,26
1,<environment.Job instance at 0x1459409244b0>,16,1,[2 8],27,39,40,12,27
1,<environment.Job instance at 0x145940924aa0>,17,2,[7 2],30,39,41,9,30
1,<environment.Job instance at 0x145940924370>,18,14,[10  1],31,41,55,10,31
1,<environment.Job instance at 0x145940924be0>,19,17,[1 6],33,55,72,22,43
1,<environment.Job instance at 0x145933d18780>,23,2,[6 1],39,55,57,16,43
1,<environment.Job instance at 0x145940924910>,24,3,[ 1 10],40,72,75,32,46
1,<environment.Job instance at 0x145933d18be0>,25,1,[7 1],41,57,58,16,46
1,<environment.Job instance at 0x145933d18a00>,26,2,[1 6],42,75,77,33,48
1,<environment.Job instance at 0x145933d18b90>,27,2,[1 6],43,77,79,34,50
1,<environment.Job instance at 0x1459369a8eb0>,28,3,[6 2],44,58,61,14,50
1,<environment.Job instance at 0x1459369a8be0>,29,1,[10  1],46,79,80,33,51
1,<environment.Job instance at 0x145940041640>,30,3,[6 2],47,61,64,14,51
1,<environment.Job instance at 0x145940041e60>,31,1,[2 8],48,80,81,32,52
1,<environment.Job instance at 0x145940041820>,32,1,[6 1],50,64,65,14,60
1,<environment.Job instance at 0x1459415671e0>,38,12,[1 5],62,81,93,19,64
1,<environment.Job instance at 0x145932c59dc0>,41,2,[1 9],66,93,95,27,66
1,<environment.Job instance at 0x145941567820>,42,1,[1 8],67,95,96,28,67
1,<environment.Job instance at 0x145941516cd0>,43,3,[ 1 10],68,96,99,28,70
1,<environment.Job instance at 0x145932db3960>,45,17,[2 5],73,99,116,26,87
1,<environment.Job instance at 0x145932db3370>,54,1,[1 7],88,116,117,28,88
1,<environment.Job instance at 0x145932ad78c0>,55,3,[8 1],90,90,93,0,90
1,<environment.Job instance at 0x1459437a5550>,56,3,[2 5],92,99,102,7,92
1,<environment.Job instance at 0x14594077b4b0>,57,13,[1 9],94,117,130,23,101
1,<environment.Job instance at 0x1459330acaf0>,60,3,[ 1 10],98,130,133,32,104
1,<environment.Job instance at 0x145933152820>,0,2,[8 2],1,322,324,321,322
1,<environment.Job instance at 0x145940703640>,33,15,[1 5],49,322,337,273,322
1,<environment.Job instance at 0x145940703050>,34,1,[1 5],52,324,325,272,322
1,<environment.Job instance at 0x145940703910>,35,3,[10  1],53,337,340,284,322
1,<environment.Job instance at 0x145940703500>,36,1,[6 2],54,325,326,271,322
1,<environment.Job instance at 0x145932d5d3c0>,37,2,[6 1],55,326,328,271,322
1,<environment.Job instance at 0x1459360acaa0>,38,3,[8 1],57,328,331,271,322
1,<environment.Job instance at 0x14594006c370>,39,1,[1 9],59,340,341,281,322
1,<environment.Job instance at 0x145936b6e140>,40,1,[2 9],60,341,342,281,322
1,<environment.Job instance at 0x14593611c780>,41,1,[2 9],61,342,343,281,322
1,<environment.Job instance at 0x145932ce2140>,42,14,[1 6],64,343,357,279,328
1,<environment.Job instance at 0x145933540320>,43,2,[1 7],65,357,359,292,341
1,<environment.Job instance at 0x145935e77aa0>,49,2,[7 1],74,345,347,271,345
1,<environment.Job instance at 0x1459436fab40>,55,13,[8 2],82,347,360,265,345
1,<environment.Job instance at 0x1459436fa370>,56,12,[5 1],87,360,372,273,345
1,<environment.Job instance at 0x1459436fa9b0>,57,12,[ 2 10],88,372,384,284,355
1,<environment.Job instance at 0x1459436fa460>,58,1,[10  1],89,384,385,295,356
1,<environment.Job instance at 0x1459436fa500>,59,24,[1 8],90,385,409,295,380
1,<environment.Job instance at 0x1459437a5af0>,0,3,[1 8],2,2,5,0,2
1,<environment.Job instance at 0x145984291190>,1,2,[10  2],3,7,9,4,7
1,<environment.Job instance at 0x145933975be0>,5,3,[1 9],8,9,12,1,8
1,<environment.Job instance at 0x145935d1af00>,6,3,[9 1],9,12,15,3,12
1,<environment.Job instance at 0x145935d1aa00>,9,2,[5 1],13,15,17,2,13
1,<environment.Job instance at 0x145935d1ad70>,10,2,[2 9],14,15,17,1,14
1,<environment.Job instance at 0x14593316fd70>,11,2,[2 8],15,17,19,2,15
1,<environment.Job instance at 0x145935d1a820>,12,1,[2 6],17,19,20,2,17
1,<environment.Job instance at 0x145935d23410>,13,3,[10  2],20,20,23,0,20
1,<environment.Job instance at 0x1459414bfb90>,26,1,[9 1],35,35,36,0,35
1,<environment.Job instance at 0x1459414bf8c0>,27,1,[ 2 10],36,36,37,0,36
1,<environment.Job instance at 0x1459414bf280>,28,2,[1 8],38,38,40,0,38
1,<environment.Job instance at 0x1459400a1960>,31,3,[10  2],42,46,49,4,46
1,<environment.Job instance at 0x145935d1b820>,43,3,[10  2],56,70,73,14,70
1,<environment.Job instance at 0x1459414bfa50>,29,16,[5 1],39,83,99,44,83
1,<environment.Job instance at 0x14593600b1e0>,56,1,[7 2],71,99,100,28,83
1,<environment.Job instance at 0x145936a8faf0>,57,12,[8 2],72,100,112,28,83
1,<environment.Job instance at 0x145932bf1820>,58,1,[ 1 10],73,112,113,39,84
1,<environment.Job instance at 0x145932bf1280>,59,2,[2 6],74,84,86,10,84
1,<environment.Job instance at 0x145932bf15a0>,60,1,[ 2 10],75,113,114,38,85
1,<environment.Job instance at 0x145932bf1370>,61,1,[2 9],77,86,87,9,85
1,<environment.Job instance at 0x145932bf1fa0>,62,16,[6 1],78,114,130,36,101
1,<environment.Job instance at 0x145932ec42d0>,66,14,[1 5],88,114,128,26,101
1,<environment.Job instance at 0x145932ec4e60>,67,14,[9 2],89,130,144,41,116
1,<environment.Job instance at 0x14593457f820>,0,18,[1 9],1,2,20,1,2
1,<environment.Job instance at 0x145936de35a0>,1,15,[1 9],3,20,35,17,6
1,<environment.Job instance at 0x1459406eb820>,4,2,[5 2],7,35,37,28,10
1,<environment.Job instance at 0x1459406eb0f0>,6,1,[6 2],11,37,38,26,11
1,<environment.Job instance at 0x1459407174b0>,15,16,[7 1],25,38,54,13,27
1,<environment.Job instance at 0x145934569b90>,7,14,[9 2],14,54,68,40,39
1,<environment.Job instance at 0x145933251410>,24,1,[9 2],35,91,92,56,91
1,<environment.Job instance at 0x145988e63050>,38,12,[8 2],57,99,111,42,99
1,<environment.Job instance at 0x145933ab10a0>,20,12,[9 2],30,111,123,81,99
1,<environment.Job instance at 0x145933a79910>,43,1,[8 2],63,172,173,109,172
1,<environment.Job instance at 0x145932595f00>,0,2,[9 2],1,2,4,1,2
1,<environment.Job instance at 0x14593261a8c0>,1,16,[ 2 10],3,4,20,1,3
1,<environment.Job instance at 0x1459325955a0>,2,3,[7 2],5,20,23,15,5
1,<environment.Job instance at 0x145933ae8500>,3,2,[ 2 10],7,23,25,16,7
1,<environment.Job instance at 0x145932ea05f0>,4,2,[1 5],8,20,22,12,8
1,<environment.Job instance at 0x145932ea0e10>,5,1,[10  2],9,25,26,16,9
1,<environment.Job instance at 0x145932d590f0>,6,2,[ 1 10],10,26,28,16,10
1,<environment.Job instance at 0x145932d594b0>,15,3,[10  1],19,37,40,18,37
1,<environment.Job instance at 0x145932d59eb0>,7,22,[9 1],11,84,106,73,84
1,<environment.Job instance at 0x145932d9e410>,53,2,[1 5],72,84,86,12,84
1,<environment.Job instance at 0x145932d9e320>,54,16,[7 1],74,165,181,91,165
1,<environment.Job instance at 0x14594079bf50>,7,3,[5 2],8,14,17,6,14
1,<environment.Job instance at 0x1459331025f0>,0,12,[2 9],2,2,14,0,2
1,<environment.Job instance at 0x14593287f730>,1,3,[2 6],3,14,17,11,3
1,<environment.Job instance at 0x1459339bc8c0>,36,3,[7 1],49,81,84,32,81
1,<environment.Job instance at 0x14593317ab40>,37,3,[2 7],50,95,98,45,95
1,<environment.Job instance at 0x1459328a9140>,0,2,[9 1],1,3,5,2,3
1,<environment.Job instance at 0x1459329eddc0>,18,3,[ 2 10],25,42,45,17,42
1,<environment.Job instance at 0x1459329edd20>,21,18,[1 9],29,53,71,24,53
1,<environment.Job instance at 0x1459329e45f0>,25,3,[9 2],34,71,74,37,64
1,<environment.Job instance at 0x1459329e4a00>,30,1,[6 2],41,74,75,33,64
1,<environment.Job instance at 0x1459329e4410>,31,2,[1 7],43,71,73,28,64
1,<environment.Job instance at 0x1459329e46e0>,32,17,[5 1],44,75,92,31,64
1,<environment.Job instance at 0x1459329de190>,33,2,[2 8],45,74,76,29,64
1,<environment.Job instance at 0x1459329de410>,34,1,[6 1],46,64,65,18,64
1,<environment.Job instance at 0x1459329de550>,35,3,[8 2],47,92,95,45,66
1,<environment.Job instance at 0x1459329de050>,36,17,[1 8],48,76,93,28,66
1,<environment.Job instance at 0x1459329dea50>,37,18,[8 1],49,179,197,130,179
1,<environment.Job instance at 0x1459329fd6e0>,75,1,[7 1],97,197,198,100,179
1,<environment.Job instance at 0x1459329fda50>,76,3,[5 2],98,198,201,100,179
1,<environment.Job instance at 0x1459329fd460>,77,1,[10  1],99,201,202,102,179
1,<environment.Job instance at 0x14593288df00>,0,1,[2 5],1,9,10,8,9
1,<environment.Job instance at 0x1459329b82d0>,5,1,[5 2],10,17,18,7,17
1,<environment.Job instance at 0x1459329b8410>,11,2,[8 2],18,19,21,1,19
1,<environment.Job instance at 0x145932e94fa0>,13,25,[2 5],20,20,45,0,20
1,<environment.Job instance at 0x145932e94b40>,14,3,[1 8],21,45,48,24,21
1,<environment.Job instance at 0x145932e94690>,15,17,[7 1],22,34,51,12,34
1,<environment.Job instance at 0x145935cf0280>,26,18,[2 8],38,48,66,10,38
1,<environment.Job instance at 0x145935ffa6e0>,27,2,[2 8],40,66,68,26,40
1,<environment.Job instance at 0x14594006c320>,28,2,[2 5],41,68,70,27,41
1,<environment.Job instance at 0x14594006c6e0>,29,16,[8 1],43,51,67,8,43
1,<environment.Job instance at 0x1459406f5fa0>,30,2,[2 6],44,70,72,26,44
1,<environment.Job instance at 0x14593317a640>,31,1,[10  2],45,72,73,27,45
1,<environment.Job instance at 0x145940859a00>,32,18,[5 2],46,73,91,27,64
1,<environment.Job instance at 0x1459328f2af0>,45,1,[7 2],66,67,68,1,66
1,<environment.Job instance at 0x1459332a3be0>,60,3,[2 6],94,129,132,35,129
1,<environment.Job instance at 0x145935ffacd0>,0,1,[6 2],2,18,19,16,18
1,<environment.Job instance at 0x145932fef550>,14,1,[2 9],19,19,20,0,19
1,<environment.Job instance at 0x145932fef8c0>,15,3,[ 1 10],20,20,23,0,20
1,<environment.Job instance at 0x145932fefb90>,16,1,[1 9],21,23,24,2,21
1,<environment.Job instance at 0x145932dac550>,17,3,[7 2],22,24,27,2,22
1,<environment.Job instance at 0x145942e05960>,18,15,[7 2],23,27,42,4,23
1,<environment.Job instance at 0x145932d08d70>,19,3,[ 1 10],25,42,45,17,25
1,<environment.Job instance at 0x145936003050>,20,2,[5 2],28,45,47,17,28
1,<environment.Job instance at 0x1459369bc7d0>,36,1,[5 2],52,57,58,5,57
1,<environment.Job instance at 0x145932838960>,56,1,[10  1],76,133,134,57,133
1,<environment.Job instance at 0x145935d49cd0>,57,3,[8 2],77,135,138,58,135
1,<environment.Job instance at 0x145935e86320>,21,19,[9 2],30,138,157,108,135
1,<environment.Job instance at 0x145932839be0>,61,2,[2 5],81,135,137,54,135
1,<environment.Job instance at 0x1459360f5230>,62,3,[8 2],82,157,160,75,135
1,<environment.Job instance at 0x1459360f59b0>,63,3,[ 1 10],83,160,163,77,135
1,<environment.Job instance at 0x1459360f5d70>,64,13,[5 2],84,163,176,79,147
1,<environment.Job instance at 0x1459360f5640>,65,18,[2 8],85,163,181,78,152
1,<environment.Job instance at 0x145936aece60>,0,2,[2 7],2,4,6,2,4
1,<environment.Job instance at 0x145932585190>,3,3,[5 1],5,5,8,0,5
1,<environment.Job instance at 0x145932585eb0>,4,3,[1 5],7,7,10,0,7
1,<environment.Job instance at 0x145935dd7fa0>,5,3,[1 9],8,10,13,2,8
1,<environment.Job instance at 0x145935dd7780>,6,2,[ 1 10],9,13,15,4,9
1,<environment.Job instance at 0x145935dd7370>,7,1,[ 2 10],11,15,16,4,11
1,<environment.Job instance at 0x1459326e4d70>,8,3,[2 5],12,16,19,4,12
1,<environment.Job instance at 0x1459326e4e10>,9,1,[2 5],13,16,17,3,13
1,<environment.Job instance at 0x1459326e4cd0>,10,3,[8 1],14,17,20,3,14
1,<environment.Job instance at 0x1459326e4230>,11,3,[1 9],15,19,22,4,15
1,<environment.Job instance at 0x1459326e4320>,12,3,[10  1],21,22,25,1,22
1,<environment.Job instance at 0x145935c0ae10>,14,19,[1 5],25,25,44,0,25
1,<environment.Job instance at 0x145936e1fe60>,15,1,[9 2],26,26,27,0,26
1,<environment.Job instance at 0x145934573820>,16,2,[1 8],28,44,46,16,28
1,<environment.Job instance at 0x145942e2b2d0>,17,1,[1 7],29,46,47,17,29
1,<environment.Job instance at 0x145940b6ab40>,18,17,[9 1],35,48,65,13,48
1,<environment.Job instance at 0x145936eb4e10>,31,12,[1 6],49,49,61,0,49
1,<environment.Job instance at 0x145936eb4a50>,32,1,[2 5],52,65,66,13,52
1,<environment.Job instance at 0x145936eb4eb0>,33,16,[1 6],53,66,82,13,53
1,<environment.Job instance at 0x145936eb4140>,34,25,[5 2],54,65,90,11,61
1,<environment.Job instance at 0x145940800eb0>,41,2,[6 1],63,90,92,27,63
1,<environment.Job instance at 0x145935c69b40>,42,1,[1 5],65,82,83,17,65
1,<environment.Job instance at 0x145943b6f820>,43,3,[2 5],66,83,86,17,66
1,<environment.Job instance at 0x145935d13d20>,44,1,[2 6],67,86,87,19,67
1,<environment.Job instance at 0x145935d13910>,45,15,[1 7],68,87,102,19,73
1,<environment.Job instance at 0x145935d13320>,46,2,[1 9],69,102,104,33,75
1,<environment.Job instance at 0x145935d13690>,47,1,[1 6],70,104,105,34,76
1,<environment.Job instance at 0x145935d13730>,48,3,[6 1],73,92,95,19,76
1,<environment.Job instance at 0x145935d13b90>,49,2,[9 2],74,95,97,21,76
1,<environment.Job instance at 0x145935d13050>,50,2,[2 7],75,105,107,30,78
1,<environment.Job instance at 0x145935d13a50>,51,1,[2 5],76,107,108,31,79
1,<environment.Job instance at 0x145935ee9870>,52,14,[1 9],79,108,122,29,93
1,<environment.Job instance at 0x145935ee9140>,53,2,[ 1 10],80,122,124,42,95
1,<environment.Job instance at 0x145935ee9be0>,54,16,[7 2],82,261,277,179,261
1,<environment.Job instance at 0x145932c00690>,0,3,[2 9],1,1,4,0,1
1,<environment.Job instance at 0x145932ef25a0>,17,17,[1 7],27,325,342,298,325
1,<environment.Job instance at 0x14593247bb90>,27,14,[6 1],40,333,347,293,333
1,<environment.Job instance at 0x145932ef25f0>,18,16,[8 2],30,347,363,317,334
1,<environment.Job instance at 0x14593261bb40>,29,2,[5 1],43,363,365,320,336
1,<environment.Job instance at 0x14593261bbe0>,30,2,[2 7],44,342,344,298,336
1,<environment.Job instance at 0x14593261bd20>,31,23,[1 8],46,344,367,298,338
1,<environment.Job instance at 0x1459328f0550>,32,2,[1 9],49,367,369,318,340
1,<environment.Job instance at 0x145935ce0820>,33,17,[9 2],51,369,386,318,364
1,<environment.Job instance at 0x1459327951e0>,0,3,[5 2],1,6,9,5,6
1,<environment.Job instance at 0x145936b84640>,4,1,[2 5],7,15,16,8,15
1,<environment.Job instance at 0x145932f48dc0>,10,28,[1 6],16,35,63,19,35
1,<environment.Job instance at 0x145932feb7d0>,21,1,[7 2],36,36,37,0,36
1,<environment.Job instance at 0x1459329e16e0>,22,2,[7 2],37,37,39,0,37
1,<environment.Job instance at 0x145932e45640>,23,1,[9 2],39,39,40,0,39
1,<environment.Job instance at 0x1459329e1f00>,24,2,[ 1 10],40,63,65,23,40
1,<environment.Job instance at 0x14594143faa0>,25,14,[2 8],41,65,79,24,50
1,<environment.Job instance at 0x145940703f00>,20,1,[5 1],30,30,31,0,30
1,<environment.Job instance at 0x145940058640>,21,3,[2 7],32,32,35,0,32
1,<environment.Job instance at 0x145940864d70>,28,2,[8 2],45,45,47,0,45
1,<environment.Job instance at 0x1459332915f0>,30,3,[2 6],47,47,50,0,47
1,<environment.Job instance at 0x145935d9fa00>,0,16,[9 1],1,262,278,261,262
1,<environment.Job instance at 0x145940777370>,0,2,[9 1],3,12,14,9,12
1,<environment.Job instance at 0x14593250dc30>,6,3,[8 1],13,14,17,1,13
1,<environment.Job instance at 0x14593250d0f0>,7,1,[2 8],14,14,15,0,14
1,<environment.Job instance at 0x14593250daa0>,8,1,[ 1 10],17,17,18,0,17
1,<environment.Job instance at 0x1459413c9460>,9,2,[1 8],20,20,22,0,20
1,<environment.Job instance at 0x145940769960>,10,1,[9 2],21,27,28,6,27
1,<environment.Job instance at 0x145936ebee60>,16,3,[5 1],29,30,33,1,30
1,<environment.Job instance at 0x145936edd4b0>,18,3,[1 7],31,31,34,0,31
1,<environment.Job instance at 0x1459413e1960>,19,3,[5 2],33,33,36,0,33
1,<environment.Job instance at 0x1459413e1d20>,20,1,[8 2],34,57,58,23,57
1,<environment.Job instance at 0x1459413cee10>,34,3,[ 1 10],59,59,62,0,59
1,<environment.Job instance at 0x145941505500>,35,3,[9 1],60,62,65,2,60
1,<environment.Job instance at 0x145932c125a0>,36,16,[10  1],61,65,81,4,61
1,<environment.Job instance at 0x145932c120a0>,37,15,[2 5],62,81,96,19,67
1,<environment.Job instance at 0x145933047aa0>,40,15,[1 5],65,81,96,16,67
1,<environment.Job instance at 0x14db9cd94b40>,0,17,[ 1 10],3,4,21,1,4
1,<environment.Job instance at 0x14db9cd94af0>,2,18,[ 1 10],5,21,39,16,10
1,<environment.Job instance at 0x14db478aee60>,8,13,[ 2 10],11,39,52,28,23
1,<environment.Job instance at 0x14db4785afa0>,11,28,[1 9],15,63,91,48,63
1,<environment.Job instance at 0x14db47186780>,28,2,[1 9],38,91,93,53,64
1,<environment.Job instance at 0x14db471847d0>,29,13,[1 6],39,93,106,54,77
1,<environment.Job instance at 0x14db47184500>,30,3,[1 8],41,106,109,65,80
1,<environment.Job instance at 0x14db47184460>,31,3,[8 1],42,80,83,38,80
1,<environment.Job instance at 0x14db47184be0>,32,16,[9 1],43,83,99,40,80
1,<environment.Job instance at 0x14db47184050>,40,1,[8 1],53,99,100,46,80
1,<environment.Job instance at 0x14db47184190>,41,1,[ 1 10],54,109,110,55,81
1,<environment.Job instance at 0x14db47184f00>,42,3,[1 6],55,110,113,55,84
1,<environment.Job instance at 0x14db473f5be0>,43,2,[2 8],56,113,115,57,86
1,<environment.Job instance at 0x14db473f5870>,44,1,[2 9],57,115,116,58,87
1,<environment.Job instance at 0x14db4717be10>,46,1,[1 7],59,116,117,57,88
1,<environment.Job instance at 0x14db4717b190>,47,14,[5 1],60,110,124,50,95
1,<environment.Job instance at 0x14db471822d0>,51,16,[10  1],69,124,140,55,111
1,<environment.Job instance at 0x14db478ae3c0>,4,2,[6 1],7,157,159,150,157
1,<environment.Job instance at 0x14db471a12d0>,0,3,[2 8],1,1,4,0,1
1,<environment.Job instance at 0x14db5129b190>,1,2,[10  2],3,12,14,9,12
1,<environment.Job instance at 0x14db49f1bdc0>,7,2,[9 1],13,14,16,1,13
1,<environment.Job instance at 0x14db512d0460>,8,18,[2 5],14,16,34,2,14
1,<environment.Job instance at 0x14db506980f0>,9,2,[1 5],15,15,17,0,15
1,<environment.Job instance at 0x14db4acf9f50>,10,3,[2 5],17,17,20,0,17
1,<environment.Job instance at 0x14db5068caf0>,11,3,[8 1],18,20,23,2,18
1,<environment.Job instance at 0x14db513c0230>,12,3,[1 6],19,34,37,15,19
1,<environment.Job instance at 0x14db4aa47960>,13,15,[6 2],22,25,40,3,25
1,<environment.Job instance at 0x14db5121e190>,16,16,[1 9],26,40,56,14,27
1,<environment.Job instance at 0x14db5121ed70>,18,1,[ 2 10],28,56,57,28,28
1,<environment.Job instance at 0x14db5121ee10>,19,3,[7 1],29,40,43,11,32
1,<environment.Job instance at 0x14db5121e0a0>,20,1,[2 5],33,37,38,4,33
1,<environment.Job instance at 0x14db512180a0>,21,2,[1 7],35,38,40,3,35
1,<environment.Job instance at 0x14db51218eb0>,22,2,[9 1],36,43,45,7,37
1,<environment.Job instance at 0x14db51218f00>,23,3,[2 9],38,57,60,19,38
1,<environment.Job instance at 0x14db51218460>,24,2,[6 1],42,48,50,6,48
1,<environment.Job instance at 0x14db512096e0>,29,1,[9 2],49,60,61,11,49
1,<environment.Job instance at 0x14db49c96e60>,23,15,[ 1 10],35,81,96,46,81
1,<environment.Job instance at 0x14db49d2a190>,27,1,[1 6],42,96,97,54,81
1,<environment.Job instance at 0x14db469dc9b0>,28,3,[10  2],43,97,100,54,81
1,<environment.Job instance at 0x14db49d2ae60>,29,2,[8 2],44,100,102,56,81
1,<environment.Job instance at 0x14db49c9cb90>,30,2,[5 2],45,102,104,57,81
1,<environment.Job instance at 0x14db49c9c9b0>,31,3,[1 8],47,100,103,53,81
1,<environment.Job instance at 0x14db46a93780>,32,2,[5 2],49,103,105,54,81
1,<environment.Job instance at 0x14db5133c3c0>,33,2,[2 7],51,104,106,53,81
1,<environment.Job instance at 0x14db46c3f910>,34,3,[ 2 10],53,106,109,53,81
1,<environment.Job instance at 0x14db46cebaf0>,35,1,[1 5],54,109,110,55,81
1,<environment.Job instance at 0x14db513b0b40>,36,2,[1 9],55,110,112,55,83
1,<environment.Job instance at 0x14db513b0dc0>,37,17,[1 7],56,112,129,56,100
1,<environment.Job instance at 0x14db4d69d370>,39,2,[1 5],59,129,131,70,108
1,<environment.Job instance at 0x14db50728d20>,2,1,[8 2],4,113,114,109,113
1,<environment.Job instance at 0x14db4add6190>,56,1,[6 1],79,114,115,35,114
1,<environment.Job instance at 0x14db4add61e0>,53,17,[10  1],75,136,153,61,136
1,<environment.Job instance at 0x14db46c52780>,65,14,[ 2 10],92,153,167,61,138
1,<environment.Job instance at 0x14db46c52f50>,66,2,[6 2],93,167,169,74,140
1,<environment.Job instance at 0x14db46a7a5f0>,67,3,[8 2],94,169,172,75,143
1,<environment.Job instance at 0x14db47098aa0>,68,1,[6 2],96,172,173,76,144
1,<environment.Job instance at 0x14db470986e0>,69,2,[1 6],98,167,169,69,144
1,<environment.Job instance at 0x14db470985f0>,70,15,[6 1],99,601,616,502,601
1,<environment.Job instance at 0x14db49d2a6e0>,25,1,[7 1],39,621,622,582,621
1,<environment.Job instance at 0x14db4710a320>,0,2,[6 2],1,15,17,14,15
1,<environment.Job instance at 0x14db4a934140>,13,1,[8 2],16,17,18,1,16
1,<environment.Job instance at 0x14db513c0fa0>,14,3,[10  1],17,18,21,1,17
1,<environment.Job instance at 0x14db51215820>,19,3,[10  2],24,24,27,0,24
1,<environment.Job instance at 0x14db469f4960>,21,3,[2 5],29,29,32,0,29
1,<environment.Job instance at 0x14db4a820b40>,15,15,[7 2],19,34,49,15,34
1,<environment.Job instance at 0x14db506803c0>,23,1,[1 5],36,36,37,0,36
1,<environment.Job instance at 0x14db50680af0>,24,2,[5 1],39,49,51,10,39
1,<environment.Job instance at 0x14db46df5b90>,25,1,[1 7],40,40,41,0,40
1,<environment.Job instance at 0x14db46df5dc0>,26,12,[6 1],41,51,63,10,41
1,<environment.Job instance at 0x14db46a4aa50>,27,12,[1 8],42,42,54,0,42
1,<environment.Job instance at 0x14db46a4a230>,28,3,[1 6],44,54,57,10,44
1,<environment.Job instance at 0x14db49e532d0>,34,3,[2 5],52,64,67,12,64
1,<environment.Job instance at 0x14db46e742d0>,35,3,[1 7],53,67,70,14,64
1,<environment.Job instance at 0x14db49e53730>,36,3,[5 1],54,67,70,13,67
1,<environment.Job instance at 0x14db4693f3c0>,41,3,[5 2],61,70,73,9,67
1,<environment.Job instance at 0x14db4693f910>,42,1,[6 1],62,73,74,11,67
1,<environment.Job instance at 0x14db4693f4b0>,43,1,[8 1],63,74,75,11,67
1,<environment.Job instance at 0x14db4693f410>,44,22,[1 7],64,70,92,6,67
1,<environment.Job instance at 0x14db5126a410>,45,13,[9 2],67,75,88,8,67
1,<environment.Job instance at 0x14db49b9d460>,49,3,[10  2],75,92,95,17,77
1,<environment.Job instance at 0x14db471af550>,50,3,[1 5],76,95,98,19,77
1,<environment.Job instance at 0x14db4904d280>,55,3,[10  2],84,98,101,14,84
1,<environment.Job instance at 0x14db506d2190>,67,15,[10  2],100,105,120,5,105
1,<environment.Job instance at 0x14db5126aa50>,46,18,[7 2],71,120,138,49,109
1,<environment.Job instance at 0x14db506e1730>,0,2,[2 8],3,3,5,0,3
1,<environment.Job instance at 0x14db506e15a0>,1,17,[10  2],4,5,22,1,5
1,<environment.Job instance at 0x14db539f1d70>,3,3,[10  2],6,22,25,16,6
1,<environment.Job instance at 0x14db49d13eb0>,4,15,[7 1],7,304,319,297,304
1,<environment.Job instance at 0x14db47828aa0>,0,1,[10  2],1,5,6,4,5
1,<environment.Job instance at 0x14db47828960>,3,1,[8 1],6,23,24,17,23
1,<environment.Job instance at 0x14db46cc14b0>,13,14,[9 2],24,25,39,1,25
1,<environment.Job instance at 0x14db478b2e60>,14,17,[9 1],27,39,56,12,37
1,<environment.Job instance at 0x14db507a2fa0>,21,1,[1 7],38,38,39,0,38
1,<environment.Job instance at 0x14db49e5f730>,22,3,[8 1],40,56,59,16,40
1,<environment.Job instance at 0x14db4693ff00>,23,3,[2 5],42,56,59,14,42
1,<environment.Job instance at 0x14db4693fcd0>,24,13,[1 9],44,59,72,15,44
1,<environment.Job instance at 0x14db46a05a50>,25,12,[2 7],46,72,84,26,62
1,<environment.Job instance at 0x14db53564eb0>,45,2,[9 1],73,118,120,45,118
1,<environment.Job instance at 0x14db512a8730>,62,15,[1 5],99,118,133,19,118
1,<environment.Job instance at 0x14db512a8320>,63,1,[1 5],102,120,121,18,118
1,<environment.Job instance at 0x14db512a8b90>,64,3,[10  1],103,133,136,30,118
1,<environment.Job instance at 0x14db471310a0>,65,1,[6 2],104,121,122,17,118
1,<environment.Job instance at 0x14db47131230>,66,2,[6 1],105,122,124,17,118
1,<environment.Job instance at 0x14db471315a0>,67,3,[8 1],107,124,127,17,118
1,<environment.Job instance at 0x14db47131870>,68,1,[1 9],109,136,137,27,118
1,<environment.Job instance at 0x14db46bbfb90>,0,1,[2 9],1,4,5,3,4
1,<environment.Job instance at 0x14db46bbfe10>,2,2,[1 7],5,5,7,0,5
1,<environment.Job instance at 0x14db4a922d70>,3,1,[2 7],6,7,8,1,6
1,<environment.Job instance at 0x14db46bbf190>,4,2,[1 9],7,8,10,1,7
1,<environment.Job instance at 0x14db46bbf4b0>,5,16,[2 5],8,10,26,2,8
1,<environment.Job instance at 0x14db46bd00f0>,6,3,[1 8],10,26,29,16,10
1,<environment.Job instance at 0x14db49bb20f0>,11,3,[8 2],18,18,21,0,18
1,<environment.Job instance at 0x14db46bd0280>,7,17,[8 2],13,27,44,14,27
1,<environment.Job instance at 0x14db512e87d0>,16,12,[ 2 10],28,44,56,16,28
1,<environment.Job instance at 0x14db478f3aa0>,17,1,[10  1],29,56,57,27,29
1,<environment.Job instance at 0x14db512cdeb0>,18,24,[1 8],30,57,81,27,52
1,<environment.Job instance at 0x14db512cd9b0>,22,1,[1 7],35,81,82,46,53
1,<environment.Job instance at 0x14db512cde10>,23,3,[2 9],36,82,85,46,56
1,<environment.Job instance at 0x14db46983eb0>,0,1,[7 2],1,31,32,30,31
1,<environment.Job instance at 0x14db46d8f8c0>,19,15,[1 9],33,33,48,0,33
1,<environment.Job instance at 0x14db46e74230>,20,2,[ 1 10],35,48,50,13,35
1,<environment.Job instance at 0x14db46ccb140>,21,3,[5 1],36,36,39,0,36
1,<environment.Job instance at 0x14db507955a0>,22,2,[5 2],37,50,52,13,37
1,<environment.Job instance at 0x14db46681dc0>,0,2,[2 8],2,2,4,0,2
1,<environment.Job instance at 0x14db469e0690>,1,1,[5 2],5,10,11,5,10
1,<environment.Job instance at 0x14db46432780>,3,2,[10  2],11,11,13,0,11
1,<environment.Job instance at 0x14db48411e10>,4,1,[1 8],12,13,14,1,12
1,<environment.Job instance at 0x14db46432730>,5,1,[9 1],14,14,15,0,14
1,<environment.Job instance at 0x14db48411460>,6,3,[2 7],15,15,18,0,15
1,<environment.Job instance at 0x14db48411f00>,7,2,[ 2 10],16,18,20,2,16
1,<environment.Job instance at 0x14db4718e190>,16,1,[10  2],29,29,30,0,29
1,<environment.Job instance at 0x14db468c8730>,1,3,[10  2],2,5,8,3,5
1,<environment.Job instance at 0x14db468c84b0>,3,12,[2 5],6,13,25,7,13
1,<environment.Job instance at 0x14db4a9bb1e0>,63,15,[5 2],90,101,116,11,101
1,<environment.Job instance at 0x14db478d2500>,9,12,[7 2],14,116,128,102,116
1,<environment.Job instance at 0x14db49f0c0f0>,0,12,[2 9],2,2,14,0,2
1,<environment.Job instance at 0x14db4a9b10a0>,1,3,[2 6],3,14,17,11,3
1,<environment.Job instance at 0x14db4a9b1d20>,2,18,[9 1],5,70,88,65,70
1,<environment.Job instance at 0x14db4906b690>,46,16,[1 5],62,70,86,8,70
1,<environment.Job instance at 0x14db46d38960>,47,2,[9 2],63,88,90,25,70
1,<environment.Job instance at 0x14db46f86b90>,48,3,[1 5],64,86,89,22,70
1,<environment.Job instance at 0x14db46f86910>,49,2,[1 9],65,90,92,25,70
1,<environment.Job instance at 0x14db4906b5a0>,50,2,[10  2],66,92,94,26,70
1,<environment.Job instance at 0x14db51304a50>,51,2,[ 1 10],67,94,96,27,70
1,<environment.Job instance at 0x14db49c9af00>,52,1,[5 2],70,96,97,26,70
1,<environment.Job instance at 0x14db4793c820>,53,17,[1 9],71,97,114,26,85
1,<environment.Job instance at 0x14db5131d3c0>,0,2,[ 1 10],2,2,4,0,2
1,<environment.Job instance at 0x14db5131d460>,1,2,[1 5],4,5,7,1,5
1,<environment.Job instance at 0x14db5132ff50>,8,2,[8 1],14,14,16,0,14
1,<environment.Job instance at 0x14db46952be0>,14,3,[1 9],22,22,25,0,22
1,<environment.Job instance at 0x14db5131d320>,2,18,[6 2],7,566,584,559,566
1,<environment.Job instance at 0x14db4680a910>,0,3,[1 8],1,1,4,0,1
1,<environment.Job instance at 0x14db4700fc30>,61,2,[8 1],94,128,130,34,128
1,<environment.Job instance at 0x14db467dcbe0>,22,2,[2 9],32,633,635,601,633
1,<environment.Job instance at 0x14db4680ac30>,1,17,[7 1],2,773,790,771,773
1,<environment.Job instance at 0x14db4677c320>,0,3,[2 6],1,1,4,0,1
1,<environment.Job instance at 0x14db49e74690>,1,2,[9 1],2,15,17,13,15
1,<environment.Job instance at 0x14db49e95a00>,9,3,[9 2],17,17,20,0,17
1,<environment.Job instance at 0x14db49e959b0>,10,2,[7 1],18,20,22,2,19
1,<environment.Job instance at 0x14db46788c30>,12,18,[1 9],20,20,38,0,20
1,<environment.Job instance at 0x14db4647a780>,13,18,[ 2 10],21,38,56,17,27
1,<environment.Job instance at 0x14db47961460>,17,12,[ 1 10],27,56,68,29,39
1,<environment.Job instance at 0x14db47961cd0>,18,12,[1 9],28,68,80,40,51
1,<environment.Job instance at 0x14db479612d0>,19,14,[2 6],29,80,94,51,65
1,<environment.Job instance at 0x14db4a9c0730>,20,2,[ 2 10],30,94,96,64,67
1,<environment.Job instance at 0x14db4667d410>,14,1,[5 2],22,80,81,58,67
1,<environment.Job instance at 0x14db49e84f00>,23,3,[ 1 10],34,96,99,62,70
1,<environment.Job instance at 0x14db46b630f0>,35,3,[8 2],47,81,84,34,72
1,<environment.Job instance at 0x14db46b638c0>,40,3,[8 2],52,84,87,32,82
1,<environment.Job instance at 0x14db46b63460>,42,13,[5 2],54,118,131,64,118
1,<environment.Job instance at 0x14db512717d0>,57,2,[2 7],72,133,135,61,133
1,<environment.Job instance at 0x14db49d11230>,67,3,[8 1],84,140,143,56,140
1,<environment.Job instance at 0x14db4791ccd0>,75,17,[9 1],105,146,163,41,146
1,<environment.Job instance at 0x14db49ccb5f0>,0,3,[10  2],1,3,6,2,3
1,<environment.Job instance at 0x14db4a8e5550>,3,2,[6 2],4,6,8,2,4
1,<environment.Job instance at 0x14db4a867af0>,4,3,[2 6],5,6,9,1,5
1,<environment.Job instance at 0x14db4a8672d0>,5,1,[1 8],6,9,10,3,6
1,<environment.Job instance at 0x14db4a867eb0>,6,13,[2 7],7,10,23,3,7
1,<environment.Job instance at 0x14db4a867960>,7,1,[1 5],8,23,24,15,9
1,<environment.Job instance at 0x14db46e61640>,9,1,[2 5],12,23,24,11,12
1,<environment.Job instance at 0x14db46df2aa0>,10,16,[1 6],13,24,40,11,13
1,<environment.Job instance at 0x14db5078f640>,14,3,[8 1],18,18,21,0,18
1,<environment.Job instance at 0x14db4a979230>,4,3,[8 1],7,7,10,0,7
1,<environment.Job instance at 0x14db49e49320>,0,17,[9 2],1,16,33,15,16
1,<environment.Job instance at 0x14db50619640>,22,12,[2 5],36,37,49,1,37
1,<environment.Job instance at 0x14db49c53320>,33,2,[8 2],52,57,59,5,57
1,<environment.Job instance at 0x14db4f31fa50>,37,3,[9 2],58,59,62,1,58
1,<environment.Job instance at 0x14db478a8b40>,38,3,[1 7],59,59,62,0,59
1,<environment.Job instance at 0x14db478a8370>,39,1,[2 7],63,63,64,0,63
1,<environment.Job instance at 0x14db50571f50>,40,13,[8 1],64,119,132,55,119
1,<environment.Job instance at 0x14db49d0d460>,71,3,[ 1 10],109,132,135,23,119
1,<environment.Job instance at 0x14db49ba70a0>,0,13,[1 7],1,1,14,0,1
1,<environment.Job instance at 0x14db46b1f3c0>,1,2,[2 9],2,14,16,12,2
1,<environment.Job instance at 0x14db506bd190>,2,2,[1 9],3,16,18,13,3
1,<environment.Job instance at 0x14db46854550>,3,18,[8 1],4,37,55,33,37
1,<environment.Job instance at 0x14db464ac320>,28,13,[10  1],40,55,68,15,40
1,<environment.Job instance at 0x14db467a3230>,29,16,[9 1],41,68,84,27,58
1,<environment.Job instance at 0x14db4711a7d0>,41,1,[9 1],59,84,85,25,59
1,<environment.Job instance at 0x14db509e2730>,63,2,[9 2],94,94,96,0,94
1,<environment.Job instance at 0x14db506e3780>,0,19,[2 8],1,3,22,2,3
1,<environment.Job instance at 0x14db506e3230>,2,1,[1 5],4,22,23,18,4
1,<environment.Job instance at 0x14db468ffe10>,5,3,[2 6],8,23,26,15,9
1,<environment.Job instance at 0x14db5075ad70>,3,16,[2 5],5,26,42,21,13
1,<environment.Job instance at 0x14db5075a280>,10,1,[2 5],14,22,23,8,14
1,<environment.Job instance at 0x14db468fff50>,11,2,[1 9],15,42,44,27,15
1,<environment.Job instance at 0x14db468ff5f0>,12,15,[8 2],16,23,38,7,16
1,<environment.Job instance at 0x14db470f30a0>,13,3,[2 6],17,44,47,27,18
1,<environment.Job instance at 0x14db50699e60>,15,2,[6 2],19,38,40,19,23
1,<environment.Job instance at 0x14db5135d0a0>,18,1,[9 2],24,47,48,23,24
1,<environment.Job instance at 0x14db49b74d20>,19,1,[10  2],25,48,49,23,28
1,<environment.Job instance at 0x14db468ffcd0>,7,15,[5 1],11,49,64,38,39
1,<environment.Job instance at 0x14db4c01dd20>,30,1,[2 8],44,49,50,5,49
1,<environment.Job instance at 0x14db46dad5f0>,21,17,[9 2],29,64,81,35,53
1,<environment.Job instance at 0x14db537341e0>,36,3,[1 7],54,54,57,0,54
1,<environment.Job instance at 0x14db463fc640>,33,1,[9 2],51,105,106,54,105
1,<environment.Job instance at 0x14db4a8da0f0>,37,14,[9 1],56,130,144,74,130
1,<environment.Job instance at 0x14db463cc870>,2,15,[2 9],4,5,20,1,5
1,<environment.Job instance at 0x14db47972550>,3,1,[ 2 10],8,20,21,12,8
1,<environment.Job instance at 0x14db463cc6e0>,4,2,[1 8],9,21,23,12,9
1,<environment.Job instance at 0x14db46324f50>,39,2,[1 8],76,76,78,0,76
1,<environment.Job instance at 0x14db463245a0>,40,24,[2 5],77,78,102,1,77
1,<environment.Job instance at 0x14db463240f0>,41,2,[ 1 10],78,102,104,24,78
1,<environment.Job instance at 0x14db46324730>,42,1,[6 1],79,82,83,3,82
1,<environment.Job instance at 0x14db46324a00>,46,3,[1 5],87,88,91,1,88
1,<environment.Job instance at 0x14db46e2cdc0>,48,3,[5 1],89,91,94,2,89
1,<environment.Job instance at 0x14db46e2c730>,49,3,[9 1],90,104,107,14,90
1,<environment.Job instance at 0x14db46e2c780>,50,12,[1 8],91,104,116,13,91
1,<environment.Job instance at 0x14db46e2ce10>,51,2,[1 6],92,116,118,24,92
1,<environment.Job instance at 0x14db4675b320>,52,3,[5 2],95,95,98,0,95
1,<environment.Job instance at 0x14db4675bb90>,53,15,[6 2],96,230,245,134,230
1,<environment.Job instance at 0x14db46f28a50>,0,2,[1 5],1,4,6,3,4
1,<environment.Job instance at 0x14db513233c0>,4,2,[2 9],6,6,8,0,6
1,<environment.Job instance at 0x14db463288c0>,5,3,[8 2],9,10,13,1,10
1,<environment.Job instance at 0x14db51323aa0>,6,1,[2 8],15,15,16,0,15
1,<environment.Job instance at 0x14db51323820>,7,1,[6 1],16,26,27,10,26
1,<environment.Job instance at 0x14db463c79b0>,17,2,[7 1],27,27,29,0,27
1,<environment.Job instance at 0x14db4632caa0>,18,1,[1 8],28,28,29,0,28
1,<environment.Job instance at 0x14db4ad110a0>,19,1,[7 1],29,29,30,0,29
1,<environment.Job instance at 0x14db49c315a0>,20,1,[1 9],30,30,31,0,30
1,<environment.Job instance at 0x14db4ace2500>,21,1,[6 2],31,31,32,0,31
1,<environment.Job instance at 0x14db4ace25a0>,22,2,[ 2 10],32,32,34,0,32
1,<environment.Job instance at 0x14db465d8a00>,23,1,[5 2],33,34,35,1,33
1,<environment.Job instance at 0x14db46f927d0>,52,2,[ 1 10],81,124,126,43,124
1,<environment.Job instance at 0x14db46f92500>,53,16,[1 5],82,126,142,44,124
1,<environment.Job instance at 0x14db46f92c80>,54,3,[8 2],83,126,129,43,124
1,<environment.Job instance at 0x14db46f92690>,55,2,[2 9],85,142,144,57,124
1,<environment.Job instance at 0x14db46f920a0>,56,26,[1 9],86,146,172,60,146
1,<environment.Job instance at 0x14db46f92eb0>,57,13,[10  2],87,208,221,121,208
1,<environment.Job instance at 0x14a509564b40>,0,17,[ 1 10],3,4,21,1,4
1,<environment.Job instance at 0x14a4b3b536e0>,2,18,[ 1 10],5,21,39,16,10
1,<environment.Job instance at 0x14a4b402a370>,8,13,[ 2 10],11,39,52,28,23
1,<environment.Job instance at 0x14a4b402ad70>,10,3,[7 2],14,52,55,38,26
1,<environment.Job instance at 0x14a4b402a0f0>,16,17,[1 7],22,52,69,30,40
1,<environment.Job instance at 0x14a4b3fd42d0>,17,3,[6 1],23,55,58,32,40
1,<environment.Job instance at 0x14a4b3fd4aa0>,18,1,[5 2],25,58,59,33,40
1,<environment.Job instance at 0x14a4b3fd4820>,19,3,[8 1],26,59,62,33,40
1,<environment.Job instance at 0x14a4b407c410>,20,21,[7 1],27,62,83,35,54
1,<environment.Job instance at 0x14a4b40135a0>,30,3,[1 8],41,69,72,28,54
1,<environment.Job instance at 0x14a4b39045f0>,31,3,[8 1],42,83,86,41,57
1,<environment.Job instance at 0x14a4b3902a00>,32,16,[9 1],43,86,102,43,73
1,<environment.Job instance at 0x14a4b3902820>,34,3,[9 2],45,102,105,57,76
1,<environment.Job instance at 0x14a4b3902cd0>,35,3,[10  2],47,105,108,58,79
1,<environment.Job instance at 0x14a4b4024aa0>,40,1,[8 1],53,108,109,55,80
1,<environment.Job instance at 0x14a4b3b7e190>,42,3,[1 6],55,80,83,25,80
1,<environment.Job instance at 0x14a4b3b7e4b0>,43,2,[2 8],56,83,85,27,80
1,<environment.Job instance at 0x14a4b3b7edc0>,44,1,[2 9],57,85,86,28,80
1,<environment.Job instance at 0x14a4b3b7e1e0>,45,2,[2 5],58,108,110,50,81
1,<environment.Job instance at 0x14a4b3b7eeb0>,46,1,[1 7],59,86,87,27,81
1,<environment.Job instance at 0x14a4b3901aa0>,47,14,[5 1],60,109,123,49,94
1,<environment.Job instance at 0x14a4b3901be0>,50,1,[1 8],68,94,95,26,94
1,<environment.Job instance at 0x14a4b4313780>,4,2,[6 1],7,123,125,116,109
1,<environment.Job instance at 0x14a4b3901eb0>,51,16,[10  1],69,125,141,56,112
1,<environment.Job instance at 0x14a4b3b7df00>,60,17,[ 1 10],86,141,158,55,129
1,<environment.Job instance at 0x14a4b3b7d4b0>,66,2,[9 2],94,158,160,64,134
1,<environment.Job instance at 0x14a4b390b500>,69,1,[10  2],101,160,161,59,134
1,<environment.Job instance at 0x14a4b390b370>,70,1,[8 1],102,161,162,59,134
1,<environment.Job instance at 0x14a4b390b820>,74,2,[1 5],108,158,160,50,134
1,<environment.Job instance at 0x14a4b390b910>,75,17,[9 2],110,162,179,52,151
1,<environment.Job instance at 0x14a4b3b68730>,9,2,[ 2 10],12,180,182,168,180
1,<environment.Job instance at 0x14a4b3921b40>,0,12,[1 7],1,1,13,0,1
1,<environment.Job instance at 0x14a4b402ae60>,1,16,[1 7],2,13,29,11,2
1,<environment.Job instance at 0x14a4b4013820>,2,2,[9 1],3,3,5,0,3
1,<environment.Job instance at 0x14a4b3921b90>,3,18,[2 5],4,29,47,25,18
1,<environment.Job instance at 0x14a4bcddee10>,9,1,[5 2],13,18,19,5,18
1,<environment.Job instance at 0x14a4b7519050>,10,1,[5 2],14,19,20,5,18
1,<environment.Job instance at 0x14a4bce165a0>,11,16,[1 9],16,47,63,31,34
1,<environment.Job instance at 0x14a4bcddeb40>,12,18,[1 5],17,63,81,46,52
1,<environment.Job instance at 0x14a4bce16780>,13,1,[ 2 10],18,81,82,63,53
1,<environment.Job instance at 0x14a4bce16690>,14,3,[7 1],19,53,56,34,53
1,<environment.Job instance at 0x14a4bce16eb0>,15,1,[2 5],23,63,64,40,53
1,<environment.Job instance at 0x14a4bce169b0>,16,2,[1 7],25,82,84,57,55
1,<environment.Job instance at 0x14a4bce16500>,17,2,[9 1],26,56,58,30,55
1,<environment.Job instance at 0x14a4bce17af0>,19,2,[6 1],32,58,60,26,55
1,<environment.Job instance at 0x14a4bce17780>,20,15,[9 2],33,64,79,31,55
1,<environment.Job instance at 0x14a4bce05f50>,22,2,[2 5],36,79,81,43,55
1,<environment.Job instance at 0x14a4bcf24460>,0,2,[6 1],2,14,16,12,14
1,<environment.Job instance at 0x14a4b6230460>,8,15,[ 1 10],15,16,31,1,15
1,<environment.Job instance at 0x14a4b31fb870>,26,3,[8 2],42,42,45,0,42
1,<environment.Job instance at 0x14a4b6607320>,9,16,[7 1],18,48,64,30,48
1,<environment.Job instance at 0x14a4b32ed690>,32,14,[2 5],49,49,63,0,49
1,<environment.Job instance at 0x14a4b32ed190>,33,2,[7 1],50,64,66,14,50
1,<environment.Job instance at 0x14a4b32edcd0>,34,2,[1 8],51,63,65,12,51
1,<environment.Job instance at 0x14a4b673aeb0>,38,17,[10  1],55,66,83,11,62
1,<environment.Job instance at 0x14a4b32a3dc0>,44,18,[6 2],63,83,101,20,81
1,<environment.Job instance at 0x14a4b3288190>,50,14,[ 2 10],72,101,115,29,86
1,<environment.Job instance at 0x14a4b3288780>,51,2,[6 2],73,115,117,42,88
1,<environment.Job instance at 0x14a4b3288460>,54,2,[1 6],78,88,90,10,88
1,<environment.Job instance at 0x14a4b3270370>,55,15,[6 1],79,455,470,376,455
1,<environment.Job instance at 0x14a4b3fb2c80>,0,17,[1 7],2,2,19,0,2
1,<environment.Job instance at 0x14a4b3270370>,1,1,[1 5],6,19,20,13,7
1,<environment.Job instance at 0x14a4b9e33b40>,2,2,[5 1],9,11,13,2,11
1,<environment.Job instance at 0x14a4b4313140>,5,12,[1 8],12,20,32,8,16
1,<environment.Job instance at 0x14a4b752dcd0>,9,16,[1 7],17,32,48,15,19
1,<environment.Job instance at 0x14a4bd13c690>,25,2,[7 1],42,59,61,17,59
1,<environment.Job instance at 0x14a4bcda5b40>,37,1,[1 7],60,60,61,0,60
1,<environment.Job instance at 0x14a4b65992d0>,38,16,[1 5],61,61,77,0,61
1,<environment.Job instance at 0x14a4b3094230>,39,2,[9 2],62,62,64,0,62
1,<environment.Job instance at 0x14a4b6530be0>,40,12,[1 8],63,77,89,14,63
1,<environment.Job instance at 0x14a4b659e050>,41,15,[2 6],65,89,104,24,75
1,<environment.Job instance at 0x14a4bdb46c30>,77,2,[2 5],114,137,139,23,137
1,<environment.Job instance at 0x14a4bdb467d0>,79,14,[10  2],116,226,240,110,226
1,<environment.Job instance at 0x14a4b7523820>,10,3,[ 2 10],14,14,17,0,14
1,<environment.Job instance at 0x14a4b705f0f0>,11,1,[1 7],15,17,18,2,15
1,<environment.Job instance at 0x14a4b705f5a0>,12,18,[2 7],19,19,37,0,19
1,<environment.Job instance at 0x14a4b705f320>,13,12,[8 2],20,20,32,0,20
1,<environment.Job instance at 0x14a4b705fcd0>,14,1,[2 9],22,37,38,15,22
1,<environment.Job instance at 0x14a4b705ff50>,15,2,[ 2 10],25,38,40,13,25
1,<environment.Job instance at 0x14a4b705f550>,16,2,[7 1],26,63,65,37,63
1,<environment.Job instance at 0x14a4bcd2b5f0>,42,3,[6 2],64,65,68,1,64
1,<environment.Job instance at 0x14a4b751c3c0>,43,1,[10  1],66,68,69,2,68
1,<environment.Job instance at 0x14a4b751c460>,46,1,[6 1],70,89,90,19,89
1,<environment.Job instance at 0x14a5080c4230>,57,3,[ 1 10],88,90,93,2,89
1,<environment.Job instance at 0x14a4b87c1820>,58,2,[1 5],89,93,95,4,89
1,<environment.Job instance at 0x14a4b87c17d0>,59,17,[2 5],93,93,110,0,93
1,<environment.Job instance at 0x14a4b87c10a0>,60,14,[9 2],94,110,124,16,95
1,<environment.Job instance at 0x14a4b7525e10>,61,17,[9 1],97,134,151,37,134
1,<environment.Job instance at 0x14a4b6fab780>,0,2,[8 2],1,114,116,113,114
1,<environment.Job instance at 0x14a4bcd17820>,27,2,[2 9],42,116,118,74,114
1,<environment.Job instance at 0x14a4bcd17500>,28,16,[1 8],43,118,134,75,114
1,<environment.Job instance at 0x14a4bcd17f00>,29,1,[2 9],44,134,135,90,114
1,<environment.Job instance at 0x14a4bcd17690>,30,3,[9 1],45,118,121,73,114
1,<environment.Job instance at 0x14a4bd138910>,35,3,[10  1],53,135,138,82,123
1,<environment.Job instance at 0x14a4bcd175a0>,31,17,[10  2],46,138,155,92,126
1,<environment.Job instance at 0x14a4bd138230>,38,3,[8 1],57,126,129,69,126
1,<environment.Job instance at 0x14a4bd138280>,39,1,[1 9],59,155,156,96,127
1,<environment.Job instance at 0x14a4bd1383c0>,40,1,[2 9],60,156,157,96,128
1,<environment.Job instance at 0x14a4bd138af0>,41,1,[2 9],61,157,158,96,129
1,<environment.Job instance at 0x14a4bd138b90>,42,14,[1 6],64,158,172,94,143
1,<environment.Job instance at 0x14a4bd138820>,43,2,[1 7],65,172,174,107,145
1,<environment.Job instance at 0x14a4b3b7a910>,48,17,[8 2],73,158,175,85,146
1,<environment.Job instance at 0x14a4b3b7a140>,49,2,[7 1],74,155,157,81,146
1,<environment.Job instance at 0x14a4b3b7a5a0>,50,1,[2 7],76,174,175,98,146
1,<environment.Job instance at 0x14a4b3b7aa00>,51,2,[1 6],77,175,177,98,148
1,<environment.Job instance at 0x14a4b3b7a0f0>,52,3,[8 2],78,175,178,97,149
1,<environment.Job instance at 0x14a4b3b7a9b0>,53,2,[7 1],80,178,180,98,151
1,<environment.Job instance at 0x14a4b7003eb0>,0,2,[8 1],1,9,11,8,9
1,<environment.Job instance at 0x14a4b7161640>,7,2,[2 9],10,10,12,0,10
1,<environment.Job instance at 0x14a4bdafc280>,8,18,[2 7],11,12,30,1,11
1,<environment.Job instance at 0x14a4bdafcd70>,9,3,[1 5],12,30,33,18,12
1,<environment.Job instance at 0x14a5080cee10>,10,3,[1 6],13,33,36,20,13
1,<environment.Job instance at 0x14a4b719fc80>,11,2,[2 6],14,36,38,22,14
1,<environment.Job instance at 0x14a4b719f4b0>,12,1,[9 1],15,30,31,15,15
1,<environment.Job instance at 0x14a4b719fe60>,13,1,[ 2 10],16,38,39,22,16
1,<environment.Job instance at 0x14a4bd138640>,14,2,[1 8],18,39,41,21,18
1,<environment.Job instance at 0x14a4b3723af0>,36,3,[9 1],43,43,46,0,43
1,<environment.Job instance at 0x14a4b3b52190>,15,16,[5 1],19,122,138,103,122
1,<environment.Job instance at 0x14a4b4b9d820>,78,1,[5 2],108,122,123,14,122
1,<environment.Job instance at 0x14a4b4b9d870>,79,13,[1 7],109,123,136,14,122
1,<environment.Job instance at 0x14a4b4b9d2d0>,80,12,[9 2],110,138,150,28,122
1,<environment.Job instance at 0x14a4b4b9dd20>,81,16,[1 6],111,136,152,25,123
1,<environment.Job instance at 0x14a4b4b9d910>,83,3,[6 2],114,150,153,36,131
1,<environment.Job instance at 0x14a4b4b9d960>,82,16,[7 1],113,344,360,231,344
1,<environment.Job instance at 0x14a4b4339410>,0,2,[2 7],1,1,3,0,1
1,<environment.Job instance at 0x14a4b70990a0>,1,12,[2 7],3,3,15,0,3
1,<environment.Job instance at 0x14a4b4339050>,2,20,[ 2 10],4,15,35,11,6
1,<environment.Job instance at 0x14a4b403b910>,5,3,[8 2],7,7,10,0,7
1,<environment.Job instance at 0x14a4bd9dd0a0>,40,3,[7 2],65,65,68,0,65
1,<environment.Job instance at 0x14a4b403b5f0>,6,15,[7 2],8,68,83,60,68
1,<environment.Job instance at 0x14a4b63d5aa0>,43,1,[10  2],69,83,84,14,69
1,<environment.Job instance at 0x14a4bd9c66e0>,44,2,[ 1 10],70,84,86,14,70
1,<environment.Job instance at 0x14a4b31108c0>,46,2,[8 2],72,86,88,14,73
1,<environment.Job instance at 0x14a4b30d2b90>,0,1,[1 7],1,1,2,0,1
1,<environment.Job instance at 0x14a4b30d2550>,1,2,[2 8],2,2,4,0,2
1,<environment.Job instance at 0x14a4b743bc30>,2,3,[8 1],3,15,18,12,15
1,<environment.Job instance at 0x14a4b314f5a0>,12,19,[10  1],17,36,55,19,36
1,<environment.Job instance at 0x14a4b71323c0>,27,1,[1 5],38,55,56,17,38
1,<environment.Job instance at 0x14a4bfd0ac30>,28,3,[8 2],40,55,58,15,40
1,<environment.Job instance at 0x14a4bfd0a320>,29,15,[5 1],41,58,73,17,44
1,<environment.Job instance at 0x14a4bcedef50>,33,2,[2 7],45,56,58,11,45
1,<environment.Job instance at 0x14a4bcede870>,34,12,[2 6],46,58,70,12,46
1,<environment.Job instance at 0x14a4bcede050>,35,13,[5 1],47,70,83,23,56
1,<environment.Job instance at 0x14a4b3831fa0>,44,2,[2 9],57,73,75,16,57
1,<environment.Job instance at 0x14a4b4b91e10>,59,2,[6 2],83,83,85,0,83
1,<environment.Job instance at 0x14a4b4b91460>,60,2,[1 8],84,84,86,0,84
1,<environment.Job instance at 0x14a4b4b910f0>,61,21,[2 5],85,86,107,1,86
1,<environment.Job instance at 0x14a4b4b91500>,62,15,[8 1],87,88,103,1,88
1,<environment.Job instance at 0x14a4b4b91c80>,64,2,[10  2],89,107,109,18,89
1,<environment.Job instance at 0x14a4b4b91be0>,65,3,[2 7],90,109,112,19,90
1,<environment.Job instance at 0x14a4b65f15f0>,84,3,[5 1],114,114,117,0,114
1,<environment.Job instance at 0x14a4bcf246e0>,0,3,[7 1],2,16,19,14,16
1,<environment.Job instance at 0x14a4b38afa00>,10,2,[2 5],17,17,19,0,17
1,<environment.Job instance at 0x14a4b639e140>,4,17,[9 1],8,19,36,11,17
1,<environment.Job instance at 0x14a4b34f0a50>,11,2,[8 2],18,36,38,18,18
1,<environment.Job instance at 0x14a4b665bb90>,14,3,[2 6],23,56,59,33,56
1,<environment.Job instance at 0x14a4b6716fa0>,0,2,[9 1],1,11,13,10,11
1,<environment.Job instance at 0x14a4b63ca5f0>,9,2,[ 1 10],12,13,15,1,12
1,<environment.Job instance at 0x14a4b3121c30>,10,2,[1 5],14,15,17,1,14
1,<environment.Job instance at 0x14a4b63cae60>,11,18,[6 2],17,300,318,283,300
1,<environment.Job instance at 0x14a4b2e00fa0>,0,3,[1 8],1,1,4,0,1
1,<environment.Job instance at 0x14a4b64c0a00>,15,16,[8 1],23,23,39,0,23
1,<environment.Job instance at 0x14a4b9e335a0>,0,3,[9 1],2,3,6,1,3
1,<environment.Job instance at 0x14a4b9e33370>,1,3,[9 2],7,10,13,3,10
1,<environment.Job instance at 0x14a4b2e5f500>,5,18,[ 2 10],11,13,31,2,11
1,<environment.Job instance at 0x14a4b2e5f0a0>,6,1,[5 2],12,31,32,19,12
1,<environment.Job instance at 0x14a4b2e5f280>,7,1,[5 1],13,31,32,18,13
1,<environment.Job instance at 0x14a4b2e5f4b0>,8,2,[1 5],16,32,34,16,16
1,<environment.Job instance at 0x14a4b2e5faa0>,9,12,[ 1 10],17,34,46,17,17
1,<environment.Job instance at 0x14a4b2e5f640>,10,12,[1 9],18,46,58,28,29
1,<environment.Job instance at 0x14a4b2e5ff00>,15,3,[ 1 10],24,58,61,34,32
1,<environment.Job instance at 0x14a4b2fc3e60>,16,18,[2 7],25,61,79,36,50
1,<environment.Job instance at 0x14a4b2fc3780>,17,1,[6 1],26,50,51,24,50
1,<environment.Job instance at 0x14a4b2ff0230>,30,1,[1 5],40,79,80,39,51
1,<environment.Job instance at 0x14a4b2ff0e10>,31,2,[2 5],41,79,81,38,52
1,<environment.Job instance at 0x14a4b2ff0a50>,32,3,[8 2],42,61,64,19,52
1,<environment.Job instance at 0x14a4b2ff0cd0>,33,3,[ 1 10],43,81,84,38,55
1,<environment.Job instance at 0x14a4b2ff0a00>,34,13,[5 2],44,64,77,20,55
1,<environment.Job instance at 0x14a4b2ff0870>,35,18,[2 8],45,84,102,39,73
1,<environment.Job instance at 0x14a4bda3d280>,54,3,[1 9],68,124,127,56,124
1,<environment.Job instance at 0x14a4bda3de10>,55,2,[ 1 10],69,127,129,58,124
1,<environment.Job instance at 0x14a4bda3d8c0>,56,1,[ 2 10],71,129,130,58,124
1,<environment.Job instance at 0x14a4bda3d500>,57,3,[2 5],72,130,133,58,124
1,<environment.Job instance at 0x14a4bda3d050>,58,1,[2 5],73,130,131,57,124
1,<environment.Job instance at 0x14a4b3fe0230>,78,13,[2 7],107,158,171,51,158
1,<environment.Job instance at 0x14a4b3fe0820>,79,1,[1 5],108,175,176,67,175
1,<environment.Job instance at 0x14a4b2e5f9b0>,12,2,[ 2 10],20,807,809,787,807
1,<environment.Job instance at 0x14a4b2fb2aa0>,0,1,[2 8],1,1,2,0,1
1,<environment.Job instance at 0x14a4b2fb2be0>,1,2,[6 1],3,9,11,6,9
1,<environment.Job instance at 0x14a4bdac3b40>,7,1,[1 6],10,10,11,0,10
1,<environment.Job instance at 0x14a4bdac3460>,8,3,[6 1],13,13,16,0,13
1,<environment.Job instance at 0x14a4b70094b0>,9,2,[9 2],14,18,20,4,18
1,<environment.Job instance at 0x14a4b7009d20>,12,14,[1 9],19,20,34,1,19
1,<environment.Job instance at 0x14a4b63981e0>,13,2,[ 1 10],20,34,36,14,20
1,<environment.Job instance at 0x14a4b2f76910>,37,1,[8 1],60,65,66,5,65
1,<environment.Job instance at 0x14a4bce799b0>,0,2,[2 9],2,2,4,0,2
1,<environment.Job instance at 0x14a4b6fc69b0>,1,1,[6 1],3,12,13,9,12
1,<environment.Job instance at 0x14a4b65090f0>,8,2,[8 1],13,13,15,0,13
1,<environment.Job instance at 0x14a5080b5e10>,9,2,[1 8],15,15,17,0,15
1,<environment.Job instance at 0x14a4b6495780>,10,3,[2 8],16,17,20,1,16
1,<environment.Job instance at 0x14a4b64957d0>,11,1,[8 2],17,17,18,0,17
1,<environment.Job instance at 0x14a5080b59b0>,12,1,[2 7],20,20,21,0,20
1,<environment.Job instance at 0x14a4bd9e38c0>,13,3,[5 2],21,21,24,0,21
1,<environment.Job instance at 0x14a4bd9e3d70>,14,2,[8 2],22,24,26,2,22
1,<environment.Job instance at 0x14a4bd9e30a0>,15,3,[2 5],25,25,28,0,25
1,<environment.Job instance at 0x14a4b3455550>,16,14,[6 1],26,121,135,95,121
1,<environment.Job instance at 0x14a4b35f9a00>,69,1,[9 2],105,135,136,30,121
1,<environment.Job instance at 0x14a4b35f93c0>,71,2,[1 7],107,134,136,27,134
1,<environment.Job instance at 0x14a4b30d5f50>,56,18,[8 1],84,136,154,52,134
1,<environment.Job instance at 0x14a4b35f9230>,73,15,[5 2],110,154,169,44,140
1,<environment.Job instance at 0x14a4b30c9640>,80,2,[8 1],117,169,171,52,142
1,<environment.Job instance at 0x14a4b35f98c0>,75,25,[5 1],112,368,393,256,368
1,<environment.Job instance at 0x14a4b3467410>,68,1,[5 2],103,375,376,272,375
1,<environment.Job instance at 0x14a4b38c5aa0>,2,1,[5 2],5,7,8,2,7
1,<environment.Job instance at 0x14a4b2dfc910>,0,16,[9 1],1,14,30,13,14
1,<environment.Job instance at 0x14a4b2d3b960>,10,1,[8 2],15,30,31,15,15
1,<environment.Job instance at 0x14a4bdb72b90>,11,1,[5 1],18,31,32,13,18
1,<environment.Job instance at 0x14a4bdb725a0>,12,1,[9 1],19,32,33,13,19
1,<environment.Job instance at 0x14a4b74c5730>,13,17,[6 1],20,33,50,13,21
1,<environment.Job instance at 0x14a4b7181be0>,15,20,[10  2],24,84,104,60,84
1,<environment.Job instance at 0x14a4b3150690>,58,2,[1 9],85,104,106,19,85
1,<environment.Job instance at 0x14a4b3150af0>,59,15,[8 2],86,106,121,20,92
1,<environment.Job instance at 0x14a4b7413a50>,0,1,[9 2],1,37,38,36,37
1,<environment.Job instance at 0x14a4b625cc80>,24,3,[ 1 10],39,39,42,0,39
1,<environment.Job instance at 0x14a4b625c4b0>,25,3,[9 1],40,42,45,2,40
1,<environment.Job instance at 0x14a4bcd6c0a0>,26,16,[10  1],41,45,61,4,41
1,<environment.Job instance at 0x14a4bcd6c410>,27,15,[2 5],42,61,76,19,47
1,<environment.Job instance at 0x14a4bcd6ccd0>,29,3,[2 5],44,61,64,17,47
1,<environment.Job instance at 0x14a4bcd6c5a0>,30,15,[1 5],45,64,79,19,50
1,<environment.Job instance at 0x14a4b2b00af0>,0,1,[6 1],3,16,17,13,16
1,<environment.Job instance at 0x14a4b4338aa0>,10,24,[2 5],17,17,41,0,17
1,<environment.Job instance at 0x14a4bd12b3c0>,11,2,[ 1 10],18,41,43,23,18
1,<environment.Job instance at 0x14a4bd12b640>,12,1,[6 1],19,19,20,0,19
1,<environment.Job instance at 0x14a4b2e065f0>,13,2,[7 1],20,20,22,0,20
1,<environment.Job instance at 0x14a4b647d230>,14,1,[10  1],21,43,44,22,21
1,<environment.Job instance at 0x14a4b647d780>,15,3,[1 8],22,44,47,22,22
1,<environment.Job instance at 0x14a4bcd4e550>,16,3,[1 5],27,27,30,0,27
1,<environment.Job instance at 0x14a4b647d910>,19,3,[9 1],30,44,47,14,35
1,<environment.Job instance at 0x14a4b647d410>,17,18,[ 2 10],28,47,65,19,36
1,<environment.Job instance at 0x14a4b70fc050>,23,15,[6 2],36,207,222,171,207
1,<environment.Job instance at 0x14a4b6fc6b40>,0,1,[2 8],1,3,4,2,3
1,<environment.Job instance at 0x14a4b2cd4fa0>,14,2,[ 1 10],22,74,76,52,74
1,<environment.Job instance at 0x14a4bcd88d20>,17,1,[8 2],26,76,77,50,74
1,<environment.Job instance at 0x14a4b6fc68c0>,18,1,[8 1],27,96,97,69,96
1,<environment.Job instance at 0x14a4b2c97a50>,24,28,[ 1 10],38,97,125,59,96
1,<environment.Job instance at 0x14a4b40fa8c0>,25,2,[7 1],39,125,127,86,98
1,<environment.Job instance at 0x14a4b31409b0>,26,2,[2 7],40,125,127,85,98
1,<environment.Job instance at 0x14a4b3140460>,27,1,[6 2],41,127,128,86,99
1,<environment.Job instance at 0x14a4b66f0f50>,28,2,[1 5],42,127,129,85,100
1,<environment.Job instance at 0x14a4b37555f0>,29,13,[ 2 10],43,129,142,86,113
1,<environment.Job instance at 0x14a4b57f2b40>,30,3,[7 1],44,2830,2833,2786,2830
1,<environment.Job instance at 0x14a4b2cd2d20>,42,14,[9 2],62,2849,2863,2787,2849
1,<environment.Job instance at 0x14a4b65a2460>,53,1,[9 1],79,2863,2864,2784,2849
1,<environment.Job instance at 0x14a4b65a2e10>,54,2,[8 2],80,2864,2866,2784,2849
1,<environment.Job instance at 0x14a4b65a2140>,55,2,[2 5],82,2864,2866,2782,2849
1,<environment.Job instance at 0x14a4b65a23c0>,56,3,[2 6],83,2866,2869,2783,2849
1,<environment.Job instance at 0x14a4b65a24b0>,57,14,[2 6],84,2869,2883,2785,2854
1,<environment.Job instance at 0x14a4b2e08500>,58,2,[1 9],86,2883,2885,2797,2856
1,<environment.Job instance at 0x14a4b2e08690>,59,1,[8 2],87,2866,2867,2779,2856
1,<environment.Job instance at 0x14a4b6fc65f0>,4,15,[6 1],10,2867,2882,2857,2865
1,<environment.Job instance at 0x14a4b7057460>,74,15,[8 1],104,2882,2897,2778,2868
1,<environment.Job instance at 0x14a4b4b6ce60>,83,2,[2 9],115,2885,2887,2770,2868
1,<environment.Job instance at 0x14a4b4b6cf50>,84,3,[5 2],117,2897,2900,2780,2871
1,<environment.Job instance at 0x14a4b621d370>,85,25,[2 5],118,2887,2912,2769,2883
1,<environment.Job instance at 0x14a4b34a3cd0>,82,3,[7 1],113,2904,2907,2791,2904
1,<environment.Job instance at 0x14a4b6402780>,0,14,[5 1],1,1,15,0,1
1,<environment.Job instance at 0x14a4b2c4c410>,9,2,[6 2],16,16,18,0,16
1,<environment.Job instance at 0x14a4b6402eb0>,1,17,[7 1],3,153,170,150,153
1,<environment.Job instance at 0x14a4b312eaf0>,69,2,[2 5],105,153,155,48,153
1,<environment.Job instance at 0x149444ba1b40>,0,17,[ 1 10],3,5,22,2,5
1,<environment.Job instance at 0x149444ba1960>,3,2,[1 7],6,22,24,16,8
1,<environment.Job instance at 0x1493ef689b90>,6,16,[2 7],9,24,40,15,11
1,<environment.Job instance at 0x1493ef689460>,9,2,[ 2 10],12,40,42,28,13
1,<environment.Job instance at 0x1493ef689e10>,10,3,[7 2],14,22,25,8,14
1,<environment.Job instance at 0x1493ef6302d0>,11,28,[1 9],15,95,123,80,95
1,<environment.Job instance at 0x1493ef1c4eb0>,48,15,[ 2 10],61,123,138,62,112
1,<environment.Job instance at 0x1493eef70a00>,0,15,[6 2],2,7,22,5,7
1,<environment.Job instance at 0x1493eef6e3c0>,5,1,[ 2 10],8,22,23,14,8
1,<environment.Job instance at 0x1493fc43be60>,6,3,[7 1],9,23,26,14,9
1,<environment.Job instance at 0x1493fc43b8c0>,7,1,[2 5],13,13,14,0,13
1,<environment.Job instance at 0x1493fc4e1d20>,8,2,[1 7],15,15,17,0,15
1,<environment.Job instance at 0x1493fc4e1f00>,9,2,[9 1],16,26,28,10,16
1,<environment.Job instance at 0x1493fc4e14b0>,10,3,[2 9],18,23,26,5,18
1,<environment.Job instance at 0x1493fc4e1820>,11,2,[6 1],22,28,30,6,22
1,<environment.Job instance at 0x1493fc4e1a00>,12,15,[9 2],23,66,81,43,66
1,<environment.Job instance at 0x1493fd013aa0>,43,3,[1 8],64,66,69,2,66
1,<environment.Job instance at 0x1493fd10d1e0>,44,18,[ 2 10],66,81,99,15,70
1,<environment.Job instance at 0x1493fd013640>,45,3,[ 1 10],67,99,102,32,73
1,<environment.Job instance at 0x1493fd013910>,46,2,[8 2],68,102,104,34,75
1,<environment.Job instance at 0x1493fc48ac30>,0,2,[1 8],1,1,3,0,1
1,<environment.Job instance at 0x1493fc48ad20>,1,1,[1 6],2,10,11,8,10
1,<environment.Job instance at 0x1493ee8757d0>,7,2,[2 7],11,11,13,0,11
1,<environment.Job instance at 0x1493ee875f50>,8,3,[ 2 10],13,13,16,0,13
1,<environment.Job instance at 0x1493f1d72500>,12,2,[5 2],18,18,20,0,18
1,<environment.Job instance at 0x1493f25daa50>,13,2,[1 5],19,19,21,0,19
1,<environment.Job instance at 0x1493ee7df460>,14,1,[7 2],20,26,27,6,26
1,<environment.Job instance at 0x1493ee835fa0>,19,1,[6 2],27,27,28,0,27
1,<environment.Job instance at 0x1493f1d961e0>,20,3,[2 5],28,28,31,0,28
1,<environment.Job instance at 0x1493ee84f0f0>,21,14,[2 5],29,29,43,0,29
1,<environment.Job instance at 0x1493ee7e71e0>,22,2,[7 1],30,31,33,1,30
1,<environment.Job instance at 0x1493ee7e7190>,23,2,[1 8],31,43,45,12,31
1,<environment.Job instance at 0x1493ee7b44b0>,0,3,[5 2],1,11,14,10,11
1,<environment.Job instance at 0x1493f189f5f0>,6,2,[7 1],12,14,16,2,12
1,<environment.Job instance at 0x1493eef7a910>,7,1,[1 8],14,14,15,0,14
1,<environment.Job instance at 0x1493f2ad7960>,8,3,[10  2],15,16,19,1,15
1,<environment.Job instance at 0x1493ee7f4640>,9,3,[1 5],16,19,22,3,16
1,<environment.Job instance at 0x1493fc0d8aa0>,14,3,[10  2],24,24,27,0,24
1,<environment.Job instance at 0x1493f189f9b0>,10,15,[10  1],18,66,81,48,66
1,<environment.Job instance at 0x1493f26990f0>,36,3,[7 1],55,81,84,26,66
1,<environment.Job instance at 0x1493ee79fdc0>,37,3,[10  2],56,84,87,28,66
1,<environment.Job instance at 0x1493fc401aa0>,38,15,[7 1],57,87,102,30,73
1,<environment.Job instance at 0x1493fc0f5d70>,39,2,[2 6],58,81,83,23,73
1,<environment.Job instance at 0x1493ef9a8500>,40,2,[6 1],59,102,104,43,75
1,<environment.Job instance at 0x1493fc13ca50>,41,3,[2 8],61,87,90,26,75
1,<environment.Job instance at 0x1493fc0f5640>,42,2,[5 2],62,104,106,42,77
1,<environment.Job instance at 0x1493fc0f52d0>,43,2,[2 7],63,90,92,27,77
1,<environment.Job instance at 0x1493ee87b500>,44,3,[1 8],64,92,95,28,77
1,<environment.Job instance at 0x1493ef98caa0>,0,12,[10  1],1,13,25,12,13
1,<environment.Job instance at 0x1493ee868c80>,7,1,[2 9],14,25,26,11,14
1,<environment.Job instance at 0x1493f18f8230>,8,2,[8 1],16,25,27,9,16
1,<environment.Job instance at 0x1493ee8685a0>,9,2,[9 2],18,27,29,9,18
1,<environment.Job instance at 0x1493ef63c780>,10,2,[6 1],19,29,31,10,19
1,<environment.Job instance at 0x1493ef63c550>,11,3,[ 1 10],20,31,34,11,20
1,<environment.Job instance at 0x1493ef63c2d0>,12,1,[7 1],21,54,55,33,54
1,<environment.Job instance at 0x1493f25efbe0>,34,17,[9 1],57,1046,1063,989,1046
1,<environment.Job instance at 0x1493ef67e730>,65,2,[9 1],103,1063,1065,960,1046
1,<environment.Job instance at 0x1493ef67ec80>,66,2,[2 7],105,1065,1067,960,1046
1,<environment.Job instance at 0x1493fc057c30>,67,2,[10  1],107,1067,1069,960,1046
1,<environment.Job instance at 0x1493ee7a74b0>,0,1,[1 5],2,6,7,4,6
1,<environment.Job instance at 0x1493fd141b40>,4,3,[8 1],7,14,17,7,14
1,<environment.Job instance at 0x1493f2b41f00>,9,2,[1 7],15,15,17,0,15
1,<environment.Job instance at 0x1493f2b41a00>,10,1,[2 7],16,18,19,2,18
1,<environment.Job instance at 0x1493f2b415a0>,13,3,[1 8],20,20,23,0,20
1,<environment.Job instance at 0x1493fc398b40>,14,17,[8 2],23,37,54,14,37
1,<environment.Job instance at 0x1493f18a4870>,23,12,[ 2 10],38,54,66,16,38
1,<environment.Job instance at 0x1493fc3d90a0>,24,1,[10  1],39,66,67,27,39
1,<environment.Job instance at 0x1493fd188640>,25,24,[1 8],40,67,91,27,62
1,<environment.Job instance at 0x1493fd188eb0>,29,1,[1 7],45,91,92,46,63
1,<environment.Job instance at 0x1493fd1882d0>,30,3,[2 9],46,92,95,46,66
1,<environment.Job instance at 0x1493eeb2dc80>,0,12,[2 8],4,4,16,0,4
1,<environment.Job instance at 0x1493fd188870>,1,3,[10  2],5,16,19,11,5
1,<environment.Job instance at 0x1493eebe85f0>,2,1,[7 1],7,8,9,1,8
1,<environment.Job instance at 0x1493eebe8eb0>,4,14,[9 2],9,19,33,10,10
1,<environment.Job instance at 0x1493f1962320>,5,1,[2 7],11,33,34,22,11
1,<environment.Job instance at 0x1493f1962aa0>,6,2,[10  2],12,34,36,22,12
1,<environment.Job instance at 0x1493eecbb190>,7,12,[8 1],14,36,48,22,19
1,<environment.Job instance at 0x1493f282df00>,10,1,[1 8],20,20,21,0,20
1,<environment.Job instance at 0x1493f282dc30>,11,18,[1 9],21,36,54,15,25
1,<environment.Job instance at 0x1493f282df50>,14,3,[5 1],26,48,51,22,30
1,<environment.Job instance at 0x1493f282d0a0>,17,1,[6 2],31,33,34,2,31
1,<environment.Job instance at 0x1493f28345a0>,18,14,[9 2],34,54,68,20,39
1,<environment.Job instance at 0x1493eea36c30>,23,2,[10  1],40,68,70,28,43
1,<environment.Job instance at 0x1493eea36640>,25,1,[10  2],44,70,71,26,47
1,<environment.Job instance at 0x149444ad9870>,29,1,[5 2],48,71,72,23,48
1,<environment.Job instance at 0x149444ad9cd0>,30,13,[1 7],49,54,67,5,49
1,<environment.Job instance at 0x149444ad94b0>,31,12,[9 2],50,72,84,22,55
1,<environment.Job instance at 0x149444ad9910>,32,16,[1 6],51,71,87,20,58
1,<environment.Job instance at 0x149444ad9820>,33,16,[7 1],53,93,109,40,93
1,<environment.Job instance at 0x1493fd1cf280>,46,13,[ 2 10],69,109,122,40,93
1,<environment.Job instance at 0x1493fd1cf140>,47,2,[2 5],72,93,95,21,93
1,<environment.Job instance at 0x1493fd1cf230>,48,14,[5 2],75,122,136,47,107
1,<environment.Job instance at 0x1493fd1cf5f0>,49,12,[8 2],77,136,148,59,119
1,<environment.Job instance at 0x1493fd1cf690>,54,1,[8 2],83,148,149,65,120
1,<environment.Job instance at 0x149440301dc0>,0,22,[9 1],1,85,107,84,85
1,<environment.Job instance at 0x1493ef738640>,63,12,[2 5],86,107,119,21,90
1,<environment.Job instance at 0x1493ef738550>,66,15,[5 1],91,107,122,16,93
1,<environment.Job instance at 0x1493ef738be0>,67,17,[5 2],92,119,136,27,107
1,<environment.Job instance at 0x1493ef7387d0>,70,2,[2 7],95,122,124,27,107
1,<environment.Job instance at 0x1493ef7386e0>,71,12,[2 6],96,124,136,28,107
1,<environment.Job instance at 0x1493ef738780>,72,13,[5 1],97,136,149,39,120
1,<environment.Job instance at 0x1493ef7380a0>,73,3,[5 2],98,136,139,38,120
1,<environment.Job instance at 0x1493ef738e60>,74,1,[8 2],100,149,150,49,121
1,<environment.Job instance at 0x1493ee842f50>,75,3,[10  2],101,150,153,49,124
1,<environment.Job instance at 0x1493ee842e10>,76,1,[5 2],102,139,140,37,124
1,<environment.Job instance at 0x1493fd01eaf0>,0,2,[2 5],1,10,12,9,10
1,<environment.Job instance at 0x1493ee1a3820>,0,17,[1 9],1,3,20,2,3
1,<environment.Job instance at 0x1493ee1a30f0>,3,1,[10  1],5,20,21,15,9
1,<environment.Job instance at 0x1493f0e258c0>,6,3,[2 7],12,21,24,9,12
1,<environment.Job instance at 0x1493f0e25230>,7,2,[8 1],13,13,15,0,13
1,<environment.Job instance at 0x1493f0e25140>,8,25,[ 1 10],14,24,49,10,20
1,<environment.Job instance at 0x1493fd01baa0>,12,2,[2 7],22,49,51,27,22
1,<environment.Job instance at 0x1493fd01b550>,13,2,[9 1],25,51,53,26,33
1,<environment.Job instance at 0x1493eece6a00>,40,3,[1 9],62,148,151,86,148
1,<environment.Job instance at 0x1493eece68c0>,41,18,[5 2],63,155,173,92,155
1,<environment.Job instance at 0x1493f1a2efa0>,46,18,[5 2],70,155,173,85,155
1,<environment.Job instance at 0x1493f1c6e320>,47,1,[6 2],71,173,174,102,155
1,<environment.Job instance at 0x1493f1c6e6e0>,48,2,[1 7],73,173,175,100,155
1,<environment.Job instance at 0x1493f1c6e7d0>,49,17,[5 1],74,174,191,100,163
1,<environment.Job instance at 0x1493ee978870>,52,3,[8 2],77,191,194,114,165
1,<environment.Job instance at 0x1493ee9788c0>,53,17,[1 8],78,175,192,97,165
1,<environment.Job instance at 0x1493eece6410>,45,2,[1 6],69,192,194,123,169
1,<environment.Job instance at 0x1493f19cae10>,1,2,[ 1 10],2,2,4,0,2
1,<environment.Job instance at 0x1493ee55c640>,4,2,[6 1],7,8,10,1,8
1,<environment.Job instance at 0x1493f28344b0>,2,2,[2 8],3,8,10,5,8
1,<environment.Job instance at 0x1493feac4500>,5,1,[5 2],10,16,17,6,16
1,<environment.Job instance at 0x1493f27d9b90>,11,2,[8 2],18,18,20,0,18
1,<environment.Job instance at 0x1493ee8ddc80>,12,1,[7 2],19,20,21,1,19
1,<environment.Job instance at 0x1493ee8dd9b0>,13,25,[2 5],20,20,45,0,20
1,<environment.Job instance at 0x1493ee8dddc0>,14,3,[1 8],21,45,48,24,21
1,<environment.Job instance at 0x1493f191c280>,24,3,[2 7],31,48,51,17,31
1,<environment.Job instance at 0x1493f1aeae60>,15,17,[7 1],22,36,53,14,36
1,<environment.Job instance at 0x1493fc5931e0>,26,18,[2 8],38,51,69,13,40
1,<environment.Job instance at 0x1493ee921eb0>,28,2,[2 5],41,69,71,28,42
1,<environment.Job instance at 0x1493f2a6ef50>,29,16,[8 1],43,1010,1026,967,1010
1,<environment.Job instance at 0x1493f01f4320>,0,3,[2 6],1,1,4,0,1
1,<environment.Job instance at 0x1493f196a2d0>,1,2,[9 1],2,20,22,18,20
1,<environment.Job instance at 0x1493eef7ac30>,13,18,[ 2 10],21,22,40,1,21
1,<environment.Job instance at 0x1493eef7a230>,14,1,[5 2],22,40,41,18,22
1,<environment.Job instance at 0x1493eef7aaa0>,15,1,[5 1],23,40,41,17,23
1,<environment.Job instance at 0x1493fc1035f0>,16,2,[1 5],26,41,43,15,26
1,<environment.Job instance at 0x1493eef7aaf0>,17,12,[ 1 10],27,43,55,16,27
1,<environment.Job instance at 0x1493fc0876e0>,18,12,[1 9],28,55,67,27,38
1,<environment.Job instance at 0x1493f2602b40>,75,17,[9 1],105,215,232,110,215
1,<environment.Job instance at 0x1493ff7db4b0>,0,1,[2 8],1,1,2,0,1
1,<environment.Job instance at 0x1493ff7db5a0>,1,2,[6 1],3,9,11,6,9
1,<environment.Job instance at 0x1493f26ac5f0>,7,1,[1 6],10,10,11,0,10
1,<environment.Job instance at 0x1493f26acc80>,8,3,[6 1],13,13,16,0,13
1,<environment.Job instance at 0x1493f26ac640>,9,2,[9 2],14,16,18,2,14
1,<environment.Job instance at 0x1493f26ac870>,10,2,[2 7],15,18,20,3,15
1,<environment.Job instance at 0x1493f26a0e10>,11,1,[2 5],16,20,21,4,16
1,<environment.Job instance at 0x1493f26a0500>,12,14,[1 9],19,21,35,2,21
1,<environment.Job instance at 0x1493f26a05f0>,14,16,[7 2],22,83,99,61,83
1,<environment.Job instance at 0x1493ee4e5dc0>,53,1,[10  2],81,99,100,18,83
1,<environment.Job instance at 0x1493ee4e5280>,54,2,[5 1],83,100,102,17,83
1,<environment.Job instance at 0x1493f26a2870>,55,2,[2 7],84,84,86,0,84
1,<environment.Job instance at 0x1493f26a20a0>,56,23,[1 8],86,100,123,14,94
1,<environment.Job instance at 0x1493f26a2d70>,57,2,[1 9],89,123,125,34,96
1,<environment.Job instance at 0x1493f26a2050>,58,17,[9 2],91,214,231,123,214
1,<environment.Job instance at 0x1493ee5e1e10>,0,1,[8 1],1,2,3,1,2
1,<environment.Job instance at 0x1493f26a2050>,2,2,[8 1],3,3,5,0,3
1,<environment.Job instance at 0x1493ee5e1820>,3,2,[1 8],5,5,7,0,5
1,<environment.Job instance at 0x1493ee1b62d0>,4,3,[2 8],6,7,10,1,6
1,<environment.Job instance at 0x1493ee1e03c0>,5,1,[8 2],7,33,34,26,33
1,<environment.Job instance at 0x1493fc7b15a0>,21,1,[10  1],35,35,36,0,35
1,<environment.Job instance at 0x1493ee220190>,22,3,[6 2],37,37,40,0,37
1,<environment.Job instance at 0x1493ee2202d0>,23,2,[1 9],39,40,42,1,39
1,<environment.Job instance at 0x1493ee1ea1e0>,24,3,[1 9],41,42,45,1,41
1,<environment.Job instance at 0x1493fc4555f0>,25,2,[5 1],43,45,47,2,45
1,<environment.Job instance at 0x1493ee2395a0>,28,1,[7 2],46,47,48,1,46
1,<environment.Job instance at 0x1493ee1e6500>,29,2,[7 2],47,48,50,1,47
1,<environment.Job instance at 0x1493fc36e780>,30,1,[9 2],49,50,51,1,49
1,<environment.Job instance at 0x1493ee7e3f50>,31,2,[ 1 10],50,51,53,1,50
1,<environment.Job instance at 0x1493ee7e3f00>,32,14,[2 8],51,53,67,2,51
1,<environment.Job instance at 0x1493f0e586e0>,33,15,[1 8],52,67,82,15,53
1,<environment.Job instance at 0x1493f2805190>,35,1,[9 1],54,67,68,13,55
1,<environment.Job instance at 0x1493f28056e0>,37,17,[1 6],57,82,99,25,70
1,<environment.Job instance at 0x1493f28055a0>,41,1,[1 9],63,99,100,36,71
1,<environment.Job instance at 0x1493f2805be0>,42,1,[7 1],64,71,72,7,71
1,<environment.Job instance at 0x1493f2805910>,43,2,[2 5],65,100,102,35,73
1,<environment.Job instance at 0x1493f2805280>,44,1,[2 8],66,102,103,36,74
1,<environment.Job instance at 0x1493ef67e9b0>,46,3,[ 1 10],69,103,106,34,77
1,<environment.Job instance at 0x1493ef67e0a0>,47,13,[1 7],71,106,119,35,90
1,<environment.Job instance at 0x1493f2821d20>,48,2,[2 9],72,119,121,47,92
1,<environment.Job instance at 0x1493f28215f0>,49,2,[1 9],73,121,123,48,94
1,<environment.Job instance at 0x1493ee1e0d70>,15,13,[8 1],24,106,119,82,106
1,<environment.Job instance at 0x1493ee7f4280>,50,18,[8 1],74,119,137,45,108
1,<environment.Job instance at 0x1493ee1f2730>,0,2,[1 6],1,2,4,1,2
1,<environment.Job instance at 0x1493ee1f24b0>,3,3,[8 2],6,38,41,32,38
1,<environment.Job instance at 0x1493ee4043c0>,1,20,[10  2],4,41,61,37,38
1,<environment.Job instance at 0x1493f1b1ee10>,24,1,[9 1],39,61,62,22,39
1,<environment.Job instance at 0x1493ee47b050>,25,2,[1 9],40,61,63,21,40
1,<environment.Job instance at 0x1493f25de3c0>,26,2,[1 5],42,63,65,21,42
1,<environment.Job instance at 0x1493f25debe0>,27,1,[2 9],43,65,66,22,43
1,<environment.Job instance at 0x1493f19e9190>,28,2,[6 1],44,62,64,18,45
1,<environment.Job instance at 0x1493f19e9640>,30,1,[5 1],46,64,65,18,46
1,<environment.Job instance at 0x1493f1a9e550>,41,3,[2 7],62,69,72,7,69
1,<environment.Job instance at 0x1493f1a9e460>,40,15,[5 1],61,97,112,36,97
1,<environment.Job instance at 0x1493eead8c80>,62,3,[8 1],93,112,115,19,108
1,<environment.Job instance at 0x1493f1c75b90>,69,3,[1 7],104,112,115,8,112
1,<environment.Job instance at 0x1493f1c75870>,70,14,[9 1],106,115,129,9,115
1,<environment.Job instance at 0x1493fc0e56e0>,5,3,[ 1 10],9,9,12,0,9
1,<environment.Job instance at 0x1493f19a2a00>,6,3,[9 1],10,12,15,2,12
1,<environment.Job instance at 0x1493f19a2410>,9,1,[2 7],13,15,16,2,13
1,<environment.Job instance at 0x1493f19a2190>,10,3,[2 5],14,16,19,2,15
1,<environment.Job instance at 0x1493ee70dc30>,29,3,[2 5],43,309,312,266,309
1,<environment.Job instance at 0x1493ee98bb90>,65,2,[7 1],110,357,359,247,357
1,<environment.Job instance at 0x1493fc494a50>,66,1,[10  1],111,359,360,248,357
1,<environment.Job instance at 0x1493f1cf0410>,0,1,[1 8],1,3,4,2,3
1,<environment.Job instance at 0x1493ee107500>,3,14,[6 2],4,10,24,6,10
1,<environment.Job instance at 0x1493eeb85140>,8,2,[1 5],11,11,13,0,11
1,<environment.Job instance at 0x1493eeb85d70>,9,1,[1 6],12,13,14,1,12
1,<environment.Job instance at 0x1493fd12e0a0>,10,3,[6 1],13,24,27,11,13
1,<environment.Job instance at 0x1493ee3fff50>,33,12,[9 1],46,48,60,2,48
1,<environment.Job instance at 0x1493f2adff00>,34,3,[1 8],48,48,51,0,48
1,<environment.Job instance at 0x1493ee19b190>,35,1,[ 2 10],49,60,61,11,49
1,<environment.Job instance at 0x1493f2adf370>,36,2,[7 2],50,61,63,11,50
1,<environment.Job instance at 0x1493ef9703c0>,37,2,[1 6],51,51,53,0,51
1,<environment.Job instance at 0x1493f264ca50>,38,26,[10  2],53,186,212,133,186
1,<environment.Job instance at 0x1493ff111dc0>,69,2,[ 1 10],102,212,214,110,186
1,<environment.Job instance at 0x1493ee2a4b90>,0,16,[5 2],2,44,60,42,44
1,<environment.Job instance at 0x1493ef681640>,32,3,[ 1 10],45,60,63,15,45
1,<environment.Job instance at 0x1493eeed43c0>,33,1,[1 6],46,46,47,0,46
1,<environment.Job instance at 0x1493f1bf7fa0>,34,3,[8 2],48,63,66,15,48
1,<environment.Job instance at 0x1493f1bf7d70>,35,3,[6 2],49,66,69,17,49
1,<environment.Job instance at 0x1493f1bf72d0>,36,2,[10  2],50,69,71,19,50
1,<environment.Job instance at 0x1493f1bf7a50>,37,1,[1 6],51,51,52,0,51
1,<environment.Job instance at 0x1493ee193e60>,38,1,[5 1],52,52,53,0,52
1,<environment.Job instance at 0x1493ee193cd0>,39,15,[9 1],53,71,86,18,57
1,<environment.Job instance at 0x1493fc131e60>,57,27,[10  1],77,137,164,60,137
1,<environment.Job instance at 0x1493fd0b47d0>,0,3,[9 2],1,2,5,1,2
1,<environment.Job instance at 0x1493f1d5f0a0>,2,1,[1 6],3,3,4,0,3
1,<environment.Job instance at 0x1493f1c650a0>,3,19,[ 1 10],5,5,24,0,5
1,<environment.Job instance at 0x1493fd0b4aa0>,4,2,[2 7],7,24,26,17,7
1,<environment.Job instance at 0x1493fc026780>,0,1,[ 1 10],2,2,3,0,2
1,<environment.Job instance at 0x1493fc0260a0>,1,1,[ 2 10],4,6,7,2,6
1,<environment.Job instance at 0x1493f2b10190>,7,3,[10  2],10,10,13,0,10
1,<environment.Job instance at 0x1493f2b10640>,4,14,[10  2],7,13,27,6,10
1,<environment.Job instance at 0x1493f2b104b0>,8,16,[1 8],12,27,43,15,14
1,<environment.Job instance at 0x14a098f26b40>,0,17,[ 1 10],3,3,20,0,3
1,<environment.Job instance at 0x14a098f26af0>,1,2,[2 5],4,20,22,16,4
1,<environment.Job instance at 0x14a098f26b90>,2,18,[ 1 10],5,22,40,17,12
1,<environment.Job instance at 0x14a043a0c870>,9,2,[ 2 10],12,40,42,28,13
1,<environment.Job instance at 0x14a043a0c5a0>,10,3,[7 2],14,42,45,28,25
1,<environment.Job instance at 0x14a043546b90>,16,17,[1 7],22,42,59,20,30
1,<environment.Job instance at 0x14a043546960>,17,3,[6 1],23,45,48,22,30
1,<environment.Job instance at 0x14a043546d70>,18,1,[5 2],25,48,49,23,30
1,<environment.Job instance at 0x14a0439f2d20>,19,3,[8 1],26,49,52,23,30
1,<environment.Job instance at 0x14a0439bcbe0>,4,2,[6 1],7,208,210,201,208
1,<environment.Job instance at 0x14a043309050>,0,1,[2 5],3,20,21,17,20
1,<environment.Job instance at 0x14a050815b40>,11,2,[7 2],21,41,43,20,41
1,<environment.Job instance at 0x14a05139c2d0>,25,1,[1 6],42,42,43,0,42
1,<environment.Job instance at 0x14a05076e500>,0,3,[8 2],2,2,5,0,2
1,<environment.Job instance at 0x14a0507e6b90>,1,3,[5 2],3,5,8,2,4
1,<environment.Job instance at 0x14a05083ba00>,2,2,[2 5],5,5,7,0,5
1,<environment.Job instance at 0x14a043d1ab40>,3,14,[ 1 10],6,8,22,2,7
1,<environment.Job instance at 0x14a043d1af50>,5,3,[2 5],8,22,25,14,8
1,<environment.Job instance at 0x14a042cfab90>,6,14,[2 5],9,22,36,13,9
1,<environment.Job instance at 0x14a045c2ad20>,7,2,[7 1],10,25,27,15,14
1,<environment.Job instance at 0x14a046a47910>,26,3,[8 2],34,45,48,11,45
1,<environment.Job instance at 0x14a04399be10>,29,15,[6 1],39,73,88,34,73
1,<environment.Job instance at 0x14a042b6dcd0>,43,2,[10  1],58,88,90,30,76
1,<environment.Job instance at 0x14a042bd7c80>,64,12,[6 1],91,119,131,28,119
1,<environment.Job instance at 0x14a042ceaa00>,12,17,[10  1],15,131,148,116,119
1,<environment.Job instance at 0x14a042bb9f50>,74,3,[5 1],104,152,155,48,152
1,<environment.Job instance at 0x14a042bb9500>,75,1,[8 1],105,155,156,50,152
1,<environment.Job instance at 0x14a042bb9820>,78,17,[10  1],108,156,173,48,152
1,<environment.Job instance at 0x14a042bb92d0>,79,3,[5 2],111,152,155,41,152
1,<environment.Job instance at 0x14a042bb9230>,80,1,[6 1],112,173,174,61,152
1,<environment.Job instance at 0x14a042bb99b0>,81,1,[8 1],113,174,175,61,152
1,<environment.Job instance at 0x14a042bb95f0>,82,22,[1 7],114,173,195,59,166
1,<environment.Job instance at 0x14a042c72640>,84,18,[7 2],121,525,543,404,525
1,<environment.Job instance at 0x14a045de2aa0>,0,16,[1 5],1,1,17,0,1
1,<environment.Job instance at 0x14a05070caf0>,1,2,[9 2],2,3,5,1,3
1,<environment.Job instance at 0x14a045de2460>,3,15,[2 6],5,17,32,12,5
1,<environment.Job instance at 0x14a042c72aa0>,4,3,[1 7],6,32,35,26,6
1,<environment.Job instance at 0x14a05139fdc0>,5,18,[1 8],7,35,53,28,24
1,<environment.Job instance at 0x14a051528dc0>,14,14,[ 1 10],19,53,67,34,38
1,<environment.Job instance at 0x14a046e169b0>,20,2,[2 6],28,67,69,39,46
1,<environment.Job instance at 0x14a042cfa4b0>,28,1,[9 2],38,46,47,8,46
1,<environment.Job instance at 0x14a0435469b0>,29,2,[ 1 10],39,69,71,30,46
1,<environment.Job instance at 0x14a042ceaaa0>,30,3,[2 7],40,71,74,31,46
1,<environment.Job instance at 0x14a042ceadc0>,31,26,[10  1],41,113,139,72,113
1,<environment.Job instance at 0x14a0514fc0f0>,74,2,[10  1],106,139,141,33,113
1,<environment.Job instance at 0x14a0500be190>,75,1,[2 8],107,141,142,34,113
1,<environment.Job instance at 0x14a0500be690>,76,2,[7 2],110,141,143,31,114
1,<environment.Job instance at 0x14a05148ff00>,77,14,[10  1],111,143,157,32,128
1,<environment.Job instance at 0x14a05148f730>,78,17,[1 6],113,157,174,44,145
1,<environment.Job instance at 0x14a0508057d0>,79,1,[2 9],114,174,175,60,146
1,<environment.Job instance at 0x14a046af3050>,0,12,[1 5],2,3,15,1,3
1,<environment.Job instance at 0x14a0509208c0>,2,18,[2 8],4,15,33,11,4
1,<environment.Job instance at 0x14a046af33c0>,3,2,[1 9],6,33,35,27,6
1,<environment.Job instance at 0x14a043a044b0>,4,1,[1 8],7,35,36,28,7
1,<environment.Job instance at 0x14a043a04410>,5,3,[ 1 10],8,36,39,28,10
1,<environment.Job instance at 0x14a043a04cd0>,7,17,[2 5],13,39,56,26,27
1,<environment.Job instance at 0x14a051505be0>,16,1,[1 7],28,56,57,28,34
1,<environment.Job instance at 0x14a05152b0f0>,20,12,[2 7],36,57,69,21,40
1,<environment.Job instance at 0x14a05152b550>,22,3,[ 1 10],38,69,72,31,43
1,<environment.Job instance at 0x14a05152bf50>,25,1,[1 5],42,43,44,1,43
1,<environment.Job instance at 0x14a05152b780>,27,1,[5 2],45,52,53,7,52
1,<environment.Job instance at 0x14a0515117d0>,32,3,[9 1],53,72,75,19,53
1,<environment.Job instance at 0x14a051511d70>,33,3,[7 2],55,55,58,0,55
1,<environment.Job instance at 0x14a051511e10>,34,14,[8 2],56,75,89,19,60
1,<environment.Job instance at 0x14a051525280>,38,20,[5 1],61,170,190,109,170
1,<environment.Job instance at 0x14a042be8dc0>,0,3,[1 8],2,2,5,0,2
1,<environment.Job instance at 0x14a05007fb40>,1,2,[10  2],3,7,9,4,7
1,<environment.Job instance at 0x14a042d420a0>,5,3,[1 9],8,9,12,1,8
1,<environment.Job instance at 0x14a046dcecd0>,6,3,[9 1],9,11,14,2,11
1,<environment.Job instance at 0x14a046e43e60>,8,3,[1 8],12,12,15,0,12
1,<environment.Job instance at 0x14a046e43550>,9,2,[5 1],13,15,17,2,15
1,<environment.Job instance at 0x14a046e43820>,12,1,[2 6],17,17,18,0,17
1,<environment.Job instance at 0x14a046e43320>,13,3,[10  2],20,20,23,0,20
1,<environment.Job instance at 0x14a046e43c30>,14,2,[8 1],21,39,41,18,39
1,<environment.Job instance at 0x14a045fd53c0>,30,12,[ 2 10],41,41,53,0,41
1,<environment.Job instance at 0x14a045fd59b0>,31,3,[10  2],42,53,56,11,42
1,<environment.Job instance at 0x14a045fd5730>,32,1,[1 7],44,56,57,12,44
1,<environment.Job instance at 0x14a045fd5eb0>,33,3,[1 6],45,57,60,12,45
1,<environment.Job instance at 0x14a053b5d0a0>,34,2,[5 2],46,56,58,10,46
1,<environment.Job instance at 0x14a053772e60>,40,2,[1 5],53,60,62,7,59
1,<environment.Job instance at 0x14a053772190>,42,3,[2 6],55,62,65,7,59
1,<environment.Job instance at 0x14a053772f50>,43,3,[10  2],56,65,68,9,59
1,<environment.Job instance at 0x14a053b5d2d0>,35,16,[8 1],48,68,84,20,59
1,<environment.Job instance at 0x14a053772eb0>,45,2,[1 9],58,68,70,10,59
1,<environment.Job instance at 0x14a0537721e0>,46,2,[10  1],59,84,86,25,59
1,<environment.Job instance at 0x14a046048b40>,47,1,[9 1],60,60,61,0,60
1,<environment.Job instance at 0x14a045db71e0>,48,1,[8 1],61,61,62,0,61
1,<environment.Job instance at 0x14a045ef5b40>,49,1,[1 5],62,70,71,8,62
1,<environment.Job instance at 0x14a042dcd460>,50,3,[9 1],63,86,89,23,63
1,<environment.Job instance at 0x14a04604c050>,51,12,[9 2],64,89,101,25,72
1,<environment.Job instance at 0x14a04604c9b0>,52,3,[8 2],66,101,104,35,75
1,<environment.Job instance at 0x14a045db2640>,53,12,[2 9],67,104,116,37,87
1,<environment.Job instance at 0x14a042ea4690>,54,15,[9 2],69,199,214,130,199
1,<environment.Job instance at 0x14a045c71370>,96,16,[7 1],133,1126,1142,993,1126
1,<environment.Job instance at 0x14a05372cc30>,0,2,[2 7],1,2,4,1,2
1,<environment.Job instance at 0x14a043026140>,1,12,[2 7],3,4,16,1,3
1,<environment.Job instance at 0x14a0430268c0>,2,20,[ 2 10],4,16,36,12,7
1,<environment.Job instance at 0x14a045d03b90>,11,2,[2 5],18,36,38,18,19
1,<environment.Job instance at 0x14a046addaa0>,43,1,[10  2],69,82,83,13,82
1,<environment.Job instance at 0x14a046a3a820>,6,15,[7 2],8,273,288,265,273
1,<environment.Job instance at 0x14a046ec29b0>,0,1,[2 9],1,1,2,0,1
1,<environment.Job instance at 0x14a046a3a370>,1,2,[ 2 10],2,2,4,0,2
1,<environment.Job instance at 0x14a046ec2050>,2,3,[2 9],3,4,7,1,3
1,<environment.Job instance at 0x14a046a3a820>,3,13,[2 7],5,7,20,2,5
1,<environment.Job instance at 0x14a042ba0b90>,4,3,[10  2],6,20,23,14,6
1,<environment.Job instance at 0x14a042ba07d0>,5,14,[2 9],7,23,37,16,8
1,<environment.Job instance at 0x14a042ba04b0>,7,1,[2 6],9,37,38,28,9
1,<environment.Job instance at 0x14a042dd56e0>,8,1,[9 2],10,38,39,28,22
1,<environment.Job instance at 0x14a046e5a5a0>,17,12,[1 6],23,38,50,15,23
1,<environment.Job instance at 0x14a046008640>,18,12,[7 2],24,39,51,15,24
1,<environment.Job instance at 0x14a04600cb90>,19,2,[2 7],25,50,52,25,25
1,<environment.Job instance at 0x14a042f545f0>,20,12,[2 6],26,52,64,26,35
1,<environment.Job instance at 0x14a043029dc0>,22,3,[5 2],28,51,54,23,35
1,<environment.Job instance at 0x14a04302bc80>,24,3,[10  2],31,64,67,33,38
1,<environment.Job instance at 0x14a0430285f0>,25,1,[5 2],32,54,55,22,38
1,<environment.Job instance at 0x14a042fda690>,0,2,[6 1],2,31,33,29,31
1,<environment.Job instance at 0x14a042cb0050>,13,13,[10  2],20,33,46,13,31
1,<environment.Job instance at 0x14a0513ebe60>,14,2,[2 7],21,31,33,10,31
1,<environment.Job instance at 0x14a042e69460>,15,15,[10  2],23,46,61,23,32
1,<environment.Job instance at 0x14a042e69960>,16,2,[1 5],24,61,63,37,34
1,<environment.Job instance at 0x14a042e69a50>,17,3,[9 1],25,61,64,36,35
1,<environment.Job instance at 0x14a0431b5050>,18,19,[2 5],26,64,83,38,54
1,<environment.Job instance at 0x14a052e63640>,20,2,[9 2],28,83,85,55,56
1,<environment.Job instance at 0x14a043193320>,22,3,[2 7],30,85,88,55,59
1,<environment.Job instance at 0x14a0431930f0>,23,2,[9 2],31,88,90,57,61
1,<environment.Job instance at 0x14a0513c8690>,28,2,[ 1 10],38,90,92,52,63
1,<environment.Job instance at 0x14a0513c8500>,29,3,[8 2],39,64,67,25,63
1,<environment.Job instance at 0x14a043303fa0>,30,12,[6 2],41,67,79,26,63
1,<environment.Job instance at 0x14a042c07690>,31,16,[1 5],42,92,108,50,79
1,<environment.Job instance at 0x14a05146beb0>,33,3,[1 5],44,79,82,35,79
1,<environment.Job instance at 0x14a046e410f0>,34,2,[1 9],45,108,110,63,81
1,<environment.Job instance at 0x14a046084370>,38,17,[1 9],51,110,127,59,98
1,<environment.Job instance at 0x14a0508eb0a0>,45,2,[8 1],63,152,154,89,152
1,<environment.Job instance at 0x14a042b41e60>,72,2,[8 1],104,253,255,149,253
1,<environment.Job instance at 0x14a042520640>,0,16,[1 7],1,1,17,0,1
1,<environment.Job instance at 0x14a051501910>,1,3,[2 5],2,17,20,15,2
1,<environment.Job instance at 0x14a0425203c0>,2,3,[1 7],4,20,23,16,4
1,<environment.Job instance at 0x14a046089230>,3,2,[9 2],5,5,7,0,5
1,<environment.Job instance at 0x14a053703b40>,4,2,[7 1],6,7,9,1,6
1,<environment.Job instance at 0x14a053703870>,5,1,[1 8],7,23,24,16,7
1,<environment.Job instance at 0x14a053703d20>,6,1,[8 1],8,9,10,1,8
1,<environment.Job instance at 0x14a046ee1e60>,14,2,[6 2],19,20,22,1,20
1,<environment.Job instance at 0x14a0439b2a50>,16,2,[2 7],21,24,26,3,21
1,<environment.Job instance at 0x14a046ee1500>,17,1,[7 2],22,24,25,2,24
1,<environment.Job instance at 0x14a046ee10f0>,7,18,[10  1],9,74,92,65,74
1,<environment.Job instance at 0x14a042a80cd0>,46,3,[1 8],61,92,95,31,74
1,<environment.Job instance at 0x14a044577f00>,47,17,[7 1],62,1826,1843,1764,1826
1,<environment.Job instance at 0x14a0427e4b40>,0,1,[6 2],2,16,17,14,16
1,<environment.Job instance at 0x14a05148c0f0>,17,3,[7 2],22,22,25,0,22
1,<environment.Job instance at 0x14a0508617d0>,13,17,[5 2],18,25,42,7,22
1,<environment.Job instance at 0x14a043300870>,32,2,[7 1],48,48,50,0,48
1,<environment.Job instance at 0x14a045e545a0>,18,15,[7 2],23,170,185,147,170
1,<environment.Job instance at 0x14a042ceba50>,48,16,[2 8],67,170,186,103,170
1,<environment.Job instance at 0x14a042ceb280>,49,3,[1 7],68,186,189,118,170
1,<environment.Job instance at 0x14a042ceb7d0>,50,1,[2 6],69,189,190,120,170
1,<environment.Job instance at 0x14a042ceb9b0>,51,3,[2 9],70,190,193,120,170
1,<environment.Job instance at 0x14a042ceb4b0>,52,2,[2 6],71,193,195,122,170
1,<environment.Job instance at 0x14a0431f9fa0>,53,1,[2 6],72,195,196,123,170
1,<environment.Job instance at 0x14a0431f9230>,54,1,[7 2],74,185,186,111,170
1,<environment.Job instance at 0x14a0431f99b0>,55,2,[2 6],75,196,198,121,170
1,<environment.Job instance at 0x14a0431f93c0>,56,1,[10  1],76,198,199,122,170
1,<environment.Job instance at 0x14a0431f97d0>,57,3,[8 2],77,186,189,109,170
1,<environment.Job instance at 0x14a042da4e60>,0,3,[10  2],1,1,4,0,1
1,<environment.Job instance at 0x14a042da4640>,1,2,[2 7],2,4,6,2,3
1,<environment.Job instance at 0x14a042da4d20>,3,2,[6 2],4,7,9,3,7
1,<environment.Job instance at 0x14a05006c550>,7,1,[1 5],8,8,9,0,8
1,<environment.Job instance at 0x14a043172960>,8,12,[1 6],9,9,21,0,9
1,<environment.Job instance at 0x14a042c82be0>,9,1,[2 5],12,21,22,9,12
1,<environment.Job instance at 0x14a042c6c640>,10,16,[1 6],13,22,38,9,13
1,<environment.Job instance at 0x14a042f10af0>,14,3,[8 1],18,22,25,4,22
1,<environment.Job instance at 0x14a0429bdb40>,11,25,[5 2],14,43,68,29,43
1,<environment.Job instance at 0x14a046b7ee10>,33,1,[6 1],46,68,69,22,46
1,<environment.Job instance at 0x14a046b7e870>,34,2,[8 1],47,69,71,22,47
1,<environment.Job instance at 0x14a045cc34b0>,60,16,[8 2],90,106,122,16,106
1,<environment.Job instance at 0x14a042f2bf00>,70,1,[10  2],101,122,123,21,110
1,<environment.Job instance at 0x14a045f4bdc0>,0,2,[2 9],2,2,4,0,2
1,<environment.Job instance at 0x14a0460d3f50>,25,3,[7 2],42,45,48,3,45
1,<environment.Job instance at 0x14a0429f2cd0>,28,3,[6 2],47,55,58,8,55
1,<environment.Job instance at 0x14a0429f2050>,34,1,[7 2],56,86,87,30,86
1,<environment.Job instance at 0x14a042be78c0>,52,3,[ 1 10],79,87,90,8,86
1,<environment.Job instance at 0x14a042be7f50>,53,13,[1 7],81,90,103,9,86
1,<environment.Job instance at 0x14a042be7730>,54,2,[2 9],82,103,105,21,86
1,<environment.Job instance at 0x14a042be7690>,55,2,[1 9],83,105,107,22,86
1,<environment.Job instance at 0x14a042c0bd20>,56,18,[8 1],84,90,108,6,86
1,<environment.Job instance at 0x14a042c0be10>,57,16,[7 2],85,108,124,23,95
1,<environment.Job instance at 0x14a04282f5a0>,58,3,[6 1],86,124,127,38,98
1,<environment.Job instance at 0x14a04282f550>,59,2,[10  2],87,127,129,40,100
1,<environment.Job instance at 0x14a04282f3c0>,60,2,[7 1],88,129,131,41,102
1,<environment.Job instance at 0x14a04282fb90>,63,1,[8 2],96,163,164,67,163
1,<environment.Job instance at 0x14a042b1edc0>,66,27,[1 7],99,165,192,66,165
1,<environment.Job instance at 0x14a042b1e0a0>,67,1,[8 1],101,165,166,64,165
1,<environment.Job instance at 0x14a042b1e960>,69,1,[9 2],105,166,167,61,165
1,<environment.Job instance at 0x14a046ab8c30>,71,2,[1 7],107,192,194,85,167
1,<environment.Job instance at 0x14a046ab8640>,72,1,[9 1],109,167,168,58,167
1,<environment.Job instance at 0x14a046ab89b0>,74,3,[ 1 10],111,194,197,83,168
1,<environment.Job instance at 0x14a04286e280>,0,2,[1 6],1,1,3,0,1
1,<environment.Job instance at 0x14a04286eeb0>,3,3,[8 2],6,7,10,1,7
1,<environment.Job instance at 0x14a045fbea00>,1,20,[10  2],4,10,30,6,8
1,<environment.Job instance at 0x14a045fbc0a0>,5,15,[1 6],9,30,45,21,16
1,<environment.Job instance at 0x14a0451abaf0>,10,1,[8 1],16,30,31,14,16
1,<environment.Job instance at 0x14a0451ab500>,11,2,[ 1 10],20,45,47,25,20
1,<environment.Job instance at 0x14a045fe5af0>,12,3,[2 7],21,47,50,26,21
1,<environment.Job instance at 0x14a045fe5410>,13,1,[2 6],24,50,51,26,27
1,<environment.Job instance at 0x14a04611c690>,17,13,[8 1],29,142,155,113,142
1,<environment.Job instance at 0x14a0427b5f50>,0,16,[10  1],1,12,28,11,12
1,<environment.Job instance at 0x14a0427c95a0>,11,1,[ 1 10],14,28,29,14,14
1,<environment.Job instance at 0x14a045dde7d0>,12,3,[2 7],16,29,32,13,16
1,<environment.Job instance at 0x14a045dded20>,13,2,[9 1],17,32,34,15,17
1,<environment.Job instance at 0x14a0427b81e0>,14,2,[7 1],18,29,31,11,18
1,<environment.Job instance at 0x14a0427b8c30>,15,3,[5 1],21,34,37,13,21
1,<environment.Job instance at 0x14a045ddeb90>,16,3,[1 5],22,32,35,10,22
1,<environment.Job instance at 0x14a0507c87d0>,17,15,[2 9],24,35,50,11,24
1,<environment.Job instance at 0x14a051501b90>,18,1,[ 2 10],28,50,51,22,28
1,<environment.Job instance at 0x14a0451b9dc0>,19,2,[1 8],29,51,53,22,29
1,<environment.Job instance at 0x14a0427a3460>,22,3,[2 5],33,82,85,49,82
1,<environment.Job instance at 0x14a045c040a0>,65,12,[1 8],111,111,123,0,111
1,<environment.Job instance at 0x14a045c040f0>,67,3,[5 2],115,116,119,1,116
1,<environment.Job instance at 0x14a045e84f50>,0,1,[2 8],5,9,10,4,9
1,<environment.Job instance at 0x14a051780050>,6,3,[2 9],11,11,14,0,11
1,<environment.Job instance at 0x14a051780fa0>,7,2,[1 6],12,14,16,2,13
1,<environment.Job instance at 0x14a045ca2d20>,9,17,[ 2 10],14,16,33,2,14
1,<environment.Job instance at 0x14a045e84640>,2,1,[8 1],7,64,65,57,64
1,<environment.Job instance at 0x14a0460038c0>,0,2,[2 5],2,3,5,1,3
1,<environment.Job instance at 0x14a046eb4d70>,2,14,[2 6],4,5,19,1,4
1,<environment.Job instance at 0x14a046056eb0>,3,2,[1 9],6,19,21,13,6
1,<environment.Job instance at 0x14a045df9f00>,4,1,[8 2],7,8,9,1,8
1,<environment.Job instance at 0x14a042cda870>,6,3,[7 1],9,9,12,0,9
1,<environment.Job instance at 0x14a042cda4b0>,8,3,[2 7],12,21,24,9,12
1,<environment.Job instance at 0x14a045df95f0>,9,3,[ 2 10],13,24,27,11,13
1,<environment.Job instance at 0x14a0439e0960>,10,2,[6 1],14,14,16,0,14
1,<environment.Job instance at 0x14a0537b50f0>,11,3,[ 1 10],15,27,30,12,15
1,<environment.Job instance at 0x14a0430e2f50>,12,1,[1 6],16,30,31,14,16
1,<environment.Job instance at 0x14a0537b5230>,13,3,[8 2],18,21,24,3,18
1,<environment.Job instance at 0x14a0439847d0>,14,3,[6 2],19,30,33,11,19
1,<environment.Job instance at 0x14a043984be0>,15,2,[10  2],20,33,35,13,20
1,<environment.Job instance at 0x14a04258eaf0>,16,1,[1 6],21,31,32,10,21
1,<environment.Job instance at 0x14a0514c6d20>,17,1,[5 1],22,35,36,13,24
1,<environment.Job instance at 0x14a0425295a0>,11,3,[10  1],15,15,18,0,15
1,<environment.Job instance at 0x14a042790a00>,0,16,[8 2],1,33,49,32,33
1,<environment.Job instance at 0x14a0426c49b0>,26,20,[1 5],34,34,54,0,34
1,<environment.Job instance at 0x14a0426af320>,27,2,[7 2],35,49,51,14,35
1,<environment.Job instance at 0x14a052e2b5a0>,28,2,[1 8],36,54,56,18,36
1,<environment.Job instance at 0x14a052e2baa0>,29,16,[8 2],37,51,67,14,38
1,<environment.Job instance at 0x14a052e2b910>,31,2,[ 2 10],39,67,69,28,40
1,<environment.Job instance at 0x14a052e2b640>,32,2,[7 1],41,69,71,28,42
1,<environment.Job instance at 0x14a052e2bf50>,33,1,[2 8],44,56,57,12,44
1,<environment.Job instance at 0x14a052e2be60>,34,2,[ 1 10],46,71,73,25,46
1,<environment.Job instance at 0x14a0451c90f0>,56,3,[8 2],77,91,94,14,91
1,<environment.Job instance at 0x14a053708e10>,57,2,[9 1],78,99,101,21,99
1,<environment.Job instance at 0x14a045d1f280>,58,14,[5 2],79,154,168,75,154
1,<environment.Job instance at 0x14a045e2b960>,95,3,[8 1],131,168,171,37,154
1,<environment.Job instance at 0x14a046ae7d70>,96,2,[ 1 10],135,171,173,36,154
1,<environment.Job instance at 0x14a0460ecaf0>,97,14,[1 9],136,173,187,37,158
1,<environment.Job instance at 0x14a0460eca50>,98,16,[2 7],138,187,203,49,174
1,<environment.Job instance at 0x14a045e23dc0>,0,1,[5 1],2,47,48,45,47
1,<environment.Job instance at 0x14a042f2a6e0>,28,14,[ 2 10],46,48,62,2,47
1,<environment.Job instance at 0x14a042f2a820>,29,2,[7 1],48,62,64,14,48
1,<environment.Job instance at 0x14a042f45b90>,30,1,[1 7],49,62,63,13,49
1,<environment.Job instance at 0x14a042f450a0>,31,2,[7 1],50,64,66,14,50
1,<environment.Job instance at 0x14a042f43f50>,32,1,[5 1],51,66,67,15,51
1,<environment.Job instance at 0x14a042f43cd0>,33,3,[1 7],52,63,66,11,52
1,<environment.Job instance at 0x14a042f43460>,34,1,[9 1],56,103,104,47,103
1,<environment.Job instance at 0x14a0431bdaa0>,50,18,[1 7],82,103,121,21,103
1,<environment.Job instance at 0x14a0431bd050>,51,16,[1 7],84,121,137,37,108
1,<environment.Job instance at 0x14a042f2c780>,52,1,[2 6],85,137,138,52,111
1,<environment.Job instance at 0x154def9a4b40>,0,17,[ 1 10],3,5,22,2,5
1,<environment.Job instance at 0x154def9a4aa0>,3,2,[1 7],6,22,24,16,9
1,<environment.Job instance at 0x154d9a464500>,7,3,[5 1],10,22,25,12,10
1,<environment.Job instance at 0x154d99f90320>,8,13,[ 2 10],11,25,38,14,11
1,<environment.Job instance at 0x154d9a464aa0>,9,2,[ 2 10],12,38,40,26,12
1,<environment.Job instance at 0x154d9a406e60>,10,3,[7 2],14,40,43,26,14
1,<environment.Job instance at 0x154d9a414e10>,11,28,[1 9],15,43,71,28,42
1,<environment.Job instance at 0x154d9a414320>,16,17,[1 7],22,71,88,49,59
1,<environment.Job instance at 0x154d9a44cfa0>,17,3,[6 1],23,66,69,43,66
1,<environment.Job instance at 0x154d9a44f280>,23,3,[7 2],30,71,74,41,66
1,<environment.Job instance at 0x154d9a44d280>,24,20,[ 1 10],32,88,108,56,79
1,<environment.Job instance at 0x154d9a780500>,25,1,[6 1],34,79,80,45,79
1,<environment.Job instance at 0x154d9a4440a0>,26,3,[9 1],36,80,83,44,79
1,<environment.Job instance at 0x154d9a45e640>,27,3,[2 8],37,108,111,71,82
1,<environment.Job instance at 0x154d9a44dc30>,28,2,[1 9],38,111,113,73,84
1,<environment.Job instance at 0x154d9a44d780>,30,3,[1 8],41,113,116,72,95
1,<environment.Job instance at 0x154d9a44db40>,29,13,[1 6],39,116,129,77,100
1,<environment.Job instance at 0x154d99fa20f0>,33,2,[5 1],44,108,110,64,100
1,<environment.Job instance at 0x154d99d3c820>,41,1,[ 1 10],54,129,130,75,101
1,<environment.Job instance at 0x154d99d3cc30>,42,3,[1 6],55,130,133,75,104
1,<environment.Job instance at 0x154d99d3cbe0>,43,2,[2 8],56,133,135,77,106
1,<environment.Job instance at 0x154d99d3c3c0>,44,1,[2 9],57,135,136,78,107
1,<environment.Job instance at 0x154d99d3ce60>,48,15,[ 2 10],61,136,151,75,122
1,<environment.Job instance at 0x154d99fb8730>,49,1,[ 1 10],67,151,152,84,123
1,<environment.Job instance at 0x154d99fb8e60>,50,1,[1 8],68,152,153,84,124
1,<environment.Job instance at 0x154d99fa2140>,31,3,[8 1],42,124,127,82,124
1,<environment.Job instance at 0x154d9a46f2d0>,63,2,[7 2],90,152,154,62,145
1,<environment.Job instance at 0x154d99fb8dc0>,51,16,[10  1],69,154,170,85,152
1,<environment.Job instance at 0x154d9a471190>,68,1,[1 5],98,153,154,55,152
1,<environment.Job instance at 0x154d99fb7690>,69,1,[10  2],101,170,171,69,152
1,<environment.Job instance at 0x154d99fb4cd0>,70,1,[8 1],102,171,172,69,152
1,<environment.Job instance at 0x154d99fb45f0>,71,2,[1 6],103,171,173,68,152
1,<environment.Job instance at 0x154d99fb4c30>,72,2,[2 6],106,173,175,67,152
1,<environment.Job instance at 0x154d99fb4eb0>,73,1,[8 1],107,172,173,65,152
1,<environment.Job instance at 0x154d99d45050>,74,2,[1 5],108,175,177,67,152
1,<environment.Job instance at 0x154d99d45190>,75,17,[9 2],110,175,192,65,163
1,<environment.Job instance at 0x154d99d45460>,77,2,[10  2],113,192,194,79,165
1,<environment.Job instance at 0x154d99d45280>,78,3,[8 1],117,194,197,77,168
1,<environment.Job instance at 0x154d99d45550>,79,3,[10  1],119,197,200,78,171
1,<environment.Job instance at 0x154d99d45690>,80,3,[9 2],120,200,203,80,174
1,<environment.Job instance at 0x154d99d45230>,81,12,[1 7],121,177,189,56,174
1,<environment.Job instance at 0x154d99d456e0>,82,16,[1 7],122,200,216,78,187
1,<environment.Job instance at 0x154d99d45a00>,84,18,[2 5],124,216,234,92,205
1,<environment.Job instance at 0x154d99d45c30>,87,3,[8 1],128,205,208,77,205
1,<environment.Job instance at 0x154d99d45e60>,88,3,[1 6],129,234,237,105,208
1,<environment.Job instance at 0x154d99d45f50>,89,15,[6 2],132,208,223,76,208
1,<environment.Job instance at 0x154d99d45dc0>,90,1,[5 2],133,223,224,90,208
1,<environment.Job instance at 0x154d99d45c80>,91,1,[5 2],134,224,225,90,208
1,<environment.Job instance at 0x154d99d4c500>,92,16,[1 9],136,237,253,101,224
1,<environment.Job instance at 0x154d99d4c1e0>,93,18,[1 5],137,253,271,116,242
1,<environment.Job instance at 0x154d99d4ce10>,98,2,[9 1],146,326,328,180,326
1,<environment.Job instance at 0x154d99fb8f50>,0,2,[6 1],2,24,26,22,24
1,<environment.Job instance at 0x154dc0103a00>,8,3,[1 7],12,24,27,12,24
1,<environment.Job instance at 0x154da72661e0>,9,2,[2 8],13,28,30,15,28
1,<environment.Job instance at 0x154da72660a0>,10,3,[1 5],14,30,33,16,29
1,<environment.Job instance at 0x154da72666e0>,11,15,[1 5],15,30,45,15,29
1,<environment.Job instance at 0x154da7266730>,12,3,[9 1],17,33,36,16,29
1,<environment.Job instance at 0x154dc00608c0>,13,3,[2 7],18,45,48,27,29
1,<environment.Job instance at 0x154dc0060e10>,14,2,[ 2 10],20,48,50,28,29
1,<environment.Job instance at 0x154dc01035f0>,5,1,[9 2],9,1181,1182,1172,1181
1,<environment.Job instance at 0x154dc0060c80>,15,13,[9 1],22,2129,2142,2107,2129
1,<environment.Job instance at 0x154da7572f50>,30,1,[ 1 10],42,2142,2143,2100,2129
1,<environment.Job instance at 0x154da7361fa0>,0,1,[8 1],1,2,3,1,2
1,<environment.Job instance at 0x154d99744280>,58,3,[5 1],84,84,87,0,84
1,<environment.Job instance at 0x154da7361960>,2,18,[6 2],3,284,302,281,284
1,<environment.Job instance at 0x154d99577820>,0,3,[2 8],1,1,4,0,1
1,<environment.Job instance at 0x154d995777d0>,1,2,[5 2],2,5,7,3,5
1,<environment.Job instance at 0x154d99a2b690>,0,2,[8 2],1,54,56,53,54
1,<environment.Job instance at 0x154da71e5f00>,21,1,[ 2 10],32,56,57,24,54
1,<environment.Job instance at 0x154da71e58c0>,22,2,[5 2],35,57,59,22,54
1,<environment.Job instance at 0x154da71e5730>,23,14,[ 1 10],36,59,73,23,54
1,<environment.Job instance at 0x154da71e5640>,24,2,[7 1],37,73,75,36,54
1,<environment.Job instance at 0x154da71e5910>,25,3,[1 8],39,73,76,34,54
1,<environment.Job instance at 0x154da71e5c80>,26,1,[6 1],40,75,76,35,54
1,<environment.Job instance at 0x154da71e51e0>,27,2,[2 9],42,76,78,34,54
1,<environment.Job instance at 0x154da71e55f0>,28,16,[1 8],43,78,94,35,65
1,<environment.Job instance at 0x154dc01f60a0>,29,1,[2 9],44,94,95,50,66
1,<environment.Job instance at 0x154dc01f60f0>,34,1,[1 5],52,95,96,43,67
1,<environment.Job instance at 0x154dc01f6d70>,35,3,[10  1],53,96,99,43,70
1,<environment.Job instance at 0x154dc01f6050>,36,1,[6 2],54,78,79,24,70
1,<environment.Job instance at 0x154dec0f8f50>,43,2,[1 7],65,99,101,34,72
1,<environment.Job instance at 0x154dec0f81e0>,44,1,[2 7],66,101,102,35,73
1,<environment.Job instance at 0x154d9a500e10>,45,2,[1 9],67,102,104,35,75
1,<environment.Job instance at 0x154d9a500fa0>,46,16,[2 5],68,104,120,36,91
1,<environment.Job instance at 0x154dec0f25a0>,63,1,[1 7],95,120,121,25,109
1,<environment.Job instance at 0x154da72273c0>,48,17,[8 2],73,143,160,70,143
1,<environment.Job instance at 0x154dec10c550>,87,2,[2 9],130,160,162,30,143
1,<environment.Job instance at 0x154d99befc30>,88,18,[2 7],131,162,180,31,151
1,<environment.Job instance at 0x154d99bef9b0>,89,3,[1 5],132,151,154,19,151
1,<environment.Job instance at 0x154d99befc80>,90,3,[1 6],133,154,157,21,151
1,<environment.Job instance at 0x154d9a4d89b0>,91,2,[2 6],134,157,159,23,151
1,<environment.Job instance at 0x154d99befeb0>,92,1,[9 1],135,180,181,45,152
1,<environment.Job instance at 0x154da7130a50>,93,1,[ 2 10],136,181,182,45,153
1,<environment.Job instance at 0x154d9958e1e0>,94,2,[1 8],138,182,184,44,155
1,<environment.Job instance at 0x154d9c97cd20>,95,16,[5 1],139,160,176,21,155
1,<environment.Job instance at 0x154da71c0550>,96,12,[ 2 10],141,184,196,43,167
1,<environment.Job instance at 0x154d9c71e550>,97,3,[10  2],142,196,199,54,172
1,<environment.Job instance at 0x154d9ca50eb0>,0,13,[1 6],1,1,14,0,1
1,<environment.Job instance at 0x154da5ef4320>,32,12,[8 1],44,429,441,385,429
1,<environment.Job instance at 0x154d9d493280>,0,2,[9 2],1,3,5,2,3
1,<environment.Job instance at 0x154da714c780>,2,3,[7 2],5,5,8,0,5
1,<environment.Job instance at 0x154d9d4933c0>,3,2,[ 2 10],7,8,10,1,7
1,<environment.Job instance at 0x154d9c802230>,4,2,[1 5],8,10,12,2,8
1,<environment.Job instance at 0x154dc216ddc0>,5,1,[10  2],9,12,13,3,11
1,<environment.Job instance at 0x154dc216d960>,8,2,[8 2],12,13,15,1,12
1,<environment.Job instance at 0x154da7186410>,9,1,[8 2],13,15,16,2,13
1,<environment.Job instance at 0x154da71860f0>,12,18,[8 1],16,128,146,112,128
1,<environment.Job instance at 0x154d9c656730>,21,12,[5 1],26,146,158,120,129
1,<environment.Job instance at 0x154d9d3f4f00>,75,12,[1 6],103,129,141,26,129
1,<environment.Job instance at 0x154d9d3f4500>,76,12,[7 2],104,158,170,54,141
1,<environment.Job instance at 0x154d9ca2b280>,80,3,[5 2],108,146,149,38,141
1,<environment.Job instance at 0x154d9ca2bc80>,81,1,[8 2],110,170,171,60,142
1,<environment.Job instance at 0x154d9ca2bc30>,82,3,[10  2],111,171,174,60,145
1,<environment.Job instance at 0x154d9ca2bcd0>,83,1,[5 2],112,149,150,37,145
1,<environment.Job instance at 0x154d98f90f50>,0,2,[9 1],1,85,87,84,85
1,<environment.Job instance at 0x154d9a41a320>,31,2,[1 7],43,85,87,42,85
1,<environment.Job instance at 0x154d9d49fa50>,0,2,[2 9],2,2,4,0,2
1,<environment.Job instance at 0x154d995f74b0>,4,12,[8 1],9,9,21,0,9
1,<environment.Job instance at 0x154d99d45460>,1,27,[9 2],3,68,95,65,68
1,<environment.Job instance at 0x154d9c8cc5a0>,43,1,[2 9],69,95,96,26,69
1,<environment.Job instance at 0x154d9c8cc870>,44,3,[ 1 10],70,96,99,26,70
1,<environment.Job instance at 0x154d9c8cca50>,45,1,[1 9],71,99,100,28,71
1,<environment.Job instance at 0x154d9c8ccc30>,46,3,[7 2],72,100,103,28,74
1,<environment.Job instance at 0x154d9d3e0f00>,48,3,[ 1 10],75,103,106,28,77
1,<environment.Job instance at 0x154d9d3e0050>,49,2,[5 2],78,106,108,28,79
1,<environment.Job instance at 0x154d9d3e0c80>,50,19,[9 2],80,108,127,28,99
1,<environment.Job instance at 0x154dc21a3a00>,63,18,[1 9],100,127,145,27,116
1,<environment.Job instance at 0x154dc21a3690>,67,2,[1 5],106,116,118,10,116
1,<environment.Job instance at 0x154dc21a3e10>,68,12,[ 1 10],107,145,157,38,128
1,<environment.Job instance at 0x154dc21a3d20>,69,12,[1 9],108,157,169,49,140
1,<environment.Job instance at 0x154dc21a3230>,70,14,[2 6],109,169,183,60,154
1,<environment.Job instance at 0x154dc21a39b0>,71,2,[ 2 10],110,183,185,73,156
1,<environment.Job instance at 0x154d9d9677d0>,86,3,[8 2],127,186,189,59,186
1,<environment.Job instance at 0x154d9d967690>,88,14,[6 1],129,224,238,95,224
1,<environment.Job instance at 0x154d997e9c80>,104,3,[10  2],146,257,260,111,257
1,<environment.Job instance at 0x154d9d3eac80>,0,2,[2 7],2,4,6,2,4
1,<environment.Job instance at 0x154d9d3eae10>,3,3,[5 1],5,5,8,0,5
1,<environment.Job instance at 0x154d9911b1e0>,4,3,[1 5],7,7,10,0,7
1,<environment.Job instance at 0x154d9911b050>,5,3,[1 9],8,10,13,2,8
1,<environment.Job instance at 0x154d9911b3c0>,6,2,[ 1 10],9,13,15,4,9
1,<environment.Job instance at 0x154d9911bd70>,7,1,[ 2 10],11,15,16,4,11
1,<environment.Job instance at 0x154d9911bf50>,8,3,[2 5],12,16,19,4,12
1,<environment.Job instance at 0x154d9911ba50>,9,1,[2 5],13,16,17,3,13
1,<environment.Job instance at 0x154d9911b500>,10,3,[8 1],14,17,20,3,14
1,<environment.Job instance at 0x154d9911b5f0>,11,3,[1 9],15,19,22,4,15
1,<environment.Job instance at 0x154d99d0d460>,12,3,[10  1],21,23,26,2,23
1,<environment.Job instance at 0x154d99cab960>,14,19,[1 5],25,28,47,3,28
1,<environment.Job instance at 0x154d9a4e1730>,17,1,[1 7],29,47,48,18,29
1,<environment.Job instance at 0x154d9c8c7aa0>,18,17,[9 1],35,48,65,13,48
1,<environment.Job instance at 0x154d9d6215a0>,31,12,[1 6],49,49,61,0,49
1,<environment.Job instance at 0x154da7245690>,32,1,[2 5],52,65,66,13,52
1,<environment.Job instance at 0x154d9d5cbd70>,33,16,[1 6],53,66,82,13,53
1,<environment.Job instance at 0x154d9d5cb550>,34,25,[5 2],54,65,90,11,61
1,<environment.Job instance at 0x154dc25e49b0>,41,2,[6 1],63,90,92,27,63
1,<environment.Job instance at 0x154d9a4c8b40>,42,1,[1 5],65,82,83,17,65
1,<environment.Job instance at 0x154d99af1050>,43,3,[2 5],66,83,86,17,66
1,<environment.Job instance at 0x154d99af1410>,44,1,[2 6],67,86,87,19,67
1,<environment.Job instance at 0x154d99af1f50>,45,15,[1 7],68,87,102,19,73
1,<environment.Job instance at 0x154dc216aaf0>,46,2,[1 9],69,102,104,33,75
1,<environment.Job instance at 0x154dc216ae60>,47,1,[1 6],70,104,105,34,76
1,<environment.Job instance at 0x154dc216aaa0>,48,3,[6 1],73,92,95,19,76
1,<environment.Job instance at 0x154dc216a0f0>,49,2,[9 2],74,95,97,21,76
1,<environment.Job instance at 0x154dc216a780>,50,2,[2 7],75,105,107,30,78
1,<environment.Job instance at 0x154dc216a8c0>,51,1,[2 5],76,107,108,31,79
1,<environment.Job instance at 0x154d995937d0>,52,14,[1 9],79,108,122,29,93
1,<environment.Job instance at 0x154d99593a50>,53,2,[ 1 10],80,122,124,42,95
1,<environment.Job instance at 0x154d9a74c8c0>,58,26,[9 1],92,155,181,63,155
1,<environment.Job instance at 0x154d99593e10>,54,16,[7 2],82,181,197,99,168
1,<environment.Job instance at 0x154d990e0c30>,81,3,[1 9],125,168,171,43,168
1,<environment.Job instance at 0x154d990e0140>,82,17,[1 7],127,171,188,44,168
1,<environment.Job instance at 0x154d990f6eb0>,83,16,[8 2],130,230,246,100,230
1,<environment.Job instance at 0x154d9950d140>,3,2,[5 2],5,5,7,0,5
1,<environment.Job instance at 0x154d9950d5f0>,7,12,[9 2],11,14,26,3,14
1,<environment.Job instance at 0x154da7334140>,0,17,[9 2],1,26,43,25,15
1,<environment.Job instance at 0x154d9950d4b0>,10,15,[9 2],16,43,58,27,29
1,<environment.Job instance at 0x154d9950d550>,15,3,[2 7],25,58,61,33,32
1,<environment.Job instance at 0x154d9950d460>,16,18,[7 2],26,58,76,32,56
1,<environment.Job instance at 0x154da7341b90>,36,1,[2 5],57,61,62,4,57
1,<environment.Job instance at 0x154da7341820>,37,3,[9 2],58,76,79,18,58
1,<environment.Job instance at 0x154da7341780>,38,3,[1 7],59,62,65,3,59
1,<environment.Job instance at 0x154da7341a00>,39,1,[2 7],63,65,66,2,63
1,<environment.Job instance at 0x154da7359050>,40,13,[8 1],64,79,92,15,65
1,<environment.Job instance at 0x154da7359410>,42,28,[1 6],66,66,94,0,66
1,<environment.Job instance at 0x154da7359a50>,43,2,[1 9],69,94,96,25,69
1,<environment.Job instance at 0x154da735e910>,44,3,[7 2],72,96,99,24,72
1,<environment.Job instance at 0x154da735eb90>,45,2,[6 2],73,92,94,19,73
1,<environment.Job instance at 0x154da735ed70>,46,1,[10  1],75,99,100,24,75
1,<environment.Job instance at 0x154da735e820>,47,3,[6 2],77,100,103,23,77
1,<environment.Job instance at 0x154d9d8f7640>,48,2,[1 9],79,103,105,24,79
1,<environment.Job instance at 0x154d9d8f7fa0>,49,3,[1 9],81,105,108,24,81
1,<environment.Job instance at 0x154d9d8f7910>,50,2,[5 1],83,94,96,11,83
1,<environment.Job instance at 0x154d9d8f7280>,51,15,[ 1 10],84,108,123,24,94
1,<environment.Job instance at 0x154d9d8f7690>,55,1,[9 2],89,123,124,34,99
1,<environment.Job instance at 0x154d9c9e4910>,63,2,[8 2],100,124,126,24,100
1,<environment.Job instance at 0x154d9c9e48c0>,64,2,[5 2],101,126,128,25,101
1,<environment.Job instance at 0x154d9c9e44b0>,65,2,[6 1],102,103,105,1,102
1,<environment.Job instance at 0x154d9c9e4500>,66,1,[1 9],103,128,129,25,103
1,<environment.Job instance at 0x154d9c9e4be0>,67,1,[7 1],104,105,106,1,104
1,<environment.Job instance at 0x154d9c9e4780>,68,2,[2 5],105,124,126,19,105
1,<environment.Job instance at 0x154d9c9e42d0>,69,1,[2 8],106,126,127,20,106
1,<environment.Job instance at 0x154d9942ce10>,70,13,[5 2],107,274,287,167,274
1,<environment.Job instance at 0x154d993df0f0>,0,16,[9 1],1,20,36,19,20
1,<environment.Job instance at 0x154dc217b050>,14,2,[1 6],21,21,23,0,21
1,<environment.Job instance at 0x154d9d3fed20>,20,1,[5 1],30,36,37,6,32
1,<environment.Job instance at 0x154da71f0730>,15,20,[10  2],24,37,57,13,32
1,<environment.Job instance at 0x154d98fb7690>,22,3,[8 2],34,57,60,23,40
1,<environment.Job instance at 0x154d9d505640>,26,3,[2 7],41,57,60,16,41
1,<environment.Job instance at 0x154da5ec8870>,27,1,[2 6],44,60,61,16,44
1,<environment.Job instance at 0x154d9d5f0c80>,28,2,[8 2],45,60,62,15,45
1,<environment.Job instance at 0x154da424feb0>,29,3,[ 2 10],46,62,65,16,46
1,<environment.Job instance at 0x154d9d8d89b0>,30,3,[2 6],47,65,68,18,47
1,<environment.Job instance at 0x154d9a4a8780>,31,13,[8 1],49,65,78,16,49
1,<environment.Job instance at 0x154d99967a00>,32,3,[6 2],50,78,81,28,52
1,<environment.Job instance at 0x154d9d5d6780>,34,2,[9 2],54,81,83,27,54
1,<environment.Job instance at 0x154d9d3cc2d0>,35,3,[6 2],56,83,86,27,57
1,<environment.Job instance at 0x154d99227140>,19,3,[2 7],26,90,93,64,90
1,<environment.Job instance at 0x154d99c345f0>,22,3,[5 1],31,97,100,66,97
1,<environment.Job instance at 0x154d99b5ac30>,24,15,[2 9],34,97,112,63,97
1,<environment.Job instance at 0x154d99c69a50>,25,1,[ 2 10],38,112,113,74,97
1,<environment.Job instance at 0x154d9bc301e0>,26,2,[1 8],39,113,115,74,97
1,<environment.Job instance at 0x154d9995c3c0>,34,3,[1 6],50,116,119,66,116
1,<environment.Job instance at 0x154d9d85e2d0>,37,3,[9 2],54,140,143,86,140
1,<environment.Job instance at 0x154d99929500>,50,16,[1 5],82,140,156,58,140
1,<environment.Job instance at 0x154d999295a0>,51,13,[8 2],83,143,156,60,140
1,<environment.Job instance at 0x154d990c8550>,52,1,[6 1],93,156,157,63,140
1,<environment.Job instance at 0x154d999294b0>,53,3,[ 1 10],95,157,160,62,140
1,<environment.Job instance at 0x154d99929aa0>,54,3,[2 9],96,160,163,64,140
1,<environment.Job instance at 0x154d99c03f00>,55,2,[1 9],97,163,165,66,140
1,<environment.Job instance at 0x154dec0f84b0>,56,2,[1 6],99,165,167,66,140
1,<environment.Job instance at 0x154dec0f83c0>,57,3,[1 8],100,167,170,67,141
1,<environment.Job instance at 0x154dec0f8280>,58,1,[6 1],102,160,161,58,141
1,<environment.Job instance at 0x154d99c859b0>,59,2,[10  1],104,170,172,66,143
1,<environment.Job instance at 0x154d99ca2fa0>,60,15,[1 7],105,172,187,67,158
1,<environment.Job instance at 0x154d9d8d8be0>,65,2,[7 1],110,172,174,62,171
1,<environment.Job instance at 0x154dc2294e10>,85,3,[2 5],140,195,198,55,195
1,<environment.Job instance at 0x154dc0061640>,86,2,[1 5],141,195,197,54,195
1,<environment.Job instance at 0x154dc0061730>,87,1,[1 6],142,198,199,56,195
1,<environment.Job instance at 0x154dc0061190>,88,3,[6 1],143,197,200,54,197
1,<environment.Job instance at 0x154d99344230>,90,2,[2 9],146,199,201,53,197
1,<environment.Job instance at 0x154dc0061e10>,91,3,[8 2],149,201,204,52,197
1,<environment.Job instance at 0x154dc2179370>,0,1,[2 8],5,5,6,0,5
1,<environment.Job instance at 0x154dc21798c0>,5,2,[1 5],10,10,12,0,10
1,<environment.Job instance at 0x154d9d56eeb0>,6,3,[2 9],11,12,15,1,11
1,<environment.Job instance at 0x154d9d56ea50>,8,14,[1 8],13,15,29,2,14
1,<environment.Job instance at 0x154d99a00140>,23,2,[1 6],31,45,47,14,45
1,<environment.Job instance at 0x154d98fb7550>,24,26,[10  2],33,47,73,14,47
1,<environment.Job instance at 0x154d9c6c10a0>,32,3,[2 5],47,73,76,26,47
1,<environment.Job instance at 0x154d9c6c1230>,33,1,[5 2],49,73,74,24,49
1,<environment.Job instance at 0x154d9c6c1320>,34,16,[ 1 10],50,76,92,26,63
1,<environment.Job instance at 0x154d9c6c1410>,35,13,[1 5],51,92,105,41,76
1,<environment.Job instance at 0x154d9c9520a0>,36,3,[1 8],52,105,108,53,79
1,<environment.Job instance at 0x154d9c952aa0>,37,2,[7 1],54,92,94,38,79
1,<environment.Job instance at 0x154d9d8a0410>,51,13,[10  2],77,146,159,69,146
1,<environment.Job instance at 0x154d9d8a0a00>,54,2,[5 1],81,159,161,78,146
1,<environment.Job instance at 0x154d98f41af0>,55,2,[ 1 10],82,161,163,79,146
1,<environment.Job instance at 0x154d98f415f0>,56,15,[10  1],83,240,255,157,240
1,<environment.Job instance at 0x154d99bb1c80>,75,16,[5 2],112,255,271,143,242
1,<environment.Job instance at 0x154d99bb1550>,76,3,[9 2],114,271,274,157,245
1,<environment.Job instance at 0x154d99bb1500>,77,16,[1 5],115,255,271,140,245
1,<environment.Job instance at 0x154d99bb16e0>,78,1,[1 5],116,271,272,155,245
1,<environment.Job instance at 0x154d99bb11e0>,79,3,[ 2 10],117,274,277,157,248
1,<environment.Job instance at 0x154d99bb1870>,80,3,[2 9],118,277,280,159,251
1,<environment.Job instance at 0x154d99745c30>,0,3,[2 7],2,2,5,0,2
1,<environment.Job instance at 0x154d99745960>,1,3,[ 2 10],3,5,8,2,3
1,<environment.Job instance at 0x154d99b13820>,2,2,[6 1],4,25,27,21,25
1,<environment.Job instance at 0x154d9bbfdaa0>,21,3,[5 2],27,27,30,0,27
1,<environment.Job instance at 0x154da71fdc30>,22,25,[2 5],28,28,53,0,28
1,<environment.Job instance at 0x154d9bbfd140>,23,3,[2 5],29,30,33,1,29
1,<environment.Job instance at 0x154da42730f0>,24,2,[1 5],30,33,35,3,30
1,<environment.Job instance at 0x154d99435910>,0,3,[6 1],1,6,9,5,6
1,<environment.Job instance at 0x154d9d497640>,4,2,[1 6],9,9,11,0,9
1,<environment.Job instance at 0x154d9d5d35a0>,5,1,[2 8],11,11,12,0,11
1,<environment.Job instance at 0x154d991a6af0>,0,3,[8 2],1,3,6,2,3
1,<environment.Job instance at 0x154d991a6960>,3,20,[1 5],4,4,24,0,4
1,<environment.Job instance at 0x154d991a69b0>,4,2,[7 2],5,6,8,1,5
1,<environment.Job instance at 0x154d991a6e60>,5,2,[1 8],6,24,26,18,6
1,<environment.Job instance at 0x154d991a6fa0>,6,16,[8 2],7,9,25,2,9
1,<environment.Job instance at 0x154d991a6cd0>,9,2,[7 1],11,25,27,14,11
1,<environment.Job instance at 0x154dc0077f00>,10,1,[2 8],14,26,27,12,14
1,<environment.Job instance at 0x154d99c696e0>,11,2,[ 1 10],16,27,29,11,16
1,<environment.Job instance at 0x154d9d87b870>,12,25,[2 5],17,29,54,12,25
1,<environment.Job instance at 0x154d9a4cc0f0>,19,2,[6 2],27,29,31,2,29
1,<environment.Job instance at 0x154d9a45c870>,22,2,[7 2],30,31,33,1,30
1,<environment.Job instance at 0x154d9a45c0f0>,23,3,[2 5],32,33,36,1,32
1,<environment.Job instance at 0x154d99d5e2d0>,24,3,[5 2],34,36,39,2,34
1,<environment.Job instance at 0x154d99d5e050>,25,16,[6 1],36,43,59,7,43
1,<environment.Job instance at 0x154d9d621500>,36,3,[2 8],50,54,57,4,50
1,<environment.Job instance at 0x154d9d621960>,33,3,[8 2],47,59,62,12,51
1,<environment.Job instance at 0x154d99d690f0>,37,17,[6 1],51,72,89,21,72
1,<environment.Job instance at 0x154da4281140>,51,1,[7 2],74,89,90,15,74
1,<environment.Job instance at 0x154d999037d0>,52,1,[5 2],75,90,91,15,75
1,<environment.Job instance at 0x154da7131230>,53,12,[1 6],76,76,88,0,76
1,<environment.Job instance at 0x154da7131960>,54,14,[2 8],77,88,102,11,77
1,<environment.Job instance at 0x154dc21f1550>,55,12,[7 2],78,91,103,13,78
1,<environment.Job instance at 0x154dc21f1640>,56,15,[ 1 10],79,103,118,24,89
1,<environment.Job instance at 0x154d999e30a0>,58,2,[5 2],81,118,120,37,91
1,<environment.Job instance at 0x154d9c919aa0>,68,3,[1 9],92,120,123,28,94
1,<environment.Job instance at 0x154d995905a0>,70,1,[2 6],95,118,119,23,111
1,<environment.Job instance at 0x154d99729fa0>,93,1,[7 1],135,518,519,383,518
1,<environment.Job instance at 0x154d9d4f3e10>,0,20,[1 7],2,2,22,0,2
1,<environment.Job instance at 0x154d9d4f3500>,1,1,[10  1],3,22,23,19,3
1,<environment.Job instance at 0x154d9d4f3e60>,8,1,[5 1],11,11,12,0,11
1,<environment.Job instance at 0x154d997aa5f0>,0,13,[9 2],1,20,33,19,20
1,<environment.Job instance at 0x154d990a6410>,14,1,[9 1],21,33,34,12,21
1,<environment.Job instance at 0x154d990a6230>,15,14,[2 6],22,34,48,12,22
1,<environment.Job instance at 0x154d990a6780>,16,1,[5 1],28,34,35,6,30
1,<environment.Job instance at 0x154d990a6320>,18,1,[6 2],32,35,36,3,32
1,<environment.Job instance at 0x154dc21354b0>,19,18,[2 6],34,48,66,14,37
1,<environment.Job instance at 0x154da7575320>,22,1,[2 6],38,66,67,28,39
1,<environment.Job instance at 0x154d9a3f25f0>,51,12,[10  2],77,136,148,59,136
1,<environment.Job instance at 0x154d99b12a00>,39,17,[6 1],59,148,165,89,137
1,<environment.Job instance at 0x154dc007f910>,62,2,[5 2],91,165,167,74,138
1,<environment.Job instance at 0x154dc007f7d0>,63,2,[1 9],93,148,150,55,138
1,<environment.Job instance at 0x154dc007f050>,64,2,[1 7],95,150,152,55,138
1,<environment.Job instance at 0x154dc007f8c0>,65,3,[9 1],96,167,170,71,141
1,<environment.Job instance at 0x154dc007ffa0>,66,12,[1 6],97,152,164,55,141
1,<environment.Job instance at 0x154dc007f230>,67,1,[7 1],99,170,171,71,142
1,<environment.Job instance at 0x154dc007f730>,68,3,[9 1],100,171,174,71,145
1,<environment.Job instance at 0x154dc007f500>,69,2,[ 2 10],101,174,176,73,147
1,<environment.Job instance at 0x154dc007f280>,70,1,[ 1 10],102,176,177,74,148
1,<environment.Job instance at 0x154dc007fd20>,71,3,[2 7],104,164,167,60,148
1,<environment.Job instance at 0x154dc007fcd0>,72,13,[6 2],105,177,190,72,161
1,<environment.Job instance at 0x154d99b6aa00>,97,17,[1 8],141,211,228,70,211
1,<environment.Job instance at 0x154d99b6a730>,98,2,[1 9],142,228,230,86,211
1,<environment.Job instance at 0x154d99b6a8c0>,99,13,[8 1],143,211,224,68,211
1,<environment.Job instance at 0x14ef00247b90>,0,17,[ 1 10],3,3,20,0,3
1,<environment.Job instance at 0x14ef00247aa0>,1,2,[2 5],4,20,22,16,4
1,<environment.Job instance at 0x14ef002dbe60>,2,18,[ 1 10],5,22,40,17,12
1,<environment.Job instance at 0x14eeaad280f0>,9,2,[ 2 10],12,40,42,28,13
1,<environment.Job instance at 0x14eeaacda640>,10,3,[7 2],14,42,45,28,25
1,<environment.Job instance at 0x14eeaacea910>,16,17,[1 7],22,42,59,20,30
1,<environment.Job instance at 0x14eeaad65dc0>,17,3,[6 1],23,45,48,22,30
1,<environment.Job instance at 0x14eeaad65640>,18,1,[5 2],25,48,49,23,30
1,<environment.Job instance at 0x14eeaad65910>,19,3,[8 1],26,49,52,23,30
1,<environment.Job instance at 0x14eeaa5f8910>,0,2,[7 2],1,17,19,16,17
1,<environment.Job instance at 0x14eeb7aeef00>,11,12,[10  2],19,20,32,1,20
1,<environment.Job instance at 0x14eeb7afcf00>,13,1,[5 2],21,32,33,11,21
1,<environment.Job instance at 0x14eebcb810f0>,14,1,[1 6],22,32,33,10,22
1,<environment.Job instance at 0x14eebca94460>,22,3,[6 2],31,33,36,2,32
1,<environment.Job instance at 0x14eeb7aaa410>,24,27,[5 2],33,224,251,191,224
1,<environment.Job instance at 0x14eeb7b2f730>,98,18,[6 2],143,301,319,158,301
1,<environment.Job instance at 0x14eeb7b2f690>,106,3,[8 2],154,319,322,165,316
1,<environment.Job instance at 0x14eebca95e60>,0,2,[ 1 10],1,1,3,0,1
1,<environment.Job instance at 0x14eeaa5ebf00>,1,2,[6 1],2,14,16,12,14
1,<environment.Job instance at 0x14eea9f6b190>,10,1,[1 7],15,15,16,0,15
1,<environment.Job instance at 0x14eea9f6b140>,11,2,[10  2],16,16,18,0,16
1,<environment.Job instance at 0x14eea9f6b730>,12,2,[6 2],17,18,20,1,17
1,<environment.Job instance at 0x14eea9f6b960>,13,2,[10  1],18,20,22,2,18
1,<environment.Job instance at 0x14eea9f6b5a0>,14,1,[7 2],19,22,23,3,19
1,<environment.Job instance at 0x14eead385320>,15,3,[6 2],20,23,26,3,20
1,<environment.Job instance at 0x14eebedfdc30>,16,3,[1 9],21,26,29,5,21
1,<environment.Job instance at 0x14eea9f5daa0>,22,3,[10  1],27,29,32,2,27
1,<environment.Job instance at 0x14eea9f84c80>,20,14,[6 1],25,32,46,7,29
1,<environment.Job instance at 0x14eea9e59eb0>,24,25,[2 6],31,32,57,1,31
1,<environment.Job instance at 0x14eea9e59af0>,25,2,[2 8],32,57,59,25,32
1,<environment.Job instance at 0x14eea9e59f00>,26,2,[1 5],33,59,61,26,33
1,<environment.Job instance at 0x14eea9e596e0>,27,3,[10  2],34,61,64,27,35
1,<environment.Job instance at 0x14eea9ebf460>,28,3,[2 5],36,64,67,28,38
1,<environment.Job instance at 0x14eea9ebff50>,29,3,[2 5],39,64,67,25,39
1,<environment.Job instance at 0x14eea9ebff00>,30,17,[1 7],42,67,84,25,55
1,<environment.Job instance at 0x14eea9ebfc80>,35,12,[1 8],52,84,96,32,67
1,<environment.Job instance at 0x14eea9ebf370>,36,3,[1 6],54,96,99,42,70
1,<environment.Job instance at 0x14eead371a00>,57,3,[10  2],85,120,123,35,120
1,<environment.Job instance at 0x14eeaa02aa50>,59,15,[10  1],88,123,138,35,120
1,<environment.Job instance at 0x14eeaa030820>,67,1,[1 7],100,138,139,38,120
1,<environment.Job instance at 0x14eeaa030190>,68,16,[1 5],101,139,155,38,126
1,<environment.Job instance at 0x14eeaa0306e0>,72,3,[1 7],106,155,158,49,129
1,<environment.Job instance at 0x14eeaa030960>,76,1,[7 2],111,147,148,36,147
1,<environment.Job instance at 0x14eeaa030fa0>,77,15,[7 2],112,164,179,52,164
1,<environment.Job instance at 0x14eeaa02c820>,88,2,[2 6],128,164,166,36,164
1,<environment.Job instance at 0x14eeaa02c6e0>,89,2,[6 1],129,179,181,50,164
1,<environment.Job instance at 0x14eeaa02cc80>,90,3,[2 8],131,166,169,35,164
1,<environment.Job instance at 0x14eeaa02c3c0>,91,2,[5 2],132,181,183,49,164
1,<environment.Job instance at 0x14eea9ea7320>,92,2,[2 7],133,169,171,36,164
1,<environment.Job instance at 0x14eea9ea7550>,93,3,[1 8],134,171,174,37,164
1,<environment.Job instance at 0x14eeb403ee60>,0,1,[8 1],2,109,110,107,109
1,<environment.Job instance at 0x14eeb79f7b40>,69,3,[8 1],110,110,113,0,110
1,<environment.Job instance at 0x14eeaacdae60>,70,3,[2 5],112,112,115,0,112
1,<environment.Job instance at 0x14eea9f1aeb0>,71,13,[1 9],114,116,129,2,116
1,<environment.Job instance at 0x14eeb4b1c960>,73,1,[1 9],117,129,130,12,117
1,<environment.Job instance at 0x14eeb79fd960>,74,3,[ 1 10],118,130,133,12,118
1,<environment.Job instance at 0x14eeb79fd780>,75,3,[ 1 10],120,133,136,13,120
1,<environment.Job instance at 0x14eebedfd4b0>,76,2,[8 2],121,136,138,15,121
1,<environment.Job instance at 0x14eeadd1e140>,77,1,[1 5],122,136,137,14,122
1,<environment.Job instance at 0x14eebcc57370>,78,2,[8 1],123,123,125,0,123
1,<environment.Job instance at 0x14eeaa5d8460>,79,1,[5 2],125,138,139,13,125
1,<environment.Job instance at 0x14eeade74960>,0,2,[2 9],2,2,4,0,2
1,<environment.Job instance at 0x14eeade74140>,1,16,[1 8],3,4,20,1,4
1,<environment.Job instance at 0x14eebcbfd4b0>,3,3,[9 1],5,6,9,1,6
1,<environment.Job instance at 0x14eead039820>,5,14,[1 9],8,20,34,12,8
1,<environment.Job instance at 0x14eead039c80>,6,15,[1 5],9,34,49,25,20
1,<environment.Job instance at 0x14eeae1378c0>,11,3,[8 1],17,29,32,12,29
1,<environment.Job instance at 0x14eeb7b4f690>,20,3,[1 8],30,49,52,19,30
1,<environment.Job instance at 0x14eead039500>,8,3,[10  1],13,52,55,39,33
1,<environment.Job instance at 0x14eeb7b4fb40>,21,17,[8 2],33,34,51,1,34
1,<environment.Job instance at 0x14eeb7b4f730>,23,1,[2 7],36,55,56,19,36
1,<environment.Job instance at 0x14eeb7b4f1e0>,24,2,[1 6],37,56,58,19,37
1,<environment.Job instance at 0x14eebcc2bc30>,25,3,[8 2],38,55,58,17,38
1,<environment.Job instance at 0x14eebcc2b640>,26,2,[7 1],40,58,60,18,40
1,<environment.Job instance at 0x14eead046b40>,37,3,[2 9],56,61,64,5,61
1,<environment.Job instance at 0x14eeae161640>,44,3,[1 9],68,68,71,0,68
1,<environment.Job instance at 0x14eeae161f50>,45,3,[9 1],69,72,75,3,72
1,<environment.Job instance at 0x14eeae16c690>,52,3,[10  2],80,80,83,0,80
1,<environment.Job instance at 0x14eeae16c820>,53,2,[8 1],81,83,85,2,81
1,<environment.Job instance at 0x14eebcc2b5f0>,27,18,[7 1],41,90,108,49,90
1,<environment.Job instance at 0x14eeae165c80>,61,18,[2 7],91,91,109,0,91
1,<environment.Job instance at 0x14eeae165640>,62,3,[1 5],92,109,112,17,92
1,<environment.Job instance at 0x14eeae165960>,63,3,[1 6],93,112,115,19,93
1,<environment.Job instance at 0x14eeae165d20>,64,2,[2 6],94,115,117,21,94
1,<environment.Job instance at 0x14eeae165870>,65,1,[9 1],95,109,110,14,95
1,<environment.Job instance at 0x14eeaac94e60>,66,1,[ 2 10],96,117,118,21,96
1,<environment.Job instance at 0x14eeaac94a00>,67,2,[1 8],98,118,120,20,98
1,<environment.Job instance at 0x14eeaad958c0>,96,12,[8 2],132,163,175,31,163
1,<environment.Job instance at 0x14eeaac94b90>,68,16,[5 1],99,175,191,76,163
1,<environment.Job instance at 0x14eea9eb9780>,103,3,[10  2],145,191,194,46,165
1,<environment.Job instance at 0x14eea9db7780>,104,1,[7 1],147,194,195,47,166
1,<environment.Job instance at 0x14eea9dbbe10>,105,14,[1 5],148,166,180,18,166
1,<environment.Job instance at 0x14eead10ceb0>,106,14,[9 2],149,195,209,46,187
1,<environment.Job instance at 0x14eea9eba0a0>,88,1,[1 5],122,222,223,100,222
1,<environment.Job instance at 0x14eebcb5efa0>,0,18,[1 9],1,1,19,0,1
1,<environment.Job instance at 0x14eeadcb2dc0>,1,15,[1 9],3,19,34,16,5
1,<environment.Job instance at 0x14eeab003d20>,3,3,[5 1],6,10,13,4,10
1,<environment.Job instance at 0x14eeb7afdf00>,6,1,[6 2],11,34,35,23,11
1,<environment.Job instance at 0x14eeb7afd640>,7,14,[9 2],14,35,49,21,20
1,<environment.Job instance at 0x14eeb7abd5f0>,13,1,[ 2 10],22,49,50,27,22
1,<environment.Job instance at 0x14eeb7abddc0>,14,1,[10  2],24,50,51,26,25
1,<environment.Job instance at 0x14eeb7abda50>,16,12,[10  1],26,81,93,55,81
1,<environment.Job instance at 0x14eead0945f0>,55,2,[2 8],82,93,95,11,82
1,<environment.Job instance at 0x14eeaa37ab90>,56,1,[5 2],85,93,94,8,85
1,<environment.Job instance at 0x14eeaa37a370>,57,18,[1 9],90,95,113,5,90
1,<environment.Job instance at 0x14eeaa37aa50>,58,2,[10  2],91,113,115,22,91
1,<environment.Job instance at 0x14eeaa37adc0>,59,1,[1 8],92,115,116,23,92
1,<environment.Job instance at 0x14eeaa37a0a0>,60,1,[9 1],94,95,96,1,94
1,<environment.Job instance at 0x14eeab006af0>,61,3,[2 7],95,116,119,21,95
1,<environment.Job instance at 0x14eeaad47eb0>,62,2,[ 2 10],96,119,121,23,96
1,<environment.Job instance at 0x14eeaa2fe3c0>,0,1,[1 7],1,5,6,4,5
1,<environment.Job instance at 0x14eebeb9f960>,4,18,[10  1],6,27,45,21,27
1,<environment.Job instance at 0x14eead256cd0>,20,2,[8 1],28,45,47,17,28
1,<environment.Job instance at 0x14eea9f5d550>,21,1,[2 6],29,45,46,16,29
1,<environment.Job instance at 0x14eead256d70>,22,1,[9 2],30,47,48,17,30
1,<environment.Job instance at 0x14eebe4f1b90>,23,2,[ 1 10],31,48,50,17,31
1,<environment.Job instance at 0x14eead1bc140>,24,3,[10  2],32,50,53,18,32
1,<environment.Job instance at 0x14eead256d20>,25,14,[7 2],35,53,67,18,38
1,<environment.Job instance at 0x14eeaac5f1e0>,28,3,[8 2],40,67,70,27,42
1,<environment.Job instance at 0x14eeade919b0>,31,12,[1 6],43,53,65,10,43
1,<environment.Job instance at 0x14eeade91190>,32,12,[7 2],44,70,82,26,53
1,<environment.Job instance at 0x14eebe537280>,36,3,[5 2],48,82,85,34,56
1,<environment.Job instance at 0x14eebe5379b0>,37,1,[8 2],50,85,86,35,57
1,<environment.Job instance at 0x14eeb404ff00>,38,3,[10  2],51,86,89,35,60
1,<environment.Job instance at 0x14eebe537fa0>,39,1,[5 2],52,82,83,30,60
1,<environment.Job instance at 0x14eeae1a5960>,91,17,[9 1],128,208,225,80,208
1,<environment.Job instance at 0x14eeaa2b10a0>,112,1,[8 1],156,225,226,69,208
1,<environment.Job instance at 0x14eeaa2b1e10>,113,1,[1 5],157,208,209,51,208
1,<environment.Job instance at 0x14eeaadafcd0>,114,1,[ 1 10],159,226,227,67,208
1,<environment.Job instance at 0x14eead101f50>,0,2,[6 1],2,51,53,49,51
1,<environment.Job instance at 0x14eead3d11e0>,31,16,[1 5],42,51,67,9,51
1,<environment.Job instance at 0x14eead3d1780>,32,2,[9 2],43,53,55,10,51
1,<environment.Job instance at 0x14eead3d1a00>,33,3,[1 5],44,55,58,11,51
1,<environment.Job instance at 0x14eead3d1be0>,34,2,[1 9],45,67,69,22,51
1,<environment.Job instance at 0x14eead3d1050>,35,2,[10  2],46,69,71,23,51
1,<environment.Job instance at 0x14eead3d17d0>,36,2,[ 1 10],47,71,73,24,51
1,<environment.Job instance at 0x14eead3b52d0>,37,1,[5 2],50,58,59,8,51
1,<environment.Job instance at 0x14eead3b5fa0>,38,17,[1 9],51,73,90,22,61
1,<environment.Job instance at 0x14eead3d9730>,39,1,[9 1],52,61,62,9,61
1,<environment.Job instance at 0x14eead3d9cd0>,40,2,[2 5],53,62,64,9,61
1,<environment.Job instance at 0x14eead3d9320>,41,1,[10  1],55,136,137,81,136
1,<environment.Job instance at 0x14eeadeaeeb0>,61,1,[1 6],88,137,138,49,136
1,<environment.Job instance at 0x14eeadeaed20>,62,2,[2 6],89,138,140,49,136
1,<environment.Job instance at 0x14eeaa3c15a0>,0,2,[2 7],1,1,3,0,1
1,<environment.Job instance at 0x14eeb7ac5e10>,34,2,[5 1],45,52,54,7,52
1,<environment.Job instance at 0x14eeb7ac5820>,37,3,[10  1],48,54,57,6,52
1,<environment.Job instance at 0x14eeb7ac5b40>,38,18,[2 7],49,57,75,8,52
1,<environment.Job instance at 0x14eeb7ac5e60>,39,3,[1 7],50,75,78,25,52
1,<environment.Job instance at 0x14eeb7ac5960>,40,3,[2 7],51,78,81,27,52
1,<environment.Job instance at 0x14eeaa5d2870>,41,1,[9 1],54,75,76,21,54
1,<environment.Job instance at 0x14eeacef7910>,44,2,[2 5],61,81,83,20,67
1,<environment.Job instance at 0x14eeacef7e10>,45,16,[8 1],63,76,92,13,67
1,<environment.Job instance at 0x14eeacef79b0>,49,17,[9 1],67,103,120,36,103
1,<environment.Job instance at 0x14eeaafda2d0>,66,18,[9 2],98,120,138,22,109
1,<environment.Job instance at 0x14eeb7abce10>,67,1,[2 5],99,138,139,39,110
1,<environment.Job instance at 0x14ef00189fa0>,0,3,[9 1],2,2,5,0,2
1,<environment.Job instance at 0x14eeb7a80c30>,1,3,[9 2],7,9,12,2,9
1,<environment.Job instance at 0x14eebcc30960>,4,18,[1 9],10,12,30,2,10
1,<environment.Job instance at 0x14eebcc300a0>,5,18,[ 2 10],11,30,48,19,19
1,<environment.Job instance at 0x14eebcc305f0>,9,12,[ 1 10],17,48,60,31,31
1,<environment.Job instance at 0x14eebcc38dc0>,10,12,[1 9],18,60,72,42,43
1,<environment.Job instance at 0x14eebcc384b0>,11,14,[2 6],19,72,86,53,57
1,<environment.Job instance at 0x14eebcc38d20>,12,2,[ 2 10],20,86,88,66,59
1,<environment.Job instance at 0x14eea980e550>,6,1,[5 2],12,76,77,64,76
1,<environment.Job instance at 0x14eeadc999b0>,39,14,[10  2],49,135,149,86,135
1,<environment.Job instance at 0x14eebcc30af0>,0,3,[2 9],1,1,4,0,1
1,<environment.Job instance at 0x14eebef694b0>,24,3,[1 9],37,71,74,34,71
1,<environment.Job instance at 0x14eebeb8b0a0>,25,2,[2 5],38,74,76,36,71
1,<environment.Job instance at 0x14eebeb8b320>,26,14,[8 2],39,2269,2283,2230,2269
1,<environment.Job instance at 0x14eeb7a63aa0>,0,13,[1 7],1,1,14,0,1
1,<environment.Job instance at 0x14eeb7a63eb0>,1,2,[2 9],2,14,16,12,2
1,<environment.Job instance at 0x14eeb7a63d20>,2,2,[1 9],3,16,18,13,3
1,<environment.Job instance at 0x14eea9fe53c0>,6,2,[10  2],7,18,20,11,7
1,<environment.Job instance at 0x14eeaa155a50>,81,3,[2 6],118,118,121,0,118
1,<environment.Job instance at 0x14eeb7a63910>,3,18,[8 1],4,126,144,122,126
1,<environment.Job instance at 0x14eeaa127af0>,89,3,[2 6],127,127,130,0,127
1,<environment.Job instance at 0x14eeaa1270a0>,90,1,[1 5],128,130,131,2,128
1,<environment.Job instance at 0x14eeaa4773c0>,91,2,[6 2],129,144,146,15,129
1,<environment.Job instance at 0x14eeaa477e10>,92,3,[10  1],130,146,149,16,130
1,<environment.Job instance at 0x14eeaa4778c0>,93,2,[7 2],132,149,151,17,132
1,<environment.Job instance at 0x14eeaa477be0>,94,1,[9 2],134,151,152,17,134
1,<environment.Job instance at 0x14eeaa477af0>,95,1,[10  2],135,152,153,17,135
1,<environment.Job instance at 0x14eeaa477cd0>,96,3,[2 5],137,137,140,0,137
1,<environment.Job instance at 0x14eeaa477c80>,97,17,[9 2],139,153,170,14,142
1,<environment.Job instance at 0x14eeaa477280>,99,2,[9 1],143,170,172,27,146
1,<environment.Job instance at 0x14eeaa5873c0>,100,2,[8 2],147,172,174,25,147
1,<environment.Job instance at 0x14eeaa587be0>,101,3,[5 1],148,174,177,26,155
1,<environment.Job instance at 0x14eeaa5877d0>,107,1,[ 1 10],157,177,178,20,157
1,<environment.Job instance at 0x14eeaa477460>,98,1,[8 2],140,646,647,506,646
1,<environment.Job instance at 0x14eea9ca0eb0>,21,2,[7 2],35,37,39,2,37
1,<environment.Job instance at 0x14eea9b76fa0>,24,3,[ 1 10],39,39,42,0,39
1,<environment.Job instance at 0x14eea9b76f50>,25,3,[9 1],40,42,45,2,41
1,<environment.Job instance at 0x14eea9b76370>,27,15,[2 5],42,45,60,3,42
1,<environment.Job instance at 0x14eeadd3b870>,28,1,[2 7],43,60,61,17,43
1,<environment.Job instance at 0x14eeadd3b780>,29,3,[2 5],44,45,48,1,44
1,<environment.Job instance at 0x14eeadd3b0f0>,30,15,[1 5],45,61,76,16,47
1,<environment.Job instance at 0x14eeadd3bfa0>,33,2,[1 5],49,51,53,2,51
1,<environment.Job instance at 0x14eeadd3b050>,36,14,[2 5],52,61,75,9,52
1,<environment.Job instance at 0x14eeadd3b2d0>,37,1,[ 1 10],54,76,77,22,54
1,<environment.Job instance at 0x14eea9d60d20>,38,3,[2 7],56,77,80,21,56
1,<environment.Job instance at 0x14eea9d605a0>,39,2,[9 1],57,80,82,23,59
1,<environment.Job instance at 0x14eea9d60730>,41,3,[5 1],61,77,80,16,61
1,<environment.Job instance at 0x14eea9d60140>,42,3,[1 5],62,80,83,18,62
1,<environment.Job instance at 0x14eea9d601e0>,43,15,[2 9],64,83,98,19,69
1,<environment.Job instance at 0x14eea9d60460>,40,2,[7 1],58,146,148,88,146
1,<environment.Job instance at 0x14eea9799280>,89,3,[5 1],149,207,210,58,207
1,<environment.Job instance at 0x14eea9c1d690>,0,1,[1 8],1,1,2,0,1
1,<environment.Job instance at 0x14eea97a1550>,1,1,[2 5],2,3,4,1,3
1,<environment.Job instance at 0x14eeaa8418c0>,5,2,[9 2],8,8,10,0,8
1,<environment.Job instance at 0x14eea9a763c0>,13,3,[8 2],19,22,25,3,22
1,<environment.Job instance at 0x14eea9c1d8c0>,3,14,[6 2],4,36,50,32,36
1,<environment.Job instance at 0x14eeaa08c1e0>,25,2,[7 1],37,50,52,13,37
1,<environment.Job instance at 0x14eeaa08c460>,26,1,[1 8],38,38,39,0,38
1,<environment.Job instance at 0x14eebee6e140>,27,1,[7 1],39,52,53,13,39
1,<environment.Job instance at 0x14eeadd86a50>,28,1,[1 9],40,50,51,10,40
1,<environment.Job instance at 0x14eeadd22140>,29,1,[6 2],41,53,54,12,41
1,<environment.Job instance at 0x14eeaa2c3e60>,30,2,[ 2 10],42,54,56,12,42
1,<environment.Job instance at 0x14eebedccd70>,31,1,[5 2],43,56,57,13,43
1,<environment.Job instance at 0x14eeb409deb0>,51,2,[7 1],74,299,301,225,299
1,<environment.Job instance at 0x14eeb6794cd0>,90,3,[9 2],134,301,304,167,299
1,<environment.Job instance at 0x14eeb6794730>,91,16,[1 5],135,299,315,164,299
1,<environment.Job instance at 0x14eeb67944b0>,92,1,[1 5],136,304,305,168,299
1,<environment.Job instance at 0x14eeb6794550>,93,3,[ 2 10],137,315,318,178,299
1,<environment.Job instance at 0x14eeb6794640>,94,3,[2 9],138,318,321,180,299
1,<environment.Job instance at 0x14eeae190190>,0,2,[2 5],2,6,8,4,6
1,<environment.Job instance at 0x14eebcae4780>,4,1,[8 2],7,13,14,6,13
1,<environment.Job instance at 0x14eebca80140>,10,2,[6 1],14,14,16,0,14
1,<environment.Job instance at 0x14eeadc84640>,11,3,[ 1 10],15,16,19,1,15
1,<environment.Job instance at 0x14eea99f60f0>,12,1,[1 6],16,19,20,3,16
1,<environment.Job instance at 0x14eeadc8b870>,15,2,[10  2],20,22,24,2,22
1,<environment.Job instance at 0x14eea9873500>,13,3,[8 2],18,24,27,6,22
1,<environment.Job instance at 0x14eeaaccc780>,31,3,[2 5],39,40,43,1,40
1,<environment.Job instance at 0x14eeadc8b2d0>,18,15,[9 1],23,43,58,20,42
1,<environment.Job instance at 0x14eead2c9910>,34,17,[7 1],43,58,75,15,47
1,<environment.Job instance at 0x14eead0e5cd0>,37,2,[9 1],48,75,77,27,48
1,<environment.Job instance at 0x14eead0e5fa0>,38,3,[1 8],49,49,52,0,49
1,<environment.Job instance at 0x14eeb7be7640>,0,3,[6 1],1,7,10,6,7
1,<environment.Job instance at 0x14eebee1aaf0>,4,2,[1 6],9,9,11,0,9
1,<environment.Job instance at 0x14eebee1a230>,5,1,[2 8],11,11,12,0,11
1,<environment.Job instance at 0x14eead385c80>,0,2,[7 1],1,16,18,15,16
1,<environment.Job instance at 0x14eeaa074e60>,10,2,[6 2],17,26,28,9,26
1,<environment.Job instance at 0x14eead198f00>,17,2,[10  1],27,28,30,1,27
1,<environment.Job instance at 0x14eead1987d0>,18,1,[ 1 10],28,37,38,9,37
1,<environment.Job instance at 0x14eeaa05dd20>,25,2,[9 1],38,39,41,1,39
1,<environment.Job instance at 0x14eeaa05df00>,27,3,[2 8],40,41,44,1,40
1,<environment.Job instance at 0x14eeaa2dd280>,13,2,[7 2],20,41,43,21,41
1,<environment.Job instance at 0x14eeb7a32dc0>,28,17,[6 1],41,43,60,2,41
1,<environment.Job instance at 0x14eeb7a32640>,29,3,[1 6],42,44,47,2,42
1,<environment.Job instance at 0x14eea995b230>,30,1,[1 6],45,47,48,2,45
1,<environment.Job instance at 0x14eea995b550>,31,1,[ 2 10],47,60,61,13,47
1,<environment.Job instance at 0x14eea9d49be0>,40,3,[9 2],60,65,68,5,65
1,<environment.Job instance at 0x14eea9865b40>,42,1,[7 2],64,68,69,4,65
1,<environment.Job instance at 0x14eea9e21f00>,43,1,[5 2],65,69,70,4,65
1,<environment.Job instance at 0x14eeaa345410>,44,12,[1 6],66,66,78,0,66
1,<environment.Job instance at 0x14eeaa345780>,45,14,[2 8],67,78,92,11,67
1,<environment.Job instance at 0x14eeac4b5410>,51,15,[8 1],73,88,103,15,88
1,<environment.Job instance at 0x14eeaa230c30>,46,12,[7 2],68,103,115,35,88
1,<environment.Job instance at 0x14eeac4c0f00>,63,3,[8 1],91,115,118,24,91
1,<environment.Job instance at 0x14eea9cb4370>,64,2,[ 1 10],95,118,120,23,95
1,<environment.Job instance at 0x14eea9d987d0>,65,14,[1 9],96,120,134,24,105
1,<environment.Job instance at 0x14eebf269870>,9,14,[8 1],17,17,31,0,17
1,<environment.Job instance at 0x14eead147550>,0,1,[6 2],2,4,5,2,4
1,<environment.Job instance at 0x14eeaa47dcd0>,2,1,[1 5],5,5,6,0,5
1,<environment.Job instance at 0x14eeaa47d410>,3,13,[8 2],7,95,108,88,95
1,<environment.Job instance at 0x14eebcc53370>,55,3,[1 8],76,95,98,19,95
1,<environment.Job instance at 0x14eebe5308c0>,56,2,[9 2],77,108,110,31,95
1,<environment.Job instance at 0x14eebe530550>,57,3,[2 8],78,98,101,20,95
1,<environment.Job instance at 0x14eebe530eb0>,58,16,[5 2],79,110,126,31,97
1,<environment.Job instance at 0x14eebe530190>,59,3,[5 2],80,110,113,30,97
1,<environment.Job instance at 0x14eebe530140>,60,1,[6 2],81,126,127,45,98
1,<environment.Job instance at 0x14eeb7ba4a00>,64,2,[9 1],86,127,129,41,125
1,<environment.Job instance at 0x14eebcc38a50>,65,3,[ 1 10],87,129,132,42,125
1,<environment.Job instance at 0x14eeb79c7230>,66,2,[8 1],88,132,134,44,125
1,<environment.Job instance at 0x14eebeb81320>,67,2,[1 9],89,127,129,38,125
1,<environment.Job instance at 0x14eebeb813c0>,68,3,[1 8],90,132,135,42,125
1,<environment.Job instance at 0x14eebcaa4e10>,69,21,[1 8],92,135,156,43,127
1,<environment.Job instance at 0x14eebca9b1e0>,70,3,[1 7],95,156,159,61,130
1,<environment.Job instance at 0x14eea9afeaa0>,71,1,[1 5],96,159,160,63,131
1,<environment.Job instance at 0x14eeaa5b86e0>,72,2,[1 7],98,160,162,62,134
1,<environment.Job instance at 0x14eead076320>,76,3,[7 1],107,151,154,44,151
1,<environment.Job instance at 0x14eeadda10a0>,82,2,[10  2],115,162,164,47,151
1,<environment.Job instance at 0x14eeadda1640>,83,18,[9 1],116,164,182,48,160
1,<environment.Job instance at 0x14eeadd84d20>,87,12,[10  2],123,182,194,59,165
1,<environment.Job instance at 0x14eeadd84370>,88,1,[10  1],124,194,195,70,166
1,<environment.Job instance at 0x14eeadd84d70>,89,1,[1 5],125,166,167,41,166
1,<environment.Job instance at 0x14eeadd846e0>,90,18,[ 2 10],126,195,213,69,184
1,<environment.Job instance at 0x14eead22c690>,92,1,[5 2],129,213,214,84,185
1,<environment.Job instance at 0x14eead22cbe0>,94,2,[1 6],132,213,215,81,186
1,<environment.Job instance at 0x14eead22c460>,95,3,[ 2 10],134,215,218,81,189
1,<environment.Job instance at 0x14eead116960>,103,16,[6 2],142,267,283,125,267
1,<environment.Job instance at 0x14eeaddc1f50>,0,3,[ 1 10],1,1,4,0,1
1,<environment.Job instance at 0x14eead116f50>,1,2,[8 1],2,4,6,2,3
1,<environment.Job instance at 0x14eeaddc1370>,3,14,[2 9],4,4,18,0,4
1,<environment.Job instance at 0x14eeaddc1be0>,4,2,[2 7],5,18,20,13,5
1,<environment.Job instance at 0x14eeaddc1730>,5,3,[ 2 10],7,20,23,13,7
1,<environment.Job instance at 0x14eeaddc17d0>,6,1,[10  2],9,23,24,14,9
1,<environment.Job instance at 0x14eeaddc1690>,7,3,[ 2 10],11,24,27,13,11
1,<environment.Job instance at 0x14eeaddc18c0>,8,3,[10  1],12,27,30,15,12
1,<environment.Job instance at 0x14eeaddc1910>,9,1,[10  1],14,30,31,16,14
1,<environment.Job instance at 0x14eeaddc1230>,10,2,[1 9],15,31,33,16,15
1,<environment.Job instance at 0x14eea9944690>,39,3,[1 9],56,56,59,0,56
1,<environment.Job instance at 0x14eea9944eb0>,40,16,[10  1],57,59,75,2,57
1,<environment.Job instance at 0x14eeaddc1af0>,11,18,[5 1],16,75,93,59,64
1,<environment.Job instance at 0x14eea99a0960>,47,3,[10  1],65,93,96,28,67
1,<environment.Job instance at 0x14eea99a0550>,49,14,[1 9],67,75,89,8,67
1,<environment.Job instance at 0x14eeaddc3780>,50,1,[10  1],68,96,97,28,68
1,<environment.Job instance at 0x14eeaddc37d0>,51,1,[7 2],69,97,98,28,69
1,<environment.Job instance at 0x14eeaddc3c30>,52,3,[6 2],70,98,101,28,72
1,<environment.Job instance at 0x14eeaddc3690>,53,2,[9 2],71,101,103,30,74
1,<environment.Job instance at 0x14eeaddc35f0>,54,1,[1 6],72,89,90,17,74
1,<environment.Job instance at 0x14eeaddc3500>,55,2,[2 5],73,90,92,17,74
1,<environment.Job instance at 0x14eeaddc3410>,56,15,[ 1 10],74,103,118,29,89
1,<environment.Job instance at 0x153a6bb14b40>,0,17,[ 1 10],3,3,20,0,3
1,<environment.Job instance at 0x153a6bb726e0>,1,2,[2 5],4,20,22,16,4
1,<environment.Job instance at 0x153a6bb14aa0>,2,18,[ 1 10],5,22,40,17,11
1,<environment.Job instance at 0x153a168cc5f0>,9,2,[ 2 10],12,40,42,28,24
1,<environment.Job instance at 0x153a16594140>,16,17,[1 7],22,42,59,20,30
1,<environment.Job instance at 0x153a165947d0>,17,3,[6 1],23,42,45,19,30
1,<environment.Job instance at 0x153a165cff50>,18,1,[5 2],25,45,46,20,30
1,<environment.Job instance at 0x153a1663de60>,19,3,[8 1],26,46,49,20,30
1,<environment.Job instance at 0x153a165e85f0>,4,2,[6 1],7,188,190,181,188
1,<environment.Job instance at 0x153a15ed4d70>,0,13,[9 1],2,18,31,16,18
1,<environment.Job instance at 0x153a233ab870>,12,2,[5 1],19,31,33,12,19
1,<environment.Job instance at 0x153a233abd70>,13,12,[1 9],20,20,32,0,20
1,<environment.Job instance at 0x153a233db730>,14,3,[6 2],21,33,36,12,21
1,<environment.Job instance at 0x153a236f1a50>,15,1,[ 1 10],22,36,37,14,22
1,<environment.Job instance at 0x153a2340deb0>,29,3,[9 2],49,52,55,3,52
1,<environment.Job instance at 0x153a158d6c30>,0,3,[1 9],1,1,4,0,1
1,<environment.Job instance at 0x153a3811e500>,36,22,[1 7],54,72,94,18,72
1,<environment.Job instance at 0x153a3811e7d0>,38,18,[7 2],61,72,90,11,72
1,<environment.Job instance at 0x153a3811e9b0>,39,2,[7 1],62,90,92,28,72
1,<environment.Job instance at 0x153a3811e870>,40,1,[1 8],64,94,95,30,72
1,<environment.Job instance at 0x153a3811eaf0>,41,3,[10  2],65,95,98,30,72
1,<environment.Job instance at 0x153a3811e370>,42,3,[1 5],66,98,101,32,72
1,<environment.Job instance at 0x153a3811eaa0>,43,15,[10  1],68,184,199,116,184
1,<environment.Job instance at 0x153a15bfbc80>,109,18,[2 7],159,199,217,40,188
1,<environment.Job instance at 0x153a168f4af0>,110,12,[8 2],160,199,211,39,188
1,<environment.Job instance at 0x153a168f4c30>,111,1,[2 9],162,217,218,55,189
1,<environment.Job instance at 0x153a168f49b0>,112,2,[ 2 10],165,218,220,53,191
1,<environment.Job instance at 0x153a168f4730>,113,2,[7 1],166,211,213,45,191
1,<environment.Job instance at 0x153a168f4140>,114,3,[1 5],167,220,223,53,194
1,<environment.Job instance at 0x153a168f4780>,115,2,[5 2],168,213,215,45,194
1,<environment.Job instance at 0x153a15de9410>,116,1,[10  2],169,223,224,54,195
1,<environment.Job instance at 0x153a233316e0>,0,16,[10  2],1,7,23,6,7
1,<environment.Job instance at 0x153a1882dc30>,4,14,[9 2],8,23,37,15,8
1,<environment.Job instance at 0x153a23439500>,5,1,[1 5],9,23,24,14,9
1,<environment.Job instance at 0x153a1882d050>,6,12,[10  1],11,37,49,26,20
1,<environment.Job instance at 0x153a234395a0>,11,14,[10  1],21,49,63,28,34
1,<environment.Job instance at 0x153a23439140>,12,17,[1 6],23,63,80,40,51
1,<environment.Job instance at 0x153a234c0e60>,13,1,[2 9],24,80,81,56,52
1,<environment.Job instance at 0x153a234c04b0>,14,2,[8 1],26,63,65,37,52
1,<environment.Job instance at 0x153a234c0960>,15,2,[9 2],28,65,67,37,52
1,<environment.Job instance at 0x153a234c08c0>,16,2,[6 1],29,67,69,38,52
1,<environment.Job instance at 0x153a15913190>,17,3,[ 1 10],30,81,84,51,55
1,<environment.Job instance at 0x153a15913fa0>,18,1,[7 1],31,69,70,38,55
1,<environment.Job instance at 0x153a189ba4b0>,19,2,[1 6],32,84,86,52,57
1,<environment.Job instance at 0x153a189ba870>,20,2,[1 6],33,86,88,53,59
1,<environment.Job instance at 0x153a189ba500>,21,3,[6 2],34,70,73,36,59
1,<environment.Job instance at 0x153a15b66780>,22,1,[10  1],36,88,89,52,60
1,<environment.Job instance at 0x153a15b66960>,23,3,[6 2],37,73,76,36,60
1,<environment.Job instance at 0x153a15b7ba50>,24,1,[2 8],38,89,90,51,61
1,<environment.Job instance at 0x153a18802640>,25,1,[6 1],40,76,77,36,61
1,<environment.Job instance at 0x153a189ba1e0>,26,1,[10  2],41,90,91,49,62
1,<environment.Job instance at 0x153a15b41af0>,27,3,[7 1],43,77,80,34,62
1,<environment.Job instance at 0x153a15ee0d70>,28,3,[2 7],45,91,94,46,65
1,<environment.Job instance at 0x153a1568e730>,29,1,[8 1],46,80,81,34,65
1,<environment.Job instance at 0x153a23439eb0>,8,2,[10  1],16,94,96,78,75
1,<environment.Job instance at 0x153a2010c780>,30,13,[10  1],50,96,109,46,80
1,<environment.Job instance at 0x153a1975d690>,39,14,[9 2],64,173,187,109,173
1,<environment.Job instance at 0x153a23f5d0a0>,102,3,[1 8],160,173,176,13,173
1,<environment.Job instance at 0x153a189acd70>,0,18,[7 1],1,152,170,151,152
1,<environment.Job instance at 0x153a156620f0>,83,1,[6 1],118,170,171,52,152
1,<environment.Job instance at 0x153a15662410>,84,2,[7 1],119,171,173,52,152
1,<environment.Job instance at 0x153a15662190>,85,1,[1 8],120,152,153,32,152
1,<environment.Job instance at 0x153a15662aa0>,86,18,[1 9],121,153,171,32,152
1,<environment.Job instance at 0x153a15662be0>,87,15,[1 9],123,171,186,48,157
1,<environment.Job instance at 0x153a156629b0>,88,2,[ 1 10],125,186,188,61,159
1,<environment.Job instance at 0x153a23381dc0>,89,3,[5 1],126,173,176,47,159
1,<environment.Job instance at 0x153a23381b90>,90,2,[5 2],127,188,190,61,161
1,<environment.Job instance at 0x153a200b8eb0>,103,12,[5 1],147,321,333,174,321
1,<environment.Job instance at 0x153a168f4a50>,0,2,[2 5],2,2,4,0,2
1,<environment.Job instance at 0x153a19780140>,1,14,[5 2],5,19,33,14,19
1,<environment.Job instance at 0x153a234ccdc0>,11,17,[8 1],22,41,58,19,41
1,<environment.Job instance at 0x153a16565eb0>,23,1,[1 8],42,42,43,0,42
1,<environment.Job instance at 0x153a233dbf00>,24,1,[9 1],44,58,59,14,44
1,<environment.Job instance at 0x153a233db3c0>,25,3,[2 7],45,45,48,0,45
1,<environment.Job instance at 0x153a234a7fa0>,26,2,[ 2 10],46,59,61,13,46
1,<environment.Job instance at 0x153a158abd70>,0,3,[6 2],2,27,30,25,27
1,<environment.Job instance at 0x153a18b83d20>,15,12,[2 8],28,28,40,0,28
1,<environment.Job instance at 0x153a18b83c30>,16,2,[10  2],29,40,42,11,30
1,<environment.Job instance at 0x153a15e741e0>,36,3,[5 1],54,55,58,1,55
1,<environment.Job instance at 0x153a15c90fa0>,49,2,[2 5],77,110,112,33,110
1,<environment.Job instance at 0x153a23fdd5f0>,60,12,[8 1],92,110,122,18,110
1,<environment.Job instance at 0x153a23fddf00>,61,3,[6 2],93,122,125,29,110
1,<environment.Job instance at 0x153a23fddb40>,62,3,[7 1],94,125,128,31,110
1,<environment.Job instance at 0x153a3a2f7af0>,68,1,[8 1],103,190,191,87,190
1,<environment.Job instance at 0x153a15b73c30>,81,2,[2 7],121,190,192,69,190
1,<environment.Job instance at 0x153a39a2dbe0>,87,2,[9 2],128,192,194,64,190
1,<environment.Job instance at 0x153a18b860f0>,88,3,[7 1],129,214,217,85,214
1,<environment.Job instance at 0x153a18b86870>,102,2,[10  2],146,218,220,72,218
1,<environment.Job instance at 0x153a1661d1e0>,0,2,[2 7],2,2,4,0,2
1,<environment.Job instance at 0x153a156b4a00>,38,2,[2 8],55,95,97,40,95
1,<environment.Job instance at 0x153a156b4aa0>,39,1,[6 1],56,113,114,57,113
1,<environment.Job instance at 0x153a1567c550>,44,13,[1 9],62,113,126,51,113
1,<environment.Job instance at 0x153a18aff2d0>,45,15,[2 9],63,126,141,63,113
1,<environment.Job instance at 0x153a1567ce10>,46,2,[2 6],64,141,143,77,114
1,<environment.Job instance at 0x153a15686280>,107,3,[1 7],140,222,225,82,222
1,<environment.Job instance at 0x153a15686320>,108,3,[2 7],141,225,228,84,222
1,<environment.Job instance at 0x153a1569cc30>,109,1,[9 1],144,238,239,94,238
1,<environment.Job instance at 0x153a201c4a00>,0,2,[10  1],2,16,18,14,16
1,<environment.Job instance at 0x153a17d8b2d0>,20,3,[8 2],37,41,44,4,41
1,<environment.Job instance at 0x153a18c7cbe0>,27,16,[9 2],46,46,62,0,46
1,<environment.Job instance at 0x153a158c3050>,8,18,[9 2],18,62,80,44,51
1,<environment.Job instance at 0x153a1667f230>,32,1,[2 7],53,80,81,27,53
1,<environment.Job instance at 0x153a18875320>,33,2,[8 1],54,80,82,26,54
1,<environment.Job instance at 0x153a23fe0c30>,34,3,[9 2],55,82,85,27,56
1,<environment.Job instance at 0x153a156b4c80>,36,17,[5 2],58,85,102,27,73
1,<environment.Job instance at 0x153a18986370>,42,3,[ 1 10],65,102,105,37,76
1,<environment.Job instance at 0x153a18cb8370>,43,2,[5 2],68,85,87,17,76
1,<environment.Job instance at 0x153a3a2fb640>,65,2,[ 2 10],100,105,107,5,100
1,<environment.Job instance at 0x153a16127a00>,0,17,[9 1],5,17,34,12,17
1,<environment.Job instance at 0x153a19743aa0>,12,1,[1 5],18,18,19,0,18
1,<environment.Job instance at 0x153a19743460>,13,12,[1 6],19,19,31,0,19
1,<environment.Job instance at 0x153a15e18500>,14,1,[2 5],22,34,35,12,22
1,<environment.Job instance at 0x153a15e45a00>,15,16,[1 6],23,35,51,12,23
1,<environment.Job instance at 0x153a189ca910>,19,3,[8 1],28,34,37,6,28
1,<environment.Job instance at 0x153a23332500>,16,25,[5 2],24,37,62,13,33
1,<environment.Job instance at 0x153a2371e4b0>,23,2,[6 1],33,62,64,29,35
1,<environment.Job instance at 0x153a2007d960>,24,1,[1 5],35,51,52,16,35
1,<environment.Job instance at 0x153a15683e60>,25,3,[2 5],36,52,55,16,36
1,<environment.Job instance at 0x153a23ff83c0>,26,1,[2 6],37,55,56,18,37
1,<environment.Job instance at 0x153a23ff8870>,27,15,[1 7],38,56,71,18,42
1,<environment.Job instance at 0x153a23ff8910>,28,2,[1 9],39,71,73,32,44
1,<environment.Job instance at 0x153a23ff8c30>,29,1,[1 6],40,73,74,33,45
1,<environment.Job instance at 0x153a157a8e10>,30,3,[6 1],43,64,67,21,45
1,<environment.Job instance at 0x153a157a8b40>,31,2,[9 2],44,67,69,23,45
1,<environment.Job instance at 0x153a19543a50>,32,2,[2 7],45,74,76,29,47
1,<environment.Job instance at 0x153a19543230>,33,1,[2 5],46,76,77,30,48
1,<environment.Job instance at 0x153a232b5b40>,34,14,[1 9],49,77,91,28,62
1,<environment.Job instance at 0x153a232b5640>,35,2,[ 1 10],50,91,93,41,64
1,<environment.Job instance at 0x153a232b5910>,37,12,[8 1],53,69,81,16,64
1,<environment.Job instance at 0x153a159ae140>,42,13,[9 2],65,110,123,45,110
1,<environment.Job instance at 0x153a201aaa00>,56,2,[10  2],86,123,125,37,110
1,<environment.Job instance at 0x153a38111550>,57,3,[5 1],87,125,128,38,110
1,<environment.Job instance at 0x153a15a30c30>,58,14,[2 7],88,125,139,37,110
1,<environment.Job instance at 0x153a15a30960>,59,1,[8 1],90,128,129,38,110
1,<environment.Job instance at 0x153a2341ce60>,60,12,[6 1],91,129,141,38,112
1,<environment.Job instance at 0x153a2341c960>,61,13,[2 6],92,139,152,47,123
1,<environment.Job instance at 0x153a2341c230>,62,2,[2 8],94,152,154,58,125
1,<environment.Job instance at 0x153a383b1d70>,65,16,[8 2],100,141,157,41,128
1,<environment.Job instance at 0x153a3a414cd0>,75,1,[10  2],111,157,158,46,129
1,<environment.Job instance at 0x153a16585870>,76,2,[5 1],113,158,160,45,131
1,<environment.Job instance at 0x153a3a414b90>,77,2,[2 7],114,154,156,40,131
1,<environment.Job instance at 0x153a16585d70>,78,23,[1 8],116,158,181,42,152
1,<environment.Job instance at 0x153a16585640>,79,2,[1 9],119,181,183,62,154
1,<environment.Job instance at 0x153a15ab7550>,87,12,[9 2],131,167,179,36,167
1,<environment.Job instance at 0x153a16585f00>,80,17,[9 2],121,183,200,62,171
1,<environment.Job instance at 0x153a15ab7eb0>,92,1,[6 1],139,179,180,40,171
1,<environment.Job instance at 0x153a15ab7910>,93,3,[2 8],140,200,203,60,174
1,<environment.Job instance at 0x153a188db320>,94,19,[1 5],143,203,222,60,193
1,<environment.Job instance at 0x153a38082fa0>,101,2,[1 6],154,193,195,39,193
1,<environment.Job instance at 0x153a18b0cd70>,102,12,[2 5],156,203,215,47,193
1,<environment.Job instance at 0x153a152769b0>,0,3,[5 2],1,1,4,0,1
1,<environment.Job instance at 0x153a15276eb0>,1,2,[8 2],2,5,7,3,5
1,<environment.Job instance at 0x153a15276960>,3,14,[6 1],6,18,32,12,18
1,<environment.Job instance at 0x153a15280500>,11,2,[1 9],19,19,21,0,19
1,<environment.Job instance at 0x153a15280550>,12,3,[7 2],22,32,35,10,22
1,<environment.Job instance at 0x153a15280e10>,13,2,[6 2],23,35,37,12,23
1,<environment.Job instance at 0x153a15280050>,14,1,[10  1],25,37,38,12,25
1,<environment.Job instance at 0x153a15280d70>,15,3,[6 2],27,38,41,11,27
1,<environment.Job instance at 0x153a15280870>,16,2,[1 9],29,29,31,0,29
1,<environment.Job instance at 0x153a15280780>,17,3,[1 9],31,41,44,10,31
1,<environment.Job instance at 0x153a1551d960>,18,2,[5 1],33,41,43,8,33
1,<environment.Job instance at 0x153a1551d190>,19,15,[ 1 10],34,44,59,10,34
1,<environment.Job instance at 0x153a1551d6e0>,20,13,[10  2],35,59,72,24,43
1,<environment.Job instance at 0x153a1551d500>,28,1,[9 1],44,72,73,28,45
1,<environment.Job instance at 0x153a1551d280>,30,17,[1 6],47,72,89,25,60
1,<environment.Job instance at 0x153a1532c0a0>,39,3,[ 1 10],59,89,92,30,63
1,<environment.Job instance at 0x153a1532cd20>,40,13,[1 7],61,92,105,31,76
1,<environment.Job instance at 0x153a1532cb90>,41,2,[2 9],62,105,107,43,78
1,<environment.Job instance at 0x153a1532caf0>,42,2,[1 9],63,107,109,44,80
1,<environment.Job instance at 0x153a1551daf0>,22,2,[7 2],37,92,94,55,92
1,<environment.Job instance at 0x153a1532caa0>,43,18,[8 1],64,102,120,38,102
1,<environment.Job instance at 0x153a1532f640>,64,2,[2 7],94,109,111,15,102
1,<environment.Job instance at 0x153a1532feb0>,65,2,[2 9],95,111,113,16,102
1,<environment.Job instance at 0x153a1532fb90>,66,1,[2 7],96,113,114,17,102
1,<environment.Job instance at 0x153a1532f370>,67,2,[8 1],97,120,122,23,102
1,<environment.Job instance at 0x153a1532f5f0>,68,13,[10  1],100,122,135,22,106
1,<environment.Job instance at 0x153a1532f140>,69,16,[9 1],101,172,188,71,172
1,<environment.Job instance at 0x153a1510d3c0>,0,19,[2 8],1,2,21,1,2
1,<environment.Job instance at 0x153a1551df00>,2,1,[1 5],4,21,22,17,4
1,<environment.Job instance at 0x153a152dac30>,3,16,[2 5],5,21,37,16,8
1,<environment.Job instance at 0x153a152da6e0>,6,16,[2 6],10,37,53,27,24
1,<environment.Job instance at 0x153a152e65f0>,10,1,[2 5],14,24,25,10,24
1,<environment.Job instance at 0x153a152e6be0>,11,2,[1 9],15,53,55,38,26
1,<environment.Job instance at 0x153a152e60a0>,12,15,[8 2],16,26,41,10,26
1,<environment.Job instance at 0x153a1531a690>,13,3,[2 6],17,55,58,38,29
1,<environment.Job instance at 0x153a1531adc0>,14,1,[1 5],18,58,59,40,30
1,<environment.Job instance at 0x153a152e6910>,15,2,[6 2],19,41,43,22,30
1,<environment.Job instance at 0x153a1524f0f0>,16,3,[10  1],20,59,62,39,33
1,<environment.Job instance at 0x153a1524f9b0>,17,2,[7 2],22,43,45,21,33
1,<environment.Job instance at 0x153a1524f960>,18,1,[9 2],24,58,59,34,33
1,<environment.Job instance at 0x153a1524fbe0>,19,1,[10  2],25,62,63,37,34
1,<environment.Job instance at 0x153a1524f5a0>,20,3,[2 5],27,63,66,36,37
1,<environment.Job instance at 0x153a1524f280>,21,17,[9 2],29,66,83,37,57
1,<environment.Job instance at 0x153a18a951e0>,39,3,[5 1],59,63,66,4,59
1,<environment.Job instance at 0x153a1661ffa0>,40,1,[ 1 10],60,83,84,23,60
1,<environment.Job instance at 0x153a1661f280>,41,3,[1 7],61,66,69,5,61
1,<environment.Job instance at 0x153a1661f320>,42,3,[5 2],63,84,87,21,63
1,<environment.Job instance at 0x153a1661f050>,43,1,[8 2],64,87,88,23,64
1,<environment.Job instance at 0x153a1661fc30>,44,3,[1 7],66,69,72,3,66
1,<environment.Job instance at 0x153a1665c820>,45,2,[2 8],68,84,86,16,68
1,<environment.Job instance at 0x153a1665cc30>,46,2,[1 8],69,72,74,3,69
1,<environment.Job instance at 0x153a1665c190>,47,3,[1 7],72,74,77,2,72
1,<environment.Job instance at 0x153a17159910>,48,1,[1 8],75,77,78,2,77
1,<environment.Job instance at 0x153a171596e0>,49,1,[7 2],78,105,106,27,105
1,<environment.Job instance at 0x153a15d410a0>,70,1,[ 1 10],104,106,107,2,105
1,<environment.Job instance at 0x153a15d41fa0>,71,3,[2 7],106,107,110,1,106
1,<environment.Job instance at 0x153a15d41eb0>,72,2,[9 1],107,113,115,6,113
1,<environment.Job instance at 0x153a15d411e0>,73,2,[7 1],108,115,117,7,113
1,<environment.Job instance at 0x153a15d412d0>,74,3,[5 1],111,117,120,6,113
1,<environment.Job instance at 0x153a15d41370>,75,3,[1 5],112,113,116,1,113
1,<environment.Job instance at 0x153a15d410f0>,76,15,[2 9],114,116,131,2,114
1,<environment.Job instance at 0x153a15952870>,77,1,[ 2 10],118,131,132,13,118
1,<environment.Job instance at 0x153a15952050>,78,2,[1 8],119,132,134,13,119
1,<environment.Job instance at 0x153a15952e10>,86,3,[1 6],130,134,137,4,133
1,<environment.Job instance at 0x153a15952960>,87,2,[2 7],131,137,139,6,133
1,<environment.Job instance at 0x153a15779b40>,88,3,[7 1],133,133,136,0,133
1,<environment.Job instance at 0x153a15779140>,89,3,[9 2],134,139,142,5,134
1,<environment.Job instance at 0x153a15779050>,90,2,[7 1],139,142,144,3,139
1,<environment.Job instance at 0x153a15779a00>,91,14,[10  1],140,405,419,265,405
1,<environment.Job instance at 0x153a39a21460>,0,1,[6 1],3,15,16,12,15
1,<environment.Job instance at 0x153a165ab4b0>,9,2,[1 8],16,16,18,0,16
1,<environment.Job instance at 0x153a165aba00>,10,24,[2 5],17,18,42,1,17
1,<environment.Job instance at 0x153a16678cd0>,11,2,[ 1 10],18,42,44,24,18
1,<environment.Job instance at 0x153a15830c30>,12,1,[6 1],19,19,20,0,19
1,<environment.Job instance at 0x153a166783c0>,13,2,[7 1],20,20,22,0,20
1,<environment.Job instance at 0x153a15830aa0>,14,1,[10  1],21,44,45,23,21
1,<environment.Job instance at 0x153a18ace4b0>,15,3,[1 8],22,45,48,23,22
1,<environment.Job instance at 0x153a19746f50>,16,3,[1 5],27,27,30,0,27
1,<environment.Job instance at 0x153a18acefa0>,17,18,[ 2 10],28,48,66,20,37
1,<environment.Job instance at 0x153a189e9c30>,22,3,[5 2],35,37,40,2,37
1,<environment.Job instance at 0x153a18acee10>,19,3,[9 1],30,85,88,55,85
1,<environment.Job instance at 0x153a23f8a9b0>,72,3,[2 5],107,124,127,17,124
1,<environment.Job instance at 0x153a3a3680f0>,74,16,[ 1 10],110,127,143,17,124
1,<environment.Job instance at 0x153a3a368af0>,75,13,[1 5],111,143,156,32,127
1,<environment.Job instance at 0x153a3a368140>,76,3,[1 8],112,156,159,44,130
1,<environment.Job instance at 0x153a3a3683c0>,78,2,[2 8],116,159,161,43,132
1,<environment.Job instance at 0x153a18aeb9b0>,3,1,[1 5],6,6,7,0,6
1,<environment.Job instance at 0x153a18acc410>,0,16,[5 2],2,41,57,39,41
1,<environment.Job instance at 0x153a233c6050>,29,3,[2 7],42,42,45,0,42
1,<environment.Job instance at 0x153a151cecd0>,30,3,[ 2 10],43,57,60,14,43
1,<environment.Job instance at 0x153a233c6af0>,31,2,[6 1],44,60,62,16,44
1,<environment.Job instance at 0x153a233c65f0>,32,3,[ 1 10],45,62,65,17,45
1,<environment.Job instance at 0x153a3a463190>,33,1,[1 6],46,46,47,0,46
1,<environment.Job instance at 0x153a151f11e0>,34,3,[8 2],48,65,68,17,48
1,<environment.Job instance at 0x153a151f1050>,35,3,[6 2],49,68,71,19,49
1,<environment.Job instance at 0x153a15410a50>,36,2,[10  2],50,71,73,21,51
1,<environment.Job instance at 0x153a15410cd0>,38,1,[5 1],52,52,53,0,52
1,<environment.Job instance at 0x153a15410230>,39,15,[9 1],53,73,88,20,63
1,<environment.Job instance at 0x153a1505c5a0>,49,2,[2 9],65,88,90,23,65
1,<environment.Job instance at 0x153a1505c640>,50,3,[5 2],67,90,93,23,67
1,<environment.Job instance at 0x153a1505c410>,51,25,[2 5],68,90,115,22,86
1,<environment.Job instance at 0x153a18ad5690>,61,3,[8 2],84,93,96,9,86
1,<environment.Job instance at 0x153a18ad5f50>,62,16,[2 8],85,115,131,30,102
1,<environment.Job instance at 0x153a18ad5640>,63,2,[6 2],86,105,107,19,105
1,<environment.Job instance at 0x153a18ad5050>,67,3,[7 1],95,107,110,12,105
1,<environment.Job instance at 0x153a18ad5a00>,68,3,[2 6],96,131,134,35,105
1,<environment.Job instance at 0x153a18ad5460>,69,3,[2 9],97,134,137,37,108
1,<environment.Job instance at 0x153a18ad5550>,70,2,[8 1],98,110,112,12,108
1,<environment.Job instance at 0x153a18ad5e60>,72,3,[8 1],101,112,115,11,108
1,<environment.Job instance at 0x153a1960cb90>,73,2,[2 6],106,137,139,31,110
1,<environment.Job instance at 0x153a1960c7d0>,74,3,[10  1],107,139,142,32,113
1,<environment.Job instance at 0x153a1960c3c0>,75,3,[1 8],109,142,145,33,116
1,<environment.Job instance at 0x153a1960c820>,76,2,[5 2],111,116,118,5,116
1,<environment.Job instance at 0x153a1960c5a0>,78,1,[2 9],114,145,146,31,117
1,<environment.Job instance at 0x153a1960c140>,79,3,[ 2 10],115,146,149,31,120
1,<environment.Job instance at 0x153a1960cd70>,80,2,[6 1],116,120,122,4,120
1,<environment.Job instance at 0x153a1960cf00>,81,1,[8 1],119,122,123,3,120
1,<environment.Job instance at 0x153a15960f50>,82,12,[7 1],120,123,135,3,120
1,<environment.Job instance at 0x153a15e5b140>,0,3,[8 2],1,4,7,3,4
1,<environment.Job instance at 0x153a15c76e10>,4,2,[7 2],5,7,9,2,5
1,<environment.Job instance at 0x153a166bcaa0>,5,2,[1 8],6,6,8,0,6
1,<environment.Job instance at 0x153a19680960>,17,3,[7 1],23,23,26,0,23
1,<environment.Job instance at 0x153a18cf4230>,6,16,[8 2],7,36,52,29,36
1,<environment.Job instance at 0x153a18c3c5a0>,26,2,[10  1],37,52,54,15,37
1,<environment.Job instance at 0x153a3804d6e0>,27,1,[ 1 10],38,54,55,16,38
1,<environment.Job instance at 0x153a3804df00>,28,2,[1 9],40,55,57,15,40
1,<environment.Job instance at 0x153a3804db40>,29,3,[7 1],41,55,58,14,41
1,<environment.Job instance at 0x153a3804d2d0>,30,16,[ 2 10],43,58,74,15,45
1,<environment.Job instance at 0x153a3804d460>,32,14,[ 1 10],46,74,88,28,59
1,<environment.Job instance at 0x153a3804d3c0>,34,2,[9 1],48,88,90,40,61
1,<environment.Job instance at 0x153a3804d190>,38,3,[1 6],52,88,91,36,62
1,<environment.Job instance at 0x153a1594faf0>,39,1,[1 6],55,91,92,36,63
1,<environment.Job instance at 0x153a1594fe60>,40,1,[ 2 10],57,92,93,35,64
1,<environment.Job instance at 0x153a18abb5f0>,57,3,[2 7],80,110,113,30,110
1,<environment.Job instance at 0x153a18abb280>,59,1,[6 2],82,111,112,29,111
1,<environment.Job instance at 0x153a18ccaa00>,79,3,[7 2],114,162,165,48,162
1,<environment.Job instance at 0x153a18cca140>,87,16,[7 2],127,174,190,47,174
1,<environment.Job instance at 0x153a18995b40>,93,1,[7 1],135,190,191,55,174
1,<environment.Job instance at 0x153a1959c410>,0,1,[10  1],2,7,8,5,7
1,<environment.Job instance at 0x153a19794a00>,6,3,[2 7],8,8,11,0,8
1,<environment.Job instance at 0x153a15a308c0>,7,3,[9 2],9,11,14,2,9
1,<environment.Job instance at 0x153a18a105a0>,0,2,[2 9],1,1,3,0,1
1,<environment.Job instance at 0x153a68253e60>,1,3,[5 1],2,3,6,1,3
1,<environment.Job instance at 0x153a68253e10>,3,1,[ 2 10],4,6,7,2,4
1,<environment.Job instance at 0x153a15040640>,4,3,[2 9],5,7,10,2,5
1,<environment.Job instance at 0x153a150404b0>,5,20,[5 2],6,25,45,19,25
1,<environment.Job instance at 0x153a203f37d0>,15,3,[2 5],20,25,28,5,25
1,<environment.Job instance at 0x153a203f3dc0>,16,13,[6 1],21,45,58,24,29
1,<environment.Job instance at 0x153a1897ee60>,17,1,[2 9],22,45,46,23,29
1,<environment.Job instance at 0x153a203f30f0>,18,2,[9 2],23,58,60,35,31
1,<environment.Job instance at 0x153a155cec80>,19,17,[ 1 10],25,60,77,35,48
1,<environment.Job instance at 0x153a1896c640>,20,1,[5 1],28,77,78,49,49
1,<environment.Job instance at 0x153a16588140>,21,1,[2 8],29,49,50,20,49
1,<environment.Job instance at 0x153a1576c9b0>,22,3,[2 5],30,50,53,20,49
1,<environment.Job instance at 0x153a158f8050>,23,1,[2 9],31,53,54,22,49
1,<environment.Job instance at 0x153a158f8550>,24,18,[1 5],32,77,95,45,66
1,<environment.Job instance at 0x153a1965ee60>,25,1,[7 2],35,78,79,43,66
1,<environment.Job instance at 0x153a15714280>,38,2,[1 9],53,167,169,114,167
1,<environment.Job instance at 0x153a15d3e6e0>,39,2,[1 7],55,169,171,114,167
1,<environment.Job instance at 0x153a15d6b7d0>,41,12,[1 6],57,171,183,114,167
1,<environment.Job instance at 0x153a15d6be60>,42,1,[7 1],59,167,168,108,167
1,<environment.Job instance at 0x153a201379b0>,49,2,[9 2],67,169,171,102,167
1,<environment.Job instance at 0x153a20137050>,50,3,[2 8],68,183,186,115,167
1,<environment.Job instance at 0x153a201378c0>,51,16,[5 2],69,202,218,133,202
1,<environment.Job instance at 0x153a1591fa50>,65,2,[1 7],88,202,204,114,202
1,<environment.Job instance at 0x153a1591f460>,66,24,[1 6],90,204,228,114,202
1,<environment.Job instance at 0x153a1591f5f0>,67,3,[9 1],93,218,221,125,202
1,<environment.Job instance at 0x153a1591fa00>,68,3,[6 2],94,221,224,127,202
1,<environment.Job instance at 0x153a1591fbe0>,69,3,[7 1],97,224,227,127,202
1,<environment.Job instance at 0x153a1591fdc0>,70,3,[10  2],98,228,231,130,202
1,<environment.Job instance at 0x153a1591f8c0>,71,2,[ 2 10],99,231,233,132,204
1,<environment.Job instance at 0x153a1591f690>,72,17,[1 8],101,233,250,132,221
1,<environment.Job instance at 0x153a1591fd70>,73,2,[1 9],102,250,252,148,223
1,<environment.Job instance at 0x153a1591ff00>,75,2,[10  2],105,252,254,147,225
1,<environment.Job instance at 0x153a1591f280>,80,12,[10  2],113,254,266,141,245
1,<environment.Job instance at 0x153a1591db40>,111,20,[8 2],153,314,334,161,314
1,<environment.Job instance at 0x153a201380a0>,84,20,[6 2],118,334,354,216,325
1,<environment.Job instance at 0x153a2348b6e0>,123,1,[1 8],169,325,326,156,325
1,<environment.Job instance at 0x153a6ba51050>,9,1,[1 5],11,404,405,393,404
1,<environment.Job instance at 0x153a15040410>,3,3,[6 2],5,19,22,14,19
1,<environment.Job instance at 0x153a18c230a0>,45,24,[10  2],60,100,124,40,100
1,<environment.Job instance at 0x153a6827cd20>,0,2,[2 8],1,1,3,0,1
1,<environment.Job instance at 0x153a6827c460>,1,12,[7 1],2,24,36,22,24
1,<environment.Job instance at 0x153a1525ad20>,21,3,[8 2],25,36,39,11,25
1,<environment.Job instance at 0x153a1525a8c0>,22,1,[9 1],26,39,40,13,26
1,<environment.Job instance at 0x153a1525a640>,23,13,[1 8],27,27,40,0,27
1,<environment.Job instance at 0x153a1525a190>,24,3,[8 1],28,40,43,12,28
1,<environment.Job instance at 0x153a1525aaf0>,25,23,[5 1],29,92,115,63,92
1,<environment.Job instance at 0x153a3a35ef00>,69,2,[7 1],89,115,117,26,92
1,<environment.Job instance at 0x153a15e035a0>,108,2,[6 2],147,251,253,104,251
1,<environment.Job instance at 0x153a2349ff00>,119,1,[2 8],164,251,252,87,251
1,<environment.Job instance at 0x14e82a107b40>,0,17,[ 1 10],3,3,20,0,3
1,<environment.Job instance at 0x14e82a13ceb0>,1,2,[2 5],4,20,22,16,4
1,<environment.Job instance at 0x14e82a107aa0>,2,18,[ 1 10],5,22,40,17,11
1,<environment.Job instance at 0x14e7d472d2d0>,9,2,[ 2 10],12,40,42,28,14
1,<environment.Job instance at 0x14e7d4bf45a0>,11,28,[1 9],15,52,80,37,52
1,<environment.Job instance at 0x14e7d473baa0>,23,3,[7 2],30,80,83,50,54
1,<environment.Job instance at 0x14e7d4be9370>,24,20,[ 1 10],32,83,103,51,74
1,<environment.Job instance at 0x14e7d47446e0>,25,1,[6 1],34,74,75,40,74
1,<environment.Job instance at 0x14e7d44ca3c0>,31,3,[8 1],42,75,78,33,74
1,<environment.Job instance at 0x14e7d44caa50>,34,3,[9 2],45,103,106,58,77
1,<environment.Job instance at 0x14e7d44ca320>,32,16,[9 1],43,106,122,63,93
1,<environment.Job instance at 0x14e7d4bedc30>,56,18,[1 7],79,103,121,24,93
1,<environment.Job instance at 0x14e7d4beebe0>,57,3,[1 9],80,121,124,41,95
1,<environment.Job instance at 0x14e7d4beec30>,58,3,[6 1],83,122,125,39,96
1,<environment.Job instance at 0x14e7d44d4af0>,71,2,[1 6],103,138,140,35,138
1,<environment.Job instance at 0x14e7d44d49b0>,72,2,[2 6],106,140,142,34,138
1,<environment.Job instance at 0x14e7d44d4a00>,75,17,[9 2],110,142,159,32,140
1,<environment.Job instance at 0x14e7d44d4dc0>,76,3,[2 8],111,159,162,48,140
1,<environment.Job instance at 0x14e7d44d4140>,77,2,[10  2],113,162,164,49,140
1,<environment.Job instance at 0x14e7d44da050>,78,3,[8 1],117,159,162,42,140
1,<environment.Job instance at 0x14e7d44da190>,79,3,[10  1],119,164,167,45,140
1,<environment.Job instance at 0x14e7d44da3c0>,80,3,[9 2],120,167,170,47,141
1,<environment.Job instance at 0x14e7d44da4b0>,81,12,[1 7],121,142,154,21,141
1,<environment.Job instance at 0x14e7d44da550>,82,16,[1 7],122,167,183,45,154
1,<environment.Job instance at 0x14e7d44da5f0>,83,2,[9 1],123,170,172,47,154
1,<environment.Job instance at 0x14e7d44da2d0>,86,3,[2 5],127,183,186,56,157
1,<environment.Job instance at 0x14e7d44da820>,87,3,[8 1],128,172,175,44,157
1,<environment.Job instance at 0x14e7d44da8c0>,88,3,[1 6],129,186,189,57,160
1,<environment.Job instance at 0x14e7d44dac30>,89,15,[6 2],132,175,190,43,162
1,<environment.Job instance at 0x14e7d44ddaa0>,99,3,[2 9],148,190,193,42,164
1,<environment.Job instance at 0x14e7d44dd550>,100,2,[6 1],152,190,192,38,164
1,<environment.Job instance at 0x14e7d44f7730>,0,1,[5 2],1,2500,2501,2499,2500
1,<environment.Job instance at 0x14e7d7cdac30>,0,17,[1 7],2,2,19,0,2
1,<environment.Job instance at 0x14e7d7cd3460>,1,1,[1 5],6,19,20,13,6
1,<environment.Job instance at 0x14e7d7cdabe0>,2,2,[5 1],9,27,29,18,27
1,<environment.Job instance at 0x14e7d3d73d70>,18,17,[10  1],28,30,47,2,30
1,<environment.Job instance at 0x14e7d7297690>,19,3,[5 2],31,47,50,16,31
1,<environment.Job instance at 0x14e7d7b8e690>,20,1,[6 1],32,50,51,18,32
1,<environment.Job instance at 0x14e7d3edcaa0>,21,1,[8 1],33,51,52,18,33
1,<environment.Job instance at 0x14e7d3d49b90>,22,22,[1 7],34,47,69,13,40
1,<environment.Job instance at 0x14e7d3d49af0>,24,18,[7 2],41,52,70,11,41
1,<environment.Job instance at 0x14e7d3d494b0>,25,2,[7 1],42,70,72,28,43
1,<environment.Job instance at 0x14e7d3d49820>,26,1,[1 8],44,69,70,25,44
1,<environment.Job instance at 0x14e7d3d490a0>,27,3,[10  2],45,72,75,27,46
1,<environment.Job instance at 0x14e7e191c3c0>,29,15,[10  1],48,75,90,27,61
1,<environment.Job instance at 0x14e7d3df44b0>,37,1,[1 7],60,70,71,10,61
1,<environment.Job instance at 0x14e7d3df4f50>,38,16,[1 5],61,90,106,29,77
1,<environment.Job instance at 0x14e7e268d8c0>,39,2,[9 2],62,90,92,28,77
1,<environment.Job instance at 0x14e7d3ef0550>,40,12,[1 8],63,106,118,43,89
1,<environment.Job instance at 0x14e7d3e0d690>,41,15,[2 6],65,118,133,53,104
1,<environment.Job instance at 0x14e7d6ec9e10>,42,3,[1 7],66,133,136,67,107
1,<environment.Job instance at 0x14e7d3df4370>,43,18,[1 8],67,136,154,69,125
1,<environment.Job instance at 0x14e7e3fda230>,44,2,[8 2],69,125,127,56,125
1,<environment.Job instance at 0x14e7d6ec9870>,45,15,[10  2],70,154,169,84,141
1,<environment.Job instance at 0x14e7d4ed81e0>,53,2,[2 8],83,169,171,86,142
1,<environment.Job instance at 0x14e7d3d66b90>,54,17,[10  2],84,171,188,87,164
1,<environment.Job instance at 0x14e7d3d64cd0>,66,1,[9 2],98,188,189,90,164
1,<environment.Job instance at 0x14e7d3f39640>,67,2,[ 1 10],99,189,191,90,164
1,<environment.Job instance at 0x14e7d3d41a50>,68,3,[2 7],100,191,194,91,165
1,<environment.Job instance at 0x14e7d3d64460>,69,26,[10  1],101,224,250,123,224
1,<environment.Job instance at 0x14e7d3d1c550>,112,2,[10  1],166,250,252,84,224
1,<environment.Job instance at 0x14e7d3df7500>,113,1,[2 8],167,252,253,85,224
1,<environment.Job instance at 0x14e7d3d1c500>,114,2,[7 2],170,252,254,82,225
1,<environment.Job instance at 0x14e7d3d1caf0>,115,14,[10  1],171,254,268,83,239
1,<environment.Job instance at 0x14e7d3d1c140>,116,17,[1 6],173,268,285,95,256
1,<environment.Job instance at 0x14e7d7d8f780>,0,1,[7 1],1,22,23,21,22
1,<environment.Job instance at 0x14e7d4b57fa0>,14,3,[2 7],23,23,26,0,23
1,<environment.Job instance at 0x14e7d4b579b0>,15,18,[2 8],24,26,44,2,24
1,<environment.Job instance at 0x14e7d4b57d20>,16,2,[1 9],26,44,46,18,26
1,<environment.Job instance at 0x14e7d4b57cd0>,17,1,[1 8],27,46,47,19,27
1,<environment.Job instance at 0x14e7d4b57aa0>,18,3,[ 1 10],28,47,50,19,28
1,<environment.Job instance at 0x14e7d4b57d70>,19,2,[1 5],29,50,52,21,29
1,<environment.Job instance at 0x14e7d7d8dbe0>,20,17,[2 5],33,50,67,17,38
1,<environment.Job instance at 0x14e7d7d8d190>,24,2,[2 6],40,67,69,27,41
1,<environment.Job instance at 0x14e7d44ae7d0>,25,2,[2 5],42,52,54,10,42
1,<environment.Job instance at 0x14e7d44ae5a0>,26,16,[ 2 10],43,69,85,26,56
1,<environment.Job instance at 0x14e7d71c5a00>,50,3,[2 6],80,85,88,5,80
1,<environment.Job instance at 0x14e7e1a73320>,0,2,[8 1],1,8,10,7,8
1,<environment.Job instance at 0x14e7d4b53a00>,6,15,[5 1],9,33,48,24,33
1,<environment.Job instance at 0x14e7d42e4a50>,27,12,[1 9],34,34,46,0,34
1,<environment.Job instance at 0x14e7d42e4af0>,28,3,[2 6],35,46,49,11,35
1,<environment.Job instance at 0x14e7d42e4140>,29,3,[10  2],36,49,52,13,36
1,<environment.Job instance at 0x14e7d3fd9780>,38,3,[8 2],46,57,60,11,57
1,<environment.Job instance at 0x14e7d3fd9a00>,40,15,[9 2],49,159,174,110,159
1,<environment.Job instance at 0x14e81003d2d0>,92,12,[1 5],126,159,171,33,159
1,<environment.Job instance at 0x14e7e1aafc30>,93,3,[8 2],127,174,177,47,159
1,<environment.Job instance at 0x14e7e1af1b90>,94,15,[7 2],128,177,192,49,163
1,<environment.Job instance at 0x14e7d6ea5370>,95,13,[ 2 10],129,192,205,63,176
1,<environment.Job instance at 0x14e7d7c200a0>,96,2,[2 5],132,176,178,44,176
1,<environment.Job instance at 0x14e7d4b91d70>,97,14,[5 2],135,205,219,70,190
1,<environment.Job instance at 0x14e7d4c06f50>,110,2,[ 1 10],155,219,221,64,192
1,<environment.Job instance at 0x14e7d4150640>,111,13,[10  2],156,221,234,65,211
1,<environment.Job instance at 0x14e810d61e10>,0,2,[9 2],1,3,5,2,3
1,<environment.Job instance at 0x14e810d61140>,2,3,[7 2],5,5,8,0,5
1,<environment.Job instance at 0x14e7d3fd98c0>,3,2,[ 2 10],7,8,10,1,7
1,<environment.Job instance at 0x14e7d6ea4d70>,4,2,[1 5],8,10,12,2,8
1,<environment.Job instance at 0x14e7d6ea4a00>,5,1,[10  2],9,12,13,3,11
1,<environment.Job instance at 0x14e7d6ea4230>,8,2,[8 2],12,13,15,1,12
1,<environment.Job instance at 0x14e7e25553c0>,9,1,[8 2],13,15,16,2,13
1,<environment.Job instance at 0x14e7d4390d70>,0,3,[7 1],2,22,25,20,22
1,<environment.Job instance at 0x14e7d7b40be0>,14,3,[2 6],23,23,26,0,23
1,<environment.Job instance at 0x14e7d6f122d0>,0,16,[1 7],1,1,17,0,1
1,<environment.Job instance at 0x14e7d6f12d20>,1,3,[2 5],2,17,20,15,2
1,<environment.Job instance at 0x14e7d6f12c80>,2,3,[1 7],4,20,23,16,4
1,<environment.Job instance at 0x14e7d6f12820>,3,2,[9 2],5,20,22,15,18
1,<environment.Job instance at 0x14e7e1af65f0>,14,2,[6 2],19,22,24,3,19
1,<environment.Job instance at 0x14e7d3d30cd0>,16,2,[2 7],21,24,26,3,24
1,<environment.Job instance at 0x14e7d3d302d0>,15,15,[7 1],20,26,41,6,26
1,<environment.Job instance at 0x14e7d40e9280>,20,16,[9 1],26,41,57,15,28
1,<environment.Job instance at 0x14e7e265e550>,21,1,[10  1],27,57,58,30,29
1,<environment.Job instance at 0x14e7e265e2d0>,22,1,[6 2],28,58,59,30,30
1,<environment.Job instance at 0x14e7d72b7910>,46,3,[1 8],61,73,76,12,73
1,<environment.Job instance at 0x14e7d3720f50>,0,3,[9 1],2,3,6,1,3
1,<environment.Job instance at 0x14e7d3720d20>,1,3,[9 2],7,7,10,0,7
1,<environment.Job instance at 0x14e810e60050>,2,2,[7 1],8,10,12,2,9
1,<environment.Job instance at 0x14e7d4ca6960>,4,18,[1 9],10,10,28,0,10
1,<environment.Job instance at 0x14e7d4ca6910>,5,18,[ 2 10],11,28,46,17,19
1,<environment.Job instance at 0x14e7d3ffae10>,12,2,[ 2 10],20,46,48,26,20
1,<environment.Job instance at 0x14e7d938f640>,29,14,[6 1],39,132,146,93,132
1,<environment.Job instance at 0x14e7d4125c30>,0,12,[6 1],1,10,22,9,10
1,<environment.Job instance at 0x14e7d711e500>,6,3,[1 5],11,11,14,0,11
1,<environment.Job instance at 0x14e7e002cb40>,7,1,[7 2],13,22,23,9,13
1,<environment.Job instance at 0x14e7e269c370>,8,2,[8 1],14,23,25,9,14
1,<environment.Job instance at 0x14e7e002cf50>,9,18,[7 2],15,25,43,10,20
1,<environment.Job instance at 0x14e7d4c06820>,15,1,[10  2],21,43,44,22,21
1,<environment.Job instance at 0x14e7d4c060a0>,16,2,[5 1],23,44,46,21,23
1,<environment.Job instance at 0x14e7e19f4050>,17,2,[2 7],24,24,26,0,24
1,<environment.Job instance at 0x14e7d72d1690>,18,23,[1 8],26,44,67,18,38
1,<environment.Job instance at 0x14e7e0025960>,22,17,[7 2],34,56,73,22,56
1,<environment.Job instance at 0x14e7d7bfc910>,37,3,[ 1 10],57,73,76,16,57
1,<environment.Job instance at 0x14e7d7bfcd20>,38,2,[9 2],59,76,78,17,59
1,<environment.Job instance at 0x14e7d7bfc500>,39,2,[2 9],62,78,80,16,62
1,<environment.Job instance at 0x14e7d7cdbbe0>,40,1,[6 1],63,78,79,15,63
1,<environment.Job instance at 0x14e7d7cdba00>,41,2,[1 6],64,67,69,3,64
1,<environment.Job instance at 0x14e7d7cdb960>,42,12,[2 5],66,80,92,14,68
1,<environment.Job instance at 0x14e7d72b2c30>,59,1,[2 7],93,95,96,2,95
1,<environment.Job instance at 0x14e7d3ee0eb0>,62,28,[1 6],96,96,124,0,96
1,<environment.Job instance at 0x14e7d3ee0be0>,63,2,[1 9],99,124,126,25,99
1,<environment.Job instance at 0x14e7d3ee07d0>,64,3,[7 2],102,102,105,0,102
1,<environment.Job instance at 0x14e7d3ee00f0>,65,2,[6 2],103,105,107,2,103
1,<environment.Job instance at 0x14e7d3ee0c30>,66,1,[10  1],105,126,127,21,105
1,<environment.Job instance at 0x14e7d7d1ecd0>,67,3,[6 2],107,109,112,2,109
1,<environment.Job instance at 0x14e7d7d1e780>,69,3,[1 9],111,127,130,16,111
1,<environment.Job instance at 0x14e7d7d1e410>,70,2,[5 1],113,114,116,1,114
1,<environment.Job instance at 0x14e7d7d1eeb0>,72,13,[10  2],115,130,143,15,115
1,<environment.Job instance at 0x14e7d7d1e910>,73,1,[7 2],116,143,144,27,125
1,<environment.Job instance at 0x14e7e1a0cf00>,80,1,[9 1],124,125,126,1,125
1,<environment.Job instance at 0x14e7d3ccb140>,45,1,[8 1],71,189,190,118,189
1,<environment.Job instance at 0x14e7e1a0ce10>,81,27,[9 1],125,190,217,65,189
1,<environment.Job instance at 0x14e7d3798780>,0,16,[9 1],1,15,31,14,15
1,<environment.Job instance at 0x14e7d37dd230>,11,1,[5 1],18,31,32,13,18
1,<environment.Job instance at 0x14e7d37dd9b0>,12,1,[9 1],19,32,33,13,19
1,<environment.Job instance at 0x14e7d4179410>,104,3,[ 1 10],159,159,162,0,159
1,<environment.Job instance at 0x14e7d3f3bbe0>,13,17,[6 1],20,162,179,142,161
1,<environment.Job instance at 0x14e7d4179f00>,107,15,[2 5],162,162,177,0,162
1,<environment.Job instance at 0x14e7d41796e0>,108,1,[2 7],163,177,178,14,163
1,<environment.Job instance at 0x14e7d4393730>,109,3,[2 5],164,178,181,14,164
1,<environment.Job instance at 0x14e7d4393c30>,110,15,[1 5],165,179,194,14,165
1,<environment.Job instance at 0x14e7e18f1410>,3,1,[ 2 10],8,8,9,0,8
1,<environment.Job instance at 0x14e7e18f1b90>,4,2,[1 8],9,9,11,0,9
1,<environment.Job instance at 0x14e7e258c960>,43,2,[7 1],80,108,110,28,108
1,<environment.Job instance at 0x14e7e1a39640>,60,3,[2 5],107,108,111,1,108
1,<environment.Job instance at 0x14e7e1a39280>,61,2,[9 2],108,111,113,3,108
1,<environment.Job instance at 0x14e7e25a60a0>,62,13,[2 8],109,113,126,4,109
1,<environment.Job instance at 0x14e7e25a6d20>,63,3,[2 5],110,126,129,16,110
1,<environment.Job instance at 0x14e7e25a6730>,64,2,[1 5],111,111,113,0,111
1,<environment.Job instance at 0x14e7e25a6d70>,65,1,[1 6],112,129,130,17,112
1,<environment.Job instance at 0x14e7e25c95f0>,66,3,[6 1],113,113,116,0,113
1,<environment.Job instance at 0x14e7d71ea730>,104,16,[ 1 10],170,188,204,18,188
1,<environment.Job instance at 0x14e7d71ea870>,105,13,[1 5],171,204,217,33,188
1,<environment.Job instance at 0x14e7d71eacd0>,106,3,[1 8],172,217,220,45,191
1,<environment.Job instance at 0x14e7d71ea320>,107,2,[7 1],174,204,206,30,191
1,<environment.Job instance at 0x14e7e0030460>,108,2,[2 8],176,220,222,44,193
1,<environment.Job instance at 0x14e7e0030a50>,109,1,[1 6],178,222,223,44,194
1,<environment.Job instance at 0x14e7e00302d0>,110,17,[7 2],179,206,223,27,196
1,<environment.Job instance at 0x14e7d3a49b90>,0,1,[2 8],1,1,2,0,1
1,<environment.Job instance at 0x14e7d9394b90>,35,3,[9 2],54,144,147,90,144
1,<environment.Job instance at 0x14e7d4c82b40>,36,16,[1 5],55,144,160,89,144
1,<environment.Job instance at 0x14e7d4c82500>,37,1,[1 5],56,147,148,91,144
1,<environment.Job instance at 0x14e7d4c82e60>,38,3,[ 2 10],57,160,163,103,144
1,<environment.Job instance at 0x14e7d4c82230>,39,3,[2 9],58,163,166,105,144
1,<environment.Job instance at 0x14e7d417ad70>,0,3,[9 2],1,1,4,0,1
1,<environment.Job instance at 0x14e7d417ad20>,1,12,[5 1],2,5,17,3,5
1,<environment.Job instance at 0x14e7d6e16370>,4,2,[2 7],7,7,9,0,7
1,<environment.Job instance at 0x14e7d6e16460>,5,2,[8 1],8,17,19,9,8
1,<environment.Job instance at 0x14e7d3fec320>,6,2,[9 1],10,19,21,9,10
1,<environment.Job instance at 0x14e7d7c44460>,7,3,[6 1],11,21,24,10,11
1,<environment.Job instance at 0x14e810900140>,1,1,[8 2],3,3,4,0,3
1,<environment.Job instance at 0x14e7d3a89b90>,24,1,[9 2],32,37,38,5,37
1,<environment.Job instance at 0x14e7e195e960>,0,16,[8 2],1,88,104,87,88
1,<environment.Job instance at 0x14e7e1a50fa0>,59,3,[2 8],80,88,91,8,88
1,<environment.Job instance at 0x14e7e1a50820>,60,17,[6 1],81,104,121,23,93
1,<environment.Job instance at 0x14e7d3a34140>,69,3,[1 6],94,94,97,0,94
1,<environment.Job instance at 0x14e7d3a343c0>,70,2,[8 1],96,121,123,25,96
1,<environment.Job instance at 0x14e7d3a34f00>,71,2,[1 7],97,97,99,0,97
1,<environment.Job instance at 0x14e7d3a341e0>,72,3,[9 2],100,123,126,23,100
1,<environment.Job instance at 0x14e7d3a34230>,73,16,[5 2],102,388,404,286,388
1,<environment.Job instance at 0x14e7d3ca8f00>,26,20,[1 5],34,590,610,556,590
1,<environment.Job instance at 0x14e7d80583c0>,0,20,[1 7],2,2,22,0,2
1,<environment.Job instance at 0x14e7d7247f50>,1,1,[10  1],3,22,23,19,3
1,<environment.Job instance at 0x14e7d3ca8f00>,2,18,[8 2],4,4,22,0,4
1,<environment.Job instance at 0x14e7d37580a0>,3,3,[6 1],5,23,26,18,5
1,<environment.Job instance at 0x14e7d7161690>,4,14,[ 2 10],6,26,40,20,11
1,<environment.Job instance at 0x14e7d7161230>,9,3,[1 7],12,23,26,11,12
1,<environment.Job instance at 0x14e7d71615f0>,10,1,[9 1],16,40,41,24,17
1,<environment.Job instance at 0x14e7d71f78c0>,12,14,[10  1],19,41,55,22,26
1,<environment.Job instance at 0x14e7d71f7230>,13,3,[6 1],20,55,58,35,29
1,<environment.Job instance at 0x14e7d71f7870>,14,1,[10  1],22,58,59,36,30
1,<environment.Job instance at 0x14e7d71f7910>,15,2,[9 1],23,59,61,36,32
1,<environment.Job instance at 0x14e7d7161b40>,6,1,[1 7],9,974,975,965,974
1,<environment.Job instance at 0x14e7d4086cd0>,0,1,[6 2],2,4,5,2,4
1,<environment.Job instance at 0x14e7d7161dc0>,2,1,[1 5],5,5,6,0,5
1,<environment.Job instance at 0x14e7e0694eb0>,5,14,[6 2],9,9,23,0,9
1,<environment.Job instance at 0x14e7e1a91050>,3,13,[8 2],7,23,36,16,9
1,<environment.Job instance at 0x14e7e19af1e0>,35,3,[6 1],51,79,82,28,79
1,<environment.Job instance at 0x14e7d375b780>,36,3,[2 6],52,79,82,27,79
1,<environment.Job instance at 0x14e7d375b4b0>,37,2,[7 2],54,82,84,28,79
1,<environment.Job instance at 0x14e7d375b8c0>,38,2,[10  1],55,84,86,29,79
1,<environment.Job instance at 0x14e7d4c00370>,39,2,[2 7],56,82,84,26,79
1,<environment.Job instance at 0x14e7d4bd7c30>,40,14,[2 7],57,86,100,29,79
1,<environment.Job instance at 0x14e7d63972d0>,41,18,[6 2],58,112,130,54,112
1,<environment.Job instance at 0x14e7e19604b0>,59,3,[5 2],80,130,133,50,112
1,<environment.Job instance at 0x14e7e1960370>,60,1,[6 2],81,133,134,52,112
1,<environment.Job instance at 0x14e7d80071e0>,84,12,[1 9],118,186,198,68,186
1,<environment.Job instance at 0x14e7d8007050>,86,1,[6 2],122,198,199,76,186
1,<environment.Job instance at 0x14e7d8007690>,90,18,[ 2 10],126,199,217,73,188
1,<environment.Job instance at 0x14e7d80070a0>,91,20,[6 2],128,221,241,93,221
1,<environment.Job instance at 0x14e7d41a6b90>,103,16,[6 2],142,241,257,99,228
1,<environment.Job instance at 0x14e7d41a6e60>,104,18,[1 5],143,228,246,85,228
1,<environment.Job instance at 0x14e7d41a6af0>,105,3,[8 2],145,257,260,112,231
1,<environment.Job instance at 0x14e7e1cfd410>,118,20,[8 2],163,269,289,106,269
1,<environment.Job instance at 0x14e7d41a62d0>,106,18,[5 2],148,289,307,141,278
1,<environment.Job instance at 0x14e7e2729460>,129,16,[2 5],178,278,294,100,278
1,<environment.Job instance at 0x14e7e2729050>,130,1,[1 8],179,294,295,115,278
1,<environment.Job instance at 0x14e7e27291e0>,127,18,[5 1],176,489,507,313,489
1,<environment.Job instance at 0x14e7d4c2eeb0>,3,3,[6 2],5,10,13,5,10
1,<environment.Job instance at 0x14e7d6e78190>,84,3,[9 2],120,121,124,1,121
1,<environment.Job instance at 0x14e7d4c2e0f0>,5,16,[6 2],8,273,289,265,273
1,<environment.Job instance at 0x14e7d3b2bf50>,0,1,[6 2],1,14,15,13,14
1,<environment.Job instance at 0x14e7d4c02e60>,13,3,[8 2],15,15,18,0,15
1,<environment.Job instance at 0x14e7d4c02460>,14,1,[9 1],16,18,19,2,16
1,<environment.Job instance at 0x14e7d4c02dc0>,15,13,[1 8],17,17,30,0,17
1,<environment.Job instance at 0x14e7d3ea7410>,16,3,[8 1],18,19,22,1,18
1,<environment.Job instance at 0x14e7d7c73410>,1,2,[10  1],2,5,7,3,5
1,<environment.Job instance at 0x14e7d6e09b90>,8,2,[5 2],12,12,14,0,12
1,<environment.Job instance at 0x14e7d4bcbd20>,9,3,[8 1],13,14,17,1,13
1,<environment.Job instance at 0x14e7d7c738c0>,0,19,[9 2],1,34,53,33,34
1,<environment.Job instance at 0x14e7d37a9a50>,22,17,[8 2],36,53,70,17,42
1,<environment.Job instance at 0x14e7d3e44820>,29,1,[5 1],43,70,71,27,43
1,<environment.Job instance at 0x14e7d374caf0>,30,1,[6 2],44,71,72,27,44
1,<environment.Job instance at 0x14e7d6f25370>,31,3,[1 5],47,47,50,0,47
1,<environment.Job instance at 0x14e7d7d11960>,32,1,[ 1 10],48,72,73,24,48
1,<environment.Job instance at 0x14e7d4b72d70>,51,3,[2 9],74,109,112,35,109
1,<environment.Job instance at 0x14e7d6eea230>,57,14,[9 1],84,112,126,28,112
1,<environment.Job instance at 0x14e7d6eead20>,60,1,[2 7],90,126,127,36,112
1,<environment.Job instance at 0x14e7d6eea8c0>,61,2,[9 1],93,127,129,34,112
1,<environment.Job instance at 0x14e7d6eeac80>,62,1,[2 5],94,129,130,35,112
1,<environment.Job instance at 0x14e7d6eeab40>,63,1,[7 2],95,126,127,31,112
1,<environment.Job instance at 0x14e7d40433c0>,64,2,[1 7],97,112,114,15,112
1,<environment.Job instance at 0x14e7d575bc30>,106,13,[2 5],149,177,190,28,177
1,<environment.Job instance at 0x14e7d575b5a0>,107,1,[10  1],150,190,191,40,177
1,<environment.Job instance at 0x14e7d575bf50>,108,1,[10  1],151,191,192,40,177
1,<environment.Job instance at 0x14e7d575b370>,109,1,[2 8],152,192,193,40,177
1,<environment.Job instance at 0x14e7d7cfb640>,110,1,[2 7],153,193,194,40,177
1,<environment.Job instance at 0x14e7d7cfba50>,111,1,[2 9],154,194,195,40,177
1,<environment.Job instance at 0x14e7d7cfb0f0>,112,16,[1 8],156,195,211,39,182
1,<environment.Job instance at 0x14e7d7cfbeb0>,113,2,[1 6],157,211,213,54,207
1,<environment.Job instance at 0x14e7d6f4b3c0>,125,1,[9 2],172,210,211,38,210
1,<environment.Job instance at 0x14e7d7d116e0>,130,15,[1 5],179,213,228,34,210
1,<environment.Job instance at 0x14639e295b90>,0,17,[ 1 10],3,3,20,0,3
1,<environment.Job instance at 0x14639e295aa0>,1,2,[2 5],4,20,22,16,5
1,<environment.Job instance at 0x1463488ae140>,3,2,[1 7],6,22,24,16,6
1,<environment.Job instance at 0x146348d70230>,4,2,[6 1],7,20,22,13,7
1,<environment.Job instance at 0x146348d703c0>,5,3,[9 1],8,22,25,14,8
1,<environment.Job instance at 0x146348d704b0>,6,16,[2 7],9,25,41,16,12
1,<environment.Job instance at 0x1463488995f0>,10,3,[7 2],14,25,28,11,22
1,<environment.Job instance at 0x146348d203c0>,14,1,[1 7],18,24,25,6,22
1,<environment.Job instance at 0x146348d20910>,15,14,[6 2],20,28,42,8,22
1,<environment.Job instance at 0x146348d20500>,16,17,[1 7],22,41,58,19,29
1,<environment.Job instance at 0x146348d20d70>,17,3,[6 1],23,42,45,19,29
1,<environment.Job instance at 0x146348d20870>,18,1,[5 2],25,45,46,20,29
1,<environment.Job instance at 0x146348d599b0>,19,3,[8 1],26,46,49,20,29
1,<environment.Job instance at 0x14634867a1e0>,0,3,[6 2],1,2,5,1,2
1,<environment.Job instance at 0x14634867a0f0>,2,27,[5 2],3,6,33,3,6
1,<environment.Job instance at 0x146375e7d7d0>,5,3,[ 1 10],7,33,36,26,7
1,<environment.Job instance at 0x146375e7dd70>,6,2,[8 2],8,36,38,28,9
1,<environment.Job instance at 0x146375e7d550>,7,2,[ 2 10],10,38,40,28,11
1,<environment.Job instance at 0x14637670a7d0>,9,1,[1 5],12,12,13,0,12
1,<environment.Job instance at 0x146375af6820>,0,3,[2 5],2,2,5,0,2
1,<environment.Job instance at 0x146348063dc0>,1,3,[1 7],3,5,8,2,3
1,<environment.Job instance at 0x146376735a00>,2,3,[5 1],4,17,20,13,17
1,<environment.Job instance at 0x14634b48d780>,15,3,[10  2],25,25,28,0,25
1,<environment.Job instance at 0x14634bcb16e0>,17,15,[10  1],28,28,43,0,28
1,<environment.Job instance at 0x146347f252d0>,12,18,[7 2],21,43,61,22,32
1,<environment.Job instance at 0x1463840e7e10>,21,3,[10  2],34,61,64,27,35
1,<environment.Job instance at 0x146347ee4690>,23,3,[5 1],37,64,67,27,38
1,<environment.Job instance at 0x146347ee4fa0>,24,13,[5 1],39,64,77,25,48
1,<environment.Job instance at 0x146347ee4e10>,28,12,[1 8],43,48,60,5,48
1,<environment.Job instance at 0x146347ee4500>,29,15,[2 6],45,67,82,22,53
1,<environment.Job instance at 0x146347ff53c0>,30,3,[1 7],46,82,85,36,56
1,<environment.Job instance at 0x146347ff50a0>,31,18,[1 8],47,85,103,38,74
1,<environment.Job instance at 0x1463840594b0>,32,2,[8 2],49,77,79,28,74
1,<environment.Job instance at 0x146347ee41e0>,22,3,[8 1],35,158,161,123,158
1,<environment.Job instance at 0x14634b40a730>,67,14,[10  2],96,161,175,65,158
1,<environment.Job instance at 0x146347ee7780>,86,2,[ 2 10],125,175,177,50,158
1,<environment.Job instance at 0x146347ee7460>,87,2,[7 1],126,177,179,51,158
1,<environment.Job instance at 0x1463480bd5a0>,88,3,[1 5],127,158,161,31,158
1,<environment.Job instance at 0x1463480bd190>,89,2,[5 2],128,179,181,51,158
1,<environment.Job instance at 0x1463741b8b40>,90,1,[10  2],129,181,182,52,158
1,<environment.Job instance at 0x1463480bdbe0>,91,1,[10  1],130,182,183,52,158
1,<environment.Job instance at 0x1463480bd4b0>,92,16,[10  2],131,183,199,52,170
1,<environment.Job instance at 0x1463480bdaa0>,93,1,[8 2],133,199,200,66,171
1,<environment.Job instance at 0x146347ecc8c0>,94,2,[2 9],134,177,179,43,171
1,<environment.Job instance at 0x146347ecc460>,95,3,[9 2],136,200,203,64,174
1,<environment.Job instance at 0x146347ff6370>,96,14,[9 2],138,258,272,120,258
1,<environment.Job instance at 0x14634866aa50>,0,17,[2 5],3,3,20,0,3
1,<environment.Job instance at 0x146348217050>,1,14,[9 2],4,20,34,16,6
1,<environment.Job instance at 0x146375e822d0>,30,3,[2 6],50,64,67,14,64
1,<environment.Job instance at 0x146375e823c0>,32,16,[10  2],52,134,150,82,134
1,<environment.Job instance at 0x146347ff6370>,2,17,[9 1],7,150,167,143,138
1,<environment.Job instance at 0x146375bb4a00>,73,12,[5 1],117,260,272,143,260
1,<environment.Job instance at 0x146375b5deb0>,72,13,[8 2],112,288,301,176,288
1,<environment.Job instance at 0x14634814faf0>,0,1,[8 1],1,12,13,11,12
1,<environment.Job instance at 0x1463481de640>,10,1,[ 1 10],13,13,14,0,13
1,<environment.Job instance at 0x14634817cbe0>,11,2,[2 6],14,14,16,0,14
1,<environment.Job instance at 0x146348177140>,12,1,[ 2 10],15,16,17,1,15
1,<environment.Job instance at 0x1463481775f0>,13,1,[2 9],17,18,19,1,18
1,<environment.Job instance at 0x14634817d6e0>,15,12,[2 8],24,24,36,0,24
1,<environment.Job instance at 0x14634817d730>,16,3,[10  2],25,36,39,11,25
1,<environment.Job instance at 0x14634817d320>,17,1,[7 1],27,27,28,0,27
1,<environment.Job instance at 0x14634817daf0>,18,14,[1 5],28,39,53,11,28
1,<environment.Job instance at 0x146348152140>,19,14,[9 2],29,39,53,10,29
1,<environment.Job instance at 0x146348152460>,20,1,[2 7],31,53,54,22,31
1,<environment.Job instance at 0x1463481c3500>,21,2,[10  2],32,54,56,22,32
1,<environment.Job instance at 0x1463481c36e0>,22,12,[8 1],34,56,68,22,39
1,<environment.Job instance at 0x1463481c2d20>,25,1,[1 8],40,56,57,16,40
1,<environment.Job instance at 0x1463481c25a0>,26,18,[1 9],41,57,75,16,46
1,<environment.Job instance at 0x1463481c24b0>,27,15,[1 9],43,75,90,32,61
1,<environment.Job instance at 0x1463481c2cd0>,28,2,[ 1 10],45,90,92,45,63
1,<environment.Job instance at 0x14634815d500>,29,3,[5 1],46,68,71,22,63
1,<environment.Job instance at 0x1463481e9aa0>,59,3,[8 2],87,190,193,103,190
1,<environment.Job instance at 0x146375bf8c80>,73,17,[8 1],112,238,255,126,238
1,<environment.Job instance at 0x1463481e96e0>,60,15,[7 2],88,255,270,167,241
1,<environment.Job instance at 0x14634bdafe10>,88,2,[ 2 10],136,270,272,134,243
1,<environment.Job instance at 0x14634b22e870>,0,14,[1 8],1,1,15,0,1
1,<environment.Job instance at 0x14634b22eeb0>,1,17,[9 1],2,58,75,56,58
1,<environment.Job instance at 0x146347dede60>,41,2,[2 7],55,75,77,20,58
1,<environment.Job instance at 0x146347dedf50>,42,12,[2 6],56,77,89,21,60
1,<environment.Job instance at 0x146347ded370>,43,13,[5 1],57,75,88,18,60
1,<environment.Job instance at 0x146384163550>,44,3,[5 2],58,88,91,30,62
1,<environment.Job instance at 0x146384163050>,45,1,[8 2],60,91,92,31,63
1,<environment.Job instance at 0x146384163d20>,46,3,[10  2],61,92,95,31,66
1,<environment.Job instance at 0x14634b15e8c0>,47,1,[5 2],62,89,90,27,66
1,<environment.Job instance at 0x14634b339780>,103,3,[2 6],142,174,177,32,174
1,<environment.Job instance at 0x14634b339f50>,104,27,[1 5],145,188,215,43,188
1,<environment.Job instance at 0x146375c71d20>,109,3,[2 6],153,215,218,62,189
1,<environment.Job instance at 0x146375c71f00>,110,18,[9 1],155,191,209,36,191
1,<environment.Job instance at 0x14634b3a16e0>,128,13,[7 2],178,302,315,124,302
1,<environment.Job instance at 0x14634820fd20>,0,2,[2 7],1,6,8,5,6
1,<environment.Job instance at 0x14634aff0fa0>,5,3,[1 9],7,8,11,1,7
1,<environment.Job instance at 0x14637671d0a0>,6,2,[9 2],8,11,13,3,8
1,<environment.Job instance at 0x14637671d870>,7,3,[7 1],9,13,16,4,9
1,<environment.Job instance at 0x14637671d500>,8,3,[2 7],10,13,16,3,10
1,<environment.Job instance at 0x14637671d2d0>,9,2,[9 2],11,16,18,5,11
1,<environment.Job instance at 0x146348e0de10>,52,18,[6 2],77,540,558,463,540
1,<environment.Job instance at 0x1463480c7820>,0,3,[2 7],1,1,4,0,1
1,<environment.Job instance at 0x1463480c7a50>,1,1,[9 1],4,8,9,4,8
1,<environment.Job instance at 0x14634808cb90>,3,2,[2 8],10,10,12,0,10
1,<environment.Job instance at 0x14634808caa0>,4,2,[2 5],11,12,14,1,11
1,<environment.Job instance at 0x14634808c7d0>,5,16,[8 1],13,80,96,67,80
1,<environment.Job instance at 0x14634afbf870>,34,2,[7 2],62,96,98,34,80
1,<environment.Job instance at 0x14634afbf6e0>,35,2,[2 5],63,80,82,17,80
1,<environment.Job instance at 0x14634afbfe10>,36,3,[2 6],64,82,85,18,80
1,<environment.Job instance at 0x14634afbf780>,37,15,[1 6],66,85,100,19,80
1,<environment.Job instance at 0x14634afbf4b0>,38,3,[8 2],67,98,101,31,80
1,<environment.Job instance at 0x14634afbf500>,39,2,[2 7],68,100,102,32,80
1,<environment.Job instance at 0x14634afbf8c0>,40,2,[2 8],70,102,104,32,80
1,<environment.Job instance at 0x14634afbfc80>,41,1,[6 2],72,101,102,29,80
1,<environment.Job instance at 0x14634afbfb40>,42,3,[1 6],73,104,107,31,80
1,<environment.Job instance at 0x14634afbfdc0>,43,1,[2 6],74,107,108,33,80
1,<environment.Job instance at 0x14634afbf730>,44,2,[ 2 10],75,108,110,33,81
1,<environment.Job instance at 0x146348d50500>,45,16,[9 2],76,110,126,34,97
1,<environment.Job instance at 0x146348121b90>,55,1,[2 9],89,126,127,37,98
1,<environment.Job instance at 0x146348121af0>,56,3,[ 1 10],90,127,130,37,101
1,<environment.Job instance at 0x146348121500>,57,1,[1 9],91,130,131,39,102
1,<environment.Job instance at 0x1463481215f0>,58,3,[7 2],92,102,105,10,102
1,<environment.Job instance at 0x146348d86460>,14,16,[9 1],24,130,146,106,119
1,<environment.Job instance at 0x146348121c30>,59,15,[7 2],93,213,228,120,213
1,<environment.Job instance at 0x14637416efa0>,106,18,[2 8],155,213,231,58,213
1,<environment.Job instance at 0x14637416ef00>,107,17,[6 1],156,228,245,72,216
1,<environment.Job instance at 0x14637416ecd0>,108,3,[7 1],157,245,248,88,219
1,<environment.Job instance at 0x14637416ed20>,109,2,[5 1],158,248,250,90,221
1,<environment.Job instance at 0x1463841285a0>,110,14,[10  2],159,250,264,91,235
1,<environment.Job instance at 0x146384128f00>,113,15,[1 7],162,235,250,73,235
1,<environment.Job instance at 0x146384128d20>,114,1,[6 1],164,264,265,100,240
1,<environment.Job instance at 0x1463841287d0>,118,1,[2 9],168,264,265,96,240
1,<environment.Job instance at 0x14634789e280>,0,3,[10  1],1,5,8,4,5
1,<environment.Job instance at 0x1463847f6050>,3,1,[9 2],6,37,38,31,37
1,<environment.Job instance at 0x146347ee03c0>,25,3,[8 1],38,38,41,0,38
1,<environment.Job instance at 0x146348257e60>,26,15,[2 6],39,39,54,0,39
1,<environment.Job instance at 0x1463498c95a0>,30,1,[1 5],45,54,55,9,50
1,<environment.Job instance at 0x146348152b90>,34,2,[1 9],49,55,57,6,50
1,<environment.Job instance at 0x146348de36e0>,35,1,[1 6],50,57,58,7,57
1,<environment.Job instance at 0x14634bce6460>,40,14,[1 9],59,59,73,0,59
1,<environment.Job instance at 0x14634bce6e10>,41,2,[ 1 10],60,73,75,13,60
1,<environment.Job instance at 0x14634bce63c0>,42,16,[7 2],62,75,91,13,62
1,<environment.Job instance at 0x14634bce6c80>,43,12,[8 1],63,182,194,119,182
1,<environment.Job instance at 0x146347fa0aa0>,89,2,[5 2],135,194,196,59,182
1,<environment.Job instance at 0x146348d50c80>,90,3,[8 1],137,196,199,59,182
1,<environment.Job instance at 0x146348d50af0>,91,2,[6 1],138,199,201,61,182
1,<environment.Job instance at 0x146348d50370>,92,3,[6 2],140,201,204,61,182
1,<environment.Job instance at 0x146348d50460>,93,12,[9 2],141,204,216,63,187
1,<environment.Job instance at 0x146348d50fa0>,94,1,[6 2],143,216,217,73,188
1,<environment.Job instance at 0x1463478e7b40>,0,1,[2 7],3,4,5,1,4
1,<environment.Job instance at 0x1463482c2dc0>,6,2,[6 2],13,13,15,0,13
1,<environment.Job instance at 0x14634be22960>,8,3,[6 2],17,17,20,0,17
1,<environment.Job instance at 0x1463482c2f50>,2,15,[7 2],5,25,40,20,25
1,<environment.Job instance at 0x146348274b90>,14,1,[7 2],26,40,41,14,26
1,<environment.Job instance at 0x14634bcf63c0>,15,2,[7 2],27,41,43,14,27
1,<environment.Job instance at 0x1463741633c0>,16,1,[9 2],29,43,44,14,29
1,<environment.Job instance at 0x146347ff5410>,17,2,[ 1 10],30,44,46,14,30
1,<environment.Job instance at 0x146348152a50>,18,14,[2 8],31,46,60,15,31
1,<environment.Job instance at 0x146374163820>,19,15,[1 8],32,60,75,28,46
1,<environment.Job instance at 0x146347eb3dc0>,23,17,[1 6],37,75,92,38,63
1,<environment.Job instance at 0x14634bced7d0>,32,3,[ 1 10],49,92,95,43,66
1,<environment.Job instance at 0x14634bd0acd0>,33,13,[1 7],51,95,108,44,79
1,<environment.Job instance at 0x14634bd0a820>,34,2,[2 9],52,108,110,56,82
1,<environment.Job instance at 0x14634bd0afa0>,40,2,[7 1],58,87,89,29,87
1,<environment.Job instance at 0x146375c54500>,45,1,[1 8],68,110,111,42,87
1,<environment.Job instance at 0x146375c54460>,46,27,[1 7],69,113,140,44,113
1,<environment.Job instance at 0x1463766f0870>,54,3,[ 1 10],81,140,143,59,114
1,<environment.Job instance at 0x1463766f0af0>,55,25,[5 1],82,114,139,32,114
1,<environment.Job instance at 0x146348640b90>,57,2,[2 7],84,143,145,59,116
1,<environment.Job instance at 0x14634814fa00>,58,2,[2 9],85,145,147,60,118
1,<environment.Job instance at 0x146348640320>,59,1,[2 7],86,147,148,61,119
1,<environment.Job instance at 0x146347e548c0>,60,2,[8 1],87,143,145,56,119
1,<environment.Job instance at 0x146347e541e0>,61,13,[10  1],90,148,161,58,135
1,<environment.Job instance at 0x146348e3a410>,73,1,[5 1],108,139,140,31,135
1,<environment.Job instance at 0x14634be0ebe0>,74,1,[9 1],109,161,162,52,135
1,<environment.Job instance at 0x14639e41da00>,0,2,[9 1],3,9,11,6,9
1,<environment.Job instance at 0x1463740b1c30>,4,2,[9 2],11,11,13,0,11
1,<environment.Job instance at 0x146347cdd2d0>,5,2,[2 5],12,13,15,1,12
1,<environment.Job instance at 0x146347cddbe0>,6,3,[8 1],13,13,16,0,13
1,<environment.Job instance at 0x146347cdd410>,7,1,[2 8],14,15,16,1,14
1,<environment.Job instance at 0x146347cddb90>,8,1,[ 1 10],17,17,18,0,17
1,<environment.Job instance at 0x146347cdd0f0>,9,2,[1 8],20,20,22,0,20
1,<environment.Job instance at 0x146347cdd8c0>,10,1,[9 2],21,54,55,33,54
1,<environment.Job instance at 0x14634b221f00>,31,2,[7 2],55,56,58,1,56
1,<environment.Job instance at 0x14634b2219b0>,30,1,[9 1],52,58,59,6,57
1,<environment.Job instance at 0x14634b221b40>,33,14,[8 1],57,59,73,2,58
1,<environment.Job instance at 0x1463740bc230>,34,3,[ 1 10],59,73,76,14,59
1,<environment.Job instance at 0x1463740bc5f0>,35,3,[9 1],60,76,79,16,60
1,<environment.Job instance at 0x1463740bcfa0>,36,16,[10  1],61,79,95,18,66
1,<environment.Job instance at 0x1463740bcaf0>,40,15,[1 5],65,95,110,30,81
1,<environment.Job instance at 0x1463740bc550>,38,1,[2 7],63,1538,1539,1475,1538
1,<environment.Job instance at 0x146347c3bb90>,2,3,[6 1],3,8,11,5,8
1,<environment.Job instance at 0x146347fe7410>,5,3,[8 2],9,11,14,2,9
1,<environment.Job instance at 0x146347ba54b0>,6,1,[2 8],15,15,16,0,15
1,<environment.Job instance at 0x146347fe74b0>,7,1,[6 1],16,23,24,7,23
1,<environment.Job instance at 0x146347fe7aa0>,15,17,[ 2 10],24,24,41,0,24
1,<environment.Job instance at 0x146384ed7f50>,95,3,[9 1],144,317,320,173,317
1,<environment.Job instance at 0x146384ed7f00>,97,2,[2 7],146,320,322,174,317
1,<environment.Job instance at 0x146384ed7410>,98,18,[1 5],147,322,340,175,317
1,<environment.Job instance at 0x146384ed7730>,99,18,[10  2],148,344,362,196,344
1,<environment.Job instance at 0x146375bd3870>,132,25,[2 5],188,378,403,190,378
1,<environment.Job instance at 0x14634b312c30>,36,18,[6 2],58,70,88,12,70
1,<environment.Job instance at 0x1463485fdd70>,0,14,[5 1],1,88,102,87,73
1,<environment.Job instance at 0x146348da5d20>,41,19,[ 1 10],65,102,121,37,92
1,<environment.Job instance at 0x14634bcd7af0>,42,2,[2 7],67,92,94,25,92
1,<environment.Job instance at 0x1463480c80f0>,43,2,[8 1],68,121,123,53,94
1,<environment.Job instance at 0x146348130960>,48,3,[8 1],75,123,126,48,97
1,<environment.Job instance at 0x146348598460>,49,1,[1 7],76,98,99,22,98
1,<environment.Job instance at 0x146348598cd0>,50,2,[1 9],77,99,101,22,98
1,<environment.Job instance at 0x14634bcd7c30>,40,1,[1 6],63,1761,1762,1698,1761
1,<environment.Job instance at 0x14634808c6e0>,1,1,[ 2 10],4,6,7,2,6
1,<environment.Job instance at 0x1463482a0870>,4,14,[10  2],7,9,23,2,9
1,<environment.Job instance at 0x14634792dc80>,7,3,[10  2],10,23,26,13,10
1,<environment.Job instance at 0x14634792de10>,8,16,[1 8],12,26,42,14,13
1,<environment.Job instance at 0x14634792d500>,10,2,[5 1],14,26,28,12,14
1,<environment.Job instance at 0x146347eca500>,11,18,[7 1],15,28,46,13,22
1,<environment.Job instance at 0x146347eca050>,16,1,[1 8],25,42,43,17,25
1,<environment.Job instance at 0x14634b1cd8c0>,17,2,[5 2],26,46,48,20,26
1,<environment.Job instance at 0x1463483a5500>,27,3,[6 1],39,48,51,9,44
1,<environment.Job instance at 0x1463483a5d20>,32,1,[5 1],46,47,48,1,47
1,<environment.Job instance at 0x146375a58f50>,33,1,[8 2],47,51,52,4,47
1,<environment.Job instance at 0x146348d18820>,37,16,[8 2],51,194,210,143,194
1,<environment.Job instance at 0x146375a588c0>,34,18,[6 2],48,210,228,162,199
1,<environment.Job instance at 0x1463478a83c0>,107,2,[8 1],146,228,230,82,201
1,<environment.Job instance at 0x1463478a8b40>,108,2,[1 7],147,201,203,54,201
1,<environment.Job instance at 0x146375b8c370>,109,3,[9 2],150,230,233,80,204
1,<environment.Job instance at 0x146347b471e0>,132,3,[8 1],181,259,262,78,259
1,<environment.Job instance at 0x146347fda500>,0,1,[5 1],2,448,449,446,448
1,<environment.Job instance at 0x146347a632d0>,15,1,[7 1],25,449,450,424,449
1,<environment.Job instance at 0x146376770410>,16,27,[8 1],26,514,541,488,514
1,<environment.Job instance at 0x146375c39aa0>,50,18,[1 7],82,514,532,432,514
1,<environment.Job instance at 0x146375c398c0>,51,16,[1 7],84,532,548,448,519
1,<environment.Job instance at 0x146375c39c80>,52,1,[2 6],85,548,549,463,520
1,<environment.Job instance at 0x146375c390a0>,53,3,[6 1],86,541,544,455,520
1,<environment.Job instance at 0x146375c39f00>,54,1,[8 1],87,544,545,457,520
1,<environment.Job instance at 0x146375c392d0>,55,18,[2 9],88,549,567,461,538
1,<environment.Job instance at 0x146375c39820>,56,1,[8 1],90,545,546,455,538
1,<environment.Job instance at 0x14634b281be0>,60,1,[1 9],95,567,568,472,539
1,<environment.Job instance at 0x14634b2818c0>,61,17,[1 5],96,568,585,472,556
1,<environment.Job instance at 0x14634861b820>,72,1,[2 5],118,568,569,450,556
1,<environment.Job instance at 0x1463747d99b0>,78,1,[1 7],126,585,586,459,559
1,<environment.Job instance at 0x1463747d9320>,79,3,[1 7],127,586,589,459,560
1,<environment.Job instance at 0x1463747d9500>,80,3,[6 1],128,569,572,441,566
1,<environment.Job instance at 0x1463747d9e60>,84,12,[9 2],135,572,584,437,566
1,<environment.Job instance at 0x1463747d9280>,85,3,[8 2],137,584,587,447,566
1,<environment.Job instance at 0x146347aefdc0>,3,3,[6 1],7,589,592,582,589
1,<environment.Job instance at 0x1463747d9550>,86,21,[10  2],139,1596,1617,1457,1596
1,<environment.Job instance at 0x14634bd6eeb0>,0,13,[9 2],1,21,34,20,21
1,<environment.Job instance at 0x14634b350460>,15,14,[2 6],22,34,48,12,22
1,<environment.Job instance at 0x14634b3505a0>,16,1,[5 1],28,34,35,6,32
1,<environment.Job instance at 0x146347b6ccd0>,19,18,[2 6],34,48,66,14,37
1,<environment.Job instance at 0x14634b3f55f0>,22,1,[2 6],38,66,67,28,38
1,<environment.Job instance at 0x14634b3dd500>,23,14,[6 2],39,39,53,0,39
1,<environment.Job instance at 0x1463740b7550>,42,1,[2 9],62,102,103,40,102
1,<environment.Job instance at 0x1463740b7280>,43,2,[9 2],63,103,105,40,102
1,<environment.Job instance at 0x1463740b7690>,44,17,[ 1 10],65,105,122,40,102
1,<environment.Job instance at 0x1463740b1e60>,45,1,[5 1],68,102,103,34,102
1,<environment.Job instance at 0x1463740b1dc0>,46,1,[2 8],69,122,123,53,102
1,<environment.Job instance at 0x1463740b16e0>,47,3,[2 5],70,123,126,53,102
1,<environment.Job instance at 0x146384ed86e0>,48,1,[2 9],71,126,127,55,102
1,<environment.Job instance at 0x1463740b1960>,49,18,[1 5],72,127,145,55,116
1,<environment.Job instance at 0x1463740b1fa0>,50,1,[7 2],75,122,123,47,116
1,<environment.Job instance at 0x1463478aab40>,51,12,[10  2],77,145,157,68,128
1,<environment.Job instance at 0x1463840baa00>,0,3,[ 1 10],1,1,4,0,1
1,<environment.Job instance at 0x14639c1f54b0>,1,2,[8 1],2,4,6,2,4
1,<environment.Job instance at 0x1463840ba730>,4,2,[2 7],5,5,7,0,5
1,<environment.Job instance at 0x1463840ba050>,5,3,[ 2 10],7,7,10,0,7
1,<environment.Job instance at 0x14637679c8c0>,8,3,[10  1],12,12,15,0,12
1,<environment.Job instance at 0x14634af6eeb0>,9,1,[10  1],14,15,16,1,14
1,<environment.Job instance at 0x14634bcd0550>,10,2,[1 9],15,16,18,1,15
1,<environment.Job instance at 0x146347c82af0>,17,3,[8 2],22,22,25,0,22
1,<environment.Job instance at 0x146348583cd0>,34,2,[7 2],46,47,49,1,47
1,<environment.Job instance at 0x146347c878c0>,0,2,[2 8],1,1,3,0,1
1,<environment.Job instance at 0x14638416f910>,1,12,[7 1],2,20,32,18,20
1,<environment.Job instance at 0x146347ef4190>,17,1,[2 9],21,21,22,0,21
1,<environment.Job instance at 0x1463480a43c0>,18,2,[8 1],22,32,34,10,22
1,<environment.Job instance at 0x14634800b9b0>,19,17,[5 1],23,34,51,11,23
1,<environment.Job instance at 0x146347dbf640>,20,13,[6 1],24,87,100,63,87
1,<environment.Job instance at 0x1463740771e0>,68,1,[7 2],88,100,101,12,88
1,<environment.Job instance at 0x146374077280>,69,2,[7 1],89,101,103,12,89
1,<environment.Job instance at 0x146374077550>,73,14,[1 8],93,98,112,5,98
1,<environment.Job instance at 0x1463477d9230>,7,2,[7 1],10,10,12,0,10
1,<environment.Job instance at 0x1463477d9f50>,9,3,[8 1],13,13,16,0,13
1,<environment.Job instance at 0x1463740a38c0>,10,15,[10  2],14,18,33,4,18
1,<environment.Job instance at 0x14634be83230>,0,19,[9 2],1,33,52,32,23
1,<environment.Job instance at 0x1463841b2230>,17,3,[1 7],25,33,36,8,25
1,<environment.Job instance at 0x146375b10640>,18,2,[2 7],28,52,54,24,28
1,<environment.Job instance at 0x146348113960>,19,2,[1 5],31,36,38,5,31
1,<environment.Job instance at 0x146347e3af00>,20,18,[2 7],32,54,72,22,43
1,<environment.Job instance at 0x1463840f3b40>,27,1,[1 6],41,43,44,2,43
1,<environment.Job instance at 0x14634afe3eb0>,29,1,[5 1],43,52,53,9,44
1,<environment.Job instance at 0x146374020500>,31,3,[1 5],47,47,50,0,47
1,<environment.Job instance at 0x14634af5f190>,32,1,[ 1 10],48,72,73,24,49
1,<environment.Job instance at 0x14634b42da00>,34,1,[10  1],52,73,74,21,73
1,<environment.Job instance at 0x14634af769b0>,43,2,[1 8],64,74,76,10,73
1,<environment.Job instance at 0x14634af765f0>,44,1,[2 8],65,76,77,11,73
1,<environment.Job instance at 0x14634af763c0>,45,2,[10  2],66,77,79,11,73
1,<environment.Job instance at 0x146347de05f0>,46,2,[10  2],67,79,81,12,75
1,<environment.Job instance at 0x146347de0b40>,47,3,[2 6],68,81,84,13,75
1,<environment.Job instance at 0x146347de0870>,48,2,[ 2 10],70,84,86,14,75
1,<environment.Job instance at 0x146347de0730>,49,2,[10  1],71,86,88,15,75
1,<environment.Job instance at 0x146347de0820>,50,16,[ 1 10],73,88,104,15,75
1,<environment.Job instance at 0x146347de02d0>,51,3,[2 9],74,104,107,30,78
1,<environment.Job instance at 0x146348111960>,52,1,[1 8],75,107,108,32,79
1,<environment.Job instance at 0x1463481114b0>,53,1,[8 2],78,81,82,3,79
1,<environment.Job instance at 0x1463483ffd70>,54,2,[7 2],79,82,84,3,79
1,<environment.Job instance at 0x1463483ff640>,55,1,[1 8],80,108,109,28,80
1,<environment.Job instance at 0x1463483ff370>,56,1,[2 9],81,109,110,28,81
1,<environment.Job instance at 0x146347e32910>,57,14,[9 1],84,110,124,26,101
1,<environment.Job instance at 0x1463483af5f0>,69,1,[6 1],103,104,105,1,103
1,<environment.Job instance at 0x1463483af410>,70,1,[2 8],104,124,125,20,104
1,<environment.Job instance at 0x1463478c6280>,71,2,[2 6],106,125,127,19,106
1,<environment.Job instance at 0x146347aefaf0>,72,1,[1 8],107,110,111,3,107
1,<environment.Job instance at 0x146347f37870>,73,3,[8 1],108,124,127,16,111
1,<environment.Job instance at 0x14634be3a640>,77,3,[1 9],112,112,115,0,112
1,<environment.Job instance at 0x146375e98dc0>,78,3,[1 5],113,115,118,2,113
1,<environment.Job instance at 0x146347c64a50>,79,26,[1 7],114,127,153,13,124
1,<environment.Job instance at 0x14634783f5f0>,88,1,[1 8],125,153,154,28,125
1,<environment.Job instance at 0x14634783f910>,89,1,[8 1],126,127,128,1,126
1,<environment.Job instance at 0x14634783f8c0>,90,15,[1 6],127,154,169,27,140
1,<environment.Job instance at 0x14634783faf0>,92,18,[7 2],131,159,177,28,159
1,<environment.Job instance at 0x14634b090f00>,136,22,[5 2],189,369,391,180,369
1,<environment.Job instance at 0x146347a23410>,1,27,[10  2],4,7,34,3,7
1,<environment.Job instance at 0x14634b090d20>,5,15,[1 7],8,34,49,26,20
1,<environment.Job instance at 0x14634b1c51e0>,11,13,[8 2],15,34,47,19,20
1,<environment.Job instance at 0x14634b1c5eb0>,13,1,[2 7],17,49,50,32,21
1,<environment.Job instance at 0x14634b1c5d70>,14,15,[5 2],18,47,62,29,33
1,<environment.Job instance at 0x14634be53f00>,18,3,[6 1],24,62,65,38,36
1,<environment.Job instance at 0x14634be53550>,19,2,[1 7],25,50,52,25,36
1,<environment.Job instance at 0x14634be53500>,20,1,[ 1 10],26,65,66,39,37
1,<environment.Job instance at 0x14634a53d820>,21,1,[6 1],30,66,67,36,38
1,<environment.Job instance at 0x14634a53d0f0>,22,2,[7 1],31,67,69,36,40
1,<environment.Job instance at 0x14634a53dc80>,23,2,[2 9],33,62,64,29,40
1,<environment.Job instance at 0x14634a53dd70>,24,13,[8 2],34,69,82,35,53
1,<environment.Job instance at 0x14634a53dd20>,27,1,[1 9],38,64,65,26,53
1,<environment.Job instance at 0x14634a53db90>,28,1,[1 6],39,53,54,14,53
1,<environment.Job instance at 0x14634a53d230>,29,13,[8 1],41,82,95,41,66
1,<environment.Job instance at 0x146348e3ce10>,91,3,[9 1],129,195,198,66,195
1,<environment.Job instance at 0x146375c2c2d0>,33,16,[7 1],45,2858,2874,2813,2858
