iteration,job object,job ID,job Length,job ressource requirement,job enter time,job start time,job finish time,job waiting time,current time
1,<environment.Job instance at 0x14a75e831500>,5,25,[7 1],6,6,31,0,6
1,<environment.Job instance at 0x14a75f49db40>,3,2,[1 7],4,6,8,2,6
1,<environment.Job instance at 0x14a75e8318c0>,7,1,[7 2],8,31,32,23,10
1,<environment.Job instance at 0x14a75e831c80>,8,2,[2 5],9,14,16,5,14
1,<environment.Job instance at 0x14a75e821960>,13,27,[1 8],14,18,45,4,18
1,<environment.Job instance at 0x14a75e821320>,18,3,[1 6],19,64,67,45,64
1,<environment.Job instance at 0x14a75e821050>,12,22,[2 6],13,79,101,66,79
1,<environment.Job instance at 0x14a75e866a50>,26,20,[2 8],27,101,121,74,94
1,<environment.Job instance at 0x14a75e831640>,9,2,[5 2],10,12,14,2,12
1,<environment.Job instance at 0x14a75e757820>,10,19,[1 7],11,12,31,1,12
1,<environment.Job instance at 0x14a75dae7960>,16,21,[2 6],17,35,56,18,35
1,<environment.Job instance at 0x14a75e772370>,6,27,[10  2],7,69,96,62,69
1,<environment.Job instance at 0x14a75dae7fa0>,23,27,[9 1],24,96,123,72,96
1,<environment.Job instance at 0x14a75daed320>,28,17,[2 7],29,123,140,94,111
1,<environment.Job instance at 0x14a75e772690>,5,21,[10  1],6,11,32,5,11
1,<environment.Job instance at 0x14a75e74c9b0>,8,28,[10  1],9,48,76,39,48
1,<environment.Job instance at 0x14a75d4f4820>,20,2,[1 5],21,76,78,55,76
1,<environment.Job instance at 0x14a75d4f48c0>,21,2,[9 2],22,77,79,55,77
1,<environment.Job instance at 0x14a75d4f4960>,22,3,[2 8],23,79,82,56,79
1,<environment.Job instance at 0x14a75d4f4730>,23,21,[7 2],24,82,103,58,82
1,<environment.Job instance at 0x14a75d4f4aa0>,24,14,[7 1],25,103,117,78,90
1,<environment.Job instance at 0x14a75d4f4b40>,25,20,[2 9],26,103,123,77,97
1,<environment.Job instance at 0x14a75e83c140>,2,24,[2 9],3,4,28,1,4
1,<environment.Job instance at 0x14a75d4f73c0>,10,20,[10  2],11,28,48,17,20
1,<environment.Job instance at 0x14a75c8abfa0>,14,12,[10  1],15,48,60,33,37
1,<environment.Job instance at 0x14a75c8b05f0>,22,3,[2 8],23,60,63,37,57
1,<environment.Job instance at 0x14a75c8b0640>,23,28,[2 5],24,72,100,48,72
1,<environment.Job instance at 0x14a75c8b0af0>,28,28,[7 2],29,88,116,59,88
1,<environment.Job instance at 0x14a75dae7e10>,4,12,[10  2],5,8,20,3,8
1,<environment.Job instance at 0x14a75bd4f960>,17,27,[1 9],18,96,123,78,96
1,<environment.Job instance at 0x14a75bd4f410>,19,3,[1 7],20,123,126,103,103
1,<environment.Job instance at 0x14a75bd4ff00>,4,28,[7 1],5,5,33,0,5
1,<environment.Job instance at 0x14a75bcdd280>,10,20,[6 1],11,33,53,22,25
1,<environment.Job instance at 0x14a75bd94550>,14,26,[2 9],15,46,72,31,46
1,<environment.Job instance at 0x14a75b5a6dc0>,9,14,[1 6],10,25,39,15,25
1,<environment.Job instance at 0x14a75b5a6780>,17,17,[6 2],18,54,71,36,54
1,<environment.Job instance at 0x14a75b5a61e0>,18,19,[1 5],19,55,74,36,55
1,<environment.Job instance at 0x14a75b5a6c30>,21,24,[2 5],22,74,98,52,74
1,<environment.Job instance at 0x14a75b641d20>,8,19,[1 6],9,11,30,2,11
1,<environment.Job instance at 0x14a75b6418c0>,10,28,[7 1],11,13,41,2,13
1,<environment.Job instance at 0x14a75f499690>,13,20,[1 6],14,30,50,16,26
1,<environment.Job instance at 0x14a75df8de60>,18,25,[5 2],19,41,66,22,40
1,<environment.Job instance at 0x14a75df8da00>,25,15,[6 1],26,77,92,51,77
1,<environment.Job instance at 0x14a75b602c30>,1,3,[1 7],2,2,5,0,2
1,<environment.Job instance at 0x14a75b5e1730>,5,20,[9 1],6,6,26,0,6
1,<environment.Job instance at 0x14a75df0dc80>,6,21,[1 7],7,21,42,14,21
1,<environment.Job instance at 0x14a75b641370>,15,16,[10  1],16,43,59,27,43
1,<environment.Job instance at 0x14a75e90de60>,19,12,[1 9],20,70,82,50,70
1,<environment.Job instance at 0x14a75ee830a0>,20,21,[6 2],21,82,103,61,79
1,<environment.Job instance at 0x14a75ee83230>,21,17,[2 6],22,82,99,60,80
1,<environment.Job instance at 0x14a75ee44c80>,25,19,[10  2],26,103,122,77,102
1,<environment.Job instance at 0x14a75e90dfa0>,1,28,[9 1],2,12,40,10,12
1,<environment.Job instance at 0x14a759bd17d0>,17,3,[6 1],18,40,43,22,36
1,<environment.Job instance at 0x14a759bd1820>,19,1,[2 8],20,40,41,20,36
1,<environment.Job instance at 0x14a759bd19b0>,20,3,[7 1],21,43,46,22,42
1,<environment.Job instance at 0x14a759bd1cd0>,25,20,[2 9],26,76,96,50,76
1,<environment.Job instance at 0x14a75df0d1e0>,2,12,[8 1],3,5,17,2,5
1,<environment.Job instance at 0x14a75ee44fa0>,7,24,[2 6],8,13,37,5,13
1,<environment.Job instance at 0x14a7590e8550>,15,15,[2 8],16,37,52,21,30
1,<environment.Job instance at 0x14a758ff48c0>,19,14,[1 9],20,52,66,32,47
1,<environment.Job instance at 0x14a758ff4370>,22,16,[2 8],23,66,82,43,64
1,<environment.Job instance at 0x14a758ff40a0>,24,22,[7 2],25,76,98,51,76
1,<environment.Job instance at 0x14a7590fd320>,2,21,[10  2],3,3,24,0,3
1,<environment.Job instance at 0x14a759528a00>,9,21,[1 7],10,24,45,14,18
1,<environment.Job instance at 0x14a7590fd640>,4,2,[2 6],5,45,47,40,20
1,<environment.Job instance at 0x14a75960fdc0>,17,28,[2 5],18,49,77,31,49
1,<environment.Job instance at 0x14a7594f6eb0>,23,12,[2 5],24,77,89,53,77
1,<environment.Job instance at 0x14a7594f60a0>,20,28,[1 6],21,89,117,68,88
1,<environment.Job instance at 0x14a7594f69b0>,28,22,[7 1],29,104,126,75,104
1,<environment.Job instance at 0x14a7594eab40>,6,21,[10  1],7,12,33,5,12
1,<environment.Job instance at 0x14a7594d3460>,13,21,[9 2],14,36,57,22,36
1,<environment.Job instance at 0x14a75b5d0cd0>,17,1,[6 1],18,57,58,39,55
1,<environment.Job instance at 0x14a75b61c690>,21,21,[2 6],22,78,99,56,78
1,<environment.Job instance at 0x14a75b61cd20>,22,12,[2 8],23,99,111,76,90
1,<environment.Job instance at 0x14a75b61c870>,25,26,[5 2],26,92,118,66,92
1,<environment.Job instance at 0x14a7594fad70>,5,22,[10  1],6,12,34,6,12
1,<environment.Job instance at 0x14a75b5feb90>,10,15,[2 8],11,34,49,23,29
1,<environment.Job instance at 0x14a75b5fe500>,9,26,[7 2],10,37,63,27,37
1,<environment.Job instance at 0x14a7594eaf00>,12,14,[1 6],13,49,63,36,38
1,<environment.Job instance at 0x14a75a6cb820>,19,23,[9 1],20,67,90,47,67
1,<environment.Job instance at 0x14a75a6cb730>,22,1,[2 5],23,90,91,67,84
1,<environment.Job instance at 0x14a75a6cb690>,24,24,[2 8],25,91,115,66,89
1,<environment.Job instance at 0x14a75a788190>,26,21,[2 7],27,115,136,88,108
1,<environment.Job instance at 0x14a75a788230>,27,1,[8 1],28,114,115,86,114
1,<environment.Job instance at 0x14a75b5feaa0>,5,24,[9 1],6,8,32,2,8
1,<environment.Job instance at 0x14a7594ea410>,6,22,[1 7],7,9,31,2,9
1,<environment.Job instance at 0x14a75a788280>,8,12,[1 7],9,31,43,22,14
1,<environment.Job instance at 0x14a7594f6820>,4,27,[6 1],5,32,59,27,31
1,<environment.Job instance at 0x14a75a788aa0>,15,18,[2 8],16,43,61,27,35
1,<environment.Job instance at 0x14a75a788d70>,14,20,[8 1],15,62,82,47,62
1,<environment.Job instance at 0x14a75a7880f0>,12,28,[2 6],13,80,108,67,80
1,<environment.Job instance at 0x14a75c64f3c0>,26,24,[6 2],27,85,109,58,85
1,<environment.Job instance at 0x14a75d17cc80>,1,2,[2 5],2,3,5,1,3
1,<environment.Job instance at 0x14a75c83d410>,5,25,[7 1],6,6,31,0,6
1,<environment.Job instance at 0x14a75c83d550>,8,2,[2 5],9,11,13,2,11
1,<environment.Job instance at 0x14a75c83d370>,11,14,[10  2],12,31,45,19,18
1,<environment.Job instance at 0x14a75d1871e0>,0,24,[ 1 10],1,51,75,50,51
1,<environment.Job instance at 0x14a75c83de60>,20,3,[7 1],21,75,78,54,67
1,<environment.Job instance at 0x14a75c823280>,28,20,[1 9],29,95,115,66,95
1,<environment.Job instance at 0x14a75b869d70>,9,2,[5 2],10,12,14,2,12
1,<environment.Job instance at 0x14a75a9b3370>,10,19,[1 7],11,12,31,1,12
1,<environment.Job instance at 0x14a75d07c550>,6,27,[10  2],7,46,73,39,46
1,<environment.Job instance at 0x14a757ecd780>,5,21,[10  1],6,13,34,7,13
1,<environment.Job instance at 0x14a75b8720a0>,8,28,[10  1],9,47,75,38,47
1,<environment.Job instance at 0x14a757eed3c0>,17,19,[8 1],18,88,107,70,88
1,<environment.Job instance at 0x14a757ee0780>,16,14,[9 1],17,107,121,90,97
1,<environment.Job instance at 0x14a759a7faa0>,22,3,[2 8],23,121,124,98,108
1,<environment.Job instance at 0x14a759a7f960>,23,21,[7 2],24,121,142,97,114
1,<environment.Job instance at 0x14a757ecfe10>,2,24,[2 9],3,4,28,1,4
1,<environment.Job instance at 0x14a758aad140>,11,14,[6 1],12,27,41,15,27
1,<environment.Job instance at 0x14a7588f7aa0>,23,28,[2 5],24,88,116,64,88
1,<environment.Job instance at 0x14a758a1a8c0>,28,28,[7 2],29,115,143,86,115
1,<environment.Job instance at 0x14a757ecfeb0>,4,12,[10  2],5,7,19,2,7
1,<environment.Job instance at 0x14a75a394640>,19,3,[1 7],20,125,128,105,125
1,<environment.Job instance at 0x14a75858f410>,3,28,[7 2],4,5,33,1,5
1,<environment.Job instance at 0x14a75a38fdc0>,7,2,[2 5],8,20,22,12,20
1,<environment.Job instance at 0x14a75a38f5f0>,13,25,[1 8],14,29,54,15,29
1,<environment.Job instance at 0x14a75efc24b0>,9,14,[1 6],10,25,39,15,25
1,<environment.Job instance at 0x14a75efc2230>,14,25,[10  1],15,57,82,42,57
1,<environment.Job instance at 0x14a75efc2690>,15,1,[1 7],16,82,83,66,60
1,<environment.Job instance at 0x14a758dc5550>,20,17,[1 7],21,83,100,62,76
1,<environment.Job instance at 0x14a758dc5780>,18,19,[1 5],19,100,119,81,94
1,<environment.Job instance at 0x14a75eca55f0>,1,26,[7 2],2,2,28,0,2
1,<environment.Job instance at 0x14a758df05a0>,5,20,[1 5],6,19,39,13,19
1,<environment.Job instance at 0x14a757fd5280>,13,20,[1 6],14,40,60,26,40
1,<environment.Job instance at 0x14a757fd5320>,17,3,[2 5],18,60,63,42,47
1,<environment.Job instance at 0x14a757fd5730>,18,25,[5 2],19,48,73,29,48
1,<environment.Job instance at 0x14a757fd55f0>,14,14,[10  1],15,73,87,58,59
1,<environment.Job instance at 0x14a757fd5780>,25,15,[6 1],26,87,102,61,75
1,<environment.Job instance at 0x14a757fd5aa0>,27,20,[7 2],28,102,122,74,96
1,<environment.Job instance at 0x14a75806b320>,1,3,[1 7],2,8,11,6,8
1,<environment.Job instance at 0x14a758df0320>,5,20,[9 1],6,9,29,3,9
1,<environment.Job instance at 0x14a757ff4370>,7,20,[5 2],8,29,49,21,22
1,<environment.Job instance at 0x14a758ba3870>,16,16,[7 2],17,49,65,32,37
1,<environment.Job instance at 0x14a758ba3b40>,17,26,[9 1],18,65,91,47,62
1,<environment.Job instance at 0x14a758ba3500>,23,2,[8 1],24,91,93,67,71
1,<environment.Job instance at 0x14a758e38e60>,9,19,[2 9],10,15,34,5,15
1,<environment.Job instance at 0x14a758e384b0>,14,12,[7 1],15,39,51,24,39
1,<environment.Job instance at 0x14a758e38f00>,13,22,[6 2],14,51,73,37,45
1,<environment.Job instance at 0x14a757ff4460>,8,21,[2 6],9,55,76,46,55
1,<environment.Job instance at 0x14a75b0033c0>,19,1,[2 8],20,76,77,56,72
1,<environment.Job instance at 0x14a75b6c1460>,25,20,[2 9],26,77,97,51,72
1,<environment.Job instance at 0x14a75b18be60>,27,28,[10  1],28,97,125,69,96
1,<environment.Job instance at 0x14a757ff4be0>,2,12,[8 1],3,5,17,2,5
1,<environment.Job instance at 0x14a758ba3190>,10,3,[7 2],11,30,33,19,30
1,<environment.Job instance at 0x14a75ad3fd70>,12,23,[8 2],13,33,56,20,32
1,<environment.Job instance at 0x14a75a1f3370>,21,15,[7 1],22,61,76,39,61
1,<environment.Job instance at 0x14a75a1f3780>,22,16,[2 8],23,62,78,39,62
1,<environment.Job instance at 0x14a75a1f3410>,23,3,[9 2],24,78,81,54,66
1,<environment.Job instance at 0x14a75a1f3aa0>,24,22,[7 2],25,81,103,56,81
1,<environment.Job instance at 0x14a758ba3dc0>,15,15,[2 8],16,84,99,68,84
1,<environment.Job instance at 0x14a75a1f3550>,25,27,[2 7],26,107,134,81,107
1,<environment.Job instance at 0x14a75a1b9050>,2,21,[10  2],3,3,24,0,3
1,<environment.Job instance at 0x14a757fcbf50>,1,3,[7 1],2,24,27,22,10
1,<environment.Job instance at 0x14a758ba3550>,4,2,[2 6],5,24,26,19,12
1,<environment.Job instance at 0x14a75a2c40a0>,11,14,[5 1],12,27,41,15,14
1,<environment.Job instance at 0x14a75a2e13c0>,10,27,[2 9],11,26,53,15,24
1,<environment.Job instance at 0x14a75a2e1780>,17,28,[2 5],18,67,95,49,67
1,<environment.Job instance at 0x14a75d4d9f00>,20,28,[1 6],21,96,124,75,96
1,<environment.Job instance at 0x14a75b2f3190>,3,3,[1 6],4,4,7,0,4
1,<environment.Job instance at 0x14a75bf3deb0>,7,17,[1 7],8,8,25,0,8
1,<environment.Job instance at 0x14a75bf3de10>,6,21,[10  1],7,33,54,26,33
1,<environment.Job instance at 0x14a75b35ac80>,13,21,[9 2],14,54,75,40,49
1,<environment.Job instance at 0x14a75b335dc0>,17,1,[6 1],18,75,76,57,55
1,<environment.Job instance at 0x14a75b499280>,25,26,[5 2],26,105,131,79,105
1,<environment.Job instance at 0x14a75bda0e60>,5,22,[10  1],6,12,34,6,12
1,<environment.Job instance at 0x14a75cb16780>,8,20,[8 1],9,34,54,25,31
1,<environment.Job instance at 0x14a75aa7eaf0>,20,24,[2 7],21,85,109,64,85
1,<environment.Job instance at 0x14a75aa7ee10>,22,1,[2 5],23,109,110,86,86
1,<environment.Job instance at 0x14a75d792d70>,26,21,[2 7],27,110,131,83,102
1,<environment.Job instance at 0x14a75d792640>,27,1,[8 1],28,109,110,81,109
1,<environment.Job instance at 0x14a75b3e75a0>,1,14,[2 7],2,6,20,4,6
1,<environment.Job instance at 0x14a75bf3d190>,4,27,[6 1],5,6,33,1,6
1,<environment.Job instance at 0x14a75ad4eaf0>,7,2,[ 2 10],8,33,35,25,8
1,<environment.Job instance at 0x14a75c1d2a00>,8,12,[1 7],9,20,32,11,12
1,<environment.Job instance at 0x14a75d76e730>,14,20,[8 1],15,35,55,20,31
1,<environment.Job instance at 0x14a75ccba8c0>,15,18,[2 8],16,35,53,19,32
1,<environment.Job instance at 0x14a75cb40780>,23,28,[6 2],24,78,106,54,78
1,<environment.Job instance at 0x14a75e4ddaf0>,27,26,[1 5],28,93,119,65,93
1,<environment.Job instance at 0x14a75a1ecd20>,1,2,[2 5],2,3,5,1,3
1,<environment.Job instance at 0x14a75f0d23c0>,5,25,[7 1],6,6,31,0,6
1,<environment.Job instance at 0x14a75a1eccd0>,7,1,[7 2],8,31,32,23,16
1,<environment.Job instance at 0x14a75a86feb0>,12,22,[2 6],13,18,40,5,18
1,<environment.Job instance at 0x14a75f0a7e10>,20,3,[7 1],21,62,65,41,62
1,<environment.Job instance at 0x14a75f0a7550>,23,3,[7 2],24,83,86,59,83
1,<environment.Job instance at 0x14a75a1ece60>,0,24,[ 1 10],1,96,120,95,96
1,<environment.Job instance at 0x14a7595efa00>,6,27,[10  2],7,9,36,2,9
1,<environment.Job instance at 0x14a7597b40a0>,9,2,[5 2],10,36,38,26,12
1,<environment.Job instance at 0x14a7596c0370>,10,19,[1 7],11,36,55,25,26
1,<environment.Job instance at 0x14a758193be0>,18,1,[6 2],19,53,54,34,53
1,<environment.Job instance at 0x14a758193c80>,20,23,[2 6],21,59,82,38,59
1,<environment.Job instance at 0x14a758193e10>,23,27,[9 1],24,86,113,62,86
1,<environment.Job instance at 0x14a75f131640>,8,28,[10  1],9,16,44,7,16
1,<environment.Job instance at 0x14a75930c5a0>,17,19,[8 1],18,74,93,56,74
1,<environment.Job instance at 0x14a75930c190>,20,2,[1 5],21,85,87,64,85
1,<environment.Job instance at 0x14a7599e26e0>,25,20,[2 9],26,88,108,62,88
1,<environment.Job instance at 0x14a75930c9b0>,23,21,[7 2],24,108,129,84,104
1,<environment.Job instance at 0x14a7599e2e10>,5,25,[7 2],6,6,31,0,6
1,<environment.Job instance at 0x14a7581937d0>,4,3,[6 2],5,31,34,26,6
1,<environment.Job instance at 0x14a759fb5690>,9,27,[1 8],10,20,47,10,20
1,<environment.Job instance at 0x14a757bf3aa0>,20,2,[ 2 10],21,84,86,63,84
1,<environment.Job instance at 0x14a757bf3050>,22,3,[2 8],23,86,89,63,84
1,<environment.Job instance at 0x14a757bf3460>,27,20,[1 9],28,120,140,92,120
1,<environment.Job instance at 0x14a757bf31e0>,4,12,[10  2],5,7,19,2,7
1,<environment.Job instance at 0x14a75a854460>,19,3,[1 7],20,126,129,106,126
1,<environment.Job instance at 0x14a759728cd0>,3,28,[7 2],4,5,33,1,5
1,<environment.Job instance at 0x14a75812cdc0>,12,1,[6 2],13,33,34,20,28
1,<environment.Job instance at 0x14a75a854c80>,2,25,[5 2],3,34,59,31,30
1,<environment.Job instance at 0x14a75812c7d0>,13,25,[1 8],14,63,88,49,63
1,<environment.Job instance at 0x14a759262910>,26,23,[9 2],27,93,116,66,93
1,<environment.Job instance at 0x14a758e84190>,17,17,[6 2],18,78,95,60,78
1,<environment.Job instance at 0x14a75bc6c460>,18,19,[1 5],19,78,97,59,78
1,<environment.Job instance at 0x14a757f053c0>,20,17,[1 7],21,97,114,76,85
1,<environment.Job instance at 0x14a757f05eb0>,19,20,[1 9],20,114,134,94,107
1,<environment.Job instance at 0x14a75cf63c80>,1,26,[7 2],2,2,28,0,2
1,<environment.Job instance at 0x14a75f15adc0>,13,20,[1 6],14,43,63,29,43
1,<environment.Job instance at 0x14a75b8a67d0>,14,14,[10  1],15,63,77,48,51
1,<environment.Job instance at 0x14a75d7c2870>,15,19,[5 1],16,77,96,61,68
1,<environment.Job instance at 0x14a75b51cf50>,21,2,[1 7],22,81,83,59,81
1,<environment.Job instance at 0x14a758be5910>,18,25,[5 2],19,83,108,64,82
1,<environment.Job instance at 0x14a75e4d90f0>,24,2,[1 6],25,98,100,73,98
1,<environment.Job instance at 0x14a75b556f00>,5,20,[9 1],6,6,26,0,6
1,<environment.Job instance at 0x14a75cf639b0>,6,21,[1 7],7,8,29,1,8
1,<environment.Job instance at 0x14a75cf63fa0>,1,3,[1 7],2,29,32,27,14
1,<environment.Job instance at 0x14a75d550640>,8,20,[7 1],9,26,46,17,19
1,<environment.Job instance at 0x14a75a6050a0>,15,16,[10  1],16,46,62,30,34
1,<environment.Job instance at 0x14a75d59c5a0>,19,12,[1 9],20,62,74,42,49
1,<environment.Job instance at 0x14a75d59c780>,20,21,[6 2],21,74,95,53,71
1,<environment.Job instance at 0x14a75b05caa0>,21,17,[2 6],22,74,91,52,74
1,<environment.Job instance at 0x14a75b05ccd0>,23,2,[8 1],24,95,97,71,76
1,<environment.Job instance at 0x14a75b05cf50>,25,19,[10  2],26,97,116,71,87
1,<environment.Job instance at 0x14a75868d910>,9,19,[2 9],10,16,35,6,16
1,<environment.Job instance at 0x14a75baffc80>,8,21,[2 6],9,35,56,26,28
1,<environment.Job instance at 0x14a75bd65230>,13,22,[6 2],14,36,58,22,36
1,<environment.Job instance at 0x14a75deb2190>,15,1,[2 7],16,56,57,40,40
1,<environment.Job instance at 0x14a75d5abdc0>,14,12,[7 1],15,58,70,43,42
1,<environment.Job instance at 0x14a7580a5e10>,17,3,[6 1],18,70,73,52,45
1,<environment.Job instance at 0x14a75e522aa0>,20,3,[7 1],21,73,76,52,62
1,<environment.Job instance at 0x14a75e522eb0>,27,28,[10  1],28,103,131,75,103
1,<environment.Job instance at 0x14a75e5222d0>,2,12,[8 1],3,5,17,2,5
1,<environment.Job instance at 0x14a75d59c870>,11,25,[2 7],12,17,42,5,17
1,<environment.Job instance at 0x14a75dec7b90>,12,23,[8 2],13,19,42,6,19
1,<environment.Job instance at 0x14a75981b820>,19,14,[1 9],20,44,58,24,44
1,<environment.Job instance at 0x14a75981b690>,20,20,[7 1],21,44,64,23,44
1,<environment.Job instance at 0x14a75981bc30>,22,16,[2 8],23,58,74,35,49
1,<environment.Job instance at 0x14a75981bdc0>,21,15,[7 1],22,64,79,42,54
1,<environment.Job instance at 0x14a75981b3c0>,25,27,[2 7],26,78,105,52,78
1,<environment.Job instance at 0x14a75981b460>,28,23,[6 1],29,82,105,53,82
1,<environment.Job instance at 0x14a75eea1820>,2,21,[10  2],3,3,24,0,3
1,<environment.Job instance at 0x14a757ed6e60>,4,2,[2 6],5,24,26,19,5
1,<environment.Job instance at 0x14a75a3f50f0>,14,20,[1 6],15,27,47,12,27
1,<environment.Job instance at 0x14a75ac22cd0>,18,22,[2 8],19,47,69,28,44
1,<environment.Job instance at 0x14a75ac22d20>,20,28,[1 6],21,74,102,53,74
1,<environment.Job instance at 0x14a75d5d7190>,28,22,[7 1],29,93,115,64,93
1,<environment.Job instance at 0x14a75ab5baf0>,26,20,[1 7],27,104,124,77,104
1,<environment.Job instance at 0x14a75ef95690>,3,3,[1 6],4,4,7,0,4
1,<environment.Job instance at 0x14a75ef95190>,6,21,[10  1],7,13,34,6,13
1,<environment.Job instance at 0x14a75ef95320>,7,17,[1 7],8,34,51,26,24
1,<environment.Job instance at 0x14a75e375190>,16,28,[2 5],17,55,83,38,55
1,<environment.Job instance at 0x14a75e375320>,22,12,[2 8],23,85,97,62,85
1,<environment.Job instance at 0x14a75e3754b0>,23,12,[10  1],24,97,109,73,92
1,<environment.Job instance at 0x14a75e814320>,9,26,[7 2],10,31,57,21,31
1,<environment.Job instance at 0x14a75e8141e0>,10,15,[2 8],11,42,57,31,42
1,<environment.Job instance at 0x14a75987a6e0>,19,23,[9 1],20,109,132,89,109
1,<environment.Job instance at 0x14a75987a370>,22,1,[2 5],23,132,133,109,118
1,<environment.Job instance at 0x14a75987a320>,24,24,[2 8],25,152,176,127,152
1,<environment.Job instance at 0x14a75987a190>,27,1,[8 1],28,166,167,138,166
1,<environment.Job instance at 0x14a75eddfd70>,4,27,[6 1],5,7,34,2,7
1,<environment.Job instance at 0x14a758b57e10>,7,2,[ 2 10],8,34,36,26,9
1,<environment.Job instance at 0x14a758b57dc0>,8,12,[1 7],9,9,21,0,9
1,<environment.Job instance at 0x14a758b57960>,12,28,[2 6],13,56,84,43,56
1,<environment.Job instance at 0x14a75b35efa0>,23,28,[6 2],24,94,122,70,94
1,<environment.Job instance at 0x14a75d526190>,28,1,[2 6],29,132,133,103,132
1,<environment.Job instance at 0x14a75d106690>,5,25,[7 1],6,6,31,0,6
1,<environment.Job instance at 0x14a75e926410>,9,2,[8 1],10,31,33,21,11
1,<environment.Job instance at 0x14a75a84f280>,8,2,[2 5],9,15,17,6,15
1,<environment.Job instance at 0x14a75e926be0>,13,27,[1 8],14,28,55,14,28
1,<environment.Job instance at 0x14a7595a4050>,18,3,[1 6],19,61,64,42,61
1,<environment.Job instance at 0x14a7595a4500>,26,20,[2 8],27,129,149,102,129
1,<environment.Job instance at 0x14a75bda4dc0>,6,27,[10  2],7,7,34,0,7
1,<environment.Job instance at 0x14a75d9319b0>,9,2,[5 2],10,34,36,24,14
1,<environment.Job instance at 0x14a75a38f870>,14,13,[ 2 10],15,36,49,21,32
1,<environment.Job instance at 0x14a75a38f460>,16,21,[2 6],17,49,70,32,46
1,<environment.Job instance at 0x14a75a38f140>,18,1,[6 2],19,65,66,46,65
1,<environment.Job instance at 0x14a75d0fb640>,15,15,[2 5],16,90,105,74,90
1,<environment.Job instance at 0x14a75e8cf820>,24,22,[9 1],25,105,127,80,100
1,<environment.Job instance at 0x14a75e8cf640>,27,1,[5 1],28,127,128,99,123
1,<environment.Job instance at 0x14a75e8cfd70>,28,17,[2 7],29,127,144,98,123
1,<environment.Job instance at 0x14a75e052780>,2,3,[6 2],3,4,7,1,4
1,<environment.Job instance at 0x14a75bdbbe60>,16,14,[9 1],17,97,111,80,97
1,<environment.Job instance at 0x14a75bf850a0>,18,3,[ 2 10],19,111,114,92,103
1,<environment.Job instance at 0x14a75c89a870>,21,2,[9 2],22,114,116,92,104
1,<environment.Job instance at 0x14a7584f9500>,22,3,[2 8],23,116,119,93,104
1,<environment.Job instance at 0x14a7584f95a0>,23,21,[7 2],24,116,137,92,108
1,<environment.Job instance at 0x14a7595ebd20>,2,24,[2 9],3,3,27,0,3
1,<environment.Job instance at 0x14a7584f9820>,4,3,[6 2],5,27,30,22,7
1,<environment.Job instance at 0x14a75c697640>,11,14,[6 1],12,30,44,18,27
1,<environment.Job instance at 0x14a75b9f3640>,9,27,[1 8],10,34,61,24,34
1,<environment.Job instance at 0x14a759b7ac80>,14,12,[10  1],15,61,73,46,55
1,<environment.Job instance at 0x14a75c697a00>,16,2,[7 1],17,56,58,39,56
1,<environment.Job instance at 0x14a75aac63c0>,20,2,[ 2 10],21,87,89,66,87
1,<environment.Job instance at 0x14a75b540e10>,22,3,[2 8],23,89,92,66,88
1,<environment.Job instance at 0x14a75b5405a0>,23,28,[2 5],24,103,131,79,103
1,<environment.Job instance at 0x14a75b9f3c80>,5,17,[5 1],6,6,23,0,6
1,<environment.Job instance at 0x14a75aac6a00>,4,12,[10  2],5,23,35,18,7
1,<environment.Job instance at 0x14a75a871f50>,6,13,[9 1],7,35,48,28,33
1,<environment.Job instance at 0x14a75d7d9050>,17,27,[1 9],18,90,117,72,90
1,<environment.Job instance at 0x14a75b222b40>,3,28,[7 2],4,5,33,1,5
1,<environment.Job instance at 0x14a75e989cd0>,12,1,[6 2],13,33,34,20,33
1,<environment.Job instance at 0x14a75e989780>,13,25,[1 8],14,33,58,19,33
1,<environment.Job instance at 0x14a75e989d70>,15,15,[8 1],16,42,57,26,42
1,<environment.Job instance at 0x14a7591b50f0>,19,20,[2 8],20,67,87,47,67
1,<environment.Job instance at 0x14a75e2c4640>,4,28,[7 1],5,87,115,82,87
1,<environment.Job instance at 0x14a7591b5b90>,0,14,[6 1],1,2,16,1,2
1,<environment.Job instance at 0x14a75e989410>,9,14,[1 6],10,42,56,32,42
1,<environment.Job instance at 0x14a75a3f0370>,14,25,[10  1],15,69,94,54,69
1,<environment.Job instance at 0x14a759b52410>,21,24,[2 5],22,97,121,75,97
1,<environment.Job instance at 0x14a759b52cd0>,18,19,[1 5],19,110,129,91,110
1,<environment.Job instance at 0x14a759b52690>,20,17,[1 7],21,143,160,122,143
1,<environment.Job instance at 0x14a758a46f50>,5,20,[1 5],6,9,29,3,9
1,<environment.Job instance at 0x14a75e7e96e0>,10,28,[7 1],11,16,44,5,16
1,<environment.Job instance at 0x14a758a46e10>,8,19,[1 6],9,29,48,20,19
1,<environment.Job instance at 0x14a75e7e9230>,14,14,[10  1],15,48,62,33,34
1,<environment.Job instance at 0x14a75a40ca00>,19,18,[ 1 10],20,62,80,42,55
1,<environment.Job instance at 0x14a75a40cd70>,21,2,[1 7],22,80,82,58,56
1,<environment.Job instance at 0x14a75a71e2d0>,25,15,[6 1],26,81,96,55,81
1,<environment.Job instance at 0x14a75a40c500>,27,20,[7 2],28,97,117,69,97
1,<environment.Job instance at 0x14a759f88370>,7,20,[5 2],8,12,32,4,12
1,<environment.Job instance at 0x14a75c5da3c0>,9,27,[2 8],10,13,40,3,13
1,<environment.Job instance at 0x14a75e7e9910>,6,21,[1 7],7,54,75,47,54
1,<environment.Job instance at 0x14a75be04190>,17,26,[9 1],18,65,91,47,65
1,<environment.Job instance at 0x14a75f36dc30>,19,12,[1 9],20,80,92,60,80
1,<environment.Job instance at 0x14a75f36d8c0>,16,16,[7 2],17,92,108,75,80
1,<environment.Job instance at 0x14a75f36d050>,21,17,[2 6],22,92,109,70,85
1,<environment.Job instance at 0x14a75f36dd70>,23,2,[8 1],24,108,110,84,86
1,<environment.Job instance at 0x14a75be040a0>,15,16,[10  1],16,110,126,94,99
1,<environment.Job instance at 0x14a75f36d780>,2,17,[2 5],3,3,20,0,3
1,<environment.Job instance at 0x14a75e523af0>,9,19,[2 9],10,20,39,10,11
1,<environment.Job instance at 0x14a757f87190>,14,12,[7 1],15,30,42,15,30
1,<environment.Job instance at 0x14a75804ae60>,15,1,[2 7],16,39,40,23,30
1,<environment.Job instance at 0x14a75804a640>,17,3,[6 1],18,42,45,24,35
1,<environment.Job instance at 0x14a757f5b960>,20,3,[7 1],21,74,77,53,74
1,<environment.Job instance at 0x14a7586e65f0>,25,20,[2 9],26,105,125,79,105
1,<environment.Job instance at 0x14a7586e64b0>,27,28,[10  1],28,135,163,107,135
1,<environment.Job instance at 0x14a7586e6f00>,9,26,[5 1],10,18,44,8,18
1,<environment.Job instance at 0x14a75d8164b0>,5,22,[2 5],6,34,56,28,34
1,<environment.Job instance at 0x14a7586e6140>,15,15,[2 8],16,56,71,40,49
1,<environment.Job instance at 0x14a757bb1140>,21,15,[7 1],22,67,82,45,67
1,<environment.Job instance at 0x14a757bb1320>,22,16,[2 8],23,71,87,48,67
1,<environment.Job instance at 0x14a75d73c960>,23,3,[9 2],24,87,90,63,68
1,<environment.Job instance at 0x14a75d73c9b0>,24,22,[7 2],25,90,112,65,84
1,<environment.Job instance at 0x14a75d73ccd0>,26,25,[10  2],27,112,137,85,112
1,<environment.Job instance at 0x14a75d73c730>,4,2,[2 6],5,10,12,5,10
1,<environment.Job instance at 0x14a7586e6d20>,11,14,[5 1],12,36,50,24,36
1,<environment.Job instance at 0x14a75d9112d0>,13,3,[6 1],14,50,53,36,50
1,<environment.Job instance at 0x14a75b9c17d0>,18,22,[2 8],19,80,102,61,80
1,<environment.Job instance at 0x14a75a4aa140>,20,28,[1 6],21,102,130,81,102
1,<environment.Job instance at 0x14a75bcf8370>,23,12,[2 5],24,138,150,114,138
1,<environment.Job instance at 0x14a75c41d3c0>,3,3,[1 6],4,4,7,0,4
1,<environment.Job instance at 0x14a75853dfa0>,6,21,[10  1],7,8,29,1,8
1,<environment.Job instance at 0x14a7586e67d0>,12,17,[1 9],13,46,63,33,46
1,<environment.Job instance at 0x14a7586e6dc0>,13,21,[9 2],14,63,84,49,55
1,<environment.Job instance at 0x14a7576875f0>,17,1,[6 1],18,57,58,39,57
1,<environment.Job instance at 0x14a7576876e0>,21,21,[2 6],22,104,125,82,104
1,<environment.Job instance at 0x14a757687960>,22,12,[2 8],23,125,137,102,111
1,<environment.Job instance at 0x14a757687aa0>,23,12,[10  1],24,137,149,113,124
1,<environment.Job instance at 0x14a757675190>,9,26,[7 2],10,34,60,24,34
1,<environment.Job instance at 0x14a75bf88aa0>,12,14,[1 6],13,47,61,34,47
1,<environment.Job instance at 0x14a757675280>,10,15,[2 8],11,61,76,50,53
1,<environment.Job instance at 0x14a75bf88eb0>,13,25,[9 2],14,84,109,70,84
1,<environment.Job instance at 0x14a75bf887d0>,25,27,[9 1],26,162,189,136,162
1,<environment.Job instance at 0x14a75daff910>,4,27,[6 1],5,5,32,0,5
1,<environment.Job instance at 0x14a75a8a6870>,6,22,[1 7],7,8,30,1,8
1,<environment.Job instance at 0x14a75f4a16e0>,7,2,[ 2 10],8,32,34,24,10
1,<environment.Job instance at 0x14a75f4a1640>,8,12,[1 7],9,34,46,25,20
1,<environment.Job instance at 0x14a75d0ccc80>,13,28,[1 7],14,46,74,32,45
1,<environment.Job instance at 0x14a75f4a1b40>,11,26,[7 1],12,46,72,34,46
1,<environment.Job instance at 0x14a75e0407d0>,12,28,[2 6],13,75,103,62,75
1,<environment.Job instance at 0x14a756fc3fa0>,28,1,[2 6],29,112,113,83,112
1,<environment.Job instance at 0x14a75850ddc0>,0,24,[ 1 10],1,1,25,0,1
1,<environment.Job instance at 0x14a75881a6e0>,1,2,[2 5],2,25,27,23,2
1,<environment.Job instance at 0x14a7584d41e0>,3,2,[1 7],4,27,29,23,9
1,<environment.Job instance at 0x14a75cb12140>,8,2,[2 5],9,25,27,16,10
1,<environment.Job instance at 0x14a75cb12af0>,11,14,[10  2],12,38,52,26,38
1,<environment.Job instance at 0x14a75cb12aa0>,13,27,[1 8],14,52,79,38,51
1,<environment.Job instance at 0x14a75cb127d0>,18,3,[1 6],19,79,82,60,55
1,<environment.Job instance at 0x14a75e0a4aa0>,20,3,[7 1],21,55,58,34,55
1,<environment.Job instance at 0x14a75e0a4fa0>,23,3,[7 2],24,98,101,74,98
1,<environment.Job instance at 0x14a75e0a4c30>,26,20,[2 8],27,107,127,80,107
1,<environment.Job instance at 0x14a75e0a41e0>,28,20,[1 9],29,127,147,98,124
1,<environment.Job instance at 0x14a7595b0fa0>,6,27,[10  2],7,12,39,5,12
1,<environment.Job instance at 0x14a75ec18aa0>,9,2,[5 2],10,39,41,29,17
1,<environment.Job instance at 0x14a75ec18460>,10,19,[1 7],11,39,58,28,36
1,<environment.Job instance at 0x14a75ec182d0>,15,15,[2 5],16,58,73,42,55
1,<environment.Job instance at 0x14a75ec18e60>,14,13,[ 2 10],15,73,86,58,66
1,<environment.Job instance at 0x14a75c2165a0>,18,1,[6 2],19,86,87,67,86
1,<environment.Job instance at 0x14a75c2165f0>,20,23,[2 6],21,90,113,69,90
1,<environment.Job instance at 0x14a75c216780>,27,1,[5 1],28,132,133,104,132
1,<environment.Job instance at 0x14a75c216a00>,24,22,[9 1],25,133,155,108,132
1,<environment.Job instance at 0x14a75c3feaf0>,8,28,[10  1],9,22,50,13,22
1,<environment.Job instance at 0x14a75bf0f5f0>,2,3,[6 2],3,50,53,47,32
1,<environment.Job instance at 0x14a759c36fa0>,15,15,[2 6],16,90,105,74,90
1,<environment.Job instance at 0x14a759c36500>,16,14,[9 1],17,105,119,88,92
1,<environment.Job instance at 0x14a75bfda320>,20,2,[1 5],21,105,107,84,93
1,<environment.Job instance at 0x14a75bd0ee60>,21,2,[9 2],22,119,121,97,94
1,<environment.Job instance at 0x14a75bd0efa0>,22,3,[2 8],23,121,124,98,95
1,<environment.Job instance at 0x14a75bd0ee10>,23,21,[7 2],24,121,142,97,114
1,<environment.Job instance at 0x14a75cb121e0>,2,24,[2 9],3,3,27,0,3
1,<environment.Job instance at 0x14a7575d9500>,4,3,[6 2],5,27,30,22,7
1,<environment.Job instance at 0x14a75e6b22d0>,9,27,[1 8],10,27,54,17,25
1,<environment.Job instance at 0x14a75b2d0fa0>,11,14,[6 1],12,31,45,19,31
1,<environment.Job instance at 0x14a75e6b29b0>,10,20,[10  2],11,54,74,43,45
1,<environment.Job instance at 0x14a75ac2da50>,14,12,[10  1],15,74,86,59,57
1,<environment.Job instance at 0x14a75ac2db40>,16,2,[7 1],17,86,88,69,60
1,<environment.Job instance at 0x14a75ac2db90>,19,24,[10  2],20,88,112,68,86
1,<environment.Job instance at 0x14a75ac2dc30>,20,2,[ 2 10],21,112,114,91,86
1,<environment.Job instance at 0x14a75be47500>,28,28,[7 2],29,141,169,112,141
1,<environment.Job instance at 0x14a75c008640>,6,13,[9 1],7,11,24,4,11
1,<environment.Job instance at 0x14a75c008b40>,5,17,[5 1],6,45,62,39,45
1,<environment.Job instance at 0x14a75d2ec820>,17,27,[1 9],18,147,174,129,147
1,<environment.Job instance at 0x14a75d2ec960>,19,3,[1 7],20,174,177,154,149
1,<environment.Job instance at 0x14a75d2ecd70>,28,2,[8 2],29,247,249,218,247
1,<environment.Job instance at 0x14a75b1ab5a0>,1,19,[2 5],2,4,23,2,4
1,<environment.Job instance at 0x14a759b52cd0>,3,28,[7 2],4,4,32,0,4
1,<environment.Job instance at 0x14a75e6b25a0>,5,1,[6 1],6,32,33,26,9
1,<environment.Job instance at 0x14a758a72640>,12,1,[6 2],13,33,34,20,28
1,<environment.Job instance at 0x14a75ac9ed20>,15,15,[8 1],16,46,61,30,46
1,<environment.Job instance at 0x14a758a722d0>,14,26,[2 9],15,47,73,32,47
1,<environment.Job instance at 0x14a758a728c0>,10,20,[6 1],11,64,84,53,64
1,<environment.Job instance at 0x14a759cf0d20>,25,19,[7 1],26,91,110,65,91
1,<environment.Job instance at 0x14a759cf0280>,26,23,[9 2],27,110,133,83,107
1,<environment.Job instance at 0x14a75e6b2960>,0,14,[6 1],1,2,16,1,2
1,<environment.Job instance at 0x14a75bd499b0>,9,14,[1 6],10,28,42,18,28
1,<environment.Job instance at 0x14a75bd49d20>,15,1,[1 7],16,89,90,73,89
1,<environment.Job instance at 0x14a757989c30>,18,19,[1 5],19,106,125,87,106
1,<environment.Job instance at 0x14a75d4d41e0>,21,24,[2 5],22,110,134,88,110
1,<environment.Job instance at 0x14a75b1abfa0>,7,2,[10  2],8,9,11,1,9
1,<environment.Job instance at 0x14a758a72fa0>,5,20,[1 5],6,12,32,6,12
1,<environment.Job instance at 0x14a75da59690>,8,19,[1 6],9,32,51,23,22
1,<environment.Job instance at 0x14a7579e1f00>,13,20,[1 6],14,51,71,37,42
1,<environment.Job instance at 0x14a757ee50f0>,16,24,[ 2 10],17,71,95,54,71
1,<environment.Job instance at 0x14a75ca8d370>,15,19,[5 1],16,132,151,116,132
1,<environment.Job instance at 0x14a75d66ea50>,5,20,[9 1],6,16,36,10,16
1,<environment.Job instance at 0x14a75d66e820>,8,20,[7 1],9,36,56,27,27
1,<environment.Job instance at 0x14a757ee4140>,16,16,[7 2],17,81,97,64,81
1,<environment.Job instance at 0x14a757ee45a0>,18,26,[6 2],19,97,123,78,94
1,<environment.Job instance at 0x14a757ee4b90>,19,12,[1 9],20,123,135,103,107
1,<environment.Job instance at 0x14a75b03d1e0>,21,17,[2 6],22,135,152,113,123
1,<environment.Job instance at 0x14a75b03d0f0>,23,2,[8 1],24,131,133,107,131
1,<environment.Job instance at 0x14a75c2c0550>,15,1,[2 7],16,109,110,93,109
1,<environment.Job instance at 0x14a75d01c910>,19,1,[2 8],20,126,127,106,126
1,<environment.Job instance at 0x14a75d01cc30>,20,3,[7 1],21,130,133,109,130
1,<environment.Job instance at 0x14a75b840780>,26,28,[1 7],27,166,194,139,166
1,<environment.Job instance at 0x14a75ad5b960>,5,22,[2 5],6,9,31,3,9
1,<environment.Job instance at 0x14a75746e190>,11,25,[2 7],12,36,61,24,36
1,<environment.Job instance at 0x14a75cc91500>,15,15,[2 8],16,61,76,45,56
1,<environment.Job instance at 0x14a75c93e280>,19,14,[1 9],20,76,90,56,66
1,<environment.Job instance at 0x14a75c93ecd0>,21,15,[7 1],22,66,81,44,66
1,<environment.Job instance at 0x14a75c93e960>,22,16,[2 8],23,90,106,67,82
1,<environment.Job instance at 0x14a75b840460>,4,2,[2 6],5,5,7,0,5
1,<environment.Job instance at 0x14a75cd4b870>,6,3,[7 1],7,20,23,13,20
1,<environment.Job instance at 0x14a75e999280>,10,27,[2 9],11,31,58,20,31
1,<environment.Job instance at 0x14a75e999230>,13,3,[6 1],14,34,37,20,34
1,<environment.Job instance at 0x14a75e999370>,14,20,[1 6],15,58,78,43,50
1,<environment.Job instance at 0x14a75e062370>,22,18,[2 8],23,103,121,80,103
1,<environment.Job instance at 0x14a75e062c30>,26,20,[1 7],27,140,160,113,140
1,<environment.Job instance at 0x14a7580baf50>,28,22,[7 1],29,149,171,120,149
1,<environment.Job instance at 0x14a75e062730>,3,3,[1 6],4,4,7,0,4
1,<environment.Job instance at 0x14a75c93e550>,6,21,[10  1],7,9,30,2,9
1,<environment.Job instance at 0x14a759874d70>,7,17,[1 7],8,30,47,22,30
1,<environment.Job instance at 0x14a75c18e5f0>,17,1,[6 1],18,81,82,63,81
1,<environment.Job instance at 0x14a75ce94d20>,19,23,[1 9],20,105,128,85,105
1,<environment.Job instance at 0x14a75ce949b0>,21,21,[2 6],22,128,149,106,122
1,<environment.Job instance at 0x14a75ce948c0>,22,12,[2 8],23,149,161,126,137
1,<environment.Job instance at 0x14a75b021f00>,25,26,[5 2],26,165,191,139,165
1,<environment.Job instance at 0x14a75f5283c0>,5,22,[10  1],6,7,29,1,7
1,<environment.Job instance at 0x14a758126e60>,10,15,[2 8],11,29,44,18,24
1,<environment.Job instance at 0x14a758126d20>,9,26,[7 2],10,30,56,20,30
1,<environment.Job instance at 0x14a7581260f0>,12,14,[1 6],13,45,59,32,45
1,<environment.Job instance at 0x14a757748230>,22,1,[2 5],23,116,117,93,116
1,<environment.Job instance at 0x14a757748690>,27,1,[8 1],28,169,170,141,169
1,<environment.Job instance at 0x14a7577485a0>,26,21,[2 7],27,171,192,144,171
1,<environment.Job instance at 0x14a757748640>,4,27,[6 1],5,5,32,0,5
1,<environment.Job instance at 0x14a75773d370>,1,14,[2 7],2,6,20,4,6
1,<environment.Job instance at 0x14a75ba02e10>,8,12,[1 7],9,20,32,11,9
1,<environment.Job instance at 0x14a757748f00>,7,2,[ 2 10],8,32,34,24,9
1,<environment.Job instance at 0x14a757748500>,9,23,[1 6],10,34,57,24,32
1,<environment.Job instance at 0x14a757d75460>,14,20,[8 1],15,34,54,19,33
1,<environment.Job instance at 0x14a757d75a50>,15,18,[2 8],16,57,75,41,48
1,<environment.Job instance at 0x14a75ad5a780>,26,24,[6 2],27,169,193,142,169
1,<environment.Job instance at 0x14a7578b5910>,0,24,[ 1 10],1,1,25,0,1
1,<environment.Job instance at 0x14a7578b5b90>,1,2,[2 5],2,25,27,23,2
1,<environment.Job instance at 0x14a758bb0b40>,8,2,[2 5],9,25,27,16,11
1,<environment.Job instance at 0x14a7578b5050>,3,2,[1 7],4,27,29,23,16
1,<environment.Job instance at 0x14a758bb0f00>,18,3,[1 6],19,81,84,62,81
1,<environment.Job instance at 0x14a759ac5d70>,20,3,[7 1],21,93,96,72,93
1,<environment.Job instance at 0x14a75bb14cd0>,6,27,[10  2],7,10,37,3,10
1,<environment.Job instance at 0x14a75bb14c30>,9,2,[5 2],10,37,39,27,10
1,<environment.Job instance at 0x14a75bb14a00>,15,15,[2 5],16,37,52,21,37
1,<environment.Job instance at 0x14a75bb14f00>,10,19,[1 7],11,52,71,41,43
1,<environment.Job instance at 0x14a75c4dfaf0>,18,1,[6 2],19,46,47,27,46
1,<environment.Job instance at 0x14a75c4df1e0>,20,23,[2 6],21,73,96,52,73
1,<environment.Job instance at 0x14a75c4df280>,23,27,[9 1],24,98,125,74,98
1,<environment.Job instance at 0x14a75c4df730>,24,22,[9 1],25,125,147,100,120
1,<environment.Job instance at 0x14a75b8016e0>,27,1,[5 1],28,147,148,119,127
1,<environment.Job instance at 0x14a75b801e10>,28,17,[2 7],29,147,164,118,135
1,<environment.Job instance at 0x14a7596c1820>,5,21,[10  1],6,27,48,21,27
1,<environment.Job instance at 0x14a75b801370>,15,15,[2 6],16,98,113,82,98
1,<environment.Job instance at 0x14a7578d5f50>,17,19,[8 1],18,99,118,81,99
1,<environment.Job instance at 0x14a75e121690>,22,3,[2 8],23,114,117,91,114
1,<environment.Job instance at 0x14a757df5f50>,23,21,[7 2],24,118,139,94,117
1,<environment.Job instance at 0x14a757df5370>,25,20,[2 9],26,145,165,119,145
1,<environment.Job instance at 0x14a7596c1190>,4,3,[6 2],5,5,8,0,5
1,<environment.Job instance at 0x14a7603da8c0>,16,2,[7 1],17,100,102,83,100
1,<environment.Job instance at 0x14a757e5b9b0>,19,24,[10  2],20,111,135,91,111
1,<environment.Job instance at 0x14a757e5b050>,23,28,[2 5],24,146,174,122,146
1,<environment.Job instance at 0x14a75ea548c0>,4,12,[10  2],5,6,18,1,6
1,<environment.Job instance at 0x14a75ea54f50>,5,17,[5 1],6,18,35,12,6
1,<environment.Job instance at 0x14a75ea549b0>,6,13,[9 1],7,35,48,28,19
1,<environment.Job instance at 0x14a75e4b07d0>,17,27,[1 9],18,94,121,76,94
1,<environment.Job instance at 0x14a75e4b00f0>,19,3,[1 7],20,121,124,101,112
1,<environment.Job instance at 0x14a758968dc0>,1,19,[2 5],2,4,23,2,4
1,<environment.Job instance at 0x14a75b49f230>,4,28,[7 1],5,6,34,1,6
1,<environment.Job instance at 0x14a75a0fc9b0>,5,1,[6 1],6,34,35,28,8
1,<environment.Job instance at 0x14a75b49f410>,7,2,[2 5],8,23,25,15,17
1,<environment.Job instance at 0x14a758588af0>,13,25,[1 8],14,26,51,12,26
1,<environment.Job instance at 0x14a759a16cd0>,19,20,[2 8],20,72,92,52,72
1,<environment.Job instance at 0x14a757772410>,15,15,[8 1],16,83,98,67,83
1,<environment.Job instance at 0x14a758588820>,0,14,[6 1],1,2,16,1,2
1,<environment.Job instance at 0x14a75e53ebe0>,15,1,[1 7],16,88,89,72,88
1,<environment.Job instance at 0x14a7596fc640>,18,19,[1 5],19,111,130,92,111
1,<environment.Job instance at 0x14a757834a50>,20,17,[1 7],21,130,147,109,122
1,<environment.Job instance at 0x14a758d528c0>,23,23,[5 1],24,132,155,108,132
1,<environment.Job instance at 0x14a759a16280>,6,20,[2 5],7,10,30,3,10
1,<environment.Job instance at 0x14a75bbbdbe0>,7,2,[10  2],8,30,32,22,13
1,<environment.Job instance at 0x14a75a0fc460>,8,19,[1 6],9,32,51,23,22
1,<environment.Job instance at 0x14a75a0fc410>,12,20,[7 2],13,33,53,20,33
1,<environment.Job instance at 0x14a75b53b7d0>,14,14,[10  1],15,53,67,38,42
1,<environment.Job instance at 0x14a756c24e60>,19,18,[ 1 10],20,67,85,47,60
1,<environment.Job instance at 0x14a75b53bd20>,13,20,[1 6],14,85,105,71,76
1,<environment.Job instance at 0x14a756e30690>,25,15,[6 1],26,87,102,61,87
1,<environment.Job instance at 0x14a756e30e10>,24,2,[1 6],25,105,107,80,90
1,<environment.Job instance at 0x14a756e30460>,22,15,[1 9],23,136,151,113,136
1,<environment.Job instance at 0x14a75b49fe10>,5,20,[9 1],6,7,27,1,7
1,<environment.Job instance at 0x14a756e30140>,6,21,[1 7],7,38,59,31,38
1,<environment.Job instance at 0x14a75e53e730>,8,20,[7 1],9,38,58,29,38
1,<environment.Job instance at 0x14a758e8d050>,12,26,[ 1 10],13,59,85,46,59
1,<environment.Job instance at 0x14a75b499730>,16,16,[7 2],17,85,101,68,76
1,<environment.Job instance at 0x14a75c4de460>,20,21,[6 2],21,101,122,80,101
1,<environment.Job instance at 0x14a75ec8cd70>,21,17,[2 6],22,102,119,80,102
1,<environment.Job instance at 0x14a75ec8c960>,19,12,[1 9],20,122,134,102,105
1,<environment.Job instance at 0x14a757d0ac30>,0,2,[1 9],1,4,6,3,4
1,<environment.Job instance at 0x14a757abecd0>,8,21,[2 6],9,16,37,7,16
1,<environment.Job instance at 0x14a75a92bbe0>,19,1,[2 8],20,78,79,58,78
1,<environment.Job instance at 0x14a75812a4b0>,25,20,[2 9],26,84,104,58,84
1,<environment.Job instance at 0x14a75e62a550>,27,28,[10  1],28,108,136,80,108
1,<environment.Job instance at 0x14a759bea730>,5,22,[2 5],6,6,28,0,6
1,<environment.Job instance at 0x14a75d577280>,10,3,[7 2],11,16,19,5,16
1,<environment.Job instance at 0x14a75cd5ffa0>,11,25,[2 7],12,49,74,37,49
1,<environment.Job instance at 0x14a7592328c0>,18,3,[1 8],19,74,77,55,64
1,<environment.Job instance at 0x14a7592322d0>,19,14,[1 9],20,77,91,57,65
1,<environment.Job instance at 0x14a75ae89690>,21,15,[7 1],22,65,80,43,65
1,<environment.Job instance at 0x14a759c5b140>,23,3,[9 2],24,113,116,89,113
1,<environment.Job instance at 0x14a75ac4a140>,28,23,[6 1],29,116,139,87,113
1,<environment.Job instance at 0x14a75cd5f820>,4,2,[2 6],5,11,13,6,11
1,<environment.Job instance at 0x14a7586987d0>,8,17,[2 8],9,17,34,8,17
1,<environment.Job instance at 0x14a75a86c410>,11,14,[5 1],12,22,36,10,22
1,<environment.Job instance at 0x14a7593421e0>,13,3,[6 1],14,36,39,22,26
1,<environment.Job instance at 0x14a7586983c0>,9,21,[1 7],10,34,55,24,28
1,<environment.Job instance at 0x14a757d0ab90>,14,20,[1 6],15,55,75,40,48
1,<environment.Job instance at 0x14a7576cbc80>,19,20,[ 2 10],20,76,96,56,76
1,<environment.Job instance at 0x14a7576cb0f0>,23,12,[2 5],24,96,108,72,79
1,<environment.Job instance at 0x14a75cc9e780>,22,18,[2 8],23,108,126,85,100
1,<environment.Job instance at 0x14a75cc9e230>,28,22,[7 1],29,123,145,94,123
1,<environment.Job instance at 0x14a758a5c0a0>,3,3,[1 6],4,4,7,0,4
1,<environment.Job instance at 0x14a75ac4aeb0>,5,15,[5 2],6,10,25,4,10
1,<environment.Job instance at 0x14a75cc9ed70>,10,18,[2 6],11,21,39,10,21
1,<environment.Job instance at 0x14a75cc9e6e0>,12,17,[1 9],13,42,59,29,42
1,<environment.Job instance at 0x14a75cc9e2d0>,7,17,[1 7],8,59,76,51,58
1,<environment.Job instance at 0x14a75bfddcd0>,17,1,[6 1],18,88,89,70,88
1,<environment.Job instance at 0x14a762158dc0>,22,12,[2 8],23,133,145,110,133
1,<environment.Job instance at 0x14a759cd1e10>,23,12,[10  1],24,145,157,121,133
1,<environment.Job instance at 0x14a75a332f50>,5,22,[10  1],6,6,28,0,6
1,<environment.Job instance at 0x14a758698d70>,13,25,[9 2],14,51,76,37,51
1,<environment.Job instance at 0x14a7586982d0>,12,14,[1 6],13,71,85,58,71
1,<environment.Job instance at 0x14a758cfe140>,24,24,[2 8],25,149,173,124,149
1,<environment.Job instance at 0x14a758cfeaf0>,26,21,[2 7],27,173,194,146,167
1,<environment.Job instance at 0x14a75f03c370>,4,27,[6 1],5,6,33,1,6
1,<environment.Job instance at 0x14a757449e60>,1,14,[2 7],2,12,26,10,12
1,<environment.Job instance at 0x14a75db4fb40>,8,12,[1 7],9,26,38,17,16
1,<environment.Job instance at 0x14a7576cb870>,7,2,[ 2 10],8,38,40,30,19
1,<environment.Job instance at 0x14a757920dc0>,13,28,[1 7],14,43,71,29,43
1,<environment.Job instance at 0x14a756f6f690>,15,18,[2 8],16,71,89,55,68
1,<environment.Job instance at 0x14a757851a00>,5,25,[7 1],6,7,32,1,7
1,<environment.Job instance at 0x14a757781690>,3,2,[1 7],4,7,9,3,7
1,<environment.Job instance at 0x14a7577819b0>,1,2,[2 5],2,10,12,8,10
1,<environment.Job instance at 0x14a759cc5190>,8,2,[2 5],9,12,14,3,10
1,<environment.Job instance at 0x14a75be8daf0>,11,14,[10  2],12,32,46,20,20
1,<environment.Job instance at 0x14a758eeeaa0>,18,3,[1 6],19,76,79,57,76
1,<environment.Job instance at 0x14a75be5b820>,20,3,[7 1],21,92,95,71,92
1,<environment.Job instance at 0x14a75aff21e0>,23,3,[7 2],24,111,114,87,111
1,<environment.Job instance at 0x14a75c0b8230>,26,20,[2 8],27,147,167,120,147
1,<environment.Job instance at 0x14a75ccaeeb0>,3,2,[9 1],4,7,9,3,7
1,<environment.Job instance at 0x14a75bd54050>,6,27,[10  2],7,9,36,2,9
1,<environment.Job instance at 0x14a757e78780>,9,2,[5 2],10,36,38,26,11
1,<environment.Job instance at 0x14a757e78aa0>,14,13,[ 2 10],15,38,51,23,38
1,<environment.Job instance at 0x14a75e2035a0>,10,19,[1 7],11,58,77,47,58
1,<environment.Job instance at 0x14a75ac80b90>,28,17,[2 7],29,120,137,91,120
1,<environment.Job instance at 0x14a75960d280>,15,15,[2 6],16,116,131,100,116
1,<environment.Job instance at 0x14a75ac80aa0>,17,19,[8 1],18,129,148,111,129
1,<environment.Job instance at 0x14a75c8c9370>,20,2,[1 5],21,132,134,111,132
1,<environment.Job instance at 0x14a75c8c98c0>,21,2,[9 2],22,148,150,126,133
1,<environment.Job instance at 0x14a75c8c9820>,25,20,[2 9],26,161,181,135,161
1,<environment.Job instance at 0x14a75e203730>,2,24,[2 9],3,5,29,2,5
1,<environment.Job instance at 0x14a75c2117d0>,10,20,[10  2],11,29,49,18,28
1,<environment.Job instance at 0x14a75b05c4b0>,4,3,[6 2],5,49,52,44,28
1,<environment.Job instance at 0x14a75c430eb0>,14,12,[10  1],15,52,64,37,44
1,<environment.Job instance at 0x14a758f646e0>,19,24,[10  2],20,92,116,72,92
1,<environment.Job instance at 0x14a758f64be0>,20,2,[ 2 10],21,116,118,95,106
1,<environment.Job instance at 0x14a758f64410>,22,3,[2 8],23,118,121,95,106
1,<environment.Job instance at 0x14a758f64dc0>,4,12,[10  2],5,6,18,1,6
1,<environment.Job instance at 0x14a75e203fa0>,5,17,[5 1],6,18,35,12,6
1,<environment.Job instance at 0x14a75db4ffa0>,28,2,[8 2],29,261,263,232,261
1,<environment.Job instance at 0x14a75c8c9a50>,1,19,[2 5],2,4,23,2,4
1,<environment.Job instance at 0x14a759cc91e0>,3,28,[7 2],4,4,32,0,4
1,<environment.Job instance at 0x14a75aab8140>,7,2,[2 5],8,23,25,15,17
1,<environment.Job instance at 0x14a75c3efc30>,10,20,[6 1],11,32,52,21,30
1,<environment.Job instance at 0x14a75a23eb40>,14,26,[2 9],15,37,63,22,37
1,<environment.Job instance at 0x14a75a23e3c0>,15,15,[8 1],16,52,67,36,52
1,<environment.Job instance at 0x14a757fb98c0>,18,24,[10  2],19,74,98,55,74
1,<environment.Job instance at 0x14a758aedc80>,25,19,[7 1],26,105,124,79,105
1,<environment.Job instance at 0x14a75c8c93c0>,0,14,[6 1],1,2,16,1,2
1,<environment.Job instance at 0x14a75a9566e0>,9,14,[1 6],10,38,52,28,38
1,<environment.Job instance at 0x14a75b80fa00>,15,1,[1 7],16,61,62,45,61
1,<environment.Job instance at 0x14a759a30190>,17,17,[6 2],18,81,98,63,81
1,<environment.Job instance at 0x14a759a30460>,18,19,[1 5],19,84,103,65,84
1,<environment.Job instance at 0x14a759a30e10>,19,20,[1 9],20,103,123,83,102
1,<environment.Job instance at 0x14a759a30820>,21,24,[2 5],22,123,147,101,118
1,<environment.Job instance at 0x14a75bc37870>,8,19,[1 6],9,17,36,8,17
1,<environment.Job instance at 0x14a75c827690>,12,20,[7 2],13,35,55,22,35
1,<environment.Job instance at 0x14a75be01e10>,10,28,[7 1],11,55,83,44,55
1,<environment.Job instance at 0x14a75ccbf3c0>,21,2,[1 7],22,64,66,42,64
1,<environment.Job instance at 0x14a75bc371e0>,1,3,[1 7],2,4,7,2,4
1,<environment.Job instance at 0x14a75c211d70>,5,20,[9 1],6,9,29,3,9
1,<environment.Job instance at 0x14a760948820>,12,26,[ 1 10],13,32,58,19,32
1,<environment.Job instance at 0x14a75ba30a50>,16,16,[7 2],17,58,74,41,52
1,<environment.Job instance at 0x14a75ebc6230>,7,20,[5 2],8,74,94,66,73
1,<environment.Job instance at 0x14a759ce2a00>,21,17,[2 6],22,78,95,56,78
1,<environment.Job instance at 0x14a759ce2640>,19,12,[1 9],20,95,107,75,84
1,<environment.Job instance at 0x14a75be86f00>,23,2,[8 1],24,94,96,70,87
1,<environment.Job instance at 0x14a75d45c3c0>,25,19,[10  2],26,107,126,81,98
1,<environment.Job instance at 0x14a75b182500>,2,17,[2 5],3,5,22,2,5
1,<environment.Job instance at 0x14a75a5ad460>,11,24,[10  1],12,27,51,15,27
1,<environment.Job instance at 0x14a759d39780>,14,12,[7 1],15,51,63,36,42
1,<environment.Job instance at 0x14a75aa51370>,19,1,[2 8],20,68,69,48,68
1,<environment.Job instance at 0x14a75aa51be0>,25,20,[2 9],26,105,125,79,105
1,<environment.Job instance at 0x14a75f34fb40>,10,3,[7 2],11,25,28,14,25
1,<environment.Job instance at 0x14a75d0113c0>,5,22,[2 5],6,38,60,32,38
1,<environment.Job instance at 0x14a75f34f960>,12,23,[8 2],13,52,75,39,52
1,<environment.Job instance at 0x14a75f3f7b40>,22,16,[2 8],23,66,82,43,66
1,<environment.Job instance at 0x14a75f3f7780>,19,14,[1 9],20,82,96,62,68
1,<environment.Job instance at 0x14a75f3f70a0>,20,20,[7 1],21,75,95,54,68
1,<environment.Job instance at 0x14a75f3f75f0>,23,3,[9 2],24,96,99,72,84
1,<environment.Job instance at 0x14a75d011af0>,4,2,[2 6],5,17,19,12,17
1,<environment.Job instance at 0x14a758c2e5f0>,8,17,[2 8],9,21,38,12,21
1,<environment.Job instance at 0x14a759620730>,6,3,[7 1],7,27,30,20,27
1,<environment.Job instance at 0x14a75b0ff280>,9,21,[1 7],10,38,59,28,30
1,<environment.Job instance at 0x14a75b0ff5a0>,11,14,[5 1],12,33,47,21,33
1,<environment.Job instance at 0x14a75b0ff780>,13,3,[6 1],14,47,50,33,36
1,<environment.Job instance at 0x14a75b0ffaa0>,14,20,[1 6],15,59,79,44,52
1,<environment.Job instance at 0x14a75810dc80>,19,20,[ 2 10],20,79,99,59,79
1,<environment.Job instance at 0x14a75936b370>,23,12,[2 5],24,99,111,75,90
1,<environment.Job instance at 0x14a75746d370>,26,20,[1 7],27,117,137,90,117
1,<environment.Job instance at 0x14a75bad27d0>,3,3,[1 6],4,4,7,0,4
1,<environment.Job instance at 0x14a75b0ffc30>,6,21,[10  1],7,13,34,6,13
1,<environment.Job instance at 0x14a75d011230>,7,17,[1 7],8,34,51,26,32
1,<environment.Job instance at 0x14a75e30f9b0>,17,1,[6 1],18,75,76,57,75
1,<environment.Job instance at 0x14a75e30f460>,23,12,[10  1],24,135,147,111,135
1,<environment.Job instance at 0x14a75d011eb0>,5,22,[10  1],6,15,37,9,15
1,<environment.Job instance at 0x14a759620eb0>,9,26,[7 2],10,51,77,41,51
1,<environment.Job instance at 0x14a75c6e9d20>,10,15,[2 8],11,57,72,46,57
1,<environment.Job instance at 0x14a758badeb0>,19,23,[9 1],20,152,175,132,152
1,<environment.Job instance at 0x14a75a1aca00>,26,21,[2 7],27,196,217,169,196
1,<environment.Job instance at 0x14a7596206e0>,4,27,[6 1],5,5,32,0,5
1,<environment.Job instance at 0x14a7580d59b0>,7,2,[ 2 10],8,32,34,24,12
1,<environment.Job instance at 0x14a75a847d70>,9,23,[1 6],10,34,57,24,33
1,<environment.Job instance at 0x14a756f75320>,15,18,[2 8],16,57,75,41,46
1,<environment.Job instance at 0x14a75d6678c0>,28,1,[2 6],29,170,171,141,170
1,<environment.Job instance at 0x14a75ad9d780>,5,25,[7 1],6,7,32,1,7
1,<environment.Job instance at 0x14a75d7add70>,8,2,[2 5],9,20,22,11,20
1,<environment.Job instance at 0x14a75c1b5140>,12,22,[2 6],13,23,45,10,23
1,<environment.Job instance at 0x14a75ada34b0>,11,14,[10  2],12,45,59,33,30
1,<environment.Job instance at 0x14a75c1b55f0>,18,3,[1 6],19,64,67,45,64
1,<environment.Job instance at 0x14a757094690>,3,2,[9 1],4,6,8,2,6
1,<environment.Job instance at 0x14a75c1b5d20>,4,20,[5 1],5,12,32,7,12
1,<environment.Job instance at 0x14a7570a3a50>,2,2,[2 9],3,19,21,16,19
1,<environment.Job instance at 0x14a7570945f0>,9,2,[5 2],10,27,29,17,27
1,<environment.Job instance at 0x14a75c57be60>,10,19,[1 7],11,29,48,18,28
1,<environment.Job instance at 0x14a75c578af0>,7,22,[2 5],8,50,72,42,50
1,<environment.Job instance at 0x14a75c57b230>,15,15,[2 5],16,56,71,40,56
1,<environment.Job instance at 0x14a7578be0f0>,16,21,[2 6],17,79,100,62,79
1,<environment.Job instance at 0x14a7578bee60>,18,1,[6 2],19,84,85,65,84
1,<environment.Job instance at 0x14a7578befa0>,27,1,[5 1],28,158,159,130,158
1,<environment.Job instance at 0x14a75957e410>,15,15,[2 6],16,129,144,113,129
1,<environment.Job instance at 0x14a75a5c7b90>,23,21,[7 2],24,156,177,132,156
1,<environment.Job instance at 0x14a758ce9410>,24,14,[7 1],25,177,191,152,162
1,<environment.Job instance at 0x14a758ce9b40>,25,20,[2 9],26,177,197,151,170
1,<environment.Job instance at 0x14a7578bef00>,4,3,[6 2],5,12,15,7,12
1,<environment.Job instance at 0x14a75957ef00>,9,27,[1 8],10,29,56,19,29
1,<environment.Job instance at 0x14a75957ef50>,11,14,[6 1],12,46,60,34,46
1,<environment.Job instance at 0x14a75e972e60>,22,3,[2 8],23,143,146,120,143
1,<environment.Job instance at 0x14a75e972dc0>,28,28,[7 2],29,189,217,160,189
1,<environment.Job instance at 0x14a75a5c7870>,4,12,[10  2],5,10,22,5,10
1,<environment.Job instance at 0x14a75e972960>,5,17,[5 1],6,22,39,16,10
1,<environment.Job instance at 0x14a75e244820>,6,13,[9 1],7,50,63,43,50
1,<environment.Job instance at 0x14a75e035960>,17,27,[1 9],18,102,129,84,102
1,<environment.Job instance at 0x14a75e0356e0>,19,3,[1 7],20,129,132,109,104
1,<environment.Job instance at 0x14a7521b4eb0>,28,2,[8 2],29,210,212,181,210
1,<environment.Job instance at 0x14a75f03c460>,1,19,[2 5],2,4,23,2,4
1,<environment.Job instance at 0x14a7521b4d70>,3,28,[7 2],4,4,32,0,4
1,<environment.Job instance at 0x14a75a5c7730>,5,1,[6 1],6,32,33,26,8
1,<environment.Job instance at 0x14a7597b5dc0>,10,20,[6 1],11,35,55,24,35
1,<environment.Job instance at 0x14a759568b90>,15,15,[8 1],16,55,70,39,48
1,<environment.Job instance at 0x14a759568960>,19,20,[2 8],20,53,73,33,53
1,<environment.Job instance at 0x14a7589743c0>,25,19,[7 1],26,115,134,89,115
1,<environment.Job instance at 0x14a758bfc410>,0,14,[6 1],1,2,16,1,2
1,<environment.Job instance at 0x14a758bfc320>,3,2,[7 1],4,26,28,22,26
1,<environment.Job instance at 0x14a75d96fc80>,15,1,[1 7],16,90,91,74,90
1,<environment.Job instance at 0x14a75d96fe60>,9,14,[1 6],10,108,122,98,108
1,<environment.Job instance at 0x14a757588960>,21,24,[2 5],22,122,146,100,121
1,<environment.Job instance at 0x14a757588f50>,23,23,[5 1],24,135,158,111,135
1,<environment.Job instance at 0x14a757cc50a0>,7,2,[10  2],8,9,11,1,9
1,<environment.Job instance at 0x14a75f9fa460>,5,20,[1 5],6,12,32,6,12
1,<environment.Job instance at 0x14a75b2fb910>,12,20,[7 2],13,36,56,23,36
1,<environment.Job instance at 0x14a75b2fbf00>,13,20,[1 6],14,43,63,29,43
1,<environment.Job instance at 0x14a75b2fb500>,17,3,[2 5],18,63,66,45,43
1,<environment.Job instance at 0x14a75c1276e0>,18,25,[5 2],19,57,82,38,57
1,<environment.Job instance at 0x14a7577b1280>,25,15,[6 1],26,103,118,77,103
1,<environment.Job instance at 0x14a75db908c0>,6,21,[1 7],7,15,36,8,15
1,<environment.Job instance at 0x14a75b128c30>,12,26,[ 1 10],13,43,69,30,43
1,<environment.Job instance at 0x14a75f9fa820>,5,20,[9 1],6,69,89,63,61
1,<environment.Job instance at 0x14a75b51df00>,19,12,[1 9],20,69,81,49,69
1,<environment.Job instance at 0x14a75b51de10>,21,17,[2 6],22,89,106,67,79
1,<environment.Job instance at 0x14a75b51de60>,25,19,[10  2],26,106,125,80,101
1,<environment.Job instance at 0x14a75e4056e0>,5,24,[ 1 10],6,24,48,18,24
1,<environment.Job instance at 0x14a75ef55c30>,11,24,[10  1],12,54,78,42,54
1,<environment.Job instance at 0x14a75ef55320>,17,3,[6 1],18,78,81,60,67
1,<environment.Job instance at 0x14a7581aa5a0>,19,1,[2 8],20,86,87,66,86
1,<environment.Job instance at 0x14a7581aa3c0>,20,3,[7 1],21,87,90,66,87
1,<environment.Job instance at 0x14a758974050>,27,28,[10  1],28,139,167,111,139
1,<environment.Job instance at 0x14a75e405870>,7,24,[2 6],8,14,38,6,14
1,<environment.Job instance at 0x14a75b51dd20>,10,3,[7 2],11,38,41,27,38
1,<environment.Job instance at 0x14a7581f4780>,18,3,[1 8],19,68,71,49,68
1,<environment.Job instance at 0x14a7581f4410>,21,15,[7 1],22,69,84,47,69
1,<environment.Job instance at 0x14a7581f4af0>,19,14,[1 9],20,71,85,51,69
1,<environment.Job instance at 0x14a7581f4cd0>,22,16,[2 8],23,85,101,62,85
1,<environment.Job instance at 0x14a756de5d70>,24,22,[7 2],25,97,119,72,97
1,<environment.Job instance at 0x14a756de5780>,28,23,[6 1],29,119,142,90,115
1,<environment.Job instance at 0x14a75acdfa00>,9,21,[1 7],10,29,50,19,29
1,<environment.Job instance at 0x14a75acdfaf0>,8,17,[2 8],9,50,67,41,38
1,<environment.Job instance at 0x14a75acdf8c0>,6,3,[7 1],7,42,45,35,42
1,<environment.Job instance at 0x14a75e963eb0>,11,14,[5 1],12,45,59,33,43
1,<environment.Job instance at 0x14a758ff8280>,17,28,[2 5],18,69,97,51,69
1,<environment.Job instance at 0x14a75e963f50>,13,3,[6 1],14,90,93,76,90
1,<environment.Job instance at 0x14a757266a00>,19,20,[ 2 10],20,97,117,77,93
1,<environment.Job instance at 0x14a75d5c4b90>,22,18,[2 8],23,117,135,94,108
1,<environment.Job instance at 0x14a759386eb0>,28,22,[7 1],29,145,167,116,145
1,<environment.Job instance at 0x14a757266550>,3,3,[1 6],4,11,14,7,11
1,<environment.Job instance at 0x14a759294aa0>,6,21,[10  1],7,14,35,7,14
1,<environment.Job instance at 0x14a75c4caf00>,10,18,[2 6],11,43,61,32,43
1,<environment.Job instance at 0x14a756f6da00>,13,21,[9 2],14,61,82,47,58
1,<environment.Job instance at 0x14a75d8b25a0>,17,1,[6 1],18,82,83,64,81
1,<environment.Job instance at 0x14a75d8b27d0>,19,23,[1 9],20,88,111,68,88
1,<environment.Job instance at 0x14a7584e0820>,21,21,[2 6],22,111,132,89,103
1,<environment.Job instance at 0x14a7584e0500>,22,12,[2 8],23,132,144,109,127
1,<environment.Job instance at 0x14a75df5cfa0>,25,26,[5 2],26,132,158,106,132
1,<environment.Job instance at 0x14a75b420140>,7,24,[1 6],8,31,55,23,31
1,<environment.Job instance at 0x14a75a689c30>,8,20,[8 1],9,49,69,40,49
1,<environment.Job instance at 0x14a75bf3dfa0>,12,14,[1 6],13,68,82,55,68
1,<environment.Job instance at 0x14a759f605f0>,19,23,[9 1],20,177,200,157,177
1,<environment.Job instance at 0x14a759f608c0>,22,1,[2 5],23,209,210,186,209
1,<environment.Job instance at 0x14a75d23c140>,26,21,[2 7],27,226,247,199,226
1,<environment.Job instance at 0x14a75d23c0a0>,27,1,[8 1],28,229,230,201,229
1,<environment.Job instance at 0x14a75775c3c0>,4,27,[6 1],5,5,32,0,5
1,<environment.Job instance at 0x14a75a689140>,6,22,[1 7],7,9,31,2,9
1,<environment.Job instance at 0x14a759919af0>,11,26,[7 1],12,34,60,22,34
1,<environment.Job instance at 0x14a75a6eabe0>,15,18,[2 8],16,42,60,26,42
1,<environment.Job instance at 0x14a75a6ea870>,12,28,[2 6],13,62,90,49,62
1,<environment.Job instance at 0x14a75a6eaeb0>,14,20,[8 1],15,75,95,60,75
1,<environment.Job instance at 0x14a7576330f0>,23,28,[6 2],24,134,162,110,134
1,<environment.Job instance at 0x14a757633b90>,26,24,[6 2],27,167,191,140,167
1,<environment.Job instance at 0x14a75f9f4d70>,3,2,[1 7],4,6,8,2,6
1,<environment.Job instance at 0x14a75daef9b0>,8,2,[2 5],9,11,13,2,11
1,<environment.Job instance at 0x14a75daef1e0>,7,1,[7 2],8,15,16,7,15
1,<environment.Job instance at 0x14a75daef460>,11,14,[10  2],12,16,30,4,15
1,<environment.Job instance at 0x14a75a6ddf00>,18,3,[1 6],19,76,79,57,76
1,<environment.Job instance at 0x14a75a6ddeb0>,20,3,[7 1],21,83,86,62,83
1,<environment.Job instance at 0x14a759275fa0>,6,27,[10  2],7,20,47,13,20
1,<environment.Job instance at 0x14a7592752d0>,9,2,[5 2],10,47,49,37,22
1,<environment.Job instance at 0x14a759275500>,14,13,[ 2 10],15,49,62,34,48
1,<environment.Job instance at 0x14a759275b90>,15,15,[2 5],16,62,77,46,48
1,<environment.Job instance at 0x14a759275640>,16,21,[2 6],17,77,98,60,70
1,<environment.Job instance at 0x14a75afe5820>,24,22,[9 1],25,132,154,107,132
1,<environment.Job instance at 0x14a752285460>,27,1,[5 1],28,154,155,126,136
1,<environment.Job instance at 0x14a75246d230>,15,15,[2 6],16,121,136,105,121
1,<environment.Job instance at 0x14a75246df50>,16,14,[9 1],17,136,150,119,124
1,<environment.Job instance at 0x14a75246d9b0>,20,2,[1 5],21,148,150,127,148
1,<environment.Job instance at 0x14a75b05ab40>,22,3,[2 8],23,150,153,127,150
1,<environment.Job instance at 0x14a75b05a780>,24,14,[7 1],25,154,168,129,154
1,<environment.Job instance at 0x14a75b85beb0>,25,20,[2 9],26,158,178,132,158
1,<environment.Job instance at 0x14a758ff8e10>,2,24,[2 9],3,5,29,2,5
1,<environment.Job instance at 0x14a7522857d0>,4,3,[6 2],5,55,58,50,55
1,<environment.Job instance at 0x14a75e9bb4b0>,14,12,[10  1],15,81,93,66,81
1,<environment.Job instance at 0x14a759918780>,18,18,[6 2],19,102,120,83,102
1,<environment.Job instance at 0x14a759918280>,20,2,[ 2 10],21,120,122,99,107
1,<environment.Job instance at 0x14a75b85b460>,4,12,[10  2],5,7,19,2,7
1,<environment.Job instance at 0x14a758ff8690>,6,13,[9 1],7,19,32,12,10
1,<environment.Job instance at 0x14a75817ad20>,19,3,[1 7],20,111,114,91,111
1,<environment.Job instance at 0x14a75bc985f0>,2,25,[5 2],3,4,29,1,4
1,<environment.Job instance at 0x14a75bec6910>,7,2,[2 5],8,8,10,0,8
1,<environment.Job instance at 0x14a75bec6b40>,10,20,[6 1],11,29,49,18,23
1,<environment.Job instance at 0x14a75bec6a50>,12,1,[6 2],13,49,50,36,27
1,<environment.Job instance at 0x14a75b85b500>,5,1,[6 1],6,50,51,44,35
1,<environment.Job instance at 0x14a75bec6eb0>,14,26,[2 9],15,55,81,40,55
1,<environment.Job instance at 0x14a75bec65a0>,0,14,[6 1],1,2,16,1,2
1,<environment.Job instance at 0x14a758601b40>,3,2,[7 1],4,24,26,20,24
1,<environment.Job instance at 0x14a759acf1e0>,15,1,[1 7],16,90,91,74,90
1,<environment.Job instance at 0x14a75223e2d0>,20,17,[1 7],21,122,139,101,122
1,<environment.Job instance at 0x14a75223e500>,23,23,[5 1],24,139,162,115,139
1,<environment.Job instance at 0x14a75ac80f50>,1,26,[7 2],2,18,44,16,18
1,<environment.Job instance at 0x14a75c8c58c0>,7,2,[10  2],8,44,46,36,20
1,<environment.Job instance at 0x14a75c8c5c80>,8,19,[1 6],9,23,42,14,23
1,<environment.Job instance at 0x14a75c8c5be0>,16,24,[ 2 10],17,46,70,29,42
1,<environment.Job instance at 0x14a75c8c5dc0>,17,3,[2 5],18,70,73,52,44
1,<environment.Job instance at 0x14a75ec6de10>,21,2,[1 7],22,84,86,62,84
1,<environment.Job instance at 0x14a75c8c5140>,15,19,[5 1],16,96,115,80,96
1,<environment.Job instance at 0x14a75c014140>,24,2,[1 6],25,96,98,71,96
1,<environment.Job instance at 0x14a75c8c5320>,14,14,[10  1],15,115,129,100,115
1,<environment.Job instance at 0x14a75ed68fa0>,25,15,[6 1],26,129,144,103,119
1,<environment.Job instance at 0x14a75b2dbdc0>,6,21,[1 7],7,19,40,12,19
1,<environment.Job instance at 0x14a75df8dcd0>,8,20,[7 1],9,28,48,19,28
1,<environment.Job instance at 0x14a75df8d960>,16,16,[7 2],17,66,82,49,66
1,<environment.Job instance at 0x14a756a8d230>,19,12,[1 9],20,82,94,62,80
1,<environment.Job instance at 0x14a756a8d5f0>,20,21,[6 2],21,94,115,73,91
1,<environment.Job instance at 0x14a7573c03c0>,21,17,[2 6],22,96,113,74,96
1,<environment.Job instance at 0x14a7573c0af0>,23,2,[8 1],24,115,117,91,105
1,<environment.Job instance at 0x14a7573c0be0>,25,19,[10  2],26,117,136,91,114
1,<environment.Job instance at 0x14a756a8d050>,2,17,[2 5],3,14,31,11,14
1,<environment.Job instance at 0x14a759d17b40>,8,21,[2 6],9,31,52,22,27
1,<environment.Job instance at 0x14a7578e5c80>,20,3,[7 1],21,124,127,103,124
1,<environment.Job instance at 0x14a7578e58c0>,25,20,[2 9],26,144,164,118,144
1,<environment.Job instance at 0x14a75ac2a320>,5,22,[2 5],6,15,37,9,15
1,<environment.Job instance at 0x14a75b2db6e0>,9,26,[5 1],10,20,46,10,20
1,<environment.Job instance at 0x14a75f2c26e0>,11,25,[2 7],12,37,62,25,37
1,<environment.Job instance at 0x14a75f2c2fa0>,18,3,[1 8],19,79,82,60,79
1,<environment.Job instance at 0x14a75b86e050>,19,14,[1 9],20,89,103,69,89
1,<environment.Job instance at 0x14a75b86e870>,20,20,[7 1],21,89,109,68,89
1,<environment.Job instance at 0x14a75b158a00>,23,3,[9 2],24,109,112,85,91
1,<environment.Job instance at 0x14a75b86e5f0>,22,16,[2 8],23,131,147,108,131
1,<environment.Job instance at 0x14a75da33f50>,28,23,[6 1],29,135,158,106,135
1,<environment.Job instance at 0x14a75b2db8c0>,6,3,[7 1],7,17,20,10,17
1,<environment.Job instance at 0x14a75ac2a820>,8,17,[2 8],9,33,50,24,33
1,<environment.Job instance at 0x14a7578e5640>,11,14,[5 1],12,38,52,26,38
1,<environment.Job instance at 0x14a758a46780>,18,22,[2 8],19,93,115,74,93
1,<environment.Job instance at 0x14a759338460>,23,12,[2 5],24,115,127,91,109
1,<environment.Job instance at 0x14a7593382d0>,26,20,[1 7],27,148,168,121,148
1,<environment.Job instance at 0x14a75c8c5050>,5,15,[5 2],6,16,31,10,16
1,<environment.Job instance at 0x14a75da33730>,7,17,[1 7],8,19,36,11,19
1,<environment.Job instance at 0x14a75ef634b0>,17,1,[6 1],18,82,83,64,82
1,<environment.Job instance at 0x14a75869aaa0>,19,23,[1 9],20,111,134,91,111
1,<environment.Job instance at 0x14a75e2a2280>,5,22,[10  1],6,9,31,3,9
1,<environment.Job instance at 0x14a75e2a27d0>,9,26,[7 2],10,45,71,35,45
1,<environment.Job instance at 0x14a75e2a2e10>,10,15,[2 8],11,45,60,34,45
1,<environment.Job instance at 0x14a75e2a24b0>,12,14,[1 6],13,60,74,47,53
1,<environment.Job instance at 0x14a758a3adc0>,13,25,[9 2],14,73,98,59,73
1,<environment.Job instance at 0x14a758a3aaf0>,19,23,[9 1],20,144,167,124,144
1,<environment.Job instance at 0x14a758a3a5f0>,22,1,[2 5],23,167,168,144,147
1,<environment.Job instance at 0x14a758a3ac30>,26,21,[2 7],27,170,191,143,170
1,<environment.Job instance at 0x14a75e588870>,5,24,[9 1],6,6,30,0,6
1,<environment.Job instance at 0x14a756c1e1e0>,6,22,[1 7],7,9,31,2,9
1,<environment.Job instance at 0x14a7569ecb40>,7,2,[ 2 10],8,31,33,23,10
1,<environment.Job instance at 0x14a756c1e500>,8,12,[1 7],9,33,45,24,20
1,<environment.Job instance at 0x14a7578c3b90>,13,28,[1 7],14,50,78,36,50
1,<environment.Job instance at 0x14a75244d1e0>,26,24,[6 2],27,174,198,147,174
1,<environment.Job instance at 0x14a75e18ebe0>,7,1,[7 2],8,8,9,0,8
1,<environment.Job instance at 0x14a75e6d7b90>,8,2,[2 5],9,10,12,1,10
1,<environment.Job instance at 0x14a757824910>,11,14,[10  2],12,14,28,2,14
1,<environment.Job instance at 0x14a75d9a54b0>,18,3,[1 6],19,101,104,82,101
1,<environment.Job instance at 0x14a75d9a5870>,20,3,[7 1],21,105,108,84,105
1,<environment.Job instance at 0x14a75ad5b410>,7,22,[2 5],8,20,42,12,20
1,<environment.Job instance at 0x14a756c618c0>,9,2,[5 2],10,27,29,17,27
1,<environment.Job instance at 0x14a759dd65a0>,14,13,[ 2 10],15,42,55,27,42
1,<environment.Job instance at 0x14a759dd64b0>,15,15,[2 5],16,55,70,39,47
1,<environment.Job instance at 0x14a759baec80>,16,21,[2 6],17,70,91,53,64
1,<environment.Job instance at 0x14a759204cd0>,18,1,[6 2],19,107,108,88,107
1,<environment.Job instance at 0x14a75772c0a0>,28,17,[2 7],29,157,174,128,157
1,<environment.Job instance at 0x14a75dad4910>,17,19,[8 1],18,122,141,104,122
1,<environment.Job instance at 0x14a7576cab40>,16,14,[9 1],17,141,155,124,130
1,<environment.Job instance at 0x14a7522ce960>,21,2,[9 2],22,155,157,133,130
1,<environment.Job instance at 0x14a7522ce870>,22,3,[2 8],23,133,136,110,133
1,<environment.Job instance at 0x14a7522cec80>,24,14,[7 1],25,158,172,133,158
1,<environment.Job instance at 0x14a759204140>,2,24,[2 9],3,5,29,2,5
1,<environment.Job instance at 0x14a7524e8500>,4,3,[6 2],5,59,62,54,59
1,<environment.Job instance at 0x14a7524e85a0>,11,14,[6 1],12,77,91,65,77
1,<environment.Job instance at 0x14a75c8eaf00>,20,2,[ 2 10],21,164,166,143,164
1,<environment.Job instance at 0x14a7524e82d0>,4,12,[10  2],5,8,20,3,8
1,<environment.Job instance at 0x14a75ad5b140>,5,17,[5 1],6,20,37,14,10
1,<environment.Job instance at 0x14a757837550>,6,13,[9 1],7,62,75,55,62
1,<environment.Job instance at 0x14a7595cb550>,28,2,[8 2],29,247,249,218,247
1,<environment.Job instance at 0x14a7595cb870>,3,28,[7 2],4,4,32,0,4
1,<environment.Job instance at 0x14a7578378c0>,5,1,[6 1],6,32,33,26,7
1,<environment.Job instance at 0x14a7595fabe0>,10,20,[6 1],11,33,53,22,25
1,<environment.Job instance at 0x14a7595fa320>,13,25,[1 8],14,27,52,13,27
1,<environment.Job instance at 0x14a7595fa6e0>,12,1,[6 2],13,53,54,40,27
1,<environment.Job instance at 0x14a7595faaa0>,15,15,[8 1],16,54,69,38,42
1,<environment.Job instance at 0x14a75f3ee550>,19,20,[2 8],20,52,72,32,46
1,<environment.Job instance at 0x14a75b43ce10>,9,14,[1 6],10,25,39,15,25
1,<environment.Job instance at 0x14a7584c5870>,15,1,[1 7],16,103,104,87,103
1,<environment.Job instance at 0x14a7584c5d20>,17,17,[6 2],18,129,146,111,129
1,<environment.Job instance at 0x14a75ebe1b90>,18,19,[1 5],19,131,150,112,131
1,<environment.Job instance at 0x14a75ebe1780>,20,17,[1 7],21,150,167,129,139
1,<environment.Job instance at 0x14a75ebe15f0>,8,19,[1 6],9,9,28,0,9
1,<environment.Job instance at 0x14a75730fdc0>,10,28,[7 1],11,30,58,19,30
1,<environment.Job instance at 0x14a75f3ee500>,5,20,[1 5],6,31,51,25,31
1,<environment.Job instance at 0x14a75730f370>,13,20,[1 6],14,51,71,37,44
1,<environment.Job instance at 0x14a75ca87230>,17,3,[2 5],18,71,74,53,46
1,<environment.Job instance at 0x14a75ca87d70>,18,25,[5 2],19,58,83,39,54
1,<environment.Job instance at 0x14a75ca87cd0>,21,2,[1 7],22,74,76,52,65
1,<environment.Job instance at 0x14a75ca87780>,19,18,[ 1 10],20,83,101,63,80
1,<environment.Job instance at 0x14a75ca879b0>,24,2,[1 6],25,81,83,56,81
1,<environment.Job instance at 0x14a75ca87320>,25,15,[6 1],26,101,116,75,92
1,<environment.Job instance at 0x14a75ca87d20>,22,15,[1 9],23,101,116,78,92
1,<environment.Job instance at 0x14a75a7c0d70>,8,20,[7 1],9,28,48,19,28
1,<environment.Job instance at 0x14a75bdd8fa0>,15,16,[10  1],16,63,79,47,63
1,<environment.Job instance at 0x14a75bdd8960>,16,16,[7 2],17,79,95,62,71
1,<environment.Job instance at 0x14a75b7d41e0>,17,26,[9 1],18,100,126,82,100
1,<environment.Job instance at 0x14a75b4b3550>,23,2,[8 1],24,126,128,102,102
1,<environment.Job instance at 0x14a75e09c370>,9,19,[2 9],10,18,37,8,18
1,<environment.Job instance at 0x14a75d2c50f0>,8,21,[2 6],9,37,58,28,29
1,<environment.Job instance at 0x14a7570c7280>,19,1,[2 8],20,68,69,48,68
1,<environment.Job instance at 0x14a7570c70f0>,20,3,[7 1],21,72,75,51,72
1,<environment.Job instance at 0x14a758d1ceb0>,25,20,[2 9],26,120,140,94,120
1,<environment.Job instance at 0x14a758d1c780>,27,28,[10  1],28,141,169,113,141
1,<environment.Job instance at 0x14a75e09c280>,5,22,[2 5],6,8,30,2,8
1,<environment.Job instance at 0x14a758d1c190>,9,26,[5 1],10,39,65,29,39
1,<environment.Job instance at 0x14a758d1c4b0>,10,3,[7 2],11,65,68,54,39
1,<environment.Job instance at 0x14a758b37460>,19,14,[1 9],20,87,101,67,87
1,<environment.Job instance at 0x14a75dfefeb0>,20,20,[7 1],21,87,107,66,87
1,<environment.Job instance at 0x14a758d1caa0>,15,15,[2 8],16,101,116,85,87
1,<environment.Job instance at 0x14a75dfef5a0>,23,3,[9 2],24,116,119,92,91
1,<environment.Job instance at 0x14a75dfefc80>,28,23,[6 1],29,123,146,94,123
1,<environment.Job instance at 0x14a75f4007d0>,6,3,[7 1],7,30,33,23,30
1,<environment.Job instance at 0x14a7581ac280>,9,21,[1 7],10,30,51,20,30
1,<environment.Job instance at 0x14a7581ac500>,11,14,[5 1],12,34,48,22,34
1,<environment.Job instance at 0x14a75e438230>,13,3,[6 1],14,48,51,34,35
1,<environment.Job instance at 0x14a7581acf50>,14,20,[1 6],15,51,71,36,42
1,<environment.Job instance at 0x14a75a24d320>,20,28,[1 6],21,90,118,69,90
1,<environment.Job instance at 0x14a758d57190>,26,20,[1 7],27,135,155,108,135
1,<environment.Job instance at 0x14a757ffc870>,3,3,[1 6],4,8,11,4,8
1,<environment.Job instance at 0x14a75233d7d0>,7,17,[1 7],8,18,35,10,18
1,<environment.Job instance at 0x14a75d1b9230>,5,15,[5 2],6,37,52,31,37
1,<environment.Job instance at 0x14a75dfef960>,10,18,[2 6],11,39,57,28,39
1,<environment.Job instance at 0x14a75f400140>,12,17,[1 9],13,57,74,44,48
1,<environment.Job instance at 0x14a7581ac460>,17,1,[6 1],18,79,80,61,79
1,<environment.Job instance at 0x14a75eef20a0>,5,22,[10  1],6,19,41,13,19
1,<environment.Job instance at 0x14a756e24460>,9,26,[7 2],10,42,68,32,42
1,<environment.Job instance at 0x14a75cf620f0>,12,14,[1 6],13,47,61,34,47
1,<environment.Job instance at 0x14a756e24910>,10,15,[2 8],11,61,76,50,52
1,<environment.Job instance at 0x14a75a366190>,22,1,[2 5],23,210,211,187,210
1,<environment.Job instance at 0x14a756b57cd0>,26,21,[2 7],27,251,272,224,251
1,<environment.Job instance at 0x14a756b572d0>,27,1,[8 1],28,252,253,224,252
1,<environment.Job instance at 0x14a75e76be10>,5,24,[9 1],6,7,31,1,7
1,<environment.Job instance at 0x14a75cb6e640>,6,22,[1 7],7,9,31,2,9
1,<environment.Job instance at 0x14a757a3ce10>,7,2,[ 2 10],8,31,33,23,13
1,<environment.Job instance at 0x14a75aacea00>,14,20,[8 1],15,33,53,18,31
1,<environment.Job instance at 0x14a75aaced70>,13,28,[1 7],14,34,62,20,34
1,<environment.Job instance at 0x14a75980a320>,23,28,[6 2],24,128,156,104,128
1,<environment.Job instance at 0x14a757408320>,27,26,[1 5],28,179,205,151,179
1,<environment.Job instance at 0x14a75ed61730>,28,1,[2 6],29,205,206,176,185
