iteration,job object,job ID,job Length,job ressource requirement,job enter time,job start time,job finish time,job waiting time,current time
1,<environment.Job instance at 0x14a75e831280>,4,24,[6 1],5,5,29,0,5
1,<environment.Job instance at 0x14a75e831410>,10,3,[ 1 14],11,22,25,11,18
1,<environment.Job instance at 0x14a75f49dc30>,0,24,[ 1 10],1,31,55,30,31
1,<environment.Job instance at 0x14a75e821dc0>,16,19,[ 1 12],17,55,74,38,46
1,<environment.Job instance at 0x14a75e821550>,14,3,[14  2],15,61,64,46,61
1,<environment.Job instance at 0x14a75f49db90>,6,19,[ 1 13],7,74,93,67,64
1,<environment.Job instance at 0x14a75e821730>,20,3,[7 1],21,65,68,44,65
1,<environment.Job instance at 0x14a75e835230>,21,22,[14  2],22,68,90,46,66
1,<environment.Job instance at 0x14a75e87fa50>,17,3,[ 1 13],18,93,96,75,70
1,<environment.Job instance at 0x14a75e835550>,23,3,[7 2],24,90,93,66,70
1,<environment.Job instance at 0x14a75e8352d0>,24,20,[ 2 13],25,96,116,71,87
1,<environment.Job instance at 0x14a75e820870>,25,1,[11  1],26,93,94,67,93
1,<environment.Job instance at 0x14a75e8113c0>,28,20,[1 9],29,116,136,87,111
1,<environment.Job instance at 0x14a75e821140>,19,21,[14  2],20,117,138,97,117
1,<environment.Job instance at 0x14a75e8217d0>,15,24,[ 2 13],16,138,162,122,133
1,<environment.Job instance at 0x14a75e835640>,22,25,[ 2 12],23,162,187,139,158
1,<environment.Job instance at 0x14a75e811870>,27,25,[14  2],28,187,212,159,183
1,<environment.Job instance at 0x14a75e8216e0>,2,2,[2 9],3,4,6,1,4
1,<environment.Job instance at 0x14a75e74a690>,4,20,[5 1],5,7,27,2,7
1,<environment.Job instance at 0x14a75e748730>,7,22,[2 5],8,8,30,0,8
1,<environment.Job instance at 0x14a75e83c550>,3,2,[9 1],4,27,29,23,12
1,<environment.Job instance at 0x14a75e74ce10>,8,1,[ 1 13],9,30,31,21,17
1,<environment.Job instance at 0x14a75e779690>,13,3,[ 1 14],14,31,34,17,23
1,<environment.Job instance at 0x14a75e779910>,14,13,[ 2 10],15,34,47,19,24
1,<environment.Job instance at 0x14a75dae7af0>,15,15,[2 5],16,34,49,18,31
1,<environment.Job instance at 0x14a75dae7aa0>,17,26,[12  2],18,47,73,29,47
1,<environment.Job instance at 0x14a75dae7d20>,20,23,[2 6],21,72,95,51,72
1,<environment.Job instance at 0x14a75dae7b40>,19,25,[11  2],20,76,101,56,76
1,<environment.Job instance at 0x14a75dae7d70>,22,12,[13  2],23,101,113,78,85
1,<environment.Job instance at 0x14a75e757780>,11,18,[ 2 13],12,95,113,83,93
1,<environment.Job instance at 0x14a75dae7f50>,25,20,[ 1 14],26,113,133,87,105
1,<environment.Job instance at 0x14a75daed140>,26,1,[12  2],27,133,134,106,105
1,<environment.Job instance at 0x14a75dae7c30>,21,2,[ 2 13],22,133,135,111,112
1,<environment.Job instance at 0x14a75daed0a0>,27,1,[5 1],28,114,115,86,114
1,<environment.Job instance at 0x14a75e757870>,12,23,[ 1 14],13,135,158,122,129
1,<environment.Job instance at 0x14a75e74a5f0>,5,23,[11  2],6,163,186,157,163
1,<environment.Job instance at 0x14a75e772640>,3,13,[ 2 13],4,7,20,3,7
1,<environment.Job instance at 0x14a75dae76e0>,0,3,[ 1 11],1,20,23,19,16
1,<environment.Job instance at 0x14a75e772a00>,6,14,[14  2],7,20,34,13,17
1,<environment.Job instance at 0x14a75e7573c0>,1,22,[14  1],2,34,56,32,34
1,<environment.Job instance at 0x14a75e766af0>,9,14,[12  2],10,56,70,46,44
1,<environment.Job instance at 0x14a75daed2d0>,11,12,[ 2 11],12,56,68,44,44
1,<environment.Job instance at 0x14a75daed4b0>,13,3,[ 1 11],14,68,71,54,54
1,<environment.Job instance at 0x14a75daed820>,10,20,[ 2 14],11,71,91,60,65
1,<environment.Job instance at 0x14a75daed8c0>,14,1,[14  2],15,70,71,55,69
1,<environment.Job instance at 0x14a75d4f4780>,17,19,[8 1],18,71,90,53,70
1,<environment.Job instance at 0x14a75daed0f0>,12,16,[ 2 12],13,91,107,78,80
1,<environment.Job instance at 0x14a75e770b40>,7,19,[11  1],8,90,109,82,86
1,<environment.Job instance at 0x14a75d4f4d20>,28,12,[ 1 14],29,107,119,78,98
1,<environment.Job instance at 0x14a75d4f45a0>,19,19,[14  1],20,109,128,89,104
1,<environment.Job instance at 0x14a75d4f4a00>,26,21,[ 1 12],27,119,140,92,115
1,<environment.Job instance at 0x14a75e7729b0>,4,2,[11  2],5,128,130,123,122
1,<environment.Job instance at 0x14a75d4f4c80>,27,18,[ 1 12],28,210,228,182,210
1,<environment.Job instance at 0x14a75e7e9eb0>,0,27,[ 2 14],1,7,34,6,7
1,<environment.Job instance at 0x14a75d4f7460>,7,2,[ 1 12],8,34,36,26,8
1,<environment.Job instance at 0x14a75e7e9870>,1,2,[12  2],2,34,36,32,15
1,<environment.Job instance at 0x14a75d4f70a0>,11,14,[6 1],12,20,34,8,20
1,<environment.Job instance at 0x14a75d4f7780>,13,3,[13  1],14,36,39,22,28
1,<environment.Job instance at 0x14a75d4f7730>,12,22,[ 2 14],13,36,58,23,29
1,<environment.Job instance at 0x14a75d4f75a0>,16,2,[7 1],17,43,45,26,43
1,<environment.Job instance at 0x14a75c8b02d0>,17,16,[13  1],18,45,61,27,43
1,<environment.Job instance at 0x14a75c8b01e0>,18,18,[6 2],19,61,79,42,50
1,<environment.Job instance at 0x14a75d4f72d0>,15,22,[ 2 12],16,58,80,42,52
1,<environment.Job instance at 0x14a75c8b0230>,21,1,[14  2],22,80,81,58,56
1,<environment.Job instance at 0x14a75c8b0280>,20,2,[ 2 10],21,81,83,60,61
1,<environment.Job instance at 0x14a75c8b06e0>,24,3,[ 2 13],25,83,86,58,66
1,<environment.Job instance at 0x14a75e779320>,3,3,[ 1 14],4,86,89,82,75
1,<environment.Job instance at 0x14a75daed550>,6,16,[ 2 11],7,89,105,82,89
1,<environment.Job instance at 0x14a75daeda00>,8,25,[13  2],9,94,119,85,94
1,<environment.Job instance at 0x14a75c8b0820>,26,3,[ 1 13],27,105,108,78,105
1,<environment.Job instance at 0x14a75c8b08c0>,27,20,[1 9],28,108,128,80,108
1,<environment.Job instance at 0x14a75dae77d0>,0,21,[1 5],1,5,26,4,5
1,<environment.Job instance at 0x14a75e831c30>,5,17,[5 1],6,8,25,2,8
1,<environment.Job instance at 0x14a75c8b0cd0>,2,20,[13  2],3,25,45,22,21
1,<environment.Job instance at 0x14a75c8abd70>,1,15,[ 1 11],2,26,41,24,22
1,<environment.Job instance at 0x14a75d4f4d70>,7,12,[ 1 13],8,41,53,33,30
1,<environment.Job instance at 0x14a75c8abeb0>,3,15,[12  1],4,45,60,41,36
1,<environment.Job instance at 0x14a75d4f4f00>,9,25,[ 2 12],10,53,78,43,53
1,<environment.Job instance at 0x14a75d4f4550>,8,26,[12  2],9,60,86,51,57
1,<environment.Job instance at 0x14a75e821500>,14,14,[12  1],15,86,100,71,71
1,<environment.Job instance at 0x14a75daed780>,11,18,[ 2 11],12,80,98,68,80
1,<environment.Job instance at 0x14a75c8b3280>,15,17,[ 1 11],16,98,115,82,91
1,<environment.Job instance at 0x14a75daed960>,12,19,[11  2],13,100,119,87,93
1,<environment.Job instance at 0x14a75bd4fbe0>,18,3,[ 1 12],19,115,118,96,103
1,<environment.Job instance at 0x14a75bd4fcd0>,21,2,[ 1 13],22,118,120,96,103
1,<environment.Job instance at 0x14a75bfe1a00>,22,16,[11  2],23,119,135,96,112
1,<environment.Job instance at 0x14a75bd4f9b0>,23,25,[ 1 12],24,123,148,99,123
1,<environment.Job instance at 0x14a75c8b30f0>,16,23,[ 1 14],17,148,171,131,142
1,<environment.Job instance at 0x14a75bd38460>,25,2,[14  1],26,157,159,131,157
1,<environment.Job instance at 0x14a75e821780>,13,23,[ 1 12],14,171,194,157,170
1,<environment.Job instance at 0x14a75d4f4dc0>,10,27,[12  2],11,181,208,170,181
1,<environment.Job instance at 0x14a75bdc3a50>,28,2,[8 2],29,208,210,179,190
1,<environment.Job instance at 0x14a75bfe1690>,24,27,[ 1 12],25,194,221,169,193
1,<environment.Job instance at 0x14a75bdc3f00>,27,20,[ 1 12],28,221,241,193,215
1,<environment.Job instance at 0x14a75bdc30f0>,26,22,[12  2],27,216,238,189,216
1,<environment.Job instance at 0x14a75bd4f820>,20,23,[ 2 13],21,241,264,220,236
1,<environment.Job instance at 0x14a75e757460>,0,19,[12  2],1,1,20,0,1
1,<environment.Job instance at 0x14a75e8311e0>,6,28,[ 1 11],7,15,43,8,15
1,<environment.Job instance at 0x14a75daedaa0>,8,24,[14  2],9,20,44,11,18
1,<environment.Job instance at 0x14a75c8b0e10>,11,1,[ 1 11],12,43,44,31,25
1,<environment.Job instance at 0x14a75b0b45f0>,15,15,[8 1],16,44,59,28,37
1,<environment.Job instance at 0x14a75c8abdc0>,9,3,[13  2],10,59,62,49,38
1,<environment.Job instance at 0x14a75bd94e60>,13,25,[1 8],14,44,69,30,41
1,<environment.Job instance at 0x14a75e75b320>,2,25,[5 2],3,62,87,59,62
1,<environment.Job instance at 0x14a75b0b4cd0>,22,16,[12  2],23,87,103,64,74
1,<environment.Job instance at 0x14a75b0b4a00>,23,14,[ 1 12],24,76,90,52,76
1,<environment.Job instance at 0x14a75b0b4e10>,24,15,[ 1 13],25,90,105,65,84
1,<environment.Job instance at 0x14a75d4f76e0>,16,1,[12  2],17,103,104,86,90
1,<environment.Job instance at 0x14a75b0b4fa0>,25,19,[7 1],26,104,123,78,97
1,<environment.Job instance at 0x14a75b0b4c30>,21,20,[ 1 14],22,105,125,83,101
1,<environment.Job instance at 0x14a75b0b4640>,17,21,[12  1],18,123,144,105,118
1,<environment.Job instance at 0x14a75b0b4dc0>,28,27,[ 1 14],29,125,152,96,125
1,<environment.Job instance at 0x14a75b0b4c80>,27,2,[12  1],28,144,146,116,131
1,<environment.Job instance at 0x14a75b0b4b90>,20,26,[ 2 12],21,152,178,131,149
1,<environment.Job instance at 0x14a75b5e1f50>,1,1,[11  1],2,3,4,1,3
1,<environment.Job instance at 0x14a75b5e1cd0>,0,14,[6 1],1,6,20,5,6
1,<environment.Job instance at 0x14a75b5e1e10>,3,2,[7 1],4,10,12,6,10
1,<environment.Job instance at 0x14a75b5e1e60>,7,28,[ 1 11],8,14,42,6,14
1,<environment.Job instance at 0x14a75b5e1dc0>,4,15,[11  2],5,20,35,15,15
1,<environment.Job instance at 0x14a75b5e1be0>,2,3,[11  2],3,35,38,32,17
1,<environment.Job instance at 0x14a75b5a6410>,6,3,[13  2],7,38,41,31,21
1,<environment.Job instance at 0x14a75b5e1d70>,5,3,[12  1],6,41,44,35,36
1,<environment.Job instance at 0x14a75b5a6be0>,8,25,[ 1 12],9,42,67,33,40
1,<environment.Job instance at 0x14a75b5a6a50>,13,2,[ 2 11],14,67,69,53,50
1,<environment.Job instance at 0x14a75b5a6b40>,16,26,[13  1],17,54,80,37,54
1,<environment.Job instance at 0x14a75b5a67d0>,20,17,[1 7],21,69,86,48,61
1,<environment.Job instance at 0x14a75b5a0e60>,23,23,[5 1],24,81,104,57,81
1,<environment.Job instance at 0x14a75b5a0e10>,24,24,[ 1 13],25,86,110,61,86
1,<environment.Job instance at 0x14a75b5a0aa0>,25,21,[11  1],26,104,125,78,97
1,<environment.Job instance at 0x14a75b5a0500>,26,19,[ 2 12],27,110,129,83,100
1,<environment.Job instance at 0x14a75b5a0690>,27,1,[12  2],28,125,126,97,101
1,<environment.Job instance at 0x14a75b5a6fa0>,10,12,[ 2 14],11,129,141,118,124
1,<environment.Job instance at 0x14a75b5a01e0>,28,1,[ 2 14],29,141,142,112,128
1,<environment.Job instance at 0x14a75b5a6a00>,11,26,[ 1 14],12,142,168,130,139
1,<environment.Job instance at 0x14a75b5a6f00>,12,26,[ 2 12],13,168,194,155,165
1,<environment.Job instance at 0x14a75b5a6730>,22,24,[ 1 13],23,194,218,171,190
1,<environment.Job instance at 0x14a75b5a0b40>,0,22,[11  2],1,5,27,4,5
1,<environment.Job instance at 0x14a75b5a6730>,4,27,[2 7],5,5,32,0,5
1,<environment.Job instance at 0x14a75b5a0820>,3,3,[ 2 13],4,32,35,28,11
1,<environment.Job instance at 0x14a75b602be0>,6,20,[2 5],7,11,31,4,11
1,<environment.Job instance at 0x14a75b636c80>,12,20,[7 2],13,27,47,14,22
1,<environment.Job instance at 0x14a75b6023c0>,5,20,[1 5],6,35,55,29,31
1,<environment.Job instance at 0x14a75b636af0>,15,19,[5 1],16,35,54,19,31
1,<environment.Job instance at 0x14a75b6414b0>,9,12,[ 2 14],10,55,67,45,44
1,<environment.Job instance at 0x14a75df8d7d0>,21,2,[1 7],22,67,69,45,56
1,<environment.Job instance at 0x14a75b6368c0>,16,24,[ 2 10],17,69,93,52,67
1,<environment.Job instance at 0x14a75b5a6d20>,2,21,[13  2],3,68,89,65,68
1,<environment.Job instance at 0x14a75df8d2d0>,24,2,[1 6],25,93,95,68,69
1,<environment.Job instance at 0x14a75df8d9b0>,27,20,[7 2],28,89,109,61,84
1,<environment.Job instance at 0x14a75df0dd70>,26,22,[ 2 11],27,96,118,69,96
1,<environment.Job instance at 0x14a75df0d140>,28,12,[ 2 12],29,118,130,89,109
1,<environment.Job instance at 0x14a75df8d3c0>,20,24,[11  2],21,115,139,94,115
1,<environment.Job instance at 0x14a75b6417d0>,11,28,[ 2 13],12,133,161,121,133
1,<environment.Job instance at 0x14a75df8df00>,23,28,[ 1 14],24,167,195,143,167
1,<environment.Job instance at 0x14a75defa410>,3,25,[11  1],4,8,33,4,8
1,<environment.Job instance at 0x14a75b602370>,0,24,[1 5],1,8,32,7,8
1,<environment.Job instance at 0x14a75b6410f0>,9,27,[2 8],10,14,41,4,14
1,<environment.Job instance at 0x14a75df70190>,7,20,[5 2],8,33,53,25,26
1,<environment.Job instance at 0x14a75b641140>,11,3,[11  2],12,53,56,41,29
1,<environment.Job instance at 0x14a75b641280>,10,28,[ 2 13],11,41,69,30,40
1,<environment.Job instance at 0x14a75e90da00>,16,16,[7 2],17,56,72,39,45
1,<environment.Job instance at 0x14a75df0d500>,4,12,[ 2 13],5,69,81,64,64
1,<environment.Job instance at 0x14a75e0490a0>,13,25,[13  2],14,72,97,58,68
1,<environment.Job instance at 0x14a75ee83c80>,23,2,[8 1],24,97,99,73,83
1,<environment.Job instance at 0x14a75b6415a0>,14,22,[ 1 13],15,98,120,83,98
1,<environment.Job instance at 0x14a75e90d410>,17,26,[9 1],18,99,125,81,99
1,<environment.Job instance at 0x14a75ee44140>,26,1,[ 1 11],27,120,121,93,106
1,<environment.Job instance at 0x14a75ee834b0>,22,1,[ 2 13],23,121,122,98,115
1,<environment.Job instance at 0x14a75ee448c0>,28,20,[ 1 13],29,122,142,93,115
1,<environment.Job instance at 0x14a75b602d70>,2,19,[13  2],3,125,144,122,117
1,<environment.Job instance at 0x14a75ee835a0>,24,24,[ 1 11],25,142,166,117,142
1,<environment.Job instance at 0x14a75ee44f50>,27,2,[12  2],28,158,160,130,158
1,<environment.Job instance at 0x14a75b5a6870>,2,17,[2 5],3,5,22,2,5
1,<environment.Job instance at 0x14a75b641870>,5,24,[ 1 10],6,7,31,1,7
1,<environment.Job instance at 0x14a75df0d9b0>,6,3,[ 2 12],7,31,34,24,7
1,<environment.Job instance at 0x14a75df0d050>,7,3,[ 2 13],8,34,37,26,23
1,<environment.Job instance at 0x14a75ee44b40>,11,24,[10  1],12,23,47,11,23
1,<environment.Job instance at 0x14a75ee44780>,9,19,[2 9],10,37,56,27,32
1,<environment.Job instance at 0x14a75ee44d70>,14,12,[7 1],15,47,59,32,34
1,<environment.Job instance at 0x14a75b602910>,4,3,[ 1 13],5,56,59,51,35
1,<environment.Job instance at 0x14a75ee440f0>,15,1,[2 7],16,59,60,43,35
1,<environment.Job instance at 0x14a759bd1690>,16,2,[11  2],17,59,61,42,36
1,<environment.Job instance at 0x14a75ee44dc0>,12,20,[13  2],13,61,81,48,52
1,<environment.Job instance at 0x14a759bd1960>,21,27,[ 1 13],22,60,87,38,59
1,<environment.Job instance at 0x14a759bd1b40>,22,20,[14  1],23,81,101,58,73
1,<environment.Job instance at 0x14a759bd1d20>,24,1,[ 1 12],25,87,88,62,74
1,<environment.Job instance at 0x14a759bd1eb0>,26,28,[1 7],27,94,122,67,94
1,<environment.Job instance at 0x14a759bd1c30>,28,1,[12  1],29,101,102,72,97
1,<environment.Job instance at 0x14a75b5e1320>,3,23,[13  2],4,102,125,98,99
1,<environment.Job instance at 0x14a75ee44550>,10,14,[11  2],11,125,139,114,110
1,<environment.Job instance at 0x14a759bd18c0>,18,24,[12  1],19,144,168,125,144
1,<environment.Job instance at 0x14a759bd1aa0>,23,22,[12  1],24,168,190,144,167
1,<environment.Job instance at 0x14a759bd1550>,1,1,[12  1],2,2,3,0,2
1,<environment.Job instance at 0x14a75e90d640>,3,21,[ 2 13],4,5,26,1,5
1,<environment.Job instance at 0x14a75df0d780>,6,3,[11  2],7,8,11,1,8
1,<environment.Job instance at 0x14a75ec79af0>,5,22,[2 5],6,26,48,20,19
1,<environment.Job instance at 0x14a759bd4190>,12,23,[8 2],13,25,48,12,25
1,<environment.Job instance at 0x14a759bd4500>,8,3,[11  1],9,48,51,39,28
1,<environment.Job instance at 0x14a759bd40f0>,11,25,[2 7],12,30,55,18,30
1,<environment.Job instance at 0x14a75df0d730>,4,3,[ 2 11],5,55,58,50,30
1,<environment.Job instance at 0x14a7590e8500>,17,12,[13  1],18,51,63,33,35
1,<environment.Job instance at 0x14a7590e8370>,18,3,[1 8],19,58,61,39,41
1,<environment.Job instance at 0x14a759bd41e0>,13,22,[ 1 13],14,61,83,47,56
1,<environment.Job instance at 0x14a758ff4a50>,20,20,[7 1],21,63,83,42,63
1,<environment.Job instance at 0x14a758ff4550>,23,3,[9 2],24,83,86,59,64
1,<environment.Job instance at 0x14a75b6029b0>,0,21,[ 2 12],1,83,104,82,79
1,<environment.Job instance at 0x14a758ff4140>,27,1,[14  1],28,104,105,76,84
1,<environment.Job instance at 0x14a759bd4140>,14,23,[11  1],15,105,128,90,101
1,<environment.Job instance at 0x14a7590e8e60>,16,25,[ 2 14],17,127,152,110,127
1,<environment.Job instance at 0x14a758ff4f50>,28,23,[6 1],29,138,161,109,138
1,<environment.Job instance at 0x14a7590fd410>,1,3,[7 1],2,9,12,7,9
1,<environment.Job instance at 0x14a7590fd050>,0,2,[12  2],1,12,14,11,9
1,<environment.Job instance at 0x14a759528640>,7,25,[11  1],8,14,39,6,12
1,<environment.Job instance at 0x14a7590fd500>,6,3,[7 1],7,39,42,32,14
1,<environment.Job instance at 0x14a7595288c0>,8,17,[2 8],9,20,37,11,20
1,<environment.Job instance at 0x14a759528fa0>,15,21,[ 2 14],16,37,58,21,32
1,<environment.Job instance at 0x14a759528870>,16,1,[ 1 13],17,58,59,41,41
1,<environment.Job instance at 0x14a7590fd3c0>,5,24,[12  1],6,52,76,46,52
1,<environment.Job instance at 0x14a75960f500>,19,20,[ 2 10],20,59,79,39,55
1,<environment.Job instance at 0x14a759528a50>,12,18,[14  2],13,79,97,66,74
1,<environment.Job instance at 0x14a7594f68c0>,25,19,[ 1 11],26,95,114,69,95
1,<environment.Job instance at 0x14a7594f6f00>,21,27,[12  1],22,99,126,77,99
1,<environment.Job instance at 0x14a7594f63c0>,22,18,[2 8],23,114,132,91,107
1,<environment.Job instance at 0x14a7594f6410>,24,18,[13  2],25,126,144,101,116
1,<environment.Job instance at 0x14a7590fd730>,3,15,[13  1],4,144,159,140,130
1,<environment.Job instance at 0x14a7594f64b0>,27,17,[11  2],28,161,178,133,161
1,<environment.Job instance at 0x14a7590fd5a0>,1,20,[14  2],2,2,22,0,2
1,<environment.Job instance at 0x14a7594f64b0>,3,3,[1 6],4,4,7,0,4
1,<environment.Job instance at 0x14a7595287d0>,2,15,[ 1 13],3,7,22,4,5
1,<environment.Job instance at 0x14a7594eafa0>,7,17,[1 7],8,22,39,14,10
1,<environment.Job instance at 0x14a7594d30a0>,11,22,[11  1],12,22,44,10,17
1,<environment.Job instance at 0x14a7594fa3c0>,9,2,[ 1 11],10,39,41,29,26
1,<environment.Job instance at 0x14a7594d3aa0>,14,14,[11  2],15,44,58,29,36
1,<environment.Job instance at 0x14a7594ea550>,8,20,[12  2],9,58,78,49,54
1,<environment.Job instance at 0x14a75b5d0c80>,16,28,[2 5],17,58,86,41,58
1,<environment.Job instance at 0x14a7594f6370>,0,18,[12  1],1,78,96,77,67
1,<environment.Job instance at 0x14a75b61ccd0>,19,23,[1 9],20,78,101,58,74
1,<environment.Job instance at 0x14a75b61cfa0>,20,17,[ 1 11],21,101,118,80,90
1,<environment.Job instance at 0x14a7594d3a00>,15,21,[11  2],16,96,117,80,92
1,<environment.Job instance at 0x14a7594faf00>,4,23,[11  2],5,117,140,112,111
1,<environment.Job instance at 0x14a75b61c500>,26,21,[ 2 12],27,118,139,91,113
1,<environment.Job instance at 0x14a75b61c8c0>,27,3,[ 1 13],28,139,142,111,116
1,<environment.Job instance at 0x14a75b61cc30>,24,16,[12  2],25,140,156,115,129
1,<environment.Job instance at 0x14a75b5fe050>,28,18,[ 2 14],29,156,174,127,147
1,<environment.Job instance at 0x14a75b5d0d20>,18,28,[12  2],19,176,204,157,176
1,<environment.Job instance at 0x14a7594d3e10>,1,25,[1 8],2,5,30,3,5
1,<environment.Job instance at 0x14a7594fa730>,3,3,[ 2 13],4,30,33,26,12
1,<environment.Job instance at 0x14a7594faa50>,2,3,[14  1],3,15,18,12,15
1,<environment.Job instance at 0x14a75b61cb90>,0,14,[14  2],1,33,47,32,18
1,<environment.Job instance at 0x14a7595282d0>,6,1,[ 1 12],7,33,34,26,25
1,<environment.Job instance at 0x14a75b5fefa0>,14,18,[ 1 14],15,47,65,32,38
1,<environment.Job instance at 0x14a75b5bb6e0>,16,1,[13  1],17,47,48,30,40
1,<environment.Job instance at 0x14a75b5bbdc0>,15,27,[13  1],16,57,84,41,57
1,<environment.Job instance at 0x14a75a6cba50>,20,24,[2 7],21,73,97,52,73
1,<environment.Job instance at 0x14a75a6cbd70>,18,25,[12  2],19,84,109,65,82
1,<environment.Job instance at 0x14a75a6cbe10>,21,19,[ 1 12],22,97,116,75,88
1,<environment.Job instance at 0x14a75a6cbb40>,17,26,[12  2],18,109,135,91,109
1,<environment.Job instance at 0x14a7594fa1e0>,4,23,[ 1 12],5,117,140,112,117
1,<environment.Job instance at 0x14a75a6cb500>,23,13,[14  2],24,135,148,111,131
1,<environment.Job instance at 0x14a75b5fe9b0>,11,27,[11  1],12,148,175,136,146
1,<environment.Job instance at 0x14a75a788cd0>,28,15,[ 1 14],29,154,169,125,154
1,<environment.Job instance at 0x14a7594ea4b0>,0,15,[ 2 12],1,2,17,1,2
1,<environment.Job instance at 0x14a759528b40>,3,19,[ 1 11],4,17,36,13,8
1,<environment.Job instance at 0x14a7594f6c80>,7,2,[ 2 10],8,36,38,28,10
1,<environment.Job instance at 0x14a75a788f00>,10,17,[11  1],11,17,34,6,17
1,<environment.Job instance at 0x14a75a6cb640>,2,18,[ 2 14],3,38,56,35,36
1,<environment.Job instance at 0x14a75c64f320>,17,26,[13  1],18,37,63,19,37
1,<environment.Job instance at 0x14a75c64f500>,18,13,[14  1],19,63,76,44,50
1,<environment.Job instance at 0x14a75c64faa0>,19,16,[ 1 11],20,56,72,36,55
1,<environment.Job instance at 0x14a75c64fd20>,21,3,[12  2],22,76,79,54,64
1,<environment.Job instance at 0x14a75c64f190>,22,3,[11  1],23,79,82,56,70
1,<environment.Job instance at 0x14a75c64f1e0>,20,22,[14  2],21,82,104,61,78
1,<environment.Job instance at 0x14a75c64faf0>,27,26,[1 5],28,85,111,57,85
1,<environment.Job instance at 0x14a75c64f910>,16,25,[12  1],17,104,129,87,102
1,<environment.Job instance at 0x14a75c64f280>,24,20,[12  1],25,129,149,104,125
1,<environment.Job instance at 0x14a75c64fb40>,25,21,[13  1],26,149,170,123,141
1,<environment.Job instance at 0x14a75d1107d0>,2,18,[ 1 12],3,4,22,1,4
1,<environment.Job instance at 0x14a75c83d320>,4,24,[6 1],5,5,29,0,5
1,<environment.Job instance at 0x14a75c83d280>,6,19,[ 1 13],7,22,41,15,17
1,<environment.Job instance at 0x14a75c83d730>,15,24,[ 2 13],16,41,65,25,36
1,<environment.Job instance at 0x14a75c83d690>,14,3,[14  2],15,65,68,50,43
1,<environment.Job instance at 0x14a75c83da50>,16,19,[ 1 12],17,65,84,48,59
1,<environment.Job instance at 0x14a75c83ddc0>,19,21,[14  2],20,68,89,48,61
1,<environment.Job instance at 0x14a75c8230a0>,23,3,[7 2],24,89,92,65,72
1,<environment.Job instance at 0x14a75c8232d0>,24,20,[ 2 13],25,89,109,64,80
1,<environment.Job instance at 0x14a75c83d5f0>,10,3,[ 1 14],11,109,112,98,91
1,<environment.Job instance at 0x14a75c83dc80>,17,3,[ 1 13],18,112,115,94,93
1,<environment.Job instance at 0x14a75c83dfa0>,21,22,[14  2],22,112,134,90,111
1,<environment.Job instance at 0x14a75c823050>,22,25,[ 2 12],23,134,159,111,130
1,<environment.Job instance at 0x14a75c8231e0>,25,1,[11  1],26,141,142,115,141
1,<environment.Job instance at 0x14a75c8233c0>,27,25,[14  2],28,159,184,131,157
1,<environment.Job instance at 0x14a75c80e140>,2,2,[2 9],3,4,6,1,4
1,<environment.Job instance at 0x14a75c80e7d0>,4,20,[5 1],5,7,27,2,7
1,<environment.Job instance at 0x14a75b51b0a0>,7,22,[2 5],8,8,30,0,8
1,<environment.Job instance at 0x14a75c80e320>,3,2,[9 1],4,27,29,23,12
1,<environment.Job instance at 0x14a75b51b190>,5,23,[11  2],6,29,52,23,23
1,<environment.Job instance at 0x14a75b869460>,8,1,[ 1 13],9,33,34,24,33
1,<environment.Job instance at 0x14a75b871370>,14,13,[ 2 10],15,35,48,20,35
1,<environment.Job instance at 0x14a75b871f50>,16,21,[2 6],17,48,69,31,41
1,<environment.Job instance at 0x14a75b871460>,17,26,[12  2],18,54,80,36,54
1,<environment.Job instance at 0x14a75abb4370>,13,3,[ 1 14],14,80,83,66,58
1,<environment.Job instance at 0x14a75b872370>,21,2,[ 2 13],22,69,71,47,64
1,<environment.Job instance at 0x14a75b845d70>,18,1,[6 2],19,83,84,64,65
1,<environment.Job instance at 0x14a75b872d70>,23,27,[9 1],24,81,108,57,81
1,<environment.Job instance at 0x14a75b8715f0>,12,23,[ 1 14],13,90,113,77,90
1,<environment.Job instance at 0x14a75b872960>,26,1,[12  2],27,113,114,86,97
1,<environment.Job instance at 0x14a75c80e870>,11,18,[ 2 13],12,113,131,101,105
1,<environment.Job instance at 0x14a75b872be0>,22,12,[13  2],23,114,126,91,112
1,<environment.Job instance at 0x14a75b845b40>,19,25,[11  2],20,126,151,106,123
1,<environment.Job instance at 0x14a75b8720a0>,25,20,[ 1 14],26,151,171,125,144
1,<environment.Job instance at 0x14a757ecd730>,3,13,[ 2 13],4,7,20,3,7
1,<environment.Job instance at 0x14a757f4aeb0>,1,22,[14  1],2,20,42,18,13
1,<environment.Job instance at 0x14a75804df00>,0,3,[ 1 11],1,21,24,20,21
1,<environment.Job instance at 0x14a757ecd690>,9,14,[12  2],10,42,56,32,34
1,<environment.Job instance at 0x14a757ee51e0>,10,20,[ 2 14],11,56,76,45,47
1,<environment.Job instance at 0x14a757edc5a0>,7,19,[11  1],8,59,78,51,59
1,<environment.Job instance at 0x14a757eefb90>,12,16,[ 2 12],13,76,92,63,66
1,<environment.Job instance at 0x14a757ee0a50>,14,1,[14  2],15,92,93,77,74
1,<environment.Job instance at 0x14a757ef8d20>,6,14,[14  2],7,93,107,86,87
1,<environment.Job instance at 0x14a759a7f8c0>,18,3,[ 2 10],19,107,110,88,92
1,<environment.Job instance at 0x14a757eefb40>,13,3,[ 1 11],14,98,101,84,98
1,<environment.Job instance at 0x14a759a7fe10>,19,19,[14  1],20,110,129,90,100
1,<environment.Job instance at 0x14a7599c58c0>,26,21,[ 1 12],27,117,138,90,117
1,<environment.Job instance at 0x14a7599c50f0>,28,12,[ 1 14],29,138,150,109,122
1,<environment.Job instance at 0x14a7580706e0>,4,2,[11  2],5,134,136,129,134
1,<environment.Job instance at 0x14a757ee5230>,11,12,[ 2 11],12,155,167,143,155
1,<environment.Job instance at 0x14a7599c5fa0>,27,18,[ 1 12],28,210,228,182,210
1,<environment.Job instance at 0x14a757edc640>,0,27,[ 2 14],1,7,34,6,7
1,<environment.Job instance at 0x14a75ec79280>,7,2,[ 1 12],8,34,36,26,14
1,<environment.Job instance at 0x14a758aad960>,10,20,[10  2],11,34,54,23,26
1,<environment.Job instance at 0x14a757ef6320>,1,2,[12  2],2,54,56,52,27
1,<environment.Job instance at 0x14a758aadb40>,12,22,[ 2 14],13,56,78,43,53
1,<environment.Job instance at 0x14a7587b91e0>,14,12,[10  1],15,70,82,55,70
1,<environment.Job instance at 0x14a758aad0a0>,15,22,[ 2 12],16,78,100,62,75
1,<environment.Job instance at 0x14a758638e10>,17,16,[13  1],18,82,98,64,78
1,<environment.Job instance at 0x14a757ee5e10>,3,3,[ 1 14],4,100,103,96,83
1,<environment.Job instance at 0x14a758aad780>,13,3,[13  1],14,98,101,84,88
1,<environment.Job instance at 0x14a7588f7b90>,22,3,[2 8],23,103,106,80,88
1,<environment.Job instance at 0x14a7588f7280>,24,3,[ 2 13],25,106,109,81,100
1,<environment.Job instance at 0x14a758a3ee60>,8,25,[13  2],9,103,128,94,102
1,<environment.Job instance at 0x14a758a1ad20>,26,3,[ 1 13],27,109,112,82,102
1,<environment.Job instance at 0x14a758a56460>,21,1,[14  2],22,128,129,106,110
1,<environment.Job instance at 0x14a7588f72d0>,27,20,[1 9],28,112,132,84,112
1,<environment.Job instance at 0x14a758a56140>,19,24,[10  2],20,129,153,109,124
1,<environment.Job instance at 0x14a759a69870>,6,16,[ 2 11],7,132,148,125,132
1,<environment.Job instance at 0x14a7586bf190>,0,21,[1 5],1,5,26,4,5
1,<environment.Job instance at 0x14a757f00e10>,5,17,[5 1],6,6,23,0,6
1,<environment.Job instance at 0x14a75890aaa0>,2,20,[13  2],3,23,43,20,21
1,<environment.Job instance at 0x14a758766b90>,3,15,[12  1],4,43,58,39,31
1,<environment.Job instance at 0x14a7587b9fa0>,9,25,[ 2 12],10,57,82,47,57
1,<environment.Job instance at 0x14a7587b95a0>,8,26,[12  2],9,59,85,50,59
1,<environment.Job instance at 0x14a757ed3190>,11,18,[ 2 11],12,82,100,70,72
1,<environment.Job instance at 0x14a757ed3550>,12,19,[11  2],13,85,104,72,75
1,<environment.Job instance at 0x14a757ee0460>,14,14,[12  1],15,104,118,89,93
1,<environment.Job instance at 0x14a757ed06e0>,7,12,[ 1 13],8,100,112,92,100
1,<environment.Job instance at 0x14a757ee0780>,15,17,[ 1 11],16,112,129,96,108
1,<environment.Job instance at 0x14a758766190>,1,15,[ 1 11],2,129,144,127,119
1,<environment.Job instance at 0x14a757ed3eb0>,10,27,[12  2],11,119,146,108,119
1,<environment.Job instance at 0x14a75a3943c0>,21,2,[ 1 13],22,144,146,122,140
1,<environment.Job instance at 0x14a75a394320>,22,16,[11  2],23,146,162,123,143
1,<environment.Job instance at 0x14a75a394550>,20,23,[ 2 13],21,146,169,125,146
1,<environment.Job instance at 0x14a75a394280>,23,25,[ 1 12],24,169,194,145,165
1,<environment.Job instance at 0x14a75a3942d0>,25,2,[14  1],26,169,171,143,166
1,<environment.Job instance at 0x14a75a394370>,26,22,[12  2],27,171,193,144,166
1,<environment.Job instance at 0x14a75a394410>,18,3,[ 1 12],19,194,197,175,191
1,<environment.Job instance at 0x14a75a38f3c0>,28,2,[8 2],29,193,195,164,193
1,<environment.Job instance at 0x14a75a38f910>,27,20,[ 1 12],28,197,217,169,193
1,<environment.Job instance at 0x14a75a394500>,24,27,[ 1 12],25,217,244,192,215
1,<environment.Job instance at 0x14a7588d3190>,16,23,[ 1 14],17,244,267,227,240
1,<environment.Job instance at 0x14a757ee03c0>,13,23,[ 1 12],14,268,291,254,268
1,<environment.Job instance at 0x14a75a394e60>,0,19,[12  2],1,1,20,0,1
1,<environment.Job instance at 0x14a757ecdfa0>,1,19,[2 5],2,7,26,5,7
1,<environment.Job instance at 0x14a75a38faa0>,9,3,[13  2],10,20,23,10,20
1,<environment.Job instance at 0x14a757ee5f50>,2,25,[5 2],3,23,48,20,23
1,<environment.Job instance at 0x14a758a1ac80>,4,28,[7 1],5,25,53,20,25
1,<environment.Job instance at 0x14a75a38feb0>,11,1,[ 1 11],12,26,27,14,26
1,<environment.Job instance at 0x14a75a38fa00>,14,26,[2 9],15,29,55,14,29
1,<environment.Job instance at 0x14a75eca5500>,18,24,[10  2],19,56,80,37,56
1,<environment.Job instance at 0x14a75eca5370>,19,20,[2 8],20,56,76,36,56
1,<environment.Job instance at 0x14a75f0a9050>,20,26,[ 2 12],21,76,102,55,76
1,<environment.Job instance at 0x14a75eca5d70>,17,21,[12  1],18,84,105,66,84
1,<environment.Job instance at 0x14a75f0a98c0>,22,16,[12  2],23,105,121,82,93
1,<environment.Job instance at 0x14a75f0a99b0>,21,20,[ 1 14],22,121,141,99,112
1,<environment.Job instance at 0x14a75f0a95f0>,24,15,[ 1 13],25,141,156,116,133
1,<environment.Job instance at 0x14a75f0a90a0>,25,19,[7 1],26,134,153,108,134
1,<environment.Job instance at 0x14a75f0a91e0>,23,14,[ 1 12],24,156,170,132,145
1,<environment.Job instance at 0x14a75a38f820>,8,24,[14  2],9,153,177,144,153
1,<environment.Job instance at 0x14a75f0a9230>,27,2,[12  1],28,177,179,149,176
1,<environment.Job instance at 0x14a757ecfcd0>,6,28,[ 1 11],7,176,204,169,176
1,<environment.Job instance at 0x14a75a38fe10>,16,1,[12  2],17,189,190,172,189
1,<environment.Job instance at 0x14a75f0a9550>,28,27,[ 1 14],29,205,232,176,205
1,<environment.Job instance at 0x14a757daf2d0>,1,1,[11  1],2,3,4,1,3
1,<environment.Job instance at 0x14a758738e60>,0,14,[6 1],1,5,19,4,5
1,<environment.Job instance at 0x14a757ecf0a0>,3,2,[7 1],4,10,12,6,10
1,<environment.Job instance at 0x14a758a1a910>,7,28,[ 1 11],8,14,42,6,14
1,<environment.Job instance at 0x14a75f0f1a00>,2,3,[11  2],3,19,22,16,19
1,<environment.Job instance at 0x14a758a1a410>,5,3,[12  1],6,24,27,18,24
1,<environment.Job instance at 0x14a75efc2a50>,10,12,[ 2 14],11,42,54,31,25
1,<environment.Job instance at 0x14a757fd5dc0>,4,15,[11  2],5,54,69,49,54
1,<environment.Job instance at 0x14a75efc2460>,12,26,[ 2 12],13,54,80,41,54
1,<environment.Job instance at 0x14a75a38f230>,6,3,[13  2],7,69,72,62,66
1,<environment.Job instance at 0x14a75efc2050>,13,2,[ 2 11],14,80,82,66,70
1,<environment.Job instance at 0x14a75efc2960>,16,26,[13  1],17,76,102,59,76
1,<environment.Job instance at 0x14a75efc2820>,8,25,[ 1 12],9,82,107,73,79
1,<environment.Job instance at 0x14a758dc56e0>,19,20,[1 9],20,107,127,87,102
1,<environment.Job instance at 0x14a758dc5af0>,25,21,[11  1],26,109,130,83,109
1,<environment.Job instance at 0x14a75efc2910>,11,26,[ 1 14],12,127,153,115,125
1,<environment.Job instance at 0x14a758dc5e10>,28,1,[ 2 14],29,153,154,124,132
1,<environment.Job instance at 0x14a758dc5aa0>,27,1,[12  2],28,154,155,126,152
1,<environment.Job instance at 0x14a758dc55f0>,22,24,[ 1 13],23,156,180,133,156
1,<environment.Job instance at 0x14a758dc5c30>,24,24,[ 1 13],25,180,204,155,178
1,<environment.Job instance at 0x14a758dc5960>,26,19,[ 2 12],27,204,223,177,194
1,<environment.Job instance at 0x14a758df0230>,0,22,[11  2],1,5,27,4,5
1,<environment.Job instance at 0x14a758df01e0>,4,27,[2 7],5,5,32,0,5
1,<environment.Job instance at 0x14a758df0910>,6,20,[2 5],7,7,27,0,7
1,<environment.Job instance at 0x14a758df0780>,7,2,[10  2],8,27,29,19,10
1,<environment.Job instance at 0x14a757fd5690>,9,12,[ 2 14],10,32,44,22,15
1,<environment.Job instance at 0x14a757fd53c0>,12,20,[7 2],13,44,64,31,43
1,<environment.Job instance at 0x14a757fd58c0>,15,19,[5 1],16,46,65,30,46
1,<environment.Job instance at 0x14a758df0140>,3,3,[ 2 13],4,64,67,60,47
1,<environment.Job instance at 0x14a757fd57d0>,20,24,[11  2],21,66,90,45,66
1,<environment.Job instance at 0x14a757fd5af0>,22,15,[1 9],23,67,82,44,67
1,<environment.Job instance at 0x14a757fd5370>,21,2,[1 7],22,82,84,60,76
1,<environment.Job instance at 0x14a757fd5eb0>,26,22,[ 2 11],27,84,106,57,80
1,<environment.Job instance at 0x14a758df0190>,2,21,[13  2],3,90,111,87,83
1,<environment.Job instance at 0x14a757fd5a00>,28,12,[ 2 12],29,106,118,77,105
1,<environment.Job instance at 0x14a757fd52d0>,23,28,[ 1 14],24,120,148,96,120
1,<environment.Job instance at 0x14a757fd5140>,11,28,[ 2 13],12,157,185,145,157
1,<environment.Job instance at 0x14a758df0820>,3,25,[11  1],4,4,29,0,4
1,<environment.Job instance at 0x14a758a1a1e0>,0,24,[1 5],1,9,33,8,9
1,<environment.Job instance at 0x14a757fd5960>,6,21,[1 7],7,12,33,5,12
1,<environment.Job instance at 0x14a757ff4a50>,11,3,[11  2],12,29,32,17,19
1,<environment.Job instance at 0x14a75806b500>,4,12,[ 2 13],5,33,45,28,28
1,<environment.Job instance at 0x14a758a1a320>,2,19,[13  2],3,33,52,30,33
1,<environment.Job instance at 0x14a757f050a0>,12,26,[ 1 10],13,45,71,32,45
1,<environment.Job instance at 0x14a758ba31e0>,18,26,[6 2],19,52,78,33,51
1,<environment.Job instance at 0x14a758ba3320>,20,21,[6 2],21,57,78,36,57
1,<environment.Job instance at 0x14a758ba3410>,21,17,[2 6],22,71,88,49,65
1,<environment.Job instance at 0x14a758ba3640>,22,1,[ 2 13],23,88,89,65,72
1,<environment.Job instance at 0x14a757ff4b40>,10,28,[ 2 13],11,96,124,85,96
1,<environment.Job instance at 0x14a758ba3f50>,27,2,[12  2],28,98,100,70,98
1,<environment.Job instance at 0x14a757f05aa0>,13,25,[13  2],14,115,140,101,115
1,<environment.Job instance at 0x14a758ba37d0>,24,24,[ 1 11],25,124,148,99,120
1,<environment.Job instance at 0x14a758ba3280>,26,1,[ 1 11],27,148,149,121,126
1,<environment.Job instance at 0x14a757ff4780>,14,22,[ 1 13],15,149,171,134,142
1,<environment.Job instance at 0x14a758ba3eb0>,28,20,[ 1 13],29,183,203,154,183
1,<environment.Job instance at 0x14a757ff4f00>,6,3,[ 2 12],7,7,10,0,7
1,<environment.Job instance at 0x14a757fcbaa0>,5,24,[ 1 10],6,10,34,4,7
1,<environment.Job instance at 0x14a758df0640>,4,3,[ 1 13],5,34,37,29,11
1,<environment.Job instance at 0x14a758ba38c0>,3,23,[13  2],4,15,38,11,15
1,<environment.Job instance at 0x14a757ff49b0>,7,3,[ 2 13],8,37,40,29,15
1,<environment.Job instance at 0x14a758e38d70>,12,20,[13  2],13,38,58,25,31
1,<environment.Job instance at 0x14a75abc8960>,15,1,[2 7],16,45,46,29,45
1,<environment.Job instance at 0x14a75abc8730>,17,3,[6 1],18,58,61,40,47
1,<environment.Job instance at 0x14a75aff7050>,18,24,[12  1],19,61,85,42,59
1,<environment.Job instance at 0x14a75b0927d0>,16,2,[11  2],17,85,87,68,59
1,<environment.Job instance at 0x14a75aff7780>,21,27,[ 1 13],22,60,87,38,60
1,<environment.Job instance at 0x14a75b18beb0>,24,1,[ 1 12],25,87,88,62,72
1,<environment.Job instance at 0x14a75b18b910>,23,22,[12  1],24,87,109,63,84
1,<environment.Job instance at 0x14a75b18b640>,26,28,[1 7],27,92,120,65,92
1,<environment.Job instance at 0x14a758e38410>,10,14,[11  2],11,109,123,98,105
1,<environment.Job instance at 0x14a75b18bd20>,28,1,[12  1],29,123,124,94,112
1,<environment.Job instance at 0x14a75ac46730>,22,20,[14  1],23,127,147,104,127
1,<environment.Job instance at 0x14a757ff46e0>,1,1,[12  1],2,2,3,0,2
1,<environment.Job instance at 0x14a75b15cfa0>,3,21,[ 2 13],4,5,26,1,5
1,<environment.Job instance at 0x14a75b0920f0>,4,3,[ 2 11],5,26,29,21,17
1,<environment.Job instance at 0x14a757ff40f0>,0,21,[ 2 12],1,29,50,28,27
1,<environment.Job instance at 0x14a758df0c30>,6,3,[11  2],7,30,33,23,30
1,<environment.Job instance at 0x14a75ac11a50>,9,26,[5 1],10,33,59,23,32
1,<environment.Job instance at 0x14a758ba3d70>,13,22,[ 1 13],14,50,72,36,44
1,<environment.Job instance at 0x14a75a1f3960>,17,12,[13  1],18,59,71,41,59
1,<environment.Job instance at 0x14a75a1f32d0>,19,14,[1 9],20,72,86,52,61
1,<environment.Job instance at 0x14a757fcb3c0>,8,3,[11  1],9,71,74,62,61
1,<environment.Job instance at 0x14a75a1f3f00>,20,20,[7 1],21,74,94,53,71
1,<environment.Job instance at 0x14a758ba3960>,16,25,[ 2 14],17,86,111,69,83
1,<environment.Job instance at 0x14a75b1f3fa0>,14,23,[11  1],15,102,125,87,102
1,<environment.Job instance at 0x14a75a1f3820>,26,25,[10  2],27,125,150,98,122
1,<environment.Job instance at 0x14a75a1f39b0>,27,1,[14  1],28,150,151,122,149
1,<environment.Job instance at 0x14a75a1d29b0>,3,15,[13  1],4,9,24,5,9
1,<environment.Job instance at 0x14a757fcbd70>,0,2,[12  2],1,24,26,23,12
1,<environment.Job instance at 0x14a757ff47d0>,8,17,[2 8],9,12,29,3,12
1,<environment.Job instance at 0x14a75a2c4230>,9,21,[1 7],10,26,47,16,18
1,<environment.Job instance at 0x14a75cc67af0>,15,21,[ 2 14],16,47,68,31,41
1,<environment.Job instance at 0x14a75af19640>,7,25,[11  1],8,42,67,34,42
1,<environment.Job instance at 0x14a75d4d44b0>,21,27,[12  1],22,69,96,47,69
1,<environment.Job instance at 0x14a75d4d41e0>,22,18,[2 8],23,69,87,46,69
1,<environment.Job instance at 0x14a757fd5910>,5,24,[12  1],6,96,120,90,96
1,<environment.Job instance at 0x14a75d4fdaa0>,16,1,[ 1 13],17,110,111,93,110
1,<environment.Job instance at 0x14a75b2eb230>,24,18,[13  2],25,120,138,95,110
1,<environment.Job instance at 0x14a75b47b640>,28,22,[7 1],29,138,160,109,132
1,<environment.Job instance at 0x14a75b47b410>,26,20,[1 7],27,132,152,105,132
1,<environment.Job instance at 0x14a75b47bfa0>,27,17,[11  2],28,160,177,132,152
1,<environment.Job instance at 0x14a75b2a9910>,25,19,[ 1 11],26,159,178,133,159
1,<environment.Job instance at 0x14a75a2e1230>,12,18,[14  2],13,208,226,195,208
1,<environment.Job instance at 0x14a75bfb80f0>,1,20,[14  2],2,2,22,0,2
1,<environment.Job instance at 0x14a75d3c8d20>,2,15,[ 1 13],3,4,19,1,4
1,<environment.Job instance at 0x14a75d175a00>,0,18,[12  1],1,22,40,21,19
1,<environment.Job instance at 0x14a75bf3d7d0>,11,22,[11  1],12,40,62,28,35
1,<environment.Job instance at 0x14a75b35ae60>,12,17,[1 9],13,36,53,23,36
1,<environment.Job instance at 0x14a75b35a1e0>,14,14,[11  2],15,62,76,47,49
1,<environment.Job instance at 0x14a75e3555f0>,9,2,[ 1 11],10,54,56,44,54
1,<environment.Job instance at 0x14a75b3358c0>,16,28,[2 5],17,58,86,41,58
1,<environment.Job instance at 0x14a75b335910>,19,23,[1 9],20,76,99,56,70
1,<environment.Job instance at 0x14a75b35aaf0>,15,21,[11  2],16,86,107,70,78
1,<environment.Job instance at 0x14a75b3350a0>,20,17,[ 1 11],21,99,116,78,87
1,<environment.Job instance at 0x14a75b395cd0>,4,23,[11  2],5,107,130,102,101
1,<environment.Job instance at 0x14a75b335640>,21,21,[2 6],22,116,137,94,109
1,<environment.Job instance at 0x14a75b4c3780>,27,3,[ 1 13],28,137,140,109,114
1,<environment.Job instance at 0x14a75b3353c0>,18,28,[12  2],19,135,163,116,135
1,<environment.Job instance at 0x14a75b4c3b90>,26,21,[ 2 12],27,149,170,122,149
1,<environment.Job instance at 0x14a75bf3dc30>,8,20,[12  2],9,163,183,154,161
1,<environment.Job instance at 0x14a75b4995f0>,24,16,[12  2],25,183,199,158,177
1,<environment.Job instance at 0x14a75b4c3d20>,28,18,[ 2 14],29,199,217,170,193
1,<environment.Job instance at 0x14a757bef4b0>,1,25,[1 8],2,5,30,3,5
1,<environment.Job instance at 0x14a75ad5a8c0>,2,3,[14  1],3,12,15,9,12
1,<environment.Job instance at 0x14a75cd15e10>,0,14,[14  2],1,15,29,14,14
1,<environment.Job instance at 0x14a75ad4e6e0>,3,3,[ 2 13],4,30,33,26,23
1,<environment.Job instance at 0x14a75ba46320>,9,26,[7 2],10,29,55,19,26
1,<environment.Job instance at 0x14a75cb89d70>,10,15,[2 8],11,33,48,22,26
1,<environment.Job instance at 0x14a75ccb3050>,12,14,[1 6],13,48,62,35,41
1,<environment.Job instance at 0x14a75aadae60>,14,18,[ 1 14],15,62,80,47,52
1,<environment.Job instance at 0x14a75b3e7a50>,15,27,[13  1],16,59,86,43,59
1,<environment.Job instance at 0x14a75ba59050>,16,1,[13  1],17,86,87,69,61
1,<environment.Job instance at 0x14a75aa7ebe0>,18,25,[12  2],19,87,112,68,83
1,<environment.Job instance at 0x14a757bef550>,6,1,[ 1 12],7,84,85,77,84
1,<environment.Job instance at 0x14a75aa7e6e0>,21,19,[ 1 12],22,85,104,63,85
1,<environment.Job instance at 0x14a75d7927d0>,23,13,[14  2],24,112,125,88,96
1,<environment.Job instance at 0x14a757befb40>,4,23,[ 1 12],5,104,127,99,99
1,<environment.Job instance at 0x14a75d792410>,25,27,[9 1],26,125,152,99,124
1,<environment.Job instance at 0x14a75aa7e230>,24,24,[2 8],25,132,156,107,132
1,<environment.Job instance at 0x14a75ba59e10>,17,26,[12  2],18,152,178,134,151
1,<environment.Job instance at 0x14a75b3e7cd0>,11,27,[11  1],12,178,205,166,176
1,<environment.Job instance at 0x14a75d792780>,28,15,[ 1 14],29,198,213,169,198
1,<environment.Job instance at 0x14a75b957500>,2,18,[ 2 14],3,4,22,1,4
1,<environment.Job instance at 0x14a75c1d25f0>,10,17,[11  1],11,18,35,7,18
1,<environment.Job instance at 0x14a75b34b230>,6,22,[1 7],7,27,49,20,27
1,<environment.Job instance at 0x14a75d76e9b0>,13,28,[1 7],14,35,63,21,35
1,<environment.Job instance at 0x14a75ccba140>,17,26,[13  1],18,43,69,25,43
1,<environment.Job instance at 0x14a75cb89f00>,0,15,[ 2 12],1,63,78,62,59
1,<environment.Job instance at 0x14a75ccba230>,16,25,[12  1],17,69,94,52,66
1,<environment.Job instance at 0x14a75b6bdb90>,3,19,[ 1 11],4,78,97,74,72
1,<environment.Job instance at 0x14a75ccba960>,21,3,[12  2],22,94,97,72,76
1,<environment.Job instance at 0x14a75ccbafa0>,19,16,[ 1 11],20,97,113,77,85
1,<environment.Job instance at 0x14a75cb40320>,25,21,[13  1],26,97,118,71,89
1,<environment.Job instance at 0x14a75ccbaaf0>,22,3,[11  1],23,118,121,95,103
1,<environment.Job instance at 0x14a75cb400f0>,24,20,[12  1],25,121,141,96,118
1,<environment.Job instance at 0x14a75ccbac30>,20,22,[14  2],21,141,163,120,134
1,<environment.Job instance at 0x14a75ccba500>,18,13,[14  1],19,163,176,144,152
1,<environment.Job instance at 0x14a75a1eceb0>,2,18,[ 1 12],3,4,22,1,4
1,<environment.Job instance at 0x14a7595b0640>,4,24,[6 1],5,5,29,0,5
1,<environment.Job instance at 0x14a75f0d2b90>,6,19,[ 1 13],7,22,41,15,17
1,<environment.Job instance at 0x14a75a86fcd0>,14,3,[14  2],15,32,35,17,32
1,<environment.Job instance at 0x14a75a86faa0>,15,24,[ 2 13],16,43,67,27,43
1,<environment.Job instance at 0x14a75f0a7c80>,16,19,[ 1 12],17,67,86,50,60
1,<environment.Job instance at 0x14a75f0a71e0>,19,21,[14  2],20,67,88,47,62
1,<environment.Job instance at 0x14a75f0a7a00>,18,3,[1 6],19,86,89,67,64
1,<environment.Job instance at 0x14a75f0a7eb0>,21,22,[14  2],22,88,110,66,82
1,<environment.Job instance at 0x14a75f0a7f00>,24,20,[ 2 13],25,110,130,85,105
1,<environment.Job instance at 0x14a75f0a70f0>,25,1,[11  1],26,127,128,101,127
1,<environment.Job instance at 0x14a75f0a7320>,22,25,[ 2 12],23,130,155,107,129
1,<environment.Job instance at 0x14a75a86f1e0>,17,3,[ 1 13],18,155,158,137,133
1,<environment.Job instance at 0x14a75f0a7be0>,27,25,[14  2],28,155,180,127,154
1,<environment.Job instance at 0x14a75a86f280>,10,3,[ 1 14],11,198,201,187,198
1,<environment.Job instance at 0x14a75f00f960>,2,2,[2 9],3,4,6,1,4
1,<environment.Job instance at 0x14a759083f50>,5,23,[11  2],6,7,30,1,7
1,<environment.Job instance at 0x14a75d8b76e0>,7,22,[2 5],8,14,36,6,14
1,<environment.Job instance at 0x14a6d5266be0>,4,20,[5 1],5,36,56,31,36
1,<environment.Job instance at 0x14a759cc9fa0>,12,23,[ 1 14],13,38,61,25,38
1,<environment.Job instance at 0x14a759cc9780>,11,18,[ 2 13],12,61,79,49,53
1,<environment.Job instance at 0x14a758193b40>,19,25,[11  2],20,61,86,41,58
1,<environment.Job instance at 0x14a758193d20>,21,2,[ 2 13],22,79,81,57,64
1,<environment.Job instance at 0x14a758193960>,17,26,[12  2],18,86,112,68,84
1,<environment.Job instance at 0x14a75f00f3c0>,8,1,[ 1 13],9,91,92,82,91
1,<environment.Job instance at 0x14a758190230>,26,1,[12  2],27,112,113,85,91
1,<environment.Job instance at 0x14a7581900a0>,28,17,[2 7],29,103,120,74,103
1,<environment.Job instance at 0x14a758193dc0>,22,12,[13  2],23,113,125,90,111
1,<environment.Job instance at 0x14a758193f00>,25,20,[ 1 14],26,125,145,99,118
1,<environment.Job instance at 0x14a759cc9d70>,13,3,[ 1 14],14,145,148,131,125
1,<environment.Job instance at 0x14a7581902d0>,0,3,[ 1 11],1,5,8,4,5
1,<environment.Job instance at 0x14a758190320>,1,22,[14  1],2,6,28,4,6
1,<environment.Job instance at 0x14a758190b90>,6,14,[14  2],7,28,42,21,16
1,<environment.Job instance at 0x14a758190730>,7,19,[11  1],8,42,61,34,35
1,<environment.Job instance at 0x14a75f131780>,10,20,[ 2 14],11,42,62,31,40
1,<environment.Job instance at 0x14a75a1899b0>,11,12,[ 2 11],12,62,74,50,59
1,<environment.Job instance at 0x14a75f131690>,12,16,[ 2 12],13,74,90,61,62
1,<environment.Job instance at 0x14a75f1315a0>,9,14,[12  2],10,65,79,55,65
1,<environment.Job instance at 0x14a75a189370>,13,3,[ 1 11],14,90,93,76,84
1,<environment.Job instance at 0x14a75930ceb0>,19,19,[14  1],20,90,109,70,86
1,<environment.Job instance at 0x14a75930c3c0>,14,1,[14  2],15,109,110,94,88
1,<environment.Job instance at 0x14a75930c460>,21,2,[9 2],22,88,90,66,88
1,<environment.Job instance at 0x14a7599e22d0>,26,21,[ 1 12],27,95,116,68,95
1,<environment.Job instance at 0x14a7599e2af0>,28,12,[ 1 14],29,116,128,87,105
1,<environment.Job instance at 0x14a7599e24b0>,27,18,[ 1 12],28,128,146,100,121
1,<environment.Job instance at 0x14a758190910>,4,2,[11  2],5,133,135,128,133
1,<environment.Job instance at 0x14a7581905a0>,3,13,[ 2 13],4,154,167,150,154
1,<environment.Job instance at 0x14a75930cb90>,0,27,[ 2 14],1,6,33,5,6
1,<environment.Job instance at 0x14a759fb5500>,7,2,[ 1 12],8,33,35,25,19
1,<environment.Job instance at 0x14a758193730>,1,2,[12  2],2,33,35,31,26
1,<environment.Job instance at 0x14a759fb52d0>,10,20,[10  2],11,35,55,24,26
1,<environment.Job instance at 0x14a7599e23c0>,6,16,[ 2 11],7,35,51,28,31
1,<environment.Job instance at 0x14a759fb56e0>,11,14,[6 1],12,55,69,43,53
1,<environment.Job instance at 0x14a759fb5050>,12,22,[ 2 14],13,55,77,42,54
1,<environment.Job instance at 0x14a759fb5870>,16,2,[7 1],17,69,71,52,68
1,<environment.Job instance at 0x14a757bf3690>,17,16,[13  1],18,73,89,55,73
1,<environment.Job instance at 0x14a759fb5b90>,13,3,[13  1],14,89,92,75,77
1,<environment.Job instance at 0x14a7581935f0>,3,3,[ 1 14],4,84,87,80,84
1,<environment.Job instance at 0x14a757bf3d20>,18,18,[6 2],19,92,110,73,85
1,<environment.Job instance at 0x14a757bf3190>,24,3,[ 2 13],25,87,90,62,86
1,<environment.Job instance at 0x14a757bf3780>,23,28,[2 5],24,93,121,69,93
1,<environment.Job instance at 0x14a757bf3550>,25,25,[2 7],26,101,126,75,101
1,<environment.Job instance at 0x14a759fb5460>,8,25,[13  2],9,123,148,114,123
1,<environment.Job instance at 0x14a759fb57d0>,15,22,[ 2 12],16,126,148,110,123
1,<environment.Job instance at 0x14a757bf3af0>,21,1,[14  2],22,148,149,126,123
1,<environment.Job instance at 0x14a757bf3370>,26,3,[ 1 13],27,148,151,121,132
1,<environment.Job instance at 0x14a759728870>,0,21,[1 5],1,1,22,0,1
1,<environment.Job instance at 0x14a759728730>,2,20,[13  2],3,6,26,3,6
1,<environment.Job instance at 0x14a75f131e10>,1,15,[ 1 11],2,22,37,20,10
1,<environment.Job instance at 0x14a759fb50f0>,6,13,[9 1],7,26,39,19,12
1,<environment.Job instance at 0x14a759fb5c80>,7,12,[ 1 13],8,37,49,29,30
1,<environment.Job instance at 0x14a759728820>,3,15,[12  1],4,39,54,35,36
1,<environment.Job instance at 0x14a759fb5370>,9,25,[ 2 12],10,53,78,43,53
1,<environment.Job instance at 0x14a759fb5f50>,8,26,[12  2],9,57,83,48,57
1,<environment.Job instance at 0x14a75c3e1410>,13,23,[ 1 12],14,78,101,64,72
1,<environment.Job instance at 0x14a75c3e1730>,12,19,[11  2],13,84,103,71,84
1,<environment.Job instance at 0x14a75c3e1320>,10,27,[12  2],11,103,130,92,101
1,<environment.Job instance at 0x14a75c3e1190>,15,17,[ 1 11],16,109,126,93,109
1,<environment.Job instance at 0x14a759fb55f0>,11,18,[ 2 11],12,126,144,114,120
1,<environment.Job instance at 0x14a75c3e1be0>,14,14,[12  1],15,144,158,129,144
1,<environment.Job instance at 0x14a75a8540a0>,20,23,[ 2 13],21,144,167,123,144
1,<environment.Job instance at 0x14a75a854050>,22,16,[11  2],23,161,177,138,161
1,<environment.Job instance at 0x14a75a854230>,21,2,[ 1 13],22,167,169,145,161
1,<environment.Job instance at 0x14a75a8549b0>,24,27,[ 1 12],25,169,196,144,167
1,<environment.Job instance at 0x14a75812c410>,26,22,[12  2],27,179,201,152,179
1,<environment.Job instance at 0x14a75a854f00>,16,23,[ 1 14],17,201,224,184,195
1,<environment.Job instance at 0x14a75a8540f0>,18,3,[ 1 12],19,224,227,205,206
1,<environment.Job instance at 0x14a75812c1e0>,27,20,[ 1 12],28,227,247,199,218
1,<environment.Job instance at 0x14a75a854eb0>,25,2,[14  1],26,233,235,207,233
1,<environment.Job instance at 0x14a75a8546e0>,23,25,[ 1 12],24,247,272,223,246
1,<environment.Job instance at 0x14a75c3e1460>,0,19,[12  2],1,1,20,0,1
1,<environment.Job instance at 0x14a75812caf0>,10,20,[6 1],11,20,40,9,15
1,<environment.Job instance at 0x14a7599e2e60>,6,28,[ 1 11],7,27,55,20,27
1,<environment.Job instance at 0x14a75812c820>,8,24,[14  2],9,40,64,31,37
1,<environment.Job instance at 0x14a75812c280>,16,1,[12  2],17,64,65,47,57
1,<environment.Job instance at 0x14a759262550>,17,21,[12  1],18,65,86,47,59
1,<environment.Job instance at 0x14a7592625a0>,20,26,[ 2 12],21,64,90,43,64
1,<environment.Job instance at 0x14a759262370>,22,16,[12  2],23,86,102,63,81
1,<environment.Job instance at 0x14a7592629b0>,24,15,[ 1 13],25,90,105,65,81
1,<environment.Job instance at 0x14a75812cbe0>,11,1,[ 1 11],12,105,106,93,90
1,<environment.Job instance at 0x14a759262d20>,23,14,[ 1 12],24,106,120,82,91
1,<environment.Job instance at 0x14a759345140>,28,27,[ 1 14],29,120,147,91,118
1,<environment.Job instance at 0x14a759262a50>,21,20,[ 1 14],22,151,171,129,151
1,<environment.Job instance at 0x14a759262730>,27,2,[12  1],28,151,153,123,151
1,<environment.Job instance at 0x14a75812c8c0>,9,3,[13  2],10,193,196,183,193
1,<environment.Job instance at 0x14a759345af0>,1,1,[11  1],2,3,4,1,3
1,<environment.Job instance at 0x14a7581936e0>,0,14,[6 1],1,6,20,5,6
1,<environment.Job instance at 0x14a758190870>,3,2,[7 1],4,10,12,6,10
1,<environment.Job instance at 0x14a75a854c30>,7,28,[ 1 11],8,13,41,5,13
1,<environment.Job instance at 0x14a75a854e10>,8,25,[ 1 12],9,41,66,32,38
1,<environment.Job instance at 0x14a759345dc0>,4,15,[11  2],5,39,54,34,39
1,<environment.Job instance at 0x14a757bf3820>,6,3,[13  2],7,54,57,47,43
1,<environment.Job instance at 0x14a75937a410>,2,3,[11  2],3,57,60,54,54
1,<environment.Job instance at 0x14a75812ca50>,11,26,[ 1 14],12,66,92,54,64
1,<environment.Job instance at 0x14a758e840a0>,13,2,[ 2 11],14,92,94,78,72
1,<environment.Job instance at 0x14a758e84960>,15,1,[1 7],16,94,95,78,74
1,<environment.Job instance at 0x14a75bc6cbe0>,16,26,[13  1],17,78,104,61,78
1,<environment.Job instance at 0x14a757f05dc0>,22,24,[ 1 13],23,95,119,72,90
1,<environment.Job instance at 0x14a75cf63690>,25,21,[11  1],26,109,130,83,109
1,<environment.Job instance at 0x14a757f05870>,24,24,[ 1 13],25,119,143,94,115
1,<environment.Job instance at 0x14a75cf63820>,27,1,[12  2],28,130,131,102,117
1,<environment.Job instance at 0x14a758e84410>,12,26,[ 2 12],13,143,169,130,141
1,<environment.Job instance at 0x14a75812ce10>,10,12,[ 2 14],11,169,181,158,152
1,<environment.Job instance at 0x14a757bf35f0>,5,3,[12  1],6,162,165,156,162
1,<environment.Job instance at 0x14a75cf63370>,28,1,[ 2 14],29,181,182,152,179
1,<environment.Job instance at 0x14a75cf63140>,26,19,[ 2 12],27,184,203,157,184
1,<environment.Job instance at 0x14a759345190>,2,21,[13  2],3,3,24,0,3
1,<environment.Job instance at 0x14a759345460>,4,27,[2 7],5,5,32,0,5
1,<environment.Job instance at 0x14a75bd650a0>,8,19,[1 6],9,24,43,15,16
1,<environment.Job instance at 0x14a759262690>,0,22,[11  2],1,24,46,23,21
1,<environment.Job instance at 0x14a75b8a6d70>,9,12,[ 2 14],10,46,58,36,43
1,<environment.Job instance at 0x14a75b8a6910>,10,28,[7 1],11,51,79,40,51
1,<environment.Job instance at 0x14a75b8a69b0>,11,28,[ 2 13],12,60,88,48,60
1,<environment.Job instance at 0x14a75b51cbe0>,20,24,[11  2],21,81,105,60,81
1,<environment.Job instance at 0x14a758be5eb0>,16,24,[ 2 10],17,88,112,71,84
1,<environment.Job instance at 0x14a75e4d9230>,27,20,[7 2],28,105,125,77,97
1,<environment.Job instance at 0x14a75cf63140>,3,3,[ 2 13],4,112,115,108,105
1,<environment.Job instance at 0x14a75d7e9a00>,28,12,[ 2 12],29,115,127,86,108
1,<environment.Job instance at 0x14a75e4d9b40>,26,22,[ 2 11],27,127,149,100,120
1,<environment.Job instance at 0x14a75e4d9c80>,23,28,[ 1 14],24,149,177,125,149
1,<environment.Job instance at 0x14a759345d20>,3,25,[11  1],4,4,29,0,4
1,<environment.Job instance at 0x14a75b8a6640>,0,24,[1 5],1,4,28,3,4
1,<environment.Job instance at 0x14a7586984b0>,4,12,[ 2 13],5,28,40,23,14
1,<environment.Job instance at 0x14a75a605280>,11,3,[11  2],12,29,32,17,18
1,<environment.Job instance at 0x14a75868dd70>,2,19,[13  2],3,32,51,29,24
1,<environment.Job instance at 0x14a75a6052d0>,14,22,[ 1 13],15,40,62,25,33
1,<environment.Job instance at 0x14a75d59cc30>,17,26,[9 1],18,51,77,33,48
1,<environment.Job instance at 0x14a75a6050f0>,12,26,[ 1 10],13,62,88,49,61
1,<environment.Job instance at 0x14a75a605460>,13,25,[13  2],14,77,102,63,74
1,<environment.Job instance at 0x14a75b05cbe0>,24,24,[ 1 11],25,88,112,63,83
1,<environment.Job instance at 0x14a75d550870>,10,28,[ 2 13],11,112,140,101,112
1,<environment.Job instance at 0x14a75b05c2d0>,27,2,[12  2],28,114,116,86,114
1,<environment.Job instance at 0x14a75b05cc30>,22,1,[ 2 13],23,140,141,117,119
1,<environment.Job instance at 0x14a75b05c230>,26,1,[ 1 11],27,141,142,114,122
1,<environment.Job instance at 0x14a75b05ce10>,28,20,[ 1 13],29,142,162,113,133
1,<environment.Job instance at 0x14a75b05c460>,2,17,[2 5],3,5,22,2,5
1,<environment.Job instance at 0x14a758698fa0>,5,24,[ 1 10],6,7,31,1,7
1,<environment.Job instance at 0x14a75a605500>,4,3,[ 1 13],5,31,34,26,7
1,<environment.Job instance at 0x14a75d548d20>,3,23,[13  2],4,22,45,18,16
1,<environment.Job instance at 0x14a7586985a0>,7,3,[ 2 13],8,34,37,26,16
1,<environment.Job instance at 0x14a75d550e60>,10,14,[11  2],11,45,59,34,40
1,<environment.Job instance at 0x14a75d012aa0>,12,20,[13  2],13,59,79,46,55
1,<environment.Job instance at 0x14a75deb2dc0>,16,2,[11  2],17,79,81,62,62
1,<environment.Job instance at 0x14a75e522cd0>,21,27,[ 1 13],22,62,89,40,62
1,<environment.Job instance at 0x14a75e522c80>,22,20,[14  1],23,81,101,58,73
1,<environment.Job instance at 0x14a75e522460>,23,22,[12  1],24,102,124,78,102
1,<environment.Job instance at 0x14a75e522640>,26,28,[1 7],27,107,135,80,107
1,<environment.Job instance at 0x14a75ea90aa0>,6,3,[ 2 12],7,135,138,128,111
1,<environment.Job instance at 0x14a75e522230>,28,1,[12  1],29,124,125,95,124
1,<environment.Job instance at 0x14a75e522be0>,18,24,[12  1],19,128,152,109,128
1,<environment.Job instance at 0x14a75e5225f0>,24,1,[ 1 12],25,144,145,119,144
1,<environment.Job instance at 0x14a75e4d9c30>,1,1,[12  1],2,2,3,0,2
1,<environment.Job instance at 0x14a75deb2460>,3,21,[ 2 13],4,5,26,1,5
1,<environment.Job instance at 0x14a75e4d9eb0>,4,3,[ 2 11],5,26,29,21,12
1,<environment.Job instance at 0x14a75b05c5f0>,6,3,[11  2],7,15,18,8,15
1,<environment.Job instance at 0x14a75def29b0>,5,22,[2 5],6,29,51,23,23
1,<environment.Job instance at 0x14a75dec79b0>,14,23,[11  1],15,26,49,11,26
1,<environment.Job instance at 0x14a75b05cd20>,8,3,[11  1],9,49,52,40,40
1,<environment.Job instance at 0x14a75981bb40>,18,3,[1 8],19,42,45,23,42
1,<environment.Job instance at 0x14a75dec7460>,16,25,[ 2 14],17,51,76,34,48
1,<environment.Job instance at 0x14a75981b5a0>,26,25,[10  2],27,76,101,49,74
1,<environment.Job instance at 0x14a757dfa0f0>,0,21,[ 2 12],1,76,97,75,76
1,<environment.Job instance at 0x14a75981b5f0>,27,1,[14  1],28,101,102,73,82
1,<environment.Job instance at 0x14a75981b9b0>,17,12,[13  1],18,102,114,84,88
1,<environment.Job instance at 0x14a75d59ccd0>,13,22,[ 1 13],14,121,143,107,121
1,<environment.Job instance at 0x14a75dec7050>,3,15,[13  1],4,8,23,4,8
1,<environment.Job instance at 0x14a75b05cb40>,0,2,[12  2],1,23,25,22,8
1,<environment.Job instance at 0x14a75b05c1e0>,1,3,[7 1],2,25,28,23,9
1,<environment.Job instance at 0x14a75a3f5e10>,10,27,[2 9],11,11,38,0,11
1,<environment.Job instance at 0x14a75a3f5f00>,11,14,[5 1],12,27,41,15,27
1,<environment.Job instance at 0x14a75ac22460>,15,21,[ 2 14],16,38,59,22,37
1,<environment.Job instance at 0x14a75e522f00>,7,25,[11  1],8,42,67,34,42
1,<environment.Job instance at 0x14a75a84c1e0>,17,28,[2 5],18,59,87,41,59
1,<environment.Job instance at 0x14a75ac22780>,16,1,[ 1 13],17,87,88,70,65
1,<environment.Job instance at 0x14a75ab7d820>,23,12,[2 5],24,67,79,43,67
1,<environment.Job instance at 0x14a75ab5b050>,24,18,[13  2],25,79,97,54,74
1,<environment.Job instance at 0x14a75ab7d050>,25,19,[ 1 11],26,88,107,62,78
1,<environment.Job instance at 0x14a75ab5bfa0>,27,17,[11  2],28,97,114,69,93
1,<environment.Job instance at 0x14a75ac226e0>,21,27,[12  1],22,114,141,92,113
1,<environment.Job instance at 0x14a75def2460>,5,24,[12  1],6,141,165,135,140
1,<environment.Job instance at 0x14a75a3f5960>,12,18,[14  2],13,165,183,152,158
1,<environment.Job instance at 0x14a75e4e5500>,1,20,[14  2],2,2,22,0,2
1,<environment.Job instance at 0x14a75ef95230>,2,15,[ 1 13],3,4,19,1,4
1,<environment.Job instance at 0x14a75ef95780>,4,23,[11  2],5,22,45,17,19
1,<environment.Job instance at 0x14a75ef95f00>,9,2,[ 1 11],10,27,29,17,27
1,<environment.Job instance at 0x14a75ef951e0>,12,17,[1 9],13,33,50,20,33
1,<environment.Job instance at 0x14a75ef95960>,0,18,[12  1],1,45,63,44,36
1,<environment.Job instance at 0x14a75ef95e10>,8,20,[12  2],9,63,83,54,55
1,<environment.Job instance at 0x14a75e375aa0>,19,23,[1 9],20,61,84,41,61
1,<environment.Job instance at 0x14a75e375550>,15,21,[11  2],16,83,104,67,78
1,<environment.Job instance at 0x14a75e375460>,21,21,[2 6],22,84,105,62,80
1,<environment.Job instance at 0x14a75e375780>,20,17,[ 1 11],21,105,122,84,97
1,<environment.Job instance at 0x14a75e375500>,24,16,[12  2],25,104,120,79,98
1,<environment.Job instance at 0x14a75ef95280>,14,14,[11  2],15,120,134,105,112
1,<environment.Job instance at 0x14a75e375cd0>,26,21,[ 2 12],27,122,143,95,117
1,<environment.Job instance at 0x14a75eddf730>,27,3,[ 1 13],28,143,146,115,130
1,<environment.Job instance at 0x14a75e375e10>,18,28,[12  2],19,134,162,115,133
1,<environment.Job instance at 0x14a75eddfbe0>,28,18,[ 2 14],29,162,180,133,155
1,<environment.Job instance at 0x14a75ef95af0>,11,22,[11  1],12,162,184,150,159
1,<environment.Job instance at 0x14a75f019a50>,1,25,[1 8],2,5,30,3,5
1,<environment.Job instance at 0x14a75e247e10>,3,3,[ 2 13],4,30,33,26,9
1,<environment.Job instance at 0x14a75eddf500>,5,22,[10  1],6,11,33,5,11
1,<environment.Job instance at 0x14a75ed56c80>,2,3,[14  1],3,33,36,30,24
1,<environment.Job instance at 0x14a75ef95b90>,0,14,[14  2],1,36,50,35,24
1,<environment.Job instance at 0x14a75b4b4a00>,14,18,[ 1 14],15,50,68,35,48
1,<environment.Job instance at 0x14a75b4b4c80>,13,25,[9 2],14,68,93,54,65
1,<environment.Job instance at 0x14a75b4b44b0>,11,27,[11  1],12,93,120,81,91
1,<environment.Job instance at 0x14a75eddfb90>,6,1,[ 1 12],7,100,101,93,100
1,<environment.Job instance at 0x14a75eddfaa0>,4,23,[ 1 12],5,106,129,101,106
1,<environment.Job instance at 0x14a75b4b4dc0>,15,27,[13  1],16,120,147,104,118
1,<environment.Job instance at 0x14a75987a5a0>,23,13,[14  2],24,147,160,123,131
1,<environment.Job instance at 0x14a75987a9b0>,25,27,[9 1],26,160,187,134,159
1,<environment.Job instance at 0x14a75987aaf0>,26,21,[2 7],27,162,183,135,162
1,<environment.Job instance at 0x14a75987a730>,28,15,[ 1 14],29,183,198,154,171
1,<environment.Job instance at 0x14a75fee01e0>,17,26,[12  2],18,198,224,180,196
1,<environment.Job instance at 0x14a75987ab40>,21,19,[ 1 12],22,200,219,178,200
1,<environment.Job instance at 0x14a75b4b40a0>,16,1,[13  1],17,224,225,207,207
1,<environment.Job instance at 0x14a75fee0dc0>,18,25,[12  2],19,225,250,206,224
1,<environment.Job instance at 0x14a75ef959b0>,2,18,[ 2 14],3,4,22,1,4
1,<environment.Job instance at 0x14a75fee0820>,1,14,[2 7],2,22,36,20,9
1,<environment.Job instance at 0x14a758b57140>,11,26,[7 1],12,20,46,8,20
1,<environment.Job instance at 0x14a758b57aa0>,9,23,[1 6],10,24,47,14,24
1,<environment.Job instance at 0x14a75987a640>,0,15,[ 2 12],1,47,62,46,33
1,<environment.Job instance at 0x14a75d8544b0>,16,25,[12  1],17,46,71,29,43
1,<environment.Job instance at 0x14a75e8140f0>,3,19,[ 1 11],4,67,86,63,67
1,<environment.Job instance at 0x14a75d854af0>,17,26,[13  1],18,71,97,53,71
1,<environment.Job instance at 0x14a75b35eb90>,21,3,[12  2],22,97,100,75,76
1,<environment.Job instance at 0x14a758b577d0>,10,17,[11  1],11,100,117,89,90
1,<environment.Job instance at 0x14a75b35e050>,22,3,[11  1],23,117,120,94,97
1,<environment.Job instance at 0x14a75b35ef00>,18,13,[14  1],19,120,133,101,108
1,<environment.Job instance at 0x14a75d526050>,27,26,[1 5],28,122,148,94,122
1,<environment.Job instance at 0x14a75b35e730>,20,22,[14  2],21,133,155,112,128
1,<environment.Job instance at 0x14a75b35e6e0>,24,20,[12  1],25,155,175,130,146
1,<environment.Job instance at 0x14a75b35e2d0>,19,16,[ 1 11],20,165,181,145,165
1,<environment.Job instance at 0x14a75b35e3c0>,25,21,[13  1],26,175,196,149,167
1,<environment.Job instance at 0x14a75e87f230>,2,18,[ 1 12],3,4,22,1,4
1,<environment.Job instance at 0x14a75e316dc0>,3,2,[1 7],4,22,24,18,4
1,<environment.Job instance at 0x14a75a84fb90>,4,24,[6 1],5,7,31,2,7
1,<environment.Job instance at 0x14a75e9268c0>,12,22,[2 6],13,23,45,10,23
1,<environment.Job instance at 0x14a75a84f410>,6,19,[ 1 13],7,45,64,38,38
1,<environment.Job instance at 0x14a75e926dc0>,14,3,[14  2],15,45,48,30,44
1,<environment.Job instance at 0x14a7595a44b0>,15,24,[ 2 13],16,64,88,48,61
1,<environment.Job instance at 0x14a75e926550>,16,19,[ 1 12],17,88,107,71,80
1,<environment.Job instance at 0x14a7595a4550>,20,3,[7 1],21,81,84,60,81
1,<environment.Job instance at 0x14a7595a48c0>,19,21,[14  2],20,88,109,68,83
1,<environment.Job instance at 0x14a7595a4fa0>,21,22,[14  2],22,109,131,87,105
1,<environment.Job instance at 0x14a7595a40a0>,23,3,[7 2],24,131,134,107,110
1,<environment.Job instance at 0x14a7595a45f0>,17,3,[ 1 13],18,129,132,111,129
1,<environment.Job instance at 0x14a7595a41e0>,24,20,[ 2 13],25,132,152,107,129
1,<environment.Job instance at 0x14a7595a4370>,25,1,[11  1],26,134,135,108,131
1,<environment.Job instance at 0x14a7595a4d70>,27,25,[14  2],28,152,177,124,149
1,<environment.Job instance at 0x14a7595a4690>,22,25,[ 2 12],23,177,202,154,175
1,<environment.Job instance at 0x14a75e9269b0>,10,3,[ 1 14],11,202,205,191,198
1,<environment.Job instance at 0x14a75bda4d70>,2,2,[2 9],3,7,9,4,7
1,<environment.Job instance at 0x14a75c4bac80>,3,2,[9 1],4,7,9,3,7
1,<environment.Job instance at 0x14a75a84f2d0>,7,22,[2 5],8,11,33,3,11
1,<environment.Job instance at 0x14a75bda4550>,5,23,[11  2],6,22,45,16,22
1,<environment.Job instance at 0x14a759a7f2d0>,12,23,[ 1 14],13,45,68,32,39
1,<environment.Job instance at 0x14a75a38f730>,17,26,[12  2],18,68,94,50,65
1,<environment.Job instance at 0x14a75a38f2d0>,19,25,[11  2],20,94,119,74,93
1,<environment.Job instance at 0x14a75a38f5f0>,20,23,[2 6],21,95,118,74,95
1,<environment.Job instance at 0x14a75e8cfcd0>,21,2,[ 2 13],22,118,120,96,97
1,<environment.Job instance at 0x14a75e8cfb40>,25,20,[ 1 14],26,120,140,94,116
1,<environment.Job instance at 0x14a75d0fbeb0>,13,3,[ 1 14],14,140,143,126,117
1,<environment.Job instance at 0x14a75e8cfc30>,26,1,[12  2],27,143,144,116,128
1,<environment.Job instance at 0x14a75d131fa0>,11,18,[ 2 13],12,143,161,131,132
1,<environment.Job instance at 0x14a75e8cf370>,22,12,[13  2],23,148,160,125,148
1,<environment.Job instance at 0x14a75bda44b0>,8,1,[ 1 13],9,161,162,152,161
1,<environment.Job instance at 0x14a75a38fc30>,1,22,[14  1],2,4,26,2,4
1,<environment.Job instance at 0x14a75cfb2dc0>,4,2,[11  2],5,26,28,21,5
1,<environment.Job instance at 0x14a75e052550>,0,3,[ 1 11],1,21,24,20,21
1,<environment.Job instance at 0x14a75acd3dc0>,8,28,[10  1],9,36,64,27,36
1,<environment.Job instance at 0x14a75deb7aa0>,10,20,[ 2 14],11,44,64,33,44
1,<environment.Job instance at 0x14a75b64a690>,6,14,[14  2],7,64,78,57,60
1,<environment.Job instance at 0x14a75a8906e0>,12,16,[ 2 12],13,91,107,78,91
1,<environment.Job instance at 0x14a75aff7870>,9,14,[12  2],10,97,111,87,97
1,<environment.Job instance at 0x14a75a890b40>,13,3,[ 1 11],14,107,110,93,97
1,<environment.Job instance at 0x14a758c1e3c0>,19,19,[14  1],20,111,130,91,103
1,<environment.Job instance at 0x14a75ea59f00>,26,21,[ 1 12],27,119,140,92,119
1,<environment.Job instance at 0x14a757d8e370>,27,18,[ 1 12],28,140,158,112,135
1,<environment.Job instance at 0x14a75e052cd0>,3,13,[ 2 13],4,158,171,154,149
1,<environment.Job instance at 0x14a7602e6370>,28,12,[ 1 14],29,171,183,142,157
1,<environment.Job instance at 0x14a75bc45280>,7,19,[11  1],8,176,195,168,176
1,<environment.Job instance at 0x14a75cb94c30>,14,1,[14  2],15,204,205,189,204
1,<environment.Job instance at 0x14a75bc45eb0>,11,12,[ 2 11],12,234,246,222,234
1,<environment.Job instance at 0x14a75abbb050>,0,27,[ 2 14],1,7,34,6,7
1,<environment.Job instance at 0x14a75ab35320>,7,2,[ 1 12],8,34,36,26,23
1,<environment.Job instance at 0x14a75abbb550>,1,2,[12  2],2,34,36,32,27
1,<environment.Job instance at 0x14a759919960>,10,20,[10  2],11,36,56,25,27
1,<environment.Job instance at 0x14a75b9f3eb0>,6,16,[ 2 11],7,36,52,29,28
1,<environment.Job instance at 0x14a75d051640>,12,22,[ 2 14],13,56,78,43,52
1,<environment.Job instance at 0x14a759b7a460>,15,22,[ 2 12],16,78,100,62,73
1,<environment.Job instance at 0x14a75ab35c80>,8,25,[13  2],9,83,108,74,83
1,<environment.Job instance at 0x14a75abbb5a0>,3,3,[ 1 14],4,108,111,104,83
1,<environment.Job instance at 0x14a75aac6c30>,17,16,[13  1],18,108,124,90,95
1,<environment.Job instance at 0x14a75aac60f0>,18,18,[6 2],19,124,142,105,114
1,<environment.Job instance at 0x14a75b540230>,27,20,[1 9],28,115,135,87,115
1,<environment.Job instance at 0x14a75b540280>,28,28,[7 2],29,124,152,95,124
1,<environment.Job instance at 0x14a75b5405f0>,21,1,[14  2],22,152,153,130,124
1,<environment.Job instance at 0x14a75b540640>,24,3,[ 2 13],25,142,145,117,134
1,<environment.Job instance at 0x14a75c697be0>,13,3,[13  1],14,189,192,175,189
1,<environment.Job instance at 0x14a75b540a50>,26,3,[ 1 13],27,212,215,185,212
1,<environment.Job instance at 0x14a75b9f30a0>,0,21,[1 5],1,1,22,0,1
1,<environment.Job instance at 0x14a75c9c3870>,1,15,[ 1 11],2,22,37,20,10
1,<environment.Job instance at 0x14a75b9f31e0>,2,20,[13  2],3,12,32,9,12
1,<environment.Job instance at 0x14a75b222140>,7,12,[ 1 13],8,37,49,29,31
1,<environment.Job instance at 0x14a75b222460>,10,27,[12  2],11,35,62,24,35
1,<environment.Job instance at 0x14a75b222be0>,12,19,[11  2],13,62,81,49,53
1,<environment.Job instance at 0x14a75b222230>,13,23,[ 1 12],14,54,77,40,54
1,<environment.Job instance at 0x14a75b540af0>,3,15,[12  1],4,81,96,77,73
1,<environment.Job instance at 0x14a75b222f00>,9,25,[ 2 12],10,84,109,74,84
1,<environment.Job instance at 0x14a75b222fa0>,14,14,[12  1],15,96,110,81,88
1,<environment.Job instance at 0x14a75d7d9690>,18,3,[ 1 12],19,109,112,90,99
1,<environment.Job instance at 0x14a75c233f00>,8,26,[12  2],9,110,136,101,107
1,<environment.Job instance at 0x14a75d7d9500>,19,3,[1 7],20,112,115,92,108
1,<environment.Job instance at 0x14a75d7d9b90>,20,23,[ 2 13],21,127,150,106,127
1,<environment.Job instance at 0x14a75b222370>,11,18,[ 2 11],12,150,168,138,144
1,<environment.Job instance at 0x14a75d7d9d70>,21,2,[ 1 13],22,168,170,146,159
1,<environment.Job instance at 0x14a75d7d9820>,24,27,[ 1 12],25,170,197,145,169
1,<environment.Job instance at 0x14a75d7d9d20>,16,23,[ 1 14],17,197,220,180,195
1,<environment.Job instance at 0x14a75d7d90a0>,26,22,[12  2],27,220,242,193,219
1,<environment.Job instance at 0x14a75d7d91e0>,27,20,[ 1 12],28,220,240,192,220
1,<environment.Job instance at 0x14a75b222a50>,15,17,[ 1 11],16,240,257,224,236
1,<environment.Job instance at 0x14a75d7d9550>,22,16,[11  2],23,242,258,219,242
1,<environment.Job instance at 0x14a75d7d95a0>,25,2,[14  1],26,258,260,232,246
1,<environment.Job instance at 0x14a75d7d9870>,23,25,[ 1 12],24,257,282,233,257
1,<environment.Job instance at 0x14a7598fc9b0>,0,19,[12  2],1,1,20,0,1
1,<environment.Job instance at 0x14a75e989320>,8,24,[14  2],9,20,44,11,17
1,<environment.Job instance at 0x14a75e9897d0>,9,3,[13  2],10,44,47,34,33
1,<environment.Job instance at 0x14a75ac8ee60>,2,25,[5 2],3,47,72,44,43
1,<environment.Job instance at 0x14a7591b5370>,17,21,[12  1],18,72,93,54,65
1,<environment.Job instance at 0x14a75bcdff00>,6,28,[ 1 11],7,66,94,59,66
1,<environment.Job instance at 0x14a7591b50a0>,21,20,[ 1 14],22,94,114,72,93
1,<environment.Job instance at 0x14a7591b5140>,22,16,[12  2],23,114,130,91,114
1,<environment.Job instance at 0x14a75e989be0>,11,1,[ 1 11],12,123,124,111,123
1,<environment.Job instance at 0x14a75ebaacd0>,25,19,[7 1],26,132,151,106,132
1,<environment.Job instance at 0x14a75ebaa460>,24,15,[ 1 13],25,154,169,129,154
1,<environment.Job instance at 0x14a75ebaa7d0>,28,27,[ 1 14],29,170,197,141,170
1,<environment.Job instance at 0x14a7591b5320>,23,14,[ 1 12],24,199,213,175,199
1,<environment.Job instance at 0x14a7591b54b0>,16,1,[12  2],17,209,210,192,209
1,<environment.Job instance at 0x14a75ebaad20>,27,2,[12  1],28,213,215,185,213
1,<environment.Job instance at 0x14a7591b5f00>,20,26,[ 2 12],21,230,256,209,230
1,<environment.Job instance at 0x14a7595eb1e0>,1,1,[11  1],2,2,3,0,2
1,<environment.Job instance at 0x14a75c9568c0>,3,2,[7 1],4,10,12,6,10
1,<environment.Job instance at 0x14a75b222f50>,7,28,[ 1 11],8,13,41,5,13
1,<environment.Job instance at 0x14a75e989a00>,8,25,[ 1 12],9,41,66,32,38
1,<environment.Job instance at 0x14a75b9f3fa0>,5,3,[12  1],6,39,42,33,39
1,<environment.Job instance at 0x14a75ebaaaf0>,2,3,[11  2],3,47,50,44,47
1,<environment.Job instance at 0x14a75b540140>,4,15,[11  2],5,54,69,49,54
1,<environment.Job instance at 0x14a75a3f0640>,12,26,[ 2 12],13,68,94,55,68
1,<environment.Job instance at 0x14a75a3f0690>,16,26,[13  1],17,70,96,53,70
1,<environment.Job instance at 0x14a75e989b90>,11,26,[ 1 14],12,94,120,82,92
1,<environment.Job instance at 0x14a75a3f0f00>,13,2,[ 2 11],14,120,122,106,96
1,<environment.Job instance at 0x14a75e989690>,10,12,[ 2 14],11,122,134,111,105
1,<environment.Job instance at 0x14a759b52190>,23,23,[5 1],24,111,134,87,111
1,<environment.Job instance at 0x14a759b52780>,25,21,[11  1],26,134,155,108,128
1,<environment.Job instance at 0x14a759b52b40>,26,19,[ 2 12],27,134,153,107,128
1,<environment.Job instance at 0x14a759b526e0>,22,24,[ 1 13],23,153,177,130,148
1,<environment.Job instance at 0x14a759b522d0>,27,1,[12  2],28,155,156,127,152
1,<environment.Job instance at 0x14a759b520f0>,28,1,[ 2 14],29,177,178,148,158
1,<environment.Job instance at 0x14a75b5409b0>,6,3,[13  2],7,161,164,154,161
1,<environment.Job instance at 0x14a759b52320>,24,24,[ 1 13],25,178,202,153,173
1,<environment.Job instance at 0x14a758a465a0>,2,21,[13  2],3,3,24,0,3
1,<environment.Job instance at 0x14a758a468c0>,4,27,[2 7],5,5,32,0,5
1,<environment.Job instance at 0x14a758a46be0>,6,20,[2 5],7,24,44,17,16
1,<environment.Job instance at 0x14a758a46a00>,0,22,[11  2],1,24,46,23,24
1,<environment.Job instance at 0x14a75e7e9870>,11,28,[ 2 13],12,44,72,32,43
1,<environment.Job instance at 0x14a75a40c910>,15,19,[5 1],16,46,65,30,46
1,<environment.Job instance at 0x14a75a40cbe0>,17,3,[2 5],18,72,75,54,47
1,<environment.Job instance at 0x14a75a40c7d0>,22,15,[1 9],23,72,87,49,63
1,<environment.Job instance at 0x14a75a40c8c0>,20,24,[11  2],21,80,104,59,80
1,<environment.Job instance at 0x14a75a40c050>,26,22,[ 2 11],27,96,118,69,96
1,<environment.Job instance at 0x14a75bede6e0>,28,12,[ 2 12],29,118,130,89,110
1,<environment.Job instance at 0x14a75a40c140>,23,28,[ 1 14],24,130,158,106,130
1,<environment.Job instance at 0x14a758a46cd0>,3,3,[ 2 13],4,158,161,154,137
1,<environment.Job instance at 0x14a75e7e99b0>,9,12,[ 2 14],10,172,184,162,172
1,<environment.Job instance at 0x14a75c652050>,0,24,[1 5],1,3,27,2,3
1,<environment.Job instance at 0x14a75c652820>,2,19,[13  2],3,3,22,0,3
1,<environment.Job instance at 0x14a75d9f80a0>,4,12,[ 2 13],5,27,39,22,12
1,<environment.Job instance at 0x14a75c5da4b0>,8,20,[7 1],9,22,42,13,13
1,<environment.Job instance at 0x14a75e7e99b0>,5,20,[9 1],6,42,62,36,36
1,<environment.Job instance at 0x14a75e523320>,10,28,[ 2 13],11,43,71,32,43
1,<environment.Job instance at 0x14a75e523f50>,13,25,[13  2],14,62,87,48,62
1,<environment.Job instance at 0x14a75be04aa0>,14,22,[ 1 13],15,71,93,56,65
1,<environment.Job instance at 0x14a758a46f00>,3,25,[11  1],4,87,112,83,83
1,<environment.Job instance at 0x14a75f36d820>,24,24,[ 1 11],25,98,122,73,98
1,<environment.Job instance at 0x14a75e523e10>,11,3,[11  2],12,112,115,100,99
1,<environment.Job instance at 0x14a75f36d460>,22,1,[ 2 13],23,122,123,99,99
1,<environment.Job instance at 0x14a75f36dbe0>,26,1,[ 1 11],27,123,124,96,115
1,<environment.Job instance at 0x14a75f36ddc0>,28,20,[ 1 13],29,124,144,95,115
1,<environment.Job instance at 0x14a75f36da00>,27,2,[12  2],28,117,119,89,117
1,<environment.Job instance at 0x14a75f36d5f0>,25,19,[10  2],26,119,138,93,119
1,<environment.Job instance at 0x14a75c5dad20>,3,23,[13  2],4,4,27,0,4
1,<environment.Job instance at 0x14a75bedee60>,4,3,[ 1 13],5,6,9,1,6
1,<environment.Job instance at 0x14a75be04960>,5,24,[ 1 10],6,11,35,5,11
1,<environment.Job instance at 0x14a75bbe4730>,6,3,[ 2 12],7,35,38,28,23
1,<environment.Job instance at 0x14a75c5dab90>,1,28,[9 1],2,27,55,25,27
1,<environment.Job instance at 0x14a757f870f0>,13,22,[6 2],14,38,60,24,34
1,<environment.Job instance at 0x14a757f5baf0>,18,24,[12  1],19,60,84,41,56
1,<environment.Job instance at 0x14a75d9f8be0>,7,3,[ 2 13],8,60,63,52,60
1,<environment.Job instance at 0x14a7586e6730>,21,27,[ 1 13],22,63,90,41,62
1,<environment.Job instance at 0x14a758a46780>,10,14,[11  2],11,84,98,73,73
1,<environment.Job instance at 0x14a7586e60a0>,23,22,[12  1],24,104,126,80,104
1,<environment.Job instance at 0x14a7586e68c0>,24,1,[ 1 12],25,113,114,88,113
1,<environment.Job instance at 0x14a7586e6690>,22,20,[14  1],23,126,146,103,126
1,<environment.Job instance at 0x14a75804ac80>,16,2,[11  2],17,146,148,129,135
1,<environment.Job instance at 0x14a75e523e60>,12,20,[13  2],13,148,168,135,139
1,<environment.Job instance at 0x14a7586e6f50>,28,1,[12  1],29,168,169,139,167
1,<environment.Job instance at 0x14a75bedef00>,0,21,[ 2 12],1,2,23,1,2
1,<environment.Job instance at 0x14a75bedef50>,1,1,[12  1],2,2,3,0,2
1,<environment.Job instance at 0x14a75bede870>,4,3,[ 2 11],5,23,26,18,8
1,<environment.Job instance at 0x14a758a46c30>,3,21,[ 2 13],4,26,47,22,20
1,<environment.Job instance at 0x14a7586e6a00>,12,23,[8 2],13,34,57,21,34
1,<environment.Job instance at 0x14a7586e6320>,13,22,[ 1 13],14,47,69,33,40
1,<environment.Job instance at 0x14a7586e63c0>,8,3,[11  1],9,57,60,48,42
1,<environment.Job instance at 0x14a7586e6eb0>,14,23,[11  1],15,61,84,46,61
1,<environment.Job instance at 0x14a757bb16e0>,16,25,[ 2 14],17,69,94,52,65
1,<environment.Job instance at 0x14a757bb11e0>,17,12,[13  1],18,84,96,66,84
1,<environment.Job instance at 0x14a75d73c3c0>,25,27,[2 7],26,94,121,68,93
1,<environment.Job instance at 0x14a75d73c320>,28,23,[6 1],29,97,120,68,97
1,<environment.Job instance at 0x14a75c652e10>,6,3,[11  2],7,127,130,120,127
1,<environment.Job instance at 0x14a75d73c5f0>,27,1,[14  1],28,130,131,102,130
1,<environment.Job instance at 0x14a757bb1a50>,2,21,[10  2],3,4,25,1,4
1,<environment.Job instance at 0x14a75f36d3c0>,1,3,[7 1],2,25,28,23,9
1,<environment.Job instance at 0x14a75c652960>,8,17,[2 8],9,22,39,13,22
1,<environment.Job instance at 0x14a75bededc0>,5,24,[12  1],6,28,52,22,23
1,<environment.Job instance at 0x14a7586e6190>,9,21,[1 7],10,45,66,35,45
1,<environment.Job instance at 0x14a75be04690>,3,15,[13  1],4,56,71,52,56
1,<environment.Job instance at 0x14a7594c4aa0>,15,21,[ 2 14],16,70,91,54,70
1,<environment.Job instance at 0x14a75f36da50>,7,25,[11  1],8,78,103,70,78
1,<environment.Job instance at 0x14a757d8e5a0>,19,20,[ 2 10],20,91,111,71,85
1,<environment.Job instance at 0x14a75a4aa910>,21,27,[12  1],22,103,130,81,103
1,<environment.Job instance at 0x14a75bcf83c0>,22,18,[2 8],23,113,131,90,113
1,<environment.Job instance at 0x14a75f36d730>,0,2,[12  2],1,130,132,129,117
1,<environment.Job instance at 0x14a75bcf8c30>,25,19,[ 1 11],26,131,150,105,121
1,<environment.Job instance at 0x14a75ef4b0f0>,24,18,[13  2],25,132,150,107,124
1,<environment.Job instance at 0x14a75e1e5190>,28,22,[7 1],29,150,172,121,147
1,<environment.Job instance at 0x14a75b9c1aa0>,16,1,[ 1 13],17,152,153,135,152
1,<environment.Job instance at 0x14a75bcf8a50>,27,17,[11  2],28,172,189,144,161
1,<environment.Job instance at 0x14a75b9c1500>,12,18,[14  2],13,189,207,176,189
1,<environment.Job instance at 0x14a75804a5f0>,1,20,[14  2],2,2,22,0,2
1,<environment.Job instance at 0x14a75be044b0>,2,15,[ 1 13],3,4,19,1,4
1,<environment.Job instance at 0x14a757bb1280>,4,23,[11  2],5,22,45,17,18
1,<environment.Job instance at 0x14a75d73cfa0>,9,2,[ 1 11],10,36,38,26,36
1,<environment.Job instance at 0x14a757f87410>,0,18,[12  1],1,45,63,44,37
1,<environment.Job instance at 0x14a75bbe4960>,15,21,[11  2],16,63,84,47,55
1,<environment.Job instance at 0x14a7576875a0>,18,28,[12  2],19,84,112,65,83
1,<environment.Job instance at 0x14a757687870>,19,23,[1 9],20,84,107,64,84
1,<environment.Job instance at 0x14a75d9335f0>,8,20,[12  2],9,115,135,106,115
1,<environment.Job instance at 0x14a759a425f0>,14,14,[11  2],15,135,149,120,124
1,<environment.Job instance at 0x14a757687640>,20,17,[ 1 11],21,136,153,115,136
1,<environment.Job instance at 0x14a757687be0>,26,21,[ 2 12],27,153,174,126,150
1,<environment.Job instance at 0x14a757687c80>,24,16,[12  2],25,162,178,137,162
1,<environment.Job instance at 0x14a757687550>,28,18,[ 2 14],29,178,196,149,169
1,<environment.Job instance at 0x14a75d73cdc0>,11,22,[11  1],12,178,200,166,174
1,<environment.Job instance at 0x14a757687d70>,27,3,[ 1 13],28,201,204,173,201
1,<environment.Job instance at 0x14a757675230>,1,25,[1 8],2,5,30,3,5
1,<environment.Job instance at 0x14a757687d20>,5,22,[10  1],6,9,31,3,9
1,<environment.Job instance at 0x14a7576754b0>,3,3,[ 2 13],4,30,33,26,25
1,<environment.Job instance at 0x14a757687d70>,6,1,[ 1 12],7,33,34,26,25
1,<environment.Job instance at 0x14a7576755a0>,7,24,[1 6],8,35,59,27,35
1,<environment.Job instance at 0x14a75a8a6820>,11,27,[11  1],12,44,71,32,44
1,<environment.Job instance at 0x14a7576752d0>,0,14,[14  2],1,71,85,70,62
1,<environment.Job instance at 0x14a75bf88c30>,14,18,[ 1 14],15,85,103,70,82
1,<environment.Job instance at 0x14a75bf88c80>,15,27,[13  1],16,85,112,69,83
1,<environment.Job instance at 0x14a75bf881e0>,16,1,[13  1],17,112,113,95,85
1,<environment.Job instance at 0x14a75bf88820>,18,25,[12  2],19,113,138,94,111
1,<environment.Job instance at 0x14a75bf88460>,20,24,[2 7],21,113,137,92,113
1,<environment.Job instance at 0x14a75bf88370>,17,26,[12  2],18,138,164,120,135
1,<environment.Job instance at 0x14a75bf883c0>,23,13,[14  2],24,164,177,140,150
1,<environment.Job instance at 0x14a75bf88be0>,21,19,[ 1 12],22,171,190,149,171
1,<environment.Job instance at 0x14a75bf88780>,19,23,[9 1],20,178,201,158,178
1,<environment.Job instance at 0x14a757675500>,4,23,[ 1 12],5,200,223,195,200
1,<environment.Job instance at 0x14a7576750a0>,2,3,[14  1],3,201,204,198,200
1,<environment.Job instance at 0x14a75f1d62d0>,28,15,[ 1 14],29,223,238,194,217
1,<environment.Job instance at 0x14a757675640>,2,18,[ 2 14],3,4,22,1,4
1,<environment.Job instance at 0x14a75daff6e0>,5,24,[9 1],6,8,32,2,8
1,<environment.Job instance at 0x14a757687b90>,3,19,[ 1 11],4,22,41,18,19
1,<environment.Job instance at 0x14a75e040780>,10,17,[11  1],11,32,49,21,20
1,<environment.Job instance at 0x14a7576873c0>,0,15,[ 2 12],1,41,56,40,33
1,<environment.Job instance at 0x14a756ff9af0>,16,25,[12  1],17,49,74,32,45
1,<environment.Job instance at 0x14a756ff9230>,17,26,[13  1],18,74,100,56,71
1,<environment.Job instance at 0x14a756ff9190>,19,16,[ 1 11],20,72,88,52,72
1,<environment.Job instance at 0x14a756fc3550>,22,3,[11  1],23,100,103,77,91
1,<environment.Job instance at 0x14a756ff9a50>,20,22,[14  2],21,103,125,82,96
1,<environment.Job instance at 0x14a756ff9550>,21,3,[12  2],22,125,128,103,107
1,<environment.Job instance at 0x14a756fc3910>,27,26,[1 5],28,111,137,83,111
1,<environment.Job instance at 0x14a756fc30f0>,25,21,[13  1],26,128,149,102,127
1,<environment.Job instance at 0x14a756ff98c0>,18,13,[14  1],19,149,162,130,135
1,<environment.Job instance at 0x14a756fc3cd0>,24,20,[12  1],25,162,182,137,156
1,<environment.Job instance at 0x14a7584d4730>,4,24,[6 1],5,5,29,0,5
1,<environment.Job instance at 0x14a75cb12b40>,5,25,[7 1],6,8,33,2,8
1,<environment.Job instance at 0x14a75cb12550>,6,19,[ 1 13],7,18,37,11,18
1,<environment.Job instance at 0x14a75cb129b0>,10,3,[ 1 14],11,37,40,26,32
1,<environment.Job instance at 0x14a75cb12820>,15,24,[ 2 13],16,40,64,24,35
1,<environment.Job instance at 0x14a75cb12230>,16,19,[ 1 12],17,64,83,47,55
1,<environment.Job instance at 0x14a75e0a4b90>,21,22,[14  2],22,64,86,42,57
1,<environment.Job instance at 0x14a75cb122d0>,19,21,[14  2],20,86,107,66,82
1,<environment.Job instance at 0x14a75cb12e10>,14,3,[14  2],15,107,110,92,94
1,<environment.Job instance at 0x14a75e0a4280>,22,25,[ 2 12],23,110,135,87,106
1,<environment.Job instance at 0x14a75881afa0>,2,18,[ 1 12],3,135,153,132,124
1,<environment.Job instance at 0x14a75e0a4f50>,27,25,[14  2],28,135,160,107,131
1,<environment.Job instance at 0x14a75e0a4cd0>,24,20,[ 2 13],25,160,180,135,151
1,<environment.Job instance at 0x14a75e0a4730>,25,1,[11  1],26,183,184,157,183
1,<environment.Job instance at 0x14a75cb12f50>,17,3,[ 1 13],18,198,201,180,198
1,<environment.Job instance at 0x14a75b1ba4b0>,2,2,[2 9],3,7,9,4,7
1,<environment.Job instance at 0x14a75881a5f0>,4,20,[5 1],5,7,27,2,7
1,<environment.Job instance at 0x14a75cb12280>,7,22,[2 5],8,9,31,1,9
1,<environment.Job instance at 0x14a7595b0410>,5,23,[11  2],6,27,50,21,23
1,<environment.Job instance at 0x14a75ec18050>,12,23,[ 1 14],13,50,73,37,44
1,<environment.Job instance at 0x14a75c2164b0>,17,26,[12  2],18,73,99,55,70
1,<environment.Job instance at 0x14a75c216c80>,16,21,[2 6],17,74,95,57,74
1,<environment.Job instance at 0x14a75ec18f00>,11,18,[ 2 13],12,95,113,83,89
1,<environment.Job instance at 0x14a75c216500>,19,25,[11  2],20,99,124,79,95
1,<environment.Job instance at 0x14a75c216550>,23,27,[9 1],24,124,151,100,122
1,<environment.Job instance at 0x14a75ec187d0>,8,1,[ 1 13],9,127,128,118,127
1,<environment.Job instance at 0x14a75c216410>,25,20,[ 1 14],26,128,148,102,128
1,<environment.Job instance at 0x14a75c216cd0>,26,1,[12  2],27,151,152,124,131
1,<environment.Job instance at 0x14a75c216e10>,21,2,[ 2 13],22,148,150,126,146
1,<environment.Job instance at 0x14a75ec18a00>,13,3,[ 1 14],14,152,155,138,146
1,<environment.Job instance at 0x14a75c216870>,22,12,[13  2],23,155,167,132,147
1,<environment.Job instance at 0x14a75bc2b820>,1,22,[14  1],2,2,24,0,2
1,<environment.Job instance at 0x14a75bf0ff00>,3,13,[ 2 13],4,24,37,20,19
1,<environment.Job instance at 0x14a75c3fef50>,7,19,[11  1],8,24,43,16,21
1,<environment.Job instance at 0x14a75ec18190>,10,20,[ 2 14],11,37,57,26,35
1,<environment.Job instance at 0x14a75ec189b0>,11,12,[ 2 11],12,57,69,45,43
1,<environment.Job instance at 0x14a75ec184b0>,9,14,[12  2],10,59,73,49,59
1,<environment.Job instance at 0x14a75c216b90>,0,3,[ 1 11],1,76,79,75,76
1,<environment.Job instance at 0x14a75ec18f50>,13,3,[ 1 11],14,89,92,75,89
1,<environment.Job instance at 0x14a75881a050>,12,16,[ 2 12],13,92,108,79,91
1,<environment.Job instance at 0x14a75964c050>,17,19,[8 1],18,92,111,74,92
1,<environment.Job instance at 0x14a759c36f50>,19,19,[14  1],20,111,130,91,104
1,<environment.Job instance at 0x14a75d3841e0>,26,21,[ 1 12],27,119,140,92,119
1,<environment.Job instance at 0x14a75d384960>,25,20,[2 9],26,140,160,114,135
1,<environment.Job instance at 0x14a75ec18c30>,14,1,[14  2],15,135,136,120,135
1,<environment.Job instance at 0x14a7595b0b90>,4,2,[11  2],5,136,138,131,135
1,<environment.Job instance at 0x14a75d384780>,28,12,[ 1 14],29,160,172,131,156
1,<environment.Job instance at 0x14a75c3fefa0>,6,14,[14  2],7,175,189,168,175
1,<environment.Job instance at 0x14a75d384fa0>,27,18,[ 1 12],28,189,207,161,189
1,<environment.Job instance at 0x14a75c305460>,0,27,[ 2 14],1,3,30,2,3
1,<environment.Job instance at 0x14a75e985870>,1,2,[12  2],2,30,32,28,7
1,<environment.Job instance at 0x14a75e6b2b40>,7,2,[ 1 12],8,30,32,22,8
1,<environment.Job instance at 0x14a75e6b2e10>,8,25,[13  2],9,32,57,23,29
1,<environment.Job instance at 0x14a75ac2d230>,12,22,[ 2 14],13,57,79,44,52
1,<environment.Job instance at 0x14a75ac2dbe0>,15,22,[ 2 12],16,79,101,63,73
1,<environment.Job instance at 0x14a75ac2d820>,17,16,[13  1],18,83,99,65,83
1,<environment.Job instance at 0x14a75ac2d6e0>,18,18,[6 2],19,99,117,80,97
1,<environment.Job instance at 0x14a75e85ce60>,22,3,[2 8],23,114,117,91,114
1,<environment.Job instance at 0x14a75e85cc80>,23,28,[2 5],24,114,142,90,114
1,<environment.Job instance at 0x14a75e85c5f0>,24,3,[ 2 13],25,142,145,117,116
1,<environment.Job instance at 0x14a75be47f50>,25,25,[2 7],26,117,142,91,117
1,<environment.Job instance at 0x14a75e85ceb0>,26,3,[ 1 13],27,145,148,118,126
1,<environment.Job instance at 0x14a75e85c6e0>,21,1,[14  2],22,145,146,123,137
1,<environment.Job instance at 0x14a75be47960>,27,20,[1 9],28,148,168,120,141
1,<environment.Job instance at 0x14a758a76910>,3,3,[ 1 14],4,168,171,164,149
1,<environment.Job instance at 0x14a75ac2da00>,13,3,[13  1],14,154,157,140,154
1,<environment.Job instance at 0x14a75e6b2cd0>,6,16,[ 2 11],7,212,228,205,212
1,<environment.Job instance at 0x14a7595b0230>,0,21,[1 5],1,1,22,0,1
1,<environment.Job instance at 0x14a7595b0a50>,2,20,[13  2],3,4,24,1,4
1,<environment.Job instance at 0x14a7588f7410>,3,15,[12  1],4,24,39,20,22
1,<environment.Job instance at 0x14a75c008af0>,4,12,[10  2],5,39,51,34,26
1,<environment.Job instance at 0x14a75b44b460>,9,25,[ 2 12],10,27,52,17,27
1,<environment.Job instance at 0x14a75e6140a0>,10,27,[12  2],11,51,78,40,50
1,<environment.Job instance at 0x14a75d5b5550>,8,26,[12  2],9,78,104,69,75
1,<environment.Job instance at 0x14a759b525a0>,11,18,[ 2 11],12,82,100,70,82
1,<environment.Job instance at 0x14a759b52eb0>,13,23,[ 1 12],14,100,123,86,96
1,<environment.Job instance at 0x14a75b5319b0>,14,14,[12  1],15,104,118,89,100
1,<environment.Job instance at 0x14a762160780>,16,23,[ 1 14],17,123,146,106,120
1,<environment.Job instance at 0x14a759b520f0>,12,19,[11  2],13,146,165,133,144
1,<environment.Job instance at 0x14a7595b0c30>,7,12,[ 1 13],8,147,159,139,147
1,<environment.Job instance at 0x14a75d2ecaf0>,20,23,[ 2 13],21,161,184,140,161
1,<environment.Job instance at 0x14a762160f00>,15,17,[ 1 11],16,184,201,168,174
1,<environment.Job instance at 0x14a75d2ec9b0>,23,25,[ 1 12],24,201,226,177,197
1,<environment.Job instance at 0x14a75d2ec8c0>,24,27,[ 1 12],25,226,253,201,224
1,<environment.Job instance at 0x14a75d2ec050>,25,2,[14  1],26,239,241,213,239
1,<environment.Job instance at 0x14a75d2ec460>,26,22,[12  2],27,241,263,214,240
1,<environment.Job instance at 0x14a75d2ecd20>,27,20,[ 1 12],28,253,273,225,244
1,<environment.Job instance at 0x14a75d2ec3c0>,18,3,[ 1 12],19,273,276,254,271
1,<environment.Job instance at 0x14a75d2ece60>,21,2,[ 1 13],22,276,278,254,273
1,<environment.Job instance at 0x14a75d2ecc30>,22,16,[11  2],23,284,300,261,284
1,<environment.Job instance at 0x14a75da59550>,1,15,[ 1 11],2,289,304,287,289
1,<environment.Job instance at 0x14a75d2ec4b0>,0,19,[12  2],1,1,20,0,1
1,<environment.Job instance at 0x14a758a72230>,6,28,[ 1 11],7,7,35,0,7
1,<environment.Job instance at 0x14a758a72f00>,8,24,[14  2],9,23,47,14,23
1,<environment.Job instance at 0x14a758a72eb0>,13,25,[1 8],14,39,64,25,39
1,<environment.Job instance at 0x14a758a72d70>,11,1,[ 1 11],12,64,65,52,57
1,<environment.Job instance at 0x14a75ac9e1e0>,18,24,[10  2],19,57,81,38,57
1,<environment.Job instance at 0x14a758a720a0>,9,3,[13  2],10,81,84,71,58
1,<environment.Job instance at 0x14a75ac9e320>,20,26,[ 2 12],21,65,91,44,62
1,<environment.Job instance at 0x14a75ac9e370>,22,16,[12  2],23,84,100,61,79
1,<environment.Job instance at 0x14a75ac9edc0>,21,20,[ 1 14],22,100,120,78,91
1,<environment.Job instance at 0x14a75ac9ea50>,16,1,[12  2],17,120,121,103,110
1,<environment.Job instance at 0x14a759cf0dc0>,28,27,[ 1 14],29,121,148,92,119
1,<environment.Job instance at 0x14a759cf04b0>,27,2,[12  1],28,133,135,105,133
1,<environment.Job instance at 0x14a75ac9eaa0>,17,21,[12  1],18,135,156,117,135
1,<environment.Job instance at 0x14a75ac9ebe0>,24,15,[ 1 13],25,151,166,126,151
1,<environment.Job instance at 0x14a759cf0910>,23,14,[ 1 12],24,174,188,150,174
1,<environment.Job instance at 0x14a75d0f4fa0>,1,1,[11  1],2,2,3,0,2
1,<environment.Job instance at 0x14a759cf0780>,2,3,[11  2],3,5,8,2,5
1,<environment.Job instance at 0x14a75da59280>,3,2,[7 1],4,9,11,5,9
1,<environment.Job instance at 0x14a75bd490a0>,8,25,[ 1 12],9,11,36,2,11
1,<environment.Job instance at 0x14a75be47690>,4,15,[11  2],5,18,33,13,18
1,<environment.Job instance at 0x14a75bd49a00>,11,26,[ 1 14],12,36,62,24,33
1,<environment.Job instance at 0x14a757addb90>,12,26,[ 2 12],13,62,88,49,59
1,<environment.Job instance at 0x14a75bd49fa0>,7,28,[ 1 11],8,88,116,80,87
1,<environment.Job instance at 0x14a75bd49050>,14,25,[10  1],15,87,112,72,87
1,<environment.Job instance at 0x14a75d2ecfa0>,5,3,[12  1],6,112,115,106,94
1,<environment.Job instance at 0x14a75bd49b90>,10,12,[ 2 14],11,116,128,105,105
1,<environment.Job instance at 0x14a75c614dc0>,16,26,[13  1],17,115,141,98,113
1,<environment.Job instance at 0x14a75b4dd280>,19,20,[1 9],20,128,148,108,120
1,<environment.Job instance at 0x14a75ac9e820>,6,3,[13  2],7,141,144,134,128
1,<environment.Job instance at 0x14a75de222d0>,22,24,[ 1 13],23,148,172,125,143
1,<environment.Job instance at 0x14a7596add20>,25,21,[11  1],26,154,175,128,154
1,<environment.Job instance at 0x14a7596ad410>,26,19,[ 2 12],27,172,191,145,162
1,<environment.Job instance at 0x14a7596ad640>,28,1,[ 2 14],29,191,192,162,163
1,<environment.Job instance at 0x14a7596ad870>,24,24,[ 1 13],25,192,216,167,187
1,<environment.Job instance at 0x14a75bd49730>,13,2,[ 2 11],14,216,218,202,204
1,<environment.Job instance at 0x14a75fedb370>,27,1,[12  2],28,225,226,197,225
1,<environment.Job instance at 0x14a758a72c80>,0,22,[11  2],1,1,23,0,1
1,<environment.Job instance at 0x14a758a721e0>,4,27,[2 7],5,6,33,1,6
1,<environment.Job instance at 0x14a75cac5e10>,6,20,[2 5],7,7,27,0,7
1,<environment.Job instance at 0x14a75da59370>,9,12,[ 2 14],10,33,45,23,33
1,<environment.Job instance at 0x14a75dc31d70>,12,20,[7 2],13,45,65,32,40
1,<environment.Job instance at 0x14a75ca8d9b0>,11,28,[ 2 13],12,45,73,33,44
1,<environment.Job instance at 0x14a75c9a1140>,2,21,[13  2],3,69,90,66,69
1,<environment.Job instance at 0x14a757ee5eb0>,18,25,[5 2],19,90,115,71,86
1,<environment.Job instance at 0x14a757ee5dc0>,21,2,[1 7],22,92,94,70,92
1,<environment.Job instance at 0x14a757ee5280>,26,22,[ 2 11],27,107,129,80,107
1,<environment.Job instance at 0x14a757ee55a0>,20,24,[11  2],21,115,139,94,111
1,<environment.Job instance at 0x14a757ee53c0>,23,28,[ 1 14],24,139,167,115,138
1,<environment.Job instance at 0x14a75d4e2be0>,3,3,[ 2 13],4,167,170,163,158
1,<environment.Job instance at 0x14a757ee5190>,28,12,[ 2 12],29,170,182,141,170
1,<environment.Job instance at 0x14a75d66eaf0>,2,19,[13  2],3,3,22,0,3
1,<environment.Job instance at 0x14a75d66e730>,3,25,[11  1],4,22,47,18,20
1,<environment.Job instance at 0x14a75de08af0>,9,27,[2 8],10,28,55,18,28
1,<environment.Job instance at 0x14a75d66e5a0>,10,28,[ 2 13],11,55,83,44,54
1,<environment.Job instance at 0x14a757ee4e60>,13,25,[13  2],14,55,80,41,55
1,<environment.Job instance at 0x14a757ee4870>,14,22,[ 1 13],15,83,105,68,81
1,<environment.Job instance at 0x14a757ee4f00>,17,26,[9 1],18,87,113,69,87
1,<environment.Job instance at 0x14a757ee4550>,12,26,[ 1 10],13,105,131,92,103
1,<environment.Job instance at 0x14a75de08fa0>,11,3,[11  2],12,121,124,109,121
1,<environment.Job instance at 0x14a757ee4dc0>,15,16,[10  1],16,125,141,109,125
1,<environment.Job instance at 0x14a75b03dfa0>,24,24,[ 1 11],25,131,155,106,131
1,<environment.Job instance at 0x14a75b03daa0>,25,19,[10  2],26,141,160,115,133
1,<environment.Job instance at 0x14a75b03d730>,26,1,[ 1 11],27,155,156,128,133
1,<environment.Job instance at 0x14a75d66ee60>,4,12,[ 2 13],5,156,168,151,151
1,<environment.Job instance at 0x14a75b03d5f0>,28,20,[ 1 13],29,168,188,139,160
1,<environment.Job instance at 0x14a75b03da00>,22,1,[ 2 13],23,188,189,165,184
1,<environment.Job instance at 0x14a75b03d640>,27,2,[12  2],28,184,186,156,184
1,<environment.Job instance at 0x14a75746e910>,1,28,[9 1],2,2,30,0,2
1,<environment.Job instance at 0x14a759874140>,5,24,[ 1 10],6,16,40,10,16
1,<environment.Job instance at 0x14a75c8ea0f0>,3,23,[13  2],4,30,53,26,25
1,<environment.Job instance at 0x14a75c2c02d0>,9,19,[2 9],10,40,59,30,34
1,<environment.Job instance at 0x14a75c2c0320>,11,24,[10  1],12,53,77,41,49
1,<environment.Job instance at 0x14a75c2c09b0>,12,20,[13  2],13,77,97,64,69
1,<environment.Job instance at 0x14a75c2c0fa0>,13,22,[6 2],14,97,119,83,90
1,<environment.Job instance at 0x14a75c2c06e0>,16,2,[11  2],17,119,121,102,112
1,<environment.Job instance at 0x14a75b0472d0>,17,3,[6 1],18,121,124,103,118
1,<environment.Job instance at 0x14a75d01cc80>,18,24,[12  1],19,124,148,105,120
1,<environment.Job instance at 0x14a759211aa0>,7,3,[ 2 13],8,121,124,113,121
1,<environment.Job instance at 0x14a75d01ceb0>,21,27,[ 1 13],22,130,157,108,130
1,<environment.Job instance at 0x14a75d01cd20>,22,20,[14  1],23,148,168,125,141
1,<environment.Job instance at 0x14a75772c370>,23,22,[12  1],24,168,190,144,161
1,<environment.Job instance at 0x14a75b840aa0>,25,20,[2 9],26,168,188,142,163
1,<environment.Job instance at 0x14a75b840280>,27,28,[10  1],28,190,218,162,189
1,<environment.Job instance at 0x14a759874aa0>,6,3,[ 2 12],7,190,193,183,190
1,<environment.Job instance at 0x14a75d01c140>,24,1,[ 1 12],25,198,199,173,198
1,<environment.Job instance at 0x14a75952b230>,28,1,[12  1],29,218,219,189,206
1,<environment.Job instance at 0x14a75c2c0460>,10,14,[11  2],11,219,233,208,211
1,<environment.Job instance at 0x14a759874280>,4,3,[ 1 13],5,215,218,210,215
1,<environment.Job instance at 0x14a759211820>,0,21,[ 2 12],1,2,23,1,2
1,<environment.Job instance at 0x14a759211190>,1,1,[12  1],2,2,3,0,2
1,<environment.Job instance at 0x14a75d66eaa0>,3,21,[ 2 13],4,23,44,19,16
1,<environment.Job instance at 0x14a75cd4b050>,9,26,[5 1],10,17,43,7,17
1,<environment.Job instance at 0x14a75746e2d0>,13,22,[ 1 13],14,44,66,30,39
1,<environment.Job instance at 0x14a75cc91e10>,14,23,[11  1],15,43,66,28,40
1,<environment.Job instance at 0x14a75b840eb0>,4,3,[ 2 11],5,66,69,61,42
1,<environment.Job instance at 0x14a75c2c0d20>,8,3,[11  1],9,66,69,57,62
1,<environment.Job instance at 0x14a757ac2c80>,16,25,[ 2 14],17,69,94,52,65
1,<environment.Job instance at 0x14a75c93e190>,20,20,[7 1],21,69,89,48,66
1,<environment.Job instance at 0x14a75c93efa0>,24,22,[7 2],25,94,116,69,87
1,<environment.Job instance at 0x14a75c93e460>,28,23,[6 1],29,91,114,62,91
1,<environment.Job instance at 0x14a75c93eaa0>,25,27,[2 7],26,97,124,71,97
1,<environment.Job instance at 0x14a75c93e780>,17,12,[13  1],18,116,128,98,101
1,<environment.Job instance at 0x14a75aba04b0>,6,3,[11  2],7,128,131,121,127
1,<environment.Job instance at 0x14a75c93e1e0>,27,1,[14  1],28,131,132,103,130
1,<environment.Job instance at 0x14a757ac2780>,2,21,[10  2],3,4,25,1,4
1,<environment.Job instance at 0x14a75c93e4b0>,0,2,[12  2],1,25,27,24,10
1,<environment.Job instance at 0x14a759874cd0>,3,15,[13  1],4,27,42,23,20
1,<environment.Job instance at 0x14a75e9991e0>,9,21,[1 7],10,23,44,13,23
1,<environment.Job instance at 0x14a759874690>,7,25,[11  1],8,42,67,34,39
1,<environment.Job instance at 0x14a75e062910>,17,28,[2 5],18,54,82,36,54
1,<environment.Job instance at 0x14a75e0623c0>,18,22,[2 8],19,63,85,44,63
1,<environment.Job instance at 0x14a75e062aa0>,19,20,[ 2 10],20,85,105,65,76
1,<environment.Job instance at 0x14a759874780>,5,24,[12  1],6,82,106,76,79
1,<environment.Job instance at 0x14a75e999b40>,15,21,[ 2 14],16,105,126,89,103
1,<environment.Job instance at 0x14a75e0626e0>,21,27,[12  1],22,107,134,85,107
1,<environment.Job instance at 0x14a75e062e60>,24,18,[13  2],25,134,152,109,125
1,<environment.Job instance at 0x14a75e062870>,25,19,[ 1 11],26,148,167,122,148
1,<environment.Job instance at 0x14a75e9997d0>,12,18,[14  2],13,152,170,139,148
1,<environment.Job instance at 0x14a7580ba820>,27,17,[11  2],28,170,187,142,158
1,<environment.Job instance at 0x14a75e999b90>,16,1,[ 1 13],17,167,168,150,158
1,<environment.Job instance at 0x14a75cd4b1e0>,1,20,[14  2],2,2,22,0,2
1,<environment.Job instance at 0x14a75d43eaf0>,2,15,[ 1 13],3,4,19,1,4
1,<environment.Job instance at 0x14a7580bac80>,4,23,[11  2],5,22,45,17,19
1,<environment.Job instance at 0x14a757ac2550>,12,17,[1 9],13,36,53,23,36
1,<environment.Job instance at 0x14a75c2a2eb0>,13,21,[9 2],14,45,66,31,40
1,<environment.Job instance at 0x14a759874230>,11,22,[11  1],12,66,88,54,60
1,<environment.Job instance at 0x14a75f528500>,14,14,[11  2],15,88,102,73,74
1,<environment.Job instance at 0x14a75c2a2370>,16,28,[2 5],17,78,106,61,78
1,<environment.Job instance at 0x14a75c2a2500>,15,21,[11  2],16,102,123,86,95
1,<environment.Job instance at 0x14a75c18e5a0>,18,28,[12  2],19,123,151,104,122
1,<environment.Job instance at 0x14a75ce94640>,23,12,[10  1],24,151,163,127,140
1,<environment.Job instance at 0x14a75d01c280>,0,18,[12  1],1,163,181,162,154
1,<environment.Job instance at 0x14a75b021eb0>,24,16,[12  2],25,181,197,156,173
1,<environment.Job instance at 0x14a75ce94eb0>,20,17,[ 1 11],21,181,198,160,181
1,<environment.Job instance at 0x14a757ac2f50>,9,2,[ 1 11],10,198,200,188,195
1,<environment.Job instance at 0x14a75b021780>,26,21,[ 2 12],27,200,221,173,196
1,<environment.Job instance at 0x14a75e9999b0>,8,20,[12  2],9,198,218,189,198
1,<environment.Job instance at 0x14a75b021b40>,28,18,[ 2 14],29,221,239,192,220
1,<environment.Job instance at 0x14a75b021af0>,27,3,[ 1 13],28,239,242,211,239
1,<environment.Job instance at 0x14a75c93e500>,1,25,[1 8],2,2,27,0,2
1,<environment.Job instance at 0x14a757ac21e0>,0,14,[14  2],1,4,18,3,4
1,<environment.Job instance at 0x14a7598745f0>,2,3,[14  1],3,18,21,15,7
1,<environment.Job instance at 0x14a758126eb0>,8,20,[8 1],9,21,41,12,21
1,<environment.Job instance at 0x14a7580ba0a0>,4,23,[ 1 12],5,27,50,22,21
1,<environment.Job instance at 0x14a758126280>,11,27,[11  1],12,41,68,29,41
1,<environment.Job instance at 0x14a7581267d0>,7,24,[1 6],8,52,76,44,52
1,<environment.Job instance at 0x14a75c8ea730>,3,3,[ 2 13],4,76,79,72,63
1,<environment.Job instance at 0x14a75773de10>,17,26,[12  2],18,68,94,50,67
1,<environment.Job instance at 0x14a7581261e0>,14,18,[ 1 14],15,94,112,79,88
1,<environment.Job instance at 0x14a75773dcd0>,19,23,[9 1],20,94,117,74,91
1,<environment.Job instance at 0x14a75773d320>,20,24,[2 7],21,114,138,93,114
1,<environment.Job instance at 0x14a75773d460>,18,25,[12  2],19,117,142,98,114
1,<environment.Job instance at 0x14a758126550>,15,27,[13  1],16,142,169,126,141
1,<environment.Job instance at 0x14a7577484b0>,24,24,[2 8],25,141,165,116,141
1,<environment.Job instance at 0x14a757748410>,25,27,[9 1],26,169,196,143,167
1,<environment.Job instance at 0x14a757748190>,21,19,[ 1 12],22,168,187,146,168
1,<environment.Job instance at 0x14a758126370>,16,1,[13  1],17,196,197,179,187
1,<environment.Job instance at 0x14a75c93ec80>,6,1,[ 1 12],7,200,201,193,200
1,<environment.Job instance at 0x14a757748370>,23,13,[14  2],24,200,213,176,200
1,<environment.Job instance at 0x14a757748500>,28,15,[ 1 14],29,213,228,184,210
1,<environment.Job instance at 0x14a757748820>,2,18,[ 2 14],3,4,22,1,4
1,<environment.Job instance at 0x14a757748b90>,5,24,[9 1],6,8,32,2,8
1,<environment.Job instance at 0x14a757748dc0>,3,19,[ 1 11],4,22,41,18,19
1,<environment.Job instance at 0x14a757d75b40>,13,28,[1 7],14,44,72,30,44
1,<environment.Job instance at 0x14a757d755a0>,12,28,[2 6],13,44,72,31,44
1,<environment.Job instance at 0x14a757d75500>,16,25,[12  1],17,44,69,27,44
1,<environment.Job instance at 0x14a757d75640>,17,26,[13  1],18,72,98,54,70
1,<environment.Job instance at 0x14a75ad5a460>,19,16,[ 1 11],20,84,100,64,84
1,<environment.Job instance at 0x14a75ad5ab40>,20,22,[14  2],21,98,120,77,91
1,<environment.Job instance at 0x14a757d75f50>,18,13,[14  1],19,120,133,101,110
1,<environment.Job instance at 0x14a75ad5af00>,23,28,[6 2],24,133,161,109,133
1,<environment.Job instance at 0x14a75ad5af50>,24,20,[12  1],25,161,181,136,152
1,<environment.Job instance at 0x14a7577488c0>,0,15,[ 2 12],1,153,168,152,153
1,<environment.Job instance at 0x14a75ad5a0f0>,22,3,[11  1],23,181,184,158,169
1,<environment.Job instance at 0x14a75ad5a410>,27,26,[1 5],28,173,199,145,173
1,<environment.Job instance at 0x14a75ad5aa50>,25,21,[13  1],26,184,205,158,178
1,<environment.Job instance at 0x14a75ad5ad20>,21,3,[12  2],22,205,208,183,182
1,<environment.Job instance at 0x14a757748910>,10,17,[11  1],11,208,225,197,205
1,<environment.Job instance at 0x14a7589681e0>,4,24,[6 1],5,5,29,0,5
1,<environment.Job instance at 0x14a7589685f0>,5,25,[7 1],6,8,33,2,8
1,<environment.Job instance at 0x14a758bb04b0>,13,27,[1 8],14,17,44,3,17
1,<environment.Job instance at 0x14a758968d20>,6,19,[ 1 13],7,44,63,37,36
1,<environment.Job instance at 0x14a7578b5280>,2,18,[ 1 12],3,63,81,60,58
1,<environment.Job instance at 0x14a758bb0af0>,15,24,[ 2 13],16,81,105,65,78
1,<environment.Job instance at 0x14a758bb0410>,17,3,[ 1 13],18,105,108,87,88
1,<environment.Job instance at 0x14a758bb0370>,16,19,[ 1 12],17,108,127,91,98
1,<environment.Job instance at 0x14a759ac5f00>,21,22,[14  2],22,105,127,83,98
1,<environment.Job instance at 0x14a759ac5a00>,23,3,[7 2],24,101,104,77,101
1,<environment.Job instance at 0x14a759ac5460>,24,20,[ 2 13],25,127,147,102,118
1,<environment.Job instance at 0x14a759ac58c0>,25,1,[11  1],26,133,134,107,133
1,<environment.Job instance at 0x14a759ac54b0>,27,25,[14  2],28,147,172,119,143
1,<environment.Job instance at 0x14a759ac50a0>,28,20,[1 9],29,147,167,118,145
1,<environment.Job instance at 0x14a759ac55a0>,22,25,[ 2 12],23,172,197,149,168
1,<environment.Job instance at 0x14a758bb0be0>,14,3,[14  2],15,197,200,182,176
1,<environment.Job instance at 0x14a758bb0230>,19,21,[14  2],20,200,221,180,199
1,<environment.Job instance at 0x14a758bb0c80>,10,3,[ 1 14],11,286,289,275,286
1,<environment.Job instance at 0x14a7596c1be0>,2,2,[2 9],3,4,6,1,4
1,<environment.Job instance at 0x14a75d2afb40>,5,23,[11  2],6,6,29,0,6
1,<environment.Job instance at 0x14a75d2aff00>,7,22,[2 5],8,23,45,15,23
1,<environment.Job instance at 0x14a75bb146e0>,11,18,[ 2 13],12,45,63,33,35
1,<environment.Job instance at 0x14a7596c17d0>,4,20,[5 1],5,35,55,30,35
1,<environment.Job instance at 0x14a75ac72780>,13,3,[ 1 14],14,63,66,49,46
1,<environment.Job instance at 0x14a75c4df960>,19,25,[11  2],20,66,91,46,62
1,<environment.Job instance at 0x14a75c4df4b0>,22,12,[13  2],23,91,103,68,75
1,<environment.Job instance at 0x14a75bb14500>,12,23,[ 1 14],13,103,126,90,98
1,<environment.Job instance at 0x14a75c4dfa00>,25,20,[ 1 14],26,126,146,100,118
1,<environment.Job instance at 0x14a75c4df3c0>,26,1,[12  2],27,146,147,119,130
1,<environment.Job instance at 0x14a75c4dfb40>,17,26,[12  2],18,147,173,129,146
1,<environment.Job instance at 0x14a75bb14dc0>,8,1,[ 1 13],9,148,149,139,148
1,<environment.Job instance at 0x14a75c4dfe60>,21,2,[ 2 13],22,174,176,152,174
1,<environment.Job instance at 0x14a75c4df140>,1,22,[14  1],2,2,24,0,2
1,<environment.Job instance at 0x14a75d2af140>,0,3,[ 1 11],1,13,16,12,13
1,<environment.Job instance at 0x14a7596c1050>,6,14,[14  2],7,24,38,17,18
1,<environment.Job instance at 0x14a7596c1f00>,8,28,[10  1],9,38,66,29,38
1,<environment.Job instance at 0x14a75b801a50>,10,20,[ 2 14],11,40,60,29,40
1,<environment.Job instance at 0x14a75b801820>,11,12,[ 2 11],12,60,72,48,60
1,<environment.Job instance at 0x14a7596c1d20>,7,19,[11  1],8,67,86,59,67
1,<environment.Job instance at 0x14a75b8013c0>,12,16,[ 2 12],13,90,106,77,90
1,<environment.Job instance at 0x14a75d2af050>,3,13,[ 2 13],4,106,119,102,97
1,<environment.Job instance at 0x14a7578d53c0>,19,19,[14  1],20,119,138,99,114
1,<environment.Job instance at 0x14a75b8015a0>,14,1,[14  2],15,138,139,123,114
1,<environment.Job instance at 0x14a7580493c0>,26,21,[ 1 12],27,127,148,100,127
1,<environment.Job instance at 0x14a75be014b0>,27,18,[ 1 12],28,148,166,120,137
1,<environment.Job instance at 0x14a75be01230>,28,12,[ 1 14],29,166,178,137,157
1,<environment.Job instance at 0x14a75b801730>,9,14,[12  2],10,178,192,168,176
1,<environment.Job instance at 0x14a75b8017d0>,13,3,[ 1 11],14,204,207,190,204
1,<environment.Job instance at 0x14a75bb14b40>,4,2,[11  2],5,235,237,230,235
1,<environment.Job instance at 0x14a75bb14050>,0,27,[ 2 14],1,4,31,3,4
1,<environment.Job instance at 0x14a75d2af4b0>,5,25,[7 2],6,31,56,25,28
1,<environment.Job instance at 0x14a75c4df6e0>,8,25,[13  2],9,56,81,47,52
1,<environment.Job instance at 0x14a75d4d3dc0>,9,27,[1 8],10,57,84,47,57
1,<environment.Job instance at 0x14a75c4df640>,10,20,[10  2],11,81,101,70,72
1,<environment.Job instance at 0x14a75bb14e60>,1,2,[12  2],2,101,103,99,89
1,<environment.Job instance at 0x14a75b801d70>,13,3,[13  1],14,103,106,89,90
1,<environment.Job instance at 0x14a75c3dbe60>,15,22,[ 2 12],16,95,117,79,95
1,<environment.Job instance at 0x14a757e5bb90>,17,16,[13  1],18,106,122,88,101
1,<environment.Job instance at 0x14a75b801280>,12,22,[ 2 14],13,117,139,104,110
1,<environment.Job instance at 0x14a75d2afbe0>,6,16,[ 2 11],7,139,155,132,130
1,<environment.Job instance at 0x14a757e5b780>,24,3,[ 2 13],25,155,158,130,152
1,<environment.Job instance at 0x14a757e5bfa0>,27,20,[1 9],28,158,178,130,152
1,<environment.Job instance at 0x14a757e5b820>,28,28,[7 2],29,152,180,123,152
1,<environment.Job instance at 0x14a757e5b140>,26,3,[ 1 13],27,178,181,151,171
1,<environment.Job instance at 0x14a757e5b6e0>,21,1,[14  2],22,180,181,158,177
1,<environment.Job instance at 0x14a75be01b40>,7,2,[ 1 12],8,213,215,205,213
1,<environment.Job instance at 0x14a75bcdda50>,3,3,[ 1 14],4,234,237,230,234
1,<environment.Job instance at 0x14a75bbbd820>,0,21,[1 5],1,1,22,0,1
1,<environment.Job instance at 0x14a75bbbd9b0>,2,20,[13  2],3,3,23,0,3
1,<environment.Job instance at 0x14a75ea54b90>,3,15,[12  1],4,23,38,19,12
1,<environment.Job instance at 0x14a75ea54dc0>,9,25,[ 2 12],10,22,47,12,21
1,<environment.Job instance at 0x14a75ea54c30>,10,27,[12  2],11,38,65,27,36
1,<environment.Job instance at 0x14a75e4b0f50>,11,18,[ 2 11],12,49,67,37,49
1,<environment.Job instance at 0x14a75e4b03c0>,13,23,[ 1 12],14,67,90,53,61
1,<environment.Job instance at 0x14a75e4b0d20>,12,19,[11  2],13,65,84,52,63
1,<environment.Job instance at 0x14a75ea54b40>,8,26,[12  2],9,84,110,75,84
1,<environment.Job instance at 0x14a75e4b0140>,15,17,[ 1 11],16,94,111,78,94
1,<environment.Job instance at 0x14a75ea54370>,7,12,[ 1 13],8,111,123,103,99
1,<environment.Job instance at 0x14a75e4b0870>,14,14,[12  1],15,110,124,95,103
1,<environment.Job instance at 0x14a75e4b0be0>,18,3,[ 1 12],19,123,126,104,108
1,<environment.Job instance at 0x14a75e4b0230>,20,23,[ 2 13],21,126,149,105,121
1,<environment.Job instance at 0x14a75ea544b0>,1,15,[ 1 11],2,149,164,147,137
1,<environment.Job instance at 0x14a75e4b0190>,16,23,[ 1 14],17,164,187,147,158
1,<environment.Job instance at 0x14a75e4b05a0>,23,25,[ 1 12],24,187,212,163,183
1,<environment.Job instance at 0x14a75fbef0f0>,26,22,[12  2],27,187,209,160,185
1,<environment.Job instance at 0x14a75fbef050>,27,20,[ 1 12],28,212,232,184,204
1,<environment.Job instance at 0x14a75e4b0960>,24,27,[ 1 12],25,232,259,207,230
1,<environment.Job instance at 0x14a75e4b0050>,22,16,[11  2],23,234,250,211,234
1,<environment.Job instance at 0x14a75e4b0cd0>,25,2,[14  1],26,250,252,224,243
1,<environment.Job instance at 0x14a75e4b06e0>,21,2,[ 1 13],22,259,261,237,246
1,<environment.Job instance at 0x14a75ea54410>,0,19,[12  2],1,1,20,0,1
1,<environment.Job instance at 0x14a75a0fc4b0>,6,28,[ 1 11],7,9,37,2,9
1,<environment.Job instance at 0x14a758588320>,8,24,[14  2],9,20,44,11,15
1,<environment.Job instance at 0x14a75bbbdaf0>,2,25,[5 2],3,44,69,41,43
1,<environment.Job instance at 0x14a757772690>,14,26,[2 9],15,44,70,29,43
1,<environment.Job instance at 0x14a759a16aa0>,17,21,[12  1],18,69,90,51,65
1,<environment.Job instance at 0x14a759a161e0>,20,26,[ 2 12],21,76,102,55,76
1,<environment.Job instance at 0x14a759a160a0>,21,20,[ 1 14],22,102,122,80,93
1,<environment.Job instance at 0x14a758588d20>,9,3,[13  2],10,122,125,112,114
1,<environment.Job instance at 0x14a759a163c0>,24,15,[ 1 13],25,123,138,98,123
1,<environment.Job instance at 0x14a759a16410>,25,19,[7 1],26,134,153,108,134
1,<environment.Job instance at 0x14a759a16b40>,27,2,[12  1],28,153,155,125,145
1,<environment.Job instance at 0x14a759a16be0>,28,27,[ 1 14],29,149,176,120,149
1,<environment.Job instance at 0x14a7585884b0>,16,1,[12  2],17,176,177,159,152
1,<environment.Job instance at 0x14a759a16500>,22,16,[12  2],23,177,193,154,176
1,<environment.Job instance at 0x14a758588be0>,11,1,[ 1 11],12,187,188,175,187
1,<environment.Job instance at 0x14a759a16050>,23,14,[ 1 12],24,193,207,169,193
1,<environment.Job instance at 0x14a759a162d0>,1,1,[11  1],2,2,3,0,2
1,<environment.Job instance at 0x14a759a166e0>,3,2,[7 1],4,10,12,6,10
1,<environment.Job instance at 0x14a75a0fc5a0>,7,28,[ 1 11],8,10,38,2,10
1,<environment.Job instance at 0x14a75a0fca50>,8,25,[ 1 12],9,38,63,29,34
1,<environment.Job instance at 0x14a7577721e0>,2,3,[11  2],3,34,37,31,34
1,<environment.Job instance at 0x14a75b49f3c0>,4,15,[11  2],5,38,53,33,38
1,<environment.Job instance at 0x14a75a0fce10>,11,26,[ 1 14],12,63,89,51,60
1,<environment.Job instance at 0x14a75a0fc910>,12,26,[ 2 12],13,89,115,76,86
1,<environment.Job instance at 0x14a75a6aa640>,14,25,[10  1],15,86,111,71,86
1,<environment.Job instance at 0x14a75a6aa3c0>,16,26,[13  1],17,111,137,94,109
1,<environment.Job instance at 0x14a75a6aa0a0>,13,2,[ 2 11],14,115,117,101,110
1,<environment.Job instance at 0x14a757834050>,19,20,[1 9],20,117,137,97,116
1,<environment.Job instance at 0x14a758d52c80>,22,24,[ 1 13],23,137,161,114,132
1,<environment.Job instance at 0x14a75e53e500>,21,24,[2 5],22,161,185,139,156
1,<environment.Job instance at 0x14a758d525f0>,25,21,[11  1],26,158,179,132,158
1,<environment.Job instance at 0x14a75b49fa00>,6,3,[13  2],7,179,182,172,166
1,<environment.Job instance at 0x14a758d52be0>,26,19,[ 2 12],27,185,204,158,175
1,<environment.Job instance at 0x14a7592b8870>,24,24,[ 1 13],25,204,228,179,199
1,<environment.Job instance at 0x14a75973ceb0>,28,1,[ 2 14],29,228,229,199,216
1,<environment.Job instance at 0x14a75a0fcb40>,10,12,[ 2 14],11,229,241,218,225
1,<environment.Job instance at 0x14a75973c410>,27,1,[12  2],28,241,242,213,230
1,<environment.Job instance at 0x14a75b49faf0>,5,3,[12  1],6,294,297,288,294
1,<environment.Job instance at 0x14a75c3dbe10>,0,22,[11  2],1,1,23,0,1
1,<environment.Job instance at 0x14a75bbbd690>,4,27,[2 7],5,6,33,1,6
1,<environment.Job instance at 0x14a75ea54eb0>,2,21,[13  2],3,23,44,20,15
1,<environment.Job instance at 0x14a75a0fcfa0>,11,28,[ 2 13],12,33,61,21,33
1,<environment.Job instance at 0x14a75e53ea00>,3,3,[ 2 13],4,61,64,57,42
1,<environment.Job instance at 0x14a75b8690f0>,15,19,[5 1],16,44,63,28,44
1,<environment.Job instance at 0x14a75a0fcc30>,10,28,[7 1],11,45,73,34,45
1,<environment.Job instance at 0x14a75b8698c0>,16,24,[ 2 10],17,64,88,47,59
1,<environment.Job instance at 0x14a756c24960>,20,24,[11  2],21,73,97,52,68
1,<environment.Job instance at 0x14a756e30500>,27,20,[7 2],28,97,117,69,91
1,<environment.Job instance at 0x14a756e30730>,23,28,[ 1 14],24,117,145,93,116
1,<environment.Job instance at 0x14a756e30370>,26,22,[ 2 11],27,145,167,118,138
1,<environment.Job instance at 0x14a75a0fc3c0>,9,12,[ 2 14],10,175,187,165,175
1,<environment.Job instance at 0x14a756e308c0>,28,12,[ 2 12],29,187,199,158,186
1,<environment.Job instance at 0x14a759a160f0>,0,24,[1 5],1,3,27,2,3
1,<environment.Job instance at 0x14a75bbbd280>,2,19,[13  2],3,3,22,0,3
1,<environment.Job instance at 0x14a75e53edc0>,7,20,[5 2],8,22,42,14,14
1,<environment.Job instance at 0x14a757772370>,9,27,[2 8],10,22,49,12,20
1,<environment.Job instance at 0x14a757772960>,10,28,[ 2 13],11,49,77,38,48
1,<environment.Job instance at 0x14a758e8de60>,13,25,[13  2],14,48,73,34,48
1,<environment.Job instance at 0x14a758e8d190>,15,16,[10  1],16,73,89,57,71
1,<environment.Job instance at 0x14a758e8d910>,14,22,[ 1 13],15,77,99,62,71
1,<environment.Job instance at 0x14a758e8d140>,17,26,[9 1],18,89,115,71,86
1,<environment.Job instance at 0x14a75ec8c3c0>,18,26,[6 2],19,99,125,80,97
1,<environment.Job instance at 0x14a757772d70>,11,3,[11  2],12,125,128,113,120
1,<environment.Job instance at 0x14a756e30780>,3,25,[11  1],4,128,153,124,125
1,<environment.Job instance at 0x14a75afcd960>,24,24,[ 1 11],25,125,149,100,125
1,<environment.Job instance at 0x14a75acf9e60>,27,2,[12  2],28,153,155,125,133
1,<environment.Job instance at 0x14a759a16320>,4,12,[ 2 13],5,149,161,144,133
1,<environment.Job instance at 0x14a75a2a6fa0>,22,1,[ 2 13],23,161,162,138,151
1,<environment.Job instance at 0x14a75b7b3820>,28,20,[ 1 13],29,162,182,133,153
1,<environment.Job instance at 0x14a75afcdeb0>,25,19,[10  2],26,155,174,129,153
1,<environment.Job instance at 0x14a75acf9370>,26,1,[ 1 11],27,184,185,157,184
1,<environment.Job instance at 0x14a757d0a410>,3,23,[13  2],4,4,27,0,4
1,<environment.Job instance at 0x14a757d0a690>,5,24,[ 1 10],6,6,30,0,6
1,<environment.Job instance at 0x14a757d0a370>,2,17,[2 5],3,29,46,26,29
1,<environment.Job instance at 0x14a75b5b5410>,11,24,[10  1],12,30,54,18,29
1,<environment.Job instance at 0x14a75b5b5820>,12,20,[13  2],13,54,74,41,45
1,<environment.Job instance at 0x14a75b5b5550>,14,12,[7 1],15,74,86,59,60
1,<environment.Job instance at 0x14a75b5b5b40>,15,1,[2 7],16,60,61,44,60
1,<environment.Job instance at 0x14a757abedc0>,7,3,[ 2 13],8,63,66,55,63
1,<environment.Job instance at 0x14a75b5b5730>,16,2,[11  2],17,86,88,69,71
1,<environment.Job instance at 0x14a757abe500>,6,3,[ 2 12],7,74,77,67,74
1,<environment.Job instance at 0x14a75f747af0>,4,3,[ 1 13],5,77,80,72,74
1,<environment.Job instance at 0x14a75baca6e0>,20,3,[7 1],21,77,80,56,77
1,<environment.Job instance at 0x14a75d08e640>,21,27,[ 1 13],22,80,107,58,78
1,<environment.Job instance at 0x14a75bacacd0>,18,24,[12  1],19,88,112,69,84
1,<environment.Job instance at 0x14a75b4a2d70>,26,28,[1 7],27,107,135,80,106
1,<environment.Job instance at 0x14a75d08e820>,23,22,[12  1],24,112,134,88,106
1,<environment.Job instance at 0x14a75d08e870>,22,20,[14  1],23,134,154,111,125
1,<environment.Job instance at 0x14a75bac7640>,28,1,[12  1],29,154,155,125,129
1,<environment.Job instance at 0x14a75b4a2910>,24,1,[ 1 12],25,139,140,114,139
1,<environment.Job instance at 0x14a757abe410>,10,14,[11  2],11,167,181,156,167
1,<environment.Job instance at 0x14a75e93bcd0>,0,21,[ 2 12],1,2,23,1,2
1,<environment.Job instance at 0x14a759738280>,1,1,[12  1],2,2,3,0,2
1,<environment.Job instance at 0x14a757abe460>,3,21,[ 2 13],4,23,44,19,15
1,<environment.Job instance at 0x14a75ffbaf50>,6,3,[11  2],7,15,18,8,15
1,<environment.Job instance at 0x14a75cd5f320>,12,23,[8 2],13,18,41,5,16
1,<environment.Job instance at 0x14a75d5cb280>,13,22,[ 1 13],14,44,66,30,38
1,<environment.Job instance at 0x14a75999e190>,14,23,[11  1],15,41,64,26,40
1,<environment.Job instance at 0x14a7571f3be0>,16,25,[ 2 14],17,66,91,49,63
1,<environment.Job instance at 0x14a75ae896e0>,20,20,[7 1],21,65,85,44,65
1,<environment.Job instance at 0x14a757148af0>,15,15,[2 8],16,91,106,75,77
1,<environment.Job instance at 0x14a7581f9230>,24,22,[7 2],25,91,113,66,84
1,<environment.Job instance at 0x14a75985cc80>,26,25,[10  2],27,113,138,86,109
1,<environment.Job instance at 0x14a7581f9190>,27,1,[14  1],28,138,139,110,124
1,<environment.Job instance at 0x14a7571f33c0>,17,12,[13  1],18,139,151,121,138
1,<environment.Job instance at 0x14a758698aa0>,8,3,[11  1],9,151,154,142,147
1,<environment.Job instance at 0x14a75e74b0f0>,4,3,[ 2 11],5,149,152,144,149
1,<environment.Job instance at 0x14a75b0b4460>,2,21,[10  2],3,4,25,1,4
1,<environment.Job instance at 0x14a7594400f0>,0,2,[12  2],1,25,27,24,13
1,<environment.Job instance at 0x14a760517be0>,1,3,[7 1],2,27,30,25,15
1,<environment.Job instance at 0x14a760517190>,3,15,[13  1],4,30,45,26,18
1,<environment.Job instance at 0x14a758698f00>,10,27,[2 9],11,19,46,8,19
1,<environment.Job instance at 0x14a75c447780>,7,25,[11  1],8,45,70,37,42
1,<environment.Job instance at 0x14a75cb9fa50>,15,21,[ 2 14],16,46,67,30,44
1,<environment.Job instance at 0x14a7576cb5f0>,18,22,[2 8],19,67,89,48,62
1,<environment.Job instance at 0x14a7576cb280>,20,28,[1 6],21,75,103,54,75
1,<environment.Job instance at 0x14a7576cbb90>,21,27,[12  1],22,75,102,53,75
1,<environment.Job instance at 0x14a75cc9e0a0>,24,18,[13  2],25,102,120,77,96
1,<environment.Job instance at 0x14a75cc9ea00>,26,20,[1 7],27,110,130,83,110
1,<environment.Job instance at 0x14a75cc9e280>,27,17,[11  2],28,123,140,95,123
1,<environment.Job instance at 0x14a75f64d0f0>,12,18,[14  2],13,140,158,127,132
1,<environment.Job instance at 0x14a75ed23d20>,16,1,[ 1 13],17,146,147,129,146
1,<environment.Job instance at 0x14a75cc9eaa0>,25,19,[ 1 11],26,147,166,121,146
1,<environment.Job instance at 0x14a75ac4a4b0>,5,24,[12  1],6,158,182,152,154
1,<environment.Job instance at 0x14a75e74bf00>,1,20,[14  2],2,2,22,0,2
1,<environment.Job instance at 0x14a75787fc80>,2,15,[ 1 13],3,4,19,1,4
1,<environment.Job instance at 0x14a757abeb90>,0,18,[12  1],1,22,40,21,15
1,<environment.Job instance at 0x14a75cc9e5f0>,11,22,[11  1],12,40,62,28,35
1,<environment.Job instance at 0x14a75cc9e730>,13,21,[9 2],14,62,83,48,57
1,<environment.Job instance at 0x14a75cc9e500>,8,20,[12  2],9,83,103,74,74
1,<environment.Job instance at 0x14a75cc9e460>,16,28,[2 5],17,87,115,70,87
1,<environment.Job instance at 0x14a759c19e60>,4,23,[11  2],5,103,126,98,98
1,<environment.Job instance at 0x14a75bfdd5a0>,18,28,[12  2],19,126,154,107,125
1,<environment.Job instance at 0x14a75bfddaa0>,20,17,[ 1 11],21,154,171,133,154
1,<environment.Job instance at 0x14a75accffa0>,26,21,[ 2 12],27,171,192,144,165
1,<environment.Job instance at 0x14a759cd1d20>,24,16,[12  2],25,172,188,147,172
1,<environment.Job instance at 0x14a75cc9e140>,14,14,[11  2],15,195,209,180,195
1,<environment.Job instance at 0x14a75cc9e960>,9,2,[ 1 11],10,197,199,187,197
1,<environment.Job instance at 0x14a75c9e8a00>,28,18,[ 2 14],29,209,227,180,200
1,<environment.Job instance at 0x14a75cc9e7d0>,15,21,[11  2],16,227,248,211,220
1,<environment.Job instance at 0x14a7572f1320>,27,3,[ 1 13],28,233,236,205,233
1,<environment.Job instance at 0x14a7571f3280>,1,25,[1 8],2,2,27,0,2
1,<environment.Job instance at 0x14a75cc9eb90>,0,14,[14  2],1,4,18,3,4
1,<environment.Job instance at 0x14a756be1dc0>,2,3,[14  1],3,18,21,15,7
1,<environment.Job instance at 0x14a75b9f7c80>,7,24,[1 6],8,21,45,13,16
1,<environment.Job instance at 0x14a759f21640>,9,26,[7 2],10,27,53,17,26
1,<environment.Job instance at 0x14a7571f3aa0>,4,23,[ 1 12],5,45,68,40,41
1,<environment.Job instance at 0x14a759c19190>,11,27,[11  1],12,61,88,49,61
1,<environment.Job instance at 0x14a756db72d0>,15,27,[13  1],16,88,115,72,86
1,<environment.Job instance at 0x14a75863b410>,3,3,[ 2 13],4,102,105,98,102
1,<environment.Job instance at 0x14a7586989b0>,14,18,[ 1 14],15,105,123,90,104
1,<environment.Job instance at 0x14a75f03c500>,19,23,[9 1],20,117,140,97,117
1,<environment.Job instance at 0x14a75f03ccd0>,20,24,[2 7],21,124,148,103,124
1,<environment.Job instance at 0x14a75f03c820>,21,19,[ 1 12],22,148,167,126,138
1,<environment.Job instance at 0x14a75f03c870>,18,25,[12  2],19,140,165,121,138
1,<environment.Job instance at 0x14a75bfdd9b0>,6,1,[ 1 12],7,167,168,160,144
1,<environment.Job instance at 0x14a756c0e1e0>,17,26,[12  2],18,169,195,151,169
1,<environment.Job instance at 0x14a758cfe960>,23,13,[14  2],24,201,214,177,201
1,<environment.Job instance at 0x14a758cfefa0>,28,15,[ 1 14],29,214,229,185,211
1,<environment.Job instance at 0x14a75f03c410>,16,1,[13  1],17,216,217,199,216
1,<environment.Job instance at 0x14a758e993c0>,2,18,[ 2 14],3,4,22,1,4
1,<environment.Job instance at 0x14a75db4fa50>,6,22,[1 7],7,22,44,15,19
1,<environment.Job instance at 0x14a757920370>,11,26,[7 1],12,25,51,13,25
1,<environment.Job instance at 0x14a757920d70>,12,28,[2 6],13,27,55,14,27
1,<environment.Job instance at 0x14a7579202d0>,14,20,[8 1],15,51,71,36,45
1,<environment.Job instance at 0x14a757920fa0>,16,25,[12  1],17,71,96,54,67
1,<environment.Job instance at 0x14a757920eb0>,17,26,[13  1],18,96,122,78,93
1,<environment.Job instance at 0x14a758698c30>,3,19,[ 1 11],4,96,115,92,96
1,<environment.Job instance at 0x14a758698f50>,0,15,[ 2 12],1,115,130,114,111
1,<environment.Job instance at 0x14a756f45500>,20,22,[14  2],21,130,152,109,126
1,<environment.Job instance at 0x14a756f450f0>,19,16,[ 1 11],20,134,150,114,134
1,<environment.Job instance at 0x14a757814fa0>,24,20,[12  1],25,152,172,127,144
1,<environment.Job instance at 0x14a7577ab730>,25,21,[13  1],26,172,193,146,165
1,<environment.Job instance at 0x14a757c2d870>,27,26,[1 5],28,185,211,157,185
1,<environment.Job instance at 0x14a7577ab230>,28,1,[2 6],29,193,194,164,185
1,<environment.Job instance at 0x14a756f45960>,18,13,[14  1],19,194,207,175,192
1,<environment.Job instance at 0x14a7577ab140>,21,3,[12  2],22,207,210,185,196
1,<environment.Job instance at 0x14a757920690>,10,17,[11  1],11,210,227,199,206
1,<environment.Job instance at 0x14a7577abc80>,22,3,[11  1],23,227,230,204,215
1,<environment.Job instance at 0x14a757781870>,0,24,[ 1 10],1,3,27,2,3
1,<environment.Job instance at 0x14a757781730>,4,24,[6 1],5,5,29,0,5
1,<environment.Job instance at 0x14a757781b40>,2,18,[ 1 12],3,27,45,24,18
1,<environment.Job instance at 0x14a7588ffbe0>,15,24,[ 2 13],16,45,69,29,42
1,<environment.Job instance at 0x14a75c3e8370>,12,22,[2 6],13,69,91,56,62
1,<environment.Job instance at 0x14a7588ffeb0>,17,3,[ 1 13],18,91,94,73,74
1,<environment.Job instance at 0x14a75c001960>,14,3,[14  2],15,91,94,76,76
1,<environment.Job instance at 0x14a758eee500>,19,21,[14  2],20,94,115,74,87
1,<environment.Job instance at 0x14a75a085370>,22,25,[ 2 12],23,115,140,92,111
1,<environment.Job instance at 0x14a75be5b050>,21,22,[14  2],22,140,162,118,133
1,<environment.Job instance at 0x14a75da81b90>,16,19,[ 1 12],17,144,163,127,144
1,<environment.Job instance at 0x14a75aff27d0>,24,20,[ 2 13],25,163,183,138,158
1,<environment.Job instance at 0x14a75aff2410>,25,1,[11  1],26,170,171,144,170
1,<environment.Job instance at 0x14a75c0b89b0>,27,25,[14  2],28,183,208,155,181
1,<environment.Job instance at 0x14a75c3e8d70>,10,3,[ 1 14],11,208,211,197,183
1,<environment.Job instance at 0x14a757851eb0>,6,19,[ 1 13],7,211,230,204,206
1,<environment.Job instance at 0x14a75d0b7460>,2,2,[2 9],3,4,6,1,4
1,<environment.Job instance at 0x14a757851c30>,5,23,[11  2],6,6,29,0,6
1,<environment.Job instance at 0x14a75bdb05f0>,7,22,[2 5],8,11,33,3,11
1,<environment.Job instance at 0x14a75e203690>,12,23,[ 1 14],13,33,56,20,27
1,<environment.Job instance at 0x14a75c430fa0>,17,26,[12  2],18,56,82,38,53
1,<environment.Job instance at 0x14a759f4d5a0>,11,18,[ 2 13],12,76,94,64,76
1,<environment.Job instance at 0x14a7603ddaf0>,19,25,[11  2],20,82,107,62,78
1,<environment.Job instance at 0x14a75ac80cd0>,22,12,[13  2],23,107,119,84,98
1,<environment.Job instance at 0x14a75ac801e0>,25,20,[ 1 14],26,119,139,93,110
1,<environment.Job instance at 0x14a75ac80500>,24,22,[9 1],25,119,141,94,115
1,<environment.Job instance at 0x14a7578515f0>,8,1,[ 1 13],9,116,117,107,116
1,<environment.Job instance at 0x14a75ac80640>,26,1,[12  2],27,141,142,114,136
1,<environment.Job instance at 0x14a759f4dc80>,13,3,[ 1 14],14,178,181,164,178
1,<environment.Job instance at 0x14a75ac80eb0>,21,2,[ 2 13],22,271,273,249,271
1,<environment.Job instance at 0x14a75aed15f0>,1,22,[14  1],2,2,24,0,2
1,<environment.Job instance at 0x14a75c211cd0>,7,19,[11  1],8,24,43,16,16
1,<environment.Job instance at 0x14a7596080f0>,8,28,[10  1],9,43,71,34,42
1,<environment.Job instance at 0x14a757929870>,0,3,[ 1 11],1,46,49,45,46
1,<environment.Job instance at 0x14a75b45b0f0>,10,20,[ 2 14],11,61,81,50,61
1,<environment.Job instance at 0x14a75edc96e0>,9,14,[12  2],10,92,106,82,92
1,<environment.Job instance at 0x14a75ac80550>,11,12,[ 2 11],12,98,110,86,98
1,<environment.Job instance at 0x14a75ac80370>,12,16,[ 2 12],13,110,126,97,98
1,<environment.Job instance at 0x14a75ac80e60>,14,1,[14  2],15,126,127,111,113
1,<environment.Job instance at 0x14a75ac803c0>,16,14,[9 1],17,127,141,110,118
1,<environment.Job instance at 0x14a75c8c9e10>,19,19,[14  1],20,141,160,121,132
1,<environment.Job instance at 0x14a75bdb0be0>,4,2,[11  2],5,160,162,155,153
1,<environment.Job instance at 0x14a75c8c9140>,26,21,[ 1 12],27,159,180,132,159
1,<environment.Job instance at 0x14a75c8c91e0>,28,12,[ 1 14],29,180,192,151,178
1,<environment.Job instance at 0x14a75ac802d0>,13,3,[ 1 11],14,192,195,178,192
1,<environment.Job instance at 0x14a75ecbfaa0>,6,14,[14  2],7,204,218,197,204
1,<environment.Job instance at 0x14a75c8c9460>,27,18,[ 1 12],28,211,229,183,211
1,<environment.Job instance at 0x14a75aed1280>,3,13,[ 2 13],4,261,274,257,261
1,<environment.Job instance at 0x14a759608f00>,0,27,[ 2 14],1,1,28,0,1
1,<environment.Job instance at 0x14a75b7e0460>,7,2,[ 1 12],8,28,30,20,20
1,<environment.Job instance at 0x14a75ccae4b0>,8,25,[13  2],9,28,53,19,24
1,<environment.Job instance at 0x14a759f4dd20>,9,27,[1 8],10,30,57,20,28
1,<environment.Job instance at 0x14a75960de10>,3,3,[ 1 14],4,57,60,53,36
1,<environment.Job instance at 0x14a75edc9140>,11,14,[6 1],12,53,67,41,44
1,<environment.Job instance at 0x14a75edc9a00>,12,22,[ 2 14],13,60,82,47,53
1,<environment.Job instance at 0x14a759208c80>,15,22,[ 2 12],16,82,104,66,78
1,<environment.Job instance at 0x14a759208dc0>,17,16,[13  1],18,83,99,65,83
1,<environment.Job instance at 0x14a758f64c30>,18,18,[6 2],19,99,117,80,98
1,<environment.Job instance at 0x14a758f64190>,23,28,[2 5],24,108,136,84,108
1,<environment.Job instance at 0x14a75edc9c80>,13,3,[13  1],14,128,131,114,128
1,<environment.Job instance at 0x14a75b5a6dc0>,25,25,[2 7],26,131,156,105,128
1,<environment.Job instance at 0x14a75b5a67d0>,26,3,[ 1 13],27,156,159,129,138
1,<environment.Job instance at 0x14a758f64e60>,21,1,[14  2],22,156,157,134,138
1,<environment.Job instance at 0x14a75b5a6410>,28,28,[7 2],29,157,185,128,156
1,<environment.Job instance at 0x14a75ac80820>,1,2,[12  2],2,185,187,183,176
1,<environment.Job instance at 0x14a759b94230>,6,16,[ 2 11],7,213,229,206,213
1,<environment.Job instance at 0x14a75b5a6230>,24,3,[ 2 13],25,234,237,209,234
1,<environment.Job instance at 0x14a75ccae190>,0,21,[1 5],1,1,22,0,1
1,<environment.Job instance at 0x14a75ccaeaf0>,2,20,[13  2],3,4,24,1,4
1,<environment.Job instance at 0x14a75b5a6d20>,6,13,[9 1],7,24,37,17,17
1,<environment.Job instance at 0x14a75b5a6e60>,9,25,[ 2 12],10,22,47,12,20
1,<environment.Job instance at 0x14a75b5a6910>,10,27,[12  2],11,37,64,26,36
1,<environment.Job instance at 0x14a75b5a6d70>,11,18,[ 2 11],12,49,67,37,49
1,<environment.Job instance at 0x14a75a1f04b0>,3,15,[12  1],4,64,79,60,53
1,<environment.Job instance at 0x14a75b5a6280>,13,23,[ 1 12],14,67,90,53,63
1,<environment.Job instance at 0x14a75b5a6eb0>,12,19,[11  2],13,79,98,66,71
1,<environment.Job instance at 0x14a75b5a6a00>,8,26,[12  2],9,98,124,89,95
1,<environment.Job instance at 0x14a75c3e8a00>,1,15,[ 1 11],2,120,135,118,120
1,<environment.Job instance at 0x14a75b5a60f0>,16,23,[ 1 14],17,135,158,118,133
1,<environment.Job instance at 0x14a758698f50>,18,3,[ 1 12],19,158,161,139,146
1,<environment.Job instance at 0x14a7572f1c30>,20,23,[ 2 13],21,161,184,140,155
1,<environment.Job instance at 0x14a75b5a6690>,14,14,[12  1],15,163,177,148,163
1,<environment.Job instance at 0x14a758968460>,23,25,[ 1 12],24,184,209,160,182
1,<environment.Job instance at 0x14a7589685f0>,24,27,[ 1 12],25,209,236,184,207
1,<environment.Job instance at 0x14a75bb14050>,22,16,[11  2],23,238,254,215,238
1,<environment.Job instance at 0x14a758698730>,15,17,[ 1 11],16,238,255,222,238
1,<environment.Job instance at 0x14a75b5a61e0>,7,12,[ 1 13],8,255,267,247,247
1,<environment.Job instance at 0x14a758968370>,26,22,[12  2],27,254,276,227,251
1,<environment.Job instance at 0x14a75999e190>,27,20,[ 1 12],28,267,287,239,260
1,<environment.Job instance at 0x14a75bb14d70>,21,2,[ 1 13],22,297,299,275,297
1,<environment.Job instance at 0x14a757ea8be0>,25,2,[14  1],26,304,306,278,304
1,<environment.Job instance at 0x14a75c2a2500>,0,19,[12  2],1,1,20,0,1
1,<environment.Job instance at 0x14a75abd60a0>,6,28,[ 1 11],7,7,35,0,7
1,<environment.Job instance at 0x14a75f2985f0>,8,24,[14  2],9,20,44,11,15
1,<environment.Job instance at 0x14a75c3ef0a0>,13,25,[1 8],14,36,61,22,36
1,<environment.Job instance at 0x14a757fb9820>,17,21,[12  1],18,44,65,26,37
1,<environment.Job instance at 0x14a757fb9550>,19,20,[2 8],20,61,81,41,59
1,<environment.Job instance at 0x14a7570ad410>,11,1,[ 1 11],12,81,82,69,64
1,<environment.Job instance at 0x14a757fb9a50>,20,26,[ 2 12],21,82,108,61,79
1,<environment.Job instance at 0x14a758aedbe0>,22,16,[12  2],23,81,97,58,81
1,<environment.Job instance at 0x14a757fb9190>,21,20,[ 1 14],22,108,128,86,105
1,<environment.Job instance at 0x14a758aedb40>,26,23,[9 2],27,128,151,101,123
1,<environment.Job instance at 0x14a758aedb90>,23,14,[ 1 12],24,138,152,114,138
1,<environment.Job instance at 0x14a758aeda00>,28,27,[ 1 14],29,152,179,123,150
1,<environment.Job instance at 0x14a75c3ef870>,16,1,[12  2],17,179,180,162,152
1,<environment.Job instance at 0x14a758aede60>,27,2,[12  1],28,176,178,148,176
1,<environment.Job instance at 0x14a75c3ef230>,9,3,[13  2],10,187,190,177,187
1,<environment.Job instance at 0x14a758aed910>,24,15,[ 1 13],25,193,208,168,193
1,<environment.Job instance at 0x14a75c8c9dc0>,1,1,[11  1],2,2,3,0,2
1,<environment.Job instance at 0x14a757a1ad70>,2,3,[11  2],3,5,8,2,5
1,<environment.Job instance at 0x14a75ebc6c80>,6,3,[13  2],7,8,11,1,8
1,<environment.Job instance at 0x14a7597d8050>,7,28,[ 1 11],8,8,36,0,8
1,<environment.Job instance at 0x14a758c25d20>,5,3,[12  1],6,30,33,24,30
1,<environment.Job instance at 0x14a75b7426e0>,8,25,[ 1 12],9,36,61,27,32
1,<environment.Job instance at 0x14a75a956140>,12,26,[ 2 12],13,61,87,48,58
1,<environment.Job instance at 0x14a75a956910>,14,25,[10  1],15,58,83,43,58
1,<environment.Job instance at 0x14a759a30730>,16,26,[13  1],17,83,109,66,81
1,<environment.Job instance at 0x14a75a956c80>,11,26,[ 1 14],12,87,113,75,85
1,<environment.Job instance at 0x14a759a301e0>,22,24,[ 1 13],23,113,137,90,109
1,<environment.Job instance at 0x14a757a59a50>,23,23,[5 1],24,111,134,87,111
1,<environment.Job instance at 0x14a757a595f0>,25,21,[11  1],26,134,155,108,127
1,<environment.Job instance at 0x14a757a59c80>,26,19,[ 2 12],27,137,156,110,127
1,<environment.Job instance at 0x14a757a59c30>,24,24,[ 1 13],25,156,180,131,151
1,<environment.Job instance at 0x14a75bc372d0>,4,15,[11  2],5,155,170,150,153
1,<environment.Job instance at 0x14a75a5b5af0>,13,2,[ 2 11],14,180,182,166,163
1,<environment.Job instance at 0x14a75ccf2be0>,27,1,[12  2],28,192,193,164,192
1,<environment.Job instance at 0x14a75a956730>,10,12,[ 2 14],11,193,205,182,192
1,<environment.Job instance at 0x14a75ccf25a0>,28,1,[ 2 14],29,214,215,185,214
1,<environment.Job instance at 0x14a75d578eb0>,0,22,[11  2],1,1,23,0,1
1,<environment.Job instance at 0x14a75ebc6f00>,4,27,[2 7],5,5,32,0,5
1,<environment.Job instance at 0x14a758c256e0>,5,20,[1 5],6,8,28,2,8
1,<environment.Job instance at 0x14a75ebc66e0>,7,2,[10  2],8,23,25,15,17
1,<environment.Job instance at 0x14a759a30870>,2,21,[13  2],3,28,49,25,27
1,<environment.Job instance at 0x14a75c827e60>,11,28,[ 2 13],12,33,61,21,33
1,<environment.Job instance at 0x14a75c7fc460>,15,19,[5 1],16,49,68,33,44
1,<environment.Job instance at 0x14a75c7fce60>,16,24,[ 2 10],17,61,85,44,56
1,<environment.Job instance at 0x14a75ccbf5a0>,18,25,[5 2],19,64,89,45,64
1,<environment.Job instance at 0x14a757e875f0>,23,28,[ 1 14],24,89,117,65,88
1,<environment.Job instance at 0x14a757e87a00>,26,22,[ 2 11],27,117,139,90,112
1,<environment.Job instance at 0x14a757e87690>,27,20,[7 2],28,117,137,89,113
1,<environment.Job instance at 0x14a759a30a00>,3,3,[ 2 13],4,139,142,135,135
1,<environment.Job instance at 0x14a75ccbf6e0>,20,24,[11  2],21,137,161,116,135
1,<environment.Job instance at 0x14a757e87370>,28,12,[ 2 12],29,142,154,113,137
1,<environment.Job instance at 0x14a757fb9d70>,9,12,[ 2 14],10,173,185,163,173
1,<environment.Job instance at 0x14a75bc378c0>,0,24,[1 5],1,3,27,2,3
1,<environment.Job instance at 0x14a75c7fccd0>,2,19,[13  2],3,3,22,0,3
1,<environment.Job instance at 0x14a75ccbfeb0>,6,21,[1 7],7,7,28,0,7
1,<environment.Job instance at 0x14a757e87780>,3,25,[11  1],4,22,47,18,22
1,<environment.Job instance at 0x14a760948500>,10,28,[ 2 13],11,28,56,17,27
1,<environment.Job instance at 0x14a7609adaa0>,13,25,[13  2],14,47,72,33,47
1,<environment.Job instance at 0x14a760948910>,11,3,[11  2],12,72,75,60,55
1,<environment.Job instance at 0x14a75e405b90>,14,22,[ 1 13],15,68,90,53,68
1,<environment.Job instance at 0x14a75ba30af0>,17,26,[9 1],18,75,101,57,72
1,<environment.Job instance at 0x14a75add6140>,18,26,[6 2],19,90,116,71,88
1,<environment.Job instance at 0x14a75ef29960>,24,24,[ 1 11],25,116,140,91,116
1,<environment.Job instance at 0x14a75d5788c0>,4,12,[ 2 13],5,140,152,135,128
1,<environment.Job instance at 0x14a75d45ceb0>,26,1,[ 1 11],27,152,153,125,137
1,<environment.Job instance at 0x14a75d45cb90>,28,20,[ 1 13],29,153,173,124,150
1,<environment.Job instance at 0x14a75d45cf00>,27,2,[12  2],28,152,154,124,152
1,<environment.Job instance at 0x14a75ef29460>,22,1,[ 2 13],23,233,234,210,233
1,<environment.Job instance at 0x14a75a956820>,3,23,[13  2],4,5,28,1,5
1,<environment.Job instance at 0x14a757bb2a50>,4,3,[ 1 13],5,6,9,1,6
1,<environment.Job instance at 0x14a757e87f00>,8,21,[2 6],9,10,31,1,10
1,<environment.Job instance at 0x14a75bc37f00>,5,24,[ 1 10],6,31,55,25,26
1,<environment.Job instance at 0x14a7580281e0>,12,20,[13  2],13,28,48,15,27
1,<environment.Job instance at 0x14a757e87050>,13,22,[6 2],14,48,70,34,41
1,<environment.Job instance at 0x14a75ccbf550>,6,3,[ 2 12],7,58,61,51,58
1,<environment.Job instance at 0x14a75aa51aa0>,17,3,[6 1],18,58,61,40,58
1,<environment.Job instance at 0x14a75aa512d0>,18,24,[12  1],19,70,94,51,65
1,<environment.Job instance at 0x14a75aa51870>,21,27,[ 1 13],22,74,101,52,74
1,<environment.Job instance at 0x14a75aa51c30>,20,3,[7 1],21,94,97,73,81
1,<environment.Job instance at 0x14a75aa51960>,23,22,[12  1],24,97,119,73,91
1,<environment.Job instance at 0x14a75ebc6820>,7,3,[ 2 13],8,104,107,96,104
1,<environment.Job instance at 0x14a75aa51f50>,26,28,[1 7],27,109,137,82,109
1,<environment.Job instance at 0x14a75aa510a0>,22,20,[14  1],23,119,139,96,113
1,<environment.Job instance at 0x14a75aa51c80>,28,1,[12  1],29,139,140,110,135
1,<environment.Job instance at 0x14a75aa51a00>,24,1,[ 1 12],25,145,146,120,145
1,<environment.Job instance at 0x14a75aa51780>,16,2,[11  2],17,145,147,128,145
1,<environment.Job instance at 0x14a75d7b5550>,10,14,[11  2],11,147,161,136,146
1,<environment.Job instance at 0x14a75d011d20>,0,21,[ 2 12],1,2,23,1,2
1,<environment.Job instance at 0x14a75f34ffa0>,6,3,[11  2],7,15,18,8,15
1,<environment.Job instance at 0x14a75d011690>,4,3,[ 2 11],5,23,26,18,18
1,<environment.Job instance at 0x14a75d011a50>,3,21,[ 2 13],4,26,47,22,22
1,<environment.Job instance at 0x14a75f34f9b0>,13,22,[ 1 13],14,47,69,33,41
1,<environment.Job instance at 0x14a75f34ff00>,14,23,[11  1],15,42,65,27,42
1,<environment.Job instance at 0x14a75aa7fc30>,1,1,[12  1],2,65,66,63,53
1,<environment.Job instance at 0x14a75f34f2d0>,8,3,[11  1],9,66,69,57,61
1,<environment.Job instance at 0x14a75f34f780>,7,24,[2 6],8,69,93,61,64
1,<environment.Job instance at 0x14a75f3f71e0>,21,15,[7 1],22,69,84,47,65
1,<environment.Job instance at 0x14a75a847460>,25,27,[2 7],26,69,96,43,68
1,<environment.Job instance at 0x14a75f3f7a50>,26,25,[10  2],27,84,109,57,80
1,<environment.Job instance at 0x14a75a847a50>,28,23,[6 1],29,109,132,80,103
1,<environment.Job instance at 0x14a75f34f5a0>,16,25,[ 2 14],17,109,134,92,105
1,<environment.Job instance at 0x14a75a8470f0>,27,1,[14  1],28,134,135,106,129
1,<environment.Job instance at 0x14a75f3f70f0>,17,12,[13  1],18,135,147,117,130
1,<environment.Job instance at 0x14a75f3f7960>,0,2,[12  2],1,3,5,2,3
1,<environment.Job instance at 0x14a75a847500>,2,21,[10  2],3,5,26,2,3
1,<environment.Job instance at 0x14a7596203c0>,5,24,[12  1],6,26,50,20,21
1,<environment.Job instance at 0x14a75b0ff320>,10,27,[2 9],11,22,49,11,22
1,<environment.Job instance at 0x14a75b0ff050>,15,21,[ 2 14],16,49,70,33,45
1,<environment.Job instance at 0x14a759620c30>,7,25,[11  1],8,50,75,42,49
1,<environment.Job instance at 0x14a75afd7d70>,18,22,[2 8],19,70,92,51,63
1,<environment.Job instance at 0x14a75afd7230>,17,28,[2 5],18,71,99,53,71
1,<environment.Job instance at 0x14a75746d460>,21,27,[12  1],22,92,119,70,90
1,<environment.Job instance at 0x14a75971b820>,22,18,[2 8],23,99,117,76,96
1,<environment.Job instance at 0x14a75746dc80>,25,19,[ 1 11],26,117,136,91,111
1,<environment.Job instance at 0x14a75746d8c0>,24,18,[13  2],25,123,141,98,123
1,<environment.Job instance at 0x14a759d349b0>,28,22,[7 1],29,141,163,112,139
1,<environment.Job instance at 0x14a75afd79b0>,16,1,[ 1 13],17,147,148,130,147
1,<environment.Job instance at 0x14a75a79a1e0>,27,17,[11  2],28,163,180,135,152
1,<environment.Job instance at 0x14a75f3f7050>,3,15,[13  1],4,180,195,176,166
1,<environment.Job instance at 0x14a75b0ff8c0>,12,18,[14  2],13,195,213,182,189
1,<environment.Job instance at 0x14a7580d55f0>,1,20,[14  2],2,2,22,0,2
1,<environment.Job instance at 0x14a75e832b40>,2,15,[ 1 13],3,4,19,1,4
1,<environment.Job instance at 0x14a75c6e9690>,4,23,[11  2],5,22,45,17,19
1,<environment.Job instance at 0x14a758f088c0>,12,17,[1 9],13,36,53,23,36
1,<environment.Job instance at 0x14a759eb06e0>,13,21,[9 2],14,45,66,31,40
1,<environment.Job instance at 0x14a75b0ff9b0>,11,22,[11  1],12,66,88,54,60
1,<environment.Job instance at 0x14a759eb02d0>,14,14,[11  2],15,88,102,73,74
1,<environment.Job instance at 0x14a75e30f4b0>,16,28,[2 5],17,75,103,58,75
1,<environment.Job instance at 0x14a75e30f320>,18,28,[12  2],19,102,130,83,101
1,<environment.Job instance at 0x14a75e30fe60>,19,23,[1 9],20,103,126,83,102
1,<environment.Job instance at 0x14a759eb0690>,15,21,[11  2],16,130,151,114,123
1,<environment.Job instance at 0x14a75e30fa00>,21,21,[2 6],22,128,149,106,128
1,<environment.Job instance at 0x14a75e30f1e0>,20,17,[ 1 11],21,149,166,128,139
1,<environment.Job instance at 0x14a75e30f370>,25,26,[5 2],26,151,177,125,148
1,<environment.Job instance at 0x14a75e30f690>,26,21,[ 2 12],27,166,187,139,160
1,<environment.Job instance at 0x14a75b0ff230>,9,2,[ 1 11],10,187,189,177,172
1,<environment.Job instance at 0x14a75e30fd70>,28,18,[ 2 14],29,189,207,160,180
1,<environment.Job instance at 0x14a75eb4c230>,8,20,[12  2],9,207,227,198,199
1,<environment.Job instance at 0x14a75e30f730>,24,16,[12  2],25,227,243,202,221
1,<environment.Job instance at 0x14a758c2edc0>,0,18,[12  1],1,243,261,242,234
1,<environment.Job instance at 0x14a75e30fc30>,27,3,[ 1 13],28,282,285,254,282
1,<environment.Job instance at 0x14a758d2c780>,1,25,[1 8],2,2,27,0,2
1,<environment.Job instance at 0x14a75f34f820>,4,23,[ 1 12],5,27,50,22,23
1,<environment.Job instance at 0x14a758155410>,7,24,[1 6],8,50,74,42,46
1,<environment.Job instance at 0x14a75a847eb0>,8,20,[8 1],9,47,67,38,47
1,<environment.Job instance at 0x14a75b0ffeb0>,0,14,[14  2],1,67,81,66,52
1,<environment.Job instance at 0x14a7596201e0>,11,27,[11  1],12,81,108,69,79
1,<environment.Job instance at 0x14a75b569910>,2,3,[14  1],3,108,111,105,93
1,<environment.Job instance at 0x14a75b2ef410>,14,18,[ 1 14],15,101,119,86,101
1,<environment.Job instance at 0x14a75b2efd20>,15,27,[13  1],16,112,139,96,112
1,<environment.Job instance at 0x14a75d4d9410>,17,26,[12  2],18,139,165,121,136
1,<environment.Job instance at 0x14a758bad550>,20,24,[2 7],21,153,177,132,153
1,<environment.Job instance at 0x14a758bad410>,18,25,[12  2],19,165,190,146,162
1,<environment.Job instance at 0x14a7599e1640>,21,19,[ 1 12],22,177,196,155,175
1,<environment.Job instance at 0x14a7599e1d70>,24,24,[2 8],25,196,220,171,191
1,<environment.Job instance at 0x14a75a1ac640>,25,27,[9 1],26,191,218,165,191
1,<environment.Job instance at 0x14a75a1ac6e0>,27,1,[8 1],28,218,219,190,203
1,<environment.Job instance at 0x14a756f88f00>,16,1,[13  1],17,220,221,203,220
1,<environment.Job instance at 0x14a75d011aa0>,3,3,[ 2 13],4,220,223,216,220
1,<environment.Job instance at 0x14a7599e1e60>,23,13,[14  2],24,223,236,199,222
1,<environment.Job instance at 0x14a75a1ac1e0>,28,15,[ 1 14],29,236,251,207,235
1,<environment.Job instance at 0x14a757d7f960>,6,1,[ 1 12],7,256,257,249,256
1,<environment.Job instance at 0x14a75a1ac910>,3,19,[ 1 11],4,4,23,0,4
1,<environment.Job instance at 0x14a75dd2bd70>,5,24,[9 1],6,8,32,2,8
1,<environment.Job instance at 0x14a75810d4b0>,0,15,[ 2 12],1,23,38,22,11
1,<environment.Job instance at 0x14a75e11ceb0>,11,26,[7 1],12,32,58,20,30
1,<environment.Job instance at 0x14a75b569460>,12,28,[2 6],13,38,66,25,37
1,<environment.Job instance at 0x14a75b5696e0>,13,28,[1 7],14,38,66,24,37
1,<environment.Job instance at 0x14a756f75500>,16,25,[12  1],17,58,83,41,54
1,<environment.Job instance at 0x14a75d667c30>,17,26,[13  1],18,83,109,65,80
1,<environment.Job instance at 0x14a758bad320>,2,18,[ 2 14],3,82,100,79,82
1,<environment.Job instance at 0x14a75d6676e0>,19,16,[ 1 11],20,100,116,80,95
1,<environment.Job instance at 0x14a75d667910>,18,13,[14  1],19,109,122,90,109
1,<environment.Job instance at 0x14a75b5690f0>,10,17,[11  1],11,122,139,111,111
1,<environment.Job instance at 0x14a75d667460>,24,20,[12  1],25,139,159,114,135
1,<environment.Job instance at 0x14a75d667cd0>,23,28,[6 2],24,159,187,135,158
1,<environment.Job instance at 0x14a75d667730>,26,24,[6 2],27,160,184,133,160
1,<environment.Job instance at 0x14a75d667500>,27,26,[1 5],28,161,187,133,161
1,<environment.Job instance at 0x14a75d667140>,25,21,[13  1],26,187,208,161,182
1,<environment.Job instance at 0x14a75d667dc0>,22,3,[11  1],23,208,211,185,198
1,<environment.Job instance at 0x14a75d667e10>,20,22,[14  2],21,211,233,190,204
1,<environment.Job instance at 0x14a75d667410>,21,3,[12  2],22,242,245,220,242
1,<environment.Job instance at 0x14a75cd7c5f0>,0,24,[ 1 10],1,3,27,2,3
1,<environment.Job instance at 0x14a75cd7c7d0>,4,24,[6 1],5,5,29,0,5
1,<environment.Job instance at 0x14a75cd7ce10>,1,2,[2 5],2,27,29,25,5
1,<environment.Job instance at 0x14a75d50d820>,6,19,[ 1 13],7,29,48,22,20
1,<environment.Job instance at 0x14a75c1b5280>,15,24,[ 2 13],16,48,72,32,43
1,<environment.Job instance at 0x14a75c1b50f0>,16,19,[ 1 12],17,72,91,55,64
1,<environment.Job instance at 0x14a75c1b5500>,19,21,[14  2],20,72,93,52,64
1,<environment.Job instance at 0x14a75c1b5fa0>,20,3,[7 1],21,93,96,72,75
1,<environment.Job instance at 0x14a75c1b5f00>,21,22,[14  2],22,96,118,74,89
1,<environment.Job instance at 0x14a7570a30f0>,22,25,[ 2 12],23,118,143,95,115
1,<environment.Job instance at 0x14a7570a3140>,24,20,[ 2 13],25,143,163,118,136
1,<environment.Job instance at 0x14a7570a3050>,25,1,[11  1],26,136,137,110,136
1,<environment.Job instance at 0x14a7570a34b0>,27,25,[14  2],28,163,188,135,159
1,<environment.Job instance at 0x14a7570a3410>,28,20,[1 9],29,165,185,136,165
1,<environment.Job instance at 0x14a75cd7ca00>,2,18,[ 1 12],3,185,203,182,185
1,<environment.Job instance at 0x14a75c1b5410>,14,3,[14  2],15,200,203,185,200
1,<environment.Job instance at 0x14a75c1b52d0>,10,3,[ 1 14],11,215,218,204,215
1,<environment.Job instance at 0x14a75c1b5d20>,17,3,[ 1 13],18,262,265,244,262
1,<environment.Job instance at 0x14a75c99f2d0>,5,23,[11  2],6,6,29,0,6
1,<environment.Job instance at 0x14a75c5807d0>,6,27,[10  2],7,29,56,22,27
1,<environment.Job instance at 0x14a75c57b960>,12,23,[ 1 14],13,56,79,43,50
1,<environment.Job instance at 0x14a7578be190>,17,26,[12  2],18,79,105,61,77
1,<environment.Job instance at 0x14a7578be640>,20,23,[2 6],21,96,119,75,96
1,<environment.Job instance at 0x14a7578be8c0>,19,25,[11  2],20,105,130,85,101
1,<environment.Job instance at 0x14a7578be050>,21,2,[ 2 13],22,119,121,97,110
1,<environment.Job instance at 0x14a7578be7d0>,23,27,[9 1],24,130,157,106,128
1,<environment.Job instance at 0x14a7578bedc0>,24,22,[9 1],25,157,179,132,152
1,<environment.Job instance at 0x14a7578be370>,25,20,[ 1 14],26,152,172,126,152
1,<environment.Job instance at 0x14a75c580a50>,8,1,[ 1 13],9,172,173,163,153
1,<environment.Job instance at 0x14a7578beb40>,22,12,[13  2],23,179,191,156,171
1,<environment.Job instance at 0x14a75c57bb40>,11,18,[ 2 13],12,177,195,165,177
1,<environment.Job instance at 0x14a75c57b910>,13,3,[ 1 14],14,195,198,181,187
1,<environment.Job instance at 0x14a7578be460>,26,1,[12  2],27,191,192,164,190
1,<environment.Job instance at 0x14a75c5800f0>,1,22,[14  1],2,2,24,0,2
1,<environment.Job instance at 0x14a75c57b1e0>,0,3,[ 1 11],1,8,11,7,8
1,<environment.Job instance at 0x14a757094550>,7,19,[11  1],8,24,43,16,18
1,<environment.Job instance at 0x14a75957e3c0>,8,28,[10  1],9,43,71,34,42
1,<environment.Job instance at 0x14a757094780>,10,20,[ 2 14],11,44,64,33,44
1,<environment.Job instance at 0x14a757094b90>,6,14,[14  2],7,92,106,85,92
1,<environment.Job instance at 0x14a75957e5f0>,11,12,[ 2 11],12,106,118,94,99
1,<environment.Job instance at 0x14a75957e910>,13,3,[ 1 11],14,118,121,104,114
1,<environment.Job instance at 0x14a75957e640>,14,1,[14  2],15,120,121,105,120
1,<environment.Job instance at 0x14a75957e500>,16,14,[9 1],17,129,143,112,129
1,<environment.Job instance at 0x14a75a5c7cd0>,18,3,[ 2 10],19,135,138,116,135
1,<environment.Job instance at 0x14a75a5c7280>,19,19,[14  1],20,143,162,123,139
1,<environment.Job instance at 0x14a75a5c7230>,20,2,[1 5],21,147,149,126,147
1,<environment.Job instance at 0x14a75c5800a0>,3,13,[ 2 13],4,162,175,158,155
1,<environment.Job instance at 0x14a758ce9b90>,26,21,[ 1 12],27,175,196,148,174
1,<environment.Job instance at 0x14a75957e2d0>,9,14,[12  2],10,206,220,196,206
1,<environment.Job instance at 0x14a758ce9e60>,27,18,[ 1 12],28,213,231,185,213
1,<environment.Job instance at 0x14a75957ed20>,12,16,[ 2 12],13,231,247,218,225
1,<environment.Job instance at 0x14a7578c40f0>,4,2,[11  2],5,254,256,249,254
1,<environment.Job instance at 0x14a758ce91e0>,28,12,[ 1 14],29,286,298,257,286
1,<environment.Job instance at 0x14a75ad86d70>,0,27,[ 2 14],1,1,28,0,1
1,<environment.Job instance at 0x14a75c1b5e60>,2,24,[2 9],3,28,52,25,23
1,<environment.Job instance at 0x14a75957e050>,8,25,[13  2],9,28,53,19,24
1,<environment.Job instance at 0x14a75a891cd0>,12,22,[ 2 14],13,53,75,40,47
1,<environment.Job instance at 0x14a75a891500>,13,3,[13  1],14,88,91,74,88
1,<environment.Job instance at 0x14a75a891410>,14,12,[10  1],15,91,103,76,89
1,<environment.Job instance at 0x14a75a891eb0>,15,22,[ 2 12],16,90,112,74,90
1,<environment.Job instance at 0x14a75e9725a0>,17,16,[13  1],18,103,119,85,101
1,<environment.Job instance at 0x14a75e972460>,18,18,[6 2],19,119,137,100,109
1,<environment.Job instance at 0x14a75e972aa0>,19,24,[10  2],20,137,161,117,133
1,<environment.Job instance at 0x14a75e972050>,20,2,[ 2 10],21,133,135,112,133
1,<environment.Job instance at 0x14a7570940a0>,7,2,[ 1 12],8,143,145,135,143
1,<environment.Job instance at 0x14a75e972be0>,23,28,[2 5],24,145,173,121,144
1,<environment.Job instance at 0x14a75e972730>,21,1,[14  2],22,173,174,151,161
1,<environment.Job instance at 0x14a75e972820>,25,25,[2 7],26,174,199,148,171
1,<environment.Job instance at 0x14a7578c4780>,1,2,[12  2],2,174,176,172,174
1,<environment.Job instance at 0x14a75e972280>,26,3,[ 1 13],27,199,202,172,196
1,<environment.Job instance at 0x14a758ce9190>,6,16,[ 2 11],7,214,230,207,214
1,<environment.Job instance at 0x14a7570a3190>,3,3,[ 1 14],4,235,238,231,235
1,<environment.Job instance at 0x14a75e972f00>,24,3,[ 2 13],25,250,253,225,250
1,<environment.Job instance at 0x14a75c5788c0>,0,21,[1 5],1,1,22,0,1
1,<environment.Job instance at 0x14a75c57b6e0>,2,20,[13  2],3,4,24,1,4
1,<environment.Job instance at 0x14a75e244050>,8,26,[12  2],9,24,50,15,21
1,<environment.Job instance at 0x14a75e244e10>,9,25,[ 2 12],10,22,47,12,22
1,<environment.Job instance at 0x14a75e244370>,10,27,[12  2],11,50,77,39,48
1,<environment.Job instance at 0x14a75e244f00>,11,18,[ 2 11],12,53,71,41,53
1,<environment.Job instance at 0x14a75e2443c0>,13,23,[ 1 12],14,71,94,57,68
1,<environment.Job instance at 0x14a757e38370>,3,15,[12  1],4,77,92,73,70
1,<environment.Job instance at 0x14a75e244be0>,14,14,[12  1],15,92,106,77,84
1,<environment.Job instance at 0x14a75e9728c0>,1,15,[ 1 11],2,94,109,92,91
1,<environment.Job instance at 0x14a75e244140>,12,19,[11  2],13,106,125,93,98
1,<environment.Job instance at 0x14a7521b4050>,20,23,[ 2 13],21,109,132,88,104
1,<environment.Job instance at 0x14a75e2448c0>,16,23,[ 1 14],17,132,155,115,127
1,<environment.Job instance at 0x14a7521b4a00>,21,2,[ 1 13],22,155,157,133,130
1,<environment.Job instance at 0x14a75e0355a0>,18,3,[ 1 12],19,157,160,138,143
1,<environment.Job instance at 0x14a7521b4370>,23,25,[ 1 12],24,160,185,136,157
1,<environment.Job instance at 0x14a7521b4460>,24,27,[ 1 12],25,185,212,160,183
1,<environment.Job instance at 0x14a7521b4e10>,26,22,[12  2],27,185,207,158,185
1,<environment.Job instance at 0x14a7521b4910>,25,2,[14  1],26,207,209,181,206
1,<environment.Job instance at 0x14a7521b45a0>,22,16,[11  2],23,216,232,193,216
1,<environment.Job instance at 0x14a7521b40f0>,27,20,[ 1 12],28,217,237,189,217
1,<environment.Job instance at 0x14a75e2447d0>,15,17,[ 1 11],16,237,254,221,233
1,<environment.Job instance at 0x14a75e244780>,7,12,[ 1 13],8,291,303,283,291
1,<environment.Job instance at 0x14a758ce9730>,0,19,[12  2],1,1,20,0,1
1,<environment.Job instance at 0x14a75e9723c0>,6,28,[ 1 11],7,7,35,0,7
1,<environment.Job instance at 0x14a757094af0>,8,24,[14  2],9,20,44,11,18
1,<environment.Job instance at 0x14a7597b5690>,14,26,[2 9],15,44,70,29,41
1,<environment.Job instance at 0x14a759568b40>,17,21,[12  1],18,44,65,26,42
1,<environment.Job instance at 0x14a759568aa0>,16,1,[12  2],17,65,66,48,64
1,<environment.Job instance at 0x14a759568320>,20,26,[ 2 12],21,70,96,49,68
1,<environment.Job instance at 0x14a759568d20>,21,20,[ 1 14],22,96,116,74,92
1,<environment.Job instance at 0x14a7597b5eb0>,9,3,[13  2],10,116,119,106,113
1,<environment.Job instance at 0x14a758974050>,26,23,[9 2],27,119,142,92,116
1,<environment.Job instance at 0x14a759568280>,22,16,[12  2],23,142,158,119,138
1,<environment.Job instance at 0x14a758974d20>,27,2,[12  1],28,158,160,130,153
1,<environment.Job instance at 0x14a758974910>,28,27,[ 1 14],29,158,185,129,157
1,<environment.Job instance at 0x14a7597b58c0>,11,1,[ 1 11],12,188,189,176,188
1,<environment.Job instance at 0x14a759568a50>,23,14,[ 1 12],24,197,211,173,197
1,<environment.Job instance at 0x14a758974280>,24,15,[ 1 13],25,246,261,221,246
1,<environment.Job instance at 0x14a758bfc140>,1,1,[11  1],2,2,3,0,2
1,<environment.Job instance at 0x14a75ee8eaf0>,2,3,[11  2],3,10,13,7,10
1,<environment.Job instance at 0x14a757dfb550>,7,28,[ 1 11],8,10,38,2,10
1,<environment.Job instance at 0x14a75d96f4b0>,8,25,[ 1 12],9,38,63,29,34
1,<environment.Job instance at 0x14a757dfb1e0>,4,15,[11  2],5,36,51,31,36
1,<environment.Job instance at 0x14a75d96f5f0>,11,26,[ 1 14],12,63,89,51,60
1,<environment.Job instance at 0x14a75d96ff50>,12,26,[ 2 12],13,89,115,76,86
1,<environment.Job instance at 0x14a75d96f7d0>,13,2,[ 2 11],14,115,117,101,88
1,<environment.Job instance at 0x14a75d96f410>,14,25,[10  1],15,88,113,73,88
1,<environment.Job instance at 0x14a75d96f050>,16,26,[13  1],17,113,139,96,110
1,<environment.Job instance at 0x14a757588230>,19,20,[1 9],20,117,137,97,115
1,<environment.Job instance at 0x14a757588e10>,22,24,[ 1 13],23,137,161,114,132
1,<environment.Job instance at 0x14a757588370>,25,21,[11  1],26,140,161,114,140
1,<environment.Job instance at 0x14a7575880f0>,26,19,[ 2 12],27,161,180,134,155
1,<environment.Job instance at 0x14a757dfb4b0>,6,3,[13  2],7,165,168,158,165
1,<environment.Job instance at 0x14a7575884b0>,24,24,[ 1 13],25,180,204,155,175
1,<environment.Job instance at 0x14a75d96f910>,10,12,[ 2 14],11,204,216,193,189
1,<environment.Job instance at 0x14a757588eb0>,27,1,[12  2],28,192,193,164,192
1,<environment.Job instance at 0x14a7572e81e0>,28,1,[ 2 14],29,216,217,187,195
1,<environment.Job instance at 0x14a757dfb280>,5,3,[12  1],6,294,297,288,294
1,<environment.Job instance at 0x14a75db900a0>,0,22,[11  2],1,1,23,0,1
1,<environment.Job instance at 0x14a75e405d70>,4,27,[2 7],5,6,33,1,6
1,<environment.Job instance at 0x14a758bfc5f0>,2,21,[13  2],3,23,44,20,23
1,<environment.Job instance at 0x14a75b2fb230>,11,28,[ 2 13],12,33,61,21,32
1,<environment.Job instance at 0x14a757cc5fa0>,10,28,[7 1],11,44,72,33,43
1,<environment.Job instance at 0x14a75ead0b40>,16,24,[ 2 10],17,66,90,49,66
1,<environment.Job instance at 0x14a75c127190>,20,24,[11  2],21,72,96,51,69
1,<environment.Job instance at 0x14a759e8d690>,19,18,[ 1 10],20,90,108,70,79
1,<environment.Job instance at 0x14a7577b1190>,26,22,[ 2 11],27,108,130,81,102
1,<environment.Job instance at 0x14a7577b1050>,27,20,[7 2],28,110,130,82,110
1,<environment.Job instance at 0x14a75e405730>,3,3,[ 2 13],4,130,133,126,111
1,<environment.Job instance at 0x14a759e8da50>,23,28,[ 1 14],24,135,163,111,135
1,<environment.Job instance at 0x14a757cc5910>,9,12,[ 2 14],10,174,186,164,174
1,<environment.Job instance at 0x14a7577f4d20>,28,12,[ 2 12],29,186,198,157,186
1,<environment.Job instance at 0x14a759fb53c0>,0,24,[1 5],1,1,25,0,1
1,<environment.Job instance at 0x14a75b047aa0>,2,19,[13  2],3,3,22,0,3
1,<environment.Job instance at 0x14a75f9fab40>,3,25,[11  1],4,22,47,18,19
1,<environment.Job instance at 0x14a758bfc960>,10,28,[ 2 13],11,25,53,14,24
1,<environment.Job instance at 0x14a7572e8b90>,13,25,[13  2],14,47,72,33,43
1,<environment.Job instance at 0x14a757cc5730>,14,22,[ 1 13],15,53,75,38,50
1,<environment.Job instance at 0x14a75b51d820>,18,26,[6 2],19,72,98,53,69
1,<environment.Job instance at 0x14a75b51daa0>,20,21,[6 2],21,75,96,54,71
1,<environment.Job instance at 0x14a75b51db40>,16,16,[7 2],17,96,112,79,85
1,<environment.Job instance at 0x14a75b51d1e0>,23,2,[8 1],24,98,100,74,90
1,<environment.Job instance at 0x14a758bfc500>,11,3,[11  2],12,112,115,100,92
1,<environment.Job instance at 0x14a75b51d0a0>,24,24,[ 1 11],25,100,124,75,98
1,<environment.Job instance at 0x14a75ef55230>,27,2,[12  2],28,115,117,87,115
1,<environment.Job instance at 0x14a75ef555f0>,28,20,[ 1 13],29,124,144,95,118
1,<environment.Job instance at 0x14a75b51da50>,26,1,[ 1 11],27,144,145,117,126
1,<environment.Job instance at 0x14a75b51d190>,22,1,[ 2 13],23,145,146,122,129
1,<environment.Job instance at 0x14a75e405e60>,4,12,[ 2 13],5,146,158,141,141
1,<environment.Job instance at 0x14a7572e8960>,1,28,[9 1],2,2,30,0,2
1,<environment.Job instance at 0x14a75b51dc30>,3,23,[13  2],4,30,53,26,24
1,<environment.Job instance at 0x14a75ef559b0>,8,21,[2 6],9,24,45,15,24
1,<environment.Job instance at 0x14a75ef55820>,10,14,[11  2],11,53,67,42,43
1,<environment.Job instance at 0x14a75ef55910>,12,20,[13  2],13,67,87,54,58
1,<environment.Job instance at 0x14a75ef55c80>,15,1,[2 7],16,64,65,48,64
1,<environment.Job instance at 0x14a75aec7640>,18,24,[12  1],19,87,111,68,82
1,<environment.Job instance at 0x14a7581aa550>,21,27,[ 1 13],22,87,114,65,87
1,<environment.Job instance at 0x14a7581aa9b0>,22,20,[14  1],23,111,131,88,106
1,<environment.Job instance at 0x14a75806d460>,7,3,[ 2 13],8,131,134,123,117
1,<environment.Job instance at 0x14a75a162140>,23,22,[12  1],24,131,153,107,128
1,<environment.Job instance at 0x14a7581aa190>,26,28,[1 7],27,134,162,107,133
1,<environment.Job instance at 0x14a7581aad70>,24,1,[ 1 12],25,162,163,137,137
1,<environment.Job instance at 0x14a75aec7370>,16,2,[11  2],17,159,161,142,159
1,<environment.Job instance at 0x14a75e405320>,6,3,[ 2 12],7,169,172,162,169
1,<environment.Job instance at 0x14a75db90910>,4,3,[ 1 13],5,181,184,176,181
1,<environment.Job instance at 0x14a758974690>,28,1,[12  1],29,195,196,166,195
1,<environment.Job instance at 0x14a75b2fb2d0>,0,21,[ 2 12],1,2,23,1,2
1,<environment.Job instance at 0x14a757cc5050>,4,3,[ 2 11],5,23,26,18,13
1,<environment.Job instance at 0x14a75b51dcd0>,9,26,[5 1],10,16,42,6,16
1,<environment.Job instance at 0x14a75879a780>,3,21,[ 2 13],4,26,47,22,20
1,<environment.Job instance at 0x14a75b51d460>,12,23,[8 2],13,42,65,29,40
1,<environment.Job instance at 0x14a75a68fc30>,13,22,[ 1 13],14,47,69,33,43
1,<environment.Job instance at 0x14a75ecf2230>,14,23,[11  1],15,65,88,50,60
1,<environment.Job instance at 0x14a7581f4320>,16,25,[ 2 14],17,69,94,52,65
1,<environment.Job instance at 0x14a75806d1e0>,1,1,[12  1],2,88,89,86,67
1,<environment.Job instance at 0x14a75aec7500>,6,3,[11  2],7,94,97,87,70
1,<environment.Job instance at 0x14a75ef55a00>,17,12,[13  1],18,97,109,79,93
1,<environment.Job instance at 0x14a756de52d0>,25,27,[2 7],26,94,121,68,94
1,<environment.Job instance at 0x14a756de53c0>,26,25,[10  2],27,109,134,82,106
1,<environment.Job instance at 0x14a756de5dc0>,27,1,[14  1],28,144,145,116,144
1,<environment.Job instance at 0x14a75e405190>,8,3,[11  1],9,153,156,144,153
1,<environment.Job instance at 0x14a75a6a5910>,1,3,[7 1],2,3,6,1,3
1,<environment.Job instance at 0x14a75a6a5eb0>,2,21,[10  2],3,6,27,3,3
1,<environment.Job instance at 0x14a75a6a58c0>,0,2,[12  2],1,27,29,26,18
1,<environment.Job instance at 0x14a75acdff50>,5,24,[12  1],6,29,53,23,24
1,<environment.Job instance at 0x14a75acdfbe0>,4,2,[2 6],5,25,27,20,25
1,<environment.Job instance at 0x14a75e963b90>,10,27,[2 9],11,42,69,31,42
1,<environment.Job instance at 0x14a75e963780>,14,20,[1 6],15,53,73,38,46
1,<environment.Job instance at 0x14a75acdfeb0>,7,25,[11  1],8,69,94,61,65
1,<environment.Job instance at 0x14a75e963aa0>,15,21,[ 2 14],16,73,94,57,65
1,<environment.Job instance at 0x14a75eeeb140>,18,22,[2 8],19,94,116,75,90
1,<environment.Job instance at 0x14a7572669b0>,20,28,[1 6],21,94,122,73,93
1,<environment.Job instance at 0x14a757266320>,21,27,[12  1],22,96,123,74,96
1,<environment.Job instance at 0x14a75bccf870>,24,18,[13  2],25,123,141,98,112
1,<environment.Job instance at 0x14a759386e60>,25,19,[ 1 11],26,135,154,109,135
1,<environment.Job instance at 0x14a75e9632d0>,12,18,[14  2],13,144,162,131,144
1,<environment.Job instance at 0x14a759386320>,27,17,[11  2],28,162,179,134,152
1,<environment.Job instance at 0x14a75acdfcd0>,3,15,[13  1],4,209,224,205,209
1,<environment.Job instance at 0x14a757266550>,16,1,[ 1 13],17,256,257,239,256
1,<environment.Job instance at 0x14a7580f6d70>,1,20,[14  2],2,2,22,0,2
1,<environment.Job instance at 0x14a7592f2c30>,0,18,[12  1],1,22,40,21,11
1,<environment.Job instance at 0x14a75c4cab40>,8,20,[12  2],9,40,60,31,34
1,<environment.Job instance at 0x14a75acdf050>,4,23,[11  2],5,60,83,55,54
1,<environment.Job instance at 0x14a75c4ca550>,12,17,[1 9],13,57,74,44,57
1,<environment.Job instance at 0x14a75c4ca640>,9,2,[ 1 11],10,74,76,64,68
1,<environment.Job instance at 0x14a7574c5460>,15,21,[11  2],16,83,104,67,75
1,<environment.Job instance at 0x14a7574c54b0>,16,28,[2 5],17,79,107,62,79
1,<environment.Job instance at 0x14a756f6d230>,11,22,[11  1],12,104,126,92,101
1,<environment.Job instance at 0x14a7574c50a0>,18,28,[12  2],19,126,154,107,126
1,<environment.Job instance at 0x14a757d3f5f0>,26,21,[ 2 12],27,133,154,106,133
1,<environment.Job instance at 0x14a7584e0f00>,24,16,[12  2],25,154,170,129,151
1,<environment.Job instance at 0x14a757d3f140>,28,18,[ 2 14],29,170,188,141,163
1,<environment.Job instance at 0x14a7584e0460>,20,17,[ 1 11],21,188,205,167,179
1,<environment.Job instance at 0x14a759b39e10>,2,15,[ 1 13],3,205,220,202,193
1,<environment.Job instance at 0x14a757d3f4b0>,27,3,[ 1 13],28,221,224,193,221
1,<environment.Job instance at 0x14a7574c5dc0>,14,14,[11  2],15,282,296,267,282
1,<environment.Job instance at 0x14a7570db6e0>,1,25,[1 8],2,2,27,0,2
1,<environment.Job instance at 0x14a756f6d870>,5,22,[10  1],6,9,31,3,9
1,<environment.Job instance at 0x14a757f0d8c0>,4,23,[ 1 12],5,27,50,22,23
1,<environment.Job instance at 0x14a7573c0050>,2,3,[14  1],3,37,40,34,37
1,<environment.Job instance at 0x14a759386280>,9,26,[7 2],10,44,70,34,44
1,<environment.Job instance at 0x14a759386230>,11,27,[11  1],12,70,97,58,68
1,<environment.Job instance at 0x14a75a6a5730>,14,18,[ 1 14],15,71,89,56,71
1,<environment.Job instance at 0x14a75a6a5050>,13,25,[9 2],14,97,122,83,93
1,<environment.Job instance at 0x14a75a6a5140>,15,27,[13  1],16,122,149,106,120
1,<environment.Job instance at 0x14a75ccacdc0>,17,26,[12  2],18,149,175,131,146
1,<environment.Job instance at 0x14a759f60fa0>,18,25,[12  2],19,175,200,156,172
1,<environment.Job instance at 0x14a759f60140>,20,24,[2 7],21,178,202,157,178
1,<environment.Job instance at 0x14a75ccac910>,16,1,[13  1],17,209,210,192,209
1,<environment.Job instance at 0x14a759f60eb0>,21,19,[ 1 12],22,209,228,187,209
1,<environment.Job instance at 0x14a759f602d0>,24,24,[2 8],25,228,252,203,223
1,<environment.Job instance at 0x14a759f60e60>,25,27,[9 1],26,223,250,197,223
1,<environment.Job instance at 0x14a75f45fb90>,3,3,[ 2 13],4,253,256,249,253
1,<environment.Job instance at 0x14a75d23c230>,28,15,[ 1 14],29,259,274,230,259
1,<environment.Job instance at 0x14a75a689e60>,6,1,[ 1 12],7,274,275,267,268
1,<environment.Job instance at 0x14a7578be3c0>,0,14,[14  2],1,274,288,273,272
1,<environment.Job instance at 0x14a759f60550>,23,13,[14  2],24,288,301,264,272
1,<environment.Job instance at 0x14a75a0f2e60>,2,18,[ 2 14],3,4,22,1,4
1,<environment.Job instance at 0x14a75a689320>,5,24,[9 1],6,10,34,4,10
1,<environment.Job instance at 0x14a756f6dcd0>,3,19,[ 1 11],4,22,41,18,19
1,<environment.Job instance at 0x14a75a6ea8c0>,13,28,[1 7],14,41,69,27,40
1,<environment.Job instance at 0x14a757633c30>,16,25,[12  1],17,43,68,26,43
1,<environment.Job instance at 0x14a757633e10>,17,26,[13  1],18,68,94,50,65
1,<environment.Job instance at 0x14a75a6ea050>,10,17,[11  1],11,94,111,83,83
1,<environment.Job instance at 0x14a757633f50>,20,22,[14  2],21,111,133,90,104
1,<environment.Job instance at 0x14a7576338c0>,21,3,[12  2],22,134,137,112,134
1,<environment.Job instance at 0x14a757633780>,24,20,[12  1],25,137,157,112,134
1,<environment.Job instance at 0x14a757633fa0>,25,21,[13  1],26,157,178,131,149
1,<environment.Job instance at 0x14a7576332d0>,28,1,[2 6],29,168,169,139,168
1,<environment.Job instance at 0x14a75a6892d0>,0,15,[ 2 12],1,206,221,205,206
1,<environment.Job instance at 0x14a757633370>,22,3,[11  1],23,217,220,194,217
1,<environment.Job instance at 0x14a757633c80>,19,16,[ 1 11],20,224,240,204,224
1,<environment.Job instance at 0x14a757633640>,18,13,[14  1],19,232,245,213,232
1,<environment.Job instance at 0x14a75f9f4550>,0,24,[ 1 10],1,3,27,2,3
1,<environment.Job instance at 0x14a75f9f4730>,1,2,[2 5],2,4,6,2,4
1,<environment.Job instance at 0x14a75daef730>,4,24,[6 1],5,6,30,1,5
1,<environment.Job instance at 0x14a75daef5f0>,5,25,[7 1],6,6,31,0,6
1,<environment.Job instance at 0x14a75daef280>,12,22,[2 6],13,27,49,14,22
1,<environment.Job instance at 0x14a75daefdc0>,15,24,[ 2 13],16,49,73,33,44
1,<environment.Job instance at 0x14a75f9f4f50>,6,19,[ 1 13],7,73,92,66,65
1,<environment.Job instance at 0x14a75a6ddd70>,17,3,[ 1 13],18,92,95,74,74
1,<environment.Job instance at 0x14a75a6dd230>,19,21,[14  2],20,77,98,57,77
1,<environment.Job instance at 0x14a75a6dd5f0>,21,22,[14  2],22,98,120,76,91
1,<environment.Job instance at 0x14a75a6dd0a0>,16,19,[ 1 12],17,95,114,78,94
1,<environment.Job instance at 0x14a75a6dd960>,22,25,[ 2 12],23,120,145,97,116
1,<environment.Job instance at 0x14a75a6dd820>,24,20,[ 2 13],25,145,165,120,136
1,<environment.Job instance at 0x14a75a6dde60>,25,1,[11  1],26,146,147,120,146
1,<environment.Job instance at 0x14a75a6dd410>,27,25,[14  2],28,165,190,137,161
1,<environment.Job instance at 0x14a75a6dd780>,28,20,[1 9],29,165,185,136,165
1,<environment.Job instance at 0x14a75af398c0>,2,18,[ 1 12],3,185,203,182,184
1,<environment.Job instance at 0x14a75daefd20>,14,3,[14  2],15,199,202,184,199
1,<environment.Job instance at 0x14a75daef0f0>,10,3,[ 1 14],11,225,228,214,225
1,<environment.Job instance at 0x14a75daef820>,2,2,[2 9],3,4,6,1,4
1,<environment.Job instance at 0x14a757d1e230>,5,23,[11  2],6,6,29,0,6
1,<environment.Job instance at 0x14a758459460>,4,20,[5 1],5,29,49,24,20
1,<environment.Job instance at 0x14a757d1e5f0>,7,22,[2 5],8,23,45,15,23
1,<environment.Job instance at 0x14a759275690>,10,19,[1 7],11,31,50,20,31
1,<environment.Job instance at 0x14a759275f00>,12,23,[ 1 14],13,50,73,37,44
1,<environment.Job instance at 0x14a75e5b0820>,17,26,[12  2],18,73,99,55,70
1,<environment.Job instance at 0x14a75afe5e10>,19,25,[11  2],20,99,124,79,95
1,<environment.Job instance at 0x14a75e5b03c0>,18,1,[6 2],19,124,125,105,96
1,<environment.Job instance at 0x14a75afe53c0>,21,2,[ 2 13],22,96,98,74,96
1,<environment.Job instance at 0x14a75afe5410>,20,23,[2 6],21,98,121,77,96
1,<environment.Job instance at 0x14a75afe5a00>,23,27,[9 1],24,124,151,100,122
1,<environment.Job instance at 0x14a75afe5b40>,25,20,[ 1 14],26,132,152,106,132
1,<environment.Job instance at 0x14a752285690>,26,1,[12  2],27,152,153,125,132
1,<environment.Job instance at 0x14a7592754b0>,8,1,[ 1 13],9,152,153,143,150
1,<environment.Job instance at 0x14a759275280>,11,18,[ 2 13],12,155,173,143,155
1,<environment.Job instance at 0x14a7592755a0>,13,3,[ 1 14],14,175,178,161,175
1,<environment.Job instance at 0x14a75d43d0a0>,22,12,[13  2],23,237,249,214,237
1,<environment.Job instance at 0x14a75e5b0eb0>,1,22,[14  1],2,2,24,0,2
1,<environment.Job instance at 0x14a752285730>,4,2,[11  2],5,24,26,19,6
1,<environment.Job instance at 0x14a752285c30>,8,28,[10  1],9,26,54,17,25
1,<environment.Job instance at 0x14a752285d70>,9,14,[12  2],10,54,68,44,45
1,<environment.Job instance at 0x14a758ff83c0>,10,20,[ 2 14],11,68,88,57,61
1,<environment.Job instance at 0x14a752285be0>,6,14,[14  2],7,92,106,85,92
1,<environment.Job instance at 0x14a75d43d0a0>,3,13,[ 2 13],4,106,119,102,99
1,<environment.Job instance at 0x14a758ff84b0>,13,3,[ 1 11],14,119,122,105,114
1,<environment.Job instance at 0x14a758ff80f0>,11,12,[ 2 11],12,122,134,110,119
1,<environment.Job instance at 0x14a75246deb0>,17,19,[8 1],18,128,147,110,128
1,<environment.Job instance at 0x14a75239fc80>,19,19,[14  1],20,147,166,127,139
1,<environment.Job instance at 0x14a758ff8d20>,14,1,[14  2],15,166,167,151,147
1,<environment.Job instance at 0x14a75b05a0f0>,26,21,[ 1 12],27,159,180,132,159
1,<environment.Job instance at 0x14a752285af0>,7,19,[11  1],8,178,197,170,178
1,<environment.Job instance at 0x14a75b85be60>,27,18,[ 1 12],28,213,231,185,213
1,<environment.Job instance at 0x14a752285910>,0,3,[ 1 11],1,231,234,230,225
1,<environment.Job instance at 0x14a75b85bd20>,28,12,[ 1 14],29,236,248,207,236
1,<environment.Job instance at 0x14a758ff8aa0>,12,16,[ 2 12],13,301,317,288,301
1,<environment.Job instance at 0x14a752285a50>,0,27,[ 2 14],1,1,28,0,1
1,<environment.Job instance at 0x14a756eb22d0>,5,25,[7 2],6,28,53,22,24
1,<environment.Job instance at 0x14a752285f00>,1,2,[12  2],2,53,55,51,32
1,<environment.Job instance at 0x14a75e9bb5a0>,8,25,[13  2],9,55,80,46,51
1,<environment.Job instance at 0x14a75e9bb780>,9,27,[1 8],10,51,78,41,51
1,<environment.Job instance at 0x14a75e9bbb40>,12,22,[ 2 14],13,80,102,67,77
1,<environment.Job instance at 0x14a75e9bb820>,15,22,[ 2 12],16,102,124,86,95
1,<environment.Job instance at 0x14a75e9bb6e0>,7,2,[ 1 12],8,124,126,116,102
1,<environment.Job instance at 0x14a759918a50>,19,24,[10  2],20,102,126,82,102
1,<environment.Job instance at 0x14a75e9bb9b0>,17,16,[13  1],18,126,142,108,119
1,<environment.Job instance at 0x14a75bcc1d70>,23,28,[2 5],24,129,157,105,129
1,<environment.Job instance at 0x14a759918910>,21,1,[14  2],22,157,158,135,140
1,<environment.Job instance at 0x14a75bcc1910>,25,25,[2 7],26,158,183,132,154
1,<environment.Job instance at 0x14a75bcc1b90>,24,3,[ 2 13],25,183,186,158,159
1,<environment.Job instance at 0x14a75bcc1a50>,28,28,[7 2],29,162,190,133,162
1,<environment.Job instance at 0x14a75bcc1370>,26,3,[ 1 13],27,215,218,188,215
1,<environment.Job instance at 0x14a75e9bb8c0>,13,3,[13  1],14,221,224,207,221
1,<environment.Job instance at 0x14a758ff8460>,3,3,[ 1 14],4,235,238,231,235
1,<environment.Job instance at 0x14a7586014b0>,6,16,[ 2 11],7,348,364,341,348
1,<environment.Job instance at 0x14a758601820>,0,21,[1 5],1,1,22,0,1
1,<environment.Job instance at 0x14a75e4ec230>,2,20,[13  2],3,3,23,0,3
1,<environment.Job instance at 0x14a758ff8b40>,3,15,[12  1],4,23,38,19,11
1,<environment.Job instance at 0x14a75e9bb1e0>,9,25,[ 2 12],10,24,49,14,24
1,<environment.Job instance at 0x14a75bc987d0>,10,27,[12  2],11,38,65,27,36
1,<environment.Job instance at 0x14a75bcc1f00>,1,15,[ 1 11],2,49,64,47,36
1,<environment.Job instance at 0x14a75bc98b90>,12,19,[11  2],13,65,84,52,57
1,<environment.Job instance at 0x14a75bc98820>,13,23,[ 1 12],14,64,87,50,58
1,<environment.Job instance at 0x14a75bc98e60>,11,18,[ 2 11],12,87,105,75,77
1,<environment.Job instance at 0x14a75e9bbaa0>,8,26,[12  2],9,84,110,75,83
1,<environment.Job instance at 0x14a75bc98af0>,14,14,[12  1],15,110,124,95,97
1,<environment.Job instance at 0x14a75817a410>,16,23,[ 1 14],17,110,133,93,104
1,<environment.Job instance at 0x14a75817a910>,20,23,[ 2 13],21,133,156,112,127
1,<environment.Job instance at 0x14a75a37b0f0>,22,16,[11  2],23,133,149,110,128
1,<environment.Job instance at 0x14a75a37b3c0>,23,25,[ 1 12],24,156,181,132,152
1,<environment.Job instance at 0x14a75a37b4b0>,24,27,[ 1 12],25,181,208,156,179
1,<environment.Job instance at 0x14a75a37be10>,25,2,[14  1],26,186,188,160,186
1,<environment.Job instance at 0x14a75a37b690>,26,22,[12  2],27,188,210,161,186
1,<environment.Job instance at 0x14a75bc98c30>,15,17,[ 1 11],16,208,225,192,202
1,<environment.Job instance at 0x14a75a37b410>,27,20,[ 1 12],28,225,245,197,216
1,<environment.Job instance at 0x14a75a37b2d0>,21,2,[ 1 13],22,245,247,223,241
1,<environment.Job instance at 0x14a75817a5a0>,18,3,[ 1 12],19,247,250,228,243
1,<environment.Job instance at 0x14a752285960>,7,12,[ 1 13],8,466,478,458,466
1,<environment.Job instance at 0x14a75b85b140>,0,19,[12  2],1,1,20,0,1
1,<environment.Job instance at 0x14a75bec6690>,8,24,[14  2],9,20,44,11,19
1,<environment.Job instance at 0x14a758601230>,6,28,[ 1 11],7,27,55,20,27
1,<environment.Job instance at 0x14a75a37b960>,4,28,[7 1],5,47,75,42,47
1,<environment.Job instance at 0x14a7522f3be0>,17,21,[12  1],18,75,96,57,70
1,<environment.Job instance at 0x14a75238b500>,19,20,[2 8],20,73,93,53,73
1,<environment.Job instance at 0x14a75238beb0>,20,26,[ 2 12],21,93,119,72,90
1,<environment.Job instance at 0x14a7522f3e10>,18,24,[10  2],19,96,120,77,91
1,<environment.Job instance at 0x14a7522f32d0>,21,20,[ 1 14],22,120,140,98,115
1,<environment.Job instance at 0x14a75bec69b0>,9,3,[13  2],10,140,143,130,139
1,<environment.Job instance at 0x14a75bec6190>,11,1,[ 1 11],12,140,141,128,139
1,<environment.Job instance at 0x14a7587dbaa0>,24,15,[ 1 13],25,141,156,116,140
1,<environment.Job instance at 0x14a7587db0a0>,26,23,[9 2],27,143,166,116,141
1,<environment.Job instance at 0x14a75e8bd0f0>,28,27,[ 1 14],29,166,193,137,164
1,<environment.Job instance at 0x14a7587dbcd0>,27,2,[12  1],28,177,179,149,177
1,<environment.Job instance at 0x14a7587dbf50>,22,16,[12  2],23,193,209,170,188
1,<environment.Job instance at 0x14a759c19af0>,16,1,[12  2],17,209,210,192,205
1,<environment.Job instance at 0x14a7587dbb40>,23,14,[ 1 12],24,205,219,181,205
1,<environment.Job instance at 0x14a759c19be0>,1,1,[11  1],2,2,3,0,2
1,<environment.Job instance at 0x14a75e4cf8c0>,2,3,[11  2],3,10,13,7,10
1,<environment.Job instance at 0x14a7586019b0>,7,28,[ 1 11],8,10,38,2,10
1,<environment.Job instance at 0x14a759acfd20>,8,25,[ 1 12],9,38,63,29,34
1,<environment.Job instance at 0x14a75e8bd4b0>,4,15,[11  2],5,38,53,33,38
1,<environment.Job instance at 0x14a759acfb40>,11,26,[ 1 14],12,63,89,51,60
1,<environment.Job instance at 0x14a759acf730>,12,26,[ 2 12],13,89,115,76,86
1,<environment.Job instance at 0x14a759acf280>,14,25,[10  1],15,86,111,71,86
1,<environment.Job instance at 0x14a759acf690>,16,26,[13  1],17,111,137,94,109
1,<environment.Job instance at 0x14a75223e9b0>,18,19,[1 5],19,117,136,98,117
1,<environment.Job instance at 0x14a75223ec80>,19,20,[1 9],20,122,142,102,122
1,<environment.Job instance at 0x14a75223edc0>,21,24,[2 5],22,137,161,115,132
1,<environment.Job instance at 0x14a759acf820>,13,2,[ 2 11],14,161,163,147,139
1,<environment.Job instance at 0x14a75223ea00>,22,24,[ 1 13],23,163,187,140,159
1,<environment.Job instance at 0x14a752265280>,25,21,[11  1],26,161,182,135,161
1,<environment.Job instance at 0x14a75bcc1dc0>,5,3,[12  1],6,182,185,176,166
1,<environment.Job instance at 0x14a7522651e0>,24,24,[ 1 13],25,187,211,162,182
1,<environment.Job instance at 0x14a752265960>,28,1,[ 2 14],29,211,212,182,194
1,<environment.Job instance at 0x14a752265550>,26,19,[ 2 12],27,212,231,185,210
1,<environment.Job instance at 0x14a7586018c0>,6,3,[13  2],7,231,234,224,231
1,<environment.Job instance at 0x14a7522656e0>,27,1,[12  2],28,248,249,220,248
1,<environment.Job instance at 0x14a759acf6e0>,10,12,[ 2 14],11,346,358,335,346
1,<environment.Job instance at 0x14a75ac805a0>,0,22,[11  2],1,1,23,0,1
1,<environment.Job instance at 0x14a75ac80d20>,4,27,[2 7],5,5,32,0,5
1,<environment.Job instance at 0x14a75cb3c320>,5,20,[1 5],6,8,28,2,8
1,<environment.Job instance at 0x14a75ac804b0>,3,3,[ 2 13],4,32,35,28,17
1,<environment.Job instance at 0x14a75ac80c80>,2,21,[13  2],3,28,49,25,20
1,<environment.Job instance at 0x14a75c8c5780>,11,28,[ 2 13],12,35,63,23,34
1,<environment.Job instance at 0x14a75c8c5a50>,12,20,[7 2],13,49,69,36,42
1,<environment.Job instance at 0x14a75c8c5410>,18,25,[5 2],19,63,88,44,59
1,<environment.Job instance at 0x14a75acbd3c0>,20,24,[11  2],21,88,112,67,83
1,<environment.Job instance at 0x14a75c014d20>,23,28,[ 1 14],24,112,140,88,111
1,<environment.Job instance at 0x14a75ac2a500>,27,20,[7 2],28,140,160,112,135
1,<environment.Job instance at 0x14a75ed68730>,26,22,[ 2 11],27,140,162,113,135
1,<environment.Job instance at 0x14a75c8c5280>,9,12,[ 2 14],10,194,206,184,194
1,<environment.Job instance at 0x14a75ac2ae60>,28,12,[ 2 12],29,483,495,454,483
1,<environment.Job instance at 0x14a75d2fca00>,0,24,[1 5],1,1,25,0,1
1,<environment.Job instance at 0x14a75c8c51e0>,2,19,[13  2],3,3,22,0,3
1,<environment.Job instance at 0x14a75ac80f00>,3,25,[11  1],4,22,47,18,18
1,<environment.Job instance at 0x14a75df8d780>,10,28,[ 2 13],11,27,55,16,27
1,<environment.Job instance at 0x14a75b2dbf00>,5,20,[9 1],6,53,73,47,53
1,<environment.Job instance at 0x14a75df8d140>,12,26,[ 1 10],13,55,81,42,55
1,<environment.Job instance at 0x14a756a8deb0>,17,26,[9 1],18,73,99,55,70
1,<environment.Job instance at 0x14a75df8d4b0>,14,22,[ 1 13],15,81,103,66,78
1,<environment.Job instance at 0x14a756a8db90>,18,26,[6 2],19,99,125,80,96
1,<environment.Job instance at 0x14a7573c0d70>,24,24,[ 1 11],25,105,129,80,105
1,<environment.Job instance at 0x14a75df8d320>,11,3,[11  2],12,125,128,113,109
1,<environment.Job instance at 0x14a75df8d6e0>,13,25,[13  2],14,128,153,114,126
1,<environment.Job instance at 0x14a7573c0dc0>,22,1,[ 2 13],23,129,130,106,128
1,<environment.Job instance at 0x14a75af19b90>,28,20,[ 1 13],29,131,151,102,131
1,<environment.Job instance at 0x14a75cd821e0>,27,2,[12  2],28,153,155,125,131
1,<environment.Job instance at 0x14a7573c0b40>,26,1,[ 1 11],27,174,175,147,174
1,<environment.Job instance at 0x14a75ac2a4b0>,4,12,[ 2 13],5,245,257,240,245
1,<environment.Job instance at 0x14a759c566e0>,1,28,[9 1],2,3,31,1,3
1,<environment.Job instance at 0x14a7521fe140>,0,2,[1 9],1,4,6,3,4
1,<environment.Job instance at 0x14a75ac80cd0>,5,24,[ 1 10],6,8,32,2,8
1,<environment.Job instance at 0x14a75d2fccd0>,3,23,[13  2],4,31,54,27,25
1,<environment.Job instance at 0x14a75b2dbe60>,9,19,[2 9],10,32,51,22,29
1,<environment.Job instance at 0x14a75b2dbfa0>,11,24,[10  1],12,54,78,42,49
1,<environment.Job instance at 0x14a75df8db40>,4,3,[ 1 13],5,65,68,60,65
1,<environment.Job instance at 0x14a75abdfe60>,12,20,[13  2],13,78,98,65,70
1,<environment.Job instance at 0x14a75abdfb90>,13,22,[6 2],14,98,120,84,92
1,<environment.Job instance at 0x14a759ebbbe0>,18,24,[12  1],19,120,144,101,115
1,<environment.Job instance at 0x14a75b2dbbe0>,7,3,[ 2 13],8,120,123,112,120
1,<environment.Job instance at 0x14a7578e5d70>,21,27,[ 1 13],22,123,150,101,122
1,<environment.Job instance at 0x14a7578e5be0>,22,20,[14  1],23,144,164,121,136
1,<environment.Job instance at 0x14a7578e5410>,24,1,[ 1 12],25,150,151,125,140
1,<environment.Job instance at 0x14a7578e5af0>,26,28,[1 7],27,151,179,124,150
1,<environment.Job instance at 0x14a7578e5fa0>,23,22,[12  1],24,164,186,140,157
1,<environment.Job instance at 0x14a7578e5780>,27,28,[10  1],28,186,214,158,185
1,<environment.Job instance at 0x14a75c237370>,6,3,[ 2 12],7,198,201,191,198
1,<environment.Job instance at 0x14a75abdf500>,16,2,[11  2],17,214,216,197,206
1,<environment.Job instance at 0x14a7578e5370>,28,1,[12  1],29,216,217,187,206
1,<environment.Job instance at 0x14a759d172d0>,10,14,[11  2],11,217,231,206,215
1,<environment.Job instance at 0x14a75c865eb0>,0,21,[ 2 12],1,2,23,1,2
1,<environment.Job instance at 0x14a7578e5960>,3,21,[ 2 13],4,23,44,19,17
1,<environment.Job instance at 0x14a75f2c2190>,12,23,[8 2],13,37,60,24,37
1,<environment.Job instance at 0x14a75f2c2e10>,13,22,[ 1 13],14,44,66,30,39
1,<environment.Job instance at 0x14a75f2c2050>,14,23,[11  1],15,60,83,45,55
1,<environment.Job instance at 0x14a7598f0a50>,16,25,[ 2 14],17,66,91,49,62
1,<environment.Job instance at 0x14a75ac800f0>,1,1,[12  1],2,83,84,81,76
1,<environment.Job instance at 0x14a758b4fcd0>,17,12,[13  1],18,85,97,67,85
1,<environment.Job instance at 0x14a7575ca190>,6,3,[11  2],7,97,100,90,88
1,<environment.Job instance at 0x14a75b86efa0>,21,15,[7 1],22,100,115,78,89
1,<environment.Job instance at 0x14a7570cd820>,25,27,[2 7],26,92,119,66,92
1,<environment.Job instance at 0x14a75b158960>,26,25,[10  2],27,115,140,88,111
1,<environment.Job instance at 0x14a75a84c0f0>,4,3,[ 2 11],5,131,134,126,131
1,<environment.Job instance at 0x14a75b158b90>,24,22,[7 2],25,140,162,115,134
1,<environment.Job instance at 0x14a75b2db9b0>,8,3,[11  1],9,162,165,153,147
1,<environment.Job instance at 0x14a75b1586e0>,27,1,[14  1],28,165,166,137,163
1,<environment.Job instance at 0x14a7598f0960>,2,21,[10  2],3,3,24,0,3
1,<environment.Job instance at 0x14a75a7304b0>,1,3,[7 1],2,24,27,22,3
1,<environment.Job instance at 0x14a756a8d500>,3,15,[13  1],4,27,42,23,21
1,<environment.Job instance at 0x14a75d2fcd20>,5,24,[12  1],6,42,66,36,37
1,<environment.Job instance at 0x14a7578e5b90>,12,18,[14  2],13,66,84,53,56
1,<environment.Job instance at 0x14a75f2c24b0>,9,21,[1 7],10,70,91,60,70
1,<environment.Job instance at 0x14a75a27b3c0>,7,25,[11  1],8,84,109,76,82
1,<environment.Job instance at 0x14a758a46eb0>,17,28,[2 5],18,86,114,68,86
1,<environment.Job instance at 0x14a759338910>,20,28,[1 6],21,100,128,79,100
1,<environment.Job instance at 0x14a759338fa0>,21,27,[12  1],22,109,136,87,107
1,<environment.Job instance at 0x14a759338690>,19,20,[ 2 10],20,128,148,108,126
1,<environment.Job instance at 0x14a759338960>,24,18,[13  2],25,146,164,121,146
1,<environment.Job instance at 0x14a759338190>,25,19,[ 1 11],26,155,174,129,155
1,<environment.Job instance at 0x14a759338550>,28,22,[7 1],29,164,186,135,158
1,<environment.Job instance at 0x14a759ebbaf0>,15,21,[ 2 14],16,174,195,158,167
1,<environment.Job instance at 0x14a75c484410>,16,1,[ 1 13],17,195,196,178,191
1,<environment.Job instance at 0x14a75df8d280>,0,2,[12  2],1,205,207,204,205
1,<environment.Job instance at 0x14a7593380f0>,27,17,[11  2],28,208,225,180,208
1,<environment.Job instance at 0x14a7578e5820>,1,20,[14  2],2,2,22,0,2
1,<environment.Job instance at 0x14a759856b90>,3,3,[1 6],4,11,14,7,11
1,<environment.Job instance at 0x14a75b86ef50>,4,23,[11  2],5,22,45,17,16
1,<environment.Job instance at 0x14a75ef63280>,10,18,[2 6],11,28,46,17,28
1,<environment.Job instance at 0x14a75ef63690>,11,22,[11  1],12,45,67,33,39
1,<environment.Job instance at 0x14a75ef63c30>,12,17,[1 9],13,46,63,33,45
1,<environment.Job instance at 0x14a75ef63b90>,13,21,[9 2],14,67,88,53,59
1,<environment.Job instance at 0x14a7595abf50>,9,2,[ 1 11],10,63,65,53,62
1,<environment.Job instance at 0x14a75ef63c80>,15,21,[11  2],16,88,109,72,81
1,<environment.Job instance at 0x14a75ef63550>,16,28,[2 5],17,82,110,65,82
1,<environment.Job instance at 0x14a7598dfeb0>,18,28,[12  2],19,109,137,90,108
1,<environment.Job instance at 0x14a759ebb320>,0,18,[12  1],1,137,155,136,128
1,<environment.Job instance at 0x14a75b1b7be0>,21,21,[2 6],22,138,159,116,138
1,<environment.Job instance at 0x14a75b1b7cd0>,24,16,[12  2],25,155,171,130,154
1,<environment.Job instance at 0x14a75b1b7e60>,25,26,[5 2],26,171,197,145,168
1,<environment.Job instance at 0x14a75e3185f0>,26,21,[ 2 12],27,168,189,141,168
1,<environment.Job instance at 0x14a75b2dcd70>,8,20,[12  2],9,197,217,188,196
1,<environment.Job instance at 0x14a7598df460>,20,17,[ 1 11],21,205,222,184,205
1,<environment.Job instance at 0x14a75ac2a0a0>,2,15,[ 1 13],3,222,237,219,222
1,<environment.Job instance at 0x14a75ef63230>,14,14,[11  2],15,284,298,269,284
1,<environment.Job instance at 0x14a75ef540a0>,28,18,[ 2 14],29,358,376,329,358
1,<environment.Job instance at 0x14a75b1b7b40>,27,3,[ 1 13],28,381,384,353,381
1,<environment.Job instance at 0x14a75ef69370>,1,25,[1 8],2,2,27,0,2
1,<environment.Job instance at 0x14a7569ec050>,0,14,[14  2],1,6,20,5,6
1,<environment.Job instance at 0x14a75e2a2640>,7,24,[1 6],8,22,46,14,22
1,<environment.Job instance at 0x14a7569e9550>,4,23,[ 1 12],5,46,69,41,45
1,<environment.Job instance at 0x14a75e2a2c30>,11,27,[11  1],12,45,72,33,45
1,<environment.Job instance at 0x14a75e2a2f00>,6,1,[ 1 12],7,69,70,62,49
1,<environment.Job instance at 0x14a758a3a690>,15,27,[13  1],16,72,99,56,70
1,<environment.Job instance at 0x14a758a3a460>,17,26,[12  2],18,99,125,81,96
1,<environment.Job instance at 0x14a758a3a050>,18,25,[12  2],19,125,150,106,121
1,<environment.Job instance at 0x14a758a3a6e0>,16,1,[13  1],17,150,151,133,135
1,<environment.Job instance at 0x14a758a3acd0>,20,24,[2 7],21,135,159,114,135
1,<environment.Job instance at 0x14a758a3af50>,14,18,[ 1 14],15,159,177,144,154
1,<environment.Job instance at 0x14a758a3a960>,25,27,[9 1],26,165,192,139,165
1,<environment.Job instance at 0x14a758a3ac80>,21,19,[ 1 12],22,202,221,180,202
1,<environment.Job instance at 0x14a75a91ef50>,2,3,[14  1],3,220,223,217,220
1,<environment.Job instance at 0x14a75ef54820>,3,3,[ 2 13],4,236,239,232,236
1,<environment.Job instance at 0x14a758a3a7d0>,23,13,[14  2],24,267,280,243,267
1,<environment.Job instance at 0x14a758a3ae60>,28,15,[ 1 14],29,280,295,251,277
1,<environment.Job instance at 0x14a758db4eb0>,2,18,[ 2 14],3,4,22,1,4
1,<environment.Job instance at 0x14a7598df960>,4,27,[6 1],5,5,32,0,5
1,<environment.Job instance at 0x14a75e2a26e0>,3,19,[ 1 11],4,22,41,18,19
1,<environment.Job instance at 0x14a7578c3960>,11,26,[7 1],12,22,48,10,20
1,<environment.Job instance at 0x14a7578c3f50>,14,20,[8 1],15,41,61,26,33
1,<environment.Job instance at 0x14a7598df1e0>,0,15,[ 2 12],1,48,63,47,35
1,<environment.Job instance at 0x14a75244d5a0>,17,26,[13  1],18,61,87,43,59
1,<environment.Job instance at 0x14a7578c3c80>,12,28,[2 6],13,63,91,50,62
1,<environment.Job instance at 0x14a75244dc30>,20,22,[14  2],21,91,113,70,84
1,<environment.Job instance at 0x14a75244d5f0>,21,3,[12  2],22,113,116,91,94
1,<environment.Job instance at 0x14a752447f50>,16,25,[12  1],17,116,141,99,112
1,<environment.Job instance at 0x14a75244da50>,24,20,[12  1],25,141,161,116,141
1,<environment.Job instance at 0x14a75244d4b0>,25,21,[13  1],26,161,182,135,153
1,<environment.Job instance at 0x14a75244d960>,22,3,[11  1],23,182,185,159,165
1,<environment.Job instance at 0x14a75244d500>,27,26,[1 5],28,169,195,141,169
1,<environment.Job instance at 0x14a75244dfa0>,28,1,[2 6],29,184,185,155,184
1,<environment.Job instance at 0x14a75244d690>,18,13,[14  1],19,205,218,186,205
1,<environment.Job instance at 0x14a756c1ea00>,10,17,[11  1],11,218,235,207,216
1,<environment.Job instance at 0x14a75244d140>,19,16,[ 1 11],20,241,257,221,241
1,<environment.Job instance at 0x14a758ce9690>,0,24,[ 1 10],1,1,25,0,1
1,<environment.Job instance at 0x14a758ce97d0>,4,24,[6 1],5,5,29,0,5
1,<environment.Job instance at 0x14a75e18e0a0>,5,25,[7 1],6,6,31,0,6
1,<environment.Job instance at 0x14a75e18e6e0>,12,22,[2 6],13,25,47,12,19
1,<environment.Job instance at 0x14a75d9a5dc0>,15,24,[ 2 13],16,47,71,31,44
1,<environment.Job instance at 0x14a75e6d7960>,6,19,[ 1 13],7,79,98,72,79
1,<environment.Job instance at 0x14a757ea6a50>,10,3,[ 1 14],11,99,102,88,99
1,<environment.Job instance at 0x14a758ce99b0>,2,18,[ 1 12],3,102,120,99,101
1,<environment.Job instance at 0x14a75d9a5550>,19,21,[14  2],20,102,123,82,102
1,<environment.Job instance at 0x14a7570139b0>,21,22,[14  2],22,123,145,101,117
1,<environment.Job instance at 0x14a757013230>,22,25,[ 2 12],23,145,170,122,141
1,<environment.Job instance at 0x14a757013500>,23,3,[7 2],24,148,151,124,148
1,<environment.Job instance at 0x14a7570135f0>,25,1,[11  1],26,166,167,140,166
1,<environment.Job instance at 0x14a757013910>,26,20,[2 8],27,170,190,143,167
1,<environment.Job instance at 0x14a757013320>,27,25,[14  2],28,190,215,162,186
1,<environment.Job instance at 0x14a7570130f0>,28,20,[1 9],29,190,210,161,186
1,<environment.Job instance at 0x14a75d9a5640>,16,19,[ 1 12],17,210,229,193,209
1,<environment.Job instance at 0x14a757013f00>,24,20,[ 2 13],25,229,249,204,223
1,<environment.Job instance at 0x14a75d9a5780>,17,3,[ 1 13],18,249,252,231,226
1,<environment.Job instance at 0x14a75d9a5cd0>,14,3,[14  2],15,280,283,265,280
1,<environment.Job instance at 0x14a75e18ec30>,2,2,[2 9],3,4,6,1,4
1,<environment.Job instance at 0x14a75e18e9b0>,5,23,[11  2],6,6,29,0,6
1,<environment.Job instance at 0x14a75ad5b050>,6,27,[10  2],7,29,56,22,27
1,<environment.Job instance at 0x14a75235e7d0>,12,23,[ 1 14],13,56,79,43,53
1,<environment.Job instance at 0x14a759204230>,17,26,[12  2],18,79,105,61,76
1,<environment.Job instance at 0x14a75905a230>,19,25,[11  2],20,105,130,85,101
1,<environment.Job instance at 0x14a75905abe0>,20,23,[2 6],21,102,125,81,102
1,<environment.Job instance at 0x14a756c61dc0>,11,18,[ 2 13],12,125,143,113,121
1,<environment.Job instance at 0x14a75905a320>,23,27,[9 1],24,130,157,106,128
1,<environment.Job instance at 0x14a75905a370>,24,22,[9 1],25,157,179,132,152
1,<environment.Job instance at 0x14a75905ae10>,25,20,[ 1 14],26,152,172,126,152
1,<environment.Job instance at 0x14a75ad5b500>,8,1,[ 1 13],9,172,173,163,153
1,<environment.Job instance at 0x14a75905a410>,21,2,[ 2 13],22,173,175,151,170
1,<environment.Job instance at 0x14a759dd6730>,13,3,[ 1 14],14,176,179,162,176
1,<environment.Job instance at 0x14a75905a9b0>,26,1,[12  2],27,179,180,152,176
1,<environment.Job instance at 0x14a75905a3c0>,22,12,[13  2],23,803,815,780,803
1,<environment.Job instance at 0x14a75f310b90>,1,22,[14  1],2,2,24,0,2
1,<environment.Job instance at 0x14a75772cbe0>,2,3,[6 2],3,24,27,21,6
1,<environment.Job instance at 0x14a75af730a0>,0,3,[ 1 11],1,18,21,17,18
1,<environment.Job instance at 0x14a7576cab90>,8,28,[10  1],9,27,55,18,26
1,<environment.Job instance at 0x14a75ad5b5f0>,6,14,[14  2],7,62,76,55,62
1,<environment.Job instance at 0x14a7576ca7d0>,10,20,[ 2 14],11,76,96,65,69
1,<environment.Job instance at 0x14a7576ca870>,9,14,[12  2],10,99,113,89,99
1,<environment.Job instance at 0x14a7576ca1e0>,12,16,[ 2 12],13,99,115,86,99
1,<environment.Job instance at 0x14a75e18e730>,4,2,[11  2],5,114,116,109,114
1,<environment.Job instance at 0x14a7576ca730>,13,3,[ 1 11],14,119,122,105,119
1,<environment.Job instance at 0x14a7576ca4b0>,14,1,[14  2],15,119,120,104,119
1,<environment.Job instance at 0x14a75dad4a50>,19,19,[14  1],20,126,145,106,126
1,<environment.Job instance at 0x14a7522ce4b0>,25,20,[2 9],26,145,165,119,137
1,<environment.Job instance at 0x14a75235e370>,7,19,[11  1],8,145,164,137,138
1,<environment.Job instance at 0x14a7522ce2d0>,26,21,[ 1 12],27,165,186,138,158
1,<environment.Job instance at 0x14a7576cad20>,11,12,[ 2 11],12,186,198,174,177
1,<environment.Job instance at 0x14a7522cef00>,28,12,[ 1 14],29,204,216,175,204
1,<environment.Job instance at 0x14a7522ce1e0>,27,18,[ 1 12],28,281,299,253,281
1,<environment.Job instance at 0x14a759204140>,3,13,[ 2 13],4,322,335,318,322
1,<environment.Job instance at 0x14a7522ce410>,0,27,[ 2 14],1,1,28,0,1
1,<environment.Job instance at 0x14a7524e8280>,5,25,[7 2],6,28,53,22,24
1,<environment.Job instance at 0x14a7524e8690>,7,2,[ 1 12],8,34,36,26,34
1,<environment.Job instance at 0x14a7524e8870>,8,25,[13  2],9,53,78,44,49
1,<environment.Job instance at 0x14a7524e85f0>,9,27,[1 8],10,49,76,39,49
1,<environment.Job instance at 0x14a7524e80a0>,10,20,[10  2],11,78,98,67,69
1,<environment.Job instance at 0x14a7524e8140>,12,22,[ 2 14],13,98,120,85,92
1,<environment.Job instance at 0x14a75c8ea780>,15,22,[ 2 12],16,120,142,104,113
1,<environment.Job instance at 0x14a75c8eab90>,17,16,[13  1],18,135,151,117,135
1,<environment.Job instance at 0x14a75c8ea5f0>,18,18,[6 2],19,151,169,132,145
1,<environment.Job instance at 0x14a75c8eafa0>,19,24,[10  2],20,169,193,149,164
1,<environment.Job instance at 0x14a75c8ea690>,21,1,[14  2],22,193,194,171,179
1,<environment.Job instance at 0x14a75c8ea3c0>,22,3,[2 8],23,187,190,164,187
1,<environment.Job instance at 0x14a75c8eae10>,23,28,[2 5],24,194,222,170,193
1,<environment.Job instance at 0x14a75c8eacd0>,24,3,[ 2 13],25,222,225,197,201
1,<environment.Job instance at 0x14a75c8ea6e0>,25,25,[2 7],26,225,250,199,221
1,<environment.Job instance at 0x14a75c8ea460>,26,3,[ 1 13],27,250,253,223,240
1,<environment.Job instance at 0x14a75c8ea050>,27,20,[1 9],28,253,273,225,245
1,<environment.Job instance at 0x14a75c8eac80>,28,28,[7 2],29,245,273,216,245
1,<environment.Job instance at 0x14a75c8ea0f0>,13,3,[13  1],14,273,276,259,271
1,<environment.Job instance at 0x14a75dad42d0>,1,2,[12  2],2,287,289,285,287
1,<environment.Job instance at 0x14a7524e8370>,3,3,[ 1 14],4,331,334,327,331
1,<environment.Job instance at 0x14a7524e86e0>,6,16,[ 2 11],7,507,523,500,507
1,<environment.Job instance at 0x14a75ad5b960>,0,21,[1 5],1,1,22,0,1
1,<environment.Job instance at 0x14a75c5a8320>,2,20,[13  2],3,4,24,1,4
1,<environment.Job instance at 0x14a757837280>,8,26,[12  2],9,24,50,15,21
1,<environment.Job instance at 0x14a757837690>,9,25,[ 2 12],10,22,47,12,22
1,<environment.Job instance at 0x14a757837500>,10,27,[12  2],11,50,77,39,48
1,<environment.Job instance at 0x14a75c8ea190>,1,15,[ 1 11],2,56,71,54,56
1,<environment.Job instance at 0x14a7578371e0>,12,19,[11  2],13,77,96,64,68
1,<environment.Job instance at 0x14a757837be0>,11,18,[ 2 11],12,73,91,61,73
1,<environment.Job instance at 0x14a7578372d0>,13,23,[ 1 12],14,91,114,77,89
1,<environment.Job instance at 0x14a75ad5bbe0>,3,15,[12  1],4,106,121,102,106
1,<environment.Job instance at 0x14a75d181a50>,17,27,[1 9],18,114,141,96,112
1,<environment.Job instance at 0x14a75d1815a0>,18,3,[ 1 12],19,141,144,122,136
1,<environment.Job instance at 0x14a75d181d70>,20,23,[ 2 13],21,144,167,123,139
1,<environment.Job instance at 0x14a757837230>,16,23,[ 1 14],17,167,190,150,161
1,<environment.Job instance at 0x14a75d181640>,21,2,[ 1 13],22,190,192,168,163
1,<environment.Job instance at 0x14a75d1818c0>,23,25,[ 1 12],24,192,217,168,188
1,<environment.Job instance at 0x14a7595cb0f0>,24,27,[ 1 12],25,217,244,192,215
1,<environment.Job instance at 0x14a7595cb1e0>,25,2,[14  1],26,222,224,196,222
1,<environment.Job instance at 0x14a7595cbaa0>,26,22,[12  2],27,224,246,197,222
1,<environment.Job instance at 0x14a7595cbf00>,27,20,[ 1 12],28,244,264,216,237
1,<environment.Job instance at 0x14a757837370>,14,14,[12  1],15,279,293,264,279
1,<environment.Job instance at 0x14a75c3dbaa0>,15,17,[ 1 11],16,285,302,269,285
1,<environment.Job instance at 0x14a757837dc0>,7,12,[ 1 13],8,304,316,296,304
1,<environment.Job instance at 0x14a7595cb9b0>,22,16,[11  2],23,363,379,340,363
1,<environment.Job instance at 0x14a7522ce230>,0,19,[12  2],1,1,20,0,1
1,<environment.Job instance at 0x14a7595fa730>,8,24,[14  2],9,20,44,11,16
1,<environment.Job instance at 0x14a75c5a8fa0>,6,28,[ 1 11],7,26,54,19,26
1,<environment.Job instance at 0x14a7595fad70>,11,1,[ 1 11],12,54,55,42,42
1,<environment.Job instance at 0x14a75f3ee320>,17,21,[12  1],18,44,65,26,42
1,<environment.Job instance at 0x14a75f3ee780>,20,26,[ 2 12],21,55,81,34,54
1,<environment.Job instance at 0x14a75f3eecd0>,18,24,[10  2],19,65,89,46,61
1,<environment.Job instance at 0x14a75f3eeaf0>,21,20,[ 1 14],22,92,112,70,92
1,<environment.Job instance at 0x14a75f3ee5a0>,16,1,[12  2],17,113,114,96,113
1,<environment.Job instance at 0x14a75710f050>,25,19,[7 1],26,114,133,88,114
1,<environment.Job instance at 0x14a75710ff00>,26,23,[9 2],27,133,156,106,127
1,<environment.Job instance at 0x14a75710f870>,27,2,[12  1],28,156,158,128,154
1,<environment.Job instance at 0x14a75b43c140>,28,27,[ 1 14],29,156,183,127,154
1,<environment.Job instance at 0x14a7595fa870>,9,3,[13  2],10,207,210,197,207
1,<environment.Job instance at 0x14a75710f190>,24,15,[ 1 13],25,243,258,218,243
1,<environment.Job instance at 0x14a75710f140>,22,16,[12  2],23,413,429,390,413
1,<environment.Job instance at 0x14a75710fe10>,23,14,[ 1 12],24,1211,1225,1187,1211
1,<environment.Job instance at 0x14a75c8eadc0>,0,14,[6 1],1,3,17,2,3
1,<environment.Job instance at 0x14a75f3ee2d0>,2,3,[11  2],3,18,21,15,18
1,<environment.Job instance at 0x14a75c8ea410>,1,1,[11  1],2,21,22,19,20
1,<environment.Job instance at 0x14a75c5a8c80>,7,28,[ 1 11],8,20,48,12,20
1,<environment.Job instance at 0x14a75b43c6e0>,8,25,[ 1 12],9,48,73,39,45
1,<environment.Job instance at 0x14a758baa0f0>,11,26,[ 1 14],12,73,99,61,70
1,<environment.Job instance at 0x14a758baaaa0>,12,26,[ 2 12],13,99,125,86,96
1,<environment.Job instance at 0x14a75c5a8780>,6,3,[13  2],7,103,106,96,103
1,<environment.Job instance at 0x14a758baab40>,14,25,[10  1],15,106,131,91,103
1,<environment.Job instance at 0x14a758baa960>,16,26,[13  1],17,131,157,114,128
1,<environment.Job instance at 0x14a75ebe1be0>,19,20,[1 9],20,134,154,114,134
1,<environment.Job instance at 0x14a75ebe10a0>,21,24,[2 5],22,154,178,132,150
1,<environment.Job instance at 0x14a75710f910>,5,3,[12  1],6,170,173,164,170
1,<environment.Job instance at 0x14a75ebe1eb0>,22,24,[ 1 13],23,178,202,155,173
1,<environment.Job instance at 0x14a75ebe1320>,24,24,[ 1 13],25,202,226,177,197
1,<environment.Job instance at 0x14a757a30230>,25,21,[11  1],26,197,218,171,197
1,<environment.Job instance at 0x14a75ebe1140>,26,19,[ 2 12],27,226,245,199,220
1,<environment.Job instance at 0x14a757a30a00>,27,1,[12  2],28,233,234,205,233
1,<environment.Job instance at 0x14a758baa500>,13,2,[ 2 11],14,245,247,231,239
1,<environment.Job instance at 0x14a757a30d70>,28,1,[ 2 14],29,249,250,220,249
1,<environment.Job instance at 0x14a75c8ea500>,4,15,[11  2],5,254,269,249,254
1,<environment.Job instance at 0x14a758baa5a0>,10,12,[ 2 14],11,325,337,314,325
1,<environment.Job instance at 0x14a757837410>,0,22,[11  2],1,1,23,0,1
1,<environment.Job instance at 0x14a75b43c460>,4,27,[2 7],5,5,32,0,5
1,<environment.Job instance at 0x14a7578375f0>,3,3,[ 2 13],4,32,35,28,18
1,<environment.Job instance at 0x14a75730fd20>,11,28,[ 2 13],12,35,63,23,34
1,<environment.Job instance at 0x14a75c67d190>,2,21,[13  2],3,41,62,38,41
1,<environment.Job instance at 0x14a75ca87f50>,20,24,[11  2],21,65,89,44,65
1,<environment.Job instance at 0x14a75ca87af0>,16,24,[ 2 10],17,80,104,63,80
1,<environment.Job instance at 0x14a75ca87e60>,23,28,[ 1 14],24,105,133,81,105
1,<environment.Job instance at 0x14a75ca87be0>,26,22,[ 2 11],27,133,155,106,126
1,<environment.Job instance at 0x14a75ca87f00>,27,20,[7 2],28,134,154,106,134
1,<environment.Job instance at 0x14a75730fc30>,9,12,[ 2 14],10,185,197,175,185
1,<environment.Job instance at 0x14a75ca871e0>,28,12,[ 2 12],29,308,320,279,308
1,<environment.Job instance at 0x14a75a7c06e0>,0,24,[1 5],1,1,25,0,1
1,<environment.Job instance at 0x14a75ca871e0>,2,19,[13  2],3,3,22,0,3
1,<environment.Job instance at 0x14a75a7c0140>,3,25,[11  1],4,22,47,18,19
1,<environment.Job instance at 0x14a75bdd8280>,9,27,[2 8],10,22,49,12,20
1,<environment.Job instance at 0x14a75a7c02d0>,5,20,[9 1],6,47,67,41,40
1,<environment.Job instance at 0x14a75bdd8dc0>,10,28,[ 2 13],11,49,77,38,48
1,<environment.Job instance at 0x14a75bdd8230>,13,25,[13  2],14,67,92,53,63
1,<environment.Job instance at 0x14a75bdd85f0>,14,22,[ 1 13],15,77,99,62,71
1,<environment.Job instance at 0x14a75bdd8780>,11,3,[11  2],12,92,95,80,86
1,<environment.Job instance at 0x14a75b4b3280>,20,21,[6 2],21,95,116,74,91
1,<environment.Job instance at 0x14a75bdd8410>,18,26,[6 2],19,99,125,80,96
1,<environment.Job instance at 0x14a75bdd82d0>,21,17,[2 6],22,99,116,77,97
1,<environment.Job instance at 0x14a75b4b3690>,24,24,[ 1 11],25,116,140,91,111
1,<environment.Job instance at 0x14a75f400c80>,25,19,[10  2],26,125,144,99,116
1,<environment.Job instance at 0x14a75f400780>,27,2,[12  2],28,144,146,116,122
1,<environment.Job instance at 0x14a75b4b3870>,22,1,[ 2 13],23,140,141,117,132
1,<environment.Job instance at 0x14a75f400aa0>,26,1,[ 1 11],27,144,145,117,144
1,<environment.Job instance at 0x14a75f4005a0>,28,20,[ 1 13],29,149,169,120,149
1,<environment.Job instance at 0x14a75a7c07d0>,4,12,[ 2 13],5,377,389,372,377
1,<environment.Job instance at 0x14a75ca87410>,2,17,[2 5],3,4,21,1,4
1,<environment.Job instance at 0x14a75ad5bd20>,3,23,[13  2],4,4,27,0,4
1,<environment.Job instance at 0x14a75e09c410>,5,24,[ 1 10],6,21,45,15,16
1,<environment.Job instance at 0x14a7587d51e0>,11,24,[10  1],12,29,53,17,29
1,<environment.Job instance at 0x14a75ca87b40>,4,3,[ 1 13],5,45,48,40,38
1,<environment.Job instance at 0x14a7587d54b0>,13,22,[6 2],14,53,75,39,47
1,<environment.Job instance at 0x14a7570c79b0>,16,2,[11  2],17,75,77,58,58
1,<environment.Job instance at 0x14a75d2c5690>,7,3,[ 2 13],8,58,61,50,58
1,<environment.Job instance at 0x14a7570c7fa0>,18,24,[12  1],19,77,101,58,72
1,<environment.Job instance at 0x14a7570c72d0>,21,27,[ 1 13],22,72,99,50,72
1,<environment.Job instance at 0x14a758d1c5f0>,23,22,[12  1],24,101,123,77,95
1,<environment.Job instance at 0x14a7587d5370>,12,20,[13  2],13,123,143,110,116
1,<environment.Job instance at 0x14a75c828d70>,22,20,[14  1],23,143,163,120,142
1,<environment.Job instance at 0x14a758d1cd70>,24,1,[ 1 12],25,159,160,134,159
1,<environment.Job instance at 0x14a7587d59b0>,10,14,[11  2],11,163,177,152,160
1,<environment.Job instance at 0x14a75e09c2d0>,6,3,[ 2 12],7,168,171,161,168
1,<environment.Job instance at 0x14a758d1c690>,28,1,[12  1],29,195,196,166,195
1,<environment.Job instance at 0x14a75929ef50>,0,21,[ 2 12],1,2,23,1,2
1,<environment.Job instance at 0x14a75e09ccd0>,3,21,[ 2 13],4,23,44,19,18
1,<environment.Job instance at 0x14a75f400fa0>,7,24,[2 6],8,44,68,36,39
1,<environment.Job instance at 0x14a758d1c2d0>,11,25,[2 7],12,44,69,32,40
1,<environment.Job instance at 0x14a758d1c820>,12,23,[8 2],13,40,63,27,40
1,<environment.Job instance at 0x14a756e24e60>,1,1,[12  1],2,68,69,66,44
1,<environment.Job instance at 0x14a758d1c8c0>,14,23,[11  1],15,69,92,54,64
1,<environment.Job instance at 0x14a758d1ce60>,13,22,[ 1 13],14,69,91,55,65
1,<environment.Job instance at 0x14a758d1c410>,8,3,[11  1],9,65,68,56,65
1,<environment.Job instance at 0x14a7570d3370>,16,25,[ 2 14],17,91,116,74,87
1,<environment.Job instance at 0x14a758b37820>,17,12,[13  1],18,92,104,74,87
1,<environment.Job instance at 0x14a75dfef820>,26,25,[10  2],27,116,141,89,113
1,<environment.Job instance at 0x14a75dfef500>,24,22,[7 2],25,141,163,116,134
1,<environment.Job instance at 0x14a75b4b3c30>,6,3,[11  2],7,163,166,156,148
1,<environment.Job instance at 0x14a75dfeff00>,27,1,[14  1],28,166,167,138,163
1,<environment.Job instance at 0x14a75e09c730>,4,3,[ 2 11],5,184,187,179,184
1,<environment.Job instance at 0x14a758b37b90>,2,21,[10  2],3,3,24,0,3
1,<environment.Job instance at 0x14a75a7c0640>,1,3,[7 1],2,24,27,22,3
1,<environment.Job instance at 0x14a75f400640>,5,24,[12  1],6,27,51,21,23
1,<environment.Job instance at 0x14a758b37c30>,0,2,[12  2],1,51,53,50,30
1,<environment.Job instance at 0x14a7581ac2d0>,10,27,[2 9],11,30,57,19,30
1,<environment.Job instance at 0x14a7581ac780>,12,18,[14  2],13,57,75,44,49
1,<environment.Job instance at 0x14a7581aca50>,17,28,[2 5],18,75,103,57,74
1,<environment.Job instance at 0x14a7581ac5a0>,18,22,[2 8],19,75,97,56,75
1,<environment.Job instance at 0x14a75f400500>,7,25,[11  1],8,75,100,67,75
1,<environment.Job instance at 0x14a75a873910>,22,18,[2 8],23,97,115,74,90
1,<environment.Job instance at 0x14a7602da7d0>,23,12,[2 5],24,103,115,79,101
1,<environment.Job instance at 0x14a7581ac410>,15,21,[ 2 14],16,115,136,99,107
1,<environment.Job instance at 0x14a75a8735f0>,21,27,[12  1],22,125,152,103,125
1,<environment.Job instance at 0x14a758d579b0>,24,18,[13  2],25,152,170,127,144
1,<environment.Job instance at 0x14a75b0aeaf0>,16,1,[ 1 13],17,161,162,144,161
1,<environment.Job instance at 0x14a75ab24d20>,25,19,[ 1 11],26,167,186,141,167
1,<environment.Job instance at 0x14a75ba2ac80>,27,17,[11  2],28,190,207,162,190
1,<environment.Job instance at 0x14a75ca87a00>,3,15,[13  1],4,258,273,254,258
1,<environment.Job instance at 0x14a758d1c320>,1,20,[14  2],2,2,22,0,2
1,<environment.Job instance at 0x14a75ad5bdc0>,4,23,[11  2],5,22,45,17,16
1,<environment.Job instance at 0x14a7595cbe10>,8,20,[12  2],9,45,65,36,37
1,<environment.Job instance at 0x14a75a8787d0>,13,21,[9 2],14,65,86,51,58
1,<environment.Job instance at 0x14a75f400230>,9,2,[ 1 11],10,71,73,61,71
1,<environment.Job instance at 0x14a7581ac320>,15,21,[11  2],16,86,107,70,78
1,<environment.Job instance at 0x14a7581ac6e0>,16,28,[2 5],17,78,106,61,78
1,<environment.Job instance at 0x14a75ce12370>,18,28,[12  2],19,107,135,88,106
1,<environment.Job instance at 0x14a7603fd230>,19,23,[1 9],20,106,129,86,106
1,<environment.Job instance at 0x14a75ad5b1e0>,0,18,[12  1],1,135,153,134,129
1,<environment.Job instance at 0x14a75ce12be0>,21,21,[2 6],22,129,150,107,129
1,<environment.Job instance at 0x14a75ce12050>,24,16,[12  2],25,154,170,129,154
1,<environment.Job instance at 0x14a75ce127d0>,20,17,[ 1 11],21,156,173,135,156
1,<environment.Job instance at 0x14a75ce12870>,26,21,[ 2 12],27,173,194,146,165
1,<environment.Job instance at 0x14a75ce123c0>,25,26,[5 2],26,170,196,144,167
1,<environment.Job instance at 0x14a758b37730>,11,22,[11  1],12,196,218,184,191
1,<environment.Job instance at 0x14a75ce125a0>,27,3,[ 1 13],28,194,197,166,194
1,<environment.Job instance at 0x14a75ce125f0>,28,18,[ 2 14],29,223,241,194,223
1,<environment.Job instance at 0x14a7581accd0>,14,14,[11  2],15,283,297,268,283
1,<environment.Job instance at 0x14a75a4180a0>,2,15,[ 1 13],3,348,363,345,348
1,<environment.Job instance at 0x14a7581ac730>,1,25,[1 8],2,2,27,0,2
1,<environment.Job instance at 0x14a7603fd050>,3,3,[ 2 13],4,27,30,23,10
1,<environment.Job instance at 0x14a75e76baf0>,4,23,[ 1 12],5,30,53,25,24
1,<environment.Job instance at 0x14a75e438f50>,8,20,[8 1],9,27,47,18,27
1,<environment.Job instance at 0x14a75d1b9d70>,11,27,[11  1],12,47,74,35,45
1,<environment.Job instance at 0x14a75a418a00>,13,25,[9 2],14,74,99,60,70
1,<environment.Job instance at 0x14a75a418460>,15,27,[13  1],16,99,126,83,97
1,<environment.Job instance at 0x14a75b565aa0>,16,1,[13  1],17,126,127,109,108
1,<environment.Job instance at 0x14a75b565f50>,17,26,[12  2],18,127,153,109,124
1,<environment.Job instance at 0x14a75a3660f0>,18,25,[12  2],19,153,178,134,149
1,<environment.Job instance at 0x14a75ebbffa0>,19,23,[9 1],20,178,201,158,172
1,<environment.Job instance at 0x14a75ebbf7d0>,20,24,[2 7],21,172,196,151,172
1,<environment.Job instance at 0x14a75a3662d0>,21,19,[ 1 12],22,209,228,187,209
1,<environment.Job instance at 0x14a75e76ba50>,2,3,[14  1],3,236,239,233,236
1,<environment.Job instance at 0x14a756b57af0>,24,24,[2 8],25,239,263,214,236
1,<environment.Job instance at 0x14a756b57b90>,25,27,[9 1],26,239,266,213,237
1,<environment.Job instance at 0x14a75a8592d0>,6,1,[ 1 12],7,263,264,256,260
1,<environment.Job instance at 0x14a756b57e60>,23,13,[14  2],24,269,282,245,269
1,<environment.Job instance at 0x14a75ca870a0>,0,14,[14  2],1,284,298,283,284
1,<environment.Job instance at 0x14a75dafa550>,14,18,[ 1 14],15,300,318,285,300
1,<environment.Job instance at 0x14a75953ad70>,28,15,[ 1 14],29,496,511,467,496
1,<environment.Job instance at 0x14a75f32fdc0>,0,15,[ 2 12],1,2,17,1,2
1,<environment.Job instance at 0x14a75e76b190>,4,27,[6 1],5,7,34,2,7
1,<environment.Job instance at 0x14a75953ad70>,3,19,[ 1 11],4,17,36,13,7
1,<environment.Job instance at 0x14a75929e0f0>,11,26,[7 1],12,17,43,5,17
1,<environment.Job instance at 0x14a75cb98e10>,9,23,[1 6],10,36,59,26,30
1,<environment.Job instance at 0x14a75aacef50>,12,28,[2 6],13,36,64,23,35
1,<environment.Job instance at 0x14a75c6ef460>,17,26,[13  1],18,59,85,41,56
1,<environment.Job instance at 0x14a75953a5a0>,2,18,[ 2 14],3,80,98,77,80
1,<environment.Job instance at 0x14a75c6ef960>,16,25,[12  1],17,85,110,68,82
1,<environment.Job instance at 0x14a75c6efcd0>,20,22,[14  2],21,110,132,89,104
1,<environment.Job instance at 0x14a757daf870>,10,17,[11  1],11,132,149,121,126
1,<environment.Job instance at 0x14a757408e60>,24,20,[12  1],25,149,169,124,141
1,<environment.Job instance at 0x14a757408910>,25,21,[13  1],26,169,190,143,161
1,<environment.Job instance at 0x14a75c6efd20>,19,16,[ 1 11],20,167,183,147,167
1,<environment.Job instance at 0x14a7574086e0>,26,24,[6 2],27,190,214,163,185
1,<environment.Job instance at 0x14a75c6efc80>,22,3,[11  1],23,214,217,191,205
1,<environment.Job instance at 0x14a75980acd0>,21,3,[12  2],22,233,236,211,233
1,<environment.Job instance at 0x14a75c6ef780>,18,13,[14  1],19,242,255,223,242
