iteration,job object,job ID,job Length,job ressource requirement,job enter time,job start time,job finish time,job waiting time,current time
1,<environment.Job instance at 0x1477d6c80f50>,6,18,[8 1],7,8,26,1,8
1,<environment.Job instance at 0x1477d6c80dc0>,8,13,[6 1],9,26,39,17,25
1,<environment.Job instance at 0x1477b5aee870>,1,12,[ 1 10],2,2,14,0,2
1,<environment.Job instance at 0x1477b5e54640>,3,16,[8 2],6,8,24,2,8
1,<environment.Job instance at 0x1477b5795d70>,3,2,[ 2 10],4,4,6,0,4
1,<environment.Job instance at 0x1477b57955a0>,5,13,[7 2],9,9,22,0,9
1,<environment.Job instance at 0x1477ddbe7cd0>,1,12,[2 8],2,2,14,0,2
1,<environment.Job instance at 0x1477b55e6e10>,0,12,[9 2],1,1,13,0,1
1,<environment.Job instance at 0x1477b576f4b0>,1,15,[10  2],2,13,28,11,4
1,<environment.Job instance at 0x1477d7103460>,2,18,[1 8],3,3,21,0,3
1,<environment.Job instance at 0x1477d8a4caa0>,2,15,[9 2],4,4,19,0,4
1,<environment.Job instance at 0x1477d6c87cd0>,3,18,[2 6],5,23,41,18,23
1,<environment.Job instance at 0x1477b5b22b40>,2,12,[6 1],3,4,16,1,4
1,<environment.Job instance at 0x1477b5474aa0>,0,15,[1 7],2,2,17,0,2
1,<environment.Job instance at 0x1477b5724640>,6,24,[ 1 10],8,9,33,1,9
1,<environment.Job instance at 0x1477b5724410>,1,15,[1 7],2,2,17,0,2
1,<environment.Job instance at 0x1477b57245a0>,3,14,[10  1],6,17,31,11,6
1,<environment.Job instance at 0x1477d406cfa0>,0,16,[9 1],3,3,19,0,3
1,<environment.Job instance at 0x1477d406c370>,1,15,[9 2],7,19,34,12,7
1,<environment.Job instance at 0x1477ddbac9b0>,1,25,[9 2],3,3,28,0,3
1,<environment.Job instance at 0x1477d8ad2370>,0,18,[10  1],3,3,21,0,3
1,<environment.Job instance at 0x1477b5e55d70>,1,12,[7 1],3,3,15,0,3
1,<environment.Job instance at 0x1477b5e555f0>,4,17,[7 1],7,15,32,8,7
1,<environment.Job instance at 0x1477b589b280>,0,12,[7 2],2,2,14,0,2
1,<environment.Job instance at 0x1477d9868af0>,3,14,[8 2],7,14,28,7,7
1,<environment.Job instance at 0x1477b5fbc190>,0,14,[8 1],1,1,15,0,1
1,<environment.Job instance at 0x1477d98452d0>,0,2,[9 2],2,2,4,0,2
1,<environment.Job instance at 0x1477b5cef280>,3,17,[2 8],9,9,26,0,9
1,<environment.Job instance at 0x1477b5968e10>,2,27,[10  2],5,5,32,0,5
1,<environment.Job instance at 0x1477b58cda00>,0,18,[ 1 10],1,1,19,0,1
1,<environment.Job instance at 0x1477b567e730>,0,3,[2 7],1,2,5,1,2
1,<environment.Job instance at 0x1477de5342d0>,0,12,[5 2],1,1,13,0,1
1,<environment.Job instance at 0x1477b5843500>,0,15,[2 8],1,1,16,0,1
1,<environment.Job instance at 0x1477b5843fa0>,1,16,[2 8],2,16,32,14,5
1,<environment.Job instance at 0x1477d97d4910>,0,14,[2 9],1,1,15,0,1
1,<environment.Job instance at 0x1477b5640dc0>,2,14,[9 1],4,4,18,0,4
1,<environment.Job instance at 0x1477b5eec410>,1,15,[10  1],3,3,18,0,3
1,<environment.Job instance at 0x1477b52efc30>,0,15,[7 2],1,1,16,0,1
1,<environment.Job instance at 0x1477b52efa00>,1,16,[2 8],2,19,35,17,19
1,<environment.Job instance at 0x1477b52ef190>,1,3,[5 1],2,3,6,1,3
1,<environment.Job instance at 0x1477b54a1b40>,2,3,[2 5],4,4,7,0,4
1,<environment.Job instance at 0x1477de686d20>,3,13,[10  1],6,7,20,1,6
1,<environment.Job instance at 0x1477b5ec22d0>,5,20,[2 7],8,40,60,32,40
1,<environment.Job instance at 0x1477b59b5be0>,3,15,[1 8],5,5,20,0,5
1,<environment.Job instance at 0x1477b59b5140>,5,19,[2 9],9,22,41,13,22
1,<environment.Job instance at 0x1477b5e2eb90>,0,17,[9 2],1,1,18,0,1
1,<environment.Job instance at 0x1477b5562230>,4,17,[2 7],7,7,24,0,7
1,<environment.Job instance at 0x1477b55621e0>,5,14,[1 6],8,24,38,16,12
1,<environment.Job instance at 0x1477b5562b40>,0,19,[10  1],1,1,20,0,1
1,<environment.Job instance at 0x1477b5482c30>,0,15,[2 6],2,3,18,1,3
1,<environment.Job instance at 0x1477b549bfa0>,2,13,[5 1],4,17,30,13,17
1,<environment.Job instance at 0x1477b5a7ac30>,0,13,[10  1],1,1,14,0,1
1,<environment.Job instance at 0x1477b5590a50>,4,12,[7 1],7,27,39,20,27
1,<environment.Job instance at 0x1477b5e8ba50>,0,14,[2 5],1,1,15,0,1
1,<environment.Job instance at 0x1477b5e8b0a0>,2,12,[1 5],4,5,17,1,5
1,<environment.Job instance at 0x1477dff9daf0>,0,16,[1 5],4,5,21,1,5
1,<environment.Job instance at 0x1477dfb50eb0>,3,27,[10  2],8,21,48,13,19
1,<environment.Job instance at 0x1477d84173c0>,3,3,[10  2],8,8,11,0,8
1,<environment.Job instance at 0x1477b5e67d20>,0,17,[2 8],1,1,18,0,1
1,<environment.Job instance at 0x1477d893f410>,0,2,[2 9],1,1,3,0,1
1,<environment.Job instance at 0x1477d94841e0>,3,15,[2 7],4,4,19,0,4
1,<environment.Job instance at 0x1477b52820a0>,0,14,[2 8],1,1,15,0,1
1,<environment.Job instance at 0x1477b5d110f0>,2,16,[1 8],5,15,31,10,5
1,<environment.Job instance at 0x1477d9812b40>,3,18,[2 8],4,4,22,0,4
1,<environment.Job instance at 0x1477d98120a0>,4,13,[5 1],5,25,38,20,25
1,<environment.Job instance at 0x1477b5fc1230>,0,3,[1 5],1,1,4,0,1
1,<environment.Job instance at 0x1477b5a16b40>,2,13,[2 5],3,3,16,0,3
1,<environment.Job instance at 0x1477d6ede7d0>,4,12,[2 6],7,7,19,0,7
1,<environment.Job instance at 0x1477d6ed5be0>,2,16,[1 6],5,26,42,21,26
1,<environment.Job instance at 0x1477b588ee10>,0,12,[1 7],1,1,13,0,1
1,<environment.Job instance at 0x1477d97dd870>,2,19,[2 5],4,13,32,9,4
1,<environment.Job instance at 0x1477b588eeb0>,3,17,[2 9],5,32,49,27,29
1,<environment.Job instance at 0x1477b539b0f0>,0,12,[ 1 10],1,1,13,0,1
1,<environment.Job instance at 0x1477d6eda0f0>,0,14,[8 2],1,1,15,0,1
1,<environment.Job instance at 0x1477d98133c0>,3,25,[9 1],5,6,31,1,6
1,<environment.Job instance at 0x1477d8b590f0>,3,16,[6 2],7,30,46,23,30
1,<environment.Job instance at 0x1477ddbb45a0>,0,19,[9 1],1,1,20,0,1
1,<environment.Job instance at 0x1477b58a53c0>,3,15,[9 2],5,20,35,15,11
1,<environment.Job instance at 0x1477b5705cd0>,0,17,[9 1],1,1,18,0,1
1,<environment.Job instance at 0x1477b5fdd640>,6,13,[6 1],9,35,48,26,35
1,<environment.Job instance at 0x1477b5cdc2d0>,1,17,[1 9],3,3,20,0,3
1,<environment.Job instance at 0x1477b5cdc1e0>,4,14,[2 9],6,20,34,14,6
1,<environment.Job instance at 0x1477de60c9b0>,2,17,[1 8],3,3,20,0,3
1,<environment.Job instance at 0x1477b53c1140>,1,15,[ 2 10],2,4,19,2,4
1,<environment.Job instance at 0x1477b5b9fb90>,4,17,[1 7],6,19,36,13,18
1,<environment.Job instance at 0x1477b5754e60>,0,18,[6 1],1,2,20,1,2
1,<environment.Job instance at 0x1477b56eb640>,2,14,[5 2],5,5,19,0,5
1,<environment.Job instance at 0x1477d97f2460>,1,12,[5 2],3,3,15,0,3
1,<environment.Job instance at 0x1477d97f2140>,3,25,[10  1],7,15,40,8,11
1,<environment.Job instance at 0x1477d70f1aa0>,0,3,[9 2],1,1,4,0,1
1,<environment.Job instance at 0x1477daacc460>,5,21,[10  1],8,8,29,0,8
1,<environment.Job instance at 0x1477d6ece4b0>,0,17,[1 8],4,4,21,0,4
1,<environment.Job instance at 0x1477d6ece550>,2,17,[1 6],7,21,38,14,16
1,<environment.Job instance at 0x1477d88938c0>,0,26,[1 7],1,1,27,0,1
1,<environment.Job instance at 0x1477d8893a00>,1,13,[8 1],2,22,35,20,22
1,<environment.Job instance at 0x1477de51e550>,0,12,[6 2],1,2,14,1,2
1,<environment.Job instance at 0x1477de63b1e0>,6,14,[9 2],8,14,28,6,8
1,<environment.Job instance at 0x1477d7147730>,0,16,[9 1],1,1,17,0,1
1,<environment.Job instance at 0x1477d71479b0>,1,14,[1 6],2,2,16,0,2
1,<environment.Job instance at 0x1477b5599a50>,5,13,[10  1],7,16,29,9,7
1,<environment.Job instance at 0x1477b5599be0>,6,13,[2 5],8,29,42,21,18
1,<environment.Job instance at 0x1477b559a460>,1,27,[ 2 10],7,14,41,7,14
1,<environment.Job instance at 0x1477de52adc0>,0,15,[ 2 10],2,2,17,0,2
1,<environment.Job instance at 0x1477b5a545f0>,0,12,[7 2],1,1,13,0,1
1,<environment.Job instance at 0x1477b5a54460>,1,13,[10  1],4,13,26,9,4
1,<environment.Job instance at 0x1477b51e9230>,1,12,[9 1],2,6,18,4,6
1,<environment.Job instance at 0x1477ddcf5e60>,2,1,[2 6],3,5,6,2,5
1,<environment.Job instance at 0x1477ddcf9f50>,2,14,[5 2],3,3,17,0,3
1,<environment.Job instance at 0x1477d88d8820>,3,14,[8 2],5,17,31,12,17
1,<environment.Job instance at 0x1477b5fbe460>,0,27,[5 2],1,2,29,1,2
1,<environment.Job instance at 0x1477d40ac820>,0,18,[7 1],2,2,20,0,2
1,<environment.Job instance at 0x1477b5c05320>,0,15,[10  2],1,1,16,0,1
1,<environment.Job instance at 0x1477b5c6a2d0>,1,2,[ 2 10],3,3,5,0,3
1,<environment.Job instance at 0x1477b5b3e730>,0,15,[6 1],1,1,16,0,1
1,<environment.Job instance at 0x1477b5ced780>,3,1,[5 1],4,16,17,12,5
1,<environment.Job instance at 0x1477b52eb3c0>,0,14,[ 1 10],2,2,16,0,2
1,<environment.Job instance at 0x1477ddc88050>,0,12,[2 9],1,1,13,0,1
1,<environment.Job instance at 0x1477b56bdb40>,1,17,[ 2 10],2,2,19,0,2
1,<environment.Job instance at 0x1477e030b3c0>,6,2,[2 6],9,10,12,1,10
1,<environment.Job instance at 0x1477b544e8c0>,3,2,[9 1],5,73,75,68,73
1,<environment.Job instance at 0x1477de568370>,1,2,[2 6],2,2,4,0,2
1,<environment.Job instance at 0x1477de568f50>,2,17,[5 2],3,3,20,0,3
1,<environment.Job instance at 0x1477b52f7c30>,0,18,[10  2],1,1,19,0,1
1,<environment.Job instance at 0x1477d6ca0e10>,0,3,[1 9],1,1,4,0,1
1,<environment.Job instance at 0x1477d6ca0d20>,2,15,[6 1],8,54,69,46,54
1,<environment.Job instance at 0x1477d7169320>,3,16,[2 5],4,5,21,1,5
1,<environment.Job instance at 0x1477dfb6ee10>,1,15,[8 1],2,2,17,0,2
1,<environment.Job instance at 0x1477b548caa0>,4,19,[2 8],6,8,27,2,8
1,<environment.Job instance at 0x1477b54206e0>,3,15,[ 2 10],6,6,21,0,6
1,<environment.Job instance at 0x1477b58dac30>,4,18,[5 2],9,9,27,0,9
1,<environment.Job instance at 0x1477b561e460>,1,21,[10  2],4,4,25,0,4
1,<environment.Job instance at 0x1477b562caa0>,3,1,[10  2],7,7,8,0,7
1,<environment.Job instance at 0x1477b562cc30>,5,13,[2 9],9,9,22,0,9
1,<environment.Job instance at 0x1477d719df50>,0,12,[5 2],1,1,13,0,1
1,<environment.Job instance at 0x1477d719de10>,1,19,[9 1],2,13,32,11,11
1,<environment.Job instance at 0x1477b5466410>,3,18,[ 1 10],5,10,28,5,10
1,<environment.Job instance at 0x1477daab9140>,6,2,[2 9],9,64,66,55,64
1,<environment.Job instance at 0x1477daab9910>,3,13,[1 7],6,6,19,0,6
1,<environment.Job instance at 0x1477d88c51e0>,4,14,[10  2],8,19,33,11,8
1,<environment.Job instance at 0x1477b58c2910>,3,14,[ 2 10],6,6,20,0,6
1,<environment.Job instance at 0x1477b593f4b0>,2,20,[1 7],5,28,48,23,28
1,<environment.Job instance at 0x1477b55c7a00>,0,18,[7 2],1,1,19,0,1
1,<environment.Job instance at 0x1477b55c75f0>,2,15,[8 2],3,19,34,16,13
1,<environment.Job instance at 0x1477d8b14e10>,3,15,[10  1],8,8,23,0,8
1,<environment.Job instance at 0x1477b5ca9af0>,0,12,[1 7],1,1,13,0,1
1,<environment.Job instance at 0x1477b5a3cd20>,4,13,[2 7],5,22,35,17,22
1,<environment.Job instance at 0x1477d89b7820>,5,15,[1 5],7,44,59,37,44
1,<environment.Job instance at 0x1477d89a3050>,0,16,[2 8],2,2,18,0,2
1,<environment.Job instance at 0x1477b5d1ed70>,2,18,[2 5],4,18,36,14,14
1,<environment.Job instance at 0x1477d71319b0>,0,15,[1 8],1,1,16,0,1
1,<environment.Job instance at 0x1477b576d1e0>,4,14,[6 1],7,8,22,1,8
1,<environment.Job instance at 0x1477b576d3c0>,1,1,[5 2],2,2,3,0,2
1,<environment.Job instance at 0x1477b5811fa0>,4,12,[1 7],8,8,20,0,8
1,<environment.Job instance at 0x1477b5f04a50>,5,3,[2 7],9,20,23,11,9
1,<environment.Job instance at 0x1477d8a63dc0>,0,19,[9 2],1,1,20,0,1
1,<environment.Job instance at 0x1477d8a63be0>,2,12,[6 1],4,44,56,40,44
1,<environment.Job instance at 0x1477b5c61780>,2,12,[9 2],3,3,15,0,3
1,<environment.Job instance at 0x1477d8972280>,1,2,[5 1],2,2,4,0,2
1,<environment.Job instance at 0x1477b5d50f50>,2,28,[ 1 10],4,6,34,2,6
1,<environment.Job instance at 0x1477b5543190>,3,12,[5 1],4,5,17,1,5
1,<environment.Job instance at 0x1477b55437d0>,1,13,[1 6],2,2,15,0,2
1,<environment.Job instance at 0x1477b5f74820>,0,12,[5 1],1,3,15,2,3
1,<environment.Job instance at 0x1477b5f745f0>,3,17,[6 1],7,15,32,8,11
1,<environment.Job instance at 0x1477ddb99fa0>,0,14,[1 8],1,1,15,0,1
1,<environment.Job instance at 0x1477ddb99640>,1,18,[2 8],2,15,33,13,8
1,<environment.Job instance at 0x1477d8b3fc30>,1,16,[6 1],2,2,18,0,2
1,<environment.Job instance at 0x1477b5e2fd20>,3,14,[9 2],4,4,18,0,4
1,<environment.Job instance at 0x1477d97d75f0>,0,15,[8 2],1,1,16,0,1
1,<environment.Job instance at 0x1477d6ebcf00>,4,14,[ 2 10],6,16,30,10,8
1,<environment.Job instance at 0x1477d9550190>,0,16,[1 6],1,1,17,0,1
1,<environment.Job instance at 0x1477d9550460>,1,3,[2 6],3,17,20,14,3
1,<environment.Job instance at 0x1477d6ebc8c0>,2,14,[10  1],4,20,34,16,5
1,<environment.Job instance at 0x1477b57e2d70>,0,12,[7 2],2,4,16,2,4
1,<environment.Job instance at 0x1477b57e2230>,2,17,[6 2],6,16,33,10,13
1,<environment.Job instance at 0x1477de618640>,0,18,[10  1],1,1,19,0,1
1,<environment.Job instance at 0x1477b51d03c0>,2,16,[8 2],6,6,22,0,6
1,<environment.Job instance at 0x1477b5d77c30>,0,1,[7 2],1,1,2,0,1
1,<environment.Job instance at 0x1477b5d77280>,1,2,[8 1],2,2,4,0,2
1,<environment.Job instance at 0x1477b5d77f50>,2,17,[ 2 10],3,4,21,1,3
1,<environment.Job instance at 0x1477d898f140>,0,13,[8 1],1,1,14,0,1
1,<environment.Job instance at 0x1477d942cdc0>,0,15,[10  2],1,1,16,0,1
1,<environment.Job instance at 0x1477d899c730>,0,14,[2 5],1,1,15,0,1
1,<environment.Job instance at 0x1477b5d2a550>,2,2,[6 2],5,5,7,0,5
1,<environment.Job instance at 0x1477b59f6370>,4,17,[2 9],8,8,25,0,8
1,<environment.Job instance at 0x1477b5919af0>,0,17,[ 1 10],1,1,18,0,1
1,<environment.Job instance at 0x1477b546b550>,0,3,[2 5],1,1,4,0,1
1,<environment.Job instance at 0x1477d946e780>,3,3,[7 1],4,6,9,2,6
1,<environment.Job instance at 0x1477ddc517d0>,1,12,[2 8],3,3,15,0,3
1,<environment.Job instance at 0x1477b5adc5f0>,2,14,[10  2],4,15,29,11,4
1,<environment.Job instance at 0x1477d77c7460>,0,12,[5 1],2,2,14,0,2
1,<environment.Job instance at 0x1477b5c49690>,2,18,[2 9],5,5,23,0,5
1,<environment.Job instance at 0x1477b59ccd70>,1,13,[6 1],2,6,19,4,6
1,<environment.Job instance at 0x1477d97d7780>,1,14,[2 8],2,2,16,0,2
1,<environment.Job instance at 0x1477b5c8d3c0>,3,17,[7 2],5,6,23,1,6
1,<environment.Job instance at 0x1477d8b20aa0>,4,13,[8 1],8,23,36,15,10
1,<environment.Job instance at 0x1477b58cd7d0>,0,18,[8 1],1,1,19,0,1
1,<environment.Job instance at 0x1477d97c5af0>,0,2,[7 1],2,2,4,0,2
1,<environment.Job instance at 0x1477b5efeeb0>,0,13,[ 1 10],1,1,14,0,1
1,<environment.Job instance at 0x1477d9432dc0>,2,13,[7 2],5,14,27,9,10
1,<environment.Job instance at 0x1477d9432460>,1,14,[6 2],4,5,19,1,5
1,<environment.Job instance at 0x1477dc74abe0>,3,18,[10  2],6,19,37,13,8
1,<environment.Job instance at 0x1477b5ac9640>,0,12,[5 2],1,1,13,0,1
1,<environment.Job instance at 0x1477b5236eb0>,0,15,[7 1],1,2,17,1,2
1,<environment.Job instance at 0x1477d943ddc0>,0,1,[1 7],1,1,2,0,1
1,<environment.Job instance at 0x1477d943da50>,1,14,[7 1],3,4,18,1,4
1,<environment.Job instance at 0x1477b5ed15f0>,3,17,[6 2],9,18,35,9,15
1,<environment.Job instance at 0x1477b5ed13c0>,0,3,[8 2],2,2,5,0,2
1,<environment.Job instance at 0x1477b5ed19b0>,1,14,[10  2],3,5,19,2,3
1,<environment.Job instance at 0x1477b591c370>,3,17,[1 9],5,19,36,14,17
1,<environment.Job instance at 0x1477d8b30c80>,2,17,[6 1],7,8,25,1,8
1,<environment.Job instance at 0x1477b5f2beb0>,1,18,[2 8],2,3,21,1,3
1,<environment.Job instance at 0x1477d8b30500>,2,13,[7 2],5,8,21,3,8
1,<environment.Job instance at 0x1477b56980f0>,0,3,[5 2],1,1,4,0,1
1,<environment.Job instance at 0x1477b5698be0>,2,3,[1 5],4,5,8,1,5
1,<environment.Job instance at 0x1477b557a280>,0,28,[10  1],1,1,29,0,1
1,<environment.Job instance at 0x1477b557ae60>,4,18,[8 2],6,29,47,23,27
1,<environment.Job instance at 0x1477de5a3230>,0,14,[8 2],1,1,15,0,1
1,<environment.Job instance at 0x1477b5e23460>,0,14,[7 2],1,1,15,0,1
1,<environment.Job instance at 0x1477b55fb6e0>,3,16,[10  1],4,4,20,0,4
1,<environment.Job instance at 0x1477de5aa870>,4,17,[9 2],7,7,24,0,7
1,<environment.Job instance at 0x1477d95482d0>,1,15,[7 2],3,4,19,1,4
1,<environment.Job instance at 0x1477b59d92d0>,2,13,[ 2 10],5,19,32,14,5
1,<environment.Job instance at 0x1477b5d63320>,0,16,[6 1],1,5,21,4,5
1,<environment.Job instance at 0x1477d94c99b0>,2,18,[6 1],3,12,30,9,12
1,<environment.Job instance at 0x1477d94c94b0>,0,16,[6 2],2,16,32,14,16
1,<environment.Job instance at 0x1477d9421640>,1,13,[1 5],2,2,15,0,2
1,<environment.Job instance at 0x1477d9421910>,6,18,[1 8],8,15,33,7,8
1,<environment.Job instance at 0x1477b5bdeaa0>,0,3,[9 2],1,1,4,0,1
1,<environment.Job instance at 0x1477d94214b0>,1,12,[8 1],2,4,16,2,3
1,<environment.Job instance at 0x1477d9827690>,3,16,[ 2 10],8,62,78,54,62
1,<environment.Job instance at 0x1477d716cc30>,0,17,[2 7],3,3,20,0,3
1,<environment.Job instance at 0x1477b5383550>,0,15,[10  1],1,1,16,0,1
1,<environment.Job instance at 0x1477ddcd5140>,1,17,[6 1],3,16,33,13,6
1,<environment.Job instance at 0x1477ddcd8460>,1,15,[2 9],2,2,17,0,2
1,<environment.Job instance at 0x1477b54db6e0>,2,15,[7 2],3,17,32,14,15
1,<environment.Job instance at 0x1477b5d22050>,0,3,[6 1],2,2,5,0,2
1,<environment.Job instance at 0x1477d8900b40>,1,14,[2 5],3,3,17,0,3
1,<environment.Job instance at 0x1477d8900a50>,3,16,[5 1],5,14,30,9,14
1,<environment.Job instance at 0x1477b5cbd9b0>,0,1,[2 5],1,1,2,0,1
1,<environment.Job instance at 0x1477b5b58780>,3,2,[8 1],7,7,9,0,7
1,<environment.Job instance at 0x1477b5c0f820>,4,12,[8 1],7,7,19,0,7
1,<environment.Job instance at 0x1477b5c0f500>,5,12,[7 1],8,22,34,14,22
1,<environment.Job instance at 0x1477ddbb0550>,1,16,[1 9],3,3,19,0,3
1,<environment.Job instance at 0x1477d89bdf50>,4,14,[ 1 10],9,9,23,0,9
1,<environment.Job instance at 0x1477b5f7a3c0>,2,18,[2 7],5,5,23,0,5
1,<environment.Job instance at 0x1477d891af50>,3,19,[8 1],4,4,23,0,4
1,<environment.Job instance at 0x1477d71411e0>,0,14,[ 2 10],1,1,15,0,1
1,<environment.Job instance at 0x1477ddcb9aa0>,0,17,[2 5],2,2,19,0,2
1,<environment.Job instance at 0x1477ddcb99b0>,5,16,[10  2],9,19,35,10,9
1,<environment.Job instance at 0x1477d70f2370>,5,15,[7 2],6,24,39,18,24
1,<environment.Job instance at 0x1477d77c19b0>,2,12,[10  1],3,3,15,0,3
1,<environment.Job instance at 0x1477b5b72b40>,0,18,[8 1],2,3,21,1,3
1,<environment.Job instance at 0x1477b53460f0>,2,18,[1 6],4,4,22,0,4
1,<environment.Job instance at 0x1477b5791140>,0,13,[2 5],2,2,15,0,2
1,<environment.Job instance at 0x1477b5dac820>,0,13,[7 2],1,1,14,0,1
1,<environment.Job instance at 0x1477b5dac2d0>,1,14,[7 1],2,14,28,12,7
1,<environment.Job instance at 0x1477b56260f0>,0,2,[1 6],1,1,3,0,1
1,<environment.Job instance at 0x1477b5735910>,2,3,[1 5],3,3,6,0,3
1,<environment.Job instance at 0x1477b5626190>,3,3,[2 9],4,6,9,2,4
1,<environment.Job instance at 0x1477b5aaf730>,0,2,[6 2],4,4,6,0,4
1,<environment.Job instance at 0x1477d9430b90>,1,12,[2 8],5,5,17,0,5
1,<environment.Job instance at 0x1477d6c7db40>,2,13,[9 2],7,17,30,10,8
1,<environment.Job instance at 0x1477b5a50dc0>,0,15,[5 2],1,1,16,0,1
1,<environment.Job instance at 0x1477b5a50e10>,1,13,[1 6],2,5,18,3,5
1,<environment.Job instance at 0x1477d841ee10>,6,12,[5 2],7,16,28,9,9
1,<environment.Job instance at 0x1477d946e370>,2,12,[2 8],5,5,17,0,5
1,<environment.Job instance at 0x1477b58f8370>,0,3,[2 5],2,2,5,0,2
1,<environment.Job instance at 0x1477b598dcd0>,3,16,[1 8],5,5,21,0,5
1,<environment.Job instance at 0x1477b542aaf0>,0,22,[2 9],1,3,25,2,3
1,<environment.Job instance at 0x1477d88c2780>,0,13,[7 1],1,3,16,2,3
1,<environment.Job instance at 0x1477d88c2820>,2,14,[10  2],4,16,30,12,6
1,<environment.Job instance at 0x1477b5b6aeb0>,0,2,[8 1],1,1,3,0,1
1,<environment.Job instance at 0x1477d70f0c30>,4,18,[8 2],5,5,23,0,5
1,<environment.Job instance at 0x1477b5b6a230>,6,17,[8 1],8,23,40,15,11
1,<environment.Job instance at 0x1477ddcf18c0>,0,18,[ 2 10],3,4,22,1,4
1,<environment.Job instance at 0x1477b5d76d70>,1,12,[5 1],5,22,34,17,20
1,<environment.Job instance at 0x1477b5cba9b0>,0,13,[5 2],1,1,14,0,1
1,<environment.Job instance at 0x1477b5cba280>,1,13,[9 2],2,14,27,12,3
1,<environment.Job instance at 0x1477b52ef0f0>,5,17,[1 8],7,14,31,7,14
1,<environment.Job instance at 0x1477d71010a0>,4,18,[7 1],7,9,27,2,9
1,<environment.Job instance at 0x1477b53277d0>,2,14,[2 7],5,5,19,0,5
1,<environment.Job instance at 0x1477b5a2b410>,1,2,[5 2],3,3,5,0,3
1,<environment.Job instance at 0x1477d71789b0>,5,20,[6 2],9,10,30,1,10
1,<environment.Job instance at 0x1477d88fac80>,1,19,[1 7],2,28,47,26,28
1,<environment.Job instance at 0x1477dffaf820>,0,18,[8 2],2,2,20,0,2
1,<environment.Job instance at 0x1477d88fac80>,1,26,[10  2],6,20,46,14,17
1,<environment.Job instance at 0x1477de6820a0>,0,2,[7 1],1,1,3,0,1
1,<environment.Job instance at 0x1477de682f00>,1,14,[10  2],2,3,17,1,2
1,<environment.Job instance at 0x1477ddbd5c30>,6,16,[9 2],9,17,33,8,9
1,<environment.Job instance at 0x1477b5e434b0>,0,18,[2 7],3,3,21,0,3
1,<environment.Job instance at 0x1477b5562910>,2,15,[1 8],4,4,19,0,4
1,<environment.Job instance at 0x1477d6ece820>,2,14,[2 5],5,5,19,0,5
1,<environment.Job instance at 0x1477d943e870>,3,14,[2 9],6,19,33,13,11
1,<environment.Job instance at 0x1477ddc6f5a0>,0,18,[2 7],2,2,20,0,2
1,<environment.Job instance at 0x1477ddc6fdc0>,1,16,[1 8],3,20,36,17,9
1,<environment.Job instance at 0x1477d7128730>,0,12,[7 2],1,2,14,1,2
1,<environment.Job instance at 0x1477d40a8cd0>,6,14,[6 1],7,22,36,15,22
1,<environment.Job instance at 0x1477de584370>,0,2,[2 5],2,2,4,0,2
1,<environment.Job instance at 0x1477de584a00>,1,26,[1 9],3,8,34,5,8
1,<environment.Job instance at 0x1477b5a3b320>,5,17,[1 8],9,34,51,25,24
1,<environment.Job instance at 0x1477d98670a0>,4,15,[2 6],6,23,38,17,23
1,<environment.Job instance at 0x1477b54dbc30>,0,12,[1 6],2,2,14,0,2
1,<environment.Job instance at 0x1477b54db230>,1,15,[6 2],5,6,21,1,6
1,<environment.Job instance at 0x1477e070c7d0>,0,19,[10  2],1,1,20,0,1
1,<environment.Job instance at 0x1477e07ef320>,1,1,[5 1],3,3,4,0,3
1,<environment.Job instance at 0x1477b5fdf870>,2,2,[5 1],6,6,8,0,6
1,<environment.Job instance at 0x1477d8a7f0f0>,4,23,[10  2],6,6,29,0,6
1,<environment.Job instance at 0x1477d6c730a0>,1,14,[7 1],3,3,17,0,3
1,<environment.Job instance at 0x1477b5270140>,1,15,[8 1],2,2,17,0,2
1,<environment.Job instance at 0x1477b58fdfa0>,0,17,[5 1],2,2,19,0,2
1,<environment.Job instance at 0x1477b58fd370>,1,2,[1 5],4,4,6,0,4
1,<environment.Job instance at 0x1477b5243a00>,0,13,[1 7],2,2,15,0,2
1,<environment.Job instance at 0x1477d8964e60>,3,13,[8 2],5,5,18,0,5
1,<environment.Job instance at 0x1477b5c19280>,7,13,[6 1],9,27,40,18,27
1,<environment.Job instance at 0x1477b5f55050>,3,22,[10  1],8,8,30,0,8
1,<environment.Job instance at 0x1477b5241f00>,2,15,[2 6],6,6,21,0,6
1,<environment.Job instance at 0x1477d8a496e0>,1,17,[1 6],2,2,19,0,2
1,<environment.Job instance at 0x1477d978ebe0>,4,15,[9 2],6,8,23,2,8
1,<environment.Job instance at 0x1477daaad640>,0,13,[8 2],1,1,14,0,1
1,<environment.Job instance at 0x1477b5c61230>,1,16,[1 8],2,5,21,3,5
1,<environment.Job instance at 0x1477d888dc30>,4,18,[6 2],6,15,33,9,15
1,<environment.Job instance at 0x1477d88783c0>,0,13,[ 2 10],1,1,14,0,1
1,<environment.Job instance at 0x1477b5f3af50>,5,3,[1 5],8,14,17,6,8
1,<environment.Job instance at 0x1477d945d730>,0,16,[2 9],1,1,17,0,1
1,<environment.Job instance at 0x1477b59fa5a0>,1,16,[ 1 10],3,3,19,0,3
1,<environment.Job instance at 0x1477b5d76f00>,2,2,[2 7],6,6,8,0,6
1,<environment.Job instance at 0x1477b5813d70>,0,17,[8 1],1,1,18,0,1
1,<environment.Job instance at 0x1477b58136e0>,1,15,[10  1],2,18,33,16,6
1,<environment.Job instance at 0x1477d94d7e10>,5,12,[5 2],7,95,107,88,95
1,<environment.Job instance at 0x1477d94d7500>,1,28,[9 1],2,2,30,0,2
1,<environment.Job instance at 0x1477b54d94b0>,7,18,[8 2],9,30,48,21,23
1,<environment.Job instance at 0x1477b55ccfa0>,3,12,[9 1],4,4,16,0,4
1,<environment.Job instance at 0x1477b55d31e0>,4,17,[ 2 10],5,16,33,11,9
1,<environment.Job instance at 0x1477b55d39b0>,3,15,[ 1 10],7,8,23,1,8
1,<environment.Job instance at 0x1477b5b18a00>,4,14,[2 6],9,23,37,14,21
1,<environment.Job instance at 0x1477b5d68a50>,1,2,[8 1],3,3,5,0,3
1,<environment.Job instance at 0x1477b5f505a0>,3,15,[9 2],7,7,22,0,7
1,<environment.Job instance at 0x1477b5f09230>,1,15,[6 2],2,3,18,1,3
1,<environment.Job instance at 0x1477b5f09140>,2,16,[1 5],5,5,21,0,5
1,<environment.Job instance at 0x1477d88615a0>,5,14,[1 7],9,21,35,12,9
1,<environment.Job instance at 0x1477dfb43a50>,3,15,[ 2 10],5,5,20,0,5
1,<environment.Job instance at 0x1477b5896af0>,6,15,[2 8],8,20,35,12,8
1,<environment.Job instance at 0x1477d955b1e0>,4,20,[10  2],8,12,32,4,12
1,<environment.Job instance at 0x1477b52e6370>,0,19,[2 8],1,1,20,0,1
1,<environment.Job instance at 0x1477d8b33a00>,2,20,[2 9],4,20,40,16,19
1,<environment.Job instance at 0x1477b586a5a0>,4,13,[1 7],7,7,20,0,7
1,<environment.Job instance at 0x1477ddce2730>,5,16,[6 1],9,38,54,29,38
1,<environment.Job instance at 0x1477ddce2e60>,1,16,[9 1],3,3,19,0,3
1,<environment.Job instance at 0x1477b54e4050>,0,14,[5 2],2,4,18,2,4
1,<environment.Job instance at 0x1477b596cb90>,0,16,[10  2],3,3,19,0,3
1,<environment.Job instance at 0x1477d940bc30>,1,18,[5 1],2,2,20,0,2
1,<environment.Job instance at 0x1477b53585f0>,3,12,[2 7],5,7,19,2,7
1,<environment.Job instance at 0x1477b5e6be10>,3,14,[ 1 10],6,7,21,1,7
1,<environment.Job instance at 0x1477b58ab140>,1,3,[5 2],6,7,10,1,7
1,<environment.Job instance at 0x1477b54318c0>,0,18,[ 1 10],1,1,19,0,1
1,<environment.Job instance at 0x1477b5ef4140>,0,12,[1 6],1,1,13,0,1
1,<environment.Job instance at 0x1477dfbf2b90>,2,17,[1 5],4,13,30,9,9
1,<environment.Job instance at 0x1477d97922d0>,0,17,[10  1],1,1,18,0,1
1,<environment.Job instance at 0x1477d9792820>,2,14,[1 8],5,18,32,13,8
1,<environment.Job instance at 0x1477d97daa00>,2,12,[2 7],3,4,16,1,4
1,<environment.Job instance at 0x1477b57f56e0>,0,18,[2 6],1,1,19,0,1
1,<environment.Job instance at 0x1477de61b050>,0,18,[2 8],2,3,21,1,3
1,<environment.Job instance at 0x1477d8aaf910>,1,16,[1 8],3,3,19,0,3
1,<environment.Job instance at 0x1477b58da3c0>,4,17,[8 1],9,12,29,3,12
1,<environment.Job instance at 0x1477d40c23c0>,0,15,[1 7],1,1,16,0,1
1,<environment.Job instance at 0x1477df504b40>,0,13,[1 6],1,1,14,0,1
1,<environment.Job instance at 0x1477df504a50>,1,18,[ 1 10],6,14,32,8,6
1,<environment.Job instance at 0x1477d8ab7910>,0,1,[1 7],1,3,4,2,3
1,<environment.Job instance at 0x1477dfbe9be0>,3,18,[2 9],6,6,24,0,6
1,<environment.Job instance at 0x1477b5201eb0>,1,2,[2 5],2,2,4,0,2
1,<environment.Job instance at 0x1477d9497910>,4,15,[1 7],5,5,20,0,5
1,<environment.Job instance at 0x1477d9497960>,5,18,[ 2 10],6,20,38,14,13
1,<environment.Job instance at 0x1477d947f5a0>,1,21,[10  2],2,2,23,0,2
1,<environment.Job instance at 0x1477d982ddc0>,0,1,[ 1 10],2,2,3,0,2
1,<environment.Job instance at 0x1477d891a140>,0,14,[1 5],1,2,16,1,2
1,<environment.Job instance at 0x1477d891ab90>,3,16,[8 1],4,24,40,20,24
1,<environment.Job instance at 0x1477d891af00>,1,18,[ 2 10],3,3,21,0,3
1,<environment.Job instance at 0x1477b54e4140>,2,12,[10  2],4,21,33,17,11
1,<environment.Job instance at 0x1477d9445eb0>,2,3,[2 6],5,6,9,1,6
1,<environment.Job instance at 0x1477d95508c0>,3,12,[9 1],4,4,16,0,4
1,<environment.Job instance at 0x1477de665cd0>,5,18,[2 6],8,9,27,1,9
1,<environment.Job instance at 0x1477d93d1690>,0,18,[1 9],1,1,19,0,1
1,<environment.Job instance at 0x1477ddba9b90>,0,1,[10  2],1,1,2,0,1
1,<environment.Job instance at 0x1477b526f0f0>,0,21,[2 7],2,12,33,10,12
1,<environment.Job instance at 0x1477b51b2fa0>,6,17,[7 2],9,9,26,0,9
1,<environment.Job instance at 0x1477ddc3a640>,0,16,[5 2],2,2,18,0,2
1,<environment.Job instance at 0x1477b5e6b410>,3,3,[ 2 10],4,4,7,0,4
1,<environment.Job instance at 0x1477d89de6e0>,4,17,[2 8],7,7,24,0,7
1,<environment.Job instance at 0x1477dc733410>,0,13,[2 6],1,1,14,0,1
1,<environment.Job instance at 0x1477b5319f00>,2,27,[ 1 10],3,3,30,0,3
1,<environment.Job instance at 0x1477b5e8c7d0>,0,18,[6 2],1,1,19,0,1
1,<environment.Job instance at 0x1477b5a43aa0>,2,15,[6 2],4,4,19,0,4
1,<environment.Job instance at 0x1477b5a971e0>,3,15,[2 9],5,19,34,14,6
1,<environment.Job instance at 0x1477d940ae60>,0,14,[8 2],2,2,16,0,2
1,<environment.Job instance at 0x1477b52437d0>,0,18,[1 7],1,2,20,1,2
1,<environment.Job instance at 0x1477dfbf28c0>,3,14,[8 2],5,11,25,6,11
1,<environment.Job instance at 0x1477d8907550>,0,14,[9 1],1,1,15,0,1
1,<environment.Job instance at 0x1477b5ab70f0>,0,1,[5 2],2,2,3,0,2
1,<environment.Job instance at 0x1477b5243230>,0,16,[9 1],2,2,18,0,2
1,<environment.Job instance at 0x1477d9778f50>,4,17,[2 8],8,18,35,10,8
1,<environment.Job instance at 0x1477b5c00280>,3,28,[ 2 10],5,118,146,113,118
1,<environment.Job instance at 0x1477b5a50320>,0,17,[6 1],1,8,25,7,8
1,<environment.Job instance at 0x1477b56c6dc0>,0,25,[9 1],1,1,26,0,1
1,<environment.Job instance at 0x1477b5db1140>,0,15,[6 2],1,2,17,1,2
1,<environment.Job instance at 0x1477b5db1eb0>,3,2,[1 8],5,5,7,0,5
1,<environment.Job instance at 0x1477b5fddbe0>,2,14,[6 1],5,5,19,0,5
1,<environment.Job instance at 0x1477d89e10a0>,0,13,[2 8],1,1,14,0,1
1,<environment.Job instance at 0x1477d89e1050>,1,18,[1 7],3,14,32,11,8
1,<environment.Job instance at 0x1477b5fcb8c0>,2,19,[1 5],6,7,26,1,7
1,<environment.Job instance at 0x1477d8872aa0>,0,16,[2 5],1,1,17,0,1
1,<environment.Job instance at 0x1477b59f6dc0>,0,18,[8 2],1,1,19,0,1
1,<environment.Job instance at 0x1477daad2690>,5,17,[2 9],7,8,25,1,8
1,<environment.Job instance at 0x1477b591ad70>,0,15,[6 1],2,2,17,0,2
1,<environment.Job instance at 0x1477b567b640>,6,18,[6 1],9,18,36,9,18
1,<environment.Job instance at 0x1477daaadfa0>,5,19,[8 1],9,9,28,0,9
1,<environment.Job instance at 0x1477b5ada4b0>,0,25,[2 9],2,2,27,0,2
1,<environment.Job instance at 0x1477daaaddc0>,1,15,[1 5],3,27,42,24,25
1,<environment.Job instance at 0x1477b51b01e0>,2,20,[2 7],4,5,25,1,5
1,<environment.Job instance at 0x1477b5ec8dc0>,1,17,[2 6],2,3,20,1,3
1,<environment.Job instance at 0x1477b51b0be0>,3,13,[6 2],6,19,32,13,19
1,<environment.Job instance at 0x1477d952b140>,0,13,[10  1],1,1,14,0,1
1,<environment.Job instance at 0x1477b5715aa0>,5,22,[10  2],7,14,36,7,7
1,<environment.Job instance at 0x1477b56e2c30>,5,14,[2 8],9,9,23,0,9
1,<environment.Job instance at 0x1477b5fab500>,1,2,[ 1 10],2,2,4,0,2
1,<environment.Job instance at 0x1477b5fab5a0>,2,12,[10  2],3,4,16,1,3
1,<environment.Job instance at 0x1477d94b2c30>,3,13,[2 6],6,6,19,0,6
1,<environment.Job instance at 0x1477d40d5960>,0,13,[6 1],1,3,16,2,3
1,<environment.Job instance at 0x1477ddc935f0>,1,20,[2 9],6,6,26,0,6
1,<environment.Job instance at 0x1477d97fb5a0>,0,12,[8 1],1,1,13,0,1
1,<environment.Job instance at 0x1477d97fbaf0>,3,18,[9 2],4,13,31,9,11
1,<environment.Job instance at 0x1477d8adb5a0>,0,15,[9 2],1,1,16,0,1
1,<environment.Job instance at 0x1477d9555410>,3,16,[1 8],7,7,23,0,7
1,<environment.Job instance at 0x1477d6c615f0>,2,28,[1 7],3,74,102,71,74
1,<environment.Job instance at 0x1477d978e2d0>,3,13,[2 7],4,5,18,1,5
1,<environment.Job instance at 0x1477d8aaf640>,0,16,[2 5],1,1,17,0,1
1,<environment.Job instance at 0x1477d8aaf690>,2,12,[5 2],4,21,33,17,21
1,<environment.Job instance at 0x1477d6c94870>,0,19,[6 1],1,3,22,2,3
1,<environment.Job instance at 0x1477d77d3370>,2,12,[1 5],4,4,16,0,4
1,<environment.Job instance at 0x1477d94b37d0>,0,3,[1 9],1,1,4,0,1
1,<environment.Job instance at 0x1477d88d0a50>,4,16,[1 8],6,6,22,0,6
1,<environment.Job instance at 0x1477d88d0230>,5,12,[ 1 10],7,22,34,15,7
1,<environment.Job instance at 0x1477b59cb280>,4,16,[9 1],9,9,25,0,9
1,<environment.Job instance at 0x1477ddbe8b40>,2,13,[1 5],5,6,19,1,6
1,<environment.Job instance at 0x1477b5f94b90>,5,13,[ 1 10],6,6,19,0,6
1,<environment.Job instance at 0x1477ddcf3870>,6,15,[1 8],9,9,24,0,9
1,<environment.Job instance at 0x1477dfb505f0>,1,13,[6 1],2,4,17,2,4
1,<environment.Job instance at 0x1477dfb50a50>,4,17,[8 2],5,17,34,12,5
1,<environment.Job instance at 0x1477dfb509b0>,2,12,[1 7],5,5,17,0,5
1,<environment.Job instance at 0x1477d97f3320>,6,14,[6 1],9,9,23,0,9
1,<environment.Job instance at 0x1477d7196d70>,0,16,[5 2],1,1,17,0,1
1,<environment.Job instance at 0x1477ddc31320>,1,1,[6 1],3,4,5,1,4
1,<environment.Job instance at 0x1477b5ab0140>,2,17,[5 2],5,5,22,0,5
1,<environment.Job instance at 0x1477d9525640>,1,1,[2 5],6,6,7,0,6
1,<environment.Job instance at 0x1477b5b18eb0>,4,17,[1 6],9,9,26,0,9
1,<environment.Job instance at 0x1477ddceb730>,4,13,[1 6],6,7,20,1,7
1,<environment.Job instance at 0x1477b56e4af0>,4,16,[6 1],5,5,21,0,5
1,<environment.Job instance at 0x1477b56e4a00>,0,17,[10  2],1,1,18,0,1
1,<environment.Job instance at 0x1477e07c60a0>,0,2,[9 1],1,1,3,0,1
1,<environment.Job instance at 0x1477b5324f00>,1,17,[5 1],2,4,21,2,4
1,<environment.Job instance at 0x1477b5da0eb0>,4,17,[9 2],7,7,24,0,7
1,<environment.Job instance at 0x1477b5f2bd70>,1,2,[5 1],2,2,4,0,2
1,<environment.Job instance at 0x1477ddc45410>,3,24,[9 2],5,5,29,0,5
1,<environment.Job instance at 0x1477ddc45f50>,4,16,[9 1],8,29,45,21,16
1,<environment.Job instance at 0x1477de5ee4b0>,3,18,[7 2],4,16,34,12,16
1,<environment.Job instance at 0x1477d40ba0f0>,0,16,[7 2],1,1,17,0,1
1,<environment.Job instance at 0x1477d717faf0>,2,17,[1 7],3,3,20,0,3
1,<environment.Job instance at 0x1477d985dc80>,2,15,[ 2 10],4,4,19,0,4
1,<environment.Job instance at 0x1477b5c7a410>,6,15,[8 1],9,19,34,10,12
1,<environment.Job instance at 0x1477b5c7a4b0>,1,18,[5 1],2,3,21,1,3
1,<environment.Job instance at 0x1477b5c7a9b0>,3,12,[8 2],4,21,33,17,9
1,<environment.Job instance at 0x1477b5c92820>,5,19,[ 2 10],7,9,28,2,9
1,<environment.Job instance at 0x1477d892ecd0>,2,15,[2 9],4,4,19,0,4
1,<environment.Job instance at 0x1477d945d640>,0,1,[5 2],2,4,5,2,4
1,<environment.Job instance at 0x1477b5d32730>,4,12,[ 2 10],6,6,18,0,6
1,<environment.Job instance at 0x1477d945db40>,6,17,[9 2],8,18,35,10,8
1,<environment.Job instance at 0x1477d8a49d20>,0,14,[2 8],2,2,16,0,2
1,<environment.Job instance at 0x1477d6ebf910>,0,15,[8 1],2,2,17,0,2
1,<environment.Job instance at 0x1477e0774eb0>,4,2,[5 2],8,9,11,1,9
1,<environment.Job instance at 0x1477b57ab140>,4,13,[7 1],8,10,23,2,10
1,<environment.Job instance at 0x1477d77df0a0>,0,2,[9 1],1,1,3,0,1
1,<environment.Job instance at 0x1477dfc2aa50>,3,12,[ 1 10],6,6,18,0,6
1,<environment.Job instance at 0x1477b53a9370>,4,18,[10  2],7,18,36,11,7
1,<environment.Job instance at 0x1477d89bbdc0>,0,17,[1 8],2,2,19,0,2
1,<environment.Job instance at 0x1477b5256280>,0,24,[9 2],1,1,25,0,1
1,<environment.Job instance at 0x1477b5417b40>,1,18,[2 9],2,51,69,49,51
1,<environment.Job instance at 0x1477d9862780>,5,20,[1 9],9,78,98,69,78
1,<environment.Job instance at 0x1477b58d5550>,0,12,[2 6],1,2,14,1,2
1,<environment.Job instance at 0x1477d8b5bf00>,2,18,[10  2],6,6,24,0,6
1,<environment.Job instance at 0x1477d9561d70>,3,2,[6 1],4,5,7,1,5
1,<environment.Job instance at 0x1477b59cfaa0>,0,3,[5 2],1,1,4,0,1
1,<environment.Job instance at 0x1477b59cf0f0>,3,16,[5 2],8,8,24,0,8
1,<environment.Job instance at 0x1477b59f65f0>,0,27,[8 1],1,1,28,0,1
1,<environment.Job instance at 0x1477b59f6140>,0,2,[10  1],2,2,4,0,2
1,<environment.Job instance at 0x1477d8b30d20>,1,17,[1 6],4,4,21,0,4
1,<environment.Job instance at 0x1477b5fd9460>,0,18,[5 1],1,4,22,3,4
1,<environment.Job instance at 0x1477b5602e10>,1,19,[8 2],3,3,22,0,3
1,<environment.Job instance at 0x1477d409c960>,3,14,[1 5],6,8,22,2,8
1,<environment.Job instance at 0x1477b5387af0>,0,3,[ 1 10],3,3,6,0,3
1,<environment.Job instance at 0x1477b5387910>,1,16,[2 6],4,6,22,2,5
1,<environment.Job instance at 0x1477b5662230>,1,25,[8 2],5,6,31,1,6
1,<environment.Job instance at 0x1477b5fa91e0>,4,15,[5 1],7,117,132,110,117
1,<environment.Job instance at 0x1477d9413960>,1,15,[8 2],4,4,19,0,4
1,<environment.Job instance at 0x1477b5181910>,2,3,[10  1],6,9,12,3,9
1,<environment.Job instance at 0x1477e0a4aaf0>,1,13,[2 8],2,2,15,0,2
1,<environment.Job instance at 0x1477ddc48b40>,2,13,[6 2],3,3,16,0,3
1,<environment.Job instance at 0x1477b58abf50>,6,19,[10  1],8,8,27,0,8
1,<environment.Job instance at 0x1477b58abeb0>,7,18,[1 7],9,27,45,18,27
1,<environment.Job instance at 0x1477b524b410>,4,13,[10  1],8,8,21,0,8
1,<environment.Job instance at 0x1477d955d410>,0,26,[2 9],1,4,30,3,4
1,<environment.Job instance at 0x1477b5192050>,3,16,[2 8],9,9,25,0,9
1,<environment.Job instance at 0x1477b56636e0>,5,18,[2 5],6,17,35,11,17
1,<environment.Job instance at 0x1477b5a73a00>,0,12,[1 5],2,2,14,0,2
1,<environment.Job instance at 0x1477b5a73e10>,1,17,[1 7],3,14,31,11,4
1,<environment.Job instance at 0x1477b5d52550>,0,12,[2 6],1,1,13,0,1
1,<environment.Job instance at 0x1477d8934320>,6,18,[5 2],8,55,73,47,55
1,<environment.Job instance at 0x1477d8934050>,0,18,[1 6],3,5,23,2,5
1,<environment.Job instance at 0x1477d8990a50>,0,23,[10  1],2,2,25,0,2
1,<environment.Job instance at 0x1477d9778f00>,3,14,[6 2],9,25,39,16,10
1,<environment.Job instance at 0x1477b5326140>,0,12,[1 7],1,1,13,0,1
1,<environment.Job instance at 0x1477b5c494b0>,3,18,[8 1],4,4,22,0,4
1,<environment.Job instance at 0x1477dc726cd0>,0,17,[6 1],1,1,18,0,1
1,<environment.Job instance at 0x1477b54a2410>,2,12,[7 1],3,20,32,17,20
1,<environment.Job instance at 0x1477b5c6b730>,2,17,[1 6],4,5,22,1,5
1,<environment.Job instance at 0x1477b5c6b5f0>,3,16,[9 2],7,7,23,0,7
1,<environment.Job instance at 0x1477b530c410>,5,12,[ 2 10],9,23,35,14,11
1,<environment.Job instance at 0x1477d8900dc0>,0,2,[10  1],1,2,4,1,2
1,<environment.Job instance at 0x1477d9437820>,2,22,[9 1],4,4,26,0,4
1,<environment.Job instance at 0x1477b596c4b0>,3,2,[1 5],8,8,10,0,8
1,<environment.Job instance at 0x1477ddc7d5f0>,4,17,[8 2],9,9,26,0,9
1,<environment.Job instance at 0x1477d7161370>,6,16,[6 2],9,12,28,3,12
1,<environment.Job instance at 0x1477d8b15050>,2,2,[5 2],8,12,14,4,12
1,<environment.Job instance at 0x1477daace640>,2,15,[ 1 10],5,5,20,0,5
1,<environment.Job instance at 0x1477d6c9eaf0>,1,12,[1 6],2,2,14,0,2
1,<environment.Job instance at 0x1477b5da0820>,0,3,[1 5],4,4,7,0,4
1,<environment.Job instance at 0x1477d97e4690>,2,3,[10  2],7,7,10,0,7
1,<environment.Job instance at 0x1477de546910>,3,17,[6 1],7,8,25,1,8
1,<environment.Job instance at 0x1477b54a4370>,1,18,[10  2],2,2,20,0,2
1,<environment.Job instance at 0x1477d7140e10>,3,16,[10  2],8,8,24,0,8
1,<environment.Job instance at 0x1477d7140730>,4,14,[ 1 10],9,24,38,15,18
1,<environment.Job instance at 0x1477b54a2370>,2,21,[10  2],5,5,26,0,5
1,<environment.Job instance at 0x1477d7140f00>,2,13,[6 2],3,7,20,4,7
1,<environment.Job instance at 0x1477b55c2460>,3,12,[2 7],6,6,18,0,6
1,<environment.Job instance at 0x1477de5a22d0>,5,20,[1 6],8,18,38,10,16
1,<environment.Job instance at 0x1477d89882d0>,6,2,[2 7],9,9,11,0,9
1,<environment.Job instance at 0x1477d89880a0>,1,12,[9 2],2,2,14,0,2
1,<environment.Job instance at 0x1477b5734be0>,4,16,[ 2 10],7,14,30,7,10
1,<environment.Job instance at 0x1477b57650f0>,0,13,[6 2],1,5,18,4,5
1,<environment.Job instance at 0x1477b550f0a0>,0,18,[6 2],2,3,21,1,3
1,<environment.Job instance at 0x1477b54fffa0>,2,3,[7 2],6,6,9,0,6
1,<environment.Job instance at 0x1477d4077190>,0,12,[5 1],2,2,14,0,2
1,<environment.Job instance at 0x1477ddc6fd20>,2,12,[2 8],4,4,16,0,4
1,<environment.Job instance at 0x1477ddc6f5a0>,4,14,[1 8],6,16,30,10,6
1,<environment.Job instance at 0x1477de5b8910>,0,19,[1 8],1,1,20,0,1
1,<environment.Job instance at 0x1477daac7910>,0,1,[1 9],2,2,3,0,2
1,<environment.Job instance at 0x1477b5c884b0>,0,18,[10  1],3,3,21,0,3
1,<environment.Job instance at 0x1477b58ee690>,0,17,[1 8],1,1,18,0,1
1,<environment.Job instance at 0x1477b5e1daf0>,1,1,[9 1],4,5,6,1,5
1,<environment.Job instance at 0x1477b58d5a00>,0,28,[9 1],1,1,29,0,1
1,<environment.Job instance at 0x1477b58d5fa0>,1,14,[9 2],3,29,43,26,14
1,<environment.Job instance at 0x1477d8abc2d0>,3,18,[ 2 10],7,29,47,22,29
1,<environment.Job instance at 0x1477b55d9820>,0,18,[1 8],1,1,19,0,1
1,<environment.Job instance at 0x1477b55d9140>,1,17,[7 2],2,5,22,3,5
1,<environment.Job instance at 0x1477b54314b0>,2,2,[7 2],3,3,5,0,3
1,<environment.Job instance at 0x1477de60dbe0>,6,17,[2 9],7,7,24,0,7
1,<environment.Job instance at 0x1477b51c2b90>,1,12,[9 2],3,3,15,0,3
1,<environment.Job instance at 0x1477d6c80c30>,0,15,[ 2 10],2,2,17,0,2
1,<environment.Job instance at 0x1477d6c80d70>,4,18,[1 6],8,17,35,9,8
1,<environment.Job instance at 0x1477d8afb2d0>,1,16,[ 1 10],3,3,19,0,3
1,<environment.Job instance at 0x1477b5fd0f00>,3,12,[6 1],7,34,46,27,34
1,<environment.Job instance at 0x1477b5c47f50>,2,24,[9 2],3,3,27,0,3
1,<environment.Job instance at 0x1477b5fd1370>,0,14,[2 8],1,1,15,0,1
1,<environment.Job instance at 0x1477b5fc52d0>,1,14,[1 6],3,15,29,12,3
1,<environment.Job instance at 0x1477b56e4b40>,2,18,[10  2],4,29,47,25,18
1,<environment.Job instance at 0x1477b5e607d0>,2,16,[2 6],5,5,21,0,5
1,<environment.Job instance at 0x1477b5e60190>,3,14,[2 8],7,7,21,0,7
1,<environment.Job instance at 0x1477d89b7230>,0,2,[10  2],1,2,4,1,2
1,<environment.Job instance at 0x1477b54ea0a0>,6,16,[9 1],8,8,24,0,8
1,<environment.Job instance at 0x1477d6c873c0>,0,3,[10  1],1,1,4,0,1
1,<environment.Job instance at 0x1477b521caa0>,5,21,[1 8],8,43,64,35,43
1,<environment.Job instance at 0x1477b59c7910>,2,13,[9 2],4,4,17,0,4
1,<environment.Job instance at 0x1477d8a40410>,0,19,[5 2],1,5,24,4,5
1,<environment.Job instance at 0x1477d8880910>,1,16,[2 5],3,6,22,3,6
1,<environment.Job instance at 0x1477b5831730>,0,17,[ 2 10],1,1,18,0,1
1,<environment.Job instance at 0x1477b5e8f960>,0,18,[7 2],1,2,20,1,2
1,<environment.Job instance at 0x1477b550f3c0>,3,2,[2 6],4,4,6,0,4
1,<environment.Job instance at 0x1477b550fbe0>,4,17,[ 1 10],6,20,37,14,10
1,<environment.Job instance at 0x1477b59f1550>,0,17,[1 6],1,1,18,0,1
1,<environment.Job instance at 0x1477b59f15a0>,1,13,[10  2],2,18,31,16,2
1,<environment.Job instance at 0x1477d9413f50>,0,20,[9 2],2,2,22,0,2
1,<environment.Job instance at 0x1477b528b780>,2,16,[8 1],3,3,19,0,3
1,<environment.Job instance at 0x1477de65b6e0>,4,13,[8 2],6,19,32,13,8
1,<environment.Job instance at 0x1477b5d6b3c0>,0,17,[ 2 10],1,1,18,0,1
1,<environment.Job instance at 0x1477b5d6b730>,3,15,[1 6],6,18,33,12,6
1,<environment.Job instance at 0x1477b5a0a4b0>,4,17,[2 5],8,12,29,4,12
1,<environment.Job instance at 0x1477d8a48320>,5,19,[1 9],7,7,26,0,7
1,<environment.Job instance at 0x1477d9432dc0>,4,15,[ 2 10],6,6,21,0,6
1,<environment.Job instance at 0x1477d8b36460>,6,12,[5 2],8,21,33,13,9
1,<environment.Job instance at 0x1477d77f6960>,0,17,[7 1],1,9,26,8,9
1,<environment.Job instance at 0x1477d9544550>,1,3,[6 1],3,3,6,0,3
1,<environment.Job instance at 0x1477d8983cd0>,4,23,[1 7],6,7,30,1,7
1,<environment.Job instance at 0x1477d8983050>,1,12,[2 8],4,4,16,0,4
1,<environment.Job instance at 0x1477b57dc960>,3,14,[7 1],7,26,40,19,26
1,<environment.Job instance at 0x1477de50fb40>,5,14,[ 1 10],9,9,23,0,9
1,<environment.Job instance at 0x1477d8b20c30>,3,13,[9 1],8,8,21,0,8
1,<environment.Job instance at 0x1477d8a40140>,1,13,[6 2],3,7,20,4,7
1,<environment.Job instance at 0x1477de594730>,4,3,[2 7],6,6,9,0,6
1,<environment.Job instance at 0x1477b5e5c6e0>,5,20,[2 9],7,66,86,59,66
1,<environment.Job instance at 0x1477ddc53910>,0,17,[ 1 10],1,1,18,0,1
1,<environment.Job instance at 0x1477b589b8c0>,4,14,[5 1],9,10,24,1,10
1,<environment.Job instance at 0x1477b5b8c280>,2,16,[ 1 10],4,4,20,0,4
1,<environment.Job instance at 0x1477b5834e10>,1,19,[2 7],2,2,21,0,2
1,<environment.Job instance at 0x1477b5834050>,3,18,[2 7],4,21,39,17,10
1,<environment.Job instance at 0x1477d89b0960>,2,1,[10  2],4,4,5,0,4
1,<environment.Job instance at 0x1477d89b0230>,3,14,[9 2],5,5,19,0,5
1,<environment.Job instance at 0x1477b5eb8f50>,6,13,[7 2],9,9,22,0,9
1,<environment.Job instance at 0x1477b5857af0>,0,15,[10  1],1,1,16,0,1
1,<environment.Job instance at 0x1477d89a9e10>,3,14,[2 9],6,16,30,10,7
1,<environment.Job instance at 0x1477d89a9eb0>,3,18,[9 1],8,8,26,0,8
1,<environment.Job instance at 0x1477b54e4460>,4,16,[6 1],8,12,28,4,12
1,<environment.Job instance at 0x1477b54e4a50>,2,19,[9 1],6,6,25,0,6
1,<environment.Job instance at 0x1477b57c5f50>,2,12,[8 2],3,3,15,0,3
1,<environment.Job instance at 0x1477b5b6ae60>,7,15,[ 1 10],8,15,30,7,9
1,<environment.Job instance at 0x1477b5e6beb0>,2,17,[9 1],3,3,20,0,3
1,<environment.Job instance at 0x1477b54a8d70>,5,19,[10  1],6,20,39,14,11
1,<environment.Job instance at 0x1477b582eeb0>,3,3,[6 2],5,5,8,0,5
1,<environment.Job instance at 0x1477b582e9b0>,2,16,[ 2 10],4,4,20,0,4
1,<environment.Job instance at 0x1477b51f3d70>,6,13,[5 1],9,20,33,11,16
1,<environment.Job instance at 0x1477b522c6e0>,0,3,[1 8],1,1,4,0,1
1,<environment.Job instance at 0x1477b522c730>,1,15,[10  2],2,4,19,2,2
1,<environment.Job instance at 0x1477b5834190>,2,14,[1 8],3,19,33,16,4
1,<environment.Job instance at 0x1477b5850d20>,5,22,[2 6],7,18,40,11,18
1,<environment.Job instance at 0x1477b5add1e0>,0,2,[2 6],1,1,3,0,1
1,<environment.Job instance at 0x1477ddc3a910>,5,17,[1 5],6,6,23,0,6
1,<environment.Job instance at 0x1477ddc3a230>,7,14,[5 1],8,12,26,4,12
1,<environment.Job instance at 0x1477d8996fa0>,0,17,[2 9],1,1,18,0,1
1,<environment.Job instance at 0x1477d8996a50>,1,18,[6 1],3,19,37,16,19
1,<environment.Job instance at 0x1477d946d320>,0,16,[7 1],1,1,17,0,1
1,<environment.Job instance at 0x1477daaa6780>,7,15,[2 8],8,13,28,5,13
1,<environment.Job instance at 0x1477b586cb90>,2,18,[8 2],5,6,24,1,6
1,<environment.Job instance at 0x1477ddc5f230>,0,15,[1 7],1,2,17,1,2
1,<environment.Job instance at 0x1477ddc5f320>,3,12,[ 1 10],8,17,29,9,8
1,<environment.Job instance at 0x1477d9443aa0>,1,13,[ 1 10],2,2,15,0,2
1,<environment.Job instance at 0x1477d95389b0>,0,20,[8 1],1,2,22,1,2
1,<environment.Job instance at 0x1477b5892e60>,5,20,[8 2],8,22,42,14,15
1,<environment.Job instance at 0x1477de648050>,0,17,[9 2],1,1,18,0,1
1,<environment.Job instance at 0x1477b5eb55f0>,1,2,[7 2],5,6,8,1,6
1,<environment.Job instance at 0x1477d980c370>,0,1,[5 1],1,1,2,0,1
1,<environment.Job instance at 0x1477b52195a0>,0,17,[ 1 10],4,4,21,0,4
1,<environment.Job instance at 0x1477d9499a50>,5,12,[2 9],9,21,33,12,17
1,<environment.Job instance at 0x1477b5b583c0>,0,2,[5 2],1,5,7,4,5
1,<environment.Job instance at 0x1477b5c64b90>,5,2,[1 9],6,10,12,4,10
1,<environment.Job instance at 0x1477ddbdb9b0>,5,20,[1 8],8,8,28,0,8
1,<environment.Job instance at 0x1477b5749f50>,4,12,[2 6],8,8,20,0,8
1,<environment.Job instance at 0x1477b5831730>,3,17,[7 1],8,8,25,0,8
1,<environment.Job instance at 0x1477b5831690>,4,13,[7 1],9,29,42,20,29
1,<environment.Job instance at 0x1477b5b19370>,2,18,[2 7],3,11,29,8,11
1,<environment.Job instance at 0x1477b5881eb0>,1,18,[2 8],2,2,20,0,2
1,<environment.Job instance at 0x1477de57d870>,5,22,[1 8],9,10,32,1,10
1,<environment.Job instance at 0x1477de58d190>,0,17,[2 7],1,1,18,0,1
1,<environment.Job instance at 0x1477de58d0f0>,1,13,[2 9],2,18,31,16,3
1,<environment.Job instance at 0x1477d983a780>,1,12,[9 1],2,2,14,0,2
1,<environment.Job instance at 0x1477de571280>,2,28,[10  1],6,6,34,0,6
1,<environment.Job instance at 0x1477b51c3730>,0,13,[2 5],1,1,14,0,1
1,<environment.Job instance at 0x1477de588190>,3,16,[10  1],5,5,21,0,5
1,<environment.Job instance at 0x1477d403eb90>,2,17,[6 1],4,4,21,0,4
1,<environment.Job instance at 0x1477de601be0>,6,16,[6 1],9,51,67,42,51
1,<environment.Job instance at 0x1477b572acd0>,2,2,[6 2],3,3,5,0,3
1,<environment.Job instance at 0x1477b572a9b0>,3,13,[6 1],4,5,18,1,5
1,<environment.Job instance at 0x1477b5ac4d70>,1,18,[6 1],2,65,83,63,65
1,<environment.Job instance at 0x1477d8a66190>,3,2,[5 2],9,9,11,0,9
1,<environment.Job instance at 0x1477b54170a0>,0,17,[8 2],1,1,18,0,1
1,<environment.Job instance at 0x1477b58b9690>,4,12,[10  1],6,18,30,12,6
1,<environment.Job instance at 0x1477b5d76370>,0,2,[6 1],2,2,4,0,2
1,<environment.Job instance at 0x1477b5c42dc0>,1,12,[ 1 10],4,4,16,0,4
1,<environment.Job instance at 0x1477dc74a410>,0,13,[2 7],1,2,15,1,2
1,<environment.Job instance at 0x1477df4fc3c0>,0,2,[10  2],1,1,3,0,1
1,<environment.Job instance at 0x1477d8af9460>,0,18,[7 2],1,2,20,1,2
1,<environment.Job instance at 0x1477d8af9140>,2,16,[7 1],4,20,36,16,7
1,<environment.Job instance at 0x1477b5de10f0>,0,19,[1 7],3,6,25,3,6
1,<environment.Job instance at 0x1477d8b0a280>,1,14,[2 5],3,3,17,0,3
1,<environment.Job instance at 0x1477d8b33280>,3,3,[6 2],5,6,9,1,6
1,<environment.Job instance at 0x1477b5af1b90>,6,19,[1 9],8,9,28,1,8
1,<environment.Job instance at 0x1477b558e320>,3,16,[8 2],9,9,25,0,9
1,<environment.Job instance at 0x1477d9555d70>,0,14,[7 1],1,2,16,1,2
1,<environment.Job instance at 0x1477b542a190>,0,15,[ 1 10],1,1,16,0,1
1,<environment.Job instance at 0x1477b5cdffa0>,2,18,[6 1],4,16,34,12,9
1,<environment.Job instance at 0x1477b5cd0960>,0,16,[5 1],1,2,18,1,2
1,<environment.Job instance at 0x1477b5d52820>,3,17,[9 2],6,18,35,12,7
1,<environment.Job instance at 0x1477b5d52960>,3,17,[1 8],5,15,32,10,15
1,<environment.Job instance at 0x1477b5e1ddc0>,0,17,[6 2],1,1,18,0,1
1,<environment.Job instance at 0x1477b570b0a0>,1,18,[10  1],3,3,21,0,3
1,<environment.Job instance at 0x1477d982d050>,0,2,[2 9],1,2,4,1,2
1,<environment.Job instance at 0x1477b5487730>,0,18,[ 1 10],2,2,20,0,2
1,<environment.Job instance at 0x1477ddbe83c0>,3,14,[8 2],7,20,34,13,15
1,<environment.Job instance at 0x1477b5849c30>,5,12,[10  1],9,9,21,0,9
1,<environment.Job instance at 0x1477b5858280>,3,3,[2 8],7,7,10,0,7
1,<environment.Job instance at 0x1477b53a4e60>,1,14,[1 7],2,3,17,1,3
1,<environment.Job instance at 0x1477e08882d0>,0,16,[ 1 10],6,6,22,0,6
1,<environment.Job instance at 0x1477d97e4f00>,1,17,[7 2],3,6,23,3,6
1,<environment.Job instance at 0x1477b5dda500>,2,16,[7 1],5,5,21,0,5
1,<environment.Job instance at 0x1477b5aebe10>,0,3,[2 5],1,1,4,0,1
1,<environment.Job instance at 0x1477d8932e60>,1,17,[7 1],2,3,20,1,3
1,<environment.Job instance at 0x1477d40e6dc0>,0,2,[5 2],1,1,3,0,1
1,<environment.Job instance at 0x1477d40e6190>,1,20,[8 1],2,3,23,1,2
1,<environment.Job instance at 0x1477d97eb140>,0,23,[2 8],1,57,80,56,57
1,<environment.Job instance at 0x1477b55e6f50>,0,25,[10  2],1,1,26,0,1
1,<environment.Job instance at 0x1477b53276e0>,2,16,[9 2],4,4,20,0,4
1,<environment.Job instance at 0x1477b5327f00>,3,18,[10  1],8,20,38,12,9
1,<environment.Job instance at 0x1477b5d23230>,1,14,[5 2],2,3,17,1,3
1,<environment.Job instance at 0x1477b5d23af0>,5,12,[ 2 10],6,17,29,11,10
1,<environment.Job instance at 0x1477b5e67dc0>,0,18,[1 7],2,5,23,3,5
1,<environment.Job instance at 0x1477b5e67730>,3,16,[9 1],6,6,22,0,6
1,<environment.Job instance at 0x1477b54c3460>,1,15,[1 5],3,3,18,0,3
1,<environment.Job instance at 0x1477dc73d050>,1,12,[1 7],2,2,14,0,2
1,<environment.Job instance at 0x1477d98293c0>,0,18,[5 1],1,1,19,0,1
1,<environment.Job instance at 0x1477d98290f0>,1,16,[2 6],2,2,18,0,2
1,<environment.Job instance at 0x1477d98292d0>,3,15,[5 1],5,23,38,18,23
1,<environment.Job instance at 0x1477b58fd410>,2,13,[8 1],5,5,18,0,5
1,<environment.Job instance at 0x1477b5d7a190>,0,2,[2 6],1,1,3,0,1
1,<environment.Job instance at 0x1477d97da910>,1,15,[2 8],2,3,18,1,2
1,<environment.Job instance at 0x1477d8af7280>,4,18,[5 1],9,16,34,7,16
1,<environment.Job instance at 0x1477b53f9e10>,1,13,[7 1],3,18,31,15,18
1,<environment.Job instance at 0x1477b56ace60>,3,18,[1 6],5,5,23,0,5
1,<environment.Job instance at 0x1477b58537d0>,0,19,[10  2],2,2,21,0,2
1,<environment.Job instance at 0x1477b58531e0>,2,14,[2 7],4,21,35,17,6
1,<environment.Job instance at 0x1477ddb90910>,5,16,[2 6],7,35,51,28,35
1,<environment.Job instance at 0x1477d8b3aa50>,0,12,[9 2],1,1,13,0,1
1,<environment.Job instance at 0x1477d8b3a9b0>,2,18,[6 2],5,13,31,8,8
1,<environment.Job instance at 0x1477d8b3ad70>,5,3,[1 6],9,11,14,2,11
1,<environment.Job instance at 0x1477d40a6820>,0,18,[2 8],1,1,19,0,1
1,<environment.Job instance at 0x1477e07c2aa0>,1,3,[1 6],2,2,5,0,2
1,<environment.Job instance at 0x1477b5f3f640>,0,14,[5 1],1,1,15,0,1
1,<environment.Job instance at 0x1477b518b370>,0,3,[1 6],1,1,4,0,1
1,<environment.Job instance at 0x1477b55d66e0>,2,16,[2 8],3,3,19,0,3
1,<environment.Job instance at 0x1477b569a230>,7,12,[8 2],8,14,26,6,14
1,<environment.Job instance at 0x1477d891beb0>,0,17,[ 1 10],1,2,19,1,2
1,<environment.Job instance at 0x1477b569acd0>,3,28,[10  1],4,19,47,15,18
1,<environment.Job instance at 0x1477d9829190>,1,17,[2 5],2,3,20,1,3
1,<environment.Job instance at 0x1477d9829550>,3,13,[10  1],6,20,33,14,7
1,<environment.Job instance at 0x1477d6ed2c30>,0,20,[2 8],2,11,31,9,11
1,<environment.Job instance at 0x1477b53190a0>,0,12,[1 9],2,2,14,0,2
1,<environment.Job instance at 0x1477d8422230>,2,12,[7 2],4,14,26,10,7
1,<environment.Job instance at 0x1477de544370>,2,15,[8 1],5,6,21,1,6
1,<environment.Job instance at 0x1477b5c8acd0>,3,15,[5 1],7,31,46,24,31
1,<environment.Job instance at 0x1477d8a49280>,0,1,[5 2],1,2,3,1,2
1,<environment.Job instance at 0x1477ddb90af0>,2,18,[1 9],5,5,23,0,5
1,<environment.Job instance at 0x1477b562b550>,1,18,[9 1],2,2,20,0,2
1,<environment.Job instance at 0x1477b5efe460>,4,17,[10  2],6,6,23,0,6
1,<environment.Job instance at 0x1477b549af50>,0,27,[10  2],1,1,28,0,1
1,<environment.Job instance at 0x1477b5c49550>,5,18,[2 6],8,28,46,20,27
1,<environment.Job instance at 0x1477d88c5a00>,0,13,[1 6],2,2,15,0,2
1,<environment.Job instance at 0x1477d6c9ec30>,1,18,[9 2],3,4,22,1,4
1,<environment.Job instance at 0x1477d40d09b0>,0,16,[1 6],2,2,18,0,2
1,<environment.Job instance at 0x1477b588d410>,0,13,[1 7],1,2,15,1,2
1,<environment.Job instance at 0x1477b583a730>,3,16,[ 1 10],4,15,31,11,4
1,<environment.Job instance at 0x1477ddc9d0f0>,2,2,[10  1],4,4,6,0,4
1,<environment.Job instance at 0x1477daac7a50>,3,1,[2 5],6,6,7,0,6
1,<environment.Job instance at 0x1477de6010a0>,0,18,[2 9],1,1,19,0,1
1,<environment.Job instance at 0x1477d77f6e60>,0,17,[2 8],1,1,18,0,1
1,<environment.Job instance at 0x1477d719deb0>,1,18,[1 6],2,18,36,16,17
1,<environment.Job instance at 0x1477d7134500>,0,17,[10  2],1,1,18,0,1
1,<environment.Job instance at 0x1477d7134410>,2,15,[8 1],4,18,33,14,17
1,<environment.Job instance at 0x1477d89382d0>,0,3,[2 9],1,1,4,0,1
1,<environment.Job instance at 0x1477d89387d0>,1,19,[8 2],2,4,23,2,2
1,<environment.Job instance at 0x1477d94c9d20>,3,15,[7 2],4,25,40,21,25
1,<environment.Job instance at 0x1477b5eae190>,0,13,[7 1],1,2,15,1,2
1,<environment.Job instance at 0x1477b5e5cc80>,2,17,[ 1 10],6,6,23,0,6
1,<environment.Job instance at 0x1477d9840230>,0,15,[1 6],1,1,16,0,1
1,<environment.Job instance at 0x1477b5bdfe10>,1,3,[5 1],2,4,7,2,4
1,<environment.Job instance at 0x1477dfc2f5f0>,2,18,[10  1],5,7,25,2,5
1,<environment.Job instance at 0x1477b58136e0>,5,17,[5 2],8,25,42,17,23
1,<environment.Job instance at 0x1477b58136e0>,3,16,[5 2],6,6,22,0,6
1,<environment.Job instance at 0x1477d71052d0>,0,12,[5 2],1,2,14,1,2
1,<environment.Job instance at 0x1477b56e8e60>,2,13,[2 6],3,3,16,0,3
1,<environment.Job instance at 0x1477b51cf9b0>,0,19,[1 6],2,2,21,0,2
1,<environment.Job instance at 0x1477b51cf280>,1,20,[2 7],3,36,56,33,36
1,<environment.Job instance at 0x1477b51cfdc0>,0,15,[10  1],2,2,17,0,2
1,<environment.Job instance at 0x1477b5f4dd20>,0,2,[1 6],2,2,4,0,2
1,<environment.Job instance at 0x1477b5f4db90>,2,3,[1 9],4,4,7,0,4
1,<environment.Job instance at 0x1477b5f4d050>,3,14,[5 2],5,7,21,2,6
1,<environment.Job instance at 0x1477ddb90500>,0,13,[5 1],1,2,15,1,2
1,<environment.Job instance at 0x1477d889d050>,0,14,[6 1],1,4,18,3,4
1,<environment.Job instance at 0x1477b5e26640>,5,13,[2 9],6,7,20,1,7
1,<environment.Job instance at 0x1477b5ee9e10>,2,13,[10  2],4,4,17,0,4
1,<environment.Job instance at 0x1477d71533c0>,1,3,[5 1],3,3,6,0,3
1,<environment.Job instance at 0x1477b566e640>,3,12,[1 8],5,6,18,1,6
1,<environment.Job instance at 0x1477b5bc63c0>,0,14,[1 6],1,1,15,0,1
1,<environment.Job instance at 0x1477b5d32a00>,3,14,[1 8],4,15,29,11,4
1,<environment.Job instance at 0x1477b5e09af0>,1,18,[5 1],3,3,21,0,3
1,<environment.Job instance at 0x1477ddcf33c0>,4,16,[6 2],6,21,37,15,20
1,<environment.Job instance at 0x1477de627230>,2,13,[8 2],9,12,25,3,12
1,<environment.Job instance at 0x1477d40b9c80>,5,17,[1 7],7,7,24,0,7
1,<environment.Job instance at 0x1477d8991550>,6,13,[6 2],8,23,36,15,23
1,<environment.Job instance at 0x1477dfb76690>,0,1,[1 6],1,1,2,0,1
1,<environment.Job instance at 0x1477d718e2d0>,7,16,[9 1],9,9,25,0,9
1,<environment.Job instance at 0x1477d8a22870>,2,12,[2 9],5,5,17,0,5
1,<environment.Job instance at 0x1477b5cd30a0>,0,3,[1 9],3,3,6,0,3
1,<environment.Job instance at 0x1477d8b1ff00>,4,13,[8 1],7,7,20,0,7
1,<environment.Job instance at 0x1477d8b1f190>,5,16,[1 8],8,10,26,2,10
1,<environment.Job instance at 0x1477b5eec690>,2,15,[7 2],7,7,22,0,7
1,<environment.Job instance at 0x1477b5c64690>,0,13,[2 6],3,3,16,0,3
1,<environment.Job instance at 0x1477b51bc820>,2,26,[2 7],5,16,42,11,16
1,<environment.Job instance at 0x1477d89c0f50>,0,14,[ 1 10],2,2,16,0,2
1,<environment.Job instance at 0x1477d9409190>,2,15,[2 6],6,7,22,1,7
1,<environment.Job instance at 0x1477b585db90>,0,27,[1 8],1,3,30,2,3
1,<environment.Job instance at 0x1477d97f9640>,0,2,[2 6],1,1,3,0,1
1,<environment.Job instance at 0x1477b585daf0>,4,13,[9 2],7,7,20,0,7
1,<environment.Job instance at 0x1477d7149960>,1,2,[10  1],3,3,5,0,3
1,<environment.Job instance at 0x1477ddbb4640>,0,1,[6 1],2,2,3,0,2
1,<environment.Job instance at 0x1477d8b1c320>,1,2,[1 7],4,4,6,0,4
1,<environment.Job instance at 0x1477b5db3f50>,2,12,[2 9],5,6,18,1,5
1,<environment.Job instance at 0x1477df5103c0>,0,23,[8 2],4,5,28,1,5
1,<environment.Job instance at 0x1477b5595550>,3,13,[1 5],4,42,55,38,42
1,<environment.Job instance at 0x1477b5595640>,1,16,[2 6],4,5,21,1,5
1,<environment.Job instance at 0x1477b5e47c30>,1,14,[2 7],5,5,19,0,5
1,<environment.Job instance at 0x1477d77c3870>,0,2,[1 9],1,2,4,1,2
1,<environment.Job instance at 0x1477d94fe320>,1,16,[6 2],3,4,20,1,4
1,<environment.Job instance at 0x1477d94fe780>,3,14,[ 2 10],6,20,34,14,6
1,<environment.Job instance at 0x1477d978dcd0>,4,12,[1 8],6,6,18,0,6
1,<environment.Job instance at 0x1477b5a6a0f0>,0,27,[8 2],2,3,30,1,3
1,<environment.Job instance at 0x1477e0888370>,0,1,[7 1],1,1,2,0,1
1,<environment.Job instance at 0x1477b5f29af0>,3,1,[2 9],6,6,7,0,6
1,<environment.Job instance at 0x1477b5f6e230>,3,15,[2 7],5,35,50,30,35
1,<environment.Job instance at 0x1477b547b050>,0,2,[2 6],1,1,3,0,1
1,<environment.Job instance at 0x1477de567fa0>,3,17,[6 1],4,6,23,2,6
1,<environment.Job instance at 0x1477b5adaa00>,5,15,[5 2],7,23,38,16,16
1,<environment.Job instance at 0x1477d7138550>,1,12,[ 2 10],3,3,15,0,3
1,<environment.Job instance at 0x1477b5e37280>,2,15,[ 2 10],4,15,30,11,4
1,<environment.Job instance at 0x1477b5e37cd0>,0,16,[2 6],2,2,18,0,2
1,<environment.Job instance at 0x1477d8a098c0>,2,14,[1 9],3,3,17,0,3
1,<environment.Job instance at 0x1477b5cba730>,2,12,[7 2],4,4,16,0,4
1,<environment.Job instance at 0x1477d946ddc0>,1,15,[ 1 10],2,2,17,0,2
1,<environment.Job instance at 0x1477d946d6e0>,2,17,[7 2],3,17,34,14,6
1,<environment.Job instance at 0x1477b5a6b0f0>,1,13,[10  2],5,5,18,0,5
1,<environment.Job instance at 0x1477d7198910>,4,16,[2 8],9,9,25,0,9
1,<environment.Job instance at 0x1477b5d23280>,0,13,[6 1],1,3,16,2,3
1,<environment.Job instance at 0x1477d718d2d0>,3,25,[10  1],6,6,31,0,6
1,<environment.Job instance at 0x1477b572de10>,0,15,[10  1],1,1,16,0,1
1,<environment.Job instance at 0x1477b572d5a0>,2,13,[7 2],4,16,29,12,5
1,<environment.Job instance at 0x1477d4086a00>,0,16,[2 8],2,2,18,0,2
1,<environment.Job instance at 0x1477b5aa26e0>,0,16,[1 8],1,2,18,1,2
1,<environment.Job instance at 0x1477de64c460>,4,17,[8 1],7,8,25,1,8
1,<environment.Job instance at 0x1477e07ed5a0>,2,15,[2 6],5,6,21,1,6
1,<environment.Job instance at 0x1477b5874a00>,0,17,[1 5],2,2,19,0,2
1,<environment.Job instance at 0x1477d93d3d70>,0,24,[9 2],1,1,25,0,1
1,<environment.Job instance at 0x1477d88caf50>,2,20,[ 1 10],7,7,27,0,7
1,<environment.Job instance at 0x1477d89298c0>,1,15,[1 8],3,3,18,0,3
1,<environment.Job instance at 0x1477d9863780>,0,16,[2 5],1,1,17,0,1
1,<environment.Job instance at 0x1477d9863fa0>,2,12,[10  2],5,17,29,12,5
1,<environment.Job instance at 0x1477d9863550>,3,17,[5 1],8,37,54,29,37
1,<environment.Job instance at 0x1477d8915af0>,0,18,[7 1],3,6,24,3,6
1,<environment.Job instance at 0x1477b5d68050>,3,17,[7 2],7,24,41,17,20
1,<environment.Job instance at 0x1477b5ac8410>,0,25,[1 6],1,1,26,0,1
1,<environment.Job instance at 0x1477b5f34910>,0,15,[10  2],1,1,16,0,1
1,<environment.Job instance at 0x1477b5835500>,2,16,[2 9],5,16,32,11,10
1,<environment.Job instance at 0x1477d88699b0>,0,18,[6 2],1,3,21,2,3
1,<environment.Job instance at 0x1477d8869230>,4,19,[2 8],6,13,32,7,13
1,<environment.Job instance at 0x1477d8af15f0>,2,17,[9 2],7,7,24,0,7
1,<environment.Job instance at 0x1477b58ce500>,5,14,[7 1],8,8,22,0,8
1,<environment.Job instance at 0x1477b58ced20>,1,3,[ 2 10],2,2,5,0,2
1,<environment.Job instance at 0x1477de552960>,2,15,[1 9],3,5,20,2,3
1,<environment.Job instance at 0x1477b56d96e0>,5,18,[8 1],9,13,31,4,13
1,<environment.Job instance at 0x1477d40d0640>,1,17,[7 2],2,2,19,0,2
1,<environment.Job instance at 0x1477d9499960>,1,13,[7 1],2,2,15,0,2
1,<environment.Job instance at 0x1477b58eb690>,3,14,[2 6],8,9,23,1,9
1,<environment.Job instance at 0x1477b569ae60>,2,14,[2 7],7,7,21,0,7
1,<environment.Job instance at 0x1477b5a2af00>,2,12,[2 7],3,3,15,0,3
1,<environment.Job instance at 0x1477b5a2a960>,5,17,[6 1],7,7,24,0,7
1,<environment.Job instance at 0x1477ddca9280>,0,14,[9 2],1,1,15,0,1
1,<environment.Job instance at 0x1477ddca9d20>,5,17,[9 2],7,15,32,8,9
1,<environment.Job instance at 0x1477b5c6eb90>,0,15,[5 1],1,2,17,1,2
1,<environment.Job instance at 0x1477d8a3f870>,0,15,[1 7],2,2,17,0,2
1,<environment.Job instance at 0x1477b5da1fa0>,0,21,[ 1 10],2,7,28,5,7
1,<environment.Job instance at 0x1477b591a690>,3,14,[6 1],6,12,26,6,12
1,<environment.Job instance at 0x1477d9432aa0>,3,13,[2 8],6,6,19,0,6
1,<environment.Job instance at 0x1477b589a370>,1,1,[10  2],2,3,4,1,3
1,<environment.Job instance at 0x1477de585d20>,0,18,[6 1],1,1,19,0,1
1,<environment.Job instance at 0x1477b5a55a00>,0,13,[1 7],2,2,15,0,2
1,<environment.Job instance at 0x1477de6018c0>,0,15,[2 9],1,2,17,1,2
1,<environment.Job instance at 0x1477de601f50>,2,14,[10  2],4,17,31,13,5
1,<environment.Job instance at 0x1477b593f050>,0,13,[1 7],1,1,14,0,1
1,<environment.Job instance at 0x1477b5fb4550>,1,16,[7 1],3,254,270,251,254
1,<environment.Job instance at 0x1477d8a6e5f0>,1,18,[1 7],6,7,25,1,7
1,<environment.Job instance at 0x1477d8a27b40>,4,16,[2 7],9,25,41,16,22
1,<environment.Job instance at 0x1477b5fe4870>,1,19,[9 2],4,4,23,0,4
1,<environment.Job instance at 0x1477d6c70500>,3,2,[1 5],6,6,8,0,6
1,<environment.Job instance at 0x1477b56b0320>,4,16,[7 1],8,8,24,0,8
1,<environment.Job instance at 0x1477d9443960>,3,17,[2 9],4,4,21,0,4
1,<environment.Job instance at 0x1477d9443f00>,0,14,[1 6],3,4,18,1,4
1,<environment.Job instance at 0x1477d8928960>,0,17,[1 9],2,2,19,0,2
1,<environment.Job instance at 0x1477b5c5f8c0>,2,2,[9 1],3,3,5,0,3
1,<environment.Job instance at 0x1477b573afa0>,2,3,[2 5],6,6,9,0,6
1,<environment.Job instance at 0x1477dfbea190>,1,24,[2 8],2,4,28,2,4
1,<environment.Job instance at 0x1477b58ce690>,0,18,[1 5],1,1,19,0,1
1,<environment.Job instance at 0x1477b5bbbcd0>,1,13,[9 1],3,6,19,3,6
1,<environment.Job instance at 0x1477e0a4adc0>,0,19,[8 2],3,3,22,0,3
1,<environment.Job instance at 0x1477b5d11820>,2,25,[ 1 10],4,17,42,13,17
1,<environment.Job instance at 0x1477b5d806e0>,0,18,[5 1],1,2,20,1,2
1,<environment.Job instance at 0x1477d9561730>,2,13,[1 8],3,3,16,0,3
1,<environment.Job instance at 0x1477b5851e60>,5,18,[6 2],6,26,44,20,26
1,<environment.Job instance at 0x1477b586fa50>,1,17,[1 5],3,3,20,0,3
1,<environment.Job instance at 0x1477b54f6af0>,0,1,[2 8],1,3,4,2,3
1,<environment.Job instance at 0x1477b54f6370>,3,2,[9 1],4,4,6,0,4
1,<environment.Job instance at 0x1477b52864b0>,4,14,[5 1],5,6,20,1,6
1,<environment.Job instance at 0x1477b5920d20>,0,1,[5 1],2,5,6,3,5
1,<environment.Job instance at 0x1477b59205f0>,2,2,[10  2],4,1094,1096,1090,1094
1,<environment.Job instance at 0x1477b5e26370>,0,19,[7 1],1,5,24,4,5
1,<environment.Job instance at 0x1477e07eacd0>,0,2,[6 1],2,3,5,1,3
1,<environment.Job instance at 0x1477b5c0f6e0>,2,12,[6 2],4,4,16,0,4
1,<environment.Job instance at 0x1477b54db960>,0,3,[2 8],1,1,4,0,1
1,<environment.Job instance at 0x1477b59684b0>,1,16,[2 8],2,4,20,2,2
1,<environment.Job instance at 0x1477de52f140>,3,15,[6 1],4,37,52,33,37
1,<environment.Job instance at 0x1477d8989e60>,0,14,[2 5],2,2,16,0,2
1,<environment.Job instance at 0x1477d8989500>,1,18,[6 2],4,9,27,5,9
1,<environment.Job instance at 0x1477de537690>,3,12,[6 1],4,8,20,4,8
1,<environment.Job instance at 0x1477de598dc0>,2,2,[1 9],3,82,84,79,82
1,<environment.Job instance at 0x1477b5adaa00>,1,15,[1 7],2,2,17,0,2
1,<environment.Job instance at 0x1477b5ada230>,5,15,[2 8],8,17,32,9,16
1,<environment.Job instance at 0x1477b5db35a0>,0,16,[2 8],1,1,17,0,1
1,<environment.Job instance at 0x1477b5db3f00>,2,18,[ 2 10],3,17,35,14,13
1,<environment.Job instance at 0x1477b5db3f00>,2,21,[1 9],4,8,29,4,8
1,<environment.Job instance at 0x1477b5387140>,4,14,[2 5],8,8,22,0,8
1,<environment.Job instance at 0x1477b5aa59b0>,5,19,[6 2],9,25,44,16,25
1,<environment.Job instance at 0x1477d6c738c0>,0,13,[ 2 10],1,1,14,0,1
1,<environment.Job instance at 0x1477d6c73500>,1,2,[1 9],4,14,16,10,4
1,<environment.Job instance at 0x1477b5bae1e0>,0,3,[5 1],1,1,4,0,1
1,<environment.Job instance at 0x1477d94755f0>,5,2,[1 8],8,8,10,0,8
1,<environment.Job instance at 0x1477b5f4d8c0>,0,17,[1 6],1,3,20,2,3
1,<environment.Job instance at 0x1477d949c5f0>,0,13,[1 9],1,1,14,0,1
1,<environment.Job instance at 0x1477d9826c30>,5,12,[7 1],9,9,21,0,9
1,<environment.Job instance at 0x1477e0772a00>,0,15,[ 2 10],1,1,16,0,1
1,<environment.Job instance at 0x1477b5d40eb0>,3,17,[10  2],4,4,21,0,4
1,<environment.Job instance at 0x1477b5849f50>,4,13,[1 8],6,6,19,0,6
1,<environment.Job instance at 0x1477d9437cd0>,1,27,[1 9],2,12,39,10,12
1,<environment.Job instance at 0x1477b5ce0e60>,0,24,[9 2],1,1,25,0,1
1,<environment.Job instance at 0x1477b5ce0730>,3,12,[10  1],4,25,37,21,8
1,<environment.Job instance at 0x1477d8a3fb40>,4,13,[1 6],9,9,22,0,9
