iteration,job object,job ID,job Length,job ressource requirement,job enter time,job start time,job finish time,job waiting time,current time
1,<environment.Job instance at 0x1477d6c80af0>,4,2,[7 2],5,5,7,0,5
1,<environment.Job instance at 0x1477d6c80e60>,5,3,[9 2],6,7,10,1,6
1,<environment.Job instance at 0x1477d6c80eb0>,7,1,[2 6],8,10,11,2,9
1,<environment.Job instance at 0x1477d89b0af0>,0,2,[6 1],1,2,4,1,2
1,<environment.Job instance at 0x1477d8951aa0>,1,13,[2 8],2,18,31,16,18
1,<environment.Job instance at 0x1477d6c830a0>,3,3,[1 8],4,123,126,119,123
1,<environment.Job instance at 0x1477d8a0d190>,2,2,[10  1],5,5,7,0,5
1,<environment.Job instance at 0x1477d7176e60>,3,3,[6 2],6,7,10,1,6
1,<environment.Job instance at 0x1477d6c830a0>,5,3,[6 1],9,12,15,3,12
1,<environment.Job instance at 0x1477b5aee370>,0,2,[8 1],1,1,3,0,1
1,<environment.Job instance at 0x1477b5aeee10>,3,1,[2 7],5,5,6,0,5
1,<environment.Job instance at 0x1477b5aeec30>,4,2,[2 7],6,6,8,0,6
1,<environment.Job instance at 0x1477b5aeed20>,5,2,[2 7],7,8,10,1,8
1,<environment.Job instance at 0x1477b5aee460>,6,16,[10  2],9,10,26,1,9
1,<environment.Job instance at 0x1477d8b20370>,0,3,[9 2],1,1,4,0,1
1,<environment.Job instance at 0x1477d8b201e0>,1,3,[2 9],2,4,7,2,2
1,<environment.Job instance at 0x1477d8b20820>,2,1,[2 7],3,7,8,4,3
1,<environment.Job instance at 0x1477d8b27870>,1,3,[1 5],2,2,5,0,2
1,<environment.Job instance at 0x1477d8b20230>,2,3,[1 6],3,5,8,2,3
1,<environment.Job instance at 0x1477d8b27fa0>,4,1,[10  1],6,8,9,2,7
1,<environment.Job instance at 0x1477b58536e0>,6,3,[1 8],8,10,13,2,10
1,<environment.Job instance at 0x1477b5e543c0>,1,1,[1 6],3,3,4,0,3
1,<environment.Job instance at 0x1477b5e54b90>,2,1,[2 9],5,5,6,0,5
1,<environment.Job instance at 0x1477b5e54c30>,4,12,[9 1],8,8,20,0,8
1,<environment.Job instance at 0x1477b5be90a0>,1,2,[9 1],2,2,4,0,2
1,<environment.Job instance at 0x1477b564e4b0>,4,2,[2 9],7,7,9,0,7
1,<environment.Job instance at 0x1477d954f3c0>,3,23,[2 6],6,10,33,4,10
1,<environment.Job instance at 0x1477b5795500>,1,3,[1 9],2,2,5,0,2
1,<environment.Job instance at 0x1477b5795c80>,2,1,[2 5],3,5,6,2,3
1,<environment.Job instance at 0x1477b57951e0>,4,3,[2 9],6,6,9,0,6
1,<environment.Job instance at 0x1477b5795460>,0,3,[6 2],3,3,6,0,3
1,<environment.Job instance at 0x1477d8b2fb40>,2,2,[2 5],5,5,7,0,5
1,<environment.Job instance at 0x1477b57955a0>,4,3,[2 9],7,7,10,0,7
1,<environment.Job instance at 0x1477d8b2f140>,6,14,[7 1],9,33,47,24,33
1,<environment.Job instance at 0x1477dc743460>,0,3,[ 2 10],1,1,4,0,1
1,<environment.Job instance at 0x1477b5dbaf00>,3,2,[ 1 10],5,5,7,0,5
1,<environment.Job instance at 0x1477b5dee050>,6,2,[2 6],9,9,11,0,9
1,<environment.Job instance at 0x1477b5dee140>,5,2,[1 8],8,17,19,9,17
1,<environment.Job instance at 0x1477b5dee910>,0,2,[1 9],3,4,6,1,4
1,<environment.Job instance at 0x1477b576f140>,1,1,[2 7],4,267,268,263,267
1,<environment.Job instance at 0x1477b55e62d0>,2,13,[ 1 10],3,3,16,0,3
1,<environment.Job instance at 0x1477b5a16aa0>,3,16,[8 1],4,16,32,12,4
1,<environment.Job instance at 0x1477d71030a0>,6,1,[2 8],8,16,17,8,8
1,<environment.Job instance at 0x1477d7103c30>,7,1,[ 2 10],9,32,33,23,9
1,<environment.Job instance at 0x1477d7103140>,5,13,[2 9],7,17,30,10,11
1,<environment.Job instance at 0x1477d8a4cfa0>,1,15,[5 1],2,3,18,1,3
1,<environment.Job instance at 0x1477d8a4ce60>,5,3,[ 2 10],9,36,39,27,36
1,<environment.Job instance at 0x1477d8ad2780>,0,1,[8 1],1,3,4,2,3
1,<environment.Job instance at 0x1477d8a4caf0>,1,3,[5 2],3,4,7,1,3
1,<environment.Job instance at 0x1477d6c87910>,4,1,[1 6],6,6,7,0,6
1,<environment.Job instance at 0x1477d6c87e60>,1,1,[1 8],3,4,5,1,4
1,<environment.Job instance at 0x1477dc743140>,3,27,[1 8],5,28,55,23,28
1,<environment.Job instance at 0x1477b5886960>,0,3,[1 9],1,1,4,0,1
1,<environment.Job instance at 0x1477b57cbaf0>,1,2,[7 2],2,4,6,2,2
1,<environment.Job instance at 0x1477b5474870>,1,3,[ 2 10],3,3,6,0,3
1,<environment.Job instance at 0x1477b5474af0>,2,2,[1 9],5,6,8,1,5
1,<environment.Job instance at 0x1477b54741e0>,4,3,[5 2],9,10,13,1,10
1,<environment.Job instance at 0x1477b5724eb0>,1,2,[2 9],2,3,5,1,3
1,<environment.Job instance at 0x1477b5724690>,2,17,[ 2 10],3,5,22,2,5
1,<environment.Job instance at 0x1477b57245f0>,4,2,[9 1],6,22,24,16,6
1,<environment.Job instance at 0x1477b57243c0>,5,3,[5 2],7,24,27,17,7
1,<environment.Job instance at 0x1477b5724d20>,3,19,[ 1 10],5,27,46,22,17
1,<environment.Job instance at 0x1477b57245a0>,7,13,[ 2 10],9,46,59,37,38
1,<environment.Job instance at 0x1477b541e140>,2,3,[ 2 10],4,4,7,0,4
1,<environment.Job instance at 0x1477d8b4c5f0>,5,2,[8 2],8,8,10,0,8
1,<environment.Job instance at 0x1477d8b4c5a0>,6,3,[8 1],9,10,13,1,9
1,<environment.Job instance at 0x1477d6c999b0>,0,3,[6 1],1,1,4,0,1
1,<environment.Job instance at 0x1477d6c99af0>,2,22,[2 9],4,36,58,32,36
1,<environment.Job instance at 0x1477b5721e10>,3,12,[1 5],9,17,29,8,17
1,<environment.Job instance at 0x1477b5498f50>,0,1,[9 1],2,2,3,0,2
1,<environment.Job instance at 0x1477b5498960>,1,2,[8 1],3,3,5,0,3
1,<environment.Job instance at 0x1477b5498140>,4,3,[1 5],7,7,10,0,7
1,<environment.Job instance at 0x1477b5498320>,5,2,[10  2],8,10,12,2,8
1,<environment.Job instance at 0x1477d891a960>,3,3,[ 1 10],8,16,19,8,16
1,<environment.Job instance at 0x1477d8ad2690>,2,2,[2 5],5,5,7,0,5
1,<environment.Job instance at 0x1477b53385f0>,4,20,[9 1],7,7,27,0,7
1,<environment.Job instance at 0x1477b5c58fa0>,1,14,[6 1],2,2,16,0,2
1,<environment.Job instance at 0x1477b5e8c6e0>,2,15,[2 8],3,4,19,1,4
1,<environment.Job instance at 0x1477d6c7baf0>,1,3,[1 5],4,5,8,1,5
1,<environment.Job instance at 0x1477d6c7b050>,3,1,[2 8],6,8,9,2,6
1,<environment.Job instance at 0x1477b52b5b90>,4,1,[7 1],7,7,8,0,7
1,<environment.Job instance at 0x1477d6c7b370>,5,18,[5 2],8,8,26,0,8
1,<environment.Job instance at 0x1477d8a45190>,0,3,[1 7],1,1,4,0,1
1,<environment.Job instance at 0x1477d8a45780>,2,1,[5 2],3,733,734,730,733
1,<environment.Job instance at 0x1477b5e55f50>,6,2,[1 7],9,1008,1010,999,1008
1,<environment.Job instance at 0x1477b5e55f50>,2,2,[10  1],4,5,7,1,5
1,<environment.Job instance at 0x1477b5e55b90>,3,3,[2 7],5,7,10,2,7
1,<environment.Job instance at 0x1477b589b050>,1,2,[7 2],4,4,6,0,4
1,<environment.Job instance at 0x1477d9868c80>,2,3,[ 2 10],6,6,9,0,6
1,<environment.Job instance at 0x1477d9868320>,4,2,[2 5],9,10,12,1,10
1,<environment.Job instance at 0x1477d9868aa0>,1,2,[ 1 10],2,2,4,0,2
1,<environment.Job instance at 0x1477d9784c30>,4,13,[5 2],6,6,19,0,6
1,<environment.Job instance at 0x1477d9784460>,5,3,[1 9],7,19,22,12,7
1,<environment.Job instance at 0x1477d9784320>,6,1,[6 1],8,19,20,11,8
1,<environment.Job instance at 0x1477d9784870>,7,3,[5 1],9,9,12,0,9
1,<environment.Job instance at 0x1477d8a3f1e0>,1,14,[10  2],7,12,26,5,12
1,<environment.Job instance at 0x1477d8a3f870>,0,3,[1 8],3,4,7,1,4
1,<environment.Job instance at 0x1477d8a3f1e0>,2,22,[2 9],7,7,29,0,7
1,<environment.Job instance at 0x1477b5bfc4b0>,1,2,[2 7],3,5,7,2,5
1,<environment.Job instance at 0x1477d9845be0>,2,2,[8 2],5,5,7,0,5
1,<environment.Job instance at 0x1477d7176280>,1,2,[7 1],3,3,5,0,3
1,<environment.Job instance at 0x1477b54969b0>,2,13,[10  2],4,5,18,1,4
1,<environment.Job instance at 0x1477b5496b40>,3,16,[2 8],6,18,34,12,6
1,<environment.Job instance at 0x1477b5cef280>,4,16,[1 6],7,34,50,27,21
1,<environment.Job instance at 0x1477b59680a0>,0,1,[10  1],1,4,5,3,4
1,<environment.Job instance at 0x1477b52e1a00>,2,3,[ 2 10],5,31,34,26,31
1,<environment.Job instance at 0x1477b52e15f0>,1,14,[7 2],2,2,16,0,2
1,<environment.Job instance at 0x1477b52e1b90>,5,3,[9 1],9,16,19,7,12
1,<environment.Job instance at 0x1477b5fbb280>,1,16,[1 5],3,298,314,295,298
1,<environment.Job instance at 0x1477b5f6e460>,5,1,[2 7],9,523,524,514,523
1,<environment.Job instance at 0x1477de5f57d0>,0,2,[6 1],1,1,3,0,1
1,<environment.Job instance at 0x1477b5f6e460>,2,12,[8 2],4,4,16,0,4
1,<environment.Job instance at 0x1477de5f55f0>,3,2,[5 2],5,16,18,11,5
1,<environment.Job instance at 0x1477b57f0820>,4,3,[1 7],6,6,9,0,6
1,<environment.Job instance at 0x1477b5f6ef00>,5,2,[9 2],8,18,20,10,8
1,<environment.Job instance at 0x1477b5e67e10>,0,3,[1 7],1,1,4,0,1
1,<environment.Job instance at 0x1477b57f0a00>,2,14,[1 9],3,11,25,8,11
1,<environment.Job instance at 0x1477de5348c0>,1,3,[8 1],2,2,5,0,2
1,<environment.Job instance at 0x1477d6eb9c80>,2,3,[8 1],6,6,9,0,6
1,<environment.Job instance at 0x1477de591c80>,3,1,[10  1],7,9,10,2,7
1,<environment.Job instance at 0x1477d9546a50>,2,13,[ 2 10],5,5,18,0,5
1,<environment.Job instance at 0x1477b5b3f140>,4,2,[1 5],8,18,20,10,12
1,<environment.Job instance at 0x1477b5b3f870>,1,1,[5 1],3,3,4,0,3
1,<environment.Job instance at 0x1477b5843af0>,2,3,[1 5],4,4,7,0,4
1,<environment.Job instance at 0x1477b547bcd0>,4,3,[2 8],6,7,10,1,6
1,<environment.Job instance at 0x1477d97d4af0>,5,1,[1 8],9,10,11,1,9
1,<environment.Job instance at 0x1477b5470370>,0,3,[1 6],1,1,4,0,1
1,<environment.Job instance at 0x1477b54703c0>,1,2,[8 2],2,3,5,1,3
1,<environment.Job instance at 0x1477b5640e60>,3,3,[10  1],5,5,8,0,5
1,<environment.Job instance at 0x1477b56409b0>,5,15,[1 5],7,8,23,1,8
1,<environment.Job instance at 0x1477b5640910>,6,25,[1 9],8,23,48,15,19
1,<environment.Job instance at 0x1477b5ccb910>,0,2,[1 5],2,2,4,0,2
1,<environment.Job instance at 0x1477b5eec0f0>,5,23,[2 9],8,8,31,0,8
1,<environment.Job instance at 0x1477b5ab1a50>,6,3,[10  1],9,31,34,22,9
1,<environment.Job instance at 0x1477b5ab15f0>,1,2,[1 7],4,8,10,4,8
1,<environment.Job instance at 0x1477d718c870>,6,2,[ 1 10],9,26,28,17,26
1,<environment.Job instance at 0x1477b5ab1b40>,2,1,[1 5],5,85,86,80,85
1,<environment.Job instance at 0x1477b52eff00>,3,2,[1 8],4,281,283,277,281
1,<environment.Job instance at 0x1477b54a1690>,4,3,[ 1 10],7,7,10,0,7
1,<environment.Job instance at 0x1477d6c83b40>,1,3,[10  2],2,2,5,0,2
1,<environment.Job instance at 0x1477b59b5c80>,4,3,[1 7],6,6,9,0,6
1,<environment.Job instance at 0x1477b59b5140>,4,3,[2 7],5,5,8,0,5
1,<environment.Job instance at 0x1477b5a59a00>,5,2,[1 5],6,8,10,2,6
1,<environment.Job instance at 0x1477d843cc80>,0,1,[2 6],1,1,2,0,1
1,<environment.Job instance at 0x1477d8441410>,3,3,[1 7],6,6,9,0,6
1,<environment.Job instance at 0x1477d8441870>,2,1,[2 6],4,9,10,5,8
1,<environment.Job instance at 0x1477b5562320>,6,17,[9 1],9,10,27,1,9
1,<environment.Job instance at 0x1477b55621e0>,2,12,[9 2],3,5,17,2,5
1,<environment.Job instance at 0x1477b5562b90>,4,3,[9 2],5,17,20,12,6
1,<environment.Job instance at 0x1477b547aa50>,5,2,[10  2],6,78,80,72,78
1,<environment.Job instance at 0x1477b549bb90>,1,2,[7 2],3,3,5,0,3
1,<environment.Job instance at 0x1477b5590dc0>,2,3,[2 9],3,3,6,0,3
1,<environment.Job instance at 0x1477de6421e0>,1,16,[10  1],2,7,23,5,7
1,<environment.Job instance at 0x1477b5a08f50>,0,3,[6 1],2,2,5,0,2
1,<environment.Job instance at 0x1477b5590460>,1,3,[8 1],3,5,8,2,3
1,<environment.Job instance at 0x1477b5a08a50>,2,2,[7 1],5,8,10,3,5
1,<environment.Job instance at 0x1477b5264500>,4,1,[1 8],8,8,9,0,8
1,<environment.Job instance at 0x1477b5264460>,1,3,[5 2],3,3,6,0,3
1,<environment.Job instance at 0x1477b5e8b4b0>,3,13,[7 2],5,6,19,1,5
1,<environment.Job instance at 0x1477b5e8bb40>,4,3,[8 1],6,19,22,13,6
1,<environment.Job instance at 0x1477b5e8b140>,5,3,[2 6],9,10,13,1,10
1,<environment.Job instance at 0x1477dff9d6e0>,1,1,[1 9],5,5,6,0,5
1,<environment.Job instance at 0x1477dff9d3c0>,2,3,[2 9],7,7,10,0,7
1,<environment.Job instance at 0x1477dfb50b40>,4,1,[5 2],9,11,12,2,11
1,<environment.Job instance at 0x1477dfb507d0>,2,16,[ 2 10],5,5,21,0,5
1,<environment.Job instance at 0x1477d947eeb0>,3,3,[10  2],6,21,24,15,6
1,<environment.Job instance at 0x1477d947ee10>,1,2,[6 2],5,6,8,1,6
1,<environment.Job instance at 0x1477b5a8e280>,0,3,[5 1],2,2,5,0,2
1,<environment.Job instance at 0x1477b5a8e910>,1,1,[2 8],3,4,5,1,4
1,<environment.Job instance at 0x1477b5a8e5a0>,2,2,[7 2],4,5,7,1,4
1,<environment.Job instance at 0x1477b5a8ef00>,4,3,[9 1],6,7,10,1,7
1,<environment.Job instance at 0x1477d8b50c80>,6,2,[5 2],8,10,12,2,8
1,<environment.Job instance at 0x1477d8b509b0>,7,27,[1 7],9,10,37,1,10
1,<environment.Job instance at 0x1477d8b50b90>,5,14,[2 8],7,96,110,89,96
1,<environment.Job instance at 0x1477b5e67f00>,1,2,[6 1],3,3,5,0,3
1,<environment.Job instance at 0x1477d8b50320>,3,3,[9 2],6,6,9,0,6
1,<environment.Job instance at 0x1477dc71e820>,4,2,[5 1],7,9,11,2,7
1,<environment.Job instance at 0x1477dc71e780>,6,3,[9 2],9,11,14,2,9
1,<environment.Job instance at 0x1477dc71e0a0>,5,17,[1 9],8,14,31,6,9
1,<environment.Job instance at 0x1477d71a0a50>,2,1,[5 1],7,8,9,1,8
1,<environment.Job instance at 0x1477d893f780>,3,13,[10  1],9,9,22,0,9
1,<environment.Job instance at 0x1477d94842d0>,0,2,[1 8],1,2,4,1,2
1,<environment.Job instance at 0x1477d9484410>,2,3,[2 8],3,4,7,1,3
1,<environment.Job instance at 0x1477d9484320>,1,1,[10  2],2,7,8,5,3
1,<environment.Job instance at 0x1477b5d110f0>,4,2,[8 2],9,9,11,0,9
1,<environment.Job instance at 0x1477b5282af0>,1,2,[8 1],4,4,6,0,4
1,<environment.Job instance at 0x1477d89b2690>,4,1,[ 2 10],7,7,8,0,7
1,<environment.Job instance at 0x1477b5282a00>,3,2,[9 1],6,8,10,2,7
1,<environment.Job instance at 0x1477d892cb40>,0,3,[1 7],1,1,4,0,1
1,<environment.Job instance at 0x1477d892cf00>,1,3,[10  1],2,4,7,2,2
1,<environment.Job instance at 0x1477d9812230>,2,3,[2 6],3,7,10,4,3
1,<environment.Job instance at 0x1477d89b2dc0>,5,27,[10  1],6,10,37,4,8
1,<environment.Job instance at 0x1477b5877a00>,1,3,[6 2],4,4,7,0,4
1,<environment.Job instance at 0x1477b5877190>,2,1,[6 2],5,7,8,2,7
1,<environment.Job instance at 0x1477b56edd20>,5,2,[8 2],9,11,13,2,11
1,<environment.Job instance at 0x1477b5fc1eb0>,1,3,[2 7],2,2,5,0,2
1,<environment.Job instance at 0x1477b5fc1a50>,3,2,[2 8],4,5,7,1,4
1,<environment.Job instance at 0x1477b5a16af0>,4,2,[5 1],5,5,7,0,5
1,<environment.Job instance at 0x1477d8a268c0>,1,3,[7 1],2,2,5,0,2
1,<environment.Job instance at 0x1477dfc1e2d0>,2,3,[7 2],3,5,8,2,3
1,<environment.Job instance at 0x1477d843c820>,0,23,[1 9],1,8,31,7,5
1,<environment.Job instance at 0x1477d6ede730>,5,1,[9 1],9,10,11,1,10
1,<environment.Job instance at 0x1477b5b46730>,3,14,[1 5],5,31,45,26,16
1,<environment.Job instance at 0x1477d6ed5b40>,1,16,[8 1],4,4,20,0,4
1,<environment.Job instance at 0x1477d97fb780>,3,2,[10  2],7,20,22,13,7
1,<environment.Job instance at 0x1477d97fb0a0>,4,3,[1 7],8,8,11,0,8
1,<environment.Job instance at 0x1477d94752d0>,1,2,[7 2],2,2,4,0,2
1,<environment.Job instance at 0x1477d94755a0>,3,3,[1 5],4,4,7,0,4
1,<environment.Job instance at 0x1477d9475dc0>,4,12,[2 9],6,14,26,8,14
1,<environment.Job instance at 0x1477b588e410>,4,3,[6 2],6,6,9,0,6
1,<environment.Job instance at 0x1477b538aaa0>,5,2,[6 2],7,9,11,2,7
1,<environment.Job instance at 0x1477b538ab40>,6,17,[5 2],8,11,28,3,8
1,<environment.Job instance at 0x1477df510230>,3,3,[8 2],5,114,117,109,114
1,<environment.Job instance at 0x1477b59d0910>,1,2,[1 9],3,3,5,0,3
1,<environment.Job instance at 0x1477b59d0960>,3,3,[5 2],6,6,9,0,6
1,<environment.Job instance at 0x1477b5944820>,4,13,[2 8],7,8,21,1,8
1,<environment.Job instance at 0x1477b5944be0>,2,17,[10  1],4,28,45,24,28
1,<environment.Job instance at 0x1477d8b59aa0>,1,3,[ 2 10],4,4,7,0,4
1,<environment.Job instance at 0x1477d8b59410>,2,1,[10  2],6,7,8,1,6
1,<environment.Job instance at 0x1477d8b59af0>,4,14,[2 5],8,8,22,0,8
1,<environment.Job instance at 0x1477d8b59820>,5,1,[6 2],9,9,10,0,9
1,<environment.Job instance at 0x1477b57b9140>,1,17,[2 5],2,2,19,0,2
1,<environment.Job instance at 0x1477b5814190>,4,2,[5 2],6,6,8,0,6
1,<environment.Job instance at 0x1477b59a3fa0>,5,2,[5 1],7,8,10,1,7
1,<environment.Job instance at 0x1477b545daf0>,6,1,[1 7],8,19,20,11,8
1,<environment.Job instance at 0x1477b5fdd320>,4,3,[2 6],6,6,9,0,6
1,<environment.Job instance at 0x1477b5fdd500>,5,2,[9 1],7,9,11,2,7
1,<environment.Job instance at 0x1477b5fddc80>,0,2,[9 2],1,1,3,0,1
1,<environment.Job instance at 0x1477d8942d20>,2,2,[ 1 10],3,4,6,1,4
1,<environment.Job instance at 0x1477de55a1e0>,1,3,[5 1],2,6,9,4,4
1,<environment.Job instance at 0x1477de55aa00>,5,1,[8 2],8,119,120,111,119
1,<environment.Job instance at 0x1477b572d3c0>,1,16,[6 1],2,11,27,9,11
1,<environment.Job instance at 0x1477d8ab7eb0>,5,1,[1 8],6,17,18,11,17
1,<environment.Job instance at 0x1477d8ab7af0>,6,2,[6 2],7,27,29,20,17
1,<environment.Job instance at 0x1477b5cdc820>,0,2,[10  2],1,1,3,0,1
1,<environment.Job instance at 0x1477b5cdcd20>,3,13,[5 1],5,6,19,1,6
1,<environment.Job instance at 0x1477de5fee10>,6,3,[10  1],8,19,22,11,8
1,<environment.Job instance at 0x1477de60c960>,0,3,[2 7],1,1,4,0,1
1,<environment.Job instance at 0x1477d7138870>,3,3,[5 2],4,4,7,0,4
1,<environment.Job instance at 0x1477de60c190>,5,3,[1 5],6,21,24,15,21
1,<environment.Job instance at 0x1477d71380f0>,2,3,[10  2],3,3,6,0,3
1,<environment.Job instance at 0x1477b5b9f910>,3,3,[2 5],5,6,9,1,5
1,<environment.Job instance at 0x1477d7138fa0>,5,3,[7 2],7,7,10,0,7
1,<environment.Job instance at 0x1477b5b9f3c0>,6,2,[2 9],8,10,12,2,8
1,<environment.Job instance at 0x1477ddbfa190>,7,2,[2 7],9,12,14,3,9
1,<environment.Job instance at 0x1477b5754640>,1,15,[2 9],2,2,17,0,2
1,<environment.Job instance at 0x1477b5b9fb90>,2,2,[10  1],3,17,19,14,3
1,<environment.Job instance at 0x1477b57545f0>,5,16,[6 2],7,19,35,12,11
1,<environment.Job instance at 0x1477ddc3ad70>,1,1,[8 1],3,3,4,0,3
1,<environment.Job instance at 0x1477ddc3a8c0>,2,1,[5 1],5,5,6,0,5
1,<environment.Job instance at 0x1477ddc3a320>,3,2,[7 2],6,6,8,0,6
1,<environment.Job instance at 0x1477b5d33eb0>,0,3,[7 2],1,1,4,0,1
1,<environment.Job instance at 0x1477b5d339b0>,1,1,[6 1],3,11,12,8,11
1,<environment.Job instance at 0x1477b5d333c0>,3,17,[1 7],6,19,36,13,19
1,<environment.Job instance at 0x1477d6c66500>,0,2,[7 2],1,1,3,0,1
1,<environment.Job instance at 0x1477d6c66be0>,1,1,[1 5],3,3,4,0,3
1,<environment.Job instance at 0x1477b5d330f0>,5,2,[1 9],8,8,10,0,8
1,<environment.Job instance at 0x1477b5f51a00>,6,14,[1 6],9,10,24,1,9
1,<environment.Job instance at 0x1477b5f44050>,0,1,[2 9],2,2,3,0,2
1,<environment.Job instance at 0x1477d97f2820>,2,1,[6 1],6,6,7,0,6
1,<environment.Job instance at 0x1477d97f2e60>,1,2,[10  2],3,7,9,4,6
1,<environment.Job instance at 0x1477b5820280>,2,1,[10  1],4,4,5,0,4
1,<environment.Job instance at 0x1477b5fda690>,4,2,[ 2 10],8,8,10,0,8
1,<environment.Job instance at 0x1477b5fdaaa0>,5,3,[9 2],9,10,13,1,9
1,<environment.Job instance at 0x1477d71618c0>,0,3,[6 2],2,2,5,0,2
1,<environment.Job instance at 0x1477d8988f50>,6,2,[10  2],9,20,22,11,20
1,<environment.Job instance at 0x1477d70f1a50>,3,2,[2 7],5,6,8,1,6
1,<environment.Job instance at 0x1477b5738640>,4,3,[9 2],7,8,11,1,7
1,<environment.Job instance at 0x1477b5738eb0>,1,2,[8 2],6,6,8,0,6
1,<environment.Job instance at 0x1477d6ecef00>,3,3,[1 9],8,8,11,0,8
1,<environment.Job instance at 0x1477b556ecd0>,3,1,[6 2],7,7,8,0,7
1,<environment.Job instance at 0x1477d88936e0>,4,2,[2 6],8,9,11,1,9
1,<environment.Job instance at 0x1477b58c5640>,2,3,[5 2],3,3,6,0,3
1,<environment.Job instance at 0x1477d8893500>,1,3,[1 7],2,2,5,0,2
1,<environment.Job instance at 0x1477de51ed20>,2,2,[6 2],4,4,6,0,4
1,<environment.Job instance at 0x1477b5a451e0>,3,3,[9 1],5,6,9,1,5
1,<environment.Job instance at 0x1477d88932d0>,4,14,[7 1],6,9,23,3,7
1,<environment.Job instance at 0x1477de61ef00>,5,14,[ 2 10],7,27,41,20,27
1,<environment.Job instance at 0x1477de63baa0>,1,3,[5 2],2,2,5,0,2
1,<environment.Job instance at 0x1477de63b9b0>,3,1,[ 1 10],4,540,541,536,540
1,<environment.Job instance at 0x1477d89c7f00>,7,2,[1 9],8,2060,2062,2052,2060
1,<environment.Job instance at 0x1477d89c7f00>,2,1,[5 2],3,3,4,0,3
1,<environment.Job instance at 0x1477d89c06e0>,1,14,[ 1 10],2,4,18,2,4
1,<environment.Job instance at 0x1477d7147aa0>,3,21,[2 9],4,139,160,135,139
1,<environment.Job instance at 0x1477d9507f50>,0,2,[2 6],1,1,3,0,1
1,<environment.Job instance at 0x1477d9507a50>,3,2,[1 7],5,5,7,0,5
1,<environment.Job instance at 0x1477b5599960>,4,17,[2 7],6,7,24,1,6
1,<environment.Job instance at 0x1477b5599b90>,7,2,[1 8],9,24,26,15,9
1,<environment.Job instance at 0x1477d7147f50>,0,2,[9 2],3,3,5,0,3
1,<environment.Job instance at 0x1477b55acb90>,0,3,[1 8],1,1,4,0,1
1,<environment.Job instance at 0x1477d9824aa0>,3,12,[7 2],6,59,71,53,59
1,<environment.Job instance at 0x1477de52a140>,1,2,[5 2],3,3,5,0,3
1,<environment.Job instance at 0x1477de52ab90>,2,2,[7 2],4,5,7,1,4
1,<environment.Job instance at 0x1477de52abe0>,3,2,[5 2],6,7,9,1,6
1,<environment.Job instance at 0x1477df514820>,2,1,[6 2],4,4,5,0,4
1,<environment.Job instance at 0x1477b51e97d0>,3,1,[6 1],5,5,6,0,5
1,<environment.Job instance at 0x1477d8889c80>,4,3,[1 6],6,6,9,0,6
1,<environment.Job instance at 0x1477df507c80>,6,2,[2 7],8,9,11,1,8
1,<environment.Job instance at 0x1477b51d6910>,7,22,[ 2 10],9,11,33,2,9
1,<environment.Job instance at 0x1477d94cc0a0>,0,2,[1 7],1,2,4,1,2
1,<environment.Job instance at 0x1477b5d0a0f0>,1,3,[2 8],2,4,7,2,2
1,<environment.Job instance at 0x1477b5d0ad20>,2,2,[6 2],3,3,5,0,3
1,<environment.Job instance at 0x1477d98725a0>,4,2,[5 2],7,7,9,0,7
1,<environment.Job instance at 0x1477d98725f0>,6,16,[9 2],9,9,25,0,9
1,<environment.Job instance at 0x1477ddcf58c0>,0,3,[1 7],1,1,4,0,1
1,<environment.Job instance at 0x1477ddcf5140>,1,3,[5 2],2,2,5,0,2
1,<environment.Job instance at 0x1477ddcf5fa0>,3,2,[10  2],4,5,7,1,5
1,<environment.Job instance at 0x1477b5407dc0>,5,3,[ 2 10],6,7,10,1,6
1,<environment.Job instance at 0x1477d88d8af0>,0,3,[2 6],1,1,4,0,1
1,<environment.Job instance at 0x1477ddcf9550>,4,3,[1 8],6,6,9,0,6
1,<environment.Job instance at 0x1477ddcf9b40>,5,13,[7 1],7,7,20,0,7
1,<environment.Job instance at 0x1477b5fbe3c0>,1,27,[1 9],2,2,29,0,2
1,<environment.Job instance at 0x1477d40ac690>,4,1,[10  2],5,29,30,24,5
1,<environment.Job instance at 0x1477d40ac870>,1,1,[7 1],3,3,4,0,3
1,<environment.Job instance at 0x1477b56da230>,3,3,[2 6],6,13,16,7,13
1,<environment.Job instance at 0x1477e076c370>,0,3,[8 2],1,1,4,0,1
1,<environment.Job instance at 0x1477e076c410>,2,3,[2 8],3,3,6,0,3
1,<environment.Job instance at 0x1477e076c8c0>,3,2,[7 1],4,4,6,0,4
1,<environment.Job instance at 0x1477e076ca00>,5,1,[1 7],8,8,9,0,8
1,<environment.Job instance at 0x1477d97abf50>,2,2,[ 2 10],4,4,6,0,4
1,<environment.Job instance at 0x1477d97ab0f0>,3,3,[5 1],5,6,9,1,6
1,<environment.Job instance at 0x1477d97abc80>,6,2,[1 8],9,9,11,0,9
1,<environment.Job instance at 0x1477b5d89f50>,2,3,[9 1],4,5,8,1,5
1,<environment.Job instance at 0x1477b56dce60>,3,12,[9 1],5,8,20,3,6
1,<environment.Job instance at 0x1477dfb5ad70>,5,16,[9 2],8,20,36,12,8
1,<environment.Job instance at 0x1477b5ced3c0>,1,1,[9 2],2,2,3,0,2
1,<environment.Job instance at 0x1477b52e69b0>,4,1,[8 1],6,6,7,0,6
1,<environment.Job instance at 0x1477b52e6dc0>,6,1,[2 9],9,10,11,1,10
1,<environment.Job instance at 0x1477b52eb320>,1,1,[7 2],3,3,4,0,3
1,<environment.Job instance at 0x1477b53277d0>,0,3,[6 2],1,1,4,0,1
1,<environment.Job instance at 0x1477b5327aa0>,1,1,[8 1],2,4,5,2,3
1,<environment.Job instance at 0x1477b53272d0>,3,2,[ 2 10],4,5,7,1,4
1,<environment.Job instance at 0x1477b5327730>,4,1,[1 9],6,7,8,1,6
1,<environment.Job instance at 0x1477b5327e60>,5,1,[9 1],7,7,8,0,7
1,<environment.Job instance at 0x1477b53279b0>,6,2,[10  2],8,8,10,0,8
1,<environment.Job instance at 0x1477b5327500>,2,13,[2 8],3,11,24,8,11
1,<environment.Job instance at 0x1477ddc88870>,1,3,[2 5],2,2,5,0,2
1,<environment.Job instance at 0x1477ddc535f0>,5,3,[ 1 10],7,7,10,0,7
1,<environment.Job instance at 0x1477ddc88eb0>,4,1,[10  1],5,2090,2091,2085,2090
1,<environment.Job instance at 0x1477b56bd870>,3,1,[2 8],7,7,8,0,7
1,<environment.Job instance at 0x1477b56bdaf0>,4,3,[2 7],8,8,11,0,8
1,<environment.Job instance at 0x1477d983d410>,1,2,[1 7],2,7,9,5,7
1,<environment.Job instance at 0x1477b540bcd0>,6,17,[1 8],8,30,47,22,30
1,<environment.Job instance at 0x1477d4075780>,0,2,[1 8],2,2,4,0,2
1,<environment.Job instance at 0x1477b544e1e0>,2,1,[1 5],4,9,10,5,9
1,<environment.Job instance at 0x1477de568910>,0,1,[2 7],1,2,3,1,2
1,<environment.Job instance at 0x1477b526ce60>,3,2,[5 1],5,5,7,0,5
1,<environment.Job instance at 0x1477b526c550>,4,2,[8 2],6,7,9,1,6
1,<environment.Job instance at 0x1477b526c0f0>,6,14,[1 9],9,61,75,52,61
1,<environment.Job instance at 0x1477daab99b0>,1,12,[2 9],2,3,15,1,3
1,<environment.Job instance at 0x1477daab9e10>,3,3,[1 6],4,15,18,11,4
1,<environment.Job instance at 0x1477b52f7500>,2,15,[2 5],3,18,33,15,7
1,<environment.Job instance at 0x1477daab94b0>,6,16,[8 2],8,15,31,7,8
1,<environment.Job instance at 0x1477d70f1960>,1,1,[10  1],2,2,3,0,2
1,<environment.Job instance at 0x1477daab90a0>,2,1,[10  2],3,5,6,2,5
1,<environment.Job instance at 0x1477b5d66fa0>,5,14,[1 8],6,33,47,27,33
1,<environment.Job instance at 0x1477d8a781e0>,1,3,[6 1],2,2,5,0,2
1,<environment.Job instance at 0x1477d7169f50>,1,2,[2 5],2,2,4,0,2
1,<environment.Job instance at 0x1477d7169aa0>,2,3,[9 1],3,4,7,1,3
1,<environment.Job instance at 0x1477d71690a0>,4,1,[5 1],5,7,8,2,6
1,<environment.Job instance at 0x1477b5c5f820>,5,12,[ 1 10],6,8,20,2,6
1,<environment.Job instance at 0x1477dfb6e550>,0,3,[5 2],1,1,4,0,1
1,<environment.Job instance at 0x1477b5c5fd70>,2,3,[2 7],3,3,6,0,3
1,<environment.Job instance at 0x1477dfb6e5a0>,3,2,[8 2],5,5,7,0,5
1,<environment.Job instance at 0x1477d6c9cfa0>,1,13,[7 2],3,3,16,0,3
1,<environment.Job instance at 0x1477b5d669b0>,3,1,[2 8],6,7,8,1,7
1,<environment.Job instance at 0x1477b5d66780>,6,15,[1 7],9,9,24,0,9
1,<environment.Job instance at 0x1477d94c9960>,2,17,[1 5],4,4,21,0,4
1,<environment.Job instance at 0x1477d94c93c0>,3,3,[8 1],6,6,9,0,6
1,<environment.Job instance at 0x1477b548cf50>,1,2,[2 6],2,2,4,0,2
1,<environment.Job instance at 0x1477b548c1e0>,2,1,[1 5],3,4,5,1,4
1,<environment.Job instance at 0x1477b548c0f0>,3,3,[7 2],5,5,8,0,5
1,<environment.Job instance at 0x1477b5d66870>,5,18,[1 7],8,25,43,17,25
1,<environment.Job instance at 0x1477b548c820>,1,3,[7 2],3,8,11,5,8
1,<environment.Job instance at 0x1477b54200a0>,5,3,[6 2],8,11,14,3,9
1,<environment.Job instance at 0x1477b5385190>,1,2,[2 8],3,4,6,1,4
1,<environment.Job instance at 0x1477b570a3c0>,3,3,[2 5],7,7,10,0,7
1,<environment.Job instance at 0x1477b5731a00>,2,24,[2 9],4,20,44,16,20
1,<environment.Job instance at 0x1477d71351e0>,0,2,[2 6],2,2,4,0,2
1,<environment.Job instance at 0x1477b5731820>,1,2,[6 2],3,4,6,1,4
1,<environment.Job instance at 0x1477b54070f0>,2,25,[2 7],4,6,31,2,6
1,<environment.Job instance at 0x1477ddbffcd0>,4,3,[10  1],9,31,34,22,10
1,<environment.Job instance at 0x1477b59ad870>,0,3,[1 5],1,1,4,0,1
1,<environment.Job instance at 0x1477b59ad0a0>,1,2,[10  2],2,4,6,2,2
1,<environment.Job instance at 0x1477d6c9e640>,0,3,[2 6],1,1,4,0,1
1,<environment.Job instance at 0x1477d6c9e820>,1,2,[8 1],2,2,4,0,2
1,<environment.Job instance at 0x1477d6c9e4b0>,5,3,[10  2],9,9,12,0,9
1,<environment.Job instance at 0x1477b5ae0b40>,1,1,[7 2],3,5,6,2,5
1,<environment.Job instance at 0x1477d6c9ecd0>,4,1,[2 5],6,6,7,0,6
1,<environment.Job instance at 0x1477b52b0910>,1,1,[8 2],2,2,3,0,2
1,<environment.Job instance at 0x1477b52b0a00>,2,2,[2 6],3,3,5,0,3
1,<environment.Job instance at 0x1477b52b0140>,3,3,[1 9],4,5,8,1,4
1,<environment.Job instance at 0x1477b5ecbeb0>,4,2,[1 7],6,8,10,2,6
1,<environment.Job instance at 0x1477b5ecbb90>,5,3,[2 9],7,10,13,3,7
1,<environment.Job instance at 0x1477b5ecb0f0>,6,2,[6 1],8,8,10,0,8
1,<environment.Job instance at 0x1477b5ecb140>,7,1,[5 1],9,10,11,1,9
1,<environment.Job instance at 0x1477b5ecb690>,0,2,[7 1],2,6,8,4,6
1,<environment.Job instance at 0x1477b5d74280>,1,14,[5 2],6,8,22,2,7
1,<environment.Job instance at 0x1477b5e23730>,0,3,[2 7],1,1,4,0,1
1,<environment.Job instance at 0x1477b5e23af0>,3,3,[1 7],7,7,10,0,7
1,<environment.Job instance at 0x1477b5e23fa0>,4,14,[2 5],9,10,24,1,9
1,<environment.Job instance at 0x1477b562c140>,0,13,[1 5],3,4,17,1,4
1,<environment.Job instance at 0x1477b562c410>,1,2,[6 1],5,5,7,0,5
1,<environment.Job instance at 0x1477b562c7d0>,4,3,[2 9],8,17,20,9,8
1,<environment.Job instance at 0x1477d719dc80>,2,20,[9 1],3,3,23,0,3
1,<environment.Job instance at 0x1477b5f28c30>,0,3,[9 2],1,1,4,0,1
1,<environment.Job instance at 0x1477d719db40>,1,2,[1 6],8,8,10,0,8
1,<environment.Job instance at 0x1477d88a14b0>,0,2,[2 8],2,5,7,3,5
1,<environment.Job instance at 0x1477d88a1f50>,2,2,[2 6],6,7,9,1,6
1,<environment.Job instance at 0x1477d88a1b90>,3,3,[6 2],8,8,11,0,8
1,<environment.Job instance at 0x1477d88c51e0>,4,12,[2 9],9,12,24,3,12
1,<environment.Job instance at 0x1477b5466820>,0,3,[9 1],1,1,4,0,1
1,<environment.Job instance at 0x1477b5598550>,0,1,[8 1],1,3,4,2,3
1,<environment.Job instance at 0x1477b5598500>,2,3,[2 6],5,5,8,0,5
1,<environment.Job instance at 0x1477daab9be0>,1,3,[1 6],3,8,11,5,6
1,<environment.Job instance at 0x1477b58c2a50>,2,1,[2 5],5,5,6,0,5
1,<environment.Job instance at 0x1477b58c2460>,6,1,[5 2],9,9,10,0,9
1,<environment.Job instance at 0x1477d97f3fa0>,0,2,[1 6],1,1,3,0,1
1,<environment.Job instance at 0x1477d97f3370>,2,1,[6 1],3,5,6,2,5
1,<environment.Job instance at 0x1477d97f3c30>,4,1,[6 1],6,13,14,7,13
1,<environment.Job instance at 0x1477d719d230>,1,3,[10  2],3,3,6,0,3
1,<environment.Job instance at 0x1477b5376b40>,1,1,[8 1],2,2,3,0,2
1,<environment.Job instance at 0x1477b5fc63c0>,3,1,[1 8],4,4,5,0,4
1,<environment.Job instance at 0x1477b5c3cc30>,4,12,[7 2],5,5,17,0,5
1,<environment.Job instance at 0x1477b591e4b0>,5,13,[1 9],6,17,30,11,6
1,<environment.Job instance at 0x1477b591e910>,6,2,[7 2],7,30,32,23,7
1,<environment.Job instance at 0x1477d8899be0>,1,3,[10  1],3,52,55,49,52
1,<environment.Job instance at 0x1477b593f410>,5,13,[1 9],7,976,989,969,976
1,<environment.Job instance at 0x1477b593f4b0>,6,2,[10  2],8,1177,1179,1169,1177
1,<environment.Job instance at 0x1477b593f3c0>,1,2,[1 9],2,3,5,1,3
1,<environment.Job instance at 0x1477d9429370>,3,3,[1 8],6,6,9,0,6
1,<environment.Job instance at 0x1477d9429730>,5,2,[2 8],8,9,11,1,8
1,<environment.Job instance at 0x1477d7131f00>,6,3,[1 7],9,11,14,2,9
1,<environment.Job instance at 0x1477b55c7190>,1,2,[8 1],2,2,4,0,2
1,<environment.Job instance at 0x1477b55c7b40>,3,1,[10  1],4,4,5,0,4
1,<environment.Job instance at 0x1477b52970f0>,4,2,[8 2],6,6,8,0,6
1,<environment.Job instance at 0x1477b5297550>,5,23,[1 6],7,7,30,0,7
1,<environment.Job instance at 0x1477b5297050>,6,3,[6 1],8,8,11,0,8
1,<environment.Job instance at 0x1477b5297b90>,7,16,[1 5],9,38,54,29,38
1,<environment.Job instance at 0x1477b5a73eb0>,0,3,[2 8],2,2,5,0,2
1,<environment.Job instance at 0x1477b5770550>,2,3,[1 8],4,1328,1331,1324,1328
1,<environment.Job instance at 0x1477d8933e10>,6,12,[6 1],9,1438,1450,1429,1438
1,<environment.Job instance at 0x1477d8928320>,0,3,[2 8],1,1,4,0,1
1,<environment.Job instance at 0x1477d8928370>,1,2,[1 7],2,4,6,2,2
1,<environment.Job instance at 0x1477d8afabe0>,2,2,[1 6],3,6,8,3,4
1,<environment.Job instance at 0x1477d8afa3c0>,4,1,[2 7],6,8,9,2,6
1,<environment.Job instance at 0x1477d8afab40>,5,3,[8 2],7,7,10,0,7
1,<environment.Job instance at 0x1477d8928280>,3,14,[ 2 10],4,10,24,6,8
1,<environment.Job instance at 0x1477d8afa780>,0,3,[1 8],2,2,5,0,2
1,<environment.Job instance at 0x1477d8afa6e0>,1,2,[2 8],5,7,9,2,7
1,<environment.Job instance at 0x1477d8b0bf50>,1,3,[8 1],2,2,5,0,2
1,<environment.Job instance at 0x1477b5a3cd70>,3,2,[2 5],4,4,6,0,4
1,<environment.Job instance at 0x1477b54dbd20>,0,3,[ 2 10],1,1,4,0,1
1,<environment.Job instance at 0x1477b54db870>,2,13,[1 7],4,6,19,2,6
1,<environment.Job instance at 0x1477d6edfcd0>,4,3,[2 5],7,19,22,12,7
1,<environment.Job instance at 0x1477de5571e0>,5,13,[1 5],8,19,32,11,14
1,<environment.Job instance at 0x1477b5e12460>,3,16,[2 9],4,4,20,0,4
1,<environment.Job instance at 0x1477dfb79af0>,5,3,[2 6],6,20,23,14,6
1,<environment.Job instance at 0x1477d719e870>,4,3,[2 6],5,23,26,18,6
1,<environment.Job instance at 0x1477d8968aa0>,7,3,[7 1],8,8,11,0,8
1,<environment.Job instance at 0x1477b5795be0>,3,2,[2 8],5,5,7,0,5
1,<environment.Job instance at 0x1477d89a30f0>,1,2,[9 1],3,3,5,0,3
1,<environment.Job instance at 0x1477b5795730>,3,3,[10  2],5,5,8,0,5
1,<environment.Job instance at 0x1477b5d1eb90>,4,1,[6 1],8,8,9,0,8
1,<environment.Job instance at 0x1477d89cad70>,5,3,[10  1],9,9,12,0,9
1,<environment.Job instance at 0x1477d89ca7d0>,1,2,[7 1],2,2,4,0,2
1,<environment.Job instance at 0x1477b56dd0a0>,2,3,[10  1],3,4,7,1,3
1,<environment.Job instance at 0x1477b56dd6e0>,3,1,[6 1],4,7,8,3,4
1,<environment.Job instance at 0x1477b56dd190>,4,18,[1 9],5,7,25,2,6
1,<environment.Job instance at 0x1477b58eb910>,6,3,[7 1],7,8,11,1,7
1,<environment.Job instance at 0x1477b58ebfa0>,7,1,[8 2],8,25,26,17,9
1,<environment.Job instance at 0x1477d7131e60>,2,13,[6 1],3,3,16,0,3
1,<environment.Job instance at 0x1477b58eb460>,1,2,[8 2],2,16,18,14,3
1,<environment.Job instance at 0x1477b56dd410>,3,3,[10  1],5,18,21,13,5
1,<environment.Job instance at 0x1477b576d320>,5,2,[10  1],8,21,23,13,8
1,<environment.Job instance at 0x1477b576d910>,2,1,[8 1],3,5,6,2,5
1,<environment.Job instance at 0x1477b5811d20>,3,14,[1 6],5,8,22,3,8
1,<environment.Job instance at 0x1477b5f04b40>,0,3,[10  2],2,2,5,0,2
1,<environment.Job instance at 0x1477d8a63370>,3,3,[2 8],5,5,8,0,5
1,<environment.Job instance at 0x1477d8a63e60>,4,3,[6 2],6,6,9,0,6
1,<environment.Job instance at 0x1477d8a63190>,6,14,[1 6],8,58,72,50,58
1,<environment.Job instance at 0x1477d8a71aa0>,1,3,[2 5],2,2,5,0,2
1,<environment.Job instance at 0x1477b5bd80a0>,3,2,[1 9],5,5,7,0,5
1,<environment.Job instance at 0x1477de6658c0>,0,1,[10  2],1,2,3,1,2
1,<environment.Job instance at 0x1477de665d70>,1,2,[7 1],2,3,5,1,2
1,<environment.Job instance at 0x1477de665370>,2,2,[10  1],3,5,7,2,3
1,<environment.Job instance at 0x1477d8910f50>,0,3,[ 1 10],1,1,4,0,1
1,<environment.Job instance at 0x1477d8972460>,2,3,[ 2 10],4,4,7,0,4
1,<environment.Job instance at 0x1477b573abe0>,3,2,[2 8],5,7,9,2,5
1,<environment.Job instance at 0x1477b5d6ce10>,4,2,[8 1],6,7,9,1,7
1,<environment.Job instance at 0x1477b573a910>,5,3,[2 8],9,9,12,0,9
1,<environment.Job instance at 0x1477b5d69460>,0,3,[2 9],2,2,5,0,2
1,<environment.Job instance at 0x1477b5d691e0>,1,2,[10  2],3,5,7,2,3
1,<environment.Job instance at 0x1477b5d69550>,3,3,[ 1 10],6,7,10,1,6
1,<environment.Job instance at 0x1477b5d50e60>,4,1,[9 2],7,10,11,3,7
1,<environment.Job instance at 0x1477b5d50500>,6,2,[5 2],9,15,17,6,15
1,<environment.Job instance at 0x1477b567ee10>,2,3,[6 1],6,7,10,1,7
1,<environment.Job instance at 0x1477b567e910>,1,2,[2 6],4,7,9,3,7
1,<environment.Job instance at 0x1477b567e0a0>,3,16,[ 2 10],7,10,26,3,8
1,<environment.Job instance at 0x1477b5b18b90>,1,18,[2 7],2,18,36,16,18
1,<environment.Job instance at 0x1477ddc7a7d0>,6,3,[10  1],8,36,39,28,18
1,<environment.Job instance at 0x1477ddc7a870>,7,3,[1 7],9,39,42,30,18
1,<environment.Job instance at 0x1477d98279b0>,3,15,[ 2 10],5,42,57,37,41
1,<environment.Job instance at 0x1477ddc3f320>,0,2,[5 2],1,2,4,1,2
1,<environment.Job instance at 0x1477b5543730>,2,2,[1 5],3,3,5,0,3
1,<environment.Job instance at 0x1477ddc3f280>,1,12,[ 1 10],2,5,17,3,4
1,<environment.Job instance at 0x1477b5543a50>,4,1,[10  1],5,17,18,12,5
1,<environment.Job instance at 0x1477ddc3f370>,5,3,[1 7],7,18,21,11,7
1,<environment.Job instance at 0x1477b55439b0>,6,1,[10  2],9,21,22,12,9
1,<environment.Job instance at 0x1477b5c033c0>,0,1,[6 1],1,1,2,0,1
1,<environment.Job instance at 0x1477b5f74aa0>,1,16,[1 7],3,3,19,0,3
1,<environment.Job instance at 0x1477b5671c80>,2,3,[2 6],4,19,22,15,4
1,<environment.Job instance at 0x1477b5f74e10>,4,3,[2 8],8,22,25,14,8
1,<environment.Job instance at 0x1477d98292d0>,1,2,[5 2],2,39,41,37,39
1,<environment.Job instance at 0x1477d405ab40>,5,23,[2 6],6,55,78,49,55
1,<environment.Job instance at 0x1477e076c730>,2,12,[2 8],3,3,15,0,3
1,<environment.Job instance at 0x1477ddbe35f0>,3,2,[10  1],4,15,17,11,4
1,<environment.Job instance at 0x1477de5d4af0>,4,3,[8 2],5,5,8,0,5
1,<environment.Job instance at 0x1477ddbc9730>,5,19,[1 6],6,17,36,11,7
1,<environment.Job instance at 0x1477b5eb0aa0>,7,2,[1 7],9,36,38,27,9
1,<environment.Job instance at 0x1477b5eb0cd0>,6,12,[1 8],8,38,50,30,24
1,<environment.Job instance at 0x1477d9868f00>,0,2,[1 6],1,1,3,0,1
1,<environment.Job instance at 0x1477b5764fa0>,2,3,[10  1],4,5,8,1,5
1,<environment.Job instance at 0x1477b5eb03c0>,4,1,[8 1],6,8,9,2,6
1,<environment.Job instance at 0x1477d8b3f280>,5,17,[7 2],8,10,27,2,10
1,<environment.Job instance at 0x1477d8b3fbe0>,0,2,[6 1],1,1,3,0,1
1,<environment.Job instance at 0x1477d8b3fb40>,3,3,[9 1],6,6,9,0,6
1,<environment.Job instance at 0x1477b5f7a370>,1,3,[8 1],2,2,5,0,2
1,<environment.Job instance at 0x1477dfc2a9b0>,2,2,[8 1],3,5,7,2,3
1,<environment.Job instance at 0x1477b52f93c0>,3,1,[5 2],4,7,8,3,5
1,<environment.Job instance at 0x1477b52f9be0>,5,1,[6 1],6,8,9,2,6
1,<environment.Job instance at 0x1477b52f9230>,6,3,[6 2],7,9,12,2,7
1,<environment.Job instance at 0x1477b52f9730>,7,3,[6 1],8,12,15,4,9
1,<environment.Job instance at 0x1477b5316fa0>,0,1,[8 2],1,1,2,0,1
1,<environment.Job instance at 0x1477b52f9730>,2,2,[8 2],5,8,10,3,8
1,<environment.Job instance at 0x1477b554bd70>,5,22,[ 1 10],9,58,80,49,58
1,<environment.Job instance at 0x1477b55572d0>,0,1,[1 5],1,2,3,1,2
1,<environment.Job instance at 0x1477b5e2fc30>,1,1,[2 5],3,6,7,3,6
1,<environment.Job instance at 0x1477ddce15f0>,0,3,[1 5],1,1,4,0,1
1,<environment.Job instance at 0x1477ddce1190>,2,2,[8 2],3,3,5,0,3
1,<environment.Job instance at 0x1477b5b43b40>,4,2,[5 2],5,5,7,0,5
1,<environment.Job instance at 0x1477b5b43050>,5,3,[1 5],6,6,9,0,6
1,<environment.Job instance at 0x1477ddce1eb0>,7,16,[8 1],9,10,26,1,10
1,<environment.Job instance at 0x1477d97d7a00>,1,3,[1 7],3,3,6,0,3
1,<environment.Job instance at 0x1477ddce1eb0>,2,3,[7 1],4,4,7,0,4
1,<environment.Job instance at 0x1477d6ebc2d0>,3,2,[2 7],5,6,8,1,5
1,<environment.Job instance at 0x1477b5225870>,5,1,[1 9],7,8,9,1,7
1,<environment.Job instance at 0x1477d6ebce60>,6,18,[5 2],8,9,27,1,8
1,<environment.Job instance at 0x1477d4079e60>,6,3,[9 1],9,9,12,0,9
1,<environment.Job instance at 0x1477d899a460>,1,2,[2 7],4,4,6,0,4
1,<environment.Job instance at 0x1477ddb8b820>,3,13,[ 2 10],7,7,20,0,7
1,<environment.Job instance at 0x1477ddb8bc30>,4,2,[1 9],8,20,22,12,8
1,<environment.Job instance at 0x1477b51d8a00>,5,3,[7 1],6,6,9,0,6
1,<environment.Job instance at 0x1477b51d8870>,6,3,[8 2],7,9,12,2,7
1,<environment.Job instance at 0x1477ddc3a1e0>,7,2,[10  1],9,12,14,3,9
1,<environment.Job instance at 0x1477b51d0370>,1,14,[9 2],4,7,21,3,7
1,<environment.Job instance at 0x1477b5d778c0>,2,12,[9 1],3,5,17,2,5
1,<environment.Job instance at 0x1477de5a6050>,0,2,[8 1],1,1,3,0,1
1,<environment.Job instance at 0x1477de5a6d20>,4,3,[2 5],5,15,18,10,15
1,<environment.Job instance at 0x1477d8990f00>,8,16,[1 9],9,202,218,193,202
1,<environment.Job instance at 0x1477d8990140>,5,3,[2 7],6,367,370,361,367
1,<environment.Job instance at 0x1477d898f050>,1,1,[6 1],2,2,3,0,2
1,<environment.Job instance at 0x1477d8990c80>,3,1,[5 1],4,4,5,0,4
1,<environment.Job instance at 0x1477d941d050>,4,3,[5 2],5,5,8,0,5
1,<environment.Job instance at 0x1477d941dc30>,5,17,[6 2],9,9,26,0,9
1,<environment.Job instance at 0x1477d942c960>,1,2,[8 2],2,2,4,0,2
1,<environment.Job instance at 0x1477d942c370>,3,1,[8 2],4,5,6,1,5
1,<environment.Job instance at 0x1477b5681500>,5,28,[ 2 10],6,12,40,6,12
1,<environment.Job instance at 0x1477b5a43640>,4,12,[1 8],5,47,59,42,47
1,<environment.Job instance at 0x1477d899ca50>,2,1,[5 1],3,4,5,1,4
1,<environment.Job instance at 0x1477d899c9b0>,3,14,[1 7],4,32,46,28,32
1,<environment.Job instance at 0x1477b5d2adc0>,0,1,[9 1],3,4,5,1,4
1,<environment.Job instance at 0x1477b5d2ac30>,1,2,[9 1],4,5,7,1,5
1,<environment.Job instance at 0x1477b5d2af50>,3,2,[2 9],7,7,9,0,7
1,<environment.Job instance at 0x1477b59f6550>,1,2,[1 8],3,6,8,3,6
1,<environment.Job instance at 0x1477d97d7c80>,1,3,[1 6],4,4,7,0,4
1,<environment.Job instance at 0x1477b56f8b40>,2,3,[2 6],5,7,10,2,5
1,<environment.Job instance at 0x1477b59f6c80>,3,3,[2 5],6,10,13,4,6
1,<environment.Job instance at 0x1477b5b43820>,5,3,[2 9],8,1364,1367,1356,1364
1,<environment.Job instance at 0x1477d946ebe0>,2,18,[10  1],3,6,24,3,6
1,<environment.Job instance at 0x1477de5d1fa0>,8,3,[7 2],9,24,27,15,9
1,<environment.Job instance at 0x1477ddc51820>,0,2,[7 2],2,2,4,0,2
1,<environment.Job instance at 0x1477d9517460>,4,2,[9 1],6,8,10,2,8
1,<environment.Job instance at 0x1477b5adc0a0>,5,1,[2 8],7,10,11,3,9
1,<environment.Job instance at 0x1477d9517730>,6,3,[2 7],8,161,164,153,161
1,<environment.Job instance at 0x1477d9517690>,3,14,[10  1],5,5,19,0,5
1,<environment.Job instance at 0x1477d77c73c0>,1,1,[10  1],4,4,5,0,4
1,<environment.Job instance at 0x1477b5aaf320>,3,2,[10  1],6,6,8,0,6
1,<environment.Job instance at 0x1477b5aaf820>,5,3,[6 2],8,8,11,0,8
1,<environment.Job instance at 0x1477b5c498c0>,0,3,[2 5],2,3,6,1,3
1,<environment.Job instance at 0x1477b5c496e0>,1,2,[5 1],3,3,5,0,3
1,<environment.Job instance at 0x1477daabaeb0>,4,3,[1 9],8,8,11,0,8
1,<environment.Job instance at 0x1477b5c49370>,3,13,[2 8],7,11,24,4,11
1,<environment.Job instance at 0x1477d4069870>,1,3,[6 1],3,5,8,2,5
1,<environment.Job instance at 0x1477b59cc2d0>,4,2,[9 1],6,8,10,2,6
1,<environment.Job instance at 0x1477b59cce60>,3,15,[2 7],5,209,224,204,209
1,<environment.Job instance at 0x1477b58b9a50>,0,2,[6 2],1,1,3,0,1
1,<environment.Job instance at 0x1477d88888c0>,2,2,[1 9],3,3,5,0,3
1,<environment.Job instance at 0x1477d97fe820>,3,3,[6 2],4,5,8,1,4
1,<environment.Job instance at 0x1477d97fe870>,4,3,[5 2],6,8,11,2,6
1,<environment.Job instance at 0x1477d97d7af0>,0,2,[2 8],1,1,3,0,1
1,<environment.Job instance at 0x1477d8b203c0>,2,1,[10  2],3,3,4,0,3
1,<environment.Job instance at 0x1477d93e75f0>,5,2,[10  1],9,9,11,0,9
1,<environment.Job instance at 0x1477b5a0fb90>,3,1,[8 1],4,4,5,0,4
1,<environment.Job instance at 0x1477d8b20aa0>,4,1,[5 1],7,7,8,0,7
1,<environment.Job instance at 0x1477d97c52d0>,1,2,[ 1 10],5,5,7,0,5
1,<environment.Job instance at 0x1477b5ed70a0>,3,3,[1 9],8,9,12,1,9
1,<environment.Job instance at 0x1477d97c55a0>,4,17,[ 1 10],9,53,70,44,53
1,<environment.Job instance at 0x1477b5efeb40>,1,2,[ 1 10],4,4,6,0,4
1,<environment.Job instance at 0x1477d94323c0>,3,1,[1 6],6,6,7,0,6
1,<environment.Job instance at 0x1477d9432910>,4,1,[1 8],7,7,8,0,7
1,<environment.Job instance at 0x1477d9432eb0>,5,1,[8 2],9,9,10,0,9
1,<environment.Job instance at 0x1477dc74ad20>,0,3,[1 5],2,2,5,0,2
1,<environment.Job instance at 0x1477dc74adc0>,2,1,[5 2],5,5,6,0,5
1,<environment.Job instance at 0x1477dc74a7d0>,4,3,[1 5],7,8,11,1,8
1,<environment.Job instance at 0x1477b5adacd0>,5,14,[1 7],8,29,43,21,29
1,<environment.Job instance at 0x1477dc74a6e0>,1,1,[2 9],2,3,4,1,3
1,<environment.Job instance at 0x1477b5ac95a0>,2,1,[10  2],3,4,5,1,4
1,<environment.Job instance at 0x1477b5ebc0f0>,2,1,[9 1],8,8,9,0,8
1,<environment.Job instance at 0x1477b5ed1e10>,2,3,[6 2],4,4,7,0,4
1,<environment.Job instance at 0x1477b591c4b0>,4,3,[1 6],6,6,9,0,6
1,<environment.Job instance at 0x1477d8b30e10>,5,1,[8 1],7,7,8,0,7
1,<environment.Job instance at 0x1477d8b305a0>,6,1,[6 1],8,8,9,0,8
1,<environment.Job instance at 0x1477dfb62c30>,1,3,[10  2],6,6,9,0,6
1,<environment.Job instance at 0x1477b5847690>,3,1,[2 8],8,9,10,1,8
1,<environment.Job instance at 0x1477b5f2bb40>,0,2,[9 1],1,1,3,0,1
1,<environment.Job instance at 0x1477b5f2b0a0>,3,20,[6 2],6,6,26,0,6
1,<environment.Job instance at 0x1477b56981e0>,1,3,[ 2 10],2,2,5,0,2
1,<environment.Job instance at 0x1477b5698c30>,3,1,[9 1],5,6,7,1,6
1,<environment.Job instance at 0x1477b5698b90>,5,20,[2 5],8,9,29,1,9
1,<environment.Job instance at 0x1477b5bb7140>,2,3,[2 9],4,4,7,0,4
1,<environment.Job instance at 0x1477b557a370>,5,2,[5 1],7,7,9,0,7
1,<environment.Job instance at 0x1477b557a5a0>,6,3,[2 5],8,8,11,0,8
1,<environment.Job instance at 0x1477b557a0a0>,7,1,[6 1],9,9,10,0,9
1,<environment.Job instance at 0x1477d89ca320>,0,1,[5 2],1,1,2,0,1
1,<environment.Job instance at 0x1477d89ca690>,1,1,[6 1],2,5,6,3,5
1,<environment.Job instance at 0x1477dc7335f0>,2,15,[1 5],5,5,20,0,5
1,<environment.Job instance at 0x1477dc733b40>,3,2,[2 9],6,20,22,14,6
1,<environment.Job instance at 0x1477dc733460>,4,2,[6 2],7,7,9,0,7
1,<environment.Job instance at 0x1477dc733910>,5,3,[2 6],8,22,25,14,8
1,<environment.Job instance at 0x1477dc733500>,6,2,[1 6],9,25,27,16,9
1,<environment.Job instance at 0x1477b521c550>,1,2,[10  1],2,3,5,1,3
1,<environment.Job instance at 0x1477dc7339b0>,2,2,[7 1],3,5,7,2,3
1,<environment.Job instance at 0x1477ddcd2d70>,5,3,[9 2],7,80,83,73,80
1,<environment.Job instance at 0x1477b56a1320>,1,3,[2 9],2,2,5,0,2
1,<environment.Job instance at 0x1477d97b3fa0>,2,2,[1 9],4,5,7,1,4
1,<environment.Job instance at 0x1477d8972280>,4,3,[9 1],7,13,16,6,13
1,<environment.Job instance at 0x1477d8972eb0>,5,3,[1 8],9,32,35,23,32
1,<environment.Job instance at 0x1477d8972d70>,0,2,[5 1],3,7,9,4,7
1,<environment.Job instance at 0x1477d8972140>,5,2,[9 2],8,9,11,1,8
1,<environment.Job instance at 0x1477d8afb0f0>,1,1,[2 5],4,32,33,28,32
1,<environment.Job instance at 0x1477b5bd8f00>,1,3,[9 1],4,11,14,7,11
1,<environment.Job instance at 0x1477ddbd08c0>,6,1,[ 1 10],9,22,23,13,22
1,<environment.Job instance at 0x1477de5ba500>,2,14,[1 6],4,33,47,29,33
1,<environment.Job instance at 0x1477dc728a50>,3,3,[8 1],5,1078,1081,1073,1078
1,<environment.Job instance at 0x1477b55fb0a0>,1,3,[1 7],2,2,5,0,2
1,<environment.Job instance at 0x1477b55fb690>,0,1,[9 1],1,2,3,1,2
1,<environment.Job instance at 0x1477b5bdbd70>,2,2,[1 8],3,5,7,2,3
1,<environment.Job instance at 0x1477b568fa50>,5,3,[9 2],7,7,10,0,7
1,<environment.Job instance at 0x1477b568f230>,7,24,[ 1 10],9,18,42,9,18
1,<environment.Job instance at 0x1477de5aa9b0>,1,3,[5 2],2,2,5,0,2
1,<environment.Job instance at 0x1477de5aa5a0>,3,3,[6 2],4,5,8,1,4
1,<environment.Job instance at 0x1477de5aa7d0>,5,2,[2 5],8,8,10,0,8
1,<environment.Job instance at 0x1477de5aa4b0>,6,2,[7 2],9,9,11,0,9
1,<environment.Job instance at 0x1477de5aa550>,1,12,[6 2],2,3,15,1,3
1,<environment.Job instance at 0x1477b594cbe0>,0,17,[5 1],1,15,32,14,4
1,<environment.Job instance at 0x1477de5aaf50>,3,1,[2 7],5,5,6,0,5
1,<environment.Job instance at 0x1477b594c5f0>,2,17,[2 8],4,36,53,32,36
1,<environment.Job instance at 0x1477d9548370>,0,3,[2 7],2,2,5,0,2
1,<environment.Job instance at 0x1477b59d90a0>,1,1,[8 2],2,2,3,0,2
1,<environment.Job instance at 0x1477b5d63550>,2,2,[ 2 10],3,3,5,0,3
1,<environment.Job instance at 0x1477b5d636e0>,3,1,[1 6],4,5,6,1,4
1,<environment.Job instance at 0x1477b59d94b0>,4,1,[ 1 10],9,9,10,0,9
1,<environment.Job instance at 0x1477d94c98c0>,0,3,[7 1],1,1,4,0,1
1,<environment.Job instance at 0x1477b51dfbe0>,3,3,[2 9],4,4,7,0,4
1,<environment.Job instance at 0x1477d94c91e0>,4,14,[ 1 10],5,7,21,2,5
1,<environment.Job instance at 0x1477d94c93c0>,5,18,[2 8],6,21,39,15,10
1,<environment.Job instance at 0x1477b5bfd8c0>,2,2,[9 1],5,50,52,45,50
1,<environment.Job instance at 0x1477b5f2ceb0>,1,3,[1 8],3,3,6,0,3
1,<environment.Job instance at 0x1477d9459870>,2,3,[2 9],7,7,10,0,7
1,<environment.Job instance at 0x1477b5307870>,3,1,[8 2],9,10,11,1,10
1,<environment.Job instance at 0x1477d95529b0>,0,3,[7 1],1,2,5,1,2
1,<environment.Job instance at 0x1477d9552050>,1,3,[ 2 10],4,5,8,1,4
1,<environment.Job instance at 0x1477d89345a0>,2,3,[7 2],6,8,11,2,6
1,<environment.Job instance at 0x1477d8934e10>,3,3,[9 2],8,11,14,3,9
1,<environment.Job instance at 0x1477d9421370>,0,3,[1 6],1,1,4,0,1
1,<environment.Job instance at 0x1477d9421c30>,5,1,[10  2],6,7,8,1,7
1,<environment.Job instance at 0x1477d9421a00>,3,2,[2 5],4,8,10,4,8
1,<environment.Job instance at 0x1477b5bde9b0>,2,2,[6 2],3,4,6,1,4
1,<environment.Job instance at 0x1477b56f6370>,2,1,[2 6],5,5,6,0,5
1,<environment.Job instance at 0x1477ddcd5640>,3,2,[1 8],6,6,8,0,6
1,<environment.Job instance at 0x1477ddcd5aa0>,4,1,[8 2],8,8,9,0,8
1,<environment.Job instance at 0x1477ddcd5910>,5,13,[1 9],9,9,22,0,9
1,<environment.Job instance at 0x1477b55f2820>,0,2,[2 8],1,1,3,0,1
1,<environment.Job instance at 0x1477b55f2320>,1,2,[7 2],2,2,4,0,2
1,<environment.Job instance at 0x1477b55f2500>,3,2,[1 7],4,7,9,3,7
1,<environment.Job instance at 0x1477b5c75460>,6,1,[7 1],9,9,10,0,9
1,<environment.Job instance at 0x1477b55f2690>,4,3,[6 2],5,84,87,79,84
1,<environment.Job instance at 0x1477b53836e0>,2,21,[2 6],4,4,25,0,4
1,<environment.Job instance at 0x1477b5383870>,3,15,[5 2],5,5,20,0,5
1,<environment.Job instance at 0x1477b5383cd0>,4,13,[6 2],6,20,33,14,6
1,<environment.Job instance at 0x1477b525c0a0>,1,14,[2 8],3,478,492,475,478
1,<environment.Job instance at 0x1477b5d81a50>,5,2,[1 8],8,631,633,623,631
1,<environment.Job instance at 0x1477b54dbc80>,0,2,[ 1 10],1,1,3,0,1
1,<environment.Job instance at 0x1477ddcd87d0>,3,13,[9 1],4,4,17,0,4
1,<environment.Job instance at 0x1477b52ef1e0>,8,2,[6 2],9,17,19,8,15
1,<environment.Job instance at 0x1477b566b820>,1,14,[9 1],3,42,56,39,42
1,<environment.Job instance at 0x1477b5cf2cd0>,5,3,[8 1],9,108,111,99,108
1,<environment.Job instance at 0x1477d8900960>,2,2,[ 2 10],4,4,6,0,4
1,<environment.Job instance at 0x1477d8900e10>,4,15,[2 8],9,9,24,0,9
1,<environment.Job instance at 0x1477b5cd6640>,2,16,[8 1],7,7,23,0,7
1,<environment.Job instance at 0x1477b5cd6a50>,1,2,[1 9],4,4,6,0,4
1,<environment.Job instance at 0x1477b5ca3230>,2,3,[2 6],5,27,30,22,27
1,<environment.Job instance at 0x1477b5cd69b0>,3,2,[5 2],6,116,118,110,116
1,<environment.Job instance at 0x1477b5cbd5f0>,2,17,[6 2],3,3,20,0,3
1,<environment.Job instance at 0x1477b5cbd3c0>,3,1,[9 1],4,20,21,16,6
1,<environment.Job instance at 0x1477b5d21960>,5,1,[7 1],7,21,22,14,7
1,<environment.Job instance at 0x1477b5d21410>,4,12,[1 7],6,8,20,2,8
1,<environment.Job instance at 0x1477d88c65f0>,0,2,[7 1],1,1,3,0,1
1,<environment.Job instance at 0x1477b5eb9b40>,1,1,[1 6],3,3,4,0,3
1,<environment.Job instance at 0x1477b5d21460>,2,2,[6 2],4,4,6,0,4
1,<environment.Job instance at 0x1477b5b58320>,0,3,[8 1],1,2,5,1,2
1,<environment.Job instance at 0x1477b5d0a140>,1,1,[8 2],3,5,6,2,3
1,<environment.Job instance at 0x1477b5d0a870>,2,3,[8 2],5,6,9,1,5
1,<environment.Job instance at 0x1477b5b58be0>,4,3,[2 7],8,8,11,0,8
1,<environment.Job instance at 0x1477de50e640>,0,1,[8 1],3,3,4,0,3
1,<environment.Job instance at 0x1477b5c0f230>,1,1,[10  1],4,5,6,1,5
1,<environment.Job instance at 0x1477b5c0f5a0>,3,2,[9 1],6,6,8,0,6
1,<environment.Job instance at 0x1477b5c0f0a0>,2,15,[2 8],5,8,23,3,7
1,<environment.Job instance at 0x1477b5c0fc80>,6,3,[10  1],9,23,26,14,9
1,<environment.Job instance at 0x1477b5c0f1e0>,0,2,[2 8],2,2,4,0,2
1,<environment.Job instance at 0x1477ddbb04b0>,3,20,[9 1],5,6,26,1,6
1,<environment.Job instance at 0x1477d89905f0>,5,17,[1 8],8,16,33,8,16
1,<environment.Job instance at 0x1477b5c0fb90>,4,15,[2 7],6,33,48,27,33
1,<environment.Job instance at 0x1477b5cc6280>,1,3,[1 7],3,3,6,0,3
1,<environment.Job instance at 0x1477d89bdf00>,2,1,[2 9],4,6,7,2,4
1,<environment.Job instance at 0x1477d9502a50>,3,3,[1 8],6,7,10,1,6
1,<environment.Job instance at 0x1477d89cb5a0>,0,1,[1 6],2,4,5,2,4
1,<environment.Job instance at 0x1477b57fe500>,2,2,[6 2],5,5,7,0,5
1,<environment.Job instance at 0x1477b57fe5f0>,3,3,[1 6],6,6,9,0,6
1,<environment.Job instance at 0x1477d89cb5f0>,1,14,[2 9],4,9,23,5,7
1,<environment.Job instance at 0x1477b56afbe0>,6,3,[6 2],9,23,26,14,9
1,<environment.Job instance at 0x1477b57fecd0>,5,3,[ 2 10],8,26,29,18,15
1,<environment.Job instance at 0x1477b5f7ac30>,0,1,[9 2],3,4,5,1,4
1,<environment.Job instance at 0x1477b5f7a370>,1,1,[2 9],4,5,6,1,5
1,<environment.Job instance at 0x1477d891ad20>,0,3,[6 2],1,1,4,0,1
1,<environment.Job instance at 0x1477b56afdc0>,2,2,[5 2],3,4,6,1,3
1,<environment.Job instance at 0x1477b5d5ab90>,5,3,[7 1],6,6,9,0,6
1,<environment.Job instance at 0x1477d715f190>,5,3,[2 5],8,105,108,97,105
1,<environment.Job instance at 0x1477b5719140>,3,2,[2 9],5,5,7,0,5
1,<environment.Job instance at 0x1477b5526aa0>,4,3,[9 1],6,7,10,1,6
1,<environment.Job instance at 0x1477d715fd20>,2,16,[5 2],3,10,26,7,7
1,<environment.Job instance at 0x1477ddc41780>,6,1,[1 6],8,8,9,0,8
1,<environment.Job instance at 0x1477b5526af0>,5,17,[2 6],7,28,45,21,28
1,<environment.Job instance at 0x1477b5cf4af0>,1,3,[2 9],3,5,8,2,5
1,<environment.Job instance at 0x1477b59871e0>,3,2,[ 1 10],7,8,10,1,7
1,<environment.Job instance at 0x1477ddcb9640>,1,18,[ 2 10],3,5,23,2,5
1,<environment.Job instance at 0x1477ddcb9320>,3,1,[2 6],6,23,24,17,6
1,<environment.Job instance at 0x1477ddcb9a00>,4,1,[2 6],7,24,25,17,7
1,<environment.Job instance at 0x1477ddcb9d70>,2,19,[ 1 10],5,36,55,31,36
1,<environment.Job instance at 0x1477b55e0fa0>,0,1,[7 2],1,2,3,1,2
1,<environment.Job instance at 0x1477b55e00a0>,2,2,[1 9],3,3,5,0,3
1,<environment.Job instance at 0x1477b55e0550>,3,1,[5 1],4,4,5,0,4
1,<environment.Job instance at 0x1477ddcb9b90>,4,3,[6 2],6,6,9,0,6
1,<environment.Job instance at 0x1477b53f85f0>,5,2,[2 7],7,7,9,0,7
1,<environment.Job instance at 0x1477b5369320>,1,12,[1 5],2,150,162,148,150
1,<environment.Job instance at 0x1477b5b70c30>,0,2,[1 6],1,1,3,0,1
1,<environment.Job instance at 0x1477b5b70050>,2,2,[1 8],3,5,7,2,5
1,<environment.Job instance at 0x1477d97f5190>,3,3,[2 8],6,13,16,7,13
1,<environment.Job instance at 0x1477b5b70e60>,4,1,[10  1],8,67,68,59,67
1,<environment.Job instance at 0x1477b5666f00>,0,2,[1 5],1,1,3,0,1
1,<environment.Job instance at 0x1477d94281e0>,4,3,[8 2],7,7,10,0,7
1,<environment.Job instance at 0x1477b53438c0>,5,3,[1 7],8,8,11,0,8
1,<environment.Job instance at 0x1477b5343230>,6,2,[9 2],9,10,12,1,9
1,<environment.Job instance at 0x1477b5666be0>,3,13,[1 6],4,4,17,0,4
1,<environment.Job instance at 0x1477b5343b40>,4,3,[5 1],5,5,8,0,5
1,<environment.Job instance at 0x1477d70f2050>,6,2,[1 6],9,17,19,8,9
1,<environment.Job instance at 0x1477d77c1e60>,3,2,[1 6],4,6,8,2,6
1,<environment.Job instance at 0x1477b541b410>,0,3,[9 2],1,1,4,0,1
1,<environment.Job instance at 0x1477d6eaa280>,2,13,[5 1],4,5,18,1,5
1,<environment.Job instance at 0x1477d4080370>,4,2,[1 9],6,21,23,15,21
1,<environment.Job instance at 0x1477d40805f0>,7,2,[2 8],9,24,26,15,24
1,<environment.Job instance at 0x1477d4080820>,3,3,[1 9],5,55,58,50,55
1,<environment.Job instance at 0x1477d6c9cbe0>,1,2,[2 9],2,6,8,4,6
1,<environment.Job instance at 0x1477d6c9cd20>,5,3,[2 6],6,14,17,8,14
1,<environment.Job instance at 0x1477b5c610f0>,0,3,[1 7],1,1,4,0,1
1,<environment.Job instance at 0x1477b5c61820>,1,2,[2 7],3,4,6,1,4
1,<environment.Job instance at 0x1477b5d77280>,2,1,[2 7],4,6,7,2,5
1,<environment.Job instance at 0x1477b526c2d0>,4,1,[2 9],7,14,15,7,14
1,<environment.Job instance at 0x1477d986caf0>,2,3,[9 2],5,5,8,0,5
1,<environment.Job instance at 0x1477e0769f50>,1,2,[8 2],4,8,10,4,5
1,<environment.Job instance at 0x1477b5346190>,0,3,[1 5],1,1,4,0,1
1,<environment.Job instance at 0x1477ddce0140>,3,3,[10  2],5,5,8,0,5
1,<environment.Job instance at 0x1477ddce0910>,5,1,[ 1 10],7,8,9,1,7
1,<environment.Job instance at 0x1477ddce0190>,6,1,[10  2],8,9,10,1,8
1,<environment.Job instance at 0x1477b5791b90>,7,16,[5 1],9,10,26,1,9
1,<environment.Job instance at 0x1477ddce0870>,4,13,[9 1],6,26,39,20,10
1,<environment.Job instance at 0x1477b5c4ce60>,3,13,[ 2 10],5,19,32,14,19
1,<environment.Job instance at 0x1477b5c4c780>,2,3,[2 6],3,3,6,0,3
1,<environment.Job instance at 0x1477b5c4c910>,3,3,[8 1],4,4,7,0,4
1,<environment.Job instance at 0x1477d8b82690>,4,1,[6 1],5,7,8,2,5
1,<environment.Job instance at 0x1477d8b825f0>,5,3,[6 1],6,8,11,2,6
1,<environment.Job instance at 0x1477d8b82640>,6,3,[9 1],7,11,14,4,7
1,<environment.Job instance at 0x1477b5dacaf0>,7,3,[2 9],8,14,17,6,9
1,<environment.Job instance at 0x1477d8b82730>,8,14,[2 5],9,17,31,8,11
1,<environment.Job instance at 0x1477d8b7f4b0>,0,1,[10  2],2,2,3,0,2
1,<environment.Job instance at 0x1477d8b7f500>,2,2,[5 2],5,20,22,15,20
1,<environment.Job instance at 0x1477d978b780>,1,3,[1 5],2,2,5,0,2
1,<environment.Job instance at 0x1477d8b7f410>,4,3,[9 1],7,7,10,0,7
1,<environment.Job instance at 0x1477b5a50b40>,3,18,[ 1 10],9,18,36,9,18
1,<environment.Job instance at 0x1477d8a5cfa0>,4,2,[5 1],5,5,7,0,5
1,<environment.Job instance at 0x1477d8a5cf00>,5,1,[1 6],6,6,7,0,6
1,<environment.Job instance at 0x1477d8a5caf0>,7,27,[1 9],9,9,36,0,9
1,<environment.Job instance at 0x1477d8b86230>,3,2,[2 6],7,7,9,0,7
1,<environment.Job instance at 0x1477d8b864b0>,1,14,[6 1],4,10,24,6,10
1,<environment.Job instance at 0x1477daac7eb0>,0,2,[9 1],2,2,4,0,2
1,<environment.Job instance at 0x1477b5d5ef50>,1,2,[2 6],6,6,8,0,6
1,<environment.Job instance at 0x1477d841ea50>,2,3,[2 7],8,8,11,0,8
1,<environment.Job instance at 0x1477b58f8320>,2,1,[2 6],5,6,7,1,6
1,<environment.Job instance at 0x1477de682690>,4,16,[ 1 10],8,8,24,0,8
1,<environment.Job instance at 0x1477b598d410>,1,15,[10  2],2,2,17,0,2
1,<environment.Job instance at 0x1477b542abe0>,1,3,[5 1],3,3,6,0,3
1,<environment.Job instance at 0x1477b542ae10>,2,1,[8 1],6,6,7,0,6
1,<environment.Job instance at 0x1477ddc3faf0>,0,2,[9 1],2,3,5,1,3
1,<environment.Job instance at 0x1477ddc3f190>,2,2,[1 5],4,5,7,1,5
1,<environment.Job instance at 0x1477ddc3f9b0>,3,3,[6 1],5,5,8,0,5
1,<environment.Job instance at 0x1477ddc3f460>,5,2,[1 7],8,2707,2709,2699,2707
1,<environment.Job instance at 0x1477ddc3b550>,1,1,[ 2 10],3,4,5,1,4
1,<environment.Job instance at 0x1477d88c20f0>,3,1,[2 8],5,5,6,0,5
1,<environment.Job instance at 0x1477ddc3b820>,4,3,[7 2],6,6,9,0,6
1,<environment.Job instance at 0x1477de51a190>,5,1,[2 8],7,7,8,0,7
1,<environment.Job instance at 0x1477de51a4b0>,7,1,[10  2],9,14,15,5,14
1,<environment.Job instance at 0x1477b5b6ae10>,2,3,[9 1],3,3,6,0,3
1,<environment.Job instance at 0x1477de510910>,1,2,[7 1],2,6,8,4,3
1,<environment.Job instance at 0x1477d70f0050>,5,2,[2 9],6,6,8,0,6
1,<environment.Job instance at 0x1477d70f0960>,7,18,[1 6],9,47,65,38,47
1,<environment.Job instance at 0x1477de60c820>,0,3,[9 1],1,1,4,0,1
1,<environment.Job instance at 0x1477de60c410>,2,1,[7 1],3,66,67,63,66
1,<environment.Job instance at 0x1477b5f8eaa0>,2,3,[9 2],6,6,9,0,6
1,<environment.Job instance at 0x1477b5a50960>,3,3,[8 1],8,9,12,1,8
1,<environment.Job instance at 0x1477d8990500>,0,2,[5 1],1,1,3,0,1
1,<environment.Job instance at 0x1477dfbdcb40>,1,3,[1 9],3,4,7,1,4
1,<environment.Job instance at 0x1477b5f4e780>,3,1,[10  2],7,7,8,0,7
1,<environment.Job instance at 0x1477ddb872d0>,2,22,[1 7],4,8,30,4,8
1,<environment.Job instance at 0x1477de6331e0>,0,1,[2 7],1,1,2,0,1
1,<environment.Job instance at 0x1477de633460>,1,2,[ 1 10],2,2,4,0,2
1,<environment.Job instance at 0x1477de633f00>,2,1,[7 1],3,4,5,1,3
1,<environment.Job instance at 0x1477de6330a0>,3,2,[9 1],4,5,7,1,4
1,<environment.Job instance at 0x1477d94d0cd0>,1,3,[ 1 10],2,3,6,1,3
1,<environment.Job instance at 0x1477d891c4b0>,3,2,[1 9],4,7,9,3,7
1,<environment.Job instance at 0x1477d891cc30>,4,3,[1 7],8,13,16,5,13
1,<environment.Job instance at 0x1477d891c3c0>,1,1,[5 1],2,2,3,0,2
1,<environment.Job instance at 0x1477b521cd70>,2,2,[1 6],4,4,6,0,4
1,<environment.Job instance at 0x1477d891c0f0>,3,12,[ 1 10],6,6,18,0,6
1,<environment.Job instance at 0x1477b5cba320>,5,13,[6 1],9,18,31,9,9
1,<environment.Job instance at 0x1477b5cba050>,2,1,[2 6],3,3,4,0,3
1,<environment.Job instance at 0x1477b5cba910>,3,12,[1 8],4,4,16,0,4
1,<environment.Job instance at 0x1477b52ef370>,6,2,[10  1],8,16,18,8,8
1,<environment.Job instance at 0x1477b52ef1e0>,1,3,[2 9],2,2,5,0,2
1,<environment.Job instance at 0x1477d89fa280>,2,3,[1 6],3,5,8,2,3
1,<environment.Job instance at 0x1477d97ac320>,0,3,[10  1],1,1,4,0,1
1,<environment.Job instance at 0x1477d97ac410>,2,2,[7 1],4,8,10,4,8
1,<environment.Job instance at 0x1477d97ac820>,7,3,[9 2],9,16,19,7,16
1,<environment.Job instance at 0x1477d7101730>,0,2,[9 1],1,1,3,0,1
1,<environment.Job instance at 0x1477d71015a0>,1,3,[1 5],2,2,5,0,2
1,<environment.Job instance at 0x1477d71016e0>,2,2,[8 2],4,4,6,0,4
1,<environment.Job instance at 0x1477d7101500>,3,3,[8 2],5,6,9,1,5
1,<environment.Job instance at 0x1477d93b1320>,5,3,[2 5],8,8,11,0,8
1,<environment.Job instance at 0x1477dc7264b0>,2,2,[7 1],3,3,5,0,3
1,<environment.Job instance at 0x1477dc726d20>,4,2,[ 1 10],5,7,9,2,7
1,<environment.Job instance at 0x1477d9484140>,6,2,[1 5],7,9,11,2,7
1,<environment.Job instance at 0x1477ddcb5910>,8,3,[2 8],9,11,14,2,9
1,<environment.Job instance at 0x1477d9504690>,7,2,[6 1],8,9,11,1,9
1,<environment.Job instance at 0x1477b587d5a0>,0,3,[1 8],2,2,5,0,2
1,<environment.Job instance at 0x1477d9519960>,1,3,[7 1],4,4,7,0,4
1,<environment.Job instance at 0x1477b5ddc7d0>,3,12,[ 1 10],8,8,20,0,8
1,<environment.Job instance at 0x1477b5a2b3c0>,0,2,[1 9],1,1,3,0,1
1,<environment.Job instance at 0x1477b5b70230>,2,2,[1 5],4,5,7,1,5
1,<environment.Job instance at 0x1477b5fdf2d0>,4,2,[ 1 10],7,7,9,0,7
1,<environment.Job instance at 0x1477d88c52d0>,5,14,[2 5],8,9,23,1,8
1,<environment.Job instance at 0x1477d8a8bb90>,0,2,[2 9],1,1,3,0,1
1,<environment.Job instance at 0x1477b5b70c30>,1,3,[6 1],3,3,6,0,3
1,<environment.Job instance at 0x1477d8a8b500>,2,2,[8 2],5,6,8,1,5
1,<environment.Job instance at 0x1477d8a8b5a0>,3,3,[6 2],7,8,11,1,7
1,<environment.Job instance at 0x1477d8a8b9b0>,5,3,[10  2],9,11,14,2,10
1,<environment.Job instance at 0x1477d8a8b870>,0,2,[6 2],2,2,4,0,2
1,<environment.Job instance at 0x1477d8a8b8c0>,1,3,[10  2],3,4,7,1,3
1,<environment.Job instance at 0x1477d8a8be10>,2,2,[8 2],4,7,9,3,4
1,<environment.Job instance at 0x1477d980dfa0>,3,3,[7 1],6,9,12,3,6
1,<environment.Job instance at 0x1477d71786e0>,4,3,[7 2],7,12,15,5,7
1,<environment.Job instance at 0x1477b55a1c80>,0,1,[1 7],1,3,4,2,3
1,<environment.Job instance at 0x1477b55a15f0>,1,1,[5 2],3,3,4,0,3
1,<environment.Job instance at 0x1477d88fa780>,3,3,[2 8],5,5,8,0,5
1,<environment.Job instance at 0x1477b55a1780>,5,1,[10  2],8,8,9,0,8
1,<environment.Job instance at 0x1477d88fa9b0>,4,16,[1 5],7,9,25,2,9
1,<environment.Job instance at 0x1477b59f54b0>,0,3,[5 1],1,1,4,0,1
1,<environment.Job instance at 0x1477b5682b40>,3,14,[1 5],4,4,18,0,4
1,<environment.Job instance at 0x1477b5d8cf00>,4,1,[9 1],5,5,6,0,5
1,<environment.Job instance at 0x1477b5d8cfa0>,5,14,[6 1],6,6,20,0,6
1,<environment.Job instance at 0x1477b5d8c640>,6,2,[10  2],7,20,22,13,7
1,<environment.Job instance at 0x1477b5d8cdc0>,7,24,[2 5],8,22,46,14,18
1,<environment.Job instance at 0x1477dffafa50>,2,3,[ 2 10],8,8,11,0,8
1,<environment.Job instance at 0x1477b537f960>,4,3,[5 2],5,5,8,0,5
1,<environment.Job instance at 0x1477ddbd53c0>,1,1,[5 1],5,6,7,1,6
1,<environment.Job instance at 0x1477ddbd5c30>,3,13,[1 8],7,7,20,0,7
1,<environment.Job instance at 0x1477b58f33c0>,4,1,[1 8],8,20,21,12,8
1,<environment.Job instance at 0x1477b58f3320>,5,2,[8 2],9,9,11,0,9
1,<environment.Job instance at 0x1477b58f30a0>,1,3,[5 1],2,4,7,2,4
1,<environment.Job instance at 0x1477b58f3320>,4,20,[2 7],5,6,26,1,6
1,<environment.Job instance at 0x1477ddbbaaf0>,3,3,[2 8],8,9,12,1,9
1,<environment.Job instance at 0x1477b52ffd20>,2,3,[ 2 10],3,3,6,0,3
1,<environment.Job instance at 0x1477b52ff280>,3,1,[8 2],5,6,7,1,5
1,<environment.Job instance at 0x1477d89045f0>,4,2,[8 1],7,7,9,0,7
1,<environment.Job instance at 0x1477d8904370>,5,1,[1 5],8,8,9,0,8
1,<environment.Job instance at 0x1477d8904550>,6,3,[9 1],9,9,12,0,9
1,<environment.Job instance at 0x1477d88e2780>,0,3,[1 9],1,1,4,0,1
1,<environment.Job instance at 0x1477b5562820>,3,2,[8 1],7,7,9,0,7
1,<environment.Job instance at 0x1477d9823870>,4,3,[10  1],8,9,12,1,8
1,<environment.Job instance at 0x1477b55627d0>,0,2,[2 7],2,2,4,0,2
1,<environment.Job instance at 0x1477d6eceb40>,4,2,[9 1],7,7,9,0,7
1,<environment.Job instance at 0x1477d943e3c0>,5,1,[9 1],9,9,10,0,9
1,<environment.Job instance at 0x1477b5879690>,1,2,[7 1],2,3,5,1,3
1,<environment.Job instance at 0x1477b5879aa0>,3,1,[1 6],5,5,6,0,5
1,<environment.Job instance at 0x1477b5879c30>,2,1,[2 6],4,6,7,2,6
1,<environment.Job instance at 0x1477b5879500>,5,2,[1 7],7,7,9,0,7
1,<environment.Job instance at 0x1477b5879c80>,4,22,[1 7],6,443,465,437,443
1,<environment.Job instance at 0x1477ddc6fa50>,3,3,[6 1],7,122,125,115,122
1,<environment.Job instance at 0x1477d40a80f0>,3,2,[8 1],4,4,6,0,4
1,<environment.Job instance at 0x1477d40a82d0>,4,2,[6 1],5,6,8,1,5
1,<environment.Job instance at 0x1477d7128e60>,5,3,[7 2],7,8,11,1,7
1,<environment.Job instance at 0x1477d7169280>,0,2,[5 2],1,1,3,0,1
1,<environment.Job instance at 0x1477daabc550>,2,15,[10  2],3,6,21,3,6
1,<environment.Job instance at 0x1477b58578c0>,7,12,[2 9],8,21,33,13,8
1,<environment.Job instance at 0x1477b5849500>,0,3,[ 2 10],2,2,5,0,2
1,<environment.Job instance at 0x1477b5849410>,2,3,[1 8],7,7,10,0,7
1,<environment.Job instance at 0x1477b5b22640>,3,2,[2 7],9,10,12,1,9
1,<environment.Job instance at 0x1477b575edc0>,2,12,[ 1 10],6,6,18,0,6
1,<environment.Job instance at 0x1477b5a3b5f0>,3,3,[9 1],7,18,21,11,7
1,<environment.Job instance at 0x1477b5a3bdc0>,4,17,[2 8],8,21,38,13,9
1,<environment.Job instance at 0x1477b575e1e0>,1,1,[1 8],2,2,3,0,2
1,<environment.Job instance at 0x1477d4082320>,2,3,[8 2],5,5,8,0,5
1,<environment.Job instance at 0x1477b5a3b320>,3,3,[2 5],6,6,9,0,6
1,<environment.Job instance at 0x1477b5a3b0a0>,4,3,[9 1],8,9,12,1,8
1,<environment.Job instance at 0x1477d9523230>,5,2,[8 2],9,12,14,3,9
1,<environment.Job instance at 0x1477ddcd4eb0>,0,2,[8 1],1,2,4,1,2
1,<environment.Job instance at 0x1477ddcd45f0>,2,3,[9 1],3,4,7,1,3
1,<environment.Job instance at 0x1477b5d68b90>,3,1,[9 2],4,7,8,3,4
1,<environment.Job instance at 0x1477b5d68d70>,5,3,[7 2],8,8,11,0,8
1,<environment.Job instance at 0x1477b5d64eb0>,6,2,[ 2 10],9,11,13,2,9
1,<environment.Job instance at 0x1477b5720dc0>,1,1,[10  1],5,9,10,4,9
1,<environment.Job instance at 0x1477d98670a0>,3,24,[2 7],9,58,82,49,58
1,<environment.Job instance at 0x1477b54dbf00>,2,18,[8 1],6,6,24,0,6
1,<environment.Job instance at 0x1477b54db3c0>,3,3,[6 2],9,24,27,15,10
1,<environment.Job instance at 0x1477b54db5f0>,1,3,[1 5],3,3,6,0,3
1,<environment.Job instance at 0x1477b5fdf870>,5,2,[8 1],9,9,11,0,9
1,<environment.Job instance at 0x1477dffaf910>,0,1,[7 2],2,6,7,4,6
1,<environment.Job instance at 0x1477d8990fa0>,4,15,[5 1],9,10,25,1,10
1,<environment.Job instance at 0x1477b53a33c0>,0,3,[2 8],1,1,4,0,1
1,<environment.Job instance at 0x1477d8a7ffa0>,2,1,[6 2],4,5,6,1,5
1,<environment.Job instance at 0x1477d8a7faa0>,3,20,[1 7],5,34,54,29,34
1,<environment.Job instance at 0x1477d6c9c460>,1,1,[8 2],3,3,4,0,3
1,<environment.Job instance at 0x1477d6c9ce60>,0,2,[5 1],1,5,7,4,5
1,<environment.Job instance at 0x1477d6c9cfa0>,3,3,[1 7],7,7,10,0,7
1,<environment.Job instance at 0x1477d8a7f190>,2,25,[2 7],5,11,36,6,11
1,<environment.Job instance at 0x1477d6c9c500>,0,3,[10  2],2,2,5,0,2
1,<environment.Job instance at 0x1477b530c730>,2,2,[8 2],4,5,7,1,5
1,<environment.Job instance at 0x1477b530c230>,4,1,[2 6],6,6,7,0,6
1,<environment.Job instance at 0x1477b5b9c8c0>,5,2,[2 7],7,7,9,0,7
1,<environment.Job instance at 0x1477b5b9c6e0>,6,1,[1 7],8,9,10,1,8
1,<environment.Job instance at 0x1477b550b2d0>,0,1,[1 7],1,1,2,0,1
1,<environment.Job instance at 0x1477b550b230>,2,1,[8 2],3,3,4,0,3
1,<environment.Job instance at 0x1477d6c73f50>,3,18,[9 2],4,4,22,0,4
1,<environment.Job instance at 0x1477d6c73730>,6,2,[9 1],7,22,24,15,13
1,<environment.Job instance at 0x1477d6c73460>,7,3,[7 1],9,56,59,47,56
1,<environment.Job instance at 0x1477b53a38c0>,2,3,[ 2 10],5,5,8,0,5
1,<environment.Job instance at 0x1477b53a3af0>,4,3,[6 1],7,8,11,1,8
1,<environment.Job instance at 0x1477b5d284b0>,6,2,[6 2],9,21,23,12,21
1,<environment.Job instance at 0x1477b5270910>,0,3,[7 2],1,1,4,0,1
1,<environment.Job instance at 0x1477b5d28730>,2,3,[1 7],4,4,7,0,4
1,<environment.Job instance at 0x1477b52700a0>,3,2,[8 1],5,5,7,0,5
1,<environment.Job instance at 0x1477b5e8b460>,1,12,[ 2 10],2,2,14,0,2
1,<environment.Job instance at 0x1477b58fd5f0>,2,1,[7 2],8,9,10,1,9
1,<environment.Job instance at 0x1477b58fd0f0>,3,16,[2 6],9,22,38,13,22
1,<environment.Job instance at 0x1477de5aa780>,1,1,[10  2],2,2,3,0,2
1,<environment.Job instance at 0x1477b5880af0>,0,1,[7 2],1,3,4,2,3
1,<environment.Job instance at 0x1477de5aa2d0>,3,3,[8 1],4,4,7,0,4
1,<environment.Job instance at 0x1477d8b322d0>,4,3,[6 1],5,7,10,2,5
1,<environment.Job instance at 0x1477b58fd820>,5,2,[6 2],9,10,12,1,9
1,<environment.Job instance at 0x1477b5b58500>,2,13,[1 8],3,18,31,15,18
1,<environment.Job instance at 0x1477d8b32b90>,0,2,[2 7],3,3,5,0,3
1,<environment.Job instance at 0x1477b52438c0>,2,3,[8 2],4,4,7,0,4
1,<environment.Job instance at 0x1477b5243320>,1,3,[1 9],3,7,10,4,4
1,<environment.Job instance at 0x1477b5c195a0>,5,3,[6 2],7,10,13,3,7
1,<environment.Job instance at 0x1477b5c19050>,6,3,[9 2],8,13,16,5,8
1,<environment.Job instance at 0x1477d6ebb6e0>,0,2,[ 2 10],1,1,3,0,1
1,<environment.Job instance at 0x1477d6ebb320>,3,14,[1 6],6,6,20,0,6
1,<environment.Job instance at 0x1477d8ad1fa0>,4,2,[6 2],7,7,9,0,7
1,<environment.Job instance at 0x1477d8ab9230>,6,3,[7 1],9,9,12,0,9
1,<environment.Job instance at 0x1477d8ab9230>,2,1,[10  1],7,7,8,0,7
1,<environment.Job instance at 0x1477b5f55d20>,1,1,[6 1],4,4,5,0,4
1,<environment.Job instance at 0x1477d9428e60>,4,15,[9 1],8,8,23,0,8
1,<environment.Job instance at 0x1477d8967be0>,0,2,[1 5],1,1,3,0,1
1,<environment.Job instance at 0x1477d8b1faa0>,4,3,[2 9],6,6,9,0,6
1,<environment.Job instance at 0x1477d8b1f2d0>,5,1,[8 2],9,9,10,0,9
1,<environment.Job instance at 0x1477d8a49910>,0,1,[7 2],1,1,2,0,1
1,<environment.Job instance at 0x1477d978e230>,2,3,[6 1],3,3,6,0,3
1,<environment.Job instance at 0x1477d8a49f50>,3,1,[7 2],4,6,7,2,4
1,<environment.Job instance at 0x1477b5c61af0>,5,17,[5 1],7,7,24,0,7
1,<environment.Job instance at 0x1477ddbbaeb0>,2,25,[9 2],3,3,28,0,3
1,<environment.Job instance at 0x1477d9813690>,3,2,[6 1],5,28,30,23,6
1,<environment.Job instance at 0x1477d888dc80>,5,14,[1 9],7,28,42,21,13
1,<environment.Job instance at 0x1477d888db40>,6,13,[1 9],9,42,55,33,36
1,<environment.Job instance at 0x1477d8878410>,1,3,[6 1],3,3,6,0,3
1,<environment.Job instance at 0x1477b5f3a550>,2,2,[1 6],4,4,6,0,4
1,<environment.Job instance at 0x1477b5f3a6e0>,4,1,[6 1],6,6,7,0,6
1,<environment.Job instance at 0x1477b5f3aaf0>,6,2,[ 1 10],9,9,11,0,9
1,<environment.Job instance at 0x1477d945d820>,2,2,[1 6],3,3,5,0,3
1,<environment.Job instance at 0x1477b59fa910>,3,3,[8 2],4,4,7,0,4
1,<environment.Job instance at 0x1477d89ac4b0>,0,3,[10  1],2,2,5,0,2
1,<environment.Job instance at 0x1477b5ea4e10>,2,2,[2 5],4,5,7,1,4
1,<environment.Job instance at 0x1477b5ea4f50>,3,1,[10  1],5,7,8,2,5
1,<environment.Job instance at 0x1477d9866500>,5,1,[8 1],8,8,9,0,8
1,<environment.Job instance at 0x1477d98665a0>,6,13,[1 6],9,9,22,0,9
1,<environment.Job instance at 0x1477b5daf050>,1,12,[6 2],2,29,41,27,29
1,<environment.Job instance at 0x1477b5daf280>,5,2,[6 2],8,41,43,33,30
1,<environment.Job instance at 0x1477b5ac1a50>,2,1,[6 2],6,6,7,0,6
1,<environment.Job instance at 0x1477b5daf280>,3,1,[8 2],7,7,8,0,7
1,<environment.Job instance at 0x1477d405a460>,4,2,[1 6],8,8,10,0,8
1,<environment.Job instance at 0x1477d4047e10>,5,3,[ 1 10],9,10,13,1,9
1,<environment.Job instance at 0x1477b5d766e0>,0,1,[9 1],4,4,5,0,4
1,<environment.Job instance at 0x1477b5813140>,3,2,[1 5],4,128,130,124,128
1,<environment.Job instance at 0x1477d94d7640>,0,3,[2 6],1,1,4,0,1
1,<environment.Job instance at 0x1477b5d22320>,2,3,[ 2 10],3,4,7,1,3
1,<environment.Job instance at 0x1477d88618c0>,1,2,[2 8],2,3,5,1,3
1,<environment.Job instance at 0x1477b54d9c30>,2,22,[2 9],3,5,27,2,5
1,<environment.Job instance at 0x1477b55d32d0>,5,2,[8 1],6,6,8,0,6
1,<environment.Job instance at 0x1477d6c83b90>,6,3,[9 2],8,27,30,19,8
1,<environment.Job instance at 0x1477b55d38c0>,1,18,[6 1],2,2,20,0,2
1,<environment.Job instance at 0x1477b5d689b0>,0,1,[2 7],1,1,2,0,1
1,<environment.Job instance at 0x1477b5d8bb40>,2,3,[ 1 10],5,5,8,0,5
1,<environment.Job instance at 0x1477b5f50a00>,4,3,[7 1],8,8,11,0,8
1,<environment.Job instance at 0x1477b5f50320>,3,20,[10  1],7,7,27,0,7
1,<environment.Job instance at 0x1477b5f091e0>,0,1,[7 2],1,1,2,0,1
1,<environment.Job instance at 0x1477d88610a0>,3,3,[ 2 10],7,7,10,0,7
1,<environment.Job instance at 0x1477d8861e60>,4,1,[9 1],8,10,11,2,8
1,<environment.Job instance at 0x1477dfb43910>,2,1,[8 1],4,4,5,0,4
1,<environment.Job instance at 0x1477b58964b0>,5,1,[10  1],7,7,8,0,7
1,<environment.Job instance at 0x1477dfb43c30>,1,2,[2 7],3,8,10,5,8
1,<environment.Job instance at 0x1477d8861f50>,7,3,[1 6],9,10,13,1,10
1,<environment.Job instance at 0x1477b5223af0>,0,1,[2 5],4,5,6,1,5
1,<environment.Job instance at 0x1477d9778960>,2,2,[9 1],6,6,8,0,6
1,<environment.Job instance at 0x1477d8a985a0>,1,19,[1 8],5,297,316,292,297
1,<environment.Job instance at 0x1477d8861f50>,4,2,[1 7],8,1510,1512,1502,1510
1,<environment.Job instance at 0x1477d955b780>,3,1,[6 2],5,5,6,0,5
1,<environment.Job instance at 0x1477d955bd20>,2,3,[7 2],4,8,11,4,8
1,<environment.Job instance at 0x1477d955b6e0>,5,3,[9 1],9,11,14,2,9
1,<environment.Job instance at 0x1477d718e280>,3,1,[1 5],6,6,7,0,6
1,<environment.Job instance at 0x1477d897ac30>,2,1,[2 6],4,4,5,0,4
1,<environment.Job instance at 0x1477ddce2e10>,1,2,[6 1],4,4,6,0,4
1,<environment.Job instance at 0x1477ddce2050>,3,2,[5 1],7,7,9,0,7
1,<environment.Job instance at 0x1477ddce2410>,4,2,[1 5],8,8,10,0,8
1,<environment.Job instance at 0x1477ddce2c30>,2,14,[5 1],6,9,23,3,9
1,<environment.Job instance at 0x1477d93bbb90>,0,2,[6 2],1,1,3,0,1
1,<environment.Job instance at 0x1477d93bb730>,2,3,[ 1 10],4,4,7,0,4
1,<environment.Job instance at 0x1477d93bb320>,3,2,[7 2],6,7,9,1,7
1,<environment.Job instance at 0x1477d93bb9b0>,4,2,[2 7],8,9,11,1,9
1,<environment.Job instance at 0x1477d97ac4b0>,0,2,[1 8],1,2,4,1,2
1,<environment.Job instance at 0x1477d97ac820>,2,3,[2 5],3,4,7,1,3
1,<environment.Job instance at 0x1477d8a60f50>,4,1,[7 2],7,7,8,0,7
1,<environment.Job instance at 0x1477d8a60fa0>,5,2,[5 2],8,10,12,2,10
1,<environment.Job instance at 0x1477d8a73780>,0,2,[6 2],1,1,3,0,1
1,<environment.Job instance at 0x1477b5d4d960>,1,12,[2 6],3,3,15,0,3
1,<environment.Job instance at 0x1477b5d4df50>,2,2,[2 5],4,15,17,11,5
1,<environment.Job instance at 0x1477d8976e60>,4,18,[10  2],6,17,35,11,9
1,<environment.Job instance at 0x1477dc7570a0>,1,2,[2 7],4,4,6,0,4
1,<environment.Job instance at 0x1477dc7578c0>,3,1,[10  1],9,9,10,0,9
1,<environment.Job instance at 0x1477b5d76e60>,3,3,[2 9],7,7,10,0,7
1,<environment.Job instance at 0x1477d940b9b0>,0,2,[5 1],1,1,3,0,1
1,<environment.Job instance at 0x1477d940ba00>,2,3,[9 2],4,4,7,0,4
1,<environment.Job instance at 0x1477b5358f00>,4,20,[6 2],6,7,27,1,6
1,<environment.Job instance at 0x1477b5358d70>,5,3,[10  2],7,27,30,20,7
1,<environment.Job instance at 0x1477b5358be0>,6,3,[1 9],8,30,33,22,8
1,<environment.Job instance at 0x1477b58fc370>,2,2,[ 2 10],4,4,6,0,4
1,<environment.Job instance at 0x1477b5358e60>,1,2,[10  1],3,6,8,3,5
1,<environment.Job instance at 0x1477b5e430a0>,4,26,[10  2],7,8,34,1,7
1,<environment.Job instance at 0x1477b537d3c0>,0,1,[10  2],1,2,3,1,2
1,<environment.Job instance at 0x1477b58ab320>,2,2,[2 8],7,7,9,0,7
1,<environment.Job instance at 0x1477b54316e0>,2,12,[2 7],4,4,16,0,4
1,<environment.Job instance at 0x1477d8905280>,3,2,[8 1],5,5,7,0,5
1,<environment.Job instance at 0x1477d8905f50>,4,3,[9 1],6,16,19,10,6
1,<environment.Job instance at 0x1477d89050f0>,6,26,[1 8],8,16,42,8,13
1,<environment.Job instance at 0x1477b5ef4190>,1,3,[2 7],3,3,6,0,3
1,<environment.Job instance at 0x1477dfbf2460>,3,2,[2 9],5,6,8,1,5
1,<environment.Job instance at 0x1477dfbf2640>,4,18,[5 1],7,7,25,0,7
1,<environment.Job instance at 0x1477dfbf2e60>,5,1,[6 2],8,25,26,17,8
1,<environment.Job instance at 0x1477dfbf2050>,6,18,[2 8],9,9,27,0,9
1,<environment.Job instance at 0x1477dfbf2b90>,3,1,[1 6],6,6,7,0,6
1,<environment.Job instance at 0x1477b5f2f960>,4,3,[6 1],8,8,11,0,8
1,<environment.Job instance at 0x1477d97da320>,0,3,[5 2],1,1,4,0,1
1,<environment.Job instance at 0x1477d97da460>,1,2,[2 5],2,2,4,0,2
1,<environment.Job instance at 0x1477d97da280>,3,2,[1 9],4,4,6,0,4
1,<environment.Job instance at 0x1477d97da1e0>,4,1,[2 6],5,6,7,1,6
1,<environment.Job instance at 0x1477d97da690>,5,17,[1 5],6,7,24,1,7
1,<environment.Job instance at 0x1477d8ab3640>,1,3,[2 6],4,29,32,25,29
1,<environment.Job instance at 0x1477b5811be0>,1,16,[1 8],2,2,18,0,2
1,<environment.Job instance at 0x1477ddbd0230>,2,3,[2 5],4,18,21,14,4
1,<environment.Job instance at 0x1477ddbd0e10>,1,2,[6 2],2,2,4,0,2
1,<environment.Job instance at 0x1477b593f230>,3,3,[8 2],5,5,8,0,5
1,<environment.Job instance at 0x1477ddbd0230>,2,16,[2 5],4,6,22,2,6
1,<environment.Job instance at 0x1477de632410>,4,17,[2 6],6,22,39,16,10
1,<environment.Job instance at 0x1477b52d9d70>,1,13,[10  2],3,3,16,0,3
1,<environment.Job instance at 0x1477d898e4b0>,6,3,[1 7],9,832,835,823,832
1,<environment.Job instance at 0x1477b5da15f0>,2,1,[6 2],4,5,6,1,5
1,<environment.Job instance at 0x1477b5da18c0>,4,1,[6 1],6,6,7,0,6
1,<environment.Job instance at 0x1477b5da1230>,6,16,[2 8],8,10,26,2,10
1,<environment.Job instance at 0x1477b58da640>,7,16,[1 9],9,26,42,17,26
1,<environment.Job instance at 0x1477d8aaf460>,0,1,[2 7],1,2,3,1,2
1,<environment.Job instance at 0x1477d8aafc80>,2,3,[6 1],5,5,8,0,5
1,<environment.Job instance at 0x1477d40bdf00>,3,2,[2 5],7,7,9,0,7
1,<environment.Job instance at 0x1477d40c2230>,1,3,[1 9],2,2,5,0,2
1,<environment.Job instance at 0x1477b5cad460>,2,1,[8 2],3,5,6,2,3
1,<environment.Job instance at 0x1477b5cad8c0>,3,1,[1 7],4,5,6,1,4
1,<environment.Job instance at 0x1477b5cad730>,4,2,[8 1],5,6,8,1,5
1,<environment.Job instance at 0x1477d40c2460>,6,1,[5 2],8,9,10,1,9
1,<environment.Job instance at 0x1477b5cadc80>,7,13,[5 2],9,181,194,172,181
1,<environment.Job instance at 0x1477b5cadf00>,0,3,[7 1],2,2,5,0,2
1,<environment.Job instance at 0x1477b5cad6e0>,2,3,[1 7],4,5,8,1,5
1,<environment.Job instance at 0x1477b5c16e10>,4,18,[1 8],6,8,26,2,8
1,<environment.Job instance at 0x1477b5c16370>,5,2,[2 7],9,26,28,17,9
1,<environment.Job instance at 0x1477d8929e60>,0,3,[1 8],1,1,4,0,1
1,<environment.Job instance at 0x1477de62a2d0>,1,3,[1 5],2,4,7,2,2
1,<environment.Job instance at 0x1477de62a460>,2,3,[1 6],4,7,10,3,5
1,<environment.Job instance at 0x1477b5786820>,3,2,[10  1],8,8,10,0,8
1,<environment.Job instance at 0x1477dfbac3c0>,1,3,[5 1],2,2,5,0,2
1,<environment.Job instance at 0x1477dfbe93c0>,4,2,[1 9],7,7,9,0,7
1,<environment.Job instance at 0x1477dfbe9730>,5,3,[10  1],8,9,12,1,8
1,<environment.Job instance at 0x1477d97b7eb0>,0,2,[6 1],1,1,3,0,1
1,<environment.Job instance at 0x1477b5cbd370>,2,14,[1 6],3,3,17,0,3
1,<environment.Job instance at 0x1477dfbe9b40>,3,3,[8 1],4,4,7,0,4
1,<environment.Job instance at 0x1477ddcdcfa0>,6,18,[8 2],8,8,26,0,8
1,<environment.Job instance at 0x1477d9497d20>,7,1,[1 9],9,26,27,17,9
1,<environment.Job instance at 0x1477d947f640>,0,3,[10  2],1,1,4,0,1
1,<environment.Job instance at 0x1477d8ac65a0>,3,3,[1 5],4,5,8,1,5
1,<environment.Job instance at 0x1477d982d370>,2,2,[2 9],4,4,6,0,4
1,<environment.Job instance at 0x1477ddb8c0f0>,3,1,[5 1],5,5,6,0,5
1,<environment.Job instance at 0x1477ddb8c410>,4,20,[9 1],7,7,27,0,7
1,<environment.Job instance at 0x1477ddb8c500>,5,2,[5 2],8,27,29,19,8
1,<environment.Job instance at 0x1477b5b86410>,3,2,[6 2],7,9,11,2,9
1,<environment.Job instance at 0x1477b5e9b550>,4,2,[6 1],9,70,72,61,70
1,<environment.Job instance at 0x1477d891aa50>,2,3,[2 5],3,3,6,0,3
1,<environment.Job instance at 0x1477d891a910>,1,17,[5 1],2,4,21,2,4
1,<environment.Job instance at 0x1477d891a190>,4,3,[10  2],6,21,24,15,6
1,<environment.Job instance at 0x1477b58f34b0>,0,1,[ 1 10],1,1,2,0,1
1,<environment.Job instance at 0x1477b58f3f00>,3,14,[7 1],9,9,23,0,9
1,<environment.Job instance at 0x1477b5308f50>,1,1,[9 1],3,7,8,4,7
1,<environment.Job instance at 0x1477b5308af0>,5,2,[6 1],7,8,10,1,7
1,<environment.Job instance at 0x1477b54e4140>,6,1,[5 1],8,12,13,4,12
1,<environment.Job instance at 0x1477d9445d20>,1,15,[5 1],2,6,21,4,6
1,<environment.Job instance at 0x1477d94455a0>,4,2,[6 1],7,21,23,14,7
1,<environment.Job instance at 0x1477d9445c30>,3,3,[2 7],6,10,13,4,10
1,<environment.Job instance at 0x1477b572f5f0>,5,3,[6 1],7,20,23,13,20
1,<environment.Job instance at 0x1477d9550050>,1,3,[2 6],2,3,6,1,3
1,<environment.Job instance at 0x1477d94b1a00>,0,1,[1 5],1,6,7,5,3
1,<environment.Job instance at 0x1477b592ea50>,6,24,[ 2 10],9,14,38,5,14
1,<environment.Job instance at 0x1477b5908730>,2,15,[1 9],3,3,18,0,3
1,<environment.Job instance at 0x1477de665eb0>,6,17,[ 1 10],9,18,35,9,9
1,<environment.Job instance at 0x1477de665cd0>,2,1,[1 9],3,3,4,0,3
1,<environment.Job instance at 0x1477de665050>,3,1,[6 2],4,4,5,0,4
1,<environment.Job instance at 0x1477b5cd1960>,4,15,[10  1],6,6,21,0,6
1,<environment.Job instance at 0x1477b5d22690>,5,3,[2 5],7,21,24,14,7
1,<environment.Job instance at 0x1477d953a460>,2,12,[9 1],9,9,21,0,9
1,<environment.Job instance at 0x1477ddba9140>,2,12,[2 7],3,8,20,5,8
1,<environment.Job instance at 0x1477ddba9690>,6,2,[6 2],9,19,21,10,19
1,<environment.Job instance at 0x1477b5b6f910>,2,3,[6 1],4,4,7,0,4
1,<environment.Job instance at 0x1477b5b6faf0>,3,22,[2 7],5,5,27,0,5
1,<environment.Job instance at 0x1477ddba93c0>,4,14,[1 8],8,27,41,19,12
1,<environment.Job instance at 0x1477b5b620a0>,0,2,[ 1 10],2,3,5,1,3
1,<environment.Job instance at 0x1477b51cf1e0>,2,3,[2 7],5,6,9,1,6
1,<environment.Job instance at 0x1477b51cf5a0>,4,13,[10  2],7,9,22,2,7
1,<environment.Job instance at 0x1477b51cfd20>,5,2,[2 5],8,22,24,14,16
1,<environment.Job instance at 0x1477b51cfa00>,3,16,[ 1 10],6,30,46,24,30
1,<environment.Job instance at 0x1477ddc3a050>,2,3,[1 9],5,5,8,0,5
1,<environment.Job instance at 0x1477ddc3ac30>,3,3,[9 2],6,8,11,2,7
1,<environment.Job instance at 0x1477ddc3a780>,5,2,[1 6],9,10,12,1,10
1,<environment.Job instance at 0x1477ddc3a4b0>,4,2,[2 6],7,28,30,21,28
1,<environment.Job instance at 0x1477d71054b0>,0,2,[2 7],1,1,3,0,1
1,<environment.Job instance at 0x1477b5e6b8c0>,1,3,[2 8],2,3,6,1,2
1,<environment.Job instance at 0x1477de5a3b40>,2,3,[1 8],3,6,9,3,3
1,<environment.Job instance at 0x1477de5a30f0>,4,2,[10  2],5,9,11,4,5
1,<environment.Job instance at 0x1477d97d2a00>,6,3,[2 6],7,11,14,4,7
1,<environment.Job instance at 0x1477de5a3460>,7,3,[8 1],9,11,14,2,10
1,<environment.Job instance at 0x1477ddba4e10>,0,21,[1 7],2,3,24,1,3
1,<environment.Job instance at 0x1477b5c0f870>,2,3,[9 1],4,4,7,0,4
1,<environment.Job instance at 0x1477ddba4fa0>,3,2,[7 1],6,7,9,1,6
1,<environment.Job instance at 0x1477d89de730>,5,3,[8 1],9,9,12,0,9
1,<environment.Job instance at 0x1477b5e6b820>,1,18,[1 7],3,24,42,21,16
1,<environment.Job instance at 0x1477dc7330f0>,1,2,[ 1 10],2,3,5,1,3
1,<environment.Job instance at 0x1477d9566fa0>,2,2,[2 7],4,5,7,1,5
1,<environment.Job instance at 0x1477d955bb40>,4,3,[2 8],6,7,10,1,6
1,<environment.Job instance at 0x1477d95660f0>,3,14,[2 6],5,10,24,5,7
1,<environment.Job instance at 0x1477d7181410>,0,2,[2 8],2,3,5,1,3
1,<environment.Job instance at 0x1477d94eefa0>,2,3,[5 2],4,4,7,0,4
1,<environment.Job instance at 0x1477d94eeeb0>,3,1,[10  2],5,7,8,2,6
1,<environment.Job instance at 0x1477d94ee690>,6,3,[ 2 10],8,8,11,0,8
1,<environment.Job instance at 0x1477b5319a50>,0,3,[1 8],1,2,5,1,2
1,<environment.Job instance at 0x1477d94ee1e0>,1,17,[2 9],2,96,113,94,96
1,<environment.Job instance at 0x1477b5e8c320>,1,3,[1 7],2,2,5,0,2
1,<environment.Job instance at 0x1477b5a43aa0>,3,1,[2 5],7,8,9,1,8
1,<environment.Job instance at 0x1477b5a97dc0>,0,2,[1 8],1,2,4,1,2
1,<environment.Job instance at 0x1477b5a43460>,1,12,[2 5],2,4,16,2,4
1,<environment.Job instance at 0x1477b5a97370>,4,2,[2 5],6,7,9,1,7
1,<environment.Job instance at 0x1477b5e63a00>,6,2,[6 2],8,9,11,1,9
1,<environment.Job instance at 0x1477b5399c80>,5,2,[ 1 10],7,16,18,9,9
1,<environment.Job instance at 0x1477b53996e0>,2,3,[5 1],3,4,7,1,4
1,<environment.Job instance at 0x1477d940acd0>,1,3,[1 6],4,4,7,0,4
1,<environment.Job instance at 0x1477b5f9c820>,4,1,[2 6],8,14,15,6,14
1,<environment.Job instance at 0x1477b5f9c960>,5,1,[ 2 10],9,18,19,9,18
1,<environment.Job instance at 0x1477b5fbc230>,1,2,[2 9],2,2,4,0,2
1,<environment.Job instance at 0x1477b5fbc460>,2,3,[2 9],3,4,7,1,3
1,<environment.Job instance at 0x1477b5fbc690>,4,3,[6 1],5,5,8,0,5
1,<environment.Job instance at 0x1477dfbf20f0>,3,2,[2 5],4,7,9,3,5
1,<environment.Job instance at 0x1477dfbf2a50>,6,3,[2 8],7,9,12,2,7
1,<environment.Job instance at 0x1477dfbf2780>,7,3,[9 1],8,12,15,4,8
1,<environment.Job instance at 0x1477dfbf2d70>,5,17,[1 6],6,12,29,6,11
1,<environment.Job instance at 0x1477dfbf28c0>,8,26,[ 2 10],9,29,55,20,29
1,<environment.Job instance at 0x1477b5243c30>,1,2,[9 2],2,2,4,0,2
1,<environment.Job instance at 0x1477d712bf00>,2,3,[2 8],3,4,7,1,3
1,<environment.Job instance at 0x1477d890dd20>,4,3,[7 2],6,6,9,0,6
1,<environment.Job instance at 0x1477d890df00>,5,2,[7 1],8,9,11,1,8
1,<environment.Job instance at 0x1477d890dc30>,6,2,[8 1],9,11,13,2,9
1,<environment.Job instance at 0x1477d8907370>,5,3,[8 1],6,6,9,0,6
1,<environment.Job instance at 0x1477d8abda00>,6,1,[1 9],7,7,8,0,7
1,<environment.Job instance at 0x1477d8abde60>,7,2,[1 6],9,18,20,9,18
1,<environment.Job instance at 0x1477b5f4dfa0>,2,2,[1 5],9,10,12,1,10
1,<environment.Job instance at 0x1477b5f4d550>,1,1,[1 6],2,4,5,2,4
1,<environment.Job instance at 0x1477b5f4dfa0>,4,1,[ 1 10],7,8,9,1,8
1,<environment.Job instance at 0x1477b5a9b410>,5,12,[ 2 10],8,45,57,37,45
1,<environment.Job instance at 0x1477b5ab7690>,1,1,[7 2],3,4,5,1,4
1,<environment.Job instance at 0x1477b5ab7820>,2,16,[2 7],4,134,150,130,134
1,<environment.Job instance at 0x1477b5ab7190>,1,3,[9 1],4,4,7,0,4
1,<environment.Job instance at 0x1477b5aeaf00>,3,3,[10  2],6,7,10,1,6
1,<environment.Job instance at 0x1477b58286e0>,0,2,[8 1],3,5,7,2,5
1,<environment.Job instance at 0x1477b5828820>,2,3,[10  1],6,7,10,1,6
1,<environment.Job instance at 0x1477b5828190>,3,3,[5 2],7,10,13,3,7
1,<environment.Job instance at 0x1477b5828b40>,4,3,[1 6],8,10,13,2,8
1,<environment.Job instance at 0x1477b5828500>,1,12,[2 5],5,13,25,8,8
1,<environment.Job instance at 0x1477b5c007d0>,0,2,[10  2],1,1,3,0,1
1,<environment.Job instance at 0x1477b5c00960>,1,3,[2 6],2,3,6,1,2
1,<environment.Job instance at 0x1477b54ead70>,5,16,[2 7],7,182,198,175,182
1,<environment.Job instance at 0x1477b5a50690>,1,3,[10  1],3,3,6,0,3
1,<environment.Job instance at 0x1477b51d8aa0>,2,13,[7 2],5,6,19,1,5
1,<environment.Job instance at 0x1477d8a1d730>,3,2,[5 1],6,19,21,13,6
1,<environment.Job instance at 0x1477d8a1d640>,4,17,[ 1 10],7,57,74,50,57
1,<environment.Job instance at 0x1477d8a1d0a0>,4,20,[5 1],6,6,26,0,6
1,<environment.Job instance at 0x1477ddcf5050>,5,17,[2 6],7,7,24,0,7
1,<environment.Job instance at 0x1477ddcf50f0>,7,14,[5 2],9,330,344,321,330
1,<environment.Job instance at 0x1477ddcf5c80>,1,1,[7 2],2,2,3,0,2
1,<environment.Job instance at 0x1477ddcf50f0>,3,1,[2 5],4,5,6,1,5
1,<environment.Job instance at 0x1477b54a9280>,4,3,[2 6],5,8,11,3,8
1,<environment.Job instance at 0x1477b5ec2960>,7,2,[10  1],9,11,13,2,9
1,<environment.Job instance at 0x1477b5fdd5a0>,1,24,[1 7],2,232,256,230,232
1,<environment.Job instance at 0x1477b5fdd9b0>,1,3,[7 1],3,3,6,0,3
1,<environment.Job instance at 0x1477b58b0d70>,2,2,[7 1],4,6,8,2,4
1,<environment.Job instance at 0x1477de562cd0>,4,3,[10  1],6,8,11,2,6
1,<environment.Job instance at 0x1477b5fddaa0>,7,3,[1 6],9,11,14,2,10
1,<environment.Job instance at 0x1477b5369780>,1,3,[5 1],4,4,7,0,4
1,<environment.Job instance at 0x1477b527c690>,4,1,[1 6],9,11,12,2,11
1,<environment.Job instance at 0x1477b527c690>,2,1,[10  1],4,4,5,0,4
1,<environment.Job instance at 0x1477b527cbe0>,3,1,[9 1],5,5,6,0,5
1,<environment.Job instance at 0x1477de668190>,7,2,[5 2],9,14,16,5,14
1,<environment.Job instance at 0x1477d89e13c0>,5,13,[1 7],7,20,33,13,20
1,<environment.Job instance at 0x1477d8427eb0>,0,1,[6 2],1,2,3,1,2
1,<environment.Job instance at 0x1477de668050>,2,1,[6 1],3,5,6,2,5
1,<environment.Job instance at 0x1477b5fcbeb0>,0,3,[2 5],1,1,4,0,1
1,<environment.Job instance at 0x1477d8427500>,3,14,[10  2],7,7,21,0,7
1,<environment.Job instance at 0x1477d8872e60>,2,3,[6 1],4,4,7,0,4
1,<environment.Job instance at 0x1477d716caf0>,3,22,[2 8],6,6,28,0,6
1,<environment.Job instance at 0x1477b59f6820>,2,2,[2 5],4,4,6,0,4
1,<environment.Job instance at 0x1477b59f6eb0>,1,16,[2 7],2,6,22,4,5
1,<environment.Job instance at 0x1477b5d12730>,4,2,[2 9],6,22,24,16,6
1,<environment.Job instance at 0x1477b5666140>,5,3,[ 1 10],8,24,27,16,8
1,<environment.Job instance at 0x1477b5d12640>,6,1,[7 1],9,9,10,0,9
1,<environment.Job instance at 0x1477b586c820>,0,2,[2 8],4,4,6,0,4
1,<environment.Job instance at 0x1477b586c370>,1,2,[2 5],5,7,9,2,7
1,<environment.Job instance at 0x1477daad23c0>,0,1,[2 5],1,2,3,1,2
1,<environment.Job instance at 0x1477b586c640>,2,3,[6 2],3,3,6,0,3
1,<environment.Job instance at 0x1477b586ccd0>,3,3,[10  2],5,6,9,1,5
1,<environment.Job instance at 0x1477daad2cd0>,4,1,[2 7],6,9,10,3,6
1,<environment.Job instance at 0x1477daad2640>,7,3,[6 2],9,9,12,0,9
1,<environment.Job instance at 0x1477de51b730>,0,3,[2 8],1,1,4,0,1
1,<environment.Job instance at 0x1477b586c5f0>,3,3,[8 2],4,4,7,0,4
1,<environment.Job instance at 0x1477b591a1e0>,4,1,[7 1],5,7,8,2,5
1,<environment.Job instance at 0x1477b591a280>,5,3,[2 6],6,6,9,0,6
1,<environment.Job instance at 0x1477daad2e10>,6,2,[8 1],8,8,10,0,8
1,<environment.Job instance at 0x1477b567b870>,4,2,[10  1],7,7,9,0,7
1,<environment.Job instance at 0x1477b567b730>,5,2,[1 5],8,9,11,1,8
1,<environment.Job instance at 0x1477d9804cd0>,0,3,[1 7],1,1,4,0,1
1,<environment.Job instance at 0x1477b567b050>,2,16,[2 7],3,59,75,56,59
1,<environment.Job instance at 0x1477b5d32550>,0,3,[6 1],2,2,5,0,2
1,<environment.Job instance at 0x1477b5d32f00>,2,3,[7 1],4,7,10,3,7
1,<environment.Job instance at 0x1477b5d32b40>,5,3,[9 2],8,11,14,3,11
1,<environment.Job instance at 0x1477b5b778c0>,0,3,[7 2],1,2,5,1,2
1,<environment.Job instance at 0x1477b5b773c0>,1,2,[2 6],2,4,6,2,4
1,<environment.Job instance at 0x1477daaada50>,3,3,[6 2],5,5,8,0,5
1,<environment.Job instance at 0x1477daaad9b0>,4,3,[7 2],7,8,11,1,7
1,<environment.Job instance at 0x1477d950dc30>,2,2,[2 5],4,4,6,0,4
1,<environment.Job instance at 0x1477d9432140>,3,2,[1 6],5,6,8,1,5
1,<environment.Job instance at 0x1477daaadfa0>,4,1,[1 9],7,8,9,1,7
1,<environment.Job instance at 0x1477b57256e0>,0,3,[ 1 10],3,4,7,1,4
1,<environment.Job instance at 0x1477b57c2050>,1,3,[7 2],4,7,10,3,4
1,<environment.Job instance at 0x1477d89ef500>,4,1,[1 7],7,506,507,499,506
1,<environment.Job instance at 0x1477d89efcd0>,1,1,[5 1],2,3,4,1,3
1,<environment.Job instance at 0x1477d89ef500>,3,2,[2 8],5,5,7,0,5
1,<environment.Job instance at 0x1477b51b0050>,4,3,[10  2],6,7,10,1,6
1,<environment.Job instance at 0x1477b51b04b0>,5,2,[7 1],7,10,12,3,7
1,<environment.Job instance at 0x1477b51b00a0>,6,2,[5 2],8,12,14,4,8
1,<environment.Job instance at 0x1477b5ec82d0>,0,2,[2 5],1,1,3,0,1
1,<environment.Job instance at 0x1477b5ec8aa0>,2,3,[1 5],4,4,7,0,4
1,<environment.Job instance at 0x1477d951b780>,4,1,[ 1 10],7,7,8,0,7
1,<environment.Job instance at 0x1477d951b820>,5,2,[5 2],8,8,10,0,8
1,<environment.Job instance at 0x1477d951b870>,6,16,[1 5],9,9,25,0,9
1,<environment.Job instance at 0x1477b5715fa0>,6,12,[ 1 10],9,13,25,4,13
1,<environment.Job instance at 0x1477d8b30500>,0,3,[6 2],1,1,4,0,1
1,<environment.Job instance at 0x1477d8b30f50>,1,3,[5 1],2,4,7,2,2
1,<environment.Job instance at 0x1477b5715fa0>,3,12,[8 2],4,7,19,3,5
1,<environment.Job instance at 0x1477d9555fa0>,0,1,[8 2],1,1,2,0,1
1,<environment.Job instance at 0x1477d8868460>,1,3,[1 5],6,6,9,0,6
1,<environment.Job instance at 0x1477b57ddf50>,3,2,[10  2],8,9,11,1,8
1,<environment.Job instance at 0x1477d9555a00>,0,3,[5 1],2,2,5,0,2
1,<environment.Job instance at 0x1477d9555550>,1,3,[8 1],3,5,8,2,3
1,<environment.Job instance at 0x1477d9555b40>,2,3,[1 6],4,4,7,0,4
1,<environment.Job instance at 0x1477d9555c80>,4,3,[5 1],6,8,11,2,6
1,<environment.Job instance at 0x1477b56ef730>,2,3,[1 9],6,428,431,422,428
1,<environment.Job instance at 0x1477b5d220f0>,1,3,[1 5],2,5,8,3,5
1,<environment.Job instance at 0x1477d89b4fa0>,5,14,[5 2],8,8,22,0,8
1,<environment.Job instance at 0x1477d89a9230>,6,2,[1 5],9,14,16,5,14
1,<environment.Job instance at 0x1477d8a5a0a0>,2,13,[6 2],3,42,55,39,42
1,<environment.Job instance at 0x1477d89a9b90>,1,3,[6 2],2,3,6,1,3
1,<environment.Job instance at 0x1477d9536190>,3,2,[7 1],4,6,8,2,4
1,<environment.Job instance at 0x1477b5cad960>,4,1,[2 8],5,35,36,30,35
1,<environment.Job instance at 0x1477b5fab8c0>,0,1,[10  1],1,1,2,0,1
1,<environment.Job instance at 0x1477de5ce500>,5,3,[2 5],6,6,9,0,6
1,<environment.Job instance at 0x1477de5ce230>,0,3,[1 7],2,2,5,0,2
1,<environment.Job instance at 0x1477d94b2fa0>,2,14,[8 2],5,5,19,0,5
1,<environment.Job instance at 0x1477b5c97e60>,5,2,[2 5],9,21,23,12,21
1,<environment.Job instance at 0x1477d9808230>,5,1,[6 1],6,6,7,0,6
1,<environment.Job instance at 0x1477b5caa410>,1,12,[10  1],2,7,19,5,7
1,<environment.Job instance at 0x1477d9400e60>,7,2,[2 5],8,19,21,11,8
1,<environment.Job instance at 0x1477d9808820>,6,14,[5 1],7,19,33,12,8
1,<environment.Job instance at 0x1477d9400c30>,8,13,[1 5],9,21,34,12,9
1,<environment.Job instance at 0x1477d9808e10>,1,3,[6 1],2,2,5,0,2
1,<environment.Job instance at 0x1477d40d5eb0>,2,3,[2 9],3,3,6,0,3
1,<environment.Job instance at 0x1477d40d5410>,4,1,[6 1],7,15,16,8,15
1,<environment.Job instance at 0x1477d97fb690>,2,1,[ 1 10],3,3,4,0,3
1,<environment.Job instance at 0x1477d97fb140>,4,1,[5 1],5,5,6,0,5
1,<environment.Job instance at 0x1477d8adbc80>,2,1,[10  1],4,4,5,0,4
1,<environment.Job instance at 0x1477d8adb7d0>,3,1,[7 1],6,6,7,0,6
1,<environment.Job instance at 0x1477d40beaa0>,4,2,[7 1],8,8,10,0,8
1,<environment.Job instance at 0x1477d40be1e0>,5,1,[ 1 10],9,10,11,1,9
1,<environment.Job instance at 0x1477d94b3550>,0,3,[2 6],1,1,4,0,1
1,<environment.Job instance at 0x1477de625fa0>,2,2,[6 1],5,9,11,4,9
1,<environment.Job instance at 0x1477b581a050>,2,2,[9 1],4,4,6,0,4
1,<environment.Job instance at 0x1477b581a9b0>,1,13,[7 2],3,6,19,3,4
1,<environment.Job instance at 0x1477d9409050>,5,2,[7 1],9,19,21,10,9
1,<environment.Job instance at 0x1477d6c618c0>,0,3,[8 1],1,1,4,0,1
1,<environment.Job instance at 0x1477d9409050>,3,2,[9 2],4,4,6,0,4
1,<environment.Job instance at 0x1477d6c61b90>,6,13,[ 2 10],7,206,219,199,206
1,<environment.Job instance at 0x1477d978eb40>,0,3,[2 5],1,1,4,0,1
1,<environment.Job instance at 0x1477d89255a0>,1,3,[ 2 10],2,4,7,2,2
1,<environment.Job instance at 0x1477d9555aa0>,2,3,[ 2 10],3,7,10,4,3
1,<environment.Job instance at 0x1477ddcde550>,5,12,[2 7],6,10,22,4,6
1,<environment.Job instance at 0x1477d978e640>,4,1,[7 2],5,10,11,5,6
1,<environment.Job instance at 0x1477ddcde5f0>,7,18,[1 6],8,48,66,40,48
1,<environment.Job instance at 0x1477ddcd8140>,0,1,[10  2],1,1,2,0,1
1,<environment.Job instance at 0x1477ddcd8190>,1,2,[1 5],2,3,5,1,3
1,<environment.Job instance at 0x1477ddcd80a0>,2,2,[ 1 10],3,11,13,8,11
1,<environment.Job instance at 0x1477d895d960>,2,17,[1 5],3,35,52,32,35
1,<environment.Job instance at 0x1477d8aaf1e0>,1,2,[10  2],2,2,4,0,2
1,<environment.Job instance at 0x1477d8aaf730>,3,15,[1 6],6,6,21,0,6
1,<environment.Job instance at 0x1477d6c941e0>,1,1,[1 8],2,2,3,0,2
1,<environment.Job instance at 0x1477d8ab7be0>,2,2,[1 7],3,3,5,0,3
1,<environment.Job instance at 0x1477d6c94550>,3,3,[9 1],4,4,7,0,4
1,<environment.Job instance at 0x1477d8ab73c0>,4,16,[ 1 10],5,7,23,2,5
1,<environment.Job instance at 0x1477d77d3230>,1,3,[10  1],3,3,6,0,3
1,<environment.Job instance at 0x1477d77d3a00>,5,1,[6 2],8,8,9,0,8
1,<environment.Job instance at 0x1477d89e3550>,6,2,[1 8],9,9,11,0,9
1,<environment.Job instance at 0x1477d89e3320>,1,3,[7 2],2,2,5,0,2
1,<environment.Job instance at 0x1477b580f190>,2,2,[9 1],3,5,7,2,5
1,<environment.Job instance at 0x1477d89e3550>,3,1,[ 1 10],4,9,10,5,9
1,<environment.Job instance at 0x1477d9507280>,1,18,[ 1 10],2,22,40,20,22
1,<environment.Job instance at 0x1477d713a370>,5,13,[1 7],6,40,53,34,24
1,<environment.Job instance at 0x1477b5bb5a00>,0,3,[6 2],1,1,4,0,1
1,<environment.Job instance at 0x1477b5933500>,1,3,[9 2],2,4,7,2,2
1,<environment.Job instance at 0x1477b5bb5cd0>,2,2,[ 1 10],3,7,9,4,4
1,<environment.Job instance at 0x1477b5bb5910>,3,3,[10  1],6,9,12,3,6
1,<environment.Job instance at 0x1477b5bb5550>,1,2,[8 2],3,17,19,14,17
1,<environment.Job instance at 0x1477ddbe81e0>,4,3,[7 1],9,9,12,0,9
1,<environment.Job instance at 0x1477b5850320>,0,1,[6 2],1,1,2,0,1
1,<environment.Job instance at 0x1477ddbe85f0>,1,2,[1 9],2,3,5,1,3
1,<environment.Job instance at 0x1477d88ac190>,3,2,[5 1],4,5,7,1,5
1,<environment.Job instance at 0x1477b5509640>,6,1,[5 1],7,7,8,0,7
1,<environment.Job instance at 0x1477b5867190>,2,20,[1 5],3,18,38,15,18
1,<environment.Job instance at 0x1477ddcf3640>,1,15,[6 2],3,4,19,1,4
1,<environment.Job instance at 0x1477ddcb9780>,0,3,[1 9],1,1,4,0,1
1,<environment.Job instance at 0x1477ddcb9e60>,2,2,[6 1],3,3,5,0,3
1,<environment.Job instance at 0x1477dfb506e0>,3,1,[6 2],4,5,6,1,4
1,<environment.Job instance at 0x1477dfb509b0>,6,17,[2 8],7,8,25,1,8
1,<environment.Job instance at 0x1477b5a166e0>,1,13,[6 1],3,3,16,0,3
1,<environment.Job instance at 0x1477b5a163c0>,3,3,[10  2],6,16,19,10,6
1,<environment.Job instance at 0x1477b5a16eb0>,4,3,[2 8],7,7,10,0,7
1,<environment.Job instance at 0x1477d6ebc640>,0,2,[1 8],1,1,3,0,1
1,<environment.Job instance at 0x1477b5a16190>,1,3,[1 5],3,3,6,0,3
1,<environment.Job instance at 0x1477d97f3050>,3,3,[6 2],5,5,8,0,5
1,<environment.Job instance at 0x1477d9559f50>,2,13,[5 1],4,8,21,4,6
1,<environment.Job instance at 0x1477d718a370>,5,3,[2 8],7,7,10,0,7
1,<environment.Job instance at 0x1477d718a4b0>,4,12,[ 2 10],6,21,33,15,9
1,<environment.Job instance at 0x1477d71960a0>,1,2,[6 1],3,3,5,0,3
1,<environment.Job instance at 0x1477d7196320>,2,1,[9 1],4,5,6,1,4
1,<environment.Job instance at 0x1477d7196d20>,4,1,[10  2],6,7,8,1,7
1,<environment.Job instance at 0x1477d7196be0>,5,1,[1 8],7,8,9,1,7
1,<environment.Job instance at 0x1477d891bfa0>,1,23,[2 7],3,31,54,28,31
1,<environment.Job instance at 0x1477b5ab0730>,0,3,[ 1 10],1,1,4,0,1
1,<environment.Job instance at 0x1477b54e6460>,4,13,[2 8],7,7,20,0,7
1,<environment.Job instance at 0x1477d95255f0>,0,2,[1 7],2,3,5,1,3
1,<environment.Job instance at 0x1477b5b180f0>,2,3,[1 5],7,7,10,0,7
1,<environment.Job instance at 0x1477b5b18460>,3,1,[9 1],8,8,9,0,8
1,<environment.Job instance at 0x1477b52e1500>,0,3,[1 5],1,1,4,0,1
1,<environment.Job instance at 0x1477b5b18b90>,1,1,[1 5],2,4,5,2,4
1,<environment.Job instance at 0x1477b52e1a50>,3,3,[7 1],5,5,8,0,5
1,<environment.Job instance at 0x1477d88d25f0>,0,2,[6 2],1,1,3,0,1
1,<environment.Job instance at 0x1477d88d2370>,1,2,[ 1 10],2,3,5,1,3
1,<environment.Job instance at 0x1477b56e4460>,3,3,[10  1],4,5,8,1,4
1,<environment.Job instance at 0x1477b56e4280>,5,2,[10  2],6,8,10,2,6
1,<environment.Job instance at 0x1477b5b58e60>,3,1,[2 7],4,4,5,0,4
1,<environment.Job instance at 0x1477b5b58c80>,4,2,[7 2],5,5,7,0,5
1,<environment.Job instance at 0x1477de6270f0>,2,16,[1 8],4,4,20,0,4
1,<environment.Job instance at 0x1477d8b5ba00>,1,1,[8 1],3,3,4,0,3
1,<environment.Job instance at 0x1477d8b5b9b0>,2,3,[6 1],4,4,7,0,4
1,<environment.Job instance at 0x1477d8b94f50>,3,1,[5 1],5,7,8,2,5
1,<environment.Job instance at 0x1477b5702a50>,5,15,[2 8],8,8,23,0,8
1,<environment.Job instance at 0x1477b570d280>,1,1,[1 5],2,2,3,0,2
1,<environment.Job instance at 0x1477d8991aa0>,2,3,[8 1],3,3,6,0,3
1,<environment.Job instance at 0x1477d979c690>,3,2,[ 1 10],4,6,8,2,4
1,<environment.Job instance at 0x1477b5f2baa0>,4,1,[1 9],5,8,9,3,6
1,<environment.Job instance at 0x1477b5f2b3c0>,6,2,[10  2],8,9,11,1,8
1,<environment.Job instance at 0x1477d8991460>,5,14,[1 8],6,11,25,5,9
1,<environment.Job instance at 0x1477b5f2bdc0>,2,3,[ 2 10],4,4,7,0,4
1,<environment.Job instance at 0x1477ddb8cfa0>,0,1,[9 1],1,2,3,1,2
1,<environment.Job instance at 0x1477b5924dc0>,1,14,[1 5],2,4,18,2,4
1,<environment.Job instance at 0x1477ddb8cc80>,3,2,[10  1],5,18,20,13,5
1,<environment.Job instance at 0x1477ddb8c410>,4,3,[8 1],8,8,11,0,8
1,<environment.Job instance at 0x1477de5ee5f0>,5,1,[ 2 10],9,20,21,11,9
1,<environment.Job instance at 0x1477de5eeaf0>,1,2,[2 5],2,3,5,1,3
1,<environment.Job instance at 0x1477de5ee5f0>,4,3,[10  1],5,5,8,0,5
1,<environment.Job instance at 0x1477d89dc4b0>,0,1,[2 5],1,1,2,0,1
1,<environment.Job instance at 0x1477b5a97820>,1,1,[2 5],3,7,8,4,7
1,<environment.Job instance at 0x1477b54e5e10>,4,28,[2 5],7,8,36,1,8
1,<environment.Job instance at 0x1477b5acc140>,3,2,[10  2],5,5,7,0,5
1,<environment.Job instance at 0x1477b57dd8c0>,4,12,[1 5],6,7,19,1,7
1,<environment.Job instance at 0x1477b5acc9b0>,6,3,[7 2],8,9,12,1,9
1,<environment.Job instance at 0x1477d40bae10>,1,2,[1 8],3,3,5,0,3
1,<environment.Job instance at 0x1477b57dd780>,2,3,[6 1],4,4,7,0,4
1,<environment.Job instance at 0x1477d40bae60>,3,2,[7 1],6,7,9,1,6
1,<environment.Job instance at 0x1477b5af93c0>,4,2,[2 8],8,8,10,0,8
1,<environment.Job instance at 0x1477b5813320>,1,18,[10  1],2,3,21,1,3
1,<environment.Job instance at 0x1477d717fcd0>,4,14,[10  2],5,21,35,16,6
1,<environment.Job instance at 0x1477b58d5140>,0,2,[ 2 10],1,2,4,1,2
1,<environment.Job instance at 0x1477ddbee5f0>,1,3,[10  1],3,4,7,1,3
1,<environment.Job instance at 0x1477ddbeebe0>,3,3,[5 1],5,7,10,2,5
1,<environment.Job instance at 0x1477b5c7a3c0>,5,2,[ 1 10],8,10,12,2,8
1,<environment.Job instance at 0x1477b5c7a0a0>,0,3,[9 1],1,1,4,0,1
1,<environment.Job instance at 0x1477b5c7a910>,2,25,[2 8],3,4,29,1,3
1,<environment.Job instance at 0x1477df4f1370>,4,2,[ 1 10],7,29,31,22,7
1,<environment.Job instance at 0x1477df4f1820>,5,1,[2 7],8,31,32,23,8
1,<environment.Job instance at 0x1477df4f1e10>,6,2,[9 1],9,32,34,23,9
1,<environment.Job instance at 0x1477d97d2960>,1,2,[1 9],4,21,23,17,21
1,<environment.Job instance at 0x1477df4f19b0>,3,1,[6 1],7,24,25,17,24
1,<environment.Job instance at 0x1477df4f1cd0>,1,16,[ 1 10],2,18,34,16,18
1,<environment.Job instance at 0x1477b5c92f00>,2,1,[7 2],4,4,5,0,4
1,<environment.Job instance at 0x1477b5c92a00>,3,1,[8 2],5,5,6,0,5
1,<environment.Job instance at 0x1477b5c92370>,4,1,[ 1 10],6,6,7,0,6
1,<environment.Job instance at 0x1477b5449960>,0,3,[10  1],1,1,4,0,1
1,<environment.Job instance at 0x1477b5449a50>,3,1,[5 2],5,6,7,1,6
1,<environment.Job instance at 0x1477b54498c0>,4,1,[ 2 10],6,7,8,1,6
1,<environment.Job instance at 0x1477d892ec30>,5,3,[8 1],8,8,11,0,8
1,<environment.Job instance at 0x1477b5abbf00>,6,1,[7 1],9,12,13,3,12
1,<environment.Job instance at 0x1477d945d4b0>,0,2,[5 2],1,2,4,1,2
1,<environment.Job instance at 0x1477d945d2d0>,3,3,[10  1],5,5,8,0,5
1,<environment.Job instance at 0x1477d945d690>,1,1,[5 2],2,8,9,6,6
1,<environment.Job instance at 0x1477d945d140>,4,15,[8 1],6,9,24,3,7
1,<environment.Job instance at 0x1477d945dc80>,6,3,[6 1],8,24,27,16,8
1,<environment.Job instance at 0x1477d945d8c0>,7,3,[1 5],9,9,12,0,9
1,<environment.Job instance at 0x1477d945db40>,5,19,[ 2 10],7,40,59,33,40
1,<environment.Job instance at 0x1477d888fcd0>,3,2,[ 1 10],5,5,7,0,5
1,<environment.Job instance at 0x1477b5d321e0>,5,2,[1 6],7,7,9,0,7
1,<environment.Job instance at 0x1477d888fd70>,1,1,[ 2 10],3,9,10,6,7
1,<environment.Job instance at 0x1477d888f050>,2,3,[1 7],4,79,82,75,79
1,<environment.Job instance at 0x1477d8b1f0f0>,0,3,[1 6],1,2,5,1,2
1,<environment.Job instance at 0x1477d8b1f190>,1,2,[2 5],2,5,7,3,2
1,<environment.Job instance at 0x1477d8b1fa50>,2,2,[9 2],3,3,5,0,3
1,<environment.Job instance at 0x1477b52276e0>,5,3,[1 7],7,7,10,0,7
1,<environment.Job instance at 0x1477b5227410>,6,2,[ 1 10],8,10,12,2,8
1,<environment.Job instance at 0x1477b5475af0>,7,3,[1 6],9,12,15,3,10
1,<environment.Job instance at 0x1477b5d33e60>,0,3,[6 2],2,2,5,0,2
1,<environment.Job instance at 0x1477d8a49690>,2,26,[9 1],7,7,33,0,7
1,<environment.Job instance at 0x1477ddcf9820>,2,3,[8 1],7,7,10,0,7
1,<environment.Job instance at 0x1477d8935a50>,1,2,[6 2],3,3,5,0,3
1,<environment.Job instance at 0x1477d8935410>,2,13,[6 1],4,5,18,1,4
1,<environment.Job instance at 0x1477d8935d20>,3,2,[9 1],6,18,20,12,6
1,<environment.Job instance at 0x1477ddcf9f00>,4,1,[1 8],8,10,11,2,10
1,<environment.Job instance at 0x1477b5adf4b0>,1,12,[8 2],2,3,15,1,3
1,<environment.Job instance at 0x1477b5adf500>,3,13,[9 2],5,15,28,10,9
1,<environment.Job instance at 0x1477b54e8fa0>,0,2,[9 2],2,2,4,0,2
1,<environment.Job instance at 0x1477b56da9b0>,1,1,[7 2],4,4,5,0,4
1,<environment.Job instance at 0x1477b5efef50>,2,2,[2 6],6,7,9,1,7
1,<environment.Job instance at 0x1477b5e0a8c0>,3,1,[1 6],7,9,10,2,9
1,<environment.Job instance at 0x1477d8b42370>,0,3,[1 8],1,1,4,0,1
1,<environment.Job instance at 0x1477d8b42e10>,2,25,[1 6],3,4,29,1,4
1,<environment.Job instance at 0x1477b5e0a960>,3,15,[2 6],4,29,44,25,15
1,<environment.Job instance at 0x1477b57ab2d0>,1,3,[2 7],2,2,5,0,2
1,<environment.Job instance at 0x1477e077d960>,0,3,[2 9],1,1,4,0,1
1,<environment.Job instance at 0x1477d9825d20>,1,3,[1 8],3,4,7,1,3
1,<environment.Job instance at 0x1477d9825cd0>,2,3,[6 2],5,5,8,0,5
1,<environment.Job instance at 0x1477d8a4c870>,2,2,[7 2],4,4,6,0,4
1,<environment.Job instance at 0x1477de633820>,3,15,[1 5],5,5,20,0,5
1,<environment.Job instance at 0x1477b523e9b0>,4,3,[5 2],6,6,9,0,6
1,<environment.Job instance at 0x1477b53a9910>,5,13,[2 7],8,20,33,12,8
1,<environment.Job instance at 0x1477b5bd9b90>,2,1,[7 2],4,4,5,0,4
1,<environment.Job instance at 0x1477b5bd9870>,3,16,[2 9],5,5,21,0,5
1,<environment.Job instance at 0x1477b5bd9d70>,5,3,[10  2],9,21,24,12,9
1,<environment.Job instance at 0x1477b5bd9550>,0,1,[5 1],2,2,3,0,2
1,<environment.Job instance at 0x1477b52c0d70>,2,3,[1 8],4,5,8,1,5
1,<environment.Job instance at 0x1477b52c0140>,3,3,[9 1],7,7,10,0,7
1,<environment.Job instance at 0x1477d9862640>,4,3,[8 1],8,10,13,2,8
1,<environment.Job instance at 0x1477b5640140>,1,2,[2 5],2,26,28,24,26
1,<environment.Job instance at 0x1477b532fa50>,5,15,[7 2],6,78,93,72,78
1,<environment.Job instance at 0x1477b532f730>,6,1,[1 5],7,97,98,90,97
1,<environment.Job instance at 0x1477b532f410>,7,15,[1 6],9,206,221,197,206
1,<environment.Job instance at 0x1477b58d5870>,2,2,[2 6],4,4,6,0,4
1,<environment.Job instance at 0x1477b5255b40>,3,12,[6 2],5,5,17,0,5
1,<environment.Job instance at 0x1477de53baf0>,4,14,[2 6],6,8,22,2,8
1,<environment.Job instance at 0x1477de53b550>,7,3,[7 2],9,17,20,8,10
1,<environment.Job instance at 0x1477d8b5b460>,0,2,[8 2],1,1,3,0,1
1,<environment.Job instance at 0x1477de53be10>,1,1,[8 1],3,3,4,0,3
1,<environment.Job instance at 0x1477d8b5b780>,4,17,[8 2],9,9,26,0,9
1,<environment.Job instance at 0x1477b5e9fcd0>,1,18,[6 2],3,4,22,1,4
1,<environment.Job instance at 0x1477b55af050>,5,1,[6 2],9,26,27,17,26
1,<environment.Job instance at 0x1477b5bca820>,6,3,[7 1],8,13,16,5,13
1,<environment.Job instance at 0x1477d9561be0>,1,2,[8 1],2,2,4,0,2
1,<environment.Job instance at 0x1477b5bca280>,2,3,[2 8],3,3,6,0,3
1,<environment.Job instance at 0x1477b59cf370>,4,3,[1 6],6,6,9,0,6
1,<environment.Job instance at 0x1477b5bcad70>,6,3,[2 9],9,9,12,0,9
1,<environment.Job instance at 0x1477b59cf9b0>,1,3,[7 1],2,3,6,1,3
1,<environment.Job instance at 0x1477b580f370>,2,1,[2 7],5,5,6,0,5
1,<environment.Job instance at 0x1477b59f6be0>,2,2,[8 2],3,3,5,0,3
1,<environment.Job instance at 0x1477b59f6640>,1,13,[2 9],2,5,18,3,3
1,<environment.Job instance at 0x1477b5bfe640>,1,3,[ 1 10],3,3,6,0,3
1,<environment.Job instance at 0x1477b5bfec30>,3,16,[ 2 10],5,6,22,1,5
1,<environment.Job instance at 0x1477b5ed3fa0>,4,3,[7 2],8,22,25,14,8
1,<environment.Job instance at 0x1477b56ce500>,1,3,[9 1],2,2,5,0,2
1,<environment.Job instance at 0x1477b5bd8410>,2,3,[2 8],4,9,12,5,9
1,<environment.Job instance at 0x1477b56040f0>,3,1,[7 1],5,49,50,44,49
1,<environment.Job instance at 0x1477d8b305f0>,1,2,[8 2],5,5,7,0,5
1,<environment.Job instance at 0x1477b56ce960>,2,2,[9 2],7,7,9,0,7
1,<environment.Job instance at 0x1477d8b30230>,0,2,[7 2],2,2,4,0,2
1,<environment.Job instance at 0x1477d8b30be0>,2,2,[7 1],6,6,8,0,6
1,<environment.Job instance at 0x1477d97c6dc0>,1,3,[6 2],2,6,9,4,6
1,<environment.Job instance at 0x1477d9808500>,0,2,[6 1],1,1,3,0,1
1,<environment.Job instance at 0x1477d97c15f0>,7,2,[8 2],8,19,21,11,19
1,<environment.Job instance at 0x1477d97ba320>,1,3,[1 6],2,2,5,0,2
1,<environment.Job instance at 0x1477d8915140>,3,3,[1 7],6,6,9,0,6
1,<environment.Job instance at 0x1477d8915dc0>,4,12,[6 2],7,7,19,0,7
1,<environment.Job instance at 0x1477d8915730>,1,27,[1 8],2,783,810,781,783
1,<environment.Job instance at 0x1477de5ed9b0>,5,17,[7 2],6,879,896,873,879
1,<environment.Job instance at 0x1477b5602cd0>,6,3,[2 6],8,966,969,958,966
1,<environment.Job instance at 0x1477b5602c30>,7,15,[2 8],9,991,1006,982,991
1,<environment.Job instance at 0x1477b56020a0>,0,3,[7 2],2,2,5,0,2
1,<environment.Job instance at 0x1477b5a06c30>,3,14,[2 9],7,7,21,0,7
1,<environment.Job instance at 0x1477b5459230>,4,13,[9 2],9,21,34,12,12
1,<environment.Job instance at 0x1477b54593c0>,1,3,[1 8],2,2,5,0,2
1,<environment.Job instance at 0x1477b5459230>,3,15,[2 6],6,33,48,27,33
1,<environment.Job instance at 0x1477d979e9b0>,4,2,[7 1],7,143,145,136,143
1,<environment.Job instance at 0x1477b5f4d9b0>,1,1,[6 2],2,3,4,1,3
1,<environment.Job instance at 0x1477b56ea960>,2,3,[1 5],5,5,8,0,5
1,<environment.Job instance at 0x1477de652d70>,2,2,[1 9],6,6,8,0,6
1,<environment.Job instance at 0x1477de652e60>,3,3,[5 2],7,8,11,1,7
1,<environment.Job instance at 0x1477b53a9cd0>,4,18,[2 5],9,9,27,0,9
1,<environment.Job instance at 0x1477b59d4aa0>,1,1,[1 8],3,3,4,0,3
1,<environment.Job instance at 0x1477b53a90a0>,3,3,[1 5],5,8,11,3,8
1,<environment.Job instance at 0x1477d8b3bd70>,6,26,[ 2 10],9,19,45,10,19
1,<environment.Job instance at 0x1477d8b5a640>,0,3,[9 2],3,3,6,0,3
1,<environment.Job instance at 0x1477d8b5a730>,1,3,[1 8],4,4,7,0,4
1,<environment.Job instance at 0x1477d951fa00>,3,2,[7 1],7,7,9,0,7
1,<environment.Job instance at 0x1477daac2690>,0,1,[ 1 10],4,4,5,0,4
1,<environment.Job instance at 0x1477b5862730>,0,2,[5 1],1,2,4,1,2
1,<environment.Job instance at 0x1477b5c23460>,0,3,[5 1],2,2,5,0,2
1,<environment.Job instance at 0x1477b5bcb910>,2,2,[2 8],5,6,8,1,6
1,<environment.Job instance at 0x1477b5ab8780>,0,2,[1 9],1,1,3,0,1
1,<environment.Job instance at 0x1477b5ab8b90>,3,23,[2 9],5,5,28,0,5
1,<environment.Job instance at 0x1477d8a11d20>,4,3,[2 8],8,28,31,20,9
1,<environment.Job instance at 0x1477b567ab90>,5,2,[9 2],9,31,33,22,10
1,<environment.Job instance at 0x1477b5c8af00>,0,3,[2 5],2,2,5,0,2
1,<environment.Job instance at 0x1477b5c8a640>,2,1,[7 1],6,9,10,3,9
1,<environment.Job instance at 0x1477b5181fa0>,0,2,[ 2 10],1,1,3,0,1
1,<environment.Job instance at 0x1477b5181140>,1,2,[ 2 10],2,3,5,1,2
1,<environment.Job instance at 0x1477ddcf5190>,3,17,[7 2],7,8,25,1,8
1,<environment.Job instance at 0x1477ddcf5690>,5,2,[1 9],9,25,27,16,16
1,<environment.Job instance at 0x1477ddcf57d0>,4,14,[2 7],8,27,41,19,20
1,<environment.Job instance at 0x1477ddcb5aa0>,0,3,[2 7],1,1,4,0,1
1,<environment.Job instance at 0x1477ddcb5460>,3,1,[7 2],5,5,6,0,5
1,<environment.Job instance at 0x1477b5654a00>,6,3,[1 6],9,9,12,0,9
1,<environment.Job instance at 0x1477d77d3690>,0,3,[5 2],1,2,5,1,2
1,<environment.Job instance at 0x1477b5654b40>,1,1,[5 2],3,7,8,4,7
1,<environment.Job instance at 0x1477b5a3b4b0>,1,3,[7 2],3,3,6,0,3
1,<environment.Job instance at 0x1477d8b227d0>,0,3,[1 5],2,3,6,1,3
1,<environment.Job instance at 0x1477d8b226e0>,2,3,[2 7],5,6,9,1,6
1,<environment.Job instance at 0x1477d94c8780>,3,13,[8 2],6,8,21,2,8
1,<environment.Job instance at 0x1477ddcd2f50>,5,3,[10  2],8,21,24,13,8
1,<environment.Job instance at 0x1477dfbe7370>,1,12,[ 1 10],3,3,15,0,3
1,<environment.Job instance at 0x1477dfbe7fa0>,2,3,[6 2],4,15,18,11,4
1,<environment.Job instance at 0x1477b5a8c050>,3,1,[9 1],5,18,19,13,9
1,<environment.Job instance at 0x1477d716a140>,1,13,[7 1],3,3,16,0,3
1,<environment.Job instance at 0x1477b58abe60>,5,3,[1 7],7,7,10,0,7
1,<environment.Job instance at 0x1477d8ae8870>,0,3,[ 1 10],1,1,4,0,1
1,<environment.Job instance at 0x1477d8ae88c0>,1,2,[1 9],3,4,6,1,3
1,<environment.Job instance at 0x1477b524bbe0>,2,3,[2 7],4,6,9,2,5
1,<environment.Job instance at 0x1477b524bcd0>,3,1,[10  1],6,9,10,3,6
1,<environment.Job instance at 0x1477b524bdc0>,1,1,[7 2],2,2,3,0,2
1,<environment.Job instance at 0x1477b54e0730>,1,13,[2 7],5,5,18,0,5
1,<environment.Job instance at 0x1477ddca6460>,4,3,[10  1],8,18,21,10,8
1,<environment.Job instance at 0x1477b54e0370>,2,1,[6 1],6,16,17,10,16
1,<environment.Job instance at 0x1477b54e0280>,4,2,[ 2 10],5,5,7,0,5
1,<environment.Job instance at 0x1477b5663690>,6,3,[2 7],7,7,10,0,7
1,<environment.Job instance at 0x1477b5663aa0>,7,2,[2 5],8,10,12,2,8
1,<environment.Job instance at 0x1477b5663b40>,8,3,[10  1],9,12,15,3,9
1,<environment.Job instance at 0x1477b5650550>,1,3,[7 2],5,33,36,28,33
1,<environment.Job instance at 0x1477b5a73d70>,3,12,[6 1],6,6,18,0,6
1,<environment.Job instance at 0x1477b5a736e0>,4,2,[1 5],7,7,9,0,7
1,<environment.Job instance at 0x1477d8951b90>,5,2,[2 9],8,9,11,1,8
1,<environment.Job instance at 0x1477d8951be0>,2,13,[ 1 10],3,27,40,24,27
1,<environment.Job instance at 0x1477df504050>,3,2,[9 2],4,43,45,39,43
1,<environment.Job instance at 0x1477d6c9c4b0>,1,12,[10  2],4,4,16,0,4
1,<environment.Job instance at 0x1477b5383f00>,4,1,[7 2],9,16,17,7,11
1,<environment.Job instance at 0x1477b5602dc0>,0,1,[6 1],1,2,3,1,2
1,<environment.Job instance at 0x1477b5602780>,1,2,[1 5],2,4,6,2,4
1,<environment.Job instance at 0x1477d8990eb0>,1,3,[8 1],5,5,8,0,5
1,<environment.Job instance at 0x1477d97fb820>,2,1,[5 1],3,9,10,6,9
1,<environment.Job instance at 0x1477d8afa870>,3,3,[1 7],5,177,180,172,177
1,<environment.Job instance at 0x1477b51a7730>,2,1,[1 9],4,4,5,0,4
1,<environment.Job instance at 0x1477d97fbf50>,4,2,[2 9],6,7,9,1,7
1,<environment.Job instance at 0x1477ddc7b2d0>,0,3,[9 2],5,5,8,0,5
1,<environment.Job instance at 0x1477ddc7b140>,2,3,[1 9],9,9,12,0,9
1,<environment.Job instance at 0x1477b5c495f0>,0,2,[8 2],1,2,4,1,2
1,<environment.Job instance at 0x1477b5c497d0>,2,3,[ 1 10],4,4,7,0,4
1,<environment.Job instance at 0x1477b5c49230>,1,17,[ 1 10],2,50,67,48,50
1,<environment.Job instance at 0x1477d9525c30>,1,12,[9 1],2,2,14,0,2
1,<environment.Job instance at 0x1477b5795780>,0,1,[9 2],1,14,15,13,3
1,<environment.Job instance at 0x1477b56a98c0>,4,1,[8 2],5,15,16,10,5
1,<environment.Job instance at 0x1477b5c49190>,5,2,[ 1 10],7,16,18,9,7
1,<environment.Job instance at 0x1477b5795230>,2,14,[2 6],3,18,32,15,8
1,<environment.Job instance at 0x1477b56a9b40>,7,3,[1 7],9,9,12,0,9
1,<environment.Job instance at 0x1477b56a2370>,1,2,[8 2],5,5,7,0,5
1,<environment.Job instance at 0x1477b56a2460>,2,3,[8 2],7,7,10,0,7
1,<environment.Job instance at 0x1477dc726370>,3,1,[9 1],8,10,11,2,8
1,<environment.Job instance at 0x1477dc726a00>,1,1,[5 1],2,2,3,0,2
1,<environment.Job instance at 0x1477dc726370>,3,2,[1 6],4,4,6,0,4
1,<environment.Job instance at 0x1477b5c6bd70>,4,12,[ 2 10],5,6,18,1,5
1,<environment.Job instance at 0x1477dc726e10>,6,17,[1 7],7,20,37,13,20
1,<environment.Job instance at 0x1477b5ef0d20>,0,2,[1 6],1,2,4,1,2
1,<environment.Job instance at 0x1477b5ef0230>,1,3,[2 6],3,4,7,1,3
1,<environment.Job instance at 0x1477b530cc80>,4,2,[7 2],8,8,10,0,8
1,<environment.Job instance at 0x1477b530cb90>,1,3,[8 2],2,2,5,0,2
1,<environment.Job instance at 0x1477b530c410>,2,2,[2 7],3,4,6,1,4
1,<environment.Job instance at 0x1477d8900730>,3,3,[5 2],5,5,8,0,5
1,<environment.Job instance at 0x1477d89004b0>,4,1,[8 1],6,8,9,2,6
1,<environment.Job instance at 0x1477dffc2550>,5,3,[1 8],7,7,10,0,7
1,<environment.Job instance at 0x1477b530c6e0>,6,2,[2 7],8,10,12,2,9
1,<environment.Job instance at 0x1477ddc55e60>,0,2,[7 2],4,5,7,1,5
1,<environment.Job instance at 0x1477d9437dc0>,2,1,[2 5],6,6,7,0,6
1,<environment.Job instance at 0x1477ddc55cd0>,1,12,[2 5],5,24,36,19,24
1,<environment.Job instance at 0x1477d94370a0>,4,2,[2 9],9,225,227,216,225
1,<environment.Job instance at 0x1477de5d17d0>,0,2,[1 5],1,1,3,0,1
1,<environment.Job instance at 0x1477de5d1b90>,1,3,[7 1],2,2,5,0,2
1,<environment.Job instance at 0x1477b596c1e0>,4,13,[2 8],7,8,21,1,8
1,<environment.Job instance at 0x1477b596c320>,5,2,[ 1 10],8,21,23,13,9
1,<environment.Job instance at 0x1477b596c4b0>,6,15,[2 5],9,23,38,14,13
1,<environment.Job instance at 0x1477b596ccd0>,0,2,[8 2],2,2,4,0,2
1,<environment.Job instance at 0x1477b596c5a0>,1,3,[9 1],5,5,8,0,5
1,<environment.Job instance at 0x1477b56b7140>,2,3,[1 7],7,7,10,0,7
1,<environment.Job instance at 0x1477ddc7d960>,1,13,[ 2 10],5,20,33,15,20
1,<environment.Job instance at 0x1477ddc7d6e0>,2,3,[1 7],6,62,65,56,62
1,<environment.Job instance at 0x1477b5c11960>,0,3,[2 6],1,2,5,1,2
1,<environment.Job instance at 0x1477b5c110a0>,2,2,[5 2],4,4,6,0,4
1,<environment.Job instance at 0x1477ddc7daa0>,3,2,[6 1],5,6,8,1,5
1,<environment.Job instance at 0x1477d892fdc0>,4,12,[6 1],6,8,20,2,6
1,<environment.Job instance at 0x1477d8940780>,0,2,[1 9],1,2,4,1,2
1,<environment.Job instance at 0x1477d89406e0>,1,3,[7 1],2,2,5,0,2
1,<environment.Job instance at 0x1477d89407d0>,2,3,[2 7],9,9,12,0,9
1,<environment.Job instance at 0x1477dc740c80>,0,3,[10  1],1,1,4,0,1
1,<environment.Job instance at 0x1477dc7405f0>,1,3,[1 7],3,4,7,1,3
1,<environment.Job instance at 0x1477dfb9e140>,3,1,[9 1],7,7,8,0,7
1,<environment.Job instance at 0x1477d8b15870>,4,2,[ 1 10],9,13,15,4,13
1,<environment.Job instance at 0x1477daace140>,1,2,[2 6],7,12,14,5,12
1,<environment.Job instance at 0x1477daaceb90>,1,1,[6 1],3,3,4,0,3
1,<environment.Job instance at 0x1477b5c625f0>,4,28,[10  2],8,8,36,0,8
1,<environment.Job instance at 0x1477d6c9ed70>,0,3,[5 2],1,1,4,0,1
1,<environment.Job instance at 0x1477dfb43a00>,3,15,[ 1 10],5,5,20,0,5
1,<environment.Job instance at 0x1477de631410>,4,1,[7 2],6,20,21,14,6
1,<environment.Job instance at 0x1477d88c5eb0>,5,1,[2 8],7,20,21,13,7
1,<environment.Job instance at 0x1477b5456280>,0,3,[2 7],1,1,4,0,1
1,<environment.Job instance at 0x1477d9484c30>,1,3,[8 1],2,2,5,0,2
1,<environment.Job instance at 0x1477dfb77c80>,2,2,[6 1],4,5,7,1,4
1,<environment.Job instance at 0x1477b5c62230>,4,3,[1 7],6,18,21,12,18
1,<environment.Job instance at 0x1477d9520500>,0,1,[1 6],1,2,3,1,2
1,<environment.Job instance at 0x1477b5536230>,2,1,[1 9],3,3,4,0,3
1,<environment.Job instance at 0x1477b55361e0>,3,2,[2 6],4,4,6,0,4
1,<environment.Job instance at 0x1477d9520460>,1,15,[1 6],2,98,113,96,98
1,<environment.Job instance at 0x1477de68dc30>,1,1,[ 2 10],3,340,341,337,340
1,<environment.Job instance at 0x1477de68db40>,5,14,[2 7],7,369,383,362,369
1,<environment.Job instance at 0x1477b5da0f00>,6,3,[2 8],8,784,787,776,784
1,<environment.Job instance at 0x1477b5da0c80>,7,14,[1 5],9,811,825,802,811
1,<environment.Job instance at 0x1477b58d49b0>,1,3,[1 9],3,5,8,2,5
1,<environment.Job instance at 0x1477d8861730>,1,2,[7 2],4,4,6,0,4
1,<environment.Job instance at 0x1477b58d4410>,2,2,[2 9],6,6,8,0,6
1,<environment.Job instance at 0x1477d8861b40>,4,1,[10  1],8,8,9,0,8
1,<environment.Job instance at 0x1477d6c9cd20>,0,3,[7 1],1,1,4,0,1
1,<environment.Job instance at 0x1477b5962050>,2,3,[7 1],3,4,7,1,3
1,<environment.Job instance at 0x1477d7140280>,0,3,[5 1],1,2,5,1,2
1,<environment.Job instance at 0x1477d7140dc0>,1,2,[5 2],4,5,7,1,5
1,<environment.Job instance at 0x1477d7140b40>,2,3,[9 2],7,7,10,0,7
1,<environment.Job instance at 0x1477d9518690>,0,2,[1 7],3,3,5,0,3
1,<environment.Job instance at 0x1477d7140730>,1,1,[1 6],4,5,6,1,4
1,<environment.Job instance at 0x1477d88a2910>,5,3,[ 1 10],9,9,12,0,9
1,<environment.Job instance at 0x1477d9813c30>,1,2,[5 1],2,2,4,0,2
1,<environment.Job instance at 0x1477d88a2910>,3,3,[8 1],6,6,9,0,6
1,<environment.Job instance at 0x1477b55ead70>,4,3,[9 2],9,9,12,0,9
1,<environment.Job instance at 0x1477b5d534b0>,1,2,[8 2],3,3,5,0,3
1,<environment.Job instance at 0x1477b55c2410>,0,2,[2 7],2,3,5,1,3
1,<environment.Job instance at 0x1477b55c2280>,2,3,[6 1],4,5,8,1,4
1,<environment.Job instance at 0x1477de5a2960>,4,3,[2 5],7,7,10,0,7
1,<environment.Job instance at 0x1477de5a2140>,6,2,[ 1 10],9,10,12,1,9
1,<environment.Job instance at 0x1477b52ae320>,0,3,[2 6],1,1,4,0,1
1,<environment.Job instance at 0x1477d8988f50>,4,3,[2 8],7,7,10,0,7
1,<environment.Job instance at 0x1477d8988820>,5,3,[1 8],8,10,13,2,8
1,<environment.Job instance at 0x1477de61a8c0>,3,2,[2 7],4,13,15,9,9
1,<environment.Job instance at 0x1477de6671e0>,0,2,[8 1],1,1,3,0,1
1,<environment.Job instance at 0x1477b57d75a0>,5,25,[2 8],9,9,34,0,9
1,<environment.Job instance at 0x1477b550f910>,4,1,[2 8],6,6,7,0,6
1,<environment.Job instance at 0x1477b5961050>,5,3,[5 1],7,7,10,0,7
1,<environment.Job instance at 0x1477b5961280>,6,2,[ 1 10],8,10,12,2,8
1,<environment.Job instance at 0x1477b5d5e0f0>,1,3,[1 5],3,3,6,0,3
1,<environment.Job instance at 0x1477b5d5e0a0>,2,3,[2 9],5,6,9,1,5
1,<environment.Job instance at 0x1477b530b140>,2,3,[1 8],3,5,8,2,5
1,<environment.Job instance at 0x1477b52f4370>,4,15,[ 1 10],6,16,31,10,16
1,<environment.Job instance at 0x1477b54ffa00>,0,3,[5 1],1,1,4,0,1
1,<environment.Job instance at 0x1477b54ffc80>,1,1,[5 2],3,4,5,1,4
1,<environment.Job instance at 0x1477d7161870>,3,2,[2 5],8,9,11,1,9
1,<environment.Job instance at 0x1477d7161780>,4,17,[2 9],9,46,63,37,46
1,<environment.Job instance at 0x1477d4077b90>,1,3,[1 8],3,3,6,0,3
1,<environment.Job instance at 0x1477ddc6f2d0>,3,1,[5 2],5,5,6,0,5
1,<environment.Job instance at 0x1477dc754230>,5,3,[7 2],7,7,10,0,7
1,<environment.Job instance at 0x1477dc754230>,2,18,[8 2],4,4,22,0,4
1,<environment.Job instance at 0x1477b5d27190>,2,2,[2 8],8,9,11,1,9
1,<environment.Job instance at 0x1477daac70a0>,2,21,[1 7],4,4,25,0,4
1,<environment.Job instance at 0x1477daac71e0>,3,2,[9 2],5,5,7,0,5
1,<environment.Job instance at 0x1477daac7b40>,5,1,[2 8],9,25,26,16,10
1,<environment.Job instance at 0x1477b5d94460>,3,21,[1 6],7,7,28,0,7
1,<environment.Job instance at 0x1477b58d7e60>,4,2,[7 2],8,8,10,0,8
1,<environment.Job instance at 0x1477b58d7eb0>,5,1,[2 8],9,28,29,19,9
1,<environment.Job instance at 0x1477b58ee5f0>,1,3,[1 5],2,2,5,0,2
1,<environment.Job instance at 0x1477b58ee050>,2,2,[1 5],4,4,6,0,4
1,<environment.Job instance at 0x1477b5e1d870>,3,2,[1 7],8,8,10,0,8
1,<environment.Job instance at 0x1477b5e1d1e0>,4,1,[7 2],9,9,10,0,9
1,<environment.Job instance at 0x1477b5e1d320>,0,2,[9 1],2,3,5,1,3
1,<environment.Job instance at 0x1477b551ca50>,3,1,[9 2],9,9,10,0,9
1,<environment.Job instance at 0x1477b57dc640>,1,1,[ 2 10],7,10,11,3,10
1,<environment.Job instance at 0x1477b57dc730>,2,3,[6 1],8,47,50,39,47
1,<environment.Job instance at 0x1477b58d5690>,3,13,[ 1 10],8,49,62,41,49
1,<environment.Job instance at 0x1477b51dcf50>,2,3,[5 2],4,4,7,0,4
1,<environment.Job instance at 0x1477b51c3690>,3,1,[9 2],6,7,8,1,6
1,<environment.Job instance at 0x1477b51c3af0>,4,1,[5 2],7,8,9,1,7
1,<environment.Job instance at 0x1477b51c3e60>,5,21,[ 2 10],8,9,30,1,8
1,<environment.Job instance at 0x1477b51dc960>,1,1,[6 1],7,8,9,1,8
1,<environment.Job instance at 0x1477d93d73c0>,2,17,[ 2 10],3,198,215,195,198
1,<environment.Job instance at 0x1477b58f1500>,1,14,[1 8],3,3,17,0,3
1,<environment.Job instance at 0x1477d407cf00>,2,2,[2 8],4,17,19,13,4
1,<environment.Job instance at 0x1477b55d96e0>,2,3,[7 1],4,4,7,0,4
1,<environment.Job instance at 0x1477d407c140>,3,12,[6 2],5,7,19,2,5
1,<environment.Job instance at 0x1477b5431eb0>,0,3,[7 2],1,1,4,0,1
1,<environment.Job instance at 0x1477b56bc9b0>,4,16,[7 2],5,7,23,2,7
1,<environment.Job instance at 0x1477d40cf910>,0,2,[1 9],1,1,3,0,1
1,<environment.Job instance at 0x1477d40cf460>,3,2,[2 6],6,6,8,0,6
1,<environment.Job instance at 0x1477b54310f0>,5,18,[10  1],9,9,27,0,9
1,<environment.Job instance at 0x1477b51b4c30>,1,2,[8 2],5,5,7,0,5
1,<environment.Job instance at 0x1477d6c80780>,2,1,[7 1],6,7,8,1,6
1,<environment.Job instance at 0x1477d6c807d0>,3,3,[9 1],7,8,11,1,7
1,<environment.Job instance at 0x1477d6c80fa0>,5,3,[2 7],9,11,14,2,9
1,<environment.Job instance at 0x1477d8afb050>,0,2,[6 2],1,1,3,0,1
1,<environment.Job instance at 0x1477b5fd0410>,2,3,[1 5],6,6,9,0,6
1,<environment.Job instance at 0x1477b5fd0460>,4,13,[1 5],8,8,21,0,8
1,<environment.Job instance at 0x1477b5aee050>,0,2,[2 7],1,1,3,0,1
1,<environment.Job instance at 0x1477b5aeec30>,1,1,[8 2],2,2,3,0,2
1,<environment.Job instance at 0x1477b5c47e60>,5,3,[6 2],8,9,12,1,9
1,<environment.Job instance at 0x1477b5c472d0>,6,13,[1 7],9,44,57,35,44
1,<environment.Job instance at 0x1477b56e4730>,3,14,[2 7],8,9,23,1,9
1,<environment.Job instance at 0x1477b5fbb410>,1,18,[5 2],2,3,21,1,3
1,<environment.Job instance at 0x1477b54e06e0>,4,16,[2 5],5,26,42,21,26
1,<environment.Job instance at 0x1477de50f5a0>,8,2,[ 2 10],9,42,44,33,30
1,<environment.Job instance at 0x1477b5d76b40>,0,3,[5 2],2,2,5,0,2
1,<environment.Job instance at 0x1477d8872230>,1,2,[8 2],4,5,7,1,4
1,<environment.Job instance at 0x1477b5e60d70>,4,18,[1 8],8,8,26,0,8
1,<environment.Job instance at 0x1477b5e60280>,1,13,[6 2],2,5,18,3,5
1,<environment.Job instance at 0x1477d89b7190>,2,2,[1 8],4,5,7,1,5
1,<environment.Job instance at 0x1477d8b7f140>,4,3,[8 2],6,6,9,0,6
1,<environment.Job instance at 0x1477d8b7f050>,0,3,[5 2],3,3,6,0,3
1,<environment.Job instance at 0x1477d8b7feb0>,1,2,[2 9],4,6,8,2,4
1,<environment.Job instance at 0x1477b5dc6e10>,2,2,[1 7],5,8,10,3,5
1,<environment.Job instance at 0x1477b5dc6320>,3,3,[9 2],9,9,12,0,9
1,<environment.Job instance at 0x1477b54ea8c0>,0,3,[8 1],1,1,4,0,1
1,<environment.Job instance at 0x1477b54ea460>,1,2,[1 9],2,3,5,1,3
1,<environment.Job instance at 0x1477b54ea140>,3,19,[1 5],4,5,24,1,5
1,<environment.Job instance at 0x1477b54eac80>,5,1,[9 1],7,7,8,0,7
1,<environment.Job instance at 0x1477b54ea370>,7,3,[5 1],9,9,12,0,9
1,<environment.Job instance at 0x1477b5dc6320>,2,25,[2 9],3,24,49,21,23
1,<environment.Job instance at 0x1477d6c87a50>,2,15,[9 1],3,3,18,0,3
1,<environment.Job instance at 0x1477b521c6e0>,0,2,[2 9],2,3,5,1,3
1,<environment.Job instance at 0x1477b5a79dc0>,2,3,[8 2],6,6,9,0,6
1,<environment.Job instance at 0x1477dfb773c0>,3,3,[10  2],7,9,12,2,7
1,<environment.Job instance at 0x1477b521caa0>,4,2,[1 9],8,12,14,4,8
1,<environment.Job instance at 0x1477b5c08af0>,0,3,[7 1],1,1,4,0,1
1,<environment.Job instance at 0x1477de5343c0>,1,1,[ 2 10],2,4,5,2,2
1,<environment.Job instance at 0x1477b5b90280>,2,3,[1 9],3,5,8,2,3
1,<environment.Job instance at 0x1477b5f7ae60>,3,3,[6 2],6,8,11,2,6
1,<environment.Job instance at 0x1477b549bc80>,1,3,[6 2],2,3,6,1,3
1,<environment.Job instance at 0x1477b549b500>,0,2,[7 1],1,6,8,5,3
1,<environment.Job instance at 0x1477b549bfa0>,4,1,[ 1 10],5,8,9,3,5
1,<environment.Job instance at 0x1477b58539b0>,5,2,[9 2],8,9,11,1,8
1,<environment.Job instance at 0x1477b5853460>,6,16,[6 1],9,11,27,2,9
1,<environment.Job instance at 0x1477b59c7b90>,0,2,[1 9],1,2,4,1,2
1,<environment.Job instance at 0x1477b59c7aa0>,1,2,[6 1],2,2,4,0,2
1,<environment.Job instance at 0x1477ddc40370>,1,2,[1 5],4,420,422,416,420
1,<environment.Job instance at 0x1477d40ba640>,1,3,[ 2 10],2,2,5,0,2
1,<environment.Job instance at 0x1477d40ba3c0>,2,3,[5 1],3,5,8,2,3
1,<environment.Job instance at 0x1477d8a40370>,3,15,[7 2],5,8,23,3,5
1,<environment.Job instance at 0x1477b527d320>,0,1,[2 8],1,2,3,1,2
1,<environment.Job instance at 0x1477d8a40460>,1,17,[2 9],2,12,29,10,12
1,<environment.Job instance at 0x1477d8b5b320>,0,3,[2 6],2,2,5,0,2
1,<environment.Job instance at 0x1477d88805a0>,2,2,[1 6],4,5,7,1,5
1,<environment.Job instance at 0x1477b5655960>,4,17,[8 1],6,6,23,0,6
1,<environment.Job instance at 0x1477b56554b0>,6,1,[7 2],9,23,24,14,9
1,<environment.Job instance at 0x1477b5655050>,1,2,[6 1],2,2,4,0,2
1,<environment.Job instance at 0x1477b5c401e0>,5,3,[8 2],7,7,10,0,7
1,<environment.Job instance at 0x1477b550f050>,0,1,[ 1 10],1,2,3,1,2
1,<environment.Job instance at 0x1477d8928b90>,1,18,[ 1 10],2,10,28,8,10
1,<environment.Job instance at 0x1477d40810f0>,6,1,[10  1],7,28,29,21,13
1,<environment.Job instance at 0x1477ddc57f50>,3,17,[1 8],4,45,62,41,45
1,<environment.Job instance at 0x1477ddba9fa0>,1,3,[9 2],2,2,5,0,2
1,<environment.Job instance at 0x1477b59fec30>,5,1,[8 2],8,8,9,0,8
1,<environment.Job instance at 0x1477d980ad20>,3,2,[1 5],4,4,6,0,4
1,<environment.Job instance at 0x1477d980a7d0>,4,3,[9 1],6,6,9,0,6
1,<environment.Job instance at 0x1477d94fd0f0>,2,1,[8 2],5,5,6,0,5
1,<environment.Job instance at 0x1477d94fdb40>,3,1,[8 2],6,6,7,0,6
1,<environment.Job instance at 0x1477d94fd550>,5,21,[10  2],8,9,30,1,9
1,<environment.Job instance at 0x1477b528bdc0>,0,2,[1 7],1,2,4,1,2
1,<environment.Job instance at 0x1477b528be60>,3,2,[2 9],5,5,7,0,5
1,<environment.Job instance at 0x1477d9413fa0>,1,3,[ 1 10],2,7,10,5,6
1,<environment.Job instance at 0x1477de65b870>,5,1,[1 9],7,10,11,3,7
1,<environment.Job instance at 0x1477b5d6b370>,1,2,[2 6],2,2,4,0,2
1,<environment.Job instance at 0x1477b5d6b140>,2,3,[10  2],3,4,7,1,3
1,<environment.Job instance at 0x1477b5d6b6e0>,5,3,[9 1],8,8,11,0,8
1,<environment.Job instance at 0x1477b5d6b0a0>,4,2,[7 2],7,13,15,6,13
1,<environment.Job instance at 0x1477d89ca870>,1,3,[ 2 10],2,2,5,0,2
1,<environment.Job instance at 0x1477b5a0a780>,2,3,[1 7],5,5,8,0,5
1,<environment.Job instance at 0x1477b51d16e0>,3,3,[9 1],7,7,10,0,7
1,<environment.Job instance at 0x1477b5d6b0a0>,5,3,[1 7],9,9,12,0,9
1,<environment.Job instance at 0x1477d88f8460>,1,3,[2 5],2,2,5,0,2
1,<environment.Job instance at 0x1477b5a0a4b0>,2,2,[ 1 10],6,7,9,1,7
1,<environment.Job instance at 0x1477d88f8870>,4,1,[8 1],8,9,10,1,8
1,<environment.Job instance at 0x1477d88f8af0>,5,2,[ 1 10],9,10,12,1,9
1,<environment.Job instance at 0x1477d88f8b90>,3,17,[1 7],7,32,49,25,32
1,<environment.Job instance at 0x1477d980ad20>,1,3,[7 2],3,3,6,0,3
1,<environment.Job instance at 0x1477d980a0a0>,0,2,[8 2],1,6,8,5,3
1,<environment.Job instance at 0x1477d983b730>,3,2,[8 2],7,8,10,1,8
1,<environment.Job instance at 0x1477d40ac730>,4,14,[2 8],8,8,22,0,8
1,<environment.Job instance at 0x1477b55902d0>,0,3,[7 2],1,2,5,1,2
1,<environment.Job instance at 0x1477b5ef75a0>,2,3,[9 1],3,3,6,0,3
1,<environment.Job instance at 0x1477b5968190>,1,2,[5 1],2,6,8,4,3
1,<environment.Job instance at 0x1477b5590690>,3,3,[10  1],4,8,11,4,4
1,<environment.Job instance at 0x1477d8b360a0>,5,3,[2 9],7,11,14,4,7
1,<environment.Job instance at 0x1477d8b363c0>,7,19,[2 7],9,14,33,5,9
1,<environment.Job instance at 0x1477d8b36c80>,1,1,[5 2],2,2,3,0,2
1,<environment.Job instance at 0x1477d8a40e10>,3,2,[8 2],4,4,6,0,4
1,<environment.Job instance at 0x1477d8b36d70>,2,2,[2 9],3,13,15,10,13
1,<environment.Job instance at 0x1477d88d5d20>,0,1,[2 7],1,2,3,1,2
1,<environment.Job instance at 0x1477d88d50f0>,2,2,[7 2],3,3,5,0,3
1,<environment.Job instance at 0x1477d88d5910>,3,3,[7 1],4,5,8,1,4
1,<environment.Job instance at 0x1477d88d5690>,4,1,[2 5],6,6,7,0,6
1,<environment.Job instance at 0x1477d88d57d0>,5,3,[8 2],7,8,11,1,7
1,<environment.Job instance at 0x1477d88d5640>,1,18,[2 8],2,129,147,127,129
1,<environment.Job instance at 0x1477b55f7b90>,5,2,[5 2],7,16,18,9,16
1,<environment.Job instance at 0x1477b55f7cd0>,6,3,[5 1],8,17,20,9,17
1,<environment.Job instance at 0x1477d77f6d20>,2,16,[2 7],4,39,55,35,39
1,<environment.Job instance at 0x1477b52b0fa0>,1,1,[5 1],3,9,10,6,9
1,<environment.Job instance at 0x1477d8b46140>,3,12,[5 2],5,82,94,77,82
1,<environment.Job instance at 0x1477de5ddd70>,0,2,[1 6],1,1,3,0,1
1,<environment.Job instance at 0x1477de5dd730>,1,1,[9 1],4,5,6,1,5
1,<environment.Job instance at 0x1477d8b46b90>,3,1,[ 2 10],7,7,8,0,7
1,<environment.Job instance at 0x1477d8a28140>,4,2,[ 2 10],8,8,10,0,8
1,<environment.Job instance at 0x1477d8983f50>,2,3,[10  1],4,4,7,0,4
1,<environment.Job instance at 0x1477d8b46140>,5,1,[ 1 10],7,7,8,0,7
1,<environment.Job instance at 0x1477b57dcdc0>,0,2,[10  2],1,2,4,1,2
1,<environment.Job instance at 0x1477b57dc2d0>,2,1,[2 5],5,5,6,0,5
1,<environment.Job instance at 0x1477b57dcd70>,5,17,[2 9],9,9,26,0,9
1,<environment.Job instance at 0x1477b5f02fa0>,0,2,[6 1],1,1,3,0,1
1,<environment.Job instance at 0x1477d8427870>,1,3,[5 1],2,3,6,1,2
1,<environment.Job instance at 0x1477d8b20370>,3,1,[7 1],7,8,9,1,8
1,<environment.Job instance at 0x1477d8b20d20>,4,3,[1 9],8,8,11,0,8
1,<environment.Job instance at 0x1477daab1320>,0,3,[6 1],1,1,4,0,1
1,<environment.Job instance at 0x1477d97c1870>,2,17,[9 1],7,9,26,2,9
1,<environment.Job instance at 0x1477d8a40dc0>,0,3,[8 1],2,2,5,0,2
1,<environment.Job instance at 0x1477d8a40460>,2,3,[6 2],4,5,8,1,4
1,<environment.Job instance at 0x1477d8a40d70>,3,1,[2 7],5,5,6,0,5
1,<environment.Job instance at 0x1477d8a406e0>,4,3,[1 5],6,6,9,0,6
1,<environment.Job instance at 0x1477de594140>,1,3,[6 2],2,2,5,0,2
1,<environment.Job instance at 0x1477b5e5cdc0>,3,3,[2 9],4,5,8,1,4
1,<environment.Job instance at 0x1477b5e5ce60>,6,1,[2 6],9,9,10,0,9
1,<environment.Job instance at 0x1477d9812a00>,0,3,[2 7],1,1,4,0,1
1,<environment.Job instance at 0x1477b5e5c280>,1,1,[7 2],2,2,3,0,2
1,<environment.Job instance at 0x1477de594b90>,2,3,[ 1 10],3,4,7,1,3
1,<environment.Job instance at 0x1477b5e5c6e0>,4,1,[1 6],6,7,8,1,7
1,<environment.Job instance at 0x1477ddc53230>,5,19,[2 8],7,15,34,8,15
1,<environment.Job instance at 0x1477ddc53410>,1,1,[9 2],3,3,4,0,3
1,<environment.Job instance at 0x1477ddc53230>,2,3,[2 8],4,4,7,0,4
1,<environment.Job instance at 0x1477ddc53960>,3,3,[5 1],7,7,10,0,7
1,<environment.Job instance at 0x1477b589b320>,4,2,[10  2],8,10,12,2,8
1,<environment.Job instance at 0x1477b589b550>,5,3,[7 2],9,12,15,3,9
1,<environment.Job instance at 0x1477b5b1dd70>,0,3,[8 1],1,1,4,0,1
1,<environment.Job instance at 0x1477b5d7be10>,0,3,[9 1],2,3,6,1,3
1,<environment.Job instance at 0x1477b5eb29b0>,3,1,[1 8],5,5,6,0,5
1,<environment.Job instance at 0x1477b5b938c0>,4,14,[8 1],7,7,21,0,7
1,<environment.Job instance at 0x1477b5eb2820>,1,18,[2 8],3,8,26,5,8
1,<environment.Job instance at 0x1477b5eb2dc0>,6,3,[2 8],9,26,29,17,9
1,<environment.Job instance at 0x1477b5834e60>,0,3,[2 8],1,1,4,0,1
1,<environment.Job instance at 0x1477b5e9ac80>,2,14,[ 1 10],3,4,18,1,3
1,<environment.Job instance at 0x1477b5e9abe0>,4,1,[2 9],5,18,19,13,5
1,<environment.Job instance at 0x1477b5d7bd70>,5,2,[5 1],6,18,20,12,6
1,<environment.Job instance at 0x1477d89e3140>,2,3,[9 2],4,4,7,0,4
1,<environment.Job instance at 0x1477b5d7b190>,4,13,[2 6],7,232,245,225,232
1,<environment.Job instance at 0x1477d8933960>,1,15,[2 9],3,35,50,32,35
1,<environment.Job instance at 0x1477d8933640>,2,3,[5 2],6,98,101,92,98
1,<environment.Job instance at 0x1477d89b02d0>,4,2,[2 9],6,6,8,0,6
1,<environment.Job instance at 0x1477d89b0cd0>,5,1,[1 6],7,8,9,1,8
1,<environment.Job instance at 0x1477b52f4fa0>,0,3,[5 1],1,2,5,1,2
1,<environment.Job instance at 0x1477b52f4d70>,2,12,[2 7],3,3,15,0,3
1,<environment.Job instance at 0x1477b52f4640>,3,2,[8 1],4,5,7,1,4
1,<environment.Job instance at 0x1477b52f4050>,1,12,[2 9],2,15,27,13,5
1,<environment.Job instance at 0x1477b5862050>,2,1,[2 9],6,6,7,0,6
1,<environment.Job instance at 0x1477b5eb8dc0>,3,1,[10  2],7,7,8,0,7
1,<environment.Job instance at 0x1477b5eb8f50>,4,1,[1 5],9,9,10,0,9
1,<environment.Job instance at 0x1477d89a92d0>,4,1,[9 1],7,7,8,0,7
1,<environment.Job instance at 0x1477d89a9eb0>,5,1,[5 1],8,8,9,0,8
1,<environment.Job instance at 0x1477b5ae3870>,1,2,[ 1 10],3,3,5,0,3
1,<environment.Job instance at 0x1477b5ae3af0>,2,1,[10  2],4,5,6,1,4
1,<environment.Job instance at 0x1477d8ac80f0>,4,2,[8 1],9,9,11,0,9
1,<environment.Job instance at 0x1477d8ac80f0>,1,3,[1 5],5,6,9,1,6
1,<environment.Job instance at 0x14782781a230>,3,1,[9 1],7,7,8,0,7
1,<environment.Job instance at 0x1477d40ec2d0>,2,14,[2 8],6,9,23,3,8
1,<environment.Job instance at 0x1477b54e4280>,5,3,[1 5],9,23,26,14,9
1,<environment.Job instance at 0x1477b54e4d20>,0,1,[ 2 10],1,1,2,0,1
1,<environment.Job instance at 0x1477b54e4230>,1,3,[9 2],2,2,5,0,2
1,<environment.Job instance at 0x1477b5cb23c0>,4,3,[2 8],9,9,12,0,9
1,<environment.Job instance at 0x1477b54a2f50>,0,3,[8 1],1,1,4,0,1
1,<environment.Job instance at 0x1477b54a29b0>,1,2,[10  1],2,4,6,2,2
1,<environment.Job instance at 0x1477b57c58c0>,3,3,[2 6],4,6,9,2,4
1,<environment.Job instance at 0x1477b5b6a0f0>,6,1,[9 1],7,9,10,2,7
1,<environment.Job instance at 0x1477b5b6ab40>,8,12,[6 1],9,10,22,1,9
1,<environment.Job instance at 0x1477d9518410>,0,2,[1 7],1,3,5,2,3
1,<environment.Job instance at 0x1477b54750a0>,2,1,[2 5],5,5,6,0,5
1,<environment.Job instance at 0x1477b5e6b410>,1,1,[5 1],2,2,3,0,2
1,<environment.Job instance at 0x1477b5e6b870>,3,2,[10  1],4,4,6,0,4
1,<environment.Job instance at 0x1477b5e6bc30>,6,2,[8 2],8,8,10,0,8
1,<environment.Job instance at 0x1477b582e780>,1,14,[10  2],3,4,18,1,4
1,<environment.Job instance at 0x1477b582ee60>,5,2,[9 1],8,18,20,10,13
1,<environment.Job instance at 0x1477b5821690>,0,1,[2 5],1,2,3,1,2
1,<environment.Job instance at 0x1477b58215f0>,3,3,[2 6],6,6,9,0,6
1,<environment.Job instance at 0x1477b51f3cd0>,4,2,[1 6],7,9,11,2,7
1,<environment.Job instance at 0x1477b51f3f00>,5,1,[2 7],8,11,12,3,8
1,<environment.Job instance at 0x1477b5774d70>,1,21,[2 8],2,12,33,10,9
1,<environment.Job instance at 0x1477b58348c0>,3,3,[8 2],4,4,7,0,4
1,<environment.Job instance at 0x1477b589f640>,6,2,[1 8],7,7,9,0,7
1,<environment.Job instance at 0x1477d88ae230>,8,1,[2 5],9,9,10,0,9
1,<environment.Job instance at 0x1477b58d59b0>,1,2,[8 1],3,4,6,1,4
1,<environment.Job instance at 0x1477b58d52d0>,3,2,[10  1],5,6,8,1,5
1,<environment.Job instance at 0x1477b589f780>,4,3,[ 2 10],6,8,11,2,6
1,<environment.Job instance at 0x1477b5177690>,6,3,[1 5],8,11,14,3,8
1,<environment.Job instance at 0x1477b5add820>,1,2,[7 1],2,2,4,0,2
1,<environment.Job instance at 0x1477ddc3acd0>,2,3,[6 1],3,4,7,1,4
1,<environment.Job instance at 0x1477b5add140>,3,1,[6 2],4,7,8,3,5
1,<environment.Job instance at 0x1477ddc3aaf0>,4,2,[6 1],5,8,10,3,5
1,<environment.Job instance at 0x1477ddc3a460>,6,2,[10  1],7,10,12,3,7
1,<environment.Job instance at 0x1477ddc3ad70>,8,1,[8 1],9,12,13,3,9
1,<environment.Job instance at 0x1477d89cd910>,2,2,[9 1],4,4,6,0,4
1,<environment.Job instance at 0x1477d89cd370>,3,3,[ 1 10],6,6,9,0,6
1,<environment.Job instance at 0x1477d89cd050>,4,1,[9 2],7,9,10,2,7
1,<environment.Job instance at 0x1477d9401690>,1,2,[5 1],2,2,4,0,2
1,<environment.Job instance at 0x1477d94015f0>,2,2,[7 2],3,4,6,1,3
1,<environment.Job instance at 0x1477b5ce0190>,5,1,[9 1],6,6,7,0,6
1,<environment.Job instance at 0x1477d9401e10>,6,3,[7 1],7,7,10,0,7
1,<environment.Job instance at 0x1477b55af910>,8,13,[7 2],9,10,23,1,9
1,<environment.Job instance at 0x1477d97e8fa0>,4,3,[2 7],7,7,10,0,7
1,<environment.Job instance at 0x1477d97e8e10>,5,2,[8 2],8,8,10,0,8
1,<environment.Job instance at 0x1477d97e87d0>,6,3,[2 5],9,10,13,1,9
1,<environment.Job instance at 0x1477d97e8780>,3,2,[1 6],6,38,40,32,38
1,<environment.Job instance at 0x1477ddc5fb40>,2,1,[ 2 10],4,4,5,0,4
1,<environment.Job instance at 0x1477b570b550>,1,1,[2 5],3,6,7,3,6
1,<environment.Job instance at 0x1477dfb509b0>,4,1,[2 5],7,10,11,3,10
1,<environment.Job instance at 0x1477dfb50690>,2,16,[5 2],5,168,184,163,168
1,<environment.Job instance at 0x1477ddc553c0>,2,1,[2 6],4,4,5,0,4
1,<environment.Job instance at 0x1477b5437eb0>,4,2,[6 2],9,9,11,0,9
1,<environment.Job instance at 0x1477ddc55820>,1,3,[1 7],2,2,5,0,2
1,<environment.Job instance at 0x1477b5437eb0>,2,2,[10  2],3,5,7,2,3
1,<environment.Job instance at 0x1477d9538870>,4,3,[7 1],6,7,10,1,6
1,<environment.Job instance at 0x1477b58928c0>,6,1,[7 1],9,10,11,1,9
1,<environment.Job instance at 0x1477de6484b0>,3,1,[5 1],7,7,8,0,7
1,<environment.Job instance at 0x1477de648aa0>,2,15,[10  2],6,8,23,2,8
1,<environment.Job instance at 0x1477b5b909b0>,0,3,[7 2],1,1,4,0,1
1,<environment.Job instance at 0x1477b5b90b90>,1,1,[5 2],3,4,5,1,4
1,<environment.Job instance at 0x1477b586c370>,2,23,[1 6],4,6,29,2,6
1,<environment.Job instance at 0x1477dc737f50>,0,3,[2 6],1,1,4,0,1
1,<environment.Job instance at 0x1477b586c500>,1,3,[ 2 10],2,4,7,2,2
1,<environment.Job instance at 0x1477b5eb5f00>,2,3,[2 9],7,7,10,0,7
1,<environment.Job instance at 0x1477b5332f00>,4,2,[5 1],9,9,11,0,9
1,<environment.Job instance at 0x1477b5998c30>,3,12,[9 1],8,8,20,0,8
1,<environment.Job instance at 0x1477b56a4640>,0,3,[9 1],1,1,4,0,1
1,<environment.Job instance at 0x1477b56a4690>,2,3,[10  1],3,4,7,1,4
1,<environment.Job instance at 0x1477d8a15460>,3,16,[1 6],7,19,35,12,19
1,<environment.Job instance at 0x1477de652c80>,1,13,[1 9],2,24,37,22,24
1,<environment.Job instance at 0x1477b5e46910>,5,3,[6 2],9,37,40,28,24
1,<environment.Job instance at 0x1477b52190a0>,1,2,[1 5],5,5,7,0,5
1,<environment.Job instance at 0x1477b5219050>,2,1,[9 1],6,6,7,0,6
1,<environment.Job instance at 0x1477b5219c30>,3,2,[10  1],7,7,9,0,7
1,<environment.Job instance at 0x1477b5219370>,4,1,[6 2],8,9,10,1,8
1,<environment.Job instance at 0x1477b5219320>,0,1,[ 1 10],2,3,4,1,3
1,<environment.Job instance at 0x1477b53571e0>,1,15,[2 5],3,67,82,64,67
1,<environment.Job instance at 0x1477b5c64cd0>,6,3,[8 2],9,70,73,61,70
1,<environment.Job instance at 0x1477d89ea5f0>,1,1,[1 9],3,3,4,0,3
1,<environment.Job instance at 0x1477d89ea8c0>,2,3,[9 1],4,4,7,0,4
1,<environment.Job instance at 0x1477d89eabe0>,3,12,[1 8],6,10,22,4,10
1,<environment.Job instance at 0x1477b5b70280>,1,3,[2 5],3,5,8,2,5
1,<environment.Job instance at 0x1477b5b703c0>,0,1,[1 5],2,6,7,4,6
1,<environment.Job instance at 0x1477daac7460>,4,2,[5 2],7,7,9,0,7
1,<environment.Job instance at 0x1477d8abeb40>,3,19,[ 1 10],6,9,28,3,8
1,<environment.Job instance at 0x1477d71818c0>,2,3,[1 9],4,53,56,49,53
1,<environment.Job instance at 0x1477d71813c0>,1,2,[1 8],2,2,4,0,2
1,<environment.Job instance at 0x1477d71818c0>,2,2,[9 2],3,3,5,0,3
1,<environment.Job instance at 0x1477b588fd20>,3,2,[6 2],4,5,7,1,4
1,<environment.Job instance at 0x1477d97c8500>,4,1,[1 6],5,7,8,2,7
1,<environment.Job instance at 0x1477b588fc30>,5,28,[2 9],7,39,67,32,39
1,<environment.Job instance at 0x1477ddbd21e0>,1,2,[1 7],2,2,4,0,2
1,<environment.Job instance at 0x1477de588050>,2,2,[2 5],3,4,6,1,3
1,<environment.Job instance at 0x1477ddbd2e10>,3,3,[1 9],7,7,10,0,7
1,<environment.Job instance at 0x1477de588a00>,4,1,[5 1],8,8,9,0,8
1,<environment.Job instance at 0x1477b5853230>,1,2,[ 2 10],2,2,4,0,2
1,<environment.Job instance at 0x1477b5853910>,4,1,[10  2],8,8,9,0,8
1,<environment.Job instance at 0x1477b5853b90>,5,1,[5 2],9,9,10,0,9
1,<environment.Job instance at 0x1477b58530a0>,1,3,[10  2],3,3,6,0,3
1,<environment.Job instance at 0x1477d97acb40>,2,1,[7 2],6,6,7,0,6
1,<environment.Job instance at 0x1477d97acc80>,3,3,[9 1],7,7,10,0,7
1,<environment.Job instance at 0x1477b5749dc0>,5,3,[1 5],9,9,12,0,9
1,<environment.Job instance at 0x1477b5757640>,1,3,[1 9],5,5,8,0,5
1,<environment.Job instance at 0x1477b5831140>,2,2,[5 2],7,8,10,1,7
1,<environment.Job instance at 0x1477b5388820>,0,3,[1 8],1,1,4,0,1
1,<environment.Job instance at 0x1477b5388690>,1,3,[6 2],2,2,5,0,2
1,<environment.Job instance at 0x1477b5831690>,3,14,[ 2 10],4,5,19,1,4
1,<environment.Job instance at 0x1477b5ed64b0>,5,3,[1 9],6,19,22,13,6
1,<environment.Job instance at 0x1477b5ed6eb0>,6,2,[9 2],8,22,24,14,8
1,<environment.Job instance at 0x1477b53887d0>,7,14,[9 1],9,24,38,15,9
1,<environment.Job instance at 0x1477b58810a0>,1,3,[10  1],2,2,5,0,2
1,<environment.Job instance at 0x1477b5881aa0>,2,3,[2 9],3,5,8,2,3
1,<environment.Job instance at 0x1477b5881820>,4,3,[1 9],8,8,11,0,8
1,<environment.Job instance at 0x1477b5881fa0>,5,2,[2 9],9,11,13,2,9
1,<environment.Job instance at 0x1477b5429aa0>,0,3,[7 1],1,1,4,0,1
1,<environment.Job instance at 0x1477b5429d70>,2,3,[2 6],3,3,6,0,3
1,<environment.Job instance at 0x1477b5881fa0>,4,1,[10  1],6,6,7,0,6
1,<environment.Job instance at 0x1477dfb79d20>,3,15,[2 9],4,7,22,3,7
1,<environment.Job instance at 0x1477dfb79910>,6,1,[ 1 10],8,22,23,14,8
1,<environment.Job instance at 0x1477b51d88c0>,1,2,[ 1 10],4,4,6,0,4
1,<environment.Job instance at 0x1477d6c73c80>,2,3,[7 1],5,6,9,1,5
1,<environment.Job instance at 0x1477d6c73fa0>,3,12,[10  2],7,9,21,2,7
1,<environment.Job instance at 0x1477d6c730f0>,4,16,[ 1 10],8,28,44,20,28
1,<environment.Job instance at 0x1477b5d27af0>,0,1,[7 2],1,1,2,0,1
1,<environment.Job instance at 0x1477b57dccd0>,1,3,[6 2],2,3,6,1,3
1,<environment.Job instance at 0x1477d955ae60>,3,1,[2 8],4,4,5,0,4
1,<environment.Job instance at 0x1477de58d0a0>,2,1,[ 2 10],3,5,6,2,5
1,<environment.Job instance at 0x1477b5d1feb0>,0,1,[8 2],1,1,2,0,1
1,<environment.Job instance at 0x1477d983aaa0>,3,3,[10  1],5,5,8,0,5
1,<environment.Job instance at 0x1477b5ab4dc0>,4,12,[ 1 10],6,8,20,2,6
1,<environment.Job instance at 0x1477b5ab43c0>,6,2,[10  1],9,20,22,11,9
1,<environment.Job instance at 0x1477b5d1f320>,0,1,[10  2],2,5,6,3,5
1,<environment.Job instance at 0x1477de5717d0>,0,3,[6 1],2,4,7,2,4
1,<environment.Job instance at 0x1477b52c0fa0>,0,3,[1 7],1,1,4,0,1
1,<environment.Job instance at 0x1477de571870>,1,3,[8 1],2,2,5,0,2
1,<environment.Job instance at 0x1477ddc3c0a0>,2,2,[1 5],3,4,6,1,4
1,<environment.Job instance at 0x1477d40a0870>,3,2,[9 2],5,5,7,0,5
1,<environment.Job instance at 0x1477d40a0a50>,2,2,[9 2],3,3,5,0,3
1,<environment.Job instance at 0x1477b51c3a50>,1,18,[2 5],2,5,23,3,4
1,<environment.Job instance at 0x1477b51c3230>,4,1,[2 6],5,23,24,18,5
1,<environment.Job instance at 0x1477b51c3460>,5,1,[2 8],7,24,25,17,7
1,<environment.Job instance at 0x1477b51c3140>,6,2,[9 2],8,25,27,17,8
1,<environment.Job instance at 0x1477b51c3190>,3,18,[1 7],4,193,211,189,193
1,<environment.Job instance at 0x1477b599f5a0>,3,3,[2 8],8,9,12,1,9
1,<environment.Job instance at 0x1477d8899640>,1,1,[9 2],3,3,4,0,3
1,<environment.Job instance at 0x1477de667230>,2,2,[10  1],4,4,6,0,4
1,<environment.Job instance at 0x1477de588280>,4,3,[5 2],7,7,10,0,7
1,<environment.Job instance at 0x1477b5aee230>,1,3,[5 1],3,3,6,0,3
1,<environment.Job instance at 0x1477d403e640>,3,3,[1 8],5,5,8,0,5
1,<environment.Job instance at 0x1477de588280>,4,3,[5 2],7,7,10,0,7
1,<environment.Job instance at 0x1477b5abe6e0>,0,2,[1 8],1,2,4,1,2
1,<environment.Job instance at 0x1477de601320>,4,3,[5 1],7,7,10,0,7
1,<environment.Job instance at 0x1477de601f00>,5,3,[1 7],8,8,11,0,8
1,<environment.Job instance at 0x1477d7101cd0>,2,3,[6 1],5,36,39,31,36
1,<environment.Job instance at 0x1477b532f910>,1,3,[9 2],4,19,22,15,19
1,<environment.Job instance at 0x1477b572af00>,0,3,[1 7],1,1,4,0,1
1,<environment.Job instance at 0x1477b572ac30>,1,1,[7 2],2,2,3,0,2
1,<environment.Job instance at 0x1477b5722910>,4,3,[ 1 10],6,6,9,0,6
1,<environment.Job instance at 0x1477b5722370>,5,3,[1 5],7,9,12,2,7
1,<environment.Job instance at 0x1477b5722a00>,6,2,[5 1],8,9,11,1,8
1,<environment.Job instance at 0x1477b5ac4370>,0,2,[10  2],1,1,3,0,1
1,<environment.Job instance at 0x1477b5ac40f0>,2,2,[2 6],4,4,6,0,4
1,<environment.Job instance at 0x1477d8a84be0>,4,3,[1 6],6,6,9,0,6
1,<environment.Job instance at 0x1477d8a84c80>,5,3,[9 1],7,7,10,0,7
1,<environment.Job instance at 0x1477d8a84190>,6,2,[10  2],8,10,12,2,8
1,<environment.Job instance at 0x1477d8a84410>,7,1,[5 1],9,12,13,3,9
1,<environment.Job instance at 0x1477d8a664b0>,0,2,[1 9],3,3,5,0,3
1,<environment.Job instance at 0x1477b5ac4640>,1,1,[9 2],4,5,6,1,5
1,<environment.Job instance at 0x1477b5ac4d70>,2,3,[ 2 10],7,7,10,0,7
1,<environment.Job instance at 0x1477b5db8690>,0,3,[7 1],1,1,4,0,1
1,<environment.Job instance at 0x1477d6c87780>,2,2,[ 2 10],4,4,6,0,4
1,<environment.Job instance at 0x1477b58b9e60>,3,18,[1 5],5,6,24,1,5
1,<environment.Job instance at 0x1477d953bbe0>,7,2,[2 8],9,24,26,15,9
1,<environment.Job instance at 0x1477b57153c0>,2,2,[1 7],5,5,7,0,5
1,<environment.Job instance at 0x1477b5715a00>,5,1,[8 1],8,8,9,0,8
1,<environment.Job instance at 0x1477dc74a500>,1,1,[7 2],2,2,3,0,2
1,<environment.Job instance at 0x1477dc74a550>,2,1,[ 2 10],5,6,7,1,6
1,<environment.Job instance at 0x1477ddba1280>,3,3,[2 5],6,11,14,5,11
1,<environment.Job instance at 0x1477ddc88af0>,1,2,[ 2 10],3,6,8,3,6
1,<environment.Job instance at 0x1477b5b6a0a0>,5,12,[5 2],7,8,20,1,7
1,<environment.Job instance at 0x1477b5b6a9b0>,6,19,[2 7],8,13,32,5,13
1,<environment.Job instance at 0x1477df4fcb90>,2,3,[7 1],5,5,8,0,5
1,<environment.Job instance at 0x1477b5b6a550>,3,1,[ 2 10],7,9,10,2,9
1,<environment.Job instance at 0x1477d8af9140>,4,2,[2 5],8,16,18,8,16
1,<environment.Job instance at 0x1477d8af9410>,1,18,[2 6],2,2,20,0,2
1,<environment.Job instance at 0x1477b5de5b90>,3,13,[2 8],5,20,33,15,5
1,<environment.Job instance at 0x1477b5de52d0>,4,14,[1 9],6,75,89,69,75
1,<environment.Job instance at 0x1477d8b0a460>,1,12,[6 2],5,5,17,0,5
1,<environment.Job instance at 0x1477d8b0aaf0>,2,3,[2 5],9,10,13,1,10
1,<environment.Job instance at 0x1477d891c4b0>,0,2,[1 8],1,2,4,1,2
1,<environment.Job instance at 0x1477d891cc80>,2,2,[2 6],4,4,6,0,4
1,<environment.Job instance at 0x1477d891cf00>,3,3,[1 8],5,6,9,1,5
1,<environment.Job instance at 0x1477d8b0aaf0>,5,3,[1 6],8,9,12,1,8
1,<environment.Job instance at 0x1477d891cb40>,6,14,[5 2],9,9,23,0,9
1,<environment.Job instance at 0x1477b519fc30>,0,3,[7 1],1,1,4,0,1
1,<environment.Job instance at 0x1477b519fc80>,2,17,[2 6],5,7,24,2,7
1,<environment.Job instance at 0x1477b555a8c0>,3,1,[1 6],7,24,25,17,9
1,<environment.Job instance at 0x1477b5a9b1e0>,1,2,[6 2],2,2,4,0,2
1,<environment.Job instance at 0x1477b54db410>,8,3,[1 9],9,26,29,17,26
1,<environment.Job instance at 0x1477b5a9b0f0>,5,16,[2 9],6,141,157,135,141
1,<environment.Job instance at 0x1477d982d6e0>,0,2,[2 7],1,1,3,0,1
1,<environment.Job instance at 0x1477d8b33730>,1,3,[5 1],2,2,5,0,2
1,<environment.Job instance at 0x1477b5af1c30>,4,1,[10  2],6,6,7,0,6
1,<environment.Job instance at 0x1477b5af1cd0>,5,3,[1 9],7,7,10,0,7
1,<environment.Job instance at 0x1477b5b2c320>,0,1,[9 2],3,5,6,2,5
1,<environment.Job instance at 0x1477b5b2c5f0>,2,1,[6 2],8,8,9,0,8
1,<environment.Job instance at 0x1477b5b2c4b0>,1,14,[2 8],5,29,43,24,29
1,<environment.Job instance at 0x1477d9555140>,2,1,[10  1],3,3,4,0,3
1,<environment.Job instance at 0x1477d9555d20>,6,2,[2 5],8,8,10,0,8
1,<environment.Job instance at 0x1477d95550a0>,1,2,[2 9],2,3,5,1,3
1,<environment.Job instance at 0x1477b542aa50>,3,14,[6 1],5,5,19,0,5
1,<environment.Job instance at 0x1477d9555960>,4,2,[2 6],6,6,8,0,6
1,<environment.Job instance at 0x1477b5cdff00>,5,18,[5 2],8,19,37,11,8
1,<environment.Job instance at 0x1477b5cd0050>,6,1,[9 1],9,37,38,28,9
1,<environment.Job instance at 0x1477b5cd08c0>,1,16,[6 1],2,2,18,0,2
1,<environment.Job instance at 0x1477b5d52820>,2,3,[2 7],4,4,7,0,4
1,<environment.Job instance at 0x1477b5d528c0>,4,2,[10  2],7,7,9,0,7
1,<environment.Job instance at 0x1477b51561e0>,5,13,[1 8],8,9,22,1,8
1,<environment.Job instance at 0x1477b5156a00>,6,3,[1 8],9,22,25,13,9
1,<environment.Job instance at 0x1477b5e1d3c0>,2,1,[1 7],3,3,4,0,3
1,<environment.Job instance at 0x1477b5d52960>,4,2,[2 5],7,7,9,0,7
1,<environment.Job instance at 0x1477b5e1df00>,5,1,[10  1],8,9,10,1,8
1,<environment.Job instance at 0x1477b5e1d820>,6,2,[2 8],9,10,12,1,9
1,<environment.Job instance at 0x1477b59b5a00>,3,2,[1 9],7,165,167,158,165
1,<environment.Job instance at 0x1477b5bd9190>,1,2,[9 1],2,2,4,0,2
1,<environment.Job instance at 0x1477d982d9b0>,2,2,[9 1],3,4,6,1,3
1,<environment.Job instance at 0x1477b562d5a0>,3,3,[ 1 10],4,6,9,2,4
1,<environment.Job instance at 0x1477b562d0f0>,4,3,[1 8],5,9,12,4,7
1,<environment.Job instance at 0x1477d97ddb40>,1,3,[5 2],4,4,7,0,4
1,<environment.Job instance at 0x1477d982d230>,2,2,[2 9],6,7,9,1,6
1,<environment.Job instance at 0x1477b5c114b0>,4,3,[5 1],8,8,11,0,8
1,<environment.Job instance at 0x1477d77ee370>,0,1,[9 1],1,2,3,1,2
1,<environment.Job instance at 0x1477d77ee500>,1,3,[5 1],2,3,6,1,2
1,<environment.Job instance at 0x1477b589a050>,4,2,[6 2],7,7,9,0,7
1,<environment.Job instance at 0x1477b589abe0>,5,3,[2 8],9,11,14,2,11
1,<environment.Job instance at 0x1477b5de40a0>,2,1,[2 5],6,6,7,0,6
1,<environment.Job instance at 0x1477b5de45a0>,3,1,[8 1],7,9,10,2,9
1,<environment.Job instance at 0x1477d89c8c80>,1,1,[10  2],3,3,4,0,3
1,<environment.Job instance at 0x1477d89c8550>,2,3,[7 2],4,4,7,0,4
1,<environment.Job instance at 0x1477b5de4730>,3,2,[2 9],6,7,9,1,7
1,<environment.Job instance at 0x1477d40a2f50>,2,2,[8 2],3,3,5,0,3
1,<environment.Job instance at 0x1477b5858320>,1,1,[1 6],2,4,5,2,4
1,<environment.Job instance at 0x1477d40a2af0>,4,3,[6 2],8,8,11,0,8
1,<environment.Job instance at 0x1477b53a4c30>,0,3,[ 2 10],1,1,4,0,1
1,<environment.Job instance at 0x1477d40a2af0>,2,2,[6 1],3,4,6,1,3
1,<environment.Job instance at 0x1477b53a4aa0>,3,2,[10  2],4,6,8,2,4
1,<environment.Job instance at 0x1477b5db5050>,4,2,[10  2],5,8,10,3,5
1,<environment.Job instance at 0x1477b5f4d6e0>,5,3,[8 1],6,10,13,4,6
1,<environment.Job instance at 0x1477b527c0f0>,1,2,[6 2],7,7,9,0,7
1,<environment.Job instance at 0x1477b527c910>,2,3,[8 2],8,9,12,1,8
1,<environment.Job instance at 0x1477b561cf00>,0,2,[1 5],2,4,6,2,4
1,<environment.Job instance at 0x1477d97e4820>,2,1,[1 6],9,9,10,0,9
1,<environment.Job instance at 0x1477b561caa0>,1,14,[1 8],4,20,34,16,20
1,<environment.Job instance at 0x1477b56d7460>,0,3,[9 1],1,2,5,1,2
1,<environment.Job instance at 0x1477b59baf00>,2,3,[7 1],4,5,8,1,4
1,<environment.Job instance at 0x1477b59baeb0>,3,2,[ 1 10],5,8,10,3,5
1,<environment.Job instance at 0x1477b561caa0>,5,2,[6 2],8,10,12,2,8
1,<environment.Job instance at 0x1477b5dda820>,0,3,[10  1],1,1,4,0,1
1,<environment.Job instance at 0x1477b5ddaf00>,1,3,[6 1],3,4,7,1,3
1,<environment.Job instance at 0x1477d8932f50>,5,3,[8 1],9,9,12,0,9
1,<environment.Job instance at 0x1477d8932f50>,2,16,[2 5],3,3,19,0,3
1,<environment.Job instance at 0x1477b5aeb0f0>,3,3,[1 9],4,19,22,15,5
1,<environment.Job instance at 0x1477b5aeb780>,4,3,[2 7],5,22,25,17,8
1,<environment.Job instance at 0x1477b56cc5a0>,8,2,[ 2 10],9,25,27,16,10
1,<environment.Job instance at 0x1477b56ccfa0>,3,2,[2 9],8,8,10,0,8
1,<environment.Job instance at 0x1477ddc74e10>,7,3,[9 1],8,28,31,20,28
1,<environment.Job instance at 0x1477d97eb370>,4,17,[1 8],5,100,117,95,100
1,<environment.Job instance at 0x1477b56ccd20>,1,3,[1 8],2,2,5,0,2
1,<environment.Job instance at 0x1477b55e6370>,3,3,[7 2],4,4,7,0,4
1,<environment.Job instance at 0x1477b5a643c0>,4,1,[8 1],5,7,8,2,5
1,<environment.Job instance at 0x1477ddc74b40>,2,13,[6 2],3,12,25,9,12
1,<environment.Job instance at 0x1477d8afaeb0>,0,1,[8 2],2,3,4,1,3
1,<environment.Job instance at 0x1477b53279b0>,1,1,[1 7],3,29,30,26,29
1,<environment.Job instance at 0x1477b51d0a00>,4,19,[1 8],9,39,58,30,39
1,<environment.Job instance at 0x1477b5d23190>,0,15,[2 5],1,1,16,0,1
1,<environment.Job instance at 0x1477b5d23730>,2,3,[2 8],3,16,19,13,3
1,<environment.Job instance at 0x1477b5d23820>,6,3,[ 1 10],7,19,22,12,7
1,<environment.Job instance at 0x1477b5d23500>,8,13,[2 7],9,22,35,13,22
1,<environment.Job instance at 0x1477b54d9fa0>,4,2,[10  2],7,7,9,0,7
1,<environment.Job instance at 0x1477b54d9eb0>,5,2,[5 2],8,9,11,1,8
1,<environment.Job instance at 0x1477ddc5f230>,0,2,[10  2],1,1,3,0,1
1,<environment.Job instance at 0x1477b54d9eb0>,2,1,[2 8],4,4,5,0,4
1,<environment.Job instance at 0x1477b5d12a50>,4,13,[6 2],7,8,21,1,8
1,<environment.Job instance at 0x1477b5d12b40>,5,25,[2 7],8,50,75,42,50
1,<environment.Job instance at 0x1477b5d12b40>,2,3,[1 7],8,8,11,0,8
1,<environment.Job instance at 0x1477b5e90d20>,3,1,[8 1],9,9,10,0,9
1,<environment.Job instance at 0x1477b5809dc0>,1,2,[2 7],3,3,5,0,3
1,<environment.Job instance at 0x1477b52e07d0>,4,15,[2 9],6,35,50,29,35
1,<environment.Job instance at 0x1477b57def50>,0,1,[5 2],3,3,4,0,3
1,<environment.Job instance at 0x1477d89da0f0>,2,2,[9 2],7,7,9,0,7
1,<environment.Job instance at 0x1477b52e0640>,3,1,[7 2],8,9,10,1,8
1,<environment.Job instance at 0x1477b5809870>,4,1,[10  1],9,10,11,1,9
1,<environment.Job instance at 0x1477b54c3370>,0,1,[1 7],2,2,3,0,2
1,<environment.Job instance at 0x1477dc73df50>,2,3,[1 9],4,4,7,0,4
1,<environment.Job instance at 0x1477b58fde10>,3,2,[ 1 10],5,7,9,2,5
1,<environment.Job instance at 0x1477b58fdc30>,5,1,[10  1],8,9,10,1,9
1,<environment.Job instance at 0x1477b58fdc30>,2,3,[2 9],4,4,7,0,4
1,<environment.Job instance at 0x1477d9829e60>,4,1,[1 6],6,7,8,1,6
1,<environment.Job instance at 0x1477b59319b0>,5,2,[8 1],8,8,10,0,8
1,<environment.Job instance at 0x1477d97daf50>,1,2,[1 9],3,6,8,3,6
1,<environment.Job instance at 0x1477b5d7af50>,2,2,[5 1],6,6,8,0,6
1,<environment.Job instance at 0x1477d93bb140>,0,3,[9 1],1,1,4,0,1
1,<environment.Job instance at 0x1477d93bb6e0>,2,3,[2 9],4,4,7,0,4
1,<environment.Job instance at 0x1477d6ee0870>,2,3,[10  1],4,4,7,0,4
1,<environment.Job instance at 0x1477b56ac960>,1,13,[8 2],2,7,20,5,5
1,<environment.Job instance at 0x1477b5aeafa0>,5,17,[1 9],8,20,37,12,9
1,<environment.Job instance at 0x1477d9827b40>,3,16,[2 5],5,7,23,2,7
1,<environment.Job instance at 0x1477d8ab7050>,1,1,[2 5],3,899,900,896,899
1,<environment.Job instance at 0x1477b563a640>,1,17,[8 1],4,4,21,0,4
1,<environment.Job instance at 0x1477b563a730>,1,1,[7 1],4,4,5,0,4
1,<environment.Job instance at 0x1477d8b3a370>,3,2,[5 1],7,7,9,0,7
1,<environment.Job instance at 0x1477d8b3a1e0>,4,16,[2 9],8,8,24,0,8
1,<environment.Job instance at 0x1477b5795410>,1,3,[1 6],3,3,6,0,3
1,<environment.Job instance at 0x1477b5e11140>,0,2,[1 7],2,6,8,4,3
1,<environment.Job instance at 0x1477b5dfa7d0>,2,3,[2 7],5,8,11,3,5
1,<environment.Job instance at 0x1477d40a66e0>,1,2,[7 2],2,2,4,0,2
1,<environment.Job instance at 0x1477dfb431e0>,2,2,[2 7],3,3,5,0,3
1,<environment.Job instance at 0x1477dfb43d70>,3,2,[9 1],4,5,7,1,4
1,<environment.Job instance at 0x1477dfb436e0>,4,1,[6 1],5,7,8,2,5
1,<environment.Job instance at 0x1477dfb43370>,5,3,[9 2],6,8,11,2,6
1,<environment.Job instance at 0x1477d40a6870>,6,2,[9 2],8,11,13,3,8
1,<environment.Job instance at 0x1477d77c1af0>,0,2,[7 2],1,2,4,1,2
1,<environment.Job instance at 0x1477d40a6780>,1,3,[1 9],2,11,14,9,11
1,<environment.Job instance at 0x1477e070c4b0>,1,2,[8 2],2,26,28,24,26
1,<environment.Job instance at 0x1477e070c960>,5,2,[2 9],7,33,35,26,33
1,<environment.Job instance at 0x1477e070c910>,6,1,[7 1],9,41,42,32,41
1,<environment.Job instance at 0x1477e07c2e10>,0,2,[7 1],1,1,3,0,1
1,<environment.Job instance at 0x1477e070c910>,3,3,[9 2],5,6,9,1,6
1,<environment.Job instance at 0x1477b5c88780>,1,2,[9 2],2,2,4,0,2
1,<environment.Job instance at 0x1477b5cba370>,2,2,[7 1],4,5,7,1,5
1,<environment.Job instance at 0x1477b5c88640>,3,3,[1 6],8,8,11,0,8
1,<environment.Job instance at 0x1477daab1190>,2,3,[ 2 10],3,3,6,0,3
1,<environment.Job instance at 0x1477d8ab7aa0>,3,3,[6 2],4,6,9,2,4
1,<environment.Job instance at 0x1477b5c88870>,1,17,[2 5],2,7,24,5,7
1,<environment.Job instance at 0x1477b5185870>,5,3,[1 8],8,24,27,16,8
1,<environment.Job instance at 0x1477b5185af0>,6,1,[10  1],9,27,28,18,9
1,<environment.Job instance at 0x1477b5c88640>,4,16,[2 9],7,28,44,21,15
1,<environment.Job instance at 0x1477b544d500>,2,2,[2 8],4,4,6,0,4
1,<environment.Job instance at 0x1477b544d870>,3,25,[1 7],6,12,37,6,12
1,<environment.Job instance at 0x1477d985deb0>,0,2,[9 1],1,1,3,0,1
1,<environment.Job instance at 0x1477b5f343c0>,1,3,[1 6],2,2,5,0,2
1,<environment.Job instance at 0x1477b55d6fa0>,3,3,[1 7],4,5,8,1,4
1,<environment.Job instance at 0x1477b55d6870>,4,2,[ 2 10],5,8,10,3,5
1,<environment.Job instance at 0x1477b55d6820>,5,2,[8 2],6,6,8,0,6
1,<environment.Job instance at 0x1477d985d870>,6,1,[10  2],7,10,11,3,7
1,<environment.Job instance at 0x1477d891b1e0>,2,3,[1 8],3,3,6,0,3
1,<environment.Job instance at 0x1477d891be10>,4,3,[8 2],5,5,8,0,5
1,<environment.Job instance at 0x1477b562b6e0>,5,1,[1 8],7,7,8,0,7
1,<environment.Job instance at 0x1477b562b9b0>,6,3,[9 1],9,9,12,0,9
1,<environment.Job instance at 0x1477b55900f0>,1,17,[ 2 10],4,853,870,849,853
1,<environment.Job instance at 0x1477d98294b0>,0,3,[1 9],1,1,4,0,1
1,<environment.Job instance at 0x1477b53ff410>,4,3,[1 6],8,8,11,0,8
1,<environment.Job instance at 0x1477d6ed2640>,1,2,[9 1],4,4,6,0,4
1,<environment.Job instance at 0x1477d6ed2b90>,3,2,[1 8],6,6,8,0,6
1,<environment.Job instance at 0x1477d6ed2aa0>,4,3,[8 2],7,7,10,0,7
1,<environment.Job instance at 0x1477b53ff410>,5,2,[1 8],8,9,11,1,9
1,<environment.Job instance at 0x1477b53197d0>,1,3,[10  1],3,3,6,0,3
1,<environment.Job instance at 0x1477b5319c30>,3,1,[1 9],5,6,7,1,5
1,<environment.Job instance at 0x1477d8422410>,4,26,[1 6],6,7,33,1,7
1,<environment.Job instance at 0x1477b5c8a460>,0,3,[2 9],1,1,4,0,1
1,<environment.Job instance at 0x1477de544af0>,1,2,[5 1],3,4,6,1,4
1,<environment.Job instance at 0x1477b5c8a550>,4,16,[1 9],8,8,24,0,8
1,<environment.Job instance at 0x1477b5850e10>,1,3,[5 2],3,3,6,0,3
1,<environment.Job instance at 0x1477b5cb1050>,1,2,[ 1 10],2,3,5,1,3
1,<environment.Job instance at 0x1477d9472f00>,5,1,[ 1 10],8,8,9,0,8
1,<environment.Job instance at 0x1477d9472870>,6,1,[ 2 10],9,9,10,0,9
1,<environment.Job instance at 0x1477b58350f0>,1,3,[9 1],2,2,5,0,2
1,<environment.Job instance at 0x1477d9472870>,2,3,[5 2],5,5,8,0,5
1,<environment.Job instance at 0x1477b5835370>,3,3,[5 2],6,6,9,0,6
1,<environment.Job instance at 0x1477b5835f50>,5,2,[2 8],9,9,11,0,9
1,<environment.Job instance at 0x1477b562b690>,0,2,[2 8],1,1,3,0,1
1,<environment.Job instance at 0x1477b58353c0>,2,15,[ 1 10],3,4,19,1,4
1,<environment.Job instance at 0x1477ddc8b190>,0,2,[7 2],1,1,3,0,1
1,<environment.Job instance at 0x1477ddc8b1e0>,1,1,[2 9],2,3,4,1,3
1,<environment.Job instance at 0x1477ddbdb550>,3,1,[10  1],5,5,6,0,5
1,<environment.Job instance at 0x1477b5efebe0>,6,27,[1 9],8,8,35,0,8
1,<environment.Job instance at 0x1477ddbdbf50>,2,23,[1 7],3,36,59,33,36
1,<environment.Job instance at 0x1477b5efe410>,0,1,[2 7],2,4,5,2,4
1,<environment.Job instance at 0x1477e07ed5a0>,0,3,[9 2],1,1,4,0,1
1,<environment.Job instance at 0x1477d8afa9b0>,2,3,[8 2],4,4,7,0,4
1,<environment.Job instance at 0x1477b5852730>,5,3,[1 6],7,7,10,0,7
1,<environment.Job instance at 0x1477b58520a0>,6,1,[10  2],8,10,11,2,8
1,<environment.Job instance at 0x1477b5852c80>,7,12,[1 5],9,11,23,2,10
1,<environment.Job instance at 0x1477b5144c80>,1,21,[10  2],3,118,139,115,118
1,<environment.Job instance at 0x1477d6c9e4b0>,5,2,[2 7],9,217,219,208,217
1,<environment.Job instance at 0x1477d9437cd0>,1,1,[1 9],2,2,3,0,2
1,<environment.Job instance at 0x1477b58174b0>,3,3,[1 9],5,5,8,0,5
1,<environment.Job instance at 0x1477b5817dc0>,4,2,[2 8],7,8,10,1,7
1,<environment.Job instance at 0x1477b58175a0>,5,2,[1 6],8,10,12,2,8
1,<environment.Job instance at 0x1477b5817be0>,6,1,[6 1],9,9,10,0,9
1,<environment.Job instance at 0x1477b5817aa0>,1,2,[8 2],3,3,5,0,3
1,<environment.Job instance at 0x1477b5817e10>,2,3,[7 1],4,5,8,1,4
1,<environment.Job instance at 0x1477b5d4ffa0>,3,3,[10  2],7,8,11,1,7
1,<environment.Job instance at 0x1477b583a050>,4,2,[ 1 10],8,11,13,3,8
1,<environment.Job instance at 0x1477b583a730>,5,3,[2 9],9,13,16,4,9
1,<environment.Job instance at 0x1477b583a960>,1,14,[7 2],2,2,16,0,2
1,<environment.Job instance at 0x1477d40e5f00>,6,3,[2 5],8,8,11,0,8
1,<environment.Job instance at 0x1477ddc9dbe0>,1,2,[10  2],3,3,5,0,3
1,<environment.Job instance at 0x1477b5cdff00>,5,3,[2 5],8,9,12,1,9
1,<environment.Job instance at 0x1477d94a86e0>,0,1,[1 6],1,2,3,1,2
1,<environment.Job instance at 0x1477b5cdfaa0>,2,1,[1 7],4,4,5,0,4
1,<environment.Job instance at 0x1477d94a8050>,3,3,[2 6],5,5,8,0,5
1,<environment.Job instance at 0x1477b5bef6e0>,4,1,[5 1],6,6,7,0,6
1,<environment.Job instance at 0x1477b5bef820>,5,3,[1 7],7,8,11,1,7
1,<environment.Job instance at 0x1477b5cdf6e0>,1,16,[ 2 10],2,15,31,13,15
1,<environment.Job instance at 0x1477de601be0>,2,3,[6 1],4,11,14,7,11
1,<environment.Job instance at 0x1477de601500>,3,2,[8 1],5,137,139,132,137
1,<environment.Job instance at 0x1477b5f02730>,0,3,[2 5],1,1,4,0,1
1,<environment.Job instance at 0x1477b5f02320>,1,1,[2 5],2,2,3,0,2
1,<environment.Job instance at 0x1477dfc2f410>,2,2,[8 2],3,4,6,1,4
1,<environment.Job instance at 0x1477b5f02910>,4,3,[9 2],8,8,11,0,8
1,<environment.Job instance at 0x1477b5ee0eb0>,2,3,[7 2],4,4,7,0,4
1,<environment.Job instance at 0x1477b5236640>,3,3,[ 1 10],5,7,10,2,5
1,<environment.Job instance at 0x1477d71760f0>,4,2,[1 8],7,10,12,3,7
1,<environment.Job instance at 0x1477b5751a50>,5,3,[9 2],8,10,13,2,8
1,<environment.Job instance at 0x1477b580faa0>,1,3,[8 2],3,3,6,0,3
1,<environment.Job instance at 0x1477d89a9c80>,3,15,[1 7],6,6,21,0,6
1,<environment.Job instance at 0x1477d7152d20>,5,1,[1 8],8,21,22,13,8
1,<environment.Job instance at 0x1477de61ce10>,4,15,[1 8],8,34,49,26,34
1,<environment.Job instance at 0x1477d94c9aa0>,1,2,[7 1],3,3,5,0,3
1,<environment.Job instance at 0x1477d955b5f0>,3,3,[2 5],7,12,15,5,12
1,<environment.Job instance at 0x1477d955ba00>,4,3,[1 7],8,21,24,13,21
1,<environment.Job instance at 0x1477d955b960>,4,15,[1 5],6,6,21,0,6
1,<environment.Job instance at 0x1477b5e765f0>,5,25,[6 2],7,7,32,0,7
1,<environment.Job instance at 0x1477b5e76410>,6,18,[1 6],8,21,39,13,10
1,<environment.Job instance at 0x1477b5e76780>,7,19,[2 9],9,73,92,64,73
1,<environment.Job instance at 0x1477b5eae0f0>,1,2,[ 2 10],2,2,4,0,2
1,<environment.Job instance at 0x1477d6ebd050>,3,2,[1 9],4,4,6,0,4
1,<environment.Job instance at 0x1477d6ebddc0>,4,2,[2 7],6,6,8,0,6
1,<environment.Job instance at 0x1477d6ebd230>,5,2,[8 2],7,7,9,0,7
1,<environment.Job instance at 0x1477d6ebd280>,0,2,[2 8],2,3,5,1,3
1,<environment.Job instance at 0x1477b5e5cc30>,1,1,[2 7],3,16,17,13,16
1,<environment.Job instance at 0x1477d6ebd8c0>,4,1,[1 5],9,29,30,20,29
1,<environment.Job instance at 0x1477b5dafaa0>,1,1,[1 7],4,5,6,1,5
1,<environment.Job instance at 0x1477b5daf230>,3,17,[9 2],6,7,24,1,7
1,<environment.Job instance at 0x1477d9840c80>,1,1,[ 2 10],2,3,4,1,3
1,<environment.Job instance at 0x1477b5b0c280>,3,1,[2 9],5,5,6,0,5
1,<environment.Job instance at 0x1477b5bdf230>,4,18,[9 1],6,6,24,0,6
1,<environment.Job instance at 0x1477d88f8820>,0,1,[2 9],1,1,2,0,1
1,<environment.Job instance at 0x1477d97f31e0>,0,3,[2 9],2,2,5,0,2
1,<environment.Job instance at 0x1477b5850e10>,1,1,[10  2],3,5,6,2,5
1,<environment.Job instance at 0x1477d718dfa0>,2,1,[2 7],5,6,7,1,6
1,<environment.Job instance at 0x1477d716d780>,1,12,[ 2 10],3,30,42,27,30
1,<environment.Job instance at 0x1477d7105820>,1,1,[9 1],2,2,3,0,2
1,<environment.Job instance at 0x1477d7105f00>,3,3,[7 1],8,8,11,0,8
1,<environment.Job instance at 0x1477b5568af0>,1,3,[7 2],4,4,7,0,4
1,<environment.Job instance at 0x1477d71056e0>,0,2,[5 1],2,7,9,5,4
1,<environment.Job instance at 0x1477b521e690>,2,3,[5 1],6,8,11,2,8
1,<environment.Job instance at 0x1477de59da00>,4,3,[1 8],9,9,12,0,9
1,<environment.Job instance at 0x1477b51cfe10>,2,1,[5 2],5,5,6,0,5
1,<environment.Job instance at 0x1477b51cfa00>,3,2,[2 5],7,7,9,0,7
1,<environment.Job instance at 0x1477b51cfe60>,1,3,[1 5],3,3,6,0,3
1,<environment.Job instance at 0x1477d8ac2370>,3,3,[2 8],5,6,9,1,5
1,<environment.Job instance at 0x1477b51cf280>,5,24,[1 6],7,35,59,28,35
1,<environment.Job instance at 0x1477de661910>,1,3,[8 1],3,3,6,0,3
1,<environment.Job instance at 0x1477de6617d0>,5,13,[9 2],9,9,22,0,9
1,<environment.Job instance at 0x1477ddb90a00>,1,1,[ 1 10],3,3,4,0,3
1,<environment.Job instance at 0x1477ddb90c80>,3,17,[2 6],5,81,98,76,81
1,<environment.Job instance at 0x1477d889daf0>,2,1,[9 2],8,9,10,1,9
1,<environment.Job instance at 0x1477d40a6dc0>,3,18,[2 7],9,18,36,9,18
1,<environment.Job instance at 0x1477b5e74140>,1,15,[2 8],3,36,51,33,36
1,<environment.Job instance at 0x1477d8b2e460>,0,2,[10  2],1,2,4,1,2
1,<environment.Job instance at 0x1477d8b3d050>,1,3,[1 7],2,273,276,271,273
1,<environment.Job instance at 0x1477b5d48aa0>,1,2,[10  2],2,5,7,3,5
1,<environment.Job instance at 0x1477b5e26eb0>,6,26,[5 1],7,8,34,1,8
1,<environment.Job instance at 0x1477b5e26050>,8,2,[5 2],9,9,11,0,9
1,<environment.Job instance at 0x1477b5ee98c0>,0,3,[7 1],1,1,4,0,1
1,<environment.Job instance at 0x1477b5e26960>,1,1,[8 2],2,4,5,2,2
1,<environment.Job instance at 0x1477d7153230>,4,3,[2 8],9,9,12,0,9
1,<environment.Job instance at 0x1477b5881820>,1,1,[10  2],2,2,3,0,2
1,<environment.Job instance at 0x1477b5881cd0>,0,1,[9 1],2,2,3,0,2
1,<environment.Job instance at 0x1477d946c410>,2,1,[8 1],4,4,5,0,4
1,<environment.Job instance at 0x1477b566eaf0>,4,2,[6 1],7,8,10,1,8
1,<environment.Job instance at 0x1477b5d320f0>,2,2,[2 7],3,3,5,0,3
1,<environment.Job instance at 0x1477b5d32e10>,4,2,[9 1],5,5,7,0,5
1,<environment.Job instance at 0x1477b5d326e0>,6,3,[2 7],9,9,12,0,9
1,<environment.Job instance at 0x1477b5bc66e0>,5,2,[9 2],8,12,14,4,9
1,<environment.Job instance at 0x1477b5d32280>,1,1,[2 9],5,6,7,1,6
1,<environment.Job instance at 0x1477b5c621e0>,2,1,[1 8],6,124,125,118,124
1,<environment.Job instance at 0x1477de50f870>,0,3,[10  1],2,2,5,0,2
1,<environment.Job instance at 0x1477b5f3bc80>,3,3,[1 6],5,5,8,0,5
1,<environment.Job instance at 0x1477d6c70b90>,5,1,[2 5],7,8,9,1,7
1,<environment.Job instance at 0x1477b5537320>,6,24,[1 7],8,9,33,1,8
1,<environment.Job instance at 0x1477b5537730>,7,1,[5 1],9,9,10,0,9
1,<environment.Job instance at 0x1477b5537d20>,2,16,[9 1],5,5,21,0,5
1,<environment.Job instance at 0x1477b5cf35f0>,0,2,[ 2 10],1,3,5,2,3
1,<environment.Job instance at 0x1477de631780>,1,16,[2 6],7,8,24,1,8
1,<environment.Job instance at 0x1477de627280>,1,2,[9 1],3,3,5,0,3
1,<environment.Job instance at 0x1477de627230>,3,13,[8 2],7,7,20,0,7
1,<environment.Job instance at 0x1477d40b9500>,2,2,[2 8],4,6,8,2,6
1,<environment.Job instance at 0x1477dfb76190>,1,1,[7 1],2,4,5,2,4
1,<environment.Job instance at 0x1477d718e9b0>,0,2,[2 7],1,1,3,0,1
1,<environment.Job instance at 0x1477d4082e10>,1,2,[1 8],2,3,5,1,3
1,<environment.Job instance at 0x1477d718e730>,3,18,[1 9],4,6,24,2,6
1,<environment.Job instance at 0x1477d718ec30>,6,1,[1 9],8,24,25,16,8
1,<environment.Job instance at 0x1477b547b640>,2,17,[1 9],3,5,22,2,5
1,<environment.Job instance at 0x1477d8a22910>,1,3,[2 8],2,2,5,0,2
1,<environment.Job instance at 0x1477d6c73af0>,3,3,[7 2],7,7,10,0,7
1,<environment.Job instance at 0x1477b52435a0>,0,2,[2 8],2,3,5,1,3
1,<environment.Job instance at 0x1477d8b0ba00>,1,3,[6 2],6,6,9,0,6
1,<environment.Job instance at 0x1477d6c73e10>,2,2,[2 9],7,9,11,2,7
1,<environment.Job instance at 0x1477b5ee3500>,1,3,[2 8],2,2,5,0,2
1,<environment.Job instance at 0x1477b5ee3550>,2,12,[1 7],3,16,28,13,16
1,<environment.Job instance at 0x1477b5680b90>,1,3,[10  2],4,4,7,0,4
1,<environment.Job instance at 0x1477b5680460>,2,3,[2 8],5,7,10,2,5
1,<environment.Job instance at 0x1477b56803c0>,6,25,[2 9],9,10,35,1,9
1,<environment.Job instance at 0x1477b5d51b90>,0,2,[5 2],2,2,4,0,2
1,<environment.Job instance at 0x1477d893a410>,0,3,[7 2],1,1,4,0,1
1,<environment.Job instance at 0x1477d893a370>,1,1,[9 2],4,4,5,0,4
1,<environment.Job instance at 0x1477b5eec3c0>,1,1,[2 6],4,4,5,0,4
1,<environment.Job instance at 0x1477b5eec6e0>,3,17,[1 9],6,6,23,0,6
1,<environment.Job instance at 0x1477b5eaf690>,0,1,[8 2],3,3,4,0,3
1,<environment.Job instance at 0x1477d8b20280>,1,1,[8 1],4,5,6,1,5
1,<environment.Job instance at 0x1477b5eafe60>,3,12,[2 7],8,8,20,0,8
1,<environment.Job instance at 0x1477b5eaf7d0>,4,3,[2 7],9,20,23,11,9
1,<environment.Job instance at 0x1477d8b20640>,2,15,[2 6],5,23,38,18,12
1,<environment.Job instance at 0x1477d89c0c80>,1,2,[1 8],3,3,5,0,3
1,<environment.Job instance at 0x1477d40a81e0>,3,1,[8 2],5,364,365,359,364
1,<environment.Job instance at 0x1477d9409320>,1,3,[8 2],2,2,5,0,2
1,<environment.Job instance at 0x1477d88de690>,4,3,[1 8],6,6,9,0,6
1,<environment.Job instance at 0x1477d88dea00>,6,3,[6 2],9,9,12,0,9
1,<environment.Job instance at 0x1477d88e10f0>,0,3,[1 9],2,2,5,0,2
1,<environment.Job instance at 0x1477d88e1230>,1,3,[1 9],4,5,8,1,4
1,<environment.Job instance at 0x1477d88d01e0>,3,3,[1 5],8,8,11,0,8
1,<environment.Job instance at 0x1477b5cd3410>,1,3,[7 2],2,2,5,0,2
1,<environment.Job instance at 0x1477d88d0b40>,2,18,[1 8],3,16,34,13,16
1,<environment.Job instance at 0x1477d97f9780>,1,1,[6 1],3,5,6,2,5
1,<environment.Job instance at 0x1477b585d0f0>,2,3,[5 2],4,6,9,2,5
1,<environment.Job instance at 0x1477d7149a00>,0,3,[7 1],1,1,4,0,1
1,<environment.Job instance at 0x1477d9812910>,3,2,[10  2],5,5,7,0,5
1,<environment.Job instance at 0x1477d9812c80>,2,3,[5 1],4,7,10,3,6
1,<environment.Job instance at 0x1477b5687e10>,0,3,[1 6],1,1,4,0,1
1,<environment.Job instance at 0x1477b5e74820>,2,3,[7 2],3,3,6,0,3
1,<environment.Job instance at 0x1477b5c42fa0>,4,28,[1 6],7,7,35,0,7
1,<environment.Job instance at 0x1477d8b1c960>,6,16,[8 2],9,9,25,0,9
1,<environment.Job instance at 0x1477b5db31e0>,4,3,[ 2 10],9,9,12,0,9
1,<environment.Job instance at 0x1477ddbbdcd0>,3,3,[ 1 10],4,5,8,1,5
1,<environment.Job instance at 0x1477ddbbdaf0>,5,17,[2 6],6,148,165,142,148
1,<environment.Job instance at 0x1477b5ac4410>,0,3,[9 2],2,3,6,1,3
1,<environment.Job instance at 0x1477de607410>,2,3,[7 2],4,6,9,2,4
1,<environment.Job instance at 0x1477d409cd20>,0,2,[9 1],1,1,3,0,1
1,<environment.Job instance at 0x1477b59626e0>,1,2,[7 1],3,3,5,0,3
1,<environment.Job instance at 0x1477d97d7af0>,2,3,[8 1],5,5,8,0,5
1,<environment.Job instance at 0x1477df510b90>,1,3,[1 5],5,5,8,0,5
1,<environment.Job instance at 0x1477b5fbb730>,3,2,[1 6],7,8,10,1,7
1,<environment.Job instance at 0x1477b5fbbc80>,4,18,[10  1],8,10,28,2,8
1,<environment.Job instance at 0x1477df510140>,2,19,[2 8],6,28,47,22,21
1,<environment.Job instance at 0x1477b5595d20>,2,2,[1 9],3,3,5,0,3
1,<environment.Job instance at 0x1477e077d640>,0,1,[2 7],2,2,3,0,2
1,<environment.Job instance at 0x1477de61c550>,2,2,[8 2],5,5,7,0,5
1,<environment.Job instance at 0x1477de61cfa0>,4,2,[1 7],7,16,18,9,16
1,<environment.Job instance at 0x1477b5e47f50>,0,1,[7 1],1,3,4,2,3
1,<environment.Job instance at 0x1477b5e47960>,3,2,[9 1],7,7,9,0,7
1,<environment.Job instance at 0x1477b5e47e60>,1,2,[6 2],2,3,5,1,3
1,<environment.Job instance at 0x1477b5e47dc0>,3,3,[7 2],4,5,8,1,4
1,<environment.Job instance at 0x1477b542c0a0>,2,1,[7 1],3,8,9,5,7
1,<environment.Job instance at 0x1477b566a500>,5,2,[1 8],9,9,11,0,9
1,<environment.Job instance at 0x1477de6259b0>,0,2,[5 1],2,3,5,1,3
1,<environment.Job instance at 0x1477d88fe2d0>,2,2,[ 2 10],4,5,7,1,4
1,<environment.Job instance at 0x1477d88fe320>,3,3,[9 1],5,7,10,2,5
1,<environment.Job instance at 0x1477d88fe370>,1,16,[2 7],3,154,170,151,154
1,<environment.Job instance at 0x1477d77c3c80>,2,3,[2 9],3,3,6,0,3
1,<environment.Job instance at 0x1477b59fe960>,4,17,[6 2],7,8,25,1,8
1,<environment.Job instance at 0x1477d8872b90>,5,1,[7 2],9,25,26,16,9
1,<environment.Job instance at 0x1477b5e6b3c0>,1,3,[10  1],4,4,7,0,4
1,<environment.Job instance at 0x1477d719ec30>,3,2,[1 6],6,1913,1915,1907,1913
1,<environment.Job instance at 0x1477b5db9af0>,0,3,[2 5],1,1,4,0,1
1,<environment.Job instance at 0x1477b5db9280>,3,3,[8 2],4,7,10,3,7
1,<environment.Job instance at 0x1477b59907d0>,6,15,[5 2],8,10,25,2,9
1,<environment.Job instance at 0x1477d94fefa0>,0,1,[1 5],1,1,2,0,1
1,<environment.Job instance at 0x1477d94fea00>,4,3,[10  2],8,8,11,0,8
1,<environment.Job instance at 0x1477d94fe5a0>,2,2,[1 6],4,11,13,7,9
1,<environment.Job instance at 0x1477d94fe0a0>,5,14,[10  1],9,21,35,12,21
1,<environment.Job instance at 0x1477b5d520f0>,0,1,[8 2],2,2,3,0,2
1,<environment.Job instance at 0x1477d94fe5f0>,1,2,[2 6],3,3,5,0,3
1,<environment.Job instance at 0x1477d40a3cd0>,2,2,[2 9],4,5,7,1,4
1,<environment.Job instance at 0x1477d40a3c80>,3,3,[7 2],5,7,10,2,5
1,<environment.Job instance at 0x1477d978dd70>,5,2,[7 2],7,10,12,3,7
1,<environment.Job instance at 0x1477d94fe0a0>,6,2,[10  1],8,12,14,4,8
1,<environment.Job instance at 0x1477d9783730>,0,2,[1 9],1,1,3,0,1
1,<environment.Job instance at 0x1477d9783780>,1,1,[7 1],3,4,5,1,4
1,<environment.Job instance at 0x1477b5a6af50>,4,2,[6 2],6,6,8,0,6
1,<environment.Job instance at 0x1477b5a6a410>,5,1,[5 2],7,8,9,1,7
1,<environment.Job instance at 0x1477b5a6a3c0>,6,3,[8 1],8,9,12,1,8
1,<environment.Job instance at 0x1477b5dd40a0>,7,1,[2 6],9,9,10,0,9
1,<environment.Job instance at 0x1477b5a6a460>,2,2,[1 5],4,10,12,6,9
1,<environment.Job instance at 0x1477b5a6a460>,2,2,[2 6],7,7,9,0,7
1,<environment.Job instance at 0x1477b5a55be0>,3,12,[10  1],8,10,22,2,10
1,<environment.Job instance at 0x1477b5a55640>,1,15,[2 8],3,22,37,19,18
1,<environment.Job instance at 0x1477e08882d0>,1,1,[7 1],2,5,6,3,5
1,<environment.Job instance at 0x1477b5f29320>,4,2,[8 1],7,7,9,0,7
1,<environment.Job instance at 0x1477b5f29b90>,5,3,[10  2],9,9,12,0,9
1,<environment.Job instance at 0x1477b5f6ebe0>,0,2,[6 1],1,1,3,0,1
1,<environment.Job instance at 0x1477b5f6e7d0>,2,3,[1 8],4,4,7,0,4
1,<environment.Job instance at 0x1477b547b280>,1,1,[7 1],2,2,3,0,2
1,<environment.Job instance at 0x1477b547b3c0>,2,3,[7 1],3,3,6,0,3
1,<environment.Job instance at 0x1477b547b5f0>,4,1,[5 1],6,6,7,0,6
1,<environment.Job instance at 0x1477b5adae10>,6,1,[6 2],8,8,9,0,8
1,<environment.Job instance at 0x1477de5a3a50>,7,3,[10  2],9,9,12,0,9
1,<environment.Job instance at 0x1477b524b0a0>,0,3,[7 1],1,1,4,0,1
1,<environment.Job instance at 0x1477b569af00>,1,3,[1 5],2,2,5,0,2
1,<environment.Job instance at 0x1477b5adaa00>,3,23,[5 1],4,6,29,2,6
1,<environment.Job instance at 0x1477d8989af0>,5,3,[10  2],7,29,32,22,9
1,<environment.Job instance at 0x1477d7138be0>,1,13,[1 8],2,13,26,11,13
1,<environment.Job instance at 0x1477b569aa00>,6,13,[5 2],8,13,26,5,13
1,<environment.Job instance at 0x1477b569a960>,7,15,[9 2],9,26,41,17,13
1,<environment.Job instance at 0x1477d7138c30>,2,13,[1 5],3,55,68,52,55
1,<environment.Job instance at 0x1477d7138820>,4,1,[6 1],6,6,7,0,6
1,<environment.Job instance at 0x1477b5e37230>,5,3,[6 1],8,8,11,0,8
1,<environment.Job instance at 0x1477b5e37320>,6,1,[1 6],9,9,10,0,9
1,<environment.Job instance at 0x1477b5bb7640>,3,2,[7 2],6,6,8,0,6
1,<environment.Job instance at 0x1477b5bb7410>,2,17,[8 1],5,8,25,3,8
1,<environment.Job instance at 0x1477b5ebd550>,5,2,[5 2],9,25,27,16,9
1,<environment.Job instance at 0x1477b5e37320>,4,16,[2 6],8,76,92,68,76
1,<environment.Job instance at 0x1477d8917820>,1,14,[2 9],3,22,36,19,22
1,<environment.Job instance at 0x1477b52553c0>,3,3,[9 2],4,4,7,0,4
1,<environment.Job instance at 0x1477b52e1a00>,5,13,[9 2],6,7,20,1,6
1,<environment.Job instance at 0x1477b52e1820>,4,18,[1 8],5,8,26,3,8
1,<environment.Job instance at 0x1477b5ee2e10>,8,3,[2 5],9,26,29,17,9
1,<environment.Job instance at 0x1477daab18c0>,0,1,[1 7],1,1,2,0,1
1,<environment.Job instance at 0x1477daab1fa0>,2,1,[1 9],3,8,9,5,8
1,<environment.Job instance at 0x1477d7138e10>,6,3,[5 1],9,9,12,0,9
1,<environment.Job instance at 0x1477d7138050>,3,3,[2 7],5,114,117,109,114
1,<environment.Job instance at 0x1477b5cbaa50>,1,18,[9 2],2,2,20,0,2
1,<environment.Job instance at 0x1477d946deb0>,0,1,[7 1],1,1,2,0,1
1,<environment.Job instance at 0x1477d946d8c0>,3,2,[ 1 10],4,4,6,0,4
1,<environment.Job instance at 0x1477b598d370>,4,2,[10  2],6,6,8,0,6
1,<environment.Job instance at 0x1477b5874dc0>,6,2,[2 5],8,8,10,0,8
1,<environment.Job instance at 0x1477b576e230>,1,3,[10  2],3,3,6,0,3
1,<environment.Job instance at 0x1477b576e820>,2,12,[5 1],4,6,18,2,4
1,<environment.Job instance at 0x1477b567e1e0>,3,1,[7 2],9,18,19,9,9
1,<environment.Job instance at 0x1477b567e1e0>,2,3,[2 8],7,7,10,0,7
1,<environment.Job instance at 0x1477b5a40050>,3,2,[2 8],9,10,12,1,9
1,<environment.Job instance at 0x1477d7198dc0>,0,1,[ 1 10],1,1,2,0,1
1,<environment.Job instance at 0x1477d7198690>,1,1,[10  2],2,2,3,0,2
1,<environment.Job instance at 0x1477d8a2f4b0>,3,3,[1 7],5,5,8,0,5
1,<environment.Job instance at 0x1477b596c460>,1,1,[7 2],4,4,5,0,4
1,<environment.Job instance at 0x1477b596caa0>,2,3,[2 5],5,6,9,1,6
1,<environment.Job instance at 0x1477b596c140>,4,3,[10  1],8,9,12,1,8
1,<environment.Job instance at 0x1477d89176e0>,5,21,[2 6],9,12,33,3,10
1,<environment.Job instance at 0x1477b5d233c0>,2,2,[1 7],7,7,9,0,7
1,<environment.Job instance at 0x1477b5d23b40>,3,3,[10  2],8,9,12,1,8
1,<environment.Job instance at 0x1477b5d23b40>,1,2,[2 6],3,3,5,0,3
1,<environment.Job instance at 0x1477b55eca50>,3,13,[7 2],5,5,18,0,5
1,<environment.Job instance at 0x1477ddc8caa0>,2,2,[8 2],4,18,20,14,6
1,<environment.Job instance at 0x1477dc733aa0>,4,1,[1 8],9,9,10,0,9
1,<environment.Job instance at 0x1477d718dc30>,0,1,[1 8],1,1,2,0,1
1,<environment.Job instance at 0x1477d718d550>,1,1,[1 7],3,4,5,1,4
1,<environment.Job instance at 0x1477d718df50>,2,3,[2 8],4,5,8,1,5
1,<environment.Job instance at 0x1477d718d500>,6,3,[7 2],9,9,12,0,9
1,<environment.Job instance at 0x1477d718da00>,0,1,[9 2],2,3,4,1,3
1,<environment.Job instance at 0x1477d718de60>,1,1,[5 1],5,8,9,3,8
1,<environment.Job instance at 0x1477d77bccd0>,2,2,[5 2],6,8,10,2,8
1,<environment.Job instance at 0x1477b5716d70>,1,2,[10  2],3,3,5,0,3
1,<environment.Job instance at 0x1477b572df50>,3,1,[6 1],5,5,6,0,5
1,<environment.Job instance at 0x1477b523bc30>,0,1,[1 6],2,2,3,0,2
1,<environment.Job instance at 0x1477d8991eb0>,1,2,[2 7],6,6,8,0,6
1,<environment.Job instance at 0x1477b5c6f2d0>,3,1,[1 8],9,9,10,0,9
1,<environment.Job instance at 0x1477b5c6f050>,1,2,[10  2],2,2,4,0,2
1,<environment.Job instance at 0x1477b5c6f7d0>,2,1,[5 2],3,4,5,1,3
1,<environment.Job instance at 0x1477b5c6f2d0>,3,15,[1 9],5,5,20,0,5
1,<environment.Job instance at 0x1477d4086b40>,1,2,[10  1],2,2,4,0,2
1,<environment.Job instance at 0x1477d4086be0>,4,2,[6 1],6,6,8,0,6
1,<environment.Job instance at 0x1477b5678280>,5,2,[2 6],7,7,9,0,7
1,<environment.Job instance at 0x1477b56789b0>,6,1,[10  1],8,9,10,1,8
1,<environment.Job instance at 0x1477b5678320>,7,2,[2 5],9,10,12,1,9
1,<environment.Job instance at 0x1477d40860a0>,1,1,[8 1],3,4,5,1,4
1,<environment.Job instance at 0x1477b5aa1f50>,3,2,[1 8],5,5,7,0,5
1,<environment.Job instance at 0x1477d4086dc0>,4,1,[1 6],6,7,8,1,6
1,<environment.Job instance at 0x1477d89e2e60>,5,3,[7 2],8,8,11,0,8
1,<environment.Job instance at 0x1477d89e21e0>,2,14,[2 6],4,21,35,17,21
1,<environment.Job instance at 0x1477b5aa22d0>,2,16,[10  2],4,4,20,0,4
1,<environment.Job instance at 0x1477d8991aa0>,0,16,[1 5],1,2,18,1,2
1,<environment.Job instance at 0x1477d716a230>,1,3,[8 1],2,3,6,1,3
1,<environment.Job instance at 0x1477d77bb7d0>,3,2,[10  1],6,18,20,12,6
1,<environment.Job instance at 0x1477d7104460>,1,1,[8 1],3,3,4,0,3
1,<environment.Job instance at 0x1477d71045a0>,3,1,[ 2 10],7,7,8,0,7
1,<environment.Job instance at 0x1477d7104230>,4,1,[7 1],8,8,9,0,8
1,<environment.Job instance at 0x1477b58abdc0>,5,3,[10  2],9,9,12,0,9
1,<environment.Job instance at 0x1477b5874230>,3,14,[2 9],6,15,29,9,15
1,<environment.Job instance at 0x1477b5f2f960>,1,3,[9 1],2,2,5,0,2
1,<environment.Job instance at 0x1477b5f2feb0>,3,2,[9 1],4,6,8,2,6
1,<environment.Job instance at 0x1477de5dd410>,4,2,[2 5],8,11,13,3,11
1,<environment.Job instance at 0x1477d6eceeb0>,5,3,[2 9],9,56,59,47,56
1,<environment.Job instance at 0x1477b5961b90>,1,3,[5 1],2,2,5,0,2
1,<environment.Job instance at 0x1477d97f95a0>,3,1,[1 5],4,5,6,1,5
1,<environment.Job instance at 0x1477d6eceeb0>,4,3,[7 1],7,7,10,0,7
1,<environment.Job instance at 0x1477de67c9b0>,5,1,[2 6],8,8,9,0,8
1,<environment.Job instance at 0x1477de67caa0>,6,1,[1 5],9,9,10,0,9
1,<environment.Job instance at 0x1477de65f370>,1,2,[2 6],2,2,4,0,2
1,<environment.Job instance at 0x1477de65f410>,0,1,[6 2],1,2,3,1,2
1,<environment.Job instance at 0x1477d8932d20>,3,3,[6 2],4,4,7,0,4
1,<environment.Job instance at 0x1477d8932500>,4,2,[5 1],5,7,9,2,5
1,<environment.Job instance at 0x1477d8932d70>,7,3,[7 2],8,9,12,1,8
1,<environment.Job instance at 0x1477d8b7aaa0>,8,2,[8 1],9,12,14,3,9
1,<environment.Job instance at 0x1477b57544b0>,1,3,[7 2],2,2,5,0,2
1,<environment.Job instance at 0x1477b5754320>,2,1,[9 1],4,5,6,1,4
1,<environment.Job instance at 0x1477b5754870>,3,14,[1 7],5,5,19,0,5
1,<environment.Job instance at 0x1477d980d050>,0,3,[9 1],1,1,4,0,1
1,<environment.Job instance at 0x1477d8929690>,2,3,[2 9],5,5,8,0,5
1,<environment.Job instance at 0x1477d8929550>,1,1,[9 1],3,8,9,5,6
1,<environment.Job instance at 0x1477d8929b40>,3,13,[2 5],6,9,22,3,6
1,<environment.Job instance at 0x1477d8929500>,4,3,[1 6],7,22,25,15,7
1,<environment.Job instance at 0x1477d8929eb0>,5,2,[6 1],9,9,11,0,9
1,<environment.Job instance at 0x1477b5b6ffa0>,0,3,[9 2],2,2,5,0,2
1,<environment.Job instance at 0x1477d6c64f00>,2,1,[6 2],4,5,6,1,4
1,<environment.Job instance at 0x1477d6c647d0>,3,1,[2 9],8,8,9,0,8
1,<environment.Job instance at 0x1477d98635a0>,1,3,[8 1],4,4,7,0,4
1,<environment.Job instance at 0x1477d8915cd0>,1,1,[2 8],4,4,5,0,4
1,<environment.Job instance at 0x1477d8915d70>,2,2,[2 7],6,6,8,0,6
1,<environment.Job instance at 0x1477d8915730>,4,14,[7 1],8,8,22,0,8
1,<environment.Job instance at 0x1477b5d68f50>,5,3,[7 2],9,22,25,13,9
1,<environment.Job instance at 0x1477b5d68050>,2,3,[2 5],3,3,6,0,3
1,<environment.Job instance at 0x1477d955a780>,3,3,[10  1],5,6,9,1,5
1,<environment.Job instance at 0x1477d955a1e0>,4,18,[7 2],6,9,27,3,6
1,<environment.Job instance at 0x1477d955a910>,5,1,[2 9],7,27,28,20,7
1,<environment.Job instance at 0x1477b51d8d20>,1,3,[9 1],4,4,7,0,4
1,<environment.Job instance at 0x1477d8869910>,1,1,[6 1],3,3,4,0,3
1,<environment.Job instance at 0x1477d8869320>,2,3,[1 6],4,4,7,0,4
1,<environment.Job instance at 0x1477b5b6f140>,3,3,[ 2 10],5,7,10,2,5
1,<environment.Job instance at 0x1477b5b6fd70>,5,1,[9 2],7,10,11,3,7
1,<environment.Job instance at 0x1477b5b6f410>,6,3,[7 2],9,11,14,2,9
1,<environment.Job instance at 0x1477d8ae6e10>,0,3,[6 2],2,2,5,0,2
1,<environment.Job instance at 0x1477ddbc1870>,4,2,[6 2],9,12,14,3,12
1,<environment.Job instance at 0x1477d89aaa00>,1,2,[5 2],6,7,9,1,7
1,<environment.Job instance at 0x1477b58ce820>,0,1,[1 6],1,1,2,0,1
1,<environment.Job instance at 0x1477b58ce050>,2,3,[1 5],5,6,9,1,6
1,<environment.Job instance at 0x1477b58ce4b0>,4,3,[9 2],7,7,10,0,7
1,<environment.Job instance at 0x1477de5520f0>,6,1,[10  2],9,10,11,1,9
1,<environment.Job instance at 0x1477b58cea50>,3,15,[2 5],6,11,26,5,11
1,<environment.Job instance at 0x1477d95581e0>,3,3,[10  2],4,4,7,0,4
1,<environment.Job instance at 0x1477de5dd870>,4,2,[8 2],5,7,9,2,5
1,<environment.Job instance at 0x1477d40d0f50>,0,2,[9 1],1,1,3,0,1
1,<environment.Job instance at 0x1477d40d0780>,2,2,[5 2],3,3,5,0,3
1,<environment.Job instance at 0x1477d40d0230>,4,3,[6 2],5,5,8,0,5
1,<environment.Job instance at 0x1477d40d0140>,5,1,[1 6],7,7,8,0,7
1,<environment.Job instance at 0x1477b573d500>,6,1,[9 2],8,8,9,0,8
1,<environment.Job instance at 0x1477b573deb0>,7,3,[1 5],9,9,12,0,9
1,<environment.Job instance at 0x1477b57d3140>,1,3,[2 8],2,8,11,6,8
1,<environment.Job instance at 0x1477b52583c0>,0,2,[ 1 10],2,2,4,0,2
1,<environment.Job instance at 0x1477b5258eb0>,1,3,[7 2],3,4,7,1,3
1,<environment.Job instance at 0x1477d94994b0>,4,28,[6 2],7,7,35,0,7
1,<environment.Job instance at 0x1477b52293c0>,0,3,[2 5],1,1,4,0,1
1,<environment.Job instance at 0x1477b5b6aeb0>,2,1,[1 8],7,7,8,0,7
1,<environment.Job instance at 0x1477b569aaa0>,0,3,[2 7],2,2,5,0,2
1,<environment.Job instance at 0x1477b5686eb0>,3,3,[10  1],8,8,11,0,8
1,<environment.Job instance at 0x1477b56866e0>,4,2,[1 8],9,11,13,2,9
1,<environment.Job instance at 0x1477b5a2ac30>,0,1,[9 2],1,2,3,1,2
1,<environment.Job instance at 0x1477b5a2ab90>,1,13,[1 7],2,3,16,1,3
1,<environment.Job instance at 0x1477b5a2ac80>,3,3,[6 1],5,5,8,0,5
1,<environment.Job instance at 0x1477b5a2af50>,6,3,[1 9],8,16,19,8,8
1,<environment.Job instance at 0x1477b5a2af50>,2,27,[5 1],4,4,31,0,4
1,<environment.Job instance at 0x1477ddca9aa0>,3,2,[8 2],5,31,33,26,5
1,<environment.Job instance at 0x1477b5a2a910>,1,13,[2 9],2,6,19,4,6
1,<environment.Job instance at 0x1477b524b550>,6,3,[ 2 10],8,33,36,25,8
1,<environment.Job instance at 0x1477b524b460>,7,2,[7 2],9,36,38,27,9
1,<environment.Job instance at 0x1477b5db3dc0>,0,3,[10  2],1,1,4,0,1
1,<environment.Job instance at 0x1477b5db3820>,1,3,[7 1],4,4,7,0,4
1,<environment.Job instance at 0x1477b5c94050>,5,1,[6 1],8,62,63,54,62
1,<environment.Job instance at 0x1477b5f55e60>,1,3,[1 8],2,2,5,0,2
1,<environment.Job instance at 0x1477b5c6e910>,2,2,[9 2],5,5,7,0,5
1,<environment.Job instance at 0x1477b5e45f50>,4,1,[2 7],7,7,8,0,7
1,<environment.Job instance at 0x1477d7125be0>,2,3,[1 7],8,14,17,6,14
1,<environment.Job instance at 0x1477b58cdb90>,1,3,[8 2],2,71,74,69,71
1,<environment.Job instance at 0x1477b58cd910>,5,3,[1 6],8,124,127,116,124
1,<environment.Job instance at 0x1477b5da1dc0>,1,2,[10  2],3,3,5,0,3
1,<environment.Job instance at 0x1477b5da1730>,2,2,[8 1],4,5,7,1,5
1,<environment.Job instance at 0x1477b59fe780>,4,1,[8 2],6,7,8,1,6
1,<environment.Job instance at 0x1477b5da1af0>,3,2,[1 7],5,116,118,111,116
1,<environment.Job instance at 0x1477b5da1780>,2,3,[8 1],5,5,8,0,5
1,<environment.Job instance at 0x1477b59fe4b0>,4,1,[1 6],9,9,10,0,9
1,<environment.Job instance at 0x1477b59f20a0>,0,2,[10  1],1,4,6,3,4
1,<environment.Job instance at 0x1477d9432f00>,2,2,[10  1],5,6,8,1,5
1,<environment.Job instance at 0x1477d94324b0>,4,2,[5 1],9,9,11,0,9
1,<environment.Job instance at 0x1477b589ae10>,3,2,[ 2 10],4,4,6,0,4
1,<environment.Job instance at 0x1477b589a0f0>,4,2,[ 2 10],5,6,8,1,5
1,<environment.Job instance at 0x1477b589a960>,5,3,[2 9],8,8,11,0,8
1,<environment.Job instance at 0x1477b589a690>,1,3,[1 7],2,6,9,4,6
1,<environment.Job instance at 0x1477d6c9a3c0>,5,24,[1 5],6,14,38,8,14
1,<environment.Job instance at 0x1477b589ae60>,6,1,[1 6],7,38,39,31,22
1,<environment.Job instance at 0x1477b589a960>,7,17,[1 8],8,39,56,31,27
1,<environment.Job instance at 0x1477d6c9a690>,8,1,[1 6],9,56,57,47,32
1,<environment.Job instance at 0x1477d9484500>,1,22,[1 5],4,4,26,0,4
1,<environment.Job instance at 0x1477b5ec20f0>,3,1,[9 1],6,6,7,0,6
1,<environment.Job instance at 0x1477b5ec23c0>,4,3,[8 2],9,10,13,1,10
1,<environment.Job instance at 0x1477b5ec29b0>,1,12,[2 9],2,2,14,0,2
1,<environment.Job instance at 0x1477b5ec2280>,2,26,[ 1 10],3,14,40,11,14
1,<environment.Job instance at 0x1477b5ada5f0>,1,1,[7 1],2,2,3,0,2
1,<environment.Job instance at 0x1477b5ada7d0>,2,2,[9 1],3,3,5,0,3
1,<environment.Job instance at 0x1477de585e60>,4,12,[1 6],7,25,37,18,25
1,<environment.Job instance at 0x1477b5a559b0>,1,3,[2 5],3,3,6,0,3
1,<environment.Job instance at 0x1477ddba4f50>,2,2,[9 1],4,6,8,2,5
1,<environment.Job instance at 0x1477b5a55370>,3,12,[1 7],5,7,19,2,7
1,<environment.Job instance at 0x1477ddc3a190>,6,13,[8 2],9,9,22,0,9
1,<environment.Job instance at 0x1477d9443eb0>,1,1,[2 5],2,2,3,0,2
1,<environment.Job instance at 0x1477b5bef190>,1,1,[9 2],4,4,5,0,4
1,<environment.Job instance at 0x1477b58e3d20>,2,2,[8 2],6,6,8,0,6
1,<environment.Job instance at 0x1477b5fefeb0>,4,2,[2 7],9,57,59,48,57
1,<environment.Job instance at 0x1477d8a6ee10>,1,27,[2 7],2,2,29,0,2
1,<environment.Job instance at 0x1477de52ef00>,5,1,[ 1 10],8,29,30,21,8
1,<environment.Job instance at 0x1477b58994b0>,2,3,[7 2],7,7,10,0,7
1,<environment.Job instance at 0x1477b5a837d0>,3,3,[2 9],8,10,13,2,8
1,<environment.Job instance at 0x1477b5fe4500>,2,3,[8 1],6,6,9,0,6
1,<environment.Job instance at 0x1477d8a4b050>,3,3,[ 2 10],7,9,12,2,7
1,<environment.Job instance at 0x1477b5fae410>,0,3,[7 1],1,1,4,0,1
1,<environment.Job instance at 0x1477b5fae550>,1,3,[5 1],3,4,7,1,4
1,<environment.Job instance at 0x1477b5fe4eb0>,2,1,[5 2],4,8,9,4,8
1,<environment.Job instance at 0x1477d94432d0>,0,2,[10  2],1,1,3,0,1
1,<environment.Job instance at 0x1477d9443140>,1,2,[2 9],2,3,5,1,2
1,<environment.Job instance at 0x1477d94430f0>,4,3,[2 7],7,7,10,0,7
1,<environment.Job instance at 0x1477d9443d70>,5,1,[ 2 10],8,10,11,2,8
1,<environment.Job instance at 0x1477d94430a0>,6,3,[2 5],9,11,14,2,9
1,<environment.Job instance at 0x1477d9443460>,1,1,[5 1],8,8,9,0,8
1,<environment.Job instance at 0x1477b550f0f0>,2,2,[ 2 10],9,10,12,1,10
1,<environment.Job instance at 0x1477d8928780>,1,1,[9 2],3,3,4,0,3
1,<environment.Job instance at 0x1477b5cc26e0>,1,3,[9 1],2,2,5,0,2
1,<environment.Job instance at 0x1477b5cc24b0>,3,2,[7 2],4,5,7,1,5
1,<environment.Job instance at 0x1477b5c036e0>,5,2,[9 1],7,7,9,0,7
1,<environment.Job instance at 0x1477d8928780>,4,21,[2 7],5,9,30,4,8
1,<environment.Job instance at 0x1477b5c2a140>,1,3,[2 9],5,5,8,0,5
1,<environment.Job instance at 0x1477dfbeaaf0>,0,3,[2 9],1,1,4,0,1
1,<environment.Job instance at 0x1477b5433a00>,4,1,[5 2],6,6,7,0,6
1,<environment.Job instance at 0x1477b5433b40>,5,3,[9 1],7,7,10,0,7
1,<environment.Job instance at 0x1477b54336e0>,6,12,[8 2],8,10,22,2,8
1,<environment.Job instance at 0x1477b54339b0>,7,3,[2 9],9,22,25,13,9
1,<environment.Job instance at 0x1477b5775410>,0,2,[6 2],1,2,4,1,2
1,<environment.Job instance at 0x1477b57757d0>,1,3,[1 8],3,3,6,0,3
1,<environment.Job instance at 0x1477b54339b0>,2,2,[7 1],4,5,7,1,5
1,<environment.Job instance at 0x1477b57753c0>,4,3,[1 7],7,7,10,0,7
1,<environment.Job instance at 0x1477d955be10>,5,1,[8 1],8,8,9,0,8
1,<environment.Job instance at 0x1477b5775f00>,3,15,[2 6],5,338,353,333,338
1,<environment.Job instance at 0x1477b531e550>,1,3,[10  2],4,5,8,1,5
1,<environment.Job instance at 0x1477b55fc9b0>,5,1,[1 9],8,9,10,1,9
1,<environment.Job instance at 0x1477b5bbb280>,3,1,[5 2],7,7,8,0,7
1,<environment.Job instance at 0x1477b5bbb7d0>,4,1,[6 2],8,8,9,0,8
1,<environment.Job instance at 0x1477b58b3e10>,1,13,[1 5],4,4,17,0,4
1,<environment.Job instance at 0x1477b58b3a00>,2,3,[10  2],7,17,20,10,7
1,<environment.Job instance at 0x1477b5990e60>,3,2,[ 2 10],8,20,22,12,8
1,<environment.Job instance at 0x1477daab9780>,3,3,[ 2 10],5,5,8,0,5
1,<environment.Job instance at 0x1477b56550a0>,4,1,[2 9],6,8,9,2,6
1,<environment.Job instance at 0x1477d7153f50>,6,2,[7 1],8,8,10,0,8
1,<environment.Job instance at 0x1477d9472e60>,1,3,[7 2],2,2,5,0,2
1,<environment.Job instance at 0x1477b5d11820>,3,1,[9 1],4,5,6,1,5
1,<environment.Job instance at 0x1477b5d11690>,4,2,[2 6],5,6,8,1,6
1,<environment.Job instance at 0x1477b5851cd0>,6,1,[7 1],7,7,8,0,7
1,<environment.Job instance at 0x1477b586f0f0>,2,3,[2 9],6,6,9,0,6
1,<environment.Job instance at 0x1477b5c5f230>,4,2,[10  1],8,9,11,1,8
1,<environment.Job instance at 0x1477b5c5f4b0>,5,3,[5 1],9,11,14,2,9
1,<environment.Job instance at 0x1477b5d9a1e0>,1,1,[2 8],3,3,4,0,3
1,<environment.Job instance at 0x1477b5e26e10>,2,26,[1 8],4,4,30,0,4
1,<environment.Job instance at 0x1477d94c98c0>,4,3,[8 1],6,6,9,0,6
1,<environment.Job instance at 0x1477b5306550>,1,2,[8 2],2,4,6,2,4
1,<environment.Job instance at 0x1477b5306e60>,3,2,[2 8],5,5,7,0,5
1,<environment.Job instance at 0x1477d94c9b40>,4,2,[1 7],7,8,10,1,8
1,<environment.Job instance at 0x1477e077a870>,2,1,[8 2],6,8,9,2,8
1,<environment.Job instance at 0x1477d7161190>,5,18,[2 8],9,49,67,40,49
1,<environment.Job instance at 0x1477d7161320>,0,2,[8 1],2,2,4,0,2
1,<environment.Job instance at 0x1477b5c0ffa0>,1,3,[1 8],3,3,6,0,3
1,<environment.Job instance at 0x1477b51cf4b0>,3,3,[6 1],5,5,8,0,5
1,<environment.Job instance at 0x1477b5968a00>,5,3,[10  2],7,8,11,1,7
1,<environment.Job instance at 0x1477b5968b40>,6,15,[7 2],9,11,26,2,9
1,<environment.Job instance at 0x1477d71610f0>,2,13,[1 6],3,3,16,0,3
1,<environment.Job instance at 0x1477de52f050>,4,1,[1 6],5,16,17,11,5
1,<environment.Job instance at 0x1477d8989dc0>,2,17,[1 6],5,5,22,0,5
1,<environment.Job instance at 0x1477b5b70a00>,3,18,[1 6],6,22,40,16,11
1,<environment.Job instance at 0x1477d89ef4b0>,0,1,[10  2],2,3,4,1,3
1,<environment.Job instance at 0x1477de537410>,1,2,[1 5],3,5,7,2,5
1,<environment.Job instance at 0x1477de537640>,4,3,[2 5],7,7,10,0,7
1,<environment.Job instance at 0x1477de537780>,6,26,[ 1 10],9,69,95,60,69
1,<environment.Job instance at 0x1477de5378c0>,1,13,[7 1],2,3,16,1,3
1,<environment.Job instance at 0x1477de5984b0>,4,1,[2 8],6,6,7,0,6
1,<environment.Job instance at 0x1477b5cc86e0>,5,1,[ 1 10],7,16,17,9,7
1,<environment.Job instance at 0x1477b5cc84b0>,6,16,[8 2],8,17,33,9,8
1,<environment.Job instance at 0x1477d8b42370>,1,2,[8 2],4,4,6,0,4
1,<environment.Job instance at 0x1477b5481960>,3,17,[5 2],7,12,29,5,12
1,<environment.Job instance at 0x1477ddc030f0>,0,2,[1 7],1,1,3,0,1
1,<environment.Job instance at 0x1477ddc03b90>,2,2,[9 1],6,6,8,0,6
1,<environment.Job instance at 0x1477b59ba190>,4,2,[9 1],8,8,10,0,8
1,<environment.Job instance at 0x1477d8975c30>,0,1,[1 6],1,1,2,0,1
1,<environment.Job instance at 0x1477d8975f50>,3,2,[7 1],4,4,6,0,4
1,<environment.Job instance at 0x1477d8975690>,4,2,[1 6],5,6,8,1,6
1,<environment.Job instance at 0x1477d8975190>,6,3,[10  1],9,9,12,0,9
1,<environment.Job instance at 0x1477b5db3aa0>,3,3,[1 5],4,4,7,0,4
1,<environment.Job instance at 0x1477b5db3050>,4,2,[1 5],5,5,7,0,5
1,<environment.Job instance at 0x1477b5db31e0>,5,1,[6 1],7,7,8,0,7
1,<environment.Job instance at 0x1477b5db3f50>,6,18,[ 2 10],8,8,26,0,8
1,<environment.Job instance at 0x1477dfc1e460>,3,18,[2 9],5,5,23,0,5
1,<environment.Job instance at 0x1477b5db3e10>,4,28,[2 8],6,23,51,17,23
1,<environment.Job instance at 0x1477b5387690>,1,3,[5 1],2,2,5,0,2
1,<environment.Job instance at 0x1477b557a320>,2,2,[ 2 10],3,5,7,2,4
1,<environment.Job instance at 0x1477b557ab90>,3,3,[10  2],4,7,10,3,4
1,<environment.Job instance at 0x1477d8431690>,4,1,[9 1],9,10,11,1,10
1,<environment.Job instance at 0x1477d8af99b0>,0,2,[6 1],1,2,4,1,2
1,<environment.Job instance at 0x1477d8af9d70>,2,1,[1 9],3,3,4,0,3
1,<environment.Job instance at 0x1477d8af90f0>,3,1,[2 5],4,4,5,0,4
1,<environment.Job instance at 0x1477d8af90a0>,1,15,[ 1 10],2,150,165,148,150
1,<environment.Job instance at 0x1477d8af90a0>,1,1,[7 2],4,5,6,1,5
1,<environment.Job instance at 0x1477b5baefa0>,3,2,[2 9],6,7,9,1,7
1,<environment.Job instance at 0x1477ddb8c960>,2,1,[2 7],5,9,10,4,7
1,<environment.Job instance at 0x1477d9475dc0>,6,2,[7 2],9,9,11,0,9
1,<environment.Job instance at 0x1477b5baeb90>,4,3,[5 1],7,40,43,33,40
1,<environment.Job instance at 0x1477b5f4d410>,1,17,[1 6],2,2,19,0,2
1,<environment.Job instance at 0x1477dfb50320>,2,2,[5 1],4,4,6,0,4
1,<environment.Job instance at 0x1477dfb50140>,3,3,[8 2],6,6,9,0,6
1,<environment.Job instance at 0x1477dfb50870>,5,3,[1 9],8,19,22,11,8
1,<environment.Job instance at 0x1477d949c780>,1,2,[8 2],2,2,4,0,2
1,<environment.Job instance at 0x1477b5db8550>,2,2,[2 6],3,4,6,1,4
1,<environment.Job instance at 0x1477d949cfa0>,4,14,[7 2],8,9,23,1,9
1,<environment.Job instance at 0x1477e07721e0>,1,28,[1 8],2,3,31,1,3
1,<environment.Job instance at 0x1477e07722d0>,2,15,[1 8],3,31,46,28,17
1,<environment.Job instance at 0x1477b572f5a0>,4,16,[2 5],7,199,215,192,199
1,<environment.Job instance at 0x1477b5d405f0>,2,3,[10  1],3,3,6,0,3
1,<environment.Job instance at 0x1477b5d40910>,4,3,[10  2],5,6,9,1,5
1,<environment.Job instance at 0x1477b5d40d70>,5,2,[2 9],7,9,11,2,7
1,<environment.Job instance at 0x1477b5233730>,2,3,[ 2 10],3,3,6,0,3
1,<environment.Job instance at 0x1477b5849f00>,1,15,[9 2],2,6,21,4,4
1,<environment.Job instance at 0x1477b5233960>,5,2,[9 1],7,21,23,14,7
1,<environment.Job instance at 0x1477b5233cd0>,6,13,[1 9],8,21,34,13,8
1,<environment.Job instance at 0x1477b5b19140>,0,3,[10  2],1,1,4,0,1
1,<environment.Job instance at 0x1477b52333c0>,2,2,[2 8],5,5,7,0,5
1,<environment.Job instance at 0x1477d8a276e0>,3,18,[10  2],6,11,29,5,11
1,<environment.Job instance at 0x1477d8b4e5a0>,0,3,[1 9],1,1,4,0,1
1,<environment.Job instance at 0x1477d8b4e5f0>,1,3,[10  2],2,4,7,2,2
1,<environment.Job instance at 0x1477b5d6bc80>,6,26,[2 7],9,473,499,464,473
1,<environment.Job instance at 0x1477b55621e0>,1,20,[1 7],2,17,37,15,17
1,<environment.Job instance at 0x1477b55623c0>,5,15,[2 5],7,37,52,30,30
1,<environment.Job instance at 0x1477b5562370>,2,1,[ 2 10],4,4,5,0,4
1,<environment.Job instance at 0x1477df514550>,3,1,[1 9],6,6,7,0,6
1,<environment.Job instance at 0x1477de54c4b0>,4,27,[ 1 10],7,7,34,0,7
1,<environment.Job instance at 0x1477b5ce0190>,1,3,[6 2],2,2,5,0,2
1,<environment.Job instance at 0x1477d711d410>,0,1,[2 8],2,2,3,0,2
1,<environment.Job instance at 0x1477d711d320>,2,2,[1 6],8,8,10,0,8
1,<environment.Job instance at 0x1477d711d910>,3,3,[1 9],9,10,13,1,9
1,<environment.Job instance at 0x1477d982d460>,0,2,[1 5],4,4,6,0,4
1,<environment.Job instance at 0x1477d982d870>,1,3,[10  1],5,6,9,1,5
1,<environment.Job instance at 0x1477d982de60>,2,2,[2 9],7,9,11,2,7
1,<environment.Job instance at 0x1477d8a3f960>,3,1,[8 2],8,11,12,3,8
