iteration,job object,job ID,job Length,job ressource requirement,job enter time,job start time,job finish time,job waiting time,current time
1,<environment.Job instance at 0x1477d6c80b40>,3,1,[6 2],4,4,5,0,4
1,<environment.Job instance at 0x1477d7176b40>,4,2,[8 1],7,18,20,11,18
1,<environment.Job instance at 0x1477d7176190>,5,2,[ 1 10],8,54,56,46,54
1,<environment.Job instance at 0x1477d89025a0>,2,3,[ 1 14],3,92,95,89,92
1,<environment.Job instance at 0x1477d6c83690>,1,17,[6 1],3,3,20,0,3
1,<environment.Job instance at 0x1477d8a0d780>,0,23,[2 5],1,3,26,2,3
1,<environment.Job instance at 0x1477d899c410>,4,2,[ 1 13],7,26,28,19,23
1,<environment.Job instance at 0x1477b5aee3c0>,2,20,[2 8],4,11,31,7,11
1,<environment.Job instance at 0x1477d8b20230>,5,25,[10  2],8,99,124,91,99
1,<environment.Job instance at 0x1477d8b277d0>,0,1,[8 1],1,1,2,0,1
1,<environment.Job instance at 0x1477b58530a0>,5,21,[7 2],7,7,28,0,7
1,<environment.Job instance at 0x1477d8b275f0>,3,25,[12  2],4,443,468,439,443
1,<environment.Job instance at 0x1477b5e54dc0>,0,26,[1 8],1,5,31,4,5
1,<environment.Job instance at 0x1477d8b92960>,5,2,[14  2],9,37,39,28,37
1,<environment.Job instance at 0x1477b5be9960>,2,23,[ 1 13],3,13,36,10,13
1,<environment.Job instance at 0x1477d89a8410>,4,1,[10  2],7,19,20,12,19
1,<environment.Job instance at 0x1477b5be9aa0>,0,21,[2 8],1,36,57,35,28
1,<environment.Job instance at 0x1477b5be9050>,5,22,[1 5],8,76,98,68,76
1,<environment.Job instance at 0x1477b5be9d70>,3,16,[2 5],4,88,104,84,88
1,<environment.Job instance at 0x1477de544aa0>,0,1,[1 9],3,4,5,1,4
1,<environment.Job instance at 0x1477de59f4b0>,1,17,[8 1],4,5,22,1,5
1,<environment.Job instance at 0x1477d945b640>,2,21,[1 5],5,6,27,1,6
1,<environment.Job instance at 0x1477b5795370>,0,1,[13  1],1,1,2,0,1
1,<environment.Job instance at 0x1477b57957d0>,1,1,[1 6],4,4,5,0,4
1,<environment.Job instance at 0x1477d8b2fe60>,5,3,[13  2],8,15,18,7,15
1,<environment.Job instance at 0x1477d8b2f820>,3,24,[ 1 10],6,33,57,27,33
1,<environment.Job instance at 0x1477d8b2fc30>,2,1,[10  1],4,4,5,0,4
1,<environment.Job instance at 0x1477ddbe7820>,4,1,[13  2],7,8,9,1,8
1,<environment.Job instance at 0x1477b5dee1e0>,2,1,[2 5],5,5,6,0,5
1,<environment.Job instance at 0x1477b576f140>,4,17,[1 9],6,6,23,0,6
1,<environment.Job instance at 0x1477d8a4c370>,0,1,[8 2],1,2,3,1,2
1,<environment.Job instance at 0x1477d7103140>,3,24,[ 1 12],7,7,31,0,7
1,<environment.Job instance at 0x1477d8a4caa0>,4,3,[11  2],8,360,363,352,360
1,<environment.Job instance at 0x1477d6c87d20>,5,1,[ 1 13],7,23,24,16,23
1,<environment.Job instance at 0x1477d6c87d20>,4,2,[1 8],6,218,220,212,218
1,<environment.Job instance at 0x1477b5b22b40>,5,3,[1 7],8,966,969,958,966
1,<environment.Job instance at 0x1477b5b222d0>,3,28,[2 8],6,23,51,17,23
1,<environment.Job instance at 0x1477b54745a0>,3,2,[ 2 12],8,21,23,13,21
1,<environment.Job instance at 0x1477b5724c30>,0,2,[ 2 12],1,2,4,1,2
1,<environment.Job instance at 0x1477ddcb9d20>,0,1,[2 9],1,1,2,0,1
1,<environment.Job instance at 0x1477d6c99050>,3,21,[9 2],5,5,26,0,5
1,<environment.Job instance at 0x1477d6c99320>,5,17,[1 6],8,16,33,8,16
1,<environment.Job instance at 0x1477d6c99640>,1,2,[12  1],2,39,41,37,39
1,<environment.Job instance at 0x1477d6c990f0>,4,3,[1 6],6,58,61,52,58
1,<environment.Job instance at 0x1477d406cf00>,6,17,[7 1],9,58,75,49,58
1,<environment.Job instance at 0x1477b5721910>,2,1,[9 1],8,8,9,0,8
1,<environment.Job instance at 0x1477b5498e10>,2,1,[ 1 10],4,4,5,0,4
1,<environment.Job instance at 0x1477d40ac410>,3,2,[1 5],6,7,9,1,7
1,<environment.Job instance at 0x1477ddbac640>,0,22,[1 6],2,2,24,0,2
1,<environment.Job instance at 0x1477ddbac410>,2,2,[14  1],7,20,22,13,20
1,<environment.Job instance at 0x1477d891aa50>,4,1,[2 8],9,23,24,14,23
1,<environment.Job instance at 0x1477d8ad2d20>,1,2,[7 2],4,4,6,0,4
1,<environment.Job instance at 0x1477de50e9b0>,5,23,[7 2],8,9,32,1,9
1,<environment.Job instance at 0x1477d6c7b0f0>,5,2,[6 2],7,910,912,903,910
1,<environment.Job instance at 0x1477d6c7b370>,7,16,[1 7],9,1552,1568,1543,1552
1,<environment.Job instance at 0x1477d6c7ba00>,0,3,[ 1 13],1,8,11,7,8
1,<environment.Job instance at 0x1477d6c7b960>,2,21,[ 2 13],5,306,327,301,306
1,<environment.Job instance at 0x1477b5754b40>,0,1,[1 6],2,2,3,0,2
1,<environment.Job instance at 0x1477b5a55a50>,5,1,[2 5],9,9,10,0,9
1,<environment.Job instance at 0x1477b5fbc6e0>,2,21,[1 6],3,3,24,0,3
1,<environment.Job instance at 0x1477b5fbceb0>,3,21,[7 2],5,6,27,1,6
1,<environment.Job instance at 0x1477d8a3f730>,0,27,[2 6],4,7,34,3,7
1,<environment.Job instance at 0x1477d8a3f3c0>,1,20,[2 7],6,7,27,1,7
1,<environment.Job instance at 0x1477b555e4b0>,6,1,[5 1],9,290,291,281,290
1,<environment.Job instance at 0x1477b5968a50>,1,27,[6 1],4,4,31,0,4
1,<environment.Job instance at 0x1477b5968d70>,3,3,[ 1 13],6,6,9,0,6
1,<environment.Job instance at 0x1477b59681e0>,4,2,[1 6],7,9,11,2,7
1,<environment.Job instance at 0x1477b5968d20>,5,1,[1 9],8,11,12,3,8
1,<environment.Job instance at 0x1477b5204640>,6,25,[1 8],9,12,37,3,9
1,<environment.Job instance at 0x1477b58cd320>,1,2,[ 1 12],3,9,11,6,9
1,<environment.Job instance at 0x1477b52e1500>,4,3,[9 1],7,14,17,7,14
1,<environment.Job instance at 0x1477b52e12d0>,5,16,[9 1],8,29,45,21,29
1,<environment.Job instance at 0x1477b52e1b90>,3,1,[7 2],6,96,97,90,96
1,<environment.Job instance at 0x1477b567e370>,2,2,[ 1 10],4,4,6,0,4
1,<environment.Job instance at 0x1477b567e5a0>,3,3,[10  2],5,5,8,0,5
1,<environment.Job instance at 0x1477b5fbb0a0>,4,2,[2 9],6,6,8,0,6
1,<environment.Job instance at 0x1477de5f5be0>,1,20,[6 1],3,4,24,1,4
1,<environment.Job instance at 0x1477b57f0a00>,6,1,[7 2],9,9,10,0,9
1,<environment.Job instance at 0x1477b5e673c0>,4,26,[9 1],7,19,45,12,19
1,<environment.Job instance at 0x1477b5e67f00>,5,19,[1 6],8,121,140,113,121
1,<environment.Job instance at 0x1477d95469b0>,4,27,[1 7],8,26,53,18,26
1,<environment.Job instance at 0x1477b58e3280>,3,1,[2 6],6,6,7,0,6
1,<environment.Job instance at 0x1477b5b3f320>,5,2,[13  2],9,25,27,16,25
1,<environment.Job instance at 0x1477d97d40f0>,3,2,[1 9],5,5,7,0,5
1,<environment.Job instance at 0x1477b54702d0>,4,2,[1 7],6,6,8,0,6
1,<environment.Job instance at 0x1477b5eec960>,2,1,[2 8],4,4,5,0,4
1,<environment.Job instance at 0x1477b5eec190>,3,1,[8 2],5,5,6,0,5
1,<environment.Job instance at 0x1477b5ab1f50>,3,18,[8 2],6,6,24,0,6
1,<environment.Job instance at 0x1477b5ab19b0>,4,3,[1 6],7,10,13,3,10
1,<environment.Job instance at 0x1477b5ab1a50>,5,16,[1 5],8,15,31,7,15
1,<environment.Job instance at 0x1477b5ccb8c0>,0,3,[ 2 11],3,426,429,423,426
1,<environment.Job instance at 0x1477b52ef0a0>,4,26,[14  2],5,19,45,14,19
1,<environment.Job instance at 0x1477b52ef050>,5,17,[2 9],6,76,93,70,76
1,<environment.Job instance at 0x1477b52ef6e0>,6,2,[13  1],7,444,446,437,444
1,<environment.Job instance at 0x1477d7196050>,2,3,[12  1],3,505,508,502,505
1,<environment.Job instance at 0x1477b54a1fa0>,0,1,[2 8],1,1,2,0,1
1,<environment.Job instance at 0x1477b5edaaa0>,6,19,[5 2],9,9,28,0,9
1,<environment.Job instance at 0x1477d403e370>,0,2,[ 1 12],2,8,10,6,8
1,<environment.Job instance at 0x1477b5ec2b40>,4,1,[7 1],9,9,10,0,9
1,<environment.Job instance at 0x1477d403e190>,3,3,[1 9],5,13,16,8,13
1,<environment.Job instance at 0x1477d403e6e0>,2,2,[1 5],4,13,15,9,13
1,<environment.Job instance at 0x1477d403eb90>,1,3,[ 2 13],3,19,22,16,19
1,<environment.Job instance at 0x1477d6c837d0>,0,1,[7 2],1,2,3,1,2
1,<environment.Job instance at 0x1477d6c83870>,2,2,[5 2],3,3,5,0,3
1,<environment.Job instance at 0x1477dfb523c0>,1,1,[6 2],2,2,3,0,2
1,<environment.Job instance at 0x1477d6c940f0>,2,2,[1 5],3,3,5,0,3
1,<environment.Job instance at 0x1477b5e2e820>,3,1,[1 7],4,4,5,0,4
1,<environment.Job instance at 0x1477b5a59c80>,6,1,[1 9],8,8,9,0,8
1,<environment.Job instance at 0x1477d8441870>,7,1,[2 5],9,9,10,0,9
1,<environment.Job instance at 0x1477d843c2d0>,1,1,[2 8],3,4,5,1,4
1,<environment.Job instance at 0x1477b5562500>,1,1,[ 1 14],2,3,4,1,3
1,<environment.Job instance at 0x1477b547afa0>,3,2,[2 6],4,4,6,0,4
1,<environment.Job instance at 0x1477d9555af0>,5,1,[2 5],7,12,13,5,12
1,<environment.Job instance at 0x1477d9555320>,6,14,[ 2 14],8,14,28,6,14
1,<environment.Job instance at 0x1477d9555410>,7,2,[7 1],9,18,20,9,18
1,<environment.Job instance at 0x1477b5482e10>,3,2,[ 1 14],5,28,30,23,27
1,<environment.Job instance at 0x1477d9555550>,4,14,[6 1],6,79,93,73,79
1,<environment.Job instance at 0x1477b5a7a370>,2,1,[ 2 10],3,18,19,15,18
1,<environment.Job instance at 0x1477b5a7aa50>,3,2,[10  2],5,135,137,130,135
1,<environment.Job instance at 0x1477d954f460>,4,3,[7 1],9,347,350,338,347
1,<environment.Job instance at 0x1477d9555c80>,1,25,[12  1],2,694,719,692,694
1,<environment.Job instance at 0x1477de6420a0>,0,21,[1 9],1,2,23,1,2
1,<environment.Job instance at 0x1477b55904b0>,3,23,[1 6],4,4,27,0,4
1,<environment.Job instance at 0x1477d8acccd0>,1,2,[ 1 10],3,3,5,0,3
1,<environment.Job instance at 0x1477d947ec30>,0,26,[2 8],1,20,46,19,20
1,<environment.Job instance at 0x1477d717ffa0>,0,1,[8 1],3,4,5,1,4
1,<environment.Job instance at 0x1477d8417870>,2,1,[6 2],6,12,13,6,12
1,<environment.Job instance at 0x1477b5a8e640>,3,2,[12  2],5,96,98,91,96
1,<environment.Job instance at 0x1477b5e67910>,2,28,[ 1 10],4,4,32,0,4
1,<environment.Job instance at 0x1477d9812140>,6,2,[7 2],7,44,46,37,44
1,<environment.Job instance at 0x1477b5877c80>,0,2,[ 1 12],3,7,9,4,7
1,<environment.Job instance at 0x1477d94a8190>,3,17,[9 2],7,7,24,0,7
1,<environment.Job instance at 0x1477b56edf00>,4,1,[13  1],8,24,25,16,14
1,<environment.Job instance at 0x1477d6ed50a0>,0,25,[8 1],3,4,29,1,4
1,<environment.Job instance at 0x1477d9475e60>,0,1,[10  2],1,1,2,0,1
1,<environment.Job instance at 0x1477d9475b40>,6,13,[1 9],8,109,122,101,109
1,<environment.Job instance at 0x1477d9475640>,7,2,[1 8],9,682,684,673,682
1,<environment.Job instance at 0x1477b5b21370>,1,1,[ 1 12],3,3,4,0,3
1,<environment.Job instance at 0x1477b59d5460>,4,1,[1 7],6,14,15,8,14
1,<environment.Job instance at 0x1477d6ed5910>,6,2,[ 2 13],8,15,17,7,15
1,<environment.Job instance at 0x1477d6ed5280>,7,16,[ 2 12],9,17,33,8,17
1,<environment.Job instance at 0x1477b59d5230>,5,1,[6 2],7,25,26,18,25
1,<environment.Job instance at 0x1477b539b2d0>,1,3,[ 2 13],3,102,105,99,102
1,<environment.Job instance at 0x1477b59d5c80>,2,1,[ 1 12],4,105,106,101,104
1,<environment.Job instance at 0x1477b59d5d20>,2,2,[7 2],4,4,6,0,4
1,<environment.Job instance at 0x1477b5944be0>,5,1,[8 1],8,13,14,5,13
1,<environment.Job instance at 0x1477d98135f0>,0,1,[10  1],2,2,3,0,2
1,<environment.Job instance at 0x1477b5944500>,1,27,[5 2],3,4,31,1,4
1,<environment.Job instance at 0x1477d98137d0>,4,1,[10  2],7,7,8,0,7
1,<environment.Job instance at 0x1477d9813780>,5,21,[ 2 10],8,8,29,0,8
1,<environment.Job instance at 0x1477d9813690>,6,21,[2 5],9,29,50,20,21
1,<environment.Job instance at 0x1477d8b59190>,0,27,[5 2],2,5,32,3,5
1,<environment.Job instance at 0x1477b57b97d0>,2,2,[10  2],3,3,5,0,3
1,<environment.Job instance at 0x1477b57b92d0>,1,1,[6 2],2,2,3,0,2
1,<environment.Job instance at 0x1477d70fcaf0>,2,1,[5 1],3,3,4,0,3
1,<environment.Job instance at 0x1477d890e7d0>,3,27,[2 6],5,6,33,1,6
1,<environment.Job instance at 0x1477ddc68500>,3,1,[5 2],4,198,199,194,198
1,<environment.Job instance at 0x1477d8ab72d0>,8,1,[1 8],9,603,604,594,603
1,<environment.Job instance at 0x1477d8ab72d0>,2,25,[ 1 10],4,5,30,1,5
1,<environment.Job instance at 0x1477de5fee60>,5,2,[7 2],7,8,10,1,8
1,<environment.Job instance at 0x1477de60c190>,7,3,[6 1],9,9,12,0,9
1,<environment.Job instance at 0x1477de60c3c0>,1,1,[5 1],2,2,3,0,2
1,<environment.Job instance at 0x1477d7138cd0>,4,2,[14  1],5,27,29,22,27
1,<environment.Job instance at 0x1477d71380f0>,6,2,[2 5],8,38,40,30,38
1,<environment.Job instance at 0x1477b53c1d70>,0,22,[8 1],1,1,23,0,1
1,<environment.Job instance at 0x1477b5b9fdc0>,3,22,[2 6],5,5,27,0,5
1,<environment.Job instance at 0x1477b5754320>,4,1,[ 1 14],6,27,28,21,9
1,<environment.Job instance at 0x1477b5754780>,6,1,[6 1],8,30,31,22,30
1,<environment.Job instance at 0x1477d8957730>,5,22,[9 1],9,9,31,0,9
1,<environment.Job instance at 0x1477ddc3af00>,0,19,[1 5],2,18,37,16,18
1,<environment.Job instance at 0x1477b55622d0>,4,3,[ 2 14],8,38,41,30,38
1,<environment.Job instance at 0x1477b5d330f0>,2,2,[12  1],5,21,23,16,21
1,<environment.Job instance at 0x1477b5e77af0>,3,27,[5 1],6,6,33,0,6
1,<environment.Job instance at 0x1477d97f20a0>,3,1,[7 2],8,10,11,2,10
1,<environment.Job instance at 0x1477d97f2140>,4,2,[2 7],9,22,24,13,22
1,<environment.Job instance at 0x1477b58201e0>,0,25,[6 1],1,1,26,0,1
1,<environment.Job instance at 0x1477b5820690>,0,1,[14  2],3,5,6,2,5
1,<environment.Job instance at 0x1477d88a0d70>,2,1,[9 2],6,7,8,1,7
1,<environment.Job instance at 0x1477de52f910>,3,1,[10  1],7,8,9,1,7
1,<environment.Job instance at 0x1477d88a0460>,1,22,[2 5],5,9,31,4,9
1,<environment.Job instance at 0x1477d88a00f0>,4,26,[ 2 13],9,42,68,33,42
1,<environment.Job instance at 0x1477d7161460>,2,15,[2 5],5,16,31,11,16
1,<environment.Job instance at 0x1477d8988cd0>,3,14,[13  1],6,38,52,32,38
1,<environment.Job instance at 0x1477d8988640>,5,1,[8 1],8,236,237,228,236
1,<environment.Job instance at 0x1477d71619b0>,1,24,[12  1],3,301,325,298,301
1,<environment.Job instance at 0x1477d8988280>,4,2,[7 1],7,325,327,318,305
1,<environment.Job instance at 0x1477d944a230>,1,1,[6 2],3,4,5,1,4
1,<environment.Job instance at 0x1477d89884b0>,2,2,[ 1 10],4,8,10,4,8
1,<environment.Job instance at 0x1477b556eeb0>,1,28,[11  2],3,6,34,3,6
1,<environment.Job instance at 0x1477de686910>,5,2,[2 8],9,24,26,15,24
1,<environment.Job instance at 0x1477b58c5e10>,2,28,[9 2],6,34,62,28,33
1,<environment.Job instance at 0x1477b5a45c30>,5,3,[2 8],7,17,20,10,17
1,<environment.Job instance at 0x1477b5a45aa0>,3,2,[ 1 12],4,29,31,25,29
1,<environment.Job instance at 0x1477b5a45be0>,6,1,[8 1],8,29,30,21,29
1,<environment.Job instance at 0x1477d88932d0>,4,25,[ 1 10],5,43,68,38,43
1,<environment.Job instance at 0x1477de63b2d0>,7,1,[1 9],9,9,10,0,9
1,<environment.Job instance at 0x1477de63ba50>,0,1,[6 1],1,1,2,0,1
1,<environment.Job instance at 0x1477d7147af0>,5,13,[6 2],7,10,23,3,10
1,<environment.Job instance at 0x1477d7147550>,6,17,[ 2 10],8,275,292,267,275
1,<environment.Job instance at 0x1477d71474b0>,4,21,[12  2],6,373,394,367,373
1,<environment.Job instance at 0x1477d71475f0>,7,2,[7 1],9,394,396,385,374
1,<environment.Job instance at 0x1477d71475f0>,2,14,[7 1],3,6,20,3,6
1,<environment.Job instance at 0x1477b559a500>,2,3,[11  1],9,68,71,59,68
1,<environment.Job instance at 0x1477b5e6cd20>,1,1,[8 1],3,3,4,0,3
1,<environment.Job instance at 0x1477d97dda50>,4,1,[ 2 10],7,7,8,0,7
1,<environment.Job instance at 0x1477b5a54eb0>,5,1,[6 1],9,1449,1450,1440,1449
1,<environment.Job instance at 0x1477df514550>,0,27,[8 2],1,1,28,0,1
1,<environment.Job instance at 0x1477d8889e10>,5,22,[ 1 12],7,11,33,4,11
1,<environment.Job instance at 0x1477df514410>,3,1,[7 1],6,7,8,1,7
1,<environment.Job instance at 0x1477ddcf56e0>,4,1,[13  1],5,5,6,0,5
1,<environment.Job instance at 0x1477b5407d70>,7,17,[8 2],9,9,26,0,9
1,<environment.Job instance at 0x1477b54075a0>,6,26,[1 9],8,11,37,3,11
1,<environment.Job instance at 0x1477d88d87d0>,1,1,[2 5],2,2,3,0,2
1,<environment.Job instance at 0x1477ddcf9780>,6,21,[6 1],9,12,33,3,12
1,<environment.Job instance at 0x1477b5c2d960>,3,2,[2 8],4,2208,2210,2204,2208
1,<environment.Job instance at 0x1477b5c2dc30>,2,1,[ 2 10],3,2608,2609,2605,2608
1,<environment.Job instance at 0x1477b5fd8e60>,5,27,[1 7],9,2766,2793,2757,2766
1,<environment.Job instance at 0x1477b5fbe4b0>,2,1,[9 1],3,3,4,0,3
1,<environment.Job instance at 0x1477d716e5f0>,5,3,[1 5],8,14,17,6,14
1,<environment.Job instance at 0x1477d40ac690>,4,1,[2 6],7,146,147,139,146
1,<environment.Job instance at 0x1477b56dafa0>,2,3,[12  1],5,572,575,567,572
1,<environment.Job instance at 0x1477e076ce60>,1,26,[7 1],2,2,28,0,2
1,<environment.Job instance at 0x1477e076c320>,6,21,[9 1],9,28,49,19,20
1,<environment.Job instance at 0x1477e076c730>,4,28,[ 1 12],5,33,61,28,33
1,<environment.Job instance at 0x1477b5c05780>,1,2,[5 1],3,3,5,0,3
1,<environment.Job instance at 0x1477d97abeb0>,4,1,[1 9],7,7,8,0,7
1,<environment.Job instance at 0x1477d97ab050>,5,1,[2 7],8,8,9,0,8
1,<environment.Job instance at 0x1477dfb5a230>,0,1,[1 9],1,2,3,1,2
1,<environment.Job instance at 0x1477b5a03f50>,6,3,[ 2 10],9,11,14,2,11
1,<environment.Job instance at 0x1477b5e54e60>,4,20,[ 2 11],6,95,115,89,95
1,<environment.Job instance at 0x1477b56dc2d0>,2,1,[2 8],3,3,4,0,3
1,<environment.Job instance at 0x1477b5e54e60>,5,1,[1 8],8,8,9,0,8
1,<environment.Job instance at 0x1477b547bd20>,2,1,[12  1],4,8,9,4,8
1,<environment.Job instance at 0x1477b52eb410>,3,3,[ 2 13],6,17,20,11,17
1,<environment.Job instance at 0x1477b547b7d0>,4,2,[1 6],7,23,25,16,23
1,<environment.Job instance at 0x1477b5327500>,2,1,[5 1],3,6,7,3,6
1,<environment.Job instance at 0x1477ddc53460>,6,3,[ 2 12],8,2208,2211,2200,2208
1,<environment.Job instance at 0x1477ddc88fa0>,3,2,[13  1],4,2219,2221,2215,2219
1,<environment.Job instance at 0x1477b56bd8c0>,0,2,[7 2],1,1,3,0,1
1,<environment.Job instance at 0x1477b56bdeb0>,2,22,[5 1],5,7,29,2,7
1,<environment.Job instance at 0x1477b537cf50>,2,19,[7 2],3,3,22,0,3
1,<environment.Job instance at 0x1477b537c3c0>,3,1,[6 1],4,6,7,2,6
1,<environment.Job instance at 0x1477b56bdbe0>,5,3,[2 9],6,55,58,49,55
1,<environment.Job instance at 0x1477d93e6d70>,7,2,[11  2],9,119,121,110,119
1,<environment.Job instance at 0x1477b56bdaf0>,4,15,[6 2],5,207,222,202,207
1,<environment.Job instance at 0x1477b537c190>,0,28,[14  1],1,621,649,620,621
1,<environment.Job instance at 0x1477b544e5a0>,5,17,[5 2],7,7,24,0,7
1,<environment.Job instance at 0x1477b544ee10>,4,3,[9 2],6,7,10,1,7
1,<environment.Job instance at 0x1477b56bda00>,1,2,[ 1 11],3,55,57,52,55
1,<environment.Job instance at 0x1477b526caa0>,5,2,[12  1],8,61,63,53,61
1,<environment.Job instance at 0x1477daab9be0>,4,2,[1 8],6,6,8,0,6
1,<environment.Job instance at 0x1477daab9280>,5,17,[7 1],7,13,30,6,13
1,<environment.Job instance at 0x1477b5c10820>,0,3,[ 1 11],1,33,36,32,33
1,<environment.Job instance at 0x1477d6ca0050>,8,1,[1 6],9,36,37,27,33
1,<environment.Job instance at 0x1477d6ca01e0>,7,2,[7 2],8,39,41,31,39
1,<environment.Job instance at 0x1477b5cef2d0>,3,16,[7 1],4,43,59,39,43
1,<environment.Job instance at 0x1477b5cefa50>,4,1,[1 6],5,44,45,39,44
1,<environment.Job instance at 0x1477b5d66f50>,6,2,[5 1],7,59,61,52,59
1,<environment.Job instance at 0x1477b5cfa910>,3,2,[13  1],9,67,69,58,67
1,<environment.Job instance at 0x1477d7169d20>,0,26,[6 2],1,3,29,2,3
1,<environment.Job instance at 0x1477b5c5fd70>,6,2,[1 7],7,7,9,0,7
1,<environment.Job instance at 0x1477d6c9ceb0>,0,1,[5 2],2,3,4,1,3
1,<environment.Job instance at 0x1477d6c9c320>,2,1,[7 2],5,7,8,2,7
1,<environment.Job instance at 0x1477b5d663c0>,5,28,[ 2 11],8,9,37,1,9
1,<environment.Job instance at 0x1477d6c9c780>,4,2,[2 9],7,37,39,30,13
1,<environment.Job instance at 0x1477ddcd8960>,0,26,[2 5],1,3,29,2,3
1,<environment.Job instance at 0x1477b5b06730>,4,1,[ 1 14],7,29,30,22,23
1,<environment.Job instance at 0x1477ddcd8820>,1,3,[1 9],3,30,33,27,30
1,<environment.Job instance at 0x1477b548c460>,0,1,[10  2],1,1,2,0,1
1,<environment.Job instance at 0x1477b54670f0>,0,2,[ 2 13],1,5,7,4,5
1,<environment.Job instance at 0x1477b5420aa0>,4,1,[1 9],7,7,8,0,7
1,<environment.Job instance at 0x1477b5420280>,6,16,[ 1 11],9,20,36,11,20
1,<environment.Job instance at 0x1477b5467a50>,2,28,[2 5],5,42,70,37,42
1,<environment.Job instance at 0x1477b53856e0>,0,1,[1 5],2,2,3,0,2
1,<environment.Job instance at 0x1477b5731a00>,3,1,[10  1],8,10,11,2,10
1,<environment.Job instance at 0x1477b59ad640>,4,25,[9 1],5,5,30,0,5
1,<environment.Job instance at 0x1477b59ad820>,7,2,[7 2],8,30,32,22,12
1,<environment.Job instance at 0x1477b59ad370>,6,1,[7 1],7,30,31,23,15
1,<environment.Job instance at 0x1477b59ad190>,2,1,[11  1],3,32,33,29,20
1,<environment.Job instance at 0x1477b59ad5f0>,3,1,[ 1 14],4,29,30,25,29
1,<environment.Job instance at 0x1477b59add20>,5,3,[2 7],6,76,79,70,76
1,<environment.Job instance at 0x1477d6c9ec80>,2,1,[6 2],3,3,4,0,3
1,<environment.Job instance at 0x1477d6c9e780>,3,1,[9 1],4,7,8,3,7
1,<environment.Job instance at 0x1477d6c9ed70>,4,1,[2 5],6,21,22,15,21
1,<environment.Job instance at 0x1477b5ae09b0>,2,3,[9 1],4,13,16,9,13
1,<environment.Job instance at 0x1477b5ae0230>,3,15,[6 1],5,14,29,9,14
1,<environment.Job instance at 0x1477b5e9a320>,0,2,[ 1 14],2,17,19,15,17
1,<environment.Job instance at 0x1477b52caeb0>,5,2,[1 5],8,23,25,15,23
1,<environment.Job instance at 0x1477b52b0140>,6,3,[2 8],9,44,47,35,44
1,<environment.Job instance at 0x1477b52b09b0>,0,26,[5 2],1,3,29,2,3
1,<environment.Job instance at 0x1477b5d74640>,2,1,[ 1 12],7,7,8,0,7
1,<environment.Job instance at 0x1477b5ecb3c0>,3,21,[1 9],8,12,33,4,12
1,<environment.Job instance at 0x1477b5e23550>,2,22,[2 9],5,5,27,0,5
1,<environment.Job instance at 0x1477b562c190>,2,1,[ 1 12],6,6,7,0,6
1,<environment.Job instance at 0x1477d719da50>,7,3,[8 1],9,11,14,2,11
1,<environment.Job instance at 0x1477d719dfa0>,5,1,[12  2],7,20,21,13,20
1,<environment.Job instance at 0x1477d719df00>,6,1,[5 1],8,33,34,25,33
1,<environment.Job instance at 0x1477d719d500>,3,3,[11  1],5,91,94,86,91
1,<environment.Job instance at 0x1477d719d050>,4,2,[13  1],6,102,104,96,102
1,<environment.Job instance at 0x1477d88a1fa0>,1,22,[7 1],5,5,27,0,5
1,<environment.Job instance at 0x1477d88c5f00>,1,1,[7 2],2,4,5,2,4
1,<environment.Job instance at 0x1477b54662d0>,2,17,[13  2],4,44,61,40,44
1,<environment.Job instance at 0x1477daab9050>,5,2,[6 1],8,61,63,53,44
1,<environment.Job instance at 0x1477d88c51e0>,4,1,[8 1],6,75,76,69,75
1,<environment.Job instance at 0x1477b58c29b0>,0,1,[1 8],1,4,5,3,4
1,<environment.Job instance at 0x1477b58c2c30>,1,2,[1 6],4,4,6,0,4
1,<environment.Job instance at 0x1477b58c2a00>,4,1,[ 1 13],7,7,8,0,7
1,<environment.Job instance at 0x1477b5a0c140>,0,1,[11  1],9,13,14,4,13
1,<environment.Job instance at 0x1477d97f3550>,3,18,[10  2],5,5,23,0,5
1,<environment.Job instance at 0x1477d97f3320>,6,1,[1 5],8,14,15,6,14
1,<environment.Job instance at 0x1477d97f37d0>,1,2,[ 1 14],2,23,25,21,15
1,<environment.Job instance at 0x1477d97f3b90>,7,16,[ 2 10],9,30,46,21,30
1,<environment.Job instance at 0x1477d97f3d70>,5,1,[2 9],7,52,53,45,52
1,<environment.Job instance at 0x1477ddcb95a0>,2,17,[9 2],5,5,22,0,5
1,<environment.Job instance at 0x1477d719d410>,3,2,[11  2],7,22,24,15,13
1,<environment.Job instance at 0x1477d719d320>,0,28,[2 7],1,21,49,20,21
1,<environment.Job instance at 0x1477b5c3cdc0>,2,15,[7 1],3,3,18,0,3
1,<environment.Job instance at 0x1477b5fc6cd0>,0,24,[2 7],1,7,31,6,7
1,<environment.Job instance at 0x1477b591e690>,7,1,[ 2 10],8,31,32,23,8
1,<environment.Job instance at 0x1477b593f870>,0,1,[1 5],1,1,2,0,1
1,<environment.Job instance at 0x1477d9429eb0>,4,19,[5 2],7,7,26,0,7
1,<environment.Job instance at 0x1477d8afacd0>,6,21,[1 9],8,11,32,3,11
1,<environment.Job instance at 0x1477d8afa6e0>,7,2,[11  1],9,22,24,13,22
1,<environment.Job instance at 0x1477b5a3c320>,2,23,[7 1],3,3,26,0,3
1,<environment.Job instance at 0x1477b5a3c370>,7,1,[7 2],8,23,24,15,23
1,<environment.Job instance at 0x1477b5614be0>,5,2,[ 2 14],6,31,33,25,31
1,<environment.Job instance at 0x1477b5a3cc80>,8,1,[ 2 10],9,33,34,24,33
1,<environment.Job instance at 0x1477b5a3c550>,6,1,[9 2],7,34,35,27,34
1,<environment.Job instance at 0x1477b5e12fa0>,1,1,[6 1],2,2,3,0,2
1,<environment.Job instance at 0x1477d719e230>,2,18,[8 2],3,3,21,0,3
1,<environment.Job instance at 0x1477b5e12820>,0,23,[2 5],1,4,27,3,4
1,<environment.Job instance at 0x1477d8866780>,6,1,[5 2],7,7,8,0,7
1,<environment.Job instance at 0x1477b5795be0>,8,26,[1 8],9,10,36,1,10
1,<environment.Job instance at 0x1477b5ab68c0>,0,1,[8 2],1,2,3,1,2
1,<environment.Job instance at 0x1477d718fa50>,1,22,[5 2],2,2,24,0,2
1,<environment.Job instance at 0x1477b5ab6c30>,2,21,[1 5],4,6,27,2,6
1,<environment.Job instance at 0x1477d89b7960>,4,17,[11  2],6,33,50,27,33
1,<environment.Job instance at 0x1477b5795730>,6,3,[2 5],9,68,71,59,68
1,<environment.Job instance at 0x1477b56dd410>,5,1,[2 7],6,40,41,34,40
1,<environment.Job instance at 0x1477b576d050>,0,1,[ 1 10],1,1,2,0,1
1,<environment.Job instance at 0x1477b5d90b90>,3,24,[2 5],8,616,640,608,616
1,<environment.Job instance at 0x1477d8a63690>,1,1,[1 9],2,2,3,0,2
1,<environment.Job instance at 0x1477d8a63d70>,7,2,[7 2],9,44,46,35,44
1,<environment.Job instance at 0x1477d8a639b0>,5,3,[ 1 14],7,51,54,44,51
1,<environment.Job instance at 0x1477d8a71eb0>,0,1,[1 7],1,1,2,0,1
1,<environment.Job instance at 0x1477b5c61460>,4,1,[8 1],6,6,7,0,6
1,<environment.Job instance at 0x1477b5c61960>,5,1,[7 2],7,8,9,1,8
1,<environment.Job instance at 0x1477b5c618c0>,6,16,[5 2],8,20,36,12,20
1,<environment.Job instance at 0x1477d89725a0>,3,1,[ 1 13],4,4,5,0,4
1,<environment.Job instance at 0x1477d8972460>,4,1,[11  1],6,409,410,403,409
1,<environment.Job instance at 0x1477b5d50410>,5,1,[7 2],8,8,9,0,8
1,<environment.Job instance at 0x1477b567e870>,0,2,[1 7],3,3,5,0,3
1,<environment.Job instance at 0x1477b567e550>,4,2,[5 1],9,9,11,0,9
1,<environment.Job instance at 0x1477d9827640>,2,26,[10  1],4,4,30,0,4
1,<environment.Job instance at 0x1477b567ed70>,5,3,[1 6],7,20,23,13,20
1,<environment.Job instance at 0x1477b567e550>,4,3,[10  2],6,30,33,24,22
1,<environment.Job instance at 0x1477d9827c80>,0,1,[14  2],1,41,42,40,41
1,<environment.Job instance at 0x1477b5ef7be0>,2,2,[1 8],3,4,6,1,4
1,<environment.Job instance at 0x1477b56715f0>,4,1,[8 1],5,5,6,0,5
1,<environment.Job instance at 0x1477b5671780>,5,3,[1 6],6,7,10,1,7
1,<environment.Job instance at 0x1477b5671050>,6,2,[1 9],9,9,11,0,9
1,<environment.Job instance at 0x1477b55439b0>,3,17,[12  1],4,11,28,7,11
1,<environment.Job instance at 0x1477d405ae10>,3,3,[14  2],4,400,403,396,400
1,<environment.Job instance at 0x1477b5eb0e60>,3,25,[12  1],5,5,30,0,5
1,<environment.Job instance at 0x1477d8b3f500>,6,13,[2 5],9,306,319,297,306
1,<environment.Job instance at 0x1477d8972a50>,1,23,[14  1],3,1176,1199,1173,1176
1,<environment.Job instance at 0x1477b5a55cd0>,2,1,[ 1 10],4,4,5,0,4
1,<environment.Job instance at 0x1477b5f7ac80>,4,1,[8 2],8,8,9,0,8
1,<environment.Job instance at 0x1477b5f7a960>,5,25,[1 5],9,10,35,1,10
1,<environment.Job instance at 0x1477dfc2a910>,0,1,[10  1],1,1,2,0,1
1,<environment.Job instance at 0x1477b5f7a960>,4,26,[8 1],5,5,31,0,5
1,<environment.Job instance at 0x1477b5316b40>,3,22,[10  2],6,6,28,0,6
1,<environment.Job instance at 0x1477b5316f00>,1,2,[14  1],2,59,61,57,59
1,<environment.Job instance at 0x1477b554bd20>,4,1,[ 1 10],7,79,80,72,79
1,<environment.Job instance at 0x1477b5e2f9b0>,3,2,[ 1 11],7,319,321,312,319
1,<environment.Job instance at 0x1477b5e2fd20>,4,2,[2 5],8,438,440,430,438
1,<environment.Job instance at 0x1477b5e2f280>,1,1,[8 1],2,3,4,1,3
1,<environment.Job instance at 0x1477b5225d70>,6,1,[1 5],8,9,10,1,9
1,<environment.Job instance at 0x1477b53bbfa0>,4,21,[5 1],6,6,27,0,6
1,<environment.Job instance at 0x1477b5c75af0>,5,2,[8 1],8,8,10,0,8
1,<environment.Job instance at 0x1477d6ebc1e0>,3,3,[ 1 14],5,33,36,28,33
1,<environment.Job instance at 0x1477ddb8bd70>,5,23,[1 5],9,33,56,24,33
1,<environment.Job instance at 0x1477ddc3ac30>,1,1,[8 2],2,2,3,0,2
1,<environment.Job instance at 0x1477ddb8bd70>,2,2,[7 1],3,3,5,0,3
1,<environment.Job instance at 0x1477ddc3acd0>,3,1,[5 1],4,4,5,0,4
1,<environment.Job instance at 0x1477b51d8730>,4,2,[2 8],5,5,7,0,5
1,<environment.Job instance at 0x1477b5720cd0>,0,22,[5 1],1,4,26,3,4
1,<environment.Job instance at 0x1477d8a59640>,3,3,[1 5],7,7,10,0,7
1,<environment.Job instance at 0x1477d8a59f50>,4,2,[5 2],8,8,10,0,8
1,<environment.Job instance at 0x1477b5d77640>,1,2,[ 2 14],2,3,5,1,3
1,<environment.Job instance at 0x1477b5d77c80>,3,3,[9 2],5,5,8,0,5
1,<environment.Job instance at 0x1477b5d77960>,4,23,[ 2 10],6,6,29,0,6
1,<environment.Job instance at 0x1477b5d77cd0>,5,2,[6 2],7,8,10,1,7
1,<environment.Job instance at 0x1477b5d77f50>,6,1,[1 5],9,10,11,1,9
1,<environment.Job instance at 0x1477d8990500>,6,18,[ 2 11],7,202,220,195,202
1,<environment.Job instance at 0x1477d8990460>,7,2,[1 6],8,225,227,217,225
1,<environment.Job instance at 0x1477de5a6820>,3,3,[14  2],4,759,762,755,759
1,<environment.Job instance at 0x1477d941d640>,2,20,[ 1 10],3,9,29,6,9
1,<environment.Job instance at 0x1477b5681d20>,6,3,[9 1],9,26,29,17,26
1,<environment.Job instance at 0x1477d941d640>,2,2,[11  1],3,50,52,47,50
1,<environment.Job instance at 0x1477d899c0a0>,1,2,[ 1 14],2,32,34,30,32
1,<environment.Job instance at 0x1477d899ce10>,4,2,[14  1],6,36,38,30,36
1,<environment.Job instance at 0x1477d899ce60>,5,2,[12  2],8,39,41,31,39
1,<environment.Job instance at 0x1477d899c640>,6,2,[1 5],9,46,48,37,46
1,<environment.Job instance at 0x1477b59f6230>,5,3,[13  1],9,437,440,428,437
1,<environment.Job instance at 0x1477de5bc7d0>,3,1,[1 5],5,22,23,17,22
1,<environment.Job instance at 0x1477b59f6230>,6,1,[2 5],9,54,55,45,54
1,<environment.Job instance at 0x1477b59f6280>,0,2,[ 1 11],2,320,322,318,320
1,<environment.Job instance at 0x1477b59f6c80>,4,25,[2 8],6,774,799,768,774
1,<environment.Job instance at 0x1477b546b4b0>,1,1,[6 1],2,3,4,1,3
1,<environment.Job instance at 0x1477b5b90780>,6,2,[7 1],7,7,9,0,7
1,<environment.Job instance at 0x1477de5d1320>,7,1,[7 2],8,8,9,0,8
1,<environment.Job instance at 0x1477b5b43820>,4,2,[2 5],5,9,11,4,9
1,<environment.Job instance at 0x1477b5b907d0>,5,2,[1 5],6,19,21,13,19
1,<environment.Job instance at 0x1477b5adceb0>,3,22,[2 7],5,5,27,0,5
1,<environment.Job instance at 0x1477d9517fa0>,7,23,[1 8],9,20,43,11,20
1,<environment.Job instance at 0x1477b59e5140>,0,1,[5 2],1,1,2,0,1
1,<environment.Job instance at 0x1477b59e5d70>,2,23,[9 1],4,4,27,0,4
1,<environment.Job instance at 0x1477b59e5a00>,1,1,[9 1],2,27,28,25,5
1,<environment.Job instance at 0x1477d9517730>,4,18,[1 7],6,7,25,1,7
1,<environment.Job instance at 0x1477d77bcc30>,6,2,[1 5],8,8,10,0,8
1,<environment.Job instance at 0x1477d77bc910>,7,1,[2 5],9,10,11,1,9
1,<environment.Job instance at 0x1477d77bc960>,5,16,[9 2],7,29,45,22,29
1,<environment.Job instance at 0x1477b5aafe60>,2,1,[7 1],5,5,6,0,5
1,<environment.Job instance at 0x1477b5aafd70>,4,1,[6 2],7,7,8,0,7
1,<environment.Job instance at 0x1477b59cc9b0>,2,18,[7 2],4,4,22,0,4
1,<environment.Job instance at 0x1477b59ccb40>,6,25,[ 1 10],9,95,120,86,95
1,<environment.Job instance at 0x1477b59ccf00>,0,3,[ 2 11],1,213,216,212,213
1,<environment.Job instance at 0x1477b5c49370>,5,2,[14  2],8,216,218,208,214
1,<environment.Job instance at 0x1477b5568e10>,5,2,[ 1 14],7,8,10,1,8
1,<environment.Job instance at 0x1477d887a4b0>,6,17,[9 1],8,9,26,1,9
1,<environment.Job instance at 0x1477d8b20f00>,1,1,[6 2],2,2,3,0,2
1,<environment.Job instance at 0x1477b5d918c0>,2,1,[6 1],3,3,4,0,3
1,<environment.Job instance at 0x1477d97c55a0>,5,28,[1 9],8,9,37,1,9
1,<environment.Job instance at 0x1477d97c5a50>,2,1,[ 2 10],6,7,8,1,7
1,<environment.Job instance at 0x1477d97da4b0>,4,2,[12  1],7,19,21,12,19
1,<environment.Job instance at 0x1477b5ac9690>,3,2,[11  2],6,21,23,15,19
1,<environment.Job instance at 0x1477d97da9b0>,5,17,[7 1],9,23,40,14,19
1,<environment.Job instance at 0x1477b5ed1640>,2,2,[2 6],4,4,6,0,4
1,<environment.Job instance at 0x1477b58f4550>,0,1,[ 1 11],2,3,4,1,3
1,<environment.Job instance at 0x1477b5698eb0>,4,2,[1 7],7,10,12,3,10
1,<environment.Job instance at 0x1477b56984b0>,6,16,[5 2],9,23,39,14,23
1,<environment.Job instance at 0x1477b557a0f0>,1,28,[8 1],2,2,30,0,2
1,<environment.Job instance at 0x1477b557a820>,3,1,[1 9],5,5,6,0,5
1,<environment.Job instance at 0x1477d89ca780>,2,3,[ 2 13],8,179,182,171,179
1,<environment.Job instance at 0x1477b521c690>,1,18,[7 2],4,4,22,0,4
1,<environment.Job instance at 0x1477b521c910>,0,27,[2 9],2,7,34,5,7
1,<environment.Job instance at 0x1477d97b3280>,0,1,[2 8],1,2,3,1,2
1,<environment.Job instance at 0x1477ddccd230>,6,12,[9 1],9,13,25,4,13
1,<environment.Job instance at 0x1477ddcd2b90>,4,1,[14  1],5,155,156,150,155
1,<environment.Job instance at 0x1477d97b3fa0>,3,2,[13  2],4,171,173,167,171
1,<environment.Job instance at 0x1477d8972140>,3,3,[ 2 12],6,126,129,120,126
1,<environment.Job instance at 0x1477d8afbe60>,2,2,[ 1 14],5,6,8,1,6
1,<environment.Job instance at 0x1477d8972410>,4,17,[14  2],7,8,25,1,7
1,<environment.Job instance at 0x1477d8afba50>,3,17,[1 6],6,10,27,4,10
1,<environment.Job instance at 0x1477ddbd0c80>,2,27,[9 2],5,5,32,0,5
1,<environment.Job instance at 0x1477ddbd05f0>,5,1,[14  2],8,32,33,24,13
1,<environment.Job instance at 0x1477ddbd0500>,4,3,[1 6],7,21,24,14,21
1,<environment.Job instance at 0x1477ddbd00f0>,3,2,[7 1],6,39,41,33,39
1,<environment.Job instance at 0x1477b5bd80a0>,0,2,[11  1],1,41,43,40,39
1,<environment.Job instance at 0x1477d97ffa50>,4,2,[8 1],6,36,38,30,36
1,<environment.Job instance at 0x1477b561ff00>,5,1,[2 9],7,37,38,30,37
1,<environment.Job instance at 0x1477b5bd8280>,1,3,[ 2 11],2,1929,1932,1927,1929
1,<environment.Job instance at 0x1477b575e690>,4,3,[5 1],6,6,9,0,6
1,<environment.Job instance at 0x1477de5aa910>,2,12,[7 1],3,3,15,0,3
1,<environment.Job instance at 0x1477de5aa3c0>,0,26,[2 7],1,5,31,4,5
1,<environment.Job instance at 0x1477d9561aa0>,4,1,[12  2],6,36,37,30,36
1,<environment.Job instance at 0x1477d9561c30>,6,1,[6 2],8,37,38,29,36
1,<environment.Job instance at 0x1477de5aa4b0>,5,3,[ 2 10],7,36,39,29,36
1,<environment.Job instance at 0x1477d95483c0>,3,1,[1 5],8,9,10,1,9
1,<environment.Job instance at 0x1477b59d93c0>,4,21,[6 2],9,24,45,15,24
1,<environment.Job instance at 0x1477d94c95f0>,1,1,[ 1 10],2,2,3,0,2
1,<environment.Job instance at 0x1477d94c9c80>,6,27,[7 1],8,8,35,0,8
1,<environment.Job instance at 0x1477d94c9230>,7,18,[8 1],9,32,50,23,32
1,<environment.Job instance at 0x1477b5bfd6e0>,1,2,[ 2 12],3,14,16,11,14
1,<environment.Job instance at 0x1477b5bfdc30>,3,20,[8 1],7,20,40,13,20
1,<environment.Job instance at 0x1477b53073c0>,1,26,[7 2],2,2,28,0,2
1,<environment.Job instance at 0x1477b5354460>,4,3,[1 8],6,325,328,319,325
1,<environment.Job instance at 0x1477d8431e10>,6,1,[1 7],8,668,669,660,668
1,<environment.Job instance at 0x1477d84310a0>,7,12,[5 2],9,799,811,790,799
1,<environment.Job instance at 0x1477b5307870>,5,2,[6 2],7,2962,2964,2955,2962
1,<environment.Job instance at 0x1477d89330a0>,0,23,[1 9],1,36,59,35,36
1,<environment.Job instance at 0x1477d9421550>,2,1,[ 2 13],3,5,6,2,5
1,<environment.Job instance at 0x1477d9421320>,4,3,[1 8],5,6,9,1,5
1,<environment.Job instance at 0x1477d9421a00>,4,13,[14  1],9,94,107,85,94
1,<environment.Job instance at 0x1477b56f60a0>,1,23,[2 9],4,12,35,8,12
1,<environment.Job instance at 0x1477b5c75f00>,5,3,[8 1],7,9,12,2,9
1,<environment.Job instance at 0x1477b56f60a0>,2,2,[13  1],3,104,106,101,104
1,<environment.Job instance at 0x1477b5383a50>,5,2,[5 2],8,8,10,0,8
1,<environment.Job instance at 0x1477b525caf0>,6,2,[6 2],9,9,11,0,9
1,<environment.Job instance at 0x1477b5435870>,3,16,[7 1],6,825,841,819,825
1,<environment.Job instance at 0x1477b5d2e280>,6,2,[8 2],7,20,22,13,20
1,<environment.Job instance at 0x1477b5d2e6e0>,4,25,[ 2 11],5,30,55,25,30
1,<environment.Job instance at 0x1477b5d2eb90>,5,23,[1 9],6,56,79,50,56
1,<environment.Job instance at 0x1477b5d2ee60>,7,14,[2 8],8,79,93,71,70
1,<environment.Job instance at 0x1477b5814a00>,2,1,[1 9],4,2636,2637,2632,2636
1,<environment.Job instance at 0x1477b5cd6d70>,0,1,[ 2 10],2,2,3,0,2
1,<environment.Job instance at 0x1477b5cd68c0>,1,2,[ 2 14],5,7,9,2,7
1,<environment.Job instance at 0x1477b5cd6af0>,3,2,[6 2],8,9,11,1,8
1,<environment.Job instance at 0x1477b5cd6050>,4,1,[2 5],9,9,10,0,9
1,<environment.Job instance at 0x1477b5ca3460>,4,2,[ 2 10],9,20,22,11,20
1,<environment.Job instance at 0x1477b56dbdc0>,0,3,[ 2 14],3,416,419,413,416
1,<environment.Job instance at 0x1477b5cbd820>,1,2,[5 1],2,3,5,1,3
1,<environment.Job instance at 0x1477b5d21140>,7,23,[2 9],9,15,38,6,15
1,<environment.Job instance at 0x1477b5d21460>,6,28,[2 7],8,39,67,31,39
1,<environment.Job instance at 0x1477b5d0a870>,3,24,[12  2],6,1389,1413,1383,1389
1,<environment.Job instance at 0x1477b5b58910>,5,1,[1 6],9,10,11,1,10
1,<environment.Job instance at 0x1477b59d7d20>,2,3,[13  1],4,1373,1376,1369,1373
1,<environment.Job instance at 0x1477d40aceb0>,0,1,[7 2],2,2,3,0,2
1,<environment.Job instance at 0x1477b57fe410>,4,26,[ 2 10],7,8,34,1,8
1,<environment.Job instance at 0x1477b57feb40>,1,1,[1 8],2,2,3,0,2
1,<environment.Job instance at 0x1477b5d5a870>,4,22,[7 2],5,5,27,0,5
1,<environment.Job instance at 0x1477b5f7a3c0>,6,1,[6 1],8,9,10,1,9
1,<environment.Job instance at 0x1477b5d5aa00>,7,1,[ 2 14],9,27,28,18,15
1,<environment.Job instance at 0x1477b5d57640>,1,21,[6 2],4,18,39,14,18
1,<environment.Job instance at 0x1477d715f780>,4,1,[2 5],7,963,964,956,963
1,<environment.Job instance at 0x1477d715fd20>,3,3,[5 1],6,1205,1208,1199,1205
1,<environment.Job instance at 0x1477d715ffa0>,1,22,[2 5],2,2,24,0,2
1,<environment.Job instance at 0x1477b5cf47d0>,0,3,[ 2 12],1,25,28,24,25
1,<environment.Job instance at 0x1477b5987aa0>,0,2,[2 7],1,3,5,2,3
1,<environment.Job instance at 0x1477b5cf4f50>,2,1,[10  2],4,4,5,0,4
1,<environment.Job instance at 0x1477b5cf47d0>,4,1,[11  2],8,8,9,0,8
1,<environment.Job instance at 0x1477b5b700f0>,1,2,[14  2],2,77,79,75,77
1,<environment.Job instance at 0x1477b5666460>,1,1,[9 1],4,4,5,0,4
1,<environment.Job instance at 0x1477b5343460>,2,1,[1 9],5,5,6,0,5
1,<environment.Job instance at 0x1477b5343b40>,3,21,[2 7],6,9,30,3,9
1,<environment.Job instance at 0x1477d9859690>,0,1,[1 6],1,1,2,0,1
1,<environment.Job instance at 0x1477d9859aa0>,2,1,[1 9],3,3,4,0,3
1,<environment.Job instance at 0x1477b5343eb0>,1,27,[2 7],2,4,31,2,4
1,<environment.Job instance at 0x1477d77c1e60>,3,3,[10  1],8,17,20,9,17
1,<environment.Job instance at 0x1477d77c1cd0>,1,22,[6 2],2,2,24,0,2
1,<environment.Job instance at 0x1477d77c1f50>,0,21,[1 5],1,2,23,1,2
1,<environment.Job instance at 0x1477d6eaa550>,7,2,[ 1 10],8,32,34,24,32
1,<environment.Job instance at 0x1477d77c1fa0>,4,2,[13  1],5,123,125,118,123
1,<environment.Job instance at 0x1477d6eaa140>,5,3,[1 8],6,128,131,122,128
1,<environment.Job instance at 0x1477d6eaa370>,6,22,[13  1],7,216,238,209,216
1,<environment.Job instance at 0x1477d6eaa280>,8,18,[1 6],9,221,239,212,221
1,<environment.Job instance at 0x1477d4080d20>,5,3,[ 2 10],7,21,24,14,21
1,<environment.Job instance at 0x1477d4080230>,6,3,[2 6],8,35,38,27,35
1,<environment.Job instance at 0x1477b541ba00>,1,3,[13  1],2,132,135,130,132
1,<environment.Job instance at 0x1477d6c9cfa0>,4,13,[8 2],5,10,23,5,10
1,<environment.Job instance at 0x1477d6c9c410>,3,2,[7 1],4,14,16,10,14
1,<environment.Job instance at 0x1477d6c9caf0>,7,3,[ 1 11],9,16,19,7,14
1,<environment.Job instance at 0x1477d6c9c6e0>,6,3,[6 2],8,30,33,22,30
1,<environment.Job instance at 0x1477d6c9c0f0>,2,1,[1 7],3,52,53,49,52
1,<environment.Job instance at 0x1477d6c9ce10>,0,2,[13  1],1,65,67,64,65
1,<environment.Job instance at 0x1477b5d77460>,3,2,[5 1],5,10,12,5,10
1,<environment.Job instance at 0x1477b5d770a0>,5,1,[ 1 10],9,12,13,3,12
1,<environment.Job instance at 0x1477b53461e0>,1,24,[1 5],2,2,26,0,2
1,<environment.Job instance at 0x1477b5c4cc30>,1,26,[2 6],3,3,29,0,3
1,<environment.Job instance at 0x1477b5c4cc80>,4,1,[2 7],6,19,20,13,19
1,<environment.Job instance at 0x1477b5c4c6e0>,5,23,[2 7],7,20,43,13,19
1,<environment.Job instance at 0x1477b5c4c730>,2,2,[ 2 11],4,43,45,39,19
1,<environment.Job instance at 0x1477b5c4c780>,6,13,[2 5],9,45,58,36,33
1,<environment.Job instance at 0x1477d978bb90>,3,15,[8 1],7,18,33,11,18
1,<environment.Job instance at 0x1477d978b6e0>,4,24,[10  1],9,33,57,24,29
1,<environment.Job instance at 0x1477d8b7f410>,1,25,[11  2],3,138,163,135,138
1,<environment.Job instance at 0x1477d6c7d730>,5,1,[5 1],8,9,10,1,9
1,<environment.Job instance at 0x1477d6c7db40>,6,18,[5 2],9,10,28,1,10
1,<environment.Job instance at 0x1477b5a50b40>,2,21,[13  1],3,4,25,1,4
1,<environment.Job instance at 0x1477b5a50320>,3,1,[10  1],4,30,31,26,30
1,<environment.Job instance at 0x1477d946ef50>,0,1,[10  1],3,4,5,1,4
1,<environment.Job instance at 0x1477d841e0f0>,5,3,[1 9],9,91,94,82,91
1,<environment.Job instance at 0x1477b5d5ef50>,4,3,[ 1 12],8,576,579,568,576
1,<environment.Job instance at 0x1477de6824b0>,3,2,[9 1],6,6,8,0,6
1,<environment.Job instance at 0x1477de682280>,5,18,[10  1],9,9,27,0,9
1,<environment.Job instance at 0x1477b58f82d0>,1,21,[1 9],3,9,30,6,9
1,<environment.Job instance at 0x1477b598df50>,0,2,[13  2],1,2,4,1,2
1,<environment.Job instance at 0x1477b598d7d0>,2,3,[7 2],4,4,7,0,4
1,<environment.Job instance at 0x1477b598d640>,4,3,[11  1],7,9,12,2,9
1,<environment.Job instance at 0x1477b598dc80>,5,1,[ 2 11],9,19,20,10,19
1,<environment.Job instance at 0x1477ddc3f1e0>,1,1,[1 6],3,3,4,0,3
1,<environment.Job instance at 0x1477de510f50>,6,3,[ 2 13],8,579,582,571,579
1,<environment.Job instance at 0x1477de510f50>,3,1,[11  2],4,4,5,0,4
1,<environment.Job instance at 0x1477b5ad15a0>,5,3,[8 1],9,9,12,0,9
1,<environment.Job instance at 0x1477b5ad16e0>,4,28,[2 9],8,25,53,17,25
1,<environment.Job instance at 0x1477d94d00f0>,4,1,[5 1],6,6,7,0,6
1,<environment.Job instance at 0x1477de633410>,5,1,[2 7],7,8,9,1,8
1,<environment.Job instance at 0x1477de6333c0>,7,1,[10  1],9,9,10,0,9
1,<environment.Job instance at 0x1477de633b40>,6,15,[5 1],8,16,31,8,16
1,<environment.Job instance at 0x1477b521c820>,0,22,[5 2],1,2,24,1,2
1,<environment.Job instance at 0x1477b5cba050>,4,1,[ 1 11],8,11,12,3,11
1,<environment.Job instance at 0x1477b52ef690>,4,1,[2 5],5,5,6,0,5
1,<environment.Job instance at 0x1477d95186e0>,0,1,[ 2 10],1,1,2,0,1
1,<environment.Job instance at 0x1477b52ef0f0>,4,24,[10  2],5,5,29,0,5
1,<environment.Job instance at 0x1477b5c9df50>,5,1,[ 1 12],9,29,30,20,29
1,<environment.Job instance at 0x1477d97acaa0>,6,1,[ 1 11],8,16,17,8,16
1,<environment.Job instance at 0x1477d97ac730>,5,3,[7 2],7,18,21,11,18
1,<environment.Job instance at 0x1477d97ac280>,4,3,[6 1],6,33,36,27,33
1,<environment.Job instance at 0x1477b5c9dd70>,1,3,[13  2],3,49,52,46,49
1,<environment.Job instance at 0x1477d97acdc0>,3,22,[1 6],5,194,216,189,194
1,<environment.Job instance at 0x1477d93b1be0>,6,1,[1 6],9,24,25,15,24
1,<environment.Job instance at 0x1477dc726b90>,1,2,[7 2],2,2,4,0,2
1,<environment.Job instance at 0x1477dc7263c0>,0,28,[1 7],1,3,31,2,3
1,<environment.Job instance at 0x1477dc726280>,3,1,[ 2 12],4,31,32,27,6
1,<environment.Job instance at 0x1477dc726dc0>,5,13,[6 1],6,9,22,3,9
1,<environment.Job instance at 0x1477b5a2ef00>,4,1,[ 2 10],9,9,10,0,9
1,<environment.Job instance at 0x1477d88c5780>,6,3,[2 9],9,9,12,0,9
1,<environment.Job instance at 0x1477b5b70c30>,3,21,[5 2],6,10,31,4,10
1,<environment.Job instance at 0x1477d8a8be10>,4,2,[13  2],8,107,109,99,107
1,<environment.Job instance at 0x1477b55a1410>,2,24,[7 1],4,4,28,0,4
1,<environment.Job instance at 0x1477b5682a00>,6,27,[6 1],9,9,36,0,9
1,<environment.Job instance at 0x1477b59f5460>,2,23,[8 2],3,3,26,0,3
1,<environment.Job instance at 0x1477b53fba50>,1,2,[2 9],4,18,20,14,18
1,<environment.Job instance at 0x1477b53fb870>,2,2,[5 2],5,90,92,85,90
1,<environment.Job instance at 0x1477d89c8870>,4,1,[1 5],9,254,255,245,254
1,<environment.Job instance at 0x1477b53fbe60>,3,1,[9 2],8,347,348,339,347
1,<environment.Job instance at 0x1477de682320>,2,1,[8 1],3,3,4,0,3
1,<environment.Job instance at 0x1477de6822d0>,3,1,[ 2 10],4,4,5,0,4
1,<environment.Job instance at 0x1477ddbd5640>,5,1,[7 2],6,6,7,0,6
1,<environment.Job instance at 0x1477b5df44b0>,0,1,[2 5],2,2,3,0,2
1,<environment.Job instance at 0x1477d8a22280>,2,25,[8 1],6,6,31,0,6
1,<environment.Job instance at 0x1477b58f3aa0>,2,28,[11  1],3,3,31,0,3
1,<environment.Job instance at 0x1477b544e870>,6,16,[7 2],8,47,63,39,47
1,<environment.Job instance at 0x1477d9561a00>,7,19,[2 8],9,1477,1496,1468,1477
1,<environment.Job instance at 0x1477d9561a00>,1,1,[2 8],5,6,7,1,6
1,<environment.Job instance at 0x1477ddbba140>,2,17,[14  1],6,19,36,13,19
1,<environment.Job instance at 0x1477b5fe6c80>,4,1,[5 1],9,53,54,44,53
1,<environment.Job instance at 0x1477b544e5f0>,1,23,[7 1],2,2,25,0,2
1,<environment.Job instance at 0x1477b52fffa0>,0,25,[ 1 10],1,19,44,18,19
1,<environment.Job instance at 0x1477d88e26e0>,1,1,[5 1],2,3,4,1,3
1,<environment.Job instance at 0x1477d9823eb0>,1,1,[14  1],4,4,5,0,4
1,<environment.Job instance at 0x1477b58794b0>,0,2,[11  1],1,3,5,2,3
1,<environment.Job instance at 0x1477ddc6fd70>,4,2,[8 2],8,26,28,18,26
1,<environment.Job instance at 0x1477ddc6fe10>,5,3,[11  1],9,39,42,30,39
1,<environment.Job instance at 0x1477ddc6f280>,2,3,[13  1],4,151,154,147,151
1,<environment.Job instance at 0x1477d7128370>,2,26,[1 6],3,3,29,0,3
1,<environment.Job instance at 0x1477d40a8a00>,6,3,[ 2 12],8,177,180,169,177
1,<environment.Job instance at 0x1477d7128e10>,1,1,[ 2 12],2,181,182,179,181
1,<environment.Job instance at 0x1477d40a8cd0>,7,1,[ 2 10],9,187,188,178,187
1,<environment.Job instance at 0x1477b5f281e0>,1,1,[7 2],2,3,4,1,3
1,<environment.Job instance at 0x1477b568f820>,3,3,[1 6],4,4,7,0,4
1,<environment.Job instance at 0x1477b5857960>,4,2,[2 7],5,5,7,0,5
1,<environment.Job instance at 0x1477b5857b90>,5,25,[7 1],6,6,31,0,6
1,<environment.Job instance at 0x1477b5f1bc30>,1,1,[1 6],6,7,8,1,7
1,<environment.Job instance at 0x1477d4082500>,0,25,[ 2 14],1,5,30,4,5
1,<environment.Job instance at 0x1477d9523a00>,1,22,[5 2],2,2,24,0,2
1,<environment.Job instance at 0x1477b5e6ba50>,3,2,[2 9],5,6,8,1,6
1,<environment.Job instance at 0x1477d9523550>,2,22,[13  2],4,24,46,20,17
1,<environment.Job instance at 0x1477d9523af0>,4,3,[ 2 10],6,19,22,13,19
1,<environment.Job instance at 0x1477d9523aa0>,0,23,[13  1],1,46,69,45,43
1,<environment.Job instance at 0x1477b5e6b500>,5,1,[2 7],7,87,88,80,87
1,<environment.Job instance at 0x1477b5e6baa0>,1,21,[5 1],2,2,23,0,2
1,<environment.Job instance at 0x1477b57209b0>,2,24,[5 2],6,6,30,0,6
1,<environment.Job instance at 0x1477b5720140>,0,3,[ 1 12],3,67,70,64,67
1,<environment.Job instance at 0x1477e070c8c0>,2,2,[6 2],4,4,6,0,4
1,<environment.Job instance at 0x1477b5fdf960>,3,22,[9 2],5,7,29,2,7
1,<environment.Job instance at 0x1477b5fdf0f0>,4,1,[ 2 10],8,8,9,0,8
1,<environment.Job instance at 0x1477e0709140>,3,2,[ 2 13],7,9,11,2,9
1,<environment.Job instance at 0x1477b53a3410>,1,1,[2 8],3,3,4,0,3
1,<environment.Job instance at 0x1477d8a7fc80>,5,3,[6 1],7,7,10,0,7
1,<environment.Job instance at 0x1477d8a7faa0>,1,1,[9 1],3,3,4,0,3
1,<environment.Job instance at 0x1477d8a7f190>,3,24,[6 1],5,5,29,0,5
1,<environment.Job instance at 0x1477b550b320>,1,19,[6 2],2,4,23,2,4
1,<environment.Job instance at 0x1477d6c73cd0>,4,25,[8 1],5,5,30,0,5
1,<environment.Job instance at 0x1477d6c73dc0>,5,25,[5 1],6,23,48,17,19
1,<environment.Job instance at 0x1477d6c73a00>,0,1,[1 9],2,2,3,0,2
1,<environment.Job instance at 0x1477b5d28d70>,5,28,[10  2],8,8,36,0,8
1,<environment.Job instance at 0x1477d6c73460>,3,3,[13  1],6,474,477,468,474
1,<environment.Job instance at 0x1477b5270aa0>,4,2,[7 1],8,9,11,1,9
1,<environment.Job instance at 0x1477b52705f0>,5,15,[7 1],9,15,30,6,15
1,<environment.Job instance at 0x1477d93d1640>,0,22,[1 5],1,1,23,0,1
1,<environment.Job instance at 0x1477b5e8bc80>,2,19,[ 1 11],3,317,336,314,317
1,<environment.Job instance at 0x1477d8b32af0>,1,18,[5 1],6,114,132,108,114
1,<environment.Job instance at 0x1477b526c690>,2,3,[12  2],8,309,312,301,309
1,<environment.Job instance at 0x1477b526c3c0>,3,2,[10  2],9,321,323,312,321
1,<environment.Job instance at 0x1477d8964f00>,4,22,[7 2],6,6,28,0,6
1,<environment.Job instance at 0x1477d8964280>,2,3,[2 8],4,4,7,0,4
1,<environment.Job instance at 0x1477b5c19cd0>,1,21,[2 7],3,7,28,4,7
1,<environment.Job instance at 0x1477d8ad1f00>,5,1,[2 6],8,8,9,0,8
1,<environment.Job instance at 0x1477d8ab9870>,0,21,[7 1],1,1,22,0,1
1,<environment.Job instance at 0x1477d8ab9370>,1,1,[2 8],6,7,8,1,7
1,<environment.Job instance at 0x1477d9427460>,0,1,[2 7],2,2,3,0,2
1,<environment.Job instance at 0x1477d9428dc0>,3,21,[10  2],7,8,29,1,8
1,<environment.Job instance at 0x1477b5241e10>,5,1,[5 1],9,9,10,0,9
1,<environment.Job instance at 0x1477b5a97230>,2,1,[1 5],4,7,8,3,7
1,<environment.Job instance at 0x1477ddcbe5f0>,5,3,[1 5],7,8,11,1,8
1,<environment.Job instance at 0x1477b5ddfc30>,6,1,[5 2],8,10,11,2,10
1,<environment.Job instance at 0x1477ddcbe500>,7,16,[10  2],9,11,27,2,10
1,<environment.Job instance at 0x1477ddcbe910>,3,13,[2 7],5,16,29,11,16
1,<environment.Job instance at 0x1477b5a977d0>,0,26,[1 6],2,22,48,20,22
1,<environment.Job instance at 0x1477ddcbe9b0>,4,15,[ 1 14],6,54,69,48,54
1,<environment.Job instance at 0x1477b5a97c80>,1,3,[12  2],3,87,90,84,87
1,<environment.Job instance at 0x1477d8967910>,1,1,[2 8],2,4,5,2,4
1,<environment.Job instance at 0x1477d8967f00>,2,24,[2 5],4,4,28,0,4
1,<environment.Job instance at 0x1477d8b1f8c0>,3,19,[ 2 13],5,1186,1205,1181,1186
1,<environment.Job instance at 0x1477b5c61730>,7,19,[10  2],9,9,28,0,9
1,<environment.Job instance at 0x1477b5c618c0>,6,28,[7 2],8,28,56,20,27
1,<environment.Job instance at 0x1477b5f3a730>,3,1,[ 1 13],5,5,6,0,5
1,<environment.Job instance at 0x1477d945de60>,5,17,[9 1],6,11,28,5,11
1,<environment.Job instance at 0x1477b59faa50>,6,15,[2 9],8,68,83,60,68
1,<environment.Job instance at 0x1477b59fabe0>,7,24,[10  2],9,375,399,366,375
1,<environment.Job instance at 0x1477b59fabe0>,4,24,[2 7],7,39,63,32,39
1,<environment.Job instance at 0x1477b5ac1140>,0,2,[1 7],1,3,5,2,3
1,<environment.Job instance at 0x1477b5daf230>,1,15,[5 2],2,3,18,1,3
1,<environment.Job instance at 0x1477d405ab40>,1,1,[14  1],5,5,6,0,5
1,<environment.Job instance at 0x1477b5d76d20>,3,2,[2 9],7,7,9,0,7
1,<environment.Job instance at 0x1477d4047e10>,5,2,[12  1],9,32,34,23,32
1,<environment.Job instance at 0x1477b5d769b0>,4,28,[14  2],8,643,671,635,643
1,<environment.Job instance at 0x1477d94d7dc0>,6,17,[1 9],8,42,59,34,42
1,<environment.Job instance at 0x1477b54e0640>,4,12,[6 1],5,59,71,54,59
1,<environment.Job instance at 0x1477b54e0730>,2,2,[11  1],3,131,133,128,131
1,<environment.Job instance at 0x1477b5d22af0>,3,2,[ 1 13],4,4,6,0,4
1,<environment.Job instance at 0x1477d94d7910>,4,1,[1 6],5,6,7,1,5
1,<environment.Job instance at 0x1477b5d22780>,5,1,[13  2],7,7,8,0,7
1,<environment.Job instance at 0x1477b54d9910>,6,2,[ 2 12],8,8,10,0,8
1,<environment.Job instance at 0x1477b5d11190>,0,1,[2 8],1,1,2,0,1
1,<environment.Job instance at 0x1477b55d3960>,0,1,[2 9],1,2,3,1,2
1,<environment.Job instance at 0x1477b55d31e0>,2,17,[7 1],3,6,23,3,6
1,<environment.Job instance at 0x1477b5f507d0>,5,2,[1 8],9,9,11,0,9
1,<environment.Job instance at 0x1477d8b58f50>,0,1,[1 9],1,1,2,0,1
1,<environment.Job instance at 0x1477b5f507d0>,2,17,[7 1],4,5,22,1,5
1,<environment.Job instance at 0x1477d8b58960>,1,18,[ 1 14],3,8,26,5,8
1,<environment.Job instance at 0x1477b5f2bbe0>,5,14,[7 1],9,22,36,13,9
1,<environment.Job instance at 0x1477b5f2b910>,4,2,[ 1 10],8,37,39,29,37
1,<environment.Job instance at 0x1477d8861cd0>,0,1,[ 2 13],2,3,4,1,3
1,<environment.Job instance at 0x1477b58967d0>,4,1,[2 8],6,6,7,0,6
1,<environment.Job instance at 0x1477b52f82d0>,3,3,[ 2 12],7,1655,1658,1648,1655
1,<environment.Job instance at 0x1477d955b4b0>,1,13,[6 1],3,3,16,0,3
1,<environment.Job instance at 0x1477d955b9b0>,0,21,[1 5],2,4,25,2,4
1,<environment.Job instance at 0x1477d955baf0>,1,22,[1 5],2,2,24,0,2
1,<environment.Job instance at 0x1477d8b334b0>,0,1,[10  2],1,2,3,1,2
1,<environment.Job instance at 0x1477d8b331e0>,1,1,[5 2],3,3,4,0,3
1,<environment.Job instance at 0x1477b5764370>,3,1,[5 2],6,6,7,0,6
1,<environment.Job instance at 0x1477b56e7280>,0,21,[ 1 10],3,6,27,3,6
1,<environment.Job instance at 0x1477d93bb550>,1,22,[6 1],2,2,24,0,2
1,<environment.Job instance at 0x1477d8a60e60>,6,24,[1 5],9,40,64,31,40
1,<environment.Job instance at 0x1477b54e46e0>,4,1,[1 8],6,13,14,7,13
1,<environment.Job instance at 0x1477d8a736e0>,1,3,[11  1],2,14,17,12,14
1,<environment.Job instance at 0x1477b54e4f50>,5,18,[5 1],7,18,36,11,18
1,<environment.Job instance at 0x1477d8a73140>,2,14,[12  1],4,51,65,47,51
1,<environment.Job instance at 0x1477b54e40a0>,3,1,[1 7],5,62,63,57,62
1,<environment.Job instance at 0x1477b5d4df00>,3,3,[14  2],5,6,9,1,6
1,<environment.Job instance at 0x1477b54e4a50>,5,3,[9 1],9,9,12,0,9
1,<environment.Job instance at 0x1477d89765a0>,2,13,[12  1],6,6,19,0,6
1,<environment.Job instance at 0x1477dc757730>,0,24,[ 1 10],1,13,37,12,13
1,<environment.Job instance at 0x1477b596c500>,1,25,[2 9],4,4,29,0,4
1,<environment.Job instance at 0x1477b596c910>,2,1,[7 2],6,6,7,0,6
1,<environment.Job instance at 0x1477b53580a0>,7,1,[7 1],9,9,10,0,9
1,<environment.Job instance at 0x1477b5e43f50>,0,22,[8 2],2,3,25,1,3
1,<environment.Job instance at 0x1477b5870cd0>,5,1,[2 7],8,8,9,0,8
1,<environment.Job instance at 0x1477b5874410>,4,16,[10  1],9,9,25,0,9
1,<environment.Job instance at 0x1477b58ab1e0>,3,23,[2 7],8,15,38,7,15
1,<environment.Job instance at 0x1477b5431370>,1,26,[ 1 10],2,4,30,2,4
1,<environment.Job instance at 0x1477d89055a0>,5,21,[5 2],7,13,34,6,13
1,<environment.Job instance at 0x1477d8905190>,7,12,[8 2],9,29,41,20,29
1,<environment.Job instance at 0x1477dfbf2be0>,1,1,[6 2],2,2,3,0,2
1,<environment.Job instance at 0x1477b5258780>,6,1,[9 1],8,8,9,0,8
1,<environment.Job instance at 0x1477d8ab33c0>,3,2,[1 6],7,2745,2747,2738,2745
1,<environment.Job instance at 0x1477b5811dc0>,0,27,[1 6],1,3,30,2,3
1,<environment.Job instance at 0x1477b593fb40>,6,22,[ 1 11],8,11,33,3,11
1,<environment.Job instance at 0x1477de632640>,5,20,[5 1],7,26,46,19,26
1,<environment.Job instance at 0x1477de632780>,7,12,[2 7],9,33,45,24,27
1,<environment.Job instance at 0x1477b52d9280>,2,16,[2 5],4,4,20,0,4
1,<environment.Job instance at 0x1477b52d94b0>,3,3,[5 1],5,5,8,0,5
1,<environment.Job instance at 0x1477b5da19b0>,0,1,[9 2],1,2,3,1,2
1,<environment.Job instance at 0x1477b5da1370>,1,3,[2 6],2,5,8,3,5
1,<environment.Job instance at 0x1477b5da1910>,3,20,[5 2],5,5,25,0,5
1,<environment.Job instance at 0x1477b58da3c0>,5,2,[ 1 14],7,26,28,19,26
1,<environment.Job instance at 0x1477b5cad6e0>,5,3,[12  1],6,484,487,478,484
1,<environment.Job instance at 0x1477de62a460>,3,28,[2 6],5,231,259,226,231
1,<environment.Job instance at 0x1477d8929320>,3,1,[8 1],6,6,7,0,6
1,<environment.Job instance at 0x1477d8929280>,4,27,[8 1],7,7,34,0,7
1,<environment.Job instance at 0x1477b5786690>,2,1,[ 1 11],7,8,9,1,8
1,<environment.Job instance at 0x1477d8ab7140>,2,1,[2 9],4,5,6,1,5
1,<environment.Job instance at 0x1477d8ac6820>,2,2,[ 2 10],3,3,5,0,3
1,<environment.Job instance at 0x1477d982dc80>,1,19,[5 1],3,7,26,4,7
1,<environment.Job instance at 0x1477b5bf10a0>,6,21,[2 8],9,14,35,5,14
1,<environment.Job instance at 0x1477ddb8c7d0>,0,1,[ 2 10],3,3,4,0,3
1,<environment.Job instance at 0x1477b5b86b40>,2,24,[9 1],5,5,29,0,5
1,<environment.Job instance at 0x1477b5bf15a0>,1,2,[14  1],4,29,31,25,18
1,<environment.Job instance at 0x1477d891a370>,6,22,[7 1],8,8,30,0,8
1,<environment.Job instance at 0x1477d891abe0>,5,1,[ 2 14],7,22,23,15,22
1,<environment.Job instance at 0x1477d891acd0>,7,1,[2 9],9,53,54,44,53
1,<environment.Job instance at 0x1477b5308a00>,2,2,[2 7],4,9,11,5,9
1,<environment.Job instance at 0x1477b5308b90>,3,18,[7 1],5,12,30,7,12
1,<environment.Job instance at 0x1477b53086e0>,4,3,[8 1],6,30,33,24,30
1,<environment.Job instance at 0x1477b5308370>,0,3,[13  1],1,859,862,858,859
1,<environment.Job instance at 0x1477d9445050>,0,1,[1 5],1,2,3,1,2
1,<environment.Job instance at 0x1477d9445460>,5,1,[5 1],9,9,10,0,9
1,<environment.Job instance at 0x1477b572faf0>,1,2,[1 9],3,12,14,9,12
1,<environment.Job instance at 0x1477b572ff00>,3,25,[9 1],5,20,45,15,20
1,<environment.Job instance at 0x1477b572f280>,6,2,[9 2],9,45,47,36,34
1,<environment.Job instance at 0x1477b572f690>,2,2,[8 1],4,85,87,81,85
1,<environment.Job instance at 0x1477b572f500>,4,3,[2 5],6,134,137,128,134
1,<environment.Job instance at 0x1477b572f500>,4,1,[10  1],5,5,6,0,5
1,<environment.Job instance at 0x1477d8b58640>,1,2,[1 7],2,2,4,0,2
1,<environment.Job instance at 0x1477de665320>,3,28,[8 1],4,4,32,0,4
1,<environment.Job instance at 0x1477d8902cd0>,0,27,[2 7],1,4,31,3,4
1,<environment.Job instance at 0x1477b5908320>,4,2,[1 9],7,31,33,24,7
1,<environment.Job instance at 0x1477d93d1b40>,1,15,[7 1],2,7,22,5,7
1,<environment.Job instance at 0x1477b5d225f0>,0,1,[ 1 12],6,7,8,1,7
1,<environment.Job instance at 0x1477d93d1aa0>,1,3,[12  1],8,29,32,21,29
1,<environment.Job instance at 0x1477ddba96e0>,3,19,[10  1],5,5,24,0,5
1,<environment.Job instance at 0x1477ddba9eb0>,1,1,[12  2],2,24,25,22,10
1,<environment.Job instance at 0x1477ddba9370>,4,18,[9 2],6,25,43,19,15
1,<environment.Job instance at 0x1477ddba92d0>,5,23,[6 2],8,25,48,17,19
1,<environment.Job instance at 0x1477b5b6f640>,1,1,[6 1],3,3,4,0,3
1,<environment.Job instance at 0x1477b51cfaa0>,1,1,[14  2],4,8,9,4,8
1,<environment.Job instance at 0x1477ddc3af00>,1,2,[12  1],4,10,12,6,10
1,<environment.Job instance at 0x1477d97d2460>,5,1,[1 8],6,6,7,0,6
1,<environment.Job instance at 0x1477d955b9b0>,5,3,[ 2 13],8,15,18,7,15
1,<environment.Job instance at 0x1477d94eec30>,4,1,[5 2],6,7,8,1,7
1,<environment.Job instance at 0x1477d7181230>,5,1,[2 6],7,7,8,0,7
1,<environment.Job instance at 0x1477d7181fa0>,1,2,[1 5],3,8,10,5,8
1,<environment.Job instance at 0x1477d7181fa0>,3,2,[ 1 11],4,96,98,92,96
1,<environment.Job instance at 0x1477b5e8c050>,5,1,[ 1 10],8,111,112,103,111
1,<environment.Job instance at 0x1477b5eacfa0>,4,1,[ 2 10],5,112,113,107,111
1,<environment.Job instance at 0x1477b53996e0>,7,3,[5 1],9,35,38,26,35
1,<environment.Job instance at 0x1477b5b64cd0>,0,20,[7 2],1,1,21,0,1
1,<environment.Job instance at 0x1477b5b64aa0>,5,1,[10  2],9,83,84,74,83
1,<environment.Job instance at 0x1477b5385190>,1,3,[ 1 13],2,950,953,948,950
1,<environment.Job instance at 0x1477b5b64be0>,3,14,[14  1],5,1250,1264,1245,1250
1,<environment.Job instance at 0x1477d940abe0>,2,1,[ 2 10],5,5,6,0,5
1,<environment.Job instance at 0x1477b5f9c460>,3,3,[ 1 14],6,25,28,19,25
1,<environment.Job instance at 0x1477b5fbc500>,0,24,[7 1],1,1,25,0,1
1,<environment.Job instance at 0x1477d89075a0>,1,2,[8 1],2,2,4,0,2
1,<environment.Job instance at 0x1477d8abd0f0>,2,2,[6 2],3,3,5,0,3
1,<environment.Job instance at 0x1477d8abd820>,3,1,[2 5],4,4,5,0,4
1,<environment.Job instance at 0x1477de5710f0>,0,1,[1 5],4,4,5,0,4
1,<environment.Job instance at 0x1477b5f4d500>,1,1,[1 5],6,6,7,0,6
1,<environment.Job instance at 0x1477b5842b40>,2,3,[ 1 13],3,5,8,2,5
1,<environment.Job instance at 0x1477b5842e10>,3,27,[6 2],4,5,32,1,5
1,<environment.Job instance at 0x1477b5842960>,0,2,[12  1],1,45,47,44,45
1,<environment.Job instance at 0x1477b5a9b550>,6,3,[ 1 14],9,56,59,47,56
1,<environment.Job instance at 0x1477b5ab71e0>,4,2,[9 1],6,134,136,128,134
1,<environment.Job instance at 0x1477b5ab78c0>,5,15,[ 1 10],8,146,161,138,146
1,<environment.Job instance at 0x1477b5ab7550>,3,2,[13  1],5,146,148,141,146
1,<environment.Job instance at 0x1477b5ab7dc0>,6,3,[1 8],9,161,164,152,151
1,<environment.Job instance at 0x1477b5aeabe0>,2,27,[1 8],5,6,33,1,6
1,<environment.Job instance at 0x1477b5828fa0>,5,1,[ 1 10],9,9,10,0,9
1,<environment.Job instance at 0x1477b54ea1e0>,2,1,[ 2 11],3,3,4,0,3
1,<environment.Job instance at 0x1477b54eab40>,6,2,[8 1],8,164,166,156,164
1,<environment.Job instance at 0x1477b54eadc0>,7,1,[2 6],9,206,207,197,206
1,<environment.Job instance at 0x1477b54eaf00>,4,3,[13  1],6,242,245,236,242
1,<environment.Job instance at 0x1477d718e460>,1,3,[7 1],2,2,5,0,2
1,<environment.Job instance at 0x1477dfb52b40>,2,2,[5 1],4,4,6,0,4
1,<environment.Job instance at 0x1477dfb52140>,3,15,[8 2],5,9,24,4,9
1,<environment.Job instance at 0x1477ddcf50a0>,6,19,[8 2],8,24,43,16,14
1,<environment.Job instance at 0x1477ddcf5d70>,2,2,[1 8],3,3,5,0,3
1,<environment.Job instance at 0x1477ddcf5d20>,0,27,[ 2 10],1,5,32,4,3
1,<environment.Job instance at 0x1477d88c54b0>,5,26,[1 5],6,6,32,0,6
1,<environment.Job instance at 0x1477d88c59b0>,6,1,[1 6],8,32,33,24,8
1,<environment.Job instance at 0x1477b5fddaa0>,3,1,[10  1],5,925,926,920,925
1,<environment.Job instance at 0x1477de562be0>,5,1,[1 8],7,7,8,0,7
1,<environment.Job instance at 0x1477de562b90>,6,23,[1 7],8,15,38,7,15
1,<environment.Job instance at 0x1477b5369910>,0,1,[9 2],1,2,3,1,2
1,<environment.Job instance at 0x1477b53697d0>,3,1,[2 7],7,9,10,2,9
1,<environment.Job instance at 0x1477de668320>,6,1,[7 1],8,11,12,3,11
1,<environment.Job instance at 0x1477de668e10>,4,1,[ 1 12],6,18,19,12,18
1,<environment.Job instance at 0x1477d89e13c0>,3,1,[9 1],4,5,6,1,5
1,<environment.Job instance at 0x1477d8427e10>,4,21,[ 1 14],5,5,26,0,5
1,<environment.Job instance at 0x1477d84277d0>,1,2,[11  2],2,26,28,24,16
1,<environment.Job instance at 0x1477d8427c80>,5,25,[5 1],7,28,53,21,24
1,<environment.Job instance at 0x1477d8427500>,6,12,[8 2],8,44,56,36,44
1,<environment.Job instance at 0x1477d8427aa0>,1,23,[7 1],2,4,27,2,4
1,<environment.Job instance at 0x1477b5327be0>,4,3,[2 8],9,9,12,0,9
1,<environment.Job instance at 0x1477b5666140>,1,24,[2 9],3,12,36,9,9
1,<environment.Job instance at 0x1477b586c320>,2,19,[7 1],6,6,25,0,6
1,<environment.Job instance at 0x1477b586ccd0>,3,2,[ 1 10],7,24,26,17,24
1,<environment.Job instance at 0x1477daad2e10>,6,2,[ 1 10],8,800,802,792,800
1,<environment.Job instance at 0x1477de51baf0>,2,14,[8 1],3,3,17,0,3
1,<environment.Job instance at 0x1477b591a5f0>,7,3,[11  2],9,17,20,8,17
1,<environment.Job instance at 0x1477daad2140>,1,23,[1 7],2,19,42,17,19
1,<environment.Job instance at 0x1477b591adc0>,1,1,[7 1],3,3,4,0,3
1,<environment.Job instance at 0x1477b567bc30>,2,1,[ 2 13],4,4,5,0,4
1,<environment.Job instance at 0x1477b5387e60>,3,1,[1 5],6,6,7,0,6
1,<environment.Job instance at 0x1477b57ddeb0>,4,14,[8 2],6,59,73,53,59
1,<environment.Job instance at 0x1477d9804780>,5,1,[1 8],9,63,64,54,63
1,<environment.Job instance at 0x1477d9804050>,1,3,[ 2 12],2,64,67,62,63
1,<environment.Job instance at 0x1477b567baa0>,3,2,[11  1],5,149,151,144,149
1,<environment.Job instance at 0x1477b5d327d0>,3,2,[ 1 13],5,9,11,4,9
1,<environment.Job instance at 0x1477b5d32be0>,4,17,[2 9],7,14,31,7,14
1,<environment.Job instance at 0x1477b5d32b90>,6,16,[6 1],9,17,33,8,17
1,<environment.Job instance at 0x1477b5d32e10>,1,2,[14  1],3,33,35,30,29
1,<environment.Job instance at 0x1477b5b77320>,2,2,[1 5],4,7,9,3,7
1,<environment.Job instance at 0x1477b57c2230>,2,1,[5 2],5,5,6,0,5
1,<environment.Job instance at 0x1477d89ef1e0>,6,15,[1 5],9,505,520,496,505
1,<environment.Job instance at 0x1477b51b0d70>,0,1,[2 7],1,1,2,0,1
1,<environment.Job instance at 0x1477d952b190>,1,1,[8 1],2,2,3,0,2
1,<environment.Job instance at 0x1477b5715050>,2,1,[2 8],3,3,4,0,3
1,<environment.Job instance at 0x1477b5715550>,3,1,[7 2],4,4,5,0,4
1,<environment.Job instance at 0x1477d952b0a0>,4,1,[2 7],5,6,7,1,6
1,<environment.Job instance at 0x1477d8b30370>,2,23,[6 2],3,4,27,1,4
1,<environment.Job instance at 0x1477d8868f50>,4,28,[ 2 10],5,5,33,0,5
1,<environment.Job instance at 0x1477b57441e0>,5,3,[7 1],6,6,9,0,6
1,<environment.Job instance at 0x1477d8868910>,6,3,[ 2 14],7,33,36,26,7
1,<environment.Job instance at 0x1477d8868460>,7,22,[5 2],8,9,31,1,8
1,<environment.Job instance at 0x1477d9555c80>,2,2,[ 1 12],7,23,25,16,23
1,<environment.Job instance at 0x1477b56e2730>,3,24,[ 2 10],5,6,30,1,6
1,<environment.Job instance at 0x1477b56efb40>,0,3,[14  2],2,409,412,407,409
1,<environment.Job instance at 0x1477b56efeb0>,1,3,[ 1 13],5,419,422,414,419
1,<environment.Job instance at 0x1477d8a5ab90>,3,2,[7 2],4,6,8,2,6
1,<environment.Job instance at 0x1477d8a5a960>,0,3,[ 2 12],1,45,48,44,45
1,<environment.Job instance at 0x1477d8a5aaa0>,4,2,[9 1],5,57,59,52,57
1,<environment.Job instance at 0x1477b5cad0a0>,5,14,[2 7],6,237,251,231,237
1,<environment.Job instance at 0x1477b5cadd70>,6,3,[2 9],7,335,338,328,335
1,<environment.Job instance at 0x1477b5fab690>,3,1,[1 6],4,4,5,0,4
1,<environment.Job instance at 0x1477de5ce190>,4,1,[2 9],5,5,6,0,5
1,<environment.Job instance at 0x1477de5ce640>,1,2,[ 1 10],4,5,7,1,5
1,<environment.Job instance at 0x1477d94b2140>,4,3,[12  1],8,140,143,132,140
1,<environment.Job instance at 0x1477b5caa4b0>,0,1,[10  2],1,2,3,1,2
1,<environment.Job instance at 0x1477d9808eb0>,2,2,[8 1],3,3,5,0,3
1,<environment.Job instance at 0x1477d98085a0>,3,1,[ 1 10],4,4,5,0,4
1,<environment.Job instance at 0x1477d9808500>,4,25,[1 6],5,5,30,0,5
1,<environment.Job instance at 0x1477ddc93b90>,6,1,[2 5],9,16,17,7,16
1,<environment.Job instance at 0x1477d9400dc0>,3,2,[14  2],4,21,23,17,21
1,<environment.Job instance at 0x1477ddc935f0>,5,1,[2 9],8,35,36,27,35
1,<environment.Job instance at 0x1477daac2f00>,0,1,[5 2],2,3,4,1,3
1,<environment.Job instance at 0x1477b5a83730>,2,2,[ 1 14],9,11,13,2,11
1,<environment.Job instance at 0x1477d97fb960>,1,23,[6 2],2,2,25,0,2
1,<environment.Job instance at 0x1477d97fb500>,5,3,[ 2 13],7,43,46,36,43
1,<environment.Job instance at 0x1477d97fb0f0>,6,3,[ 2 10],8,111,114,103,111
1,<environment.Job instance at 0x1477d97fb640>,1,26,[ 2 10],3,3,29,0,3
1,<environment.Job instance at 0x1477de5d1aa0>,4,2,[6 1],7,258,260,251,258
1,<environment.Job instance at 0x1477d9427460>,0,1,[1 6],2,3,4,1,3
1,<environment.Job instance at 0x1477d94092d0>,4,2,[2 6],8,8,10,0,8
1,<environment.Job instance at 0x1477d9409fa0>,1,1,[2 7],2,2,3,0,2
1,<environment.Job instance at 0x1477d8925230>,4,15,[7 2],5,5,20,0,5
1,<environment.Job instance at 0x1477d8925910>,7,1,[7 1],8,175,176,167,175
1,<environment.Job instance at 0x1477d8925d70>,5,2,[14  2],6,209,211,203,209
1,<environment.Job instance at 0x1477ddcde3c0>,6,2,[ 2 12],7,48,50,41,48
1,<environment.Job instance at 0x1477ddcde370>,8,3,[7 1],9,61,64,52,61
1,<environment.Job instance at 0x1477b52afa00>,3,22,[8 2],7,7,29,0,7
1,<environment.Job instance at 0x1477d97c6f50>,1,23,[8 1],2,2,25,0,2
1,<environment.Job instance at 0x1477d895d870>,4,3,[10  1],5,35,38,30,35
1,<environment.Job instance at 0x1477b5bcbbe0>,0,3,[14  2],1,38,41,37,35
1,<environment.Job instance at 0x1477b5bcb6e0>,6,13,[9 1],8,46,59,38,46
1,<environment.Job instance at 0x1477b5bcb550>,5,2,[6 1],6,57,59,51,57
1,<environment.Job instance at 0x1477b52afdc0>,3,1,[ 2 12],4,75,76,71,75
1,<environment.Job instance at 0x1477d8ab7a50>,5,3,[8 1],6,6,9,0,6
1,<environment.Job instance at 0x1477d8ab7910>,6,24,[ 2 12],8,8,32,0,8
1,<environment.Job instance at 0x1477d77d3500>,0,1,[7 2],1,3,4,2,3
1,<environment.Job instance at 0x1477d77d32d0>,3,1,[2 5],5,5,6,0,5
1,<environment.Job instance at 0x1477b5feaa00>,4,26,[1 5],6,6,32,0,6
1,<environment.Job instance at 0x1477d88d0c80>,6,1,[12  2],8,12,13,4,12
1,<environment.Job instance at 0x1477d977f9b0>,7,3,[9 1],9,135,138,126,135
1,<environment.Job instance at 0x1477d88a49b0>,2,1,[10  2],3,31,32,28,31
1,<environment.Job instance at 0x1477d88a4b40>,3,3,[1 8],4,31,34,27,31
1,<environment.Job instance at 0x1477d8b1fb40>,8,17,[6 1],9,32,49,23,31
1,<environment.Job instance at 0x1477d713ad70>,4,12,[8 2],5,113,125,108,113
1,<environment.Job instance at 0x1477d713a820>,6,3,[ 2 13],7,2945,2948,2938,2945
1,<environment.Job instance at 0x1477b59cbaa0>,2,22,[10  1],4,17,39,13,17
1,<environment.Job instance at 0x1477b59cbd70>,3,1,[5 2],6,1318,1319,1312,1318
1,<environment.Job instance at 0x1477ddbe8d70>,0,1,[5 1],3,4,5,1,4
1,<environment.Job instance at 0x1477ddbe8910>,3,1,[ 1 10],7,7,8,0,7
1,<environment.Job instance at 0x1477ddbe8140>,1,1,[1 7],4,19,20,15,19
1,<environment.Job instance at 0x1477b5f94eb0>,4,12,[5 1],5,9,21,4,9
1,<environment.Job instance at 0x1477ddbe8140>,8,22,[1 6],9,14,36,5,14
1,<environment.Job instance at 0x1477b5509500>,7,1,[11  1],8,21,22,13,18
1,<environment.Job instance at 0x1477ddcf3230>,0,1,[1 6],2,3,4,1,3
1,<environment.Job instance at 0x1477ddcf37d0>,2,2,[8 1],4,4,6,0,4
1,<environment.Job instance at 0x1477ddcf3140>,3,1,[6 2],5,5,6,0,5
1,<environment.Job instance at 0x1477ddcf3f00>,4,3,[2 7],6,6,9,0,6
1,<environment.Job instance at 0x1477ddcf3e60>,5,2,[2 9],7,9,11,2,7
1,<environment.Job instance at 0x1477dfb50fa0>,5,2,[2 6],6,6,8,0,6
1,<environment.Job instance at 0x1477b5a16780>,0,1,[1 5],2,3,4,1,3
1,<environment.Job instance at 0x1477b5997a50>,5,3,[2 6],8,8,11,0,8
1,<environment.Job instance at 0x1477b5a16190>,6,23,[1 7],9,9,32,0,9
1,<environment.Job instance at 0x1477d7196910>,3,26,[2 6],5,6,32,1,6
1,<environment.Job instance at 0x1477ddc318c0>,3,13,[12  1],6,20,33,14,20
1,<environment.Job instance at 0x1477d891bbe0>,0,2,[ 1 12],2,31,33,29,31
1,<environment.Job instance at 0x1477ddc31280>,5,2,[10  2],8,33,35,25,32
1,<environment.Job instance at 0x1477d891b3c0>,2,3,[ 2 14],5,36,39,31,36
1,<environment.Job instance at 0x1477d891ba50>,4,2,[2 6],7,39,41,32,38
1,<environment.Job instance at 0x1477b5ab0a00>,3,28,[6 2],6,8,36,2,8
1,<environment.Job instance at 0x1477d952bf50>,5,20,[1 5],9,11,31,2,11
1,<environment.Job instance at 0x1477b5b18eb0>,2,2,[2 8],4,4,6,0,4
1,<environment.Job instance at 0x1477ddceb730>,2,3,[ 2 12],3,25,28,22,25
1,<environment.Job instance at 0x1477b56e4eb0>,1,1,[1 6],2,2,3,0,2
1,<environment.Job instance at 0x1477b56e40a0>,2,27,[1 7],3,3,30,0,3
1,<environment.Job instance at 0x1477b56e49b0>,5,1,[ 1 11],6,30,31,24,7
1,<environment.Job instance at 0x1477d77ca960>,7,2,[6 2],8,8,10,0,8
1,<environment.Job instance at 0x1477b5b58410>,6,23,[11  2],7,24,47,17,24
1,<environment.Job instance at 0x1477d8b94140>,3,1,[ 1 10],5,5,6,0,5
1,<environment.Job instance at 0x1477d8b94f50>,4,21,[12  1],8,186,207,178,186
1,<environment.Job instance at 0x1477d978eb40>,0,28,[8 1],2,3,31,1,3
1,<environment.Job instance at 0x1477b570d190>,0,21,[6 1],1,1,22,0,1
1,<environment.Job instance at 0x1477ddc45050>,0,1,[6 2],1,2,3,1,2
1,<environment.Job instance at 0x1477ddc45f50>,2,25,[5 2],4,5,30,1,5
1,<environment.Job instance at 0x1477de5eeb90>,0,2,[1 6],1,3,5,2,3
1,<environment.Job instance at 0x1477de5eebe0>,2,16,[11  1],3,3,19,0,3
1,<environment.Job instance at 0x1477b5a97190>,6,2,[2 6],8,502,504,494,502
1,<environment.Job instance at 0x1477d89dc2d0>,2,1,[1 8],5,6,7,1,6
1,<environment.Job instance at 0x1477b54ccfa0>,3,17,[7 1],6,6,23,0,6
1,<environment.Job instance at 0x1477b5acc9b0>,5,16,[5 1],8,21,37,13,21
1,<environment.Job instance at 0x1477b57ddf50>,1,1,[ 1 11],2,4,5,2,4
1,<environment.Job instance at 0x1477b57dd3c0>,0,2,[ 1 12],1,6,8,5,6
1,<environment.Job instance at 0x1477b57dd7d0>,5,22,[5 1],7,7,29,0,7
1,<environment.Job instance at 0x1477b57dd640>,7,1,[ 1 12],9,23,24,14,23
1,<environment.Job instance at 0x1477b57dd780>,2,13,[11  2],4,59,72,55,59
1,<environment.Job instance at 0x1477ddc7f9b0>,0,27,[8 2],1,2,29,1,2
1,<environment.Job instance at 0x1477ddbee730>,8,3,[2 7],9,10,13,1,10
1,<environment.Job instance at 0x1477ddbee6e0>,7,2,[5 1],8,19,21,11,19
1,<environment.Job instance at 0x1477d717f730>,5,2,[6 2],6,2095,2097,2089,2095
1,<environment.Job instance at 0x1477ddbeebe0>,6,2,[ 1 14],7,2414,2416,2407,2414
1,<environment.Job instance at 0x1477b5475140>,4,1,[ 2 10],7,7,8,0,7
1,<environment.Job instance at 0x1477d97d2870>,2,18,[6 1],5,5,23,0,5
1,<environment.Job instance at 0x1477d97d2190>,4,2,[1 8],8,15,17,7,15
1,<environment.Job instance at 0x1477d97d2dc0>,0,3,[ 2 14],1,140,143,139,140
1,<environment.Job instance at 0x1477d715b280>,0,2,[ 1 11],1,20,22,19,20
1,<environment.Job instance at 0x1477d715baa0>,2,13,[7 2],4,22,35,18,22
1,<environment.Job instance at 0x1477d715bb40>,3,3,[1 8],7,29,32,22,29
1,<environment.Job instance at 0x1477b51f79b0>,4,1,[1 8],8,49,50,41,49
1,<environment.Job instance at 0x1477b57f4870>,0,1,[6 1],1,1,2,0,1
1,<environment.Job instance at 0x1477b57f4320>,1,1,[14  2],2,3,4,1,3
1,<environment.Job instance at 0x1477b5c92320>,1,1,[ 1 13],3,3,4,0,3
1,<environment.Job instance at 0x1477b57defa0>,2,1,[6 2],4,4,5,0,4
1,<environment.Job instance at 0x1477b5d320f0>,7,1,[13  2],9,9,10,0,9
1,<environment.Job instance at 0x1477b5227870>,3,1,[1 5],4,5,6,1,5
1,<environment.Job instance at 0x1477d8b1f7d0>,4,17,[6 1],5,6,23,1,6
1,<environment.Job instance at 0x1477b5475a50>,1,2,[7 1],3,3,5,0,3
1,<environment.Job instance at 0x1477b5308690>,3,27,[6 1],5,5,32,0,5
1,<environment.Job instance at 0x1477b5475af0>,2,26,[1 7],4,20,46,16,20
1,<environment.Job instance at 0x1477b5308b40>,4,3,[ 1 14],7,46,49,39,45
1,<environment.Job instance at 0x1477b54dc780>,5,22,[1 7],8,120,142,112,120
1,<environment.Job instance at 0x1477d8a49780>,1,14,[5 1],3,8,22,5,8
1,<environment.Job instance at 0x1477de568460>,3,12,[14  1],8,37,49,29,37
1,<environment.Job instance at 0x1477d6ebf4b0>,1,1,[1 6],4,4,5,0,4
1,<environment.Job instance at 0x1477ddcf9f00>,3,2,[ 1 14],9,18,20,9,18
1,<environment.Job instance at 0x1477b5abdf50>,5,3,[5 2],9,25,28,16,25
1,<environment.Job instance at 0x1477b5adf5a0>,0,2,[12  1],1,2,4,1,2
1,<environment.Job instance at 0x1477b52c19b0>,2,1,[ 2 13],4,5,6,1,5
1,<environment.Job instance at 0x1477b52c15a0>,4,1,[10  1],6,6,7,0,6
1,<environment.Job instance at 0x1477b52c1c80>,5,1,[2 5],7,7,8,0,7
1,<environment.Job instance at 0x1477b52c1370>,6,1,[ 1 10],8,8,9,0,8
1,<environment.Job instance at 0x1477b52c1730>,7,1,[6 2],9,10,11,1,10
1,<environment.Job instance at 0x1477b5e0a960>,5,2,[ 1 10],9,11,13,2,11
1,<environment.Job instance at 0x1477b56b1af0>,1,22,[1 5],2,2,24,0,2
1,<environment.Job instance at 0x1477b57ab960>,5,27,[ 2 10],9,192,219,183,192
1,<environment.Job instance at 0x1477b57ab960>,2,1,[12  1],4,5,6,1,5
1,<environment.Job instance at 0x1477d77dff50>,3,1,[2 8],6,6,7,0,6
1,<environment.Job instance at 0x1477d77dfbe0>,4,22,[2 9],9,40,62,31,40
1,<environment.Job instance at 0x1477b53a9910>,5,2,[8 1],9,10,12,1,10
1,<environment.Job instance at 0x1477b523edc0>,6,12,[12  1],9,418,430,409,418
1,<environment.Job instance at 0x1477b5dccb40>,6,23,[13  1],7,56,79,49,56
1,<environment.Job instance at 0x1477b5dcccd0>,7,2,[6 2],9,79,81,70,58
1,<environment.Job instance at 0x1477b5dcc8c0>,4,2,[2 8],5,61,63,56,61
1,<environment.Job instance at 0x1477b52561e0>,2,13,[11  1],3,110,123,107,110
1,<environment.Job instance at 0x1477b5dcc370>,5,17,[13  1],6,123,140,117,111
1,<environment.Job instance at 0x1477b52562d0>,3,2,[8 2],4,152,154,148,152
1,<environment.Job instance at 0x1477b5bd9190>,0,1,[1 9],2,2,3,0,2
1,<environment.Job instance at 0x1477b5bd9640>,4,2,[2 6],6,6,8,0,6
1,<environment.Job instance at 0x1477b5bd9aa0>,1,27,[2 7],3,8,35,5,8
1,<environment.Job instance at 0x1477b5bd9690>,1,1,[1 8],3,5,6,2,5
1,<environment.Job instance at 0x1477de53b730>,6,1,[2 7],8,63,64,55,63
1,<environment.Job instance at 0x1477b532f410>,5,15,[8 2],7,565,580,558,565
1,<environment.Job instance at 0x1477d8b5b320>,3,16,[2 8],8,9,25,1,9
1,<environment.Job instance at 0x1477b5e9f2d0>,0,3,[13  2],2,4,7,2,4
1,<environment.Job instance at 0x1477b5e9f690>,2,2,[8 2],5,7,9,2,5
1,<environment.Job instance at 0x1477b55aff00>,3,3,[6 2],6,7,10,1,6
1,<environment.Job instance at 0x1477b55afe10>,4,27,[ 1 10],8,9,36,1,9
1,<environment.Job instance at 0x1477b5bcaaf0>,1,2,[11  1],2,13,15,11,13
1,<environment.Job instance at 0x1477b5bca5a0>,5,2,[12  1],7,15,17,8,13
1,<environment.Job instance at 0x1477b5bcaeb0>,2,3,[6 1],3,20,23,17,20
1,<environment.Job instance at 0x1477b5bcae10>,0,23,[ 1 10],1,62,85,61,62
1,<environment.Job instance at 0x1477b5bca0f0>,3,3,[8 2],4,63,66,59,63
1,<environment.Job instance at 0x1477b5bca280>,4,18,[1 9],6,85,103,79,81
1,<environment.Job instance at 0x1477b5efe910>,0,1,[9 2],1,1,2,0,1
1,<environment.Job instance at 0x1477b59cf1e0>,5,24,[1 6],7,7,31,0,7
1,<environment.Job instance at 0x1477b5431370>,4,1,[7 1],9,9,10,0,9
1,<environment.Job instance at 0x1477b59f6410>,3,2,[7 1],5,5,7,0,5
1,<environment.Job instance at 0x1477b59f6aa0>,4,2,[10  1],6,7,9,1,6
1,<environment.Job instance at 0x1477b59f6d70>,5,1,[12  1],7,9,10,2,7
1,<environment.Job instance at 0x1477b59f6910>,6,2,[2 8],8,8,10,0,8
1,<environment.Job instance at 0x1477b5bfec30>,7,13,[7 1],9,11,24,2,11
1,<environment.Job instance at 0x1477b5ed37d0>,2,20,[6 1],4,5,25,1,5
1,<environment.Job instance at 0x1477b5604190>,3,16,[8 2],5,52,68,47,52
1,<environment.Job instance at 0x1477b543a0f0>,1,2,[12  1],2,98,100,96,98
1,<environment.Job instance at 0x1477b5604a00>,6,2,[11  1],9,112,114,103,112
1,<environment.Job instance at 0x1477b5c1eb90>,5,3,[8 1],8,350,353,342,350
1,<environment.Job instance at 0x1477b5604820>,2,3,[8 2],3,505,508,502,505
1,<environment.Job instance at 0x1477b543a140>,0,22,[12  1],1,551,573,550,551
1,<environment.Job instance at 0x1477b5604fa0>,4,1,[2 8],7,555,556,548,555
1,<environment.Job instance at 0x1477b5604fa0>,4,2,[7 1],7,13,15,6,13
1,<environment.Job instance at 0x1477de614d20>,5,3,[1 5],8,13,16,5,13
1,<environment.Job instance at 0x1477b56ce5f0>,0,2,[14  2],1,55,57,54,55
1,<environment.Job instance at 0x1477d8b30870>,3,1,[7 1],9,9,10,0,9
1,<environment.Job instance at 0x1477b5493640>,0,21,[ 2 10],4,47,68,43,47
1,<environment.Job instance at 0x1477d97c63c0>,2,1,[5 2],3,6,7,3,6
1,<environment.Job instance at 0x1477d98297d0>,3,1,[8 2],4,10,11,6,10
1,<environment.Job instance at 0x1477d97c6af0>,0,2,[12  1],1,11,13,10,11
1,<environment.Job instance at 0x1477b5724870>,4,14,[1 5],5,6,20,1,6
1,<environment.Job instance at 0x1477d97c6780>,1,26,[2 9],2,19,45,17,19
1,<environment.Job instance at 0x1477d97ba190>,2,21,[10  2],4,4,25,0,4
1,<environment.Job instance at 0x1477b5a06050>,2,20,[1 7],5,7,27,2,7
1,<environment.Job instance at 0x1477b54592d0>,0,1,[ 1 10],1,1,2,0,1
1,<environment.Job instance at 0x1477d979ea00>,5,28,[9 2],8,20,48,12,20
1,<environment.Job instance at 0x1477d979e730>,6,1,[5 2],9,34,35,25,34
1,<environment.Job instance at 0x1477b54590a0>,2,3,[12  2],3,837,840,834,837
1,<environment.Job instance at 0x1477b54590a0>,4,2,[8 2],5,34,36,29,34
1,<environment.Job instance at 0x1477b5227500>,5,2,[9 1],9,345,347,336,345
1,<environment.Job instance at 0x1477d409c5f0>,1,1,[7 1],2,2,3,0,2
1,<environment.Job instance at 0x1477d409c190>,0,21,[1 7],1,3,24,2,3
1,<environment.Job instance at 0x1477b5662a50>,0,3,[7 1],4,4,7,0,4
1,<environment.Job instance at 0x1477b5fa9050>,3,25,[10  2],8,8,33,0,8
1,<environment.Job instance at 0x1477b5fa91e0>,2,21,[ 2 10],7,19,40,12,19
1,<environment.Job instance at 0x1477b5a8caf0>,0,1,[8 2],2,3,4,1,3
1,<environment.Job instance at 0x1477d8b3bb40>,5,3,[6 1],8,19,22,11,19
1,<environment.Job instance at 0x1477d9458230>,2,3,[ 1 14],4,21,24,17,21
1,<environment.Job instance at 0x1477d951fdc0>,2,28,[6 1],5,6,34,1,6
1,<environment.Job instance at 0x1477b5862a00>,1,25,[ 2 12],9,40,65,31,40
1,<environment.Job instance at 0x1477b5862960>,1,2,[ 1 11],5,8,10,3,8
1,<environment.Job instance at 0x1477b58624b0>,3,15,[13  1],8,9,24,1,9
1,<environment.Job instance at 0x1477b5862460>,2,1,[ 1 11],7,19,20,12,19
1,<environment.Job instance at 0x1477b5bcb690>,3,3,[14  1],8,727,730,719,727
1,<environment.Job instance at 0x1477b5bcb690>,2,14,[8 1],4,4,18,0,4
1,<environment.Job instance at 0x1477b5bcb9b0>,1,25,[1 6],2,5,30,3,5
1,<environment.Job instance at 0x1477b5c8abe0>,3,24,[9 1],7,9,33,2,9
1,<environment.Job instance at 0x1477b5c8a8c0>,4,1,[7 1],8,33,34,25,23
1,<environment.Job instance at 0x1477b5c8a500>,5,3,[1 9],9,546,549,537,546
1,<environment.Job instance at 0x1477b5654820>,4,1,[7 1],6,7,8,1,7
1,<environment.Job instance at 0x1477b5654e60>,5,2,[1 6],7,16,18,9,16
1,<environment.Job instance at 0x1477d97da190>,4,3,[1 5],7,106,109,99,106
1,<environment.Job instance at 0x1477ddcd29b0>,4,1,[6 2],7,7,8,0,7
1,<environment.Job instance at 0x1477d94c8af0>,6,1,[ 2 10],9,9,10,0,9
1,<environment.Job instance at 0x1477dfbe7d70>,0,22,[ 1 14],2,5,27,3,5
1,<environment.Job instance at 0x1477d716a1e0>,4,1,[8 1],6,6,7,0,6
1,<environment.Job instance at 0x1477d716a410>,5,1,[ 1 14],7,27,28,20,7
1,<environment.Job instance at 0x1477d409ae60>,0,23,[ 1 12],1,3,26,2,3
1,<environment.Job instance at 0x1477d409ab40>,2,1,[2 6],4,26,27,22,4
1,<environment.Job instance at 0x1477b5a8c050>,3,1,[2 5],5,26,27,21,5
1,<environment.Job instance at 0x1477b58abb90>,4,2,[8 1],6,6,8,0,6
1,<environment.Job instance at 0x1477b524b8c0>,5,1,[2 6],9,9,10,0,9
1,<environment.Job instance at 0x1477b54a0a50>,0,1,[1 9],1,3,4,2,3
1,<environment.Job instance at 0x1477b54a0550>,1,1,[2 5],3,24,25,21,24
1,<environment.Job instance at 0x1477b54a0f50>,4,1,[1 6],6,2446,2447,2440,2446
1,<environment.Job instance at 0x1477b5537dc0>,5,1,[2 6],7,2593,2594,2586,2593
1,<environment.Job instance at 0x1477b5192dc0>,0,1,[ 2 11],2,4,5,2,4
1,<environment.Job instance at 0x1477b5192550>,1,1,[14  2],3,7,8,4,7
1,<environment.Job instance at 0x1477b5192aa0>,2,28,[2 9],4,8,36,4,8
1,<environment.Job instance at 0x1477ddc31190>,0,27,[2 7],4,7,34,3,7
1,<environment.Job instance at 0x1477b54e0d70>,3,2,[7 1],7,37,39,30,37
1,<environment.Job instance at 0x1477b521c9b0>,0,1,[5 1],1,2,3,1,2
1,<environment.Job instance at 0x1477d94cf7d0>,2,1,[1 6],3,3,4,0,3
1,<environment.Job instance at 0x1477b521c7d0>,1,3,[2 6],2,4,7,2,4
1,<environment.Job instance at 0x1477b521c6e0>,3,21,[1 5],4,4,25,0,4
1,<environment.Job instance at 0x1477b5a73050>,2,1,[5 1],5,6,7,1,6
1,<environment.Job instance at 0x1477d8951be0>,6,18,[ 2 12],9,94,112,85,94
1,<environment.Job instance at 0x1477b5d524b0>,4,1,[6 1],5,20,21,15,20
1,<environment.Job instance at 0x1477b56a1370>,6,15,[5 1],9,27,42,18,27
1,<environment.Job instance at 0x1477d89510f0>,1,2,[ 1 11],2,37,39,35,37
1,<environment.Job instance at 0x1477b56a12d0>,5,2,[8 2],8,53,55,45,53
1,<environment.Job instance at 0x1477b56a1b40>,1,17,[7 1],3,3,20,0,3
1,<environment.Job instance at 0x1477b56a1be0>,0,25,[5 2],1,15,40,14,15
1,<environment.Job instance at 0x1477b56a13c0>,5,3,[2 9],7,44,47,37,44
1,<environment.Job instance at 0x1477d8934d70>,4,2,[5 1],6,51,53,45,51
1,<environment.Job instance at 0x1477b58af140>,7,3,[ 2 11],9,67,70,58,67
1,<environment.Job instance at 0x1477b56a12d0>,3,1,[2 7],5,71,72,66,71
1,<environment.Job instance at 0x1477b58a1d70>,2,3,[ 2 11],4,76,79,72,76
1,<environment.Job instance at 0x1477b53830a0>,2,26,[6 1],6,6,32,0,6
1,<environment.Job instance at 0x1477d9457b90>,2,1,[10  2],3,3,4,0,3
1,<environment.Job instance at 0x1477b56028c0>,3,2,[2 9],4,6,8,2,6
1,<environment.Job instance at 0x1477b5383f00>,4,18,[10  1],6,6,24,0,6
1,<environment.Job instance at 0x1477b56022d0>,5,3,[ 1 11],9,132,135,123,132
1,<environment.Job instance at 0x1477d97785a0>,2,2,[ 2 11],7,8,10,1,8
1,<environment.Job instance at 0x1477d97fb8c0>,0,1,[2 5],1,1,2,0,1
1,<environment.Job instance at 0x1477d8afa140>,4,3,[ 2 14],6,18,21,12,18
1,<environment.Job instance at 0x1477d8afaf00>,5,25,[10  2],8,42,67,34,42
1,<environment.Job instance at 0x1477d97fbf50>,1,3,[12  2],2,609,612,607,609
1,<environment.Job instance at 0x1477d952d960>,1,26,[ 1 11],3,3,29,0,3
1,<environment.Job instance at 0x1477d8afaa50>,3,21,[1 6],5,29,50,24,21
1,<environment.Job instance at 0x1477ddc7b320>,1,1,[10  2],6,7,8,1,7
1,<environment.Job instance at 0x1477b5c49be0>,5,2,[14  2],8,16,18,8,16
1,<environment.Job instance at 0x1477b5c49dc0>,4,16,[8 1],7,83,99,76,83
1,<environment.Job instance at 0x1477b5c49190>,3,3,[13  1],5,933,936,928,933
1,<environment.Job instance at 0x1477b56a9730>,6,19,[8 1],8,10,29,2,10
1,<environment.Job instance at 0x1477b56a2410>,0,2,[1 7],4,4,6,0,4
1,<environment.Job instance at 0x1477b5c6b4b0>,7,2,[2 7],8,24,26,16,24
1,<environment.Job instance at 0x1477b5c6b5f0>,5,1,[ 1 14],6,26,27,20,25
1,<environment.Job instance at 0x1477d8900c80>,7,27,[2 5],9,16,43,7,16
1,<environment.Job instance at 0x1477d9437820>,3,3,[14  2],8,385,388,377,385
1,<environment.Job instance at 0x1477de5d1f50>,3,3,[6 2],6,6,9,0,6
1,<environment.Job instance at 0x1477ddc7dd70>,0,2,[11  2],4,21,23,17,21
1,<environment.Job instance at 0x1477d7161a50>,3,20,[6 2],8,23,43,15,23
1,<environment.Job instance at 0x1477d71615a0>,4,3,[ 2 13],9,37,40,28,37
1,<environment.Job instance at 0x1477b5c11be0>,1,20,[6 2],3,7,27,4,7
1,<environment.Job instance at 0x1477d892fd20>,5,1,[6 1],8,8,9,0,8
1,<environment.Job instance at 0x1477dc7406e0>,2,1,[1 9],5,5,6,0,5
1,<environment.Job instance at 0x1477daace190>,0,2,[ 2 13],6,7,9,1,7
1,<environment.Job instance at 0x1477d8b15870>,3,17,[5 2],9,73,90,64,73
1,<environment.Job instance at 0x1477daaceeb0>,0,1,[ 1 13],1,1,2,0,1
1,<environment.Job instance at 0x1477b5c62730>,3,18,[8 1],6,9,27,3,9
1,<environment.Job instance at 0x1477d9484910>,6,16,[7 1],8,8,24,0,8
1,<environment.Job instance at 0x1477b5c62820>,2,28,[1 9],4,11,39,7,11
1,<environment.Job instance at 0x1477d9484af0>,7,27,[1 5],9,39,66,30,39
1,<environment.Job instance at 0x1477d9515910>,5,3,[12  1],7,12,15,5,12
1,<environment.Job instance at 0x1477d9515b40>,6,13,[1 9],8,16,29,8,16
1,<environment.Job instance at 0x1477d9515be0>,7,3,[8 2],9,18,21,9,18
1,<environment.Job instance at 0x1477d9484af0>,3,2,[ 2 12],5,29,31,24,27
1,<environment.Job instance at 0x1477d88fe870>,6,16,[7 2],9,1660,1676,1651,1660
1,<environment.Job instance at 0x1477b5da01e0>,1,1,[ 2 14],5,5,6,0,5
1,<environment.Job instance at 0x1477b5da0c80>,3,3,[13  2],9,1144,1147,1135,1144
1,<environment.Job instance at 0x1477b58d4960>,0,1,[ 1 12],2,3,4,1,3
1,<environment.Job instance at 0x1477b58d4d20>,2,2,[6 1],5,5,7,0,5
1,<environment.Job instance at 0x1477b58d4870>,3,1,[ 2 10],6,6,7,0,6
1,<environment.Job instance at 0x1477b58d4aa0>,4,21,[7 2],7,7,28,0,7
1,<environment.Job instance at 0x1477b58d4f00>,5,1,[ 2 13],8,19,20,11,19
1,<environment.Job instance at 0x1477b58d4140>,0,1,[ 2 13],3,4,5,1,4
1,<environment.Job instance at 0x1477de546730>,5,1,[2 9],9,9,10,0,9
1,<environment.Job instance at 0x1477de546730>,3,1,[1 9],5,5,6,0,5
1,<environment.Job instance at 0x1477b59623c0>,4,27,[ 1 10],8,8,35,0,8
1,<environment.Job instance at 0x1477d88a2be0>,3,1,[ 2 13],6,6,7,0,6
1,<environment.Job instance at 0x1477d985d140>,4,1,[1 7],8,8,9,0,8
1,<environment.Job instance at 0x1477b5dc4190>,0,27,[6 1],1,2,29,1,2
1,<environment.Job instance at 0x1477b52aed70>,1,1,[7 2],2,2,3,0,2
1,<environment.Job instance at 0x1477b52ae640>,2,1,[7 2],3,4,5,1,4
1,<environment.Job instance at 0x1477b57d7b90>,3,1,[ 1 12],5,5,6,0,5
1,<environment.Job instance at 0x1477d89882d0>,2,28,[9 1],4,6,34,2,6
1,<environment.Job instance at 0x1477b550faf0>,3,17,[1 8],5,24,41,19,24
1,<environment.Job instance at 0x1477b5765050>,1,15,[ 1 13],2,249,264,247,249
1,<environment.Job instance at 0x1477b5765140>,2,18,[1 5],4,264,282,260,259
1,<environment.Job instance at 0x1477b550f730>,3,1,[6 2],7,7,8,0,7
1,<environment.Job instance at 0x1477b530b140>,4,1,[7 1],8,8,9,0,8
1,<environment.Job instance at 0x1477b52f4b40>,0,1,[ 2 12],1,1,2,0,1
1,<environment.Job instance at 0x1477b52f4f50>,3,16,[2 5],5,19,35,14,19
1,<environment.Job instance at 0x1477b52f4410>,5,12,[ 1 13],8,35,47,27,20
1,<environment.Job instance at 0x1477b530b0a0>,1,2,[ 2 13],2,47,49,45,21
1,<environment.Job instance at 0x1477b52f4820>,6,16,[1 5],9,49,65,40,37
1,<environment.Job instance at 0x1477de5ee820>,1,2,[8 1],3,4,6,1,4
1,<environment.Job instance at 0x1477d955a960>,3,1,[5 2],5,5,6,0,5
1,<environment.Job instance at 0x1477b5622460>,4,2,[1 5],6,6,8,0,6
1,<environment.Job instance at 0x1477b5622690>,5,2,[ 2 10],7,7,9,0,7
1,<environment.Job instance at 0x1477b5d27050>,1,14,[7 1],3,3,17,0,3
1,<environment.Job instance at 0x1477b5d27730>,0,1,[6 2],2,5,6,3,5
1,<environment.Job instance at 0x1477daac70f0>,1,24,[6 1],3,4,28,1,4
1,<environment.Job instance at 0x1477daac7c80>,4,27,[1 5],7,7,34,0,7
1,<environment.Job instance at 0x1477daac7b40>,2,1,[ 2 10],6,6,7,0,6
1,<environment.Job instance at 0x1477daac7370>,1,21,[2 7],4,8,29,4,8
1,<environment.Job instance at 0x1477b5ec2fa0>,2,1,[8 1],6,7,8,1,7
1,<environment.Job instance at 0x1477b57dc280>,3,15,[2 5],9,14,29,5,14
1,<environment.Job instance at 0x1477b57dc190>,0,3,[12  1],2,673,676,671,673
1,<environment.Job instance at 0x1477b58d5f00>,2,20,[14  2],6,15,35,9,15
1,<environment.Job instance at 0x1477b58d5140>,4,12,[2 8],9,35,47,26,32
1,<environment.Job instance at 0x1477b51dc190>,0,1,[2 9],1,1,2,0,1
1,<environment.Job instance at 0x1477b5fd1870>,6,2,[2 8],9,9,11,0,9
1,<environment.Job instance at 0x1477b51dc960>,1,27,[1 8],2,14,41,12,14
1,<environment.Job instance at 0x1477b5e0a5a0>,0,1,[7 1],1,2,3,1,2
1,<environment.Job instance at 0x1477d40c62d0>,2,3,[ 1 13],8,20,23,12,20
1,<environment.Job instance at 0x1477d93d7960>,3,27,[1 8],5,83,110,78,83
1,<environment.Job instance at 0x1477d93d77d0>,5,25,[8 2],7,83,108,76,83
1,<environment.Job instance at 0x1477d93d7f50>,6,2,[7 2],8,142,144,134,142
1,<environment.Job instance at 0x1477d93d7a50>,7,2,[8 2],9,145,147,136,145
1,<environment.Job instance at 0x1477d8a6ef50>,0,2,[12  2],1,198,200,197,198
1,<environment.Job instance at 0x1477d8a6e3c0>,1,2,[14  1],2,200,202,198,199
1,<environment.Job instance at 0x1477d93d7e60>,4,3,[1 9],6,220,223,214,220
1,<environment.Job instance at 0x1477b58f13c0>,0,26,[8 1],2,2,28,0,2
1,<environment.Job instance at 0x1477d407c820>,4,1,[13  2],8,46,47,38,46
1,<environment.Job instance at 0x1477d407c820>,4,18,[7 1],6,6,24,0,6
1,<environment.Job instance at 0x1477b5431be0>,1,1,[2 6],2,2,3,0,2
1,<environment.Job instance at 0x1477b56bcaf0>,3,2,[11  1],4,6,8,2,6
1,<environment.Job instance at 0x1477b5431f50>,7,1,[2 7],9,9,10,0,9
1,<environment.Job instance at 0x1477b54310f0>,5,2,[1 9],6,44,46,38,44
1,<environment.Job instance at 0x1477d40cf230>,2,26,[6 2],4,5,31,1,5
1,<environment.Job instance at 0x1477b51b4c30>,4,26,[1 9],7,9,35,2,9
1,<environment.Job instance at 0x1477b5fd08c0>,5,24,[10  2],9,10,34,1,10
1,<environment.Job instance at 0x1477d892c5a0>,4,23,[8 2],7,7,30,0,7
1,<environment.Job instance at 0x1477b5c47b40>,3,2,[13  1],4,60,62,56,60
1,<environment.Job instance at 0x1477b5fbb370>,0,2,[14  1],1,2,4,1,2
1,<environment.Job instance at 0x1477b5fbb460>,2,1,[10  2],3,4,5,1,3
1,<environment.Job instance at 0x1477de50f370>,6,1,[2 9],7,225,226,218,225
1,<environment.Job instance at 0x1477de50fb40>,7,1,[2 6],8,1466,1467,1458,1466
1,<environment.Job instance at 0x1477b5e60c30>,3,20,[ 1 13],7,10,30,3,10
1,<environment.Job instance at 0x1477b5e60190>,5,1,[ 1 13],9,30,31,21,21
1,<environment.Job instance at 0x1477b52616e0>,0,3,[13  2],1,5,8,4,5
1,<environment.Job instance at 0x1477d89cd960>,4,1,[ 2 10],8,8,9,0,8
1,<environment.Job instance at 0x1477d89cda00>,5,1,[1 5],9,9,10,0,9
1,<environment.Job instance at 0x1477b5261320>,2,1,[9 2],3,36,37,33,36
1,<environment.Job instance at 0x1477d8b7fcd0>,1,1,[1 8],3,4,5,1,4
1,<environment.Job instance at 0x1477d8b7f730>,3,1,[2 9],5,6,7,1,6
1,<environment.Job instance at 0x1477b54ea190>,4,3,[8 1],5,49,52,44,49
1,<environment.Job instance at 0x1477d6c87190>,1,20,[6 1],2,3,23,1,3
1,<environment.Job instance at 0x1477b521c190>,3,3,[1 5],4,4,7,0,4
1,<environment.Job instance at 0x1477b521c910>,4,25,[2 9],6,6,31,0,6
1,<environment.Job instance at 0x1477b5a79640>,1,1,[ 2 10],3,5,6,2,5
1,<environment.Job instance at 0x1477de534820>,5,2,[13  2],9,9,11,0,9
1,<environment.Job instance at 0x1477d6c69730>,4,1,[ 2 10],8,9,10,1,9
1,<environment.Job instance at 0x1477d6c694b0>,5,2,[1 7],9,10,12,1,9
1,<environment.Job instance at 0x1477b549bdc0>,2,20,[9 1],3,3,23,0,3
1,<environment.Job instance at 0x1477b59548c0>,4,1,[9 2],6,6,7,0,6
1,<environment.Job instance at 0x1477b59542d0>,5,2,[6 2],7,7,9,0,7
1,<environment.Job instance at 0x1477b5954500>,6,2,[1 9],8,8,10,0,8
1,<environment.Job instance at 0x1477b5954280>,7,1,[8 2],9,9,10,0,9
1,<environment.Job instance at 0x1477b527ddc0>,4,3,[1 8],6,27,30,21,27
1,<environment.Job instance at 0x1477b5954fa0>,3,1,[12  1],4,29,30,25,29
1,<environment.Job instance at 0x1477d88805a0>,5,27,[9 2],9,545,572,536,545
1,<environment.Job instance at 0x1477b5655a00>,5,1,[1 9],8,8,9,0,8
1,<environment.Job instance at 0x1477b5655050>,3,3,[6 2],5,28,31,23,28
1,<environment.Job instance at 0x1477b5655820>,2,25,[2 9],4,5,30,1,5
1,<environment.Job instance at 0x1477b5c40cd0>,4,1,[11  1],6,6,7,0,6
1,<environment.Job instance at 0x1477b5c40d70>,6,1,[2 9],8,30,31,22,8
1,<environment.Job instance at 0x1477b5c403c0>,3,25,[9 1],5,27,52,22,27
1,<environment.Job instance at 0x1477ddc57a00>,4,27,[14  2],5,12,39,7,12
1,<environment.Job instance at 0x1477d4081eb0>,5,2,[10  2],6,39,41,33,17
1,<environment.Job instance at 0x1477d40811e0>,7,1,[2 7],8,39,40,31,19
1,<environment.Job instance at 0x1477b550f3c0>,2,1,[14  2],3,45,46,42,45
1,<environment.Job instance at 0x1477b57199b0>,2,1,[ 1 10],3,3,4,0,3
1,<environment.Job instance at 0x1477b59fefa0>,6,20,[9 1],9,9,29,0,9
1,<environment.Job instance at 0x1477b59f14b0>,2,17,[5 2],3,6,23,3,6
1,<environment.Job instance at 0x1477b51a73c0>,5,3,[2 8],7,7,10,0,7
1,<environment.Job instance at 0x1477b51a7fa0>,6,2,[7 2],9,9,11,0,9
1,<environment.Job instance at 0x1477d94fd460>,4,24,[9 1],7,7,31,0,7
1,<environment.Job instance at 0x1477d9413cd0>,1,16,[7 1],4,31,47,27,19
1,<environment.Job instance at 0x1477d94fdd70>,6,2,[9 1],9,47,49,38,27
1,<environment.Job instance at 0x1477de65b960>,6,1,[1 6],9,9,10,0,9
1,<environment.Job instance at 0x1477b5a0adc0>,0,23,[6 1],1,2,25,1,2
1,<environment.Job instance at 0x1477d88f8820>,0,1,[8 2],1,2,3,1,2
1,<environment.Job instance at 0x1477d983b550>,2,28,[1 5],6,7,35,1,7
1,<environment.Job instance at 0x1477b5590550>,1,2,[1 5],3,3,5,0,3
1,<environment.Job instance at 0x1477b5590f00>,2,1,[5 2],4,6,7,2,6
1,<environment.Job instance at 0x1477d8422c30>,3,1,[2 8],5,25,26,20,25
1,<environment.Job instance at 0x1477b5590690>,4,2,[1 6],6,64,66,58,64
1,<environment.Job instance at 0x1477b5906410>,0,1,[6 2],1,1,2,0,1
1,<environment.Job instance at 0x1477d8b36d20>,0,27,[6 1],1,3,30,2,3
1,<environment.Job instance at 0x1477d8b36460>,4,1,[8 1],6,6,7,0,6
1,<environment.Job instance at 0x1477d8a40960>,5,2,[ 1 12],7,13,15,6,13
1,<environment.Job instance at 0x1477d8a400f0>,6,1,[2 6],9,77,78,68,77
1,<environment.Job instance at 0x1477d88d59b0>,6,25,[14  2],9,466,491,457,466
1,<environment.Job instance at 0x1477d77f6d70>,3,2,[ 1 10],5,24,26,19,24
1,<environment.Job instance at 0x1477d88d5f50>,1,3,[ 1 13],2,33,36,31,33
1,<environment.Job instance at 0x1477d77f6410>,4,3,[9 2],6,35,38,29,35
1,<environment.Job instance at 0x1477b560e500>,2,26,[7 2],4,4,30,0,4
1,<environment.Job instance at 0x1477b560e5a0>,0,1,[12  1],2,30,31,28,16
1,<environment.Job instance at 0x1477b560e5f0>,4,23,[9 1],7,31,54,24,28
1,<environment.Job instance at 0x1477d8b46370>,5,2,[5 1],9,37,39,28,37
1,<environment.Job instance at 0x1477d8b46140>,2,21,[ 2 12],5,51,72,46,51
1,<environment.Job instance at 0x1477d9544c80>,0,1,[1 6],1,2,3,1,2
1,<environment.Job instance at 0x1477d8983d70>,3,1,[7 1],5,5,6,0,5
1,<environment.Job instance at 0x1477b57dc5f0>,4,26,[7 1],8,8,34,0,8
1,<environment.Job instance at 0x1477dc7575a0>,2,1,[2 9],5,5,6,0,5
1,<environment.Job instance at 0x1477b5243d70>,1,2,[8 2],6,7,9,1,7
1,<environment.Job instance at 0x1477b5c02690>,4,2,[9 2],9,9,11,0,9
1,<environment.Job instance at 0x1477de594550>,5,28,[5 2],7,13,41,6,13
1,<environment.Job instance at 0x1477b5e5c320>,0,1,[6 1],1,2,3,1,2
1,<environment.Job instance at 0x1477de594550>,2,2,[1 6],3,3,5,0,3
1,<environment.Job instance at 0x1477d9812e60>,3,1,[8 2],4,4,5,0,4
1,<environment.Job instance at 0x1477b5b1dfa0>,1,1,[ 1 14],2,2,3,0,2
1,<environment.Job instance at 0x1477b5b1de60>,3,3,[2 6],8,8,11,0,8
1,<environment.Job instance at 0x1477b589b550>,2,23,[2 5],4,8,31,4,8
1,<environment.Job instance at 0x1477b5eb2140>,5,22,[8 2],8,8,30,0,8
1,<environment.Job instance at 0x1477b5d7bcd0>,8,16,[2 7],9,11,27,2,11
1,<environment.Job instance at 0x1477b5d7baa0>,6,1,[ 2 11],7,37,38,30,37
1,<environment.Job instance at 0x1477b5e9a140>,7,3,[7 1],8,64,67,56,64
1,<environment.Job instance at 0x1477b5b9dbe0>,0,25,[6 1],1,1,26,0,1
1,<environment.Job instance at 0x1477dfb430f0>,5,20,[1 6],8,34,54,26,34
1,<environment.Job instance at 0x1477e070c2d0>,1,23,[ 1 12],3,80,103,77,80
1,<environment.Job instance at 0x1477dfb43d70>,3,13,[13  2],5,254,267,249,254
1,<environment.Job instance at 0x1477dfb43370>,6,20,[1 6],9,268,288,259,268
1,<environment.Job instance at 0x1477d89333c0>,3,18,[1 5],7,16,34,9,16
1,<environment.Job instance at 0x1477ddb90aa0>,0,2,[ 2 13],2,35,37,33,35
1,<environment.Job instance at 0x1477d89334b0>,4,15,[6 2],9,47,62,38,47
1,<environment.Job instance at 0x1477d89c7140>,0,1,[10  2],1,1,2,0,1
1,<environment.Job instance at 0x1477d89c70f0>,1,1,[ 1 10],3,3,4,0,3
1,<environment.Job instance at 0x1477d89b0140>,6,12,[2 5],8,28,40,20,28
1,<environment.Job instance at 0x1477b52f4780>,4,1,[5 1],6,6,7,0,6
1,<environment.Job instance at 0x1477b5eb8640>,5,2,[1 8],7,8,10,1,8
1,<environment.Job instance at 0x1477b5862af0>,1,26,[9 2],3,3,29,0,3
1,<environment.Job instance at 0x1477b5eb82d0>,0,27,[6 2],2,19,46,17,19
1,<environment.Job instance at 0x1477b5857a00>,1,1,[2 5],2,2,3,0,2
1,<environment.Job instance at 0x1477b5857f00>,2,1,[1 6],5,5,6,0,5
1,<environment.Job instance at 0x1477b58577d0>,0,1,[1 8],2,3,4,1,3
1,<environment.Job instance at 0x1477d40eca00>,0,2,[1 7],3,3,5,0,3
1,<environment.Job instance at 0x1477b54e4b90>,3,1,[13  2],8,8,9,0,8
1,<environment.Job instance at 0x1477b57c5b40>,4,2,[6 2],5,5,7,0,5
1,<environment.Job instance at 0x1477b57c5500>,5,21,[1 8],6,7,28,1,7
1,<environment.Job instance at 0x1477b57c50f0>,1,20,[6 1],3,3,23,0,3
1,<environment.Job instance at 0x1477d940f5f0>,3,1,[ 1 13],6,7,8,1,7
1,<environment.Job instance at 0x1477b56775a0>,5,2,[6 2],9,10,12,1,10
1,<environment.Job instance at 0x1477b5b6ae60>,4,16,[12  1],7,30,46,23,30
1,<environment.Job instance at 0x1477b5e6b640>,0,2,[1 5],1,2,4,1,2
1,<environment.Job instance at 0x1477b54a8500>,4,2,[2 7],5,5,7,0,5
1,<environment.Job instance at 0x1477b582e500>,0,28,[5 2],2,4,32,2,4
1,<environment.Job instance at 0x1477b582eb40>,2,25,[ 1 10],4,13,38,9,13
1,<environment.Job instance at 0x1477b582eb90>,6,3,[2 7],9,128,131,119,128
1,<environment.Job instance at 0x1477b582e9b0>,4,27,[13  1],6,657,684,651,657
1,<environment.Job instance at 0x1477d88aebe0>,4,1,[1 7],5,5,6,0,5
1,<environment.Job instance at 0x1477b589f050>,5,23,[5 2],6,6,29,0,6
1,<environment.Job instance at 0x1477b589f780>,7,26,[1 5],8,13,39,5,13
1,<environment.Job instance at 0x1477b589f8c0>,0,24,[2 9],2,5,29,3,5
1,<environment.Job instance at 0x1477b58d5e10>,2,3,[1 9],4,85,88,81,85
1,<environment.Job instance at 0x1477d946dd70>,3,1,[2 9],4,4,5,0,4
1,<environment.Job instance at 0x1477d9401780>,4,1,[2 9],5,5,6,0,5
1,<environment.Job instance at 0x1477b551e1e0>,0,1,[2 6],2,4,5,2,4
1,<environment.Job instance at 0x1477b551e2d0>,1,3,[ 2 13],4,27,30,23,27
1,<environment.Job instance at 0x1477ddc5fd70>,1,19,[6 1],2,2,21,0,2
1,<environment.Job instance at 0x1477dfb501e0>,3,1,[10  2],6,21,22,15,21
1,<environment.Job instance at 0x1477ddc5f320>,5,22,[2 6],8,42,64,34,42
1,<environment.Job instance at 0x1477dfb50370>,0,3,[ 2 13],1,68,71,67,68
1,<environment.Job instance at 0x1477d9443a50>,0,1,[1 7],1,1,2,0,1
1,<environment.Job instance at 0x1477b54375f0>,3,1,[1 7],6,6,7,0,6
1,<environment.Job instance at 0x1477b5889820>,3,2,[5 1],4,4,6,0,4
1,<environment.Job instance at 0x1477b5892960>,1,18,[2 6],2,6,24,4,6
1,<environment.Job instance at 0x1477b586c910>,3,26,[ 1 13],5,7,33,2,7
1,<environment.Job instance at 0x1477b586c0f0>,5,1,[10  1],8,8,9,0,8
1,<environment.Job instance at 0x1477b586ca00>,6,1,[2 8],9,33,34,24,9
1,<environment.Job instance at 0x1477b586cfa0>,4,16,[9 2],6,9,25,3,9
1,<environment.Job instance at 0x1477dc737f00>,2,1,[7 1],3,3,4,0,3
1,<environment.Job instance at 0x1477b586cfa0>,3,1,[13  1],5,7,8,2,7
1,<environment.Job instance at 0x1477de52abe0>,5,1,[5 2],9,10,11,1,10
1,<environment.Job instance at 0x1477b5eb5f00>,4,2,[1 7],6,16,18,10,16
1,<environment.Job instance at 0x1477d8a0b870>,0,1,[2 5],4,4,5,0,4
1,<environment.Job instance at 0x1477b5b30910>,3,2,[1 9],8,8,10,0,8
1,<environment.Job instance at 0x1477d980c3c0>,1,2,[ 1 11],2,3,5,1,3
1,<environment.Job instance at 0x1477d980c1e0>,2,27,[2 8],6,10,37,4,10
1,<environment.Job instance at 0x1477d8a15140>,5,3,[ 1 10],9,181,184,172,181
1,<environment.Job instance at 0x1477d7116a50>,3,1,[2 8],6,24,25,18,24
1,<environment.Job instance at 0x1477b5e46780>,4,17,[7 1],7,478,495,471,478
1,<environment.Job instance at 0x1477b5c64c30>,4,1,[14  1],7,74,75,67,74
1,<environment.Job instance at 0x1477b5357e10>,5,1,[1 6],8,1397,1398,1389,1397
1,<environment.Job instance at 0x1477b5b58f50>,3,1,[11  1],4,10,11,6,10
1,<environment.Job instance at 0x1477b5b580a0>,7,3,[2 9],9,17,20,8,17
1,<environment.Job instance at 0x1477b5b58320>,4,27,[7 1],5,18,45,13,18
1,<environment.Job instance at 0x1477d77ca550>,1,3,[13  1],2,45,48,43,37
1,<environment.Job instance at 0x1477b5357e10>,6,28,[ 2 12],8,51,79,43,51
1,<environment.Job instance at 0x1477b5b580f0>,2,1,[1 8],3,79,80,76,64
1,<environment.Job instance at 0x1477d97d78c0>,5,1,[1 8],8,27,28,19,27
1,<environment.Job instance at 0x1477d97d7d20>,6,3,[7 1],9,184,187,175,184
1,<environment.Job instance at 0x1477d97d73c0>,4,1,[7 1],7,2767,2768,2760,2767
1,<environment.Job instance at 0x1477b5acf0f0>,0,1,[ 1 11],1,1,2,0,1
1,<environment.Job instance at 0x1477d97c85f0>,7,2,[1 8],9,22,24,13,22
1,<environment.Job instance at 0x1477d97c86e0>,6,2,[ 1 13],8,39,41,31,39
1,<environment.Job instance at 0x1477ddbd2500>,0,23,[6 1],1,1,24,0,1
1,<environment.Job instance at 0x1477de588d20>,5,3,[13  1],9,1460,1463,1451,1460
1,<environment.Job instance at 0x1477b5853280>,0,21,[7 1],1,1,22,0,1
1,<environment.Job instance at 0x1477b5853dc0>,2,1,[8 2],6,6,7,0,6
1,<environment.Job instance at 0x1477b5853730>,3,1,[1 8],7,7,8,0,7
1,<environment.Job instance at 0x1477b58539b0>,0,22,[6 1],2,2,24,0,2
1,<environment.Job instance at 0x1477b57575f0>,0,1,[ 1 13],2,2,3,0,2
1,<environment.Job instance at 0x1477b5ed66e0>,4,24,[8 1],5,5,29,0,5
1,<environment.Job instance at 0x1477b5881550>,0,1,[8 2],1,1,2,0,1
1,<environment.Job instance at 0x1477b5881dc0>,3,25,[8 2],6,6,31,0,6
1,<environment.Job instance at 0x1477b51d8550>,0,25,[2 9],1,9,34,8,9
1,<environment.Job instance at 0x1477de625eb0>,5,3,[2 5],9,45,48,36,45
1,<environment.Job instance at 0x1477de625eb0>,4,1,[ 2 12],6,6,7,0,6
1,<environment.Job instance at 0x1477d955ac30>,2,1,[2 5],3,7,8,4,7
1,<environment.Job instance at 0x1477d983a690>,3,27,[7 2],5,5,32,0,5
1,<environment.Job instance at 0x1477d983aaa0>,4,22,[6 2],8,22,44,14,22
1,<environment.Job instance at 0x1477b5d1fbe0>,2,1,[6 1],4,4,5,0,4
1,<environment.Job instance at 0x1477b5ab4aa0>,5,2,[ 1 13],7,9,11,2,9
1,<environment.Job instance at 0x1477b54ff3c0>,2,2,[ 2 13],5,5,7,0,5
1,<environment.Job instance at 0x1477b54ff320>,4,2,[2 8],7,7,9,0,7
1,<environment.Job instance at 0x1477b5177410>,5,2,[1 8],8,13,15,5,13
1,<environment.Job instance at 0x1477b5ab4280>,3,1,[14  1],6,13,14,7,13
1,<environment.Job instance at 0x1477b51776e0>,6,2,[1 6],9,16,18,7,16
1,<environment.Job instance at 0x1477b54ffa50>,1,1,[2 6],4,17,18,13,17
1,<environment.Job instance at 0x1477de571e60>,3,20,[13  1],8,8,28,0,8
1,<environment.Job instance at 0x1477de571d70>,1,1,[ 2 11],4,31,32,27,31
1,<environment.Job instance at 0x1477de571d70>,4,22,[2 6],7,12,34,5,12
1,<environment.Job instance at 0x1477b51c3af0>,7,1,[12  2],9,193,194,184,193
1,<environment.Job instance at 0x1477b599f8c0>,0,1,[2 8],1,1,2,0,1
1,<environment.Job instance at 0x1477b599ffa0>,2,2,[ 2 10],6,6,8,0,6
1,<environment.Job instance at 0x1477b51c36e0>,1,28,[2 7],3,8,36,5,8
1,<environment.Job instance at 0x1477de6670f0>,4,25,[8 2],9,31,56,22,31
1,<environment.Job instance at 0x1477de6679b0>,0,1,[10  1],2,2,3,0,2
1,<environment.Job instance at 0x1477e08a4f50>,0,1,[7 2],2,2,3,0,2
1,<environment.Job instance at 0x1477b5ab1fa0>,5,1,[2 9],8,8,9,0,8
1,<environment.Job instance at 0x1477b5abe640>,2,20,[6 1],3,3,23,0,3
1,<environment.Job instance at 0x1477b5abe730>,3,1,[13  2],6,23,24,17,6
1,<environment.Job instance at 0x1477e07eafa0>,1,1,[ 1 11],2,51,52,49,51
1,<environment.Job instance at 0x1477b5c11190>,3,19,[10  2],8,10,29,2,10
1,<environment.Job instance at 0x1477d7101a50>,0,3,[ 1 14],2,29,32,27,24
1,<environment.Job instance at 0x1477d71018c0>,1,3,[ 1 14],3,32,35,29,28
1,<environment.Job instance at 0x1477b5722640>,3,21,[9 1],5,5,26,0,5
1,<environment.Job instance at 0x1477d89912d0>,4,21,[2 5],6,7,28,1,7
1,<environment.Job instance at 0x1477d8991640>,6,3,[7 2],9,20,23,11,20
1,<environment.Job instance at 0x1477d8991190>,5,1,[ 1 10],7,23,24,16,21
1,<environment.Job instance at 0x1477d8a66460>,1,3,[ 1 12],2,143,146,141,143
1,<environment.Job instance at 0x1477d8a66190>,2,3,[ 1 13],3,156,159,153,156
1,<environment.Job instance at 0x1477b5db8230>,3,1,[14  2],5,164,165,159,164
1,<environment.Job instance at 0x1477b58b9c80>,1,1,[ 1 10],2,2,3,0,2
1,<environment.Job instance at 0x1477d953bd70>,5,26,[2 6],7,7,33,0,7
1,<environment.Job instance at 0x1477d953baa0>,6,1,[2 5],8,8,9,0,8
1,<environment.Job instance at 0x1477d953bbe0>,3,1,[6 1],6,6,7,0,6
1,<environment.Job instance at 0x1477d8a085a0>,4,2,[ 2 14],7,12,14,5,12
1,<environment.Job instance at 0x1477ddba1e10>,5,1,[1 7],8,12,13,4,12
1,<environment.Job instance at 0x1477ddba1230>,4,2,[ 1 13],7,15,17,8,15
1,<environment.Job instance at 0x1477b5b6a410>,7,17,[6 2],9,13,30,4,13
1,<environment.Job instance at 0x1477ddbc8410>,3,2,[ 1 12],5,23,25,18,23
1,<environment.Job instance at 0x1477ddbc83c0>,2,17,[5 1],4,41,58,37,41
1,<environment.Job instance at 0x1477b5b6a550>,4,3,[6 1],6,71,74,65,71
1,<environment.Job instance at 0x1477d8af3fa0>,1,1,[8 1],4,5,6,1,5
1,<environment.Job instance at 0x1477b5de5960>,6,2,[2 6],9,9,11,0,9
1,<environment.Job instance at 0x1477b5de5f00>,5,21,[6 1],7,33,54,26,33
1,<environment.Job instance at 0x1477d891cdc0>,4,25,[ 2 12],6,8,33,2,8
1,<environment.Job instance at 0x1477b519fdc0>,1,26,[7 1],3,3,29,0,3
1,<environment.Job instance at 0x1477b5a9b410>,0,1,[7 1],1,2,3,1,2
1,<environment.Job instance at 0x1477b5a9b6e0>,3,15,[6 1],4,4,19,0,4
1,<environment.Job instance at 0x1477b5a9be10>,2,25,[1 6],3,21,46,18,21
1,<environment.Job instance at 0x1477ddbf4d70>,7,1,[1 8],8,56,57,48,56
1,<environment.Job instance at 0x1477ddbf4a50>,6,1,[10  1],7,98,99,91,98
1,<environment.Job instance at 0x1477b5a9b730>,4,2,[12  2],5,179,181,174,179
1,<environment.Job instance at 0x1477b5a9b7d0>,2,1,[6 2],3,3,4,0,3
1,<environment.Job instance at 0x1477d95550f0>,3,22,[2 5],4,4,26,0,4
1,<environment.Job instance at 0x1477d9555500>,4,1,[11  1],5,6,7,1,6
1,<environment.Job instance at 0x1477d9555230>,5,1,[ 1 14],7,26,27,19,7
1,<environment.Job instance at 0x1477d9555960>,1,1,[1 8],2,12,13,10,12
1,<environment.Job instance at 0x1477b5d10640>,2,2,[1 8],5,5,7,0,5
1,<environment.Job instance at 0x1477b5d52370>,0,23,[7 1],1,1,24,0,1
1,<environment.Job instance at 0x1477b5d52a00>,1,25,[1 5],3,3,28,0,3
1,<environment.Job instance at 0x1477b5156140>,1,1,[1 5],2,2,3,0,2
1,<environment.Job instance at 0x1477b5e1d690>,3,1,[7 2],4,4,5,0,4
1,<environment.Job instance at 0x1477b570b730>,0,1,[2 7],2,2,3,0,2
1,<environment.Job instance at 0x1477d898e460>,6,2,[12  2],8,9,11,1,9
1,<environment.Job instance at 0x1477d898e550>,5,3,[12  2],6,16,19,10,16
1,<environment.Job instance at 0x1477b5c114b0>,7,24,[2 5],9,16,40,7,16
1,<environment.Job instance at 0x1477d77ee280>,2,1,[10  1],4,5,6,1,5
1,<environment.Job instance at 0x1477b589a690>,3,1,[8 2],5,6,7,1,6
1,<environment.Job instance at 0x1477b5de4d20>,0,1,[1 9],2,2,3,0,2
1,<environment.Job instance at 0x1477b5de4f50>,1,1,[8 2],4,4,5,0,4
1,<environment.Job instance at 0x1477b5de48c0>,4,2,[ 2 10],8,16,18,8,16
1,<environment.Job instance at 0x1477b5de4460>,0,1,[2 8],2,4,5,2,4
1,<environment.Job instance at 0x1477b5849a50>,4,24,[6 2],8,8,32,0,8
1,<environment.Job instance at 0x1477d77ddb90>,0,1,[2 8],1,2,3,1,2
1,<environment.Job instance at 0x1477d4080140>,0,1,[ 2 11],3,5,6,2,5
1,<environment.Job instance at 0x1477d8ac86e0>,4,13,[1 5],9,10,23,1,10
1,<environment.Job instance at 0x1477d8ac80a0>,2,1,[2 7],6,17,18,11,17
1,<environment.Job instance at 0x1477b562d9b0>,1,1,[13  2],5,54,55,49,54
1,<environment.Job instance at 0x1477d8ac8af0>,3,2,[7 1],7,64,66,57,64
1,<environment.Job instance at 0x1477d8b02550>,4,1,[ 1 10],6,25,26,19,25
1,<environment.Job instance at 0x1477b5ba3460>,3,1,[2 5],6,6,7,0,6
1,<environment.Job instance at 0x1477d8932550>,4,1,[2 9],7,7,8,0,7
1,<environment.Job instance at 0x1477b5aeb050>,5,3,[ 2 10],6,6,9,0,6
1,<environment.Job instance at 0x1477b56ccb40>,6,2,[13  2],7,7,9,0,7
1,<environment.Job instance at 0x1477d40e6410>,2,1,[6 1],5,5,6,0,5
1,<environment.Job instance at 0x1477d97eb370>,4,2,[13  1],9,37,39,28,37
1,<environment.Job instance at 0x1477d97eb2d0>,1,21,[6 2],2,2,23,0,2
1,<environment.Job instance at 0x1477d97eb3c0>,2,25,[7 2],3,3,28,0,3
1,<environment.Job instance at 0x1477ddc74f50>,3,1,[ 1 11],4,28,29,24,28
1,<environment.Job instance at 0x1477ddc74500>,5,2,[7 2],6,70,72,64,70
1,<environment.Job instance at 0x1477ddc74b90>,6,14,[2 5],7,128,142,121,128
1,<environment.Job instance at 0x1477b5a64410>,6,2,[2 5],9,1741,1743,1732,1741
1,<environment.Job instance at 0x1477b5d23870>,3,1,[2 9],4,4,5,0,4
1,<environment.Job instance at 0x1477b5d23640>,4,1,[10  1],5,5,6,0,5
1,<environment.Job instance at 0x1477b5e671e0>,7,2,[ 1 14],8,22,24,14,22
1,<environment.Job instance at 0x1477ddcf6a50>,1,1,[1 9],3,3,4,0,3
1,<environment.Job instance at 0x1477ddc5f7d0>,3,2,[12  1],6,8,10,2,8
1,<environment.Job instance at 0x1477b5d12cd0>,6,1,[ 2 10],9,9,10,0,9
1,<environment.Job instance at 0x1477ddc81320>,0,2,[7 1],1,2,4,1,2
1,<environment.Job instance at 0x1477de5803c0>,1,17,[9 1],2,4,21,2,2
1,<environment.Job instance at 0x1477b5809910>,0,1,[1 8],2,3,4,1,3
1,<environment.Job instance at 0x1477b5786550>,2,1,[1 8],4,4,5,0,4
1,<environment.Job instance at 0x1477b52e0eb0>,6,2,[2 5],8,36,38,28,36
1,<environment.Job instance at 0x1477b52e0690>,3,2,[ 1 12],5,38,40,33,36
1,<environment.Job instance at 0x1477d9566aa0>,7,18,[8 2],9,43,61,34,43
1,<environment.Job instance at 0x1477b5809870>,5,1,[1 5],7,60,61,53,60
1,<environment.Job instance at 0x1477b54ff730>,1,1,[2 6],5,5,6,0,5
1,<environment.Job instance at 0x1477b5881460>,2,1,[11  1],4,5,6,1,5
1,<environment.Job instance at 0x1477dc73d5f0>,0,1,[1 8],1,1,2,0,1
1,<environment.Job instance at 0x1477b5953050>,0,1,[2 6],2,3,4,1,3
1,<environment.Job instance at 0x1477d89b0870>,3,1,[1 5],7,7,8,0,7
1,<environment.Job instance at 0x1477d93bb320>,5,3,[8 1],8,19,22,11,19
1,<environment.Job instance at 0x1477d93bb690>,3,3,[ 1 13],6,26,29,20,26
1,<environment.Job instance at 0x1477d6ee0f00>,6,22,[7 1],9,30,52,21,30
1,<environment.Job instance at 0x1477d6ee0870>,4,2,[7 1],7,61,63,54,61
1,<environment.Job instance at 0x1477b56ac320>,0,1,[2 6],1,2,3,1,2
1,<environment.Job instance at 0x1477d6ee07d0>,4,2,[ 1 14],6,6,8,0,6
1,<environment.Job instance at 0x1477b5853dc0>,1,1,[5 1],3,3,4,0,3
1,<environment.Job instance at 0x1477b5853fa0>,4,2,[2 6],6,6,8,0,6
1,<environment.Job instance at 0x1477d9844c80>,4,14,[11  1],8,25,39,17,25
1,<environment.Job instance at 0x1477b5906280>,3,3,[6 2],7,139,142,132,139
1,<environment.Job instance at 0x1477b563a9b0>,0,3,[11  1],1,717,720,716,717
1,<environment.Job instance at 0x1477b563a730>,2,1,[12  2],6,720,721,714,718
1,<environment.Job instance at 0x1477d77c1e60>,2,1,[5 1],3,3,4,0,3
1,<environment.Job instance at 0x1477b549ce10>,5,2,[ 2 10],6,14,16,8,14
1,<environment.Job instance at 0x1477d77c1cd0>,3,2,[ 2 14],4,16,18,12,14
1,<environment.Job instance at 0x1477b549c550>,7,3,[ 1 11],9,18,21,9,18
1,<environment.Job instance at 0x1477b549ceb0>,6,3,[9 2],7,18,21,11,18
1,<environment.Job instance at 0x1477dfb43be0>,4,3,[12  2],5,24,27,19,24
1,<environment.Job instance at 0x1477e070cc80>,3,18,[8 2],4,41,59,37,41
1,<environment.Job instance at 0x1477b5511820>,5,2,[ 2 14],8,8,10,0,8
1,<environment.Job instance at 0x1477e070c690>,2,1,[13  1],3,8,9,5,8
1,<environment.Job instance at 0x1477b5511fa0>,4,1,[1 5],7,12,13,5,12
1,<environment.Job instance at 0x1477b5cbad70>,0,1,[7 1],1,1,2,0,1
1,<environment.Job instance at 0x1477b518b3c0>,1,2,[ 1 13],3,12,14,9,12
1,<environment.Job instance at 0x1477b544daf0>,4,3,[7 2],7,13,16,6,13
1,<environment.Job instance at 0x1477b544d370>,5,2,[1 6],9,15,17,6,15
1,<environment.Job instance at 0x1477b55d6af0>,1,18,[10  1],2,3,21,1,3
1,<environment.Job instance at 0x1477b55900f0>,2,22,[7 1],5,5,27,0,5
1,<environment.Job instance at 0x1477b53ffa50>,2,21,[6 1],5,5,26,0,5
1,<environment.Job instance at 0x1477d8422b90>,5,1,[1 9],8,8,9,0,8
1,<environment.Job instance at 0x1477b5c8a550>,6,1,[1 7],9,9,10,0,9
1,<environment.Job instance at 0x1477b5cb10f0>,0,3,[ 1 11],1,4,7,3,4
1,<environment.Job instance at 0x1477d9472910>,4,2,[6 2],5,5,7,0,5
1,<environment.Job instance at 0x1477b5cb1190>,2,3,[1 6],3,7,10,4,6
1,<environment.Job instance at 0x1477d9472550>,3,25,[5 2],4,6,31,2,6
1,<environment.Job instance at 0x1477b5835190>,0,24,[2 9],1,5,29,4,5
1,<environment.Job instance at 0x1477b58353c0>,4,23,[ 2 10],8,29,52,21,24
1,<environment.Job instance at 0x1477ddc96a00>,4,20,[7 1],5,5,25,0,5
1,<environment.Job instance at 0x1477ddc96b90>,5,2,[5 1],6,6,8,0,6
1,<environment.Job instance at 0x1477b562b410>,3,2,[ 1 10],4,23,25,19,23
1,<environment.Job instance at 0x1477b5efe230>,5,27,[1 7],7,7,34,0,7
1,<environment.Job instance at 0x1477b5efe7d0>,7,25,[7 1],9,9,34,0,9
1,<environment.Job instance at 0x1477d893d550>,3,2,[1 8],6,11,13,5,11
1,<environment.Job instance at 0x1477d893d7d0>,4,28,[1 7],9,18,46,9,18
1,<environment.Job instance at 0x1477b5d19280>,1,2,[12  1],4,42,44,38,42
1,<environment.Job instance at 0x1477ddbdbfa0>,2,26,[ 1 10],5,139,165,134,139
1,<environment.Job instance at 0x1477b5852b40>,1,1,[7 1],2,2,3,0,2
1,<environment.Job instance at 0x1477b58524b0>,3,3,[13  1],5,6,9,1,6
1,<environment.Job instance at 0x1477b5852870>,4,26,[11  2],6,9,35,3,7
1,<environment.Job instance at 0x1477b549ae10>,1,2,[10  2],2,2,4,0,2
1,<environment.Job instance at 0x1477b5852c80>,2,1,[5 2],3,3,4,0,3
1,<environment.Job instance at 0x1477b549ad70>,3,3,[6 2],5,5,8,0,5
1,<environment.Job instance at 0x1477b5c491e0>,4,24,[2 6],6,6,30,0,6
1,<environment.Job instance at 0x1477d6c9e370>,4,17,[5 1],8,2100,2117,2092,2100
1,<environment.Job instance at 0x1477b5498a50>,3,3,[11  2],5,7,10,2,7
1,<environment.Job instance at 0x1477d40865f0>,5,2,[2 7],9,9,11,0,9
1,<environment.Job instance at 0x1477b54985f0>,2,1,[ 2 10],4,19,20,15,19
1,<environment.Job instance at 0x1477d6c9e370>,4,23,[8 1],7,19,42,12,19
1,<environment.Job instance at 0x1477b5817640>,2,16,[10  1],3,3,19,0,3
1,<environment.Job instance at 0x1477b5817e10>,0,20,[ 2 11],1,138,158,137,138
1,<environment.Job instance at 0x1477b588d2d0>,2,1,[1 9],3,3,4,0,3
1,<environment.Job instance at 0x1477d40e5f50>,4,1,[6 2],5,5,6,0,5
1,<environment.Job instance at 0x1477ddc9d050>,5,2,[2 5],6,6,8,0,6
1,<environment.Job instance at 0x1477ddc9d0f0>,7,2,[2 9],9,9,11,0,9
1,<environment.Job instance at 0x1477ddc9db90>,0,1,[6 1],2,3,4,1,3
1,<environment.Job instance at 0x1477b5cdf4b0>,4,24,[6 2],7,21,45,14,21
1,<environment.Job instance at 0x1477b5cdfaa0>,6,2,[14  1],9,213,215,204,213
1,<environment.Job instance at 0x1477de601320>,4,3,[1 8],6,16,19,10,16
1,<environment.Job instance at 0x1477de601690>,1,3,[14  1],3,222,225,219,222
1,<environment.Job instance at 0x1477b5c30fa0>,3,20,[5 1],5,6,26,1,6
1,<environment.Job instance at 0x1477d89a9c80>,6,1,[12  2],9,25,26,16,25
1,<environment.Job instance at 0x1477ddcab410>,0,1,[11  1],2,3,4,1,3
1,<environment.Job instance at 0x1477d7152b40>,4,16,[5 2],7,7,23,0,7
1,<environment.Job instance at 0x1477b563a320>,2,25,[ 2 13],5,8,33,3,8
1,<environment.Job instance at 0x1477d89a92d0>,6,3,[14  2],9,125,128,116,125
1,<environment.Job instance at 0x1477d7134460>,1,1,[1 5],2,2,3,0,2
1,<environment.Job instance at 0x1477de61c910>,3,2,[ 2 13],5,34,36,29,34
1,<environment.Job instance at 0x1477d94c9230>,0,1,[1 9],2,2,3,0,2
1,<environment.Job instance at 0x1477d94c9c80>,2,3,[11  2],6,1195,1198,1189,1195
1,<environment.Job instance at 0x1477d8938dc0>,2,25,[13  2],3,3,28,0,3
1,<environment.Job instance at 0x1477b5eae1e0>,2,21,[5 2],3,3,24,0,3
1,<environment.Job instance at 0x1477d6ebd8c0>,6,24,[ 1 14],9,24,48,15,23
1,<environment.Job instance at 0x1477d6ebd640>,3,2,[11  1],7,20,22,13,20
1,<environment.Job instance at 0x1477b5dafb90>,0,2,[ 2 11],2,6,8,4,6
1,<environment.Job instance at 0x1477b5daf2d0>,2,14,[6 1],5,31,45,26,31
1,<environment.Job instance at 0x1477b5bdfe10>,5,2,[ 2 13],9,123,125,114,123
1,<environment.Job instance at 0x1477b5bdfa50>,3,1,[11  2],6,6,7,0,6
1,<environment.Job instance at 0x1477b5813dc0>,4,1,[5 2],7,7,8,0,7
1,<environment.Job instance at 0x1477b5850280>,4,28,[7 2],7,7,35,0,7
1,<environment.Job instance at 0x1477d716d2d0>,5,21,[8 2],8,8,29,0,8
1,<environment.Job instance at 0x1477b521e690>,4,21,[1 5],9,9,30,0,9
1,<environment.Job instance at 0x1477b5568c80>,3,2,[2 5],8,16,18,8,16
1,<environment.Job instance at 0x1477d8ac2640>,2,1,[9 1],4,4,5,0,4
1,<environment.Job instance at 0x1477de6619b0>,7,18,[5 1],9,21,39,12,21
1,<environment.Job instance at 0x1477de661b90>,4,3,[13  2],6,39,42,33,35
1,<environment.Job instance at 0x1477de6617d0>,6,13,[6 1],8,193,206,185,193
1,<environment.Job instance at 0x1477b5f4dc80>,4,24,[ 1 10],7,9,33,2,9
1,<environment.Job instance at 0x1477ddb90d70>,5,2,[5 1],9,20,22,11,20
1,<environment.Job instance at 0x1477ddb90aa0>,2,1,[12  1],4,81,82,77,81
1,<environment.Job instance at 0x1477ddb90320>,4,3,[6 1],7,108,111,101,108
1,<environment.Job instance at 0x1477de62abe0>,1,1,[2 8],4,6,7,2,6
1,<environment.Job instance at 0x1477b53a9050>,0,1,[ 1 13],1,36,37,35,36
1,<environment.Job instance at 0x1477d8b4b6e0>,6,12,[5 1],9,36,48,27,36
1,<environment.Job instance at 0x1477d8b4b640>,5,15,[7 1],8,45,60,37,45
1,<environment.Job instance at 0x1477b53a9e60>,3,2,[2 8],6,45,47,39,45
1,<environment.Job instance at 0x1477b53a9fa0>,2,2,[7 1],5,68,70,63,68
1,<environment.Job instance at 0x1477b53a9e10>,4,20,[ 2 13],7,76,96,69,76
1,<environment.Job instance at 0x1477b5b70fa0>,2,2,[ 2 10],3,4,6,1,4
1,<environment.Job instance at 0x1477b5b700f0>,3,25,[8 1],4,4,29,0,4
1,<environment.Job instance at 0x1477b5b70dc0>,0,1,[11  2],1,29,30,28,5
1,<environment.Job instance at 0x1477b5e26870>,7,17,[1 7],8,16,33,8,16
1,<environment.Job instance at 0x1477b5e26910>,4,25,[1 5],5,50,75,45,50
1,<environment.Job instance at 0x1477b5d48a00>,3,1,[ 2 10],8,8,9,0,8
1,<environment.Job instance at 0x1477d7153230>,3,3,[2 9],4,7,10,3,7
1,<environment.Job instance at 0x1477b5404b40>,5,1,[1 5],7,14,15,7,14
1,<environment.Job instance at 0x1477d71532d0>,4,23,[ 2 10],6,15,38,9,15
1,<environment.Job instance at 0x1477d7153460>,2,3,[13  2],3,18,21,15,18
1,<environment.Job instance at 0x1477d71534b0>,0,26,[2 8],1,103,129,102,103
1,<environment.Job instance at 0x1477b5bc6190>,1,1,[ 1 10],2,2,3,0,2
1,<environment.Job instance at 0x1477b5c622d0>,0,1,[5 1],1,1,2,0,1
1,<environment.Job instance at 0x1477d6c70f50>,2,1,[5 2],4,4,5,0,4
1,<environment.Job instance at 0x1477ddbdb8c0>,1,28,[13  1],4,4,32,0,4
1,<environment.Job instance at 0x1477b5b100a0>,0,26,[2 9],3,5,31,2,5
1,<environment.Job instance at 0x1477d9409b40>,3,3,[8 1],6,32,35,26,6
1,<environment.Job instance at 0x1477b5d12c30>,4,3,[8 1],7,35,38,28,9
1,<environment.Job instance at 0x1477de50f910>,5,19,[6 1],8,32,51,24,27
1,<environment.Job instance at 0x1477b5d12eb0>,6,24,[1 6],9,73,97,64,73
1,<environment.Job instance at 0x1477de6311e0>,0,28,[2 6],6,6,34,0,6
1,<environment.Job instance at 0x1477daad2230>,0,2,[ 2 13],1,3,5,2,3
1,<environment.Job instance at 0x1477daad22d0>,2,2,[5 1],5,7,9,2,7
1,<environment.Job instance at 0x1477d40b9af0>,0,1,[2 9],1,3,4,2,3
1,<environment.Job instance at 0x1477d40b9cd0>,4,2,[2 5],6,27,29,21,27
1,<environment.Job instance at 0x1477d40b9370>,1,1,[ 2 13],3,36,37,33,36
1,<environment.Job instance at 0x1477d40b9690>,7,1,[9 2],9,42,43,33,42
1,<environment.Job instance at 0x1477ddc55230>,5,28,[1 5],7,34,62,27,34
1,<environment.Job instance at 0x1477d4088c80>,7,2,[2 8],9,391,393,382,391
1,<environment.Job instance at 0x1477d4088c80>,2,22,[6 2],3,3,25,0,3
1,<environment.Job instance at 0x1477d718eeb0>,5,1,[8 2],6,206,207,200,206
1,<environment.Job instance at 0x1477d718ec80>,4,27,[ 2 14],5,428,455,423,428
1,<environment.Job instance at 0x1477b5a55460>,0,28,[2 5],1,2,30,1,2
1,<environment.Job instance at 0x1477e0769e10>,4,1,[2 9],5,6,7,1,6
1,<environment.Job instance at 0x1477b5a55dc0>,3,2,[1 5],4,57,59,53,57
1,<environment.Job instance at 0x1477b547bb40>,1,2,[14  1],2,123,125,121,123
1,<environment.Job instance at 0x1477e0769b40>,6,1,[8 2],8,260,261,252,260
1,<environment.Job instance at 0x1477e0769d70>,5,24,[13  2],7,2209,2233,2202,2209
1,<environment.Job instance at 0x1477d8a22e10>,0,1,[2 5],1,2,3,1,2
1,<environment.Job instance at 0x1477d6c73e10>,4,23,[1 6],9,9,32,0,9
1,<environment.Job instance at 0x1477d8b0b9b0>,3,28,[1 6],9,10,38,1,10
1,<environment.Job instance at 0x1477b5ee30a0>,0,2,[ 2 14],1,16,18,15,16
1,<environment.Job instance at 0x1477ddbfacd0>,4,3,[10  2],7,21,24,14,21
1,<environment.Job instance at 0x1477ddbfa690>,5,2,[ 2 10],8,22,24,14,22
1,<environment.Job instance at 0x1477d8b0b9b0>,3,2,[6 1],6,27,29,21,27
1,<environment.Job instance at 0x1477b5680af0>,3,1,[ 2 10],6,6,7,0,6
1,<environment.Job instance at 0x1477b51485f0>,2,21,[7 2],5,5,26,0,5
1,<environment.Job instance at 0x1477b5148b90>,3,27,[7 2],6,6,33,0,6
1,<environment.Job instance at 0x1477d8956c80>,6,2,[14  1],9,569,571,560,569
1,<environment.Job instance at 0x1477b5eec6e0>,3,1,[10  2],8,8,9,0,8
1,<environment.Job instance at 0x1477d8b20640>,6,2,[8 2],9,54,56,45,54
1,<environment.Job instance at 0x1477d9778320>,3,3,[6 2],7,12,15,5,12
1,<environment.Job instance at 0x1477b59ec500>,0,22,[ 2 13],3,1174,1196,1171,1174
1,<environment.Job instance at 0x1477d9778140>,4,1,[1 8],8,1226,1227,1218,1226
1,<environment.Job instance at 0x1477d951b640>,0,1,[ 2 14],1,1,2,0,1
1,<environment.Job instance at 0x1477d89c0a50>,2,1,[2 6],4,5,6,1,5
1,<environment.Job instance at 0x1477d40a81e0>,5,28,[1 5],8,8,36,0,8
1,<environment.Job instance at 0x1477d9409190>,3,1,[1 6],5,36,37,31,36
1,<environment.Job instance at 0x1477d88d01e0>,3,1,[ 1 14],6,16,17,10,16
1,<environment.Job instance at 0x1477b585dcd0>,5,3,[10  1],8,24,27,16,24
1,<environment.Job instance at 0x1477b585d0f0>,4,12,[10  1],7,29,41,22,29
1,<environment.Job instance at 0x1477d7149460>,5,24,[7 2],9,9,33,0,9
1,<environment.Job instance at 0x1477d97f9d70>,3,3,[ 2 12],5,54,57,49,54
1,<environment.Job instance at 0x1477b5c42fa0>,7,28,[ 1 10],9,149,177,140,149
1,<environment.Job instance at 0x1477b5cb7e60>,1,1,[7 2],2,3,4,1,3
1,<environment.Job instance at 0x1477b585deb0>,5,13,[6 2],8,8,21,0,8
1,<environment.Job instance at 0x1477d8b1a550>,3,19,[1 5],5,9,28,4,9
1,<environment.Job instance at 0x1477b5db3280>,3,24,[5 2],7,11,35,4,11
1,<environment.Job instance at 0x1477ddbbd690>,0,1,[ 2 10],1,2,3,1,2
1,<environment.Job instance at 0x1477ddbbd3c0>,1,18,[5 1],2,3,21,1,3
1,<environment.Job instance at 0x1477ddbbd050>,6,19,[8 1],7,148,167,141,148
1,<environment.Job instance at 0x1477ddbbd5a0>,7,2,[ 1 10],8,742,744,734,742
1,<environment.Job instance at 0x1477ddbbd9b0>,4,3,[13  2],5,800,803,795,800
1,<environment.Job instance at 0x1477ddbbd460>,2,26,[14  2],3,1031,1057,1028,1031
1,<environment.Job instance at 0x1477b59621e0>,5,18,[8 2],7,497,515,490,497
1,<environment.Job instance at 0x1477b5962370>,6,3,[2 5],9,2984,2987,2975,2984
1,<environment.Job instance at 0x1477b5fbbcd0>,5,23,[2 9],9,29,52,20,29
1,<environment.Job instance at 0x1477e077d1e0>,1,3,[ 1 10],2,2,5,0,2
1,<environment.Job instance at 0x1477e077da50>,0,24,[ 2 14],1,5,29,4,3
1,<environment.Job instance at 0x1477b55950a0>,6,3,[1 9],7,52,55,45,52
1,<environment.Job instance at 0x1477b5595140>,4,12,[12  2],5,77,89,72,77
1,<environment.Job instance at 0x1477b5595e60>,7,1,[1 9],9,83,84,74,83
1,<environment.Job instance at 0x1477b5595f50>,5,1,[5 2],6,91,92,85,91
1,<environment.Job instance at 0x1477de61c2d0>,3,3,[11  2],6,882,885,876,882
1,<environment.Job instance at 0x1477b5e470a0>,2,1,[7 1],6,6,7,0,6
1,<environment.Job instance at 0x1477b542ceb0>,0,1,[ 1 14],1,1,2,0,1
1,<environment.Job instance at 0x1477b5e47960>,4,1,[1 6],7,7,8,0,7
1,<environment.Job instance at 0x1477d88fe690>,5,1,[ 1 10],8,224,225,216,224
1,<environment.Job instance at 0x1477d88fe140>,6,1,[8 2],9,676,677,667,676
1,<environment.Job instance at 0x1477d946e8c0>,1,1,[ 2 10],2,7,8,5,7
1,<environment.Job instance at 0x1477b5d33780>,3,1,[9 1],4,9,10,5,9
1,<environment.Job instance at 0x1477b5db3b90>,0,2,[2 9],2,2,4,0,2
1,<environment.Job instance at 0x1477b5db9a00>,1,1,[2 9],2,2,3,0,2
1,<environment.Job instance at 0x1477b5990fa0>,5,3,[5 1],7,368,371,361,368
1,<environment.Job instance at 0x1477b5a6a820>,3,24,[8 2],5,5,29,0,5
1,<environment.Job instance at 0x1477b5a55640>,2,1,[1 9],4,5,6,1,5
1,<environment.Job instance at 0x1477b5f29c80>,1,24,[9 1],2,3,27,1,3
1,<environment.Job instance at 0x1477b5f6e370>,6,12,[8 2],8,35,47,27,35
1,<environment.Job instance at 0x1477b5f6ed20>,7,3,[ 1 10],9,45,48,36,45
1,<environment.Job instance at 0x1477b5f29b90>,4,3,[12  2],6,176,179,170,176
1,<environment.Job instance at 0x1477b5f6e460>,5,1,[6 1],7,181,182,174,181
1,<environment.Job instance at 0x1477d71385a0>,5,21,[9 2],6,13,34,7,13
1,<environment.Job instance at 0x1477d7138230>,0,3,[12  1],1,34,37,33,14
1,<environment.Job instance at 0x1477d7138960>,3,3,[8 2],4,51,54,47,51
1,<environment.Job instance at 0x1477d7138820>,4,15,[ 1 10],5,76,91,71,76
1,<environment.Job instance at 0x1477b5e372d0>,0,2,[2 5],2,2,4,0,2
1,<environment.Job instance at 0x1477b5e37af0>,3,22,[ 1 10],5,7,29,2,7
1,<environment.Job instance at 0x1477b5e37730>,1,23,[1 6],3,3,26,0,3
1,<environment.Job instance at 0x1477d89174b0>,5,1,[1 5],8,29,30,21,29
1,<environment.Job instance at 0x1477d8917230>,2,16,[10  2],4,29,45,25,29
1,<environment.Job instance at 0x1477d8917f00>,3,25,[ 1 11],5,30,55,25,29
1,<environment.Job instance at 0x1477d89173c0>,4,2,[1 5],7,899,901,892,899
1,<environment.Job instance at 0x1477d8917050>,0,27,[11  2],2,1165,1192,1163,1165
1,<environment.Job instance at 0x1477b5255c80>,0,1,[2 7],1,1,2,0,1
1,<environment.Job instance at 0x1477d8917af0>,1,1,[ 2 10],2,2,3,0,2
1,<environment.Job instance at 0x1477d8917050>,7,2,[1 5],8,751,753,743,751
1,<environment.Job instance at 0x1477d7138960>,4,1,[6 2],7,14,15,7,14
1,<environment.Job instance at 0x1477d71380f0>,5,3,[2 6],8,22,25,14,22
1,<environment.Job instance at 0x1477daab10f0>,1,3,[13  1],2,918,921,916,918
1,<environment.Job instance at 0x1477b5cba460>,0,18,[1 6],1,2,20,1,2
1,<environment.Job instance at 0x1477b5cba1e0>,3,2,[1 7],5,5,7,0,5
1,<environment.Job instance at 0x1477b5cba0f0>,4,1,[13  1],7,7,8,0,7
1,<environment.Job instance at 0x1477d946d8c0>,5,3,[1 6],8,8,11,0,8
1,<environment.Job instance at 0x1477b5874b40>,5,24,[5 2],7,7,31,0,7
1,<environment.Job instance at 0x1477d946d690>,0,27,[2 6],2,3,30,1,3
1,<environment.Job instance at 0x1477b5a6b320>,0,28,[8 2],1,1,29,0,1
1,<environment.Job instance at 0x1477d8a2fd70>,2,1,[2 6],3,4,5,1,4
1,<environment.Job instance at 0x1477d8a2ffa0>,3,23,[10  2],6,6,29,0,6
1,<environment.Job instance at 0x1477b5d23140>,1,1,[1 8],6,6,7,0,6
1,<environment.Job instance at 0x1477dc733780>,0,1,[1 9],1,1,2,0,1
1,<environment.Job instance at 0x1477d718d8c0>,4,2,[1 6],7,7,9,0,7
1,<environment.Job instance at 0x1477d718ddc0>,5,18,[2 5],8,8,26,0,8
1,<environment.Job instance at 0x1477d7138f50>,4,1,[13  2],9,23,24,14,23
1,<environment.Job instance at 0x1477d77bc640>,3,3,[14  2],8,86,89,78,86
1,<environment.Job instance at 0x1477b54ff370>,2,1,[ 2 10],7,8,9,1,8
1,<environment.Job instance at 0x1477b5c6f780>,0,24,[ 1 13],1,8,32,7,8
1,<environment.Job instance at 0x1477b5c57730>,4,12,[14  1],7,39,51,32,39
1,<environment.Job instance at 0x1477d4086690>,0,2,[ 1 14],1,2,4,1,2
1,<environment.Job instance at 0x1477d4086910>,2,1,[ 1 12],3,4,5,1,3
1,<environment.Job instance at 0x1477d4086dc0>,3,20,[6 2],4,18,38,14,18
1,<environment.Job instance at 0x1477d77bbaf0>,2,1,[1 6],3,3,4,0,3
1,<environment.Job instance at 0x1477d7104190>,0,2,[ 1 13],2,3,5,1,3
1,<environment.Job instance at 0x1477b5874820>,1,1,[14  1],3,3,4,0,3
1,<environment.Job instance at 0x1477ddbd5730>,4,25,[7 2],7,10,35,3,10
1,<environment.Job instance at 0x1477ddbd5050>,5,17,[9 2],8,35,52,27,26
1,<environment.Job instance at 0x1477ddbd57d0>,6,2,[6 1],9,136,138,127,136
1,<environment.Job instance at 0x1477b5f2ff50>,0,1,[ 2 12],1,1,2,0,1
1,<environment.Job instance at 0x1477b5961f50>,2,2,[13  2],3,48,50,45,48
1,<environment.Job instance at 0x1477b5f2fe10>,2,23,[8 2],3,3,26,0,3
1,<environment.Job instance at 0x1477de65f460>,2,23,[8 2],3,3,26,0,3
1,<environment.Job instance at 0x1477d89321e0>,6,18,[7 1],7,7,25,0,7
1,<environment.Job instance at 0x1477d8932460>,5,20,[5 1],6,25,45,19,20
1,<environment.Job instance at 0x1477b5754410>,4,26,[13  2],8,8,34,0,8
1,<environment.Job instance at 0x1477b5754690>,0,19,[ 1 13],1,1509,1528,1508,1509
1,<environment.Job instance at 0x1477b57542d0>,1,1,[1 6],2,2,3,0,2
1,<environment.Job instance at 0x1477b5b6f550>,0,26,[1 5],2,3,29,1,3
1,<environment.Job instance at 0x1477d89158c0>,4,24,[7 1],9,9,33,0,9
1,<environment.Job instance at 0x1477b5d68e60>,1,13,[8 2],2,13,26,11,13
1,<environment.Job instance at 0x1477b53904b0>,6,18,[9 2],8,26,44,18,26
1,<environment.Job instance at 0x1477d955a230>,7,1,[7 2],9,48,49,39,48
1,<environment.Job instance at 0x1477b58eb370>,4,2,[1 5],7,18,20,11,18
1,<environment.Job instance at 0x1477d8869280>,5,13,[ 2 10],8,18,31,10,18
1,<environment.Job instance at 0x1477d955a230>,3,1,[12  2],6,32,33,26,32
1,<environment.Job instance at 0x1477d8869320>,6,2,[9 1],9,40,42,31,40
1,<environment.Job instance at 0x1477d8af17d0>,1,1,[1 7],4,5,6,1,5
1,<environment.Job instance at 0x1477ddbc1dc0>,3,28,[9 1],8,9,37,1,9
1,<environment.Job instance at 0x1477d8ae6c80>,0,1,[10  2],5,9,10,4,9
1,<environment.Job instance at 0x1477d89aabe0>,2,1,[14  2],8,17,18,9,17
1,<environment.Job instance at 0x1477b58ceb90>,1,3,[6 2],3,4,7,1,4
1,<environment.Job instance at 0x1477d95588c0>,0,27,[7 1],1,1,28,0,1
1,<environment.Job instance at 0x1477d7177190>,3,1,[9 1],4,4,5,0,4
1,<environment.Job instance at 0x1477b57d3730>,0,1,[8 2],1,2,3,1,2
1,<environment.Job instance at 0x1477b573d4b0>,4,1,[6 1],5,5,6,0,5
1,<environment.Job instance at 0x1477b5ed7870>,5,1,[5 2],6,13,14,7,13
1,<environment.Job instance at 0x1477b57d3190>,2,2,[ 2 13],3,19,21,16,19
1,<environment.Job instance at 0x1477b573deb0>,3,3,[10  2],4,73,76,69,73
1,<environment.Job instance at 0x1477b5258640>,2,2,[5 1],5,5,7,0,5
1,<environment.Job instance at 0x1477d94994b0>,4,2,[1 7],9,24,26,15,24
1,<environment.Job instance at 0x1477b569ab90>,1,1,[1 7],3,5,6,2,5
1,<environment.Job instance at 0x1477b5a2a410>,4,2,[ 1 10],6,6,8,0,6
1,<environment.Job instance at 0x1477b524ba50>,4,22,[7 2],6,6,28,0,6
1,<environment.Job instance at 0x1477b5c944b0>,2,2,[1 9],5,5,7,0,5
1,<environment.Job instance at 0x1477b5c940f0>,6,12,[14  1],9,13,25,4,13
1,<environment.Job instance at 0x1477b5c947d0>,4,1,[ 1 12],7,35,36,28,35
1,<environment.Job instance at 0x1477b5c94780>,3,2,[14  1],6,111,113,105,111
1,<environment.Job instance at 0x1477ddc19050>,3,22,[1 7],6,6,28,0,6
1,<environment.Job instance at 0x1477d7125d70>,3,17,[11  1],9,896,913,887,896
1,<environment.Job instance at 0x1477b591ae60>,5,2,[13  1],8,198,200,190,198
1,<environment.Job instance at 0x1477b59fe4b0>,6,2,[12  1],9,210,212,201,210
1,<environment.Job instance at 0x1477b5d10460>,0,25,[7 1],2,2,27,0,2
1,<environment.Job instance at 0x1477b5b21190>,1,22,[8 1],4,4,26,0,4
1,<environment.Job instance at 0x1477b59f2050>,1,23,[14  1],4,4,27,0,4
1,<environment.Job instance at 0x1477b589ad70>,2,2,[1 7],3,4,6,1,4
1,<environment.Job instance at 0x1477b589a500>,0,1,[1 7],1,4,5,3,4
1,<environment.Job instance at 0x1477d8a05f00>,4,3,[7 2],5,79,82,74,79
1,<environment.Job instance at 0x1477d8a05d70>,3,2,[8 1],4,168,170,164,168
1,<environment.Job instance at 0x1477d9484cd0>,0,1,[5 2],2,4,5,2,4
1,<environment.Job instance at 0x1477b5ec20a0>,2,2,[2 7],5,6,8,1,6
1,<environment.Job instance at 0x1477b5eecaf0>,6,17,[8 1],9,14,31,5,14
1,<environment.Job instance at 0x1477b5ec23c0>,4,1,[6 2],7,18,19,11,18
1,<environment.Job instance at 0x1477b5eec5f0>,5,15,[11  2],8,62,77,54,62
1,<environment.Job instance at 0x1477b5595c80>,3,2,[6 1],6,769,771,763,769
1,<environment.Job instance at 0x1477b5ada320>,6,2,[5 1],9,26,28,17,26
1,<environment.Job instance at 0x1477b5adafa0>,3,3,[12  1],4,29,32,25,29
1,<environment.Job instance at 0x1477b5adab90>,5,3,[1 7],8,57,60,49,57
1,<environment.Job instance at 0x1477ddba46e0>,5,3,[1 8],7,971,974,964,971
1,<environment.Job instance at 0x1477b5bef190>,3,2,[11  2],6,6,8,0,6
1,<environment.Job instance at 0x1477b5fb4500>,0,1,[8 2],1,1,2,0,1
1,<environment.Job instance at 0x1477d8af75f0>,3,3,[2 5],5,177,180,172,177
1,<environment.Job instance at 0x1477d8af7320>,2,13,[12  2],4,238,251,234,238
1,<environment.Job instance at 0x1477d8af7500>,4,1,[9 1],6,259,260,253,259
1,<environment.Job instance at 0x1477d8af7280>,6,14,[7 2],9,302,316,293,302
1,<environment.Job instance at 0x1477d8af7870>,5,25,[ 2 14],8,317,342,309,317
1,<environment.Job instance at 0x1477de52e1e0>,2,3,[ 2 13],3,4,7,1,4
1,<environment.Job instance at 0x1477d8a6e2d0>,0,25,[2 8],1,7,32,6,4
1,<environment.Job instance at 0x1477de52e500>,4,26,[6 2],5,9,35,4,9
1,<environment.Job instance at 0x1477de52e5f0>,6,18,[10  1],9,35,53,26,33
1,<environment.Job instance at 0x1477d8a6e5f0>,3,21,[2 6],4,100,121,96,100
1,<environment.Job instance at 0x1477de52eb90>,0,1,[ 1 10],1,1,2,0,1
1,<environment.Job instance at 0x1477d8a4b0a0>,0,1,[1 7],2,3,4,1,3
1,<environment.Job instance at 0x1477b5fe4eb0>,4,23,[8 2],9,9,32,0,9
1,<environment.Job instance at 0x1477d94436e0>,2,1,[1 6],3,3,4,0,3
1,<environment.Job instance at 0x1477b55372d0>,0,1,[1 9],1,1,2,0,1
1,<environment.Job instance at 0x1477b5c03820>,6,27,[8 2],8,9,36,1,9
1,<environment.Job instance at 0x1477b5c2a0f0>,0,1,[2 9],3,3,4,0,3
1,<environment.Job instance at 0x1477dfbeab40>,2,2,[2 6],4,4,6,0,4
1,<environment.Job instance at 0x1477b5433a50>,3,23,[9 1],5,8,31,3,8
1,<environment.Job instance at 0x1477d955b1e0>,6,3,[14  1],9,510,513,501,510
1,<environment.Job instance at 0x1477b55fcb40>,4,3,[8 1],5,1538,1541,1533,1538
1,<environment.Job instance at 0x1477b531ef00>,0,1,[13  2],3,6,7,3,6
1,<environment.Job instance at 0x1477b531e690>,3,17,[10  1],6,7,24,1,7
1,<environment.Job instance at 0x1477b5db9cd0>,4,25,[ 1 10],7,16,41,9,16
1,<environment.Job instance at 0x1477b531ef50>,2,12,[5 2],5,53,65,48,53
1,<environment.Job instance at 0x1477b5bbbf00>,0,25,[7 1],1,1,26,0,1
1,<environment.Job instance at 0x1477b59900f0>,4,1,[2 5],9,9,10,0,9
1,<environment.Job instance at 0x1477b5a50c80>,0,1,[2 6],1,2,3,1,2
1,<environment.Job instance at 0x1477de571e10>,1,1,[1 7],3,3,4,0,3
1,<environment.Job instance at 0x1477ddc88410>,5,22,[5 2],7,7,29,0,7
1,<environment.Job instance at 0x1477b5851dc0>,8,26,[9 1],9,9,35,0,9
1,<environment.Job instance at 0x1477b5851f00>,7,2,[ 2 12],8,31,33,23,31
1,<environment.Job instance at 0x1477b586faf0>,0,1,[1 9],1,1,2,0,1
1,<environment.Job instance at 0x1477b5c5fb40>,3,1,[13  1],7,9,10,2,9
1,<environment.Job instance at 0x1477b5c5f4b0>,5,1,[13  2],6,10,11,4,10
1,<environment.Job instance at 0x1477b54f6230>,1,2,[13  2],2,26,28,24,26
1,<environment.Job instance at 0x1477b54f6960>,2,13,[9 2],3,36,49,33,36
1,<environment.Job instance at 0x1477b59202d0>,3,12,[14  1],5,9,21,4,9
1,<environment.Job instance at 0x1477b5d9adc0>,6,28,[2 7],8,21,49,13,20
1,<environment.Job instance at 0x1477b59200a0>,5,1,[9 2],7,23,24,16,23
1,<environment.Job instance at 0x1477b5d9a780>,7,3,[1 7],9,24,27,15,24
1,<environment.Job instance at 0x1477b5920f50>,4,3,[ 1 14],6,1061,1064,1055,1061
1,<environment.Job instance at 0x1477b5920870>,1,2,[13  1],3,1064,1066,1061,1064
1,<environment.Job instance at 0x1477d94c96e0>,5,2,[ 1 13],7,7,9,0,7
1,<environment.Job instance at 0x1477d94c9dc0>,6,3,[14  2],8,1146,1149,1138,1146
1,<environment.Job instance at 0x1477b5e26b90>,3,3,[ 2 12],5,1151,1154,1146,1151
1,<environment.Job instance at 0x1477b59204b0>,7,3,[12  1],9,1159,1162,1150,1159
1,<environment.Job instance at 0x1477e077a870>,5,3,[10  2],8,218,221,210,218
1,<environment.Job instance at 0x1477d7161730>,4,12,[2 5],8,49,61,41,49
1,<environment.Job instance at 0x1477e077a410>,1,2,[ 1 12],4,61,63,57,52
1,<environment.Job instance at 0x1477d7161d70>,3,1,[2 5],7,60,61,53,60
1,<environment.Job instance at 0x1477dffa9c30>,4,18,[5 1],6,9,27,3,9
1,<environment.Job instance at 0x1477d89893c0>,7,23,[7 1],9,21,44,12,21
1,<environment.Job instance at 0x1477d8989460>,5,1,[ 1 13],6,45,46,39,45
1,<environment.Job instance at 0x1477d89895a0>,6,12,[12  2],7,62,74,55,62
1,<environment.Job instance at 0x1477d89895a0>,4,16,[9 2],7,15,31,8,15
1,<environment.Job instance at 0x1477b5b70b90>,5,16,[2 6],9,19,35,10,19
1,<environment.Job instance at 0x1477de537e60>,2,1,[ 1 14],4,5,6,1,5
1,<environment.Job instance at 0x1477d89ef460>,3,1,[1 9],6,6,7,0,6
1,<environment.Job instance at 0x1477de537af0>,5,3,[ 2 13],8,69,72,61,69
1,<environment.Job instance at 0x1477de598640>,0,2,[ 1 10],1,3,5,2,3
1,<environment.Job instance at 0x1477b5cc8870>,7,1,[2 9],9,9,10,0,9
1,<environment.Job instance at 0x1477d8b42730>,2,20,[8 1],6,6,26,0,6
1,<environment.Job instance at 0x1477d8b42c30>,0,2,[ 1 13],2,12,14,10,12
1,<environment.Job instance at 0x1477b54815a0>,5,3,[9 2],9,26,29,17,24
1,<environment.Job instance at 0x1477b5481780>,4,3,[14  2],8,167,170,159,167
1,<environment.Job instance at 0x1477ddc037d0>,3,16,[5 1],7,7,23,0,7
1,<environment.Job instance at 0x1477b54810a0>,1,23,[2 9],5,18,41,13,18
1,<environment.Job instance at 0x1477b5ada230>,5,2,[14  2],9,48,50,39,48
1,<environment.Job instance at 0x1477d8975be0>,2,26,[7 2],3,3,29,0,3
1,<environment.Job instance at 0x1477b5db3960>,1,1,[1 9],2,2,3,0,2
1,<environment.Job instance at 0x1477b58d4460>,0,1,[1 9],1,2,3,1,2
1,<environment.Job instance at 0x1477b598d2d0>,1,14,[7 1],2,4,18,2,4
1,<environment.Job instance at 0x1477b598d320>,5,3,[1 7],7,609,612,602,609
1,<environment.Job instance at 0x1477b557ab90>,6,15,[ 2 11],8,651,666,643,651
1,<environment.Job instance at 0x1477d7138910>,0,1,[2 6],1,1,2,0,1
1,<environment.Job instance at 0x1477d6c73960>,2,1,[8 1],5,5,6,0,5
1,<environment.Job instance at 0x1477d6c730f0>,3,1,[12  1],7,9,10,2,9
1,<environment.Job instance at 0x1477dfb50dc0>,4,1,[1 5],7,7,8,0,7
1,<environment.Job instance at 0x1477dfb50870>,3,1,[ 1 12],7,8,9,1,8
1,<environment.Job instance at 0x1477e0772460>,3,23,[8 2],6,21,44,15,21
1,<environment.Job instance at 0x1477b572f6e0>,5,2,[5 2],8,72,74,64,72
1,<environment.Job instance at 0x1477b5d40730>,0,1,[1 8],1,2,3,1,2
1,<environment.Job instance at 0x1477b5d40af0>,1,26,[5 2],2,3,29,1,3
1,<environment.Job instance at 0x1477b5849aa0>,0,20,[1 6],1,2,22,1,2
1,<environment.Job instance at 0x1477b52332d0>,3,1,[10  1],4,4,5,0,4
1,<environment.Job instance at 0x1477b5c11500>,1,2,[1 5],4,6,8,2,6
1,<environment.Job instance at 0x1477d8b28d70>,4,25,[7 1],7,7,32,0,7
1,<environment.Job instance at 0x1477d8b28eb0>,5,21,[2 6],8,8,29,0,8
1,<environment.Job instance at 0x1477b5d6b3c0>,3,25,[2 6],4,6,31,2,6
1,<environment.Job instance at 0x1477b5bdb460>,4,25,[7 2],7,7,32,0,7
1,<environment.Job instance at 0x1477d8b4e0f0>,2,23,[8 2],3,31,54,28,25
1,<environment.Job instance at 0x1477b5bdb0a0>,5,17,[11  2],8,54,71,46,53
1,<environment.Job instance at 0x1477b5562320>,2,1,[ 2 10],3,31,32,28,31
1,<environment.Job instance at 0x1477b5562230>,3,3,[5 1],4,41,44,37,41
1,<environment.Job instance at 0x1477b5562370>,4,2,[5 2],6,196,198,190,196
1,<environment.Job instance at 0x1477b5562af0>,1,18,[7 2],2,2,20,0,2
1,<environment.Job instance at 0x1477df514280>,0,23,[1 7],1,8,31,7,8
1,<environment.Job instance at 0x1477de54c8c0>,6,2,[5 1],9,9,11,0,9
1,<environment.Job instance at 0x1477de54cb90>,5,17,[10  1],8,33,50,25,33
1,<environment.Job instance at 0x1477d94371e0>,0,1,[10  1],1,1,2,0,1
1,<environment.Job instance at 0x1477b5c1e550>,3,1,[1 7],4,9,10,5,9
1,<environment.Job instance at 0x1477b5c1e7d0>,4,1,[7 1],6,30,31,24,30
1,<environment.Job instance at 0x1477e0884190>,2,1,[14  1],3,39,40,36,39
1,<environment.Job instance at 0x1477b5c1ea50>,5,2,[8 1],7,44,46,37,44
1,<environment.Job instance at 0x1477b5c1e0f0>,6,2,[1 8],9,54,56,45,54
1,<environment.Job instance at 0x1477b5c1e0f0>,2,1,[2 9],3,3,4,0,3
1,<environment.Job instance at 0x1477de627cd0>,7,1,[2 7],9,9,10,0,9
1,<environment.Job instance at 0x1477b5ce0550>,4,16,[10  1],5,11,27,6,11
1,<environment.Job instance at 0x1477de627eb0>,6,13,[9 1],8,27,40,19,12
1,<environment.Job instance at 0x1477de627140>,5,1,[8 2],7,66,67,59,66
1,<environment.Job instance at 0x1477d711daf0>,1,1,[2 8],6,8,9,2,8
